fold2_room1_mix0001,2,4,0,178,1,1.04
fold2_room1_mix0001,3,4,0,176,-1,5.40
fold2_room1_mix0001,4,4,0,176,-2,6.48
fold2_room1_mix0001,5,4,0,174,-2,7.08
fold2_room1_mix0001,6,4,0,176,-2,8.23
fold2_room1_mix0001,7,4,0,175,-3,10.70
fold2_room1_mix0001,8,4,0,175,-3,9.84
fold2_room1_mix0001,9,4,0,174,-4,8.83
fold2_room1_mix0001,10,4,0,174,-4,9.04
fold2_room1_mix0001,11,4,0,173,-3,7.80
fold2_room1_mix0001,12,4,0,173,-3,7.97
fold2_room1_mix0001,13,4,0,174,-4,8.56
fold2_room1_mix0001,14,4,0,174,-4,9.35
fold2_room1_mix0001,15,4,0,172,-4,7.47
fold2_room1_mix0001,16,4,0,172,-4,8.08
fold2_room1_mix0001,17,4,0,172,-4,6.27
fold2_room1_mix0001,18,4,0,172,-4,6.58
fold2_room1_mix0001,19,4,0,174,-5,6.12
fold2_room1_mix0001,19,4,0,-5,-1,25.25
fold2_room1_mix0001,20,4,0,173,-6,6.16
fold2_room1_mix0001,20,4,0,-6,-1,26.36
fold2_room1_mix0001,21,4,0,171,-6,5.92
fold2_room1_mix0001,21,4,0,-5,-1,24.83
fold2_room1_mix0001,22,4,0,171,-6,5.78
fold2_room1_mix0001,22,4,0,-4,-1,25.97
fold2_room1_mix0001,23,4,0,172,-8,5.42
fold2_room1_mix0001,23,4,0,-5,-2,23.49
fold2_room1_mix0001,24,4,0,171,-7,5.54
fold2_room1_mix0001,24,4,0,-6,-2,23.28
fold2_room1_mix0001,25,4,0,171,-8,5.37
fold2_room1_mix0001,25,4,0,-8,-2,22.78
fold2_room1_mix0001,26,4,0,171,-8,5.25
fold2_room1_mix0001,26,4,0,-8,-2,21.84
fold2_room1_mix0001,27,4,0,172,-8,6.44
fold2_room1_mix0001,27,4,0,-6,-2,22.21
fold2_room1_mix0001,28,4,0,170,-8,5.81
fold2_room1_mix0001,28,4,0,-6,-2,23.61
fold2_room1_mix0001,29,4,0,165,-8,5.01
fold2_room1_mix0001,29,4,0,-5,-2,22.87
fold2_room1_mix0001,30,0,0,-19,-1,2.63
fold2_room1_mix0001,30,4,0,166,-10,3.84
fold2_room1_mix0001,30,4,0,-1,-4,18.94
fold2_room1_mix0001,31,0,0,-23,-2,1.91
fold2_room1_mix0001,31,4,0,162,-10,3.80
fold2_room1_mix0001,31,4,0,-4,-4,19.94
fold2_room1_mix0001,32,0,0,-26,-2,9.15
fold2_room1_mix0001,32,4,0,164,-9,4.59
fold2_room1_mix0001,32,4,0,-1,-2,19.26
fold2_room1_mix0001,33,0,0,-23,-2,9.61
fold2_room1_mix0001,33,4,0,160,-11,3.18
fold2_room1_mix0001,33,4,0,-7,-5,15.19
fold2_room1_mix0001,34,0,0,-26,-2,8.79
fold2_room1_mix0001,34,4,0,161,-10,3.56
fold2_room1_mix0001,34,4,0,-2,-3,17.36
fold2_room1_mix0001,35,0,0,-28,-2,12.58
fold2_room1_mix0001,35,4,0,161,-11,3.63
fold2_room1_mix0001,35,4,0,-2,-3,17.27
fold2_room1_mix0001,36,0,0,-28,-2,13.07
fold2_room1_mix0001,36,4,0,159,-14,2.85
fold2_room1_mix0001,36,4,0,-6,-4,14.52
fold2_room1_mix0001,37,0,0,-25,-2,11.18
fold2_room1_mix0001,37,4,0,153,-14,3.98
fold2_room1_mix0001,37,4,0,-6,-1,16.53
fold2_room1_mix0001,38,0,0,-28,-2,11.07
fold2_room1_mix0001,38,4,0,152,-13,3.83
fold2_room1_mix0001,38,4,0,-5,0,16.91
fold2_room1_mix0001,39,0,0,-30,-2,9.34
fold2_room1_mix0001,39,4,0,157,-14,2.49
fold2_room1_mix0001,39,4,0,137,-17,3.75
fold2_room1_mix0001,39,4,0,-15,-1,12.23
fold2_room1_mix0001,40,0,0,-29,-2,9.73
fold2_room1_mix0001,40,4,0,146,-15,1.53
fold2_room1_mix0001,40,4,0,-8,-3,9.03
fold2_room1_mix0001,41,0,0,-26,-2,10.27
fold2_room1_mix0001,41,4,0,150,-14,2.15
fold2_room1_mix0001,41,4,0,132,-14,2.74
fold2_room1_mix0001,41,4,0,-16,0,11.37
fold2_room1_mix0001,42,0,0,-36,-3,8.86
fold2_room1_mix0001,42,4,0,139,-16,1.74
fold2_room1_mix0001,42,4,0,117,-15,2.22
fold2_room1_mix0001,42,4,0,-19,0,9.19
fold2_room1_mix0001,43,0,0,-31,-3,8.53
fold2_room1_mix0001,43,4,0,133,-17,1.71
fold2_room1_mix0001,43,4,0,99,-18,2.45
fold2_room1_mix0001,43,4,0,-12,0,10.29
fold2_room1_mix0001,44,0,0,-33,-3,7.54
fold2_room1_mix0001,44,4,0,124,-19,1.99
fold2_room1_mix0001,44,4,0,83,-17,2.11
fold2_room1_mix0001,44,4,0,-9,1,11.70
fold2_room1_mix0001,45,0,0,-35,-3,7.29
fold2_room1_mix0001,45,4,0,104,-19,1.68
fold2_room1_mix0001,45,4,0,57,-14,2.96
fold2_room1_mix0001,45,4,0,-12,1,10.53
fold2_room1_mix0001,46,0,0,-34,-3,7.41
fold2_room1_mix0001,46,4,0,130,-18,2.17
fold2_room1_mix0001,46,4,0,1,-5,7.09
fold2_room1_mix0001,47,0,0,-38,-3,6.90
fold2_room1_mix0001,47,4,0,148,-14,3.58
fold2_room1_mix0001,47,4,0,5,-5,6.79
fold2_room1_mix0001,48,0,0,-50,-4,7.51
fold2_room1_mix0001,48,4,0,158,-11,4.42
fold2_room1_mix0001,48,4,0,7,-7,6.06
fold2_room1_mix0001,49,0,0,-55,-4,7.55
fold2_room1_mix0001,49,4,0,161,-10,4.53
fold2_room1_mix0001,49,4,0,12,-6,5.05
fold2_room1_mix0001,50,0,0,-57,-5,6.69
fold2_room1_mix0001,50,4,0,7,-6,5.89
fold2_room1_mix0001,51,0,0,-69,-5,7.01
fold2_room1_mix0001,51,4,0,9,-5,6.08
fold2_room1_mix0001,52,0,0,-74,-5,7.75
fold2_room1_mix0001,52,4,0,46,-12,2.75
fold2_room1_mix0001,52,4,0,2,-4,7.29
fold2_room1_mix0001,53,0,0,-74,-5,7.23
fold2_room1_mix0001,53,4,0,36,-9,3.43
fold2_room1_mix0001,53,4,0,7,-4,7.54
fold2_room1_mix0001,54,0,0,-87,-6,7.38
fold2_room1_mix0001,54,4,0,37,-12,2.93
fold2_room1_mix0001,54,4,0,5,-4,7.11
fold2_room1_mix0001,55,0,0,-99,-6,7.48
fold2_room1_mix0001,55,4,0,43,-13,3.77
fold2_room1_mix0001,55,4,0,8,-4,7.53
fold2_room1_mix0001,56,0,0,-110,-5,7.57
fold2_room1_mix0001,56,4,0,10,-5,5.93
fold2_room1_mix0001,57,0,0,-115,-5,8.27
fold2_room1_mix0001,57,4,0,11,-4,6.69
fold2_room1_mix0001,58,0,0,-120,-5,9.10
fold2_room1_mix0001,58,4,0,9,-5,6.34
fold2_room1_mix0001,59,0,0,-124,-4,9.30
fold2_room1_mix0001,59,4,0,11,-5,5.88
fold2_room1_mix0001,60,0,0,-131,-4,10.55
fold2_room1_mix0001,60,4,0,163,-8,6.31
fold2_room1_mix0001,60,4,0,10,-5,6.09
fold2_room1_mix0001,61,0,0,-134,-4,10.73
fold2_room1_mix0001,61,4,0,167,-5,7.81
fold2_room1_mix0001,61,4,0,10,-4,6.36
fold2_room1_mix0001,62,0,0,-140,-3,11.43
fold2_room1_mix0001,62,4,0,166,-4,8.67
fold2_room1_mix0001,62,4,0,11,-5,6.40
fold2_room1_mix0001,63,0,0,-142,-3,11.86
fold2_room1_mix0001,63,4,0,167,-4,10.06
fold2_room1_mix0001,63,4,0,11,-4,7.19
fold2_room1_mix0001,64,0,0,-146,-3,12.67
fold2_room1_mix0001,64,4,0,170,-5,9.35
fold2_room1_mix0001,64,4,0,9,-4,7.03
fold2_room1_mix0001,65,0,0,-150,-3,14.08
fold2_room1_mix0001,65,4,0,-179,-3,12.05
fold2_room1_mix0001,65,4,0,9,-5,7.45
fold2_room1_mix0001,66,0,0,-150,-3,13.94
fold2_room1_mix0001,66,4,0,-176,-1,15.72
fold2_room1_mix0001,66,4,0,8,-5,7.85
fold2_room1_mix0001,67,0,0,-152,-3,14.38
fold2_room1_mix0001,67,4,0,-179,-2,13.16
fold2_room1_mix0001,67,4,0,7,-4,7.95
fold2_room1_mix0001,68,0,0,-154,-3,16.37
fold2_room1_mix0001,68,4,0,-179,-2,14.81
fold2_room1_mix0001,68,4,0,6,-5,7.71
fold2_room1_mix0001,69,0,0,-155,-2,16.58
fold2_room1_mix0001,69,4,0,-177,-2,14.63
fold2_room1_mix0001,69,4,0,7,-4,8.07
fold2_room1_mix0001,70,0,0,-154,-2,16.95
fold2_room1_mix0001,70,4,0,-176,-2,13.53
fold2_room1_mix0001,70,4,0,6,-4,8.38
fold2_room1_mix0001,71,0,0,-157,-2,17.45
fold2_room1_mix0001,71,4,0,-175,-1,16.37
fold2_room1_mix0001,71,4,0,6,-4,9.06
fold2_room1_mix0001,72,0,0,-157,-2,16.76
fold2_room1_mix0001,72,4,0,-177,-3,12.89
fold2_room1_mix0001,72,4,0,6,-4,8.19
fold2_room1_mix0001,73,0,0,-157,-2,17.98
fold2_room1_mix0001,73,4,0,5,-4,8.11
fold2_room1_mix0001,74,0,0,-161,-2,20.97
fold2_room1_mix0001,74,4,0,-172,-2,15.09
fold2_room1_mix0001,74,4,0,5,-4,8.33
fold2_room1_mix0001,75,0,0,-161,-2,22.40
fold2_room1_mix0001,75,4,0,4,-4,8.76
fold2_room1_mix0001,76,0,0,-160,-2,20.74
fold2_room1_mix0001,76,4,0,5,-4,8.50
fold2_room1_mix0001,77,0,0,-163,-2,23.44
fold2_room1_mix0001,77,4,0,5,-3,9.59
fold2_room1_mix0001,78,0,0,-163,-2,24.44
fold2_room1_mix0001,78,4,0,5,-3,9.51
fold2_room1_mix0001,79,0,0,-163,-2,24.20
fold2_room1_mix0001,79,4,0,-170,-4,17.98
fold2_room1_mix0001,79,4,0,5,-4,10.06
fold2_room1_mix0001,80,0,0,-165,-1,26.08
fold2_room1_mix0001,80,4,0,-170,-2,18.16
fold2_room1_mix0001,80,4,0,5,-3,9.53
fold2_room1_mix0001,81,0,0,-164,-1,27.37
fold2_room1_mix0001,81,4,0,5,-3,9.37
fold2_room1_mix0001,82,0,0,-166,-1,30.01
fold2_room1_mix0001,82,4,0,6,-3,9.64
fold2_room1_mix0001,83,0,0,-164,-1,25.21
fold2_room1_mix0001,83,4,0,-173,-2,19.06
fold2_room1_mix0001,83,4,0,4,-4,10.00
fold2_room1_mix0001,84,0,0,-166,-1,26.56
fold2_room1_mix0001,84,4,0,-174,0,21.07
fold2_room1_mix0001,84,4,0,4,-3,9.49
fold2_room1_mix0001,85,0,0,-168,-1,28.71
fold2_room1_mix0001,85,4,0,5,-3,10.77
fold2_room1_mix0001,86,0,0,-167,-1,21.25
fold2_room1_mix0001,86,4,0,5,-3,11.49
fold2_room1_mix0001,87,0,0,-170,0,15.91
fold2_room1_mix0001,87,4,0,4,-2,14.44
fold2_room1_mix0001,88,0,0,-172,0,11.88
fold2_room1_mix0001,88,4,0,6,-3,11.15
fold2_room1_mix0001,89,4,0,4,-3,12.81
fold2_room1_mix0001,90,0,0,-168,0,4.91
fold2_room1_mix0001,90,4,0,6,-2,12.46
fold2_room1_mix0001,91,0,0,-171,0,5.62
fold2_room1_mix0001,91,4,0,5,-3,11.96
fold2_room1_mix0001,93,4,0,-175,1,32.20
fold2_room1_mix0001,93,4,0,5,-2,13.16
fold2_room1_mix0001,94,4,0,-176,0,32.63
fold2_room1_mix0001,94,4,0,5,-3,12.62
fold2_room1_mix0001,95,4,0,-176,1,40.23
fold2_room1_mix0001,95,4,0,4,-2,13.93
fold2_room1_mix0001,96,4,0,-178,1,41.35
fold2_room1_mix0001,96,4,0,3,-2,13.64
fold2_room1_mix0001,98,4,0,-177,0,41.34
fold2_room1_mix0001,98,4,0,4,-2,15.63
fold2_room1_mix0001,99,4,0,-176,0,29.22
fold2_room1_mix0001,99,4,0,2,-3,12.93
fold2_room1_mix0001,92,4,0,5,-3,12.32
fold2_room1_mix0001,97,4,0,5,-2,14.88
fold2_room1_mix0002,0,5,0,-144,5,2.05
fold2_room1_mix0002,2,5,0,-132,7,3.63
fold2_room1_mix0002,3,5,0,-133,5,4.16
fold2_room1_mix0002,4,5,0,-137,6,2.97
fold2_room1_mix0002,5,5,0,-137,5,7.80
fold2_room1_mix0002,6,5,0,-133,5,7.81
fold2_room1_mix0002,7,5,0,-131,6,6.85
fold2_room1_mix0002,8,5,0,-135,5,7.62
fold2_room1_mix0002,9,5,0,-137,6,6.89
fold2_room1_mix0002,10,5,0,-132,6,7.41
fold2_room1_mix0002,11,5,0,-135,6,6.81
fold2_room1_mix0002,12,5,0,-132,6,7.24
fold2_room1_mix0002,13,5,0,-133,6,7.35
fold2_room1_mix0002,14,5,0,-135,6,7.09
fold2_room1_mix0002,15,5,0,-134,6,7.22
fold2_room1_mix0002,16,5,0,-133,6,7.28
fold2_room1_mix0002,17,5,0,-136,6,7.71
fold2_room1_mix0002,18,5,0,-133,6,6.94
fold2_room1_mix0002,19,5,0,-131,6,8.05
fold2_room1_mix0002,20,5,0,-135,6,7.47
fold2_room1_mix0002,21,5,0,-134,5,7.82
fold2_room1_mix0002,22,5,0,-131,5,8.44
fold2_room1_mix0002,23,5,0,-135,5,8.11
fold2_room1_mix0002,24,5,0,-134,5,7.98
fold2_room1_mix0002,25,5,0,-133,5,7.92
fold2_room1_mix0002,26,5,0,-134,5,8.45
fold2_room1_mix0002,27,4,0,10,1,7.88
fold2_room1_mix0002,27,5,0,-135,5,7.93
fold2_room1_mix0002,28,5,0,-135,5,8.69
fold2_room1_mix0002,29,4,0,12,3,6.92
fold2_room1_mix0002,29,5,0,-138,5,8.61
fold2_room1_mix0002,30,4,0,13,1,13.74
fold2_room1_mix0002,30,5,0,-138,5,8.84
fold2_room1_mix0002,31,4,0,14,0,25.86
fold2_room1_mix0002,31,5,0,-135,4,9.72
fold2_room1_mix0002,32,4,0,17,0,35.38
fold2_room1_mix0002,32,5,0,-139,5,8.48
fold2_room1_mix0002,33,4,0,15,0,39.04
fold2_room1_mix0002,33,5,0,-137,5,8.78
fold2_room1_mix0002,34,4,0,20,0,38.80
fold2_room1_mix0002,34,5,0,-135,5,8.57
fold2_room1_mix0002,35,4,0,21,-1,39.50
fold2_room1_mix0002,35,5,0,-138,5,8.69
fold2_room1_mix0002,36,4,0,20,-1,41.36
fold2_room1_mix0002,36,5,0,-139,5,7.74
fold2_room1_mix0002,37,4,0,24,0,39.19
fold2_room1_mix0002,37,5,0,-137,5,8.59
fold2_room1_mix0002,38,4,0,23,-1,40.10
fold2_room1_mix0002,38,5,0,-138,5,8.11
fold2_room1_mix0002,39,3,0,144,-4,2.73
fold2_room1_mix0002,39,4,0,22,-1,39.00
fold2_room1_mix0002,39,5,0,-137,5,8.13
fold2_room1_mix0002,40,3,0,141,-4,14.42
fold2_room1_mix0002,40,4,0,17,-1,42.91
fold2_room1_mix0002,40,5,0,-141,5,9.06
fold2_room1_mix0002,41,3,0,135,-4,14.41
fold2_room1_mix0002,41,4,0,17,-1,39.64
fold2_room1_mix0002,41,5,0,-140,5,8.51
fold2_room1_mix0002,42,3,0,131,-3,14.37
fold2_room1_mix0002,42,4,0,20,-2,36.01
fold2_room1_mix0002,42,5,0,-138,5,8.63
fold2_room1_mix0002,43,3,0,130,-3,13.66
fold2_room1_mix0002,43,4,0,19,-2,36.15
fold2_room1_mix0002,43,5,0,-135,5,8.37
fold2_room1_mix0002,44,3,0,132,-3,13.78
fold2_room1_mix0002,44,4,0,19,-2,36.16
fold2_room1_mix0002,44,5,0,-137,6,7.78
fold2_room1_mix0002,45,3,0,135,-3,13.92
fold2_room1_mix0002,45,4,0,21,-2,38.59
fold2_room1_mix0002,45,5,0,-137,5,8.22
fold2_room1_mix0002,46,3,0,132,-3,14.79
fold2_room1_mix0002,46,4,0,20,-2,34.98
fold2_room1_mix0002,46,5,0,-136,5,8.39
fold2_room1_mix0002,47,3,0,133,-3,13.19
fold2_room1_mix0002,47,4,0,23,-2,34.33
fold2_room1_mix0002,47,5,0,-137,5,8.42
fold2_room1_mix0002,48,3,0,132,-2,13.26
fold2_room1_mix0002,48,4,0,23,-2,30.91
fold2_room1_mix0002,48,5,0,-136,5,8.23
fold2_room1_mix0002,49,3,0,131,-2,13.01
fold2_room1_mix0002,49,4,0,23,-2,34.04
fold2_room1_mix0002,49,5,0,-136,5,8.80
fold2_room1_mix0002,50,3,0,130,-2,12.50
fold2_room1_mix0002,50,4,0,22,-2,34.10
fold2_room1_mix0002,50,5,0,-138,5,8.73
fold2_room1_mix0002,51,3,0,129,-3,11.75
fold2_room1_mix0002,51,4,0,24,-2,34.00
fold2_room1_mix0002,51,5,0,-138,5,9.46
fold2_room1_mix0002,52,3,0,128,-3,12.19
fold2_room1_mix0002,52,4,0,22,-1,33.70
fold2_room1_mix0002,52,5,0,-138,5,8.78
fold2_room1_mix0002,53,3,0,127,-2,11.77
fold2_room1_mix0002,53,4,0,25,-2,30.17
fold2_room1_mix0002,53,5,0,-138,5,9.54
fold2_room1_mix0002,54,3,0,128,-3,10.72
fold2_room1_mix0002,54,4,0,27,-1,32.27
fold2_room1_mix0002,54,5,0,-139,5,9.25
fold2_room1_mix0002,55,3,0,125,-2,9.13
fold2_room1_mix0002,55,4,0,31,-1,30.73
fold2_room1_mix0002,55,5,0,-137,5,9.21
fold2_room1_mix0002,56,4,0,41,-1,25.73
fold2_room1_mix0002,56,5,0,-137,5,8.85
fold2_room1_mix0002,57,4,0,42,-1,27.83
fold2_room1_mix0002,57,5,0,-137,6,8.47
fold2_room1_mix0002,58,4,0,45,-1,25.41
fold2_room1_mix0002,58,5,0,-139,5,9.01
fold2_room1_mix0002,59,3,0,118,-3,14.83
fold2_room1_mix0002,59,4,0,43,-2,25.93
fold2_room1_mix0002,59,5,0,-138,5,9.50
fold2_room1_mix0002,60,3,0,111,-3,13.78
fold2_room1_mix0002,60,4,0,37,-1,27.02
fold2_room1_mix0002,60,5,0,-139,5,9.52
fold2_room1_mix0002,61,3,0,108,-3,12.94
fold2_room1_mix0002,61,4,0,44,-2,25.09
fold2_room1_mix0002,61,5,0,-137,6,9.17
fold2_room1_mix0002,62,3,0,104,-4,10.72
fold2_room1_mix0002,62,4,0,51,-2,24.31
fold2_room1_mix0002,62,5,0,-139,6,9.32
fold2_room1_mix0002,63,3,0,92,-3,12.68
fold2_room1_mix0002,63,4,0,46,-2,23.63
fold2_room1_mix0002,63,5,0,-138,6,8.60
fold2_room1_mix0002,64,3,0,97,-4,12.33
fold2_room1_mix0002,64,4,0,47,-2,22.17
fold2_room1_mix0002,64,5,0,-138,6,9.30
fold2_room1_mix0002,65,3,0,90,-3,12.07
fold2_room1_mix0002,65,4,0,50,-2,22.75
fold2_room1_mix0002,65,5,0,-136,6,8.69
fold2_room1_mix0002,66,3,0,94,-3,12.24
fold2_room1_mix0002,66,4,0,51,-3,18.04
fold2_room1_mix0002,66,5,0,-134,6,9.46
fold2_room1_mix0002,67,3,0,79,-3,10.77
fold2_room1_mix0002,67,4,0,56,-2,17.85
fold2_room1_mix0002,67,5,0,-133,6,8.98
fold2_room1_mix0002,68,3,0,82,-3,9.87
fold2_room1_mix0002,68,4,0,59,-3,16.99
fold2_room1_mix0002,68,5,0,-136,6,8.93
fold2_room1_mix0002,69,3,0,84,-3,10.39
fold2_room1_mix0002,69,4,0,57,-3,16.49
fold2_room1_mix0002,69,5,0,-134,7,8.93
fold2_room1_mix0002,70,3,0,75,-3,9.80
fold2_room1_mix0002,70,4,0,70,-2,15.25
fold2_room1_mix0002,70,5,0,-134,7,7.83
fold2_room1_mix0002,71,3,0,72,-3,8.94
fold2_room1_mix0002,71,4,0,74,-2,15.42
fold2_room1_mix0002,71,5,0,-134,7,8.21
fold2_room1_mix0002,72,3,0,74,-3,9.33
fold2_room1_mix0002,72,4,0,81,-3,14.99
fold2_room1_mix0002,72,5,0,-134,7,7.77
fold2_room1_mix0002,73,4,0,79,-2,15.03
fold2_room1_mix0002,73,5,0,-135,7,7.20
fold2_room1_mix0002,74,4,0,78,-2,16.18
fold2_room1_mix0002,74,5,0,-134,7,7.86
fold2_room1_mix0002,75,4,0,83,-3,15.69
fold2_room1_mix0002,75,5,0,-133,7,8.20
fold2_room1_mix0002,76,4,0,85,-3,15.15
fold2_room1_mix0002,76,5,0,-135,7,7.88
fold2_room1_mix0002,77,4,0,85,-3,15.97
fold2_room1_mix0002,77,5,0,-133,7,8.10
fold2_room1_mix0002,78,4,0,89,-3,15.77
fold2_room1_mix0002,78,5,0,-134,7,7.94
fold2_room1_mix0002,79,4,0,92,-3,15.60
fold2_room1_mix0002,79,5,0,-135,7,8.23
fold2_room1_mix0002,80,4,0,92,-4,15.79
fold2_room1_mix0002,80,5,0,-134,7,7.92
fold2_room1_mix0002,81,4,0,96,-4,16.04
fold2_room1_mix0002,81,5,0,-134,7,8.25
fold2_room1_mix0002,82,4,0,95,-3,15.42
fold2_room1_mix0002,82,5,0,-135,7,7.82
fold2_room1_mix0002,83,4,0,99,-3,16.16
fold2_room1_mix0002,83,5,0,-134,7,7.75
fold2_room1_mix0002,84,4,0,105,-4,15.95
fold2_room1_mix0002,84,5,0,-135,7,7.95
fold2_room1_mix0002,85,4,0,105,-4,16.17
fold2_room1_mix0002,85,5,0,-135,7,7.61
fold2_room1_mix0002,86,4,0,110,-3,16.92
fold2_room1_mix0002,86,5,0,-132,7,8.27
fold2_room1_mix0002,87,4,0,112,-3,17.13
fold2_room1_mix0002,87,5,0,-130,7,7.65
fold2_room1_mix0002,88,4,0,114,-3,18.16
fold2_room1_mix0002,88,5,0,-135,8,7.17
fold2_room1_mix0002,89,4,0,118,-3,18.47
fold2_room1_mix0002,89,5,0,-133,8,7.42
fold2_room1_mix0002,90,4,0,120,-3,18.88
fold2_room1_mix0002,90,5,0,-132,8,7.07
fold2_room1_mix0002,91,4,0,120,-3,18.45
fold2_room1_mix0002,91,5,0,-132,8,7.87
fold2_room1_mix0002,92,4,0,122,-3,18.42
fold2_room1_mix0002,92,5,0,-134,8,7.46
fold2_room1_mix0002,93,4,0,125,-2,19.27
fold2_room1_mix0002,93,5,0,-132,8,6.78
fold2_room1_mix0002,94,4,0,127,-2,19.95
fold2_room1_mix0002,94,5,0,-133,8,6.80
fold2_room1_mix0002,95,4,0,128,-2,19.50
fold2_room1_mix0002,95,5,0,-132,8,7.54
fold2_room1_mix0002,96,4,0,130,-2,19.50
fold2_room1_mix0002,96,5,0,-133,8,7.40
fold2_room1_mix0002,97,4,0,133,-2,20.87
fold2_room1_mix0002,97,5,0,-133,8,7.43
fold2_room1_mix0002,98,4,0,134,-2,21.58
fold2_room1_mix0002,98,5,0,-133,8,7.88
fold2_room1_mix0002,99,4,0,136,-2,22.25
fold2_room1_mix0002,99,5,0,-134,8,7.76
fold2_room1_mix0002,1,5,0,-141,5,1.36
fold2_room1_mix0003,51,4,0,-161,-1,3.71
fold2_room1_mix0003,52,4,0,-155,-1,7.67
fold2_room1_mix0003,53,4,0,-154,-2,8.77
fold2_room1_mix0003,54,4,0,-151,-2,10.24
fold2_room1_mix0003,55,4,0,-151,-2,10.11
fold2_room1_mix0003,56,4,0,-148,-2,13.27
fold2_room1_mix0003,57,4,0,-145,-3,11.16
fold2_room1_mix0003,58,4,0,-145,-2,11.83
fold2_room1_mix0003,59,4,0,-144,-2,12.51
fold2_room1_mix0003,60,4,0,-139,-2,14.09
fold2_room1_mix0003,61,4,0,-136,-3,11.94
fold2_room1_mix0003,62,4,0,-140,-2,12.73
fold2_room1_mix0003,63,4,0,-133,-2,12.81
fold2_room1_mix0003,64,4,0,-132,-2,11.19
fold2_room1_mix0003,65,4,0,-127,-2,11.36
fold2_room1_mix0003,66,4,0,-120,-2,11.10
fold2_room1_mix0003,66,4,0,-32,-3,18.02
fold2_room1_mix0003,67,4,0,-116,-3,10.39
fold2_room1_mix0003,67,4,0,-2,-2,19.26
fold2_room1_mix0003,68,4,0,-116,-3,10.31
fold2_room1_mix0003,68,4,0,11,-2,18.98
fold2_room1_mix0003,69,4,0,-113,-4,9.92
fold2_room1_mix0003,69,4,0,15,-3,18.00
fold2_room1_mix0003,70,4,0,-111,-4,10.05
fold2_room1_mix0003,70,4,0,39,-3,17.76
fold2_room1_mix0003,71,4,0,-107,-5,9.61
fold2_room1_mix0003,71,4,0,34,-3,17.06
fold2_room1_mix0003,72,4,0,-105,-5,9.69
fold2_room1_mix0003,72,4,0,38,-4,16.01
fold2_room1_mix0003,73,4,0,-101,-5,9.37
fold2_room1_mix0003,73,4,0,41,-4,14.72
fold2_room1_mix0003,74,4,0,-100,-6,9.37
fold2_room1_mix0003,74,4,0,50,-4,15.45
fold2_room1_mix0003,75,4,0,-94,-6,9.08
fold2_room1_mix0003,75,4,0,50,-4,14.20
fold2_room1_mix0003,76,4,0,-92,-5,9.02
fold2_room1_mix0003,76,4,0,41,-4,13.99
fold2_room1_mix0003,77,4,0,-87,-5,9.53
fold2_room1_mix0003,77,4,0,55,-4,14.44
fold2_room1_mix0003,78,4,0,-87,-5,9.84
fold2_room1_mix0003,78,4,0,66,-4,12.70
fold2_room1_mix0003,79,4,0,-80,-5,9.77
fold2_room1_mix0003,79,4,0,70,-4,12.92
fold2_room1_mix0003,80,4,0,-76,-5,9.47
fold2_room1_mix0003,80,4,0,73,-4,13.34
fold2_room1_mix0003,81,4,0,-73,-5,9.68
fold2_room1_mix0003,81,4,0,84,-3,13.61
fold2_room1_mix0003,82,4,0,-74,-5,10.00
fold2_room1_mix0003,82,4,0,90,-3,14.46
fold2_room1_mix0003,83,4,0,-68,-5,10.40
fold2_room1_mix0003,83,4,0,92,-3,14.34
fold2_room1_mix0003,84,4,0,-63,-6,10.76
fold2_room1_mix0003,84,4,0,82,-4,14.86
fold2_room1_mix0003,86,4,0,93,-5,12.27
fold2_room1_mix0003,86,4,0,-56,-5,11.16
fold2_room1_mix0003,87,4,0,99,-4,13.26
fold2_room1_mix0003,87,4,0,-56,-5,11.53
fold2_room1_mix0003,88,4,0,98,-5,13.06
fold2_room1_mix0003,88,4,0,-53,-4,12.56
fold2_room1_mix0003,89,4,0,111,-4,13.00
fold2_room1_mix0003,89,4,0,-55,-4,12.61
fold2_room1_mix0003,90,4,0,112,-4,14.23
fold2_room1_mix0003,90,4,0,-50,-4,13.98
fold2_room1_mix0003,91,4,0,122,-4,14.89
fold2_room1_mix0003,91,4,0,-51,-5,13.55
fold2_room1_mix0003,92,4,0,118,-4,15.01
fold2_room1_mix0003,92,4,0,-45,-3,14.89
fold2_room1_mix0003,93,4,0,129,-3,16.99
fold2_room1_mix0003,93,4,0,-46,-4,15.00
fold2_room1_mix0003,94,4,0,137,-3,18.97
fold2_room1_mix0003,94,4,0,-42,-4,16.45
fold2_room1_mix0003,95,4,0,140,-2,20.07
fold2_room1_mix0003,95,4,0,-40,-4,16.15
fold2_room1_mix0003,96,4,0,140,-3,17.79
fold2_room1_mix0003,96,4,0,-38,-3,16.54
fold2_room1_mix0003,97,4,0,153,-2,16.84
fold2_room1_mix0003,97,4,0,-39,-2,15.82
fold2_room1_mix0003,85,4,0,-62,-4,11.33
fold2_room1_mix0003,98,4,0,-37,-2,15.90
fold2_room1_mix0004,39,1,0,-179,-2,15.66
fold2_room1_mix0004,40,1,0,-177,-2,37.71
fold2_room1_mix0004,41,1,0,-172,-2,38.15
fold2_room1_mix0004,42,1,0,-168,-2,28.55
fold2_room1_mix0004,43,1,0,-172,-2,25.56
fold2_room1_mix0004,44,1,0,-171,-2,28.03
fold2_room1_mix0004,45,1,0,-165,-2,27.04
fold2_room1_mix0004,46,1,0,-168,-2,32.36
fold2_room1_mix0004,47,1,0,-170,-1,2.30
fold2_room1_mix0004,48,1,0,-165,-2,26.65
fold2_room1_mix0004,49,1,0,-167,-2,22.23
fold2_room1_mix0004,50,1,0,-166,-2,29.12
fold2_room1_mix0004,51,1,0,-164,-2,24.91
fold2_room1_mix0004,53,1,0,-166,-2,24.67
fold2_room1_mix0004,54,1,0,-162,-2,25.92
fold2_room1_mix0004,55,1,0,-163,-1,18.82
fold2_room1_mix0004,57,1,0,-155,-2,17.11
fold2_room1_mix0004,58,1,0,-158,-2,20.61
fold2_room1_mix0004,59,1,0,-150,-2,19.08
fold2_room1_mix0004,60,1,0,-147,-3,13.17
fold2_room1_mix0004,62,1,0,-137,-3,9.15
fold2_room1_mix0004,63,1,0,-123,-5,7.36
fold2_room1_mix0004,64,1,0,-109,-4,5.45
fold2_room1_mix0004,65,1,0,-109,-4,4.65
fold2_room1_mix0004,66,1,0,-96,-5,4.48
fold2_room1_mix0004,67,1,0,-66,-5,7.05
fold2_room1_mix0004,68,1,0,-62,-5,7.36
fold2_room1_mix0005,4,4,0,2,0,14.49
fold2_room1_mix0005,5,4,0,2,0,18.72
fold2_room1_mix0005,6,4,0,2,0,22.00
fold2_room1_mix0005,7,4,0,2,0,27.11
fold2_room1_mix0005,8,4,0,1,-1,37.15
fold2_room1_mix0005,9,4,0,0,-1,34.14
fold2_room1_mix0005,10,4,0,1,-1,35.35
fold2_room1_mix0005,11,4,0,2,-1,35.52
fold2_room1_mix0005,12,4,0,0,-1,35.30
fold2_room1_mix0005,13,4,0,0,-1,35.18
fold2_room1_mix0005,14,4,0,0,-1,36.64
fold2_room1_mix0005,15,4,0,0,-1,33.68
fold2_room1_mix0005,16,4,0,0,0,34.10
fold2_room1_mix0005,17,4,0,0,-1,33.47
fold2_room1_mix0005,18,4,0,0,-1,35.02
fold2_room1_mix0005,19,4,0,0,-1,34.67
fold2_room1_mix0005,20,4,0,0,-1,32.82
fold2_room1_mix0005,21,4,0,0,0,34.43
fold2_room1_mix0005,22,4,0,0,0,33.87
fold2_room1_mix0005,23,4,0,-1,0,32.12
fold2_room1_mix0005,24,4,0,-1,0,33.22
fold2_room1_mix0005,25,4,0,-1,0,32.11
fold2_room1_mix0005,26,4,0,0,0,32.77
fold2_room1_mix0005,27,4,0,0,0,34.53
fold2_room1_mix0005,28,4,0,-1,0,31.76
fold2_room1_mix0005,29,4,0,0,0,32.86
fold2_room1_mix0005,30,4,0,0,0,32.85
fold2_room1_mix0005,31,4,0,0,0,31.50
fold2_room1_mix0005,32,4,0,-1,-1,30.69
fold2_room1_mix0005,33,4,0,0,0,31.59
fold2_room1_mix0005,34,4,0,0,0,30.00
fold2_room1_mix0005,35,4,0,-2,0,29.33
fold2_room1_mix0005,36,4,0,-1,0,28.66
fold2_room1_mix0005,37,4,0,0,0,29.27
fold2_room1_mix0005,38,4,0,-1,0,28.21
fold2_room1_mix0005,39,4,0,0,0,27.42
fold2_room1_mix0005,40,4,0,-1,0,27.52
fold2_room1_mix0005,41,4,0,-1,0,26.21
fold2_room1_mix0005,42,4,0,-1,0,24.71
fold2_room1_mix0005,43,4,0,-2,0,25.40
fold2_room1_mix0005,44,4,0,-1,0,23.94
fold2_room1_mix0005,45,4,0,-1,0,23.53
fold2_room1_mix0005,46,4,0,-2,0,23.42
fold2_room1_mix0005,47,4,0,-3,0,21.56
fold2_room1_mix0005,48,4,0,-2,0,20.90
fold2_room1_mix0005,49,4,0,-2,-1,19.82
fold2_room1_mix0005,50,4,0,-3,0,20.00
fold2_room1_mix0005,51,4,0,-3,-1,19.21
fold2_room1_mix0005,52,4,0,-4,-1,18.15
fold2_room1_mix0005,53,4,0,-3,-1,18.20
fold2_room1_mix0005,54,4,0,-4,-1,17.07
fold2_room1_mix0005,55,4,0,-3,-1,15.91
fold2_room1_mix0005,56,4,0,-4,-1,16.28
fold2_room1_mix0005,57,4,0,-4,-1,15.38
fold2_room1_mix0005,58,4,0,-5,-2,14.82
fold2_room1_mix0005,59,4,0,-4,-2,15.51
fold2_room1_mix0005,60,4,0,-6,-2,14.29
fold2_room1_mix0005,61,4,0,-5,-2,13.89
fold2_room1_mix0005,62,4,0,-7,-2,13.27
fold2_room1_mix0005,63,4,0,-7,-2,12.20
fold2_room1_mix0005,64,4,0,-7,-2,11.78
fold2_room1_mix0005,65,4,0,-8,-2,11.06
fold2_room1_mix0005,66,4,0,-11,-2,10.53
fold2_room1_mix0005,67,4,0,-10,-2,10.08
fold2_room1_mix0005,68,4,0,-25,-4,6.53
fold2_room1_mix0005,68,4,0,-3,-2,10.81
fold2_room1_mix0005,69,4,0,-25,-5,5.25
fold2_room1_mix0005,69,4,0,-1,-2,10.95
fold2_room1_mix0005,70,4,0,-28,-5,5.11
fold2_room1_mix0005,70,4,0,-6,-2,10.55
fold2_room1_mix0005,71,4,0,-33,-6,3.80
fold2_room1_mix0005,71,4,0,-1,-2,9.72
fold2_room1_mix0005,72,4,0,-34,-7,3.85
fold2_room1_mix0005,72,4,0,-1,-2,10.14
fold2_room1_mix0005,73,4,0,-41,-7,3.19
fold2_room1_mix0005,73,4,0,-4,-2,8.72
fold2_room1_mix0005,74,4,0,-49,-9,2.44
fold2_room1_mix0005,74,4,0,1,-4,7.57
fold2_room1_mix0005,75,4,0,-55,-10,2.04
fold2_room1_mix0005,75,4,0,1,-4,6.54
fold2_room1_mix0005,76,4,0,-68,-11,2.26
fold2_room1_mix0005,76,4,0,3,-3,7.97
fold2_room1_mix0005,77,4,0,-88,-11,2.12
fold2_room1_mix0005,77,4,0,7,-4,7.01
fold2_room1_mix0005,78,4,0,-110,-11,2.64
fold2_room1_mix0005,78,4,0,8,-5,6.65
fold2_room1_mix0005,79,4,0,-129,-9,2.75
fold2_room1_mix0005,79,4,0,12,-6,5.73
fold2_room1_mix0005,80,4,0,-136,-7,3.15
fold2_room1_mix0005,80,4,0,13,-6,4.45
fold2_room1_mix0005,81,4,0,-144,-5,3.52
fold2_room1_mix0005,81,4,0,21,-8,3.02
fold2_room1_mix0005,82,4,0,-149,-5,4.37
fold2_room1_mix0005,82,4,0,31,-9,2.77
fold2_room1_mix0005,83,4,0,-151,-5,4.87
fold2_room1_mix0005,83,4,0,32,-11,2.38
fold2_room1_mix0005,84,4,0,-154,-4,6.13
fold2_room1_mix0005,84,4,0,39,-13,2.06
fold2_room1_mix0005,85,4,0,-156,-3,7.24
fold2_room1_mix0005,85,4,0,45,-13,2.31
fold2_room1_mix0005,86,4,0,-156,-3,7.16
fold2_room1_mix0005,86,4,0,61,-15,1.82
fold2_room1_mix0005,87,4,0,-156,-1,8.07
fold2_room1_mix0005,87,4,0,95,-18,1.89
fold2_room1_mix0005,87,4,0,72,-17,1.95
fold2_room1_mix0005,88,4,0,-162,-1,9.96
fold2_room1_mix0005,88,4,0,113,-14,2.54
fold2_room1_mix0005,89,4,0,-160,-1,10.21
fold2_room1_mix0005,89,4,0,149,-9,3.94
fold2_room1_mix0005,89,4,0,120,-12,1.97
fold2_room1_mix0005,90,4,0,-161,0,12.51
fold2_room1_mix0005,90,4,0,145,-7,4.50
fold2_room1_mix0005,90,4,0,130,-9,3.05
fold2_room1_mix0005,91,4,0,-166,0,14.25
fold2_room1_mix0005,91,4,0,164,-4,6.47
fold2_room1_mix0005,91,4,0,135,-7,3.40
fold2_room1_mix0005,92,4,0,-167,0,15.24
fold2_room1_mix0005,92,4,0,165,-4,6.73
fold2_room1_mix0005,92,4,0,144,-7,3.72
fold2_room1_mix0005,93,4,0,-175,-1,13.53
fold2_room1_mix0005,93,4,0,145,-7,4.06
fold2_room1_mix0005,94,4,0,-166,0,17.61
fold2_room1_mix0005,94,4,0,177,-2,9.70
fold2_room1_mix0005,94,4,0,148,-5,4.55
fold2_room1_mix0005,95,4,0,-166,0,17.30
fold2_room1_mix0005,95,4,0,169,-3,8.18
fold2_room1_mix0005,95,4,0,152,-5,5.37
fold2_room1_mix0005,96,4,0,-174,-1,13.38
fold2_room1_mix0005,96,4,0,156,-4,5.59
fold2_room1_mix0005,97,4,0,-173,0,14.95
fold2_room1_mix0005,97,4,0,159,-3,6.26
fold2_room1_mix0005,98,4,0,-168,0,17.85
fold2_room1_mix0005,98,4,0,169,-2,9.30
fold2_room1_mix0005,99,4,0,-168,0,18.34
fold2_room1_mix0005,99,4,0,168,-2,9.65
fold2_room1_mix0005,3,4,0,-1,2,2.06
fold2_room1_mix0006,36,4,0,-176,-1,6.69
fold2_room1_mix0006,37,4,0,-177,-1,9.65
fold2_room1_mix0006,38,4,0,-173,-1,11.46
fold2_room1_mix0006,39,4,0,-170,-1,14.12
fold2_room1_mix0006,40,4,0,-172,-1,15.87
fold2_room1_mix0006,41,4,0,-172,-1,14.36
fold2_room1_mix0006,42,4,0,-173,-2,14.59
fold2_room1_mix0006,43,4,0,-173,-1,14.01
fold2_room1_mix0006,44,4,0,-171,-2,14.83
fold2_room1_mix0006,45,4,0,-169,-2,14.03
fold2_room1_mix0006,46,4,0,-172,-2,13.74
fold2_room1_mix0006,47,4,0,-171,-2,13.36
fold2_room1_mix0006,48,4,0,-169,-2,12.57
fold2_room1_mix0006,49,4,0,-171,-2,12.46
fold2_room1_mix0006,50,4,0,-169,-2,11.93
fold2_room1_mix0006,51,4,0,-168,-2,12.15
fold2_room1_mix0006,52,4,0,-169,-2,11.57
fold2_room1_mix0006,53,4,0,-167,-2,11.20
fold2_room1_mix0006,54,4,0,-167,-3,10.25
fold2_room1_mix0006,55,4,0,-166,-3,10.23
fold2_room1_mix0006,56,4,0,-166,-3,9.44
fold2_room1_mix0006,57,4,0,-164,-3,9.29
fold2_room1_mix0006,58,4,0,-164,-3,8.72
fold2_room1_mix0006,59,4,0,-163,-3,8.98
fold2_room1_mix0006,60,4,0,-162,-3,8.36
fold2_room1_mix0006,61,4,0,-161,-3,7.91
fold2_room1_mix0006,62,4,0,-160,-4,7.29
fold2_room1_mix0006,63,4,0,-159,-4,7.12
fold2_room1_mix0006,64,4,0,-159,-4,6.41
fold2_room1_mix0006,65,4,0,-158,-4,6.24
fold2_room1_mix0006,66,4,0,-156,-4,5.76
fold2_room1_mix0006,67,4,0,-152,-5,5.22
fold2_room1_mix0006,68,4,0,-150,-5,4.66
fold2_room1_mix0006,69,4,0,-148,-6,4.28
fold2_room1_mix0006,70,4,0,-146,-7,3.83
fold2_room1_mix0006,71,4,0,-142,-8,3.49
fold2_room1_mix0006,72,4,0,-140,-8,3.21
fold2_room1_mix0006,73,4,0,-134,-9,2.88
fold2_room1_mix0006,74,4,0,-127,-10,2.73
fold2_room1_mix0006,75,4,0,-115,-9,2.33
fold2_room1_mix0006,76,4,0,-100,-10,2.38
fold2_room1_mix0006,77,4,0,-90,-9,2.57
fold2_room1_mix0006,78,4,0,-77,-9,2.51
fold2_room1_mix0006,79,4,0,-64,-8,2.59
fold2_room1_mix0006,80,4,0,-52,-7,2.79
fold2_room1_mix0006,81,4,0,-45,-6,3.19
fold2_room1_mix0006,82,4,0,-40,-6,3.37
fold2_room1_mix0006,83,4,0,-34,-5,3.77
fold2_room1_mix0006,84,4,0,-29,-5,4.14
fold2_room1_mix0006,85,4,0,-26,-4,4.61
fold2_room1_mix0006,86,4,0,-23,-4,4.85
fold2_room1_mix0006,87,4,0,-21,-4,5.47
fold2_room1_mix0006,88,4,0,-18,-4,6.27
fold2_room1_mix0006,89,4,0,-18,-3,6.85
fold2_room1_mix0006,90,4,0,-16,-3,7.04
fold2_room1_mix0006,91,4,0,-15,-3,7.87
fold2_room1_mix0006,92,4,0,-15,-3,7.85
fold2_room1_mix0006,93,4,0,-13,-3,8.42
fold2_room1_mix0006,94,4,0,-12,-3,9.20
fold2_room1_mix0006,95,4,0,-11,-3,9.81
fold2_room1_mix0006,96,4,0,-11,-2,10.24
fold2_room1_mix0006,97,4,0,-10,-2,10.71
fold2_room1_mix0006,98,4,0,-10,-3,10.80
fold2_room1_mix0006,99,4,0,-10,-2,11.19
fold2_room1_mix0007,0,5,0,34,4,4.04
fold2_room1_mix0007,1,5,0,50,1,3.42
fold2_room1_mix0007,2,5,0,34,3,11.21
fold2_room1_mix0007,3,5,0,24,3,9.02
fold2_room1_mix0007,4,5,0,48,2,5.68
fold2_room1_mix0007,5,5,0,23,3,11.30
fold2_room1_mix0007,6,5,0,23,3,12.72
fold2_room1_mix0007,7,5,0,26,3,9.52
fold2_room1_mix0007,8,5,0,24,3,10.13
fold2_room1_mix0007,9,5,0,23,3,11.60
fold2_room1_mix0007,10,5,0,28,4,9.84
fold2_room1_mix0007,11,5,0,21,3,9.93
fold2_room1_mix0007,12,5,0,23,3,11.25
fold2_room1_mix0007,13,5,0,19,3,11.02
fold2_room1_mix0007,14,5,0,24,3,10.47
fold2_room1_mix0007,15,5,0,22,4,9.50
fold2_room1_mix0007,16,5,0,26,4,9.53
fold2_room1_mix0007,17,5,0,21,4,9.73
fold2_room1_mix0007,18,5,0,23,4,10.43
fold2_room1_mix0007,19,5,0,28,5,8.77
fold2_room1_mix0007,20,5,0,22,3,11.07
fold2_room1_mix0007,21,5,0,25,5,8.61
fold2_room1_mix0007,22,5,0,24,4,10.63
fold2_room1_mix0007,23,5,0,26,5,8.51
fold2_room1_mix0007,24,5,0,26,7,6.65
fold2_room1_mix0007,25,5,0,26,4,11.15
fold2_room1_mix0007,26,5,0,25,3,11.84
fold2_room1_mix0007,27,5,0,26,5,8.85
fold2_room1_mix0007,28,5,0,24,4,10.86
fold2_room1_mix0007,29,5,0,22,4,9.74
fold2_room1_mix0007,30,5,0,22,4,9.40
fold2_room1_mix0007,31,5,0,26,5,8.80
fold2_room1_mix0007,32,5,0,25,4,9.89
fold2_room1_mix0007,33,5,0,29,5,8.77
fold2_room1_mix0007,34,5,0,28,4,9.98
fold2_room1_mix0007,35,5,0,27,4,10.12
fold2_room1_mix0007,36,5,0,26,4,9.91
fold2_room1_mix0007,37,5,0,26,4,10.21
fold2_room1_mix0007,38,5,0,26,4,10.18
fold2_room1_mix0007,39,5,0,27,4,10.09
fold2_room1_mix0007,40,5,0,26,5,9.23
fold2_room1_mix0007,41,5,0,24,4,10.96
fold2_room1_mix0007,42,5,0,27,4,10.22
fold2_room1_mix0007,43,5,0,27,4,9.95
fold2_room1_mix0007,44,5,0,27,4,10.00
fold2_room1_mix0007,45,5,0,28,4,9.79
fold2_room1_mix0007,46,5,0,24,3,11.23
fold2_room1_mix0007,47,5,0,25,4,9.15
fold2_room1_mix0007,48,5,0,26,4,10.03
fold2_room1_mix0007,49,5,0,25,3,10.83
fold2_room1_mix0007,50,5,0,21,3,11.58
fold2_room1_mix0007,51,5,0,26,4,10.53
fold2_room1_mix0007,52,5,0,23,3,12.23
fold2_room1_mix0007,53,5,0,21,3,11.76
fold2_room1_mix0007,54,5,0,23,3,11.50
fold2_room1_mix0007,55,5,0,22,3,10.98
fold2_room1_mix0007,56,5,0,23,4,11.00
fold2_room1_mix0007,57,5,0,24,3,11.22
fold2_room1_mix0007,58,5,0,22,3,12.32
fold2_room1_mix0007,59,4,0,179,-2,1.64
fold2_room1_mix0007,59,5,0,24,4,9.97
fold2_room1_mix0007,60,4,0,178,-3,5.70
fold2_room1_mix0007,60,5,0,25,3,11.62
fold2_room1_mix0007,61,4,0,177,-2,5.66
fold2_room1_mix0007,61,5,0,24,4,10.52
fold2_room1_mix0007,62,4,0,175,-3,5.50
fold2_room1_mix0007,62,5,0,23,4,10.58
fold2_room1_mix0007,63,4,0,176,-3,4.83
fold2_room1_mix0007,63,5,0,24,3,10.82
fold2_room1_mix0007,64,4,0,172,-5,4.52
fold2_room1_mix0007,64,5,0,24,4,10.86
fold2_room1_mix0007,65,4,0,173,-7,3.62
fold2_room1_mix0007,65,5,0,22,3,11.24
fold2_room1_mix0007,66,4,0,169,-12,3.09
fold2_room1_mix0007,66,5,0,20,3,11.54
fold2_room1_mix0007,67,4,0,159,-20,2.01
fold2_room1_mix0007,67,5,0,23,3,11.43
fold2_room1_mix0007,68,4,0,126,-46,1.08
fold2_room1_mix0007,68,5,0,21,3,11.33
fold2_room1_mix0007,69,4,0,30,-28,1.20
fold2_room1_mix0007,69,5,0,19,3,11.67
fold2_room1_mix0007,70,4,0,16,-17,1.79
fold2_room1_mix0007,70,5,0,20,3,12.47
fold2_room1_mix0007,71,4,0,8,-10,2.61
fold2_room1_mix0007,71,5,0,21,3,12.55
fold2_room1_mix0007,72,4,0,10,-9,3.40
fold2_room1_mix0007,72,5,0,20,3,11.07
fold2_room1_mix0007,73,4,0,7,-9,3.70
fold2_room1_mix0007,73,5,0,18,3,12.53
fold2_room1_mix0007,74,4,0,4,-7,4.92
fold2_room1_mix0007,74,5,0,18,3,12.41
fold2_room1_mix0007,75,4,0,2,-4,3.82
fold2_room1_mix0007,75,5,0,19,3,10.39
fold2_room1_mix0007,76,4,0,0,-4,2.41
fold2_room1_mix0007,76,5,0,18,3,12.79
fold2_room1_mix0007,77,4,0,0,-4,2.81
fold2_room1_mix0007,77,5,0,17,3,12.51
fold2_room1_mix0007,78,5,0,18,3,11.55
fold2_room1_mix0007,79,5,0,17,3,11.82
fold2_room1_mix0007,80,5,0,22,3,12.50
fold2_room1_mix0007,81,5,0,20,4,10.74
fold2_room1_mix0007,82,5,0,19,3,13.11
fold2_room1_mix0007,83,5,0,21,3,12.03
fold2_room1_mix0007,84,5,0,20,2,13.30
fold2_room1_mix0007,85,5,0,19,2,13.57
fold2_room1_mix0007,86,5,0,23,3,11.18
fold2_room1_mix0007,87,5,0,21,2,14.94
fold2_room1_mix0007,88,5,0,17,2,13.60
fold2_room1_mix0007,89,5,0,21,2,14.74
fold2_room1_mix0007,90,5,0,19,2,14.63
fold2_room1_mix0007,91,5,0,19,3,13.36
fold2_room1_mix0007,92,5,0,17,2,15.98
fold2_room1_mix0007,93,5,0,18,2,14.61
fold2_room1_mix0007,94,5,0,20,3,11.84
fold2_room1_mix0007,95,5,0,19,2,13.18
fold2_room1_mix0007,96,5,0,20,2,15.15
fold2_room1_mix0007,97,5,0,19,2,14.20
fold2_room1_mix0007,98,5,0,20,2,13.13
fold2_room1_mix0007,99,5,0,19,2,14.56
fold2_room1_mix0008,26,0,0,26,-1,6.87
fold2_room1_mix0008,27,0,0,32,-2,7.11
fold2_room1_mix0008,28,0,0,35,-2,4.08
fold2_room1_mix0008,29,0,0,43,-2,7.17
fold2_room1_mix0008,30,0,0,48,-2,11.44
fold2_room1_mix0008,31,0,0,61,-3,10.04
fold2_room1_mix0008,32,0,0,80,-3,8.74
fold2_room1_mix0008,33,0,0,91,-3,8.15
fold2_room1_mix0008,34,0,0,104,-3,6.95
fold2_room1_mix0008,35,0,0,110,-3,7.44
fold2_room1_mix0008,36,0,0,121,-3,6.32
fold2_room1_mix0008,37,0,0,128,-3,8.75
fold2_room1_mix0008,38,0,0,135,-3,6.58
fold2_room1_mix0008,39,0,0,139,-2,9.45
fold2_room1_mix0008,40,0,0,143,-2,8.09
fold2_room1_mix0008,41,0,0,149,-2,10.02
fold2_room1_mix0008,42,0,0,151,-2,12.57
fold2_room1_mix0008,43,0,0,154,-2,13.86
fold2_room1_mix0008,44,0,0,156,-2,13.34
fold2_room1_mix0008,45,0,0,153,-2,14.37
fold2_room1_mix0008,46,0,0,158,-2,14.18
fold2_room1_mix0008,47,0,0,160,-1,15.71
fold2_room1_mix0008,48,0,0,158,-1,15.86
fold2_room1_mix0008,49,0,0,161,-1,17.61
fold2_room1_mix0008,50,0,0,163,-1,19.34
fold2_room1_mix0008,51,0,0,164,-1,20.64
fold2_room1_mix0008,52,0,0,167,0,6.27
fold2_room1_mix0008,53,0,0,165,-1,16.56
fold2_room1_mix0008,53,2,0,82,-4,7.00
fold2_room1_mix0008,54,0,0,168,0,11.43
fold2_room1_mix0008,54,2,0,87,-5,2.61
fold2_room1_mix0008,59,2,0,81,-5,7.94
fold2_room1_mix0008,60,2,0,72,-7,7.38
fold2_room1_mix0008,61,2,0,85,-6,7.79
fold2_room1_mix0008,62,2,0,82,-6,9.60
fold2_room1_mix0008,63,2,0,84,-5,10.49
fold2_room1_mix0008,69,2,0,80,-5,10.86
fold2_room1_mix0008,70,2,0,77,-5,10.18
fold2_room1_mix0008,71,2,0,77,-6,9.96
fold2_room1_mix0008,72,2,0,80,-6,10.14
fold2_room1_mix0008,73,2,0,76,-6,10.72
fold2_room1_mix0008,78,2,0,68,-4,10.00
fold2_room1_mix0008,79,2,0,73,-5,11.19
fold2_room1_mix0008,80,2,0,74,-5,9.22
fold2_room1_mix0008,81,2,0,66,-5,10.47
fold2_room1_mix0008,82,2,0,68,-5,11.24
fold2_room1_mix0008,83,2,0,68,-5,11.29
fold2_room1_mix0008,88,2,0,63,-4,11.17
fold2_room1_mix0008,89,2,0,66,-4,11.42
fold2_room1_mix0008,90,2,0,59,-4,11.71
fold2_room1_mix0008,91,2,0,60,-4,12.75
fold2_room1_mix0008,92,2,0,61,-4,12.60
fold2_room1_mix0008,25,0,0,26,-1,3.61
fold2_room1_mix0009,6,0,0,178,-1,14.34
fold2_room1_mix0009,7,0,0,176,-1,21.28
fold2_room1_mix0009,8,0,0,178,-1,23.26
fold2_room1_mix0009,9,0,0,-179,-1,26.32
fold2_room1_mix0009,10,0,0,-178,-1,39.47
fold2_room1_mix0009,11,0,0,176,0,45.60
fold2_room1_mix0009,12,0,0,-179,-1,33.99
fold2_room1_mix0009,13,0,0,-178,-1,35.04
fold2_room1_mix0009,14,0,0,177,-1,31.92
fold2_room1_mix0009,15,0,0,179,-1,32.05
fold2_room1_mix0009,16,0,0,179,-1,32.68
fold2_room1_mix0009,17,0,0,-179,-1,33.15
fold2_room1_mix0009,18,0,0,177,-1,27.28
fold2_room1_mix0009,19,0,0,179,-1,32.23
fold2_room1_mix0009,20,0,0,177,-1,29.60
fold2_room1_mix0009,21,0,0,178,-1,29.36
fold2_room1_mix0009,22,0,0,174,-1,27.22
fold2_room1_mix0009,23,0,0,175,-1,25.39
fold2_room1_mix0009,24,0,0,177,-1,27.96
fold2_room1_mix0009,25,0,0,176,-1,25.20
fold2_room1_mix0009,26,0,0,172,-1,23.45
fold2_room1_mix0009,27,0,0,175,-1,26.02
fold2_room1_mix0009,28,0,0,175,-1,22.83
fold2_room1_mix0009,29,0,0,174,-1,22.98
fold2_room1_mix0009,30,0,0,177,-1,24.03
fold2_room1_mix0009,31,0,0,173,-1,24.42
fold2_room1_mix0009,32,0,0,175,-1,22.53
fold2_room1_mix0009,33,0,0,175,-1,24.64
fold2_room1_mix0009,34,0,0,172,-1,24.70
fold2_room1_mix0009,35,0,0,171,-1,23.96
fold2_room1_mix0009,36,0,0,172,-1,26.03
fold2_room1_mix0009,37,0,0,175,-1,28.84
fold2_room1_mix0009,38,0,0,174,-1,28.97
fold2_room1_mix0009,39,0,0,173,-1,30.04
fold2_room1_mix0009,40,0,0,174,-1,27.66
fold2_room1_mix0009,41,0,0,173,-1,28.45
fold2_room1_mix0009,42,0,0,172,-1,30.08
fold2_room1_mix0009,43,0,0,175,-1,30.63
fold2_room1_mix0009,44,0,0,175,-1,28.71
fold2_room1_mix0009,45,0,0,173,-1,29.33
fold2_room1_mix0009,46,0,0,171,-1,28.84
fold2_room1_mix0009,47,0,0,169,-1,28.45
fold2_room1_mix0009,48,0,0,168,-1,27.38
fold2_room1_mix0009,49,0,0,168,-1,29.89
fold2_room1_mix0009,50,0,0,161,-1,24.34
fold2_room1_mix0009,51,0,0,160,-1,21.59
fold2_room1_mix0009,52,0,0,159,-1,21.40
fold2_room1_mix0009,53,0,0,151,-2,16.84
fold2_room1_mix0009,54,0,0,155,-1,19.26
fold2_room1_mix0009,55,0,0,158,-1,12.74
fold2_room1_mix0009,55,4,0,163,-2,7.44
fold2_room1_mix0009,56,0,0,160,-1,8.65
fold2_room1_mix0009,56,4,0,165,-2,10.33
fold2_room1_mix0009,57,0,0,164,0,4.89
fold2_room1_mix0009,59,4,0,161,-2,5.97
fold2_room1_mix0009,60,4,0,159,-2,7.12
fold2_room1_mix0009,61,4,0,156,-2,10.53
fold2_room1_mix0009,62,4,0,159,-3,6.51
fold2_room1_mix0009,63,4,0,149,-2,12.44
fold2_room1_mix0009,64,4,0,150,-2,12.45
fold2_room1_mix0009,65,4,0,151,-3,11.41
fold2_room1_mix0009,66,4,0,147,-3,11.02
fold2_room1_mix0009,67,4,0,146,-3,11.29
fold2_room1_mix0009,68,4,0,147,-3,10.68
fold2_room1_mix0009,69,4,0,146,-3,10.83
fold2_room1_mix0009,70,4,0,141,-3,10.57
fold2_room1_mix0009,71,4,0,138,-3,10.05
fold2_room1_mix0009,72,4,0,135,-3,9.71
fold2_room1_mix0009,73,4,0,134,-4,9.18
fold2_room1_mix0009,74,4,0,130,-3,8.95
fold2_room1_mix0009,75,4,0,127,-4,8.78
fold2_room1_mix0009,76,4,0,125,-4,8.45
fold2_room1_mix0009,77,4,0,119,-4,8.03
fold2_room1_mix0009,78,4,0,116,-4,7.84
fold2_room1_mix0009,79,4,0,111,-4,8.17
fold2_room1_mix0009,80,4,0,103,-6,7.16
fold2_room1_mix0009,81,4,0,99,-5,7.12
fold2_room1_mix0009,82,4,0,92,-6,6.87
fold2_room1_mix0009,83,4,0,90,-6,6.91
fold2_room1_mix0009,84,4,0,83,-7,7.26
fold2_room1_mix0009,85,4,0,78,-7,6.91
fold2_room1_mix0009,86,4,0,73,-6,6.92
fold2_room1_mix0009,87,4,0,70,-5,7.74
fold2_room1_mix0009,88,4,0,65,-4,7.83
fold2_room1_mix0009,89,4,0,60,-5,7.81
fold2_room1_mix0009,90,4,0,58,-4,8.27
fold2_room1_mix0009,91,4,0,56,-4,8.64
fold2_room1_mix0009,92,4,0,54,-4,9.03
fold2_room1_mix0009,93,4,0,52,-4,8.83
fold2_room1_mix0009,94,4,0,51,-3,9.60
fold2_room1_mix0009,95,4,0,46,-3,9.75
fold2_room1_mix0009,96,4,0,48,-3,10.05
fold2_room1_mix0009,97,4,0,45,-3,10.00
fold2_room1_mix0009,98,4,0,45,-3,9.93
fold2_room1_mix0009,99,4,0,43,-3,8.33
fold2_room1_mix0010,3,4,0,178,0,4.46
fold2_room1_mix0010,4,4,0,176,0,10.02
fold2_room1_mix0010,5,4,0,175,-1,19.90
fold2_room1_mix0010,6,4,0,175,0,22.33
fold2_room1_mix0010,7,4,0,174,0,27.17
fold2_room1_mix0010,8,4,0,174,0,39.52
fold2_room1_mix0010,9,4,0,175,0,39.34
fold2_room1_mix0010,10,4,0,174,0,37.48
fold2_room1_mix0010,11,4,0,172,0,37.24
fold2_room1_mix0010,12,4,0,174,0,37.82
fold2_room1_mix0010,13,4,0,174,0,38.35
fold2_room1_mix0010,14,4,0,172,0,37.78
fold2_room1_mix0010,15,4,0,172,0,37.80
fold2_room1_mix0010,16,4,0,172,0,36.95
fold2_room1_mix0010,17,4,0,171,0,38.12
fold2_room1_mix0010,18,4,0,172,0,38.09
fold2_room1_mix0010,19,4,0,171,0,35.93
fold2_room1_mix0010,20,4,0,172,0,36.56
fold2_room1_mix0010,21,4,0,173,0,35.54
fold2_room1_mix0010,22,4,0,173,0,33.21
fold2_room1_mix0010,23,4,0,173,0,32.42
fold2_room1_mix0010,24,4,0,174,0,32.94
fold2_room1_mix0010,25,4,0,174,0,32.45
fold2_room1_mix0010,26,4,0,174,0,32.19
fold2_room1_mix0010,27,4,0,172,0,32.91
fold2_room1_mix0010,28,4,0,172,0,31.60
fold2_room1_mix0010,29,4,0,171,0,30.65
fold2_room1_mix0010,30,4,0,170,0,30.12
fold2_room1_mix0010,31,4,0,171,0,29.38
fold2_room1_mix0010,32,4,0,171,0,29.60
fold2_room1_mix0010,33,4,0,170,-1,28.98
fold2_room1_mix0010,34,4,0,171,-1,28.40
fold2_room1_mix0010,35,4,0,169,-1,26.95
fold2_room1_mix0010,36,4,0,168,-1,26.48
fold2_room1_mix0010,37,4,0,168,-1,26.10
fold2_room1_mix0010,38,4,0,169,-1,25.36
fold2_room1_mix0010,39,4,0,167,-1,24.40
fold2_room1_mix0010,40,4,0,167,-1,24.55
fold2_room1_mix0010,41,4,0,166,-1,22.54
fold2_room1_mix0010,42,4,0,165,-1,21.63
fold2_room1_mix0010,43,4,0,165,-1,21.43
fold2_room1_mix0010,44,4,0,165,-1,20.52
fold2_room1_mix0010,45,4,0,164,-1,18.66
fold2_room1_mix0010,46,4,0,164,-1,19.40
fold2_room1_mix0010,47,4,0,163,-2,17.39
fold2_room1_mix0010,48,4,0,162,-2,17.06
fold2_room1_mix0010,49,4,0,160,-2,16.55
fold2_room1_mix0010,50,4,0,160,-2,15.90
fold2_room1_mix0010,51,4,0,159,-2,14.60
fold2_room1_mix0010,52,4,0,155,-2,14.17
fold2_room1_mix0010,53,4,0,152,-3,13.10
fold2_room1_mix0010,54,4,0,153,-3,12.68
fold2_room1_mix0010,55,4,0,152,-3,11.63
fold2_room1_mix0010,56,4,0,150,-3,11.45
fold2_room1_mix0010,57,4,0,149,-4,10.44
fold2_room1_mix0010,58,4,0,146,-4,9.87
fold2_room1_mix0010,59,4,0,142,-4,9.65
fold2_room1_mix0010,60,4,0,140,-5,8.80
fold2_room1_mix0010,61,4,0,138,-5,8.07
fold2_room1_mix0010,62,4,0,134,-5,7.69
fold2_room1_mix0010,63,4,0,128,-6,6.88
fold2_room1_mix0010,64,4,0,122,-5,6.54
fold2_room1_mix0010,65,4,0,114,-6,5.92
fold2_room1_mix0010,66,4,0,103,-7,5.58
fold2_room1_mix0010,67,4,0,94,-7,5.70
fold2_room1_mix0010,68,4,0,87,-8,5.69
fold2_room1_mix0010,69,4,0,77,-7,6.06
fold2_room1_mix0010,70,4,0,69,-6,6.22
fold2_room1_mix0010,71,4,0,60,-5,6.26
fold2_room1_mix0010,72,4,0,53,-5,7.18
fold2_room1_mix0010,73,4,0,48,-5,7.23
fold2_room1_mix0010,74,4,0,44,-4,7.60
fold2_room1_mix0010,75,4,0,41,-4,8.54
fold2_room1_mix0010,76,4,0,37,-4,8.96
fold2_room1_mix0010,77,4,0,34,-3,9.23
fold2_room1_mix0010,78,4,0,32,-3,10.30
fold2_room1_mix0010,79,4,0,30,-3,10.84
fold2_room1_mix0010,80,4,0,28,-3,11.66
fold2_room1_mix0010,81,4,0,27,-3,12.47
fold2_room1_mix0010,82,4,0,26,-3,13.02
fold2_room1_mix0010,83,4,0,24,-3,13.45
fold2_room1_mix0010,84,4,0,23,-2,15.07
fold2_room1_mix0010,85,4,0,22,-2,15.65
fold2_room1_mix0010,86,4,0,20,-2,15.87
fold2_room1_mix0010,87,4,0,19,-2,16.56
fold2_room1_mix0010,88,4,0,18,-2,18.37
fold2_room1_mix0010,89,4,0,17,-2,18.53
fold2_room1_mix0010,90,4,0,17,-2,19.31
fold2_room1_mix0010,91,4,0,17,-1,21.06
fold2_room1_mix0010,92,4,0,16,-2,21.26
fold2_room1_mix0010,93,4,0,16,-1,21.17
fold2_room1_mix0010,94,4,0,15,-1,22.37
fold2_room1_mix0010,95,4,0,15,-2,21.99
fold2_room1_mix0010,96,4,0,15,-2,23.56
fold2_room1_mix0010,97,4,0,14,-2,24.66
fold2_room1_mix0010,98,4,0,14,-2,24.44
fold2_room1_mix0010,99,4,0,14,-2,23.87
fold2_room1_mix0011,34,4,0,179,0,4.26
fold2_room1_mix0011,35,4,0,-176,0,11.58
fold2_room1_mix0011,36,4,0,-173,0,14.13
fold2_room1_mix0011,37,4,0,-173,0,17.09
fold2_room1_mix0011,38,4,0,-169,0,18.77
fold2_room1_mix0011,39,4,0,-167,-1,20.05
fold2_room1_mix0011,40,4,0,-166,0,22.31
fold2_room1_mix0011,41,4,0,-167,0,20.64
fold2_room1_mix0011,42,4,0,-165,0,20.72
fold2_room1_mix0011,43,4,0,-163,0,19.68
fold2_room1_mix0011,44,4,0,-163,0,20.21
fold2_room1_mix0011,45,4,0,-162,-1,18.72
fold2_room1_mix0011,46,4,0,-160,-1,18.26
fold2_room1_mix0011,47,4,0,-161,-1,18.66
fold2_room1_mix0011,48,4,0,-158,-1,18.04
fold2_room1_mix0011,49,4,0,-159,-1,17.53
fold2_room1_mix0011,50,4,0,-159,-1,16.62
fold2_room1_mix0011,51,4,0,-156,-1,15.42
fold2_room1_mix0011,52,4,0,-157,-1,16.29
fold2_room1_mix0011,53,4,0,-159,-1,16.68
fold2_room1_mix0011,54,4,0,-157,-1,15.25
fold2_room1_mix0011,55,0,0,-141,-4,4.70
fold2_room1_mix0011,55,4,0,-159,-1,13.66
fold2_room1_mix0011,56,0,0,-146,-4,6.07
fold2_room1_mix0011,56,4,0,-156,-2,12.95
fold2_room1_mix0011,57,0,0,-148,-3,7.21
fold2_room1_mix0011,57,4,0,-161,-2,12.43
fold2_room1_mix0011,58,0,0,-146,-4,9.43
fold2_room1_mix0011,58,4,0,-156,-2,11.53
fold2_room1_mix0011,59,0,0,-146,-3,10.67
fold2_room1_mix0011,59,4,0,-160,-2,11.81
fold2_room1_mix0011,60,0,0,-148,-4,10.15
fold2_room1_mix0011,60,4,0,-160,-3,11.07
fold2_room1_mix0011,61,0,0,-148,-3,10.17
fold2_room1_mix0011,61,4,0,-157,-2,10.12
fold2_room1_mix0011,62,0,0,-152,-3,12.26
fold2_room1_mix0011,62,4,0,-155,-2,10.41
fold2_room1_mix0011,63,0,0,-153,-3,12.03
fold2_room1_mix0011,63,4,0,-153,-3,10.61
fold2_room1_mix0011,64,0,0,-158,-3,12.52
fold2_room1_mix0011,64,4,0,-148,-3,10.08
fold2_room1_mix0011,65,0,0,-160,-3,13.48
fold2_room1_mix0011,65,4,0,-147,-3,9.44
fold2_room1_mix0011,66,0,0,-160,-2,13.36
fold2_room1_mix0011,66,4,0,-144,-3,9.30
fold2_room1_mix0011,67,0,0,-161,-2,14.61
fold2_room1_mix0011,67,4,0,-141,-3,8.64
fold2_room1_mix0011,68,0,0,-160,-2,14.80
fold2_room1_mix0011,68,4,0,-137,-3,8.41
fold2_room1_mix0011,69,0,0,-158,-3,13.07
fold2_room1_mix0011,69,4,0,-137,-4,8.33
fold2_room1_mix0011,70,0,0,-159,-2,13.21
fold2_room1_mix0011,70,4,0,-134,-4,8.08
fold2_room1_mix0011,71,0,0,-154,-2,12.18
fold2_room1_mix0011,71,4,0,-129,-5,7.80
fold2_room1_mix0011,72,0,0,-147,-3,11.03
fold2_room1_mix0011,72,4,0,-127,-5,7.97
fold2_room1_mix0011,73,0,0,-146,-3,10.12
fold2_room1_mix0011,73,4,0,-119,-5,7.38
fold2_room1_mix0011,74,0,0,-148,-3,11.11
fold2_room1_mix0011,74,4,0,-120,-5,6.88
fold2_room1_mix0011,75,0,0,-154,-3,13.18
fold2_room1_mix0011,75,4,0,-115,-5,7.14
fold2_room1_mix0011,76,0,0,-159,-2,14.77
fold2_room1_mix0011,76,4,0,-107,-6,6.43
fold2_room1_mix0011,77,0,0,-163,-2,16.97
fold2_room1_mix0011,77,4,0,-98,-6,6.24
fold2_room1_mix0011,78,0,0,-161,-2,15.94
fold2_room1_mix0011,78,4,0,-90,-6,6.27
fold2_room1_mix0011,79,0,0,-165,-2,17.81
fold2_room1_mix0011,79,4,0,-83,-6,6.49
fold2_room1_mix0011,80,0,0,-172,-1,20.30
fold2_room1_mix0011,80,4,0,-83,-6,6.60
fold2_room1_mix0011,81,0,0,-171,-1,20.53
fold2_room1_mix0011,81,4,0,-72,-6,6.79
fold2_room1_mix0011,82,0,0,-173,-1,21.38
fold2_room1_mix0011,82,4,0,-71,-5,7.02
fold2_room1_mix0011,83,0,0,-173,-1,20.22
fold2_room1_mix0011,83,4,0,-63,-5,7.38
fold2_room1_mix0011,84,0,0,-172,-1,20.88
fold2_room1_mix0011,84,4,0,-61,-5,7.50
fold2_room1_mix0011,85,0,0,-173,-1,24.71
fold2_room1_mix0011,85,4,0,-59,-4,8.09
fold2_room1_mix0011,86,0,0,-173,-1,24.18
fold2_room1_mix0011,86,4,0,-56,-5,8.05
fold2_room1_mix0011,87,0,0,-174,-1,26.11
fold2_room1_mix0011,87,4,0,-55,-4,8.85
fold2_room1_mix0011,88,0,0,-174,-1,29.30
fold2_room1_mix0011,88,4,0,-50,-4,9.75
fold2_room1_mix0011,89,0,0,-173,-1,29.06
fold2_room1_mix0011,89,4,0,-46,-3,9.53
fold2_room1_mix0011,90,0,0,-173,-1,29.65
fold2_room1_mix0011,90,4,0,-43,-3,10.21
fold2_room1_mix0011,91,0,0,-172,-1,30.71
fold2_room1_mix0011,91,4,0,-42,-3,11.27
fold2_room1_mix0011,92,0,0,-174,-1,32.01
fold2_room1_mix0011,92,4,0,-40,-3,11.97
fold2_room1_mix0011,93,0,0,-173,-1,33.89
fold2_room1_mix0011,93,4,0,-39,-2,11.91
fold2_room1_mix0011,94,0,0,-175,-1,35.19
fold2_room1_mix0011,94,4,0,-36,-2,13.04
fold2_room1_mix0011,95,0,0,-175,-1,32.08
fold2_room1_mix0011,95,4,0,-32,-2,13.57
fold2_room1_mix0011,96,0,0,-176,0,13.03
fold2_room1_mix0011,96,4,0,-29,-2,14.21
fold2_room1_mix0011,97,0,0,-176,0,6.71
fold2_room1_mix0011,97,4,0,-30,-2,14.63
fold2_room1_mix0011,98,0,0,-176,0,6.29
fold2_room1_mix0011,98,4,0,-29,-2,15.48
fold2_room1_mix0011,99,4,0,-28,-2,14.96
fold2_room1_mix0012,4,4,0,0,0,4.73
fold2_room1_mix0012,5,4,0,2,0,22.94
fold2_room1_mix0012,6,4,0,3,0,22.83
fold2_room1_mix0012,7,4,0,2,0,27.36
fold2_room1_mix0012,8,4,0,3,0,36.46
fold2_room1_mix0012,9,4,0,5,-1,46.41
fold2_room1_mix0012,10,4,0,4,-1,45.84
fold2_room1_mix0012,11,4,0,4,-1,45.21
fold2_room1_mix0012,12,4,0,7,-1,46.37
fold2_room1_mix0012,13,4,0,4,-1,45.48
fold2_room1_mix0012,14,4,0,5,0,44.66
fold2_room1_mix0012,15,4,0,3,0,44.65
fold2_room1_mix0012,16,4,0,5,-1,44.47
fold2_room1_mix0012,17,4,0,4,0,44.12
fold2_room1_mix0012,18,4,0,4,0,44.00
fold2_room1_mix0012,19,4,0,3,0,43.15
fold2_room1_mix0012,20,4,0,4,0,42.71
fold2_room1_mix0012,21,4,0,4,0,44.73
fold2_room1_mix0012,22,4,0,3,0,41.13
fold2_room1_mix0012,23,4,0,4,0,38.75
fold2_room1_mix0012,24,4,0,3,0,39.16
fold2_room1_mix0012,25,4,0,4,0,37.08
fold2_room1_mix0012,26,3,0,59,-4,6.86
fold2_room1_mix0012,26,4,0,3,0,38.60
fold2_room1_mix0012,27,3,0,43,-3,17.00
fold2_room1_mix0012,27,4,0,2,0,38.15
fold2_room1_mix0012,28,3,0,37,-2,14.31
fold2_room1_mix0012,28,4,0,3,0,33.88
fold2_room1_mix0012,29,3,0,40,-2,12.62
fold2_room1_mix0012,29,4,0,0,-1,32.01
fold2_room1_mix0012,30,3,0,37,-2,11.91
fold2_room1_mix0012,30,4,0,1,0,33.52
fold2_room1_mix0012,31,3,0,36,-2,11.41
fold2_room1_mix0012,31,4,0,1,0,32.35
fold2_room1_mix0012,32,3,0,45,-3,10.61
fold2_room1_mix0012,32,4,0,0,-1,31.70
fold2_room1_mix0012,33,3,0,40,-3,9.27
fold2_room1_mix0012,33,4,0,0,-1,32.19
fold2_room1_mix0012,34,3,0,39,-3,9.25
fold2_room1_mix0012,34,4,0,3,-1,31.85
fold2_room1_mix0012,35,3,0,39,-4,7.26
fold2_room1_mix0012,35,4,0,3,-1,31.01
fold2_room1_mix0012,36,3,0,34,-4,7.27
fold2_room1_mix0012,36,4,0,2,-1,28.83
fold2_room1_mix0012,37,3,0,33,-4,5.50
fold2_room1_mix0012,37,4,0,2,0,29.38
fold2_room1_mix0012,38,4,0,3,0,30.13
fold2_room1_mix0012,39,4,0,3,-1,29.01
fold2_room1_mix0012,40,4,0,4,0,28.03
fold2_room1_mix0012,41,4,0,3,-1,25.77
fold2_room1_mix0012,42,4,0,5,-1,23.54
fold2_room1_mix0012,43,4,0,2,-1,24.07
fold2_room1_mix0012,44,3,0,56,-4,8.63
fold2_room1_mix0012,44,4,0,2,-1,25.70
fold2_room1_mix0012,45,3,0,76,-4,13.14
fold2_room1_mix0012,45,4,0,2,-1,24.58
fold2_room1_mix0012,46,3,0,74,-4,14.09
fold2_room1_mix0012,46,4,0,1,-1,25.32
fold2_room1_mix0012,47,3,0,74,-4,10.94
fold2_room1_mix0012,47,4,0,1,-1,22.92
fold2_room1_mix0012,48,3,0,73,-4,12.35
fold2_room1_mix0012,48,4,0,0,-1,22.00
fold2_room1_mix0012,49,3,0,65,-4,11.63
fold2_room1_mix0012,49,4,0,1,-2,20.68
fold2_room1_mix0012,50,3,0,65,-4,10.92
fold2_room1_mix0012,50,4,0,0,-1,19.21
fold2_room1_mix0012,51,3,0,64,-3,10.47
fold2_room1_mix0012,51,4,0,0,-1,18.94
fold2_room1_mix0012,52,3,0,69,-4,9.63
fold2_room1_mix0012,52,4,0,0,-1,18.13
fold2_room1_mix0012,53,3,0,58,-4,9.20
fold2_room1_mix0012,53,4,0,1,-2,16.41
fold2_room1_mix0012,54,3,0,64,-4,8.31
fold2_room1_mix0012,54,4,0,1,-2,14.42
fold2_room1_mix0012,55,3,0,66,-4,6.95
fold2_room1_mix0012,55,4,0,1,-2,13.09
fold2_room1_mix0012,56,3,0,71,-5,6.48
fold2_room1_mix0012,56,4,0,0,-2,12.21
fold2_room1_mix0012,57,4,0,2,-2,11.21
fold2_room1_mix0012,58,4,0,3,-3,10.40
fold2_room1_mix0012,59,4,0,4,-3,9.00
fold2_room1_mix0012,60,4,0,5,-3,7.53
fold2_room1_mix0012,61,4,0,5,-4,6.53
fold2_room1_mix0012,62,4,0,5,-4,5.28
fold2_room1_mix0012,63,4,0,6,-5,4.35
fold2_room1_mix0012,64,4,0,7,-6,3.51
fold2_room1_mix0012,65,4,0,11,-8,2.68
fold2_room1_mix0012,66,4,0,17,-10,1.74
fold2_room1_mix0012,67,4,0,31,-13,0.88
fold2_room1_mix0012,68,4,0,126,-17,0.73
fold2_room1_mix0012,68,4,0,107,-23,0.59
fold2_room1_mix0012,69,4,0,156,-9,0.96
fold2_room1_mix0012,70,4,0,167,-6,1.59
fold2_room1_mix0012,71,4,0,170,-5,2.74
fold2_room1_mix0012,72,4,0,171,-4,3.38
fold2_room1_mix0012,73,4,0,174,-3,4.26
fold2_room1_mix0012,74,4,0,176,-2,4.93
fold2_room1_mix0012,75,4,0,177,-2,5.86
fold2_room1_mix0012,76,4,0,177,-1,6.80
fold2_room1_mix0012,77,4,0,178,-1,7.29
fold2_room1_mix0012,78,4,0,177,-1,7.95
fold2_room1_mix0012,79,4,0,177,-1,9.11
fold2_room1_mix0012,80,4,0,178,-1,10.06
fold2_room1_mix0012,81,4,0,177,-1,10.74
fold2_room1_mix0012,82,4,0,177,-1,11.64
fold2_room1_mix0012,83,4,0,178,-1,12.75
fold2_room1_mix0012,84,4,0,178,0,13.13
fold2_room1_mix0012,85,4,0,178,0,14.23
fold2_room1_mix0012,86,4,0,178,0,14.79
fold2_room1_mix0012,87,4,0,178,0,15.12
fold2_room1_mix0012,88,4,0,179,0,16.72
fold2_room1_mix0012,89,4,0,178,0,17.04
fold2_room1_mix0012,90,4,0,178,0,17.57
fold2_room1_mix0012,91,4,0,178,0,19.81
fold2_room1_mix0012,92,4,0,178,0,20.01
fold2_room1_mix0012,93,4,0,178,0,20.57
fold2_room1_mix0012,94,4,0,178,0,20.90
fold2_room1_mix0012,95,4,0,178,0,22.05
fold2_room1_mix0012,96,4,0,178,0,21.84
fold2_room1_mix0012,97,4,0,177,0,23.68
fold2_room1_mix0012,98,4,0,178,0,24.64
fold2_room1_mix0012,99,4,0,179,0,24.97
fold2_room1_mix0013,6,4,0,177,0,15.19
fold2_room1_mix0013,7,4,0,178,0,18.09
fold2_room1_mix0013,8,4,0,177,0,22.27
fold2_room1_mix0013,9,4,0,176,0,29.21
fold2_room1_mix0013,10,4,0,178,0,31.87
fold2_room1_mix0013,11,4,0,175,-1,35.12
fold2_room1_mix0013,12,4,0,177,0,34.47
fold2_room1_mix0013,13,4,0,177,0,38.39
fold2_room1_mix0013,14,4,0,176,0,35.36
fold2_room1_mix0013,15,4,0,176,0,35.84
fold2_room1_mix0013,16,4,0,176,0,37.94
fold2_room1_mix0013,17,4,0,175,0,40.14
fold2_room1_mix0013,18,4,0,178,0,41.58
fold2_room1_mix0013,19,3,0,-31,-3,8.16
fold2_room1_mix0013,19,4,0,171,0,34.95
fold2_room1_mix0013,20,3,0,-39,-3,11.43
fold2_room1_mix0013,20,4,0,172,0,28.60
fold2_room1_mix0013,21,3,0,-40,-3,10.83
fold2_room1_mix0013,21,4,0,172,0,29.72
fold2_room1_mix0013,22,3,0,-35,-2,8.12
fold2_room1_mix0013,22,4,0,174,0,29.00
fold2_room1_mix0013,23,4,0,171,0,33.97
fold2_room1_mix0013,24,3,0,-43,-2,6.24
fold2_room1_mix0013,24,4,0,174,0,29.60
fold2_room1_mix0013,25,4,0,174,0,42.09
fold2_room1_mix0013,26,4,0,175,0,38.96
fold2_room1_mix0013,27,4,0,175,0,38.27
fold2_room1_mix0013,28,4,0,176,0,41.68
fold2_room1_mix0013,29,3,0,-36,-3,8.31
fold2_room1_mix0013,29,4,0,172,0,32.40
fold2_room1_mix0013,30,3,0,-42,-3,12.98
fold2_room1_mix0013,30,4,0,173,0,32.09
fold2_room1_mix0013,31,3,0,-43,-3,11.33
fold2_room1_mix0013,31,4,0,173,0,29.73
fold2_room1_mix0013,32,3,0,-45,-3,10.30
fold2_room1_mix0013,32,4,0,173,0,28.23
fold2_room1_mix0013,33,3,0,-43,-3,9.55
fold2_room1_mix0013,33,4,0,172,0,29.30
fold2_room1_mix0013,34,3,0,-43,-3,9.39
fold2_room1_mix0013,34,4,0,174,0,28.73
fold2_room1_mix0013,35,3,0,-45,-3,8.78
fold2_room1_mix0013,35,4,0,175,0,26.98
fold2_room1_mix0013,36,3,0,-43,-3,9.39
fold2_room1_mix0013,36,4,0,175,0,27.21
fold2_room1_mix0013,37,3,0,-44,-3,8.85
fold2_room1_mix0013,37,4,0,175,0,27.41
fold2_room1_mix0013,38,3,0,-45,-3,9.29
fold2_room1_mix0013,38,4,0,174,0,28.01
fold2_room1_mix0013,39,3,0,-45,-2,9.13
fold2_room1_mix0013,39,4,0,172,0,28.05
fold2_room1_mix0013,40,3,0,-51,-3,7.68
fold2_room1_mix0013,40,4,0,172,0,26.74
fold2_room1_mix0013,41,4,0,176,0,30.63
fold2_room1_mix0013,42,4,0,176,0,31.28
fold2_room1_mix0013,43,3,0,-54,-3,12.59
fold2_room1_mix0013,43,4,0,172,0,26.93
fold2_room1_mix0013,44,3,0,-58,-4,9.59
fold2_room1_mix0013,44,4,0,173,0,27.19
fold2_room1_mix0013,45,3,0,-56,-4,9.78
fold2_room1_mix0013,45,4,0,174,0,29.42
fold2_room1_mix0013,46,3,0,-61,-4,7.50
fold2_room1_mix0013,46,4,0,173,0,28.96
fold2_room1_mix0013,47,3,0,-56,-4,8.03
fold2_room1_mix0013,47,4,0,175,0,30.02
fold2_room1_mix0013,48,3,0,-65,-5,8.00
fold2_room1_mix0013,48,4,0,176,0,28.76
fold2_room1_mix0013,49,3,0,-59,-4,7.20
fold2_room1_mix0013,49,4,0,174,0,27.13
fold2_room1_mix0013,50,3,0,-61,-4,7.54
fold2_room1_mix0013,50,4,0,174,0,28.61
fold2_room1_mix0013,51,3,0,-72,-5,6.75
fold2_room1_mix0013,51,4,0,172,0,25.79
fold2_room1_mix0013,52,3,0,-71,-5,7.59
fold2_room1_mix0013,52,4,0,172,0,25.09
fold2_room1_mix0013,53,3,0,-88,-5,8.08
fold2_room1_mix0013,53,4,0,172,0,25.27
fold2_room1_mix0013,54,3,0,-95,-5,7.87
fold2_room1_mix0013,54,4,0,172,-1,23.76
fold2_room1_mix0013,55,3,0,-88,-4,7.14
fold2_room1_mix0013,55,4,0,172,-1,21.99
fold2_room1_mix0013,56,3,0,-90,-4,3.11
fold2_room1_mix0013,56,4,0,172,0,22.98
fold2_room1_mix0013,57,3,0,-92,-5,12.84
fold2_room1_mix0013,57,4,0,172,0,22.40
fold2_room1_mix0013,58,3,0,-94,-5,9.26
fold2_room1_mix0013,58,4,0,174,0,23.88
fold2_room1_mix0013,59,3,0,-97,-6,9.17
fold2_room1_mix0013,59,4,0,171,0,23.62
fold2_room1_mix0013,60,3,0,-91,-5,8.20
fold2_room1_mix0013,60,4,0,169,0,22.83
fold2_room1_mix0013,61,3,0,-95,-6,7.56
fold2_room1_mix0013,61,4,0,169,-1,22.57
fold2_room1_mix0013,62,3,0,-89,-6,7.84
fold2_room1_mix0013,62,4,0,167,-1,23.36
fold2_room1_mix0013,63,3,0,-91,-6,8.36
fold2_room1_mix0013,63,4,0,170,-1,21.41
fold2_room1_mix0013,64,3,0,-91,-6,7.04
fold2_room1_mix0013,64,4,0,167,-1,20.32
fold2_room1_mix0013,65,3,0,-94,-6,7.13
fold2_room1_mix0013,65,4,0,168,-2,19.14
fold2_room1_mix0013,66,3,0,-95,-5,7.77
fold2_room1_mix0013,66,4,0,167,-2,16.63
fold2_room1_mix0013,67,3,0,-97,-5,7.93
fold2_room1_mix0013,67,4,0,168,-2,15.69
fold2_room1_mix0013,68,4,0,168,-2,16.28
fold2_room1_mix0013,69,4,0,169,-3,14.26
fold2_room1_mix0013,70,4,0,168,-3,12.55
fold2_room1_mix0013,71,4,0,169,-3,11.80
fold2_room1_mix0013,72,4,0,166,-3,11.22
fold2_room1_mix0013,73,4,0,166,-4,10.00
fold2_room1_mix0013,74,4,0,164,-4,9.30
fold2_room1_mix0013,75,4,0,163,-5,8.32
fold2_room1_mix0013,76,4,0,159,-6,7.29
fold2_room1_mix0013,77,4,0,155,-6,6.27
fold2_room1_mix0013,78,4,0,151,-8,5.02
fold2_room1_mix0013,79,4,0,148,-9,4.27
fold2_room1_mix0013,80,4,0,142,-11,3.45
fold2_room1_mix0013,81,4,0,130,-13,2.96
fold2_room1_mix0013,82,4,0,108,-16,2.62
fold2_room1_mix0013,83,4,0,84,-18,2.21
fold2_room1_mix0013,84,4,0,59,-14,2.49
fold2_room1_mix0013,85,4,0,42,-10,3.00
fold2_room1_mix0013,86,4,0,31,-8,3.40
fold2_room1_mix0013,87,4,0,27,-8,3.87
fold2_room1_mix0013,88,4,0,23,-6,4.84
fold2_room1_mix0013,89,4,0,21,-5,5.44
fold2_room1_mix0013,90,4,0,18,-4,6.30
fold2_room1_mix0013,91,4,0,16,-4,7.35
fold2_room1_mix0013,92,4,0,14,-3,8.28
fold2_room1_mix0013,93,4,0,13,-3,9.12
fold2_room1_mix0013,94,4,0,12,-3,9.83
fold2_room1_mix0013,95,4,0,11,-3,10.72
fold2_room1_mix0013,96,4,0,11,-3,11.21
fold2_room1_mix0013,97,4,0,10,-2,12.47
fold2_room1_mix0013,98,4,0,10,-2,14.22
fold2_room1_mix0013,99,4,0,10,-2,13.84
fold2_room1_mix0014,1,4,0,177,0,0.91
fold2_room1_mix0014,2,4,0,178,0,2.24
fold2_room1_mix0014,3,4,0,177,0,7.13
fold2_room1_mix0014,4,4,0,174,-1,9.97
fold2_room1_mix0014,5,4,0,175,-1,11.62
fold2_room1_mix0014,6,4,0,176,-1,14.19
fold2_room1_mix0014,7,4,0,174,-1,18.69
fold2_room1_mix0014,8,4,0,173,-1,18.97
fold2_room1_mix0014,9,4,0,175,-1,18.47
fold2_room1_mix0014,10,4,0,174,-1,17.47
fold2_room1_mix0014,11,4,0,174,-1,17.75
fold2_room1_mix0014,12,4,0,174,-1,18.32
fold2_room1_mix0014,13,4,0,175,-1,18.91
fold2_room1_mix0014,14,2,0,-82,-2,10.54
fold2_room1_mix0014,14,4,0,172,-1,20.20
fold2_room1_mix0014,15,4,0,175,-1,20.23
fold2_room1_mix0014,16,4,0,176,-1,17.43
fold2_room1_mix0014,17,4,0,174,-1,17.45
fold2_room1_mix0014,18,4,0,175,-1,16.07
fold2_room1_mix0014,19,4,0,177,-1,16.25
fold2_room1_mix0014,20,2,0,-94,-3,10.85
fold2_room1_mix0014,20,4,0,175,-2,16.77
fold2_room1_mix0014,21,2,0,-84,-3,11.30
fold2_room1_mix0014,21,4,0,174,-2,16.99
fold2_room1_mix0014,22,2,0,-87,-2,11.01
fold2_room1_mix0014,22,4,0,175,-3,15.22
fold2_room1_mix0014,23,2,0,-91,-2,11.50
fold2_room1_mix0014,23,4,0,175,-3,15.38
fold2_room1_mix0014,24,2,0,-90,-2,13.04
fold2_room1_mix0014,24,4,0,175,-3,14.43
fold2_room1_mix0014,25,4,0,-175,-2,17.84
fold2_room1_mix0014,25,4,0,163,-4,10.84
fold2_room1_mix0014,26,4,0,177,-3,14.77
fold2_room1_mix0014,27,4,0,178,-2,15.86
fold2_room1_mix0014,28,4,0,176,-2,15.58
fold2_room1_mix0014,29,2,0,-83,-2,12.30
fold2_room1_mix0014,29,4,0,174,-3,15.55
fold2_room1_mix0014,30,2,0,-86,-2,14.66
fold2_room1_mix0014,30,4,0,174,-3,15.65
fold2_room1_mix0014,31,2,0,-88,-2,13.16
fold2_room1_mix0014,31,4,0,174,-3,16.02
fold2_room1_mix0014,32,2,0,-87,-2,12.37
fold2_room1_mix0014,32,4,0,174,-3,14.48
fold2_room1_mix0014,33,2,0,-88,-2,13.16
fold2_room1_mix0014,33,4,0,174,-3,14.39
fold2_room1_mix0014,34,2,0,-88,-3,12.72
fold2_room1_mix0014,34,4,0,174,-3,13.45
fold2_room1_mix0014,35,4,0,176,-3,13.07
fold2_room1_mix0014,36,4,0,175,-3,12.42
fold2_room1_mix0014,37,4,0,175,-4,11.72
fold2_room1_mix0014,38,4,0,174,-4,11.37
fold2_room1_mix0014,39,2,0,-81,-2,10.37
fold2_room1_mix0014,39,4,0,173,-4,12.63
fold2_room1_mix0014,40,2,0,-85,-2,12.45
fold2_room1_mix0014,40,4,0,172,-4,12.98
fold2_room1_mix0014,41,2,0,-86,-2,11.81
fold2_room1_mix0014,41,4,0,173,-5,11.85
fold2_room1_mix0014,42,2,0,-82,-2,13.10
fold2_room1_mix0014,42,4,0,171,-5,10.54
fold2_room1_mix0014,43,2,0,-87,-2,13.59
fold2_room1_mix0014,43,4,0,171,-5,10.78
fold2_room1_mix0014,44,2,0,-88,-3,12.39
fold2_room1_mix0014,44,4,0,175,-4,12.99
fold2_room1_mix0014,44,4,0,159,-9,5.46
fold2_room1_mix0014,45,4,0,176,-4,11.51
fold2_room1_mix0014,45,4,0,156,-10,4.33
fold2_room1_mix0014,46,4,0,176,-4,11.15
fold2_room1_mix0014,46,4,0,152,-11,3.71
fold2_room1_mix0014,47,4,0,174,-4,10.63
fold2_room1_mix0014,47,4,0,156,-9,4.13
fold2_room1_mix0014,48,4,0,172,-5,9.27
fold2_room1_mix0014,48,4,0,150,-10,3.54
fold2_room1_mix0014,49,2,0,-82,-2,10.46
fold2_room1_mix0014,49,4,0,171,-4,11.14
fold2_room1_mix0014,49,4,0,149,-12,4.01
fold2_room1_mix0014,50,2,0,-88,-3,10.97
fold2_room1_mix0014,50,4,0,168,-4,11.64
fold2_room1_mix0014,50,4,0,147,-15,3.13
fold2_room1_mix0014,51,2,0,-85,-2,11.58
fold2_room1_mix0014,51,4,0,168,-4,10.54
fold2_room1_mix0014,51,4,0,139,-17,2.69
fold2_room1_mix0014,52,2,0,-85,-3,11.11
fold2_room1_mix0014,52,4,0,168,-5,9.41
fold2_room1_mix0014,52,4,0,129,-16,3.30
fold2_room1_mix0014,53,2,0,-86,-3,11.82
fold2_room1_mix0014,53,4,0,167,-5,9.41
fold2_room1_mix0014,53,4,0,123,-17,2.89
fold2_room1_mix0014,54,2,0,-86,-3,10.83
fold2_room1_mix0014,54,4,0,165,-5,7.94
fold2_room1_mix0014,54,4,0,105,-18,2.69
fold2_room1_mix0014,55,4,0,167,-5,8.59
fold2_room1_mix0014,55,4,0,96,-18,2.40
fold2_room1_mix0014,56,4,0,164,-5,7.52
fold2_room1_mix0014,56,4,0,73,-17,2.37
fold2_room1_mix0014,57,4,0,167,-4,8.41
fold2_room1_mix0014,57,4,0,64,-18,2.12
fold2_room1_mix0014,58,4,0,162,-5,7.42
fold2_room1_mix0014,58,4,0,54,-14,2.62
fold2_room1_mix0014,59,2,0,-87,-3,8.44
fold2_room1_mix0014,59,4,0,160,-6,6.68
fold2_room1_mix0014,59,4,0,44,-13,3.03
fold2_room1_mix0014,60,2,0,-83,-3,10.04
fold2_room1_mix0014,60,4,0,164,-5,7.59
fold2_room1_mix0014,60,4,0,44,-14,2.97
fold2_room1_mix0014,61,2,0,-82,-2,11.31
fold2_room1_mix0014,61,4,0,162,-5,7.21
fold2_room1_mix0014,61,4,0,42,-11,3.38
fold2_room1_mix0014,62,2,0,-79,-3,10.09
fold2_room1_mix0014,62,4,0,164,-6,6.83
fold2_room1_mix0014,62,4,0,42,-12,3.50
fold2_room1_mix0014,63,2,0,-79,-2,10.06
fold2_room1_mix0014,63,4,0,164,-6,6.77
fold2_room1_mix0014,63,4,0,30,-11,3.95
fold2_room1_mix0014,64,2,0,-79,-2,9.08
fold2_room1_mix0014,64,4,0,163,-6,6.30
fold2_room1_mix0014,64,4,0,24,-8,5.02
fold2_room1_mix0014,65,4,0,168,-5,6.97
fold2_room1_mix0014,65,4,0,26,-9,4.57
fold2_room1_mix0014,66,4,0,165,-6,6.38
fold2_room1_mix0014,66,4,0,23,-8,5.12
fold2_room1_mix0014,67,4,0,162,-7,5.77
fold2_room1_mix0014,67,4,0,21,-7,5.73
fold2_room1_mix0014,68,4,0,159,-7,5.73
fold2_room1_mix0014,68,4,0,22,-6,6.47
fold2_room1_mix0014,69,2,0,-81,-1,1.68
fold2_room1_mix0014,69,4,0,159,-8,5.25
fold2_room1_mix0014,69,4,0,21,-5,6.95
fold2_room1_mix0014,70,2,0,-82,-2,4.27
fold2_room1_mix0014,70,4,0,162,-9,4.90
fold2_room1_mix0014,70,4,0,20,-5,7.29
fold2_room1_mix0014,71,2,0,-81,-2,4.81
fold2_room1_mix0014,71,4,0,163,-9,4.72
fold2_room1_mix0014,71,4,0,20,-4,8.17
fold2_room1_mix0014,72,2,0,-85,-2,3.52
fold2_room1_mix0014,72,4,0,159,-10,3.96
fold2_room1_mix0014,72,4,0,21,-3,8.27
fold2_room1_mix0014,73,2,0,-82,-2,5.56
fold2_room1_mix0014,73,4,0,160,-10,3.84
fold2_room1_mix0014,73,4,0,21,-2,8.75
fold2_room1_mix0014,74,2,0,-81,-2,3.43
fold2_room1_mix0014,74,4,0,161,-10,3.77
fold2_room1_mix0014,74,4,0,20,-3,8.30
fold2_room1_mix0014,75,4,0,159,-12,3.44
fold2_room1_mix0014,75,4,0,19,-1,9.93
fold2_room1_mix0014,76,4,0,158,-12,3.41
fold2_room1_mix0014,76,4,0,19,-2,9.56
fold2_room1_mix0014,77,4,0,148,-14,3.67
fold2_room1_mix0014,77,4,0,17,-1,9.83
fold2_room1_mix0014,78,4,0,146,-16,3.35
fold2_room1_mix0014,78,4,0,18,-1,10.35
fold2_room1_mix0014,79,4,0,147,-18,2.19
fold2_room1_mix0014,79,4,0,131,-16,5.48
fold2_room1_mix0014,79,4,0,19,-1,10.34
fold2_room1_mix0014,80,2,0,-82,-3,3.57
fold2_room1_mix0014,80,4,0,141,-20,1.77
fold2_room1_mix0014,80,4,0,120,-18,5.36
fold2_room1_mix0014,80,4,0,18,0,10.62
fold2_room1_mix0014,81,2,0,-83,-3,3.72
fold2_room1_mix0014,81,4,0,136,-20,1.73
fold2_room1_mix0014,81,4,0,105,-18,5.33
fold2_room1_mix0014,81,4,0,21,0,10.61
fold2_room1_mix0014,82,2,0,-88,-2,5.24
fold2_room1_mix0014,82,4,0,126,-22,2.63
fold2_room1_mix0014,82,4,0,19,1,13.91
fold2_room1_mix0014,83,2,0,-88,-3,2.58
fold2_room1_mix0014,83,4,0,119,-29,1.19
fold2_room1_mix0014,83,4,0,99,-24,3.92
fold2_room1_mix0014,83,4,0,17,0,13.54
fold2_room1_mix0014,84,2,0,-92,-2,2.16
fold2_room1_mix0014,84,4,0,106,-31,1.60
fold2_room1_mix0014,84,4,0,18,0,14.94
fold2_room1_mix0014,85,4,0,85,-32,1.69
fold2_room1_mix0014,85,4,0,16,-1,16.16
fold2_room1_mix0014,86,4,0,63,-29,1.85
fold2_room1_mix0014,86,4,0,17,-2,15.22
fold2_room1_mix0014,87,4,0,58,-28,1.69
fold2_room1_mix0014,87,4,0,42,-21,3.25
fold2_room1_mix0014,87,4,0,16,-3,13.97
fold2_room1_mix0014,88,4,0,39,-20,2.51
fold2_room1_mix0014,88,4,0,16,-1,14.76
fold2_room1_mix0014,89,4,0,30,-18,3.09
fold2_room1_mix0014,89,4,0,16,-2,14.19
fold2_room1_mix0014,90,4,0,24,-11,6.19
fold2_room1_mix0014,91,4,0,19,-10,7.46
fold2_room1_mix0014,92,4,0,16,-9,7.79
fold2_room1_mix0014,93,4,0,15,-8,7.97
fold2_room1_mix0014,94,4,0,14,-7,8.27
fold2_room1_mix0014,95,4,0,12,-6,9.22
fold2_room1_mix0014,96,4,0,11,-6,9.21
fold2_room1_mix0014,97,4,0,10,-6,9.39
fold2_room1_mix0014,98,4,0,12,-6,9.54
fold2_room1_mix0014,99,4,0,8,-6,9.67
fold2_room1_mix0015,59,4,0,10,0,5.41
fold2_room1_mix0015,60,4,0,10,-1,5.54
fold2_room1_mix0015,61,4,0,9,-1,10.33
fold2_room1_mix0015,62,4,0,13,-2,12.93
fold2_room1_mix0015,63,4,0,16,-3,12.10
fold2_room1_mix0015,64,4,0,20,-2,12.51
fold2_room1_mix0015,65,4,0,17,-3,11.33
fold2_room1_mix0015,66,4,0,21,-3,10.35
fold2_room1_mix0015,67,4,0,18,-3,9.88
fold2_room1_mix0015,68,4,0,23,-4,8.93
fold2_room1_mix0015,69,4,0,24,-4,7.92
fold2_room1_mix0015,70,4,0,29,-4,6.94
fold2_room1_mix0015,71,4,0,28,-4,6.19
fold2_room1_mix0015,72,4,0,35,-6,5.29
fold2_room1_mix0015,73,4,0,37,-6,4.45
fold2_room1_mix0015,74,4,0,44,-8,3.71
fold2_room1_mix0015,75,4,0,54,-8,3.48
fold2_room1_mix0015,76,4,0,71,-10,3.17
fold2_room1_mix0015,77,4,0,87,-12,2.84
fold2_room1_mix0015,78,4,0,107,-9,3.07
fold2_room1_mix0015,79,4,0,122,-7,3.23
fold2_room1_mix0015,80,4,0,134,-6,3.74
fold2_room1_mix0015,81,4,0,140,-5,4.37
fold2_room1_mix0015,82,4,0,145,-4,5.17
fold2_room1_mix0015,83,4,0,148,-3,5.69
fold2_room1_mix0015,84,4,0,153,-3,6.58
fold2_room1_mix0015,85,4,0,155,-3,7.25
fold2_room1_mix0015,86,4,0,158,-2,8.24
fold2_room1_mix0015,87,4,0,161,-2,9.22
fold2_room1_mix0015,88,4,0,163,-2,9.36
fold2_room1_mix0015,89,4,0,163,-2,10.28
fold2_room1_mix0015,90,4,0,165,-2,11.22
fold2_room1_mix0015,91,4,0,166,-2,11.91
fold2_room1_mix0015,92,4,0,166,-2,12.20
fold2_room1_mix0015,93,4,0,167,-1,12.57
fold2_room1_mix0015,94,4,0,168,-1,7.58
fold2_room1_mix0015,95,4,0,170,-1,11.85
fold2_room1_mix0015,96,4,0,169,-1,8.44
fold2_room1_mix0016,73,3,0,-47,-4,6.32
fold2_room1_mix0016,74,3,0,-48,-3,14.36
fold2_room1_mix0016,75,3,0,-49,-3,13.92
fold2_room1_mix0016,76,3,0,-53,-2,13.88
fold2_room1_mix0016,77,3,0,-46,-2,11.85
fold2_room1_mix0016,81,3,0,-46,-2,6.48
fold2_room1_mix0016,82,3,0,-45,-2,13.72
fold2_room1_mix0016,83,3,0,-44,-2,14.64
fold2_room1_mix0016,84,3,0,-43,-1,15.79
fold2_room1_mix0016,85,3,0,-44,-2,14.50
fold2_room1_mix0016,86,3,0,-44,-1,15.50
fold2_room1_mix0016,87,3,0,-43,-1,15.44
fold2_room1_mix0016,88,3,0,-39,-1,12.96
fold2_room1_mix0016,93,3,0,-31,-2,8.73
fold2_room1_mix0016,94,3,0,-44,-2,12.80
fold2_room1_mix0016,95,3,0,-45,-2,14.85
fold2_room1_mix0016,96,3,0,-45,-2,11.01
fold2_room1_mix0017,5,4,0,-169,0,14.06
fold2_room1_mix0017,6,4,0,-170,0,13.61
fold2_room1_mix0017,7,4,0,-173,2,3.79
fold2_room1_mix0017,8,4,0,-171,1,5.63
fold2_room1_mix0017,9,4,0,-168,0,21.60
fold2_room1_mix0017,11,4,0,-170,1,20.76
fold2_room1_mix0017,12,4,0,-162,0,25.46
fold2_room1_mix0017,13,4,0,-160,1,22.18
fold2_room1_mix0017,14,4,0,-176,1,20.42
fold2_room1_mix0017,14,4,0,-143,1,20.80
fold2_room1_mix0017,15,4,0,-165,0,13.20
fold2_room1_mix0017,16,4,0,-162,2,5.14
fold2_room1_mix0017,17,4,0,-160,0,17.19
fold2_room1_mix0017,18,4,0,-156,0,11.86
fold2_room1_mix0017,19,4,0,-160,0,23.52
fold2_room1_mix0017,20,4,0,-162,0,17.65
fold2_room1_mix0017,21,4,0,-157,0,25.77
fold2_room1_mix0017,22,4,0,-157,0,24.04
fold2_room1_mix0017,23,4,0,-164,0,24.12
fold2_room1_mix0017,24,4,0,-172,0,26.12
fold2_room1_mix0017,24,4,0,-148,0,24.67
fold2_room1_mix0017,25,4,0,-157,0,25.22
fold2_room1_mix0017,26,4,0,-159,0,25.02
fold2_room1_mix0017,27,4,0,-162,0,25.76
fold2_room1_mix0017,28,4,0,-159,0,25.70
fold2_room1_mix0017,29,4,0,-158,0,24.09
fold2_room1_mix0017,30,4,0,-159,0,24.67
fold2_room1_mix0017,31,4,0,-157,0,23.38
fold2_room1_mix0017,32,4,0,-154,0,23.59
fold2_room1_mix0017,33,4,0,-155,0,22.73
fold2_room1_mix0017,34,4,0,-156,0,22.70
fold2_room1_mix0017,35,4,0,-152,0,22.71
fold2_room1_mix0017,36,4,0,-153,0,20.39
fold2_room1_mix0017,37,4,0,-155,0,21.81
fold2_room1_mix0017,38,4,0,-151,0,21.01
fold2_room1_mix0017,39,4,0,-152,0,20.17
fold2_room1_mix0017,40,4,0,-151,0,19.38
fold2_room1_mix0017,41,4,0,-153,0,18.77
fold2_room1_mix0017,42,4,0,-151,0,18.17
fold2_room1_mix0017,43,4,0,-154,0,18.19
fold2_room1_mix0017,44,4,0,-156,0,17.59
fold2_room1_mix0017,45,4,0,-178,-1,15.85
fold2_room1_mix0017,45,4,0,-162,0,16.22
fold2_room1_mix0017,45,4,0,-137,0,19.67
fold2_room1_mix0017,46,4,0,-175,-2,14.18
fold2_room1_mix0017,46,4,0,-157,0,15.01
fold2_room1_mix0017,46,4,0,-138,0,18.91
fold2_room1_mix0017,47,4,0,-174,-1,13.42
fold2_room1_mix0017,47,4,0,-132,0,17.80
fold2_room1_mix0017,48,4,0,-175,-2,11.95
fold2_room1_mix0017,48,4,0,-135,0,16.26
fold2_room1_mix0017,49,4,0,-173,-3,10.49
fold2_room1_mix0017,49,4,0,-132,0,16.47
fold2_room1_mix0017,50,4,0,-175,-3,10.90
fold2_room1_mix0017,50,4,0,-132,0,15.02
fold2_room1_mix0017,51,4,0,-172,-5,8.34
fold2_room1_mix0017,51,4,0,-131,0,16.13
fold2_room1_mix0017,52,4,0,-171,-5,7.82
fold2_room1_mix0017,52,4,0,-131,0,14.93
fold2_room1_mix0017,53,4,0,-168,-6,6.41
fold2_room1_mix0017,53,4,0,-124,0,16.32
fold2_room1_mix0017,54,4,0,-161,-8,5.18
fold2_room1_mix0017,54,4,0,-130,0,14.19
fold2_room1_mix0017,55,4,0,-154,-10,3.99
fold2_room1_mix0017,55,4,0,-120,0,15.08
fold2_room1_mix0017,56,4,0,-149,-7,6.43
fold2_room1_mix0017,56,4,0,-112,-7,6.39
fold2_room1_mix0017,57,4,0,-136,-5,9.39
fold2_room1_mix0017,57,4,0,-84,-12,3.81
fold2_room1_mix0017,58,4,0,-151,0,14.80
fold2_room1_mix0017,58,4,0,-64,-9,4.58
fold2_room1_mix0017,59,4,0,-135,0,12.37
fold2_room1_mix0017,59,4,0,-46,-10,3.81
fold2_room1_mix0017,60,4,0,-136,0,13.27
fold2_room1_mix0017,60,4,0,-38,-7,4.23
fold2_room1_mix0017,61,4,0,-126,0,14.67
fold2_room1_mix0017,61,4,0,-34,-7,4.36
fold2_room1_mix0017,62,4,0,-127,0,12.91
fold2_room1_mix0017,62,4,0,-31,-6,4.73
fold2_room1_mix0017,63,4,0,-128,0,13.06
fold2_room1_mix0017,63,4,0,-27,-6,5.45
fold2_room1_mix0017,64,4,0,-124,0,11.74
fold2_room1_mix0017,64,4,0,-23,-6,5.19
fold2_room1_mix0017,65,4,0,-115,0,13.46
fold2_room1_mix0017,65,4,0,-25,-5,6.99
fold2_room1_mix0017,66,4,0,-111,0,14.09
fold2_room1_mix0017,66,4,0,-54,-4,8.90
fold2_room1_mix0017,66,4,0,-26,-4,8.07
fold2_room1_mix0017,67,4,0,-108,-1,13.77
fold2_room1_mix0017,67,4,0,-68,-4,9.51
fold2_room1_mix0017,67,4,0,-26,-4,9.23
fold2_room1_mix0017,68,4,0,-102,-1,13.55
fold2_room1_mix0017,68,4,0,-55,-3,10.31
fold2_room1_mix0017,68,4,0,-23,-3,10.19
fold2_room1_mix0017,69,4,0,-105,-1,14.57
fold2_room1_mix0017,69,4,0,-75,-3,10.84
fold2_room1_mix0017,69,4,0,-26,-3,12.18
fold2_room1_mix0017,70,4,0,-100,-1,14.57
fold2_room1_mix0017,70,4,0,-84,-3,11.32
fold2_room1_mix0017,70,4,0,-25,-3,13.37
fold2_room1_mix0017,71,4,0,-94,-2,12.02
fold2_room1_mix0017,71,4,0,-22,-2,14.61
fold2_room1_mix0017,72,4,0,-90,-2,12.11
fold2_room1_mix0017,72,4,0,-23,-2,16.20
fold2_room1_mix0017,73,4,0,-91,-2,12.28
fold2_room1_mix0017,73,4,0,-23,-2,15.46
fold2_room1_mix0017,74,4,0,-88,-2,11.89
fold2_room1_mix0017,74,4,0,-23,-2,16.17
fold2_room1_mix0017,75,4,0,-86,-3,12.28
fold2_room1_mix0017,75,4,0,-24,-2,17.15
fold2_room1_mix0017,76,4,0,-84,-2,11.53
fold2_room1_mix0017,76,4,0,-21,-2,17.30
fold2_room1_mix0017,77,4,0,-82,-2,12.46
fold2_room1_mix0017,77,4,0,-24,-2,18.36
fold2_room1_mix0017,78,4,0,-81,-2,12.64
fold2_room1_mix0017,78,4,0,-23,-2,18.66
fold2_room1_mix0017,79,4,0,-80,-3,12.81
fold2_room1_mix0017,79,4,0,-22,-2,19.26
fold2_room1_mix0017,80,4,0,-77,-2,11.95
fold2_room1_mix0017,80,4,0,-23,-1,18.18
fold2_room1_mix0017,81,4,0,-75,-2,13.04
fold2_room1_mix0017,81,4,0,-24,-1,19.44
fold2_room1_mix0017,82,4,0,-71,-2,13.41
fold2_room1_mix0017,82,4,0,-27,-1,21.04
fold2_room1_mix0017,83,4,0,-69,-2,13.55
fold2_room1_mix0017,83,4,0,-28,-1,20.92
fold2_room1_mix0017,84,4,0,-67,-2,12.81
fold2_room1_mix0017,84,4,0,-27,0,21.18
fold2_room1_mix0017,85,4,0,-65,-3,13.51
fold2_room1_mix0017,85,4,0,-29,-1,22.65
fold2_room1_mix0017,86,4,0,-63,-2,14.50
fold2_room1_mix0017,86,4,0,-30,0,22.73
fold2_room1_mix0017,87,4,0,-63,-2,14.15
fold2_room1_mix0017,87,4,0,-29,-1,21.75
fold2_room1_mix0017,88,4,0,-63,-2,15.09
fold2_room1_mix0017,88,4,0,-32,-1,23.45
fold2_room1_mix0017,89,4,0,-59,-2,15.70
fold2_room1_mix0017,89,4,0,-29,-1,24.01
fold2_room1_mix0017,90,4,0,-59,-2,15.71
fold2_room1_mix0017,90,4,0,-33,-1,21.87
fold2_room1_mix0017,91,4,0,-58,-2,16.28
fold2_room1_mix0017,91,4,0,-32,0,24.64
fold2_room1_mix0017,92,4,0,-56,-3,15.70
fold2_room1_mix0017,92,4,0,-29,-1,23.10
fold2_room1_mix0017,93,4,0,-55,-2,16.57
fold2_room1_mix0017,93,4,0,-35,-1,22.00
fold2_room1_mix0017,94,4,0,-52,-2,17.22
fold2_room1_mix0017,94,4,0,-32,-1,24.22
fold2_room1_mix0017,95,4,0,-45,-2,19.45
fold2_room1_mix0017,96,4,0,-42,-1,19.67
fold2_room1_mix0017,97,4,0,-42,-1,20.80
fold2_room1_mix0017,98,4,0,-41,-1,21.84
fold2_room1_mix0017,99,4,0,-40,-1,21.97
fold2_room1_mix0018,0,5,0,43,5,2.69
fold2_room1_mix0018,1,5,0,44,6,4.15
fold2_room1_mix0018,2,4,0,-177,0,1.21
fold2_room1_mix0018,2,5,0,36,6,4.74
fold2_room1_mix0018,3,4,0,-175,0,7.66
fold2_room1_mix0018,3,5,0,43,8,3.19
fold2_room1_mix0018,4,4,0,-176,-1,10.18
fold2_room1_mix0018,4,5,0,53,10,4.44
fold2_room1_mix0018,5,4,0,-176,0,12.65
fold2_room1_mix0018,5,5,0,41,10,4.25
fold2_room1_mix0018,6,4,0,-175,0,12.90
fold2_room1_mix0018,6,5,0,42,7,5.88
fold2_room1_mix0018,7,4,0,-175,-1,17.84
fold2_room1_mix0018,7,5,0,48,10,4.33
fold2_room1_mix0018,8,4,0,-177,-1,18.98
fold2_room1_mix0018,8,5,0,51,12,3.91
fold2_room1_mix0018,9,4,0,-178,-1,18.31
fold2_room1_mix0018,9,5,0,47,10,4.62
fold2_room1_mix0018,10,4,0,-176,-1,17.44
fold2_room1_mix0018,10,5,0,46,12,3.79
fold2_room1_mix0018,11,4,0,-176,-1,16.67
fold2_room1_mix0018,11,5,0,50,14,3.43
fold2_room1_mix0018,12,4,0,-175,-1,16.61
fold2_room1_mix0018,12,5,0,50,13,3.70
fold2_room1_mix0018,13,4,0,-175,-1,17.25
fold2_room1_mix0018,13,5,0,52,13,3.92
fold2_room1_mix0018,14,4,0,-173,-1,16.66
fold2_room1_mix0018,14,5,0,55,13,3.79
fold2_room1_mix0018,15,4,0,-175,-1,15.86
fold2_room1_mix0018,15,5,0,56,14,3.48
fold2_room1_mix0018,16,4,0,-172,-1,15.12
fold2_room1_mix0018,16,5,0,56,14,3.55
fold2_room1_mix0018,17,4,0,-174,-1,14.68
fold2_room1_mix0018,17,5,0,56,13,3.81
fold2_room1_mix0018,18,4,0,-174,-1,15.30
fold2_room1_mix0018,18,5,0,58,13,3.75
fold2_room1_mix0018,19,4,0,-174,-1,15.23
fold2_room1_mix0018,19,5,0,59,13,3.87
fold2_room1_mix0018,20,4,0,-175,-1,14.93
fold2_room1_mix0018,20,5,0,58,12,3.94
fold2_room1_mix0018,21,4,0,-174,-2,13.83
fold2_room1_mix0018,21,5,0,61,13,3.65
fold2_room1_mix0018,22,4,0,-173,-2,13.55
fold2_room1_mix0018,22,5,0,62,12,4.16
fold2_room1_mix0018,23,4,0,-174,-2,13.03
fold2_room1_mix0018,23,5,0,66,13,3.68
fold2_room1_mix0018,24,4,0,-174,-2,13.43
fold2_room1_mix0018,24,5,0,66,13,3.83
fold2_room1_mix0018,25,4,0,-172,-2,12.99
fold2_room1_mix0018,25,5,0,65,10,4.61
fold2_room1_mix0018,26,4,0,-174,-2,12.49
fold2_room1_mix0018,26,5,0,65,11,4.36
fold2_room1_mix0018,27,4,0,-173,-2,12.68
fold2_room1_mix0018,27,5,0,64,10,4.79
fold2_room1_mix0018,28,4,0,-173,-2,12.49
fold2_room1_mix0018,28,5,0,75,9,5.34
fold2_room1_mix0018,29,4,0,-174,-2,11.94
fold2_room1_mix0018,29,5,0,75,11,4.50
fold2_room1_mix0018,30,4,0,-173,-3,11.08
fold2_room1_mix0018,30,5,0,74,12,4.38
fold2_room1_mix0018,31,4,0,-174,-3,11.69
fold2_room1_mix0018,31,5,0,74,10,4.87
fold2_room1_mix0018,32,4,0,-173,-3,10.72
fold2_room1_mix0018,32,5,0,84,10,5.03
fold2_room1_mix0018,33,4,0,-173,-3,10.44
fold2_room1_mix0018,33,5,0,81,10,4.86
fold2_room1_mix0018,34,4,0,-172,-3,10.24
fold2_room1_mix0018,34,5,0,80,11,4.64
fold2_room1_mix0018,35,4,0,-171,-3,9.85
fold2_room1_mix0018,35,5,0,82,13,4.30
fold2_room1_mix0018,36,4,0,-169,-3,9.23
fold2_room1_mix0018,36,5,0,82,11,4.66
fold2_room1_mix0018,37,4,0,-169,-4,8.78
fold2_room1_mix0018,37,5,0,84,11,4.57
fold2_room1_mix0018,38,4,0,-169,-4,8.21
fold2_room1_mix0018,38,5,0,85,13,4.31
fold2_room1_mix0018,39,4,0,-169,-4,7.96
fold2_room1_mix0018,39,5,0,86,12,4.49
fold2_room1_mix0018,40,4,0,-168,-4,7.66
fold2_room1_mix0018,40,5,0,89,12,4.40
fold2_room1_mix0018,41,4,0,-168,-4,6.92
fold2_room1_mix0018,41,5,0,88,11,4.84
fold2_room1_mix0018,42,4,0,-168,-4,6.84
fold2_room1_mix0018,42,5,0,85,11,4.73
fold2_room1_mix0018,43,4,0,-167,-5,6.76
fold2_room1_mix0018,43,5,0,96,10,4.83
fold2_room1_mix0018,44,4,0,-167,-4,6.44
fold2_room1_mix0018,44,5,0,98,11,4.77
fold2_room1_mix0018,45,4,0,-166,-5,5.58
fold2_room1_mix0018,45,5,0,96,10,5.27
fold2_room1_mix0018,46,4,0,-165,-6,5.60
fold2_room1_mix0018,46,5,0,104,10,5.16
fold2_room1_mix0018,47,4,0,-165,-6,5.28
fold2_room1_mix0018,47,5,0,96,12,4.45
fold2_room1_mix0018,48,4,0,-164,-7,4.58
fold2_room1_mix0018,48,5,0,100,11,4.86
fold2_room1_mix0018,49,4,0,-163,-7,4.63
fold2_room1_mix0018,49,5,0,97,10,5.05
fold2_room1_mix0018,50,4,0,-160,-8,4.11
fold2_room1_mix0018,50,5,0,93,10,5.03
fold2_room1_mix0018,51,4,0,-159,-8,3.75
fold2_room1_mix0018,51,5,0,100,10,5.06
fold2_room1_mix0018,52,4,0,-159,-9,3.58
fold2_room1_mix0018,52,5,0,97,10,4.92
fold2_room1_mix0018,53,4,0,-157,-9,3.20
fold2_room1_mix0018,53,5,0,98,11,5.00
fold2_room1_mix0018,54,4,0,-155,-10,2.97
fold2_room1_mix0018,54,5,0,101,11,4.92
fold2_room1_mix0018,55,4,0,-151,-11,2.82
fold2_room1_mix0018,55,5,0,103,11,4.77
fold2_room1_mix0018,56,4,0,-151,-12,2.77
fold2_room1_mix0018,56,5,0,95,11,4.81
fold2_room1_mix0018,57,4,0,-148,-14,2.41
fold2_room1_mix0018,57,5,0,103,10,5.16
fold2_room1_mix0018,58,4,0,-143,-15,2.20
fold2_room1_mix0018,58,5,0,104,11,4.78
fold2_room1_mix0018,59,4,0,-137,-18,1.99
fold2_room1_mix0018,59,5,0,107,10,5.27
fold2_room1_mix0018,60,4,0,-132,-20,1.83
fold2_room1_mix0018,60,5,0,106,10,5.22
fold2_room1_mix0018,61,4,0,-126,-23,1.66
fold2_room1_mix0018,61,5,0,114,10,5.26
fold2_room1_mix0018,62,4,0,-109,-29,1.58
fold2_room1_mix0018,62,5,0,117,10,5.28
fold2_room1_mix0018,63,4,0,-95,-28,1.60
fold2_room1_mix0018,63,5,0,117,9,5.41
fold2_room1_mix0018,64,4,0,-74,-25,1.65
fold2_room1_mix0018,64,5,0,119,8,5.91
fold2_room1_mix0018,65,4,0,-63,-23,1.87
fold2_room1_mix0018,65,5,0,125,8,5.95
fold2_room1_mix0018,66,4,0,-53,-21,2.02
fold2_room1_mix0018,66,5,0,123,8,5.48
fold2_room1_mix0018,67,4,0,-45,-19,2.16
fold2_room1_mix0018,67,5,0,127,8,5.80
fold2_room1_mix0018,68,4,0,-37,-16,2.44
fold2_room1_mix0018,68,5,0,125,8,5.89
fold2_room1_mix0018,69,4,0,-33,-14,2.64
fold2_room1_mix0018,69,5,0,128,7,6.29
fold2_room1_mix0018,70,4,0,-29,-14,2.79
fold2_room1_mix0018,70,5,0,125,7,6.09
fold2_room1_mix0018,71,4,0,-27,-13,3.14
fold2_room1_mix0018,71,5,0,129,7,6.34
fold2_room1_mix0018,72,4,0,-24,-11,3.33
fold2_room1_mix0018,72,5,0,128,7,6.39
fold2_room1_mix0018,73,4,0,-22,-10,3.86
fold2_room1_mix0018,73,5,0,130,6,6.98
fold2_room1_mix0018,74,4,0,-21,-9,3.88
fold2_room1_mix0018,74,5,0,133,7,6.36
fold2_room1_mix0018,75,4,0,-19,-8,4.37
fold2_room1_mix0018,75,5,0,132,6,6.56
fold2_room1_mix0018,76,4,0,-17,-7,4.68
fold2_room1_mix0018,76,5,0,134,6,6.80
fold2_room1_mix0018,77,4,0,-17,-7,4.97
fold2_room1_mix0018,77,5,0,135,6,6.90
fold2_room1_mix0018,78,4,0,-14,-7,5.53
fold2_room1_mix0018,78,5,0,134,6,7.03
fold2_room1_mix0018,79,4,0,-15,-7,5.81
fold2_room1_mix0018,79,5,0,135,6,6.86
fold2_room1_mix0018,80,4,0,-14,-6,6.15
fold2_room1_mix0018,80,5,0,135,7,6.35
fold2_room1_mix0018,81,4,0,-13,-6,6.69
fold2_room1_mix0018,81,5,0,132,6,6.78
fold2_room1_mix0018,82,4,0,-11,-6,6.63
fold2_room1_mix0018,82,5,0,135,6,6.76
fold2_room1_mix0018,83,4,0,-11,-5,7.13
fold2_room1_mix0018,83,5,0,135,6,6.88
fold2_room1_mix0018,84,4,0,-10,-5,7.59
fold2_room1_mix0018,84,5,0,134,6,7.49
fold2_room1_mix0018,85,4,0,-10,-5,7.12
fold2_room1_mix0018,85,5,0,136,5,7.38
fold2_room1_mix0018,86,4,0,-11,-5,7.92
fold2_room1_mix0018,86,5,0,134,5,7.32
fold2_room1_mix0018,87,4,0,-10,-5,8.07
fold2_room1_mix0018,87,5,0,137,5,7.27
fold2_room1_mix0018,88,4,0,-9,-4,8.75
fold2_room1_mix0018,88,5,0,135,5,7.44
fold2_room1_mix0018,89,4,0,-10,-5,8.78
fold2_room1_mix0018,89,5,0,136,5,7.69
fold2_room1_mix0018,90,4,0,-9,-5,9.35
fold2_room1_mix0018,90,5,0,140,5,7.29
fold2_room1_mix0018,91,4,0,-8,-4,10.38
fold2_room1_mix0018,91,5,0,135,5,6.98
fold2_room1_mix0018,92,4,0,-8,-4,10.35
fold2_room1_mix0018,92,5,0,137,5,7.34
fold2_room1_mix0018,93,4,0,-7,-4,10.33
fold2_room1_mix0018,93,5,0,138,6,7.02
fold2_room1_mix0018,94,4,0,-7,-4,10.54
fold2_room1_mix0018,94,5,0,135,5,7.16
fold2_room1_mix0018,95,4,0,-6,-4,11.42
fold2_room1_mix0018,95,5,0,137,6,7.11
fold2_room1_mix0018,96,4,0,-5,-4,11.82
fold2_room1_mix0018,96,5,0,138,5,7.54
fold2_room1_mix0018,97,4,0,-6,-4,12.07
fold2_room1_mix0018,97,5,0,135,4,7.99
fold2_room1_mix0018,98,4,0,-4,-4,12.82
fold2_room1_mix0018,98,5,0,139,4,8.09
fold2_room1_mix0018,99,4,0,-4,-4,11.36
fold2_room1_mix0018,99,5,0,138,5,7.46
fold2_room1_mix0019,56,4,0,44,-2,9.51
fold2_room1_mix0019,59,4,0,54,-2,9.10
fold2_room1_mix0019,62,4,0,171,-2,9.43
fold2_room1_mix0019,62,4,0,46,-2,8.77
fold2_room1_mix0019,63,4,0,151,-5,10.99
fold2_room1_mix0019,63,4,0,45,-3,10.55
fold2_room1_mix0019,64,4,0,172,-2,12.10
fold2_room1_mix0019,64,4,0,52,-3,9.95
fold2_room1_mix0019,65,4,0,175,-2,11.62
fold2_room1_mix0019,65,4,0,57,-3,9.64
fold2_room1_mix0019,66,4,0,-178,-1,12.26
fold2_room1_mix0019,66,4,0,62,-4,9.21
fold2_room1_mix0019,67,4,0,-173,-2,10.53
fold2_room1_mix0019,67,4,0,71,-5,8.85
fold2_room1_mix0019,68,4,0,-174,-2,11.06
fold2_room1_mix0019,68,4,0,66,-4,8.90
fold2_room1_mix0019,69,4,0,177,-3,9.62
fold2_room1_mix0019,69,4,0,73,-5,8.09
fold2_room1_mix0019,70,4,0,-179,-3,10.19
fold2_room1_mix0019,70,4,0,73,-5,8.88
fold2_room1_mix0019,71,4,0,-176,-3,8.69
fold2_room1_mix0019,71,4,0,83,-5,7.83
fold2_room1_mix0019,72,4,0,176,-4,9.13
fold2_room1_mix0019,72,4,0,82,-5,8.57
fold2_room1_mix0019,73,4,0,161,-5,8.12
fold2_room1_mix0019,73,4,0,105,-6,7.81
fold2_room1_mix0019,74,4,0,157,-6,7.29
fold2_room1_mix0019,74,4,0,101,-6,6.97
fold2_room1_mix0019,74,4,0,85,-6,8.42
fold2_room1_mix0019,75,4,0,160,-6,6.80
fold2_room1_mix0019,75,4,0,109,-6,7.10
fold2_room1_mix0019,75,4,0,90,-5,8.33
fold2_room1_mix0019,76,4,0,165,-7,6.70
fold2_room1_mix0019,76,4,0,117,-6,6.75
fold2_room1_mix0019,76,4,0,101,-6,8.14
fold2_room1_mix0019,77,4,0,161,-7,6.32
fold2_room1_mix0019,77,4,0,118,-6,6.46
fold2_room1_mix0019,77,4,0,97,-6,7.66
fold2_room1_mix0019,78,4,0,172,-6,6.05
fold2_room1_mix0019,78,4,0,129,-5,6.75
fold2_room1_mix0019,78,4,0,103,-4,8.57
fold2_room1_mix0019,79,4,0,169,-8,5.53
fold2_room1_mix0019,79,4,0,131,-6,5.99
fold2_room1_mix0019,79,4,0,106,-5,8.18
fold2_room1_mix0019,80,4,0,174,-8,5.50
fold2_room1_mix0019,80,4,0,139,-6,6.02
fold2_room1_mix0019,80,4,0,113,-5,8.25
fold2_room1_mix0019,81,4,0,-169,-9,4.54
fold2_room1_mix0019,81,4,0,142,-7,5.80
fold2_room1_mix0019,81,4,0,117,-4,8.70
fold2_room1_mix0019,82,4,0,-166,-10,4.16
fold2_room1_mix0019,82,4,0,148,-8,5.25
fold2_room1_mix0019,82,4,0,128,-5,8.28
fold2_room1_mix0019,83,4,0,-143,-10,3.47
fold2_room1_mix0019,83,4,0,151,-7,5.71
fold2_room1_mix0019,83,4,0,127,-2,10.60
fold2_room1_mix0019,84,4,0,-129,-16,2.12
fold2_room1_mix0019,84,4,0,-175,-17,3.58
fold2_room1_mix0019,84,4,0,130,-5,8.86
fold2_room1_mix0019,85,4,0,-108,-22,1.68
fold2_room1_mix0019,85,4,0,-164,-31,3.72
fold2_room1_mix0019,85,4,0,131,-12,7.46
fold2_room1_mix0019,86,4,0,108,-14,6.20
fold2_room1_mix0019,86,4,0,-76,-30,2.26
fold2_room1_mix0019,86,4,0,-106,-30,2.08
fold2_room1_mix0019,92,4,0,20,-14,6.76
fold2_room1_mix0019,92,4,0,-10,-8,5.69
fold2_room1_mix0019,93,4,0,10,-11,7.40
fold2_room1_mix0019,93,4,0,-6,-7,6.98
fold2_room1_mix0019,96,4,0,-5,-6,8.25
fold2_room1_mix0019,97,4,0,0,-6,7.41
fold2_room1_mix0019,98,4,0,-1,-6,8.45
fold2_room1_mix0019,99,4,0,-5,-5,8.20
fold2_room1_mix0019,57,4,0,44,-1,7.97
fold2_room1_mix0019,58,4,0,42,-2,6.18
fold2_room1_mix0019,60,4,0,48,-2,9.45
fold2_room1_mix0019,61,4,0,46,-2,8.51
fold2_room1_mix0019,87,4,0,-55,-25,2.56
fold2_room1_mix0019,88,4,0,-30,-20,3.47
fold2_room1_mix0019,89,4,0,-8,-13,4.74
fold2_room1_mix0019,90,4,0,-12,-12,4.72
fold2_room1_mix0019,91,4,0,-10,-9,5.51
fold2_room1_mix0019,94,4,0,-4,-6,8.28
fold2_room1_mix0019,95,4,0,-5,-6,7.92
fold2_room1_mix0020,1,4,0,-179,0,1.84
fold2_room1_mix0020,1,4,0,-1,0,1.75
fold2_room1_mix0020,2,4,0,-178,0,3.29
fold2_room1_mix0020,2,4,0,-2,0,3.03
fold2_room1_mix0020,3,4,0,-178,0,7.19
fold2_room1_mix0020,3,4,0,-4,0,6.49
fold2_room1_mix0020,4,4,0,179,-1,12.93
fold2_room1_mix0020,4,4,0,-4,-1,12.84
fold2_room1_mix0020,5,4,0,-179,-1,14.39
fold2_room1_mix0020,5,4,0,-2,-1,14.73
fold2_room1_mix0020,6,4,0,179,-1,18.70
fold2_room1_mix0020,6,4,0,-3,-1,19.14
fold2_room1_mix0020,7,4,0,-179,-2,24.03
fold2_room1_mix0020,7,4,0,-3,-1,25.14
fold2_room1_mix0020,8,4,0,179,-2,23.10
fold2_room1_mix0020,8,4,0,-3,-2,23.21
fold2_room1_mix0020,9,4,0,-179,-2,22.77
fold2_room1_mix0020,9,4,0,-4,-2,23.07
fold2_room1_mix0020,10,4,0,-178,-2,21.40
fold2_room1_mix0020,10,4,0,-4,-2,22.04
fold2_room1_mix0020,11,4,0,-178,-1,21.96
fold2_room1_mix0020,11,4,0,-5,-2,21.37
fold2_room1_mix0020,12,4,0,-178,-2,20.83
fold2_room1_mix0020,12,4,0,-4,-2,20.29
fold2_room1_mix0020,13,4,0,-178,-2,19.89
fold2_room1_mix0020,13,4,0,-5,-2,19.55
fold2_room1_mix0020,14,4,0,-179,-2,20.13
fold2_room1_mix0020,14,4,0,-5,-2,21.11
fold2_room1_mix0020,15,4,0,-177,-2,19.47
fold2_room1_mix0020,15,4,0,-5,-2,19.23
fold2_room1_mix0020,16,4,0,-179,-2,18.65
fold2_room1_mix0020,16,4,0,-6,-2,19.41
fold2_room1_mix0020,17,4,0,-178,-2,18.09
fold2_room1_mix0020,17,4,0,-5,-2,18.62
fold2_room1_mix0020,18,4,0,-179,-2,17.73
fold2_room1_mix0020,18,4,0,-5,-2,19.46
fold2_room1_mix0020,19,4,0,-177,-2,17.90
fold2_room1_mix0020,19,4,0,-5,-2,19.53
fold2_room1_mix0020,20,4,0,-179,-2,18.48
fold2_room1_mix0020,20,4,0,-7,-2,19.30
fold2_room1_mix0020,21,4,0,-179,-2,18.18
fold2_room1_mix0020,21,4,0,-6,-2,18.54
fold2_room1_mix0020,22,4,0,-178,-2,16.28
fold2_room1_mix0020,22,4,0,-8,-2,18.56
fold2_room1_mix0020,23,4,0,-179,-2,16.21
fold2_room1_mix0020,23,4,0,-8,-2,17.50
fold2_room1_mix0020,24,4,0,-178,-2,14.56
fold2_room1_mix0020,24,4,0,-8,-2,16.74
fold2_room1_mix0020,25,4,0,179,-2,14.29
fold2_room1_mix0020,25,4,0,-8,-2,16.16
fold2_room1_mix0020,26,4,0,-179,-2,13.27
fold2_room1_mix0020,26,4,0,-9,-2,15.91
fold2_room1_mix0020,27,4,0,-178,-2,13.66
fold2_room1_mix0020,27,4,0,-8,-2,15.71
fold2_room1_mix0020,28,4,0,177,-2,12.83
fold2_room1_mix0020,28,4,0,-10,-2,14.35
fold2_room1_mix0020,29,4,0,177,-2,11.89
fold2_room1_mix0020,29,4,0,-11,-3,12.95
fold2_room1_mix0020,30,4,0,177,-3,11.03
fold2_room1_mix0020,30,4,0,-12,-3,13.35
fold2_room1_mix0020,31,4,0,176,-3,10.00
fold2_room1_mix0020,31,4,0,-14,-3,11.73
fold2_room1_mix0020,32,4,0,172,-3,9.46
fold2_room1_mix0020,32,4,0,-15,-3,11.26
fold2_room1_mix0020,33,4,0,172,-3,9.49
fold2_room1_mix0020,33,4,0,-14,-3,10.36
fold2_room1_mix0020,34,4,0,171,-4,9.02
fold2_room1_mix0020,34,4,0,-16,-4,9.50
fold2_room1_mix0020,35,4,0,171,-4,8.42
fold2_room1_mix0020,35,4,0,-18,-4,8.84
fold2_room1_mix0020,36,4,0,169,-6,7.84
fold2_room1_mix0020,36,4,0,-18,-5,8.13
fold2_room1_mix0020,37,4,0,169,-6,7.11
fold2_room1_mix0020,37,4,0,-20,-6,6.57
fold2_room1_mix0020,38,4,0,169,-8,6.61
fold2_room1_mix0020,38,4,0,-27,-9,5.04
fold2_room1_mix0020,39,4,0,168,-6,7.93
fold2_room1_mix0020,39,4,0,-39,-14,2.54
fold2_room1_mix0020,39,4,0,-21,-10,5.28
fold2_room1_mix0020,40,4,0,169,-9,6.49
fold2_room1_mix0020,40,4,0,-75,-24,1.65
fold2_room1_mix0020,40,4,0,-27,-10,6.40
fold2_room1_mix0020,41,4,0,168,-5,7.76
fold2_room1_mix0020,41,4,0,-134,-20,2.01
fold2_room1_mix0020,41,4,0,-101,-22,2.84
fold2_room1_mix0020,42,4,0,167,-8,5.89
fold2_room1_mix0020,42,4,0,-147,-18,2.17
fold2_room1_mix0020,42,4,0,-70,-17,5.59
fold2_room1_mix0020,43,4,0,171,-6,7.47
fold2_room1_mix0020,43,4,0,-151,-14,2.62
fold2_room1_mix0020,43,4,0,-35,-7,9.93
fold2_room1_mix0020,44,4,0,170,-7,5.64
fold2_room1_mix0020,44,4,0,-159,-10,3.46
fold2_room1_mix0020,44,4,0,-31,-7,8.64
fold2_room1_mix0020,45,4,0,169,-7,4.37
fold2_room1_mix0020,45,4,0,-166,-8,4.41
fold2_room1_mix0020,45,4,0,-25,-4,10.92
fold2_room1_mix0020,46,1,0,-25,-2,8.53
fold2_room1_mix0020,46,4,0,177,-8,4.63
fold2_room1_mix0020,46,4,0,-21,-3,9.93
fold2_room1_mix0020,47,1,0,-35,-3,13.41
fold2_room1_mix0020,47,4,0,177,-6,4.96
fold2_room1_mix0020,47,4,0,-18,-4,8.60
fold2_room1_mix0020,48,1,0,-28,-3,16.01
fold2_room1_mix0020,48,4,0,173,-4,6.49
fold2_room1_mix0020,48,4,0,-168,-10,5.01
fold2_room1_mix0020,48,4,0,-20,-4,9.02
fold2_room1_mix0020,49,1,0,-26,-3,16.59
fold2_room1_mix0020,49,4,0,176,-3,8.66
fold2_room1_mix0020,49,4,0,-14,-4,8.29
fold2_room1_mix0020,50,4,0,172,-6,7.25
fold2_room1_mix0020,50,4,0,-23,-4,10.51
fold2_room1_mix0020,51,1,0,-25,-3,19.71
fold2_room1_mix0020,51,4,0,168,-4,7.65
fold2_room1_mix0020,51,4,0,-13,-3,12.14
fold2_room1_mix0020,52,1,0,-20,-3,21.54
fold2_room1_mix0020,52,4,0,170,-3,8.62
fold2_room1_mix0020,52,4,0,-14,-2,11.79
fold2_room1_mix0020,53,1,0,-19,-2,24.07
fold2_room1_mix0020,53,4,0,171,-7,7.34
fold2_room1_mix0020,53,4,0,-12,-2,15.19
fold2_room1_mix0020,54,1,0,-15,-2,27.44
fold2_room1_mix0020,54,4,0,167,-4,9.90
fold2_room1_mix0020,54,4,0,-9,-2,13.86
fold2_room1_mix0020,55,1,0,-15,-3,9.95
fold2_room1_mix0020,55,4,0,137,-6,5.76
fold2_room1_mix0020,55,4,0,-10,-2,9.94
fold2_room1_mix0020,56,1,0,-7,-3,19.26
fold2_room1_mix0020,56,4,0,140,-8,6.70
fold2_room1_mix0020,56,4,0,-11,-5,10.32
fold2_room1_mix0020,57,1,0,-12,-2,24.78
fold2_room1_mix0020,57,4,0,101,-11,4.16
fold2_room1_mix0020,57,4,0,8,-11,5.31
fold2_room1_mix0020,57,4,0,-15,0,14.80
fold2_room1_mix0020,58,1,0,-9,-2,19.80
fold2_room1_mix0020,58,4,0,89,-12,3.96
fold2_room1_mix0020,58,4,0,-14,-3,10.64
fold2_room1_mix0020,59,1,0,-11,-2,24.03
fold2_room1_mix0020,59,4,0,72,-12,4.11
fold2_room1_mix0020,59,4,0,-4,-8,7.68
fold2_room1_mix0020,59,4,0,-19,0,16.35
fold2_room1_mix0020,60,4,0,53,-7,4.51
fold2_room1_mix0020,60,4,0,-9,-2,10.08
fold2_room1_mix0020,61,4,0,51,-9,4.17
fold2_room1_mix0020,61,4,0,-7,-4,7.84
fold2_room1_mix0020,62,1,0,-13,-2,17.56
fold2_room1_mix0020,62,4,0,43,-7,4.24
fold2_room1_mix0020,62,4,0,-10,-4,8.10
fold2_room1_mix0020,63,1,0,-13,-2,20.14
fold2_room1_mix0020,63,4,0,39,-5,4.81
fold2_room1_mix0020,63,4,0,-11,-2,8.79
fold2_room1_mix0020,64,1,0,-11,-2,14.81
fold2_room1_mix0020,64,4,0,37,-6,4.88
fold2_room1_mix0020,64,4,0,-10,-2,10.58
fold2_room1_mix0020,65,1,0,-10,-2,24.49
fold2_room1_mix0020,65,4,0,27,-6,6.07
fold2_room1_mix0020,65,4,0,-6,-3,9.17
fold2_room1_mix0020,67,1,0,-9,-2,26.09
fold2_room1_mix0020,67,4,0,170,-2,10.87
fold2_room1_mix0020,67,4,0,-4,-3,7.96
fold2_room1_mix0020,68,1,0,-11,-2,26.21
fold2_room1_mix0020,68,4,0,-5,-3,8.61
fold2_room1_mix0020,69,1,0,-6,-2,27.57
fold2_room1_mix0020,69,4,0,-7,-3,8.66
fold2_room1_mix0020,70,1,0,-11,-3,27.59
fold2_room1_mix0020,70,4,0,0,-3,9.15
fold2_room1_mix0020,71,4,0,-157,-1,13.90
fold2_room1_mix0020,71,4,0,-2,-4,8.35
fold2_room1_mix0020,72,1,0,-5,-2,22.82
fold2_room1_mix0020,72,4,0,-3,-3,7.88
fold2_room1_mix0020,73,1,0,-10,-2,26.80
fold2_room1_mix0020,73,4,0,-163,0,13.79
fold2_room1_mix0020,73,4,0,0,-2,8.47
fold2_room1_mix0020,74,1,0,-9,-2,28.64
fold2_room1_mix0020,74,4,0,-152,0,18.11
fold2_room1_mix0020,74,4,0,3,-4,7.31
fold2_room1_mix0020,75,1,0,-12,-2,29.69
fold2_room1_mix0020,75,4,0,-170,0,17.14
fold2_room1_mix0020,75,4,0,0,-3,8.74
fold2_room1_mix0020,76,1,0,-10,-1,5.95
fold2_room1_mix0020,76,4,0,-29,-7,9.78
fold2_room1_mix0020,76,4,0,0,-2,11.92
fold2_room1_mix0020,77,1,0,-13,-1,13.21
fold2_room1_mix0020,77,4,0,-117,-3,12.73
fold2_room1_mix0020,77,4,0,0,-1,11.46
fold2_room1_mix0020,78,1,0,-8,-2,29.51
fold2_room1_mix0020,78,4,0,-59,-6,6.83
fold2_room1_mix0020,78,4,0,13,-1,11.93
fold2_room1_mix0020,78,4,0,-4,-2,11.04
fold2_room1_mix0020,79,1,0,-10,-2,29.71
fold2_room1_mix0020,79,4,0,-104,-5,8.38
fold2_room1_mix0020,79,4,0,0,-1,10.22
fold2_room1_mix0020,80,1,0,-15,-2,29.75
fold2_room1_mix0020,80,4,0,2,-2,10.49
fold2_room1_mix0020,81,1,0,-20,-2,24.60
fold2_room1_mix0020,81,4,0,-105,-5,6.94
fold2_room1_mix0020,81,4,0,2,-2,10.41
fold2_room1_mix0020,82,4,0,-81,-8,5.31
fold2_room1_mix0020,82,4,0,-1,-2,13.21
fold2_room1_mix0020,83,1,0,-4,-2,32.44
fold2_room1_mix0020,83,4,0,-133,-4,8.71
fold2_room1_mix0020,83,4,0,0,-2,10.89
fold2_room1_mix0020,84,1,0,-12,-2,27.23
fold2_room1_mix0020,84,4,0,-115,-5,7.17
fold2_room1_mix0020,84,4,0,1,0,13.20
fold2_room1_mix0020,85,1,0,-15,-2,26.98
fold2_room1_mix0020,85,4,0,-130,-5,8.21
fold2_room1_mix0020,85,4,0,-1,-2,11.04
fold2_room1_mix0020,86,1,0,-19,-2,28.09
fold2_room1_mix0020,86,4,0,-125,-8,4.88
fold2_room1_mix0020,86,4,0,2,0,13.39
fold2_room1_mix0020,87,4,0,-131,-3,8.85
fold2_room1_mix0020,87,4,0,-79,-9,4.85
fold2_room1_mix0020,87,4,0,7,0,16.65
fold2_room1_mix0020,88,1,0,-8,-2,27.25
fold2_room1_mix0020,88,4,0,-118,-9,4.05
fold2_room1_mix0020,88,4,0,1,-1,12.60
fold2_room1_mix0020,89,1,0,-17,-3,25.37
fold2_room1_mix0020,89,4,0,-134,-5,5.40
fold2_room1_mix0020,89,4,0,2,0,12.15
fold2_room1_mix0020,90,1,0,-13,-2,30.29
fold2_room1_mix0020,90,4,0,-135,-5,5.49
fold2_room1_mix0020,90,4,0,0,0,10.97
fold2_room1_mix0020,91,1,0,-22,-3,27.70
fold2_room1_mix0020,91,4,0,-143,-4,4.75
fold2_room1_mix0020,91,4,0,0,0,10.70
fold2_room1_mix0020,92,4,0,-139,-3,4.68
fold2_room1_mix0020,92,4,0,0,0,9.81
fold2_room1_mix0020,93,1,0,-12,-2,29.99
fold2_room1_mix0020,93,4,0,-140,-4,4.29
fold2_room1_mix0020,93,4,0,-20,-3,6.69
fold2_room1_mix0020,93,4,0,0,0,11.52
fold2_room1_mix0020,94,1,0,-18,-3,26.94
fold2_room1_mix0020,94,4,0,-139,-4,5.05
fold2_room1_mix0020,94,4,0,0,0,12.33
fold2_room1_mix0020,95,1,0,-19,-2,29.49
fold2_room1_mix0020,95,4,0,-149,-3,4.70
fold2_room1_mix0020,95,4,0,5,0,11.14
fold2_room1_mix0020,96,1,0,-27,-3,26.23
fold2_room1_mix0020,96,4,0,-148,-3,4.65
fold2_room1_mix0020,96,4,0,3,0,11.93
fold2_room1_mix0020,97,1,0,-61,-3,8.42
fold2_room1_mix0020,97,4,0,-152,0,6.40
fold2_room1_mix0020,97,4,0,-17,-1,6.60
fold2_room1_mix0020,97,4,0,5,0,13.95
fold2_room1_mix0020,98,4,0,-146,-4,5.80
fold2_room1_mix0020,98,4,0,1,-1,16.66
fold2_room1_mix0020,99,4,0,-150,-3,5.21
fold2_room1_mix0020,99,4,0,-135,-7,3.76
fold2_room1_mix0020,99,4,0,4,0,17.30
fold2_room1_mix0020,66,4,0,-2,-4,7.01
fold2_room1_mix0021,37,4,0,27,0,5.20
fold2_room1_mix0021,38,4,0,30,-1,13.31
fold2_room1_mix0021,39,4,0,30,-1,15.66
fold2_room1_mix0021,40,4,0,33,-2,15.97
fold2_room1_mix0021,41,4,0,31,-2,15.33
fold2_room1_mix0021,42,2,0,95,-5,7.36
fold2_room1_mix0021,42,4,0,35,-2,15.88
fold2_room1_mix0021,43,2,0,91,-6,7.40
fold2_room1_mix0021,43,4,0,35,-1,16.28
fold2_room1_mix0021,44,2,0,90,-6,7.31
fold2_room1_mix0021,44,4,0,35,-2,15.18
fold2_room1_mix0021,45,2,0,92,-5,7.86
fold2_room1_mix0021,45,4,0,40,-2,14.42
fold2_room1_mix0021,46,4,0,39,-2,15.27
fold2_room1_mix0021,47,4,0,52,-2,13.37
fold2_room1_mix0021,48,4,0,50,-2,13.76
fold2_room1_mix0021,49,4,0,52,-2,13.56
fold2_room1_mix0021,50,4,0,54,-2,13.62
fold2_room1_mix0021,51,2,0,99,-5,7.90
fold2_room1_mix0021,51,4,0,60,-2,12.51
fold2_room1_mix0021,52,2,0,102,-4,9.27
fold2_room1_mix0021,52,4,0,61,-3,11.93
fold2_room1_mix0021,53,2,0,108,-4,9.32
fold2_room1_mix0021,53,4,0,63,-2,12.13
fold2_room1_mix0021,54,2,0,110,-4,10.13
fold2_room1_mix0021,54,4,0,64,-3,11.44
fold2_room1_mix0021,55,2,0,114,-4,10.38
fold2_room1_mix0021,55,4,0,66,-3,11.46
fold2_room1_mix0021,56,2,0,114,-4,10.62
fold2_room1_mix0021,56,4,0,70,-3,11.62
fold2_room1_mix0021,57,4,0,75,-4,10.35
fold2_room1_mix0021,58,4,0,78,-4,10.46
fold2_room1_mix0021,59,4,0,80,-4,10.06
fold2_room1_mix0021,60,4,0,85,-4,10.82
fold2_room1_mix0021,61,4,0,87,-4,10.78
fold2_room1_mix0021,62,2,0,118,-4,9.99
fold2_room1_mix0021,62,4,0,91,-4,10.28
fold2_room1_mix0021,63,2,0,117,-4,11.28
fold2_room1_mix0021,63,4,0,91,-4,10.42
fold2_room1_mix0021,64,2,0,119,-3,12.05
fold2_room1_mix0021,64,4,0,98,-4,10.58
fold2_room1_mix0021,65,2,0,119,-3,11.91
fold2_room1_mix0021,65,4,0,100,-4,11.25
fold2_room1_mix0021,66,2,0,119,-3,10.11
fold2_room1_mix0021,66,4,0,109,-3,12.08
fold2_room1_mix0021,67,4,0,113,-4,11.39
fold2_room1_mix0021,68,4,0,120,-4,11.67
fold2_room1_mix0021,69,4,0,119,-3,11.75
fold2_room1_mix0021,70,4,0,122,-3,12.55
fold2_room1_mix0021,71,4,0,127,-3,13.03
fold2_room1_mix0021,72,4,0,130,-3,13.25
fold2_room1_mix0021,73,4,0,134,-3,12.86
fold2_room1_mix0021,74,4,0,135,-3,13.46
fold2_room1_mix0021,75,4,0,139,-3,13.71
fold2_room1_mix0021,76,4,0,138,-3,13.63
fold2_room1_mix0021,77,4,0,139,-3,14.29
fold2_room1_mix0021,78,4,0,142,-2,14.74
fold2_room1_mix0021,79,4,0,143,-2,15.39
fold2_room1_mix0021,80,4,0,145,-2,9.99
fold2_room1_mix0021,81,4,0,147,-2,9.97
fold2_room1_mix0021,82,4,0,147,-2,14.71
fold2_room1_mix0021,83,4,0,149,-1,4.08
fold2_room1_mix0021,84,4,0,149,-1,13.73
fold2_room1_mix0022,4,4,0,-4,0,2.69
fold2_room1_mix0022,5,4,0,0,0,4.97
fold2_room1_mix0022,6,4,0,-2,-1,12.98
fold2_room1_mix0022,7,4,0,-2,0,13.22
fold2_room1_mix0022,8,4,0,-2,0,12.20
fold2_room1_mix0022,9,4,0,-1,-1,26.97
fold2_room1_mix0022,10,4,0,-3,-1,24.16
fold2_room1_mix0022,11,4,0,-2,-1,25.57
fold2_room1_mix0022,12,2,0,151,-4,7.74
fold2_room1_mix0022,12,4,0,-4,0,29.66
fold2_room1_mix0022,13,2,0,147,-4,9.31
fold2_room1_mix0022,13,4,0,-2,0,29.44
fold2_room1_mix0022,14,2,0,144,-4,10.09
fold2_room1_mix0022,14,4,0,-2,0,23.58
fold2_room1_mix0022,15,2,0,146,-4,8.77
fold2_room1_mix0022,15,4,0,-4,-1,20.35
fold2_room1_mix0022,16,4,0,-4,-1,27.49
fold2_room1_mix0022,17,4,0,-3,-1,26.26
fold2_room1_mix0022,18,4,0,-4,0,16.44
fold2_room1_mix0022,19,4,0,-1,0,24.72
fold2_room1_mix0022,20,2,0,147,-4,8.62
fold2_room1_mix0022,20,4,0,1,0,29.42
fold2_room1_mix0022,21,2,0,143,-4,11.39
fold2_room1_mix0022,21,4,0,0,0,33.16
fold2_room1_mix0022,22,2,0,148,-4,10.26
fold2_room1_mix0022,22,4,0,-1,0,27.41
fold2_room1_mix0022,23,2,0,151,-4,11.81
fold2_room1_mix0022,23,4,0,-1,0,22.62
fold2_room1_mix0022,24,2,0,148,-4,11.13
fold2_room1_mix0022,24,4,0,-2,0,20.11
fold2_room1_mix0022,25,2,0,156,-4,8.66
fold2_room1_mix0022,25,4,0,-2,0,16.88
fold2_room1_mix0022,26,4,0,0,0,28.47
fold2_room1_mix0022,27,4,0,-1,0,25.63
fold2_room1_mix0022,28,4,0,-1,0,24.97
fold2_room1_mix0022,29,4,0,-1,0,31.74
fold2_room1_mix0022,30,2,0,141,-4,7.97
fold2_room1_mix0022,30,4,0,-1,0,33.94
fold2_room1_mix0022,31,2,0,151,-5,8.74
fold2_room1_mix0022,31,4,0,0,0,36.20
fold2_room1_mix0022,32,2,0,161,-5,7.74
fold2_room1_mix0022,32,4,0,-1,0,36.82
fold2_room1_mix0022,33,2,0,168,-7,7.98
fold2_room1_mix0022,33,2,0,-169,-7,8.02
fold2_room1_mix0022,33,4,0,0,0,33.54
fold2_room1_mix0022,34,2,0,160,-8,6.88
fold2_room1_mix0022,34,2,0,-163,-8,6.88
fold2_room1_mix0022,34,4,0,0,-1,36.34
fold2_room1_mix0022,35,2,0,-122,-7,5.97
fold2_room1_mix0022,35,4,0,0,-1,34.53
fold2_room1_mix0022,36,4,0,-5,0,31.84
fold2_room1_mix0022,37,4,0,1,0,27.92
fold2_room1_mix0022,38,4,0,0,0,27.67
fold2_room1_mix0022,39,4,0,0,0,27.21
fold2_room1_mix0022,40,2,0,137,-5,8.63
fold2_room1_mix0022,40,2,0,170,-7,8.68
fold2_room1_mix0022,40,4,0,-3,-1,31.11
fold2_room1_mix0022,41,2,0,142,-7,7.83
fold2_room1_mix0022,41,2,0,-160,-8,7.77
fold2_room1_mix0022,41,4,0,0,0,33.44
fold2_room1_mix0022,42,2,0,128,-7,7.87
fold2_room1_mix0022,42,2,0,-140,-8,7.59
fold2_room1_mix0022,42,4,0,0,0,33.93
fold2_room1_mix0022,43,2,0,110,-4,8.66
fold2_room1_mix0022,43,2,0,-108,-5,8.11
fold2_room1_mix0022,43,4,0,2,-1,28.77
fold2_room1_mix0022,44,2,0,113,-6,7.13
fold2_room1_mix0022,44,2,0,-116,-8,6.74
fold2_room1_mix0022,44,4,0,0,-1,36.65
fold2_room1_mix0022,45,2,0,-101,-7,6.20
fold2_room1_mix0022,45,4,0,1,-1,33.73
fold2_room1_mix0022,46,4,0,0,-1,32.68
fold2_room1_mix0022,47,4,0,0,-1,25.99
fold2_room1_mix0022,48,4,0,-2,-2,23.03
fold2_room1_mix0022,49,4,0,-1,-1,24.42
fold2_room1_mix0022,50,2,0,117,-5,8.01
fold2_room1_mix0022,50,2,0,132,-9,8.02
fold2_room1_mix0022,50,4,0,0,-1,26.86
fold2_room1_mix0022,51,2,0,105,-6,6.53
fold2_room1_mix0022,51,4,0,0,-1,26.27
fold2_room1_mix0022,52,2,0,102,-6,6.38
fold2_room1_mix0022,52,2,0,-111,-10,6.04
fold2_room1_mix0022,52,4,0,0,-1,28.15
fold2_room1_mix0022,53,2,0,96,-5,7.42
fold2_room1_mix0022,53,2,0,-96,-6,6.72
fold2_room1_mix0022,53,4,0,1,-1,27.31
fold2_room1_mix0022,54,2,0,93,-6,5.95
fold2_room1_mix0022,54,2,0,-99,-10,5.35
fold2_room1_mix0022,54,4,0,1,-1,28.67
fold2_room1_mix0022,55,2,0,86,-4,6.56
fold2_room1_mix0022,55,2,0,-89,-5,5.82
fold2_room1_mix0022,55,4,0,1,-1,24.73
fold2_room1_mix0022,56,4,0,0,-1,24.74
fold2_room1_mix0022,57,4,0,0,-1,21.44
fold2_room1_mix0022,58,4,0,0,-1,19.94
fold2_room1_mix0022,59,4,0,0,-1,20.67
fold2_room1_mix0022,60,2,0,88,-6,6.86
fold2_room1_mix0022,60,4,0,0,-1,21.78
fold2_room1_mix0022,61,2,0,77,-7,7.17
fold2_room1_mix0022,61,4,0,1,-1,20.91
fold2_room1_mix0022,62,2,0,72,-5,6.67
fold2_room1_mix0022,62,4,0,1,-1,19.17
fold2_room1_mix0022,63,2,0,68,-5,7.49
fold2_room1_mix0022,63,2,0,-61,-10,6.72
fold2_room1_mix0022,63,4,0,0,-1,18.02
fold2_room1_mix0022,64,2,0,69,-5,7.10
fold2_room1_mix0022,64,4,0,0,-2,16.81
fold2_room1_mix0022,65,2,0,65,-6,8.41
fold2_room1_mix0022,65,4,0,0,-2,16.09
fold2_room1_mix0022,66,4,0,-8,-2,14.35
fold2_room1_mix0022,67,4,0,-8,-2,13.10
fold2_room1_mix0022,68,4,0,-9,-2,11.63
fold2_room1_mix0022,69,4,0,-9,-2,12.37
fold2_room1_mix0022,70,4,0,-12,-2,10.98
fold2_room1_mix0022,71,4,0,-15,-4,9.76
fold2_room1_mix0022,72,4,0,-14,-4,8.91
fold2_room1_mix0022,73,4,0,-19,-4,7.74
fold2_room1_mix0022,74,4,0,-23,-6,5.95
fold2_room1_mix0022,75,4,0,-28,-6,5.29
fold2_room1_mix0022,76,4,0,-39,-9,3.72
fold2_room1_mix0022,77,4,0,-50,-10,3.36
fold2_room1_mix0022,78,4,0,-67,-13,2.75
fold2_room1_mix0022,79,4,0,-85,-13,3.03
fold2_room1_mix0022,80,4,0,-105,-13,2.81
fold2_room1_mix0022,81,4,0,-116,-9,3.07
fold2_room1_mix0022,82,4,0,-130,-8,4.10
fold2_room1_mix0022,83,4,0,-141,-7,4.66
fold2_room1_mix0022,84,4,0,-147,-5,5.69
fold2_room1_mix0022,85,4,0,-151,-5,6.26
fold2_room1_mix0022,86,4,0,-155,-4,6.82
fold2_room1_mix0022,87,4,0,-157,-4,7.70
fold2_room1_mix0022,88,4,0,-161,-3,8.74
fold2_room1_mix0022,89,4,0,-161,-3,9.16
fold2_room1_mix0022,90,4,0,-162,-3,9.93
fold2_room1_mix0022,91,4,0,-165,-2,11.20
fold2_room1_mix0022,92,4,0,-165,-2,12.17
fold2_room1_mix0022,93,4,0,-165,-2,12.35
fold2_room1_mix0022,94,4,0,-166,-2,13.16
fold2_room1_mix0022,95,4,0,-167,-1,14.51
fold2_room1_mix0022,96,4,0,-166,-2,14.04
fold2_room1_mix0022,97,4,0,-167,-1,16.01
fold2_room1_mix0022,98,4,0,-168,-1,16.96
fold2_room1_mix0022,99,4,0,-169,-1,16.98
fold2_room1_mix0023,7,4,0,-175,1,10.64
fold2_room1_mix0023,8,4,0,177,2,1.75
fold2_room1_mix0023,9,4,0,176,1,7.93
fold2_room1_mix0023,10,4,0,178,1,5.73
fold2_room1_mix0023,10,4,0,-1,1,6.04
fold2_room1_mix0023,11,4,0,176,1,21.35
fold2_room1_mix0023,11,4,0,1,2,22.81
fold2_room1_mix0023,12,4,0,179,0,20.14
fold2_room1_mix0023,12,4,0,1,1,20.86
fold2_room1_mix0023,13,4,0,179,0,23.78
fold2_room1_mix0023,13,4,0,-2,1,22.65
fold2_room1_mix0023,14,4,0,178,0,25.47
fold2_room1_mix0023,14,4,0,0,0,26.36
fold2_room1_mix0023,15,4,0,178,0,28.16
fold2_room1_mix0023,16,4,0,-179,1,14.89
fold2_room1_mix0023,16,4,0,0,2,15.74
fold2_room1_mix0023,17,4,0,179,0,31.51
fold2_room1_mix0023,17,4,0,0,1,31.62
fold2_room1_mix0023,18,4,0,178,0,30.41
fold2_room1_mix0023,18,4,0,1,0,30.73
fold2_room1_mix0023,19,4,0,-179,0,33.92
fold2_room1_mix0023,19,4,0,0,0,31.66
fold2_room1_mix0023,20,4,0,176,0,32.15
fold2_room1_mix0023,20,4,0,0,0,33.60
fold2_room1_mix0023,21,4,0,-178,1,35.42
fold2_room1_mix0023,21,4,0,0,0,30.85
fold2_room1_mix0023,22,4,0,177,0,33.60
fold2_room1_mix0023,22,4,0,0,0,35.55
fold2_room1_mix0023,23,4,0,179,0,32.88
fold2_room1_mix0023,23,4,0,-2,0,31.31
fold2_room1_mix0023,24,4,0,178,0,33.51
fold2_room1_mix0023,24,4,0,-5,0,32.66
fold2_room1_mix0023,25,4,0,177,0,35.81
fold2_room1_mix0023,25,4,0,-3,0,34.02
fold2_room1_mix0023,26,4,0,176,0,33.34
fold2_room1_mix0023,26,4,0,0,0,35.56
fold2_room1_mix0023,27,4,0,178,0,35.71
fold2_room1_mix0023,27,4,0,-3,0,33.87
fold2_room1_mix0023,28,4,0,177,-1,28.29
fold2_room1_mix0023,28,4,0,0,0,35.16
fold2_room1_mix0023,29,4,0,177,0,33.10
fold2_room1_mix0023,29,4,0,0,0,35.00
fold2_room1_mix0023,30,4,0,178,0,33.16
fold2_room1_mix0023,30,4,0,0,0,33.08
fold2_room1_mix0023,31,4,0,178,0,38.58
fold2_room1_mix0023,31,4,0,0,0,35.89
fold2_room1_mix0023,32,4,0,178,0,35.70
fold2_room1_mix0023,32,4,0,0,0,32.73
fold2_room1_mix0023,33,4,0,178,0,41.35
fold2_room1_mix0023,33,4,0,0,0,33.19
fold2_room1_mix0023,34,4,0,179,0,36.74
fold2_room1_mix0023,34,4,0,0,0,31.52
fold2_room1_mix0023,35,4,0,179,0,37.90
fold2_room1_mix0023,35,4,0,1,-1,31.90
fold2_room1_mix0023,36,4,0,178,0,38.24
fold2_room1_mix0023,36,4,0,0,0,31.50
fold2_room1_mix0023,37,4,0,179,0,35.82
fold2_room1_mix0023,37,4,0,2,0,31.99
fold2_room1_mix0023,38,4,0,178,0,36.90
fold2_room1_mix0023,38,4,0,2,0,30.26
fold2_room1_mix0023,39,4,0,-179,0,34.47
fold2_room1_mix0023,39,4,0,2,-1,29.01
fold2_room1_mix0023,40,4,0,177,0,35.92
fold2_room1_mix0023,40,4,0,4,-1,26.49
fold2_room1_mix0023,41,4,0,178,-1,30.34
fold2_room1_mix0023,41,4,0,6,-1,27.96
fold2_room1_mix0023,42,4,0,177,0,30.89
fold2_room1_mix0023,42,4,0,5,-1,26.37
fold2_room1_mix0023,43,4,0,175,0,35.19
fold2_room1_mix0023,43,4,0,6,-1,26.38
fold2_room1_mix0023,44,4,0,176,0,30.19
fold2_room1_mix0023,44,4,0,5,-1,23.06
fold2_room1_mix0023,45,4,0,177,0,32.09
fold2_room1_mix0023,45,4,0,3,-1,21.00
fold2_room1_mix0023,46,4,0,174,0,29.33
fold2_room1_mix0023,46,4,0,4,-1,22.19
fold2_room1_mix0023,47,4,0,175,0,31.87
fold2_room1_mix0023,47,4,0,5,-1,20.06
fold2_room1_mix0023,48,4,0,176,0,28.37
fold2_room1_mix0023,48,4,0,3,-1,21.45
fold2_room1_mix0023,49,4,0,174,0,28.91
fold2_room1_mix0023,49,4,0,4,-1,17.77
fold2_room1_mix0023,50,4,0,172,0,29.47
fold2_room1_mix0023,50,4,0,3,-2,18.81
fold2_room1_mix0023,51,4,0,176,0,26.37
fold2_room1_mix0023,51,4,0,4,-2,15.60
fold2_room1_mix0023,52,4,0,176,-1,22.27
fold2_room1_mix0023,52,4,0,3,-2,15.84
fold2_room1_mix0023,53,4,0,178,-1,21.76
fold2_room1_mix0023,53,4,0,5,-2,14.76
fold2_room1_mix0023,54,4,0,177,-1,22.68
fold2_room1_mix0023,54,4,0,4,-2,14.14
fold2_room1_mix0023,55,4,0,178,-1,21.82
fold2_room1_mix0023,55,4,0,5,-3,13.30
fold2_room1_mix0023,56,4,0,177,0,24.21
fold2_room1_mix0023,56,4,0,4,-3,12.46
fold2_room1_mix0023,57,4,0,177,0,24.18
fold2_room1_mix0023,57,4,0,5,-3,11.85
fold2_room1_mix0023,58,4,0,178,0,23.77
fold2_room1_mix0023,58,4,0,4,-3,11.95
fold2_room1_mix0023,59,4,0,177,0,24.59
fold2_room1_mix0023,59,4,0,4,-3,11.22
fold2_room1_mix0023,60,4,0,176,-1,21.37
fold2_room1_mix0023,60,4,0,4,-3,10.38
fold2_room1_mix0023,61,4,0,177,-1,19.83
fold2_room1_mix0023,61,4,0,5,-4,9.32
fold2_room1_mix0023,62,4,0,174,-1,21.11
fold2_room1_mix0023,62,4,0,4,-5,8.10
fold2_room1_mix0023,63,4,0,173,-1,18.91
fold2_room1_mix0023,63,4,0,6,-5,6.84
fold2_room1_mix0023,64,4,0,176,0,19.58
fold2_room1_mix0023,64,4,0,6,-6,6.59
fold2_room1_mix0023,65,4,0,171,0,19.38
fold2_room1_mix0023,65,4,0,7,-7,5.51
fold2_room1_mix0023,66,4,0,173,-1,17.85
fold2_room1_mix0023,66,4,0,9,-7,5.29
fold2_room1_mix0023,67,4,0,172,-2,15.64
fold2_room1_mix0023,67,4,0,13,-9,3.72
fold2_room1_mix0023,68,4,0,169,-2,15.58
fold2_room1_mix0023,68,4,0,16,-10,3.37
fold2_room1_mix0023,69,4,0,170,-2,16.73
fold2_room1_mix0023,69,4,0,25,-13,2.70
fold2_room1_mix0023,70,4,0,165,-4,15.37
fold2_room1_mix0023,70,4,0,46,-23,1.57
fold2_room1_mix0023,71,4,0,166,-4,12.67
fold2_room1_mix0023,71,4,0,114,-29,1.23
fold2_room1_mix0023,72,4,0,172,-1,13.07
fold2_room1_mix0023,72,4,0,145,-18,1.63
fold2_room1_mix0023,73,4,0,164,-10,4.63
fold2_room1_mix0023,74,4,0,167,-8,5.07
fold2_room1_mix0023,75,4,0,169,-6,5.14
fold2_room1_mix0023,76,4,0,171,-5,5.64
fold2_room1_mix0023,77,4,0,172,-5,5.87
fold2_room1_mix0023,78,4,0,170,-6,5.58
fold2_room1_mix0023,79,4,0,168,-6,5.30
fold2_room1_mix0023,80,4,0,168,-4,6.79
fold2_room1_mix0023,80,4,0,148,-11,2.86
fold2_room1_mix0023,81,4,0,168,-4,8.41
fold2_room1_mix0023,81,4,0,131,-16,1.86
fold2_room1_mix0023,82,4,0,171,-3,8.79
fold2_room1_mix0023,82,4,0,94,-23,1.41
fold2_room1_mix0023,83,4,0,172,-3,9.00
fold2_room1_mix0023,83,4,0,63,-22,1.73
fold2_room1_mix0023,84,4,0,174,-2,9.55
fold2_room1_mix0023,84,4,0,32,-12,2.39
fold2_room1_mix0023,85,4,0,175,-2,10.68
fold2_room1_mix0023,85,4,0,22,-10,3.15
fold2_room1_mix0023,86,4,0,175,-2,11.04
fold2_room1_mix0023,86,4,0,20,-9,3.63
fold2_room1_mix0023,87,4,0,175,-2,11.26
fold2_room1_mix0023,87,4,0,17,-8,4.34
fold2_room1_mix0023,88,4,0,176,-1,12.62
fold2_room1_mix0023,88,4,0,14,-6,5.48
fold2_room1_mix0023,89,4,0,176,-1,13.01
fold2_room1_mix0023,89,4,0,12,-5,6.52
fold2_room1_mix0023,90,4,0,175,-1,14.32
fold2_room1_mix0023,90,4,0,11,-4,7.21
fold2_room1_mix0023,91,4,0,175,0,15.16
fold2_room1_mix0023,91,4,0,11,-4,8.49
fold2_room1_mix0023,92,4,0,177,0,14.97
fold2_room1_mix0023,92,4,0,11,-3,9.00
fold2_room1_mix0023,93,4,0,177,-1,16.61
fold2_room1_mix0023,93,4,0,10,-3,9.97
fold2_room1_mix0023,94,4,0,178,0,16.74
fold2_room1_mix0023,94,4,0,13,-3,11.56
fold2_room1_mix0023,95,4,0,177,0,17.01
fold2_room1_mix0023,95,4,0,11,-2,12.41
fold2_room1_mix0023,96,4,0,177,0,19.03
fold2_room1_mix0023,96,4,0,9,-1,14.67
fold2_room1_mix0023,97,4,0,178,0,20.42
fold2_room1_mix0023,97,4,0,10,-2,15.57
fold2_room1_mix0023,98,4,0,178,0,22.36
fold2_room1_mix0023,98,4,0,9,-2,17.70
fold2_room1_mix0023,99,4,0,177,0,22.53
fold2_room1_mix0023,99,4,0,8,-1,19.18
fold2_room1_mix0025,0,5,0,66,2,4.56
fold2_room1_mix0025,1,5,0,70,2,10.86
fold2_room1_mix0025,2,4,0,0,0,4.14
fold2_room1_mix0025,2,5,0,66,2,9.52
fold2_room1_mix0025,3,4,0,-1,0,11.54
fold2_room1_mix0025,3,5,0,73,2,9.97
fold2_room1_mix0025,4,4,0,4,-1,17.57
fold2_room1_mix0025,4,5,0,71,3,9.83
fold2_room1_mix0025,5,4,0,2,0,18.84
fold2_room1_mix0025,5,5,0,70,2,11.73
fold2_room1_mix0025,6,4,0,0,-1,18.74
fold2_room1_mix0025,6,5,0,71,2,16.04
fold2_room1_mix0025,7,4,0,0,-2,27.24
fold2_room1_mix0025,7,5,0,69,2,12.92
fold2_room1_mix0025,8,4,0,1,-1,27.73
fold2_room1_mix0025,8,5,0,71,2,11.25
fold2_room1_mix0025,9,4,0,0,-2,24.38
fold2_room1_mix0025,9,5,0,65,2,12.89
fold2_room1_mix0025,10,4,0,1,-2,24.87
fold2_room1_mix0025,10,5,0,65,2,12.14
fold2_room1_mix0025,11,4,0,0,-1,25.34
fold2_room1_mix0025,11,5,0,63,2,11.31
fold2_room1_mix0025,12,4,0,1,-1,24.58
fold2_room1_mix0025,12,5,0,65,3,10.85
fold2_room1_mix0025,13,4,0,0,-2,23.01
fold2_room1_mix0025,13,5,0,67,3,10.86
fold2_room1_mix0025,14,4,0,0,-2,22.18
fold2_room1_mix0025,14,5,0,65,2,11.27
fold2_room1_mix0025,15,4,0,-1,-2,22.71
fold2_room1_mix0025,15,5,0,64,3,10.20
fold2_room1_mix0025,16,4,0,0,-2,22.30
fold2_room1_mix0025,16,5,0,67,3,10.41
fold2_room1_mix0025,17,4,0,-2,-2,21.67
fold2_room1_mix0025,17,5,0,63,3,9.88
fold2_room1_mix0025,18,4,0,-3,-1,23.08
fold2_room1_mix0025,18,5,0,61,3,10.80
fold2_room1_mix0025,19,4,0,-3,-2,20.86
fold2_room1_mix0025,19,5,0,64,2,12.92
fold2_room1_mix0025,20,4,0,-3,-2,22.20
fold2_room1_mix0025,20,5,0,61,3,10.27
fold2_room1_mix0025,21,4,0,-3,-1,22.61
fold2_room1_mix0025,21,5,0,63,3,10.60
fold2_room1_mix0025,22,4,0,-2,-1,21.48
fold2_room1_mix0025,22,5,0,63,2,12.74
fold2_room1_mix0025,23,4,0,-3,-1,22.83
fold2_room1_mix0025,23,5,0,61,3,10.39
fold2_room1_mix0025,24,4,0,-5,-1,23.45
fold2_room1_mix0025,24,5,0,61,3,10.25
fold2_room1_mix0025,25,4,0,-4,-1,22.25
fold2_room1_mix0025,25,5,0,61,2,12.20
fold2_room1_mix0025,26,4,0,-6,-1,22.72
fold2_room1_mix0025,26,5,0,58,2,12.96
fold2_room1_mix0025,27,4,0,-7,-1,22.32
fold2_room1_mix0025,27,5,0,64,3,10.99
fold2_room1_mix0025,28,4,0,-6,-1,22.69
fold2_room1_mix0025,28,5,0,59,3,11.55
fold2_room1_mix0025,29,4,0,-6,-1,20.95
fold2_room1_mix0025,29,5,0,61,2,11.67
fold2_room1_mix0025,30,4,0,-6,-1,20.18
fold2_room1_mix0025,30,5,0,63,2,11.69
fold2_room1_mix0025,31,4,0,-5,-1,21.18
fold2_room1_mix0025,31,5,0,60,2,12.17
fold2_room1_mix0025,32,4,0,-5,-1,22.94
fold2_room1_mix0025,32,5,0,58,2,12.34
fold2_room1_mix0025,33,4,0,-8,-1,21.00
fold2_room1_mix0025,33,5,0,57,2,12.45
fold2_room1_mix0025,34,4,0,-6,-1,20.26
fold2_room1_mix0025,34,5,0,60,2,13.06
fold2_room1_mix0025,35,4,0,-7,-1,19.09
fold2_room1_mix0025,35,5,0,60,2,13.43
fold2_room1_mix0025,36,4,0,-8,-1,19.61
fold2_room1_mix0025,36,5,0,56,2,12.12
fold2_room1_mix0025,37,4,0,-6,-2,17.48
fold2_room1_mix0025,37,5,0,53,2,12.50
fold2_room1_mix0025,38,4,0,-10,-2,16.08
fold2_room1_mix0025,38,5,0,56,2,14.57
fold2_room1_mix0025,39,4,0,-9,-2,14.64
fold2_room1_mix0025,39,5,0,55,2,13.69
fold2_room1_mix0025,40,4,0,-10,-2,13.95
fold2_room1_mix0025,40,5,0,55,2,12.07
fold2_room1_mix0025,41,4,0,-13,-2,13.35
fold2_room1_mix0025,41,5,0,57,2,13.72
fold2_room1_mix0025,42,4,0,-15,-2,12.89
fold2_room1_mix0025,42,5,0,56,2,13.01
fold2_room1_mix0025,43,4,0,-15,-3,11.78
fold2_room1_mix0025,43,5,0,60,2,13.37
fold2_room1_mix0025,44,4,0,-15,-3,11.12
fold2_room1_mix0025,44,5,0,56,2,12.93
fold2_room1_mix0025,45,4,0,-18,-3,10.79
fold2_room1_mix0025,45,5,0,59,2,13.11
fold2_room1_mix0025,46,4,0,-16,-3,10.06
fold2_room1_mix0025,46,5,0,55,2,12.97
fold2_room1_mix0025,47,4,0,-18,-3,9.41
fold2_room1_mix0025,47,5,0,55,2,13.13
fold2_room1_mix0025,48,4,0,-18,-4,8.72
fold2_room1_mix0025,48,5,0,55,3,11.60
fold2_room1_mix0025,49,4,0,-21,-4,7.80
fold2_room1_mix0025,49,5,0,55,2,12.42
fold2_room1_mix0025,50,4,0,-25,-4,7.20
fold2_room1_mix0025,50,5,0,51,2,12.35
fold2_room1_mix0025,51,4,0,-27,-4,6.50
fold2_room1_mix0025,51,5,0,57,2,14.13
fold2_room1_mix0025,52,4,0,-27,-5,6.09
fold2_room1_mix0025,52,5,0,50,2,12.40
fold2_room1_mix0025,53,4,0,-32,-5,5.43
fold2_room1_mix0025,53,5,0,55,3,11.52
fold2_room1_mix0025,54,4,0,-34,-5,5.15
fold2_room1_mix0025,54,5,0,53,2,12.87
fold2_room1_mix0025,55,4,0,-38,-6,4.52
fold2_room1_mix0025,55,5,0,51,2,12.15
fold2_room1_mix0025,56,4,0,-44,-8,3.81
fold2_room1_mix0025,56,5,0,47,3,11.65
fold2_room1_mix0025,57,4,0,-51,-9,3.40
fold2_room1_mix0025,57,5,0,52,3,12.10
fold2_room1_mix0025,58,4,0,-59,-10,3.11
fold2_room1_mix0025,58,5,0,51,2,11.75
fold2_room1_mix0025,59,4,0,-74,-12,2.84
fold2_room1_mix0025,59,5,0,49,2,11.61
fold2_room1_mix0025,60,4,0,-82,-13,2.83
fold2_room1_mix0025,60,5,0,49,3,10.87
fold2_room1_mix0025,61,4,0,-96,-13,2.81
fold2_room1_mix0025,61,5,0,47,2,11.20
fold2_room1_mix0025,62,4,0,-108,-12,2.78
fold2_room1_mix0025,62,5,0,46,3,11.54
fold2_room1_mix0025,63,4,0,-113,-12,2.97
fold2_room1_mix0025,63,5,0,45,3,11.23
fold2_room1_mix0025,64,4,0,-127,-11,3.16
fold2_room1_mix0025,64,5,0,47,3,11.59
fold2_room1_mix0025,65,4,0,-133,-10,3.42
fold2_room1_mix0025,65,5,0,46,2,12.29
fold2_room1_mix0025,66,4,0,-138,-8,4.27
fold2_room1_mix0025,66,5,0,44,2,11.69
fold2_room1_mix0025,67,4,0,-142,-7,4.64
fold2_room1_mix0025,67,5,0,48,2,13.95
fold2_room1_mix0025,68,4,0,-146,-6,5.11
fold2_room1_mix0025,68,5,0,43,3,11.75
fold2_room1_mix0025,69,4,0,-148,-5,5.59
fold2_room1_mix0025,69,5,0,44,2,12.48
fold2_room1_mix0025,70,4,0,-152,-5,5.80
fold2_room1_mix0025,70,5,0,47,2,14.18
fold2_room1_mix0025,71,4,0,-154,-4,6.20
fold2_room1_mix0025,71,5,0,45,2,13.19
fold2_room1_mix0025,72,4,0,-155,-4,6.99
fold2_room1_mix0025,72,5,0,41,3,12.25
fold2_room1_mix0025,73,4,0,-157,-4,7.40
fold2_room1_mix0025,73,5,0,46,2,13.70
fold2_room1_mix0025,74,4,0,-158,-4,7.85
fold2_room1_mix0025,74,5,0,43,3,12.61
fold2_room1_mix0025,75,4,0,-159,-3,7.99
fold2_room1_mix0025,75,5,0,44,2,12.54
fold2_room1_mix0025,76,4,0,-160,-3,8.64
fold2_room1_mix0025,76,5,0,46,2,13.71
fold2_room1_mix0025,77,4,0,-161,-3,9.03
fold2_room1_mix0025,77,5,0,44,2,13.51
fold2_room1_mix0025,78,4,0,-161,-3,8.99
fold2_room1_mix0025,78,5,0,44,2,13.16
fold2_room1_mix0025,79,4,0,-162,-3,9.70
fold2_room1_mix0025,79,5,0,45,2,13.40
fold2_room1_mix0025,80,4,0,-163,-2,9.86
fold2_room1_mix0025,80,5,0,43,3,13.09
fold2_room1_mix0025,81,4,0,-162,-2,10.27
fold2_room1_mix0025,81,5,0,41,3,12.84
fold2_room1_mix0025,82,4,0,-163,-2,11.18
fold2_room1_mix0025,82,5,0,42,2,13.43
fold2_room1_mix0025,83,4,0,-164,-2,11.40
fold2_room1_mix0025,83,5,0,43,2,14.31
fold2_room1_mix0025,84,4,0,-164,-2,12.19
fold2_room1_mix0025,84,5,0,41,2,12.79
fold2_room1_mix0025,85,4,0,-164,-2,12.20
fold2_room1_mix0025,85,5,0,40,2,13.50
fold2_room1_mix0025,86,4,0,-166,-2,13.40
fold2_room1_mix0025,86,5,0,42,2,14.78
fold2_room1_mix0025,87,4,0,-165,-2,13.69
fold2_room1_mix0025,87,5,0,43,2,14.24
fold2_room1_mix0025,88,4,0,-167,-2,14.01
fold2_room1_mix0025,88,5,0,42,2,13.49
fold2_room1_mix0025,89,4,0,-166,-1,14.27
fold2_room1_mix0025,89,5,0,44,2,14.54
fold2_room1_mix0025,90,4,0,-166,-1,14.98
fold2_room1_mix0025,90,5,0,44,2,14.88
fold2_room1_mix0025,91,4,0,-166,-1,15.26
fold2_room1_mix0025,91,5,0,44,2,14.18
fold2_room1_mix0025,92,4,0,-167,-1,15.50
fold2_room1_mix0025,92,5,0,42,2,14.11
fold2_room1_mix0025,93,4,0,-166,-1,16.12
fold2_room1_mix0025,93,5,0,43,2,14.26
fold2_room1_mix0025,94,4,0,-166,-1,16.53
fold2_room1_mix0025,94,5,0,41,2,14.44
fold2_room1_mix0025,95,4,0,-167,-1,16.78
fold2_room1_mix0025,95,5,0,41,2,14.34
fold2_room1_mix0025,96,4,0,-167,-1,16.84
fold2_room1_mix0025,96,5,0,44,2,13.62
fold2_room1_mix0025,97,4,0,-166,-1,17.81
fold2_room1_mix0025,97,5,0,43,2,14.43
fold2_room1_mix0025,98,4,0,-167,-1,17.84
fold2_room1_mix0025,98,5,0,42,2,13.64
fold2_room1_mix0025,99,4,0,-167,-1,16.32
fold2_room1_mix0025,99,5,0,45,2,13.39
fold2_room1_mix0026,1,4,0,179,0,1.55
fold2_room1_mix0026,2,4,0,-177,0,4.17
fold2_room1_mix0026,3,4,0,-178,0,10.09
fold2_room1_mix0026,4,4,0,-177,-1,10.41
fold2_room1_mix0026,4,4,0,0,0,13.02
fold2_room1_mix0026,5,4,0,-178,0,13.18
fold2_room1_mix0026,5,4,0,0,0,14.87
fold2_room1_mix0026,6,4,0,-178,-1,13.01
fold2_room1_mix0026,6,4,0,1,0,16.03
fold2_room1_mix0026,7,4,0,-177,-1,21.50
fold2_room1_mix0026,7,4,0,0,-1,27.27
fold2_room1_mix0026,8,4,0,-177,-1,20.61
fold2_room1_mix0026,8,4,0,0,-1,26.71
fold2_room1_mix0026,9,4,0,-177,-1,19.19
fold2_room1_mix0026,9,4,0,1,0,26.26
fold2_room1_mix0026,10,4,0,-177,-1,17.51
fold2_room1_mix0026,10,4,0,-1,0,25.93
fold2_room1_mix0026,11,4,0,-176,-1,17.40
fold2_room1_mix0026,11,4,0,0,-1,24.54
fold2_room1_mix0026,12,4,0,-176,-1,17.26
fold2_room1_mix0026,12,4,0,1,-1,26.14
fold2_room1_mix0026,13,4,0,-176,-2,17.67
fold2_room1_mix0026,13,4,0,0,-1,27.75
fold2_room1_mix0026,14,4,0,-175,-2,18.54
fold2_room1_mix0026,14,4,0,0,-1,26.84
fold2_room1_mix0026,15,4,0,-175,-2,19.56
fold2_room1_mix0026,15,4,0,1,-1,27.13
fold2_room1_mix0026,16,4,0,-176,-2,17.81
fold2_room1_mix0026,16,4,0,-1,-1,24.77
fold2_room1_mix0026,17,4,0,-174,-2,18.61
fold2_room1_mix0026,17,4,0,-1,-1,24.41
fold2_room1_mix0026,18,4,0,-174,-2,17.27
fold2_room1_mix0026,18,4,0,-1,-2,24.15
fold2_room1_mix0026,19,4,0,-174,-1,16.77
fold2_room1_mix0026,19,4,0,-1,-2,21.01
fold2_room1_mix0026,20,4,0,-175,-2,17.69
fold2_room1_mix0026,20,4,0,-3,-2,24.43
fold2_room1_mix0026,21,4,0,-174,-2,17.77
fold2_room1_mix0026,21,4,0,-4,-2,22.95
fold2_room1_mix0026,22,4,0,-175,-2,17.00
fold2_room1_mix0026,22,4,0,-4,-2,20.09
fold2_room1_mix0026,23,4,0,-172,-2,16.21
fold2_room1_mix0026,23,4,0,-4,-3,19.64
fold2_room1_mix0026,24,4,0,-171,-2,15.75
fold2_room1_mix0026,24,4,0,-6,-2,19.47
fold2_room1_mix0026,25,4,0,-168,-2,16.30
fold2_room1_mix0026,25,4,0,-5,-3,16.87
fold2_room1_mix0026,26,4,0,-169,-2,13.74
fold2_room1_mix0026,26,4,0,-4,-2,19.80
fold2_room1_mix0026,27,4,0,-167,-2,14.48
fold2_room1_mix0026,27,4,0,-3,-2,20.06
fold2_room1_mix0026,28,4,0,-167,-2,14.02
fold2_room1_mix0026,28,4,0,-6,-2,18.57
fold2_room1_mix0026,29,4,0,-167,-2,13.79
fold2_room1_mix0026,29,4,0,-4,-2,19.37
fold2_room1_mix0026,30,4,0,-165,-2,13.69
fold2_room1_mix0026,30,4,0,-8,-2,17.35
fold2_room1_mix0026,31,4,0,-166,-2,13.14
fold2_room1_mix0026,31,4,0,-7,-2,18.03
fold2_room1_mix0026,32,4,0,-168,-2,11.98
fold2_room1_mix0026,32,4,0,-5,-2,18.00
fold2_room1_mix0026,33,4,0,-168,-3,10.70
fold2_room1_mix0026,33,4,0,-6,-2,17.69
fold2_room1_mix0026,34,4,0,-167,-2,11.73
fold2_room1_mix0026,34,4,0,-5,-2,17.06
fold2_room1_mix0026,35,4,0,-166,-2,10.60
fold2_room1_mix0026,35,4,0,-5,-2,16.57
fold2_room1_mix0026,36,4,0,-166,-3,9.83
fold2_room1_mix0026,36,4,0,-5,-2,15.62
fold2_room1_mix0026,37,4,0,-161,-2,9.50
fold2_room1_mix0026,37,4,0,-2,-2,16.22
fold2_room1_mix0026,38,4,0,-161,-2,8.74
fold2_room1_mix0026,38,4,0,-6,-2,14.46
fold2_room1_mix0026,39,4,0,-160,-3,9.16
fold2_room1_mix0026,39,4,0,-6,-3,13.88
fold2_room1_mix0026,40,4,0,-160,-3,8.40
fold2_room1_mix0026,40,4,0,-7,-3,14.87
fold2_room1_mix0026,41,4,0,-157,-3,8.29
fold2_room1_mix0026,41,4,0,-7,-3,13.59
fold2_room1_mix0026,42,4,0,-157,-3,8.51
fold2_room1_mix0026,42,4,0,-6,-3,13.20
fold2_room1_mix0026,43,4,0,-154,-3,7.41
fold2_room1_mix0026,43,4,0,-7,-3,12.74
fold2_room1_mix0026,44,4,0,-154,-3,8.28
fold2_room1_mix0026,44,4,0,-10,-3,11.27
fold2_room1_mix0026,45,4,0,-150,-3,7.90
fold2_room1_mix0026,45,4,0,-8,-4,10.15
fold2_room1_mix0026,46,4,0,-151,-3,7.92
fold2_room1_mix0026,46,4,0,-11,-4,10.40
fold2_room1_mix0026,47,1,0,-47,-3,17.74
fold2_room1_mix0026,47,4,0,-154,-5,7.94
fold2_room1_mix0026,47,4,0,-10,-3,10.04
fold2_room1_mix0026,48,1,0,-48,-3,13.98
fold2_room1_mix0026,48,4,0,-156,-5,8.08
fold2_room1_mix0026,48,4,0,-5,-3,9.12
fold2_room1_mix0026,49,1,0,-51,-3,15.03
fold2_room1_mix0026,49,4,0,-157,-4,8.66
fold2_room1_mix0026,49,4,0,-5,-4,8.87
fold2_room1_mix0026,50,1,0,-57,-3,14.19
fold2_room1_mix0026,50,4,0,-158,-6,8.28
fold2_room1_mix0026,50,4,0,-11,-5,9.36
fold2_room1_mix0026,51,1,0,-63,-3,7.57
fold2_room1_mix0026,51,4,0,-154,-9,5.73
fold2_room1_mix0026,51,4,0,-23,-5,8.21
fold2_room1_mix0026,52,1,0,-53,-3,16.48
fold2_room1_mix0026,52,4,0,-155,-6,8.01
fold2_room1_mix0026,52,4,0,-13,-6,8.38
fold2_room1_mix0026,53,1,0,-52,-3,12.26
fold2_room1_mix0026,53,4,0,-157,-4,9.30
fold2_room1_mix0026,53,4,0,-13,-6,7.23
fold2_room1_mix0026,54,1,0,-59,-3,13.15
fold2_room1_mix0026,54,4,0,-160,-5,8.14
fold2_room1_mix0026,54,4,0,-18,-7,6.07
fold2_room1_mix0026,55,1,0,-68,-3,13.34
fold2_room1_mix0026,55,4,0,-159,-6,8.19
fold2_room1_mix0026,55,4,0,-59,-15,5.62
fold2_room1_mix0026,55,4,0,-31,-8,5.81
fold2_room1_mix0026,56,4,0,-147,-6,6.38
fold2_room1_mix0026,56,4,0,-106,-13,2.89
fold2_room1_mix0026,56,4,0,-66,-12,4.25
fold2_room1_mix0026,57,1,0,-62,-3,15.96
fold2_room1_mix0026,57,4,0,-149,-7,6.29
fold2_room1_mix0026,57,4,0,-103,-17,3.25
fold2_room1_mix0026,58,1,0,-75,-4,10.02
fold2_room1_mix0026,58,4,0,-160,-4,8.83
fold2_room1_mix0026,58,4,0,-132,-10,4.43
fold2_room1_mix0026,58,4,0,-88,-13,5.07
fold2_room1_mix0026,59,1,0,-83,-4,12.58
fold2_room1_mix0026,59,4,0,-155,-4,9.34
fold2_room1_mix0026,59,4,0,-133,-10,3.56
fold2_room1_mix0026,59,4,0,-67,-15,5.74
fold2_room1_mix0026,60,1,0,-83,-3,11.19
fold2_room1_mix0026,60,4,0,-152,-5,7.08
fold2_room1_mix0026,61,4,0,-158,-4,6.09
fold2_room1_mix0026,61,4,0,-142,-7,3.37
fold2_room1_mix0026,61,4,0,-121,-7,4.99
fold2_room1_mix0026,62,1,0,-86,-4,11.22
fold2_room1_mix0026,62,4,0,-163,-4,8.39
fold2_room1_mix0026,62,4,0,-143,-9,4.08
fold2_room1_mix0026,62,4,0,-123,-11,4.74
fold2_room1_mix0026,63,1,0,-93,-4,9.58
fold2_room1_mix0026,63,4,0,-163,-3,8.52
fold2_room1_mix0026,63,4,0,-136,-7,4.93
fold2_room1_mix0026,64,1,0,-96,-4,9.38
fold2_room1_mix0026,64,4,0,-159,-3,8.41
fold2_room1_mix0026,64,4,0,-130,-7,4.29
fold2_room1_mix0026,64,4,0,-87,-9,6.26
fold2_room1_mix0026,65,1,0,-96,-4,10.60
fold2_room1_mix0026,65,4,0,-162,-2,9.88
fold2_room1_mix0026,65,4,0,-139,-6,4.95
fold2_room1_mix0026,65,4,0,-113,-9,5.56
fold2_room1_mix0026,66,1,0,-104,-2,4.83
fold2_room1_mix0026,66,4,0,-149,-4,7.41
fold2_room1_mix0026,66,4,0,-95,-8,4.02
fold2_room1_mix0026,66,4,0,-78,-8,5.25
fold2_room1_mix0026,67,1,0,-107,-4,11.66
fold2_room1_mix0026,67,4,0,-164,-4,8.25
fold2_room1_mix0026,67,4,0,-120,-7,4.73
fold2_room1_mix0026,67,4,0,-82,-9,4.78
fold2_room1_mix0026,68,1,0,-114,-4,11.81
fold2_room1_mix0026,68,4,0,-160,-3,8.71
fold2_room1_mix0026,68,4,0,-90,-7,4.91
fold2_room1_mix0026,68,4,0,-66,-7,4.89
fold2_room1_mix0026,69,1,0,-120,-3,13.08
fold2_room1_mix0026,69,4,0,-147,-5,8.54
fold2_room1_mix0026,69,4,0,-85,-8,4.81
fold2_room1_mix0026,69,4,0,-55,-7,5.97
fold2_room1_mix0026,70,1,0,-121,-4,13.87
fold2_room1_mix0026,70,4,0,-162,-2,11.40
fold2_room1_mix0026,70,4,0,-55,-7,5.51
fold2_room1_mix0026,71,1,0,-116,-2,2.59
fold2_room1_mix0026,71,4,0,-158,-4,7.52
fold2_room1_mix0026,71,4,0,-48,-6,4.07
fold2_room1_mix0026,72,1,0,-130,-3,13.20
fold2_room1_mix0026,72,4,0,-152,-4,9.75
fold2_room1_mix0026,72,4,0,-57,-7,4.82
fold2_room1_mix0026,72,4,0,-42,-5,5.84
fold2_room1_mix0026,73,1,0,-135,-3,17.47
fold2_room1_mix0026,73,4,0,-152,-3,8.47
fold2_room1_mix0026,73,4,0,-41,-5,5.09
fold2_room1_mix0026,74,1,0,-139,-2,17.91
fold2_room1_mix0026,74,4,0,-145,-5,7.65
fold2_room1_mix0026,74,4,0,-60,-7,3.90
fold2_room1_mix0026,74,4,0,-36,-6,5.37
fold2_room1_mix0026,75,1,0,-136,-3,17.48
fold2_room1_mix0026,75,4,0,-152,-3,10.19
fold2_room1_mix0026,75,4,0,-61,-9,4.46
fold2_room1_mix0026,75,4,0,-32,-4,6.89
fold2_room1_mix0026,76,1,0,-134,-3,3.68
fold2_room1_mix0026,76,4,0,-161,-1,15.03
fold2_room1_mix0026,76,4,0,-31,-6,5.18
fold2_room1_mix0026,77,1,0,-116,-3,13.49
fold2_room1_mix0026,77,4,0,-158,-3,9.92
fold2_room1_mix0026,77,4,0,-31,-5,5.62
fold2_room1_mix0026,78,1,0,-140,-2,20.46
fold2_room1_mix0026,78,4,0,-157,-1,14.22
fold2_room1_mix0026,78,4,0,-31,-5,6.03
fold2_room1_mix0026,79,1,0,-144,-2,21.80
fold2_room1_mix0026,79,4,0,-152,-2,14.61
fold2_room1_mix0026,79,4,0,-43,-7,4.96
fold2_room1_mix0026,79,4,0,-24,-4,8.13
fold2_room1_mix0026,80,1,0,-138,-2,20.94
fold2_room1_mix0026,80,4,0,-159,-2,15.17
fold2_room1_mix0026,80,4,0,-25,-5,7.31
fold2_room1_mix0026,81,1,0,-139,-2,13.51
fold2_room1_mix0026,81,4,0,-159,-1,16.77
fold2_room1_mix0026,81,4,0,-26,-5,7.12
fold2_room1_mix0026,82,4,0,-164,0,19.60
fold2_room1_mix0026,82,4,0,-24,-4,8.80
fold2_room1_mix0026,83,1,0,-143,-2,26.81
fold2_room1_mix0026,83,4,0,-159,-3,16.60
fold2_room1_mix0026,83,4,0,-24,-6,6.79
fold2_room1_mix0026,84,1,0,-144,-2,24.17
fold2_room1_mix0026,84,4,0,-158,-2,17.39
fold2_room1_mix0026,84,4,0,-20,-6,7.66
fold2_room1_mix0026,85,1,0,-144,-2,22.80
fold2_room1_mix0026,85,4,0,-157,-2,16.80
fold2_room1_mix0026,85,4,0,-23,-6,7.74
fold2_room1_mix0026,86,1,0,-141,-2,24.36
fold2_room1_mix0026,86,4,0,-160,-2,19.09
fold2_room1_mix0026,86,4,0,-19,-5,8.34
fold2_room1_mix0026,87,4,0,-167,0,20.23
fold2_room1_mix0026,87,4,0,-17,-3,9.55
fold2_room1_mix0026,88,1,0,-146,-2,23.14
fold2_room1_mix0026,88,4,0,-160,-1,17.85
fold2_room1_mix0026,88,4,0,-18,-5,8.24
fold2_room1_mix0026,89,4,0,-165,0,19.61
fold2_room1_mix0026,89,4,0,-17,-3,10.42
fold2_room1_mix0026,90,4,0,-166,0,21.94
fold2_room1_mix0026,90,4,0,-17,-4,10.18
fold2_room1_mix0026,91,4,0,-168,0,26.64
fold2_room1_mix0026,91,4,0,-17,-3,11.55
fold2_room1_mix0026,92,4,0,-167,0,22.64
fold2_room1_mix0026,92,4,0,-15,-2,10.66
fold2_room1_mix0026,93,4,0,-170,0,19.74
fold2_room1_mix0026,93,4,0,-16,-3,10.57
fold2_room1_mix0026,94,4,0,-169,0,25.29
fold2_room1_mix0026,94,4,0,-14,-2,12.94
fold2_room1_mix0026,95,4,0,-168,0,22.44
fold2_room1_mix0026,95,4,0,-15,-3,11.90
fold2_room1_mix0026,96,4,0,-171,0,21.52
fold2_room1_mix0026,96,4,0,-14,-2,12.43
fold2_room1_mix0026,97,4,0,-171,0,24.02
fold2_room1_mix0026,97,4,0,-14,-3,12.58
fold2_room1_mix0026,98,4,0,-170,0,23.14
fold2_room1_mix0026,98,4,0,-12,-2,13.29
fold2_room1_mix0026,99,4,0,-171,0,22.46
fold2_room1_mix0026,99,4,0,-13,-2,11.42
fold2_room1_mix0028,0,5,0,144,4,2.31
fold2_room1_mix0028,1,5,0,151,4,3.59
fold2_room1_mix0028,2,5,0,149,4,4.50
fold2_room1_mix0028,3,5,0,145,4,4.16
fold2_room1_mix0028,4,5,0,141,3,6.97
fold2_room1_mix0028,5,5,0,141,4,7.24
fold2_room1_mix0028,6,5,0,143,3,8.52
fold2_room1_mix0028,7,5,0,143,4,6.84
fold2_room1_mix0028,8,5,0,138,4,7.30
fold2_room1_mix0028,9,5,0,140,3,8.37
fold2_room1_mix0028,10,5,0,140,4,7.79
fold2_room1_mix0028,11,5,0,144,4,7.57
fold2_room1_mix0028,12,5,0,142,4,7.43
fold2_room1_mix0028,13,5,0,138,3,8.33
fold2_room1_mix0028,14,5,0,141,3,8.19
fold2_room1_mix0028,15,5,0,140,4,7.09
fold2_room1_mix0028,16,5,0,136,4,7.14
fold2_room1_mix0028,17,5,0,137,4,7.05
fold2_room1_mix0028,18,5,0,136,5,6.91
fold2_room1_mix0028,19,5,0,137,5,7.05
fold2_room1_mix0028,20,5,0,137,5,6.93
fold2_room1_mix0028,21,5,0,133,5,7.06
fold2_room1_mix0028,22,5,0,135,5,7.16
fold2_room1_mix0028,23,5,0,136,4,7.50
fold2_room1_mix0028,24,5,0,133,5,6.62
fold2_room1_mix0028,25,5,0,133,5,6.89
fold2_room1_mix0028,26,5,0,131,5,6.58
fold2_room1_mix0028,27,5,0,130,5,7.32
fold2_room1_mix0028,28,5,0,130,5,6.47
fold2_room1_mix0028,29,5,0,130,5,7.08
fold2_room1_mix0028,30,5,0,129,5,7.07
fold2_room1_mix0028,31,5,0,129,5,6.88
fold2_room1_mix0028,32,5,0,126,5,7.32
fold2_room1_mix0028,33,5,0,128,5,6.63
fold2_room1_mix0028,34,5,0,123,5,7.03
fold2_room1_mix0028,35,5,0,127,4,7.84
fold2_room1_mix0028,36,5,0,126,4,7.44
fold2_room1_mix0028,37,5,0,123,5,6.88
fold2_room1_mix0028,38,5,0,124,4,7.66
fold2_room1_mix0028,39,5,0,125,4,7.44
fold2_room1_mix0028,40,5,0,123,4,8.15
fold2_room1_mix0028,41,5,0,124,4,7.88
fold2_room1_mix0028,42,5,0,121,4,7.74
fold2_room1_mix0028,43,5,0,121,4,8.14
fold2_room1_mix0028,44,5,0,122,4,7.75
fold2_room1_mix0028,45,5,0,118,4,7.93
fold2_room1_mix0028,46,5,0,117,5,7.27
fold2_room1_mix0028,47,5,0,116,5,7.17
fold2_room1_mix0028,48,5,0,119,5,7.02
fold2_room1_mix0028,49,5,0,115,5,7.37
fold2_room1_mix0028,50,5,0,115,6,6.72
fold2_room1_mix0028,51,5,0,113,6,6.51
fold2_room1_mix0028,52,5,0,115,5,7.13
fold2_room1_mix0028,53,5,0,109,5,7.24
fold2_room1_mix0028,54,5,0,111,6,6.72
fold2_room1_mix0028,55,5,0,112,5,7.04
fold2_room1_mix0028,56,5,0,109,6,6.91
fold2_room1_mix0028,57,5,0,111,5,7.16
fold2_room1_mix0028,58,5,0,108,6,7.10
fold2_room1_mix0028,59,5,0,106,7,6.05
fold2_room1_mix0028,60,5,0,105,7,6.28
fold2_room1_mix0028,61,5,0,106,6,6.46
fold2_room1_mix0028,62,5,0,100,6,6.75
fold2_room1_mix0028,63,5,0,103,7,6.35
fold2_room1_mix0028,64,5,0,99,7,6.05
fold2_room1_mix0028,65,5,0,96,7,6.01
fold2_room1_mix0028,66,5,0,95,7,6.10
fold2_room1_mix0028,67,5,0,99,7,5.96
fold2_room1_mix0028,68,5,0,90,8,5.73
fold2_room1_mix0028,69,5,0,90,8,6.07
fold2_room1_mix0028,70,5,0,90,8,5.78
fold2_room1_mix0028,71,5,0,89,7,6.42
fold2_room1_mix0028,72,5,0,87,8,6.00
fold2_room1_mix0028,73,5,0,87,8,5.74
fold2_room1_mix0028,74,5,0,85,8,5.98
fold2_room1_mix0028,75,5,0,83,8,6.01
fold2_room1_mix0028,76,5,0,82,7,5.99
fold2_room1_mix0028,77,5,0,81,7,6.17
fold2_room1_mix0028,78,5,0,81,7,6.25
fold2_room1_mix0028,79,5,0,82,8,5.84
fold2_room1_mix0028,80,5,0,80,6,7.11
fold2_room1_mix0028,81,5,0,76,8,5.81
fold2_room1_mix0028,82,5,0,78,8,5.73
fold2_room1_mix0028,83,5,0,74,7,5.79
fold2_room1_mix0028,84,5,0,74,7,6.11
fold2_room1_mix0028,85,5,0,76,7,6.08
fold2_room1_mix0028,86,5,0,69,8,5.51
fold2_room1_mix0028,87,5,0,73,7,6.00
fold2_room1_mix0028,88,5,0,71,7,5.93
fold2_room1_mix0028,89,5,0,70,6,6.17
fold2_room1_mix0028,90,5,0,66,8,5.77
fold2_room1_mix0028,91,5,0,67,8,5.46
fold2_room1_mix0028,92,5,0,64,7,5.86
fold2_room1_mix0028,93,5,0,65,7,5.87
fold2_room1_mix0028,94,5,0,63,7,5.98
fold2_room1_mix0028,95,5,0,62,7,5.69
fold2_room1_mix0028,96,5,0,63,6,6.33
fold2_room1_mix0028,97,5,0,62,7,5.91
fold2_room1_mix0028,98,5,0,59,6,6.57
fold2_room1_mix0028,99,5,0,56,6,6.13
fold2_room1_mix0029,31,2,0,80,-8,3.50
fold2_room1_mix0029,32,2,0,81,-8,4.38
fold2_room1_mix0029,33,2,0,81,-8,4.36
fold2_room1_mix0029,34,2,0,85,-8,4.16
fold2_room1_mix0029,40,2,0,92,-8,4.34
fold2_room1_mix0029,41,2,0,91,-8,4.36
fold2_room1_mix0029,42,2,0,93,-8,4.53
fold2_room1_mix0029,43,2,0,94,-9,4.24
fold2_room1_mix0029,44,2,0,94,-9,4.65
fold2_room1_mix0029,46,4,0,171,-1,11.85
fold2_room1_mix0029,47,4,0,169,-1,8.97
fold2_room1_mix0029,48,4,0,170,-2,13.57
fold2_room1_mix0029,49,4,0,169,-2,15.43
fold2_room1_mix0029,50,2,0,100,-6,4.54
fold2_room1_mix0029,50,4,0,165,-1,16.37
fold2_room1_mix0029,51,2,0,105,-7,4.77
fold2_room1_mix0029,51,4,0,164,-1,15.88
fold2_room1_mix0029,52,2,0,105,-7,4.47
fold2_room1_mix0029,52,4,0,168,-2,15.68
fold2_room1_mix0029,53,4,0,166,-2,14.78
fold2_room1_mix0029,54,4,0,167,-2,15.26
fold2_room1_mix0029,55,4,0,164,-2,14.28
fold2_room1_mix0029,56,4,0,166,-2,14.12
fold2_room1_mix0029,57,4,0,164,-2,13.23
fold2_room1_mix0029,58,4,0,165,-3,12.17
fold2_room1_mix0029,59,4,0,165,-3,11.55
fold2_room1_mix0029,60,4,0,163,-3,11.10
fold2_room1_mix0029,61,4,0,161,-3,10.94
fold2_room1_mix0029,62,4,0,161,-3,9.89
fold2_room1_mix0029,63,4,0,159,-3,10.01
fold2_room1_mix0029,64,4,0,158,-3,9.25
fold2_room1_mix0029,65,4,0,159,-4,8.63
fold2_room1_mix0029,66,4,0,157,-4,8.47
fold2_room1_mix0029,67,4,0,156,-4,7.96
fold2_room1_mix0029,68,4,0,155,-5,7.66
fold2_room1_mix0029,69,4,0,152,-5,6.94
fold2_room1_mix0029,70,4,0,150,-6,6.27
fold2_room1_mix0029,71,4,0,147,-6,5.87
fold2_room1_mix0029,72,4,0,145,-6,5.75
fold2_room1_mix0029,73,4,0,141,-7,5.28
fold2_room1_mix0029,74,4,0,141,-7,5.01
fold2_room1_mix0029,75,4,0,132,-9,4.60
fold2_room1_mix0029,76,4,0,123,-11,4.01
fold2_room1_mix0029,77,4,0,119,-10,4.31
fold2_room1_mix0029,78,4,0,105,-11,4.12
fold2_room1_mix0029,79,4,0,96,-13,3.73
fold2_room1_mix0029,80,4,0,89,-13,3.86
fold2_room1_mix0029,81,4,0,80,-12,3.83
fold2_room1_mix0029,82,4,0,69,-12,3.86
fold2_room1_mix0029,83,4,0,57,-10,3.93
fold2_room1_mix0029,84,4,0,51,-9,4.16
fold2_room1_mix0029,85,4,0,47,-8,4.79
fold2_room1_mix0029,86,4,0,41,-8,4.84
fold2_room1_mix0029,87,4,0,39,-7,5.55
fold2_room1_mix0029,88,4,0,33,-6,6.14
fold2_room1_mix0029,89,4,0,31,-6,6.73
fold2_room1_mix0029,90,4,0,29,-5,7.43
fold2_room1_mix0029,91,4,0,28,-5,8.05
fold2_room1_mix0029,92,4,0,28,-5,8.48
fold2_room1_mix0029,93,4,0,25,-4,9.12
fold2_room1_mix0029,94,4,0,25,-4,9.35
fold2_room1_mix0029,95,4,0,22,-4,10.27
fold2_room1_mix0029,96,4,0,21,-3,10.82
fold2_room1_mix0029,97,4,0,20,-3,11.27
fold2_room1_mix0029,98,4,0,19,-3,11.84
fold2_room1_mix0029,99,4,0,18,-3,12.34
fold2_room1_mix0030,53,2,0,111,-5,2.47
fold2_room1_mix0030,54,2,0,117,-4,7.57
fold2_room1_mix0030,55,2,0,123,-5,7.09
fold2_room1_mix0030,56,2,0,112,-5,7.41
fold2_room1_mix0030,57,2,0,112,-5,7.90
fold2_room1_mix0030,58,2,0,117,-5,7.23
fold2_room1_mix0030,64,2,0,115,-4,8.99
fold2_room1_mix0030,65,2,0,117,-5,8.32
fold2_room1_mix0030,66,2,0,120,-4,8.97
fold2_room1_mix0030,67,2,0,122,-5,7.96
fold2_room1_mix0030,68,2,0,124,-5,7.99
fold2_room1_mix0030,69,2,0,124,-5,3.00
fold2_room1_mix0030,74,2,0,124,-5,5.25
fold2_room1_mix0030,75,2,0,126,-5,7.70
fold2_room1_mix0030,76,2,0,123,-4,7.43
fold2_room1_mix0030,77,2,0,129,-5,5.00
fold2_room1_mix0031,1,4,0,176,0,0.36
fold2_room1_mix0031,2,4,0,175,1,0.89
fold2_room1_mix0031,3,4,0,177,0,3.44
fold2_room1_mix0031,4,4,0,-179,0,12.34
fold2_room1_mix0031,5,4,0,175,-1,14.79
fold2_room1_mix0031,6,4,0,177,0,15.75
fold2_room1_mix0031,6,4,0,5,0,23.24
fold2_room1_mix0031,7,4,0,176,-1,24.89
fold2_room1_mix0031,7,4,0,8,0,38.52
fold2_room1_mix0031,8,4,0,174,-1,23.65
fold2_room1_mix0031,9,4,0,175,-1,24.12
fold2_room1_mix0031,10,4,0,174,-1,20.93
fold2_room1_mix0031,10,4,0,13,0,33.51
fold2_room1_mix0031,11,4,0,173,-1,21.88
fold2_room1_mix0031,11,4,0,7,0,36.55
fold2_room1_mix0031,12,4,0,176,-1,18.75
fold2_room1_mix0031,12,4,0,11,0,36.31
fold2_room1_mix0031,13,4,0,178,-2,18.81
fold2_room1_mix0031,13,4,0,12,0,35.84
fold2_room1_mix0031,14,4,0,176,-2,18.84
fold2_room1_mix0031,14,4,0,20,0,37.65
fold2_room1_mix0031,15,4,0,179,-2,18.71
fold2_room1_mix0031,15,4,0,14,0,38.04
fold2_room1_mix0031,16,1,0,-164,-3,43.60
fold2_room1_mix0031,16,4,0,179,-2,14.08
fold2_room1_mix0031,16,4,0,15,0,30.28
fold2_room1_mix0031,17,1,0,-165,-3,38.89
fold2_room1_mix0031,17,4,0,177,-2,16.93
fold2_room1_mix0031,17,4,0,15,0,32.08
fold2_room1_mix0031,18,1,0,-165,-2,41.92
fold2_room1_mix0031,18,4,0,177,-3,17.58
fold2_room1_mix0031,18,4,0,14,-1,33.17
fold2_room1_mix0031,19,1,0,-162,-2,15.50
fold2_room1_mix0031,19,4,0,178,-2,15.42
fold2_room1_mix0031,19,4,0,16,0,29.95
fold2_room1_mix0031,20,1,0,-161,-3,28.98
fold2_room1_mix0031,20,4,0,176,-3,18.77
fold2_room1_mix0031,20,4,0,14,-1,36.15
fold2_room1_mix0031,21,1,0,-161,-2,40.24
fold2_room1_mix0031,21,4,0,178,-4,14.84
fold2_room1_mix0031,21,4,0,17,-1,33.10
fold2_room1_mix0031,22,1,0,-162,-2,40.26
fold2_room1_mix0031,22,4,0,174,-4,16.03
fold2_room1_mix0031,22,4,0,14,-1,34.80
fold2_room1_mix0031,23,1,0,-165,-2,40.03
fold2_room1_mix0031,23,4,0,179,-3,14.36
fold2_room1_mix0031,23,4,0,12,0,33.17
fold2_room1_mix0031,24,1,0,-163,-1,5.87
fold2_room1_mix0031,24,4,0,178,-2,14.31
fold2_room1_mix0031,24,4,0,12,-1,24.42
fold2_room1_mix0031,25,1,0,-162,-2,27.56
fold2_room1_mix0031,25,4,0,-178,-3,16.16
fold2_room1_mix0031,25,4,0,12,-2,31.61
fold2_room1_mix0031,26,1,0,-163,-2,37.42
fold2_room1_mix0031,26,4,0,175,-3,12.95
fold2_room1_mix0031,26,4,0,11,-1,24.30
fold2_room1_mix0031,27,1,0,-162,-2,42.76
fold2_room1_mix0031,27,4,0,-179,-5,14.14
fold2_room1_mix0031,27,4,0,159,-4,13.96
fold2_room1_mix0031,27,4,0,14,-2,27.08
fold2_room1_mix0031,28,1,0,-165,-2,36.73
fold2_room1_mix0031,28,4,0,175,-3,12.26
fold2_room1_mix0031,28,4,0,16,-1,24.34
fold2_room1_mix0031,29,1,0,-165,-2,7.17
fold2_room1_mix0031,29,4,0,175,-3,8.93
fold2_room1_mix0031,29,4,0,150,0,12.02
fold2_room1_mix0031,29,4,0,17,-1,18.07
fold2_room1_mix0031,30,1,0,-160,-2,31.83
fold2_room1_mix0031,30,4,0,179,-4,12.25
fold2_room1_mix0031,30,4,0,156,-4,12.76
fold2_room1_mix0031,30,4,0,16,-3,23.18
fold2_room1_mix0031,31,1,0,-162,-2,39.93
fold2_room1_mix0031,31,4,0,179,-4,10.48
fold2_room1_mix0031,31,4,0,157,-3,10.02
fold2_room1_mix0031,31,4,0,22,-2,17.99
fold2_room1_mix0031,32,1,0,-164,-2,47.71
fold2_room1_mix0031,32,4,0,178,-5,11.06
fold2_room1_mix0031,32,4,0,142,-4,11.59
fold2_room1_mix0031,32,4,0,12,-2,22.47
fold2_room1_mix0031,33,1,0,-166,-2,33.84
fold2_room1_mix0031,33,4,0,172,-2,12.55
fold2_room1_mix0031,33,4,0,24,-1,20.32
fold2_room1_mix0031,34,1,0,-164,-2,8.51
fold2_room1_mix0031,34,4,0,177,-3,10.30
fold2_room1_mix0031,34,4,0,161,-1,10.94
fold2_room1_mix0031,34,4,0,23,-2,16.57
fold2_room1_mix0031,35,1,0,-159,-2,34.55
fold2_room1_mix0031,35,4,0,-179,-4,11.29
fold2_room1_mix0031,35,4,0,143,-2,13.09
fold2_room1_mix0031,35,4,0,18,-2,21.76
fold2_room1_mix0031,36,1,0,-160,-3,34.63
fold2_room1_mix0031,36,4,0,-178,-2,9.51
fold2_room1_mix0031,36,4,0,141,-2,9.68
fold2_room1_mix0031,36,4,0,22,-2,15.80
fold2_room1_mix0031,37,1,0,-160,-2,39.28
fold2_room1_mix0031,37,4,0,-179,-4,10.48
fold2_room1_mix0031,37,4,0,142,-3,11.64
fold2_room1_mix0031,37,4,0,29,-2,16.80
fold2_room1_mix0031,38,1,0,-160,-2,24.52
fold2_room1_mix0031,38,4,0,178,-5,10.05
fold2_room1_mix0031,38,4,0,34,-4,17.74
fold2_room1_mix0031,39,1,0,-158,-2,13.33
fold2_room1_mix0031,39,4,0,175,-3,7.99
fold2_room1_mix0031,39,4,0,34,-2,11.39
fold2_room1_mix0031,40,1,0,-155,-2,30.85
fold2_room1_mix0031,40,4,0,-177,-5,9.41
fold2_room1_mix0031,40,4,0,148,-6,10.02
fold2_room1_mix0031,40,4,0,30,-3,15.77
fold2_room1_mix0031,41,1,0,-156,-3,30.24
fold2_room1_mix0031,41,4,0,170,-5,7.70
fold2_room1_mix0031,41,4,0,39,-3,11.96
fold2_room1_mix0031,42,1,0,-151,-2,28.46
fold2_room1_mix0031,42,4,0,178,-7,7.96
fold2_room1_mix0031,42,4,0,40,-3,12.88
fold2_room1_mix0031,43,1,0,-156,-2,23.75
fold2_room1_mix0031,43,4,0,-173,-3,7.85
fold2_room1_mix0031,43,4,0,116,-3,9.83
fold2_room1_mix0031,43,4,0,30,-2,13.37
fold2_room1_mix0031,44,1,0,-158,-2,8.51
fold2_room1_mix0031,44,4,0,-179,-3,7.14
fold2_room1_mix0031,44,4,0,74,-5,6.55
fold2_room1_mix0031,44,4,0,36,-3,8.95
fold2_room1_mix0031,45,1,0,-152,-2,28.94
fold2_room1_mix0031,45,4,0,-178,-5,7.99
fold2_room1_mix0031,45,4,0,141,-9,7.46
fold2_room1_mix0031,45,4,0,40,-4,10.23
fold2_room1_mix0031,46,1,0,-154,-3,27.80
fold2_room1_mix0031,46,4,0,-179,-5,6.89
fold2_room1_mix0031,46,4,0,157,-7,7.00
fold2_room1_mix0031,46,4,0,39,-4,10.35
fold2_room1_mix0031,47,1,0,-150,-2,24.89
fold2_room1_mix0031,47,4,0,-175,-5,7.76
fold2_room1_mix0031,47,4,0,80,-6,8.20
fold2_room1_mix0031,47,4,0,35,-4,10.46
fold2_room1_mix0031,48,1,0,-156,-2,20.01
fold2_room1_mix0031,48,4,0,178,-5,5.94
fold2_room1_mix0031,48,4,0,114,-5,7.84
fold2_room1_mix0031,48,4,0,46,-4,9.01
fold2_room1_mix0031,49,1,0,-154,-2,14.85
fold2_room1_mix0031,49,4,0,-179,-5,5.88
fold2_room1_mix0031,49,4,0,130,-8,6.30
fold2_room1_mix0031,49,4,0,57,-4,8.24
fold2_room1_mix0031,50,1,0,-145,-3,24.49
fold2_room1_mix0031,50,4,0,177,-5,6.48
fold2_room1_mix0031,50,4,0,98,-7,5.44
fold2_room1_mix0031,50,4,0,57,-5,7.61
fold2_room1_mix0031,51,1,0,-142,-3,20.81
fold2_room1_mix0031,51,4,0,-178,-10,4.48
fold2_room1_mix0031,51,4,0,123,-10,5.78
fold2_room1_mix0031,51,4,0,60,-5,7.68
fold2_room1_mix0031,52,1,0,-140,-3,17.93
fold2_room1_mix0031,52,4,0,178,-8,5.60
fold2_room1_mix0031,52,4,0,121,-7,6.52
fold2_room1_mix0031,52,4,0,68,-6,8.11
fold2_room1_mix0031,53,1,0,-149,-2,11.56
fold2_room1_mix0031,53,4,0,171,-8,4.96
fold2_room1_mix0031,53,4,0,134,-8,6.09
fold2_room1_mix0031,53,4,0,82,-7,8.44
fold2_room1_mix0031,54,1,0,-141,-2,14.28
fold2_room1_mix0031,54,4,0,152,-14,3.86
fold2_room1_mix0031,54,4,0,100,-9,8.34
fold2_room1_mix0031,55,1,0,-131,-3,16.10
fold2_room1_mix0031,55,4,0,167,-12,3.87
fold2_room1_mix0031,55,4,0,120,-10,4.46
fold2_room1_mix0031,55,4,0,80,-7,8.15
fold2_room1_mix0031,56,1,0,-136,-3,15.00
fold2_room1_mix0031,56,4,0,168,-14,4.55
fold2_room1_mix0031,56,4,0,136,-11,6.01
fold2_room1_mix0031,56,4,0,90,-9,8.68
fold2_room1_mix0031,57,1,0,-130,-3,13.64
fold2_room1_mix0031,57,4,0,160,-21,3.17
fold2_room1_mix0031,57,4,0,129,-16,4.25
fold2_room1_mix0031,57,4,0,78,-7,12.39
fold2_room1_mix0031,58,4,0,167,-24,2.91
fold2_room1_mix0031,58,4,0,122,-21,5.01
fold2_room1_mix0031,58,4,0,85,-18,8.11
fold2_room1_mix0031,59,1,0,-125,-3,11.58
fold2_room1_mix0031,59,4,0,162,-23,2.85
fold2_room1_mix0031,59,4,0,132,-19,4.49
fold2_room1_mix0031,59,4,0,67,-20,5.85
fold2_room1_mix0031,60,1,0,-120,-4,9.22
fold2_room1_mix0031,60,4,0,169,-19,3.48
fold2_room1_mix0031,60,4,0,123,-22,3.29
fold2_room1_mix0031,60,4,0,71,-23,3.71
fold2_room1_mix0031,61,1,0,-128,-3,11.41
fold2_room1_mix0031,61,4,0,172,-20,3.17
fold2_room1_mix0031,61,4,0,130,-16,4.78
fold2_room1_mix0031,61,4,0,60,-21,4.67
fold2_room1_mix0031,62,1,0,-122,-3,3.89
fold2_room1_mix0031,62,4,0,175,-26,2.54
fold2_room1_mix0031,62,4,0,148,-24,3.31
fold2_room1_mix0031,62,4,0,84,-35,4.16
fold2_room1_mix0031,63,4,0,169,-56,2.08
fold2_room1_mix0031,63,4,0,83,-42,3.47
fold2_room1_mix0031,64,1,0,-86,-4,8.82
fold2_room1_mix0031,64,4,0,128,-29,5.89
fold2_room1_mix0031,64,4,0,-49,-70,1.51
fold2_room1_mix0031,64,4,0,22,-38,3.42
fold2_room1_mix0031,65,1,0,-74,-5,8.70
fold2_room1_mix0031,65,4,0,134,-27,4.94
fold2_room1_mix0031,65,4,0,-47,-49,1.54
fold2_room1_mix0031,65,4,0,24,-31,3.35
fold2_room1_mix0031,66,1,0,-77,-5,8.20
fold2_room1_mix0031,66,4,0,137,-21,7.53
fold2_room1_mix0031,66,4,0,-25,-49,1.47
fold2_room1_mix0031,66,4,0,19,-28,3.49
fold2_room1_mix0031,67,4,0,122,-11,9.34
fold2_room1_mix0031,67,4,0,-11,-19,2.74
fold2_room1_mix0031,67,4,0,14,-19,2.75
fold2_room1_mix0031,68,4,0,140,-6,12.89
fold2_room1_mix0031,68,4,0,-3,-14,3.28
fold2_room1_mix0031,69,4,0,132,-3,15.90
fold2_room1_mix0031,69,4,0,0,-14,3.75
fold2_room1_mix0031,70,4,0,129,-4,13.37
fold2_room1_mix0031,70,4,0,0,-12,3.94
fold2_room1_mix0031,71,4,0,129,-4,12.97
fold2_room1_mix0031,71,4,0,3,-9,4.87
fold2_room1_mix0031,72,4,0,117,-4,13.56
fold2_room1_mix0031,72,4,0,4,-8,5.63
fold2_room1_mix0031,73,4,0,127,-4,13.89
fold2_room1_mix0031,73,4,0,2,-9,5.01
fold2_room1_mix0031,74,4,0,125,-4,12.90
fold2_room1_mix0031,74,4,0,2,-8,5.73
fold2_room1_mix0031,75,4,0,128,-3,14.73
fold2_room1_mix0031,75,4,0,-1,-7,6.15
fold2_room1_mix0031,76,4,0,125,-4,14.14
fold2_room1_mix0031,76,4,0,1,-7,6.40
fold2_room1_mix0031,77,4,0,130,-3,14.27
fold2_room1_mix0031,77,4,0,2,-6,7.18
fold2_room1_mix0031,78,4,0,130,-3,13.80
fold2_room1_mix0031,78,4,0,-1,-6,7.73
fold2_room1_mix0031,79,4,0,136,-3,15.86
fold2_room1_mix0031,79,4,0,0,-6,7.99
fold2_room1_mix0031,80,4,0,135,-2,15.31
fold2_room1_mix0031,80,4,0,1,-5,8.65
fold2_room1_mix0031,81,4,0,138,-2,15.69
fold2_room1_mix0031,81,4,0,-1,-5,8.04
fold2_room1_mix0031,82,4,0,141,-2,16.11
fold2_room1_mix0031,82,4,0,0,-5,9.20
fold2_room1_mix0031,83,4,0,142,-2,16.31
fold2_room1_mix0031,83,4,0,0,-4,9.32
fold2_room1_mix0031,84,4,0,143,-2,16.15
fold2_room1_mix0031,84,4,0,0,-4,10.44
fold2_room1_mix0031,85,4,0,144,-2,16.98
fold2_room1_mix0031,85,4,0,0,-3,11.12
fold2_room1_mix0031,86,4,0,145,-2,16.93
fold2_room1_mix0031,86,4,0,1,-3,10.78
fold2_room1_mix0031,87,4,0,143,-2,17.24
fold2_room1_mix0031,87,4,0,0,-3,12.24
fold2_room1_mix0031,88,4,0,146,-2,17.23
fold2_room1_mix0031,88,4,0,0,-3,12.34
fold2_room1_mix0031,89,4,0,148,-2,19.10
fold2_room1_mix0031,89,4,0,1,-3,12.99
fold2_room1_mix0031,90,4,0,150,-2,18.26
fold2_room1_mix0031,90,4,0,0,-2,15.79
fold2_room1_mix0031,91,4,0,149,-2,18.96
fold2_room1_mix0031,91,4,0,0,-2,15.49
fold2_room1_mix0031,92,4,0,152,-2,20.36
fold2_room1_mix0031,92,4,0,1,-2,16.73
fold2_room1_mix0031,93,4,0,154,-2,18.45
fold2_room1_mix0031,93,4,0,1,-2,16.49
fold2_room1_mix0031,94,4,0,156,-2,20.63
fold2_room1_mix0031,94,4,0,-1,-2,17.30
fold2_room1_mix0031,95,4,0,156,-2,22.76
fold2_room1_mix0031,95,4,0,1,-2,18.31
fold2_room1_mix0031,96,4,0,154,-2,21.51
fold2_room1_mix0031,96,4,0,1,-2,16.91
fold2_room1_mix0031,97,4,0,152,-2,23.59
fold2_room1_mix0031,97,4,0,1,-2,18.25
fold2_room1_mix0031,98,4,0,156,-1,24.94
fold2_room1_mix0031,98,4,0,1,-2,18.76
fold2_room1_mix0031,99,4,0,154,-2,24.31
fold2_room1_mix0031,99,4,0,3,-2,17.66
fold2_room1_mix0032,5,4,0,2,1,2.62
fold2_room1_mix0032,6,4,0,3,0,14.68
fold2_room1_mix0032,7,4,0,4,0,12.44
fold2_room1_mix0032,8,4,0,5,0,19.43
fold2_room1_mix0032,9,4,0,3,0,29.68
fold2_room1_mix0032,10,4,0,3,0,26.10
fold2_room1_mix0032,11,4,0,5,0,28.34
fold2_room1_mix0032,12,4,0,4,0,30.40
fold2_room1_mix0032,13,4,0,5,0,34.10
fold2_room1_mix0032,14,4,0,5,0,30.83
fold2_room1_mix0032,15,4,0,6,0,35.62
fold2_room1_mix0032,16,4,0,4,0,28.85
fold2_room1_mix0032,17,4,0,4,0,34.19
fold2_room1_mix0032,18,4,0,6,0,33.03
fold2_room1_mix0032,19,4,0,4,0,32.59
fold2_room1_mix0032,20,4,0,5,0,36.80
fold2_room1_mix0032,21,4,0,5,0,34.23
fold2_room1_mix0032,22,4,0,5,0,38.90
fold2_room1_mix0032,23,4,0,5,0,38.60
fold2_room1_mix0032,24,4,0,5,0,36.97
fold2_room1_mix0032,25,4,0,5,0,41.39
fold2_room1_mix0032,26,4,0,4,0,41.04
fold2_room1_mix0032,27,4,0,5,0,43.54
fold2_room1_mix0032,28,4,0,6,0,45.51
fold2_room1_mix0032,29,4,0,4,0,45.93
fold2_room1_mix0032,30,4,0,7,0,46.62
fold2_room1_mix0032,31,4,0,7,0,47.94
fold2_room1_mix0032,32,4,0,7,0,47.96
fold2_room1_mix0032,33,4,0,6,0,47.86
fold2_room1_mix0032,34,4,0,7,0,48.32
fold2_room1_mix0032,35,4,0,7,0,48.58
fold2_room1_mix0032,36,4,0,6,0,47.82
fold2_room1_mix0032,37,4,0,6,0,48.85
fold2_room1_mix0032,38,4,0,7,0,49.23
fold2_room1_mix0032,39,4,0,6,0,46.89
fold2_room1_mix0032,40,4,0,6,0,48.01
fold2_room1_mix0032,41,4,0,7,0,47.57
fold2_room1_mix0032,42,4,0,6,0,46.10
fold2_room1_mix0032,43,4,0,6,0,44.21
fold2_room1_mix0032,44,4,0,7,0,43.68
fold2_room1_mix0032,45,4,0,7,0,41.00
fold2_room1_mix0032,46,4,0,7,0,38.81
fold2_room1_mix0032,47,4,0,7,0,38.77
fold2_room1_mix0032,48,4,0,7,0,37.60
fold2_room1_mix0032,49,4,0,6,0,35.29
fold2_room1_mix0032,50,4,0,6,0,34.83
fold2_room1_mix0032,51,4,0,7,0,35.33
fold2_room1_mix0032,52,4,0,6,0,34.32
fold2_room1_mix0032,53,4,0,6,0,33.54
fold2_room1_mix0032,54,4,0,6,0,31.91
fold2_room1_mix0032,55,4,0,7,0,29.59
fold2_room1_mix0032,56,4,0,7,0,28.76
fold2_room1_mix0032,57,4,0,7,-1,27.77
fold2_room1_mix0032,58,4,0,8,-1,25.83
fold2_room1_mix0032,59,4,0,9,-1,24.52
fold2_room1_mix0032,60,4,0,9,-1,23.03
fold2_room1_mix0032,61,4,0,9,-1,22.52
fold2_room1_mix0032,62,4,0,10,-1,21.03
fold2_room1_mix0032,63,4,0,11,-1,19.25
fold2_room1_mix0032,64,4,0,11,-1,18.94
fold2_room1_mix0032,65,4,0,11,-1,17.54
fold2_room1_mix0032,66,4,0,12,-1,15.97
fold2_room1_mix0032,67,4,0,14,-2,14.93
fold2_room1_mix0032,68,4,0,15,-2,13.57
fold2_room1_mix0032,69,4,0,15,-2,12.69
fold2_room1_mix0032,70,4,0,17,-3,11.47
fold2_room1_mix0032,71,4,0,19,-3,10.47
fold2_room1_mix0032,72,4,0,20,-3,9.71
fold2_room1_mix0032,73,4,0,21,-3,8.43
fold2_room1_mix0032,74,4,0,25,-4,7.03
fold2_room1_mix0032,75,4,0,30,-4,6.11
fold2_room1_mix0032,76,4,0,34,-5,4.91
fold2_room1_mix0032,77,4,0,40,-6,4.08
fold2_room1_mix0032,78,4,0,51,-6,3.59
fold2_room1_mix0032,79,4,0,70,-7,3.13
fold2_room1_mix0032,80,4,0,88,-9,2.95
fold2_room1_mix0032,81,4,0,111,-7,3.14
fold2_room1_mix0032,82,4,0,127,-5,3.58
fold2_room1_mix0032,83,4,0,138,-4,4.27
fold2_room1_mix0032,84,4,0,145,-4,5.08
fold2_room1_mix0032,85,4,0,149,-3,5.83
fold2_room1_mix0032,86,4,0,154,-2,6.62
fold2_room1_mix0032,87,4,0,158,-2,7.54
fold2_room1_mix0032,88,4,0,162,-2,8.28
fold2_room1_mix0032,89,4,0,163,-2,9.03
fold2_room1_mix0032,90,4,0,164,-1,10.04
fold2_room1_mix0032,91,4,0,165,-1,11.17
fold2_room1_mix0032,92,4,0,167,-1,12.21
fold2_room1_mix0032,93,4,0,168,-1,13.05
fold2_room1_mix0032,94,4,0,169,-1,13.66
fold2_room1_mix0032,95,4,0,169,-1,14.53
fold2_room1_mix0032,96,4,0,170,-1,15.84
fold2_room1_mix0032,97,4,0,170,0,17.54
fold2_room1_mix0032,98,4,0,171,0,18.13
fold2_room1_mix0032,99,4,0,172,0,18.89
fold2_room1_mix0033,22,2,0,91,-4,2.39
fold2_room1_mix0033,23,2,0,90,-4,7.12
fold2_room1_mix0033,24,2,0,88,-5,5.65
fold2_room1_mix0033,25,2,0,89,-5,7.39
fold2_room1_mix0033,26,2,0,90,-5,5.58
fold2_room1_mix0033,33,2,0,93,-4,8.50
fold2_room1_mix0033,34,2,0,95,-4,9.56
fold2_room1_mix0033,35,2,0,92,-4,8.99
fold2_room1_mix0033,36,2,0,93,-5,8.12
fold2_room1_mix0033,37,2,0,92,-5,7.17
fold2_room1_mix0033,42,2,0,-92,-2,7.66
fold2_room1_mix0033,43,2,0,-90,-2,9.01
fold2_room1_mix0033,44,2,0,91,-3,9.88
fold2_room1_mix0033,44,2,0,-90,-4,9.22
fold2_room1_mix0033,45,2,0,91,-3,10.11
fold2_room1_mix0033,45,2,0,-92,-5,9.38
fold2_room1_mix0033,46,2,0,90,-3,12.70
fold2_room1_mix0033,47,2,0,92,-4,10.69
fold2_room1_mix0033,48,2,0,93,-4,8.56
fold2_room1_mix0033,51,2,0,-90,-1,7.07
fold2_room1_mix0033,52,2,0,-89,-1,8.96
fold2_room1_mix0033,53,2,0,-84,-1,10.27
fold2_room1_mix0033,54,2,0,-86,-1,11.21
fold2_room1_mix0033,55,2,0,90,-3,10.68
fold2_room1_mix0033,55,2,0,-89,-4,9.92
fold2_room1_mix0033,56,2,0,91,-3,10.62
fold2_room1_mix0033,56,2,0,-91,-3,9.91
fold2_room1_mix0033,57,2,0,97,-4,10.86
fold2_room1_mix0033,58,2,0,94,-4,11.97
fold2_room1_mix0033,59,2,0,94,-3,10.50
fold2_room1_mix0033,60,2,0,98,-3,5.60
fold2_room1_mix0033,62,2,0,-82,-1,8.96
fold2_room1_mix0033,63,2,0,-82,-1,10.03
fold2_room1_mix0033,64,2,0,-81,-1,11.63
fold2_room1_mix0033,64,4,0,178,-1,2.60
fold2_room1_mix0033,65,2,0,-81,0,12.75
fold2_room1_mix0033,66,2,0,87,-3,14.03
fold2_room1_mix0033,66,2,0,-86,-3,12.79
fold2_room1_mix0033,66,4,0,-178,-2,7.20
fold2_room1_mix0033,67,2,0,92,-3,14.16
fold2_room1_mix0033,67,4,0,-179,-2,10.90
fold2_room1_mix0033,68,2,0,99,-3,11.93
fold2_room1_mix0033,68,4,0,-173,-2,12.22
fold2_room1_mix0033,69,2,0,100,-3,12.46
fold2_room1_mix0033,69,4,0,-171,-2,11.60
fold2_room1_mix0033,70,2,0,100,-2,10.40
fold2_room1_mix0033,70,4,0,-171,-2,12.63
fold2_room1_mix0033,71,2,0,96,-2,4.96
fold2_room1_mix0033,71,4,0,-172,-2,11.96
fold2_room1_mix0033,72,2,0,-78,-1,10.05
fold2_room1_mix0033,72,4,0,-174,-3,11.29
fold2_room1_mix0033,73,2,0,-79,0,10.18
fold2_room1_mix0033,73,4,0,-173,-3,11.20
fold2_room1_mix0033,74,2,0,-81,-1,10.21
fold2_room1_mix0033,74,4,0,-170,-3,10.76
fold2_room1_mix0033,75,2,0,-79,0,13.72
fold2_room1_mix0033,75,4,0,-166,-3,9.43
fold2_room1_mix0033,76,2,0,-77,0,14.03
fold2_room1_mix0033,76,4,0,-162,-3,7.69
fold2_room1_mix0033,77,2,0,-80,-1,12.78
fold2_room1_mix0033,77,4,0,-163,-4,7.19
fold2_room1_mix0033,78,4,0,-158,-5,5.57
fold2_room1_mix0033,79,4,0,-151,-5,4.64
fold2_room1_mix0033,80,4,0,-148,-5,3.77
fold2_room1_mix0033,81,4,0,-146,-8,3.26
fold2_room1_mix0033,82,4,0,-136,-10,2.82
fold2_room1_mix0033,83,2,0,-79,-1,11.91
fold2_room1_mix0033,83,4,0,-125,-13,2.55
fold2_room1_mix0033,84,2,0,-74,-2,9.42
fold2_room1_mix0033,84,4,0,-100,-15,1.91
fold2_room1_mix0033,85,2,0,-71,-3,11.75
fold2_room1_mix0033,85,4,0,-79,-13,1.76
fold2_room1_mix0033,86,2,0,-69,-1,7.03
fold2_room1_mix0033,86,4,0,-58,-11,2.17
fold2_room1_mix0033,87,4,0,-45,-6,2.58
fold2_room1_mix0033,88,4,0,-33,-6,3.70
fold2_room1_mix0033,89,4,0,-30,-5,4.16
fold2_room1_mix0033,90,4,0,-23,-4,5.25
fold2_room1_mix0033,91,4,0,-19,-4,6.22
fold2_room1_mix0033,92,4,0,-15,-4,7.27
fold2_room1_mix0033,93,4,0,-13,-3,8.42
fold2_room1_mix0033,94,4,0,-11,-3,9.26
fold2_room1_mix0033,95,4,0,-9,-2,10.64
fold2_room1_mix0033,96,4,0,-10,-3,11.26
fold2_room1_mix0033,97,4,0,-9,-2,11.38
fold2_room1_mix0033,98,4,0,-8,-2,13.08
fold2_room1_mix0033,99,4,0,-10,-2,13.09
fold2_room1_mix0035,52,2,0,-99,-2,10.47
fold2_room1_mix0035,53,2,0,-90,-3,10.15
fold2_room1_mix0035,54,2,0,-96,-3,9.21
fold2_room1_mix0035,55,2,0,-88,-2,10.86
fold2_room1_mix0035,56,2,0,-89,-2,10.47
fold2_room1_mix0035,57,2,0,-91,-2,9.38
fold2_room1_mix0035,62,2,0,-88,-1,11.40
fold2_room1_mix0035,63,2,0,-93,-2,11.40
fold2_room1_mix0035,64,2,0,-93,-2,11.58
fold2_room1_mix0035,65,2,0,-93,-2,12.49
fold2_room1_mix0035,66,2,0,-93,-2,12.32
fold2_room1_mix0035,67,2,0,-94,-2,11.65
fold2_room1_mix0036,6,5,0,-14,3,13.42
fold2_room1_mix0036,8,5,0,1,2,12.92
fold2_room1_mix0036,9,5,0,0,0,2.64
fold2_room1_mix0036,11,5,0,1,0,2.53
fold2_room1_mix0036,12,5,0,-7,1,9.21
fold2_room1_mix0036,16,5,0,-8,1,7.24
fold2_room1_mix0036,19,5,0,4,1,8.75
fold2_room1_mix0036,20,5,0,-5,0,1.74
fold2_room1_mix0036,21,5,0,-8,2,11.92
fold2_room1_mix0036,22,5,0,-9,1,2.66
fold2_room1_mix0036,23,5,0,-11,2,11.84
fold2_room1_mix0036,24,5,0,-1,3,11.85
fold2_room1_mix0036,25,5,0,-2,2,13.15
fold2_room1_mix0036,26,5,0,3,2,11.61
fold2_room1_mix0036,27,5,0,0,2,13.76
fold2_room1_mix0036,28,5,0,-11,2,16.12
fold2_room1_mix0036,29,5,0,-5,2,14.40
fold2_room1_mix0036,30,5,0,-6,2,13.58
fold2_room1_mix0036,31,5,0,-16,2,12.93
fold2_room1_mix0036,32,5,0,-5,2,14.50
fold2_room1_mix0036,33,5,0,-3,2,13.74
fold2_room1_mix0036,34,5,0,-6,2,12.14
fold2_room1_mix0036,35,5,0,-18,3,12.45
fold2_room1_mix0036,36,5,0,-7,2,14.64
fold2_room1_mix0036,37,5,0,-2,2,15.08
fold2_room1_mix0036,38,5,0,-11,2,13.44
fold2_room1_mix0036,39,5,0,-15,2,13.55
fold2_room1_mix0036,40,5,0,-5,3,12.60
fold2_room1_mix0036,41,5,0,-8,2,16.62
fold2_room1_mix0036,42,5,0,-8,2,18.18
fold2_room1_mix0036,43,5,0,-11,3,12.89
fold2_room1_mix0036,44,5,0,-11,2,14.43
fold2_room1_mix0036,45,5,0,-4,2,14.59
fold2_room1_mix0036,46,5,0,-10,2,14.13
fold2_room1_mix0036,47,5,0,-11,2,15.33
fold2_room1_mix0036,48,5,0,-13,2,13.63
fold2_room1_mix0036,49,5,0,-4,2,13.35
fold2_room1_mix0036,50,5,0,-10,2,14.44
fold2_room1_mix0036,51,5,0,-13,2,15.11
fold2_room1_mix0036,52,5,0,-9,2,13.22
fold2_room1_mix0036,53,5,0,1,2,13.76
fold2_room1_mix0036,54,5,0,-13,2,13.67
fold2_room1_mix0036,55,5,0,-13,2,14.34
fold2_room1_mix0036,56,5,0,-5,2,13.41
fold2_room1_mix0036,57,5,0,-9,2,14.45
fold2_room1_mix0036,58,5,0,-7,3,12.94
fold2_room1_mix0036,59,5,0,-10,2,13.47
fold2_room1_mix0036,60,4,0,-4,0,7.20
fold2_room1_mix0036,60,5,0,-9,2,14.01
fold2_room1_mix0036,61,4,0,-6,-1,11.36
fold2_room1_mix0036,61,5,0,-8,2,12.83
fold2_room1_mix0036,62,4,0,-4,-1,14.56
fold2_room1_mix0036,62,5,0,-10,3,12.47
fold2_room1_mix0036,63,4,0,-5,-1,15.42
fold2_room1_mix0036,63,5,0,-14,3,14.39
fold2_room1_mix0036,64,4,0,-7,-1,19.41
fold2_room1_mix0036,64,5,0,-9,3,11.33
fold2_room1_mix0036,65,4,0,-8,-2,17.49
fold2_room1_mix0036,65,5,0,-12,2,13.25
fold2_room1_mix0036,66,4,0,-3,-1,17.61
fold2_room1_mix0036,66,5,0,-11,3,12.84
fold2_room1_mix0036,67,4,0,-3,-1,17.39
fold2_room1_mix0036,67,5,0,-14,3,12.90
fold2_room1_mix0036,68,4,0,-5,-1,16.07
fold2_room1_mix0036,68,5,0,-15,3,13.04
fold2_room1_mix0036,69,4,0,-6,-1,14.70
fold2_room1_mix0036,69,5,0,-8,3,12.87
fold2_room1_mix0036,70,4,0,-4,-2,14.25
fold2_room1_mix0036,70,5,0,-17,3,11.84
fold2_room1_mix0036,71,4,0,-6,-2,13.39
fold2_room1_mix0036,71,5,0,-17,2,13.91
fold2_room1_mix0036,72,4,0,-8,-3,11.37
fold2_room1_mix0036,72,5,0,-8,3,12.73
fold2_room1_mix0036,73,4,0,-8,-3,10.72
fold2_room1_mix0036,73,5,0,-14,3,13.08
fold2_room1_mix0036,74,4,0,-10,-3,10.39
fold2_room1_mix0036,74,5,0,-13,2,14.08
fold2_room1_mix0036,75,4,0,-13,-3,9.59
fold2_room1_mix0036,75,5,0,-12,3,13.21
fold2_room1_mix0036,76,4,0,-14,-3,8.40
fold2_room1_mix0036,76,5,0,-14,4,11.28
fold2_room1_mix0036,77,4,0,-16,-4,7.43
fold2_room1_mix0036,77,5,0,-10,3,12.42
fold2_room1_mix0036,78,4,0,-18,-4,6.95
fold2_room1_mix0036,78,5,0,-13,3,12.71
fold2_room1_mix0036,79,4,0,-20,-5,5.69
fold2_room1_mix0036,79,5,0,-16,3,12.01
fold2_room1_mix0036,80,4,0,-27,-5,4.87
fold2_room1_mix0036,80,5,0,-10,3,12.58
fold2_room1_mix0036,81,4,0,-31,-6,3.67
fold2_room1_mix0036,81,5,0,-13,3,12.65
fold2_room1_mix0036,82,4,0,-40,-7,3.04
fold2_room1_mix0036,82,5,0,-14,3,11.50
fold2_room1_mix0036,83,4,0,-48,-10,2.56
fold2_room1_mix0036,83,5,0,-15,3,12.49
fold2_room1_mix0036,84,4,0,-66,-10,2.28
fold2_room1_mix0036,84,5,0,-14,3,12.62
fold2_room1_mix0036,85,4,0,-87,-12,2.24
fold2_room1_mix0036,85,5,0,-10,3,12.05
fold2_room1_mix0036,86,4,0,-112,-10,2.16
fold2_room1_mix0036,86,5,0,-15,3,13.24
fold2_room1_mix0036,87,4,0,-132,-6,2.70
fold2_room1_mix0036,87,5,0,-20,3,13.99
fold2_room1_mix0036,88,4,0,-143,-5,3.33
fold2_room1_mix0036,88,5,0,-12,4,11.60
fold2_room1_mix0036,89,4,0,-150,-5,3.75
fold2_room1_mix0036,89,5,0,-16,4,11.92
fold2_room1_mix0036,90,4,0,-153,-4,4.80
fold2_room1_mix0036,90,5,0,-17,4,10.90
fold2_room1_mix0036,91,4,0,-155,-3,5.41
fold2_room1_mix0036,91,5,0,-14,3,12.81
fold2_room1_mix0036,92,4,0,-159,-3,5.94
fold2_room1_mix0036,92,5,0,-22,4,10.78
fold2_room1_mix0036,93,4,0,-163,-2,7.31
fold2_room1_mix0036,93,5,0,-18,4,10.82
fold2_room1_mix0036,94,4,0,-162,-2,7.90
fold2_room1_mix0036,94,5,0,-19,4,10.38
fold2_room1_mix0036,95,4,0,-164,-2,9.07
fold2_room1_mix0036,95,5,0,-22,4,10.80
fold2_room1_mix0036,96,4,0,-166,-1,9.80
fold2_room1_mix0036,96,5,0,-20,4,9.76
fold2_room1_mix0036,97,4,0,-168,-1,10.87
fold2_room1_mix0036,97,5,0,-18,4,11.10
fold2_room1_mix0036,98,4,0,-168,-1,12.03
fold2_room1_mix0036,98,5,0,-19,4,10.11
fold2_room1_mix0036,99,4,0,-169,-1,12.23
fold2_room1_mix0036,99,5,0,-21,4,10.48
fold2_room1_mix0037,2,4,0,15,2,1.32
fold2_room1_mix0037,2,5,0,10,1,2.67
fold2_room1_mix0037,3,4,0,20,0,4.90
fold2_room1_mix0037,4,4,0,34,0,14.14
fold2_room1_mix0037,5,4,0,37,0,15.21
fold2_room1_mix0037,6,4,0,31,0,18.47
fold2_room1_mix0037,7,4,0,35,0,23.26
fold2_room1_mix0037,8,4,0,34,0,28.36
fold2_room1_mix0037,9,4,0,31,0,26.35
fold2_room1_mix0037,10,4,0,34,0,27.79
fold2_room1_mix0037,11,4,0,37,0,25.99
fold2_room1_mix0037,12,4,0,36,0,24.30
fold2_room1_mix0037,13,4,0,36,0,24.89
fold2_room1_mix0037,14,4,0,38,0,23.40
fold2_room1_mix0037,15,4,0,39,0,22.62
fold2_room1_mix0037,16,4,0,38,0,21.20
fold2_room1_mix0037,17,4,0,40,0,21.48
fold2_room1_mix0037,18,4,0,38,0,21.07
fold2_room1_mix0037,19,4,0,38,0,21.02
fold2_room1_mix0037,20,4,0,41,0,20.51
fold2_room1_mix0037,21,4,0,38,0,20.45
fold2_room1_mix0037,22,4,0,39,-1,19.66
fold2_room1_mix0037,23,4,0,39,-1,18.71
fold2_room1_mix0037,24,4,0,41,0,19.58
fold2_room1_mix0037,25,4,0,41,-1,19.00
fold2_room1_mix0037,26,4,0,40,0,20.99
fold2_room1_mix0037,27,4,0,40,-1,19.65
fold2_room1_mix0037,28,4,0,39,-1,19.10
fold2_room1_mix0037,29,4,0,42,-1,18.93
fold2_room1_mix0037,30,4,0,41,-1,19.04
fold2_room1_mix0037,31,4,0,41,-1,18.43
fold2_room1_mix0037,32,4,0,41,-1,19.79
fold2_room1_mix0037,33,4,0,44,-1,18.88
fold2_room1_mix0037,34,4,0,45,-1,18.97
fold2_room1_mix0037,35,4,0,45,-1,18.69
fold2_room1_mix0037,36,4,0,45,-1,19.34
fold2_room1_mix0037,37,4,0,45,-1,19.16
fold2_room1_mix0037,38,4,0,46,-1,18.75
fold2_room1_mix0037,39,4,0,47,-1,19.10
fold2_room1_mix0037,40,4,0,46,-1,20.34
fold2_room1_mix0037,41,4,0,48,0,19.99
fold2_room1_mix0037,42,4,0,47,0,20.63
fold2_room1_mix0037,43,4,0,48,0,20.49
fold2_room1_mix0037,44,4,0,50,-1,19.59
fold2_room1_mix0037,45,4,0,52,0,19.11
fold2_room1_mix0037,46,4,0,53,-1,18.95
fold2_room1_mix0037,47,4,0,53,-1,18.26
fold2_room1_mix0037,48,4,0,53,-1,18.37
fold2_room1_mix0037,49,4,0,55,-1,18.24
fold2_room1_mix0037,50,4,0,55,-1,18.15
fold2_room1_mix0037,51,4,0,56,-1,18.15
fold2_room1_mix0037,52,4,0,56,-1,17.94
fold2_room1_mix0037,53,4,0,57,-1,17.75
fold2_room1_mix0037,54,4,0,58,-1,16.95
fold2_room1_mix0037,55,4,0,60,-1,16.96
fold2_room1_mix0037,56,4,0,59,-1,17.24
fold2_room1_mix0037,57,4,0,60,-1,16.66
fold2_room1_mix0037,58,4,0,61,-1,17.19
fold2_room1_mix0037,59,4,0,60,-1,17.22
fold2_room1_mix0037,60,4,0,59,-1,16.38
fold2_room1_mix0037,61,4,0,60,-1,15.29
fold2_room1_mix0037,62,4,0,62,-1,15.79
fold2_room1_mix0037,63,4,0,64,-1,15.51
fold2_room1_mix0037,64,4,0,65,-1,16.43
fold2_room1_mix0037,65,4,0,63,0,17.38
fold2_room1_mix0037,66,2,0,-89,-2,11.73
fold2_room1_mix0037,66,4,0,63,-1,17.36
fold2_room1_mix0037,67,2,0,-86,-1,11.28
fold2_room1_mix0037,67,4,0,63,-1,16.29
fold2_room1_mix0037,68,2,0,-90,-2,10.33
fold2_room1_mix0037,68,4,0,63,-1,15.99
fold2_room1_mix0037,69,2,0,-88,-2,11.33
fold2_room1_mix0037,69,4,0,66,-1,14.90
fold2_room1_mix0037,70,2,0,-88,-2,11.04
fold2_room1_mix0037,70,4,0,67,-1,14.62
fold2_room1_mix0037,71,4,0,69,-1,14.66
fold2_room1_mix0037,72,4,0,72,-1,14.32
fold2_room1_mix0037,73,4,0,73,-1,14.09
fold2_room1_mix0037,74,4,0,74,-1,14.62
fold2_room1_mix0037,75,4,0,75,-1,15.67
fold2_room1_mix0037,76,4,0,77,-1,15.40
fold2_room1_mix0037,77,4,0,76,-1,15.38
fold2_room1_mix0037,78,4,0,77,-1,15.56
fold2_room1_mix0037,79,4,0,78,0,14.87
fold2_room1_mix0037,80,4,0,80,0,14.91
fold2_room1_mix0037,81,4,0,81,0,14.99
fold2_room1_mix0037,82,4,0,81,-1,13.92
fold2_room1_mix0037,83,4,0,83,-1,13.52
fold2_room1_mix0037,84,4,0,83,-1,13.49
fold2_room1_mix0037,85,4,0,85,-1,13.72
fold2_room1_mix0037,86,4,0,85,-1,13.82
fold2_room1_mix0037,87,4,0,84,-1,13.89
fold2_room1_mix0037,88,4,0,85,-1,14.24
fold2_room1_mix0037,89,4,0,85,-2,13.44
fold2_room1_mix0037,90,4,0,86,-1,13.97
fold2_room1_mix0037,91,4,0,86,-2,14.07
fold2_room1_mix0037,92,4,0,88,-2,13.92
fold2_room1_mix0037,93,4,0,89,-2,14.25
fold2_room1_mix0037,94,4,0,90,-1,14.70
fold2_room1_mix0037,95,4,0,93,-2,14.16
fold2_room1_mix0037,96,4,0,94,-1,14.75
fold2_room1_mix0037,97,4,0,97,-1,14.80
fold2_room1_mix0037,98,4,0,99,-2,14.63
fold2_room1_mix0037,99,4,0,98,-1,14.62
fold2_room1_mix0038,38,4,0,173,0,5.61
fold2_room1_mix0038,39,4,0,173,0,10.77
fold2_room1_mix0038,41,4,0,173,0,7.40
fold2_room1_mix0038,42,4,0,170,1,4.42
fold2_room1_mix0038,43,4,0,174,0,11.83
fold2_room1_mix0038,44,4,0,174,0,13.24
fold2_room1_mix0038,45,4,0,176,0,9.69
fold2_room1_mix0038,46,4,0,174,0,12.77
fold2_room1_mix0038,47,4,0,170,0,20.60
fold2_room1_mix0038,48,4,0,171,0,18.71
fold2_room1_mix0038,49,4,0,173,0,20.55
fold2_room1_mix0038,50,4,0,169,0,19.77
fold2_room1_mix0038,51,4,0,172,0,19.59
fold2_room1_mix0038,52,4,0,171,0,19.88
fold2_room1_mix0038,53,4,0,171,0,19.05
fold2_room1_mix0038,54,4,0,174,-1,19.74
fold2_room1_mix0038,55,4,0,170,0,19.51
fold2_room1_mix0038,56,4,0,171,-1,18.91
fold2_room1_mix0038,57,4,0,170,-1,17.91
fold2_room1_mix0038,58,4,0,168,-1,18.33
fold2_room1_mix0038,59,4,0,169,-1,17.86
fold2_room1_mix0038,60,4,0,167,-1,17.31
fold2_room1_mix0038,61,4,0,166,-1,16.02
fold2_room1_mix0038,62,4,0,168,-1,15.65
fold2_room1_mix0038,63,4,0,168,-1,15.07
fold2_room1_mix0038,64,4,0,167,-2,14.01
fold2_room1_mix0038,65,4,0,166,-2,13.31
fold2_room1_mix0038,66,4,0,162,-2,12.55
fold2_room1_mix0038,67,4,0,164,-2,11.39
fold2_room1_mix0038,68,4,0,162,-3,10.91
fold2_room1_mix0038,69,4,0,160,-3,10.65
fold2_room1_mix0038,70,4,0,158,-3,9.13
fold2_room1_mix0038,71,4,0,157,-4,8.02
fold2_room1_mix0038,72,4,0,155,-4,7.90
fold2_room1_mix0038,73,4,0,154,-5,6.93
fold2_room1_mix0038,74,4,0,150,-6,6.53
fold2_room1_mix0038,75,4,0,145,-6,5.73
fold2_room1_mix0038,76,4,0,145,-7,5.17
fold2_room1_mix0038,77,4,0,138,-8,4.48
fold2_room1_mix0038,78,4,0,135,-10,4.30
fold2_room1_mix0038,79,4,0,124,-11,3.59
fold2_room1_mix0038,80,4,0,109,-12,3.30
fold2_room1_mix0038,81,4,0,95,-14,3.44
fold2_room1_mix0038,82,4,0,83,-14,3.30
fold2_room1_mix0038,83,4,0,66,-14,3.38
fold2_room1_mix0038,84,4,0,56,-11,3.62
fold2_room1_mix0038,85,4,0,46,-10,4.34
fold2_room1_mix0038,86,4,0,39,-8,4.80
fold2_room1_mix0038,87,4,0,34,-7,5.48
fold2_room1_mix0038,88,4,0,30,-6,6.18
fold2_room1_mix0038,89,4,0,27,-6,6.68
fold2_room1_mix0038,90,4,0,25,-5,7.69
fold2_room1_mix0038,91,4,0,23,-5,8.28
fold2_room1_mix0038,92,4,0,21,-4,9.29
fold2_room1_mix0038,93,4,0,20,-4,9.72
fold2_room1_mix0038,94,4,0,19,-4,10.32
fold2_room1_mix0038,95,4,0,18,-3,11.87
fold2_room1_mix0038,96,4,0,17,-3,12.06
fold2_room1_mix0038,97,4,0,16,-3,12.62
fold2_room1_mix0038,98,4,0,16,-3,13.57
fold2_room1_mix0038,99,4,0,14,-3,14.06
fold2_room1_mix0039,0,5,0,179,3,3.11
fold2_room1_mix0039,1,5,0,-175,3,8.01
fold2_room1_mix0039,2,5,0,-176,3,7.34
fold2_room1_mix0039,3,4,0,175,2,1.80
fold2_room1_mix0039,3,5,0,-170,4,8.67
fold2_room1_mix0039,4,4,0,175,1,14.53
fold2_room1_mix0039,4,5,0,179,4,4.79
fold2_room1_mix0039,5,4,0,174,0,13.29
fold2_room1_mix0039,5,5,0,-173,5,11.62
fold2_room1_mix0039,6,4,0,175,0,15.90
fold2_room1_mix0039,6,5,0,-173,5,11.87
fold2_room1_mix0039,7,4,0,175,0,19.18
fold2_room1_mix0039,7,5,0,-174,5,13.39
fold2_room1_mix0039,8,4,0,172,0,29.49
fold2_room1_mix0039,8,5,0,-172,5,9.68
fold2_room1_mix0039,9,4,0,174,0,25.75
fold2_room1_mix0039,9,5,0,-172,5,12.53
fold2_room1_mix0039,10,4,0,173,0,22.45
fold2_room1_mix0039,10,5,0,-175,5,11.30
fold2_room1_mix0039,11,4,0,174,0,25.74
fold2_room1_mix0039,11,5,0,-176,6,9.05
fold2_room1_mix0039,12,4,0,170,0,25.46
fold2_room1_mix0039,12,5,0,-170,6,10.04
fold2_room1_mix0039,13,4,0,171,-1,25.22
fold2_room1_mix0039,13,5,0,-173,6,10.10
fold2_room1_mix0039,14,4,0,168,0,25.22
fold2_room1_mix0039,14,5,0,-174,5,11.77
fold2_room1_mix0039,15,4,0,167,-1,23.27
fold2_room1_mix0039,15,5,0,-176,6,11.10
fold2_room1_mix0039,16,4,0,165,0,25.83
fold2_room1_mix0039,16,5,0,-172,7,7.17
fold2_room1_mix0039,17,4,0,168,-1,24.53
fold2_room1_mix0039,17,5,0,-174,6,9.22
fold2_room1_mix0039,18,4,0,166,-1,22.96
fold2_room1_mix0039,18,5,0,-178,7,9.30
fold2_room1_mix0039,19,4,0,167,-1,22.22
fold2_room1_mix0039,19,5,0,-178,7,9.03
fold2_room1_mix0039,20,4,0,162,-1,23.63
fold2_room1_mix0039,20,5,0,-171,7,8.77
fold2_room1_mix0039,21,4,0,162,-1,23.15
fold2_room1_mix0039,21,5,0,-174,6,10.18
fold2_room1_mix0039,22,4,0,164,-1,24.21
fold2_room1_mix0039,22,5,0,-175,6,9.91
fold2_room1_mix0039,23,4,0,162,-1,24.08
fold2_room1_mix0039,23,5,0,-175,6,10.11
fold2_room1_mix0039,24,4,0,162,-1,23.11
fold2_room1_mix0039,24,5,0,-172,7,8.49
fold2_room1_mix0039,25,4,0,164,-1,22.52
fold2_room1_mix0039,25,5,0,-172,6,10.21
fold2_room1_mix0039,26,4,0,159,-1,22.17
fold2_room1_mix0039,26,5,0,-175,7,9.88
fold2_room1_mix0039,27,4,0,160,-1,23.64
fold2_room1_mix0039,27,5,0,-176,7,8.49
fold2_room1_mix0039,28,4,0,158,-1,22.31
fold2_room1_mix0039,28,5,0,-171,6,9.83
fold2_room1_mix0039,29,4,0,158,-1,21.79
fold2_room1_mix0039,29,5,0,-173,7,9.08
fold2_room1_mix0039,30,4,0,158,-1,21.18
fold2_room1_mix0039,30,5,0,-173,7,8.65
fold2_room1_mix0039,31,4,0,159,-1,21.87
fold2_room1_mix0039,31,5,0,-173,7,9.67
fold2_room1_mix0039,32,4,0,155,-1,22.12
fold2_room1_mix0039,32,5,0,-174,8,7.48
fold2_room1_mix0039,33,4,0,156,-1,20.99
fold2_room1_mix0039,33,5,0,-175,7,8.57
fold2_room1_mix0039,34,4,0,154,-1,20.57
fold2_room1_mix0039,34,5,0,-174,8,8.21
fold2_room1_mix0039,35,4,0,156,-1,22.20
fold2_room1_mix0039,35,5,0,-173,8,7.14
fold2_room1_mix0039,36,4,0,152,-1,21.76
fold2_room1_mix0039,36,5,0,-171,9,6.99
fold2_room1_mix0039,37,4,0,151,-1,20.58
fold2_room1_mix0039,37,5,0,-175,8,7.19
fold2_room1_mix0039,38,4,0,153,-1,20.98
fold2_room1_mix0039,38,5,0,-173,9,5.94
fold2_room1_mix0039,39,4,0,153,-1,20.09
fold2_room1_mix0039,39,5,0,-168,9,6.64
fold2_room1_mix0039,40,4,0,152,-1,19.98
fold2_room1_mix0039,40,5,0,-172,9,5.87
fold2_room1_mix0039,41,4,0,152,-1,19.25
fold2_room1_mix0039,41,5,0,-170,10,5.89
fold2_room1_mix0039,42,4,0,150,-1,18.15
fold2_room1_mix0039,42,5,0,-172,10,5.56
fold2_room1_mix0039,43,4,0,150,-1,18.15
fold2_room1_mix0039,43,5,0,-171,11,5.36
fold2_room1_mix0039,44,4,0,149,-1,17.16
fold2_room1_mix0039,44,5,0,-168,11,5.23
fold2_room1_mix0039,45,4,0,149,-2,16.22
fold2_room1_mix0039,45,5,0,-176,13,4.58
fold2_room1_mix0039,46,4,0,147,-2,17.24
fold2_room1_mix0039,46,5,0,-170,14,4.12
fold2_room1_mix0039,47,4,0,147,-2,16.41
fold2_room1_mix0039,47,5,0,-169,10,6.03
fold2_room1_mix0039,48,4,0,147,-2,17.02
fold2_room1_mix0039,48,5,0,-178,13,4.42
fold2_room1_mix0039,49,4,0,142,-3,15.29
fold2_room1_mix0039,49,5,0,-167,12,5.00
fold2_room1_mix0039,50,4,0,141,-3,14.95
fold2_room1_mix0039,50,5,0,-162,11,5.00
fold2_room1_mix0039,51,4,0,141,-3,15.85
fold2_room1_mix0039,51,5,0,-166,11,4.87
fold2_room1_mix0039,52,4,0,143,-2,15.48
fold2_room1_mix0039,52,5,0,-165,10,5.97
fold2_room1_mix0039,53,4,0,141,-3,14.90
fold2_room1_mix0039,53,5,0,-163,11,5.21
fold2_room1_mix0039,54,4,0,139,-3,14.78
fold2_room1_mix0039,54,5,0,-163,12,4.28
fold2_room1_mix0039,55,4,0,140,-3,14.33
fold2_room1_mix0039,55,5,0,-162,10,5.51
fold2_room1_mix0039,56,4,0,135,-2,14.46
fold2_room1_mix0039,56,5,0,-167,13,4.01
fold2_room1_mix0039,57,4,0,134,-3,14.05
fold2_room1_mix0039,57,5,0,-159,14,3.69
fold2_room1_mix0039,58,4,0,132,-3,13.21
fold2_room1_mix0039,58,5,0,-162,15,3.50
fold2_room1_mix0039,59,4,0,130,-3,13.09
fold2_room1_mix0039,59,5,0,-168,15,3.45
fold2_room1_mix0039,60,4,0,128,-3,13.07
fold2_room1_mix0039,60,5,0,-159,14,3.61
fold2_room1_mix0039,61,4,0,126,-3,12.55
fold2_room1_mix0039,61,5,0,-164,16,3.20
fold2_room1_mix0039,62,4,0,123,-3,12.43
fold2_room1_mix0039,62,5,0,-161,20,2.49
fold2_room1_mix0039,63,4,0,122,-3,12.43
fold2_room1_mix0039,63,5,0,-156,17,2.96
fold2_room1_mix0039,64,4,0,117,-3,11.98
fold2_room1_mix0039,64,5,0,-161,21,2.32
fold2_room1_mix0039,65,4,0,115,-3,11.64
fold2_room1_mix0039,65,5,0,-152,21,2.31
fold2_room1_mix0039,66,4,0,114,-3,11.44
fold2_room1_mix0039,66,5,0,-161,22,2.30
fold2_room1_mix0039,67,4,0,110,-3,11.95
fold2_room1_mix0039,67,5,0,-161,22,2.37
fold2_room1_mix0039,68,4,0,110,-3,11.41
fold2_room1_mix0039,68,5,0,-154,27,1.89
fold2_room1_mix0039,69,4,0,106,-3,11.07
fold2_room1_mix0039,69,5,0,-153,28,1.72
fold2_room1_mix0039,70,4,0,102,-3,10.77
fold2_room1_mix0039,70,5,0,-161,29,1.75
fold2_room1_mix0039,71,4,0,100,-4,11.10
fold2_room1_mix0039,71,5,0,-149,26,1.90
fold2_room1_mix0039,72,4,0,96,-4,11.06
fold2_room1_mix0039,72,5,0,-157,29,1.64
fold2_room1_mix0039,73,4,0,91,-3,11.38
fold2_room1_mix0039,73,5,0,-138,28,1.81
fold2_room1_mix0039,74,4,0,90,-4,10.82
fold2_room1_mix0039,74,5,0,-142,27,1.75
fold2_room1_mix0039,75,4,0,86,-4,10.87
fold2_room1_mix0039,75,5,0,-148,34,1.53
fold2_room1_mix0039,76,4,0,83,-4,10.93
fold2_room1_mix0039,76,5,0,-139,33,1.41
fold2_room1_mix0039,77,4,0,83,-3,11.26
fold2_room1_mix0039,77,5,0,-123,35,1.23
fold2_room1_mix0039,78,4,0,79,-3,11.33
fold2_room1_mix0039,78,5,0,-119,39,1.19
fold2_room1_mix0039,79,4,0,75,-3,11.18
fold2_room1_mix0039,79,5,0,-107,34,1.22
fold2_room1_mix0039,80,4,0,74,-3,11.11
fold2_room1_mix0039,80,5,0,-105,42,1.00
fold2_room1_mix0039,81,4,0,72,-3,11.19
fold2_room1_mix0039,81,5,0,-84,45,0.75
fold2_room1_mix0039,82,4,0,68,-3,11.52
fold2_room1_mix0039,82,5,0,-78,40,0.82
fold2_room1_mix0039,83,4,0,64,-2,11.53
fold2_room1_mix0039,83,5,0,-64,45,0.73
fold2_room1_mix0039,84,4,0,62,-3,11.62
fold2_room1_mix0039,84,5,0,-62,40,0.78
fold2_room1_mix0039,85,4,0,61,-2,11.99
fold2_room1_mix0039,85,5,0,-52,38,0.83
fold2_room1_mix0039,86,4,0,58,-3,12.26
fold2_room1_mix0039,86,5,0,-41,41,0.71
fold2_room1_mix0039,87,4,0,55,-2,12.69
fold2_room1_mix0039,87,5,0,-46,35,0.93
fold2_room1_mix0039,88,4,0,52,-2,13.21
fold2_room1_mix0039,88,5,0,-42,34,0.94
fold2_room1_mix0039,89,4,0,50,-2,13.19
fold2_room1_mix0039,89,5,0,-43,35,0.94
fold2_room1_mix0039,90,4,0,50,-2,13.48
fold2_room1_mix0039,90,5,0,-32,32,1.10
fold2_room1_mix0039,91,4,0,50,-2,14.27
fold2_room1_mix0039,91,5,0,-25,34,0.99
fold2_room1_mix0039,92,4,0,47,-2,14.63
fold2_room1_mix0039,92,5,0,-29,30,1.15
fold2_room1_mix0039,93,4,0,46,-2,14.61
fold2_room1_mix0039,93,5,0,-25,29,1.23
fold2_room1_mix0039,94,4,0,44,-2,15.33
fold2_room1_mix0039,94,5,0,-19,30,1.20
fold2_room1_mix0039,95,4,0,45,-2,15.18
fold2_room1_mix0039,95,5,0,-25,25,1.51
fold2_room1_mix0039,96,4,0,42,-2,15.57
fold2_room1_mix0039,96,5,0,-22,25,1.49
fold2_room1_mix0039,97,4,0,38,-2,16.93
fold2_room1_mix0039,97,5,0,-17,26,1.42
fold2_room1_mix0039,98,4,0,39,-1,16.98
fold2_room1_mix0039,98,5,0,-19,24,1.58
fold2_room1_mix0039,99,4,0,34,-2,17.18
fold2_room1_mix0039,99,5,0,-14,24,1.62
fold2_room1_mix0040,0,5,0,9,3,3.51
fold2_room1_mix0040,1,5,0,14,1,8.88
fold2_room1_mix0040,2,5,0,16,2,14.17
fold2_room1_mix0040,3,5,0,15,2,13.07
fold2_room1_mix0040,5,5,0,20,2,13.25
fold2_room1_mix0040,6,5,0,18,2,18.38
fold2_room1_mix0040,7,5,0,23,2,14.90
fold2_room1_mix0040,8,5,0,24,2,14.63
fold2_room1_mix0040,9,5,0,20,2,14.60
fold2_room1_mix0040,10,5,0,23,2,13.87
fold2_room1_mix0040,11,5,0,29,2,15.37
fold2_room1_mix0040,12,5,0,16,2,13.99
fold2_room1_mix0040,13,5,0,24,3,12.75
fold2_room1_mix0040,14,5,0,22,2,15.34
fold2_room1_mix0040,15,5,0,25,3,12.54
fold2_room1_mix0040,16,5,0,23,2,15.28
fold2_room1_mix0040,17,5,0,21,2,15.36
fold2_room1_mix0040,18,5,0,30,2,15.47
fold2_room1_mix0040,19,5,0,25,3,13.25
fold2_room1_mix0040,20,5,0,21,2,16.36
fold2_room1_mix0040,21,5,0,22,3,14.10
fold2_room1_mix0040,22,5,0,25,2,15.09
fold2_room1_mix0040,23,5,0,24,2,13.81
fold2_room1_mix0040,24,5,0,26,3,12.64
fold2_room1_mix0040,25,5,0,24,2,15.22
fold2_room1_mix0040,26,5,0,22,2,14.26
fold2_room1_mix0040,27,5,0,29,2,14.98
fold2_room1_mix0040,28,5,0,25,2,15.13
fold2_room1_mix0040,29,5,0,24,3,11.65
fold2_room1_mix0040,30,5,0,25,2,14.97
fold2_room1_mix0040,31,5,0,25,2,14.04
fold2_room1_mix0040,32,5,0,26,4,11.05
fold2_room1_mix0040,33,5,0,22,3,13.35
fold2_room1_mix0040,34,5,0,23,3,13.71
fold2_room1_mix0040,35,5,0,24,3,13.06
fold2_room1_mix0040,36,5,0,26,2,14.20
fold2_room1_mix0040,37,5,0,25,3,11.36
fold2_room1_mix0040,38,5,0,23,3,12.17
fold2_room1_mix0040,39,5,0,25,2,15.39
fold2_room1_mix0040,40,5,0,22,3,13.01
fold2_room1_mix0040,41,4,0,176,0,6.13
fold2_room1_mix0040,41,5,0,24,3,13.60
fold2_room1_mix0040,42,5,0,17,2,16.20
fold2_room1_mix0040,43,2,0,-121,-5,3.02
fold2_room1_mix0040,43,5,0,22,2,14.57
fold2_room1_mix0040,44,2,0,-126,-4,8.02
fold2_room1_mix0040,44,4,0,171,0,5.10
fold2_room1_mix0040,44,5,0,24,1,17.05
fold2_room1_mix0040,45,2,0,-119,-4,10.14
fold2_room1_mix0040,45,4,0,174,-1,10.65
fold2_room1_mix0040,45,5,0,22,2,13.60
fold2_room1_mix0040,46,2,0,-107,-3,10.81
fold2_room1_mix0040,46,4,0,176,-1,7.81
fold2_room1_mix0040,46,5,0,23,2,14.75
fold2_room1_mix0040,47,2,0,-112,-3,9.71
fold2_room1_mix0040,47,4,0,174,-1,4.53
fold2_room1_mix0040,47,5,0,23,2,16.40
fold2_room1_mix0040,48,2,0,-111,-3,6.25
fold2_room1_mix0040,48,4,0,177,-2,10.56
fold2_room1_mix0040,48,5,0,17,2,16.64
fold2_room1_mix0040,49,4,0,176,-2,11.66
fold2_room1_mix0040,49,5,0,21,3,13.71
fold2_room1_mix0040,50,4,0,174,-2,12.12
fold2_room1_mix0040,50,5,0,23,3,14.54
fold2_room1_mix0040,51,4,0,171,-2,12.18
fold2_room1_mix0040,51,5,0,22,4,12.18
fold2_room1_mix0040,52,4,0,171,-2,12.25
fold2_room1_mix0040,52,5,0,22,3,14.77
fold2_room1_mix0040,53,4,0,170,-2,12.41
fold2_room1_mix0040,53,5,0,21,3,13.21
fold2_room1_mix0040,54,2,0,-116,-3,11.71
fold2_room1_mix0040,54,4,0,171,-2,12.53
fold2_room1_mix0040,54,5,0,20,2,13.51
fold2_room1_mix0040,55,2,0,-113,-4,10.69
fold2_room1_mix0040,55,4,0,170,-2,11.73
fold2_room1_mix0040,55,5,0,26,2,15.64
fold2_room1_mix0040,56,2,0,-111,-4,12.51
fold2_room1_mix0040,56,4,0,172,-2,12.42
fold2_room1_mix0040,56,5,0,22,2,15.04
fold2_room1_mix0040,57,2,0,-108,-3,13.27
fold2_room1_mix0040,57,4,0,173,-3,11.30
fold2_room1_mix0040,57,5,0,20,2,14.53
fold2_room1_mix0040,58,2,0,-106,-3,14.01
fold2_room1_mix0040,58,4,0,171,-3,10.58
fold2_room1_mix0040,58,5,0,21,2,15.42
fold2_room1_mix0040,59,4,0,173,-2,10.42
fold2_room1_mix0040,59,5,0,23,2,16.64
fold2_room1_mix0040,60,4,0,173,-2,10.40
fold2_room1_mix0040,60,5,0,23,3,13.81
fold2_room1_mix0040,61,4,0,168,-3,9.31
fold2_room1_mix0040,61,5,0,24,3,13.04
fold2_room1_mix0040,62,4,0,169,-3,9.27
fold2_room1_mix0040,62,5,0,21,3,14.23
fold2_room1_mix0040,63,4,0,170,-3,9.30
fold2_room1_mix0040,63,5,0,25,3,14.36
fold2_room1_mix0040,64,2,0,-101,-4,9.93
fold2_room1_mix0040,64,4,0,169,-3,9.18
fold2_room1_mix0040,64,5,0,23,3,12.19
fold2_room1_mix0040,65,2,0,-96,-3,12.66
fold2_room1_mix0040,65,4,0,167,-3,9.46
fold2_room1_mix0040,65,5,0,23,3,13.09
fold2_room1_mix0040,66,2,0,-100,-3,12.70
fold2_room1_mix0040,66,4,0,167,-3,8.35
fold2_room1_mix0040,66,5,0,22,3,13.46
fold2_room1_mix0040,67,2,0,-98,-4,13.48
fold2_room1_mix0040,67,4,0,167,-3,9.21
fold2_room1_mix0040,67,5,0,27,3,14.30
fold2_room1_mix0040,68,2,0,-92,-4,13.38
fold2_room1_mix0040,68,4,0,165,-3,8.22
fold2_room1_mix0040,68,5,0,27,3,13.75
fold2_room1_mix0040,69,2,0,-94,-3,12.68
fold2_room1_mix0040,69,4,0,164,-4,7.62
fold2_room1_mix0040,69,5,0,24,3,14.11
fold2_room1_mix0040,70,4,0,163,-4,7.19
fold2_room1_mix0040,70,5,0,27,4,11.68
fold2_room1_mix0040,71,4,0,162,-4,6.74
fold2_room1_mix0040,71,5,0,33,4,13.43
fold2_room1_mix0040,72,4,0,161,-4,6.65
fold2_room1_mix0040,72,5,0,28,4,12.01
fold2_room1_mix0040,73,4,0,159,-5,5.71
fold2_room1_mix0040,73,5,0,26,3,12.48
fold2_room1_mix0040,74,4,0,158,-5,5.98
fold2_room1_mix0040,74,5,0,25,3,13.26
fold2_room1_mix0040,75,4,0,157,-5,5.89
fold2_room1_mix0040,75,5,0,27,3,13.16
fold2_room1_mix0040,76,4,0,153,-5,5.31
fold2_room1_mix0040,76,5,0,25,3,13.64
fold2_room1_mix0040,77,4,0,155,-5,4.95
fold2_room1_mix0040,77,5,0,25,3,11.99
fold2_room1_mix0040,78,4,0,153,-5,4.99
fold2_room1_mix0040,78,5,0,27,3,13.93
fold2_room1_mix0040,79,4,0,152,-6,4.54
fold2_room1_mix0040,79,5,0,23,2,14.69
fold2_room1_mix0040,80,4,0,148,-6,4.05
fold2_room1_mix0040,80,5,0,30,3,12.04
fold2_room1_mix0040,81,4,0,147,-7,3.62
fold2_room1_mix0040,81,5,0,31,4,11.63
fold2_room1_mix0040,82,4,0,143,-8,3.17
fold2_room1_mix0040,82,5,0,24,2,14.45
fold2_room1_mix0040,83,4,0,137,-8,3.18
fold2_room1_mix0040,83,5,0,25,2,13.80
fold2_room1_mix0040,84,4,0,130,-8,3.00
fold2_room1_mix0040,84,5,0,28,3,14.00
fold2_room1_mix0040,85,4,0,123,-8,2.74
fold2_room1_mix0040,85,5,0,23,3,13.85
fold2_room1_mix0040,86,4,0,113,-7,2.69
fold2_room1_mix0040,86,5,0,25,3,12.92
fold2_room1_mix0040,87,4,0,102,-9,2.43
fold2_room1_mix0040,87,5,0,32,3,13.36
fold2_room1_mix0040,88,4,0,89,-8,2.51
fold2_room1_mix0040,88,5,0,29,3,13.21
fold2_room1_mix0040,89,4,0,79,-9,2.34
fold2_room1_mix0040,89,5,0,27,4,11.20
fold2_room1_mix0040,90,4,0,69,-7,2.47
fold2_room1_mix0040,90,5,0,29,3,12.65
fold2_room1_mix0040,91,4,0,62,-6,2.70
fold2_room1_mix0040,91,5,0,36,4,11.35
fold2_room1_mix0040,92,4,0,53,-5,2.61
fold2_room1_mix0040,92,5,0,29,4,11.29
fold2_room1_mix0040,93,4,0,47,-4,2.60
fold2_room1_mix0040,93,5,0,25,3,12.41
fold2_room1_mix0040,94,4,0,42,-4,2.90
fold2_room1_mix0040,94,5,0,28,3,12.81
fold2_room1_mix0040,95,4,0,38,-4,3.02
fold2_room1_mix0040,95,5,0,27,2,13.53
fold2_room1_mix0040,96,4,0,34,-4,3.13
fold2_room1_mix0040,96,5,0,23,3,12.45
fold2_room1_mix0040,97,4,0,31,-3,3.37
fold2_room1_mix0040,97,5,0,24,2,13.01
fold2_room1_mix0040,98,4,0,30,-3,3.80
fold2_room1_mix0040,98,5,0,22,2,14.40
fold2_room1_mix0040,99,4,0,27,-3,4.09
fold2_room1_mix0040,99,5,0,24,2,13.14
fold2_room1_mix0041,0,5,0,-12,3,3.87
fold2_room1_mix0041,1,5,0,-11,2,9.02
fold2_room1_mix0041,2,5,0,-13,3,10.73
fold2_room1_mix0041,3,5,0,-15,4,6.47
fold2_room1_mix0041,4,4,0,0,-2,10.36
fold2_room1_mix0041,5,4,0,-177,0,14.11
fold2_room1_mix0041,5,4,0,0,-1,13.49
fold2_room1_mix0041,5,5,0,-18,5,7.99
fold2_room1_mix0041,6,4,0,0,-1,7.52
fold2_room1_mix0041,6,5,0,-18,4,10.04
fold2_room1_mix0041,7,4,0,-1,-1,9.96
fold2_room1_mix0041,7,5,0,-16,5,8.29
fold2_room1_mix0041,8,4,0,-178,-2,17.78
fold2_room1_mix0041,8,4,0,2,-1,16.86
fold2_room1_mix0041,8,5,0,-13,7,5.90
fold2_room1_mix0041,9,4,0,-178,-2,20.07
fold2_room1_mix0041,9,4,0,-1,-2,16.71
fold2_room1_mix0041,9,5,0,-19,4,10.08
fold2_room1_mix0041,10,4,0,-174,-1,17.75
fold2_room1_mix0041,10,4,0,0,-2,14.08
fold2_room1_mix0041,10,5,0,-16,6,7.71
fold2_room1_mix0041,11,4,0,0,-2,14.44
fold2_room1_mix0041,11,5,0,-14,5,7.48
fold2_room1_mix0041,12,4,0,-178,-1,19.47
fold2_room1_mix0041,12,4,0,1,-2,15.88
fold2_room1_mix0041,12,5,0,-17,6,8.47
fold2_room1_mix0041,13,4,0,-178,-2,21.81
fold2_room1_mix0041,13,4,0,1,-2,20.06
fold2_room1_mix0041,13,5,0,-17,5,9.66
fold2_room1_mix0041,14,4,0,-179,-3,21.47
fold2_room1_mix0041,14,4,0,2,-2,18.62
fold2_room1_mix0041,14,5,0,-12,5,8.39
fold2_room1_mix0041,15,4,0,-177,-5,19.27
fold2_room1_mix0041,15,4,0,3,-2,17.54
fold2_room1_mix0041,15,5,0,-17,6,7.68
fold2_room1_mix0041,16,4,0,-175,-2,19.71
fold2_room1_mix0041,16,4,0,2,-2,17.25
fold2_room1_mix0041,16,5,0,-19,5,7.57
fold2_room1_mix0041,17,4,0,-178,-3,18.39
fold2_room1_mix0041,17,4,0,3,-3,16.25
fold2_room1_mix0041,17,5,0,-15,6,7.17
fold2_room1_mix0041,18,4,0,-177,-3,18.74
fold2_room1_mix0041,18,4,0,1,-2,17.16
fold2_room1_mix0041,18,5,0,-13,6,7.84
fold2_room1_mix0041,19,4,0,-177,-3,17.87
fold2_room1_mix0041,19,4,0,3,-3,15.05
fold2_room1_mix0041,19,5,0,-16,4,10.21
fold2_room1_mix0041,20,4,0,-177,-3,17.54
fold2_room1_mix0041,20,4,0,1,-3,14.92
fold2_room1_mix0041,20,5,0,-17,5,8.12
fold2_room1_mix0041,21,4,0,-175,-3,16.10
fold2_room1_mix0041,21,4,0,2,-3,14.22
fold2_room1_mix0041,21,5,0,-14,4,9.20
fold2_room1_mix0041,22,4,0,-175,-3,15.30
fold2_room1_mix0041,22,4,0,2,-3,12.20
fold2_room1_mix0041,22,5,0,-16,5,8.88
fold2_room1_mix0041,23,4,0,-173,-3,15.65
fold2_room1_mix0041,23,4,0,1,-3,13.11
fold2_room1_mix0041,23,5,0,-16,4,9.45
fold2_room1_mix0041,24,4,0,-174,-3,15.65
fold2_room1_mix0041,24,4,0,1,-3,12.59
fold2_room1_mix0041,24,5,0,-16,6,7.01
fold2_room1_mix0041,25,4,0,-173,-3,13.45
fold2_room1_mix0041,25,4,0,0,-4,11.32
fold2_room1_mix0041,25,5,0,-19,5,8.67
fold2_room1_mix0041,26,4,0,-174,-4,13.06
fold2_room1_mix0041,26,4,0,0,-4,11.27
fold2_room1_mix0041,26,5,0,-13,5,8.06
fold2_room1_mix0041,27,4,0,-171,-3,12.11
fold2_room1_mix0041,27,4,0,0,-4,9.86
fold2_room1_mix0041,27,5,0,-16,5,7.53
fold2_room1_mix0041,28,4,0,-173,-3,12.35
fold2_room1_mix0041,28,4,0,0,-5,8.77
fold2_room1_mix0041,28,5,0,-19,5,8.15
fold2_room1_mix0041,29,4,0,-168,-3,10.84
fold2_room1_mix0041,29,4,0,1,-4,9.71
fold2_room1_mix0041,29,5,0,-15,5,8.64
fold2_room1_mix0041,30,4,0,-169,-4,9.55
fold2_room1_mix0041,30,4,0,1,-5,8.41
fold2_room1_mix0041,30,5,0,-16,5,8.01
fold2_room1_mix0041,31,4,0,-168,-4,8.94
fold2_room1_mix0041,31,4,0,2,-5,8.93
fold2_room1_mix0041,31,5,0,-17,5,8.77
fold2_room1_mix0041,32,4,0,-166,-4,8.50
fold2_room1_mix0041,32,4,0,1,-5,8.21
fold2_room1_mix0041,32,5,0,-17,5,8.44
fold2_room1_mix0041,33,4,0,-165,-4,7.46
fold2_room1_mix0041,33,4,0,1,-5,7.50
fold2_room1_mix0041,33,5,0,-17,5,7.94
fold2_room1_mix0041,34,4,0,-164,-5,6.89
fold2_room1_mix0041,34,4,0,0,-5,7.41
fold2_room1_mix0041,34,5,0,-13,5,7.59
fold2_room1_mix0041,35,4,0,-162,-5,5.84
fold2_room1_mix0041,35,4,0,-1,-5,6.91
fold2_room1_mix0041,35,5,0,-18,4,9.37
fold2_room1_mix0041,36,4,0,-160,-6,5.10
fold2_room1_mix0041,36,4,0,-1,-5,7.23
fold2_room1_mix0041,36,5,0,-18,5,8.15
fold2_room1_mix0041,37,4,0,-153,-7,3.94
fold2_room1_mix0041,37,4,0,0,-4,7.13
fold2_room1_mix0041,37,5,0,-15,6,7.76
fold2_room1_mix0041,38,4,0,-149,-9,3.35
fold2_room1_mix0041,38,4,0,-3,-6,6.37
fold2_room1_mix0041,38,5,0,-16,5,8.22
fold2_room1_mix0041,39,4,0,-141,-9,2.51
fold2_room1_mix0041,39,4,0,1,-5,5.86
fold2_room1_mix0041,39,5,0,-23,6,7.09
fold2_room1_mix0041,40,4,0,-121,-12,1.65
fold2_room1_mix0041,40,4,0,-1,-3,4.74
fold2_room1_mix0041,40,5,0,-23,7,6.19
fold2_room1_mix0041,41,4,0,-73,-11,1.64
fold2_room1_mix0041,41,4,0,-7,-2,4.57
fold2_room1_mix0041,41,5,0,-22,6,7.38
fold2_room1_mix0041,42,4,0,-55,-9,2.03
fold2_room1_mix0041,42,4,0,0,-2,5.94
fold2_room1_mix0041,42,5,0,-21,7,6.75
fold2_room1_mix0041,43,4,0,-37,-8,2.78
fold2_room1_mix0041,43,4,0,-2,-3,5.10
fold2_room1_mix0041,43,5,0,-20,7,6.88
fold2_room1_mix0041,44,4,0,-4,-4,4.64
fold2_room1_mix0041,44,5,0,-21,5,8.75
fold2_room1_mix0041,45,4,0,-2,-6,4.27
fold2_room1_mix0041,45,5,0,-19,6,8.38
fold2_room1_mix0041,46,4,0,31,-10,3.05
fold2_room1_mix0041,46,4,0,-3,-5,5.66
fold2_room1_mix0041,46,5,0,-16,6,7.70
fold2_room1_mix0041,47,4,0,36,-10,2.06
fold2_room1_mix0041,47,4,0,-6,-3,5.40
fold2_room1_mix0041,47,5,0,-19,7,7.25
fold2_room1_mix0041,48,4,0,34,-13,1.58
fold2_room1_mix0041,48,4,0,-7,-2,6.29
fold2_room1_mix0041,48,5,0,-19,7,7.48
fold2_room1_mix0041,49,4,0,46,-15,1.38
fold2_room1_mix0041,49,4,0,-3,-3,6.76
fold2_room1_mix0041,49,5,0,-17,7,6.50
fold2_room1_mix0041,50,4,0,64,-17,1.31
fold2_room1_mix0041,50,4,0,-4,-1,8.35
fold2_room1_mix0041,50,5,0,-14,7,6.72
fold2_room1_mix0041,51,4,0,77,-21,1.00
fold2_room1_mix0041,51,4,0,1,-2,8.12
fold2_room1_mix0041,51,5,0,-18,6,7.93
fold2_room1_mix0041,52,4,0,91,-21,0.99
fold2_room1_mix0041,52,4,0,3,-2,10.67
fold2_room1_mix0041,52,5,0,-19,6,7.65
fold2_room1_mix0041,53,4,0,104,-15,1.39
fold2_room1_mix0041,53,4,0,73,-12,3.65
fold2_room1_mix0041,53,4,0,2,0,10.71
fold2_room1_mix0041,53,5,0,-18,7,6.86
fold2_room1_mix0041,54,4,0,126,-15,1.23
fold2_room1_mix0041,54,4,0,0,-1,10.14
fold2_room1_mix0041,54,5,0,-14,6,8.45
fold2_room1_mix0041,55,4,0,136,-11,2.16
fold2_room1_mix0041,55,4,0,1,1,13.27
fold2_room1_mix0041,55,5,0,-15,6,7.92
fold2_room1_mix0041,56,4,0,147,-9,2.56
fold2_room1_mix0041,56,4,0,0,0,12.42
fold2_room1_mix0041,56,5,0,-15,7,6.12
fold2_room1_mix0041,57,4,0,154,-9,2.70
fold2_room1_mix0041,57,4,0,2,-1,13.33
fold2_room1_mix0041,57,5,0,-16,6,8.90
fold2_room1_mix0041,58,4,0,151,-8,2.66
fold2_room1_mix0041,58,4,0,0,0,13.79
fold2_room1_mix0041,58,5,0,-15,7,7.18
fold2_room1_mix0041,59,4,0,155,-8,2.79
fold2_room1_mix0041,59,4,0,0,0,14.42
fold2_room1_mix0041,59,5,0,-13,6,7.31
fold2_room1_mix0041,60,4,0,159,-6,3.49
fold2_room1_mix0041,60,4,0,3,-1,12.81
fold2_room1_mix0041,60,5,0,-15,6,8.61
fold2_room1_mix0041,61,4,0,161,-6,3.61
fold2_room1_mix0041,61,4,0,5,-1,13.56
fold2_room1_mix0041,61,5,0,-17,6,8.30
fold2_room1_mix0041,62,4,0,164,-5,4.33
fold2_room1_mix0041,62,4,0,4,-3,12.24
fold2_room1_mix0041,62,5,0,-14,5,9.13
fold2_room1_mix0041,63,4,0,165,-5,4.57
fold2_room1_mix0041,63,4,0,5,-2,11.84
fold2_room1_mix0041,63,5,0,-16,6,8.54
fold2_room1_mix0041,64,4,0,167,-4,4.46
fold2_room1_mix0041,64,4,0,0,-1,12.52
fold2_room1_mix0041,64,5,0,-17,5,9.48
fold2_room1_mix0041,65,4,0,170,-4,5.36
fold2_room1_mix0041,65,4,0,1,-2,14.15
fold2_room1_mix0041,65,5,0,-15,6,7.39
fold2_room1_mix0041,66,4,0,168,-4,5.43
fold2_room1_mix0041,66,5,0,-15,6,8.10
fold2_room1_mix0041,67,4,0,169,-3,5.68
fold2_room1_mix0041,67,5,0,-15,5,9.89
fold2_room1_mix0041,68,4,0,170,-3,6.42
fold2_room1_mix0041,68,5,0,-15,5,9.34
fold2_room1_mix0041,69,4,0,169,-3,7.54
fold2_room1_mix0041,69,5,0,-18,5,10.44
fold2_room1_mix0041,70,4,0,169,-3,7.08
fold2_room1_mix0041,70,5,0,-15,4,11.54
fold2_room1_mix0041,71,4,0,169,-2,7.59
fold2_room1_mix0041,71,5,0,-13,5,10.48
fold2_room1_mix0041,72,4,0,169,-2,7.07
fold2_room1_mix0041,72,5,0,-16,5,10.43
fold2_room1_mix0041,73,4,0,170,-3,8.12
fold2_room1_mix0041,73,5,0,-16,4,13.78
fold2_room1_mix0041,74,4,0,170,-2,7.18
fold2_room1_mix0041,74,5,0,-12,5,11.51
fold2_room1_mix0041,75,4,0,170,-2,7.44
fold2_room1_mix0041,75,5,0,-12,5,10.66
fold2_room1_mix0041,76,4,0,172,-2,8.45
fold2_room1_mix0041,76,5,0,-14,4,14.68
fold2_room1_mix0041,77,4,0,173,-1,9.78
fold2_room1_mix0041,77,5,0,-15,4,12.72
fold2_room1_mix0041,78,4,0,173,-2,8.92
fold2_room1_mix0041,78,5,0,-13,5,12.78
fold2_room1_mix0041,79,4,0,173,-1,9.65
fold2_room1_mix0041,79,5,0,-13,4,14.34
fold2_room1_mix0041,80,4,0,175,-1,9.38
fold2_room1_mix0041,80,5,0,-14,4,12.75
fold2_room1_mix0041,81,4,0,174,-1,9.89
fold2_room1_mix0041,81,5,0,-13,4,13.17
fold2_room1_mix0041,82,4,0,175,-1,10.77
fold2_room1_mix0041,82,5,0,-11,5,12.76
fold2_room1_mix0041,83,4,0,174,-1,10.55
fold2_room1_mix0041,83,5,0,-13,3,16.02
fold2_room1_mix0041,84,4,0,175,-1,10.95
fold2_room1_mix0041,84,5,0,-15,5,12.24
fold2_room1_mix0041,85,4,0,175,-1,12.27
fold2_room1_mix0041,85,5,0,-13,4,13.45
fold2_room1_mix0041,86,4,0,175,-1,11.74
fold2_room1_mix0041,86,5,0,-14,3,14.97
fold2_room1_mix0041,87,4,0,175,0,13.72
fold2_room1_mix0041,87,5,0,-10,4,14.01
fold2_room1_mix0041,88,4,0,175,-1,12.57
fold2_room1_mix0041,88,5,0,-12,4,12.27
fold2_room1_mix0041,89,4,0,175,0,14.23
fold2_room1_mix0041,89,5,0,-16,4,13.47
fold2_room1_mix0041,90,4,0,176,0,14.08
fold2_room1_mix0041,90,5,0,-12,5,11.78
fold2_room1_mix0041,91,4,0,173,-1,14.05
fold2_room1_mix0041,91,5,0,-12,4,12.36
fold2_room1_mix0041,92,4,0,175,-1,13.09
fold2_room1_mix0041,92,5,0,-12,4,14.85
fold2_room1_mix0041,93,4,0,176,-1,14.44
fold2_room1_mix0041,93,5,0,-12,4,12.70
fold2_room1_mix0041,94,4,0,175,-1,13.93
fold2_room1_mix0041,94,5,0,-12,4,12.49
fold2_room1_mix0041,95,4,0,176,-1,14.74
fold2_room1_mix0041,95,5,0,-11,4,12.68
fold2_room1_mix0041,96,4,0,178,-1,14.58
fold2_room1_mix0041,96,5,0,-14,3,15.05
fold2_room1_mix0041,97,4,0,176,0,16.35
fold2_room1_mix0041,97,5,0,-12,4,14.40
fold2_room1_mix0041,98,4,0,178,-1,16.18
fold2_room1_mix0041,98,5,0,-11,4,13.03
fold2_room1_mix0041,99,4,0,177,-1,14.57
fold2_room1_mix0041,99,5,0,-11,3,14.44
fold2_room1_mix0043,0,5,0,-36,4,4.25
fold2_room1_mix0043,1,5,0,-51,7,3.35
fold2_room1_mix0043,2,5,0,-38,4,8.29
fold2_room1_mix0043,3,5,0,-39,5,6.52
fold2_room1_mix0043,4,5,0,-27,4,8.01
fold2_room1_mix0043,5,5,0,-32,5,8.25
fold2_room1_mix0043,6,5,0,-33,3,11.85
fold2_room1_mix0043,7,5,0,-41,4,9.50
fold2_room1_mix0043,8,5,0,-40,4,9.45
fold2_room1_mix0043,9,5,0,-27,5,9.01
fold2_room1_mix0043,10,5,0,-35,4,8.82
fold2_room1_mix0043,11,5,0,-34,4,10.36
fold2_room1_mix0043,12,5,0,-37,5,8.96
fold2_room1_mix0043,13,5,0,-32,4,9.82
fold2_room1_mix0043,14,5,0,-36,5,7.83
fold2_room1_mix0043,15,5,0,-42,4,9.46
fold2_room1_mix0043,16,5,0,-40,6,7.57
fold2_room1_mix0043,17,5,0,-32,4,10.31
fold2_room1_mix0043,18,5,0,-37,5,8.60
fold2_room1_mix0043,19,5,0,-37,5,8.98
fold2_room1_mix0043,20,5,0,-32,4,10.05
fold2_room1_mix0043,21,5,0,-32,5,8.39
fold2_room1_mix0043,22,5,0,-36,4,9.45
fold2_room1_mix0043,23,5,0,-35,4,9.69
fold2_room1_mix0043,24,5,0,-33,4,9.76
fold2_room1_mix0043,25,5,0,-32,5,8.71
fold2_room1_mix0043,26,5,0,-31,5,9.24
fold2_room1_mix0043,27,5,0,-29,5,8.88
fold2_room1_mix0043,28,5,0,-30,6,7.46
fold2_room1_mix0043,29,5,0,-25,5,8.48
fold2_room1_mix0043,30,5,0,-27,5,8.99
fold2_room1_mix0043,31,5,0,-30,4,10.11
fold2_room1_mix0043,32,5,0,-25,5,8.65
fold2_room1_mix0043,33,5,0,-28,5,8.86
fold2_room1_mix0043,34,5,0,-31,5,8.08
fold2_room1_mix0043,35,5,0,-27,5,9.16
fold2_room1_mix0043,36,5,0,-27,4,9.40
fold2_room1_mix0043,37,5,0,-26,5,8.42
fold2_room1_mix0043,38,5,0,-25,4,9.75
fold2_room1_mix0043,39,5,0,-27,4,9.37
fold2_room1_mix0043,40,5,0,-25,5,9.39
fold2_room1_mix0043,41,5,0,-27,4,9.53
fold2_room1_mix0043,42,5,0,-26,4,9.73
fold2_room1_mix0043,43,5,0,-28,4,9.45
fold2_room1_mix0043,44,5,0,-28,5,8.69
fold2_room1_mix0043,45,5,0,-23,4,10.41
fold2_room1_mix0043,46,5,0,-22,4,9.38
fold2_room1_mix0043,47,5,0,-27,4,10.10
fold2_room1_mix0043,48,5,0,-22,4,9.72
fold2_room1_mix0043,49,5,0,-23,4,9.85
fold2_room1_mix0043,50,5,0,-27,3,11.53
fold2_room1_mix0043,51,5,0,-22,3,11.55
fold2_room1_mix0043,52,5,0,-20,4,11.57
fold2_room1_mix0043,53,5,0,-26,3,12.42
fold2_room1_mix0043,54,5,0,-22,4,11.40
fold2_room1_mix0043,55,5,0,-22,3,12.46
fold2_room1_mix0043,56,5,0,-26,4,11.53
fold2_room1_mix0043,57,4,0,-61,-1,7.90
fold2_room1_mix0043,57,5,0,-25,4,10.67
fold2_room1_mix0043,58,4,0,-65,-1,6.58
fold2_room1_mix0043,58,5,0,-28,4,11.02
fold2_room1_mix0043,59,4,0,-63,-1,8.06
fold2_room1_mix0043,59,5,0,-23,4,10.76
fold2_room1_mix0043,60,4,0,-73,-1,6.67
fold2_room1_mix0043,60,5,0,-25,4,11.05
fold2_room1_mix0043,61,4,0,-73,-1,7.41
fold2_room1_mix0043,61,5,0,-25,4,10.25
fold2_room1_mix0043,62,4,0,-71,-1,8.81
fold2_room1_mix0043,62,5,0,-24,4,10.43
fold2_room1_mix0043,63,4,0,-72,-1,10.54
fold2_room1_mix0043,63,5,0,-24,4,12.05
fold2_room1_mix0043,64,4,0,-73,-1,9.42
fold2_room1_mix0043,64,5,0,-23,4,11.47
fold2_room1_mix0043,65,4,0,-75,-2,10.85
fold2_room1_mix0043,65,5,0,-22,3,12.51
fold2_room1_mix0043,66,4,0,-78,-2,10.72
fold2_room1_mix0043,66,5,0,-26,4,11.62
fold2_room1_mix0043,67,4,0,-79,-2,9.96
fold2_room1_mix0043,67,5,0,-22,4,12.22
fold2_room1_mix0043,68,4,0,-81,-2,10.05
fold2_room1_mix0043,68,5,0,-22,3,12.99
fold2_room1_mix0043,69,4,0,-83,-2,10.93
fold2_room1_mix0043,69,5,0,-24,3,12.16
fold2_room1_mix0043,70,4,0,-85,-1,10.26
fold2_room1_mix0043,70,5,0,-24,4,11.42
fold2_room1_mix0043,71,4,0,-88,-2,8.79
fold2_room1_mix0043,71,5,0,-20,3,14.61
fold2_room1_mix0043,72,4,0,-89,-1,9.58
fold2_room1_mix0043,72,5,0,-21,3,12.54
fold2_room1_mix0043,73,4,0,-94,-1,8.74
fold2_room1_mix0043,73,5,0,-21,4,13.63
fold2_room1_mix0043,74,4,0,-95,-1,8.87
fold2_room1_mix0043,74,5,0,-22,3,13.30
fold2_room1_mix0043,75,4,0,-99,-2,9.88
fold2_room1_mix0043,75,5,0,-18,3,13.43
fold2_room1_mix0043,76,4,0,-100,-2,8.39
fold2_room1_mix0043,76,5,0,-19,3,14.53
fold2_room1_mix0043,77,4,0,-105,-1,8.40
fold2_room1_mix0043,77,5,0,-20,3,13.30
fold2_room1_mix0043,78,4,0,-107,-2,11.29
fold2_room1_mix0043,78,5,0,-18,3,12.86
fold2_room1_mix0043,79,4,0,-108,-1,9.82
fold2_room1_mix0043,79,5,0,-16,3,15.81
fold2_room1_mix0043,80,4,0,-111,-1,7.16
fold2_room1_mix0043,80,5,0,-20,4,13.20
fold2_room1_mix0043,81,4,0,-115,-1,8.36
fold2_room1_mix0043,81,5,0,-17,3,14.47
fold2_room1_mix0043,82,4,0,-114,0,2.80
fold2_room1_mix0043,82,5,0,-20,3,14.73
fold2_room1_mix0043,83,5,0,-18,3,13.99
fold2_room1_mix0043,84,5,0,-17,3,14.14
fold2_room1_mix0043,85,5,0,-15,3,14.95
fold2_room1_mix0043,86,5,0,-20,3,14.53
fold2_room1_mix0043,87,5,0,-18,2,15.81
fold2_room1_mix0043,88,5,0,-19,3,14.67
fold2_room1_mix0043,89,5,0,-19,3,14.54
fold2_room1_mix0043,90,5,0,-17,3,13.94
fold2_room1_mix0043,91,5,0,-17,3,13.78
fold2_room1_mix0043,92,5,0,-17,3,13.90
fold2_room1_mix0043,93,5,0,-15,3,14.22
fold2_room1_mix0043,94,5,0,-16,3,13.61
fold2_room1_mix0043,95,5,0,-16,3,15.63
fold2_room1_mix0043,96,5,0,-16,3,14.25
fold2_room1_mix0043,97,5,0,-15,2,14.32
fold2_room1_mix0043,98,5,0,-18,3,13.46
fold2_room1_mix0043,99,5,0,-15,3,13.30
fold2_room1_mix0044,58,0,0,-129,-3,3.18
fold2_room1_mix0044,59,0,0,-128,-3,4.06
fold2_room1_mix0044,60,0,0,-128,-4,6.39
fold2_room1_mix0044,61,0,0,-129,-3,8.41
fold2_room1_mix0044,62,0,0,-128,-4,7.81
fold2_room1_mix0044,63,0,0,-130,-3,12.11
fold2_room1_mix0044,64,0,0,-133,-3,12.43
fold2_room1_mix0044,65,0,0,-137,-3,12.71
fold2_room1_mix0044,66,0,0,-136,-3,12.71
fold2_room1_mix0044,67,0,0,-145,-3,13.19
fold2_room1_mix0044,68,0,0,-148,-3,13.46
fold2_room1_mix0044,69,0,0,-147,-3,14.24
fold2_room1_mix0044,70,0,0,-149,-2,14.70
fold2_room1_mix0044,71,0,0,-149,-2,13.93
fold2_room1_mix0044,72,0,0,-149,-2,13.74
fold2_room1_mix0044,73,0,0,-152,-2,14.23
fold2_room1_mix0044,74,0,0,-154,-2,14.75
fold2_room1_mix0044,75,0,0,-154,-2,15.24
fold2_room1_mix0044,76,0,0,-155,-2,16.66
fold2_room1_mix0044,77,0,0,-156,-2,18.39
fold2_room1_mix0044,78,0,0,-158,-2,18.46
fold2_room1_mix0044,79,0,0,-156,-2,18.03
fold2_room1_mix0044,80,0,0,-156,-2,17.59
fold2_room1_mix0044,81,0,0,-155,-2,19.46
fold2_room1_mix0044,82,0,0,-155,-2,18.83
fold2_room1_mix0044,83,0,0,-157,-2,21.31
fold2_room1_mix0044,84,0,0,-157,-2,20.55
fold2_room1_mix0044,85,0,0,-156,-2,22.71
fold2_room1_mix0044,86,0,0,-158,-2,22.39
fold2_room1_mix0044,87,0,0,-159,-1,22.84
fold2_room1_mix0044,88,0,0,-161,-1,24.62
fold2_room1_mix0044,89,0,0,-161,-1,25.88
fold2_room1_mix0044,90,0,0,-160,-1,27.71
fold2_room1_mix0044,91,0,0,-162,-1,27.76
fold2_room1_mix0044,92,0,0,-163,-1,29.17
fold2_room1_mix0044,93,0,0,-162,-1,30.54
fold2_room1_mix0044,94,0,0,-163,-1,30.44
fold2_room1_mix0044,95,0,0,-164,0,8.64
fold2_room1_mix0044,96,0,0,-166,0,7.68
fold2_room1_mix0044,97,0,0,-166,0,2.69
fold2_room1_mix0045,35,4,0,163,-3,7.64
fold2_room1_mix0045,36,4,0,159,-3,8.36
fold2_room1_mix0045,37,4,0,158,-4,10.61
fold2_room1_mix0045,38,4,0,158,-3,9.06
fold2_room1_mix0045,39,4,0,152,-3,9.54
fold2_room1_mix0045,40,4,0,150,-4,9.46
fold2_room1_mix0045,41,4,0,147,-3,9.13
fold2_room1_mix0045,42,4,0,144,-4,8.39
fold2_room1_mix0045,43,4,0,142,-5,7.62
fold2_room1_mix0045,44,4,0,140,-4,7.50
fold2_room1_mix0045,45,4,0,138,-4,6.59
fold2_room1_mix0045,46,4,0,132,-6,6.17
fold2_room1_mix0045,47,4,0,125,-7,5.24
fold2_room1_mix0045,48,4,0,117,-8,5.02
fold2_room1_mix0045,49,4,0,109,-8,5.31
fold2_room1_mix0045,50,4,0,95,-10,5.06
fold2_room1_mix0045,51,4,0,81,-10,5.01
fold2_room1_mix0045,52,4,0,76,-9,5.34
fold2_room1_mix0045,53,4,0,62,-8,5.09
fold2_room1_mix0045,54,4,0,56,-7,6.17
fold2_room1_mix0045,55,4,0,49,-7,6.62
fold2_room1_mix0045,56,4,0,42,-6,7.06
fold2_room1_mix0045,57,4,0,39,-5,7.45
fold2_room1_mix0045,58,4,0,38,-4,8.21
fold2_room1_mix0045,59,4,0,37,-4,8.56
fold2_room1_mix0045,60,4,0,33,-4,9.42
fold2_room1_mix0045,61,4,0,32,-4,9.52
fold2_room1_mix0045,62,4,0,30,-3,10.24
fold2_room1_mix0045,63,4,0,25,-3,7.57
fold2_room1_mix0045,64,4,0,25,-3,5.49
fold2_room1_mix0045,67,4,0,17,-3,8.43
fold2_room1_mix0045,69,4,0,12,-2,12.62
fold2_room1_mix0045,70,4,0,8,-2,6.87
fold2_room1_mix0045,71,4,0,5,-2,12.36
fold2_room1_mix0045,72,4,0,5,-2,12.23
fold2_room1_mix0045,73,4,0,2,-3,13.45
fold2_room1_mix0045,74,4,0,-1,-2,11.74
fold2_room1_mix0045,75,4,0,-4,-3,12.66
fold2_room1_mix0045,76,4,0,-10,-3,11.60
fold2_room1_mix0045,77,4,0,-10,-4,10.71
fold2_room1_mix0045,78,4,0,-15,-4,10.00
fold2_room1_mix0045,79,4,0,-21,-5,8.80
fold2_room1_mix0045,80,4,0,-21,-5,7.50
fold2_room1_mix0045,81,4,0,-24,-6,6.95
fold2_room1_mix0045,82,4,0,-28,-7,5.78
fold2_room1_mix0045,83,4,0,-32,-8,4.29
fold2_room1_mix0045,84,4,0,-43,-10,3.60
fold2_room1_mix0045,85,4,0,-54,-12,3.02
fold2_room1_mix0045,86,4,0,-68,-15,2.57
fold2_room1_mix0045,87,4,0,-88,-14,2.44
fold2_room1_mix0045,88,4,0,-105,-14,2.64
fold2_room1_mix0045,89,4,0,-121,-11,2.69
fold2_room1_mix0045,90,4,0,-135,-10,3.35
fold2_room1_mix0045,91,4,0,-142,-8,3.81
fold2_room1_mix0045,92,4,0,-146,-7,4.38
fold2_room1_mix0045,93,4,0,-150,-6,5.03
fold2_room1_mix0045,94,4,0,-153,-6,5.67
fold2_room1_mix0045,95,4,0,-157,-5,6.59
fold2_room1_mix0045,96,4,0,-158,-4,7.05
fold2_room1_mix0045,97,4,0,-159,-4,7.68
fold2_room1_mix0045,98,4,0,-161,-4,8.90
fold2_room1_mix0045,99,4,0,-163,-3,9.72
fold2_room1_mix0045,66,4,0,21,-3,4.19
fold2_room1_mix0046,1,4,0,-177,0,3.16
fold2_room1_mix0046,1,4,0,-8,0,2.73
fold2_room1_mix0046,2,4,0,-177,1,4.34
fold2_room1_mix0046,2,4,0,-3,0,3.39
fold2_room1_mix0046,3,4,0,-177,1,16.42
fold2_room1_mix0046,3,4,0,-6,0,12.35
fold2_room1_mix0046,4,4,0,-178,0,22.01
fold2_room1_mix0046,4,4,0,-7,-1,16.32
fold2_room1_mix0046,5,4,0,-176,0,25.73
fold2_room1_mix0046,5,4,0,-7,-1,17.59
fold2_room1_mix0046,6,4,0,-176,0,30.85
fold2_room1_mix0046,6,4,0,-8,-1,22.08
fold2_room1_mix0046,7,4,0,-176,0,43.73
fold2_room1_mix0046,7,4,0,-4,-1,32.56
fold2_room1_mix0046,8,4,0,-175,-1,46.09
fold2_room1_mix0046,8,4,0,-6,-1,32.73
fold2_room1_mix0046,9,4,0,-174,-1,40.44
fold2_room1_mix0046,9,4,0,-7,-2,31.08
fold2_room1_mix0046,10,4,0,-176,0,41.71
fold2_room1_mix0046,10,4,0,-7,-1,31.37
fold2_room1_mix0046,11,4,0,-175,-1,45.29
fold2_room1_mix0046,11,4,0,-7,-1,32.35
fold2_room1_mix0046,12,4,0,-176,-1,41.22
fold2_room1_mix0046,12,4,0,-9,-1,29.24
fold2_room1_mix0046,13,4,0,-176,-1,43.22
fold2_room1_mix0046,13,4,0,-9,-2,29.37
fold2_room1_mix0046,14,4,0,-174,-1,44.22
fold2_room1_mix0046,14,4,0,-10,-2,29.19
fold2_room1_mix0046,15,4,0,-174,-1,43.18
fold2_room1_mix0046,15,4,0,-10,-2,29.78
fold2_room1_mix0046,16,4,0,-174,0,44.43
fold2_room1_mix0046,16,4,0,-11,-2,28.36
fold2_room1_mix0046,17,4,0,-175,0,45.34
fold2_room1_mix0046,17,4,0,-23,-2,24.28
fold2_room1_mix0046,17,4,0,-4,-1,35.03
fold2_room1_mix0046,18,4,0,-173,0,44.48
fold2_room1_mix0046,18,4,0,-20,-3,23.18
fold2_room1_mix0046,18,4,0,-4,0,36.62
fold2_room1_mix0046,19,4,0,-175,0,43.41
fold2_room1_mix0046,19,4,0,-22,-3,21.88
fold2_room1_mix0046,19,4,0,-1,0,38.76
fold2_room1_mix0046,20,4,0,-174,0,44.09
fold2_room1_mix0046,20,4,0,-20,-2,24.04
fold2_room1_mix0046,20,4,0,-4,-1,35.10
fold2_room1_mix0046,21,4,0,-174,0,41.64
fold2_room1_mix0046,21,4,0,-21,-3,21.94
fold2_room1_mix0046,21,4,0,-4,-1,34.89
fold2_room1_mix0046,22,4,0,-174,0,43.60
fold2_room1_mix0046,22,4,0,-23,-3,21.72
fold2_room1_mix0046,22,4,0,-4,0,35.66
fold2_room1_mix0046,23,4,0,-174,0,41.51
fold2_room1_mix0046,23,4,0,-24,-3,22.57
fold2_room1_mix0046,23,4,0,-3,0,37.15
fold2_room1_mix0046,24,4,0,-174,-1,39.44
fold2_room1_mix0046,24,4,0,-22,-3,22.51
fold2_room1_mix0046,24,4,0,-5,-1,34.56
fold2_room1_mix0046,25,4,0,-173,-1,35.79
fold2_room1_mix0046,25,4,0,-24,-3,22.52
fold2_room1_mix0046,25,4,0,-4,-1,36.72
fold2_room1_mix0046,26,4,0,-174,-1,37.22
fold2_room1_mix0046,26,4,0,-21,-2,23.28
fold2_room1_mix0046,26,4,0,-4,-1,35.43
fold2_room1_mix0046,27,4,0,-173,-1,38.20
fold2_room1_mix0046,27,4,0,-11,-1,29.47
fold2_room1_mix0046,28,4,0,-172,-1,35.76
fold2_room1_mix0046,28,4,0,-12,-2,27.90
fold2_room1_mix0046,29,4,0,-173,-1,33.31
fold2_room1_mix0046,29,4,0,-12,-2,26.63
fold2_room1_mix0046,30,4,0,-172,-1,35.05
fold2_room1_mix0046,30,4,0,-13,-2,26.17
fold2_room1_mix0046,31,4,0,-170,-1,33.35
fold2_room1_mix0046,31,4,0,-19,-3,19.13
fold2_room1_mix0046,31,4,0,-4,-1,33.01
fold2_room1_mix0046,32,4,0,-173,-1,33.71
fold2_room1_mix0046,32,4,0,-20,-3,19.66
fold2_room1_mix0046,32,4,0,-3,0,32.91
fold2_room1_mix0046,33,4,0,-173,-1,29.38
fold2_room1_mix0046,33,4,0,-24,-3,18.27
fold2_room1_mix0046,33,4,0,-5,0,29.12
fold2_room1_mix0046,34,4,0,-174,-1,29.59
fold2_room1_mix0046,34,4,0,-25,-3,17.05
fold2_room1_mix0046,34,4,0,-4,0,30.01
fold2_room1_mix0046,35,4,0,-173,0,28.85
fold2_room1_mix0046,35,4,0,-24,-2,17.65
fold2_room1_mix0046,35,4,0,-4,0,27.25
fold2_room1_mix0046,36,4,0,-175,-1,29.16
fold2_room1_mix0046,36,4,0,-23,-3,17.20
fold2_room1_mix0046,36,4,0,-5,0,27.29
fold2_room1_mix0046,37,4,0,-172,-1,26.96
fold2_room1_mix0046,37,4,0,-21,-3,16.97
fold2_room1_mix0046,37,4,0,-5,0,28.38
fold2_room1_mix0046,38,4,0,-174,0,27.64
fold2_room1_mix0046,38,4,0,-25,-3,15.99
fold2_room1_mix0046,38,4,0,-4,0,28.96
fold2_room1_mix0046,39,4,0,-173,-1,26.16
fold2_room1_mix0046,39,4,0,-26,-3,15.88
fold2_room1_mix0046,39,4,0,-2,0,28.96
fold2_room1_mix0046,40,4,0,-175,-1,26.96
fold2_room1_mix0046,40,4,0,-28,-3,14.87
fold2_room1_mix0046,40,4,0,-4,0,28.16
fold2_room1_mix0046,41,4,0,-172,-1,25.19
fold2_room1_mix0046,41,4,0,-28,-3,15.14
fold2_room1_mix0046,41,4,0,-3,0,28.65
fold2_room1_mix0046,42,4,0,-173,-1,24.07
fold2_room1_mix0046,42,4,0,-28,-3,14.75
fold2_room1_mix0046,42,4,0,-4,0,27.67
fold2_room1_mix0046,43,4,0,-174,-1,21.89
fold2_room1_mix0046,43,4,0,-34,-3,13.15
fold2_room1_mix0046,43,4,0,-2,0,26.43
fold2_room1_mix0046,44,4,0,-175,-1,23.69
fold2_room1_mix0046,44,4,0,-33,-3,13.25
fold2_room1_mix0046,44,4,0,-4,0,28.39
fold2_room1_mix0046,45,4,0,-175,-1,23.58
fold2_room1_mix0046,45,4,0,-33,-3,13.51
fold2_room1_mix0046,45,4,0,-2,0,29.56
fold2_room1_mix0046,46,4,0,-175,-1,21.63
fold2_room1_mix0046,46,4,0,-34,-3,12.00
fold2_room1_mix0046,46,4,0,-2,0,27.79
fold2_room1_mix0046,47,4,0,-175,-1,19.97
fold2_room1_mix0046,47,4,0,-35,-3,12.18
fold2_room1_mix0046,47,4,0,-1,0,27.50
fold2_room1_mix0046,48,4,0,-177,-1,19.38
fold2_room1_mix0046,48,4,0,-36,-3,10.92
fold2_room1_mix0046,48,4,0,-2,0,25.39
fold2_room1_mix0046,49,4,0,-174,-1,17.69
fold2_room1_mix0046,49,4,0,-38,-3,11.64
fold2_room1_mix0046,49,4,0,-1,0,25.08
fold2_room1_mix0046,50,4,0,-173,-2,16.67
fold2_room1_mix0046,50,4,0,-42,-4,9.81
fold2_room1_mix0046,50,4,0,-2,-1,23.53
fold2_room1_mix0046,51,4,0,-172,-2,15.37
fold2_room1_mix0046,51,4,0,-43,-5,9.32
fold2_room1_mix0046,51,4,0,-2,-1,23.05
fold2_room1_mix0046,52,4,0,-175,-2,15.01
fold2_room1_mix0046,52,4,0,-49,-5,9.22
fold2_room1_mix0046,52,4,0,-3,-1,21.41
fold2_room1_mix0046,53,4,0,-174,-3,14.09
fold2_room1_mix0046,53,4,0,-51,-5,9.38
fold2_room1_mix0046,53,4,0,-5,-1,21.98
fold2_room1_mix0046,54,4,0,-173,-2,13.37
fold2_room1_mix0046,54,4,0,-47,-4,8.96
fold2_room1_mix0046,54,4,0,-4,-1,19.87
fold2_room1_mix0046,55,4,0,-175,-3,12.45
fold2_room1_mix0046,55,4,0,-55,-4,8.27
fold2_room1_mix0046,55,4,0,-8,-1,19.23
fold2_room1_mix0046,56,4,0,-172,-3,12.05
fold2_room1_mix0046,56,4,0,-54,-4,8.76
fold2_room1_mix0046,56,4,0,-12,-1,20.19
fold2_room1_mix0046,57,4,0,-170,-3,12.42
fold2_room1_mix0046,57,4,0,-48,-4,8.76
fold2_room1_mix0046,57,4,0,-12,-1,19.38
fold2_room1_mix0046,58,4,0,-167,-3,11.11
fold2_room1_mix0046,58,4,0,-48,-4,8.71
fold2_room1_mix0046,58,4,0,-13,-2,15.51
fold2_room1_mix0046,59,4,0,-166,-4,10.66
fold2_room1_mix0046,59,4,0,-53,-4,8.76
fold2_room1_mix0046,59,4,0,-17,-3,14.88
fold2_room1_mix0046,60,4,0,-166,-4,9.93
fold2_room1_mix0046,60,4,0,-54,-4,8.30
fold2_room1_mix0046,60,4,0,-19,-3,12.42
fold2_room1_mix0046,61,4,0,-167,-4,9.65
fold2_room1_mix0046,61,4,0,-53,-4,8.48
fold2_room1_mix0046,61,4,0,-17,-3,14.27
fold2_room1_mix0046,62,4,0,-166,-4,9.43
fold2_room1_mix0046,62,4,0,-57,-4,8.55
fold2_room1_mix0046,62,4,0,-19,-4,12.30
fold2_room1_mix0046,63,4,0,-163,-4,8.76
fold2_room1_mix0046,63,4,0,-61,-4,8.24
fold2_room1_mix0046,63,4,0,-19,-4,11.58
fold2_room1_mix0046,64,4,0,-159,-4,8.15
fold2_room1_mix0046,64,4,0,-58,-4,8.23
fold2_room1_mix0046,64,4,0,-16,-4,11.36
fold2_room1_mix0046,65,4,0,-149,-5,7.37
fold2_room1_mix0046,65,4,0,-54,-4,7.93
fold2_room1_mix0046,65,4,0,-16,-4,10.61
fold2_room1_mix0046,66,4,0,-151,-6,6.97
fold2_room1_mix0046,66,4,0,-64,-4,8.03
fold2_room1_mix0046,66,4,0,-18,-4,10.11
fold2_room1_mix0046,67,4,0,-152,-7,6.04
fold2_room1_mix0046,67,4,0,-65,-4,7.93
fold2_room1_mix0046,67,4,0,-22,-5,9.00
fold2_room1_mix0046,68,4,0,-149,-6,5.92
fold2_room1_mix0046,68,4,0,-68,-4,7.99
fold2_room1_mix0046,68,4,0,-21,-5,9.62
fold2_room1_mix0046,69,4,0,-152,-7,5.53
fold2_room1_mix0046,69,4,0,-67,-3,7.94
fold2_room1_mix0046,69,4,0,-17,-5,9.54
fold2_room1_mix0046,70,4,0,-148,-8,4.60
fold2_room1_mix0046,70,4,0,-75,-4,7.46
fold2_room1_mix0046,70,4,0,-21,-5,8.22
fold2_room1_mix0046,71,4,0,-148,-8,4.30
fold2_room1_mix0046,71,4,0,-81,-3,8.09
fold2_room1_mix0046,71,4,0,-26,-5,7.66
fold2_room1_mix0046,72,4,0,-147,-9,4.00
fold2_room1_mix0046,72,4,0,-83,-3,7.82
fold2_room1_mix0046,72,4,0,-31,-6,7.23
fold2_room1_mix0046,73,4,0,-146,-9,3.60
fold2_room1_mix0046,73,4,0,-82,-4,7.55
fold2_room1_mix0046,73,4,0,-23,-6,6.58
fold2_room1_mix0046,74,4,0,-140,-9,3.27
fold2_room1_mix0046,74,4,0,-92,-5,6.35
fold2_room1_mix0046,74,4,0,-38,-8,5.43
fold2_room1_mix0046,75,4,0,-136,-9,3.41
fold2_room1_mix0046,75,4,0,-90,-6,5.18
fold2_room1_mix0046,75,4,0,-23,-9,4.99
fold2_room1_mix0046,76,4,0,-128,-9,2.81
fold2_room1_mix0046,76,4,0,-87,-8,4.01
fold2_room1_mix0046,76,4,0,-40,-9,4.39
fold2_room1_mix0046,77,4,0,-109,-10,2.71
fold2_room1_mix0046,77,4,0,-69,-8,3.23
fold2_room1_mix0046,77,4,0,-25,-7,5.04
fold2_room1_mix0046,78,4,0,-110,-5,4.92
fold2_room1_mix0046,78,4,0,-54,-9,2.40
fold2_room1_mix0046,78,4,0,-13,-9,3.80
fold2_room1_mix0046,79,4,0,-111,-5,5.21
fold2_room1_mix0046,79,4,0,-48,-9,2.13
fold2_room1_mix0046,79,4,0,-19,-8,3.39
fold2_room1_mix0046,80,4,0,-106,-4,6.04
fold2_room1_mix0046,80,4,0,-42,-9,2.31
fold2_room1_mix0046,80,4,0,-20,-7,3.86
fold2_room1_mix0046,81,4,0,-136,-2,9.91
fold2_room1_mix0046,81,4,0,-38,-8,2.91
fold2_room1_mix0046,81,4,0,-21,-6,4.56
fold2_room1_mix0046,82,4,0,-141,-2,12.49
fold2_room1_mix0046,82,4,0,-33,-9,2.68
fold2_room1_mix0046,82,4,0,-16,-6,5.62
fold2_room1_mix0046,83,4,0,-141,-3,11.63
fold2_room1_mix0046,83,4,0,-32,-9,3.02
fold2_room1_mix0046,83,4,0,-16,-6,5.60
fold2_room1_mix0046,84,4,0,-142,-2,13.20
fold2_room1_mix0046,84,4,0,-23,-7,4.49
fold2_room1_mix0046,85,4,0,-142,-2,13.58
fold2_room1_mix0046,85,4,0,-31,-10,2.49
fold2_room1_mix0046,85,4,0,-15,-6,5.80
fold2_room1_mix0046,86,4,0,-144,-2,14.21
fold2_room1_mix0046,86,4,0,-38,-13,1.81
fold2_room1_mix0046,86,4,0,-14,-5,6.41
fold2_room1_mix0046,87,4,0,-149,-1,16.46
fold2_room1_mix0046,87,4,0,-63,-23,0.94
fold2_room1_mix0046,87,4,0,-11,-5,8.41
fold2_room1_mix0046,88,4,0,-139,-6,7.93
fold2_room1_mix0046,88,4,0,-77,-21,1.19
fold2_room1_mix0046,88,4,0,-10,-3,11.41
fold2_room1_mix0046,89,4,0,-143,-6,6.71
fold2_room1_mix0046,89,4,0,-107,-18,1.47
fold2_room1_mix0046,89,4,0,-10,-1,13.80
fold2_room1_mix0046,90,4,0,-152,-4,9.97
fold2_room1_mix0046,90,4,0,-124,-15,1.87
fold2_room1_mix0046,90,4,0,-9,0,15.00
fold2_room1_mix0046,91,4,0,-151,-6,6.67
fold2_room1_mix0046,91,4,0,-134,-10,3.24
fold2_room1_mix0046,91,4,0,-12,0,16.15
fold2_room1_mix0046,92,4,0,-149,-7,5.45
fold2_room1_mix0046,92,4,0,-17,0,15.29
fold2_room1_mix0046,93,4,0,-152,-7,5.44
fold2_room1_mix0046,93,4,0,-18,0,14.81
fold2_room1_mix0046,94,4,0,-153,-6,6.04
fold2_room1_mix0046,94,4,0,-19,0,15.18
fold2_room1_mix0046,95,4,0,-156,-6,7.30
fold2_room1_mix0046,95,4,0,-17,-1,14.61
fold2_room1_mix0046,96,4,0,-157,-6,6.72
fold2_room1_mix0046,96,4,0,-14,-1,14.61
fold2_room1_mix0046,97,4,0,-158,-5,9.78
fold2_room1_mix0046,97,4,0,-16,-2,13.03
fold2_room1_mix0046,98,4,0,-160,-5,10.65
fold2_room1_mix0046,98,4,0,-16,-3,12.53
fold2_room1_mix0046,99,4,0,-163,-5,8.64
fold2_room1_mix0046,99,4,0,-9,-1,14.39
fold2_room1_mix0047,4,4,0,-179,0,2.07
fold2_room1_mix0047,5,4,0,178,0,5.53
fold2_room1_mix0047,6,4,0,177,0,12.75
fold2_room1_mix0047,7,4,0,177,0,18.60
fold2_room1_mix0047,8,4,0,177,0,20.87
fold2_room1_mix0047,9,4,0,177,0,27.10
fold2_room1_mix0047,10,4,0,177,0,30.90
fold2_room1_mix0047,11,4,0,176,0,33.10
fold2_room1_mix0047,12,4,0,174,0,33.40
fold2_room1_mix0047,13,4,0,175,0,31.88
fold2_room1_mix0047,14,4,0,176,0,34.31
fold2_room1_mix0047,15,4,0,175,0,33.37
fold2_room1_mix0047,16,4,0,176,0,34.27
fold2_room1_mix0047,17,0,0,-175,-1,1.83
fold2_room1_mix0047,17,4,0,176,0,36.61
fold2_room1_mix0047,18,0,0,-175,-1,10.71
fold2_room1_mix0047,18,4,0,177,0,35.81
fold2_room1_mix0047,19,0,0,-175,-1,17.15
fold2_room1_mix0047,19,4,0,179,0,33.08
fold2_room1_mix0047,20,0,0,-178,-1,14.90
fold2_room1_mix0047,20,4,0,177,0,36.42
fold2_room1_mix0047,21,0,0,-176,-1,18.08
fold2_room1_mix0047,21,4,0,178,0,35.34
fold2_room1_mix0047,22,0,0,-176,-1,36.05
fold2_room1_mix0047,22,4,0,178,0,36.13
fold2_room1_mix0047,23,0,0,-173,-1,31.25
fold2_room1_mix0047,23,4,0,179,-1,31.46
fold2_room1_mix0047,24,0,0,-173,-1,39.30
fold2_room1_mix0047,24,4,0,-179,-1,31.15
fold2_room1_mix0047,25,0,0,-173,-1,46.10
fold2_room1_mix0047,25,4,0,-179,-1,27.78
fold2_room1_mix0047,26,0,0,-173,-1,49.60
fold2_room1_mix0047,26,4,0,-178,-1,28.27
fold2_room1_mix0047,27,0,0,-173,-1,35.86
fold2_room1_mix0047,27,4,0,-179,-1,30.92
fold2_room1_mix0047,28,0,0,-173,-1,34.71
fold2_room1_mix0047,28,4,0,-179,-1,35.32
fold2_room1_mix0047,29,0,0,-173,-1,41.35
fold2_room1_mix0047,29,4,0,-178,-1,34.50
fold2_room1_mix0047,30,0,0,-174,-1,38.06
fold2_room1_mix0047,30,4,0,-178,-2,36.13
fold2_room1_mix0047,31,0,0,-173,-1,33.97
fold2_room1_mix0047,31,4,0,179,-1,35.63
fold2_room1_mix0047,32,0,0,-174,-1,30.32
fold2_room1_mix0047,32,4,0,-178,-1,36.16
fold2_room1_mix0047,33,0,0,-174,-1,27.68
fold2_room1_mix0047,33,4,0,-178,-1,37.35
fold2_room1_mix0047,34,0,0,-175,-1,29.09
fold2_room1_mix0047,34,4,0,-178,-1,37.86
fold2_room1_mix0047,35,0,0,-174,-1,24.92
fold2_room1_mix0047,35,4,0,-178,-1,36.56
fold2_room1_mix0047,36,0,0,-175,-1,25.77
fold2_room1_mix0047,36,4,0,-178,-1,38.70
fold2_room1_mix0047,37,0,0,-172,-1,26.18
fold2_room1_mix0047,37,4,0,-179,-1,37.44
fold2_room1_mix0047,38,0,0,-171,-2,23.48
fold2_room1_mix0047,38,4,0,-179,-1,37.82
fold2_room1_mix0047,39,0,0,-168,-2,25.15
fold2_room1_mix0047,39,4,0,178,-1,38.24
fold2_room1_mix0047,40,0,0,-169,-1,27.18
fold2_room1_mix0047,40,4,0,-179,-1,35.44
fold2_room1_mix0047,41,0,0,-166,-2,23.29
fold2_room1_mix0047,41,4,0,-179,-1,36.85
fold2_room1_mix0047,42,0,0,-166,-2,24.65
fold2_room1_mix0047,42,4,0,-179,-1,34.44
fold2_room1_mix0047,43,0,0,-166,-2,25.78
fold2_room1_mix0047,43,4,0,-179,-1,33.89
fold2_room1_mix0047,44,0,0,-165,-2,21.88
fold2_room1_mix0047,44,4,0,-178,-1,33.56
fold2_room1_mix0047,45,0,0,-164,-2,20.47
fold2_room1_mix0047,45,4,0,-178,-1,32.87
fold2_room1_mix0047,46,0,0,-163,-2,19.58
fold2_room1_mix0047,46,4,0,-179,-1,32.49
fold2_room1_mix0047,47,0,0,-164,-2,20.05
fold2_room1_mix0047,47,4,0,-179,-1,33.25
fold2_room1_mix0047,48,0,0,-161,-2,16.66
fold2_room1_mix0047,48,4,0,-178,-1,32.00
fold2_room1_mix0047,49,0,0,-159,-2,15.52
fold2_room1_mix0047,49,4,0,179,-1,30.68
fold2_room1_mix0047,50,0,0,-157,-2,16.34
fold2_room1_mix0047,50,4,0,-178,-1,28.50
fold2_room1_mix0047,51,0,0,-155,-3,15.00
fold2_room1_mix0047,51,4,0,-179,-2,26.47
fold2_room1_mix0047,52,0,0,-155,-3,14.48
fold2_room1_mix0047,52,4,0,179,-2,23.86
fold2_room1_mix0047,53,0,0,-151,-3,13.60
fold2_room1_mix0047,53,4,0,-179,-2,22.39
fold2_room1_mix0047,54,0,0,-148,-3,12.65
fold2_room1_mix0047,54,4,0,-179,-2,21.47
fold2_room1_mix0047,55,0,0,-147,-4,12.15
fold2_room1_mix0047,55,4,0,-178,-2,20.81
fold2_room1_mix0047,56,0,0,-144,-4,11.23
fold2_room1_mix0047,56,4,0,178,-2,20.42
fold2_room1_mix0047,57,0,0,-143,-4,11.11
fold2_room1_mix0047,57,4,0,178,-2,20.39
fold2_room1_mix0047,58,0,0,-137,-4,9.70
fold2_room1_mix0047,58,4,0,177,-3,19.41
fold2_room1_mix0047,59,0,0,-131,-5,8.77
fold2_room1_mix0047,59,4,0,175,-3,17.49
fold2_room1_mix0047,60,0,0,-124,-5,8.21
fold2_room1_mix0047,60,4,0,175,-3,16.75
fold2_room1_mix0047,61,0,0,-113,-6,7.42
fold2_room1_mix0047,61,4,0,175,-3,15.82
fold2_room1_mix0047,62,0,0,-100,-6,7.46
fold2_room1_mix0047,62,4,0,171,-3,15.12
fold2_room1_mix0047,63,0,0,-96,-6,8.01
fold2_room1_mix0047,63,4,0,169,-4,14.11
fold2_room1_mix0047,64,0,0,-82,-6,8.00
fold2_room1_mix0047,64,4,0,166,-4,13.81
fold2_room1_mix0047,65,0,0,-77,-6,8.33
fold2_room1_mix0047,65,4,0,163,-4,12.46
fold2_room1_mix0047,66,0,0,-101,-5,8.74
fold2_room1_mix0047,66,4,0,155,-4,10.37
fold2_room1_mix0047,67,0,0,-115,-5,8.19
fold2_room1_mix0047,67,4,0,148,-4,9.19
fold2_room1_mix0047,68,0,0,-125,-4,8.19
fold2_room1_mix0047,68,4,0,145,-5,7.46
fold2_room1_mix0047,69,0,0,-140,-3,7.41
fold2_room1_mix0047,69,4,0,141,-5,6.11
fold2_room1_mix0047,70,0,0,-149,-3,6.00
fold2_room1_mix0047,70,4,0,130,-6,4.98
fold2_room1_mix0047,71,0,0,-147,-2,5.89
fold2_room1_mix0047,71,4,0,113,-8,4.12
fold2_room1_mix0047,72,4,0,91,-10,3.77
fold2_room1_mix0047,73,4,0,70,-9,3.44
fold2_room1_mix0047,74,4,0,55,-6,3.54
fold2_room1_mix0047,75,4,0,43,-5,4.48
fold2_room1_mix0047,76,4,0,33,-4,5.35
fold2_room1_mix0047,77,4,0,30,-4,5.93
fold2_room1_mix0047,78,4,0,26,-3,7.52
fold2_room1_mix0047,79,4,0,22,-3,8.23
fold2_room1_mix0047,80,4,0,19,-2,9.54
fold2_room1_mix0047,81,4,0,17,-2,10.71
fold2_room1_mix0047,82,4,0,15,-2,11.56
fold2_room1_mix0047,83,4,0,14,-1,12.29
fold2_room1_mix0047,84,4,0,13,-1,14.32
fold2_room1_mix0047,85,4,0,12,-1,15.37
fold2_room1_mix0047,86,4,0,12,-1,16.55
fold2_room1_mix0047,87,4,0,10,-1,17.64
fold2_room1_mix0047,88,4,0,11,-1,18.59
fold2_room1_mix0047,89,4,0,10,-1,21.08
fold2_room1_mix0047,90,4,0,9,-1,21.26
fold2_room1_mix0047,91,4,0,10,-1,22.26
fold2_room1_mix0047,92,4,0,10,-1,24.67
fold2_room1_mix0047,93,4,0,8,-1,24.99
fold2_room1_mix0047,94,4,0,8,0,26.31
fold2_room1_mix0047,95,4,0,7,-1,27.38
fold2_room1_mix0047,96,4,0,7,-1,28.95
fold2_room1_mix0047,97,4,0,7,-1,30.82
fold2_room1_mix0047,98,4,0,7,-1,31.98
fold2_room1_mix0047,99,4,0,7,0,32.20
fold2_room1_mix0048,0,5,0,-143,4,3.81
fold2_room1_mix0048,1,5,0,-153,5,3.65
fold2_room1_mix0048,2,5,0,-143,4,6.08
fold2_room1_mix0048,3,5,0,-143,7,4.12
fold2_room1_mix0048,4,4,0,-166,1,5.50
fold2_room1_mix0048,4,5,0,-156,5,2.42
fold2_room1_mix0048,5,4,0,-170,0,6.49
fold2_room1_mix0048,5,5,0,-140,6,7.73
fold2_room1_mix0048,6,4,0,-170,0,16.60
fold2_room1_mix0048,6,5,0,-140,6,7.57
fold2_room1_mix0048,7,4,0,-175,0,18.64
fold2_room1_mix0048,7,5,0,-136,6,7.45
fold2_room1_mix0048,8,4,0,-173,0,23.75
fold2_room1_mix0048,8,5,0,-142,5,7.41
fold2_room1_mix0048,9,4,0,-174,-1,25.20
fold2_room1_mix0048,9,5,0,-137,6,8.48
fold2_room1_mix0048,10,4,0,-176,0,27.16
fold2_room1_mix0048,10,5,0,-137,7,6.37
fold2_room1_mix0048,11,4,0,-172,0,27.84
fold2_room1_mix0048,11,5,0,-138,8,6.02
fold2_room1_mix0048,12,4,0,-172,0,28.98
fold2_room1_mix0048,12,5,0,-138,6,7.09
fold2_room1_mix0048,13,4,0,-174,0,27.83
fold2_room1_mix0048,13,5,0,-138,8,6.66
fold2_room1_mix0048,14,4,0,-175,0,29.84
fold2_room1_mix0048,14,5,0,-135,8,6.15
fold2_room1_mix0048,15,4,0,-174,0,28.77
fold2_room1_mix0048,15,5,0,-133,7,6.69
fold2_room1_mix0048,16,4,0,-172,0,30.14
fold2_room1_mix0048,16,5,0,-134,9,5.70
fold2_room1_mix0048,17,4,0,-170,-1,29.73
fold2_room1_mix0048,17,5,0,-132,9,5.79
fold2_room1_mix0048,18,4,0,-167,0,32.92
fold2_room1_mix0048,18,5,0,-125,8,6.52
fold2_room1_mix0048,19,4,0,-167,-1,31.84
fold2_room1_mix0048,19,5,0,-132,8,6.64
fold2_room1_mix0048,20,4,0,-168,0,34.14
fold2_room1_mix0048,20,5,0,-129,7,6.60
fold2_room1_mix0048,21,4,0,-171,0,33.24
fold2_room1_mix0048,21,5,0,-129,8,6.04
fold2_room1_mix0048,22,4,0,-171,0,32.73
fold2_room1_mix0048,22,5,0,-124,8,6.33
fold2_room1_mix0048,23,4,0,-171,0,34.44
fold2_room1_mix0048,23,5,0,-125,7,7.51
fold2_room1_mix0048,24,4,0,-173,0,34.31
fold2_room1_mix0048,24,5,0,-127,8,6.98
fold2_room1_mix0048,25,4,0,-171,0,37.80
fold2_room1_mix0048,25,5,0,-127,9,5.82
fold2_room1_mix0048,26,4,0,-172,0,35.35
fold2_room1_mix0048,26,5,0,-122,8,6.45
fold2_room1_mix0048,27,4,0,-172,0,33.61
fold2_room1_mix0048,27,5,0,-121,8,6.26
fold2_room1_mix0048,28,4,0,-169,0,33.49
fold2_room1_mix0048,28,5,0,-118,9,5.67
fold2_room1_mix0048,29,4,0,-171,0,33.77
fold2_room1_mix0048,29,5,0,-116,9,5.58
fold2_room1_mix0048,30,4,0,-172,0,33.46
fold2_room1_mix0048,30,5,0,-116,10,5.08
fold2_room1_mix0048,31,4,0,-172,0,32.26
fold2_room1_mix0048,31,5,0,-114,10,5.15
fold2_room1_mix0048,32,4,0,-173,0,32.86
fold2_room1_mix0048,32,5,0,-110,10,5.57
fold2_room1_mix0048,33,4,0,-168,0,30.91
fold2_room1_mix0048,33,5,0,-113,10,4.92
fold2_room1_mix0048,34,4,0,-170,0,31.46
fold2_room1_mix0048,34,5,0,-108,11,4.82
fold2_room1_mix0048,35,4,0,-170,0,29.90
fold2_room1_mix0048,35,5,0,-104,11,4.55
fold2_room1_mix0048,36,4,0,-166,0,28.86
fold2_room1_mix0048,36,5,0,-104,11,4.63
fold2_room1_mix0048,37,4,0,-169,0,29.51
fold2_room1_mix0048,37,5,0,-99,12,4.76
fold2_room1_mix0048,38,4,0,-170,0,28.55
fold2_room1_mix0048,38,5,0,-96,13,3.88
fold2_room1_mix0048,39,4,0,-169,0,27.35
fold2_room1_mix0048,39,5,0,-103,14,3.84
fold2_room1_mix0048,40,4,0,-168,0,26.64
fold2_room1_mix0048,40,5,0,-93,14,3.87
fold2_room1_mix0048,41,4,0,-167,0,25.58
fold2_room1_mix0048,41,5,0,-99,14,3.85
fold2_room1_mix0048,42,4,0,-169,0,25.06
fold2_room1_mix0048,42,5,0,-94,16,3.43
fold2_room1_mix0048,43,4,0,-169,0,24.74
fold2_room1_mix0048,43,5,0,-89,15,3.48
fold2_room1_mix0048,44,4,0,-166,0,23.91
fold2_room1_mix0048,44,5,0,-91,15,3.39
fold2_room1_mix0048,45,4,0,-166,0,24.21
fold2_room1_mix0048,45,5,0,-88,16,3.38
fold2_room1_mix0048,46,4,0,-166,0,22.16
fold2_room1_mix0048,46,5,0,-83,14,3.68
fold2_room1_mix0048,47,4,0,-163,0,21.98
fold2_room1_mix0048,47,5,0,-83,14,3.65
fold2_room1_mix0048,48,4,0,-162,0,21.45
fold2_room1_mix0048,48,5,0,-79,15,3.42
fold2_room1_mix0048,49,4,0,-166,0,20.96
fold2_room1_mix0048,49,5,0,-72,14,3.74
fold2_room1_mix0048,50,4,0,-163,-1,19.87
fold2_room1_mix0048,50,5,0,-75,14,3.62
fold2_room1_mix0048,51,4,0,-162,-1,19.74
fold2_room1_mix0048,51,5,0,-63,12,4.21
fold2_room1_mix0048,52,4,0,-161,-1,19.33
fold2_room1_mix0048,52,5,0,-67,13,3.86
fold2_room1_mix0048,53,4,0,-153,-1,18.79
fold2_room1_mix0048,53,5,0,-72,13,3.98
fold2_room1_mix0048,54,4,0,-151,-1,18.40
fold2_room1_mix0048,54,5,0,-65,12,4.32
fold2_room1_mix0048,55,4,0,-146,-1,17.08
fold2_room1_mix0048,55,5,0,-74,13,4.18
fold2_room1_mix0048,56,4,0,-144,0,16.99
fold2_room1_mix0048,56,5,0,-64,12,4.39
fold2_room1_mix0048,57,4,0,-143,-1,16.26
fold2_room1_mix0048,57,5,0,-66,11,4.67
fold2_room1_mix0048,58,4,0,-138,-1,15.77
fold2_room1_mix0048,58,5,0,-66,11,4.53
fold2_room1_mix0048,59,4,0,-136,-1,15.30
fold2_room1_mix0048,59,5,0,-62,10,4.82
fold2_room1_mix0048,60,4,0,-133,-1,14.66
fold2_room1_mix0048,60,5,0,-62,10,5.20
fold2_room1_mix0048,61,4,0,-131,-2,14.33
fold2_room1_mix0048,61,5,0,-55,10,4.83
fold2_room1_mix0048,62,4,0,-128,-2,13.87
fold2_room1_mix0048,62,5,0,-56,10,4.96
fold2_room1_mix0048,63,4,0,-125,-2,13.81
fold2_room1_mix0048,63,5,0,-53,9,5.45
fold2_room1_mix0048,64,4,0,-120,-2,13.45
fold2_room1_mix0048,64,5,0,-53,9,5.28
fold2_room1_mix0048,65,4,0,-120,-2,12.80
fold2_room1_mix0048,65,5,0,-49,8,5.60
fold2_room1_mix0048,66,4,0,-115,-2,12.62
fold2_room1_mix0048,66,5,0,-48,10,5.19
fold2_room1_mix0048,67,4,0,-111,-3,12.37
fold2_room1_mix0048,67,5,0,-48,8,5.83
fold2_room1_mix0048,68,4,0,-109,-3,12.24
fold2_room1_mix0048,68,5,0,-45,8,5.80
fold2_room1_mix0048,69,4,0,-102,-3,11.73
fold2_room1_mix0048,69,5,0,-43,9,5.82
fold2_room1_mix0048,70,4,0,-105,-3,12.21
fold2_room1_mix0048,70,5,0,-46,8,5.95
fold2_room1_mix0048,71,4,0,-99,-3,11.78
fold2_room1_mix0048,71,5,0,-46,9,5.59
fold2_room1_mix0048,72,4,0,-92,-3,11.52
fold2_room1_mix0048,72,5,0,-44,9,6.08
fold2_room1_mix0048,73,4,0,-87,-2,11.41
fold2_room1_mix0048,73,5,0,-48,8,6.20
fold2_room1_mix0048,74,4,0,-85,-2,11.46
fold2_room1_mix0048,74,5,0,-46,9,5.92
fold2_room1_mix0048,75,4,0,-85,-2,11.48
fold2_room1_mix0048,75,5,0,-42,9,6.28
fold2_room1_mix0048,76,4,0,-77,-3,12.05
fold2_room1_mix0048,76,5,0,-45,8,6.03
fold2_room1_mix0048,77,4,0,-74,-2,11.91
fold2_room1_mix0048,77,5,0,-43,9,5.78
fold2_room1_mix0048,78,4,0,-71,-2,12.33
fold2_room1_mix0048,78,5,0,-42,8,5.93
fold2_room1_mix0048,79,4,0,-72,-3,12.64
fold2_room1_mix0048,79,5,0,-39,8,6.07
fold2_room1_mix0048,80,4,0,-68,-3,12.75
fold2_room1_mix0048,80,5,0,-39,9,5.73
fold2_room1_mix0048,81,4,0,-63,-2,13.27
fold2_room1_mix0048,81,5,0,-39,8,6.12
fold2_room1_mix0048,82,4,0,-61,-3,13.50
fold2_room1_mix0048,82,5,0,-39,8,6.21
fold2_room1_mix0048,83,4,0,-60,-2,13.68
fold2_room1_mix0048,83,5,0,-36,7,6.33
fold2_room1_mix0048,84,4,0,-57,-2,14.50
fold2_room1_mix0048,84,5,0,-35,7,6.30
fold2_room1_mix0048,85,4,0,-54,-2,14.85
fold2_room1_mix0048,85,5,0,-34,7,6.37
fold2_room1_mix0048,86,4,0,-53,-2,15.53
fold2_room1_mix0048,86,5,0,-34,7,6.77
fold2_room1_mix0048,87,4,0,-51,-2,15.81
fold2_room1_mix0048,87,5,0,-33,7,6.54
fold2_room1_mix0048,88,4,0,-47,-2,16.37
fold2_room1_mix0048,88,5,0,-34,6,7.00
fold2_room1_mix0048,89,4,0,-48,-2,17.33
fold2_room1_mix0048,89,5,0,-32,6,7.29
fold2_room1_mix0048,90,4,0,-45,-2,18.19
fold2_room1_mix0048,90,5,0,-32,6,6.90
fold2_room1_mix0048,91,4,0,-41,-1,19.25
fold2_room1_mix0048,91,5,0,-33,6,7.11
fold2_room1_mix0048,92,4,0,-41,-1,19.58
fold2_room1_mix0048,92,5,0,-31,6,7.13
fold2_room1_mix0048,93,4,0,-39,-2,20.01
fold2_room1_mix0048,93,5,0,-31,6,7.30
fold2_room1_mix0048,94,4,0,-39,-2,20.18
fold2_room1_mix0048,94,5,0,-31,6,7.32
fold2_room1_mix0048,95,4,0,-38,-1,20.79
fold2_room1_mix0048,95,5,0,-29,6,7.13
fold2_room1_mix0048,96,4,0,-34,-1,22.12
fold2_room1_mix0048,96,5,0,-30,6,7.45
fold2_room1_mix0048,97,4,0,-33,-1,21.83
fold2_room1_mix0048,97,5,0,-30,6,7.66
fold2_room1_mix0048,98,4,0,-32,-1,23.91
fold2_room1_mix0048,98,5,0,-28,5,8.23
fold2_room1_mix0048,99,4,0,-29,-1,23.51
fold2_room1_mix0048,99,5,0,-28,6,7.74
fold2_room1_mix0049,46,4,0,144,-1,13.23
fold2_room1_mix0049,47,4,0,140,-1,14.77
fold2_room1_mix0049,48,4,0,139,-1,16.06
fold2_room1_mix0049,49,4,0,134,-1,15.52
fold2_room1_mix0049,50,4,0,136,-1,15.63
fold2_room1_mix0049,51,4,0,135,-1,16.08
fold2_room1_mix0049,52,4,0,133,-1,15.99
fold2_room1_mix0049,53,4,0,133,-1,15.42
fold2_room1_mix0049,54,4,0,131,-1,16.23
fold2_room1_mix0049,55,4,0,132,0,15.73
fold2_room1_mix0049,56,0,0,112,-1,6.17
fold2_room1_mix0049,56,4,0,128,0,14.62
fold2_room1_mix0049,57,0,0,106,-2,6.69
fold2_room1_mix0049,57,4,0,121,-1,14.04
fold2_room1_mix0049,58,0,0,117,-2,8.68
fold2_room1_mix0049,58,4,0,121,-1,14.09
fold2_room1_mix0049,59,0,0,118,-2,10.06
fold2_room1_mix0049,59,4,0,121,-1,13.76
fold2_room1_mix0049,60,0,0,117,-2,12.98
fold2_room1_mix0049,60,4,0,121,-1,14.09
fold2_room1_mix0049,61,0,0,115,-2,13.99
fold2_room1_mix0049,61,4,0,119,-2,13.57
fold2_room1_mix0049,62,0,0,116,-2,15.39
fold2_room1_mix0049,62,4,0,119,-2,12.19
fold2_room1_mix0049,63,0,0,118,-2,15.79
fold2_room1_mix0049,63,4,0,116,-2,11.91
fold2_room1_mix0049,63,4,0,23,-1,15.81
fold2_room1_mix0049,64,0,0,124,-2,16.71
fold2_room1_mix0049,64,4,0,113,-2,12.12
fold2_room1_mix0049,64,4,0,23,-1,15.66
fold2_room1_mix0049,65,0,0,127,-1,17.14
fold2_room1_mix0049,65,4,0,108,-1,11.94
fold2_room1_mix0049,65,4,0,1,0,15.86
fold2_room1_mix0049,66,0,0,130,-1,17.94
fold2_room1_mix0049,66,4,0,107,-2,12.33
fold2_room1_mix0049,66,4,0,6,-1,16.37
fold2_room1_mix0049,67,0,0,134,-1,18.19
fold2_room1_mix0049,67,4,0,105,-2,12.48
fold2_room1_mix0049,67,4,0,-1,-1,15.38
fold2_room1_mix0049,68,0,0,137,-1,20.31
fold2_room1_mix0049,68,4,0,107,-2,12.56
fold2_room1_mix0049,68,4,0,10,-1,15.53
fold2_room1_mix0049,69,0,0,140,-1,20.98
fold2_room1_mix0049,69,4,0,108,-1,13.77
fold2_room1_mix0049,69,4,0,-3,-2,14.07
fold2_room1_mix0049,70,0,0,140,-1,21.06
fold2_room1_mix0049,70,4,0,104,-1,13.53
fold2_room1_mix0049,70,4,0,6,-2,14.53
fold2_room1_mix0049,71,0,0,140,-1,21.45
fold2_room1_mix0049,71,4,0,113,-1,15.66
fold2_room1_mix0049,71,4,0,96,-1,13.15
fold2_room1_mix0049,71,4,0,-2,-1,13.82
fold2_room1_mix0049,72,0,0,145,-1,21.34
fold2_room1_mix0049,72,4,0,100,-2,13.78
fold2_room1_mix0049,72,4,0,0,-1,14.32
fold2_room1_mix0049,73,0,0,147,-1,23.32
fold2_room1_mix0049,73,4,0,115,-1,16.15
fold2_room1_mix0049,73,4,0,94,-2,13.26
fold2_room1_mix0049,73,4,0,-5,-2,12.71
fold2_room1_mix0049,74,0,0,149,-1,22.71
fold2_room1_mix0049,74,4,0,113,-2,14.73
fold2_room1_mix0049,74,4,0,89,-2,13.31
fold2_room1_mix0049,74,4,0,-2,-2,12.82
fold2_room1_mix0049,75,0,0,149,-1,22.38
fold2_room1_mix0049,75,4,0,112,-2,15.34
fold2_room1_mix0049,75,4,0,89,-1,13.27
fold2_room1_mix0049,75,4,0,-4,-1,12.59
fold2_room1_mix0049,76,0,0,149,-1,22.28
fold2_room1_mix0049,76,4,0,86,-2,14.19
fold2_room1_mix0049,76,4,0,-3,-1,12.25
fold2_room1_mix0049,77,0,0,150,-1,22.99
fold2_room1_mix0049,77,4,0,86,-2,14.96
fold2_room1_mix0049,77,4,0,-3,-2,11.30
fold2_room1_mix0049,78,0,0,150,-1,23.26
fold2_room1_mix0049,78,4,0,83,-2,15.42
fold2_room1_mix0049,78,4,0,-7,-3,10.23
fold2_room1_mix0049,79,0,0,152,-1,26.96
fold2_room1_mix0049,79,4,0,126,-1,16.79
fold2_room1_mix0049,79,4,0,74,-1,14.10
fold2_room1_mix0049,79,4,0,-13,-2,9.98
fold2_room1_mix0049,80,0,0,153,-1,25.10
fold2_room1_mix0049,80,4,0,64,-1,14.28
fold2_room1_mix0049,80,4,0,-15,-5,7.02
fold2_room1_mix0049,81,0,0,158,-1,28.27
fold2_room1_mix0049,81,4,0,85,-2,14.33
fold2_room1_mix0049,81,4,0,59,0,13.25
fold2_room1_mix0049,81,4,0,-21,-5,6.23
fold2_room1_mix0049,82,0,0,157,-1,25.05
fold2_room1_mix0049,82,4,0,60,-2,12.58
fold2_room1_mix0049,82,4,0,-14,-6,6.28
fold2_room1_mix0049,83,0,0,156,-1,25.45
fold2_room1_mix0049,83,4,0,69,-3,10.96
fold2_room1_mix0049,83,4,0,16,-6,7.61
fold2_room1_mix0049,84,0,0,156,-1,25.16
fold2_room1_mix0049,84,4,0,-77,-17,2.20
fold2_room1_mix0049,84,4,0,37,0,12.31
fold2_room1_mix0049,85,0,0,155,-1,24.97
fold2_room1_mix0049,85,4,0,-128,-17,4.96
fold2_room1_mix0049,85,4,0,-92,-16,2.09
fold2_room1_mix0049,85,4,0,48,1,16.70
fold2_room1_mix0049,86,0,0,153,0,24.57
fold2_room1_mix0049,86,4,0,-158,-10,5.13
fold2_room1_mix0049,86,4,0,-105,-13,1.85
fold2_room1_mix0049,86,4,0,56,0,16.80
fold2_room1_mix0049,87,0,0,152,0,25.03
fold2_room1_mix0049,87,4,0,167,-4,8.46
fold2_room1_mix0049,87,4,0,-132,-9,2.85
fold2_room1_mix0049,87,4,0,54,1,15.89
fold2_room1_mix0049,88,0,0,153,0,22.49
fold2_room1_mix0049,88,4,0,-177,-4,6.61
fold2_room1_mix0049,88,4,0,-143,-7,3.55
fold2_room1_mix0049,88,4,0,72,0,17.60
fold2_room1_mix0049,89,0,0,159,-1,25.35
fold2_room1_mix0049,89,4,0,-171,-5,5.90
fold2_room1_mix0049,89,4,0,-148,-6,4.35
fold2_room1_mix0049,89,4,0,96,0,16.76
fold2_room1_mix0049,90,0,0,155,0,29.01
fold2_room1_mix0049,90,4,0,-160,-4,5.93
fold2_room1_mix0049,90,4,0,67,-1,18.38
fold2_room1_mix0049,91,0,0,159,-1,32.59
fold2_room1_mix0049,91,4,0,-160,-4,6.54
fold2_room1_mix0049,91,4,0,50,-1,17.12
fold2_room1_mix0049,92,0,0,159,-1,32.39
fold2_room1_mix0049,92,4,0,-163,-4,7.12
fold2_room1_mix0049,92,4,0,82,-3,16.31
fold2_room1_mix0049,93,0,0,161,-1,36.14
fold2_room1_mix0049,93,4,0,-164,-3,7.31
fold2_room1_mix0049,94,0,0,162,-1,41.17
fold2_room1_mix0049,94,4,0,-165,-3,7.72
fold2_room1_mix0049,95,0,0,165,-1,42.28
fold2_room1_mix0049,95,4,0,-169,-3,7.55
fold2_room1_mix0049,96,0,0,165,0,46.79
fold2_room1_mix0049,96,4,0,-167,-2,8.39
fold2_room1_mix0049,97,0,0,164,0,45.44
fold2_room1_mix0049,97,4,0,-168,-1,6.31
fold2_room1_mix0049,98,0,0,166,0,20.40
fold2_room1_mix0049,98,4,0,-166,-1,5.79
fold2_room1_mix0049,99,0,0,166,0,6.92
fold2_room1_mix0049,99,4,0,-170,-1,13.62
fold2_room1_mix0050,4,4,0,2,1,9.28
fold2_room1_mix0050,5,4,0,0,0,22.23
fold2_room1_mix0050,6,4,0,-1,0,23.89
fold2_room1_mix0050,7,4,0,2,0,27.49
fold2_room1_mix0050,8,4,0,0,0,36.70
fold2_room1_mix0050,9,4,0,-3,-1,42.22
fold2_room1_mix0050,10,4,0,0,0,41.24
fold2_room1_mix0050,11,4,0,0,0,42.27
fold2_room1_mix0050,12,4,0,0,0,40.00
fold2_room1_mix0050,13,4,0,-4,0,38.88
fold2_room1_mix0050,14,4,0,-1,0,40.56
fold2_room1_mix0050,15,4,0,0,0,38.02
fold2_room1_mix0050,16,4,0,-3,0,35.84
fold2_room1_mix0050,17,4,0,-1,0,37.06
fold2_room1_mix0050,18,4,0,0,0,36.37
fold2_room1_mix0050,19,4,0,1,0,33.87
fold2_room1_mix0050,20,4,0,2,0,33.19
fold2_room1_mix0050,21,4,0,0,0,35.37
fold2_room1_mix0050,22,4,0,1,0,31.46
fold2_room1_mix0050,23,4,0,2,0,29.73
fold2_room1_mix0050,24,4,0,0,0,31.14
fold2_room1_mix0050,25,4,0,-2,-1,30.23
fold2_room1_mix0050,26,4,0,0,0,29.36
fold2_room1_mix0050,27,4,0,2,0,29.97
fold2_room1_mix0050,28,4,0,0,-1,27.52
fold2_room1_mix0050,29,4,0,0,-1,27.41
fold2_room1_mix0050,30,4,0,0,-1,27.22
fold2_room1_mix0050,31,4,0,0,-1,26.07
fold2_room1_mix0050,32,4,0,-1,-1,25.65
fold2_room1_mix0050,33,4,0,0,-1,24.97
fold2_room1_mix0050,34,4,0,-1,-1,23.36
fold2_room1_mix0050,35,4,0,0,-1,22.79
fold2_room1_mix0050,36,4,0,-1,-1,21.40
fold2_room1_mix0050,37,4,0,-2,-1,22.71
fold2_room1_mix0050,38,4,0,-2,-1,21.16
fold2_room1_mix0050,39,4,0,-2,-1,19.33
fold2_room1_mix0050,40,4,0,-2,-1,20.05
fold2_room1_mix0050,41,4,0,-2,-1,18.73
fold2_room1_mix0050,42,4,0,-3,-1,17.31
fold2_room1_mix0050,43,4,0,-2,-1,17.72
fold2_room1_mix0050,44,4,0,-4,-1,16.21
fold2_room1_mix0050,45,4,0,-4,-2,15.41
fold2_room1_mix0050,46,4,0,-6,-2,14.74
fold2_room1_mix0050,47,4,0,-6,-2,13.64
fold2_room1_mix0050,48,4,0,-7,-2,12.44
fold2_room1_mix0050,49,4,0,-8,-2,11.57
fold2_room1_mix0050,50,4,0,-9,-2,11.29
fold2_room1_mix0050,51,4,0,-10,-3,10.73
fold2_room1_mix0050,52,4,0,-12,-3,9.58
fold2_room1_mix0050,53,4,0,-12,-3,9.04
fold2_room1_mix0050,54,4,0,-13,-3,8.41
fold2_room1_mix0050,55,4,0,-16,-4,7.13
fold2_room1_mix0050,56,4,0,-18,-4,6.33
fold2_room1_mix0050,57,4,0,-20,-5,5.39
fold2_room1_mix0050,58,4,0,-24,-6,4.64
fold2_room1_mix0050,59,4,0,-28,-7,4.04
fold2_room1_mix0050,60,4,0,-33,-9,3.19
fold2_room1_mix0050,61,4,0,-42,-11,2.75
fold2_room1_mix0050,62,4,0,-53,-13,2.22
fold2_room1_mix0050,63,4,0,-76,-16,2.17
fold2_room1_mix0050,64,4,0,-104,-15,1.99
fold2_room1_mix0050,65,4,0,-121,-12,2.29
fold2_room1_mix0050,66,4,0,-134,-10,2.69
fold2_room1_mix0050,67,4,0,-145,-8,3.34
fold2_room1_mix0050,68,4,0,-150,-7,3.87
fold2_room1_mix0050,69,4,0,-153,-7,4.49
fold2_room1_mix0050,70,4,0,-156,-6,5.13
fold2_room1_mix0050,71,4,0,-158,-5,5.77
fold2_room1_mix0050,72,4,0,-161,-4,6.80
fold2_room1_mix0050,73,4,0,-162,-4,7.18
fold2_room1_mix0050,74,4,0,-162,-4,7.71
fold2_room1_mix0050,75,4,0,-165,-3,9.04
fold2_room1_mix0050,76,4,0,-166,-2,9.92
fold2_room1_mix0050,77,4,0,-166,-2,10.15
fold2_room1_mix0050,78,4,0,-168,-2,11.76
fold2_room1_mix0050,79,4,0,-168,-2,12.07
fold2_room1_mix0050,80,4,0,-168,-2,12.21
fold2_room1_mix0050,81,4,0,-168,-2,13.30
fold2_room1_mix0050,82,4,0,-169,-1,13.86
fold2_room1_mix0050,83,4,0,-170,-1,14.98
fold2_room1_mix0050,84,4,0,-171,-1,15.24
fold2_room1_mix0050,85,4,0,-171,-1,16.70
fold2_room1_mix0050,86,4,0,-172,-1,18.02
fold2_room1_mix0050,87,4,0,-173,-1,18.01
fold2_room1_mix0050,88,4,0,-174,0,20.31
fold2_room1_mix0050,89,4,0,-174,0,19.52
fold2_room1_mix0050,90,4,0,-174,0,19.93
fold2_room1_mix0050,91,4,0,-175,0,22.57
fold2_room1_mix0050,92,4,0,-175,0,22.31
fold2_room1_mix0050,93,4,0,-175,0,23.44
fold2_room1_mix0050,94,4,0,-175,0,24.83
fold2_room1_mix0050,95,4,0,-175,0,24.00
fold2_room1_mix0050,96,4,0,-175,0,25.43
fold2_room1_mix0050,97,4,0,-176,0,26.67
fold2_room1_mix0050,98,4,0,-176,0,25.76
fold2_room1_mix0050,99,4,0,-177,0,26.80
fold2_room1_mix0051,3,4,0,-167,0,5.79
fold2_room1_mix0051,4,4,0,-161,-2,14.37
fold2_room1_mix0051,5,4,0,-162,-1,16.36
fold2_room1_mix0051,6,4,0,-163,-1,20.57
fold2_room1_mix0051,7,4,0,-158,-1,24.92
fold2_room1_mix0051,8,4,0,-157,-1,26.71
fold2_room1_mix0051,9,4,0,-157,-1,27.31
fold2_room1_mix0051,10,4,0,-158,-1,26.54
fold2_room1_mix0051,11,4,0,-156,-1,26.06
fold2_room1_mix0051,12,4,0,-156,-1,25.91
fold2_room1_mix0051,13,4,0,-156,-1,26.19
fold2_room1_mix0051,14,4,0,-155,-1,25.70
fold2_room1_mix0051,15,4,0,-155,-1,25.19
fold2_room1_mix0051,16,4,0,-154,-1,25.06
fold2_room1_mix0051,17,4,0,-152,-1,24.31
fold2_room1_mix0051,18,4,0,-152,-1,24.67
fold2_room1_mix0051,19,4,0,-152,-1,24.11
fold2_room1_mix0051,20,4,0,-151,-1,23.94
fold2_room1_mix0051,21,4,0,-150,-1,23.37
fold2_room1_mix0051,22,4,0,-150,0,25.00
fold2_room1_mix0051,23,1,0,-6,-3,32.57
fold2_room1_mix0051,23,4,0,-150,0,21.29
fold2_room1_mix0051,24,1,0,-7,-2,34.60
fold2_room1_mix0051,24,4,0,-150,-1,22.87
fold2_room1_mix0051,25,1,0,-13,-3,32.78
fold2_room1_mix0051,25,4,0,-150,-1,25.59
fold2_room1_mix0051,26,1,0,-11,-2,25.16
fold2_room1_mix0051,26,4,0,-149,-1,25.78
fold2_room1_mix0051,27,1,0,-18,-3,23.66
fold2_room1_mix0051,27,4,0,-148,-1,26.34
fold2_room1_mix0051,28,1,0,-15,-2,31.96
fold2_room1_mix0051,28,4,0,-148,-1,24.46
fold2_room1_mix0051,29,1,0,-12,-2,29.04
fold2_room1_mix0051,29,4,0,-148,-1,24.20
fold2_room1_mix0051,30,1,0,-16,-2,33.84
fold2_room1_mix0051,30,4,0,-151,-2,25.13
fold2_room1_mix0051,31,1,0,-16,-2,22.30
fold2_room1_mix0051,31,4,0,-153,-1,28.81
fold2_room1_mix0051,32,4,0,-147,-1,26.13
fold2_room1_mix0051,33,1,0,-18,-2,35.36
fold2_room1_mix0051,33,4,0,-147,-1,23.91
fold2_room1_mix0051,34,1,0,-17,-2,26.09
fold2_room1_mix0051,34,4,0,-151,-2,26.42
fold2_room1_mix0051,35,1,0,-20,-2,31.43
fold2_room1_mix0051,35,4,0,-149,-1,24.09
fold2_room1_mix0051,36,1,0,-22,-2,29.58
fold2_room1_mix0051,36,4,0,-151,-1,25.87
fold2_room1_mix0051,37,4,0,-145,-1,19.85
fold2_room1_mix0051,38,1,0,-17,-2,26.71
fold2_room1_mix0051,38,4,0,-147,-1,22.95
fold2_room1_mix0051,39,1,0,-22,-2,22.72
fold2_room1_mix0051,39,4,0,-154,-1,23.88
fold2_room1_mix0051,40,1,0,-22,-2,27.84
fold2_room1_mix0051,40,4,0,-148,-1,22.42
fold2_room1_mix0051,41,1,0,-21,-2,25.63
fold2_room1_mix0051,41,4,0,-151,-2,24.56
fold2_room1_mix0051,42,4,0,-138,-2,21.25
fold2_room1_mix0051,43,1,0,-22,-3,24.93
fold2_room1_mix0051,43,4,0,-144,-1,24.14
fold2_room1_mix0051,44,1,0,-26,-3,24.81
fold2_room1_mix0051,44,4,0,-146,-1,21.96
fold2_room1_mix0051,45,1,0,-24,-2,23.51
fold2_room1_mix0051,45,4,0,-142,-2,20.13
fold2_room1_mix0051,46,1,0,-28,-2,22.98
fold2_room1_mix0051,46,4,0,-150,-2,24.60
fold2_room1_mix0051,47,4,0,-136,-1,22.38
fold2_room1_mix0051,48,1,0,-28,-3,19.87
fold2_room1_mix0051,48,4,0,-144,-1,22.29
fold2_room1_mix0051,49,1,0,-32,-3,17.67
fold2_room1_mix0051,49,4,0,-143,-1,20.69
fold2_room1_mix0051,50,1,0,-33,-3,18.33
fold2_room1_mix0051,50,4,0,-139,-3,18.65
fold2_room1_mix0051,51,1,0,-34,-2,19.01
fold2_room1_mix0051,51,4,0,-144,-2,21.72
fold2_room1_mix0051,52,1,0,-36,-2,10.21
fold2_room1_mix0051,52,4,0,-139,-1,21.57
fold2_room1_mix0051,52,4,0,-117,-2,20.91
fold2_room1_mix0051,53,4,0,-127,-3,17.36
fold2_room1_mix0051,54,1,0,-41,-3,13.86
fold2_room1_mix0051,54,4,0,-134,-2,19.64
fold2_room1_mix0051,54,4,0,-111,-4,19.47
fold2_room1_mix0051,55,1,0,-45,-3,11.61
fold2_room1_mix0051,55,4,0,-135,-3,18.95
fold2_room1_mix0051,56,1,0,-53,-3,11.95
fold2_room1_mix0051,56,4,0,-137,-3,20.80
fold2_room1_mix0051,57,1,0,-50,-3,7.60
fold2_room1_mix0051,57,4,0,-136,-2,19.07
fold2_room1_mix0051,58,4,0,-121,-3,14.61
fold2_room1_mix0051,59,1,0,-58,-3,7.36
fold2_room1_mix0051,59,4,0,-120,-3,17.57
fold2_room1_mix0051,60,1,0,-69,-4,8.01
fold2_room1_mix0051,60,4,0,-136,-2,18.27
fold2_room1_mix0051,60,4,0,-108,-3,20.14
fold2_room1_mix0051,61,1,0,-86,-5,6.61
fold2_room1_mix0051,61,4,0,-124,-3,17.61
fold2_room1_mix0051,62,1,0,-79,-4,8.73
fold2_room1_mix0051,62,4,0,-122,-4,18.28
fold2_room1_mix0051,63,4,0,-105,-4,12.78
fold2_room1_mix0051,64,1,0,-94,-3,2.81
fold2_room1_mix0051,64,4,0,-95,-4,14.69
fold2_room1_mix0051,65,1,0,-101,-3,3.18
fold2_room1_mix0051,65,4,0,-98,-3,11.42
fold2_room1_mix0051,66,1,0,-111,-4,5.34
fold2_room1_mix0051,66,4,0,-98,-5,14.64
fold2_room1_mix0051,67,4,0,-98,-3,12.82
fold2_room1_mix0051,68,4,0,-96,-3,13.30
fold2_room1_mix0051,69,4,0,-96,-3,11.83
fold2_room1_mix0051,70,4,0,-96,-3,11.59
fold2_room1_mix0051,71,4,0,-96,-3,12.36
fold2_room1_mix0051,72,4,0,-95,-3,11.81
fold2_room1_mix0051,73,4,0,-93,-3,11.90
fold2_room1_mix0051,74,4,0,-93,-3,11.68
fold2_room1_mix0051,75,4,0,-92,-3,11.58
fold2_room1_mix0051,76,4,0,-90,-3,12.56
fold2_room1_mix0051,77,4,0,-90,-3,11.94
fold2_room1_mix0051,78,4,0,-88,-2,12.39
fold2_room1_mix0051,79,4,0,-87,-2,12.44
fold2_room1_mix0051,80,4,0,-85,-2,12.30
fold2_room1_mix0051,81,4,0,-83,-2,12.79
fold2_room1_mix0051,82,4,0,-82,-2,12.56
fold2_room1_mix0051,83,4,0,-79,-2,12.55
fold2_room1_mix0051,84,4,0,-80,-2,12.80
fold2_room1_mix0051,85,4,0,-76,-2,12.82
fold2_room1_mix0051,86,4,0,-75,-2,12.87
fold2_room1_mix0051,87,4,0,-72,-2,13.25
fold2_room1_mix0051,88,4,0,-71,-2,13.08
fold2_room1_mix0051,89,4,0,-69,-2,13.77
fold2_room1_mix0051,90,4,0,-66,-2,13.57
fold2_room1_mix0051,91,4,0,-66,-2,14.14
fold2_room1_mix0051,92,4,0,-62,-2,14.47
fold2_room1_mix0051,93,4,0,-60,-2,14.44
fold2_room1_mix0051,94,4,0,-58,-2,14.88
fold2_room1_mix0051,95,4,0,-57,-2,15.56
fold2_room1_mix0051,96,4,0,-56,-2,15.60
fold2_room1_mix0051,97,4,0,-55,-2,16.85
fold2_room1_mix0051,98,4,0,-54,-2,16.12
fold2_room1_mix0051,99,4,0,-52,-2,16.26
fold2_room1_mix0052,3,4,0,2,0,4.37
fold2_room1_mix0052,4,4,0,5,0,13.77
fold2_room1_mix0052,5,4,0,5,0,15.66
fold2_room1_mix0052,6,4,0,4,0,17.43
fold2_room1_mix0052,7,4,0,7,-1,27.41
fold2_room1_mix0052,8,4,0,5,-1,25.07
fold2_room1_mix0052,9,4,0,4,-1,25.20
fold2_room1_mix0052,10,4,0,6,-1,24.96
fold2_room1_mix0052,11,4,0,6,-1,23.24
fold2_room1_mix0052,12,4,0,6,-1,23.15
fold2_room1_mix0052,13,4,0,5,-1,24.95
fold2_room1_mix0052,14,4,0,7,-1,25.46
fold2_room1_mix0052,15,4,0,7,-1,25.53
fold2_room1_mix0052,16,4,0,7,-2,23.29
fold2_room1_mix0052,17,4,0,7,-1,24.06
fold2_room1_mix0052,18,4,0,8,-1,23.65
fold2_room1_mix0052,19,4,0,8,-2,23.29
fold2_room1_mix0052,20,4,0,8,-1,23.80
fold2_room1_mix0052,21,4,0,7,-2,20.50
fold2_room1_mix0052,22,4,0,8,-2,20.41
fold2_room1_mix0052,23,4,0,8,-2,20.36
fold2_room1_mix0052,24,4,0,8,-2,19.18
fold2_room1_mix0052,25,4,0,7,-2,18.56
fold2_room1_mix0052,26,4,0,7,-2,18.35
fold2_room1_mix0052,27,4,0,8,-2,18.77
fold2_room1_mix0052,28,4,0,8,-2,18.45
fold2_room1_mix0052,29,4,0,8,-2,17.04
fold2_room1_mix0052,30,4,0,9,-2,16.78
fold2_room1_mix0052,31,4,0,9,-2,16.74
fold2_room1_mix0052,32,4,0,10,-2,16.32
fold2_room1_mix0052,33,4,0,9,-2,16.12
fold2_room1_mix0052,34,4,0,9,-2,15.62
fold2_room1_mix0052,35,4,0,10,-2,14.84
fold2_room1_mix0052,36,4,0,10,-2,14.77
fold2_room1_mix0052,37,4,0,11,-2,14.17
fold2_room1_mix0052,38,4,0,12,-3,13.75
fold2_room1_mix0052,39,4,0,12,-2,13.89
fold2_room1_mix0052,40,4,0,14,-2,13.38
fold2_room1_mix0052,41,4,0,29,-3,11.58
fold2_room1_mix0052,41,4,0,6,-2,13.99
fold2_room1_mix0052,42,4,0,27,-3,11.33
fold2_room1_mix0052,42,4,0,7,-2,12.78
fold2_room1_mix0052,43,4,0,28,-3,11.51
fold2_room1_mix0052,43,4,0,8,-2,13.04
fold2_room1_mix0052,44,4,0,28,-3,10.70
fold2_room1_mix0052,44,4,0,7,-2,12.20
fold2_room1_mix0052,45,4,0,31,-3,11.18
fold2_room1_mix0052,45,4,0,8,-3,11.77
fold2_room1_mix0052,46,4,0,31,-3,9.95
fold2_room1_mix0052,46,4,0,7,-2,11.49
fold2_room1_mix0052,47,4,0,35,-3,9.41
fold2_room1_mix0052,47,4,0,5,-3,10.51
fold2_room1_mix0052,48,4,0,36,-3,8.29
fold2_room1_mix0052,48,4,0,7,-3,9.19
fold2_room1_mix0052,49,4,0,41,-3,8.79
fold2_room1_mix0052,49,4,0,7,-4,8.53
fold2_room1_mix0052,50,4,0,39,-4,7.77
fold2_room1_mix0052,50,4,0,7,-4,8.42
fold2_room1_mix0052,51,4,0,47,-4,8.36
fold2_room1_mix0052,51,4,0,8,-4,7.23
fold2_room1_mix0052,52,4,0,45,-4,7.53
fold2_room1_mix0052,52,4,0,8,-5,7.08
fold2_room1_mix0052,53,4,0,49,-4,8.09
fold2_room1_mix0052,53,4,0,10,-5,6.61
fold2_room1_mix0052,54,4,0,53,-5,7.53
fold2_room1_mix0052,54,4,0,10,-6,5.76
fold2_room1_mix0052,55,4,0,55,-5,7.41
fold2_room1_mix0052,55,4,0,11,-6,5.60
fold2_room1_mix0052,56,4,0,55,-7,5.14
fold2_room1_mix0052,56,4,0,11,-6,5.66
fold2_room1_mix0052,57,4,0,60,-6,6.26
fold2_room1_mix0052,57,4,0,14,-7,4.75
fold2_room1_mix0052,58,4,0,62,-7,5.24
fold2_room1_mix0052,58,4,0,14,-8,4.36
fold2_room1_mix0052,59,4,0,73,-8,5.49
fold2_room1_mix0052,59,4,0,19,-9,3.55
fold2_room1_mix0052,60,4,0,72,-7,6.01
fold2_room1_mix0052,60,4,0,20,-11,3.03
fold2_room1_mix0052,61,4,0,73,-9,5.12
fold2_room1_mix0052,61,4,0,24,-11,2.95
fold2_room1_mix0052,62,4,0,77,-10,4.35
fold2_room1_mix0052,62,4,0,31,-12,2.73
fold2_room1_mix0052,63,4,0,83,-16,2.37
fold2_room1_mix0052,63,4,0,34,-7,5.85
fold2_room1_mix0052,64,4,0,107,-19,1.73
fold2_room1_mix0052,64,4,0,61,-6,7.42
fold2_room1_mix0052,65,4,0,122,-17,1.79
fold2_room1_mix0052,65,4,0,87,-5,7.79
fold2_room1_mix0052,66,4,0,135,-15,1.91
fold2_room1_mix0052,66,4,0,97,-4,8.29
fold2_room1_mix0052,67,4,0,144,-13,2.21
fold2_room1_mix0052,67,4,0,110,-3,8.97
fold2_room1_mix0052,68,4,0,146,-11,2.48
fold2_room1_mix0052,68,4,0,119,-2,9.05
fold2_room1_mix0052,69,4,0,150,-10,2.73
fold2_room1_mix0052,69,4,0,121,-4,8.28
fold2_room1_mix0052,70,4,0,153,-10,2.70
fold2_room1_mix0052,70,4,0,122,-1,10.57
fold2_room1_mix0052,71,4,0,155,-9,3.26
fold2_room1_mix0052,71,4,0,121,-3,9.33
fold2_room1_mix0052,72,4,0,158,-9,3.34
fold2_room1_mix0052,72,4,0,130,-2,9.49
fold2_room1_mix0052,73,4,0,159,-8,3.52
fold2_room1_mix0052,73,4,0,127,-2,9.35
fold2_room1_mix0052,74,4,0,160,-7,4.04
fold2_room1_mix0052,74,4,0,136,-2,8.87
fold2_room1_mix0052,75,4,0,161,-7,4.26
fold2_room1_mix0052,75,4,0,138,-3,8.68
fold2_room1_mix0052,76,4,0,161,-6,4.55
fold2_room1_mix0052,76,4,0,135,-2,10.25
fold2_room1_mix0052,77,4,0,162,-6,4.74
fold2_room1_mix0052,77,4,0,136,-1,11.11
fold2_room1_mix0052,78,4,0,163,-6,5.49
fold2_room1_mix0052,78,4,0,138,-1,11.38
fold2_room1_mix0052,79,4,0,165,-5,5.84
fold2_room1_mix0052,79,4,0,142,-2,10.84
fold2_room1_mix0052,80,4,0,165,-5,6.13
fold2_room1_mix0052,80,4,0,147,-1,11.17
fold2_room1_mix0052,81,4,0,166,-5,6.60
fold2_room1_mix0052,81,4,0,149,-2,11.04
fold2_room1_mix0052,82,4,0,167,-5,7.19
fold2_room1_mix0052,82,4,0,148,-2,11.50
fold2_room1_mix0052,83,4,0,168,-5,7.45
fold2_room1_mix0052,83,4,0,152,-2,11.95
fold2_room1_mix0052,84,4,0,164,-3,9.44
fold2_room1_mix0052,85,4,0,165,-3,9.96
fold2_room1_mix0052,86,4,0,165,-3,10.48
fold2_room1_mix0052,87,4,0,166,-3,11.11
fold2_room1_mix0052,88,4,0,167,-2,11.24
fold2_room1_mix0052,89,4,0,167,-2,11.83
fold2_room1_mix0052,90,4,0,168,-2,12.36
fold2_room1_mix0052,91,4,0,168,-2,12.93
fold2_room1_mix0052,92,4,0,168,-2,13.16
fold2_room1_mix0052,93,4,0,169,-2,13.76
fold2_room1_mix0052,94,4,0,169,-2,13.80
fold2_room1_mix0052,95,4,0,170,-2,14.28
fold2_room1_mix0052,96,4,0,171,-1,14.63
fold2_room1_mix0052,97,4,0,171,-2,15.72
fold2_room1_mix0052,98,4,0,171,-1,15.34
fold2_room1_mix0052,99,4,0,171,-1,14.86
fold2_room1_mix0052,1,4,0,-3,1,1.12
fold2_room1_mix0052,2,4,0,-1,1,2.33
fold2_room1_mix0053,2,4,0,21,0,4.33
fold2_room1_mix0053,3,4,0,27,-2,8.95
fold2_room1_mix0053,4,4,0,31,-2,11.83
fold2_room1_mix0053,5,4,0,33,-1,12.38
fold2_room1_mix0053,6,4,0,33,-1,15.64
fold2_room1_mix0053,7,4,0,34,-1,20.65
fold2_room1_mix0053,8,4,0,36,-2,18.48
fold2_room1_mix0053,9,4,0,35,-2,19.36
fold2_room1_mix0053,10,4,0,36,-2,19.28
fold2_room1_mix0053,11,4,0,38,-2,17.99
fold2_room1_mix0053,12,4,0,37,-1,19.07
fold2_room1_mix0053,13,4,0,39,-1,18.94
fold2_room1_mix0053,14,4,0,39,-1,18.39
fold2_room1_mix0053,15,4,0,40,-1,18.69
fold2_room1_mix0053,16,4,0,41,-1,18.34
fold2_room1_mix0053,17,4,0,41,-1,18.22
fold2_room1_mix0053,18,4,0,41,-2,17.70
fold2_room1_mix0053,19,4,0,42,-1,17.45
fold2_room1_mix0053,20,4,0,47,-2,16.73
fold2_room1_mix0053,21,4,0,45,-2,16.30
fold2_room1_mix0053,22,4,0,47,-2,16.17
fold2_room1_mix0053,23,4,0,48,-2,15.92
fold2_room1_mix0053,24,4,0,50,-2,14.29
fold2_room1_mix0053,25,4,0,49,-2,15.34
fold2_room1_mix0053,26,4,0,50,-2,15.02
fold2_room1_mix0053,27,4,0,50,-2,14.90
fold2_room1_mix0053,28,4,0,49,-2,15.29
fold2_room1_mix0053,29,4,0,49,-2,15.44
fold2_room1_mix0053,30,4,0,48,-2,15.28
fold2_room1_mix0053,31,4,0,48,-2,15.90
fold2_room1_mix0053,32,4,0,48,-2,16.07
fold2_room1_mix0053,33,4,0,50,-2,15.49
fold2_room1_mix0053,34,4,0,50,-2,15.54
fold2_room1_mix0053,35,4,0,51,-2,15.02
fold2_room1_mix0053,36,4,0,52,-2,15.00
fold2_room1_mix0053,37,4,0,52,-2,14.31
fold2_room1_mix0053,38,4,0,52,-2,14.24
fold2_room1_mix0053,39,4,0,54,-2,14.68
fold2_room1_mix0053,40,4,0,57,-2,14.17
fold2_room1_mix0053,41,4,0,56,-2,14.23
fold2_room1_mix0053,42,4,0,58,-2,14.01
fold2_room1_mix0053,43,4,0,60,-3,13.17
fold2_room1_mix0053,44,4,0,60,-2,13.89
fold2_room1_mix0053,45,4,0,60,-2,13.95
fold2_room1_mix0053,46,4,0,59,-2,13.86
fold2_room1_mix0053,47,4,0,61,-3,14.27
fold2_room1_mix0053,48,4,0,61,-3,14.20
fold2_room1_mix0053,49,4,0,65,-3,14.01
fold2_room1_mix0053,50,4,0,62,-2,13.78
fold2_room1_mix0053,51,4,0,64,-3,13.53
fold2_room1_mix0053,52,4,0,66,-2,13.71
fold2_room1_mix0053,53,4,0,66,-3,13.25
fold2_room1_mix0053,54,4,0,67,-2,13.43
fold2_room1_mix0053,55,4,0,68,-2,13.59
fold2_room1_mix0053,56,4,0,69,-2,12.87
fold2_room1_mix0053,57,4,0,70,-2,13.43
fold2_room1_mix0053,58,4,0,71,-2,13.44
fold2_room1_mix0053,59,4,0,71,-2,13.06
fold2_room1_mix0053,60,4,0,70,-2,13.23
fold2_room1_mix0053,61,4,0,71,-2,13.11
fold2_room1_mix0053,62,4,0,72,-2,12.99
fold2_room1_mix0053,63,4,0,71,-2,12.98
fold2_room1_mix0053,64,4,0,73,-2,13.29
fold2_room1_mix0053,65,4,0,74,-2,13.09
fold2_room1_mix0053,66,4,0,74,-2,13.17
fold2_room1_mix0053,67,4,0,74,-2,12.92
fold2_room1_mix0053,68,4,0,75,-2,12.94
fold2_room1_mix0053,69,4,0,75,-3,12.34
fold2_room1_mix0053,70,4,0,77,-3,12.77
fold2_room1_mix0053,71,4,0,77,-2,12.75
fold2_room1_mix0053,72,4,0,78,-3,12.46
fold2_room1_mix0053,73,4,0,79,-2,12.79
fold2_room1_mix0053,74,4,0,80,-2,12.36
fold2_room1_mix0053,75,4,0,81,-3,11.94
fold2_room1_mix0053,76,4,0,81,-2,12.41
fold2_room1_mix0053,77,4,0,82,-2,12.35
fold2_room1_mix0053,78,4,0,84,-3,11.94
fold2_room1_mix0053,79,4,0,85,-2,12.44
fold2_room1_mix0053,80,4,0,85,-2,12.19
fold2_room1_mix0053,81,4,0,85,-3,12.02
fold2_room1_mix0053,82,4,0,86,-3,12.15
fold2_room1_mix0053,83,4,0,88,-3,12.00
fold2_room1_mix0053,84,4,0,89,-3,12.21
fold2_room1_mix0053,85,4,0,90,-3,11.65
fold2_room1_mix0053,86,4,0,92,-3,11.63
fold2_room1_mix0053,87,4,0,93,-3,12.21
fold2_room1_mix0053,88,4,0,95,-3,11.46
fold2_room1_mix0053,89,4,0,96,-3,12.22
fold2_room1_mix0053,90,4,0,96,-3,12.55
fold2_room1_mix0053,91,4,0,97,-3,12.08
fold2_room1_mix0053,92,4,0,100,-3,12.49
fold2_room1_mix0053,93,4,0,99,-3,12.59
fold2_room1_mix0053,94,4,0,100,-3,11.95
fold2_room1_mix0053,95,4,0,101,-3,12.28
fold2_room1_mix0053,96,4,0,102,-3,12.76
fold2_room1_mix0053,97,4,0,103,-3,12.89
fold2_room1_mix0053,98,4,0,104,-3,12.73
fold2_room1_mix0053,99,4,0,106,-3,11.72
fold2_room1_mix0053,1,4,0,5,0,1.18
fold2_room1_mix0054,9,4,0,0,-1,32.95
fold2_room1_mix0054,11,4,0,1,0,32.66
fold2_room1_mix0054,13,4,0,0,-1,28.27
fold2_room1_mix0054,14,4,0,0,-1,30.64
fold2_room1_mix0054,15,4,0,1,-1,29.82
fold2_room1_mix0054,16,4,0,0,-1,26.48
fold2_room1_mix0054,17,4,0,0,-1,27.97
fold2_room1_mix0054,18,4,0,1,-2,26.86
fold2_room1_mix0054,19,4,0,1,-1,26.97
fold2_room1_mix0054,20,4,0,1,-1,28.18
fold2_room1_mix0054,21,4,0,1,-2,26.83
fold2_room1_mix0054,22,4,0,1,-2,27.47
fold2_room1_mix0054,23,4,0,1,-2,24.46
fold2_room1_mix0054,24,4,0,2,-2,24.90
fold2_room1_mix0054,25,4,0,1,-2,25.60
fold2_room1_mix0054,26,4,0,2,-2,22.64
fold2_room1_mix0054,27,4,0,4,-2,22.25
fold2_room1_mix0054,28,4,0,2,-1,22.69
fold2_room1_mix0054,29,4,0,4,-2,20.60
fold2_room1_mix0054,30,4,0,5,-2,20.78
fold2_room1_mix0054,31,4,0,6,-2,20.56
fold2_room1_mix0054,32,4,0,8,-2,20.78
fold2_room1_mix0054,33,4,0,8,-1,20.19
fold2_room1_mix0054,34,4,0,7,-1,19.36
fold2_room1_mix0054,35,4,0,11,-1,19.38
fold2_room1_mix0054,36,4,0,11,-1,18.49
fold2_room1_mix0054,37,4,0,12,-1,17.54
fold2_room1_mix0054,38,4,0,12,-1,17.50
fold2_room1_mix0054,39,4,0,11,-1,16.97
fold2_room1_mix0054,40,4,0,33,-2,15.88
fold2_room1_mix0054,40,4,0,5,-1,15.92
fold2_room1_mix0054,41,4,0,43,-2,15.61
fold2_room1_mix0054,41,4,0,0,-2,13.96
fold2_room1_mix0054,42,4,0,38,-2,13.68
fold2_room1_mix0054,42,4,0,-2,-2,13.37
fold2_room1_mix0054,43,4,0,43,-2,13.37
fold2_room1_mix0054,43,4,0,0,-2,13.24
fold2_room1_mix0054,44,4,0,46,-2,12.98
fold2_room1_mix0054,44,4,0,-3,-2,12.80
fold2_room1_mix0054,45,4,0,56,-2,13.06
fold2_room1_mix0054,45,4,0,-2,-2,11.95
fold2_room1_mix0054,46,4,0,61,-2,13.37
fold2_room1_mix0054,46,4,0,-5,-2,12.98
fold2_room1_mix0054,47,4,0,73,-2,13.35
fold2_room1_mix0054,47,4,0,-5,-2,12.13
fold2_room1_mix0054,48,4,0,77,-3,12.19
fold2_room1_mix0054,48,4,0,-5,-2,11.76
fold2_room1_mix0054,49,4,0,79,-2,13.33
fold2_room1_mix0054,49,4,0,-6,-2,11.21
fold2_room1_mix0054,50,4,0,82,-3,12.66
fold2_room1_mix0054,50,4,0,-6,-3,10.42
fold2_room1_mix0054,51,4,0,80,-3,12.97
fold2_room1_mix0054,51,4,0,-4,-3,10.20
fold2_room1_mix0054,52,4,0,115,-2,14.50
fold2_room1_mix0054,52,4,0,1,-4,9.64
fold2_room1_mix0054,53,4,0,107,-3,12.97
fold2_room1_mix0054,53,4,0,0,-4,8.59
fold2_room1_mix0054,54,4,0,108,-3,13.56
fold2_room1_mix0054,54,4,0,0,-4,8.90
fold2_room1_mix0054,55,4,0,109,-3,13.45
fold2_room1_mix0054,55,4,0,-2,-4,8.17
fold2_room1_mix0054,56,4,0,117,-3,13.55
fold2_room1_mix0054,56,4,0,-1,-5,7.47
fold2_room1_mix0054,57,4,0,120,-3,14.45
fold2_room1_mix0054,57,4,0,-6,-6,7.15
fold2_room1_mix0054,58,4,0,122,-3,14.79
fold2_room1_mix0054,58,4,0,-6,-7,6.77
fold2_room1_mix0054,59,4,0,122,-3,14.30
fold2_room1_mix0054,59,4,0,-7,-7,6.47
fold2_room1_mix0054,60,4,0,126,-3,15.09
fold2_room1_mix0054,60,4,0,-8,-7,6.13
fold2_room1_mix0054,61,4,0,130,-3,14.07
fold2_room1_mix0054,61,4,0,-13,-7,5.86
fold2_room1_mix0054,62,4,0,131,-2,15.20
fold2_room1_mix0054,62,4,0,-11,-7,5.95
fold2_room1_mix0054,63,4,0,130,-3,15.09
fold2_room1_mix0054,63,4,0,-14,-8,5.44
fold2_room1_mix0054,64,4,0,134,-2,15.10
fold2_room1_mix0054,64,4,0,-16,-8,5.50
fold2_room1_mix0054,65,4,0,130,-3,15.01
fold2_room1_mix0054,65,4,0,-14,-8,5.31
fold2_room1_mix0054,66,4,0,134,-2,14.79
fold2_room1_mix0054,66,4,0,-15,-8,5.11
fold2_room1_mix0054,67,4,0,134,-2,14.43
fold2_room1_mix0054,67,4,0,-15,-9,4.81
fold2_room1_mix0054,68,4,0,136,-2,16.38
fold2_room1_mix0054,68,4,0,-19,-9,4.70
fold2_room1_mix0054,69,4,0,136,-2,16.14
fold2_room1_mix0054,69,4,0,-23,-10,4.52
fold2_room1_mix0054,70,4,0,139,-2,15.30
fold2_room1_mix0054,70,4,0,-29,-11,4.12
fold2_room1_mix0054,71,4,0,140,-1,16.96
fold2_room1_mix0054,71,4,0,-31,-12,4.04
fold2_room1_mix0054,72,4,0,142,-1,17.29
fold2_room1_mix0054,72,4,0,-41,-14,3.66
fold2_room1_mix0054,73,4,0,140,-1,17.87
fold2_room1_mix0054,73,4,0,-44,-13,4.20
fold2_room1_mix0054,74,4,0,144,0,19.64
fold2_room1_mix0054,74,4,0,-53,-15,3.43
fold2_room1_mix0054,75,4,0,143,0,20.11
fold2_room1_mix0054,75,4,0,-64,-18,3.36
fold2_room1_mix0054,76,4,0,138,0,21.34
fold2_room1_mix0054,76,4,0,-81,-18,3.73
fold2_room1_mix0054,77,4,0,131,0,23.18
fold2_room1_mix0054,77,4,0,-87,-21,1.83
fold2_room1_mix0054,77,4,0,-107,-16,4.90
fold2_room1_mix0054,78,4,0,131,1,24.62
fold2_room1_mix0054,78,4,0,-99,-21,2.14
fold2_room1_mix0054,78,4,0,-115,-16,3.91
fold2_room1_mix0054,79,4,0,136,0,24.43
fold2_room1_mix0054,79,4,0,-107,-20,1.94
fold2_room1_mix0054,79,4,0,-141,-13,6.36
fold2_room1_mix0054,80,4,0,137,0,23.34
fold2_room1_mix0054,80,4,0,-117,-18,2.12
fold2_room1_mix0054,80,4,0,-135,-11,5.68
fold2_room1_mix0054,81,4,0,156,-2,20.05
fold2_room1_mix0054,81,4,0,-126,-15,2.27
fold2_room1_mix0054,81,4,0,174,-2,11.28
fold2_room1_mix0054,82,4,0,176,-6,11.64
fold2_room1_mix0054,82,4,0,-132,-14,2.32
fold2_room1_mix0054,82,4,0,150,0,13.97
fold2_room1_mix0054,83,4,0,165,-4,13.16
fold2_room1_mix0054,83,4,0,-137,-13,2.65
fold2_room1_mix0054,83,4,0,-169,-4,9.70
fold2_room1_mix0054,84,4,0,-174,-7,9.70
fold2_room1_mix0054,84,4,0,-139,-12,2.95
fold2_room1_mix0054,84,4,0,163,0,15.53
fold2_room1_mix0054,85,4,0,-179,-5,11.08
fold2_room1_mix0054,85,4,0,-142,-12,2.68
fold2_room1_mix0054,85,4,0,143,3,19.50
fold2_room1_mix0054,86,4,0,-176,-6,10.45
fold2_room1_mix0054,86,4,0,-144,-11,3.14
fold2_room1_mix0054,86,4,0,163,1,16.64
fold2_room1_mix0054,87,4,0,-161,-7,7.20
fold2_room1_mix0054,87,4,0,-145,-10,3.57
fold2_room1_mix0054,87,4,0,131,4,25.57
fold2_room1_mix0054,88,4,0,-165,-6,8.13
fold2_room1_mix0054,88,4,0,-146,-9,3.58
fold2_room1_mix0054,88,4,0,137,2,23.13
fold2_room1_mix0054,89,4,0,-164,-5,7.88
fold2_room1_mix0054,89,4,0,-148,-9,3.94
fold2_room1_mix0054,89,4,0,133,2,25.84
fold2_room1_mix0054,90,4,0,-156,-7,5.77
fold2_room1_mix0054,90,4,0,142,1,23.77
fold2_room1_mix0054,91,4,0,-170,-5,8.66
fold2_room1_mix0054,91,4,0,-152,-7,4.96
fold2_room1_mix0054,91,4,0,148,0,21.93
fold2_room1_mix0054,92,4,0,176,-3,11.67
fold2_room1_mix0054,92,4,0,175,-2,13.88
fold2_room1_mix0054,93,4,0,-173,-4,9.28
fold2_room1_mix0054,93,4,0,-154,-6,5.93
fold2_room1_mix0054,93,4,0,160,-1,19.62
fold2_room1_mix0054,94,4,0,-173,-4,9.22
fold2_room1_mix0054,94,4,0,-154,-6,5.72
fold2_room1_mix0054,94,4,0,162,-2,17.78
fold2_room1_mix0054,95,4,0,-173,-4,9.09
fold2_room1_mix0054,95,4,0,-156,-6,6.22
fold2_room1_mix0054,95,4,0,152,0,20.18
fold2_room1_mix0054,96,4,0,-173,-4,9.75
fold2_room1_mix0054,96,4,0,-157,-5,6.97
fold2_room1_mix0054,96,4,0,155,-2,18.73
fold2_room1_mix0054,97,4,0,-176,-4,11.39
fold2_room1_mix0054,97,4,0,-179,-3,13.91
fold2_room1_mix0054,98,4,0,179,-3,12.41
fold2_room1_mix0054,98,4,0,179,-3,13.88
fold2_room1_mix0054,99,4,0,-173,-4,12.08
fold2_room1_mix0054,4,4,0,-2,-1,14.58
fold2_room1_mix0054,5,4,0,-3,0,14.51
fold2_room1_mix0054,6,4,0,-3,0,13.43
fold2_room1_mix0054,7,4,0,2,-1,29.29
fold2_room1_mix0054,8,4,0,-2,0,26.16
fold2_room1_mix0054,10,4,0,-1,-1,28.27
fold2_room1_mix0054,12,4,0,-1,-1,29.66
fold2_room1_mix0056,3,4,0,-169,-1,10.83
fold2_room1_mix0056,3,4,0,-13,-2,7.84
fold2_room1_mix0056,4,3,0,54,-4,5.48
fold2_room1_mix0056,4,4,0,-14,-3,7.87
fold2_room1_mix0056,5,3,0,42,-3,10.51
fold2_room1_mix0056,5,4,0,-14,-3,7.92
fold2_room1_mix0056,6,3,0,32,-2,10.48
fold2_room1_mix0056,6,4,0,-16,-3,9.33
fold2_room1_mix0056,7,3,0,34,-2,8.97
fold2_room1_mix0056,7,4,0,-16,-3,13.13
fold2_room1_mix0056,8,3,0,39,-3,7.96
fold2_room1_mix0056,8,4,0,-20,-5,12.96
fold2_room1_mix0056,9,3,0,41,-3,7.67
fold2_room1_mix0056,9,4,0,-18,-5,11.95
fold2_room1_mix0056,10,3,0,54,-3,7.62
fold2_room1_mix0056,10,4,0,-20,-3,11.27
fold2_room1_mix0056,11,3,0,74,-4,6.90
fold2_room1_mix0056,11,4,0,-20,-4,11.12
fold2_room1_mix0056,12,3,0,83,-4,6.26
fold2_room1_mix0056,12,4,0,-168,-1,21.87
fold2_room1_mix0056,12,4,0,-18,-4,10.83
fold2_room1_mix0056,13,3,0,63,-4,4.66
fold2_room1_mix0056,13,4,0,-23,-4,11.36
fold2_room1_mix0056,15,4,0,-152,-7,15.16
fold2_room1_mix0056,15,4,0,-18,-5,9.08
fold2_room1_mix0056,16,4,0,-161,-4,16.07
fold2_room1_mix0056,16,4,0,-22,-4,9.06
fold2_room1_mix0056,17,4,0,-22,-6,8.56
fold2_room1_mix0056,18,4,0,-21,-5,7.25
fold2_room1_mix0056,19,4,0,-25,-7,7.72
fold2_room1_mix0056,20,3,0,80,-4,7.39
fold2_room1_mix0056,20,4,0,-24,-6,7.34
fold2_room1_mix0056,21,3,0,76,-4,9.34
fold2_room1_mix0056,21,4,0,-25,-7,7.46
fold2_room1_mix0056,22,3,0,78,-5,7.83
fold2_room1_mix0056,22,4,0,-163,-3,15.45
fold2_room1_mix0056,22,4,0,-24,-6,6.55
fold2_room1_mix0056,23,3,0,85,-4,7.96
fold2_room1_mix0056,23,4,0,-26,-6,6.87
fold2_room1_mix0056,24,3,0,69,-5,5.35
fold2_room1_mix0056,24,4,0,-30,-7,5.59
fold2_room1_mix0056,28,4,0,-140,-8,10.81
fold2_room1_mix0056,28,4,0,-32,-7,5.35
fold2_room1_mix0056,30,4,0,-154,-4,12.70
fold2_room1_mix0056,30,4,0,-37,-8,4.25
fold2_room1_mix0056,31,4,0,-85,-10,8.27
fold2_room1_mix0056,31,4,0,-43,-8,4.18
fold2_room1_mix0056,32,4,0,-167,-1,18.76
fold2_room1_mix0056,32,4,0,-45,-8,4.08
fold2_room1_mix0056,33,4,0,-170,-2,20.12
fold2_room1_mix0056,33,4,0,-48,-9,3.67
fold2_room1_mix0056,34,4,0,-170,-2,18.91
fold2_room1_mix0056,34,4,0,-54,-10,3.28
fold2_room1_mix0056,35,4,0,-166,-2,17.39
fold2_room1_mix0056,35,4,0,-54,-9,3.59
fold2_room1_mix0056,36,4,0,-166,-2,19.37
fold2_room1_mix0056,36,4,0,-58,-12,3.15
fold2_room1_mix0056,37,4,0,-166,-3,16.63
fold2_room1_mix0056,37,4,0,-60,-12,3.27
fold2_room1_mix0056,38,4,0,-165,-4,16.97
fold2_room1_mix0056,38,4,0,-69,-11,3.64
fold2_room1_mix0056,39,4,0,-163,-3,15.99
fold2_room1_mix0056,39,4,0,-77,-11,3.33
fold2_room1_mix0056,40,4,0,-163,-4,16.34
fold2_room1_mix0056,40,4,0,-85,-12,3.55
fold2_room1_mix0056,41,4,0,-172,-3,13.83
fold2_room1_mix0056,41,4,0,-91,-12,3.10
fold2_room1_mix0056,42,4,0,-176,-4,12.42
fold2_room1_mix0056,42,4,0,-101,-12,3.34
fold2_room1_mix0056,43,2,0,82,-4,9.28
fold2_room1_mix0056,43,4,0,-171,-5,12.81
fold2_room1_mix0056,43,4,0,-98,-11,3.65
fold2_room1_mix0056,44,2,0,91,-4,10.72
fold2_room1_mix0056,44,4,0,-171,-4,13.55
fold2_room1_mix0056,44,4,0,-113,-10,3.59
fold2_room1_mix0056,45,2,0,91,-4,9.66
fold2_room1_mix0056,45,4,0,-175,-4,11.27
fold2_room1_mix0056,45,4,0,-115,-10,3.37
fold2_room1_mix0056,46,2,0,94,-5,7.73
fold2_room1_mix0056,46,4,0,-172,-4,9.63
fold2_room1_mix0056,46,4,0,-130,-9,3.42
fold2_room1_mix0056,47,2,0,95,-5,8.34
fold2_room1_mix0056,47,4,0,-175,-4,9.57
fold2_room1_mix0056,47,4,0,-137,-7,4.00
fold2_room1_mix0056,48,2,0,95,-4,9.14
fold2_room1_mix0056,48,4,0,-175,-5,8.06
fold2_room1_mix0056,48,4,0,-145,-7,4.18
fold2_room1_mix0056,49,4,0,-171,-5,7.51
fold2_room1_mix0056,49,4,0,-138,-7,4.15
fold2_room1_mix0056,50,4,0,-175,-5,7.59
fold2_room1_mix0056,50,4,0,-149,-7,4.38
fold2_room1_mix0056,51,4,0,-175,-5,7.99
fold2_room1_mix0056,51,4,0,-151,-7,4.75
fold2_room1_mix0056,52,4,0,-162,-6,6.30
fold2_room1_mix0056,53,4,0,-165,-5,6.55
fold2_room1_mix0056,54,2,0,98,-4,10.27
fold2_room1_mix0056,54,4,0,-156,-4,7.57
fold2_room1_mix0056,54,4,0,169,-7,5.78
fold2_room1_mix0056,55,2,0,96,-5,9.15
fold2_room1_mix0056,55,4,0,-176,-3,7.93
fold2_room1_mix0056,55,4,0,-148,-5,5.95
fold2_room1_mix0056,56,2,0,97,-5,9.65
fold2_room1_mix0056,56,4,0,-167,-4,7.10
fold2_room1_mix0056,57,2,0,98,-5,9.97
fold2_room1_mix0056,57,4,0,-160,-3,8.27
fold2_room1_mix0056,57,4,0,171,-5,7.06
fold2_room1_mix0056,58,2,0,97,-5,10.33
fold2_room1_mix0056,58,4,0,-162,-3,8.86
fold2_room1_mix0056,58,4,0,160,-6,7.85
fold2_room1_mix0056,59,2,0,95,-5,9.62
fold2_room1_mix0056,59,4,0,-172,-4,8.63
fold2_room1_mix0056,60,4,0,-162,-3,9.40
fold2_room1_mix0056,60,4,0,153,-7,6.48
fold2_room1_mix0056,61,4,0,-164,-3,8.97
fold2_room1_mix0056,61,4,0,155,-6,6.88
fold2_room1_mix0056,62,4,0,-157,-2,11.04
fold2_room1_mix0056,62,4,0,173,-3,8.64
fold2_room1_mix0056,62,4,0,152,-7,5.30
fold2_room1_mix0056,63,4,0,-157,0,12.43
fold2_room1_mix0056,63,4,0,173,-2,8.82
fold2_room1_mix0056,63,4,0,145,-6,5.46
fold2_room1_mix0056,64,4,0,-161,0,12.39
fold2_room1_mix0056,64,4,0,168,-3,7.99
fold2_room1_mix0056,64,4,0,143,-6,5.10
fold2_room1_mix0056,65,2,0,98,-5,9.46
fold2_room1_mix0056,65,4,0,-167,-2,10.60
fold2_room1_mix0056,65,4,0,130,-8,4.59
fold2_room1_mix0056,66,2,0,97,-5,10.95
fold2_room1_mix0056,66,4,0,-173,-3,9.67
fold2_room1_mix0056,66,4,0,130,-9,3.99
fold2_room1_mix0056,67,2,0,98,-4,10.38
fold2_room1_mix0056,67,4,0,-169,-3,9.68
fold2_room1_mix0056,67,4,0,120,-12,3.15
fold2_room1_mix0056,68,2,0,96,-5,9.64
fold2_room1_mix0056,68,4,0,-170,-3,9.44
fold2_room1_mix0056,68,4,0,112,-11,3.74
fold2_room1_mix0056,69,2,0,98,-5,10.07
fold2_room1_mix0056,69,4,0,-169,-2,10.40
fold2_room1_mix0056,69,4,0,98,-13,2.98
fold2_room1_mix0056,70,2,0,98,-4,7.91
fold2_room1_mix0056,70,4,0,-174,-1,11.40
fold2_room1_mix0056,70,4,0,143,-5,5.48
fold2_room1_mix0056,70,4,0,77,-10,2.82
fold2_room1_mix0056,71,4,0,-171,-1,12.59
fold2_room1_mix0056,71,4,0,70,-10,3.12
fold2_room1_mix0056,72,4,0,-164,0,14.23
fold2_room1_mix0056,72,4,0,51,-9,3.09
fold2_room1_mix0056,73,4,0,-163,0,12.33
fold2_room1_mix0056,73,4,0,34,-7,3.52
fold2_room1_mix0056,74,4,0,-166,0,13.10
fold2_room1_mix0056,74,4,0,29,-6,3.53
fold2_room1_mix0056,75,4,0,-169,1,15.39
fold2_room1_mix0056,75,4,0,23,-5,4.63
fold2_room1_mix0056,76,2,0,98,-4,9.77
fold2_room1_mix0056,76,4,0,-167,0,14.81
fold2_room1_mix0056,76,4,0,22,-4,5.89
fold2_room1_mix0056,77,2,0,93,-5,9.86
fold2_room1_mix0056,77,4,0,-166,0,13.54
fold2_room1_mix0056,77,4,0,20,-4,5.97
fold2_room1_mix0056,78,2,0,104,-4,9.73
fold2_room1_mix0056,78,4,0,-168,0,15.02
fold2_room1_mix0056,78,4,0,16,-4,6.79
fold2_room1_mix0056,79,2,0,102,-3,11.29
fold2_room1_mix0056,79,4,0,-166,0,15.27
fold2_room1_mix0056,79,4,0,15,-4,7.33
fold2_room1_mix0056,80,2,0,104,-4,10.54
fold2_room1_mix0056,80,4,0,-167,0,15.13
fold2_room1_mix0056,80,4,0,13,-4,7.71
fold2_room1_mix0056,81,2,0,104,-3,10.36
fold2_room1_mix0056,81,4,0,-167,0,14.86
fold2_room1_mix0056,81,4,0,13,-3,8.67
fold2_room1_mix0056,82,4,0,-168,0,15.43
fold2_room1_mix0056,82,4,0,12,-4,8.56
fold2_room1_mix0056,83,4,0,-166,-1,15.06
fold2_room1_mix0056,83,4,0,10,-3,10.03
fold2_room1_mix0056,84,4,0,-170,-1,15.81
fold2_room1_mix0056,84,4,0,10,-2,11.09
fold2_room1_mix0056,85,4,0,-168,-1,15.92
fold2_room1_mix0056,85,4,0,11,-3,10.66
fold2_room1_mix0056,86,4,0,-170,0,15.99
fold2_room1_mix0056,86,4,0,10,-2,11.78
fold2_room1_mix0056,87,4,0,-172,0,17.13
fold2_room1_mix0056,87,4,0,10,-2,12.60
fold2_room1_mix0056,88,4,0,-172,-1,17.06
fold2_room1_mix0056,88,4,0,10,-2,12.66
fold2_room1_mix0056,89,4,0,-170,0,16.87
fold2_room1_mix0056,89,4,0,8,-2,12.26
fold2_room1_mix0056,90,4,0,-171,0,17.64
fold2_room1_mix0056,90,4,0,8,-2,13.94
fold2_room1_mix0056,91,4,0,-170,-1,17.32
fold2_room1_mix0056,91,4,0,9,-2,14.01
fold2_room1_mix0056,92,4,0,-171,-1,18.86
fold2_room1_mix0056,92,4,0,7,-2,14.80
fold2_room1_mix0056,93,4,0,-170,-1,18.62
fold2_room1_mix0056,93,4,0,3,-2,15.00
fold2_room1_mix0056,94,4,0,-171,-1,18.02
fold2_room1_mix0056,94,4,0,5,-1,15.34
fold2_room1_mix0056,95,4,0,-172,-1,18.66
fold2_room1_mix0056,95,4,0,2,-2,15.88
fold2_room1_mix0056,96,4,0,-169,-1,17.78
fold2_room1_mix0056,96,4,0,2,-2,16.72
fold2_room1_mix0056,97,4,0,-169,-1,19.49
fold2_room1_mix0056,97,4,0,2,-2,16.84
fold2_room1_mix0056,98,4,0,-171,-2,18.09
fold2_room1_mix0056,98,4,0,4,-2,17.73
fold2_room1_mix0056,99,4,0,-171,-3,15.89
fold2_room1_mix0056,99,4,0,6,-2,16.47
fold2_room1_mix0056,2,4,0,-9,0,2.44
fold2_room1_mix0056,14,4,0,-17,-4,10.67
fold2_room1_mix0056,25,4,0,-27,-8,4.84
fold2_room1_mix0056,26,4,0,-31,-8,5.16
fold2_room1_mix0056,27,4,0,-33,-8,5.32
fold2_room1_mix0056,29,4,0,-33,-7,4.63
fold2_room1_mix0057,4,4,0,179,0,7.85
fold2_room1_mix0057,5,4,0,179,0,14.32
fold2_room1_mix0057,6,4,0,179,0,20.75
fold2_room1_mix0057,7,4,0,179,0,23.30
fold2_room1_mix0057,8,4,0,178,0,35.33
fold2_room1_mix0057,9,4,0,-179,0,32.13
fold2_room1_mix0057,10,4,0,-178,0,34.25
fold2_room1_mix0057,11,4,0,179,0,33.73
fold2_room1_mix0057,12,4,0,179,0,33.75
fold2_room1_mix0057,13,4,0,-179,0,30.29
fold2_room1_mix0057,14,4,0,-179,0,33.56
fold2_room1_mix0057,15,4,0,-178,0,32.29
fold2_room1_mix0057,16,4,0,-179,0,30.31
fold2_room1_mix0057,17,4,0,-178,0,32.06
fold2_room1_mix0057,18,4,0,-179,0,31.47
fold2_room1_mix0057,19,4,0,-179,0,30.54
fold2_room1_mix0057,20,4,0,-179,0,30.52
fold2_room1_mix0057,21,4,0,-179,0,29.65
fold2_room1_mix0057,22,4,0,-178,0,28.31
fold2_room1_mix0057,23,4,0,-178,0,27.79
fold2_room1_mix0057,24,4,0,-178,0,27.86
fold2_room1_mix0057,25,4,0,-177,0,28.34
fold2_room1_mix0057,26,4,0,-177,0,27.49
fold2_room1_mix0057,27,4,0,-177,0,28.56
fold2_room1_mix0057,28,4,0,-176,0,27.24
fold2_room1_mix0057,29,2,0,101,-5,7.68
fold2_room1_mix0057,29,4,0,-177,0,25.06
fold2_room1_mix0057,30,2,0,105,-6,6.78
fold2_room1_mix0057,30,4,0,-177,0,25.95
fold2_room1_mix0057,31,2,0,102,-6,5.86
fold2_room1_mix0057,31,4,0,-176,-1,25.59
fold2_room1_mix0057,32,2,0,97,-7,5.14
fold2_room1_mix0057,32,4,0,-176,0,24.74
fold2_room1_mix0057,33,4,0,-176,0,26.57
fold2_room1_mix0057,34,4,0,-176,-1,25.37
fold2_room1_mix0057,35,4,0,-176,-1,24.78
fold2_room1_mix0057,36,4,0,-176,0,22.11
fold2_room1_mix0057,37,2,0,100,-6,6.62
fold2_room1_mix0057,37,4,0,-176,-1,19.19
fold2_room1_mix0057,38,2,0,102,-7,5.77
fold2_room1_mix0057,38,4,0,-175,-1,19.30
fold2_room1_mix0057,39,2,0,102,-7,6.12
fold2_room1_mix0057,39,4,0,-175,-2,17.27
fold2_room1_mix0057,40,2,0,99,-7,6.41
fold2_room1_mix0057,40,4,0,-175,-2,17.35
fold2_room1_mix0057,41,2,0,102,-8,6.04
fold2_room1_mix0057,41,4,0,-174,-2,15.17
fold2_room1_mix0057,42,4,0,-174,-2,15.24
fold2_room1_mix0057,43,4,0,-173,-2,14.59
fold2_room1_mix0057,44,4,0,-172,-2,13.93
fold2_room1_mix0057,45,4,0,-170,-2,13.31
fold2_room1_mix0057,46,2,0,102,-6,6.90
fold2_room1_mix0057,46,4,0,-170,-2,11.80
fold2_room1_mix0057,47,2,0,100,-7,6.66
fold2_room1_mix0057,47,4,0,-169,-3,11.56
fold2_room1_mix0057,48,2,0,99,-7,6.11
fold2_room1_mix0057,48,4,0,-167,-4,10.56
fold2_room1_mix0057,49,2,0,98,-8,6.49
fold2_room1_mix0057,49,4,0,-165,-4,8.17
fold2_room1_mix0057,50,2,0,98,-8,6.53
fold2_room1_mix0057,50,4,0,-163,-5,8.62
fold2_room1_mix0057,51,2,0,90,-8,6.22
fold2_room1_mix0057,51,4,0,-161,-5,8.46
fold2_room1_mix0057,52,2,0,-71,-4,7.92
fold2_room1_mix0057,52,4,0,-166,-4,9.65
fold2_room1_mix0057,52,4,0,-144,-14,3.08
fold2_room1_mix0057,53,4,0,177,-1,11.87
fold2_room1_mix0057,53,4,0,-152,-2,8.69
fold2_room1_mix0057,53,4,0,-114,-19,1.48
fold2_room1_mix0057,54,4,0,175,0,14.73
fold2_room1_mix0057,54,4,0,-66,-10,2.32
fold2_room1_mix0057,55,2,0,91,-5,7.85
fold2_room1_mix0057,55,4,0,-178,-1,12.01
fold2_room1_mix0057,55,4,0,-46,-7,2.46
fold2_room1_mix0057,55,4,0,-61,-13,1.69
fold2_room1_mix0057,56,2,0,99,-5,8.48
fold2_room1_mix0057,56,4,0,179,0,13.40
fold2_room1_mix0057,56,4,0,-37,-9,2.27
fold2_room1_mix0057,57,2,0,94,-5,7.95
fold2_room1_mix0057,57,4,0,-179,0,13.78
fold2_room1_mix0057,57,4,0,-29,-8,3.17
fold2_room1_mix0057,58,2,0,93,-5,10.36
fold2_room1_mix0057,58,4,0,-178,-2,13.12
fold2_room1_mix0057,58,4,0,-22,-7,3.89
fold2_room1_mix0057,59,2,0,91,-5,9.91
fold2_room1_mix0057,59,4,0,-178,-3,11.40
fold2_room1_mix0057,59,4,0,-16,-5,4.97
fold2_room1_mix0057,60,2,0,81,-6,7.32
fold2_room1_mix0057,60,4,0,-178,-2,14.82
fold2_room1_mix0057,60,4,0,-15,-4,5.77
fold2_room1_mix0057,61,2,0,-71,-1,1.76
fold2_room1_mix0057,61,4,0,179,-2,12.76
fold2_room1_mix0057,61,4,0,-13,-4,6.49
fold2_room1_mix0057,62,2,0,-76,-1,7.29
fold2_room1_mix0057,62,4,0,-176,-4,11.99
fold2_room1_mix0057,62,4,0,-10,-5,7.48
fold2_room1_mix0057,63,2,0,-73,-2,9.14
fold2_room1_mix0057,63,4,0,-175,-2,14.20
fold2_room1_mix0057,63,4,0,-10,-4,8.22
fold2_room1_mix0057,64,2,0,-79,-2,8.85
fold2_room1_mix0057,64,4,0,-174,-3,13.56
fold2_room1_mix0057,64,4,0,-10,-4,9.49
fold2_room1_mix0057,65,2,0,83,-3,10.26
fold2_room1_mix0057,65,2,0,-82,-4,9.38
fold2_room1_mix0057,65,4,0,-171,-4,10.96
fold2_room1_mix0057,65,4,0,-9,-4,9.38
fold2_room1_mix0057,66,2,0,85,-3,11.02
fold2_room1_mix0057,66,2,0,-84,-4,9.96
fold2_room1_mix0057,66,4,0,-170,-3,11.19
fold2_room1_mix0057,66,4,0,-7,-2,10.80
fold2_room1_mix0057,67,2,0,87,-3,12.36
fold2_room1_mix0057,67,4,0,-166,-4,10.02
fold2_room1_mix0057,67,4,0,-7,-2,12.30
fold2_room1_mix0057,68,2,0,86,-5,9.75
fold2_room1_mix0057,68,4,0,-170,-5,9.65
fold2_room1_mix0057,68,4,0,-6,-3,12.43
fold2_room1_mix0057,69,2,0,88,-5,9.97
fold2_room1_mix0057,69,4,0,-169,-4,9.21
fold2_room1_mix0057,69,4,0,-4,-2,13.80
fold2_room1_mix0057,70,4,0,-174,-3,11.10
fold2_room1_mix0057,70,4,0,-6,-2,16.13
fold2_room1_mix0057,71,4,0,-175,-4,9.60
fold2_room1_mix0057,71,4,0,-6,-2,16.85
fold2_room1_mix0057,72,2,0,-83,-1,9.76
fold2_room1_mix0057,72,4,0,-176,-5,9.18
fold2_room1_mix0057,72,4,0,-4,-3,17.61
fold2_room1_mix0057,73,2,0,-82,-1,10.82
fold2_room1_mix0057,73,4,0,-173,-5,8.97
fold2_room1_mix0057,73,4,0,-5,-2,19.24
fold2_room1_mix0057,74,2,0,84,-3,9.15
fold2_room1_mix0057,74,2,0,-83,-3,8.45
fold2_room1_mix0057,74,4,0,-171,-5,9.25
fold2_room1_mix0057,74,4,0,-5,-2,19.25
fold2_room1_mix0057,75,2,0,87,-3,10.37
fold2_room1_mix0057,75,2,0,-86,-3,9.41
fold2_room1_mix0057,75,4,0,-169,-6,7.86
fold2_room1_mix0057,75,4,0,-3,-1,21.39
fold2_room1_mix0057,76,2,0,84,-3,11.70
fold2_room1_mix0057,76,2,0,-84,-3,10.47
fold2_room1_mix0057,76,4,0,-170,-6,6.94
fold2_room1_mix0057,76,4,0,-4,0,23.56
fold2_room1_mix0057,77,2,0,85,-4,10.96
fold2_room1_mix0057,77,2,0,-81,-9,9.83
fold2_room1_mix0057,77,4,0,-171,-8,5.61
fold2_room1_mix0057,77,4,0,-3,0,24.92
fold2_room1_mix0057,78,2,0,90,-5,8.18
fold2_room1_mix0057,78,4,0,-172,-8,4.82
fold2_room1_mix0057,78,4,0,-4,0,26.56
fold2_room1_mix0057,79,4,0,-173,-7,4.78
fold2_room1_mix0057,79,4,0,-4,0,26.79
fold2_room1_mix0057,80,4,0,-173,-9,3.61
fold2_room1_mix0057,80,4,0,-6,0,25.79
fold2_room1_mix0057,81,4,0,-173,-10,3.36
fold2_room1_mix0057,81,4,0,-6,0,27.01
fold2_room1_mix0057,82,4,0,-171,-11,2.76
fold2_room1_mix0057,82,4,0,-7,0,25.82
fold2_room1_mix0057,83,2,0,86,-5,10.46
fold2_room1_mix0057,83,4,0,-165,-13,2.38
fold2_room1_mix0057,83,4,0,-8,1,28.05
fold2_room1_mix0057,84,2,0,96,-6,8.45
fold2_room1_mix0057,84,4,0,-160,-13,2.03
fold2_room1_mix0057,84,4,0,-4,2,29.33
fold2_room1_mix0057,85,2,0,92,-4,9.72
fold2_room1_mix0057,85,2,0,-96,-6,8.94
fold2_room1_mix0057,85,4,0,-153,-15,1.39
fold2_room1_mix0057,85,4,0,-6,3,28.46
fold2_room1_mix0057,86,2,0,88,-3,9.31
fold2_room1_mix0057,86,2,0,-89,-6,8.46
fold2_room1_mix0057,86,4,0,-141,-18,0.86
fold2_room1_mix0057,86,4,0,-6,5,29.34
fold2_room1_mix0057,87,2,0,84,-5,8.24
fold2_room1_mix0057,87,2,0,-83,-9,7.49
fold2_room1_mix0057,87,4,0,-64,-25,0.39
fold2_room1_mix0057,87,4,0,-4,3,21.30
fold2_room1_mix0057,88,2,0,79,-7,6.56
fold2_room1_mix0057,88,4,0,-42,-15,0.80
fold2_room1_mix0057,88,4,0,-3,3,23.40
fold2_room1_mix0057,89,4,0,-31,-10,1.39
fold2_room1_mix0057,89,4,0,-4,2,24.27
fold2_room1_mix0057,90,4,0,-25,-7,2.42
fold2_room1_mix0057,90,4,0,-3,1,22.28
fold2_room1_mix0057,91,4,0,-9,-2,14.63
fold2_room1_mix0057,92,4,0,-9,-2,14.98
fold2_room1_mix0057,93,4,0,-6,-1,15.61
fold2_room1_mix0057,94,4,0,-6,-1,17.50
fold2_room1_mix0057,95,4,0,-6,-1,16.18
fold2_room1_mix0057,96,4,0,-5,-1,17.45
fold2_room1_mix0057,97,4,0,-4,-1,18.06
fold2_room1_mix0057,98,4,0,-6,-1,16.99
fold2_room1_mix0057,99,4,0,-4,-2,16.88
fold2_room1_mix0058,62,0,0,-172,-2,2.58
fold2_room1_mix0058,63,0,0,-172,-1,3.18
fold2_room1_mix0058,65,0,0,-165,-2,11.62
fold2_room1_mix0058,66,0,0,-169,-2,9.82
fold2_room1_mix0058,67,0,0,-168,-1,11.76
fold2_room1_mix0058,68,0,0,-167,-1,25.12
fold2_room1_mix0058,69,0,0,-167,-1,25.96
fold2_room1_mix0058,70,0,0,-170,-1,33.01
fold2_room1_mix0058,71,0,0,-167,-1,29.47
fold2_room1_mix0058,72,0,0,-168,-1,28.59
fold2_room1_mix0058,73,0,0,-170,-1,30.28
fold2_room1_mix0058,74,0,0,-168,-1,27.75
fold2_room1_mix0058,75,0,0,-169,-1,31.54
fold2_room1_mix0058,76,0,0,-170,-1,35.47
fold2_room1_mix0058,77,0,0,-171,-1,33.66
fold2_room1_mix0058,78,0,0,-170,-1,34.92
fold2_room1_mix0058,79,0,0,-171,-1,32.68
fold2_room1_mix0058,80,0,0,-171,-1,31.91
fold2_room1_mix0058,81,0,0,-172,-1,36.74
fold2_room1_mix0058,82,0,0,-170,-1,35.14
fold2_room1_mix0058,83,0,0,-172,-1,36.78
fold2_room1_mix0058,84,0,0,-173,-1,45.03
fold2_room1_mix0058,85,0,0,-171,-1,38.99
fold2_room1_mix0058,86,0,0,-173,-1,45.34
fold2_room1_mix0058,87,0,0,-170,-1,40.19
fold2_room1_mix0058,88,0,0,-171,-1,41.02
fold2_room1_mix0058,89,0,0,-172,-1,43.57
fold2_room1_mix0058,90,0,0,-173,-1,45.12
fold2_room1_mix0058,91,0,0,-171,0,38.78
fold2_room1_mix0058,92,0,0,-175,0,8.53
fold2_room1_mix0058,93,0,0,-175,0,2.63
fold2_room1_mix0058,64,0,0,-172,-1,1.37
fold2_room1_mix0059,0,5,0,34,10,1.62
fold2_room1_mix0059,1,5,0,30,8,3.23
fold2_room1_mix0059,2,5,0,30,10,3.46
fold2_room1_mix0059,3,4,0,-1,2,4.08
fold2_room1_mix0059,3,5,0,39,11,2.71
fold2_room1_mix0059,4,4,0,5,-1,17.24
fold2_room1_mix0059,4,5,0,40,9,4.54
fold2_room1_mix0059,5,4,0,3,0,16.60
fold2_room1_mix0059,5,5,0,33,13,3.59
fold2_room1_mix0059,6,4,0,3,0,20.69
fold2_room1_mix0059,6,5,0,33,11,4.45
fold2_room1_mix0059,7,4,0,4,-1,27.09
fold2_room1_mix0059,7,5,0,33,13,3.47
fold2_room1_mix0059,8,4,0,4,-1,27.34
fold2_room1_mix0059,8,5,0,33,10,4.41
fold2_room1_mix0059,9,4,0,3,-1,26.89
fold2_room1_mix0059,9,5,0,35,16,2.81
fold2_room1_mix0059,10,4,0,3,-1,26.76
fold2_room1_mix0059,10,5,0,37,15,3.09
fold2_room1_mix0059,11,4,0,5,-1,26.29
fold2_room1_mix0059,11,5,0,33,13,3.42
fold2_room1_mix0059,12,4,0,4,-1,26.24
fold2_room1_mix0059,12,5,0,37,13,3.53
fold2_room1_mix0059,13,4,0,3,-1,26.27
fold2_room1_mix0059,13,5,0,41,14,3.07
fold2_room1_mix0059,14,4,0,3,-1,27.13
fold2_room1_mix0059,14,5,0,34,14,3.24
fold2_room1_mix0059,15,4,0,3,-1,28.01
fold2_room1_mix0059,15,5,0,34,14,3.35
fold2_room1_mix0059,16,0,0,-3,-1,4.45
fold2_room1_mix0059,16,4,0,2,-1,26.79
fold2_room1_mix0059,16,5,0,37,17,3.07
fold2_room1_mix0059,17,0,0,-3,-1,12.30
fold2_room1_mix0059,17,4,0,1,-1,27.86
fold2_room1_mix0059,17,5,0,37,17,3.33
fold2_room1_mix0059,18,0,0,0,-1,22.20
fold2_room1_mix0059,18,4,0,0,-1,27.75
fold2_room1_mix0059,18,5,0,37,14,3.91
fold2_room1_mix0059,19,0,0,-1,-1,39.78
fold2_room1_mix0059,19,4,0,0,-2,26.21
fold2_room1_mix0059,19,5,0,40,12,4.37
fold2_room1_mix0059,20,0,0,-3,-1,32.82
fold2_room1_mix0059,20,4,0,0,-1,27.16
fold2_room1_mix0059,20,5,0,38,11,4.69
fold2_room1_mix0059,21,0,0,-4,-1,52.72
fold2_room1_mix0059,21,4,0,0,-2,25.54
fold2_room1_mix0059,21,5,0,42,12,4.24
fold2_room1_mix0059,22,0,0,-4,-1,63.87
fold2_room1_mix0059,22,4,0,-1,-2,25.71
fold2_room1_mix0059,22,5,0,38,10,4.99
fold2_room1_mix0059,23,0,0,-5,-1,53.80
fold2_room1_mix0059,23,4,0,-1,-2,24.81
fold2_room1_mix0059,23,5,0,38,12,4.56
fold2_room1_mix0059,24,0,0,-4,-1,49.08
fold2_room1_mix0059,24,4,0,0,-2,25.49
fold2_room1_mix0059,24,5,0,34,13,4.13
fold2_room1_mix0059,25,0,0,-5,-1,62.51
fold2_room1_mix0059,25,4,0,-1,-2,24.95
fold2_room1_mix0059,25,5,0,36,12,4.56
fold2_room1_mix0059,26,0,0,-5,-1,59.52
fold2_room1_mix0059,26,4,0,-3,-2,25.16
fold2_room1_mix0059,26,5,0,37,9,5.43
fold2_room1_mix0059,27,0,0,-4,-1,62.60
fold2_room1_mix0059,27,4,0,-2,-2,25.28
fold2_room1_mix0059,27,5,0,36,10,5.14
fold2_room1_mix0059,28,0,0,-4,-1,64.16
fold2_room1_mix0059,28,4,0,0,-1,24.73
fold2_room1_mix0059,28,5,0,41,10,5.01
fold2_room1_mix0059,29,0,0,-5,-1,57.62
fold2_room1_mix0059,29,4,0,0,-2,22.75
fold2_room1_mix0059,29,5,0,42,11,4.86
fold2_room1_mix0059,30,0,0,-5,-1,63.17
fold2_room1_mix0059,30,4,0,0,-2,23.11
fold2_room1_mix0059,30,5,0,40,10,5.09
fold2_room1_mix0059,31,0,0,-4,-1,66.67
fold2_room1_mix0059,31,4,0,0,-2,21.52
fold2_room1_mix0059,31,5,0,42,8,5.54
fold2_room1_mix0059,32,0,0,-5,-1,51.33
fold2_room1_mix0059,32,4,0,0,-1,20.91
fold2_room1_mix0059,32,5,0,37,10,5.18
fold2_room1_mix0059,33,0,0,-6,-1,50.07
fold2_room1_mix0059,33,4,0,0,-1,20.97
fold2_room1_mix0059,33,5,0,39,9,5.86
fold2_room1_mix0059,34,0,0,-5,-1,47.33
fold2_room1_mix0059,34,4,0,0,-2,20.81
fold2_room1_mix0059,34,5,0,40,7,6.48
fold2_room1_mix0059,35,0,0,-7,-1,50.39
fold2_room1_mix0059,35,4,0,0,-2,20.02
fold2_room1_mix0059,35,5,0,36,8,6.06
fold2_room1_mix0059,36,0,0,-7,-1,51.23
fold2_room1_mix0059,36,4,0,0,-1,20.59
fold2_room1_mix0059,36,5,0,39,8,6.33
fold2_room1_mix0059,37,0,0,-5,-1,47.40
fold2_room1_mix0059,37,4,0,-1,-2,20.07
fold2_room1_mix0059,37,5,0,37,7,6.73
fold2_room1_mix0059,38,0,0,-6,-1,49.73
fold2_room1_mix0059,38,4,0,0,-2,19.83
fold2_room1_mix0059,38,5,0,38,6,7.40
fold2_room1_mix0059,39,0,0,-6,-1,43.34
fold2_room1_mix0059,39,4,0,-1,-2,17.98
fold2_room1_mix0059,39,5,0,40,7,7.20
fold2_room1_mix0059,40,0,0,-6,-1,42.41
fold2_room1_mix0059,40,4,0,1,-2,18.52
fold2_room1_mix0059,40,5,0,38,8,6.17
fold2_room1_mix0059,41,0,0,-7,-1,41.11
fold2_room1_mix0059,41,4,0,0,-2,17.36
fold2_room1_mix0059,41,5,0,43,8,5.89
fold2_room1_mix0059,42,0,0,-8,-1,41.03
fold2_room1_mix0059,42,4,0,0,-2,16.42
fold2_room1_mix0059,42,5,0,43,8,5.98
fold2_room1_mix0059,43,0,0,-9,-1,34.90
fold2_room1_mix0059,43,4,0,1,-2,16.57
fold2_room1_mix0059,43,5,0,44,8,6.27
fold2_room1_mix0059,44,0,0,-11,-2,29.87
fold2_room1_mix0059,44,4,0,0,-2,15.96
fold2_room1_mix0059,44,5,0,41,8,6.34
fold2_room1_mix0059,45,0,0,-12,-2,25.30
fold2_room1_mix0059,45,4,0,-2,-2,14.39
fold2_room1_mix0059,45,5,0,44,8,6.56
fold2_room1_mix0059,46,0,0,-13,-2,28.85
fold2_room1_mix0059,46,4,0,-1,-2,14.66
fold2_room1_mix0059,46,5,0,47,7,6.66
fold2_room1_mix0059,47,0,0,-16,-2,26.42
fold2_room1_mix0059,47,4,0,-1,-2,13.69
fold2_room1_mix0059,47,5,0,42,7,6.64
fold2_room1_mix0059,48,0,0,-17,-2,22.44
fold2_room1_mix0059,48,4,0,-1,-2,13.22
fold2_room1_mix0059,48,5,0,45,9,5.85
fold2_room1_mix0059,49,0,0,-21,-2,18.89
fold2_room1_mix0059,49,4,0,0,-2,12.24
fold2_room1_mix0059,49,5,0,49,8,6.77
fold2_room1_mix0059,50,0,0,-23,-2,16.33
fold2_room1_mix0059,50,4,0,0,-2,11.89
fold2_room1_mix0059,50,5,0,45,8,6.79
fold2_room1_mix0059,51,0,0,-21,-2,16.97
fold2_room1_mix0059,51,4,0,-2,-3,11.21
fold2_room1_mix0059,51,5,0,47,8,6.32
fold2_room1_mix0059,52,0,0,-24,-3,14.51
fold2_room1_mix0059,52,4,0,-2,-3,11.06
fold2_room1_mix0059,52,5,0,48,7,7.45
fold2_room1_mix0059,53,0,0,-27,-3,11.56
fold2_room1_mix0059,53,4,0,-2,-3,10.64
fold2_room1_mix0059,53,5,0,42,7,7.24
fold2_room1_mix0059,54,0,0,-27,-3,9.94
fold2_room1_mix0059,54,4,0,-2,-3,10.06
fold2_room1_mix0059,54,5,0,49,8,6.75
fold2_room1_mix0059,55,0,0,-35,-4,8.06
fold2_room1_mix0059,55,4,0,-3,-4,9.41
fold2_room1_mix0059,55,5,0,50,8,6.79
fold2_room1_mix0059,56,0,0,-50,-5,6.00
fold2_room1_mix0059,56,4,0,-4,-5,8.80
fold2_room1_mix0059,56,5,0,46,8,6.41
fold2_room1_mix0059,57,0,0,-55,-5,6.16
fold2_room1_mix0059,57,4,0,-8,-6,7.87
fold2_room1_mix0059,57,5,0,48,8,6.25
fold2_room1_mix0059,58,0,0,-79,-7,5.93
fold2_room1_mix0059,58,4,0,-6,-5,7.76
fold2_room1_mix0059,58,5,0,51,8,6.67
fold2_room1_mix0059,59,0,0,-85,-7,6.33
fold2_room1_mix0059,59,4,0,-6,-6,7.23
fold2_room1_mix0059,59,5,0,49,8,6.11
fold2_room1_mix0059,60,0,0,-88,-7,6.66
fold2_room1_mix0059,60,4,0,-9,-6,6.43
fold2_room1_mix0059,60,5,0,49,8,6.73
fold2_room1_mix0059,61,0,0,-102,-6,7.17
fold2_room1_mix0059,61,4,0,-5,-5,6.63
fold2_room1_mix0059,61,5,0,51,8,7.07
fold2_room1_mix0059,62,0,0,-114,-6,8.09
fold2_room1_mix0059,62,4,0,-7,-7,5.50
fold2_room1_mix0059,62,5,0,48,7,6.90
fold2_room1_mix0059,63,0,0,-112,-5,7.52
fold2_room1_mix0059,63,4,0,-7,-6,5.74
fold2_room1_mix0059,63,5,0,45,7,7.25
fold2_room1_mix0059,64,0,0,-130,-5,8.34
fold2_room1_mix0059,64,4,0,-8,-7,5.40
fold2_room1_mix0059,64,5,0,42,8,6.80
fold2_room1_mix0059,65,0,0,-125,-5,8.51
fold2_room1_mix0059,65,4,0,-9,-8,5.03
fold2_room1_mix0059,65,5,0,41,7,7.65
fold2_room1_mix0059,66,0,0,-138,-4,9.34
fold2_room1_mix0059,66,4,0,-8,-8,4.97
fold2_room1_mix0059,66,5,0,40,7,7.55
fold2_room1_mix0059,67,0,0,-141,-4,9.34
fold2_room1_mix0059,67,4,0,-9,-8,4.59
fold2_room1_mix0059,67,5,0,40,8,6.95
fold2_room1_mix0059,68,0,0,-151,-3,9.00
fold2_room1_mix0059,68,4,0,-10,-9,3.77
fold2_room1_mix0059,68,5,0,38,7,7.60
fold2_room1_mix0059,69,0,0,-142,-4,11.10
fold2_room1_mix0059,69,4,0,-14,-12,3.96
fold2_room1_mix0059,69,5,0,38,7,7.60
fold2_room1_mix0059,70,0,0,-136,-4,12.01
fold2_room1_mix0059,70,4,0,-25,-17,2.13
fold2_room1_mix0059,70,4,0,-5,-2,8.31
fold2_room1_mix0059,70,5,0,44,8,6.88
fold2_room1_mix0059,71,0,0,-143,-4,10.88
fold2_room1_mix0059,71,4,0,-25,-22,1.93
fold2_room1_mix0059,71,5,0,42,7,7.21
fold2_room1_mix0059,72,0,0,-28,-3,17.27
fold2_room1_mix0059,72,4,0,-33,-29,1.22
fold2_room1_mix0059,72,4,0,-21,-18,4.44
fold2_room1_mix0059,72,5,0,44,8,6.12
fold2_room1_mix0059,73,0,0,-21,-2,15.80
fold2_room1_mix0059,73,4,0,-43,-36,1.40
fold2_room1_mix0059,73,5,0,41,8,6.13
fold2_room1_mix0059,74,0,0,-27,-3,13.42
fold2_room1_mix0059,74,4,0,-63,-43,1.18
fold2_room1_mix0059,74,5,0,43,8,5.98
fold2_room1_mix0059,75,0,0,-28,-3,11.49
fold2_room1_mix0059,75,4,0,-105,-43,1.00
fold2_room1_mix0059,75,5,0,41,8,6.80
fold2_room1_mix0059,76,0,0,-21,-2,15.53
fold2_room1_mix0059,76,4,0,-129,-39,1.29
fold2_room1_mix0059,76,5,0,41,8,7.20
fold2_room1_mix0059,77,0,0,-34,-4,12.66
fold2_room1_mix0059,77,4,0,-142,-33,1.17
fold2_room1_mix0059,77,5,0,40,8,7.42
fold2_room1_mix0059,78,0,0,-30,-3,14.77
fold2_room1_mix0059,78,4,0,-153,-26,1.50
fold2_room1_mix0059,78,5,0,38,7,8.18
fold2_room1_mix0059,79,4,0,-161,-21,1.86
fold2_room1_mix0059,79,5,0,40,9,6.84
fold2_room1_mix0059,80,4,0,-164,-18,2.64
fold2_room1_mix0059,80,5,0,45,8,7.64
fold2_room1_mix0059,81,0,0,-12,-2,20.05
fold2_room1_mix0059,81,4,0,-167,-15,2.80
fold2_room1_mix0059,81,5,0,37,7,8.87
fold2_room1_mix0059,82,0,0,-7,-2,25.95
fold2_room1_mix0059,82,4,0,-169,-13,3.41
fold2_room1_mix0059,82,5,0,46,8,6.89
fold2_room1_mix0059,83,0,0,-5,-1,19.63
fold2_room1_mix0059,83,4,0,-170,-12,3.48
fold2_room1_mix0059,83,5,0,48,10,5.41
fold2_room1_mix0059,84,0,0,-9,-1,23.73
fold2_room1_mix0059,84,4,0,-170,-11,3.67
fold2_room1_mix0059,84,5,0,42,8,7.53
fold2_room1_mix0059,85,0,0,-6,-1,18.83
fold2_room1_mix0059,85,4,0,-169,-9,3.96
fold2_room1_mix0059,85,5,0,42,8,7.04
fold2_room1_mix0059,86,0,0,-4,-1,10.18
fold2_room1_mix0059,86,4,0,-172,-8,4.65
fold2_room1_mix0059,86,5,0,46,9,6.03
fold2_room1_mix0059,87,0,0,-5,-1,12.93
fold2_room1_mix0059,87,4,0,-173,-7,5.10
fold2_room1_mix0059,87,5,0,48,10,5.89
fold2_room1_mix0059,88,0,0,-5,-1,10.71
fold2_room1_mix0059,88,4,0,-171,-7,5.27
fold2_room1_mix0059,88,5,0,49,9,6.41
fold2_room1_mix0059,89,0,0,-4,-1,6.27
fold2_room1_mix0059,89,4,0,-173,-6,6.21
fold2_room1_mix0059,89,5,0,45,9,6.10
fold2_room1_mix0059,90,0,0,-5,-1,11.81
fold2_room1_mix0059,90,4,0,-175,-6,6.76
fold2_room1_mix0059,90,5,0,45,9,6.82
fold2_room1_mix0059,91,0,0,-4,-1,5.10
fold2_room1_mix0059,91,4,0,-173,-6,6.99
fold2_room1_mix0059,91,5,0,49,9,6.03
fold2_room1_mix0059,92,0,0,-2,-1,5.36
fold2_room1_mix0059,92,4,0,-174,-5,7.22
fold2_room1_mix0059,92,5,0,46,9,5.49
fold2_room1_mix0059,93,0,0,-2,0,5.24
fold2_room1_mix0059,93,4,0,-175,-5,7.91
fold2_room1_mix0059,93,5,0,48,11,4.87
fold2_room1_mix0059,94,4,0,-173,-6,8.27
fold2_room1_mix0059,94,5,0,45,9,5.99
fold2_room1_mix0059,95,4,0,-174,-5,8.95
fold2_room1_mix0059,95,5,0,42,9,6.07
fold2_room1_mix0059,96,4,0,-175,-4,9.59
fold2_room1_mix0059,96,5,0,43,11,4.49
fold2_room1_mix0059,97,4,0,-175,-4,9.83
fold2_room1_mix0059,97,5,0,47,9,5.72
fold2_room1_mix0059,98,4,0,-175,-4,10.81
fold2_room1_mix0059,98,5,0,42,9,6.03
fold2_room1_mix0059,99,0,0,-2,0,3.66
fold2_room1_mix0059,99,4,0,-177,-4,10.95
fold2_room1_mix0059,99,5,0,41,11,5.02
fold2_room1_mix0060,3,4,0,179,0,3.01
fold2_room1_mix0060,4,4,0,179,0,5.60
fold2_room1_mix0060,5,4,0,179,0,16.29
fold2_room1_mix0060,6,4,0,178,0,18.32
fold2_room1_mix0060,7,4,0,-179,0,20.54
fold2_room1_mix0060,8,4,0,178,0,33.90
fold2_room1_mix0060,9,4,0,178,0,32.79
fold2_room1_mix0060,10,4,0,178,0,34.96
fold2_room1_mix0060,11,4,0,177,0,34.60
fold2_room1_mix0060,12,4,0,178,0,34.66
fold2_room1_mix0060,13,4,0,178,0,34.53
fold2_room1_mix0060,14,4,0,178,0,36.11
fold2_room1_mix0060,15,4,0,178,0,36.88
fold2_room1_mix0060,16,4,0,178,0,38.04
fold2_room1_mix0060,17,4,0,178,0,39.00
fold2_room1_mix0060,18,4,0,178,0,39.22
fold2_room1_mix0060,19,4,0,178,0,40.45
fold2_room1_mix0060,20,4,0,177,0,40.95
fold2_room1_mix0060,21,4,0,178,0,40.25
fold2_room1_mix0060,22,4,0,178,0,39.19
fold2_room1_mix0060,23,4,0,177,0,38.76
fold2_room1_mix0060,24,4,0,178,0,38.19
fold2_room1_mix0060,25,4,0,179,0,37.29
fold2_room1_mix0060,26,4,0,179,0,37.24
fold2_room1_mix0060,27,4,0,179,0,37.44
fold2_room1_mix0060,28,4,0,-179,0,36.89
fold2_room1_mix0060,29,4,0,179,0,35.85
fold2_room1_mix0060,30,4,0,178,0,36.18
fold2_room1_mix0060,31,4,0,-178,0,35.23
fold2_room1_mix0060,32,4,0,-179,0,33.86
fold2_room1_mix0060,33,4,0,-179,0,34.28
fold2_room1_mix0060,34,4,0,-179,0,32.44
fold2_room1_mix0060,35,4,0,-179,0,31.25
fold2_room1_mix0060,36,4,0,-178,0,32.00
fold2_room1_mix0060,37,4,0,-179,0,29.87
fold2_room1_mix0060,38,4,0,-179,0,29.05
fold2_room1_mix0060,39,4,0,-178,0,28.01
fold2_room1_mix0060,40,4,0,-179,0,28.23
fold2_room1_mix0060,41,4,0,-178,-1,25.93
fold2_room1_mix0060,42,4,0,-178,-1,25.06
fold2_room1_mix0060,43,4,0,-179,-1,24.56
fold2_room1_mix0060,44,4,0,-178,-1,24.00
fold2_room1_mix0060,45,4,0,-179,-1,22.50
fold2_room1_mix0060,46,4,0,-178,-1,23.46
fold2_room1_mix0060,47,4,0,-178,-1,21.15
fold2_room1_mix0060,48,4,0,-178,-1,20.56
fold2_room1_mix0060,49,4,0,-178,-1,19.20
fold2_room1_mix0060,50,4,0,-179,-1,18.56
fold2_room1_mix0060,51,4,0,-179,-2,17.04
fold2_room1_mix0060,52,4,0,-179,-2,16.18
fold2_room1_mix0060,53,4,0,-179,-2,15.87
fold2_room1_mix0060,54,4,0,-178,-2,14.68
fold2_room1_mix0060,55,4,0,-179,-2,13.32
fold2_room1_mix0060,56,4,0,-177,-3,12.48
fold2_room1_mix0060,57,4,0,-178,-3,11.55
fold2_room1_mix0060,58,4,0,-177,-3,10.03
fold2_room1_mix0060,59,4,0,-176,-4,9.39
fold2_room1_mix0060,60,4,0,-176,-4,8.70
fold2_room1_mix0060,61,4,0,-175,-5,7.11
fold2_room1_mix0060,62,4,0,-174,-6,6.00
fold2_room1_mix0060,63,4,0,-173,-8,5.17
fold2_room1_mix0060,64,4,0,-171,-10,4.31
fold2_room1_mix0060,65,4,0,-170,-13,3.46
fold2_room1_mix0060,66,4,0,-166,-19,2.68
fold2_room1_mix0060,67,4,0,-155,-36,1.76
fold2_room1_mix0060,68,4,0,-102,-60,1.18
fold2_room1_mix0060,69,4,0,-27,-39,1.22
fold2_room1_mix0060,70,4,0,-15,-25,1.69
fold2_room1_mix0060,71,4,0,-9,-20,2.39
fold2_room1_mix0060,72,4,0,-8,-15,3.44
fold2_room1_mix0060,73,4,0,-5,-12,3.94
fold2_room1_mix0060,74,4,0,-3,-10,4.57
fold2_room1_mix0060,75,4,0,-2,-8,5.39
fold2_room1_mix0060,76,4,0,-1,-7,6.31
fold2_room1_mix0060,77,4,0,-2,-7,6.90
fold2_room1_mix0060,78,4,0,-1,-6,8.28
fold2_room1_mix0060,79,4,0,-1,-5,8.66
fold2_room1_mix0060,80,4,0,-1,-5,9.34
fold2_room1_mix0060,81,4,0,-1,-5,10.35
fold2_room1_mix0060,82,4,0,0,-4,11.24
fold2_room1_mix0060,83,4,0,0,-4,11.54
fold2_room1_mix0060,84,4,0,0,-4,12.84
fold2_room1_mix0060,85,4,0,0,-3,14.07
fold2_room1_mix0060,86,4,0,0,-3,14.86
fold2_room1_mix0060,87,4,0,0,-3,15.43
fold2_room1_mix0060,88,4,0,0,-3,16.98
fold2_room1_mix0060,89,4,0,0,-3,17.18
fold2_room1_mix0060,90,4,0,0,-3,18.01
fold2_room1_mix0060,91,4,0,1,-3,19.78
fold2_room1_mix0060,92,4,0,0,-3,19.75
fold2_room1_mix0060,93,4,0,0,-3,20.29
fold2_room1_mix0060,94,4,0,1,-2,22.22
fold2_room1_mix0060,95,4,0,1,-3,21.84
fold2_room1_mix0060,96,4,0,1,-2,22.78
fold2_room1_mix0060,97,4,0,1,-2,25.16
fold2_room1_mix0060,98,4,0,2,-2,26.31
fold2_room1_mix0060,99,4,0,1,-2,25.31
fold2_room1_mix0061,6,4,0,-5,0,12.28
fold2_room1_mix0061,7,4,0,-8,0,17.45
fold2_room1_mix0061,9,4,0,-9,0,14.57
fold2_room1_mix0061,10,4,0,-6,0,19.23
fold2_room1_mix0061,11,4,0,-7,-1,21.90
fold2_room1_mix0061,12,4,0,-12,0,32.24
fold2_room1_mix0061,13,4,0,-13,-1,33.09
fold2_room1_mix0061,14,4,0,-10,0,36.24
fold2_room1_mix0061,15,4,0,-14,0,35.07
fold2_room1_mix0061,16,4,0,-14,0,29.95
fold2_room1_mix0061,17,4,0,-13,0,34.73
fold2_room1_mix0061,18,4,0,-14,0,39.10
fold2_room1_mix0061,19,4,0,-12,0,34.48
fold2_room1_mix0061,20,4,0,-10,0,41.02
fold2_room1_mix0061,21,4,0,-13,0,36.65
fold2_room1_mix0061,22,4,0,-11,0,42.21
fold2_room1_mix0061,23,4,0,-12,0,39.20
fold2_room1_mix0061,24,4,0,-14,0,37.49
fold2_room1_mix0061,25,4,0,-17,0,37.89
fold2_room1_mix0061,26,4,0,-17,0,38.79
fold2_room1_mix0061,27,4,0,-16,0,41.76
fold2_room1_mix0061,28,4,0,-13,0,43.42
fold2_room1_mix0061,29,4,0,-18,0,41.60
fold2_room1_mix0061,30,4,0,-18,0,42.92
fold2_room1_mix0061,31,4,0,-16,0,44.75
fold2_room1_mix0061,32,4,0,-18,0,42.11
fold2_room1_mix0061,33,4,0,-17,0,42.59
fold2_room1_mix0061,34,4,0,-16,0,43.03
fold2_room1_mix0061,35,4,0,-17,0,44.08
fold2_room1_mix0061,36,4,0,-17,0,42.87
fold2_room1_mix0061,37,4,0,-19,0,41.41
fold2_room1_mix0061,38,4,0,-22,0,39.76
fold2_room1_mix0061,39,4,0,-18,0,41.92
fold2_room1_mix0061,40,4,0,-18,0,41.08
fold2_room1_mix0061,41,4,0,-20,0,39.65
fold2_room1_mix0061,42,4,0,-20,0,37.33
fold2_room1_mix0061,43,4,0,-19,0,36.80
fold2_room1_mix0061,44,4,0,-21,0,36.29
fold2_room1_mix0061,45,4,0,-20,0,35.69
fold2_room1_mix0061,46,4,0,-19,0,33.90
fold2_room1_mix0061,47,4,0,-21,0,33.68
fold2_room1_mix0061,48,4,0,-21,0,31.87
fold2_room1_mix0061,49,4,0,-21,0,30.54
fold2_room1_mix0061,50,4,0,-23,0,28.52
fold2_room1_mix0061,51,4,0,-24,0,27.95
fold2_room1_mix0061,52,4,0,-22,0,27.28
fold2_room1_mix0061,53,4,0,-22,0,27.33
fold2_room1_mix0061,54,4,0,-22,0,26.49
fold2_room1_mix0061,55,4,0,-23,0,24.55
fold2_room1_mix0061,56,4,0,-26,-1,23.64
fold2_room1_mix0061,57,4,0,-27,0,23.73
fold2_room1_mix0061,58,4,0,-27,-1,21.81
fold2_room1_mix0061,59,4,0,-29,-1,21.42
fold2_room1_mix0061,60,4,0,-32,-1,20.69
fold2_room1_mix0061,61,4,0,-35,-1,18.93
fold2_room1_mix0061,62,4,0,-37,-1,17.76
fold2_room1_mix0061,63,4,0,-39,-1,17.76
fold2_room1_mix0061,64,4,0,-42,-1,16.67
fold2_room1_mix0061,65,4,0,-43,-1,15.96
fold2_room1_mix0061,66,4,0,-44,-1,15.74
fold2_room1_mix0061,67,4,0,-49,-1,14.57
fold2_room1_mix0061,68,4,0,-50,-1,14.00
fold2_room1_mix0061,69,4,0,-52,-2,13.32
fold2_room1_mix0061,70,4,0,-57,-2,13.03
fold2_room1_mix0061,71,4,0,-61,-2,12.04
fold2_room1_mix0061,72,4,0,-64,-2,11.65
fold2_room1_mix0061,73,4,0,-67,-2,11.67
fold2_room1_mix0061,74,4,0,-72,-3,11.27
fold2_room1_mix0061,75,4,0,-77,-3,11.18
fold2_room1_mix0061,76,4,0,-83,-3,11.16
fold2_room1_mix0061,77,4,0,-87,-3,10.71
fold2_room1_mix0061,78,4,0,-90,-3,10.52
fold2_room1_mix0061,79,4,0,-94,-2,11.06
fold2_room1_mix0061,80,4,0,-99,-3,11.04
fold2_room1_mix0061,81,4,0,-104,-3,11.11
fold2_room1_mix0061,82,4,0,-109,-2,11.55
fold2_room1_mix0061,83,4,0,-113,-2,11.84
fold2_room1_mix0061,84,4,0,-118,-2,12.31
fold2_room1_mix0061,85,4,0,-119,-2,13.07
fold2_room1_mix0061,86,4,0,-122,-2,13.44
fold2_room1_mix0061,87,4,0,-125,-2,14.01
fold2_room1_mix0061,88,4,0,-127,-2,14.52
fold2_room1_mix0061,89,4,0,-129,-2,15.13
fold2_room1_mix0061,90,4,0,-132,-2,15.44
fold2_room1_mix0061,91,4,0,-134,-2,16.13
fold2_room1_mix0061,92,4,0,-136,-2,16.95
fold2_room1_mix0061,93,4,0,-137,-1,17.18
fold2_room1_mix0061,94,4,0,-138,-1,17.28
fold2_room1_mix0061,95,4,0,-139,-1,19.05
fold2_room1_mix0061,96,4,0,-140,-1,19.92
fold2_room1_mix0061,97,4,0,-142,-1,21.07
fold2_room1_mix0061,98,4,0,-144,-1,21.90
fold2_room1_mix0061,99,4,0,-146,-1,22.71
fold2_room1_mix0061,8,4,0,-5,0,3.52
fold2_room1_mix0062,68,0,0,135,-2,2.41
fold2_room1_mix0062,69,0,0,139,-1,2.10
fold2_room1_mix0062,70,0,0,119,-2,9.17
fold2_room1_mix0062,71,0,0,123,-2,10.12
fold2_room1_mix0062,72,0,0,127,-1,11.96
fold2_room1_mix0062,73,0,0,131,-1,18.05
fold2_room1_mix0062,74,0,0,134,-1,18.31
fold2_room1_mix0062,75,0,0,134,-1,20.36
fold2_room1_mix0062,76,0,0,135,-1,21.66
fold2_room1_mix0062,77,0,0,138,-1,18.95
fold2_room1_mix0062,78,0,0,138,-1,21.02
fold2_room1_mix0062,79,0,0,137,-1,18.74
fold2_room1_mix0062,80,0,0,143,-1,22.08
fold2_room1_mix0062,81,0,0,144,-1,22.99
fold2_room1_mix0062,82,0,0,143,-1,19.83
fold2_room1_mix0062,83,0,0,145,-1,21.75
fold2_room1_mix0062,84,0,0,148,-1,22.72
fold2_room1_mix0062,85,0,0,150,-1,20.82
fold2_room1_mix0062,86,0,0,150,-1,22.91
fold2_room1_mix0062,87,0,0,152,-1,23.40
fold2_room1_mix0062,88,0,0,150,-1,23.94
fold2_room1_mix0062,89,0,0,151,-1,24.37
fold2_room1_mix0062,90,0,0,152,-1,23.87
fold2_room1_mix0062,91,0,0,151,-1,24.44
fold2_room1_mix0062,92,0,0,151,-1,26.44
fold2_room1_mix0062,93,0,0,153,-1,26.21
fold2_room1_mix0062,94,0,0,156,0,9.63
fold2_room1_mix0062,95,0,0,161,0,8.04
fold2_room1_mix0062,96,0,0,162,0,3.35
fold2_room1_mix0063,36,3,0,70,-3,10.60
fold2_room1_mix0063,37,3,0,65,-3,13.08
fold2_room1_mix0063,38,3,0,69,-3,11.87
fold2_room1_mix0063,39,3,0,65,-4,9.59
fold2_room1_mix0063,40,3,0,60,-3,10.05
fold2_room1_mix0063,41,3,0,60,-4,9.79
fold2_room1_mix0063,42,3,0,66,-3,10.94
fold2_room1_mix0063,43,3,0,58,-3,10.05
fold2_room1_mix0063,44,3,0,65,-4,4.11
fold2_room1_mix0063,47,3,0,55,-3,9.77
fold2_room1_mix0063,48,3,0,51,-3,12.63
fold2_room1_mix0063,49,3,0,53,-3,11.93
fold2_room1_mix0063,50,3,0,54,-3,10.48
fold2_room1_mix0063,51,3,0,51,-3,11.23
fold2_room1_mix0063,52,3,0,52,-3,10.06
fold2_room1_mix0063,53,3,0,58,-4,10.16
fold2_room1_mix0063,54,3,0,53,-3,10.92
fold2_room1_mix0063,55,3,0,49,-3,6.85
fold2_room1_mix0063,58,3,0,37,-3,7.34
fold2_room1_mix0063,58,4,0,7,0,16.83
fold2_room1_mix0063,59,3,0,41,-3,8.35
fold2_room1_mix0063,59,4,0,1,0,17.32
fold2_room1_mix0063,60,4,0,-7,-1,18.70
fold2_room1_mix0063,61,4,0,-4,-1,20.91
fold2_room1_mix0063,62,4,0,-3,-1,21.05
fold2_room1_mix0063,63,4,0,-10,-1,18.57
fold2_room1_mix0063,64,4,0,-7,-2,17.77
fold2_room1_mix0063,65,4,0,-11,-2,16.75
fold2_room1_mix0063,66,4,0,-12,-1,15.75
fold2_room1_mix0063,67,4,0,-11,-2,13.93
fold2_room1_mix0063,68,4,0,-11,-2,13.06
fold2_room1_mix0063,69,4,0,-11,-2,13.00
fold2_room1_mix0063,70,4,0,-11,-3,12.02
fold2_room1_mix0063,71,4,0,-14,-3,11.23
fold2_room1_mix0063,72,4,0,-15,-3,10.77
fold2_room1_mix0063,73,4,0,-20,-4,9.78
fold2_room1_mix0063,74,4,0,-20,-4,8.67
fold2_room1_mix0063,75,4,0,-23,-4,7.67
fold2_room1_mix0063,76,4,0,-28,-4,6.17
fold2_room1_mix0063,77,4,0,-35,-5,5.03
fold2_room1_mix0063,78,4,0,-40,-6,4.10
fold2_room1_mix0063,79,4,0,-50,-7,3.59
fold2_room1_mix0063,80,4,0,-61,-7,3.35
fold2_room1_mix0063,81,4,0,-78,-8,3.23
fold2_room1_mix0063,82,4,0,-98,-8,3.08
fold2_room1_mix0063,83,4,0,-112,-7,3.10
fold2_room1_mix0063,84,4,0,-126,-6,3.79
fold2_room1_mix0063,85,4,0,-138,-6,4.69
fold2_room1_mix0063,86,4,0,-146,-5,5.48
fold2_room1_mix0063,87,4,0,-148,-4,6.30
fold2_room1_mix0063,88,4,0,-152,-3,6.97
fold2_room1_mix0063,89,4,0,-155,-3,8.05
fold2_room1_mix0063,90,4,0,-158,-2,8.95
fold2_room1_mix0063,91,4,0,-159,-2,9.19
fold2_room1_mix0063,92,4,0,-160,-2,10.15
fold2_room1_mix0063,93,4,0,-162,-2,11.20
fold2_room1_mix0063,94,4,0,-164,-1,12.26
fold2_room1_mix0063,95,4,0,-165,-1,13.28
fold2_room1_mix0063,96,4,0,-165,-1,14.00
fold2_room1_mix0063,97,4,0,-165,-1,14.92
fold2_room1_mix0063,98,4,0,-166,-1,15.69
fold2_room1_mix0063,99,4,0,-166,-1,15.43
fold2_room1_mix0064,3,4,0,-2,0,8.55
fold2_room1_mix0064,4,4,0,-1,-1,16.37
fold2_room1_mix0064,5,4,0,-1,-1,18.22
fold2_room1_mix0064,6,4,0,-2,-1,21.42
fold2_room1_mix0064,7,4,0,-2,-2,27.98
fold2_room1_mix0064,8,4,0,-4,-1,27.56
fold2_room1_mix0064,9,4,0,-2,-2,27.47
fold2_room1_mix0064,10,4,0,-2,-1,25.34
fold2_room1_mix0064,11,4,0,-1,-1,25.30
fold2_room1_mix0064,12,4,0,-2,-1,25.07
fold2_room1_mix0064,13,4,0,-3,-1,24.25
fold2_room1_mix0064,14,4,0,-3,-1,24.00
fold2_room1_mix0064,15,4,0,-2,-1,23.96
fold2_room1_mix0064,16,4,0,-2,-1,22.00
fold2_room1_mix0064,17,4,0,-3,-1,23.03
fold2_room1_mix0064,18,4,0,-2,-1,23.44
fold2_room1_mix0064,19,4,0,-3,-1,21.65
fold2_room1_mix0064,20,4,0,-3,-1,22.64
fold2_room1_mix0064,21,4,0,-3,-1,22.18
fold2_room1_mix0064,22,4,0,-3,-1,20.65
fold2_room1_mix0064,23,4,0,-3,-1,19.87
fold2_room1_mix0064,24,4,0,-5,-1,19.80
fold2_room1_mix0064,25,4,0,-6,-1,19.64
fold2_room1_mix0064,26,4,0,-6,-1,19.01
fold2_room1_mix0064,27,4,0,-6,-2,17.76
fold2_room1_mix0064,28,4,0,-6,-2,17.38
fold2_room1_mix0064,29,4,0,-7,-2,16.58
fold2_room1_mix0064,30,4,0,-7,-2,16.23
fold2_room1_mix0064,31,4,0,-8,-2,15.38
fold2_room1_mix0064,32,4,0,-9,-2,14.72
fold2_room1_mix0064,33,4,0,-9,-2,15.16
fold2_room1_mix0064,34,4,0,-10,-2,14.13
fold2_room1_mix0064,35,4,0,-9,-2,13.45
fold2_room1_mix0064,36,4,0,-10,-2,13.18
fold2_room1_mix0064,37,4,0,-11,-3,12.57
fold2_room1_mix0064,38,4,0,-10,-3,11.55
fold2_room1_mix0064,39,4,0,-11,-3,11.02
fold2_room1_mix0064,40,4,0,-12,-3,10.20
fold2_room1_mix0064,41,4,0,-12,-3,10.35
fold2_room1_mix0064,42,4,0,-14,-4,9.47
fold2_room1_mix0064,43,4,0,-15,-4,8.76
fold2_room1_mix0064,44,4,0,-17,-4,8.35
fold2_room1_mix0064,45,4,0,-17,-4,8.11
fold2_room1_mix0064,46,4,0,-18,-4,7.72
fold2_room1_mix0064,47,4,0,-19,-5,7.02
fold2_room1_mix0064,48,4,0,-20,-5,6.19
fold2_room1_mix0064,49,4,0,-22,-5,6.06
fold2_room1_mix0064,50,4,0,-23,-6,5.70
fold2_room1_mix0064,51,4,0,-25,-6,4.96
fold2_room1_mix0064,52,4,0,-27,-6,4.84
fold2_room1_mix0064,53,4,0,-30,-6,4.48
fold2_room1_mix0064,54,4,0,-33,-7,4.01
fold2_room1_mix0064,55,4,0,-37,-8,3.29
fold2_room1_mix0064,56,4,0,-40,-9,3.16
fold2_room1_mix0064,57,4,0,-44,-9,2.95
fold2_room1_mix0064,58,4,0,-52,-10,2.65
fold2_room1_mix0064,59,4,0,-63,-11,2.46
fold2_room1_mix0064,60,4,0,-77,-12,2.48
fold2_room1_mix0064,61,4,0,-89,-12,2.40
fold2_room1_mix0064,62,4,0,-104,-10,2.68
fold2_room1_mix0064,63,4,0,-114,-9,2.83
fold2_room1_mix0064,64,4,0,-125,-8,3.06
fold2_room1_mix0064,65,4,0,-133,-8,3.31
fold2_room1_mix0064,66,4,0,-139,-8,3.58
fold2_room1_mix0064,67,4,0,-143,-7,3.79
fold2_room1_mix0064,68,4,0,-146,-6,4.25
fold2_room1_mix0064,69,4,0,-149,-6,4.43
fold2_room1_mix0064,70,4,0,-151,-6,4.84
fold2_room1_mix0064,71,4,0,-152,-5,5.37
fold2_room1_mix0064,72,4,0,-153,-5,5.88
fold2_room1_mix0064,73,4,0,-157,-4,6.52
fold2_room1_mix0064,74,4,0,-157,-4,6.67
fold2_room1_mix0064,75,4,0,-158,-3,7.14
fold2_room1_mix0064,76,4,0,-159,-3,7.91
fold2_room1_mix0064,77,4,0,-161,-3,8.57
fold2_room1_mix0064,78,4,0,-161,-3,8.79
fold2_room1_mix0064,79,4,0,-162,-2,9.26
fold2_room1_mix0064,80,4,0,-163,-3,9.07
fold2_room1_mix0064,81,4,0,-163,-2,10.16
fold2_room1_mix0064,82,4,0,-164,-2,10.85
fold2_room1_mix0064,83,4,0,-164,-2,10.60
fold2_room1_mix0064,84,4,0,-165,-2,11.51
fold2_room1_mix0064,85,4,0,-166,-2,11.80
fold2_room1_mix0064,86,4,0,-167,-2,12.29
fold2_room1_mix0064,87,4,0,-168,-1,13.14
fold2_room1_mix0064,88,4,0,-168,-1,13.61
fold2_room1_mix0064,89,4,0,-169,-1,14.54
fold2_room1_mix0064,90,4,0,-169,-1,14.71
fold2_room1_mix0064,91,4,0,-169,-1,14.77
fold2_room1_mix0064,92,4,0,-169,-1,15.56
fold2_room1_mix0064,93,4,0,-169,-1,15.47
fold2_room1_mix0064,94,4,0,-170,-1,16.41
fold2_room1_mix0064,95,4,0,-170,-1,17.15
fold2_room1_mix0064,96,4,0,-169,-1,16.93
fold2_room1_mix0064,97,4,0,-171,-1,18.86
fold2_room1_mix0064,98,4,0,-171,-1,18.45
fold2_room1_mix0064,99,4,0,-172,-1,17.00
fold2_room1_mix0064,1,4,0,-5,0,1.34
fold2_room1_mix0065,3,4,0,-178,2,1.60
fold2_room1_mix0065,4,4,0,-177,0,14.23
fold2_room1_mix0065,5,4,0,-177,0,18.03
fold2_room1_mix0065,6,4,0,-177,0,22.66
fold2_room1_mix0065,7,4,0,-177,0,31.67
fold2_room1_mix0065,8,4,0,-177,0,34.77
fold2_room1_mix0065,9,4,0,-177,0,34.83
fold2_room1_mix0065,10,4,0,-175,0,34.11
fold2_room1_mix0065,11,4,0,-177,0,34.92
fold2_room1_mix0065,12,4,0,-177,0,34.91
fold2_room1_mix0065,13,4,0,-177,0,34.30
fold2_room1_mix0065,14,4,0,-176,0,35.41
fold2_room1_mix0065,15,4,0,-176,0,35.87
fold2_room1_mix0065,16,4,0,-175,0,35.99
fold2_room1_mix0065,17,4,0,-175,0,35.53
fold2_room1_mix0065,18,4,0,-175,0,34.93
fold2_room1_mix0065,19,4,0,-175,0,34.25
fold2_room1_mix0065,20,4,0,-175,0,34.66
fold2_room1_mix0065,21,4,0,-174,0,34.88
fold2_room1_mix0065,22,4,0,-174,0,33.81
fold2_room1_mix0065,23,4,0,-174,0,31.91
fold2_room1_mix0065,24,4,0,-174,0,32.77
fold2_room1_mix0065,25,4,0,-174,0,32.31
fold2_room1_mix0065,26,4,0,-173,0,31.73
fold2_room1_mix0065,27,4,0,-174,0,32.41
fold2_room1_mix0065,28,4,0,-174,0,31.73
fold2_room1_mix0065,29,4,0,-174,0,29.70
fold2_room1_mix0065,30,4,0,-174,0,29.94
fold2_room1_mix0065,31,4,0,-173,0,28.53
fold2_room1_mix0065,32,4,0,-173,0,27.72
fold2_room1_mix0065,33,4,0,-173,0,27.82
fold2_room1_mix0065,34,4,0,-173,0,26.43
fold2_room1_mix0065,35,4,0,-173,0,26.82
fold2_room1_mix0065,36,4,0,-174,0,26.69
fold2_room1_mix0065,37,4,0,-174,0,26.11
fold2_room1_mix0065,38,4,0,-173,0,25.52
fold2_room1_mix0065,39,4,0,-173,0,25.26
fold2_room1_mix0065,40,4,0,-174,0,24.21
fold2_room1_mix0065,41,4,0,-173,0,23.32
fold2_room1_mix0065,42,4,0,-173,-1,22.66
fold2_room1_mix0065,43,4,0,-173,-1,23.28
fold2_room1_mix0065,44,4,0,-172,-1,21.59
fold2_room1_mix0065,45,4,0,-172,-1,20.99
fold2_room1_mix0065,46,4,0,-171,-1,20.58
fold2_room1_mix0065,47,4,0,-171,-1,19.18
fold2_room1_mix0065,48,4,0,-171,-1,18.25
fold2_room1_mix0065,49,4,0,-170,-1,16.71
fold2_room1_mix0065,50,4,0,-170,-1,15.23
fold2_room1_mix0065,51,4,0,-169,-2,14.96
fold2_room1_mix0065,52,4,0,-169,-2,14.65
fold2_room1_mix0065,53,4,0,-168,-2,13.54
fold2_room1_mix0065,54,4,0,-168,-2,13.19
fold2_room1_mix0065,55,4,0,-166,-2,12.22
fold2_room1_mix0065,56,4,0,-166,-2,11.87
fold2_room1_mix0065,57,4,0,-164,-3,10.94
fold2_room1_mix0065,58,4,0,-162,-3,10.32
fold2_room1_mix0065,59,4,0,-161,-3,9.43
fold2_room1_mix0065,60,4,0,-159,-4,9.22
fold2_room1_mix0065,61,4,0,-157,-4,8.17
fold2_room1_mix0065,62,4,0,-154,-5,7.98
fold2_room1_mix0065,63,4,0,-151,-6,7.06
fold2_room1_mix0065,64,4,0,-160,-3,10.05
fold2_room1_mix0065,64,4,0,-141,-7,4.71
fold2_room1_mix0065,65,4,0,-158,-3,10.65
fold2_room1_mix0065,65,4,0,-131,-8,3.49
fold2_room1_mix0065,66,4,0,-158,-2,13.01
fold2_room1_mix0065,66,4,0,-119,-9,3.03
fold2_room1_mix0065,67,4,0,-149,0,14.29
fold2_room1_mix0065,67,4,0,-94,-9,2.58
fold2_room1_mix0065,68,4,0,-138,0,11.89
fold2_room1_mix0065,68,4,0,-70,-8,2.17
fold2_room1_mix0065,69,4,0,-139,0,11.92
fold2_room1_mix0065,69,4,0,-57,-8,2.32
fold2_room1_mix0065,70,4,0,-152,0,15.03
fold2_room1_mix0065,70,4,0,-47,-6,2.93
fold2_room1_mix0065,71,4,0,-131,0,11.90
fold2_room1_mix0065,71,4,0,-39,-6,3.21
fold2_room1_mix0065,72,4,0,-137,0,12.84
fold2_room1_mix0065,72,4,0,-36,-5,3.89
fold2_room1_mix0065,73,4,0,-110,0,12.56
fold2_room1_mix0065,73,4,0,-31,-5,4.12
fold2_room1_mix0065,74,4,0,-142,0,13.89
fold2_room1_mix0065,74,4,0,-25,-4,4.51
fold2_room1_mix0065,75,4,0,-132,0,16.61
fold2_room1_mix0065,75,4,0,-24,-5,4.66
fold2_room1_mix0065,76,4,0,-123,0,15.24
fold2_room1_mix0065,76,4,0,-23,-5,5.11
fold2_room1_mix0065,77,4,0,-103,0,12.06
fold2_room1_mix0065,77,4,0,-19,-4,5.92
fold2_room1_mix0065,78,4,0,-95,0,11.61
fold2_room1_mix0065,78,4,0,-19,-4,5.95
fold2_room1_mix0065,79,4,0,-100,-1,11.22
fold2_room1_mix0065,79,4,0,-17,-4,6.92
fold2_room1_mix0065,80,4,0,-80,-1,10.96
fold2_room1_mix0065,80,4,0,-14,-4,7.46
fold2_room1_mix0065,81,4,0,-83,-1,11.26
fold2_room1_mix0065,81,4,0,-12,-4,8.06
fold2_room1_mix0065,82,4,0,-79,-1,10.27
fold2_room1_mix0065,82,4,0,-12,-3,8.22
fold2_room1_mix0065,83,4,0,-76,-1,11.17
fold2_room1_mix0065,83,4,0,-11,-3,9.26
fold2_room1_mix0065,84,4,0,-73,-1,12.60
fold2_room1_mix0065,84,4,0,-10,-3,10.29
fold2_room1_mix0065,85,4,0,-69,-1,12.18
fold2_room1_mix0065,85,4,0,-10,-3,10.68
fold2_room1_mix0065,86,4,0,-65,-1,13.46
fold2_room1_mix0065,86,4,0,-9,-3,10.91
fold2_room1_mix0065,87,4,0,-56,-1,13.87
fold2_room1_mix0065,87,4,0,-8,-3,12.02
fold2_room1_mix0065,88,4,0,-58,-1,14.49
fold2_room1_mix0065,88,4,0,-7,-3,12.18
fold2_room1_mix0065,89,4,0,-55,-1,14.93
fold2_room1_mix0065,89,4,0,-7,-2,12.87
fold2_room1_mix0065,90,4,0,-50,-1,15.98
fold2_room1_mix0065,90,4,0,-6,-2,13.95
fold2_room1_mix0065,91,4,0,-46,-1,16.56
fold2_room1_mix0065,91,4,0,-6,-2,15.11
fold2_room1_mix0065,92,4,0,-45,-1,17.45
fold2_room1_mix0065,92,4,0,-6,-2,15.42
fold2_room1_mix0065,93,4,0,-44,-1,17.39
fold2_room1_mix0065,93,4,0,-5,-2,15.70
fold2_room1_mix0065,94,4,0,-41,0,18.50
fold2_room1_mix0065,94,4,0,-6,-2,16.74
fold2_room1_mix0065,95,4,0,-38,-1,18.02
fold2_room1_mix0065,95,4,0,-5,-2,17.39
fold2_room1_mix0065,96,4,0,-37,-1,19.48
fold2_room1_mix0065,96,4,0,-6,-2,18.22
fold2_room1_mix0065,97,4,0,-34,0,21.29
fold2_room1_mix0065,97,4,0,-5,-1,19.54
fold2_room1_mix0065,98,4,0,-32,-1,21.21
fold2_room1_mix0065,98,4,0,-6,-2,19.40
fold2_room1_mix0065,99,4,0,-29,-1,21.67
fold2_room1_mix0065,99,4,0,-6,-2,19.62
fold2_room1_mix0066,12,1,0,177,-1,7.37
fold2_room1_mix0066,13,1,0,175,-3,34.05
fold2_room1_mix0066,14,1,0,175,-2,11.02
fold2_room1_mix0066,15,1,0,173,-3,30.70
fold2_room1_mix0066,16,1,0,177,-2,39.29
fold2_room1_mix0066,17,1,0,-179,-2,37.81
fold2_room1_mix0066,17,4,0,166,2,1.45
fold2_room1_mix0066,18,1,0,178,-2,34.61
fold2_room1_mix0066,19,1,0,-176,-2,11.64
fold2_room1_mix0066,20,1,0,179,-2,35.79
fold2_room1_mix0066,20,4,0,172,1,3.11
fold2_room1_mix0066,20,4,0,11,0,3.58
fold2_room1_mix0066,21,1,0,-178,-2,33.52
fold2_room1_mix0066,22,1,0,-177,-2,43.39
fold2_room1_mix0066,22,4,0,173,0,8.22
fold2_room1_mix0066,22,4,0,15,-1,7.51
fold2_room1_mix0066,23,1,0,173,-2,23.59
fold2_room1_mix0066,23,4,0,170,0,4.36
fold2_room1_mix0066,23,4,0,28,-1,5.54
fold2_room1_mix0066,24,1,0,-176,-2,29.86
fold2_room1_mix0066,24,4,0,166,-1,3.04
fold2_room1_mix0066,24,4,0,15,0,4.88
fold2_room1_mix0066,25,1,0,-177,-2,45.67
fold2_room1_mix0066,25,4,0,173,0,7.09
fold2_room1_mix0066,25,4,0,15,0,6.65
fold2_room1_mix0066,26,1,0,-179,-2,36.88
fold2_room1_mix0066,26,4,0,164,0,10.05
fold2_room1_mix0066,26,4,0,28,0,12.68
fold2_room1_mix0066,27,1,0,176,-2,36.62
fold2_room1_mix0066,27,4,0,173,0,10.80
fold2_room1_mix0066,27,4,0,19,0,12.58
fold2_room1_mix0066,28,1,0,-176,-2,12.14
fold2_room1_mix0066,28,4,0,168,-1,14.35
fold2_room1_mix0066,28,4,0,37,-1,13.53
fold2_room1_mix0066,29,1,0,178,-3,32.18
fold2_room1_mix0066,29,4,0,176,0,11.44
fold2_room1_mix0066,29,4,0,28,-1,12.56
fold2_room1_mix0066,30,1,0,176,-3,35.28
fold2_room1_mix0066,30,4,0,174,-1,13.24
fold2_room1_mix0066,30,4,0,26,-1,17.07
fold2_room1_mix0066,31,1,0,177,-2,42.21
fold2_room1_mix0066,31,4,0,179,-1,16.60
fold2_room1_mix0066,31,4,0,39,0,14.40
fold2_room1_mix0066,31,4,0,23,-1,17.22
fold2_room1_mix0066,32,1,0,169,-2,21.27
fold2_room1_mix0066,32,4,0,-168,0,10.90
fold2_room1_mix0066,32,4,0,33,-1,12.80
fold2_room1_mix0066,33,1,0,172,-3,25.49
fold2_room1_mix0066,33,4,0,-166,-2,12.26
fold2_room1_mix0066,33,4,0,28,-2,13.61
fold2_room1_mix0066,34,1,0,176,-2,39.16
fold2_room1_mix0066,34,4,0,-173,-2,12.74
fold2_room1_mix0066,34,4,0,43,-2,15.06
fold2_room1_mix0066,35,1,0,169,-2,37.07
fold2_room1_mix0066,35,4,0,-172,-1,12.42
fold2_room1_mix0066,35,4,0,159,-2,11.00
fold2_room1_mix0066,35,4,0,47,-2,12.58
fold2_room1_mix0066,36,1,0,172,-2,39.75
fold2_room1_mix0066,36,4,0,-172,-2,13.59
fold2_room1_mix0066,36,4,0,46,-3,12.63
fold2_room1_mix0066,37,1,0,179,-1,6.05
fold2_room1_mix0066,37,4,0,-165,-2,14.21
fold2_room1_mix0066,37,4,0,52,-3,12.07
fold2_room1_mix0066,38,1,0,176,-2,34.42
fold2_room1_mix0066,38,4,0,-162,-3,11.63
fold2_room1_mix0066,38,4,0,54,-4,9.74
fold2_room1_mix0066,39,1,0,175,-2,34.77
fold2_room1_mix0066,39,4,0,-168,-3,9.30
fold2_room1_mix0066,39,4,0,57,-2,10.87
fold2_room1_mix0066,40,1,0,172,-2,34.42
fold2_room1_mix0066,40,4,0,-170,-2,14.11
fold2_room1_mix0066,40,4,0,56,-2,11.79
fold2_room1_mix0066,41,1,0,175,-2,15.32
fold2_room1_mix0066,41,4,0,-162,-1,12.68
fold2_room1_mix0066,41,4,0,64,-3,10.22
fold2_room1_mix0066,42,1,0,175,-3,19.71
fold2_room1_mix0066,42,4,0,-164,-2,11.40
fold2_room1_mix0066,42,4,0,65,-4,9.51
fold2_room1_mix0066,43,1,0,175,-2,36.31
fold2_room1_mix0066,43,4,0,-166,-3,11.31
fold2_room1_mix0066,43,4,0,92,-7,7.62
fold2_room1_mix0066,43,4,0,62,-5,8.04
fold2_room1_mix0066,44,1,0,170,-2,30.98
fold2_room1_mix0066,44,4,0,-165,-2,9.88
fold2_room1_mix0066,44,4,0,58,-4,7.34
fold2_room1_mix0066,45,1,0,174,-2,28.56
fold2_room1_mix0066,45,4,0,-167,-3,10.77
fold2_room1_mix0066,45,4,0,69,-5,8.48
fold2_room1_mix0066,46,1,0,176,-1,8.41
fold2_room1_mix0066,46,4,0,-161,-6,13.25
fold2_room1_mix0066,46,4,0,106,-12,9.87
fold2_room1_mix0066,46,4,0,77,-7,10.59
fold2_room1_mix0066,47,1,0,177,-2,27.50
fold2_room1_mix0066,47,4,0,-161,-4,10.50
fold2_room1_mix0066,47,4,0,78,-7,8.02
fold2_room1_mix0066,48,1,0,172,-2,29.91
fold2_room1_mix0066,48,4,0,-167,-5,7.75
fold2_room1_mix0066,48,4,0,112,-6,5.62
fold2_room1_mix0066,48,4,0,80,-6,6.00
fold2_room1_mix0066,49,1,0,171,-2,36.28
fold2_room1_mix0066,49,4,0,-168,-2,11.94
fold2_room1_mix0066,49,4,0,135,-7,7.58
fold2_room1_mix0066,49,4,0,77,-5,8.34
fold2_room1_mix0066,50,1,0,178,-2,15.18
fold2_room1_mix0066,50,4,0,-163,-4,10.01
fold2_room1_mix0066,50,4,0,141,-7,8.62
fold2_room1_mix0066,50,4,0,92,-4,11.56
fold2_room1_mix0066,51,1,0,173,-3,10.99
fold2_room1_mix0066,51,4,0,-144,-9,6.82
fold2_room1_mix0066,51,4,0,103,-4,10.56
fold2_room1_mix0066,52,1,0,169,-2,32.49
fold2_room1_mix0066,52,4,0,-149,-4,9.12
fold2_room1_mix0066,52,4,0,-172,-8,7.73
fold2_room1_mix0066,52,4,0,93,-5,9.74
fold2_room1_mix0066,53,1,0,168,-3,25.70
fold2_room1_mix0066,53,4,0,-161,-2,10.53
fold2_room1_mix0066,53,4,0,155,-3,8.86
fold2_room1_mix0066,53,4,0,92,-4,10.63
fold2_room1_mix0066,54,1,0,168,-2,22.47
fold2_room1_mix0066,54,4,0,-155,-4,9.14
fold2_room1_mix0066,54,4,0,152,-5,8.21
fold2_room1_mix0066,54,4,0,107,-4,10.58
fold2_room1_mix0066,55,4,0,-127,-4,11.59
fold2_room1_mix0066,55,4,0,-111,-4,9.69
fold2_room1_mix0066,55,4,0,113,-4,13.03
fold2_room1_mix0066,56,1,0,169,-3,17.91
fold2_room1_mix0066,56,4,0,-133,-4,8.55
fold2_room1_mix0066,56,4,0,94,-3,12.39
fold2_room1_mix0066,57,1,0,162,-3,17.03
fold2_room1_mix0066,57,4,0,-151,-2,12.21
fold2_room1_mix0066,57,4,0,-117,-4,7.75
fold2_room1_mix0066,57,4,0,117,-4,10.23
fold2_room1_mix0066,58,1,0,162,-2,19.79
fold2_room1_mix0066,58,4,0,-121,-3,9.84
fold2_room1_mix0066,58,4,0,114,-3,14.19
fold2_room1_mix0066,59,1,0,163,-3,5.03
fold2_room1_mix0066,59,4,0,-126,-3,11.96
fold2_room1_mix0066,59,4,0,-107,-5,7.36
fold2_room1_mix0066,59,4,0,119,-2,14.19
fold2_room1_mix0066,60,4,0,160,-1,18.49
fold2_room1_mix0066,60,4,0,-94,-8,7.31
fold2_room1_mix0066,61,4,0,155,-1,19.67
fold2_room1_mix0066,61,4,0,-88,-7,7.58
fold2_room1_mix0066,62,4,0,142,-1,19.92
fold2_room1_mix0066,62,4,0,-77,-7,7.23
fold2_room1_mix0066,62,4,0,-95,-9,6.02
fold2_room1_mix0066,63,4,0,145,-1,18.35
fold2_room1_mix0066,63,4,0,-77,-8,6.98
fold2_room1_mix0066,64,4,0,155,-1,21.43
fold2_room1_mix0066,64,4,0,-67,-7,7.70
fold2_room1_mix0066,65,4,0,157,-1,21.31
fold2_room1_mix0066,65,4,0,-63,-6,8.20
fold2_room1_mix0066,66,4,0,157,-1,20.05
fold2_room1_mix0066,66,4,0,-62,-7,7.85
fold2_room1_mix0066,67,4,0,167,-2,17.91
fold2_room1_mix0066,67,4,0,-53,-5,9.14
fold2_room1_mix0066,68,4,0,164,-1,20.96
fold2_room1_mix0066,68,4,0,-55,-5,9.52
fold2_room1_mix0066,69,4,0,172,-2,19.36
fold2_room1_mix0066,69,4,0,-50,-5,9.94
fold2_room1_mix0066,70,4,0,176,-2,20.49
fold2_room1_mix0066,70,4,0,-47,-5,10.40
fold2_room1_mix0066,71,4,0,174,-1,21.92
fold2_room1_mix0066,71,4,0,-42,-4,11.40
fold2_room1_mix0066,72,4,0,-176,-3,22.68
fold2_room1_mix0066,72,4,0,-41,-4,12.02
fold2_room1_mix0066,76,4,0,-35,-4,15.18
fold2_room1_mix0066,77,4,0,-36,-3,15.04
fold2_room1_mix0066,78,4,0,-33,-3,15.73
fold2_room1_mix0066,79,4,0,-33,-3,16.23
fold2_room1_mix0066,80,4,0,-33,-3,15.96
fold2_room1_mix0066,81,4,0,-34,-3,16.54
fold2_room1_mix0066,82,4,0,-31,-2,16.75
fold2_room1_mix0066,83,4,0,-32,-2,17.10
fold2_room1_mix0066,84,4,0,-29,-2,18.58
fold2_room1_mix0066,85,4,0,-33,-2,17.70
fold2_room1_mix0066,86,4,0,-29,-1,17.96
fold2_room1_mix0066,87,4,0,-30,-1,18.56
fold2_room1_mix0066,88,4,0,-29,-1,20.88
fold2_room1_mix0066,89,4,0,-27,-1,20.00
fold2_room1_mix0066,90,4,0,-28,0,20.28
fold2_room1_mix0066,91,4,0,-27,0,22.91
fold2_room1_mix0066,92,4,0,-29,0,14.27
fold2_room1_mix0066,93,4,0,-27,0,20.54
fold2_room1_mix0066,94,4,0,-26,0,13.41
fold2_room1_mix0066,95,4,0,-28,0,10.96
fold2_room1_mix0066,96,4,0,-28,1,8.79
fold2_room1_mix0066,73,4,0,-41,-4,11.26
fold2_room1_mix0066,74,4,0,-38,-4,11.87
fold2_room1_mix0066,75,4,0,-35,-3,14.87
fold2_room1_mix0066,97,4,0,-30,1,4.92
fold2_room1_mix0067,6,4,0,179,0,11.37
fold2_room1_mix0067,7,4,0,-179,0,11.05
fold2_room1_mix0067,8,4,0,178,0,18.58
fold2_room1_mix0067,9,4,0,179,0,17.63
fold2_room1_mix0067,10,4,0,178,0,26.90
fold2_room1_mix0067,11,4,0,178,0,26.54
fold2_room1_mix0067,12,4,0,178,0,29.41
fold2_room1_mix0067,13,4,0,179,0,26.56
fold2_room1_mix0067,14,4,0,179,0,30.49
fold2_room1_mix0067,15,4,0,-179,0,27.74
fold2_room1_mix0067,16,4,0,179,0,31.13
fold2_room1_mix0067,17,4,0,178,0,29.02
fold2_room1_mix0067,18,4,0,178,0,30.21
fold2_room1_mix0067,19,4,0,179,0,27.05
fold2_room1_mix0067,20,4,0,178,0,32.39
fold2_room1_mix0067,21,4,0,179,0,33.12
fold2_room1_mix0067,22,4,0,179,0,28.51
fold2_room1_mix0067,23,4,0,178,0,29.76
fold2_room1_mix0067,24,4,0,178,0,33.56
fold2_room1_mix0067,25,4,0,179,0,32.27
fold2_room1_mix0067,26,4,0,178,0,38.26
fold2_room1_mix0067,27,4,0,179,0,38.41
fold2_room1_mix0067,28,4,0,178,0,39.00
fold2_room1_mix0067,29,4,0,179,0,39.76
fold2_room1_mix0067,30,4,0,179,0,40.51
fold2_room1_mix0067,31,4,0,-179,0,40.53
fold2_room1_mix0067,32,4,0,179,0,43.17
fold2_room1_mix0067,33,4,0,178,0,45.17
fold2_room1_mix0067,34,4,0,178,0,43.24
fold2_room1_mix0067,35,4,0,179,0,42.38
fold2_room1_mix0067,36,4,0,178,0,45.92
fold2_room1_mix0067,37,4,0,179,0,45.11
fold2_room1_mix0067,38,4,0,179,0,45.65
fold2_room1_mix0067,39,4,0,179,0,45.84
fold2_room1_mix0067,40,4,0,-179,0,45.76
fold2_room1_mix0067,41,4,0,179,0,44.32
fold2_room1_mix0067,42,4,0,179,0,44.15
fold2_room1_mix0067,43,4,0,-179,0,44.75
fold2_room1_mix0067,44,4,0,-179,0,46.98
fold2_room1_mix0067,45,4,0,-178,0,45.10
fold2_room1_mix0067,46,4,0,-178,0,42.91
fold2_room1_mix0067,47,4,0,-179,0,41.95
fold2_room1_mix0067,48,4,0,-177,0,40.42
fold2_room1_mix0067,49,4,0,-177,0,39.50
fold2_room1_mix0067,50,4,0,-177,0,38.75
fold2_room1_mix0067,51,4,0,-176,0,37.75
fold2_room1_mix0067,52,4,0,-176,0,36.47
fold2_room1_mix0067,53,4,0,-175,0,35.20
fold2_room1_mix0067,54,4,0,-176,0,34.31
fold2_room1_mix0067,55,4,0,-176,0,32.97
fold2_room1_mix0067,56,4,0,-176,0,33.58
fold2_room1_mix0067,57,4,0,-176,0,31.61
fold2_room1_mix0067,58,4,0,-176,0,31.17
fold2_room1_mix0067,59,4,0,-176,0,30.24
fold2_room1_mix0067,60,4,0,-175,0,29.38
fold2_room1_mix0067,61,4,0,-176,0,28.06
fold2_room1_mix0067,62,4,0,-176,0,26.02
fold2_room1_mix0067,63,4,0,-175,0,25.19
fold2_room1_mix0067,64,4,0,-175,-1,23.57
fold2_room1_mix0067,65,4,0,-175,-1,21.91
fold2_room1_mix0067,66,4,0,-174,-1,20.81
fold2_room1_mix0067,67,4,0,-174,-1,20.77
fold2_room1_mix0067,68,4,0,-175,-1,19.91
fold2_room1_mix0067,69,4,0,-173,-1,18.07
fold2_room1_mix0067,70,4,0,-172,-1,17.13
fold2_room1_mix0067,71,4,0,-172,-1,16.71
fold2_room1_mix0067,72,4,0,-172,-2,15.26
fold2_room1_mix0067,73,4,0,-171,-2,14.34
fold2_room1_mix0067,74,4,0,-171,-2,12.33
fold2_room1_mix0067,75,4,0,-170,-3,11.53
fold2_room1_mix0067,76,4,0,-169,-3,11.94
fold2_room1_mix0067,77,4,0,-167,-3,10.12
fold2_room1_mix0067,78,4,0,-167,-3,9.20
fold2_room1_mix0067,79,4,0,-166,-4,8.51
fold2_room1_mix0067,80,4,0,-164,-5,7.00
fold2_room1_mix0067,81,4,0,-161,-5,6.27
fold2_room1_mix0067,82,4,0,-158,-7,4.93
fold2_room1_mix0067,83,4,0,-155,-9,4.15
fold2_room1_mix0067,84,4,0,-148,-11,3.19
fold2_room1_mix0067,85,4,0,-137,-14,2.53
fold2_room1_mix0067,86,4,0,-114,-20,1.86
fold2_room1_mix0067,87,4,0,-80,-21,1.77
fold2_room1_mix0067,88,4,0,-49,-14,2.06
fold2_room1_mix0067,89,4,0,-34,-11,2.67
fold2_room1_mix0067,90,4,0,-27,-9,3.63
fold2_room1_mix0067,91,4,0,-22,-7,4.50
fold2_room1_mix0067,92,4,0,-16,-5,5.76
fold2_room1_mix0067,93,4,0,-13,-5,6.27
fold2_room1_mix0067,94,4,0,-10,-4,6.99
fold2_room1_mix0067,95,4,0,-8,-4,8.63
fold2_room1_mix0067,96,4,0,-8,-4,9.48
fold2_room1_mix0067,97,4,0,-7,-3,10.70
fold2_room1_mix0067,98,4,0,-6,-3,11.39
fold2_room1_mix0067,99,4,0,-5,-3,12.09
fold2_room1_mix0068,37,4,0,-30,0,11.24
fold2_room1_mix0068,38,4,0,-37,-1,12.98
fold2_room1_mix0068,39,4,0,-38,-1,16.27
fold2_room1_mix0068,40,4,0,-38,0,17.15
fold2_room1_mix0068,41,4,0,-36,-1,18.32
fold2_room1_mix0068,42,4,0,-41,-2,18.11
fold2_room1_mix0068,43,4,0,-40,-2,18.61
fold2_room1_mix0068,44,4,0,-40,-1,19.60
fold2_room1_mix0068,45,4,0,-42,-1,19.05
fold2_room1_mix0068,46,4,0,-41,-2,18.43
fold2_room1_mix0068,47,4,0,-45,-2,18.08
fold2_room1_mix0068,48,4,0,-49,-2,17.01
fold2_room1_mix0068,49,4,0,-50,-2,16.22
fold2_room1_mix0068,50,4,0,-50,-2,16.11
fold2_room1_mix0068,51,4,0,-57,-2,16.16
fold2_room1_mix0068,52,4,0,-55,-2,15.10
fold2_room1_mix0068,53,4,0,-58,-3,14.59
fold2_room1_mix0068,54,4,0,-59,-3,14.75
fold2_room1_mix0068,55,4,0,-62,-3,13.94
fold2_room1_mix0068,56,4,0,-64,-3,13.69
fold2_room1_mix0068,57,4,0,-68,-3,13.43
fold2_room1_mix0068,58,4,0,-74,-3,13.39
fold2_room1_mix0068,59,4,0,-80,-3,13.41
fold2_room1_mix0068,60,4,0,-83,-3,13.42
fold2_room1_mix0068,61,4,0,-84,-3,12.64
fold2_room1_mix0068,62,4,0,-89,-4,12.28
fold2_room1_mix0068,63,4,0,-93,-4,12.51
fold2_room1_mix0068,64,4,0,-96,-4,12.37
fold2_room1_mix0068,65,4,0,-101,-3,13.03
fold2_room1_mix0068,66,4,0,-106,-4,12.27
fold2_room1_mix0068,67,4,0,-112,-3,13.06
fold2_room1_mix0068,68,4,0,-113,-3,13.62
fold2_room1_mix0068,69,4,0,-116,-3,13.90
fold2_room1_mix0068,70,4,0,-120,-3,13.57
fold2_room1_mix0068,71,4,0,-121,-3,13.74
fold2_room1_mix0068,72,4,0,-125,-2,14.42
fold2_room1_mix0068,73,4,0,-126,-2,14.60
fold2_room1_mix0068,74,4,0,-129,-3,14.14
fold2_room1_mix0068,75,4,0,-131,-2,15.13
fold2_room1_mix0068,76,4,0,-130,-2,15.53
fold2_room1_mix0068,77,4,0,-133,-2,15.46
fold2_room1_mix0068,78,4,0,-135,-2,16.21
fold2_room1_mix0068,79,4,0,-135,-2,16.14
fold2_room1_mix0068,80,4,0,-135,-2,16.86
fold2_room1_mix0068,81,4,0,-137,-1,17.31
fold2_room1_mix0068,82,4,0,-137,-1,17.07
fold2_room1_mix0068,83,4,0,-139,-1,17.58
fold2_room1_mix0068,84,4,0,-138,-1,17.95
fold2_room1_mix0068,85,4,0,-142,0,10.67
fold2_room1_mix0069,4,4,0,1,1,7.53
fold2_room1_mix0069,5,4,0,0,0,19.90
fold2_room1_mix0069,6,4,0,0,0,22.99
fold2_room1_mix0069,7,4,0,0,0,25.85
fold2_room1_mix0069,8,4,0,1,0,35.06
fold2_room1_mix0069,9,4,0,0,0,36.79
fold2_room1_mix0069,10,4,0,0,0,39.55
fold2_room1_mix0069,11,4,0,1,0,42.74
fold2_room1_mix0069,12,4,0,3,0,40.22
fold2_room1_mix0069,13,4,0,2,0,41.53
fold2_room1_mix0069,14,4,0,0,0,41.69
fold2_room1_mix0069,15,4,0,0,0,40.78
fold2_room1_mix0069,16,4,0,0,0,38.02
fold2_room1_mix0069,17,4,0,1,0,40.43
fold2_room1_mix0069,18,4,0,0,-1,36.44
fold2_room1_mix0069,19,4,0,0,0,37.47
fold2_room1_mix0069,20,4,0,1,0,35.98
fold2_room1_mix0069,21,4,0,0,0,34.88
fold2_room1_mix0069,22,4,0,-1,0,33.01
fold2_room1_mix0069,23,4,0,-1,-1,31.71
fold2_room1_mix0069,24,4,0,0,-1,33.65
fold2_room1_mix0069,25,4,0,-2,-1,33.86
fold2_room1_mix0069,26,4,0,-3,-1,34.10
fold2_room1_mix0069,27,4,0,-1,-1,34.25
fold2_room1_mix0069,28,4,0,-2,-1,33.27
fold2_room1_mix0069,29,4,0,-3,-1,32.73
fold2_room1_mix0069,30,4,0,-3,-1,31.66
fold2_room1_mix0069,31,4,0,-2,-1,29.65
fold2_room1_mix0069,32,4,0,-4,-1,29.76
fold2_room1_mix0069,33,4,0,-3,-1,28.58
fold2_room1_mix0069,34,4,0,-3,-1,25.84
fold2_room1_mix0069,35,4,0,-3,-1,27.18
fold2_room1_mix0069,36,4,0,-4,-1,25.30
fold2_room1_mix0069,37,4,0,-5,-1,25.49
fold2_room1_mix0069,38,4,0,-4,-1,24.56
fold2_room1_mix0069,39,4,0,-4,-1,23.01
fold2_room1_mix0069,40,4,0,-3,-1,23.38
fold2_room1_mix0069,41,4,0,-5,-1,21.84
fold2_room1_mix0069,42,4,0,-6,-1,20.66
fold2_room1_mix0069,43,4,0,-6,-1,20.90
fold2_room1_mix0069,44,4,0,-8,-1,18.55
fold2_room1_mix0069,45,4,0,-8,-1,18.00
fold2_room1_mix0069,46,4,0,-9,-1,17.70
fold2_room1_mix0069,47,4,0,-9,-2,16.03
fold2_room1_mix0069,48,4,0,-10,-2,15.20
fold2_room1_mix0069,49,4,0,-12,-2,13.72
fold2_room1_mix0069,50,4,0,-12,-2,13.31
fold2_room1_mix0069,51,4,0,-13,-2,12.31
fold2_room1_mix0069,52,4,0,-14,-3,11.28
fold2_room1_mix0069,53,4,0,-15,-3,10.42
fold2_room1_mix0069,54,4,0,-17,-4,9.42
fold2_room1_mix0069,55,4,0,-18,-3,8.72
fold2_room1_mix0069,56,4,0,-21,-4,7.85
fold2_room1_mix0069,57,4,0,-23,-4,7.16
fold2_room1_mix0069,58,4,0,-27,-4,6.04
fold2_room1_mix0069,59,4,0,-30,-5,5.49
fold2_room1_mix0069,60,4,0,-36,-5,4.80
fold2_room1_mix0069,61,4,0,-42,-6,3.93
fold2_room1_mix0069,62,4,0,-50,-7,3.60
fold2_room1_mix0069,63,4,0,-60,-9,3.38
fold2_room1_mix0069,64,4,0,-78,-10,3.15
fold2_room1_mix0069,65,4,0,-95,-11,3.10
fold2_room1_mix0069,66,4,0,-109,-9,3.37
fold2_room1_mix0069,67,4,0,-122,-8,3.60
fold2_room1_mix0069,68,4,0,-133,-7,3.99
fold2_room1_mix0069,69,4,0,-141,-6,4.67
fold2_room1_mix0069,70,4,0,-145,-6,5.28
fold2_room1_mix0069,71,4,0,-148,-5,5.84
fold2_room1_mix0069,72,4,0,-151,-5,6.66
fold2_room1_mix0069,73,4,0,-155,-4,7.40
fold2_room1_mix0069,74,4,0,-157,-4,7.94
fold2_room1_mix0069,75,4,0,-158,-3,9.06
fold2_room1_mix0069,76,4,0,-159,-3,9.37
fold2_room1_mix0069,77,4,0,-160,-2,10.24
fold2_room1_mix0069,78,4,0,-162,-2,10.99
fold2_room1_mix0069,79,4,0,-162,-2,11.56
fold2_room1_mix0069,80,4,0,-164,-2,12.37
fold2_room1_mix0069,81,4,0,-164,-2,13.33
fold2_room1_mix0069,82,4,0,-165,-2,13.62
fold2_room1_mix0069,83,4,0,-166,-2,14.87
fold2_room1_mix0069,84,4,0,-166,-1,15.44
fold2_room1_mix0069,85,4,0,-167,-1,16.09
fold2_room1_mix0069,86,4,0,-167,-1,17.15
fold2_room1_mix0069,87,4,0,-169,-1,17.90
fold2_room1_mix0069,88,4,0,-170,-1,19.54
fold2_room1_mix0069,89,4,0,-170,0,20.44
fold2_room1_mix0069,90,4,0,-171,0,20.88
fold2_room1_mix0069,91,4,0,-171,0,22.96
fold2_room1_mix0069,92,4,0,-170,0,22.31
fold2_room1_mix0069,93,4,0,-171,0,22.54
fold2_room1_mix0069,94,4,0,-171,0,24.09
fold2_room1_mix0069,95,4,0,-172,0,24.46
fold2_room1_mix0069,96,4,0,-172,-1,24.59
fold2_room1_mix0069,97,4,0,-173,0,26.50
fold2_room1_mix0069,98,4,0,-172,-1,25.33
fold2_room1_mix0069,99,4,0,-173,0,26.60
fold2_room1_mix0069,3,4,0,-5,0,3.58
fold2_room1_mix0070,2,4,0,179,0,0.34
fold2_room1_mix0070,3,4,0,-177,1,4.08
fold2_room1_mix0070,3,4,0,0,1,4.16
fold2_room1_mix0070,4,4,0,-176,0,15.98
fold2_room1_mix0070,4,4,0,2,0,16.30
fold2_room1_mix0070,5,4,0,-175,0,17.87
fold2_room1_mix0070,5,4,0,-4,0,18.53
fold2_room1_mix0070,6,4,0,-175,0,20.32
fold2_room1_mix0070,6,4,0,1,0,23.94
fold2_room1_mix0070,7,4,0,-176,0,29.05
fold2_room1_mix0070,7,4,0,-2,0,29.51
fold2_room1_mix0070,8,4,0,-175,0,39.54
fold2_room1_mix0070,8,4,0,-2,0,41.98
fold2_room1_mix0070,9,4,0,-175,-1,39.89
fold2_room1_mix0070,9,4,0,-1,-1,39.96
fold2_room1_mix0070,10,4,0,-176,-1,36.74
fold2_room1_mix0070,10,4,0,-2,-1,40.14
fold2_room1_mix0070,11,4,0,-175,0,39.80
fold2_room1_mix0070,11,4,0,-1,0,39.49
fold2_room1_mix0070,12,4,0,-175,0,44.08
fold2_room1_mix0070,12,4,0,0,-1,38.97
fold2_room1_mix0070,13,4,0,-175,-1,40.51
fold2_room1_mix0070,13,4,0,-2,-1,38.00
fold2_room1_mix0070,14,4,0,-175,0,44.93
fold2_room1_mix0070,14,4,0,-4,0,40.12
fold2_room1_mix0070,15,4,0,-173,0,45.02
fold2_room1_mix0070,15,4,0,-2,0,38.47
fold2_room1_mix0070,16,4,0,-174,0,42.61
fold2_room1_mix0070,16,4,0,-1,-1,37.64
fold2_room1_mix0070,17,4,0,-174,0,44.62
fold2_room1_mix0070,17,4,0,-1,-1,37.94
fold2_room1_mix0070,18,4,0,-174,0,47.14
fold2_room1_mix0070,18,4,0,-2,0,37.06
fold2_room1_mix0070,19,4,0,-174,0,43.25
fold2_room1_mix0070,19,4,0,-1,0,38.74
fold2_room1_mix0070,20,4,0,-175,0,46.80
fold2_room1_mix0070,20,4,0,-1,0,40.46
fold2_room1_mix0070,21,4,0,-173,0,43.54
fold2_room1_mix0070,21,4,0,-3,0,36.92
fold2_room1_mix0070,22,4,0,-173,0,41.36
fold2_room1_mix0070,22,4,0,-2,0,36.54
fold2_room1_mix0070,23,4,0,-172,0,37.39
fold2_room1_mix0070,23,4,0,-2,-1,33.17
fold2_room1_mix0070,24,4,0,-172,0,39.34
fold2_room1_mix0070,24,4,0,-3,-1,34.19
fold2_room1_mix0070,25,4,0,-173,0,39.47
fold2_room1_mix0070,25,4,0,-4,-1,34.60
fold2_room1_mix0070,26,4,0,-172,0,38.72
fold2_room1_mix0070,26,4,0,-3,-1,33.46
fold2_room1_mix0070,27,4,0,-172,0,38.50
fold2_room1_mix0070,27,4,0,-4,-1,33.25
fold2_room1_mix0070,28,4,0,-171,0,36.37
fold2_room1_mix0070,28,4,0,-3,-1,32.85
fold2_room1_mix0070,29,4,0,-170,0,35.88
fold2_room1_mix0070,29,4,0,-5,-1,30.42
fold2_room1_mix0070,30,4,0,-171,0,34.21
fold2_room1_mix0070,30,4,0,-5,-1,30.54
fold2_room1_mix0070,31,4,0,-169,-1,33.60
fold2_room1_mix0070,31,4,0,-5,-2,27.95
fold2_room1_mix0070,32,4,0,-170,-1,34.68
fold2_room1_mix0070,32,4,0,-5,-2,29.48
fold2_room1_mix0070,33,4,0,-171,0,33.98
fold2_room1_mix0070,33,4,0,-5,-1,28.87
fold2_room1_mix0070,34,4,0,-168,0,32.88
fold2_room1_mix0070,34,4,0,-6,-2,26.76
fold2_room1_mix0070,35,4,0,-169,0,31.96
fold2_room1_mix0070,35,4,0,-6,-1,25.69
fold2_room1_mix0070,36,4,0,-171,0,33.48
fold2_room1_mix0070,36,4,0,-4,-1,25.96
fold2_room1_mix0070,37,4,0,-171,0,32.51
fold2_room1_mix0070,37,4,0,-4,-1,24.68
fold2_room1_mix0070,38,4,0,-171,0,33.26
fold2_room1_mix0070,38,4,0,-4,-1,24.85
fold2_room1_mix0070,39,4,0,-169,0,29.83
fold2_room1_mix0070,39,4,0,0,-3,23.63
fold2_room1_mix0070,40,1,0,32,-3,21.03
fold2_room1_mix0070,40,4,0,-170,0,27.71
fold2_room1_mix0070,40,4,0,0,-1,21.27
fold2_room1_mix0070,41,1,0,38,-3,17.91
fold2_room1_mix0070,41,4,0,-169,0,28.16
fold2_room1_mix0070,41,4,0,-2,-2,19.95
fold2_room1_mix0070,42,1,0,43,-3,20.89
fold2_room1_mix0070,42,4,0,-170,0,28.86
fold2_room1_mix0070,42,4,0,0,-2,17.78
fold2_room1_mix0070,43,1,0,38,-4,21.08
fold2_room1_mix0070,43,4,0,-170,-1,26.15
fold2_room1_mix0070,43,4,0,-2,-3,20.54
fold2_room1_mix0070,44,1,0,50,-4,14.36
fold2_room1_mix0070,44,4,0,-169,0,24.81
fold2_room1_mix0070,44,4,0,-2,-3,17.44
fold2_room1_mix0070,45,1,0,62,-4,10.58
fold2_room1_mix0070,45,4,0,-166,0,24.65
fold2_room1_mix0070,45,4,0,-3,-3,16.14
fold2_room1_mix0070,46,1,0,64,-5,10.48
fold2_room1_mix0070,46,4,0,-167,-1,25.05
fold2_room1_mix0070,46,4,0,-5,-4,15.54
fold2_room1_mix0070,47,4,0,-163,-3,19.80
fold2_room1_mix0070,47,4,0,-5,-2,19.34
fold2_room1_mix0070,48,1,0,84,-5,11.98
fold2_room1_mix0070,48,4,0,-164,0,24.39
fold2_room1_mix0070,48,4,0,-3,-2,18.72
fold2_room1_mix0070,49,1,0,99,-5,11.19
fold2_room1_mix0070,49,4,0,-169,-1,19.85
fold2_room1_mix0070,49,4,0,0,-2,18.04
fold2_room1_mix0070,50,1,0,110,-4,12.39
fold2_room1_mix0070,50,4,0,-166,0,20.61
fold2_room1_mix0070,50,4,0,-6,-2,17.96
fold2_room1_mix0070,51,1,0,110,-4,11.51
fold2_room1_mix0070,51,4,0,-166,0,24.75
fold2_room1_mix0070,51,4,0,-9,-2,20.04
fold2_room1_mix0070,52,1,0,106,-4,2.75
fold2_room1_mix0070,52,4,0,-164,-1,16.88
fold2_room1_mix0070,52,4,0,-5,-2,15.62
fold2_room1_mix0070,53,1,0,131,-4,14.12
fold2_room1_mix0070,53,4,0,-160,-1,16.68
fold2_room1_mix0070,53,4,0,-3,-3,16.04
fold2_room1_mix0070,54,1,0,138,-4,16.47
fold2_room1_mix0070,54,4,0,-169,-2,15.97
fold2_room1_mix0070,54,4,0,-6,-2,17.12
fold2_room1_mix0070,55,1,0,135,-3,14.80
fold2_room1_mix0070,55,4,0,-166,-2,14.64
fold2_room1_mix0070,55,4,0,-6,-3,14.65
fold2_room1_mix0070,56,1,0,142,-3,16.47
fold2_room1_mix0070,56,4,0,-164,-1,18.19
fold2_room1_mix0070,56,4,0,-12,-1,20.29
fold2_room1_mix0070,57,4,0,-161,-1,16.45
fold2_room1_mix0070,57,4,0,-9,-2,15.60
fold2_room1_mix0070,58,1,0,149,-3,18.17
fold2_room1_mix0070,58,4,0,-161,-2,17.29
fold2_room1_mix0070,58,4,0,-7,-2,16.41
fold2_room1_mix0070,59,1,0,155,-3,19.16
fold2_room1_mix0070,59,4,0,-166,-3,16.41
fold2_room1_mix0070,59,4,0,-15,-2,16.62
fold2_room1_mix0070,60,1,0,148,-3,20.17
fold2_room1_mix0070,60,4,0,-162,-2,16.04
fold2_room1_mix0070,60,4,0,-6,-2,16.04
fold2_room1_mix0070,61,1,0,155,-3,19.52
fold2_room1_mix0070,61,4,0,-162,-1,17.35
fold2_room1_mix0070,61,4,0,-16,-1,17.04
fold2_room1_mix0070,62,4,0,-162,-2,14.75
fold2_room1_mix0070,62,4,0,-14,-2,13.75
fold2_room1_mix0070,63,1,0,152,-2,24.10
fold2_room1_mix0070,63,4,0,-160,-3,15.52
fold2_room1_mix0070,63,4,0,-16,-3,15.14
fold2_room1_mix0070,64,1,0,159,-3,25.30
fold2_room1_mix0070,64,4,0,-167,-4,14.47
fold2_room1_mix0070,64,4,0,-19,-3,14.51
fold2_room1_mix0070,65,1,0,157,-2,24.77
fold2_room1_mix0070,65,4,0,-162,-3,15.00
fold2_room1_mix0070,65,4,0,-10,-3,14.95
fold2_room1_mix0070,66,1,0,161,-2,25.26
fold2_room1_mix0070,66,4,0,-162,-4,14.09
fold2_room1_mix0070,66,4,0,-47,-5,12.58
fold2_room1_mix0070,66,4,0,-26,-2,14.95
fold2_room1_mix0070,67,1,0,165,-2,6.34
fold2_room1_mix0070,67,4,0,-158,-2,12.31
fold2_room1_mix0070,67,4,0,-21,-4,10.42
fold2_room1_mix0070,68,1,0,159,-2,29.29
fold2_room1_mix0070,68,4,0,-158,-3,13.21
fold2_room1_mix0070,68,4,0,-16,-4,12.73
fold2_room1_mix0070,69,1,0,168,-2,30.90
fold2_room1_mix0070,69,4,0,-162,-5,12.58
fold2_room1_mix0070,69,4,0,-77,-10,10.81
fold2_room1_mix0070,69,4,0,-17,-4,13.90
fold2_room1_mix0070,70,1,0,164,-2,33.60
fold2_room1_mix0070,70,4,0,-156,-5,13.19
fold2_room1_mix0070,70,4,0,-38,-8,12.03
fold2_room1_mix0070,70,4,0,-17,-4,14.00
fold2_room1_mix0070,71,1,0,167,-2,26.94
fold2_room1_mix0070,71,4,0,-156,-4,12.95
fold2_room1_mix0070,71,4,0,-75,-9,9.14
fold2_room1_mix0070,71,4,0,-26,-4,13.05
fold2_room1_mix0070,72,4,0,-154,-4,10.02
fold2_room1_mix0070,72,4,0,-30,-7,6.64
fold2_room1_mix0070,72,4,0,-14,-4,9.59
fold2_room1_mix0070,73,1,0,163,-2,31.23
fold2_room1_mix0070,73,4,0,-149,-5,11.69
fold2_room1_mix0070,73,4,0,-85,-13,6.48
fold2_room1_mix0070,73,4,0,-17,-6,10.06
fold2_room1_mix0070,74,1,0,177,-2,28.98
fold2_room1_mix0070,74,4,0,-153,-6,9.74
fold2_room1_mix0070,74,4,0,-106,-9,6.53
fold2_room1_mix0070,74,4,0,-27,-5,11.81
fold2_room1_mix0070,75,1,0,179,-2,31.31
fold2_room1_mix0070,75,4,0,-151,-6,9.36
fold2_room1_mix0070,75,4,0,-80,-9,5.98
fold2_room1_mix0070,75,4,0,-28,-5,9.90
fold2_room1_mix0070,76,1,0,176,-2,24.93
fold2_room1_mix0070,76,4,0,-140,-5,10.44
fold2_room1_mix0070,76,4,0,-56,-9,5.01
fold2_room1_mix0070,76,4,0,-27,-6,8.31
fold2_room1_mix0070,77,4,0,-142,-6,7.58
fold2_room1_mix0070,77,4,0,-51,-11,4.39
fold2_room1_mix0070,77,4,0,-25,-7,6.79
fold2_room1_mix0070,78,1,0,173,-2,21.31
fold2_room1_mix0070,78,4,0,-138,-6,8.36
fold2_room1_mix0070,78,4,0,-86,-11,4.88
fold2_room1_mix0070,78,4,0,-26,-7,7.36
fold2_room1_mix0070,79,1,0,-171,-2,23.42
fold2_room1_mix0070,79,4,0,-140,-7,6.51
fold2_room1_mix0070,79,4,0,-70,-10,4.91
fold2_room1_mix0070,79,4,0,-24,-6,7.02
fold2_room1_mix0070,80,4,0,-128,-8,7.20
fold2_room1_mix0070,80,4,0,-49,-11,3.98
fold2_room1_mix0070,80,4,0,-32,-8,6.11
fold2_room1_mix0070,81,4,0,-122,-10,7.37
fold2_room1_mix0070,81,4,0,-59,-15,3.22
fold2_room1_mix0070,81,4,0,-31,-11,5.25
fold2_room1_mix0070,82,4,0,-109,-9,6.86
fold2_room1_mix0070,82,4,0,-53,-13,3.47
fold2_room1_mix0070,82,4,0,-31,-11,4.50
fold2_room1_mix0070,83,4,0,-96,-8,6.45
fold2_room1_mix0070,83,4,0,-40,-10,3.86
fold2_room1_mix0070,84,4,0,-85,-9,4.96
fold2_room1_mix0070,84,4,0,-59,-10,3.61
fold2_room1_mix0070,84,4,0,-42,-9,4.72
fold2_room1_mix0070,85,4,0,-87,-11,5.04
fold2_room1_mix0070,85,4,0,-67,-12,3.64
fold2_room1_mix0070,85,4,0,-46,-10,4.76
fold2_room1_mix0070,86,4,0,-87,-10,4.56
fold2_room1_mix0070,86,4,0,-69,-12,3.28
fold2_room1_mix0070,86,4,0,-48,-9,4.72
fold2_room1_mix0070,87,4,0,-93,-10,4.42
fold2_room1_mix0070,87,4,0,-71,-10,3.49
fold2_room1_mix0070,87,4,0,-50,-7,5.43
fold2_room1_mix0070,88,4,0,-101,-12,3.86
fold2_room1_mix0070,88,4,0,-56,-8,5.64
fold2_room1_mix0070,89,4,0,-126,-8,3.56
fold2_room1_mix0070,89,4,0,-63,-7,4.52
fold2_room1_mix0070,89,4,0,-37,-5,6.99
fold2_room1_mix0070,90,4,0,-131,-8,3.12
fold2_room1_mix0070,90,4,0,-59,-6,4.64
fold2_room1_mix0070,90,4,0,-37,-3,7.61
fold2_room1_mix0070,91,4,0,-137,-7,3.34
fold2_room1_mix0070,91,4,0,-55,-4,6.07
fold2_room1_mix0070,91,4,0,-40,-4,6.91
fold2_room1_mix0070,92,4,0,-145,-6,4.00
fold2_room1_mix0070,92,4,0,-37,-3,6.88
fold2_room1_mix0070,93,4,0,-145,-6,4.14
fold2_room1_mix0070,93,4,0,-42,-3,6.99
fold2_room1_mix0070,94,4,0,-147,-6,4.48
fold2_room1_mix0070,94,4,0,-53,-5,7.54
fold2_room1_mix0070,94,4,0,-34,-2,8.80
fold2_room1_mix0070,95,4,0,-150,-6,4.40
fold2_room1_mix0070,95,4,0,-37,-2,8.92
fold2_room1_mix0070,96,4,0,-152,-5,4.59
fold2_room1_mix0070,96,4,0,-109,-8,5.92
fold2_room1_mix0070,96,4,0,-33,-1,9.53
fold2_room1_mix0070,97,4,0,-155,-5,5.35
fold2_room1_mix0070,97,4,0,-56,-4,8.75
fold2_room1_mix0070,97,4,0,-30,-1,10.88
fold2_room1_mix0070,98,4,0,-154,-5,5.16
fold2_room1_mix0070,98,4,0,-37,-2,9.71
fold2_room1_mix0070,99,4,0,-156,-4,6.49
fold2_room1_mix0070,99,4,0,-32,-2,10.18
fold2_room1_mix0071,58,4,0,171,0,6.00
fold2_room1_mix0071,59,4,0,172,0,5.96
fold2_room1_mix0071,60,4,0,171,0,10.24
fold2_room1_mix0071,61,4,0,171,-1,12.64
fold2_room1_mix0071,62,4,0,173,-1,15.53
fold2_room1_mix0071,63,4,0,171,-1,15.46
fold2_room1_mix0071,64,4,0,173,-1,20.05
fold2_room1_mix0071,65,4,0,173,-1,19.51
fold2_room1_mix0071,66,4,0,172,-1,19.94
fold2_room1_mix0071,67,4,0,174,-1,19.49
fold2_room1_mix0071,68,4,0,175,-1,19.66
fold2_room1_mix0071,69,4,0,173,-1,18.86
fold2_room1_mix0071,70,4,0,175,-1,18.52
fold2_room1_mix0071,71,4,0,175,-1,17.22
fold2_room1_mix0071,72,4,0,175,-1,16.85
fold2_room1_mix0071,73,4,0,177,-1,15.56
fold2_room1_mix0071,74,4,0,174,-2,14.37
fold2_room1_mix0071,75,4,0,175,-2,13.94
fold2_room1_mix0071,76,4,0,174,-2,13.76
fold2_room1_mix0071,77,4,0,174,-3,11.94
fold2_room1_mix0071,78,4,0,172,-3,11.32
fold2_room1_mix0071,79,4,0,173,-3,10.22
fold2_room1_mix0071,80,4,0,172,-4,8.97
fold2_room1_mix0071,81,4,0,169,-4,7.94
fold2_room1_mix0071,82,4,0,166,-6,6.53
fold2_room1_mix0071,83,4,0,165,-8,5.32
fold2_room1_mix0071,84,4,0,163,-9,4.83
fold2_room1_mix0071,85,4,0,156,-14,3.27
fold2_room1_mix0071,86,4,0,146,-21,2.40
fold2_room1_mix0071,87,4,0,113,-31,1.84
fold2_room1_mix0071,88,4,0,67,-31,1.54
fold2_room1_mix0071,89,4,0,43,-22,2.30
fold2_room1_mix0071,90,4,0,27,-16,2.88
fold2_room1_mix0071,91,4,0,21,-12,4.19
fold2_room1_mix0071,92,4,0,16,-10,4.97
fold2_room1_mix0071,93,4,0,14,-8,5.71
fold2_room1_mix0071,94,4,0,11,-7,6.65
fold2_room1_mix0071,95,4,0,11,-6,7.31
fold2_room1_mix0071,96,4,0,8,-5,8.66
fold2_room1_mix0071,97,4,0,6,-5,9.33
fold2_room1_mix0071,98,4,0,6,-4,9.65
fold2_room1_mix0071,99,4,0,6,-4,10.75
fold2_room1_mix0072,8,4,0,174,0,7.05
fold2_room1_mix0072,12,4,0,175,0,11.13
fold2_room1_mix0072,16,4,0,173,0,15.73
fold2_room1_mix0072,17,4,0,172,0,3.72
fold2_room1_mix0072,18,4,0,170,0,17.00
fold2_room1_mix0072,19,4,0,170,0,21.26
fold2_room1_mix0072,20,4,0,169,0,12.65
fold2_room1_mix0072,21,4,0,171,-1,21.14
fold2_room1_mix0072,22,4,0,175,-1,19.91
fold2_room1_mix0072,23,4,0,173,-1,20.28
fold2_room1_mix0072,24,4,0,169,-1,17.46
fold2_room1_mix0072,25,4,0,171,-1,17.46
fold2_room1_mix0072,26,4,0,171,-1,18.57
fold2_room1_mix0072,27,4,0,167,-1,20.57
fold2_room1_mix0072,28,4,0,170,-1,17.41
fold2_room1_mix0072,29,4,0,173,-2,18.13
fold2_room1_mix0072,30,4,0,174,-1,17.72
fold2_room1_mix0072,31,4,0,174,-1,19.61
fold2_room1_mix0072,32,4,0,173,-1,18.64
fold2_room1_mix0072,33,4,0,174,-1,16.36
fold2_room1_mix0072,34,4,0,174,-1,17.87
fold2_room1_mix0072,35,4,0,173,-1,16.78
fold2_room1_mix0072,36,4,0,175,-2,16.08
fold2_room1_mix0072,37,4,0,173,-2,15.49
fold2_room1_mix0072,38,4,0,177,-2,15.69
fold2_room1_mix0072,39,4,0,179,-2,15.22
fold2_room1_mix0072,40,4,0,176,-2,15.56
fold2_room1_mix0072,41,4,0,174,-2,13.64
fold2_room1_mix0072,42,4,0,173,-3,13.16
fold2_room1_mix0072,43,4,0,174,-2,14.11
fold2_room1_mix0072,44,4,0,173,-2,13.29
fold2_room1_mix0072,45,4,0,172,-3,12.39
fold2_room1_mix0072,46,4,0,171,-2,12.22
fold2_room1_mix0072,47,4,0,172,-2,12.38
fold2_room1_mix0072,48,4,0,171,-3,11.73
fold2_room1_mix0072,49,4,0,172,-2,11.44
fold2_room1_mix0072,50,4,0,170,-3,11.11
fold2_room1_mix0072,51,4,0,170,-3,10.57
fold2_room1_mix0072,52,4,0,174,-3,10.35
fold2_room1_mix0072,53,4,0,174,-4,9.56
fold2_room1_mix0072,54,4,0,169,-4,8.68
fold2_room1_mix0072,55,4,0,169,-5,8.41
fold2_room1_mix0072,56,4,0,166,-5,7.86
fold2_room1_mix0072,57,4,0,164,-5,7.72
fold2_room1_mix0072,58,4,0,165,-5,7.45
fold2_room1_mix0072,59,4,0,163,-5,7.98
fold2_room1_mix0072,60,4,0,161,-6,6.81
fold2_room1_mix0072,61,4,0,161,-6,6.97
fold2_room1_mix0072,62,4,0,160,-6,7.04
fold2_room1_mix0072,63,4,0,158,-7,6.11
fold2_room1_mix0072,64,4,0,155,-7,6.13
fold2_room1_mix0072,65,4,0,155,-8,6.58
fold2_room1_mix0072,66,4,0,150,-10,5.43
fold2_room1_mix0072,67,4,0,152,-7,7.10
fold2_room1_mix0072,67,4,0,128,-10,4.76
fold2_room1_mix0072,68,4,0,160,-7,7.60
fold2_room1_mix0072,68,4,0,122,-10,5.69
fold2_room1_mix0072,69,4,0,161,-7,8.76
fold2_room1_mix0072,69,4,0,115,-11,4.55
fold2_room1_mix0072,70,4,0,161,-7,9.02
fold2_room1_mix0072,70,4,0,92,-13,4.86
fold2_room1_mix0072,71,4,0,176,-4,16.29
fold2_room1_mix0072,71,4,0,153,-10,7.40
fold2_room1_mix0072,71,4,0,84,-15,3.52
fold2_room1_mix0072,72,4,0,177,-4,12.96
fold2_room1_mix0072,72,4,0,82,-13,4.05
fold2_room1_mix0072,73,4,0,174,-5,11.66
fold2_room1_mix0072,73,4,0,68,-11,4.59
fold2_room1_mix0072,74,4,0,177,-3,14.15
fold2_room1_mix0072,74,4,0,153,-9,6.17
fold2_room1_mix0072,74,4,0,58,-10,4.54
fold2_room1_mix0072,75,4,0,177,-4,12.24
fold2_room1_mix0072,75,4,0,51,-11,3.95
fold2_room1_mix0072,76,4,0,174,-4,10.28
fold2_room1_mix0072,76,4,0,41,-8,4.75
fold2_room1_mix0072,77,4,0,-169,-2,13.20
fold2_room1_mix0072,77,4,0,170,-7,7.20
fold2_room1_mix0072,77,4,0,39,-8,5.14
fold2_room1_mix0072,78,4,0,-170,-2,12.53
fold2_room1_mix0072,78,4,0,35,-7,5.06
fold2_room1_mix0072,79,4,0,-165,-3,9.94
fold2_room1_mix0072,79,4,0,168,-8,6.07
fold2_room1_mix0072,79,4,0,32,-7,5.21
fold2_room1_mix0072,80,4,0,-164,-3,8.69
fold2_room1_mix0072,80,4,0,29,-8,4.80
fold2_room1_mix0072,81,4,0,-159,-3,9.19
fold2_room1_mix0072,81,4,0,27,-8,5.18
fold2_room1_mix0072,82,4,0,-156,-4,7.36
fold2_room1_mix0072,82,4,0,22,-7,5.37
fold2_room1_mix0072,83,4,0,-152,-5,6.49
fold2_room1_mix0072,83,4,0,22,-7,5.37
fold2_room1_mix0072,84,4,0,-148,-6,5.41
fold2_room1_mix0072,84,4,0,23,-7,5.40
fold2_room1_mix0072,85,4,0,-140,-8,4.20
fold2_room1_mix0072,85,4,0,20,-6,6.11
fold2_room1_mix0072,86,4,0,-130,-11,3.00
fold2_room1_mix0072,86,4,0,19,-7,5.46
fold2_room1_mix0072,87,4,0,-117,-12,2.54
fold2_room1_mix0072,87,4,0,16,-6,5.20
fold2_room1_mix0072,88,4,0,-90,-14,1.89
fold2_room1_mix0072,88,4,0,15,-5,6.03
fold2_room1_mix0072,89,4,0,-67,-13,1.56
fold2_room1_mix0072,89,4,0,5,-7,4.04
fold2_room1_mix0072,90,4,0,-49,-11,2.11
fold2_room1_mix0072,90,4,0,13,-5,5.20
fold2_room1_mix0072,91,4,0,-37,-8,2.80
fold2_room1_mix0072,91,4,0,8,-5,5.54
fold2_room1_mix0072,92,4,0,-28,-8,3.31
fold2_room1_mix0072,92,4,0,11,-4,6.05
fold2_room1_mix0072,93,4,0,-20,-7,4.34
fold2_room1_mix0072,93,4,0,8,-4,6.98
fold2_room1_mix0072,94,4,0,-15,-6,4.96
fold2_room1_mix0072,94,4,0,9,-3,8.05
fold2_room1_mix0072,95,4,0,0,-3,8.11
fold2_room1_mix0072,96,4,0,3,-3,8.34
fold2_room1_mix0072,97,4,0,2,-3,9.28
fold2_room1_mix0072,98,4,0,0,-3,10.23
fold2_room1_mix0072,99,4,0,-1,-2,11.11
fold2_room1_mix0072,7,4,0,179,1,1.20
fold2_room1_mix0072,15,4,0,174,1,1.18
fold2_room1_mix0073,0,5,0,31,3,3.22
fold2_room1_mix0073,1,5,0,32,3,11.05
fold2_room1_mix0073,2,5,0,30,3,11.71
fold2_room1_mix0073,3,4,0,0,0,4.30
fold2_room1_mix0073,3,5,0,37,3,10.38
fold2_room1_mix0073,4,4,0,5,0,17.06
fold2_room1_mix0073,4,5,0,35,3,12.21
fold2_room1_mix0073,5,4,0,4,0,19.30
fold2_room1_mix0073,5,5,0,36,4,9.07
fold2_room1_mix0073,6,4,0,4,-1,19.24
fold2_room1_mix0073,6,5,0,33,4,11.70
fold2_room1_mix0073,7,4,0,4,-1,25.99
fold2_room1_mix0073,7,5,0,35,3,11.47
fold2_room1_mix0073,8,4,0,2,-1,31.41
fold2_room1_mix0073,8,5,0,33,3,11.22
fold2_room1_mix0073,9,4,0,6,-1,33.65
fold2_room1_mix0073,9,5,0,34,2,13.77
fold2_room1_mix0073,10,4,0,6,-1,31.83
fold2_room1_mix0073,10,5,0,37,3,10.44
fold2_room1_mix0073,11,4,0,4,-2,30.97
fold2_room1_mix0073,11,5,0,38,3,11.31
fold2_room1_mix0073,12,4,0,5,-2,29.24
fold2_room1_mix0073,12,5,0,33,3,11.21
fold2_room1_mix0073,13,4,0,3,-1,31.56
fold2_room1_mix0073,13,5,0,39,3,10.85
fold2_room1_mix0073,14,4,0,5,-2,31.64
fold2_room1_mix0073,14,5,0,40,3,10.17
fold2_room1_mix0073,15,4,0,3,-2,29.72
fold2_room1_mix0073,15,5,0,39,4,9.39
fold2_room1_mix0073,16,4,0,3,-2,30.33
fold2_room1_mix0073,16,5,0,43,3,10.35
fold2_room1_mix0073,17,4,0,3,-2,30.49
fold2_room1_mix0073,17,5,0,38,3,10.36
fold2_room1_mix0073,18,4,0,4,-2,30.82
fold2_room1_mix0073,18,5,0,42,3,10.77
fold2_room1_mix0073,19,4,0,1,-2,29.11
fold2_room1_mix0073,19,5,0,44,3,10.41
fold2_room1_mix0073,20,4,0,2,-2,27.88
fold2_room1_mix0073,20,5,0,42,4,8.60
fold2_room1_mix0073,21,4,0,2,-2,28.09
fold2_room1_mix0073,21,5,0,43,3,10.16
fold2_room1_mix0073,22,4,0,2,-2,27.27
fold2_room1_mix0073,22,5,0,45,3,11.64
fold2_room1_mix0073,23,4,0,2,-2,26.77
fold2_room1_mix0073,23,5,0,41,4,9.01
fold2_room1_mix0073,24,4,0,0,-1,25.97
fold2_room1_mix0073,24,5,0,48,4,9.41
fold2_room1_mix0073,25,4,0,0,-2,26.31
fold2_room1_mix0073,25,5,0,42,3,10.74
fold2_room1_mix0073,26,4,0,0,-1,26.03
fold2_room1_mix0073,26,5,0,43,3,10.57
fold2_room1_mix0073,27,4,0,-1,-1,26.16
fold2_room1_mix0073,27,5,0,45,3,11.89
fold2_room1_mix0073,28,4,0,1,-1,25.45
fold2_room1_mix0073,28,5,0,43,3,11.54
fold2_room1_mix0073,29,4,0,0,-1,24.32
fold2_room1_mix0073,29,5,0,46,4,10.25
fold2_room1_mix0073,30,4,0,0,-1,23.58
fold2_room1_mix0073,30,5,0,45,3,11.86
fold2_room1_mix0073,31,4,0,0,-1,23.29
fold2_room1_mix0073,31,5,0,43,3,11.73
fold2_room1_mix0073,32,4,0,-2,-1,22.87
fold2_room1_mix0073,32,5,0,48,3,12.04
fold2_room1_mix0073,33,4,0,0,-1,21.42
fold2_room1_mix0073,33,5,0,47,3,10.25
fold2_room1_mix0073,34,4,0,0,-1,21.64
fold2_room1_mix0073,34,5,0,45,4,9.65
fold2_room1_mix0073,35,4,0,-1,-1,20.86
fold2_room1_mix0073,35,5,0,51,3,10.89
fold2_room1_mix0073,36,4,0,0,-1,19.99
fold2_room1_mix0073,36,5,0,44,4,9.19
fold2_room1_mix0073,37,4,0,-3,-2,18.15
fold2_room1_mix0073,37,5,0,46,4,10.13
fold2_room1_mix0073,38,4,0,0,-2,18.33
fold2_room1_mix0073,38,5,0,51,3,9.90
fold2_room1_mix0073,39,4,0,-1,-2,17.63
fold2_room1_mix0073,39,5,0,52,6,7.50
fold2_room1_mix0073,40,4,0,-3,-2,17.13
fold2_room1_mix0073,40,5,0,52,4,9.15
fold2_room1_mix0073,41,4,0,-1,-2,16.07
fold2_room1_mix0073,41,5,0,54,4,9.04
fold2_room1_mix0073,42,4,0,-2,-2,16.12
fold2_room1_mix0073,42,5,0,49,4,8.91
fold2_room1_mix0073,43,4,0,-3,-2,14.97
fold2_room1_mix0073,43,5,0,58,4,9.31
fold2_room1_mix0073,44,4,0,-1,-2,14.18
fold2_room1_mix0073,44,5,0,54,5,8.35
fold2_room1_mix0073,45,4,0,-2,-3,13.67
fold2_room1_mix0073,45,5,0,55,4,9.50
fold2_room1_mix0073,46,4,0,-3,-2,13.28
fold2_room1_mix0073,46,5,0,51,4,9.70
fold2_room1_mix0073,47,4,0,-2,-3,12.22
fold2_room1_mix0073,47,5,0,55,5,8.64
fold2_room1_mix0073,48,4,0,-4,-3,11.75
fold2_room1_mix0073,48,5,0,54,4,8.59
fold2_room1_mix0073,49,4,0,-4,-3,11.14
fold2_room1_mix0073,49,5,0,56,6,7.14
fold2_room1_mix0073,50,4,0,-5,-3,10.25
fold2_room1_mix0073,50,5,0,53,6,7.14
fold2_room1_mix0073,51,4,0,-7,-3,9.29
fold2_room1_mix0073,51,5,0,58,5,8.09
fold2_room1_mix0073,52,4,0,-6,-3,8.87
fold2_room1_mix0073,52,5,0,52,6,7.16
fold2_room1_mix0073,53,4,0,-7,-3,8.57
fold2_room1_mix0073,53,5,0,52,6,7.49
fold2_room1_mix0073,54,4,0,-9,-3,7.55
fold2_room1_mix0073,54,5,0,54,5,8.13
fold2_room1_mix0073,55,4,0,-9,-3,7.16
fold2_room1_mix0073,55,5,0,53,6,6.99
fold2_room1_mix0073,56,4,0,-12,-4,6.43
fold2_room1_mix0073,56,5,0,50,5,8.45
fold2_room1_mix0073,57,4,0,-13,-4,5.95
fold2_room1_mix0073,57,5,0,52,6,7.39
fold2_room1_mix0073,58,4,0,-14,-5,4.73
fold2_room1_mix0073,58,5,0,57,7,6.31
fold2_room1_mix0073,59,4,0,-18,-5,4.35
fold2_room1_mix0073,59,5,0,60,6,7.29
fold2_room1_mix0073,60,4,0,-22,-6,3.74
fold2_room1_mix0073,60,5,0,55,6,7.04
fold2_room1_mix0073,61,4,0,-26,-7,2.86
fold2_room1_mix0073,61,5,0,58,7,7.02
fold2_room1_mix0073,62,4,0,-29,-6,2.44
fold2_room1_mix0073,62,5,0,54,7,7.25
fold2_room1_mix0073,63,4,0,-35,-7,1.85
fold2_room1_mix0073,63,5,0,59,7,6.88
fold2_room1_mix0073,64,4,0,-45,-8,1.49
fold2_room1_mix0073,64,5,0,55,6,7.33
fold2_room1_mix0073,65,4,0,-62,-8,1.44
fold2_room1_mix0073,65,5,0,54,7,6.49
fold2_room1_mix0073,66,4,0,-84,-9,1.29
fold2_room1_mix0073,66,5,0,55,7,6.41
fold2_room1_mix0073,67,4,0,-112,-7,1.23
fold2_room1_mix0073,67,5,0,63,7,6.67
fold2_room1_mix0073,68,4,0,-129,-5,1.48
fold2_room1_mix0073,68,5,0,53,8,5.91
fold2_room1_mix0073,69,4,0,-141,-4,1.85
fold2_room1_mix0073,69,5,0,53,7,7.70
fold2_room1_mix0073,70,4,0,-147,-4,2.21
fold2_room1_mix0073,70,5,0,56,7,7.44
fold2_room1_mix0073,71,4,0,-155,-3,3.05
fold2_room1_mix0073,71,5,0,73,10,5.67
fold2_room1_mix0073,72,4,0,-158,-4,3.17
fold2_room1_mix0073,72,5,0,72,9,6.60
fold2_room1_mix0073,73,4,0,-158,-3,3.48
fold2_room1_mix0073,73,5,0,86,9,6.20
fold2_room1_mix0073,74,4,0,-162,-2,3.86
fold2_room1_mix0073,74,5,0,75,10,5.64
fold2_room1_mix0073,75,4,0,-164,-3,4.56
fold2_room1_mix0073,75,5,0,77,9,5.93
fold2_room1_mix0073,76,4,0,-163,-2,4.81
fold2_room1_mix0073,76,5,0,73,9,5.59
fold2_room1_mix0073,77,4,0,-165,-2,5.47
fold2_room1_mix0073,77,5,0,83,10,5.34
fold2_room1_mix0073,78,4,0,-167,-2,6.31
fold2_room1_mix0073,78,5,0,77,9,5.76
fold2_room1_mix0073,79,4,0,-167,-2,6.49
fold2_room1_mix0073,79,5,0,80,11,5.09
fold2_room1_mix0073,80,4,0,-168,-1,7.18
fold2_room1_mix0073,80,5,0,82,9,6.44
fold2_room1_mix0073,81,4,0,-169,-1,7.68
fold2_room1_mix0073,81,5,0,79,9,5.62
fold2_room1_mix0073,82,4,0,-170,-1,8.15
fold2_room1_mix0073,82,5,0,85,10,4.93
fold2_room1_mix0073,83,4,0,-171,-1,8.94
fold2_room1_mix0073,83,5,0,80,10,5.51
fold2_room1_mix0073,84,4,0,-172,-1,9.73
fold2_room1_mix0073,84,5,0,83,12,4.68
fold2_room1_mix0073,85,4,0,-171,-1,9.82
fold2_room1_mix0073,85,5,0,89,10,5.25
fold2_room1_mix0073,86,4,0,-172,-1,10.35
fold2_room1_mix0073,86,5,0,88,10,5.54
fold2_room1_mix0073,87,4,0,-173,-1,10.95
fold2_room1_mix0073,87,5,0,91,11,4.79
fold2_room1_mix0073,88,4,0,-173,-1,11.60
fold2_room1_mix0073,88,5,0,91,9,5.42
fold2_room1_mix0073,89,4,0,-172,-1,11.74
fold2_room1_mix0073,89,5,0,90,9,5.65
fold2_room1_mix0073,90,4,0,-175,-1,11.60
fold2_room1_mix0073,90,5,0,93,9,5.52
fold2_room1_mix0073,91,4,0,-174,-1,12.59
fold2_room1_mix0073,91,5,0,90,9,5.66
fold2_room1_mix0073,92,4,0,-174,-1,12.93
fold2_room1_mix0073,92,5,0,93,9,5.49
fold2_room1_mix0073,93,4,0,-174,0,13.73
fold2_room1_mix0073,93,5,0,93,9,5.60
fold2_room1_mix0073,94,4,0,-174,0,14.59
fold2_room1_mix0073,94,5,0,94,9,5.59
fold2_room1_mix0073,95,4,0,-176,-1,14.40
fold2_room1_mix0073,95,5,0,92,8,5.86
fold2_room1_mix0073,96,4,0,-174,-1,15.52
fold2_room1_mix0073,96,5,0,94,8,5.93
fold2_room1_mix0073,97,4,0,-174,0,16.45
fold2_room1_mix0073,97,5,0,97,9,5.03
fold2_room1_mix0073,98,4,0,-175,0,16.52
fold2_room1_mix0073,98,5,0,95,9,5.06
fold2_room1_mix0073,99,4,0,-176,0,16.43
fold2_room1_mix0073,99,5,0,93,8,5.94
fold2_room1_mix0075,0,5,0,-25,9,1.82
fold2_room1_mix0075,1,5,0,-29,9,2.34
fold2_room1_mix0075,2,5,0,-32,10,2.48
fold2_room1_mix0075,3,5,0,-23,13,2.24
fold2_room1_mix0075,4,5,0,-25,9,3.60
fold2_room1_mix0075,5,5,0,-32,9,4.11
fold2_room1_mix0075,6,5,0,-28,9,4.61
fold2_room1_mix0075,7,5,0,-27,11,3.23
fold2_room1_mix0075,8,5,0,-29,11,3.53
fold2_room1_mix0075,9,5,0,-25,12,3.19
fold2_room1_mix0075,10,5,0,-28,12,3.13
fold2_room1_mix0075,11,5,0,-27,14,2.64
fold2_room1_mix0075,12,5,0,-28,11,3.56
fold2_room1_mix0075,13,5,0,-28,12,3.26
fold2_room1_mix0075,14,5,0,-24,13,2.94
fold2_room1_mix0075,15,5,0,-26,13,2.97
fold2_room1_mix0075,16,5,0,-30,12,3.03
fold2_room1_mix0075,17,5,0,-24,12,3.13
fold2_room1_mix0075,18,5,0,-24,11,3.42
fold2_room1_mix0075,19,5,0,-26,13,2.96
fold2_room1_mix0075,20,5,0,-25,12,3.30
fold2_room1_mix0075,21,5,0,-26,13,3.01
fold2_room1_mix0075,22,5,0,-27,12,3.43
fold2_room1_mix0075,23,5,0,-22,12,3.24
fold2_room1_mix0075,24,5,0,-27,12,3.23
fold2_room1_mix0075,25,5,0,-26,13,2.94
fold2_room1_mix0075,26,5,0,-23,12,3.26
fold2_room1_mix0075,27,5,0,-23,12,3.20
fold2_room1_mix0075,28,5,0,-24,12,3.07
fold2_room1_mix0075,29,5,0,-26,11,3.40
fold2_room1_mix0075,30,5,0,-25,13,3.03
fold2_room1_mix0075,31,5,0,-22,11,3.33
fold2_room1_mix0075,32,5,0,-27,11,3.33
fold2_room1_mix0075,33,5,0,-26,14,2.83
fold2_room1_mix0075,34,5,0,-24,12,3.24
fold2_room1_mix0075,35,5,0,-24,13,2.93
fold2_room1_mix0075,36,5,0,-27,13,2.89
fold2_room1_mix0075,37,5,0,-24,13,2.87
fold2_room1_mix0075,38,5,0,-25,12,3.08
fold2_room1_mix0075,39,5,0,-24,13,2.84
fold2_room1_mix0075,40,5,0,-25,12,3.18
fold2_room1_mix0075,41,5,0,-22,11,3.53
fold2_room1_mix0075,42,5,0,-24,12,3.25
fold2_room1_mix0075,43,5,0,-25,12,3.07
fold2_room1_mix0075,44,5,0,-24,12,3.08
fold2_room1_mix0075,45,5,0,-23,12,3.16
fold2_room1_mix0075,46,5,0,-23,12,3.21
fold2_room1_mix0075,47,5,0,-24,12,3.19
fold2_room1_mix0075,48,5,0,-25,12,3.20
fold2_room1_mix0075,49,5,0,-24,13,3.02
fold2_room1_mix0075,50,5,0,-25,12,3.22
fold2_room1_mix0075,51,5,0,-24,12,3.18
fold2_room1_mix0075,52,5,0,-24,12,3.13
fold2_room1_mix0075,53,5,0,-27,13,2.90
fold2_room1_mix0075,54,5,0,-24,11,3.42
fold2_room1_mix0075,55,5,0,-24,11,3.41
fold2_room1_mix0075,56,5,0,-25,11,3.26
fold2_room1_mix0075,57,5,0,-25,12,3.14
fold2_room1_mix0075,58,5,0,-25,11,3.40
fold2_room1_mix0075,59,5,0,-24,13,2.87
fold2_room1_mix0075,60,5,0,-23,12,3.06
fold2_room1_mix0075,61,5,0,-24,11,3.56
fold2_room1_mix0075,62,5,0,-25,12,3.20
fold2_room1_mix0075,63,5,0,-24,11,3.29
fold2_room1_mix0075,64,5,0,-24,11,3.35
fold2_room1_mix0075,65,5,0,-24,12,3.09
fold2_room1_mix0075,66,5,0,-25,11,3.34
fold2_room1_mix0075,67,5,0,-24,12,3.31
fold2_room1_mix0075,68,5,0,-23,11,3.35
fold2_room1_mix0075,69,5,0,-21,10,3.83
fold2_room1_mix0075,70,5,0,-23,11,3.44
fold2_room1_mix0075,71,5,0,-24,11,3.48
fold2_room1_mix0075,72,5,0,-22,11,3.42
fold2_room1_mix0075,73,5,0,-23,12,3.24
fold2_room1_mix0075,74,5,0,-23,12,3.15
fold2_room1_mix0075,75,5,0,-24,11,3.28
fold2_room1_mix0075,76,5,0,-25,11,3.38
fold2_room1_mix0075,77,5,0,-24,11,3.46
fold2_room1_mix0075,78,5,0,-24,11,3.55
fold2_room1_mix0075,79,5,0,-23,12,3.29
fold2_room1_mix0075,80,5,0,-25,12,3.24
fold2_room1_mix0075,81,5,0,-26,11,3.36
fold2_room1_mix0075,82,5,0,-24,11,3.51
fold2_room1_mix0075,83,5,0,-23,11,3.63
fold2_room1_mix0075,84,5,0,-26,12,3.21
fold2_room1_mix0075,85,5,0,-25,11,3.42
fold2_room1_mix0075,86,5,0,-23,12,3.33
fold2_room1_mix0075,87,5,0,-26,12,3.21
fold2_room1_mix0075,88,5,0,-22,12,3.33
fold2_room1_mix0075,89,5,0,-24,12,3.25
fold2_room1_mix0075,90,5,0,-26,12,3.36
fold2_room1_mix0075,91,5,0,-25,12,3.21
fold2_room1_mix0075,92,5,0,-22,10,3.63
fold2_room1_mix0075,93,5,0,-24,11,3.48
fold2_room1_mix0075,94,5,0,-24,11,3.44
fold2_room1_mix0075,95,5,0,-24,11,3.37
fold2_room1_mix0075,96,5,0,-23,12,3.31
fold2_room1_mix0075,97,5,0,-24,10,3.67
fold2_room1_mix0075,98,5,0,-26,12,3.29
fold2_room1_mix0075,99,5,0,-24,11,3.50
fold2_room1_mix0076,3,4,0,178,1,1.35
fold2_room1_mix0076,4,4,0,178,0,11.63
fold2_room1_mix0076,5,4,0,-178,1,12.57
fold2_room1_mix0076,6,4,0,179,0,15.46
fold2_room1_mix0076,7,4,0,178,0,26.76
fold2_room1_mix0076,8,4,0,179,0,24.49
fold2_room1_mix0076,9,4,0,178,0,26.65
fold2_room1_mix0076,10,4,0,177,0,24.29
fold2_room1_mix0076,11,4,0,177,0,24.84
fold2_room1_mix0076,12,4,0,178,0,25.41
fold2_room1_mix0076,13,4,0,179,0,23.42
fold2_room1_mix0076,14,4,0,177,0,25.82
fold2_room1_mix0076,15,4,0,178,0,24.50
fold2_room1_mix0076,16,4,0,179,0,24.83
fold2_room1_mix0076,17,4,0,-179,0,25.35
fold2_room1_mix0076,18,4,0,178,0,23.82
fold2_room1_mix0076,19,4,0,178,0,23.13
fold2_room1_mix0076,20,4,0,177,0,22.60
fold2_room1_mix0076,21,4,0,-179,0,21.73
fold2_room1_mix0076,22,4,0,-179,0,21.37
fold2_room1_mix0076,23,4,0,-179,0,20.79
fold2_room1_mix0076,24,4,0,178,0,20.35
fold2_room1_mix0076,25,4,0,-178,0,20.26
fold2_room1_mix0076,26,4,0,179,-1,18.97
fold2_room1_mix0076,27,4,0,-179,-1,20.23
fold2_room1_mix0076,28,4,0,179,-1,19.25
fold2_room1_mix0076,29,1,0,-24,-2,17.28
fold2_room1_mix0076,29,4,0,175,-1,19.49
fold2_room1_mix0076,30,4,0,176,-1,24.18
fold2_room1_mix0076,31,1,0,-19,-2,30.26
fold2_room1_mix0076,31,4,0,176,-1,20.45
fold2_room1_mix0076,32,1,0,-34,-3,28.55
fold2_room1_mix0076,32,4,0,177,-1,20.08
fold2_room1_mix0076,33,1,0,-34,-3,22.86
fold2_room1_mix0076,33,4,0,173,-2,22.57
fold2_room1_mix0076,34,1,0,-31,-3,25.85
fold2_room1_mix0076,34,4,0,175,-1,19.97
fold2_room1_mix0076,35,1,0,-31,-2,13.22
fold2_room1_mix0076,35,4,0,176,-1,17.50
fold2_room1_mix0076,36,1,0,-34,-3,23.96
fold2_room1_mix0076,36,4,0,175,-2,22.21
fold2_room1_mix0076,37,1,0,-32,-2,21.56
fold2_room1_mix0076,37,4,0,175,-2,18.36
fold2_room1_mix0076,38,1,0,-32,-2,23.54
fold2_room1_mix0076,38,4,0,173,-1,19.74
fold2_room1_mix0076,39,1,0,-36,-3,29.11
fold2_room1_mix0076,39,4,0,177,-2,20.60
fold2_room1_mix0076,40,4,0,175,-1,19.00
fold2_room1_mix0076,41,1,0,-36,-3,25.20
fold2_room1_mix0076,41,4,0,175,-1,20.06
fold2_room1_mix0076,42,1,0,-35,-3,23.75
fold2_room1_mix0076,42,4,0,174,-1,16.65
fold2_room1_mix0076,43,0,0,174,-1,3.88
fold2_room1_mix0076,43,1,0,-39,-2,19.62
fold2_room1_mix0076,43,4,0,178,-1,21.69
fold2_room1_mix0076,44,0,0,176,-1,3.94
fold2_room1_mix0076,44,1,0,-81,-4,30.34
fold2_room1_mix0076,44,4,0,177,-2,16.66
fold2_room1_mix0076,45,0,0,175,-1,6.51
fold2_room1_mix0076,45,4,0,174,-1,15.30
fold2_room1_mix0076,46,0,0,171,-1,6.71
fold2_room1_mix0076,46,1,0,-42,-3,23.58
fold2_room1_mix0076,46,4,0,176,-1,16.56
fold2_room1_mix0076,47,0,0,167,-1,6.04
fold2_room1_mix0076,47,1,0,-41,-3,23.85
fold2_room1_mix0076,47,4,0,174,-2,14.68
fold2_room1_mix0076,48,0,0,166,-1,5.68
fold2_room1_mix0076,48,1,0,-51,-3,20.60
fold2_room1_mix0076,48,4,0,173,-2,16.85
fold2_room1_mix0076,49,0,0,160,-1,11.73
fold2_room1_mix0076,49,1,0,-58,-3,8.47
fold2_room1_mix0076,49,4,0,177,-2,15.84
fold2_room1_mix0076,50,0,0,162,-1,7.84
fold2_room1_mix0076,50,4,0,174,-2,11.76
fold2_room1_mix0076,51,0,0,157,-2,7.49
fold2_room1_mix0076,51,1,0,-48,-3,18.17
fold2_room1_mix0076,51,4,0,173,-3,10.69
fold2_room1_mix0076,52,0,0,164,-1,11.95
fold2_room1_mix0076,52,1,0,-53,-3,16.57
fold2_room1_mix0076,52,4,0,179,-5,10.58
fold2_room1_mix0076,53,0,0,166,-1,5.50
fold2_room1_mix0076,53,1,0,-54,-3,16.83
fold2_room1_mix0076,53,2,0,137,-3,6.17
fold2_room1_mix0076,53,4,0,172,-3,12.92
fold2_room1_mix0076,54,0,0,159,-1,12.89
fold2_room1_mix0076,54,1,0,-67,-3,6.01
fold2_room1_mix0076,54,4,0,171,-5,10.47
fold2_room1_mix0076,55,0,0,158,-1,14.50
fold2_room1_mix0076,55,4,0,175,-4,6.49
fold2_room1_mix0076,56,0,0,162,-1,13.93
fold2_room1_mix0076,56,1,0,-62,-3,9.94
fold2_room1_mix0076,56,4,0,171,-5,8.33
fold2_room1_mix0076,57,0,0,161,-1,13.20
fold2_room1_mix0076,57,1,0,-77,-4,7.55
fold2_room1_mix0076,57,4,0,170,-8,6.77
fold2_room1_mix0076,58,0,0,158,-1,12.44
fold2_room1_mix0076,58,1,0,-75,-4,7.79
fold2_room1_mix0076,58,4,0,172,-6,8.62
fold2_room1_mix0076,59,0,0,152,-2,10.36
fold2_room1_mix0076,59,1,0,-78,-3,2.22
fold2_room1_mix0076,59,4,0,-173,-11,4.63
fold2_room1_mix0076,59,4,0,-173,-9,6.67
fold2_room1_mix0076,60,0,0,148,-2,6.33
fold2_room1_mix0076,60,4,0,-160,-17,3.52
fold2_room1_mix0076,60,4,0,-121,-21,1.91
fold2_room1_mix0076,61,0,0,148,-2,8.22
fold2_room1_mix0076,61,4,0,-92,-25,1.48
fold2_room1_mix0076,61,4,0,-9,-11,9.96
fold2_room1_mix0076,62,0,0,144,-2,10.01
fold2_room1_mix0076,62,4,0,-122,-18,3.70
fold2_room1_mix0076,62,4,0,-73,-15,2.38
fold2_room1_mix0076,62,4,0,-38,-13,4.81
fold2_room1_mix0076,63,0,0,145,-2,7.52
fold2_room1_mix0076,63,1,0,-84,-3,2.05
fold2_room1_mix0076,63,4,0,-56,-18,2.03
fold2_room1_mix0076,63,4,0,-20,-6,7.88
fold2_room1_mix0076,64,0,0,137,-2,7.50
fold2_room1_mix0076,64,1,0,-82,-4,4.59
fold2_room1_mix0076,64,4,0,-54,-16,3.23
fold2_room1_mix0076,64,4,0,-29,-11,2.92
fold2_room1_mix0076,64,4,0,-7,-6,7.19
fold2_room1_mix0076,65,0,0,127,-2,6.97
fold2_room1_mix0076,65,4,0,-14,-7,4.39
fold2_room1_mix0076,66,0,0,135,-2,5.90
fold2_room1_mix0076,66,1,0,-126,-3,8.54
fold2_room1_mix0076,66,4,0,-21,-10,3.34
fold2_room1_mix0076,66,4,0,-6,-6,6.50
fold2_room1_mix0076,67,0,0,126,-2,8.90
fold2_room1_mix0076,67,1,0,-136,-3,12.43
fold2_room1_mix0076,67,4,0,-20,-7,4.12
fold2_room1_mix0076,67,4,0,-2,-4,7.16
fold2_room1_mix0076,68,0,0,85,-3,7.61
fold2_room1_mix0076,68,1,0,-132,-3,12.46
fold2_room1_mix0076,68,4,0,-20,-9,4.10
fold2_room1_mix0076,68,4,0,0,-4,9.40
fold2_room1_mix0076,69,0,0,60,-3,7.98
fold2_room1_mix0076,69,1,0,-125,-3,11.42
fold2_room1_mix0076,69,4,0,-5,-6,6.24
fold2_room1_mix0076,70,0,0,64,-3,7.00
fold2_room1_mix0076,70,4,0,0,-4,5.87
fold2_room1_mix0076,71,0,0,69,-3,6.84
fold2_room1_mix0076,71,1,0,-137,-3,14.70
fold2_room1_mix0076,71,4,0,-9,-10,3.94
fold2_room1_mix0076,71,4,0,7,-4,6.28
fold2_room1_mix0076,72,0,0,69,-2,8.97
fold2_room1_mix0076,72,0,0,47,-2,9.14
fold2_room1_mix0076,72,1,0,-141,-3,14.24
fold2_room1_mix0076,72,4,0,-179,-4,11.47
fold2_room1_mix0076,72,4,0,-13,-9,4.13
fold2_room1_mix0076,72,4,0,8,-4,7.07
fold2_room1_mix0076,73,0,0,60,-2,9.51
fold2_room1_mix0076,73,1,0,-143,-2,18.24
fold2_room1_mix0076,73,4,0,0,-6,6.83
fold2_room1_mix0076,74,0,0,45,-2,8.06
fold2_room1_mix0076,74,1,0,-135,-3,11.66
fold2_room1_mix0076,74,4,0,178,-8,9.52
fold2_room1_mix0076,74,4,0,-5,-8,5.23
fold2_room1_mix0076,74,4,0,9,-1,11.02
fold2_room1_mix0076,75,0,0,45,-2,9.82
fold2_room1_mix0076,75,4,0,171,-4,11.95
fold2_room1_mix0076,75,4,0,2,-4,7.64
fold2_room1_mix0076,76,0,0,43,-2,7.52
fold2_room1_mix0076,76,1,0,-143,-3,9.58
fold2_room1_mix0076,76,4,0,167,-5,10.86
fold2_room1_mix0076,76,4,0,4,-5,6.72
fold2_room1_mix0076,77,0,0,43,-2,11.14
fold2_room1_mix0076,77,1,0,-135,-2,11.72
fold2_room1_mix0076,77,4,0,3,-4,7.69
fold2_room1_mix0076,78,0,0,43,-2,9.70
fold2_room1_mix0076,78,1,0,-149,-1,13.04
fold2_room1_mix0076,78,4,0,1,-5,9.95
fold2_room1_mix0076,79,0,0,42,-2,10.77
fold2_room1_mix0076,79,1,0,-147,-2,9.95
fold2_room1_mix0076,79,4,0,1,-5,7.54
fold2_room1_mix0076,80,0,0,38,-2,12.58
fold2_room1_mix0076,80,4,0,5,-2,9.21
fold2_room1_mix0076,81,0,0,38,-2,13.71
fold2_room1_mix0076,81,4,0,138,-7,11.16
fold2_room1_mix0076,81,4,0,15,-2,10.30
fold2_room1_mix0076,82,0,0,34,-2,15.96
fold2_room1_mix0076,82,1,0,-144,-2,13.88
fold2_room1_mix0076,82,4,0,162,-9,9.62
fold2_room1_mix0076,82,4,0,11,-5,7.84
fold2_room1_mix0076,83,0,0,40,-2,14.23
fold2_room1_mix0076,83,1,0,-152,-2,14.07
fold2_room1_mix0076,83,4,0,170,-7,8.41
fold2_room1_mix0076,83,4,0,8,-2,10.46
fold2_room1_mix0076,84,0,0,32,-2,8.92
fold2_room1_mix0076,84,1,0,-153,-1,6.67
fold2_room1_mix0076,84,4,0,175,-6,7.75
fold2_room1_mix0076,84,4,0,8,-5,8.12
fold2_room1_mix0076,85,1,0,-151,-1,2.63
fold2_room1_mix0076,85,4,0,24,-3,13.63
fold2_room1_mix0076,86,4,0,36,-2,12.84
fold2_room1_mix0076,86,4,0,12,-1,16.33
fold2_room1_mix0076,87,4,0,43,-2,14.32
fold2_room1_mix0076,87,4,0,9,-1,15.14
fold2_room1_mix0076,88,4,0,44,-2,15.35
fold2_room1_mix0076,88,4,0,25,0,14.91
fold2_room1_mix0076,88,4,0,8,0,17.56
fold2_room1_mix0076,89,4,0,36,-2,15.97
fold2_room1_mix0076,89,4,0,10,0,19.85
fold2_room1_mix0076,90,4,0,59,-2,17.25
fold2_room1_mix0076,90,4,0,6,-1,17.03
fold2_room1_mix0076,91,4,0,48,-2,18.16
fold2_room1_mix0076,91,4,0,21,0,18.07
fold2_room1_mix0076,91,4,0,5,0,20.19
fold2_room1_mix0076,92,4,0,49,-2,17.03
fold2_room1_mix0076,92,4,0,10,0,18.75
fold2_room1_mix0076,93,4,0,44,-2,16.06
fold2_room1_mix0076,93,4,0,6,0,18.04
fold2_room1_mix0076,94,4,0,48,-2,16.97
fold2_room1_mix0076,94,4,0,6,0,19.62
fold2_room1_mix0076,95,4,0,41,-1,17.59
fold2_room1_mix0076,95,4,0,24,0,17.80
fold2_room1_mix0076,95,4,0,6,0,21.70
fold2_room1_mix0076,96,4,0,41,-1,17.10
fold2_room1_mix0076,96,4,0,8,0,19.10
fold2_room1_mix0076,97,4,0,41,-1,18.14
fold2_room1_mix0076,97,4,0,8,0,19.94
fold2_room1_mix0076,98,4,0,39,-1,18.14
fold2_room1_mix0076,98,4,0,11,0,20.97
fold2_room1_mix0076,99,4,0,36,-2,18.43
fold2_room1_mix0076,99,4,0,14,0,20.55
fold2_room1_mix0077,27,4,0,54,-2,8.78
fold2_room1_mix0077,28,4,0,48,-2,14.53
fold2_room1_mix0077,29,4,0,50,-3,12.71
fold2_room1_mix0077,30,4,0,53,-3,14.15
fold2_room1_mix0077,31,4,0,55,-2,14.05
fold2_room1_mix0077,32,4,0,52,-2,13.53
fold2_room1_mix0077,33,4,0,54,-2,13.85
fold2_room1_mix0077,34,4,0,55,-2,13.46
fold2_room1_mix0077,35,4,0,53,-2,12.44
fold2_room1_mix0077,36,1,0,-166,-2,18.49
fold2_room1_mix0077,36,4,0,67,-3,12.86
fold2_room1_mix0077,37,1,0,-167,-3,25.58
fold2_room1_mix0077,37,4,0,61,-3,13.43
fold2_room1_mix0077,38,1,0,-165,-3,23.70
fold2_room1_mix0077,38,4,0,58,-3,13.25
fold2_room1_mix0077,39,1,0,-163,-2,9.27
fold2_room1_mix0077,39,4,0,61,-3,13.70
fold2_room1_mix0077,40,1,0,-165,-3,21.07
fold2_room1_mix0077,40,4,0,105,-4,14.86
fold2_room1_mix0077,40,4,0,69,-4,12.43
fold2_room1_mix0077,40,4,0,52,-3,13.75
fold2_room1_mix0077,41,1,0,-160,-3,20.36
fold2_room1_mix0077,41,4,0,109,-3,13.40
fold2_room1_mix0077,41,4,0,69,-3,11.44
fold2_room1_mix0077,41,4,0,53,-2,12.66
fold2_room1_mix0077,42,1,0,-164,-3,24.53
fold2_room1_mix0077,42,4,0,57,-3,13.09
fold2_room1_mix0077,43,1,0,-168,-3,25.04
fold2_room1_mix0077,43,4,0,127,-3,10.95
fold2_room1_mix0077,43,4,0,72,-2,9.95
fold2_room1_mix0077,43,4,0,47,-2,11.25
fold2_room1_mix0077,44,1,0,-159,-2,5.92
fold2_room1_mix0077,44,4,0,78,-3,11.41
fold2_room1_mix0077,44,4,0,54,-2,12.64
fold2_room1_mix0077,45,1,0,-161,-3,20.75
fold2_room1_mix0077,45,4,0,70,-3,12.72
fold2_room1_mix0077,45,4,0,50,-3,13.46
fold2_room1_mix0077,46,1,0,-164,-3,18.87
fold2_room1_mix0077,46,4,0,133,-3,10.17
fold2_room1_mix0077,46,4,0,78,-3,8.01
fold2_room1_mix0077,46,4,0,55,-3,8.36
fold2_room1_mix0077,47,1,0,-160,-3,20.20
fold2_room1_mix0077,47,4,0,64,-4,11.33
fold2_room1_mix0077,48,1,0,-167,-3,22.17
fold2_room1_mix0077,48,4,0,138,-4,10.28
fold2_room1_mix0077,48,4,0,70,-3,10.15
fold2_room1_mix0077,48,4,0,51,-3,10.66
fold2_room1_mix0077,49,1,0,-161,-2,4.38
fold2_room1_mix0077,49,4,0,75,-4,10.85
fold2_room1_mix0077,50,1,0,-158,-3,17.11
fold2_room1_mix0077,50,4,0,70,-5,11.93
fold2_room1_mix0077,51,1,0,-160,-3,16.68
fold2_room1_mix0077,51,4,0,166,0,7.98
fold2_room1_mix0077,51,4,0,114,-2,5.79
fold2_room1_mix0077,51,4,0,61,-2,6.41
fold2_room1_mix0077,52,1,0,-156,-3,11.59
fold2_room1_mix0077,52,4,0,70,-4,10.98
fold2_room1_mix0077,53,1,0,-163,-3,12.88
fold2_room1_mix0077,53,4,0,153,-3,8.91
fold2_room1_mix0077,53,4,0,80,-3,9.73
fold2_room1_mix0077,53,4,0,55,-2,11.29
fold2_room1_mix0077,54,4,0,117,-4,11.73
fold2_room1_mix0077,54,4,0,86,-4,9.17
fold2_room1_mix0077,54,4,0,65,-3,11.52
fold2_room1_mix0077,55,1,0,-146,-4,9.29
fold2_room1_mix0077,55,4,0,81,-6,10.27
fold2_room1_mix0077,56,1,0,-148,-4,11.08
fold2_room1_mix0077,56,4,0,158,-2,11.44
fold2_room1_mix0077,56,4,0,108,-4,7.86
fold2_room1_mix0077,56,4,0,68,-3,8.38
fold2_room1_mix0077,57,1,0,-142,-4,7.05
fold2_room1_mix0077,57,4,0,142,-3,10.91
fold2_room1_mix0077,57,4,0,92,-4,9.49
fold2_room1_mix0077,57,4,0,67,-3,11.14
fold2_room1_mix0077,58,1,0,-145,-4,8.27
fold2_room1_mix0077,58,4,0,135,-6,7.19
fold2_room1_mix0077,58,4,0,76,-3,9.37
fold2_room1_mix0077,58,4,0,59,-1,12.21
fold2_room1_mix0077,59,4,0,139,-3,9.36
fold2_room1_mix0077,59,4,0,94,-5,6.86
fold2_room1_mix0077,59,4,0,66,-1,10.33
fold2_room1_mix0077,60,1,0,-127,-5,5.52
fold2_room1_mix0077,60,4,0,104,-7,9.30
fold2_room1_mix0077,60,4,0,86,-5,11.06
fold2_room1_mix0077,61,1,0,-121,-6,5.83
fold2_room1_mix0077,61,4,0,152,-4,11.00
fold2_room1_mix0077,61,4,0,93,-6,9.60
fold2_room1_mix0077,61,4,0,67,-3,12.01
fold2_room1_mix0077,62,1,0,-111,-6,4.36
fold2_room1_mix0077,62,4,0,137,-6,10.59
fold2_room1_mix0077,62,4,0,87,-7,9.14
fold2_room1_mix0077,62,4,0,72,-4,12.10
fold2_room1_mix0077,63,1,0,-110,-6,5.02
fold2_room1_mix0077,63,4,0,110,-7,8.43
fold2_room1_mix0077,63,4,0,83,-4,11.11
fold2_room1_mix0077,64,1,0,-99,-6,4.07
fold2_room1_mix0077,64,4,0,129,-4,7.94
fold2_room1_mix0077,64,4,0,64,-3,11.90
fold2_room1_mix0077,65,1,0,-79,-6,5.26
fold2_room1_mix0077,65,4,0,123,-5,10.96
fold2_room1_mix0077,65,4,0,53,-5,10.63
fold2_room1_mix0077,66,1,0,-61,-6,4.93
fold2_room1_mix0077,66,4,0,129,-4,10.87
fold2_room1_mix0077,66,4,0,106,-5,9.46
fold2_room1_mix0077,66,4,0,89,-3,12.12
fold2_room1_mix0077,67,1,0,-54,-6,5.60
fold2_room1_mix0077,67,4,0,122,-7,6.42
fold2_room1_mix0077,67,4,0,105,-5,8.10
fold2_room1_mix0077,68,1,0,-57,-6,6.77
fold2_room1_mix0077,68,4,0,121,-3,11.60
fold2_room1_mix0077,69,4,0,128,-3,10.45
fold2_room1_mix0077,69,4,0,81,-2,12.17
fold2_room1_mix0077,70,4,0,145,-3,12.85
fold2_room1_mix0077,70,4,0,117,-4,12.01
fold2_room1_mix0077,70,4,0,90,-3,12.91
fold2_room1_mix0077,71,4,0,146,-2,13.03
fold2_room1_mix0077,71,4,0,129,-3,12.76
fold2_room1_mix0077,71,4,0,83,-2,14.20
fold2_room1_mix0077,72,4,0,150,-2,13.57
fold2_room1_mix0077,72,4,0,114,-4,11.65
fold2_room1_mix0077,72,4,0,73,-2,13.86
fold2_room1_mix0077,73,4,0,156,-3,12.99
fold2_room1_mix0077,73,4,0,78,-2,13.52
fold2_room1_mix0077,74,4,0,165,-3,12.08
fold2_room1_mix0077,74,4,0,147,-3,10.94
fold2_room1_mix0077,74,4,0,83,-2,14.04
fold2_room1_mix0077,75,4,0,171,-4,10.60
fold2_room1_mix0077,75,4,0,144,-3,10.11
fold2_room1_mix0077,75,4,0,81,-2,14.46
fold2_room1_mix0077,76,4,0,168,-4,9.98
fold2_room1_mix0077,76,4,0,87,-2,12.86
fold2_room1_mix0077,77,4,0,164,-5,8.69
fold2_room1_mix0077,77,4,0,83,-2,13.67
fold2_room1_mix0077,78,4,0,166,-5,7.27
fold2_room1_mix0077,78,4,0,94,-3,11.74
fold2_room1_mix0077,79,4,0,168,-6,6.28
fold2_room1_mix0077,79,4,0,95,-2,12.22
fold2_room1_mix0077,80,4,0,169,-7,5.31
fold2_room1_mix0077,80,4,0,108,-3,10.47
fold2_room1_mix0077,81,4,0,162,-11,4.11
fold2_room1_mix0077,81,4,0,113,-4,10.95
fold2_room1_mix0077,82,4,0,156,-12,3.67
fold2_room1_mix0077,82,4,0,120,-3,10.81
fold2_room1_mix0077,83,4,0,140,-19,2.13
fold2_room1_mix0077,83,4,0,97,-4,10.35
fold2_room1_mix0077,84,4,0,97,-23,2.42
fold2_room1_mix0077,84,4,0,74,-11,6.90
fold2_room1_mix0077,85,4,0,97,-3,6.73
fold2_room1_mix0077,85,4,0,46,-11,2.57
fold2_room1_mix0077,86,4,0,129,3,12.17
fold2_room1_mix0077,86,4,0,32,-8,2.56
fold2_room1_mix0077,87,4,0,120,2,12.48
fold2_room1_mix0077,87,4,0,23,-5,4.31
fold2_room1_mix0077,88,4,0,98,1,11.17
fold2_room1_mix0077,88,4,0,21,-6,3.66
fold2_room1_mix0077,89,4,0,127,1,14.99
fold2_room1_mix0077,89,4,0,17,-5,4.52
fold2_room1_mix0077,90,4,0,125,1,14.06
fold2_room1_mix0077,90,4,0,13,-4,5.10
fold2_room1_mix0077,91,4,0,69,-2,11.47
fold2_room1_mix0077,91,4,0,10,-4,6.23
fold2_room1_mix0077,92,4,0,121,0,15.58
fold2_room1_mix0077,92,4,0,12,-3,6.70
fold2_room1_mix0077,93,4,0,121,-1,14.39
fold2_room1_mix0077,93,4,0,10,-3,7.13
fold2_room1_mix0077,94,4,0,70,-2,12.94
fold2_room1_mix0077,94,4,0,9,-3,8.08
fold2_room1_mix0077,95,4,0,104,-1,14.84
fold2_room1_mix0077,95,4,0,11,-2,8.61
fold2_room1_mix0077,96,4,0,96,-1,13.92
fold2_room1_mix0077,96,4,0,8,-2,8.58
fold2_room1_mix0077,97,4,0,37,-2,13.72
fold2_room1_mix0077,97,4,0,9,-2,10.87
fold2_room1_mix0077,98,4,0,33,-2,13.00
fold2_room1_mix0077,98,4,0,7,-1,10.74
fold2_room1_mix0077,99,4,0,32,-2,13.54
fold2_room1_mix0077,99,4,0,6,-1,11.23
fold2_room1_mix0079,3,4,0,-174,0,6.45
fold2_room1_mix0079,4,4,0,-170,-1,15.09
fold2_room1_mix0079,5,4,0,-167,0,18.69
fold2_room1_mix0079,6,4,0,-167,0,18.07
fold2_room1_mix0079,7,4,0,-166,-1,26.39
fold2_room1_mix0079,8,4,0,-167,-1,26.88
fold2_room1_mix0079,9,4,0,-167,-1,27.07
fold2_room1_mix0079,10,4,0,-167,-1,27.06
fold2_room1_mix0079,11,4,0,-167,-1,26.52
fold2_room1_mix0079,12,4,0,-166,-1,26.51
fold2_room1_mix0079,13,4,0,-166,-1,26.17
fold2_room1_mix0079,14,4,0,-165,-1,25.55
fold2_room1_mix0079,15,4,0,-164,-1,25.03
fold2_room1_mix0079,16,4,0,-162,-1,23.25
fold2_room1_mix0079,17,4,0,-160,-1,23.88
fold2_room1_mix0079,18,4,0,-161,-1,24.04
fold2_room1_mix0079,19,4,0,-161,-1,23.29
fold2_room1_mix0079,20,4,0,-160,-1,24.19
fold2_room1_mix0079,21,4,0,-162,-1,23.46
fold2_room1_mix0079,22,4,0,-160,-1,22.31
fold2_room1_mix0079,23,4,0,-158,-1,22.18
fold2_room1_mix0079,24,4,0,-159,-1,21.77
fold2_room1_mix0079,25,4,0,-159,-1,21.70
fold2_room1_mix0079,26,4,0,-159,-1,20.88
fold2_room1_mix0079,27,4,0,-159,0,24.19
fold2_room1_mix0079,28,0,0,6,-2,2.77
fold2_room1_mix0079,28,4,0,-157,0,24.46
fold2_room1_mix0079,29,0,0,11,-1,4.12
fold2_room1_mix0079,29,4,0,-158,0,25.70
fold2_room1_mix0079,30,0,0,11,-1,11.38
fold2_room1_mix0079,30,4,0,-158,-1,22.14
fold2_room1_mix0079,31,0,0,7,-1,14.44
fold2_room1_mix0079,31,4,0,-156,-1,21.54
fold2_room1_mix0079,32,0,0,8,-1,15.71
fold2_room1_mix0079,32,4,0,-155,0,21.77
fold2_room1_mix0079,33,0,0,5,-1,23.15
fold2_room1_mix0079,33,4,0,-157,-1,19.71
fold2_room1_mix0079,34,0,0,8,-1,26.44
fold2_room1_mix0079,34,4,0,-156,-1,21.29
fold2_room1_mix0079,35,0,0,6,-1,26.97
fold2_room1_mix0079,35,4,0,-157,-1,20.64
fold2_room1_mix0079,36,0,0,6,-1,25.29
fold2_room1_mix0079,36,4,0,-158,-1,22.40
fold2_room1_mix0079,37,0,0,12,-1,23.61
fold2_room1_mix0079,37,4,0,-158,-1,19.46
fold2_room1_mix0079,38,0,0,11,-1,27.30
fold2_room1_mix0079,38,4,0,-159,-1,19.73
fold2_room1_mix0079,39,0,0,13,-1,26.38
fold2_room1_mix0079,39,4,0,-159,-1,19.84
fold2_room1_mix0079,40,0,0,18,-1,25.05
fold2_room1_mix0079,40,4,0,-158,-1,22.04
fold2_room1_mix0079,41,0,0,19,-1,21.86
fold2_room1_mix0079,41,3,0,72,-4,6.93
fold2_room1_mix0079,41,4,0,-159,-1,18.85
fold2_room1_mix0079,42,0,0,21,-1,22.03
fold2_room1_mix0079,42,3,0,75,-4,7.95
fold2_room1_mix0079,42,4,0,-160,-1,17.75
fold2_room1_mix0079,43,0,0,22,-1,20.49
fold2_room1_mix0079,43,3,0,62,-3,6.50
fold2_room1_mix0079,43,4,0,-157,0,20.90
fold2_room1_mix0079,44,0,0,20,-2,16.44
fold2_room1_mix0079,44,3,0,59,-3,6.42
fold2_room1_mix0079,44,4,0,-159,0,19.12
fold2_room1_mix0079,45,0,0,19,-2,15.60
fold2_room1_mix0079,45,3,0,73,-3,8.70
fold2_room1_mix0079,45,4,0,-161,-1,16.72
fold2_room1_mix0079,46,0,0,16,-2,14.32
fold2_room1_mix0079,46,3,0,61,-3,7.80
fold2_room1_mix0079,46,4,0,-160,-1,16.15
fold2_room1_mix0079,47,0,0,16,-2,15.01
fold2_room1_mix0079,47,3,0,60,-3,7.73
fold2_room1_mix0079,47,4,0,-157,-1,17.80
fold2_room1_mix0079,48,0,0,14,-2,14.48
fold2_room1_mix0079,48,3,0,56,-3,7.67
fold2_room1_mix0079,48,4,0,-157,-1,14.95
fold2_room1_mix0079,49,0,0,14,-2,14.00
fold2_room1_mix0079,49,3,0,56,-3,7.47
fold2_room1_mix0079,49,4,0,-156,-2,14.69
fold2_room1_mix0079,50,0,0,18,-2,15.10
fold2_room1_mix0079,50,3,0,58,-3,7.15
fold2_room1_mix0079,50,4,0,-155,-1,15.87
fold2_room1_mix0079,51,0,0,24,-2,11.69
fold2_room1_mix0079,51,3,0,56,-3,5.37
fold2_room1_mix0079,51,4,0,-157,-2,15.13
fold2_room1_mix0079,52,0,0,25,-2,12.47
fold2_room1_mix0079,52,4,0,-152,-1,16.79
fold2_room1_mix0079,53,0,0,26,-2,12.90
fold2_room1_mix0079,53,4,0,-151,-1,17.09
fold2_room1_mix0079,54,0,0,32,-3,9.89
fold2_room1_mix0079,54,4,0,-148,-2,15.53
fold2_room1_mix0079,55,0,0,34,-3,8.91
fold2_room1_mix0079,55,4,0,-144,-2,13.80
fold2_room1_mix0079,56,0,0,38,-3,9.10
fold2_room1_mix0079,56,4,0,-144,-2,15.10
fold2_room1_mix0079,57,0,0,42,-3,8.00
fold2_room1_mix0079,57,4,0,-141,-2,14.56
fold2_room1_mix0079,58,0,0,47,-3,7.34
fold2_room1_mix0079,58,4,0,-140,-2,13.58
fold2_room1_mix0079,59,0,0,58,-3,7.96
fold2_room1_mix0079,59,4,0,-137,-3,10.84
fold2_room1_mix0079,60,0,0,68,-4,8.10
fold2_room1_mix0079,60,4,0,-139,-2,12.05
fold2_room1_mix0079,61,0,0,82,-4,8.37
fold2_room1_mix0079,61,4,0,-137,-2,11.36
fold2_room1_mix0079,62,0,0,90,-4,9.05
fold2_room1_mix0079,62,4,0,-139,-2,11.74
fold2_room1_mix0079,63,0,0,94,-4,9.42
fold2_room1_mix0079,63,4,0,-138,-2,11.30
fold2_room1_mix0079,64,0,0,103,-4,9.06
fold2_room1_mix0079,64,4,0,-139,-1,12.31
fold2_room1_mix0079,65,0,0,109,-4,9.12
fold2_room1_mix0079,65,3,0,89,-4,6.56
fold2_room1_mix0079,65,4,0,-136,-2,11.85
fold2_room1_mix0079,66,0,0,117,-4,8.43
fold2_room1_mix0079,66,3,0,132,-5,7.75
fold2_room1_mix0079,66,4,0,-134,-4,11.58
fold2_room1_mix0079,67,0,0,121,-3,8.79
fold2_room1_mix0079,67,4,0,-129,-4,11.36
fold2_room1_mix0079,68,0,0,128,-3,9.73
fold2_room1_mix0079,68,3,0,87,-5,7.64
fold2_room1_mix0079,68,4,0,-133,-3,11.22
fold2_room1_mix0079,69,0,0,134,-3,10.02
fold2_room1_mix0079,69,4,0,-141,-5,9.67
fold2_room1_mix0079,69,4,0,-115,-4,12.46
fold2_room1_mix0079,70,0,0,138,-3,10.66
fold2_room1_mix0079,70,4,0,-144,-5,8.64
fold2_room1_mix0079,70,4,0,-112,-2,11.20
fold2_room1_mix0079,70,4,0,-97,-6,11.02
fold2_room1_mix0079,71,0,0,141,-2,12.87
fold2_room1_mix0079,71,4,0,-139,-3,10.27
fold2_room1_mix0079,71,4,0,-116,-2,10.94
fold2_room1_mix0079,71,4,0,-101,-5,11.69
fold2_room1_mix0079,72,0,0,145,-2,13.00
fold2_room1_mix0079,72,4,0,-145,-4,9.65
fold2_room1_mix0079,72,4,0,-105,-3,9.85
fold2_room1_mix0079,72,4,0,-89,-6,10.30
fold2_room1_mix0079,73,0,0,146,-2,13.09
fold2_room1_mix0079,73,4,0,-126,-5,8.00
fold2_room1_mix0079,73,4,0,-106,-4,8.21
fold2_room1_mix0079,73,4,0,-73,-5,10.17
fold2_room1_mix0079,74,0,0,151,-2,13.81
fold2_room1_mix0079,74,4,0,-115,-4,8.11
fold2_room1_mix0079,74,4,0,-77,-4,10.28
fold2_room1_mix0079,75,0,0,155,-2,13.32
fold2_room1_mix0079,75,4,0,-107,-5,8.84
fold2_room1_mix0079,76,0,0,156,-2,14.35
fold2_room1_mix0079,76,4,0,-110,-5,8.32
fold2_room1_mix0079,76,4,0,-84,-5,9.78
fold2_room1_mix0079,77,0,0,156,-2,15.48
fold2_room1_mix0079,77,4,0,-108,-6,8.34
fold2_room1_mix0079,77,4,0,-85,-5,9.53
fold2_room1_mix0079,78,0,0,159,-2,14.98
fold2_room1_mix0079,78,4,0,-111,-6,7.87
fold2_room1_mix0079,78,4,0,-94,-5,8.07
fold2_room1_mix0079,78,4,0,-74,-5,9.42
fold2_room1_mix0079,79,0,0,157,-2,16.38
fold2_room1_mix0079,79,4,0,-110,-7,7.81
fold2_room1_mix0079,79,4,0,-93,-6,7.84
fold2_room1_mix0079,79,4,0,-74,-5,9.29
fold2_room1_mix0079,80,0,0,163,-2,18.50
fold2_room1_mix0079,80,4,0,-113,-6,8.25
fold2_room1_mix0079,80,4,0,-90,-6,7.42
fold2_room1_mix0079,80,4,0,-68,-5,9.19
fold2_room1_mix0079,81,0,0,162,-1,10.30
fold2_room1_mix0079,81,3,0,141,-5,7.67
fold2_room1_mix0079,81,4,0,-89,-6,9.09
fold2_room1_mix0079,82,0,0,164,-1,12.09
fold2_room1_mix0079,82,4,0,-94,-6,9.09
fold2_room1_mix0079,83,0,0,167,-1,10.51
fold2_room1_mix0079,83,3,0,148,-4,7.52
fold2_room1_mix0079,83,4,0,-92,-7,9.36
fold2_room1_mix0079,84,0,0,163,-1,3.19
fold2_room1_mix0079,84,3,0,147,-4,10.99
fold2_room1_mix0079,84,4,0,-91,-7,9.43
fold2_room1_mix0079,85,3,0,143,-4,4.28
fold2_room1_mix0079,85,4,0,-93,-7,10.53
fold2_room1_mix0079,86,3,0,164,-5,9.55
fold2_room1_mix0079,86,4,0,-93,-7,10.62
fold2_room1_mix0079,87,4,0,-85,-6,10.28
fold2_room1_mix0079,88,4,0,-82,-6,9.80
fold2_room1_mix0079,89,4,0,-80,-5,10.44
fold2_room1_mix0079,90,4,0,-78,-4,10.48
fold2_room1_mix0079,91,4,0,-77,-5,10.26
fold2_room1_mix0079,92,4,0,-72,-5,10.87
fold2_room1_mix0079,93,4,0,-69,-4,10.34
fold2_room1_mix0079,94,4,0,-68,-5,10.54
fold2_room1_mix0079,95,4,0,-66,-4,10.91
fold2_room1_mix0079,96,4,0,-63,-5,10.66
fold2_room1_mix0079,97,4,0,-61,-4,11.47
fold2_room1_mix0079,98,4,0,-59,-4,11.88
fold2_room1_mix0079,99,4,0,-55,-4,11.15
fold2_room1_mix0079,2,4,0,-176,1,1.00
fold2_room1_mix0080,11,4,0,-1,2,4.43
fold2_room1_mix0080,13,4,0,-1,1,10.52
fold2_room1_mix0080,16,4,0,-3,1,5.90
fold2_room1_mix0080,17,4,0,-2,0,12.38
fold2_room1_mix0080,19,4,0,-2,0,18.62
fold2_room1_mix0080,20,4,0,-3,0,18.02
fold2_room1_mix0080,21,4,0,-3,0,19.45
fold2_room1_mix0080,22,4,0,-1,0,17.58
fold2_room1_mix0080,23,4,0,-1,0,20.18
fold2_room1_mix0080,24,4,0,-2,0,18.08
fold2_room1_mix0080,25,4,0,-3,-1,17.57
fold2_room1_mix0080,26,4,0,0,-1,16.91
fold2_room1_mix0080,27,4,0,-1,0,24.03
fold2_room1_mix0080,28,4,0,-2,0,20.16
fold2_room1_mix0080,29,4,0,-6,-2,22.04
fold2_room1_mix0080,30,4,0,-3,-1,22.30
fold2_room1_mix0080,31,4,0,-4,-1,23.66
fold2_room1_mix0080,32,4,0,-8,-1,24.71
fold2_room1_mix0080,33,4,0,-6,-1,26.36
fold2_room1_mix0080,34,4,0,-3,0,21.80
fold2_room1_mix0080,35,4,0,-2,0,24.04
fold2_room1_mix0080,36,4,0,-5,0,25.32
fold2_room1_mix0080,37,4,0,-6,-1,26.03
fold2_room1_mix0080,38,4,0,-5,-1,25.44
fold2_room1_mix0080,39,4,0,-4,-1,25.11
fold2_room1_mix0080,40,4,0,-5,-1,25.06
fold2_room1_mix0080,41,4,0,-3,-1,24.14
fold2_room1_mix0080,42,4,0,-4,-1,23.69
fold2_room1_mix0080,43,4,0,-1,-1,24.60
fold2_room1_mix0080,44,4,0,-4,-1,23.49
fold2_room1_mix0080,45,4,0,-4,-1,22.22
fold2_room1_mix0080,46,4,0,-4,-1,22.06
fold2_room1_mix0080,47,4,0,-4,-2,22.92
fold2_room1_mix0080,48,4,0,-4,-2,22.57
fold2_room1_mix0080,49,4,0,-7,-1,22.77
fold2_room1_mix0080,50,4,0,-5,-2,20.52
fold2_room1_mix0080,51,4,0,-5,-2,18.34
fold2_room1_mix0080,52,4,0,-5,-2,18.71
fold2_room1_mix0080,53,4,0,-6,-2,17.22
fold2_room1_mix0080,54,4,0,-7,-2,15.76
fold2_room1_mix0080,55,4,0,-8,-2,16.22
fold2_room1_mix0080,56,4,0,-8,-2,15.57
fold2_room1_mix0080,57,4,0,-8,-2,14.47
fold2_room1_mix0080,58,4,0,-7,-2,13.70
fold2_room1_mix0080,59,4,0,-8,-2,14.51
fold2_room1_mix0080,60,4,0,-7,-2,13.99
fold2_room1_mix0080,61,4,0,-6,-2,13.24
fold2_room1_mix0080,62,4,0,-8,-2,13.05
fold2_room1_mix0080,63,4,0,-8,-2,13.27
fold2_room1_mix0080,64,4,0,-8,-2,12.02
fold2_room1_mix0080,65,4,0,-7,-2,12.04
fold2_room1_mix0080,66,4,0,-8,-2,10.97
fold2_room1_mix0080,67,4,0,-8,-3,10.52
fold2_room1_mix0080,68,4,0,-10,-3,10.93
fold2_room1_mix0080,69,4,0,-10,-3,10.28
fold2_room1_mix0080,70,4,0,-12,-3,9.75
fold2_room1_mix0080,71,4,0,-14,-3,9.08
fold2_room1_mix0080,72,4,0,-14,-4,8.55
fold2_room1_mix0080,73,4,0,-16,-4,7.86
fold2_room1_mix0080,74,4,0,-16,-4,7.26
fold2_room1_mix0080,75,4,0,-16,-4,7.40
fold2_room1_mix0080,76,4,0,-19,-4,6.45
fold2_room1_mix0080,77,4,0,-22,-6,5.57
fold2_room1_mix0080,78,4,0,-23,-6,5.19
fold2_room1_mix0080,79,4,0,-25,-7,4.54
fold2_room1_mix0080,80,4,0,-32,-8,4.09
fold2_room1_mix0080,81,4,0,-36,-8,3.62
fold2_room1_mix0080,82,4,0,-39,-11,3.20
fold2_room1_mix0080,83,4,0,-46,-11,3.04
fold2_room1_mix0080,84,4,0,-55,-11,3.25
fold2_room1_mix0080,85,4,0,-72,-15,2.66
fold2_room1_mix0080,86,4,0,-82,-14,2.73
fold2_room1_mix0080,87,4,0,-99,-13,2.87
fold2_room1_mix0080,88,4,0,-108,-13,2.99
fold2_room1_mix0080,89,4,0,-119,-11,3.14
fold2_room1_mix0080,90,4,0,-131,-9,3.42
fold2_room1_mix0080,91,4,0,-138,-8,4.33
fold2_room1_mix0080,92,4,0,-142,-7,4.30
fold2_room1_mix0080,93,4,0,-147,-6,4.66
fold2_room1_mix0080,94,4,0,-150,-6,4.78
fold2_room1_mix0080,95,4,0,-152,-6,5.48
fold2_room1_mix0080,96,4,0,-155,-5,5.63
fold2_room1_mix0080,97,4,0,-156,-5,6.31
fold2_room1_mix0080,98,4,0,-158,-4,6.22
fold2_room1_mix0080,99,4,0,-161,-4,6.47
fold2_room1_mix0081,7,4,0,3,0,22.67
fold2_room1_mix0081,8,4,0,4,0,22.04
fold2_room1_mix0081,9,4,0,2,0,22.79
fold2_room1_mix0081,10,4,0,3,0,23.71
fold2_room1_mix0081,11,4,0,6,0,39.32
fold2_room1_mix0081,12,4,0,4,0,41.38
fold2_room1_mix0081,13,4,0,5,0,36.33
fold2_room1_mix0081,14,4,0,6,0,39.40
fold2_room1_mix0081,15,4,0,6,0,39.24
fold2_room1_mix0081,16,4,0,7,0,36.54
fold2_room1_mix0081,17,4,0,4,-1,35.26
fold2_room1_mix0081,18,4,0,5,0,34.45
fold2_room1_mix0081,19,4,0,8,0,35.49
fold2_room1_mix0081,20,4,0,6,0,34.97
fold2_room1_mix0081,21,4,0,4,0,35.71
fold2_room1_mix0081,22,4,0,4,0,35.44
fold2_room1_mix0081,23,4,0,4,-1,32.73
fold2_room1_mix0081,24,4,0,3,0,34.74
fold2_room1_mix0081,25,4,0,2,-1,34.42
fold2_room1_mix0081,26,4,0,1,-1,33.08
fold2_room1_mix0081,27,4,0,3,0,35.16
fold2_room1_mix0081,28,4,0,3,-1,34.80
fold2_room1_mix0081,29,4,0,0,-1,32.76
fold2_room1_mix0081,30,4,0,1,0,34.33
fold2_room1_mix0081,31,4,0,0,-1,33.48
fold2_room1_mix0081,32,4,0,2,-1,32.27
fold2_room1_mix0081,33,4,0,0,-1,31.74
fold2_room1_mix0081,34,4,0,1,-1,30.16
fold2_room1_mix0081,35,4,0,3,-1,31.82
fold2_room1_mix0081,36,4,0,3,-1,30.19
fold2_room1_mix0081,37,4,0,3,-1,30.27
fold2_room1_mix0081,38,4,0,4,-1,28.95
fold2_room1_mix0081,39,4,0,3,-1,27.67
fold2_room1_mix0081,40,4,0,5,-1,26.94
fold2_room1_mix0081,41,4,0,3,-1,26.78
fold2_room1_mix0081,42,4,0,2,-1,25.42
fold2_room1_mix0081,43,4,0,4,-1,25.66
fold2_room1_mix0081,44,4,0,5,-1,24.75
fold2_room1_mix0081,45,4,0,3,-1,23.58
fold2_room1_mix0081,46,4,0,5,-1,23.92
fold2_room1_mix0081,47,4,0,5,-1,23.47
fold2_room1_mix0081,48,4,0,7,-1,22.26
fold2_room1_mix0081,49,4,0,4,-1,21.04
fold2_room1_mix0081,50,4,0,5,-1,21.30
fold2_room1_mix0081,51,4,0,5,-1,20.24
fold2_room1_mix0081,52,4,0,6,-1,18.96
fold2_room1_mix0081,53,4,0,3,-1,18.71
fold2_room1_mix0081,54,4,0,5,-1,17.19
fold2_room1_mix0081,55,4,0,5,-1,16.44
fold2_room1_mix0081,56,4,0,5,-1,16.58
fold2_room1_mix0081,57,4,0,5,-1,15.71
fold2_room1_mix0081,58,4,0,5,-2,14.19
fold2_room1_mix0081,59,4,0,7,-2,14.86
fold2_room1_mix0081,60,4,0,7,-2,13.41
fold2_room1_mix0081,61,4,0,6,-2,12.71
fold2_room1_mix0081,62,4,0,7,-2,11.72
fold2_room1_mix0081,63,4,0,8,-2,11.64
fold2_room1_mix0081,64,4,0,7,-2,11.19
fold2_room1_mix0081,65,4,0,8,-3,10.22
fold2_room1_mix0081,66,4,0,9,-3,9.67
fold2_room1_mix0081,67,4,0,9,-3,9.03
fold2_room1_mix0081,68,4,0,10,-3,8.66
fold2_room1_mix0081,69,4,0,11,-4,8.33
fold2_room1_mix0081,70,4,0,11,-4,7.40
fold2_room1_mix0081,71,4,0,13,-4,6.67
fold2_room1_mix0081,72,4,0,14,-5,6.07
fold2_room1_mix0081,73,4,0,15,-5,5.20
fold2_room1_mix0081,74,4,0,15,-6,4.62
fold2_room1_mix0081,75,4,0,19,-6,4.01
fold2_room1_mix0081,76,4,0,22,-7,3.46
fold2_room1_mix0081,77,4,0,26,-8,2.63
fold2_room1_mix0081,78,4,0,32,-9,2.08
fold2_room1_mix0081,79,4,0,42,-11,1.64
fold2_room1_mix0081,80,4,0,58,-11,1.30
fold2_room1_mix0081,81,4,0,84,-12,1.42
fold2_room1_mix0081,82,4,0,120,-10,1.43
fold2_room1_mix0081,83,4,0,137,-7,1.62
fold2_room1_mix0081,84,4,0,149,-5,2.12
fold2_room1_mix0081,85,4,0,152,-5,2.71
fold2_room1_mix0081,86,4,0,156,-4,3.16
fold2_room1_mix0081,87,4,0,160,-4,3.69
fold2_room1_mix0081,88,4,0,164,-3,4.54
fold2_room1_mix0081,89,4,0,167,-2,4.87
fold2_room1_mix0081,90,4,0,168,-3,5.36
fold2_room1_mix0081,91,4,0,169,-2,6.09
fold2_room1_mix0081,92,4,0,169,-2,6.74
fold2_room1_mix0081,93,4,0,171,-2,7.17
fold2_room1_mix0081,94,4,0,171,-2,8.02
fold2_room1_mix0081,95,4,0,171,-2,8.57
fold2_room1_mix0081,96,4,0,173,-1,9.07
fold2_room1_mix0081,97,4,0,173,-1,9.90
fold2_room1_mix0081,98,4,0,173,-1,10.20
fold2_room1_mix0081,99,4,0,173,-1,11.13
fold2_room1_mix0082,43,1,0,23,-2,37.62
fold2_room1_mix0082,44,1,0,26,-2,31.09
fold2_room1_mix0082,45,1,0,26,-2,27.31
fold2_room1_mix0082,47,1,0,32,-2,24.59
fold2_room1_mix0082,48,1,0,28,-2,22.21
fold2_room1_mix0082,49,1,0,36,-2,24.74
fold2_room1_mix0082,50,1,0,32,-2,8.52
fold2_room1_mix0082,51,1,0,33,-2,25.74
fold2_room1_mix0082,52,1,0,38,-2,23.73
fold2_room1_mix0082,53,1,0,41,-3,21.86
fold2_room1_mix0082,54,1,0,43,-3,20.65
fold2_room1_mix0082,56,1,0,50,-3,16.30
fold2_room1_mix0082,57,1,0,53,-3,16.55
fold2_room1_mix0082,58,1,0,61,-3,14.74
fold2_room1_mix0082,59,1,0,52,-3,13.03
fold2_room1_mix0082,60,1,0,61,-3,7.92
fold2_room1_mix0082,61,1,0,76,-4,12.71
fold2_room1_mix0082,62,1,0,75,-4,12.79
fold2_room1_mix0082,63,1,0,82,-4,12.45
fold2_room1_mix0083,45,4,0,173,1,2.17
fold2_room1_mix0083,48,4,0,179,0,11.97
fold2_room1_mix0083,49,4,0,179,0,12.41
fold2_room1_mix0083,50,4,0,-179,0,12.89
fold2_room1_mix0083,51,4,0,-177,-1,17.97
fold2_room1_mix0083,52,4,0,-179,0,19.89
fold2_room1_mix0083,53,4,0,-179,-1,20.29
fold2_room1_mix0083,54,4,0,-179,0,20.40
fold2_room1_mix0083,55,4,0,-178,-1,18.92
fold2_room1_mix0083,56,4,0,-178,0,21.40
fold2_room1_mix0083,57,4,0,-177,-1,20.35
fold2_room1_mix0083,58,4,0,-177,-1,20.29
fold2_room1_mix0083,59,4,0,-175,-1,18.83
fold2_room1_mix0083,60,4,0,-177,-1,19.44
fold2_room1_mix0083,61,4,0,-176,-1,17.99
fold2_room1_mix0083,62,4,0,-173,-2,15.74
fold2_room1_mix0083,63,4,0,-176,-2,15.39
fold2_room1_mix0083,64,4,0,-176,-2,14.62
fold2_room1_mix0083,65,4,0,-175,-2,13.92
fold2_room1_mix0083,66,4,0,-174,-2,12.16
fold2_room1_mix0083,67,4,0,-173,-2,12.07
fold2_room1_mix0083,68,4,0,-174,-3,10.96
fold2_room1_mix0083,69,4,0,-173,-3,9.64
fold2_room1_mix0083,70,4,0,-173,-4,8.48
fold2_room1_mix0083,71,4,0,-173,-6,6.55
fold2_room1_mix0083,72,4,0,-171,-7,5.65
fold2_room1_mix0083,73,4,0,-166,-9,4.68
fold2_room1_mix0083,74,4,0,-159,-15,3.08
fold2_room1_mix0083,75,4,0,-124,-33,1.79
fold2_room1_mix0083,76,4,0,-37,-21,1.88
fold2_room1_mix0083,77,4,0,-22,-14,2.42
fold2_room1_mix0083,78,4,0,-15,-10,3.33
fold2_room1_mix0083,79,4,0,-12,-7,4.75
fold2_room1_mix0083,80,4,0,-8,-6,5.49
fold2_room1_mix0083,81,4,0,-5,-5,6.49
fold2_room1_mix0083,82,4,0,-3,-4,7.71
fold2_room1_mix0083,83,4,0,-2,-3,9.35
fold2_room1_mix0083,84,4,0,-1,-3,10.30
fold2_room1_mix0083,85,4,0,-1,-3,10.47
fold2_room1_mix0083,86,4,0,0,-2,12.51
fold2_room1_mix0083,87,4,0,0,-2,13.27
fold2_room1_mix0083,88,4,0,0,-2,13.98
fold2_room1_mix0083,89,4,0,-1,-2,14.31
fold2_room1_mix0083,90,4,0,0,-2,15.23
fold2_room1_mix0083,91,4,0,0,-2,16.11
fold2_room1_mix0083,92,4,0,0,-2,17.79
fold2_room1_mix0083,93,4,0,0,-1,18.54
fold2_room1_mix0083,94,4,0,0,-1,20.67
fold2_room1_mix0083,95,4,0,1,-1,20.48
fold2_room1_mix0083,96,4,0,1,-1,21.29
fold2_room1_mix0083,97,4,0,0,-1,22.19
fold2_room1_mix0083,98,4,0,0,-1,21.26
fold2_room1_mix0083,99,4,0,-1,-1,18.85
fold2_room1_mix0083,47,4,0,178,0,1.72
fold2_room1_mix0084,2,4,0,178,2,1.07
fold2_room1_mix0084,3,4,0,-179,0,4.15
fold2_room1_mix0084,4,4,0,-177,0,13.70
fold2_room1_mix0084,5,4,0,-177,0,15.58
fold2_room1_mix0084,6,4,0,-177,0,17.08
fold2_room1_mix0084,7,4,0,-174,0,23.92
fold2_room1_mix0084,8,4,0,-175,-1,23.56
fold2_room1_mix0084,9,4,0,-177,-1,24.13
fold2_room1_mix0084,10,4,0,-175,0,22.78
fold2_room1_mix0084,11,4,0,-176,0,22.61
fold2_room1_mix0084,12,4,0,-176,-1,22.45
fold2_room1_mix0084,13,4,0,-176,0,21.76
fold2_room1_mix0084,14,4,0,-176,-1,20.64
fold2_room1_mix0084,15,4,0,-175,0,20.55
fold2_room1_mix0084,16,4,0,-174,-1,19.60
fold2_room1_mix0084,17,4,0,-174,-1,19.76
fold2_room1_mix0084,18,4,0,-175,-1,19.60
fold2_room1_mix0084,19,4,0,-174,0,18.92
fold2_room1_mix0084,20,4,0,-172,0,19.60
fold2_room1_mix0084,21,4,0,-173,-1,18.61
fold2_room1_mix0084,22,4,0,-174,-1,18.27
fold2_room1_mix0084,23,4,0,-172,-1,17.96
fold2_room1_mix0084,24,4,0,-172,-1,18.55
fold2_room1_mix0084,25,4,0,-172,-1,18.44
fold2_room1_mix0084,26,4,0,-171,-1,17.41
fold2_room1_mix0084,27,4,0,-171,-1,16.52
fold2_room1_mix0084,28,4,0,-170,-1,17.39
fold2_room1_mix0084,29,4,0,-170,-1,16.00
fold2_room1_mix0084,30,4,0,-170,-1,14.98
fold2_room1_mix0084,31,4,0,-169,-1,15.05
fold2_room1_mix0084,32,4,0,-169,-1,14.23
fold2_room1_mix0084,33,4,0,-168,-2,14.57
fold2_room1_mix0084,34,4,0,-168,-2,13.88
fold2_room1_mix0084,35,4,0,-168,-2,12.96
fold2_room1_mix0084,36,4,0,-168,-2,13.45
fold2_room1_mix0084,37,4,0,-168,-2,12.76
fold2_room1_mix0084,38,4,0,-168,-2,12.32
fold2_room1_mix0084,39,4,0,-165,-2,11.54
fold2_room1_mix0084,40,4,0,-166,-2,11.04
fold2_room1_mix0084,41,4,0,-165,-2,10.91
fold2_room1_mix0084,42,4,0,-164,-3,10.07
fold2_room1_mix0084,43,4,0,-163,-3,9.94
fold2_room1_mix0084,44,4,0,-163,-3,10.10
fold2_room1_mix0084,45,4,0,-162,-3,9.09
fold2_room1_mix0084,46,4,0,-161,-4,8.65
fold2_room1_mix0084,47,4,0,-160,-4,8.49
fold2_room1_mix0084,48,4,0,-160,-4,7.34
fold2_room1_mix0084,49,4,0,-158,-4,7.42
fold2_room1_mix0084,50,4,0,-158,-4,6.88
fold2_room1_mix0084,51,4,0,-156,-5,6.21
fold2_room1_mix0084,52,4,0,-154,-5,5.84
fold2_room1_mix0084,53,4,0,-152,-5,5.32
fold2_room1_mix0084,54,4,0,-150,-6,4.88
fold2_room1_mix0084,55,4,0,-148,-6,4.67
fold2_room1_mix0084,56,4,0,-147,-7,4.06
fold2_room1_mix0084,57,4,0,-145,-7,4.04
fold2_room1_mix0084,58,4,0,-141,-8,3.46
fold2_room1_mix0084,59,4,0,-138,-9,3.15
fold2_room1_mix0084,60,4,0,-132,-9,2.87
fold2_room1_mix0084,61,4,0,-127,-10,2.66
fold2_room1_mix0084,62,4,0,-116,-10,2.62
fold2_room1_mix0084,63,4,0,-100,-10,2.62
fold2_room1_mix0084,64,4,0,-90,-10,2.65
fold2_room1_mix0084,65,4,0,-76,-9,2.79
fold2_room1_mix0084,66,4,0,-66,-8,2.73
fold2_room1_mix0084,67,4,0,-57,-8,2.84
fold2_room1_mix0084,68,4,0,-48,-8,3.21
fold2_room1_mix0084,69,4,0,-42,-7,3.45
fold2_room1_mix0084,70,4,0,-39,-7,3.46
fold2_room1_mix0084,71,4,0,-32,-6,4.05
fold2_room1_mix0084,72,4,0,-29,-5,4.25
fold2_room1_mix0084,73,4,0,-27,-5,4.58
fold2_room1_mix0084,74,4,0,-25,-5,4.84
fold2_room1_mix0084,75,4,0,-24,-5,5.09
fold2_room1_mix0084,76,4,0,-21,-4,5.95
fold2_room1_mix0084,77,4,0,-20,-4,6.22
fold2_room1_mix0084,78,4,0,-19,-4,6.62
fold2_room1_mix0084,79,4,0,-18,-4,7.33
fold2_room1_mix0084,80,4,0,-16,-3,7.32
fold2_room1_mix0084,81,4,0,-15,-3,8.00
fold2_room1_mix0084,82,4,0,-15,-3,8.44
fold2_room1_mix0084,83,4,0,-14,-3,8.42
fold2_room1_mix0084,84,4,0,-13,-3,9.69
fold2_room1_mix0084,85,4,0,-12,-3,10.08
fold2_room1_mix0084,86,4,0,-12,-3,10.11
fold2_room1_mix0084,87,4,0,-11,-3,11.02
fold2_room1_mix0084,88,4,0,-10,-3,11.16
fold2_room1_mix0084,89,4,0,-10,-2,11.81
fold2_room1_mix0084,90,4,0,-8,-2,12.23
fold2_room1_mix0084,91,4,0,-8,-2,12.38
fold2_room1_mix0084,92,4,0,-7,-2,13.94
fold2_room1_mix0084,93,4,0,-8,-2,13.08
fold2_room1_mix0084,94,4,0,-8,-2,13.31
fold2_room1_mix0084,95,4,0,-7,-2,14.19
fold2_room1_mix0084,96,4,0,-7,-2,14.40
fold2_room1_mix0084,97,4,0,-6,-2,15.74
fold2_room1_mix0084,98,4,0,-6,-2,16.07
fold2_room1_mix0084,99,4,0,-6,-2,15.10
fold2_room1_mix0085,29,0,0,-151,-3,2.86
fold2_room1_mix0085,30,0,0,-146,-3,3.24
fold2_room1_mix0085,31,0,0,-145,-3,1.34
fold2_room1_mix0085,32,0,0,-142,-3,6.64
fold2_room1_mix0085,33,0,0,-138,-4,7.96
fold2_room1_mix0085,34,0,0,-136,-4,7.25
fold2_room1_mix0085,35,0,0,-131,-5,7.25
fold2_room1_mix0085,36,0,0,-125,-5,7.51
fold2_room1_mix0085,37,0,0,-121,-5,7.55
fold2_room1_mix0085,38,0,0,-113,-5,7.32
fold2_room1_mix0085,39,0,0,-97,-6,7.37
fold2_room1_mix0085,40,0,0,-88,-6,7.99
fold2_room1_mix0085,41,0,0,-82,-6,7.57
fold2_room1_mix0085,42,0,0,-73,-6,7.14
fold2_room1_mix0085,43,0,0,-66,-5,7.60
fold2_room1_mix0085,44,0,0,-61,-5,7.80
fold2_room1_mix0085,45,0,0,-59,-5,7.78
fold2_room1_mix0085,46,0,0,-55,-5,7.82
fold2_room1_mix0085,47,0,0,-52,-4,8.00
fold2_room1_mix0085,48,0,0,-48,-4,8.13
fold2_room1_mix0085,49,0,0,-45,-4,8.76
fold2_room1_mix0085,50,0,0,-42,-4,8.42
fold2_room1_mix0085,51,0,0,-41,-3,8.95
fold2_room1_mix0085,52,0,0,-38,-3,3.34
fold2_room1_mix0085,53,0,0,-38,-2,2.17
fold2_room1_mix0086,5,4,0,1,0,13.56
fold2_room1_mix0086,6,4,0,1,0,13.42
fold2_room1_mix0086,7,4,0,1,0,17.60
fold2_room1_mix0086,8,4,0,1,0,23.16
fold2_room1_mix0086,9,4,0,2,0,24.21
fold2_room1_mix0086,10,4,0,4,-1,30.72
fold2_room1_mix0086,11,4,0,4,0,32.73
fold2_room1_mix0086,12,4,0,3,0,31.20
fold2_room1_mix0086,13,4,0,2,0,31.19
fold2_room1_mix0086,14,4,0,4,0,33.01
fold2_room1_mix0086,15,4,0,2,0,31.17
fold2_room1_mix0086,16,4,0,3,-1,30.97
fold2_room1_mix0086,17,4,0,2,-1,31.06
fold2_room1_mix0086,18,4,0,3,0,33.36
fold2_room1_mix0086,19,4,0,3,0,34.26
fold2_room1_mix0086,20,2,0,60,-3,9.00
fold2_room1_mix0086,20,4,0,6,0,35.68
fold2_room1_mix0086,21,2,0,54,-2,11.68
fold2_room1_mix0086,21,4,0,5,0,34.45
fold2_room1_mix0086,22,2,0,52,-2,10.87
fold2_room1_mix0086,22,4,0,5,0,32.77
fold2_room1_mix0086,23,2,0,56,-3,9.83
fold2_room1_mix0086,23,4,0,6,-1,31.31
fold2_room1_mix0086,24,2,0,56,-2,11.09
fold2_room1_mix0086,24,4,0,7,0,33.29
fold2_room1_mix0086,25,0,0,13,-1,4.12
fold2_room1_mix0086,25,2,0,60,-1,2.80
fold2_room1_mix0086,25,4,0,6,-1,32.36
fold2_room1_mix0086,26,0,0,19,-1,17.06
fold2_room1_mix0086,26,4,0,9,0,36.77
fold2_room1_mix0086,27,0,0,22,-1,18.15
fold2_room1_mix0086,27,4,0,7,0,35.86
fold2_room1_mix0086,28,0,0,19,-1,18.37
fold2_room1_mix0086,28,4,0,6,0,33.97
fold2_room1_mix0086,29,0,0,19,-1,30.07
fold2_room1_mix0086,29,4,0,3,0,30.42
fold2_room1_mix0086,30,0,0,22,-1,24.80
fold2_room1_mix0086,30,2,0,50,-3,5.50
fold2_room1_mix0086,30,4,0,4,0,31.87
fold2_room1_mix0086,31,0,0,20,0,28.61
fold2_room1_mix0086,31,2,0,52,-2,6.24
fold2_room1_mix0086,31,4,0,3,-1,31.88
fold2_room1_mix0086,32,0,0,23,-1,32.84
fold2_room1_mix0086,32,4,0,1,0,33.66
fold2_room1_mix0086,33,0,0,26,-1,26.38
fold2_room1_mix0086,33,4,0,1,-1,34.46
fold2_room1_mix0086,34,0,0,27,-1,24.61
fold2_room1_mix0086,34,4,0,2,0,33.54
fold2_room1_mix0086,35,0,0,30,-1,22.42
fold2_room1_mix0086,35,4,0,5,0,30.58
fold2_room1_mix0086,36,0,0,32,-1,22.79
fold2_room1_mix0086,36,4,0,9,0,30.56
fold2_room1_mix0086,37,0,0,29,-1,26.48
fold2_room1_mix0086,37,4,0,8,0,30.64
fold2_room1_mix0086,38,0,0,30,-1,25.79
fold2_room1_mix0086,38,4,0,6,0,30.82
fold2_room1_mix0086,39,0,0,33,-1,25.29
fold2_room1_mix0086,39,4,0,8,0,30.66
fold2_room1_mix0086,40,0,0,33,-1,24.72
fold2_room1_mix0086,40,4,0,5,0,34.20
fold2_room1_mix0086,41,0,0,30,-1,21.55
fold2_room1_mix0086,41,4,0,1,0,32.99
fold2_room1_mix0086,42,0,0,32,-1,20.25
fold2_room1_mix0086,42,4,0,6,0,32.77
fold2_room1_mix0086,43,0,0,31,-1,21.40
fold2_room1_mix0086,43,4,0,4,0,32.82
fold2_room1_mix0086,44,0,0,31,-1,16.56
fold2_room1_mix0086,44,2,0,61,-4,7.72
fold2_room1_mix0086,44,4,0,0,0,33.76
fold2_room1_mix0086,45,0,0,39,-2,17.93
fold2_room1_mix0086,45,4,0,1,0,34.25
fold2_room1_mix0086,46,0,0,35,-1,21.19
fold2_room1_mix0086,46,4,0,3,0,34.77
fold2_room1_mix0086,47,0,0,35,-1,22.04
fold2_room1_mix0086,47,4,0,0,0,33.78
fold2_room1_mix0086,48,0,0,40,-1,22.69
fold2_room1_mix0086,48,4,0,2,0,32.45
fold2_room1_mix0086,49,0,0,44,-2,18.04
fold2_room1_mix0086,49,4,0,8,0,27.82
fold2_room1_mix0086,50,0,0,46,-1,19.43
fold2_room1_mix0086,50,4,0,5,0,29.87
fold2_room1_mix0086,51,0,0,49,-1,19.27
fold2_room1_mix0086,51,4,0,5,0,28.95
fold2_room1_mix0086,52,0,0,49,-2,17.17
fold2_room1_mix0086,52,2,0,70,-3,7.58
fold2_room1_mix0086,52,4,0,4,-1,27.05
fold2_room1_mix0086,53,0,0,46,-1,19.93
fold2_room1_mix0086,53,4,0,2,0,29.86
fold2_room1_mix0086,54,0,0,46,-1,21.49
fold2_room1_mix0086,54,4,0,0,-1,26.99
fold2_room1_mix0086,55,0,0,53,-1,18.02
fold2_room1_mix0086,55,4,0,1,0,22.43
fold2_room1_mix0086,56,0,0,57,-2,18.34
fold2_room1_mix0086,56,4,0,3,0,20.88
fold2_room1_mix0086,57,0,0,73,-2,15.48
fold2_room1_mix0086,57,4,0,0,0,21.75
fold2_room1_mix0086,58,0,0,60,-2,18.34
fold2_room1_mix0086,58,4,0,3,0,18.29
fold2_room1_mix0086,59,0,0,67,-2,17.87
fold2_room1_mix0086,59,4,0,4,0,19.56
fold2_room1_mix0086,60,0,0,75,-2,15.85
fold2_room1_mix0086,60,4,0,9,0,19.36
fold2_room1_mix0086,61,0,0,78,-2,15.69
fold2_room1_mix0086,61,4,0,21,0,16.33
fold2_room1_mix0086,62,0,0,89,-2,13.98
fold2_room1_mix0086,62,4,0,21,0,15.19
fold2_room1_mix0086,63,0,0,82,-2,15.05
fold2_room1_mix0086,63,4,0,23,0,15.48
fold2_room1_mix0086,64,0,0,104,-2,13.81
fold2_room1_mix0086,64,4,0,23,-1,14.36
fold2_room1_mix0086,65,0,0,107,-2,14.39
fold2_room1_mix0086,65,4,0,18,-2,13.43
fold2_room1_mix0086,66,0,0,111,-2,15.39
fold2_room1_mix0086,66,4,0,13,-2,13.55
fold2_room1_mix0086,67,0,0,109,-2,15.11
fold2_room1_mix0086,67,4,0,15,-2,10.93
fold2_room1_mix0086,68,0,0,117,-2,14.99
fold2_room1_mix0086,68,4,0,14,-2,9.59
fold2_room1_mix0086,69,0,0,120,-1,16.70
fold2_room1_mix0086,69,4,0,9,-3,8.77
fold2_room1_mix0086,70,0,0,106,-1,17.30
fold2_room1_mix0086,70,4,0,14,-3,8.20
fold2_room1_mix0086,71,0,0,101,-2,17.54
fold2_room1_mix0086,71,4,0,14,-4,7.89
fold2_room1_mix0086,72,0,0,93,-2,18.49
fold2_room1_mix0086,72,4,0,20,-3,7.90
fold2_room1_mix0086,73,0,0,98,-1,18.97
fold2_room1_mix0086,73,4,0,17,-2,8.09
fold2_room1_mix0086,74,0,0,92,-1,21.01
fold2_room1_mix0086,74,4,0,25,-4,6.55
fold2_room1_mix0086,75,0,0,92,-1,20.48
fold2_room1_mix0086,75,4,0,29,-6,5.51
fold2_room1_mix0086,76,0,0,115,-1,17.92
fold2_room1_mix0086,76,4,0,26,-5,5.55
fold2_room1_mix0086,77,0,0,128,-1,18.98
fold2_room1_mix0086,77,4,0,33,-10,3.93
fold2_room1_mix0086,78,0,0,128,-1,21.05
fold2_room1_mix0086,78,4,0,38,-12,3.85
fold2_room1_mix0086,79,0,0,129,-1,17.49
fold2_room1_mix0086,79,4,0,59,-17,2.89
fold2_room1_mix0086,80,0,0,119,-1,12.81
fold2_room1_mix0086,80,4,0,80,-19,2.35
fold2_room1_mix0086,81,0,0,131,-1,13.66
fold2_room1_mix0086,81,4,0,106,-16,2.40
fold2_room1_mix0086,82,0,0,139,-1,10.16
fold2_room1_mix0086,82,4,0,118,-16,2.54
fold2_room1_mix0086,83,0,0,131,-1,8.42
fold2_room1_mix0086,83,4,0,131,-13,2.63
fold2_room1_mix0086,84,0,0,141,-1,7.50
fold2_room1_mix0086,84,4,0,141,-10,3.13
fold2_room1_mix0086,85,0,0,142,-1,9.51
fold2_room1_mix0086,85,4,0,146,-8,3.49
fold2_room1_mix0086,86,0,0,141,-1,10.12
fold2_room1_mix0086,86,4,0,148,-8,3.87
fold2_room1_mix0086,87,0,0,150,-1,12.94
fold2_room1_mix0086,87,4,0,154,-7,4.31
fold2_room1_mix0086,88,4,0,159,-6,5.04
fold2_room1_mix0086,89,0,0,148,-1,9.53
fold2_room1_mix0086,89,4,0,163,-5,5.56
fold2_room1_mix0086,90,0,0,148,0,8.31
fold2_room1_mix0086,90,4,0,164,-5,6.30
fold2_room1_mix0086,91,4,0,166,-4,7.32
fold2_room1_mix0086,92,4,0,167,-4,8.38
fold2_room1_mix0086,93,4,0,169,-4,8.22
fold2_room1_mix0086,94,4,0,170,-3,9.62
fold2_room1_mix0086,95,4,0,171,-3,9.80
fold2_room1_mix0086,96,4,0,171,-3,10.87
fold2_room1_mix0086,97,4,0,172,-2,11.61
fold2_room1_mix0086,98,4,0,170,-3,11.85
fold2_room1_mix0086,99,4,0,172,-3,12.19
fold2_room1_mix0086,4,4,0,0,1,2.30
fold2_room1_mix0087,37,4,0,140,0,8.38
fold2_room1_mix0087,38,4,0,138,-1,13.32
fold2_room1_mix0087,39,4,0,138,-1,12.52
fold2_room1_mix0087,40,4,0,136,-1,15.41
fold2_room1_mix0087,41,4,0,137,-1,16.25
fold2_room1_mix0087,42,4,0,135,-1,15.94
fold2_room1_mix0087,43,4,0,136,-2,16.52
fold2_room1_mix0087,44,4,0,132,-1,16.11
fold2_room1_mix0087,45,4,0,132,-1,16.24
fold2_room1_mix0087,46,4,0,132,-1,16.28
fold2_room1_mix0087,47,4,0,130,-1,16.24
fold2_room1_mix0087,48,4,0,127,-1,15.38
fold2_room1_mix0087,49,4,0,127,-1,15.32
fold2_room1_mix0087,50,4,0,128,-1,15.62
fold2_room1_mix0087,51,4,0,127,-1,15.44
fold2_room1_mix0087,52,4,0,125,-1,14.81
fold2_room1_mix0087,53,4,0,121,-1,14.84
fold2_room1_mix0087,54,4,0,120,-2,14.06
fold2_room1_mix0087,55,4,0,117,-2,13.60
fold2_room1_mix0087,56,4,0,114,-2,13.35
fold2_room1_mix0087,57,4,0,115,-2,13.51
fold2_room1_mix0087,58,4,0,113,-2,13.06
fold2_room1_mix0087,59,4,0,110,-2,13.31
fold2_room1_mix0087,60,4,0,108,-2,13.05
fold2_room1_mix0087,61,4,0,106,-2,13.13
fold2_room1_mix0087,62,4,0,104,-3,13.11
fold2_room1_mix0087,63,4,0,100,-3,13.09
fold2_room1_mix0087,64,4,0,99,-3,12.83
fold2_room1_mix0087,65,4,0,98,-3,12.77
fold2_room1_mix0087,66,4,0,93,-3,12.94
fold2_room1_mix0087,67,1,0,-19,-2,10.02
fold2_room1_mix0087,67,4,0,94,-3,11.71
fold2_room1_mix0087,68,1,0,-31,-3,16.22
fold2_room1_mix0087,68,4,0,97,-3,11.81
fold2_room1_mix0087,69,1,0,-32,-3,12.96
fold2_room1_mix0087,69,4,0,94,-2,12.14
fold2_room1_mix0087,70,1,0,-29,-3,19.43
fold2_room1_mix0087,70,4,0,96,-2,10.30
fold2_room1_mix0087,71,4,0,78,-3,12.32
fold2_room1_mix0087,72,1,0,-27,-3,16.62
fold2_room1_mix0087,72,4,0,83,-2,12.42
fold2_room1_mix0087,73,1,0,-21,-3,21.14
fold2_room1_mix0087,73,4,0,84,-2,10.17
fold2_room1_mix0087,74,1,0,-25,-2,18.08
fold2_room1_mix0087,74,4,0,76,-2,11.64
fold2_room1_mix0087,75,1,0,-26,-3,17.86
fold2_room1_mix0087,75,4,0,80,-1,6.22
fold2_room1_mix0087,76,4,0,69,-2,11.86
fold2_room1_mix0087,77,1,0,-22,-2,15.73
fold2_room1_mix0087,77,4,0,75,-1,12.25
fold2_room1_mix0087,78,1,0,-21,-3,23.29
fold2_room1_mix0087,78,4,0,70,-2,10.86
fold2_room1_mix0087,79,1,0,-20,-2,17.12
fold2_room1_mix0087,79,4,0,68,-1,12.34
fold2_room1_mix0087,80,1,0,-21,-2,21.46
fold2_room1_mix0087,80,4,0,79,0,6.26
fold2_room1_mix0087,81,4,0,66,-2,8.26
fold2_room1_mix0087,82,1,0,-20,-2,15.50
fold2_room1_mix0087,82,4,0,70,-1,12.52
fold2_room1_mix0087,83,1,0,-21,-3,22.35
fold2_room1_mix0087,83,4,0,72,-1,10.65
fold2_room1_mix0087,84,1,0,-19,-2,20.43
fold2_room1_mix0087,84,4,0,63,-1,12.02
fold2_room1_mix0087,85,1,0,-18,-2,12.12
fold2_room1_mix0087,85,4,0,90,3,2.71
fold2_room1_mix0087,86,4,0,56,-1,11.19
fold2_room1_mix0087,87,1,0,-16,-2,15.15
fold2_room1_mix0087,87,4,0,65,0,13.23
fold2_room1_mix0087,88,1,0,-16,-3,22.65
fold2_room1_mix0087,88,4,0,65,0,7.75
fold2_room1_mix0087,89,1,0,-15,-2,18.11
fold2_room1_mix0087,89,4,0,59,0,11.80
fold2_room1_mix0087,92,1,0,-17,-2,16.57
fold2_room1_mix0087,92,4,0,62,0,5.72
fold2_room1_mix0087,93,1,0,-16,-2,23.96
fold2_room1_mix0087,93,4,0,59,0,8.69
fold2_room1_mix0087,94,1,0,-17,-2,18.17
fold2_room1_mix0087,94,4,0,55,1,5.00
fold2_room1_mix0088,2,4,0,179,0,0.46
fold2_room1_mix0088,2,4,0,0,1,0.48
fold2_room1_mix0088,4,4,0,-174,1,5.41
fold2_room1_mix0088,4,4,0,-2,1,5.45
fold2_room1_mix0088,5,4,0,-170,0,16.02
fold2_room1_mix0088,5,4,0,0,0,17.37
fold2_room1_mix0088,6,4,0,-172,0,18.02
fold2_room1_mix0088,6,4,0,0,0,18.94
fold2_room1_mix0088,7,4,0,-171,0,20.84
fold2_room1_mix0088,7,4,0,1,0,22.72
fold2_room1_mix0088,8,4,0,-171,-1,33.48
fold2_room1_mix0088,8,4,0,0,0,38.64
fold2_room1_mix0088,9,4,0,-169,-1,33.34
fold2_room1_mix0088,9,4,0,1,-1,37.23
fold2_room1_mix0088,10,4,0,-170,-1,33.96
fold2_room1_mix0088,10,4,0,1,-1,37.83
fold2_room1_mix0088,11,4,0,-169,-1,35.19
fold2_room1_mix0088,11,4,0,1,-1,37.79
fold2_room1_mix0088,12,4,0,-169,-1,37.41
fold2_room1_mix0088,12,4,0,3,-1,38.16
fold2_room1_mix0088,13,4,0,-168,-1,34.12
fold2_room1_mix0088,13,4,0,2,-1,34.50
fold2_room1_mix0088,14,4,0,-167,-1,33.49
fold2_room1_mix0088,14,4,0,1,-1,34.89
fold2_room1_mix0088,15,4,0,-168,-1,33.35
fold2_room1_mix0088,15,4,0,3,-1,34.18
fold2_room1_mix0088,16,4,0,-167,-1,35.14
fold2_room1_mix0088,16,4,0,4,-1,33.51
fold2_room1_mix0088,17,4,0,-168,-1,34.43
fold2_room1_mix0088,17,4,0,2,-2,33.17
fold2_room1_mix0088,18,4,0,-166,-1,32.25
fold2_room1_mix0088,18,4,0,3,-1,31.97
fold2_room1_mix0088,19,4,0,-167,-1,36.55
fold2_room1_mix0088,19,4,0,4,-1,33.73
fold2_room1_mix0088,20,4,0,-168,0,35.92
fold2_room1_mix0088,20,4,0,4,-1,33.59
fold2_room1_mix0088,21,4,0,-167,-1,36.55
fold2_room1_mix0088,21,4,0,5,-2,32.67
fold2_room1_mix0088,22,4,0,-167,0,39.60
fold2_room1_mix0088,22,4,0,5,-1,33.49
fold2_room1_mix0088,23,4,0,-167,0,36.23
fold2_room1_mix0088,23,4,0,6,-1,32.40
fold2_room1_mix0088,24,4,0,-167,-1,35.40
fold2_room1_mix0088,24,4,0,6,-1,31.32
fold2_room1_mix0088,25,4,0,-165,0,31.23
fold2_room1_mix0088,25,4,0,6,-1,29.43
fold2_room1_mix0088,26,4,0,-165,0,29.95
fold2_room1_mix0088,26,4,0,6,-1,28.87
fold2_room1_mix0088,27,4,0,-166,-1,31.75
fold2_room1_mix0088,27,4,0,7,-1,28.87
fold2_room1_mix0088,28,4,0,-164,0,30.23
fold2_room1_mix0088,28,4,0,6,-2,25.90
fold2_room1_mix0088,29,4,0,-164,0,29.66
fold2_room1_mix0088,29,4,0,6,-2,25.97
fold2_room1_mix0088,30,4,0,-163,0,30.60
fold2_room1_mix0088,30,4,0,8,-2,24.56
fold2_room1_mix0088,31,4,0,-163,0,29.02
fold2_room1_mix0088,31,4,0,6,-2,23.36
fold2_room1_mix0088,32,4,0,-162,0,28.52
fold2_room1_mix0088,32,4,0,6,-2,22.94
fold2_room1_mix0088,33,4,0,-162,0,29.52
fold2_room1_mix0088,33,4,0,7,-2,22.47
fold2_room1_mix0088,34,4,0,-162,0,27.82
fold2_room1_mix0088,34,4,0,6,-2,22.00
fold2_room1_mix0088,35,4,0,-162,0,28.97
fold2_room1_mix0088,35,4,0,7,-3,20.79
fold2_room1_mix0088,36,4,0,-161,0,28.81
fold2_room1_mix0088,36,4,0,7,-2,20.85
fold2_room1_mix0088,37,4,0,-161,0,28.27
fold2_room1_mix0088,37,4,0,7,-2,20.23
fold2_room1_mix0088,38,4,0,-161,0,28.09
fold2_room1_mix0088,38,4,0,9,-2,20.28
fold2_room1_mix0088,39,4,0,-160,0,27.66
fold2_room1_mix0088,39,4,0,9,-2,19.43
fold2_room1_mix0088,40,4,0,-158,0,28.11
fold2_room1_mix0088,40,4,0,8,-2,19.29
fold2_room1_mix0088,41,4,0,-159,0,27.37
fold2_room1_mix0088,41,4,0,9,-2,18.87
fold2_room1_mix0088,42,4,0,-159,-1,26.45
fold2_room1_mix0088,42,4,0,10,-3,18.62
fold2_room1_mix0088,43,4,0,-159,-1,26.09
fold2_room1_mix0088,43,4,0,11,-3,17.95
fold2_room1_mix0088,44,4,0,-157,-1,25.47
fold2_room1_mix0088,44,4,0,10,-3,17.93
fold2_room1_mix0088,45,4,0,-156,-1,24.19
fold2_room1_mix0088,45,4,0,12,-3,16.81
fold2_room1_mix0088,46,4,0,-155,-1,24.00
fold2_room1_mix0088,46,4,0,12,-3,16.78
fold2_room1_mix0088,47,4,0,-155,-1,22.75
fold2_room1_mix0088,47,4,0,14,-3,15.34
fold2_room1_mix0088,48,4,0,-153,-1,21.84
fold2_room1_mix0088,48,4,0,17,-3,14.98
fold2_room1_mix0088,49,4,0,-152,-1,21.94
fold2_room1_mix0088,49,4,0,16,-3,14.17
fold2_room1_mix0088,50,4,0,-150,-1,20.65
fold2_room1_mix0088,50,4,0,16,-3,13.91
fold2_room1_mix0088,51,4,0,-148,-1,21.90
fold2_room1_mix0088,51,4,0,18,-3,13.70
fold2_room1_mix0088,52,4,0,-147,-1,20.85
fold2_room1_mix0088,52,4,0,19,-4,12.55
fold2_room1_mix0088,53,4,0,-146,-1,20.64
fold2_room1_mix0088,53,4,0,21,-3,13.14
fold2_room1_mix0088,54,4,0,-146,-1,18.76
fold2_room1_mix0088,54,4,0,21,-3,13.51
fold2_room1_mix0088,55,4,0,-146,-1,17.18
fold2_room1_mix0088,55,4,0,23,-3,12.45
fold2_room1_mix0088,56,4,0,-145,-1,16.80
fold2_room1_mix0088,56,4,0,24,-3,12.60
fold2_room1_mix0088,57,4,0,-147,-1,17.06
fold2_room1_mix0088,57,4,0,26,-3,12.75
fold2_room1_mix0088,58,4,0,-145,-2,15.98
fold2_room1_mix0088,58,4,0,27,-3,12.12
fold2_room1_mix0088,59,4,0,-143,-1,16.13
fold2_room1_mix0088,59,4,0,27,-4,11.79
fold2_room1_mix0088,60,4,0,-143,-1,16.00
fold2_room1_mix0088,60,4,0,30,-4,10.52
fold2_room1_mix0088,61,4,0,-141,-1,16.03
fold2_room1_mix0088,61,4,0,35,-4,9.98
fold2_room1_mix0088,62,4,0,-139,-1,15.34
fold2_room1_mix0088,62,4,0,34,-4,9.84
fold2_room1_mix0088,63,4,0,-139,-1,16.60
fold2_room1_mix0088,63,4,0,35,-5,8.99
fold2_room1_mix0088,64,4,0,-136,-1,15.19
fold2_room1_mix0088,64,4,0,38,-5,8.64
fold2_room1_mix0088,65,4,0,-132,-1,14.90
fold2_room1_mix0088,65,4,0,40,-5,8.27
fold2_room1_mix0088,66,4,0,-130,0,15.67
fold2_room1_mix0088,66,4,0,41,-5,8.50
fold2_room1_mix0088,67,4,0,-125,0,15.14
fold2_room1_mix0088,67,4,0,44,-5,8.06
fold2_room1_mix0088,68,4,0,-128,0,15.91
fold2_room1_mix0088,68,4,0,48,-6,7.18
fold2_room1_mix0088,69,4,0,-120,0,15.22
fold2_room1_mix0088,69,4,0,54,-6,7.15
fold2_room1_mix0088,70,4,0,-115,0,14.59
fold2_room1_mix0088,70,4,0,60,-6,7.14
fold2_room1_mix0088,71,4,0,-106,0,14.79
fold2_room1_mix0088,71,4,0,68,-6,7.11
fold2_room1_mix0088,72,4,0,-101,0,15.59
fold2_room1_mix0088,72,4,0,75,-7,7.13
fold2_room1_mix0088,73,4,0,-94,0,15.63
fold2_room1_mix0088,73,4,0,83,-7,6.93
fold2_room1_mix0088,74,4,0,-91,0,15.42
fold2_room1_mix0088,74,4,0,90,-7,7.12
fold2_room1_mix0088,75,4,0,-88,1,15.01
fold2_room1_mix0088,75,4,0,102,-4,7.83
fold2_room1_mix0088,76,4,0,-92,0,14.04
fold2_room1_mix0088,76,4,0,108,-3,8.66
fold2_room1_mix0088,78,4,0,121,-4,8.43
fold2_room1_mix0088,78,4,0,-90,-2,11.23
fold2_room1_mix0088,79,4,0,126,-4,9.07
fold2_room1_mix0088,79,4,0,-87,-3,10.72
fold2_room1_mix0088,80,4,0,129,-4,9.41
fold2_room1_mix0088,80,4,0,-89,-3,10.89
fold2_room1_mix0088,81,4,0,129,-3,9.95
fold2_room1_mix0088,81,4,0,-78,-3,11.39
fold2_room1_mix0088,82,4,0,132,-3,9.63
fold2_room1_mix0088,82,4,0,-73,-2,12.16
fold2_room1_mix0088,83,4,0,132,-3,10.13
fold2_room1_mix0088,83,4,0,-66,-2,12.66
fold2_room1_mix0088,84,4,0,136,-3,10.54
fold2_room1_mix0088,84,4,0,-61,-2,13.10
fold2_room1_mix0088,85,4,0,137,-3,11.06
fold2_room1_mix0088,85,4,0,-60,-2,13.59
fold2_room1_mix0088,86,4,0,139,-4,11.52
fold2_room1_mix0088,86,4,0,-56,-3,13.95
fold2_room1_mix0088,87,4,0,139,-3,11.57
fold2_room1_mix0088,87,4,0,-52,-2,14.59
fold2_room1_mix0088,88,4,0,141,-4,12.26
fold2_room1_mix0088,88,4,0,-52,-2,15.04
fold2_room1_mix0088,89,4,0,146,-3,11.98
fold2_room1_mix0088,89,4,0,-45,-2,15.21
fold2_room1_mix0088,90,4,0,146,-3,13.20
fold2_room1_mix0088,90,4,0,-51,-2,15.74
fold2_room1_mix0088,91,4,0,149,-3,13.54
fold2_room1_mix0088,91,4,0,-47,-3,15.84
fold2_room1_mix0088,92,4,0,154,-3,13.82
fold2_room1_mix0088,92,4,0,-50,-2,17.24
fold2_room1_mix0088,93,4,0,154,-3,13.81
fold2_room1_mix0088,93,4,0,-43,-2,17.10
fold2_room1_mix0088,94,4,0,157,-2,14.80
fold2_room1_mix0088,94,4,0,-42,-1,18.32
fold2_room1_mix0088,95,4,0,159,-2,14.81
fold2_room1_mix0088,95,4,0,-27,-2,17.73
fold2_room1_mix0088,95,4,0,-46,-1,19.86
fold2_room1_mix0088,96,4,0,161,-2,15.72
fold2_room1_mix0088,96,4,0,-41,-1,18.96
fold2_room1_mix0088,97,4,0,158,-1,17.56
fold2_room1_mix0088,97,4,0,-46,-1,21.34
fold2_room1_mix0088,98,4,0,164,-2,16.67
fold2_room1_mix0088,98,4,0,-38,-1,20.16
fold2_room1_mix0088,99,4,0,165,-2,17.41
fold2_room1_mix0088,99,4,0,-38,-1,20.24
fold2_room1_mix0088,77,4,0,115,-3,8.32
fold2_room1_mix0089,2,4,0,177,2,1.07
fold2_room1_mix0089,3,4,0,-179,1,3.19
fold2_room1_mix0089,4,4,0,179,0,16.12
fold2_room1_mix0089,5,4,0,179,0,18.57
fold2_room1_mix0089,6,4,0,179,0,21.35
fold2_room1_mix0089,7,4,0,179,0,28.24
fold2_room1_mix0089,8,4,0,178,0,28.40
fold2_room1_mix0089,9,4,0,179,0,28.37
fold2_room1_mix0089,10,4,0,178,0,27.61
fold2_room1_mix0089,11,4,0,178,0,27.27
fold2_room1_mix0089,12,4,0,178,0,25.99
fold2_room1_mix0089,13,4,0,178,0,26.31
fold2_room1_mix0089,14,4,0,179,0,26.30
fold2_room1_mix0089,15,4,0,178,0,26.12
fold2_room1_mix0089,16,4,0,178,0,25.20
fold2_room1_mix0089,17,4,0,178,0,25.97
fold2_room1_mix0089,18,4,0,178,0,24.88
fold2_room1_mix0089,19,4,0,178,0,25.04
fold2_room1_mix0089,20,4,0,178,0,25.48
fold2_room1_mix0089,21,4,0,178,-1,24.04
fold2_room1_mix0089,22,4,0,178,-1,23.13
fold2_room1_mix0089,23,4,0,178,0,23.24
fold2_room1_mix0089,24,4,0,178,-1,23.17
fold2_room1_mix0089,25,1,0,6,-2,14.49
fold2_room1_mix0089,25,4,0,177,-1,21.21
fold2_room1_mix0089,26,1,0,9,-2,29.08
fold2_room1_mix0089,26,4,0,176,0,22.20
fold2_room1_mix0089,27,1,0,12,-2,33.12
fold2_room1_mix0089,27,4,0,178,0,22.87
fold2_room1_mix0089,28,4,0,178,0,24.34
fold2_room1_mix0089,29,1,0,9,-3,27.38
fold2_room1_mix0089,29,4,0,178,-1,24.31
fold2_room1_mix0089,30,1,0,12,-2,24.75
fold2_room1_mix0089,30,4,0,177,0,25.45
fold2_room1_mix0089,31,1,0,15,-2,30.31
fold2_room1_mix0089,31,4,0,176,-1,24.29
fold2_room1_mix0089,32,1,0,10,-1,11.28
fold2_room1_mix0089,32,2,0,80,-6,7.72
fold2_room1_mix0089,32,4,0,179,0,27.88
fold2_room1_mix0089,33,1,0,10,-1,8.45
fold2_room1_mix0089,33,2,0,79,-7,6.63
fold2_room1_mix0089,33,4,0,-177,0,23.08
fold2_room1_mix0089,34,1,0,12,-2,26.72
fold2_room1_mix0089,34,2,0,81,-6,7.11
fold2_room1_mix0089,34,4,0,179,-1,21.97
fold2_room1_mix0089,35,1,0,11,-2,25.78
fold2_room1_mix0089,35,2,0,74,-7,8.79
fold2_room1_mix0089,35,4,0,-179,-1,23.61
fold2_room1_mix0089,36,1,0,8,-2,22.77
fold2_room1_mix0089,36,4,0,179,-1,25.21
fold2_room1_mix0089,37,4,0,178,-1,26.09
fold2_room1_mix0089,38,1,0,13,-2,25.27
fold2_room1_mix0089,38,4,0,178,-1,24.86
fold2_room1_mix0089,39,1,0,11,-2,20.97
fold2_room1_mix0089,39,4,0,176,-1,22.46
fold2_room1_mix0089,40,1,0,16,-2,22.16
fold2_room1_mix0089,40,2,0,72,-5,9.42
fold2_room1_mix0089,40,4,0,176,-1,21.03
fold2_room1_mix0089,41,1,0,14,-2,8.08
fold2_room1_mix0089,41,2,0,78,-7,6.55
fold2_room1_mix0089,41,4,0,177,-1,24.46
fold2_room1_mix0089,42,1,0,16,-2,16.47
fold2_room1_mix0089,42,2,0,76,-7,6.71
fold2_room1_mix0089,42,4,0,179,-1,20.01
fold2_room1_mix0089,43,1,0,15,-2,20.96
fold2_room1_mix0089,43,2,0,75,-6,8.32
fold2_room1_mix0089,43,4,0,-179,-1,17.83
fold2_room1_mix0089,44,1,0,21,-2,21.23
fold2_room1_mix0089,44,2,0,76,-7,7.77
fold2_room1_mix0089,44,4,0,178,-1,21.53
fold2_room1_mix0089,45,1,0,17,-2,20.65
fold2_room1_mix0089,45,2,0,76,-7,7.23
fold2_room1_mix0089,45,4,0,178,-1,20.04
fold2_room1_mix0089,46,4,0,-177,-2,19.38
fold2_room1_mix0089,47,1,0,20,-3,21.59
fold2_room1_mix0089,47,4,0,178,-2,19.85
fold2_room1_mix0089,48,1,0,22,-2,21.90
fold2_room1_mix0089,48,4,0,174,-2,16.52
fold2_room1_mix0089,49,1,0,24,-2,18.53
fold2_room1_mix0089,49,4,0,177,-2,16.23
fold2_room1_mix0089,50,1,0,20,-2,8.29
fold2_room1_mix0089,50,2,0,86,-6,7.54
fold2_room1_mix0089,50,4,0,177,-1,18.91
fold2_room1_mix0089,51,1,0,26,-3,17.83
fold2_room1_mix0089,51,2,0,91,-7,5.88
fold2_room1_mix0089,51,4,0,-179,-2,18.14
fold2_room1_mix0089,52,1,0,25,-2,16.45
fold2_room1_mix0089,52,2,0,91,-7,6.52
fold2_room1_mix0089,52,4,0,176,-2,12.60
fold2_room1_mix0089,53,1,0,30,-3,18.62
fold2_room1_mix0089,53,2,0,94,-6,7.66
fold2_room1_mix0089,53,4,0,177,-3,16.05
fold2_room1_mix0089,54,1,0,30,-2,16.14
fold2_room1_mix0089,54,2,0,98,-7,6.55
fold2_room1_mix0089,54,4,0,179,-3,16.11
fold2_room1_mix0089,55,2,0,99,-6,7.73
fold2_room1_mix0089,55,4,0,179,-3,13.16
fold2_room1_mix0089,56,1,0,35,-3,13.02
fold2_room1_mix0089,56,4,0,178,-3,13.84
fold2_room1_mix0089,57,1,0,32,-3,17.39
fold2_room1_mix0089,57,4,0,174,-4,14.17
fold2_room1_mix0089,58,1,0,36,-3,15.41
fold2_room1_mix0089,58,4,0,176,-3,11.23
fold2_room1_mix0089,59,4,0,174,-1,14.88
fold2_room1_mix0089,60,1,0,39,-3,15.33
fold2_room1_mix0089,60,2,0,107,-5,6.58
fold2_room1_mix0089,60,4,0,179,-2,12.73
fold2_room1_mix0089,61,1,0,40,-2,11.33
fold2_room1_mix0089,61,2,0,109,-6,7.93
fold2_room1_mix0089,61,4,0,175,-2,10.23
fold2_room1_mix0089,62,2,0,101,-6,8.11
fold2_room1_mix0089,62,4,0,178,-3,11.92
fold2_room1_mix0089,63,2,0,100,-6,7.45
fold2_room1_mix0089,63,4,0,178,-4,9.56
fold2_room1_mix0089,64,2,0,99,-7,6.42
fold2_room1_mix0089,64,4,0,176,-5,6.85
fold2_room1_mix0089,65,2,0,96,-7,7.49
fold2_room1_mix0089,65,4,0,176,-6,7.50
fold2_room1_mix0089,66,4,0,175,-6,6.63
fold2_room1_mix0089,67,4,0,173,-7,5.42
fold2_room1_mix0089,68,4,0,174,-7,5.46
fold2_room1_mix0089,69,4,0,172,-8,4.84
fold2_room1_mix0089,70,4,0,172,-9,4.28
fold2_room1_mix0089,71,2,0,104,-5,4.37
fold2_room1_mix0089,71,4,0,172,-9,4.16
fold2_room1_mix0089,72,2,0,107,-5,5.73
fold2_room1_mix0089,72,4,0,170,-11,3.64
fold2_room1_mix0089,73,2,0,104,-6,6.59
fold2_room1_mix0089,73,4,0,167,-13,3.22
fold2_room1_mix0089,74,2,0,102,-6,5.52
fold2_room1_mix0089,74,4,0,164,-17,2.44
fold2_room1_mix0089,75,2,0,100,-5,3.31
fold2_room1_mix0089,75,4,0,159,-20,2.35
fold2_room1_mix0089,76,2,0,96,-6,3.10
fold2_room1_mix0089,76,4,0,152,-28,1.55
fold2_room1_mix0089,77,4,0,130,-40,1.23
fold2_room1_mix0089,78,4,0,90,-46,1.14
fold2_room1_mix0089,79,4,0,42,-40,1.14
fold2_room1_mix0089,80,4,0,25,-25,1.41
fold2_room1_mix0089,81,4,0,16,-20,1.96
fold2_room1_mix0089,82,4,0,14,-16,2.38
fold2_room1_mix0089,83,4,0,11,-12,2.82
fold2_room1_mix0089,84,4,0,9,-9,3.94
fold2_room1_mix0089,85,4,0,8,-8,4.00
fold2_room1_mix0089,86,4,0,7,-6,4.32
fold2_room1_mix0089,87,4,0,6,-6,4.58
fold2_room1_mix0089,88,4,0,6,-6,5.25
fold2_room1_mix0089,89,4,0,6,-5,6.00
fold2_room1_mix0089,90,4,0,5,-5,6.25
fold2_room1_mix0089,91,4,0,6,-4,6.85
fold2_room1_mix0089,92,4,0,5,-4,6.98
fold2_room1_mix0089,93,4,0,4,-4,7.16
fold2_room1_mix0089,94,4,0,5,-4,7.95
fold2_room1_mix0089,95,4,0,5,-4,8.15
fold2_room1_mix0089,96,4,0,4,-4,8.45
fold2_room1_mix0089,97,4,0,4,-3,10.08
fold2_room1_mix0089,98,4,0,4,-4,9.71
fold2_room1_mix0089,99,4,0,4,-4,9.77
fold2_room1_mix0090,3,4,0,178,0,3.18
fold2_room1_mix0090,4,4,0,179,0,18.47
fold2_room1_mix0090,5,4,0,177,0,19.63
fold2_room1_mix0090,6,4,0,178,0,22.19
fold2_room1_mix0090,7,4,0,178,0,30.93
fold2_room1_mix0090,8,4,0,179,0,31.98
fold2_room1_mix0090,9,4,0,178,0,31.52
fold2_room1_mix0090,10,4,0,179,0,29.88
fold2_room1_mix0090,11,4,0,179,0,30.02
fold2_room1_mix0090,12,4,0,178,0,28.90
fold2_room1_mix0090,13,4,0,177,0,27.34
fold2_room1_mix0090,14,4,0,177,0,28.49
fold2_room1_mix0090,15,4,0,178,0,27.19
fold2_room1_mix0090,16,4,0,177,0,27.21
fold2_room1_mix0090,17,4,0,176,-1,25.98
fold2_room1_mix0090,18,4,0,179,-1,27.36
fold2_room1_mix0090,19,4,0,178,-1,26.05
fold2_room1_mix0090,20,4,0,175,0,26.46
fold2_room1_mix0090,21,4,0,176,-1,24.64
fold2_room1_mix0090,22,4,0,177,0,25.24
fold2_room1_mix0090,23,4,0,176,0,23.96
fold2_room1_mix0090,24,4,0,176,-1,23.81
fold2_room1_mix0090,25,4,0,176,-1,23.55
fold2_room1_mix0090,26,4,0,177,-1,22.71
fold2_room1_mix0090,27,4,0,175,-1,22.65
fold2_room1_mix0090,28,4,0,175,-1,22.96
fold2_room1_mix0090,29,4,0,174,-1,22.62
fold2_room1_mix0090,30,4,0,173,-1,22.64
fold2_room1_mix0090,31,4,0,173,-1,22.38
fold2_room1_mix0090,32,4,0,173,-1,22.12
fold2_room1_mix0090,33,4,0,172,-1,21.38
fold2_room1_mix0090,34,4,0,172,-1,20.22
fold2_room1_mix0090,35,4,0,173,-1,19.65
fold2_room1_mix0090,36,4,0,171,-1,19.24
fold2_room1_mix0090,37,4,0,172,-1,18.15
fold2_room1_mix0090,38,4,0,173,-1,17.66
fold2_room1_mix0090,39,4,0,173,-1,17.03
fold2_room1_mix0090,40,4,0,171,-1,16.37
fold2_room1_mix0090,41,4,0,171,-1,17.11
fold2_room1_mix0090,42,4,0,172,-1,15.85
fold2_room1_mix0090,43,4,0,171,-2,15.98
fold2_room1_mix0090,44,4,0,173,-2,16.31
fold2_room1_mix0090,45,4,0,171,-2,15.05
fold2_room1_mix0090,46,4,0,169,-2,15.36
fold2_room1_mix0090,47,4,0,169,-2,14.35
fold2_room1_mix0090,48,4,0,169,-2,13.92
fold2_room1_mix0090,49,4,0,169,-2,14.46
fold2_room1_mix0090,50,4,0,169,-2,13.50
fold2_room1_mix0090,51,4,0,170,-2,12.96
fold2_room1_mix0090,52,4,0,168,-2,13.49
fold2_room1_mix0090,53,4,0,167,-3,12.43
fold2_room1_mix0090,54,4,0,167,-3,12.01
fold2_room1_mix0090,55,4,0,168,-3,11.66
fold2_room1_mix0090,56,4,0,167,-3,10.98
fold2_room1_mix0090,57,4,0,166,-3,10.46
fold2_room1_mix0090,58,4,0,165,-4,9.73
fold2_room1_mix0090,59,4,0,165,-4,9.65
fold2_room1_mix0090,60,4,0,162,-4,9.00
fold2_room1_mix0090,61,4,0,161,-4,8.57
fold2_room1_mix0090,62,4,0,161,-4,8.33
fold2_room1_mix0090,63,4,0,159,-4,7.96
fold2_room1_mix0090,64,4,0,158,-4,7.52
fold2_room1_mix0090,65,4,0,155,-4,7.00
fold2_room1_mix0090,66,4,0,154,-5,6.54
fold2_room1_mix0090,67,4,0,153,-5,6.33
fold2_room1_mix0090,68,4,0,151,-5,5.98
fold2_room1_mix0090,69,4,0,147,-6,5.05
fold2_room1_mix0090,70,4,0,145,-6,4.95
fold2_room1_mix0090,71,4,0,142,-6,4.65
fold2_room1_mix0090,72,4,0,136,-6,3.96
fold2_room1_mix0090,73,4,0,132,-7,3.79
fold2_room1_mix0090,74,4,0,127,-8,3.17
fold2_room1_mix0090,75,4,0,121,-8,3.20
fold2_room1_mix0090,76,4,0,108,-9,3.16
fold2_room1_mix0090,77,4,0,97,-10,2.86
fold2_room1_mix0090,78,4,0,89,-10,3.15
fold2_room1_mix0090,79,4,0,80,-9,3.12
fold2_room1_mix0090,80,4,0,69,-8,3.01
fold2_room1_mix0090,81,4,0,63,-8,3.32
fold2_room1_mix0090,82,4,0,53,-7,3.17
fold2_room1_mix0090,83,4,0,47,-6,3.33
fold2_room1_mix0090,84,4,0,43,-5,3.88
fold2_room1_mix0090,85,4,0,38,-5,3.96
fold2_room1_mix0090,86,4,0,35,-4,4.57
fold2_room1_mix0090,87,4,0,32,-4,4.88
fold2_room1_mix0090,88,4,0,30,-4,5.28
fold2_room1_mix0090,89,4,0,27,-4,6.07
fold2_room1_mix0090,90,4,0,25,-4,6.09
fold2_room1_mix0090,91,4,0,25,-3,6.67
fold2_room1_mix0090,92,4,0,23,-3,7.28
fold2_room1_mix0090,93,4,0,21,-3,7.42
fold2_room1_mix0090,94,4,0,20,-3,7.90
fold2_room1_mix0090,95,4,0,20,-3,7.96
fold2_room1_mix0090,96,4,0,19,-3,8.50
fold2_room1_mix0090,97,4,0,19,-3,9.88
fold2_room1_mix0090,98,4,0,17,-3,9.64
fold2_room1_mix0090,99,4,0,16,-3,9.86
fold2_room1_mix0091,51,0,0,-149,-3,6.59
fold2_room1_mix0091,52,0,0,-148,-3,6.20
fold2_room1_mix0091,53,0,0,-150,-3,6.71
fold2_room1_mix0091,54,0,0,-149,-3,9.31
fold2_room1_mix0091,55,0,0,-150,-3,13.85
fold2_room1_mix0091,56,0,0,-150,-3,12.61
fold2_room1_mix0091,57,0,0,-151,-3,12.10
fold2_room1_mix0091,58,0,0,-145,-3,10.76
fold2_room1_mix0091,58,1,0,-24,-2,6.26
fold2_room1_mix0091,59,0,0,-148,-3,11.21
fold2_room1_mix0091,60,0,0,-146,-3,13.58
fold2_room1_mix0091,61,0,0,-153,-3,12.50
fold2_room1_mix0091,61,1,0,-28,-3,12.27
fold2_room1_mix0091,62,0,0,-158,-2,13.44
fold2_room1_mix0091,62,1,0,-32,-3,11.95
fold2_room1_mix0091,63,0,0,-162,-2,14.30
fold2_room1_mix0091,63,1,0,-40,-3,8.35
fold2_room1_mix0091,64,0,0,-164,-2,17.10
fold2_room1_mix0091,64,1,0,-38,-3,7.60
fold2_room1_mix0091,65,0,0,-165,-2,19.59
fold2_room1_mix0091,66,0,0,-164,-2,17.71
fold2_room1_mix0091,66,1,0,-53,-4,8.77
fold2_room1_mix0091,67,0,0,-166,-1,19.85
fold2_room1_mix0091,67,1,0,-57,-4,6.92
fold2_room1_mix0091,68,0,0,-159,-2,17.74
fold2_room1_mix0091,68,1,0,-65,-4,5.66
fold2_room1_mix0091,69,0,0,-168,-1,13.12
fold2_room1_mix0091,69,1,0,-77,-4,7.21
fold2_room1_mix0091,70,0,0,-164,-1,19.90
fold2_room1_mix0091,71,0,0,-160,-2,16.39
fold2_room1_mix0091,71,1,0,-101,-4,7.84
fold2_room1_mix0091,72,0,0,-162,-1,21.29
fold2_room1_mix0091,72,1,0,-113,-4,8.90
fold2_room1_mix0091,73,0,0,-163,-1,12.47
fold2_room1_mix0091,73,1,0,-126,-3,9.84
fold2_room1_mix0091,74,0,0,-166,-1,20.63
fold2_room1_mix0091,74,1,0,-127,-3,11.95
fold2_room1_mix0091,75,0,0,-163,-1,19.32
fold2_room1_mix0091,76,0,0,-168,-1,24.14
fold2_room1_mix0091,76,1,0,-141,-3,5.95
fold2_room1_mix0091,77,0,0,-169,-1,29.15
fold2_room1_mix0091,77,1,0,-149,-2,7.25
fold2_room1_mix0091,78,0,0,-169,-1,17.35
fold2_room1_mix0091,78,1,0,-152,-2,8.57
fold2_room1_mix0091,79,0,0,-170,-1,27.90
fold2_room1_mix0091,79,1,0,-152,-2,9.85
fold2_room1_mix0091,80,0,0,-168,-1,31.11
fold2_room1_mix0091,81,0,0,-168,-1,26.90
fold2_room1_mix0091,81,1,0,-156,-1,2.95
fold2_room1_mix0091,82,0,0,-169,-1,36.76
fold2_room1_mix0091,82,1,0,-160,-1,3.46
fold2_room1_mix0091,83,0,0,-171,-1,29.00
fold2_room1_mix0091,83,1,0,-159,-1,7.58
fold2_room1_mix0091,84,0,0,-170,-1,38.55
fold2_room1_mix0091,84,1,0,-157,-2,14.07
fold2_room1_mix0091,85,0,0,-169,-1,42.54
fold2_room1_mix0091,86,0,0,-169,-1,37.99
fold2_room1_mix0091,87,0,0,-168,-1,40.59
fold2_room1_mix0091,87,1,0,-163,-1,3.03
fold2_room1_mix0091,88,0,0,-171,-1,35.05
fold2_room1_mix0091,88,1,0,-162,-1,5.77
fold2_room1_mix0091,89,0,0,-170,-1,41.60
fold2_room1_mix0091,89,1,0,-165,-1,4.10
fold2_room1_mix0091,90,0,0,-170,-1,53.20
fold2_room1_mix0091,91,0,0,-170,-1,43.89
fold2_room1_mix0091,92,0,0,-170,-1,51.82
fold2_room1_mix0091,93,0,0,-171,-1,56.40
fold2_room1_mix0091,93,1,0,-161,-1,7.37
fold2_room1_mix0091,94,0,0,-173,0,7.41
fold2_room1_mix0091,95,0,0,-174,0,2.93
fold2_room1_mix0092,0,5,0,-177,3,2.91
fold2_room1_mix0092,1,5,0,-172,2,6.17
fold2_room1_mix0092,2,5,0,-168,3,9.82
fold2_room1_mix0092,3,5,0,-164,3,9.29
fold2_room1_mix0092,4,5,0,-177,2,3.45
fold2_room1_mix0092,5,5,0,-163,4,9.81
fold2_room1_mix0092,6,5,0,-159,3,13.07
fold2_room1_mix0092,7,5,0,-155,4,11.34
fold2_room1_mix0092,8,5,0,-170,3,11.77
fold2_room1_mix0092,9,5,0,-159,3,13.33
fold2_room1_mix0092,10,5,0,-164,4,10.09
fold2_room1_mix0092,11,5,0,-166,3,10.95
fold2_room1_mix0092,12,5,0,-161,3,11.14
fold2_room1_mix0092,13,5,0,-165,4,10.22
fold2_room1_mix0092,14,5,0,-167,3,11.79
fold2_room1_mix0092,15,5,0,-158,4,10.46
fold2_room1_mix0092,16,5,0,-165,4,9.60
fold2_room1_mix0092,17,5,0,-164,3,11.87
fold2_room1_mix0092,18,5,0,-163,4,10.67
fold2_room1_mix0092,19,5,0,-163,4,10.04
fold2_room1_mix0092,20,5,0,-160,3,10.95
fold2_room1_mix0092,21,5,0,-159,4,9.84
fold2_room1_mix0092,22,5,0,-163,4,10.85
fold2_room1_mix0092,23,5,0,-161,4,10.59
fold2_room1_mix0092,24,5,0,-160,4,9.77
fold2_room1_mix0092,25,5,0,-160,4,10.51
fold2_room1_mix0092,26,5,0,-158,5,8.96
fold2_room1_mix0092,27,5,0,-162,4,9.49
fold2_room1_mix0092,28,5,0,-160,4,10.34
fold2_room1_mix0092,29,5,0,-159,5,8.61
fold2_room1_mix0092,30,5,0,-157,4,9.29
fold2_room1_mix0092,31,5,0,-158,4,9.89
fold2_room1_mix0092,32,5,0,-160,4,9.60
fold2_room1_mix0092,33,5,0,-158,4,9.92
fold2_room1_mix0092,34,5,0,-158,5,8.35
fold2_room1_mix0092,35,5,0,-160,4,9.32
fold2_room1_mix0092,36,5,0,-157,4,9.99
fold2_room1_mix0092,37,5,0,-160,5,9.84
fold2_room1_mix0092,38,5,0,-156,5,8.53
fold2_room1_mix0092,39,5,0,-158,5,8.40
fold2_room1_mix0092,40,5,0,-158,6,8.26
fold2_room1_mix0092,41,5,0,-153,5,8.35
fold2_room1_mix0092,42,5,0,-155,5,8.78
fold2_room1_mix0092,43,5,0,-156,6,7.69
fold2_room1_mix0092,44,5,0,-148,6,7.83
fold2_room1_mix0092,45,5,0,-151,7,6.73
fold2_room1_mix0092,46,5,0,-155,6,7.25
fold2_room1_mix0092,47,5,0,-153,7,6.90
fold2_room1_mix0092,48,5,0,-152,7,6.68
fold2_room1_mix0092,49,5,0,-149,7,6.90
fold2_room1_mix0092,50,5,0,-153,7,6.79
fold2_room1_mix0092,51,5,0,-152,7,6.63
fold2_room1_mix0092,52,5,0,-151,8,6.49
fold2_room1_mix0092,53,5,0,-149,8,6.26
fold2_room1_mix0092,54,5,0,-153,7,6.80
fold2_room1_mix0092,55,5,0,-147,8,5.96
fold2_room1_mix0092,56,5,0,-147,8,6.12
fold2_room1_mix0092,57,5,0,-143,8,6.36
fold2_room1_mix0092,58,5,0,-143,9,5.40
fold2_room1_mix0092,59,5,0,-141,8,5.69
fold2_room1_mix0092,60,5,0,-142,9,5.72
fold2_room1_mix0092,61,5,0,-142,8,6.04
fold2_room1_mix0092,62,5,0,-138,9,5.58
fold2_room1_mix0092,63,5,0,-139,10,5.10
fold2_room1_mix0092,64,5,0,-133,10,5.08
fold2_room1_mix0092,65,5,0,-135,9,5.54
fold2_room1_mix0092,66,5,0,-131,11,4.72
fold2_room1_mix0092,67,5,0,-131,11,4.70
fold2_room1_mix0092,68,5,0,-129,11,4.60
fold2_room1_mix0092,69,5,0,-130,11,4.73
fold2_room1_mix0092,70,5,0,-128,10,4.78
fold2_room1_mix0092,71,5,0,-122,14,3.66
fold2_room1_mix0092,72,5,0,-123,13,3.76
fold2_room1_mix0092,73,5,0,-122,11,4.57
fold2_room1_mix0092,74,5,0,-119,14,3.53
fold2_room1_mix0092,75,5,0,-121,11,4.24
fold2_room1_mix0092,76,5,0,-120,11,4.55
fold2_room1_mix0092,77,5,0,-112,14,3.57
fold2_room1_mix0092,78,5,0,-117,12,4.06
fold2_room1_mix0092,79,5,0,-109,14,3.40
fold2_room1_mix0092,80,5,0,-102,14,3.34
fold2_room1_mix0092,81,5,0,-92,15,3.30
fold2_room1_mix0092,82,5,0,-96,16,2.88
fold2_room1_mix0092,83,5,0,-92,17,2.68
fold2_room1_mix0092,84,5,0,-89,18,2.48
fold2_room1_mix0092,85,5,0,-81,16,2.71
fold2_room1_mix0092,86,5,0,-81,17,2.41
fold2_room1_mix0092,87,5,0,-79,19,2.22
fold2_room1_mix0092,88,5,0,-77,18,2.41
fold2_room1_mix0092,89,5,0,-77,15,2.84
fold2_room1_mix0092,90,5,0,-69,17,2.24
fold2_room1_mix0092,91,5,0,-72,16,2.70
fold2_room1_mix0092,92,5,0,-67,16,2.74
fold2_room1_mix0092,93,5,0,-66,15,2.68
fold2_room1_mix0092,94,5,0,-69,14,2.73
fold2_room1_mix0092,95,5,0,-60,14,2.70
fold2_room1_mix0092,96,5,0,-55,15,2.65
fold2_room1_mix0092,97,5,0,-57,15,2.63
fold2_room1_mix0092,98,5,0,-56,14,2.53
fold2_room1_mix0092,99,5,0,-51,14,2.73
fold2_room1_mix0094,37,4,0,177,1,3.61
fold2_room1_mix0094,38,4,0,179,0,3.86
fold2_room1_mix0094,39,4,0,178,0,7.45
fold2_room1_mix0094,40,4,0,-178,-1,15.54
fold2_room1_mix0094,41,4,0,-177,0,12.76
fold2_room1_mix0094,42,4,0,-178,0,16.39
fold2_room1_mix0094,43,4,0,-177,0,14.61
fold2_room1_mix0094,44,4,0,-176,0,18.62
fold2_room1_mix0094,45,4,0,-176,0,20.50
fold2_room1_mix0094,46,4,0,-175,0,20.70
fold2_room1_mix0094,47,4,0,-175,0,21.80
fold2_room1_mix0094,48,4,0,-175,0,21.05
fold2_room1_mix0094,49,4,0,-172,0,20.20
fold2_room1_mix0094,50,4,0,-175,0,20.73
fold2_room1_mix0094,51,4,0,-175,0,19.26
fold2_room1_mix0094,52,4,0,-172,0,18.44
fold2_room1_mix0094,53,4,0,-174,0,18.91
fold2_room1_mix0094,54,4,0,-173,-1,17.66
fold2_room1_mix0094,55,4,0,-169,-1,18.38
fold2_room1_mix0094,56,4,0,-170,-1,18.67
fold2_room1_mix0094,57,4,0,-167,-1,18.83
fold2_room1_mix0094,58,3,0,-95,-5,10.84
fold2_room1_mix0094,58,4,0,-169,-2,16.94
fold2_room1_mix0094,59,3,0,-98,-5,9.52
fold2_room1_mix0094,59,4,0,-168,-2,15.04
fold2_room1_mix0094,60,3,0,-92,-5,8.11
fold2_room1_mix0094,60,4,0,-164,-2,14.20
fold2_room1_mix0094,61,3,0,-91,-4,8.29
fold2_room1_mix0094,61,4,0,-171,-1,16.12
fold2_room1_mix0094,62,3,0,-92,-5,11.60
fold2_room1_mix0094,62,4,0,-171,-2,13.90
fold2_room1_mix0094,63,3,0,-87,-5,10.85
fold2_room1_mix0094,63,4,0,-173,-2,13.68
fold2_room1_mix0094,64,3,0,-89,-4,11.79
fold2_room1_mix0094,64,4,0,-173,-2,12.93
fold2_room1_mix0094,65,3,0,-94,-4,12.59
fold2_room1_mix0094,65,4,0,-169,-3,11.00
fold2_room1_mix0094,66,3,0,-92,-4,12.84
fold2_room1_mix0094,66,4,0,-172,-2,13.30
fold2_room1_mix0094,67,3,0,-89,-4,11.56
fold2_room1_mix0094,67,4,0,-174,-2,11.86
fold2_room1_mix0094,68,3,0,-85,-3,10.06
fold2_room1_mix0094,68,4,0,-173,-2,11.62
fold2_room1_mix0094,69,3,0,-80,-3,7.74
fold2_room1_mix0094,69,4,0,-170,-2,11.42
fold2_room1_mix0094,70,3,0,-77,-3,7.30
fold2_room1_mix0094,70,4,0,-168,-2,10.56
fold2_room1_mix0094,71,3,0,-76,-3,2.84
fold2_room1_mix0094,71,4,0,-168,-2,11.45
fold2_room1_mix0094,72,3,0,-84,-3,5.18
fold2_room1_mix0094,72,4,0,-168,-2,11.05
fold2_room1_mix0094,73,3,0,-84,-4,6.95
fold2_room1_mix0094,73,4,0,-164,-2,10.52
fold2_room1_mix0094,74,4,0,-162,-3,10.26
fold2_room1_mix0094,75,4,0,-160,-3,9.22
fold2_room1_mix0094,76,4,0,-159,-3,8.44
fold2_room1_mix0094,77,3,0,-58,-3,13.59
fold2_room1_mix0094,77,4,0,-160,-4,7.39
fold2_room1_mix0094,78,3,0,-61,-3,14.46
fold2_room1_mix0094,78,4,0,-159,-4,7.33
fold2_room1_mix0094,79,3,0,-54,-3,12.10
fold2_room1_mix0094,79,4,0,-158,-4,7.11
fold2_room1_mix0094,80,3,0,-54,-3,12.01
fold2_room1_mix0094,80,4,0,-152,-5,5.76
fold2_room1_mix0094,81,3,0,-48,-2,12.28
fold2_room1_mix0094,81,4,0,-153,-5,5.61
fold2_room1_mix0094,82,3,0,-55,-3,15.95
fold2_room1_mix0094,82,4,0,-152,-5,5.55
fold2_room1_mix0094,83,3,0,-52,-3,13.21
fold2_room1_mix0094,83,4,0,-144,-4,5.69
fold2_room1_mix0094,84,3,0,-48,-2,11.69
fold2_room1_mix0094,84,4,0,-143,-5,5.19
fold2_room1_mix0094,85,3,0,-45,-2,11.61
fold2_room1_mix0094,85,4,0,-138,-6,4.39
fold2_room1_mix0094,86,3,0,-45,-2,11.05
fold2_room1_mix0094,86,4,0,-130,-8,3.69
fold2_room1_mix0094,87,4,0,-122,-7,3.60
fold2_room1_mix0094,88,4,0,-101,-9,3.07
fold2_room1_mix0094,89,4,0,-89,-8,3.36
fold2_room1_mix0094,90,4,0,-79,-8,3.22
fold2_room1_mix0094,91,4,0,-66,-7,3.33
fold2_room1_mix0094,92,4,0,-53,-7,3.29
fold2_room1_mix0094,93,4,0,-47,-6,3.51
fold2_room1_mix0094,94,4,0,-43,-6,3.89
fold2_room1_mix0094,95,4,0,-35,-5,4.59
fold2_room1_mix0094,96,4,0,-30,-5,4.37
fold2_room1_mix0094,97,4,0,-26,-4,5.26
fold2_room1_mix0094,98,4,0,-25,-4,5.66
fold2_room1_mix0094,99,4,0,-22,-4,5.89
fold2_room1_mix0095,15,1,0,2,-2,11.43
fold2_room1_mix0095,16,1,0,15,-2,41.70
fold2_room1_mix0095,17,1,0,15,-2,38.98
fold2_room1_mix0095,19,1,0,14,-2,33.62
fold2_room1_mix0095,20,1,0,16,-2,28.78
fold2_room1_mix0095,21,1,0,19,-2,29.11
fold2_room1_mix0095,22,1,0,16,-1,32.92
fold2_room1_mix0095,24,1,0,18,-2,29.36
fold2_room1_mix0095,25,1,0,15,-2,29.82
fold2_room1_mix0095,26,1,0,19,-2,35.22
fold2_room1_mix0095,28,1,0,19,-2,28.81
fold2_room1_mix0095,29,1,0,19,-2,28.21
fold2_room1_mix0095,30,1,0,19,-2,30.56
fold2_room1_mix0095,31,1,0,18,-2,6.76
fold2_room1_mix0095,32,1,0,18,-2,12.01
fold2_room1_mix0095,33,1,0,22,-2,28.15
fold2_room1_mix0095,34,1,0,24,-2,26.76
fold2_room1_mix0095,35,1,0,24,-2,30.65
fold2_room1_mix0095,37,1,0,24,-2,19.89
fold2_room1_mix0095,38,1,0,24,-2,25.99
fold2_room1_mix0095,39,1,0,25,-2,27.28
fold2_room1_mix0095,41,1,0,24,-2,19.77
fold2_room1_mix0095,42,1,0,26,-2,26.30
fold2_room1_mix0095,43,1,0,30,-2,22.19
fold2_room1_mix0095,44,1,0,29,-2,26.20
fold2_room1_mix0095,46,1,0,34,-2,15.58
fold2_room1_mix0095,47,1,0,32,-3,20.82
fold2_room1_mix0095,48,1,0,34,-2,22.75
fold2_room1_mix0095,50,1,0,33,-2,20.70
fold2_room1_mix0095,51,1,0,37,-2,20.63
fold2_room1_mix0095,52,1,0,44,-3,18.11
fold2_room1_mix0095,53,1,0,42,-3,18.66
fold2_room1_mix0095,55,1,0,51,-3,8.77
fold2_room1_mix0096,4,4,0,177,1,1.63
fold2_room1_mix0096,5,4,0,177,0,12.97
fold2_room1_mix0096,6,4,0,178,0,17.05
fold2_room1_mix0096,7,4,0,177,0,20.10
fold2_room1_mix0096,8,4,0,178,0,24.70
fold2_room1_mix0096,9,4,0,177,0,29.85
fold2_room1_mix0096,10,4,0,177,0,35.07
fold2_room1_mix0096,11,4,0,178,0,36.10
fold2_room1_mix0096,12,4,0,177,0,37.26
fold2_room1_mix0096,13,4,0,177,0,35.49
fold2_room1_mix0096,14,4,0,178,0,35.69
fold2_room1_mix0096,15,4,0,178,0,37.68
fold2_room1_mix0096,16,4,0,177,0,37.59
fold2_room1_mix0096,17,4,0,178,0,37.63
fold2_room1_mix0096,18,4,0,177,0,37.91
fold2_room1_mix0096,19,4,0,177,0,39.47
fold2_room1_mix0096,20,4,0,177,0,38.98
fold2_room1_mix0096,21,4,0,177,0,39.45
fold2_room1_mix0096,22,4,0,178,0,39.44
fold2_room1_mix0096,23,4,0,177,0,38.37
fold2_room1_mix0096,24,4,0,177,0,36.83
fold2_room1_mix0096,25,4,0,179,0,37.22
fold2_room1_mix0096,26,4,0,179,0,38.16
fold2_room1_mix0096,27,4,0,178,0,38.97
fold2_room1_mix0096,28,4,0,179,0,38.84
fold2_room1_mix0096,29,4,0,179,0,37.84
fold2_room1_mix0096,30,4,0,179,0,38.62
fold2_room1_mix0096,31,4,0,178,0,37.39
fold2_room1_mix0096,32,4,0,-179,0,36.61
fold2_room1_mix0096,33,4,0,179,0,36.64
fold2_room1_mix0096,34,4,0,179,0,35.94
fold2_room1_mix0096,35,4,0,-179,0,35.54
fold2_room1_mix0096,36,4,0,179,0,35.84
fold2_room1_mix0096,37,4,0,179,0,33.66
fold2_room1_mix0096,38,4,0,179,0,33.66
fold2_room1_mix0096,39,4,0,179,0,37.58
fold2_room1_mix0096,40,4,0,179,0,38.02
fold2_room1_mix0096,41,4,0,177,0,42.29
fold2_room1_mix0096,42,0,0,-79,-4,7.04
fold2_room1_mix0096,42,4,0,177,0,36.30
fold2_room1_mix0096,43,0,0,-73,-4,8.18
fold2_room1_mix0096,43,4,0,176,0,34.43
fold2_room1_mix0096,44,0,0,-67,-4,11.28
fold2_room1_mix0096,44,4,0,179,-1,34.95
fold2_room1_mix0096,45,0,0,-71,-4,12.40
fold2_room1_mix0096,45,4,0,177,-1,32.41
fold2_room1_mix0096,46,0,0,-66,-4,12.57
fold2_room1_mix0096,46,4,0,177,0,32.25
fold2_room1_mix0096,47,0,0,-62,-4,13.38
fold2_room1_mix0096,47,4,0,176,0,31.37
fold2_room1_mix0096,48,0,0,-60,-4,13.23
fold2_room1_mix0096,48,4,0,177,0,29.01
fold2_room1_mix0096,49,0,0,-56,-4,12.67
fold2_room1_mix0096,49,4,0,177,-1,27.33
fold2_room1_mix0096,50,0,0,-56,-4,10.41
fold2_room1_mix0096,50,1,0,121,-2,6.91
fold2_room1_mix0096,50,2,0,114,-2,10.70
fold2_room1_mix0096,50,4,0,178,-1,24.79
fold2_room1_mix0096,51,0,0,-56,-3,7.82
fold2_room1_mix0096,51,1,0,123,-3,13.10
fold2_room1_mix0096,51,2,0,121,-3,12.71
fold2_room1_mix0096,51,4,0,178,-1,22.42
fold2_room1_mix0096,52,0,0,-52,-3,13.31
fold2_room1_mix0096,52,1,0,129,-3,13.93
fold2_room1_mix0096,52,4,0,176,-1,22.96
fold2_room1_mix0096,53,0,0,-53,-3,8.68
fold2_room1_mix0096,53,1,0,127,-2,14.72
fold2_room1_mix0096,53,4,0,175,-1,20.57
fold2_room1_mix0096,54,0,0,-51,-3,12.44
fold2_room1_mix0096,54,1,0,126,-2,6.38
fold2_room1_mix0096,54,4,0,178,-2,22.02
fold2_room1_mix0096,55,0,0,-55,-3,14.05
fold2_room1_mix0096,55,1,0,143,-3,16.04
fold2_room1_mix0096,55,4,0,178,-1,25.29
fold2_room1_mix0096,56,0,0,-43,-3,14.84
fold2_room1_mix0096,56,1,0,143,-2,19.53
fold2_room1_mix0096,56,4,0,176,-2,22.33
fold2_room1_mix0096,57,0,0,-41,-3,14.11
fold2_room1_mix0096,57,1,0,140,-2,17.56
fold2_room1_mix0096,57,4,0,174,-2,19.31
fold2_room1_mix0096,58,0,0,-43,-3,14.61
fold2_room1_mix0096,58,1,0,147,-2,18.29
fold2_room1_mix0096,58,4,0,177,-2,21.19
fold2_room1_mix0096,59,0,0,-38,-2,18.55
fold2_room1_mix0096,59,4,0,177,-1,21.48
fold2_room1_mix0096,60,0,0,-36,-2,19.36
fold2_room1_mix0096,60,1,0,140,-3,10.97
fold2_room1_mix0096,60,4,0,-179,-1,24.57
fold2_room1_mix0096,61,0,0,-37,-2,21.04
fold2_room1_mix0096,61,1,0,152,-2,15.76
fold2_room1_mix0096,61,4,0,175,-2,20.79
fold2_room1_mix0096,62,0,0,-35,-2,21.04
fold2_room1_mix0096,62,1,0,151,-2,19.14
fold2_room1_mix0096,62,4,0,178,-2,19.98
fold2_room1_mix0096,63,0,0,-35,-2,18.10
fold2_room1_mix0096,63,1,0,151,-2,17.98
fold2_room1_mix0096,63,4,0,172,-3,21.38
fold2_room1_mix0096,64,0,0,-38,-2,11.28
fold2_room1_mix0096,64,1,0,150,-2,9.78
fold2_room1_mix0096,64,4,0,173,-1,17.19
fold2_room1_mix0096,65,0,0,-37,-2,12.90
fold2_room1_mix0096,65,1,0,155,-2,11.02
fold2_room1_mix0096,65,4,0,171,-2,19.10
fold2_room1_mix0096,66,0,0,-31,-1,11.72
fold2_room1_mix0096,66,1,0,157,-2,25.21
fold2_room1_mix0096,66,4,0,175,-2,17.54
fold2_room1_mix0096,67,0,0,-30,-2,9.57
fold2_room1_mix0096,67,1,0,159,-2,22.66
fold2_room1_mix0096,67,4,0,171,-1,18.60
fold2_room1_mix0096,68,0,0,-35,-2,9.53
fold2_room1_mix0096,68,1,0,159,-2,23.77
fold2_room1_mix0096,68,4,0,172,-1,18.11
fold2_room1_mix0096,69,0,0,-37,-2,6.11
fold2_room1_mix0096,69,1,0,159,-2,10.12
fold2_room1_mix0096,69,4,0,174,-1,13.47
fold2_room1_mix0096,70,0,0,-40,-2,5.75
fold2_room1_mix0096,70,4,0,173,-2,11.41
fold2_room1_mix0096,71,0,0,-39,-2,12.44
fold2_room1_mix0096,71,1,0,159,-2,23.88
fold2_room1_mix0096,71,4,0,172,-2,12.33
fold2_room1_mix0096,72,0,0,-36,-2,11.24
fold2_room1_mix0096,72,1,0,161,-2,24.97
fold2_room1_mix0096,72,4,0,172,-1,15.50
fold2_room1_mix0096,73,1,0,162,-1,24.61
fold2_room1_mix0096,73,4,0,166,-2,12.41
fold2_room1_mix0096,74,1,0,161,-2,11.39
fold2_room1_mix0096,74,4,0,171,-3,9.10
fold2_room1_mix0096,75,4,0,163,-9,5.50
fold2_room1_mix0096,76,1,0,158,-2,16.63
fold2_room1_mix0096,76,4,0,153,-9,4.57
fold2_room1_mix0096,77,1,0,144,-2,14.37
fold2_room1_mix0096,77,4,0,153,-11,3.86
fold2_room1_mix0096,78,1,0,125,-3,15.67
fold2_room1_mix0096,78,4,0,148,-14,2.98
fold2_room1_mix0096,78,4,0,120,-27,2.35
fold2_room1_mix0096,79,1,0,145,-2,20.87
fold2_room1_mix0096,79,4,0,28,-14,3.28
fold2_room1_mix0096,80,4,0,7,-7,4.42
fold2_room1_mix0096,81,1,0,160,-2,10.64
fold2_room1_mix0096,81,4,0,14,-9,2.87
fold2_room1_mix0096,82,1,0,162,-2,21.19
fold2_room1_mix0096,82,4,0,12,-7,3.74
fold2_room1_mix0096,83,0,0,-155,-1,19.61
fold2_room1_mix0096,83,1,0,160,-2,22.58
fold2_room1_mix0096,83,4,0,11,-6,4.85
fold2_room1_mix0096,84,0,0,-151,-1,18.67
fold2_room1_mix0096,84,1,0,165,-2,26.15
fold2_room1_mix0096,84,4,0,2,-4,6.46
fold2_room1_mix0096,85,4,0,3,-3,6.15
fold2_room1_mix0096,86,1,0,165,-2,19.70
fold2_room1_mix0096,86,4,0,1,-3,9.72
fold2_room1_mix0096,87,1,0,172,-2,20.67
fold2_room1_mix0096,87,4,0,3,-3,9.37
fold2_room1_mix0096,88,1,0,169,-2,27.70
fold2_room1_mix0096,88,4,0,3,-4,9.16
fold2_room1_mix0096,89,1,0,173,-2,25.11
fold2_room1_mix0096,89,4,0,0,-3,13.54
fold2_room1_mix0096,90,1,0,178,-1,2.40
fold2_room1_mix0096,90,4,0,4,-2,13.01
fold2_room1_mix0096,91,1,0,172,-2,26.81
fold2_room1_mix0096,91,4,0,1,-1,14.94
fold2_room1_mix0096,92,0,0,-154,-1,12.56
fold2_room1_mix0096,92,4,0,5,0,15.95
fold2_room1_mix0096,93,4,0,3,-1,13.75
fold2_room1_mix0096,94,4,0,2,-1,16.41
fold2_room1_mix0096,95,4,0,3,-1,18.42
fold2_room1_mix0096,96,4,0,2,-1,19.18
fold2_room1_mix0096,97,4,0,2,-1,18.68
fold2_room1_mix0096,98,4,0,3,-1,20.82
fold2_room1_mix0096,99,4,0,2,0,20.10
fold2_room1_mix0097,19,4,0,172,1,3.76
fold2_room1_mix0097,23,4,0,175,2,4.53
fold2_room1_mix0097,25,4,0,174,0,7.65
fold2_room1_mix0097,26,4,0,172,1,5.81
fold2_room1_mix0097,28,4,0,173,0,16.53
fold2_room1_mix0097,29,4,0,172,0,4.47
fold2_room1_mix0097,30,4,0,176,0,20.54
fold2_room1_mix0097,31,4,0,177,0,30.59
fold2_room1_mix0097,32,4,0,174,0,25.02
fold2_room1_mix0097,33,4,0,175,0,26.23
fold2_room1_mix0097,34,4,0,177,0,21.49
fold2_room1_mix0097,35,4,0,179,0,20.97
fold2_room1_mix0097,36,4,0,179,0,25.33
fold2_room1_mix0097,37,4,0,177,0,21.88
fold2_room1_mix0097,38,4,0,177,0,24.28
fold2_room1_mix0097,39,4,0,177,0,27.03
fold2_room1_mix0097,40,4,0,178,0,28.45
fold2_room1_mix0097,41,4,0,179,0,25.52
fold2_room1_mix0097,42,4,0,178,0,24.36
fold2_room1_mix0097,43,4,0,-179,0,27.50
fold2_room1_mix0097,44,4,0,-178,0,24.61
fold2_room1_mix0097,45,4,0,-178,0,25.09
fold2_room1_mix0097,46,4,0,178,0,24.01
fold2_room1_mix0097,47,4,0,178,0,23.87
fold2_room1_mix0097,48,4,0,179,0,23.27
fold2_room1_mix0097,49,4,0,-179,0,23.14
fold2_room1_mix0097,50,4,0,-179,0,21.50
fold2_room1_mix0097,51,4,0,179,0,20.72
fold2_room1_mix0097,52,4,0,179,0,21.36
fold2_room1_mix0097,53,4,0,-176,0,21.51
fold2_room1_mix0097,54,4,0,-178,-1,19.98
fold2_room1_mix0097,55,4,0,-177,0,20.30
fold2_room1_mix0097,56,4,0,-175,0,19.73
fold2_room1_mix0097,57,4,0,-175,-1,20.39
fold2_room1_mix0097,58,4,0,-175,-1,18.24
fold2_room1_mix0097,59,4,0,-174,0,18.68
fold2_room1_mix0097,60,4,0,-173,-1,17.98
fold2_room1_mix0097,61,4,0,-176,-1,18.03
fold2_room1_mix0097,62,4,0,-177,-1,17.20
fold2_room1_mix0097,63,4,0,-175,-1,17.35
fold2_room1_mix0097,64,4,0,-176,-1,15.62
fold2_room1_mix0097,65,4,0,-175,-1,15.54
fold2_room1_mix0097,66,4,0,-175,-1,15.17
fold2_room1_mix0097,67,4,0,-174,-2,13.94
fold2_room1_mix0097,68,4,0,-171,-2,13.40
fold2_room1_mix0097,69,4,0,-172,-2,13.62
fold2_room1_mix0097,70,4,0,-171,-2,11.58
fold2_room1_mix0097,71,4,0,-171,-2,11.63
fold2_room1_mix0097,72,4,0,-171,-3,11.62
fold2_room1_mix0097,73,4,0,-170,-3,10.73
fold2_room1_mix0097,74,4,0,-170,-3,9.38
fold2_room1_mix0097,75,4,0,-169,-3,9.13
fold2_room1_mix0097,76,4,0,-169,-3,8.84
fold2_room1_mix0097,77,4,0,-167,-4,8.08
fold2_room1_mix0097,78,4,0,-166,-5,7.06
fold2_room1_mix0097,79,4,0,-164,-5,6.39
fold2_room1_mix0097,80,4,0,-165,-6,5.86
fold2_room1_mix0097,81,4,0,-162,-6,5.23
fold2_room1_mix0097,82,4,0,-159,-7,4.50
fold2_room1_mix0097,83,4,0,-157,-9,3.90
fold2_room1_mix0097,84,4,0,-154,-12,3.16
fold2_room1_mix0097,85,4,0,-149,-14,3.00
fold2_room1_mix0097,86,4,0,-143,-20,2.29
fold2_room1_mix0097,87,4,0,-131,-24,1.86
fold2_room1_mix0097,88,4,0,-110,-29,1.70
fold2_room1_mix0097,89,4,0,-81,-30,1.46
fold2_room1_mix0097,90,4,0,-54,-24,1.69
fold2_room1_mix0097,91,4,0,-37,-18,2.18
fold2_room1_mix0097,92,4,0,-29,-15,2.76
fold2_room1_mix0097,93,4,0,-25,-13,3.16
fold2_room1_mix0097,94,4,0,-18,-10,3.98
fold2_room1_mix0097,95,4,0,-16,-9,4.43
fold2_room1_mix0097,96,4,0,-12,-8,4.99
fold2_room1_mix0097,97,4,0,-10,-7,5.84
fold2_room1_mix0097,98,4,0,-10,-7,6.41
fold2_room1_mix0097,99,4,0,-7,-6,6.60
fold2_room1_mix0097,22,4,0,176,1,2.58
fold2_room1_mix0098,2,4,0,-174,1,2.67
fold2_room1_mix0098,2,4,0,-5,1,2.37
fold2_room1_mix0098,3,4,0,-172,2,5.47
fold2_room1_mix0098,3,4,0,-24,0,4.47
fold2_room1_mix0098,3,4,0,-9,1,4.33
fold2_room1_mix0098,4,4,0,-174,0,20.69
fold2_room1_mix0098,4,4,0,-15,-1,15.65
fold2_room1_mix0098,5,4,0,-172,0,24.46
fold2_room1_mix0098,5,4,0,-17,0,16.43
fold2_room1_mix0098,6,4,0,-173,0,26.87
fold2_room1_mix0098,6,4,0,-15,-1,19.54
fold2_room1_mix0098,7,4,0,-174,0,43.82
fold2_room1_mix0098,7,4,0,-15,-1,32.29
fold2_room1_mix0098,8,4,0,-175,0,42.83
fold2_room1_mix0098,8,4,0,-17,-1,31.02
fold2_room1_mix0098,9,4,0,-174,0,41.09
fold2_room1_mix0098,9,4,0,-15,-1,32.62
fold2_room1_mix0098,10,4,0,-177,0,43.03
fold2_room1_mix0098,10,4,0,-16,-1,33.08
fold2_room1_mix0098,11,4,0,-177,0,41.28
fold2_room1_mix0098,11,4,0,-19,-1,31.13
fold2_room1_mix0098,12,4,0,-178,0,41.48
fold2_room1_mix0098,12,4,0,-19,-1,30.90
fold2_room1_mix0098,13,4,0,-177,0,43.74
fold2_room1_mix0098,13,4,0,-18,-1,31.89
fold2_room1_mix0098,14,4,0,-178,0,43.18
fold2_room1_mix0098,14,4,0,-22,-1,31.92
fold2_room1_mix0098,15,4,0,-177,0,43.05
fold2_room1_mix0098,15,4,0,-20,-1,31.18
fold2_room1_mix0098,16,4,0,-178,0,40.91
fold2_room1_mix0098,16,4,0,-20,-1,29.75
fold2_room1_mix0098,17,4,0,-178,0,42.01
fold2_room1_mix0098,17,4,0,-22,-1,30.60
fold2_room1_mix0098,18,4,0,-176,0,43.14
fold2_room1_mix0098,18,4,0,-21,-1,30.91
fold2_room1_mix0098,19,4,0,-177,0,44.20
fold2_room1_mix0098,19,4,0,-22,-1,29.10
fold2_room1_mix0098,20,4,0,-177,0,45.76
fold2_room1_mix0098,20,4,0,-23,-1,31.10
fold2_room1_mix0098,21,4,0,-176,0,44.21
fold2_room1_mix0098,21,4,0,-23,-1,30.89
fold2_room1_mix0098,22,4,0,-176,0,42.50
fold2_room1_mix0098,22,4,0,-24,-1,28.85
fold2_room1_mix0098,23,4,0,-176,0,40.49
fold2_room1_mix0098,23,4,0,-24,-1,28.80
fold2_room1_mix0098,24,4,0,-174,0,41.69
fold2_room1_mix0098,24,4,0,-33,-2,23.35
fold2_room1_mix0098,24,4,0,-18,0,33.92
fold2_room1_mix0098,25,4,0,-175,0,43.22
fold2_room1_mix0098,25,4,0,-27,-1,28.10
fold2_room1_mix0098,26,4,0,-176,0,42.62
fold2_room1_mix0098,26,4,0,-28,-1,28.11
fold2_room1_mix0098,27,4,0,-176,0,42.20
fold2_room1_mix0098,27,4,0,-29,-2,26.75
fold2_room1_mix0098,28,4,0,-176,0,43.59
fold2_room1_mix0098,28,4,0,-29,-2,25.44
fold2_room1_mix0098,29,4,0,-177,0,46.17
fold2_room1_mix0098,29,4,0,-29,-1,24.50
fold2_room1_mix0098,30,4,0,-177,0,49.44
fold2_room1_mix0098,30,4,0,-29,-1,26.11
fold2_room1_mix0098,31,0,0,-55,-3,6.93
fold2_room1_mix0098,31,4,0,-177,0,47.50
fold2_room1_mix0098,31,4,0,-35,-3,20.27
fold2_room1_mix0098,31,4,0,-18,-2,27.89
fold2_room1_mix0098,32,0,0,-63,-3,8.00
fold2_room1_mix0098,32,4,0,-176,0,45.54
fold2_room1_mix0098,32,4,0,-37,-3,18.92
fold2_room1_mix0098,32,4,0,-18,-2,26.27
fold2_room1_mix0098,33,0,0,-67,-3,12.03
fold2_room1_mix0098,33,4,0,-176,0,41.88
fold2_room1_mix0098,33,4,0,-35,-3,21.04
fold2_room1_mix0098,33,4,0,-15,-2,27.97
fold2_room1_mix0098,34,0,0,-71,-4,13.61
fold2_room1_mix0098,34,4,0,-174,0,40.44
fold2_room1_mix0098,34,4,0,-38,-3,18.93
fold2_room1_mix0098,34,4,0,-12,-2,28.46
fold2_room1_mix0098,35,0,0,-68,-4,13.56
fold2_room1_mix0098,35,4,0,-176,0,40.28
fold2_room1_mix0098,35,4,0,-35,-3,19.87
fold2_room1_mix0098,35,4,0,-12,-2,27.08
fold2_room1_mix0098,36,0,0,-69,-4,14.28
fold2_room1_mix0098,36,4,0,-177,0,39.91
fold2_room1_mix0098,36,4,0,-38,-3,21.20
fold2_room1_mix0098,36,4,0,-16,-2,27.39
fold2_room1_mix0098,37,0,0,-73,-4,14.31
fold2_room1_mix0098,37,4,0,-174,-1,38.57
fold2_room1_mix0098,37,4,0,-39,-3,20.82
fold2_room1_mix0098,37,4,0,-15,-3,28.24
fold2_room1_mix0098,38,0,0,-74,-4,13.47
fold2_room1_mix0098,38,4,0,-175,0,39.53
fold2_room1_mix0098,38,4,0,-39,-3,22.13
fold2_room1_mix0098,38,4,0,-13,-2,29.08
fold2_room1_mix0098,39,0,0,-81,-5,15.26
fold2_room1_mix0098,39,4,0,-176,-1,37.39
fold2_room1_mix0098,39,4,0,-39,-3,21.55
fold2_room1_mix0098,39,4,0,-13,-2,27.21
fold2_room1_mix0098,40,0,0,-88,-5,13.09
fold2_room1_mix0098,40,4,0,-176,-1,34.43
fold2_room1_mix0098,40,4,0,-42,-3,19.89
fold2_room1_mix0098,40,4,0,-13,-3,25.90
fold2_room1_mix0098,41,0,0,-97,-4,13.23
fold2_room1_mix0098,41,4,0,-175,-2,30.89
fold2_room1_mix0098,41,4,0,-47,-4,17.58
fold2_room1_mix0098,41,4,0,-15,-2,25.90
fold2_room1_mix0098,42,0,0,-98,-4,14.14
fold2_room1_mix0098,42,4,0,-176,-2,28.17
fold2_room1_mix0098,42,4,0,-50,-4,17.53
fold2_room1_mix0098,42,4,0,-18,-2,24.45
fold2_room1_mix0098,43,0,0,-112,-4,15.32
fold2_room1_mix0098,43,4,0,-176,-1,30.58
fold2_room1_mix0098,43,4,0,-51,-3,18.21
fold2_room1_mix0098,43,4,0,-17,-2,23.57
fold2_room1_mix0098,44,0,0,-124,-3,14.49
fold2_room1_mix0098,44,0,0,-107,-3,18.63
fold2_room1_mix0098,44,1,0,51,-4,9.33
fold2_room1_mix0098,44,4,0,-170,-1,27.28
fold2_room1_mix0098,44,4,0,-51,-6,13.21
fold2_room1_mix0098,44,4,0,-19,-3,19.23
fold2_room1_mix0098,45,0,0,-119,-3,16.97
fold2_room1_mix0098,45,1,0,46,-4,11.19
fold2_room1_mix0098,45,4,0,-169,0,26.88
fold2_room1_mix0098,45,4,0,-53,-7,11.15
fold2_room1_mix0098,45,4,0,-16,-3,19.85
fold2_room1_mix0098,46,0,0,-119,-3,18.14
fold2_room1_mix0098,46,1,0,47,-4,16.80
fold2_room1_mix0098,46,4,0,-171,-1,27.67
fold2_room1_mix0098,46,4,0,-77,-9,10.68
fold2_room1_mix0098,46,4,0,-15,-4,17.98
fold2_room1_mix0098,47,0,0,-133,-2,19.17
fold2_room1_mix0098,47,1,0,63,-4,8.80
fold2_room1_mix0098,47,4,0,-168,-1,21.00
fold2_room1_mix0098,47,4,0,-67,-6,11.78
fold2_room1_mix0098,47,4,0,-19,-4,17.59
fold2_room1_mix0098,48,0,0,-137,-2,18.30
fold2_room1_mix0098,48,1,0,47,-4,13.12
fold2_room1_mix0098,48,4,0,-175,-1,26.45
fold2_room1_mix0098,48,4,0,-83,-9,10.41
fold2_room1_mix0098,48,4,0,-11,-4,19.48
fold2_room1_mix0098,49,0,0,-141,-2,21.66
fold2_room1_mix0098,49,1,0,39,-3,15.61
fold2_room1_mix0098,49,4,0,-173,-1,22.28
fold2_room1_mix0098,49,4,0,-85,-9,10.07
fold2_room1_mix0098,49,4,0,-9,-4,16.90
fold2_room1_mix0098,50,0,0,-140,-2,21.97
fold2_room1_mix0098,50,1,0,42,-3,13.66
fold2_room1_mix0098,50,4,0,-166,0,18.71
fold2_room1_mix0098,50,4,0,-81,-10,9.40
fold2_room1_mix0098,50,4,0,-16,-4,14.23
fold2_room1_mix0098,51,0,0,-148,-2,21.24
fold2_room1_mix0098,51,1,0,37,-4,13.49
fold2_room1_mix0098,51,4,0,-166,-1,21.39
fold2_room1_mix0098,51,4,0,-83,-11,9.79
fold2_room1_mix0098,51,4,0,-12,-4,16.78
fold2_room1_mix0098,52,0,0,-148,-1,25.32
fold2_room1_mix0098,52,1,0,58,-5,4.53
fold2_room1_mix0098,52,4,0,-164,-2,18.99
fold2_room1_mix0098,52,4,0,-111,-8,13.12
fold2_room1_mix0098,52,4,0,-16,-4,17.36
fold2_room1_mix0098,53,0,0,-153,-1,26.22
fold2_room1_mix0098,53,1,0,62,-5,5.43
fold2_room1_mix0098,53,4,0,-166,-1,22.31
fold2_room1_mix0098,53,4,0,-101,-6,14.97
fold2_room1_mix0098,53,4,0,-19,-2,23.03
fold2_room1_mix0098,54,0,0,-154,-1,22.50
fold2_room1_mix0098,54,1,0,35,-3,14.79
fold2_room1_mix0098,54,4,0,-166,-1,16.27
fold2_room1_mix0098,54,4,0,-69,-9,8.39
fold2_room1_mix0098,54,4,0,-12,-3,14.40
fold2_room1_mix0098,55,0,0,-154,-1,23.39
fold2_room1_mix0098,55,1,0,38,-3,13.68
fold2_room1_mix0098,55,4,0,-161,-1,18.45
fold2_room1_mix0098,55,4,0,-131,-7,10.14
fold2_room1_mix0098,55,4,0,-14,-2,18.92
fold2_room1_mix0098,56,0,0,-155,-1,24.00
fold2_room1_mix0098,56,1,0,37,-3,15.13
fold2_room1_mix0098,56,4,0,-163,0,23.24
fold2_room1_mix0098,56,4,0,-123,-8,10.71
fold2_room1_mix0098,56,4,0,-16,-2,19.56
fold2_room1_mix0098,57,0,0,-155,-1,23.04
fold2_room1_mix0098,57,1,0,45,-3,11.77
fold2_room1_mix0098,57,4,0,-157,-1,18.50
fold2_room1_mix0098,57,4,0,-138,-6,9.96
fold2_room1_mix0098,57,4,0,-13,-3,16.17
fold2_room1_mix0098,58,0,0,-159,-1,30.51
fold2_room1_mix0098,58,4,0,-163,-1,17.80
fold2_room1_mix0098,58,4,0,-110,-3,12.44
fold2_room1_mix0098,58,4,0,-12,-2,17.27
fold2_room1_mix0098,59,0,0,-156,0,29.87
fold2_room1_mix0098,59,1,0,39,-3,13.70
fold2_room1_mix0098,59,4,0,-172,0,16.98
fold2_room1_mix0098,59,4,0,-100,-6,8.31
fold2_room1_mix0098,59,4,0,-11,-2,15.79
fold2_room1_mix0098,60,0,0,-159,-1,26.71
fold2_room1_mix0098,60,1,0,34,-3,13.90
fold2_room1_mix0098,60,4,0,-162,-1,17.65
fold2_room1_mix0098,60,4,0,-114,-8,9.78
fold2_room1_mix0098,60,4,0,-16,-3,16.88
fold2_room1_mix0098,61,0,0,-162,0,32.08
fold2_room1_mix0098,61,1,0,36,-3,16.96
fold2_room1_mix0098,61,4,0,-161,0,15.97
fold2_room1_mix0098,61,4,0,-136,-5,8.59
fold2_room1_mix0098,61,4,0,-14,-2,14.07
fold2_room1_mix0098,62,0,0,-161,0,28.75
fold2_room1_mix0098,62,1,0,34,-3,14.19
fold2_room1_mix0098,62,4,0,-160,-2,17.31
fold2_room1_mix0098,62,4,0,-142,-5,10.94
fold2_room1_mix0098,62,4,0,-10,-3,15.78
fold2_room1_mix0098,63,0,0,-165,-1,35.26
fold2_room1_mix0098,63,4,0,-157,-2,11.34
fold2_room1_mix0098,63,4,0,-16,-3,13.14
fold2_room1_mix0098,64,0,0,-163,0,31.48
fold2_room1_mix0098,64,1,0,37,-3,11.42
fold2_room1_mix0098,64,4,0,-163,-2,11.69
fold2_room1_mix0098,64,4,0,-145,-5,7.54
fold2_room1_mix0098,64,4,0,-12,-2,14.91
fold2_room1_mix0098,65,0,0,-168,0,41.28
fold2_room1_mix0098,65,4,0,-163,-4,3.85
fold2_room1_mix0098,65,4,0,-118,-6,3.48
fold2_room1_mix0098,65,4,0,-10,-1,6.37
fold2_room1_mix0098,66,0,0,-164,0,32.73
fold2_room1_mix0098,66,1,0,32,-2,15.23
fold2_room1_mix0098,66,4,0,-162,-3,9.81
fold2_room1_mix0098,66,4,0,-144,-8,6.55
fold2_room1_mix0098,66,4,0,-20,-5,10.14
fold2_room1_mix0098,67,0,0,-166,0,31.16
fold2_room1_mix0098,67,1,0,35,-3,13.62
fold2_room1_mix0098,67,4,0,-159,-4,9.69
fold2_room1_mix0098,67,4,0,-141,-7,7.15
fold2_room1_mix0098,67,4,0,-14,-4,12.64
fold2_room1_mix0098,68,0,0,-164,-1,37.42
fold2_room1_mix0098,68,4,0,-164,-6,5.74
fold2_room1_mix0098,68,4,0,-4,-9,6.35
fold2_room1_mix0098,69,0,0,-162,-1,35.07
fold2_room1_mix0098,69,4,0,-160,-11,6.67
fold2_room1_mix0098,69,4,0,176,-21,2.81
fold2_room1_mix0098,70,0,0,-160,-1,34.62
fold2_room1_mix0098,70,4,0,-155,-11,10.42
fold2_room1_mix0098,70,4,0,114,-29,1.40
fold2_room1_mix0098,70,4,0,29,-19,3.82
fold2_room1_mix0098,71,0,0,-165,-1,36.31
fold2_room1_mix0098,71,1,0,34,-3,9.71
fold2_room1_mix0098,71,4,0,-151,-11,5.10
fold2_room1_mix0098,71,4,0,-134,-26,2.66
fold2_room1_mix0098,71,4,0,29,-19,1.84
fold2_room1_mix0098,72,0,0,-164,-1,40.49
fold2_room1_mix0098,72,4,0,-143,-1,12.57
fold2_room1_mix0098,72,4,0,17,-16,2.46
fold2_room1_mix0098,73,0,0,-164,-1,38.63
fold2_room1_mix0098,73,4,0,-148,0,17.62
fold2_room1_mix0098,73,4,0,1,-11,4.16
fold2_room1_mix0098,74,0,0,-166,-1,40.86
fold2_room1_mix0098,74,4,0,-148,-1,15.20
fold2_room1_mix0098,74,4,0,-6,-10,4.00
fold2_room1_mix0098,75,0,0,-167,0,43.54
fold2_room1_mix0098,75,4,0,-142,0,17.17
fold2_room1_mix0098,75,4,0,0,-8,5.43
fold2_room1_mix0098,76,0,0,-161,-1,33.89
fold2_room1_mix0098,76,4,0,-121,0,17.90
fold2_room1_mix0098,76,4,0,-2,-8,5.48
fold2_room1_mix0098,77,0,0,-161,0,22.74
fold2_room1_mix0098,77,4,0,-105,-1,10.85
fold2_room1_mix0098,77,4,0,-2,-3,8.24
fold2_room1_mix0098,78,0,0,-163,0,18.47
fold2_room1_mix0098,78,4,0,-126,-1,13.01
fold2_room1_mix0098,78,4,0,-15,-4,8.09
fold2_room1_mix0098,78,4,0,4,-1,11.94
fold2_room1_mix0098,79,0,0,-162,0,4.91
fold2_room1_mix0098,79,4,0,-109,-3,11.25
fold2_room1_mix0098,79,4,0,-4,-3,10.32
fold2_room1_mix0098,80,0,0,-164,0,4.12
fold2_room1_mix0098,80,4,0,-111,-1,11.92
fold2_room1_mix0098,80,4,0,-5,-2,10.46
fold2_room1_mix0098,81,0,0,-165,0,5.42
fold2_room1_mix0098,81,4,0,-110,-1,13.42
fold2_room1_mix0098,81,4,0,-2,-2,10.66
fold2_room1_mix0098,82,0,0,-160,0,4.38
fold2_room1_mix0098,82,4,0,-110,-1,14.49
fold2_room1_mix0098,82,4,0,-5,-3,10.45
fold2_room1_mix0098,83,4,0,-113,-2,12.59
fold2_room1_mix0098,83,4,0,-4,-2,13.05
fold2_room1_mix0098,84,4,0,-113,-1,13.78
fold2_room1_mix0098,84,4,0,-6,-1,15.09
fold2_room1_mix0098,85,4,0,-120,-2,13.86
fold2_room1_mix0098,85,4,0,-6,-2,15.01
fold2_room1_mix0098,86,4,0,-114,-2,15.11
fold2_room1_mix0098,86,4,0,-7,-1,15.79
fold2_room1_mix0098,87,4,0,-106,-2,14.62
fold2_room1_mix0098,87,4,0,-5,-1,17.23
fold2_room1_mix0098,88,4,0,-115,-2,15.56
fold2_room1_mix0098,88,4,0,-7,-1,17.40
fold2_room1_mix0098,89,4,0,-121,-1,16.85
fold2_room1_mix0098,89,4,0,-6,-1,18.82
fold2_room1_mix0098,90,4,0,-124,-2,15.96
fold2_room1_mix0098,90,4,0,-7,-1,18.97
fold2_room1_mix0098,91,4,0,-124,-2,15.78
fold2_room1_mix0098,91,4,0,-6,-1,20.89
fold2_room1_mix0098,92,4,0,-125,-2,16.35
fold2_room1_mix0098,92,4,0,-4,-1,19.89
fold2_room1_mix0098,93,4,0,-130,-1,15.66
fold2_room1_mix0098,93,4,0,-5,0,20.27
fold2_room1_mix0098,94,4,0,-131,-2,16.57
fold2_room1_mix0098,94,4,0,-5,0,22.36
fold2_room1_mix0098,95,4,0,-130,-2,16.35
fold2_room1_mix0098,95,4,0,-6,0,22.27
fold2_room1_mix0098,96,4,0,-131,-2,15.93
fold2_room1_mix0098,96,4,0,-4,0,23.15
fold2_room1_mix0098,97,4,0,-133,-1,18.87
fold2_room1_mix0098,97,4,0,-3,0,27.19
fold2_room1_mix0098,98,4,0,-133,-1,18.84
fold2_room1_mix0098,98,4,0,-4,0,27.05
fold2_room1_mix0098,99,4,0,-133,-1,17.38
fold2_room1_mix0098,99,4,0,-2,0,26.18
fold2_room1_mix0099,3,4,0,-176,1,2.99
fold2_room1_mix0099,3,4,0,-1,1,2.80
fold2_room1_mix0099,4,4,0,-172,0,14.96
fold2_room1_mix0099,4,4,0,-1,0,15.77
fold2_room1_mix0099,5,4,0,-170,0,10.83
fold2_room1_mix0099,5,4,0,-1,0,10.89
fold2_room1_mix0099,6,4,0,-170,0,16.18
fold2_room1_mix0099,6,4,0,1,0,17.86
fold2_room1_mix0099,7,4,0,-170,0,23.80
fold2_room1_mix0099,7,4,0,1,0,26.15
fold2_room1_mix0099,8,4,0,-168,-1,25.12
fold2_room1_mix0099,8,4,0,5,-1,31.21
fold2_room1_mix0099,9,4,0,-169,-1,26.56
fold2_room1_mix0099,9,4,0,2,-1,32.26
fold2_room1_mix0099,10,4,0,-166,-1,23.83
fold2_room1_mix0099,10,4,0,3,-1,32.32
fold2_room1_mix0099,11,4,0,-165,-1,24.90
fold2_room1_mix0099,11,4,0,2,-1,33.42
fold2_room1_mix0099,12,4,0,-164,-1,25.20
fold2_room1_mix0099,12,4,0,2,-1,33.10
fold2_room1_mix0099,13,4,0,-164,-1,22.80
fold2_room1_mix0099,13,4,0,0,-1,31.23
fold2_room1_mix0099,14,4,0,-164,-1,23.83
fold2_room1_mix0099,14,4,0,1,-1,32.12
fold2_room1_mix0099,15,4,0,-165,-1,23.96
fold2_room1_mix0099,15,4,0,1,-1,30.37
fold2_room1_mix0099,16,4,0,-166,-1,23.27
fold2_room1_mix0099,16,4,0,0,-1,30.34
fold2_room1_mix0099,17,4,0,-165,-1,23.89
fold2_room1_mix0099,17,4,0,0,-1,30.05
fold2_room1_mix0099,18,4,0,-164,-1,23.33
fold2_room1_mix0099,18,4,0,0,-1,28.39
fold2_room1_mix0099,19,4,0,-161,-1,20.71
fold2_room1_mix0099,19,4,0,1,-1,26.40
fold2_room1_mix0099,20,4,0,-159,-1,20.91
fold2_room1_mix0099,20,4,0,0,-1,26.27
fold2_room1_mix0099,21,4,0,-159,-1,20.23
fold2_room1_mix0099,21,4,0,0,-1,24.73
fold2_room1_mix0099,22,4,0,-159,-1,19.51
fold2_room1_mix0099,22,4,0,0,-1,23.42
fold2_room1_mix0099,23,4,0,-157,-1,17.45
fold2_room1_mix0099,23,4,0,0,-1,22.94
fold2_room1_mix0099,24,4,0,-150,-1,16.69
fold2_room1_mix0099,24,4,0,-1,-2,21.63
fold2_room1_mix0099,25,4,0,-150,-1,16.50
fold2_room1_mix0099,25,4,0,-3,-2,21.67
fold2_room1_mix0099,26,4,0,-150,-1,14.70
fold2_room1_mix0099,26,4,0,-3,-2,19.16
fold2_room1_mix0099,27,4,0,-148,-1,14.76
fold2_room1_mix0099,27,4,0,-2,-2,19.81
fold2_room1_mix0099,28,4,0,-143,-1,13.60
fold2_room1_mix0099,28,4,0,-4,-2,17.95
fold2_room1_mix0099,29,4,0,-142,-1,12.36
fold2_room1_mix0099,29,4,0,-2,-1,16.86
fold2_room1_mix0099,30,4,0,-140,-1,11.94
fold2_room1_mix0099,30,4,0,-1,-2,16.56
fold2_room1_mix0099,31,4,0,-136,-1,11.84
fold2_room1_mix0099,31,4,0,-1,-2,16.47
fold2_room1_mix0099,32,4,0,-135,-1,11.08
fold2_room1_mix0099,32,4,0,-1,-2,15.73
fold2_room1_mix0099,33,4,0,-133,-1,11.28
fold2_room1_mix0099,33,4,0,0,-2,15.67
fold2_room1_mix0099,34,4,0,-128,-1,10.25
fold2_room1_mix0099,34,4,0,-1,-2,15.09
fold2_room1_mix0099,35,4,0,-124,-2,10.17
fold2_room1_mix0099,35,4,0,0,-2,14.52
fold2_room1_mix0099,36,4,0,-119,-2,9.76
fold2_room1_mix0099,36,4,0,1,-2,13.44
fold2_room1_mix0099,37,4,0,-111,-3,9.07
fold2_room1_mix0099,37,4,0,0,-3,13.21
fold2_room1_mix0099,38,4,0,-106,-3,9.09
fold2_room1_mix0099,38,4,0,0,-3,12.90
fold2_room1_mix0099,39,4,0,-102,-3,8.60
fold2_room1_mix0099,39,4,0,1,-3,12.13
fold2_room1_mix0099,40,4,0,-93,-4,8.59
fold2_room1_mix0099,40,4,0,0,-3,11.76
fold2_room1_mix0099,41,4,0,-101,-3,9.20
fold2_room1_mix0099,41,4,0,0,-3,11.39
fold2_room1_mix0099,42,4,0,-94,-3,8.91
fold2_room1_mix0099,42,4,0,0,-4,9.92
fold2_room1_mix0099,43,4,0,-89,-3,9.05
fold2_room1_mix0099,43,4,0,1,-4,9.53
fold2_room1_mix0099,44,4,0,-80,-3,9.16
fold2_room1_mix0099,44,4,0,0,-5,9.14
fold2_room1_mix0099,45,4,0,-78,-3,9.04
fold2_room1_mix0099,45,4,0,3,-5,7.99
fold2_room1_mix0099,46,4,0,-79,-2,10.08
fold2_room1_mix0099,46,4,0,5,-5,7.78
fold2_room1_mix0099,47,4,0,-70,-2,10.19
fold2_room1_mix0099,47,4,0,11,-6,6.47
fold2_room1_mix0099,48,4,0,-68,-1,11.40
fold2_room1_mix0099,48,4,0,10,-7,5.27
fold2_room1_mix0099,49,4,0,-58,0,12.54
fold2_room1_mix0099,49,4,0,13,-8,4.41
fold2_room1_mix0099,50,4,0,-45,0,10.29
fold2_room1_mix0099,50,4,0,18,-8,3.70
fold2_room1_mix0099,51,4,0,-4,-7,5.18
fold2_room1_mix0099,52,4,0,48,-16,1.66
fold2_room1_mix0099,52,4,0,-24,-3,9.23
fold2_room1_mix0099,53,4,0,76,-16,1.85
fold2_room1_mix0099,53,4,0,54,-15,3.64
fold2_room1_mix0099,53,4,0,-30,-2,11.72
fold2_room1_mix0099,54,4,0,122,-15,1.74
fold2_room1_mix0099,54,4,0,-24,-2,11.30
fold2_room1_mix0099,55,4,0,141,-9,2.42
fold2_room1_mix0099,55,4,0,-31,0,11.29
fold2_room1_mix0099,56,4,0,148,-8,2.33
fold2_room1_mix0099,56,4,0,-48,1,15.32
fold2_room1_mix0099,57,4,0,158,-6,3.18
fold2_room1_mix0099,57,4,0,-61,0,14.61
fold2_room1_mix0099,58,4,0,161,-5,4.61
fold2_room1_mix0099,58,4,0,-43,-1,14.60
fold2_room1_mix0099,59,4,0,165,-4,5.44
fold2_room1_mix0099,59,4,0,-43,-1,16.24
fold2_room1_mix0099,60,4,0,169,-4,6.58
fold2_room1_mix0099,60,4,0,-42,-2,14.80
fold2_room1_mix0099,61,4,0,172,-3,7.01
fold2_room1_mix0099,61,4,0,-40,-1,14.66
fold2_room1_mix0099,62,4,0,173,-3,7.95
fold2_room1_mix0099,62,4,0,-39,-2,16.47
fold2_room1_mix0099,63,4,0,174,-3,8.83
fold2_room1_mix0099,63,4,0,-36,-1,16.07
fold2_room1_mix0099,64,4,0,175,-2,9.62
fold2_room1_mix0099,64,4,0,-30,-1,15.70
fold2_room1_mix0099,65,4,0,175,-2,10.10
fold2_room1_mix0099,65,4,0,-24,-1,17.96
fold2_room1_mix0099,66,4,0,175,-2,10.31
fold2_room1_mix0099,66,4,0,-24,-1,17.35
fold2_room1_mix0099,67,4,0,176,-1,10.88
fold2_room1_mix0099,67,4,0,-20,-1,18.14
fold2_room1_mix0099,68,4,0,176,-1,11.64
fold2_room1_mix0099,68,4,0,-16,-1,20.53
fold2_room1_mix0099,69,4,0,177,-2,11.32
fold2_room1_mix0099,69,4,0,-17,-1,18.81
fold2_room1_mix0099,70,4,0,178,-3,11.31
fold2_room1_mix0099,70,4,0,-18,0,18.51
fold2_room1_mix0099,71,4,0,177,-3,11.79
fold2_room1_mix0099,71,4,0,-15,-1,18.21
fold2_room1_mix0099,72,4,0,178,-2,13.06
fold2_room1_mix0099,72,4,0,-14,0,21.09
fold2_room1_mix0099,73,4,0,179,-2,14.51
fold2_room1_mix0099,73,4,0,-13,0,20.48
fold2_room1_mix0099,74,4,0,178,-2,13.75
fold2_room1_mix0099,74,4,0,-15,0,20.47
fold2_room1_mix0099,75,4,0,178,-2,15.37
fold2_room1_mix0099,75,4,0,-13,0,22.80
fold2_room1_mix0099,76,4,0,-179,-1,16.70
fold2_room1_mix0099,76,4,0,-11,0,22.44
fold2_room1_mix0099,77,4,0,179,-2,16.62
fold2_room1_mix0099,77,4,0,-12,-1,22.91
fold2_room1_mix0099,78,4,0,-179,-2,17.69
fold2_room1_mix0099,78,4,0,-11,-1,25.61
fold2_room1_mix0099,79,4,0,179,-1,17.91
fold2_room1_mix0099,79,4,0,-12,0,27.28
fold2_room1_mix0099,80,4,0,179,-1,17.98
fold2_room1_mix0099,80,4,0,-14,0,27.71
fold2_room1_mix0099,81,4,0,178,-1,21.18
fold2_room1_mix0099,81,4,0,-13,0,30.14
fold2_room1_mix0099,82,4,0,178,-1,19.81
fold2_room1_mix0099,82,4,0,-14,0,29.67
fold2_room1_mix0099,83,4,0,-177,0,23.24
fold2_room1_mix0099,83,4,0,-17,0,31.67
fold2_room1_mix0099,84,4,0,179,0,24.80
fold2_room1_mix0099,85,4,0,177,0,23.32
fold2_room1_mix0099,86,4,0,177,0,24.34
fold2_room1_mix0099,87,4,0,176,0,22.91
fold2_room1_mix0099,88,4,0,175,0,25.28
fold2_room1_mix0099,89,4,0,175,0,25.99
fold2_room1_mix0099,89,4,0,-169,-1,29.55
fold2_room1_mix0099,90,4,0,176,0,25.59
fold2_room1_mix0099,90,4,0,-167,-1,30.27
fold2_room1_mix0099,91,4,0,176,0,26.69
fold2_room1_mix0099,92,4,0,178,0,27.21
fold2_room1_mix0099,93,4,0,176,0,26.52
fold2_room1_mix0099,94,4,0,177,0,28.72
fold2_room1_mix0099,94,4,0,-167,-1,31.27
fold2_room1_mix0099,95,4,0,176,0,30.44
fold2_room1_mix0099,96,4,0,178,0,30.32
fold2_room1_mix0099,97,4,0,174,0,33.67
fold2_room1_mix0099,98,4,0,176,0,34.28
fold2_room1_mix0099,99,4,0,176,0,31.71
fold2_room1_mix0100,59,2,0,118,-8,3.14
fold2_room1_mix0100,60,2,0,115,-8,3.83
fold2_room1_mix0100,61,2,0,115,-8,3.98
fold2_room1_mix0100,62,2,0,118,-8,3.71
fold2_room1_mix0100,63,2,0,117,-7,2.43
fold2_room1_mix0100,66,4,0,42,-3,7.82
fold2_room1_mix0100,67,4,0,37,-2,7.68
fold2_room1_mix0100,68,2,0,123,-6,5.40
fold2_room1_mix0100,68,4,0,46,-1,5.70
fold2_room1_mix0100,69,2,0,126,-6,5.82
fold2_room1_mix0100,69,4,0,45,-2,8.83
fold2_room1_mix0100,70,2,0,126,-6,6.37
fold2_room1_mix0100,70,4,0,41,-2,8.88
fold2_room1_mix0100,71,2,0,127,-6,5.97
fold2_room1_mix0100,71,4,0,42,-2,7.43
fold2_room1_mix0100,72,2,0,128,-7,5.78
fold2_room1_mix0100,72,4,0,39,-3,7.06
fold2_room1_mix0100,73,4,0,41,-3,9.90
fold2_room1_mix0100,74,4,0,47,-3,10.22
fold2_room1_mix0100,75,4,0,51,-3,9.44
fold2_room1_mix0100,76,4,0,50,-3,8.99
fold2_room1_mix0100,77,4,0,54,-3,9.91
fold2_room1_mix0100,78,4,0,57,-3,9.53
fold2_room1_mix0100,79,4,0,60,-3,9.21
fold2_room1_mix0100,80,4,0,60,-3,8.81
fold2_room1_mix0100,81,4,0,63,-3,8.81
fold2_room1_mix0100,82,4,0,67,-3,8.56
fold2_room1_mix0100,83,4,0,71,-4,8.54
fold2_room1_mix0100,84,4,0,73,-4,8.08
fold2_room1_mix0100,85,4,0,77,-5,8.18
fold2_room1_mix0100,86,4,0,81,-5,8.09
fold2_room1_mix0100,87,4,0,84,-5,8.05
fold2_room1_mix0100,88,4,0,86,-5,7.80
fold2_room1_mix0100,89,4,0,93,-6,7.69
fold2_room1_mix0100,90,4,0,95,-4,7.43
fold2_room1_mix0100,91,4,0,98,-4,7.87
fold2_room1_mix0100,92,4,0,106,-4,8.12
fold2_room1_mix0100,93,4,0,108,-4,8.17
fold2_room1_mix0100,94,4,0,112,-3,8.53
fold2_room1_mix0100,95,4,0,114,-3,8.45
fold2_room1_mix0100,96,4,0,116,-3,8.45
fold2_room1_mix0100,97,4,0,121,-4,8.68
fold2_room1_mix0100,98,4,0,125,-4,8.83
fold2_room1_mix0100,99,4,0,127,-3,9.44
fold2_room1_mix0101,12,3,0,-48,-3,2.94
fold2_room1_mix0101,13,3,0,-47,-2,6.33
fold2_room1_mix0101,14,3,0,-48,-2,7.67
fold2_room1_mix0101,15,3,0,-55,-2,3.68
fold2_room1_mix0101,17,3,0,-54,-1,2.69
fold2_room1_mix0101,20,3,0,-54,-3,11.53
fold2_room1_mix0101,21,3,0,-57,-3,11.48
fold2_room1_mix0101,22,3,0,-55,-3,10.59
fold2_room1_mix0101,23,3,0,-64,-3,9.66
fold2_room1_mix0101,24,3,0,-63,-3,9.82
fold2_room1_mix0101,25,3,0,-61,-4,7.81
fold2_room1_mix0101,26,3,0,-62,-4,8.38
fold2_room1_mix0101,27,3,0,-76,-4,7.80
fold2_room1_mix0101,28,3,0,-70,-4,7.55
fold2_room1_mix0101,29,3,0,-73,-4,7.70
fold2_room1_mix0101,30,3,0,-70,-4,6.72
fold2_room1_mix0101,31,3,0,-71,-4,5.65
fold2_room1_mix0101,32,3,0,-73,-4,6.06
fold2_room1_mix0101,33,3,0,-72,-3,6.20
fold2_room1_mix0101,34,3,0,-74,-3,4.98
fold2_room1_mix0101,35,3,0,-79,-4,3.04
fold2_room1_mix0101,39,3,0,-86,-5,7.86
fold2_room1_mix0101,40,3,0,-92,-5,7.83
fold2_room1_mix0101,41,3,0,-92,-5,7.86
fold2_room1_mix0101,42,3,0,-93,-5,7.14
fold2_room1_mix0101,43,3,0,-93,-5,6.27
fold2_room1_mix0101,44,3,0,-92,-5,7.29
fold2_room1_mix0101,45,3,0,-93,-5,6.39
fold2_room1_mix0101,46,3,0,-94,-4,6.70
fold2_room1_mix0101,67,4,0,179,-1,5.12
fold2_room1_mix0101,68,4,0,177,-1,13.24
fold2_room1_mix0101,69,4,0,174,-1,12.69
fold2_room1_mix0101,70,4,0,172,-1,16.93
fold2_room1_mix0101,71,4,0,176,-1,17.29
fold2_room1_mix0101,72,4,0,173,-2,16.24
fold2_room1_mix0101,73,4,0,177,-2,15.48
fold2_room1_mix0101,74,4,0,176,-2,15.14
fold2_room1_mix0101,75,4,0,177,-2,13.52
fold2_room1_mix0101,76,4,0,174,-3,12.26
fold2_room1_mix0101,77,4,0,173,-3,10.99
fold2_room1_mix0101,78,4,0,176,-3,10.59
fold2_room1_mix0101,79,4,0,172,-3,8.92
fold2_room1_mix0101,80,4,0,172,-4,7.64
fold2_room1_mix0101,81,4,0,169,-6,5.93
fold2_room1_mix0101,82,4,0,170,-8,4.58
fold2_room1_mix0101,83,4,0,163,-10,3.69
fold2_room1_mix0101,84,4,0,153,-16,2.59
fold2_room1_mix0101,85,4,0,131,-29,1.85
fold2_room1_mix0101,86,4,0,64,-31,1.40
fold2_room1_mix0101,87,4,0,27,-16,1.90
fold2_room1_mix0101,88,4,0,17,-11,2.74
fold2_room1_mix0101,89,4,0,13,-9,3.88
fold2_room1_mix0101,90,4,0,12,-8,4.43
fold2_room1_mix0101,91,4,0,8,-6,5.76
fold2_room1_mix0101,92,4,0,8,-5,7.02
fold2_room1_mix0101,93,4,0,8,-4,8.66
fold2_room1_mix0101,94,4,0,5,-3,9.82
fold2_room1_mix0101,95,4,0,6,-3,10.88
fold2_room1_mix0101,96,4,0,6,-3,12.27
fold2_room1_mix0101,97,4,0,5,-2,13.34
fold2_room1_mix0101,98,4,0,5,-2,13.48
fold2_room1_mix0101,99,4,0,3,-2,13.35
fold2_room1_mix0102,62,4,0,-4,-2,4.05
fold2_room1_mix0102,63,4,0,-2,-3,6.66
fold2_room1_mix0102,64,4,0,-6,-3,5.93
fold2_room1_mix0102,65,4,0,-5,-4,6.13
fold2_room1_mix0102,66,4,0,-9,-5,6.66
fold2_room1_mix0102,67,4,0,-11,-7,5.26
fold2_room1_mix0102,68,4,0,-11,-8,4.33
fold2_room1_mix0102,69,4,0,-18,-12,3.51
fold2_room1_mix0102,70,4,0,-28,-16,2.59
fold2_room1_mix0102,71,4,0,-53,-29,1.54
fold2_room1_mix0102,72,4,0,-107,-32,1.19
fold2_room1_mix0102,73,4,0,-137,-20,1.68
fold2_room1_mix0102,74,4,0,-157,-11,2.55
fold2_room1_mix0102,75,4,0,-162,-8,3.37
fold2_room1_mix0102,76,4,0,-165,-7,4.25
fold2_room1_mix0102,77,4,0,-166,-5,5.78
fold2_room1_mix0102,78,4,0,-170,-4,6.63
fold2_room1_mix0102,79,4,0,-172,-4,7.20
fold2_room1_mix0102,80,4,0,-175,-3,8.08
fold2_room1_mix0102,81,4,0,-172,-2,4.98
fold2_room1_mix0102,82,4,0,-175,-2,4.39
fold2_room1_mix0104,4,4,0,0,0,2.87
fold2_room1_mix0104,5,4,0,0,0,15.67
fold2_room1_mix0104,6,4,0,0,0,14.73
fold2_room1_mix0104,7,4,0,1,0,19.78
fold2_room1_mix0104,8,4,0,1,0,28.28
fold2_room1_mix0104,9,4,0,1,-1,30.76
fold2_room1_mix0104,10,4,0,2,0,30.82
fold2_room1_mix0104,11,2,0,66,-6,6.47
fold2_room1_mix0104,11,4,0,4,0,37.51
fold2_room1_mix0104,12,2,0,61,-6,7.33
fold2_room1_mix0104,12,4,0,3,0,38.56
fold2_room1_mix0104,13,2,0,62,-6,7.12
fold2_room1_mix0104,13,4,0,1,0,40.99
fold2_room1_mix0104,14,2,0,59,-6,6.90
fold2_room1_mix0104,14,4,0,2,0,38.02
fold2_room1_mix0104,15,2,0,57,-6,6.62
fold2_room1_mix0104,15,4,0,3,0,43.76
fold2_room1_mix0104,16,4,0,1,0,45.24
fold2_room1_mix0104,17,4,0,1,0,47.44
fold2_room1_mix0104,18,4,0,0,0,48.70
fold2_room1_mix0104,19,4,0,0,-1,46.12
fold2_room1_mix0104,20,2,0,66,-4,9.45
fold2_room1_mix0104,20,4,0,0,0,44.29
fold2_room1_mix0104,21,2,0,65,-5,9.14
fold2_room1_mix0104,21,4,0,1,0,51.03
fold2_room1_mix0104,22,2,0,66,-5,8.34
fold2_room1_mix0104,22,4,0,1,0,45.66
fold2_room1_mix0104,23,2,0,67,-6,8.21
fold2_room1_mix0104,23,4,0,0,0,47.97
fold2_room1_mix0104,24,2,0,68,-6,7.35
fold2_room1_mix0104,24,4,0,0,0,47.50
fold2_room1_mix0104,25,2,0,66,-6,7.73
fold2_room1_mix0104,25,4,0,0,0,47.21
fold2_room1_mix0104,26,4,0,-1,0,48.88
fold2_room1_mix0104,27,4,0,0,-1,49.08
fold2_room1_mix0104,28,4,0,0,-1,48.45
fold2_room1_mix0104,29,4,0,0,-1,50.57
fold2_room1_mix0104,30,2,0,79,-5,8.91
fold2_room1_mix0104,30,4,0,-1,0,46.42
fold2_room1_mix0104,31,2,0,80,-6,8.14
fold2_room1_mix0104,31,4,0,0,0,47.45
fold2_room1_mix0104,32,2,0,79,-6,7.00
fold2_room1_mix0104,32,4,0,0,0,48.62
fold2_room1_mix0104,33,2,0,79,-6,8.36
fold2_room1_mix0104,33,4,0,0,0,47.86
fold2_room1_mix0104,34,2,0,82,-7,8.03
fold2_room1_mix0104,34,4,0,0,0,43.79
fold2_room1_mix0104,35,2,0,78,-6,8.14
fold2_room1_mix0104,35,4,0,0,0,40.63
fold2_room1_mix0104,36,4,0,-1,-1,41.30
fold2_room1_mix0104,37,4,0,0,0,41.59
fold2_room1_mix0104,38,4,0,0,0,38.08
fold2_room1_mix0104,39,4,0,0,0,38.92
fold2_room1_mix0104,40,4,0,0,0,37.12
fold2_room1_mix0104,41,4,0,0,0,38.16
fold2_room1_mix0104,42,4,0,0,-1,36.33
fold2_room1_mix0104,43,4,0,0,0,33.72
fold2_room1_mix0104,44,4,0,-1,-1,31.84
fold2_room1_mix0104,45,4,0,0,-1,30.20
fold2_room1_mix0104,46,4,0,0,-1,27.39
fold2_room1_mix0104,47,4,0,-2,-1,26.87
fold2_room1_mix0104,48,4,0,-1,-1,24.38
fold2_room1_mix0104,49,4,0,0,-1,22.76
fold2_room1_mix0104,50,4,0,-2,-1,21.38
fold2_room1_mix0104,51,4,0,0,-1,20.62
fold2_room1_mix0104,52,4,0,-2,-1,18.63
fold2_room1_mix0104,53,4,0,-1,-1,17.80
fold2_room1_mix0104,54,4,0,-3,-2,16.11
fold2_room1_mix0104,55,4,0,-3,-2,15.03
fold2_room1_mix0104,56,4,0,-4,-2,13.71
fold2_room1_mix0104,57,4,0,-3,-3,12.31
fold2_room1_mix0104,58,4,0,-5,-3,11.29
fold2_room1_mix0104,59,4,0,-5,-3,10.56
fold2_room1_mix0104,60,4,0,-7,-4,9.32
fold2_room1_mix0104,61,4,0,-8,-5,7.54
fold2_room1_mix0104,62,4,0,-11,-6,6.26
fold2_room1_mix0104,63,4,0,-16,-7,5.20
fold2_room1_mix0104,64,4,0,-19,-10,3.81
fold2_room1_mix0104,65,4,0,-28,-13,2.99
fold2_room1_mix0104,66,4,0,-41,-19,2.14
fold2_room1_mix0104,67,4,0,-77,-28,1.58
fold2_room1_mix0104,67,4,0,-60,-23,2.44
fold2_room1_mix0104,68,4,0,-111,-23,1.67
fold2_room1_mix0104,69,4,0,-136,-15,1.97
fold2_room1_mix0104,70,4,0,-147,-12,2.61
fold2_room1_mix0104,71,4,0,-155,-9,3.65
fold2_room1_mix0104,72,4,0,-160,-8,4.67
fold2_room1_mix0104,73,4,0,-163,-6,5.62
fold2_room1_mix0104,74,4,0,-165,-5,6.48
fold2_room1_mix0104,75,4,0,-167,-5,7.37
fold2_room1_mix0104,76,4,0,-169,-4,8.39
fold2_room1_mix0104,77,4,0,-170,-3,9.49
fold2_room1_mix0104,78,4,0,-171,-3,10.40
fold2_room1_mix0104,79,4,0,-171,-2,11.89
fold2_room1_mix0104,80,4,0,-172,-2,12.69
fold2_room1_mix0104,81,4,0,-172,-2,13.10
fold2_room1_mix0104,82,4,0,-172,-2,14.49
fold2_room1_mix0104,83,4,0,-173,-1,16.08
fold2_room1_mix0104,84,4,0,-173,-1,16.95
fold2_room1_mix0104,85,4,0,-173,-1,18.62
fold2_room1_mix0104,86,4,0,-174,-1,18.58
fold2_room1_mix0104,87,4,0,-174,-1,19.76
fold2_room1_mix0104,88,4,0,-175,-1,21.42
fold2_room1_mix0104,89,4,0,-175,-1,22.02
fold2_room1_mix0104,90,4,0,-175,-1,23.79
fold2_room1_mix0104,91,4,0,-176,-1,25.37
fold2_room1_mix0104,92,4,0,-176,-1,25.47
fold2_room1_mix0104,93,4,0,-176,-1,27.00
fold2_room1_mix0104,94,4,0,-177,0,27.88
fold2_room1_mix0104,95,4,0,-176,0,30.06
fold2_room1_mix0104,96,4,0,-176,0,29.84
fold2_room1_mix0104,97,4,0,-177,0,30.36
fold2_room1_mix0104,98,4,0,-176,0,31.67
fold2_room1_mix0104,99,4,0,-176,0,31.58
fold2_room1_mix0105,1,4,0,-178,0,1.14
fold2_room1_mix0105,2,4,0,-177,1,1.80
fold2_room1_mix0105,3,4,0,-174,0,8.47
fold2_room1_mix0105,4,4,0,-174,0,12.52
fold2_room1_mix0105,5,4,0,-174,0,15.09
fold2_room1_mix0105,6,4,0,-174,0,16.05
fold2_room1_mix0105,7,4,0,-173,-1,21.66
fold2_room1_mix0105,8,4,0,-173,-1,22.56
fold2_room1_mix0105,9,4,0,-174,-1,21.14
fold2_room1_mix0105,10,4,0,-173,-1,20.45
fold2_room1_mix0105,11,4,0,-173,-1,20.61
fold2_room1_mix0105,12,4,0,-172,-1,19.53
fold2_room1_mix0105,13,4,0,-172,-1,18.68
fold2_room1_mix0105,14,4,0,-171,-1,19.19
fold2_room1_mix0105,15,4,0,-171,-1,19.26
fold2_room1_mix0105,16,4,0,-170,-1,17.75
fold2_room1_mix0105,17,4,0,-170,-1,17.64
fold2_room1_mix0105,18,4,0,-168,-1,17.55
fold2_room1_mix0105,19,4,0,-169,-1,16.22
fold2_room1_mix0105,20,4,0,-169,-1,17.19
fold2_room1_mix0105,21,4,0,-166,-1,16.44
fold2_room1_mix0105,22,4,0,-166,-2,15.52
fold2_room1_mix0105,23,4,0,-165,-2,15.44
fold2_room1_mix0105,24,4,0,-163,-2,14.65
fold2_room1_mix0105,25,4,0,-163,-2,13.68
fold2_room1_mix0105,26,4,0,-163,-2,13.74
fold2_room1_mix0105,27,4,0,-162,-2,14.37
fold2_room1_mix0105,28,4,0,-161,-2,13.11
fold2_room1_mix0105,29,4,0,-161,-2,12.56
fold2_room1_mix0105,30,4,0,-160,-3,13.27
fold2_room1_mix0105,31,4,0,-159,-3,12.56
fold2_room1_mix0105,32,4,0,-156,-2,13.57
fold2_room1_mix0105,33,0,0,11,-1,5.11
fold2_room1_mix0105,33,4,0,-156,-2,14.55
fold2_room1_mix0105,34,0,0,13,-1,9.92
fold2_room1_mix0105,34,4,0,-157,-2,14.82
fold2_room1_mix0105,35,0,0,14,-1,16.10
fold2_room1_mix0105,35,4,0,-155,-2,13.85
fold2_room1_mix0105,36,0,0,17,-1,15.28
fold2_room1_mix0105,36,4,0,-155,-3,12.32
fold2_room1_mix0105,37,0,0,18,-1,15.71
fold2_room1_mix0105,37,4,0,-156,-2,12.82
fold2_room1_mix0105,38,0,0,20,-1,18.72
fold2_room1_mix0105,38,4,0,-154,-3,10.61
fold2_room1_mix0105,39,0,0,19,-1,20.42
fold2_room1_mix0105,39,4,0,-154,-4,10.36
fold2_room1_mix0105,40,0,0,20,-1,18.78
fold2_room1_mix0105,40,4,0,-152,-3,10.43
fold2_room1_mix0105,41,0,0,20,-1,19.83
fold2_room1_mix0105,41,4,0,-152,-4,10.23
fold2_room1_mix0105,42,0,0,25,-1,18.65
fold2_room1_mix0105,42,4,0,-150,-3,10.71
fold2_room1_mix0105,43,0,0,23,-1,19.02
fold2_room1_mix0105,43,4,0,-160,-2,13.75
fold2_room1_mix0105,43,4,0,-140,-5,7.67
fold2_room1_mix0105,44,0,0,23,-1,19.37
fold2_room1_mix0105,44,4,0,-164,-2,14.49
fold2_room1_mix0105,44,4,0,-148,-4,8.57
fold2_room1_mix0105,44,4,0,-132,-5,8.86
fold2_room1_mix0105,45,0,0,24,-1,16.43
fold2_room1_mix0105,45,4,0,-164,-2,12.53
fold2_room1_mix0105,45,4,0,-137,-5,6.52
fold2_room1_mix0105,46,0,0,27,-2,14.48
fold2_room1_mix0105,46,4,0,-165,-1,15.44
fold2_room1_mix0105,46,4,0,-134,-5,6.55
fold2_room1_mix0105,47,0,0,27,-2,13.59
fold2_room1_mix0105,47,4,0,-164,-2,14.22
fold2_room1_mix0105,47,4,0,-130,-7,5.45
fold2_room1_mix0105,48,0,0,28,-2,13.95
fold2_room1_mix0105,48,4,0,-166,-2,14.29
fold2_room1_mix0105,48,4,0,-133,-6,6.55
fold2_room1_mix0105,49,0,0,36,-2,11.44
fold2_room1_mix0105,49,4,0,-162,-1,12.94
fold2_room1_mix0105,49,4,0,-124,-7,4.92
fold2_room1_mix0105,50,0,0,30,-2,12.20
fold2_room1_mix0105,50,4,0,-163,-1,13.00
fold2_room1_mix0105,50,4,0,-135,-6,4.94
fold2_room1_mix0105,50,4,0,-115,-6,7.05
fold2_room1_mix0105,51,0,0,34,-2,11.68
fold2_room1_mix0105,51,4,0,-161,-3,10.83
fold2_room1_mix0105,51,4,0,-111,-9,3.53
fold2_room1_mix0105,51,4,0,-85,-7,6.50
fold2_room1_mix0105,52,0,0,46,-2,11.38
fold2_room1_mix0105,52,4,0,-165,-2,11.38
fold2_room1_mix0105,52,4,0,-105,-10,3.28
fold2_room1_mix0105,52,4,0,-80,-9,6.13
fold2_room1_mix0105,53,0,0,43,-2,11.58
fold2_room1_mix0105,53,4,0,-165,-3,10.80
fold2_room1_mix0105,53,4,0,-96,-10,2.99
fold2_room1_mix0105,53,4,0,-67,-9,5.97
fold2_room1_mix0105,54,0,0,48,-2,11.64
fold2_room1_mix0105,54,4,0,-169,-3,10.86
fold2_room1_mix0105,54,4,0,-88,-10,3.60
fold2_room1_mix0105,54,4,0,-62,-9,7.12
fold2_room1_mix0105,55,0,0,57,-2,10.01
fold2_room1_mix0105,55,4,0,-169,-4,9.87
fold2_room1_mix0105,55,4,0,-73,-11,4.71
fold2_room1_mix0105,56,0,0,63,-3,10.08
fold2_room1_mix0105,56,4,0,-166,-5,7.77
fold2_room1_mix0105,56,4,0,-61,-10,4.05
fold2_room1_mix0105,57,0,0,72,-3,9.76
fold2_room1_mix0105,57,4,0,-164,-5,6.64
fold2_room1_mix0105,57,4,0,-65,-10,3.22
fold2_room1_mix0105,57,4,0,-49,-8,5.53
fold2_room1_mix0105,58,0,0,78,-3,9.48
fold2_room1_mix0105,58,4,0,-167,-5,5.54
fold2_room1_mix0105,58,4,0,-45,-7,4.47
fold2_room1_mix0105,59,0,0,83,-3,9.24
fold2_room1_mix0105,59,4,0,-161,-6,4.88
fold2_room1_mix0105,59,4,0,-38,-7,4.53
fold2_room1_mix0105,60,0,0,97,-3,9.69
fold2_room1_mix0105,60,4,0,-166,-5,4.90
fold2_room1_mix0105,60,4,0,-41,-5,4.42
fold2_room1_mix0105,60,4,0,-21,-5,6.85
fold2_room1_mix0105,61,0,0,96,-3,8.86
fold2_room1_mix0105,61,4,0,-169,-5,4.27
fold2_room1_mix0105,61,4,0,-38,-4,5.01
fold2_room1_mix0105,61,4,0,-19,-4,7.01
fold2_room1_mix0105,62,0,0,95,-3,9.63
fold2_room1_mix0105,62,4,0,-172,-8,3.10
fold2_room1_mix0105,62,4,0,-25,-4,6.15
fold2_room1_mix0105,63,0,0,108,-2,10.22
fold2_room1_mix0105,63,4,0,178,-9,2.89
fold2_room1_mix0105,63,4,0,-19,-3,7.45
fold2_room1_mix0105,64,0,0,103,-3,9.81
fold2_room1_mix0105,64,4,0,160,-18,1.81
fold2_room1_mix0105,64,4,0,-19,-4,6.87
fold2_room1_mix0105,65,0,0,109,-2,10.79
fold2_room1_mix0105,65,4,0,123,-27,1.51
fold2_room1_mix0105,65,4,0,-22,-3,6.90
fold2_room1_mix0105,65,4,0,-4,-5,6.67
fold2_room1_mix0105,66,0,0,121,-2,11.72
fold2_room1_mix0105,66,4,0,-19,-2,7.14
fold2_room1_mix0105,66,4,0,-2,-4,7.37
fold2_room1_mix0105,67,0,0,117,-2,12.46
fold2_room1_mix0105,67,4,0,20,-13,2.20
fold2_room1_mix0105,67,4,0,-19,-1,8.09
fold2_room1_mix0105,67,4,0,-1,-2,8.58
fold2_room1_mix0105,68,0,0,116,-2,14.03
fold2_room1_mix0105,68,4,0,8,-9,3.08
fold2_room1_mix0105,68,4,0,1,-5,5.98
fold2_room1_mix0105,69,0,0,130,-1,14.36
fold2_room1_mix0105,69,4,0,5,-7,3.92
fold2_room1_mix0105,69,4,0,3,-5,6.20
fold2_room1_mix0105,70,0,0,137,-1,15.03
fold2_room1_mix0105,70,4,0,3,-5,5.22
fold2_room1_mix0105,70,4,0,1,-4,7.54
fold2_room1_mix0105,71,0,0,142,-1,13.97
fold2_room1_mix0105,71,4,0,-7,-3,9.07
fold2_room1_mix0105,72,0,0,141,-1,14.91
fold2_room1_mix0105,72,4,0,-7,-2,9.43
fold2_room1_mix0105,73,0,0,146,-1,15.09
fold2_room1_mix0105,73,4,0,-8,-2,10.09
fold2_room1_mix0105,74,0,0,149,-1,15.06
fold2_room1_mix0105,74,4,0,-9,-2,10.34
fold2_room1_mix0105,75,0,0,144,-1,12.52
fold2_room1_mix0105,75,4,0,-5,-2,11.03
fold2_room1_mix0105,76,0,0,146,-1,8.57
fold2_room1_mix0105,76,4,0,-9,-2,12.63
fold2_room1_mix0105,77,0,0,148,-1,4.33
fold2_room1_mix0105,77,4,0,-8,-1,14.17
fold2_room1_mix0105,78,4,0,-7,-1,14.39
fold2_room1_mix0105,79,4,0,-7,-2,15.41
fold2_room1_mix0105,80,4,0,-6,-2,16.38
fold2_room1_mix0105,81,4,0,-6,-1,17.08
fold2_room1_mix0105,82,4,0,-6,-2,18.04
fold2_room1_mix0105,83,4,0,-4,-2,18.01
fold2_room1_mix0105,84,4,0,-6,-1,19.53
fold2_room1_mix0105,85,4,0,-5,-2,19.14
fold2_room1_mix0105,86,4,0,-5,-2,19.20
fold2_room1_mix0105,87,4,0,-6,-1,20.43
fold2_room1_mix0105,88,4,0,-6,-2,20.65
fold2_room1_mix0105,89,4,0,-6,-2,20.96
fold2_room1_mix0105,90,4,0,-6,-1,21.39
fold2_room1_mix0105,91,4,0,-5,-2,21.97
fold2_room1_mix0105,92,4,0,-5,-2,22.28
fold2_room1_mix0105,93,4,0,-5,-1,22.17
fold2_room1_mix0105,94,4,0,-6,-1,22.87
fold2_room1_mix0105,95,4,0,-5,-1,23.80
fold2_room1_mix0105,96,4,0,-4,-1,23.39
fold2_room1_mix0105,97,4,0,-4,-1,25.78
fold2_room1_mix0105,98,4,0,-4,-1,26.89
fold2_room1_mix0105,99,4,0,-2,-1,24.05
fold2_room1_mix0106,4,4,0,2,0,4.09
fold2_room1_mix0106,5,4,0,6,-1,23.45
fold2_room1_mix0106,6,4,0,6,0,23.85
fold2_room1_mix0106,7,4,0,5,0,26.84
fold2_room1_mix0106,8,4,0,5,-1,43.73
fold2_room1_mix0106,9,4,0,4,-1,44.41
fold2_room1_mix0106,10,4,0,6,-1,43.38
fold2_room1_mix0106,11,4,0,5,-1,44.06
fold2_room1_mix0106,12,4,0,6,-1,44.67
fold2_room1_mix0106,13,4,0,5,-1,45.16
fold2_room1_mix0106,14,4,0,7,-1,47.41
fold2_room1_mix0106,15,4,0,6,0,45.08
fold2_room1_mix0106,16,4,0,7,0,42.79
fold2_room1_mix0106,17,4,0,5,0,45.00
fold2_room1_mix0106,18,4,0,6,0,45.50
fold2_room1_mix0106,19,4,0,8,0,43.66
fold2_room1_mix0106,20,4,0,6,0,42.69
fold2_room1_mix0106,21,4,0,5,0,43.69
fold2_room1_mix0106,22,4,0,6,0,42.20
fold2_room1_mix0106,23,4,0,5,0,39.55
fold2_room1_mix0106,24,4,0,6,0,41.21
fold2_room1_mix0106,25,4,0,5,0,39.82
fold2_room1_mix0106,26,4,0,6,0,37.24
fold2_room1_mix0106,27,4,0,7,0,37.92
fold2_room1_mix0106,28,4,0,7,0,35.83
fold2_room1_mix0106,29,4,0,8,0,34.85
fold2_room1_mix0106,30,4,0,7,0,35.27
fold2_room1_mix0106,31,4,0,7,0,33.50
fold2_room1_mix0106,32,4,0,9,0,33.02
fold2_room1_mix0106,33,4,0,7,0,30.57
fold2_room1_mix0106,34,4,0,7,0,31.31
fold2_room1_mix0106,35,4,0,8,0,29.37
fold2_room1_mix0106,36,4,0,7,0,28.92
fold2_room1_mix0106,37,4,0,8,0,28.69
fold2_room1_mix0106,38,4,0,7,-1,26.78
fold2_room1_mix0106,39,4,0,7,-1,25.97
fold2_room1_mix0106,40,4,0,8,-1,25.73
fold2_room1_mix0106,41,4,0,7,-1,23.08
fold2_room1_mix0106,42,4,0,9,-1,23.12
fold2_room1_mix0106,43,4,0,8,-1,23.32
fold2_room1_mix0106,44,4,0,9,-1,22.56
fold2_room1_mix0106,45,4,0,9,-2,20.18
fold2_room1_mix0106,46,4,0,10,-1,19.97
fold2_room1_mix0106,47,4,0,11,-1,19.41
fold2_room1_mix0106,48,4,0,11,-1,18.62
fold2_room1_mix0106,49,4,0,11,-2,16.73
fold2_room1_mix0106,50,4,0,12,-2,16.76
fold2_room1_mix0106,51,4,0,12,-2,15.91
fold2_room1_mix0106,52,4,0,12,-2,15.70
fold2_room1_mix0106,53,4,0,12,-2,14.77
fold2_room1_mix0106,54,4,0,13,-2,13.13
fold2_room1_mix0106,55,4,0,14,-3,12.85
fold2_room1_mix0106,56,1,0,-103,-5,6.30
fold2_room1_mix0106,56,4,0,15,-4,14.63
fold2_room1_mix0106,57,4,0,19,-3,12.18
fold2_room1_mix0106,58,1,0,-83,-5,6.60
fold2_room1_mix0106,58,4,0,18,-4,12.33
fold2_room1_mix0106,59,1,0,-75,-6,6.27
fold2_room1_mix0106,59,4,0,14,-4,12.40
fold2_room1_mix0106,60,1,0,-64,-5,6.11
fold2_room1_mix0106,60,4,0,21,-5,10.29
fold2_room1_mix0106,61,1,0,-60,-5,6.42
fold2_room1_mix0106,61,4,0,14,-4,12.75
fold2_room1_mix0106,62,4,0,31,-6,7.54
fold2_room1_mix0106,63,1,0,-41,-4,5.13
fold2_room1_mix0106,63,4,0,24,-6,7.84
fold2_room1_mix0106,64,1,0,-47,-4,7.10
fold2_room1_mix0106,64,4,0,34,-5,6.35
fold2_room1_mix0106,65,1,0,-39,-4,8.14
fold2_room1_mix0106,65,4,0,31,-7,5.88
fold2_room1_mix0106,66,1,0,-31,-4,10.49
fold2_room1_mix0106,66,4,0,30,-8,5.42
fold2_room1_mix0106,67,1,0,-43,-4,6.34
fold2_room1_mix0106,67,4,0,48,-7,4.25
fold2_room1_mix0106,68,4,0,66,-10,3.66
fold2_room1_mix0106,69,1,0,-25,-3,14.24
fold2_room1_mix0106,69,4,0,75,-12,3.28
fold2_room1_mix0106,70,1,0,-19,-4,12.85
fold2_room1_mix0106,70,4,0,72,-11,4.43
fold2_room1_mix0106,71,1,0,-21,-3,15.03
fold2_room1_mix0106,71,4,0,96,-12,4.03
fold2_room1_mix0106,72,1,0,-16,-3,17.12
fold2_room1_mix0106,72,4,0,126,-10,4.97
fold2_room1_mix0106,73,4,0,138,-10,4.30
fold2_room1_mix0106,74,1,0,-16,-3,14.33
fold2_room1_mix0106,74,4,0,144,-7,5.89
fold2_room1_mix0106,75,1,0,-20,-3,19.65
fold2_room1_mix0106,75,4,0,146,-6,5.77
fold2_room1_mix0106,76,1,0,-18,-2,20.19
fold2_room1_mix0106,76,4,0,146,-7,6.12
fold2_room1_mix0106,77,1,0,-18,-3,21.00
fold2_room1_mix0106,77,4,0,153,-6,7.11
fold2_room1_mix0106,78,1,0,-16,-2,6.50
fold2_room1_mix0106,78,4,0,158,-4,8.80
fold2_room1_mix0106,79,4,0,157,-5,8.77
fold2_room1_mix0106,80,1,0,-15,-3,17.76
fold2_room1_mix0106,80,4,0,156,-5,8.88
fold2_room1_mix0106,81,1,0,-15,-2,18.36
fold2_room1_mix0106,81,4,0,163,-4,9.89
fold2_room1_mix0106,82,1,0,-15,-2,20.20
fold2_room1_mix0106,82,4,0,162,-3,11.56
fold2_room1_mix0106,83,1,0,-17,-2,17.54
fold2_room1_mix0106,83,4,0,161,-3,12.87
fold2_room1_mix0106,84,4,0,164,-3,12.26
fold2_room1_mix0106,85,1,0,-16,-2,17.38
fold2_room1_mix0106,85,4,0,163,-2,13.86
fold2_room1_mix0106,86,1,0,-20,-2,26.38
fold2_room1_mix0106,86,4,0,164,-2,13.36
fold2_room1_mix0106,87,1,0,-12,-2,22.94
fold2_room1_mix0106,87,4,0,162,-2,13.35
fold2_room1_mix0106,88,1,0,-18,-2,27.11
fold2_room1_mix0106,88,4,0,162,-1,15.81
fold2_room1_mix0106,89,4,0,166,-2,17.56
fold2_room1_mix0106,90,4,0,165,-2,18.24
fold2_room1_mix0106,91,1,0,-14,-2,13.95
fold2_room1_mix0106,91,4,0,165,0,17.67
fold2_room1_mix0106,92,1,0,-11,-2,22.54
fold2_room1_mix0106,92,4,0,166,0,18.33
fold2_room1_mix0106,93,1,0,-5,-2,20.72
fold2_room1_mix0106,93,4,0,165,0,20.09
fold2_room1_mix0106,94,1,0,-5,-1,6.26
fold2_room1_mix0106,94,4,0,167,0,24.88
fold2_room1_mix0106,95,4,0,169,-1,20.51
fold2_room1_mix0106,96,4,0,168,-1,22.84
fold2_room1_mix0106,97,4,0,169,-1,21.16
fold2_room1_mix0106,98,4,0,170,-1,23.21
fold2_room1_mix0106,99,4,0,170,0,24.22
fold2_room1_mix0107,1,5,0,-177,3,4.22
fold2_room1_mix0107,2,4,0,-177,0,0.67
fold2_room1_mix0107,2,4,0,-1,2,0.94
fold2_room1_mix0107,2,5,0,-168,3,5.33
fold2_room1_mix0107,3,4,0,-177,1,4.06
fold2_room1_mix0107,3,4,0,-4,2,4.26
fold2_room1_mix0107,3,5,0,-173,5,4.66
fold2_room1_mix0107,4,4,0,-175,0,18.46
fold2_room1_mix0107,4,4,0,-2,0,19.91
fold2_room1_mix0107,5,4,0,-173,0,15.68
fold2_room1_mix0107,5,4,0,-6,0,18.26
fold2_room1_mix0107,5,5,0,-171,4,10.07
fold2_room1_mix0107,6,4,0,-176,0,17.42
fold2_room1_mix0107,6,4,0,-5,0,20.80
fold2_room1_mix0107,6,5,0,-166,4,12.17
fold2_room1_mix0107,7,4,0,179,0,28.78
fold2_room1_mix0107,7,4,0,-6,0,28.80
fold2_room1_mix0107,7,5,0,-167,3,11.84
fold2_room1_mix0107,8,4,0,-176,0,35.30
fold2_room1_mix0107,8,4,0,-5,0,39.70
fold2_room1_mix0107,8,5,0,-174,4,6.65
fold2_room1_mix0107,9,4,0,-176,0,30.25
fold2_room1_mix0107,9,4,0,-2,-1,33.50
fold2_room1_mix0107,9,5,0,-171,4,11.74
fold2_room1_mix0107,10,4,0,-175,0,29.90
fold2_room1_mix0107,10,4,0,-2,-1,34.01
fold2_room1_mix0107,10,5,0,-167,4,10.47
fold2_room1_mix0107,11,4,0,-176,0,30.50
fold2_room1_mix0107,11,4,0,-5,-1,35.19
fold2_room1_mix0107,11,5,0,-165,4,10.03
fold2_room1_mix0107,12,4,0,-174,-2,30.15
fold2_room1_mix0107,12,4,0,-2,-1,37.36
fold2_room1_mix0107,12,5,0,-166,4,11.10
fold2_room1_mix0107,13,4,0,-174,-1,29.44
fold2_room1_mix0107,13,4,0,-1,0,37.72
fold2_room1_mix0107,13,5,0,-165,5,8.63
fold2_room1_mix0107,14,4,0,-173,0,29.37
fold2_room1_mix0107,14,4,0,-6,-1,32.94
fold2_room1_mix0107,14,5,0,-167,4,10.91
fold2_room1_mix0107,15,4,0,-173,-1,27.27
fold2_room1_mix0107,15,4,0,-6,-1,32.78
fold2_room1_mix0107,15,5,0,-162,4,11.31
fold2_room1_mix0107,16,4,0,-174,0,30.51
fold2_room1_mix0107,16,4,0,-7,-1,34.64
fold2_room1_mix0107,16,5,0,-168,5,8.42
fold2_room1_mix0107,17,4,0,-171,0,26.85
fold2_room1_mix0107,17,4,0,-8,-1,32.11
fold2_room1_mix0107,17,5,0,-168,4,10.31
fold2_room1_mix0107,18,4,0,-174,-1,27.86
fold2_room1_mix0107,18,4,0,-11,-1,30.79
fold2_room1_mix0107,18,5,0,-165,4,11.12
fold2_room1_mix0107,19,4,0,-172,0,26.46
fold2_room1_mix0107,19,4,0,-8,-1,33.85
fold2_room1_mix0107,19,5,0,-161,4,9.20
fold2_room1_mix0107,20,4,0,-173,0,26.01
fold2_room1_mix0107,20,4,0,-11,-1,33.76
fold2_room1_mix0107,20,5,0,-166,4,10.90
fold2_room1_mix0107,21,4,0,-169,-2,25.28
fold2_room1_mix0107,21,4,0,-7,0,38.26
fold2_room1_mix0107,21,5,0,-163,4,10.84
fold2_room1_mix0107,22,4,0,-172,-1,25.34
fold2_room1_mix0107,22,4,0,-6,0,38.82
fold2_room1_mix0107,22,5,0,-163,5,9.13
fold2_room1_mix0107,23,4,0,-170,-2,22.20
fold2_room1_mix0107,23,4,0,-8,-1,38.65
fold2_room1_mix0107,23,5,0,-162,4,10.93
fold2_room1_mix0107,24,4,0,-173,-2,26.28
fold2_room1_mix0107,24,4,0,-5,0,44.38
fold2_room1_mix0107,24,5,0,-165,4,10.47
fold2_room1_mix0107,25,4,0,-172,-1,25.86
fold2_room1_mix0107,25,4,0,-12,-1,33.50
fold2_room1_mix0107,25,5,0,-162,5,9.32
fold2_room1_mix0107,26,4,0,-171,-2,24.34
fold2_room1_mix0107,26,4,0,-11,0,41.86
fold2_room1_mix0107,26,5,0,-166,4,10.85
fold2_room1_mix0107,27,4,0,-169,-1,25.37
fold2_room1_mix0107,27,4,0,-7,0,38.89
fold2_room1_mix0107,27,5,0,-164,4,11.90
fold2_room1_mix0107,28,4,0,-169,-1,24.33
fold2_room1_mix0107,28,4,0,-11,-1,33.83
fold2_room1_mix0107,28,5,0,-164,5,9.87
fold2_room1_mix0107,29,4,0,-171,-1,23.60
fold2_room1_mix0107,29,4,0,-10,-1,33.57
fold2_room1_mix0107,29,5,0,-163,5,8.64
fold2_room1_mix0107,30,4,0,-169,-1,23.03
fold2_room1_mix0107,30,4,0,-9,-1,32.39
fold2_room1_mix0107,30,5,0,-163,4,11.21
fold2_room1_mix0107,31,4,0,-168,-1,21.29
fold2_room1_mix0107,31,4,0,-11,-1,30.25
fold2_room1_mix0107,31,5,0,-162,4,10.66
fold2_room1_mix0107,32,4,0,-169,0,21.67
fold2_room1_mix0107,32,4,0,-14,-1,28.88
fold2_room1_mix0107,32,5,0,-164,5,10.06
fold2_room1_mix0107,33,4,0,-164,0,21.60
fold2_room1_mix0107,33,4,0,-8,-1,29.60
fold2_room1_mix0107,33,5,0,-163,4,10.62
fold2_room1_mix0107,34,4,0,-166,-1,20.20
fold2_room1_mix0107,34,4,0,-10,0,30.11
fold2_room1_mix0107,34,5,0,-162,4,9.76
fold2_room1_mix0107,35,4,0,-166,0,19.72
fold2_room1_mix0107,35,4,0,-11,0,29.15
fold2_room1_mix0107,35,5,0,-160,5,10.05
fold2_room1_mix0107,36,4,0,-166,0,19.67
fold2_room1_mix0107,36,4,0,-16,0,27.20
fold2_room1_mix0107,36,5,0,-165,5,10.50
fold2_room1_mix0107,37,4,0,-164,0,19.07
fold2_room1_mix0107,37,4,0,-15,-1,28.36
fold2_room1_mix0107,37,5,0,-159,5,9.62
fold2_room1_mix0107,38,4,0,-166,-1,19.71
fold2_room1_mix0107,38,4,0,-15,-1,27.88
fold2_room1_mix0107,38,5,0,-159,5,9.73
fold2_room1_mix0107,39,4,0,-165,0,18.75
fold2_room1_mix0107,39,4,0,-17,0,26.79
fold2_room1_mix0107,39,5,0,-160,4,9.99
fold2_room1_mix0107,40,4,0,-161,0,18.64
fold2_room1_mix0107,40,4,0,-16,0,24.54
fold2_room1_mix0107,40,5,0,-161,5,10.31
fold2_room1_mix0107,41,4,0,-163,-1,16.93
fold2_room1_mix0107,41,4,0,-18,-1,24.36
fold2_room1_mix0107,41,5,0,-160,5,9.63
fold2_room1_mix0107,42,4,0,-158,-1,15.35
fold2_room1_mix0107,42,4,0,-18,-1,23.29
fold2_room1_mix0107,42,5,0,-160,5,9.18
fold2_room1_mix0107,43,4,0,-155,-1,16.03
fold2_room1_mix0107,43,4,0,-16,-1,21.80
fold2_room1_mix0107,43,5,0,-160,4,10.43
fold2_room1_mix0107,44,4,0,-154,-1,15.12
fold2_room1_mix0107,44,4,0,-26,0,30.13
fold2_room1_mix0107,44,5,0,-161,5,9.70
fold2_room1_mix0107,45,4,0,-158,-2,12.60
fold2_room1_mix0107,45,4,0,-31,0,25.01
fold2_room1_mix0107,45,5,0,-161,6,8.31
fold2_room1_mix0107,46,4,0,-158,-1,15.36
fold2_room1_mix0107,46,4,0,-28,-1,19.97
fold2_room1_mix0107,46,5,0,-158,4,10.32
fold2_room1_mix0107,47,4,0,-156,-2,13.15
fold2_room1_mix0107,47,4,0,-27,0,24.42
fold2_room1_mix0107,47,5,0,-161,5,9.38
fold2_room1_mix0107,48,4,0,-156,-1,13.47
fold2_room1_mix0107,48,4,0,-134,-2,13.23
fold2_room1_mix0107,48,4,0,-29,0,24.15
fold2_room1_mix0107,48,5,0,-162,6,7.71
fold2_room1_mix0107,49,4,0,-151,-1,12.39
fold2_room1_mix0107,49,4,0,-20,-1,17.49
fold2_room1_mix0107,49,5,0,-160,5,9.83
fold2_room1_mix0107,50,4,0,-148,-3,10.19
fold2_room1_mix0107,50,4,0,-28,0,20.78
fold2_room1_mix0107,50,5,0,-160,5,9.14
fold2_room1_mix0107,51,4,0,-153,-2,10.11
fold2_room1_mix0107,51,4,0,-26,0,18.73
fold2_room1_mix0107,51,5,0,-160,6,8.29
fold2_room1_mix0107,52,4,0,-140,-2,8.90
fold2_room1_mix0107,52,4,0,-26,0,18.46
fold2_room1_mix0107,52,5,0,-158,5,9.37
fold2_room1_mix0107,53,4,0,-149,-3,9.16
fold2_room1_mix0107,53,4,0,-128,-4,8.38
fold2_room1_mix0107,53,4,0,-25,-1,16.55
fold2_room1_mix0107,53,5,0,-159,5,8.86
fold2_room1_mix0107,54,4,0,-144,-3,8.63
fold2_room1_mix0107,54,4,0,-41,-2,11.06
fold2_room1_mix0107,54,4,0,-21,-1,14.81
fold2_room1_mix0107,54,5,0,-159,5,8.87
fold2_room1_mix0107,55,4,0,-146,-3,7.87
fold2_room1_mix0107,55,4,0,-74,-4,8.79
fold2_room1_mix0107,55,4,0,-31,-1,12.81
fold2_room1_mix0107,55,5,0,-158,5,10.05
fold2_room1_mix0107,56,4,0,-138,-2,7.56
fold2_room1_mix0107,56,4,0,-27,-2,9.72
fold2_room1_mix0107,56,5,0,-162,5,9.16
fold2_room1_mix0107,57,4,0,-138,-3,7.45
fold2_room1_mix0107,57,4,0,-26,-2,10.67
fold2_room1_mix0107,57,5,0,-160,6,8.04
fold2_room1_mix0107,58,4,0,-133,-4,7.02
fold2_room1_mix0107,58,4,0,-73,-4,7.90
fold2_room1_mix0107,58,4,0,-28,-2,11.14
fold2_room1_mix0107,58,5,0,-159,5,9.06
fold2_room1_mix0107,59,4,0,-129,-3,7.37
fold2_room1_mix0107,59,4,0,-30,-3,9.27
fold2_room1_mix0107,59,5,0,-161,5,8.78
fold2_room1_mix0107,60,4,0,-125,-3,6.92
fold2_room1_mix0107,60,4,0,-47,-4,7.12
fold2_room1_mix0107,60,4,0,-25,-2,10.74
fold2_room1_mix0107,60,5,0,-159,6,8.55
fold2_room1_mix0107,61,4,0,-120,-4,7.25
fold2_room1_mix0107,61,4,0,-66,-7,5.31
fold2_room1_mix0107,61,4,0,-28,-2,11.48
fold2_room1_mix0107,61,5,0,-162,7,7.66
fold2_room1_mix0107,62,4,0,-97,-6,6.25
fold2_room1_mix0107,62,4,0,-49,-6,6.23
fold2_room1_mix0107,62,4,0,-19,-3,11.44
fold2_room1_mix0107,62,5,0,-162,5,8.47
fold2_room1_mix0107,63,4,0,-100,-4,7.25
fold2_room1_mix0107,63,4,0,-81,-7,4.54
fold2_room1_mix0107,63,4,0,-24,-2,12.86
fold2_room1_mix0107,63,5,0,-162,6,8.66
fold2_room1_mix0107,64,4,0,-81,-7,5.74
fold2_room1_mix0107,64,4,0,-25,-2,12.93
fold2_room1_mix0107,64,5,0,-166,8,7.00
fold2_room1_mix0107,65,4,0,-79,-6,6.50
fold2_room1_mix0107,65,4,0,-25,-2,14.52
fold2_room1_mix0107,65,5,0,-162,6,8.32
fold2_room1_mix0107,66,4,0,-76,-6,6.63
fold2_room1_mix0107,66,4,0,-28,-2,13.41
fold2_room1_mix0107,66,5,0,-162,7,8.06
fold2_room1_mix0107,67,4,0,-74,-6,6.80
fold2_room1_mix0107,67,4,0,-28,-1,15.04
fold2_room1_mix0107,67,5,0,-160,8,7.21
fold2_room1_mix0107,68,4,0,-71,-6,6.94
fold2_room1_mix0107,68,4,0,-32,-2,13.43
fold2_room1_mix0107,68,5,0,-161,6,8.14
fold2_room1_mix0107,69,4,0,-70,-5,6.72
fold2_room1_mix0107,69,4,0,-36,-2,11.84
fold2_room1_mix0107,69,5,0,-160,7,8.29
fold2_room1_mix0107,70,4,0,-69,-5,7.17
fold2_room1_mix0107,70,4,0,-33,-2,12.10
fold2_room1_mix0107,70,5,0,-163,8,6.93
fold2_room1_mix0107,71,4,0,-67,-5,7.10
fold2_room1_mix0107,71,4,0,-32,-1,13.99
fold2_room1_mix0107,71,5,0,-160,6,8.17
fold2_room1_mix0107,72,4,0,-69,-5,7.52
fold2_room1_mix0107,72,4,0,-30,-2,11.72
fold2_room1_mix0107,72,5,0,-155,6,8.22
fold2_room1_mix0107,73,4,0,-79,-3,8.96
fold2_room1_mix0107,73,4,0,-60,-5,6.56
fold2_room1_mix0107,73,4,0,-27,-2,12.08
fold2_room1_mix0107,73,5,0,-159,7,7.62
fold2_room1_mix0107,74,4,0,-101,-3,10.09
fold2_room1_mix0107,74,4,0,-54,-5,6.52
fold2_room1_mix0107,74,4,0,-27,-2,11.51
fold2_room1_mix0107,74,5,0,-156,7,7.45
fold2_room1_mix0107,75,4,0,-106,-3,10.52
fold2_room1_mix0107,75,4,0,-60,-5,7.23
fold2_room1_mix0107,75,4,0,-26,-1,14.06
fold2_room1_mix0107,75,5,0,-150,8,7.05
fold2_room1_mix0107,76,4,0,-102,-3,10.70
fold2_room1_mix0107,76,4,0,-49,-4,7.75
fold2_room1_mix0107,76,4,0,-22,-2,12.94
fold2_room1_mix0107,76,5,0,-153,9,6.27
fold2_room1_mix0107,77,4,0,-112,-2,11.04
fold2_room1_mix0107,77,4,0,-50,-4,7.31
fold2_room1_mix0107,77,4,0,-26,-2,11.63
fold2_room1_mix0107,77,5,0,-153,11,5.70
fold2_room1_mix0107,78,4,0,-116,-2,10.79
fold2_room1_mix0107,78,4,0,-41,-3,8.52
fold2_room1_mix0107,78,4,0,-20,-2,13.22
fold2_room1_mix0107,78,5,0,-156,8,6.94
fold2_room1_mix0107,79,4,0,-124,-2,11.19
fold2_room1_mix0107,79,4,0,-46,-3,8.59
fold2_room1_mix0107,79,4,0,-23,-1,12.91
fold2_room1_mix0107,79,5,0,-156,9,6.71
fold2_room1_mix0107,80,4,0,-121,-2,12.31
fold2_room1_mix0107,80,4,0,-27,-3,10.52
fold2_room1_mix0107,80,5,0,-153,10,5.95
fold2_room1_mix0107,81,4,0,-122,-1,11.42
fold2_room1_mix0107,81,4,0,-23,-2,10.53
fold2_room1_mix0107,81,5,0,-157,8,6.80
fold2_room1_mix0107,82,4,0,-127,-2,12.12
fold2_room1_mix0107,82,4,0,-22,-3,10.88
fold2_room1_mix0107,82,5,0,-156,9,6.71
fold2_room1_mix0107,83,4,0,-129,-1,12.59
fold2_room1_mix0107,83,4,0,-23,-2,11.61
fold2_room1_mix0107,83,5,0,-157,8,7.35
fold2_room1_mix0107,84,4,0,-129,-1,13.62
fold2_room1_mix0107,84,4,0,-20,-2,11.82
fold2_room1_mix0107,84,5,0,-156,7,7.60
fold2_room1_mix0107,85,4,0,-134,-1,13.33
fold2_room1_mix0107,85,4,0,-25,-2,12.01
fold2_room1_mix0107,85,5,0,-155,8,6.65
fold2_room1_mix0107,86,4,0,-133,-1,15.05
fold2_room1_mix0107,86,4,0,-22,-2,12.04
fold2_room1_mix0107,86,5,0,-157,7,7.52
fold2_room1_mix0107,87,4,0,-135,0,15.62
fold2_room1_mix0107,87,4,0,-18,-2,11.88
fold2_room1_mix0107,87,5,0,-156,7,7.38
fold2_room1_mix0107,88,4,0,-135,-1,14.99
fold2_room1_mix0107,88,4,0,-17,-2,12.27
fold2_room1_mix0107,88,5,0,-158,7,7.67
fold2_room1_mix0107,89,4,0,-137,0,15.78
fold2_room1_mix0107,89,4,0,-13,-1,13.87
fold2_room1_mix0107,89,5,0,-155,9,6.42
fold2_room1_mix0107,90,4,0,-138,-1,16.19
fold2_room1_mix0107,90,4,0,-16,-1,14.46
fold2_room1_mix0107,90,5,0,-155,8,6.34
fold2_room1_mix0107,91,4,0,-138,-1,17.09
fold2_room1_mix0107,91,4,0,-16,-1,14.64
fold2_room1_mix0107,91,5,0,-155,7,7.57
fold2_room1_mix0107,92,4,0,-139,0,16.75
fold2_room1_mix0107,92,4,0,-18,-1,14.84
fold2_room1_mix0107,92,5,0,-155,8,6.65
fold2_room1_mix0107,93,4,0,-139,-1,16.77
fold2_room1_mix0107,93,4,0,-15,-1,14.98
fold2_room1_mix0107,93,5,0,-155,9,5.97
fold2_room1_mix0107,94,4,0,-143,0,19.20
fold2_room1_mix0107,94,4,0,-15,-1,16.29
fold2_room1_mix0107,94,5,0,-154,7,7.20
fold2_room1_mix0107,95,4,0,-142,-1,18.22
fold2_room1_mix0107,95,4,0,-15,-1,17.00
fold2_room1_mix0107,95,5,0,-154,7,6.93
fold2_room1_mix0107,96,4,0,-144,0,18.47
fold2_room1_mix0107,96,4,0,-16,-1,16.30
fold2_room1_mix0107,96,5,0,-153,9,5.94
fold2_room1_mix0107,97,4,0,-146,0,19.36
fold2_room1_mix0107,97,4,0,-17,-1,17.17
fold2_room1_mix0107,97,5,0,-154,6,7.72
fold2_room1_mix0107,98,4,0,-145,0,19.25
fold2_room1_mix0107,98,4,0,-16,-1,17.11
fold2_room1_mix0107,98,5,0,-150,7,7.01
fold2_room1_mix0107,99,4,0,-148,0,19.96
fold2_room1_mix0107,99,4,0,-15,-1,17.89
fold2_room1_mix0107,99,5,0,-149,9,5.60
fold2_room1_mix0108,3,4,0,-15,0,11.40
fold2_room1_mix0108,4,4,0,-17,-1,12.13
fold2_room1_mix0108,5,4,0,-16,-1,14.55
fold2_room1_mix0108,6,4,0,-15,-1,16.66
fold2_room1_mix0108,7,4,0,-15,-1,21.98
fold2_room1_mix0108,8,4,0,-16,-1,20.91
fold2_room1_mix0108,9,4,0,-17,-1,20.84
fold2_room1_mix0108,10,4,0,-18,-1,19.55
fold2_room1_mix0108,11,4,0,-17,-1,19.58
fold2_room1_mix0108,12,4,0,-20,-1,19.64
fold2_room1_mix0108,13,4,0,-19,-1,19.32
fold2_room1_mix0108,14,4,0,-24,-2,19.31
fold2_room1_mix0108,15,4,0,-22,-2,18.87
fold2_room1_mix0108,16,4,0,-27,-2,17.25
fold2_room1_mix0108,17,4,0,-27,-2,17.58
fold2_room1_mix0108,18,4,0,-26,-2,17.35
fold2_room1_mix0108,19,4,0,-28,-2,16.51
fold2_room1_mix0108,20,4,0,-31,-2,16.38
fold2_room1_mix0108,21,4,0,-30,-2,15.94
fold2_room1_mix0108,22,4,0,-32,-2,14.46
fold2_room1_mix0108,23,4,0,-34,-2,13.94
fold2_room1_mix0108,24,4,0,-34,-3,13.33
fold2_room1_mix0108,25,4,0,-34,-3,13.07
fold2_room1_mix0108,26,4,0,-35,-3,13.38
fold2_room1_mix0108,27,4,0,-38,-3,12.42
fold2_room1_mix0108,28,4,0,-38,-3,12.46
fold2_room1_mix0108,29,4,0,-40,-3,10.97
fold2_room1_mix0108,30,4,0,-37,-3,12.39
fold2_room1_mix0108,31,4,0,-39,-3,11.87
fold2_room1_mix0108,32,4,0,-46,-5,8.73
fold2_room1_mix0108,32,4,0,-26,0,18.98
fold2_room1_mix0108,33,4,0,-45,-5,9.02
fold2_room1_mix0108,33,4,0,-28,-1,18.13
fold2_room1_mix0108,34,4,0,-48,-5,8.68
fold2_room1_mix0108,34,4,0,-32,-2,17.06
fold2_room1_mix0108,35,4,0,-50,-5,7.76
fold2_room1_mix0108,35,4,0,-30,-1,17.64
fold2_room1_mix0108,36,4,0,-52,-6,7.40
fold2_room1_mix0108,36,4,0,-36,-2,15.74
fold2_room1_mix0108,37,4,0,-52,-6,7.63
fold2_room1_mix0108,37,4,0,-33,-1,17.11
fold2_room1_mix0108,38,4,0,-54,-6,6.88
fold2_room1_mix0108,38,4,0,-31,0,19.51
fold2_room1_mix0108,39,4,0,-55,-6,6.58
fold2_room1_mix0108,39,4,0,-32,0,19.28
fold2_room1_mix0108,40,4,0,-59,-6,6.32
fold2_room1_mix0108,40,4,0,-27,0,22.56
fold2_room1_mix0108,41,4,0,-61,-6,5.96
fold2_room1_mix0108,41,4,0,-30,0,21.40
fold2_room1_mix0108,42,4,0,-65,-7,5.87
fold2_room1_mix0108,42,4,0,-28,0,24.11
fold2_room1_mix0108,43,4,0,-69,-7,5.61
fold2_room1_mix0108,43,4,0,-34,0,22.14
fold2_room1_mix0108,44,4,0,-77,-7,5.42
fold2_room1_mix0108,44,4,0,-27,0,26.23
fold2_room1_mix0108,45,4,0,-84,-8,5.34
fold2_room1_mix0108,45,4,0,-20,0,29.11
fold2_room1_mix0108,46,4,0,-87,-7,5.27
fold2_room1_mix0108,46,4,0,-18,0,29.64
fold2_room1_mix0108,47,4,0,-91,-7,5.43
fold2_room1_mix0108,47,4,0,-17,0,28.70
fold2_room1_mix0108,48,4,0,-93,-7,5.26
fold2_room1_mix0108,48,4,0,-11,0,25.93
fold2_room1_mix0108,49,4,0,-99,-7,5.47
fold2_room1_mix0108,49,4,0,-12,0,28.81
fold2_room1_mix0108,50,4,0,-102,-7,5.58
fold2_room1_mix0108,50,4,0,-13,0,26.69
fold2_room1_mix0108,51,4,0,-106,-6,5.77
fold2_room1_mix0108,51,4,0,-16,0,27.15
fold2_room1_mix0108,52,4,0,-111,-6,5.56
fold2_room1_mix0108,52,4,0,-16,0,25.63
fold2_room1_mix0108,53,4,0,-114,-6,5.71
fold2_room1_mix0108,53,4,0,-22,0,22.79
fold2_room1_mix0108,54,4,0,-123,-5,6.73
fold2_room1_mix0108,54,4,0,-65,-6,8.00
fold2_room1_mix0108,54,4,0,-21,0,19.38
fold2_room1_mix0108,55,4,0,-122,-5,6.58
fold2_room1_mix0108,55,4,0,-46,-4,9.37
fold2_room1_mix0108,55,4,0,-22,-1,17.05
fold2_room1_mix0108,56,4,0,-129,-4,6.90
fold2_room1_mix0108,56,4,0,-25,-2,13.35
fold2_room1_mix0108,57,4,0,-130,-4,6.91
fold2_room1_mix0108,57,4,0,-30,-2,12.39
fold2_room1_mix0108,58,4,0,-133,-4,6.93
fold2_room1_mix0108,58,4,0,-30,-2,12.05
fold2_room1_mix0108,59,4,0,-131,-4,7.11
fold2_room1_mix0108,59,4,0,-24,-2,13.50
fold2_room1_mix0108,60,4,0,-135,-4,7.24
fold2_room1_mix0108,60,4,0,-35,-3,11.85
fold2_room1_mix0108,61,4,0,-138,-4,7.10
fold2_room1_mix0108,61,4,0,-34,-3,11.34
fold2_room1_mix0108,62,4,0,-140,-4,7.12
fold2_room1_mix0108,62,4,0,-34,-3,11.77
fold2_room1_mix0108,63,4,0,-140,-4,7.74
fold2_room1_mix0108,63,4,0,-34,-3,11.70
fold2_room1_mix0108,64,4,0,-142,-4,8.20
fold2_room1_mix0108,64,4,0,-50,-3,11.68
fold2_room1_mix0108,64,4,0,-33,-2,12.35
fold2_room1_mix0108,65,4,0,-142,-4,8.36
fold2_room1_mix0108,65,4,0,-53,-4,11.40
fold2_room1_mix0108,65,4,0,-36,-2,12.65
fold2_room1_mix0108,66,4,0,-142,-4,8.67
fold2_room1_mix0108,66,4,0,-70,-4,11.21
fold2_room1_mix0108,66,4,0,-39,-2,12.89
fold2_room1_mix0108,67,4,0,-143,-3,8.95
fold2_room1_mix0108,67,4,0,-52,-3,10.86
fold2_room1_mix0108,67,4,0,-36,-2,11.86
fold2_room1_mix0108,68,4,0,-141,-3,9.42
fold2_room1_mix0108,68,4,0,-72,-5,9.88
fold2_room1_mix0108,68,4,0,-42,-2,12.47
fold2_room1_mix0108,69,4,0,-141,-4,8.80
fold2_room1_mix0108,69,4,0,-66,-4,9.87
fold2_room1_mix0108,69,4,0,-43,-2,12.44
fold2_room1_mix0108,70,4,0,-145,-3,10.73
fold2_room1_mix0108,70,4,0,-87,-4,9.72
fold2_room1_mix0108,70,4,0,-49,-2,13.58
fold2_room1_mix0108,71,4,0,-147,-3,10.46
fold2_room1_mix0108,71,4,0,-88,-4,10.14
fold2_room1_mix0108,71,4,0,-56,-1,13.29
fold2_room1_mix0108,72,4,0,-149,-2,12.31
fold2_room1_mix0108,72,4,0,-110,-4,9.86
fold2_room1_mix0108,72,4,0,-71,-2,13.14
fold2_room1_mix0108,73,4,0,-151,-2,12.63
fold2_room1_mix0108,73,4,0,-118,-3,10.38
fold2_room1_mix0108,73,4,0,-77,-2,12.36
fold2_room1_mix0108,74,4,0,-152,-2,12.86
fold2_room1_mix0108,74,4,0,-113,-3,10.12
fold2_room1_mix0108,74,4,0,-89,-2,11.75
fold2_room1_mix0108,75,4,0,-153,-3,12.17
fold2_room1_mix0108,75,4,0,-111,-3,9.82
fold2_room1_mix0108,75,4,0,-95,-2,11.54
fold2_room1_mix0108,76,4,0,-155,-2,14.61
fold2_room1_mix0108,76,4,0,-123,-3,11.06
fold2_room1_mix0108,76,4,0,-101,-3,10.85
fold2_room1_mix0108,77,4,0,-157,-2,14.15
fold2_room1_mix0108,77,4,0,-124,-2,11.81
fold2_room1_mix0108,77,4,0,-102,-3,11.25
fold2_room1_mix0108,78,4,0,-157,-2,15.13
fold2_room1_mix0108,78,4,0,-129,-2,12.32
fold2_room1_mix0108,78,4,0,-109,-3,11.02
fold2_room1_mix0108,79,4,0,-157,-2,15.28
fold2_room1_mix0108,79,4,0,-116,-3,11.09
fold2_room1_mix0108,80,4,0,-160,-2,16.54
fold2_room1_mix0108,80,4,0,-139,-1,13.78
fold2_room1_mix0108,80,4,0,-115,-3,10.23
fold2_room1_mix0108,81,4,0,-155,-1,16.36
fold2_room1_mix0108,81,4,0,-119,-3,10.49
fold2_room1_mix0108,82,4,0,-155,-1,17.08
fold2_room1_mix0108,82,4,0,-122,-3,10.11
fold2_room1_mix0108,83,4,0,-159,-1,18.29
fold2_room1_mix0108,83,4,0,-123,-3,9.91
fold2_room1_mix0108,84,4,0,-159,-1,19.63
fold2_room1_mix0108,84,4,0,-124,-4,9.62
fold2_room1_mix0108,85,4,0,-157,-1,19.39
fold2_room1_mix0108,85,4,0,-128,-4,10.03
fold2_room1_mix0108,86,4,0,-161,-1,18.85
fold2_room1_mix0108,86,4,0,-128,-3,10.19
fold2_room1_mix0108,87,4,0,-160,0,19.81
fold2_room1_mix0108,87,4,0,-131,-3,10.49
fold2_room1_mix0108,88,4,0,-162,0,20.46
fold2_room1_mix0108,88,4,0,-133,-3,10.52
fold2_room1_mix0108,89,4,0,-163,0,22.00
fold2_room1_mix0108,89,4,0,-135,-3,11.04
fold2_room1_mix0108,90,4,0,-162,0,22.54
fold2_room1_mix0108,90,4,0,-138,-3,11.78
fold2_room1_mix0108,91,4,0,-162,0,23.12
fold2_room1_mix0108,91,4,0,-140,-3,12.23
fold2_room1_mix0108,92,4,0,-166,0,23.92
fold2_room1_mix0108,92,4,0,-141,-2,12.54
fold2_room1_mix0108,93,4,0,-164,0,24.70
fold2_room1_mix0108,93,4,0,-141,-3,13.76
fold2_room1_mix0108,94,4,0,-165,0,24.33
fold2_room1_mix0108,94,4,0,-141,-2,13.12
fold2_room1_mix0108,95,4,0,-165,0,26.40
fold2_room1_mix0108,95,4,0,-146,-2,14.61
fold2_room1_mix0108,96,4,0,-167,0,28.24
fold2_room1_mix0108,96,4,0,-143,-2,14.65
fold2_room1_mix0108,97,4,0,-167,0,29.94
fold2_room1_mix0108,97,4,0,-146,-2,16.33
fold2_room1_mix0108,98,4,0,-168,0,30.39
fold2_room1_mix0108,98,4,0,-147,-2,17.09
fold2_room1_mix0108,99,4,0,-170,0,28.74
fold2_room1_mix0108,99,4,0,-150,-2,16.60
fold2_room1_mix0108,1,4,0,-13,0,1.66
fold2_room1_mix0108,2,4,0,-13,0,3.28
fold2_room1_mix0109,24,0,0,2,-1,2.09
fold2_room1_mix0109,24,4,0,173,2,3.12
fold2_room1_mix0109,25,0,0,2,-1,6.05
fold2_room1_mix0109,25,4,0,172,0,2.95
fold2_room1_mix0109,26,0,0,5,-1,9.48
fold2_room1_mix0109,26,4,0,172,0,10.05
fold2_room1_mix0109,27,0,0,5,-1,16.85
fold2_room1_mix0109,27,4,0,173,0,12.05
fold2_room1_mix0109,28,0,0,6,-1,15.47
fold2_room1_mix0109,28,4,0,173,-1,25.36
fold2_room1_mix0109,29,0,0,7,-1,15.03
fold2_room1_mix0109,29,4,0,171,0,14.64
fold2_room1_mix0109,30,0,0,5,-1,21.39
fold2_room1_mix0109,30,4,0,176,-1,25.36
fold2_room1_mix0109,31,0,0,6,-1,20.52
fold2_room1_mix0109,31,4,0,174,-1,22.08
fold2_room1_mix0109,32,0,0,7,-1,17.69
fold2_room1_mix0109,32,4,0,175,-1,23.06
fold2_room1_mix0109,33,0,0,12,-1,20.08
fold2_room1_mix0109,33,4,0,173,-1,24.50
fold2_room1_mix0109,34,0,0,24,-1,16.23
fold2_room1_mix0109,34,1,0,112,-2,4.17
fold2_room1_mix0109,34,4,0,178,0,26.43
fold2_room1_mix0109,35,0,0,19,-1,16.30
fold2_room1_mix0109,35,1,0,115,-3,10.92
fold2_room1_mix0109,35,4,0,177,-2,18.95
fold2_room1_mix0109,36,0,0,9,-2,12.90
fold2_room1_mix0109,36,1,0,124,-3,12.24
fold2_room1_mix0109,36,4,0,178,0,22.74
fold2_room1_mix0109,37,0,0,20,-2,12.98
fold2_room1_mix0109,37,1,0,126,-3,14.26
fold2_room1_mix0109,37,4,0,172,-1,19.42
fold2_room1_mix0109,38,0,0,19,-2,14.22
fold2_room1_mix0109,38,1,0,120,-3,5.16
fold2_room1_mix0109,38,4,0,174,-1,25.36
fold2_room1_mix0109,39,0,0,19,-2,14.01
fold2_room1_mix0109,39,1,0,137,-3,12.67
fold2_room1_mix0109,39,4,0,177,0,25.64
fold2_room1_mix0109,40,0,0,19,-2,13.04
fold2_room1_mix0109,40,1,0,142,-2,20.21
fold2_room1_mix0109,40,4,0,176,-1,23.94
fold2_room1_mix0109,41,0,0,23,-2,11.98
fold2_room1_mix0109,41,1,0,144,-2,17.82
fold2_room1_mix0109,41,4,0,175,0,23.42
fold2_room1_mix0109,42,0,0,23,-2,13.46
fold2_room1_mix0109,42,1,0,143,-2,16.66
fold2_room1_mix0109,42,4,0,177,0,24.42
fold2_room1_mix0109,43,0,0,24,-2,13.06
fold2_room1_mix0109,43,4,0,176,0,22.02
fold2_room1_mix0109,44,0,0,31,-3,9.18
fold2_room1_mix0109,44,1,0,141,-3,4.92
fold2_room1_mix0109,44,4,0,176,0,29.36
fold2_room1_mix0109,45,0,0,37,-3,9.70
fold2_room1_mix0109,45,1,0,155,-2,11.80
fold2_room1_mix0109,45,4,0,177,0,26.63
fold2_room1_mix0109,46,0,0,39,-3,8.76
fold2_room1_mix0109,46,1,0,160,-2,23.35
fold2_room1_mix0109,46,4,0,-178,0,24.24
fold2_room1_mix0109,47,0,0,67,-4,6.92
fold2_room1_mix0109,47,1,0,154,-2,5.49
fold2_room1_mix0109,47,4,0,-178,-1,20.21
fold2_room1_mix0109,48,0,0,77,-4,6.24
fold2_room1_mix0109,48,1,0,164,-1,6.64
fold2_room1_mix0109,48,4,0,179,0,17.06
fold2_room1_mix0109,49,0,0,89,-4,5.94
fold2_room1_mix0109,49,4,0,-179,-1,22.69
fold2_room1_mix0109,50,0,0,105,-4,6.85
fold2_room1_mix0109,50,1,0,164,-1,15.75
fold2_room1_mix0109,50,4,0,-178,-2,22.15
fold2_room1_mix0109,51,0,0,120,-4,6.38
fold2_room1_mix0109,51,1,0,165,0,10.89
fold2_room1_mix0109,51,4,0,178,-1,23.96
fold2_room1_mix0109,52,0,0,130,-4,8.19
fold2_room1_mix0109,52,4,0,-176,0,21.58
fold2_room1_mix0109,53,0,0,137,-3,9.47
fold2_room1_mix0109,53,1,0,170,0,3.46
fold2_room1_mix0109,53,4,0,177,-2,18.73
fold2_room1_mix0109,54,0,0,146,-3,12.08
fold2_room1_mix0109,54,4,0,176,-1,18.50
fold2_room1_mix0109,55,0,0,149,-3,13.31
fold2_room1_mix0109,55,4,0,-178,-2,20.74
fold2_room1_mix0109,56,0,0,156,-2,14.56
fold2_room1_mix0109,56,1,0,169,0,22.76
fold2_room1_mix0109,56,4,0,178,-2,20.66
fold2_room1_mix0109,57,0,0,159,-2,11.60
fold2_room1_mix0109,57,1,0,172,0,17.46
fold2_room1_mix0109,57,4,0,178,-3,21.41
fold2_room1_mix0109,58,0,0,160,-1,3.04
fold2_room1_mix0109,58,1,0,175,-1,6.75
fold2_room1_mix0109,58,4,0,179,-1,17.62
fold2_room1_mix0109,59,4,0,-178,-2,18.53
fold2_room1_mix0109,60,1,0,172,-1,21.13
fold2_room1_mix0109,60,4,0,178,-2,15.14
fold2_room1_mix0109,61,1,0,178,-1,25.38
fold2_room1_mix0109,61,4,0,177,-2,20.36
fold2_room1_mix0109,62,0,0,169,-1,4.55
fold2_room1_mix0109,62,1,0,176,-1,27.51
fold2_room1_mix0109,62,4,0,-178,-2,18.54
fold2_room1_mix0109,63,1,0,177,-1,9.64
fold2_room1_mix0109,63,4,0,179,-1,16.63
fold2_room1_mix0109,64,4,0,175,-2,15.96
fold2_room1_mix0109,65,1,0,175,-1,17.06
fold2_room1_mix0109,65,4,0,177,-3,18.16
fold2_room1_mix0109,66,1,0,177,-1,16.36
fold2_room1_mix0109,66,4,0,178,-2,19.42
fold2_room1_mix0109,67,1,0,177,-1,21.33
fold2_room1_mix0109,67,4,0,176,-3,17.35
fold2_room1_mix0109,68,1,0,177,0,5.48
fold2_room1_mix0109,68,4,0,178,-2,11.82
fold2_room1_mix0109,69,4,0,177,-4,12.89
fold2_room1_mix0109,70,4,0,174,-4,11.70
fold2_room1_mix0109,71,4,0,173,-3,10.55
fold2_room1_mix0109,72,4,0,172,-5,10.51
fold2_room1_mix0109,73,0,0,172,-1,10.17
fold2_room1_mix0109,73,4,0,170,-5,7.83
fold2_room1_mix0109,74,4,0,166,-7,5.81
fold2_room1_mix0109,75,4,0,164,-8,5.05
fold2_room1_mix0109,76,0,0,166,-1,10.10
fold2_room1_mix0109,76,4,0,163,-10,4.00
fold2_room1_mix0109,77,0,0,164,-1,14.48
fold2_room1_mix0109,77,4,0,156,-13,3.27
fold2_room1_mix0109,78,0,0,167,-1,27.11
fold2_room1_mix0109,78,4,0,152,-16,2.66
fold2_room1_mix0109,79,0,0,166,0,19.20
fold2_room1_mix0109,79,4,0,140,-20,2.11
fold2_room1_mix0109,80,0,0,163,0,14.60
fold2_room1_mix0109,80,4,0,129,-28,1.69
fold2_room1_mix0109,81,0,0,165,0,21.68
fold2_room1_mix0109,81,4,0,107,-34,1.39
fold2_room1_mix0109,82,0,0,161,0,13.14
fold2_room1_mix0109,82,4,0,84,-33,1.39
fold2_room1_mix0109,83,0,0,164,-1,17.63
fold2_room1_mix0109,83,4,0,54,-28,1.50
fold2_room1_mix0109,84,4,0,37,-24,1.76
fold2_room1_mix0109,85,0,0,163,0,22.37
fold2_room1_mix0109,85,4,0,30,-17,2.42
fold2_room1_mix0109,86,0,0,167,0,34.04
fold2_room1_mix0109,86,4,0,25,-15,2.30
fold2_room1_mix0109,87,4,0,23,-13,3.22
fold2_room1_mix0109,88,4,0,18,-11,3.87
fold2_room1_mix0109,89,4,0,16,-9,4.67
fold2_room1_mix0109,90,4,0,14,-7,5.67
fold2_room1_mix0109,91,4,0,13,-7,6.41
fold2_room1_mix0109,92,4,0,12,-6,6.90
fold2_room1_mix0109,93,4,0,11,-5,7.52
fold2_room1_mix0109,94,4,0,10,-5,8.57
fold2_room1_mix0109,95,4,0,10,-5,8.97
fold2_room1_mix0109,96,4,0,9,-4,9.47
fold2_room1_mix0109,97,4,0,9,-4,10.67
fold2_room1_mix0109,98,4,0,8,-4,11.17
fold2_room1_mix0109,99,4,0,8,-3,11.38
fold2_room1_mix0110,8,4,0,174,2,0.89
fold2_room1_mix0110,11,4,0,175,3,0.93
fold2_room1_mix0110,12,4,0,175,1,5.26
fold2_room1_mix0110,13,4,0,174,2,0.99
fold2_room1_mix0110,14,4,0,176,0,9.45
fold2_room1_mix0110,15,4,0,176,2,2.86
fold2_room1_mix0110,16,4,0,178,1,5.20
fold2_room1_mix0110,17,4,0,177,0,16.43
fold2_room1_mix0110,18,4,0,175,0,21.72
fold2_room1_mix0110,19,4,0,177,0,32.24
fold2_room1_mix0110,20,4,0,178,0,29.44
fold2_room1_mix0110,21,4,0,178,1,12.56
fold2_room1_mix0110,22,4,0,-179,0,24.10
fold2_room1_mix0110,22,4,0,-2,0,27.22
fold2_room1_mix0110,23,4,0,178,0,32.06
fold2_room1_mix0110,24,4,0,-178,0,34.88
fold2_room1_mix0110,25,4,0,177,0,21.76
fold2_room1_mix0110,26,4,0,-179,0,31.07
fold2_room1_mix0110,26,4,0,-7,0,34.04
fold2_room1_mix0110,27,4,0,178,0,31.86
fold2_room1_mix0110,27,4,0,-10,0,35.37
fold2_room1_mix0110,28,4,0,-179,0,31.49
fold2_room1_mix0110,28,4,0,-3,0,33.31
fold2_room1_mix0110,29,4,0,179,0,29.76
fold2_room1_mix0110,29,4,0,-5,0,32.64
fold2_room1_mix0110,30,4,0,-178,0,28.06
fold2_room1_mix0110,30,4,0,-3,0,33.79
fold2_room1_mix0110,31,4,0,-177,0,29.25
fold2_room1_mix0110,31,4,0,-4,0,30.50
fold2_room1_mix0110,32,4,0,-179,0,29.29
fold2_room1_mix0110,32,4,0,-3,0,31.50
fold2_room1_mix0110,33,4,0,-179,0,26.66
fold2_room1_mix0110,33,4,0,-2,0,29.57
fold2_room1_mix0110,34,4,0,-179,0,28.82
fold2_room1_mix0110,34,4,0,-1,0,31.32
fold2_room1_mix0110,35,4,0,-177,0,29.93
fold2_room1_mix0110,35,4,0,-4,0,29.77
fold2_room1_mix0110,36,4,0,-177,0,29.61
fold2_room1_mix0110,36,4,0,-2,0,29.86
fold2_room1_mix0110,37,4,0,-178,0,28.24
fold2_room1_mix0110,37,4,0,-1,0,27.81
fold2_room1_mix0110,38,4,0,-178,0,30.71
fold2_room1_mix0110,38,4,0,0,0,30.51
fold2_room1_mix0110,39,4,0,-177,0,28.72
fold2_room1_mix0110,39,4,0,-2,0,26.42
fold2_room1_mix0110,40,4,0,-179,0,33.76
fold2_room1_mix0110,40,4,0,2,0,29.15
fold2_room1_mix0110,41,4,0,-178,0,29.09
fold2_room1_mix0110,41,4,0,-1,-1,26.47
fold2_room1_mix0110,42,4,0,-177,0,32.04
fold2_room1_mix0110,42,4,0,0,-1,24.91
fold2_room1_mix0110,43,4,0,-178,0,31.93
fold2_room1_mix0110,43,4,0,2,0,27.74
fold2_room1_mix0110,44,4,0,-178,0,30.19
fold2_room1_mix0110,44,4,0,-1,-1,22.98
fold2_room1_mix0110,45,4,0,-178,-1,26.58
fold2_room1_mix0110,45,4,0,-1,-1,23.73
fold2_room1_mix0110,46,4,0,-178,0,28.49
fold2_room1_mix0110,46,4,0,-2,-1,23.50
fold2_room1_mix0110,47,4,0,-179,-1,25.28
fold2_room1_mix0110,47,4,0,-2,0,23.87
fold2_room1_mix0110,48,4,0,-179,-1,27.05
fold2_room1_mix0110,48,4,0,-2,-1,21.80
fold2_room1_mix0110,49,4,0,179,-1,22.58
fold2_room1_mix0110,49,4,0,-2,-1,20.48
fold2_room1_mix0110,50,4,0,178,-1,25.41
fold2_room1_mix0110,50,4,0,-1,-1,21.44
fold2_room1_mix0110,51,4,0,-178,-1,22.08
fold2_room1_mix0110,51,4,0,-2,-1,19.16
fold2_room1_mix0110,52,4,0,-178,-1,24.01
fold2_room1_mix0110,52,4,0,0,-1,19.82
fold2_room1_mix0110,53,4,0,-178,-1,21.33
fold2_room1_mix0110,53,4,0,1,-1,18.92
fold2_room1_mix0110,54,4,0,-176,-2,23.64
fold2_room1_mix0110,54,4,0,0,-2,18.27
fold2_room1_mix0110,55,4,0,-178,-1,22.64
fold2_room1_mix0110,55,4,0,-1,-2,17.29
fold2_room1_mix0110,56,4,0,-175,-1,21.38
fold2_room1_mix0110,56,4,0,0,-2,15.85
fold2_room1_mix0110,57,4,0,-173,-1,21.25
fold2_room1_mix0110,57,4,0,0,-2,15.70
fold2_room1_mix0110,58,4,0,-174,-1,20.49
fold2_room1_mix0110,58,4,0,0,-2,15.64
fold2_room1_mix0110,59,4,0,-174,-1,20.46
fold2_room1_mix0110,59,4,0,-2,-2,14.76
fold2_room1_mix0110,60,4,0,-173,-2,19.16
fold2_room1_mix0110,60,4,0,-1,-2,13.97
fold2_room1_mix0110,61,4,0,-174,-2,17.44
fold2_room1_mix0110,61,4,0,-2,-2,13.37
fold2_room1_mix0110,62,4,0,-173,-1,17.55
fold2_room1_mix0110,62,4,0,-2,-2,13.76
fold2_room1_mix0110,63,4,0,-173,-1,15.74
fold2_room1_mix0110,63,4,0,-4,-2,11.63
fold2_room1_mix0110,64,4,0,-172,-2,15.59
fold2_room1_mix0110,64,4,0,-2,-3,11.67
fold2_room1_mix0110,65,1,0,-96,-3,2.97
fold2_room1_mix0110,65,4,0,-176,-3,14.81
fold2_room1_mix0110,65,4,0,-5,-4,10.97
fold2_room1_mix0110,66,1,0,-95,-4,7.10
fold2_room1_mix0110,66,4,0,-176,-4,14.92
fold2_room1_mix0110,66,4,0,1,-3,12.58
fold2_room1_mix0110,67,1,0,-82,-5,6.30
fold2_room1_mix0110,67,4,0,-177,-4,13.10
fold2_room1_mix0110,67,4,0,0,-3,11.58
fold2_room1_mix0110,68,1,0,-72,-5,7.22
fold2_room1_mix0110,68,4,0,-176,-4,16.35
fold2_room1_mix0110,68,4,0,-1,-4,14.35
fold2_room1_mix0110,69,1,0,-82,-5,6.73
fold2_room1_mix0110,69,4,0,-179,-4,15.70
fold2_room1_mix0110,69,4,0,-7,-4,12.38
fold2_room1_mix0110,70,1,0,-83,-5,8.13
fold2_room1_mix0110,70,4,0,-175,-4,13.64
fold2_room1_mix0110,70,4,0,-4,-4,11.94
fold2_room1_mix0110,71,1,0,-66,-5,7.90
fold2_room1_mix0110,71,4,0,-177,-4,10.26
fold2_room1_mix0110,71,4,0,-8,-3,9.68
fold2_room1_mix0110,72,1,0,-56,-5,7.97
fold2_room1_mix0110,72,4,0,-177,-4,11.72
fold2_room1_mix0110,72,4,0,-4,-5,10.03
fold2_room1_mix0110,73,1,0,-52,-4,9.29
fold2_room1_mix0110,73,4,0,-176,-5,10.17
fold2_room1_mix0110,73,4,0,-9,-5,8.51
fold2_room1_mix0110,74,1,0,-59,-5,6.84
fold2_room1_mix0110,74,4,0,-175,-4,10.36
fold2_room1_mix0110,74,4,0,-159,-11,8.56
fold2_room1_mix0110,75,1,0,-70,-5,6.23
fold2_room1_mix0110,75,4,0,-171,-5,8.69
fold2_room1_mix0110,75,4,0,-19,-5,8.35
fold2_room1_mix0110,76,1,0,-40,-4,11.24
fold2_room1_mix0110,76,4,0,-169,-6,6.28
fold2_room1_mix0110,76,4,0,-14,-7,5.54
fold2_room1_mix0110,77,1,0,-35,-4,12.04
fold2_room1_mix0110,77,4,0,-171,-5,8.04
fold2_room1_mix0110,77,4,0,-19,-6,8.23
fold2_room1_mix0110,78,1,0,-38,-3,10.83
fold2_room1_mix0110,78,4,0,-168,-5,7.80
fold2_room1_mix0110,78,4,0,-15,-4,7.82
fold2_room1_mix0110,79,1,0,-51,-4,8.80
fold2_room1_mix0110,79,4,0,-170,-7,6.96
fold2_room1_mix0110,79,4,0,-23,-9,6.19
fold2_room1_mix0110,80,4,0,-143,-12,5.34
fold2_room1_mix0110,80,4,0,-81,-20,3.18
fold2_room1_mix0110,80,4,0,-40,-13,4.49
fold2_room1_mix0110,81,1,0,-26,-3,17.77
fold2_room1_mix0110,81,4,0,-138,-13,3.25
fold2_room1_mix0110,81,4,0,-44,-13,2.64
fold2_room1_mix0110,82,1,0,-28,-3,13.42
fold2_room1_mix0110,82,4,0,-148,-6,6.85
fold2_room1_mix0110,82,4,0,-38,-9,4.55
fold2_room1_mix0110,82,4,0,-22,-6,6.35
fold2_room1_mix0110,83,1,0,-28,-3,15.50
fold2_room1_mix0110,83,4,0,-120,-10,3.94
fold2_room1_mix0110,83,4,0,-62,-13,2.45
fold2_room1_mix0110,83,4,0,-38,-7,4.08
fold2_room1_mix0110,84,1,0,-27,-3,11.92
fold2_room1_mix0110,84,4,0,-28,-9,4.52
fold2_room1_mix0110,85,4,0,-24,-9,4.36
fold2_room1_mix0110,86,1,0,-21,-3,17.34
fold2_room1_mix0110,86,4,0,-25,-6,4.62
fold2_room1_mix0110,87,1,0,-23,-3,14.11
fold2_room1_mix0110,87,4,0,-16,-5,5.26
fold2_room1_mix0110,88,1,0,-24,-3,14.13
fold2_room1_mix0110,88,4,0,-25,-7,4.55
fold2_room1_mix0110,89,1,0,-30,-3,15.41
fold2_room1_mix0110,89,4,0,-38,-9,4.57
fold2_room1_mix0110,89,4,0,-22,-5,6.05
fold2_room1_mix0110,90,4,0,-94,-19,2.68
fold2_room1_mix0110,90,4,0,-78,-20,2.77
fold2_room1_mix0110,90,4,0,-33,-8,6.72
fold2_room1_mix0110,91,1,0,-14,-3,23.57
fold2_room1_mix0110,91,4,0,-123,-11,3.02
fold2_room1_mix0110,91,4,0,-105,-13,2.87
fold2_room1_mix0110,91,4,0,-16,-2,8.92
fold2_room1_mix0110,92,1,0,-21,-3,19.86
fold2_room1_mix0110,92,4,0,-148,-9,4.92
fold2_room1_mix0110,92,4,0,-72,-15,3.86
fold2_room1_mix0110,92,4,0,-11,-4,9.61
fold2_room1_mix0110,93,1,0,-18,-3,20.23
fold2_room1_mix0110,93,4,0,-142,-9,3.23
fold2_room1_mix0110,93,4,0,-81,-15,2.93
fold2_room1_mix0110,93,4,0,-17,-2,8.55
fold2_room1_mix0110,94,1,0,-22,-3,20.58
fold2_room1_mix0110,94,4,0,-159,-6,5.37
fold2_room1_mix0110,94,4,0,-9,-1,12.39
fold2_room1_mix0110,95,4,0,-163,-6,5.13
fold2_room1_mix0110,95,4,0,-34,-5,6.74
fold2_room1_mix0110,95,4,0,-17,-3,9.49
fold2_room1_mix0110,96,4,0,-163,-7,4.77
fold2_room1_mix0110,96,4,0,-22,-2,10.15
fold2_room1_mix0110,97,4,0,-167,-6,4.36
fold2_room1_mix0110,97,4,0,-22,-2,9.36
fold2_room1_mix0110,98,4,0,-162,-7,4.53
fold2_room1_mix0110,98,4,0,-14,-3,13.12
fold2_room1_mix0110,99,4,0,-162,-8,4.53
fold2_room1_mix0110,99,4,0,-17,-3,14.75
fold2_room1_mix0111,9,0,0,-17,-1,3.26
fold2_room1_mix0111,10,0,0,-19,-2,3.78
fold2_room1_mix0111,11,0,0,-23,-2,8.98
fold2_room1_mix0111,12,0,0,-23,-2,8.39
fold2_room1_mix0111,13,0,0,-25,-2,10.85
fold2_room1_mix0111,14,0,0,-25,-2,17.34
fold2_room1_mix0111,15,0,0,-27,-2,17.12
fold2_room1_mix0111,16,0,0,-27,-2,17.12
fold2_room1_mix0111,17,0,0,-26,-2,18.32
fold2_room1_mix0111,18,0,0,-26,-2,18.79
fold2_room1_mix0111,19,0,0,-27,-2,16.17
fold2_room1_mix0111,20,0,0,-27,-2,18.12
fold2_room1_mix0111,21,0,0,-26,-2,17.78
fold2_room1_mix0111,22,0,0,-29,-2,17.04
fold2_room1_mix0111,23,0,0,-27,-2,16.21
fold2_room1_mix0111,24,0,0,-27,-2,16.68
fold2_room1_mix0111,25,0,0,-26,-2,16.37
fold2_room1_mix0111,26,0,0,-27,-2,14.34
fold2_room1_mix0111,27,0,0,-30,-2,14.76
fold2_room1_mix0111,28,0,0,-30,-2,14.58
fold2_room1_mix0111,29,0,0,-30,-2,14.18
fold2_room1_mix0111,30,0,0,-33,-3,14.64
fold2_room1_mix0111,31,0,0,-33,-2,15.27
fold2_room1_mix0111,32,0,0,-36,-3,14.18
fold2_room1_mix0111,33,0,0,-37,-3,13.67
fold2_room1_mix0111,34,0,0,-39,-3,13.39
fold2_room1_mix0111,35,0,0,-41,-3,12.34
fold2_room1_mix0111,36,0,0,-46,-4,11.24
fold2_room1_mix0111,37,0,0,-49,-4,11.71
fold2_room1_mix0111,38,0,0,-56,-4,11.12
fold2_room1_mix0111,39,0,0,-70,-5,9.89
fold2_room1_mix0111,40,0,0,-73,-5,10.57
fold2_room1_mix0111,41,0,0,-78,-5,10.34
fold2_room1_mix0111,42,0,0,-88,-5,9.68
fold2_room1_mix0111,43,0,0,-96,-6,9.54
fold2_room1_mix0111,44,0,0,-101,-5,10.01
fold2_room1_mix0111,45,0,0,-105,-5,10.30
fold2_room1_mix0111,46,0,0,-113,-5,9.90
fold2_room1_mix0111,47,0,0,-116,-5,10.01
fold2_room1_mix0111,48,0,0,-128,-4,11.35
fold2_room1_mix0111,49,0,0,-129,-4,12.25
fold2_room1_mix0111,50,0,0,-134,-4,12.17
fold2_room1_mix0111,51,0,0,-138,-3,13.03
fold2_room1_mix0111,52,0,0,-141,-3,13.14
fold2_room1_mix0111,53,0,0,-142,-3,12.55
fold2_room1_mix0111,54,0,0,-145,-3,14.19
fold2_room1_mix0111,55,0,0,-146,-3,13.22
fold2_room1_mix0111,56,0,0,-146,-3,12.24
fold2_room1_mix0111,56,4,0,0,-3,6.06
fold2_room1_mix0111,57,0,0,-150,-3,13.26
fold2_room1_mix0111,57,4,0,2,-3,4.28
fold2_room1_mix0111,58,0,0,-151,-3,13.10
fold2_room1_mix0111,58,4,0,0,-3,5.20
fold2_room1_mix0111,59,0,0,-152,-2,14.14
fold2_room1_mix0111,59,4,0,0,-3,10.68
fold2_room1_mix0111,60,0,0,-150,-2,13.92
fold2_room1_mix0111,60,4,0,-2,-4,8.66
fold2_room1_mix0111,61,0,0,-151,-2,13.67
fold2_room1_mix0111,61,4,0,-8,-6,7.55
fold2_room1_mix0111,62,0,0,-139,-3,12.03
fold2_room1_mix0111,62,4,0,-13,-7,4.95
fold2_room1_mix0111,63,0,0,-149,-2,6.61
fold2_room1_mix0111,63,4,0,-18,-7,4.50
fold2_room1_mix0111,64,4,0,-21,-8,3.68
fold2_room1_mix0111,65,4,0,-30,-12,2.69
fold2_room1_mix0111,66,4,0,-39,-15,1.88
fold2_room1_mix0111,67,4,0,-59,-22,1.59
fold2_room1_mix0111,68,4,0,-90,-26,1.08
fold2_room1_mix0111,69,4,0,-124,-17,1.25
fold2_room1_mix0111,69,4,0,-93,-21,2.06
fold2_room1_mix0111,70,4,0,-142,-11,1.69
fold2_room1_mix0111,70,4,0,-30,-16,2.34
fold2_room1_mix0111,70,4,0,2,-10,4.13
fold2_room1_mix0111,71,4,0,-152,-9,2.62
fold2_room1_mix0111,71,4,0,-6,-13,3.17
fold2_room1_mix0111,72,4,0,-152,-8,3.32
fold2_room1_mix0111,72,4,0,6,-9,4.17
fold2_room1_mix0111,73,4,0,-155,-6,4.10
fold2_room1_mix0111,73,4,0,21,-8,4.53
fold2_room1_mix0111,74,4,0,-157,-8,4.44
fold2_room1_mix0111,74,4,0,18,-9,4.55
fold2_room1_mix0111,75,4,0,-161,-7,5.49
fold2_room1_mix0111,75,4,0,23,-9,4.49
fold2_room1_mix0111,76,4,0,-163,-6,5.90
fold2_room1_mix0111,76,4,0,25,-9,4.22
fold2_room1_mix0111,77,4,0,-164,-5,6.50
fold2_room1_mix0111,77,4,0,27,-9,4.71
fold2_room1_mix0111,78,4,0,-167,-6,8.14
fold2_room1_mix0111,78,4,0,31,-10,5.24
fold2_room1_mix0111,79,4,0,-171,-6,8.47
fold2_room1_mix0111,79,4,0,36,-10,4.84
fold2_room1_mix0111,80,4,0,-177,-7,8.11
fold2_room1_mix0111,80,4,0,39,-10,5.17
fold2_room1_mix0111,81,4,0,174,-6,8.25
fold2_room1_mix0111,81,4,0,40,-10,4.49
fold2_room1_mix0111,82,4,0,100,-17,5.59
fold2_room1_mix0111,82,4,0,53,-11,4.55
fold2_room1_mix0111,83,4,0,90,-14,5.10
fold2_room1_mix0111,83,4,0,65,-12,4.84
fold2_room1_mix0111,84,4,0,84,-15,3.67
fold2_room1_mix0111,85,4,0,89,-15,3.78
fold2_room1_mix0111,86,4,0,94,-14,3.69
fold2_room1_mix0111,87,4,0,100,-12,3.72
fold2_room1_mix0111,88,4,0,112,-11,3.69
fold2_room1_mix0111,89,4,0,122,-9,3.91
fold2_room1_mix0111,90,4,0,127,-8,4.20
fold2_room1_mix0111,91,4,0,131,-8,4.86
fold2_room1_mix0111,92,4,0,136,-7,4.93
fold2_room1_mix0111,93,4,0,138,-7,5.34
fold2_room1_mix0111,94,4,0,142,-6,5.59
fold2_room1_mix0111,95,4,0,144,-6,6.50
fold2_room1_mix0111,96,4,0,146,-5,6.86
fold2_room1_mix0111,97,4,0,148,-5,7.69
fold2_room1_mix0111,98,4,0,150,-5,8.34
fold2_room1_mix0111,99,4,0,153,-5,8.56
fold2_room1_mix0111,8,0,0,-16,-1,2.74
fold2_room1_mix0112,47,2,0,86,-4,5.91
fold2_room1_mix0112,48,2,0,78,-4,8.85
fold2_room1_mix0112,49,2,0,79,-5,6.14
fold2_room1_mix0112,50,2,0,79,-5,8.26
fold2_room1_mix0112,51,2,0,80,-4,2.19
fold2_room1_mix0112,56,2,0,91,-4,8.55
fold2_room1_mix0112,57,2,0,93,-4,9.32
fold2_room1_mix0112,58,2,0,93,-4,9.32
fold2_room1_mix0112,59,2,0,91,-4,8.68
fold2_room1_mix0112,60,2,0,90,-5,8.06
fold2_room1_mix0112,66,2,0,99,-4,8.52
fold2_room1_mix0112,67,2,0,96,-4,9.28
fold2_room1_mix0112,68,2,0,94,-4,8.98
fold2_room1_mix0112,69,2,0,99,-4,8.37
fold2_room1_mix0112,75,2,0,108,-3,8.35
fold2_room1_mix0112,76,2,0,104,-4,7.55
fold2_room1_mix0112,77,2,0,118,-3,7.23
fold2_room1_mix0112,78,2,0,114,-4,7.80
fold2_room1_mix0114,3,4,0,-26,1,7.10
fold2_room1_mix0114,3,4,0,-8,0,7.15
fold2_room1_mix0114,4,4,0,-42,0,14.18
fold2_room1_mix0114,4,4,0,-1,-1,14.31
fold2_room1_mix0114,5,4,0,-32,0,13.98
fold2_room1_mix0114,5,4,0,-4,0,15.41
fold2_room1_mix0114,6,4,0,-31,0,19.30
fold2_room1_mix0114,6,4,0,-9,-1,18.67
fold2_room1_mix0114,7,4,0,-30,0,26.20
fold2_room1_mix0114,7,4,0,-3,-1,26.13
fold2_room1_mix0114,8,4,0,-32,0,26.44
fold2_room1_mix0114,8,4,0,-9,-1,25.09
fold2_room1_mix0114,9,4,0,-38,0,24.54
fold2_room1_mix0114,9,4,0,-7,-1,25.28
fold2_room1_mix0114,10,4,0,-35,0,23.31
fold2_room1_mix0114,10,4,0,-7,-1,23.73
fold2_room1_mix0114,11,4,0,-32,0,24.10
fold2_room1_mix0114,11,4,0,-9,-1,23.99
fold2_room1_mix0114,12,4,0,-41,0,24.98
fold2_room1_mix0114,12,4,0,-7,-1,23.87
fold2_room1_mix0114,13,4,0,-56,-1,24.41
fold2_room1_mix0114,13,4,0,-8,-1,24.68
fold2_room1_mix0114,14,4,0,-42,-1,23.31
fold2_room1_mix0114,14,4,0,-7,-1,24.53
fold2_room1_mix0114,15,4,0,-47,-1,24.12
fold2_room1_mix0114,15,4,0,-8,-1,24.02
fold2_room1_mix0114,16,4,0,-43,0,21.97
fold2_room1_mix0114,16,4,0,-9,0,23.51
fold2_room1_mix0114,17,4,0,-56,-1,21.42
fold2_room1_mix0114,17,4,0,-8,-1,23.64
fold2_room1_mix0114,18,4,0,-55,-1,20.39
fold2_room1_mix0114,18,4,0,-8,-1,23.21
fold2_room1_mix0114,19,4,0,-59,0,19.98
fold2_room1_mix0114,19,4,0,-7,0,21.32
fold2_room1_mix0114,20,4,0,-51,-1,18.56
fold2_room1_mix0114,20,4,0,-8,0,23.72
fold2_room1_mix0114,21,4,0,-53,-1,18.72
fold2_room1_mix0114,21,4,0,-8,-1,21.39
fold2_room1_mix0114,22,4,0,-62,-1,18.97
fold2_room1_mix0114,22,4,0,-8,0,21.14
fold2_room1_mix0114,23,4,0,-68,-1,18.76
fold2_room1_mix0114,23,4,0,-6,-1,19.97
fold2_room1_mix0114,24,4,0,-62,-1,17.92
fold2_room1_mix0114,24,4,0,-7,-1,20.24
fold2_room1_mix0114,25,4,0,-73,-1,16.74
fold2_room1_mix0114,25,4,0,-10,-1,19.13
fold2_room1_mix0114,26,4,0,-60,-1,15.62
fold2_room1_mix0114,26,4,0,-8,-1,19.38
fold2_room1_mix0114,27,4,0,-59,-1,17.01
fold2_room1_mix0114,27,4,0,-13,-1,18.29
fold2_room1_mix0114,28,4,0,-66,-1,15.25
fold2_room1_mix0114,28,4,0,-9,-1,18.71
fold2_room1_mix0114,29,4,0,-64,-1,14.54
fold2_room1_mix0114,29,4,0,-13,-1,17.45
fold2_room1_mix0114,30,4,0,-66,-1,15.82
fold2_room1_mix0114,30,4,0,-30,0,17.01
fold2_room1_mix0114,30,4,0,-9,-1,16.75
fold2_room1_mix0114,31,4,0,-66,-1,15.20
fold2_room1_mix0114,31,4,0,-35,0,16.51
fold2_room1_mix0114,31,4,0,-8,-1,17.89
fold2_room1_mix0114,32,4,0,-61,-1,14.71
fold2_room1_mix0114,32,4,0,-2,-1,19.38
fold2_room1_mix0114,33,4,0,-75,-2,15.25
fold2_room1_mix0114,33,4,0,-50,-1,15.27
fold2_room1_mix0114,33,4,0,0,-2,18.94
fold2_room1_mix0114,34,4,0,-75,-2,15.17
fold2_room1_mix0114,34,4,0,-57,-2,13.06
fold2_room1_mix0114,34,4,0,0,-2,18.49
fold2_room1_mix0114,35,4,0,-68,-2,12.96
fold2_room1_mix0114,35,4,0,2,-2,17.82
fold2_room1_mix0114,36,4,0,-72,-2,13.32
fold2_room1_mix0114,36,4,0,7,-2,16.75
fold2_room1_mix0114,37,4,0,-69,-2,12.91
fold2_room1_mix0114,37,4,0,4,-2,16.99
fold2_room1_mix0114,38,4,0,-92,-2,14.69
fold2_room1_mix0114,38,4,0,-56,-2,13.40
fold2_room1_mix0114,38,4,0,0,-3,15.06
fold2_room1_mix0114,39,4,0,-97,-2,14.77
fold2_room1_mix0114,39,4,0,-49,-2,15.32
fold2_room1_mix0114,39,4,0,1,-3,16.25
fold2_room1_mix0114,40,4,0,-93,-1,15.40
fold2_room1_mix0114,40,4,0,-65,-3,12.47
fold2_room1_mix0114,40,4,0,0,-4,14.55
fold2_room1_mix0114,41,3,0,104,-6,7.60
fold2_room1_mix0114,41,4,0,-107,-1,19.99
fold2_room1_mix0114,41,4,0,-80,-5,11.87
fold2_room1_mix0114,41,4,0,-1,-5,15.63
fold2_room1_mix0114,42,3,0,121,-8,7.01
fold2_room1_mix0114,42,4,0,-114,-1,18.98
fold2_room1_mix0114,42,4,0,-82,-4,11.67
fold2_room1_mix0114,42,4,0,1,-5,12.18
fold2_room1_mix0114,43,3,0,128,-8,6.87
fold2_room1_mix0114,43,4,0,-114,-1,19.13
fold2_room1_mix0114,43,4,0,-93,-5,11.00
fold2_room1_mix0114,43,4,0,1,-7,10.82
fold2_room1_mix0114,44,3,0,128,-11,7.44
fold2_room1_mix0114,44,4,0,-118,0,22.32
fold2_room1_mix0114,44,4,0,-78,-6,10.35
fold2_room1_mix0114,44,4,0,6,-9,8.18
fold2_room1_mix0114,45,3,0,134,-9,6.23
fold2_room1_mix0114,45,4,0,-114,0,18.38
fold2_room1_mix0114,45,4,0,-70,-7,9.16
fold2_room1_mix0114,45,4,0,6,-11,5.94
fold2_room1_mix0114,46,3,0,132,-10,6.08
fold2_room1_mix0114,46,4,0,-115,0,18.19
fold2_room1_mix0114,46,4,0,-79,-7,8.25
fold2_room1_mix0114,46,4,0,1,-17,3.87
fold2_room1_mix0114,47,3,0,130,-8,5.64
fold2_room1_mix0114,47,4,0,-122,-1,20.47
fold2_room1_mix0114,47,4,0,-82,-9,8.35
fold2_room1_mix0114,47,4,0,11,-22,2.96
fold2_room1_mix0114,48,3,0,129,-8,4.38
fold2_room1_mix0114,48,4,0,-122,-2,23.11
fold2_room1_mix0114,48,4,0,-91,-26,4.92
fold2_room1_mix0114,48,4,0,55,-31,1.81
fold2_room1_mix0114,49,3,0,137,-8,4.42
fold2_room1_mix0114,49,4,0,-137,-2,16.80
fold2_room1_mix0114,49,4,0,-147,-28,3.72
fold2_room1_mix0114,49,4,0,140,-37,3.64
fold2_room1_mix0114,50,3,0,142,-7,3.33
fold2_room1_mix0114,50,4,0,-178,-9,6.97
fold2_room1_mix0114,50,4,0,169,-23,2.87
fold2_room1_mix0114,50,4,0,-125,-6,11.33
fold2_room1_mix0114,51,3,0,134,-7,4.28
fold2_room1_mix0114,51,4,0,172,-16,4.41
fold2_room1_mix0114,51,4,0,-131,-2,15.36
fold2_room1_mix0114,52,3,0,143,-6,3.96
fold2_room1_mix0114,52,4,0,169,-11,5.53
fold2_room1_mix0114,52,4,0,-127,0,17.76
fold2_room1_mix0114,53,4,0,-177,-8,6.10
fold2_room1_mix0114,53,4,0,-122,0,15.73
fold2_room1_mix0114,54,4,0,172,-8,4.88
fold2_room1_mix0114,54,4,0,-128,0,18.52
fold2_room1_mix0114,55,3,0,156,-5,10.11
fold2_room1_mix0114,55,4,0,174,-8,5.19
fold2_room1_mix0114,55,4,0,-124,0,17.62
fold2_room1_mix0114,56,3,0,161,-5,7.96
fold2_room1_mix0114,56,4,0,178,-6,6.39
fold2_room1_mix0114,56,4,0,-127,-1,16.73
fold2_room1_mix0114,57,3,0,165,-5,8.32
fold2_room1_mix0114,57,4,0,174,-5,7.12
fold2_room1_mix0114,57,4,0,-132,-1,19.48
fold2_room1_mix0114,58,3,0,161,-6,8.14
fold2_room1_mix0114,58,3,0,158,-5,8.22
fold2_room1_mix0114,58,4,0,166,-6,5.03
fold2_room1_mix0114,58,4,0,-176,-4,7.22
fold2_room1_mix0114,58,4,0,-135,0,20.14
fold2_room1_mix0114,59,3,0,159,-5,9.17
fold2_room1_mix0114,59,4,0,179,-4,7.44
fold2_room1_mix0114,59,4,0,-159,-2,10.40
fold2_room1_mix0114,59,4,0,-129,0,16.92
fold2_room1_mix0114,60,3,0,165,-5,10.39
fold2_room1_mix0114,60,4,0,179,-4,8.27
fold2_room1_mix0114,60,4,0,-152,-1,12.49
fold2_room1_mix0114,60,4,0,-131,0,16.99
fold2_room1_mix0114,61,3,0,163,-5,9.66
fold2_room1_mix0114,61,3,0,161,-5,9.76
fold2_room1_mix0114,61,4,0,173,-4,6.74
fold2_room1_mix0114,61,4,0,-159,-1,10.84
fold2_room1_mix0114,61,4,0,-131,0,16.17
fold2_room1_mix0114,62,3,0,167,-5,9.28
fold2_room1_mix0114,62,4,0,173,-4,8.14
fold2_room1_mix0114,62,4,0,-164,-2,11.18
fold2_room1_mix0114,62,4,0,-138,0,18.51
fold2_room1_mix0114,63,3,0,159,-5,10.62
fold2_room1_mix0114,63,3,0,158,-5,10.71
fold2_room1_mix0114,63,4,0,175,-4,9.85
fold2_room1_mix0114,63,4,0,-161,-1,13.56
fold2_room1_mix0114,63,4,0,-136,0,20.01
fold2_room1_mix0114,64,3,0,159,-5,9.40
fold2_room1_mix0114,64,4,0,175,-4,7.79
fold2_room1_mix0114,64,4,0,-154,-1,12.22
fold2_room1_mix0114,64,4,0,-136,0,17.76
fold2_room1_mix0114,65,3,0,161,-5,9.88
fold2_room1_mix0114,65,4,0,175,-4,10.77
fold2_room1_mix0114,65,4,0,-152,-1,18.48
fold2_room1_mix0114,66,3,0,161,-4,10.87
fold2_room1_mix0114,66,4,0,179,-4,10.61
fold2_room1_mix0114,66,4,0,-149,0,19.08
fold2_room1_mix0114,67,3,0,160,-4,10.02
fold2_room1_mix0114,67,4,0,178,-3,11.87
fold2_room1_mix0114,67,4,0,-152,0,19.85
fold2_room1_mix0114,68,3,0,168,-3,2.28
fold2_room1_mix0114,68,4,0,-176,-1,17.44
fold2_room1_mix0114,68,4,0,-152,0,28.38
fold2_room1_mix0114,69,4,0,-165,0,18.69
fold2_room1_mix0114,70,4,0,-174,-1,18.08
fold2_room1_mix0114,70,4,0,-152,0,26.65
fold2_room1_mix0114,71,4,0,-178,-1,17.39
fold2_room1_mix0114,71,4,0,-153,0,26.36
fold2_room1_mix0114,72,4,0,-176,-1,17.04
fold2_room1_mix0114,72,4,0,-155,0,25.59
fold2_room1_mix0114,73,4,0,-175,-1,19.74
fold2_room1_mix0114,73,4,0,-155,0,28.77
fold2_room1_mix0114,74,3,0,159,-4,6.67
fold2_room1_mix0114,74,4,0,-172,-1,19.38
fold2_room1_mix0114,74,4,0,-153,0,28.02
fold2_room1_mix0114,75,3,0,163,-4,11.44
fold2_room1_mix0114,75,4,0,-165,0,25.23
fold2_room1_mix0114,76,3,0,166,-4,13.61
fold2_room1_mix0114,76,4,0,-164,-1,23.47
fold2_room1_mix0114,77,3,0,178,-4,11.31
fold2_room1_mix0114,77,4,0,-166,-1,25.49
fold2_room1_mix0114,78,4,0,-168,0,31.82
fold2_room1_mix0114,79,4,0,-166,0,31.17
fold2_room1_mix0114,80,4,0,-170,0,28.94
fold2_room1_mix0114,81,4,0,-170,0,28.59
fold2_room1_mix0114,82,4,0,-174,0,27.32
fold2_room1_mix0114,82,4,0,-158,0,32.08
fold2_room1_mix0114,83,4,0,-177,-1,26.02
fold2_room1_mix0114,83,4,0,-159,0,33.30
fold2_room1_mix0114,84,4,0,-177,0,28.30
fold2_room1_mix0114,84,4,0,-159,0,34.04
fold2_room1_mix0114,85,4,0,-171,0,30.78
fold2_room1_mix0114,86,4,0,-177,0,28.43
fold2_room1_mix0114,86,4,0,-158,0,34.70
fold2_room1_mix0114,87,4,0,-177,0,31.79
fold2_room1_mix0114,87,4,0,-158,0,37.79
fold2_room1_mix0114,88,4,0,-170,0,37.06
fold2_room1_mix0114,89,4,0,-170,0,39.31
fold2_room1_mix0114,90,4,0,-169,0,38.16
fold2_room1_mix0114,91,4,0,-177,0,34.50
fold2_room1_mix0114,91,4,0,-161,0,41.45
fold2_room1_mix0114,92,4,0,-172,0,37.15
fold2_room1_mix0114,93,4,0,-178,0,32.79
fold2_room1_mix0114,93,4,0,-161,0,39.03
fold2_room1_mix0114,94,4,0,-172,0,37.59
fold2_room1_mix0114,95,4,0,-171,0,37.98
fold2_room1_mix0114,96,4,0,-172,0,36.08
fold2_room1_mix0114,97,4,0,-172,0,39.68
fold2_room1_mix0114,98,4,0,-169,0,37.84
fold2_room1_mix0114,99,4,0,-173,0,35.59
fold2_room1_mix0114,1,4,0,-15,0,1.98
fold2_room1_mix0114,2,4,0,-13,0,2.60
fold2_room1_mix0115,59,4,0,-172,-2,4.90
fold2_room1_mix0115,60,4,0,-171,-2,7.61
fold2_room1_mix0115,61,4,0,-167,-2,9.41
fold2_room1_mix0115,62,4,0,-164,-3,7.89
fold2_room1_mix0115,63,4,0,-160,-4,6.93
fold2_room1_mix0115,64,4,0,-159,-4,7.14
fold2_room1_mix0115,65,4,0,-156,-4,6.06
fold2_room1_mix0115,66,4,0,-152,-5,5.08
fold2_room1_mix0115,67,4,0,-143,-6,4.04
fold2_room1_mix0115,68,4,0,-138,-7,3.12
fold2_room1_mix0115,69,4,0,-125,-9,3.11
fold2_room1_mix0115,70,4,0,-102,-11,2.75
fold2_room1_mix0115,71,4,0,-83,-10,2.48
fold2_room1_mix0115,72,4,0,-66,-7,2.68
fold2_room1_mix0115,73,4,0,-50,-5,3.10
fold2_room1_mix0115,74,4,0,-37,-5,4.20
fold2_room1_mix0115,75,4,0,-31,-4,5.28
fold2_room1_mix0115,76,4,0,-26,-4,5.85
fold2_room1_mix0115,77,4,0,-22,-3,6.92
fold2_room1_mix0115,78,4,0,-19,-3,7.57
fold2_room1_mix0115,79,4,0,-16,-3,8.60
fold2_room1_mix0115,80,4,0,-16,-3,9.63
fold2_room1_mix0115,81,4,0,-14,-3,9.42
fold2_room1_mix0115,82,4,0,-14,-2,4.39
fold2_room1_mix0115,83,4,0,-14,-2,9.96
fold2_room1_mix0116,4,4,0,-179,0,2.03
fold2_room1_mix0116,5,4,0,177,0,3.15
fold2_room1_mix0116,6,4,0,178,0,14.66
fold2_room1_mix0116,7,4,0,177,0,16.84
fold2_room1_mix0116,8,4,0,178,0,21.19
fold2_room1_mix0116,9,4,0,178,0,25.44
fold2_room1_mix0116,10,4,0,177,0,31.31
fold2_room1_mix0116,11,4,0,177,0,32.92
fold2_room1_mix0116,12,4,0,176,0,33.51
fold2_room1_mix0116,13,4,0,176,0,35.69
fold2_room1_mix0116,14,4,0,176,0,32.79
fold2_room1_mix0116,15,4,0,175,0,34.83
fold2_room1_mix0116,16,4,0,176,0,35.37
fold2_room1_mix0116,17,4,0,176,0,34.75
fold2_room1_mix0116,18,4,0,175,0,35.94
fold2_room1_mix0116,19,4,0,175,0,39.81
fold2_room1_mix0116,20,4,0,175,0,40.08
fold2_room1_mix0116,21,4,0,175,0,40.00
fold2_room1_mix0116,22,4,0,175,0,39.68
fold2_room1_mix0116,23,4,0,174,0,40.88
fold2_room1_mix0116,24,4,0,176,0,38.11
fold2_room1_mix0116,25,4,0,177,0,41.14
fold2_room1_mix0116,26,4,0,177,0,40.98
fold2_room1_mix0116,27,4,0,176,0,42.99
fold2_room1_mix0116,28,4,0,175,0,43.81
fold2_room1_mix0116,29,4,0,176,0,43.35
fold2_room1_mix0116,30,4,0,176,0,42.48
fold2_room1_mix0116,31,4,0,175,0,43.48
fold2_room1_mix0116,32,4,0,177,0,42.21
fold2_room1_mix0116,33,4,0,177,0,42.79
fold2_room1_mix0116,34,4,0,178,0,42.81
fold2_room1_mix0116,35,4,0,177,0,42.46
fold2_room1_mix0116,36,4,0,177,0,42.50
fold2_room1_mix0116,37,4,0,176,0,42.94
fold2_room1_mix0116,38,4,0,177,0,42.58
fold2_room1_mix0116,39,4,0,176,0,41.63
fold2_room1_mix0116,40,4,0,177,0,39.85
fold2_room1_mix0116,41,4,0,177,0,39.54
fold2_room1_mix0116,42,4,0,177,0,36.86
fold2_room1_mix0116,43,4,0,177,0,35.41
fold2_room1_mix0116,44,4,0,176,0,35.84
fold2_room1_mix0116,45,4,0,178,0,34.18
fold2_room1_mix0116,46,4,0,177,0,34.53
fold2_room1_mix0116,47,4,0,177,0,33.72
fold2_room1_mix0116,48,4,0,177,0,32.32
fold2_room1_mix0116,49,4,0,176,0,32.14
fold2_room1_mix0116,50,4,0,175,0,31.08
fold2_room1_mix0116,51,4,0,176,0,31.65
fold2_room1_mix0116,52,4,0,175,0,31.15
fold2_room1_mix0116,53,4,0,177,0,30.37
fold2_room1_mix0116,54,4,0,175,0,29.35
fold2_room1_mix0116,55,4,0,176,0,28.57
fold2_room1_mix0116,56,4,0,176,0,27.25
fold2_room1_mix0116,57,4,0,176,-1,26.30
fold2_room1_mix0116,58,4,0,176,-1,24.88
fold2_room1_mix0116,59,4,0,175,-1,24.16
fold2_room1_mix0116,60,4,0,176,-1,23.43
fold2_room1_mix0116,61,4,0,176,-1,22.53
fold2_room1_mix0116,62,4,0,176,-1,21.54
fold2_room1_mix0116,63,4,0,176,-1,20.68
fold2_room1_mix0116,64,4,0,175,-1,19.73
fold2_room1_mix0116,65,4,0,175,-1,19.49
fold2_room1_mix0116,66,4,0,176,-1,18.23
fold2_room1_mix0116,67,4,0,175,-1,17.86
fold2_room1_mix0116,68,4,0,175,-1,17.50
fold2_room1_mix0116,69,4,0,174,-1,16.81
fold2_room1_mix0116,70,4,0,174,-2,15.47
fold2_room1_mix0116,71,4,0,172,-2,14.53
fold2_room1_mix0116,72,4,0,171,-2,13.20
fold2_room1_mix0116,73,4,0,171,-2,13.59
fold2_room1_mix0116,74,4,0,170,-3,11.81
fold2_room1_mix0116,75,4,0,169,-3,11.15
fold2_room1_mix0116,76,4,0,168,-3,10.84
fold2_room1_mix0116,77,4,0,167,-3,10.06
fold2_room1_mix0116,78,4,0,165,-4,9.37
fold2_room1_mix0116,79,4,0,163,-4,8.11
fold2_room1_mix0116,80,4,0,161,-4,7.19
fold2_room1_mix0116,81,4,0,159,-5,5.93
fold2_room1_mix0116,82,4,0,156,-6,4.94
fold2_room1_mix0116,83,4,0,149,-6,4.17
fold2_room1_mix0116,84,4,0,142,-7,3.16
fold2_room1_mix0116,85,4,0,129,-7,2.54
fold2_room1_mix0116,86,4,0,101,-8,2.20
fold2_room1_mix0116,87,4,0,71,-8,1.83
fold2_room1_mix0116,88,4,0,49,-5,2.12
fold2_room1_mix0116,89,4,0,39,-4,2.69
fold2_room1_mix0116,90,4,0,27,-4,3.58
fold2_room1_mix0116,91,4,0,25,-3,4.10
fold2_room1_mix0116,92,4,0,22,-3,5.24
fold2_room1_mix0116,93,4,0,17,-2,5.97
fold2_room1_mix0116,94,4,0,15,-2,6.95
fold2_room1_mix0116,95,4,0,13,-2,7.92
fold2_room1_mix0116,96,4,0,12,-2,8.87
fold2_room1_mix0116,97,4,0,11,-1,9.92
fold2_room1_mix0116,98,4,0,10,-1,10.42
fold2_room1_mix0116,99,4,0,10,-1,11.37
fold2_room1_mix0117,39,2,0,94,-5,4.84
fold2_room1_mix0117,40,2,0,95,-4,8.89
fold2_room1_mix0117,41,2,0,93,-4,9.07
fold2_room1_mix0117,42,2,0,91,-4,10.72
fold2_room1_mix0117,43,2,0,93,-4,11.39
fold2_room1_mix0117,44,2,0,94,-3,11.54
fold2_room1_mix0117,49,2,0,98,-3,10.79
fold2_room1_mix0117,50,2,0,98,-3,11.55
fold2_room1_mix0117,51,2,0,99,-3,11.49
fold2_room1_mix0117,52,2,0,99,-3,11.86
fold2_room1_mix0117,53,2,0,101,-3,11.93
fold2_room1_mix0117,59,2,0,107,-3,11.58
fold2_room1_mix0117,60,2,0,106,-3,11.50
fold2_room1_mix0117,61,2,0,109,-3,12.08
fold2_room1_mix0117,62,2,0,110,-3,12.33
fold2_room1_mix0117,63,2,0,111,-3,12.49
fold2_room1_mix0117,68,2,0,109,-3,8.59
fold2_room1_mix0117,69,2,0,114,-3,11.74
fold2_room1_mix0117,70,2,0,117,-2,12.49
fold2_room1_mix0117,71,2,0,118,-2,12.88
fold2_room1_mix0117,72,2,0,117,-2,13.38
fold2_room1_mix0117,73,2,0,118,-2,11.87
fold2_room1_mix0118,2,4,0,-173,0,3.73
fold2_room1_mix0118,3,4,0,-174,-1,8.60
fold2_room1_mix0118,4,4,0,-176,-1,9.28
fold2_room1_mix0118,5,4,0,-175,-1,9.93
fold2_room1_mix0118,6,4,0,-172,-1,11.66
fold2_room1_mix0118,7,4,0,-174,-1,14.12
fold2_room1_mix0118,8,4,0,-173,-2,14.42
fold2_room1_mix0118,9,4,0,-173,-2,13.11
fold2_room1_mix0118,10,4,0,-172,-2,12.12
fold2_room1_mix0118,11,4,0,-173,-2,11.26
fold2_room1_mix0118,12,4,0,-171,-2,11.84
fold2_room1_mix0118,13,4,0,-171,-2,10.36
fold2_room1_mix0118,14,4,0,-171,-2,10.40
fold2_room1_mix0118,15,4,0,-169,-2,9.97
fold2_room1_mix0118,16,4,0,-167,-2,8.49
fold2_room1_mix0118,17,4,0,-167,-3,9.31
fold2_room1_mix0118,18,4,0,-168,-3,9.10
fold2_room1_mix0118,19,4,0,-167,-3,8.55
fold2_room1_mix0118,20,4,0,-168,-3,8.54
fold2_room1_mix0118,21,4,0,-167,-3,7.77
fold2_room1_mix0118,22,4,0,-169,-3,7.30
fold2_room1_mix0118,23,4,0,-166,-3,7.29
fold2_room1_mix0118,24,4,0,-164,-3,6.48
fold2_room1_mix0118,25,4,0,-165,-3,6.92
fold2_room1_mix0118,26,4,0,-166,-4,6.51
fold2_room1_mix0118,27,4,0,-163,-4,5.95
fold2_room1_mix0118,28,4,0,-162,-4,5.84
fold2_room1_mix0118,29,4,0,-162,-4,5.74
fold2_room1_mix0118,30,4,0,-161,-5,5.50
fold2_room1_mix0118,31,4,0,-163,-5,5.74
fold2_room1_mix0118,32,4,0,-160,-5,5.14
fold2_room1_mix0118,33,4,0,-159,-5,5.25
fold2_room1_mix0118,34,4,0,-158,-5,5.16
fold2_room1_mix0118,35,1,0,8,-1,13.75
fold2_room1_mix0118,35,4,0,-159,-5,4.77
fold2_room1_mix0118,36,1,0,12,-2,30.28
fold2_room1_mix0118,36,4,0,-160,-4,5.09
fold2_room1_mix0118,37,1,0,14,-2,30.23
fold2_room1_mix0118,37,4,0,-161,-4,5.53
fold2_room1_mix0118,38,1,0,11,-2,27.15
fold2_room1_mix0118,38,4,0,-161,-4,5.96
fold2_room1_mix0118,39,1,0,10,-2,4.99
fold2_room1_mix0118,39,4,0,-150,-5,4.70
fold2_room1_mix0118,40,1,0,17,-2,23.63
fold2_room1_mix0118,40,4,0,-151,-5,5.31
fold2_room1_mix0118,41,1,0,9,-2,21.57
fold2_room1_mix0118,41,4,0,-159,-5,5.35
fold2_room1_mix0118,42,1,0,16,-2,20.85
fold2_room1_mix0118,42,4,0,-151,-6,5.16
fold2_room1_mix0118,43,1,0,0,-2,20.00
fold2_room1_mix0118,43,4,0,-155,-4,7.04
fold2_room1_mix0118,44,4,0,-100,-14,2.49
fold2_room1_mix0118,44,4,0,-42,-4,12.13
fold2_room1_mix0118,45,1,0,24,-2,21.64
fold2_room1_mix0118,45,4,0,-99,-9,2.87
fold2_room1_mix0118,46,1,0,24,-3,13.82
fold2_room1_mix0118,46,4,0,-140,-7,5.23
fold2_room1_mix0118,46,4,0,-42,-7,12.64
fold2_room1_mix0118,47,1,0,28,-3,11.73
fold2_room1_mix0118,47,4,0,-116,-7,3.61
fold2_room1_mix0118,47,4,0,-81,-7,5.93
fold2_room1_mix0118,48,1,0,5,-3,9.38
fold2_room1_mix0118,48,4,0,-64,-7,3.77
fold2_room1_mix0118,48,4,0,-31,-2,8.32
fold2_room1_mix0118,49,4,0,-30,-8,3.77
fold2_room1_mix0118,50,1,0,47,-5,7.42
fold2_room1_mix0118,50,4,0,-43,-6,3.77
fold2_room1_mix0118,51,1,0,56,-5,5.51
fold2_room1_mix0118,51,4,0,-48,-5,5.24
fold2_room1_mix0118,51,4,0,-30,-3,6.51
fold2_room1_mix0118,52,1,0,72,-5,4.96
fold2_room1_mix0118,52,4,0,-35,-5,4.33
fold2_room1_mix0118,53,1,0,53,-5,6.37
fold2_room1_mix0118,53,4,0,-45,-8,3.91
fold2_room1_mix0118,54,1,0,59,-5,7.64
fold2_room1_mix0118,54,4,0,-32,-5,5.72
fold2_room1_mix0118,55,1,0,118,-5,8.09
fold2_room1_mix0118,55,4,0,-77,-8,5.02
fold2_room1_mix0118,55,4,0,-36,-6,4.62
fold2_room1_mix0118,56,1,0,137,-4,9.62
fold2_room1_mix0118,56,4,0,-42,-5,4.42
fold2_room1_mix0118,57,1,0,145,-4,9.46
fold2_room1_mix0118,57,4,0,-37,-5,4.11
fold2_room1_mix0118,58,1,0,141,-4,10.37
fold2_room1_mix0118,58,4,0,-152,-5,5.81
fold2_room1_mix0118,58,4,0,-46,-7,4.86
fold2_room1_mix0118,58,4,0,-30,-3,7.41
fold2_room1_mix0118,59,4,0,-39,-5,6.26
fold2_room1_mix0118,60,1,0,155,-4,12.86
fold2_room1_mix0118,60,4,0,-38,-4,6.98
fold2_room1_mix0118,61,1,0,156,-4,15.19
fold2_room1_mix0118,61,4,0,-38,-5,5.89
fold2_room1_mix0118,62,1,0,158,-3,18.22
fold2_room1_mix0118,62,4,0,-42,-6,6.06
fold2_room1_mix0118,63,1,0,164,-3,16.53
fold2_room1_mix0118,63,4,0,-95,-6,8.85
fold2_room1_mix0118,63,4,0,-51,-3,7.77
fold2_room1_mix0118,63,4,0,-35,-2,10.24
fold2_room1_mix0118,64,4,0,-39,-4,6.88
fold2_room1_mix0118,65,1,0,164,-3,19.16
fold2_room1_mix0118,65,4,0,-58,-5,5.79
fold2_room1_mix0118,65,4,0,-40,-5,6.70
fold2_room1_mix0118,66,1,0,169,-3,24.34
fold2_room1_mix0118,66,4,0,-42,-4,7.86
fold2_room1_mix0118,67,4,0,-47,-4,7.92
fold2_room1_mix0118,68,4,0,-59,-3,7.50
fold2_room1_mix0118,68,4,0,-34,-3,9.09
fold2_room1_mix0118,69,4,0,-65,-2,8.49
fold2_room1_mix0118,69,4,0,-26,-2,10.75
fold2_room1_mix0118,70,4,0,-64,-3,8.59
fold2_room1_mix0118,70,4,0,-28,-4,10.13
fold2_room1_mix0118,71,4,0,-75,-3,8.74
fold2_room1_mix0118,71,4,0,-28,-2,11.96
fold2_room1_mix0118,72,4,0,-73,-3,8.80
fold2_room1_mix0118,72,4,0,-28,-3,11.22
fold2_room1_mix0118,73,4,0,-76,-3,8.50
fold2_room1_mix0118,73,4,0,-23,-2,12.48
fold2_room1_mix0118,74,4,0,-79,-3,8.57
fold2_room1_mix0118,74,4,0,-33,-3,11.02
fold2_room1_mix0118,75,4,0,-80,-3,8.34
fold2_room1_mix0118,75,4,0,-24,-4,10.10
fold2_room1_mix0118,76,4,0,-84,-2,9.52
fold2_room1_mix0118,76,4,0,-26,-3,11.03
fold2_room1_mix0118,77,4,0,-92,-2,9.28
fold2_room1_mix0118,77,4,0,-25,-3,11.76
fold2_room1_mix0118,78,4,0,-93,-2,9.47
fold2_room1_mix0118,78,4,0,-24,-3,11.73
fold2_room1_mix0118,79,4,0,-99,-1,9.78
fold2_room1_mix0118,79,4,0,-26,-3,10.75
fold2_room1_mix0118,80,4,0,-120,0,11.39
fold2_room1_mix0118,80,4,0,-50,-1,11.62
fold2_room1_mix0118,80,4,0,-25,-2,11.36
fold2_room1_mix0118,81,4,0,-124,-1,11.56
fold2_room1_mix0118,81,4,0,-46,-1,11.62
fold2_room1_mix0118,81,4,0,-24,-3,10.95
fold2_room1_mix0118,82,4,0,-129,-1,12.24
fold2_room1_mix0118,82,4,0,-25,-2,12.86
fold2_room1_mix0118,83,4,0,-129,-1,12.45
fold2_room1_mix0118,83,4,0,-22,-2,11.24
fold2_room1_mix0118,84,4,0,-134,-1,13.28
fold2_room1_mix0118,84,4,0,-22,-2,13.27
fold2_room1_mix0118,85,4,0,-131,0,13.61
fold2_room1_mix0118,85,4,0,-16,-1,13.42
fold2_room1_mix0118,86,4,0,-136,-1,14.51
fold2_room1_mix0118,86,4,0,-22,-2,13.87
fold2_room1_mix0118,87,4,0,-136,-1,13.90
fold2_room1_mix0118,87,4,0,-17,-2,14.44
fold2_room1_mix0118,88,4,0,-134,-1,14.17
fold2_room1_mix0118,88,4,0,-19,-2,14.16
fold2_room1_mix0118,89,4,0,-140,0,15.26
fold2_room1_mix0118,89,4,0,-15,-2,14.38
fold2_room1_mix0118,90,4,0,-142,0,16.26
fold2_room1_mix0118,90,4,0,-9,-2,15.22
fold2_room1_mix0118,91,4,0,-144,0,16.75
fold2_room1_mix0118,91,4,0,-9,-2,15.22
fold2_room1_mix0118,92,4,0,-144,-1,17.62
fold2_room1_mix0118,92,4,0,-9,-2,15.70
fold2_room1_mix0118,93,4,0,-146,0,18.78
fold2_room1_mix0118,93,4,0,-11,-2,15.43
fold2_room1_mix0118,94,4,0,-147,0,18.25
fold2_room1_mix0118,94,4,0,-9,-2,14.81
fold2_room1_mix0118,95,4,0,-151,0,19.88
fold2_room1_mix0118,95,4,0,-10,-2,16.20
fold2_room1_mix0118,96,4,0,-152,0,19.57
fold2_room1_mix0118,96,4,0,-7,-1,17.85
fold2_room1_mix0118,97,4,0,-155,0,19.91
fold2_room1_mix0118,97,4,0,-11,-1,17.95
fold2_room1_mix0118,98,4,0,-153,0,22.19
fold2_room1_mix0118,98,4,0,-7,-2,17.69
fold2_room1_mix0118,99,4,0,-157,0,19.83
fold2_room1_mix0118,99,4,0,-7,-2,14.61
fold2_room1_mix0119,3,4,0,0,0,4.63
fold2_room1_mix0119,4,4,0,1,0,20.61
fold2_room1_mix0119,5,4,0,0,-1,21.42
fold2_room1_mix0119,6,4,0,1,0,26.83
fold2_room1_mix0119,7,4,0,3,0,35.73
fold2_room1_mix0119,8,4,0,3,-1,43.64
fold2_room1_mix0119,9,4,0,2,-1,43.08
fold2_room1_mix0119,10,4,0,3,-1,42.41
fold2_room1_mix0119,11,4,0,3,-1,44.38
fold2_room1_mix0119,12,4,0,2,-1,44.82
fold2_room1_mix0119,13,4,0,3,-1,43.26
fold2_room1_mix0119,14,4,0,3,0,46.12
fold2_room1_mix0119,15,4,0,3,0,43.21
fold2_room1_mix0119,16,4,0,1,0,40.97
fold2_room1_mix0119,17,4,0,2,0,41.16
fold2_room1_mix0119,18,4,0,2,-1,40.16
fold2_room1_mix0119,19,4,0,3,0,37.66
fold2_room1_mix0119,20,4,0,2,0,39.42
fold2_room1_mix0119,21,4,0,4,-1,37.58
fold2_room1_mix0119,22,4,0,3,0,35.45
fold2_room1_mix0119,23,4,0,3,-1,32.73
fold2_room1_mix0119,24,4,0,3,-1,34.17
fold2_room1_mix0119,25,4,0,3,-1,34.72
fold2_room1_mix0119,26,4,0,5,-1,34.62
fold2_room1_mix0119,27,4,0,2,0,37.24
fold2_room1_mix0119,28,0,0,-18,-2,4.09
fold2_room1_mix0119,28,4,0,2,-1,35.79
fold2_room1_mix0119,29,0,0,-21,-2,11.01
fold2_room1_mix0119,29,4,0,3,-1,33.16
fold2_room1_mix0119,30,0,0,-22,-2,20.06
fold2_room1_mix0119,30,4,0,4,-1,33.68
fold2_room1_mix0119,31,0,0,-19,-2,16.83
fold2_room1_mix0119,31,4,0,3,-1,34.37
fold2_room1_mix0119,32,0,0,-21,-2,26.21
fold2_room1_mix0119,32,4,0,3,-1,32.84
fold2_room1_mix0119,33,0,0,-21,-2,29.13
fold2_room1_mix0119,33,4,0,2,-1,31.85
fold2_room1_mix0119,34,0,0,-19,-2,30.93
fold2_room1_mix0119,34,4,0,1,-1,30.58
fold2_room1_mix0119,35,0,0,-21,-2,26.33
fold2_room1_mix0119,35,4,0,0,-1,31.05
fold2_room1_mix0119,36,0,0,-19,-2,27.86
fold2_room1_mix0119,36,4,0,0,-1,29.67
fold2_room1_mix0119,37,0,0,-19,-2,28.71
fold2_room1_mix0119,37,4,0,0,-1,28.87
fold2_room1_mix0119,38,0,0,-21,-2,30.31
fold2_room1_mix0119,38,4,0,3,-1,27.91
fold2_room1_mix0119,39,0,0,-20,-2,29.27
fold2_room1_mix0119,39,4,0,4,-1,26.56
fold2_room1_mix0119,40,0,0,-20,-2,27.19
fold2_room1_mix0119,40,4,0,4,-1,26.71
fold2_room1_mix0119,41,0,0,-21,-2,28.62
fold2_room1_mix0119,41,4,0,3,-1,25.66
fold2_room1_mix0119,42,0,0,-23,-2,23.10
fold2_room1_mix0119,42,4,0,5,-1,24.37
fold2_room1_mix0119,43,0,0,-23,-2,22.13
fold2_room1_mix0119,43,4,0,6,-1,25.19
fold2_room1_mix0119,44,0,0,-24,-2,21.32
fold2_room1_mix0119,44,4,0,6,-1,25.23
fold2_room1_mix0119,45,0,0,-24,-2,20.03
fold2_room1_mix0119,45,4,0,5,-1,23.40
fold2_room1_mix0119,46,0,0,-25,-2,18.65
fold2_room1_mix0119,46,4,0,5,-1,21.94
fold2_room1_mix0119,47,0,0,-24,-2,17.23
fold2_room1_mix0119,47,4,0,4,-1,21.24
fold2_room1_mix0119,48,0,0,-27,-2,16.71
fold2_room1_mix0119,48,4,0,6,-2,20.11
fold2_room1_mix0119,49,0,0,-26,-2,17.72
fold2_room1_mix0119,49,4,0,6,-1,20.64
fold2_room1_mix0119,50,0,0,-26,-2,18.86
fold2_room1_mix0119,50,4,0,5,-2,20.12
fold2_room1_mix0119,51,0,0,-29,-2,18.29
fold2_room1_mix0119,51,4,0,5,-2,19.07
fold2_room1_mix0119,52,0,0,-29,-2,19.31
fold2_room1_mix0119,52,4,0,4,-2,18.22
fold2_room1_mix0119,53,0,0,-31,-2,17.96
fold2_room1_mix0119,53,4,0,4,-2,18.42
fold2_room1_mix0119,54,0,0,-35,-2,18.74
fold2_room1_mix0119,54,4,0,6,-2,16.44
fold2_room1_mix0119,55,0,0,-34,-3,16.78
fold2_room1_mix0119,55,4,0,5,-2,14.98
fold2_room1_mix0119,56,0,0,-34,-2,17.19
fold2_room1_mix0119,56,4,0,5,-2,15.68
fold2_room1_mix0119,57,0,0,-34,-3,17.75
fold2_room1_mix0119,57,4,0,4,-2,15.09
fold2_room1_mix0119,58,0,0,-40,-3,17.10
fold2_room1_mix0119,58,4,0,6,-2,14.40
fold2_room1_mix0119,59,0,0,-41,-3,16.35
fold2_room1_mix0119,59,4,0,4,-3,13.93
fold2_room1_mix0119,60,0,0,-45,-3,14.71
fold2_room1_mix0119,60,4,0,4,-3,12.04
fold2_room1_mix0119,61,0,0,-52,-3,14.25
fold2_room1_mix0119,61,4,0,6,-3,11.18
fold2_room1_mix0119,62,0,0,-58,-4,13.98
fold2_room1_mix0119,62,4,0,2,-4,10.48
fold2_room1_mix0119,63,0,0,-62,-4,12.05
fold2_room1_mix0119,63,4,0,2,-4,9.43
fold2_room1_mix0119,64,0,0,-61,-4,12.65
fold2_room1_mix0119,64,4,0,2,-5,9.04
fold2_room1_mix0119,65,0,0,-59,-4,13.48
fold2_room1_mix0119,65,4,0,2,-5,8.51
fold2_room1_mix0119,66,0,0,-61,-4,12.55
fold2_room1_mix0119,66,4,0,2,-6,7.65
fold2_room1_mix0119,67,0,0,-63,-4,12.07
fold2_room1_mix0119,67,4,0,0,-6,6.76
fold2_room1_mix0119,68,0,0,-75,-5,11.93
fold2_room1_mix0119,68,4,0,4,-6,6.48
fold2_room1_mix0119,69,0,0,-78,-5,11.96
fold2_room1_mix0119,69,4,0,3,-7,5.71
fold2_room1_mix0119,70,0,0,-88,-5,12.07
fold2_room1_mix0119,70,4,0,4,-6,5.48
fold2_room1_mix0119,71,0,0,-93,-5,11.59
fold2_room1_mix0119,71,4,0,5,-7,5.11
fold2_room1_mix0119,72,0,0,-99,-5,11.28
fold2_room1_mix0119,72,4,0,3,-9,4.33
fold2_room1_mix0119,73,0,0,-107,-5,11.40
fold2_room1_mix0119,73,4,0,8,-10,3.97
fold2_room1_mix0119,74,0,0,-112,-5,12.10
fold2_room1_mix0119,74,4,0,8,-12,3.48
fold2_room1_mix0119,75,0,0,-111,-5,12.98
fold2_room1_mix0119,75,4,0,9,-16,3.36
fold2_room1_mix0119,76,0,0,-116,-5,12.51
fold2_room1_mix0119,76,4,0,17,-25,2.48
fold2_room1_mix0119,77,0,0,-124,-4,13.43
fold2_room1_mix0119,77,4,0,30,-40,1.80
fold2_room1_mix0119,78,0,0,-114,-4,12.61
fold2_room1_mix0119,78,4,0,78,-59,1.19
fold2_room1_mix0119,79,0,0,-119,-4,11.54
fold2_room1_mix0119,79,4,0,141,-48,1.37
fold2_room1_mix0119,80,0,0,-126,-4,12.24
fold2_room1_mix0119,80,4,0,161,-36,1.51
fold2_room1_mix0119,81,0,0,-128,-4,13.77
fold2_room1_mix0119,81,4,0,166,-25,2.10
fold2_room1_mix0119,82,0,0,-138,-3,14.30
fold2_room1_mix0119,82,4,0,167,-23,2.31
fold2_room1_mix0119,83,0,0,-150,-2,12.73
fold2_room1_mix0119,83,4,0,171,-16,3.10
fold2_room1_mix0119,84,0,0,-144,-2,12.24
fold2_room1_mix0119,84,4,0,174,-13,3.51
fold2_room1_mix0119,85,0,0,-144,-2,10.29
fold2_room1_mix0119,85,4,0,175,-13,3.99
fold2_room1_mix0119,86,0,0,-151,-2,8.11
fold2_room1_mix0119,86,4,0,176,-11,4.27
fold2_room1_mix0119,87,0,0,-148,-2,9.85
fold2_room1_mix0119,87,4,0,177,-9,4.95
fold2_room1_mix0119,88,4,0,177,-8,5.53
fold2_room1_mix0119,89,4,0,176,-7,6.18
fold2_room1_mix0119,90,4,0,177,-6,6.55
fold2_room1_mix0119,91,4,0,177,-6,7.55
fold2_room1_mix0119,92,4,0,177,-6,7.67
fold2_room1_mix0119,93,4,0,177,-5,8.28
fold2_room1_mix0119,94,4,0,178,-4,9.34
fold2_room1_mix0119,95,4,0,177,-4,9.68
fold2_room1_mix0119,96,4,0,177,-4,10.52
fold2_room1_mix0119,97,4,0,177,-3,11.56
fold2_room1_mix0119,98,4,0,177,-4,11.33
fold2_room1_mix0119,99,4,0,177,-4,12.07
fold2_room1_mix0120,4,4,0,14,-1,7.13
fold2_room1_mix0120,5,4,0,8,-2,6.42
fold2_room1_mix0120,6,4,0,22,-2,6.12
fold2_room1_mix0120,7,4,0,22,-4,7.43
fold2_room1_mix0120,8,4,0,23,-3,12.63
fold2_room1_mix0120,10,4,0,21,-3,11.86
fold2_room1_mix0120,11,4,0,20,-2,9.08
fold2_room1_mix0120,13,4,0,27,-4,13.00
fold2_room1_mix0120,14,4,0,27,-3,13.98
fold2_room1_mix0120,15,4,0,31,-3,12.41
fold2_room1_mix0120,16,4,0,33,-3,13.00
fold2_room1_mix0120,17,4,0,36,-3,13.09
fold2_room1_mix0120,18,4,0,35,-2,10.44
fold2_room1_mix0120,20,4,0,165,-2,14.77
fold2_room1_mix0120,20,4,0,48,-2,12.60
fold2_room1_mix0120,20,4,0,30,-3,13.62
fold2_room1_mix0120,21,4,0,162,-3,14.15
fold2_room1_mix0120,21,4,0,51,-3,12.39
fold2_room1_mix0120,21,4,0,35,-3,13.85
fold2_room1_mix0120,22,4,0,174,-3,13.32
fold2_room1_mix0120,22,4,0,52,-2,13.28
fold2_room1_mix0120,22,4,0,25,-2,14.72
fold2_room1_mix0120,23,4,0,179,-3,14.05
fold2_room1_mix0120,23,4,0,57,-3,11.94
fold2_room1_mix0120,23,4,0,22,-2,15.54
fold2_room1_mix0120,24,4,0,-179,-2,15.61
fold2_room1_mix0120,24,4,0,61,-3,12.37
fold2_room1_mix0120,24,4,0,29,-2,14.13
fold2_room1_mix0120,25,4,0,-179,-2,13.43
fold2_room1_mix0120,25,4,0,60,-2,13.15
fold2_room1_mix0120,25,4,0,22,-2,15.19
fold2_room1_mix0120,26,4,0,-174,-3,13.77
fold2_room1_mix0120,26,4,0,54,-1,14.28
fold2_room1_mix0120,26,4,0,21,-1,16.32
fold2_room1_mix0120,27,4,0,-177,-2,13.28
fold2_room1_mix0120,27,4,0,63,-2,12.85
fold2_room1_mix0120,27,4,0,22,-1,14.94
fold2_room1_mix0120,28,4,0,-174,-2,12.64
fold2_room1_mix0120,28,4,0,57,-2,13.51
fold2_room1_mix0120,28,4,0,19,-2,14.25
fold2_room1_mix0120,29,4,0,-172,-3,12.40
fold2_room1_mix0120,29,4,0,56,-2,14.17
fold2_room1_mix0120,29,4,0,19,-2,15.32
fold2_room1_mix0120,30,4,0,-175,-3,12.25
fold2_room1_mix0120,30,4,0,56,-3,12.94
fold2_room1_mix0120,30,4,0,27,-3,13.08
fold2_room1_mix0120,31,4,0,-176,-4,10.87
fold2_room1_mix0120,31,4,0,62,-4,13.67
fold2_room1_mix0120,31,4,0,30,-4,12.79
fold2_room1_mix0120,32,4,0,-177,-4,10.61
fold2_room1_mix0120,32,4,0,73,-4,13.57
fold2_room1_mix0120,32,4,0,22,-5,11.84
fold2_room1_mix0120,33,4,0,178,-4,9.36
fold2_room1_mix0120,33,4,0,75,-4,12.72
fold2_room1_mix0120,33,4,0,20,-4,11.04
fold2_room1_mix0120,34,4,0,-171,-5,8.92
fold2_room1_mix0120,34,4,0,58,-5,11.52
fold2_room1_mix0120,34,4,0,23,-6,10.24
fold2_room1_mix0120,35,4,0,-176,-5,7.41
fold2_room1_mix0120,35,4,0,125,-4,11.95
fold2_room1_mix0120,36,4,0,-170,-6,6.25
fold2_room1_mix0120,36,4,0,87,-3,12.75
fold2_room1_mix0120,36,4,0,3,-6,8.80
fold2_room1_mix0120,37,4,0,-171,-7,5.31
fold2_room1_mix0120,37,4,0,88,-2,13.46
fold2_room1_mix0120,37,4,0,1,-5,8.31
fold2_room1_mix0120,38,4,0,-168,-8,4.53
fold2_room1_mix0120,38,4,0,105,-1,14.74
fold2_room1_mix0120,38,4,0,-6,-7,7.61
fold2_room1_mix0120,39,4,0,-166,-10,3.80
fold2_room1_mix0120,39,4,0,104,-1,13.85
fold2_room1_mix0120,39,4,0,-7,-8,6.47
fold2_room1_mix0120,40,4,0,-162,-9,4.01
fold2_room1_mix0120,40,4,0,85,-1,13.22
fold2_room1_mix0120,40,4,0,-6,-7,6.32
fold2_room1_mix0120,41,4,0,-153,-13,2.88
fold2_room1_mix0120,41,4,0,98,-3,12.30
fold2_room1_mix0120,41,4,0,-15,-8,6.40
fold2_room1_mix0120,42,4,0,-141,-19,2.19
fold2_room1_mix0120,42,4,0,85,-7,11.64
fold2_room1_mix0120,42,4,0,-4,-13,6.41
fold2_room1_mix0120,43,4,0,-94,-30,1.24
fold2_room1_mix0120,43,4,0,81,-10,8.94
fold2_room1_mix0120,43,4,0,-1,-9,7.85
fold2_room1_mix0120,44,4,0,-57,-29,1.32
fold2_room1_mix0120,44,4,0,59,-11,8.23
fold2_room1_mix0120,44,4,0,-10,-9,6.09
fold2_room1_mix0120,45,4,0,-23,-30,2.00
fold2_room1_mix0120,45,4,0,63,-6,9.66
fold2_room1_mix0120,45,4,0,-16,-9,5.07
fold2_room1_mix0120,46,4,0,74,-10,6.75
fold2_room1_mix0120,46,4,0,42,-8,7.24
fold2_room1_mix0120,46,4,0,-17,-14,3.05
fold2_room1_mix0120,47,4,0,-32,-14,3.84
fold2_room1_mix0120,47,4,0,9,-8,6.31
fold2_room1_mix0120,49,4,0,-50,-13,2.26
fold2_room1_mix0120,49,4,0,65,-1,10.78
fold2_room1_mix0120,49,4,0,-3,-8,5.88
fold2_room1_mix0120,50,2,0,83,-2,1.57
fold2_room1_mix0120,50,4,0,-79,-15,2.85
fold2_room1_mix0120,50,4,0,66,0,12.45
fold2_room1_mix0120,50,4,0,-13,-6,6.06
fold2_room1_mix0120,51,4,0,-111,-19,3.75
fold2_room1_mix0120,51,4,0,57,-1,11.95
fold2_room1_mix0120,51,4,0,-22,-5,6.60
fold2_room1_mix0120,52,4,0,-127,-11,3.51
fold2_room1_mix0120,52,4,0,63,0,12.13
fold2_room1_mix0120,52,4,0,-24,-5,6.34
fold2_room1_mix0120,53,4,0,-136,-7,4.10
fold2_room1_mix0120,53,4,0,57,0,12.28
fold2_room1_mix0120,53,4,0,-17,-4,7.43
fold2_room1_mix0120,54,4,0,-152,-8,4.48
fold2_room1_mix0120,54,4,0,68,-1,11.89
fold2_room1_mix0120,54,4,0,-19,-4,8.39
fold2_room1_mix0120,55,4,0,-146,-8,3.93
fold2_room1_mix0120,55,4,0,64,-1,13.23
fold2_room1_mix0120,55,4,0,-13,-5,8.50
fold2_room1_mix0120,56,4,0,-155,-5,5.34
fold2_room1_mix0120,56,4,0,68,-2,11.38
fold2_room1_mix0120,56,4,0,-6,-4,10.37
fold2_room1_mix0120,57,4,0,-154,-5,5.25
fold2_room1_mix0120,57,4,0,65,-2,11.31
fold2_room1_mix0120,57,4,0,-5,-3,10.41
fold2_room1_mix0120,58,4,0,-164,-5,6.27
fold2_room1_mix0120,58,4,0,81,-4,9.76
fold2_room1_mix0120,58,4,0,-4,-3,11.46
fold2_room1_mix0120,59,4,0,-164,-5,6.37
fold2_room1_mix0120,59,4,0,79,-4,9.20
fold2_room1_mix0120,59,4,0,-4,-3,11.88
fold2_room1_mix0120,60,4,0,-166,-5,6.80
fold2_room1_mix0120,60,4,0,82,-4,8.81
fold2_room1_mix0120,60,4,0,-5,-3,12.68
fold2_room1_mix0120,61,4,0,-169,-6,7.23
fold2_room1_mix0120,61,4,0,87,-4,8.89
fold2_room1_mix0120,61,4,0,-4,-2,15.10
fold2_room1_mix0120,62,4,0,-177,-7,7.69
fold2_room1_mix0120,62,4,0,84,-5,8.96
fold2_room1_mix0120,62,4,0,-6,-3,14.12
fold2_room1_mix0120,63,4,0,171,-5,8.22
fold2_room1_mix0120,63,4,0,89,-4,8.32
fold2_room1_mix0120,63,4,0,-5,-2,14.02
fold2_room1_mix0120,64,4,0,166,-6,8.87
fold2_room1_mix0120,64,4,0,95,-5,9.41
fold2_room1_mix0120,64,4,0,-8,-2,16.31
fold2_room1_mix0120,65,4,0,166,-6,9.84
fold2_room1_mix0120,65,4,0,97,-6,8.94
fold2_room1_mix0120,65,4,0,-8,-2,16.70
fold2_room1_mix0120,66,4,0,153,-5,9.82
fold2_room1_mix0120,66,4,0,102,-5,8.94
fold2_room1_mix0120,66,4,0,-6,-2,16.48
fold2_room1_mix0120,67,4,0,148,-6,10.80
fold2_room1_mix0120,67,4,0,93,-4,10.15
fold2_room1_mix0120,67,4,0,-5,-1,17.16
fold2_room1_mix0120,68,4,0,161,-5,11.66
fold2_room1_mix0120,68,4,0,90,-5,9.67
fold2_room1_mix0120,68,4,0,3,-1,18.04
fold2_room1_mix0120,69,4,0,142,-4,11.44
fold2_room1_mix0120,69,4,0,100,-4,8.97
fold2_room1_mix0120,69,4,0,30,-2,15.55
fold2_room1_mix0120,70,4,0,166,-4,12.38
fold2_room1_mix0120,70,4,0,101,-5,9.50
fold2_room1_mix0120,70,4,0,27,-2,16.65
fold2_room1_mix0120,71,4,0,155,-4,13.05
fold2_room1_mix0120,71,4,0,109,-5,8.80
fold2_room1_mix0120,71,4,0,27,-2,16.89
fold2_room1_mix0120,72,4,0,164,-2,14.09
fold2_room1_mix0120,72,4,0,108,-4,9.59
fold2_room1_mix0120,72,4,0,77,-3,13.62
fold2_room1_mix0120,73,4,0,161,-4,13.53
fold2_room1_mix0120,73,4,0,107,-4,9.60
fold2_room1_mix0120,73,4,0,75,-4,13.04
fold2_room1_mix0120,74,4,0,143,-3,13.59
fold2_room1_mix0120,74,4,0,96,-3,11.05
fold2_room1_mix0120,75,4,0,139,-4,13.49
fold2_room1_mix0120,75,4,0,98,-3,10.97
fold2_room1_mix0120,76,4,0,140,-3,13.88
fold2_room1_mix0120,76,4,0,98,-3,10.87
fold2_room1_mix0120,77,4,0,121,-4,12.49
fold2_room1_mix0120,77,4,0,99,-2,10.88
fold2_room1_mix0120,78,4,0,102,-3,11.15
fold2_room1_mix0120,79,4,0,109,-3,9.87
fold2_room1_mix0120,80,4,0,120,-2,10.78
fold2_room1_mix0120,81,4,0,111,-2,10.71
fold2_room1_mix0120,82,4,0,115,-2,9.67
fold2_room1_mix0120,83,4,0,116,-2,10.13
fold2_room1_mix0120,84,4,0,115,-2,10.32
fold2_room1_mix0120,85,4,0,117,-2,9.63
fold2_room1_mix0120,86,4,0,118,-2,10.56
fold2_room1_mix0120,87,4,0,122,-2,10.54
fold2_room1_mix0120,88,4,0,119,-2,10.87
fold2_room1_mix0120,89,4,0,124,-2,11.11
fold2_room1_mix0120,90,4,0,124,-2,11.39
fold2_room1_mix0120,91,4,0,125,-2,11.88
fold2_room1_mix0120,92,4,0,131,-1,12.53
fold2_room1_mix0120,93,4,0,129,-2,11.92
fold2_room1_mix0120,94,4,0,126,-1,12.80
fold2_room1_mix0120,95,4,0,131,-1,11.83
fold2_room1_mix0120,96,4,0,128,-1,12.11
fold2_room1_mix0120,97,4,0,128,-2,11.84
fold2_room1_mix0120,98,4,0,129,-1,12.60
fold2_room1_mix0120,99,4,0,132,-1,12.19
fold2_room1_mix0120,1,0,0,15,0,8.05
fold2_room1_mix0120,9,4,0,15,-2,8.85
fold2_room1_mix0120,12,4,0,20,-1,14.01
fold2_room1_mix0120,19,4,0,32,-2,14.25
fold2_room1_mix0120,48,4,0,49,-3,9.77
fold2_room1_mix0120,48,4,0,-22,-9,4.65
fold2_room1_mix0121,28,4,0,176,0,3.12
fold2_room1_mix0121,29,4,0,175,1,2.23
fold2_room1_mix0121,32,4,0,174,0,17.60
fold2_room1_mix0121,34,4,0,173,0,13.65
fold2_room1_mix0121,35,4,0,176,0,18.91
fold2_room1_mix0121,36,4,0,177,0,19.69
fold2_room1_mix0121,37,4,0,177,0,21.71
fold2_room1_mix0121,38,4,0,-179,0,20.94
fold2_room1_mix0121,39,4,0,173,0,22.07
fold2_room1_mix0121,40,4,0,179,0,20.97
fold2_room1_mix0121,41,4,0,175,0,20.63
fold2_room1_mix0121,42,4,0,176,0,19.63
fold2_room1_mix0121,43,4,0,177,-1,19.70
fold2_room1_mix0121,44,4,0,176,-1,18.89
fold2_room1_mix0121,45,4,0,173,-1,17.38
fold2_room1_mix0121,46,4,0,176,-1,15.78
fold2_room1_mix0121,47,4,0,174,-1,15.78
fold2_room1_mix0121,48,4,0,174,-1,14.79
fold2_room1_mix0121,49,4,0,174,-2,13.99
fold2_room1_mix0121,50,4,0,174,-2,12.45
fold2_room1_mix0121,51,4,0,172,-2,11.31
fold2_room1_mix0121,52,4,0,171,-3,10.86
fold2_room1_mix0121,53,4,0,171,-3,10.31
fold2_room1_mix0121,54,4,0,169,-3,9.05
fold2_room1_mix0121,55,4,0,167,-4,7.74
fold2_room1_mix0121,56,4,0,166,-5,6.70
fold2_room1_mix0121,57,4,0,162,-6,5.68
fold2_room1_mix0121,58,4,0,159,-8,4.38
fold2_room1_mix0121,59,4,0,156,-10,3.49
fold2_room1_mix0121,60,4,0,146,-13,2.80
fold2_room1_mix0121,61,4,0,129,-20,2.22
fold2_room1_mix0121,62,4,0,95,-23,1.87
fold2_room1_mix0121,63,4,0,58,-21,1.88
fold2_room1_mix0121,64,4,0,36,-13,2.17
fold2_room1_mix0121,65,4,0,25,-10,3.18
fold2_room1_mix0121,66,4,0,21,-8,4.06
fold2_room1_mix0121,67,4,0,18,-8,4.46
fold2_room1_mix0121,68,4,0,15,-6,5.84
fold2_room1_mix0121,69,4,0,13,-5,6.98
fold2_room1_mix0121,70,4,0,12,-4,7.58
fold2_room1_mix0121,71,4,0,11,-4,9.01
fold2_room1_mix0121,72,4,0,10,-3,9.79
fold2_room1_mix0121,73,4,0,10,-3,11.16
fold2_room1_mix0121,74,4,0,9,-3,10.84
fold2_room1_mix0121,75,4,0,9,-3,12.81
fold2_room1_mix0121,76,4,0,8,-3,13.02
fold2_room1_mix0121,77,4,0,8,-2,14.02
fold2_room1_mix0121,78,4,0,7,-2,14.76
fold2_room1_mix0121,79,4,0,7,-2,16.48
fold2_room1_mix0121,80,4,0,8,-2,16.31
fold2_room1_mix0121,81,4,0,6,-2,17.84
fold2_room1_mix0121,82,4,0,7,-2,19.29
fold2_room1_mix0121,83,4,0,7,-2,19.75
fold2_room1_mix0121,84,4,0,6,-2,19.98
fold2_room1_mix0121,85,4,0,7,-1,21.57
fold2_room1_mix0121,86,4,0,6,-1,21.89
fold2_room1_mix0121,87,4,0,6,-1,23.81
fold2_room1_mix0121,88,4,0,5,-1,22.32
fold2_room1_mix0121,89,4,0,5,-2,22.61
fold2_room1_mix0121,90,4,0,4,0,6.10
fold2_room1_mix0121,91,4,0,4,-1,5.66
fold2_room1_mix0122,2,4,0,-3,3,1.37
fold2_room1_mix0122,2,5,0,0,1,3.88
fold2_room1_mix0122,3,4,0,-2,0,5.60
fold2_room1_mix0122,4,4,0,1,0,16.95
fold2_room1_mix0122,5,4,0,0,-1,20.80
fold2_room1_mix0122,6,4,0,0,0,22.61
fold2_room1_mix0122,7,4,0,0,-1,31.94
fold2_room1_mix0122,8,4,0,-1,-1,30.83
fold2_room1_mix0122,9,4,0,-1,-1,32.23
fold2_room1_mix0122,10,4,0,0,-1,30.39
fold2_room1_mix0122,11,4,0,0,-1,31.00
fold2_room1_mix0122,12,4,0,0,-1,30.90
fold2_room1_mix0122,13,4,0,0,-1,30.32
fold2_room1_mix0122,14,4,0,1,-1,29.73
fold2_room1_mix0122,15,4,0,0,-1,29.76
fold2_room1_mix0122,16,4,0,-1,-1,27.84
fold2_room1_mix0122,17,4,0,-1,-1,28.47
fold2_room1_mix0122,18,4,0,0,-1,28.23
fold2_room1_mix0122,19,4,0,0,-1,26.64
fold2_room1_mix0122,20,4,0,0,-1,29.05
fold2_room1_mix0122,21,4,0,0,-1,26.94
fold2_room1_mix0122,22,4,0,0,-1,24.93
fold2_room1_mix0122,23,4,0,0,-1,24.26
fold2_room1_mix0122,24,4,0,0,-1,24.57
fold2_room1_mix0122,25,4,0,0,-1,24.70
fold2_room1_mix0122,26,4,0,0,-1,23.82
fold2_room1_mix0122,27,4,0,0,-1,23.16
fold2_room1_mix0122,28,4,0,0,-1,23.46
fold2_room1_mix0122,29,4,0,0,-1,21.89
fold2_room1_mix0122,30,4,0,0,-1,21.78
fold2_room1_mix0122,31,4,0,-1,-1,21.36
fold2_room1_mix0122,32,4,0,0,-2,20.59
fold2_room1_mix0122,33,4,0,0,-1,20.56
fold2_room1_mix0122,34,4,0,-1,-2,18.88
fold2_room1_mix0122,35,4,0,-1,-1,18.81
fold2_room1_mix0122,36,4,0,-1,-1,19.20
fold2_room1_mix0122,37,4,0,-2,-1,17.67
fold2_room1_mix0122,38,4,0,-2,-2,16.76
fold2_room1_mix0122,39,4,0,-3,-2,16.20
fold2_room1_mix0122,40,4,0,-3,-2,15.29
fold2_room1_mix0122,41,4,0,-2,-2,14.91
fold2_room1_mix0122,42,4,0,-4,-2,14.57
fold2_room1_mix0122,43,4,0,-4,-2,14.15
fold2_room1_mix0122,44,4,0,-3,-2,13.94
fold2_room1_mix0122,45,4,0,-4,-2,12.90
fold2_room1_mix0122,46,4,0,-4,-2,12.26
fold2_room1_mix0122,47,4,0,-4,-3,11.70
fold2_room1_mix0122,48,4,0,-4,-3,10.94
fold2_room1_mix0122,49,4,0,-5,-3,10.64
fold2_room1_mix0122,50,4,0,-5,-3,9.86
fold2_room1_mix0122,51,4,0,-5,-3,9.37
fold2_room1_mix0122,52,4,0,-6,-3,9.59
fold2_room1_mix0122,53,4,0,-7,-5,8.57
fold2_room1_mix0122,54,4,0,-9,-4,7.69
fold2_room1_mix0122,55,4,0,-8,-4,7.72
fold2_room1_mix0122,56,4,0,-10,-5,7.03
fold2_room1_mix0122,57,4,0,-12,-5,6.23
fold2_room1_mix0122,58,4,0,-12,-5,6.08
fold2_room1_mix0122,59,4,0,-14,-6,5.21
fold2_room1_mix0122,60,4,0,-14,-7,5.07
fold2_room1_mix0122,61,4,0,-17,-8,4.10
fold2_room1_mix0122,62,4,0,-19,-8,3.87
fold2_room1_mix0122,63,4,0,-21,-9,3.50
fold2_room1_mix0122,64,4,0,-25,-10,2.92
fold2_room1_mix0122,65,4,0,-27,-12,2.57
fold2_room1_mix0122,66,4,0,-35,-14,2.19
fold2_room1_mix0122,67,4,0,-42,-17,1.73
fold2_room1_mix0122,68,4,0,-52,-21,1.59
fold2_room1_mix0122,69,4,0,-74,-26,1.53
fold2_room1_mix0122,70,4,0,-99,-25,1.38
fold2_room1_mix0122,71,4,0,-120,-21,1.66
fold2_room1_mix0122,72,4,0,-133,-17,1.98
fold2_room1_mix0122,73,4,0,-142,-14,2.27
fold2_room1_mix0122,74,4,0,-149,-13,2.53
fold2_room1_mix0122,75,4,0,-153,-11,3.04
fold2_room1_mix0122,76,4,0,-156,-9,3.56
fold2_room1_mix0122,77,4,0,-159,-9,3.70
fold2_room1_mix0122,78,4,0,-161,-8,4.08
fold2_room1_mix0122,79,4,0,-163,-7,4.81
fold2_room1_mix0122,80,4,0,-163,-7,4.94
fold2_room1_mix0122,81,4,0,-164,-6,5.50
fold2_room1_mix0122,82,4,0,-166,-5,6.44
fold2_room1_mix0122,83,4,0,-165,-5,6.59
fold2_room1_mix0122,84,4,0,-167,-4,7.73
fold2_room1_mix0122,85,4,0,-168,-4,7.97
fold2_room1_mix0122,86,4,0,-168,-4,8.20
fold2_room1_mix0122,87,4,0,-169,-3,8.99
fold2_room1_mix0122,88,4,0,-170,-3,9.32
fold2_room1_mix0122,89,4,0,-170,-3,9.80
fold2_room1_mix0122,90,4,0,-170,-3,10.11
fold2_room1_mix0122,91,4,0,-171,-3,10.47
fold2_room1_mix0122,92,4,0,-172,-3,11.39
fold2_room1_mix0122,93,4,0,-172,-2,11.73
fold2_room1_mix0122,94,4,0,-173,-2,12.72
fold2_room1_mix0122,95,4,0,-173,-2,13.44
fold2_room1_mix0122,96,4,0,-173,-2,13.76
fold2_room1_mix0122,97,4,0,-173,-2,15.22
fold2_room1_mix0122,98,4,0,-174,-2,14.82
fold2_room1_mix0122,99,4,0,-174,-2,14.24
fold2_room1_mix0123,35,1,0,-101,-3,7.31
fold2_room1_mix0123,36,1,0,-114,-4,12.42
fold2_room1_mix0123,37,1,0,-117,-3,13.03
fold2_room1_mix0123,38,1,0,-121,-4,12.77
fold2_room1_mix0123,39,1,0,-112,-3,2.86
fold2_room1_mix0123,40,1,0,-128,-4,12.68
fold2_room1_mix0123,41,1,0,-133,-3,14.48
fold2_room1_mix0123,42,1,0,-137,-3,16.38
fold2_room1_mix0123,43,1,0,-139,-2,17.69
fold2_room1_mix0123,45,1,0,-142,-2,15.95
fold2_room1_mix0123,46,1,0,-146,-2,18.06
fold2_room1_mix0123,47,1,0,-146,-2,23.53
fold2_room1_mix0123,48,1,0,-147,-2,20.29
fold2_room1_mix0123,49,1,0,-149,-2,2.86
fold2_room1_mix0123,50,1,0,-147,-2,6.93
fold2_room1_mix0123,51,1,0,-151,-2,16.01
fold2_room1_mix0123,52,1,0,-149,-2,28.93
fold2_room1_mix0123,53,1,0,-153,-2,21.97
fold2_room1_mix0123,54,1,0,-153,-2,7.26
fold2_room1_mix0123,56,1,0,-155,-2,21.21
fold2_room1_mix0123,57,1,0,-154,-2,28.42
fold2_room1_mix0123,58,4,0,-176,0,4.64
fold2_room1_mix0123,59,4,0,-179,-1,12.63
fold2_room1_mix0123,60,4,0,176,-1,12.69
fold2_room1_mix0123,61,4,0,179,-1,14.06
fold2_room1_mix0123,62,4,0,174,-2,13.91
fold2_room1_mix0123,63,4,0,172,-2,14.04
fold2_room1_mix0123,64,4,0,177,-2,14.81
fold2_room1_mix0123,65,4,0,173,-2,14.68
fold2_room1_mix0123,66,4,0,171,-2,13.87
fold2_room1_mix0123,67,4,0,171,-2,12.78
fold2_room1_mix0123,68,4,0,172,-3,11.96
fold2_room1_mix0123,69,4,0,168,-2,11.79
fold2_room1_mix0123,70,4,0,172,-3,11.54
fold2_room1_mix0123,71,4,0,170,-3,10.91
fold2_room1_mix0123,72,4,0,170,-3,10.96
fold2_room1_mix0123,73,4,0,169,-3,10.52
fold2_room1_mix0123,74,4,0,166,-4,9.44
fold2_room1_mix0123,75,4,0,168,-4,8.69
fold2_room1_mix0123,76,4,0,166,-4,7.84
fold2_room1_mix0123,77,4,0,164,-5,6.71
fold2_room1_mix0123,78,4,0,161,-6,6.01
fold2_room1_mix0123,79,4,0,161,-6,5.58
fold2_room1_mix0123,80,4,0,158,-7,4.46
fold2_room1_mix0123,81,4,0,156,-9,3.70
fold2_room1_mix0123,82,4,0,152,-10,3.33
fold2_room1_mix0123,83,4,0,145,-12,2.74
fold2_room1_mix0123,84,4,0,138,-15,2.39
fold2_room1_mix0123,85,4,0,127,-17,2.44
fold2_room1_mix0123,86,4,0,105,-20,2.20
fold2_room1_mix0123,87,4,0,121,-17,3.31
fold2_room1_mix0123,87,4,0,78,-20,2.08
fold2_room1_mix0123,88,4,0,129,-18,3.31
fold2_room1_mix0123,88,4,0,46,-14,2.58
fold2_room1_mix0123,89,4,0,47,-15,2.66
fold2_room1_mix0123,90,4,0,31,-12,2.90
fold2_room1_mix0123,91,4,0,25,-9,3.42
fold2_room1_mix0123,92,4,0,20,-8,4.29
fold2_room1_mix0123,93,4,0,18,-7,4.69
fold2_room1_mix0123,94,4,0,17,-6,5.43
fold2_room1_mix0123,95,4,0,15,-5,6.15
fold2_room1_mix0123,96,4,0,12,-4,6.66
fold2_room1_mix0123,97,4,0,12,-4,7.23
fold2_room1_mix0123,98,4,0,11,-4,7.75
fold2_room1_mix0123,99,4,0,12,-4,9.03
fold2_room1_mix0124,41,4,0,177,0,15.54
fold2_room1_mix0124,42,4,0,176,0,10.14
fold2_room1_mix0124,43,4,0,179,-1,20.41
fold2_room1_mix0124,44,4,0,179,0,22.54
fold2_room1_mix0124,45,4,0,179,0,22.16
fold2_room1_mix0124,46,4,0,-178,0,23.94
fold2_room1_mix0124,47,4,0,178,0,23.31
fold2_room1_mix0124,48,4,0,-175,0,22.04
fold2_room1_mix0124,49,4,0,-177,0,20.40
fold2_room1_mix0124,50,4,0,-175,-1,21.14
fold2_room1_mix0124,51,4,0,-179,-1,19.99
fold2_room1_mix0124,52,4,0,-175,-1,20.16
fold2_room1_mix0124,53,4,0,-178,-1,19.37
fold2_room1_mix0124,54,4,0,-178,-1,18.80
fold2_room1_mix0124,55,4,0,-177,-1,18.33
fold2_room1_mix0124,56,4,0,-176,-1,18.30
fold2_room1_mix0124,57,4,0,-175,-1,16.82
fold2_room1_mix0124,58,4,0,-174,-1,15.76
fold2_room1_mix0124,59,4,0,-176,-1,15.61
fold2_room1_mix0124,60,4,0,-174,-1,14.72
fold2_room1_mix0124,61,4,0,-173,-2,14.26
fold2_room1_mix0124,62,4,0,-175,-2,13.79
fold2_room1_mix0124,63,4,0,-176,-2,13.06
fold2_room1_mix0124,64,4,0,-175,-2,12.67
fold2_room1_mix0124,65,4,0,-172,-2,11.80
fold2_room1_mix0124,66,4,0,-171,-2,11.02
fold2_room1_mix0124,67,4,0,-172,-3,10.35
fold2_room1_mix0124,68,4,0,-170,-3,9.99
fold2_room1_mix0124,69,4,0,-171,-3,9.57
fold2_room1_mix0124,70,4,0,-169,-3,8.86
fold2_room1_mix0124,71,4,0,-171,-4,8.13
fold2_room1_mix0124,72,4,0,-168,-4,7.94
fold2_room1_mix0124,73,4,0,-168,-4,7.05
fold2_room1_mix0124,74,4,0,-166,-5,6.62
fold2_room1_mix0124,75,4,0,-164,-5,5.69
fold2_room1_mix0124,76,4,0,-163,-6,5.52
fold2_room1_mix0124,77,4,0,-161,-7,4.45
fold2_room1_mix0124,78,4,0,-158,-8,4.21
fold2_room1_mix0124,79,4,0,-156,-9,3.32
fold2_room1_mix0124,80,4,0,-152,-11,2.83
fold2_room1_mix0124,81,4,0,-145,-13,2.13
fold2_room1_mix0124,82,4,0,-135,-16,1.77
fold2_room1_mix0124,83,4,0,-111,-22,1.28
fold2_room1_mix0124,84,4,0,-80,-23,1.25
fold2_room1_mix0124,85,4,0,-51,-16,1.53
fold2_room1_mix0124,86,4,0,-36,-13,1.81
fold2_room1_mix0124,87,4,0,-29,-10,2.55
fold2_room1_mix0124,88,4,0,-25,-9,3.12
fold2_room1_mix0124,89,4,0,-19,-7,3.45
fold2_room1_mix0124,90,4,0,-15,-6,4.25
fold2_room1_mix0124,91,4,0,-12,-6,4.65
fold2_room1_mix0124,92,4,0,-10,-5,5.45
fold2_room1_mix0124,93,4,0,-10,-5,5.61
fold2_room1_mix0124,94,4,0,-7,-4,7.03
fold2_room1_mix0124,95,4,0,-7,-4,7.17
fold2_room1_mix0124,96,4,0,-5,-4,7.71
fold2_room1_mix0124,97,4,0,-6,-3,8.31
fold2_room1_mix0124,98,4,0,-5,-3,9.70
fold2_room1_mix0124,99,4,0,-5,-3,9.52
fold2_room1_mix0125,45,4,0,-151,-1,4.61
fold2_room1_mix0125,46,4,0,-145,-1,10.56
fold2_room1_mix0125,47,4,0,-144,-1,6.54
fold2_room1_mix0125,48,4,0,-141,-2,11.68
fold2_room1_mix0125,49,4,0,-142,-1,13.77
fold2_room1_mix0125,50,4,0,-139,-2,14.87
fold2_room1_mix0125,51,4,0,-138,-1,14.53
fold2_room1_mix0125,52,4,0,-137,-1,14.65
fold2_room1_mix0125,53,4,0,-133,-1,15.12
fold2_room1_mix0125,54,4,0,-129,-2,14.38
fold2_room1_mix0125,55,4,0,-125,-1,14.05
fold2_room1_mix0125,56,4,0,-125,-2,13.77
fold2_room1_mix0125,57,4,0,-124,-2,13.71
fold2_room1_mix0125,58,4,0,-121,-2,13.64
fold2_room1_mix0125,59,4,0,-123,-2,13.52
fold2_room1_mix0125,60,4,0,-121,-2,13.34
fold2_room1_mix0125,61,4,0,-119,-2,12.99
fold2_room1_mix0125,62,4,0,-117,-2,12.84
fold2_room1_mix0125,63,4,0,-113,-2,12.63
fold2_room1_mix0125,64,4,0,-114,-2,12.18
fold2_room1_mix0125,65,4,0,-112,-2,12.01
fold2_room1_mix0125,66,4,0,-107,-3,11.63
fold2_room1_mix0125,67,4,0,-106,-3,11.67
fold2_room1_mix0125,68,4,0,-102,-3,11.52
fold2_room1_mix0125,69,4,0,-100,-3,11.47
fold2_room1_mix0125,70,4,0,-97,-3,11.55
fold2_room1_mix0125,71,4,0,-96,-3,11.31
fold2_room1_mix0125,72,4,0,-92,-2,11.63
fold2_room1_mix0125,73,4,0,-89,-3,11.22
fold2_room1_mix0125,74,4,0,-88,-3,11.52
fold2_room1_mix0125,75,4,0,-84,-3,11.55
fold2_room1_mix0125,76,4,0,-79,-3,11.48
fold2_room1_mix0125,77,4,0,-77,-3,11.48
fold2_room1_mix0125,78,4,0,-76,-3,11.81
fold2_room1_mix0125,79,4,0,-75,-2,12.11
fold2_room1_mix0125,80,4,0,-73,-2,12.09
fold2_room1_mix0125,81,4,0,-72,-3,12.74
fold2_room1_mix0125,82,4,0,-72,-2,12.95
fold2_room1_mix0125,83,4,0,-69,-2,13.10
fold2_room1_mix0125,84,4,0,-68,-2,13.29
fold2_room1_mix0125,85,4,0,-65,-3,13.79
fold2_room1_mix0125,86,4,0,-63,-3,13.64
fold2_room1_mix0125,87,4,0,-61,-2,14.73
fold2_room1_mix0125,88,4,0,-58,-2,14.80
fold2_room1_mix0125,89,4,0,-59,-2,15.01
fold2_room1_mix0125,90,4,0,-56,-2,15.49
fold2_room1_mix0125,91,4,0,-55,-2,15.62
fold2_room1_mix0125,92,4,0,-55,-2,14.94
fold2_room1_mix0125,93,4,0,-51,-2,15.47
fold2_room1_mix0125,94,4,0,-50,-2,16.41
fold2_room1_mix0125,95,4,0,-49,-1,16.70
fold2_room1_mix0125,96,4,0,-47,-1,16.10
fold2_room1_mix0125,97,4,0,-44,-1,16.71
fold2_room1_mix0125,98,4,0,-47,-2,11.70
fold2_room1_mix0125,99,4,0,-48,-1,10.47
fold2_room1_mix0126,12,0,0,-5,0,3.56
fold2_room1_mix0126,13,0,0,-5,0,21.46
fold2_room1_mix0126,14,0,0,-3,0,93.32
fold2_room1_mix0126,14,5,0,-12,5,3.66
fold2_room1_mix0126,15,0,0,-2,0,56.17
fold2_room1_mix0126,16,0,0,0,0,178.67
fold2_room1_mix0126,17,0,0,-2,0,148.77
fold2_room1_mix0126,18,0,0,0,0,168.50
fold2_room1_mix0126,19,0,0,1,0,216.81
fold2_room1_mix0126,20,0,0,0,0,155.09
fold2_room1_mix0126,21,0,0,0,0,183.75
fold2_room1_mix0126,22,0,0,1,0,183.07
fold2_room1_mix0126,23,0,0,1,0,165.25
fold2_room1_mix0126,24,0,0,0,0,165.26
fold2_room1_mix0126,25,0,0,1,0,160.66
fold2_room1_mix0126,26,0,0,1,0,119.37
fold2_room1_mix0126,27,0,0,0,0,127.98
fold2_room1_mix0126,28,0,0,0,0,116.31
fold2_room1_mix0126,29,0,0,0,0,162.17
fold2_room1_mix0126,30,0,0,0,0,132.62
fold2_room1_mix0126,30,5,0,-13,8,2.76
fold2_room1_mix0126,31,0,0,0,0,25.58
fold2_room1_mix0126,32,0,0,0,0,73.61
fold2_room1_mix0126,46,0,0,0,0,5.70
fold2_room1_mix0126,49,0,0,1,0,10.00
fold2_room1_mix0126,49,4,0,-21,-3,2.54
fold2_room1_mix0126,50,0,0,2,0,3.68
fold2_room1_mix0126,50,4,0,-13,-2,8.15
fold2_room1_mix0126,51,0,0,3,0,6.18
fold2_room1_mix0126,51,4,0,-15,-1,5.33
fold2_room1_mix0126,52,0,0,4,0,4.31
fold2_room1_mix0126,52,4,0,-10,-3,8.01
fold2_room1_mix0126,53,0,0,3,0,16.37
fold2_room1_mix0126,53,4,0,-17,-3,9.94
fold2_room1_mix0126,54,0,0,3,0,8.27
fold2_room1_mix0126,54,4,0,-20,-4,9.43
fold2_room1_mix0126,55,0,0,2,0,3.38
fold2_room1_mix0126,55,4,0,-24,-4,9.78
fold2_room1_mix0126,56,0,0,3,0,48.02
fold2_room1_mix0126,56,4,0,-22,-5,8.84
fold2_room1_mix0126,57,0,0,1,0,3.31
fold2_room1_mix0126,57,4,0,-26,-5,7.82
fold2_room1_mix0126,58,0,0,3,0,10.09
fold2_room1_mix0126,58,4,0,-32,-5,6.70
fold2_room1_mix0126,59,0,0,2,0,15.57
fold2_room1_mix0126,59,4,0,-39,-7,5.43
fold2_room1_mix0126,60,0,0,1,0,5.38
fold2_room1_mix0126,60,4,0,-50,-10,4.30
fold2_room1_mix0126,61,0,0,2,0,21.84
fold2_room1_mix0126,61,4,0,-63,-10,3.98
fold2_room1_mix0126,62,0,0,3,0,17.94
fold2_room1_mix0126,62,4,0,-81,-11,3.67
fold2_room1_mix0126,63,4,0,-95,-11,3.41
fold2_room1_mix0126,64,0,0,2,0,8.40
fold2_room1_mix0126,64,4,0,-112,-9,3.82
fold2_room1_mix0126,65,4,0,-124,-7,4.54
fold2_room1_mix0126,66,4,0,-135,-5,4.78
fold2_room1_mix0126,67,4,0,-142,-4,5.76
fold2_room1_mix0126,68,0,0,1,0,6.25
fold2_room1_mix0126,68,4,0,-146,-4,6.30
fold2_room1_mix0126,69,0,0,0,0,11.39
fold2_room1_mix0126,69,4,0,-150,-3,7.43
fold2_room1_mix0126,70,4,0,-154,-2,8.59
fold2_room1_mix0126,71,4,0,-158,-2,9.07
fold2_room1_mix0126,72,0,0,1,0,8.51
fold2_room1_mix0126,72,4,0,-160,-2,10.24
fold2_room1_mix0126,73,4,0,-161,-2,10.47
fold2_room1_mix0126,74,4,0,-164,-1,11.43
fold2_room1_mix0126,75,4,0,-162,-1,11.85
fold2_room1_mix0126,76,4,0,-167,-1,11.79
fold2_room1_mix0126,77,4,0,-171,0,4.85
fold2_room1_mix0126,78,4,0,-171,0,7.51
fold2_room1_mix0126,79,4,0,-169,0,6.06
fold2_room1_mix0126,80,4,0,-171,0,12.88
fold2_room1_mix0126,33,0,0,0,0,3.13
fold2_room1_mix0127,3,4,0,175,0,3.62
fold2_room1_mix0127,4,4,0,172,-1,12.21
fold2_room1_mix0127,5,4,0,172,0,15.85
fold2_room1_mix0127,6,4,0,172,0,16.08
fold2_room1_mix0127,7,4,0,172,-1,21.42
fold2_room1_mix0127,8,4,0,173,-1,22.63
fold2_room1_mix0127,9,4,0,172,-1,21.36
fold2_room1_mix0127,10,4,0,172,-1,19.73
fold2_room1_mix0127,11,4,0,171,0,19.73
fold2_room1_mix0127,12,4,0,172,0,19.37
fold2_room1_mix0127,13,4,0,172,-1,19.93
fold2_room1_mix0127,14,4,0,171,0,19.47
fold2_room1_mix0127,15,4,0,172,-1,20.09
fold2_room1_mix0127,16,4,0,171,-1,18.51
fold2_room1_mix0127,17,4,0,171,-1,19.11
fold2_room1_mix0127,18,4,0,173,-1,19.92
fold2_room1_mix0127,19,4,0,173,-1,19.23
fold2_room1_mix0127,20,4,0,172,-1,19.45
fold2_room1_mix0127,21,4,0,172,-1,19.65
fold2_room1_mix0127,22,4,0,172,-1,18.58
fold2_room1_mix0127,23,4,0,171,-1,18.63
fold2_room1_mix0127,24,4,0,172,-1,18.89
fold2_room1_mix0127,25,4,0,173,-1,18.12
fold2_room1_mix0127,26,4,0,172,-1,18.21
fold2_room1_mix0127,27,4,0,172,-1,18.64
fold2_room1_mix0127,28,4,0,172,-1,17.90
fold2_room1_mix0127,29,4,0,171,-1,16.77
fold2_room1_mix0127,30,4,0,173,-2,18.51
fold2_room1_mix0127,31,4,0,173,-2,17.16
fold2_room1_mix0127,32,0,0,-167,-1,3.76
fold2_room1_mix0127,32,4,0,173,-2,17.73
fold2_room1_mix0127,33,0,0,-169,-2,4.17
fold2_room1_mix0127,33,4,0,173,-2,16.92
fold2_room1_mix0127,34,0,0,-168,-2,8.23
fold2_room1_mix0127,34,4,0,174,-2,16.13
fold2_room1_mix0127,35,0,0,-168,-2,9.76
fold2_room1_mix0127,35,4,0,172,-2,16.17
fold2_room1_mix0127,36,0,0,-160,-2,13.03
fold2_room1_mix0127,36,4,0,172,-2,16.22
fold2_room1_mix0127,37,0,0,-158,-2,13.03
fold2_room1_mix0127,37,4,0,171,-2,15.32
fold2_room1_mix0127,38,0,0,-155,-2,14.17
fold2_room1_mix0127,38,4,0,171,-2,16.08
fold2_room1_mix0127,39,0,0,-152,-3,13.26
fold2_room1_mix0127,39,4,0,169,-2,15.27
fold2_room1_mix0127,40,0,0,-151,-3,13.46
fold2_room1_mix0127,40,4,0,170,-2,15.11
fold2_room1_mix0127,41,0,0,-149,-3,12.27
fold2_room1_mix0127,41,4,0,170,-3,14.36
fold2_room1_mix0127,42,0,0,-145,-3,13.13
fold2_room1_mix0127,42,4,0,170,-3,14.38
fold2_room1_mix0127,43,0,0,-144,-3,12.35
fold2_room1_mix0127,43,4,0,169,-3,14.02
fold2_room1_mix0127,44,0,0,-142,-3,12.32
fold2_room1_mix0127,44,4,0,170,-3,14.38
fold2_room1_mix0127,45,0,0,-139,-4,12.06
fold2_room1_mix0127,45,4,0,176,-3,15.70
fold2_room1_mix0127,45,4,0,159,-3,12.95
fold2_room1_mix0127,46,0,0,-136,-4,10.81
fold2_room1_mix0127,46,4,0,177,-3,15.56
fold2_room1_mix0127,46,4,0,158,-3,12.66
fold2_room1_mix0127,47,0,0,-134,-4,10.13
fold2_room1_mix0127,47,4,0,176,-3,14.80
fold2_room1_mix0127,47,4,0,157,-2,12.92
fold2_room1_mix0127,48,0,0,-127,-4,10.29
fold2_room1_mix0127,48,4,0,175,-4,13.02
fold2_room1_mix0127,48,4,0,153,-2,12.70
fold2_room1_mix0127,49,0,0,-122,-5,9.65
fold2_room1_mix0127,49,4,0,174,-4,12.74
fold2_room1_mix0127,49,4,0,151,-2,12.00
fold2_room1_mix0127,50,0,0,-109,-6,8.19
fold2_room1_mix0127,50,4,0,173,-4,12.86
fold2_room1_mix0127,50,4,0,152,-3,11.11
fold2_room1_mix0127,51,0,0,-111,-6,8.20
fold2_room1_mix0127,51,4,0,171,-4,11.74
fold2_room1_mix0127,51,4,0,149,-3,11.33
fold2_room1_mix0127,52,0,0,-104,-6,9.09
fold2_room1_mix0127,52,4,0,169,-4,11.49
fold2_room1_mix0127,52,4,0,147,-3,11.02
fold2_room1_mix0127,53,0,0,-95,-6,7.58
fold2_room1_mix0127,53,4,0,166,-4,11.33
fold2_room1_mix0127,53,4,0,148,-4,10.28
fold2_room1_mix0127,54,0,0,-90,-6,7.99
fold2_room1_mix0127,54,4,0,168,-4,11.66
fold2_room1_mix0127,54,4,0,146,-3,10.94
fold2_room1_mix0127,55,0,0,-87,-6,7.51
fold2_room1_mix0127,55,4,0,164,-4,10.22
fold2_room1_mix0127,55,4,0,145,-3,9.97
fold2_room1_mix0127,56,0,0,-75,-6,7.99
fold2_room1_mix0127,56,4,0,163,-4,9.71
fold2_room1_mix0127,56,4,0,143,-3,9.37
fold2_room1_mix0127,57,0,0,-73,-6,8.26
fold2_room1_mix0127,57,4,0,163,-5,9.61
fold2_room1_mix0127,57,4,0,142,-4,9.38
fold2_room1_mix0127,58,0,0,-64,-5,8.90
fold2_room1_mix0127,58,4,0,163,-4,9.97
fold2_room1_mix0127,58,4,0,142,-3,9.47
fold2_room1_mix0127,59,0,0,-60,-5,9.45
fold2_room1_mix0127,59,4,0,163,-5,9.07
fold2_room1_mix0127,59,4,0,143,-4,8.96
fold2_room1_mix0127,60,0,0,-54,-4,10.44
fold2_room1_mix0127,60,4,0,163,-5,9.30
fold2_room1_mix0127,60,4,0,143,-3,9.31
fold2_room1_mix0127,61,0,0,-50,-4,10.51
fold2_room1_mix0127,61,4,0,161,-6,7.65
fold2_room1_mix0127,61,4,0,142,-4,8.09
fold2_room1_mix0127,62,0,0,-44,-4,11.55
fold2_room1_mix0127,62,4,0,160,-5,7.98
fold2_room1_mix0127,62,4,0,142,-4,8.31
fold2_room1_mix0127,63,0,0,-51,-4,10.77
fold2_room1_mix0127,63,4,0,158,-6,7.07
fold2_room1_mix0127,63,4,0,139,-3,8.16
fold2_room1_mix0127,64,0,0,-62,-4,10.28
fold2_room1_mix0127,64,4,0,163,-7,5.86
fold2_room1_mix0127,64,4,0,139,-2,9.68
fold2_room1_mix0127,65,0,0,-65,-4,11.33
fold2_room1_mix0127,65,4,0,163,-7,5.57
fold2_room1_mix0127,65,4,0,137,-2,10.33
fold2_room1_mix0127,66,4,0,177,-8,4.88
fold2_room1_mix0127,66,4,0,160,-6,5.88
fold2_room1_mix0127,66,4,0,135,-1,11.46
fold2_room1_mix0127,67,4,0,-179,-8,4.44
fold2_room1_mix0127,67,4,0,157,-6,5.58
fold2_room1_mix0127,67,4,0,132,0,11.40
fold2_room1_mix0127,68,4,0,-174,-7,4.96
fold2_room1_mix0127,68,4,0,160,-7,5.22
fold2_room1_mix0127,68,4,0,129,-2,9.07
fold2_room1_mix0127,69,4,0,168,-7,5.15
fold2_room1_mix0127,69,4,0,126,-2,9.65
fold2_room1_mix0127,70,4,0,170,-7,4.83
fold2_room1_mix0127,70,4,0,118,-2,9.85
fold2_room1_mix0127,71,4,0,171,-7,5.21
fold2_room1_mix0127,71,4,0,118,-3,7.90
fold2_room1_mix0127,72,4,0,169,-8,4.43
fold2_room1_mix0127,72,4,0,117,-3,8.64
fold2_room1_mix0127,73,4,0,179,-9,4.07
fold2_room1_mix0127,73,4,0,164,-8,4.13
fold2_room1_mix0127,73,4,0,109,-3,8.67
fold2_room1_mix0127,74,0,0,-148,-1,6.40
fold2_room1_mix0127,74,4,0,175,-8,3.91
fold2_room1_mix0127,74,4,0,159,-8,3.65
fold2_room1_mix0127,74,4,0,108,-3,8.09
fold2_room1_mix0127,75,0,0,-149,-1,5.72
fold2_room1_mix0127,75,4,0,165,-9,3.49
fold2_room1_mix0127,75,4,0,104,-4,7.37
fold2_room1_mix0127,76,0,0,-152,-1,6.32
fold2_room1_mix0127,76,4,0,165,-9,3.43
fold2_room1_mix0127,76,4,0,103,-4,7.45
fold2_room1_mix0127,77,0,0,-150,-1,7.93
fold2_room1_mix0127,77,4,0,174,-9,3.42
fold2_room1_mix0127,77,4,0,158,-9,3.00
fold2_room1_mix0127,77,4,0,88,-2,9.07
fold2_room1_mix0127,78,0,0,-152,-1,6.82
fold2_room1_mix0127,78,4,0,-174,-10,3.41
fold2_room1_mix0127,78,4,0,152,-11,2.56
fold2_room1_mix0127,78,4,0,85,-4,7.36
fold2_room1_mix0127,79,0,0,-143,-1,10.01
fold2_room1_mix0127,79,4,0,-160,-10,3.24
fold2_room1_mix0127,79,4,0,129,-12,3.11
fold2_room1_mix0127,79,4,0,89,-6,5.55
fold2_room1_mix0127,80,0,0,-140,-2,9.24
fold2_room1_mix0127,80,4,0,-160,-12,2.61
fold2_room1_mix0127,80,4,0,148,-13,2.61
fold2_room1_mix0127,80,4,0,77,-4,6.14
fold2_room1_mix0127,81,0,0,-144,-1,9.94
fold2_room1_mix0127,81,4,0,-153,-12,2.70
fold2_room1_mix0127,81,4,0,135,-14,3.11
fold2_room1_mix0127,81,4,0,88,-6,5.18
fold2_room1_mix0127,82,0,0,-129,-2,11.42
fold2_room1_mix0127,82,4,0,-143,-17,1.93
fold2_room1_mix0127,82,4,0,108,-16,2.86
fold2_room1_mix0127,82,4,0,80,-6,5.37
fold2_room1_mix0127,83,0,0,-120,-3,12.65
fold2_room1_mix0127,83,4,0,-128,-22,1.25
fold2_room1_mix0127,83,4,0,73,-9,4.77
fold2_room1_mix0127,84,4,0,-96,-33,0.43
fold2_room1_mix0127,84,4,0,85,-6,5.02
fold2_room1_mix0127,85,4,0,-70,-30,0.60
fold2_room1_mix0127,85,4,0,-44,-32,1.80
fold2_room1_mix0127,85,4,0,55,-4,6.93
fold2_room1_mix0127,86,4,0,-50,-26,0.73
fold2_room1_mix0127,86,4,0,9,-20,2.64
fold2_room1_mix0127,86,4,0,47,0,8.80
fold2_room1_mix0127,87,0,0,-32,-1,19.67
fold2_room1_mix0127,87,4,0,37,-19,2.58
fold2_room1_mix0127,87,4,0,6,-15,2.55
fold2_room1_mix0127,87,4,0,30,-5,5.56
fold2_room1_mix0127,88,0,0,-33,-1,17.71
fold2_room1_mix0127,88,4,0,49,-11,3.86
fold2_room1_mix0127,88,4,0,-13,-13,2.54
fold2_room1_mix0127,88,4,0,14,-8,4.19
fold2_room1_mix0127,89,0,0,-28,-1,14.51
fold2_room1_mix0127,89,4,0,51,-10,4.07
fold2_room1_mix0127,89,4,0,7,-8,4.05
fold2_room1_mix0127,90,0,0,-39,-2,12.39
fold2_room1_mix0127,90,4,0,51,-11,3.45
fold2_room1_mix0127,90,4,0,11,-6,4.90
fold2_room1_mix0127,91,4,0,45,-9,3.82
fold2_room1_mix0127,91,4,0,4,-6,5.60
fold2_room1_mix0127,92,4,0,48,-9,4.33
fold2_room1_mix0127,92,4,0,0,-6,5.34
fold2_room1_mix0127,93,4,0,51,-7,5.26
fold2_room1_mix0127,93,4,0,1,-5,5.96
fold2_room1_mix0127,94,4,0,47,-9,4.28
fold2_room1_mix0127,94,4,0,2,-5,6.14
fold2_room1_mix0127,95,4,0,48,-7,5.90
fold2_room1_mix0127,95,4,0,1,-5,6.58
fold2_room1_mix0127,96,4,0,42,-6,5.76
fold2_room1_mix0127,96,4,0,1,-4,6.99
fold2_room1_mix0127,97,4,0,40,-5,6.86
fold2_room1_mix0127,97,4,0,2,-4,7.99
fold2_room1_mix0127,98,4,0,37,-6,6.01
fold2_room1_mix0127,98,4,0,1,-4,8.04
fold2_room1_mix0127,99,4,0,40,-6,6.37
fold2_room1_mix0127,99,4,0,1,-4,7.79
fold2_room1_mix0128,4,4,0,-179,0,3.26
fold2_room1_mix0128,5,4,0,177,0,3.61
fold2_room1_mix0128,6,4,0,-179,-1,7.71
fold2_room1_mix0128,7,4,0,-178,-1,11.00
fold2_room1_mix0128,8,4,0,-176,-2,10.04
fold2_room1_mix0128,9,4,0,-173,-2,11.73
fold2_room1_mix0128,10,4,0,-174,-2,12.19
fold2_room1_mix0128,11,4,0,-175,-2,11.85
fold2_room1_mix0128,12,4,0,-173,-2,12.25
fold2_room1_mix0128,13,4,0,-176,-1,11.29
fold2_room1_mix0128,14,4,0,-174,-2,10.57
fold2_room1_mix0128,15,4,0,-174,-2,11.42
fold2_room1_mix0128,16,4,0,-172,-2,11.15
fold2_room1_mix0128,17,4,0,-173,-2,11.21
fold2_room1_mix0128,18,4,0,-171,-2,10.60
fold2_room1_mix0128,19,4,0,-170,-2,10.32
fold2_room1_mix0128,20,4,0,-168,-3,10.29
fold2_room1_mix0128,21,4,0,-168,-3,9.74
fold2_room1_mix0128,22,4,0,-167,-3,9.94
fold2_room1_mix0128,23,4,0,-167,-3,9.19
fold2_room1_mix0128,24,4,0,-168,-3,8.58
fold2_room1_mix0128,25,4,0,-166,-3,8.84
fold2_room1_mix0128,26,4,0,-166,-3,8.18
fold2_room1_mix0128,27,4,0,-167,-4,7.98
fold2_room1_mix0128,28,4,0,-163,-4,7.45
fold2_room1_mix0128,29,4,0,-164,-4,7.34
fold2_room1_mix0128,30,4,0,-167,-4,7.20
fold2_room1_mix0128,31,4,0,-165,-4,6.77
fold2_room1_mix0128,32,4,0,-163,-4,6.65
fold2_room1_mix0128,33,4,0,-163,-5,5.54
fold2_room1_mix0128,33,4,0,-16,-5,12.68
fold2_room1_mix0128,34,4,0,-163,-6,5.18
fold2_room1_mix0128,34,4,0,-7,-4,12.84
fold2_room1_mix0128,35,4,0,-159,-5,5.23
fold2_room1_mix0128,36,4,0,-158,-6,5.24
fold2_room1_mix0128,36,4,0,2,-4,12.96
fold2_room1_mix0128,37,4,0,-159,-6,4.71
fold2_room1_mix0128,37,4,0,1,-4,11.25
fold2_room1_mix0128,38,4,0,-157,-7,4.67
fold2_room1_mix0128,38,4,0,-1,-6,10.39
fold2_room1_mix0128,39,4,0,-154,-7,4.88
fold2_room1_mix0128,39,4,0,7,-5,10.82
fold2_room1_mix0128,40,4,0,-157,-8,4.22
fold2_room1_mix0128,40,4,0,2,-5,10.86
fold2_room1_mix0128,41,4,0,-151,-7,4.09
fold2_room1_mix0128,41,4,0,8,-4,11.08
fold2_room1_mix0128,42,4,0,-150,-8,4.32
fold2_room1_mix0128,42,4,0,10,-4,12.16
fold2_room1_mix0128,43,4,0,-148,-6,4.18
fold2_room1_mix0128,43,4,0,-6,-14,5.00
fold2_room1_mix0128,43,4,0,10,-4,9.48
fold2_room1_mix0128,44,4,0,-144,-11,3.31
fold2_room1_mix0128,44,4,0,14,-9,6.26
fold2_room1_mix0128,45,4,0,-140,-11,3.04
fold2_room1_mix0128,45,4,0,5,-8,6.51
fold2_room1_mix0128,46,4,0,-139,-11,3.09
fold2_room1_mix0128,46,4,0,17,-8,5.57
fold2_room1_mix0128,47,4,0,-130,-14,2.47
fold2_room1_mix0128,47,4,0,19,-7,5.97
fold2_room1_mix0128,48,4,0,-128,-15,2.56
fold2_room1_mix0128,48,4,0,25,-8,5.28
fold2_room1_mix0128,49,4,0,-117,-19,1.85
fold2_room1_mix0128,49,4,0,22,-11,5.08
fold2_room1_mix0128,50,4,0,-105,-22,1.82
fold2_room1_mix0128,50,4,0,-58,-16,3.98
fold2_room1_mix0128,50,4,0,58,-11,4.79
fold2_room1_mix0128,51,4,0,-105,-25,1.78
fold2_room1_mix0128,51,4,0,-75,-20,2.77
fold2_room1_mix0128,51,4,0,57,-10,5.80
fold2_room1_mix0128,52,4,0,-110,-20,3.14
fold2_room1_mix0128,52,4,0,-78,-20,2.54
fold2_room1_mix0128,52,4,0,81,-10,6.04
fold2_room1_mix0128,53,4,0,-141,-19,3.56
fold2_room1_mix0128,53,4,0,-77,-17,2.34
fold2_room1_mix0128,53,4,0,78,-11,5.36
fold2_room1_mix0128,54,4,0,145,-10,4.43
fold2_room1_mix0128,54,4,0,-74,-18,1.65
fold2_room1_mix0128,54,4,0,-16,-18,4.13
fold2_room1_mix0128,55,4,0,159,-7,6.14
fold2_room1_mix0128,55,4,0,-75,-17,2.34
fold2_room1_mix0128,55,4,0,-32,-20,3.95
fold2_room1_mix0128,56,4,0,164,-8,5.63
fold2_room1_mix0128,56,4,0,-64,-16,2.09
fold2_room1_mix0128,56,4,0,-15,-19,4.24
fold2_room1_mix0128,57,4,0,158,-4,6.53
fold2_room1_mix0128,57,4,0,-75,-16,2.42
fold2_room1_mix0128,57,4,0,-30,-11,4.39
fold2_room1_mix0128,58,4,0,168,-6,6.28
fold2_room1_mix0128,58,4,0,-68,-16,2.32
fold2_room1_mix0128,58,4,0,-12,-8,6.45
fold2_room1_mix0128,59,4,0,173,-6,6.75
fold2_room1_mix0128,59,4,0,-71,-17,2.00
fold2_room1_mix0128,59,4,0,-16,-9,5.74
fold2_room1_mix0128,60,4,0,-172,-6,6.64
fold2_room1_mix0128,60,4,0,-65,-16,2.53
fold2_room1_mix0128,60,4,0,-23,-9,5.22
fold2_room1_mix0128,61,4,0,-158,-7,6.17
fold2_room1_mix0128,61,4,0,-62,-13,2.31
fold2_room1_mix0128,61,4,0,-23,-8,6.34
fold2_room1_mix0128,62,4,0,-175,-6,7.18
fold2_room1_mix0128,62,4,0,-57,-15,1.87
fold2_room1_mix0128,62,4,0,-14,-8,6.62
fold2_room1_mix0128,63,4,0,-177,-5,9.33
fold2_room1_mix0128,63,4,0,-54,-13,2.81
fold2_room1_mix0128,63,4,0,-24,-9,5.79
fold2_room1_mix0128,64,4,0,-153,-13,6.74
fold2_room1_mix0128,64,4,0,-43,-12,2.63
fold2_room1_mix0128,64,4,0,-12,-7,7.48
fold2_room1_mix0128,65,4,0,-172,-6,8.67
fold2_room1_mix0128,65,4,0,-37,-10,3.10
fold2_room1_mix0128,65,4,0,-11,-6,7.37
fold2_room1_mix0128,68,4,0,176,-6,9.70
fold2_room1_mix0128,68,4,0,-21,-6,6.24
fold2_room1_mix0128,70,4,0,-15,-6,7.46
fold2_room1_mix0128,71,4,0,-14,-5,8.57
fold2_room1_mix0128,72,4,0,-15,-5,8.35
fold2_room1_mix0128,73,4,0,-13,-4,9.02
fold2_room1_mix0128,74,4,0,-14,-4,9.14
fold2_room1_mix0128,75,4,0,-14,-5,9.43
fold2_room1_mix0128,76,4,0,-13,-4,9.09
fold2_room1_mix0128,77,4,0,-14,-4,9.59
fold2_room1_mix0128,78,4,0,-11,-4,9.78
fold2_room1_mix0128,79,4,0,-12,-4,9.48
fold2_room1_mix0128,80,4,0,-14,-4,10.07
fold2_room1_mix0128,81,4,0,-12,-4,10.35
fold2_room1_mix0128,82,4,0,-12,-4,10.09
fold2_room1_mix0128,83,4,0,-12,-4,10.13
fold2_room1_mix0128,84,4,0,-12,-4,10.11
fold2_room1_mix0128,85,4,0,-12,-4,10.00
fold2_room1_mix0128,86,4,0,-15,-3,9.48
fold2_room1_mix0128,87,4,0,-12,-3,11.57
fold2_room1_mix0128,88,4,0,-12,-4,6.33
fold2_room1_mix0128,89,4,0,-12,-3,4.72
fold2_room1_mix0128,90,4,0,-10,-2,8.66
fold2_room1_mix0128,66,4,0,-31,-8,3.90
fold2_room1_mix0128,66,4,0,-12,-6,7.28
fold2_room1_mix0128,67,4,0,-30,-8,4.04
fold2_room1_mix0128,67,4,0,-11,-5,7.97
fold2_room1_mix0128,69,4,0,-27,-7,5.02
fold2_room1_mix0128,69,4,0,-12,-4,8.33
fold2_room1_mix0129,1,4,0,-1,0,2.03
fold2_room1_mix0129,4,4,0,3,-1,13.72
fold2_room1_mix0129,5,4,0,2,-1,16.15
fold2_room1_mix0129,6,4,0,1,-1,19.31
fold2_room1_mix0129,7,4,0,3,-2,26.90
fold2_room1_mix0129,10,4,0,175,-1,32.78
fold2_room1_mix0129,10,4,0,3,-1,26.57
fold2_room1_mix0129,11,4,0,176,-2,30.45
fold2_room1_mix0129,11,4,0,2,-2,26.20
fold2_room1_mix0129,12,4,0,178,-3,29.34
fold2_room1_mix0129,12,4,0,2,-1,27.07
fold2_room1_mix0129,13,4,0,179,-1,30.59
fold2_room1_mix0129,13,4,0,3,-2,26.61
fold2_room1_mix0129,14,4,0,179,-1,32.09
fold2_room1_mix0129,14,4,0,2,-2,26.10
fold2_room1_mix0129,15,4,0,179,-1,33.60
fold2_room1_mix0129,15,4,0,3,-2,24.63
fold2_room1_mix0129,16,4,0,179,0,32.87
fold2_room1_mix0129,16,4,0,1,-1,23.79
fold2_room1_mix0129,17,4,0,178,0,32.30
fold2_room1_mix0129,17,4,0,2,-1,23.74
fold2_room1_mix0129,18,4,0,178,-1,30.89
fold2_room1_mix0129,18,4,0,2,-2,22.70
fold2_room1_mix0129,19,4,0,-179,0,31.34
fold2_room1_mix0129,19,4,0,2,-2,21.83
fold2_room1_mix0129,20,4,0,-179,0,31.34
fold2_room1_mix0129,20,4,0,2,-2,21.28
fold2_room1_mix0129,21,4,0,-179,-1,27.49
fold2_room1_mix0129,21,4,0,1,-2,19.50
fold2_room1_mix0129,23,4,0,178,0,34.00
fold2_room1_mix0129,23,4,0,2,-2,18.03
fold2_room1_mix0129,25,4,0,-179,-1,25.50
fold2_room1_mix0129,25,4,0,1,-2,16.90
fold2_room1_mix0129,26,4,0,-178,0,29.98
fold2_room1_mix0129,26,4,0,1,-2,15.85
fold2_room1_mix0129,27,4,0,-179,0,27.33
fold2_room1_mix0129,27,4,0,1,-3,14.29
fold2_room1_mix0129,28,4,0,-178,-1,25.37
fold2_room1_mix0129,28,4,0,2,-3,14.50
fold2_room1_mix0129,29,4,0,-179,0,29.06
fold2_room1_mix0129,29,4,0,1,-3,13.49
fold2_room1_mix0129,30,4,0,-179,0,24.73
fold2_room1_mix0129,30,4,0,1,-3,12.52
fold2_room1_mix0129,31,4,0,-179,0,28.16
fold2_room1_mix0129,31,4,0,2,-3,12.47
fold2_room1_mix0129,32,4,0,-178,0,25.15
fold2_room1_mix0129,32,4,0,2,-4,10.85
fold2_room1_mix0129,33,4,0,-179,0,27.15
fold2_room1_mix0129,33,4,0,1,-4,10.90
fold2_room1_mix0129,34,4,0,179,0,26.07
fold2_room1_mix0129,34,4,0,2,-4,10.15
fold2_room1_mix0129,35,4,0,179,0,26.60
fold2_room1_mix0129,35,4,0,2,-5,8.37
fold2_room1_mix0129,37,4,0,177,1,28.82
fold2_room1_mix0129,37,4,0,1,-6,6.45
fold2_room1_mix0129,38,4,0,175,0,21.61
fold2_room1_mix0129,38,4,0,4,-6,6.44
fold2_room1_mix0129,39,4,0,173,1,30.03
fold2_room1_mix0129,39,4,0,4,-7,5.09
fold2_room1_mix0129,40,4,0,174,2,27.77
fold2_room1_mix0129,40,4,0,7,-7,4.61
fold2_room1_mix0129,41,4,0,172,3,27.97
fold2_room1_mix0129,41,4,0,11,-9,3.25
fold2_room1_mix0129,42,4,0,171,4,25.02
fold2_room1_mix0129,42,4,0,30,-10,1.35
fold2_room1_mix0129,42,4,0,13,-8,2.81
fold2_room1_mix0129,43,4,0,164,1,14.40
fold2_room1_mix0129,43,4,0,86,-17,0.51
fold2_room1_mix0129,43,4,0,19,-9,2.98
fold2_room1_mix0129,44,4,0,172,3,14.26
fold2_room1_mix0129,44,4,0,139,-9,0.71
fold2_room1_mix0129,44,4,0,10,-5,4.20
fold2_room1_mix0129,45,4,0,171,1,9.52
fold2_room1_mix0129,45,4,0,159,-7,1.91
fold2_room1_mix0129,45,4,0,3,-3,4.96
fold2_room1_mix0129,46,4,0,170,-1,7.52
fold2_room1_mix0129,46,4,0,2,-4,3.86
fold2_room1_mix0129,47,4,0,174,-1,7.81
fold2_room1_mix0129,47,4,0,2,-4,4.57
fold2_room1_mix0129,48,4,0,172,-3,6.45
fold2_room1_mix0129,48,4,0,0,-5,4.84
fold2_room1_mix0129,49,4,0,176,-2,6.65
fold2_room1_mix0129,49,4,0,0,-6,3.45
fold2_room1_mix0129,50,4,0,179,-2,6.07
fold2_room1_mix0129,50,4,0,-2,-6,2.96
fold2_room1_mix0129,51,4,0,177,-2,6.82
fold2_room1_mix0129,51,4,0,0,-7,2.99
fold2_room1_mix0129,52,4,0,176,-2,7.62
fold2_room1_mix0129,52,4,0,1,-7,3.46
fold2_room1_mix0129,53,4,0,177,-1,8.41
fold2_room1_mix0129,53,4,0,0,-7,3.28
fold2_room1_mix0129,54,4,0,176,-2,9.37
fold2_room1_mix0129,54,4,0,-1,-7,3.51
fold2_room1_mix0129,55,4,0,175,-2,10.75
fold2_room1_mix0129,55,4,0,4,-8,3.46
fold2_room1_mix0129,56,4,0,175,-2,11.25
fold2_room1_mix0129,56,4,0,2,-9,3.17
fold2_room1_mix0129,57,4,0,174,-1,12.19
fold2_room1_mix0129,57,4,0,4,-9,3.03
fold2_room1_mix0129,58,4,0,172,0,12.27
fold2_room1_mix0129,58,4,0,8,-9,2.88
fold2_room1_mix0129,59,4,0,173,0,12.59
fold2_room1_mix0129,59,4,0,12,-11,2.36
fold2_room1_mix0129,60,4,0,173,0,13.37
fold2_room1_mix0129,60,4,0,15,-12,2.09
fold2_room1_mix0129,61,4,0,172,0,12.82
fold2_room1_mix0129,61,4,0,23,-14,1.76
fold2_room1_mix0129,62,4,0,171,0,12.79
fold2_room1_mix0129,62,4,0,32,-15,1.44
fold2_room1_mix0129,63,4,0,171,0,12.56
fold2_room1_mix0129,63,4,0,46,-20,1.16
fold2_room1_mix0129,64,4,0,172,-1,12.47
fold2_room1_mix0129,64,4,0,78,-25,0.90
fold2_room1_mix0129,65,4,0,171,0,12.46
fold2_room1_mix0129,65,4,0,114,-23,1.06
fold2_room1_mix0129,66,4,0,170,-1,11.85
fold2_room1_mix0129,66,4,0,136,-18,1.21
fold2_room1_mix0129,67,4,0,170,-1,11.31
fold2_room1_mix0129,67,4,0,149,-15,1.38
fold2_room1_mix0129,68,4,0,169,-1,12.00
fold2_room1_mix0129,68,4,0,154,-14,1.62
fold2_room1_mix0129,69,4,0,166,-4,8.51
fold2_room1_mix0129,70,4,0,168,-4,9.09
fold2_room1_mix0129,71,4,0,169,-4,8.75
fold2_room1_mix0129,72,4,0,169,-4,8.32
fold2_room1_mix0129,73,4,0,170,-4,8.55
fold2_room1_mix0129,74,4,0,172,-3,8.69
fold2_room1_mix0129,75,4,0,174,-3,8.73
fold2_room1_mix0129,76,4,0,175,-4,9.07
fold2_room1_mix0129,77,4,0,176,-5,7.86
fold2_room1_mix0129,78,4,0,174,0,11.15
fold2_room1_mix0129,78,4,0,-160,-18,1.08
fold2_room1_mix0129,79,4,0,172,0,10.28
fold2_room1_mix0129,79,4,0,-100,-32,0.50
fold2_room1_mix0129,80,4,0,168,-3,8.18
fold2_room1_mix0129,80,4,0,-167,-4,5.10
fold2_room1_mix0129,80,4,0,-43,-20,0.97
fold2_room1_mix0129,81,4,0,166,-2,8.93
fold2_room1_mix0129,81,4,0,-20,-8,2.72
fold2_room1_mix0129,82,4,0,174,-2,8.31
fold2_room1_mix0129,82,4,0,-13,-9,3.12
fold2_room1_mix0129,83,4,0,177,-3,8.30
fold2_room1_mix0129,83,4,0,-9,-7,3.90
fold2_room1_mix0129,84,4,0,172,-2,11.51
fold2_room1_mix0129,84,4,0,-4,-6,4.80
fold2_room1_mix0129,85,4,0,176,-2,10.26
fold2_room1_mix0129,85,4,0,-2,-6,5.60
fold2_room1_mix0129,86,4,0,179,-2,9.92
fold2_room1_mix0129,86,4,0,-1,-4,6.64
fold2_room1_mix0129,87,4,0,176,-1,11.62
fold2_room1_mix0129,87,4,0,-1,-4,7.90
fold2_room1_mix0129,88,4,0,177,-1,10.98
fold2_room1_mix0129,88,4,0,-1,-3,6.98
fold2_room1_mix0129,89,4,0,178,-1,11.42
fold2_room1_mix0129,89,4,0,-2,-3,7.60
fold2_room1_mix0129,90,4,0,178,-2,10.33
fold2_room1_mix0129,90,4,0,-2,-3,8.42
fold2_room1_mix0129,91,4,0,179,-2,11.38
fold2_room1_mix0129,91,4,0,0,-3,8.81
fold2_room1_mix0129,92,4,0,179,-2,12.08
fold2_room1_mix0129,92,4,0,0,-3,9.92
fold2_room1_mix0129,93,4,0,179,-2,12.66
fold2_room1_mix0129,93,4,0,0,-2,10.76
fold2_room1_mix0129,94,4,0,179,-1,13.08
fold2_room1_mix0129,94,4,0,0,-2,10.56
fold2_room1_mix0129,95,4,0,179,-1,14.03
fold2_room1_mix0129,95,4,0,0,-2,13.38
fold2_room1_mix0129,96,4,0,-179,-1,14.75
fold2_room1_mix0129,96,4,0,0,-2,13.32
fold2_room1_mix0129,97,4,0,-178,-1,16.20
fold2_room1_mix0129,97,4,0,1,-2,14.24
fold2_room1_mix0129,98,4,0,-178,-1,15.12
fold2_room1_mix0129,98,4,0,1,-1,16.20
fold2_room1_mix0129,99,4,0,-177,-1,15.67
fold2_room1_mix0129,99,4,0,2,-1,16.29
fold2_room1_mix0129,2,4,0,0,0,4.08
fold2_room1_mix0129,3,4,0,-1,0,8.58
fold2_room1_mix0129,8,4,0,3,-2,27.96
fold2_room1_mix0129,9,4,0,2,-2,28.75
fold2_room1_mix0129,22,4,0,2,-2,18.77
fold2_room1_mix0129,24,4,0,1,-2,16.85
fold2_room1_mix0129,36,4,0,2,-5,7.33
fold2_room1_mix0130,3,4,0,-178,0,6.08
fold2_room1_mix0130,4,4,0,176,0,11.53
fold2_room1_mix0130,5,4,0,175,0,12.98
fold2_room1_mix0130,6,4,0,177,0,13.83
fold2_room1_mix0130,7,4,0,174,-1,19.03
fold2_room1_mix0130,8,4,0,171,-1,19.00
fold2_room1_mix0130,9,4,0,173,-1,18.95
fold2_room1_mix0130,10,4,0,172,0,18.35
fold2_room1_mix0130,11,4,0,172,-1,18.28
fold2_room1_mix0130,12,4,0,172,-1,17.80
fold2_room1_mix0130,13,4,0,171,-1,18.20
fold2_room1_mix0130,14,4,0,170,-1,18.41
fold2_room1_mix0130,15,4,0,172,-1,17.40
fold2_room1_mix0130,16,4,0,172,-1,16.30
fold2_room1_mix0130,17,4,0,172,-1,17.01
fold2_room1_mix0130,18,4,0,171,-1,15.51
fold2_room1_mix0130,19,4,0,175,-1,15.44
fold2_room1_mix0130,20,4,0,173,-1,16.02
fold2_room1_mix0130,21,4,0,173,-1,15.29
fold2_room1_mix0130,22,4,0,172,-1,15.22
fold2_room1_mix0130,23,4,0,174,-1,14.16
fold2_room1_mix0130,24,4,0,174,-1,14.05
fold2_room1_mix0130,25,4,0,174,-2,13.42
fold2_room1_mix0130,26,4,0,172,-2,13.90
fold2_room1_mix0130,27,4,0,173,-2,13.20
fold2_room1_mix0130,28,4,0,173,-2,11.93
fold2_room1_mix0130,29,4,0,172,-3,11.98
fold2_room1_mix0130,30,4,0,172,-3,11.55
fold2_room1_mix0130,31,4,0,172,-2,11.49
fold2_room1_mix0130,32,4,0,172,-3,10.92
fold2_room1_mix0130,33,4,0,173,-3,11.26
fold2_room1_mix0130,34,4,0,172,-3,10.84
fold2_room1_mix0130,35,4,0,173,-3,10.68
fold2_room1_mix0130,36,4,0,172,-3,10.18
fold2_room1_mix0130,37,4,0,171,-3,9.69
fold2_room1_mix0130,38,4,0,171,-3,9.53
fold2_room1_mix0130,39,4,0,170,-3,9.37
fold2_room1_mix0130,40,4,0,170,-4,8.69
fold2_room1_mix0130,41,4,0,170,-4,8.70
fold2_room1_mix0130,42,4,0,168,-4,8.30
fold2_room1_mix0130,43,4,0,168,-4,7.60
fold2_room1_mix0130,44,4,0,168,-5,7.35
fold2_room1_mix0130,45,4,0,166,-5,7.16
fold2_room1_mix0130,46,4,0,165,-5,6.91
fold2_room1_mix0130,47,4,0,164,-5,6.75
fold2_room1_mix0130,48,4,0,163,-6,6.32
fold2_room1_mix0130,49,4,0,163,-6,6.34
fold2_room1_mix0130,50,4,0,164,-7,5.63
fold2_room1_mix0130,51,4,0,161,-7,5.31
fold2_room1_mix0130,52,4,0,160,-7,5.31
fold2_room1_mix0130,53,4,0,159,-7,4.74
fold2_room1_mix0130,54,4,0,158,-8,4.67
fold2_room1_mix0130,55,4,0,155,-8,4.36
fold2_room1_mix0130,56,4,0,154,-9,4.01
fold2_room1_mix0130,57,4,0,152,-11,3.67
fold2_room1_mix0130,58,4,0,149,-11,3.75
fold2_room1_mix0130,59,4,0,141,-12,3.36
fold2_room1_mix0130,60,4,0,136,-15,2.71
fold2_room1_mix0130,61,4,0,132,-17,2.65
fold2_room1_mix0130,62,4,0,124,-18,2.46
fold2_room1_mix0130,63,4,0,106,-19,2.41
fold2_room1_mix0130,64,4,0,94,-19,2.27
fold2_room1_mix0130,65,4,0,84,-19,2.41
fold2_room1_mix0130,66,4,0,71,-17,2.47
fold2_room1_mix0130,67,4,0,61,-15,2.66
fold2_room1_mix0130,68,4,0,50,-14,2.61
fold2_room1_mix0130,69,4,0,43,-12,2.76
fold2_room1_mix0130,70,4,0,39,-11,3.08
fold2_room1_mix0130,71,4,0,35,-10,3.47
fold2_room1_mix0130,72,4,0,32,-10,3.49
fold2_room1_mix0130,73,4,0,28,-9,3.89
fold2_room1_mix0130,74,4,0,26,-8,4.11
fold2_room1_mix0130,75,4,0,25,-7,4.24
fold2_room1_mix0130,76,4,0,22,-7,4.73
fold2_room1_mix0130,77,4,0,21,-7,4.93
fold2_room1_mix0130,78,4,0,22,-6,5.82
fold2_room1_mix0130,79,4,0,21,-6,5.73
fold2_room1_mix0130,80,4,0,19,-6,6.07
fold2_room1_mix0130,81,4,0,18,-5,6.47
fold2_room1_mix0130,82,4,0,18,-5,6.81
fold2_room1_mix0130,83,4,0,17,-5,7.20
fold2_room1_mix0130,84,4,0,16,-5,7.86
fold2_room1_mix0130,85,4,0,16,-4,7.94
fold2_room1_mix0130,86,4,0,14,-4,8.60
fold2_room1_mix0130,87,4,0,14,-4,9.17
fold2_room1_mix0130,88,4,0,15,-4,8.72
fold2_room1_mix0130,89,4,0,12,-4,9.37
fold2_room1_mix0130,90,4,0,12,-4,9.87
fold2_room1_mix0130,91,4,0,13,-3,11.11
fold2_room1_mix0130,92,4,0,11,-4,10.22
fold2_room1_mix0130,93,4,0,12,-3,10.71
fold2_room1_mix0130,94,4,0,12,-3,10.56
fold2_room1_mix0130,95,4,0,11,-3,11.02
fold2_room1_mix0130,96,4,0,11,-3,11.01
fold2_room1_mix0130,97,4,0,11,-3,12.63
fold2_room1_mix0130,98,4,0,10,-3,11.72
fold2_room1_mix0130,99,4,0,10,-3,12.64
fold2_room1_mix0131,43,3,0,102,-4,5.31
fold2_room1_mix0131,44,3,0,104,-5,9.69
fold2_room1_mix0131,45,3,0,118,-5,8.72
fold2_room1_mix0131,46,3,0,117,-5,7.75
fold2_room1_mix0131,47,3,0,116,-5,7.54
fold2_room1_mix0131,48,3,0,124,-5,6.45
fold2_room1_mix0131,49,3,0,121,-5,4.18
fold2_room1_mix0131,49,4,0,-173,-3,3.91
fold2_room1_mix0131,50,3,0,132,-5,5.42
fold2_room1_mix0131,50,4,0,-174,-2,10.54
fold2_room1_mix0131,51,3,0,145,-4,6.11
fold2_room1_mix0131,51,4,0,-163,-2,10.15
fold2_room1_mix0131,52,3,0,151,-5,4.01
fold2_room1_mix0131,52,4,0,-165,-3,12.13
fold2_room1_mix0131,53,4,0,-166,-2,10.94
fold2_room1_mix0131,54,3,0,165,-4,4.64
fold2_room1_mix0131,54,4,0,-165,-3,13.23
fold2_room1_mix0131,55,4,0,-163,-2,12.17
fold2_room1_mix0131,56,3,0,142,-4,7.23
fold2_room1_mix0131,56,4,0,-162,-3,11.11
fold2_room1_mix0131,57,3,0,144,-4,10.27
fold2_room1_mix0131,57,4,0,-159,-3,11.18
fold2_room1_mix0131,58,3,0,150,-4,11.38
fold2_room1_mix0131,58,4,0,-156,-3,10.22
fold2_room1_mix0131,59,3,0,152,-5,8.29
fold2_room1_mix0131,59,4,0,-152,-4,8.85
fold2_room1_mix0131,60,3,0,159,-5,8.50
fold2_room1_mix0131,60,4,0,-150,-4,9.37
fold2_room1_mix0131,61,3,0,154,-5,11.94
fold2_room1_mix0131,61,4,0,-148,-4,7.52
fold2_room1_mix0131,62,3,0,156,-5,10.26
fold2_room1_mix0131,62,4,0,-143,-5,6.76
fold2_room1_mix0131,63,3,0,155,-5,11.79
fold2_room1_mix0131,63,4,0,-136,-6,5.85
fold2_room1_mix0131,64,3,0,153,-5,11.52
fold2_room1_mix0131,64,3,0,152,-5,11.59
fold2_room1_mix0131,64,4,0,-125,-8,4.85
fold2_room1_mix0131,65,3,0,149,-4,9.01
fold2_room1_mix0131,65,4,0,-111,-10,4.11
fold2_room1_mix0131,66,3,0,147,-4,8.65
fold2_room1_mix0131,66,4,0,-96,-14,3.66
fold2_room1_mix0131,67,3,0,153,-4,8.81
fold2_room1_mix0131,67,4,0,-84,-15,3.62
fold2_room1_mix0131,68,3,0,156,-4,9.04
fold2_room1_mix0131,68,4,0,-71,-12,3.65
fold2_room1_mix0131,69,3,0,163,-4,9.35
fold2_room1_mix0131,69,4,0,-59,-10,4.27
fold2_room1_mix0131,70,3,0,161,-4,5.67
fold2_room1_mix0131,70,4,0,-46,-8,4.58
fold2_room1_mix0131,71,4,0,-40,-7,4.95
fold2_room1_mix0131,72,4,0,-34,-6,6.09
fold2_room1_mix0131,73,4,0,-28,-5,6.94
fold2_room1_mix0131,74,4,0,-22,-4,7.66
fold2_room1_mix0131,75,4,0,-20,-4,8.51
fold2_room1_mix0131,76,3,0,157,-5,10.49
fold2_room1_mix0131,76,4,0,-19,-3,10.45
fold2_room1_mix0131,77,3,0,161,-4,13.58
fold2_room1_mix0131,77,4,0,-23,-3,9.66
fold2_room1_mix0131,78,3,0,161,-4,13.66
fold2_room1_mix0131,78,4,0,-18,-2,11.36
fold2_room1_mix0131,79,3,0,163,-3,11.19
fold2_room1_mix0131,79,4,0,-17,-3,11.35
fold2_room1_mix0131,80,3,0,163,-3,11.28
fold2_room1_mix0131,80,4,0,-15,-2,12.28
fold2_room1_mix0131,81,3,0,159,-4,14.15
fold2_room1_mix0131,81,4,0,-16,-2,12.44
fold2_room1_mix0131,82,3,0,163,-4,13.57
fold2_room1_mix0131,82,4,0,-16,-2,9.45
fold2_room1_mix0131,83,3,0,161,-3,9.97
fold2_room1_mix0131,83,4,0,-18,-1,7.56
fold2_room1_mix0131,84,3,0,159,-3,8.00
fold2_room1_mix0131,84,4,0,-22,-1,6.69
fold2_room1_mix0131,85,3,0,162,-3,6.72
fold2_room1_mix0131,85,4,0,-19,0,5.86
fold2_room1_mix0131,86,3,0,162,-2,4.16
fold2_room1_mix0131,95,3,0,167,-4,9.81
fold2_room1_mix0132,0,5,0,-101,5,5.89
fold2_room1_mix0132,1,5,0,-95,4,7.60
fold2_room1_mix0132,2,5,0,-105,5,7.51
fold2_room1_mix0132,3,5,0,-95,6,7.50
fold2_room1_mix0132,4,5,0,-82,7,3.50
fold2_room1_mix0132,5,5,0,-103,5,9.65
fold2_room1_mix0132,6,5,0,-97,5,11.39
fold2_room1_mix0132,7,5,0,-88,5,9.86
fold2_room1_mix0132,8,5,0,-101,5,9.56
fold2_room1_mix0132,9,5,0,-105,6,9.25
fold2_room1_mix0132,10,5,0,-97,5,9.68
fold2_room1_mix0132,11,5,0,-100,6,9.01
fold2_room1_mix0132,12,5,0,-93,6,8.80
fold2_room1_mix0132,13,5,0,-107,5,10.38
fold2_room1_mix0132,14,5,0,-104,5,9.57
fold2_room1_mix0132,15,5,0,-95,5,9.72
fold2_room1_mix0132,16,5,0,-101,5,9.63
fold2_room1_mix0132,17,5,0,-104,6,8.62
fold2_room1_mix0132,18,5,0,-101,4,12.19
fold2_room1_mix0132,19,5,0,-104,5,10.96
fold2_room1_mix0132,20,5,0,-106,5,9.96
fold2_room1_mix0132,21,5,0,-106,4,10.65
fold2_room1_mix0132,22,5,0,-113,4,10.30
fold2_room1_mix0132,23,5,0,-108,4,11.04
fold2_room1_mix0132,24,5,0,-107,5,9.78
fold2_room1_mix0132,25,5,0,-110,5,8.78
fold2_room1_mix0132,26,5,0,-108,5,10.17
fold2_room1_mix0132,27,5,0,-107,5,9.66
fold2_room1_mix0132,28,5,0,-109,6,7.70
fold2_room1_mix0132,29,5,0,-111,5,8.91
fold2_room1_mix0132,30,5,0,-103,5,8.73
fold2_room1_mix0132,31,5,0,-110,5,9.90
fold2_room1_mix0132,32,5,0,-108,5,10.31
fold2_room1_mix0132,33,4,0,168,0,11.68
fold2_room1_mix0132,33,5,0,-115,5,8.67
fold2_room1_mix0132,34,4,0,172,0,3.81
fold2_room1_mix0132,34,5,0,-112,6,8.25
fold2_room1_mix0132,35,4,0,172,-1,15.00
fold2_room1_mix0132,35,5,0,-111,5,9.53
fold2_room1_mix0132,36,4,0,167,0,13.30
fold2_room1_mix0132,36,5,0,-117,5,9.35
fold2_room1_mix0132,37,4,0,168,0,21.11
fold2_room1_mix0132,37,5,0,-116,6,8.68
fold2_room1_mix0132,38,4,0,169,0,20.22
fold2_room1_mix0132,38,5,0,-117,5,8.53
fold2_room1_mix0132,39,4,0,170,0,19.65
fold2_room1_mix0132,39,5,0,-117,5,8.80
fold2_room1_mix0132,40,4,0,169,0,20.56
fold2_room1_mix0132,40,5,0,-115,6,7.88
fold2_room1_mix0132,41,4,0,170,0,20.69
fold2_room1_mix0132,41,5,0,-118,6,7.81
fold2_room1_mix0132,42,4,0,167,0,18.92
fold2_room1_mix0132,42,5,0,-118,6,7.89
fold2_room1_mix0132,43,4,0,172,-1,17.43
fold2_room1_mix0132,43,5,0,-115,6,8.49
fold2_room1_mix0132,44,4,0,173,-1,16.05
fold2_room1_mix0132,44,5,0,-116,6,8.60
fold2_room1_mix0132,45,4,0,173,-1,17.84
fold2_room1_mix0132,45,5,0,-116,6,8.50
fold2_room1_mix0132,46,4,0,169,-1,16.97
fold2_room1_mix0132,46,5,0,-119,6,8.57
fold2_room1_mix0132,47,4,0,174,-1,16.18
fold2_room1_mix0132,47,5,0,-116,6,8.70
fold2_room1_mix0132,48,4,0,173,-1,16.41
fold2_room1_mix0132,48,5,0,-119,6,8.63
fold2_room1_mix0132,49,4,0,174,-1,14.43
fold2_room1_mix0132,49,5,0,-118,6,8.97
fold2_room1_mix0132,50,4,0,171,-1,14.48
fold2_room1_mix0132,50,5,0,-117,6,8.48
fold2_room1_mix0132,51,4,0,171,-1,13.71
fold2_room1_mix0132,51,5,0,-121,5,10.31
fold2_room1_mix0132,52,4,0,173,-1,13.61
fold2_room1_mix0132,52,5,0,-126,5,9.20
fold2_room1_mix0132,53,4,0,171,-1,13.34
fold2_room1_mix0132,53,5,0,-121,5,9.87
fold2_room1_mix0132,54,4,0,170,-2,12.02
fold2_room1_mix0132,54,5,0,-121,5,9.86
fold2_room1_mix0132,55,4,0,168,-2,10.99
fold2_room1_mix0132,55,5,0,-123,5,10.75
fold2_room1_mix0132,56,4,0,165,-2,10.09
fold2_room1_mix0132,56,5,0,-125,5,9.90
fold2_room1_mix0132,57,4,0,164,-3,8.87
fold2_room1_mix0132,57,5,0,-126,5,9.93
fold2_room1_mix0132,58,4,0,162,-3,7.87
fold2_room1_mix0132,58,5,0,-123,5,9.80
fold2_room1_mix0132,59,4,0,156,-5,7.23
fold2_room1_mix0132,59,5,0,-124,4,10.08
fold2_room1_mix0132,60,4,0,154,-6,5.72
fold2_room1_mix0132,60,5,0,-126,4,10.24
fold2_room1_mix0132,61,4,0,146,-7,4.67
fold2_room1_mix0132,61,5,0,-127,4,10.81
fold2_room1_mix0132,62,4,0,133,-9,4.00
fold2_room1_mix0132,62,5,0,-128,4,10.48
fold2_room1_mix0132,63,4,0,106,-10,3.47
fold2_room1_mix0132,63,5,0,-131,4,11.53
fold2_room1_mix0132,64,4,0,88,-9,3.28
fold2_room1_mix0132,64,5,0,-126,4,11.26
fold2_room1_mix0132,65,4,0,62,-9,3.68
fold2_room1_mix0132,65,5,0,-126,4,10.25
fold2_room1_mix0132,66,4,0,46,-8,3.49
fold2_room1_mix0132,66,5,0,-123,4,10.66
fold2_room1_mix0132,67,4,0,35,-5,4.69
fold2_room1_mix0132,67,5,0,-123,4,11.08
fold2_room1_mix0132,68,4,0,29,-4,5.18
fold2_room1_mix0132,68,5,0,-127,4,10.26
fold2_room1_mix0132,69,4,0,25,-4,5.85
fold2_room1_mix0132,69,5,0,-127,4,10.91
fold2_room1_mix0132,70,4,0,20,-4,6.56
fold2_room1_mix0132,70,5,0,-126,3,11.97
fold2_room1_mix0132,71,4,0,16,-3,7.37
fold2_room1_mix0132,71,5,0,-125,3,11.45
fold2_room1_mix0132,72,4,0,14,-2,8.48
fold2_room1_mix0132,72,5,0,-130,3,10.81
fold2_room1_mix0132,73,4,0,11,-2,8.94
fold2_room1_mix0132,73,5,0,-128,3,11.26
fold2_room1_mix0132,74,4,0,13,-2,9.78
fold2_room1_mix0132,74,5,0,-130,4,11.61
fold2_room1_mix0132,75,4,0,13,-2,11.16
fold2_room1_mix0132,75,5,0,-127,3,11.61
fold2_room1_mix0132,76,4,0,12,-2,10.75
fold2_room1_mix0132,76,5,0,-129,3,12.76
fold2_room1_mix0132,77,4,0,11,-2,12.61
fold2_room1_mix0132,77,5,0,-128,4,11.84
fold2_room1_mix0132,78,4,0,10,-1,13.85
fold2_room1_mix0132,78,5,0,-129,3,11.77
fold2_room1_mix0132,79,4,0,8,-1,13.60
fold2_room1_mix0132,79,5,0,-126,3,12.39
fold2_room1_mix0132,80,4,0,8,-1,14.95
fold2_room1_mix0132,80,5,0,-126,4,12.11
fold2_room1_mix0132,81,4,0,7,-1,16.12
fold2_room1_mix0132,81,5,0,-130,3,12.73
fold2_room1_mix0132,82,4,0,8,-1,16.41
fold2_room1_mix0132,82,5,0,-128,3,12.24
fold2_room1_mix0132,83,4,0,8,-1,16.55
fold2_room1_mix0132,83,5,0,-129,3,14.21
fold2_room1_mix0132,84,4,0,7,-1,16.61
fold2_room1_mix0132,84,5,0,-133,3,13.35
fold2_room1_mix0132,85,4,0,6,-1,19.39
fold2_room1_mix0132,85,5,0,-131,3,12.53
fold2_room1_mix0132,86,4,0,7,-1,18.01
fold2_room1_mix0132,86,5,0,-133,3,14.73
fold2_room1_mix0132,87,4,0,8,-1,19.40
fold2_room1_mix0132,87,5,0,-130,3,14.58
fold2_room1_mix0132,88,4,0,7,0,20.06
fold2_room1_mix0132,88,5,0,-133,3,13.81
fold2_room1_mix0132,89,4,0,5,0,22.44
fold2_room1_mix0132,89,5,0,-132,3,13.85
fold2_room1_mix0132,90,4,0,4,0,14.78
fold2_room1_mix0132,90,5,0,-135,3,14.27
fold2_room1_mix0132,91,4,0,7,0,17.69
fold2_room1_mix0132,91,5,0,-131,3,13.92
fold2_room1_mix0132,92,4,0,5,0,11.26
fold2_room1_mix0132,92,5,0,-138,3,14.67
fold2_room1_mix0132,93,4,0,5,0,7.20
fold2_room1_mix0132,93,5,0,-135,3,15.27
fold2_room1_mix0132,94,5,0,-132,3,14.35
fold2_room1_mix0132,95,5,0,-136,2,16.43
fold2_room1_mix0132,96,5,0,-133,3,14.78
fold2_room1_mix0132,97,5,0,-136,3,15.17
fold2_room1_mix0132,98,5,0,-133,2,15.14
fold2_room1_mix0132,99,5,0,-132,3,15.17
fold2_room1_mix0134,15,4,0,0,1,5.40
fold2_room1_mix0134,17,4,0,0,0,9.66
fold2_room1_mix0134,19,4,0,3,0,16.01
fold2_room1_mix0134,20,4,0,2,-1,8.31
fold2_room1_mix0134,21,4,0,0,-1,15.49
fold2_room1_mix0134,22,4,0,1,-1,25.86
fold2_room1_mix0134,23,4,0,4,-1,30.60
fold2_room1_mix0134,24,4,0,2,0,12.31
fold2_room1_mix0134,25,4,0,0,0,13.66
fold2_room1_mix0134,26,4,0,1,0,33.63
fold2_room1_mix0134,27,4,0,1,0,18.85
fold2_room1_mix0134,28,4,0,3,0,39.47
fold2_room1_mix0134,29,4,0,1,0,22.68
fold2_room1_mix0134,30,4,0,0,-1,37.42
fold2_room1_mix0134,31,4,0,3,0,45.40
fold2_room1_mix0134,32,4,0,4,0,46.18
fold2_room1_mix0134,33,4,0,0,0,45.02
fold2_room1_mix0134,34,4,0,2,0,46.18
fold2_room1_mix0134,35,4,0,2,0,47.65
fold2_room1_mix0134,36,4,0,4,0,46.19
fold2_room1_mix0134,37,4,0,4,0,46.81
fold2_room1_mix0134,38,4,0,4,0,47.19
fold2_room1_mix0134,39,4,0,4,0,47.91
fold2_room1_mix0134,40,4,0,3,0,45.12
fold2_room1_mix0134,41,4,0,2,0,43.22
fold2_room1_mix0134,42,4,0,5,0,41.91
fold2_room1_mix0134,43,4,0,4,0,42.03
fold2_room1_mix0134,44,4,0,4,0,38.04
fold2_room1_mix0134,45,4,0,5,0,39.06
fold2_room1_mix0134,46,4,0,4,0,35.75
fold2_room1_mix0134,47,4,0,8,0,37.34
fold2_room1_mix0134,48,4,0,6,0,35.57
fold2_room1_mix0134,49,4,0,5,0,32.65
fold2_room1_mix0134,50,4,0,4,0,33.64
fold2_room1_mix0134,51,4,0,4,0,33.00
fold2_room1_mix0134,52,4,0,5,0,31.22
fold2_room1_mix0134,53,4,0,4,0,31.40
fold2_room1_mix0134,54,4,0,2,-1,28.05
fold2_room1_mix0134,55,4,0,4,-1,28.08
fold2_room1_mix0134,56,4,0,2,-1,27.20
fold2_room1_mix0134,57,4,0,5,-1,24.49
fold2_room1_mix0134,58,4,0,3,-1,23.93
fold2_room1_mix0134,59,4,0,5,-1,23.42
fold2_room1_mix0134,60,4,0,4,-1,21.82
fold2_room1_mix0134,61,4,0,4,-1,21.59
fold2_room1_mix0134,62,4,0,5,-1,19.53
fold2_room1_mix0134,63,4,0,4,-1,19.10
fold2_room1_mix0134,64,4,0,5,-1,17.39
fold2_room1_mix0134,65,4,0,5,-2,16.26
fold2_room1_mix0134,66,4,0,5,-2,15.95
fold2_room1_mix0134,67,4,0,5,-2,15.07
fold2_room1_mix0134,68,4,0,4,-2,14.45
fold2_room1_mix0134,69,4,0,5,-2,12.98
fold2_room1_mix0134,70,4,0,5,-3,11.53
fold2_room1_mix0134,71,4,0,5,-3,11.19
fold2_room1_mix0134,72,4,0,5,-3,10.27
fold2_room1_mix0134,73,4,0,5,-4,9.11
fold2_room1_mix0134,74,4,0,6,-4,7.98
fold2_room1_mix0134,75,4,0,5,-5,7.52
fold2_room1_mix0134,76,4,0,6,-6,6.16
fold2_room1_mix0134,77,4,0,7,-7,5.38
fold2_room1_mix0134,78,4,0,9,-9,4.09
fold2_room1_mix0134,79,4,0,10,-10,3.67
fold2_room1_mix0134,80,4,0,15,-13,2.86
fold2_room1_mix0134,81,4,0,23,-20,1.97
fold2_room1_mix0134,82,4,0,38,-29,1.51
fold2_room1_mix0134,83,4,0,82,-43,1.15
fold2_room1_mix0134,84,4,0,140,-29,1.40
fold2_room1_mix0134,85,4,0,157,-18,1.96
fold2_room1_mix0134,86,4,0,165,-13,2.89
fold2_room1_mix0134,87,4,0,167,-12,3.53
fold2_room1_mix0134,88,4,0,171,-9,4.37
fold2_room1_mix0134,89,4,0,174,-7,5.34
fold2_room1_mix0134,90,4,0,175,-6,6.23
fold2_room1_mix0134,91,4,0,175,-5,7.17
fold2_room1_mix0134,92,4,0,175,-4,7.41
fold2_room1_mix0134,93,4,0,176,-4,8.51
fold2_room1_mix0134,94,4,0,176,-3,8.99
fold2_room1_mix0134,95,4,0,176,-3,10.19
fold2_room1_mix0134,96,4,0,177,-3,11.39
fold2_room1_mix0134,97,4,0,177,-3,11.88
fold2_room1_mix0134,98,4,0,176,-2,12.92
fold2_room1_mix0134,99,4,0,177,-2,14.05
fold2_room1_mix0134,12,4,0,-2,1,1.97
fold2_room1_mix0134,14,4,0,0,0,4.33
fold2_room1_mix0135,2,4,0,2,2,3.43
fold2_room1_mix0135,3,4,0,3,1,4.47
fold2_room1_mix0135,4,4,0,4,-1,15.60
fold2_room1_mix0135,5,4,0,5,-1,15.70
fold2_room1_mix0135,6,4,0,3,-1,19.40
fold2_room1_mix0135,7,4,0,5,-2,29.97
fold2_room1_mix0135,8,4,0,7,-1,28.10
fold2_room1_mix0135,9,4,0,5,-1,29.19
fold2_room1_mix0135,10,4,0,8,-1,29.37
fold2_room1_mix0135,11,4,0,8,-1,28.03
fold2_room1_mix0135,12,4,0,7,-1,28.40
fold2_room1_mix0135,13,4,0,5,-2,26.49
fold2_room1_mix0135,14,4,0,7,-1,26.92
fold2_room1_mix0135,15,4,0,7,-2,26.71
fold2_room1_mix0135,16,4,0,5,-2,24.63
fold2_room1_mix0135,17,4,0,6,-2,24.62
fold2_room1_mix0135,18,4,0,6,-2,24.55
fold2_room1_mix0135,19,4,0,7,-2,24.61
fold2_room1_mix0135,20,4,0,6,-2,24.90
fold2_room1_mix0135,21,4,0,6,-2,23.46
fold2_room1_mix0135,22,4,0,8,-2,22.90
fold2_room1_mix0135,23,4,0,20,-3,21.98
fold2_room1_mix0135,23,4,0,3,-2,23.08
fold2_room1_mix0135,24,4,0,28,-2,20.16
fold2_room1_mix0135,24,4,0,1,-2,21.35
fold2_room1_mix0135,25,4,0,25,-3,20.50
fold2_room1_mix0135,25,4,0,0,-2,21.47
fold2_room1_mix0135,26,4,0,39,-2,19.92
fold2_room1_mix0135,26,4,0,0,-2,19.18
fold2_room1_mix0135,27,4,0,38,-2,19.81
fold2_room1_mix0135,27,4,0,0,-3,18.64
fold2_room1_mix0135,28,4,0,39,-2,18.38
fold2_room1_mix0135,28,4,0,0,-2,17.76
fold2_room1_mix0135,29,4,0,37,-2,17.84
fold2_room1_mix0135,29,4,0,-2,-3,18.08
fold2_room1_mix0135,30,4,0,38,-2,17.71
fold2_room1_mix0135,30,4,0,-2,-2,17.44
fold2_room1_mix0135,31,4,0,48,-2,17.13
fold2_room1_mix0135,31,4,0,-4,-2,16.05
fold2_room1_mix0135,32,4,0,47,-2,16.04
fold2_room1_mix0135,32,4,0,-4,-2,14.86
fold2_room1_mix0135,33,4,0,53,-2,16.59
fold2_room1_mix0135,33,4,0,-4,-2,13.97
fold2_room1_mix0135,34,4,0,55,-3,15.60
fold2_room1_mix0135,34,4,0,-7,-3,13.22
fold2_room1_mix0135,35,4,0,57,-3,14.23
fold2_room1_mix0135,35,4,0,-5,-3,11.91
fold2_room1_mix0135,36,4,0,56,-3,14.14
fold2_room1_mix0135,36,4,0,-5,-3,11.22
fold2_room1_mix0135,37,4,0,62,-3,12.95
fold2_room1_mix0135,37,4,0,-13,-3,8.93
fold2_room1_mix0135,37,4,0,4,-3,12.72
fold2_room1_mix0135,38,4,0,68,-3,12.36
fold2_room1_mix0135,38,4,0,-17,-4,7.76
fold2_room1_mix0135,38,4,0,5,-3,12.84
fold2_room1_mix0135,39,4,0,72,-4,11.81
fold2_room1_mix0135,39,4,0,-19,-5,7.02
fold2_room1_mix0135,39,4,0,8,-3,12.01
fold2_room1_mix0135,40,4,0,73,-4,11.40
fold2_room1_mix0135,40,4,0,-22,-5,5.91
fold2_room1_mix0135,40,4,0,6,-4,10.57
fold2_room1_mix0135,41,4,0,82,-4,11.74
fold2_room1_mix0135,41,4,0,-24,-7,5.55
fold2_room1_mix0135,41,4,0,10,-4,10.47
fold2_room1_mix0135,42,4,0,79,-4,11.69
fold2_room1_mix0135,42,4,0,-40,-9,4.36
fold2_room1_mix0135,42,4,0,13,-4,10.80
fold2_room1_mix0135,43,4,0,98,-3,11.95
fold2_room1_mix0135,43,4,0,-33,-12,3.83
fold2_room1_mix0135,43,4,0,16,-4,10.67
fold2_room1_mix0135,44,4,0,86,-4,11.77
fold2_room1_mix0135,44,4,0,-36,-11,3.60
fold2_room1_mix0135,44,4,0,12,-4,11.10
fold2_room1_mix0135,45,4,0,88,-3,12.03
fold2_room1_mix0135,45,4,0,-42,-14,3.55
fold2_room1_mix0135,45,4,0,10,-5,10.50
fold2_room1_mix0135,46,4,0,94,-4,12.29
fold2_room1_mix0135,46,4,0,-41,-15,3.37
fold2_room1_mix0135,46,4,0,11,-5,10.57
fold2_room1_mix0135,47,4,0,94,-5,11.90
fold2_room1_mix0135,47,4,0,-55,-17,3.05
fold2_room1_mix0135,47,4,0,37,-3,13.04
fold2_room1_mix0135,48,4,0,98,-7,9.12
fold2_room1_mix0135,48,4,0,-65,-15,1.97
fold2_room1_mix0135,48,4,0,62,0,15.74
fold2_room1_mix0135,49,4,0,117,-6,10.43
fold2_room1_mix0135,49,4,0,-81,-19,2.60
fold2_room1_mix0135,49,4,0,72,-2,14.09
fold2_room1_mix0135,50,4,0,121,-10,8.46
fold2_room1_mix0135,50,4,0,-82,-15,2.27
fold2_room1_mix0135,50,4,0,83,-1,16.02
fold2_room1_mix0135,51,4,0,150,-11,8.18
fold2_room1_mix0135,51,4,0,-97,-14,2.39
fold2_room1_mix0135,51,4,0,101,-1,14.37
fold2_room1_mix0135,52,4,0,166,-8,8.98
fold2_room1_mix0135,52,4,0,-101,-11,3.06
fold2_room1_mix0135,52,4,0,101,0,17.45
fold2_room1_mix0135,53,4,0,-171,-9,6.35
fold2_room1_mix0135,53,4,0,-119,-9,3.93
fold2_room1_mix0135,53,4,0,109,0,17.15
fold2_room1_mix0135,54,4,0,-162,-7,6.35
fold2_room1_mix0135,54,4,0,-139,-8,5.07
fold2_room1_mix0135,54,4,0,105,0,16.59
fold2_room1_mix0135,55,4,0,-153,-5,6.13
fold2_room1_mix0135,55,4,0,176,-6,6.42
fold2_room1_mix0135,55,4,0,103,0,15.53
fold2_room1_mix0135,56,4,0,-136,-5,3.60
fold2_room1_mix0135,56,4,0,125,0,10.21
fold2_room1_mix0135,56,4,0,106,0,12.49
fold2_room1_mix0135,57,4,0,-144,-6,4.48
fold2_room1_mix0135,57,4,0,154,-2,8.52
fold2_room1_mix0135,57,4,0,112,0,13.87
fold2_room1_mix0135,58,4,0,-164,-6,6.77
fold2_room1_mix0135,58,4,0,-146,-6,5.44
fold2_room1_mix0135,58,4,0,109,0,16.40
fold2_room1_mix0135,59,4,0,-144,-5,4.35
fold2_room1_mix0135,59,4,0,127,0,12.52
fold2_room1_mix0135,59,4,0,95,0,13.83
fold2_room1_mix0135,60,4,0,-159,-5,6.65
fold2_room1_mix0135,60,4,0,178,-3,9.07
fold2_room1_mix0135,60,4,0,107,0,15.92
fold2_room1_mix0135,61,4,0,-148,-5,5.12
fold2_room1_mix0135,61,4,0,141,0,13.04
fold2_room1_mix0135,61,4,0,104,0,14.58
fold2_room1_mix0135,62,4,0,-164,-5,6.64
fold2_room1_mix0135,62,4,0,171,-2,9.22
fold2_room1_mix0135,62,4,0,108,0,15.36
fold2_room1_mix0135,63,4,0,-150,-4,6.23
fold2_room1_mix0135,63,4,0,143,0,14.79
fold2_room1_mix0135,63,4,0,105,0,15.25
fold2_room1_mix0135,64,4,0,-177,-3,8.80
fold2_room1_mix0135,64,4,0,105,0,17.49
fold2_room1_mix0135,65,4,0,-178,-4,9.10
fold2_room1_mix0135,65,4,0,-163,-3,9.21
fold2_room1_mix0135,65,4,0,113,0,20.17
fold2_room1_mix0135,66,4,0,176,-3,10.34
fold2_room1_mix0135,66,4,0,-157,-4,7.96
fold2_room1_mix0135,66,4,0,107,0,19.81
fold2_room1_mix0135,67,4,0,175,-3,10.63
fold2_room1_mix0135,67,4,0,-158,-3,8.93
fold2_room1_mix0135,67,4,0,118,0,20.41
fold2_room1_mix0135,68,4,0,176,-3,10.86
fold2_room1_mix0135,68,4,0,-157,-4,8.55
fold2_room1_mix0135,68,4,0,126,0,22.46
fold2_room1_mix0135,69,4,0,175,-3,11.16
fold2_room1_mix0135,69,4,0,-160,-4,8.93
fold2_room1_mix0135,69,4,0,130,0,23.11
fold2_room1_mix0135,70,4,0,173,-2,12.76
fold2_room1_mix0135,70,4,0,-158,-3,9.24
fold2_room1_mix0135,70,4,0,134,0,22.32
fold2_room1_mix0135,71,4,0,174,-2,12.52
fold2_room1_mix0135,71,4,0,-161,-4,9.32
fold2_room1_mix0135,71,4,0,139,0,23.95
fold2_room1_mix0135,72,4,0,175,-2,13.82
fold2_room1_mix0135,72,4,0,-161,-3,9.89
fold2_room1_mix0135,72,4,0,147,0,23.52
fold2_room1_mix0135,73,4,0,173,-2,14.37
fold2_room1_mix0135,73,4,0,-161,-3,10.32
fold2_room1_mix0135,73,4,0,144,0,24.67
fold2_room1_mix0135,74,4,0,174,-2,14.16
fold2_room1_mix0135,74,4,0,-164,-3,11.18
fold2_room1_mix0135,74,4,0,147,0,24.90
fold2_room1_mix0135,75,4,0,171,-1,16.14
fold2_room1_mix0135,75,4,0,-163,-3,11.54
fold2_room1_mix0135,75,4,0,153,0,24.45
fold2_room1_mix0135,76,4,0,171,-1,17.41
fold2_room1_mix0135,76,4,0,-163,-3,12.10
fold2_room1_mix0135,76,4,0,155,0,25.18
fold2_room1_mix0135,77,4,0,169,-1,17.50
fold2_room1_mix0135,77,4,0,164,0,21.33
fold2_room1_mix0135,78,4,0,170,-1,18.10
fold2_room1_mix0135,78,4,0,165,0,21.80
fold2_room1_mix0135,79,4,0,166,0,20.94
fold2_room1_mix0135,79,4,0,166,0,22.38
fold2_room1_mix0135,80,4,0,172,0,19.08
fold2_room1_mix0135,80,4,0,168,0,22.58
fold2_room1_mix0135,81,4,0,173,0,20.01
fold2_room1_mix0135,81,4,0,168,0,23.28
fold2_room1_mix0135,82,4,0,174,0,20.25
fold2_room1_mix0135,82,4,0,167,0,23.72
fold2_room1_mix0135,83,4,0,170,0,23.25
fold2_room1_mix0135,83,4,0,171,0,23.68
fold2_room1_mix0135,84,4,0,176,0,22.17
fold2_room1_mix0135,85,4,0,176,-1,22.12
fold2_room1_mix0135,86,4,0,173,0,23.36
fold2_room1_mix0135,86,4,0,171,0,24.70
fold2_room1_mix0135,87,4,0,177,0,23.82
fold2_room1_mix0135,88,4,0,177,-1,22.70
fold2_room1_mix0135,89,4,0,177,0,23.46
fold2_room1_mix0135,90,4,0,176,0,24.50
fold2_room1_mix0135,91,4,0,176,0,24.91
fold2_room1_mix0135,92,4,0,177,0,25.53
fold2_room1_mix0135,93,4,0,178,0,25.32
fold2_room1_mix0135,94,4,0,178,0,26.21
fold2_room1_mix0135,95,4,0,-179,0,27.68
fold2_room1_mix0135,96,4,0,-179,0,27.70
fold2_room1_mix0135,97,4,0,-178,0,29.25
fold2_room1_mix0135,98,4,0,-179,0,28.81
fold2_room1_mix0135,99,4,0,-179,0,27.72
fold2_room1_mix0135,1,4,0,-4,1,1.70
fold2_room1_mix0136,3,4,0,-178,0,1.63
fold2_room1_mix0136,5,4,0,-179,-1,19.06
fold2_room1_mix0136,6,4,0,179,0,22.29
fold2_room1_mix0136,7,4,0,178,0,23.89
fold2_room1_mix0136,8,4,0,178,-1,37.47
fold2_room1_mix0136,9,4,0,179,-1,40.35
fold2_room1_mix0136,10,4,0,178,-1,38.45
fold2_room1_mix0136,11,4,0,-179,0,40.59
fold2_room1_mix0136,12,4,0,-179,0,38.69
fold2_room1_mix0136,13,4,0,179,0,39.39
fold2_room1_mix0136,14,4,0,-179,0,39.54
fold2_room1_mix0136,15,4,0,-178,0,39.45
fold2_room1_mix0136,16,4,0,-179,0,38.74
fold2_room1_mix0136,17,4,0,-179,0,39.00
fold2_room1_mix0136,18,4,0,-179,0,38.14
fold2_room1_mix0136,19,1,0,-18,-2,14.34
fold2_room1_mix0136,19,4,0,174,0,31.68
fold2_room1_mix0136,20,1,0,-37,-4,24.11
fold2_room1_mix0136,20,4,0,170,0,38.37
fold2_room1_mix0136,21,4,0,176,0,38.46
fold2_room1_mix0136,22,1,0,-27,-3,30.12
fold2_room1_mix0136,22,4,0,172,0,33.24
fold2_room1_mix0136,23,1,0,-25,-3,24.32
fold2_room1_mix0136,23,4,0,173,0,32.18
fold2_room1_mix0136,24,1,0,-30,-3,25.71
fold2_room1_mix0136,24,4,0,177,-1,30.98
fold2_room1_mix0136,25,1,0,-30,-2,27.75
fold2_room1_mix0136,25,4,0,173,0,37.51
fold2_room1_mix0136,26,4,0,176,-1,30.32
fold2_room1_mix0136,27,1,0,-32,-2,28.74
fold2_room1_mix0136,27,4,0,171,0,38.27
fold2_room1_mix0136,28,1,0,-29,-3,26.75
fold2_room1_mix0136,28,4,0,173,0,33.75
fold2_room1_mix0136,29,1,0,-33,-2,30.88
fold2_room1_mix0136,29,4,0,175,0,32.33
fold2_room1_mix0136,30,1,0,-31,-2,29.08
fold2_room1_mix0136,30,4,0,173,0,39.49
fold2_room1_mix0136,31,4,0,-179,0,34.11
fold2_room1_mix0136,32,1,0,-33,-3,24.68
fold2_room1_mix0136,32,4,0,175,0,36.18
fold2_room1_mix0136,33,1,0,-37,-3,23.73
fold2_room1_mix0136,33,4,0,172,0,35.89
fold2_room1_mix0136,34,1,0,-36,-3,22.27
fold2_room1_mix0136,34,4,0,174,0,33.99
fold2_room1_mix0136,35,1,0,-37,-3,22.00
fold2_room1_mix0136,35,4,0,171,0,33.73
fold2_room1_mix0136,36,4,0,178,0,30.99
fold2_room1_mix0136,37,1,0,-45,-3,18.34
fold2_room1_mix0136,37,4,0,173,0,36.58
fold2_room1_mix0136,38,1,0,-39,-3,20.75
fold2_room1_mix0136,38,4,0,174,0,27.03
fold2_room1_mix0136,39,1,0,-42,-3,18.77
fold2_room1_mix0136,39,4,0,172,0,31.39
fold2_room1_mix0136,40,1,0,-44,-3,20.39
fold2_room1_mix0136,40,4,0,170,0,36.99
fold2_room1_mix0136,41,1,0,-43,-2,14.44
fold2_room1_mix0136,41,4,0,173,0,34.73
fold2_room1_mix0136,42,1,0,-53,-3,15.53
fold2_room1_mix0136,42,4,0,171,0,31.15
fold2_room1_mix0136,43,1,0,-48,-3,17.64
fold2_room1_mix0136,43,4,0,171,0,30.33
fold2_room1_mix0136,44,1,0,-46,-3,16.12
fold2_room1_mix0136,44,4,0,174,0,33.50
fold2_room1_mix0136,45,1,0,-52,-3,18.33
fold2_room1_mix0136,45,4,0,174,-1,30.04
fold2_room1_mix0136,46,1,0,-48,-3,13.81
fold2_room1_mix0136,46,4,0,173,0,32.62
fold2_room1_mix0136,47,4,0,177,-1,22.63
fold2_room1_mix0136,48,1,0,-61,-3,16.85
fold2_room1_mix0136,48,4,0,174,-1,27.15
fold2_room1_mix0136,49,1,0,-63,-4,12.80
fold2_room1_mix0136,49,4,0,175,0,26.21
fold2_room1_mix0136,50,1,0,-77,-4,12.57
fold2_room1_mix0136,50,4,0,175,-2,26.90
fold2_room1_mix0136,51,1,0,-76,-3,11.10
fold2_room1_mix0136,51,2,0,94,-2,4.07
fold2_room1_mix0136,51,4,0,174,0,31.71
fold2_room1_mix0136,52,2,0,91,-2,7.34
fold2_room1_mix0136,52,4,0,179,0,19.20
fold2_room1_mix0136,53,2,0,89,-3,12.35
fold2_room1_mix0136,53,4,0,-177,-1,21.41
fold2_room1_mix0136,54,4,0,179,-1,20.22
fold2_room1_mix0136,55,4,0,-177,-1,20.51
fold2_room1_mix0136,56,4,0,-178,-1,20.90
fold2_room1_mix0136,57,4,0,-176,-1,17.44
fold2_room1_mix0136,58,4,0,-176,-1,17.80
fold2_room1_mix0136,59,4,0,-176,-1,19.07
fold2_room1_mix0136,60,2,0,85,-3,8.29
fold2_room1_mix0136,60,4,0,-178,-1,15.60
fold2_room1_mix0136,61,2,0,75,-2,4.36
fold2_room1_mix0136,61,4,0,-177,-1,16.38
fold2_room1_mix0136,62,4,0,-177,-2,14.91
fold2_room1_mix0136,63,4,0,-175,-2,14.27
fold2_room1_mix0136,64,4,0,-173,-2,13.33
fold2_room1_mix0136,65,4,0,-173,-2,12.64
fold2_room1_mix0136,66,4,0,-172,-3,11.34
fold2_room1_mix0136,67,4,0,-175,-3,10.01
fold2_room1_mix0136,68,4,0,-175,-3,10.35
fold2_room1_mix0136,69,4,0,-172,-3,9.44
fold2_room1_mix0136,69,4,0,-13,-1,16.33
fold2_room1_mix0136,70,2,0,102,-3,9.03
fold2_room1_mix0136,70,4,0,-175,-4,8.61
fold2_room1_mix0136,70,4,0,-12,-2,14.14
fold2_room1_mix0136,71,2,0,93,-2,5.88
fold2_room1_mix0136,71,4,0,-172,-5,6.91
fold2_room1_mix0136,71,4,0,-20,-1,15.06
fold2_room1_mix0136,72,4,0,-170,-5,6.66
fold2_room1_mix0136,72,4,0,-12,-2,14.90
fold2_room1_mix0136,73,4,0,-168,-6,5.88
fold2_room1_mix0136,73,4,0,-14,-3,13.09
fold2_room1_mix0136,74,4,0,-169,-7,5.34
fold2_room1_mix0136,74,4,0,-11,-4,10.66
fold2_room1_mix0136,75,4,0,-166,-7,5.09
fold2_room1_mix0136,75,4,0,-11,-3,11.79
fold2_room1_mix0136,76,4,0,-165,-9,4.29
fold2_room1_mix0136,76,4,0,-14,-3,11.20
fold2_room1_mix0136,77,4,0,-163,-9,3.94
fold2_room1_mix0136,77,4,0,-14,-4,9.84
fold2_room1_mix0136,78,4,0,-162,-11,3.47
fold2_room1_mix0136,78,4,0,-21,-5,9.21
fold2_room1_mix0136,79,4,0,-157,-11,2.98
fold2_room1_mix0136,79,4,0,-23,-4,9.18
fold2_room1_mix0136,80,2,0,70,-4,10.28
fold2_room1_mix0136,80,4,0,-151,-13,2.44
fold2_room1_mix0136,80,4,0,-128,-21,3.18
fold2_room1_mix0136,80,4,0,-23,-3,8.68
fold2_room1_mix0136,81,2,0,105,-4,10.09
fold2_room1_mix0136,81,4,0,-147,-18,2.04
fold2_room1_mix0136,81,4,0,-22,-5,7.50
fold2_room1_mix0136,82,2,0,117,-4,7.19
fold2_room1_mix0136,82,4,0,-134,-23,1.50
fold2_room1_mix0136,82,4,0,-23,-5,5.52
fold2_room1_mix0136,83,2,0,82,-5,8.24
fold2_room1_mix0136,83,4,0,-115,-29,0.98
fold2_room1_mix0136,83,4,0,-25,-2,8.30
fold2_room1_mix0136,84,2,0,88,-5,4.15
fold2_room1_mix0136,84,4,0,-76,-30,0.81
fold2_room1_mix0136,84,4,0,-32,-3,7.05
fold2_room1_mix0136,85,4,0,-57,-24,1.01
fold2_room1_mix0136,85,4,0,-30,-2,6.80
fold2_room1_mix0136,86,4,0,-105,-24,1.33
fold2_room1_mix0136,86,4,0,-41,-16,1.77
fold2_room1_mix0136,86,4,0,-26,-6,4.81
fold2_room1_mix0136,87,4,0,-108,-24,1.92
fold2_room1_mix0136,87,4,0,-25,-10,3.23
fold2_room1_mix0136,88,4,0,-129,-16,2.83
fold2_room1_mix0136,88,4,0,-22,-8,3.95
fold2_room1_mix0136,89,4,0,-150,-11,3.51
fold2_room1_mix0136,89,4,0,-21,-8,3.85
fold2_room1_mix0136,90,2,0,82,-4,2.96
fold2_room1_mix0136,90,4,0,-153,-9,4.25
fold2_room1_mix0136,90,4,0,-16,-7,4.44
fold2_room1_mix0136,91,2,0,70,-4,11.11
fold2_room1_mix0136,91,4,0,-158,-7,5.29
fold2_room1_mix0136,91,4,0,-13,-6,5.21
fold2_room1_mix0136,92,2,0,88,-4,10.80
fold2_room1_mix0136,92,4,0,-159,-5,6.14
fold2_room1_mix0136,92,4,0,-13,-6,4.78
fold2_room1_mix0136,93,2,0,99,-3,10.07
fold2_room1_mix0136,93,4,0,-161,-5,6.90
fold2_room1_mix0136,93,4,0,-13,-6,5.56
fold2_room1_mix0136,94,4,0,-165,-5,7.08
fold2_room1_mix0136,94,4,0,-11,-5,6.64
fold2_room1_mix0136,95,4,0,-169,-4,8.11
fold2_room1_mix0136,95,4,0,-11,-6,6.48
fold2_room1_mix0136,96,4,0,-167,-4,8.89
fold2_room1_mix0136,96,4,0,-11,-5,7.48
fold2_room1_mix0136,97,4,0,-173,-4,9.94
fold2_room1_mix0136,97,4,0,-9,-4,9.06
fold2_room1_mix0136,98,4,0,-170,-3,10.02
fold2_room1_mix0136,98,4,0,-9,-4,9.64
fold2_room1_mix0136,99,4,0,-174,-3,11.42
fold2_room1_mix0136,99,4,0,-8,-4,9.94
fold2_room1_mix0137,66,4,0,-160,-2,3.66
fold2_room1_mix0137,67,4,0,-155,-1,5.69
fold2_room1_mix0137,68,4,0,-151,-2,9.80
fold2_room1_mix0137,69,4,0,-150,-2,10.89
fold2_room1_mix0137,70,4,0,-148,-2,11.61
fold2_room1_mix0137,71,4,0,-148,-2,11.88
fold2_room1_mix0137,72,4,0,-146,-2,11.96
fold2_room1_mix0137,73,4,0,-141,-3,10.28
fold2_room1_mix0137,74,4,0,-143,-3,10.18
fold2_room1_mix0137,75,4,0,-132,-2,9.91
fold2_room1_mix0137,76,4,0,-132,-3,9.31
fold2_room1_mix0137,77,4,0,-127,-3,8.85
fold2_room1_mix0137,78,4,0,-122,-3,8.01
fold2_room1_mix0137,79,4,0,-118,-4,7.87
fold2_room1_mix0137,80,4,0,-114,-5,7.29
fold2_room1_mix0137,81,4,0,-106,-5,7.44
fold2_room1_mix0137,82,4,0,-101,-5,7.23
fold2_room1_mix0137,83,4,0,-94,-5,6.85
fold2_room1_mix0137,84,4,0,-89,-5,7.21
fold2_room1_mix0137,85,4,0,-84,-5,7.12
fold2_room1_mix0137,86,4,0,-78,-5,7.22
fold2_room1_mix0137,87,4,0,-71,-5,7.57
fold2_room1_mix0137,88,4,0,-65,-5,7.92
fold2_room1_mix0137,89,4,0,-63,-5,8.22
fold2_room1_mix0137,90,4,0,-57,-4,8.80
fold2_room1_mix0137,91,4,0,-53,-4,9.72
fold2_room1_mix0137,92,4,0,-50,-4,10.22
fold2_room1_mix0137,93,4,0,-45,-4,10.30
fold2_room1_mix0137,94,4,0,-43,-3,10.73
fold2_room1_mix0137,95,4,0,-40,-3,11.60
fold2_room1_mix0137,96,4,0,-39,-3,11.72
fold2_room1_mix0137,97,4,0,-39,-3,12.42
fold2_room1_mix0137,98,4,0,-39,-3,12.54
fold2_room1_mix0137,99,4,0,-35,-3,13.12
fold2_room1_mix0138,4,4,0,-178,1,2.29
fold2_room1_mix0138,5,4,0,179,0,6.56
fold2_room1_mix0138,6,4,0,179,0,13.82
fold2_room1_mix0138,7,4,0,179,0,17.77
fold2_room1_mix0138,8,4,0,-179,0,20.53
fold2_room1_mix0138,9,4,0,-179,0,27.73
fold2_room1_mix0138,10,4,0,178,0,27.62
fold2_room1_mix0138,11,4,0,178,0,29.61
fold2_room1_mix0138,12,4,0,178,0,32.25
fold2_room1_mix0138,13,4,0,178,0,31.23
fold2_room1_mix0138,14,4,0,179,0,31.80
fold2_room1_mix0138,15,4,0,178,0,33.28
fold2_room1_mix0138,16,4,0,178,0,32.34
fold2_room1_mix0138,17,4,0,179,0,33.90
fold2_room1_mix0138,18,4,0,178,0,34.45
fold2_room1_mix0138,19,4,0,179,0,33.34
fold2_room1_mix0138,20,4,0,179,0,34.59
fold2_room1_mix0138,21,4,0,179,0,35.46
fold2_room1_mix0138,22,4,0,179,0,35.25
fold2_room1_mix0138,23,4,0,178,0,33.97
fold2_room1_mix0138,24,4,0,179,0,33.31
fold2_room1_mix0138,25,4,0,-179,0,35.69
fold2_room1_mix0138,26,4,0,-179,0,35.83
fold2_room1_mix0138,27,4,0,-179,0,37.88
fold2_room1_mix0138,28,4,0,-179,0,38.56
fold2_room1_mix0138,29,4,0,179,0,39.29
fold2_room1_mix0138,30,4,0,-179,0,40.73
fold2_room1_mix0138,31,4,0,179,0,40.32
fold2_room1_mix0138,32,4,0,179,0,41.13
fold2_room1_mix0138,33,4,0,179,0,41.10
fold2_room1_mix0138,34,4,0,179,0,42.83
fold2_room1_mix0138,35,4,0,-179,0,43.14
fold2_room1_mix0138,36,4,0,179,0,43.03
fold2_room1_mix0138,37,4,0,-179,0,41.60
fold2_room1_mix0138,38,4,0,-179,0,43.32
fold2_room1_mix0138,39,4,0,179,0,42.08
fold2_room1_mix0138,40,4,0,179,0,43.15
fold2_room1_mix0138,41,4,0,-179,0,40.72
fold2_room1_mix0138,42,4,0,-179,0,40.03
fold2_room1_mix0138,43,4,0,-179,0,38.31
fold2_room1_mix0138,44,4,0,-179,0,37.85
fold2_room1_mix0138,45,4,0,-177,0,37.21
fold2_room1_mix0138,46,4,0,-178,0,37.68
fold2_room1_mix0138,47,4,0,-178,0,37.19
fold2_room1_mix0138,48,4,0,-177,0,34.44
fold2_room1_mix0138,49,4,0,-178,0,33.30
fold2_room1_mix0138,50,4,0,-177,0,33.81
fold2_room1_mix0138,51,4,0,-177,0,32.21
fold2_room1_mix0138,52,4,0,-176,0,30.66
fold2_room1_mix0138,53,4,0,-177,0,29.94
fold2_room1_mix0138,54,4,0,-176,0,29.78
fold2_room1_mix0138,55,4,0,-176,0,27.76
fold2_room1_mix0138,56,4,0,-175,0,27.43
fold2_room1_mix0138,57,4,0,-175,0,26.41
fold2_room1_mix0138,58,4,0,-174,0,25.80
fold2_room1_mix0138,59,4,0,-174,0,25.03
fold2_room1_mix0138,60,4,0,-174,-1,23.32
fold2_room1_mix0138,61,4,0,-174,-1,22.35
fold2_room1_mix0138,62,4,0,-173,-1,21.78
fold2_room1_mix0138,63,4,0,-172,-1,22.05
fold2_room1_mix0138,64,4,0,-172,-1,20.23
fold2_room1_mix0138,65,4,0,-171,-1,18.69
fold2_room1_mix0138,66,4,0,-170,-1,18.65
fold2_room1_mix0138,67,4,0,-169,-1,18.06
fold2_room1_mix0138,68,4,0,-169,-1,16.09
fold2_room1_mix0138,69,4,0,-169,-2,15.51
fold2_room1_mix0138,70,4,0,-167,-2,14.54
fold2_room1_mix0138,71,4,0,-166,-2,13.88
fold2_room1_mix0138,72,4,0,-164,-2,13.27
fold2_room1_mix0138,73,4,0,-163,-3,11.77
fold2_room1_mix0138,74,4,0,-162,-3,10.93
fold2_room1_mix0138,75,4,0,-160,-3,9.72
fold2_room1_mix0138,76,4,0,-156,-4,8.36
fold2_room1_mix0138,77,4,0,-155,-4,7.84
fold2_room1_mix0138,78,4,0,-152,-5,6.53
fold2_room1_mix0138,79,4,0,-147,-6,5.37
fold2_room1_mix0138,80,4,0,-144,-7,4.80
fold2_room1_mix0138,81,4,0,-139,-9,4.07
fold2_room1_mix0138,82,4,0,-133,-10,3.48
fold2_room1_mix0138,83,4,0,-119,-13,3.04
fold2_room1_mix0138,84,4,0,-99,-14,2.84
fold2_room1_mix0138,85,4,0,-77,-13,2.68
fold2_room1_mix0138,86,4,0,-58,-10,3.02
fold2_room1_mix0138,87,4,0,-45,-9,3.62
fold2_room1_mix0138,88,4,0,-36,-8,4.18
fold2_room1_mix0138,89,4,0,-33,-7,4.82
fold2_room1_mix0138,90,4,0,-27,-6,5.50
fold2_room1_mix0138,91,4,0,-22,-5,6.53
fold2_room1_mix0138,92,4,0,-19,-5,7.15
fold2_room1_mix0138,93,4,0,-16,-4,7.91
fold2_room1_mix0138,94,4,0,-15,-4,9.15
fold2_room1_mix0138,95,4,0,-13,-3,10.11
fold2_room1_mix0138,96,4,0,-12,-3,11.08
fold2_room1_mix0138,97,4,0,-11,-3,12.27
fold2_room1_mix0138,98,4,0,-11,-2,13.81
fold2_room1_mix0138,99,4,0,-10,-2,13.82
fold2_room1_mix0139,0,5,0,-56,7,3.42
fold2_room1_mix0139,1,5,0,-77,8,3.80
fold2_room1_mix0139,2,5,0,-64,8,3.82
fold2_room1_mix0139,3,5,0,-66,9,3.41
fold2_room1_mix0139,4,5,0,-65,9,3.57
fold2_room1_mix0139,5,5,0,-63,8,6.17
fold2_room1_mix0139,6,5,0,-58,7,6.76
fold2_room1_mix0139,7,5,0,-59,10,4.06
fold2_room1_mix0139,8,5,0,-63,8,5.30
fold2_room1_mix0139,9,5,0,-61,8,5.83
fold2_room1_mix0139,10,5,0,-55,10,4.27
fold2_room1_mix0139,11,5,0,-59,9,4.61
fold2_room1_mix0139,12,5,0,-60,10,4.04
fold2_room1_mix0139,13,5,0,-64,8,5.56
fold2_room1_mix0139,14,5,0,-56,9,4.31
fold2_room1_mix0139,15,5,0,-58,11,3.57
fold2_room1_mix0139,16,5,0,-59,10,4.32
fold2_room1_mix0139,17,5,0,-58,9,4.86
fold2_room1_mix0139,18,5,0,-59,9,4.53
fold2_room1_mix0139,19,5,0,-58,8,5.08
fold2_room1_mix0139,20,5,0,-55,8,5.04
fold2_room1_mix0139,21,5,0,-57,9,4.99
fold2_room1_mix0139,22,5,0,-59,9,4.87
fold2_room1_mix0139,23,5,0,-55,9,4.41
fold2_room1_mix0139,24,5,0,-59,8,5.32
fold2_room1_mix0139,25,5,0,-55,9,4.69
fold2_room1_mix0139,26,5,0,-60,9,4.53
fold2_room1_mix0139,27,5,0,-63,8,4.86
fold2_room1_mix0139,28,5,0,-58,9,4.58
fold2_room1_mix0139,29,5,0,-62,9,4.72
fold2_room1_mix0139,30,5,0,-62,9,4.24
fold2_room1_mix0139,31,5,0,-62,9,4.17
fold2_room1_mix0139,32,5,0,-68,8,5.40
fold2_room1_mix0139,33,5,0,-62,9,5.02
fold2_room1_mix0139,34,5,0,-59,9,4.52
fold2_room1_mix0139,35,5,0,-64,8,5.40
fold2_room1_mix0139,36,5,0,-65,10,4.01
fold2_room1_mix0139,37,5,0,-67,8,5.54
fold2_room1_mix0139,38,4,0,-1,-2,9.96
fold2_room1_mix0139,38,5,0,-64,9,4.43
fold2_room1_mix0139,39,4,0,-7,-2,22.86
fold2_room1_mix0139,39,5,0,-58,9,4.15
fold2_room1_mix0139,40,4,0,-3,-2,23.92
fold2_room1_mix0139,40,5,0,-61,8,4.50
fold2_room1_mix0139,41,4,0,-4,-2,22.03
fold2_room1_mix0139,41,5,0,-61,8,4.58
fold2_room1_mix0139,42,4,0,-6,-2,23.26
fold2_room1_mix0139,42,5,0,-58,8,4.83
fold2_room1_mix0139,43,4,0,-1,-2,24.08
fold2_room1_mix0139,43,5,0,-60,8,4.77
fold2_room1_mix0139,44,4,0,-2,-2,23.34
fold2_room1_mix0139,44,5,0,-57,9,4.24
fold2_room1_mix0139,45,4,0,-2,-2,21.08
fold2_room1_mix0139,45,5,0,-62,8,5.25
fold2_room1_mix0139,46,4,0,-5,-1,21.43
fold2_room1_mix0139,46,5,0,-65,8,5.27
fold2_room1_mix0139,47,4,0,-1,-2,20.26
fold2_room1_mix0139,47,5,0,-58,8,4.89
fold2_room1_mix0139,48,4,0,-2,-2,19.69
fold2_room1_mix0139,48,5,0,-62,9,4.53
fold2_room1_mix0139,49,4,0,-3,-2,17.51
fold2_room1_mix0139,49,5,0,-60,8,5.19
fold2_room1_mix0139,50,4,0,-2,-2,15.83
fold2_room1_mix0139,50,5,0,-62,9,4.90
fold2_room1_mix0139,51,4,0,-2,-1,16.98
fold2_room1_mix0139,51,5,0,-63,8,5.81
fold2_room1_mix0139,52,4,0,-1,-2,15.13
fold2_room1_mix0139,52,5,0,-59,8,4.95
fold2_room1_mix0139,53,4,0,-4,-2,14.01
fold2_room1_mix0139,53,5,0,-59,8,5.31
fold2_room1_mix0139,54,4,0,-4,-2,13.04
fold2_room1_mix0139,54,5,0,-59,9,4.61
fold2_room1_mix0139,55,4,0,-2,-2,12.88
fold2_room1_mix0139,55,5,0,-62,8,5.05
fold2_room1_mix0139,56,4,0,-6,-3,11.51
fold2_room1_mix0139,56,5,0,-59,8,5.46
fold2_room1_mix0139,57,4,0,-5,-3,10.18
fold2_room1_mix0139,57,5,0,-56,9,4.81
fold2_room1_mix0139,58,4,0,-5,-3,9.40
fold2_room1_mix0139,58,5,0,-56,8,5.28
fold2_room1_mix0139,59,4,0,-5,-4,8.55
fold2_room1_mix0139,59,5,0,-59,7,5.73
fold2_room1_mix0139,60,4,0,-7,-4,7.32
fold2_room1_mix0139,60,5,0,-59,8,5.23
fold2_room1_mix0139,61,4,0,-8,-5,5.66
fold2_room1_mix0139,61,5,0,-59,8,5.41
fold2_room1_mix0139,62,4,0,-10,-6,4.72
fold2_room1_mix0139,62,5,0,-62,9,4.98
fold2_room1_mix0139,63,4,0,-14,-7,3.78
fold2_room1_mix0139,63,5,0,-61,8,5.59
fold2_room1_mix0139,64,4,0,-20,-11,2.87
fold2_room1_mix0139,64,5,0,-57,8,5.86
fold2_room1_mix0139,65,4,0,-29,-13,1.97
fold2_room1_mix0139,65,5,0,-54,8,6.07
fold2_room1_mix0139,66,4,0,-44,-19,1.30
fold2_room1_mix0139,66,5,0,-58,8,5.60
fold2_room1_mix0139,67,4,0,-100,-26,1.11
fold2_room1_mix0139,67,5,0,-54,7,5.87
fold2_room1_mix0139,68,4,0,-138,-14,1.35
fold2_room1_mix0139,68,5,0,-48,8,5.95
fold2_room1_mix0139,69,4,0,-152,-9,1.96
fold2_room1_mix0139,69,5,0,-61,9,5.44
fold2_room1_mix0139,70,4,0,-159,-7,2.90
fold2_room1_mix0139,70,5,0,-52,8,5.92
fold2_room1_mix0139,71,4,0,-163,-7,3.66
fold2_room1_mix0139,71,5,0,-50,8,5.88
fold2_room1_mix0139,72,4,0,-167,-5,4.72
fold2_room1_mix0139,72,5,0,-56,8,5.25
fold2_room1_mix0139,73,4,0,-168,-4,5.31
fold2_room1_mix0139,73,5,0,-55,9,4.63
fold2_room1_mix0139,74,4,0,-170,-3,6.10
fold2_room1_mix0139,74,5,0,-63,10,4.65
fold2_room1_mix0139,75,4,0,-172,-2,7.04
fold2_room1_mix0139,75,5,0,-57,9,4.65
fold2_room1_mix0139,76,4,0,-172,-2,7.72
fold2_room1_mix0139,76,5,0,-56,9,4.46
fold2_room1_mix0139,77,4,0,-174,-2,8.83
fold2_room1_mix0139,77,5,0,-59,8,5.16
fold2_room1_mix0139,78,4,0,-175,-2,9.71
fold2_room1_mix0139,78,5,0,-60,9,4.78
fold2_room1_mix0139,79,4,0,-175,-1,10.69
fold2_room1_mix0139,79,5,0,-56,8,4.96
fold2_room1_mix0139,80,4,0,-177,-1,11.86
fold2_room1_mix0139,80,5,0,-60,9,4.57
fold2_room1_mix0139,81,4,0,-176,-1,12.06
fold2_room1_mix0139,81,5,0,-59,8,5.44
fold2_room1_mix0139,82,4,0,-177,-1,13.36
fold2_room1_mix0139,82,5,0,-58,8,5.23
fold2_room1_mix0139,83,4,0,-177,0,14.18
fold2_room1_mix0139,83,5,0,-60,8,5.85
fold2_room1_mix0139,84,4,0,-176,0,14.88
fold2_room1_mix0139,84,5,0,-62,8,5.81
fold2_room1_mix0139,85,4,0,-177,-1,15.59
fold2_room1_mix0139,85,5,0,-61,8,5.73
fold2_room1_mix0139,86,4,0,-178,0,16.59
fold2_room1_mix0139,86,5,0,-62,8,5.22
fold2_room1_mix0139,87,4,0,-178,0,17.75
fold2_room1_mix0139,87,5,0,-59,9,5.19
fold2_room1_mix0139,88,4,0,-178,0,18.85
fold2_room1_mix0139,88,5,0,-61,9,5.33
fold2_room1_mix0139,89,4,0,-177,0,19.49
fold2_room1_mix0139,89,5,0,-63,9,5.12
fold2_room1_mix0139,90,4,0,-179,0,19.60
fold2_room1_mix0139,90,5,0,-63,9,5.12
fold2_room1_mix0139,91,4,0,-178,0,21.88
fold2_room1_mix0139,91,5,0,-62,9,4.88
fold2_room1_mix0139,92,4,0,-178,0,21.81
fold2_room1_mix0139,92,5,0,-63,9,4.93
fold2_room1_mix0139,93,4,0,179,0,20.12
fold2_room1_mix0139,93,5,0,-64,9,5.00
fold2_room1_mix0139,94,4,0,179,0,17.51
fold2_room1_mix0139,94,5,0,-61,10,4.74
fold2_room1_mix0139,95,4,0,178,0,11.25
fold2_room1_mix0139,95,5,0,-59,9,5.30
fold2_room1_mix0139,96,5,0,-61,8,5.65
fold2_room1_mix0139,97,5,0,-63,8,5.66
fold2_room1_mix0139,98,5,0,-66,8,5.79
fold2_room1_mix0139,99,5,0,-65,8,5.85
fold2_room1_mix0140,57,4,0,-77,-1,2.73
fold2_room1_mix0140,59,4,0,-77,-2,5.05
fold2_room1_mix0140,60,4,0,-72,-2,7.77
fold2_room1_mix0140,61,4,0,-77,-2,8.06
fold2_room1_mix0140,62,4,0,-83,-1,6.49
fold2_room1_mix0140,63,4,0,-82,-2,8.34
fold2_room1_mix0140,64,4,0,-86,-1,7.98
fold2_room1_mix0140,65,4,0,-90,-1,8.30
fold2_room1_mix0140,66,4,0,-91,-2,9.46
fold2_room1_mix0140,67,4,0,-95,-2,9.15
fold2_room1_mix0140,68,4,0,-95,-2,9.99
fold2_room1_mix0140,69,4,0,-98,-2,10.37
fold2_room1_mix0140,70,4,0,-99,-2,6.84
fold2_room1_mix0140,71,4,0,-100,-2,6.88
fold2_room1_mix0140,72,4,0,-102,-2,8.35
fold2_room1_mix0140,73,4,0,-105,-2,7.59
fold2_room1_mix0140,74,4,0,-103,-2,2.85
fold2_room1_mix0140,75,4,0,-115,-2,5.86
fold2_room1_mix0140,76,4,0,-114,-2,8.59
fold2_room1_mix0140,58,4,0,-81,-1,2.64
fold2_room1_mix0141,37,4,0,-179,-3,4.26
fold2_room1_mix0141,37,4,0,44,-4,3.97
fold2_room1_mix0141,38,4,0,-177,-2,6.25
fold2_room1_mix0141,38,4,0,48,-3,5.32
fold2_room1_mix0141,39,4,0,-169,0,7.49
fold2_room1_mix0141,39,4,0,56,-4,5.27
fold2_room1_mix0141,40,4,0,-171,0,8.88
fold2_room1_mix0141,40,4,0,61,-5,5.54
fold2_room1_mix0141,41,4,0,-173,-1,10.55
fold2_room1_mix0141,41,4,0,66,-6,5.86
fold2_room1_mix0141,42,4,0,-170,-1,11.28
fold2_room1_mix0141,42,4,0,77,-6,6.13
fold2_room1_mix0141,43,4,0,-168,-1,11.57
fold2_room1_mix0141,43,4,0,80,-6,5.77
fold2_room1_mix0141,44,4,0,-169,0,11.48
fold2_room1_mix0141,44,4,0,86,-5,6.28
fold2_room1_mix0141,45,4,0,-175,-2,10.48
fold2_room1_mix0141,45,4,0,100,-5,6.29
fold2_room1_mix0141,46,4,0,-164,-3,9.81
fold2_room1_mix0141,46,4,0,114,-5,7.25
fold2_room1_mix0141,47,4,0,-156,-1,10.74
fold2_room1_mix0141,47,4,0,113,-5,7.20
fold2_room1_mix0141,48,4,0,-141,-1,9.78
fold2_room1_mix0141,48,4,0,126,-3,7.48
fold2_room1_mix0141,49,4,0,-154,-2,9.09
fold2_room1_mix0141,49,4,0,150,-5,7.05
fold2_room1_mix0141,49,4,0,135,-4,7.36
fold2_room1_mix0141,50,4,0,-145,-2,10.57
fold2_room1_mix0141,50,4,0,139,-3,8.61
fold2_room1_mix0141,51,4,0,-144,-1,10.31
fold2_room1_mix0141,51,4,0,149,-2,8.70
fold2_room1_mix0141,52,4,0,-142,-1,11.68
fold2_room1_mix0141,52,4,0,-174,-1,10.12
fold2_room1_mix0141,52,4,0,158,-2,10.29
fold2_room1_mix0141,53,4,0,-142,-2,9.33
fold2_room1_mix0141,53,4,0,-159,-3,8.48
fold2_room1_mix0141,53,4,0,175,-3,9.35
fold2_room1_mix0141,54,4,0,-143,-2,9.62
fold2_room1_mix0141,54,4,0,-127,-1,9.34
fold2_room1_mix0141,54,4,0,-167,-3,9.54
fold2_room1_mix0141,55,4,0,-137,-2,9.95
fold2_room1_mix0141,56,4,0,-136,-2,8.75
fold2_room1_mix0141,57,4,0,-130,-3,9.19
fold2_room1_mix0141,58,4,0,-132,-2,9.42
fold2_room1_mix0141,59,4,0,-124,-3,9.03
fold2_room1_mix0141,60,4,0,-123,-3,8.85
fold2_room1_mix0141,61,4,0,-122,-3,9.07
fold2_room1_mix0141,62,4,0,-117,-3,9.07
fold2_room1_mix0141,63,4,0,-118,-3,9.09
fold2_room1_mix0141,64,4,0,-115,-3,8.89
fold2_room1_mix0141,65,4,0,-111,-4,8.76
fold2_room1_mix0141,66,4,0,-112,-3,8.00
fold2_room1_mix0141,66,4,0,-89,-5,9.17
fold2_room1_mix0141,67,4,0,-112,-4,7.07
fold2_room1_mix0141,67,4,0,-83,-6,8.04
fold2_room1_mix0141,68,4,0,-103,-5,8.16
fold2_room1_mix0141,68,4,0,-79,-5,7.49
fold2_room1_mix0141,68,4,0,-50,-5,9.56
fold2_room1_mix0141,69,3,0,-18,-4,8.85
fold2_room1_mix0141,69,4,0,-107,-7,6.70
fold2_room1_mix0141,69,4,0,-49,-6,8.53
fold2_room1_mix0141,70,3,0,-18,-4,8.52
fold2_room1_mix0141,70,4,0,-104,-7,6.87
fold2_room1_mix0141,70,4,0,-85,-6,7.18
fold2_room1_mix0141,70,4,0,-26,-4,11.17
fold2_room1_mix0141,71,3,0,-23,-4,7.62
fold2_room1_mix0141,71,4,0,-75,-8,6.31
fold2_room1_mix0141,71,4,0,-29,-6,9.08
fold2_room1_mix0141,72,3,0,-22,-4,2.37
fold2_room1_mix0141,72,4,0,-79,-9,6.15
fold2_room1_mix0141,72,4,0,-63,-9,6.23
fold2_room1_mix0141,72,4,0,-14,-7,9.43
fold2_room1_mix0141,73,3,0,-26,-6,3.61
fold2_room1_mix0141,73,4,0,-72,-8,5.65
fold2_room1_mix0141,73,4,0,7,-7,9.04
fold2_room1_mix0141,74,4,0,-67,-12,5.71
fold2_room1_mix0141,74,4,0,37,-10,7.79
fold2_room1_mix0141,75,3,0,-41,-5,6.29
fold2_room1_mix0141,75,4,0,-62,-14,5.57
fold2_room1_mix0141,75,4,0,66,-16,6.80
fold2_room1_mix0141,76,3,0,-25,-4,11.22
fold2_room1_mix0141,76,4,0,-60,-16,6.88
fold2_room1_mix0141,76,4,0,-86,-22,6.82
fold2_room1_mix0141,77,3,0,-23,-3,11.45
fold2_room1_mix0141,78,3,0,-24,-3,11.92
fold2_room1_mix0141,79,3,0,-37,-3,8.84
fold2_room1_mix0141,79,4,0,140,-11,9.10
fold2_room1_mix0141,79,4,0,-64,-12,6.98
fold2_room1_mix0141,80,4,0,170,-6,10.50
fold2_room1_mix0141,80,4,0,-63,-9,8.77
fold2_room1_mix0141,81,4,0,174,-5,9.83
fold2_room1_mix0141,81,4,0,-68,-7,8.10
fold2_room1_mix0141,82,4,0,161,-5,9.67
fold2_room1_mix0141,82,4,0,-59,-6,8.44
fold2_room1_mix0141,83,4,0,172,-4,10.87
fold2_room1_mix0141,83,4,0,-61,-6,7.98
fold2_room1_mix0141,84,4,0,-160,-5,11.22
fold2_room1_mix0141,84,4,0,-59,-5,9.17
fold2_room1_mix0141,85,4,0,-158,-5,11.04
fold2_room1_mix0141,85,4,0,-55,-5,9.01
fold2_room1_mix0141,86,4,0,-117,-7,11.58
fold2_room1_mix0141,86,4,0,-54,-5,9.70
fold2_room1_mix0141,87,4,0,-110,-8,11.77
fold2_room1_mix0141,87,4,0,-52,-4,10.47
fold2_room1_mix0141,88,4,0,-99,-6,11.72
fold2_room1_mix0141,88,4,0,-50,-4,10.90
fold2_room1_mix0141,89,4,0,-75,-6,11.98
fold2_room1_mix0141,89,4,0,-47,-4,11.25
fold2_room1_mix0141,90,4,0,-46,-4,11.51
fold2_room1_mix0141,91,4,0,-43,-4,11.65
fold2_room1_mix0141,92,4,0,-45,-4,11.90
fold2_room1_mix0141,93,4,0,-44,-3,11.62
fold2_room1_mix0141,94,4,0,-46,-3,11.91
fold2_room1_mix0141,95,4,0,-46,-3,11.58
fold2_room1_mix0141,96,4,0,-45,-3,12.11
fold2_room1_mix0141,97,4,0,-44,-3,12.23
fold2_room1_mix0141,98,4,0,-44,-3,12.79
fold2_room1_mix0141,99,4,0,-44,-3,11.81
fold2_room1_mix0141,36,4,0,30,-3,2.23
fold2_room1_mix0142,4,4,0,-175,0,15.81
fold2_room1_mix0142,5,4,0,-174,1,10.83
fold2_room1_mix0142,6,4,0,-176,0,10.97
fold2_room1_mix0142,7,4,0,-179,2,2.80
fold2_room1_mix0142,8,4,0,-174,0,12.88
fold2_room1_mix0142,9,4,0,-176,0,8.22
fold2_room1_mix0142,10,4,0,-177,0,16.11
fold2_room1_mix0142,11,4,0,-178,0,23.75
fold2_room1_mix0142,12,4,0,-177,0,33.30
fold2_room1_mix0142,12,4,0,-14,0,39.22
fold2_room1_mix0142,13,4,0,-179,0,25.25
fold2_room1_mix0142,13,4,0,-16,0,32.93
fold2_room1_mix0142,14,4,0,-179,0,26.29
fold2_room1_mix0142,15,4,0,179,0,31.46
fold2_room1_mix0142,15,4,0,-21,0,40.64
fold2_room1_mix0142,16,4,0,-176,0,32.17
fold2_room1_mix0142,16,4,0,-23,0,41.59
fold2_room1_mix0142,17,4,0,-176,0,33.34
fold2_room1_mix0142,17,4,0,-24,0,42.19
fold2_room1_mix0142,18,4,0,-177,0,31.10
fold2_room1_mix0142,18,4,0,-26,0,37.54
fold2_room1_mix0142,19,4,0,-177,0,31.34
fold2_room1_mix0142,19,4,0,-14,0,41.84
fold2_room1_mix0142,20,4,0,-177,0,33.44
fold2_room1_mix0142,20,4,0,-17,0,39.06
fold2_room1_mix0142,21,4,0,-176,0,29.92
fold2_room1_mix0142,21,4,0,-17,0,39.02
fold2_room1_mix0142,22,4,0,-178,0,28.38
fold2_room1_mix0142,22,4,0,-19,0,34.47
fold2_room1_mix0142,23,4,0,-178,0,28.46
fold2_room1_mix0142,23,4,0,-19,0,34.48
fold2_room1_mix0142,24,4,0,-176,0,28.16
fold2_room1_mix0142,24,4,0,-17,0,33.73
fold2_room1_mix0142,25,4,0,-174,0,29.82
fold2_room1_mix0142,25,4,0,-14,0,37.67
fold2_room1_mix0142,26,4,0,-177,0,28.85
fold2_room1_mix0142,26,4,0,-24,0,35.23
fold2_room1_mix0142,27,4,0,-177,0,29.73
fold2_room1_mix0142,27,4,0,-18,0,34.85
fold2_room1_mix0142,28,4,0,-175,0,31.01
fold2_room1_mix0142,28,4,0,-15,0,34.60
fold2_room1_mix0142,29,4,0,-175,0,28.48
fold2_room1_mix0142,29,4,0,-16,0,34.05
fold2_room1_mix0142,30,4,0,-174,0,29.53
fold2_room1_mix0142,30,4,0,-12,0,33.62
fold2_room1_mix0142,31,4,0,-176,0,27.96
fold2_room1_mix0142,31,4,0,-13,0,32.60
fold2_room1_mix0142,32,4,0,-174,0,28.18
fold2_room1_mix0142,32,4,0,-13,0,32.44
fold2_room1_mix0142,33,4,0,-175,0,28.79
fold2_room1_mix0142,33,4,0,-17,0,34.00
fold2_room1_mix0142,34,4,0,-175,0,27.98
fold2_room1_mix0142,34,4,0,-13,0,32.64
fold2_room1_mix0142,35,4,0,-179,0,27.33
fold2_room1_mix0142,35,4,0,-18,0,32.97
fold2_room1_mix0142,36,4,0,-176,0,28.16
fold2_room1_mix0142,36,4,0,-13,0,33.49
fold2_room1_mix0142,37,4,0,-176,0,27.70
fold2_room1_mix0142,37,4,0,-15,0,33.05
fold2_room1_mix0142,38,4,0,-177,0,25.86
fold2_room1_mix0142,38,4,0,-15,0,31.06
fold2_room1_mix0142,39,4,0,-177,0,24.06
fold2_room1_mix0142,39,4,0,-16,0,30.62
fold2_room1_mix0142,40,4,0,-176,0,24.38
fold2_room1_mix0142,40,4,0,-25,0,27.55
fold2_room1_mix0142,41,4,0,-177,0,24.52
fold2_room1_mix0142,41,4,0,-20,0,30.48
fold2_room1_mix0142,42,4,0,-179,0,22.57
fold2_room1_mix0142,42,4,0,-26,0,27.67
fold2_room1_mix0142,43,4,0,-177,0,23.86
fold2_room1_mix0142,43,4,0,-27,0,27.91
fold2_room1_mix0142,44,4,0,-178,0,23.89
fold2_room1_mix0142,44,4,0,-29,-1,27.14
fold2_room1_mix0142,45,4,0,-179,0,23.32
fold2_room1_mix0142,45,4,0,-26,-1,27.03
fold2_room1_mix0142,46,4,0,-168,0,26.56
fold2_room1_mix0142,46,4,0,174,0,20.04
fold2_room1_mix0142,46,4,0,-22,-1,27.85
fold2_room1_mix0142,47,4,0,-178,0,22.54
fold2_room1_mix0142,47,4,0,-27,0,29.58
fold2_room1_mix0142,48,4,0,-178,-1,21.81
fold2_room1_mix0142,48,4,0,-31,-1,25.14
fold2_room1_mix0142,49,4,0,-177,0,22.10
fold2_room1_mix0142,49,4,0,-27,0,28.65
fold2_room1_mix0142,50,4,0,178,0,22.92
fold2_room1_mix0142,50,4,0,-40,-1,26.38
fold2_room1_mix0142,51,4,0,-175,-1,20.46
fold2_room1_mix0142,51,4,0,-36,-1,25.06
fold2_room1_mix0142,52,4,0,-178,-1,21.13
fold2_room1_mix0142,52,4,0,-42,-1,25.24
fold2_room1_mix0142,53,4,0,-174,-1,19.91
fold2_room1_mix0142,53,4,0,-36,-1,26.41
fold2_room1_mix0142,54,4,0,-176,-1,19.06
fold2_room1_mix0142,54,4,0,-55,-2,20.50
fold2_room1_mix0142,55,4,0,-175,-1,17.61
fold2_room1_mix0142,55,4,0,-47,-1,22.27
fold2_room1_mix0142,56,4,0,-173,-1,18.89
fold2_room1_mix0142,56,4,0,-45,-1,21.71
fold2_room1_mix0142,57,4,0,-173,-2,16.61
fold2_room1_mix0142,57,4,0,-54,-1,19.64
fold2_room1_mix0142,58,4,0,-168,-1,17.50
fold2_room1_mix0142,58,4,0,175,-1,15.94
fold2_room1_mix0142,58,4,0,-51,-1,20.47
fold2_room1_mix0142,59,4,0,-174,-1,15.79
fold2_room1_mix0142,59,4,0,-46,-1,20.12
fold2_room1_mix0142,60,4,0,-175,-1,15.21
fold2_room1_mix0142,60,4,0,-52,-1,19.68
fold2_room1_mix0142,61,4,0,-167,-1,15.55
fold2_room1_mix0142,61,4,0,174,-1,13.49
fold2_room1_mix0142,61,4,0,-52,0,18.55
fold2_room1_mix0142,62,4,0,-167,-2,14.28
fold2_room1_mix0142,62,4,0,174,-2,13.15
fold2_room1_mix0142,62,4,0,-58,-1,17.71
fold2_room1_mix0142,63,4,0,-174,-2,11.97
fold2_room1_mix0142,63,4,0,-62,0,18.50
fold2_room1_mix0142,64,4,0,-176,-3,12.28
fold2_room1_mix0142,64,4,0,-67,-1,16.60
fold2_room1_mix0142,65,4,0,-174,-3,11.58
fold2_room1_mix0142,65,4,0,-58,-1,17.72
fold2_room1_mix0142,66,4,0,-174,-4,10.33
fold2_room1_mix0142,66,4,0,-68,-2,15.11
fold2_room1_mix0142,67,4,0,-170,-4,9.44
fold2_room1_mix0142,67,4,0,-60,-1,16.59
fold2_room1_mix0142,68,4,0,-174,-5,9.08
fold2_room1_mix0142,68,4,0,-68,-1,15.68
fold2_room1_mix0142,69,4,0,-171,-6,7.82
fold2_room1_mix0142,69,4,0,-67,-1,15.42
fold2_room1_mix0142,70,4,0,-172,-6,7.90
fold2_room1_mix0142,70,4,0,-70,-1,15.11
fold2_room1_mix0142,71,4,0,-172,-7,6.91
fold2_room1_mix0142,71,4,0,-72,-1,14.69
fold2_room1_mix0142,72,4,0,-171,-8,6.04
fold2_room1_mix0142,72,4,0,-78,-1,14.66
fold2_room1_mix0142,73,4,0,-170,-9,5.47
fold2_room1_mix0142,73,4,0,-76,-1,15.01
fold2_room1_mix0142,74,4,0,-170,-11,4.76
fold2_room1_mix0142,74,4,0,-80,-1,15.44
fold2_room1_mix0142,75,4,0,-165,-10,5.08
fold2_room1_mix0142,75,4,0,-79,-1,15.03
fold2_room1_mix0142,76,4,0,-166,-14,3.95
fold2_room1_mix0142,76,4,0,-97,-1,15.60
fold2_room1_mix0142,77,4,0,-167,-15,3.51
fold2_room1_mix0142,77,4,0,-98,-2,15.15
fold2_room1_mix0142,78,4,0,-162,-18,3.46
fold2_room1_mix0142,78,4,0,-102,-3,15.00
fold2_room1_mix0142,79,4,0,-162,-14,5.55
fold2_room1_mix0142,79,4,0,-149,-26,1.48
fold2_room1_mix0142,79,4,0,-98,-6,11.80
fold2_room1_mix0142,80,4,0,-161,-13,6.79
fold2_room1_mix0142,80,4,0,-139,-33,1.16
fold2_room1_mix0142,80,4,0,-89,-10,9.02
fold2_room1_mix0142,81,4,0,-167,-5,12.01
fold2_room1_mix0142,81,4,0,-125,-26,1.55
fold2_room1_mix0142,81,4,0,-74,-16,4.71
fold2_room1_mix0142,82,4,0,-164,-6,12.30
fold2_room1_mix0142,82,4,0,-130,-29,1.65
fold2_room1_mix0142,82,4,0,-68,-23,4.06
fold2_room1_mix0142,83,4,0,-157,-4,14.51
fold2_room1_mix0142,83,4,0,-104,-38,1.79
fold2_room1_mix0142,83,4,0,-49,-29,2.57
fold2_room1_mix0142,84,4,0,-139,-3,15.61
fold2_room1_mix0142,84,4,0,-48,-30,1.37
fold2_room1_mix0142,84,4,0,-34,-20,2.69
fold2_room1_mix0142,85,4,0,-130,-1,18.29
fold2_room1_mix0142,85,4,0,-29,-19,2.23
fold2_room1_mix0142,86,4,0,-131,0,19.55
fold2_room1_mix0142,86,4,0,-23,-15,3.09
fold2_room1_mix0142,87,4,0,-143,-1,21.51
fold2_room1_mix0142,87,4,0,-18,-11,4.14
fold2_room1_mix0142,88,4,0,-132,0,26.01
fold2_room1_mix0142,88,4,0,-12,-11,4.26
fold2_room1_mix0142,89,4,0,-124,0,24.35
fold2_room1_mix0142,89,4,0,-11,-9,4.42
fold2_room1_mix0142,90,4,0,-138,0,24.68
fold2_room1_mix0142,90,4,0,-11,-7,6.02
fold2_room1_mix0142,91,4,0,-142,0,25.28
fold2_room1_mix0142,91,4,0,-10,-6,7.06
fold2_room1_mix0142,92,4,0,-139,0,25.54
fold2_room1_mix0142,92,4,0,-11,-6,6.70
fold2_room1_mix0142,93,4,0,-144,0,23.22
fold2_room1_mix0142,93,4,0,-11,-6,7.68
fold2_room1_mix0142,94,4,0,-145,0,24.53
fold2_room1_mix0142,94,4,0,-10,-5,8.17
fold2_room1_mix0142,95,4,0,-144,0,23.85
fold2_room1_mix0142,95,4,0,-11,-6,7.49
fold2_room1_mix0142,96,4,0,-146,0,24.84
fold2_room1_mix0142,96,4,0,-11,-5,8.99
fold2_room1_mix0142,97,4,0,-148,0,23.02
fold2_room1_mix0142,97,4,0,-9,-4,10.41
fold2_room1_mix0142,98,4,0,-147,0,25.39
fold2_room1_mix0142,98,4,0,-9,-5,9.48
fold2_room1_mix0142,99,4,0,-144,0,25.34
fold2_room1_mix0142,99,4,0,-9,-4,9.90
fold2_room1_mix0143,3,4,0,-28,0,8.71
fold2_room1_mix0143,4,4,0,-30,-1,9.52
fold2_room1_mix0143,5,4,0,-30,-1,11.36
fold2_room1_mix0143,6,4,0,-30,-1,13.87
fold2_room1_mix0143,7,4,0,-31,-1,17.75
fold2_room1_mix0143,8,4,0,-29,-2,17.08
fold2_room1_mix0143,9,4,0,-29,-1,16.98
fold2_room1_mix0143,10,4,0,-32,-1,17.44
fold2_room1_mix0143,11,4,0,-33,-1,17.49
fold2_room1_mix0143,12,4,0,-32,-1,16.80
fold2_room1_mix0143,13,4,0,-37,-1,16.42
fold2_room1_mix0143,14,4,0,-38,-1,16.13
fold2_room1_mix0143,15,4,0,-37,-1,15.65
fold2_room1_mix0143,16,4,0,-37,-1,14.68
fold2_room1_mix0143,17,4,0,-37,-1,15.32
fold2_room1_mix0143,18,4,0,-36,-1,14.64
fold2_room1_mix0143,19,4,0,-36,-1,13.99
fold2_room1_mix0143,20,4,0,-38,-1,14.96
fold2_room1_mix0143,21,4,0,-38,-1,14.69
fold2_room1_mix0143,22,4,0,-39,-2,13.57
fold2_room1_mix0143,23,4,0,-41,-1,12.63
fold2_room1_mix0143,24,4,0,-42,-2,12.50
fold2_room1_mix0143,25,4,0,-43,-1,12.27
fold2_room1_mix0143,26,4,0,-50,-2,10.67
fold2_room1_mix0143,26,4,0,-35,-1,15.03
fold2_room1_mix0143,27,4,0,-44,-1,12.26
fold2_room1_mix0143,28,4,0,-43,-2,12.38
fold2_room1_mix0143,29,4,0,-44,-2,12.54
fold2_room1_mix0143,30,4,0,-43,-2,12.46
fold2_room1_mix0143,31,4,0,-47,-2,12.07
fold2_room1_mix0143,32,4,0,-53,-3,10.05
fold2_room1_mix0143,32,4,0,-28,0,20.90
fold2_room1_mix0143,33,4,0,-53,-3,10.16
fold2_room1_mix0143,33,4,0,-32,0,18.99
fold2_room1_mix0143,34,4,0,-58,-3,9.40
fold2_room1_mix0143,34,4,0,-36,0,18.89
fold2_room1_mix0143,35,4,0,-57,-3,9.22
fold2_room1_mix0143,35,4,0,-32,0,20.46
fold2_room1_mix0143,36,4,0,-60,-3,8.88
fold2_room1_mix0143,36,4,0,-34,0,20.67
fold2_room1_mix0143,37,4,0,-62,-4,8.78
fold2_room1_mix0143,37,4,0,-27,0,22.08
fold2_room1_mix0143,38,4,0,-63,-3,8.20
fold2_room1_mix0143,38,4,0,-26,0,23.35
fold2_room1_mix0143,39,4,0,-65,-3,8.19
fold2_room1_mix0143,39,4,0,-28,0,21.71
fold2_room1_mix0143,40,4,0,-73,-4,7.52
fold2_room1_mix0143,40,4,0,-23,0,24.10
fold2_room1_mix0143,41,4,0,-77,-4,7.46
fold2_room1_mix0143,41,4,0,-19,0,23.89
fold2_room1_mix0143,42,4,0,-77,-4,7.25
fold2_room1_mix0143,42,4,0,-16,0,23.84
fold2_room1_mix0143,43,4,0,-82,-4,6.85
fold2_room1_mix0143,43,4,0,-13,0,20.66
fold2_room1_mix0143,44,4,0,-88,-4,7.12
fold2_room1_mix0143,44,4,0,-11,0,23.47
fold2_room1_mix0143,45,4,0,-84,-4,7.85
fold2_room1_mix0143,45,4,0,-11,0,23.08
fold2_room1_mix0143,46,4,0,-87,-5,7.82
fold2_room1_mix0143,46,4,0,-12,-2,23.01
fold2_room1_mix0143,47,0,0,172,-2,5.72
fold2_room1_mix0143,47,4,0,-98,-3,8.73
fold2_room1_mix0143,47,4,0,-82,-5,7.57
fold2_room1_mix0143,47,4,0,-8,-1,22.45
fold2_room1_mix0143,48,0,0,168,-1,15.34
fold2_room1_mix0143,48,4,0,-126,-4,11.02
fold2_room1_mix0143,48,4,0,-89,-6,7.49
fold2_room1_mix0143,48,4,0,-8,-3,19.11
fold2_room1_mix0143,49,0,0,163,-1,17.34
fold2_room1_mix0143,49,4,0,-121,-4,10.26
fold2_room1_mix0143,49,4,0,-82,-5,8.10
fold2_room1_mix0143,49,4,0,-9,-3,18.45
fold2_room1_mix0143,50,0,0,166,-1,23.51
fold2_room1_mix0143,50,4,0,-128,-3,9.29
fold2_room1_mix0143,50,4,0,-47,-3,9.94
fold2_room1_mix0143,50,4,0,-15,-4,11.80
fold2_room1_mix0143,51,0,0,170,-1,29.57
fold2_room1_mix0143,51,4,0,-126,-3,10.21
fold2_room1_mix0143,51,4,0,-35,-4,10.64
fold2_room1_mix0143,51,4,0,-15,-4,12.16
fold2_room1_mix0143,52,0,0,168,-1,25.62
fold2_room1_mix0143,52,4,0,-134,-2,12.74
fold2_room1_mix0143,52,4,0,-34,-5,9.37
fold2_room1_mix0143,52,4,0,-13,-3,11.43
fold2_room1_mix0143,53,0,0,173,-1,33.49
fold2_room1_mix0143,53,4,0,-134,-2,11.68
fold2_room1_mix0143,53,4,0,-22,-4,10.20
fold2_room1_mix0143,54,0,0,170,-1,37.55
fold2_room1_mix0143,54,4,0,-134,-2,12.39
fold2_room1_mix0143,54,4,0,-32,-5,8.58
fold2_room1_mix0143,54,4,0,-12,-4,9.79
fold2_room1_mix0143,55,0,0,176,-1,33.04
fold2_room1_mix0143,55,4,0,-136,-2,12.31
fold2_room1_mix0143,55,4,0,-10,-5,8.53
fold2_room1_mix0143,56,0,0,177,-1,34.26
fold2_room1_mix0143,56,4,0,-137,-2,11.23
fold2_room1_mix0143,56,4,0,-14,-6,7.65
fold2_room1_mix0143,57,0,0,170,-1,37.89
fold2_room1_mix0143,57,4,0,-131,-3,11.05
fold2_room1_mix0143,57,4,0,-21,-6,8.00
fold2_room1_mix0143,57,4,0,4,-6,8.22
fold2_room1_mix0143,58,0,0,172,-1,38.15
fold2_room1_mix0143,58,4,0,-132,-3,11.20
fold2_room1_mix0143,58,4,0,-20,-7,7.38
fold2_room1_mix0143,58,4,0,0,-7,7.17
fold2_room1_mix0143,59,0,0,174,-1,45.96
fold2_room1_mix0143,59,4,0,-128,-4,11.12
fold2_room1_mix0143,59,4,0,-9,-9,6.74
fold2_room1_mix0143,59,4,0,7,-8,6.80
fold2_room1_mix0143,60,0,0,169,-1,37.30
fold2_room1_mix0143,60,4,0,-129,-4,10.05
fold2_room1_mix0143,60,4,0,10,-10,5.02
fold2_room1_mix0143,61,0,0,169,-1,37.48
fold2_room1_mix0143,61,4,0,-125,-5,9.09
fold2_room1_mix0143,61,4,0,17,-12,4.77
fold2_room1_mix0143,62,0,0,169,-1,30.86
fold2_room1_mix0143,62,4,0,-129,-2,10.84
fold2_room1_mix0143,62,4,0,3,-15,4.74
fold2_room1_mix0143,62,4,0,35,-13,2.91
fold2_room1_mix0143,63,0,0,171,0,32.60
fold2_room1_mix0143,63,4,0,-132,-3,8.61
fold2_room1_mix0143,63,4,0,41,-14,3.55
fold2_room1_mix0143,64,0,0,170,0,43.24
fold2_room1_mix0143,64,4,0,-133,-4,9.88
fold2_room1_mix0143,64,4,0,-101,-18,5.69
fold2_room1_mix0143,64,4,0,56,-17,1.86
fold2_room1_mix0143,65,0,0,171,0,37.16
fold2_room1_mix0143,65,4,0,-136,-4,9.29
fold2_room1_mix0143,65,4,0,-116,-6,6.31
fold2_room1_mix0143,65,4,0,89,-19,1.95
fold2_room1_mix0143,66,0,0,171,0,39.09
fold2_room1_mix0143,66,4,0,-131,-5,9.62
fold2_room1_mix0143,66,4,0,104,-17,2.39
fold2_room1_mix0143,67,0,0,172,0,52.43
fold2_room1_mix0143,67,4,0,-136,-6,8.69
fold2_room1_mix0143,67,4,0,110,-14,3.21
fold2_room1_mix0143,68,0,0,171,0,40.30
fold2_room1_mix0143,68,4,0,-143,-4,9.27
fold2_room1_mix0143,68,4,0,121,-13,3.10
fold2_room1_mix0143,69,0,0,170,0,49.46
fold2_room1_mix0143,69,4,0,-141,-4,8.07
fold2_room1_mix0143,69,4,0,120,-11,3.92
fold2_room1_mix0143,70,0,0,169,0,46.14
fold2_room1_mix0143,70,4,0,-157,-2,9.46
fold2_room1_mix0143,70,4,0,-134,-2,7.99
fold2_room1_mix0143,70,4,0,123,-10,3.81
fold2_room1_mix0143,71,0,0,171,0,46.78
fold2_room1_mix0143,71,4,0,-145,-2,9.37
fold2_room1_mix0143,71,4,0,131,-8,5.18
fold2_room1_mix0143,72,0,0,170,0,46.54
fold2_room1_mix0143,72,4,0,-172,-2,11.74
fold2_room1_mix0143,72,4,0,-133,0,11.98
fold2_room1_mix0143,72,4,0,139,-7,4.66
fold2_room1_mix0143,73,0,0,169,0,41.78
fold2_room1_mix0143,73,4,0,-167,-2,9.73
fold2_room1_mix0143,73,4,0,-136,-1,10.43
fold2_room1_mix0143,73,4,0,141,-6,5.75
fold2_room1_mix0143,74,0,0,169,0,52.48
fold2_room1_mix0143,74,4,0,-167,-1,11.53
fold2_room1_mix0143,74,4,0,-137,0,13.32
fold2_room1_mix0143,74,4,0,144,-5,6.12
fold2_room1_mix0143,75,0,0,170,0,51.20
fold2_room1_mix0143,75,4,0,-164,-1,12.79
fold2_room1_mix0143,75,4,0,-138,0,13.47
fold2_room1_mix0143,75,4,0,148,-4,7.10
fold2_room1_mix0143,76,0,0,169,0,60.94
fold2_room1_mix0143,76,4,0,179,-2,12.41
fold2_room1_mix0143,76,4,0,176,-3,10.38
fold2_room1_mix0143,77,0,0,171,0,74.10
fold2_room1_mix0143,77,4,0,173,-3,10.87
fold2_room1_mix0143,77,4,0,-140,-1,12.51
fold2_room1_mix0143,78,0,0,170,0,76.57
fold2_room1_mix0143,78,4,0,170,-3,12.22
fold2_room1_mix0143,78,4,0,-139,-1,12.73
fold2_room1_mix0143,79,0,0,171,0,73.20
fold2_room1_mix0143,79,4,0,178,-2,14.34
fold2_room1_mix0143,79,4,0,-139,-1,13.56
fold2_room1_mix0143,80,0,0,169,0,76.61
fold2_room1_mix0143,80,4,0,169,-2,13.76
fold2_room1_mix0143,80,4,0,-142,0,14.98
fold2_room1_mix0143,81,0,0,169,0,74.28
fold2_room1_mix0143,81,4,0,170,-2,16.27
fold2_room1_mix0143,81,4,0,-141,0,15.72
fold2_room1_mix0143,82,0,0,171,0,77.04
fold2_room1_mix0143,82,4,0,171,-2,15.04
fold2_room1_mix0143,82,4,0,-140,-1,15.07
fold2_room1_mix0143,83,0,0,172,0,77.06
fold2_room1_mix0143,83,4,0,177,-1,15.65
fold2_room1_mix0143,83,4,0,-151,-1,14.90
fold2_room1_mix0143,83,4,0,-135,-1,13.85
fold2_room1_mix0143,84,0,0,172,0,72.35
fold2_room1_mix0143,84,4,0,172,-2,15.59
fold2_room1_mix0143,84,4,0,-152,-1,15.81
fold2_room1_mix0143,84,4,0,-135,-1,14.26
fold2_room1_mix0143,85,0,0,173,0,73.34
fold2_room1_mix0143,85,4,0,-176,-1,16.88
fold2_room1_mix0143,85,4,0,-151,-1,15.60
fold2_room1_mix0143,85,4,0,-135,-1,14.49
fold2_room1_mix0143,86,0,0,172,0,67.27
fold2_room1_mix0143,86,4,0,-178,-1,16.26
fold2_room1_mix0143,86,4,0,-155,-1,15.32
fold2_room1_mix0143,86,4,0,-134,0,13.95
fold2_room1_mix0143,87,0,0,172,0,68.63
fold2_room1_mix0143,87,4,0,-175,-1,16.77
fold2_room1_mix0143,87,4,0,-159,-1,16.42
fold2_room1_mix0143,87,4,0,-136,-1,14.86
fold2_room1_mix0143,88,0,0,172,0,74.19
fold2_room1_mix0143,88,4,0,179,-1,18.26
fold2_room1_mix0143,88,4,0,-152,-1,17.00
fold2_room1_mix0143,88,4,0,-135,-1,15.25
fold2_room1_mix0143,89,0,0,173,0,70.56
fold2_room1_mix0143,89,4,0,177,-1,17.19
fold2_room1_mix0143,89,4,0,-156,0,17.00
fold2_room1_mix0143,89,4,0,-136,0,15.84
fold2_room1_mix0143,90,0,0,174,0,51.74
fold2_room1_mix0143,90,4,0,175,-1,20.82
fold2_room1_mix0143,90,4,0,-146,0,19.58
fold2_room1_mix0143,91,0,0,175,0,35.23
fold2_room1_mix0143,91,4,0,175,-1,20.90
fold2_room1_mix0143,91,4,0,-154,0,21.84
fold2_room1_mix0143,91,4,0,-136,0,18.49
fold2_room1_mix0143,92,0,0,176,0,19.40
fold2_room1_mix0143,92,4,0,173,-1,20.89
fold2_room1_mix0143,92,4,0,-158,0,22.15
fold2_room1_mix0143,92,4,0,-138,0,18.85
fold2_room1_mix0143,93,0,0,176,0,21.15
fold2_room1_mix0143,93,4,0,177,-1,21.05
fold2_room1_mix0143,93,4,0,-144,0,22.26
fold2_room1_mix0143,94,0,0,176,0,7.27
fold2_room1_mix0143,94,4,0,173,-1,22.86
fold2_room1_mix0143,94,4,0,-145,0,22.29
fold2_room1_mix0143,95,0,0,177,0,4.65
fold2_room1_mix0143,95,4,0,171,-1,22.59
fold2_room1_mix0143,95,4,0,-148,0,22.43
fold2_room1_mix0143,96,0,0,178,0,6.92
fold2_room1_mix0143,96,4,0,175,0,24.71
fold2_room1_mix0143,96,4,0,-147,0,25.22
fold2_room1_mix0143,97,0,0,177,0,2.20
fold2_room1_mix0143,97,4,0,175,0,27.23
fold2_room1_mix0143,97,4,0,-147,0,25.57
fold2_room1_mix0143,98,0,0,177,0,5.07
fold2_room1_mix0143,98,4,0,176,0,25.96
fold2_room1_mix0143,98,4,0,-148,0,24.55
fold2_room1_mix0143,99,0,0,176,0,10.84
fold2_room1_mix0143,99,4,0,175,0,23.56
fold2_room1_mix0143,99,4,0,-151,0,24.91
fold2_room1_mix0144,4,4,0,175,0,16.82
fold2_room1_mix0144,5,4,0,175,0,19.83
fold2_room1_mix0144,6,4,0,175,0,21.90
fold2_room1_mix0144,7,4,0,175,0,35.41
fold2_room1_mix0144,8,4,0,174,0,37.43
fold2_room1_mix0144,9,4,0,176,0,37.27
fold2_room1_mix0144,10,4,0,177,0,37.33
fold2_room1_mix0144,11,4,0,175,0,35.49
fold2_room1_mix0144,12,4,0,175,0,36.19
fold2_room1_mix0144,13,4,0,175,0,34.86
fold2_room1_mix0144,14,4,0,175,0,35.21
fold2_room1_mix0144,15,4,0,174,0,34.79
fold2_room1_mix0144,16,4,0,173,0,33.45
fold2_room1_mix0144,17,4,0,174,0,34.98
fold2_room1_mix0144,18,4,0,175,0,31.68
fold2_room1_mix0144,19,4,0,176,0,32.57
fold2_room1_mix0144,20,4,0,173,0,34.07
fold2_room1_mix0144,21,4,0,175,0,31.27
fold2_room1_mix0144,22,4,0,174,0,31.13
fold2_room1_mix0144,23,4,0,173,0,30.83
fold2_room1_mix0144,24,4,0,174,0,30.48
fold2_room1_mix0144,25,4,0,173,0,29.21
fold2_room1_mix0144,26,4,0,172,0,30.11
fold2_room1_mix0144,27,4,0,173,0,29.64
fold2_room1_mix0144,28,4,0,172,0,29.30
fold2_room1_mix0144,29,4,0,173,0,28.10
fold2_room1_mix0144,30,4,0,173,0,27.98
fold2_room1_mix0144,31,4,0,173,-1,26.88
fold2_room1_mix0144,32,4,0,172,0,27.09
fold2_room1_mix0144,33,4,0,171,-1,25.65
fold2_room1_mix0144,34,4,0,-173,0,30.58
fold2_room1_mix0144,34,4,0,164,-1,23.10
fold2_room1_mix0144,35,4,0,171,-1,25.68
fold2_room1_mix0144,36,4,0,169,0,25.42
fold2_room1_mix0144,37,4,0,169,0,24.60
fold2_room1_mix0144,38,4,0,-175,0,30.10
fold2_room1_mix0144,38,4,0,161,-1,21.99
fold2_room1_mix0144,39,4,0,-176,0,28.74
fold2_room1_mix0144,39,4,0,160,-1,21.46
fold2_room1_mix0144,40,4,0,-176,0,28.51
fold2_room1_mix0144,40,4,0,159,-1,20.98
fold2_room1_mix0144,41,4,0,-174,0,27.65
fold2_room1_mix0144,41,4,0,167,-1,21.12
fold2_room1_mix0144,41,4,0,152,-1,20.05
fold2_room1_mix0144,42,4,0,175,-1,22.08
fold2_room1_mix0144,42,4,0,150,0,21.17
fold2_room1_mix0144,43,4,0,176,-1,22.17
fold2_room1_mix0144,43,4,0,149,-1,20.53
fold2_room1_mix0144,44,4,0,175,-1,22.50
fold2_room1_mix0144,44,4,0,147,-1,20.14
fold2_room1_mix0144,45,4,0,174,-1,20.35
fold2_room1_mix0144,45,4,0,145,-1,19.50
fold2_room1_mix0144,46,4,0,175,-1,20.82
fold2_room1_mix0144,46,4,0,144,-1,19.69
fold2_room1_mix0144,47,4,0,176,-2,19.20
fold2_room1_mix0144,47,4,0,141,-1,18.48
fold2_room1_mix0144,48,4,0,178,-2,17.95
fold2_room1_mix0144,48,4,0,140,-1,18.47
fold2_room1_mix0144,49,4,0,178,-2,17.30
fold2_room1_mix0144,49,4,0,138,-1,17.91
fold2_room1_mix0144,50,4,0,175,-3,15.22
fold2_room1_mix0144,50,4,0,136,-1,17.91
fold2_room1_mix0144,51,4,0,175,-3,15.12
fold2_room1_mix0144,51,4,0,135,-1,18.29
fold2_room1_mix0144,52,4,0,174,-2,15.07
fold2_room1_mix0144,52,4,0,134,0,17.95
fold2_room1_mix0144,53,4,0,175,-3,13.36
fold2_room1_mix0144,53,4,0,128,-1,16.87
fold2_room1_mix0144,54,4,0,176,-3,12.67
fold2_room1_mix0144,54,4,0,118,-1,16.15
fold2_room1_mix0144,55,4,0,175,-3,11.57
fold2_room1_mix0144,55,4,0,118,-1,15.24
fold2_room1_mix0144,56,4,0,175,-4,11.82
fold2_room1_mix0144,56,4,0,116,-1,14.88
fold2_room1_mix0144,57,4,0,175,-4,11.00
fold2_room1_mix0144,57,4,0,109,-1,14.10
fold2_room1_mix0144,58,4,0,173,-4,9.73
fold2_room1_mix0144,58,4,0,98,-1,13.43
fold2_room1_mix0144,59,4,0,175,-4,10.22
fold2_room1_mix0144,59,4,0,90,-2,13.15
fold2_room1_mix0144,60,4,0,175,-4,10.21
fold2_room1_mix0144,60,4,0,99,-2,13.66
fold2_room1_mix0144,61,4,0,174,-5,8.70
fold2_room1_mix0144,61,4,0,99,-2,12.84
fold2_room1_mix0144,62,4,0,176,-5,9.09
fold2_room1_mix0144,62,4,0,99,-2,13.11
fold2_room1_mix0144,63,4,0,173,-6,8.33
fold2_room1_mix0144,63,4,0,95,-2,13.29
fold2_room1_mix0144,64,4,0,176,-6,7.61
fold2_room1_mix0144,64,4,0,92,-2,11.92
fold2_room1_mix0144,65,4,0,176,-6,7.01
fold2_room1_mix0144,65,4,0,88,-2,12.46
fold2_room1_mix0144,66,4,0,175,-7,6.11
fold2_room1_mix0144,66,4,0,86,-2,12.33
fold2_room1_mix0144,67,4,0,177,-8,5.35
fold2_room1_mix0144,67,4,0,84,-2,12.22
fold2_room1_mix0144,68,4,0,174,-8,5.03
fold2_room1_mix0144,68,4,0,77,-1,13.16
fold2_room1_mix0144,69,4,0,168,-9,4.42
fold2_room1_mix0144,69,4,0,79,-1,13.02
fold2_room1_mix0144,70,4,0,164,-10,4.05
fold2_room1_mix0144,70,4,0,71,-1,14.73
fold2_room1_mix0144,71,4,0,163,-12,3.55
fold2_room1_mix0144,71,4,0,74,-2,15.60
fold2_room1_mix0144,72,4,0,158,-16,2.78
fold2_room1_mix0144,72,4,0,86,-2,14.66
fold2_room1_mix0144,73,4,0,154,-21,2.24
fold2_room1_mix0144,73,4,0,86,-4,14.16
fold2_room1_mix0144,74,4,0,143,-24,1.77
fold2_room1_mix0144,74,4,0,81,-3,15.13
fold2_room1_mix0144,75,4,0,126,-32,1.44
fold2_room1_mix0144,75,4,0,77,-3,16.90
fold2_room1_mix0144,76,4,0,98,-37,1.41
fold2_room1_mix0144,76,4,0,69,-5,16.63
fold2_room1_mix0144,77,4,0,68,-31,1.51
fold2_room1_mix0144,77,4,0,63,-3,15.52
fold2_room1_mix0144,78,4,0,56,-20,2.70
fold2_room1_mix0144,78,4,0,46,-3,12.38
fold2_room1_mix0144,79,4,0,60,-9,7.36
fold2_room1_mix0144,79,4,0,41,-11,5.71
fold2_room1_mix0144,80,4,0,39,-8,6.59
fold2_room1_mix0144,81,4,0,47,-4,10.34
fold2_room1_mix0144,81,4,0,28,-8,6.15
fold2_room1_mix0144,82,4,0,50,-2,12.93
fold2_room1_mix0144,82,4,0,25,-8,5.02
fold2_room1_mix0144,83,4,0,47,0,15.95
fold2_room1_mix0144,83,4,0,21,-7,5.66
fold2_room1_mix0144,84,4,0,51,0,18.74
fold2_room1_mix0144,84,4,0,18,-6,6.32
fold2_room1_mix0144,85,4,0,44,0,17.22
fold2_room1_mix0144,85,4,0,18,-6,6.57
fold2_room1_mix0144,86,4,0,44,0,18.32
fold2_room1_mix0144,86,4,0,15,-5,7.12
fold2_room1_mix0144,87,4,0,41,-1,17.76
fold2_room1_mix0144,87,4,0,14,-5,8.08
fold2_room1_mix0144,88,4,0,39,0,19.15
fold2_room1_mix0144,88,4,0,13,-5,8.07
fold2_room1_mix0144,89,4,0,38,0,18.95
fold2_room1_mix0144,89,4,0,12,-4,9.06
fold2_room1_mix0144,90,4,0,38,0,19.08
fold2_room1_mix0144,90,4,0,12,-4,9.20
fold2_room1_mix0144,91,4,0,34,0,18.21
fold2_room1_mix0144,91,4,0,12,-4,10.23
fold2_room1_mix0144,92,4,0,33,-1,18.64
fold2_room1_mix0144,92,4,0,12,-3,11.05
fold2_room1_mix0144,93,4,0,33,-1,18.67
fold2_room1_mix0144,93,4,0,10,-3,11.21
fold2_room1_mix0144,94,4,0,35,-1,19.60
fold2_room1_mix0144,94,4,0,10,-3,11.81
fold2_room1_mix0144,95,4,0,30,-1,18.54
fold2_room1_mix0144,95,4,0,10,-3,12.33
fold2_room1_mix0144,96,4,0,30,-1,19.45
fold2_room1_mix0144,96,4,0,9,-3,12.78
fold2_room1_mix0144,97,4,0,28,-1,19.69
fold2_room1_mix0144,97,4,0,10,-2,15.20
fold2_room1_mix0144,98,4,0,28,-1,19.41
fold2_room1_mix0144,98,4,0,9,-2,14.55
fold2_room1_mix0144,99,4,0,27,-2,19.77
fold2_room1_mix0144,99,4,0,9,-3,15.04
fold2_room1_mix0146,4,4,0,-15,0,10.08
fold2_room1_mix0146,5,4,0,-23,0,11.84
fold2_room1_mix0146,7,4,0,-20,0,17.16
fold2_room1_mix0146,8,4,0,-17,0,28.67
fold2_room1_mix0146,9,4,0,-19,-1,26.34
fold2_room1_mix0146,10,4,0,-23,0,18.81
fold2_room1_mix0146,11,4,0,-20,0,29.85
fold2_room1_mix0146,12,4,0,-22,0,28.91
fold2_room1_mix0146,13,4,0,-19,-1,27.18
fold2_room1_mix0146,14,4,0,-20,0,29.63
fold2_room1_mix0146,15,4,0,-21,0,28.84
fold2_room1_mix0146,16,4,0,-19,0,28.57
fold2_room1_mix0146,17,4,0,-21,0,28.12
fold2_room1_mix0146,18,4,0,-21,-1,28.00
fold2_room1_mix0146,19,4,0,-24,-1,28.69
fold2_room1_mix0146,20,4,0,-20,-1,28.13
fold2_room1_mix0146,21,2,0,78,-4,7.45
fold2_room1_mix0146,21,4,0,-20,-1,27.78
fold2_room1_mix0146,22,2,0,85,-3,10.47
fold2_room1_mix0146,22,4,0,-21,0,26.30
fold2_room1_mix0146,23,2,0,79,-3,11.29
fold2_room1_mix0146,23,4,0,-22,0,24.75
fold2_room1_mix0146,24,2,0,81,-4,9.49
fold2_room1_mix0146,24,4,0,-19,-1,26.22
fold2_room1_mix0146,25,4,0,-25,-1,26.67
fold2_room1_mix0146,26,4,0,-27,-1,26.10
fold2_room1_mix0146,27,4,0,-25,-1,26.38
fold2_room1_mix0146,28,4,0,-24,-1,26.19
fold2_room1_mix0146,29,2,0,86,-3,9.72
fold2_room1_mix0146,29,4,0,-26,-1,25.42
fold2_room1_mix0146,30,2,0,82,-4,10.85
fold2_room1_mix0146,30,4,0,-25,0,26.24
fold2_room1_mix0146,31,2,0,81,-3,11.39
fold2_room1_mix0146,31,4,0,-24,-1,25.32
fold2_room1_mix0146,32,2,0,81,-4,11.25
fold2_room1_mix0146,32,4,0,-22,-1,25.74
fold2_room1_mix0146,33,2,0,84,-4,10.32
fold2_room1_mix0146,33,4,0,-22,-1,24.88
fold2_room1_mix0146,34,4,0,-26,-1,24.08
fold2_room1_mix0146,35,4,0,-29,-1,22.33
fold2_room1_mix0146,36,4,0,-29,0,22.51
fold2_room1_mix0146,37,4,0,-30,0,22.72
fold2_room1_mix0146,38,2,0,86,-4,8.88
fold2_room1_mix0146,38,4,0,-31,0,23.43
fold2_room1_mix0146,39,2,0,90,-4,11.74
fold2_room1_mix0146,39,4,0,-30,0,22.44
fold2_room1_mix0146,40,2,0,90,-4,10.94
fold2_room1_mix0146,40,4,0,-30,0,21.69
fold2_room1_mix0146,41,2,0,92,-4,10.46
fold2_room1_mix0146,41,4,0,-28,-1,21.75
fold2_room1_mix0146,42,2,0,91,-4,11.06
fold2_room1_mix0146,42,4,0,-30,-1,20.57
fold2_room1_mix0146,43,2,0,91,-4,11.60
fold2_room1_mix0146,43,4,0,-30,-1,21.76
fold2_room1_mix0146,44,4,0,-35,-1,20.07
fold2_room1_mix0146,45,4,0,-34,-1,18.80
fold2_room1_mix0146,46,4,0,-36,-1,19.53
fold2_room1_mix0146,47,4,0,-37,-1,19.52
fold2_room1_mix0146,48,4,0,-38,-1,18.59
fold2_room1_mix0146,49,4,0,-40,-1,18.77
fold2_room1_mix0146,50,4,0,-42,-1,17.31
fold2_room1_mix0146,51,4,0,-42,-1,16.99
fold2_room1_mix0146,52,4,0,-41,-1,17.14
fold2_room1_mix0146,53,4,0,-46,-1,15.99
fold2_room1_mix0146,54,4,0,-47,-2,15.30
fold2_room1_mix0146,55,4,0,-49,-1,15.21
fold2_room1_mix0146,56,4,0,-51,-2,14.65
fold2_room1_mix0146,57,4,0,-50,-2,14.63
fold2_room1_mix0146,58,4,0,-52,-2,14.23
fold2_room1_mix0146,59,4,0,-52,-2,14.70
fold2_room1_mix0146,60,4,0,-53,-2,13.78
fold2_room1_mix0146,61,4,0,-56,-2,13.40
fold2_room1_mix0146,62,4,0,-55,-2,13.64
fold2_room1_mix0146,63,4,0,-58,-2,13.20
fold2_room1_mix0146,64,4,0,-59,-2,12.43
fold2_room1_mix0146,65,4,0,-59,-2,12.45
fold2_room1_mix0146,66,4,0,-61,-2,12.04
fold2_room1_mix0146,67,4,0,-62,-2,11.75
fold2_room1_mix0146,68,4,0,-63,-2,11.92
fold2_room1_mix0146,69,4,0,-65,-2,11.65
fold2_room1_mix0146,70,4,0,-68,-2,11.37
fold2_room1_mix0146,71,4,0,-71,-2,10.84
fold2_room1_mix0146,72,4,0,-73,-2,10.89
fold2_room1_mix0146,73,4,0,-76,-2,10.71
fold2_room1_mix0146,74,4,0,-78,-2,9.88
fold2_room1_mix0146,75,4,0,-82,-2,10.27
fold2_room1_mix0146,76,4,0,-83,-3,9.97
fold2_room1_mix0146,77,4,0,-85,-3,9.72
fold2_room1_mix0146,78,4,0,-87,-3,9.85
fold2_room1_mix0146,79,4,0,-89,-2,10.03
fold2_room1_mix0146,80,4,0,-91,-2,9.97
fold2_room1_mix0146,81,4,0,-92,-2,9.95
fold2_room1_mix0146,82,4,0,-94,-2,9.95
fold2_room1_mix0146,83,4,0,-96,-2,10.14
fold2_room1_mix0146,84,4,0,-99,-2,10.14
fold2_room1_mix0146,85,4,0,-101,-2,9.94
fold2_room1_mix0146,86,4,0,-103,-2,10.23
fold2_room1_mix0146,87,4,0,-106,-2,10.41
fold2_room1_mix0146,88,4,0,-107,-2,10.61
fold2_room1_mix0146,89,4,0,-109,-2,10.43
fold2_room1_mix0146,90,4,0,-112,-2,10.80
fold2_room1_mix0146,91,4,0,-115,-2,11.71
fold2_room1_mix0146,92,4,0,-116,-2,11.36
fold2_room1_mix0146,93,4,0,-118,-2,11.81
fold2_room1_mix0146,94,4,0,-119,-2,12.00
fold2_room1_mix0146,95,4,0,-121,-2,12.40
fold2_room1_mix0146,96,4,0,-121,-2,12.80
fold2_room1_mix0146,97,4,0,-124,-1,13.28
fold2_room1_mix0146,98,4,0,-126,-2,13.14
fold2_room1_mix0146,99,4,0,-128,-2,14.40
fold2_room1_mix0146,6,4,0,-18,0,18.05
fold2_room1_mix0147,17,4,0,-11,0,6.76
fold2_room1_mix0147,18,4,0,-9,-1,7.30
fold2_room1_mix0147,19,4,0,-11,-1,15.00
fold2_room1_mix0147,20,4,0,-6,0,12.46
fold2_room1_mix0147,21,4,0,-8,-2,18.11
fold2_room1_mix0147,22,4,0,-5,-1,16.39
fold2_room1_mix0147,23,4,0,-7,-2,18.46
fold2_room1_mix0147,24,4,0,-11,-2,17.24
fold2_room1_mix0147,25,4,0,-10,-2,18.05
fold2_room1_mix0147,26,4,0,-11,-2,15.74
fold2_room1_mix0147,27,4,0,-10,-2,17.15
fold2_room1_mix0147,28,4,0,-9,-2,16.89
fold2_room1_mix0147,29,4,0,-12,-3,15.13
fold2_room1_mix0147,30,4,0,-9,-2,17.22
fold2_room1_mix0147,31,4,0,-9,-2,16.66
fold2_room1_mix0147,32,4,0,-14,-2,16.16
fold2_room1_mix0147,33,4,0,-9,-2,15.62
fold2_room1_mix0147,34,4,0,-15,-2,15.16
fold2_room1_mix0147,35,4,0,-11,-2,15.35
fold2_room1_mix0147,36,4,0,-10,-2,15.24
fold2_room1_mix0147,37,4,0,-8,-2,15.57
fold2_room1_mix0147,38,4,0,-8,-2,14.65
fold2_room1_mix0147,39,4,0,-9,-2,13.81
fold2_room1_mix0147,40,4,0,-8,-2,13.75
fold2_room1_mix0147,41,4,0,-9,-2,14.19
fold2_room1_mix0147,42,4,0,-9,-3,12.40
fold2_room1_mix0147,43,4,0,-10,-3,12.89
fold2_room1_mix0147,44,4,0,-8,-3,12.05
fold2_room1_mix0147,45,4,0,-9,-3,12.27
fold2_room1_mix0147,46,4,0,-11,-3,11.77
fold2_room1_mix0147,47,4,0,-10,-3,11.41
fold2_room1_mix0147,48,4,0,-13,-3,10.53
fold2_room1_mix0147,49,4,0,-12,-3,10.49
fold2_room1_mix0147,50,4,0,-12,-4,9.66
fold2_room1_mix0147,51,4,0,-13,-4,9.64
fold2_room1_mix0147,52,4,0,-14,-4,9.28
fold2_room1_mix0147,53,4,0,-15,-4,9.09
fold2_room1_mix0147,54,4,0,-15,-4,9.10
fold2_room1_mix0147,55,4,0,-15,-4,8.50
fold2_room1_mix0147,56,4,0,-16,-4,8.21
fold2_room1_mix0147,57,4,0,-16,-4,7.70
fold2_room1_mix0147,58,4,0,-18,-4,6.84
fold2_room1_mix0147,59,4,0,-18,-4,7.15
fold2_room1_mix0147,60,4,0,-20,-5,6.71
fold2_room1_mix0147,61,4,0,-23,-4,6.14
fold2_room1_mix0147,62,4,0,-24,-5,5.98
fold2_room1_mix0147,63,4,0,-25,-5,5.90
fold2_room1_mix0147,64,4,0,-28,-5,5.12
fold2_room1_mix0147,65,4,0,-28,-5,5.28
fold2_room1_mix0147,66,4,0,-33,-6,4.64
fold2_room1_mix0147,67,4,0,-34,-6,4.40
fold2_room1_mix0147,68,4,0,-36,-6,4.16
fold2_room1_mix0147,69,4,0,-39,-6,3.87
fold2_room1_mix0147,70,4,0,-44,-7,3.45
fold2_room1_mix0147,71,4,0,-49,-8,3.38
fold2_room1_mix0147,72,4,0,-53,-8,3.27
fold2_room1_mix0147,73,4,0,-61,-8,3.02
fold2_room1_mix0147,74,4,0,-69,-9,2.79
fold2_room1_mix0147,75,4,0,-79,-8,2.98
fold2_room1_mix0147,76,4,0,-84,-8,2.93
fold2_room1_mix0147,77,4,0,-92,-8,3.14
fold2_room1_mix0147,78,4,0,-101,-7,3.02
fold2_room1_mix0147,79,4,0,-108,-7,3.19
fold2_room1_mix0147,80,4,0,-118,-7,3.11
fold2_room1_mix0147,81,4,0,-124,-6,3.26
fold2_room1_mix0147,82,4,0,-129,-6,3.32
fold2_room1_mix0147,83,4,0,-133,-6,3.62
fold2_room1_mix0147,84,4,0,-136,-6,3.83
fold2_room1_mix0147,85,4,0,-138,-5,4.12
fold2_room1_mix0147,86,4,0,-141,-5,4.50
fold2_room1_mix0147,87,4,0,-144,-5,4.69
fold2_room1_mix0147,88,4,0,-148,-4,5.39
fold2_room1_mix0147,89,4,0,-149,-4,5.63
fold2_room1_mix0147,90,4,0,-150,-4,5.84
fold2_room1_mix0147,91,4,0,-153,-3,6.57
fold2_room1_mix0147,92,4,0,-154,-4,6.59
fold2_room1_mix0147,93,4,0,-154,-3,7.12
fold2_room1_mix0147,94,4,0,-155,-3,7.10
fold2_room1_mix0147,95,4,0,-155,-3,7.59
fold2_room1_mix0147,96,4,0,-157,-3,7.75
fold2_room1_mix0147,97,4,0,-159,-2,8.66
fold2_room1_mix0147,98,4,0,-159,-2,8.69
fold2_room1_mix0147,99,4,0,-160,-2,8.57
fold2_room1_mix0148,0,5,0,-46,3,5.89
fold2_room1_mix0148,1,5,0,-48,3,14.28
fold2_room1_mix0148,2,5,0,-45,3,12.65
fold2_room1_mix0148,3,5,0,-43,3,12.63
fold2_room1_mix0148,4,5,0,-43,3,14.39
fold2_room1_mix0148,5,5,0,-42,4,13.56
fold2_room1_mix0148,6,5,0,-45,2,20.29
fold2_room1_mix0148,7,5,0,-45,3,16.35
fold2_room1_mix0148,8,5,0,-41,3,13.56
fold2_room1_mix0148,9,5,0,-45,3,17.52
fold2_room1_mix0148,10,5,0,-44,3,14.49
fold2_room1_mix0148,11,5,0,-45,2,15.93
fold2_room1_mix0148,12,5,0,-44,2,17.68
fold2_room1_mix0148,13,5,0,-47,3,15.44
fold2_room1_mix0148,14,5,0,-44,3,15.97
fold2_room1_mix0148,15,5,0,-45,3,16.16
fold2_room1_mix0148,16,5,0,-42,3,15.39
fold2_room1_mix0148,17,5,0,-46,3,15.93
fold2_room1_mix0148,18,5,0,-46,3,16.14
fold2_room1_mix0148,19,5,0,-50,3,15.74
fold2_room1_mix0148,20,5,0,-44,2,16.17
fold2_room1_mix0148,21,5,0,-47,3,15.26
fold2_room1_mix0148,22,5,0,-44,2,16.90
fold2_room1_mix0148,23,5,0,-47,3,15.48
fold2_room1_mix0148,24,5,0,-45,3,14.55
fold2_room1_mix0148,25,5,0,-48,3,16.20
fold2_room1_mix0148,26,5,0,-47,3,16.23
fold2_room1_mix0148,27,5,0,-47,2,16.03
fold2_room1_mix0148,28,5,0,-46,3,16.52
fold2_room1_mix0148,29,5,0,-47,3,15.96
fold2_room1_mix0148,30,5,0,-46,3,15.73
fold2_room1_mix0148,31,5,0,-45,2,17.27
fold2_room1_mix0148,32,5,0,-47,3,15.81
fold2_room1_mix0148,33,5,0,-46,3,15.48
fold2_room1_mix0148,34,5,0,-46,3,15.87
fold2_room1_mix0148,35,5,0,-46,3,16.26
fold2_room1_mix0148,36,5,0,-45,3,16.37
fold2_room1_mix0148,37,5,0,-48,3,15.23
fold2_room1_mix0148,38,5,0,-46,2,16.42
fold2_room1_mix0148,39,5,0,-47,3,15.16
fold2_room1_mix0148,40,5,0,-47,3,16.07
fold2_room1_mix0148,41,5,0,-49,3,15.18
fold2_room1_mix0148,42,5,0,-46,3,15.04
fold2_room1_mix0148,43,5,0,-49,3,15.55
fold2_room1_mix0148,44,5,0,-47,2,17.34
fold2_room1_mix0148,45,5,0,-47,3,16.60
fold2_room1_mix0148,46,5,0,-46,3,16.32
fold2_room1_mix0148,47,5,0,-47,2,16.83
fold2_room1_mix0148,48,5,0,-47,3,16.13
fold2_room1_mix0148,49,5,0,-47,3,16.07
fold2_room1_mix0148,50,5,0,-46,3,16.27
fold2_room1_mix0148,51,5,0,-47,3,16.64
fold2_room1_mix0148,52,5,0,-48,3,15.30
fold2_room1_mix0148,53,5,0,-48,3,15.74
fold2_room1_mix0148,54,5,0,-49,2,16.35
fold2_room1_mix0148,55,5,0,-47,3,15.88
fold2_room1_mix0148,56,5,0,-46,3,16.05
fold2_room1_mix0148,57,5,0,-46,2,16.53
fold2_room1_mix0148,58,5,0,-50,3,15.97
fold2_room1_mix0148,59,5,0,-48,3,16.32
fold2_room1_mix0148,60,5,0,-48,3,15.55
fold2_room1_mix0148,61,5,0,-47,3,14.90
fold2_room1_mix0148,62,5,0,-50,2,15.85
fold2_room1_mix0148,63,5,0,-48,2,17.54
fold2_room1_mix0148,64,5,0,-47,3,16.09
fold2_room1_mix0148,65,5,0,-48,3,15.01
fold2_room1_mix0148,66,5,0,-47,2,16.07
fold2_room1_mix0148,67,5,0,-45,2,16.84
fold2_room1_mix0148,68,5,0,-48,3,15.87
fold2_room1_mix0148,69,5,0,-50,3,15.50
fold2_room1_mix0148,70,5,0,-48,2,16.65
fold2_room1_mix0148,71,5,0,-47,2,15.59
fold2_room1_mix0148,72,5,0,-48,2,16.65
fold2_room1_mix0148,73,5,0,-46,3,15.63
fold2_room1_mix0148,74,5,0,-48,3,14.87
fold2_room1_mix0148,75,5,0,-48,2,15.88
fold2_room1_mix0148,76,5,0,-49,3,16.32
fold2_room1_mix0148,77,5,0,-47,3,15.48
fold2_room1_mix0148,78,5,0,-50,3,15.40
fold2_room1_mix0148,79,5,0,-48,2,16.18
fold2_room1_mix0148,80,5,0,-45,3,15.77
fold2_room1_mix0148,81,5,0,-49,3,15.53
fold2_room1_mix0148,82,5,0,-48,3,15.82
fold2_room1_mix0148,83,5,0,-46,3,15.51
fold2_room1_mix0148,84,5,0,-48,3,15.07
fold2_room1_mix0148,85,5,0,-46,3,16.65
fold2_room1_mix0148,86,5,0,-49,3,16.11
fold2_room1_mix0148,87,5,0,-48,3,15.56
fold2_room1_mix0148,88,5,0,-48,2,16.58
fold2_room1_mix0148,89,5,0,-48,2,16.05
fold2_room1_mix0148,90,5,0,-48,3,15.76
fold2_room1_mix0148,91,5,0,-47,3,16.59
fold2_room1_mix0148,92,5,0,-48,3,16.06
fold2_room1_mix0148,93,5,0,-47,2,15.21
fold2_room1_mix0148,94,5,0,-46,2,16.44
fold2_room1_mix0148,95,5,0,-45,2,17.48
fold2_room1_mix0148,96,5,0,-47,3,15.54
fold2_room1_mix0148,97,5,0,-47,3,15.43
fold2_room1_mix0148,98,5,0,-48,2,17.07
fold2_room1_mix0148,99,5,0,-46,2,16.79
fold2_room1_mix0149,4,4,0,168,0,2.69
fold2_room1_mix0149,5,4,0,169,0,14.63
fold2_room1_mix0149,6,4,0,173,0,22.76
fold2_room1_mix0149,7,4,0,172,0,24.15
fold2_room1_mix0149,8,4,0,173,0,36.47
fold2_room1_mix0149,9,4,0,172,0,35.89
fold2_room1_mix0149,10,4,0,170,0,19.37
fold2_room1_mix0149,11,4,0,168,0,38.18
fold2_room1_mix0149,12,4,0,171,0,37.47
fold2_room1_mix0149,13,4,0,168,0,32.19
fold2_room1_mix0149,14,4,0,168,0,37.23
fold2_room1_mix0149,15,4,0,168,0,33.36
fold2_room1_mix0149,16,4,0,172,0,34.21
fold2_room1_mix0149,17,4,0,171,0,34.45
fold2_room1_mix0149,18,4,0,169,0,33.96
fold2_room1_mix0149,19,4,0,169,0,32.84
fold2_room1_mix0149,20,4,0,168,0,31.46
fold2_room1_mix0149,21,4,0,164,0,33.17
fold2_room1_mix0149,22,4,0,162,0,31.85
fold2_room1_mix0149,23,4,0,163,0,29.87
fold2_room1_mix0149,24,4,0,164,0,29.37
fold2_room1_mix0149,25,4,0,163,0,29.63
fold2_room1_mix0149,26,4,0,158,0,28.14
fold2_room1_mix0149,27,4,0,158,0,29.71
fold2_room1_mix0149,28,4,0,157,0,29.74
fold2_room1_mix0149,29,4,0,157,0,28.51
fold2_room1_mix0149,30,4,0,157,0,27.16
fold2_room1_mix0149,31,4,0,157,0,27.38
fold2_room1_mix0149,32,4,0,158,0,27.50
fold2_room1_mix0149,33,4,0,157,0,25.70
fold2_room1_mix0149,34,4,0,157,0,25.74
fold2_room1_mix0149,35,4,0,154,0,24.03
fold2_room1_mix0149,36,4,0,154,0,23.60
fold2_room1_mix0149,37,4,0,153,0,23.68
fold2_room1_mix0149,38,4,0,152,0,22.59
fold2_room1_mix0149,39,4,0,152,0,22.56
fold2_room1_mix0149,40,4,0,153,-1,23.44
fold2_room1_mix0149,41,4,0,153,-1,22.66
fold2_room1_mix0149,42,4,0,150,-1,21.65
fold2_room1_mix0149,43,4,0,151,-1,21.67
fold2_room1_mix0149,44,4,0,150,-1,20.95
fold2_room1_mix0149,45,4,0,151,-1,20.56
fold2_room1_mix0149,46,4,0,149,-1,19.85
fold2_room1_mix0149,47,4,0,148,-1,19.32
fold2_room1_mix0149,48,4,0,147,-1,19.39
fold2_room1_mix0149,49,4,0,148,-1,19.17
fold2_room1_mix0149,50,4,0,144,-1,18.61
fold2_room1_mix0149,51,4,0,144,-1,18.50
fold2_room1_mix0149,52,4,0,141,-1,18.42
fold2_room1_mix0149,53,4,0,140,-1,17.34
fold2_room1_mix0149,54,4,0,138,-1,16.64
fold2_room1_mix0149,55,4,0,137,-2,15.84
fold2_room1_mix0149,56,4,0,133,-1,15.49
fold2_room1_mix0149,57,4,0,135,-2,14.94
fold2_room1_mix0149,58,4,0,130,-2,14.44
fold2_room1_mix0149,59,4,0,130,-2,14.46
fold2_room1_mix0149,60,4,0,126,-2,13.78
fold2_room1_mix0149,61,4,0,127,-2,13.21
fold2_room1_mix0149,62,4,0,126,-2,13.25
fold2_room1_mix0149,63,4,0,124,-3,12.80
fold2_room1_mix0149,64,4,0,121,-2,12.37
fold2_room1_mix0149,65,4,0,119,-3,12.23
fold2_room1_mix0149,66,4,0,114,-3,12.36
fold2_room1_mix0149,67,4,0,109,-3,12.06
fold2_room1_mix0149,68,4,0,104,-3,11.69
fold2_room1_mix0149,69,4,0,101,-3,11.78
fold2_room1_mix0149,70,4,0,96,-3,11.82
fold2_room1_mix0149,71,4,0,93,-3,11.63
fold2_room1_mix0149,72,4,0,91,-3,12.03
fold2_room1_mix0149,73,4,0,87,-3,11.60
fold2_room1_mix0149,74,4,0,84,-3,11.52
fold2_room1_mix0149,75,4,0,79,-3,11.72
fold2_room1_mix0149,76,4,0,77,-3,12.09
fold2_room1_mix0149,77,4,0,74,-3,12.12
fold2_room1_mix0149,78,4,0,69,-2,12.69
fold2_room1_mix0149,79,4,0,66,-2,12.66
fold2_room1_mix0149,80,4,0,65,-2,13.02
fold2_room1_mix0149,81,4,0,63,-2,13.13
fold2_room1_mix0149,82,4,0,61,-2,13.60
fold2_room1_mix0149,83,4,0,59,-2,13.97
fold2_room1_mix0149,84,4,0,58,-2,14.47
fold2_room1_mix0149,85,4,0,56,-2,15.06
fold2_room1_mix0149,86,4,0,53,-2,15.28
fold2_room1_mix0149,87,4,0,51,-2,15.53
fold2_room1_mix0149,88,4,0,48,-2,17.47
fold2_room1_mix0149,89,4,0,46,-2,17.66
fold2_room1_mix0149,90,4,0,45,-2,17.48
fold2_room1_mix0149,91,4,0,43,-2,18.54
fold2_room1_mix0149,92,4,0,43,-1,18.52
fold2_room1_mix0149,93,4,0,41,-1,18.70
fold2_room1_mix0149,94,4,0,38,-1,19.57
fold2_room1_mix0149,95,4,0,37,-1,20.44
fold2_room1_mix0149,96,4,0,36,-1,21.16
fold2_room1_mix0149,97,4,0,35,-1,21.55
fold2_room1_mix0149,98,4,0,34,-1,23.58
fold2_room1_mix0149,99,4,0,32,-1,23.96
fold2_room1_mix0150,52,4,0,-5,0,10.48
fold2_room1_mix0150,53,4,0,-3,-1,17.37
fold2_room1_mix0150,54,4,0,-4,-1,17.20
fold2_room1_mix0150,55,4,0,-5,-1,21.19
fold2_room1_mix0150,56,4,0,-5,-1,21.42
fold2_room1_mix0150,57,4,0,-6,-1,21.55
fold2_room1_mix0150,58,4,0,-5,-1,19.63
fold2_room1_mix0150,59,4,0,-6,-2,19.17
fold2_room1_mix0150,60,4,0,-5,-1,18.54
fold2_room1_mix0150,61,4,0,-6,-1,17.68
fold2_room1_mix0150,62,4,0,-9,-2,16.59
fold2_room1_mix0150,63,4,0,-8,-2,15.63
fold2_room1_mix0150,64,4,0,-8,-2,14.32
fold2_room1_mix0150,65,4,0,-12,-3,13.49
fold2_room1_mix0150,66,4,0,-12,-3,12.89
fold2_room1_mix0150,67,4,0,-14,-3,11.82
fold2_room1_mix0150,68,4,0,-15,-3,11.15
fold2_room1_mix0150,69,4,0,-16,-4,9.94
fold2_room1_mix0150,70,4,0,-18,-4,9.04
fold2_room1_mix0150,71,4,0,-22,-4,8.09
fold2_room1_mix0150,72,4,0,-25,-5,7.20
fold2_room1_mix0150,73,4,0,-30,-5,5.49
fold2_room1_mix0150,74,4,0,-37,-7,4.43
fold2_room1_mix0150,75,4,0,-43,-8,3.74
fold2_room1_mix0150,76,4,0,-60,-10,3.47
fold2_room1_mix0150,77,4,0,-78,-11,3.37
fold2_room1_mix0150,78,4,0,-95,-10,3.18
fold2_room1_mix0150,79,4,0,-111,-9,3.54
fold2_room1_mix0150,80,4,0,-125,-8,3.86
fold2_room1_mix0150,81,4,0,-137,-7,4.40
fold2_room1_mix0150,82,4,0,-144,-5,5.71
fold2_room1_mix0150,83,4,0,-148,-5,6.40
fold2_room1_mix0150,84,4,0,-152,-4,7.56
fold2_room1_mix0150,85,4,0,-156,-3,8.13
fold2_room1_mix0150,86,4,0,-157,-3,8.72
fold2_room1_mix0150,87,4,0,-160,-2,10.52
fold2_room1_mix0150,88,4,0,-161,-2,11.38
fold2_room1_mix0150,89,4,0,-162,-2,12.57
fold2_room1_mix0150,90,4,0,-164,-1,13.10
fold2_room1_mix0150,91,4,0,-163,-2,13.73
fold2_room1_mix0150,92,4,0,-165,-1,14.77
fold2_room1_mix0150,93,4,0,-166,-1,16.20
fold2_room1_mix0150,94,4,0,-167,-1,17.12
fold2_room1_mix0150,95,4,0,-168,-1,18.04
fold2_room1_mix0150,96,4,0,-168,-1,18.76
fold2_room1_mix0150,97,4,0,-168,-1,20.29
fold2_room1_mix0150,98,4,0,-171,0,21.04
fold2_room1_mix0150,99,4,0,-170,-1,20.99
fold2_room1_mix0151,1,4,0,-179,0,2.40
fold2_room1_mix0151,2,4,0,178,0,1.07
fold2_room1_mix0151,2,4,0,1,1,1.09
fold2_room1_mix0151,3,4,0,179,1,4.90
fold2_room1_mix0151,3,4,0,1,1,5.33
fold2_room1_mix0151,4,4,0,178,0,17.20
fold2_room1_mix0151,4,4,0,2,0,17.54
fold2_room1_mix0151,5,4,0,178,0,17.01
fold2_room1_mix0151,5,4,0,1,0,17.64
fold2_room1_mix0151,6,4,0,177,0,21.40
fold2_room1_mix0151,6,4,0,3,0,22.94
fold2_room1_mix0151,7,4,0,176,0,27.55
fold2_room1_mix0151,7,4,0,2,0,27.32
fold2_room1_mix0151,8,4,0,179,0,34.64
fold2_room1_mix0151,8,4,0,1,0,34.80
fold2_room1_mix0151,9,4,0,176,-1,34.28
fold2_room1_mix0151,9,4,0,2,-1,35.36
fold2_room1_mix0151,10,4,0,179,-1,33.62
fold2_room1_mix0151,10,4,0,2,-1,33.41
fold2_room1_mix0151,11,4,0,177,0,33.53
fold2_room1_mix0151,11,4,0,0,0,33.80
fold2_room1_mix0151,12,4,0,178,0,33.20
fold2_room1_mix0151,12,4,0,0,0,32.27
fold2_room1_mix0151,13,4,0,178,0,32.90
fold2_room1_mix0151,13,4,0,1,0,32.24
fold2_room1_mix0151,14,4,0,178,0,35.50
fold2_room1_mix0151,14,4,0,1,0,33.60
fold2_room1_mix0151,15,4,0,179,0,31.48
fold2_room1_mix0151,15,4,0,1,0,32.00
fold2_room1_mix0151,16,4,0,179,0,30.96
fold2_room1_mix0151,16,4,0,1,0,31.44
fold2_room1_mix0151,17,4,0,178,0,30.89
fold2_room1_mix0151,17,4,0,1,0,31.17
fold2_room1_mix0151,18,4,0,179,0,33.06
fold2_room1_mix0151,18,4,0,0,-1,31.81
fold2_room1_mix0151,19,4,0,-179,0,30.08
fold2_room1_mix0151,19,4,0,1,0,31.10
fold2_room1_mix0151,20,4,0,179,0,32.55
fold2_room1_mix0151,20,4,0,1,0,32.68
fold2_room1_mix0151,21,4,0,-179,0,32.76
fold2_room1_mix0151,21,4,0,0,0,31.03
fold2_room1_mix0151,22,4,0,-179,0,30.60
fold2_room1_mix0151,22,4,0,0,0,30.66
fold2_room1_mix0151,23,4,0,178,-1,27.98
fold2_room1_mix0151,23,4,0,0,0,29.85
fold2_room1_mix0151,24,4,0,-178,-1,29.15
fold2_room1_mix0151,24,4,0,0,-1,29.56
fold2_room1_mix0151,25,4,0,178,-1,26.64
fold2_room1_mix0151,25,4,0,0,-1,27.36
fold2_room1_mix0151,26,4,0,178,-1,26.70
fold2_room1_mix0151,26,4,0,-1,-1,27.58
fold2_room1_mix0151,27,4,0,178,-1,29.09
fold2_room1_mix0151,27,4,0,0,-1,30.54
fold2_room1_mix0151,28,4,0,178,0,27.40
fold2_room1_mix0151,28,4,0,2,0,29.37
fold2_room1_mix0151,29,0,0,-49,-3,5.58
fold2_room1_mix0151,29,4,0,179,-1,27.01
fold2_room1_mix0151,29,4,0,3,-1,27.88
fold2_room1_mix0151,30,0,0,-57,-3,8.19
fold2_room1_mix0151,30,4,0,-177,-2,26.29
fold2_room1_mix0151,30,4,0,2,-2,26.84
fold2_room1_mix0151,31,0,0,-63,-3,7.19
fold2_room1_mix0151,31,4,0,-178,-1,24.74
fold2_room1_mix0151,31,4,0,1,-2,25.61
fold2_room1_mix0151,32,0,0,-57,-3,10.46
fold2_room1_mix0151,32,4,0,-176,-1,23.78
fold2_room1_mix0151,32,4,0,1,-2,25.42
fold2_room1_mix0151,33,0,0,-57,-3,12.50
fold2_room1_mix0151,33,4,0,-177,-1,22.29
fold2_room1_mix0151,33,4,0,1,-2,22.38
fold2_room1_mix0151,34,0,0,-57,-3,12.03
fold2_room1_mix0151,34,4,0,-177,-2,21.47
fold2_room1_mix0151,34,4,0,0,-2,21.45
fold2_room1_mix0151,35,0,0,-62,-3,11.42
fold2_room1_mix0151,35,4,0,-177,-1,20.03
fold2_room1_mix0151,35,4,0,0,-2,20.13
fold2_room1_mix0151,36,0,0,-57,-3,11.92
fold2_room1_mix0151,36,4,0,-178,-1,19.62
fold2_room1_mix0151,36,4,0,0,-2,18.98
fold2_room1_mix0151,37,0,0,-54,-3,15.24
fold2_room1_mix0151,37,4,0,-178,-1,19.10
fold2_room1_mix0151,37,4,0,0,-3,17.99
fold2_room1_mix0151,38,0,0,-60,-3,15.66
fold2_room1_mix0151,38,4,0,-177,-1,19.19
fold2_room1_mix0151,38,4,0,0,-2,19.06
fold2_room1_mix0151,39,0,0,-58,-3,15.57
fold2_room1_mix0151,39,4,0,-178,-2,16.24
fold2_room1_mix0151,39,4,0,0,-2,16.44
fold2_room1_mix0151,40,0,0,-70,-4,15.67
fold2_room1_mix0151,40,0,0,-52,-3,24.21
fold2_room1_mix0151,40,4,0,-175,-2,16.31
fold2_room1_mix0151,40,4,0,0,-3,15.85
fold2_room1_mix0151,41,0,0,-74,-4,15.97
fold2_room1_mix0151,41,0,0,-52,-3,30.05
fold2_room1_mix0151,41,4,0,-174,-2,15.87
fold2_room1_mix0151,41,4,0,-8,-4,11.10
fold2_room1_mix0151,41,4,0,6,-3,17.84
fold2_room1_mix0151,42,0,0,-83,-4,12.84
fold2_room1_mix0151,42,0,0,-63,-4,21.15
fold2_room1_mix0151,42,4,0,-175,-2,15.05
fold2_room1_mix0151,42,4,0,-8,-3,10.87
fold2_room1_mix0151,42,4,0,6,-3,17.37
fold2_room1_mix0151,43,0,0,-86,-4,11.84
fold2_room1_mix0151,43,0,0,-66,-4,20.86
fold2_room1_mix0151,43,4,0,-173,-2,13.07
fold2_room1_mix0151,43,4,0,-13,-4,8.18
fold2_room1_mix0151,43,4,0,6,-3,16.24
fold2_room1_mix0151,44,0,0,-90,-5,12.16
fold2_room1_mix0151,44,0,0,-59,-4,25.98
fold2_room1_mix0151,44,4,0,-174,-2,12.39
fold2_room1_mix0151,44,4,0,-16,-5,7.46
fold2_room1_mix0151,44,4,0,7,-3,15.13
fold2_room1_mix0151,45,0,0,-102,-4,11.15
fold2_room1_mix0151,45,0,0,-72,-4,21.23
fold2_room1_mix0151,45,4,0,-175,-2,12.17
fold2_room1_mix0151,45,4,0,-20,-6,5.43
fold2_room1_mix0151,45,4,0,7,-2,15.32
fold2_room1_mix0151,46,0,0,-108,-4,11.79
fold2_room1_mix0151,46,0,0,-91,-4,18.54
fold2_room1_mix0151,46,4,0,-174,-2,12.33
fold2_room1_mix0151,46,4,0,-19,-6,5.62
fold2_room1_mix0151,46,4,0,8,-3,15.56
fold2_room1_mix0151,47,0,0,-99,-4,11.89
fold2_room1_mix0151,47,0,0,-81,-4,18.90
fold2_room1_mix0151,47,4,0,-173,-2,13.56
fold2_room1_mix0151,47,4,0,-28,-9,3.86
fold2_room1_mix0151,47,4,0,10,-3,16.30
fold2_room1_mix0151,48,0,0,-117,-3,12.95
fold2_room1_mix0151,48,0,0,-101,-4,21.07
fold2_room1_mix0151,48,4,0,-175,-2,13.23
fold2_room1_mix0151,48,4,0,-36,-11,3.01
fold2_room1_mix0151,48,4,0,11,-2,17.80
fold2_room1_mix0151,49,0,0,-104,-4,19.39
fold2_room1_mix0151,49,4,0,-176,-2,14.36
fold2_room1_mix0151,49,4,0,-43,-14,2.57
fold2_room1_mix0151,49,4,0,11,-2,16.88
fold2_room1_mix0151,50,0,0,-105,-3,19.63
fold2_room1_mix0151,50,4,0,-176,-2,14.54
fold2_room1_mix0151,50,4,0,-62,-17,2.21
fold2_room1_mix0151,50,4,0,12,-3,15.60
fold2_room1_mix0151,51,0,0,-114,-3,19.35
fold2_room1_mix0151,51,4,0,-174,0,14.84
fold2_room1_mix0151,51,4,0,-113,-15,2.15
fold2_room1_mix0151,51,4,0,9,-2,16.59
fold2_room1_mix0151,52,0,0,-110,-3,21.14
fold2_room1_mix0151,52,4,0,-177,0,16.43
fold2_room1_mix0151,52,4,0,-137,-11,2.42
fold2_room1_mix0151,52,4,0,6,-2,15.84
fold2_room1_mix0151,53,0,0,-117,-3,18.04
fold2_room1_mix0151,53,4,0,176,-1,13.97
fold2_room1_mix0151,53,4,0,-151,-7,3.88
fold2_room1_mix0151,54,0,0,-111,-3,18.64
fold2_room1_mix0151,54,0,0,-68,-3,27.48
fold2_room1_mix0151,54,4,0,178,-3,8.37
fold2_room1_mix0151,54,4,0,-160,-6,4.15
fold2_room1_mix0151,54,4,0,154,-4,10.00
fold2_room1_mix0151,55,0,0,-113,-3,18.59
fold2_room1_mix0151,55,0,0,-50,-2,29.09
fold2_room1_mix0151,55,4,0,-170,-6,5.89
fold2_room1_mix0151,55,4,0,131,-4,9.23
fold2_room1_mix0151,56,0,0,-34,-2,33.28
fold2_room1_mix0151,56,4,0,-169,-2,8.92
fold2_room1_mix0151,56,4,0,169,-8,4.39
fold2_room1_mix0151,56,4,0,116,-4,9.63
fold2_room1_mix0151,57,0,0,-42,-2,35.08
fold2_room1_mix0151,57,4,0,-164,-1,8.60
fold2_room1_mix0151,57,4,0,151,-9,3.65
fold2_room1_mix0151,57,4,0,124,-7,6.82
fold2_room1_mix0151,58,4,0,-165,-3,8.08
fold2_room1_mix0151,58,4,0,142,-8,4.45
fold2_room1_mix0151,58,4,0,115,-9,5.29
fold2_room1_mix0151,59,4,0,-162,-1,9.08
fold2_room1_mix0151,59,4,0,137,-9,2.99
fold2_room1_mix0151,59,4,0,117,-7,5.41
fold2_room1_mix0151,60,4,0,-162,-3,9.01
fold2_room1_mix0151,60,4,0,151,-11,4.05
fold2_room1_mix0151,60,4,0,98,-11,3.20
fold2_room1_mix0151,61,4,0,-163,-4,9.08
fold2_room1_mix0151,61,4,0,162,-10,5.63
fold2_room1_mix0151,61,4,0,85,-12,2.75
fold2_room1_mix0151,62,4,0,-170,-2,13.53
fold2_room1_mix0151,62,4,0,174,-6,7.73
fold2_room1_mix0151,62,4,0,64,-8,3.83
fold2_room1_mix0151,63,4,0,-170,-2,10.87
fold2_room1_mix0151,63,4,0,50,-8,3.61
fold2_room1_mix0151,64,4,0,-179,-3,10.60
fold2_room1_mix0151,64,4,0,37,-7,3.62
fold2_room1_mix0151,65,4,0,177,-1,12.48
fold2_room1_mix0151,65,4,0,34,-6,4.05
fold2_room1_mix0151,66,4,0,-178,-2,11.09
fold2_room1_mix0151,66,4,0,30,-5,4.38
fold2_room1_mix0151,67,4,0,-178,-1,12.92
fold2_room1_mix0151,67,4,0,25,-4,5.19
fold2_room1_mix0151,68,4,0,-175,0,17.24
fold2_room1_mix0151,68,4,0,21,-3,6.73
fold2_room1_mix0151,69,4,0,-178,0,18.25
fold2_room1_mix0151,69,4,0,15,-4,7.72
fold2_room1_mix0151,70,4,0,-175,0,18.06
fold2_room1_mix0151,70,4,0,14,-3,7.74
fold2_room1_mix0151,71,4,0,-176,0,19.70
fold2_room1_mix0151,71,4,0,15,-3,8.21
fold2_room1_mix0151,72,4,0,-176,0,19.59
fold2_room1_mix0151,72,4,0,14,-3,9.06
fold2_room1_mix0151,73,4,0,-177,0,20.40
fold2_room1_mix0151,73,4,0,13,-3,9.25
fold2_room1_mix0151,74,4,0,-177,0,21.65
fold2_room1_mix0151,74,4,0,13,-3,9.91
fold2_room1_mix0151,75,4,0,-176,0,20.43
fold2_room1_mix0151,75,4,0,11,-2,11.44
fold2_room1_mix0151,76,4,0,-175,0,22.37
fold2_room1_mix0151,76,4,0,8,-3,10.94
fold2_room1_mix0151,77,4,0,-176,0,24.90
fold2_room1_mix0151,77,4,0,7,-3,11.68
fold2_room1_mix0151,78,4,0,-175,0,24.31
fold2_room1_mix0151,78,4,0,8,-3,12.04
fold2_room1_mix0151,79,4,0,-177,0,26.60
fold2_room1_mix0151,79,4,0,6,-3,10.54
fold2_room1_mix0151,80,4,0,-178,0,27.08
fold2_room1_mix0151,80,4,0,3,-3,10.27
fold2_room1_mix0151,81,4,0,-179,1,31.39
fold2_room1_mix0151,81,4,0,-7,-5,6.97
fold2_room1_mix0151,81,4,0,8,-2,13.14
fold2_room1_mix0151,82,4,0,179,2,31.43
fold2_room1_mix0151,82,4,0,-23,-7,4.87
fold2_room1_mix0151,82,4,0,11,-1,15.84
fold2_room1_mix0151,83,4,0,179,2,34.43
fold2_room1_mix0151,83,4,0,-27,-9,3.72
fold2_room1_mix0151,83,4,0,4,0,15.49
fold2_room1_mix0151,84,4,0,179,3,35.90
fold2_room1_mix0151,84,4,0,-42,-10,3.05
fold2_room1_mix0151,84,4,0,6,0,14.77
fold2_room1_mix0151,85,4,0,178,4,47.73
fold2_room1_mix0151,85,4,0,-68,-15,2.19
fold2_room1_mix0151,85,4,0,2,-1,15.46
fold2_room1_mix0151,86,4,0,175,5,52.93
fold2_room1_mix0151,86,4,0,-105,-17,1.89
fold2_room1_mix0151,86,4,0,-2,-1,14.88
fold2_room1_mix0151,87,4,0,175,5,49.64
fold2_room1_mix0151,87,4,0,-138,-11,2.10
fold2_room1_mix0151,87,4,0,-4,0,15.68
fold2_room1_mix0151,88,4,0,178,6,52.86
fold2_room1_mix0151,88,4,0,-149,-11,2.49
fold2_room1_mix0151,88,4,0,0,1,22.78
fold2_room1_mix0151,89,4,0,178,5,48.47
fold2_room1_mix0151,89,4,0,-155,-9,3.25
fold2_room1_mix0151,89,4,0,3,0,23.94
fold2_room1_mix0151,90,4,0,176,3,38.21
fold2_room1_mix0151,90,4,0,-159,-8,3.86
fold2_room1_mix0151,90,4,0,4,0,18.33
fold2_room1_mix0151,91,4,0,178,3,37.83
fold2_room1_mix0151,91,4,0,-162,-7,4.56
fold2_room1_mix0151,91,4,0,3,0,20.21
fold2_room1_mix0151,92,4,0,176,3,37.68
fold2_room1_mix0151,92,4,0,-166,-7,5.44
fold2_room1_mix0151,92,4,0,5,-1,18.75
fold2_room1_mix0151,93,4,0,177,2,33.59
fold2_room1_mix0151,93,4,0,-167,-6,6.33
fold2_room1_mix0151,93,4,0,6,-1,18.27
fold2_room1_mix0151,94,4,0,177,2,35.34
fold2_room1_mix0151,94,4,0,-167,-6,7.04
fold2_room1_mix0151,94,4,0,7,-1,20.03
fold2_room1_mix0151,95,4,0,-172,-2,18.16
fold2_room1_mix0151,95,4,0,5,0,23.65
fold2_room1_mix0151,96,4,0,-173,-1,24.56
fold2_room1_mix0151,96,4,0,3,0,27.40
fold2_room1_mix0151,97,4,0,-173,0,24.22
fold2_room1_mix0151,97,4,0,4,0,24.63
fold2_room1_mix0151,98,4,0,-174,-1,24.31
fold2_room1_mix0151,98,4,0,4,0,28.04
fold2_room1_mix0151,99,4,0,-174,-1,18.61
fold2_room1_mix0151,99,4,0,6,0,27.17
fold2_room1_mix0152,3,4,0,2,0,4.51
fold2_room1_mix0152,4,4,0,7,0,16.60
fold2_room1_mix0152,5,4,0,6,0,21.83
fold2_room1_mix0152,6,4,0,7,0,26.48
fold2_room1_mix0152,7,4,0,9,0,32.68
fold2_room1_mix0152,8,4,0,9,0,43.72
fold2_room1_mix0152,9,4,0,8,-1,42.80
fold2_room1_mix0152,10,4,0,9,0,42.17
fold2_room1_mix0152,11,4,0,11,0,42.42
fold2_room1_mix0152,12,4,0,10,0,41.66
fold2_room1_mix0152,13,4,0,8,0,41.12
fold2_room1_mix0152,14,4,0,9,0,41.66
fold2_room1_mix0152,15,4,0,11,0,40.78
fold2_room1_mix0152,16,4,0,9,0,37.77
fold2_room1_mix0152,17,4,0,10,0,38.60
fold2_room1_mix0152,18,4,0,9,0,38.29
fold2_room1_mix0152,19,4,0,10,0,35.60
fold2_room1_mix0152,20,4,0,9,0,35.19
fold2_room1_mix0152,21,4,0,10,0,34.86
fold2_room1_mix0152,22,4,0,10,-1,31.54
fold2_room1_mix0152,23,4,0,11,0,30.77
fold2_room1_mix0152,24,4,0,11,0,32.31
fold2_room1_mix0152,25,4,0,9,-1,32.46
fold2_room1_mix0152,26,4,0,11,0,30.06
fold2_room1_mix0152,27,4,0,11,0,31.30
fold2_room1_mix0152,28,4,0,9,-1,28.59
fold2_room1_mix0152,29,4,0,11,-1,29.57
fold2_room1_mix0152,30,4,0,13,-1,29.95
fold2_room1_mix0152,31,4,0,12,-1,28.64
fold2_room1_mix0152,32,4,0,12,-1,28.16
fold2_room1_mix0152,33,4,0,11,-1,27.00
fold2_room1_mix0152,34,4,0,13,-1,26.68
fold2_room1_mix0152,35,4,0,12,-1,26.23
fold2_room1_mix0152,36,4,0,13,-1,25.01
fold2_room1_mix0152,37,4,0,13,-1,24.97
fold2_room1_mix0152,38,4,0,13,-1,24.78
fold2_room1_mix0152,39,4,0,14,-1,23.17
fold2_room1_mix0152,40,4,0,16,-1,22.95
fold2_room1_mix0152,41,4,0,16,-1,21.70
fold2_room1_mix0152,42,4,0,16,-1,21.16
fold2_room1_mix0152,43,4,0,16,-1,20.55
fold2_room1_mix0152,44,4,0,16,-1,19.25
fold2_room1_mix0152,45,4,0,17,-2,18.22
fold2_room1_mix0152,46,4,0,18,-1,19.52
fold2_room1_mix0152,47,4,0,19,-1,18.21
fold2_room1_mix0152,48,4,0,19,-2,17.62
fold2_room1_mix0152,49,4,0,20,-2,16.94
fold2_room1_mix0152,50,4,0,22,-2,16.67
fold2_room1_mix0152,51,4,0,22,-2,15.98
fold2_room1_mix0152,52,4,0,23,-2,15.56
fold2_room1_mix0152,53,4,0,24,-2,14.55
fold2_room1_mix0152,54,4,0,24,-2,13.34
fold2_room1_mix0152,55,4,0,26,-2,12.73
fold2_room1_mix0152,56,4,0,27,-3,12.72
fold2_room1_mix0152,57,4,0,28,-3,11.67
fold2_room1_mix0152,58,4,0,30,-3,11.41
fold2_room1_mix0152,59,4,0,32,-3,10.65
fold2_room1_mix0152,60,4,0,32,-4,9.92
fold2_room1_mix0152,61,4,0,33,-4,8.88
fold2_room1_mix0152,62,4,0,36,-4,8.68
fold2_room1_mix0152,63,4,0,36,-4,8.21
fold2_room1_mix0152,64,4,0,39,-5,7.10
fold2_room1_mix0152,65,4,0,42,-5,7.11
fold2_room1_mix0152,66,4,0,44,-5,6.77
fold2_room1_mix0152,67,4,0,47,-6,6.41
fold2_room1_mix0152,68,4,0,54,-5,6.27
fold2_room1_mix0152,69,4,0,59,-6,6.37
fold2_room1_mix0152,70,4,0,66,-6,5.84
fold2_room1_mix0152,71,4,0,74,-7,5.69
fold2_room1_mix0152,72,4,0,81,-8,5.74
fold2_room1_mix0152,73,4,0,87,-8,5.46
fold2_room1_mix0152,74,4,0,95,-7,5.56
fold2_room1_mix0152,75,4,0,103,-6,6.06
fold2_room1_mix0152,76,4,0,110,-6,5.97
fold2_room1_mix0152,77,4,0,116,-6,6.49
fold2_room1_mix0152,78,4,0,122,-5,6.71
fold2_room1_mix0152,79,4,0,127,-5,6.86
fold2_room1_mix0152,80,4,0,131,-5,7.38
fold2_room1_mix0152,81,4,0,134,-5,7.85
fold2_room1_mix0152,82,4,0,137,-5,8.05
fold2_room1_mix0152,83,4,0,140,-4,8.64
fold2_room1_mix0152,84,4,0,141,-4,9.09
fold2_room1_mix0152,85,4,0,144,-4,9.52
fold2_room1_mix0152,86,4,0,146,-4,10.03
fold2_room1_mix0152,87,4,0,147,-4,10.44
fold2_room1_mix0152,88,4,0,149,-3,11.29
fold2_room1_mix0152,89,4,0,151,-3,11.42
fold2_room1_mix0152,90,4,0,152,-3,12.00
fold2_room1_mix0152,91,4,0,153,-3,13.07
fold2_room1_mix0152,92,4,0,155,-3,13.11
fold2_room1_mix0152,93,4,0,155,-2,13.57
fold2_room1_mix0152,94,4,0,156,-2,14.86
fold2_room1_mix0152,95,4,0,157,-2,15.43
fold2_room1_mix0152,96,4,0,159,-2,15.55
fold2_room1_mix0152,97,4,0,160,-1,16.48
fold2_room1_mix0152,98,4,0,160,-1,16.88
fold2_room1_mix0152,99,4,0,161,-1,16.76
fold2_room1_mix0153,62,2,0,-88,-3,3.76
fold2_room1_mix0153,63,2,0,-93,-2,6.17
fold2_room1_mix0153,64,2,0,-90,-2,7.20
fold2_room1_mix0153,65,2,0,-87,-3,3.27
fold2_room1_mix0153,68,4,0,-15,-2,3.39
fold2_room1_mix0153,69,4,0,-12,-3,5.77
fold2_room1_mix0153,70,4,0,-12,-3,6.32
fold2_room1_mix0153,71,4,0,-12,-4,7.71
fold2_room1_mix0153,72,4,0,-17,-5,7.24
fold2_room1_mix0153,73,4,0,-18,-5,8.02
fold2_room1_mix0153,74,4,0,-22,-6,6.99
fold2_room1_mix0153,75,4,0,-22,-6,6.17
fold2_room1_mix0153,76,4,0,-28,-8,5.42
fold2_room1_mix0153,77,4,0,-28,-9,4.69
fold2_room1_mix0153,78,4,0,-33,-10,4.05
fold2_room1_mix0153,79,4,0,-37,-12,3.36
fold2_room1_mix0153,80,4,0,-45,-14,3.05
fold2_room1_mix0153,81,4,0,-55,-16,2.88
fold2_room1_mix0153,82,4,0,-73,-19,2.65
fold2_room1_mix0153,83,4,0,-95,-21,2.36
fold2_room1_mix0153,84,4,0,-112,-20,2.50
fold2_room1_mix0153,85,4,0,-125,-16,2.94
fold2_room1_mix0153,86,4,0,-136,-13,3.23
fold2_room1_mix0153,87,4,0,-144,-11,3.89
fold2_room1_mix0153,88,4,0,-148,-8,4.48
fold2_room1_mix0153,89,4,0,-152,-8,5.37
fold2_room1_mix0153,90,4,0,-155,-7,6.03
fold2_room1_mix0153,91,4,0,-157,-6,6.30
fold2_room1_mix0153,92,4,0,-158,-5,7.46
fold2_room1_mix0153,93,4,0,-159,-5,7.56
fold2_room1_mix0153,94,4,0,-162,-5,8.27
fold2_room1_mix0153,95,4,0,-162,-3,9.27
fold2_room1_mix0153,96,4,0,-162,-3,5.73
fold2_room1_mix0153,98,4,0,-167,-1,2.28
fold2_room1_mix0155,2,4,0,179,0,1.88
fold2_room1_mix0155,3,4,0,179,0,3.52
fold2_room1_mix0155,4,4,0,178,0,6.85
fold2_room1_mix0155,5,4,0,176,0,14.63
fold2_room1_mix0155,6,4,0,175,0,16.09
fold2_room1_mix0155,7,4,0,176,0,18.50
fold2_room1_mix0155,8,4,0,175,0,26.96
fold2_room1_mix0155,9,4,0,176,0,26.67
fold2_room1_mix0155,10,4,0,176,0,27.57
fold2_room1_mix0155,11,4,0,175,0,28.39
fold2_room1_mix0155,12,4,0,175,0,29.76
fold2_room1_mix0155,13,4,0,175,0,29.24
fold2_room1_mix0155,14,4,0,174,0,30.99
fold2_room1_mix0155,15,4,0,175,0,30.11
fold2_room1_mix0155,16,4,0,174,0,30.74
fold2_room1_mix0155,17,4,0,174,0,30.21
fold2_room1_mix0155,18,4,0,173,0,29.36
fold2_room1_mix0155,19,4,0,174,0,28.59
fold2_room1_mix0155,20,4,0,174,0,29.31
fold2_room1_mix0155,21,4,0,174,0,28.54
fold2_room1_mix0155,22,4,0,175,0,28.31
fold2_room1_mix0155,23,4,0,176,0,27.99
fold2_room1_mix0155,24,4,0,176,0,28.76
fold2_room1_mix0155,25,4,0,176,0,29.06
fold2_room1_mix0155,26,4,0,176,0,29.62
fold2_room1_mix0155,27,4,0,177,0,30.34
fold2_room1_mix0155,28,4,0,177,0,29.89
fold2_room1_mix0155,29,4,0,177,0,31.06
fold2_room1_mix0155,30,4,0,177,0,30.57
fold2_room1_mix0155,31,4,0,177,0,31.47
fold2_room1_mix0155,32,4,0,177,0,32.95
fold2_room1_mix0155,33,4,0,176,0,32.12
fold2_room1_mix0155,34,4,0,176,0,32.52
fold2_room1_mix0155,35,4,0,177,0,31.18
fold2_room1_mix0155,36,4,0,176,0,30.07
fold2_room1_mix0155,37,4,0,176,0,30.03
fold2_room1_mix0155,38,4,0,176,0,29.00
fold2_room1_mix0155,39,4,0,176,0,27.55
fold2_room1_mix0155,40,4,0,-178,0,30.88
fold2_room1_mix0155,40,4,0,163,-1,21.97
fold2_room1_mix0155,41,4,0,-176,0,28.75
fold2_room1_mix0155,41,4,0,164,-1,20.75
fold2_room1_mix0155,42,4,0,-177,0,26.53
fold2_room1_mix0155,42,4,0,162,-2,18.91
fold2_room1_mix0155,43,4,0,-176,0,26.48
fold2_room1_mix0155,43,4,0,161,-2,18.14
fold2_room1_mix0155,44,4,0,-173,-1,25.70
fold2_room1_mix0155,44,4,0,158,-2,18.45
fold2_room1_mix0155,45,4,0,-175,0,25.59
fold2_room1_mix0155,45,4,0,157,-2,17.39
fold2_room1_mix0155,46,4,0,-174,-1,24.60
fold2_room1_mix0155,46,4,0,157,-2,16.78
fold2_room1_mix0155,47,4,0,-174,-1,22.43
fold2_room1_mix0155,47,4,0,154,-1,17.78
fold2_room1_mix0155,48,4,0,-172,-2,19.76
fold2_room1_mix0155,48,4,0,153,-1,16.66
fold2_room1_mix0155,49,4,0,-162,-3,17.13
fold2_room1_mix0155,49,4,0,-179,-1,19.81
fold2_room1_mix0155,49,4,0,153,-1,16.75
fold2_room1_mix0155,50,4,0,-159,-3,15.83
fold2_room1_mix0155,50,4,0,-178,-2,18.82
fold2_room1_mix0155,50,4,0,150,-1,16.21
fold2_room1_mix0155,51,4,0,-159,-4,13.54
fold2_room1_mix0155,51,4,0,-178,-2,17.69
fold2_room1_mix0155,51,4,0,147,0,17.11
fold2_room1_mix0155,52,4,0,-159,-4,12.80
fold2_room1_mix0155,52,4,0,-177,-3,16.32
fold2_room1_mix0155,52,4,0,146,0,17.89
fold2_room1_mix0155,53,4,0,-158,-5,12.04
fold2_room1_mix0155,53,4,0,-178,-3,15.93
fold2_room1_mix0155,53,4,0,143,0,17.71
fold2_room1_mix0155,54,4,0,-154,-5,11.11
fold2_room1_mix0155,54,4,0,-178,-3,14.38
fold2_room1_mix0155,54,4,0,142,-1,15.99
fold2_room1_mix0155,55,4,0,-153,-6,8.72
fold2_room1_mix0155,55,4,0,-177,-4,13.37
fold2_room1_mix0155,55,4,0,138,-1,14.85
fold2_room1_mix0155,56,4,0,-150,-6,8.20
fold2_room1_mix0155,56,4,0,178,-4,12.58
fold2_room1_mix0155,56,4,0,137,0,17.37
fold2_room1_mix0155,57,4,0,-148,-6,7.76
fold2_room1_mix0155,57,4,0,175,-4,12.96
fold2_room1_mix0155,57,4,0,137,-2,13.86
fold2_room1_mix0155,58,4,0,-146,-8,7.07
fold2_room1_mix0155,58,4,0,168,-5,12.74
fold2_room1_mix0155,58,4,0,135,-3,12.72
fold2_room1_mix0155,59,4,0,147,-2,14.90
fold2_room1_mix0155,59,4,0,-115,-25,2.47
fold2_room1_mix0155,60,4,0,148,-3,13.85
fold2_room1_mix0155,60,4,0,-81,-26,2.92
fold2_room1_mix0155,61,4,0,145,-3,12.24
fold2_room1_mix0155,61,4,0,-59,-22,3.15
fold2_room1_mix0155,62,4,0,137,-4,10.79
fold2_room1_mix0155,62,4,0,-55,-19,3.24
fold2_room1_mix0155,63,4,0,130,-4,10.12
fold2_room1_mix0155,63,4,0,-44,-16,3.53
fold2_room1_mix0155,64,4,0,128,-4,9.41
fold2_room1_mix0155,64,4,0,-30,-11,4.60
fold2_room1_mix0155,65,4,0,121,-5,8.94
fold2_room1_mix0155,65,4,0,-23,-10,4.85
fold2_room1_mix0155,66,4,0,114,-5,8.89
fold2_room1_mix0155,66,4,0,-16,-8,5.91
fold2_room1_mix0155,67,4,0,106,-5,8.71
fold2_room1_mix0155,67,4,0,-11,-8,6.34
fold2_room1_mix0155,68,4,0,97,-5,8.62
fold2_room1_mix0155,68,4,0,-11,-6,7.33
fold2_room1_mix0155,69,4,0,92,-4,8.40
fold2_room1_mix0155,69,4,0,-10,-4,8.54
fold2_room1_mix0155,70,4,0,83,-4,8.63
fold2_room1_mix0155,70,4,0,-13,-4,9.96
fold2_room1_mix0155,71,4,0,69,-4,9.40
fold2_room1_mix0155,71,4,0,-9,-3,12.27
fold2_room1_mix0155,72,4,0,66,-4,10.93
fold2_room1_mix0155,72,4,0,47,-4,10.98
fold2_room1_mix0155,72,4,0,-9,-2,13.49
fold2_room1_mix0155,73,4,0,60,-4,10.22
fold2_room1_mix0155,73,4,0,0,-4,11.49
fold2_room1_mix0155,74,4,0,51,-3,10.58
fold2_room1_mix0155,74,4,0,26,-4,10.80
fold2_room1_mix0155,74,4,0,-6,-2,14.11
fold2_room1_mix0155,75,4,0,47,-4,10.88
fold2_room1_mix0155,75,4,0,11,-4,12.30
fold2_room1_mix0155,75,4,0,-3,-2,15.94
fold2_room1_mix0155,76,4,0,44,-3,11.58
fold2_room1_mix0155,76,4,0,20,-4,12.69
fold2_room1_mix0155,76,4,0,-1,-2,17.15
fold2_room1_mix0155,77,4,0,41,-3,11.66
fold2_room1_mix0155,77,4,0,5,-3,15.31
fold2_room1_mix0155,78,0,0,0,0,5.28
fold2_room1_mix0155,78,4,0,38,-3,12.02
fold2_room1_mix0155,78,4,0,15,-4,14.91
fold2_room1_mix0155,78,4,0,-2,-2,20.55
fold2_room1_mix0155,79,0,0,-2,0,53.53
fold2_room1_mix0155,79,4,0,33,-3,13.69
fold2_room1_mix0155,79,4,0,-2,-3,19.29
fold2_room1_mix0155,80,0,0,-1,0,56.47
fold2_room1_mix0155,80,4,0,34,-3,14.10
fold2_room1_mix0155,80,4,0,5,-3,16.72
fold2_room1_mix0155,81,0,0,0,0,52.29
fold2_room1_mix0155,81,4,0,29,-3,14.70
fold2_room1_mix0155,81,4,0,3,-3,19.46
fold2_room1_mix0155,82,0,0,0,0,64.71
fold2_room1_mix0155,82,4,0,27,-3,14.95
fold2_room1_mix0155,82,4,0,2,-3,19.91
fold2_room1_mix0155,83,0,0,0,0,70.20
fold2_room1_mix0155,83,4,0,28,-4,15.54
fold2_room1_mix0155,83,4,0,2,-3,19.90
fold2_room1_mix0155,84,0,0,0,0,61.04
fold2_room1_mix0155,84,4,0,25,-4,14.96
fold2_room1_mix0155,84,4,0,0,-3,22.64
fold2_room1_mix0155,85,0,0,0,0,63.45
fold2_room1_mix0155,85,4,0,23,-3,17.07
fold2_room1_mix0155,85,4,0,1,-3,22.64
fold2_room1_mix0155,86,0,0,0,0,89.70
fold2_room1_mix0155,86,4,0,22,-4,15.62
fold2_room1_mix0155,86,4,0,0,-4,22.42
fold2_room1_mix0155,87,0,0,0,0,74.29
fold2_room1_mix0155,87,4,0,20,-4,16.72
fold2_room1_mix0155,87,4,0,1,-4,23.09
fold2_room1_mix0155,88,0,0,0,0,83.90
fold2_room1_mix0155,88,4,0,7,-3,23.64
fold2_room1_mix0155,89,0,0,0,0,95.35
fold2_room1_mix0155,89,4,0,7,-4,22.48
fold2_room1_mix0155,90,0,0,0,0,100.53
fold2_room1_mix0155,90,4,0,8,-3,23.27
fold2_room1_mix0155,91,0,0,0,0,103.98
fold2_room1_mix0155,91,4,0,7,-3,24.64
fold2_room1_mix0155,92,0,0,-1,0,109.48
fold2_room1_mix0155,92,4,0,8,-3,23.90
fold2_room1_mix0155,93,0,0,-1,0,103.83
fold2_room1_mix0155,93,4,0,7,-3,23.91
fold2_room1_mix0155,94,0,0,0,0,107.75
fold2_room1_mix0155,94,4,0,6,-3,25.74
fold2_room1_mix0155,95,0,0,0,0,97.83
fold2_room1_mix0155,95,4,0,6,-3,25.25
fold2_room1_mix0155,96,0,0,0,0,91.82
fold2_room1_mix0155,96,4,0,6,-3,27.21
fold2_room1_mix0155,97,0,0,0,0,101.93
fold2_room1_mix0155,97,4,0,6,-3,28.39
fold2_room1_mix0155,98,0,0,-1,0,102.87
fold2_room1_mix0155,98,4,0,5,-3,29.68
fold2_room1_mix0155,99,0,0,-1,0,86.91
fold2_room1_mix0155,99,4,0,6,-2,30.75
fold2_room1_mix0156,5,4,0,-24,-2,12.58
fold2_room1_mix0156,5,4,0,-4,-1,13.04
fold2_room1_mix0156,7,4,0,-29,-3,21.62
fold2_room1_mix0156,7,4,0,-3,-2,22.06
fold2_room1_mix0156,8,4,0,-10,-2,20.52
fold2_room1_mix0156,9,4,0,-33,-4,21.21
fold2_room1_mix0156,9,4,0,-6,-2,21.88
fold2_room1_mix0156,10,4,0,-25,-4,19.27
fold2_room1_mix0156,10,4,0,-8,-2,20.45
fold2_room1_mix0156,11,4,0,-40,-4,23.32
fold2_room1_mix0156,11,4,0,-2,-2,23.50
fold2_room1_mix0156,12,4,0,-22,-3,20.77
fold2_room1_mix0156,12,4,0,-2,-2,22.12
fold2_room1_mix0156,14,4,0,-146,-3,23.03
fold2_room1_mix0156,14,4,0,-2,-2,21.49
fold2_room1_mix0156,15,4,0,-139,-3,21.70
fold2_room1_mix0156,15,4,0,0,-3,19.60
fold2_room1_mix0156,17,4,0,-140,-2,21.87
fold2_room1_mix0156,17,4,0,-1,-3,17.34
fold2_room1_mix0156,18,4,0,-142,-2,21.65
fold2_room1_mix0156,18,4,0,0,-4,17.31
fold2_room1_mix0156,19,4,0,-147,-3,20.85
fold2_room1_mix0156,19,4,0,0,-3,19.22
fold2_room1_mix0156,20,4,0,-146,-2,23.61
fold2_room1_mix0156,20,4,0,0,-3,18.63
fold2_room1_mix0156,21,0,0,-170,-1,11.40
fold2_room1_mix0156,21,4,0,-154,-1,25.50
fold2_room1_mix0156,21,4,0,-2,-3,20.36
fold2_room1_mix0156,22,0,0,-171,-1,18.17
fold2_room1_mix0156,22,4,0,-153,-1,24.38
fold2_room1_mix0156,22,4,0,-4,-4,16.03
fold2_room1_mix0156,23,0,0,-168,-1,18.57
fold2_room1_mix0156,23,4,0,-149,-1,23.16
fold2_room1_mix0156,23,4,0,-4,-4,15.01
fold2_room1_mix0156,24,0,0,-170,-1,29.71
fold2_room1_mix0156,24,4,0,-150,-1,24.30
fold2_room1_mix0156,24,4,0,-2,-4,16.79
fold2_room1_mix0156,25,0,0,-167,-1,39.86
fold2_room1_mix0156,25,4,0,-152,-2,22.62
fold2_room1_mix0156,25,4,0,-3,-4,15.15
fold2_room1_mix0156,26,0,0,-167,-1,43.82
fold2_room1_mix0156,26,4,0,-151,-2,21.96
fold2_room1_mix0156,26,4,0,-5,-4,15.86
fold2_room1_mix0156,27,0,0,-167,-1,46.25
fold2_room1_mix0156,27,4,0,-152,-2,19.75
fold2_room1_mix0156,27,4,0,-6,-3,14.63
fold2_room1_mix0156,28,0,0,-165,-1,42.37
fold2_room1_mix0156,28,4,0,-150,-1,19.74
fold2_room1_mix0156,28,4,0,-4,-3,13.51
fold2_room1_mix0156,29,0,0,-166,-1,40.47
fold2_room1_mix0156,29,4,0,-151,-1,20.51
fold2_room1_mix0156,29,4,0,-3,-4,12.38
fold2_room1_mix0156,30,0,0,-166,-1,41.64
fold2_room1_mix0156,30,4,0,-151,-1,20.60
fold2_room1_mix0156,30,4,0,-3,-4,13.26
fold2_room1_mix0156,31,0,0,-164,-1,41.44
fold2_room1_mix0156,31,4,0,-151,-2,18.64
fold2_room1_mix0156,31,4,0,-3,-4,13.16
fold2_room1_mix0156,32,0,0,-159,-1,35.53
fold2_room1_mix0156,32,2,0,-83,-3,4.42
fold2_room1_mix0156,32,4,0,-152,-2,17.41
fold2_room1_mix0156,32,4,0,-3,-4,11.94
fold2_room1_mix0156,33,0,0,-158,-1,38.67
fold2_room1_mix0156,33,2,0,-86,-2,2.48
fold2_room1_mix0156,33,4,0,-152,-2,17.97
fold2_room1_mix0156,33,4,0,-4,-5,12.30
fold2_room1_mix0156,34,0,0,-160,-1,26.65
fold2_room1_mix0156,34,2,0,-79,-2,9.13
fold2_room1_mix0156,34,4,0,-150,-2,18.55
fold2_room1_mix0156,34,4,0,-5,-4,13.23
fold2_room1_mix0156,35,0,0,-156,-1,24.08
fold2_room1_mix0156,35,2,0,-82,-2,9.07
fold2_room1_mix0156,35,4,0,-154,-2,17.66
fold2_room1_mix0156,35,4,0,-5,-4,12.56
fold2_room1_mix0156,36,0,0,-153,-2,29.19
fold2_room1_mix0156,36,2,0,-86,-3,7.11
fold2_room1_mix0156,36,4,0,-151,-1,19.31
fold2_room1_mix0156,36,4,0,-4,-5,12.21
fold2_room1_mix0156,37,0,0,-157,-2,27.16
fold2_room1_mix0156,37,4,0,-153,-2,17.24
fold2_room1_mix0156,37,4,0,-5,-4,11.72
fold2_room1_mix0156,38,0,0,-155,-2,24.46
fold2_room1_mix0156,38,4,0,-149,-1,16.55
fold2_room1_mix0156,38,4,0,-7,-5,10.98
fold2_room1_mix0156,39,0,0,-150,-2,24.85
fold2_room1_mix0156,39,4,0,-147,-1,18.19
fold2_room1_mix0156,39,4,0,-6,-4,11.37
fold2_room1_mix0156,40,0,0,-152,-2,24.60
fold2_room1_mix0156,40,4,0,-146,0,19.09
fold2_room1_mix0156,40,4,0,-4,-5,10.50
fold2_room1_mix0156,41,0,0,-152,-2,28.43
fold2_room1_mix0156,41,4,0,-145,0,19.41
fold2_room1_mix0156,41,4,0,-9,-5,9.62
fold2_room1_mix0156,42,0,0,-145,-2,23.08
fold2_room1_mix0156,42,2,0,-81,-3,4.83
fold2_room1_mix0156,42,4,0,-143,0,18.45
fold2_room1_mix0156,42,4,0,-5,-5,9.58
fold2_room1_mix0156,43,0,0,-143,-2,25.61
fold2_room1_mix0156,43,4,0,-143,-1,17.35
fold2_room1_mix0156,43,4,0,-6,-5,10.00
fold2_room1_mix0156,44,0,0,-134,-3,19.87
fold2_room1_mix0156,44,2,0,-82,-1,7.77
fold2_room1_mix0156,44,4,0,-145,-1,17.33
fold2_room1_mix0156,44,4,0,-4,-5,10.06
fold2_room1_mix0156,45,0,0,-129,-3,17.70
fold2_room1_mix0156,45,2,0,-83,-2,5.81
fold2_room1_mix0156,45,4,0,-145,-1,15.94
fold2_room1_mix0156,45,4,0,-6,-5,9.45
fold2_room1_mix0156,46,0,0,-122,-3,20.10
fold2_room1_mix0156,46,4,0,-141,-1,15.66
fold2_room1_mix0156,46,4,0,-4,-5,8.92
fold2_room1_mix0156,47,0,0,-122,-3,16.08
fold2_room1_mix0156,47,4,0,-144,-1,15.32
fold2_room1_mix0156,47,4,0,-6,-6,8.00
fold2_room1_mix0156,48,0,0,-106,-4,13.57
fold2_room1_mix0156,48,4,0,-143,-1,12.84
fold2_room1_mix0156,48,4,0,-5,-5,7.68
fold2_room1_mix0156,49,0,0,-98,-4,15.01
fold2_room1_mix0156,49,4,0,-139,-1,14.13
fold2_room1_mix0156,49,4,0,-6,-6,7.69
fold2_room1_mix0156,50,0,0,-87,-4,14.86
fold2_room1_mix0156,50,4,0,-149,-1,15.43
fold2_room1_mix0156,50,4,0,-7,-6,8.08
fold2_room1_mix0156,51,0,0,-84,-5,13.22
fold2_room1_mix0156,51,2,0,-87,-2,6.50
fold2_room1_mix0156,51,4,0,-145,-1,14.22
fold2_room1_mix0156,51,4,0,-18,-7,6.35
fold2_room1_mix0156,51,4,0,-1,-4,10.46
fold2_room1_mix0156,52,0,0,-85,-5,15.99
fold2_room1_mix0156,52,2,0,-92,-3,9.23
fold2_room1_mix0156,52,4,0,-139,-2,16.13
fold2_room1_mix0156,52,4,0,-23,-8,6.77
fold2_room1_mix0156,52,4,0,-5,-5,10.57
fold2_room1_mix0156,53,0,0,-79,-5,15.63
fold2_room1_mix0156,53,2,0,-91,-3,8.10
fold2_room1_mix0156,53,4,0,-141,-2,14.19
fold2_room1_mix0156,53,4,0,-11,-7,7.92
fold2_room1_mix0156,54,0,0,-74,-5,14.15
fold2_room1_mix0156,54,2,0,-86,-2,11.41
fold2_room1_mix0156,54,4,0,-132,-2,13.12
fold2_room1_mix0156,54,4,0,-8,-6,7.74
fold2_room1_mix0156,55,0,0,-68,-5,17.13
fold2_room1_mix0156,55,2,0,-93,-4,7.07
fold2_room1_mix0156,55,4,0,-83,-5,11.32
fold2_room1_mix0156,55,4,0,-17,-8,5.64
fold2_room1_mix0156,55,4,0,-2,-6,8.92
fold2_room1_mix0156,56,0,0,-67,-4,15.56
fold2_room1_mix0156,56,2,0,-96,-3,3.90
fold2_room1_mix0156,56,4,0,-147,-2,13.52
fold2_room1_mix0156,56,4,0,-20,-7,5.16
fold2_room1_mix0156,56,4,0,-5,-5,8.05
fold2_room1_mix0156,57,0,0,-90,-4,14.23
fold2_room1_mix0156,57,4,0,-132,0,14.00
fold2_room1_mix0156,57,4,0,-14,-6,5.70
fold2_room1_mix0156,58,0,0,-95,-3,7.35
fold2_room1_mix0156,58,0,0,-78,-3,9.34
fold2_room1_mix0156,58,4,0,-126,0,13.35
fold2_room1_mix0156,58,4,0,-13,-6,6.09
fold2_room1_mix0156,59,0,0,-128,-2,17.23
fold2_room1_mix0156,59,4,0,-131,0,16.07
fold2_room1_mix0156,59,4,0,-15,-8,5.55
fold2_room1_mix0156,60,0,0,-126,-2,17.76
fold2_room1_mix0156,60,4,0,-137,0,17.30
fold2_room1_mix0156,60,4,0,-21,-8,4.74
fold2_room1_mix0156,61,0,0,-142,-1,11.10
fold2_room1_mix0156,61,4,0,-132,0,20.00
fold2_room1_mix0156,61,4,0,-19,-8,4.35
fold2_room1_mix0156,62,0,0,-143,-1,15.67
fold2_room1_mix0156,62,4,0,-133,0,19.67
fold2_room1_mix0156,62,4,0,-20,-8,4.26
fold2_room1_mix0156,63,4,0,-97,-1,14.78
fold2_room1_mix0156,63,4,0,-20,-9,4.53
fold2_room1_mix0156,64,0,0,-41,-1,25.60
fold2_room1_mix0156,64,2,0,-93,-4,4.34
fold2_room1_mix0156,64,4,0,-118,-2,15.93
fold2_room1_mix0156,64,4,0,-23,-11,3.30
fold2_room1_mix0156,65,4,0,-132,0,23.64
fold2_room1_mix0156,65,4,0,-27,-10,3.14
fold2_room1_mix0156,66,4,0,-110,1,18.33
fold2_room1_mix0156,66,4,0,-30,-10,2.87
fold2_room1_mix0156,67,4,0,-77,-3,9.08
fold2_room1_mix0156,67,4,0,-36,-8,3.26
fold2_room1_mix0156,68,4,0,-65,-8,5.55
fold2_room1_mix0156,68,4,0,-42,-12,2.34
fold2_room1_mix0156,69,4,0,-87,-4,7.10
fold2_room1_mix0156,69,4,0,-49,-10,2.28
fold2_room1_mix0156,70,4,0,-78,-11,3.26
fold2_room1_mix0156,70,4,0,-55,-11,2.79
fold2_room1_mix0156,71,0,0,-105,-3,13.85
fold2_room1_mix0156,71,4,0,-77,-15,1.60
fold2_room1_mix0156,71,4,0,-50,-1,7.58
fold2_room1_mix0156,72,4,0,-103,-10,3.61
fold2_room1_mix0156,72,4,0,-81,-12,2.21
fold2_room1_mix0156,73,0,0,-132,-2,11.68
fold2_room1_mix0156,73,4,0,-112,-12,1.66
fold2_room1_mix0156,73,4,0,-77,-6,3.85
fold2_room1_mix0156,74,0,0,-128,-2,8.56
fold2_room1_mix0156,74,4,0,-124,-10,1.65
fold2_room1_mix0156,74,4,0,-86,-2,4.76
fold2_room1_mix0156,75,0,0,-139,-2,7.72
fold2_room1_mix0156,75,4,0,-132,-9,2.11
fold2_room1_mix0156,75,4,0,-72,0,8.82
fold2_room1_mix0156,76,0,0,-141,-2,15.04
fold2_room1_mix0156,76,4,0,-138,-10,1.99
fold2_room1_mix0156,76,4,0,-90,0,7.72
fold2_room1_mix0156,77,0,0,-147,-2,9.63
fold2_room1_mix0156,77,4,0,-144,-9,2.17
fold2_room1_mix0156,77,4,0,-93,2,9.37
fold2_room1_mix0156,78,0,0,-154,-1,7.64
fold2_room1_mix0156,78,4,0,-145,-9,2.33
fold2_room1_mix0156,78,4,0,-102,1,10.72
fold2_room1_mix0156,79,0,0,-150,-1,18.47
fold2_room1_mix0156,79,4,0,-148,-9,2.31
fold2_room1_mix0156,79,4,0,-90,1,11.78
fold2_room1_mix0156,80,0,0,-157,-1,18.67
fold2_room1_mix0156,80,4,0,-149,-9,2.44
fold2_room1_mix0156,80,4,0,-118,0,9.77
fold2_room1_mix0156,81,0,0,-156,-1,26.99
fold2_room1_mix0156,81,4,0,-154,-7,3.38
fold2_room1_mix0156,81,4,0,-66,1,15.77
fold2_room1_mix0156,82,0,0,-159,-1,6.33
fold2_room1_mix0156,82,4,0,-155,-8,3.26
fold2_room1_mix0156,82,4,0,-59,0,15.80
fold2_room1_mix0156,83,0,0,-160,0,3.66
fold2_room1_mix0156,83,4,0,-157,-7,3.76
fold2_room1_mix0156,83,4,0,-63,0,16.23
fold2_room1_mix0156,84,0,0,-159,-1,12.95
fold2_room1_mix0156,84,4,0,-156,-6,4.33
fold2_room1_mix0156,84,4,0,-56,0,14.73
fold2_room1_mix0156,85,0,0,-161,-1,6.87
fold2_room1_mix0156,85,4,0,-160,-6,5.00
fold2_room1_mix0156,85,4,0,-58,-1,14.78
fold2_room1_mix0156,86,0,0,-164,0,4.60
fold2_room1_mix0156,86,4,0,-160,-6,5.07
fold2_room1_mix0156,86,4,0,-60,-1,15.51
fold2_room1_mix0156,87,0,0,-159,-1,8.29
fold2_room1_mix0156,87,4,0,-159,-5,5.30
fold2_room1_mix0156,87,4,0,-57,-1,14.54
fold2_room1_mix0156,88,0,0,-165,-1,7.64
fold2_room1_mix0156,88,4,0,-162,-5,6.07
fold2_room1_mix0156,88,4,0,-59,-1,15.95
fold2_room1_mix0156,89,0,0,-166,-1,4.93
fold2_room1_mix0156,89,4,0,-163,-4,6.15
fold2_room1_mix0156,89,4,0,-61,0,16.02
fold2_room1_mix0156,90,0,0,-167,-1,2.83
fold2_room1_mix0156,90,4,0,-164,-4,6.37
fold2_room1_mix0156,90,4,0,-66,-1,15.42
fold2_room1_mix0156,91,0,0,-166,0,3.36
fold2_room1_mix0156,91,4,0,-163,-4,7.14
fold2_room1_mix0156,91,4,0,-67,-1,16.55
fold2_room1_mix0156,92,0,0,-165,-1,6.34
fold2_room1_mix0156,92,4,0,-164,-4,6.57
fold2_room1_mix0156,92,4,0,-58,0,17.17
fold2_room1_mix0156,93,0,0,-165,0,3.49
fold2_room1_mix0156,93,4,0,-164,-3,7.05
fold2_room1_mix0156,93,4,0,-50,0,17.11
fold2_room1_mix0156,94,0,0,-166,-1,7.63
fold2_room1_mix0156,94,4,0,-164,-3,7.64
fold2_room1_mix0156,94,4,0,-50,0,18.69
fold2_room1_mix0156,95,0,0,-167,0,12.21
fold2_room1_mix0156,95,4,0,-165,-3,7.33
fold2_room1_mix0156,95,4,0,-51,0,19.09
fold2_room1_mix0156,96,4,0,-167,-2,7.80
fold2_room1_mix0156,96,4,0,-72,0,17.86
fold2_room1_mix0156,97,0,0,-167,0,3.92
fold2_room1_mix0156,97,4,0,-168,-2,8.40
fold2_room1_mix0156,97,4,0,-36,0,21.77
fold2_room1_mix0156,98,0,0,-167,0,5.85
fold2_room1_mix0156,98,4,0,-167,-3,8.65
fold2_room1_mix0156,98,4,0,-41,0,21.27
fold2_room1_mix0156,99,4,0,-168,-2,8.58
fold2_room1_mix0156,99,4,0,-45,0,19.57
fold2_room1_mix0156,4,4,0,-4,-1,12.03
fold2_room1_mix0156,6,4,0,-2,-2,15.26
fold2_room1_mix0156,13,4,0,-2,-3,19.82
fold2_room1_mix0156,16,4,0,1,-3,18.85
fold2_room1_mix0156,3,4,0,-12,0,2.39
fold2_room1_mix0157,3,4,0,-39,0,9.54
fold2_room1_mix0157,3,4,0,-7,0,11.59
fold2_room1_mix0157,4,4,0,-37,0,9.95
fold2_room1_mix0157,4,4,0,-14,0,11.35
fold2_room1_mix0157,5,4,0,-40,0,11.42
fold2_room1_mix0157,5,4,0,-12,0,12.94
fold2_room1_mix0157,6,4,0,-42,-1,12.32
fold2_room1_mix0157,6,4,0,-14,0,14.94
fold2_room1_mix0157,7,4,0,-42,-1,17.75
fold2_room1_mix0157,7,4,0,-11,-1,20.89
fold2_room1_mix0157,8,4,0,-43,-2,18.12
fold2_room1_mix0157,8,4,0,-12,-1,21.14
fold2_room1_mix0157,9,4,0,-44,-2,17.23
fold2_room1_mix0157,9,4,0,-15,-1,20.31
fold2_room1_mix0157,10,4,0,-48,-2,16.92
fold2_room1_mix0157,10,4,0,-9,-1,21.13
fold2_room1_mix0157,11,4,0,-47,-2,17.92
fold2_room1_mix0157,11,4,0,-14,-1,21.63
fold2_room1_mix0157,12,4,0,-46,-2,17.76
fold2_room1_mix0157,12,4,0,-21,-1,21.00
fold2_room1_mix0157,13,4,0,-47,-2,17.39
fold2_room1_mix0157,13,4,0,-22,-1,21.17
fold2_room1_mix0157,14,4,0,-46,-2,18.25
fold2_room1_mix0157,14,4,0,-29,-1,20.43
fold2_room1_mix0157,15,4,0,-49,-2,17.01
fold2_room1_mix0157,15,4,0,-21,-1,19.85
fold2_room1_mix0157,16,4,0,-51,-2,15.95
fold2_room1_mix0157,16,4,0,-18,-1,20.08
fold2_room1_mix0157,17,4,0,-50,-2,15.30
fold2_room1_mix0157,17,4,0,-25,-1,19.83
fold2_room1_mix0157,18,4,0,-53,-2,15.13
fold2_room1_mix0157,18,4,0,-28,-1,19.59
fold2_room1_mix0157,19,4,0,-52,-3,15.37
fold2_room1_mix0157,19,4,0,-31,-1,19.64
fold2_room1_mix0157,20,4,0,-54,-3,14.05
fold2_room1_mix0157,20,4,0,-31,-1,19.60
fold2_room1_mix0157,21,4,0,-54,-3,14.08
fold2_room1_mix0157,21,4,0,-30,-1,19.20
fold2_room1_mix0157,22,4,0,-55,-3,13.46
fold2_room1_mix0157,22,4,0,-32,-1,18.49
fold2_room1_mix0157,23,4,0,-56,-2,13.05
fold2_room1_mix0157,23,4,0,-30,-1,17.07
fold2_room1_mix0157,24,4,0,-56,-3,12.25
fold2_room1_mix0157,24,4,0,-27,-1,17.83
fold2_room1_mix0157,25,4,0,-55,-3,12.97
fold2_room1_mix0157,25,4,0,-23,-1,18.28
fold2_room1_mix0157,26,4,0,-55,-2,12.66
fold2_room1_mix0157,26,4,0,-20,-1,19.13
fold2_room1_mix0157,27,4,0,-56,-2,12.49
fold2_room1_mix0157,27,4,0,-21,-1,19.58
fold2_room1_mix0157,28,4,0,-58,-3,12.13
fold2_room1_mix0157,28,4,0,-20,-1,19.35
fold2_room1_mix0157,29,4,0,-57,-3,11.82
fold2_room1_mix0157,29,4,0,-36,-1,17.16
fold2_room1_mix0157,29,4,0,-19,0,22.93
fold2_room1_mix0157,30,4,0,-57,-3,11.73
fold2_room1_mix0157,30,4,0,-23,-1,19.67
fold2_room1_mix0157,31,4,0,-63,-3,11.27
fold2_room1_mix0157,31,4,0,-17,-1,21.75
fold2_room1_mix0157,32,4,0,-61,-4,10.63
fold2_room1_mix0157,32,4,0,-21,-1,21.57
fold2_room1_mix0157,33,4,0,-63,-4,10.62
fold2_room1_mix0157,33,4,0,-20,-1,22.20
fold2_room1_mix0157,34,4,0,-64,-4,9.80
fold2_room1_mix0157,34,4,0,-18,0,23.25
fold2_room1_mix0157,35,4,0,-70,-4,8.65
fold2_room1_mix0157,35,4,0,-13,0,24.04
fold2_room1_mix0157,36,4,0,-68,-4,8.87
fold2_room1_mix0157,36,4,0,-13,0,24.63
fold2_room1_mix0157,37,4,0,-68,-4,9.03
fold2_room1_mix0157,37,4,0,-42,-1,18.15
fold2_room1_mix0157,37,4,0,-13,0,28.43
fold2_room1_mix0157,38,4,0,-71,-5,8.62
fold2_room1_mix0157,38,4,0,-54,-2,15.82
fold2_room1_mix0157,38,4,0,-11,0,28.57
fold2_room1_mix0157,39,4,0,-79,-4,9.12
fold2_room1_mix0157,39,4,0,-30,0,21.78
fold2_room1_mix0157,39,4,0,-13,0,27.04
fold2_room1_mix0157,40,4,0,-78,-4,9.21
fold2_room1_mix0157,40,4,0,-58,-2,15.06
fold2_room1_mix0157,40,4,0,-10,0,29.12
fold2_room1_mix0157,41,4,0,-82,-4,8.79
fold2_room1_mix0157,41,4,0,-35,0,19.70
fold2_room1_mix0157,41,4,0,-11,0,25.59
fold2_room1_mix0157,42,4,0,-76,-3,11.41
fold2_room1_mix0157,42,4,0,-8,0,28.58
fold2_room1_mix0157,43,4,0,-89,-3,10.04
fold2_room1_mix0157,43,4,0,-38,0,18.83
fold2_room1_mix0157,43,4,0,-11,-1,25.44
fold2_room1_mix0157,44,4,0,-91,-3,10.11
fold2_room1_mix0157,44,4,0,-46,-1,16.21
fold2_room1_mix0157,44,4,0,-10,0,24.76
fold2_room1_mix0157,45,4,0,-95,-3,11.09
fold2_room1_mix0157,45,4,0,-6,0,25.90
fold2_room1_mix0157,46,4,0,-95,-3,11.34
fold2_room1_mix0157,46,4,0,-5,-1,25.24
fold2_room1_mix0157,47,4,0,-102,-3,11.09
fold2_room1_mix0157,47,4,0,0,-1,23.25
fold2_room1_mix0157,48,4,0,-95,-3,11.29
fold2_room1_mix0157,48,4,0,0,-1,21.93
fold2_room1_mix0157,49,4,0,-105,-2,11.70
fold2_room1_mix0157,49,4,0,-70,-4,12.98
fold2_room1_mix0157,49,4,0,0,-2,19.89
fold2_room1_mix0157,50,4,0,-95,-3,11.93
fold2_room1_mix0157,50,4,0,10,-3,18.24
fold2_room1_mix0157,51,4,0,-103,-4,11.10
fold2_room1_mix0157,51,4,0,18,-4,16.12
fold2_room1_mix0157,52,2,0,-48,-6,8.18
fold2_room1_mix0157,52,4,0,-114,-3,10.78
fold2_room1_mix0157,52,4,0,11,-4,15.21
fold2_room1_mix0157,53,2,0,-53,-6,6.50
fold2_room1_mix0157,53,4,0,-115,-3,12.32
fold2_room1_mix0157,53,4,0,13,-5,12.95
fold2_room1_mix0157,54,2,0,-57,-6,5.64
fold2_room1_mix0157,54,4,0,-118,-3,12.90
fold2_room1_mix0157,54,4,0,11,-5,13.04
fold2_room1_mix0157,55,2,0,-62,-6,5.80
fold2_room1_mix0157,55,4,0,-121,-3,13.59
fold2_room1_mix0157,55,4,0,17,-5,12.96
fold2_room1_mix0157,56,4,0,-126,-2,15.04
fold2_room1_mix0157,56,4,0,18,-5,12.34
fold2_room1_mix0157,57,4,0,-124,-2,14.46
fold2_room1_mix0157,57,4,0,19,-5,10.86
fold2_room1_mix0157,58,4,0,-128,-2,15.94
fold2_room1_mix0157,58,4,0,21,-6,10.79
fold2_room1_mix0157,59,4,0,-128,-2,14.65
fold2_room1_mix0157,59,4,0,25,-6,9.95
fold2_room1_mix0157,60,2,0,-63,-5,5.46
fold2_room1_mix0157,60,4,0,-131,-3,14.77
fold2_room1_mix0157,60,4,0,27,-6,10.64
fold2_room1_mix0157,61,2,0,-62,-5,5.30
fold2_room1_mix0157,61,4,0,-131,-3,14.67
fold2_room1_mix0157,61,4,0,29,-7,9.12
fold2_room1_mix0157,62,2,0,-57,-5,5.67
fold2_room1_mix0157,62,4,0,-137,-2,15.07
fold2_room1_mix0157,62,4,0,29,-7,8.24
fold2_room1_mix0157,63,2,0,-65,-6,5.03
fold2_room1_mix0157,63,4,0,-137,-1,15.67
fold2_room1_mix0157,63,4,0,37,-7,8.24
fold2_room1_mix0157,64,2,0,-56,-6,5.17
fold2_room1_mix0157,64,4,0,-140,-2,15.63
fold2_room1_mix0157,64,4,0,35,-8,7.84
fold2_room1_mix0157,65,2,0,-50,-7,5.43
fold2_room1_mix0157,65,4,0,-137,0,16.36
fold2_room1_mix0157,65,4,0,35,-8,7.07
fold2_room1_mix0157,66,4,0,-138,0,17.79
fold2_room1_mix0157,66,4,0,41,-8,7.28
fold2_room1_mix0157,67,4,0,-137,0,16.60
fold2_room1_mix0157,67,4,0,45,-8,6.81
fold2_room1_mix0157,68,4,0,-140,0,17.50
fold2_room1_mix0157,68,4,0,47,-9,6.46
fold2_room1_mix0157,69,4,0,-143,0,18.30
fold2_room1_mix0157,69,4,0,49,-8,6.69
fold2_room1_mix0157,70,4,0,-139,-1,16.48
fold2_room1_mix0157,70,4,0,53,-9,6.54
fold2_room1_mix0157,71,2,0,-62,-5,5.58
fold2_room1_mix0157,71,4,0,-142,-1,18.51
fold2_room1_mix0157,71,4,0,61,-11,6.63
fold2_room1_mix0157,72,4,0,-142,-1,19.27
fold2_room1_mix0157,72,4,0,72,-12,6.34
fold2_room1_mix0157,73,4,0,-142,0,23.59
fold2_room1_mix0157,73,4,0,88,-14,5.26
fold2_room1_mix0157,74,4,0,-136,0,22.33
fold2_room1_mix0157,74,4,0,94,-14,5.86
fold2_room1_mix0157,75,4,0,-137,0,21.80
fold2_room1_mix0157,75,4,0,99,-11,6.23
fold2_room1_mix0157,76,4,0,-137,0,23.03
fold2_room1_mix0157,76,4,0,104,-10,6.25
fold2_room1_mix0157,77,4,0,-135,1,27.60
fold2_room1_mix0157,77,4,0,112,-8,7.17
fold2_room1_mix0157,78,4,0,-137,0,28.21
fold2_room1_mix0157,78,4,0,118,-8,7.43
fold2_room1_mix0157,79,4,0,-138,1,28.21
fold2_room1_mix0157,79,4,0,120,-7,7.40
fold2_room1_mix0157,80,4,0,-137,1,27.70
fold2_room1_mix0157,80,4,0,125,-6,7.63
fold2_room1_mix0157,81,4,0,-139,1,28.56
fold2_room1_mix0157,81,4,0,130,-7,7.65
fold2_room1_mix0157,82,4,0,-138,0,26.02
fold2_room1_mix0157,82,4,0,132,-6,7.66
fold2_room1_mix0157,83,4,0,-139,0,24.26
fold2_room1_mix0157,83,4,0,134,-5,8.34
fold2_room1_mix0157,84,4,0,-140,0,26.76
fold2_room1_mix0157,84,4,0,137,-5,8.86
fold2_room1_mix0157,85,4,0,-140,0,25.50
fold2_room1_mix0157,85,4,0,139,-4,9.28
fold2_room1_mix0157,86,4,0,-141,0,26.17
fold2_room1_mix0157,86,4,0,143,-3,9.95
fold2_room1_mix0157,87,4,0,-141,0,24.58
fold2_room1_mix0157,87,4,0,144,-3,11.21
fold2_room1_mix0157,88,4,0,-148,0,20.97
fold2_room1_mix0157,88,4,0,150,-2,11.85
fold2_room1_mix0157,89,4,0,-157,0,21.59
fold2_room1_mix0157,89,4,0,153,-2,13.32
fold2_room1_mix0157,90,4,0,-151,0,23.08
fold2_room1_mix0157,90,4,0,150,-2,13.03
fold2_room1_mix0157,91,4,0,167,-2,16.45
fold2_room1_mix0157,91,4,0,149,-2,12.37
fold2_room1_mix0157,91,4,0,-164,-1,17.65
fold2_room1_mix0157,92,4,0,-173,0,19.69
fold2_room1_mix0157,92,4,0,158,-1,15.30
fold2_room1_mix0157,93,4,0,-166,0,20.00
fold2_room1_mix0157,93,4,0,156,-1,15.39
fold2_room1_mix0157,94,4,0,-179,0,19.42
fold2_room1_mix0157,94,4,0,178,-1,19.02
fold2_room1_mix0157,95,4,0,171,-1,18.24
fold2_room1_mix0157,95,4,0,153,-2,14.70
fold2_room1_mix0157,95,4,0,-169,0,19.94
fold2_room1_mix0157,96,4,0,-152,0,25.37
fold2_room1_mix0157,96,4,0,157,-1,17.43
fold2_room1_mix0157,97,4,0,-166,0,23.72
fold2_room1_mix0157,97,4,0,161,-1,18.25
fold2_room1_mix0157,98,4,0,-166,0,24.54
fold2_room1_mix0157,98,4,0,162,-1,19.14
fold2_room1_mix0157,99,4,0,-178,-1,20.94
fold2_room1_mix0157,99,4,0,159,-1,17.79
fold2_room1_mix0157,2,4,0,-23,1,1.77
fold2_room1_mix0158,4,4,0,2,1,4.72
fold2_room1_mix0158,5,4,0,5,0,21.19
fold2_room1_mix0158,6,4,0,5,0,21.32
fold2_room1_mix0158,7,4,0,5,0,25.07
fold2_room1_mix0158,8,4,0,7,0,41.78
fold2_room1_mix0158,9,4,0,5,-1,40.47
fold2_room1_mix0158,10,4,0,6,-1,41.68
fold2_room1_mix0158,11,4,0,7,0,42.42
fold2_room1_mix0158,12,4,0,6,-1,42.25
fold2_room1_mix0158,13,4,0,6,0,42.05
fold2_room1_mix0158,14,4,0,7,0,43.51
fold2_room1_mix0158,15,4,0,6,0,43.36
fold2_room1_mix0158,16,4,0,7,0,43.02
fold2_room1_mix0158,17,4,0,7,0,43.67
fold2_room1_mix0158,18,4,0,7,0,43.01
fold2_room1_mix0158,19,4,0,8,0,42.56
fold2_room1_mix0158,20,4,0,8,0,42.93
fold2_room1_mix0158,21,4,0,8,0,43.55
fold2_room1_mix0158,22,4,0,8,0,42.20
fold2_room1_mix0158,23,4,0,8,0,41.11
fold2_room1_mix0158,24,4,0,8,0,42.00
fold2_room1_mix0158,25,4,0,7,0,41.28
fold2_room1_mix0158,26,4,0,7,0,41.15
fold2_room1_mix0158,27,4,0,8,0,41.92
fold2_room1_mix0158,28,4,0,8,0,39.68
fold2_room1_mix0158,29,4,0,8,0,40.06
fold2_room1_mix0158,30,4,0,9,0,39.15
fold2_room1_mix0158,31,4,0,8,0,37.20
fold2_room1_mix0158,32,4,0,8,0,37.06
fold2_room1_mix0158,33,4,0,8,0,37.15
fold2_room1_mix0158,34,4,0,9,0,36.41
fold2_room1_mix0158,35,4,0,9,0,34.59
fold2_room1_mix0158,36,4,0,9,0,33.84
fold2_room1_mix0158,37,4,0,9,0,33.25
fold2_room1_mix0158,38,4,0,9,0,31.10
fold2_room1_mix0158,39,4,0,9,0,29.27
fold2_room1_mix0158,40,4,0,9,0,30.45
fold2_room1_mix0158,41,4,0,8,0,28.73
fold2_room1_mix0158,42,4,0,9,-1,27.74
fold2_room1_mix0158,43,4,0,10,-1,28.88
fold2_room1_mix0158,44,4,0,9,-1,27.56
fold2_room1_mix0158,45,4,0,10,-1,26.94
fold2_room1_mix0158,46,4,0,10,-1,26.81
fold2_room1_mix0158,47,4,0,10,-1,25.57
fold2_room1_mix0158,48,4,0,10,-1,24.61
fold2_room1_mix0158,49,4,0,11,-1,23.30
fold2_room1_mix0158,50,4,0,11,-1,23.05
fold2_room1_mix0158,51,4,0,12,-1,22.54
fold2_room1_mix0158,52,4,0,12,-1,21.80
fold2_room1_mix0158,53,4,0,12,-1,21.06
fold2_room1_mix0158,54,4,0,13,-1,20.01
fold2_room1_mix0158,55,4,0,13,-1,18.61
fold2_room1_mix0158,56,4,0,14,-1,19.18
fold2_room1_mix0158,57,4,0,15,-1,18.31
fold2_room1_mix0158,58,4,0,15,-1,17.99
fold2_room1_mix0158,59,4,0,17,-1,17.75
fold2_room1_mix0158,60,4,0,17,-2,16.14
fold2_room1_mix0158,61,4,0,17,-1,15.90
fold2_room1_mix0158,62,4,0,18,-1,15.29
fold2_room1_mix0158,63,4,0,20,-2,14.39
fold2_room1_mix0158,64,4,0,20,-2,13.38
fold2_room1_mix0158,65,4,0,22,-2,12.52
fold2_room1_mix0158,66,4,0,23,-2,12.38
fold2_room1_mix0158,67,4,0,24,-3,11.93
fold2_room1_mix0158,68,4,0,26,-3,10.90
fold2_room1_mix0158,69,4,0,27,-3,10.62
fold2_room1_mix0158,70,4,0,28,-3,9.92
fold2_room1_mix0158,71,4,0,30,-4,8.65
fold2_room1_mix0158,72,4,0,30,-4,8.45
fold2_room1_mix0158,73,4,0,32,-4,7.56
fold2_room1_mix0158,74,4,0,34,-4,6.91
fold2_room1_mix0158,75,4,0,36,-5,6.38
fold2_room1_mix0158,76,4,0,40,-5,6.06
fold2_room1_mix0158,77,4,0,43,-6,5.33
fold2_room1_mix0158,78,4,0,47,-5,4.99
fold2_room1_mix0158,79,4,0,55,-7,4.72
fold2_room1_mix0158,80,4,0,63,-8,4.33
fold2_room1_mix0158,81,4,0,72,-9,4.29
fold2_room1_mix0158,82,4,0,83,-11,4.34
fold2_room1_mix0158,83,4,0,94,-10,4.25
fold2_room1_mix0158,84,4,0,104,-9,4.50
fold2_room1_mix0158,85,4,0,113,-7,4.88
fold2_room1_mix0158,86,4,0,121,-7,5.01
fold2_room1_mix0158,87,4,0,128,-6,5.31
fold2_room1_mix0158,88,4,0,132,-5,6.04
fold2_room1_mix0158,89,4,0,136,-5,6.20
fold2_room1_mix0158,90,4,0,141,-5,6.80
fold2_room1_mix0158,91,4,0,144,-4,7.54
fold2_room1_mix0158,92,4,0,146,-4,7.65
fold2_room1_mix0158,93,4,0,149,-4,8.16
fold2_room1_mix0158,94,4,0,150,-4,9.17
fold2_room1_mix0158,95,4,0,153,-4,9.33
fold2_room1_mix0158,96,4,0,154,-3,9.96
fold2_room1_mix0158,97,4,0,156,-3,11.11
fold2_room1_mix0158,98,4,0,157,-3,11.43
fold2_room1_mix0158,99,4,0,158,-3,11.14
fold2_room1_mix0159,5,4,0,6,0,13.14
fold2_room1_mix0159,6,4,0,5,-1,14.87
fold2_room1_mix0159,7,4,0,8,-1,23.08
fold2_room1_mix0159,8,4,0,11,0,30.11
fold2_room1_mix0159,9,4,0,9,0,26.17
fold2_room1_mix0159,10,4,0,9,-1,37.42
fold2_room1_mix0159,11,4,0,11,0,38.95
fold2_room1_mix0159,12,4,0,13,0,39.74
fold2_room1_mix0159,13,4,0,11,0,40.00
fold2_room1_mix0159,14,4,0,12,-1,40.13
fold2_room1_mix0159,15,4,0,9,-1,42.34
fold2_room1_mix0159,16,4,0,11,0,40.71
fold2_room1_mix0159,17,4,0,12,0,46.49
fold2_room1_mix0159,18,4,0,11,0,46.62
fold2_room1_mix0159,19,4,0,14,0,48.75
fold2_room1_mix0159,20,4,0,13,-1,49.14
fold2_room1_mix0159,21,4,0,13,0,50.66
fold2_room1_mix0159,22,4,0,12,0,49.39
fold2_room1_mix0159,23,4,0,13,0,45.80
fold2_room1_mix0159,24,4,0,12,0,48.70
fold2_room1_mix0159,25,4,0,13,0,47.57
fold2_room1_mix0159,26,4,0,13,-1,46.81
fold2_room1_mix0159,27,4,0,13,0,50.21
fold2_room1_mix0159,28,4,0,14,0,47.28
fold2_room1_mix0159,29,4,0,15,0,47.63
fold2_room1_mix0159,30,4,0,15,0,46.14
fold2_room1_mix0159,31,4,0,14,0,44.59
fold2_room1_mix0159,32,4,0,15,0,45.46
fold2_room1_mix0159,33,4,0,15,0,45.25
fold2_room1_mix0159,34,4,0,15,0,42.23
fold2_room1_mix0159,35,4,0,15,0,40.60
fold2_room1_mix0159,36,4,0,15,0,40.83
fold2_room1_mix0159,37,4,0,17,0,38.50
fold2_room1_mix0159,38,4,0,17,0,35.90
fold2_room1_mix0159,39,4,0,18,0,34.96
fold2_room1_mix0159,40,4,0,16,0,36.28
fold2_room1_mix0159,41,4,0,18,0,33.80
fold2_room1_mix0159,42,4,0,17,0,30.86
fold2_room1_mix0159,43,4,0,18,0,32.89
fold2_room1_mix0159,44,4,0,18,-1,31.11
fold2_room1_mix0159,45,4,0,18,-1,31.11
fold2_room1_mix0159,46,4,0,19,-1,30.08
fold2_room1_mix0159,47,4,0,19,-1,28.90
fold2_room1_mix0159,48,4,0,20,-1,28.73
fold2_room1_mix0159,49,4,0,22,-1,25.61
fold2_room1_mix0159,50,4,0,23,-1,24.63
fold2_room1_mix0159,51,4,0,25,-1,23.79
fold2_room1_mix0159,52,4,0,26,-1,22.35
fold2_room1_mix0159,53,4,0,28,-1,21.58
fold2_room1_mix0159,54,4,0,29,-1,19.92
fold2_room1_mix0159,55,4,0,29,-1,19.26
fold2_room1_mix0159,56,4,0,32,-1,18.97
fold2_room1_mix0159,57,4,0,32,-1,18.69
fold2_room1_mix0159,58,4,0,33,-2,17.49
fold2_room1_mix0159,59,4,0,35,-1,17.43
fold2_room1_mix0159,60,4,0,36,-2,16.37
fold2_room1_mix0159,61,4,0,39,-2,15.18
fold2_room1_mix0159,62,4,0,41,-2,14.33
fold2_room1_mix0159,63,4,0,41,-2,13.47
fold2_room1_mix0159,64,4,0,46,-3,13.01
fold2_room1_mix0159,65,4,0,50,-3,12.48
fold2_room1_mix0159,66,4,0,53,-3,12.17
fold2_room1_mix0159,67,4,0,55,-3,11.63
fold2_room1_mix0159,68,4,0,60,-3,11.13
fold2_room1_mix0159,69,4,0,64,-3,11.04
fold2_room1_mix0159,70,4,0,68,-4,10.35
fold2_room1_mix0159,71,4,0,73,-4,10.00
fold2_room1_mix0159,72,4,0,77,-4,10.18
fold2_room1_mix0159,73,4,0,82,-4,10.22
fold2_room1_mix0159,74,4,0,86,-5,9.67
fold2_room1_mix0159,75,4,0,92,-5,10.05
fold2_room1_mix0159,76,4,0,96,-5,10.13
fold2_room1_mix0159,77,4,0,101,-4,10.44
fold2_room1_mix0159,78,4,0,108,-4,10.73
fold2_room1_mix0159,79,4,0,113,-4,10.64
fold2_room1_mix0159,80,4,0,118,-4,11.23
fold2_room1_mix0159,81,4,0,122,-4,11.51
fold2_room1_mix0159,82,4,0,126,-4,11.46
fold2_room1_mix0159,83,4,0,130,-4,12.29
fold2_room1_mix0159,84,4,0,132,-4,12.72
fold2_room1_mix0159,85,4,0,134,-3,13.40
fold2_room1_mix0159,86,4,0,138,-3,14.08
fold2_room1_mix0159,87,4,0,138,-3,14.32
fold2_room1_mix0159,88,4,0,140,-3,15.87
fold2_room1_mix0159,89,4,0,143,-3,15.99
fold2_room1_mix0159,90,4,0,144,-2,16.16
fold2_room1_mix0159,91,4,0,147,-2,17.56
fold2_room1_mix0159,92,4,0,147,-2,18.11
fold2_room1_mix0159,93,4,0,149,-2,18.62
fold2_room1_mix0159,94,4,0,150,-2,18.98
fold2_room1_mix0159,95,4,0,151,-2,19.19
fold2_room1_mix0159,96,4,0,151,-1,20.11
fold2_room1_mix0159,97,4,0,152,-1,20.98
fold2_room1_mix0159,98,4,0,152,-1,21.29
fold2_room1_mix0159,99,4,0,153,-1,21.57
fold2_room1_mix0160,7,0,0,178,-1,4.23
fold2_room1_mix0160,8,0,0,179,-1,3.64
fold2_room1_mix0160,9,0,0,177,-1,7.69
fold2_room1_mix0160,10,0,0,178,-1,29.32
fold2_room1_mix0160,11,0,0,179,-1,30.07
fold2_room1_mix0160,12,0,0,-179,0,56.80
fold2_room1_mix0160,13,0,0,178,0,73.91
fold2_room1_mix0160,14,0,0,175,0,74.26
fold2_room1_mix0160,15,0,0,177,0,60.66
fold2_room1_mix0160,16,0,0,177,0,52.59
fold2_room1_mix0160,17,0,0,178,0,55.29
fold2_room1_mix0160,18,0,0,179,0,50.98
fold2_room1_mix0160,19,0,0,178,-1,47.22
fold2_room1_mix0160,20,0,0,177,0,53.63
fold2_room1_mix0160,21,0,0,177,0,52.63
fold2_room1_mix0160,22,0,0,178,0,49.90
fold2_room1_mix0160,23,0,0,179,0,56.54
fold2_room1_mix0160,24,0,0,178,-1,44.75
fold2_room1_mix0160,25,0,0,178,0,45.87
fold2_room1_mix0160,26,0,0,176,-1,45.02
fold2_room1_mix0160,27,0,0,176,-1,45.88
fold2_room1_mix0160,28,0,0,176,0,48.01
fold2_room1_mix0160,29,0,0,176,-1,45.64
fold2_room1_mix0160,30,0,0,174,0,43.67
fold2_room1_mix0160,31,0,0,175,-1,40.02
fold2_room1_mix0160,32,0,0,175,-1,37.37
fold2_room1_mix0160,33,0,0,173,0,43.97
fold2_room1_mix0160,34,0,0,173,-1,43.78
fold2_room1_mix0160,35,0,0,174,-1,42.91
fold2_room1_mix0160,36,0,0,174,-1,45.36
fold2_room1_mix0160,37,0,0,174,-1,43.81
fold2_room1_mix0160,38,0,0,174,-1,38.32
fold2_room1_mix0160,39,0,0,174,-1,37.67
fold2_room1_mix0160,40,0,0,175,-1,37.64
fold2_room1_mix0160,41,0,0,176,-1,39.45
fold2_room1_mix0160,42,0,0,175,-1,38.29
fold2_room1_mix0160,43,0,0,176,-1,37.22
fold2_room1_mix0160,44,0,0,176,-1,36.46
fold2_room1_mix0160,45,0,0,177,-1,34.43
fold2_room1_mix0160,46,0,0,177,0,10.41
fold2_room1_mix0160,47,0,0,176,0,7.90
fold2_room1_mix0160,48,0,0,177,0,2.91
fold2_room1_mix0161,5,4,0,177,0,8.14
fold2_room1_mix0161,6,4,0,178,0,11.75
fold2_room1_mix0161,7,4,0,179,0,14.76
fold2_room1_mix0161,8,4,0,178,0,19.58
fold2_room1_mix0161,9,4,0,178,0,23.81
fold2_room1_mix0161,10,4,0,177,0,25.75
fold2_room1_mix0161,11,4,0,177,0,28.60
fold2_room1_mix0161,12,4,0,177,0,26.77
fold2_room1_mix0161,13,4,0,176,0,27.88
fold2_room1_mix0161,14,4,0,176,0,29.45
fold2_room1_mix0161,15,4,0,176,0,28.51
fold2_room1_mix0161,16,4,0,176,0,27.16
fold2_room1_mix0161,17,4,0,176,0,30.42
fold2_room1_mix0161,18,4,0,176,0,31.23
fold2_room1_mix0161,19,4,0,176,0,31.52
fold2_room1_mix0161,20,4,0,176,0,32.45
fold2_room1_mix0161,21,4,0,176,0,32.41
fold2_room1_mix0161,22,4,0,177,0,34.04
fold2_room1_mix0161,23,4,0,177,0,33.26
fold2_room1_mix0161,24,4,0,176,0,33.50
fold2_room1_mix0161,25,4,0,178,0,33.35
fold2_room1_mix0161,26,4,0,178,0,34.73
fold2_room1_mix0161,27,4,0,178,0,37.15
fold2_room1_mix0161,28,4,0,177,0,37.65
fold2_room1_mix0161,29,4,0,178,0,36.92
fold2_room1_mix0161,30,4,0,178,0,38.10
fold2_room1_mix0161,31,4,0,178,0,38.60
fold2_room1_mix0161,32,4,0,178,0,39.84
fold2_room1_mix0161,33,4,0,178,0,40.38
fold2_room1_mix0161,34,4,0,178,0,42.46
fold2_room1_mix0161,35,4,0,178,0,41.76
fold2_room1_mix0161,36,4,0,178,0,40.63
fold2_room1_mix0161,37,4,0,177,0,41.98
fold2_room1_mix0161,38,4,0,178,0,42.10
fold2_room1_mix0161,39,4,0,178,0,40.54
fold2_room1_mix0161,40,4,0,178,0,39.92
fold2_room1_mix0161,41,4,0,178,0,39.24
fold2_room1_mix0161,42,4,0,178,0,37.96
fold2_room1_mix0161,43,1,0,41,-2,12.18
fold2_room1_mix0161,43,4,0,176,0,34.95
fold2_room1_mix0161,44,4,0,175,0,39.93
fold2_room1_mix0161,45,1,0,34,-2,30.71
fold2_room1_mix0161,45,4,0,176,0,33.45
fold2_room1_mix0161,46,1,0,39,-3,21.24
fold2_room1_mix0161,46,4,0,176,0,32.43
fold2_room1_mix0161,47,1,0,42,-3,21.03
fold2_room1_mix0161,47,4,0,175,0,31.16
fold2_room1_mix0161,48,1,0,37,-2,20.83
fold2_room1_mix0161,48,4,0,175,0,33.05
fold2_room1_mix0161,49,4,0,177,0,32.40
fold2_room1_mix0161,50,1,0,51,-3,20.19
fold2_room1_mix0161,50,4,0,177,0,32.37
fold2_room1_mix0161,51,1,0,50,-3,19.53
fold2_room1_mix0161,51,4,0,172,0,31.33
fold2_room1_mix0161,52,1,0,54,-3,16.69
fold2_room1_mix0161,52,4,0,178,0,24.70
fold2_room1_mix0161,53,1,0,48,-3,15.43
fold2_room1_mix0161,53,4,0,176,0,32.43
fold2_room1_mix0161,54,4,0,179,0,29.64
fold2_room1_mix0161,55,1,0,64,-3,15.74
fold2_room1_mix0161,55,4,0,177,0,27.44
fold2_room1_mix0161,56,1,0,58,-3,15.50
fold2_room1_mix0161,56,4,0,172,0,27.02
fold2_room1_mix0161,57,1,0,61,-3,15.24
fold2_room1_mix0161,57,4,0,179,0,23.23
fold2_room1_mix0161,58,1,0,59,-3,12.36
fold2_room1_mix0161,58,4,0,177,0,27.73
fold2_room1_mix0161,59,4,0,178,-1,24.13
fold2_room1_mix0161,60,1,0,71,-3,13.21
fold2_room1_mix0161,60,4,0,-179,0,22.84
fold2_room1_mix0161,61,1,0,69,-3,12.39
fold2_room1_mix0161,61,4,0,175,0,24.84
fold2_room1_mix0161,62,1,0,74,-3,13.86
fold2_room1_mix0161,62,4,0,-177,0,19.81
fold2_room1_mix0161,63,1,0,72,-3,11.27
fold2_room1_mix0161,63,4,0,179,0,24.73
fold2_room1_mix0161,64,4,0,179,-1,20.03
fold2_room1_mix0161,65,1,0,83,-4,12.91
fold2_room1_mix0161,65,4,0,-177,0,17.19
fold2_room1_mix0161,66,1,0,81,-4,12.06
fold2_room1_mix0161,66,4,0,176,0,20.17
fold2_room1_mix0161,67,1,0,89,-4,13.45
fold2_room1_mix0161,67,4,0,-177,-1,16.02
fold2_room1_mix0161,68,1,0,92,-4,10.85
fold2_room1_mix0161,68,4,0,-173,0,18.29
fold2_room1_mix0161,69,4,0,-177,-2,15.25
fold2_room1_mix0161,70,4,0,-173,-3,11.06
fold2_room1_mix0161,71,4,0,-173,-3,9.40
fold2_room1_mix0161,72,4,0,-172,-4,8.55
fold2_room1_mix0161,73,4,0,-167,-5,7.76
fold2_room1_mix0161,74,4,0,-166,-7,5.98
fold2_room1_mix0161,75,4,0,-164,-9,4.62
fold2_room1_mix0161,76,4,0,-157,-13,3.70
fold2_room1_mix0161,77,4,0,-148,-19,2.72
fold2_room1_mix0161,78,4,0,-123,-31,1.88
fold2_room1_mix0161,79,4,0,-60,-32,1.58
fold2_room1_mix0161,80,4,0,-33,-20,1.85
fold2_room1_mix0161,81,4,0,-24,-14,2.54
fold2_room1_mix0161,82,4,0,-19,-11,3.47
fold2_room1_mix0161,83,4,0,-13,-9,4.30
fold2_room1_mix0161,84,4,0,-10,-7,5.42
fold2_room1_mix0161,85,4,0,-8,-6,6.40
fold2_room1_mix0161,86,4,0,-5,-5,7.70
fold2_room1_mix0161,87,4,0,-5,-4,8.61
fold2_room1_mix0161,88,4,0,-4,-4,9.63
fold2_room1_mix0161,89,4,0,-4,-3,10.54
fold2_room1_mix0161,90,4,0,-4,-3,10.94
fold2_room1_mix0161,91,4,0,-3,-3,12.23
fold2_room1_mix0161,92,4,0,-3,-2,13.29
fold2_room1_mix0161,93,4,0,-3,-2,13.75
fold2_room1_mix0161,94,4,0,-2,-2,15.30
fold2_room1_mix0161,95,4,0,-2,-2,16.12
fold2_room1_mix0161,96,4,0,-2,-2,17.36
fold2_room1_mix0161,97,4,0,-1,-1,19.03
fold2_room1_mix0161,98,4,0,-1,-1,20.61
fold2_room1_mix0161,99,4,0,-1,-1,20.18
fold2_room1_mix0162,3,4,0,-2,0,5.02
fold2_room1_mix0162,4,4,0,0,-1,13.06
fold2_room1_mix0162,5,4,0,0,0,15.01
fold2_room1_mix0162,6,4,0,0,-1,17.25
fold2_room1_mix0162,7,4,0,0,-1,26.65
fold2_room1_mix0162,8,4,0,0,-2,23.75
fold2_room1_mix0162,9,4,0,0,-2,25.45
fold2_room1_mix0162,10,4,0,0,-2,22.64
fold2_room1_mix0162,11,4,0,0,-2,21.45
fold2_room1_mix0162,12,4,0,0,-2,19.89
fold2_room1_mix0162,13,4,0,0,-2,20.55
fold2_room1_mix0162,14,4,0,-1,-2,18.91
fold2_room1_mix0162,15,4,0,0,-2,18.14
fold2_room1_mix0162,16,4,0,-2,-2,16.87
fold2_room1_mix0162,17,4,0,-1,-2,16.76
fold2_room1_mix0162,18,4,0,0,-2,16.41
fold2_room1_mix0162,19,4,0,-1,-3,15.32
fold2_room1_mix0162,20,4,0,0,-2,15.79
fold2_room1_mix0162,21,4,0,0,-2,14.94
fold2_room1_mix0162,22,4,0,0,-2,14.03
fold2_room1_mix0162,23,4,0,0,-2,13.69
fold2_room1_mix0162,24,4,0,0,-2,13.10
fold2_room1_mix0162,25,4,0,-2,-3,13.10
fold2_room1_mix0162,26,4,0,0,-3,12.55
fold2_room1_mix0162,27,4,0,0,-3,13.06
fold2_room1_mix0162,28,4,0,0,-3,11.67
fold2_room1_mix0162,29,4,0,0,-3,11.68
fold2_room1_mix0162,30,4,0,0,-3,11.50
fold2_room1_mix0162,31,4,0,1,-3,11.02
fold2_room1_mix0162,32,4,0,1,-3,10.25
fold2_room1_mix0162,33,4,0,1,-4,10.40
fold2_room1_mix0162,34,4,0,1,-4,9.67
fold2_room1_mix0162,35,4,0,2,-4,8.53
fold2_room1_mix0162,36,4,0,7,-6,5.62
fold2_room1_mix0162,36,4,0,-9,-1,13.48
fold2_room1_mix0162,37,4,0,2,-6,7.55
fold2_room1_mix0162,38,4,0,15,-12,2.81
fold2_room1_mix0162,38,4,0,-3,-3,9.41
fold2_room1_mix0162,39,4,0,21,-15,2.07
fold2_room1_mix0162,39,4,0,-6,-4,8.13
fold2_room1_mix0162,40,4,0,29,-20,1.44
fold2_room1_mix0162,40,4,0,-6,-4,7.68
fold2_room1_mix0162,41,4,0,59,-27,0.98
fold2_room1_mix0162,41,4,0,-9,-5,7.28
fold2_room1_mix0162,42,4,0,94,-29,1.03
fold2_room1_mix0162,42,4,0,77,-20,1.70
fold2_room1_mix0162,42,4,0,-19,-3,8.33
fold2_room1_mix0162,43,3,0,87,-5,4.19
fold2_room1_mix0162,43,4,0,114,-28,1.16
fold2_room1_mix0162,43,4,0,-12,-6,6.89
fold2_room1_mix0162,44,3,0,58,-5,4.62
fold2_room1_mix0162,44,4,0,140,-19,1.27
fold2_room1_mix0162,44,4,0,-13,-4,6.88
fold2_room1_mix0162,45,4,0,151,-15,1.15
fold2_room1_mix0162,45,4,0,-18,-5,6.50
fold2_room1_mix0162,46,4,0,160,-11,2.31
fold2_room1_mix0162,46,4,0,-16,-5,7.11
fold2_room1_mix0162,47,4,0,162,-10,3.02
fold2_room1_mix0162,47,4,0,-13,-7,5.91
fold2_room1_mix0162,48,4,0,161,-10,2.53
fold2_room1_mix0162,48,4,0,-19,-8,5.16
fold2_room1_mix0162,49,4,0,166,-9,3.06
fold2_room1_mix0162,49,4,0,-22,-8,5.06
fold2_room1_mix0162,50,4,0,168,-8,3.99
fold2_room1_mix0162,50,4,0,-20,-9,4.43
fold2_room1_mix0162,51,4,0,170,-8,4.12
fold2_room1_mix0162,51,4,0,-22,-10,4.09
fold2_room1_mix0162,52,3,0,81,-5,8.50
fold2_room1_mix0162,52,4,0,169,-7,5.38
fold2_room1_mix0162,52,4,0,-28,-10,4.62
fold2_room1_mix0162,53,3,0,98,-4,9.71
fold2_room1_mix0162,53,4,0,170,-7,6.76
fold2_room1_mix0162,53,4,0,-32,-10,4.94
fold2_room1_mix0162,54,3,0,106,-5,8.79
fold2_room1_mix0162,54,4,0,173,-7,8.06
fold2_room1_mix0162,54,4,0,-39,-12,4.43
fold2_room1_mix0162,55,3,0,119,-5,9.39
fold2_room1_mix0162,55,4,0,173,-7,9.51
fold2_room1_mix0162,55,4,0,-49,-16,3.79
fold2_room1_mix0162,56,3,0,120,-5,10.82
fold2_room1_mix0162,56,4,0,173,-6,10.58
fold2_room1_mix0162,56,4,0,-74,-21,4.25
fold2_room1_mix0162,56,4,0,-57,-17,3.46
fold2_room1_mix0162,57,3,0,123,-5,9.90
fold2_room1_mix0162,57,4,0,172,-5,10.82
fold2_room1_mix0162,57,4,0,-107,-22,3.93
fold2_room1_mix0162,57,4,0,-76,-20,2.75
fold2_room1_mix0162,58,3,0,144,-5,10.23
fold2_room1_mix0162,58,4,0,174,-4,9.25
fold2_room1_mix0162,58,4,0,-122,-16,2.84
fold2_room1_mix0162,58,4,0,-52,-15,2.94
fold2_room1_mix0162,59,3,0,144,-6,6.62
fold2_room1_mix0162,59,4,0,175,-5,10.10
fold2_room1_mix0162,59,4,0,-134,-13,3.52
fold2_room1_mix0162,59,4,0,-43,-12,3.65
fold2_room1_mix0162,60,4,0,172,-5,8.25
fold2_room1_mix0162,60,4,0,-147,-12,3.80
fold2_room1_mix0162,60,4,0,-41,-12,3.34
fold2_room1_mix0162,61,4,0,176,-5,7.79
fold2_room1_mix0162,61,4,0,-137,-13,3.75
fold2_room1_mix0162,61,4,0,-49,-12,3.32
fold2_room1_mix0162,62,4,0,177,-5,7.64
fold2_room1_mix0162,62,4,0,-128,-14,3.33
fold2_room1_mix0162,62,4,0,-47,-13,3.29
fold2_room1_mix0162,63,4,0,174,-5,8.71
fold2_room1_mix0162,63,4,0,-125,-13,3.29
fold2_room1_mix0162,63,4,0,-65,-14,3.22
fold2_room1_mix0162,64,4,0,177,-5,8.02
fold2_room1_mix0162,64,4,0,-118,-11,3.82
fold2_room1_mix0162,64,4,0,-75,-15,3.06
fold2_room1_mix0162,65,3,0,143,-4,13.09
fold2_room1_mix0162,65,4,0,178,-4,10.01
fold2_room1_mix0162,65,4,0,-136,-9,4.05
fold2_room1_mix0162,65,4,0,-99,-14,2.89
fold2_room1_mix0162,66,3,0,144,-4,13.56
fold2_room1_mix0162,66,4,0,173,-3,9.83
fold2_room1_mix0162,66,4,0,-146,-9,4.46
fold2_room1_mix0162,66,4,0,-104,-15,2.60
fold2_room1_mix0162,67,3,0,152,-5,12.55
fold2_room1_mix0162,67,4,0,173,-4,11.28
fold2_room1_mix0162,67,4,0,-146,-7,5.88
fold2_room1_mix0162,67,4,0,-119,-13,3.10
fold2_room1_mix0162,68,3,0,171,-5,11.89
fold2_room1_mix0162,68,3,0,169,-5,11.96
fold2_room1_mix0162,68,4,0,171,-4,11.20
fold2_room1_mix0162,68,4,0,-147,-5,7.24
fold2_room1_mix0162,68,4,0,-126,-12,3.04
fold2_room1_mix0162,69,3,0,164,-5,4.67
fold2_room1_mix0162,69,4,0,-177,-4,11.40
fold2_room1_mix0162,69,4,0,-150,-3,6.60
fold2_room1_mix0162,69,4,0,-126,-10,3.48
fold2_room1_mix0162,70,3,0,151,-5,11.80
fold2_room1_mix0162,70,4,0,173,-4,15.23
fold2_room1_mix0162,70,4,0,-148,-6,6.86
fold2_room1_mix0162,70,4,0,-129,-9,4.19
fold2_room1_mix0162,71,3,0,168,-5,12.39
fold2_room1_mix0162,71,4,0,173,-3,13.50
fold2_room1_mix0162,71,4,0,-157,-5,8.05
fold2_room1_mix0162,71,4,0,-133,-9,3.52
fold2_room1_mix0162,72,3,0,169,-5,7.37
fold2_room1_mix0162,72,3,0,168,-5,7.39
fold2_room1_mix0162,72,4,0,177,-5,13.05
fold2_room1_mix0162,72,4,0,-157,-5,8.16
fold2_room1_mix0162,72,4,0,-135,-9,3.71
fold2_room1_mix0162,73,3,0,168,-4,2.79
fold2_room1_mix0162,73,4,0,178,-5,12.21
fold2_room1_mix0162,73,4,0,-159,-1,11.00
fold2_room1_mix0162,73,4,0,-137,-9,3.56
fold2_room1_mix0162,74,4,0,176,-5,11.50
fold2_room1_mix0162,74,4,0,-168,-1,11.14
fold2_room1_mix0162,74,4,0,-142,-7,4.10
fold2_room1_mix0162,75,4,0,174,-5,12.06
fold2_room1_mix0162,75,4,0,-168,-1,12.20
fold2_room1_mix0162,75,4,0,-145,-7,4.37
fold2_room1_mix0162,76,4,0,-179,-3,13.20
fold2_room1_mix0162,76,4,0,-146,-6,4.88
fold2_room1_mix0162,77,4,0,-176,-3,13.09
fold2_room1_mix0162,77,4,0,-151,-5,5.70
fold2_room1_mix0162,78,4,0,-178,-2,14.77
fold2_room1_mix0162,78,4,0,-153,-5,5.82
fold2_room1_mix0162,79,4,0,-178,-1,16.17
fold2_room1_mix0162,79,4,0,-151,-5,6.09
fold2_room1_mix0162,80,4,0,-179,-1,16.13
fold2_room1_mix0162,80,4,0,-153,-4,6.51
fold2_room1_mix0162,81,4,0,-176,-2,15.28
fold2_room1_mix0162,81,4,0,-153,-4,7.49
fold2_room1_mix0162,82,4,0,179,-1,16.83
fold2_room1_mix0162,82,4,0,-154,-4,7.21
fold2_room1_mix0162,83,4,0,-179,-1,17.91
fold2_room1_mix0162,83,4,0,-153,-4,7.86
fold2_room1_mix0162,84,4,0,-179,-2,17.34
fold2_room1_mix0162,84,4,0,-155,-4,7.78
fold2_room1_mix0162,85,4,0,-179,-1,18.27
fold2_room1_mix0162,85,4,0,-156,-5,7.62
fold2_room1_mix0162,86,4,0,-179,-1,19.51
fold2_room1_mix0162,86,4,0,-158,-4,8.20
fold2_room1_mix0162,87,4,0,179,-1,19.85
fold2_room1_mix0162,87,4,0,-160,-4,9.31
fold2_room1_mix0162,88,4,0,-179,-1,20.62
fold2_room1_mix0162,88,4,0,-160,-4,9.09
fold2_room1_mix0162,89,4,0,-179,-1,21.33
fold2_room1_mix0162,89,4,0,-161,-4,9.57
fold2_room1_mix0162,90,4,0,179,-1,22.02
fold2_room1_mix0162,90,4,0,-162,-4,10.28
fold2_room1_mix0162,91,4,0,-178,-1,21.79
fold2_room1_mix0162,91,4,0,-161,-3,10.99
fold2_room1_mix0162,92,4,0,179,-1,21.99
fold2_room1_mix0162,92,4,0,-162,-3,10.94
fold2_room1_mix0162,93,4,0,179,0,23.86
fold2_room1_mix0162,93,4,0,-162,-3,11.72
fold2_room1_mix0162,94,4,0,-179,0,23.42
fold2_room1_mix0162,94,4,0,-160,-3,12.66
fold2_room1_mix0162,95,4,0,-174,-1,19.49
fold2_room1_mix0162,96,4,0,-179,0,24.11
fold2_room1_mix0162,96,4,0,-162,-2,12.52
fold2_room1_mix0162,97,4,0,-174,-1,21.43
fold2_room1_mix0162,98,4,0,-175,-1,20.35
fold2_room1_mix0162,99,4,0,-174,-1,21.05
fold2_room1_mix0162,2,4,0,-4,2,1.93
fold2_room1_mix0163,3,4,0,-175,1,3.41
fold2_room1_mix0163,4,4,0,-173,0,16.77
fold2_room1_mix0163,5,4,0,-171,0,16.38
fold2_room1_mix0163,6,4,0,-171,0,21.14
fold2_room1_mix0163,7,4,0,-170,0,28.99
fold2_room1_mix0163,8,4,0,-171,0,28.59
fold2_room1_mix0163,9,4,0,-170,0,29.10
fold2_room1_mix0163,10,4,0,-177,0,26.91
fold2_room1_mix0163,10,4,0,-155,0,30.53
fold2_room1_mix0163,11,4,0,-172,0,30.60
fold2_room1_mix0163,12,4,0,-170,0,30.00
fold2_room1_mix0163,13,4,0,-168,0,27.82
fold2_room1_mix0163,14,4,0,-176,0,27.45
fold2_room1_mix0163,14,4,0,-154,0,31.75
fold2_room1_mix0163,15,4,0,-176,0,26.73
fold2_room1_mix0163,15,4,0,-155,0,30.22
fold2_room1_mix0163,16,4,0,-178,0,24.90
fold2_room1_mix0163,16,4,0,-152,0,29.06
fold2_room1_mix0163,17,4,0,-174,0,26.73
fold2_room1_mix0163,17,4,0,-153,0,30.57
fold2_room1_mix0163,18,4,0,-174,0,25.92
fold2_room1_mix0163,18,4,0,-151,0,29.32
fold2_room1_mix0163,19,4,0,-172,0,26.62
fold2_room1_mix0163,19,4,0,-150,0,28.67
fold2_room1_mix0163,20,4,0,-175,0,25.83
fold2_room1_mix0163,20,4,0,-152,0,29.47
fold2_room1_mix0163,21,4,0,-173,0,24.53
fold2_room1_mix0163,21,4,0,-152,0,28.47
fold2_room1_mix0163,22,4,0,-173,0,24.84
fold2_room1_mix0163,22,4,0,-148,0,27.67
fold2_room1_mix0163,23,4,0,-176,0,21.95
fold2_room1_mix0163,23,4,0,-146,0,26.99
fold2_room1_mix0163,24,4,0,-177,-1,21.84
fold2_room1_mix0163,24,4,0,-147,0,26.61
fold2_room1_mix0163,25,4,0,-176,-1,20.46
fold2_room1_mix0163,25,4,0,-143,0,25.65
fold2_room1_mix0163,26,4,0,-177,0,21.21
fold2_room1_mix0163,26,4,0,-144,0,25.55
fold2_room1_mix0163,27,4,0,-176,-1,20.52
fold2_room1_mix0163,27,4,0,-143,0,24.67
fold2_room1_mix0163,28,4,0,-174,-1,19.88
fold2_room1_mix0163,28,4,0,-143,0,24.93
fold2_room1_mix0163,29,4,0,-175,-1,16.58
fold2_room1_mix0163,29,4,0,-142,0,23.71
fold2_room1_mix0163,30,4,0,-177,-2,17.93
fold2_room1_mix0163,30,4,0,-161,0,17.99
fold2_room1_mix0163,30,4,0,-141,0,21.98
fold2_room1_mix0163,31,4,0,-170,-1,18.40
fold2_room1_mix0163,31,4,0,-144,0,23.73
fold2_room1_mix0163,32,4,0,-179,-2,17.10
fold2_room1_mix0163,32,4,0,-163,0,17.74
fold2_room1_mix0163,32,4,0,-144,1,23.23
fold2_room1_mix0163,33,4,0,-172,-1,16.31
fold2_room1_mix0163,33,4,0,-141,1,23.78
fold2_room1_mix0163,34,4,0,-176,-1,17.31
fold2_room1_mix0163,34,4,0,-139,0,22.84
fold2_room1_mix0163,35,4,0,173,-2,15.06
fold2_room1_mix0163,35,4,0,-169,-1,16.64
fold2_room1_mix0163,35,4,0,-138,0,22.32
fold2_room1_mix0163,36,4,0,-176,-1,16.61
fold2_room1_mix0163,36,4,0,-137,0,21.65
fold2_room1_mix0163,37,4,0,-176,-2,16.54
fold2_room1_mix0163,37,4,0,-138,0,21.74
fold2_room1_mix0163,38,4,0,173,-2,15.47
fold2_room1_mix0163,38,4,0,-170,-1,16.05
fold2_room1_mix0163,38,4,0,-134,0,18.71
fold2_room1_mix0163,39,4,0,170,-3,14.44
fold2_room1_mix0163,39,4,0,-173,-1,15.76
fold2_room1_mix0163,39,4,0,-134,0,19.94
fold2_room1_mix0163,40,4,0,-177,-2,16.77
fold2_room1_mix0163,40,4,0,-134,0,18.52
fold2_room1_mix0163,41,4,0,-178,-2,15.81
fold2_room1_mix0163,41,4,0,-130,0,17.79
fold2_room1_mix0163,42,4,0,-176,-2,15.33
fold2_room1_mix0163,42,4,0,-131,0,17.57
fold2_room1_mix0163,43,4,0,-179,-2,16.57
fold2_room1_mix0163,43,4,0,-130,-1,16.39
fold2_room1_mix0163,44,4,0,175,-2,17.61
fold2_room1_mix0163,44,4,0,-167,-1,16.20
fold2_room1_mix0163,44,4,0,-129,-1,16.30
fold2_room1_mix0163,45,4,0,177,-2,16.34
fold2_room1_mix0163,45,4,0,-127,-1,15.82
fold2_room1_mix0163,46,4,0,-178,-2,17.33
fold2_room1_mix0163,46,4,0,-126,-1,15.18
fold2_room1_mix0163,47,2,0,89,-3,10.39
fold2_room1_mix0163,47,4,0,179,-3,16.46
fold2_room1_mix0163,47,4,0,-121,0,16.44
fold2_room1_mix0163,48,2,0,86,-3,10.43
fold2_room1_mix0163,48,4,0,-176,-3,14.45
fold2_room1_mix0163,48,4,0,-114,0,17.33
fold2_room1_mix0163,49,2,0,84,-3,11.57
fold2_room1_mix0163,49,4,0,-175,-3,15.81
fold2_room1_mix0163,49,4,0,-111,0,17.24
fold2_room1_mix0163,50,2,0,80,-3,12.22
fold2_room1_mix0163,50,4,0,-170,-3,15.01
fold2_room1_mix0163,50,4,0,-108,0,16.33
fold2_room1_mix0163,51,2,0,81,-3,13.06
fold2_room1_mix0163,51,4,0,-170,-3,15.20
fold2_room1_mix0163,51,4,0,-103,0,17.04
fold2_room1_mix0163,52,4,0,-172,-3,15.70
fold2_room1_mix0163,52,4,0,-100,0,18.32
fold2_room1_mix0163,53,4,0,-172,-2,16.63
fold2_room1_mix0163,53,4,0,-100,-4,12.42
fold2_room1_mix0163,54,4,0,-168,-3,16.64
fold2_room1_mix0163,54,4,0,-91,-3,13.99
fold2_room1_mix0163,55,4,0,178,-2,18.84
fold2_room1_mix0163,55,4,0,-99,-3,13.66
fold2_room1_mix0163,56,2,0,84,-3,8.79
fold2_room1_mix0163,56,4,0,-175,-3,17.82
fold2_room1_mix0163,56,4,0,-95,-4,12.48
fold2_room1_mix0163,57,2,0,85,-3,11.77
fold2_room1_mix0163,57,4,0,-178,-3,18.69
fold2_room1_mix0163,57,4,0,-150,-4,14.53
fold2_room1_mix0163,57,4,0,-92,-3,13.28
fold2_room1_mix0163,58,2,0,82,-3,11.87
fold2_room1_mix0163,58,4,0,179,-3,14.63
fold2_room1_mix0163,58,4,0,-86,-1,15.11
fold2_room1_mix0163,59,2,0,83,-3,12.15
fold2_room1_mix0163,59,4,0,178,-4,14.61
fold2_room1_mix0163,59,4,0,-81,-2,14.53
fold2_room1_mix0163,60,2,0,80,-3,11.95
fold2_room1_mix0163,60,4,0,-176,-4,14.44
fold2_room1_mix0163,60,4,0,-78,-2,14.88
fold2_room1_mix0163,61,2,0,75,-3,11.85
fold2_room1_mix0163,61,4,0,175,-3,13.30
fold2_room1_mix0163,61,4,0,-71,0,17.66
fold2_room1_mix0163,62,4,0,-168,-4,13.41
fold2_room1_mix0163,62,4,0,-67,-3,13.71
fold2_room1_mix0163,63,4,0,-167,-3,15.64
fold2_room1_mix0163,63,4,0,-65,-4,12.31
fold2_room1_mix0163,64,4,0,-166,-2,15.34
fold2_room1_mix0163,64,4,0,-69,-3,14.08
fold2_room1_mix0163,65,4,0,-167,-3,14.18
fold2_room1_mix0163,65,4,0,-66,-3,14.56
fold2_room1_mix0163,66,2,0,84,-2,9.66
fold2_room1_mix0163,66,4,0,-163,-4,12.81
fold2_room1_mix0163,66,4,0,-79,-3,13.94
fold2_room1_mix0163,66,4,0,-61,-2,15.94
fold2_room1_mix0163,67,2,0,88,-2,12.38
fold2_room1_mix0163,67,4,0,-167,-2,14.01
fold2_room1_mix0163,67,4,0,-150,-3,13.22
fold2_room1_mix0163,67,4,0,-60,-1,17.78
fold2_room1_mix0163,68,2,0,86,-2,11.55
fold2_room1_mix0163,68,4,0,-166,-4,11.79
fold2_room1_mix0163,68,4,0,-49,0,20.96
fold2_room1_mix0163,69,2,0,81,-2,11.91
fold2_room1_mix0163,69,4,0,-161,-6,9.05
fold2_room1_mix0163,69,4,0,-77,-3,14.34
fold2_room1_mix0163,69,4,0,-48,0,20.19
fold2_room1_mix0163,70,2,0,84,-2,12.17
fold2_room1_mix0163,70,4,0,-162,-5,9.40
fold2_room1_mix0163,70,4,0,-82,-2,14.97
fold2_room1_mix0163,70,4,0,-46,0,21.92
fold2_room1_mix0163,71,4,0,-169,-7,8.14
fold2_room1_mix0163,71,4,0,-58,-2,18.82
fold2_room1_mix0163,71,4,0,-43,-1,22.16
fold2_room1_mix0163,72,4,0,-179,-9,6.74
fold2_room1_mix0163,72,4,0,-44,0,25.52
fold2_room1_mix0163,73,4,0,178,-10,6.88
fold2_room1_mix0163,73,4,0,-52,-3,21.04
fold2_room1_mix0163,74,4,0,161,-13,5.44
fold2_room1_mix0163,74,4,0,-45,0,24.80
fold2_room1_mix0163,75,4,0,162,-13,5.97
fold2_room1_mix0163,75,4,0,-46,0,26.50
fold2_room1_mix0163,76,2,0,86,-3,10.02
fold2_room1_mix0163,76,4,0,154,-24,5.04
fold2_room1_mix0163,76,4,0,-44,-1,27.49
fold2_room1_mix0163,77,2,0,86,-3,8.57
fold2_room1_mix0163,77,4,0,111,-34,2.57
fold2_room1_mix0163,77,4,0,129,-22,3.44
fold2_room1_mix0163,77,4,0,-37,-2,25.43
fold2_room1_mix0163,78,2,0,82,-3,7.72
fold2_room1_mix0163,78,4,0,44,-33,1.68
fold2_room1_mix0163,78,4,0,72,-30,2.45
fold2_room1_mix0163,78,4,0,-34,0,20.23
fold2_room1_mix0163,79,2,0,77,-3,8.37
fold2_room1_mix0163,79,4,0,-27,-24,2.84
fold2_room1_mix0163,79,4,0,10,-24,2.85
fold2_room1_mix0163,79,4,0,-30,-1,19.87
fold2_room1_mix0163,80,2,0,74,-3,7.97
fold2_room1_mix0163,80,4,0,-74,-14,6.39
fold2_room1_mix0163,80,4,0,7,-17,3.53
fold2_room1_mix0163,80,4,0,-28,0,21.55
fold2_room1_mix0163,81,2,0,75,-3,9.57
fold2_room1_mix0163,81,4,0,-72,-9,7.68
fold2_room1_mix0163,81,4,0,0,-12,4.37
fold2_room1_mix0163,81,4,0,-25,-2,15.90
fold2_room1_mix0163,82,2,0,69,-2,3.91
fold2_room1_mix0163,82,4,0,-90,-3,11.75
fold2_room1_mix0163,82,4,0,2,-10,5.26
fold2_room1_mix0163,82,4,0,-19,-1,16.46
fold2_room1_mix0163,83,4,0,-88,-3,11.82
fold2_room1_mix0163,83,4,0,4,-8,6.55
fold2_room1_mix0163,83,4,0,-19,-2,17.81
fold2_room1_mix0163,84,4,0,-82,-3,11.72
fold2_room1_mix0163,84,4,0,-7,-4,13.66
fold2_room1_mix0163,85,2,0,80,-2,10.69
fold2_room1_mix0163,85,4,0,-79,-3,13.85
fold2_room1_mix0163,85,4,0,-7,-3,14.26
fold2_room1_mix0163,86,2,0,86,-2,13.41
fold2_room1_mix0163,86,4,0,-81,-2,16.55
fold2_room1_mix0163,86,4,0,-4,-3,13.70
fold2_room1_mix0163,87,2,0,81,-2,14.18
fold2_room1_mix0163,87,4,0,-56,-3,13.27
fold2_room1_mix0163,87,4,0,0,-3,13.04
fold2_room1_mix0163,87,4,0,-16,0,22.55
fold2_room1_mix0163,88,2,0,81,-2,14.20
fold2_room1_mix0163,88,4,0,-61,-4,13.41
fold2_room1_mix0163,88,4,0,-6,-2,21.11
fold2_room1_mix0163,89,2,0,81,-3,12.26
fold2_room1_mix0163,89,4,0,-48,-3,14.02
fold2_room1_mix0163,89,4,0,-10,-1,20.73
fold2_room1_mix0163,90,4,0,-51,-2,16.60
fold2_room1_mix0163,90,4,0,4,-4,13.37
fold2_room1_mix0163,90,4,0,-14,-2,23.82
fold2_room1_mix0163,91,4,0,-43,-1,18.21
fold2_room1_mix0163,91,4,0,6,-3,15.88
fold2_room1_mix0163,91,4,0,-14,-2,22.57
fold2_room1_mix0163,92,4,0,-41,-2,17.93
fold2_room1_mix0163,92,4,0,5,-4,16.12
fold2_room1_mix0163,92,4,0,-14,-2,23.74
fold2_room1_mix0163,93,4,0,-44,-1,17.74
fold2_room1_mix0163,93,4,0,-5,-2,20.61
fold2_room1_mix0163,94,2,0,95,-2,12.44
fold2_room1_mix0163,94,4,0,-41,-1,18.64
fold2_room1_mix0163,94,4,0,3,-2,17.53
fold2_room1_mix0163,94,4,0,-13,-2,23.87
fold2_room1_mix0163,95,4,0,-35,-1,21.24
fold2_room1_mix0163,95,4,0,-5,-2,21.94
fold2_room1_mix0163,96,4,0,-33,-1,20.31
fold2_room1_mix0163,96,4,0,4,-3,18.87
fold2_room1_mix0163,96,4,0,-13,-1,25.34
fold2_room1_mix0163,97,4,0,-34,-1,22.33
fold2_room1_mix0163,97,4,0,-4,-2,23.96
fold2_room1_mix0163,98,4,0,-29,-1,22.15
fold2_room1_mix0163,98,4,0,2,-3,20.68
fold2_room1_mix0163,98,4,0,-13,-2,24.73
fold2_room1_mix0163,99,4,0,-26,-1,23.45
fold2_room1_mix0163,99,4,0,-3,-2,22.24
fold2_room1_mix0164,3,4,0,-178,0,2.82
fold2_room1_mix0164,4,4,0,-176,-1,11.26
fold2_room1_mix0164,4,4,0,0,0,14.80
fold2_room1_mix0164,5,4,0,-177,0,12.57
fold2_room1_mix0164,5,4,0,0,0,17.17
fold2_room1_mix0164,6,4,0,-176,-1,14.34
fold2_room1_mix0164,6,4,0,3,0,19.58
fold2_room1_mix0164,7,4,0,-175,-1,23.52
fold2_room1_mix0164,7,4,0,1,-1,29.19
fold2_room1_mix0164,8,4,0,-174,-1,22.58
fold2_room1_mix0164,8,4,0,3,-1,31.85
fold2_room1_mix0164,9,4,0,-176,-2,23.51
fold2_room1_mix0164,9,4,0,0,-1,29.80
fold2_room1_mix0164,10,4,0,-176,-1,23.64
fold2_room1_mix0164,10,4,0,0,0,29.42
fold2_room1_mix0164,11,4,0,-177,-2,23.90
fold2_room1_mix0164,11,4,0,0,0,32.00
fold2_room1_mix0164,12,4,0,-177,-1,24.23
fold2_room1_mix0164,12,4,0,0,0,31.64
fold2_room1_mix0164,13,4,0,-176,-1,21.65
fold2_room1_mix0164,13,4,0,1,0,30.00
fold2_room1_mix0164,14,4,0,-174,-1,19.46
fold2_room1_mix0164,14,4,0,1,-1,26.36
fold2_room1_mix0164,15,4,0,-173,-2,20.14
fold2_room1_mix0164,15,4,0,0,-1,25.65
fold2_room1_mix0164,16,4,0,-174,-1,18.84
fold2_room1_mix0164,16,4,0,-1,-1,23.03
fold2_room1_mix0164,17,4,0,-175,-2,21.33
fold2_room1_mix0164,17,4,0,-1,-1,26.55
fold2_room1_mix0164,18,4,0,-174,-1,21.69
fold2_room1_mix0164,18,4,0,0,-1,27.47
fold2_room1_mix0164,19,4,0,-174,-2,20.00
fold2_room1_mix0164,19,4,0,-1,-1,23.58
fold2_room1_mix0164,20,4,0,-175,-2,20.16
fold2_room1_mix0164,20,4,0,-1,-1,24.81
fold2_room1_mix0164,21,4,0,-173,-2,19.82
fold2_room1_mix0164,21,4,0,-2,-1,22.34
fold2_room1_mix0164,22,4,0,-173,-2,18.94
fold2_room1_mix0164,22,4,0,-1,-1,22.00
fold2_room1_mix0164,23,4,0,-173,-2,16.84
fold2_room1_mix0164,23,4,0,0,-2,21.03
fold2_room1_mix0164,24,4,0,-171,-3,14.70
fold2_room1_mix0164,24,4,0,-1,-2,20.59
fold2_room1_mix0164,25,4,0,-172,-3,15.28
fold2_room1_mix0164,25,4,0,-2,-2,20.78
fold2_room1_mix0164,26,4,0,-171,-2,13.85
fold2_room1_mix0164,26,4,0,-2,-2,19.17
fold2_room1_mix0164,27,4,0,-170,-3,12.99
fold2_room1_mix0164,27,4,0,-2,-2,19.98
fold2_room1_mix0164,28,4,0,-169,-3,12.43
fold2_room1_mix0164,28,4,0,-1,-2,18.87
fold2_room1_mix0164,29,4,0,-170,-3,11.32
fold2_room1_mix0164,29,4,0,-1,-1,18.30
fold2_room1_mix0164,30,4,0,-169,-3,11.00
fold2_room1_mix0164,30,4,0,-2,-1,18.15
fold2_room1_mix0164,31,4,0,-170,-3,11.79
fold2_room1_mix0164,31,4,0,1,-1,18.47
fold2_room1_mix0164,32,4,0,-169,-3,10.71
fold2_room1_mix0164,32,4,0,0,-2,17.18
fold2_room1_mix0164,33,4,0,-170,-4,9.77
fold2_room1_mix0164,33,4,0,0,-2,15.93
fold2_room1_mix0164,34,4,0,-168,-4,8.96
fold2_room1_mix0164,34,4,0,1,-2,15.17
fold2_room1_mix0164,35,4,0,-166,-4,8.25
fold2_room1_mix0164,35,4,0,1,-3,13.56
fold2_room1_mix0164,36,4,0,-162,-4,8.00
fold2_room1_mix0164,36,4,0,2,-2,14.71
fold2_room1_mix0164,37,4,0,-162,-5,6.84
fold2_room1_mix0164,37,4,0,0,-3,13.89
fold2_room1_mix0164,38,4,0,-160,-5,7.29
fold2_room1_mix0164,38,4,0,2,-3,13.40
fold2_room1_mix0164,39,4,0,-157,-5,6.11
fold2_room1_mix0164,39,4,0,2,-2,13.97
fold2_room1_mix0164,40,4,0,-153,-6,5.46
fold2_room1_mix0164,40,4,0,0,-3,13.07
fold2_room1_mix0164,41,4,0,-146,-7,4.78
fold2_room1_mix0164,41,4,0,0,-2,14.18
fold2_room1_mix0164,42,4,0,-141,-8,3.78
fold2_room1_mix0164,42,4,0,-1,-1,14.09
fold2_room1_mix0164,43,4,0,-128,-11,2.90
fold2_room1_mix0164,43,4,0,-9,-1,16.96
fold2_room1_mix0164,44,4,0,-100,-14,2.54
fold2_room1_mix0164,44,4,0,-5,0,19.36
fold2_room1_mix0164,45,4,0,-58,-13,2.56
fold2_room1_mix0164,45,4,0,-4,0,19.21
fold2_room1_mix0164,46,4,0,-43,-9,3.03
fold2_room1_mix0164,46,4,0,-2,0,18.72
fold2_room1_mix0164,47,4,0,-44,-9,3.22
fold2_room1_mix0164,47,4,0,0,0,17.40
fold2_room1_mix0164,48,4,0,-34,-7,3.50
fold2_room1_mix0164,48,4,0,1,0,15.32
fold2_room1_mix0164,49,4,0,-32,-7,3.67
fold2_room1_mix0164,49,4,0,0,0,16.28
fold2_room1_mix0164,50,4,0,-29,-7,3.97
fold2_room1_mix0164,50,4,0,1,-1,13.85
fold2_room1_mix0164,51,4,0,-26,-6,4.46
fold2_room1_mix0164,51,4,0,0,-1,13.30
fold2_room1_mix0164,52,4,0,-17,-5,5.32
fold2_room1_mix0164,52,4,0,2,-1,13.31
fold2_room1_mix0164,53,4,0,-16,-5,5.93
fold2_room1_mix0164,53,4,0,4,-1,12.83
fold2_room1_mix0164,54,4,0,-16,-5,5.73
fold2_room1_mix0164,54,4,0,1,-2,11.42
fold2_room1_mix0164,55,4,0,-3,-2,10.36
fold2_room1_mix0164,56,4,0,-2,-3,9.47
fold2_room1_mix0164,57,4,0,0,-3,9.77
fold2_room1_mix0164,58,4,0,-1,-3,9.48
fold2_room1_mix0164,59,4,0,0,-3,9.47
fold2_room1_mix0164,60,4,0,0,-3,9.04
fold2_room1_mix0164,61,4,0,1,-3,9.20
fold2_room1_mix0164,62,4,0,1,-3,9.04
fold2_room1_mix0164,63,4,0,2,-4,8.60
fold2_room1_mix0164,64,4,0,3,-4,8.02
fold2_room1_mix0164,65,4,0,6,-4,8.13
fold2_room1_mix0164,66,4,0,8,-5,7.33
fold2_room1_mix0164,67,4,0,16,-10,3.32
fold2_room1_mix0164,67,4,0,-2,0,13.71
fold2_room1_mix0164,68,4,0,21,-10,2.93
fold2_room1_mix0164,68,4,0,-1,0,14.50
fold2_room1_mix0164,69,4,0,25,-13,2.17
fold2_room1_mix0164,69,4,0,0,0,12.74
fold2_room1_mix0164,70,4,0,36,-18,1.46
fold2_room1_mix0164,70,4,0,1,-1,11.81
fold2_room1_mix0164,71,4,0,51,-22,1.32
fold2_room1_mix0164,71,4,0,3,-2,13.40
fold2_room1_mix0164,72,4,0,79,-26,1.14
fold2_room1_mix0164,72,4,0,6,-3,13.53
fold2_room1_mix0164,73,4,0,110,-26,1.20
fold2_room1_mix0164,73,4,0,5,-3,14.42
fold2_room1_mix0164,74,4,0,130,-22,1.46
fold2_room1_mix0164,74,4,0,1,-2,15.50
fold2_room1_mix0164,75,4,0,144,-16,1.97
fold2_room1_mix0164,75,4,0,-1,-1,16.70
fold2_room1_mix0164,76,4,0,153,-13,2.33
fold2_room1_mix0164,76,4,0,-2,-1,17.00
fold2_room1_mix0164,77,4,0,156,-12,2.69
fold2_room1_mix0164,77,4,0,0,-1,17.77
fold2_room1_mix0164,78,4,0,162,-10,3.15
fold2_room1_mix0164,78,4,0,-2,0,19.91
fold2_room1_mix0164,79,4,0,164,-9,3.65
fold2_room1_mix0164,79,4,0,-1,0,20.81
fold2_room1_mix0164,80,4,0,167,-8,3.96
fold2_room1_mix0164,80,4,0,-5,0,22.17
fold2_room1_mix0164,81,4,0,169,-6,4.86
fold2_room1_mix0164,81,4,0,-2,0,22.86
fold2_room1_mix0164,82,4,0,170,-6,4.99
fold2_room1_mix0164,82,4,0,-5,0,22.87
fold2_room1_mix0164,83,4,0,170,-6,5.27
fold2_room1_mix0164,83,4,0,-3,0,23.43
fold2_room1_mix0164,84,4,0,171,-5,6.31
fold2_room1_mix0164,84,4,0,-3,0,27.61
fold2_room1_mix0164,85,4,0,172,-5,6.64
fold2_room1_mix0164,85,4,0,-4,0,29.41
fold2_room1_mix0164,86,4,0,173,-4,6.79
fold2_room1_mix0164,86,4,0,-5,0,26.71
fold2_room1_mix0164,87,4,0,173,-3,7.94
fold2_room1_mix0164,87,4,0,-4,0,30.26
fold2_room1_mix0164,88,4,0,173,-3,8.34
fold2_room1_mix0164,88,4,0,-4,0,29.13
fold2_room1_mix0164,89,4,0,173,-3,8.47
fold2_room1_mix0164,89,4,0,-2,0,27.74
fold2_room1_mix0164,90,4,0,174,-3,8.54
fold2_room1_mix0164,90,4,0,-3,0,31.04
fold2_room1_mix0164,91,4,0,174,-3,9.20
fold2_room1_mix0164,91,4,0,-3,0,25.53
fold2_room1_mix0164,92,4,0,174,-2,9.88
fold2_room1_mix0164,92,4,0,-1,0,27.39
fold2_room1_mix0164,93,4,0,175,-3,9.82
fold2_room1_mix0164,93,4,0,-1,0,33.03
fold2_room1_mix0164,94,4,0,175,-3,9.86
fold2_room1_mix0164,95,4,0,175,-2,11.14
fold2_room1_mix0164,95,4,0,0,0,29.59
fold2_room1_mix0164,96,4,0,175,-2,10.62
fold2_room1_mix0164,97,4,0,175,-2,12.30
fold2_room1_mix0164,98,4,0,175,-2,12.30
fold2_room1_mix0164,99,4,0,175,-2,11.52
fold2_room1_mix0165,43,0,0,-141,-3,2.98
fold2_room1_mix0165,44,0,0,-150,-3,2.61
fold2_room1_mix0165,45,0,0,-139,-3,7.33
fold2_room1_mix0165,46,0,0,-137,-3,7.30
fold2_room1_mix0165,47,0,0,-141,-3,7.40
fold2_room1_mix0165,48,0,0,-142,-3,11.89
fold2_room1_mix0165,49,0,0,-140,-3,12.99
fold2_room1_mix0165,50,0,0,-141,-3,13.24
fold2_room1_mix0165,51,0,0,-143,-3,13.12
fold2_room1_mix0165,52,0,0,-146,-3,13.17
fold2_room1_mix0165,53,0,0,-145,-3,12.78
fold2_room1_mix0165,54,0,0,-144,-3,12.17
fold2_room1_mix0165,55,0,0,-146,-3,12.82
fold2_room1_mix0165,56,0,0,-145,-3,13.48
fold2_room1_mix0165,57,0,0,-134,-4,14.26
fold2_room1_mix0165,58,0,0,-145,-4,14.57
fold2_room1_mix0165,66,0,0,-161,-2,35.08
fold2_room1_mix0165,66,0,0,-2,-1,34.16
fold2_room1_mix0165,67,0,0,-155,-3,33.57
fold2_room1_mix0165,67,0,0,-4,-1,36.56
fold2_room1_mix0165,68,0,0,-163,-1,35.41
fold2_room1_mix0165,68,0,0,1,-1,44.30
fold2_room1_mix0165,69,0,0,-164,-1,38.20
fold2_room1_mix0165,69,0,0,1,-1,43.57
fold2_room1_mix0165,70,0,0,-165,-1,39.76
fold2_room1_mix0165,70,0,0,0,-1,51.69
fold2_room1_mix0165,71,0,0,-164,-1,41.55
fold2_room1_mix0165,71,0,0,1,-1,47.29
fold2_room1_mix0165,72,0,0,-165,-1,44.31
fold2_room1_mix0165,72,0,0,1,-1,46.33
fold2_room1_mix0165,73,0,0,-165,-1,39.57
fold2_room1_mix0165,73,0,0,3,0,53.82
fold2_room1_mix0165,74,0,0,-167,-1,33.14
fold2_room1_mix0165,74,0,0,7,0,54.98
fold2_room1_mix0165,75,0,0,-165,-1,42.03
fold2_room1_mix0165,75,0,0,3,0,52.44
fold2_room1_mix0165,76,0,0,-166,-1,40.62
fold2_room1_mix0165,76,0,0,6,0,53.09
fold2_room1_mix0165,77,0,0,-166,-1,48.19
fold2_room1_mix0165,77,0,0,6,0,53.60
fold2_room1_mix0165,78,0,0,-167,-1,37.37
fold2_room1_mix0165,78,0,0,2,0,59.40
fold2_room1_mix0165,79,0,0,-165,-1,39.52
fold2_room1_mix0165,79,0,0,5,0,60.09
fold2_room1_mix0165,80,0,0,-167,-1,41.41
fold2_room1_mix0165,80,0,0,4,0,61.33
fold2_room1_mix0165,81,0,0,-167,-1,38.25
fold2_room1_mix0165,81,0,0,5,0,66.17
fold2_room1_mix0165,82,0,0,-166,-1,40.04
fold2_room1_mix0165,82,0,0,5,0,63.98
fold2_room1_mix0165,83,0,0,-167,0,44.29
fold2_room1_mix0165,83,0,0,6,0,63.19
fold2_room1_mix0165,84,0,0,-169,-1,46.75
fold2_room1_mix0165,84,0,0,4,0,60.09
fold2_room1_mix0165,85,0,0,-167,-1,46.16
fold2_room1_mix0165,85,0,0,5,0,56.48
fold2_room1_mix0165,86,0,0,-168,-1,42.81
fold2_room1_mix0165,86,0,0,5,0,62.59
fold2_room1_mix0165,87,0,0,-168,-1,46.04
fold2_room1_mix0165,87,0,0,5,0,64.23
fold2_room1_mix0165,88,0,0,-166,0,47.02
fold2_room1_mix0165,88,0,0,4,0,71.40
fold2_room1_mix0165,89,0,0,-168,0,54.43
fold2_room1_mix0165,89,0,0,4,0,73.35
fold2_room1_mix0165,90,0,0,-168,0,54.02
fold2_room1_mix0165,90,0,0,4,0,69.99
fold2_room1_mix0165,91,0,0,-171,0,55.47
fold2_room1_mix0165,91,0,0,1,0,65.29
fold2_room1_mix0165,92,0,0,-171,-1,52.58
fold2_room1_mix0165,92,0,0,3,0,69.20
fold2_room1_mix0165,93,0,0,-170,0,48.43
fold2_room1_mix0165,93,0,0,3,0,87.95
fold2_room1_mix0165,94,0,0,-169,-1,41.80
fold2_room1_mix0165,94,0,0,3,0,88.33
fold2_room1_mix0165,95,0,0,-169,-1,49.83
fold2_room1_mix0165,95,0,0,2,0,81.99
fold2_room1_mix0165,96,0,0,-170,0,51.31
fold2_room1_mix0165,96,0,0,2,0,86.06
fold2_room1_mix0165,97,0,0,-171,0,28.13
fold2_room1_mix0165,97,0,0,-1,0,40.42
fold2_room1_mix0165,98,0,0,-172,0,12.32
fold2_room1_mix0165,99,0,0,-173,0,4.62
fold2_room1_mix0165,61,0,0,-6,-2,23.11
fold2_room1_mix0165,62,0,0,-10,-2,25.07
fold2_room1_mix0165,63,0,0,-6,-2,22.30
fold2_room1_mix0165,64,0,0,-3,-1,31.18
fold2_room1_mix0165,65,0,0,-9,-1,29.25
fold2_room1_mix0166,6,4,0,-179,0,2.82
fold2_room1_mix0166,8,4,0,176,1,1.53
fold2_room1_mix0166,9,4,0,179,0,9.52
fold2_room1_mix0166,9,4,0,-2,0,8.75
fold2_room1_mix0166,11,4,0,176,2,14.31
fold2_room1_mix0166,11,4,0,0,1,11.92
fold2_room1_mix0166,12,4,0,178,1,21.36
fold2_room1_mix0166,12,4,0,0,0,16.99
fold2_room1_mix0166,13,4,0,-178,2,14.56
fold2_room1_mix0166,13,4,0,-5,2,12.98
fold2_room1_mix0166,14,4,0,176,2,6.70
fold2_room1_mix0166,14,4,0,0,2,5.86
fold2_room1_mix0166,15,4,0,176,1,31.20
fold2_room1_mix0166,15,4,0,-3,0,23.68
fold2_room1_mix0166,16,4,0,176,0,32.62
fold2_room1_mix0166,16,4,0,-2,0,27.19
fold2_room1_mix0166,17,4,0,175,0,34.78
fold2_room1_mix0166,17,4,0,-2,0,28.57
fold2_room1_mix0166,18,4,0,173,0,36.23
fold2_room1_mix0166,18,4,0,-5,0,30.06
fold2_room1_mix0166,19,4,0,173,0,33.90
fold2_room1_mix0166,19,4,0,0,0,29.72
fold2_room1_mix0166,20,4,0,173,0,27.96
fold2_room1_mix0166,20,4,0,-1,0,25.80
fold2_room1_mix0166,21,4,0,175,0,34.73
fold2_room1_mix0166,21,4,0,0,0,31.62
fold2_room1_mix0166,22,4,0,172,-1,33.23
fold2_room1_mix0166,22,4,0,-2,0,31.25
fold2_room1_mix0166,23,4,0,174,0,31.15
fold2_room1_mix0166,23,4,0,-3,0,26.34
fold2_room1_mix0166,24,4,0,177,-1,30.21
fold2_room1_mix0166,24,4,0,-3,0,30.48
fold2_room1_mix0166,25,4,0,177,-1,29.14
fold2_room1_mix0166,25,4,0,-1,-1,31.76
fold2_room1_mix0166,26,4,0,175,-1,26.98
fold2_room1_mix0166,26,4,0,-3,0,31.47
fold2_room1_mix0166,27,4,0,178,-1,26.16
fold2_room1_mix0166,27,4,0,-2,0,31.84
fold2_room1_mix0166,28,4,0,177,-1,22.66
fold2_room1_mix0166,28,4,0,-2,0,32.29
fold2_room1_mix0166,29,4,0,176,-1,21.85
fold2_room1_mix0166,29,4,0,-1,0,32.80
fold2_room1_mix0166,30,4,0,177,-1,20.85
fold2_room1_mix0166,30,4,0,-1,0,31.92
fold2_room1_mix0166,31,4,0,177,-1,20.08
fold2_room1_mix0166,31,4,0,-2,0,30.65
fold2_room1_mix0166,32,4,0,-179,-1,17.80
fold2_room1_mix0166,32,4,0,-2,0,30.96
fold2_room1_mix0166,33,4,0,179,-1,18.32
fold2_room1_mix0166,33,4,0,-2,0,29.88
fold2_room1_mix0166,34,4,0,-179,-1,17.72
fold2_room1_mix0166,34,4,0,-1,0,28.60
fold2_room1_mix0166,35,4,0,-178,-1,17.06
fold2_room1_mix0166,35,4,0,0,0,30.51
fold2_room1_mix0166,36,4,0,-179,-2,15.93
fold2_room1_mix0166,36,4,0,0,0,28.05
fold2_room1_mix0166,37,4,0,-176,-1,14.68
fold2_room1_mix0166,37,4,0,0,-1,25.31
fold2_room1_mix0166,38,4,0,-174,-2,13.31
fold2_room1_mix0166,38,4,0,2,-1,24.92
fold2_room1_mix0166,39,4,0,-177,-2,12.89
fold2_room1_mix0166,39,4,0,1,-1,22.42
fold2_room1_mix0166,40,4,0,-173,-2,12.11
fold2_room1_mix0166,40,4,0,1,-2,21.26
fold2_room1_mix0166,41,4,0,-175,-1,11.26
fold2_room1_mix0166,41,4,0,5,-1,20.65
fold2_room1_mix0166,42,4,0,-174,-2,9.57
fold2_room1_mix0166,42,4,0,3,-1,18.33
fold2_room1_mix0166,43,4,0,-172,-1,10.03
fold2_room1_mix0166,43,4,0,5,-1,19.25
fold2_room1_mix0166,44,4,0,-170,-2,8.89
fold2_room1_mix0166,44,4,0,6,-1,18.70
fold2_room1_mix0166,45,4,0,-170,-2,8.21
fold2_room1_mix0166,45,4,0,9,-1,19.24
fold2_room1_mix0166,46,4,0,-168,-3,7.08
fold2_room1_mix0166,46,4,0,9,-1,18.67
fold2_room1_mix0166,47,4,0,-169,-3,6.69
fold2_room1_mix0166,47,4,0,8,-2,18.87
fold2_room1_mix0166,48,4,0,-167,-4,5.50
fold2_room1_mix0166,48,4,0,13,-2,18.14
fold2_room1_mix0166,49,4,0,-164,-6,4.90
fold2_room1_mix0166,49,4,0,17,-2,17.69
fold2_room1_mix0166,50,4,0,-157,-7,3.76
fold2_room1_mix0166,50,4,0,13,-2,18.43
fold2_room1_mix0166,51,4,0,-150,-10,2.80
fold2_room1_mix0166,51,4,0,17,-2,18.38
fold2_room1_mix0166,52,4,0,-132,-19,1.70
fold2_room1_mix0166,52,4,0,22,-3,15.43
fold2_room1_mix0166,52,4,0,6,-5,16.56
fold2_room1_mix0166,53,4,0,-71,-26,0.91
fold2_room1_mix0166,53,4,0,24,-1,14.30
fold2_room1_mix0166,53,4,0,-1,-2,15.54
fold2_room1_mix0166,54,4,0,-44,-16,1.56
fold2_room1_mix0166,54,4,0,8,-1,15.11
fold2_room1_mix0166,55,4,0,-20,-12,2.93
fold2_room1_mix0166,55,4,0,7,-2,12.05
fold2_room1_mix0166,56,4,0,-15,-8,4.69
fold2_room1_mix0166,56,4,0,4,-3,11.55
fold2_room1_mix0166,57,4,0,43,-4,8.81
fold2_room1_mix0166,57,4,0,2,-6,8.15
fold2_room1_mix0166,58,4,0,48,-3,8.75
fold2_room1_mix0166,58,4,0,3,-5,7.90
fold2_room1_mix0166,59,4,0,53,-2,10.30
fold2_room1_mix0166,59,4,0,0,-5,7.59
fold2_room1_mix0166,60,4,0,52,-4,9.38
fold2_room1_mix0166,60,4,0,-2,-4,8.38
fold2_room1_mix0166,61,4,0,55,-5,8.12
fold2_room1_mix0166,61,4,0,-2,-4,9.12
fold2_room1_mix0166,62,4,0,64,-5,7.30
fold2_room1_mix0166,62,4,0,-11,-2,9.99
fold2_room1_mix0166,62,4,0,3,-2,10.27
fold2_room1_mix0166,63,4,0,67,-5,7.26
fold2_room1_mix0166,63,4,0,-2,-2,10.80
fold2_room1_mix0166,64,4,0,80,-6,5.98
fold2_room1_mix0166,64,4,0,-4,-2,10.84
fold2_room1_mix0166,65,4,0,82,-5,6.94
fold2_room1_mix0166,65,4,0,-3,-2,11.54
fold2_room1_mix0166,66,4,0,88,-5,6.78
fold2_room1_mix0166,66,4,0,-5,-2,11.62
fold2_room1_mix0166,67,4,0,100,-6,6.58
fold2_room1_mix0166,67,4,0,-6,-2,11.44
fold2_room1_mix0166,68,4,0,107,-4,7.39
fold2_room1_mix0166,68,4,0,-8,-1,12.50
fold2_room1_mix0166,69,4,0,114,-4,7.54
fold2_room1_mix0166,69,4,0,-17,-2,11.67
fold2_room1_mix0166,69,4,0,1,-1,13.15
fold2_room1_mix0166,70,4,0,124,-4,7.89
fold2_room1_mix0166,70,4,0,-28,-2,10.59
fold2_room1_mix0166,70,4,0,-7,-1,13.62
fold2_room1_mix0166,71,4,0,126,-4,8.28
fold2_room1_mix0166,71,4,0,-27,-1,12.29
fold2_room1_mix0166,71,4,0,-6,-1,13.42
fold2_room1_mix0166,72,4,0,129,-4,8.64
fold2_room1_mix0166,72,4,0,-35,-3,10.42
fold2_room1_mix0166,72,4,0,-9,-2,13.84
fold2_room1_mix0166,73,4,0,134,-4,9.25
fold2_room1_mix0166,73,4,0,-46,-3,9.99
fold2_room1_mix0166,73,4,0,-2,-2,14.51
fold2_room1_mix0166,74,4,0,138,-4,9.08
fold2_room1_mix0166,74,4,0,-49,-4,9.17
fold2_room1_mix0166,74,4,0,-1,-2,17.17
fold2_room1_mix0166,75,4,0,144,-4,10.37
fold2_room1_mix0166,75,4,0,-48,-6,6.75
fold2_room1_mix0166,75,4,0,9,-2,18.37
fold2_room1_mix0166,76,4,0,144,-4,9.98
fold2_room1_mix0166,76,4,0,-54,-6,6.77
fold2_room1_mix0166,76,4,0,13,-1,19.78
fold2_room1_mix0166,77,4,0,141,-4,10.44
fold2_room1_mix0166,77,4,0,-65,-7,6.34
fold2_room1_mix0166,77,4,0,10,-3,15.83
fold2_room1_mix0166,78,4,0,145,-3,12.53
fold2_room1_mix0166,78,4,0,-77,-9,5.06
fold2_room1_mix0166,78,4,0,11,-1,22.28
fold2_room1_mix0166,79,4,0,143,-4,13.15
fold2_room1_mix0166,79,4,0,-85,-11,4.46
fold2_room1_mix0166,79,4,0,10,-3,18.97
fold2_room1_mix0166,80,4,0,145,-3,13.47
fold2_room1_mix0166,80,4,0,-89,-9,4.89
fold2_room1_mix0166,80,4,0,10,-1,22.01
fold2_room1_mix0166,81,4,0,138,-2,15.20
fold2_room1_mix0166,81,4,0,-92,-11,3.98
fold2_room1_mix0166,81,4,0,6,-2,19.77
fold2_room1_mix0166,82,4,0,140,-2,16.66
fold2_room1_mix0166,82,4,0,-96,-10,4.47
fold2_room1_mix0166,82,4,0,4,-1,24.06
fold2_room1_mix0166,83,4,0,139,-1,17.75
fold2_room1_mix0166,83,4,0,-95,-11,4.09
fold2_room1_mix0166,83,4,0,12,0,27.43
fold2_room1_mix0166,84,4,0,139,0,18.87
fold2_room1_mix0166,84,4,0,-102,-9,4.80
fold2_room1_mix0166,84,4,0,-20,-5,16.89
fold2_room1_mix0166,85,4,0,142,-1,19.08
fold2_room1_mix0166,85,4,0,-110,-9,4.98
fold2_room1_mix0166,85,4,0,-55,-8,13.11
fold2_room1_mix0166,86,4,0,146,0,19.43
fold2_room1_mix0166,86,4,0,-119,-9,4.94
fold2_room1_mix0166,86,4,0,-6,0,25.11
fold2_room1_mix0166,87,4,0,148,0,19.45
fold2_room1_mix0166,87,4,0,-121,-9,4.75
fold2_room1_mix0166,87,4,0,6,0,28.31
fold2_room1_mix0166,88,4,0,144,1,22.68
fold2_room1_mix0166,88,4,0,-122,-6,5.61
fold2_room1_mix0166,88,4,0,-17,-1,19.00
fold2_room1_mix0166,89,4,0,146,0,24.80
fold2_room1_mix0166,89,4,0,-127,-6,5.96
fold2_room1_mix0166,90,4,0,152,1,22.08
fold2_room1_mix0166,90,4,0,-131,-7,5.12
fold2_room1_mix0166,90,4,0,-4,1,23.49
fold2_room1_mix0166,91,4,0,148,1,28.95
fold2_room1_mix0166,91,4,0,-134,-6,7.73
fold2_room1_mix0166,92,4,0,155,1,26.93
fold2_room1_mix0166,92,4,0,-141,-6,6.38
fold2_room1_mix0166,93,4,0,154,2,29.10
fold2_room1_mix0166,93,4,0,-142,-6,6.10
fold2_room1_mix0166,94,4,0,155,2,33.74
fold2_room1_mix0166,94,4,0,-143,-6,6.64
fold2_room1_mix0166,95,4,0,157,2,30.95
fold2_room1_mix0166,95,4,0,-146,-5,6.84
fold2_room1_mix0166,96,4,0,162,2,28.76
fold2_room1_mix0166,96,4,0,-146,-5,7.07
fold2_room1_mix0166,97,4,0,159,2,35.41
fold2_room1_mix0166,97,4,0,-150,-5,9.91
fold2_room1_mix0166,98,4,0,161,1,32.30
fold2_room1_mix0166,98,4,0,-150,-4,8.56
fold2_room1_mix0166,99,4,0,160,1,34.93
fold2_room1_mix0166,99,4,0,-151,-5,10.77
fold2_room1_mix0167,3,4,0,-175,1,1.36
fold2_room1_mix0167,4,4,0,-175,0,3.35
fold2_room1_mix0167,5,4,0,-173,0,16.21
fold2_room1_mix0167,6,4,0,-174,0,17.64
fold2_room1_mix0167,7,4,0,-173,0,21.69
fold2_room1_mix0167,8,4,0,-173,0,32.04
fold2_room1_mix0167,9,4,0,-172,0,33.17
fold2_room1_mix0167,10,4,0,-173,0,35.16
fold2_room1_mix0167,11,4,0,-172,0,35.81
fold2_room1_mix0167,12,4,0,-171,0,35.47
fold2_room1_mix0167,13,4,0,-172,0,35.84
fold2_room1_mix0167,14,4,0,-170,0,36.42
fold2_room1_mix0167,15,4,0,-170,0,37.64
fold2_room1_mix0167,16,4,0,-171,0,37.08
fold2_room1_mix0167,17,4,0,-170,0,37.24
fold2_room1_mix0167,18,4,0,-168,0,37.13
fold2_room1_mix0167,19,4,0,-169,0,37.89
fold2_room1_mix0167,20,4,0,-169,0,39.37
fold2_room1_mix0167,21,4,0,-167,0,39.67
fold2_room1_mix0167,22,4,0,-167,0,38.96
fold2_room1_mix0167,23,4,0,-168,0,38.49
fold2_room1_mix0167,24,4,0,-167,0,39.72
fold2_room1_mix0167,25,4,0,-165,-1,37.30
fold2_room1_mix0167,26,4,0,-165,0,38.63
fold2_room1_mix0167,27,4,0,-164,0,38.90
fold2_room1_mix0167,28,4,0,-165,0,38.17
fold2_room1_mix0167,29,4,0,-164,0,36.81
fold2_room1_mix0167,30,3,0,134,-4,11.07
fold2_room1_mix0167,30,4,0,-160,0,36.47
fold2_room1_mix0167,31,3,0,128,-4,11.19
fold2_room1_mix0167,31,4,0,-159,-1,31.06
fold2_room1_mix0167,32,3,0,132,-4,10.57
fold2_room1_mix0167,32,4,0,-160,0,29.94
fold2_room1_mix0167,33,3,0,129,-4,10.52
fold2_room1_mix0167,33,4,0,-158,0,31.52
fold2_room1_mix0167,34,3,0,125,-4,10.09
fold2_room1_mix0167,34,4,0,-158,0,30.30
fold2_room1_mix0167,35,3,0,128,-3,11.16
fold2_room1_mix0167,35,4,0,-158,0,30.27
fold2_room1_mix0167,36,3,0,121,-3,9.93
fold2_room1_mix0167,36,4,0,-159,0,29.26
fold2_room1_mix0167,37,3,0,119,-4,8.81
fold2_room1_mix0167,37,4,0,-158,0,30.90
fold2_room1_mix0167,38,3,0,117,-3,8.39
fold2_room1_mix0167,38,4,0,-157,0,28.85
fold2_room1_mix0167,39,3,0,108,-3,8.14
fold2_room1_mix0167,39,4,0,-157,0,28.49
fold2_room1_mix0167,40,3,0,106,-3,6.06
fold2_room1_mix0167,40,4,0,-158,0,29.52
fold2_room1_mix0167,41,3,0,98,-3,5.03
fold2_room1_mix0167,41,4,0,-156,0,28.31
fold2_room1_mix0167,42,4,0,-157,0,29.55
fold2_room1_mix0167,43,3,0,125,-4,15.56
fold2_room1_mix0167,43,4,0,-155,0,29.27
fold2_room1_mix0167,44,3,0,123,-4,12.29
fold2_room1_mix0167,44,4,0,-156,0,27.45
fold2_room1_mix0167,45,3,0,125,-4,13.60
fold2_room1_mix0167,45,4,0,-154,0,30.04
fold2_room1_mix0167,46,3,0,118,-4,13.03
fold2_room1_mix0167,46,4,0,-152,0,30.26
fold2_room1_mix0167,47,3,0,118,-4,11.73
fold2_room1_mix0167,47,4,0,-152,-1,27.44
fold2_room1_mix0167,48,3,0,117,-4,12.03
fold2_room1_mix0167,48,4,0,-154,-1,28.75
fold2_room1_mix0167,49,3,0,115,-4,11.69
fold2_room1_mix0167,49,4,0,-152,-1,27.09
fold2_room1_mix0167,50,3,0,117,-5,11.48
fold2_room1_mix0167,50,4,0,-151,-1,28.24
fold2_room1_mix0167,51,3,0,118,-5,11.51
fold2_room1_mix0167,51,4,0,-150,-1,25.88
fold2_room1_mix0167,52,3,0,117,-5,10.33
fold2_room1_mix0167,52,4,0,-149,-1,23.72
fold2_room1_mix0167,53,3,0,119,-5,10.78
fold2_room1_mix0167,53,4,0,-148,-1,23.74
fold2_room1_mix0167,54,3,0,123,-6,7.22
fold2_room1_mix0167,54,4,0,-147,-1,19.92
fold2_room1_mix0167,55,3,0,123,-5,5.23
fold2_room1_mix0167,55,4,0,-144,-1,20.70
fold2_room1_mix0167,56,4,0,-143,-1,23.38
fold2_room1_mix0167,57,4,0,-141,-1,22.95
fold2_room1_mix0167,58,4,0,-141,-1,21.14
fold2_room1_mix0167,59,4,0,-140,-1,19.87
fold2_room1_mix0167,60,4,0,-140,-1,19.68
fold2_room1_mix0167,61,4,0,-137,-1,17.87
fold2_room1_mix0167,62,4,0,-136,-1,17.03
fold2_room1_mix0167,63,4,0,-136,-1,16.86
fold2_room1_mix0167,64,3,0,90,-4,9.26
fold2_room1_mix0167,64,4,0,-136,-2,18.27
fold2_room1_mix0167,65,3,0,86,-4,12.15
fold2_room1_mix0167,65,4,0,-135,-2,17.40
fold2_room1_mix0167,66,3,0,84,-4,11.06
fold2_room1_mix0167,66,4,0,-136,-2,17.52
fold2_room1_mix0167,67,4,0,-130,-2,16.56
fold2_room1_mix0167,68,4,0,-130,-2,14.57
fold2_room1_mix0167,69,4,0,-129,-2,14.66
fold2_room1_mix0167,70,4,0,-125,-2,14.32
fold2_room1_mix0167,71,4,0,-123,-2,14.00
fold2_room1_mix0167,72,4,0,-120,-2,13.86
fold2_room1_mix0167,73,4,0,-118,-2,13.56
fold2_room1_mix0167,74,4,0,-114,-3,12.82
fold2_room1_mix0167,75,4,0,-113,-3,12.69
fold2_room1_mix0167,76,4,0,-110,-3,12.80
fold2_room1_mix0167,77,4,0,-106,-3,12.71
fold2_room1_mix0167,78,4,0,-102,-3,12.72
fold2_room1_mix0167,79,4,0,-100,-3,12.54
fold2_room1_mix0167,80,4,0,-96,-3,12.55
fold2_room1_mix0167,81,4,0,-94,-3,12.10
fold2_room1_mix0167,82,4,0,-92,-3,12.09
fold2_room1_mix0167,83,4,0,-88,-3,12.03
fold2_room1_mix0167,84,4,0,-85,-3,12.22
fold2_room1_mix0167,85,4,0,-82,-3,12.01
fold2_room1_mix0167,86,4,0,-79,-3,12.43
fold2_room1_mix0167,87,4,0,-75,-3,12.43
fold2_room1_mix0167,88,4,0,-73,-3,12.97
fold2_room1_mix0167,89,4,0,-70,-3,13.29
fold2_room1_mix0167,90,4,0,-68,-3,13.63
fold2_room1_mix0167,91,4,0,-66,-3,14.10
fold2_room1_mix0167,92,4,0,-62,-3,14.24
fold2_room1_mix0167,93,4,0,-61,-3,14.48
fold2_room1_mix0167,94,4,0,-58,-2,15.26
fold2_room1_mix0167,95,4,0,-56,-2,15.51
fold2_room1_mix0167,96,4,0,-55,-2,16.00
fold2_room1_mix0167,97,4,0,-52,-2,16.50
fold2_room1_mix0167,98,4,0,-50,-2,17.00
fold2_room1_mix0167,99,4,0,-48,-2,17.27
fold2_room1_mix0168,69,1,0,-170,-2,21.31
fold2_room1_mix0168,70,1,0,-169,-2,43.93
fold2_room1_mix0168,71,1,0,-169,-2,4.63
fold2_room1_mix0168,72,1,0,-164,-3,9.66
fold2_room1_mix0168,73,1,0,-167,-2,24.71
fold2_room1_mix0168,74,1,0,-162,-2,31.19
fold2_room1_mix0168,75,1,0,-162,-1,38.60
fold2_room1_mix0168,76,1,0,-163,-2,12.99
fold2_room1_mix0168,78,1,0,-168,-2,31.38
fold2_room1_mix0168,79,1,0,-165,-2,27.83
fold2_room1_mix0168,80,1,0,-166,-1,24.74
fold2_room1_mix0168,81,1,0,-164,-2,30.35
fold2_room1_mix0168,83,1,0,-166,-2,22.74
fold2_room1_mix0168,84,1,0,-168,-2,14.30
fold2_room1_mix0168,85,1,0,-169,-1,14.73
fold2_room1_mix0168,86,1,0,-167,-2,22.29
fold2_room1_mix0168,88,1,0,-168,-2,11.18
fold2_room1_mix0168,89,1,0,-168,-2,11.70
fold2_room1_mix0169,25,4,0,7,-1,11.61
fold2_room1_mix0169,26,4,0,9,-2,11.74
fold2_room1_mix0169,27,4,0,9,-2,13.63
fold2_room1_mix0169,28,4,0,14,-2,13.43
fold2_room1_mix0169,29,4,0,17,-3,13.44
fold2_room1_mix0169,30,4,0,15,-3,12.25
fold2_room1_mix0169,31,4,0,15,-3,10.92
fold2_room1_mix0169,32,4,0,18,-4,9.44
fold2_room1_mix0169,33,4,0,21,-4,8.60
fold2_room1_mix0169,34,4,0,23,-4,6.84
fold2_room1_mix0169,35,4,0,26,-5,5.89
fold2_room1_mix0169,36,4,0,28,-6,4.91
fold2_room1_mix0169,37,4,0,34,-7,4.29
fold2_room1_mix0169,38,4,0,40,-9,3.35
fold2_room1_mix0169,39,4,0,60,-11,2.89
fold2_room1_mix0169,40,4,0,78,-13,2.64
fold2_room1_mix0169,41,4,0,105,-11,2.61
fold2_room1_mix0169,42,4,0,125,-9,2.97
fold2_room1_mix0169,43,4,0,141,-6,3.79
fold2_room1_mix0169,44,4,0,147,-5,4.52
fold2_room1_mix0169,45,4,0,152,-4,5.35
fold2_room1_mix0169,46,4,0,158,-3,6.40
fold2_room1_mix0169,47,4,0,163,-2,7.58
fold2_room1_mix0169,48,4,0,166,-2,8.02
fold2_room1_mix0169,49,4,0,166,-2,8.92
fold2_room1_mix0169,50,4,0,168,-2,8.90
fold2_room1_mix0169,50,4,0,-176,-1,11.15
fold2_room1_mix0169,51,4,0,169,-1,9.26
fold2_room1_mix0169,51,4,0,-165,0,12.05
fold2_room1_mix0169,52,4,0,166,-1,10.88
fold2_room1_mix0169,52,4,0,-137,0,13.68
fold2_room1_mix0169,53,4,0,169,0,11.99
fold2_room1_mix0169,53,4,0,-136,0,13.71
fold2_room1_mix0169,54,4,0,171,-1,11.87
fold2_room1_mix0169,54,4,0,-132,0,14.20
fold2_room1_mix0169,55,4,0,170,0,12.93
fold2_room1_mix0169,55,4,0,-134,0,14.37
fold2_room1_mix0169,56,4,0,173,0,14.60
fold2_room1_mix0169,56,4,0,-131,-1,14.33
fold2_room1_mix0169,57,4,0,174,0,14.42
fold2_room1_mix0169,57,4,0,-123,-1,12.96
fold2_room1_mix0169,58,4,0,-170,0,14.26
fold2_room1_mix0169,58,4,0,-117,-1,11.87
fold2_room1_mix0169,59,4,0,-148,0,13.91
fold2_room1_mix0169,59,4,0,-116,-1,12.07
fold2_room1_mix0169,60,4,0,-153,0,13.29
fold2_room1_mix0169,60,4,0,-129,0,13.45
fold2_room1_mix0169,60,4,0,-102,-2,11.20
fold2_room1_mix0169,61,4,0,-136,-2,12.29
fold2_room1_mix0169,61,4,0,-99,-3,9.71
fold2_room1_mix0169,62,4,0,-126,-2,11.15
fold2_room1_mix0169,62,4,0,-89,-3,9.35
fold2_room1_mix0169,63,4,0,-111,-3,10.14
fold2_room1_mix0169,63,4,0,-94,-4,8.66
fold2_room1_mix0169,64,4,0,-89,-4,9.19
fold2_room1_mix0169,65,4,0,-85,-4,9.73
fold2_room1_mix0169,66,4,0,-82,-4,9.97
fold2_room1_mix0169,67,4,0,-73,-4,10.07
fold2_room1_mix0169,68,4,0,-70,-4,10.63
fold2_room1_mix0169,69,4,0,-67,-4,10.50
fold2_room1_mix0169,70,4,0,-64,-3,11.31
fold2_room1_mix0169,71,4,0,-64,-2,11.51
fold2_room1_mix0169,72,4,0,-63,-3,11.26
fold2_room1_mix0169,73,4,0,-60,-2,13.07
fold2_room1_mix0169,74,4,0,-57,-2,12.55
fold2_room1_mix0169,75,4,0,-60,-2,13.35
fold2_room1_mix0169,76,4,0,-56,-1,13.49
fold2_room1_mix0169,77,4,0,-61,-1,10.01
fold2_room1_mix0169,78,4,0,-58,-1,8.89
fold2_room1_mix0170,2,4,0,176,0,1.87
fold2_room1_mix0170,2,4,0,2,0,1.60
fold2_room1_mix0170,3,4,0,179,1,5.08
fold2_room1_mix0170,3,4,0,0,1,4.68
fold2_room1_mix0170,4,4,0,179,0,17.37
fold2_room1_mix0170,4,4,0,4,0,14.60
fold2_room1_mix0170,5,4,0,178,0,18.21
fold2_room1_mix0170,5,4,0,2,0,15.31
fold2_room1_mix0170,6,4,0,178,0,21.35
fold2_room1_mix0170,6,4,0,3,0,18.55
fold2_room1_mix0170,7,4,0,177,0,27.81
fold2_room1_mix0170,7,4,0,4,0,22.95
fold2_room1_mix0170,8,4,0,178,0,36.96
fold2_room1_mix0170,8,4,0,4,-1,32.19
fold2_room1_mix0170,9,4,0,177,0,39.23
fold2_room1_mix0170,9,4,0,4,-1,34.65
fold2_room1_mix0170,10,4,0,177,-1,35.06
fold2_room1_mix0170,10,4,0,3,-1,32.43
fold2_room1_mix0170,11,4,0,178,0,38.32
fold2_room1_mix0170,11,4,0,5,-1,34.05
fold2_room1_mix0170,12,4,0,178,0,37.26
fold2_room1_mix0170,12,4,0,3,-1,32.42
fold2_room1_mix0170,13,4,0,179,0,38.47
fold2_room1_mix0170,13,4,0,4,0,33.39
fold2_room1_mix0170,14,4,0,178,0,41.24
fold2_room1_mix0170,14,4,0,4,0,33.75
fold2_room1_mix0170,15,4,0,178,0,43.77
fold2_room1_mix0170,15,4,0,5,0,33.65
fold2_room1_mix0170,16,4,0,179,0,42.02
fold2_room1_mix0170,16,4,0,4,0,33.45
fold2_room1_mix0170,17,4,0,177,0,46.80
fold2_room1_mix0170,17,4,0,4,0,35.69
fold2_room1_mix0170,18,4,0,178,0,45.59
fold2_room1_mix0170,18,4,0,5,0,35.64
fold2_room1_mix0170,19,4,0,179,0,46.78
fold2_room1_mix0170,19,4,0,4,-1,35.00
fold2_room1_mix0170,20,4,0,178,0,47.37
fold2_room1_mix0170,20,4,0,5,0,37.47
fold2_room1_mix0170,21,4,0,178,0,47.64
fold2_room1_mix0170,21,4,0,5,0,35.33
fold2_room1_mix0170,22,4,0,179,0,48.63
fold2_room1_mix0170,22,4,0,5,-1,36.41
fold2_room1_mix0170,23,4,0,179,0,43.34
fold2_room1_mix0170,23,4,0,5,-1,33.55
fold2_room1_mix0170,24,4,0,179,0,39.70
fold2_room1_mix0170,24,4,0,4,-1,31.31
fold2_room1_mix0170,25,4,0,179,0,40.84
fold2_room1_mix0170,25,4,0,4,-1,30.84
fold2_room1_mix0170,26,4,0,-178,0,39.55
fold2_room1_mix0170,26,4,0,6,-1,30.00
fold2_room1_mix0170,27,4,0,-177,-1,37.17
fold2_room1_mix0170,27,4,0,5,-1,28.34
fold2_room1_mix0170,28,4,0,-178,-1,36.90
fold2_room1_mix0170,28,4,0,6,-2,25.86
fold2_room1_mix0170,29,4,0,179,-1,32.94
fold2_room1_mix0170,29,4,0,4,-2,23.96
fold2_room1_mix0170,30,4,0,-177,-1,33.91
fold2_room1_mix0170,30,4,0,7,-3,23.66
fold2_room1_mix0170,31,4,0,-179,0,32.74
fold2_room1_mix0170,31,4,0,6,-2,22.60
fold2_room1_mix0170,32,4,0,-178,-1,30.04
fold2_room1_mix0170,32,4,0,4,-2,21.73
fold2_room1_mix0170,33,4,0,-178,-1,28.91
fold2_room1_mix0170,33,4,0,7,-3,19.37
fold2_room1_mix0170,34,4,0,179,0,31.44
fold2_room1_mix0170,34,4,0,8,-3,18.27
fold2_room1_mix0170,35,4,0,-178,-1,27.26
fold2_room1_mix0170,35,4,0,7,-3,16.92
fold2_room1_mix0170,36,4,0,-178,0,28.13
fold2_room1_mix0170,36,4,0,9,-4,14.34
fold2_room1_mix0170,37,4,0,-178,0,28.56
fold2_room1_mix0170,37,4,0,12,-5,12.17
fold2_room1_mix0170,38,4,0,-179,0,28.02
fold2_room1_mix0170,38,4,0,16,-5,11.60
fold2_room1_mix0170,39,4,0,179,0,29.56
fold2_room1_mix0170,39,4,0,17,-6,10.75
fold2_room1_mix0170,40,4,0,-178,0,30.46
fold2_room1_mix0170,40,4,0,28,-10,4.35
fold2_room1_mix0170,40,4,0,13,-3,16.30
fold2_room1_mix0170,41,4,0,178,0,27.37
fold2_room1_mix0170,41,4,0,38,-12,3.09
fold2_room1_mix0170,41,4,0,12,-2,18.26
fold2_room1_mix0170,42,4,0,175,0,23.68
fold2_room1_mix0170,42,4,0,54,-14,2.34
fold2_room1_mix0170,42,4,0,12,-1,21.40
fold2_room1_mix0170,43,4,0,174,0,21.85
fold2_room1_mix0170,43,4,0,84,-13,2.37
fold2_room1_mix0170,43,4,0,13,0,24.50
fold2_room1_mix0170,44,4,0,177,0,20.67
fold2_room1_mix0170,44,4,0,119,-12,2.25
fold2_room1_mix0170,44,4,0,9,0,25.09
fold2_room1_mix0170,45,4,0,178,0,19.53
fold2_room1_mix0170,45,4,0,134,-10,2.35
fold2_room1_mix0170,45,4,0,8,1,24.54
fold2_room1_mix0170,46,4,0,178,0,18.16
fold2_room1_mix0170,46,4,0,144,-8,3.03
fold2_room1_mix0170,46,4,0,8,0,23.66
fold2_room1_mix0170,47,4,0,177,0,15.34
fold2_room1_mix0170,47,4,0,150,-7,3.41
fold2_room1_mix0170,47,4,0,9,0,22.14
fold2_room1_mix0170,48,4,0,177,0,14.70
fold2_room1_mix0170,48,4,0,153,-6,3.77
fold2_room1_mix0170,48,4,0,8,0,21.54
fold2_room1_mix0170,49,4,0,178,-1,12.83
fold2_room1_mix0170,49,4,0,159,-5,5.09
fold2_room1_mix0170,49,4,0,10,0,19.74
fold2_room1_mix0170,50,4,0,178,-1,13.23
fold2_room1_mix0170,50,4,0,163,-5,5.44
fold2_room1_mix0170,50,4,0,10,0,20.52
fold2_room1_mix0170,51,4,0,173,-2,9.68
fold2_room1_mix0170,51,4,0,10,0,19.38
fold2_room1_mix0170,52,4,0,175,-3,9.75
fold2_room1_mix0170,52,4,0,11,-1,18.72
fold2_room1_mix0170,53,4,0,177,-3,9.89
fold2_room1_mix0170,53,4,0,10,-1,18.68
fold2_room1_mix0170,54,4,0,178,-2,9.77
fold2_room1_mix0170,54,4,0,10,-1,18.78
fold2_room1_mix0170,55,4,0,179,-3,11.32
fold2_room1_mix0170,55,4,0,10,-1,19.48
fold2_room1_mix0170,56,4,0,-179,-3,10.76
fold2_room1_mix0170,56,4,0,13,-1,19.12
fold2_room1_mix0170,57,4,0,-177,-2,11.22
fold2_room1_mix0170,57,4,0,13,-2,16.10
fold2_room1_mix0170,58,4,0,-174,-3,10.25
fold2_room1_mix0170,58,4,0,16,-2,15.01
fold2_room1_mix0170,59,4,0,-172,-3,10.45
fold2_room1_mix0170,59,4,0,15,-2,14.14
fold2_room1_mix0170,60,4,0,176,-2,11.97
fold2_room1_mix0170,60,4,0,-156,-4,9.64
fold2_room1_mix0170,60,4,0,17,-3,11.46
fold2_room1_mix0170,61,4,0,-178,-3,10.37
fold2_room1_mix0170,61,4,0,-159,-4,8.26
fold2_room1_mix0170,61,4,0,19,-4,10.33
fold2_room1_mix0170,62,4,0,-178,-3,10.07
fold2_room1_mix0170,62,4,0,-152,-5,7.24
fold2_room1_mix0170,62,4,0,22,-4,10.09
fold2_room1_mix0170,63,4,0,-173,-4,9.07
fold2_room1_mix0170,63,4,0,-154,-6,6.67
fold2_room1_mix0170,63,4,0,21,-5,9.55
fold2_room1_mix0170,64,4,0,-168,-3,10.27
fold2_room1_mix0170,64,4,0,-151,-7,5.15
fold2_room1_mix0170,64,4,0,21,-5,8.63
fold2_room1_mix0170,65,4,0,-155,-8,6.30
fold2_room1_mix0170,65,4,0,20,-4,10.07
fold2_room1_mix0170,66,4,0,-144,-8,6.09
fold2_room1_mix0170,66,4,0,14,-4,10.63
fold2_room1_mix0170,67,4,0,-95,-19,1.72
fold2_room1_mix0170,67,4,0,20,-5,10.08
fold2_room1_mix0170,67,4,0,4,-4,11.69
fold2_room1_mix0170,68,4,0,-67,-19,1.23
fold2_room1_mix0170,68,4,0,25,-5,9.39
fold2_room1_mix0170,68,4,0,0,-4,11.86
fold2_room1_mix0170,70,4,0,92,-7,8.17
fold2_room1_mix0170,70,4,0,-35,-16,2.56
fold2_room1_mix0170,70,4,0,13,-5,8.26
fold2_room1_mix0170,71,4,0,111,-5,7.69
fold2_room1_mix0170,71,4,0,-4,-10,4.29
fold2_room1_mix0170,72,4,0,78,-7,6.12
fold2_room1_mix0170,72,4,0,-7,-8,4.88
fold2_room1_mix0170,73,4,0,80,-9,4.45
fold2_room1_mix0170,73,4,0,-4,-6,5.15
fold2_room1_mix0170,74,4,0,87,-7,5.21
fold2_room1_mix0170,74,4,0,-7,-4,6.28
fold2_room1_mix0170,75,4,0,97,-7,5.42
fold2_room1_mix0170,75,4,0,-9,-4,6.97
fold2_room1_mix0170,76,4,0,101,-6,5.63
fold2_room1_mix0170,76,4,0,-6,-3,8.41
fold2_room1_mix0170,77,4,0,116,-6,5.18
fold2_room1_mix0170,77,4,0,-6,-2,8.91
fold2_room1_mix0170,78,4,0,124,-5,5.60
fold2_room1_mix0170,78,4,0,-5,-2,10.70
fold2_room1_mix0170,79,4,0,130,-4,6.30
fold2_room1_mix0170,79,4,0,-4,-2,10.92
fold2_room1_mix0170,80,4,0,134,-4,6.55
fold2_room1_mix0170,80,4,0,-4,-2,11.66
fold2_room1_mix0170,81,4,0,138,-4,6.93
fold2_room1_mix0170,81,4,0,-3,-2,11.73
fold2_room1_mix0170,82,4,0,139,-3,8.05
fold2_room1_mix0170,82,4,0,-3,-2,12.75
fold2_room1_mix0170,83,4,0,143,-3,8.33
fold2_room1_mix0170,83,4,0,-1,-2,13.78
fold2_room1_mix0170,84,4,0,146,-3,8.75
fold2_room1_mix0170,84,4,0,-3,-1,14.74
fold2_room1_mix0170,85,4,0,147,-3,9.27
fold2_room1_mix0170,85,4,0,-2,-1,16.48
fold2_room1_mix0170,86,4,0,150,-2,10.54
fold2_room1_mix0170,86,4,0,-3,-1,18.64
fold2_room1_mix0170,87,4,0,148,-2,10.83
fold2_room1_mix0170,87,4,0,-2,-1,19.49
fold2_room1_mix0170,88,4,0,149,-2,10.71
fold2_room1_mix0170,88,4,0,-1,-1,21.24
fold2_room1_mix0170,89,4,0,153,-2,11.04
fold2_room1_mix0170,89,4,0,-1,-1,22.34
fold2_room1_mix0170,90,4,0,153,-2,12.10
fold2_room1_mix0170,90,4,0,0,-1,23.07
fold2_room1_mix0170,91,4,0,155,-2,12.50
fold2_room1_mix0170,91,4,0,-1,0,24.20
fold2_room1_mix0170,92,4,0,155,-2,12.78
fold2_room1_mix0170,92,4,0,-1,-1,23.44
fold2_room1_mix0170,93,4,0,156,-2,13.35
fold2_room1_mix0170,93,4,0,-1,0,24.32
fold2_room1_mix0170,94,4,0,157,-2,15.28
fold2_room1_mix0170,94,4,0,-2,0,26.31
fold2_room1_mix0170,95,4,0,159,-2,15.04
fold2_room1_mix0170,95,4,0,-2,0,26.75
fold2_room1_mix0170,96,4,0,161,-2,15.53
fold2_room1_mix0170,96,4,0,-2,0,27.75
fold2_room1_mix0170,97,4,0,163,-1,17.64
fold2_room1_mix0170,97,4,0,-2,0,32.86
fold2_room1_mix0170,98,4,0,163,-1,17.57
fold2_room1_mix0170,98,4,0,-2,0,32.78
fold2_room1_mix0170,99,4,0,164,-1,17.07
fold2_room1_mix0170,99,4,0,-3,0,32.62
fold2_room1_mix0170,69,4,0,8,-8,6.59
fold2_room1_mix0171,0,5,0,-83,4,5.70
fold2_room1_mix0171,1,5,0,-95,5,10.45
fold2_room1_mix0171,2,5,0,-101,4,10.57
fold2_room1_mix0171,3,5,0,-85,4,11.38
fold2_room1_mix0171,4,5,0,-89,4,10.92
fold2_room1_mix0171,5,5,0,-84,5,12.31
fold2_room1_mix0171,6,4,0,171,0,5.80
fold2_room1_mix0171,6,5,0,-83,5,12.59
fold2_room1_mix0171,7,4,0,170,1,4.33
fold2_room1_mix0171,7,5,0,-84,6,11.08
fold2_room1_mix0171,8,5,0,-84,5,11.06
fold2_room1_mix0171,9,4,0,171,1,5.17
fold2_room1_mix0171,9,5,0,-77,5,11.96
fold2_room1_mix0171,10,5,0,-85,6,8.14
fold2_room1_mix0171,11,4,0,168,2,1.90
fold2_room1_mix0171,11,5,0,-83,5,9.98
fold2_room1_mix0171,12,4,0,165,0,10.30
fold2_room1_mix0171,12,5,0,-79,5,9.95
fold2_room1_mix0171,13,4,0,170,0,5.32
fold2_room1_mix0171,13,5,0,-85,6,9.92
fold2_room1_mix0171,14,4,0,168,0,26.97
fold2_room1_mix0171,14,5,0,-85,6,10.70
fold2_room1_mix0171,15,4,0,166,0,12.59
fold2_room1_mix0171,15,5,0,-79,6,8.89
fold2_room1_mix0171,16,4,0,167,0,12.77
fold2_room1_mix0171,16,5,0,-84,6,8.99
fold2_room1_mix0171,17,4,0,168,0,21.88
fold2_room1_mix0171,17,5,0,-85,6,10.28
fold2_room1_mix0171,18,4,0,165,0,16.51
fold2_room1_mix0171,18,5,0,-84,6,10.41
fold2_room1_mix0171,19,4,0,168,0,4.96
fold2_room1_mix0171,19,5,0,-83,5,12.08
fold2_room1_mix0171,20,4,0,169,0,9.64
fold2_room1_mix0171,20,5,0,-82,6,10.46
fold2_room1_mix0171,21,4,0,166,0,11.62
fold2_room1_mix0171,21,5,0,-81,6,10.80
fold2_room1_mix0171,22,4,0,169,0,15.93
fold2_room1_mix0171,22,5,0,-82,6,10.96
fold2_room1_mix0171,23,4,0,169,0,11.34
fold2_room1_mix0171,23,5,0,-80,6,10.45
fold2_room1_mix0171,24,4,0,170,0,21.45
fold2_room1_mix0171,24,5,0,-83,7,9.29
fold2_room1_mix0171,25,4,0,170,0,21.30
fold2_room1_mix0171,25,5,0,-84,6,11.69
fold2_room1_mix0171,26,4,0,167,0,19.72
fold2_room1_mix0171,26,5,0,-83,6,9.45
fold2_room1_mix0171,27,4,0,171,0,21.24
fold2_room1_mix0171,27,5,0,-88,7,9.76
fold2_room1_mix0171,28,4,0,167,0,18.97
fold2_room1_mix0171,28,5,0,-84,6,9.78
fold2_room1_mix0171,29,4,0,167,0,20.35
fold2_room1_mix0171,29,5,0,-86,7,9.01
fold2_room1_mix0171,30,4,0,171,0,21.53
fold2_room1_mix0171,30,5,0,-86,7,9.63
fold2_room1_mix0171,31,4,0,170,0,20.66
fold2_room1_mix0171,31,5,0,-88,7,10.05
fold2_room1_mix0171,32,4,0,170,0,20.61
fold2_room1_mix0171,32,5,0,-84,7,10.28
fold2_room1_mix0171,33,4,0,169,0,20.76
fold2_room1_mix0171,33,5,0,-89,6,10.83
fold2_room1_mix0171,34,4,0,170,0,21.70
fold2_room1_mix0171,34,5,0,-87,6,9.61
fold2_room1_mix0171,35,4,0,169,0,19.91
fold2_room1_mix0171,35,5,0,-85,7,9.84
fold2_room1_mix0171,36,4,0,167,0,19.21
fold2_room1_mix0171,36,5,0,-88,7,9.77
fold2_room1_mix0171,37,4,0,170,0,19.31
fold2_room1_mix0171,37,5,0,-85,6,10.18
fold2_room1_mix0171,38,4,0,170,0,19.55
fold2_room1_mix0171,38,5,0,-87,6,10.10
fold2_room1_mix0171,39,4,0,169,0,18.30
fold2_room1_mix0171,39,5,0,-86,6,10.24
fold2_room1_mix0171,40,4,0,167,0,18.76
fold2_room1_mix0171,40,5,0,-88,6,9.48
fold2_room1_mix0171,41,4,0,168,0,18.77
fold2_room1_mix0171,41,5,0,-87,6,10.35
fold2_room1_mix0171,42,4,0,167,0,18.42
fold2_room1_mix0171,42,5,0,-81,6,9.32
fold2_room1_mix0171,43,4,0,168,0,19.03
fold2_room1_mix0171,43,5,0,-84,6,9.60
fold2_room1_mix0171,44,4,0,169,-1,16.82
fold2_room1_mix0171,44,5,0,-84,6,10.02
fold2_room1_mix0171,45,4,0,174,-1,16.80
fold2_room1_mix0171,45,4,0,155,0,20.20
fold2_room1_mix0171,45,5,0,-82,6,9.42
fold2_room1_mix0171,46,4,0,171,0,17.85
fold2_room1_mix0171,46,5,0,-78,6,9.86
fold2_room1_mix0171,47,4,0,169,-1,15.89
fold2_room1_mix0171,47,5,0,-79,6,9.39
fold2_room1_mix0171,48,4,0,176,-1,15.51
fold2_room1_mix0171,48,4,0,155,-1,17.11
fold2_room1_mix0171,48,5,0,-82,7,8.43
fold2_room1_mix0171,49,4,0,170,-1,15.04
fold2_room1_mix0171,49,5,0,-82,6,9.73
fold2_room1_mix0171,50,4,0,169,-2,13.85
fold2_room1_mix0171,50,5,0,-79,6,10.46
fold2_room1_mix0171,51,4,0,166,-2,13.93
fold2_room1_mix0171,51,5,0,-81,6,10.84
fold2_room1_mix0171,52,4,0,168,-2,12.49
fold2_room1_mix0171,52,5,0,-82,6,10.80
fold2_room1_mix0171,53,4,0,167,-2,12.44
fold2_room1_mix0171,53,5,0,-82,6,10.66
fold2_room1_mix0171,54,4,0,166,-2,11.38
fold2_room1_mix0171,54,5,0,-81,6,10.21
fold2_room1_mix0171,55,4,0,168,-3,10.02
fold2_room1_mix0171,55,5,0,-84,6,10.86
fold2_room1_mix0171,56,4,0,166,-3,9.48
fold2_room1_mix0171,56,5,0,-82,6,10.30
fold2_room1_mix0171,57,4,0,166,-3,8.72
fold2_room1_mix0171,57,5,0,-84,6,10.80
fold2_room1_mix0171,58,4,0,165,-4,8.31
fold2_room1_mix0171,58,5,0,-80,6,10.41
fold2_room1_mix0171,59,4,0,163,-4,7.87
fold2_room1_mix0171,59,5,0,-80,6,10.62
fold2_room1_mix0171,60,4,0,161,-5,6.75
fold2_room1_mix0171,60,5,0,-82,6,9.92
fold2_room1_mix0171,61,4,0,165,-6,5.53
fold2_room1_mix0171,61,4,0,143,-3,8.11
fold2_room1_mix0171,61,5,0,-79,6,9.09
fold2_room1_mix0171,62,4,0,162,-7,5.44
fold2_room1_mix0171,62,5,0,-82,6,10.23
fold2_room1_mix0171,63,4,0,156,-8,4.51
fold2_room1_mix0171,63,5,0,-87,6,10.33
fold2_room1_mix0171,64,4,0,151,-9,4.23
fold2_room1_mix0171,64,5,0,-84,5,10.73
fold2_room1_mix0171,65,4,0,144,-13,3.49
fold2_room1_mix0171,65,5,0,-82,6,9.92
fold2_room1_mix0171,66,4,0,135,-16,3.04
fold2_room1_mix0171,66,5,0,-87,5,10.60
fold2_room1_mix0171,67,4,0,117,-21,2.45
fold2_room1_mix0171,67,5,0,-84,6,10.18
fold2_room1_mix0171,68,4,0,93,-21,2.45
fold2_room1_mix0171,68,5,0,-89,6,9.47
fold2_room1_mix0171,69,4,0,71,-21,2.33
fold2_room1_mix0171,69,5,0,-75,5,10.23
fold2_room1_mix0171,70,4,0,67,-15,2.87
fold2_room1_mix0171,70,4,0,46,-14,2.41
fold2_room1_mix0171,70,5,0,-78,6,9.78
fold2_room1_mix0171,71,4,0,41,-12,3.39
fold2_room1_mix0171,71,5,0,-77,5,10.72
fold2_room1_mix0171,72,4,0,90,-8,6.57
fold2_room1_mix0171,72,4,0,30,-9,3.84
fold2_room1_mix0171,72,5,0,-81,6,10.19
fold2_room1_mix0171,73,4,0,89,-8,6.42
fold2_room1_mix0171,73,4,0,26,-8,3.97
fold2_room1_mix0171,73,5,0,-83,5,10.86
fold2_room1_mix0171,74,4,0,66,-9,5.88
fold2_room1_mix0171,74,4,0,24,-9,4.10
fold2_room1_mix0171,74,5,0,-82,5,9.76
fold2_room1_mix0171,75,4,0,105,-5,8.60
fold2_room1_mix0171,75,4,0,18,-6,5.21
fold2_room1_mix0171,75,5,0,-84,5,10.09
fold2_room1_mix0171,76,4,0,93,-5,8.75
fold2_room1_mix0171,76,4,0,19,-6,5.60
fold2_room1_mix0171,76,5,0,-81,5,10.32
fold2_room1_mix0171,77,4,0,102,-5,9.62
fold2_room1_mix0171,77,4,0,17,-6,6.17
fold2_room1_mix0171,77,5,0,-81,5,9.41
fold2_room1_mix0171,78,4,0,96,-3,11.81
fold2_room1_mix0171,78,4,0,15,-5,6.32
fold2_room1_mix0171,78,5,0,-83,5,10.17
fold2_room1_mix0171,79,4,0,93,-3,10.55
fold2_room1_mix0171,79,4,0,15,-5,6.37
fold2_room1_mix0171,79,5,0,-75,5,10.07
fold2_room1_mix0171,80,4,0,93,-3,11.16
fold2_room1_mix0171,80,4,0,12,-5,7.74
fold2_room1_mix0171,80,5,0,-76,6,9.17
fold2_room1_mix0171,81,4,0,78,-3,11.66
fold2_room1_mix0171,81,4,0,11,-4,8.01
fold2_room1_mix0171,81,5,0,-80,5,10.36
fold2_room1_mix0171,82,4,0,64,-3,12.00
fold2_room1_mix0171,82,4,0,12,-4,8.11
fold2_room1_mix0171,82,5,0,-77,5,10.39
fold2_room1_mix0171,83,4,0,77,-3,11.50
fold2_room1_mix0171,83,4,0,10,-4,9.06
fold2_room1_mix0171,83,5,0,-78,5,11.32
fold2_room1_mix0171,84,4,0,71,-3,12.36
fold2_room1_mix0171,84,4,0,9,-4,9.73
fold2_room1_mix0171,84,5,0,-79,5,10.59
fold2_room1_mix0171,85,4,0,57,-3,13.62
fold2_room1_mix0171,85,4,0,8,-3,11.00
fold2_room1_mix0171,85,5,0,-80,5,11.08
fold2_room1_mix0171,86,4,0,59,-3,12.63
fold2_room1_mix0171,86,4,0,8,-3,11.45
fold2_room1_mix0171,86,5,0,-83,5,11.04
fold2_room1_mix0171,87,4,0,52,-3,13.55
fold2_room1_mix0171,87,4,0,8,-3,12.38
fold2_room1_mix0171,87,5,0,-82,5,11.01
fold2_room1_mix0171,88,4,0,50,-3,13.83
fold2_room1_mix0171,88,4,0,9,-2,13.52
fold2_room1_mix0171,88,5,0,-85,5,10.88
fold2_room1_mix0171,89,4,0,48,-3,14.94
fold2_room1_mix0171,89,4,0,9,-2,13.60
fold2_room1_mix0171,89,5,0,-85,5,12.20
fold2_room1_mix0171,90,4,0,38,-3,14.23
fold2_room1_mix0171,90,4,0,10,-2,14.44
fold2_room1_mix0171,90,5,0,-83,5,10.62
fold2_room1_mix0171,91,4,0,37,-3,15.90
fold2_room1_mix0171,91,4,0,8,-2,16.70
fold2_room1_mix0171,91,5,0,-85,5,11.16
fold2_room1_mix0171,92,4,0,34,-3,16.31
fold2_room1_mix0171,92,4,0,9,-2,16.16
fold2_room1_mix0171,92,5,0,-85,5,10.86
fold2_room1_mix0171,93,4,0,28,-3,16.68
fold2_room1_mix0171,93,4,0,10,-2,17.00
fold2_room1_mix0171,93,5,0,-85,5,10.07
fold2_room1_mix0171,94,4,0,27,-3,17.79
fold2_room1_mix0171,94,4,0,8,-2,19.47
fold2_room1_mix0171,94,5,0,-86,5,10.73
fold2_room1_mix0171,95,4,0,15,-2,18.07
fold2_room1_mix0171,95,5,0,-83,5,11.02
fold2_room1_mix0171,96,4,0,13,-2,18.69
fold2_room1_mix0171,96,5,0,-87,5,10.67
fold2_room1_mix0171,97,4,0,14,-2,19.20
fold2_room1_mix0171,97,5,0,-89,5,11.47
fold2_room1_mix0171,98,4,0,14,-2,18.46
fold2_room1_mix0171,98,5,0,-81,5,11.06
fold2_room1_mix0171,99,4,0,17,-1,19.92
fold2_room1_mix0171,99,5,0,-81,4,12.06
fold2_room1_mix0172,6,4,0,-149,0,5.99
fold2_room1_mix0172,8,4,0,-155,0,4.15
fold2_room1_mix0172,9,4,0,-143,-1,11.14
fold2_room1_mix0172,10,4,0,-145,0,9.56
fold2_room1_mix0172,11,4,0,-139,-1,13.21
fold2_room1_mix0172,12,4,0,-142,-1,17.16
fold2_room1_mix0172,13,4,0,-141,-1,15.98
fold2_room1_mix0172,14,4,0,-143,-1,15.32
fold2_room1_mix0172,15,4,0,-138,-1,17.15
fold2_room1_mix0172,16,4,0,-140,-1,18.01
fold2_room1_mix0172,17,4,0,-136,-1,18.45
fold2_room1_mix0172,18,4,0,-139,-1,17.59
fold2_room1_mix0172,19,4,0,-138,-1,18.07
fold2_room1_mix0172,20,4,0,-136,-1,17.00
fold2_room1_mix0172,21,4,0,-136,-1,18.03
fold2_room1_mix0172,22,4,0,-133,-1,17.33
fold2_room1_mix0172,23,4,0,-134,-1,18.00
fold2_room1_mix0172,24,4,0,-135,-1,18.10
fold2_room1_mix0172,25,4,0,-137,-1,19.17
fold2_room1_mix0172,26,4,0,-134,-1,18.35
fold2_room1_mix0172,27,4,0,-133,-1,17.87
fold2_room1_mix0172,28,4,0,-134,-1,17.84
fold2_room1_mix0172,29,4,0,-129,-1,16.67
fold2_room1_mix0172,30,4,0,-130,-1,17.50
fold2_room1_mix0172,31,4,0,-129,-1,16.82
fold2_room1_mix0172,32,4,0,-129,-1,16.59
fold2_room1_mix0172,33,4,0,-127,-1,16.54
fold2_room1_mix0172,34,4,0,-127,-1,16.64
fold2_room1_mix0172,35,4,0,-126,-1,16.35
fold2_room1_mix0172,36,4,0,-125,-1,16.55
fold2_room1_mix0172,37,4,0,-127,-1,16.78
fold2_room1_mix0172,38,4,0,-125,-1,16.29
fold2_room1_mix0172,39,4,0,-125,-1,17.14
fold2_room1_mix0172,40,4,0,-126,-1,16.20
fold2_room1_mix0172,41,4,0,-125,-1,15.91
fold2_room1_mix0172,42,4,0,-124,-1,15.53
fold2_room1_mix0172,43,4,0,-123,-1,16.07
fold2_room1_mix0172,44,4,0,-121,-1,15.29
fold2_room1_mix0172,45,4,0,-120,-1,14.87
fold2_room1_mix0172,46,4,0,-119,-1,15.31
fold2_room1_mix0172,47,4,0,-115,-1,14.91
fold2_room1_mix0172,48,4,0,-114,-2,14.23
fold2_room1_mix0172,49,4,0,-114,-1,14.83
fold2_room1_mix0172,50,4,0,-113,-2,14.50
fold2_room1_mix0172,51,4,0,-107,-2,14.47
fold2_room1_mix0172,52,4,0,-107,-2,14.39
fold2_room1_mix0172,53,4,0,-105,-2,13.75
fold2_room1_mix0172,54,4,0,-101,-2,13.81
fold2_room1_mix0172,55,4,0,-102,-2,14.18
fold2_room1_mix0172,56,4,0,-102,-2,13.68
fold2_room1_mix0172,57,4,0,-98,-2,14.80
fold2_room1_mix0172,58,3,0,-133,-5,10.32
fold2_room1_mix0172,58,4,0,-97,-3,16.33
fold2_room1_mix0172,59,3,0,-133,-5,11.83
fold2_room1_mix0172,59,4,0,-93,-3,15.70
fold2_room1_mix0172,60,3,0,-130,-4,13.60
fold2_room1_mix0172,60,4,0,-94,-3,14.13
fold2_room1_mix0172,61,3,0,-139,-4,14.33
fold2_room1_mix0172,61,4,0,-94,-3,14.21
fold2_room1_mix0172,62,3,0,-150,-5,14.55
fold2_room1_mix0172,62,3,0,-152,-5,14.61
fold2_room1_mix0172,62,4,0,-94,-4,15.17
fold2_room1_mix0172,63,3,0,-147,-4,14.54
fold2_room1_mix0172,63,3,0,-149,-4,14.56
fold2_room1_mix0172,63,4,0,-91,-4,15.20
fold2_room1_mix0172,64,3,0,-154,-5,15.96
fold2_room1_mix0172,64,3,0,-157,-5,15.94
fold2_room1_mix0172,64,4,0,-93,-4,14.21
fold2_room1_mix0172,65,3,0,-160,-5,16.01
fold2_room1_mix0172,65,3,0,-164,-5,16.01
fold2_room1_mix0172,65,4,0,-91,-3,14.86
fold2_room1_mix0172,66,3,0,-158,-4,14.12
fold2_room1_mix0172,66,3,0,-161,-4,14.14
fold2_room1_mix0172,66,4,0,-91,-3,15.61
fold2_room1_mix0172,67,3,0,-145,-4,9.55
fold2_room1_mix0172,67,4,0,-85,-3,16.92
fold2_room1_mix0172,68,4,0,-86,-2,15.87
fold2_room1_mix0172,69,4,0,-80,-3,15.21
fold2_room1_mix0172,70,4,0,-77,-2,14.96
fold2_room1_mix0172,71,4,0,-75,-2,15.77
fold2_room1_mix0172,72,3,0,-161,-4,10.12
fold2_room1_mix0172,72,4,0,-77,-3,15.26
fold2_room1_mix0172,73,3,0,-155,-4,13.93
fold2_room1_mix0172,73,4,0,-71,-3,16.57
fold2_room1_mix0172,74,3,0,-159,-3,16.21
fold2_room1_mix0172,74,4,0,-73,-3,16.23
fold2_room1_mix0172,75,3,0,-166,-3,17.50
fold2_room1_mix0172,75,4,0,-74,-3,15.39
fold2_room1_mix0172,76,4,0,-68,-3,14.86
fold2_room1_mix0172,77,4,0,-66,-2,15.19
fold2_room1_mix0172,78,4,0,-65,-2,14.59
fold2_room1_mix0172,79,4,0,-63,-2,14.53
fold2_room1_mix0172,80,4,0,-63,-2,14.58
fold2_room1_mix0172,81,4,0,-62,-1,15.14
fold2_room1_mix0172,82,4,0,-61,-2,15.22
fold2_room1_mix0172,83,4,0,-59,-2,15.12
fold2_room1_mix0172,84,4,0,-58,-1,16.10
fold2_room1_mix0172,85,4,0,-58,-2,16.00
fold2_room1_mix0172,86,4,0,-56,-1,15.75
fold2_room1_mix0172,87,4,0,-54,-1,16.89
fold2_room1_mix0172,88,4,0,-55,-1,17.17
fold2_room1_mix0172,89,4,0,-53,-1,17.34
fold2_room1_mix0172,90,4,0,-53,-1,17.83
fold2_room1_mix0172,91,4,0,-53,-1,18.39
fold2_room1_mix0172,92,4,0,-52,-1,17.69
fold2_room1_mix0172,93,4,0,-52,-1,18.42
fold2_room1_mix0172,94,4,0,-50,0,19.68
fold2_room1_mix0172,95,4,0,-51,0,19.28
fold2_room1_mix0172,96,4,0,-49,0,19.70
fold2_room1_mix0172,97,4,0,-48,0,21.15
fold2_room1_mix0172,98,4,0,-49,0,20.53
fold2_room1_mix0172,99,4,0,-50,-1,19.25
fold2_room1_mix0173,4,4,0,-17,0,11.91
fold2_room1_mix0173,5,4,0,-18,0,15.77
fold2_room1_mix0173,6,4,0,-17,0,19.37
fold2_room1_mix0173,7,4,0,-18,0,26.17
fold2_room1_mix0173,8,4,0,-18,0,31.83
fold2_room1_mix0173,9,4,0,-20,-1,31.46
fold2_room1_mix0173,10,4,0,-18,-1,31.42
fold2_room1_mix0173,11,4,0,-20,0,30.98
fold2_room1_mix0173,12,4,0,-20,0,31.69
fold2_room1_mix0173,13,4,0,-21,0,30.09
fold2_room1_mix0173,14,4,0,-21,0,31.14
fold2_room1_mix0173,15,4,0,-22,-1,30.62
fold2_room1_mix0173,16,4,0,-23,-1,29.22
fold2_room1_mix0173,17,4,0,-24,-1,29.17
fold2_room1_mix0173,18,4,0,-25,-1,29.52
fold2_room1_mix0173,19,4,0,-24,-1,29.81
fold2_room1_mix0173,20,4,0,-26,-1,29.87
fold2_room1_mix0173,21,4,0,-27,-1,28.96
fold2_room1_mix0173,22,4,0,-26,-1,29.07
fold2_room1_mix0173,23,4,0,-28,-1,28.33
fold2_room1_mix0173,24,4,0,-29,-1,28.51
fold2_room1_mix0173,25,4,0,-29,-1,28.36
fold2_room1_mix0173,26,4,0,-30,-1,28.41
fold2_room1_mix0173,27,4,0,-31,-1,28.50
fold2_room1_mix0173,28,4,0,-31,-1,28.92
fold2_room1_mix0173,29,4,0,-32,-1,27.28
fold2_room1_mix0173,30,4,0,-31,0,28.54
fold2_room1_mix0173,31,4,0,-33,-1,27.65
fold2_room1_mix0173,32,4,0,-34,-1,26.98
fold2_room1_mix0173,33,4,0,-33,0,27.54
fold2_room1_mix0173,34,4,0,-34,-1,26.63
fold2_room1_mix0173,35,4,0,-34,-1,26.85
fold2_room1_mix0173,36,4,0,-36,0,25.68
fold2_room1_mix0173,37,4,0,-37,0,24.68
fold2_room1_mix0173,38,4,0,-37,0,24.83
fold2_room1_mix0173,39,4,0,-39,0,23.78
fold2_room1_mix0173,40,4,0,-40,0,23.76
fold2_room1_mix0173,41,4,0,-39,0,23.97
fold2_room1_mix0173,42,4,0,-41,0,23.20
fold2_room1_mix0173,43,4,0,-43,0,23.39
fold2_room1_mix0173,44,4,0,-43,0,23.05
fold2_room1_mix0173,45,4,0,-45,0,22.37
fold2_room1_mix0173,46,4,0,-46,0,23.00
fold2_room1_mix0173,47,4,0,-47,0,22.14
fold2_room1_mix0173,48,4,0,-47,-1,21.18
fold2_room1_mix0173,49,4,0,-48,-1,21.14
fold2_room1_mix0173,50,4,0,-48,-1,20.25
fold2_room1_mix0173,51,4,0,-50,-1,19.42
fold2_room1_mix0173,52,4,0,-50,-1,20.02
fold2_room1_mix0173,53,4,0,-51,-1,19.46
fold2_room1_mix0173,54,4,0,-51,-1,19.30
fold2_room1_mix0173,55,4,0,-53,-1,18.95
fold2_room1_mix0173,56,4,0,-54,-1,18.64
fold2_room1_mix0173,57,4,0,-55,-1,18.36
fold2_room1_mix0173,58,4,0,-56,-1,17.73
fold2_room1_mix0173,59,4,0,-58,-1,17.70
fold2_room1_mix0173,60,4,0,-59,-1,17.21
fold2_room1_mix0173,61,4,0,-61,-1,16.62
fold2_room1_mix0173,62,4,0,-63,-1,16.32
fold2_room1_mix0173,63,4,0,-64,-1,15.89
fold2_room1_mix0173,64,4,0,-66,-2,15.68
fold2_room1_mix0173,65,4,0,-68,-2,15.26
fold2_room1_mix0173,66,4,0,-71,-2,15.10
fold2_room1_mix0173,67,4,0,-72,-2,14.80
fold2_room1_mix0173,68,4,0,-74,-2,15.27
fold2_room1_mix0173,69,4,0,-76,-2,15.32
fold2_room1_mix0173,70,4,0,-77,-2,15.15
fold2_room1_mix0173,71,4,0,-80,-2,15.19
fold2_room1_mix0173,72,4,0,-81,-2,14.99
fold2_room1_mix0173,73,4,0,-82,-2,15.15
fold2_room1_mix0173,74,4,0,-84,-2,14.69
fold2_room1_mix0173,75,4,0,-86,-2,14.85
fold2_room1_mix0173,76,4,0,-87,-2,14.68
fold2_room1_mix0173,77,4,0,-88,-2,14.51
fold2_room1_mix0173,78,4,0,-89,-2,14.65
fold2_room1_mix0173,79,4,0,-90,-2,14.39
fold2_room1_mix0173,80,4,0,-91,-2,14.21
fold2_room1_mix0173,81,4,0,-94,-2,14.30
fold2_room1_mix0173,82,4,0,-96,-2,14.32
fold2_room1_mix0173,83,4,0,-97,-2,14.45
fold2_room1_mix0173,84,4,0,-99,-2,14.77
fold2_room1_mix0173,85,4,0,-101,-3,14.51
fold2_room1_mix0173,86,4,0,-103,-2,14.75
fold2_room1_mix0173,87,4,0,-105,-2,14.95
fold2_room1_mix0173,88,4,0,-106,-2,15.28
fold2_room1_mix0173,89,4,0,-108,-2,15.48
fold2_room1_mix0173,90,4,0,-110,-2,15.40
fold2_room1_mix0173,91,4,0,-110,-2,15.76
fold2_room1_mix0173,92,4,0,-112,-2,15.71
fold2_room1_mix0173,93,4,0,-112,-2,15.33
fold2_room1_mix0173,94,4,0,-114,-2,16.27
fold2_room1_mix0173,95,4,0,-115,-2,15.96
fold2_room1_mix0173,96,4,0,-117,-2,16.02
fold2_room1_mix0173,97,4,0,-118,-1,16.79
fold2_room1_mix0173,98,4,0,-119,-2,16.80
fold2_room1_mix0173,99,4,0,-121,-1,17.74
fold2_room1_mix0173,3,4,0,-14,0,3.16
fold2_room1_mix0174,17,0,0,-156,-2,7.35
fold2_room1_mix0174,18,0,0,-152,-3,8.42
fold2_room1_mix0174,19,0,0,-150,-2,10.03
fold2_room1_mix0174,20,0,0,-148,-2,14.64
fold2_room1_mix0174,21,0,0,-145,-3,14.99
fold2_room1_mix0174,22,0,0,-147,-3,15.53
fold2_room1_mix0174,22,4,0,163,0,2.44
fold2_room1_mix0174,23,0,0,-143,-3,14.68
fold2_room1_mix0174,23,4,0,156,-2,12.37
fold2_room1_mix0174,24,0,0,-144,-3,14.82
fold2_room1_mix0174,24,4,0,162,-1,2.99
fold2_room1_mix0174,25,0,0,-142,-3,15.36
fold2_room1_mix0174,25,4,0,161,-3,16.77
fold2_room1_mix0174,26,0,0,-145,-3,14.46
fold2_room1_mix0174,26,4,0,165,-3,16.59
fold2_room1_mix0174,27,0,0,-145,-3,14.02
fold2_room1_mix0174,27,4,0,167,-3,18.71
fold2_room1_mix0174,28,0,0,-146,-3,14.32
fold2_room1_mix0174,28,4,0,167,-3,18.36
fold2_room1_mix0174,29,0,0,-145,-3,14.09
fold2_room1_mix0174,29,4,0,170,-4,15.05
fold2_room1_mix0174,30,0,0,-147,-3,13.59
fold2_room1_mix0174,30,4,0,169,-4,16.19
fold2_room1_mix0174,31,0,0,-145,-3,13.66
fold2_room1_mix0174,31,4,0,167,-3,15.88
fold2_room1_mix0174,32,0,0,-145,-3,12.83
fold2_room1_mix0174,32,4,0,156,-3,16.03
fold2_room1_mix0174,33,0,0,-143,-3,13.80
fold2_room1_mix0174,33,4,0,161,-3,16.23
fold2_room1_mix0174,34,0,0,-143,-3,13.79
fold2_room1_mix0174,34,4,0,164,-3,15.85
fold2_room1_mix0174,35,0,0,-145,-3,13.81
fold2_room1_mix0174,35,4,0,165,-3,14.50
fold2_room1_mix0174,36,0,0,-144,-3,15.01
fold2_room1_mix0174,36,4,0,164,-4,14.21
fold2_room1_mix0174,37,0,0,-141,-3,13.50
fold2_room1_mix0174,37,4,0,166,-4,14.26
fold2_room1_mix0174,38,0,0,-144,-3,14.51
fold2_room1_mix0174,38,4,0,162,-4,14.81
fold2_room1_mix0174,39,0,0,-146,-3,15.07
fold2_room1_mix0174,39,4,0,159,-3,14.44
fold2_room1_mix0174,40,0,0,-142,-3,14.05
fold2_room1_mix0174,40,4,0,159,-3,14.85
fold2_room1_mix0174,41,0,0,-142,-3,14.66
fold2_room1_mix0174,41,4,0,160,-4,13.90
fold2_room1_mix0174,42,0,0,-139,-3,15.07
fold2_room1_mix0174,42,4,0,157,-4,14.60
fold2_room1_mix0174,43,0,0,-137,-3,13.78
fold2_room1_mix0174,43,4,0,155,-4,15.50
fold2_room1_mix0174,44,0,0,-133,-4,12.46
fold2_room1_mix0174,44,4,0,156,-4,15.00
fold2_room1_mix0174,45,0,0,-131,-4,12.01
fold2_room1_mix0174,45,4,0,157,-4,13.39
fold2_room1_mix0174,46,0,0,-128,-4,11.31
fold2_room1_mix0174,46,4,0,153,-3,15.47
fold2_room1_mix0174,47,0,0,-125,-4,11.61
fold2_room1_mix0174,47,4,0,151,-3,15.10
fold2_room1_mix0174,48,0,0,-124,-4,10.90
fold2_room1_mix0174,48,4,0,151,-4,13.98
fold2_room1_mix0174,49,0,0,-122,-5,11.41
fold2_room1_mix0174,49,4,0,154,-4,13.86
fold2_room1_mix0174,49,4,0,136,-4,14.82
fold2_room1_mix0174,50,0,0,-123,-5,10.56
fold2_room1_mix0174,50,4,0,142,-4,12.90
fold2_room1_mix0174,51,0,0,-118,-5,10.34
fold2_room1_mix0174,51,4,0,137,-4,13.28
fold2_room1_mix0174,52,0,0,-118,-5,10.29
fold2_room1_mix0174,52,4,0,144,-5,14.08
fold2_room1_mix0174,53,0,0,-116,-5,10.06
fold2_room1_mix0174,53,4,0,138,-5,13.72
fold2_room1_mix0174,54,0,0,-108,-6,9.26
fold2_room1_mix0174,54,4,0,140,-5,13.29
fold2_room1_mix0174,55,0,0,-107,-6,10.47
fold2_room1_mix0174,55,4,0,139,-5,14.64
fold2_room1_mix0174,56,0,0,-103,-5,10.90
fold2_room1_mix0174,56,4,0,130,-4,14.22
fold2_room1_mix0174,57,0,0,-100,-6,10.77
fold2_room1_mix0174,57,4,0,125,-4,13.41
fold2_room1_mix0174,58,0,0,-96,-6,10.19
fold2_room1_mix0174,58,4,0,123,-4,12.85
fold2_room1_mix0174,59,0,0,-98,-6,10.25
fold2_room1_mix0174,59,4,0,127,-4,13.63
fold2_room1_mix0174,60,0,0,-93,-5,10.35
fold2_room1_mix0174,60,4,0,124,-4,12.74
fold2_room1_mix0174,61,0,0,-86,-5,10.78
fold2_room1_mix0174,61,4,0,122,-4,12.03
fold2_room1_mix0174,62,0,0,-83,-5,10.88
fold2_room1_mix0174,62,4,0,122,-4,11.92
fold2_room1_mix0174,63,0,0,-78,-5,10.26
fold2_room1_mix0174,63,4,0,121,-4,12.17
fold2_room1_mix0174,64,0,0,-75,-5,10.45
fold2_room1_mix0174,64,4,0,117,-5,11.34
fold2_room1_mix0174,65,0,0,-71,-5,10.90
fold2_room1_mix0174,65,4,0,118,-4,11.96
fold2_room1_mix0174,66,0,0,-67,-5,9.88
fold2_room1_mix0174,66,4,0,114,-5,11.58
fold2_room1_mix0174,67,0,0,-61,-5,9.94
fold2_room1_mix0174,67,4,0,114,-4,11.89
fold2_room1_mix0174,68,0,0,-57,-4,10.29
fold2_room1_mix0174,68,4,0,113,-4,12.16
fold2_room1_mix0174,69,0,0,-52,-4,10.47
fold2_room1_mix0174,69,4,0,112,-4,11.80
fold2_room1_mix0174,70,0,0,-49,-4,10.63
fold2_room1_mix0174,70,4,0,110,-4,11.83
fold2_room1_mix0174,71,0,0,-46,-4,11.63
fold2_room1_mix0174,71,4,0,109,-4,11.83
fold2_room1_mix0174,72,0,0,-46,-4,11.58
fold2_room1_mix0174,72,4,0,111,-4,11.47
fold2_room1_mix0174,73,0,0,-46,-4,12.60
fold2_room1_mix0174,73,4,0,108,-4,11.50
fold2_room1_mix0174,74,0,0,-55,-4,9.89
fold2_room1_mix0174,74,4,0,107,-4,10.76
fold2_room1_mix0174,75,0,0,-64,-4,5.86
fold2_room1_mix0174,75,4,0,104,-4,11.49
fold2_room1_mix0174,76,4,0,103,-4,11.39
fold2_room1_mix0174,77,4,0,103,-4,11.10
fold2_room1_mix0174,78,4,0,99,-3,11.95
fold2_room1_mix0174,79,4,0,99,-4,11.33
fold2_room1_mix0174,80,4,0,96,-4,11.00
fold2_room1_mix0174,81,4,0,96,-4,11.49
fold2_room1_mix0174,82,4,0,91,-4,10.82
fold2_room1_mix0174,83,4,0,92,-4,10.69
fold2_room1_mix0174,84,4,0,87,-4,10.92
fold2_room1_mix0174,85,4,0,86,-4,10.58
fold2_room1_mix0174,86,4,0,86,-4,10.78
fold2_room1_mix0174,87,4,0,84,-4,10.89
fold2_room1_mix0174,88,4,0,82,-4,10.76
fold2_room1_mix0174,89,4,0,81,-4,10.88
fold2_room1_mix0174,90,4,0,78,-4,10.92
fold2_room1_mix0174,91,4,0,75,-4,11.52
fold2_room1_mix0174,92,4,0,75,-4,11.14
fold2_room1_mix0174,93,4,0,72,-4,10.82
fold2_room1_mix0174,94,4,0,71,-3,11.69
fold2_room1_mix0174,95,4,0,69,-3,11.48
fold2_room1_mix0174,96,4,0,67,-3,11.18
fold2_room1_mix0174,97,4,0,67,-3,12.10
fold2_room1_mix0174,98,4,0,64,-3,11.90
fold2_room1_mix0174,99,4,0,64,-3,11.33
fold2_room1_mix0175,2,4,0,-1,0,2.27
fold2_room1_mix0175,3,4,0,0,0,4.56
fold2_room1_mix0175,4,4,0,3,-1,14.08
fold2_room1_mix0175,5,4,0,2,-1,14.24
fold2_room1_mix0175,6,4,0,1,-1,15.71
fold2_room1_mix0175,7,4,0,3,-1,23.35
fold2_room1_mix0175,8,4,0,3,-1,24.25
fold2_room1_mix0175,9,4,0,1,-2,24.47
fold2_room1_mix0175,10,4,0,2,-2,24.10
fold2_room1_mix0175,11,4,0,2,-1,23.91
fold2_room1_mix0175,12,4,0,3,-1,25.19
fold2_room1_mix0175,13,4,0,2,-1,25.16
fold2_room1_mix0175,14,4,0,3,-1,25.59
fold2_room1_mix0175,15,4,0,3,-1,24.19
fold2_room1_mix0175,16,4,0,4,-1,22.66
fold2_room1_mix0175,17,4,0,4,-1,25.55
fold2_room1_mix0175,18,4,0,4,-1,24.11
fold2_room1_mix0175,19,4,0,3,-1,23.71
fold2_room1_mix0175,20,4,0,4,-1,24.56
fold2_room1_mix0175,21,4,0,4,-1,25.71
fold2_room1_mix0175,22,4,0,4,-1,24.46
fold2_room1_mix0175,23,4,0,3,-1,23.61
fold2_room1_mix0175,24,4,0,4,-1,22.48
fold2_room1_mix0175,25,4,0,5,-1,24.27
fold2_room1_mix0175,26,4,0,4,-1,22.02
fold2_room1_mix0175,27,4,0,5,-1,23.52
fold2_room1_mix0175,28,4,0,5,-1,22.16
fold2_room1_mix0175,29,4,0,7,-1,23.22
fold2_room1_mix0175,30,4,0,5,-1,22.12
fold2_room1_mix0175,31,4,0,5,-1,22.01
fold2_room1_mix0175,32,4,0,5,-1,20.76
fold2_room1_mix0175,33,4,0,5,-1,22.56
fold2_room1_mix0175,34,4,0,5,-1,20.67
fold2_room1_mix0175,35,4,0,5,-1,20.20
fold2_room1_mix0175,36,4,0,5,-1,20.57
fold2_room1_mix0175,37,4,0,5,-1,20.17
fold2_room1_mix0175,38,4,0,3,-1,19.57
fold2_room1_mix0175,39,4,0,4,-1,18.02
fold2_room1_mix0175,40,4,0,4,-1,17.17
fold2_room1_mix0175,41,4,0,4,-1,17.02
fold2_room1_mix0175,42,4,0,4,-1,16.00
fold2_room1_mix0175,43,4,0,5,-2,16.37
fold2_room1_mix0175,44,4,0,4,-2,15.57
fold2_room1_mix0175,45,4,0,5,-2,15.63
fold2_room1_mix0175,46,4,0,5,-2,15.30
fold2_room1_mix0175,47,4,0,4,-2,15.08
fold2_room1_mix0175,48,4,0,5,-2,14.58
fold2_room1_mix0175,49,4,0,5,-2,14.90
fold2_room1_mix0175,50,4,0,5,-2,13.53
fold2_room1_mix0175,51,4,0,5,-2,13.25
fold2_room1_mix0175,52,4,0,5,-2,13.48
fold2_room1_mix0175,53,4,0,7,-2,13.28
fold2_room1_mix0175,54,4,0,6,-2,12.63
fold2_room1_mix0175,55,4,0,6,-2,11.98
fold2_room1_mix0175,56,4,0,5,-3,11.56
fold2_room1_mix0175,57,4,0,5,-3,11.38
fold2_room1_mix0175,58,4,0,4,-3,10.41
fold2_room1_mix0175,59,4,0,6,-3,10.07
fold2_room1_mix0175,60,4,0,5,-3,9.42
fold2_room1_mix0175,61,4,0,6,-4,8.97
fold2_room1_mix0175,62,4,0,8,-3,8.44
fold2_room1_mix0175,63,4,0,9,-4,7.54
fold2_room1_mix0175,64,4,0,8,-4,7.06
fold2_room1_mix0175,65,4,0,9,-4,6.90
fold2_room1_mix0175,66,4,0,12,-4,6.03
fold2_room1_mix0175,67,4,0,12,-5,5.50
fold2_room1_mix0175,68,4,0,11,-5,5.39
fold2_room1_mix0175,69,4,0,13,-6,5.27
fold2_room1_mix0175,70,4,0,15,-6,4.72
fold2_room1_mix0175,71,4,0,16,-6,4.35
fold2_room1_mix0175,72,4,0,18,-6,4.19
fold2_room1_mix0175,73,4,0,21,-7,3.77
fold2_room1_mix0175,74,4,0,22,-7,3.23
fold2_room1_mix0175,75,4,0,27,-9,2.95
fold2_room1_mix0175,76,4,0,32,-10,2.48
fold2_room1_mix0175,77,4,0,42,-12,2.09
fold2_room1_mix0175,78,4,0,51,-14,1.92
fold2_room1_mix0175,79,4,0,74,-17,1.68
fold2_room1_mix0175,80,4,0,95,-19,1.58
fold2_room1_mix0175,81,4,0,120,-15,1.81
fold2_room1_mix0175,82,4,0,133,-13,1.87
fold2_room1_mix0175,83,4,0,141,-11,2.08
fold2_room1_mix0175,84,4,0,149,-10,2.50
fold2_room1_mix0175,85,4,0,152,-9,2.90
fold2_room1_mix0175,86,4,0,158,-8,3.08
fold2_room1_mix0175,87,4,0,160,-7,3.50
fold2_room1_mix0175,88,4,0,163,-7,3.77
fold2_room1_mix0175,89,4,0,165,-6,4.12
fold2_room1_mix0175,90,4,0,167,-5,4.40
fold2_room1_mix0175,91,4,0,169,-5,4.84
fold2_room1_mix0175,92,4,0,169,-5,4.81
fold2_room1_mix0175,93,4,0,170,-4,5.59
fold2_room1_mix0175,94,4,0,170,-4,5.87
fold2_room1_mix0175,95,4,0,171,-4,6.08
fold2_room1_mix0175,96,4,0,172,-4,6.40
fold2_room1_mix0175,97,4,0,172,-3,7.69
fold2_room1_mix0175,98,4,0,172,-3,7.53
fold2_room1_mix0175,99,4,0,172,-3,7.32
fold2_room1_mix0175,1,4,0,-2,0,1.72
fold2_room1_mix0176,0,5,0,-59,7,3.45
fold2_room1_mix0176,1,5,0,-75,9,4.00
fold2_room1_mix0176,2,5,0,-71,10,3.68
fold2_room1_mix0176,3,5,0,-74,14,2.73
fold2_room1_mix0176,4,5,0,-68,11,3.65
fold2_room1_mix0176,5,5,0,-75,10,5.39
fold2_room1_mix0176,6,5,0,-80,10,4.92
fold2_room1_mix0176,7,5,0,-76,12,3.52
fold2_room1_mix0176,8,5,0,-86,10,4.48
fold2_room1_mix0176,9,5,0,-83,10,4.48
fold2_room1_mix0176,10,5,0,-89,10,4.93
fold2_room1_mix0176,11,5,0,-90,12,3.80
fold2_room1_mix0176,12,5,0,-91,10,4.29
fold2_room1_mix0176,13,5,0,-93,10,4.71
fold2_room1_mix0176,14,5,0,-94,10,4.56
fold2_room1_mix0176,15,5,0,-92,11,3.87
fold2_room1_mix0176,16,5,0,-94,10,4.21
fold2_room1_mix0176,17,5,0,-98,10,4.21
fold2_room1_mix0176,18,5,0,-104,9,5.33
fold2_room1_mix0176,19,5,0,-102,10,4.00
fold2_room1_mix0176,20,5,0,-103,10,4.56
fold2_room1_mix0176,21,5,0,-107,10,4.26
fold2_room1_mix0176,22,5,0,-110,9,4.48
fold2_room1_mix0176,23,5,0,-115,9,4.56
fold2_room1_mix0176,24,5,0,-115,9,4.47
fold2_room1_mix0176,25,5,0,-114,9,4.32
fold2_room1_mix0176,26,4,0,16,0,12.90
fold2_room1_mix0176,26,5,0,-114,9,4.53
fold2_room1_mix0176,27,5,0,-121,10,3.99
fold2_room1_mix0176,28,4,0,21,-1,13.16
fold2_room1_mix0176,28,5,0,-123,10,3.96
fold2_room1_mix0176,29,4,0,24,0,7.44
fold2_room1_mix0176,29,5,0,-123,10,4.16
fold2_room1_mix0176,30,4,0,22,-1,15.28
fold2_room1_mix0176,30,5,0,-124,9,4.02
fold2_room1_mix0176,31,4,0,23,-1,8.57
fold2_room1_mix0176,31,5,0,-124,8,4.35
fold2_room1_mix0176,32,4,0,25,-1,14.56
fold2_room1_mix0176,32,5,0,-128,9,4.33
fold2_room1_mix0176,33,4,0,25,-2,14.85
fold2_room1_mix0176,33,5,0,-126,9,3.91
fold2_room1_mix0176,34,4,0,26,-2,13.98
fold2_room1_mix0176,34,5,0,-127,7,4.83
fold2_room1_mix0176,35,4,0,29,-2,13.76
fold2_room1_mix0176,35,5,0,-129,9,4.06
fold2_room1_mix0176,36,4,0,27,-2,12.90
fold2_room1_mix0176,36,5,0,-135,8,4.62
fold2_room1_mix0176,37,4,0,37,-3,11.07
fold2_room1_mix0176,37,4,0,16,-1,13.09
fold2_room1_mix0176,37,5,0,-135,8,4.68
fold2_room1_mix0176,38,4,0,40,-2,11.19
fold2_room1_mix0176,38,4,0,15,-1,12.76
fold2_room1_mix0176,38,5,0,-135,9,4.22
fold2_room1_mix0176,39,4,0,34,-3,10.10
fold2_room1_mix0176,39,4,0,10,-1,13.75
fold2_room1_mix0176,39,5,0,-139,7,4.85
fold2_room1_mix0176,40,4,0,39,-3,9.66
fold2_room1_mix0176,40,4,0,5,-1,13.38
fold2_room1_mix0176,40,5,0,-140,8,4.68
fold2_room1_mix0176,41,4,0,40,-4,8.65
fold2_room1_mix0176,41,4,0,2,-1,12.83
fold2_room1_mix0176,41,5,0,-140,7,4.69
fold2_room1_mix0176,42,4,0,52,-3,9.83
fold2_room1_mix0176,42,4,0,27,-3,9.32
fold2_room1_mix0176,42,4,0,4,-1,13.33
fold2_room1_mix0176,42,5,0,-141,7,5.05
fold2_room1_mix0176,43,4,0,56,-4,8.83
fold2_room1_mix0176,43,4,0,37,-4,8.61
fold2_room1_mix0176,43,4,0,6,-2,12.66
fold2_room1_mix0176,43,5,0,-142,8,4.79
fold2_room1_mix0176,44,4,0,59,-3,8.74
fold2_room1_mix0176,44,4,0,33,-3,8.32
fold2_room1_mix0176,44,4,0,3,-2,11.74
fold2_room1_mix0176,44,5,0,-143,8,4.92
fold2_room1_mix0176,45,4,0,61,-4,8.23
fold2_room1_mix0176,45,4,0,43,-4,8.10
fold2_room1_mix0176,45,4,0,4,-2,11.94
fold2_room1_mix0176,45,5,0,-141,8,5.37
fold2_room1_mix0176,46,4,0,66,-4,8.03
fold2_room1_mix0176,46,4,0,9,-3,9.26
fold2_room1_mix0176,46,5,0,-146,8,5.11
fold2_room1_mix0176,47,4,0,74,-5,8.10
fold2_room1_mix0176,47,4,0,6,-5,8.13
fold2_room1_mix0176,47,5,0,-145,7,6.02
fold2_room1_mix0176,48,4,0,81,-5,7.70
fold2_room1_mix0176,48,4,0,2,-5,7.61
fold2_room1_mix0176,48,5,0,-145,6,6.16
fold2_room1_mix0176,49,4,0,80,-4,8.29
fold2_room1_mix0176,49,4,0,6,-6,6.79
fold2_room1_mix0176,49,5,0,-146,6,6.73
fold2_room1_mix0176,50,4,0,87,-4,8.10
fold2_room1_mix0176,50,4,0,1,-6,6.41
fold2_room1_mix0176,50,5,0,-154,6,6.19
fold2_room1_mix0176,51,4,0,88,-4,8.55
fold2_room1_mix0176,51,4,0,5,-5,6.83
fold2_room1_mix0176,51,5,0,-150,7,6.08
fold2_room1_mix0176,52,4,0,90,-5,8.81
fold2_room1_mix0176,52,4,0,0,-7,5.94
fold2_room1_mix0176,52,5,0,-150,6,6.87
fold2_room1_mix0176,53,4,0,110,-5,9.60
fold2_room1_mix0176,53,4,0,-1,-8,5.28
fold2_room1_mix0176,53,5,0,-148,6,7.12
fold2_room1_mix0176,54,4,0,105,-4,9.55
fold2_room1_mix0176,54,4,0,-5,-10,4.35
fold2_room1_mix0176,54,5,0,-152,7,6.75
fold2_room1_mix0176,55,4,0,112,-4,10.75
fold2_room1_mix0176,55,4,0,-10,-11,4.35
fold2_room1_mix0176,55,5,0,-152,5,6.79
fold2_room1_mix0176,56,4,0,116,-3,10.94
fold2_room1_mix0176,56,4,0,-19,-13,3.55
fold2_room1_mix0176,56,5,0,-152,6,6.81
fold2_room1_mix0176,57,4,0,125,-3,10.89
fold2_room1_mix0176,57,4,0,-19,-14,3.45
fold2_room1_mix0176,57,5,0,-150,6,7.31
fold2_room1_mix0176,58,4,0,128,-2,10.30
fold2_room1_mix0176,58,4,0,-30,-18,2.71
fold2_room1_mix0176,58,5,0,-148,6,6.54
fold2_room1_mix0176,59,4,0,133,-1,11.63
fold2_room1_mix0176,59,4,0,-40,-22,2.77
fold2_room1_mix0176,59,5,0,-148,7,6.32
fold2_room1_mix0176,60,4,0,131,0,12.16
fold2_room1_mix0176,60,4,0,-88,-23,2.01
fold2_room1_mix0176,60,5,0,-149,6,6.65
fold2_room1_mix0176,61,4,0,139,0,11.98
fold2_room1_mix0176,61,4,0,-148,-15,3.70
fold2_room1_mix0176,61,4,0,-117,-24,1.73
fold2_room1_mix0176,61,5,0,-144,6,6.57
fold2_room1_mix0176,62,4,0,150,-4,7.30
fold2_room1_mix0176,62,4,0,-148,-10,3.37
fold2_room1_mix0176,62,4,0,-165,-14,4.15
fold2_room1_mix0176,62,5,0,-140,8,5.51
fold2_room1_mix0176,63,4,0,150,-3,7.98
fold2_room1_mix0176,63,4,0,-151,-9,3.83
fold2_room1_mix0176,63,4,0,170,-8,5.64
fold2_room1_mix0176,63,5,0,-147,6,6.45
fold2_room1_mix0176,64,4,0,174,-6,5.20
fold2_room1_mix0176,64,4,0,-151,-8,3.12
fold2_room1_mix0176,64,4,0,147,0,10.74
fold2_room1_mix0176,64,5,0,-147,6,7.10
fold2_room1_mix0176,65,4,0,161,-4,5.35
fold2_room1_mix0176,65,4,0,164,-3,6.83
fold2_room1_mix0176,65,5,0,-146,6,5.33
fold2_room1_mix0176,66,4,0,159,-3,7.08
fold2_room1_mix0176,66,4,0,166,-3,7.99
fold2_room1_mix0176,66,5,0,-146,6,5.79
fold2_room1_mix0176,67,4,0,155,-2,7.64
fold2_room1_mix0176,67,4,0,-161,-3,5.80
fold2_room1_mix0176,67,4,0,177,-2,8.04
fold2_room1_mix0176,67,5,0,-149,7,5.06
fold2_room1_mix0176,68,4,0,168,-2,6.52
fold2_room1_mix0176,68,4,0,169,-2,8.20
fold2_room1_mix0176,68,5,0,-152,6,6.29
fold2_room1_mix0176,69,4,0,176,-2,6.52
fold2_room1_mix0176,69,4,0,172,-2,8.52
fold2_room1_mix0176,69,5,0,-153,5,6.75
fold2_room1_mix0176,70,4,0,162,-2,7.69
fold2_room1_mix0176,70,4,0,-171,-2,8.18
fold2_room1_mix0176,70,5,0,-148,6,5.61
fold2_room1_mix0176,71,4,0,171,-2,8.61
fold2_room1_mix0176,71,4,0,-168,-3,8.70
fold2_room1_mix0176,71,5,0,-153,7,5.88
fold2_room1_mix0176,72,4,0,169,-1,9.07
fold2_room1_mix0176,72,4,0,-168,-2,8.68
fold2_room1_mix0176,72,5,0,-147,6,6.34
fold2_room1_mix0176,73,4,0,176,-1,10.97
fold2_room1_mix0176,73,5,0,-149,6,6.64
fold2_room1_mix0176,74,4,0,176,0,11.17
fold2_room1_mix0176,74,5,0,-148,6,6.84
fold2_room1_mix0176,75,4,0,174,0,12.86
fold2_room1_mix0176,75,4,0,-38,-3,11.05
fold2_room1_mix0176,75,5,0,-148,6,6.39
fold2_room1_mix0176,76,4,0,174,0,12.97
fold2_room1_mix0176,76,4,0,-42,-4,10.49
fold2_room1_mix0176,76,5,0,-145,6,6.53
fold2_room1_mix0176,77,4,0,171,0,13.74
fold2_room1_mix0176,77,4,0,-53,-7,7.56
fold2_room1_mix0176,77,5,0,-142,6,7.09
fold2_room1_mix0176,78,4,0,175,0,13.56
fold2_room1_mix0176,78,4,0,-46,-5,6.91
fold2_room1_mix0176,78,5,0,-138,7,6.67
fold2_room1_mix0176,79,4,0,177,0,14.04
fold2_room1_mix0176,79,4,0,-52,-6,6.03
fold2_room1_mix0176,79,5,0,-141,6,6.87
fold2_room1_mix0176,80,4,0,176,0,14.70
fold2_room1_mix0176,80,4,0,-55,-7,5.55
fold2_room1_mix0176,80,5,0,-139,7,6.86
fold2_room1_mix0176,81,4,0,-178,-2,14.18
fold2_room1_mix0176,81,4,0,-56,-6,6.02
fold2_room1_mix0176,81,5,0,-140,6,7.36
fold2_room1_mix0176,82,4,0,-179,0,14.85
fold2_room1_mix0176,82,4,0,-70,-8,4.81
fold2_room1_mix0176,82,5,0,-137,6,7.38
fold2_room1_mix0176,83,4,0,176,0,15.69
fold2_room1_mix0176,83,4,0,-68,-8,4.84
fold2_room1_mix0176,83,5,0,-137,6,7.26
fold2_room1_mix0176,84,4,0,-179,0,16.82
fold2_room1_mix0176,84,4,0,-129,-2,9.53
fold2_room1_mix0176,84,4,0,-86,-10,4.32
fold2_room1_mix0176,84,5,0,-135,6,7.41
fold2_room1_mix0176,85,4,0,-176,-1,16.71
fold2_room1_mix0176,85,4,0,-131,-3,8.69
fold2_room1_mix0176,85,4,0,-101,-9,4.62
fold2_room1_mix0176,85,5,0,-137,6,7.52
fold2_room1_mix0176,86,4,0,-178,0,16.25
fold2_room1_mix0176,86,4,0,-132,-3,8.15
fold2_room1_mix0176,86,4,0,-105,-7,5.32
fold2_room1_mix0176,86,5,0,-136,7,7.38
fold2_room1_mix0176,87,4,0,179,0,15.35
fold2_room1_mix0176,87,4,0,-158,-1,9.84
fold2_room1_mix0176,87,4,0,-120,-7,5.03
fold2_room1_mix0176,87,5,0,-141,7,8.01
fold2_room1_mix0176,88,4,0,176,0,16.88
fold2_room1_mix0176,88,4,0,-157,-2,9.25
fold2_room1_mix0176,88,4,0,-130,-6,4.91
fold2_room1_mix0176,88,5,0,-141,9,6.36
fold2_room1_mix0176,89,4,0,-175,0,12.93
fold2_room1_mix0176,89,4,0,-136,-3,6.43
fold2_room1_mix0176,89,5,0,-140,7,7.76
fold2_room1_mix0176,90,4,0,-178,0,14.96
fold2_room1_mix0176,90,4,0,-146,-2,7.52
fold2_room1_mix0176,90,5,0,-135,7,7.73
fold2_room1_mix0176,91,4,0,-175,0,14.61
fold2_room1_mix0176,91,4,0,-149,-2,8.27
fold2_room1_mix0176,91,5,0,-138,8,7.07
fold2_room1_mix0176,92,4,0,-177,0,14.75
fold2_room1_mix0176,92,4,0,-147,-2,8.34
fold2_room1_mix0176,92,5,0,-145,7,7.29
fold2_room1_mix0176,93,4,0,-154,-2,10.84
fold2_room1_mix0176,93,5,0,-144,6,7.76
fold2_room1_mix0176,94,4,0,-154,-1,11.23
fold2_room1_mix0176,94,5,0,-142,7,7.21
fold2_room1_mix0176,95,4,0,-155,-1,12.59
fold2_room1_mix0176,95,5,0,-144,7,7.43
fold2_room1_mix0176,96,4,0,-155,-1,11.66
fold2_room1_mix0176,96,5,0,-152,5,10.07
fold2_room1_mix0176,97,4,0,-155,-1,12.05
fold2_room1_mix0176,97,5,0,-147,6,8.78
fold2_room1_mix0176,98,4,0,-159,0,12.89
fold2_room1_mix0176,98,5,0,-145,6,8.51
fold2_room1_mix0176,99,4,0,-163,0,9.40
fold2_room1_mix0176,99,5,0,-155,6,9.52
fold2_room1_mix0177,15,4,0,-79,-1,11.83
fold2_room1_mix0177,15,4,0,-49,-1,11.74
fold2_room1_mix0177,15,4,0,-24,-1,12.95
fold2_room1_mix0177,16,4,0,-58,-4,17.54
fold2_room1_mix0177,16,4,0,-27,-2,19.61
fold2_room1_mix0177,17,4,0,-78,-5,17.64
fold2_room1_mix0177,17,4,0,-27,-2,19.38
fold2_room1_mix0177,18,4,0,-62,-4,16.81
fold2_room1_mix0177,18,4,0,-29,-2,17.67
fold2_room1_mix0177,19,4,0,-123,-3,19.29
fold2_room1_mix0177,19,4,0,-26,-2,18.09
fold2_room1_mix0177,20,4,0,-106,-4,20.59
fold2_room1_mix0177,20,4,0,-26,-3,18.37
fold2_room1_mix0177,21,4,0,-75,-4,20.06
fold2_room1_mix0177,21,4,0,-31,-3,19.20
fold2_room1_mix0177,22,4,0,-91,-3,18.06
fold2_room1_mix0177,22,4,0,-41,-3,15.67
fold2_room1_mix0177,22,4,0,-26,-3,16.99
fold2_room1_mix0177,23,4,0,-142,-1,22.85
fold2_room1_mix0177,23,4,0,-27,-3,15.77
fold2_room1_mix0177,24,4,0,-111,-2,20.71
fold2_room1_mix0177,24,4,0,-34,-3,16.37
fold2_room1_mix0177,25,4,0,-127,-1,20.60
fold2_room1_mix0177,25,4,0,-30,-2,15.77
fold2_room1_mix0177,26,4,0,-107,-2,17.27
fold2_room1_mix0177,26,4,0,-34,-3,13.37
fold2_room1_mix0177,27,4,0,-115,-1,18.59
fold2_room1_mix0177,27,4,0,-30,-3,13.43
fold2_room1_mix0177,28,4,0,-134,-1,19.28
fold2_room1_mix0177,28,4,0,-46,-3,12.45
fold2_room1_mix0177,28,4,0,-26,-3,13.53
fold2_room1_mix0177,29,4,0,-125,0,17.94
fold2_room1_mix0177,29,4,0,-54,-3,10.47
fold2_room1_mix0177,29,4,0,-32,-3,10.98
fold2_room1_mix0177,30,4,0,-125,0,17.89
fold2_room1_mix0177,30,4,0,-53,-3,10.40
fold2_room1_mix0177,30,4,0,-34,-3,11.13
fold2_room1_mix0177,31,4,0,-129,-1,18.07
fold2_room1_mix0177,31,4,0,-48,-4,10.13
fold2_room1_mix0177,31,4,0,-31,-4,10.74
fold2_room1_mix0177,32,4,0,-125,-1,15.57
fold2_room1_mix0177,32,4,0,-52,-4,9.20
fold2_room1_mix0177,32,4,0,-34,-4,9.87
fold2_room1_mix0177,33,2,0,-50,-2,8.32
fold2_room1_mix0177,33,4,0,-132,-1,14.86
fold2_room1_mix0177,33,4,0,-59,-3,8.40
fold2_room1_mix0177,33,4,0,-41,-2,11.04
fold2_room1_mix0177,34,2,0,-55,-2,6.91
fold2_room1_mix0177,34,4,0,-127,-1,15.20
fold2_room1_mix0177,34,4,0,-54,-2,9.66
fold2_room1_mix0177,35,2,0,-41,-2,9.98
fold2_room1_mix0177,35,4,0,-126,-2,12.80
fold2_room1_mix0177,35,4,0,-54,-3,9.56
fold2_room1_mix0177,36,2,0,-59,-2,9.45
fold2_room1_mix0177,36,4,0,-108,-1,13.14
fold2_room1_mix0177,36,4,0,-59,-3,8.87
fold2_room1_mix0177,37,4,0,-114,0,13.62
fold2_room1_mix0177,37,4,0,-67,-3,8.72
fold2_room1_mix0177,38,4,0,-110,-1,12.18
fold2_room1_mix0177,38,4,0,-74,-3,8.43
fold2_room1_mix0177,39,4,0,-105,0,12.81
fold2_room1_mix0177,39,4,0,-79,-3,7.61
fold2_room1_mix0177,40,4,0,-88,-2,9.59
fold2_room1_mix0177,41,4,0,-103,0,11.41
fold2_room1_mix0177,41,4,0,-87,-2,8.09
fold2_room1_mix0177,42,2,0,-54,-1,14.26
fold2_room1_mix0177,42,4,0,-110,-1,10.80
fold2_room1_mix0177,42,4,0,-92,-2,8.23
fold2_room1_mix0177,43,2,0,-43,-1,16.58
fold2_room1_mix0177,43,4,0,-112,-1,10.79
fold2_room1_mix0177,43,4,0,-96,-2,8.82
fold2_room1_mix0177,44,2,0,-51,-1,13.07
fold2_room1_mix0177,44,4,0,-121,-2,9.98
fold2_room1_mix0177,44,4,0,-102,-2,8.45
fold2_room1_mix0177,45,2,0,-50,-2,13.13
fold2_room1_mix0177,45,4,0,-127,-2,9.03
fold2_room1_mix0177,45,4,0,-108,-1,8.71
fold2_room1_mix0177,46,2,0,-50,-1,13.48
fold2_room1_mix0177,46,4,0,-128,-3,8.34
fold2_room1_mix0177,46,4,0,-107,-2,9.34
fold2_room1_mix0177,47,4,0,-131,-3,8.80
fold2_room1_mix0177,47,4,0,-111,-2,8.99
fold2_room1_mix0177,48,4,0,-137,-3,7.39
fold2_room1_mix0177,48,4,0,-113,-2,9.85
fold2_room1_mix0177,49,4,0,-139,-2,10.32
fold2_room1_mix0177,49,4,0,-116,-2,10.02
fold2_room1_mix0177,50,4,0,-140,-3,8.51
fold2_room1_mix0177,50,4,0,-122,-2,8.59
fold2_room1_mix0177,50,4,0,-105,0,12.91
fold2_room1_mix0177,51,4,0,-144,-2,9.55
fold2_room1_mix0177,51,4,0,-118,-1,11.54
fold2_room1_mix0177,52,2,0,-58,-2,12.25
fold2_room1_mix0177,52,4,0,-147,-3,10.60
fold2_room1_mix0177,52,4,0,-125,-2,10.22
fold2_room1_mix0177,52,4,0,-106,-1,12.99
fold2_room1_mix0177,53,2,0,-59,-1,13.52
fold2_room1_mix0177,53,4,0,-146,-3,10.36
fold2_room1_mix0177,53,4,0,-126,-2,10.51
fold2_room1_mix0177,53,4,0,-104,-1,13.69
fold2_room1_mix0177,54,2,0,-62,-1,12.30
fold2_room1_mix0177,54,4,0,-148,-2,11.06
fold2_room1_mix0177,54,4,0,-121,-1,12.50
fold2_room1_mix0177,55,2,0,-60,-1,14.03
fold2_room1_mix0177,55,4,0,-148,-3,10.51
fold2_room1_mix0177,55,4,0,-120,-2,11.83
fold2_room1_mix0177,56,2,0,-71,-1,14.40
fold2_room1_mix0177,56,4,0,-152,-3,10.98
fold2_room1_mix0177,56,4,0,-128,-2,12.68
fold2_room1_mix0177,57,2,0,-70,-1,12.49
fold2_room1_mix0177,57,4,0,-148,-3,10.09
fold2_room1_mix0177,57,4,0,-129,-2,11.74
fold2_room1_mix0177,57,4,0,-110,0,14.84
fold2_room1_mix0177,58,4,0,-143,-3,9.97
fold2_room1_mix0177,58,4,0,-102,-3,13.11
fold2_room1_mix0177,59,4,0,-147,-2,11.72
fold2_room1_mix0177,59,4,0,-101,-2,14.94
fold2_room1_mix0177,60,4,0,-145,-2,11.75
fold2_room1_mix0177,60,4,0,-82,-1,15.48
fold2_room1_mix0177,61,4,0,-147,-2,12.01
fold2_room1_mix0177,61,4,0,-103,0,17.74
fold2_room1_mix0177,62,2,0,-73,-1,12.40
fold2_room1_mix0177,62,4,0,-154,-2,13.32
fold2_room1_mix0177,62,4,0,-135,-1,13.25
fold2_room1_mix0177,62,4,0,-87,-1,16.98
fold2_room1_mix0177,63,2,0,-75,-1,14.62
fold2_room1_mix0177,63,4,0,-144,-2,13.81
fold2_room1_mix0177,63,4,0,-105,-1,16.99
fold2_room1_mix0177,64,2,0,-77,-1,14.01
fold2_room1_mix0177,64,4,0,-144,-2,12.86
fold2_room1_mix0177,64,4,0,-116,-1,16.06
fold2_room1_mix0177,65,2,0,-77,-1,13.79
fold2_room1_mix0177,65,4,0,-148,-2,13.74
fold2_room1_mix0177,65,4,0,-132,-2,12.71
fold2_room1_mix0177,65,4,0,-114,-1,15.50
fold2_room1_mix0177,66,2,0,-75,-1,14.37
fold2_room1_mix0177,66,4,0,-142,-2,11.40
fold2_room1_mix0177,66,4,0,-126,-2,11.97
fold2_room1_mix0177,66,4,0,-111,0,15.72
fold2_room1_mix0177,67,2,0,-78,-1,13.00
fold2_room1_mix0177,67,4,0,-141,-2,11.06
fold2_room1_mix0177,67,4,0,-118,-2,11.50
fold2_room1_mix0177,67,4,0,-96,0,16.67
fold2_room1_mix0177,68,4,0,-139,-2,11.14
fold2_room1_mix0177,68,4,0,-121,-2,10.71
fold2_room1_mix0177,68,4,0,-103,-1,16.02
fold2_room1_mix0177,69,4,0,-142,-2,11.70
fold2_room1_mix0177,69,4,0,-112,-3,10.83
fold2_room1_mix0177,69,4,0,-85,-1,15.12
fold2_room1_mix0177,70,4,0,-138,-1,11.85
fold2_room1_mix0177,70,4,0,-112,-3,9.79
fold2_room1_mix0177,70,4,0,-86,-1,14.52
fold2_room1_mix0177,71,4,0,-135,-1,13.38
fold2_room1_mix0177,71,4,0,-102,-2,10.48
fold2_room1_mix0177,71,4,0,-83,-2,13.21
fold2_room1_mix0177,72,2,0,-75,-2,11.86
fold2_room1_mix0177,72,4,0,-131,-1,14.55
fold2_room1_mix0177,72,4,0,-92,-2,12.23
fold2_room1_mix0177,73,2,0,-78,-1,14.64
fold2_room1_mix0177,73,4,0,-122,-1,14.04
fold2_room1_mix0177,73,4,0,-83,-2,12.43
fold2_room1_mix0177,74,2,0,-78,-1,13.55
fold2_room1_mix0177,74,4,0,-111,-2,13.37
fold2_room1_mix0177,74,4,0,-81,-2,12.32
fold2_room1_mix0177,75,2,0,-79,-1,12.96
fold2_room1_mix0177,75,4,0,-110,-1,14.37
fold2_room1_mix0177,75,4,0,-79,-2,12.55
fold2_room1_mix0177,76,4,0,-121,0,16.91
fold2_room1_mix0177,76,4,0,-65,-2,11.85
fold2_room1_mix0177,77,4,0,-101,-1,14.97
fold2_room1_mix0177,77,4,0,-67,-2,11.84
fold2_room1_mix0177,78,4,0,-132,0,18.80
fold2_room1_mix0177,78,4,0,-59,-2,11.71
fold2_room1_mix0177,79,4,0,-83,-1,15.83
fold2_room1_mix0177,79,4,0,-57,-2,12.80
fold2_room1_mix0177,80,4,0,-61,-1,13.50
fold2_room1_mix0177,81,4,0,-56,-1,15.38
fold2_room1_mix0177,82,4,0,-53,-1,14.50
fold2_room1_mix0177,83,4,0,-48,-1,15.70
fold2_room1_mix0177,84,4,0,-49,-1,14.30
fold2_room1_mix0177,85,4,0,-47,-1,13.72
fold2_room1_mix0177,86,4,0,-44,-1,16.03
fold2_room1_mix0177,87,4,0,-47,-1,11.96
fold2_room1_mix0177,88,4,0,-47,-1,8.80
fold2_room1_mix0177,14,4,0,-40,-1,11.58
fold2_room1_mix0177,14,4,0,-14,0,12.63
fold2_room1_mix0178,26,3,0,124,-3,10.48
fold2_room1_mix0178,27,3,0,130,-3,13.25
fold2_room1_mix0178,28,3,0,125,-3,12.26
fold2_room1_mix0178,29,3,0,125,-3,11.48
fold2_room1_mix0178,30,3,0,128,-3,12.42
fold2_room1_mix0178,30,4,0,170,1,3.67
fold2_room1_mix0178,31,3,0,126,-3,10.34
fold2_room1_mix0178,32,3,0,132,-3,9.96
fold2_room1_mix0178,32,4,0,177,1,4.87
fold2_room1_mix0178,33,3,0,118,-2,4.51
fold2_room1_mix0178,34,4,0,168,0,6.95
fold2_room1_mix0178,35,4,0,163,0,9.66
fold2_room1_mix0178,36,4,0,161,0,5.80
fold2_room1_mix0178,37,4,0,160,-1,12.96
fold2_room1_mix0178,37,4,0,3,-1,14.34
fold2_room1_mix0178,38,3,0,119,-3,8.76
fold2_room1_mix0178,38,4,0,164,-1,11.26
fold2_room1_mix0178,39,3,0,118,-3,13.91
fold2_room1_mix0178,39,4,0,161,-1,13.06
fold2_room1_mix0178,40,3,0,120,-3,13.99
fold2_room1_mix0178,40,4,0,154,-1,13.45
fold2_room1_mix0178,41,3,0,117,-3,14.24
fold2_room1_mix0178,41,4,0,159,-2,14.00
fold2_room1_mix0178,42,3,0,112,-3,13.74
fold2_room1_mix0178,42,4,0,157,-3,13.27
fold2_room1_mix0178,43,3,0,115,-3,13.70
fold2_room1_mix0178,43,4,0,157,-2,15.09
fold2_room1_mix0178,44,3,0,113,-3,13.64
fold2_room1_mix0178,44,4,0,158,-2,13.66
fold2_room1_mix0178,45,3,0,106,-4,11.72
fold2_room1_mix0178,45,4,0,154,-2,13.72
fold2_room1_mix0178,46,3,0,95,-3,9.48
fold2_room1_mix0178,46,4,0,157,-3,11.59
fold2_room1_mix0178,46,4,0,0,-2,13.63
fold2_room1_mix0178,47,4,0,151,-3,11.33
fold2_room1_mix0178,48,4,0,147,-3,10.17
fold2_room1_mix0178,48,4,0,15,-5,12.12
fold2_room1_mix0178,49,4,0,151,-3,9.86
fold2_room1_mix0178,49,4,0,0,-2,11.73
fold2_room1_mix0178,50,4,0,145,-3,9.76
fold2_room1_mix0178,50,4,0,14,-3,10.94
fold2_room1_mix0178,51,3,0,98,-3,9.35
fold2_room1_mix0178,51,4,0,144,-3,12.44
fold2_room1_mix0178,51,4,0,15,-3,13.00
fold2_room1_mix0178,52,3,0,100,-3,15.79
fold2_room1_mix0178,52,4,0,144,-3,14.14
fold2_room1_mix0178,52,4,0,9,-3,13.78
fold2_room1_mix0178,53,3,0,95,-4,14.18
fold2_room1_mix0178,53,4,0,148,-4,14.11
fold2_room1_mix0178,53,4,0,9,-3,13.54
fold2_room1_mix0178,54,3,0,87,-3,14.77
fold2_room1_mix0178,54,4,0,146,-3,13.22
fold2_room1_mix0178,54,4,0,6,-3,11.81
fold2_room1_mix0178,55,4,0,143,-3,11.29
fold2_room1_mix0178,55,4,0,1,-3,11.18
fold2_room1_mix0178,56,4,0,139,-3,10.58
fold2_room1_mix0178,56,4,0,1,-4,9.76
fold2_room1_mix0178,57,4,0,138,-3,10.19
fold2_room1_mix0178,57,4,0,1,-4,8.59
fold2_room1_mix0178,58,4,0,127,-4,9.81
fold2_room1_mix0178,58,4,0,9,-6,7.22
fold2_room1_mix0178,59,4,0,126,-5,9.61
fold2_room1_mix0178,59,4,0,12,-7,7.34
fold2_room1_mix0178,60,4,0,109,-7,7.00
fold2_room1_mix0178,60,4,0,50,-8,6.64
fold2_room1_mix0178,60,4,0,15,-7,6.93
fold2_room1_mix0178,61,4,0,117,-4,8.61
fold2_room1_mix0178,61,4,0,20,-9,5.02
fold2_room1_mix0178,62,4,0,107,-6,7.06
fold2_room1_mix0178,62,4,0,49,-8,6.48
fold2_room1_mix0178,62,4,0,4,-7,6.29
fold2_room1_mix0178,63,4,0,108,-5,8.23
fold2_room1_mix0178,63,4,0,58,-8,6.05
fold2_room1_mix0178,63,4,0,10,-9,5.20
fold2_room1_mix0178,64,4,0,90,-6,7.76
fold2_room1_mix0178,64,4,0,35,-8,6.54
fold2_room1_mix0178,64,4,0,4,-7,6.27
fold2_room1_mix0178,65,4,0,98,-4,8.22
fold2_room1_mix0178,65,4,0,55,-7,5.75
fold2_room1_mix0178,65,4,0,9,-8,4.90
fold2_room1_mix0178,66,4,0,90,-5,7.75
fold2_room1_mix0178,66,4,0,48,-8,5.60
fold2_room1_mix0178,66,4,0,6,-7,5.78
fold2_room1_mix0178,67,4,0,87,-4,8.61
fold2_room1_mix0178,67,4,0,49,-7,5.97
fold2_room1_mix0178,67,4,0,7,-7,5.94
fold2_room1_mix0178,68,4,0,89,-4,8.80
fold2_room1_mix0178,68,4,0,29,-7,5.59
fold2_room1_mix0178,68,4,0,8,-7,5.65
fold2_room1_mix0178,69,4,0,81,-4,8.98
fold2_room1_mix0178,69,4,0,27,-7,5.24
fold2_room1_mix0178,69,4,0,8,-7,5.30
fold2_room1_mix0178,70,4,0,80,-3,9.88
fold2_room1_mix0178,70,4,0,24,-7,5.10
fold2_room1_mix0178,70,4,0,5,-7,5.06
fold2_room1_mix0178,71,4,0,76,-2,11.36
fold2_room1_mix0178,71,4,0,13,-7,5.43
fold2_room1_mix0178,72,4,0,63,-2,11.05
fold2_room1_mix0178,72,4,0,6,-7,5.46
fold2_room1_mix0178,73,4,0,61,-1,11.13
fold2_room1_mix0178,73,4,0,0,-7,4.83
fold2_room1_mix0178,74,4,0,58,-1,11.14
fold2_room1_mix0178,74,4,0,0,-7,4.86
fold2_room1_mix0178,75,4,0,56,-1,10.72
fold2_room1_mix0178,75,4,0,-8,-6,5.00
fold2_room1_mix0178,76,4,0,45,-1,9.95
fold2_room1_mix0178,76,4,0,-9,-7,4.88
fold2_room1_mix0178,77,4,0,49,-1,9.56
fold2_room1_mix0178,77,4,0,-19,-7,4.32
fold2_room1_mix0178,78,4,0,41,-2,8.80
fold2_room1_mix0178,78,4,0,-27,-7,4.22
fold2_room1_mix0178,79,4,0,27,-3,6.45
fold2_room1_mix0178,79,4,0,-30,-5,3.84
fold2_room1_mix0178,80,4,0,3,-6,5.12
fold2_room1_mix0178,80,4,0,-26,-6,4.02
fold2_room1_mix0178,81,4,0,15,-6,4.97
fold2_room1_mix0178,81,4,0,-32,-6,3.52
fold2_room1_mix0178,81,4,0,-8,-4,5.16
fold2_room1_mix0178,82,4,0,-39,-8,2.72
fold2_room1_mix0178,82,4,0,21,0,8.51
fold2_room1_mix0178,83,4,0,-50,-9,2.72
fold2_room1_mix0178,83,4,0,8,-3,5.87
fold2_room1_mix0178,84,4,0,-52,-9,2.62
fold2_room1_mix0178,85,4,0,-67,-8,1.89
fold2_room1_mix0178,85,4,0,-28,-4,4.59
fold2_room1_mix0178,86,4,0,-76,-8,2.18
fold2_room1_mix0178,87,4,0,-90,-8,1.55
fold2_room1_mix0178,87,4,0,-56,-6,3.77
fold2_room1_mix0178,88,4,0,-102,-8,1.98
fold2_room1_mix0178,89,4,0,-114,-7,2.18
fold2_room1_mix0178,90,4,0,-124,-6,2.31
fold2_room1_mix0178,91,4,0,-132,-5,2.83
fold2_room1_mix0178,92,4,0,-138,-6,2.73
fold2_room1_mix0178,93,4,0,-143,-5,3.17
fold2_room1_mix0178,94,4,0,-147,-5,3.69
fold2_room1_mix0178,95,4,0,-150,-4,3.82
fold2_room1_mix0178,96,4,0,-151,-4,4.09
fold2_room1_mix0178,97,4,0,-154,-4,4.64
fold2_room1_mix0178,98,4,0,-155,-4,4.57
fold2_room1_mix0178,99,4,0,-156,-4,4.70
fold2_room1_mix0179,4,4,0,-178,0,2.22
fold2_room1_mix0179,5,4,0,179,0,6.07
fold2_room1_mix0179,6,4,0,179,0,15.09
fold2_room1_mix0179,7,4,0,-178,0,16.32
fold2_room1_mix0179,8,4,0,-179,0,21.83
fold2_room1_mix0179,9,4,0,-178,0,29.77
fold2_room1_mix0179,10,4,0,-179,0,31.69
fold2_room1_mix0179,11,4,0,-178,0,34.82
fold2_room1_mix0179,12,4,0,-179,0,37.49
fold2_room1_mix0179,13,4,0,-179,0,36.77
fold2_room1_mix0179,14,4,0,-178,0,36.00
fold2_room1_mix0179,15,4,0,-179,0,36.98
fold2_room1_mix0179,16,4,0,-178,0,39.32
fold2_room1_mix0179,17,4,0,-178,0,39.34
fold2_room1_mix0179,18,4,0,-179,0,40.50
fold2_room1_mix0179,19,4,0,-178,0,40.45
fold2_room1_mix0179,20,4,0,-179,0,40.98
fold2_room1_mix0179,21,4,0,-177,0,40.38
fold2_room1_mix0179,22,4,0,-176,0,39.90
fold2_room1_mix0179,23,4,0,-177,0,40.15
fold2_room1_mix0179,24,4,0,-177,0,39.48
fold2_room1_mix0179,25,4,0,-175,0,40.20
fold2_room1_mix0179,26,4,0,-175,0,39.44
fold2_room1_mix0179,27,4,0,-175,0,40.23
fold2_room1_mix0179,28,4,0,-176,0,39.83
fold2_room1_mix0179,29,4,0,-176,0,40.02
fold2_room1_mix0179,30,4,0,-176,0,40.08
fold2_room1_mix0179,31,4,0,-175,0,38.71
fold2_room1_mix0179,32,4,0,-174,0,37.50
fold2_room1_mix0179,33,4,0,-174,0,37.24
fold2_room1_mix0179,34,4,0,-175,0,37.25
fold2_room1_mix0179,35,4,0,-173,0,35.88
fold2_room1_mix0179,36,4,0,-174,0,35.38
fold2_room1_mix0179,37,4,0,-173,0,36.40
fold2_room1_mix0179,38,4,0,-173,0,35.44
fold2_room1_mix0179,39,4,0,-173,0,33.74
fold2_room1_mix0179,40,4,0,-172,0,33.37
fold2_room1_mix0179,41,4,0,-172,0,33.36
fold2_room1_mix0179,42,4,0,-172,0,33.31
fold2_room1_mix0179,43,4,0,-172,0,32.18
fold2_room1_mix0179,44,4,0,-171,-1,31.88
fold2_room1_mix0179,45,4,0,-171,-1,31.16
fold2_room1_mix0179,46,4,0,-171,0,32.04
fold2_room1_mix0179,47,4,0,-170,0,31.09
fold2_room1_mix0179,48,4,0,-169,-1,29.31
fold2_room1_mix0179,49,4,0,-169,-1,28.33
fold2_room1_mix0179,50,4,0,-169,-1,26.69
fold2_room1_mix0179,51,4,0,-168,-1,26.07
fold2_room1_mix0179,52,4,0,-167,-1,23.96
fold2_room1_mix0179,53,4,0,-167,-1,23.32
fold2_room1_mix0179,54,4,0,-166,-1,22.78
fold2_room1_mix0179,55,4,0,-165,-1,20.80
fold2_room1_mix0179,56,4,0,-164,-1,20.33
fold2_room1_mix0179,57,4,0,-164,-1,19.68
fold2_room1_mix0179,58,4,0,-164,-1,18.88
fold2_room1_mix0179,59,4,0,-163,-1,17.78
fold2_room1_mix0179,60,4,0,-161,-1,17.61
fold2_room1_mix0179,61,4,0,-161,-1,16.71
fold2_room1_mix0179,62,4,0,-159,-1,15.62
fold2_room1_mix0179,63,4,0,-157,-2,14.22
fold2_room1_mix0179,64,4,0,-156,-2,13.70
fold2_room1_mix0179,65,4,0,-154,-2,12.89
fold2_room1_mix0179,66,4,0,-152,-2,11.86
fold2_room1_mix0179,67,4,0,-150,-2,11.29
fold2_room1_mix0179,68,4,0,-148,-3,10.31
fold2_room1_mix0179,69,4,0,-146,-3,9.80
fold2_room1_mix0179,70,4,0,-143,-3,9.03
fold2_room1_mix0179,71,4,0,-139,-3,8.27
fold2_room1_mix0179,72,4,0,-136,-3,7.90
fold2_room1_mix0179,73,4,0,-133,-3,6.87
fold2_room1_mix0179,74,4,0,-126,-4,6.47
fold2_room1_mix0179,75,4,0,-123,-4,5.76
fold2_room1_mix0179,76,4,0,-116,-4,5.72
fold2_room1_mix0179,77,4,0,-105,-4,5.27
fold2_room1_mix0179,78,4,0,-95,-6,5.37
fold2_room1_mix0179,79,4,0,-86,-5,5.41
fold2_room1_mix0179,80,4,0,-75,-5,5.58
fold2_room1_mix0179,81,4,0,-67,-4,5.92
fold2_room1_mix0179,82,4,0,-58,-4,6.21
fold2_room1_mix0179,83,4,0,-51,-3,6.65
fold2_room1_mix0179,84,4,0,-46,-3,7.29
fold2_room1_mix0179,85,4,0,-40,-3,7.82
fold2_room1_mix0179,86,4,0,-36,-3,8.61
fold2_room1_mix0179,87,4,0,-33,-3,9.10
fold2_room1_mix0179,88,4,0,-30,-3,9.85
fold2_room1_mix0179,89,4,0,-27,-2,10.54
fold2_room1_mix0179,90,4,0,-25,-2,11.28
fold2_room1_mix0179,91,4,0,-22,-2,12.28
fold2_room1_mix0179,92,4,0,-20,-2,13.13
fold2_room1_mix0179,93,4,0,-19,-2,13.39
fold2_room1_mix0179,94,4,0,-19,-2,14.39
fold2_room1_mix0179,95,4,0,-18,-2,15.97
fold2_room1_mix0179,96,4,0,-17,-1,16.92
fold2_room1_mix0179,97,4,0,-16,-1,17.28
fold2_room1_mix0179,98,4,0,-15,-1,18.98
fold2_room1_mix0179,99,4,0,-14,-1,20.13
fold2_room1_mix0180,3,4,0,-179,0,5.28
fold2_room1_mix0180,4,4,0,179,0,17.11
fold2_room1_mix0180,5,4,0,178,0,19.67
fold2_room1_mix0180,6,4,0,179,0,22.23
fold2_room1_mix0180,7,4,0,177,0,27.47
fold2_room1_mix0180,8,4,0,178,0,34.37
fold2_room1_mix0180,9,4,0,178,0,34.75
fold2_room1_mix0180,10,4,0,178,0,35.28
fold2_room1_mix0180,11,4,0,177,0,36.02
fold2_room1_mix0180,12,4,0,178,0,34.52
fold2_room1_mix0180,13,4,0,178,0,34.33
fold2_room1_mix0180,14,4,0,178,0,35.59
fold2_room1_mix0180,15,4,0,179,0,34.17
fold2_room1_mix0180,16,4,0,-179,0,33.27
fold2_room1_mix0180,17,4,0,179,0,33.48
fold2_room1_mix0180,18,4,0,-179,0,32.95
fold2_room1_mix0180,19,4,0,-179,0,32.37
fold2_room1_mix0180,20,4,0,179,0,31.52
fold2_room1_mix0180,21,4,0,179,0,36.32
fold2_room1_mix0180,22,4,0,178,0,37.93
fold2_room1_mix0180,23,0,0,-56,-4,5.44
fold2_room1_mix0180,23,4,0,179,0,36.62
fold2_room1_mix0180,24,0,0,-71,-5,6.95
fold2_room1_mix0180,24,4,0,-179,0,34.09
fold2_room1_mix0180,25,0,0,-66,-5,7.11
fold2_room1_mix0180,25,4,0,177,0,34.12
fold2_room1_mix0180,26,0,0,-59,-5,8.85
fold2_room1_mix0180,26,4,0,176,0,33.72
fold2_room1_mix0180,27,0,0,-56,-4,9.41
fold2_room1_mix0180,27,4,0,175,0,31.92
fold2_room1_mix0180,28,0,0,-60,-5,10.16
fold2_room1_mix0180,28,4,0,173,-1,28.97
fold2_room1_mix0180,29,0,0,-57,-4,10.31
fold2_room1_mix0180,29,4,0,173,-1,28.73
fold2_room1_mix0180,30,0,0,-55,-4,10.18
fold2_room1_mix0180,30,4,0,173,-1,29.55
fold2_room1_mix0180,31,0,0,-60,-5,11.13
fold2_room1_mix0180,31,2,0,171,-5,4.67
fold2_room1_mix0180,31,4,0,173,-1,28.00
fold2_room1_mix0180,32,0,0,-59,-5,11.30
fold2_room1_mix0180,32,2,0,175,-5,6.93
fold2_room1_mix0180,32,4,0,174,-1,26.48
fold2_room1_mix0180,33,0,0,-61,-5,10.66
fold2_room1_mix0180,33,2,0,-166,-6,7.17
fold2_room1_mix0180,33,4,0,174,-1,24.30
fold2_room1_mix0180,34,0,0,-63,-5,11.03
fold2_room1_mix0180,34,4,0,175,-1,25.39
fold2_room1_mix0180,35,0,0,-60,-5,10.03
fold2_room1_mix0180,35,2,0,-160,-6,5.34
fold2_room1_mix0180,35,4,0,175,0,24.81
fold2_room1_mix0180,36,0,0,-70,-6,10.26
fold2_room1_mix0180,36,4,0,176,-1,23.78
fold2_room1_mix0180,37,0,0,-75,-6,10.28
fold2_room1_mix0180,37,4,0,175,-2,22.08
fold2_room1_mix0180,38,0,0,-75,-6,11.15
fold2_room1_mix0180,38,4,0,175,-2,20.71
fold2_room1_mix0180,39,0,0,-83,-6,12.72
fold2_room1_mix0180,39,4,0,176,-1,20.52
fold2_room1_mix0180,40,0,0,-86,-6,12.25
fold2_room1_mix0180,40,4,0,177,-2,20.33
fold2_room1_mix0180,41,0,0,-85,-6,13.59
fold2_room1_mix0180,41,4,0,178,-2,19.44
fold2_room1_mix0180,42,0,0,-87,-6,13.74
fold2_room1_mix0180,42,4,0,178,-2,17.88
fold2_room1_mix0180,43,0,0,-85,-6,13.01
fold2_room1_mix0180,43,4,0,178,-2,18.01
fold2_room1_mix0180,44,0,0,-95,-5,17.85
fold2_room1_mix0180,44,0,0,-80,-5,15.08
fold2_room1_mix0180,44,4,0,179,-3,17.08
fold2_room1_mix0180,45,0,0,-81,-5,13.96
fold2_room1_mix0180,45,2,0,-154,-6,3.79
fold2_room1_mix0180,45,4,0,179,-2,17.35
fold2_room1_mix0180,46,0,0,-86,-6,13.91
fold2_room1_mix0180,46,4,0,177,-3,16.10
fold2_room1_mix0180,47,0,0,-102,-6,12.11
fold2_room1_mix0180,47,4,0,177,-4,14.39
fold2_room1_mix0180,48,0,0,-107,-5,12.08
fold2_room1_mix0180,48,4,0,179,-4,12.98
fold2_room1_mix0180,49,0,0,-117,-5,12.47
fold2_room1_mix0180,49,4,0,175,-4,12.23
fold2_room1_mix0180,50,0,0,-121,-5,12.47
fold2_room1_mix0180,50,4,0,174,-4,11.39
fold2_room1_mix0180,51,0,0,-127,-4,12.77
fold2_room1_mix0180,51,4,0,173,-4,11.23
fold2_room1_mix0180,52,0,0,-120,-5,15.12
fold2_room1_mix0180,52,4,0,173,-5,9.27
fold2_room1_mix0180,53,0,0,-128,-4,17.49
fold2_room1_mix0180,53,2,0,-68,-7,6.04
fold2_room1_mix0180,53,4,0,172,-6,8.79
fold2_room1_mix0180,54,0,0,-124,-4,15.53
fold2_room1_mix0180,54,2,0,-89,-6,7.84
fold2_room1_mix0180,54,4,0,172,-6,8.01
fold2_room1_mix0180,55,0,0,-126,-4,16.10
fold2_room1_mix0180,55,2,0,-77,-9,4.21
fold2_room1_mix0180,55,4,0,172,-7,6.46
fold2_room1_mix0180,56,0,0,-133,-4,18.43
fold2_room1_mix0180,56,4,0,171,-7,5.94
fold2_room1_mix0180,57,0,0,-133,-3,17.05
fold2_room1_mix0180,57,4,0,170,-10,4.68
fold2_room1_mix0180,58,0,0,-134,-3,17.44
fold2_room1_mix0180,58,4,0,167,-11,4.33
fold2_room1_mix0180,59,0,0,-139,-3,17.83
fold2_room1_mix0180,59,4,0,156,-13,3.99
fold2_room1_mix0180,60,0,0,-143,-3,19.72
fold2_room1_mix0180,60,4,0,154,-18,3.32
fold2_room1_mix0180,61,0,0,-143,-3,19.55
fold2_room1_mix0180,61,4,0,155,-18,5.77
fold2_room1_mix0180,61,4,0,135,-30,2.09
fold2_room1_mix0180,61,4,0,112,-31,1.55
fold2_room1_mix0180,62,0,0,-144,-2,20.60
fold2_room1_mix0180,62,4,0,150,-17,7.69
fold2_room1_mix0180,62,4,0,77,-32,1.76
fold2_room1_mix0180,63,0,0,-148,-2,23.94
fold2_room1_mix0180,63,4,0,172,-9,8.99
fold2_room1_mix0180,63,4,0,157,-17,4.73
fold2_room1_mix0180,63,4,0,45,-20,1.90
fold2_room1_mix0180,64,0,0,-148,-2,23.39
fold2_room1_mix0180,64,2,0,-29,-6,6.42
fold2_room1_mix0180,64,4,0,162,-14,7.37
fold2_room1_mix0180,64,4,0,41,-20,2.81
fold2_room1_mix0180,65,0,0,-152,-2,25.21
fold2_room1_mix0180,65,4,0,24,-13,2.68
fold2_room1_mix0180,66,0,0,-154,-2,26.37
fold2_room1_mix0180,66,4,0,22,-13,3.85
fold2_room1_mix0180,67,0,0,-153,-2,24.56
fold2_room1_mix0180,67,4,0,17,-11,4.58
fold2_room1_mix0180,68,0,0,-155,-2,24.31
fold2_room1_mix0180,68,4,0,14,-9,4.96
fold2_room1_mix0180,69,0,0,-155,-2,26.33
fold2_room1_mix0180,69,4,0,12,-8,5.88
fold2_room1_mix0180,70,0,0,-155,-2,25.30
fold2_room1_mix0180,70,4,0,11,-7,6.31
fold2_room1_mix0180,71,0,0,-155,-2,24.64
fold2_room1_mix0180,71,4,0,10,-6,7.06
fold2_room1_mix0180,72,0,0,-156,-2,26.37
fold2_room1_mix0180,72,4,0,10,-6,8.19
fold2_room1_mix0180,73,0,0,-157,-2,25.11
fold2_room1_mix0180,73,4,0,8,-6,8.29
fold2_room1_mix0180,74,0,0,-158,-2,25.03
fold2_room1_mix0180,74,4,0,8,-5,9.54
fold2_room1_mix0180,75,0,0,-158,-2,26.69
fold2_room1_mix0180,75,4,0,8,-5,11.00
fold2_room1_mix0180,76,0,0,-159,-1,21.91
fold2_room1_mix0180,76,4,0,9,-4,12.06
fold2_room1_mix0180,77,0,0,-155,-1,15.70
fold2_room1_mix0180,77,4,0,8,-4,13.12
fold2_room1_mix0180,78,0,0,-153,-1,8.55
fold2_room1_mix0180,78,4,0,8,-3,14.20
fold2_room1_mix0180,79,0,0,-152,-1,4.61
fold2_room1_mix0180,79,4,0,8,-3,14.69
fold2_room1_mix0180,80,4,0,8,-3,15.56
fold2_room1_mix0180,81,4,0,8,-2,16.18
fold2_room1_mix0180,82,4,0,7,-2,17.48
fold2_room1_mix0180,83,4,0,7,-2,17.67
fold2_room1_mix0180,84,4,0,7,-2,19.33
fold2_room1_mix0180,85,4,0,7,-2,20.75
fold2_room1_mix0180,86,4,0,7,-2,21.00
fold2_room1_mix0180,87,4,0,7,-2,21.57
fold2_room1_mix0180,88,4,0,7,-2,22.03
fold2_room1_mix0180,89,4,0,7,-2,22.82
fold2_room1_mix0180,90,4,0,6,-2,23.13
fold2_room1_mix0180,91,4,0,6,-2,24.20
fold2_room1_mix0180,92,4,0,6,-2,24.24
fold2_room1_mix0180,93,4,0,6,-2,23.78
fold2_room1_mix0180,94,4,0,6,-2,26.31
fold2_room1_mix0180,95,4,0,5,-2,26.44
fold2_room1_mix0180,96,4,0,5,-2,27.23
fold2_room1_mix0180,97,4,0,6,-1,30.05
fold2_room1_mix0180,98,4,0,5,-1,30.97
fold2_room1_mix0180,99,4,0,5,-2,28.06
fold2_room1_mix0181,3,4,0,176,0,2.27
fold2_room1_mix0181,4,4,0,172,1,2.69
fold2_room1_mix0181,5,4,0,175,0,16.84
fold2_room1_mix0181,6,4,0,171,0,18.73
fold2_room1_mix0181,7,4,0,175,0,18.27
fold2_room1_mix0181,7,4,0,7,0,21.93
fold2_room1_mix0181,8,4,0,176,0,24.08
fold2_room1_mix0181,9,4,0,174,0,35.00
fold2_room1_mix0181,9,4,0,6,0,41.20
fold2_room1_mix0181,10,4,0,176,0,34.39
fold2_room1_mix0181,10,4,0,8,0,44.85
fold2_room1_mix0181,11,3,0,-145,-4,10.53
fold2_room1_mix0181,11,4,0,174,0,33.91
fold2_room1_mix0181,11,4,0,5,0,41.21
fold2_room1_mix0181,12,3,0,-147,-4,13.89
fold2_room1_mix0181,12,4,0,175,0,35.05
fold2_room1_mix0181,12,4,0,7,0,41.20
fold2_room1_mix0181,13,3,0,-146,-3,15.07
fold2_room1_mix0181,13,4,0,176,0,32.79
fold2_room1_mix0181,13,4,0,4,0,35.57
fold2_room1_mix0181,14,3,0,-140,-4,13.26
fold2_room1_mix0181,14,4,0,176,0,34.26
fold2_room1_mix0181,14,4,0,4,0,39.78
fold2_room1_mix0181,15,3,0,-138,-4,14.08
fold2_room1_mix0181,15,4,0,171,0,38.41
fold2_room1_mix0181,15,4,0,5,0,43.33
fold2_room1_mix0181,16,3,0,-134,-3,13.49
fold2_room1_mix0181,16,4,0,174,0,32.30
fold2_room1_mix0181,16,4,0,6,0,36.33
fold2_room1_mix0181,17,3,0,-131,-3,10.80
fold2_room1_mix0181,17,4,0,175,0,33.67
fold2_room1_mix0181,17,4,0,6,1,38.18
fold2_room1_mix0181,18,3,0,-120,-3,7.88
fold2_room1_mix0181,18,4,0,172,0,40.58
fold2_room1_mix0181,18,4,0,8,1,47.31
fold2_room1_mix0181,19,2,0,-135,-4,4.63
fold2_room1_mix0181,19,4,0,176,0,41.67
fold2_room1_mix0181,19,4,0,7,1,51.40
fold2_room1_mix0181,20,2,0,-129,-5,5.65
fold2_room1_mix0181,20,4,0,175,0,45.76
fold2_room1_mix0181,20,4,0,9,0,54.53
fold2_room1_mix0181,21,2,0,-121,-5,5.58
fold2_room1_mix0181,21,3,0,-135,-4,11.44
fold2_room1_mix0181,21,4,0,177,0,34.33
fold2_room1_mix0181,21,4,0,9,1,41.04
fold2_room1_mix0181,22,2,0,-123,-5,4.40
fold2_room1_mix0181,22,3,0,-141,-4,14.28
fold2_room1_mix0181,22,4,0,176,1,41.58
fold2_room1_mix0181,22,4,0,8,1,46.06
fold2_room1_mix0181,23,2,0,-123,-6,3.95
fold2_room1_mix0181,23,3,0,-141,-4,14.34
fold2_room1_mix0181,23,4,0,179,0,30.57
fold2_room1_mix0181,23,4,0,7,1,34.89
fold2_room1_mix0181,24,2,0,-118,-6,3.09
fold2_room1_mix0181,24,3,0,-143,-4,15.43
fold2_room1_mix0181,24,4,0,177,0,34.61
fold2_room1_mix0181,24,4,0,8,0,43.86
fold2_room1_mix0181,25,3,0,-132,-4,12.77
fold2_room1_mix0181,25,4,0,177,0,36.51
fold2_room1_mix0181,25,4,0,8,0,43.94
fold2_room1_mix0181,26,3,0,-136,-4,14.22
fold2_room1_mix0181,26,4,0,178,0,30.08
fold2_room1_mix0181,26,4,0,8,0,39.78
fold2_room1_mix0181,27,3,0,-135,-4,12.71
fold2_room1_mix0181,27,4,0,176,0,28.99
fold2_room1_mix0181,27,4,0,8,0,33.36
fold2_room1_mix0181,28,3,0,-133,-4,13.02
fold2_room1_mix0181,28,4,0,174,0,26.25
fold2_room1_mix0181,28,4,0,7,0,34.15
fold2_room1_mix0181,29,2,0,-118,-5,5.26
fold2_room1_mix0181,29,3,0,-135,-3,13.15
fold2_room1_mix0181,29,4,0,175,0,28.26
fold2_room1_mix0181,29,4,0,5,0,35.38
fold2_room1_mix0181,30,2,0,-113,-5,5.25
fold2_room1_mix0181,30,3,0,-133,-3,12.32
fold2_room1_mix0181,30,4,0,178,0,28.13
fold2_room1_mix0181,30,4,0,5,1,39.02
fold2_room1_mix0181,31,2,0,-107,-5,5.54
fold2_room1_mix0181,31,3,0,-130,-3,13.90
fold2_room1_mix0181,31,4,0,175,-1,32.93
fold2_room1_mix0181,31,4,0,4,0,47.23
fold2_room1_mix0181,32,2,0,-101,-7,4.17
fold2_room1_mix0181,32,3,0,-137,-3,13.99
fold2_room1_mix0181,32,4,0,178,-1,25.79
fold2_room1_mix0181,32,4,0,5,0,40.18
fold2_room1_mix0181,33,2,0,-104,-8,4.36
fold2_room1_mix0181,33,3,0,-134,-3,13.92
fold2_room1_mix0181,33,4,0,176,-1,26.99
fold2_room1_mix0181,33,4,0,7,1,38.41
fold2_room1_mix0181,34,2,0,-102,-7,4.08
fold2_room1_mix0181,34,3,0,-133,-3,13.41
fold2_room1_mix0181,34,4,0,176,-1,28.89
fold2_room1_mix0181,34,4,0,9,1,41.03
fold2_room1_mix0181,35,3,0,-128,-3,12.46
fold2_room1_mix0181,35,4,0,177,0,32.63
fold2_room1_mix0181,35,4,0,8,0,43.17
fold2_room1_mix0181,36,3,0,-120,-3,12.05
fold2_room1_mix0181,36,4,0,175,0,31.03
fold2_room1_mix0181,36,4,0,10,1,43.50
fold2_room1_mix0181,37,3,0,-116,-3,10.48
fold2_room1_mix0181,37,4,0,173,0,29.05
fold2_room1_mix0181,37,4,0,13,2,36.45
fold2_room1_mix0181,38,3,0,-112,-2,6.69
fold2_room1_mix0181,38,4,0,173,0,27.52
fold2_room1_mix0181,38,4,0,9,3,34.89
fold2_room1_mix0181,39,2,0,-90,-6,5.41
fold2_room1_mix0181,39,4,0,173,0,30.09
fold2_room1_mix0181,39,4,0,7,2,34.56
fold2_room1_mix0181,40,2,0,-84,-6,6.38
fold2_room1_mix0181,40,4,0,174,0,31.84
fold2_room1_mix0181,40,4,0,8,0,33.64
fold2_room1_mix0181,41,2,0,-84,-6,5.95
fold2_room1_mix0181,41,4,0,173,-1,28.30
fold2_room1_mix0181,41,4,0,5,0,33.35
fold2_room1_mix0181,42,2,0,-82,-7,5.18
fold2_room1_mix0181,42,4,0,175,-1,26.58
fold2_room1_mix0181,42,4,0,4,0,29.98
fold2_room1_mix0181,43,2,0,-79,-7,5.27
fold2_room1_mix0181,43,4,0,177,-1,28.83
fold2_room1_mix0181,43,4,0,6,0,31.94
fold2_room1_mix0181,44,2,0,-76,-6,5.60
fold2_room1_mix0181,44,4,0,173,-1,29.71
fold2_room1_mix0181,44,4,0,6,0,30.44
fold2_room1_mix0181,45,4,0,173,0,28.67
fold2_room1_mix0181,45,4,0,6,0,27.08
fold2_room1_mix0181,46,4,0,174,-1,27.35
fold2_room1_mix0181,46,4,0,6,0,27.70
fold2_room1_mix0181,47,4,0,174,-1,25.67
fold2_room1_mix0181,47,4,0,7,-1,26.22
fold2_room1_mix0181,48,4,0,170,0,27.93
fold2_room1_mix0181,48,4,0,6,0,26.59
fold2_room1_mix0181,49,2,0,-65,-6,6.19
fold2_room1_mix0181,49,4,0,172,-1,26.90
fold2_room1_mix0181,49,4,0,9,-1,25.27
fold2_room1_mix0181,50,2,0,-64,-5,6.65
fold2_room1_mix0181,50,4,0,170,-1,25.18
fold2_room1_mix0181,50,4,0,9,-1,25.20
fold2_room1_mix0181,51,2,0,-58,-5,5.90
fold2_room1_mix0181,51,4,0,171,-2,23.45
fold2_room1_mix0181,51,4,0,11,-1,24.12
fold2_room1_mix0181,52,2,0,-56,-5,6.67
fold2_room1_mix0181,52,4,0,170,-1,23.58
fold2_room1_mix0181,52,4,0,7,-1,24.00
fold2_room1_mix0181,53,2,0,-52,-5,6.54
fold2_room1_mix0181,53,4,0,171,-1,24.32
fold2_room1_mix0181,53,4,0,11,-1,23.00
fold2_room1_mix0181,54,2,0,-58,-4,2.22
fold2_room1_mix0181,54,4,0,171,-1,22.14
fold2_room1_mix0181,54,4,0,12,-1,23.59
fold2_room1_mix0181,55,4,0,172,-1,22.65
fold2_room1_mix0181,55,4,0,12,-1,22.12
fold2_room1_mix0181,56,4,0,174,-1,21.93
fold2_room1_mix0181,56,4,0,13,-2,21.40
fold2_room1_mix0181,57,4,0,174,-2,20.44
fold2_room1_mix0181,57,4,0,13,-2,19.36
fold2_room1_mix0181,58,2,0,-49,-3,8.43
fold2_room1_mix0181,58,4,0,171,-1,19.49
fold2_room1_mix0181,58,4,0,16,-1,19.04
fold2_room1_mix0181,59,2,0,-47,-4,9.13
fold2_room1_mix0181,59,4,0,171,-2,19.62
fold2_room1_mix0181,59,4,0,16,-3,17.71
fold2_room1_mix0181,60,2,0,-45,-4,9.26
fold2_room1_mix0181,60,4,0,170,-2,17.79
fold2_room1_mix0181,60,4,0,18,-3,15.78
fold2_room1_mix0181,61,2,0,-45,-4,7.96
fold2_room1_mix0181,61,4,0,170,-2,16.02
fold2_room1_mix0181,61,4,0,16,-3,14.77
fold2_room1_mix0181,62,2,0,-43,-4,7.62
fold2_room1_mix0181,62,4,0,170,-2,16.18
fold2_room1_mix0181,62,4,0,20,-3,13.65
fold2_room1_mix0181,63,2,0,-44,-4,7.93
fold2_room1_mix0181,63,4,0,169,-2,14.98
fold2_room1_mix0181,63,4,0,24,-3,12.89
fold2_room1_mix0181,64,2,0,-43,-3,6.28
fold2_room1_mix0181,64,4,0,166,-2,14.25
fold2_room1_mix0181,64,4,0,41,-5,11.93
fold2_room1_mix0181,64,4,0,18,-1,15.74
fold2_room1_mix0181,65,4,0,167,-2,13.59
fold2_room1_mix0181,65,4,0,44,-5,10.41
fold2_room1_mix0181,65,4,0,21,-1,13.68
fold2_room1_mix0181,66,4,0,168,-3,11.34
fold2_room1_mix0181,66,4,0,38,-5,9.15
fold2_room1_mix0181,66,4,0,20,-1,13.32
fold2_room1_mix0181,67,4,0,166,-4,9.65
fold2_room1_mix0181,67,4,0,60,-5,9.73
fold2_room1_mix0181,67,4,0,23,-2,12.65
fold2_room1_mix0181,68,4,0,166,-4,8.30
fold2_room1_mix0181,68,4,0,58,-4,9.37
fold2_room1_mix0181,68,4,0,29,-2,11.69
fold2_room1_mix0181,69,4,0,159,-5,6.52
fold2_room1_mix0181,69,4,0,106,-7,7.65
fold2_room1_mix0181,69,4,0,32,-4,8.53
fold2_room1_mix0181,70,2,0,-48,-3,1.97
fold2_room1_mix0181,70,4,0,158,-6,5.73
fold2_room1_mix0181,70,4,0,85,-8,6.82
fold2_room1_mix0181,70,4,0,32,-4,8.43
fold2_room1_mix0181,71,4,0,157,-7,4.34
fold2_room1_mix0181,71,4,0,47,-5,6.86
fold2_room1_mix0181,72,4,0,151,-7,4.25
fold2_room1_mix0181,72,4,0,107,-8,5.88
fold2_room1_mix0181,72,4,0,44,-6,6.09
fold2_room1_mix0181,73,4,0,146,-9,3.80
fold2_room1_mix0181,73,4,0,126,-8,5.34
fold2_room1_mix0181,73,4,0,53,-6,6.13
fold2_room1_mix0181,74,4,0,141,-9,3.55
fold2_room1_mix0181,74,4,0,94,-12,4.39
fold2_room1_mix0181,74,4,0,50,-6,6.01
fold2_room1_mix0181,75,4,0,122,-9,3.88
fold2_room1_mix0181,75,4,0,90,-12,3.92
fold2_room1_mix0181,75,4,0,52,-8,5.90
fold2_room1_mix0181,76,4,0,106,-10,4.12
fold2_room1_mix0181,76,4,0,91,-12,3.66
fold2_room1_mix0181,76,4,0,61,-6,6.48
fold2_room1_mix0181,77,4,0,96,-8,5.72
fold2_room1_mix0181,77,4,0,81,-12,3.56
fold2_room1_mix0181,77,4,0,56,-8,5.64
fold2_room1_mix0181,78,4,0,102,-7,5.90
fold2_room1_mix0181,78,4,0,69,-10,3.87
fold2_room1_mix0181,78,4,0,44,-8,5.10
fold2_room1_mix0181,79,2,0,-45,-4,8.88
fold2_room1_mix0181,79,4,0,118,-5,6.50
fold2_room1_mix0181,79,4,0,57,-7,4.53
fold2_room1_mix0181,79,4,0,41,-6,5.59
fold2_room1_mix0181,80,2,0,-41,-3,7.20
fold2_room1_mix0181,80,4,0,122,-5,7.74
fold2_room1_mix0181,80,4,0,41,-6,5.49
fold2_room1_mix0181,81,4,0,127,-3,8.48
fold2_room1_mix0181,81,4,0,37,-5,5.16
fold2_room1_mix0181,82,4,0,130,-3,8.45
fold2_room1_mix0181,82,4,0,32,-4,6.16
fold2_room1_mix0181,83,4,0,132,-3,8.40
fold2_room1_mix0181,83,4,0,29,-4,5.92
fold2_room1_mix0181,84,4,0,141,-2,9.06
fold2_room1_mix0181,84,4,0,27,-4,6.10
fold2_room1_mix0181,85,4,0,143,-2,9.64
fold2_room1_mix0181,85,4,0,25,-3,7.31
fold2_room1_mix0181,86,4,0,146,-1,10.18
fold2_room1_mix0181,86,4,0,24,-3,8.00
fold2_room1_mix0181,87,4,0,143,-1,11.38
fold2_room1_mix0181,87,4,0,23,-3,8.25
fold2_room1_mix0181,88,4,0,146,-1,11.49
fold2_room1_mix0181,88,4,0,23,-2,9.13
fold2_room1_mix0181,89,4,0,146,-1,12.48
fold2_room1_mix0181,89,4,0,22,-2,9.95
fold2_room1_mix0181,90,4,0,149,-1,12.32
fold2_room1_mix0181,90,4,0,20,-2,10.70
fold2_room1_mix0181,91,4,0,150,-1,14.34
fold2_room1_mix0181,91,4,0,19,-2,12.54
fold2_room1_mix0181,92,4,0,151,-1,14.06
fold2_room1_mix0181,92,4,0,20,-2,12.88
fold2_room1_mix0181,93,4,0,149,-2,14.76
fold2_room1_mix0181,93,4,0,18,-2,13.62
fold2_room1_mix0181,94,4,0,156,-1,15.27
fold2_room1_mix0181,94,4,0,18,-1,16.02
fold2_room1_mix0181,95,4,0,158,-1,16.29
fold2_room1_mix0181,95,4,0,16,-1,16.74
fold2_room1_mix0181,96,4,0,159,-1,16.04
fold2_room1_mix0181,96,4,0,15,-1,16.64
fold2_room1_mix0181,97,4,0,162,-1,16.96
fold2_room1_mix0181,97,4,0,15,-1,18.01
fold2_room1_mix0181,98,4,0,163,-1,18.64
fold2_room1_mix0181,98,4,0,14,0,19.65
fold2_room1_mix0181,99,4,0,163,-1,18.73
fold2_room1_mix0181,99,4,0,13,-1,19.95
fold2_room1_mix0182,0,5,0,13,4,3.11
fold2_room1_mix0182,1,5,0,10,2,7.49
fold2_room1_mix0182,2,5,0,10,2,10.59
fold2_room1_mix0182,3,4,0,0,2,2.54
fold2_room1_mix0182,3,5,0,10,4,5.21
fold2_room1_mix0182,4,4,0,1,0,10.13
fold2_room1_mix0182,4,5,0,8,3,11.21
fold2_room1_mix0182,5,4,0,4,0,11.50
fold2_room1_mix0182,5,5,0,12,5,8.00
fold2_room1_mix0182,6,4,0,3,-1,16.91
fold2_room1_mix0182,6,5,0,11,4,10.12
fold2_room1_mix0182,7,4,0,5,-1,27.15
fold2_room1_mix0182,7,5,0,8,5,8.25
fold2_room1_mix0182,8,4,0,5,-1,26.05
fold2_room1_mix0182,8,5,0,13,5,8.51
fold2_room1_mix0182,9,4,0,5,-1,27.85
fold2_room1_mix0182,9,5,0,9,6,6.41
fold2_room1_mix0182,10,4,0,4,-1,25.39
fold2_room1_mix0182,10,5,0,13,6,7.32
fold2_room1_mix0182,11,4,0,5,-1,29.33
fold2_room1_mix0182,11,5,0,16,5,8.43
fold2_room1_mix0182,12,4,0,6,-1,25.28
fold2_room1_mix0182,12,5,0,7,5,6.43
fold2_room1_mix0182,13,4,0,5,-2,27.57
fold2_room1_mix0182,13,5,0,9,6,6.58
fold2_room1_mix0182,14,4,0,4,-1,26.30
fold2_room1_mix0182,14,5,0,14,6,5.74
fold2_room1_mix0182,15,4,0,5,-1,26.20
fold2_room1_mix0182,15,5,0,15,5,8.10
fold2_room1_mix0182,16,4,0,5,-2,23.97
fold2_room1_mix0182,16,5,0,15,7,5.48
fold2_room1_mix0182,17,4,0,5,-2,25.07
fold2_room1_mix0182,17,5,0,14,5,7.46
fold2_room1_mix0182,18,4,0,5,-2,23.40
fold2_room1_mix0182,18,5,0,16,6,6.47
fold2_room1_mix0182,19,4,0,5,-1,24.13
fold2_room1_mix0182,19,5,0,15,5,7.37
fold2_room1_mix0182,20,4,0,3,-2,23.24
fold2_room1_mix0182,20,5,0,16,5,7.65
fold2_room1_mix0182,21,4,0,5,-2,22.77
fold2_room1_mix0182,21,5,0,15,6,5.68
fold2_room1_mix0182,22,4,0,4,-2,21.99
fold2_room1_mix0182,22,5,0,13,5,8.09
fold2_room1_mix0182,23,4,0,3,-2,20.39
fold2_room1_mix0182,23,5,0,18,5,7.48
fold2_room1_mix0182,24,4,0,4,-2,20.40
fold2_room1_mix0182,24,5,0,16,6,6.12
fold2_room1_mix0182,25,4,0,5,-2,19.55
fold2_room1_mix0182,25,5,0,12,7,5.77
fold2_room1_mix0182,26,4,0,4,-2,19.60
fold2_room1_mix0182,26,5,0,16,5,6.89
fold2_room1_mix0182,27,4,0,5,-2,17.93
fold2_room1_mix0182,27,5,0,16,7,5.26
fold2_room1_mix0182,28,4,0,4,-2,17.10
fold2_room1_mix0182,28,5,0,16,8,5.05
fold2_room1_mix0182,29,4,0,5,-2,16.93
fold2_room1_mix0182,29,5,0,16,6,6.12
fold2_room1_mix0182,30,4,0,5,-3,16.03
fold2_room1_mix0182,30,5,0,16,6,5.95
fold2_room1_mix0182,31,4,0,5,-3,15.32
fold2_room1_mix0182,31,5,0,17,6,6.19
fold2_room1_mix0182,32,4,0,6,-3,14.12
fold2_room1_mix0182,32,5,0,17,10,4.30
fold2_room1_mix0182,33,4,0,5,-3,13.65
fold2_room1_mix0182,33,5,0,18,8,4.80
fold2_room1_mix0182,34,4,0,6,-3,12.25
fold2_room1_mix0182,34,5,0,19,9,4.33
fold2_room1_mix0182,35,4,0,5,-4,12.18
fold2_room1_mix0182,35,5,0,18,9,4.53
fold2_room1_mix0182,36,4,0,5,-4,10.93
fold2_room1_mix0182,36,5,0,21,11,3.76
fold2_room1_mix0182,37,4,0,7,-4,10.21
fold2_room1_mix0182,37,5,0,22,13,3.10
fold2_room1_mix0182,38,4,0,6,-4,9.08
fold2_room1_mix0182,38,5,0,20,9,4.79
fold2_room1_mix0182,39,4,0,6,-4,9.42
fold2_room1_mix0182,39,5,0,23,10,4.14
fold2_room1_mix0182,40,4,0,9,-5,8.19
fold2_room1_mix0182,40,5,0,20,11,3.90
fold2_room1_mix0182,41,4,0,7,-4,9.80
fold2_room1_mix0182,41,5,0,25,11,3.51
fold2_room1_mix0182,42,4,0,6,-5,8.58
fold2_room1_mix0182,42,5,0,32,12,3.21
fold2_room1_mix0182,43,4,0,7,-5,8.35
fold2_room1_mix0182,43,5,0,32,15,2.66
fold2_room1_mix0182,44,4,0,9,-6,7.36
fold2_room1_mix0182,44,5,0,28,15,2.77
fold2_room1_mix0182,45,4,0,10,-7,7.03
fold2_room1_mix0182,45,5,0,31,15,2.80
fold2_room1_mix0182,46,4,0,9,-7,7.10
fold2_room1_mix0182,46,5,0,30,17,2.46
fold2_room1_mix0182,47,4,0,21,-18,1.53
fold2_room1_mix0182,47,4,0,6,-3,10.54
fold2_room1_mix0182,47,5,0,32,13,3.55
fold2_room1_mix0182,48,0,0,53,-1,7.45
fold2_room1_mix0182,48,4,0,21,-16,2.73
fold2_room1_mix0182,48,4,0,7,2,15.62
fold2_room1_mix0182,48,5,0,29,16,3.28
fold2_room1_mix0182,49,0,0,64,-1,4.72
fold2_room1_mix0182,49,4,0,53,-29,1.49
fold2_room1_mix0182,49,4,0,17,-1,18.31
fold2_room1_mix0182,49,5,0,32,14,3.59
fold2_room1_mix0182,50,0,0,58,-1,4.02
fold2_room1_mix0182,50,4,0,81,-38,1.08
fold2_room1_mix0182,50,4,0,103,-30,2.19
fold2_room1_mix0182,50,4,0,12,-2,14.94
fold2_room1_mix0182,50,5,0,35,16,3.17
fold2_room1_mix0182,51,0,0,80,-1,3.98
fold2_room1_mix0182,51,4,0,132,-23,2.31
fold2_room1_mix0182,51,4,0,8,0,12.11
fold2_room1_mix0182,51,5,0,30,15,3.84
fold2_room1_mix0182,52,0,0,67,-1,3.46
fold2_room1_mix0182,52,4,0,149,-22,1.54
fold2_room1_mix0182,52,4,0,9,-1,9.08
fold2_room1_mix0182,52,5,0,32,15,3.53
fold2_room1_mix0182,53,0,0,72,-2,6.77
fold2_room1_mix0182,53,4,0,158,-13,2.47
fold2_room1_mix0182,53,4,0,12,0,11.65
fold2_room1_mix0182,53,5,0,28,14,3.79
fold2_room1_mix0182,54,0,0,71,-1,6.92
fold2_room1_mix0182,54,4,0,156,-12,2.34
fold2_room1_mix0182,54,4,0,7,0,8.67
fold2_room1_mix0182,54,5,0,31,13,3.98
fold2_room1_mix0182,55,0,0,82,-2,7.76
fold2_room1_mix0182,55,4,0,157,-11,2.41
fold2_room1_mix0182,55,4,0,4,-3,7.02
fold2_room1_mix0182,55,5,0,34,12,4.21
fold2_room1_mix0182,56,0,0,79,-2,7.76
fold2_room1_mix0182,56,4,0,158,-9,2.24
fold2_room1_mix0182,56,4,0,7,-2,6.70
fold2_room1_mix0182,56,5,0,36,15,3.05
fold2_room1_mix0182,57,0,0,79,-1,5.91
fold2_room1_mix0182,57,4,0,162,-7,2.82
fold2_room1_mix0182,57,4,0,21,-9,4.45
fold2_room1_mix0182,57,4,0,2,-3,7.08
fold2_room1_mix0182,57,5,0,39,18,2.52
fold2_room1_mix0182,58,0,0,76,-1,7.69
fold2_room1_mix0182,58,4,0,162,-8,2.92
fold2_room1_mix0182,58,4,0,26,-11,3.51
fold2_room1_mix0182,58,4,0,4,-5,5.36
fold2_room1_mix0182,58,5,0,42,17,2.36
fold2_room1_mix0182,59,0,0,84,-1,2.45
fold2_room1_mix0182,59,4,0,168,-7,3.85
fold2_room1_mix0182,59,4,0,30,-12,2.71
fold2_room1_mix0182,59,4,0,8,-7,5.06
fold2_room1_mix0182,59,5,0,52,21,1.84
fold2_room1_mix0182,60,0,0,75,-1,5.56
fold2_room1_mix0182,60,4,0,173,-6,4.70
fold2_room1_mix0182,60,4,0,30,-11,2.61
fold2_room1_mix0182,60,4,0,10,-6,5.30
fold2_room1_mix0182,60,5,0,43,21,1.95
fold2_room1_mix0182,61,0,0,81,-2,4.74
fold2_room1_mix0182,61,4,0,175,-5,5.52
fold2_room1_mix0182,61,4,0,43,-14,2.74
fold2_room1_mix0182,61,4,0,13,-7,5.10
fold2_room1_mix0182,61,5,0,47,19,2.23
fold2_room1_mix0182,62,0,0,93,-2,8.88
fold2_room1_mix0182,62,4,0,-179,-6,4.93
fold2_room1_mix0182,62,4,0,34,-13,2.07
fold2_room1_mix0182,62,4,0,15,-9,3.79
fold2_room1_mix0182,62,5,0,36,17,2.60
fold2_room1_mix0182,63,0,0,98,-1,10.23
fold2_room1_mix0182,63,4,0,179,-7,5.55
fold2_room1_mix0182,63,4,0,40,-16,1.96
fold2_room1_mix0182,63,4,0,19,-10,4.11
fold2_room1_mix0182,63,5,0,43,17,2.63
fold2_room1_mix0182,64,0,0,101,-1,10.00
fold2_room1_mix0182,64,4,0,174,-11,4.39
fold2_room1_mix0182,64,4,0,76,-32,1.26
fold2_room1_mix0182,64,4,0,30,-16,3.79
fold2_room1_mix0182,64,5,0,33,15,3.11
fold2_room1_mix0182,65,0,0,104,-1,9.20
fold2_room1_mix0182,65,4,0,174,-10,5.21
fold2_room1_mix0182,65,4,0,113,-30,2.00
fold2_room1_mix0182,65,4,0,36,-15,4.41
fold2_room1_mix0182,65,5,0,37,15,2.98
fold2_room1_mix0182,66,0,0,109,-1,9.29
fold2_room1_mix0182,66,4,0,176,-9,5.41
fold2_room1_mix0182,66,4,0,151,-17,3.36
fold2_room1_mix0182,66,4,0,42,-14,5.59
fold2_room1_mix0182,66,5,0,42,18,2.70
fold2_room1_mix0182,67,0,0,108,-1,11.66
fold2_room1_mix0182,67,4,0,174,-7,5.92
fold2_room1_mix0182,67,4,0,158,-14,3.60
fold2_room1_mix0182,67,4,0,91,-18,5.71
fold2_room1_mix0182,67,5,0,40,18,2.60
fold2_room1_mix0182,68,0,0,121,-1,12.73
fold2_room1_mix0182,68,4,0,171,-6,6.76
fold2_room1_mix0182,68,4,0,146,-14,3.87
fold2_room1_mix0182,68,5,0,34,12,3.03
fold2_room1_mix0182,69,0,0,125,-1,14.45
fold2_room1_mix0182,69,4,0,172,-5,7.66
fold2_room1_mix0182,69,4,0,147,-11,4.68
fold2_room1_mix0182,69,5,0,32,12,3.15
fold2_room1_mix0182,70,0,0,124,-1,13.85
fold2_room1_mix0182,70,4,0,173,-4,9.05
fold2_room1_mix0182,70,4,0,156,-10,4.14
fold2_room1_mix0182,70,5,0,31,9,4.01
fold2_room1_mix0182,71,0,0,134,-1,15.91
fold2_room1_mix0182,71,4,0,170,-5,7.35
fold2_room1_mix0182,71,5,0,36,13,2.99
fold2_room1_mix0182,72,0,0,137,-1,17.20
fold2_room1_mix0182,72,4,0,171,-5,7.71
fold2_room1_mix0182,72,5,0,26,11,3.17
fold2_room1_mix0182,73,0,0,140,-1,14.37
fold2_room1_mix0182,73,4,0,171,-4,8.63
fold2_room1_mix0182,73,5,0,44,19,2.59
fold2_room1_mix0182,74,0,0,137,0,5.84
fold2_room1_mix0182,74,4,0,174,-3,9.31
fold2_room1_mix0182,74,5,0,83,26,2.04
fold2_room1_mix0182,75,4,0,173,-3,9.55
fold2_room1_mix0182,75,5,0,93,26,1.97
fold2_room1_mix0182,76,4,0,173,-2,10.62
fold2_room1_mix0182,76,5,0,104,26,2.06
fold2_room1_mix0182,77,4,0,172,-3,11.27
fold2_room1_mix0182,77,5,0,124,18,2.75
fold2_room1_mix0182,78,4,0,173,-2,11.60
fold2_room1_mix0182,78,5,0,122,19,2.59
fold2_room1_mix0182,79,4,0,173,-2,12.52
fold2_room1_mix0182,79,5,0,127,18,2.57
fold2_room1_mix0182,80,4,0,174,-2,13.84
fold2_room1_mix0182,80,5,0,132,19,2.39
fold2_room1_mix0182,81,4,0,173,-2,14.38
fold2_room1_mix0182,81,5,0,130,16,3.01
fold2_room1_mix0182,82,4,0,173,-2,14.28
fold2_room1_mix0182,82,5,0,132,16,2.84
fold2_room1_mix0182,83,4,0,173,-2,15.61
fold2_room1_mix0182,83,5,0,133,16,2.91
fold2_room1_mix0182,84,4,0,174,-2,16.70
fold2_room1_mix0182,84,5,0,136,14,3.19
fold2_room1_mix0182,85,4,0,173,-2,15.71
fold2_room1_mix0182,85,5,0,137,14,3.16
fold2_room1_mix0182,86,4,0,174,-2,16.44
fold2_room1_mix0182,86,5,0,141,14,3.45
fold2_room1_mix0182,87,4,0,175,-2,17.17
fold2_room1_mix0182,87,5,0,141,14,3.42
fold2_room1_mix0182,88,4,0,175,-2,17.62
fold2_room1_mix0182,88,5,0,144,14,3.41
fold2_room1_mix0182,89,4,0,176,-1,18.56
fold2_room1_mix0182,89,5,0,147,15,3.41
fold2_room1_mix0182,90,4,0,175,-1,18.83
fold2_room1_mix0182,90,5,0,146,14,3.62
fold2_room1_mix0182,91,4,0,175,-1,19.01
fold2_room1_mix0182,91,5,0,146,13,3.70
fold2_room1_mix0182,92,4,0,175,-1,19.56
fold2_room1_mix0182,92,5,0,148,14,3.53
fold2_room1_mix0182,93,4,0,175,-1,20.44
fold2_room1_mix0182,93,5,0,145,12,3.87
fold2_room1_mix0182,94,4,0,174,-1,21.60
fold2_room1_mix0182,94,5,0,148,12,3.90
fold2_room1_mix0182,95,4,0,175,-1,20.92
fold2_room1_mix0182,95,5,0,150,13,3.78
fold2_room1_mix0182,96,4,0,176,-1,21.79
fold2_room1_mix0182,96,5,0,149,14,3.46
fold2_room1_mix0182,97,4,0,175,0,23.79
fold2_room1_mix0182,97,5,0,150,12,4.05
fold2_room1_mix0182,98,4,0,175,-1,21.41
fold2_room1_mix0182,98,5,0,149,12,3.84
fold2_room1_mix0182,99,4,0,177,-1,19.73
fold2_room1_mix0182,99,5,0,148,12,4.10
fold2_room1_mix0183,4,4,0,-16,-1,13.97
fold2_room1_mix0183,5,4,0,-15,-1,18.29
fold2_room1_mix0183,6,4,0,-14,-1,19.15
fold2_room1_mix0183,8,4,0,-15,-1,27.22
fold2_room1_mix0183,9,4,0,-17,-2,27.16
fold2_room1_mix0183,10,4,0,-13,-1,26.69
fold2_room1_mix0183,11,4,0,-18,-1,26.86
fold2_room1_mix0183,12,4,0,-17,-1,26.53
fold2_room1_mix0183,13,4,0,-18,-1,25.94
fold2_room1_mix0183,14,4,0,-17,-1,25.14
fold2_room1_mix0183,15,4,0,-15,-1,25.35
fold2_room1_mix0183,16,4,0,-17,-1,23.43
fold2_room1_mix0183,17,4,0,-19,-1,23.74
fold2_room1_mix0183,18,4,0,-19,-1,23.09
fold2_room1_mix0183,19,4,0,-20,-1,23.20
fold2_room1_mix0183,20,4,0,-20,-1,23.75
fold2_room1_mix0183,21,4,0,-22,-1,21.91
fold2_room1_mix0183,22,4,0,-20,-1,22.22
fold2_room1_mix0183,23,4,0,-20,-1,21.88
fold2_room1_mix0183,24,4,0,-22,-1,21.39
fold2_room1_mix0183,25,4,0,-23,-1,21.54
fold2_room1_mix0183,26,4,0,-33,-2,18.45
fold2_room1_mix0183,26,4,0,-15,-1,21.56
fold2_room1_mix0183,27,4,0,-22,-1,20.81
fold2_room1_mix0183,28,4,0,-22,-1,19.96
fold2_room1_mix0183,29,4,0,-35,-2,16.51
fold2_room1_mix0183,29,4,0,-13,-1,21.01
fold2_room1_mix0183,30,4,0,-38,-2,15.11
fold2_room1_mix0183,30,4,0,-18,-1,20.24
fold2_room1_mix0183,31,4,0,-25,-2,18.04
fold2_room1_mix0183,32,4,0,-26,-2,17.98
fold2_room1_mix0183,33,4,0,-28,-2,17.34
fold2_room1_mix0183,34,4,0,-34,-3,14.79
fold2_room1_mix0183,34,4,0,-13,0,22.92
fold2_room1_mix0183,35,4,0,-37,-2,14.24
fold2_room1_mix0183,35,4,0,-18,0,21.09
fold2_room1_mix0183,36,4,0,-38,-3,14.19
fold2_room1_mix0183,36,4,0,-15,0,22.11
fold2_room1_mix0183,37,4,0,-40,-3,13.69
fold2_room1_mix0183,37,4,0,-16,0,23.27
fold2_room1_mix0183,38,4,0,-40,-3,13.48
fold2_room1_mix0183,38,4,0,-16,0,23.10
fold2_room1_mix0183,39,4,0,-43,-2,13.00
fold2_room1_mix0183,39,4,0,-16,0,22.75
fold2_room1_mix0183,40,4,0,-46,-3,12.66
fold2_room1_mix0183,40,4,0,-19,0,22.12
fold2_room1_mix0183,41,4,0,-46,-3,12.37
fold2_room1_mix0183,41,4,0,-14,0,22.52
fold2_room1_mix0183,42,4,0,-44,-3,12.01
fold2_room1_mix0183,42,4,0,-17,0,20.52
fold2_room1_mix0183,43,4,0,-47,-3,11.45
fold2_room1_mix0183,43,4,0,-16,0,22.15
fold2_room1_mix0183,44,4,0,-45,-3,11.55
fold2_room1_mix0183,44,4,0,-13,0,22.74
fold2_room1_mix0183,45,4,0,-47,-3,11.18
fold2_room1_mix0183,45,4,0,-15,0,21.96
fold2_room1_mix0183,46,4,0,-49,-4,10.34
fold2_room1_mix0183,46,4,0,-15,0,23.74
fold2_room1_mix0183,47,4,0,-49,-3,10.92
fold2_room1_mix0183,47,4,0,-12,0,22.36
fold2_room1_mix0183,48,4,0,-51,-3,10.11
fold2_room1_mix0183,48,4,0,-11,-1,19.69
fold2_room1_mix0183,49,4,0,-52,-3,9.83
fold2_room1_mix0183,49,4,0,-9,-1,19.97
fold2_room1_mix0183,50,4,0,-58,-4,8.45
fold2_room1_mix0183,50,4,0,-41,-3,10.89
fold2_room1_mix0183,50,4,0,-12,-2,17.88
fold2_room1_mix0183,51,4,0,-61,-4,8.03
fold2_room1_mix0183,51,4,0,-35,-3,11.28
fold2_room1_mix0183,51,4,0,-11,-2,16.39
fold2_room1_mix0183,52,4,0,-66,-4,8.06
fold2_room1_mix0183,52,4,0,-35,-3,10.63
fold2_room1_mix0183,52,4,0,-9,-2,15.91
fold2_room1_mix0183,53,4,0,-72,-5,7.43
fold2_room1_mix0183,53,4,0,-24,-2,11.42
fold2_room1_mix0183,53,4,0,-7,-3,13.71
fold2_room1_mix0183,54,4,0,-73,-5,7.55
fold2_room1_mix0183,54,4,0,-19,-2,12.82
fold2_room1_mix0183,54,4,0,-1,-3,13.55
fold2_room1_mix0183,55,4,0,-82,-4,7.66
fold2_room1_mix0183,55,4,0,-2,-3,11.52
fold2_room1_mix0183,56,4,0,-94,-5,7.39
fold2_room1_mix0183,56,4,0,-2,-2,11.90
fold2_room1_mix0183,56,4,0,12,-4,10.37
fold2_room1_mix0183,57,4,0,-86,-5,7.46
fold2_room1_mix0183,57,4,0,5,-4,10.86
fold2_room1_mix0183,58,4,0,-92,-5,7.25
fold2_room1_mix0183,58,4,0,5,-4,9.69
fold2_room1_mix0183,59,4,0,-96,-5,7.00
fold2_room1_mix0183,59,4,0,8,-4,9.31
fold2_room1_mix0183,60,4,0,-96,-6,6.58
fold2_room1_mix0183,60,4,0,7,-4,8.89
fold2_room1_mix0183,61,4,0,-100,-6,6.32
fold2_room1_mix0183,61,4,0,12,-5,8.09
fold2_room1_mix0183,62,4,0,-109,-6,6.28
fold2_room1_mix0183,62,4,0,11,-7,6.17
fold2_room1_mix0183,63,4,0,-103,-5,6.75
fold2_room1_mix0183,63,4,0,25,-8,5.01
fold2_room1_mix0183,64,4,0,-103,-4,7.19
fold2_room1_mix0183,64,4,0,39,-9,4.57
fold2_room1_mix0183,65,4,0,-105,-5,6.25
fold2_room1_mix0183,65,4,0,46,-11,3.23
fold2_room1_mix0183,66,3,0,81,-5,5.76
fold2_room1_mix0183,66,4,0,-111,-9,7.74
fold2_room1_mix0183,66,4,0,66,-14,3.28
fold2_room1_mix0183,67,3,0,74,-4,8.34
fold2_room1_mix0183,67,4,0,-112,-6,6.72
fold2_room1_mix0183,67,4,0,88,-13,3.27
fold2_room1_mix0183,68,3,0,91,-4,7.97
fold2_room1_mix0183,68,4,0,-117,-6,6.58
fold2_room1_mix0183,68,4,0,95,-12,3.43
fold2_room1_mix0183,69,4,0,-127,-4,7.17
fold2_room1_mix0183,69,4,0,117,-9,4.09
fold2_room1_mix0183,70,4,0,-133,-5,7.03
fold2_room1_mix0183,70,4,0,-117,-2,8.25
fold2_room1_mix0183,70,4,0,128,-8,4.02
fold2_room1_mix0183,71,4,0,-129,-2,7.75
fold2_room1_mix0183,71,4,0,131,-6,5.33
fold2_room1_mix0183,72,4,0,155,-5,6.63
fold2_room1_mix0183,72,4,0,-132,-4,8.03
fold2_room1_mix0183,73,4,0,145,-3,7.21
fold2_room1_mix0183,73,4,0,-122,-3,8.28
fold2_room1_mix0183,74,4,0,159,-3,7.15
fold2_room1_mix0183,74,4,0,-153,-2,8.01
fold2_room1_mix0183,74,4,0,-123,-3,8.90
fold2_room1_mix0183,75,4,0,156,-3,7.81
fold2_room1_mix0183,75,4,0,-158,-2,8.59
fold2_room1_mix0183,75,4,0,-122,-2,10.23
fold2_room1_mix0183,76,4,0,148,-2,9.01
fold2_room1_mix0183,76,4,0,-124,-2,9.82
fold2_room1_mix0183,77,3,0,40,-3,11.49
fold2_room1_mix0183,77,4,0,163,-2,11.49
fold2_room1_mix0183,77,4,0,-127,-2,10.70
fold2_room1_mix0183,78,3,0,41,-3,13.35
fold2_room1_mix0183,78,4,0,161,-2,12.25
fold2_room1_mix0183,78,4,0,-137,-1,11.23
fold2_room1_mix0183,79,4,0,-166,0,15.02
fold2_room1_mix0183,79,4,0,-172,0,13.80
fold2_room1_mix0183,80,3,0,55,-3,12.42
fold2_room1_mix0183,80,4,0,-174,0,15.26
fold2_room1_mix0183,80,4,0,-173,0,14.40
fold2_room1_mix0183,81,3,0,55,-3,10.78
fold2_room1_mix0183,81,4,0,172,-1,14.19
fold2_room1_mix0183,81,4,0,-137,-1,11.85
fold2_room1_mix0183,82,3,0,42,-3,13.40
fold2_room1_mix0183,82,4,0,170,-1,13.45
fold2_room1_mix0183,82,4,0,-137,0,12.95
fold2_room1_mix0183,83,3,0,33,-3,12.36
fold2_room1_mix0183,83,4,0,163,0,15.10
fold2_room1_mix0183,83,4,0,-138,0,12.66
fold2_room1_mix0183,84,3,0,36,-3,12.29
fold2_room1_mix0183,84,4,0,172,-1,15.21
fold2_room1_mix0183,84,4,0,-138,0,12.43
fold2_room1_mix0183,85,3,0,14,-3,12.32
fold2_room1_mix0183,85,4,0,168,-1,15.63
fold2_room1_mix0183,85,4,0,-140,0,12.67
fold2_room1_mix0183,86,3,0,-31,-4,12.29
fold2_room1_mix0183,86,4,0,174,-2,14.32
fold2_room1_mix0183,86,4,0,-143,-1,12.09
fold2_room1_mix0183,87,3,0,0,-3,11.15
fold2_room1_mix0183,87,4,0,178,-1,16.97
fold2_room1_mix0183,87,4,0,-146,-1,13.30
fold2_room1_mix0183,88,3,0,-32,-4,9.92
fold2_room1_mix0183,88,4,0,-179,-2,15.83
fold2_room1_mix0183,88,4,0,-147,-1,14.15
fold2_room1_mix0183,89,3,0,-25,-5,7.65
fold2_room1_mix0183,89,4,0,178,-2,17.26
fold2_room1_mix0183,89,4,0,-146,-1,14.13
fold2_room1_mix0183,90,3,0,-6,-4,3.91
fold2_room1_mix0183,90,4,0,174,-1,21.35
fold2_room1_mix0183,90,4,0,-149,0,16.94
fold2_room1_mix0183,91,4,0,170,0,23.03
fold2_room1_mix0183,91,4,0,-145,-1,16.78
fold2_room1_mix0183,92,4,0,168,0,23.07
fold2_room1_mix0183,92,4,0,-144,-1,15.87
fold2_room1_mix0183,93,4,0,171,0,21.81
fold2_room1_mix0183,93,4,0,-144,0,16.12
fold2_room1_mix0183,94,4,0,176,0,22.04
fold2_room1_mix0183,94,4,0,-146,0,17.06
fold2_room1_mix0183,95,4,0,172,0,25.68
fold2_room1_mix0183,95,4,0,-144,0,18.36
fold2_room1_mix0183,96,4,0,173,0,24.16
fold2_room1_mix0183,96,4,0,-149,0,18.42
fold2_room1_mix0183,97,4,0,-179,0,24.48
fold2_room1_mix0183,97,4,0,-154,0,20.30
fold2_room1_mix0183,98,4,0,179,0,24.70
fold2_room1_mix0183,98,4,0,-161,0,22.27
fold2_room1_mix0183,98,4,0,-145,-1,17.89
fold2_room1_mix0183,99,4,0,179,0,23.02
fold2_room1_mix0183,99,4,0,-155,0,19.53
fold2_room1_mix0183,2,4,0,-13,1,1.82
fold2_room1_mix0183,3,4,0,-12,0,5.47
fold2_room1_mix0183,7,4,0,-12,-2,27.98
fold2_room1_mix0184,25,1,0,-175,-2,3.19
fold2_room1_mix0184,30,1,0,-176,-2,6.16
fold2_room1_mix0184,31,1,0,-176,-2,8.98
fold2_room1_mix0184,34,1,0,-172,-2,23.49
fold2_room1_mix0184,35,1,0,-170,-2,27.24
fold2_room1_mix0184,36,1,0,-172,-2,28.01
fold2_room1_mix0184,37,1,0,-171,-3,11.72
fold2_room1_mix0184,37,4,0,179,-4,2.83
fold2_room1_mix0184,38,4,0,-169,-5,2.87
fold2_room1_mix0184,39,1,0,-166,-2,22.12
fold2_room1_mix0184,39,4,0,-167,-6,4.80
fold2_room1_mix0184,40,1,0,-168,-3,21.83
fold2_room1_mix0184,40,4,0,-168,-6,5.67
fold2_room1_mix0184,41,1,0,-164,-3,12.49
fold2_room1_mix0184,41,4,0,-165,-6,4.99
fold2_room1_mix0184,42,1,0,-165,-4,9.37
fold2_room1_mix0184,42,4,0,-163,-10,4.28
fold2_room1_mix0184,43,4,0,-153,-15,3.22
fold2_room1_mix0184,44,1,0,-152,-4,5.90
fold2_room1_mix0184,44,4,0,-150,-17,3.24
fold2_room1_mix0184,45,1,0,-148,-4,7.45
fold2_room1_mix0184,45,4,0,-144,-24,2.60
fold2_room1_mix0184,46,4,0,-130,-31,1.89
fold2_room1_mix0184,47,4,0,-87,-39,1.47
fold2_room1_mix0184,48,4,0,-48,-30,1.44
fold2_room1_mix0184,49,4,0,-30,-18,1.90
fold2_room1_mix0184,50,1,0,-162,-3,17.34
fold2_room1_mix0184,50,4,0,-32,-19,2.52
fold2_room1_mix0184,51,1,0,-157,-3,19.51
fold2_room1_mix0184,51,4,0,-27,-19,2.41
fold2_room1_mix0184,52,1,0,-155,-3,19.12
fold2_room1_mix0184,52,4,0,-24,-11,3.63
fold2_room1_mix0184,53,1,0,-156,-3,2.77
fold2_room1_mix0184,53,4,0,-110,-4,13.02
fold2_room1_mix0184,53,4,0,-29,-9,5.34
fold2_room1_mix0184,54,1,0,-153,-3,14.61
fold2_room1_mix0184,54,4,0,-101,-11,6.98
fold2_room1_mix0184,54,4,0,-25,-10,4.35
fold2_room1_mix0184,55,1,0,-152,-3,18.04
fold2_room1_mix0184,55,4,0,-24,-9,3.90
fold2_room1_mix0184,56,1,0,-151,-3,19.72
fold2_room1_mix0184,56,4,0,-28,-12,4.06
fold2_room1_mix0184,57,1,0,-148,-3,18.26
fold2_room1_mix0184,57,4,0,-26,-11,2.23
fold2_room1_mix0184,58,4,0,-41,-5,8.46
fold2_room1_mix0184,58,4,0,-18,-7,7.17
fold2_room1_mix0184,59,1,0,-148,-3,13.72
fold2_room1_mix0184,59,4,0,-47,-7,4.19
fold2_room1_mix0184,59,4,0,-17,-7,4.02
fold2_room1_mix0184,60,1,0,-136,-4,11.10
fold2_room1_mix0184,60,4,0,-41,-8,3.81
fold2_room1_mix0184,60,4,0,-13,-6,4.53
fold2_room1_mix0184,61,1,0,-120,-4,7.36
fold2_room1_mix0184,61,4,0,-57,-6,8.39
fold2_room1_mix0184,61,4,0,-3,-5,9.01
fold2_room1_mix0184,62,1,0,-111,-5,6.53
fold2_room1_mix0184,62,4,0,-21,-6,6.62
fold2_room1_mix0184,63,1,0,-112,-4,1.72
fold2_room1_mix0184,63,4,0,-28,-6,6.54
fold2_room1_mix0184,63,4,0,-5,-5,7.37
fold2_room1_mix0184,64,1,0,-96,-4,4.29
fold2_room1_mix0184,64,4,0,-19,-6,5.22
fold2_room1_mix0184,65,1,0,-85,-5,5.54
fold2_room1_mix0184,65,4,0,-24,-7,5.04
fold2_room1_mix0184,65,4,0,0,-5,5.92
fold2_room1_mix0184,66,1,0,-71,-5,6.61
fold2_room1_mix0184,66,4,0,9,-6,6.55
fold2_room1_mix0184,67,1,0,-57,-4,6.31
fold2_room1_mix0184,67,4,0,-11,-7,5.05
fold2_room1_mix0184,68,4,0,34,-7,4.23
fold2_room1_mix0184,68,4,0,9,-6,5.21
fold2_room1_mix0184,69,4,0,15,-11,3.98
fold2_room1_mix0184,70,4,0,32,-26,2.16
fold2_room1_mix0184,71,4,0,71,-36,1.51
fold2_room1_mix0184,71,4,0,48,-34,3.09
fold2_room1_mix0184,72,4,0,119,-28,1.59
fold2_room1_mix0184,73,4,0,145,-24,1.89
fold2_room1_mix0184,74,4,0,157,-17,2.49
fold2_room1_mix0184,75,4,0,164,-12,3.72
fold2_room1_mix0184,76,4,0,167,-9,4.85
fold2_room1_mix0184,77,4,0,172,-8,4.80
fold2_room1_mix0184,78,4,0,171,-6,5.26
fold2_room1_mix0184,79,4,0,172,-5,6.44
fold2_room1_mix0184,80,4,0,174,-5,6.79
fold2_room1_mix0184,81,4,0,173,-4,8.10
fold2_room1_mix0184,82,4,0,174,-3,3.92
fold2_room1_mix0184,83,4,0,176,-3,2.48
fold2_room1_mix0184,84,4,0,174,-2,3.01
fold2_room1_mix0185,2,4,0,175,0,3.54
fold2_room1_mix0185,3,1,0,138,-2,18.02
fold2_room1_mix0185,3,4,0,173,0,3.92
fold2_room1_mix0185,4,4,0,172,0,11.57
fold2_room1_mix0185,5,1,0,152,-2,23.63
fold2_room1_mix0185,5,4,0,171,0,12.23
fold2_room1_mix0185,6,1,0,144,-2,22.65
fold2_room1_mix0185,6,4,0,175,0,10.88
fold2_room1_mix0185,7,1,0,141,-2,20.28
fold2_room1_mix0185,7,4,0,172,-1,17.90
fold2_room1_mix0185,8,1,0,132,-2,20.31
fold2_room1_mix0185,8,4,0,174,-1,9.80
fold2_room1_mix0185,9,1,0,139,-2,6.63
fold2_room1_mix0185,9,4,0,-179,-1,16.50
fold2_room1_mix0185,10,1,0,137,-2,19.65
fold2_room1_mix0185,10,4,0,174,-1,17.99
fold2_room1_mix0185,11,1,0,135,-2,17.25
fold2_room1_mix0185,11,4,0,171,-1,16.45
fold2_room1_mix0185,12,1,0,134,-2,20.70
fold2_room1_mix0185,12,4,0,175,-2,17.20
fold2_room1_mix0185,13,1,0,141,-2,20.81
fold2_room1_mix0185,13,4,0,175,0,17.31
fold2_room1_mix0185,14,1,0,131,-2,4.57
fold2_room1_mix0185,14,4,0,176,0,17.02
fold2_room1_mix0185,15,1,0,131,-3,17.01
fold2_room1_mix0185,15,4,0,175,-2,17.34
fold2_room1_mix0185,16,1,0,131,-2,18.14
fold2_room1_mix0185,16,4,0,172,-1,15.18
fold2_room1_mix0185,17,1,0,130,-2,19.94
fold2_room1_mix0185,17,4,0,175,-2,16.19
fold2_room1_mix0185,18,1,0,133,-2,13.12
fold2_room1_mix0185,18,4,0,179,0,18.66
fold2_room1_mix0185,19,1,0,123,-2,4.13
fold2_room1_mix0185,19,4,0,173,-1,12.53
fold2_room1_mix0185,20,1,0,129,-2,20.82
fold2_room1_mix0185,20,4,0,173,-2,14.86
fold2_room1_mix0185,21,1,0,122,-2,17.34
fold2_room1_mix0185,21,4,0,167,-1,16.73
fold2_room1_mix0185,22,1,0,124,-2,20.14
fold2_room1_mix0185,22,4,0,172,-2,13.50
fold2_room1_mix0185,23,1,0,126,-2,10.96
fold2_room1_mix0185,23,4,0,172,-1,13.43
fold2_room1_mix0185,24,1,0,122,-2,17.08
fold2_room1_mix0185,24,4,0,168,-1,12.16
fold2_room1_mix0185,25,1,0,119,-2,19.15
fold2_room1_mix0185,25,4,0,170,-3,14.43
fold2_room1_mix0185,26,1,0,111,-3,15.23
fold2_room1_mix0185,26,4,0,174,-1,17.15
fold2_room1_mix0185,27,1,0,114,-2,17.25
fold2_room1_mix0185,27,4,0,170,-2,13.89
fold2_room1_mix0185,28,1,0,109,-2,4.25
fold2_room1_mix0185,28,4,0,174,-2,12.62
fold2_room1_mix0185,29,4,0,173,-2,11.27
fold2_room1_mix0185,30,4,0,174,-2,12.33
fold2_room1_mix0185,31,4,0,172,-2,11.54
fold2_room1_mix0185,32,4,0,171,-2,10.88
fold2_room1_mix0185,33,4,0,170,-3,10.35
fold2_room1_mix0185,34,4,0,170,-3,9.95
fold2_room1_mix0185,35,4,0,168,-3,9.34
fold2_room1_mix0185,36,4,0,168,-4,9.02
fold2_room1_mix0185,37,4,0,167,-3,9.32
fold2_room1_mix0185,38,4,0,164,-4,8.47
fold2_room1_mix0185,39,4,0,165,-3,8.26
fold2_room1_mix0185,40,4,0,165,-3,8.17
fold2_room1_mix0185,41,4,0,165,-4,7.76
fold2_room1_mix0185,42,4,0,164,-4,7.62
fold2_room1_mix0185,43,2,0,97,-3,10.02
fold2_room1_mix0185,43,4,0,161,-4,7.35
fold2_room1_mix0185,44,2,0,94,-4,9.40
fold2_room1_mix0185,44,4,0,163,-4,7.11
fold2_room1_mix0185,45,2,0,92,-4,9.42
fold2_room1_mix0185,45,4,0,164,-4,6.79
fold2_room1_mix0185,46,2,0,96,-4,9.25
fold2_room1_mix0185,46,4,0,162,-5,7.04
fold2_room1_mix0185,47,4,0,162,-5,7.05
fold2_room1_mix0185,48,4,0,161,-6,5.97
fold2_room1_mix0185,49,4,0,158,-6,5.73
fold2_room1_mix0185,50,4,0,158,-7,5.43
fold2_room1_mix0185,51,4,0,156,-6,5.13
fold2_room1_mix0185,52,2,0,92,-4,10.56
fold2_room1_mix0185,52,4,0,153,-6,4.83
fold2_room1_mix0185,53,2,0,97,-4,12.63
fold2_room1_mix0185,53,4,0,151,-7,4.49
fold2_room1_mix0185,54,2,0,96,-4,11.80
fold2_room1_mix0185,54,4,0,149,-7,4.49
fold2_room1_mix0185,55,2,0,96,-4,10.18
fold2_room1_mix0185,55,4,0,146,-8,3.58
fold2_room1_mix0185,56,2,0,99,-4,10.60
fold2_room1_mix0185,56,4,0,146,-8,3.44
fold2_room1_mix0185,57,4,0,139,-9,3.42
fold2_room1_mix0185,58,4,0,135,-10,3.39
fold2_room1_mix0185,59,4,0,128,-11,3.09
fold2_room1_mix0185,60,4,0,122,-12,2.78
fold2_room1_mix0185,61,4,0,113,-11,2.66
fold2_room1_mix0185,62,4,0,99,-11,2.73
fold2_room1_mix0185,63,2,0,97,-4,10.51
fold2_room1_mix0185,63,4,0,90,-11,2.71
fold2_room1_mix0185,64,2,0,96,-4,10.66
fold2_room1_mix0185,64,4,0,84,-10,2.73
fold2_room1_mix0185,65,2,0,97,-4,13.59
fold2_room1_mix0185,65,4,0,75,-11,3.03
fold2_room1_mix0185,66,2,0,95,-3,12.86
fold2_room1_mix0185,66,4,0,63,-9,3.10
fold2_room1_mix0185,67,2,0,85,-3,11.29
fold2_room1_mix0185,67,4,0,58,-8,3.09
fold2_room1_mix0185,68,4,0,51,-7,2.88
fold2_room1_mix0185,69,4,0,44,-7,3.21
fold2_room1_mix0185,70,4,0,41,-7,3.27
fold2_room1_mix0185,71,4,0,40,-6,3.59
fold2_room1_mix0185,72,4,0,35,-5,3.96
fold2_room1_mix0185,73,2,0,92,-3,12.28
fold2_room1_mix0185,73,4,0,34,-5,4.02
fold2_room1_mix0185,74,2,0,94,-3,13.28
fold2_room1_mix0185,74,4,0,32,-5,3.99
fold2_room1_mix0185,75,2,0,89,-3,11.86
fold2_room1_mix0185,75,4,0,29,-4,4.31
fold2_room1_mix0185,76,2,0,92,-3,12.63
fold2_room1_mix0185,76,4,0,26,-5,4.41
fold2_room1_mix0185,77,2,0,92,-3,12.40
fold2_room1_mix0185,77,4,0,26,-4,5.03
fold2_room1_mix0185,78,4,0,23,-4,5.71
fold2_room1_mix0185,79,4,0,22,-4,6.01
fold2_room1_mix0185,80,4,0,20,-4,6.30
fold2_room1_mix0185,81,4,0,20,-4,6.30
fold2_room1_mix0185,82,4,0,20,-4,6.86
fold2_room1_mix0185,83,2,0,92,-3,11.66
fold2_room1_mix0185,83,4,0,18,-3,6.83
fold2_room1_mix0185,84,2,0,92,-3,14.64
fold2_room1_mix0185,84,4,0,16,-3,7.54
fold2_room1_mix0185,85,2,0,90,-3,12.56
fold2_room1_mix0185,85,4,0,17,-3,7.46
fold2_room1_mix0185,86,2,0,91,-3,12.59
fold2_room1_mix0185,86,4,0,14,-4,7.46
fold2_room1_mix0185,87,2,0,92,-3,13.84
fold2_room1_mix0185,87,4,0,14,-3,8.02
fold2_room1_mix0185,88,2,0,89,-3,13.00
fold2_room1_mix0185,88,4,0,15,-3,8.14
fold2_room1_mix0185,89,4,0,14,-3,8.84
fold2_room1_mix0185,90,4,0,15,-2,9.25
fold2_room1_mix0185,91,4,0,14,-2,9.74
fold2_room1_mix0185,92,4,0,13,-2,10.02
fold2_room1_mix0185,93,4,0,14,-2,10.05
fold2_room1_mix0185,94,4,0,13,-2,9.89
fold2_room1_mix0185,95,4,0,14,-2,10.13
fold2_room1_mix0185,96,4,0,12,-2,10.00
fold2_room1_mix0185,97,4,0,12,-2,11.50
fold2_room1_mix0185,98,4,0,11,-2,11.50
fold2_room1_mix0185,99,4,0,11,-2,10.29
fold2_room1_mix0186,0,5,0,37,6,2.28
fold2_room1_mix0186,1,5,0,40,5,5.03
fold2_room1_mix0186,2,4,0,176,0,1.14
fold2_room1_mix0186,2,5,0,35,6,5.30
fold2_room1_mix0186,3,4,0,179,0,6.06
fold2_room1_mix0186,3,5,0,42,6,3.97
fold2_room1_mix0186,4,4,0,174,0,16.67
fold2_room1_mix0186,4,5,0,43,6,6.06
fold2_room1_mix0186,5,4,0,175,0,18.06
fold2_room1_mix0186,5,5,0,42,6,6.68
fold2_room1_mix0186,6,4,0,174,0,21.57
fold2_room1_mix0186,6,5,0,41,5,7.27
fold2_room1_mix0186,7,4,0,176,0,26.75
fold2_room1_mix0186,7,5,0,44,6,6.43
fold2_room1_mix0186,8,4,0,172,0,30.43
fold2_room1_mix0186,8,5,0,52,6,6.55
fold2_room1_mix0186,9,4,0,174,0,31.97
fold2_room1_mix0186,9,5,0,42,6,6.62
fold2_room1_mix0186,10,4,0,175,0,31.83
fold2_room1_mix0186,10,5,0,46,7,6.12
fold2_room1_mix0186,11,4,0,175,0,33.04
fold2_room1_mix0186,11,5,0,47,9,5.17
fold2_room1_mix0186,12,4,0,173,0,30.61
fold2_room1_mix0186,12,5,0,44,7,6.22
fold2_room1_mix0186,13,4,0,172,0,30.66
fold2_room1_mix0186,13,5,0,48,7,6.55
fold2_room1_mix0186,14,4,0,172,0,33.69
fold2_room1_mix0186,14,5,0,54,7,5.76
fold2_room1_mix0186,15,4,0,176,0,32.87
fold2_room1_mix0186,15,5,0,51,8,5.62
fold2_room1_mix0186,16,4,0,177,0,27.63
fold2_room1_mix0186,16,5,0,54,6,6.79
fold2_room1_mix0186,17,4,0,172,0,33.12
fold2_room1_mix0186,17,5,0,54,6,6.90
fold2_room1_mix0186,18,4,0,173,0,29.77
fold2_room1_mix0186,18,5,0,58,5,8.14
fold2_room1_mix0186,19,4,0,175,0,30.96
fold2_room1_mix0186,19,5,0,58,7,5.81
fold2_room1_mix0186,20,4,0,175,0,30.36
fold2_room1_mix0186,20,5,0,58,6,6.55
fold2_room1_mix0186,21,4,0,176,0,30.92
fold2_room1_mix0186,21,5,0,61,6,7.05
fold2_room1_mix0186,22,4,0,176,0,29.31
fold2_room1_mix0186,22,5,0,63,6,7.32
fold2_room1_mix0186,23,4,0,171,0,28.20
fold2_room1_mix0186,23,5,0,63,6,7.17
fold2_room1_mix0186,24,4,0,174,0,27.93
fold2_room1_mix0186,24,5,0,69,8,6.55
fold2_room1_mix0186,25,4,0,172,0,27.80
fold2_room1_mix0186,25,5,0,66,9,5.63
fold2_room1_mix0186,26,4,0,171,0,26.70
fold2_room1_mix0186,26,5,0,69,8,6.17
fold2_room1_mix0186,27,4,0,169,0,26.95
fold2_room1_mix0186,27,5,0,76,9,5.90
fold2_room1_mix0186,28,4,0,169,0,26.05
fold2_room1_mix0186,28,5,0,74,9,5.60
fold2_room1_mix0186,29,4,0,166,-1,24.37
fold2_room1_mix0186,29,5,0,82,9,5.65
fold2_room1_mix0186,30,4,0,168,-1,25.86
fold2_room1_mix0186,30,5,0,83,9,6.00
fold2_room1_mix0186,31,4,0,167,-1,25.75
fold2_room1_mix0186,31,5,0,79,8,5.92
fold2_room1_mix0186,32,4,0,165,-1,24.92
fold2_room1_mix0186,32,5,0,90,7,6.66
fold2_room1_mix0186,33,4,0,165,-1,23.87
fold2_room1_mix0186,33,5,0,88,8,6.23
fold2_room1_mix0186,34,4,0,166,-1,23.86
fold2_room1_mix0186,34,5,0,85,7,6.81
fold2_room1_mix0186,35,4,0,165,-1,23.19
fold2_room1_mix0186,35,5,0,90,8,6.47
fold2_room1_mix0186,36,4,0,167,-1,23.12
fold2_room1_mix0186,36,5,0,93,7,6.74
fold2_room1_mix0186,37,4,0,168,-1,22.10
fold2_room1_mix0186,37,5,0,91,7,6.68
fold2_room1_mix0186,38,4,0,169,-1,21.33
fold2_room1_mix0186,38,5,0,98,7,6.64
fold2_room1_mix0186,39,4,0,167,-1,20.98
fold2_room1_mix0186,39,5,0,97,8,6.17
fold2_room1_mix0186,40,4,0,169,-1,20.89
fold2_room1_mix0186,40,5,0,102,7,6.50
fold2_room1_mix0186,41,4,0,167,-1,19.77
fold2_room1_mix0186,41,5,0,102,8,6.39
fold2_room1_mix0186,42,4,0,168,-1,19.26
fold2_room1_mix0186,42,5,0,103,7,6.65
fold2_room1_mix0186,43,4,0,167,-1,18.77
fold2_room1_mix0186,43,5,0,108,7,6.51
fold2_room1_mix0186,44,4,0,169,-1,18.81
fold2_room1_mix0186,44,5,0,106,8,6.34
fold2_room1_mix0186,45,4,0,168,-1,18.56
fold2_room1_mix0186,45,5,0,108,6,6.82
fold2_room1_mix0186,46,4,0,167,-1,17.96
fold2_room1_mix0186,46,5,0,112,7,6.96
fold2_room1_mix0186,47,4,0,163,-1,17.28
fold2_room1_mix0186,47,5,0,112,7,6.47
fold2_room1_mix0186,48,4,0,166,-2,16.28
fold2_room1_mix0186,48,5,0,112,6,6.98
fold2_room1_mix0186,49,4,0,166,-2,15.12
fold2_room1_mix0186,49,5,0,113,7,6.55
fold2_room1_mix0186,50,4,0,164,-2,15.18
fold2_room1_mix0186,50,5,0,113,6,7.08
fold2_room1_mix0186,51,4,0,159,-2,13.92
fold2_room1_mix0186,51,5,0,114,7,6.71
fold2_room1_mix0186,52,4,0,162,-3,14.15
fold2_room1_mix0186,52,5,0,117,7,6.77
fold2_room1_mix0186,53,4,0,159,-3,12.81
fold2_room1_mix0186,53,5,0,117,6,7.26
fold2_room1_mix0186,54,4,0,159,-3,12.67
fold2_room1_mix0186,54,5,0,119,6,7.10
fold2_room1_mix0186,55,4,0,156,-4,11.96
fold2_room1_mix0186,55,5,0,119,6,6.94
fold2_room1_mix0186,56,4,0,153,-4,11.33
fold2_room1_mix0186,56,5,0,122,6,7.72
fold2_room1_mix0186,57,4,0,151,-4,10.77
fold2_room1_mix0186,57,5,0,124,6,7.21
fold2_room1_mix0186,58,4,0,147,-4,10.35
fold2_room1_mix0186,58,5,0,125,6,6.85
fold2_room1_mix0186,59,4,0,146,-5,10.13
fold2_room1_mix0186,59,5,0,126,6,6.98
fold2_room1_mix0186,60,4,0,143,-5,9.81
fold2_room1_mix0186,60,5,0,126,7,7.03
fold2_room1_mix0186,61,4,0,139,-5,8.91
fold2_room1_mix0186,61,5,0,129,6,6.91
fold2_room1_mix0186,62,4,0,140,-5,8.76
fold2_room1_mix0186,62,5,0,131,7,6.75
fold2_room1_mix0186,63,4,0,136,-5,8.08
fold2_room1_mix0186,63,5,0,131,6,7.34
fold2_room1_mix0186,64,4,0,130,-5,7.86
fold2_room1_mix0186,64,5,0,132,6,7.46
fold2_room1_mix0186,65,4,0,125,-5,7.67
fold2_room1_mix0186,65,5,0,131,6,7.30
fold2_room1_mix0186,66,4,0,117,-6,6.85
fold2_room1_mix0186,66,5,0,129,6,7.38
fold2_room1_mix0186,67,4,0,109,-6,6.85
fold2_room1_mix0186,67,5,0,131,7,6.67
fold2_room1_mix0186,68,4,0,100,-7,6.79
fold2_room1_mix0186,68,5,0,130,6,7.01
fold2_room1_mix0186,69,4,0,92,-7,6.59
fold2_room1_mix0186,69,5,0,129,6,7.16
fold2_room1_mix0186,70,4,0,88,-7,6.68
fold2_room1_mix0186,70,5,0,133,7,6.97
fold2_room1_mix0186,71,4,0,81,-7,7.18
fold2_room1_mix0186,71,5,0,131,6,7.10
fold2_room1_mix0186,72,4,0,73,-6,7.74
fold2_room1_mix0186,72,5,0,132,7,6.88
fold2_room1_mix0186,73,4,0,66,-6,8.88
fold2_room1_mix0186,73,5,0,135,6,7.23
fold2_room1_mix0186,74,4,0,57,-5,8.66
fold2_room1_mix0186,74,5,0,136,6,7.66
fold2_room1_mix0186,75,4,0,53,-4,8.99
fold2_room1_mix0186,75,5,0,140,6,7.42
fold2_room1_mix0186,76,4,0,51,-4,9.08
fold2_room1_mix0186,76,5,0,139,5,7.97
fold2_room1_mix0186,77,4,0,45,-4,9.32
fold2_room1_mix0186,77,5,0,136,5,8.11
fold2_room1_mix0186,78,4,0,42,-4,10.17
fold2_room1_mix0186,78,5,0,139,5,7.60
fold2_room1_mix0186,79,4,0,39,-4,10.69
fold2_room1_mix0186,79,5,0,142,4,8.79
fold2_room1_mix0186,80,4,0,38,-4,10.78
fold2_room1_mix0186,80,5,0,144,4,8.34
fold2_room1_mix0186,81,4,0,37,-4,12.23
fold2_room1_mix0186,81,5,0,144,4,8.14
fold2_room1_mix0186,82,4,0,33,-3,12.51
fold2_room1_mix0186,82,5,0,143,4,8.45
fold2_room1_mix0186,83,4,0,32,-3,13.09
fold2_room1_mix0186,83,5,0,145,4,8.06
fold2_room1_mix0186,84,4,0,30,-3,13.61
fold2_room1_mix0186,84,5,0,145,4,9.10
fold2_room1_mix0186,85,4,0,27,-3,15.23
fold2_room1_mix0186,85,5,0,145,4,9.24
fold2_room1_mix0186,86,4,0,26,-3,16.18
fold2_room1_mix0186,86,5,0,146,4,8.84
fold2_room1_mix0186,87,4,0,23,-2,18.40
fold2_room1_mix0186,87,5,0,146,3,9.16
fold2_room1_mix0186,88,4,0,22,-2,17.74
fold2_room1_mix0186,88,5,0,148,3,9.29
fold2_room1_mix0186,89,4,0,22,-3,18.70
fold2_room1_mix0186,89,5,0,149,3,9.63
fold2_room1_mix0186,90,4,0,20,-2,17.72
fold2_room1_mix0186,90,5,0,145,3,9.56
fold2_room1_mix0186,91,4,0,19,-2,18.96
fold2_room1_mix0186,91,5,0,149,3,9.38
fold2_room1_mix0186,92,4,0,20,-2,19.49
fold2_room1_mix0186,92,5,0,146,3,9.62
fold2_room1_mix0186,93,4,0,18,-2,19.77
fold2_room1_mix0186,93,5,0,149,4,9.94
fold2_room1_mix0186,94,4,0,18,-1,21.43
fold2_room1_mix0186,94,5,0,149,4,9.51
fold2_room1_mix0186,95,4,0,18,-1,22.92
fold2_room1_mix0186,95,5,0,148,4,9.96
fold2_room1_mix0186,96,4,0,17,-1,22.95
fold2_room1_mix0186,96,5,0,147,3,10.13
fold2_room1_mix0186,97,4,0,16,-1,23.37
fold2_room1_mix0186,97,5,0,147,3,9.54
fold2_room1_mix0186,98,4,0,17,-1,23.69
fold2_room1_mix0186,98,5,0,150,3,10.49
fold2_room1_mix0186,99,4,0,17,-1,22.75
fold2_room1_mix0186,99,5,0,149,3,9.81
fold2_room1_mix0187,6,4,0,177,0,22.03
fold2_room1_mix0187,7,4,0,179,0,23.87
fold2_room1_mix0187,8,4,0,177,0,27.23
fold2_room1_mix0187,9,4,0,178,0,35.84
fold2_room1_mix0187,10,4,0,177,0,40.91
fold2_room1_mix0187,11,4,0,179,0,42.58
fold2_room1_mix0187,12,4,0,179,0,40.35
fold2_room1_mix0187,13,4,0,-179,0,40.16
fold2_room1_mix0187,14,4,0,176,0,42.03
fold2_room1_mix0187,15,4,0,179,0,40.87
fold2_room1_mix0187,16,4,0,-178,0,38.48
fold2_room1_mix0187,17,4,0,-179,0,38.47
fold2_room1_mix0187,18,4,0,179,0,39.13
fold2_room1_mix0187,19,4,0,-179,0,35.41
fold2_room1_mix0187,20,4,0,-179,0,34.36
fold2_room1_mix0187,21,4,0,179,0,36.37
fold2_room1_mix0187,22,4,0,178,0,34.54
fold2_room1_mix0187,23,4,0,178,0,32.69
fold2_room1_mix0187,24,4,0,179,0,32.61
fold2_room1_mix0187,25,4,0,-177,0,30.65
fold2_room1_mix0187,26,4,0,-178,0,31.32
fold2_room1_mix0187,27,4,0,179,0,30.61
fold2_room1_mix0187,28,4,0,-178,0,29.60
fold2_room1_mix0187,29,3,0,-98,-5,12.28
fold2_room1_mix0187,29,4,0,175,0,26.71
fold2_room1_mix0187,30,3,0,-108,-4,16.64
fold2_room1_mix0187,30,4,0,176,0,25.43
fold2_room1_mix0187,31,3,0,-100,-4,13.88
fold2_room1_mix0187,31,4,0,176,-1,24.61
fold2_room1_mix0187,32,3,0,-102,-3,13.98
fold2_room1_mix0187,32,4,0,175,-1,23.53
fold2_room1_mix0187,33,3,0,-99,-3,13.87
fold2_room1_mix0187,33,4,0,173,0,26.11
fold2_room1_mix0187,34,3,0,-100,-4,12.53
fold2_room1_mix0187,34,4,0,172,-1,25.61
fold2_room1_mix0187,35,3,0,-100,-3,13.31
fold2_room1_mix0187,35,4,0,172,0,23.08
fold2_room1_mix0187,36,3,0,-93,-3,13.67
fold2_room1_mix0187,36,4,0,172,0,21.45
fold2_room1_mix0187,37,3,0,-93,-3,11.08
fold2_room1_mix0187,37,4,0,174,0,21.68
fold2_room1_mix0187,38,3,0,-89,-3,9.97
fold2_room1_mix0187,38,4,0,173,0,19.74
fold2_room1_mix0187,39,3,0,-89,-3,7.90
fold2_room1_mix0187,39,4,0,172,0,19.10
fold2_room1_mix0187,40,3,0,-88,-3,5.62
fold2_room1_mix0187,40,4,0,174,0,19.91
fold2_room1_mix0187,41,4,0,175,0,20.44
fold2_room1_mix0187,42,4,0,179,0,19.88
fold2_room1_mix0187,43,3,0,-94,-4,15.32
fold2_room1_mix0187,43,4,0,176,0,17.06
fold2_room1_mix0187,44,3,0,-91,-4,14.11
fold2_room1_mix0187,44,4,0,174,-1,16.28
fold2_room1_mix0187,45,3,0,-94,-4,14.81
fold2_room1_mix0187,45,4,0,170,-1,15.76
fold2_room1_mix0187,46,3,0,-92,-4,13.96
fold2_room1_mix0187,46,4,0,169,-1,15.36
fold2_room1_mix0187,47,3,0,-93,-4,14.01
fold2_room1_mix0187,47,4,0,170,-1,14.98
fold2_room1_mix0187,48,3,0,-91,-4,13.80
fold2_room1_mix0187,48,4,0,168,-2,13.64
fold2_room1_mix0187,49,3,0,-92,-4,14.38
fold2_room1_mix0187,49,4,0,170,-2,12.70
fold2_room1_mix0187,50,3,0,-99,-4,15.96
fold2_room1_mix0187,50,4,0,170,-2,12.86
fold2_room1_mix0187,51,3,0,-101,-3,14.35
fold2_room1_mix0187,51,4,0,169,-2,11.91
fold2_room1_mix0187,52,3,0,-103,-3,13.67
fold2_room1_mix0187,52,4,0,167,-2,11.38
fold2_room1_mix0187,53,3,0,-113,-3,17.16
fold2_room1_mix0187,53,4,0,168,-2,10.89
fold2_room1_mix0187,54,3,0,-109,-3,14.47
fold2_room1_mix0187,54,4,0,167,-3,9.07
fold2_room1_mix0187,55,3,0,-103,-3,13.30
fold2_room1_mix0187,55,4,0,168,-4,8.17
fold2_room1_mix0187,56,3,0,-117,-2,5.17
fold2_room1_mix0187,56,4,0,167,-6,6.55
fold2_room1_mix0187,57,4,0,162,-7,4.76
fold2_room1_mix0187,58,4,0,155,-13,3.37
fold2_room1_mix0187,59,4,0,142,-18,2.31
fold2_room1_mix0187,60,4,0,98,-29,1.61
fold2_room1_mix0187,61,4,0,46,-20,1.59
fold2_room1_mix0187,62,4,0,23,-11,2.17
fold2_room1_mix0187,63,4,0,15,-8,3.01
fold2_room1_mix0187,64,4,0,15,-7,3.41
fold2_room1_mix0187,65,4,0,12,-6,4.26
fold2_room1_mix0187,66,4,0,10,-5,5.49
fold2_room1_mix0187,67,4,0,8,-3,6.55
fold2_room1_mix0187,68,4,0,7,-3,7.15
fold2_room1_mix0187,69,4,0,6,-3,8.34
fold2_room1_mix0187,70,4,0,5,-3,9.05
fold2_room1_mix0187,71,4,0,5,-3,10.03
fold2_room1_mix0187,72,4,0,5,-2,11.00
fold2_room1_mix0187,73,4,0,5,-2,11.78
fold2_room1_mix0187,74,4,0,5,-2,11.86
fold2_room1_mix0187,75,4,0,3,-2,12.97
fold2_room1_mix0187,76,4,0,3,-2,13.43
fold2_room1_mix0187,77,4,0,3,-2,14.25
fold2_room1_mix0187,78,4,0,3,-2,15.26
fold2_room1_mix0187,79,4,0,2,-2,16.28
fold2_room1_mix0187,80,4,0,3,-1,17.77
fold2_room1_mix0187,81,4,0,3,-1,18.18
fold2_room1_mix0187,82,4,0,4,-1,19.29
fold2_room1_mix0187,83,4,0,3,-1,20.83
fold2_room1_mix0187,84,4,0,4,-1,21.06
fold2_room1_mix0187,85,4,0,4,-1,22.87
fold2_room1_mix0187,86,4,0,4,-1,22.25
fold2_room1_mix0187,87,4,0,4,-1,23.29
fold2_room1_mix0187,88,4,0,4,-1,25.44
fold2_room1_mix0187,89,4,0,3,-1,25.51
fold2_room1_mix0187,90,4,0,3,-1,25.50
fold2_room1_mix0187,91,4,0,3,-1,27.81
fold2_room1_mix0187,92,4,0,4,-1,28.52
fold2_room1_mix0187,93,4,0,3,-1,28.81
fold2_room1_mix0187,94,4,0,3,0,30.18
fold2_room1_mix0187,95,4,0,2,-1,30.31
fold2_room1_mix0187,96,4,0,2,0,30.06
fold2_room1_mix0187,97,4,0,0,-1,27.92
fold2_room1_mix0187,98,4,0,1,0,29.15
fold2_room1_mix0187,99,4,0,-2,0,20.52
fold2_room1_mix0189,4,4,0,-9,-1,13.13
fold2_room1_mix0189,5,4,0,-7,0,14.47
fold2_room1_mix0189,6,4,0,-12,-1,16.74
fold2_room1_mix0189,7,4,0,-12,-1,23.79
fold2_room1_mix0189,8,4,0,-13,-1,24.08
fold2_room1_mix0189,9,4,0,-9,-2,24.31
fold2_room1_mix0189,10,4,0,-14,-2,22.75
fold2_room1_mix0189,11,4,0,-15,-1,23.92
fold2_room1_mix0189,12,4,0,-16,-1,22.09
fold2_room1_mix0189,13,4,0,-13,-2,20.05
fold2_room1_mix0189,14,4,0,-13,-1,21.98
fold2_room1_mix0189,15,4,0,-13,-2,21.05
fold2_room1_mix0189,16,4,0,-14,-2,18.95
fold2_room1_mix0189,17,4,0,-15,-2,19.57
fold2_room1_mix0189,18,4,0,-15,-2,18.65
fold2_room1_mix0189,19,4,0,-16,-2,19.11
fold2_room1_mix0189,20,4,0,-15,-2,19.68
fold2_room1_mix0189,21,4,0,-15,-2,18.50
fold2_room1_mix0189,22,4,0,-30,-3,17.06
fold2_room1_mix0189,22,4,0,-10,-2,19.35
fold2_room1_mix0189,23,4,0,-33,-2,16.62
fold2_room1_mix0189,23,4,0,-9,-1,18.50
fold2_room1_mix0189,24,4,0,-18,-2,16.62
fold2_room1_mix0189,25,4,0,-37,-2,14.81
fold2_room1_mix0189,25,4,0,-7,-2,16.95
fold2_room1_mix0189,26,4,0,-40,-2,13.47
fold2_room1_mix0189,26,4,0,-7,-2,15.48
fold2_room1_mix0189,27,3,0,-73,-4,12.46
fold2_room1_mix0189,27,4,0,-38,-2,17.13
fold2_room1_mix0189,27,4,0,-8,-1,17.96
fold2_room1_mix0189,28,3,0,-75,-4,10.57
fold2_room1_mix0189,28,4,0,-37,-2,15.56
fold2_room1_mix0189,28,4,0,-6,-2,16.64
fold2_room1_mix0189,29,3,0,-78,-4,9.32
fold2_room1_mix0189,29,4,0,-42,-2,13.23
fold2_room1_mix0189,29,4,0,-4,-2,15.05
fold2_room1_mix0189,30,3,0,-81,-3,8.95
fold2_room1_mix0189,30,4,0,-41,-2,13.86
fold2_room1_mix0189,30,4,0,-6,-2,14.10
fold2_room1_mix0189,31,3,0,-77,-4,7.95
fold2_room1_mix0189,31,4,0,-51,-2,13.89
fold2_room1_mix0189,31,4,0,-4,-2,14.85
fold2_room1_mix0189,32,3,0,-70,-4,7.72
fold2_room1_mix0189,32,4,0,-48,-2,12.83
fold2_room1_mix0189,32,4,0,-5,-2,12.72
fold2_room1_mix0189,33,4,0,-43,-2,12.93
fold2_room1_mix0189,33,4,0,-5,-3,12.45
fold2_room1_mix0189,34,4,0,-55,-2,12.31
fold2_room1_mix0189,34,4,0,-8,-3,11.26
fold2_room1_mix0189,35,4,0,-56,-2,11.13
fold2_room1_mix0189,35,4,0,-7,-2,11.12
fold2_room1_mix0189,36,4,0,-68,-2,11.20
fold2_room1_mix0189,36,4,0,-9,-3,9.18
fold2_room1_mix0189,37,4,0,-63,-1,10.98
fold2_room1_mix0189,37,4,0,-10,-4,7.56
fold2_room1_mix0189,38,4,0,-53,-1,10.19
fold2_room1_mix0189,38,4,0,-11,-4,7.89
fold2_room1_mix0189,39,4,0,-55,-1,10.75
fold2_room1_mix0189,39,4,0,-11,-5,6.97
fold2_room1_mix0189,40,4,0,-58,-2,9.80
fold2_room1_mix0189,40,4,0,-12,-5,7.22
fold2_room1_mix0189,41,4,0,-54,-1,10.09
fold2_room1_mix0189,41,4,0,-17,-5,5.94
fold2_room1_mix0189,42,3,0,-92,-5,12.69
fold2_room1_mix0189,42,4,0,-54,-1,9.74
fold2_room1_mix0189,42,4,0,-16,-4,6.51
fold2_room1_mix0189,43,3,0,-91,-4,9.17
fold2_room1_mix0189,43,4,0,-52,-1,10.35
fold2_room1_mix0189,43,4,0,-19,-6,5.44
fold2_room1_mix0189,44,3,0,-85,-4,7.90
fold2_room1_mix0189,44,4,0,-51,-3,7.87
fold2_room1_mix0189,44,4,0,-20,-5,6.11
fold2_room1_mix0189,45,3,0,-81,-3,8.93
fold2_room1_mix0189,45,4,0,-52,-4,6.87
fold2_room1_mix0189,45,4,0,-23,-6,5.38
fold2_room1_mix0189,46,3,0,-98,-4,10.48
fold2_room1_mix0189,46,4,0,-59,-3,6.26
fold2_room1_mix0189,46,4,0,-39,-6,3.77
fold2_room1_mix0189,46,4,0,-20,-3,6.88
fold2_room1_mix0189,47,3,0,-99,-5,8.83
fold2_room1_mix0189,47,4,0,-74,-4,4.99
fold2_room1_mix0189,47,4,0,-43,-5,4.02
fold2_room1_mix0189,47,4,0,-23,-3,6.10
fold2_room1_mix0189,48,3,0,-89,-4,4.00
fold2_room1_mix0189,48,4,0,-92,-6,3.02
fold2_room1_mix0189,48,4,0,-40,-1,7.42
fold2_room1_mix0189,49,3,0,-94,-3,6.86
fold2_room1_mix0189,49,4,0,-116,-6,3.10
fold2_room1_mix0189,49,4,0,-62,-2,7.55
fold2_room1_mix0189,50,4,0,-135,-6,2.07
fold2_room1_mix0189,50,4,0,-83,0,7.37
fold2_room1_mix0189,51,4,0,-146,-6,2.62
fold2_room1_mix0189,51,4,0,-89,0,11.27
fold2_room1_mix0189,52,4,0,-149,-6,2.88
fold2_room1_mix0189,52,4,0,-108,0,12.23
fold2_room1_mix0189,53,4,0,-157,-5,3.21
fold2_room1_mix0189,53,4,0,-101,-1,11.60
fold2_room1_mix0189,54,4,0,-159,-5,3.65
fold2_room1_mix0189,54,4,0,-109,-1,12.14
fold2_room1_mix0189,55,4,0,-159,-4,4.14
fold2_room1_mix0189,55,4,0,-111,0,12.17
fold2_room1_mix0189,56,4,0,-164,-4,4.63
fold2_room1_mix0189,56,4,0,-103,-1,13.07
fold2_room1_mix0189,57,4,0,-166,-4,5.00
fold2_room1_mix0189,57,4,0,-109,0,13.11
fold2_room1_mix0189,58,4,0,-167,-4,5.65
fold2_room1_mix0189,58,4,0,-100,0,13.57
fold2_room1_mix0189,59,4,0,-167,-4,6.29
fold2_room1_mix0189,59,4,0,-100,0,13.66
fold2_room1_mix0189,60,4,0,-168,-3,6.98
fold2_room1_mix0189,60,4,0,-111,0,13.33
fold2_room1_mix0189,61,4,0,-171,-2,7.56
fold2_room1_mix0189,61,4,0,-113,0,12.88
fold2_room1_mix0189,62,4,0,-170,-2,8.11
fold2_room1_mix0189,62,4,0,-115,-1,13.11
fold2_room1_mix0189,63,4,0,-170,-3,7.91
fold2_room1_mix0189,63,4,0,-116,0,14.51
fold2_room1_mix0189,64,4,0,-172,-2,8.81
fold2_room1_mix0189,64,4,0,-115,0,14.67
fold2_room1_mix0189,65,4,0,-172,-2,10.16
fold2_room1_mix0189,65,4,0,-120,0,15.00
fold2_room1_mix0189,66,4,0,-173,-2,10.11
fold2_room1_mix0189,66,4,0,-130,0,15.06
fold2_room1_mix0189,67,4,0,-172,-1,11.01
fold2_room1_mix0189,67,4,0,-128,0,14.01
fold2_room1_mix0189,68,4,0,-171,-1,11.46
fold2_room1_mix0189,68,4,0,-127,0,14.85
fold2_room1_mix0189,69,4,0,-172,-1,11.45
fold2_room1_mix0189,69,4,0,-135,0,14.69
fold2_room1_mix0189,70,4,0,-174,-1,12.54
fold2_room1_mix0189,70,4,0,-138,0,15.07
fold2_room1_mix0189,71,4,0,-174,-1,13.24
fold2_room1_mix0189,71,4,0,-132,0,15.69
fold2_room1_mix0189,72,4,0,-175,-1,14.04
fold2_room1_mix0189,72,4,0,-142,0,16.64
fold2_room1_mix0189,73,4,0,-176,-1,14.75
fold2_room1_mix0189,73,4,0,-141,0,16.56
fold2_room1_mix0189,74,4,0,-176,-1,14.20
fold2_room1_mix0189,74,4,0,-143,0,16.56
fold2_room1_mix0189,75,4,0,-176,-1,15.51
fold2_room1_mix0189,75,4,0,-146,-1,16.53
fold2_room1_mix0189,76,4,0,-175,-1,15.55
fold2_room1_mix0189,76,4,0,-146,0,16.60
fold2_room1_mix0189,77,4,0,-177,-1,16.83
fold2_room1_mix0189,77,4,0,-147,-1,16.50
fold2_room1_mix0189,78,4,0,-175,-1,17.87
fold2_room1_mix0189,78,4,0,-148,-1,17.97
fold2_room1_mix0189,79,4,0,-176,-1,16.70
fold2_room1_mix0189,79,4,0,-149,-1,17.27
fold2_room1_mix0189,80,4,0,-174,-1,18.38
fold2_room1_mix0189,80,4,0,-150,-1,17.64
fold2_room1_mix0189,81,4,0,-175,0,18.63
fold2_room1_mix0189,81,4,0,-147,-1,17.82
fold2_room1_mix0189,82,4,0,-173,0,18.90
fold2_room1_mix0189,82,4,0,-152,-1,18.43
fold2_room1_mix0189,83,4,0,-174,0,19.49
fold2_room1_mix0189,83,4,0,-154,-1,18.68
fold2_room1_mix0189,84,4,0,-173,0,19.95
fold2_room1_mix0189,84,4,0,-154,-1,19.01
fold2_room1_mix0189,85,4,0,-173,0,19.74
fold2_room1_mix0189,85,4,0,-155,0,19.62
fold2_room1_mix0189,86,4,0,-168,0,19.87
fold2_room1_mix0189,87,4,0,-174,0,21.35
fold2_room1_mix0189,87,4,0,-155,0,21.27
fold2_room1_mix0189,88,4,0,-170,0,20.83
fold2_room1_mix0189,89,4,0,-169,0,21.16
fold2_room1_mix0189,90,4,0,-170,-1,21.13
fold2_room1_mix0189,91,4,0,-170,0,23.16
fold2_room1_mix0189,92,4,0,-172,0,19.67
fold2_room1_mix0189,93,4,0,-173,0,19.32
fold2_room1_mix0189,94,4,0,-173,0,19.07
fold2_room1_mix0189,95,4,0,-174,0,14.55
fold2_room1_mix0189,96,4,0,-177,0,3.35
fold2_room1_mix0189,3,4,0,-11,0,3.24
fold2_room1_mix0190,3,4,0,0,0,2.59
fold2_room1_mix0190,4,4,0,3,0,15.38
fold2_room1_mix0190,5,4,0,5,-1,22.89
fold2_room1_mix0190,6,4,0,7,0,27.86
fold2_room1_mix0190,7,4,0,5,0,29.28
fold2_room1_mix0190,8,4,0,6,-1,45.55
fold2_room1_mix0190,9,4,0,6,-2,44.36
fold2_room1_mix0190,10,4,0,9,-1,44.57
fold2_room1_mix0190,11,4,0,7,-1,46.81
fold2_room1_mix0190,12,4,0,9,-1,47.95
fold2_room1_mix0190,13,4,0,7,-1,44.03
fold2_room1_mix0190,14,4,0,9,-1,45.59
fold2_room1_mix0190,15,4,0,8,-1,45.51
fold2_room1_mix0190,16,4,0,7,-1,42.75
fold2_room1_mix0190,17,4,0,7,0,45.23
fold2_room1_mix0190,18,4,0,8,-1,44.83
fold2_room1_mix0190,19,4,0,7,-1,44.46
fold2_room1_mix0190,20,4,0,7,-1,44.67
fold2_room1_mix0190,21,4,0,7,0,44.13
fold2_room1_mix0190,22,4,0,7,-1,41.72
fold2_room1_mix0190,23,4,0,7,0,42.18
fold2_room1_mix0190,24,4,0,7,0,41.54
fold2_room1_mix0190,25,4,0,7,-1,41.98
fold2_room1_mix0190,26,4,0,8,0,41.72
fold2_room1_mix0190,27,4,0,8,0,43.10
fold2_room1_mix0190,28,4,0,7,-1,41.12
fold2_room1_mix0190,29,4,0,7,0,39.93
fold2_room1_mix0190,30,4,0,8,0,38.35
fold2_room1_mix0190,31,4,0,6,-1,38.09
fold2_room1_mix0190,32,4,0,8,-1,37.31
fold2_room1_mix0190,33,4,0,8,0,35.94
fold2_room1_mix0190,34,4,0,8,0,34.94
fold2_room1_mix0190,35,4,0,8,0,35.17
fold2_room1_mix0190,36,4,0,9,0,33.21
fold2_room1_mix0190,37,4,0,8,0,33.08
fold2_room1_mix0190,38,4,0,8,0,31.72
fold2_room1_mix0190,39,4,0,7,0,32.49
fold2_room1_mix0190,40,1,0,63,-3,9.09
fold2_room1_mix0190,40,4,0,7,-1,25.83
fold2_room1_mix0190,41,1,0,63,-4,15.18
fold2_room1_mix0190,41,4,0,6,-1,27.11
fold2_room1_mix0190,42,1,0,67,-4,14.21
fold2_room1_mix0190,42,4,0,7,-1,26.57
fold2_room1_mix0190,43,1,0,73,-4,14.64
fold2_room1_mix0190,43,4,0,8,-1,27.01
fold2_room1_mix0190,44,1,0,88,-2,2.86
fold2_room1_mix0190,44,4,0,8,-1,28.85
fold2_room1_mix0190,45,1,0,89,-4,12.54
fold2_room1_mix0190,45,4,0,7,-1,26.50
fold2_room1_mix0190,46,1,0,97,-4,13.06
fold2_room1_mix0190,46,4,0,6,-1,27.67
fold2_room1_mix0190,47,1,0,103,-3,13.69
fold2_room1_mix0190,47,4,0,8,-1,25.31
fold2_room1_mix0190,48,1,0,92,-3,11.54
fold2_room1_mix0190,48,4,0,7,0,26.08
fold2_room1_mix0190,49,4,0,9,-1,28.18
fold2_room1_mix0190,50,1,0,128,-3,16.45
fold2_room1_mix0190,50,4,0,6,-1,27.68
fold2_room1_mix0190,51,1,0,132,-3,16.83
fold2_room1_mix0190,51,4,0,6,-1,28.02
fold2_room1_mix0190,52,1,0,136,-3,19.64
fold2_room1_mix0190,52,4,0,7,-1,26.63
fold2_room1_mix0190,53,1,0,123,-3,12.53
fold2_room1_mix0190,53,4,0,8,-1,25.12
fold2_room1_mix0190,54,4,0,7,-1,25.40
fold2_room1_mix0190,55,1,0,139,-3,19.18
fold2_room1_mix0190,55,4,0,5,-2,26.16
fold2_room1_mix0190,56,1,0,142,-3,17.80
fold2_room1_mix0190,56,4,0,4,-2,24.96
fold2_room1_mix0190,57,1,0,142,-3,20.57
fold2_room1_mix0190,57,4,0,6,-2,26.30
fold2_room1_mix0190,58,1,0,134,-2,14.82
fold2_room1_mix0190,58,4,0,6,-2,22.50
fold2_room1_mix0190,59,4,0,8,-1,23.44
fold2_room1_mix0190,60,1,0,142,-2,21.42
fold2_room1_mix0190,60,4,0,5,-1,25.64
fold2_room1_mix0190,61,1,0,148,-2,22.50
fold2_room1_mix0190,61,4,0,8,-2,22.98
fold2_room1_mix0190,62,1,0,148,-2,24.69
fold2_room1_mix0190,62,4,0,7,-1,24.37
fold2_room1_mix0190,63,4,0,7,-2,20.75
fold2_room1_mix0190,64,4,0,12,-2,18.52
fold2_room1_mix0190,65,4,0,14,-2,18.21
fold2_room1_mix0190,66,4,0,16,-3,15.19
fold2_room1_mix0190,67,4,0,16,-2,15.46
fold2_room1_mix0190,68,4,0,20,-3,13.79
fold2_room1_mix0190,69,4,0,19,-3,12.48
fold2_room1_mix0190,70,4,0,20,-3,11.35
fold2_room1_mix0190,71,4,0,20,-3,10.25
fold2_room1_mix0190,72,4,0,22,-3,9.90
fold2_room1_mix0190,73,4,0,22,-4,9.53
fold2_room1_mix0190,74,4,0,23,-4,8.07
fold2_room1_mix0190,75,4,0,26,-5,7.81
fold2_room1_mix0190,76,4,0,27,-5,7.30
fold2_room1_mix0190,77,4,0,28,-6,6.39
fold2_room1_mix0190,78,4,0,33,-6,6.13
fold2_room1_mix0190,79,4,0,34,-6,5.64
fold2_room1_mix0190,80,4,0,39,-7,4.81
fold2_room1_mix0190,81,4,0,42,-7,4.91
fold2_room1_mix0190,82,4,0,49,-9,3.99
fold2_room1_mix0190,83,4,0,59,-11,3.89
fold2_room1_mix0190,84,4,0,70,-10,4.01
fold2_room1_mix0190,85,4,0,81,-12,3.86
fold2_room1_mix0190,86,4,0,92,-11,4.20
fold2_room1_mix0190,87,4,0,102,-11,4.12
fold2_room1_mix0190,88,4,0,111,-9,4.37
fold2_room1_mix0190,89,4,0,123,-9,4.62
fold2_room1_mix0190,90,4,0,130,-9,4.79
fold2_room1_mix0190,91,4,0,134,-7,5.42
fold2_room1_mix0190,92,4,0,138,-7,5.69
fold2_room1_mix0190,93,4,0,143,-7,5.95
fold2_room1_mix0190,94,4,0,145,-6,7.06
fold2_room1_mix0190,95,4,0,149,-6,7.34
fold2_room1_mix0190,96,4,0,151,-5,7.73
fold2_room1_mix0190,97,4,0,153,-5,8.53
fold2_room1_mix0190,98,4,0,155,-5,8.73
fold2_room1_mix0190,99,4,0,157,-5,9.23
fold2_room1_mix0191,4,4,0,179,0,3.92
fold2_room1_mix0191,5,4,0,178,0,14.50
fold2_room1_mix0191,6,4,0,179,0,16.66
fold2_room1_mix0191,7,4,0,-179,0,18.26
fold2_room1_mix0191,8,4,0,179,0,26.54
fold2_room1_mix0191,9,4,0,178,0,25.54
fold2_room1_mix0191,10,4,0,179,0,31.06
fold2_room1_mix0191,11,4,0,178,0,31.63
fold2_room1_mix0191,12,4,0,179,0,34.54
fold2_room1_mix0191,13,4,0,179,0,34.18
fold2_room1_mix0191,14,4,0,179,0,35.63
fold2_room1_mix0191,15,4,0,179,0,36.04
fold2_room1_mix0191,16,4,0,179,0,35.52
fold2_room1_mix0191,17,4,0,179,0,37.26
fold2_room1_mix0191,18,4,0,179,0,37.85
fold2_room1_mix0191,19,4,0,179,0,37.64
fold2_room1_mix0191,20,4,0,179,0,40.96
fold2_room1_mix0191,21,4,0,179,0,39.59
fold2_room1_mix0191,22,4,0,179,0,40.43
fold2_room1_mix0191,23,4,0,-179,0,39.00
fold2_room1_mix0191,24,4,0,-179,0,39.16
fold2_room1_mix0191,25,4,0,-178,0,37.74
fold2_room1_mix0191,26,4,0,-178,0,39.85
fold2_room1_mix0191,27,4,0,-178,0,39.26
fold2_room1_mix0191,28,4,0,-178,0,41.57
fold2_room1_mix0191,29,4,0,-179,0,41.29
fold2_room1_mix0191,30,4,0,-178,0,41.52
fold2_room1_mix0191,31,4,0,-178,0,40.50
fold2_room1_mix0191,32,4,0,-178,0,40.96
fold2_room1_mix0191,33,4,0,-178,0,41.13
fold2_room1_mix0191,34,4,0,-178,0,41.88
fold2_room1_mix0191,35,4,0,-178,0,41.62
fold2_room1_mix0191,36,4,0,-178,0,42.10
fold2_room1_mix0191,37,4,0,-179,0,41.48
fold2_room1_mix0191,38,4,0,-177,0,41.14
fold2_room1_mix0191,39,4,0,-177,0,39.66
fold2_room1_mix0191,40,4,0,-177,0,38.94
fold2_room1_mix0191,41,4,0,-176,0,36.95
fold2_room1_mix0191,42,4,0,-176,0,36.10
fold2_room1_mix0191,43,4,0,-177,0,36.06
fold2_room1_mix0191,44,4,0,-176,0,33.97
fold2_room1_mix0191,45,4,0,-176,0,33.65
fold2_room1_mix0191,46,4,0,-176,0,33.88
fold2_room1_mix0191,47,4,0,-176,0,32.29
fold2_room1_mix0191,48,4,0,-175,0,32.59
fold2_room1_mix0191,49,4,0,-175,0,31.55
fold2_room1_mix0191,50,4,0,-174,0,31.46
fold2_room1_mix0191,51,4,0,-174,-1,29.72
fold2_room1_mix0191,52,4,0,-175,-1,29.08
fold2_room1_mix0191,53,4,0,-175,-1,28.44
fold2_room1_mix0191,54,4,0,-175,-1,27.87
fold2_room1_mix0191,55,4,0,-174,-1,25.78
fold2_room1_mix0191,56,4,0,-173,-1,24.86
fold2_room1_mix0191,57,4,0,-173,-1,24.08
fold2_room1_mix0191,58,4,0,-173,-1,23.08
fold2_room1_mix0191,59,4,0,-173,-1,21.95
fold2_room1_mix0191,60,4,0,-171,-1,21.04
fold2_room1_mix0191,61,4,0,-172,-1,19.67
fold2_room1_mix0191,62,4,0,-171,-1,18.76
fold2_room1_mix0191,63,4,0,-171,-1,17.61
fold2_room1_mix0191,64,4,0,-171,-1,17.01
fold2_room1_mix0191,65,4,0,-170,-2,16.07
fold2_room1_mix0191,66,4,0,-169,-2,15.67
fold2_room1_mix0191,67,4,0,-169,-2,14.49
fold2_room1_mix0191,68,4,0,-168,-2,14.14
fold2_room1_mix0191,69,4,0,-168,-3,12.59
fold2_room1_mix0191,70,4,0,-166,-3,12.19
fold2_room1_mix0191,71,4,0,-165,-3,11.96
fold2_room1_mix0191,72,4,0,-164,-3,10.74
fold2_room1_mix0191,73,4,0,-162,-4,9.67
fold2_room1_mix0191,74,4,0,-162,-4,9.45
fold2_room1_mix0191,75,4,0,-159,-4,7.83
fold2_room1_mix0191,76,4,0,-157,-5,7.28
fold2_room1_mix0191,77,4,0,-155,-5,6.22
fold2_room1_mix0191,78,4,0,-153,-6,5.56
fold2_room1_mix0191,79,4,0,-148,-7,4.69
fold2_room1_mix0191,80,4,0,-145,-9,3.93
fold2_room1_mix0191,81,4,0,-138,-11,3.27
fold2_room1_mix0191,82,4,0,-127,-15,2.73
fold2_room1_mix0191,83,4,0,-109,-17,2.57
fold2_room1_mix0191,84,4,0,-89,-18,2.43
fold2_room1_mix0191,85,4,0,-67,-16,2.48
fold2_room1_mix0191,86,4,0,-49,-12,2.81
fold2_room1_mix0191,87,4,0,-41,-11,3.56
fold2_room1_mix0191,88,4,0,-33,-9,4.18
fold2_room1_mix0191,89,4,0,-27,-7,4.85
fold2_room1_mix0191,90,4,0,-23,-7,5.48
fold2_room1_mix0191,91,4,0,-18,-6,6.33
fold2_room1_mix0191,92,4,0,-16,-5,7.20
fold2_room1_mix0191,93,4,0,-15,-5,7.89
fold2_room1_mix0191,94,4,0,-13,-4,8.78
fold2_room1_mix0191,95,4,0,-12,-4,9.62
fold2_room1_mix0191,96,4,0,-11,-4,10.38
fold2_room1_mix0191,97,4,0,-10,-3,11.56
fold2_room1_mix0191,98,4,0,-8,-3,12.84
fold2_room1_mix0191,99,4,0,-8,-3,13.07
fold2_room1_mix0192,15,0,0,15,-1,16.74
fold2_room1_mix0192,16,0,0,17,-1,18.11
fold2_room1_mix0192,17,0,0,20,-1,16.48
fold2_room1_mix0192,18,0,0,17,-1,30.02
fold2_room1_mix0192,19,0,0,18,0,32.40
fold2_room1_mix0192,20,0,0,20,0,28.13
fold2_room1_mix0192,21,0,0,16,0,32.25
fold2_room1_mix0192,22,0,0,19,-1,26.18
fold2_room1_mix0192,23,0,0,19,-1,30.52
fold2_room1_mix0192,24,0,0,18,-1,26.26
fold2_room1_mix0192,25,0,0,20,-1,23.49
fold2_room1_mix0192,26,0,0,21,-1,25.55
fold2_room1_mix0192,27,0,0,23,-1,21.24
fold2_room1_mix0192,28,0,0,27,-1,18.80
fold2_room1_mix0192,29,0,0,26,-1,20.03
fold2_room1_mix0192,30,0,0,26,-1,18.66
fold2_room1_mix0192,31,0,0,29,-1,18.69
fold2_room1_mix0192,32,0,0,27,-2,18.38
fold2_room1_mix0192,33,0,0,32,-2,16.61
fold2_room1_mix0192,34,0,0,32,-2,17.52
fold2_room1_mix0192,35,0,0,31,-1,19.47
fold2_room1_mix0192,36,0,0,30,-1,20.30
fold2_room1_mix0192,37,0,0,34,-1,20.22
fold2_room1_mix0192,38,0,0,34,-1,19.57
fold2_room1_mix0192,39,0,0,36,-2,18.65
fold2_room1_mix0192,40,0,0,37,-2,18.98
fold2_room1_mix0192,40,4,0,164,-1,3.03
fold2_room1_mix0192,41,0,0,40,-1,20.00
fold2_room1_mix0192,41,4,0,170,-2,3.66
fold2_room1_mix0192,42,0,0,39,-1,20.94
fold2_room1_mix0192,42,4,0,173,-2,16.01
fold2_room1_mix0192,43,0,0,42,-2,18.20
fold2_room1_mix0192,43,4,0,170,-2,12.09
fold2_room1_mix0192,44,0,0,42,-1,7.40
fold2_room1_mix0192,44,4,0,168,-3,16.20
fold2_room1_mix0192,45,0,0,37,-1,6.35
fold2_room1_mix0192,45,4,0,167,-2,16.00
fold2_room1_mix0192,46,4,0,167,-2,15.21
fold2_room1_mix0192,47,4,0,166,-2,15.44
fold2_room1_mix0192,48,4,0,167,-2,15.01
fold2_room1_mix0192,49,4,0,164,-2,13.98
fold2_room1_mix0192,50,4,0,161,-2,13.97
fold2_room1_mix0192,51,4,0,157,-2,13.56
fold2_room1_mix0192,52,4,0,163,-3,10.88
fold2_room1_mix0192,52,4,0,140,-1,15.39
fold2_room1_mix0192,53,4,0,159,-3,10.57
fold2_room1_mix0192,53,4,0,138,-2,14.16
fold2_room1_mix0192,54,4,0,168,-4,8.88
fold2_room1_mix0192,54,4,0,132,-1,14.46
fold2_room1_mix0192,55,4,0,168,-4,8.08
fold2_room1_mix0192,55,4,0,122,-2,14.26
fold2_room1_mix0192,56,4,0,166,-5,7.75
fold2_room1_mix0192,56,4,0,128,-2,13.35
fold2_room1_mix0192,57,4,0,168,-6,6.56
fold2_room1_mix0192,57,4,0,121,-3,12.65
fold2_room1_mix0192,58,4,0,166,-6,6.12
fold2_room1_mix0192,58,4,0,112,-3,12.24
fold2_room1_mix0192,59,4,0,161,-7,5.23
fold2_room1_mix0192,59,4,0,125,-2,11.79
fold2_room1_mix0192,60,4,0,159,-9,4.38
fold2_room1_mix0192,60,4,0,110,-4,11.53
fold2_room1_mix0192,61,4,0,155,-13,3.46
fold2_room1_mix0192,61,4,0,121,-5,10.57
fold2_room1_mix0192,62,4,0,139,-17,2.70
fold2_room1_mix0192,62,4,0,109,-4,12.20
fold2_room1_mix0192,63,4,0,118,-18,2.59
fold2_room1_mix0192,63,4,0,90,-5,11.71
fold2_room1_mix0192,64,4,0,92,-20,2.40
fold2_room1_mix0192,64,4,0,81,-7,9.57
fold2_room1_mix0192,65,4,0,71,-14,4.36
fold2_room1_mix0192,66,4,0,57,-10,4.52
fold2_room1_mix0192,67,4,0,43,-8,4.49
fold2_room1_mix0192,68,4,0,51,-4,7.78
fold2_room1_mix0192,68,4,0,34,-8,4.86
fold2_room1_mix0192,69,4,0,47,-2,9.26
fold2_room1_mix0192,69,4,0,30,-7,4.89
fold2_room1_mix0192,70,4,0,46,-2,9.92
fold2_room1_mix0192,70,4,0,27,-6,5.62
fold2_room1_mix0192,71,4,0,43,-2,11.71
fold2_room1_mix0192,71,4,0,23,-5,6.50
fold2_room1_mix0192,72,4,0,41,-2,12.70
fold2_room1_mix0192,72,4,0,19,-5,7.35
fold2_room1_mix0192,73,4,0,39,-2,13.54
fold2_room1_mix0192,73,4,0,19,-4,8.07
fold2_room1_mix0192,74,4,0,43,-1,15.69
fold2_room1_mix0192,74,4,0,17,-4,8.65
fold2_room1_mix0192,75,4,0,22,-3,11.45
fold2_room1_mix0192,76,4,0,21,-3,12.16
fold2_room1_mix0192,77,4,0,19,-3,12.76
fold2_room1_mix0192,78,4,0,17,-2,13.39
fold2_room1_mix0192,79,4,0,16,-3,13.72
fold2_room1_mix0192,80,4,0,16,-2,14.72
fold2_room1_mix0192,81,4,0,15,-2,15.75
fold2_room1_mix0192,82,4,0,15,-2,15.15
fold2_room1_mix0192,83,4,0,15,-2,16.24
fold2_room1_mix0192,84,4,0,16,-1,15.99
fold2_room1_mix0192,85,4,0,16,-1,16.89
fold2_room1_mix0192,86,4,0,15,-2,15.40
fold2_room1_mix0192,14,0,0,9,-1,2.43
fold2_room1_mix0193,45,4,0,-139,-2,7.91
fold2_room1_mix0193,46,4,0,-138,-2,10.34
fold2_room1_mix0193,47,4,0,-134,-2,12.22
fold2_room1_mix0193,48,4,0,-134,-2,13.51
fold2_room1_mix0193,49,4,0,-134,-1,14.17
fold2_room1_mix0193,50,4,0,-132,-2,14.43
fold2_room1_mix0193,51,4,0,-125,-2,13.81
fold2_room1_mix0193,52,4,0,-129,-2,14.26
fold2_room1_mix0193,53,4,0,-124,-2,14.25
fold2_room1_mix0193,54,4,0,-120,-2,13.85
fold2_room1_mix0193,55,4,0,-118,-2,13.33
fold2_room1_mix0193,56,4,0,-115,-2,12.97
fold2_room1_mix0193,57,4,0,-113,-2,13.02
fold2_room1_mix0193,58,4,0,-111,-2,12.72
fold2_room1_mix0193,59,4,0,-109,-2,12.67
fold2_room1_mix0193,60,4,0,-109,-2,12.95
fold2_room1_mix0193,61,4,0,-108,-2,13.13
fold2_room1_mix0193,62,4,0,-105,-2,12.55
fold2_room1_mix0193,63,4,0,-102,-3,12.37
fold2_room1_mix0193,64,4,0,-102,-2,12.29
fold2_room1_mix0193,65,4,0,-100,-3,12.23
fold2_room1_mix0193,66,4,0,-96,-3,11.86
fold2_room1_mix0193,67,4,0,-93,-3,12.04
fold2_room1_mix0193,68,4,0,-93,-3,12.06
fold2_room1_mix0193,69,4,0,-88,-3,12.19
fold2_room1_mix0193,70,4,0,-88,-3,12.12
fold2_room1_mix0193,71,4,0,-85,-3,12.37
fold2_room1_mix0193,72,4,0,-84,-3,12.90
fold2_room1_mix0193,73,4,0,-80,-3,12.85
fold2_room1_mix0193,74,4,0,-76,-3,12.83
fold2_room1_mix0193,75,4,0,-76,-3,13.50
fold2_room1_mix0193,76,4,0,-72,-3,13.53
fold2_room1_mix0193,77,4,0,-72,-3,13.62
fold2_room1_mix0193,78,4,0,-70,-3,13.70
fold2_room1_mix0193,79,4,0,-67,-3,13.88
fold2_room1_mix0193,80,4,0,-66,-3,14.14
fold2_room1_mix0193,81,4,0,-65,-3,14.46
fold2_room1_mix0193,82,4,0,-63,-3,14.33
fold2_room1_mix0193,83,4,0,-64,-2,14.58
fold2_room1_mix0193,84,4,0,-58,-3,14.65
fold2_room1_mix0193,85,4,0,-57,-2,15.12
fold2_room1_mix0193,86,4,0,-56,-2,14.98
fold2_room1_mix0193,87,4,0,-58,-2,9.61
fold2_room1_mix0193,88,4,0,-56,-2,13.22
fold2_room1_mix0193,89,4,0,-56,-2,12.71
fold2_room1_mix0193,90,4,0,-57,-2,9.82
fold2_room1_mix0193,92,4,0,-58,-1,3.73
fold2_room1_mix0193,91,4,0,-63,0,3.40
fold2_room1_mix0194,18,1,0,14,-2,13.67
fold2_room1_mix0194,19,1,0,21,-2,36.77
fold2_room1_mix0194,20,1,0,23,-2,33.49
fold2_room1_mix0194,21,1,0,28,-3,20.58
fold2_room1_mix0194,22,1,0,21,-2,31.63
fold2_room1_mix0194,23,1,0,20,-2,28.58
fold2_room1_mix0194,24,1,0,24,-2,27.69
fold2_room1_mix0194,25,1,0,23,-2,35.75
fold2_room1_mix0194,26,1,0,23,-1,9.22
fold2_room1_mix0194,28,1,0,27,-2,34.52
fold2_room1_mix0194,29,1,0,25,-2,25.67
fold2_room1_mix0194,30,1,0,27,-2,31.43
fold2_room1_mix0194,31,1,0,26,-2,27.40
fold2_room1_mix0194,33,1,0,29,-2,20.86
fold2_room1_mix0194,34,1,0,30,-2,24.32
fold2_room1_mix0194,35,1,0,29,-2,27.69
fold2_room1_mix0194,36,1,0,27,-2,25.10
fold2_room1_mix0194,38,1,0,31,-2,23.61
fold2_room1_mix0194,39,1,0,32,-2,22.64
fold2_room1_mix0194,40,1,0,35,-2,24.73
fold2_room1_mix0194,41,1,0,35,-2,23.06
fold2_room1_mix0194,43,1,0,39,-2,22.78
fold2_room1_mix0194,44,1,0,37,-2,23.22
fold2_room1_mix0194,45,1,0,40,-2,19.41
fold2_room1_mix0194,46,1,0,38,-2,15.63
fold2_room1_mix0194,47,1,0,41,-3,15.34
fold2_room1_mix0194,49,1,0,51,-2,18.18
fold2_room1_mix0194,50,1,0,50,-3,16.87
fold2_room1_mix0194,51,1,0,50,-2,15.45
fold2_room1_mix0194,52,1,0,48,-3,15.60
fold2_room1_mix0194,54,1,0,52,-3,13.21
fold2_room1_mix0194,55,1,0,61,-3,12.63
fold2_room1_mix0194,56,1,0,65,-3,10.59
fold2_room1_mix0195,2,4,0,177,1,0.27
fold2_room1_mix0195,3,4,0,-177,1,2.30
fold2_room1_mix0195,3,4,0,0,1,2.66
fold2_room1_mix0195,4,4,0,-178,0,15.70
fold2_room1_mix0195,4,4,0,-1,0,19.35
fold2_room1_mix0195,5,4,0,-178,0,15.66
fold2_room1_mix0195,5,4,0,-1,0,16.95
fold2_room1_mix0195,6,4,0,-176,0,18.59
fold2_room1_mix0195,6,4,0,-3,0,21.13
fold2_room1_mix0195,7,4,0,-179,0,28.37
fold2_room1_mix0195,7,4,0,0,0,32.66
fold2_room1_mix0195,8,4,0,-178,0,29.17
fold2_room1_mix0195,8,4,0,0,0,38.44
fold2_room1_mix0195,9,4,0,-179,0,31.67
fold2_room1_mix0195,9,4,0,2,0,41.94
fold2_room1_mix0195,10,4,0,-179,-1,30.47
fold2_room1_mix0195,10,4,0,-1,0,40.40
fold2_room1_mix0195,11,4,0,-179,0,33.54
fold2_room1_mix0195,11,4,0,-1,0,40.33
fold2_room1_mix0195,12,4,0,-178,0,29.78
fold2_room1_mix0195,12,4,0,-1,0,41.01
fold2_room1_mix0195,13,4,0,-177,-1,31.05
fold2_room1_mix0195,13,4,0,-1,-1,35.63
fold2_room1_mix0195,14,4,0,-177,-1,29.33
fold2_room1_mix0195,14,4,0,-1,-1,43.27
fold2_room1_mix0195,15,4,0,-177,-1,26.58
fold2_room1_mix0195,15,4,0,-1,0,34.07
fold2_room1_mix0195,16,4,0,-178,-1,24.50
fold2_room1_mix0195,16,4,0,-4,0,41.43
fold2_room1_mix0195,17,4,0,-177,-1,22.12
fold2_room1_mix0195,17,4,0,-3,0,40.81
fold2_room1_mix0195,18,4,0,-175,-1,23.08
fold2_room1_mix0195,18,4,0,-4,0,38.94
fold2_room1_mix0195,19,4,0,-174,-1,20.79
fold2_room1_mix0195,19,4,0,-5,0,40.43
fold2_room1_mix0195,20,4,0,-177,-1,20.91
fold2_room1_mix0195,20,4,0,-3,0,42.21
fold2_room1_mix0195,21,4,0,-176,-1,18.83
fold2_room1_mix0195,21,4,0,-7,0,39.28
fold2_room1_mix0195,22,4,0,-176,-2,17.45
fold2_room1_mix0195,22,4,0,-4,0,37.89
fold2_room1_mix0195,23,4,0,-175,-1,17.49
fold2_room1_mix0195,23,4,0,-6,0,37.36
fold2_room1_mix0195,24,4,0,-175,-1,16.72
fold2_room1_mix0195,24,4,0,-12,0,39.57
fold2_room1_mix0195,25,4,0,-173,-1,17.80
fold2_room1_mix0195,25,4,0,-9,0,39.52
fold2_room1_mix0195,26,4,0,-174,-2,16.21
fold2_room1_mix0195,26,4,0,-8,0,38.05
fold2_room1_mix0195,27,4,0,-174,-2,15.38
fold2_room1_mix0195,27,4,0,-9,0,37.59
fold2_room1_mix0195,28,4,0,-172,-2,15.04
fold2_room1_mix0195,28,4,0,-8,0,38.33
fold2_room1_mix0195,29,4,0,-171,-2,13.52
fold2_room1_mix0195,29,4,0,-9,0,35.22
fold2_room1_mix0195,30,4,0,-171,-2,12.05
fold2_room1_mix0195,30,4,0,-12,0,30.18
fold2_room1_mix0195,31,4,0,-165,-2,15.58
fold2_room1_mix0195,31,4,0,-7,0,34.18
fold2_room1_mix0195,32,4,0,-166,-3,13.55
fold2_room1_mix0195,32,4,0,-10,0,32.83
fold2_room1_mix0195,33,4,0,-166,-3,9.73
fold2_room1_mix0195,33,4,0,-10,0,27.34
fold2_room1_mix0195,34,4,0,-165,-4,8.96
fold2_room1_mix0195,34,4,0,-12,-1,30.75
fold2_room1_mix0195,35,4,0,-166,-3,7.95
fold2_room1_mix0195,35,4,0,-10,0,27.86
fold2_room1_mix0195,36,4,0,-166,-4,9.31
fold2_room1_mix0195,36,4,0,-10,0,33.05
fold2_room1_mix0195,37,4,0,-162,-4,7.56
fold2_room1_mix0195,37,4,0,-12,-1,28.63
fold2_room1_mix0195,38,4,0,-164,-4,6.89
fold2_room1_mix0195,38,4,0,-14,0,27.48
fold2_room1_mix0195,39,4,0,-165,-4,5.81
fold2_room1_mix0195,39,4,0,-16,0,24.26
fold2_room1_mix0195,40,4,0,-159,-6,6.08
fold2_room1_mix0195,40,4,0,-19,-1,26.35
fold2_room1_mix0195,41,4,0,-155,-8,3.99
fold2_room1_mix0195,41,4,0,-15,-2,24.55
fold2_room1_mix0195,42,4,0,-153,-8,3.88
fold2_room1_mix0195,42,4,0,-17,-2,25.87
fold2_room1_mix0195,43,4,0,-146,-9,3.11
fold2_room1_mix0195,43,4,0,-18,-1,27.49
fold2_room1_mix0195,44,4,0,-141,-11,3.73
fold2_room1_mix0195,44,4,0,-16,-1,28.21
fold2_room1_mix0195,45,4,0,-131,-13,1.74
fold2_room1_mix0195,45,4,0,-34,-3,18.25
fold2_room1_mix0195,45,4,0,-18,-1,27.17
fold2_room1_mix0195,46,4,0,-98,-15,1.75
fold2_room1_mix0195,46,4,0,-48,-6,11.28
fold2_room1_mix0195,46,4,0,-16,0,27.77
fold2_room1_mix0195,47,4,0,-73,-16,1.57
fold2_room1_mix0195,47,4,0,-32,-3,14.28
fold2_room1_mix0195,47,4,0,-14,0,25.26
fold2_room1_mix0195,48,4,0,-53,-13,2.03
fold2_room1_mix0195,48,4,0,-18,-2,18.27
fold2_room1_mix0195,49,4,0,-42,-10,2.74
fold2_room1_mix0195,49,4,0,-17,-3,16.18
fold2_room1_mix0195,50,4,0,-23,-5,10.93
fold2_room1_mix0195,51,4,0,-20,-5,11.19
fold2_room1_mix0195,52,4,0,-18,-4,11.16
fold2_room1_mix0195,53,4,0,-17,-4,10.45
fold2_room1_mix0195,54,4,0,-15,-4,10.36
fold2_room1_mix0195,55,4,0,-16,-3,10.68
fold2_room1_mix0195,56,4,0,-16,-3,10.92
fold2_room1_mix0195,57,4,0,-16,-3,11.19
fold2_room1_mix0195,58,4,0,-38,-2,10.57
fold2_room1_mix0195,58,4,0,-9,-3,10.63
fold2_room1_mix0195,59,4,0,-38,-2,10.69
fold2_room1_mix0195,59,4,0,-9,-3,12.38
fold2_room1_mix0195,60,4,0,-40,-3,9.54
fold2_room1_mix0195,60,4,0,-7,-2,12.82
fold2_room1_mix0195,61,4,0,-44,-2,10.66
fold2_room1_mix0195,61,4,0,-7,-2,12.39
fold2_room1_mix0195,62,4,0,-53,-2,11.29
fold2_room1_mix0195,62,4,0,-8,-2,13.25
fold2_room1_mix0195,63,4,0,-48,-2,10.44
fold2_room1_mix0195,63,4,0,-6,-1,14.54
fold2_room1_mix0195,64,4,0,-56,-2,10.85
fold2_room1_mix0195,64,4,0,-6,-1,15.91
fold2_room1_mix0195,65,4,0,-65,-3,10.72
fold2_room1_mix0195,65,4,0,-7,-1,16.04
fold2_room1_mix0195,66,4,0,-67,-3,10.99
fold2_room1_mix0195,66,4,0,-6,-1,16.09
fold2_room1_mix0195,67,4,0,-72,-3,10.29
fold2_room1_mix0195,67,4,0,-7,-1,16.54
fold2_room1_mix0195,68,4,0,-71,-2,10.13
fold2_room1_mix0195,68,4,0,-6,0,17.51
fold2_room1_mix0195,69,4,0,-73,-3,9.64
fold2_room1_mix0195,69,4,0,-7,-1,17.26
fold2_room1_mix0195,70,4,0,-78,-3,9.58
fold2_room1_mix0195,70,4,0,-7,-1,17.43
fold2_room1_mix0195,71,4,0,-78,-3,9.47
fold2_room1_mix0195,71,4,0,-7,0,18.94
fold2_room1_mix0195,72,4,0,-80,-3,8.78
fold2_room1_mix0195,72,4,0,-8,0,19.93
fold2_room1_mix0195,73,4,0,-86,-3,9.74
fold2_room1_mix0195,73,4,0,-59,-1,13.33
fold2_room1_mix0195,73,4,0,-13,0,22.25
fold2_room1_mix0195,74,4,0,-88,-3,9.06
fold2_room1_mix0195,74,4,0,-55,0,14.18
fold2_room1_mix0195,74,4,0,-13,0,22.29
fold2_room1_mix0195,75,4,0,-83,-2,11.57
fold2_room1_mix0195,75,4,0,-14,0,24.55
fold2_room1_mix0195,76,4,0,-95,-3,9.66
fold2_room1_mix0195,76,4,0,-8,0,25.86
fold2_room1_mix0195,77,4,0,-99,-3,9.82
fold2_room1_mix0195,77,4,0,-8,0,26.08
fold2_room1_mix0195,78,4,0,-102,-2,10.43
fold2_room1_mix0195,78,4,0,-8,0,27.08
fold2_room1_mix0195,79,4,0,-106,-3,10.14
fold2_room1_mix0195,79,4,0,-11,0,28.59
fold2_room1_mix0195,80,4,0,-106,-3,9.97
fold2_room1_mix0195,80,4,0,-12,0,29.64
fold2_room1_mix0195,81,4,0,-112,-2,10.85
fold2_room1_mix0195,81,4,0,-10,0,30.73
fold2_room1_mix0195,82,4,0,-114,-2,10.51
fold2_room1_mix0195,82,4,0,-12,0,29.60
fold2_room1_mix0195,83,4,0,-118,-2,11.25
fold2_room1_mix0195,83,4,0,-11,0,32.37
fold2_room1_mix0195,84,4,0,-121,-2,11.53
fold2_room1_mix0195,84,4,0,-11,0,32.55
fold2_room1_mix0195,85,4,0,-125,-2,11.53
fold2_room1_mix0195,85,4,0,-12,1,31.63
fold2_room1_mix0195,86,4,0,-128,-1,12.05
fold2_room1_mix0195,86,4,0,-9,1,31.43
fold2_room1_mix0195,87,4,0,-129,-1,12.15
fold2_room1_mix0195,87,4,0,-10,1,31.63
fold2_room1_mix0195,88,4,0,-130,-1,12.74
fold2_room1_mix0195,88,4,0,-12,1,34.63
fold2_room1_mix0195,89,4,0,-132,-1,13.40
fold2_room1_mix0195,89,4,0,-11,0,33.15
fold2_room1_mix0195,90,4,0,-135,0,15.34
fold2_room1_mix0195,90,4,0,-119,-2,13.90
fold2_room1_mix0195,90,4,0,-14,0,33.15
fold2_room1_mix0195,91,4,0,-141,0,15.06
fold2_room1_mix0195,91,4,0,-8,0,28.03
fold2_room1_mix0195,92,4,0,-141,0,14.55
fold2_room1_mix0195,92,4,0,-4,0,29.37
fold2_room1_mix0195,93,4,0,-140,0,14.93
fold2_room1_mix0195,93,4,0,-7,0,27.24
fold2_room1_mix0195,94,4,0,-143,0,16.68
fold2_room1_mix0195,94,4,0,-6,0,29.42
fold2_room1_mix0195,95,4,0,-144,0,17.04
fold2_room1_mix0195,95,4,0,-5,0,29.78
fold2_room1_mix0195,96,4,0,-145,0,18.82
fold2_room1_mix0195,96,4,0,-11,0,29.38
fold2_room1_mix0195,97,4,0,-146,0,19.76
fold2_room1_mix0195,97,4,0,-6,1,32.76
fold2_room1_mix0195,98,4,0,-148,0,20.95
fold2_room1_mix0195,98,4,0,-6,0,30.33
fold2_room1_mix0195,99,4,0,-148,0,21.47
fold2_room1_mix0195,99,4,0,-5,1,30.49
fold2_room1_mix0196,10,1,0,175,-2,8.31
fold2_room1_mix0196,11,1,0,167,-2,32.44
fold2_room1_mix0196,12,1,0,168,-2,32.39
fold2_room1_mix0196,13,1,0,164,-2,22.32
fold2_room1_mix0196,14,1,0,172,-2,28.89
fold2_room1_mix0196,15,1,0,166,-2,22.36
fold2_room1_mix0196,16,1,0,171,-2,21.54
fold2_room1_mix0196,17,1,0,173,-1,28.56
fold2_room1_mix0196,19,1,0,167,-2,22.74
fold2_room1_mix0196,20,1,0,170,-2,27.87
fold2_room1_mix0196,21,1,0,168,-2,29.00
fold2_room1_mix0196,23,1,0,172,-2,26.55
fold2_room1_mix0196,24,1,0,166,-2,22.80
fold2_room1_mix0196,25,1,0,168,-2,28.88
fold2_room1_mix0196,26,1,0,168,-1,19.25
fold2_room1_mix0196,27,1,0,167,-2,19.83
fold2_room1_mix0196,28,1,0,165,-2,20.91
fold2_room1_mix0196,29,1,0,167,-2,26.78
fold2_room1_mix0196,30,1,0,165,-2,22.62
fold2_room1_mix0196,31,4,0,-14,0,2.95
fold2_room1_mix0196,32,1,0,169,-2,24.42
fold2_room1_mix0196,33,1,0,165,-2,23.75
fold2_room1_mix0196,34,1,0,163,-2,27.44
fold2_room1_mix0196,35,1,0,164,-2,17.27
fold2_room1_mix0196,36,1,0,164,-2,21.01
fold2_room1_mix0196,37,1,0,163,-2,24.51
fold2_room1_mix0196,37,4,0,-5,-1,3.47
fold2_room1_mix0196,38,1,0,164,-2,24.28
fold2_room1_mix0196,39,1,0,163,-2,20.10
fold2_room1_mix0196,39,4,0,-9,-2,3.64
fold2_room1_mix0196,40,4,0,-23,-3,9.06
fold2_room1_mix0196,41,1,0,162,-2,19.88
fold2_room1_mix0196,41,4,0,-22,-2,4.94
fold2_room1_mix0196,42,1,0,165,-2,24.49
fold2_room1_mix0196,42,4,0,-18,-2,3.09
fold2_room1_mix0196,43,1,0,163,-2,24.12
fold2_room1_mix0196,43,4,0,-15,-3,7.58
fold2_room1_mix0196,44,1,0,168,-3,11.59
fold2_room1_mix0196,44,4,0,-15,-2,4.64
fold2_room1_mix0196,45,1,0,158,-3,17.86
fold2_room1_mix0196,45,4,0,-13,-3,3.69
fold2_room1_mix0196,46,1,0,161,-2,18.48
fold2_room1_mix0196,46,4,0,-24,-6,5.09
fold2_room1_mix0196,47,1,0,156,-3,18.61
fold2_room1_mix0196,47,4,0,-22,-3,4.39
fold2_room1_mix0196,48,1,0,160,-3,17.55
fold2_room1_mix0196,48,4,0,-21,-5,6.11
fold2_room1_mix0196,49,4,0,-33,-11,2.22
fold2_room1_mix0196,50,1,0,161,-3,4.03
fold2_room1_mix0196,50,4,0,-51,-17,1.93
fold2_room1_mix0196,50,4,0,-31,-8,2.73
fold2_room1_mix0196,51,4,0,-40,-22,2.27
fold2_room1_mix0196,52,4,0,-82,-33,1.48
fold2_room1_mix0196,52,4,0,-53,-25,2.84
fold2_room1_mix0196,53,4,0,-113,-26,1.86
fold2_room1_mix0196,54,4,0,-146,-15,2.66
fold2_room1_mix0196,54,4,0,-125,-19,2.35
fold2_room1_mix0196,55,4,0,-148,-13,3.18
fold2_room1_mix0196,56,4,0,-159,-11,4.11
fold2_room1_mix0196,56,4,0,-80,-14,5.84
fold2_room1_mix0196,57,4,0,-157,-9,4.27
fold2_room1_mix0196,57,4,0,-99,-11,5.28
fold2_room1_mix0196,58,4,0,-160,-8,4.79
fold2_room1_mix0196,58,4,0,-98,-9,5.97
fold2_room1_mix0196,59,4,0,-164,-6,6.84
fold2_room1_mix0196,59,4,0,-120,-10,4.74
fold2_room1_mix0196,60,4,0,-169,-6,6.36
fold2_room1_mix0196,60,4,0,-101,-7,7.51
fold2_room1_mix0196,61,4,0,-169,-5,7.35
fold2_room1_mix0196,61,4,0,-129,-7,7.13
fold2_room1_mix0196,62,4,0,-169,-5,8.20
fold2_room1_mix0196,62,4,0,-140,-8,5.34
fold2_room1_mix0196,63,4,0,-170,-4,8.04
fold2_room1_mix0196,63,4,0,-139,-5,8.46
fold2_room1_mix0196,64,4,0,-172,-3,9.25
fold2_room1_mix0196,64,4,0,-150,-6,6.86
fold2_room1_mix0196,65,4,0,-168,-3,9.11
fold2_room1_mix0196,66,4,0,-168,-4,10.02
fold2_room1_mix0196,67,4,0,-168,-3,10.45
fold2_room1_mix0196,68,4,0,-167,-3,11.30
fold2_room1_mix0196,69,4,0,-171,-2,11.78
fold2_room1_mix0196,70,4,0,-168,-3,11.86
fold2_room1_mix0196,71,4,0,-167,-2,12.31
fold2_room1_mix0196,72,4,0,-170,-2,13.25
fold2_room1_mix0196,73,4,0,-171,-2,12.58
fold2_room1_mix0196,74,4,0,-170,-2,12.12
fold2_room1_mix0196,75,4,0,-172,-1,10.84
fold2_room1_mix0196,76,4,0,-169,-1,5.52
fold2_room1_mix0196,77,4,0,-174,0,2.64
fold2_room1_mix0197,41,4,0,177,0,5.95
fold2_room1_mix0197,42,4,0,176,0,16.05
fold2_room1_mix0197,43,4,0,178,0,19.58
fold2_room1_mix0197,44,4,0,-175,0,22.24
fold2_room1_mix0197,45,4,0,-174,0,20.63
fold2_room1_mix0197,46,4,0,-175,0,20.43
fold2_room1_mix0197,47,4,0,-174,-1,19.55
fold2_room1_mix0197,48,4,0,-176,0,18.94
fold2_room1_mix0197,49,4,0,-174,0,18.60
fold2_room1_mix0197,50,4,0,-175,-1,18.11
fold2_room1_mix0197,51,4,0,-176,-1,16.55
fold2_room1_mix0197,52,4,0,-174,-1,16.23
fold2_room1_mix0197,53,4,0,-172,-1,15.72
fold2_room1_mix0197,54,4,0,-173,-1,15.21
fold2_room1_mix0197,55,4,0,-171,-1,14.25
fold2_room1_mix0197,56,4,0,-171,-2,13.03
fold2_room1_mix0197,57,4,0,-170,-1,12.78
fold2_room1_mix0197,58,4,0,-171,-2,12.51
fold2_room1_mix0197,59,4,0,-168,-2,10.71
fold2_room1_mix0197,60,4,0,-167,-2,10.55
fold2_room1_mix0197,61,4,0,-166,-3,9.67
fold2_room1_mix0197,62,4,0,-165,-3,8.67
fold2_room1_mix0197,63,4,0,-163,-3,8.17
fold2_room1_mix0197,64,4,0,-160,-3,6.69
fold2_room1_mix0197,65,4,0,-157,-4,5.86
fold2_room1_mix0197,66,4,0,-155,-4,5.21
fold2_room1_mix0197,67,4,0,-150,-6,3.96
fold2_room1_mix0197,68,4,0,-145,-7,3.43
fold2_room1_mix0197,69,4,0,-138,-8,2.59
fold2_room1_mix0197,70,4,0,-123,-7,2.19
fold2_room1_mix0197,71,4,0,-97,-8,2.04
fold2_room1_mix0197,72,4,0,-68,-7,1.76
fold2_room1_mix0197,73,4,0,-50,-5,2.12
fold2_room1_mix0197,74,4,0,-39,-4,2.78
fold2_room1_mix0197,75,4,0,-30,-4,3.75
fold2_room1_mix0197,76,4,0,-24,-4,4.37
fold2_room1_mix0197,77,4,0,-20,-3,5.17
fold2_room1_mix0197,78,4,0,-15,-2,6.11
fold2_room1_mix0197,79,4,0,-13,-3,6.99
fold2_room1_mix0197,80,4,0,-10,-2,7.96
fold2_room1_mix0197,81,4,0,-10,-2,8.98
fold2_room1_mix0197,82,4,0,-10,-2,9.52
fold2_room1_mix0197,83,4,0,-8,-2,10.92
fold2_room1_mix0197,84,4,0,-7,-2,11.57
fold2_room1_mix0197,85,4,0,-6,-2,12.15
fold2_room1_mix0197,86,4,0,-5,-1,13.40
fold2_room1_mix0197,87,4,0,-6,-2,14.34
fold2_room1_mix0197,88,4,0,-6,-1,14.90
fold2_room1_mix0197,89,4,0,-5,-1,16.18
fold2_room1_mix0197,90,4,0,-6,-1,15.73
fold2_room1_mix0197,91,4,0,-5,-1,17.02
fold2_room1_mix0197,92,4,0,-4,-1,18.04
fold2_room1_mix0197,93,4,0,-4,-1,18.12
fold2_room1_mix0197,94,4,0,-3,-1,19.36
fold2_room1_mix0197,95,4,0,-2,-1,21.16
fold2_room1_mix0197,96,4,0,-4,-1,19.66
fold2_room1_mix0197,97,4,0,-3,-1,21.46
fold2_room1_mix0197,98,4,0,-2,-1,20.92
fold2_room1_mix0197,99,4,0,-3,-1,18.91
fold2_room1_mix0198,1,4,0,178,0,1.73
fold2_room1_mix0198,1,4,0,-2,0,1.72
fold2_room1_mix0198,2,4,0,-178,0,2.93
fold2_room1_mix0198,2,4,0,-1,0,2.90
fold2_room1_mix0198,3,4,0,-179,0,9.43
fold2_room1_mix0198,3,4,0,0,0,8.85
fold2_room1_mix0198,4,4,0,-176,-1,10.28
fold2_room1_mix0198,4,4,0,2,-1,10.52
fold2_room1_mix0198,5,4,0,179,-1,12.86
fold2_room1_mix0198,5,4,0,0,-1,12.19
fold2_room1_mix0198,6,4,0,-178,-1,13.48
fold2_room1_mix0198,6,4,0,2,-1,12.94
fold2_room1_mix0198,7,4,0,-178,-2,19.04
fold2_room1_mix0198,7,4,0,1,-2,17.18
fold2_room1_mix0198,8,4,0,-177,-2,18.71
fold2_room1_mix0198,8,4,0,2,-3,17.75
fold2_room1_mix0198,9,4,0,-179,-2,17.74
fold2_room1_mix0198,9,4,0,1,-2,17.25
fold2_room1_mix0198,10,4,0,-177,-2,18.55
fold2_room1_mix0198,10,4,0,3,-2,16.36
fold2_room1_mix0198,11,4,0,-177,-2,18.27
fold2_room1_mix0198,11,4,0,2,-3,15.89
fold2_room1_mix0198,12,4,0,-176,-2,17.01
fold2_room1_mix0198,12,4,0,3,-3,15.93
fold2_room1_mix0198,13,4,0,-175,-3,16.22
fold2_room1_mix0198,13,4,0,1,-3,15.98
fold2_room1_mix0198,14,3,0,-37,-3,7.35
fold2_room1_mix0198,14,4,0,-175,-3,15.51
fold2_room1_mix0198,14,4,0,2,-3,16.31
fold2_room1_mix0198,15,3,0,-40,-3,8.32
fold2_room1_mix0198,15,4,0,-176,-3,13.78
fold2_room1_mix0198,15,4,0,0,-2,14.83
fold2_room1_mix0198,16,3,0,-42,-3,3.41
fold2_room1_mix0198,16,4,0,-175,-3,14.70
fold2_room1_mix0198,16,4,0,1,-2,15.45
fold2_room1_mix0198,17,4,0,-175,-3,14.39
fold2_room1_mix0198,17,4,0,2,-3,15.13
fold2_room1_mix0198,18,3,0,-45,-3,7.70
fold2_room1_mix0198,18,4,0,-173,-4,13.37
fold2_room1_mix0198,18,4,0,3,-3,14.38
fold2_room1_mix0198,19,3,0,-46,-3,9.65
fold2_room1_mix0198,19,4,0,-175,-3,13.66
fold2_room1_mix0198,19,4,0,2,-2,13.96
fold2_room1_mix0198,20,3,0,-32,-3,8.61
fold2_room1_mix0198,20,4,0,-173,-3,14.06
fold2_room1_mix0198,20,4,0,2,-2,14.53
fold2_room1_mix0198,21,3,0,-33,-2,8.48
fold2_room1_mix0198,21,4,0,-173,-3,13.21
fold2_room1_mix0198,21,4,0,2,-2,13.71
fold2_room1_mix0198,22,3,0,-38,-2,6.35
fold2_room1_mix0198,22,4,0,-173,-3,12.49
fold2_room1_mix0198,22,4,0,3,-2,13.57
fold2_room1_mix0198,23,3,0,-35,-2,3.27
fold2_room1_mix0198,23,4,0,-172,-3,12.16
fold2_room1_mix0198,23,4,0,3,-3,13.29
fold2_room1_mix0198,24,4,0,-170,-4,12.60
fold2_room1_mix0198,24,4,0,4,-4,13.26
fold2_room1_mix0198,25,3,0,-70,-4,10.49
fold2_room1_mix0198,25,4,0,-172,-3,11.81
fold2_room1_mix0198,25,4,0,5,-3,12.33
fold2_room1_mix0198,26,3,0,-80,-4,9.50
fold2_room1_mix0198,26,4,0,-173,-4,12.64
fold2_room1_mix0198,26,4,0,6,-4,11.95
fold2_room1_mix0198,27,3,0,-78,-4,9.61
fold2_room1_mix0198,27,4,0,-174,-4,11.39
fold2_room1_mix0198,27,4,0,6,-4,11.02
fold2_room1_mix0198,28,3,0,-86,-4,10.68
fold2_room1_mix0198,28,4,0,-173,-4,10.92
fold2_room1_mix0198,28,4,0,5,-4,11.30
fold2_room1_mix0198,29,3,0,-79,-4,12.28
fold2_room1_mix0198,29,4,0,-174,-4,11.73
fold2_room1_mix0198,29,4,0,5,-5,11.02
fold2_room1_mix0198,30,3,0,-70,-4,11.34
fold2_room1_mix0198,30,4,0,-173,-4,11.49
fold2_room1_mix0198,30,4,0,4,-5,10.74
fold2_room1_mix0198,31,3,0,-63,-3,10.30
fold2_room1_mix0198,31,4,0,-173,-4,11.60
fold2_room1_mix0198,31,4,0,5,-5,10.13
fold2_room1_mix0198,32,3,0,-59,-3,10.35
fold2_room1_mix0198,32,4,0,-172,-4,11.11
fold2_room1_mix0198,32,4,0,5,-5,10.18
fold2_room1_mix0198,33,3,0,-70,-3,9.29
fold2_room1_mix0198,33,4,0,-170,-4,10.46
fold2_room1_mix0198,33,4,0,6,-5,9.75
fold2_room1_mix0198,34,3,0,-57,-3,3.37
fold2_room1_mix0198,34,4,0,-168,-3,10.68
fold2_room1_mix0198,34,4,0,7,-5,8.75
fold2_room1_mix0198,35,4,0,-171,-3,11.63
fold2_room1_mix0198,35,4,0,8,-7,7.33
fold2_room1_mix0198,36,4,0,-171,-3,11.20
fold2_room1_mix0198,36,4,0,9,-7,7.63
fold2_room1_mix0198,37,3,0,-94,-4,8.82
fold2_room1_mix0198,37,4,0,-170,-4,10.49
fold2_room1_mix0198,37,4,0,10,-7,7.85
fold2_room1_mix0198,38,3,0,-96,-4,9.72
fold2_room1_mix0198,38,4,0,-170,-4,10.38
fold2_room1_mix0198,38,4,0,10,-7,7.22
fold2_room1_mix0198,39,3,0,-82,-4,9.73
fold2_room1_mix0198,39,4,0,-171,-5,9.68
fold2_room1_mix0198,39,4,0,11,-7,6.45
fold2_room1_mix0198,40,3,0,-79,-4,10.38
fold2_room1_mix0198,40,4,0,-172,-5,9.69
fold2_room1_mix0198,40,4,0,13,-8,6.09
fold2_room1_mix0198,41,3,0,-81,-4,11.98
fold2_room1_mix0198,41,4,0,-170,-5,9.22
fold2_room1_mix0198,41,4,0,12,-8,6.22
fold2_room1_mix0198,42,3,0,-69,-4,10.70
fold2_room1_mix0198,42,4,0,-171,-5,9.64
fold2_room1_mix0198,42,4,0,13,-8,5.98
fold2_room1_mix0198,43,3,0,-78,-4,11.57
fold2_room1_mix0198,43,4,0,-171,-5,9.42
fold2_room1_mix0198,43,4,0,15,-8,4.77
fold2_room1_mix0198,44,3,0,-91,-4,11.13
fold2_room1_mix0198,44,4,0,-172,-4,10.03
fold2_room1_mix0198,44,4,0,13,-8,4.82
fold2_room1_mix0198,45,3,0,-83,-4,9.92
fold2_room1_mix0198,45,4,0,-173,-5,10.70
fold2_room1_mix0198,45,4,0,19,-10,4.22
fold2_room1_mix0198,46,3,0,-95,-3,4.55
fold2_room1_mix0198,46,4,0,-170,-4,12.10
fold2_room1_mix0198,46,4,0,20,-11,3.52
fold2_room1_mix0198,47,4,0,-171,-4,10.70
fold2_room1_mix0198,47,4,0,26,-12,3.09
fold2_room1_mix0198,48,3,0,-89,-3,3.83
fold2_room1_mix0198,48,4,0,-169,-5,10.05
fold2_room1_mix0198,48,4,0,30,-13,2.95
fold2_room1_mix0198,49,3,0,-100,-3,3.36
fold2_room1_mix0198,49,4,0,-168,-5,11.38
fold2_room1_mix0198,49,4,0,33,-16,2.64
fold2_room1_mix0198,50,3,0,-85,-4,9.97
fold2_room1_mix0198,50,4,0,-168,-9,8.07
fold2_room1_mix0198,50,4,0,37,-18,2.43
fold2_room1_mix0198,51,3,0,-97,-4,10.09
fold2_room1_mix0198,51,4,0,-170,-11,6.35
fold2_room1_mix0198,51,4,0,49,-22,2.17
fold2_room1_mix0198,52,3,0,-92,-4,10.37
fold2_room1_mix0198,52,4,0,-177,-14,4.89
fold2_room1_mix0198,52,4,0,65,-25,2.51
fold2_room1_mix0198,53,3,0,-90,-4,9.79
fold2_room1_mix0198,53,4,0,-176,-16,4.70
fold2_room1_mix0198,53,4,0,100,-29,2.58
fold2_room1_mix0198,54,3,0,-99,-4,10.02
fold2_room1_mix0198,54,4,0,-176,-17,4.14
fold2_room1_mix0198,54,4,0,141,-25,2.89
fold2_room1_mix0198,54,4,0,122,-24,2.34
fold2_room1_mix0198,55,3,0,-90,-4,5.23
fold2_room1_mix0198,55,4,0,178,-19,3.86
fold2_room1_mix0198,55,4,0,142,-21,2.63
fold2_room1_mix0198,56,4,0,175,-18,3.82
fold2_room1_mix0198,56,4,0,152,-20,2.80
fold2_room1_mix0198,56,4,0,130,-19,2.93
fold2_room1_mix0198,57,4,0,174,-16,3.33
fold2_room1_mix0198,57,4,0,136,-18,3.15
fold2_room1_mix0198,58,4,0,150,-16,3.10
fold2_room1_mix0198,58,4,0,-146,-16,3.92
fold2_room1_mix0198,59,4,0,149,-13,3.65
fold2_room1_mix0198,59,4,0,-130,-14,3.57
fold2_room1_mix0198,60,4,0,153,-13,3.80
fold2_room1_mix0198,60,4,0,-120,-17,2.90
fold2_room1_mix0198,61,3,0,-89,-3,3.97
fold2_room1_mix0198,61,4,0,149,-13,4.32
fold2_room1_mix0198,61,4,0,-126,-19,2.55
fold2_room1_mix0198,62,4,0,148,-7,5.43
fold2_room1_mix0198,62,4,0,-108,-16,2.73
fold2_room1_mix0198,63,4,0,149,-7,6.35
fold2_room1_mix0198,63,4,0,-97,-20,1.94
fold2_room1_mix0198,64,4,0,151,-6,6.84
fold2_room1_mix0198,64,4,0,-81,-18,2.21
fold2_room1_mix0198,65,4,0,152,-5,7.62
fold2_room1_mix0198,65,4,0,-67,-17,2.15
fold2_room1_mix0198,66,4,0,151,-5,7.47
fold2_room1_mix0198,66,4,0,-60,-15,2.44
fold2_room1_mix0198,67,4,0,157,-6,7.25
fold2_room1_mix0198,67,4,0,170,-15,5.32
fold2_room1_mix0198,67,4,0,-53,-16,2.32
fold2_room1_mix0198,68,4,0,162,-5,7.77
fold2_room1_mix0198,68,4,0,-42,-13,3.15
fold2_room1_mix0198,69,4,0,163,-4,8.73
fold2_room1_mix0198,69,4,0,-34,-13,3.31
fold2_room1_mix0198,70,4,0,164,-4,8.14
fold2_room1_mix0198,70,4,0,-29,-10,3.41
fold2_room1_mix0198,71,4,0,166,-4,8.37
fold2_room1_mix0198,71,4,0,-25,-10,3.71
fold2_room1_mix0198,72,4,0,165,-5,8.92
fold2_room1_mix0198,72,4,0,-25,-9,4.08
fold2_room1_mix0198,73,4,0,164,-4,9.31
fold2_room1_mix0198,73,4,0,-23,-8,4.26
fold2_room1_mix0198,74,4,0,165,-4,9.19
fold2_room1_mix0198,74,4,0,-22,-8,4.51
fold2_room1_mix0198,75,4,0,168,-4,10.15
fold2_room1_mix0198,75,4,0,-21,-8,4.76
fold2_room1_mix0198,76,4,0,167,-3,11.37
fold2_room1_mix0198,76,4,0,-21,-8,5.04
fold2_room1_mix0198,77,4,0,168,-3,11.25
fold2_room1_mix0198,77,4,0,-20,-7,5.12
fold2_room1_mix0198,78,4,0,169,-3,11.69
fold2_room1_mix0198,78,4,0,-21,-7,5.90
fold2_room1_mix0198,79,4,0,169,-3,11.78
fold2_room1_mix0198,79,4,0,-20,-7,5.88
fold2_room1_mix0198,80,4,0,170,-4,11.09
fold2_room1_mix0198,80,4,0,-19,-7,6.13
fold2_room1_mix0198,81,4,0,170,-3,12.20
fold2_room1_mix0198,81,4,0,-20,-6,6.22
fold2_room1_mix0198,82,4,0,172,-4,11.67
fold2_room1_mix0198,82,4,0,-18,-6,7.14
fold2_room1_mix0198,83,4,0,171,-3,11.27
fold2_room1_mix0198,83,4,0,-17,-5,7.80
fold2_room1_mix0198,84,4,0,172,-4,11.76
fold2_room1_mix0198,84,4,0,-15,-6,8.12
fold2_room1_mix0198,85,4,0,173,-4,12.39
fold2_room1_mix0198,85,4,0,-14,-6,8.20
fold2_room1_mix0198,86,4,0,173,-3,12.04
fold2_room1_mix0198,86,4,0,-13,-5,9.22
fold2_room1_mix0198,87,4,0,174,-4,12.81
fold2_room1_mix0198,87,4,0,-12,-5,9.32
fold2_room1_mix0198,88,4,0,174,-4,12.90
fold2_room1_mix0198,88,4,0,-11,-5,9.72
fold2_room1_mix0198,89,4,0,174,-3,13.48
fold2_room1_mix0198,89,4,0,-11,-4,10.15
fold2_room1_mix0198,90,4,0,175,-3,14.09
fold2_room1_mix0198,90,4,0,-11,-4,10.45
fold2_room1_mix0198,91,4,0,176,-3,15.14
fold2_room1_mix0198,91,4,0,-10,-4,11.39
fold2_room1_mix0198,92,4,0,173,-3,13.85
fold2_room1_mix0198,92,4,0,-10,-4,11.28
fold2_room1_mix0198,93,4,0,174,-2,16.06
fold2_room1_mix0198,93,4,0,-10,-4,11.06
fold2_room1_mix0198,94,4,0,176,-3,16.16
fold2_room1_mix0198,94,4,0,-10,-4,11.94
fold2_room1_mix0198,95,4,0,177,-2,16.76
fold2_room1_mix0198,95,4,0,-8,-4,11.93
fold2_room1_mix0198,96,4,0,176,-2,17.10
fold2_room1_mix0198,96,4,0,-8,-4,11.70
fold2_room1_mix0198,97,4,0,178,-2,18.64
fold2_room1_mix0198,97,4,0,-7,-4,12.16
fold2_room1_mix0198,98,4,0,178,-2,18.03
fold2_room1_mix0198,98,4,0,-7,-4,12.79
fold2_room1_mix0198,99,4,0,178,-2,17.52
fold2_room1_mix0198,99,4,0,-6,-4,11.98
fold2_room1_mix0199,4,4,0,0,0,15.41
fold2_room1_mix0199,5,4,0,-1,0,17.45
fold2_room1_mix0199,6,4,0,0,0,21.04
fold2_room1_mix0199,7,4,0,0,0,25.82
fold2_room1_mix0199,8,4,0,1,0,35.53
fold2_room1_mix0199,9,4,0,1,0,33.99
fold2_room1_mix0199,10,4,0,1,0,33.12
fold2_room1_mix0199,11,4,0,3,0,34.77
fold2_room1_mix0199,12,4,0,2,0,33.23
fold2_room1_mix0199,13,4,0,1,0,31.60
fold2_room1_mix0199,14,4,0,1,0,33.22
fold2_room1_mix0199,15,4,0,1,0,31.94
fold2_room1_mix0199,16,4,0,1,0,30.45
fold2_room1_mix0199,17,4,0,1,0,31.59
fold2_room1_mix0199,18,4,0,0,0,31.01
fold2_room1_mix0199,19,4,0,0,-1,30.34
fold2_room1_mix0199,20,4,0,0,0,31.26
fold2_room1_mix0199,21,4,0,0,0,30.43
fold2_room1_mix0199,22,4,0,0,0,30.11
fold2_room1_mix0199,23,4,0,-1,-1,28.10
fold2_room1_mix0199,24,4,0,-1,-1,28.28
fold2_room1_mix0199,25,4,0,0,-1,28.02
fold2_room1_mix0199,26,4,0,-1,-1,27.64
fold2_room1_mix0199,27,4,0,-1,-1,27.33
fold2_room1_mix0199,28,4,0,-1,-1,25.81
fold2_room1_mix0199,29,4,0,-3,-1,24.57
fold2_room1_mix0199,30,4,0,-3,-1,24.60
fold2_room1_mix0199,31,4,0,-3,-1,23.10
fold2_room1_mix0199,32,4,0,-3,-1,22.67
fold2_room1_mix0199,33,4,0,-3,-1,21.62
fold2_room1_mix0199,34,4,0,-4,-1,20.66
fold2_room1_mix0199,35,4,0,-4,-1,21.17
fold2_room1_mix0199,36,4,0,-4,-1,20.01
fold2_room1_mix0199,37,4,0,-4,-1,19.50
fold2_room1_mix0199,38,4,0,-5,-1,18.57
fold2_room1_mix0199,39,4,0,-5,-1,17.50
fold2_room1_mix0199,40,4,0,-6,-1,17.26
fold2_room1_mix0199,41,4,0,-6,-1,16.97
fold2_room1_mix0199,42,4,0,-6,-1,15.83
fold2_room1_mix0199,43,4,0,-7,-1,15.27
fold2_room1_mix0199,44,4,0,-8,-2,14.30
fold2_room1_mix0199,45,4,0,-8,-2,13.85
fold2_room1_mix0199,46,4,0,-9,-2,14.15
fold2_room1_mix0199,47,4,0,-10,-2,12.56
fold2_room1_mix0199,48,4,0,-11,-2,11.47
fold2_room1_mix0199,49,4,0,-12,-3,10.79
fold2_room1_mix0199,50,4,0,-12,-3,10.21
fold2_room1_mix0199,51,4,0,-13,-3,9.65
fold2_room1_mix0199,52,4,0,-14,-3,9.07
fold2_room1_mix0199,53,4,0,-17,-3,8.16
fold2_room1_mix0199,54,4,0,-17,-4,7.74
fold2_room1_mix0199,55,4,0,-19,-4,6.84
fold2_room1_mix0199,56,4,0,-20,-5,6.18
fold2_room1_mix0199,57,4,0,-22,-4,5.54
fold2_room1_mix0199,58,4,0,-24,-5,4.92
fold2_room1_mix0199,59,4,0,-26,-6,4.64
fold2_room1_mix0199,60,4,0,-33,-6,3.80
fold2_room1_mix0199,61,4,0,-37,-7,3.29
fold2_room1_mix0199,62,4,0,-44,-9,2.78
fold2_room1_mix0199,63,4,0,-52,-10,2.57
fold2_room1_mix0199,64,4,0,-70,-12,2.47
fold2_room1_mix0199,65,4,0,-87,-12,2.51
fold2_room1_mix0199,66,4,0,-107,-11,2.41
fold2_room1_mix0199,67,4,0,-121,-9,2.67
fold2_room1_mix0199,68,4,0,-131,-7,3.17
fold2_room1_mix0199,69,4,0,-141,-7,3.52
fold2_room1_mix0199,70,4,0,-147,-6,4.06
fold2_room1_mix0199,71,4,0,-149,-6,4.41
fold2_room1_mix0199,72,4,0,-152,-5,4.77
fold2_room1_mix0199,73,4,0,-155,-4,5.46
fold2_room1_mix0199,74,4,0,-156,-4,5.70
fold2_room1_mix0199,75,4,0,-158,-4,6.48
fold2_room1_mix0199,76,4,0,-159,-3,7.00
fold2_room1_mix0199,77,4,0,-160,-3,7.88
fold2_room1_mix0199,78,4,0,-162,-2,8.96
fold2_room1_mix0199,79,4,0,-162,-2,8.90
fold2_room1_mix0199,80,4,0,-164,-2,9.84
fold2_room1_mix0199,81,4,0,-165,-2,11.09
fold2_room1_mix0199,82,4,0,-166,-2,11.07
fold2_room1_mix0199,83,4,0,-167,-1,11.92
fold2_room1_mix0199,84,4,0,-168,-1,13.01
fold2_room1_mix0199,85,4,0,-168,-1,13.09
fold2_room1_mix0199,86,4,0,-168,-1,14.17
fold2_room1_mix0199,87,4,0,-169,-1,14.12
fold2_room1_mix0199,88,4,0,-169,-1,15.20
fold2_room1_mix0199,89,4,0,-170,-1,16.36
fold2_room1_mix0199,90,4,0,-171,0,16.92
fold2_room1_mix0199,91,4,0,-171,0,17.96
fold2_room1_mix0199,92,4,0,-172,0,17.88
fold2_room1_mix0199,93,4,0,-172,0,18.53
fold2_room1_mix0199,94,4,0,-173,0,20.68
fold2_room1_mix0199,95,4,0,-173,0,19.91
fold2_room1_mix0199,96,4,0,-173,0,20.75
fold2_room1_mix0199,97,4,0,-173,0,22.72
fold2_room1_mix0199,98,4,0,-174,0,21.90
fold2_room1_mix0199,99,4,0,-174,0,22.11
fold2_room1_mix0200,4,4,0,177,1,14.51
fold2_room1_mix0200,5,4,0,-179,1,7.37
fold2_room1_mix0200,6,4,0,177,0,16.95
fold2_room1_mix0200,7,4,0,178,1,8.64
fold2_room1_mix0200,8,4,0,-179,0,22.03
fold2_room1_mix0200,9,4,0,177,0,24.72
fold2_room1_mix0200,10,4,0,175,0,26.40
fold2_room1_mix0200,10,4,0,5,1,33.23
fold2_room1_mix0200,11,4,0,176,1,5.67
fold2_room1_mix0200,11,4,0,5,3,7.42
fold2_room1_mix0200,12,4,0,177,0,24.23
fold2_room1_mix0200,12,4,0,1,1,29.49
fold2_room1_mix0200,13,4,0,176,0,27.22
fold2_room1_mix0200,13,4,0,2,0,36.57
fold2_room1_mix0200,14,4,0,174,0,29.03
fold2_room1_mix0200,14,4,0,5,1,42.40
fold2_room1_mix0200,15,4,0,175,0,27.42
fold2_room1_mix0200,15,4,0,3,0,39.93
fold2_room1_mix0200,16,4,0,173,1,26.89
fold2_room1_mix0200,17,4,0,176,0,28.99
fold2_room1_mix0200,18,4,0,177,0,27.15
fold2_room1_mix0200,18,4,0,1,0,40.66
fold2_room1_mix0200,19,4,0,173,0,27.93
fold2_room1_mix0200,19,4,0,1,0,39.91
fold2_room1_mix0200,20,4,0,174,0,24.41
fold2_room1_mix0200,20,4,0,4,0,35.06
fold2_room1_mix0200,21,4,0,176,0,24.59
fold2_room1_mix0200,21,4,0,0,0,39.15
fold2_room1_mix0200,22,4,0,173,0,23.90
fold2_room1_mix0200,22,4,0,0,0,35.13
fold2_room1_mix0200,23,4,0,173,0,24.38
fold2_room1_mix0200,23,4,0,-1,0,36.15
fold2_room1_mix0200,24,4,0,177,0,23.24
fold2_room1_mix0200,24,4,0,-3,0,37.94
fold2_room1_mix0200,25,4,0,176,-1,22.72
fold2_room1_mix0200,25,4,0,-3,-1,35.40
fold2_room1_mix0200,26,4,0,175,0,21.47
fold2_room1_mix0200,26,4,0,-2,0,34.80
fold2_room1_mix0200,27,4,0,173,-1,21.81
fold2_room1_mix0200,27,4,0,-5,-1,32.42
fold2_room1_mix0200,28,4,0,174,-1,20.14
fold2_room1_mix0200,28,4,0,-1,-1,34.39
fold2_room1_mix0200,29,4,0,175,-1,20.07
fold2_room1_mix0200,29,4,0,-2,-1,32.02
fold2_room1_mix0200,30,4,0,173,-1,20.39
fold2_room1_mix0200,30,4,0,-3,0,32.28
fold2_room1_mix0200,31,4,0,174,-1,18.95
fold2_room1_mix0200,31,4,0,0,0,33.52
fold2_room1_mix0200,32,4,0,176,-1,17.96
fold2_room1_mix0200,32,4,0,-1,-1,31.16
fold2_room1_mix0200,33,4,0,175,-1,17.71
fold2_room1_mix0200,33,4,0,0,0,30.76
fold2_room1_mix0200,34,4,0,175,-1,17.80
fold2_room1_mix0200,34,4,0,0,-1,28.17
fold2_room1_mix0200,35,4,0,174,-1,16.64
fold2_room1_mix0200,35,4,0,2,-1,26.66
fold2_room1_mix0200,36,4,0,173,-2,16.83
fold2_room1_mix0200,36,4,0,2,-1,25.39
fold2_room1_mix0200,37,4,0,175,-1,16.11
fold2_room1_mix0200,37,4,0,4,-1,24.63
fold2_room1_mix0200,38,4,0,-177,-1,15.09
fold2_room1_mix0200,38,4,0,167,-3,13.72
fold2_room1_mix0200,38,4,0,5,-1,23.97
fold2_room1_mix0200,39,4,0,173,-2,13.57
fold2_room1_mix0200,39,4,0,7,-1,22.11
fold2_room1_mix0200,40,4,0,175,-3,13.29
fold2_room1_mix0200,40,4,0,10,-2,20.67
fold2_room1_mix0200,41,4,0,174,-4,11.06
fold2_room1_mix0200,41,4,0,10,-2,19.96
fold2_room1_mix0200,42,4,0,172,-4,9.73
fold2_room1_mix0200,42,4,0,10,-2,18.21
fold2_room1_mix0200,43,4,0,-178,-3,9.59
fold2_room1_mix0200,43,4,0,155,-5,9.58
fold2_room1_mix0200,43,4,0,14,-2,17.89
fold2_room1_mix0200,44,4,0,177,-4,9.15
fold2_room1_mix0200,44,4,0,159,-6,8.57
fold2_room1_mix0200,44,4,0,16,-2,18.57
fold2_room1_mix0200,45,4,0,179,-5,8.24
fold2_room1_mix0200,45,4,0,149,-8,7.36
fold2_room1_mix0200,45,4,0,14,-2,18.26
fold2_room1_mix0200,46,4,0,176,-6,6.79
fold2_room1_mix0200,46,4,0,146,-6,9.93
fold2_room1_mix0200,46,4,0,9,-2,17.58
fold2_room1_mix0200,47,4,0,174,-6,7.75
fold2_room1_mix0200,47,4,0,159,-11,5.15
fold2_room1_mix0200,47,4,0,13,-3,17.05
fold2_room1_mix0200,48,4,0,179,-6,8.70
fold2_room1_mix0200,48,4,0,154,-13,4.36
fold2_room1_mix0200,48,4,0,11,-3,15.20
fold2_room1_mix0200,49,4,0,170,-7,7.73
fold2_room1_mix0200,49,4,0,153,-14,3.26
fold2_room1_mix0200,49,4,0,11,-4,15.50
fold2_room1_mix0200,50,4,0,159,-15,4.88
fold2_room1_mix0200,50,4,0,141,-15,4.95
fold2_room1_mix0200,50,4,0,5,-3,14.88
fold2_room1_mix0200,51,4,0,140,-12,5.42
fold2_room1_mix0200,51,4,0,115,-20,1.79
fold2_room1_mix0200,51,4,0,6,-2,12.88
fold2_room1_mix0200,52,4,0,101,-20,3.80
fold2_room1_mix0200,52,4,0,59,-19,2.37
fold2_room1_mix0200,52,4,0,5,-3,10.27
fold2_room1_mix0200,53,4,0,60,-18,2.50
fold2_room1_mix0200,53,4,0,17,-9,4.43
fold2_room1_mix0200,53,4,0,1,-4,8.41
fold2_room1_mix0200,54,4,0,46,-12,4.07
fold2_room1_mix0200,54,4,0,16,-10,3.39
fold2_room1_mix0200,54,4,0,2,-3,8.28
fold2_room1_mix0200,55,4,0,30,-8,5.09
fold2_room1_mix0200,55,4,0,9,-6,6.05
fold2_room1_mix0200,56,4,0,28,-10,4.22
fold2_room1_mix0200,56,4,0,8,-6,6.77
fold2_room1_mix0200,57,4,0,40,-12,3.54
fold2_room1_mix0200,57,4,0,7,-5,6.75
fold2_room1_mix0200,58,4,0,73,-20,1.37
fold2_room1_mix0200,58,4,0,3,-5,6.87
fold2_room1_mix0200,59,4,0,121,-15,1.67
fold2_room1_mix0200,59,4,0,5,-4,6.90
fold2_room1_mix0200,60,4,0,142,-9,2.74
fold2_room1_mix0200,60,4,0,7,-4,6.52
fold2_room1_mix0200,61,4,0,159,-8,2.83
fold2_room1_mix0200,61,4,0,6,-3,7.77
fold2_room1_mix0200,62,4,0,162,-7,3.06
fold2_room1_mix0200,62,4,0,4,-3,9.85
fold2_room1_mix0200,63,4,0,166,-6,3.95
fold2_room1_mix0200,63,4,0,4,-2,11.27
fold2_room1_mix0200,64,4,0,173,-5,4.62
fold2_room1_mix0200,64,4,0,2,-1,11.62
fold2_room1_mix0200,65,4,0,178,-4,5.32
fold2_room1_mix0200,65,4,0,3,-2,12.03
fold2_room1_mix0200,66,4,0,177,-4,5.53
fold2_room1_mix0200,66,4,0,4,-2,12.09
fold2_room1_mix0200,67,4,0,177,-3,7.45
fold2_room1_mix0200,67,4,0,4,-2,12.12
fold2_room1_mix0200,68,4,0,178,-3,7.57
fold2_room1_mix0200,68,4,0,4,-2,13.08
fold2_room1_mix0200,69,4,0,179,-3,8.65
fold2_room1_mix0200,69,4,0,3,-2,13.37
fold2_room1_mix0200,70,4,0,179,-2,10.36
fold2_room1_mix0200,70,4,0,2,-2,14.96
fold2_room1_mix0200,71,4,0,178,-2,11.32
fold2_room1_mix0200,71,4,0,3,-2,15.82
fold2_room1_mix0200,72,4,0,179,-1,11.92
fold2_room1_mix0200,72,4,0,2,-2,15.28
fold2_room1_mix0200,73,4,0,179,-1,12.54
fold2_room1_mix0200,73,4,0,2,-1,16.47
fold2_room1_mix0200,74,4,0,179,-1,13.44
fold2_room1_mix0200,74,4,0,2,-1,17.20
fold2_room1_mix0200,75,4,0,-178,-1,14.53
fold2_room1_mix0200,75,4,0,2,-1,18.51
fold2_room1_mix0200,76,4,0,-178,-1,14.32
fold2_room1_mix0200,76,4,0,2,-1,17.19
fold2_room1_mix0200,77,4,0,-178,-1,15.46
fold2_room1_mix0200,77,4,0,1,-1,19.04
fold2_room1_mix0200,78,4,0,-178,-1,16.39
fold2_room1_mix0200,78,4,0,1,-1,19.99
fold2_room1_mix0200,79,4,0,-179,-1,16.76
fold2_room1_mix0200,79,4,0,2,-1,20.52
fold2_room1_mix0200,80,4,0,179,-1,17.43
fold2_room1_mix0200,80,4,0,1,-1,20.83
fold2_room1_mix0200,81,4,0,179,-1,17.68
fold2_room1_mix0200,81,4,0,1,0,22.36
fold2_room1_mix0200,82,4,0,179,-1,19.03
fold2_room1_mix0200,82,4,0,2,-1,23.90
fold2_room1_mix0200,83,4,0,-179,0,21.02
fold2_room1_mix0200,83,4,0,2,0,25.34
fold2_room1_mix0200,84,4,0,179,-1,21.13
fold2_room1_mix0200,84,4,0,3,0,24.97
fold2_room1_mix0200,85,4,0,-179,-1,23.44
fold2_room1_mix0200,85,4,0,2,-1,26.39
fold2_room1_mix0200,86,4,0,179,0,23.50
fold2_room1_mix0200,86,4,0,2,0,26.63
fold2_room1_mix0200,87,4,0,179,0,26.65
fold2_room1_mix0200,87,4,0,3,0,29.39
fold2_room1_mix0200,88,4,0,178,0,27.97
fold2_room1_mix0200,88,4,0,3,0,29.83
fold2_room1_mix0200,89,4,0,175,0,27.66
fold2_room1_mix0200,89,4,0,3,0,28.94
fold2_room1_mix0200,90,4,0,175,0,26.99
fold2_room1_mix0200,90,4,0,4,0,26.55
fold2_room1_mix0200,91,4,0,173,0,31.03
fold2_room1_mix0200,91,4,0,4,1,31.53
fold2_room1_mix0200,92,4,0,174,0,23.43
fold2_room1_mix0200,92,4,0,5,1,24.14
fold2_room1_mix0200,93,4,0,174,0,26.29
fold2_room1_mix0200,93,4,0,3,0,27.10
fold2_room1_mix0200,94,4,0,173,1,6.05
fold2_room1_mix0200,96,4,0,176,0,16.18
fold2_room1_mix0200,96,4,0,-1,0,15.93
fold2_room1_mix0201,3,4,0,178,3,0.72
fold2_room1_mix0201,4,4,0,179,0,10.93
fold2_room1_mix0201,5,4,0,179,0,12.88
fold2_room1_mix0201,6,4,0,178,0,15.22
fold2_room1_mix0201,7,4,0,179,0,21.66
fold2_room1_mix0201,8,4,0,179,0,25.31
fold2_room1_mix0201,9,4,0,178,0,25.67
fold2_room1_mix0201,10,4,0,177,0,25.53
fold2_room1_mix0201,11,4,0,178,0,28.59
fold2_room1_mix0201,12,4,0,178,0,27.79
fold2_room1_mix0201,13,4,0,177,0,27.01
fold2_room1_mix0201,14,4,0,177,0,27.17
fold2_room1_mix0201,15,4,0,177,0,26.46
fold2_room1_mix0201,16,4,0,177,-1,24.14
fold2_room1_mix0201,17,4,0,178,0,25.50
fold2_room1_mix0201,18,4,0,177,0,25.06
fold2_room1_mix0201,19,4,0,177,-1,24.64
fold2_room1_mix0201,20,4,0,179,0,24.54
fold2_room1_mix0201,21,4,0,178,-1,22.70
fold2_room1_mix0201,22,4,0,178,-1,22.03
fold2_room1_mix0201,23,4,0,178,-1,20.43
fold2_room1_mix0201,24,4,0,176,-1,19.78
fold2_room1_mix0201,25,4,0,177,-1,19.16
fold2_room1_mix0201,26,4,0,176,-1,18.00
fold2_room1_mix0201,27,4,0,175,-2,18.37
fold2_room1_mix0201,28,4,0,175,-2,17.46
fold2_room1_mix0201,29,4,0,175,-2,15.86
fold2_room1_mix0201,30,4,0,175,-2,15.78
fold2_room1_mix0201,31,4,0,-178,-1,19.03
fold2_room1_mix0201,31,4,0,163,-4,10.10
fold2_room1_mix0201,32,4,0,175,-3,14.10
fold2_room1_mix0201,33,4,0,-178,-2,17.07
fold2_room1_mix0201,33,4,0,162,-5,9.06
fold2_room1_mix0201,34,4,0,-179,-1,17.97
fold2_room1_mix0201,34,4,0,160,-6,6.74
fold2_room1_mix0201,35,4,0,179,-2,16.41
fold2_room1_mix0201,35,4,0,157,-7,6.23
fold2_room1_mix0201,36,4,0,-179,-2,15.98
fold2_room1_mix0201,36,4,0,156,-8,4.98
fold2_room1_mix0201,37,4,0,179,-2,16.53
fold2_room1_mix0201,37,4,0,153,-10,4.04
fold2_room1_mix0201,38,4,0,176,-1,16.65
fold2_room1_mix0201,38,4,0,143,-11,3.08
fold2_room1_mix0201,39,4,0,175,-1,15.10
fold2_room1_mix0201,39,4,0,129,-13,2.48
fold2_room1_mix0201,40,4,0,176,-2,14.28
fold2_room1_mix0201,40,4,0,109,-17,2.01
fold2_room1_mix0201,41,4,0,175,-2,13.14
fold2_room1_mix0201,41,4,0,78,-16,2.11
fold2_room1_mix0201,42,4,0,173,-2,11.27
fold2_room1_mix0201,42,4,0,60,-13,2.17
fold2_room1_mix0201,43,4,0,173,-2,10.90
fold2_room1_mix0201,43,4,0,46,-10,2.69
fold2_room1_mix0201,44,4,0,172,-2,9.70
fold2_room1_mix0201,44,4,0,36,-9,2.98
fold2_room1_mix0201,45,4,0,177,-3,8.51
fold2_room1_mix0201,45,4,0,30,-8,3.64
fold2_room1_mix0201,46,4,0,-178,-4,8.48
fold2_room1_mix0201,46,4,0,28,-6,4.88
fold2_room1_mix0201,47,4,0,-179,-5,7.52
fold2_room1_mix0201,47,4,0,25,-6,5.10
fold2_room1_mix0201,48,4,0,-178,-6,6.06
fold2_room1_mix0201,48,4,0,22,-5,5.71
fold2_room1_mix0201,49,4,0,-176,-8,4.52
fold2_room1_mix0201,49,4,0,21,-6,5.96
fold2_room1_mix0201,50,4,0,-171,-12,3.35
fold2_room1_mix0201,50,4,0,20,-6,6.16
fold2_room1_mix0201,51,4,0,-165,-16,2.72
fold2_room1_mix0201,51,4,0,15,-4,6.46
fold2_room1_mix0201,54,4,0,-172,-7,6.47
fold2_room1_mix0201,54,4,0,-7,-9,3.00
fold2_room1_mix0201,54,4,0,11,-2,8.03
fold2_room1_mix0201,55,4,0,-166,-4,7.40
fold2_room1_mix0201,55,4,0,-7,-7,3.77
fold2_room1_mix0201,55,4,0,8,-2,8.51
fold2_room1_mix0201,56,4,0,-176,-2,9.40
fold2_room1_mix0201,56,4,0,-6,-7,3.71
fold2_room1_mix0201,56,4,0,9,-2,9.33
fold2_room1_mix0201,57,4,0,-172,-2,9.01
fold2_room1_mix0201,57,4,0,2,-4,8.01
fold2_room1_mix0201,58,4,0,-171,-2,10.19
fold2_room1_mix0201,58,4,0,2,-4,8.54
fold2_room1_mix0201,59,4,0,-168,-2,10.10
fold2_room1_mix0201,59,4,0,1,-4,9.48
fold2_room1_mix0201,60,4,0,-166,-2,9.68
fold2_room1_mix0201,60,4,0,0,-4,9.57
fold2_room1_mix0201,61,4,0,-162,-3,8.59
fold2_room1_mix0201,61,4,0,0,-3,10.66
fold2_room1_mix0201,62,4,0,-156,-4,7.87
fold2_room1_mix0201,62,4,0,0,-3,10.80
fold2_room1_mix0201,63,4,0,-151,-4,6.40
fold2_room1_mix0201,63,4,0,0,-3,11.12
fold2_room1_mix0201,64,4,0,-146,-4,5.95
fold2_room1_mix0201,64,4,0,1,-2,12.02
fold2_room1_mix0201,65,4,0,-142,-5,5.45
fold2_room1_mix0201,65,4,0,0,-2,12.52
fold2_room1_mix0201,66,4,0,-142,-5,5.13
fold2_room1_mix0201,66,4,0,0,-2,13.49
fold2_room1_mix0201,67,4,0,-140,-5,4.54
fold2_room1_mix0201,67,4,0,0,-2,13.42
fold2_room1_mix0201,68,4,0,-138,-6,4.22
fold2_room1_mix0201,68,4,0,0,-1,14.52
fold2_room1_mix0201,69,4,0,-134,-7,3.71
fold2_room1_mix0201,69,4,0,1,-2,15.08
fold2_room1_mix0201,70,4,0,-128,-7,3.46
fold2_room1_mix0201,70,4,0,1,-1,15.25
fold2_room1_mix0201,71,4,0,-123,-10,2.80
fold2_room1_mix0201,71,4,0,0,-1,17.35
fold2_room1_mix0201,72,4,0,-115,-9,2.55
fold2_room1_mix0201,72,4,0,2,-1,17.77
fold2_room1_mix0201,73,4,0,-110,-10,2.91
fold2_room1_mix0201,73,4,0,0,-1,18.40
fold2_room1_mix0201,74,4,0,-92,-13,2.40
fold2_room1_mix0201,74,4,0,-1,0,20.24
fold2_room1_mix0201,75,4,0,-81,-13,2.22
fold2_room1_mix0201,75,4,0,0,0,22.04
fold2_room1_mix0201,76,4,0,-71,-11,2.52
fold2_room1_mix0201,76,4,0,1,0,23.06
fold2_room1_mix0201,77,4,0,-63,-10,2.71
fold2_room1_mix0201,77,4,0,1,0,22.88
fold2_room1_mix0201,78,4,0,-53,-9,3.07
fold2_room1_mix0201,78,4,0,4,0,25.58
fold2_room1_mix0201,79,4,0,-41,-9,3.21
fold2_room1_mix0201,79,4,0,3,0,24.98
fold2_room1_mix0201,80,4,0,-40,-9,3.31
fold2_room1_mix0201,80,4,0,3,0,24.64
fold2_room1_mix0201,81,4,0,-36,-8,3.82
fold2_room1_mix0201,81,4,0,2,0,25.86
fold2_room1_mix0201,82,4,0,-32,-8,3.94
fold2_room1_mix0201,82,4,0,3,0,25.93
fold2_room1_mix0201,83,4,0,-31,-7,4.34
fold2_room1_mix0201,83,4,0,1,0,26.36
fold2_room1_mix0201,84,4,0,-32,-7,4.42
fold2_room1_mix0201,84,4,0,0,0,27.38
fold2_room1_mix0201,85,4,0,-28,-7,5.19
fold2_room1_mix0201,85,4,0,1,0,27.54
fold2_room1_mix0201,86,4,0,-27,-6,5.66
fold2_room1_mix0201,86,4,0,1,0,29.01
fold2_room1_mix0201,87,4,0,-27,-6,5.62
fold2_room1_mix0201,87,4,0,1,0,27.88
fold2_room1_mix0201,88,4,0,-27,-6,6.76
fold2_room1_mix0201,88,4,0,2,0,30.66
fold2_room1_mix0201,89,4,0,-24,-6,7.21
fold2_room1_mix0201,89,4,0,2,0,29.84
fold2_room1_mix0201,90,4,0,-23,-5,7.58
fold2_room1_mix0201,90,4,0,2,0,30.18
fold2_room1_mix0201,91,4,0,-22,-4,9.07
fold2_room1_mix0201,91,4,0,3,0,32.69
fold2_room1_mix0201,92,4,0,-17,-4,9.12
fold2_room1_mix0201,92,4,0,3,0,31.10
fold2_room1_mix0201,93,4,0,-17,-5,9.53
fold2_room1_mix0201,93,4,0,2,-1,29.14
fold2_room1_mix0201,94,4,0,-16,-4,10.29
fold2_room1_mix0201,94,4,0,3,0,32.61
fold2_room1_mix0201,95,4,0,-13,-4,10.99
fold2_room1_mix0201,95,4,0,3,0,30.44
fold2_room1_mix0201,96,4,0,-13,-3,11.47
fold2_room1_mix0201,96,4,0,3,0,30.72
fold2_room1_mix0201,97,4,0,-13,-3,13.14
fold2_room1_mix0201,97,4,0,3,0,33.54
fold2_room1_mix0201,98,4,0,-1,-1,26.42
fold2_room1_mix0201,99,4,0,-1,-2,25.62
fold2_room1_mix0201,52,4,0,-49,-28,0.62
fold2_room1_mix0201,52,4,0,14,-3,6.18
fold2_room1_mix0201,53,4,0,-16,-16,1.61
fold2_room1_mix0201,53,4,0,15,-1,7.49
fold2_room1_mix0202,4,4,0,0,0,2.38
fold2_room1_mix0202,5,4,0,3,0,4.10
fold2_room1_mix0202,6,4,0,2,0,16.48
fold2_room1_mix0202,7,4,0,2,0,19.32
fold2_room1_mix0202,8,4,0,3,0,23.40
fold2_room1_mix0202,9,4,0,3,0,28.60
fold2_room1_mix0202,10,4,0,4,-1,34.97
fold2_room1_mix0202,11,4,0,5,-1,35.52
fold2_room1_mix0202,12,4,0,4,0,39.15
fold2_room1_mix0202,13,4,0,4,0,38.48
fold2_room1_mix0202,14,4,0,5,0,41.69
fold2_room1_mix0202,15,4,0,4,0,42.32
fold2_room1_mix0202,16,4,0,4,-1,43.44
fold2_room1_mix0202,17,4,0,4,0,44.75
fold2_room1_mix0202,18,4,0,4,0,45.08
fold2_room1_mix0202,19,4,0,4,-1,44.07
fold2_room1_mix0202,20,4,0,5,0,46.14
fold2_room1_mix0202,21,4,0,5,0,47.13
fold2_room1_mix0202,22,4,0,5,-1,46.10
fold2_room1_mix0202,23,4,0,4,0,45.67
fold2_room1_mix0202,24,4,0,5,0,44.76
fold2_room1_mix0202,25,4,0,3,0,46.88
fold2_room1_mix0202,26,4,0,3,-1,46.12
fold2_room1_mix0202,27,4,0,4,0,47.17
fold2_room1_mix0202,28,4,0,5,0,47.55
fold2_room1_mix0202,29,4,0,4,0,44.94
fold2_room1_mix0202,30,4,0,6,0,46.55
fold2_room1_mix0202,31,4,0,6,0,45.98
fold2_room1_mix0202,32,4,0,5,0,43.81
fold2_room1_mix0202,33,4,0,6,0,43.78
fold2_room1_mix0202,34,4,0,5,0,41.92
fold2_room1_mix0202,35,4,0,5,0,41.32
fold2_room1_mix0202,36,4,0,5,0,39.61
fold2_room1_mix0202,37,4,0,5,0,38.32
fold2_room1_mix0202,38,4,0,5,0,37.50
fold2_room1_mix0202,39,4,0,4,0,35.98
fold2_room1_mix0202,40,4,0,4,0,35.58
fold2_room1_mix0202,41,4,0,3,0,35.52
fold2_room1_mix0202,42,4,0,4,0,33.95
fold2_room1_mix0202,43,4,0,3,-1,32.95
fold2_room1_mix0202,44,4,0,2,0,32.72
fold2_room1_mix0202,45,4,0,2,0,30.65
fold2_room1_mix0202,46,4,0,2,-1,29.50
fold2_room1_mix0202,47,4,0,3,0,29.30
fold2_room1_mix0202,48,4,0,3,-1,26.72
fold2_room1_mix0202,49,4,0,4,-1,25.57
fold2_room1_mix0202,50,4,0,4,-1,24.47
fold2_room1_mix0202,51,4,0,3,-1,23.35
fold2_room1_mix0202,52,4,0,4,-1,22.25
fold2_room1_mix0202,53,4,0,5,-1,21.31
fold2_room1_mix0202,54,4,0,4,-1,20.38
fold2_room1_mix0202,55,4,0,4,-1,18.28
fold2_room1_mix0202,56,4,0,4,-1,17.81
fold2_room1_mix0202,57,4,0,3,-1,16.76
fold2_room1_mix0202,58,4,0,4,-1,15.77
fold2_room1_mix0202,59,4,0,4,-1,15.39
fold2_room1_mix0202,60,4,0,4,-2,13.85
fold2_room1_mix0202,61,4,0,4,-2,12.66
fold2_room1_mix0202,62,4,0,4,-2,11.51
fold2_room1_mix0202,63,4,0,4,-2,10.60
fold2_room1_mix0202,64,4,0,4,-3,10.20
fold2_room1_mix0202,65,4,0,6,-3,8.90
fold2_room1_mix0202,66,4,0,6,-4,7.43
fold2_room1_mix0202,67,4,0,8,-4,6.57
fold2_room1_mix0202,68,4,0,9,-5,5.38
fold2_room1_mix0202,69,4,0,11,-6,4.54
fold2_room1_mix0202,70,4,0,15,-7,3.31
fold2_room1_mix0202,71,4,0,22,-9,2.54
fold2_room1_mix0202,72,4,0,33,-11,1.61
fold2_room1_mix0202,73,4,0,74,-15,1.00
fold2_room1_mix0202,74,4,0,136,-11,1.12
fold2_room1_mix0202,75,4,0,153,-7,1.51
fold2_room1_mix0202,76,4,0,165,-5,2.69
fold2_room1_mix0202,77,4,0,166,-5,3.35
fold2_room1_mix0202,78,4,0,169,-3,4.17
fold2_room1_mix0202,79,4,0,173,-3,5.14
fold2_room1_mix0202,80,4,0,174,-2,5.91
fold2_room1_mix0202,81,4,0,175,-1,6.99
fold2_room1_mix0202,82,4,0,176,-1,7.82
fold2_room1_mix0202,83,4,0,177,-1,8.36
fold2_room1_mix0202,84,4,0,177,-1,9.26
fold2_room1_mix0202,85,4,0,176,-1,10.93
fold2_room1_mix0202,86,4,0,177,-1,11.44
fold2_room1_mix0202,87,4,0,176,0,12.52
fold2_room1_mix0202,88,4,0,177,0,13.68
fold2_room1_mix0202,89,4,0,177,0,14.87
fold2_room1_mix0202,90,4,0,177,0,14.93
fold2_room1_mix0202,91,4,0,177,0,15.80
fold2_room1_mix0202,92,4,0,177,0,17.78
fold2_room1_mix0202,93,4,0,177,0,17.62
fold2_room1_mix0202,94,4,0,177,0,18.88
fold2_room1_mix0202,95,4,0,177,0,20.24
fold2_room1_mix0202,96,4,0,178,0,20.79
fold2_room1_mix0202,97,4,0,177,0,22.40
fold2_room1_mix0202,98,4,0,177,0,22.47
fold2_room1_mix0202,99,4,0,177,0,23.22
fold2_room1_mix0202,2,4,0,-3,0,1.63
fold2_room1_mix0203,4,4,0,177,0,3.31
fold2_room1_mix0203,5,4,0,178,0,18.80
fold2_room1_mix0203,6,4,0,178,0,24.10
fold2_room1_mix0203,7,4,0,178,0,25.52
fold2_room1_mix0203,8,4,0,178,0,33.43
fold2_room1_mix0203,9,3,0,150,-4,18.25
fold2_room1_mix0203,9,4,0,178,0,38.29
fold2_room1_mix0203,10,3,0,148,-3,17.69
fold2_room1_mix0203,10,4,0,179,0,29.95
fold2_room1_mix0203,11,3,0,139,-3,16.70
fold2_room1_mix0203,11,4,0,178,0,31.17
fold2_room1_mix0203,12,3,0,140,-2,16.43
fold2_room1_mix0203,12,4,0,179,0,32.87
fold2_room1_mix0203,13,3,0,143,-3,13.87
fold2_room1_mix0203,13,4,0,-178,0,30.30
fold2_room1_mix0203,14,3,0,140,-3,13.85
fold2_room1_mix0203,14,4,0,-178,0,34.17
fold2_room1_mix0203,15,3,0,135,-3,13.65
fold2_room1_mix0203,15,4,0,-178,0,33.52
fold2_room1_mix0203,16,3,0,137,-3,12.85
fold2_room1_mix0203,16,4,0,-175,0,33.04
fold2_room1_mix0203,17,3,0,133,-3,12.80
fold2_room1_mix0203,17,4,0,-177,0,34.66
fold2_room1_mix0203,18,3,0,133,-3,13.34
fold2_room1_mix0203,18,4,0,-176,0,33.69
fold2_room1_mix0203,19,3,0,128,-3,13.13
fold2_room1_mix0203,19,4,0,-177,0,33.90
fold2_room1_mix0203,20,3,0,128,-3,12.51
fold2_room1_mix0203,20,4,0,-176,0,34.21
fold2_room1_mix0203,21,3,0,117,-3,9.88
fold2_room1_mix0203,21,4,0,-176,0,35.47
fold2_room1_mix0203,22,3,0,126,-4,15.62
fold2_room1_mix0203,22,4,0,-179,0,35.09
fold2_room1_mix0203,23,3,0,115,-4,11.51
fold2_room1_mix0203,23,4,0,178,0,33.09
fold2_room1_mix0203,24,3,0,114,-4,10.56
fold2_room1_mix0203,24,4,0,178,0,32.00
fold2_room1_mix0203,25,3,0,111,-4,11.63
fold2_room1_mix0203,25,4,0,-177,0,34.23
fold2_room1_mix0203,26,3,0,120,-4,10.10
fold2_room1_mix0203,26,4,0,177,0,27.64
fold2_room1_mix0203,27,3,0,107,-4,10.36
fold2_room1_mix0203,27,4,0,176,0,34.25
fold2_room1_mix0203,28,3,0,104,-4,10.39
fold2_room1_mix0203,28,4,0,179,0,33.82
fold2_room1_mix0203,29,3,0,102,-5,9.28
fold2_room1_mix0203,29,4,0,-177,0,31.68
fold2_room1_mix0203,30,3,0,97,-5,9.06
fold2_room1_mix0203,30,4,0,-178,0,32.10
fold2_room1_mix0203,31,3,0,94,-5,8.98
fold2_room1_mix0203,31,4,0,-178,0,32.55
fold2_room1_mix0203,32,3,0,98,-4,8.89
fold2_room1_mix0203,32,4,0,-177,0,30.11
fold2_room1_mix0203,33,3,0,98,-5,7.92
fold2_room1_mix0203,33,4,0,-178,0,29.99
fold2_room1_mix0203,34,3,0,100,-5,7.24
fold2_room1_mix0203,34,4,0,-178,0,27.99
fold2_room1_mix0203,35,3,0,97,-4,7.36
fold2_room1_mix0203,35,4,0,-177,0,27.09
fold2_room1_mix0203,36,3,0,91,-4,7.44
fold2_room1_mix0203,36,4,0,178,0,26.69
fold2_room1_mix0203,37,3,0,80,-4,6.95
fold2_room1_mix0203,37,4,0,179,0,25.24
fold2_room1_mix0203,38,3,0,74,-4,7.04
fold2_room1_mix0203,38,4,0,178,0,23.31
fold2_room1_mix0203,39,3,0,66,-3,7.67
fold2_room1_mix0203,39,4,0,177,0,22.06
fold2_room1_mix0203,40,3,0,65,-3,7.75
fold2_room1_mix0203,40,4,0,177,0,22.12
fold2_room1_mix0203,41,3,0,60,-3,7.62
fold2_room1_mix0203,41,4,0,178,0,20.86
fold2_room1_mix0203,42,3,0,57,-3,6.13
fold2_room1_mix0203,42,4,0,177,0,19.43
fold2_room1_mix0203,43,4,0,176,0,22.26
fold2_room1_mix0203,44,3,0,49,-3,9.39
fold2_room1_mix0203,44,4,0,175,0,20.56
fold2_room1_mix0203,45,3,0,46,-3,10.11
fold2_room1_mix0203,45,4,0,174,0,19.26
fold2_room1_mix0203,46,3,0,50,-3,9.27
fold2_room1_mix0203,46,4,0,174,0,19.44
fold2_room1_mix0203,47,3,0,95,-7,8.07
fold2_room1_mix0203,47,4,0,174,0,16.68
fold2_room1_mix0203,48,3,0,-69,-4,11.25
fold2_room1_mix0203,48,4,0,169,0,16.35
fold2_room1_mix0203,49,3,0,-79,-4,9.93
fold2_room1_mix0203,49,4,0,166,0,14.75
fold2_room1_mix0203,50,3,0,-95,-7,10.62
fold2_room1_mix0203,50,3,0,-79,-4,11.24
fold2_room1_mix0203,50,4,0,166,0,15.71
fold2_room1_mix0203,51,3,0,47,-6,10.21
fold2_room1_mix0203,51,3,0,49,-6,10.17
fold2_room1_mix0203,51,4,0,169,0,16.30
fold2_room1_mix0203,52,3,0,37,-3,10.67
fold2_room1_mix0203,52,3,0,39,-3,10.60
fold2_room1_mix0203,52,4,0,172,0,16.04
fold2_room1_mix0203,53,3,0,28,-3,11.06
fold2_room1_mix0203,53,4,0,171,0,14.62
fold2_room1_mix0203,54,3,0,37,-2,9.74
fold2_room1_mix0203,54,4,0,172,0,13.75
fold2_room1_mix0203,55,4,0,175,0,14.21
fold2_room1_mix0203,56,4,0,173,-1,12.38
fold2_room1_mix0203,57,3,0,-137,-5,10.06
fold2_room1_mix0203,57,4,0,172,-1,12.70
fold2_room1_mix0203,58,3,0,-135,-5,14.51
fold2_room1_mix0203,58,4,0,173,-1,12.85
fold2_room1_mix0203,59,3,0,-131,-6,7.99
fold2_room1_mix0203,59,4,0,173,-1,11.85
fold2_room1_mix0203,60,3,0,-127,-4,13.09
fold2_room1_mix0203,60,4,0,168,-2,12.34
fold2_room1_mix0203,61,3,0,-130,-4,15.93
fold2_room1_mix0203,61,4,0,166,-3,10.99
fold2_room1_mix0203,62,3,0,-134,-4,14.54
fold2_room1_mix0203,62,4,0,170,-3,8.56
fold2_room1_mix0203,63,3,0,-138,-4,16.28
fold2_room1_mix0203,63,4,0,166,-4,8.61
fold2_room1_mix0203,64,3,0,-135,-4,16.19
fold2_room1_mix0203,64,4,0,164,-4,7.94
fold2_room1_mix0203,65,3,0,-139,-4,15.59
fold2_room1_mix0203,65,4,0,167,-5,7.05
fold2_room1_mix0203,66,3,0,-142,-3,14.91
fold2_room1_mix0203,66,4,0,161,-6,5.86
fold2_room1_mix0203,67,3,0,-133,-3,7.15
fold2_room1_mix0203,67,4,0,159,-7,5.09
fold2_room1_mix0203,68,4,0,153,-9,4.10
fold2_room1_mix0203,69,4,0,149,-9,3.06
fold2_room1_mix0203,70,4,0,144,-11,2.76
fold2_room1_mix0203,71,4,0,128,-13,2.02
fold2_room1_mix0203,72,3,0,-151,-4,10.46
fold2_room1_mix0203,72,4,0,108,-14,2.10
fold2_room1_mix0203,73,3,0,-176,-4,17.31
fold2_room1_mix0203,73,4,0,138,-4,5.95
fold2_room1_mix0203,73,4,0,79,-14,1.89
fold2_room1_mix0203,73,4,0,59,-13,1.57
fold2_room1_mix0203,74,3,0,-159,-3,18.83
fold2_room1_mix0203,74,4,0,136,-3,5.81
fold2_room1_mix0203,74,4,0,41,-10,2.34
fold2_room1_mix0203,75,3,0,-150,-3,15.31
fold2_room1_mix0203,75,4,0,119,-4,5.35
fold2_room1_mix0203,75,4,0,29,-7,2.64
fold2_room1_mix0203,76,3,0,-153,-3,15.76
fold2_room1_mix0203,76,4,0,67,-5,4.44
fold2_room1_mix0203,76,4,0,26,-6,3.16
fold2_room1_mix0203,77,3,0,-154,-3,16.01
fold2_room1_mix0203,77,4,0,61,-6,4.37
fold2_room1_mix0203,77,4,0,20,-6,3.43
fold2_room1_mix0203,78,3,0,-146,-3,13.89
fold2_room1_mix0203,78,4,0,62,-4,4.95
fold2_room1_mix0203,78,4,0,16,-4,3.78
fold2_room1_mix0203,79,3,0,-154,-3,6.54
fold2_room1_mix0203,79,4,0,50,-3,5.97
fold2_room1_mix0203,79,4,0,16,-4,4.02
fold2_room1_mix0203,80,4,0,46,-2,6.41
fold2_room1_mix0203,80,4,0,13,-4,4.51
fold2_room1_mix0203,81,4,0,39,-2,6.07
fold2_room1_mix0203,81,4,0,13,-3,4.64
fold2_room1_mix0203,82,4,0,37,-3,6.67
fold2_room1_mix0203,82,4,0,12,-3,5.28
fold2_room1_mix0203,83,4,0,29,-3,7.04
fold2_room1_mix0203,83,4,0,11,-3,6.35
fold2_room1_mix0203,84,4,0,27,-3,7.47
fold2_room1_mix0203,84,4,0,10,-2,6.97
fold2_room1_mix0203,85,4,0,12,-2,7.78
fold2_room1_mix0203,86,3,0,-165,-4,6.85
fold2_room1_mix0203,86,4,0,11,-2,9.05
fold2_room1_mix0203,87,3,0,-156,-4,17.07
fold2_room1_mix0203,87,4,0,10,-2,9.91
fold2_room1_mix0203,88,3,0,-156,-4,18.46
fold2_room1_mix0203,88,4,0,10,-2,11.31
fold2_room1_mix0203,89,3,0,-151,-4,19.28
fold2_room1_mix0203,89,4,0,8,-2,13.28
fold2_room1_mix0203,90,3,0,-153,-3,20.09
fold2_room1_mix0203,90,4,0,7,-1,12.43
fold2_room1_mix0203,91,3,0,-154,-3,20.05
fold2_room1_mix0203,91,4,0,6,-1,13.86
fold2_room1_mix0203,92,4,0,7,0,14.37
fold2_room1_mix0203,93,4,0,6,0,13.27
fold2_room1_mix0203,94,4,0,6,-1,14.16
fold2_room1_mix0203,95,4,0,7,-1,14.84
fold2_room1_mix0203,96,4,0,6,0,15.70
fold2_room1_mix0203,97,4,0,6,0,17.43
fold2_room1_mix0203,98,4,0,6,0,18.25
fold2_room1_mix0203,99,4,0,5,0,19.05
fold2_room1_mix0205,41,4,0,169,-1,10.22
fold2_room1_mix0205,42,4,0,172,-2,12.94
fold2_room1_mix0205,43,4,0,173,-2,12.24
fold2_room1_mix0205,44,4,0,169,-2,12.35
fold2_room1_mix0205,45,0,0,-157,-2,2.42
fold2_room1_mix0205,45,4,0,166,-2,13.55
fold2_room1_mix0205,46,0,0,-151,-2,3.10
fold2_room1_mix0205,46,4,0,165,-2,13.03
fold2_room1_mix0205,47,0,0,-143,-2,9.02
fold2_room1_mix0205,47,4,0,164,-3,11.77
fold2_room1_mix0205,48,0,0,-145,-3,8.70
fold2_room1_mix0205,48,4,0,164,-3,10.87
fold2_room1_mix0205,49,0,0,-145,-2,13.03
fold2_room1_mix0205,49,4,0,163,-2,10.84
fold2_room1_mix0205,50,0,0,-146,-2,15.83
fold2_room1_mix0205,50,4,0,165,-3,9.94
fold2_room1_mix0205,51,0,0,-146,-2,15.86
fold2_room1_mix0205,51,4,0,164,-4,9.54
fold2_room1_mix0205,52,0,0,-147,-2,17.73
fold2_room1_mix0205,52,4,0,161,-3,10.81
fold2_room1_mix0205,53,0,0,-144,-2,18.06
fold2_room1_mix0205,53,4,0,165,-4,9.86
fold2_room1_mix0205,54,0,0,-151,-2,16.85
fold2_room1_mix0205,54,4,0,163,-3,8.84
fold2_room1_mix0205,55,0,0,-148,-2,16.75
fold2_room1_mix0205,55,4,0,163,-4,8.32
fold2_room1_mix0205,56,0,0,-147,-2,15.36
fold2_room1_mix0205,56,4,0,158,-5,8.07
fold2_room1_mix0205,57,0,0,-150,-2,15.36
fold2_room1_mix0205,57,4,0,158,-5,8.04
fold2_room1_mix0205,58,0,0,-149,-2,16.88
fold2_room1_mix0205,58,4,0,158,-5,7.26
fold2_room1_mix0205,59,0,0,-151,-2,17.44
fold2_room1_mix0205,59,4,0,160,-6,6.12
fold2_room1_mix0205,59,4,0,137,-6,7.00
fold2_room1_mix0205,60,0,0,-148,-3,15.01
fold2_room1_mix0205,60,4,0,148,-7,5.73
fold2_room1_mix0205,61,0,0,-151,-3,15.27
fold2_room1_mix0205,61,4,0,160,-6,5.59
fold2_room1_mix0205,61,4,0,138,-6,6.21
fold2_room1_mix0205,62,0,0,-153,-2,15.34
fold2_room1_mix0205,62,4,0,153,-8,4.70
fold2_room1_mix0205,62,4,0,130,-8,5.44
fold2_room1_mix0205,63,0,0,-153,-2,15.45
fold2_room1_mix0205,63,4,0,143,-8,4.73
fold2_room1_mix0205,64,0,0,-153,-3,14.28
fold2_room1_mix0205,64,4,0,140,-9,4.52
fold2_room1_mix0205,65,0,0,-166,-3,13.18
fold2_room1_mix0205,65,4,0,145,-10,4.08
fold2_room1_mix0205,65,4,0,122,-10,4.84
fold2_room1_mix0205,66,0,0,-162,-3,12.51
fold2_room1_mix0205,66,4,0,139,-11,4.04
fold2_room1_mix0205,66,4,0,115,-14,2.96
fold2_room1_mix0205,66,4,0,88,-9,5.89
fold2_room1_mix0205,67,0,0,-164,-3,11.50
fold2_room1_mix0205,67,4,0,110,-15,4.23
fold2_room1_mix0205,67,4,0,88,-17,3.14
fold2_room1_mix0205,67,4,0,69,-12,5.75
fold2_room1_mix0205,68,0,0,170,-3,9.77
fold2_room1_mix0205,68,4,0,82,-13,4.19
fold2_room1_mix0205,69,0,0,-176,-2,11.59
fold2_room1_mix0205,69,4,0,95,-13,4.59
fold2_room1_mix0205,69,4,0,56,-9,4.56
fold2_room1_mix0205,70,0,0,171,-2,9.69
fold2_room1_mix0205,70,4,0,60,-12,4.03
fold2_room1_mix0205,70,4,0,41,-8,5.02
fold2_room1_mix0205,71,0,0,-179,-2,11.87
fold2_room1_mix0205,71,4,0,41,-7,4.45
fold2_room1_mix0205,72,0,0,164,-2,10.50
fold2_room1_mix0205,72,4,0,39,-6,5.23
fold2_room1_mix0205,73,0,0,173,-1,13.17
fold2_room1_mix0205,73,4,0,33,-6,5.55
fold2_room1_mix0205,74,0,0,162,-1,12.80
fold2_room1_mix0205,74,4,0,30,-4,6.47
fold2_room1_mix0205,75,0,0,163,-1,13.04
fold2_room1_mix0205,75,4,0,27,-4,7.13
fold2_room1_mix0205,76,0,0,164,-1,18.63
fold2_room1_mix0205,76,4,0,26,-4,7.72
fold2_room1_mix0205,77,0,0,160,-1,16.09
fold2_room1_mix0205,77,4,0,22,-3,8.81
fold2_room1_mix0205,78,0,0,162,-1,14.74
fold2_room1_mix0205,78,4,0,22,-3,8.71
fold2_room1_mix0205,79,0,0,164,-1,18.15
fold2_room1_mix0205,79,4,0,20,-3,9.85
fold2_room1_mix0205,80,0,0,165,-1,19.18
fold2_room1_mix0205,80,4,0,20,-3,10.18
fold2_room1_mix0205,81,0,0,165,-1,21.70
fold2_room1_mix0205,81,4,0,21,-3,10.47
fold2_room1_mix0205,82,0,0,167,-1,23.81
fold2_room1_mix0205,82,4,0,19,-2,11.54
fold2_room1_mix0205,83,0,0,169,-1,25.44
fold2_room1_mix0205,83,4,0,18,-2,11.53
fold2_room1_mix0205,84,0,0,166,-1,26.67
fold2_room1_mix0205,84,4,0,18,-2,10.72
fold2_room1_mix0205,85,0,0,168,-1,26.85
fold2_room1_mix0205,85,4,0,18,-2,11.88
fold2_room1_mix0205,86,0,0,170,-1,33.24
fold2_room1_mix0205,86,4,0,18,-2,11.00
fold2_room1_mix0205,87,0,0,169,-1,30.71
fold2_room1_mix0205,87,4,0,16,-2,9.08
fold2_room1_mix0205,88,0,0,169,-1,31.12
fold2_room1_mix0205,88,4,0,18,-2,12.74
fold2_room1_mix0205,89,0,0,169,-1,34.75
fold2_room1_mix0205,89,4,0,17,-2,12.36
fold2_room1_mix0205,90,0,0,171,-1,33.26
fold2_room1_mix0205,91,0,0,171,-1,31.63
fold2_room1_mix0205,92,0,0,172,-1,34.61
fold2_room1_mix0205,93,0,0,172,-1,32.98
fold2_room1_mix0205,94,0,0,174,-1,38.86
fold2_room1_mix0205,95,0,0,174,0,37.51
fold2_room1_mix0205,96,0,0,175,0,25.66
fold2_room1_mix0205,97,0,0,176,0,3.98
fold2_room1_mix0205,98,0,0,176,0,3.16
fold2_room1_mix0205,40,4,0,172,0,2.79
fold2_room1_mix0206,4,4,0,0,0,3.35
fold2_room1_mix0206,5,4,0,3,-1,19.16
fold2_room1_mix0206,6,4,0,1,-1,17.47
fold2_room1_mix0206,7,4,0,1,0,20.45
fold2_room1_mix0206,8,4,0,2,0,27.15
fold2_room1_mix0206,9,4,0,1,-1,29.90
fold2_room1_mix0206,10,4,0,3,-1,30.83
fold2_room1_mix0206,11,4,0,3,0,32.34
fold2_room1_mix0206,12,4,0,2,0,35.22
fold2_room1_mix0206,13,4,0,3,0,36.28
fold2_room1_mix0206,14,4,0,3,0,34.38
fold2_room1_mix0206,15,4,0,3,0,38.12
fold2_room1_mix0206,16,4,0,2,0,36.98
fold2_room1_mix0206,17,4,0,2,0,37.86
fold2_room1_mix0206,18,4,0,2,0,39.95
fold2_room1_mix0206,19,2,0,-54,-2,10.31
fold2_room1_mix0206,19,4,0,4,-1,37.58
fold2_room1_mix0206,20,2,0,-45,-1,15.44
fold2_room1_mix0206,20,4,0,3,0,42.72
fold2_room1_mix0206,21,2,0,-39,-1,16.76
fold2_room1_mix0206,21,4,0,4,0,42.62
fold2_room1_mix0206,22,2,0,-45,-1,15.72
fold2_room1_mix0206,22,4,0,2,-1,40.17
fold2_room1_mix0206,23,2,0,-41,-1,15.27
fold2_room1_mix0206,23,4,0,2,-1,42.89
fold2_room1_mix0206,24,2,0,-47,-1,15.46
fold2_room1_mix0206,24,4,0,2,-1,43.75
fold2_room1_mix0206,25,4,0,1,0,46.47
fold2_room1_mix0206,26,4,0,1,-1,46.84
fold2_room1_mix0206,27,4,0,0,0,48.40
fold2_room1_mix0206,28,4,0,1,0,49.51
fold2_room1_mix0206,29,2,0,-51,-1,14.75
fold2_room1_mix0206,29,4,0,4,-1,47.31
fold2_room1_mix0206,30,2,0,-50,-1,16.39
fold2_room1_mix0206,30,4,0,2,0,50.85
fold2_room1_mix0206,31,2,0,-54,-1,15.49
fold2_room1_mix0206,31,4,0,3,0,50.17
fold2_room1_mix0206,32,2,0,-53,-1,14.36
fold2_room1_mix0206,32,4,0,1,-1,47.31
fold2_room1_mix0206,33,2,0,-52,-1,13.55
fold2_room1_mix0206,33,4,0,0,0,49.63
fold2_room1_mix0206,34,2,0,-49,-2,11.50
fold2_room1_mix0206,34,4,0,1,0,49.42
fold2_room1_mix0206,35,4,0,0,0,49.63
fold2_room1_mix0206,36,4,0,0,0,48.98
fold2_room1_mix0206,37,4,0,0,0,49.93
fold2_room1_mix0206,38,4,0,1,0,50.34
fold2_room1_mix0206,39,2,0,-62,-2,13.55
fold2_room1_mix0206,39,4,0,3,0,50.79
fold2_room1_mix0206,40,2,0,-63,-2,13.84
fold2_room1_mix0206,40,4,0,2,0,50.23
fold2_room1_mix0206,41,2,0,-66,-1,13.09
fold2_room1_mix0206,41,4,0,2,0,48.79
fold2_room1_mix0206,42,2,0,-68,-2,12.32
fold2_room1_mix0206,42,4,0,0,-1,46.85
fold2_room1_mix0206,43,2,0,-70,-2,12.05
fold2_room1_mix0206,43,4,0,0,0,44.69
fold2_room1_mix0206,44,2,0,-65,-3,6.93
fold2_room1_mix0206,44,4,0,2,-1,43.46
fold2_room1_mix0206,45,4,0,0,0,38.30
fold2_room1_mix0206,46,4,0,0,0,38.35
fold2_room1_mix0206,47,4,0,1,0,35.54
fold2_room1_mix0206,48,4,0,0,0,36.60
fold2_room1_mix0206,49,2,0,-76,-2,13.16
fold2_room1_mix0206,49,4,0,0,0,35.01
fold2_room1_mix0206,50,2,0,-79,-2,12.13
fold2_room1_mix0206,50,4,0,0,0,34.50
fold2_room1_mix0206,51,2,0,-92,-3,12.02
fold2_room1_mix0206,51,4,0,1,-1,33.37
fold2_room1_mix0206,52,2,0,-91,-3,10.78
fold2_room1_mix0206,52,4,0,0,-1,31.64
fold2_room1_mix0206,53,2,0,-95,-3,12.16
fold2_room1_mix0206,53,4,0,0,0,30.41
fold2_room1_mix0206,54,4,0,-1,-1,29.49
fold2_room1_mix0206,55,4,0,-3,-1,26.27
fold2_room1_mix0206,56,4,0,-2,0,26.53
fold2_room1_mix0206,57,4,0,-1,-1,25.23
fold2_room1_mix0206,58,2,0,-107,-2,13.11
fold2_room1_mix0206,58,4,0,0,-1,24.98
fold2_room1_mix0206,59,2,0,-121,-2,15.22
fold2_room1_mix0206,59,4,0,1,0,24.34
fold2_room1_mix0206,60,2,0,-122,-2,14.98
fold2_room1_mix0206,60,4,0,0,-1,22.69
fold2_room1_mix0206,61,2,0,-129,-2,14.55
fold2_room1_mix0206,61,4,0,0,-1,20.70
fold2_room1_mix0206,62,2,0,-132,-2,14.42
fold2_room1_mix0206,62,4,0,0,-1,18.50
fold2_room1_mix0206,63,2,0,-129,-2,14.86
fold2_room1_mix0206,63,4,0,0,-1,17.39
fold2_room1_mix0206,64,4,0,-2,-2,15.34
fold2_room1_mix0206,65,4,0,-4,-2,14.64
fold2_room1_mix0206,66,4,0,-3,-2,13.20
fold2_room1_mix0206,67,4,0,-2,-3,12.90
fold2_room1_mix0206,68,2,0,-134,-1,14.79
fold2_room1_mix0206,68,4,0,-2,-3,11.57
fold2_room1_mix0206,69,2,0,-136,-1,17.53
fold2_room1_mix0206,69,4,0,-3,-3,10.62
fold2_room1_mix0206,70,2,0,-137,-1,16.66
fold2_room1_mix0206,70,4,0,-4,-4,9.70
fold2_room1_mix0206,71,2,0,-134,-1,16.71
fold2_room1_mix0206,71,4,0,-6,-5,8.44
fold2_room1_mix0206,72,2,0,-135,-1,16.59
fold2_room1_mix0206,72,4,0,-8,-6,6.75
fold2_room1_mix0206,73,2,0,-131,-1,16.71
fold2_room1_mix0206,73,4,0,-9,-8,5.24
fold2_room1_mix0206,74,4,0,-14,-10,4.18
fold2_room1_mix0206,75,4,0,-17,-12,3.47
fold2_room1_mix0206,76,4,0,-25,-17,2.42
fold2_room1_mix0206,77,4,0,-36,-23,2.06
fold2_room1_mix0206,78,2,0,-138,-2,9.96
fold2_room1_mix0206,78,4,0,-68,-36,1.45
fold2_room1_mix0206,79,2,0,-136,-2,13.20
fold2_room1_mix0206,79,4,0,-119,-33,1.53
fold2_room1_mix0206,80,2,0,-144,-2,11.78
fold2_room1_mix0206,80,4,0,-145,-22,1.85
fold2_room1_mix0206,81,2,0,-138,-2,14.29
fold2_room1_mix0206,81,4,0,-154,-16,2.66
fold2_room1_mix0206,82,2,0,-143,-2,13.71
fold2_room1_mix0206,82,4,0,-162,-13,3.81
fold2_room1_mix0206,83,4,0,-164,-12,4.21
fold2_room1_mix0206,84,4,0,-166,-9,5.06
fold2_room1_mix0206,85,4,0,-169,-8,6.35
fold2_room1_mix0206,86,4,0,-170,-6,6.78
fold2_room1_mix0206,87,4,0,-171,-5,7.67
fold2_room1_mix0206,88,4,0,-172,-4,9.36
fold2_room1_mix0206,89,4,0,-173,-4,10.48
fold2_room1_mix0206,90,4,0,-174,-3,11.37
fold2_room1_mix0206,91,4,0,-174,-3,12.57
fold2_room1_mix0206,92,4,0,-174,-3,12.93
fold2_room1_mix0206,93,4,0,-175,-3,14.32
fold2_room1_mix0206,94,4,0,-175,-2,14.77
fold2_room1_mix0206,95,4,0,-176,-2,16.58
fold2_room1_mix0206,96,4,0,-176,-2,17.59
fold2_room1_mix0206,97,4,0,-176,-1,19.48
fold2_room1_mix0206,98,4,0,-176,-1,20.28
fold2_room1_mix0206,99,4,0,-176,-1,19.91
fold2_room1_mix0207,2,4,0,0,1,1.77
fold2_room1_mix0207,3,4,0,6,0,7.34
fold2_room1_mix0207,4,4,0,9,-1,8.22
fold2_room1_mix0207,5,4,0,9,-1,9.16
fold2_room1_mix0207,6,4,0,10,-1,10.67
fold2_room1_mix0207,7,4,0,9,-2,13.90
fold2_room1_mix0207,8,4,0,9,-3,13.10
fold2_room1_mix0207,9,4,0,8,-3,13.20
fold2_room1_mix0207,10,4,0,9,-2,13.17
fold2_room1_mix0207,11,4,0,10,-3,12.61
fold2_room1_mix0207,12,4,0,9,-2,12.55
fold2_room1_mix0207,13,4,0,9,-3,12.56
fold2_room1_mix0207,14,4,0,9,-3,11.89
fold2_room1_mix0207,15,4,0,10,-3,11.79
fold2_room1_mix0207,16,4,0,9,-3,11.09
fold2_room1_mix0207,17,4,0,10,-3,11.35
fold2_room1_mix0207,18,4,0,11,-3,11.26
fold2_room1_mix0207,19,4,0,11,-3,11.28
fold2_room1_mix0207,20,4,0,10,-3,11.12
fold2_room1_mix0207,21,4,0,11,-3,10.94
fold2_room1_mix0207,22,4,0,11,-3,10.17
fold2_room1_mix0207,23,4,0,12,-3,10.36
fold2_room1_mix0207,24,4,0,12,-3,10.09
fold2_room1_mix0207,25,4,0,12,-3,9.69
fold2_room1_mix0207,26,4,0,13,-3,9.37
fold2_room1_mix0207,27,4,0,14,-3,9.50
fold2_room1_mix0207,28,4,0,13,-3,9.19
fold2_room1_mix0207,29,4,0,15,-3,8.59
fold2_room1_mix0207,30,4,0,14,-4,8.30
fold2_room1_mix0207,31,4,0,14,-4,8.53
fold2_room1_mix0207,32,4,0,14,-4,8.13
fold2_room1_mix0207,33,4,0,14,-4,7.84
fold2_room1_mix0207,34,4,0,15,-4,7.63
fold2_room1_mix0207,35,4,0,14,-4,7.05
fold2_room1_mix0207,36,4,0,15,-4,6.64
fold2_room1_mix0207,37,4,0,16,-4,6.69
fold2_room1_mix0207,38,4,0,16,-4,6.44
fold2_room1_mix0207,39,4,0,17,-4,6.20
fold2_room1_mix0207,40,4,0,17,-4,6.27
fold2_room1_mix0207,41,4,0,17,-5,5.76
fold2_room1_mix0207,42,4,0,18,-5,5.58
fold2_room1_mix0207,43,4,0,19,-5,5.62
fold2_room1_mix0207,44,4,0,20,-5,5.37
fold2_room1_mix0207,45,4,0,21,-5,5.33
fold2_room1_mix0207,46,4,0,22,-5,5.27
fold2_room1_mix0207,47,4,0,23,-5,4.80
fold2_room1_mix0207,48,4,0,24,-5,4.64
fold2_room1_mix0207,49,4,0,25,-5,4.17
fold2_room1_mix0207,50,4,0,27,-5,3.93
fold2_room1_mix0207,51,4,0,27,-6,3.81
fold2_room1_mix0207,52,4,0,30,-6,3.73
fold2_room1_mix0207,53,4,0,30,-6,3.46
fold2_room1_mix0207,54,4,0,32,-7,3.19
fold2_room1_mix0207,55,4,0,34,-7,2.91
fold2_room1_mix0207,56,4,0,37,-7,2.78
fold2_room1_mix0207,57,4,0,38,-7,2.63
fold2_room1_mix0207,58,4,0,42,-7,2.41
fold2_room1_mix0207,59,4,0,45,-7,2.26
fold2_room1_mix0207,60,4,0,50,-8,2.03
fold2_room1_mix0207,61,4,0,56,-9,1.90
fold2_room1_mix0207,62,4,0,63,-8,1.91
fold2_room1_mix0207,63,4,0,72,-10,1.76
fold2_room1_mix0207,64,4,0,79,-9,2.05
fold2_room1_mix0207,65,4,0,87,-10,2.08
fold2_room1_mix0207,66,4,0,96,-10,2.07
fold2_room1_mix0207,67,4,0,103,-9,2.04
fold2_room1_mix0207,68,4,0,111,-9,2.01
fold2_room1_mix0207,69,4,0,118,-8,1.94
fold2_room1_mix0207,70,4,0,124,-7,1.97
fold2_room1_mix0207,71,4,0,129,-7,2.18
fold2_room1_mix0207,72,4,0,133,-7,2.22
fold2_room1_mix0207,73,4,0,135,-7,2.30
fold2_room1_mix0207,74,4,0,139,-6,2.50
fold2_room1_mix0207,75,4,0,142,-6,2.64
fold2_room1_mix0207,76,4,0,144,-5,2.84
fold2_room1_mix0207,77,4,0,147,-5,3.11
fold2_room1_mix0207,78,4,0,149,-5,3.16
fold2_room1_mix0207,79,4,0,150,-5,3.56
fold2_room1_mix0207,80,4,0,152,-5,3.70
fold2_room1_mix0207,81,4,0,152,-5,3.96
fold2_room1_mix0207,82,4,0,154,-5,4.22
fold2_room1_mix0207,83,4,0,155,-4,4.34
fold2_room1_mix0207,84,4,0,157,-4,4.75
fold2_room1_mix0207,85,4,0,157,-4,4.98
fold2_room1_mix0207,86,4,0,157,-4,4.78
fold2_room1_mix0207,87,4,0,158,-4,5.25
fold2_room1_mix0207,88,4,0,158,-4,5.46
fold2_room1_mix0207,89,4,0,160,-3,5.90
fold2_room1_mix0207,90,4,0,161,-3,6.01
fold2_room1_mix0207,91,4,0,161,-4,6.13
fold2_room1_mix0207,92,4,0,161,-3,6.43
fold2_room1_mix0207,93,4,0,163,-3,6.77
fold2_room1_mix0207,94,4,0,163,-3,6.77
fold2_room1_mix0207,95,4,0,164,-3,7.03
fold2_room1_mix0207,96,4,0,164,-2,7.74
fold2_room1_mix0207,97,4,0,165,-2,7.89
fold2_room1_mix0207,98,4,0,165,-2,8.14
fold2_room1_mix0207,99,4,0,166,-2,6.96
fold2_room1_mix0208,43,1,0,-34,-2,6.99
fold2_room1_mix0208,44,1,0,-41,-3,18.12
fold2_room1_mix0208,44,4,0,74,0,2.01
fold2_room1_mix0208,46,1,0,-41,-3,20.41
fold2_room1_mix0208,47,1,0,-35,-3,17.46
fold2_room1_mix0208,48,1,0,-33,-3,14.79
fold2_room1_mix0208,49,1,0,-29,-3,19.34
fold2_room1_mix0208,50,1,0,-39,-2,7.29
fold2_room1_mix0208,52,1,0,-33,-2,21.81
fold2_room1_mix0208,53,1,0,-33,-3,18.10
fold2_room1_mix0208,53,4,0,100,0,2.84
fold2_room1_mix0208,54,1,0,-26,-2,22.52
fold2_room1_mix0208,55,1,0,-27,-2,19.41
fold2_room1_mix0208,57,1,0,-24,-2,24.69
fold2_room1_mix0208,57,4,0,79,2,1.00
fold2_room1_mix0208,58,1,0,-21,-3,22.56
fold2_room1_mix0208,58,4,0,102,3,1.21
fold2_room1_mix0208,59,1,0,-22,-2,18.04
fold2_room1_mix0208,59,4,0,88,-1,5.86
fold2_room1_mix0208,59,4,0,68,0,5.85
fold2_room1_mix0208,60,1,0,-21,-2,23.38
fold2_room1_mix0208,62,1,0,-22,-3,20.33
fold2_room1_mix0208,62,4,0,84,0,8.12
fold2_room1_mix0208,62,4,0,62,0,8.03
fold2_room1_mix0208,63,1,0,-23,-2,24.26
fold2_room1_mix0208,63,4,0,99,2,3.36
fold2_room1_mix0208,63,4,0,23,0,1.95
fold2_room1_mix0208,64,1,0,-23,-2,22.53
fold2_room1_mix0208,64,4,0,96,0,9.71
fold2_room1_mix0208,64,4,0,72,-2,6.45
fold2_room1_mix0208,64,4,0,44,-1,6.73
fold2_room1_mix0208,65,1,0,-22,-3,25.62
fold2_room1_mix0208,65,4,0,83,0,4.82
fold2_room1_mix0208,65,4,0,61,1,4.98
fold2_room1_mix0208,66,4,0,81,2,8.07
fold2_room1_mix0208,66,4,0,17,-1,4.79
fold2_room1_mix0208,67,1,0,-20,-2,10.50
fold2_room1_mix0208,67,4,0,108,0,9.50
fold2_room1_mix0208,67,4,0,49,-4,6.07
fold2_room1_mix0208,67,4,0,14,-1,6.32
fold2_room1_mix0208,68,1,0,-19,-2,25.20
fold2_room1_mix0208,68,4,0,121,0,8.21
fold2_room1_mix0208,68,4,0,3,-3,4.67
fold2_room1_mix0208,69,1,0,-19,-2,25.68
fold2_room1_mix0208,69,4,0,95,-1,11.89
fold2_room1_mix0208,69,4,0,18,-3,7.00
fold2_room1_mix0208,70,1,0,-17,-2,27.83
fold2_room1_mix0208,70,4,0,96,0,9.66
fold2_room1_mix0208,70,4,0,56,-6,5.64
fold2_room1_mix0208,70,4,0,22,-2,5.89
fold2_room1_mix0208,71,4,0,80,2,6.24
fold2_room1_mix0208,71,4,0,11,-1,3.65
fold2_room1_mix0208,73,1,0,-15,-2,19.07
fold2_room1_mix0208,73,4,0,57,-3,8.12
fold2_room1_mix0208,73,4,0,7,-4,5.83
fold2_room1_mix0208,74,1,0,-11,-2,25.72
fold2_room1_mix0208,74,4,0,32,-2,8.49
fold2_room1_mix0208,74,4,0,1,-4,5.77
fold2_room1_mix0208,75,1,0,-13,-2,23.13
fold2_room1_mix0208,75,4,0,1,-4,4.02
fold2_room1_mix0208,76,1,0,-14,-2,21.56
fold2_room1_mix0208,76,4,0,25,0,3.63
fold2_room1_mix0208,76,4,0,5,-3,2.67
fold2_room1_mix0208,77,4,0,38,-5,7.14
fold2_room1_mix0208,77,4,0,-7,-10,3.33
fold2_room1_mix0208,78,1,0,-14,-3,15.20
fold2_room1_mix0208,78,4,0,-6,-6,3.76
fold2_room1_mix0208,79,1,0,-18,-3,15.83
fold2_room1_mix0208,79,4,0,70,1,10.77
fold2_room1_mix0208,79,4,0,-1,-8,3.05
fold2_room1_mix0208,80,1,0,-27,-2,13.87
fold2_room1_mix0208,80,4,0,16,-12,5.63
fold2_room1_mix0208,80,4,0,-24,-14,2.13
fold2_room1_mix0208,81,1,0,-47,-3,10.19
fold2_room1_mix0208,81,4,0,-25,-13,2.76
fold2_room1_mix0208,82,4,0,-96,-22,1.39
fold2_room1_mix0208,83,1,0,-29,-4,16.50
fold2_room1_mix0208,83,4,0,-168,-15,1.79
fold2_room1_mix0208,83,4,0,-136,-23,1.11
fold2_room1_mix0208,84,1,0,-23,-3,19.73
fold2_room1_mix0208,84,4,0,-157,-10,0.94
fold2_room1_mix0208,84,4,0,91,-6,2.03
fold2_room1_mix0208,85,1,0,-26,-3,23.27
fold2_room1_mix0208,85,4,0,-169,-7,2.29
fold2_room1_mix0208,85,4,0,-152,-10,1.96
fold2_room1_mix0208,86,1,0,-21,-3,24.28
fold2_room1_mix0208,86,4,0,-172,-5,2.69
fold2_room1_mix0208,87,4,0,-169,-5,4.24
fold2_room1_mix0208,88,4,0,-160,-6,4.61
fold2_room1_mix0208,89,4,0,-162,-5,4.79
fold2_room1_mix0208,90,4,0,-164,-5,5.92
fold2_room1_mix0208,91,4,0,-167,-4,7.10
fold2_room1_mix0208,92,4,0,-168,-4,7.49
fold2_room1_mix0208,93,4,0,-168,-4,8.21
fold2_room1_mix0208,94,4,0,-170,-3,8.93
fold2_room1_mix0208,95,4,0,-174,-3,9.85
fold2_room1_mix0208,96,4,0,-171,-3,10.60
fold2_room1_mix0208,97,4,0,-171,-2,11.37
fold2_room1_mix0208,98,4,0,-174,-2,12.27
fold2_room1_mix0208,99,4,0,-174,-2,12.30
fold2_room1_mix0208,72,4,0,-5,-5,6.61
fold2_room1_mix0209,5,4,0,177,2,1.02
fold2_room1_mix0209,6,4,0,176,0,7.32
fold2_room1_mix0209,7,4,0,178,2,2.45
fold2_room1_mix0209,8,4,0,177,2,2.92
fold2_room1_mix0209,9,4,0,179,1,4.03
fold2_room1_mix0209,10,4,0,179,1,3.97
fold2_room1_mix0209,11,4,0,176,4,1.46
fold2_room1_mix0209,12,4,0,178,1,13.20
fold2_room1_mix0209,13,4,0,176,0,23.96
fold2_room1_mix0209,14,4,0,177,1,19.13
fold2_room1_mix0209,15,4,0,176,0,19.23
fold2_room1_mix0209,16,4,0,-178,0,26.27
fold2_room1_mix0209,17,4,0,176,1,16.32
fold2_room1_mix0209,18,4,0,178,0,25.87
fold2_room1_mix0209,19,4,0,-177,0,28.58
fold2_room1_mix0209,19,4,0,2,0,30.93
fold2_room1_mix0209,20,4,0,-175,0,25.51
fold2_room1_mix0209,20,4,0,4,0,28.16
fold2_room1_mix0209,21,4,0,-178,0,29.32
fold2_room1_mix0209,21,4,0,6,0,32.53
fold2_room1_mix0209,22,4,0,-179,0,31.26
fold2_room1_mix0209,22,4,0,5,0,36.16
fold2_room1_mix0209,23,4,0,-177,0,31.12
fold2_room1_mix0209,23,4,0,3,0,35.42
fold2_room1_mix0209,24,4,0,-178,0,31.17
fold2_room1_mix0209,24,4,0,3,0,35.96
fold2_room1_mix0209,25,3,0,24,-1,10.42
fold2_room1_mix0209,25,4,0,-177,-1,26.65
fold2_room1_mix0209,25,4,0,7,0,33.73
fold2_room1_mix0209,26,3,0,33,-1,11.60
fold2_room1_mix0209,26,4,0,-176,0,23.67
fold2_room1_mix0209,26,4,0,5,0,31.04
fold2_room1_mix0209,27,3,0,28,-1,12.07
fold2_room1_mix0209,27,4,0,-176,0,22.54
fold2_room1_mix0209,27,4,0,11,2,29.92
fold2_room1_mix0209,28,3,0,29,-1,11.59
fold2_room1_mix0209,28,4,0,-176,-1,21.87
fold2_room1_mix0209,28,4,0,9,0,29.66
fold2_room1_mix0209,29,3,0,30,-1,10.81
fold2_room1_mix0209,29,4,0,-176,-1,20.16
fold2_room1_mix0209,29,4,0,7,0,27.61
fold2_room1_mix0209,30,3,0,32,-1,11.40
fold2_room1_mix0209,30,4,0,-175,-1,22.90
fold2_room1_mix0209,30,4,0,6,0,29.29
fold2_room1_mix0209,31,3,0,31,-1,10.77
fold2_room1_mix0209,31,4,0,-174,0,21.62
fold2_room1_mix0209,31,4,0,9,0,32.53
fold2_room1_mix0209,32,3,0,21,-1,10.44
fold2_room1_mix0209,32,4,0,-173,-1,22.49
fold2_room1_mix0209,32,4,0,9,0,31.32
fold2_room1_mix0209,33,3,0,17,-1,4.84
fold2_room1_mix0209,33,4,0,-175,-1,24.33
fold2_room1_mix0209,33,4,0,10,0,30.11
fold2_room1_mix0209,34,4,0,-172,0,26.61
fold2_room1_mix0209,34,4,0,12,0,34.92
fold2_room1_mix0209,35,3,0,36,-1,12.95
fold2_room1_mix0209,35,4,0,-175,0,22.67
fold2_room1_mix0209,35,4,0,9,0,32.83
fold2_room1_mix0209,36,3,0,38,-2,12.90
fold2_room1_mix0209,36,4,0,-174,0,21.66
fold2_room1_mix0209,36,4,0,12,1,32.02
fold2_room1_mix0209,37,3,0,40,-2,11.77
fold2_room1_mix0209,37,4,0,-174,-1,22.12
fold2_room1_mix0209,37,4,0,11,0,27.72
fold2_room1_mix0209,38,3,0,40,-2,9.91
fold2_room1_mix0209,38,4,0,-173,0,23.12
fold2_room1_mix0209,38,4,0,12,0,30.01
fold2_room1_mix0209,39,3,0,44,-3,9.23
fold2_room1_mix0209,39,4,0,-173,0,25.19
fold2_room1_mix0209,39,4,0,13,0,32.00
fold2_room1_mix0209,40,3,0,47,-3,8.89
fold2_room1_mix0209,40,4,0,-173,-1,27.36
fold2_room1_mix0209,40,4,0,13,0,33.20
fold2_room1_mix0209,41,3,0,-57,-7,9.76
fold2_room1_mix0209,41,4,0,-174,-1,21.12
fold2_room1_mix0209,41,4,0,16,0,26.27
fold2_room1_mix0209,42,3,0,-66,-8,8.37
fold2_room1_mix0209,42,4,0,-173,-1,20.81
fold2_room1_mix0209,42,4,0,18,0,25.96
fold2_room1_mix0209,43,3,0,-76,-7,7.52
fold2_room1_mix0209,43,4,0,-177,-1,22.34
fold2_room1_mix0209,43,4,0,20,0,27.50
fold2_room1_mix0209,44,3,0,-91,-6,10.25
fold2_room1_mix0209,44,4,0,179,-1,22.29
fold2_room1_mix0209,44,4,0,23,0,24.98
fold2_room1_mix0209,45,3,0,-93,-6,9.78
fold2_room1_mix0209,45,4,0,178,-2,20.76
fold2_room1_mix0209,45,4,0,27,-1,21.26
fold2_room1_mix0209,46,3,0,-94,-6,9.95
fold2_room1_mix0209,46,4,0,178,-1,23.11
fold2_room1_mix0209,46,4,0,34,-1,21.43
fold2_room1_mix0209,47,3,0,45,-6,11.53
fold2_room1_mix0209,47,3,0,46,-5,11.59
fold2_room1_mix0209,47,4,0,-179,-1,25.25
fold2_room1_mix0209,47,4,0,32,0,24.20
fold2_room1_mix0209,48,3,0,43,-5,8.25
fold2_room1_mix0209,48,4,0,-174,-2,24.44
fold2_room1_mix0209,48,4,0,59,-3,21.33
fold2_room1_mix0209,49,3,0,45,-7,7.97
fold2_room1_mix0209,49,4,0,-174,-2,26.12
fold2_room1_mix0209,49,4,0,71,-4,18.89
fold2_room1_mix0209,50,3,0,58,-5,9.23
fold2_room1_mix0209,50,4,0,-173,-2,25.40
fold2_room1_mix0209,50,4,0,69,-4,17.92
fold2_room1_mix0209,51,3,0,66,-6,8.19
fold2_room1_mix0209,51,4,0,-170,0,35.85
fold2_room1_mix0209,51,4,0,175,-7,15.83
fold2_room1_mix0209,51,4,0,46,-4,17.42
fold2_room1_mix0209,52,3,0,69,-6,7.74
fold2_room1_mix0209,52,4,0,-172,-1,25.85
fold2_room1_mix0209,52,4,0,70,-5,17.35
fold2_room1_mix0209,53,3,0,103,-9,7.03
fold2_room1_mix0209,53,4,0,-169,0,29.96
fold2_room1_mix0209,53,4,0,38,-3,14.59
fold2_room1_mix0209,54,3,0,-103,-13,5.66
fold2_room1_mix0209,54,4,0,-172,-3,20.88
fold2_room1_mix0209,54,4,0,39,-3,12.78
fold2_room1_mix0209,55,3,0,-131,-9,5.40
fold2_room1_mix0209,55,4,0,-172,-1,25.99
fold2_room1_mix0209,55,4,0,30,-5,12.85
fold2_room1_mix0209,56,3,0,159,-11,5.77
fold2_room1_mix0209,56,4,0,-168,-1,23.50
fold2_room1_mix0209,56,4,0,29,-5,13.67
fold2_room1_mix0209,57,4,0,-172,-2,20.14
fold2_room1_mix0209,57,4,0,28,-5,11.08
fold2_room1_mix0209,58,4,0,-169,-1,22.09
fold2_room1_mix0209,58,4,0,38,-5,9.29
fold2_room1_mix0209,59,4,0,-171,-1,24.00
fold2_room1_mix0209,59,4,0,40,-5,9.55
fold2_room1_mix0209,60,4,0,-170,0,23.62
fold2_room1_mix0209,60,4,0,47,-6,9.80
fold2_room1_mix0209,61,4,0,-174,-2,19.20
fold2_room1_mix0209,61,4,0,44,-5,8.53
fold2_room1_mix0209,62,4,0,-175,-2,17.19
fold2_room1_mix0209,62,4,0,50,-4,6.71
fold2_room1_mix0209,63,4,0,-173,-2,17.12
fold2_room1_mix0209,63,4,0,58,-5,7.75
fold2_room1_mix0209,64,4,0,-171,-2,13.84
fold2_room1_mix0209,64,4,0,56,-4,7.60
fold2_room1_mix0209,65,3,0,-70,-7,6.01
fold2_room1_mix0209,65,4,0,-167,-2,11.76
fold2_room1_mix0209,65,4,0,67,-5,7.59
fold2_room1_mix0209,66,4,0,-164,0,17.38
fold2_room1_mix0209,66,4,0,72,-7,8.73
fold2_room1_mix0209,67,3,0,-72,-5,6.46
fold2_room1_mix0209,67,4,0,-165,-2,11.30
fold2_room1_mix0209,67,4,0,84,-4,7.79
fold2_room1_mix0209,68,3,0,-56,-5,6.98
fold2_room1_mix0209,68,4,0,-166,-3,9.94
fold2_room1_mix0209,68,4,0,102,-4,8.64
fold2_room1_mix0209,69,3,0,-71,-4,6.16
fold2_room1_mix0209,69,4,0,-169,-3,9.45
fold2_room1_mix0209,69,4,0,100,-5,7.37
fold2_room1_mix0209,70,3,0,-67,-4,8.50
fold2_room1_mix0209,70,4,0,-164,-3,9.18
fold2_room1_mix0209,70,4,0,104,-4,8.07
fold2_room1_mix0209,71,3,0,-50,-4,6.22
fold2_room1_mix0209,71,4,0,-160,-3,8.53
fold2_room1_mix0209,71,4,0,111,-4,7.03
fold2_room1_mix0209,72,3,0,-43,-4,7.44
fold2_room1_mix0209,72,4,0,-159,-3,7.72
fold2_room1_mix0209,72,4,0,119,-2,8.05
fold2_room1_mix0209,73,4,0,-154,-2,8.30
fold2_room1_mix0209,73,4,0,120,-3,8.51
fold2_room1_mix0209,74,4,0,-163,-3,8.14
fold2_room1_mix0209,74,4,0,121,-3,8.65
fold2_room1_mix0209,75,4,0,-156,-3,8.01
fold2_room1_mix0209,75,4,0,121,-2,10.33
fold2_room1_mix0209,76,4,0,-150,-3,7.73
fold2_room1_mix0209,76,4,0,119,-3,9.39
fold2_room1_mix0209,77,4,0,-153,-3,7.34
fold2_room1_mix0209,77,4,0,128,-3,8.33
fold2_room1_mix0209,78,4,0,-161,-3,8.35
fold2_room1_mix0209,78,4,0,-143,-4,5.85
fold2_room1_mix0209,78,4,0,122,-3,9.73
fold2_room1_mix0209,79,4,0,-157,-4,7.86
fold2_room1_mix0209,79,4,0,-142,-5,5.37
fold2_room1_mix0209,79,4,0,128,-3,9.05
fold2_room1_mix0209,80,4,0,-145,-5,6.02
fold2_room1_mix0209,80,4,0,121,-3,9.28
fold2_room1_mix0209,81,4,0,-136,-7,4.99
fold2_room1_mix0209,81,4,0,121,-1,10.56
fold2_room1_mix0209,82,4,0,-142,-5,5.98
fold2_room1_mix0209,82,4,0,-127,-7,3.68
fold2_room1_mix0209,82,4,0,118,-1,9.86
fold2_room1_mix0209,83,4,0,-166,-3,9.73
fold2_room1_mix0209,83,4,0,-112,-11,3.22
fold2_room1_mix0209,83,4,0,125,-3,9.55
fold2_room1_mix0209,85,4,0,129,1,15.17
fold2_room1_mix0209,85,4,0,-83,-11,3.01
fold2_room1_mix0209,86,4,0,130,1,16.67
fold2_room1_mix0209,86,4,0,-61,-10,3.45
fold2_room1_mix0209,87,4,0,138,2,16.97
fold2_room1_mix0209,87,4,0,-50,-7,4.00
fold2_room1_mix0209,88,4,0,143,1,16.13
fold2_room1_mix0209,88,4,0,-42,-5,4.23
fold2_room1_mix0209,89,4,0,140,1,18.79
fold2_room1_mix0209,89,4,0,-38,-4,4.47
fold2_room1_mix0209,90,4,0,144,1,19.36
fold2_room1_mix0209,90,4,0,-33,-4,5.10
fold2_room1_mix0209,91,4,0,146,1,21.35
fold2_room1_mix0209,91,4,0,-28,-3,5.87
fold2_room1_mix0209,92,4,0,147,1,22.38
fold2_room1_mix0209,92,4,0,-25,-3,6.78
fold2_room1_mix0209,93,4,0,148,1,22.30
fold2_room1_mix0209,93,4,0,-22,-3,6.96
fold2_room1_mix0209,94,4,0,149,1,23.55
fold2_room1_mix0209,94,4,0,-21,-2,8.15
fold2_room1_mix0209,95,4,0,154,1,24.21
fold2_room1_mix0209,95,4,0,-19,-2,9.49
fold2_room1_mix0209,96,4,0,154,1,23.12
fold2_room1_mix0209,96,4,0,-17,-2,9.86
fold2_room1_mix0209,97,4,0,158,1,23.14
fold2_room1_mix0209,97,4,0,-15,-1,10.74
fold2_room1_mix0209,98,4,0,158,0,23.86
fold2_room1_mix0209,98,4,0,-13,-1,12.19
fold2_room1_mix0209,99,4,0,159,0,21.99
fold2_room1_mix0209,99,4,0,-12,-1,12.52
fold2_room1_mix0209,84,4,0,-97,-11,3.01
fold2_room1_mix0209,84,4,0,123,-4,8.90
fold2_room1_mix0210,4,4,0,4,0,14.71
fold2_room1_mix0210,5,4,0,3,0,18.65
fold2_room1_mix0210,6,4,0,2,0,21.58
fold2_room1_mix0210,7,4,0,4,0,27.43
fold2_room1_mix0210,8,4,0,4,0,35.86
fold2_room1_mix0210,9,4,0,4,-1,33.54
fold2_room1_mix0210,10,4,0,4,-1,32.94
fold2_room1_mix0210,11,4,0,5,0,35.71
fold2_room1_mix0210,12,4,0,4,-1,32.75
fold2_room1_mix0210,13,4,0,4,-1,33.07
fold2_room1_mix0210,14,4,0,4,-1,34.89
fold2_room1_mix0210,15,4,0,4,-1,35.79
fold2_room1_mix0210,16,4,0,4,-1,32.66
fold2_room1_mix0210,17,4,0,4,-1,33.99
fold2_room1_mix0210,18,4,0,4,-1,34.88
fold2_room1_mix0210,19,4,0,3,-1,33.52
fold2_room1_mix0210,20,4,0,4,-1,34.31
fold2_room1_mix0210,21,4,0,3,-1,33.12
fold2_room1_mix0210,22,4,0,4,-1,32.74
fold2_room1_mix0210,23,4,0,4,-1,29.92
fold2_room1_mix0210,24,4,0,2,-1,30.83
fold2_room1_mix0210,25,4,0,3,-1,29.04
fold2_room1_mix0210,26,4,0,4,-1,28.91
fold2_room1_mix0210,27,4,0,4,-1,28.84
fold2_room1_mix0210,28,4,0,4,-1,27.32
fold2_room1_mix0210,29,4,0,5,-1,26.40
fold2_room1_mix0210,30,4,0,4,-1,26.84
fold2_room1_mix0210,31,4,0,5,-1,26.80
fold2_room1_mix0210,32,4,0,5,-1,25.72
fold2_room1_mix0210,33,4,0,4,-1,25.93
fold2_room1_mix0210,34,4,0,3,-1,24.63
fold2_room1_mix0210,35,4,0,4,-1,25.33
fold2_room1_mix0210,36,4,0,3,-1,24.04
fold2_room1_mix0210,37,4,0,4,-1,24.66
fold2_room1_mix0210,38,0,0,-165,-2,2.38
fold2_room1_mix0210,38,4,0,4,-1,23.30
fold2_room1_mix0210,39,0,0,-166,-2,4.38
fold2_room1_mix0210,39,4,0,5,-1,23.25
fold2_room1_mix0210,40,0,0,-161,-2,11.86
fold2_room1_mix0210,40,4,0,3,-1,22.91
fold2_room1_mix0210,41,0,0,-160,-2,11.39
fold2_room1_mix0210,41,4,0,4,-2,21.16
fold2_room1_mix0210,42,0,0,-158,-2,16.66
fold2_room1_mix0210,42,4,0,4,-2,20.23
fold2_room1_mix0210,43,0,0,-156,-2,18.71
fold2_room1_mix0210,43,4,0,4,-2,19.65
fold2_room1_mix0210,44,0,0,-156,-2,21.18
fold2_room1_mix0210,44,4,0,4,-2,19.61
fold2_room1_mix0210,45,0,0,-155,-2,20.80
fold2_room1_mix0210,45,4,0,4,-2,18.88
fold2_room1_mix0210,46,0,0,-154,-2,19.76
fold2_room1_mix0210,46,4,0,4,-2,19.65
fold2_room1_mix0210,47,0,0,-153,-2,18.24
fold2_room1_mix0210,47,4,0,4,-2,17.98
fold2_room1_mix0210,48,0,0,-150,-3,15.24
fold2_room1_mix0210,48,4,0,3,-3,17.25
fold2_room1_mix0210,49,0,0,-150,-3,14.92
fold2_room1_mix0210,49,4,0,3,-3,15.48
fold2_room1_mix0210,50,0,0,-148,-3,15.01
fold2_room1_mix0210,50,4,0,4,-3,15.14
fold2_room1_mix0210,51,0,0,-145,-3,12.43
fold2_room1_mix0210,51,4,0,3,-3,13.99
fold2_room1_mix0210,52,0,0,-145,-3,13.80
fold2_room1_mix0210,52,4,0,4,-3,13.72
fold2_room1_mix0210,53,0,0,-142,-3,11.21
fold2_room1_mix0210,53,4,0,3,-4,12.09
fold2_room1_mix0210,54,0,0,-133,-4,10.09
fold2_room1_mix0210,54,4,0,3,-4,11.54
fold2_room1_mix0210,55,0,0,-130,-4,9.80
fold2_room1_mix0210,55,4,0,5,-4,10.86
fold2_room1_mix0210,56,0,0,-129,-4,10.19
fold2_room1_mix0210,56,4,0,6,-4,10.30
fold2_room1_mix0210,57,0,0,-126,-4,9.77
fold2_room1_mix0210,57,4,0,5,-4,9.87
fold2_room1_mix0210,58,0,0,-116,-5,8.87
fold2_room1_mix0210,58,4,0,7,-4,9.40
fold2_room1_mix0210,59,0,0,-109,-5,8.60
fold2_room1_mix0210,59,4,0,7,-5,8.05
fold2_room1_mix0210,60,0,0,-104,-6,8.14
fold2_room1_mix0210,60,4,0,10,-5,7.51
fold2_room1_mix0210,61,0,0,-93,-6,9.14
fold2_room1_mix0210,61,4,0,12,-5,6.50
fold2_room1_mix0210,62,0,0,-89,-6,8.67
fold2_room1_mix0210,62,4,0,12,-6,5.25
fold2_room1_mix0210,63,0,0,-88,-6,8.35
fold2_room1_mix0210,63,4,0,16,-6,4.88
fold2_room1_mix0210,64,0,0,-68,-5,8.60
fold2_room1_mix0210,64,4,0,16,-7,4.16
fold2_room1_mix0210,65,0,0,-64,-5,8.59
fold2_room1_mix0210,65,4,0,20,-8,3.47
fold2_room1_mix0210,66,0,0,-59,-5,8.36
fold2_room1_mix0210,66,4,0,28,-8,3.28
fold2_room1_mix0210,67,0,0,-53,-4,7.89
fold2_room1_mix0210,67,4,0,42,-10,2.62
fold2_room1_mix0210,68,0,0,-47,-4,8.17
fold2_room1_mix0210,68,4,0,68,-9,2.44
fold2_room1_mix0210,69,0,0,-46,-3,9.11
fold2_room1_mix0210,69,4,0,97,-10,2.51
fold2_room1_mix0210,70,0,0,-43,-3,9.91
fold2_room1_mix0210,70,4,0,124,-7,2.59
fold2_room1_mix0210,71,0,0,-37,-3,10.26
fold2_room1_mix0210,71,4,0,142,-5,2.82
fold2_room1_mix0210,72,0,0,-32,-3,11.24
fold2_room1_mix0210,72,4,0,150,-4,3.39
fold2_room1_mix0210,73,0,0,-29,-2,13.09
fold2_room1_mix0210,73,4,0,149,-4,3.88
fold2_room1_mix0210,74,0,0,-30,-2,14.01
fold2_room1_mix0210,74,4,0,152,-3,4.39
fold2_room1_mix0210,75,0,0,-27,-2,14.37
fold2_room1_mix0210,75,4,0,159,-3,4.92
fold2_room1_mix0210,76,0,0,-27,-2,14.26
fold2_room1_mix0210,76,4,0,161,-2,5.38
fold2_room1_mix0210,77,0,0,-26,-2,15.83
fold2_room1_mix0210,77,4,0,165,-2,6.19
fold2_room1_mix0210,78,0,0,-26,-2,15.64
fold2_room1_mix0210,78,4,0,166,-2,6.47
fold2_room1_mix0210,79,0,0,-26,-2,16.06
fold2_room1_mix0210,79,4,0,167,-2,6.89
fold2_room1_mix0210,80,0,0,-25,-2,17.75
fold2_room1_mix0210,80,4,0,168,-2,7.54
fold2_room1_mix0210,81,0,0,-25,-2,16.67
fold2_room1_mix0210,81,4,0,168,-2,8.13
fold2_room1_mix0210,82,0,0,-25,-2,17.10
fold2_room1_mix0210,82,4,0,169,-2,8.45
fold2_room1_mix0210,83,0,0,-25,-2,15.93
fold2_room1_mix0210,83,4,0,170,-2,9.12
fold2_room1_mix0210,84,0,0,-24,-2,10.83
fold2_room1_mix0210,84,4,0,170,-2,10.31
fold2_room1_mix0210,85,0,0,-24,-2,5.51
fold2_room1_mix0210,85,4,0,171,-1,10.60
fold2_room1_mix0210,86,0,0,-22,-1,3.47
fold2_room1_mix0210,86,4,0,171,-1,11.56
fold2_room1_mix0210,87,4,0,171,-1,11.81
fold2_room1_mix0210,88,4,0,172,-1,12.81
fold2_room1_mix0210,89,4,0,172,-1,13.30
fold2_room1_mix0210,90,4,0,171,0,14.38
fold2_room1_mix0210,91,4,0,172,0,15.09
fold2_room1_mix0210,92,4,0,172,-1,15.71
fold2_room1_mix0210,93,4,0,173,0,15.66
fold2_room1_mix0210,94,4,0,173,0,17.25
fold2_room1_mix0210,95,4,0,172,0,17.28
fold2_room1_mix0210,96,4,0,173,0,17.78
fold2_room1_mix0210,97,4,0,173,0,18.60
fold2_room1_mix0210,98,4,0,173,0,19.63
fold2_room1_mix0210,99,4,0,174,0,19.14
fold2_room1_mix0211,1,4,0,-173,0,3.00
fold2_room1_mix0211,1,4,0,-8,0,2.76
fold2_room1_mix0211,2,4,0,-171,0,4.23
fold2_room1_mix0211,2,4,0,-8,-1,4.00
fold2_room1_mix0211,3,4,0,-171,0,7.14
fold2_room1_mix0211,3,4,0,-7,0,7.35
fold2_room1_mix0211,4,4,0,-171,-1,15.83
fold2_room1_mix0211,4,4,0,-12,-1,16.23
fold2_room1_mix0211,5,4,0,-172,-1,17.35
fold2_room1_mix0211,5,4,0,-25,-2,17.16
fold2_room1_mix0211,6,4,0,-172,0,22.80
fold2_room1_mix0211,6,4,0,-13,-1,23.20
fold2_room1_mix0211,7,4,0,-170,-1,30.73
fold2_room1_mix0211,7,4,0,-14,-1,31.47
fold2_room1_mix0211,8,4,0,-175,0,32.28
fold2_room1_mix0211,8,4,0,-21,-1,31.82
fold2_room1_mix0211,9,4,0,-173,0,33.44
fold2_room1_mix0211,9,4,0,-15,-1,29.67
fold2_room1_mix0211,10,4,0,-174,0,32.88
fold2_room1_mix0211,10,4,0,-19,-1,29.28
fold2_room1_mix0211,11,4,0,-175,0,32.35
fold2_room1_mix0211,11,4,0,-23,-1,26.10
fold2_room1_mix0211,12,4,0,-176,0,33.08
fold2_room1_mix0211,12,4,0,-23,-1,27.14
fold2_room1_mix0211,13,4,0,-176,0,30.99
fold2_room1_mix0211,13,4,0,-25,-1,25.55
fold2_room1_mix0211,14,4,0,-177,0,32.50
fold2_room1_mix0211,14,4,0,-29,-1,26.23
fold2_room1_mix0211,15,4,0,-177,0,32.46
fold2_room1_mix0211,15,4,0,-29,-1,25.80
fold2_room1_mix0211,16,4,0,-176,0,32.28
fold2_room1_mix0211,16,4,0,-29,-1,28.21
fold2_room1_mix0211,17,4,0,-176,0,31.66
fold2_room1_mix0211,17,4,0,-26,-1,28.75
fold2_room1_mix0211,18,4,0,-177,0,32.02
fold2_room1_mix0211,18,4,0,-30,-1,26.54
fold2_room1_mix0211,19,4,0,-177,0,31.09
fold2_room1_mix0211,19,4,0,-32,-1,24.65
fold2_room1_mix0211,20,4,0,-176,0,31.19
fold2_room1_mix0211,20,4,0,-32,-1,24.22
fold2_room1_mix0211,21,4,0,-176,0,29.29
fold2_room1_mix0211,21,4,0,-35,-1,21.75
fold2_room1_mix0211,22,4,0,-177,0,30.61
fold2_room1_mix0211,22,4,0,-35,-2,20.54
fold2_room1_mix0211,23,4,0,-174,0,30.06
fold2_room1_mix0211,23,4,0,-26,-2,20.94
fold2_room1_mix0211,24,4,0,-176,0,30.04
fold2_room1_mix0211,24,4,0,-37,-2,18.91
fold2_room1_mix0211,25,4,0,-179,0,30.17
fold2_room1_mix0211,25,4,0,-49,-3,18.25
fold2_room1_mix0211,26,4,0,-177,0,27.94
fold2_room1_mix0211,26,4,0,-38,-2,17.58
fold2_room1_mix0211,27,4,0,-177,0,27.21
fold2_room1_mix0211,27,4,0,-40,-2,16.43
fold2_room1_mix0211,28,4,0,-178,0,26.94
fold2_room1_mix0211,28,4,0,-46,-3,15.28
fold2_room1_mix0211,29,4,0,-177,-1,24.99
fold2_room1_mix0211,29,4,0,-46,-3,13.53
fold2_room1_mix0211,30,4,0,-176,0,25.91
fold2_room1_mix0211,30,4,0,-43,-3,13.15
fold2_room1_mix0211,31,4,0,-175,-1,23.46
fold2_room1_mix0211,31,4,0,-49,-3,13.64
fold2_room1_mix0211,32,4,0,-175,-1,21.74
fold2_room1_mix0211,32,4,0,-50,-3,12.68
fold2_room1_mix0211,33,4,0,-175,-1,21.72
fold2_room1_mix0211,33,4,0,-51,-3,12.25
fold2_room1_mix0211,34,4,0,-173,-1,19.63
fold2_room1_mix0211,34,4,0,-56,-3,11.48
fold2_room1_mix0211,35,4,0,-172,-1,20.08
fold2_room1_mix0211,35,4,0,-59,-3,11.67
fold2_room1_mix0211,36,4,0,-171,-1,19.23
fold2_room1_mix0211,36,4,0,-54,-3,11.52
fold2_room1_mix0211,37,4,0,-170,-1,18.72
fold2_room1_mix0211,37,4,0,-64,-3,11.16
fold2_room1_mix0211,38,4,0,-170,-1,18.19
fold2_room1_mix0211,38,4,0,-62,-3,10.03
fold2_room1_mix0211,39,4,0,-169,-2,17.92
fold2_room1_mix0211,39,4,0,-69,-4,10.21
fold2_room1_mix0211,40,4,0,-163,-1,16.78
fold2_room1_mix0211,40,4,0,-67,-3,9.63
fold2_room1_mix0211,41,4,0,-160,-1,17.90
fold2_room1_mix0211,41,4,0,-69,-3,8.74
fold2_room1_mix0211,42,4,0,-160,-1,18.66
fold2_room1_mix0211,42,4,0,-74,-4,8.42
fold2_room1_mix0211,43,4,0,-156,1,27.80
fold2_room1_mix0211,43,4,0,-112,-4,11.32
fold2_room1_mix0211,43,4,0,-87,-3,9.14
fold2_room1_mix0211,44,4,0,-156,1,26.13
fold2_room1_mix0211,44,4,0,-92,-4,9.49
fold2_room1_mix0211,45,4,0,-161,1,27.78
fold2_room1_mix0211,45,4,0,-89,-4,9.14
fold2_room1_mix0211,46,4,0,-162,1,30.31
fold2_room1_mix0211,46,4,0,-83,-4,9.30
fold2_room1_mix0211,47,4,0,-165,1,30.65
fold2_room1_mix0211,47,4,0,-80,-4,9.16
fold2_room1_mix0211,48,4,0,-166,1,28.33
fold2_room1_mix0211,48,4,0,-75,-4,9.06
fold2_room1_mix0211,49,4,0,-161,0,28.04
fold2_room1_mix0211,49,4,0,-73,-4,9.03
fold2_room1_mix0211,50,4,0,-161,0,27.73
fold2_room1_mix0211,50,4,0,-80,-5,9.01
fold2_room1_mix0211,50,4,0,-64,-4,10.46
fold2_room1_mix0211,51,4,0,-158,0,32.89
fold2_room1_mix0211,51,4,0,-81,-5,8.94
fold2_room1_mix0211,51,4,0,-55,-4,10.95
fold2_room1_mix0211,52,4,0,-148,0,27.43
fold2_room1_mix0211,52,4,0,-79,-5,9.62
fold2_room1_mix0211,52,4,0,-50,-3,12.22
fold2_room1_mix0211,53,4,0,-151,0,23.59
fold2_room1_mix0211,53,4,0,-81,-5,9.98
fold2_room1_mix0211,53,4,0,-50,-3,13.47
fold2_room1_mix0211,54,4,0,-147,0,25.91
fold2_room1_mix0211,54,4,0,-86,-5,9.73
fold2_room1_mix0211,54,4,0,-38,-2,15.65
fold2_room1_mix0211,55,4,0,-148,-1,22.23
fold2_room1_mix0211,55,4,0,-100,-5,10.34
fold2_room1_mix0211,55,4,0,-37,-2,16.23
fold2_room1_mix0211,56,4,0,-147,-2,20.23
fold2_room1_mix0211,56,4,0,-97,-5,10.81
fold2_room1_mix0211,56,4,0,-33,-2,19.08
fold2_room1_mix0211,57,4,0,-146,-1,21.02
fold2_room1_mix0211,57,4,0,-108,-6,9.82
fold2_room1_mix0211,57,4,0,-33,-1,20.37
fold2_room1_mix0211,58,4,0,-141,-2,17.96
fold2_room1_mix0211,58,4,0,-106,-5,10.23
fold2_room1_mix0211,58,4,0,-30,-1,22.50
fold2_room1_mix0211,59,4,0,-142,-1,21.36
fold2_room1_mix0211,59,4,0,-110,-5,11.24
fold2_room1_mix0211,59,4,0,-29,-1,24.10
fold2_room1_mix0211,60,4,0,-141,-1,18.13
fold2_room1_mix0211,60,4,0,-111,-5,10.30
fold2_room1_mix0211,60,4,0,-30,-1,24.61
fold2_room1_mix0211,61,4,0,-140,-2,17.32
fold2_room1_mix0211,61,4,0,-118,-5,10.13
fold2_room1_mix0211,61,4,0,-32,-1,24.25
fold2_room1_mix0211,62,4,0,-139,-2,17.69
fold2_room1_mix0211,62,4,0,-120,-5,10.29
fold2_room1_mix0211,62,4,0,-30,-1,28.10
fold2_room1_mix0211,63,4,0,-138,-2,15.17
fold2_room1_mix0211,63,4,0,-123,-5,10.90
fold2_room1_mix0211,63,4,0,-30,-1,30.25
fold2_room1_mix0211,64,4,0,-133,-3,12.44
fold2_room1_mix0211,64,4,0,-29,-1,30.60
fold2_room1_mix0211,65,4,0,-136,-3,12.92
fold2_room1_mix0211,65,4,0,-26,0,32.42
fold2_room1_mix0211,66,4,0,-137,-3,12.50
fold2_room1_mix0211,66,4,0,-28,0,32.25
fold2_room1_mix0211,67,4,0,-137,-3,12.19
fold2_room1_mix0211,67,4,0,-27,0,32.23
fold2_room1_mix0211,68,4,0,-138,-3,12.02
fold2_room1_mix0211,68,4,0,-25,0,32.96
fold2_room1_mix0211,69,4,0,-139,-3,12.64
fold2_room1_mix0211,69,4,0,-26,0,32.88
fold2_room1_mix0211,70,4,0,-138,-3,13.25
fold2_room1_mix0211,70,4,0,-24,0,36.61
fold2_room1_mix0211,71,4,0,-140,-2,12.87
fold2_room1_mix0211,71,4,0,-23,0,31.81
fold2_room1_mix0211,72,4,0,-138,-3,12.57
fold2_room1_mix0211,72,4,0,-22,0,37.25
fold2_room1_mix0211,73,4,0,-140,-3,13.72
fold2_room1_mix0211,73,4,0,-22,0,37.95
fold2_room1_mix0211,74,4,0,-140,-3,13.28
fold2_room1_mix0211,74,4,0,-20,0,38.54
fold2_room1_mix0211,75,4,0,-139,-2,14.18
fold2_room1_mix0211,75,4,0,-23,0,39.53
fold2_room1_mix0211,76,4,0,-138,-2,14.54
fold2_room1_mix0211,76,4,0,-20,0,42.53
fold2_room1_mix0211,77,4,0,-137,-2,13.36
fold2_room1_mix0211,77,4,0,-19,0,40.13
fold2_room1_mix0211,78,4,0,-134,-3,14.04
fold2_room1_mix0211,78,4,0,-19,0,43.02
fold2_room1_mix0211,79,4,0,-136,-2,13.18
fold2_room1_mix0211,79,4,0,-19,0,40.99
fold2_room1_mix0211,80,4,0,-130,-3,11.50
fold2_room1_mix0211,80,4,0,-17,0,41.99
fold2_room1_mix0211,81,4,0,-130,-3,11.52
fold2_room1_mix0211,81,4,0,-20,0,44.03
fold2_room1_mix0211,82,4,0,-126,-3,11.24
fold2_room1_mix0211,82,4,0,-21,0,46.03
fold2_room1_mix0211,83,4,0,-124,-3,12.60
fold2_room1_mix0211,83,4,0,-21,0,46.73
fold2_room1_mix0211,84,4,0,-128,-1,15.66
fold2_room1_mix0211,84,4,0,-113,-4,9.96
fold2_room1_mix0211,84,4,0,-21,0,47.89
fold2_room1_mix0211,85,4,0,-130,-1,17.33
fold2_room1_mix0211,85,4,0,-109,-5,10.00
fold2_room1_mix0211,85,4,0,-21,1,51.49
fold2_room1_mix0211,86,4,0,-128,-1,16.82
fold2_room1_mix0211,86,4,0,-106,-5,9.90
fold2_room1_mix0211,86,4,0,-20,1,52.85
fold2_room1_mix0211,87,4,0,-130,-1,17.64
fold2_room1_mix0211,87,4,0,-98,-5,10.62
fold2_room1_mix0211,87,4,0,-18,1,52.01
fold2_room1_mix0211,88,4,0,-129,-1,17.33
fold2_room1_mix0211,88,4,0,-97,-5,10.87
fold2_room1_mix0211,88,4,0,-21,1,55.90
fold2_room1_mix0211,89,4,0,-134,-1,19.03
fold2_room1_mix0211,89,4,0,-89,-4,11.49
fold2_room1_mix0211,89,4,0,-22,0,52.90
fold2_room1_mix0211,90,4,0,-134,-2,17.63
fold2_room1_mix0211,90,4,0,-85,-5,11.28
fold2_room1_mix0211,90,4,0,-22,1,55.43
fold2_room1_mix0211,91,4,0,-139,-1,18.88
fold2_room1_mix0211,91,4,0,-82,-5,11.39
fold2_room1_mix0211,91,4,0,-23,0,50.43
fold2_room1_mix0211,92,4,0,-138,-1,18.88
fold2_room1_mix0211,92,4,0,-77,-4,11.53
fold2_room1_mix0211,92,4,0,-26,1,51.41
fold2_room1_mix0211,93,4,0,-139,-1,18.87
fold2_room1_mix0211,93,4,0,-74,-4,11.73
fold2_room1_mix0211,93,4,0,-27,1,50.75
fold2_room1_mix0211,94,4,0,-139,-1,20.13
fold2_room1_mix0211,94,4,0,-70,-5,12.19
fold2_room1_mix0211,94,4,0,-26,0,48.64
fold2_room1_mix0211,95,4,0,-143,-1,22.47
fold2_room1_mix0211,95,4,0,-67,-5,12.11
fold2_room1_mix0211,95,4,0,-28,0,46.22
fold2_room1_mix0211,96,4,0,-144,0,22.63
fold2_room1_mix0211,96,4,0,-61,-4,12.51
fold2_room1_mix0211,96,4,0,-28,0,42.74
fold2_room1_mix0211,97,4,0,-149,0,24.57
fold2_room1_mix0211,97,4,0,-60,-4,12.66
fold2_room1_mix0211,97,4,0,-31,0,39.62
fold2_room1_mix0211,98,4,0,-150,0,24.69
fold2_room1_mix0211,98,4,0,-56,-5,12.88
fold2_room1_mix0211,98,4,0,-30,0,39.42
fold2_room1_mix0211,99,4,0,-150,0,24.03
fold2_room1_mix0211,99,4,0,-53,-4,13.17
fold2_room1_mix0211,99,4,0,-27,0,39.19
fold2_room1_mix0212,25,4,0,-141,0,6.50
fold2_room1_mix0212,26,4,0,-147,0,3.65
fold2_room1_mix0212,27,4,0,-147,-1,10.00
fold2_room1_mix0212,28,4,0,-143,0,9.84
fold2_room1_mix0212,29,4,0,-137,-1,9.40
fold2_room1_mix0212,30,4,0,-139,0,5.43
fold2_room1_mix0212,31,4,0,-141,0,9.15
fold2_room1_mix0212,32,4,0,-135,-1,13.38
fold2_room1_mix0212,33,4,0,-133,-1,11.83
fold2_room1_mix0212,34,4,0,-143,0,5.73
fold2_room1_mix0212,35,4,0,-136,-1,11.62
fold2_room1_mix0212,36,4,0,-140,-1,9.67
fold2_room1_mix0212,37,4,0,-135,-1,13.59
fold2_room1_mix0212,38,4,0,-135,-1,12.11
fold2_room1_mix0212,39,4,0,-137,-1,12.61
fold2_room1_mix0212,40,4,0,-131,-1,12.77
fold2_room1_mix0212,41,4,0,-134,-1,10.78
fold2_room1_mix0212,42,4,0,-132,-2,11.91
fold2_room1_mix0212,43,4,0,-134,-2,12.13
fold2_room1_mix0212,44,4,0,-134,-3,10.55
fold2_room1_mix0212,45,4,0,-131,-2,11.57
fold2_room1_mix0212,46,4,0,-125,-2,11.07
fold2_room1_mix0212,47,4,0,-123,-2,11.01
fold2_room1_mix0212,48,4,0,-122,-3,10.60
fold2_room1_mix0212,49,4,0,-120,-2,10.83
fold2_room1_mix0212,50,4,0,-119,-2,11.76
fold2_room1_mix0212,51,4,0,-117,-2,12.00
fold2_room1_mix0212,52,4,0,-120,-2,10.10
fold2_room1_mix0212,53,4,0,-114,-2,10.64
fold2_room1_mix0212,54,4,0,-117,-3,9.26
fold2_room1_mix0212,54,4,0,-65,-3,13.28
fold2_room1_mix0212,55,4,0,-109,-3,10.03
fold2_room1_mix0212,55,4,0,-79,-3,12.65
fold2_room1_mix0212,56,4,0,-106,-2,10.93
fold2_room1_mix0212,57,4,0,-109,-2,11.03
fold2_room1_mix0212,57,4,0,-87,-2,13.52
fold2_room1_mix0212,58,4,0,-103,-3,10.20
fold2_room1_mix0212,59,4,0,-105,-1,11.62
fold2_room1_mix0212,59,4,0,-76,-2,14.14
fold2_room1_mix0212,60,4,0,-103,-1,12.86
fold2_room1_mix0212,60,4,0,-72,-2,14.81
fold2_room1_mix0212,61,4,0,-106,-2,11.83
fold2_room1_mix0212,61,4,0,-36,-1,18.76
fold2_room1_mix0212,62,4,0,-97,-3,11.74
fold2_room1_mix0212,62,4,0,-33,-1,19.03
fold2_room1_mix0212,63,4,0,-102,-2,13.97
fold2_room1_mix0212,63,4,0,-57,-3,12.63
fold2_room1_mix0212,63,4,0,-26,-2,17.18
fold2_room1_mix0212,64,4,0,-100,-1,14.55
fold2_room1_mix0212,64,4,0,-48,-3,12.53
fold2_room1_mix0212,64,4,0,-25,-2,16.09
fold2_room1_mix0212,65,4,0,-102,-2,14.67
fold2_room1_mix0212,65,4,0,-40,-3,12.03
fold2_room1_mix0212,65,4,0,-21,-3,16.01
fold2_room1_mix0212,66,4,0,-91,-2,14.73
fold2_room1_mix0212,66,4,0,-26,-3,13.37
fold2_room1_mix0212,67,4,0,-81,-1,15.83
fold2_room1_mix0212,67,4,0,-24,-4,12.71
fold2_room1_mix0212,68,4,0,-91,-2,14.23
fold2_room1_mix0212,68,4,0,-20,-4,11.92
fold2_room1_mix0212,69,4,0,-56,-2,13.33
fold2_room1_mix0212,69,4,0,-20,-4,11.73
fold2_room1_mix0212,70,4,0,-82,-2,14.00
fold2_room1_mix0212,70,4,0,-18,-4,10.27
fold2_room1_mix0212,71,4,0,-80,-2,12.58
fold2_room1_mix0212,71,4,0,-19,-5,8.95
fold2_room1_mix0212,72,4,0,-85,-2,12.13
fold2_room1_mix0212,72,4,0,-18,-6,7.88
fold2_room1_mix0212,73,4,0,-78,-2,10.78
fold2_room1_mix0212,73,4,0,-22,-6,6.34
fold2_room1_mix0212,74,4,0,-76,-2,10.46
fold2_room1_mix0212,74,4,0,-22,-8,5.35
fold2_room1_mix0212,75,4,0,-74,-2,9.95
fold2_room1_mix0212,75,4,0,-24,-8,4.87
fold2_room1_mix0212,76,4,0,-67,-4,8.74
fold2_room1_mix0212,76,4,0,-28,-8,4.46
fold2_room1_mix0212,77,4,0,-68,-5,7.97
fold2_room1_mix0212,77,4,0,-35,-10,3.72
fold2_room1_mix0212,78,4,0,-70,-10,5.85
fold2_room1_mix0212,78,4,0,-49,-13,3.24
fold2_room1_mix0212,79,4,0,-77,-15,3.95
fold2_room1_mix0212,80,4,0,-108,-15,3.55
fold2_room1_mix0212,80,4,0,-86,-12,4.58
fold2_room1_mix0212,81,4,0,-125,-12,2.74
fold2_room1_mix0212,81,4,0,-88,-4,7.58
fold2_room1_mix0212,82,4,0,-134,-12,2.79
fold2_room1_mix0212,82,4,0,-99,-4,7.96
fold2_room1_mix0212,83,4,0,-145,-8,3.79
fold2_room1_mix0212,83,4,0,-65,-2,11.27
fold2_room1_mix0212,84,4,0,-150,-7,4.22
fold2_room1_mix0212,84,4,0,-66,-2,11.05
fold2_room1_mix0212,85,4,0,-152,-7,4.36
fold2_room1_mix0212,85,4,0,-56,-2,11.71
fold2_room1_mix0212,86,4,0,-155,-6,4.50
fold2_room1_mix0212,86,4,0,-53,-1,11.25
fold2_room1_mix0212,87,4,0,-158,-6,5.16
fold2_room1_mix0212,87,4,0,-55,-2,11.86
fold2_room1_mix0212,88,4,0,-158,-5,6.12
fold2_room1_mix0212,88,4,0,-56,-2,12.14
fold2_room1_mix0212,89,4,0,-159,-4,6.86
fold2_room1_mix0212,89,4,0,-54,-1,12.99
fold2_room1_mix0212,90,4,0,-161,-5,7.17
fold2_room1_mix0212,90,4,0,-56,-2,14.02
fold2_room1_mix0212,91,4,0,-160,-4,8.37
fold2_room1_mix0212,91,4,0,-56,-2,14.52
fold2_room1_mix0212,92,4,0,-164,-4,8.52
fold2_room1_mix0212,92,4,0,-62,-1,15.25
fold2_room1_mix0212,93,4,0,-163,-3,9.12
fold2_room1_mix0212,93,4,0,-50,-2,15.15
fold2_room1_mix0212,94,4,0,-165,-2,10.37
fold2_room1_mix0212,94,4,0,-74,-3,13.74
fold2_room1_mix0212,95,4,0,-164,-2,11.56
fold2_room1_mix0212,95,4,0,-50,-1,16.39
fold2_room1_mix0212,96,4,0,-160,-2,11.49
fold2_room1_mix0212,96,4,0,-86,-3,13.88
fold2_room1_mix0212,97,4,0,-154,-1,12.25
fold2_room1_mix0212,97,4,0,-72,-1,14.81
fold2_room1_mix0212,98,4,0,-160,-2,12.75
fold2_room1_mix0212,98,4,0,-49,-1,14.92
fold2_room1_mix0212,99,4,0,-156,-1,13.17
fold2_room1_mix0212,99,4,0,-70,-1,14.57
fold2_room1_mix0213,4,6,0,172,-2,1.37
fold2_room1_mix0213,5,4,0,167,1,6.56
fold2_room1_mix0213,6,4,0,168,0,17.88
fold2_room1_mix0213,7,4,0,166,1,15.58
fold2_room1_mix0213,8,4,0,165,0,26.50
fold2_room1_mix0213,9,4,0,166,0,28.10
fold2_room1_mix0213,10,4,0,167,0,33.37
fold2_room1_mix0213,11,4,0,167,0,34.33
fold2_room1_mix0213,12,4,0,169,0,33.50
fold2_room1_mix0213,13,4,0,165,0,30.57
fold2_room1_mix0213,14,4,0,167,0,31.36
fold2_room1_mix0213,15,4,0,162,0,29.73
fold2_room1_mix0213,16,4,0,159,0,30.50
fold2_room1_mix0213,17,4,0,161,0,30.24
fold2_room1_mix0213,18,4,0,161,0,30.82
fold2_room1_mix0213,19,4,0,158,0,30.22
fold2_room1_mix0213,20,4,0,160,0,28.77
fold2_room1_mix0213,21,4,0,159,-1,27.82
fold2_room1_mix0213,22,4,0,158,-1,28.38
fold2_room1_mix0213,23,4,0,156,-1,26.46
fold2_room1_mix0213,24,4,0,157,-1,26.71
fold2_room1_mix0213,25,4,0,154,-1,26.10
fold2_room1_mix0213,26,4,0,153,-1,25.87
fold2_room1_mix0213,27,4,0,153,-1,25.81
fold2_room1_mix0213,28,4,0,154,-1,25.94
fold2_room1_mix0213,29,4,0,152,-1,24.84
fold2_room1_mix0213,30,4,0,153,-1,25.39
fold2_room1_mix0213,31,4,0,152,-1,23.77
fold2_room1_mix0213,32,4,0,152,-1,23.90
fold2_room1_mix0213,33,4,0,150,-1,22.68
fold2_room1_mix0213,34,4,0,149,-1,22.97
fold2_room1_mix0213,35,4,0,149,-1,22.61
fold2_room1_mix0213,36,4,0,149,-1,22.73
fold2_room1_mix0213,37,4,0,148,-1,21.78
fold2_room1_mix0213,38,4,0,147,-1,21.40
fold2_room1_mix0213,39,4,0,146,-1,21.03
fold2_room1_mix0213,40,4,0,146,-1,21.27
fold2_room1_mix0213,41,4,0,145,-1,20.35
fold2_room1_mix0213,42,4,0,145,-1,19.86
fold2_room1_mix0213,43,4,0,144,-1,19.86
fold2_room1_mix0213,44,4,0,144,-1,19.30
fold2_room1_mix0213,45,4,0,142,-1,18.28
fold2_room1_mix0213,46,4,0,141,-1,18.33
fold2_room1_mix0213,47,4,0,137,-1,16.93
fold2_room1_mix0213,48,4,0,137,-1,16.91
fold2_room1_mix0213,49,4,0,137,-1,17.12
fold2_room1_mix0213,50,4,0,136,-2,16.65
fold2_room1_mix0213,51,4,0,133,-2,15.98
fold2_room1_mix0213,52,4,0,133,-2,15.59
fold2_room1_mix0213,53,4,0,130,-2,15.19
fold2_room1_mix0213,54,4,0,130,-2,14.43
fold2_room1_mix0213,55,4,0,127,-2,14.22
fold2_room1_mix0213,56,4,0,126,-2,13.80
fold2_room1_mix0213,57,4,0,124,-2,13.78
fold2_room1_mix0213,58,4,0,121,-3,13.13
fold2_room1_mix0213,59,4,0,118,-2,13.42
fold2_room1_mix0213,60,4,0,115,-3,13.52
fold2_room1_mix0213,61,4,0,112,-3,12.82
fold2_room1_mix0213,62,4,0,110,-3,12.94
fold2_room1_mix0213,63,4,0,106,-3,12.80
fold2_room1_mix0213,64,4,0,102,-3,12.81
fold2_room1_mix0213,65,4,0,100,-3,12.62
fold2_room1_mix0213,66,4,0,95,-3,12.41
fold2_room1_mix0213,67,4,0,92,-3,12.56
fold2_room1_mix0213,68,4,0,89,-3,12.42
fold2_room1_mix0213,69,4,0,86,-3,12.56
fold2_room1_mix0213,70,4,0,82,-3,12.28
fold2_room1_mix0213,71,4,0,82,-3,12.76
fold2_room1_mix0213,72,4,0,77,-3,13.04
fold2_room1_mix0213,73,4,0,75,-3,13.15
fold2_room1_mix0213,74,4,0,73,-3,12.90
fold2_room1_mix0213,75,4,0,71,-2,13.67
fold2_room1_mix0213,76,4,0,67,-3,13.52
fold2_room1_mix0213,77,4,0,65,-2,13.81
fold2_room1_mix0213,78,4,0,64,-2,14.59
fold2_room1_mix0213,79,4,0,63,-2,14.37
fold2_room1_mix0213,80,4,0,61,-2,14.74
fold2_room1_mix0213,81,4,0,59,-2,15.38
fold2_room1_mix0213,82,4,0,57,-2,15.31
fold2_room1_mix0213,83,4,0,55,-2,15.84
fold2_room1_mix0213,84,4,0,53,-2,16.59
fold2_room1_mix0213,85,4,0,51,-2,16.75
fold2_room1_mix0213,86,4,0,49,-2,17.35
fold2_room1_mix0213,87,4,0,48,-2,18.06
fold2_room1_mix0213,88,4,0,46,-2,18.48
fold2_room1_mix0213,89,4,0,43,-2,19.02
fold2_room1_mix0213,90,4,0,42,-1,19.38
fold2_room1_mix0213,91,4,0,41,-1,20.45
fold2_room1_mix0213,92,4,0,39,-1,20.73
fold2_room1_mix0213,93,4,0,38,-1,20.33
fold2_room1_mix0213,94,4,0,37,-1,21.84
fold2_room1_mix0213,95,4,0,35,-1,22.10
fold2_room1_mix0213,96,4,0,34,-1,23.29
fold2_room1_mix0213,97,4,0,32,-1,25.05
fold2_room1_mix0213,98,4,0,31,-1,24.89
fold2_room1_mix0213,99,4,0,31,-1,25.77
fold2_room1_mix0214,5,4,0,-177,0,12.10
fold2_room1_mix0214,6,4,0,179,0,12.78
fold2_room1_mix0214,7,4,0,-179,0,22.25
fold2_room1_mix0214,8,4,0,174,0,10.03
fold2_room1_mix0214,9,4,0,179,-1,34.66
fold2_room1_mix0214,10,4,0,-178,-1,37.00
fold2_room1_mix0214,11,4,0,-177,0,39.60
fold2_room1_mix0214,12,4,0,-178,0,41.98
fold2_room1_mix0214,13,4,0,179,0,37.67
fold2_room1_mix0214,14,4,0,-179,0,37.95
fold2_room1_mix0214,15,4,0,-178,0,38.85
fold2_room1_mix0214,16,4,0,-177,0,37.26
fold2_room1_mix0214,17,4,0,-179,0,37.82
fold2_room1_mix0214,18,4,0,-177,0,40.21
fold2_room1_mix0214,19,4,0,-179,0,40.07
fold2_room1_mix0214,20,4,0,-177,0,37.54
fold2_room1_mix0214,21,4,0,-179,0,38.22
fold2_room1_mix0214,22,4,0,-177,0,37.05
fold2_room1_mix0214,23,4,0,-179,0,33.81
fold2_room1_mix0214,24,4,0,-176,0,34.95
fold2_room1_mix0214,25,2,0,83,-5,7.86
fold2_room1_mix0214,25,4,0,-177,0,32.98
fold2_room1_mix0214,26,4,0,-176,0,35.36
fold2_room1_mix0214,27,4,0,-174,0,33.44
fold2_room1_mix0214,28,4,0,-176,0,34.62
fold2_room1_mix0214,29,4,0,-178,0,31.89
fold2_room1_mix0214,30,4,0,-179,0,29.64
fold2_room1_mix0214,31,2,0,93,-6,6.94
fold2_room1_mix0214,31,4,0,-176,0,31.79
fold2_room1_mix0214,32,2,0,95,-7,6.48
fold2_room1_mix0214,32,4,0,-178,0,33.70
fold2_room1_mix0214,33,2,0,99,-7,5.60
fold2_room1_mix0214,33,4,0,-179,0,28.99
fold2_room1_mix0214,34,2,0,98,-7,5.81
fold2_room1_mix0214,34,4,0,-178,0,29.37
fold2_room1_mix0214,35,2,0,107,-7,5.23
fold2_room1_mix0214,35,4,0,-177,0,29.55
fold2_room1_mix0214,36,2,0,106,-6,5.85
fold2_room1_mix0214,36,4,0,-177,0,29.91
fold2_room1_mix0214,37,4,0,179,0,31.92
fold2_room1_mix0214,38,4,0,179,0,28.63
fold2_room1_mix0214,39,4,0,-177,0,27.72
fold2_room1_mix0214,40,4,0,-178,0,27.95
fold2_room1_mix0214,41,2,0,116,-4,7.64
fold2_room1_mix0214,41,4,0,179,0,26.27
fold2_room1_mix0214,42,2,0,115,-6,7.06
fold2_room1_mix0214,42,4,0,-179,0,25.63
fold2_room1_mix0214,43,2,0,119,-6,6.17
fold2_room1_mix0214,43,4,0,-177,0,24.84
fold2_room1_mix0214,44,2,0,119,-6,5.98
fold2_room1_mix0214,44,4,0,-178,0,23.69
fold2_room1_mix0214,45,2,0,119,-7,5.51
fold2_room1_mix0214,45,4,0,179,0,23.22
fold2_room1_mix0214,46,2,0,121,-6,5.85
fold2_room1_mix0214,46,4,0,-178,0,21.22
fold2_room1_mix0214,47,4,0,-176,-1,21.96
fold2_room1_mix0214,48,4,0,-176,-1,20.78
fold2_room1_mix0214,49,4,0,-176,0,20.55
fold2_room1_mix0214,50,4,0,-176,0,21.20
fold2_room1_mix0214,51,4,0,-177,-1,19.83
fold2_room1_mix0214,52,2,0,125,-5,6.55
fold2_room1_mix0214,52,4,0,-179,0,19.79
fold2_room1_mix0214,53,2,0,127,-5,7.48
fold2_room1_mix0214,53,4,0,179,0,19.36
fold2_room1_mix0214,54,2,0,125,-5,7.59
fold2_room1_mix0214,54,4,0,-178,-1,18.07
fold2_room1_mix0214,55,2,0,127,-6,6.83
fold2_room1_mix0214,55,4,0,-178,-1,16.89
fold2_room1_mix0214,56,2,0,130,-5,7.94
fold2_room1_mix0214,56,4,0,-178,0,17.08
fold2_room1_mix0214,57,2,0,130,-4,7.96
fold2_room1_mix0214,57,4,0,-178,-1,16.02
fold2_room1_mix0214,58,4,0,-176,-1,15.67
fold2_room1_mix0214,59,4,0,-174,-1,14.90
fold2_room1_mix0214,60,4,0,-175,-2,14.60
fold2_room1_mix0214,61,4,0,-174,-2,13.80
fold2_room1_mix0214,62,2,0,130,-4,8.93
fold2_room1_mix0214,62,4,0,-177,-1,12.85
fold2_room1_mix0214,63,2,0,133,-4,9.63
fold2_room1_mix0214,63,4,0,-175,-1,12.43
fold2_room1_mix0214,64,2,0,132,-5,9.27
fold2_room1_mix0214,64,4,0,-174,-2,11.16
fold2_room1_mix0214,65,2,0,135,-4,10.25
fold2_room1_mix0214,65,4,0,-174,-2,10.75
fold2_room1_mix0214,66,2,0,132,-4,10.09
fold2_room1_mix0214,66,4,0,-173,-2,9.78
fold2_room1_mix0214,67,2,0,136,-4,9.22
fold2_room1_mix0214,67,4,0,-172,-3,8.50
fold2_room1_mix0214,68,4,0,-170,-3,8.46
fold2_room1_mix0214,69,4,0,-168,-4,7.90
fold2_room1_mix0214,70,4,0,-166,-4,6.87
fold2_room1_mix0214,71,4,0,-163,-4,6.36
fold2_room1_mix0214,72,4,0,-162,-5,5.33
fold2_room1_mix0214,73,2,0,134,-4,10.77
fold2_room1_mix0214,73,4,0,-160,-5,4.37
fold2_room1_mix0214,74,2,0,135,-4,11.02
fold2_room1_mix0214,74,4,0,-157,-7,3.68
fold2_room1_mix0214,75,2,0,136,-4,9.58
fold2_room1_mix0214,75,4,0,-152,-8,3.18
fold2_room1_mix0214,76,2,0,133,-4,9.43
fold2_room1_mix0214,76,4,0,-146,-10,2.61
fold2_room1_mix0214,77,2,0,135,-4,9.70
fold2_room1_mix0214,77,4,0,-126,-13,1.77
fold2_room1_mix0214,78,2,0,136,-4,4.61
fold2_room1_mix0214,78,4,0,-96,-17,1.22
fold2_room1_mix0214,79,4,0,-59,-16,1.33
fold2_room1_mix0214,80,4,0,-41,-10,1.85
fold2_room1_mix0214,81,4,0,-33,-8,2.38
fold2_room1_mix0214,82,4,0,-26,-7,3.03
fold2_room1_mix0214,83,2,0,134,-3,9.91
fold2_room1_mix0214,83,4,0,-19,-6,3.70
fold2_room1_mix0214,84,2,0,135,-3,9.77
fold2_room1_mix0214,84,4,0,-15,-4,4.17
fold2_room1_mix0214,85,4,0,-12,-5,4.95
fold2_room1_mix0214,86,4,0,-11,-4,5.62
fold2_room1_mix0214,87,4,0,-9,-3,6.11
fold2_room1_mix0214,88,4,0,-8,-3,7.21
fold2_room1_mix0214,89,4,0,-8,-3,7.83
fold2_room1_mix0214,90,4,0,-7,-3,8.28
fold2_room1_mix0214,91,4,0,-6,-3,9.34
fold2_room1_mix0214,92,4,0,-4,-3,10.27
fold2_room1_mix0214,93,4,0,-4,-2,10.73
fold2_room1_mix0214,94,4,0,-5,-2,11.06
fold2_room1_mix0214,95,4,0,-3,-2,12.53
fold2_room1_mix0214,96,4,0,-2,-2,13.37
fold2_room1_mix0214,97,4,0,-3,-2,13.85
fold2_room1_mix0214,98,4,0,-2,-2,14.50
fold2_room1_mix0214,99,4,0,-1,-2,15.64
fold2_room1_mix0215,5,4,0,169,0,7.87
fold2_room1_mix0215,6,4,0,170,0,14.35
fold2_room1_mix0215,7,4,0,173,0,17.44
fold2_room1_mix0215,8,4,0,168,0,19.35
fold2_room1_mix0215,9,4,0,167,0,28.03
fold2_room1_mix0215,10,4,0,165,0,26.74
fold2_room1_mix0215,11,4,0,167,-1,26.47
fold2_room1_mix0215,12,4,0,166,0,28.17
fold2_room1_mix0215,13,4,0,166,-1,24.18
fold2_room1_mix0215,14,4,0,165,0,26.18
fold2_room1_mix0215,15,4,0,166,0,26.51
fold2_room1_mix0215,16,4,0,166,0,24.91
fold2_room1_mix0215,17,4,0,165,0,24.54
fold2_room1_mix0215,18,4,0,163,0,26.46
fold2_room1_mix0215,19,4,0,163,0,26.03
fold2_room1_mix0215,20,4,0,162,0,26.05
fold2_room1_mix0215,21,4,0,162,0,24.99
fold2_room1_mix0215,22,4,0,161,0,24.82
fold2_room1_mix0215,23,4,0,160,0,25.84
fold2_room1_mix0215,24,4,0,160,0,24.26
fold2_room1_mix0215,25,4,0,160,-1,24.14
fold2_room1_mix0215,26,4,0,158,0,23.88
fold2_room1_mix0215,27,4,0,158,0,23.77
fold2_room1_mix0215,28,4,0,158,0,24.88
fold2_room1_mix0215,29,4,0,157,-1,22.86
fold2_room1_mix0215,30,4,0,158,-1,22.20
fold2_room1_mix0215,31,4,0,157,0,26.33
fold2_room1_mix0215,32,4,0,156,0,26.23
fold2_room1_mix0215,33,4,0,155,0,26.37
fold2_room1_mix0215,34,4,0,155,0,26.71
fold2_room1_mix0215,35,4,0,157,0,28.99
fold2_room1_mix0215,36,4,0,155,0,30.63
fold2_room1_mix0215,37,4,0,156,0,30.67
fold2_room1_mix0215,38,4,0,154,0,28.30
fold2_room1_mix0215,39,4,0,156,0,28.07
fold2_room1_mix0215,40,4,0,154,0,25.90
fold2_room1_mix0215,41,4,0,153,0,24.69
fold2_room1_mix0215,42,4,0,154,0,22.55
fold2_room1_mix0215,43,4,0,152,0,23.23
fold2_room1_mix0215,44,4,0,152,0,23.59
fold2_room1_mix0215,45,4,0,153,-1,22.24
fold2_room1_mix0215,46,4,0,149,-1,22.31
fold2_room1_mix0215,47,4,0,150,0,23.15
fold2_room1_mix0215,48,4,0,149,-1,21.42
fold2_room1_mix0215,49,4,0,148,0,21.73
fold2_room1_mix0215,50,4,0,147,0,21.70
fold2_room1_mix0215,51,4,0,147,-1,21.59
fold2_room1_mix0215,52,4,0,148,0,21.71
fold2_room1_mix0215,53,4,0,145,-1,19.84
fold2_room1_mix0215,54,4,0,146,-1,20.47
fold2_room1_mix0215,55,4,0,144,0,20.62
fold2_room1_mix0215,56,4,0,144,0,20.86
fold2_room1_mix0215,57,4,0,143,-1,20.04
fold2_room1_mix0215,58,4,0,141,-1,19.33
fold2_room1_mix0215,59,4,0,138,-1,19.90
fold2_room1_mix0215,60,4,0,136,-1,19.20
fold2_room1_mix0215,61,4,0,134,-1,16.93
fold2_room1_mix0215,62,4,0,130,-1,17.28
fold2_room1_mix0215,63,4,0,125,-1,16.82
fold2_room1_mix0215,64,4,0,125,-1,16.57
fold2_room1_mix0215,65,4,0,122,-1,16.27
fold2_room1_mix0215,66,4,0,122,-1,17.07
fold2_room1_mix0215,67,4,0,119,-1,16.17
fold2_room1_mix0215,68,4,0,118,-1,15.75
fold2_room1_mix0215,69,4,0,117,-1,15.58
fold2_room1_mix0215,70,4,0,112,-1,14.64
fold2_room1_mix0215,71,4,0,109,-2,14.78
fold2_room1_mix0215,72,4,0,108,-2,14.95
fold2_room1_mix0215,73,4,0,105,-2,14.62
fold2_room1_mix0215,74,4,0,100,-2,13.98
fold2_room1_mix0215,75,4,0,95,-2,14.29
fold2_room1_mix0215,76,4,0,92,-2,14.33
fold2_room1_mix0215,77,4,0,90,-2,13.49
fold2_room1_mix0215,78,4,0,86,-2,13.16
fold2_room1_mix0215,79,4,0,84,-2,13.00
fold2_room1_mix0215,80,4,0,82,-3,12.82
fold2_room1_mix0215,81,4,0,82,-2,13.03
fold2_room1_mix0215,82,4,0,78,-2,13.54
fold2_room1_mix0215,83,4,0,76,-2,13.72
fold2_room1_mix0215,84,4,0,73,-2,14.57
fold2_room1_mix0215,85,4,0,71,-2,14.28
fold2_room1_mix0215,86,4,0,69,-2,14.48
fold2_room1_mix0215,87,4,0,66,-2,15.50
fold2_room1_mix0215,88,4,0,65,-2,15.37
fold2_room1_mix0215,89,4,0,61,-1,16.51
fold2_room1_mix0215,90,4,0,59,-1,16.68
fold2_room1_mix0215,91,4,0,58,-1,17.66
fold2_room1_mix0215,92,4,0,58,-1,17.82
fold2_room1_mix0215,93,4,0,55,-1,17.58
fold2_room1_mix0215,94,4,0,55,-1,18.16
fold2_room1_mix0215,95,4,0,55,-1,19.15
fold2_room1_mix0215,96,4,0,53,-1,18.73
fold2_room1_mix0215,97,4,0,52,-1,20.16
fold2_room1_mix0215,98,4,0,50,-1,21.30
fold2_room1_mix0215,99,4,0,46,-1,21.52
fold2_room1_mix0216,2,4,0,-178,0,0.76
fold2_room1_mix0216,3,4,0,-176,1,4.52
fold2_room1_mix0216,4,4,0,-172,0,14.09
fold2_room1_mix0216,4,4,0,0,1,19.25
fold2_room1_mix0216,5,4,0,-173,0,15.19
fold2_room1_mix0216,5,4,0,-4,0,21.22
fold2_room1_mix0216,6,4,0,-173,0,16.83
fold2_room1_mix0216,6,4,0,2,0,23.89
fold2_room1_mix0216,7,4,0,-173,0,23.69
fold2_room1_mix0216,7,4,0,-3,0,30.19
fold2_room1_mix0216,8,4,0,-171,0,27.93
fold2_room1_mix0216,8,4,0,0,0,41.79
fold2_room1_mix0216,9,4,0,-173,-1,28.41
fold2_room1_mix0216,9,4,0,-2,0,40.15
fold2_room1_mix0216,10,4,0,-170,0,28.36
fold2_room1_mix0216,10,4,0,-2,0,39.69
fold2_room1_mix0216,11,4,0,-170,0,28.35
fold2_room1_mix0216,11,4,0,-6,0,39.60
fold2_room1_mix0216,12,4,0,-169,0,27.15
fold2_room1_mix0216,12,4,0,-4,0,37.96
fold2_room1_mix0216,13,4,0,-169,0,27.26
fold2_room1_mix0216,13,4,0,-6,0,37.93
fold2_room1_mix0216,14,4,0,-170,-1,26.14
fold2_room1_mix0216,14,4,0,-5,0,39.94
fold2_room1_mix0216,15,4,0,-171,0,26.07
fold2_room1_mix0216,15,4,0,-10,0,37.29
fold2_room1_mix0216,16,4,0,-170,0,26.25
fold2_room1_mix0216,16,4,0,-7,0,39.01
fold2_room1_mix0216,17,4,0,-171,0,24.84
fold2_room1_mix0216,17,4,0,-7,0,38.15
fold2_room1_mix0216,18,4,0,-171,0,24.85
fold2_room1_mix0216,18,4,0,-6,0,36.49
fold2_room1_mix0216,19,4,0,-170,0,25.80
fold2_room1_mix0216,19,4,0,-5,0,40.70
fold2_room1_mix0216,20,4,0,-172,-1,25.41
fold2_room1_mix0216,20,4,0,-4,0,40.16
fold2_room1_mix0216,21,4,0,-172,-1,25.70
fold2_room1_mix0216,21,4,0,-5,0,42.22
fold2_room1_mix0216,22,4,0,-173,-1,24.17
fold2_room1_mix0216,22,4,0,-5,0,39.07
fold2_room1_mix0216,23,4,0,-173,-1,24.04
fold2_room1_mix0216,23,4,0,-6,0,39.71
fold2_room1_mix0216,24,4,0,-174,-1,25.80
fold2_room1_mix0216,24,4,0,-6,0,38.23
fold2_room1_mix0216,25,4,0,-174,-1,25.25
fold2_room1_mix0216,25,4,0,-7,0,38.01
fold2_room1_mix0216,26,4,0,-174,-1,24.95
fold2_room1_mix0216,26,4,0,-5,0,38.01
fold2_room1_mix0216,27,4,0,-175,0,25.54
fold2_room1_mix0216,27,4,0,-9,0,36.92
fold2_room1_mix0216,28,4,0,-175,-1,24.91
fold2_room1_mix0216,28,4,0,-4,0,38.90
fold2_room1_mix0216,29,4,0,-176,-1,23.76
fold2_room1_mix0216,29,4,0,-8,0,37.27
fold2_room1_mix0216,30,4,0,-177,-1,23.05
fold2_room1_mix0216,30,4,0,-6,0,36.72
fold2_room1_mix0216,31,4,0,-175,-1,21.84
fold2_room1_mix0216,31,4,0,-8,0,36.06
fold2_room1_mix0216,32,4,0,-177,-1,21.13
fold2_room1_mix0216,32,4,0,-7,0,35.89
fold2_room1_mix0216,33,4,0,-175,-2,18.57
fold2_room1_mix0216,33,4,0,-7,0,37.15
fold2_room1_mix0216,34,4,0,-176,-2,17.99
fold2_room1_mix0216,34,4,0,-8,0,35.75
fold2_room1_mix0216,35,4,0,-176,-2,16.13
fold2_room1_mix0216,35,4,0,-7,0,31.97
fold2_room1_mix0216,36,4,0,-176,-2,15.10
fold2_room1_mix0216,36,4,0,-5,0,34.56
fold2_room1_mix0216,37,4,0,-176,-3,13.72
fold2_room1_mix0216,37,4,0,-10,0,31.45
fold2_room1_mix0216,38,4,0,-177,-3,12.56
fold2_room1_mix0216,38,4,0,-10,0,30.62
fold2_room1_mix0216,39,4,0,-178,-3,11.94
fold2_room1_mix0216,39,4,0,-12,0,28.55
fold2_room1_mix0216,40,4,0,-177,-4,10.44
fold2_room1_mix0216,40,4,0,-13,0,29.73
fold2_room1_mix0216,41,4,0,-178,-5,9.99
fold2_room1_mix0216,41,4,0,-14,0,27.44
fold2_room1_mix0216,42,4,0,178,-5,9.45
fold2_room1_mix0216,42,4,0,-21,0,25.71
fold2_room1_mix0216,43,4,0,178,-6,8.19
fold2_room1_mix0216,43,4,0,-19,0,25.63
fold2_room1_mix0216,44,4,0,177,-6,8.53
fold2_room1_mix0216,44,4,0,-21,-1,23.56
fold2_room1_mix0216,45,4,0,175,-8,7.40
fold2_room1_mix0216,45,4,0,-17,-1,24.42
fold2_room1_mix0216,46,4,0,172,-8,6.53
fold2_room1_mix0216,46,4,0,-17,0,23.04
fold2_room1_mix0216,47,4,0,165,-10,5.57
fold2_room1_mix0216,47,4,0,-22,-1,21.15
fold2_room1_mix0216,48,4,0,155,-11,4.91
fold2_room1_mix0216,48,4,0,-20,0,19.66
fold2_room1_mix0216,49,4,0,170,-7,9.73
fold2_room1_mix0216,49,4,0,118,-18,1.66
fold2_room1_mix0216,49,4,0,-18,0,21.20
fold2_room1_mix0216,52,4,0,24,-9,3.91
fold2_room1_mix0216,52,4,0,-10,1,19.21
fold2_room1_mix0216,53,4,0,16,-7,4.44
fold2_room1_mix0216,53,4,0,-12,1,18.14
fold2_room1_mix0216,54,4,0,16,-6,4.94
fold2_room1_mix0216,54,4,0,-10,0,17.81
fold2_room1_mix0216,55,4,0,3,-4,8.09
fold2_room1_mix0216,56,4,0,1,-3,9.03
fold2_room1_mix0216,57,4,0,-149,-1,13.34
fold2_room1_mix0216,57,4,0,4,-3,8.89
fold2_room1_mix0216,58,4,0,-148,-2,12.49
fold2_room1_mix0216,58,4,0,5,-2,9.15
fold2_room1_mix0216,59,4,0,-141,-1,12.82
fold2_room1_mix0216,59,4,0,3,-2,10.48
fold2_room1_mix0216,60,4,0,-140,-1,13.14
fold2_room1_mix0216,60,4,0,1,-2,11.11
fold2_room1_mix0216,61,4,0,-131,-1,11.59
fold2_room1_mix0216,61,4,0,1,-2,11.04
fold2_room1_mix0216,62,4,0,-132,-1,13.15
fold2_room1_mix0216,62,4,0,0,-2,12.54
fold2_room1_mix0216,63,4,0,-134,-1,13.15
fold2_room1_mix0216,63,4,0,0,-1,12.01
fold2_room1_mix0216,64,4,0,-134,-2,12.26
fold2_room1_mix0216,64,4,0,0,-2,12.98
fold2_room1_mix0216,65,4,0,-129,-2,10.55
fold2_room1_mix0216,65,4,0,0,-2,12.98
fold2_room1_mix0216,66,4,0,-128,-2,11.17
fold2_room1_mix0216,66,4,0,-2,-2,13.60
fold2_room1_mix0216,67,4,0,-129,-2,10.36
fold2_room1_mix0216,67,4,0,-2,-2,13.44
fold2_room1_mix0216,68,4,0,-119,-2,10.81
fold2_room1_mix0216,68,4,0,-2,-2,13.43
fold2_room1_mix0216,69,4,0,-121,-2,10.92
fold2_room1_mix0216,69,4,0,-3,-2,14.02
fold2_room1_mix0216,70,4,0,-122,-2,11.29
fold2_room1_mix0216,70,4,0,-4,-2,13.14
fold2_room1_mix0216,71,4,0,-114,-3,10.60
fold2_room1_mix0216,71,4,0,-5,-1,13.91
fold2_room1_mix0216,72,4,0,-120,-2,11.73
fold2_room1_mix0216,72,4,0,-5,-1,15.27
fold2_room1_mix0216,73,4,0,-123,-2,11.11
fold2_room1_mix0216,73,4,0,-6,-1,13.98
fold2_room1_mix0216,74,4,0,-126,-2,10.67
fold2_room1_mix0216,74,4,0,-6,-1,13.01
fold2_room1_mix0216,75,4,0,-120,-2,11.11
fold2_room1_mix0216,75,4,0,-8,-1,12.91
fold2_room1_mix0216,76,4,0,-116,-2,10.39
fold2_room1_mix0216,76,4,0,-9,-1,13.63
fold2_room1_mix0216,77,4,0,-117,-2,10.49
fold2_room1_mix0216,77,4,0,-10,-1,12.55
fold2_room1_mix0216,78,4,0,-123,-2,10.02
fold2_room1_mix0216,78,4,0,-11,-1,13.15
fold2_room1_mix0216,79,4,0,-115,-3,8.62
fold2_room1_mix0216,79,4,0,-12,-1,12.62
fold2_room1_mix0216,80,4,0,-123,-3,9.95
fold2_room1_mix0216,80,4,0,-12,-1,12.98
fold2_room1_mix0216,81,4,0,-122,-3,8.75
fold2_room1_mix0216,81,4,0,-14,-2,10.61
fold2_room1_mix0216,82,4,0,-132,-2,11.14
fold2_room1_mix0216,82,4,0,-16,-2,12.19
fold2_room1_mix0216,83,4,0,-128,-2,11.10
fold2_room1_mix0216,83,4,0,-35,-6,4.72
fold2_room1_mix0216,83,4,0,-9,0,17.09
fold2_room1_mix0216,84,4,0,-129,-2,9.76
fold2_room1_mix0216,84,4,0,-36,-6,4.87
fold2_room1_mix0216,84,4,0,-8,2,21.42
fold2_room1_mix0216,85,4,0,-133,-2,9.65
fold2_room1_mix0216,85,4,0,-46,-6,4.94
fold2_room1_mix0216,85,4,0,-6,2,24.79
fold2_room1_mix0216,86,4,0,-136,0,14.22
fold2_room1_mix0216,86,4,0,-75,-10,3.06
fold2_room1_mix0216,86,4,0,-2,3,28.96
fold2_room1_mix0216,87,4,0,-136,-1,13.51
fold2_room1_mix0216,87,4,0,-86,-10,3.08
fold2_room1_mix0216,87,4,0,1,3,28.41
fold2_room1_mix0216,88,4,0,-142,0,16.66
fold2_room1_mix0216,88,4,0,-98,-10,3.41
fold2_room1_mix0216,88,4,0,-5,2,31.39
fold2_room1_mix0216,89,4,0,-146,0,15.77
fold2_room1_mix0216,89,4,0,-101,-8,4.19
fold2_room1_mix0216,89,4,0,-5,2,28.66
fold2_room1_mix0216,90,4,0,-144,-1,12.92
fold2_room1_mix0216,90,4,0,-116,-8,3.83
fold2_room1_mix0216,90,4,0,-3,3,31.51
fold2_room1_mix0216,91,4,0,-148,-1,12.33
fold2_room1_mix0216,91,4,0,-127,-6,4.44
fold2_room1_mix0216,91,4,0,-7,2,31.64
fold2_room1_mix0216,92,4,0,-146,-4,6.85
fold2_room1_mix0216,92,4,0,-49,0,13.79
fold2_room1_mix0216,92,4,0,-8,0,29.40
fold2_room1_mix0216,93,4,0,-149,-4,7.10
fold2_room1_mix0216,93,4,0,-44,0,14.30
fold2_room1_mix0216,93,4,0,-11,0,25.93
fold2_room1_mix0216,94,4,0,-152,-3,7.84
fold2_room1_mix0216,94,4,0,-59,-1,13.62
fold2_room1_mix0216,94,4,0,-21,0,26.69
fold2_room1_mix0216,95,4,0,-153,-3,7.30
fold2_room1_mix0216,95,4,0,-42,0,15.98
fold2_room1_mix0216,95,4,0,-12,0,24.90
fold2_room1_mix0216,96,4,0,-156,-3,8.07
fold2_room1_mix0216,96,4,0,-40,-1,16.38
fold2_room1_mix0216,96,4,0,-18,0,24.56
fold2_room1_mix0216,97,4,0,-155,-4,7.16
fold2_room1_mix0216,97,4,0,-44,-1,16.91
fold2_room1_mix0216,97,4,0,-23,0,25.05
fold2_room1_mix0216,98,4,0,-156,-4,7.60
fold2_room1_mix0216,98,4,0,-44,-1,16.90
fold2_room1_mix0216,98,4,0,-20,0,25.35
fold2_room1_mix0216,99,4,0,-154,-4,7.20
fold2_room1_mix0216,99,4,0,-39,-1,17.60
fold2_room1_mix0216,99,4,0,-16,0,23.72
fold2_room1_mix0216,50,4,0,77,-17,1.85
fold2_room1_mix0216,50,4,0,-15,0,19.51
fold2_room1_mix0216,51,4,0,38,-11,2.67
fold2_room1_mix0216,51,4,0,-12,2,19.66
fold2_room1_mix0217,2,4,0,178,2,0.98
fold2_room1_mix0217,3,4,0,-179,0,1.90
fold2_room1_mix0217,4,4,0,179,0,14.87
fold2_room1_mix0217,5,4,0,179,0,15.95
fold2_room1_mix0217,6,4,0,-179,0,16.10
fold2_room1_mix0217,7,4,0,-179,0,24.10
fold2_room1_mix0217,8,4,0,-178,-1,23.18
fold2_room1_mix0217,9,4,0,-179,-1,23.29
fold2_room1_mix0217,10,4,0,179,0,23.93
fold2_room1_mix0217,11,4,0,179,0,23.64
fold2_room1_mix0217,12,4,0,179,0,23.57
fold2_room1_mix0217,13,4,0,179,-1,22.64
fold2_room1_mix0217,14,4,0,-179,-1,22.18
fold2_room1_mix0217,15,4,0,-179,-1,21.74
fold2_room1_mix0217,16,4,0,179,-1,20.13
fold2_room1_mix0217,17,4,0,-179,-1,21.29
fold2_room1_mix0217,18,4,0,-179,-1,20.20
fold2_room1_mix0217,19,4,0,-179,-1,19.29
fold2_room1_mix0217,20,4,0,179,-1,20.02
fold2_room1_mix0217,21,4,0,-179,-1,19.15
fold2_room1_mix0217,22,4,0,-178,-1,18.60
fold2_room1_mix0217,23,4,0,-178,-1,18.39
fold2_room1_mix0217,24,4,0,-177,-1,17.94
fold2_room1_mix0217,25,4,0,-178,-1,18.52
fold2_room1_mix0217,26,4,0,-177,-1,18.66
fold2_room1_mix0217,27,4,0,-178,-1,17.46
fold2_room1_mix0217,28,4,0,-178,-1,18.25
fold2_room1_mix0217,29,4,0,-178,-1,17.36
fold2_room1_mix0217,30,4,0,-177,-1,16.65
fold2_room1_mix0217,31,4,0,-177,-1,16.61
fold2_room1_mix0217,32,4,0,-177,-1,15.82
fold2_room1_mix0217,33,4,0,-176,-1,15.58
fold2_room1_mix0217,34,4,0,-177,-2,15.02
fold2_room1_mix0217,35,4,0,-177,-1,14.86
fold2_room1_mix0217,36,4,0,-177,-2,14.54
fold2_room1_mix0217,37,4,0,-176,-2,13.56
fold2_room1_mix0217,38,4,0,-176,-2,13.04
fold2_room1_mix0217,39,4,0,-175,-2,12.77
fold2_room1_mix0217,40,4,0,-176,-2,12.16
fold2_room1_mix0217,41,4,0,-177,-2,12.17
fold2_room1_mix0217,42,4,0,-176,-2,11.48
fold2_room1_mix0217,43,4,0,-176,-2,10.70
fold2_room1_mix0217,44,4,0,-176,-2,10.91
fold2_room1_mix0217,45,4,0,-175,-3,10.28
fold2_room1_mix0217,46,4,0,-174,-3,10.48
fold2_room1_mix0217,47,4,0,-175,-3,9.77
fold2_room1_mix0217,48,4,0,-174,-3,8.90
fold2_room1_mix0217,49,4,0,-173,-4,8.62
fold2_room1_mix0217,50,4,0,-173,-4,8.37
fold2_room1_mix0217,51,4,0,-173,-4,7.55
fold2_room1_mix0217,52,4,0,-172,-4,7.71
fold2_room1_mix0217,53,4,0,-172,-5,6.90
fold2_room1_mix0217,54,4,0,-171,-5,6.51
fold2_room1_mix0217,55,4,0,-170,-6,5.96
fold2_room1_mix0217,56,4,0,-170,-6,5.25
fold2_room1_mix0217,57,4,0,-168,-6,4.89
fold2_room1_mix0217,58,4,0,-168,-7,4.57
fold2_room1_mix0217,59,4,0,-167,-8,4.04
fold2_room1_mix0217,60,4,0,-165,-8,3.72
fold2_room1_mix0217,61,4,0,-164,-10,3.04
fold2_room1_mix0217,62,4,0,-161,-11,2.81
fold2_room1_mix0217,63,4,0,-157,-12,2.27
fold2_room1_mix0217,64,4,0,-151,-15,1.89
fold2_room1_mix0217,65,4,0,-144,-18,1.51
fold2_room1_mix0217,66,4,0,-128,-26,1.10
fold2_room1_mix0217,67,4,0,-94,-36,0.85
fold2_room1_mix0217,68,4,0,-56,-30,0.90
fold2_room1_mix0217,69,4,0,-37,-21,1.16
fold2_room1_mix0217,70,4,0,-31,-17,1.69
fold2_room1_mix0217,71,4,0,-24,-13,2.09
fold2_room1_mix0217,72,4,0,-18,-11,2.52
fold2_room1_mix0217,73,4,0,-14,-10,2.87
fold2_room1_mix0217,74,4,0,-11,-8,3.28
fold2_room1_mix0217,75,4,0,-9,-7,3.68
fold2_room1_mix0217,76,4,0,-8,-6,4.30
fold2_room1_mix0217,77,4,0,-7,-6,4.55
fold2_room1_mix0217,78,4,0,-6,-6,5.02
fold2_room1_mix0217,79,4,0,-6,-5,5.24
fold2_room1_mix0217,80,4,0,-6,-5,5.36
fold2_room1_mix0217,81,4,0,-5,-5,6.04
fold2_room1_mix0217,82,4,0,-4,-5,6.21
fold2_room1_mix0217,83,4,0,-4,-4,6.38
fold2_room1_mix0217,84,4,0,-3,-4,7.43
fold2_room1_mix0217,85,4,0,-3,-4,7.43
fold2_room1_mix0217,86,4,0,-3,-4,7.80
fold2_room1_mix0217,87,4,0,-3,-4,8.43
fold2_room1_mix0217,88,4,0,-2,-4,8.75
fold2_room1_mix0217,89,4,0,-2,-4,9.59
fold2_room1_mix0217,90,4,0,-2,-3,10.25
fold2_room1_mix0217,91,4,0,-1,-3,10.58
fold2_room1_mix0217,92,4,0,-1,-3,11.17
fold2_room1_mix0217,93,4,0,-1,-3,11.13
fold2_room1_mix0217,94,4,0,0,-3,11.75
fold2_room1_mix0217,95,4,0,0,-3,12.12
fold2_room1_mix0217,96,4,0,0,-3,12.19
fold2_room1_mix0217,97,4,0,0,-3,13.58
fold2_room1_mix0217,98,4,0,0,-3,13.37
fold2_room1_mix0217,99,4,0,0,-3,12.64
fold2_room1_mix0218,20,4,0,-12,0,9.70
fold2_room1_mix0218,24,4,0,-5,-1,16.09
fold2_room1_mix0218,25,4,0,-11,-1,14.70
fold2_room1_mix0218,26,4,0,-6,0,15.12
fold2_room1_mix0218,27,4,0,-9,-1,20.03
fold2_room1_mix0218,28,4,0,-1,-1,18.99
fold2_room1_mix0218,29,4,0,-10,-1,20.93
fold2_room1_mix0218,30,4,0,-7,-1,21.09
fold2_room1_mix0218,31,4,0,-5,-1,22.43
fold2_room1_mix0218,32,2,0,-89,-3,5.31
fold2_room1_mix0218,32,4,0,-9,-1,21.85
fold2_room1_mix0218,33,2,0,-81,-2,9.15
fold2_room1_mix0218,33,4,0,-6,-1,20.66
fold2_room1_mix0218,34,2,0,-82,-2,10.98
fold2_room1_mix0218,34,4,0,-3,-1,20.32
fold2_room1_mix0218,35,2,0,-82,-3,8.37
fold2_room1_mix0218,35,4,0,-5,-2,18.87
fold2_room1_mix0218,36,4,0,-10,-1,18.00
fold2_room1_mix0218,37,4,0,-9,-1,19.66
fold2_room1_mix0218,38,4,0,-9,-1,21.60
fold2_room1_mix0218,39,4,0,-11,-1,19.69
fold2_room1_mix0218,40,4,0,-9,-1,20.43
fold2_room1_mix0218,41,2,0,-82,-2,10.36
fold2_room1_mix0218,41,4,0,-14,-1,20.38
fold2_room1_mix0218,42,2,0,-83,-2,11.89
fold2_room1_mix0218,42,4,0,-10,-1,21.55
fold2_room1_mix0218,43,2,0,-86,-2,11.10
fold2_room1_mix0218,43,4,0,-11,-1,22.28
fold2_room1_mix0218,44,2,0,-84,-2,10.71
fold2_room1_mix0218,44,4,0,-11,-2,20.24
fold2_room1_mix0218,45,2,0,-83,-2,10.22
fold2_room1_mix0218,45,4,0,-11,-1,18.66
fold2_room1_mix0218,46,4,0,-12,-1,18.69
fold2_room1_mix0218,47,4,0,-16,-1,17.84
fold2_room1_mix0218,48,4,0,-10,-2,15.60
fold2_room1_mix0218,49,4,0,-12,-2,15.92
fold2_room1_mix0218,50,4,0,-16,-2,15.89
fold2_room1_mix0218,51,2,0,-84,-2,11.21
fold2_room1_mix0218,51,4,0,-9,-2,14.50
fold2_room1_mix0218,52,2,0,-84,-2,11.94
fold2_room1_mix0218,52,4,0,-9,-2,16.08
fold2_room1_mix0218,53,2,0,-84,-2,12.00
fold2_room1_mix0218,53,4,0,-10,-2,14.13
fold2_room1_mix0218,54,2,0,-84,-1,12.57
fold2_room1_mix0218,54,4,0,-11,-3,14.70
fold2_room1_mix0218,55,2,0,-84,-2,12.98
fold2_room1_mix0218,55,4,0,-11,-3,13.37
fold2_room1_mix0218,56,4,0,-12,-3,13.62
fold2_room1_mix0218,57,4,0,-13,-3,11.88
fold2_room1_mix0218,58,4,0,-11,-3,12.50
fold2_room1_mix0218,59,4,0,-12,-2,12.92
fold2_room1_mix0218,60,4,0,-14,-2,12.79
fold2_room1_mix0218,61,2,0,-86,-1,11.79
fold2_room1_mix0218,61,4,0,-10,-3,11.97
fold2_room1_mix0218,62,2,0,-84,-1,13.24
fold2_room1_mix0218,62,4,0,-9,-3,12.38
fold2_room1_mix0218,63,2,0,-80,-1,14.14
fold2_room1_mix0218,63,4,0,-11,-3,12.58
fold2_room1_mix0218,64,2,0,-80,-1,13.80
fold2_room1_mix0218,64,4,0,-16,-3,11.13
fold2_room1_mix0218,65,2,0,-81,-1,13.95
fold2_room1_mix0218,65,4,0,-11,-3,10.23
fold2_room1_mix0218,66,4,0,-13,-3,9.34
fold2_room1_mix0218,67,4,0,-18,-4,8.61
fold2_room1_mix0218,68,4,0,-17,-3,9.14
fold2_room1_mix0218,69,4,0,-20,-4,7.94
fold2_room1_mix0218,70,4,0,-21,-3,9.10
fold2_room1_mix0218,71,2,0,-78,-1,13.02
fold2_room1_mix0218,71,4,0,-23,-5,7.97
fold2_room1_mix0218,72,2,0,-81,-1,13.03
fold2_room1_mix0218,72,4,0,-21,-4,7.74
fold2_room1_mix0218,73,4,0,-26,-5,6.34
fold2_room1_mix0218,74,4,0,-25,-5,6.09
fold2_room1_mix0218,75,4,0,-23,-5,5.84
fold2_room1_mix0218,76,4,0,-26,-5,5.85
fold2_room1_mix0218,77,4,0,-31,-6,5.10
fold2_room1_mix0218,78,4,0,-30,-6,5.48
fold2_room1_mix0218,79,4,0,-33,-8,3.93
fold2_room1_mix0218,80,4,0,-37,-9,3.90
fold2_room1_mix0218,81,4,0,-43,-10,3.58
fold2_room1_mix0218,82,4,0,-46,-10,3.33
fold2_room1_mix0218,83,4,0,-51,-11,3.25
fold2_room1_mix0218,84,4,0,-58,-12,3.21
fold2_room1_mix0218,85,4,0,-61,-10,3.52
fold2_room1_mix0218,86,4,0,-72,-13,3.11
fold2_room1_mix0218,87,4,0,-83,-12,3.22
fold2_room1_mix0218,88,4,0,-87,-13,3.33
fold2_room1_mix0218,89,4,0,-96,-12,3.43
fold2_room1_mix0218,90,4,0,-104,-12,3.48
fold2_room1_mix0218,91,4,0,-112,-11,3.94
fold2_room1_mix0218,92,4,0,-118,-10,3.86
fold2_room1_mix0218,93,4,0,-125,-10,3.86
fold2_room1_mix0218,94,4,0,-132,-9,4.38
fold2_room1_mix0218,95,4,0,-137,-9,4.33
fold2_room1_mix0218,96,4,0,-139,-8,4.79
fold2_room1_mix0218,97,4,0,-142,-8,4.81
fold2_room1_mix0218,98,4,0,-146,-7,5.45
fold2_room1_mix0218,99,4,0,-147,-7,5.08
fold2_room1_mix0219,2,4,0,172,1,2.03
fold2_room1_mix0219,3,4,0,171,0,5.18
fold2_room1_mix0219,4,4,0,164,-1,10.51
fold2_room1_mix0219,5,4,0,166,-1,11.86
fold2_room1_mix0219,6,4,0,167,-1,13.63
fold2_room1_mix0219,7,4,0,165,-1,17.64
fold2_room1_mix0219,8,4,0,167,-2,17.74
fold2_room1_mix0219,9,4,0,165,-2,17.33
fold2_room1_mix0219,10,4,0,162,-1,16.94
fold2_room1_mix0219,11,4,0,165,-2,17.28
fold2_room1_mix0219,12,4,0,164,-2,16.26
fold2_room1_mix0219,13,4,0,165,-1,16.65
fold2_room1_mix0219,14,4,0,162,-2,15.62
fold2_room1_mix0219,15,4,0,164,-2,14.69
fold2_room1_mix0219,16,4,0,163,-2,14.15
fold2_room1_mix0219,17,4,0,162,-2,14.64
fold2_room1_mix0219,18,4,0,162,-2,13.97
fold2_room1_mix0219,19,4,0,163,-3,14.18
fold2_room1_mix0219,20,4,0,164,-2,14.45
fold2_room1_mix0219,21,4,0,161,-3,13.72
fold2_room1_mix0219,22,4,0,163,-3,13.99
fold2_room1_mix0219,23,4,0,161,-3,13.67
fold2_room1_mix0219,24,4,0,163,-3,13.26
fold2_room1_mix0219,25,4,0,162,-3,13.20
fold2_room1_mix0219,26,4,0,159,-3,13.92
fold2_room1_mix0219,27,4,0,162,-3,13.24
fold2_room1_mix0219,28,4,0,158,-3,12.86
fold2_room1_mix0219,29,4,0,158,-3,12.28
fold2_room1_mix0219,30,4,0,160,-3,12.78
fold2_room1_mix0219,31,4,0,160,-3,11.73
fold2_room1_mix0219,32,4,0,158,-4,12.11
fold2_room1_mix0219,33,4,0,156,-3,12.38
fold2_room1_mix0219,34,4,0,154,-3,12.34
fold2_room1_mix0219,35,4,0,156,-3,12.08
fold2_room1_mix0219,36,4,0,151,-4,12.02
fold2_room1_mix0219,37,4,0,152,-4,10.89
fold2_room1_mix0219,38,4,0,150,-4,11.73
fold2_room1_mix0219,39,4,0,151,-4,10.31
fold2_room1_mix0219,40,4,0,150,-4,10.22
fold2_room1_mix0219,41,4,0,151,-4,10.34
fold2_room1_mix0219,41,4,0,3,-4,14.75
fold2_room1_mix0219,42,4,0,149,-5,9.95
fold2_room1_mix0219,42,4,0,0,-3,13.71
fold2_room1_mix0219,43,4,0,153,-5,9.36
fold2_room1_mix0219,43,4,0,3,-3,13.22
fold2_room1_mix0219,44,4,0,152,-5,9.77
fold2_room1_mix0219,44,4,0,-1,-3,13.75
fold2_room1_mix0219,45,4,0,147,-5,9.88
fold2_room1_mix0219,45,4,0,0,-3,14.25
fold2_room1_mix0219,46,4,0,142,-5,9.01
fold2_room1_mix0219,46,4,0,-2,-3,12.34
fold2_room1_mix0219,47,4,0,149,-6,8.54
fold2_room1_mix0219,47,4,0,-6,-3,11.14
fold2_room1_mix0219,48,4,0,146,-5,8.49
fold2_room1_mix0219,48,4,0,-7,-3,11.36
fold2_room1_mix0219,49,4,0,148,-5,8.53
fold2_room1_mix0219,49,4,0,-9,-3,11.49
fold2_room1_mix0219,50,4,0,143,-4,7.70
fold2_room1_mix0219,50,4,0,-2,-4,9.67
fold2_room1_mix0219,51,4,0,143,-5,6.72
fold2_room1_mix0219,51,4,0,-5,-4,8.59
fold2_room1_mix0219,52,4,0,142,-5,6.94
fold2_room1_mix0219,52,4,0,-7,-4,8.73
fold2_room1_mix0219,53,4,0,141,-5,7.47
fold2_room1_mix0219,53,4,0,-8,-5,7.54
fold2_room1_mix0219,54,4,0,138,-5,7.06
fold2_room1_mix0219,54,4,0,-6,-6,7.27
fold2_room1_mix0219,55,4,0,137,-5,6.04
fold2_room1_mix0219,55,4,0,-8,-7,6.38
fold2_room1_mix0219,56,4,0,137,-6,6.66
fold2_room1_mix0219,56,4,0,-10,-8,6.28
fold2_room1_mix0219,57,4,0,134,-6,6.95
fold2_room1_mix0219,57,4,0,-16,-9,5.67
fold2_room1_mix0219,58,4,0,134,-6,6.41
fold2_room1_mix0219,58,4,0,-19,-10,4.48
fold2_room1_mix0219,59,4,0,129,-6,5.74
fold2_room1_mix0219,59,4,0,-23,-10,3.94
fold2_room1_mix0219,60,4,0,132,-6,6.51
fold2_room1_mix0219,60,4,0,-34,-12,3.56
fold2_room1_mix0219,61,4,0,128,-6,6.12
fold2_room1_mix0219,61,4,0,-37,-13,3.03
fold2_room1_mix0219,62,4,0,126,-6,6.49
fold2_room1_mix0219,62,4,0,-56,-17,2.51
fold2_room1_mix0219,63,4,0,127,-5,6.99
fold2_room1_mix0219,63,4,0,-79,-18,2.09
fold2_room1_mix0219,64,4,0,128,-5,6.67
fold2_room1_mix0219,64,4,0,-106,-17,2.01
fold2_room1_mix0219,65,4,0,129,-5,6.68
fold2_room1_mix0219,65,4,0,-132,-15,2.48
fold2_room1_mix0219,66,4,0,148,-12,3.24
fold2_room1_mix0219,66,4,0,143,-10,3.86
fold2_room1_mix0219,67,4,0,-129,-10,2.29
fold2_room1_mix0219,67,4,0,117,-4,5.75
fold2_room1_mix0219,68,4,0,-139,-9,2.78
fold2_room1_mix0219,68,4,0,117,-2,6.35
fold2_room1_mix0219,69,4,0,-150,-10,2.79
fold2_room1_mix0219,69,4,0,112,-4,6.25
fold2_room1_mix0219,70,4,0,-147,-8,3.27
fold2_room1_mix0219,70,4,0,109,-4,6.41
fold2_room1_mix0219,71,4,0,-145,-6,4.22
fold2_room1_mix0219,71,4,0,103,-5,6.39
fold2_room1_mix0219,72,4,0,-150,-6,5.11
fold2_room1_mix0219,72,4,0,100,-6,5.67
fold2_room1_mix0219,73,4,0,-153,-6,5.74
fold2_room1_mix0219,73,4,0,98,-7,5.97
fold2_room1_mix0219,74,4,0,-156,-6,6.11
fold2_room1_mix0219,74,4,0,105,-8,5.45
fold2_room1_mix0219,75,4,0,-155,-5,6.50
fold2_room1_mix0219,75,4,0,102,-8,4.81
fold2_room1_mix0219,76,4,0,-158,-5,6.79
fold2_room1_mix0219,76,4,0,106,-8,4.78
fold2_room1_mix0219,76,4,0,87,-7,5.43
fold2_room1_mix0219,77,4,0,-160,-5,8.80
fold2_room1_mix0219,77,4,0,105,-9,5.46
fold2_room1_mix0219,77,4,0,85,-9,5.53
fold2_room1_mix0219,78,4,0,-171,-5,8.88
fold2_room1_mix0219,78,4,0,105,-7,6.12
fold2_room1_mix0219,78,4,0,88,-7,6.05
fold2_room1_mix0219,79,4,0,-171,-6,8.51
fold2_room1_mix0219,79,4,0,105,-7,5.63
fold2_room1_mix0219,79,4,0,90,-7,6.18
fold2_room1_mix0219,80,4,0,-165,-4,10.29
fold2_room1_mix0219,80,4,0,89,-8,6.34
fold2_room1_mix0219,81,4,0,171,-7,9.19
fold2_room1_mix0219,81,4,0,100,-9,5.79
fold2_room1_mix0219,81,4,0,80,-7,7.09
fold2_room1_mix0219,82,4,0,-171,-4,11.57
fold2_room1_mix0219,82,4,0,85,-8,6.36
fold2_room1_mix0219,83,4,0,-167,-4,12.70
fold2_room1_mix0219,83,4,0,81,-9,5.70
fold2_room1_mix0219,84,4,0,-176,-4,13.71
fold2_room1_mix0219,84,4,0,84,-10,5.21
fold2_room1_mix0219,84,4,0,69,-8,6.14
fold2_room1_mix0219,85,4,0,-177,-4,13.55
fold2_room1_mix0219,85,4,0,78,-9,5.59
fold2_room1_mix0219,85,4,0,61,-7,6.46
fold2_room1_mix0219,86,4,0,-168,-1,16.12
fold2_room1_mix0219,86,4,0,78,-7,6.16
fold2_room1_mix0219,86,4,0,63,-7,6.50
fold2_room1_mix0219,87,4,0,-171,-2,15.37
fold2_room1_mix0219,87,4,0,72,-9,5.77
fold2_room1_mix0219,87,4,0,51,-6,7.20
fold2_room1_mix0219,88,4,0,-171,-1,17.02
fold2_room1_mix0219,88,4,0,59,-7,6.09
fold2_room1_mix0219,89,4,0,-171,-2,17.66
fold2_room1_mix0219,89,4,0,51,-8,6.44
fold2_room1_mix0219,90,4,0,-175,-1,18.99
fold2_room1_mix0219,90,4,0,49,-7,7.01
fold2_room1_mix0219,91,4,0,-179,-2,17.15
fold2_room1_mix0219,91,4,0,46,-8,6.15
fold2_room1_mix0219,92,4,0,179,-2,16.45
fold2_room1_mix0219,92,4,0,53,-9,5.81
fold2_room1_mix0219,92,4,0,37,-5,8.72
fold2_room1_mix0219,93,4,0,177,-2,15.96
fold2_room1_mix0219,93,4,0,50,-8,6.11
fold2_room1_mix0219,93,4,0,33,-5,9.78
fold2_room1_mix0219,94,4,0,-175,-1,16.13
fold2_room1_mix0219,94,4,0,41,-6,7.91
fold2_room1_mix0219,95,4,0,-179,-2,14.99
fold2_room1_mix0219,95,4,0,43,-8,6.05
fold2_room1_mix0219,95,4,0,28,-4,11.84
fold2_room1_mix0219,96,4,0,156,-6,12.39
fold2_room1_mix0219,96,4,0,34,-5,8.09
fold2_room1_mix0219,97,4,0,34,-5,8.15
fold2_room1_mix0219,98,4,0,30,-4,9.39
fold2_room1_mix0219,99,4,0,28,-5,8.07
fold2_room1_mix0220,1,4,0,-178,0,1.82
fold2_room1_mix0220,3,4,0,-178,0,6.30
fold2_room1_mix0220,4,4,0,-179,0,16.62
fold2_room1_mix0220,5,4,0,-179,0,18.78
fold2_room1_mix0220,6,4,0,-178,0,22.33
fold2_room1_mix0220,7,4,0,-179,0,27.75
fold2_room1_mix0220,8,4,0,179,-1,35.77
fold2_room1_mix0220,9,4,0,-179,0,36.19
fold2_room1_mix0220,10,4,0,179,0,37.10
fold2_room1_mix0220,11,4,0,-178,0,36.66
fold2_room1_mix0220,12,4,0,179,0,36.94
fold2_room1_mix0220,13,4,0,-178,0,35.33
fold2_room1_mix0220,14,4,0,-178,0,35.60
fold2_room1_mix0220,15,4,0,-178,0,34.84
fold2_room1_mix0220,16,4,0,-178,0,33.76
fold2_room1_mix0220,17,4,0,-177,0,32.76
fold2_room1_mix0220,18,4,0,-178,0,32.21
fold2_room1_mix0220,19,4,0,-177,0,31.94
fold2_room1_mix0220,20,4,0,-178,0,31.58
fold2_room1_mix0220,21,4,0,-176,0,30.69
fold2_room1_mix0220,22,4,0,-176,0,29.65
fold2_room1_mix0220,23,4,0,-176,0,29.02
fold2_room1_mix0220,24,4,0,-176,-1,29.66
fold2_room1_mix0220,25,4,0,-175,-1,30.02
fold2_room1_mix0220,26,4,0,-176,-1,29.46
fold2_room1_mix0220,27,4,0,-176,-1,30.21
fold2_room1_mix0220,28,4,0,-176,-1,28.94
fold2_room1_mix0220,29,4,0,-175,-1,27.39
fold2_room1_mix0220,30,4,0,-176,-1,28.64
fold2_room1_mix0220,31,4,0,-177,-1,27.98
fold2_room1_mix0220,32,4,0,-178,-1,26.17
fold2_room1_mix0220,33,4,0,-176,-1,25.14
fold2_room1_mix0220,34,3,0,111,-4,7.23
fold2_room1_mix0220,34,4,0,-177,-1,26.07
fold2_room1_mix0220,35,3,0,118,-4,9.08
fold2_room1_mix0220,35,4,0,-174,-1,22.81
fold2_room1_mix0220,36,3,0,115,-4,8.69
fold2_room1_mix0220,36,4,0,-174,-1,21.26
fold2_room1_mix0220,37,3,0,102,-3,7.10
fold2_room1_mix0220,37,4,0,-174,-1,20.44
fold2_room1_mix0220,38,3,0,103,-3,7.46
fold2_room1_mix0220,38,4,0,-173,-1,19.42
fold2_room1_mix0220,39,3,0,87,-3,12.86
fold2_room1_mix0220,39,4,0,-173,-1,19.65
fold2_room1_mix0220,40,3,0,90,-4,11.35
fold2_room1_mix0220,40,4,0,-174,-1,21.30
fold2_room1_mix0220,41,3,0,94,-4,10.56
fold2_room1_mix0220,41,4,0,-173,-1,20.40
fold2_room1_mix0220,42,3,0,94,-4,9.55
fold2_room1_mix0220,42,4,0,-173,-1,20.48
fold2_room1_mix0220,43,3,0,96,-4,9.70
fold2_room1_mix0220,43,4,0,-172,-2,20.28
fold2_room1_mix0220,44,3,0,99,-4,11.37
fold2_room1_mix0220,44,4,0,-174,-1,19.59
fold2_room1_mix0220,45,3,0,105,-5,9.11
fold2_room1_mix0220,45,4,0,-174,-2,18.33
fold2_room1_mix0220,46,3,0,117,-5,8.90
fold2_room1_mix0220,46,4,0,-174,-2,16.83
fold2_room1_mix0220,47,3,0,114,-4,9.03
fold2_room1_mix0220,47,4,0,-172,-2,15.59
fold2_room1_mix0220,48,3,0,107,-4,8.35
fold2_room1_mix0220,48,4,0,-171,-3,12.89
fold2_room1_mix0220,49,3,0,103,-4,7.41
fold2_room1_mix0220,49,4,0,-170,-2,12.07
fold2_room1_mix0220,50,3,0,103,-4,7.06
fold2_room1_mix0220,50,4,0,-169,-3,11.55
fold2_room1_mix0220,51,3,0,113,-5,5.10
fold2_room1_mix0220,51,4,0,-168,-3,10.09
fold2_room1_mix0220,52,4,0,-168,-3,9.62
fold2_room1_mix0220,53,3,0,101,-4,8.76
fold2_room1_mix0220,53,4,0,-168,-3,9.19
fold2_room1_mix0220,54,3,0,113,-4,10.23
fold2_room1_mix0220,54,4,0,-167,-5,8.25
fold2_room1_mix0220,55,3,0,124,-4,4.51
fold2_room1_mix0220,55,4,0,-166,-5,6.79
fold2_room1_mix0220,56,3,0,100,-3,7.62
fold2_room1_mix0220,56,4,0,-165,-6,6.73
fold2_room1_mix0220,57,4,0,-163,-7,5.22
fold2_room1_mix0220,58,4,0,-161,-9,4.02
fold2_room1_mix0220,59,3,0,125,-4,12.23
fold2_room1_mix0220,59,4,0,-158,-12,3.94
fold2_room1_mix0220,60,3,0,123,-4,10.16
fold2_room1_mix0220,60,4,0,-156,-13,3.40
fold2_room1_mix0220,61,3,0,140,-4,9.25
fold2_room1_mix0220,61,4,0,-143,-20,2.35
fold2_room1_mix0220,62,3,0,129,-4,8.02
fold2_room1_mix0220,62,4,0,-114,-34,1.51
fold2_room1_mix0220,63,3,0,132,-5,7.70
fold2_room1_mix0220,63,4,0,-92,-38,1.18
fold2_room1_mix0220,64,3,0,133,-5,10.89
fold2_room1_mix0220,64,4,0,-65,-33,1.37
fold2_room1_mix0220,65,3,0,133,-5,11.80
fold2_room1_mix0220,65,4,0,-44,-25,1.76
fold2_room1_mix0220,66,3,0,142,-4,12.38
fold2_room1_mix0220,66,4,0,-32,-19,2.58
fold2_room1_mix0220,67,3,0,142,-4,11.64
fold2_room1_mix0220,67,4,0,-26,-15,3.30
fold2_room1_mix0220,68,3,0,141,-3,12.24
fold2_room1_mix0220,68,4,0,-20,-12,4.11
fold2_room1_mix0220,69,3,0,141,-3,11.60
fold2_room1_mix0220,69,4,0,-17,-10,4.65
fold2_room1_mix0220,70,3,0,136,-3,10.15
fold2_room1_mix0220,70,4,0,-15,-8,5.44
fold2_room1_mix0220,71,3,0,137,-3,9.90
fold2_room1_mix0220,71,4,0,-14,-7,6.17
fold2_room1_mix0220,72,3,0,143,-3,11.92
fold2_room1_mix0220,72,4,0,-12,-6,7.25
fold2_room1_mix0220,73,3,0,133,-3,11.47
fold2_room1_mix0220,73,4,0,-11,-5,8.23
fold2_room1_mix0220,74,3,0,147,-3,9.01
fold2_room1_mix0220,74,4,0,-10,-5,8.34
fold2_room1_mix0220,75,3,0,153,-3,6.12
fold2_room1_mix0220,75,4,0,-9,-5,9.82
fold2_room1_mix0220,76,4,0,-7,-4,10.12
fold2_room1_mix0220,77,4,0,-6,-4,10.59
fold2_room1_mix0220,78,3,0,138,-4,13.47
fold2_room1_mix0220,78,4,0,-6,-4,12.70
fold2_room1_mix0220,79,3,0,143,-4,14.96
fold2_room1_mix0220,79,4,0,-6,-3,13.07
fold2_room1_mix0220,80,3,0,140,-4,15.17
fold2_room1_mix0220,80,4,0,-5,-3,14.18
fold2_room1_mix0220,81,4,0,-3,-3,15.16
fold2_room1_mix0220,82,4,0,-4,-3,13.63
fold2_room1_mix0220,83,4,0,-3,-3,15.59
fold2_room1_mix0220,84,4,0,-2,-3,15.84
fold2_room1_mix0220,85,4,0,-1,-2,16.74
fold2_room1_mix0220,86,4,0,-1,-2,18.22
fold2_room1_mix0220,87,4,0,0,-2,19.10
fold2_room1_mix0220,88,4,0,0,-2,20.52
fold2_room1_mix0220,89,4,0,0,-2,21.13
fold2_room1_mix0220,90,4,0,0,-2,20.90
fold2_room1_mix0220,91,4,0,0,-2,23.34
fold2_room1_mix0220,92,4,0,0,-2,23.54
fold2_room1_mix0220,93,4,0,0,-2,23.79
fold2_room1_mix0220,94,4,0,0,-1,26.58
fold2_room1_mix0220,95,4,0,0,-2,25.12
fold2_room1_mix0220,96,4,0,0,-2,24.99
fold2_room1_mix0220,97,4,0,0,-1,27.65
fold2_room1_mix0220,98,4,0,0,-2,26.62
fold2_room1_mix0220,99,4,0,0,-2,25.90
fold2_room1_mix0222,16,4,0,176,1,3.66
fold2_room1_mix0222,17,4,0,179,1,7.47
fold2_room1_mix0222,18,4,0,-179,1,6.80
fold2_room1_mix0222,19,4,0,-176,1,6.91
fold2_room1_mix0222,20,4,0,-178,0,10.24
fold2_room1_mix0222,21,4,0,-176,0,13.66
fold2_room1_mix0222,22,4,0,-178,0,24.99
fold2_room1_mix0222,23,4,0,-179,0,17.70
fold2_room1_mix0222,24,4,0,-177,0,23.54
fold2_room1_mix0222,25,4,0,-176,0,21.69
fold2_room1_mix0222,26,4,0,-175,0,21.72
fold2_room1_mix0222,27,4,0,-173,0,21.96
fold2_room1_mix0222,28,4,0,-176,0,21.37
fold2_room1_mix0222,29,4,0,-174,0,20.98
fold2_room1_mix0222,30,4,0,-174,0,21.75
fold2_room1_mix0222,31,4,0,-173,0,21.17
fold2_room1_mix0222,32,4,0,-172,0,20.73
fold2_room1_mix0222,33,4,0,-173,0,20.22
fold2_room1_mix0222,34,4,0,-174,0,19.78
fold2_room1_mix0222,35,4,0,-173,0,18.83
fold2_room1_mix0222,36,4,0,-174,0,17.94
fold2_room1_mix0222,37,4,0,-172,0,18.25
fold2_room1_mix0222,38,4,0,-174,-1,16.52
fold2_room1_mix0222,39,4,0,-172,-1,16.08
fold2_room1_mix0222,40,4,0,-171,-1,15.97
fold2_room1_mix0222,41,4,0,-170,-1,14.81
fold2_room1_mix0222,42,4,0,-171,-1,14.33
fold2_room1_mix0222,43,4,0,-168,-1,13.80
fold2_room1_mix0222,44,4,0,-168,-2,12.28
fold2_room1_mix0222,45,4,0,-167,-2,12.03
fold2_room1_mix0222,46,4,0,-168,-2,11.88
fold2_room1_mix0222,47,4,0,-165,-2,10.84
fold2_room1_mix0222,48,4,0,-164,-2,9.51
fold2_room1_mix0222,49,1,0,-29,-3,20.88
fold2_room1_mix0222,49,4,0,-163,-2,10.26
fold2_room1_mix0222,50,1,0,-22,-3,17.11
fold2_room1_mix0222,50,4,0,-164,-3,9.63
fold2_room1_mix0222,51,1,0,-33,-3,13.45
fold2_room1_mix0222,51,4,0,-162,-3,9.33
fold2_room1_mix0222,52,1,0,-38,-3,12.13
fold2_room1_mix0222,52,4,0,-170,-2,11.52
fold2_room1_mix0222,53,4,0,-157,-4,7.39
fold2_room1_mix0222,54,1,0,-41,-4,12.65
fold2_room1_mix0222,54,4,0,-157,-4,7.27
fold2_room1_mix0222,55,1,0,-48,-4,7.83
fold2_room1_mix0222,55,4,0,-174,-4,10.68
fold2_room1_mix0222,56,1,0,-57,-5,7.52
fold2_room1_mix0222,56,4,0,-156,-5,7.17
fold2_room1_mix0222,57,1,0,-68,-6,6.59
fold2_room1_mix0222,57,4,0,-159,-5,9.38
fold2_room1_mix0222,58,4,0,-133,-10,3.74
fold2_room1_mix0222,59,1,0,-91,-6,6.27
fold2_room1_mix0222,59,4,0,-141,-8,6.95
fold2_room1_mix0222,60,1,0,-117,-6,6.24
fold2_room1_mix0222,60,4,0,-123,-11,4.06
fold2_room1_mix0222,61,1,0,-125,-5,6.73
fold2_room1_mix0222,61,4,0,-118,-12,4.06
fold2_room1_mix0222,62,1,0,-130,-5,7.46
fold2_room1_mix0222,62,4,0,-131,-9,5.49
fold2_room1_mix0222,63,1,0,-130,-5,7.01
fold2_room1_mix0222,63,4,0,-41,-8,4.90
fold2_room1_mix0222,64,4,0,-33,-7,3.78
fold2_room1_mix0222,65,1,0,-153,-4,9.59
fold2_room1_mix0222,65,4,0,-49,-9,4.78
fold2_room1_mix0222,66,1,0,-150,-4,11.55
fold2_room1_mix0222,66,4,0,-35,-7,5.75
fold2_room1_mix0222,67,1,0,-156,-3,10.48
fold2_room1_mix0222,67,4,0,-30,-6,5.12
fold2_room1_mix0222,68,1,0,-154,-3,13.59
fold2_room1_mix0222,68,4,0,-34,-6,6.55
fold2_room1_mix0222,69,4,0,-16,-4,7.56
fold2_room1_mix0222,70,1,0,-153,-4,11.27
fold2_room1_mix0222,70,4,0,-23,-4,7.86
fold2_room1_mix0222,71,1,0,-158,-3,16.37
fold2_room1_mix0222,71,4,0,-17,-3,7.58
fold2_room1_mix0222,72,1,0,-158,-3,17.55
fold2_room1_mix0222,72,4,0,-17,-4,9.48
fold2_room1_mix0222,73,1,0,-156,-3,16.13
fold2_room1_mix0222,73,4,0,-17,-4,9.01
fold2_room1_mix0222,74,1,0,-161,-3,2.81
fold2_room1_mix0222,74,4,0,-10,-2,10.77
fold2_room1_mix0222,75,4,0,-9,-2,11.01
fold2_room1_mix0222,76,4,0,-9,-2,11.84
fold2_room1_mix0222,77,4,0,-7,-2,13.13
fold2_room1_mix0222,78,4,0,-8,-2,13.75
fold2_room1_mix0222,79,4,0,-6,-2,15.50
fold2_room1_mix0222,80,4,0,-6,-2,15.64
fold2_room1_mix0222,81,4,0,-7,-2,15.94
fold2_room1_mix0222,82,4,0,-7,-2,16.14
fold2_room1_mix0222,83,4,0,-7,-1,17.22
fold2_room1_mix0222,84,4,0,-4,-1,18.31
fold2_room1_mix0222,85,4,0,-5,-2,18.66
fold2_room1_mix0222,86,4,0,-6,-1,20.10
fold2_room1_mix0222,87,4,0,-4,-1,19.11
fold2_room1_mix0222,88,4,0,-4,-1,20.58
fold2_room1_mix0222,89,4,0,-4,-1,21.70
fold2_room1_mix0222,90,4,0,-4,-1,20.94
fold2_room1_mix0222,91,4,0,-4,-1,22.90
fold2_room1_mix0222,92,4,0,-3,-1,22.52
fold2_room1_mix0222,93,4,0,-5,-1,22.62
fold2_room1_mix0222,94,4,0,-3,-1,22.41
fold2_room1_mix0222,95,4,0,-5,-1,12.15
fold2_room1_mix0222,96,4,0,-7,-1,10.42
fold2_room1_mix0222,97,4,0,-6,0,12.85
fold2_room1_mix0223,3,4,0,176,2,3.06
fold2_room1_mix0223,4,4,0,172,0,13.19
fold2_room1_mix0223,5,4,0,170,0,18.64
fold2_room1_mix0223,6,4,0,171,0,22.43
fold2_room1_mix0223,7,4,0,169,0,27.76
fold2_room1_mix0223,8,4,0,170,0,35.37
fold2_room1_mix0223,9,4,0,170,0,35.85
fold2_room1_mix0223,10,4,0,170,0,34.33
fold2_room1_mix0223,11,4,0,168,0,34.81
fold2_room1_mix0223,12,4,0,168,0,33.83
fold2_room1_mix0223,13,4,0,170,0,33.47
fold2_room1_mix0223,14,4,0,168,0,34.50
fold2_room1_mix0223,15,4,0,167,0,33.32
fold2_room1_mix0223,16,4,0,168,0,32.48
fold2_room1_mix0223,17,4,0,168,0,32.83
fold2_room1_mix0223,18,4,0,169,0,32.29
fold2_room1_mix0223,19,4,0,168,0,31.15
fold2_room1_mix0223,20,4,0,168,0,31.18
fold2_room1_mix0223,21,3,0,58,-4,5.14
fold2_room1_mix0223,21,4,0,169,0,28.21
fold2_room1_mix0223,22,3,0,-17,-3,15.76
fold2_room1_mix0223,22,4,0,166,0,24.02
fold2_room1_mix0223,23,3,0,-47,-4,11.43
fold2_room1_mix0223,23,4,0,163,0,22.48
fold2_room1_mix0223,24,3,0,-38,-4,12.29
fold2_room1_mix0223,24,4,0,165,0,22.39
fold2_room1_mix0223,25,3,0,-58,-4,13.32
fold2_room1_mix0223,25,4,0,165,0,23.90
fold2_room1_mix0223,26,3,0,-63,-4,11.67
fold2_room1_mix0223,26,4,0,166,0,21.83
fold2_room1_mix0223,27,3,0,-58,-4,11.87
fold2_room1_mix0223,27,4,0,165,0,25.60
fold2_room1_mix0223,28,3,0,-75,-3,11.82
fold2_room1_mix0223,28,4,0,162,0,22.55
fold2_room1_mix0223,29,3,0,-79,-4,10.31
fold2_room1_mix0223,29,4,0,163,0,24.60
fold2_room1_mix0223,30,3,0,-89,-5,9.61
fold2_room1_mix0223,30,4,0,163,-1,26.17
fold2_room1_mix0223,31,3,0,-87,-4,11.47
fold2_room1_mix0223,31,4,0,161,0,23.00
fold2_room1_mix0223,32,3,0,-90,-4,9.62
fold2_room1_mix0223,32,4,0,164,-1,23.52
fold2_room1_mix0223,33,3,0,-90,-5,9.27
fold2_room1_mix0223,33,4,0,163,0,23.82
fold2_room1_mix0223,34,3,0,-92,-4,10.39
fold2_room1_mix0223,34,4,0,165,0,22.48
fold2_room1_mix0223,35,3,0,-99,-4,9.42
fold2_room1_mix0223,35,4,0,171,-1,22.46
fold2_room1_mix0223,35,4,0,153,-1,20.19
fold2_room1_mix0223,36,3,0,-93,-4,8.14
fold2_room1_mix0223,36,4,0,176,-1,21.47
fold2_room1_mix0223,36,4,0,154,-1,19.47
fold2_room1_mix0223,37,3,0,-101,-5,10.59
fold2_room1_mix0223,37,4,0,164,-1,22.77
fold2_room1_mix0223,38,3,0,-91,-5,10.80
fold2_room1_mix0223,38,4,0,174,-1,21.44
fold2_room1_mix0223,38,4,0,151,-1,18.02
fold2_room1_mix0223,39,3,0,-85,-5,10.83
fold2_room1_mix0223,39,4,0,174,0,22.98
fold2_room1_mix0223,39,4,0,154,-1,19.10
fold2_room1_mix0223,40,3,0,-92,-5,11.95
fold2_room1_mix0223,40,4,0,175,0,25.16
fold2_room1_mix0223,40,4,0,155,-1,20.86
fold2_room1_mix0223,41,3,0,-95,-4,10.86
fold2_room1_mix0223,41,4,0,176,-1,22.79
fold2_room1_mix0223,41,4,0,153,-1,18.77
fold2_room1_mix0223,42,3,0,-101,-5,10.77
fold2_room1_mix0223,42,4,0,176,-1,22.03
fold2_room1_mix0223,42,4,0,153,-1,19.66
fold2_room1_mix0223,43,3,0,-86,-7,12.79
fold2_room1_mix0223,43,4,0,179,-1,23.53
fold2_room1_mix0223,43,4,0,154,-1,19.66
fold2_room1_mix0223,44,3,0,-105,-5,12.64
fold2_room1_mix0223,44,4,0,178,-1,21.31
fold2_room1_mix0223,44,4,0,152,-1,19.27
fold2_room1_mix0223,45,3,0,-103,-5,9.22
fold2_room1_mix0223,45,4,0,-177,-1,20.88
fold2_room1_mix0223,45,4,0,148,-1,19.83
fold2_room1_mix0223,46,3,0,-104,-5,9.80
fold2_room1_mix0223,46,4,0,-172,-2,18.91
fold2_room1_mix0223,46,4,0,151,-1,18.99
fold2_room1_mix0223,47,3,0,-88,-7,10.42
fold2_room1_mix0223,47,4,0,-173,-2,14.82
fold2_room1_mix0223,47,4,0,143,0,17.21
fold2_room1_mix0223,48,3,0,-112,-7,10.18
fold2_room1_mix0223,48,4,0,-172,-3,13.14
fold2_room1_mix0223,48,4,0,139,-1,15.91
fold2_room1_mix0223,49,3,0,-104,-6,9.26
fold2_room1_mix0223,49,4,0,-168,-3,12.42
fold2_room1_mix0223,49,4,0,142,0,16.72
fold2_room1_mix0223,50,3,0,-92,-5,11.25
fold2_room1_mix0223,50,4,0,-169,-4,10.13
fold2_room1_mix0223,50,4,0,138,0,17.94
fold2_room1_mix0223,51,3,0,-114,-5,11.74
fold2_room1_mix0223,51,4,0,-166,-4,8.90
fold2_room1_mix0223,51,4,0,133,-1,15.83
fold2_room1_mix0223,52,3,0,-104,-5,9.08
fold2_room1_mix0223,52,4,0,-161,-5,7.48
fold2_room1_mix0223,52,4,0,134,0,15.31
fold2_room1_mix0223,53,3,0,-107,-5,5.53
fold2_room1_mix0223,53,4,0,-157,-6,6.34
fold2_room1_mix0223,53,4,0,124,0,15.77
fold2_room1_mix0223,54,3,0,-112,-5,5.60
fold2_room1_mix0223,54,4,0,-155,-7,5.75
fold2_room1_mix0223,54,4,0,122,0,14.07
fold2_room1_mix0223,55,3,0,-130,-4,17.39
fold2_room1_mix0223,55,4,0,-157,-3,8.26
fold2_room1_mix0223,55,4,0,-141,-8,3.93
fold2_room1_mix0223,55,4,0,120,1,17.09
fold2_room1_mix0223,56,3,0,-130,-5,18.35
fold2_room1_mix0223,56,4,0,-142,-5,5.37
fold2_room1_mix0223,56,4,0,123,2,17.26
fold2_room1_mix0223,57,3,0,-118,-5,12.92
fold2_room1_mix0223,57,4,0,-136,-6,5.78
fold2_room1_mix0223,57,4,0,121,1,18.49
fold2_room1_mix0223,58,3,0,-110,-5,9.29
fold2_room1_mix0223,58,4,0,-136,-3,10.90
fold2_room1_mix0223,58,4,0,-91,-14,3.12
fold2_room1_mix0223,58,4,0,111,0,18.84
fold2_room1_mix0223,59,3,0,-127,-4,12.86
fold2_room1_mix0223,59,4,0,138,1,21.03
fold2_room1_mix0223,59,4,0,-80,-15,3.57
fold2_room1_mix0223,59,4,0,-32,-16,5.44
fold2_room1_mix0223,60,3,0,-122,-5,17.38
fold2_room1_mix0223,60,4,0,138,1,20.01
fold2_room1_mix0223,60,4,0,-97,-14,4.27
fold2_room1_mix0223,60,4,0,-17,-10,6.96
fold2_room1_mix0223,61,3,0,-137,-4,15.67
fold2_room1_mix0223,61,4,0,133,0,19.94
fold2_room1_mix0223,61,4,0,-52,-12,4.11
fold2_room1_mix0223,61,4,0,-8,-6,7.53
fold2_room1_mix0223,62,3,0,-136,-4,15.69
fold2_room1_mix0223,62,4,0,132,0,19.69
fold2_room1_mix0223,62,4,0,-55,-12,4.44
fold2_room1_mix0223,62,4,0,-16,-5,6.84
fold2_room1_mix0223,63,3,0,-135,-3,15.88
fold2_room1_mix0223,63,4,0,129,0,20.35
fold2_room1_mix0223,63,4,0,-37,-10,5.03
fold2_room1_mix0223,63,4,0,-10,-4,7.51
fold2_room1_mix0223,64,3,0,-139,-3,16.17
fold2_room1_mix0223,64,4,0,127,0,17.31
fold2_room1_mix0223,64,4,0,-32,-9,5.87
fold2_room1_mix0223,64,4,0,-1,-3,8.52
fold2_room1_mix0223,65,3,0,-149,-3,18.62
fold2_room1_mix0223,65,4,0,129,-1,15.38
fold2_room1_mix0223,65,4,0,-5,-3,8.50
fold2_room1_mix0223,66,3,0,-138,-3,17.58
fold2_room1_mix0223,66,4,0,128,-1,15.06
fold2_room1_mix0223,66,4,0,-17,-5,7.67
fold2_room1_mix0223,66,4,0,4,-2,9.34
fold2_room1_mix0223,67,3,0,-140,-3,16.22
fold2_room1_mix0223,67,4,0,128,-2,12.00
fold2_room1_mix0223,67,4,0,18,-2,9.09
fold2_room1_mix0223,67,4,0,-7,-2,9.72
fold2_room1_mix0223,68,3,0,-156,-3,16.54
fold2_room1_mix0223,68,4,0,129,-2,13.45
fold2_room1_mix0223,68,4,0,-8,-2,10.05
fold2_room1_mix0223,69,3,0,-146,-2,11.30
fold2_room1_mix0223,69,4,0,129,-2,12.51
fold2_room1_mix0223,69,4,0,-4,-1,10.65
fold2_room1_mix0223,70,3,0,-145,-2,7.05
fold2_room1_mix0223,70,4,0,120,-2,13.30
fold2_room1_mix0223,70,4,0,-21,-1,10.92
fold2_room1_mix0223,70,4,0,4,-1,11.71
fold2_room1_mix0223,71,3,0,-158,-2,5.83
fold2_room1_mix0223,71,4,0,118,-2,14.63
fold2_room1_mix0223,71,4,0,-17,0,13.73
fold2_room1_mix0223,71,4,0,1,-1,11.89
fold2_room1_mix0223,72,4,0,110,-2,15.21
fold2_room1_mix0223,72,4,0,-3,-1,13.80
fold2_room1_mix0223,73,4,0,111,-2,14.85
fold2_room1_mix0223,73,4,0,-3,-1,13.76
fold2_room1_mix0223,74,3,0,-153,-3,16.75
fold2_room1_mix0223,74,4,0,100,-3,13.36
fold2_room1_mix0223,74,4,0,-2,0,17.34
fold2_room1_mix0223,75,3,0,-157,-3,21.85
fold2_room1_mix0223,75,4,0,99,-3,12.48
fold2_room1_mix0223,75,4,0,36,0,15.88
fold2_room1_mix0223,75,4,0,-11,0,18.45
fold2_room1_mix0223,76,3,0,-149,-3,19.69
fold2_room1_mix0223,76,4,0,96,-4,12.51
fold2_room1_mix0223,76,4,0,42,0,15.24
fold2_room1_mix0223,76,4,0,-11,0,20.16
fold2_room1_mix0223,77,3,0,-163,-4,16.17
fold2_room1_mix0223,77,4,0,94,-3,12.39
fold2_room1_mix0223,77,4,0,39,0,17.69
fold2_room1_mix0223,77,4,0,-11,0,21.43
fold2_room1_mix0223,78,4,0,86,-2,13.19
fold2_room1_mix0223,78,4,0,25,0,19.59
fold2_room1_mix0223,78,4,0,-9,0,21.84
fold2_room1_mix0223,79,4,0,83,-2,13.53
fold2_room1_mix0223,79,4,0,38,2,19.01
fold2_room1_mix0223,79,4,0,-11,0,22.41
fold2_room1_mix0223,80,4,0,79,-3,12.89
fold2_room1_mix0223,80,4,0,48,0,16.15
fold2_room1_mix0223,80,4,0,-9,0,21.51
fold2_room1_mix0223,81,4,0,79,-3,13.27
fold2_room1_mix0223,81,4,0,2,0,22.88
fold2_room1_mix0223,82,4,0,74,-3,13.30
fold2_room1_mix0223,82,4,0,0,0,23.93
fold2_room1_mix0223,83,4,0,74,-3,13.36
fold2_room1_mix0223,83,4,0,-1,0,23.06
fold2_room1_mix0223,84,4,0,74,-3,13.56
fold2_room1_mix0223,84,4,0,-1,0,24.85
fold2_room1_mix0223,85,4,0,69,-3,13.37
fold2_room1_mix0223,85,4,0,0,0,26.31
fold2_room1_mix0223,86,4,0,70,-2,13.56
fold2_room1_mix0223,86,4,0,0,0,22.87
fold2_room1_mix0223,87,4,0,65,-2,12.65
fold2_room1_mix0223,87,4,0,0,0,24.47
fold2_room1_mix0223,88,4,0,61,-2,13.47
fold2_room1_mix0223,88,4,0,0,0,26.42
fold2_room1_mix0223,89,4,0,58,-2,13.52
fold2_room1_mix0223,89,4,0,2,1,25.80
fold2_room1_mix0223,90,4,0,58,-2,13.74
fold2_room1_mix0223,90,4,0,2,0,24.56
fold2_room1_mix0223,91,4,0,51,-2,13.94
fold2_room1_mix0223,91,4,0,4,1,27.97
fold2_room1_mix0223,92,4,0,51,-2,14.42
fold2_room1_mix0223,92,4,0,4,1,27.78
fold2_room1_mix0223,93,4,0,47,-2,14.48
fold2_room1_mix0223,93,4,0,2,0,28.48
fold2_room1_mix0223,94,4,0,45,-2,15.48
fold2_room1_mix0223,94,4,0,2,0,29.57
fold2_room1_mix0223,95,4,0,43,-2,15.62
fold2_room1_mix0223,95,4,0,6,1,30.40
fold2_room1_mix0223,96,4,0,41,-2,16.17
fold2_room1_mix0223,96,4,0,6,0,31.83
fold2_room1_mix0223,97,4,0,40,-2,16.70
fold2_room1_mix0223,97,4,0,7,1,33.87
fold2_room1_mix0223,98,4,0,40,-2,17.12
fold2_room1_mix0223,98,4,0,6,1,34.30
fold2_room1_mix0223,99,4,0,39,-2,15.93
fold2_room1_mix0223,99,4,0,5,0,31.62
fold2_room1_mix0224,11,2,0,141,-3,9.30
fold2_room1_mix0224,12,2,0,130,-2,10.62
fold2_room1_mix0224,13,2,0,132,-3,8.25
fold2_room1_mix0224,14,2,0,138,-2,5.16
fold2_room1_mix0224,15,4,0,12,0,13.40
fold2_room1_mix0224,16,4,0,15,0,13.05
fold2_room1_mix0224,17,4,0,17,-2,19.33
fold2_room1_mix0224,18,4,0,16,-1,15.54
fold2_room1_mix0224,19,2,0,125,-2,11.53
fold2_room1_mix0224,19,4,0,22,0,16.53
fold2_room1_mix0224,20,2,0,120,-1,13.37
fold2_room1_mix0224,20,4,0,19,-1,20.59
fold2_room1_mix0224,21,2,0,129,-1,12.47
fold2_room1_mix0224,21,4,0,14,-1,21.06
fold2_room1_mix0224,22,2,0,123,-1,12.68
fold2_room1_mix0224,22,4,0,12,-1,22.97
fold2_room1_mix0224,23,2,0,122,-1,12.44
fold2_room1_mix0224,23,4,0,15,-1,21.74
fold2_room1_mix0224,24,4,0,17,-1,18.47
fold2_room1_mix0224,25,4,0,12,-2,19.58
fold2_room1_mix0224,26,4,0,23,-2,16.95
fold2_room1_mix0224,27,4,0,26,-2,17.86
fold2_room1_mix0224,28,2,0,112,-2,8.58
fold2_room1_mix0224,28,4,0,28,-2,16.73
fold2_room1_mix0224,29,2,0,116,-2,11.87
fold2_room1_mix0224,29,4,0,20,-2,16.68
fold2_room1_mix0224,30,2,0,114,-2,13.31
fold2_room1_mix0224,30,4,0,24,-2,14.64
fold2_room1_mix0224,31,2,0,113,-2,11.69
fold2_room1_mix0224,31,4,0,30,-2,15.27
fold2_room1_mix0224,32,2,0,117,-2,11.67
fold2_room1_mix0224,32,4,0,29,-2,12.94
fold2_room1_mix0224,33,4,0,34,-2,14.01
fold2_room1_mix0224,34,4,0,29,-3,10.84
fold2_room1_mix0224,35,4,0,33,-3,11.16
fold2_room1_mix0224,36,4,0,39,-3,10.12
fold2_room1_mix0224,37,4,0,44,-3,10.46
fold2_room1_mix0224,38,2,0,112,-2,11.29
fold2_room1_mix0224,38,4,0,49,-2,9.81
fold2_room1_mix0224,39,2,0,114,-2,12.37
fold2_room1_mix0224,39,4,0,47,-2,9.76
fold2_room1_mix0224,40,2,0,113,-2,11.22
fold2_room1_mix0224,40,4,0,49,-3,8.79
fold2_room1_mix0224,41,2,0,113,-2,12.15
fold2_room1_mix0224,41,4,0,59,-4,8.51
fold2_room1_mix0224,41,4,0,42,-3,10.88
fold2_room1_mix0224,42,2,0,113,-2,9.40
fold2_room1_mix0224,42,4,0,55,-4,8.67
fold2_room1_mix0224,43,4,0,64,-4,7.47
fold2_room1_mix0224,43,4,0,29,-1,15.54
fold2_room1_mix0224,44,4,0,71,-6,6.26
fold2_room1_mix0224,44,4,0,43,-4,9.82
fold2_room1_mix0224,45,4,0,73,-6,6.17
fold2_room1_mix0224,45,4,0,38,-2,14.43
fold2_room1_mix0224,46,4,0,85,-6,6.97
fold2_room1_mix0224,46,4,0,34,-1,17.95
fold2_room1_mix0224,47,2,0,111,-2,10.39
fold2_room1_mix0224,47,4,0,82,-5,6.87
fold2_room1_mix0224,47,4,0,48,-1,13.65
fold2_room1_mix0224,48,2,0,115,-2,11.37
fold2_room1_mix0224,48,4,0,95,-5,6.77
fold2_room1_mix0224,48,4,0,19,0,17.36
fold2_room1_mix0224,49,2,0,112,-2,12.01
fold2_room1_mix0224,49,4,0,109,-4,7.89
fold2_room1_mix0224,49,4,0,23,-1,15.89
fold2_room1_mix0224,50,2,0,114,-2,10.40
fold2_room1_mix0224,50,4,0,121,-5,8.90
fold2_room1_mix0224,50,4,0,105,-4,8.05
fold2_room1_mix0224,50,4,0,20,-2,14.51
fold2_room1_mix0224,51,2,0,116,-2,10.20
fold2_room1_mix0224,51,4,0,131,-5,9.67
fold2_room1_mix0224,51,4,0,113,-4,8.16
fold2_room1_mix0224,51,4,0,24,-2,13.77
fold2_room1_mix0224,52,4,0,130,-3,9.03
fold2_room1_mix0224,52,4,0,17,-2,14.33
fold2_room1_mix0224,53,4,0,134,-3,9.86
fold2_room1_mix0224,53,4,0,16,-2,13.02
fold2_room1_mix0224,54,4,0,139,-3,10.80
fold2_room1_mix0224,54,4,0,15,-2,13.89
fold2_room1_mix0224,55,4,0,140,-2,11.74
fold2_room1_mix0224,55,4,0,10,-1,15.35
fold2_room1_mix0224,56,4,0,147,-2,11.69
fold2_room1_mix0224,56,4,0,12,-1,14.42
fold2_room1_mix0224,57,2,0,117,-3,8.27
fold2_room1_mix0224,57,4,0,144,-1,13.16
fold2_room1_mix0224,57,4,0,18,-2,11.66
fold2_room1_mix0224,58,2,0,110,-3,7.02
fold2_room1_mix0224,58,4,0,148,-1,13.45
fold2_room1_mix0224,58,4,0,16,-2,11.41
fold2_room1_mix0224,59,4,0,153,-2,14.01
fold2_room1_mix0224,59,4,0,13,-3,11.52
fold2_room1_mix0224,60,4,0,151,-1,13.94
fold2_room1_mix0224,60,4,0,13,-3,10.67
fold2_room1_mix0224,61,4,0,153,-1,13.73
fold2_room1_mix0224,61,4,0,10,-2,11.36
fold2_room1_mix0224,62,4,0,152,0,14.68
fold2_room1_mix0224,62,4,0,9,-3,10.42
fold2_room1_mix0224,63,4,0,153,-1,14.02
fold2_room1_mix0224,63,4,0,11,-3,10.26
fold2_room1_mix0224,64,4,0,152,-1,14.29
fold2_room1_mix0224,64,4,0,9,-4,9.04
fold2_room1_mix0224,65,4,0,149,-1,13.99
fold2_room1_mix0224,65,4,0,11,-4,8.81
fold2_room1_mix0224,66,4,0,150,-2,12.98
fold2_room1_mix0224,66,4,0,9,-5,7.70
fold2_room1_mix0224,67,4,0,152,-1,12.87
fold2_room1_mix0224,67,4,0,10,-5,6.73
fold2_room1_mix0224,68,4,0,150,0,14.29
fold2_room1_mix0224,68,4,0,10,-6,5.76
fold2_room1_mix0224,69,4,0,154,0,15.14
fold2_room1_mix0224,69,4,0,13,-7,5.08
fold2_room1_mix0224,70,4,0,151,0,16.58
fold2_room1_mix0224,70,4,0,13,-8,4.12
fold2_room1_mix0224,71,4,0,143,0,16.23
fold2_room1_mix0224,71,4,0,17,-9,3.61
fold2_room1_mix0224,72,4,0,147,0,21.89
fold2_room1_mix0224,72,4,0,22,-12,2.65
fold2_room1_mix0224,73,4,0,147,0,23.20
fold2_room1_mix0224,73,4,0,30,-16,1.68
fold2_room1_mix0224,74,4,0,133,-12,8.45
fold2_room1_mix0224,74,4,0,60,-27,0.74
fold2_room1_mix0224,75,4,0,152,-4,12.13
fold2_room1_mix0224,75,4,0,118,-25,1.11
fold2_room1_mix0224,76,4,0,155,-3,10.02
fold2_room1_mix0224,76,4,0,140,-16,1.84
fold2_room1_mix0224,77,4,0,159,-7,4.90
fold2_room1_mix0224,78,4,0,160,-5,5.13
fold2_room1_mix0224,79,4,0,162,-4,6.19
fold2_room1_mix0224,80,4,0,167,-4,5.91
fold2_room1_mix0224,81,4,0,168,-3,6.55
fold2_room1_mix0224,82,4,0,168,-2,7.38
fold2_room1_mix0224,83,4,0,171,-3,7.91
fold2_room1_mix0224,84,4,0,172,-3,8.64
fold2_room1_mix0224,85,4,0,172,-2,9.40
fold2_room1_mix0224,86,4,0,172,-2,9.49
fold2_room1_mix0224,87,4,0,173,-2,10.14
fold2_room1_mix0224,88,4,0,173,-2,10.74
fold2_room1_mix0224,89,4,0,173,-2,12.05
fold2_room1_mix0224,90,4,0,174,-2,12.17
fold2_room1_mix0224,91,4,0,175,-2,12.76
fold2_room1_mix0224,92,4,0,174,-2,12.58
fold2_room1_mix0224,93,4,0,175,-1,13.85
fold2_room1_mix0224,94,4,0,174,-1,14.64
fold2_room1_mix0224,95,4,0,174,-1,15.06
fold2_room1_mix0224,96,4,0,174,-1,15.04
fold2_room1_mix0224,97,4,0,175,-1,16.28
fold2_room1_mix0224,98,4,0,175,-1,16.48
fold2_room1_mix0224,99,4,0,175,-1,16.66
fold2_room1_mix0225,4,3,0,-23,-2,9.15
fold2_room1_mix0225,4,4,0,175,0,3.04
fold2_room1_mix0225,4,4,0,2,0,2.76
fold2_room1_mix0225,5,3,0,-32,-2,11.45
fold2_room1_mix0225,5,4,0,177,0,10.57
fold2_room1_mix0225,5,4,0,4,0,10.77
fold2_room1_mix0225,6,3,0,-32,-1,12.62
fold2_room1_mix0225,6,4,0,176,0,10.18
fold2_room1_mix0225,6,4,0,5,0,9.51
fold2_room1_mix0225,7,3,0,-28,-1,10.59
fold2_room1_mix0225,7,4,0,179,0,11.60
fold2_room1_mix0225,7,4,0,5,0,12.16
fold2_room1_mix0225,8,3,0,-29,-1,10.40
fold2_room1_mix0225,8,4,0,178,0,20.04
fold2_room1_mix0225,8,4,0,4,0,19.51
fold2_room1_mix0225,9,3,0,-25,-1,6.46
fold2_room1_mix0225,9,4,0,179,0,27.21
fold2_room1_mix0225,9,4,0,6,0,26.77
fold2_room1_mix0225,10,4,0,-179,0,29.31
fold2_room1_mix0225,10,4,0,5,0,28.54
fold2_room1_mix0225,11,3,0,-28,-1,12.84
fold2_room1_mix0225,11,4,0,-179,-1,24.39
fold2_room1_mix0225,11,4,0,5,0,23.14
fold2_room1_mix0225,12,3,0,-28,-1,11.50
fold2_room1_mix0225,12,4,0,-179,0,25.43
fold2_room1_mix0225,12,4,0,4,0,23.74
fold2_room1_mix0225,13,3,0,-28,-1,11.41
fold2_room1_mix0225,13,4,0,178,0,24.00
fold2_room1_mix0225,13,4,0,4,0,21.54
fold2_room1_mix0225,14,3,0,-27,-1,11.69
fold2_room1_mix0225,14,4,0,178,-1,23.29
fold2_room1_mix0225,14,4,0,4,0,22.43
fold2_room1_mix0225,15,3,0,-30,-2,11.48
fold2_room1_mix0225,15,4,0,-179,-1,24.35
fold2_room1_mix0225,15,4,0,4,0,23.01
fold2_room1_mix0225,16,3,0,-31,-2,11.55
fold2_room1_mix0225,16,4,0,178,-1,22.26
fold2_room1_mix0225,16,4,0,3,0,20.54
fold2_room1_mix0225,17,3,0,-30,-1,10.11
fold2_room1_mix0225,17,4,0,179,-1,24.53
fold2_room1_mix0225,17,4,0,2,0,23.78
fold2_room1_mix0225,18,3,0,-31,-1,8.27
fold2_room1_mix0225,18,4,0,179,-1,25.27
fold2_room1_mix0225,18,4,0,3,0,25.20
fold2_room1_mix0225,19,3,0,-28,-2,5.75
fold2_room1_mix0225,19,4,0,-178,-1,27.92
fold2_room1_mix0225,19,4,0,1,0,29.40
fold2_room1_mix0225,20,4,0,178,0,32.47
fold2_room1_mix0225,20,4,0,0,0,30.31
fold2_room1_mix0225,21,3,0,-29,-2,13.01
fold2_room1_mix0225,21,4,0,179,-1,24.40
fold2_room1_mix0225,21,4,0,4,0,23.71
fold2_room1_mix0225,22,3,0,-26,-2,13.48
fold2_room1_mix0225,22,4,0,-179,-1,22.30
fold2_room1_mix0225,22,4,0,3,0,21.62
fold2_room1_mix0225,23,3,0,-32,-2,11.02
fold2_room1_mix0225,23,4,0,179,-1,23.73
fold2_room1_mix0225,23,4,0,3,0,22.55
fold2_room1_mix0225,24,3,0,-30,-2,11.28
fold2_room1_mix0225,24,4,0,177,-1,22.41
fold2_room1_mix0225,24,4,0,3,0,22.04
fold2_room1_mix0225,25,3,0,-30,-2,11.14
fold2_room1_mix0225,25,4,0,179,-2,22.45
fold2_room1_mix0225,25,4,0,2,0,21.76
fold2_room1_mix0225,26,3,0,-34,-2,11.28
fold2_room1_mix0225,26,4,0,178,-1,22.72
fold2_room1_mix0225,26,4,0,3,0,22.35
fold2_room1_mix0225,27,3,0,-33,-2,9.20
fold2_room1_mix0225,27,4,0,177,-2,23.26
fold2_room1_mix0225,27,4,0,2,0,23.68
fold2_room1_mix0225,28,3,0,-23,-1,3.63
fold2_room1_mix0225,28,4,0,178,-1,28.88
fold2_room1_mix0225,28,4,0,1,0,28.76
fold2_room1_mix0225,29,4,0,179,0,35.37
fold2_room1_mix0225,29,4,0,0,0,32.55
fold2_room1_mix0225,30,3,0,-34,-2,6.78
fold2_room1_mix0225,30,4,0,179,0,29.74
fold2_room1_mix0225,30,4,0,0,0,31.25
fold2_room1_mix0225,31,3,0,-32,-2,11.14
fold2_room1_mix0225,31,4,0,-179,-1,28.55
fold2_room1_mix0225,31,4,0,1,0,31.21
fold2_room1_mix0225,32,3,0,-33,-2,12.26
fold2_room1_mix0225,32,4,0,179,-1,22.22
fold2_room1_mix0225,32,4,0,1,0,23.44
fold2_room1_mix0225,33,3,0,-38,-2,9.62
fold2_room1_mix0225,33,4,0,179,-1,26.54
fold2_room1_mix0225,33,4,0,0,0,26.20
fold2_room1_mix0225,34,3,0,-29,-2,9.20
fold2_room1_mix0225,34,4,0,178,-1,26.35
fold2_room1_mix0225,34,4,0,1,0,26.75
fold2_room1_mix0225,35,3,0,-36,-2,10.02
fold2_room1_mix0225,35,4,0,178,-1,25.50
fold2_room1_mix0225,35,4,0,1,0,26.14
fold2_room1_mix0225,36,3,0,-35,-2,10.08
fold2_room1_mix0225,36,4,0,178,-1,25.48
fold2_room1_mix0225,36,4,0,1,0,25.38
fold2_room1_mix0225,37,3,0,-36,-2,8.41
fold2_room1_mix0225,37,4,0,177,-1,25.38
fold2_room1_mix0225,37,4,0,1,0,25.12
fold2_room1_mix0225,38,3,0,-26,-1,3.21
fold2_room1_mix0225,38,4,0,-179,0,35.01
fold2_room1_mix0225,38,4,0,0,0,33.77
fold2_room1_mix0225,39,4,0,179,0,34.64
fold2_room1_mix0225,39,4,0,-1,0,33.22
fold2_room1_mix0225,40,3,0,-43,-3,7.57
fold2_room1_mix0225,40,4,0,178,-1,31.54
fold2_room1_mix0225,40,4,0,0,0,31.80
fold2_room1_mix0225,41,3,0,-42,-3,10.10
fold2_room1_mix0225,41,4,0,179,-1,28.62
fold2_room1_mix0225,41,4,0,0,0,31.78
fold2_room1_mix0225,42,3,0,-44,-3,10.30
fold2_room1_mix0225,42,4,0,179,-1,27.29
fold2_room1_mix0225,42,4,0,0,0,28.44
fold2_room1_mix0225,43,3,0,-43,-3,8.69
fold2_room1_mix0225,43,4,0,178,-1,28.90
fold2_room1_mix0225,43,4,0,1,0,30.35
fold2_room1_mix0225,44,3,0,-45,-3,7.17
fold2_room1_mix0225,44,4,0,179,-1,28.78
fold2_room1_mix0225,44,4,0,0,0,30.07
fold2_room1_mix0225,45,3,0,-45,-3,7.84
fold2_room1_mix0225,45,4,0,-179,-1,29.28
fold2_room1_mix0225,45,4,0,0,0,29.25
fold2_room1_mix0225,46,3,0,-48,-3,8.20
fold2_room1_mix0225,46,4,0,178,-1,28.41
fold2_room1_mix0225,46,4,0,2,0,28.39
fold2_room1_mix0225,47,3,0,-45,-3,7.22
fold2_room1_mix0225,47,4,0,177,-1,27.20
fold2_room1_mix0225,47,4,0,0,0,27.76
fold2_room1_mix0225,48,3,0,-55,-3,4.66
fold2_room1_mix0225,48,4,0,-179,-1,25.83
fold2_room1_mix0225,48,4,0,-1,0,27.48
fold2_room1_mix0225,49,4,0,178,0,33.37
fold2_room1_mix0225,49,4,0,0,0,29.93
fold2_room1_mix0225,50,3,0,-50,-4,6.08
fold2_room1_mix0225,50,4,0,177,-1,31.46
fold2_room1_mix0225,50,4,0,1,0,30.96
fold2_room1_mix0225,51,3,0,-54,-4,8.04
fold2_room1_mix0225,51,4,0,178,-1,27.46
fold2_room1_mix0225,51,4,0,1,0,28.19
fold2_room1_mix0225,52,3,0,-56,-4,8.07
fold2_room1_mix0225,52,4,0,178,-1,26.27
fold2_room1_mix0225,52,4,0,0,0,26.92
fold2_room1_mix0225,53,3,0,-56,-4,6.51
fold2_room1_mix0225,53,4,0,176,-1,29.98
fold2_room1_mix0225,53,4,0,0,0,28.48
fold2_room1_mix0225,54,3,0,-56,-5,5.95
fold2_room1_mix0225,54,4,0,179,-1,26.88
fold2_room1_mix0225,54,4,0,-1,0,25.48
fold2_room1_mix0225,55,3,0,-58,-5,7.33
fold2_room1_mix0225,55,4,0,178,-1,25.92
fold2_room1_mix0225,55,4,0,0,0,23.78
fold2_room1_mix0225,56,3,0,-65,-5,6.74
fold2_room1_mix0225,56,4,0,176,-1,26.24
fold2_room1_mix0225,56,4,0,-1,0,22.15
fold2_room1_mix0225,57,3,0,-66,-5,6.03
fold2_room1_mix0225,57,4,0,178,-1,25.25
fold2_room1_mix0225,57,4,0,0,0,22.18
fold2_room1_mix0225,58,3,0,-73,-5,5.80
fold2_room1_mix0225,58,4,0,179,-1,21.02
fold2_room1_mix0225,58,4,0,-1,0,20.51
fold2_room1_mix0225,59,4,0,177,-1,27.11
fold2_room1_mix0225,59,4,0,0,-1,22.08
fold2_room1_mix0225,60,3,0,-66,-5,7.08
fold2_room1_mix0225,60,4,0,177,-1,26.04
fold2_room1_mix0225,60,4,0,0,-1,22.94
fold2_room1_mix0225,61,3,0,-83,-6,7.26
fold2_room1_mix0225,61,4,0,-179,-1,23.43
fold2_room1_mix0225,61,4,0,-1,-1,20.64
fold2_room1_mix0225,62,3,0,-82,-6,6.60
fold2_room1_mix0225,62,4,0,-179,-2,20.85
fold2_room1_mix0225,62,4,0,0,-1,19.40
fold2_room1_mix0225,63,4,0,-179,-1,23.13
fold2_room1_mix0225,63,4,0,0,-1,19.28
fold2_room1_mix0225,64,4,0,179,-2,20.37
fold2_room1_mix0225,64,4,0,-1,-2,18.40
fold2_room1_mix0225,65,4,0,-179,-2,20.32
fold2_room1_mix0225,65,4,0,0,-2,17.93
fold2_room1_mix0225,66,4,0,176,-2,18.98
fold2_room1_mix0225,66,4,0,-1,-2,14.78
fold2_room1_mix0225,67,4,0,178,-2,18.31
fold2_room1_mix0225,67,4,0,0,-2,15.62
fold2_room1_mix0225,68,4,0,174,-2,18.50
fold2_room1_mix0225,68,4,0,0,-2,14.25
fold2_room1_mix0225,69,4,0,174,-2,18.52
fold2_room1_mix0225,69,4,0,-1,-2,13.73
fold2_room1_mix0225,70,4,0,171,-2,17.68
fold2_room1_mix0225,70,4,0,-1,-2,13.47
fold2_room1_mix0225,71,4,0,171,-2,16.40
fold2_room1_mix0225,71,4,0,0,-2,12.02
fold2_room1_mix0225,72,4,0,170,-2,14.64
fold2_room1_mix0225,72,4,0,0,-3,11.25
fold2_room1_mix0225,73,4,0,168,-3,13.27
fold2_room1_mix0225,73,4,0,0,-4,9.54
fold2_room1_mix0225,74,4,0,168,-3,11.62
fold2_room1_mix0225,74,4,0,-1,-4,8.34
fold2_room1_mix0225,75,4,0,167,-3,11.81
fold2_room1_mix0225,75,4,0,-1,-5,8.13
fold2_room1_mix0225,76,4,0,165,-4,9.35
fold2_room1_mix0225,76,4,0,0,-5,7.02
fold2_room1_mix0225,77,4,0,167,-5,8.63
fold2_room1_mix0225,77,4,0,0,-7,6.13
fold2_room1_mix0225,78,4,0,165,-6,7.62
fold2_room1_mix0225,78,4,0,-4,-7,5.66
fold2_room1_mix0225,79,4,0,159,-7,6.09
fold2_room1_mix0225,79,4,0,-3,-7,4.92
fold2_room1_mix0225,80,4,0,154,-9,4.40
fold2_room1_mix0225,80,4,0,-7,-9,4.00
fold2_room1_mix0225,81,4,0,148,-10,4.10
fold2_room1_mix0225,81,4,0,-1,-11,3.41
fold2_room1_mix0225,82,4,0,140,-13,2.97
fold2_room1_mix0225,82,4,0,-4,-12,3.12
fold2_room1_mix0225,83,4,0,135,-12,3.21
fold2_room1_mix0225,83,4,0,-10,-11,2.73
fold2_room1_mix0225,84,4,0,126,-12,3.53
fold2_room1_mix0225,84,4,0,-30,-13,1.96
fold2_room1_mix0225,85,3,0,-113,-4,4.39
fold2_room1_mix0225,85,4,0,153,-19,3.32
fold2_room1_mix0225,85,4,0,-56,-21,1.30
fold2_room1_mix0225,85,4,0,-36,-23,2.10
fold2_room1_mix0225,86,4,0,-151,-20,2.42
fold2_room1_mix0225,86,4,0,-49,-23,2.05
fold2_room1_mix0225,86,4,0,27,-18,2.35
fold2_room1_mix0225,87,4,0,-157,-13,2.80
fold2_room1_mix0225,87,4,0,27,-14,3.65
fold2_room1_mix0225,88,4,0,-159,-10,3.55
fold2_room1_mix0225,88,4,0,6,-10,3.72
fold2_room1_mix0225,89,4,0,-165,-7,4.28
fold2_room1_mix0225,89,4,0,6,-6,4.82
fold2_room1_mix0225,90,4,0,-161,-7,4.56
fold2_room1_mix0225,90,4,0,7,-6,5.48
fold2_room1_mix0225,91,4,0,-164,-4,5.80
fold2_room1_mix0225,91,4,0,3,-5,6.32
fold2_room1_mix0225,92,4,0,-168,-4,6.00
fold2_room1_mix0225,92,4,0,9,-3,7.42
fold2_room1_mix0225,93,4,0,-170,-4,6.43
fold2_room1_mix0225,93,4,0,7,-3,7.92
fold2_room1_mix0225,94,4,0,-169,-4,7.40
fold2_room1_mix0225,94,4,0,10,-3,8.53
fold2_room1_mix0225,95,4,0,-170,-3,8.82
fold2_room1_mix0225,95,4,0,7,-3,9.64
fold2_room1_mix0225,96,4,0,-171,-3,8.87
fold2_room1_mix0225,96,4,0,5,-3,10.17
fold2_room1_mix0225,97,4,0,-172,-2,10.30
fold2_room1_mix0225,97,4,0,5,-2,11.40
fold2_room1_mix0225,98,4,0,-174,-2,11.52
fold2_room1_mix0225,98,4,0,5,-2,12.42
fold2_room1_mix0225,99,4,0,-175,-2,10.68
fold2_room1_mix0225,99,4,0,4,-2,12.62
fold2_room1_mix0226,4,4,0,0,0,13.46
fold2_room1_mix0226,5,4,0,-4,-1,12.31
fold2_room1_mix0226,6,4,0,-4,-1,18.94
fold2_room1_mix0226,7,4,0,0,-1,28.00
fold2_room1_mix0226,8,4,0,1,-1,26.77
fold2_room1_mix0226,9,4,0,-1,-1,28.05
fold2_room1_mix0226,10,4,0,0,-1,26.96
fold2_room1_mix0226,11,4,0,0,-1,26.09
fold2_room1_mix0226,12,4,0,-1,-1,26.52
fold2_room1_mix0226,13,4,0,0,-1,23.40
fold2_room1_mix0226,14,4,0,0,-1,23.95
fold2_room1_mix0226,15,4,0,0,-1,23.43
fold2_room1_mix0226,16,4,0,0,-1,21.91
fold2_room1_mix0226,17,4,0,0,-1,22.76
fold2_room1_mix0226,18,4,0,1,-1,20.81
fold2_room1_mix0226,19,4,0,0,-1,21.69
fold2_room1_mix0226,20,4,0,1,-1,22.33
fold2_room1_mix0226,21,4,0,0,-1,21.56
fold2_room1_mix0226,22,4,0,2,-1,21.09
fold2_room1_mix0226,23,4,0,0,-2,19.65
fold2_room1_mix0226,24,4,0,2,-1,18.41
fold2_room1_mix0226,25,4,0,0,-2,18.77
fold2_room1_mix0226,26,4,0,0,-2,18.06
fold2_room1_mix0226,27,4,0,1,-2,17.78
fold2_room1_mix0226,28,4,0,0,-2,17.34
fold2_room1_mix0226,29,4,0,-1,-2,15.37
fold2_room1_mix0226,30,4,0,-2,-3,15.00
fold2_room1_mix0226,31,4,0,-1,-2,14.71
fold2_room1_mix0226,32,4,0,-1,-2,14.04
fold2_room1_mix0226,33,4,0,-1,-2,14.48
fold2_room1_mix0226,34,4,0,-2,-2,13.25
fold2_room1_mix0226,35,4,0,0,-2,13.02
fold2_room1_mix0226,36,4,0,0,-2,13.77
fold2_room1_mix0226,37,4,0,-1,-2,13.01
fold2_room1_mix0226,38,4,0,-1,-3,12.68
fold2_room1_mix0226,39,4,0,0,-2,12.77
fold2_room1_mix0226,40,4,0,1,-2,11.88
fold2_room1_mix0226,41,4,0,0,-3,11.62
fold2_room1_mix0226,42,4,0,0,-3,10.46
fold2_room1_mix0226,43,4,0,0,-3,10.33
fold2_room1_mix0226,44,4,0,-1,-3,9.87
fold2_room1_mix0226,45,4,0,-3,-3,9.53
fold2_room1_mix0226,46,4,0,-2,-4,9.34
fold2_room1_mix0226,47,4,0,-2,-4,8.94
fold2_room1_mix0226,48,4,0,-3,-4,8.11
fold2_room1_mix0226,49,4,0,-2,-4,7.75
fold2_room1_mix0226,50,4,0,-3,-5,6.86
fold2_room1_mix0226,51,4,0,-3,-4,6.79
fold2_room1_mix0226,52,4,0,-3,-4,6.63
fold2_room1_mix0226,53,4,0,-3,-5,6.24
fold2_room1_mix0226,54,4,0,-4,-5,5.60
fold2_room1_mix0226,55,4,0,-3,-6,5.23
fold2_room1_mix0226,56,4,0,-4,-6,5.06
fold2_room1_mix0226,57,4,0,-6,-6,4.57
fold2_room1_mix0226,58,4,0,-5,-7,4.14
fold2_room1_mix0226,59,4,0,-7,-8,3.84
fold2_room1_mix0226,60,4,0,-6,-8,3.65
fold2_room1_mix0226,61,4,0,-9,-10,3.01
fold2_room1_mix0226,62,4,0,-9,-10,2.92
fold2_room1_mix0226,63,4,0,-11,-11,2.62
fold2_room1_mix0226,64,4,0,-14,-13,2.14
fold2_room1_mix0226,65,4,0,-19,-15,1.93
fold2_room1_mix0226,66,4,0,-25,-19,1.50
fold2_room1_mix0226,67,4,0,-36,-25,1.00
fold2_room1_mix0226,68,4,0,-53,-37,0.91
fold2_room1_mix0226,69,4,0,-99,-43,0.84
fold2_room1_mix0226,70,4,0,-133,-33,1.00
fold2_room1_mix0226,71,4,0,-148,-24,1.24
fold2_room1_mix0226,72,4,0,-156,-18,1.72
fold2_room1_mix0226,73,4,0,-160,-17,2.13
fold2_room1_mix0226,74,4,0,-162,-13,2.19
fold2_room1_mix0226,75,4,0,-165,-12,2.64
fold2_room1_mix0226,76,4,0,-167,-10,3.10
fold2_room1_mix0226,77,4,0,-168,-9,3.08
fold2_room1_mix0226,78,4,0,-170,-8,3.56
fold2_room1_mix0226,79,4,0,-171,-7,4.01
fold2_room1_mix0226,80,4,0,-171,-7,4.09
fold2_room1_mix0226,81,4,0,-172,-6,4.70
fold2_room1_mix0226,82,4,0,-172,-6,4.88
fold2_room1_mix0226,83,4,0,-172,-5,5.48
fold2_room1_mix0226,84,4,0,-172,-5,5.99
fold2_room1_mix0226,85,4,0,-173,-5,6.22
fold2_room1_mix0226,86,4,0,-173,-5,6.63
fold2_room1_mix0226,87,4,0,-174,-4,7.25
fold2_room1_mix0226,88,4,0,-176,-4,7.60
fold2_room1_mix0226,89,4,0,-175,-3,8.28
fold2_room1_mix0226,90,4,0,-176,-3,8.75
fold2_room1_mix0226,91,4,0,-176,-3,9.09
fold2_room1_mix0226,92,4,0,-176,-3,9.35
fold2_room1_mix0226,93,4,0,-175,-3,9.82
fold2_room1_mix0226,94,4,0,-176,-2,10.38
fold2_room1_mix0226,95,4,0,-175,-3,10.51
fold2_room1_mix0226,96,4,0,-176,-2,11.05
fold2_room1_mix0226,97,4,0,-176,-2,11.47
fold2_room1_mix0226,98,4,0,-176,-2,11.25
fold2_room1_mix0226,99,4,0,-177,-2,11.66
fold2_room1_mix0226,3,4,0,-5,0,2.33
fold2_room1_mix0227,4,4,0,-169,0,2.56
fold2_room1_mix0227,5,4,0,-168,-1,5.23
fold2_room1_mix0227,6,4,0,-172,0,12.45
fold2_room1_mix0227,7,4,0,-167,0,11.33
fold2_room1_mix0227,9,4,0,-172,-1,17.73
fold2_room1_mix0227,10,4,0,-171,0,7.43
fold2_room1_mix0227,11,4,0,-169,0,13.10
fold2_room1_mix0227,12,4,0,-163,0,15.75
fold2_room1_mix0227,13,4,0,-164,-1,17.49
fold2_room1_mix0227,14,4,0,-168,0,20.05
fold2_room1_mix0227,15,4,0,-163,0,18.76
fold2_room1_mix0227,16,4,0,-159,-1,19.43
fold2_room1_mix0227,17,4,0,-161,-1,18.46
fold2_room1_mix0227,18,4,0,-164,-1,16.82
fold2_room1_mix0227,19,4,0,-160,-1,15.71
fold2_room1_mix0227,20,4,0,-159,-1,17.99
fold2_room1_mix0227,21,4,0,-160,-1,17.89
fold2_room1_mix0227,22,4,0,-157,-1,18.31
fold2_room1_mix0227,23,4,0,-159,-1,14.21
fold2_room1_mix0227,24,4,0,-157,-1,17.21
fold2_room1_mix0227,25,4,0,-160,-1,16.32
fold2_room1_mix0227,26,4,0,-158,-1,15.71
fold2_room1_mix0227,27,4,0,-159,-2,15.47
fold2_room1_mix0227,28,4,0,-160,-2,13.53
fold2_room1_mix0227,29,4,0,-163,-2,12.62
fold2_room1_mix0227,30,4,0,-161,-2,12.79
fold2_room1_mix0227,31,4,0,-159,-2,13.43
fold2_room1_mix0227,32,4,0,-162,-2,12.62
fold2_room1_mix0227,33,4,0,-162,-2,13.16
fold2_room1_mix0227,34,4,0,-161,-2,12.80
fold2_room1_mix0227,35,4,0,-161,-2,12.46
fold2_room1_mix0227,36,4,0,-160,-2,11.95
fold2_room1_mix0227,37,4,0,-160,-2,12.29
fold2_room1_mix0227,38,4,0,-156,-2,11.92
fold2_room1_mix0227,39,4,0,-158,-2,12.13
fold2_room1_mix0227,40,4,0,-155,-2,11.57
fold2_room1_mix0227,41,4,0,-159,-2,12.30
fold2_room1_mix0227,42,4,0,-156,-2,11.41
fold2_room1_mix0227,43,4,0,-157,-2,11.21
fold2_room1_mix0227,44,4,0,-155,-2,11.01
fold2_room1_mix0227,45,4,0,-155,-2,11.08
fold2_room1_mix0227,46,4,0,-155,-2,10.82
fold2_room1_mix0227,47,4,0,-153,-2,10.55
fold2_room1_mix0227,48,4,0,-154,-2,10.55
fold2_room1_mix0227,49,4,0,-151,-2,9.87
fold2_room1_mix0227,50,4,0,-153,-3,9.33
fold2_room1_mix0227,51,4,0,-149,-3,9.83
fold2_room1_mix0227,52,4,0,-148,-3,9.27
fold2_room1_mix0227,53,4,0,-148,-2,9.62
fold2_room1_mix0227,54,4,0,-147,-2,10.02
fold2_room1_mix0227,55,4,0,-146,-2,10.16
fold2_room1_mix0227,56,4,0,-142,-4,8.45
fold2_room1_mix0227,57,4,0,-143,-3,9.35
fold2_room1_mix0227,58,4,0,-137,-3,8.81
fold2_room1_mix0227,59,4,0,-138,-3,9.22
fold2_room1_mix0227,60,4,0,-141,-3,8.28
fold2_room1_mix0227,60,4,0,-90,-3,12.33
fold2_room1_mix0227,61,4,0,-139,-3,8.23
fold2_room1_mix0227,61,4,0,-42,-1,16.79
fold2_room1_mix0227,62,4,0,-138,-3,7.73
fold2_room1_mix0227,62,4,0,-22,0,21.34
fold2_room1_mix0227,63,4,0,-135,-3,8.98
fold2_room1_mix0227,63,4,0,-63,-1,16.07
fold2_room1_mix0227,64,4,0,-135,-3,8.17
fold2_room1_mix0227,64,4,0,-30,0,19.00
fold2_room1_mix0227,65,4,0,-134,-3,8.58
fold2_room1_mix0227,65,4,0,-29,0,22.24
fold2_room1_mix0227,66,4,0,-133,-3,7.41
fold2_room1_mix0227,66,4,0,-16,0,25.41
fold2_room1_mix0227,67,4,0,-132,-3,7.95
fold2_room1_mix0227,67,4,0,-19,0,22.47
fold2_room1_mix0227,68,4,0,-135,-2,7.78
fold2_room1_mix0227,68,4,0,-68,-4,10.22
fold2_room1_mix0227,68,4,0,-18,0,21.96
fold2_room1_mix0227,69,4,0,-135,-3,7.24
fold2_room1_mix0227,69,4,0,-9,-1,16.15
fold2_room1_mix0227,70,4,0,-131,-3,7.10
fold2_room1_mix0227,70,4,0,-10,-2,14.94
fold2_room1_mix0227,71,4,0,-131,-3,7.46
fold2_room1_mix0227,71,4,0,-8,-2,14.40
fold2_room1_mix0227,72,4,0,-130,-4,7.57
fold2_room1_mix0227,72,4,0,-8,-2,13.79
fold2_room1_mix0227,73,4,0,-122,-4,6.89
fold2_room1_mix0227,73,4,0,-3,-3,11.76
fold2_room1_mix0227,74,4,0,-124,-4,7.24
fold2_room1_mix0227,74,4,0,-10,-3,11.71
fold2_room1_mix0227,75,4,0,-120,-4,6.83
fold2_room1_mix0227,75,4,0,-7,-4,10.58
fold2_room1_mix0227,76,4,0,-113,-5,5.98
fold2_room1_mix0227,76,4,0,-5,-4,9.15
fold2_room1_mix0227,77,4,0,-108,-5,6.41
fold2_room1_mix0227,77,4,0,-6,-5,8.72
fold2_room1_mix0227,78,4,0,-104,-6,5.75
fold2_room1_mix0227,78,4,0,-9,-5,8.61
fold2_room1_mix0227,79,4,0,-100,-6,5.22
fold2_room1_mix0227,79,4,0,-5,-5,7.52
fold2_room1_mix0227,80,4,0,-96,-5,5.72
fold2_room1_mix0227,80,4,0,-3,-7,5.78
fold2_room1_mix0227,81,4,0,-83,-6,5.24
fold2_room1_mix0227,81,4,0,-1,-7,4.70
fold2_room1_mix0227,82,4,0,-88,-6,5.03
fold2_room1_mix0227,82,4,0,2,-9,3.75
fold2_room1_mix0227,83,4,0,-80,-6,5.69
fold2_room1_mix0227,83,4,0,6,-12,2.85
fold2_room1_mix0227,84,4,0,-73,-11,5.22
fold2_room1_mix0227,84,4,0,23,-20,1.74
fold2_room1_mix0227,85,4,0,-92,-53,2.01
fold2_room1_mix0227,85,4,0,54,-44,0.96
fold2_room1_mix0227,85,4,0,-32,-23,3.95
fold2_room1_mix0227,86,4,0,155,-39,1.09
fold2_room1_mix0227,86,4,0,175,-52,1.24
fold2_room1_mix0227,86,4,0,-76,-5,8.05
fold2_room1_mix0227,87,4,0,172,-24,1.84
fold2_room1_mix0227,87,4,0,-78,-4,8.12
fold2_room1_mix0227,88,4,0,-162,-15,2.52
fold2_room1_mix0227,88,4,0,-99,-24,3.22
fold2_room1_mix0227,88,4,0,-60,-7,6.25
fold2_room1_mix0227,89,4,0,-171,-13,3.47
fold2_room1_mix0227,89,4,0,-83,-13,4.92
fold2_room1_mix0227,89,4,0,-68,-8,7.04
fold2_room1_mix0227,90,4,0,-179,-10,4.11
fold2_room1_mix0227,90,4,0,-126,-13,4.89
fold2_room1_mix0227,90,4,0,-77,-7,6.78
fold2_room1_mix0227,91,4,0,-174,-8,4.90
fold2_room1_mix0227,91,4,0,-101,-10,5.45
fold2_room1_mix0227,91,4,0,-67,-6,7.19
fold2_room1_mix0227,92,4,0,-178,-7,5.73
fold2_room1_mix0227,92,4,0,-71,-8,5.92
fold2_room1_mix0227,93,4,0,-176,-5,6.35
fold2_room1_mix0227,93,4,0,-98,-9,6.52
fold2_room1_mix0227,93,4,0,-65,-6,6.27
fold2_room1_mix0227,94,4,0,-176,-5,7.60
fold2_room1_mix0227,94,4,0,-66,-7,6.61
fold2_room1_mix0227,95,4,0,-174,-4,8.49
fold2_room1_mix0227,95,4,0,-53,-6,7.00
fold2_room1_mix0227,96,4,0,-177,-4,9.35
fold2_room1_mix0227,96,4,0,-54,-7,6.49
fold2_room1_mix0227,97,4,0,-174,-3,11.28
fold2_room1_mix0227,97,4,0,-53,-6,6.75
fold2_room1_mix0227,98,4,0,-179,-2,11.27
fold2_room1_mix0227,98,4,0,-46,-6,6.86
fold2_room1_mix0227,99,4,0,-177,-2,11.12
fold2_room1_mix0227,99,4,0,-43,-6,6.99
fold2_room1_mix0228,0,5,0,141,2,5.52
fold2_room1_mix0228,1,5,0,123,1,13.24
fold2_room1_mix0228,2,5,0,132,2,13.06
fold2_room1_mix0228,3,5,0,130,1,15.74
fold2_room1_mix0228,4,5,0,123,0,19.17
fold2_room1_mix0228,5,4,0,5,0,16.62
fold2_room1_mix0228,5,5,0,125,1,19.63
fold2_room1_mix0228,6,4,0,-2,2,8.94
fold2_room1_mix0228,6,5,0,126,1,22.72
fold2_room1_mix0228,7,3,0,-178,-5,7.91
fold2_room1_mix0228,7,4,0,-3,2,2.91
fold2_room1_mix0228,7,5,0,127,0,19.90
fold2_room1_mix0228,8,3,0,-171,-5,15.21
fold2_room1_mix0228,8,5,0,119,0,19.63
fold2_room1_mix0228,9,3,0,-162,-4,17.64
fold2_room1_mix0228,9,4,0,1,0,10.05
fold2_room1_mix0228,9,5,0,124,0,21.23
fold2_room1_mix0228,10,3,0,-164,-3,16.32
fold2_room1_mix0228,10,4,0,0,0,16.08
fold2_room1_mix0228,10,5,0,124,0,19.00
fold2_room1_mix0228,11,3,0,-168,-3,15.70
fold2_room1_mix0228,11,4,0,-1,0,7.56
fold2_room1_mix0228,11,5,0,118,1,17.47
fold2_room1_mix0228,12,3,0,-174,-4,16.20
fold2_room1_mix0228,12,4,0,0,0,18.46
fold2_room1_mix0228,12,5,0,117,0,19.35
fold2_room1_mix0228,13,3,0,-175,-3,11.43
fold2_room1_mix0228,13,4,0,0,1,20.34
fold2_room1_mix0228,13,5,0,123,1,15.55
fold2_room1_mix0228,14,3,0,-167,-4,5.13
fold2_room1_mix0228,14,4,0,0,1,34.40
fold2_room1_mix0228,14,5,0,116,0,18.26
fold2_room1_mix0228,15,4,0,0,0,29.83
fold2_room1_mix0228,15,5,0,120,0,19.91
fold2_room1_mix0228,16,4,0,2,1,33.51
fold2_room1_mix0228,16,5,0,118,0,20.10
fold2_room1_mix0228,17,4,0,2,0,33.11
fold2_room1_mix0228,17,5,0,116,1,16.46
fold2_room1_mix0228,18,4,0,3,0,40.66
fold2_room1_mix0228,18,5,0,116,0,18.79
fold2_room1_mix0228,19,4,0,3,0,40.73
fold2_room1_mix0228,19,5,0,120,0,19.38
fold2_room1_mix0228,20,3,0,-167,-4,10.35
fold2_room1_mix0228,20,4,0,1,0,31.03
fold2_room1_mix0228,20,5,0,115,1,17.76
fold2_room1_mix0228,21,3,0,-165,-4,19.61
fold2_room1_mix0228,21,4,0,2,0,21.24
fold2_room1_mix0228,21,5,0,115,1,15.33
fold2_room1_mix0228,22,3,0,-157,-3,17.92
fold2_room1_mix0228,22,4,0,3,0,27.50
fold2_room1_mix0228,22,5,0,112,1,16.11
fold2_room1_mix0228,23,3,0,-165,-3,16.24
fold2_room1_mix0228,23,4,0,4,0,30.01
fold2_room1_mix0228,23,5,0,114,1,15.25
fold2_room1_mix0228,24,3,0,-158,-3,16.49
fold2_room1_mix0228,24,4,0,0,0,23.02
fold2_room1_mix0228,24,5,0,114,1,16.10
fold2_room1_mix0228,25,3,0,-153,-3,19.78
fold2_room1_mix0228,25,4,0,1,0,27.20
fold2_room1_mix0228,25,5,0,112,1,16.20
fold2_room1_mix0228,26,3,0,-156,-3,20.06
fold2_room1_mix0228,26,4,0,0,0,25.16
fold2_room1_mix0228,26,5,0,112,1,14.38
fold2_room1_mix0228,27,3,0,-155,-3,17.98
fold2_room1_mix0228,27,4,0,1,0,20.86
fold2_room1_mix0228,27,5,0,114,1,14.99
fold2_room1_mix0228,28,3,0,-156,-3,18.10
fold2_room1_mix0228,28,4,0,3,0,30.80
fold2_room1_mix0228,28,5,0,115,1,16.34
fold2_room1_mix0228,29,3,0,-159,-3,16.92
fold2_room1_mix0228,29,4,0,2,0,27.56
fold2_room1_mix0228,29,5,0,114,2,14.49
fold2_room1_mix0228,30,3,0,-155,-3,16.14
fold2_room1_mix0228,30,4,0,2,0,30.59
fold2_room1_mix0228,30,5,0,115,1,15.33
fold2_room1_mix0228,31,3,0,-159,-3,16.64
fold2_room1_mix0228,31,4,0,4,0,29.33
fold2_room1_mix0228,31,5,0,117,1,16.47
fold2_room1_mix0228,32,3,0,-157,-3,15.00
fold2_room1_mix0228,32,4,0,0,0,28.16
fold2_room1_mix0228,32,5,0,116,1,16.70
fold2_room1_mix0228,33,3,0,-153,-3,14.66
fold2_room1_mix0228,33,4,0,4,0,35.63
fold2_room1_mix0228,33,5,0,117,2,14.93
fold2_room1_mix0228,34,3,0,-155,-3,14.12
fold2_room1_mix0228,34,4,0,7,1,36.68
fold2_room1_mix0228,34,5,0,115,2,14.88
fold2_room1_mix0228,35,3,0,-154,-3,13.03
fold2_room1_mix0228,35,4,0,4,0,35.07
fold2_room1_mix0228,35,5,0,115,1,15.93
fold2_room1_mix0228,36,3,0,-151,-3,9.82
fold2_room1_mix0228,36,4,0,4,0,40.90
fold2_room1_mix0228,36,5,0,118,1,16.98
fold2_room1_mix0228,37,3,0,-147,-3,9.70
fold2_room1_mix0228,37,4,0,8,0,37.84
fold2_room1_mix0228,37,5,0,114,1,15.33
fold2_room1_mix0228,38,3,0,-149,-3,7.35
fold2_room1_mix0228,38,4,0,5,0,36.72
fold2_room1_mix0228,38,5,0,113,1,17.39
fold2_room1_mix0228,39,3,0,-145,-4,18.50
fold2_room1_mix0228,39,4,0,6,0,36.31
fold2_room1_mix0228,39,5,0,118,2,15.25
fold2_room1_mix0228,40,3,0,-142,-4,15.36
fold2_room1_mix0228,40,4,0,7,0,31.54
fold2_room1_mix0228,40,5,0,112,1,15.39
fold2_room1_mix0228,41,3,0,-136,-4,12.73
fold2_room1_mix0228,41,4,0,11,0,32.86
fold2_room1_mix0228,41,5,0,116,1,15.86
fold2_room1_mix0228,42,3,0,-128,-4,12.77
fold2_room1_mix0228,42,4,0,8,0,36.60
fold2_room1_mix0228,42,5,0,115,2,14.81
fold2_room1_mix0228,43,3,0,-136,-4,13.06
fold2_room1_mix0228,43,4,0,10,0,29.14
fold2_room1_mix0228,43,5,0,111,1,15.03
fold2_room1_mix0228,44,3,0,-133,-4,16.49
fold2_room1_mix0228,44,4,0,10,0,27.38
fold2_room1_mix0228,44,5,0,116,1,16.05
fold2_room1_mix0228,45,3,0,-130,-4,14.26
fold2_room1_mix0228,45,4,0,8,0,26.62
fold2_room1_mix0228,45,5,0,113,2,13.75
fold2_room1_mix0228,46,3,0,-133,-4,14.04
fold2_room1_mix0228,46,4,0,7,0,29.27
fold2_room1_mix0228,46,5,0,108,2,14.28
fold2_room1_mix0228,47,3,0,-129,-3,14.22
fold2_room1_mix0228,47,4,0,11,0,28.27
fold2_room1_mix0228,47,5,0,117,1,14.99
fold2_room1_mix0228,48,3,0,-127,-3,12.31
fold2_room1_mix0228,48,4,0,11,0,26.76
fold2_room1_mix0228,48,5,0,117,2,15.84
fold2_room1_mix0228,49,3,0,-129,-4,10.82
fold2_room1_mix0228,49,4,0,12,0,29.17
fold2_room1_mix0228,49,5,0,114,2,14.47
fold2_room1_mix0228,50,3,0,-124,-4,9.41
fold2_room1_mix0228,50,4,0,14,0,28.53
fold2_room1_mix0228,50,5,0,114,2,14.46
fold2_room1_mix0228,51,3,0,-122,-4,8.94
fold2_room1_mix0228,51,4,0,18,0,27.12
fold2_room1_mix0228,51,5,0,114,2,14.81
fold2_room1_mix0228,52,4,0,16,0,22.86
fold2_room1_mix0228,52,5,0,117,2,15.77
fold2_room1_mix0228,53,4,0,14,0,23.62
fold2_room1_mix0228,53,5,0,122,1,14.97
fold2_room1_mix0228,54,4,0,15,0,21.92
fold2_room1_mix0228,54,5,0,119,1,16.47
fold2_room1_mix0228,55,4,0,20,0,22.29
fold2_room1_mix0228,55,5,0,118,2,15.92
fold2_room1_mix0228,56,4,0,16,0,20.45
fold2_room1_mix0228,56,5,0,124,1,15.92
fold2_room1_mix0228,57,4,0,17,0,20.80
fold2_room1_mix0228,57,5,0,120,1,16.45
fold2_room1_mix0228,58,3,0,-108,-5,11.36
fold2_room1_mix0228,58,4,0,17,0,19.41
fold2_room1_mix0228,58,5,0,120,2,15.63
fold2_room1_mix0228,59,3,0,-108,-5,4.59
fold2_room1_mix0228,59,4,0,17,0,17.32
fold2_room1_mix0228,59,5,0,121,1,15.16
fold2_room1_mix0228,60,4,0,20,-1,15.02
fold2_room1_mix0228,60,5,0,126,1,17.09
fold2_room1_mix0228,61,4,0,22,-2,11.67
fold2_room1_mix0228,61,5,0,125,2,14.75
fold2_room1_mix0228,62,4,0,22,-2,9.69
fold2_room1_mix0228,62,5,0,122,1,15.36
fold2_room1_mix0228,63,4,0,24,-2,9.43
fold2_room1_mix0228,63,5,0,123,1,15.01
fold2_room1_mix0228,64,4,0,28,-4,7.25
fold2_room1_mix0228,64,5,0,125,1,15.49
fold2_room1_mix0228,65,4,0,29,-4,7.28
fold2_room1_mix0228,65,5,0,125,1,14.97
fold2_room1_mix0228,66,4,0,33,-4,6.38
fold2_room1_mix0228,66,5,0,122,2,14.58
fold2_room1_mix0228,67,4,0,37,-5,5.33
fold2_room1_mix0228,67,5,0,123,1,14.58
fold2_room1_mix0228,68,4,0,44,-5,5.00
fold2_room1_mix0228,68,5,0,128,1,15.01
fold2_room1_mix0228,69,4,0,54,-7,4.39
fold2_room1_mix0228,69,5,0,128,2,13.86
fold2_room1_mix0228,70,4,0,66,-8,4.01
fold2_room1_mix0228,70,5,0,126,1,14.94
fold2_room1_mix0228,71,4,0,81,-10,3.90
fold2_room1_mix0228,71,5,0,129,2,14.56
fold2_room1_mix0228,72,4,0,98,-9,3.77
fold2_room1_mix0228,72,5,0,130,2,14.83
fold2_room1_mix0228,73,4,0,114,-8,4.17
fold2_room1_mix0228,73,5,0,133,2,16.38
fold2_room1_mix0228,74,4,0,125,-6,4.31
fold2_room1_mix0228,74,5,0,130,2,14.97
fold2_room1_mix0228,75,4,0,131,-6,4.93
fold2_room1_mix0228,75,5,0,131,2,15.84
fold2_room1_mix0228,76,4,0,141,-5,5.86
fold2_room1_mix0228,76,5,0,130,1,17.87
fold2_room1_mix0228,77,4,0,143,-4,6.08
fold2_room1_mix0228,77,5,0,133,2,16.37
fold2_room1_mix0228,78,4,0,150,-4,6.74
fold2_room1_mix0228,78,5,0,132,2,17.54
fold2_room1_mix0228,79,4,0,155,-3,7.82
fold2_room1_mix0228,79,5,0,131,2,17.89
fold2_room1_mix0228,80,4,0,155,-3,8.01
fold2_room1_mix0228,80,5,0,135,2,19.08
fold2_room1_mix0228,81,4,0,158,-3,8.70
fold2_room1_mix0228,81,5,0,132,2,17.67
fold2_room1_mix0228,82,4,0,162,-2,10.03
fold2_room1_mix0228,82,5,0,133,2,17.70
fold2_room1_mix0228,83,4,0,161,-2,9.90
fold2_room1_mix0228,83,5,0,133,2,19.19
fold2_room1_mix0228,84,4,0,164,-2,11.30
fold2_room1_mix0228,84,5,0,137,2,17.88
fold2_room1_mix0228,85,4,0,165,-2,12.22
fold2_room1_mix0228,85,5,0,135,2,17.09
fold2_room1_mix0228,86,4,0,165,-2,12.51
fold2_room1_mix0228,86,5,0,128,1,20.45
fold2_room1_mix0228,87,4,0,167,-2,14.44
fold2_room1_mix0228,87,5,0,133,2,18.01
fold2_room1_mix0228,88,4,0,166,-1,15.16
fold2_room1_mix0228,88,5,0,137,2,17.13
fold2_room1_mix0228,89,4,0,167,-1,15.66
fold2_room1_mix0228,89,5,0,134,2,20.30
fold2_room1_mix0228,90,4,0,168,-1,16.78
fold2_room1_mix0228,90,5,0,135,2,17.71
fold2_room1_mix0228,91,4,0,169,-1,16.82
fold2_room1_mix0228,91,5,0,134,2,18.04
fold2_room1_mix0228,92,4,0,168,-1,17.69
fold2_room1_mix0228,92,5,0,135,2,18.49
fold2_room1_mix0228,93,4,0,169,-1,18.79
fold2_room1_mix0228,93,5,0,141,3,16.90
fold2_room1_mix0228,94,4,0,170,-1,19.26
fold2_room1_mix0228,94,5,0,135,2,17.59
fold2_room1_mix0228,95,4,0,170,0,20.28
fold2_room1_mix0228,95,5,0,137,2,18.62
fold2_room1_mix0228,96,4,0,171,0,20.49
fold2_room1_mix0228,96,5,0,138,2,18.65
fold2_room1_mix0228,97,4,0,171,0,20.46
fold2_room1_mix0228,97,5,0,141,2,18.58
fold2_room1_mix0228,98,4,0,171,0,21.15
fold2_room1_mix0228,98,5,0,139,2,19.03
fold2_room1_mix0228,99,4,0,171,0,22.64
fold2_room1_mix0228,99,5,0,135,2,19.05
fold2_room1_mix0231,13,4,0,4,0,7.30
fold2_room1_mix0231,26,4,0,-2,0,7.51
fold2_room1_mix0231,27,4,0,1,0,9.11
fold2_room1_mix0231,29,4,0,-1,0,7.68
fold2_room1_mix0231,31,4,0,3,0,7.98
fold2_room1_mix0231,32,4,0,0,0,5.44
fold2_room1_mix0231,33,4,0,0,0,11.15
fold2_room1_mix0231,35,4,0,2,0,32.24
fold2_room1_mix0231,37,4,0,4,0,26.43
fold2_room1_mix0231,38,4,0,3,0,26.99
fold2_room1_mix0231,39,4,0,1,0,14.33
fold2_room1_mix0231,40,4,0,3,0,24.93
fold2_room1_mix0231,41,4,0,7,0,27.05
fold2_room1_mix0231,42,4,0,1,0,25.00
fold2_room1_mix0231,43,4,0,3,0,40.32
fold2_room1_mix0231,44,4,0,5,0,38.12
fold2_room1_mix0231,45,4,0,3,0,39.03
fold2_room1_mix0231,46,4,0,3,0,37.20
fold2_room1_mix0231,47,4,0,3,0,40.10
fold2_room1_mix0231,48,4,0,5,0,37.76
fold2_room1_mix0231,49,4,0,5,0,38.43
fold2_room1_mix0231,50,4,0,3,0,37.54
fold2_room1_mix0231,51,4,0,2,-1,37.10
fold2_room1_mix0231,52,4,0,5,-1,34.72
fold2_room1_mix0231,53,4,0,5,-1,33.41
fold2_room1_mix0231,54,4,0,5,-1,31.04
fold2_room1_mix0231,55,4,0,4,-1,29.23
fold2_room1_mix0231,56,4,0,5,-1,27.60
fold2_room1_mix0231,57,4,0,5,-1,26.59
fold2_room1_mix0231,58,4,0,7,-1,24.70
fold2_room1_mix0231,59,4,0,7,-1,23.85
fold2_room1_mix0231,60,4,0,9,-1,23.44
fold2_room1_mix0231,61,4,0,9,-1,21.41
fold2_room1_mix0231,62,4,0,9,-1,20.41
fold2_room1_mix0231,63,4,0,9,-1,18.48
fold2_room1_mix0231,64,4,0,9,-1,17.23
fold2_room1_mix0231,65,4,0,9,-2,15.47
fold2_room1_mix0231,66,4,0,13,-2,14.64
fold2_room1_mix0231,67,4,0,11,-2,13.09
fold2_room1_mix0231,68,4,0,12,-2,11.92
fold2_room1_mix0231,69,4,0,12,-2,10.95
fold2_room1_mix0231,70,4,0,15,-2,10.75
fold2_room1_mix0231,71,4,0,16,-3,8.72
fold2_room1_mix0231,72,4,0,19,-4,7.40
fold2_room1_mix0231,73,4,0,22,-4,6.45
fold2_room1_mix0231,74,4,0,25,-5,5.37
fold2_room1_mix0231,75,4,0,29,-6,4.10
fold2_room1_mix0231,76,4,0,38,-7,3.20
fold2_room1_mix0231,77,4,0,55,-9,2.60
fold2_room1_mix0231,78,4,0,75,-10,2.65
fold2_room1_mix0231,79,4,0,108,-10,2.39
fold2_room1_mix0231,80,4,0,129,-6,2.56
fold2_room1_mix0231,81,4,0,141,-4,3.15
fold2_room1_mix0231,82,4,0,150,-4,4.61
fold2_room1_mix0231,83,4,0,155,-3,5.35
fold2_room1_mix0231,84,4,0,157,-3,6.51
fold2_room1_mix0231,85,4,0,163,-2,7.19
fold2_room1_mix0231,86,4,0,165,-2,8.08
fold2_room1_mix0231,87,4,0,167,-2,8.86
fold2_room1_mix0231,88,4,0,169,-1,9.73
fold2_room1_mix0231,89,4,0,169,-1,10.96
fold2_room1_mix0231,90,4,0,170,-1,12.34
fold2_room1_mix0231,91,4,0,171,-1,12.91
fold2_room1_mix0231,92,4,0,171,-1,14.94
fold2_room1_mix0231,93,4,0,172,0,14.95
fold2_room1_mix0231,94,4,0,173,0,16.02
fold2_room1_mix0231,95,4,0,173,0,17.42
fold2_room1_mix0231,96,4,0,173,0,18.13
fold2_room1_mix0231,97,4,0,173,0,18.71
fold2_room1_mix0231,98,4,0,173,0,20.91
fold2_room1_mix0231,99,4,0,174,0,21.81
fold2_room1_mix0231,22,4,0,0,0,3.29
fold2_room1_mix0231,36,4,0,3,1,4.77
fold2_room1_mix0232,5,4,0,177,0,14.28
fold2_room1_mix0232,5,4,0,-6,0,13.03
fold2_room1_mix0232,6,4,0,-179,0,16.13
fold2_room1_mix0232,6,4,0,-2,0,15.22
fold2_room1_mix0232,7,4,0,-179,0,19.67
fold2_room1_mix0232,7,4,0,-4,0,20.08
fold2_room1_mix0232,8,4,0,178,0,26.96
fold2_room1_mix0232,8,4,0,0,0,23.76
fold2_room1_mix0232,9,4,0,-179,0,32.67
fold2_room1_mix0232,9,4,0,-1,0,32.25
fold2_room1_mix0232,10,4,0,179,0,36.55
fold2_room1_mix0232,10,4,0,-1,0,35.63
fold2_room1_mix0232,11,4,0,-179,0,37.75
fold2_room1_mix0232,11,4,0,-1,0,35.22
fold2_room1_mix0232,12,4,0,-179,1,25.43
fold2_room1_mix0232,12,4,0,0,1,24.61
fold2_room1_mix0232,13,4,0,179,0,41.63
fold2_room1_mix0232,13,4,0,0,0,37.73
fold2_room1_mix0232,14,4,0,179,0,41.55
fold2_room1_mix0232,14,4,0,0,0,37.67
fold2_room1_mix0232,15,4,0,179,0,43.44
fold2_room1_mix0232,15,4,0,0,0,40.52
fold2_room1_mix0232,16,4,0,178,0,43.21
fold2_room1_mix0232,16,4,0,0,0,39.61
fold2_room1_mix0232,17,4,0,178,0,43.69
fold2_room1_mix0232,17,4,0,-1,0,40.81
fold2_room1_mix0232,18,4,0,179,0,49.36
fold2_room1_mix0232,18,4,0,-1,0,43.85
fold2_room1_mix0232,19,4,0,179,0,45.91
fold2_room1_mix0232,19,4,0,-1,0,41.38
fold2_room1_mix0232,20,4,0,176,0,46.16
fold2_room1_mix0232,20,4,0,-1,0,42.65
fold2_room1_mix0232,21,4,0,178,-1,43.16
fold2_room1_mix0232,21,4,0,-1,0,43.50
fold2_room1_mix0232,22,4,0,177,0,48.68
fold2_room1_mix0232,22,4,0,-2,0,42.85
fold2_room1_mix0232,23,4,0,179,0,47.75
fold2_room1_mix0232,23,4,0,-2,0,41.49
fold2_room1_mix0232,24,4,0,-179,0,46.78
fold2_room1_mix0232,24,4,0,-2,0,43.17
fold2_room1_mix0232,25,4,0,178,0,46.29
fold2_room1_mix0232,25,4,0,-4,0,42.72
fold2_room1_mix0232,26,4,0,179,-1,46.43
fold2_room1_mix0232,26,4,0,-1,0,43.66
fold2_room1_mix0232,27,4,0,-179,0,48.41
fold2_room1_mix0232,27,4,0,-1,0,42.95
fold2_room1_mix0232,28,4,0,179,0,49.34
fold2_room1_mix0232,28,4,0,-1,0,40.98
fold2_room1_mix0232,29,4,0,179,0,45.62
fold2_room1_mix0232,29,4,0,0,0,42.07
fold2_room1_mix0232,30,4,0,179,0,45.53
fold2_room1_mix0232,30,4,0,0,0,39.96
fold2_room1_mix0232,31,4,0,-178,0,41.51
fold2_room1_mix0232,31,4,0,-2,0,35.37
fold2_room1_mix0232,32,4,0,179,0,45.72
fold2_room1_mix0232,32,4,0,0,0,39.78
fold2_room1_mix0232,33,4,0,179,0,42.79
fold2_room1_mix0232,33,4,0,0,0,38.79
fold2_room1_mix0232,34,4,0,-178,-1,39.89
fold2_room1_mix0232,34,4,0,0,0,37.35
fold2_room1_mix0232,35,4,0,-179,-1,36.73
fold2_room1_mix0232,35,4,0,0,0,35.40
fold2_room1_mix0232,36,4,0,177,-1,38.96
fold2_room1_mix0232,36,4,0,-2,0,37.26
fold2_room1_mix0232,37,4,0,176,-1,37.77
fold2_room1_mix0232,37,4,0,-2,0,38.09
fold2_room1_mix0232,38,4,0,177,-1,35.63
fold2_room1_mix0232,38,4,0,-2,0,37.05
fold2_room1_mix0232,39,4,0,176,-1,35.48
fold2_room1_mix0232,39,4,0,-1,0,39.46
fold2_room1_mix0232,40,4,0,173,-1,36.95
fold2_room1_mix0232,40,4,0,-2,0,39.07
fold2_room1_mix0232,41,4,0,176,-1,31.73
fold2_room1_mix0232,41,4,0,-2,0,35.49
fold2_room1_mix0232,42,4,0,176,-2,28.41
fold2_room1_mix0232,42,4,0,-3,0,34.37
fold2_room1_mix0232,43,4,0,176,-1,28.90
fold2_room1_mix0232,43,4,0,-3,0,34.37
fold2_room1_mix0232,44,4,0,176,-1,29.06
fold2_room1_mix0232,44,4,0,-4,0,34.40
fold2_room1_mix0232,45,4,0,177,-1,26.07
fold2_room1_mix0232,45,4,0,-4,0,33.17
fold2_room1_mix0232,46,4,0,176,-2,24.15
fold2_room1_mix0232,46,4,0,-5,0,32.54
fold2_room1_mix0232,47,4,0,177,-2,22.34
fold2_room1_mix0232,47,4,0,-6,0,30.96
fold2_room1_mix0232,48,4,0,177,-2,20.78
fold2_room1_mix0232,48,4,0,-6,0,28.35
fold2_room1_mix0232,49,4,0,177,-2,18.34
fold2_room1_mix0232,49,4,0,-7,0,27.10
fold2_room1_mix0232,50,4,0,177,-2,16.28
fold2_room1_mix0232,50,4,0,-8,0,25.37
fold2_room1_mix0232,51,4,0,178,-2,16.16
fold2_room1_mix0232,51,4,0,-9,0,24.08
fold2_room1_mix0232,52,4,0,176,-2,14.84
fold2_room1_mix0232,52,4,0,-7,0,23.74
fold2_room1_mix0232,53,4,0,177,-3,14.01
fold2_room1_mix0232,53,4,0,-9,-1,20.92
fold2_room1_mix0232,54,4,0,177,-3,12.40
fold2_room1_mix0232,54,4,0,-9,-1,20.17
fold2_room1_mix0232,55,4,0,176,-3,10.92
fold2_room1_mix0232,55,4,0,-11,-1,18.22
fold2_room1_mix0232,56,4,0,175,-3,9.95
fold2_room1_mix0232,56,4,0,-10,-1,17.14
fold2_room1_mix0232,57,4,0,174,-4,8.70
fold2_room1_mix0232,57,4,0,-14,-1,16.93
fold2_room1_mix0232,58,4,0,171,-5,6.87
fold2_room1_mix0232,58,4,0,-13,-1,16.11
fold2_room1_mix0232,59,4,0,168,-7,5.81
fold2_room1_mix0232,59,4,0,-14,-1,15.46
fold2_room1_mix0232,60,4,0,161,-10,3.88
fold2_room1_mix0232,60,4,0,-17,-2,16.35
fold2_room1_mix0232,61,4,0,154,-15,2.93
fold2_room1_mix0232,61,4,0,-18,-3,17.47
fold2_room1_mix0232,62,4,0,142,-22,1.82
fold2_room1_mix0232,62,4,0,-13,-4,16.40
fold2_room1_mix0232,63,4,0,73,-31,1.08
fold2_room1_mix0232,63,4,0,-14,-3,14.62
fold2_room1_mix0232,64,4,0,33,-21,1.78
fold2_room1_mix0232,64,4,0,-10,-4,13.40
fold2_room1_mix0232,65,4,0,-4,-7,8.39
fold2_room1_mix0232,66,4,0,-38,-7,6.73
fold2_room1_mix0232,66,4,0,0,-7,7.67
fold2_room1_mix0232,67,4,0,-30,-7,6.15
fold2_room1_mix0232,67,4,0,-3,-6,8.25
fold2_room1_mix0232,68,4,0,-37,-6,5.63
fold2_room1_mix0232,68,4,0,0,-5,8.84
fold2_room1_mix0232,69,4,0,-41,-6,5.35
fold2_room1_mix0232,69,4,0,2,-4,8.98
fold2_room1_mix0232,70,4,0,-44,-6,5.25
fold2_room1_mix0232,70,4,0,10,-3,9.20
fold2_room1_mix0232,70,4,0,-5,-4,7.81
fold2_room1_mix0232,71,4,0,-47,-7,4.66
fold2_room1_mix0232,71,4,0,1,-4,8.79
fold2_room1_mix0232,72,4,0,-52,-7,3.91
fold2_room1_mix0232,72,4,0,13,-2,10.60
fold2_room1_mix0232,72,4,0,-3,-4,9.40
fold2_room1_mix0232,73,4,0,-56,-8,3.68
fold2_room1_mix0232,73,4,0,15,-1,13.16
fold2_room1_mix0232,73,4,0,-1,-4,9.98
fold2_room1_mix0232,74,4,0,-65,-11,2.66
fold2_room1_mix0232,74,4,0,14,-1,15.08
fold2_room1_mix0232,74,4,0,-8,-2,13.10
fold2_room1_mix0232,75,4,0,-81,-12,2.72
fold2_room1_mix0232,75,4,0,13,-2,15.08
fold2_room1_mix0232,75,4,0,-7,-4,13.09
fold2_room1_mix0232,76,4,0,-99,-10,3.08
fold2_room1_mix0232,76,4,0,16,0,21.36
fold2_room1_mix0232,76,4,0,-8,-3,14.55
fold2_room1_mix0232,77,4,0,-119,-7,4.01
fold2_room1_mix0232,77,4,0,2,-2,16.15
fold2_room1_mix0232,78,4,0,-130,-7,4.36
fold2_room1_mix0232,78,4,0,3,-2,17.44
fold2_room1_mix0232,79,4,0,-134,-5,5.31
fold2_room1_mix0232,79,4,0,3,-1,18.00
fold2_room1_mix0232,80,4,0,-137,-5,5.55
fold2_room1_mix0232,80,4,0,3,-1,19.28
fold2_room1_mix0232,81,4,0,-141,-4,6.27
fold2_room1_mix0232,81,4,0,4,-2,17.81
fold2_room1_mix0232,82,4,0,-145,-3,7.68
fold2_room1_mix0232,82,4,0,5,-1,17.07
fold2_room1_mix0232,83,4,0,-151,-3,8.35
fold2_room1_mix0232,83,4,0,4,-2,15.65
fold2_room1_mix0232,84,4,0,-149,-3,9.19
fold2_room1_mix0232,84,4,0,3,-1,17.50
fold2_room1_mix0232,85,4,0,-154,-2,10.77
fold2_room1_mix0232,85,4,0,1,-1,20.67
fold2_room1_mix0232,86,4,0,-157,-2,11.06
fold2_room1_mix0232,86,4,0,1,-1,20.37
fold2_room1_mix0232,87,4,0,-158,-2,11.00
fold2_room1_mix0232,87,4,0,0,-1,21.32
fold2_room1_mix0232,88,4,0,-159,-2,12.82
fold2_room1_mix0232,88,4,0,3,0,25.14
fold2_room1_mix0232,89,4,0,-161,-2,12.16
fold2_room1_mix0232,89,4,0,4,0,23.60
fold2_room1_mix0232,90,4,0,-162,-2,12.78
fold2_room1_mix0232,90,4,0,2,0,23.77
fold2_room1_mix0232,91,4,0,-162,-2,13.21
fold2_room1_mix0232,91,4,0,4,0,25.46
fold2_room1_mix0232,92,4,0,-164,-1,13.78
fold2_room1_mix0232,92,4,0,4,0,27.42
fold2_room1_mix0232,93,4,0,-165,-1,14.39
fold2_room1_mix0232,93,4,0,2,0,28.14
fold2_room1_mix0232,94,4,0,-164,-1,15.25
fold2_room1_mix0232,94,4,0,3,1,37.16
fold2_room1_mix0232,95,4,0,-165,-1,15.89
fold2_room1_mix0232,95,4,0,2,1,31.95
fold2_room1_mix0232,96,4,0,-165,-2,17.56
fold2_room1_mix0232,96,4,0,2,0,31.70
fold2_room1_mix0232,97,4,0,-166,-2,17.01
fold2_room1_mix0232,97,4,0,2,0,31.31
fold2_room1_mix0232,98,4,0,-165,-1,19.40
fold2_room1_mix0232,98,4,0,2,0,38.08
fold2_room1_mix0232,99,4,0,-169,-1,21.41
fold2_room1_mix0232,99,4,0,1,0,34.76
fold2_room1_mix0233,0,5,0,27,2,4.30
fold2_room1_mix0233,1,5,0,14,1,4.33
fold2_room1_mix0233,2,5,0,28,2,11.15
fold2_room1_mix0233,3,5,0,28,2,12.37
fold2_room1_mix0233,4,5,0,32,2,9.46
fold2_room1_mix0233,5,5,0,36,3,12.82
fold2_room1_mix0233,6,5,0,31,3,12.13
fold2_room1_mix0233,7,5,0,35,2,15.07
fold2_room1_mix0233,8,5,0,32,2,13.58
fold2_room1_mix0233,9,5,0,35,2,14.12
fold2_room1_mix0233,10,2,0,-60,-2,10.05
fold2_room1_mix0233,10,5,0,32,2,14.71
fold2_room1_mix0233,11,2,0,-62,-2,11.59
fold2_room1_mix0233,11,5,0,32,1,15.96
fold2_room1_mix0233,12,2,0,-72,-3,10.99
fold2_room1_mix0233,12,5,0,31,2,12.54
fold2_room1_mix0233,13,2,0,-70,-2,10.42
fold2_room1_mix0233,13,5,0,36,2,14.11
fold2_room1_mix0233,14,2,0,-71,-2,11.32
fold2_room1_mix0233,14,5,0,34,2,12.71
fold2_room1_mix0233,15,5,0,33,3,12.33
fold2_room1_mix0233,16,5,0,33,3,11.29
fold2_room1_mix0233,17,5,0,38,2,14.80
fold2_room1_mix0233,18,5,0,34,3,13.64
fold2_room1_mix0233,19,2,0,-71,-2,10.19
fold2_room1_mix0233,19,5,0,33,1,14.49
fold2_room1_mix0233,20,2,0,-70,-1,13.28
fold2_room1_mix0233,20,5,0,32,2,13.87
fold2_room1_mix0233,21,2,0,-72,-2,11.67
fold2_room1_mix0233,21,5,0,32,2,12.69
fold2_room1_mix0233,22,2,0,-70,-2,13.80
fold2_room1_mix0233,22,5,0,34,2,11.66
fold2_room1_mix0233,23,2,0,-76,-2,10.51
fold2_room1_mix0233,23,5,0,29,1,14.84
fold2_room1_mix0233,24,5,0,39,3,12.10
fold2_room1_mix0233,25,5,0,35,2,11.01
fold2_room1_mix0233,26,5,0,34,3,11.41
fold2_room1_mix0233,27,5,0,38,3,11.81
fold2_room1_mix0233,28,2,0,-74,-2,10.63
fold2_room1_mix0233,28,5,0,33,2,12.49
fold2_room1_mix0233,29,2,0,-77,-2,12.84
fold2_room1_mix0233,29,5,0,32,1,14.24
fold2_room1_mix0233,30,2,0,-76,-2,14.34
fold2_room1_mix0233,30,5,0,36,2,11.42
fold2_room1_mix0233,31,2,0,-82,-2,12.55
fold2_room1_mix0233,31,5,0,32,2,12.53
fold2_room1_mix0233,32,2,0,-80,-2,11.41
fold2_room1_mix0233,32,5,0,32,2,12.63
fold2_room1_mix0233,33,5,0,36,2,14.29
fold2_room1_mix0233,34,5,0,35,3,11.50
fold2_room1_mix0233,35,5,0,36,3,10.68
fold2_room1_mix0233,36,5,0,38,2,13.10
fold2_room1_mix0233,37,2,0,-79,-3,8.27
fold2_room1_mix0233,37,5,0,31,2,14.02
fold2_room1_mix0233,38,2,0,-82,-2,12.12
fold2_room1_mix0233,38,5,0,35,2,12.24
fold2_room1_mix0233,39,2,0,-81,-2,12.81
fold2_room1_mix0233,39,5,0,36,2,12.75
fold2_room1_mix0233,40,2,0,-81,-2,12.62
fold2_room1_mix0233,40,5,0,35,2,12.52
fold2_room1_mix0233,41,2,0,-82,-2,11.71
fold2_room1_mix0233,41,5,0,32,2,13.47
fold2_room1_mix0233,42,2,0,-82,-2,8.93
fold2_room1_mix0233,42,5,0,32,2,13.61
fold2_room1_mix0233,43,5,0,36,2,12.43
fold2_room1_mix0233,44,5,0,33,2,12.19
fold2_room1_mix0233,45,5,0,33,2,11.64
fold2_room1_mix0233,46,5,0,36,2,13.46
fold2_room1_mix0233,47,5,0,35,2,13.78
fold2_room1_mix0233,48,5,0,35,2,13.55
fold2_room1_mix0233,49,5,0,38,2,13.70
fold2_room1_mix0233,50,5,0,35,3,13.63
fold2_room1_mix0233,51,5,0,38,3,11.71
fold2_room1_mix0233,52,5,0,36,3,12.64
fold2_room1_mix0233,53,5,0,35,3,12.90
fold2_room1_mix0233,54,5,0,39,3,11.49
fold2_room1_mix0233,55,5,0,35,2,13.92
fold2_room1_mix0233,56,5,0,36,3,11.82
fold2_room1_mix0233,57,5,0,38,2,14.09
fold2_room1_mix0233,58,5,0,36,3,12.54
fold2_room1_mix0233,59,5,0,32,2,14.23
fold2_room1_mix0233,60,5,0,35,3,13.10
fold2_room1_mix0233,61,5,0,33,2,13.25
fold2_room1_mix0233,62,5,0,38,2,13.00
fold2_room1_mix0233,63,5,0,37,2,13.88
fold2_room1_mix0233,64,5,0,34,2,13.49
fold2_room1_mix0233,65,5,0,38,2,13.97
fold2_room1_mix0233,66,5,0,40,2,13.58
fold2_room1_mix0233,67,5,0,38,2,12.98
fold2_room1_mix0233,68,5,0,36,2,14.48
fold2_room1_mix0233,69,5,0,36,3,12.73
fold2_room1_mix0233,70,5,0,37,2,14.64
fold2_room1_mix0233,71,5,0,43,2,13.67
fold2_room1_mix0233,72,5,0,36,2,13.26
fold2_room1_mix0233,73,5,0,38,2,13.95
fold2_room1_mix0233,74,5,0,40,2,13.22
fold2_room1_mix0233,75,5,0,44,2,14.05
fold2_room1_mix0233,76,5,0,40,2,13.80
fold2_room1_mix0233,77,5,0,37,2,14.27
fold2_room1_mix0233,78,5,0,43,3,12.09
fold2_room1_mix0233,79,5,0,40,2,14.37
fold2_room1_mix0233,80,5,0,36,2,14.01
fold2_room1_mix0233,81,5,0,38,2,14.83
fold2_room1_mix0233,82,5,0,39,2,14.52
fold2_room1_mix0233,83,5,0,44,2,13.96
fold2_room1_mix0233,84,5,0,41,2,13.94
fold2_room1_mix0233,85,5,0,42,2,12.85
fold2_room1_mix0233,86,5,0,39,2,14.05
fold2_room1_mix0233,87,5,0,44,3,12.57
fold2_room1_mix0233,88,5,0,42,2,13.52
fold2_room1_mix0233,89,5,0,37,2,13.87
fold2_room1_mix0233,90,5,0,40,2,14.16
fold2_room1_mix0233,91,5,0,44,2,14.40
fold2_room1_mix0233,92,5,0,41,3,11.85
fold2_room1_mix0233,93,5,0,42,2,13.05
fold2_room1_mix0233,94,5,0,42,2,13.96
fold2_room1_mix0233,95,5,0,41,2,13.71
fold2_room1_mix0233,96,5,0,37,3,13.07
fold2_room1_mix0233,97,5,0,37,2,14.79
fold2_room1_mix0233,98,5,0,37,2,13.62
fold2_room1_mix0233,99,5,0,44,2,14.22
fold2_room1_mix0234,5,4,0,178,0,20.76
fold2_room1_mix0234,6,4,0,177,0,21.39
fold2_room1_mix0234,7,4,0,177,0,22.15
fold2_room1_mix0234,8,4,0,177,0,27.49
fold2_room1_mix0234,9,4,0,176,-1,40.73
fold2_room1_mix0234,10,4,0,178,0,37.51
fold2_room1_mix0234,11,4,0,177,0,40.95
fold2_room1_mix0234,12,4,0,177,0,38.44
fold2_room1_mix0234,13,4,0,177,0,40.04
fold2_room1_mix0234,14,4,0,177,0,40.17
fold2_room1_mix0234,15,4,0,178,0,40.96
fold2_room1_mix0234,16,4,0,176,0,39.44
fold2_room1_mix0234,17,4,0,177,0,43.54
fold2_room1_mix0234,18,4,0,177,0,42.93
fold2_room1_mix0234,19,4,0,178,0,42.31
fold2_room1_mix0234,20,4,0,177,0,39.90
fold2_room1_mix0234,21,4,0,179,0,43.53
fold2_room1_mix0234,22,4,0,178,0,40.98
fold2_room1_mix0234,23,4,0,177,0,39.08
fold2_room1_mix0234,24,4,0,-179,0,40.30
fold2_room1_mix0234,25,4,0,179,0,42.68
fold2_room1_mix0234,26,4,0,179,0,39.42
fold2_room1_mix0234,27,4,0,179,0,41.47
fold2_room1_mix0234,28,4,0,178,0,38.28
fold2_room1_mix0234,29,4,0,178,0,36.72
fold2_room1_mix0234,30,4,0,176,0,35.50
fold2_room1_mix0234,31,4,0,179,0,34.30
fold2_room1_mix0234,32,4,0,179,0,34.00
fold2_room1_mix0234,33,4,0,175,0,34.02
fold2_room1_mix0234,34,4,0,177,0,32.40
fold2_room1_mix0234,35,4,0,176,0,33.91
fold2_room1_mix0234,36,4,0,177,0,32.82
fold2_room1_mix0234,37,4,0,177,0,31.92
fold2_room1_mix0234,38,4,0,175,0,31.57
fold2_room1_mix0234,39,4,0,177,0,31.41
fold2_room1_mix0234,40,4,0,175,0,31.86
fold2_room1_mix0234,41,4,0,176,0,29.89
fold2_room1_mix0234,42,4,0,175,0,29.80
fold2_room1_mix0234,43,4,0,176,0,30.34
fold2_room1_mix0234,44,4,0,174,0,29.45
fold2_room1_mix0234,45,4,0,175,0,27.15
fold2_room1_mix0234,46,4,0,174,0,27.67
fold2_room1_mix0234,47,4,0,174,0,27.08
fold2_room1_mix0234,48,4,0,174,0,25.86
fold2_room1_mix0234,49,4,0,175,0,25.80
fold2_room1_mix0234,50,4,0,173,0,24.65
fold2_room1_mix0234,51,4,0,174,-1,23.73
fold2_room1_mix0234,52,4,0,173,-1,22.67
fold2_room1_mix0234,53,4,0,172,-1,22.34
fold2_room1_mix0234,54,4,0,171,-1,20.80
fold2_room1_mix0234,55,4,0,171,-1,20.32
fold2_room1_mix0234,56,4,0,171,-1,20.45
fold2_room1_mix0234,57,4,0,170,-1,19.99
fold2_room1_mix0234,58,4,0,169,-1,19.16
fold2_room1_mix0234,59,4,0,168,-1,18.92
fold2_room1_mix0234,60,4,0,168,-1,17.90
fold2_room1_mix0234,61,4,0,168,-1,17.35
fold2_room1_mix0234,62,4,0,168,-2,16.51
fold2_room1_mix0234,63,4,0,166,-2,15.96
fold2_room1_mix0234,64,4,0,164,-2,14.74
fold2_room1_mix0234,65,4,0,165,-2,14.67
fold2_room1_mix0234,66,4,0,163,-2,13.77
fold2_room1_mix0234,67,4,0,163,-3,12.94
fold2_room1_mix0234,68,4,0,162,-3,13.00
fold2_room1_mix0234,69,4,0,160,-3,12.13
fold2_room1_mix0234,70,4,0,160,-3,11.71
fold2_room1_mix0234,71,4,0,158,-3,11.08
fold2_room1_mix0234,72,4,0,157,-4,10.67
fold2_room1_mix0234,73,4,0,156,-4,9.55
fold2_room1_mix0234,74,4,0,154,-5,8.69
fold2_room1_mix0234,75,4,0,152,-5,8.56
fold2_room1_mix0234,76,4,0,151,-5,7.75
fold2_room1_mix0234,77,4,0,149,-6,7.40
fold2_room1_mix0234,78,4,0,147,-6,7.07
fold2_room1_mix0234,79,4,0,145,-6,6.38
fold2_room1_mix0234,80,4,0,140,-7,5.64
fold2_room1_mix0234,81,4,0,134,-8,5.11
fold2_room1_mix0234,82,4,0,130,-9,4.81
fold2_room1_mix0234,83,4,0,126,-10,4.41
fold2_room1_mix0234,84,4,0,116,-11,4.17
fold2_room1_mix0234,85,4,0,106,-12,4.28
fold2_room1_mix0234,86,4,0,96,-12,4.32
fold2_room1_mix0234,87,4,0,86,-13,4.14
fold2_room1_mix0234,88,4,0,76,-12,4.46
fold2_room1_mix0234,89,4,0,66,-11,4.34
fold2_room1_mix0234,90,4,0,58,-10,4.63
fold2_room1_mix0234,91,4,0,52,-9,5.07
fold2_room1_mix0234,92,4,0,45,-8,5.33
fold2_room1_mix0234,93,4,0,41,-8,5.52
fold2_room1_mix0234,94,4,0,37,-7,6.25
fold2_room1_mix0234,95,4,0,33,-7,6.73
fold2_room1_mix0234,96,4,0,30,-6,7.10
fold2_room1_mix0234,97,4,0,29,-5,7.99
fold2_room1_mix0234,98,4,0,27,-5,8.81
fold2_room1_mix0234,99,4,0,25,-5,8.84
fold2_room1_mix0235,0,5,0,-58,7,2.49
fold2_room1_mix0235,1,5,0,-66,6,4.80
fold2_room1_mix0235,2,4,0,-179,1,3.42
fold2_room1_mix0235,2,4,0,-5,1,3.17
fold2_room1_mix0235,2,5,0,-66,8,4.69
fold2_room1_mix0235,3,4,0,177,1,6.93
fold2_room1_mix0235,3,4,0,-4,1,6.35
fold2_room1_mix0235,3,5,0,-73,8,3.70
fold2_room1_mix0235,4,4,0,-176,0,21.91
fold2_room1_mix0235,4,4,0,-2,0,20.14
fold2_room1_mix0235,4,5,0,-78,9,4.62
fold2_room1_mix0235,5,4,0,-175,0,22.57
fold2_room1_mix0235,5,4,0,-4,0,20.13
fold2_room1_mix0235,5,5,0,-67,8,7.59
fold2_room1_mix0235,6,4,0,179,0,28.28
fold2_room1_mix0235,6,4,0,-2,0,24.11
fold2_room1_mix0235,6,5,0,-70,7,9.34
fold2_room1_mix0235,7,4,0,176,0,39.90
fold2_room1_mix0235,7,4,0,-2,0,36.48
fold2_room1_mix0235,7,5,0,-70,8,6.94
fold2_room1_mix0235,8,4,0,-178,-1,41.27
fold2_room1_mix0235,8,4,0,-2,-1,37.41
fold2_room1_mix0235,8,5,0,-73,8,6.91
fold2_room1_mix0235,9,4,0,179,-1,39.65
fold2_room1_mix0235,9,4,0,-3,-1,38.12
fold2_room1_mix0235,9,5,0,-64,8,6.60
fold2_room1_mix0235,10,4,0,177,-1,43.02
fold2_room1_mix0235,10,4,0,0,-1,37.40
fold2_room1_mix0235,10,5,0,-69,9,5.70
fold2_room1_mix0235,11,4,0,177,0,45.58
fold2_room1_mix0235,11,4,0,-2,0,39.34
fold2_room1_mix0235,11,5,0,-71,8,7.89
fold2_room1_mix0235,12,4,0,-179,0,39.75
fold2_room1_mix0235,12,4,0,0,0,38.65
fold2_room1_mix0235,12,5,0,-71,8,6.37
fold2_room1_mix0235,13,4,0,-177,-1,41.67
fold2_room1_mix0235,13,4,0,-2,-1,36.72
fold2_room1_mix0235,13,5,0,-72,8,6.81
fold2_room1_mix0235,14,4,0,-179,-1,39.98
fold2_room1_mix0235,14,4,0,-2,-1,34.27
fold2_room1_mix0235,14,5,0,-71,8,7.31
fold2_room1_mix0235,15,4,0,-179,-1,39.45
fold2_room1_mix0235,15,4,0,-2,-1,36.75
fold2_room1_mix0235,15,5,0,-68,8,6.64
fold2_room1_mix0235,16,4,0,-178,-1,33.82
fold2_room1_mix0235,16,4,0,-4,-1,32.38
fold2_room1_mix0235,16,5,0,-67,9,5.65
fold2_room1_mix0235,17,4,0,-179,-1,35.19
fold2_room1_mix0235,17,4,0,-7,-1,33.78
fold2_room1_mix0235,17,5,0,-73,8,7.31
fold2_room1_mix0235,18,4,0,-175,-1,33.94
fold2_room1_mix0235,18,4,0,-6,-1,32.43
fold2_room1_mix0235,18,5,0,-68,8,6.85
fold2_room1_mix0235,19,4,0,179,-1,37.78
fold2_room1_mix0235,19,4,0,-6,-1,35.32
fold2_room1_mix0235,19,5,0,-69,7,7.55
fold2_room1_mix0235,20,4,0,-178,0,38.37
fold2_room1_mix0235,20,4,0,-4,0,37.70
fold2_room1_mix0235,20,5,0,-72,8,7.69
fold2_room1_mix0235,21,4,0,-179,0,35.81
fold2_room1_mix0235,21,4,0,-6,-1,34.97
fold2_room1_mix0235,21,5,0,-72,8,7.30
fold2_room1_mix0235,22,4,0,-179,-1,35.58
fold2_room1_mix0235,22,4,0,-6,-1,35.76
fold2_room1_mix0235,22,5,0,-74,7,7.69
fold2_room1_mix0235,23,4,0,-178,-1,33.67
fold2_room1_mix0235,23,4,0,-8,-1,32.97
fold2_room1_mix0235,23,5,0,-68,8,7.03
fold2_room1_mix0235,24,4,0,-178,-1,34.59
fold2_room1_mix0235,24,4,0,-8,-1,34.99
fold2_room1_mix0235,24,5,0,-67,8,7.21
fold2_room1_mix0235,25,4,0,179,-1,29.62
fold2_room1_mix0235,25,4,0,-10,-1,31.85
fold2_room1_mix0235,25,5,0,-66,8,7.14
fold2_room1_mix0235,26,4,0,-176,-1,32.93
fold2_room1_mix0235,26,4,0,-8,-1,34.74
fold2_room1_mix0235,26,5,0,-72,8,6.72
fold2_room1_mix0235,27,4,0,-178,-1,32.59
fold2_room1_mix0235,27,4,0,-10,-2,32.83
fold2_room1_mix0235,27,5,0,-65,8,7.66
fold2_room1_mix0235,28,4,0,-178,-1,30.35
fold2_room1_mix0235,28,4,0,-11,-2,30.92
fold2_room1_mix0235,28,5,0,-67,8,6.96
fold2_room1_mix0235,29,4,0,-176,-1,31.32
fold2_room1_mix0235,29,4,0,-11,-1,31.62
fold2_room1_mix0235,29,5,0,-70,9,6.45
fold2_room1_mix0235,30,4,0,-176,-1,29.71
fold2_room1_mix0235,30,4,0,-12,-1,30.31
fold2_room1_mix0235,30,5,0,-65,7,7.51
fold2_room1_mix0235,31,4,0,-173,-1,29.37
fold2_room1_mix0235,31,4,0,-14,-1,29.47
fold2_room1_mix0235,31,5,0,-70,8,7.36
fold2_room1_mix0235,32,4,0,-174,-1,28.89
fold2_room1_mix0235,32,4,0,-14,-1,28.36
fold2_room1_mix0235,32,5,0,-66,8,6.64
fold2_room1_mix0235,33,4,0,-173,0,27.21
fold2_room1_mix0235,33,4,0,-14,-1,28.61
fold2_room1_mix0235,33,5,0,-65,7,9.16
fold2_room1_mix0235,34,4,0,-173,-1,27.43
fold2_room1_mix0235,34,4,0,-14,-1,27.49
fold2_room1_mix0235,34,5,0,-68,8,7.33
fold2_room1_mix0235,35,4,0,-171,-1,26.10
fold2_room1_mix0235,35,4,0,-15,-1,27.71
fold2_room1_mix0235,35,5,0,-69,8,7.54
fold2_room1_mix0235,36,4,0,-170,0,25.57
fold2_room1_mix0235,36,4,0,-13,-1,25.93
fold2_room1_mix0235,36,5,0,-66,7,8.01
fold2_room1_mix0235,37,4,0,-170,-1,24.42
fold2_room1_mix0235,37,4,0,-15,-1,25.94
fold2_room1_mix0235,37,5,0,-68,7,8.39
fold2_room1_mix0235,38,4,0,-170,-1,24.16
fold2_room1_mix0235,38,4,0,-14,-1,26.38
fold2_room1_mix0235,38,5,0,-63,6,8.79
fold2_room1_mix0235,39,4,0,-171,-1,24.55
fold2_room1_mix0235,39,4,0,-15,0,26.06
fold2_room1_mix0235,39,5,0,-65,7,8.00
fold2_room1_mix0235,40,4,0,-168,-1,23.43
fold2_room1_mix0235,40,4,0,-16,-1,26.13
fold2_room1_mix0235,40,5,0,-68,7,7.97
fold2_room1_mix0235,41,4,0,-167,-1,20.24
fold2_room1_mix0235,41,4,0,-16,0,25.25
fold2_room1_mix0235,41,5,0,-66,7,7.54
fold2_room1_mix0235,42,4,0,-167,-1,21.41
fold2_room1_mix0235,42,4,0,-19,-1,23.44
fold2_room1_mix0235,42,5,0,-65,7,7.20
fold2_room1_mix0235,43,4,0,-165,-1,19.56
fold2_room1_mix0235,43,4,0,-19,-1,22.52
fold2_room1_mix0235,43,5,0,-69,7,8.54
fold2_room1_mix0235,44,4,0,-160,-1,18.15
fold2_room1_mix0235,44,4,0,-25,-1,21.19
fold2_room1_mix0235,44,5,0,-69,7,7.70
fold2_room1_mix0235,45,4,0,-157,-1,16.51
fold2_room1_mix0235,45,4,0,-25,-2,18.91
fold2_room1_mix0235,45,5,0,-63,7,8.12
fold2_room1_mix0235,46,4,0,-158,-1,17.50
fold2_room1_mix0235,46,4,0,-23,-2,21.03
fold2_room1_mix0235,46,5,0,-68,6,9.15
fold2_room1_mix0235,47,4,0,-158,-1,15.28
fold2_room1_mix0235,47,4,0,-78,-3,14.98
fold2_room1_mix0235,47,4,0,-25,0,24.17
fold2_room1_mix0235,47,5,0,-66,7,8.35
fold2_room1_mix0235,48,4,0,-162,-2,14.39
fold2_room1_mix0235,48,4,0,-118,-3,13.21
fold2_room1_mix0235,48,4,0,-27,0,22.46
fold2_room1_mix0235,48,5,0,-62,8,6.87
fold2_room1_mix0235,49,4,0,-162,-2,13.94
fold2_room1_mix0235,49,4,0,-130,-2,12.47
fold2_room1_mix0235,49,4,0,-27,0,22.90
fold2_room1_mix0235,49,5,0,-67,6,9.74
fold2_room1_mix0235,50,4,0,-164,-2,14.09
fold2_room1_mix0235,50,4,0,-133,-3,11.63
fold2_room1_mix0235,50,4,0,-28,0,20.63
fold2_room1_mix0235,50,5,0,-66,7,8.59
fold2_room1_mix0235,51,4,0,-160,-2,11.76
fold2_room1_mix0235,51,4,0,-100,-3,11.56
fold2_room1_mix0235,51,4,0,-28,0,20.51
fold2_room1_mix0235,51,5,0,-64,6,8.78
fold2_room1_mix0235,52,4,0,-163,-2,10.78
fold2_room1_mix0235,52,4,0,-94,-2,11.26
fold2_room1_mix0235,52,4,0,-28,0,19.30
fold2_room1_mix0235,52,5,0,-62,7,8.44
fold2_room1_mix0235,53,4,0,-162,-3,10.11
fold2_room1_mix0235,53,4,0,-78,-3,10.88
fold2_room1_mix0235,53,4,0,-32,-1,17.79
fold2_room1_mix0235,53,5,0,-62,7,7.79
fold2_room1_mix0235,54,4,0,-162,-3,9.51
fold2_room1_mix0235,54,4,0,-81,-3,9.76
fold2_room1_mix0235,54,4,0,-27,-1,17.72
fold2_room1_mix0235,54,5,0,-60,6,8.47
fold2_room1_mix0235,55,4,0,-162,-3,8.71
fold2_room1_mix0235,55,4,0,-80,-3,8.87
fold2_room1_mix0235,55,4,0,-30,-1,15.65
fold2_room1_mix0235,55,5,0,-60,6,8.22
fold2_room1_mix0235,56,4,0,-158,-4,7.75
fold2_room1_mix0235,56,4,0,-82,-3,9.18
fold2_room1_mix0235,56,4,0,-33,-1,15.51
fold2_room1_mix0235,56,5,0,-64,7,7.47
fold2_room1_mix0235,57,4,0,-155,-4,7.30
fold2_room1_mix0235,57,4,0,-78,-2,9.49
fold2_room1_mix0235,57,4,0,-35,-1,14.38
fold2_room1_mix0235,57,5,0,-63,7,7.46
fold2_room1_mix0235,58,4,0,-155,-4,6.73
fold2_room1_mix0235,58,4,0,-81,-2,8.94
fold2_room1_mix0235,58,4,0,-31,-1,13.34
fold2_room1_mix0235,58,5,0,-64,7,7.38
fold2_room1_mix0235,59,4,0,-152,-4,5.89
fold2_room1_mix0235,59,4,0,-76,-2,8.35
fold2_room1_mix0235,59,4,0,-34,-1,12.38
fold2_room1_mix0235,59,5,0,-61,7,7.82
fold2_room1_mix0235,60,4,0,-153,-5,5.60
fold2_room1_mix0235,60,4,0,-82,-3,8.25
fold2_room1_mix0235,60,4,0,-39,-1,11.84
fold2_room1_mix0235,60,5,0,-62,7,6.88
fold2_room1_mix0235,61,4,0,-156,-7,4.80
fold2_room1_mix0235,61,4,0,-82,-3,8.27
fold2_room1_mix0235,61,4,0,-41,-2,11.14
fold2_room1_mix0235,61,5,0,-62,8,6.57
fold2_room1_mix0235,62,4,0,-153,-7,4.49
fold2_room1_mix0235,62,4,0,-83,-3,7.86
fold2_room1_mix0235,62,4,0,-45,-1,11.09
fold2_room1_mix0235,62,5,0,-63,7,7.78
fold2_room1_mix0235,63,4,0,-147,-7,3.77
fold2_room1_mix0235,63,4,0,-80,-2,7.34
fold2_room1_mix0235,63,4,0,-44,-1,9.21
fold2_room1_mix0235,63,5,0,-60,7,7.18
fold2_room1_mix0235,64,4,0,-137,-6,4.79
fold2_room1_mix0235,64,4,0,-76,-5,5.77
fold2_room1_mix0235,64,4,0,-43,-2,9.59
fold2_room1_mix0235,64,5,0,-65,9,5.66
fold2_room1_mix0235,65,4,0,-114,-5,5.49
fold2_room1_mix0235,65,4,0,-72,-5,5.28
fold2_room1_mix0235,65,4,0,-48,-1,10.68
fold2_room1_mix0235,65,5,0,-65,7,7.16
fold2_room1_mix0235,66,4,0,-106,-4,6.89
fold2_room1_mix0235,66,4,0,-66,-6,4.72
fold2_room1_mix0235,66,4,0,-48,-2,9.32
fold2_room1_mix0235,66,5,0,-65,7,6.99
fold2_room1_mix0235,67,4,0,-84,-4,6.00
fold2_room1_mix0235,67,4,0,-52,-4,5.79
fold2_room1_mix0235,67,5,0,-64,7,6.98
fold2_room1_mix0235,68,4,0,-74,-3,6.32
fold2_room1_mix0235,68,4,0,-51,-3,6.03
fold2_room1_mix0235,68,5,0,-61,7,7.06
fold2_room1_mix0235,69,4,0,-57,-3,6.00
fold2_room1_mix0235,69,5,0,-61,7,6.90
fold2_room1_mix0235,70,4,0,-84,-1,8.24
fold2_room1_mix0235,70,4,0,-46,-4,5.16
fold2_room1_mix0235,70,5,0,-60,6,8.06
fold2_room1_mix0235,71,4,0,-79,-1,7.01
fold2_room1_mix0235,71,4,0,-36,-3,5.65
fold2_room1_mix0235,71,5,0,-58,7,7.03
fold2_room1_mix0235,72,4,0,-81,-1,8.00
fold2_room1_mix0235,72,4,0,-35,-3,6.46
fold2_room1_mix0235,72,5,0,-57,7,6.96
fold2_room1_mix0235,73,4,0,-79,-1,6.91
fold2_room1_mix0235,73,4,0,-35,-2,6.93
fold2_room1_mix0235,73,5,0,-54,7,7.12
fold2_room1_mix0235,74,4,0,-83,-2,6.89
fold2_room1_mix0235,74,4,0,-28,-3,6.42
fold2_room1_mix0235,74,5,0,-52,7,7.29
fold2_room1_mix0235,75,4,0,-97,-2,6.45
fold2_room1_mix0235,75,4,0,-26,-2,7.52
fold2_room1_mix0235,75,5,0,-52,6,7.53
fold2_room1_mix0235,76,4,0,-97,-2,6.33
fold2_room1_mix0235,76,4,0,-23,-2,8.09
fold2_room1_mix0235,76,5,0,-48,6,7.76
fold2_room1_mix0235,77,4,0,-104,-3,6.61
fold2_room1_mix0235,77,4,0,-21,-2,8.63
fold2_room1_mix0235,77,5,0,-53,7,7.32
fold2_room1_mix0235,78,4,0,-113,-3,6.64
fold2_room1_mix0235,78,4,0,-22,-1,10.31
fold2_room1_mix0235,78,5,0,-58,6,7.69
fold2_room1_mix0235,79,4,0,-118,-2,7.10
fold2_room1_mix0235,79,4,0,-19,-2,9.52
fold2_room1_mix0235,79,5,0,-54,7,7.58
fold2_room1_mix0235,80,4,0,-123,-3,7.40
fold2_room1_mix0235,80,4,0,-17,-1,10.99
fold2_room1_mix0235,80,5,0,-56,7,6.59
fold2_room1_mix0235,81,4,0,-126,-2,7.54
fold2_room1_mix0235,81,4,0,-19,-1,11.75
fold2_room1_mix0235,81,5,0,-51,6,8.99
fold2_room1_mix0235,82,4,0,-125,-3,7.37
fold2_room1_mix0235,82,4,0,-19,-1,12.15
fold2_room1_mix0235,82,5,0,-50,6,8.56
fold2_room1_mix0235,83,4,0,-132,-2,8.25
fold2_room1_mix0235,83,4,0,-21,-1,13.28
fold2_room1_mix0235,83,5,0,-52,6,8.86
fold2_room1_mix0235,84,4,0,-134,-2,8.21
fold2_room1_mix0235,84,4,0,-26,-1,13.87
fold2_room1_mix0235,84,5,0,-51,6,8.73
fold2_room1_mix0235,85,4,0,-136,-2,9.09
fold2_room1_mix0235,85,4,0,-16,-1,15.13
fold2_room1_mix0235,85,5,0,-54,6,8.11
fold2_room1_mix0235,86,4,0,-137,-2,9.16
fold2_room1_mix0235,86,4,0,-19,-1,15.26
fold2_room1_mix0235,86,5,0,-51,5,9.26
fold2_room1_mix0235,87,4,0,-136,-2,9.79
fold2_room1_mix0235,87,4,0,-13,0,16.62
fold2_room1_mix0235,87,5,0,-52,6,8.25
fold2_room1_mix0235,88,4,0,-141,-2,10.96
fold2_room1_mix0235,88,4,0,-15,0,17.95
fold2_room1_mix0235,88,5,0,-53,6,8.08
fold2_room1_mix0235,89,4,0,-141,-2,10.86
fold2_room1_mix0235,89,4,0,-14,0,18.93
fold2_room1_mix0235,89,5,0,-56,6,7.75
fold2_room1_mix0235,90,4,0,-143,-2,11.80
fold2_room1_mix0235,90,4,0,-17,0,19.73
fold2_room1_mix0235,90,5,0,-52,6,8.37
fold2_room1_mix0235,91,4,0,-144,-2,12.29
fold2_room1_mix0235,91,4,0,-12,0,20.49
fold2_room1_mix0235,91,5,0,-58,6,9.11
fold2_room1_mix0235,92,4,0,-146,-2,12.39
fold2_room1_mix0235,92,4,0,-15,0,21.50
fold2_room1_mix0235,92,5,0,-54,6,7.68
fold2_room1_mix0235,93,4,0,-149,-2,13.23
fold2_room1_mix0235,93,4,0,-13,0,21.61
fold2_room1_mix0235,93,5,0,-52,6,7.81
fold2_room1_mix0235,94,4,0,-148,-1,14.33
fold2_room1_mix0235,94,4,0,-13,0,23.00
fold2_room1_mix0235,94,5,0,-51,6,9.60
fold2_room1_mix0235,95,4,0,-149,-1,14.59
fold2_room1_mix0235,95,4,0,-14,0,22.71
fold2_room1_mix0235,95,5,0,-56,6,8.54
fold2_room1_mix0235,96,4,0,-151,-1,15.17
fold2_room1_mix0235,96,4,0,-14,0,24.44
fold2_room1_mix0235,96,5,0,-54,6,8.33
fold2_room1_mix0235,97,4,0,-152,-1,15.88
fold2_room1_mix0235,97,4,0,-13,0,25.01
fold2_room1_mix0235,97,5,0,-51,5,10.32
fold2_room1_mix0235,98,4,0,-154,-1,16.74
fold2_room1_mix0235,98,4,0,-12,0,26.78
fold2_room1_mix0235,98,5,0,-54,6,9.16
fold2_room1_mix0235,99,4,0,-154,-1,16.60
fold2_room1_mix0235,99,4,0,-12,0,26.76
fold2_room1_mix0235,99,5,0,-51,6,10.26
fold2_room1_mix0236,0,5,0,-39,4,5.20
fold2_room1_mix0236,1,5,0,-40,3,11.89
fold2_room1_mix0236,2,5,0,-40,3,13.86
fold2_room1_mix0236,3,5,0,-42,3,10.86
fold2_room1_mix0236,4,5,0,-36,3,10.63
fold2_room1_mix0236,5,5,0,-38,3,14.70
fold2_room1_mix0236,6,5,0,-37,3,17.66
fold2_room1_mix0236,7,5,0,-41,3,17.29
fold2_room1_mix0236,8,5,0,-37,3,14.19
fold2_room1_mix0236,9,5,0,-41,3,16.24
fold2_room1_mix0236,10,5,0,-42,3,15.43
fold2_room1_mix0236,11,5,0,-36,3,16.33
fold2_room1_mix0236,12,5,0,-41,3,15.22
fold2_room1_mix0236,13,5,0,-39,3,15.60
fold2_room1_mix0236,14,5,0,-37,3,14.29
fold2_room1_mix0236,15,5,0,-35,3,16.28
fold2_room1_mix0236,16,5,0,-37,3,15.36
fold2_room1_mix0236,17,5,0,-34,2,16.47
fold2_room1_mix0236,18,5,0,-39,3,15.03
fold2_room1_mix0236,19,5,0,-38,3,15.60
fold2_room1_mix0236,20,5,0,-33,3,14.66
fold2_room1_mix0236,21,5,0,-38,3,16.32
fold2_room1_mix0236,22,5,0,-35,2,16.85
fold2_room1_mix0236,23,5,0,-35,3,15.42
fold2_room1_mix0236,24,5,0,-35,3,14.72
fold2_room1_mix0236,25,5,0,-32,2,16.96
fold2_room1_mix0236,26,5,0,-36,3,15.48
fold2_room1_mix0236,27,5,0,-33,3,15.83
fold2_room1_mix0236,28,5,0,-33,3,16.45
fold2_room1_mix0236,29,5,0,-35,3,14.78
fold2_room1_mix0236,30,5,0,-30,3,15.67
fold2_room1_mix0236,31,5,0,-31,3,16.81
fold2_room1_mix0236,32,5,0,-31,3,15.43
fold2_room1_mix0236,33,5,0,-30,3,15.01
fold2_room1_mix0236,34,5,0,-31,3,15.55
fold2_room1_mix0236,35,5,0,-31,3,15.68
fold2_room1_mix0236,36,5,0,-30,2,16.42
fold2_room1_mix0236,37,5,0,-33,3,16.38
fold2_room1_mix0236,38,5,0,-30,3,16.11
fold2_room1_mix0236,39,5,0,-29,2,16.86
fold2_room1_mix0236,40,5,0,-32,3,15.23
fold2_room1_mix0236,41,5,0,-29,3,15.49
fold2_room1_mix0236,42,5,0,-31,3,16.69
fold2_room1_mix0236,43,5,0,-34,3,16.42
fold2_room1_mix0236,44,5,0,-31,2,16.16
fold2_room1_mix0236,45,5,0,-33,3,15.53
fold2_room1_mix0236,46,5,0,-29,2,15.59
fold2_room1_mix0236,47,5,0,-30,3,16.44
fold2_room1_mix0236,48,5,0,-32,3,15.41
fold2_room1_mix0236,49,5,0,-28,3,15.57
fold2_room1_mix0236,50,5,0,-30,2,16.45
fold2_room1_mix0236,51,5,0,-29,2,16.95
fold2_room1_mix0236,52,5,0,-30,3,15.55
fold2_room1_mix0236,53,5,0,-30,2,16.69
fold2_room1_mix0236,54,5,0,-29,2,17.05
fold2_room1_mix0236,55,5,0,-29,2,16.12
fold2_room1_mix0236,56,5,0,-27,2,18.04
fold2_room1_mix0236,57,5,0,-27,2,16.49
fold2_room1_mix0236,58,5,0,-30,2,16.27
fold2_room1_mix0236,59,5,0,-34,3,14.87
fold2_room1_mix0236,60,5,0,-26,2,15.51
fold2_room1_mix0236,61,5,0,-30,3,15.83
fold2_room1_mix0236,62,5,0,-28,3,15.18
fold2_room1_mix0236,63,5,0,-30,2,15.70
fold2_room1_mix0236,64,5,0,-31,3,15.45
fold2_room1_mix0236,65,5,0,-30,3,14.62
fold2_room1_mix0236,66,5,0,-30,3,15.26
fold2_room1_mix0236,67,5,0,-31,3,15.33
fold2_room1_mix0236,68,5,0,-26,2,16.79
fold2_room1_mix0236,69,5,0,-30,2,15.94
fold2_room1_mix0236,70,5,0,-26,2,16.33
fold2_room1_mix0236,71,5,0,-25,2,17.24
fold2_room1_mix0236,72,5,0,-27,2,16.48
fold2_room1_mix0236,73,5,0,-26,2,16.40
fold2_room1_mix0236,74,5,0,-26,2,16.01
fold2_room1_mix0236,75,5,0,-26,2,16.92
fold2_room1_mix0236,76,5,0,-25,2,16.07
fold2_room1_mix0236,77,5,0,-26,2,15.94
fold2_room1_mix0236,78,5,0,-26,2,15.65
fold2_room1_mix0236,79,5,0,-25,2,16.02
fold2_room1_mix0236,80,5,0,-27,2,16.63
fold2_room1_mix0236,81,5,0,-25,2,15.53
fold2_room1_mix0236,82,5,0,-25,2,16.21
fold2_room1_mix0236,83,5,0,-26,2,16.30
fold2_room1_mix0236,84,5,0,-26,2,15.73
fold2_room1_mix0236,85,5,0,-24,2,16.80
fold2_room1_mix0236,86,5,0,-22,2,17.58
fold2_room1_mix0236,87,5,0,-24,2,17.07
fold2_room1_mix0236,88,5,0,-24,2,16.36
fold2_room1_mix0236,89,5,0,-19,2,19.26
fold2_room1_mix0236,90,5,0,-23,2,17.19
fold2_room1_mix0236,91,5,0,-25,2,16.75
fold2_room1_mix0236,92,5,0,-24,2,15.46
fold2_room1_mix0236,93,5,0,-22,2,15.19
fold2_room1_mix0236,94,5,0,-24,2,16.56
fold2_room1_mix0236,95,5,0,-26,2,15.94
fold2_room1_mix0236,96,5,0,-24,2,16.39
fold2_room1_mix0236,97,5,0,-23,2,16.80
fold2_room1_mix0236,98,5,0,-25,2,15.29
fold2_room1_mix0236,99,5,0,-24,2,16.31
fold2_room1_mix0237,3,4,0,1,0,7.12
fold2_room1_mix0237,4,4,0,5,-1,17.51
fold2_room1_mix0237,5,4,0,5,-1,21.69
fold2_room1_mix0237,6,4,0,5,-1,23.89
fold2_room1_mix0237,7,4,0,4,-1,33.09
fold2_room1_mix0237,8,4,0,5,-1,35.99
fold2_room1_mix0237,9,4,0,6,-2,35.27
fold2_room1_mix0237,10,2,0,47,-4,9.99
fold2_room1_mix0237,10,4,0,7,-1,33.35
fold2_room1_mix0237,11,2,0,48,-4,10.53
fold2_room1_mix0237,11,4,0,7,-1,32.75
fold2_room1_mix0237,12,2,0,44,-3,11.63
fold2_room1_mix0237,12,4,0,7,-1,33.19
fold2_room1_mix0237,13,2,0,41,-3,11.10
fold2_room1_mix0237,13,4,0,6,-1,31.03
fold2_room1_mix0237,14,2,0,38,-3,11.41
fold2_room1_mix0237,14,4,0,7,-1,31.18
fold2_room1_mix0237,15,2,0,35,-2,13.06
fold2_room1_mix0237,15,4,0,8,-1,30.73
fold2_room1_mix0237,16,4,0,6,-1,30.81
fold2_room1_mix0237,17,4,0,6,-1,32.25
fold2_room1_mix0237,18,4,0,6,-1,30.33
fold2_room1_mix0237,19,4,0,7,-1,29.21
fold2_room1_mix0237,20,2,0,46,-3,12.38
fold2_room1_mix0237,20,4,0,6,-2,27.99
fold2_room1_mix0237,21,2,0,43,-3,13.42
fold2_room1_mix0237,21,4,0,7,-1,30.46
fold2_room1_mix0237,22,2,0,45,-3,11.05
fold2_room1_mix0237,22,4,0,7,-1,27.41
fold2_room1_mix0237,23,2,0,46,-4,11.58
fold2_room1_mix0237,23,4,0,8,-1,27.73
fold2_room1_mix0237,24,2,0,45,-4,12.24
fold2_room1_mix0237,24,4,0,8,-1,28.20
fold2_room1_mix0237,25,2,0,49,-3,10.71
fold2_room1_mix0237,25,4,0,7,-1,28.81
fold2_room1_mix0237,26,4,0,9,-1,26.71
fold2_room1_mix0237,27,4,0,9,-1,26.52
fold2_room1_mix0237,28,4,0,10,-1,26.38
fold2_room1_mix0237,29,4,0,12,-1,25.87
fold2_room1_mix0237,30,2,0,55,-4,11.06
fold2_room1_mix0237,30,4,0,12,-1,25.14
fold2_room1_mix0237,31,2,0,53,-4,11.18
fold2_room1_mix0237,31,4,0,11,-1,24.86
fold2_room1_mix0237,32,2,0,56,-4,11.37
fold2_room1_mix0237,32,4,0,11,-1,25.25
fold2_room1_mix0237,33,2,0,55,-5,10.40
fold2_room1_mix0237,33,4,0,9,-1,25.34
fold2_room1_mix0237,34,2,0,59,-5,9.61
fold2_room1_mix0237,34,4,0,10,-1,24.71
fold2_room1_mix0237,35,2,0,56,-4,9.25
fold2_room1_mix0237,35,4,0,10,-1,25.10
fold2_room1_mix0237,36,4,0,12,-1,22.89
fold2_room1_mix0237,37,4,0,13,-1,23.45
fold2_room1_mix0237,38,0,0,158,-2,4.64
fold2_room1_mix0237,38,4,0,12,-1,22.65
fold2_room1_mix0237,39,0,0,157,-1,5.98
fold2_room1_mix0237,39,4,0,12,0,21.43
fold2_room1_mix0237,40,0,0,150,-2,6.48
fold2_room1_mix0237,40,2,0,60,-4,9.93
fold2_room1_mix0237,40,4,0,11,0,20.36
fold2_room1_mix0237,41,0,0,140,-2,5.00
fold2_room1_mix0237,41,2,0,69,-5,11.18
fold2_room1_mix0237,41,4,0,8,0,20.10
fold2_room1_mix0237,42,0,0,142,-2,3.30
fold2_room1_mix0237,42,2,0,66,-5,10.36
fold2_room1_mix0237,42,4,0,9,-1,19.40
fold2_room1_mix0237,43,0,0,145,-2,9.38
fold2_room1_mix0237,43,2,0,62,-5,11.59
fold2_room1_mix0237,43,4,0,9,-1,18.61
fold2_room1_mix0237,44,0,0,142,-2,7.10
fold2_room1_mix0237,44,2,0,71,-5,11.92
fold2_room1_mix0237,44,4,0,6,-1,18.43
fold2_room1_mix0237,45,0,0,136,-2,10.19
fold2_room1_mix0237,45,2,0,73,-4,8.96
fold2_room1_mix0237,45,4,0,8,-1,18.05
fold2_room1_mix0237,46,0,0,134,-1,8.66
fold2_room1_mix0237,46,4,0,9,-2,15.93
fold2_room1_mix0237,47,0,0,130,-2,11.42
fold2_room1_mix0237,47,4,0,10,-2,16.41
fold2_room1_mix0237,48,0,0,130,-2,11.02
fold2_room1_mix0237,48,4,0,10,-1,15.86
fold2_room1_mix0237,49,0,0,137,-2,11.08
fold2_room1_mix0237,49,4,0,10,-1,16.95
fold2_room1_mix0237,50,0,0,128,-2,9.26
fold2_room1_mix0237,50,2,0,71,-5,9.64
fold2_room1_mix0237,50,4,0,10,-1,16.57
fold2_room1_mix0237,51,0,0,125,-2,9.08
fold2_room1_mix0237,51,2,0,78,-4,10.29
fold2_room1_mix0237,51,4,0,8,-1,14.90
fold2_room1_mix0237,52,0,0,130,-2,9.37
fold2_room1_mix0237,52,2,0,74,-5,11.70
fold2_room1_mix0237,52,4,0,8,-1,15.63
fold2_room1_mix0237,53,0,0,121,-2,9.41
fold2_room1_mix0237,53,2,0,86,-5,11.65
fold2_room1_mix0237,53,4,0,9,-2,13.71
fold2_room1_mix0237,54,0,0,115,-3,8.49
fold2_room1_mix0237,54,2,0,85,-5,11.25
fold2_room1_mix0237,54,4,0,9,-2,12.52
fold2_room1_mix0237,55,0,0,119,-2,9.34
fold2_room1_mix0237,55,2,0,90,-5,8.43
fold2_room1_mix0237,55,4,0,12,-2,12.52
fold2_room1_mix0237,56,0,0,116,-2,9.72
fold2_room1_mix0237,56,2,0,97,-4,7.29
fold2_room1_mix0237,56,4,0,14,-3,11.93
fold2_room1_mix0237,57,0,0,109,-3,8.32
fold2_room1_mix0237,57,2,0,90,-4,2.90
fold2_room1_mix0237,57,4,0,17,-4,10.05
fold2_room1_mix0237,58,0,0,103,-3,8.65
fold2_room1_mix0237,58,4,0,18,-3,10.25
fold2_room1_mix0237,59,0,0,101,-3,8.40
fold2_room1_mix0237,59,4,0,18,-3,10.07
fold2_room1_mix0237,60,0,0,102,-3,9.06
fold2_room1_mix0237,60,2,0,77,-5,4.88
fold2_room1_mix0237,60,4,0,20,-3,9.66
fold2_room1_mix0237,61,0,0,93,-3,9.30
fold2_room1_mix0237,61,2,0,98,-4,4.89
fold2_room1_mix0237,61,4,0,15,-3,9.58
fold2_room1_mix0237,62,0,0,91,-3,9.00
fold2_room1_mix0237,62,2,0,106,-4,7.93
fold2_room1_mix0237,62,4,0,19,-2,9.04
fold2_room1_mix0237,63,0,0,91,-3,9.84
fold2_room1_mix0237,63,2,0,91,-5,5.32
fold2_room1_mix0237,63,4,0,20,-3,8.60
fold2_room1_mix0237,64,0,0,81,-3,9.88
fold2_room1_mix0237,64,2,0,101,-4,7.84
fold2_room1_mix0237,64,4,0,19,-3,8.82
fold2_room1_mix0237,65,0,0,73,-3,10.31
fold2_room1_mix0237,65,4,0,21,-3,8.24
fold2_room1_mix0237,66,0,0,74,-2,11.92
fold2_room1_mix0237,66,4,0,24,-3,7.85
fold2_room1_mix0237,67,0,0,66,-2,12.06
fold2_room1_mix0237,67,4,0,30,-3,7.22
fold2_room1_mix0237,68,0,0,60,-2,13.95
fold2_room1_mix0237,68,4,0,36,-3,6.86
fold2_room1_mix0237,69,0,0,53,-1,14.87
fold2_room1_mix0237,69,4,0,40,-3,7.16
fold2_room1_mix0237,70,0,0,51,-1,16.04
fold2_room1_mix0237,70,2,0,105,-5,4.80
fold2_room1_mix0237,70,4,0,37,-4,6.72
fold2_room1_mix0237,71,0,0,51,-1,15.75
fold2_room1_mix0237,71,2,0,105,-7,4.37
fold2_room1_mix0237,71,4,0,41,-3,6.98
fold2_room1_mix0237,72,0,0,54,-1,11.65
fold2_room1_mix0237,72,4,0,43,-4,6.30
fold2_room1_mix0237,73,0,0,59,-1,7.95
fold2_room1_mix0237,73,4,0,47,-3,6.34
fold2_room1_mix0237,74,4,0,52,-5,5.33
fold2_room1_mix0237,75,4,0,55,-4,5.17
fold2_room1_mix0237,76,4,0,61,-5,4.70
fold2_room1_mix0237,77,4,0,65,-5,4.93
fold2_room1_mix0237,78,4,0,70,-5,4.44
fold2_room1_mix0237,79,4,0,78,-6,4.43
fold2_room1_mix0237,80,4,0,83,-7,4.39
fold2_room1_mix0237,81,4,0,88,-7,4.40
fold2_room1_mix0237,82,4,0,94,-7,4.73
fold2_room1_mix0237,83,4,0,101,-6,4.81
fold2_room1_mix0237,84,4,0,108,-5,5.25
fold2_room1_mix0237,85,4,0,112,-5,5.37
fold2_room1_mix0237,86,4,0,116,-5,5.40
fold2_room1_mix0237,87,4,0,122,-4,5.73
fold2_room1_mix0237,88,4,0,125,-4,6.00
fold2_room1_mix0237,89,4,0,127,-5,6.41
fold2_room1_mix0237,90,4,0,131,-4,6.35
fold2_room1_mix0237,91,4,0,133,-4,6.58
fold2_room1_mix0237,92,4,0,136,-4,7.07
fold2_room1_mix0237,93,4,0,137,-4,7.25
fold2_room1_mix0237,94,4,0,140,-4,7.45
fold2_room1_mix0237,95,4,0,142,-4,7.99
fold2_room1_mix0237,96,4,0,144,-3,8.41
fold2_room1_mix0237,97,4,0,146,-3,9.37
fold2_room1_mix0237,98,4,0,147,-3,9.20
fold2_room1_mix0237,99,4,0,149,-3,9.45
fold2_room1_mix0238,68,4,0,173,-2,5.01
fold2_room1_mix0238,69,4,0,176,-2,7.68
fold2_room1_mix0238,70,4,0,172,-2,9.34
fold2_room1_mix0238,71,4,0,172,-3,9.18
fold2_room1_mix0238,72,4,0,168,-3,10.43
fold2_room1_mix0238,73,4,0,170,-3,10.16
fold2_room1_mix0238,74,4,0,168,-3,9.79
fold2_room1_mix0238,75,4,0,167,-4,8.99
fold2_room1_mix0238,76,4,0,162,-4,7.51
fold2_room1_mix0238,77,4,0,160,-4,6.47
fold2_room1_mix0238,78,4,0,158,-5,4.99
fold2_room1_mix0238,79,4,0,153,-6,3.99
fold2_room1_mix0238,80,4,0,143,-9,2.97
fold2_room1_mix0238,81,4,0,125,-12,2.31
fold2_room1_mix0238,82,4,0,100,-11,2.07
fold2_room1_mix0238,83,4,0,63,-9,1.86
fold2_room1_mix0238,84,4,0,44,-6,2.27
fold2_room1_mix0238,85,4,0,30,-5,3.13
fold2_room1_mix0238,86,4,0,25,-3,3.97
fold2_room1_mix0238,87,4,0,22,-3,4.83
fold2_room1_mix0238,88,4,0,19,-3,5.82
fold2_room1_mix0238,89,4,0,15,-2,7.32
fold2_room1_mix0238,90,4,0,13,-2,8.06
fold2_room1_mix0238,91,4,0,12,-2,9.27
fold2_room1_mix0238,92,4,0,11,-2,9.80
fold2_room1_mix0238,93,4,0,11,-2,9.38
fold2_room1_mix0238,94,4,0,10,-1,9.07
fold2_room1_mix0238,95,4,0,10,-1,5.29
fold2_room1_mix0239,25,4,0,-5,0,11.27
fold2_room1_mix0239,26,4,0,-6,0,13.99
fold2_room1_mix0239,27,4,0,-5,-1,18.59
fold2_room1_mix0239,28,4,0,-3,-1,19.29
fold2_room1_mix0239,29,4,0,-4,-1,18.67
fold2_room1_mix0239,30,4,0,-5,-2,20.12
fold2_room1_mix0239,31,4,0,-5,-2,19.91
fold2_room1_mix0239,32,4,0,-4,-2,20.12
fold2_room1_mix0239,33,4,0,-2,-1,19.46
fold2_room1_mix0239,34,4,0,-5,-2,18.73
fold2_room1_mix0239,35,4,0,-4,-2,17.55
fold2_room1_mix0239,36,4,0,-5,-2,16.16
fold2_room1_mix0239,37,4,0,-4,-2,16.71
fold2_room1_mix0239,38,4,0,-6,-2,15.88
fold2_room1_mix0239,39,4,0,-8,-2,14.52
fold2_room1_mix0239,40,4,0,-5,-2,15.38
fold2_room1_mix0239,41,4,0,-5,-2,15.11
fold2_room1_mix0239,42,4,0,-6,-2,14.29
fold2_room1_mix0239,43,4,0,-7,-2,14.42
fold2_room1_mix0239,44,4,0,-7,-2,13.78
fold2_room1_mix0239,45,4,0,-7,-2,13.46
fold2_room1_mix0239,46,4,0,-7,-2,12.81
fold2_room1_mix0239,47,4,0,-7,-3,12.36
fold2_room1_mix0239,48,4,0,-9,-3,11.38
fold2_room1_mix0239,49,4,0,-10,-3,11.14
fold2_room1_mix0239,50,4,0,-10,-3,9.98
fold2_room1_mix0239,51,4,0,-12,-4,9.78
fold2_room1_mix0239,52,4,0,-10,-4,9.41
fold2_room1_mix0239,53,4,0,-12,-4,8.84
fold2_room1_mix0239,54,4,0,-14,-4,7.72
fold2_room1_mix0239,55,4,0,-16,-5,6.81
fold2_room1_mix0239,56,4,0,-19,-4,7.06
fold2_room1_mix0239,57,4,0,-22,-5,6.69
fold2_room1_mix0239,58,4,0,-28,-7,3.98
fold2_room1_mix0239,58,4,0,-10,-2,10.76
fold2_room1_mix0239,59,4,0,-34,-7,3.61
fold2_room1_mix0239,59,4,0,-13,-2,10.61
fold2_room1_mix0239,60,4,0,-36,-9,2.81
fold2_room1_mix0239,60,4,0,-15,-2,10.37
fold2_room1_mix0239,61,4,0,-49,-10,2.44
fold2_room1_mix0239,61,4,0,-15,-2,11.23
fold2_room1_mix0239,62,4,0,-59,-12,2.00
fold2_room1_mix0239,62,4,0,-19,-3,11.81
fold2_room1_mix0239,63,4,0,-77,-12,1.88
fold2_room1_mix0239,63,4,0,-25,-2,11.90
fold2_room1_mix0239,64,4,0,-97,-11,1.81
fold2_room1_mix0239,64,4,0,-21,-2,12.24
fold2_room1_mix0239,65,4,0,-125,-8,2.23
fold2_room1_mix0239,65,4,0,-16,-2,11.97
fold2_room1_mix0239,66,4,0,-138,-6,2.47
fold2_room1_mix0239,66,4,0,-16,-3,6.71
fold2_room1_mix0239,67,4,0,-144,-6,2.77
fold2_room1_mix0239,67,4,0,-19,-4,6.61
fold2_room1_mix0239,68,4,0,-152,-6,3.17
fold2_room1_mix0239,68,4,0,-19,-4,7.08
fold2_room1_mix0239,69,4,0,-153,-5,3.95
fold2_room1_mix0239,69,4,0,-18,-4,6.55
fold2_room1_mix0239,70,4,0,-158,-4,3.97
fold2_room1_mix0239,70,4,0,-20,-4,6.61
fold2_room1_mix0239,71,4,0,-157,-4,4.69
fold2_room1_mix0239,71,4,0,-23,-4,6.25
fold2_room1_mix0239,72,4,0,-160,-4,5.42
fold2_room1_mix0239,72,4,0,-22,-4,6.16
fold2_room1_mix0239,73,4,0,-161,-4,5.45
fold2_room1_mix0239,73,4,0,-24,-5,5.29
fold2_room1_mix0239,74,4,0,-160,-4,6.03
fold2_room1_mix0239,74,4,0,-23,-5,5.34
fold2_room1_mix0239,75,4,0,-163,-5,7.09
fold2_room1_mix0239,75,4,0,-28,-7,5.03
fold2_room1_mix0239,76,4,0,-162,-4,7.59
fold2_room1_mix0239,76,4,0,-28,-7,4.62
fold2_room1_mix0239,77,4,0,-162,-3,7.32
fold2_room1_mix0239,77,4,0,-31,-7,4.11
fold2_room1_mix0239,78,4,0,-166,-3,8.05
fold2_room1_mix0239,78,4,0,-36,-6,4.33
fold2_room1_mix0239,79,4,0,-161,-3,8.57
fold2_room1_mix0239,79,4,0,-41,-8,3.80
fold2_room1_mix0239,80,4,0,-164,-3,8.82
fold2_room1_mix0239,80,4,0,-54,-9,3.16
fold2_room1_mix0239,81,4,0,-162,-2,9.42
fold2_room1_mix0239,81,4,0,-72,-9,3.12
fold2_room1_mix0239,82,4,0,-163,-2,9.57
fold2_room1_mix0239,82,4,0,-92,-10,2.57
fold2_room1_mix0239,83,4,0,-163,-2,8.75
fold2_room1_mix0239,83,4,0,-106,-9,2.55
fold2_room1_mix0239,84,4,0,-167,-2,8.62
fold2_room1_mix0239,84,4,0,-119,-8,2.53
fold2_room1_mix0239,85,4,0,-164,-2,9.38
fold2_room1_mix0239,85,4,0,-133,-6,3.41
fold2_room1_mix0239,86,4,0,-167,-2,9.68
fold2_room1_mix0239,86,4,0,-142,-4,4.00
fold2_room1_mix0239,87,4,0,-169,-2,8.41
fold2_room1_mix0239,87,4,0,-147,-4,4.36
fold2_room1_mix0239,88,4,0,-167,-1,9.47
fold2_room1_mix0239,88,4,0,-149,-4,5.12
fold2_room1_mix0239,89,4,0,-169,-2,9.70
fold2_room1_mix0239,89,4,0,-153,-3,5.55
fold2_room1_mix0239,90,4,0,-160,-3,7.51
fold2_room1_mix0239,91,4,0,-162,-2,8.91
fold2_room1_mix0239,92,4,0,-162,-2,8.41
fold2_room1_mix0239,93,4,0,-161,-2,8.79
fold2_room1_mix0239,94,4,0,-163,-1,10.14
fold2_room1_mix0239,95,4,0,-165,-1,10.75
fold2_room1_mix0239,96,4,0,-165,-1,11.22
fold2_room1_mix0239,97,4,0,-166,-1,11.95
fold2_room1_mix0239,98,4,0,-167,-1,13.07
fold2_room1_mix0239,99,4,0,-168,-1,13.26
fold2_room1_mix0240,0,5,0,122,0,6.62
fold2_room1_mix0240,1,5,0,131,2,14.74
fold2_room1_mix0240,2,4,0,-172,0,2.34
fold2_room1_mix0240,2,5,0,153,3,9.03
fold2_room1_mix0240,3,4,0,-171,0,6.77
fold2_room1_mix0240,3,5,0,131,2,9.60
fold2_room1_mix0240,4,4,0,-170,0,17.49
fold2_room1_mix0240,4,5,0,127,1,11.56
fold2_room1_mix0240,5,4,0,-167,0,19.05
fold2_room1_mix0240,5,5,0,132,2,17.17
fold2_room1_mix0240,6,4,0,-172,0,18.29
fold2_room1_mix0240,6,5,0,124,1,22.69
fold2_room1_mix0240,7,4,0,-172,0,22.46
fold2_room1_mix0240,7,5,0,126,1,18.49
fold2_room1_mix0240,8,4,0,-170,-1,31.24
fold2_room1_mix0240,8,5,0,127,1,16.58
fold2_room1_mix0240,9,4,0,-170,-1,27.02
fold2_room1_mix0240,9,5,0,126,1,21.93
fold2_room1_mix0240,10,4,0,-171,0,28.88
fold2_room1_mix0240,10,5,0,125,1,19.39
fold2_room1_mix0240,11,4,0,-170,0,29.25
fold2_room1_mix0240,11,5,0,121,1,20.53
fold2_room1_mix0240,12,4,0,-173,0,27.47
fold2_room1_mix0240,12,5,0,122,1,21.52
fold2_room1_mix0240,13,4,0,-170,0,28.43
fold2_room1_mix0240,13,5,0,120,1,20.37
fold2_room1_mix0240,14,4,0,-167,0,29.09
fold2_room1_mix0240,14,5,0,120,1,21.30
fold2_room1_mix0240,15,4,0,-168,-1,28.64
fold2_room1_mix0240,15,5,0,123,1,20.08
fold2_room1_mix0240,16,4,0,-168,-1,25.94
fold2_room1_mix0240,16,5,0,121,1,19.93
fold2_room1_mix0240,17,4,0,-166,-1,26.93
fold2_room1_mix0240,17,5,0,118,1,21.09
fold2_room1_mix0240,18,4,0,-165,-1,28.76
fold2_room1_mix0240,18,5,0,123,1,19.09
fold2_room1_mix0240,19,4,0,-166,-1,25.20
fold2_room1_mix0240,19,5,0,122,1,20.33
fold2_room1_mix0240,20,4,0,-166,-1,25.44
fold2_room1_mix0240,20,5,0,124,1,21.64
fold2_room1_mix0240,21,4,0,-160,-1,25.96
fold2_room1_mix0240,21,5,0,118,1,19.31
fold2_room1_mix0240,22,4,0,-162,-1,24.35
fold2_room1_mix0240,22,5,0,122,1,21.24
fold2_room1_mix0240,23,4,0,-162,-1,25.61
fold2_room1_mix0240,23,5,0,122,1,18.88
fold2_room1_mix0240,24,4,0,-159,-1,23.99
fold2_room1_mix0240,24,5,0,120,1,20.24
fold2_room1_mix0240,25,4,0,-159,-1,24.05
fold2_room1_mix0240,25,5,0,118,1,21.92
fold2_room1_mix0240,26,4,0,-160,-1,25.41
fold2_room1_mix0240,26,5,0,116,1,18.60
fold2_room1_mix0240,27,4,0,-157,-2,23.97
fold2_room1_mix0240,27,5,0,118,1,20.63
fold2_room1_mix0240,28,4,0,-155,-2,23.30
fold2_room1_mix0240,28,5,0,118,1,20.57
fold2_room1_mix0240,29,4,0,-155,-1,23.56
fold2_room1_mix0240,29,5,0,115,1,19.67
fold2_room1_mix0240,30,4,0,-156,-2,24.26
fold2_room1_mix0240,30,5,0,115,1,19.85
fold2_room1_mix0240,31,4,0,-155,-2,23.45
fold2_room1_mix0240,31,5,0,116,1,21.03
fold2_room1_mix0240,32,4,0,-149,-2,22.19
fold2_room1_mix0240,32,5,0,113,1,19.28
fold2_room1_mix0240,33,4,0,-149,-2,22.72
fold2_room1_mix0240,33,5,0,115,1,21.54
fold2_room1_mix0240,34,4,0,-150,-2,22.86
fold2_room1_mix0240,34,5,0,115,1,20.71
fold2_room1_mix0240,35,4,0,-144,-2,21.59
fold2_room1_mix0240,35,5,0,113,1,19.47
fold2_room1_mix0240,36,4,0,-145,-2,21.94
fold2_room1_mix0240,36,5,0,112,1,20.73
fold2_room1_mix0240,37,4,0,-142,-2,21.32
fold2_room1_mix0240,37,5,0,113,1,19.60
fold2_room1_mix0240,38,4,0,-142,-2,20.40
fold2_room1_mix0240,38,5,0,109,1,18.89
fold2_room1_mix0240,39,4,0,-144,-2,20.96
fold2_room1_mix0240,39,5,0,115,1,20.03
fold2_room1_mix0240,40,4,0,-138,-2,19.81
fold2_room1_mix0240,40,5,0,110,1,18.42
fold2_room1_mix0240,41,4,0,-141,-2,19.61
fold2_room1_mix0240,41,5,0,113,1,20.87
fold2_room1_mix0240,42,4,0,-139,-2,19.20
fold2_room1_mix0240,42,5,0,113,1,18.96
fold2_room1_mix0240,43,4,0,-138,-2,19.02
fold2_room1_mix0240,43,5,0,114,1,19.58
fold2_room1_mix0240,44,2,0,-87,-4,6.21
fold2_room1_mix0240,44,4,0,-137,-2,20.16
fold2_room1_mix0240,44,5,0,116,0,22.42
fold2_room1_mix0240,45,2,0,-76,-6,4.41
fold2_room1_mix0240,45,4,0,-134,-2,20.15
fold2_room1_mix0240,45,5,0,115,1,23.10
fold2_room1_mix0240,46,4,0,-135,-2,18.08
fold2_room1_mix0240,46,5,0,114,1,21.07
fold2_room1_mix0240,47,4,0,-132,-2,17.97
fold2_room1_mix0240,47,5,0,120,1,23.21
fold2_room1_mix0240,48,4,0,-129,-2,16.98
fold2_room1_mix0240,48,5,0,111,1,20.64
fold2_room1_mix0240,49,4,0,-129,-2,16.23
fold2_room1_mix0240,49,5,0,113,1,21.07
fold2_room1_mix0240,50,2,0,-67,-3,8.26
fold2_room1_mix0240,50,4,0,-128,-3,17.26
fold2_room1_mix0240,50,5,0,112,0,19.92
fold2_room1_mix0240,51,2,0,-65,-4,7.40
fold2_room1_mix0240,51,4,0,-126,-3,16.99
fold2_room1_mix0240,51,5,0,110,1,19.88
fold2_room1_mix0240,52,2,0,-59,-3,10.08
fold2_room1_mix0240,52,4,0,-125,-3,16.55
fold2_room1_mix0240,52,5,0,113,0,19.89
fold2_room1_mix0240,53,2,0,-67,-3,9.91
fold2_room1_mix0240,53,4,0,-126,-3,17.00
fold2_room1_mix0240,53,5,0,112,0,18.07
fold2_room1_mix0240,54,2,0,-58,-4,10.47
fold2_room1_mix0240,54,4,0,-120,-3,15.46
fold2_room1_mix0240,54,5,0,110,1,17.85
fold2_room1_mix0240,55,2,0,-54,-3,11.39
fold2_room1_mix0240,55,4,0,-120,-3,15.87
fold2_room1_mix0240,55,5,0,115,0,18.32
fold2_room1_mix0240,56,4,0,-121,-3,14.91
fold2_room1_mix0240,56,5,0,107,1,17.88
fold2_room1_mix0240,57,4,0,-118,-3,14.83
fold2_room1_mix0240,57,5,0,109,1,19.75
fold2_room1_mix0240,58,4,0,-116,-3,14.60
fold2_room1_mix0240,58,5,0,112,1,20.26
fold2_room1_mix0240,59,4,0,-113,-3,14.26
fold2_room1_mix0240,59,5,0,110,1,18.88
fold2_room1_mix0240,60,2,0,-52,-4,9.13
fold2_room1_mix0240,60,4,0,-113,-4,14.94
fold2_room1_mix0240,60,5,0,108,1,17.63
fold2_room1_mix0240,61,2,0,-49,-3,11.88
fold2_room1_mix0240,61,4,0,-111,-3,14.76
fold2_room1_mix0240,61,5,0,111,1,18.85
fold2_room1_mix0240,62,2,0,-54,-3,10.65
fold2_room1_mix0240,62,4,0,-110,-4,14.14
fold2_room1_mix0240,62,5,0,107,1,16.96
fold2_room1_mix0240,63,2,0,-51,-3,12.51
fold2_room1_mix0240,63,4,0,-108,-4,14.38
fold2_room1_mix0240,63,5,0,111,1,16.23
fold2_room1_mix0240,64,2,0,-49,-3,13.04
fold2_room1_mix0240,64,4,0,-104,-4,14.14
fold2_room1_mix0240,64,5,0,109,1,15.91
fold2_room1_mix0240,65,2,0,-48,-3,12.71
fold2_room1_mix0240,65,4,0,-105,-4,13.29
fold2_room1_mix0240,65,5,0,111,1,16.34
fold2_room1_mix0240,66,4,0,-102,-4,13.02
fold2_room1_mix0240,66,5,0,109,1,17.41
fold2_room1_mix0240,67,4,0,-98,-4,12.42
fold2_room1_mix0240,67,5,0,111,1,17.53
fold2_room1_mix0240,68,4,0,-95,-4,12.50
fold2_room1_mix0240,68,5,0,113,1,19.43
fold2_room1_mix0240,69,4,0,-93,-4,12.47
fold2_room1_mix0240,69,5,0,109,1,17.52
fold2_room1_mix0240,70,2,0,-47,-4,9.93
fold2_room1_mix0240,70,4,0,-91,-4,13.42
fold2_room1_mix0240,70,5,0,110,1,16.82
fold2_room1_mix0240,71,2,0,-47,-3,13.79
fold2_room1_mix0240,71,4,0,-87,-4,14.08
fold2_room1_mix0240,71,5,0,113,1,17.94
fold2_room1_mix0240,72,2,0,-49,-2,12.34
fold2_room1_mix0240,72,4,0,-88,-4,13.84
fold2_room1_mix0240,72,5,0,108,1,16.03
fold2_room1_mix0240,73,2,0,-43,-2,15.25
fold2_room1_mix0240,73,4,0,-83,-4,13.69
fold2_room1_mix0240,73,5,0,110,1,16.04
fold2_room1_mix0240,74,2,0,-40,-2,14.44
fold2_room1_mix0240,74,4,0,-82,-4,14.23
fold2_room1_mix0240,74,5,0,110,1,15.27
fold2_room1_mix0240,75,2,0,-48,-2,14.24
fold2_room1_mix0240,75,4,0,-83,-4,14.47
fold2_room1_mix0240,75,5,0,108,1,14.53
fold2_room1_mix0240,76,4,0,-83,-4,14.69
fold2_room1_mix0240,76,5,0,107,1,16.87
fold2_room1_mix0240,77,4,0,-79,-3,13.94
fold2_room1_mix0240,77,5,0,113,1,17.65
fold2_room1_mix0240,78,4,0,-77,-3,14.07
fold2_room1_mix0240,78,5,0,113,1,18.39
fold2_room1_mix0240,79,4,0,-76,-3,14.16
fold2_room1_mix0240,79,5,0,112,1,18.01
fold2_room1_mix0240,80,2,0,-13,-5,10.42
fold2_room1_mix0240,80,4,0,-74,-3,15.35
fold2_room1_mix0240,80,5,0,109,1,18.23
fold2_room1_mix0240,81,2,0,-43,-3,13.11
fold2_room1_mix0240,81,4,0,-74,-3,15.81
fold2_room1_mix0240,81,5,0,108,1,17.53
fold2_room1_mix0240,82,2,0,-44,-2,14.75
fold2_room1_mix0240,82,4,0,-70,-3,16.18
fold2_room1_mix0240,82,5,0,107,1,16.77
fold2_room1_mix0240,83,2,0,-38,-3,15.01
fold2_room1_mix0240,83,4,0,-66,-3,16.19
fold2_room1_mix0240,83,5,0,111,0,17.36
fold2_room1_mix0240,84,4,0,-67,-2,16.33
fold2_room1_mix0240,84,5,0,109,1,19.24
fold2_room1_mix0240,85,4,0,-63,-2,16.30
fold2_room1_mix0240,85,5,0,109,1,20.67
fold2_room1_mix0240,86,4,0,-65,-2,16.27
fold2_room1_mix0240,86,5,0,109,1,18.81
fold2_room1_mix0240,87,4,0,-62,-2,17.65
fold2_room1_mix0240,87,5,0,108,1,18.58
fold2_room1_mix0240,88,4,0,-59,-2,18.31
fold2_room1_mix0240,88,5,0,103,1,18.35
fold2_room1_mix0240,89,4,0,-57,-2,18.48
fold2_room1_mix0240,89,5,0,106,1,19.14
fold2_room1_mix0240,90,4,0,-56,-2,18.52
fold2_room1_mix0240,90,5,0,107,1,17.61
fold2_room1_mix0240,91,4,0,-55,-2,19.51
fold2_room1_mix0240,91,5,0,103,1,18.57
fold2_room1_mix0240,92,4,0,-51,-1,20.22
fold2_room1_mix0240,92,5,0,102,1,18.29
fold2_room1_mix0240,93,4,0,-50,-1,20.15
fold2_room1_mix0240,93,5,0,101,1,18.42
fold2_room1_mix0240,94,4,0,-51,-1,21.06
fold2_room1_mix0240,94,5,0,102,1,18.39
fold2_room1_mix0240,95,4,0,-49,-1,21.86
fold2_room1_mix0240,95,5,0,99,1,18.84
fold2_room1_mix0240,96,4,0,-47,-1,21.44
fold2_room1_mix0240,96,5,0,96,1,18.19
fold2_room1_mix0240,97,4,0,-45,-1,23.31
fold2_room1_mix0240,97,5,0,98,1,18.61
fold2_room1_mix0240,98,4,0,-44,-1,22.46
fold2_room1_mix0240,98,5,0,100,1,16.78
fold2_room1_mix0240,99,4,0,-41,-1,22.57
fold2_room1_mix0240,99,5,0,98,1,16.85
fold2_room1_mix0241,8,0,0,-173,-1,3.64
fold2_room1_mix0241,9,0,0,-169,-1,5.75
fold2_room1_mix0241,10,0,0,-169,-1,5.56
fold2_room1_mix0241,11,0,0,-169,-1,22.03
fold2_room1_mix0241,12,0,0,-166,-1,36.15
fold2_room1_mix0241,13,0,0,-165,-1,39.40
fold2_room1_mix0241,14,0,0,-170,-1,66.25
fold2_room1_mix0241,15,0,0,-168,-1,49.11
fold2_room1_mix0241,16,0,0,-169,0,59.10
fold2_room1_mix0241,17,0,0,-169,-1,43.72
fold2_room1_mix0241,18,0,0,-168,-1,41.17
fold2_room1_mix0241,19,0,0,-168,-1,44.22
fold2_room1_mix0241,20,0,0,-168,-1,38.91
fold2_room1_mix0241,21,0,0,-168,-1,40.75
fold2_room1_mix0241,22,0,0,-166,-1,33.14
fold2_room1_mix0241,23,0,0,-165,-1,33.93
fold2_room1_mix0241,24,0,0,-167,-1,37.85
fold2_room1_mix0241,25,0,0,-166,-1,38.40
fold2_room1_mix0241,26,0,0,-164,-1,36.05
fold2_room1_mix0241,27,0,0,-165,-1,39.77
fold2_room1_mix0241,28,0,0,-164,-1,35.05
fold2_room1_mix0241,29,0,0,-165,-1,33.99
fold2_room1_mix0241,30,0,0,-165,-1,33.29
fold2_room1_mix0241,31,0,0,-162,-1,27.84
fold2_room1_mix0241,32,0,0,-163,-1,30.40
fold2_room1_mix0241,33,0,0,-161,-2,26.64
fold2_room1_mix0241,34,0,0,-163,-2,27.71
fold2_room1_mix0241,35,0,0,-163,-2,28.66
fold2_room1_mix0241,36,0,0,-159,-1,10.81
fold2_room1_mix0241,37,0,0,-166,0,9.79
fold2_room1_mix0241,38,0,0,-167,0,3.77
fold2_room1_mix0242,3,4,0,-1,0,4.88
fold2_room1_mix0242,4,4,0,0,-1,14.12
fold2_room1_mix0242,5,4,0,0,-1,16.26
fold2_room1_mix0242,6,4,0,-2,0,17.01
fold2_room1_mix0242,7,4,0,0,-1,25.25
fold2_room1_mix0242,8,4,0,0,-1,23.85
fold2_room1_mix0242,9,4,0,0,-2,23.48
fold2_room1_mix0242,10,4,0,0,-1,22.12
fold2_room1_mix0242,11,4,0,0,-1,21.57
fold2_room1_mix0242,12,4,0,1,-1,21.90
fold2_room1_mix0242,13,4,0,0,-1,21.56
fold2_room1_mix0242,14,4,0,0,-1,21.69
fold2_room1_mix0242,15,4,0,1,-1,22.12
fold2_room1_mix0242,16,4,0,1,-1,19.94
fold2_room1_mix0242,17,4,0,0,-1,20.24
fold2_room1_mix0242,18,4,0,1,-1,20.10
fold2_room1_mix0242,19,3,0,95,-4,6.20
fold2_room1_mix0242,19,4,0,0,-1,20.80
fold2_room1_mix0242,20,3,0,81,-3,8.56
fold2_room1_mix0242,20,4,0,0,-1,20.97
fold2_room1_mix0242,21,4,0,0,-1,18.75
fold2_room1_mix0242,22,4,0,0,-1,19.50
fold2_room1_mix0242,23,3,0,57,-3,10.72
fold2_room1_mix0242,23,4,0,-1,-1,19.67
fold2_room1_mix0242,24,3,0,63,-3,11.92
fold2_room1_mix0242,24,4,0,-1,-1,18.08
fold2_room1_mix0242,25,3,0,64,-3,10.47
fold2_room1_mix0242,25,4,0,-3,-1,17.82
fold2_room1_mix0242,26,3,0,60,-3,10.37
fold2_room1_mix0242,26,4,0,-3,-1,17.29
fold2_room1_mix0242,27,3,0,60,-3,10.29
fold2_room1_mix0242,27,4,0,-3,-1,17.17
fold2_room1_mix0242,28,3,0,65,-3,9.38
fold2_room1_mix0242,28,4,0,-2,-2,17.18
fold2_room1_mix0242,29,3,0,58,-3,8.76
fold2_room1_mix0242,29,4,0,-4,-1,15.82
fold2_room1_mix0242,30,3,0,57,-3,8.82
fold2_room1_mix0242,30,4,0,-3,-2,15.86
fold2_room1_mix0242,31,3,0,54,-3,7.77
fold2_room1_mix0242,31,4,0,-3,-2,16.06
fold2_room1_mix0242,32,3,0,55,-4,6.96
fold2_room1_mix0242,32,4,0,-4,-2,14.35
fold2_room1_mix0242,33,3,0,51,-3,6.18
fold2_room1_mix0242,33,4,0,-4,-1,14.17
fold2_room1_mix0242,34,3,0,46,-3,6.02
fold2_room1_mix0242,34,4,0,-4,-2,13.60
fold2_room1_mix0242,35,4,0,-4,-2,12.75
fold2_room1_mix0242,36,4,0,-4,-2,12.25
fold2_room1_mix0242,37,4,0,-4,-2,11.78
fold2_room1_mix0242,38,4,0,-4,-2,11.14
fold2_room1_mix0242,39,4,0,-5,-3,10.23
fold2_room1_mix0242,40,4,0,-4,-3,9.94
fold2_room1_mix0242,41,4,0,-5,-3,9.43
fold2_room1_mix0242,42,4,0,-5,-3,8.54
fold2_room1_mix0242,43,1,0,-97,-3,5.51
fold2_room1_mix0242,43,4,0,-4,-5,8.34
fold2_room1_mix0242,44,1,0,-100,-5,9.31
fold2_room1_mix0242,44,4,0,-2,-5,9.34
fold2_room1_mix0242,45,1,0,-96,-5,9.10
fold2_room1_mix0242,45,4,0,-4,-5,9.94
fold2_room1_mix0242,46,1,0,-100,-4,9.24
fold2_room1_mix0242,46,4,0,-3,-4,10.89
fold2_room1_mix0242,47,1,0,-99,-3,3.61
fold2_room1_mix0242,47,4,0,-4,-4,8.38
fold2_room1_mix0242,48,1,0,-88,-4,11.97
fold2_room1_mix0242,48,3,0,78,-2,1.78
fold2_room1_mix0242,48,4,0,-1,-4,8.77
fold2_room1_mix0242,49,1,0,-83,-5,8.84
fold2_room1_mix0242,49,4,0,-2,-4,10.18
fold2_room1_mix0242,50,1,0,-83,-4,9.87
fold2_room1_mix0242,50,4,0,-2,-5,9.18
fold2_room1_mix0242,51,1,0,-84,-3,4.85
fold2_room1_mix0242,51,4,0,-2,-6,6.76
fold2_room1_mix0242,52,1,0,-80,-4,5.97
fold2_room1_mix0242,52,4,0,-5,-5,6.89
fold2_room1_mix0242,53,1,0,-70,-4,11.14
fold2_room1_mix0242,53,4,0,-5,-4,7.16
fold2_room1_mix0242,54,1,0,-66,-4,10.83
fold2_room1_mix0242,54,4,0,-2,-5,7.04
fold2_room1_mix0242,55,1,0,-60,-4,11.65
fold2_room1_mix0242,55,4,0,-4,-4,7.39
fold2_room1_mix0242,56,4,0,-7,-7,4.70
fold2_room1_mix0242,57,1,0,-62,-4,5.17
fold2_room1_mix0242,57,4,0,-2,-5,6.06
fold2_room1_mix0242,58,1,0,-55,-4,8.74
fold2_room1_mix0242,58,4,0,-11,-5,4.62
fold2_room1_mix0242,59,1,0,-50,-4,10.32
fold2_room1_mix0242,59,4,0,-5,-7,4.39
fold2_room1_mix0242,60,1,0,-48,-4,11.08
fold2_room1_mix0242,60,4,0,-5,-6,5.22
fold2_room1_mix0242,61,4,0,-18,-11,2.96
fold2_room1_mix0242,62,1,0,-56,-4,6.13
fold2_room1_mix0242,62,4,0,-16,-10,2.86
fold2_room1_mix0242,63,1,0,-49,-4,9.06
fold2_room1_mix0242,63,4,0,-25,-12,2.31
fold2_room1_mix0242,64,1,0,-51,-4,8.14
fold2_room1_mix0242,64,4,0,-37,-20,1.67
fold2_room1_mix0242,65,1,0,-61,-4,5.31
fold2_room1_mix0242,65,4,0,-52,-25,1.26
fold2_room1_mix0242,66,4,0,-82,-29,1.32
fold2_room1_mix0242,67,1,0,-57,-4,12.13
fold2_room1_mix0242,67,4,0,-115,-31,0.87
fold2_room1_mix0242,68,1,0,-83,-4,13.35
fold2_room1_mix0242,68,4,0,-132,-20,1.33
fold2_room1_mix0242,69,1,0,-101,-4,12.14
fold2_room1_mix0242,69,4,0,-137,-19,1.77
fold2_room1_mix0242,70,1,0,-85,-4,7.07
fold2_room1_mix0242,70,4,0,-152,-16,1.77
fold2_room1_mix0242,71,4,0,-152,-12,2.51
fold2_room1_mix0242,72,1,0,-73,-3,8.49
fold2_room1_mix0242,72,4,0,-158,-13,2.59
fold2_room1_mix0242,73,1,0,-76,-4,11.80
fold2_room1_mix0242,73,4,0,-161,-11,2.97
fold2_room1_mix0242,74,1,0,-55,-4,11.02
fold2_room1_mix0242,74,4,0,-161,-10,2.98
fold2_room1_mix0242,75,4,0,-165,-9,3.30
fold2_room1_mix0242,76,4,0,-169,-7,4.18
fold2_room1_mix0242,77,1,0,-51,-3,7.91
fold2_room1_mix0242,77,4,0,-165,-7,3.60
fold2_room1_mix0242,78,1,0,-51,-4,12.53
fold2_room1_mix0242,78,4,0,-168,-6,4.37
fold2_room1_mix0242,79,1,0,-60,-3,17.62
fold2_room1_mix0242,79,4,0,-170,-5,5.18
fold2_room1_mix0242,80,4,0,-173,-6,4.85
fold2_room1_mix0242,81,4,0,-170,-5,6.08
fold2_room1_mix0242,82,1,0,-43,-2,8.57
fold2_room1_mix0242,82,4,0,-168,-5,5.42
fold2_room1_mix0242,83,1,0,-39,-3,16.55
fold2_room1_mix0242,83,4,0,-171,-6,5.79
fold2_room1_mix0242,84,1,0,-45,-3,20.01
fold2_room1_mix0242,84,4,0,-173,-5,7.91
fold2_room1_mix0242,85,4,0,-171,-5,7.31
fold2_room1_mix0242,86,4,0,-171,-4,6.89
fold2_room1_mix0242,87,1,0,-58,-4,14.98
fold2_room1_mix0242,87,4,0,-173,-2,9.18
fold2_room1_mix0242,88,1,0,-46,-3,17.82
fold2_room1_mix0242,88,4,0,-174,-4,8.17
fold2_room1_mix0242,89,1,0,-50,-3,20.92
fold2_room1_mix0242,89,4,0,-177,-3,9.92
fold2_room1_mix0242,90,4,0,-174,-3,10.58
fold2_room1_mix0242,91,1,0,-41,-3,12.68
fold2_room1_mix0242,91,4,0,-175,-3,10.41
fold2_room1_mix0242,92,1,0,-37,-3,20.19
fold2_room1_mix0242,92,4,0,-175,-1,11.76
fold2_room1_mix0242,93,1,0,-39,-3,19.67
fold2_room1_mix0242,93,4,0,-174,-3,11.95
fold2_room1_mix0242,94,1,0,-53,-3,13.94
fold2_room1_mix0242,94,4,0,-175,-2,13.91
fold2_room1_mix0242,95,4,0,-176,-1,14.51
fold2_room1_mix0242,96,1,0,-37,-3,14.47
fold2_room1_mix0242,96,4,0,-175,-2,11.46
fold2_room1_mix0242,97,4,0,-176,-1,15.10
fold2_room1_mix0242,98,4,0,-176,-1,14.26
fold2_room1_mix0242,99,4,0,-175,-2,12.57
fold2_room1_mix0242,1,4,0,-4,0,1.96
fold2_room1_mix0243,16,4,0,170,0,5.49
fold2_room1_mix0243,17,4,0,168,0,11.46
fold2_room1_mix0243,18,4,0,171,0,17.15
fold2_room1_mix0243,19,4,0,168,0,18.29
fold2_room1_mix0243,20,4,0,169,0,14.76
fold2_room1_mix0243,21,4,0,167,0,19.60
fold2_room1_mix0243,22,4,0,167,0,19.34
fold2_room1_mix0243,23,4,0,166,-1,19.24
fold2_room1_mix0243,24,4,0,165,-1,18.47
fold2_room1_mix0243,25,4,0,164,-1,17.81
fold2_room1_mix0243,26,4,0,162,-1,17.77
fold2_room1_mix0243,27,4,0,163,-1,18.32
fold2_room1_mix0243,28,4,0,160,-1,16.49
fold2_room1_mix0243,29,4,0,161,-2,15.84
fold2_room1_mix0243,30,4,0,170,-1,15.87
fold2_room1_mix0243,30,4,0,152,-1,14.31
fold2_room1_mix0243,31,4,0,172,-2,14.45
fold2_room1_mix0243,31,4,0,156,-2,12.62
fold2_room1_mix0243,32,4,0,174,-2,13.80
fold2_room1_mix0243,32,4,0,153,-2,12.43
fold2_room1_mix0243,33,4,0,167,-3,12.47
fold2_room1_mix0243,33,4,0,150,-3,13.05
fold2_room1_mix0243,34,4,0,164,-3,12.89
fold2_room1_mix0243,34,4,0,148,-3,10.62
fold2_room1_mix0243,35,4,0,166,-3,12.37
fold2_room1_mix0243,35,4,0,147,-4,11.35
fold2_room1_mix0243,36,4,0,150,-4,10.49
fold2_room1_mix0243,37,4,0,161,-2,11.26
fold2_room1_mix0243,37,4,0,140,-4,7.43
fold2_room1_mix0243,37,4,0,116,-6,12.48
fold2_room1_mix0243,38,4,0,163,-2,11.67
fold2_room1_mix0243,38,4,0,138,-5,6.65
fold2_room1_mix0243,38,4,0,113,-6,11.45
fold2_room1_mix0243,39,4,0,167,-1,13.31
fold2_room1_mix0243,39,4,0,134,-6,5.59
fold2_room1_mix0243,40,4,0,169,-1,14.63
fold2_room1_mix0243,40,4,0,129,-6,5.44
fold2_room1_mix0243,40,4,0,26,-3,15.40
fold2_room1_mix0243,41,4,0,177,0,16.30
fold2_room1_mix0243,41,4,0,120,-7,4.77
fold2_room1_mix0243,41,4,0,22,0,17.58
fold2_room1_mix0243,42,4,0,173,0,20.16
fold2_room1_mix0243,42,4,0,107,-8,4.85
fold2_room1_mix0243,42,4,0,-3,0,22.75
fold2_room1_mix0243,43,4,0,-179,-1,21.79
fold2_room1_mix0243,43,4,0,116,-7,6.82
fold2_room1_mix0243,43,4,0,13,-2,19.27
fold2_room1_mix0243,44,4,0,177,-1,18.52
fold2_room1_mix0243,44,4,0,87,-7,6.10
fold2_room1_mix0243,44,4,0,3,0,18.98
fold2_room1_mix0243,45,4,0,-176,-1,20.27
fold2_room1_mix0243,45,4,0,87,-6,8.71
fold2_room1_mix0243,45,4,0,16,-1,14.67
fold2_room1_mix0243,46,4,0,-178,-1,19.43
fold2_room1_mix0243,46,4,0,73,-6,8.35
fold2_room1_mix0243,46,4,0,14,-1,14.55
fold2_room1_mix0243,47,4,0,178,-1,16.78
fold2_room1_mix0243,47,4,0,99,-4,10.24
fold2_room1_mix0243,47,4,0,18,-2,12.87
fold2_room1_mix0243,48,4,0,-178,-1,15.25
fold2_room1_mix0243,48,4,0,66,-4,9.76
fold2_room1_mix0243,48,4,0,11,-1,13.49
fold2_room1_mix0243,49,4,0,173,-1,15.35
fold2_room1_mix0243,49,4,0,57,-4,9.56
fold2_room1_mix0243,49,4,0,13,-2,12.27
fold2_room1_mix0243,50,4,0,178,-1,14.66
fold2_room1_mix0243,50,4,0,49,-4,10.13
fold2_room1_mix0243,50,4,0,11,-1,14.01
fold2_room1_mix0243,51,2,0,-86,-2,7.03
fold2_room1_mix0243,51,4,0,177,-1,13.83
fold2_room1_mix0243,51,4,0,65,-2,12.58
fold2_room1_mix0243,51,4,0,16,-1,13.57
fold2_room1_mix0243,52,2,0,-84,-3,7.85
fold2_room1_mix0243,52,4,0,176,-1,12.52
fold2_room1_mix0243,52,4,0,61,-3,12.01
fold2_room1_mix0243,52,4,0,14,-1,14.40
fold2_room1_mix0243,53,2,0,-76,-2,10.24
fold2_room1_mix0243,53,4,0,176,-1,13.18
fold2_room1_mix0243,53,4,0,53,-3,13.15
fold2_room1_mix0243,53,4,0,15,-1,14.57
fold2_room1_mix0243,54,2,0,-76,-1,9.60
fold2_room1_mix0243,54,4,0,176,-1,13.82
fold2_room1_mix0243,54,4,0,50,-3,12.45
fold2_room1_mix0243,54,4,0,10,-1,16.69
fold2_room1_mix0243,55,2,0,-80,-1,9.96
fold2_room1_mix0243,55,4,0,174,-2,13.61
fold2_room1_mix0243,55,4,0,111,-4,13.36
fold2_room1_mix0243,55,4,0,14,-1,17.05
fold2_room1_mix0243,56,2,0,-80,-2,9.48
fold2_room1_mix0243,56,4,0,172,-2,14.08
fold2_room1_mix0243,56,4,0,94,-3,13.31
fold2_room1_mix0243,56,4,0,12,0,18.15
fold2_room1_mix0243,57,4,0,167,-2,10.85
fold2_room1_mix0243,57,4,0,68,-3,14.26
fold2_room1_mix0243,57,4,0,12,-1,17.01
fold2_room1_mix0243,58,4,0,166,-3,10.46
fold2_room1_mix0243,58,4,0,82,-4,13.70
fold2_room1_mix0243,58,4,0,10,-1,18.62
fold2_room1_mix0243,59,4,0,164,-2,10.82
fold2_room1_mix0243,59,4,0,108,-2,15.83
fold2_room1_mix0243,59,4,0,13,-1,20.42
fold2_room1_mix0243,60,4,0,164,-3,8.79
fold2_room1_mix0243,60,4,0,101,-2,15.50
fold2_room1_mix0243,60,4,0,11,-1,19.37
fold2_room1_mix0243,61,2,0,-81,-2,11.19
fold2_room1_mix0243,61,4,0,165,-2,8.95
fold2_room1_mix0243,61,4,0,78,-2,15.42
fold2_room1_mix0243,61,4,0,8,0,18.41
fold2_room1_mix0243,62,2,0,-79,-1,13.47
fold2_room1_mix0243,62,4,0,163,-3,7.84
fold2_room1_mix0243,62,4,0,41,-2,15.77
fold2_room1_mix0243,62,4,0,15,0,19.70
fold2_room1_mix0243,63,2,0,-82,-1,12.53
fold2_room1_mix0243,63,4,0,157,-4,7.22
fold2_room1_mix0243,63,4,0,111,-3,13.51
fold2_room1_mix0243,63,4,0,16,0,18.78
fold2_room1_mix0243,64,2,0,-81,-1,10.41
fold2_room1_mix0243,64,4,0,155,-4,5.89
fold2_room1_mix0243,64,4,0,115,-3,12.63
fold2_room1_mix0243,64,4,0,16,0,17.02
fold2_room1_mix0243,65,2,0,-82,-1,12.28
fold2_room1_mix0243,65,4,0,155,-5,5.74
fold2_room1_mix0243,65,4,0,100,-4,13.23
fold2_room1_mix0243,65,4,0,16,-1,18.27
fold2_room1_mix0243,66,2,0,-81,-3,10.40
fold2_room1_mix0243,66,4,0,147,-6,6.91
fold2_room1_mix0243,66,4,0,21,-1,17.69
fold2_room1_mix0243,67,4,0,143,-7,3.99
fold2_room1_mix0243,67,4,0,116,-2,13.18
fold2_room1_mix0243,67,4,0,21,-2,17.66
fold2_room1_mix0243,68,4,0,141,-7,4.92
fold2_room1_mix0243,68,4,0,30,-2,15.65
fold2_room1_mix0243,69,4,0,137,-9,3.19
fold2_room1_mix0243,69,4,0,108,-4,10.12
fold2_room1_mix0243,69,4,0,22,-1,18.79
fold2_room1_mix0243,70,4,0,127,-9,4.37
fold2_room1_mix0243,70,4,0,25,0,20.17
fold2_room1_mix0243,71,4,0,121,-11,2.66
fold2_room1_mix0243,71,4,0,81,-5,8.58
fold2_room1_mix0243,71,4,0,23,0,19.27
fold2_room1_mix0243,72,2,0,-83,-1,12.04
fold2_room1_mix0243,72,4,0,104,-8,3.99
fold2_room1_mix0243,72,4,0,35,0,19.84
fold2_room1_mix0243,73,2,0,-84,-1,12.61
fold2_room1_mix0243,73,4,0,95,-8,4.30
fold2_room1_mix0243,73,4,0,32,0,18.14
fold2_room1_mix0243,74,2,0,-82,-2,12.17
fold2_room1_mix0243,74,4,0,86,-8,3.76
fold2_room1_mix0243,74,4,0,34,-1,12.71
fold2_room1_mix0243,75,2,0,-81,-1,12.88
fold2_room1_mix0243,75,4,0,69,-6,4.49
fold2_room1_mix0243,75,4,0,25,0,13.31
fold2_room1_mix0243,76,2,0,-80,-2,11.99
fold2_room1_mix0243,76,4,0,60,-5,4.28
fold2_room1_mix0243,76,4,0,27,-1,11.10
fold2_room1_mix0243,77,4,0,52,-7,3.99
fold2_room1_mix0243,77,4,0,24,-3,10.28
fold2_room1_mix0243,78,4,0,54,-5,5.56
fold2_room1_mix0243,78,4,0,25,-3,9.17
fold2_room1_mix0243,79,4,0,44,-5,5.28
fold2_room1_mix0243,79,4,0,23,-2,9.68
fold2_room1_mix0243,80,4,0,52,-3,7.37
fold2_room1_mix0243,80,4,0,22,-3,9.11
fold2_room1_mix0243,81,4,0,56,-3,8.62
fold2_room1_mix0243,81,4,0,19,-2,9.90
fold2_room1_mix0243,82,2,0,-85,-2,10.45
fold2_room1_mix0243,82,4,0,62,-3,9.51
fold2_room1_mix0243,82,4,0,21,-3,9.70
fold2_room1_mix0243,83,2,0,-87,-2,13.31
fold2_room1_mix0243,83,4,0,62,-3,10.72
fold2_room1_mix0243,83,4,0,20,-3,9.95
fold2_room1_mix0243,84,2,0,-83,-1,14.74
fold2_room1_mix0243,84,4,0,65,-3,10.58
fold2_room1_mix0243,84,4,0,21,-3,9.26
fold2_room1_mix0243,85,2,0,-77,-1,13.24
fold2_room1_mix0243,85,4,0,70,-3,11.56
fold2_room1_mix0243,85,4,0,20,-3,10.35
fold2_room1_mix0243,86,2,0,-73,-1,13.99
fold2_room1_mix0243,86,4,0,77,-3,11.87
fold2_room1_mix0243,86,4,0,21,-3,9.75
fold2_room1_mix0243,87,2,0,-69,-2,13.64
fold2_room1_mix0243,87,4,0,76,-3,12.00
fold2_room1_mix0243,87,4,0,21,-3,10.78
fold2_room1_mix0243,88,4,0,79,-2,12.95
fold2_room1_mix0243,88,4,0,17,-2,11.53
fold2_room1_mix0243,89,4,0,92,-2,13.10
fold2_room1_mix0243,89,4,0,19,-2,10.83
fold2_room1_mix0243,90,4,0,98,-3,13.23
fold2_room1_mix0243,90,4,0,16,-2,11.99
fold2_room1_mix0243,91,4,0,99,-2,15.00
fold2_room1_mix0243,91,4,0,17,-1,13.46
fold2_room1_mix0243,92,2,0,-74,-1,13.64
fold2_room1_mix0243,92,4,0,95,-3,14.60
fold2_room1_mix0243,92,4,0,22,-2,12.76
fold2_room1_mix0243,93,2,0,-74,-1,16.22
fold2_room1_mix0243,93,4,0,104,-3,13.99
fold2_room1_mix0243,93,4,0,22,-2,14.36
fold2_room1_mix0243,94,4,0,104,-3,15.84
fold2_room1_mix0243,94,4,0,18,-1,14.75
fold2_room1_mix0243,95,4,0,100,-2,15.77
fold2_room1_mix0243,95,4,0,16,-1,15.25
fold2_room1_mix0243,96,4,0,113,-2,15.70
fold2_room1_mix0243,96,4,0,14,0,15.43
fold2_room1_mix0243,97,4,0,116,-2,16.72
fold2_room1_mix0243,97,4,0,16,0,16.80
fold2_room1_mix0243,98,4,0,117,-2,17.58
fold2_room1_mix0243,98,4,0,15,-1,16.39
fold2_room1_mix0243,99,4,0,116,-2,17.53
fold2_room1_mix0243,99,4,0,15,0,17.46
fold2_room1_mix0244,39,3,0,-52,-3,7.76
fold2_room1_mix0244,40,3,0,-52,-2,11.82
fold2_room1_mix0244,41,3,0,-52,-2,8.64
fold2_room1_mix0244,42,3,0,-60,-3,11.90
fold2_room1_mix0244,43,3,0,-62,-5,9.73
fold2_room1_mix0244,44,3,0,-68,-5,9.96
fold2_room1_mix0244,45,3,0,-73,-5,7.53
fold2_room1_mix0244,46,3,0,-84,-6,7.11
fold2_room1_mix0244,47,3,0,-91,-6,7.17
fold2_room1_mix0244,48,3,0,-103,-6,6.36
fold2_room1_mix0244,49,3,0,-120,-6,7.25
fold2_room1_mix0244,50,3,0,-122,-5,7.32
fold2_room1_mix0244,51,3,0,-128,-5,7.42
fold2_room1_mix0244,52,3,0,-130,-5,7.36
fold2_room1_mix0244,53,3,0,-137,-5,7.54
fold2_room1_mix0244,54,3,0,-137,-5,7.99
fold2_room1_mix0244,55,3,0,-140,-5,7.13
fold2_room1_mix0244,56,3,0,-145,-4,8.61
fold2_room1_mix0244,57,3,0,-150,-4,2.85
fold2_room1_mix0244,58,3,0,-146,-4,8.29
fold2_room1_mix0244,59,3,0,-148,-4,11.23
fold2_room1_mix0244,60,3,0,-151,-4,11.18
fold2_room1_mix0244,61,3,0,-151,-3,9.54
fold2_room1_mix0244,64,3,0,-151,-4,15.63
fold2_room1_mix0244,65,3,0,-159,-4,11.92
fold2_room1_mix0244,66,3,0,-161,-3,12.33
fold2_room1_mix0244,67,3,0,-164,-3,11.93
fold2_room1_mix0244,68,3,0,-168,-3,12.96
fold2_room1_mix0244,69,3,0,-166,-3,13.31
fold2_room1_mix0244,70,3,0,-172,-3,13.69
fold2_room1_mix0244,71,3,0,-172,-2,13.46
fold2_room1_mix0244,72,3,0,-170,-3,13.13
fold2_room1_mix0244,73,3,0,-170,-2,13.07
fold2_room1_mix0244,74,3,0,-175,-2,13.92
fold2_room1_mix0244,75,3,0,-176,-2,13.48
fold2_room1_mix0244,76,3,0,-177,-2,14.80
fold2_room1_mix0244,77,3,0,-174,-2,15.35
fold2_room1_mix0244,78,3,0,-176,-2,15.02
fold2_room1_mix0244,79,3,0,-175,-2,9.94
fold2_room1_mix0244,80,3,0,-173,-2,9.04
fold2_room1_mix0244,81,3,0,-176,-1,3.19
fold2_room1_mix0244,85,3,0,-168,-4,9.31
fold2_room1_mix0244,86,3,0,-173,-3,13.30
fold2_room1_mix0244,87,3,0,-174,-3,14.58
fold2_room1_mix0244,88,3,0,-174,-3,16.81
fold2_room1_mix0244,89,3,0,-175,-2,14.83
fold2_room1_mix0244,90,3,0,-172,-2,17.03
fold2_room1_mix0244,91,3,0,-172,-2,15.17
fold2_room1_mix0244,92,3,0,-174,-2,14.56
fold2_room1_mix0244,93,3,0,-173,-2,12.36
fold2_room1_mix0244,94,3,0,-175,-2,11.88
fold2_room1_mix0244,95,3,0,-175,-2,12.63
fold2_room1_mix0246,12,0,0,169,-1,8.75
fold2_room1_mix0246,13,0,0,164,-1,14.23
fold2_room1_mix0246,14,0,0,165,-1,20.34
fold2_room1_mix0246,15,0,0,166,-1,25.70
fold2_room1_mix0246,16,0,0,163,0,31.70
fold2_room1_mix0246,17,0,0,161,0,28.51
fold2_room1_mix0246,18,0,0,164,0,30.37
fold2_room1_mix0246,19,0,0,161,0,30.38
fold2_room1_mix0246,20,0,0,158,0,29.85
fold2_room1_mix0246,21,0,0,156,-1,29.42
fold2_room1_mix0246,22,0,0,157,-1,29.45
fold2_room1_mix0246,23,0,0,156,-1,30.52
fold2_room1_mix0246,24,0,0,155,-1,28.71
fold2_room1_mix0246,25,0,0,157,-1,28.16
fold2_room1_mix0246,26,0,0,154,-1,27.50
fold2_room1_mix0246,27,0,0,158,-1,29.66
fold2_room1_mix0246,28,0,0,154,-1,26.30
fold2_room1_mix0246,29,0,0,154,-1,25.08
fold2_room1_mix0246,30,0,0,145,-1,21.16
fold2_room1_mix0246,31,0,0,146,-1,21.80
fold2_room1_mix0246,31,4,0,172,-3,2.13
fold2_room1_mix0246,32,0,0,141,-1,20.28
fold2_room1_mix0246,33,0,0,141,-1,21.58
fold2_room1_mix0246,33,4,0,178,-1,2.02
fold2_room1_mix0246,34,0,0,145,-1,23.14
fold2_room1_mix0246,35,0,0,145,-1,23.78
fold2_room1_mix0246,36,0,0,139,-1,21.24
fold2_room1_mix0246,36,4,0,171,-2,6.48
fold2_room1_mix0246,37,0,0,142,-1,22.72
fold2_room1_mix0246,37,4,0,172,-4,5.19
fold2_room1_mix0246,38,0,0,141,-1,22.21
fold2_room1_mix0246,38,4,0,168,-4,1.93
fold2_room1_mix0246,39,0,0,141,-1,21.64
fold2_room1_mix0246,40,0,0,138,-1,21.61
fold2_room1_mix0246,40,4,0,172,-3,2.80
fold2_room1_mix0246,41,0,0,138,-1,21.33
fold2_room1_mix0246,41,4,0,176,-3,8.81
fold2_room1_mix0246,42,0,0,132,-1,18.90
fold2_room1_mix0246,42,4,0,174,-4,7.70
fold2_room1_mix0246,43,0,0,121,-2,16.92
fold2_room1_mix0246,43,4,0,178,-2,10.51
fold2_room1_mix0246,44,0,0,126,-2,16.85
fold2_room1_mix0246,44,4,0,178,-3,12.60
fold2_room1_mix0246,45,0,0,126,-2,17.36
fold2_room1_mix0246,45,4,0,177,-3,12.53
fold2_room1_mix0246,46,0,0,123,-2,17.61
fold2_room1_mix0246,46,4,0,177,-3,13.70
fold2_room1_mix0246,47,0,0,127,-2,11.53
fold2_room1_mix0246,47,4,0,176,-3,9.56
fold2_room1_mix0246,48,0,0,126,-1,9.81
fold2_room1_mix0246,48,4,0,-175,-3,11.84
fold2_room1_mix0246,49,0,0,135,-1,8.54
fold2_room1_mix0246,49,4,0,-176,-2,11.35
fold2_room1_mix0246,50,0,0,143,-1,3.89
fold2_room1_mix0246,50,4,0,-176,-3,11.66
fold2_room1_mix0246,51,4,0,-174,-3,11.16
fold2_room1_mix0246,52,4,0,-172,-3,10.79
fold2_room1_mix0246,53,4,0,-174,-3,10.76
fold2_room1_mix0246,54,4,0,-173,-3,9.95
fold2_room1_mix0246,55,4,0,-172,-4,8.64
fold2_room1_mix0246,56,4,0,-170,-3,9.01
fold2_room1_mix0246,57,4,0,-172,-4,8.14
fold2_room1_mix0246,58,4,0,-172,-4,7.18
fold2_room1_mix0246,59,4,0,-171,-4,7.62
fold2_room1_mix0246,60,4,0,-168,-4,6.71
fold2_room1_mix0246,61,4,0,-168,-5,5.55
fold2_room1_mix0246,62,4,0,-170,-6,5.22
fold2_room1_mix0246,63,4,0,-171,-6,4.70
fold2_room1_mix0246,64,4,0,-173,-6,5.24
fold2_room1_mix0246,65,4,0,-175,-7,4.33
fold2_room1_mix0246,66,4,0,-171,-9,3.62
fold2_room1_mix0246,67,4,0,-174,-9,3.23
fold2_room1_mix0246,68,4,0,-173,-11,2.92
fold2_room1_mix0246,69,0,0,163,0,4.30
fold2_room1_mix0246,69,4,0,172,-12,2.37
fold2_room1_mix0246,70,4,0,150,-19,1.57
fold2_room1_mix0246,71,4,0,-166,-8,3.53
fold2_room1_mix0246,71,4,0,163,-13,1.68
fold2_room1_mix0246,71,4,0,69,-24,0.70
fold2_room1_mix0246,72,4,0,-165,-6,2.91
fold2_room1_mix0246,72,4,0,31,-15,1.00
fold2_room1_mix0246,73,4,0,-157,-4,3.28
fold2_room1_mix0246,73,4,0,18,-12,1.56
fold2_room1_mix0246,74,4,0,-150,-6,3.13
fold2_room1_mix0246,74,4,0,12,-12,1.98
fold2_room1_mix0246,75,4,0,-146,-7,3.15
fold2_room1_mix0246,75,4,0,12,-10,2.66
fold2_room1_mix0246,76,4,0,-144,-8,2.82
fold2_room1_mix0246,76,4,0,3,-8,3.17
fold2_room1_mix0246,77,4,0,-134,-11,2.49
fold2_room1_mix0246,77,4,0,-3,-7,3.94
fold2_room1_mix0246,78,4,0,-132,-13,2.12
fold2_room1_mix0246,78,4,0,0,-5,5.16
fold2_room1_mix0246,79,4,0,-121,-19,1.75
fold2_room1_mix0246,79,4,0,-5,-7,5.22
fold2_room1_mix0246,80,4,0,-94,-27,1.12
fold2_room1_mix0246,80,4,0,-10,-7,5.51
fold2_room1_mix0246,81,4,0,-75,-24,0.95
fold2_room1_mix0246,81,4,0,-50,-18,1.98
fold2_room1_mix0246,81,4,0,-13,-4,6.31
fold2_room1_mix0246,82,4,0,-59,-21,1.46
fold2_room1_mix0246,82,4,0,-15,-6,6.50
fold2_room1_mix0246,83,4,0,-51,-18,1.37
fold2_room1_mix0246,83,4,0,-36,-14,2.44
fold2_room1_mix0246,83,4,0,-12,-5,6.16
fold2_room1_mix0246,84,4,0,-38,-14,2.04
fold2_room1_mix0246,84,4,0,-15,-5,6.00
fold2_room1_mix0246,85,4,0,-32,-12,2.35
fold2_room1_mix0246,85,4,0,-9,-4,7.41
fold2_room1_mix0246,86,4,0,-22,-9,3.75
fold2_room1_mix0246,87,4,0,-21,-8,3.51
fold2_room1_mix0246,88,4,0,-18,-7,4.31
fold2_room1_mix0246,89,4,0,-18,-6,4.74
fold2_room1_mix0246,90,4,0,-17,-6,4.51
fold2_room1_mix0246,91,4,0,-17,-5,4.74
fold2_room1_mix0246,92,4,0,-16,-6,4.96
fold2_room1_mix0246,93,4,0,-14,-5,5.02
fold2_room1_mix0246,94,4,0,-13,-5,5.51
fold2_room1_mix0246,95,4,0,-14,-5,5.97
fold2_room1_mix0246,96,4,0,-13,-4,6.50
fold2_room1_mix0246,97,4,0,-12,-4,6.92
fold2_room1_mix0246,98,4,0,-12,-5,6.71
fold2_room1_mix0246,99,4,0,-10,-4,7.38
fold2_room1_mix0247,30,4,0,-1,-2,6.94
fold2_room1_mix0247,31,4,0,0,-3,7.22
fold2_room1_mix0247,32,4,0,-4,-3,7.59
fold2_room1_mix0247,33,4,0,-6,-3,7.04
fold2_room1_mix0247,34,4,0,-3,-4,8.06
fold2_room1_mix0247,35,4,0,-4,-4,8.06
fold2_room1_mix0247,36,4,0,-5,-5,7.45
fold2_room1_mix0247,37,4,0,-5,-6,6.99
fold2_room1_mix0247,38,4,0,-7,-7,5.51
fold2_room1_mix0247,39,4,0,-9,-7,4.77
fold2_room1_mix0247,40,4,0,-11,-8,4.37
fold2_room1_mix0247,41,4,0,-13,-10,3.43
fold2_room1_mix0247,42,4,0,-20,-12,2.73
fold2_room1_mix0247,44,4,0,-86,-22,1.04
fold2_room1_mix0247,45,4,0,-169,-3,6.38
fold2_room1_mix0247,45,4,0,-131,-14,1.06
fold2_room1_mix0247,46,4,0,-170,-2,5.53
fold2_room1_mix0247,46,4,0,-154,-7,1.97
fold2_room1_mix0247,47,4,0,-164,-4,3.65
fold2_room1_mix0247,48,4,0,-165,-5,3.47
fold2_room1_mix0247,49,4,0,-170,-3,4.62
fold2_room1_mix0247,50,4,0,-170,-3,5.04
fold2_room1_mix0247,51,4,0,-173,-2,5.73
fold2_room1_mix0247,52,4,0,-175,-2,6.59
fold2_room1_mix0247,53,4,0,-177,-2,7.50
fold2_room1_mix0247,54,4,0,-178,-2,7.86
fold2_room1_mix0247,55,4,0,-179,-2,8.94
fold2_room1_mix0247,56,4,0,-179,-1,9.56
fold2_room1_mix0247,57,4,0,179,-2,9.85
fold2_room1_mix0247,58,4,0,178,-2,9.92
fold2_room1_mix0247,59,4,0,176,-2,10.15
fold2_room1_mix0247,60,4,0,176,-2,9.73
fold2_room1_mix0247,61,4,0,175,-3,8.62
fold2_room1_mix0247,62,4,0,175,-3,8.16
fold2_room1_mix0247,63,4,0,174,-4,7.95
fold2_room1_mix0247,64,4,0,174,-4,6.99
fold2_room1_mix0247,65,4,0,170,-5,6.28
fold2_room1_mix0247,66,4,0,167,-6,5.58
fold2_room1_mix0247,67,4,0,167,-8,4.33
fold2_room1_mix0247,68,4,0,165,-10,3.81
fold2_room1_mix0247,69,4,0,161,-14,3.06
fold2_room1_mix0247,70,4,0,158,-15,2.86
fold2_room1_mix0247,71,4,0,144,-19,2.15
fold2_room1_mix0247,72,4,0,135,-23,1.97
fold2_room1_mix0247,73,4,0,115,-30,1.51
fold2_room1_mix0247,74,4,0,94,-32,1.33
fold2_room1_mix0247,75,4,0,69,-30,1.41
fold2_room1_mix0247,76,4,0,49,-26,1.83
fold2_room1_mix0247,77,4,0,35,-20,2.03
fold2_room1_mix0247,78,4,0,24,-15,2.61
fold2_room1_mix0247,79,4,0,21,-12,3.09
fold2_room1_mix0247,80,4,0,16,-11,3.39
fold2_room1_mix0247,81,4,0,9,-9,3.87
fold2_room1_mix0247,82,4,0,11,-8,4.29
fold2_room1_mix0247,83,4,0,-13,-8,4.75
fold2_room1_mix0247,83,4,0,11,-6,5.60
fold2_room1_mix0247,84,4,0,-40,-7,5.58
fold2_room1_mix0247,84,4,0,12,-6,5.74
fold2_room1_mix0247,85,4,0,-46,-7,6.08
fold2_room1_mix0247,85,4,0,11,-6,6.30
fold2_room1_mix0247,86,4,0,-48,-7,5.18
fold2_room1_mix0247,86,4,0,9,-5,7.12
fold2_room1_mix0247,87,4,0,-71,-8,6.10
fold2_room1_mix0247,87,4,0,9,-5,7.57
fold2_room1_mix0247,88,4,0,-86,-8,5.91
fold2_room1_mix0247,88,4,0,6,-5,8.72
fold2_room1_mix0247,89,4,0,-95,-8,5.72
fold2_room1_mix0247,89,4,0,6,-4,9.97
fold2_room1_mix0247,90,4,0,-109,-7,6.05
fold2_room1_mix0247,90,4,0,8,-4,9.43
fold2_room1_mix0247,91,4,0,-116,-7,6.89
fold2_room1_mix0247,91,4,0,5,-4,11.25
fold2_room1_mix0247,92,4,0,-122,-6,7.18
fold2_room1_mix0247,92,4,0,5,-5,9.36
fold2_room1_mix0247,93,4,0,-133,-4,8.28
fold2_room1_mix0247,93,4,0,6,-5,9.12
fold2_room1_mix0247,94,4,0,-134,-4,8.63
fold2_room1_mix0247,94,4,0,5,-4,9.60
fold2_room1_mix0247,95,4,0,-141,-4,8.77
fold2_room1_mix0247,95,4,0,5,-4,10.29
fold2_room1_mix0247,96,4,0,-141,-3,9.67
fold2_room1_mix0247,96,4,0,5,-4,10.04
fold2_room1_mix0247,97,4,0,-144,-3,9.89
fold2_room1_mix0247,97,4,0,5,-4,10.74
fold2_room1_mix0247,98,4,0,-152,-3,10.38
fold2_room1_mix0247,98,4,0,4,-4,10.87
fold2_room1_mix0247,99,4,0,-152,-3,10.72
fold2_room1_mix0247,99,4,0,5,-4,10.78
fold2_room1_mix0247,43,4,0,-32,-13,1.91
fold2_room1_mix0249,4,4,0,177,1,3.11
fold2_room1_mix0249,5,4,0,176,0,14.96
fold2_room1_mix0249,6,4,0,176,0,18.93
fold2_room1_mix0249,7,4,0,177,0,20.55
fold2_room1_mix0249,8,4,0,175,0,32.99
fold2_room1_mix0249,9,4,0,173,0,32.76
fold2_room1_mix0249,10,4,0,175,0,35.02
fold2_room1_mix0249,11,4,0,174,0,34.48
fold2_room1_mix0249,12,4,0,173,0,34.77
fold2_room1_mix0249,13,4,0,174,0,35.19
fold2_room1_mix0249,14,4,0,173,0,35.87
fold2_room1_mix0249,15,4,0,174,0,37.39
fold2_room1_mix0249,16,4,0,174,0,37.15
fold2_room1_mix0249,17,4,0,173,0,36.56
fold2_room1_mix0249,18,4,0,173,0,38.85
fold2_room1_mix0249,19,4,0,173,0,37.52
fold2_room1_mix0249,20,4,0,172,0,37.54
fold2_room1_mix0249,21,4,0,173,0,38.44
fold2_room1_mix0249,22,4,0,173,0,37.11
fold2_room1_mix0249,23,4,0,174,0,36.74
fold2_room1_mix0249,24,4,0,172,0,35.94
fold2_room1_mix0249,25,4,0,173,0,36.35
fold2_room1_mix0249,26,4,0,174,0,35.94
fold2_room1_mix0249,27,4,0,173,0,36.63
fold2_room1_mix0249,28,4,0,173,0,36.51
fold2_room1_mix0249,29,4,0,173,0,36.19
fold2_room1_mix0249,30,4,0,173,0,37.32
fold2_room1_mix0249,31,4,0,172,0,37.01
fold2_room1_mix0249,32,4,0,172,0,36.61
fold2_room1_mix0249,33,4,0,172,0,37.31
fold2_room1_mix0249,34,4,0,173,0,35.77
fold2_room1_mix0249,35,4,0,173,0,35.96
fold2_room1_mix0249,36,4,0,172,0,35.74
fold2_room1_mix0249,37,4,0,172,0,33.19
fold2_room1_mix0249,38,4,0,172,0,32.53
fold2_room1_mix0249,39,4,0,171,0,31.81
fold2_room1_mix0249,40,4,0,172,0,31.66
fold2_room1_mix0249,41,4,0,171,0,30.44
fold2_room1_mix0249,42,4,0,172,0,30.45
fold2_room1_mix0249,43,4,0,171,0,29.48
fold2_room1_mix0249,44,4,0,172,0,28.71
fold2_room1_mix0249,45,4,0,170,0,27.07
fold2_room1_mix0249,46,4,0,178,0,29.32
fold2_room1_mix0249,46,4,0,158,0,21.98
fold2_room1_mix0249,47,4,0,171,0,26.81
fold2_room1_mix0249,48,4,0,171,0,26.50
fold2_room1_mix0249,49,4,0,171,0,23.79
fold2_room1_mix0249,50,4,0,171,0,23.72
fold2_room1_mix0249,51,4,0,171,0,22.80
fold2_room1_mix0249,52,4,0,171,-1,21.80
fold2_room1_mix0249,53,4,0,170,-1,20.90
fold2_room1_mix0249,54,4,0,169,-1,20.28
fold2_room1_mix0249,55,4,0,169,-1,18.83
fold2_room1_mix0249,56,4,0,169,-2,17.32
fold2_room1_mix0249,57,4,0,168,-2,16.11
fold2_room1_mix0249,58,4,0,167,-2,14.72
fold2_room1_mix0249,59,4,0,167,-3,13.77
fold2_room1_mix0249,60,4,0,166,-3,12.69
fold2_room1_mix0249,61,4,0,165,-3,11.91
fold2_room1_mix0249,62,4,0,162,-3,10.61
fold2_room1_mix0249,63,4,0,162,-4,9.67
fold2_room1_mix0249,64,4,0,169,-4,10.62
fold2_room1_mix0249,64,4,0,146,-5,7.81
fold2_room1_mix0249,65,4,0,166,-4,10.11
fold2_room1_mix0249,65,4,0,142,-6,6.32
fold2_room1_mix0249,66,4,0,164,-5,9.83
fold2_room1_mix0249,66,4,0,134,-6,6.21
fold2_room1_mix0249,67,4,0,163,-4,12.21
fold2_room1_mix0249,67,4,0,124,-10,4.10
fold2_room1_mix0249,68,4,0,164,-3,16.46
fold2_room1_mix0249,68,4,0,101,-15,2.48
fold2_room1_mix0249,69,4,0,154,-2,13.14
fold2_room1_mix0249,69,4,0,59,-10,2.66
fold2_room1_mix0249,70,4,0,150,-2,13.11
fold2_room1_mix0249,70,4,0,43,-8,3.02
fold2_room1_mix0249,71,4,0,145,-1,11.49
fold2_room1_mix0249,71,4,0,34,-6,3.07
fold2_room1_mix0249,72,4,0,136,0,15.80
fold2_room1_mix0249,72,4,0,30,-4,4.62
fold2_room1_mix0249,73,4,0,126,-1,13.68
fold2_room1_mix0249,73,4,0,26,-4,4.91
fold2_room1_mix0249,74,4,0,124,-1,13.05
fold2_room1_mix0249,74,4,0,25,-4,5.12
fold2_room1_mix0249,75,4,0,128,-1,13.16
fold2_room1_mix0249,75,4,0,22,-3,5.89
fold2_room1_mix0249,76,4,0,122,-1,12.27
fold2_room1_mix0249,76,4,0,22,-3,6.42
fold2_room1_mix0249,77,4,0,121,-2,11.48
fold2_room1_mix0249,77,4,0,20,-3,7.29
fold2_room1_mix0249,78,4,0,112,-3,11.54
fold2_room1_mix0249,78,4,0,20,-2,8.32
fold2_room1_mix0249,79,4,0,110,-2,11.15
fold2_room1_mix0249,79,4,0,18,-2,8.76
fold2_room1_mix0249,80,4,0,100,-3,11.87
fold2_room1_mix0249,80,4,0,17,-2,9.26
fold2_room1_mix0249,81,4,0,95,-2,11.81
fold2_room1_mix0249,81,4,0,15,-2,10.61
fold2_room1_mix0249,82,4,0,93,-2,12.11
fold2_room1_mix0249,82,4,0,16,-2,10.99
fold2_room1_mix0249,83,4,0,91,-3,11.66
fold2_room1_mix0249,83,4,0,13,-2,11.70
fold2_room1_mix0249,84,4,0,84,-3,12.48
fold2_room1_mix0249,84,4,0,12,-2,12.75
fold2_room1_mix0249,85,4,0,74,-2,12.80
fold2_room1_mix0249,85,4,0,10,-1,14.19
fold2_room1_mix0249,86,4,0,65,-2,12.98
fold2_room1_mix0249,86,4,0,8,-1,14.78
fold2_room1_mix0249,87,4,0,62,-2,13.45
fold2_room1_mix0249,87,4,0,8,-1,14.87
fold2_room1_mix0249,88,4,0,55,-2,13.99
fold2_room1_mix0249,88,4,0,7,-1,17.31
fold2_room1_mix0249,89,4,0,54,-2,14.19
fold2_room1_mix0249,89,4,0,6,-1,17.81
fold2_room1_mix0249,90,4,0,50,-2,14.51
fold2_room1_mix0249,90,4,0,7,-1,19.10
fold2_room1_mix0249,91,4,0,46,-2,14.84
fold2_room1_mix0249,91,4,0,7,0,21.59
fold2_room1_mix0249,92,4,0,42,-2,15.61
fold2_room1_mix0249,92,4,0,8,0,22.81
fold2_room1_mix0249,93,4,0,40,-2,15.98
fold2_room1_mix0249,93,4,0,8,0,22.94
fold2_room1_mix0249,94,4,0,37,-2,16.02
fold2_room1_mix0249,94,4,0,9,0,23.43
fold2_room1_mix0249,95,4,0,35,-2,16.46
fold2_room1_mix0249,95,4,0,9,0,24.91
fold2_room1_mix0249,96,4,0,33,-3,16.79
fold2_room1_mix0249,96,4,0,8,0,25.64
fold2_room1_mix0249,97,4,0,32,-2,18.18
fold2_room1_mix0249,97,4,0,9,0,26.91
fold2_room1_mix0249,98,4,0,30,-2,19.18
fold2_room1_mix0249,98,4,0,9,0,27.64
fold2_room1_mix0249,99,4,0,30,-2,19.04
fold2_room1_mix0249,99,4,0,9,-1,26.31
fold2_room1_mix0250,0,5,0,87,4,2.66
fold2_room1_mix0250,1,5,0,97,5,3.18
fold2_room1_mix0250,2,5,0,91,5,3.81
fold2_room1_mix0250,3,5,0,89,11,2.82
fold2_room1_mix0250,4,5,0,92,9,4.49
fold2_room1_mix0250,5,5,0,90,9,4.62
fold2_room1_mix0250,6,5,0,91,9,5.70
fold2_room1_mix0250,7,5,0,89,10,4.73
fold2_room1_mix0250,8,5,0,86,9,4.88
fold2_room1_mix0250,9,5,0,84,9,5.22
fold2_room1_mix0250,10,5,0,83,9,5.34
fold2_room1_mix0250,11,5,0,84,10,4.79
fold2_room1_mix0250,12,5,0,80,10,4.60
fold2_room1_mix0250,13,5,0,86,11,4.53
fold2_room1_mix0250,14,5,0,80,10,4.78
fold2_room1_mix0250,15,5,0,80,11,4.46
fold2_room1_mix0250,16,5,0,79,10,4.81
fold2_room1_mix0250,17,5,0,80,11,4.53
fold2_room1_mix0250,18,5,0,79,10,4.87
fold2_room1_mix0250,19,5,0,79,9,4.98
fold2_room1_mix0250,20,5,0,74,10,4.92
fold2_room1_mix0250,21,5,0,75,11,4.62
fold2_room1_mix0250,22,5,0,73,10,4.97
fold2_room1_mix0250,23,5,0,78,10,4.43
fold2_room1_mix0250,24,5,0,73,9,4.92
fold2_room1_mix0250,25,5,0,74,10,4.92
fold2_room1_mix0250,26,5,0,71,10,4.76
fold2_room1_mix0250,27,5,0,73,10,4.73
fold2_room1_mix0250,28,5,0,68,8,5.43
fold2_room1_mix0250,29,5,0,68,9,4.92
fold2_room1_mix0250,30,5,0,67,9,4.98
fold2_room1_mix0250,31,5,0,67,10,4.75
fold2_room1_mix0250,32,5,0,65,8,5.49
fold2_room1_mix0250,33,5,0,64,8,5.28
fold2_room1_mix0250,34,5,0,63,9,5.23
fold2_room1_mix0250,35,5,0,63,9,4.91
fold2_room1_mix0250,36,4,0,173,-1,5.52
fold2_room1_mix0250,36,5,0,65,9,5.21
fold2_room1_mix0250,37,4,0,176,-1,5.88
fold2_room1_mix0250,37,5,0,62,8,5.87
fold2_room1_mix0250,38,4,0,178,-1,12.62
fold2_room1_mix0250,38,5,0,61,9,5.47
fold2_room1_mix0250,39,4,0,175,-1,9.15
fold2_room1_mix0250,39,5,0,61,9,5.35
fold2_room1_mix0250,40,4,0,177,-1,6.75
fold2_room1_mix0250,40,5,0,59,8,5.65
fold2_room1_mix0250,41,4,0,177,-1,12.84
fold2_room1_mix0250,41,5,0,63,8,5.74
fold2_room1_mix0250,42,4,0,-178,-1,15.62
fold2_room1_mix0250,42,5,0,62,8,5.73
fold2_room1_mix0250,43,4,0,179,-1,15.65
fold2_room1_mix0250,43,5,0,57,7,6.37
fold2_room1_mix0250,44,4,0,-177,-1,15.83
fold2_room1_mix0250,44,5,0,54,8,6.04
fold2_room1_mix0250,45,4,0,-174,-1,15.01
fold2_room1_mix0250,45,5,0,62,9,5.68
fold2_room1_mix0250,46,4,0,-177,-1,14.84
fold2_room1_mix0250,46,5,0,56,8,5.86
fold2_room1_mix0250,47,4,0,-176,-1,14.29
fold2_room1_mix0250,47,5,0,53,7,6.57
fold2_room1_mix0250,48,4,0,-174,-1,13.67
fold2_room1_mix0250,48,5,0,52,8,6.03
fold2_room1_mix0250,49,4,0,-173,-1,13.00
fold2_room1_mix0250,49,5,0,54,9,5.51
fold2_room1_mix0250,50,4,0,-174,-1,13.00
fold2_room1_mix0250,50,5,0,51,8,6.26
fold2_room1_mix0250,51,4,0,-173,-1,11.78
fold2_room1_mix0250,51,5,0,50,8,6.23
fold2_room1_mix0250,52,4,0,-175,-2,11.73
fold2_room1_mix0250,52,5,0,46,6,7.04
fold2_room1_mix0250,53,4,0,-175,-2,11.08
fold2_room1_mix0250,53,5,0,51,7,6.59
fold2_room1_mix0250,54,4,0,-175,-2,11.00
fold2_room1_mix0250,54,5,0,48,6,7.09
fold2_room1_mix0250,55,4,0,-174,-2,10.23
fold2_room1_mix0250,55,5,0,47,6,7.36
fold2_room1_mix0250,56,4,0,-176,-2,10.36
fold2_room1_mix0250,56,5,0,47,6,7.66
fold2_room1_mix0250,57,4,0,-175,-2,9.88
fold2_room1_mix0250,57,5,0,44,6,7.37
fold2_room1_mix0250,58,4,0,-175,-2,9.46
fold2_room1_mix0250,58,5,0,45,6,7.00
fold2_room1_mix0250,59,4,0,-174,-2,9.39
fold2_room1_mix0250,59,5,0,44,6,7.24
fold2_room1_mix0250,60,4,0,-172,-3,8.49
fold2_room1_mix0250,60,5,0,44,5,8.07
fold2_room1_mix0250,61,4,0,-170,-3,8.01
fold2_room1_mix0250,61,5,0,43,6,7.25
fold2_room1_mix0250,62,4,0,-172,-3,7.63
fold2_room1_mix0250,62,5,0,40,6,6.93
fold2_room1_mix0250,63,4,0,-171,-4,7.00
fold2_room1_mix0250,63,5,0,44,5,7.40
fold2_room1_mix0250,64,4,0,-170,-4,6.30
fold2_room1_mix0250,64,5,0,44,6,7.41
fold2_room1_mix0250,65,4,0,-170,-4,6.14
fold2_room1_mix0250,65,5,0,43,6,7.27
fold2_room1_mix0250,66,4,0,-167,-4,5.93
fold2_room1_mix0250,66,5,0,40,5,7.25
fold2_room1_mix0250,67,4,0,-167,-5,5.14
fold2_room1_mix0250,67,5,0,39,6,7.31
fold2_room1_mix0250,68,4,0,-164,-6,4.39
fold2_room1_mix0250,68,5,0,43,5,7.53
fold2_room1_mix0250,69,4,0,-164,-6,4.08
fold2_room1_mix0250,69,5,0,37,6,7.16
fold2_room1_mix0250,70,4,0,-161,-8,3.36
fold2_room1_mix0250,70,5,0,38,5,7.46
fold2_room1_mix0250,71,4,0,-160,-9,3.07
fold2_room1_mix0250,71,5,0,39,5,7.65
fold2_room1_mix0250,72,4,0,-157,-10,2.47
fold2_room1_mix0250,72,5,0,38,5,7.38
fold2_room1_mix0250,73,4,0,-151,-12,1.92
fold2_room1_mix0250,73,5,0,36,5,7.63
fold2_room1_mix0250,74,4,0,-145,-14,1.50
fold2_room1_mix0250,74,5,0,38,5,7.36
fold2_room1_mix0250,75,4,0,-133,-19,1.10
fold2_room1_mix0250,75,5,0,36,5,7.73
fold2_room1_mix0250,76,4,0,-96,-26,0.76
fold2_room1_mix0250,76,5,0,36,4,8.13
fold2_room1_mix0250,77,4,0,-56,-21,0.84
fold2_room1_mix0250,77,5,0,34,4,7.73
fold2_room1_mix0250,78,4,0,-40,-13,1.18
fold2_room1_mix0250,78,5,0,33,4,8.46
fold2_room1_mix0250,79,4,0,-29,-11,1.68
fold2_room1_mix0250,79,5,0,33,4,8.32
fold2_room1_mix0250,80,4,0,-25,-9,2.16
fold2_room1_mix0250,80,5,0,30,4,8.55
fold2_room1_mix0250,81,4,0,-20,-8,2.70
fold2_room1_mix0250,81,5,0,30,4,8.38
fold2_room1_mix0250,82,4,0,-15,-6,3.34
fold2_room1_mix0250,82,5,0,32,4,8.60
fold2_room1_mix0250,83,4,0,-12,-5,3.41
fold2_room1_mix0250,83,5,0,33,4,8.54
fold2_room1_mix0250,84,4,0,-11,-4,4.20
fold2_room1_mix0250,84,5,0,34,4,8.51
fold2_room1_mix0250,85,4,0,-10,-4,4.56
fold2_room1_mix0250,85,5,0,28,4,8.66
fold2_room1_mix0250,86,4,0,-8,-4,5.07
fold2_room1_mix0250,86,5,0,28,4,9.15
fold2_room1_mix0250,87,4,0,-8,-4,5.64
fold2_room1_mix0250,87,5,0,34,5,7.50
fold2_room1_mix0250,88,4,0,-7,-4,5.75
fold2_room1_mix0250,88,5,0,34,4,8.10
fold2_room1_mix0250,89,4,0,-7,-3,6.20
fold2_room1_mix0250,89,5,0,31,4,8.96
fold2_room1_mix0250,90,4,0,-6,-3,6.94
fold2_room1_mix0250,90,5,0,33,4,8.39
fold2_room1_mix0250,91,4,0,-4,-3,7.92
fold2_room1_mix0250,91,5,0,32,4,8.48
fold2_room1_mix0250,92,4,0,-5,-2,8.49
fold2_room1_mix0250,92,5,0,34,4,8.90
fold2_room1_mix0250,93,4,0,-5,-2,9.02
fold2_room1_mix0250,93,5,0,34,4,8.78
fold2_room1_mix0250,94,4,0,-4,-2,9.58
fold2_room1_mix0250,94,5,0,27,4,8.39
fold2_room1_mix0250,95,4,0,-4,-2,10.34
fold2_room1_mix0250,95,5,0,33,4,8.98
fold2_room1_mix0250,96,4,0,-2,-2,10.62
fold2_room1_mix0250,96,5,0,32,5,7.78
fold2_room1_mix0250,97,4,0,-3,-2,11.69
fold2_room1_mix0250,97,5,0,29,4,9.11
fold2_room1_mix0250,98,4,0,-2,-2,12.02
fold2_room1_mix0250,98,5,0,31,4,8.88
fold2_room1_mix0250,99,4,0,-2,-2,12.13
fold2_room1_mix0250,99,5,0,30,4,8.51
fold2_room1_mix0251,0,5,0,-92,3,11.07
fold2_room1_mix0251,1,5,0,-94,4,12.31
fold2_room1_mix0251,2,5,0,-93,3,12.94
fold2_room1_mix0251,3,5,0,-89,3,12.04
fold2_room1_mix0251,4,5,0,-88,4,8.93
fold2_room1_mix0251,5,5,0,-91,3,14.47
fold2_room1_mix0251,6,5,0,-89,3,17.32
fold2_room1_mix0251,7,5,0,-85,3,16.03
fold2_room1_mix0251,8,5,0,-89,3,14.48
fold2_room1_mix0251,9,5,0,-87,3,16.82
fold2_room1_mix0251,10,5,0,-88,4,14.80
fold2_room1_mix0251,11,5,0,-83,3,14.40
fold2_room1_mix0251,12,5,0,-85,3,15.10
fold2_room1_mix0251,13,5,0,-88,3,16.65
fold2_room1_mix0251,14,5,0,-81,4,15.75
fold2_room1_mix0251,15,5,0,-84,4,15.00
fold2_room1_mix0251,16,5,0,-86,3,14.81
fold2_room1_mix0251,17,5,0,-80,3,14.37
fold2_room1_mix0251,18,5,0,-80,3,15.83
fold2_room1_mix0251,19,5,0,-80,3,16.33
fold2_room1_mix0251,20,5,0,-80,3,14.80
fold2_room1_mix0251,21,5,0,-84,3,14.97
fold2_room1_mix0251,22,5,0,-76,3,15.10
fold2_room1_mix0251,23,5,0,-82,3,14.68
fold2_room1_mix0251,24,5,0,-82,3,14.78
fold2_room1_mix0251,25,5,0,-77,3,17.48
fold2_room1_mix0251,26,5,0,-82,3,15.94
fold2_room1_mix0251,27,5,0,-84,3,15.15
fold2_room1_mix0251,28,5,0,-79,3,14.84
fold2_room1_mix0251,29,5,0,-85,3,16.11
fold2_room1_mix0251,30,5,0,-80,3,15.53
fold2_room1_mix0251,31,5,0,-79,3,15.50
fold2_room1_mix0251,32,5,0,-85,3,15.90
fold2_room1_mix0251,33,5,0,-73,3,16.32
fold2_room1_mix0251,34,5,0,-83,3,14.86
fold2_room1_mix0251,35,5,0,-82,3,16.18
fold2_room1_mix0251,36,5,0,-80,3,15.40
fold2_room1_mix0251,37,5,0,-85,3,15.22
fold2_room1_mix0251,38,5,0,-83,3,16.39
fold2_room1_mix0251,39,5,0,-81,3,16.42
fold2_room1_mix0251,40,5,0,-84,3,15.26
fold2_room1_mix0251,41,4,0,8,0,10.07
fold2_room1_mix0251,41,5,0,-80,3,17.82
fold2_room1_mix0251,42,4,0,-2,0,14.08
fold2_room1_mix0251,42,5,0,-78,3,15.29
fold2_room1_mix0251,43,4,0,3,-1,21.43
fold2_room1_mix0251,43,5,0,-83,4,15.03
fold2_room1_mix0251,44,4,0,-1,-1,22.21
fold2_room1_mix0251,44,5,0,-79,3,16.06
fold2_room1_mix0251,45,4,0,-2,-1,23.81
fold2_room1_mix0251,45,5,0,-82,3,15.95
fold2_room1_mix0251,46,4,0,-1,-1,23.34
fold2_room1_mix0251,46,5,0,-83,3,15.68
fold2_room1_mix0251,47,4,0,0,-1,23.75
fold2_room1_mix0251,47,5,0,-78,3,15.48
fold2_room1_mix0251,48,4,0,0,-1,22.28
fold2_room1_mix0251,48,5,0,-90,3,15.50
fold2_room1_mix0251,49,4,0,2,-1,21.67
fold2_room1_mix0251,49,5,0,-82,3,15.83
fold2_room1_mix0251,50,4,0,0,-1,21.26
fold2_room1_mix0251,50,5,0,-84,3,15.08
fold2_room1_mix0251,51,4,0,-1,-1,20.69
fold2_room1_mix0251,51,5,0,-88,3,16.16
fold2_room1_mix0251,52,4,0,0,-1,19.91
fold2_room1_mix0251,52,5,0,-84,3,15.89
fold2_room1_mix0251,53,4,0,-1,-1,19.37
fold2_room1_mix0251,53,5,0,-88,3,15.81
fold2_room1_mix0251,54,4,0,0,-1,19.63
fold2_room1_mix0251,54,5,0,-87,3,15.57
fold2_room1_mix0251,55,4,0,1,-1,17.59
fold2_room1_mix0251,55,5,0,-86,3,16.24
fold2_room1_mix0251,56,4,0,-1,-1,17.36
fold2_room1_mix0251,56,5,0,-87,3,15.36
fold2_room1_mix0251,57,4,0,0,-1,16.32
fold2_room1_mix0251,57,5,0,-89,3,17.50
fold2_room1_mix0251,58,4,0,-1,-2,15.31
fold2_room1_mix0251,58,5,0,-85,3,15.93
fold2_room1_mix0251,59,4,0,-1,-2,15.26
fold2_room1_mix0251,59,5,0,-89,3,15.72
fold2_room1_mix0251,60,4,0,1,-2,13.65
fold2_room1_mix0251,60,5,0,-87,3,16.61
fold2_room1_mix0251,61,4,0,-2,-2,12.76
fold2_room1_mix0251,61,5,0,-87,3,16.79
fold2_room1_mix0251,62,4,0,0,-3,12.00
fold2_room1_mix0251,62,5,0,-91,3,16.67
fold2_room1_mix0251,63,4,0,-1,-3,11.38
fold2_room1_mix0251,63,5,0,-86,3,16.44
fold2_room1_mix0251,64,4,0,-2,-3,10.42
fold2_room1_mix0251,64,5,0,-88,3,17.46
fold2_room1_mix0251,65,4,0,-2,-3,9.68
fold2_room1_mix0251,65,5,0,-90,3,16.70
fold2_room1_mix0251,66,4,0,-4,-3,9.16
fold2_room1_mix0251,66,5,0,-87,3,15.90
fold2_room1_mix0251,67,4,0,-4,-4,7.86
fold2_room1_mix0251,67,5,0,-82,3,17.68
fold2_room1_mix0251,68,4,0,-4,-4,7.14
fold2_room1_mix0251,68,5,0,-85,3,16.71
fold2_room1_mix0251,69,4,0,-5,-4,6.38
fold2_room1_mix0251,69,5,0,-85,3,17.18
fold2_room1_mix0251,70,4,0,-7,-5,5.48
fold2_room1_mix0251,70,5,0,-86,3,17.63
fold2_room1_mix0251,71,4,0,-8,-5,4.76
fold2_room1_mix0251,71,5,0,-78,3,17.03
fold2_room1_mix0251,72,4,0,-11,-7,4.06
fold2_room1_mix0251,72,5,0,-88,3,16.30
fold2_room1_mix0251,73,4,0,-13,-8,3.19
fold2_room1_mix0251,73,5,0,-84,3,17.70
fold2_room1_mix0251,74,4,0,-18,-10,2.57
fold2_room1_mix0251,74,5,0,-85,3,16.03
fold2_room1_mix0251,75,4,0,-28,-14,1.85
fold2_room1_mix0251,75,5,0,-86,3,15.78
fold2_room1_mix0251,76,4,0,-42,-19,1.13
fold2_room1_mix0251,76,5,0,-85,3,16.44
fold2_room1_mix0251,77,4,0,-96,-27,0.96
fold2_room1_mix0251,77,5,0,-83,3,16.27
fold2_room1_mix0251,78,4,0,-139,-14,1.17
fold2_room1_mix0251,78,5,0,-90,4,15.91
fold2_room1_mix0251,79,4,0,-152,-11,1.66
fold2_room1_mix0251,79,5,0,-83,4,15.55
fold2_room1_mix0251,80,4,0,-159,-8,2.39
fold2_room1_mix0251,80,5,0,-97,4,16.31
fold2_room1_mix0251,81,4,0,-163,-7,3.16
fold2_room1_mix0251,81,5,0,-95,4,16.00
fold2_room1_mix0251,82,4,0,-167,-6,3.75
fold2_room1_mix0251,82,5,0,-84,4,15.75
fold2_room1_mix0251,83,4,0,-168,-5,4.50
fold2_room1_mix0251,83,5,0,-91,3,16.57
fold2_room1_mix0251,84,4,0,-171,-4,5.12
fold2_room1_mix0251,84,5,0,-101,4,15.18
fold2_room1_mix0251,85,4,0,-173,-3,5.96
fold2_room1_mix0251,85,5,0,-93,4,15.45
fold2_room1_mix0251,86,4,0,-173,-3,6.55
fold2_room1_mix0251,86,5,0,-99,3,15.99
fold2_room1_mix0251,87,4,0,-175,-2,7.52
fold2_room1_mix0251,87,5,0,-93,3,15.67
fold2_room1_mix0251,88,4,0,-177,-2,8.93
fold2_room1_mix0251,88,5,0,-92,4,16.68
fold2_room1_mix0251,89,4,0,-176,-2,9.04
fold2_room1_mix0251,89,5,0,-95,3,17.53
fold2_room1_mix0251,90,4,0,-176,-1,10.40
fold2_room1_mix0251,90,5,0,-94,4,16.24
fold2_room1_mix0251,91,4,0,-178,-1,11.42
fold2_room1_mix0251,91,5,0,-95,4,15.69
fold2_room1_mix0251,92,4,0,-177,-1,11.81
fold2_room1_mix0251,92,5,0,-90,4,16.17
fold2_room1_mix0251,93,4,0,-179,-1,12.70
fold2_room1_mix0251,93,5,0,-94,4,17.07
fold2_room1_mix0251,94,4,0,-179,-1,13.69
fold2_room1_mix0251,94,5,0,-95,4,16.72
fold2_room1_mix0251,95,4,0,-179,-1,13.89
fold2_room1_mix0251,95,5,0,-90,4,16.70
fold2_room1_mix0251,96,4,0,-179,-1,14.36
fold2_room1_mix0251,96,5,0,-89,4,16.21
fold2_room1_mix0251,97,4,0,-179,-1,15.94
fold2_room1_mix0251,97,5,0,-89,4,16.27
fold2_room1_mix0251,98,4,0,-179,0,16.03
fold2_room1_mix0251,98,5,0,-91,4,15.64
fold2_room1_mix0251,99,4,0,-179,0,17.11
fold2_room1_mix0251,99,5,0,-90,4,15.72
fold2_room1_mix0252,4,4,0,179,0,1.51
fold2_room1_mix0252,5,4,0,179,0,2.57
fold2_room1_mix0252,6,4,0,178,0,11.71
fold2_room1_mix0252,7,4,0,177,0,9.87
fold2_room1_mix0252,8,4,0,178,0,11.62
fold2_room1_mix0252,9,4,0,179,0,22.27
fold2_room1_mix0252,10,4,0,177,0,29.33
fold2_room1_mix0252,11,4,0,178,0,28.29
fold2_room1_mix0252,12,4,0,178,0,32.11
fold2_room1_mix0252,13,4,0,-179,0,31.45
fold2_room1_mix0252,14,4,0,178,0,28.25
fold2_room1_mix0252,15,4,0,177,0,25.90
fold2_room1_mix0252,16,4,0,178,0,28.14
fold2_room1_mix0252,17,4,0,177,0,26.65
fold2_room1_mix0252,18,4,0,177,0,28.16
fold2_room1_mix0252,19,4,0,177,0,32.76
fold2_room1_mix0252,20,4,0,177,0,33.03
fold2_room1_mix0252,21,4,0,177,0,32.39
fold2_room1_mix0252,22,4,0,178,0,28.57
fold2_room1_mix0252,23,4,0,178,0,30.92
fold2_room1_mix0252,24,4,0,178,0,29.28
fold2_room1_mix0252,25,4,0,178,0,31.08
fold2_room1_mix0252,26,4,0,177,0,32.57
fold2_room1_mix0252,27,4,0,177,0,38.59
fold2_room1_mix0252,28,4,0,176,0,36.93
fold2_room1_mix0252,29,4,0,177,0,36.30
fold2_room1_mix0252,30,4,0,177,0,40.45
fold2_room1_mix0252,31,4,0,177,0,36.36
fold2_room1_mix0252,32,4,0,177,0,34.50
fold2_room1_mix0252,33,4,0,177,0,37.94
fold2_room1_mix0252,34,4,0,176,0,44.48
fold2_room1_mix0252,35,4,0,177,0,42.54
fold2_room1_mix0252,36,4,0,176,0,44.39
fold2_room1_mix0252,37,4,0,178,0,45.24
fold2_room1_mix0252,38,4,0,176,0,45.96
fold2_room1_mix0252,39,4,0,176,0,43.09
fold2_room1_mix0252,40,4,0,177,0,43.61
fold2_room1_mix0252,41,4,0,176,0,46.60
fold2_room1_mix0252,42,4,0,177,0,46.35
fold2_room1_mix0252,43,4,0,178,0,44.27
fold2_room1_mix0252,44,4,0,177,0,44.40
fold2_room1_mix0252,45,4,0,175,0,44.77
fold2_room1_mix0252,46,4,0,178,0,45.66
fold2_room1_mix0252,47,4,0,177,0,43.44
fold2_room1_mix0252,48,4,0,178,0,45.32
fold2_room1_mix0252,49,4,0,178,0,42.92
fold2_room1_mix0252,50,4,0,178,0,41.51
fold2_room1_mix0252,51,4,0,179,0,41.15
fold2_room1_mix0252,52,4,0,179,0,38.97
fold2_room1_mix0252,53,4,0,177,0,36.54
fold2_room1_mix0252,54,4,0,179,0,36.58
fold2_room1_mix0252,55,4,0,-179,0,33.71
fold2_room1_mix0252,56,4,0,-179,0,33.21
fold2_room1_mix0252,57,4,0,179,0,33.74
fold2_room1_mix0252,58,4,0,-179,0,31.78
fold2_room1_mix0252,59,4,0,179,0,31.52
fold2_room1_mix0252,60,4,0,-179,0,29.64
fold2_room1_mix0252,61,4,0,179,0,29.11
fold2_room1_mix0252,62,4,0,178,0,27.32
fold2_room1_mix0252,63,4,0,177,0,25.01
fold2_room1_mix0252,64,4,0,179,0,23.75
fold2_room1_mix0252,65,4,0,178,-1,22.21
fold2_room1_mix0252,66,4,0,178,-1,21.89
fold2_room1_mix0252,67,4,0,176,-1,20.54
fold2_room1_mix0252,68,4,0,177,-1,18.74
fold2_room1_mix0252,69,4,0,177,-1,17.57
fold2_room1_mix0252,70,4,0,178,-1,16.55
fold2_room1_mix0252,71,4,0,177,-2,15.56
fold2_room1_mix0252,72,4,0,177,-2,13.61
fold2_room1_mix0252,73,4,0,176,-2,12.54
fold2_room1_mix0252,74,4,0,176,-3,10.99
fold2_room1_mix0252,75,4,0,176,-3,9.91
fold2_room1_mix0252,76,4,0,175,-4,8.54
fold2_room1_mix0252,77,4,0,173,-4,7.63
fold2_room1_mix0252,78,4,0,172,-6,5.90
fold2_room1_mix0252,79,4,0,168,-7,4.82
fold2_room1_mix0252,80,4,0,163,-11,3.55
fold2_room1_mix0252,81,4,0,151,-16,2.47
fold2_room1_mix0252,82,4,0,115,-29,1.44
fold2_room1_mix0252,83,4,0,49,-21,1.31
fold2_room1_mix0252,84,4,0,23,-11,1.93
fold2_room1_mix0252,85,4,0,15,-8,2.73
fold2_room1_mix0252,86,4,0,11,-6,3.76
fold2_room1_mix0252,87,4,0,10,-6,4.47
fold2_room1_mix0252,88,4,0,8,-4,6.02
fold2_room1_mix0252,89,4,0,7,-3,7.55
fold2_room1_mix0252,90,4,0,4,-3,8.13
fold2_room1_mix0252,91,4,0,4,-3,9.53
fold2_room1_mix0252,92,4,0,4,-3,10.64
fold2_room1_mix0252,93,4,0,4,-2,11.34
fold2_room1_mix0252,94,4,0,4,-2,12.97
fold2_room1_mix0252,95,4,0,4,-2,13.70
fold2_room1_mix0252,96,4,0,3,-2,14.35
fold2_room1_mix0252,97,4,0,3,-1,16.37
fold2_room1_mix0252,98,4,0,3,-1,17.69
fold2_room1_mix0252,99,4,0,3,-1,20.61
fold2_room1_mix0253,15,4,0,177,0,2.66
fold2_room1_mix0253,17,4,0,175,0,6.06
fold2_room1_mix0253,18,4,0,176,0,7.61
fold2_room1_mix0253,19,4,0,177,0,20.85
fold2_room1_mix0253,20,4,0,179,0,21.61
fold2_room1_mix0253,21,4,0,177,-1,30.25
fold2_room1_mix0253,22,4,0,-178,0,36.39
fold2_room1_mix0253,23,4,0,179,0,33.01
fold2_room1_mix0253,24,4,0,177,-1,33.24
fold2_room1_mix0253,25,4,0,-178,-1,36.49
fold2_room1_mix0253,26,4,0,-178,-1,34.38
fold2_room1_mix0253,27,4,0,-179,0,33.42
fold2_room1_mix0253,28,4,0,-177,0,39.18
fold2_room1_mix0253,29,4,0,-179,0,36.91
fold2_room1_mix0253,30,4,0,-178,0,37.25
fold2_room1_mix0253,31,4,0,-178,0,38.97
fold2_room1_mix0253,32,4,0,-179,0,36.17
fold2_room1_mix0253,33,4,0,-178,0,34.87
fold2_room1_mix0253,34,4,0,-179,0,34.46
fold2_room1_mix0253,35,4,0,-178,0,33.84
fold2_room1_mix0253,36,4,0,-176,0,34.35
fold2_room1_mix0253,37,4,0,-179,0,34.02
fold2_room1_mix0253,38,4,0,-176,0,31.34
fold2_room1_mix0253,39,4,0,-178,0,30.31
fold2_room1_mix0253,40,4,0,-179,0,31.23
fold2_room1_mix0253,41,4,0,-177,0,29.76
fold2_room1_mix0253,42,4,0,-177,0,28.17
fold2_room1_mix0253,43,4,0,-179,0,27.86
fold2_room1_mix0253,44,4,0,-179,0,27.74
fold2_room1_mix0253,45,4,0,-177,0,24.85
fold2_room1_mix0253,46,4,0,-177,0,25.05
fold2_room1_mix0253,47,4,0,-178,0,24.30
fold2_room1_mix0253,48,4,0,-178,0,23.06
fold2_room1_mix0253,49,4,0,-176,0,21.56
fold2_room1_mix0253,50,4,0,-174,0,21.93
fold2_room1_mix0253,51,4,0,-175,0,20.45
fold2_room1_mix0253,52,4,0,-176,-1,20.36
fold2_room1_mix0253,53,4,0,-174,-1,19.06
fold2_room1_mix0253,54,4,0,-174,-1,19.07
fold2_room1_mix0253,55,4,0,-174,-1,17.02
fold2_room1_mix0253,56,4,0,-175,-1,16.74
fold2_room1_mix0253,57,4,0,-172,-1,15.20
fold2_room1_mix0253,58,4,0,-172,-1,14.55
fold2_room1_mix0253,59,4,0,-174,-2,13.71
fold2_room1_mix0253,60,4,0,-172,-1,14.19
fold2_room1_mix0253,61,4,0,-173,-2,12.03
fold2_room1_mix0253,62,4,0,-171,-3,10.55
fold2_room1_mix0253,63,4,0,-170,-3,10.34
fold2_room1_mix0253,64,4,0,-167,-3,8.92
fold2_room1_mix0253,65,4,0,-165,-4,8.29
fold2_room1_mix0253,66,4,0,-164,-4,7.56
fold2_room1_mix0253,67,4,0,-162,-5,6.42
fold2_room1_mix0253,68,4,0,-158,-6,5.67
fold2_room1_mix0253,69,4,0,-156,-7,4.65
fold2_room1_mix0253,70,4,0,-152,-9,3.78
fold2_room1_mix0253,71,4,0,-145,-11,3.06
fold2_room1_mix0253,72,4,0,-137,-15,2.48
fold2_room1_mix0253,73,4,0,-113,-22,1.99
fold2_room1_mix0253,74,4,0,-86,-20,1.88
fold2_room1_mix0253,75,4,0,-56,-16,1.93
fold2_room1_mix0253,76,4,0,-39,-11,2.59
fold2_room1_mix0253,77,4,0,-31,-10,3.26
fold2_room1_mix0253,78,4,0,-26,-9,3.77
fold2_room1_mix0253,79,4,0,-21,-7,4.80
fold2_room1_mix0253,80,4,0,-16,-6,5.48
fold2_room1_mix0253,81,4,0,-13,-5,6.17
fold2_room1_mix0253,82,4,0,-11,-4,7.53
fold2_room1_mix0253,83,4,0,-10,-4,8.23
fold2_room1_mix0253,84,4,0,-9,-4,9.31
fold2_room1_mix0253,85,4,0,-8,-3,10.21
fold2_room1_mix0253,86,4,0,-6,-3,10.92
fold2_room1_mix0253,87,4,0,-6,-3,12.09
fold2_room1_mix0253,88,4,0,-6,-3,12.70
fold2_room1_mix0253,89,4,0,-5,-2,13.67
fold2_room1_mix0253,90,4,0,-5,-3,14.70
fold2_room1_mix0253,91,4,0,-4,-2,15.68
fold2_room1_mix0253,92,4,0,-3,-2,17.33
fold2_room1_mix0253,93,4,0,-2,-2,17.79
fold2_room1_mix0253,94,4,0,-2,-2,18.29
fold2_room1_mix0253,95,4,0,-1,-2,21.01
fold2_room1_mix0253,96,4,0,-2,-2,21.06
fold2_room1_mix0253,97,4,0,-2,-2,20.78
fold2_room1_mix0253,98,4,0,-1,-1,23.38
fold2_room1_mix0253,99,4,0,0,-2,23.95
fold2_room1_mix0254,51,2,0,-135,-6,5.75
fold2_room1_mix0254,52,2,0,-130,-5,6.89
fold2_room1_mix0254,53,2,0,-130,-5,6.65
fold2_room1_mix0254,54,2,0,-129,-4,7.07
fold2_room1_mix0254,55,2,0,-132,-5,6.75
fold2_room1_mix0254,56,2,0,-137,-5,7.60
fold2_room1_mix0254,61,2,0,-128,-4,7.63
fold2_room1_mix0254,62,2,0,-133,-4,8.80
fold2_room1_mix0254,63,2,0,-130,-4,8.74
fold2_room1_mix0254,64,2,0,-136,-4,8.92
fold2_room1_mix0254,65,2,0,-134,-4,9.19
fold2_room1_mix0254,66,2,0,-134,-4,9.27
fold2_room1_mix0254,67,2,0,-141,-4,7.52
fold2_room1_mix0254,72,2,0,-139,-4,9.31
fold2_room1_mix0254,73,2,0,-137,-3,10.24
fold2_room1_mix0254,74,2,0,-138,-4,9.52
fold2_room1_mix0254,75,2,0,-142,-4,10.22
fold2_room1_mix0254,76,2,0,-141,-3,11.10
fold2_room1_mix0254,77,2,0,-139,-4,7.59
fold2_room1_mix0254,82,2,0,-143,-4,8.74
fold2_room1_mix0254,83,2,0,-146,-4,9.14
fold2_room1_mix0254,84,2,0,-144,-4,10.26
fold2_room1_mix0254,85,2,0,-145,-4,10.44
fold2_room1_mix0254,86,2,0,-145,-4,11.10
fold2_room1_mix0254,87,2,0,-147,-4,10.60
fold2_room1_mix0255,4,4,0,177,0,14.59
fold2_room1_mix0255,5,4,0,171,0,6.63
fold2_room1_mix0255,6,4,0,176,0,16.58
fold2_room1_mix0255,7,4,0,177,0,15.22
fold2_room1_mix0255,8,4,0,179,0,22.35
fold2_room1_mix0255,9,4,0,177,0,30.59
fold2_room1_mix0255,10,4,0,175,0,30.19
fold2_room1_mix0255,11,4,0,177,0,28.26
fold2_room1_mix0255,12,4,0,177,0,28.82
fold2_room1_mix0255,12,4,0,15,0,35.78
fold2_room1_mix0255,13,4,0,177,0,25.90
fold2_room1_mix0255,13,4,0,21,0,32.17
fold2_room1_mix0255,14,4,0,177,0,28.67
fold2_room1_mix0255,15,4,0,171,-1,26.66
fold2_room1_mix0255,15,4,0,15,0,31.33
fold2_room1_mix0255,16,4,0,173,-1,24.44
fold2_room1_mix0255,16,4,0,20,0,26.62
fold2_room1_mix0255,17,4,0,179,-1,26.12
fold2_room1_mix0255,17,4,0,18,0,27.97
fold2_room1_mix0255,18,4,0,177,0,26.60
fold2_room1_mix0255,18,4,0,16,0,28.12
fold2_room1_mix0255,19,4,0,169,-2,26.63
fold2_room1_mix0255,19,4,0,20,-1,27.63
fold2_room1_mix0255,20,4,0,172,-1,26.93
fold2_room1_mix0255,20,4,0,22,-1,27.19
fold2_room1_mix0255,21,4,0,177,-1,26.28
fold2_room1_mix0255,21,4,0,41,-2,25.62
fold2_room1_mix0255,22,4,0,174,-2,25.23
fold2_room1_mix0255,22,4,0,37,-1,24.88
fold2_room1_mix0255,23,4,0,176,-1,25.00
fold2_room1_mix0255,23,4,0,35,-2,23.15
fold2_room1_mix0255,24,4,0,176,-2,26.81
fold2_room1_mix0255,24,4,0,41,-3,21.25
fold2_room1_mix0255,25,4,0,174,-2,28.39
fold2_room1_mix0255,25,4,0,28,-2,24.89
fold2_room1_mix0255,26,4,0,175,-1,24.86
fold2_room1_mix0255,26,4,0,42,-3,20.32
fold2_room1_mix0255,27,4,0,173,-2,24.49
fold2_room1_mix0255,27,4,0,45,-3,20.03
fold2_room1_mix0255,28,4,0,175,-2,24.20
fold2_room1_mix0255,28,4,0,47,-3,19.49
fold2_room1_mix0255,29,4,0,172,-2,23.12
fold2_room1_mix0255,29,4,0,45,-2,21.24
fold2_room1_mix0255,30,4,0,171,-2,23.23
fold2_room1_mix0255,30,4,0,49,-3,19.77
fold2_room1_mix0255,31,4,0,173,-2,22.81
fold2_room1_mix0255,31,4,0,122,-4,21.23
fold2_room1_mix0255,31,4,0,31,-2,21.81
fold2_room1_mix0255,32,4,0,176,-2,20.71
fold2_room1_mix0255,32,4,0,51,-2,17.29
fold2_room1_mix0255,33,4,0,170,-2,19.86
fold2_room1_mix0255,33,4,0,65,-4,16.93
fold2_room1_mix0255,33,4,0,38,-2,19.21
fold2_room1_mix0255,34,4,0,177,-2,18.91
fold2_room1_mix0255,34,4,0,101,-5,18.87
fold2_room1_mix0255,34,4,0,53,-2,17.29
fold2_room1_mix0255,35,4,0,179,-2,17.53
fold2_room1_mix0255,35,4,0,57,-3,17.35
fold2_room1_mix0255,36,4,0,177,-2,17.60
fold2_room1_mix0255,36,4,0,76,-5,16.69
fold2_room1_mix0255,36,4,0,55,-3,16.29
fold2_room1_mix0255,37,4,0,175,-2,16.27
fold2_room1_mix0255,37,4,0,54,-2,15.66
fold2_room1_mix0255,38,4,0,173,-2,16.50
fold2_room1_mix0255,38,4,0,62,-3,15.58
fold2_room1_mix0255,39,4,0,174,-2,15.66
fold2_room1_mix0255,39,4,0,72,-3,14.65
fold2_room1_mix0255,40,4,0,171,-2,17.23
fold2_room1_mix0255,40,4,0,79,-3,13.87
fold2_room1_mix0255,41,4,0,174,-1,16.55
fold2_room1_mix0255,41,4,0,84,-3,13.62
fold2_room1_mix0255,42,4,0,175,-2,14.48
fold2_room1_mix0255,42,4,0,81,-3,13.17
fold2_room1_mix0255,43,4,0,177,-2,13.87
fold2_room1_mix0255,43,4,0,87,-3,12.68
fold2_room1_mix0255,44,4,0,175,-3,13.08
fold2_room1_mix0255,44,4,0,85,-4,11.98
fold2_room1_mix0255,45,4,0,176,-3,12.28
fold2_room1_mix0255,45,4,0,86,-3,13.17
fold2_room1_mix0255,46,4,0,173,-3,12.44
fold2_room1_mix0255,46,4,0,87,-3,12.96
fold2_room1_mix0255,47,4,0,174,-3,12.18
fold2_room1_mix0255,47,4,0,99,-2,12.92
fold2_room1_mix0255,48,4,0,172,-4,10.17
fold2_room1_mix0255,48,4,0,93,-3,12.30
fold2_room1_mix0255,49,4,0,170,-4,10.19
fold2_room1_mix0255,49,4,0,97,-2,12.97
fold2_room1_mix0255,50,4,0,174,-4,9.59
fold2_room1_mix0255,50,4,0,99,-2,13.57
fold2_room1_mix0255,51,4,0,172,-4,9.00
fold2_room1_mix0255,51,4,0,103,-2,13.05
fold2_room1_mix0255,52,4,0,170,-4,8.58
fold2_room1_mix0255,52,4,0,97,-2,13.67
fold2_room1_mix0255,53,4,0,168,-4,8.13
fold2_room1_mix0255,53,4,0,107,-2,13.41
fold2_room1_mix0255,54,4,0,168,-5,7.61
fold2_room1_mix0255,54,4,0,117,-1,13.44
fold2_room1_mix0255,55,4,0,163,-6,6.83
fold2_room1_mix0255,55,4,0,119,-1,13.24
fold2_room1_mix0255,56,4,0,163,-6,6.21
fold2_room1_mix0255,56,4,0,125,-1,13.56
fold2_room1_mix0255,57,4,0,160,-7,5.77
fold2_room1_mix0255,57,4,0,126,-1,13.43
fold2_room1_mix0255,58,4,0,157,-8,4.83
fold2_room1_mix0255,58,4,0,122,-1,13.55
fold2_room1_mix0255,59,4,0,148,-8,4.52
fold2_room1_mix0255,59,4,0,113,0,14.67
fold2_room1_mix0255,60,0,0,-11,-1,4.07
fold2_room1_mix0255,60,4,0,141,-9,4.30
fold2_room1_mix0255,60,4,0,111,-1,13.43
fold2_room1_mix0255,61,0,0,-13,0,11.04
fold2_room1_mix0255,61,4,0,136,-7,4.40
fold2_room1_mix0255,61,4,0,110,-1,10.53
fold2_room1_mix0255,62,0,0,-12,-1,13.32
fold2_room1_mix0255,62,4,0,118,-9,4.03
fold2_room1_mix0255,62,4,0,97,-3,10.46
fold2_room1_mix0255,63,0,0,-14,-1,11.37
fold2_room1_mix0255,63,4,0,109,-5,5.81
fold2_room1_mix0255,63,4,0,90,-7,5.08
fold2_room1_mix0255,64,0,0,-14,-1,18.40
fold2_room1_mix0255,64,4,0,100,-3,7.22
fold2_room1_mix0255,64,4,0,75,-9,3.78
fold2_room1_mix0255,65,0,0,-18,-1,23.50
fold2_room1_mix0255,65,4,0,98,-2,7.16
fold2_room1_mix0255,65,4,0,67,-7,3.90
fold2_room1_mix0255,66,0,0,-15,-1,22.43
fold2_room1_mix0255,66,4,0,95,-1,8.44
fold2_room1_mix0255,66,4,0,58,-8,3.86
fold2_room1_mix0255,67,0,0,-10,0,18.97
fold2_room1_mix0255,67,4,0,102,1,11.18
fold2_room1_mix0255,67,4,0,47,-6,3.78
fold2_room1_mix0255,68,0,0,-19,-1,29.14
fold2_room1_mix0255,68,4,0,102,1,12.58
fold2_room1_mix0255,68,4,0,39,-6,4.24
fold2_room1_mix0255,69,0,0,-14,-1,26.03
fold2_room1_mix0255,69,4,0,108,2,16.04
fold2_room1_mix0255,69,4,0,34,-6,3.94
fold2_room1_mix0255,70,0,0,-13,0,29.74
fold2_room1_mix0255,70,4,0,103,1,16.58
fold2_room1_mix0255,70,4,0,28,-5,4.74
fold2_room1_mix0255,71,0,0,-14,0,48.26
fold2_room1_mix0255,71,4,0,92,2,15.73
fold2_room1_mix0255,71,4,0,24,-4,5.50
fold2_room1_mix0255,72,0,0,-12,0,42.97
fold2_room1_mix0255,72,4,0,120,1,18.52
fold2_room1_mix0255,72,4,0,22,-5,5.85
fold2_room1_mix0255,73,0,0,-10,0,38.81
fold2_room1_mix0255,73,4,0,89,2,17.37
fold2_room1_mix0255,73,4,0,20,-4,6.22
fold2_room1_mix0255,74,0,0,-10,0,52.43
fold2_room1_mix0255,74,4,0,101,1,17.50
fold2_room1_mix0255,74,4,0,18,-4,7.01
fold2_room1_mix0255,75,0,0,-10,0,53.17
fold2_room1_mix0255,75,4,0,61,0,16.80
fold2_room1_mix0255,75,4,0,18,-3,7.48
fold2_room1_mix0255,76,0,0,-10,0,49.83
fold2_room1_mix0255,76,4,0,115,-1,16.43
fold2_room1_mix0255,76,4,0,16,-2,10.29
fold2_room1_mix0255,77,0,0,-11,0,46.98
fold2_room1_mix0255,77,4,0,75,0,14.99
fold2_room1_mix0255,77,4,0,15,-1,9.92
fold2_room1_mix0255,78,0,0,-12,0,55.11
fold2_room1_mix0255,78,4,0,87,-3,15.63
fold2_room1_mix0255,78,4,0,15,-2,11.13
fold2_room1_mix0255,79,0,0,-11,0,55.87
fold2_room1_mix0255,79,4,0,45,-2,14.62
fold2_room1_mix0255,79,4,0,15,-2,11.47
fold2_room1_mix0255,80,0,0,-11,0,59.24
fold2_room1_mix0255,80,4,0,53,-3,14.90
fold2_room1_mix0255,80,4,0,14,-1,13.27
fold2_room1_mix0255,81,0,0,-9,0,60.54
fold2_room1_mix0255,81,4,0,47,-2,15.75
fold2_room1_mix0255,81,4,0,14,-1,13.28
fold2_room1_mix0255,82,0,0,-14,-1,54.39
fold2_room1_mix0255,82,4,0,20,-1,13.73
fold2_room1_mix0255,83,0,0,-11,0,57.23
fold2_room1_mix0255,83,4,0,41,-1,16.03
fold2_room1_mix0255,83,4,0,13,-1,14.12
fold2_room1_mix0255,84,0,0,-10,0,65.36
fold2_room1_mix0255,84,4,0,13,-1,15.77
fold2_room1_mix0255,85,0,0,-11,0,58.78
fold2_room1_mix0255,85,4,0,12,-1,16.20
fold2_room1_mix0255,86,0,0,-10,0,57.43
fold2_room1_mix0255,86,4,0,12,-1,17.20
fold2_room1_mix0255,87,0,0,-11,0,73.55
fold2_room1_mix0255,87,4,0,154,-2,17.36
fold2_room1_mix0255,87,4,0,10,-1,17.77
fold2_room1_mix0255,88,0,0,-10,0,64.07
fold2_room1_mix0255,88,4,0,151,-2,19.48
fold2_room1_mix0255,88,4,0,11,-1,19.47
fold2_room1_mix0255,89,0,0,-10,0,73.71
fold2_room1_mix0255,89,4,0,150,-3,20.42
fold2_room1_mix0255,89,4,0,9,-1,20.42
fold2_room1_mix0255,90,0,0,-10,0,81.29
fold2_room1_mix0255,90,4,0,151,-4,18.54
fold2_room1_mix0255,90,4,0,11,-1,20.76
fold2_room1_mix0255,91,0,0,-9,0,81.85
fold2_room1_mix0255,91,4,0,156,-2,21.45
fold2_room1_mix0255,91,4,0,9,-1,21.85
fold2_room1_mix0255,92,0,0,-12,0,81.07
fold2_room1_mix0255,92,4,0,163,-2,23.34
fold2_room1_mix0255,92,4,0,9,-1,24.13
fold2_room1_mix0255,93,0,0,-10,0,96.68
fold2_room1_mix0255,93,4,0,161,-3,20.33
fold2_room1_mix0255,93,4,0,9,-1,22.85
fold2_room1_mix0255,94,0,0,-9,0,96.57
fold2_room1_mix0255,94,4,0,10,-1,23.91
fold2_room1_mix0255,95,0,0,-10,0,98.84
fold2_room1_mix0255,95,4,0,162,-4,22.70
fold2_room1_mix0255,95,4,0,9,-1,24.26
fold2_room1_mix0255,96,0,0,-13,0,99.52
fold2_room1_mix0255,96,4,0,165,-1,23.75
fold2_room1_mix0255,96,4,0,9,-1,24.29
fold2_room1_mix0255,97,0,0,-9,0,86.54
fold2_room1_mix0255,97,4,0,162,0,30.00
fold2_room1_mix0255,97,4,0,11,0,29.77
fold2_room1_mix0255,98,0,0,-8,0,56.20
fold2_room1_mix0255,98,4,0,163,0,32.33
fold2_room1_mix0255,98,4,0,11,0,30.02
fold2_room1_mix0255,99,0,0,-6,0,20.42
fold2_room1_mix0255,99,4,0,155,0,34.38
fold2_room1_mix0255,99,4,0,11,0,32.54
fold2_room1_mix0256,2,4,0,175,0,1.20
fold2_room1_mix0256,3,4,0,176,0,6.63
fold2_room1_mix0256,4,4,0,171,0,19.23
fold2_room1_mix0256,5,4,0,173,0,19.97
fold2_room1_mix0256,6,4,0,173,0,24.76
fold2_room1_mix0256,7,4,0,173,0,32.64
fold2_room1_mix0256,8,4,0,171,0,37.13
fold2_room1_mix0256,9,4,0,171,0,36.27
fold2_room1_mix0256,10,4,0,169,0,37.64
fold2_room1_mix0256,11,4,0,168,0,38.37
fold2_room1_mix0256,12,4,0,169,0,36.69
fold2_room1_mix0256,13,4,0,169,0,36.09
fold2_room1_mix0256,14,4,0,169,0,36.15
fold2_room1_mix0256,15,4,0,169,0,36.11
fold2_room1_mix0256,16,4,0,170,0,34.15
fold2_room1_mix0256,17,4,0,168,0,35.45
fold2_room1_mix0256,18,4,0,168,0,34.37
fold2_room1_mix0256,19,4,0,167,0,34.96
fold2_room1_mix0256,20,4,0,169,0,35.41
fold2_room1_mix0256,21,4,0,168,0,32.86
fold2_room1_mix0256,22,4,0,167,0,32.46
fold2_room1_mix0256,23,4,0,167,0,32.39
fold2_room1_mix0256,24,4,0,167,0,32.15
fold2_room1_mix0256,25,4,0,165,0,32.22
fold2_room1_mix0256,26,4,0,163,0,30.86
fold2_room1_mix0256,27,4,0,165,0,31.52
fold2_room1_mix0256,28,4,0,162,0,29.49
fold2_room1_mix0256,29,4,0,162,0,29.90
fold2_room1_mix0256,30,4,0,160,0,30.46
fold2_room1_mix0256,31,4,0,163,0,29.61
fold2_room1_mix0256,32,4,0,162,0,29.64
fold2_room1_mix0256,33,4,0,162,-1,29.76
fold2_room1_mix0256,34,4,0,161,-1,29.67
fold2_room1_mix0256,35,4,0,159,-1,29.13
fold2_room1_mix0256,36,4,0,160,-1,29.97
fold2_room1_mix0256,37,4,0,161,-1,28.83
fold2_room1_mix0256,38,4,0,160,-1,28.53
fold2_room1_mix0256,39,4,0,159,-1,28.05
fold2_room1_mix0256,40,4,0,159,-1,27.28
fold2_room1_mix0256,41,4,0,158,-1,27.20
fold2_room1_mix0256,42,4,0,157,-1,26.82
fold2_room1_mix0256,43,4,0,156,-1,26.63
fold2_room1_mix0256,44,4,0,156,-1,26.33
fold2_room1_mix0256,45,4,0,154,-1,25.77
fold2_room1_mix0256,46,4,0,154,-1,25.73
fold2_room1_mix0256,47,4,0,153,-1,23.74
fold2_room1_mix0256,48,4,0,153,-1,23.47
fold2_room1_mix0256,49,4,0,151,-1,23.39
fold2_room1_mix0256,50,4,0,151,-1,22.81
fold2_room1_mix0256,51,4,0,150,-1,21.92
fold2_room1_mix0256,52,4,0,150,-1,21.73
fold2_room1_mix0256,53,4,0,149,-1,21.19
fold2_room1_mix0256,54,4,0,148,-1,19.97
fold2_room1_mix0256,55,4,0,148,-1,19.72
fold2_room1_mix0256,56,4,0,147,-1,19.76
fold2_room1_mix0256,57,4,0,146,-1,19.42
fold2_room1_mix0256,58,4,0,145,-2,19.27
fold2_room1_mix0256,59,4,0,145,-2,19.49
fold2_room1_mix0256,60,4,0,142,-2,18.50
fold2_room1_mix0256,61,4,0,141,-2,17.50
fold2_room1_mix0256,62,4,0,142,-2,17.79
fold2_room1_mix0256,63,4,0,141,-2,16.92
fold2_room1_mix0256,64,4,0,140,-2,16.01
fold2_room1_mix0256,65,4,0,139,-2,16.34
fold2_room1_mix0256,66,4,0,136,-2,15.25
fold2_room1_mix0256,67,4,0,134,-3,14.15
fold2_room1_mix0256,68,4,0,134,-2,14.72
fold2_room1_mix0256,69,4,0,133,-3,14.68
fold2_room1_mix0256,70,4,0,132,-3,14.29
fold2_room1_mix0256,71,4,0,130,-3,13.69
fold2_room1_mix0256,72,4,0,129,-3,13.30
fold2_room1_mix0256,73,4,0,128,-3,12.92
fold2_room1_mix0256,74,4,0,128,-3,12.81
fold2_room1_mix0256,75,4,0,126,-4,12.62
fold2_room1_mix0256,76,4,0,126,-4,12.15
fold2_room1_mix0256,77,4,0,124,-4,12.21
fold2_room1_mix0256,78,4,0,121,-4,12.18
fold2_room1_mix0256,79,4,0,119,-4,12.10
fold2_room1_mix0256,80,4,0,116,-4,11.62
fold2_room1_mix0256,81,4,0,114,-4,11.77
fold2_room1_mix0256,82,4,0,110,-4,11.58
fold2_room1_mix0256,83,4,0,107,-5,11.30
fold2_room1_mix0256,84,4,0,105,-5,11.54
fold2_room1_mix0256,85,4,0,101,-5,11.57
fold2_room1_mix0256,86,4,0,98,-5,11.28
fold2_room1_mix0256,87,4,0,93,-5,11.19
fold2_room1_mix0256,88,4,0,90,-5,11.36
fold2_room1_mix0256,89,4,0,88,-5,11.07
fold2_room1_mix0256,90,4,0,85,-5,11.35
fold2_room1_mix0256,91,4,0,83,-5,11.46
fold2_room1_mix0256,92,4,0,80,-4,11.21
fold2_room1_mix0256,93,4,0,77,-4,11.30
fold2_room1_mix0256,94,4,0,75,-4,12.05
fold2_room1_mix0256,95,4,0,72,-4,11.44
fold2_room1_mix0256,96,4,0,70,-4,11.71
fold2_room1_mix0256,97,4,0,67,-4,12.53
fold2_room1_mix0256,98,4,0,66,-4,12.16
fold2_room1_mix0256,99,4,0,63,-4,12.08
fold2_room1_mix0257,11,2,0,15,-5,7.60
fold2_room1_mix0257,12,2,0,22,-5,8.09
fold2_room1_mix0257,13,2,0,23,-5,7.22
fold2_room1_mix0257,14,2,0,36,-5,6.48
fold2_room1_mix0257,15,2,0,29,-5,7.16
fold2_room1_mix0257,16,2,0,34,-5,6.53
fold2_room1_mix0257,21,2,0,38,-5,7.13
fold2_room1_mix0257,22,2,0,38,-5,7.56
fold2_room1_mix0257,23,2,0,33,-5,6.91
fold2_room1_mix0257,23,3,0,25,-4,3.36
fold2_room1_mix0257,24,2,0,39,-5,6.79
fold2_room1_mix0257,24,3,0,42,-3,11.68
fold2_room1_mix0257,25,2,0,36,-6,7.03
fold2_room1_mix0257,25,3,0,42,-3,10.81
fold2_room1_mix0257,26,2,0,43,-6,6.70
fold2_room1_mix0257,26,3,0,43,-2,10.44
fold2_room1_mix0257,27,3,0,46,-2,9.95
fold2_room1_mix0257,28,3,0,48,-3,9.93
fold2_room1_mix0257,29,3,0,36,-2,7.01
fold2_room1_mix0257,32,2,0,45,-6,6.29
fold2_room1_mix0257,33,2,0,42,-6,6.21
fold2_room1_mix0257,34,2,0,43,-6,6.10
fold2_room1_mix0257,34,3,0,51,-2,8.55
fold2_room1_mix0257,35,2,0,46,-6,6.06
fold2_room1_mix0257,35,3,0,50,-2,12.03
fold2_room1_mix0257,36,2,0,46,-6,6.38
fold2_room1_mix0257,36,3,0,54,-2,12.34
fold2_room1_mix0257,37,2,0,42,-6,4.82
fold2_room1_mix0257,37,3,0,53,-3,11.42
fold2_room1_mix0257,38,3,0,56,-3,9.42
fold2_room1_mix0257,39,3,0,56,-3,11.29
fold2_room1_mix0257,40,3,0,65,-5,5.08
fold2_room1_mix0257,42,2,0,45,-6,5.84
fold2_room1_mix0257,43,2,0,54,-7,4.94
fold2_room1_mix0257,44,2,0,54,-7,5.64
fold2_room1_mix0257,45,2,0,54,-7,5.25
fold2_room1_mix0257,45,3,0,55,-3,9.21
fold2_room1_mix0257,46,2,0,49,-7,5.44
fold2_room1_mix0257,46,3,0,63,-3,10.38
fold2_room1_mix0257,47,2,0,30,-8,3.21
fold2_room1_mix0257,47,3,0,64,-3,10.67
fold2_room1_mix0257,48,3,0,62,-3,9.90
fold2_room1_mix0257,49,3,0,70,-3,8.44
fold2_room1_mix0257,50,3,0,74,-3,9.49
fold2_room1_mix0257,51,3,0,75,-5,5.05
fold2_room1_mix0257,53,2,0,57,-7,5.62
fold2_room1_mix0257,54,2,0,66,-8,4.75
fold2_room1_mix0257,55,2,0,64,-6,6.40
fold2_room1_mix0257,56,2,0,62,-8,5.38
fold2_room1_mix0257,56,3,0,66,-3,8.11
fold2_room1_mix0257,57,2,0,69,-8,5.37
fold2_room1_mix0257,57,3,0,78,-4,8.66
fold2_room1_mix0257,58,2,0,66,-8,5.10
fold2_room1_mix0257,61,4,0,-179,0,10.27
fold2_room1_mix0257,62,4,0,-178,0,13.54
fold2_room1_mix0257,63,4,0,-175,0,20.95
fold2_room1_mix0257,64,4,0,-177,0,19.35
fold2_room1_mix0257,65,4,0,-177,-1,18.60
fold2_room1_mix0257,66,4,0,-176,-1,18.22
fold2_room1_mix0257,67,4,0,-173,-1,16.95
fold2_room1_mix0257,68,4,0,-175,-2,16.15
fold2_room1_mix0257,69,4,0,-174,-2,14.81
fold2_room1_mix0257,70,4,0,-173,-2,13.01
fold2_room1_mix0257,71,4,0,-172,-3,12.30
fold2_room1_mix0257,72,4,0,-170,-3,10.88
fold2_room1_mix0257,73,4,0,-168,-4,10.10
fold2_room1_mix0257,74,4,0,-166,-4,8.84
fold2_room1_mix0257,75,4,0,-162,-5,7.54
fold2_room1_mix0257,76,4,0,-160,-7,5.33
fold2_room1_mix0257,77,4,0,-154,-9,3.99
fold2_room1_mix0257,78,4,0,-151,-13,3.17
fold2_room1_mix0257,79,4,0,-138,-18,2.55
fold2_room1_mix0257,80,4,0,-118,-24,2.01
fold2_room1_mix0257,81,4,0,-88,-28,1.58
fold2_room1_mix0257,82,4,0,-53,-20,1.75
fold2_room1_mix0257,83,4,0,-37,-13,2.48
fold2_room1_mix0257,84,4,0,-29,-12,3.41
fold2_room1_mix0257,85,4,0,-23,-8,4.54
fold2_room1_mix0257,86,4,0,-17,-7,5.22
fold2_room1_mix0257,87,4,0,-13,-5,6.60
fold2_room1_mix0257,88,4,0,-11,-5,7.49
fold2_room1_mix0257,89,4,0,-9,-4,9.15
fold2_room1_mix0257,90,4,0,-8,-4,10.01
fold2_room1_mix0257,91,4,0,-6,-3,11.42
fold2_room1_mix0257,92,4,0,-5,-3,12.29
fold2_room1_mix0257,93,4,0,-5,-3,13.05
fold2_room1_mix0257,94,4,0,-6,-3,13.72
fold2_room1_mix0257,95,4,0,-6,-3,14.52
fold2_room1_mix0257,96,4,0,-5,-2,15.00
fold2_room1_mix0257,97,4,0,-5,-2,16.68
fold2_room1_mix0257,98,4,0,-3,-2,17.49
fold2_room1_mix0257,99,4,0,-3,-2,18.11
fold2_room1_mix0259,4,4,0,178,0,1.77
fold2_room1_mix0259,5,4,0,176,0,12.04
fold2_room1_mix0259,6,4,0,176,0,14.17
fold2_room1_mix0259,7,4,0,176,0,18.14
fold2_room1_mix0259,8,4,0,176,0,21.94
fold2_room1_mix0259,9,4,0,175,0,28.52
fold2_room1_mix0259,10,4,0,173,0,30.37
fold2_room1_mix0259,11,4,0,173,0,33.59
fold2_room1_mix0259,12,4,0,174,0,32.92
fold2_room1_mix0259,13,4,0,174,0,35.27
fold2_room1_mix0259,14,4,0,173,0,32.92
fold2_room1_mix0259,15,4,0,172,0,35.49
fold2_room1_mix0259,16,4,0,172,0,34.51
fold2_room1_mix0259,17,4,0,173,0,36.55
fold2_room1_mix0259,18,4,0,173,0,34.30
fold2_room1_mix0259,19,4,0,172,0,37.93
fold2_room1_mix0259,20,4,0,174,0,37.31
fold2_room1_mix0259,21,4,0,172,0,39.60
fold2_room1_mix0259,22,4,0,173,0,38.27
fold2_room1_mix0259,23,4,0,172,0,39.85
fold2_room1_mix0259,24,4,0,174,0,37.63
fold2_room1_mix0259,25,4,0,172,0,38.76
fold2_room1_mix0259,26,4,0,173,0,39.44
fold2_room1_mix0259,27,4,0,171,0,40.09
fold2_room1_mix0259,28,4,0,172,0,40.18
fold2_room1_mix0259,29,4,0,172,0,42.02
fold2_room1_mix0259,30,4,0,172,0,42.10
fold2_room1_mix0259,31,4,0,172,0,40.79
fold2_room1_mix0259,32,4,0,173,0,40.77
fold2_room1_mix0259,33,4,0,171,0,43.06
fold2_room1_mix0259,34,4,0,171,0,43.62
fold2_room1_mix0259,35,4,0,172,0,41.21
fold2_room1_mix0259,36,4,0,171,0,42.23
fold2_room1_mix0259,37,4,0,171,0,42.66
fold2_room1_mix0259,38,4,0,170,0,41.42
fold2_room1_mix0259,39,4,0,170,0,41.97
fold2_room1_mix0259,40,4,0,172,0,41.94
fold2_room1_mix0259,41,4,0,171,0,40.96
fold2_room1_mix0259,42,4,0,172,0,38.50
fold2_room1_mix0259,43,4,0,170,0,36.91
fold2_room1_mix0259,44,4,0,169,0,37.81
fold2_room1_mix0259,45,4,0,170,0,35.76
fold2_room1_mix0259,46,4,0,171,0,35.16
fold2_room1_mix0259,47,4,0,169,0,35.02
fold2_room1_mix0259,48,4,0,169,0,31.74
fold2_room1_mix0259,49,4,0,169,0,32.70
fold2_room1_mix0259,50,4,0,167,0,32.63
fold2_room1_mix0259,51,4,0,166,0,31.20
fold2_room1_mix0259,52,4,0,166,0,30.90
fold2_room1_mix0259,53,4,0,164,-1,29.21
fold2_room1_mix0259,54,4,0,162,0,29.01
fold2_room1_mix0259,55,4,0,162,-1,27.95
fold2_room1_mix0259,56,4,0,163,-1,27.39
fold2_room1_mix0259,57,4,0,161,-1,26.56
fold2_room1_mix0259,58,4,0,159,-1,24.60
fold2_room1_mix0259,59,4,0,158,-1,23.93
fold2_room1_mix0259,60,4,0,158,-1,22.84
fold2_room1_mix0259,61,4,0,156,-1,22.20
fold2_room1_mix0259,62,4,0,155,-1,20.88
fold2_room1_mix0259,63,4,0,154,-1,20.16
fold2_room1_mix0259,64,4,0,154,-1,19.82
fold2_room1_mix0259,65,4,0,153,-2,18.49
fold2_room1_mix0259,66,4,0,152,-2,18.08
fold2_room1_mix0259,67,4,0,150,-2,16.72
fold2_room1_mix0259,68,4,0,149,-2,15.59
fold2_room1_mix0259,69,4,0,146,-2,15.65
fold2_room1_mix0259,70,4,0,144,-2,14.64
fold2_room1_mix0259,71,4,0,144,-3,13.96
fold2_room1_mix0259,72,4,0,142,-3,13.37
fold2_room1_mix0259,73,4,0,140,-3,13.04
fold2_room1_mix0259,74,4,0,136,-3,12.16
fold2_room1_mix0259,75,4,0,134,-4,11.24
fold2_room1_mix0259,76,4,0,130,-3,11.13
fold2_room1_mix0259,77,4,0,128,-4,10.60
fold2_room1_mix0259,78,4,0,123,-4,10.39
fold2_room1_mix0259,79,4,0,119,-4,9.81
fold2_room1_mix0259,80,4,0,115,-5,9.51
fold2_room1_mix0259,81,4,0,111,-5,9.44
fold2_room1_mix0259,82,4,0,103,-5,9.03
fold2_room1_mix0259,83,4,0,96,-5,8.95
fold2_room1_mix0259,84,4,0,90,-5,8.94
fold2_room1_mix0259,85,4,0,85,-5,9.52
fold2_room1_mix0259,86,4,0,78,-5,9.94
fold2_room1_mix0259,87,4,0,71,-4,9.94
fold2_room1_mix0259,88,4,0,65,-4,10.15
fold2_room1_mix0259,89,4,0,60,-3,10.87
fold2_room1_mix0259,90,4,0,56,-3,11.15
fold2_room1_mix0259,91,4,0,52,-3,11.74
fold2_room1_mix0259,92,4,0,49,-3,12.46
fold2_room1_mix0259,93,4,0,45,-3,12.83
fold2_room1_mix0259,94,4,0,42,-3,13.53
fold2_room1_mix0259,95,4,0,41,-3,14.30
fold2_room1_mix0259,96,4,0,37,-3,14.50
fold2_room1_mix0259,97,4,0,36,-2,15.91
fold2_room1_mix0259,98,4,0,33,-2,16.71
fold2_room1_mix0259,99,4,0,32,-2,16.80
fold2_room1_mix0260,1,4,0,179,0,1.50
fold2_room1_mix0260,1,4,0,0,0,1.40
fold2_room1_mix0260,2,4,0,-178,1,2.59
fold2_room1_mix0260,2,4,0,-1,1,2.54
fold2_room1_mix0260,3,4,0,-177,1,7.35
fold2_room1_mix0260,3,4,0,0,0,6.64
fold2_room1_mix0260,4,4,0,-176,0,14.62
fold2_room1_mix0260,4,4,0,2,0,12.38
fold2_room1_mix0260,5,4,0,-177,0,17.13
fold2_room1_mix0260,5,4,0,3,0,13.98
fold2_room1_mix0260,6,4,0,-177,0,19.59
fold2_room1_mix0260,6,4,0,4,-1,15.53
fold2_room1_mix0260,7,4,0,-177,0,30.06
fold2_room1_mix0260,7,4,0,3,-1,22.12
fold2_room1_mix0260,8,4,0,-178,0,32.67
fold2_room1_mix0260,8,4,0,3,-2,21.65
fold2_room1_mix0260,9,4,0,-177,0,28.10
fold2_room1_mix0260,9,4,0,2,-2,21.04
fold2_room1_mix0260,10,4,0,-178,0,29.36
fold2_room1_mix0260,10,4,0,3,-2,19.15
fold2_room1_mix0260,11,4,0,-178,0,28.50
fold2_room1_mix0260,11,4,0,4,-2,18.16
fold2_room1_mix0260,12,4,0,-177,0,28.86
fold2_room1_mix0260,12,4,0,4,-2,18.60
fold2_room1_mix0260,13,4,0,-178,0,27.37
fold2_room1_mix0260,13,4,0,4,-2,17.86
fold2_room1_mix0260,14,4,0,-177,0,28.21
fold2_room1_mix0260,14,4,0,4,-3,17.97
fold2_room1_mix0260,15,4,0,-179,0,26.14
fold2_room1_mix0260,15,4,0,4,-3,17.30
fold2_room1_mix0260,16,4,0,-179,0,28.00
fold2_room1_mix0260,16,4,0,3,-3,16.03
fold2_room1_mix0260,17,4,0,-178,0,25.71
fold2_room1_mix0260,17,4,0,3,-3,14.97
fold2_room1_mix0260,18,4,0,-178,0,27.55
fold2_room1_mix0260,18,4,0,3,-3,14.39
fold2_room1_mix0260,19,4,0,-177,-1,24.66
fold2_room1_mix0260,19,4,0,4,-4,13.44
fold2_room1_mix0260,20,4,0,-177,0,27.13
fold2_room1_mix0260,20,4,0,4,-4,14.22
fold2_room1_mix0260,21,4,0,-177,-1,25.30
fold2_room1_mix0260,21,4,0,4,-4,13.18
fold2_room1_mix0260,22,4,0,-177,-1,24.55
fold2_room1_mix0260,22,4,0,4,-4,13.16
fold2_room1_mix0260,23,4,0,-178,-1,23.96
fold2_room1_mix0260,23,4,0,4,-4,12.38
fold2_room1_mix0260,24,4,0,-177,-1,24.28
fold2_room1_mix0260,24,4,0,5,-4,11.93
fold2_room1_mix0260,25,4,0,-177,-1,20.66
fold2_room1_mix0260,25,4,0,5,-4,11.12
fold2_room1_mix0260,26,1,0,-52,-4,15.25
fold2_room1_mix0260,26,4,0,-178,-2,22.34
fold2_room1_mix0260,26,4,0,6,-6,9.83
fold2_room1_mix0260,27,1,0,-77,-4,13.61
fold2_room1_mix0260,27,4,0,-179,-1,21.43
fold2_room1_mix0260,27,4,0,8,-5,8.41
fold2_room1_mix0260,28,1,0,-109,-4,15.77
fold2_room1_mix0260,28,3,0,127,-2,7.29
fold2_room1_mix0260,28,4,0,179,-2,26.86
fold2_room1_mix0260,28,4,0,7,-5,11.20
fold2_room1_mix0260,29,1,0,-97,-4,9.20
fold2_room1_mix0260,29,3,0,145,-3,8.89
fold2_room1_mix0260,29,4,0,177,-1,24.42
fold2_room1_mix0260,29,4,0,6,-4,9.63
fold2_room1_mix0260,30,1,0,-87,-4,12.36
fold2_room1_mix0260,30,4,0,179,-2,25.31
fold2_room1_mix0260,30,4,0,5,-5,9.24
fold2_room1_mix0260,31,1,0,-89,-5,11.10
fold2_room1_mix0260,31,4,0,-179,-3,24.61
fold2_room1_mix0260,31,4,0,4,-5,10.82
fold2_room1_mix0260,32,1,0,-90,-4,12.81
fold2_room1_mix0260,32,4,0,179,-2,27.16
fold2_room1_mix0260,32,4,0,5,-5,10.26
fold2_room1_mix0260,33,1,0,-91,-4,13.08
fold2_room1_mix0260,33,4,0,179,-3,28.30
fold2_room1_mix0260,33,4,0,7,-6,9.63
fold2_room1_mix0260,34,1,0,-98,-4,4.01
fold2_room1_mix0260,34,4,0,177,-1,20.60
fold2_room1_mix0260,34,4,0,5,-6,6.69
fold2_room1_mix0260,35,1,0,-109,-4,12.16
fold2_room1_mix0260,35,4,0,177,-2,21.82
fold2_room1_mix0260,35,4,0,7,-7,6.95
fold2_room1_mix0260,36,1,0,-117,-5,11.94
fold2_room1_mix0260,36,4,0,-179,-3,21.69
fold2_room1_mix0260,36,4,0,5,-7,8.10
fold2_room1_mix0260,37,1,0,-117,-4,13.30
fold2_room1_mix0260,37,4,0,-177,-3,22.15
fold2_room1_mix0260,37,4,0,11,-8,6.64
fold2_room1_mix0260,38,1,0,-127,-4,11.46
fold2_room1_mix0260,38,3,0,124,-3,7.07
fold2_room1_mix0260,38,4,0,-177,-4,23.32
fold2_room1_mix0260,38,4,0,10,-9,5.97
fold2_room1_mix0260,39,1,0,-131,-4,9.81
fold2_room1_mix0260,39,3,0,119,-2,7.97
fold2_room1_mix0260,39,4,0,171,-2,21.42
fold2_room1_mix0260,39,4,0,12,-10,4.65
fold2_room1_mix0260,40,1,0,-135,-4,12.14
fold2_room1_mix0260,40,3,0,106,-2,7.08
fold2_room1_mix0260,40,4,0,174,-2,24.91
fold2_room1_mix0260,40,4,0,13,-14,4.03
fold2_room1_mix0260,41,1,0,-138,-4,16.05
fold2_room1_mix0260,41,3,0,109,-1,4.04
fold2_room1_mix0260,41,4,0,174,-5,23.40
fold2_room1_mix0260,41,4,0,22,-18,4.15
fold2_room1_mix0260,42,1,0,-137,-3,17.37
fold2_room1_mix0260,42,4,0,170,-11,16.14
fold2_room1_mix0260,42,4,0,44,-36,1.67
fold2_room1_mix0260,43,1,0,-135,-4,7.45
fold2_room1_mix0260,43,3,0,129,-3,12.54
fold2_room1_mix0260,43,4,0,166,-8,14.67
fold2_room1_mix0260,43,4,0,107,-44,2.10
fold2_room1_mix0260,43,4,0,68,-42,1.04
fold2_room1_mix0260,44,1,0,-136,-3,4.28
fold2_room1_mix0260,44,3,0,137,-3,7.89
fold2_room1_mix0260,44,4,0,175,-11,13.37
fold2_room1_mix0260,44,4,0,128,-40,1.58
fold2_room1_mix0260,45,1,0,-144,-3,15.57
fold2_room1_mix0260,45,3,0,121,-2,2.14
fold2_room1_mix0260,45,4,0,168,-8,12.21
fold2_room1_mix0260,45,4,0,129,-30,1.99
fold2_room1_mix0260,46,1,0,-148,-3,13.33
fold2_room1_mix0260,46,3,0,121,-2,7.62
fold2_room1_mix0260,46,4,0,169,-6,14.48
fold2_room1_mix0260,46,4,0,145,-22,2.64
fold2_room1_mix0260,46,4,0,129,-35,1.41
fold2_room1_mix0260,47,1,0,-145,-3,13.56
fold2_room1_mix0260,47,4,0,171,-8,14.09
fold2_room1_mix0260,47,4,0,159,-25,3.29
fold2_room1_mix0260,47,4,0,139,-28,1.84
fold2_room1_mix0260,48,1,0,-144,-3,8.42
fold2_room1_mix0260,48,3,0,122,-3,9.62
fold2_room1_mix0260,48,4,0,172,-5,14.84
fold2_room1_mix0260,48,4,0,147,-22,2.95
fold2_room1_mix0260,49,1,0,-143,-4,9.22
fold2_room1_mix0260,49,3,0,105,-3,2.38
fold2_room1_mix0260,49,4,0,173,-10,8.96
fold2_room1_mix0260,49,4,0,149,-21,2.58
fold2_room1_mix0260,49,4,0,103,-33,1.37
fold2_room1_mix0260,50,1,0,-150,-3,20.93
fold2_room1_mix0260,50,4,0,165,-9,6.56
fold2_room1_mix0260,50,4,0,140,-21,3.20
fold2_room1_mix0260,50,4,0,81,-30,1.02
fold2_room1_mix0260,51,1,0,-151,-3,21.28
fold2_room1_mix0260,51,4,0,162,-13,5.12
fold2_room1_mix0260,51,4,0,140,-24,2.03
fold2_room1_mix0260,51,4,0,60,-33,1.09
fold2_room1_mix0260,52,1,0,-150,-3,24.60
fold2_room1_mix0260,52,4,0,169,-12,5.63
fold2_room1_mix0260,52,4,0,153,-22,2.87
fold2_room1_mix0260,52,4,0,42,-24,1.84
fold2_room1_mix0260,53,1,0,-153,-3,21.23
fold2_room1_mix0260,53,4,0,164,-11,4.57
fold2_room1_mix0260,53,4,0,33,-20,1.86
fold2_room1_mix0260,54,1,0,-154,-4,6.22
fold2_room1_mix0260,54,4,0,167,-6,5.20
fold2_room1_mix0260,54,4,0,25,-15,2.15
fold2_room1_mix0260,55,1,0,-151,-3,28.55
fold2_room1_mix0260,55,4,0,171,-8,4.83
fold2_room1_mix0260,55,4,0,21,-13,2.40
fold2_room1_mix0260,56,1,0,-155,-3,24.82
fold2_room1_mix0260,56,4,0,175,-9,4.41
fold2_room1_mix0260,56,4,0,21,-13,2.10
fold2_room1_mix0260,57,1,0,-158,-3,17.85
fold2_room1_mix0260,57,3,0,112,-3,4.05
fold2_room1_mix0260,57,4,0,171,-9,5.02
fold2_room1_mix0260,57,4,0,16,-10,3.28
fold2_room1_mix0260,58,1,0,-160,-3,10.91
fold2_room1_mix0260,58,3,0,107,-2,12.37
fold2_room1_mix0260,58,4,0,179,-5,7.55
fold2_room1_mix0260,58,4,0,14,-7,6.03
fold2_room1_mix0260,59,3,0,81,-3,11.96
fold2_room1_mix0260,59,4,0,176,-6,6.91
fold2_room1_mix0260,59,4,0,10,-9,5.01
fold2_room1_mix0260,60,1,0,-159,-2,8.84
fold2_room1_mix0260,60,3,0,99,-2,6.48
fold2_room1_mix0260,60,4,0,179,-5,5.90
fold2_room1_mix0260,60,4,0,11,-7,4.51
fold2_room1_mix0260,61,1,0,-161,-2,7.83
fold2_room1_mix0260,61,4,0,-178,-5,5.40
fold2_room1_mix0260,61,4,0,11,-6,5.98
fold2_room1_mix0260,62,1,0,-159,-3,7.40
fold2_room1_mix0260,62,2,0,155,-5,3.84
fold2_room1_mix0260,62,3,0,100,-3,10.26
fold2_room1_mix0260,62,4,0,177,-6,5.59
fold2_room1_mix0260,62,4,0,7,-7,5.04
fold2_room1_mix0260,63,1,0,-157,-3,9.96
fold2_room1_mix0260,63,3,0,86,-4,11.26
fold2_room1_mix0260,63,4,0,-174,-4,6.02
fold2_room1_mix0260,63,4,0,11,-5,7.81
fold2_room1_mix0260,64,3,0,83,-4,12.64
fold2_room1_mix0260,64,4,0,-172,-5,9.11
fold2_room1_mix0260,64,4,0,-128,-9,3.92
fold2_room1_mix0260,64,4,0,6,-8,7.30
fold2_room1_mix0260,65,1,0,-159,-3,12.22
fold2_room1_mix0260,65,3,0,57,-2,8.90
fold2_room1_mix0260,65,4,0,-178,-3,7.73
fold2_room1_mix0260,65,4,0,-162,-8,4.24
fold2_room1_mix0260,65,4,0,7,-5,7.40
fold2_room1_mix0260,66,1,0,-159,-3,16.52
fold2_room1_mix0260,66,3,0,49,-2,7.50
fold2_room1_mix0260,66,4,0,-174,-4,6.53
fold2_room1_mix0260,66,4,0,9,-5,7.58
fold2_room1_mix0260,67,1,0,-158,-3,19.84
fold2_room1_mix0260,67,3,0,84,-1,3.78
fold2_room1_mix0260,67,4,0,175,-5,7.29
fold2_room1_mix0260,67,4,0,-133,-13,3.41
fold2_room1_mix0260,67,4,0,10,-7,6.69
fold2_room1_mix0260,68,1,0,-159,-3,15.89
fold2_room1_mix0260,68,3,0,68,-1,3.65
fold2_room1_mix0260,68,4,0,174,-5,8.60
fold2_room1_mix0260,68,4,0,-123,-12,3.15
fold2_room1_mix0260,68,4,0,8,-4,11.22
fold2_room1_mix0260,69,4,0,171,-2,14.54
fold2_room1_mix0260,69,4,0,-114,-12,2.83
fold2_room1_mix0260,69,4,0,-4,-8,10.00
fold2_room1_mix0260,70,1,0,-163,-3,10.08
fold2_room1_mix0260,70,3,0,106,-3,4.55
fold2_room1_mix0260,70,4,0,168,-1,16.61
fold2_room1_mix0260,70,4,0,-110,-13,2.15
fold2_room1_mix0260,70,4,0,-6,-7,9.85
fold2_room1_mix0260,71,1,0,-163,-2,18.83
fold2_room1_mix0260,71,4,0,167,0,16.98
fold2_room1_mix0260,71,4,0,-127,-8,3.56
fold2_room1_mix0260,71,4,0,-4,-5,12.72
fold2_room1_mix0260,72,1,0,-167,-2,2.29
fold2_room1_mix0260,72,4,0,168,-3,20.23
fold2_room1_mix0260,72,4,0,-110,-13,3.19
fold2_room1_mix0260,72,4,0,0,-7,14.22
fold2_room1_mix0260,73,4,0,168,-2,19.79
fold2_room1_mix0260,73,4,0,-75,-20,3.12
fold2_room1_mix0260,73,4,0,1,-7,13.32
fold2_room1_mix0260,74,4,0,171,-1,22.54
fold2_room1_mix0260,74,4,0,-110,-10,6.11
fold2_room1_mix0260,74,4,0,-17,-6,12.58
fold2_room1_mix0260,75,4,0,169,0,20.94
fold2_room1_mix0260,75,4,0,-99,-13,5.56
fold2_room1_mix0260,75,4,0,-19,-5,12.52
fold2_room1_mix0260,76,4,0,174,0,20.48
fold2_room1_mix0260,76,4,0,-46,-14,5.00
fold2_room1_mix0260,76,4,0,-9,-4,16.00
fold2_room1_mix0260,77,4,0,169,-1,17.75
fold2_room1_mix0260,77,4,0,-49,-11,5.20
fold2_room1_mix0260,77,4,0,0,-2,22.51
fold2_room1_mix0260,78,4,0,174,0,20.53
fold2_room1_mix0260,78,4,0,-39,-15,4.88
fold2_room1_mix0260,78,4,0,-9,-3,16.92
fold2_room1_mix0260,79,4,0,174,0,20.59
fold2_room1_mix0260,79,4,0,-27,-14,4.84
fold2_room1_mix0260,79,4,0,-7,-3,14.26
fold2_room1_mix0260,80,4,0,175,-1,17.19
fold2_room1_mix0260,80,4,0,-27,-11,4.41
fold2_room1_mix0260,80,4,0,-5,-2,17.42
fold2_room1_mix0260,81,4,0,174,-1,17.86
fold2_room1_mix0260,81,4,0,-28,-12,4.59
fold2_room1_mix0260,81,4,0,-8,-2,17.54
fold2_room1_mix0260,82,4,0,175,-1,18.96
fold2_room1_mix0260,82,4,0,-23,-10,6.08
fold2_room1_mix0260,82,4,0,-7,-2,19.24
fold2_room1_mix0260,83,4,0,174,-4,15.73
fold2_room1_mix0260,83,4,0,-21,-8,5.67
fold2_room1_mix0260,83,4,0,-2,-1,28.05
fold2_room1_mix0260,84,4,0,177,-3,18.70
fold2_room1_mix0260,84,4,0,-25,-8,6.77
fold2_room1_mix0260,84,4,0,-3,-1,26.83
fold2_room1_mix0260,85,4,0,176,-3,19.91
fold2_room1_mix0260,85,4,0,-20,-9,6.71
fold2_room1_mix0260,85,4,0,-6,-1,26.45
fold2_room1_mix0260,86,4,0,177,-3,17.46
fold2_room1_mix0260,86,4,0,-25,-7,7.68
fold2_room1_mix0260,86,4,0,0,-2,27.33
fold2_room1_mix0260,87,4,0,176,-3,19.02
fold2_room1_mix0260,87,4,0,-24,-6,8.40
fold2_room1_mix0260,87,4,0,-4,-2,23.02
fold2_room1_mix0260,88,4,0,179,-3,20.35
fold2_room1_mix0260,88,4,0,-23,-5,9.66
fold2_room1_mix0260,88,4,0,-4,-1,27.03
fold2_room1_mix0260,89,4,0,178,-3,20.35
fold2_room1_mix0260,89,4,0,-24,-5,10.24
fold2_room1_mix0260,89,4,0,-3,-1,29.54
fold2_room1_mix0260,90,4,0,177,-3,23.01
fold2_room1_mix0260,90,4,0,-19,-3,11.90
fold2_room1_mix0260,90,4,0,-3,-1,29.18
fold2_room1_mix0260,91,4,0,179,-4,24.23
fold2_room1_mix0260,91,4,0,-24,-2,13.28
fold2_room1_mix0260,91,4,0,-2,-1,36.70
fold2_room1_mix0260,92,4,0,179,-2,26.00
fold2_room1_mix0260,92,4,0,-22,-4,12.53
fold2_room1_mix0260,92,4,0,-2,-1,31.81
fold2_room1_mix0260,93,4,0,179,-2,24.15
fold2_room1_mix0260,93,4,0,-18,-3,13.32
fold2_room1_mix0260,93,4,0,-3,-1,31.16
fold2_room1_mix0260,94,4,0,-179,-2,25.40
fold2_room1_mix0260,94,4,0,-19,-3,14.17
fold2_room1_mix0260,94,4,0,-3,-2,30.01
fold2_room1_mix0260,95,4,0,-179,-2,27.09
fold2_room1_mix0260,95,4,0,-14,-3,22.26
fold2_room1_mix0260,96,4,0,-178,-1,27.25
fold2_room1_mix0260,96,4,0,-9,-3,23.49
fold2_room1_mix0260,97,4,0,-178,-1,30.29
fold2_room1_mix0260,97,4,0,-20,-3,16.76
fold2_room1_mix0260,97,4,0,-3,-1,38.18
fold2_room1_mix0260,98,4,0,-178,-1,29.91
fold2_room1_mix0260,98,4,0,-10,-3,24.65
fold2_room1_mix0260,99,4,0,-178,-2,23.77
fold2_room1_mix0260,99,4,0,-8,-2,26.16
fold2_room1_mix0261,23,5,0,172,2,11.58
fold2_room1_mix0261,26,1,0,18,-2,12.33
fold2_room1_mix0261,27,1,0,22,-2,26.47
fold2_room1_mix0261,27,4,0,174,0,7.17
fold2_room1_mix0261,28,1,0,27,-2,26.25
fold2_room1_mix0261,28,4,0,171,0,2.22
fold2_room1_mix0261,29,1,0,25,-2,21.17
fold2_room1_mix0261,29,4,0,174,1,1.14
fold2_room1_mix0261,30,1,0,33,-2,6.52
fold2_room1_mix0261,30,4,0,-174,-1,15.86
fold2_room1_mix0261,31,1,0,39,-3,19.96
fold2_room1_mix0261,31,4,0,178,-1,13.41
fold2_room1_mix0261,32,1,0,42,-3,12.85
fold2_room1_mix0261,32,4,0,176,-1,12.42
fold2_room1_mix0261,33,1,0,51,-3,12.03
fold2_room1_mix0261,33,4,0,-174,-1,14.20
fold2_room1_mix0261,34,1,0,39,-3,11.75
fold2_room1_mix0261,34,4,0,-172,0,17.34
fold2_room1_mix0261,35,4,0,-174,-1,16.71
fold2_room1_mix0261,36,1,0,73,-4,12.95
fold2_room1_mix0261,36,4,0,-172,-2,12.41
fold2_room1_mix0261,37,1,0,79,-4,9.49
fold2_room1_mix0261,37,4,0,-176,-2,15.48
fold2_room1_mix0261,38,1,0,92,-4,10.89
fold2_room1_mix0261,38,4,0,-169,-3,13.66
fold2_room1_mix0261,39,1,0,101,-4,10.73
fold2_room1_mix0261,39,4,0,-166,0,17.18
fold2_room1_mix0261,40,4,0,-165,-1,17.47
fold2_room1_mix0261,41,1,0,121,-4,11.75
fold2_room1_mix0261,41,4,0,-154,-2,13.91
fold2_room1_mix0261,42,1,0,129,-4,11.73
fold2_room1_mix0261,42,4,0,-173,-1,18.60
fold2_room1_mix0261,43,1,0,138,-3,16.00
fold2_room1_mix0261,43,4,0,-169,-2,16.76
fold2_room1_mix0261,44,1,0,142,-3,13.95
fold2_room1_mix0261,44,4,0,-162,-2,13.26
fold2_room1_mix0261,45,4,0,-157,-1,16.74
fold2_room1_mix0261,46,1,0,150,-4,13.99
fold2_room1_mix0261,46,4,0,-154,-2,14.61
fold2_room1_mix0261,47,1,0,150,-3,22.28
fold2_room1_mix0261,47,4,0,-166,-3,12.96
fold2_room1_mix0261,48,1,0,151,-2,24.49
fold2_room1_mix0261,48,4,0,-151,-3,13.84
fold2_room1_mix0261,48,4,0,-131,-3,16.16
fold2_room1_mix0261,49,1,0,156,-3,22.24
fold2_room1_mix0261,49,4,0,-153,-3,12.30
fold2_room1_mix0261,49,4,0,-133,-3,14.88
fold2_room1_mix0261,50,4,0,-164,-2,12.37
fold2_room1_mix0261,50,4,0,-146,-2,10.70
fold2_room1_mix0261,50,4,0,-108,-3,12.51
fold2_room1_mix0261,51,4,0,-157,-3,10.77
fold2_room1_mix0261,51,4,0,-130,-2,10.04
fold2_room1_mix0261,51,4,0,-112,-1,13.78
fold2_room1_mix0261,52,1,0,161,-2,26.23
fold2_room1_mix0261,52,4,0,-166,-3,11.35
fold2_room1_mix0261,52,4,0,-130,-4,7.76
fold2_room1_mix0261,52,4,0,-102,-5,9.44
fold2_room1_mix0261,53,1,0,165,-2,30.40
fold2_room1_mix0261,53,4,0,-153,-3,12.22
fold2_room1_mix0261,53,4,0,-130,-3,9.94
fold2_room1_mix0261,53,4,0,-108,-4,12.55
fold2_room1_mix0261,54,1,0,170,-2,31.86
fold2_room1_mix0261,54,4,0,-156,-6,10.23
fold2_room1_mix0261,54,4,0,-132,-4,8.69
fold2_room1_mix0261,54,4,0,-113,-5,12.18
fold2_room1_mix0261,55,1,0,165,-2,15.96
fold2_room1_mix0261,55,4,0,-145,-4,9.07
fold2_room1_mix0261,55,4,0,-100,-3,7.80
fold2_room1_mix0261,55,4,0,-75,-4,10.39
fold2_room1_mix0261,56,4,0,-156,-3,11.23
fold2_room1_mix0261,56,4,0,-91,-5,8.48
fold2_room1_mix0261,56,4,0,-75,-5,10.46
fold2_room1_mix0261,57,1,0,171,-2,26.82
fold2_room1_mix0261,57,4,0,-93,-6,7.64
fold2_room1_mix0261,57,4,0,-69,-8,7.91
fold2_room1_mix0261,58,1,0,179,-1,19.38
fold2_room1_mix0261,58,4,0,-159,-6,8.54
fold2_room1_mix0261,58,4,0,-78,-5,8.06
fold2_room1_mix0261,59,1,0,-171,-1,22.76
fold2_room1_mix0261,59,4,0,-122,-9,9.36
fold2_room1_mix0261,59,4,0,-74,-7,8.90
fold2_room1_mix0261,60,1,0,-171,-1,9.99
fold2_room1_mix0261,60,4,0,-132,-9,6.00
fold2_room1_mix0261,60,4,0,-90,-8,6.25
fold2_room1_mix0261,60,4,0,-69,-8,7.36
fold2_room1_mix0261,61,4,0,-152,-7,7.03
fold2_room1_mix0261,61,4,0,-80,-10,5.33
fold2_room1_mix0261,61,4,0,-59,-6,8.18
fold2_room1_mix0261,62,1,0,173,0,2.30
fold2_room1_mix0261,62,4,0,-117,-8,4.75
fold2_room1_mix0261,62,4,0,-86,-6,6.68
fold2_room1_mix0261,62,4,0,-62,-6,7.46
fold2_room1_mix0261,63,4,0,-146,-8,5.58
fold2_room1_mix0261,63,4,0,-119,-8,5.77
fold2_room1_mix0261,63,4,0,-59,-5,7.88
fold2_room1_mix0261,64,1,0,-177,0,6.52
fold2_room1_mix0261,64,4,0,-73,-7,6.35
fold2_room1_mix0261,64,4,0,-57,-6,8.36
fold2_room1_mix0261,65,4,0,-120,-9,4.48
fold2_room1_mix0261,65,4,0,-76,-8,6.47
fold2_room1_mix0261,65,4,0,-52,-6,7.09
fold2_room1_mix0261,66,4,0,-81,-13,4.20
fold2_room1_mix0261,66,4,0,-65,-10,5.69
fold2_room1_mix0261,67,4,0,-71,-15,4.07
fold2_room1_mix0261,67,4,0,-55,-11,5.69
fold2_room1_mix0261,68,4,0,-65,-10,5.59
fold2_room1_mix0261,69,4,0,-65,-10,5.66
fold2_room1_mix0261,70,1,0,174,-1,1.84
fold2_room1_mix0261,70,4,0,-48,-8,5.67
fold2_room1_mix0261,71,4,0,-40,-8,6.32
fold2_room1_mix0261,72,4,0,-35,-6,7.17
fold2_room1_mix0261,73,4,0,-31,-6,7.37
fold2_room1_mix0261,74,4,0,-27,-5,8.32
fold2_room1_mix0261,75,4,0,-23,-5,9.45
fold2_room1_mix0261,76,4,0,-22,-5,9.29
fold2_room1_mix0261,77,4,0,-20,-3,10.85
fold2_room1_mix0261,78,4,0,-17,-3,10.74
fold2_room1_mix0261,79,4,0,-19,-4,11.19
fold2_room1_mix0261,80,4,0,-17,-3,12.55
fold2_room1_mix0261,81,4,0,-14,-2,13.07
fold2_room1_mix0261,82,4,0,-15,-3,14.38
fold2_room1_mix0261,83,4,0,-15,-3,14.92
fold2_room1_mix0261,84,4,0,-13,-2,14.57
fold2_room1_mix0261,85,4,0,-12,-2,16.11
fold2_room1_mix0261,86,4,0,-12,-2,16.51
fold2_room1_mix0261,87,4,0,-11,-2,17.16
fold2_room1_mix0261,88,4,0,-9,-1,18.03
fold2_room1_mix0261,89,4,0,-9,-1,18.92
fold2_room1_mix0261,90,4,0,-9,-1,20.43
fold2_room1_mix0261,91,4,0,-11,-1,21.28
fold2_room1_mix0261,92,4,0,-8,-1,21.85
fold2_room1_mix0261,93,4,0,-8,0,21.48
fold2_room1_mix0261,94,4,0,-9,0,23.95
fold2_room1_mix0261,95,4,0,-10,0,20.51
fold2_room1_mix0261,96,4,0,-10,0,17.40
fold2_room1_mix0261,97,4,0,-12,0,8.74
fold2_room1_mix0262,4,4,0,-175,0,1.72
fold2_room1_mix0262,5,4,0,-177,0,4.90
fold2_room1_mix0262,6,4,0,-175,0,13.50
fold2_room1_mix0262,7,4,0,-175,0,12.82
fold2_room1_mix0262,8,4,0,-175,0,21.04
fold2_room1_mix0262,9,4,0,-173,0,29.17
fold2_room1_mix0262,10,4,0,-175,0,27.96
fold2_room1_mix0262,11,4,0,-173,0,30.83
fold2_room1_mix0262,12,4,0,-172,0,34.21
fold2_room1_mix0262,13,4,0,-174,0,37.91
fold2_room1_mix0262,14,4,0,-173,0,36.31
fold2_room1_mix0262,15,4,0,-172,0,37.19
fold2_room1_mix0262,16,4,0,-171,0,36.04
fold2_room1_mix0262,17,4,0,-172,0,38.06
fold2_room1_mix0262,18,4,0,-172,0,40.98
fold2_room1_mix0262,19,4,0,-170,0,41.28
fold2_room1_mix0262,20,4,0,-170,0,42.13
fold2_room1_mix0262,21,4,0,-169,0,40.96
fold2_room1_mix0262,22,4,0,-170,0,42.83
fold2_room1_mix0262,23,4,0,-169,0,41.38
fold2_room1_mix0262,24,4,0,-167,0,40.18
fold2_room1_mix0262,25,4,0,-166,0,41.59
fold2_room1_mix0262,26,4,0,-165,0,41.21
fold2_room1_mix0262,27,4,0,-167,0,43.24
fold2_room1_mix0262,28,4,0,-166,0,43.62
fold2_room1_mix0262,29,4,0,-166,0,42.34
fold2_room1_mix0262,30,4,0,-165,0,43.14
fold2_room1_mix0262,31,4,0,-165,0,42.00
fold2_room1_mix0262,32,4,0,-166,0,41.61
fold2_room1_mix0262,33,4,0,-166,0,42.64
fold2_room1_mix0262,34,4,0,-165,0,42.16
fold2_room1_mix0262,35,4,0,-164,0,41.77
fold2_room1_mix0262,36,4,0,-165,0,42.64
fold2_room1_mix0262,37,4,0,-166,0,43.33
fold2_room1_mix0262,38,4,0,-164,0,41.97
fold2_room1_mix0262,39,4,0,-165,0,41.80
fold2_room1_mix0262,40,4,0,-163,0,39.30
fold2_room1_mix0262,41,4,0,-163,0,38.77
fold2_room1_mix0262,42,4,0,-162,0,36.99
fold2_room1_mix0262,43,4,0,-162,0,36.61
fold2_room1_mix0262,44,4,0,-160,0,34.52
fold2_room1_mix0262,45,4,0,-160,0,32.93
fold2_room1_mix0262,46,4,0,-159,0,33.71
fold2_room1_mix0262,47,4,0,-159,0,33.61
fold2_room1_mix0262,48,4,0,-159,0,32.69
fold2_room1_mix0262,49,4,0,-159,0,31.99
fold2_room1_mix0262,50,4,0,-158,0,31.54
fold2_room1_mix0262,51,4,0,-156,0,30.98
fold2_room1_mix0262,52,4,0,-155,0,30.46
fold2_room1_mix0262,53,4,0,-154,0,28.93
fold2_room1_mix0262,54,4,0,-151,-1,27.78
fold2_room1_mix0262,55,4,0,-151,-1,27.75
fold2_room1_mix0262,56,4,0,-150,0,26.73
fold2_room1_mix0262,57,4,0,-149,-1,25.59
fold2_room1_mix0262,58,4,0,-149,-1,25.02
fold2_room1_mix0262,59,4,0,-147,-1,23.74
fold2_room1_mix0262,60,4,0,-145,-1,22.37
fold2_room1_mix0262,61,4,0,-145,-1,21.62
fold2_room1_mix0262,62,4,0,-143,-1,20.61
fold2_room1_mix0262,63,4,0,-140,-1,19.86
fold2_room1_mix0262,64,4,0,-137,-1,18.26
fold2_room1_mix0262,65,4,0,-138,-1,18.09
fold2_room1_mix0262,66,4,0,-135,-1,17.96
fold2_room1_mix0262,67,4,0,-133,-1,17.09
fold2_room1_mix0262,68,4,0,-133,-1,16.81
fold2_room1_mix0262,69,4,0,-130,-1,16.10
fold2_room1_mix0262,70,4,0,-128,-1,15.67
fold2_room1_mix0262,71,4,0,-126,-2,15.25
fold2_room1_mix0262,72,4,0,-124,-2,14.75
fold2_room1_mix0262,73,4,0,-122,-2,15.05
fold2_room1_mix0262,74,4,0,-119,-2,14.21
fold2_room1_mix0262,75,4,0,-116,-2,13.74
fold2_room1_mix0262,76,4,0,-114,-3,13.82
fold2_room1_mix0262,77,4,0,-111,-3,13.22
fold2_room1_mix0262,78,4,0,-108,-3,13.26
fold2_room1_mix0262,79,4,0,-104,-2,13.40
fold2_room1_mix0262,80,4,0,-101,-3,12.88
fold2_room1_mix0262,81,4,0,-98,-2,12.62
fold2_room1_mix0262,82,4,0,-95,-2,12.36
fold2_room1_mix0262,83,4,0,-92,-2,12.38
fold2_room1_mix0262,84,4,0,-88,-2,12.39
fold2_room1_mix0262,85,4,0,-86,-2,12.40
fold2_room1_mix0262,86,4,0,-83,-2,13.10
fold2_room1_mix0262,87,4,0,-78,-2,13.24
fold2_room1_mix0262,88,4,0,-75,-2,13.32
fold2_room1_mix0262,89,4,0,-72,-2,14.23
fold2_room1_mix0262,90,4,0,-67,-2,14.53
fold2_room1_mix0262,91,4,0,-64,-2,14.77
fold2_room1_mix0262,92,4,0,-62,-2,15.33
fold2_room1_mix0262,93,4,0,-60,-2,15.51
fold2_room1_mix0262,94,4,0,-58,-2,16.10
fold2_room1_mix0262,95,4,0,-55,-2,17.15
fold2_room1_mix0262,96,4,0,-52,-2,17.20
fold2_room1_mix0262,97,4,0,-51,-2,17.89
fold2_room1_mix0262,98,4,0,-48,-1,18.98
fold2_room1_mix0262,99,4,0,-47,-1,18.78
fold2_room1_mix0263,12,2,0,-48,-3,7.75
fold2_room1_mix0263,13,2,0,-51,-3,9.47
fold2_room1_mix0263,14,2,0,-50,-3,9.51
fold2_room1_mix0263,15,2,0,-50,-3,9.50
fold2_room1_mix0263,16,2,0,-53,-2,9.12
fold2_room1_mix0263,21,2,0,-56,-2,9.70
fold2_room1_mix0263,22,2,0,-60,-2,10.78
fold2_room1_mix0263,23,2,0,-62,-2,10.21
fold2_room1_mix0263,24,2,0,-61,-2,10.97
fold2_room1_mix0263,25,2,0,-62,-3,10.12
fold2_room1_mix0263,26,2,0,-63,-3,9.02
fold2_room1_mix0263,28,4,0,5,0,13.26
fold2_room1_mix0263,29,4,0,5,0,12.49
fold2_room1_mix0263,30,4,0,7,-1,17.52
fold2_room1_mix0263,31,4,0,7,-1,19.97
fold2_room1_mix0263,32,2,0,-71,-2,9.16
fold2_room1_mix0263,32,4,0,7,-2,20.30
fold2_room1_mix0263,33,2,0,-71,-2,9.57
fold2_room1_mix0263,33,4,0,7,-2,18.88
fold2_room1_mix0263,34,2,0,-75,-3,9.76
fold2_room1_mix0263,34,4,0,8,-2,16.76
fold2_room1_mix0263,35,2,0,-76,-3,9.03
fold2_room1_mix0263,35,4,0,6,-2,15.39
fold2_room1_mix0263,36,2,0,-75,-3,9.16
fold2_room1_mix0263,36,4,0,8,-2,15.75
fold2_room1_mix0263,37,2,0,-77,-3,8.60
fold2_room1_mix0263,37,4,0,7,-2,15.52
fold2_room1_mix0263,38,4,0,8,-2,13.54
fold2_room1_mix0263,39,4,0,8,-2,12.79
fold2_room1_mix0263,40,4,0,11,-3,12.33
fold2_room1_mix0263,41,4,0,13,-3,11.20
fold2_room1_mix0263,42,2,0,-80,-3,8.74
fold2_room1_mix0263,42,4,0,14,-4,9.90
fold2_room1_mix0263,43,2,0,-88,-3,9.20
fold2_room1_mix0263,43,4,0,14,-4,8.72
fold2_room1_mix0263,44,2,0,-90,-3,10.30
fold2_room1_mix0263,44,4,0,16,-4,7.52
fold2_room1_mix0263,45,2,0,-90,-3,9.36
fold2_room1_mix0263,45,4,0,16,-4,6.36
fold2_room1_mix0263,46,2,0,-92,-3,9.63
fold2_room1_mix0263,46,4,0,19,-6,5.22
fold2_room1_mix0263,47,2,0,-91,-3,10.06
fold2_room1_mix0263,47,4,0,27,-6,3.90
fold2_room1_mix0263,48,2,0,-91,-3,1.98
fold2_room1_mix0263,48,4,0,45,-10,2.35
fold2_room1_mix0263,48,4,0,9,-1,10.59
fold2_room1_mix0263,49,4,0,72,-13,1.99
fold2_room1_mix0263,49,4,0,27,-2,11.84
fold2_room1_mix0263,50,4,0,107,-12,1.81
fold2_room1_mix0263,50,4,0,41,-4,8.25
fold2_room1_mix0263,51,4,0,131,-9,2.10
fold2_room1_mix0263,51,4,0,14,0,11.26
fold2_room1_mix0263,52,4,0,146,-5,2.85
fold2_room1_mix0263,53,2,0,-96,-2,10.72
fold2_room1_mix0263,53,4,0,153,-5,4.07
fold2_room1_mix0263,53,4,0,7,-1,13.47
fold2_room1_mix0263,54,2,0,-103,-3,10.19
fold2_room1_mix0263,54,4,0,152,-5,4.62
fold2_room1_mix0263,54,4,0,-2,-1,14.70
fold2_room1_mix0263,55,2,0,-109,-3,10.68
fold2_room1_mix0263,55,4,0,159,-3,5.69
fold2_room1_mix0263,56,2,0,-107,-2,9.41
fold2_room1_mix0263,56,4,0,166,-3,6.79
fold2_room1_mix0263,56,4,0,3,-1,15.46
fold2_room1_mix0263,57,2,0,-106,-2,10.48
fold2_room1_mix0263,57,4,0,166,-3,7.85
fold2_room1_mix0263,58,2,0,-112,-2,9.74
fold2_room1_mix0263,58,4,0,170,-2,8.94
fold2_room1_mix0263,58,4,0,9,-1,16.11
fold2_room1_mix0263,59,4,0,170,-1,9.66
fold2_room1_mix0263,59,4,0,8,0,16.59
fold2_room1_mix0263,60,4,0,173,-1,11.02
fold2_room1_mix0263,60,4,0,9,-1,17.53
fold2_room1_mix0263,61,4,0,172,-1,12.39
fold2_room1_mix0263,61,4,0,5,-1,17.94
fold2_room1_mix0263,62,4,0,171,-1,12.86
fold2_room1_mix0263,62,4,0,6,-1,17.54
fold2_room1_mix0263,63,4,0,171,-1,13.71
fold2_room1_mix0263,63,4,0,9,0,18.29
fold2_room1_mix0263,64,4,0,173,-1,15.83
fold2_room1_mix0263,64,4,0,14,-1,18.01
fold2_room1_mix0263,65,4,0,170,-2,15.01
fold2_room1_mix0263,65,4,0,13,-1,16.29
fold2_room1_mix0263,66,4,0,174,-1,17.59
fold2_room1_mix0263,66,4,0,18,-3,13.93
fold2_room1_mix0263,67,4,0,170,-1,18.30
fold2_room1_mix0263,67,4,0,17,-2,13.36
fold2_room1_mix0263,68,4,0,172,-1,18.30
fold2_room1_mix0263,68,4,0,22,-3,12.77
fold2_room1_mix0263,69,4,0,174,0,18.69
fold2_room1_mix0263,69,4,0,25,-3,11.15
fold2_room1_mix0263,70,4,0,175,-1,17.14
fold2_room1_mix0263,70,4,0,28,-4,9.64
fold2_room1_mix0263,71,4,0,172,-1,16.26
fold2_room1_mix0263,71,4,0,30,-4,9.57
fold2_room1_mix0263,72,4,0,160,-3,14.40
fold2_room1_mix0263,72,4,0,34,-4,9.06
fold2_room1_mix0263,73,4,0,61,-9,9.13
fold2_room1_mix0263,73,4,0,39,-5,7.37
fold2_room1_mix0263,74,4,0,49,-6,7.44
fold2_room1_mix0263,75,4,0,64,-5,7.34
fold2_room1_mix0263,76,4,0,71,-6,6.67
fold2_room1_mix0263,77,4,0,81,-6,6.12
fold2_room1_mix0263,78,4,0,88,-6,5.89
fold2_room1_mix0263,79,4,0,98,-6,5.80
fold2_room1_mix0263,80,4,0,107,-5,6.17
fold2_room1_mix0263,81,4,0,117,-4,6.80
fold2_room1_mix0263,82,4,0,123,-3,7.46
fold2_room1_mix0263,83,4,0,129,-4,7.23
fold2_room1_mix0263,84,4,0,135,-3,8.29
fold2_room1_mix0263,85,4,0,140,-3,9.35
fold2_room1_mix0263,86,4,0,143,-3,9.59
fold2_room1_mix0263,87,4,0,145,-2,10.60
fold2_room1_mix0263,88,4,0,149,-2,12.06
fold2_room1_mix0263,89,4,0,152,-2,12.71
fold2_room1_mix0263,90,4,0,153,-2,12.99
fold2_room1_mix0263,91,4,0,156,-2,14.32
fold2_room1_mix0263,92,4,0,157,-2,14.91
fold2_room1_mix0263,93,4,0,158,-2,15.75
fold2_room1_mix0263,94,4,0,159,-1,16.78
fold2_room1_mix0263,95,4,0,159,-1,17.67
fold2_room1_mix0263,96,4,0,161,-1,18.46
fold2_room1_mix0263,97,4,0,161,-1,19.02
fold2_room1_mix0263,98,4,0,161,-1,19.17
fold2_room1_mix0263,99,4,0,160,-1,18.12
fold2_room1_mix0264,41,4,0,-6,0,12.31
fold2_room1_mix0264,43,4,0,-9,-1,18.00
fold2_room1_mix0264,44,4,0,-8,-1,20.91
fold2_room1_mix0264,45,4,0,-11,-1,22.89
fold2_room1_mix0264,46,1,0,-63,-3,12.89
fold2_room1_mix0264,46,4,0,-9,-2,21.02
fold2_room1_mix0264,47,1,0,-74,-4,13.45
fold2_room1_mix0264,47,4,0,2,-2,27.36
fold2_room1_mix0264,48,1,0,-75,-4,12.54
fold2_room1_mix0264,48,4,0,-2,-1,26.94
fold2_room1_mix0264,49,1,0,-76,-4,13.90
fold2_room1_mix0264,49,4,0,2,0,27.45
fold2_room1_mix0264,50,1,0,-83,-3,5.34
fold2_room1_mix0264,50,4,0,-5,-2,25.33
fold2_room1_mix0264,51,1,0,-93,-4,12.62
fold2_room1_mix0264,51,4,0,-2,-3,27.49
fold2_room1_mix0264,52,1,0,-90,-4,9.67
fold2_room1_mix0264,52,4,0,11,-2,25.79
fold2_room1_mix0264,53,1,0,-103,-4,12.82
fold2_room1_mix0264,53,4,0,-4,-3,29.30
fold2_room1_mix0264,54,1,0,-104,-4,12.11
fold2_room1_mix0264,54,4,0,9,-1,26.27
fold2_room1_mix0264,55,4,0,-10,-1,20.69
fold2_room1_mix0264,56,1,0,-118,-3,15.37
fold2_room1_mix0264,56,4,0,-3,-3,22.48
fold2_room1_mix0264,57,1,0,-120,-4,16.92
fold2_room1_mix0264,57,4,0,-3,-2,21.08
fold2_room1_mix0264,58,1,0,-129,-3,18.48
fold2_room1_mix0264,58,4,0,-8,-3,23.40
fold2_room1_mix0264,59,1,0,-131,-3,18.92
fold2_room1_mix0264,59,4,0,0,-3,19.73
fold2_room1_mix0264,60,4,0,-10,-2,15.58
fold2_room1_mix0264,61,1,0,-130,-3,16.20
fold2_room1_mix0264,61,4,0,-4,-3,15.77
fold2_room1_mix0264,62,1,0,-134,-3,17.82
fold2_room1_mix0264,62,4,0,-11,-3,15.64
fold2_room1_mix0264,63,1,0,-139,-2,22.80
fold2_room1_mix0264,63,4,0,-12,-4,17.24
fold2_room1_mix0264,64,1,0,-136,-2,20.15
fold2_room1_mix0264,64,4,0,-2,-4,14.40
fold2_room1_mix0264,65,1,0,-134,-2,3.22
fold2_room1_mix0264,65,4,0,-16,-4,10.62
fold2_room1_mix0264,66,1,0,-135,-3,17.76
fold2_room1_mix0264,66,4,0,-13,-4,10.15
fold2_room1_mix0264,67,1,0,-139,-2,19.21
fold2_room1_mix0264,67,4,0,-18,-5,8.70
fold2_room1_mix0264,68,1,0,-141,-2,23.46
fold2_room1_mix0264,68,4,0,-26,-5,8.14
fold2_room1_mix0264,69,1,0,-141,-2,24.73
fold2_room1_mix0264,69,4,0,-23,-6,7.87
fold2_room1_mix0264,70,4,0,-60,-11,4.61
fold2_room1_mix0264,71,4,0,-70,-11,5.17
fold2_room1_mix0264,72,1,0,-144,-2,14.57
fold2_room1_mix0264,72,4,0,-79,-12,5.11
fold2_room1_mix0264,72,4,0,-75,-13,5.08
fold2_room1_mix0264,73,1,0,-142,-2,13.39
fold2_room1_mix0264,73,4,0,-87,-10,6.21
fold2_room1_mix0264,73,4,0,-84,-10,6.30
fold2_room1_mix0264,74,1,0,-141,-2,10.37
fold2_room1_mix0264,74,4,0,-105,-10,5.01
fold2_room1_mix0264,75,4,0,-138,-7,5.61
fold2_room1_mix0264,76,4,0,-141,-7,5.88
fold2_room1_mix0264,77,1,0,-149,-2,21.65
fold2_room1_mix0264,77,4,0,-130,-8,6.30
fold2_room1_mix0264,78,1,0,-148,-2,26.97
fold2_room1_mix0264,78,4,0,-148,-6,8.90
fold2_room1_mix0264,79,1,0,-150,-1,15.84
fold2_room1_mix0264,79,4,0,-145,-7,8.73
fold2_room1_mix0264,80,1,0,-153,-2,10.90
fold2_room1_mix0264,80,4,0,-151,-5,9.26
fold2_room1_mix0264,81,4,0,-157,-3,9.05
fold2_room1_mix0264,82,1,0,-153,-1,20.36
fold2_room1_mix0264,82,4,0,-151,-4,10.45
fold2_room1_mix0264,83,1,0,-152,-1,11.67
fold2_room1_mix0264,83,4,0,-156,-3,10.88
fold2_room1_mix0264,84,1,0,-151,-1,27.39
fold2_room1_mix0264,84,4,0,-157,-3,12.85
fold2_room1_mix0264,85,1,0,-153,-2,31.38
fold2_room1_mix0264,85,4,0,-159,-2,13.36
fold2_room1_mix0264,86,4,0,-158,-3,12.44
fold2_room1_mix0264,87,1,0,-151,-1,7.00
fold2_room1_mix0264,87,4,0,-159,-2,15.35
fold2_room1_mix0264,88,1,0,-150,-1,16.96
fold2_room1_mix0264,88,4,0,-161,-2,15.45
fold2_room1_mix0264,89,1,0,-151,-1,26.40
fold2_room1_mix0264,89,4,0,-164,-2,19.02
fold2_room1_mix0264,90,1,0,-150,-2,27.51
fold2_room1_mix0264,90,4,0,-164,-2,17.79
fold2_room1_mix0264,91,4,0,-165,-1,19.01
fold2_room1_mix0264,92,4,0,-166,-1,17.86
fold2_room1_mix0264,93,1,0,-151,-1,12.79
fold2_room1_mix0264,93,4,0,-166,-1,22.21
fold2_room1_mix0264,94,1,0,-152,-1,19.40
fold2_room1_mix0264,94,4,0,-167,0,25.25
fold2_room1_mix0264,95,1,0,-154,-1,23.90
fold2_room1_mix0264,95,4,0,-167,0,25.45
fold2_room1_mix0264,96,1,0,-160,-1,2.48
fold2_room1_mix0264,96,4,0,-168,-1,18.99
fold2_room1_mix0264,97,4,0,-170,0,21.09
fold2_room1_mix0264,98,4,0,-173,0,20.57
fold2_room1_mix0264,99,4,0,-173,-1,21.13
fold2_room1_mix0265,1,4,0,177,0,1.30
fold2_room1_mix0265,1,4,0,1,0,1.22
fold2_room1_mix0265,2,4,0,178,1,1.78
fold2_room1_mix0265,3,4,0,179,1,6.06
fold2_room1_mix0265,3,4,0,3,0,5.26
fold2_room1_mix0265,4,4,0,-178,0,17.73
fold2_room1_mix0265,4,4,0,4,0,15.67
fold2_room1_mix0265,5,4,0,-177,0,17.08
fold2_room1_mix0265,5,4,0,3,0,14.77
fold2_room1_mix0265,6,4,0,-178,0,20.70
fold2_room1_mix0265,6,4,0,3,0,17.64
fold2_room1_mix0265,7,4,0,-176,0,30.69
fold2_room1_mix0265,7,4,0,6,-1,26.49
fold2_room1_mix0265,8,4,0,-177,0,34.70
fold2_room1_mix0265,8,4,0,6,-2,26.40
fold2_room1_mix0265,9,4,0,-177,0,31.30
fold2_room1_mix0265,9,4,0,7,-1,25.01
fold2_room1_mix0265,10,4,0,-178,0,32.60
fold2_room1_mix0265,10,4,0,7,-2,24.81
fold2_room1_mix0265,11,4,0,179,0,34.51
fold2_room1_mix0265,11,4,0,6,-1,26.55
fold2_room1_mix0265,12,4,0,-176,0,34.36
fold2_room1_mix0265,12,4,0,7,-1,26.27
fold2_room1_mix0265,13,4,0,-178,0,33.81
fold2_room1_mix0265,13,4,0,6,-2,24.18
fold2_room1_mix0265,14,4,0,-179,0,33.16
fold2_room1_mix0265,14,4,0,7,-2,25.07
fold2_room1_mix0265,15,4,0,-179,0,30.30
fold2_room1_mix0265,15,4,0,6,-2,26.15
fold2_room1_mix0265,16,4,0,-178,0,31.23
fold2_room1_mix0265,16,4,0,6,-2,24.62
fold2_room1_mix0265,17,4,0,-179,0,30.95
fold2_room1_mix0265,17,4,0,6,-2,25.27
fold2_room1_mix0265,18,4,0,178,0,29.21
fold2_room1_mix0265,18,4,0,8,-2,24.55
fold2_room1_mix0265,19,4,0,177,-1,24.75
fold2_room1_mix0265,19,4,0,5,-1,25.75
fold2_room1_mix0265,20,4,0,-179,0,26.65
fold2_room1_mix0265,20,4,0,7,-2,25.57
fold2_room1_mix0265,21,4,0,176,0,29.88
fold2_room1_mix0265,21,4,0,7,-1,25.04
fold2_room1_mix0265,22,4,0,178,0,27.36
fold2_room1_mix0265,22,4,0,8,-2,23.27
fold2_room1_mix0265,23,4,0,177,-1,25.34
fold2_room1_mix0265,23,4,0,7,-2,21.91
fold2_room1_mix0265,24,4,0,177,-1,26.15
fold2_room1_mix0265,24,4,0,8,-2,22.00
fold2_room1_mix0265,25,4,0,179,-2,22.76
fold2_room1_mix0265,25,4,0,5,-2,22.60
fold2_room1_mix0265,26,4,0,179,-1,23.99
fold2_room1_mix0265,26,4,0,6,-2,21.91
fold2_room1_mix0265,27,4,0,177,-1,24.28
fold2_room1_mix0265,27,4,0,6,-2,18.25
fold2_room1_mix0265,28,4,0,-179,-1,22.24
fold2_room1_mix0265,28,4,0,8,-2,20.51
fold2_room1_mix0265,29,4,0,178,-1,21.46
fold2_room1_mix0265,29,4,0,8,-2,17.81
fold2_room1_mix0265,30,4,0,178,-1,20.45
fold2_room1_mix0265,30,4,0,8,-3,15.66
fold2_room1_mix0265,31,4,0,179,-1,17.95
fold2_room1_mix0265,31,4,0,7,-2,16.21
fold2_room1_mix0265,32,4,0,177,-1,16.55
fold2_room1_mix0265,32,4,0,6,-1,15.05
fold2_room1_mix0265,33,4,0,178,-1,17.01
fold2_room1_mix0265,33,4,0,6,-2,14.19
fold2_room1_mix0265,34,4,0,174,-1,14.86
fold2_room1_mix0265,34,4,0,5,-2,12.30
fold2_room1_mix0265,35,4,0,173,-1,13.46
fold2_room1_mix0265,35,4,0,3,-2,12.04
fold2_room1_mix0265,36,4,0,171,0,14.04
fold2_room1_mix0265,36,4,0,6,-2,10.74
fold2_room1_mix0265,37,4,0,173,-2,13.56
fold2_room1_mix0265,37,4,0,6,-3,9.38
fold2_room1_mix0265,38,4,0,171,-2,12.41
fold2_room1_mix0265,38,4,0,3,-4,8.64
fold2_room1_mix0265,39,4,0,170,-2,12.55
fold2_room1_mix0265,39,4,0,6,-4,8.87
fold2_room1_mix0265,40,4,0,169,-2,11.22
fold2_room1_mix0265,40,4,0,7,-5,7.48
fold2_room1_mix0265,41,4,0,168,-3,10.02
fold2_room1_mix0265,41,4,0,7,-5,6.73
fold2_room1_mix0265,42,4,0,166,-3,9.40
fold2_room1_mix0265,42,4,0,7,-6,5.89
fold2_room1_mix0265,43,4,0,167,-4,9.43
fold2_room1_mix0265,43,4,0,9,-7,5.58
fold2_room1_mix0265,44,4,0,166,-5,7.85
fold2_room1_mix0265,44,4,0,11,-9,4.57
fold2_room1_mix0265,45,4,0,164,-6,6.87
fold2_room1_mix0265,45,4,0,8,-9,4.34
fold2_room1_mix0265,46,4,0,160,-7,5.86
fold2_room1_mix0265,46,4,0,11,-10,3.97
fold2_room1_mix0265,47,4,0,157,-7,5.29
fold2_room1_mix0265,47,4,0,11,-10,3.85
fold2_room1_mix0265,48,4,0,156,-8,4.18
fold2_room1_mix0265,48,4,0,18,-12,3.18
fold2_room1_mix0265,49,4,0,151,-9,3.66
fold2_room1_mix0265,49,4,0,16,-12,2.91
fold2_room1_mix0265,50,4,0,149,-11,3.35
fold2_room1_mix0265,50,4,0,22,-15,2.86
fold2_room1_mix0265,51,4,0,135,-14,2.68
fold2_room1_mix0265,51,4,0,27,-18,2.35
fold2_room1_mix0265,52,4,0,115,-17,2.06
fold2_room1_mix0265,52,4,0,21,-18,2.17
fold2_room1_mix0265,53,4,0,88,-19,2.16
fold2_room1_mix0265,53,4,0,33,-20,2.04
fold2_room1_mix0265,54,4,0,99,-18,2.89
fold2_room1_mix0265,54,4,0,67,-19,1.76
fold2_room1_mix0265,54,4,0,27,-17,2.26
fold2_room1_mix0265,55,4,0,128,-14,3.92
fold2_room1_mix0265,55,4,0,54,-17,2.20
fold2_room1_mix0265,55,4,0,35,-16,2.28
fold2_room1_mix0265,56,4,0,140,-15,2.72
fold2_room1_mix0265,56,4,0,34,-14,2.60
fold2_room1_mix0265,57,4,0,146,-14,2.73
fold2_room1_mix0265,57,4,0,28,-12,2.90
fold2_room1_mix0265,58,4,0,154,-11,3.15
fold2_room1_mix0265,58,4,0,24,-11,3.44
fold2_room1_mix0265,59,4,0,154,-11,3.20
fold2_room1_mix0265,59,4,0,20,-9,4.05
fold2_room1_mix0265,60,4,0,157,-8,3.81
fold2_room1_mix0265,60,4,0,19,-8,4.56
fold2_room1_mix0265,61,4,0,156,-8,4.15
fold2_room1_mix0265,61,4,0,18,-7,5.00
fold2_room1_mix0265,62,4,0,161,-8,4.49
fold2_room1_mix0265,62,4,0,17,-7,5.48
fold2_room1_mix0265,63,4,0,166,-7,4.90
fold2_room1_mix0265,63,4,0,16,-6,5.93
fold2_room1_mix0265,64,4,0,166,-8,4.78
fold2_room1_mix0265,64,4,0,14,-6,6.63
fold2_room1_mix0265,65,4,0,167,-7,4.81
fold2_room1_mix0265,65,4,0,14,-6,6.86
fold2_room1_mix0265,66,4,0,169,-7,5.51
fold2_room1_mix0265,66,4,0,12,-5,7.89
fold2_room1_mix0265,67,4,0,171,-7,5.76
fold2_room1_mix0265,67,4,0,11,-5,8.19
fold2_room1_mix0265,68,4,0,170,-6,6.16
fold2_room1_mix0265,68,4,0,10,-4,9.61
fold2_room1_mix0265,69,4,0,170,-6,6.41
fold2_room1_mix0265,69,4,0,11,-4,10.32
fold2_room1_mix0265,70,4,0,173,-6,7.13
fold2_room1_mix0265,70,4,0,10,-4,11.00
fold2_room1_mix0265,71,4,0,173,-5,7.67
fold2_room1_mix0265,71,4,0,9,-4,11.54
fold2_room1_mix0265,72,4,0,173,-6,7.60
fold2_room1_mix0265,72,4,0,9,-4,12.19
fold2_room1_mix0265,73,4,0,173,-5,8.42
fold2_room1_mix0265,73,4,0,8,-3,12.98
fold2_room1_mix0265,74,4,0,173,-4,8.47
fold2_room1_mix0265,74,4,0,8,-3,13.31
fold2_room1_mix0265,75,4,0,172,-5,8.52
fold2_room1_mix0265,75,4,0,6,-3,14.99
fold2_room1_mix0265,76,4,0,174,-4,10.03
fold2_room1_mix0265,76,4,0,7,-2,15.47
fold2_room1_mix0265,77,4,0,174,-4,9.50
fold2_room1_mix0265,77,4,0,7,-3,15.83
fold2_room1_mix0265,78,4,0,174,-4,9.81
fold2_room1_mix0265,78,4,0,6,-2,16.54
fold2_room1_mix0265,79,4,0,174,-4,10.64
fold2_room1_mix0265,79,4,0,6,-2,17.30
fold2_room1_mix0265,80,4,0,174,-4,10.28
fold2_room1_mix0265,80,4,0,5,-2,17.96
fold2_room1_mix0265,81,4,0,173,-4,10.59
fold2_room1_mix0265,81,4,0,6,-2,18.84
fold2_room1_mix0265,82,4,0,173,-3,11.60
fold2_room1_mix0265,82,4,0,5,-2,19.81
fold2_room1_mix0265,83,4,0,175,-4,11.36
fold2_room1_mix0265,83,4,0,5,-2,20.63
fold2_room1_mix0265,84,4,0,173,-4,12.32
fold2_room1_mix0265,84,4,0,5,-2,21.79
fold2_room1_mix0265,85,4,0,174,-4,12.29
fold2_room1_mix0265,85,4,0,5,-2,22.31
fold2_room1_mix0265,86,4,0,175,-3,13.04
fold2_room1_mix0265,86,4,0,5,-1,22.93
fold2_room1_mix0265,87,4,0,175,-3,13.86
fold2_room1_mix0265,87,4,0,4,-1,23.93
fold2_room1_mix0265,88,4,0,175,-3,14.79
fold2_room1_mix0265,88,4,0,4,-1,25.60
fold2_room1_mix0265,89,4,0,176,-2,16.28
fold2_room1_mix0265,89,4,0,4,-1,26.42
fold2_room1_mix0265,90,4,0,175,-2,15.88
fold2_room1_mix0265,90,4,0,4,-1,24.42
fold2_room1_mix0265,91,4,0,176,-3,15.27
fold2_room1_mix0265,91,4,0,4,-1,28.08
fold2_room1_mix0265,92,4,0,175,-2,16.61
fold2_room1_mix0265,92,4,0,3,-1,28.14
fold2_room1_mix0265,93,4,0,174,-3,15.83
fold2_room1_mix0265,93,4,0,4,-1,28.98
fold2_room1_mix0265,94,4,0,175,-3,15.80
fold2_room1_mix0265,94,4,0,4,-1,29.39
fold2_room1_mix0265,95,4,0,176,-3,17.16
fold2_room1_mix0265,95,4,0,2,0,31.42
fold2_room1_mix0265,96,4,0,177,-3,17.51
fold2_room1_mix0265,96,4,0,3,0,33.19
fold2_room1_mix0265,97,4,0,175,-3,18.08
fold2_room1_mix0265,97,4,0,3,0,33.73
fold2_room1_mix0265,98,4,0,176,-3,17.91
fold2_room1_mix0265,98,4,0,3,0,34.16
fold2_room1_mix0265,99,4,0,176,-3,16.71
fold2_room1_mix0265,99,4,0,3,0,34.36
fold2_room1_mix0266,48,4,0,51,-1,7.02
fold2_room1_mix0266,49,4,0,51,-1,7.57
fold2_room1_mix0266,50,4,0,47,-2,6.12
fold2_room1_mix0266,51,4,0,50,-2,8.35
fold2_room1_mix0266,52,4,0,49,-3,8.34
fold2_room1_mix0266,53,4,0,50,-4,9.78
fold2_room1_mix0266,53,4,0,28,-4,10.41
fold2_room1_mix0266,54,4,0,60,-4,8.11
fold2_room1_mix0266,54,4,0,44,-4,7.74
fold2_room1_mix0266,54,4,0,22,-4,8.72
fold2_room1_mix0266,55,4,0,62,-5,9.60
fold2_room1_mix0266,55,4,0,39,-5,8.86
fold2_room1_mix0266,55,4,0,22,-5,9.83
fold2_room1_mix0266,56,4,0,74,-4,10.29
fold2_room1_mix0266,56,4,0,39,-5,8.55
fold2_room1_mix0266,56,4,0,23,-5,9.04
fold2_room1_mix0266,57,4,0,81,-4,11.02
fold2_room1_mix0266,57,4,0,29,-7,7.56
fold2_room1_mix0266,58,4,0,76,-4,10.68
fold2_room1_mix0266,58,4,0,28,-7,6.96
fold2_room1_mix0266,59,4,0,77,-4,9.99
fold2_room1_mix0266,59,4,0,28,-8,6.42
fold2_room1_mix0266,60,4,0,93,-4,10.54
fold2_room1_mix0266,60,4,0,27,-9,5.78
fold2_room1_mix0266,61,4,0,95,-5,9.99
fold2_room1_mix0266,61,4,0,31,-11,4.50
fold2_room1_mix0266,62,4,0,85,-7,7.67
fold2_room1_mix0266,62,4,0,56,-10,4.72
fold2_room1_mix0266,62,4,0,40,-11,4.31
fold2_room1_mix0266,63,4,0,93,-9,6.15
fold2_room1_mix0266,63,4,0,66,-12,3.93
fold2_room1_mix0266,64,4,0,87,-11,4.32
fold2_room1_mix0266,65,4,0,105,-11,4.08
fold2_room1_mix0266,66,4,0,121,-9,3.93
fold2_room1_mix0266,67,4,0,130,-7,4.57
fold2_room1_mix0266,68,4,0,137,-6,4.83
fold2_room1_mix0266,69,4,0,143,-5,5.84
fold2_room1_mix0266,70,4,0,144,-4,6.55
fold2_room1_mix0266,71,4,0,149,-4,6.36
fold2_room1_mix0266,72,4,0,150,-5,6.06
fold2_room1_mix0266,73,4,0,159,-4,6.59
fold2_room1_mix0266,73,4,0,139,-2,10.57
fold2_room1_mix0266,74,4,0,154,-3,7.14
fold2_room1_mix0266,75,4,0,158,-3,8.45
fold2_room1_mix0266,76,4,0,159,-3,4.84
fold2_room1_mix0266,78,4,0,164,-1,2.86
fold2_room1_mix0266,86,4,0,25,-7,3.51
fold2_room1_mix0266,87,4,0,41,-11,2.23
fold2_room1_mix0266,88,4,0,70,-13,2.28
fold2_room1_mix0266,89,4,0,114,-15,2.07
fold2_room1_mix0266,90,4,0,128,-14,2.02
fold2_room1_mix0266,91,4,0,151,-9,2.97
fold2_room1_mix0266,92,4,0,155,-7,3.93
fold2_room1_mix0266,93,4,0,155,-6,4.36
fold2_room1_mix0266,94,4,0,160,-4,5.19
fold2_room1_mix0266,95,4,0,163,-3,5.79
fold2_room1_mix0266,96,4,0,166,-3,5.47
fold2_room1_mix0266,97,4,0,170,-3,2.03
fold2_room1_mix0266,77,4,0,163,-2,1.56
fold2_room1_mix0266,79,4,0,167,-1,1.91
fold2_room1_mix0267,5,4,0,-1,1,3.19
fold2_room1_mix0267,6,4,0,-3,0,14.94
fold2_room1_mix0267,7,4,0,-3,0,17.05
fold2_room1_mix0267,8,4,0,-3,0,16.52
fold2_room1_mix0267,9,4,0,-4,0,27.79
fold2_room1_mix0267,10,4,0,-3,0,26.97
fold2_room1_mix0267,11,4,0,-5,0,30.69
fold2_room1_mix0267,12,4,0,-3,0,34.36
fold2_room1_mix0267,13,4,0,-3,0,33.57
fold2_room1_mix0267,14,4,0,-4,0,35.45
fold2_room1_mix0267,15,4,0,-5,0,35.88
fold2_room1_mix0267,16,4,0,-4,0,32.88
fold2_room1_mix0267,17,4,0,-2,0,34.60
fold2_room1_mix0267,18,4,0,-5,0,40.05
fold2_room1_mix0267,19,4,0,-4,0,41.60
fold2_room1_mix0267,20,4,0,-2,0,38.29
fold2_room1_mix0267,21,0,0,17,-1,12.05
fold2_room1_mix0267,21,4,0,0,0,35.64
fold2_room1_mix0267,22,0,0,17,-1,8.43
fold2_room1_mix0267,22,4,0,-1,0,37.77
fold2_room1_mix0267,23,0,0,22,-2,10.23
fold2_room1_mix0267,23,4,0,-4,0,31.63
fold2_room1_mix0267,24,0,0,26,-2,14.60
fold2_room1_mix0267,24,4,0,-3,-1,28.41
fold2_room1_mix0267,25,0,0,31,-2,16.32
fold2_room1_mix0267,25,4,0,-4,-2,33.13
fold2_room1_mix0267,26,0,0,30,-2,16.50
fold2_room1_mix0267,26,4,0,-9,-2,35.19
fold2_room1_mix0267,27,0,0,38,-2,12.04
fold2_room1_mix0267,27,4,0,-9,-1,31.97
fold2_room1_mix0267,28,0,0,38,-2,12.93
fold2_room1_mix0267,28,4,0,-6,-2,35.84
fold2_room1_mix0267,29,0,0,47,-3,11.70
fold2_room1_mix0267,29,4,0,-8,-2,33.78
fold2_room1_mix0267,30,0,0,51,-3,11.07
fold2_room1_mix0267,30,4,0,-9,-2,37.36
fold2_room1_mix0267,31,0,0,58,-3,9.66
fold2_room1_mix0267,31,4,0,-13,-2,38.03
fold2_room1_mix0267,32,0,0,64,-3,9.25
fold2_room1_mix0267,32,4,0,-11,-2,37.44
fold2_room1_mix0267,33,0,0,76,-4,9.81
fold2_room1_mix0267,33,4,0,-20,-2,36.23
fold2_room1_mix0267,34,0,0,87,-4,7.67
fold2_room1_mix0267,34,4,0,-14,-2,35.83
fold2_room1_mix0267,35,0,0,93,-4,7.36
fold2_room1_mix0267,35,4,0,-14,-1,31.96
fold2_room1_mix0267,36,0,0,101,-4,7.52
fold2_room1_mix0267,36,4,0,-8,0,30.02
fold2_room1_mix0267,37,0,0,107,-4,8.44
fold2_room1_mix0267,37,4,0,-7,0,28.22
fold2_room1_mix0267,38,0,0,118,-3,9.03
fold2_room1_mix0267,38,4,0,-6,-1,30.66
fold2_room1_mix0267,39,0,0,124,-3,10.05
fold2_room1_mix0267,39,4,0,-5,-1,32.80
fold2_room1_mix0267,40,0,0,127,-3,11.61
fold2_room1_mix0267,40,4,0,-4,-2,31.33
fold2_room1_mix0267,41,0,0,130,-3,12.10
fold2_room1_mix0267,41,4,0,-6,-2,35.26
fold2_room1_mix0267,42,0,0,136,-2,13.53
fold2_room1_mix0267,42,4,0,-10,-3,32.33
fold2_room1_mix0267,43,0,0,141,-2,14.01
fold2_room1_mix0267,43,4,0,-7,-2,32.91
fold2_room1_mix0267,44,0,0,145,-2,15.95
fold2_room1_mix0267,44,4,0,-176,-3,35.88
fold2_room1_mix0267,44,4,0,-7,-2,34.40
fold2_room1_mix0267,45,0,0,147,-2,17.57
fold2_room1_mix0267,45,4,0,-178,-2,35.16
fold2_room1_mix0267,45,4,0,-6,-2,31.98
fold2_room1_mix0267,46,0,0,151,-2,17.76
fold2_room1_mix0267,46,4,0,-179,-2,36.28
fold2_room1_mix0267,46,4,0,-9,-2,29.67
fold2_room1_mix0267,47,0,0,154,-2,18.42
fold2_room1_mix0267,47,4,0,-178,-2,35.21
fold2_room1_mix0267,47,4,0,-5,-2,28.95
fold2_room1_mix0267,48,0,0,156,-2,20.01
fold2_room1_mix0267,48,4,0,179,-2,33.87
fold2_room1_mix0267,48,4,0,-5,-2,28.50
fold2_room1_mix0267,49,0,0,155,-2,18.85
fold2_room1_mix0267,49,4,0,178,-2,30.48
fold2_room1_mix0267,49,4,0,0,-3,27.87
fold2_room1_mix0267,50,0,0,160,-1,19.58
fold2_room1_mix0267,50,4,0,-178,-2,28.34
fold2_room1_mix0267,50,4,0,0,-2,27.37
fold2_room1_mix0267,51,0,0,158,-1,19.15
fold2_room1_mix0267,51,4,0,-170,-2,25.63
fold2_room1_mix0267,51,4,0,-1,-2,25.42
fold2_room1_mix0267,52,0,0,159,-1,21.93
fold2_room1_mix0267,52,4,0,-169,-5,24.44
fold2_room1_mix0267,52,4,0,-3,-2,24.55
fold2_room1_mix0267,53,0,0,160,-1,22.85
fold2_room1_mix0267,53,4,0,-9,-3,24.21
fold2_room1_mix0267,54,0,0,163,-1,25.01
fold2_room1_mix0267,54,4,0,-179,-4,23.71
fold2_room1_mix0267,54,4,0,-4,-3,22.49
fold2_room1_mix0267,55,0,0,160,-1,26.04
fold2_room1_mix0267,55,4,0,-9,-2,25.64
fold2_room1_mix0267,56,0,0,162,-1,27.57
fold2_room1_mix0267,56,4,0,-9,-2,24.00
fold2_room1_mix0267,57,0,0,161,-1,28.13
fold2_room1_mix0267,57,4,0,-10,-2,27.13
fold2_room1_mix0267,58,0,0,162,-1,29.14
fold2_room1_mix0267,58,4,0,-161,-4,23.98
fold2_room1_mix0267,58,4,0,-10,-2,21.69
fold2_room1_mix0267,59,0,0,162,-1,32.06
fold2_room1_mix0267,59,4,0,-16,-2,21.27
fold2_room1_mix0267,60,0,0,164,-1,31.25
fold2_room1_mix0267,60,4,0,-17,-3,18.40
fold2_room1_mix0267,61,0,0,164,-1,31.28
fold2_room1_mix0267,61,4,0,-15,-3,19.30
fold2_room1_mix0267,62,0,0,166,-1,34.11
fold2_room1_mix0267,62,4,0,-16,-3,15.92
fold2_room1_mix0267,63,0,0,168,-1,33.21
fold2_room1_mix0267,63,4,0,-19,-3,12.50
fold2_room1_mix0267,64,0,0,170,-1,40.17
fold2_room1_mix0267,64,4,0,-22,-3,12.89
fold2_room1_mix0267,65,0,0,173,-1,45.98
fold2_room1_mix0267,65,4,0,-22,-3,14.32
fold2_room1_mix0267,66,0,0,175,-1,37.58
fold2_room1_mix0267,66,4,0,-30,-3,11.61
fold2_room1_mix0267,67,0,0,-179,-1,48.44
fold2_room1_mix0267,67,4,0,-30,-3,12.67
fold2_room1_mix0267,68,0,0,175,0,51.79
fold2_room1_mix0267,68,4,0,-37,-4,12.94
fold2_room1_mix0267,69,0,0,177,-1,48.42
fold2_room1_mix0267,69,4,0,-65,-6,13.21
fold2_room1_mix0267,69,4,0,-42,-3,12.68
fold2_room1_mix0267,70,0,0,177,-1,51.00
fold2_room1_mix0267,70,4,0,-78,-6,13.29
fold2_room1_mix0267,70,4,0,-48,-3,12.53
fold2_room1_mix0267,71,0,0,174,-1,53.05
fold2_room1_mix0267,71,4,0,-50,-2,12.28
fold2_room1_mix0267,72,0,0,-172,-1,49.50
fold2_room1_mix0267,72,0,0,170,0,51.24
fold2_room1_mix0267,72,4,0,-55,-3,11.54
fold2_room1_mix0267,73,0,0,174,0,56.05
fold2_room1_mix0267,73,4,0,-62,-2,11.62
fold2_room1_mix0267,74,0,0,174,0,51.44
fold2_room1_mix0267,74,4,0,-64,-3,10.34
fold2_room1_mix0267,75,0,0,-170,-1,47.55
fold2_room1_mix0267,75,0,0,169,0,51.87
fold2_room1_mix0267,75,4,0,-73,-3,9.47
fold2_room1_mix0267,76,0,0,-175,-1,58.02
fold2_room1_mix0267,76,0,0,169,0,50.80
fold2_room1_mix0267,76,4,0,-75,-2,9.94
fold2_room1_mix0267,77,0,0,174,0,57.79
fold2_room1_mix0267,77,4,0,-72,-2,11.05
fold2_room1_mix0267,78,0,0,172,-1,54.74
fold2_room1_mix0267,78,4,0,-81,-4,8.80
fold2_room1_mix0267,79,0,0,174,0,16.04
fold2_room1_mix0267,79,4,0,-85,-5,8.00
fold2_room1_mix0267,80,0,0,174,0,19.71
fold2_room1_mix0267,80,4,0,-89,-6,7.11
fold2_room1_mix0267,81,0,0,176,0,6.89
fold2_room1_mix0267,81,4,0,-96,-4,8.57
fold2_room1_mix0267,82,0,0,177,0,3.97
fold2_room1_mix0267,82,4,0,-106,-3,8.56
fold2_room1_mix0267,83,0,0,177,0,5.85
fold2_room1_mix0267,83,4,0,-111,-2,9.14
fold2_room1_mix0267,84,0,0,175,-1,4.45
fold2_room1_mix0267,84,4,0,-117,-2,9.50
fold2_room1_mix0267,85,4,0,-123,-2,10.39
fold2_room1_mix0267,86,4,0,-126,-2,10.78
fold2_room1_mix0267,87,4,0,-130,-2,11.11
fold2_room1_mix0267,88,4,0,-133,-2,11.39
fold2_room1_mix0267,89,4,0,-135,-2,12.91
fold2_room1_mix0267,90,4,0,-137,-1,12.68
fold2_room1_mix0267,91,4,0,-141,-1,13.64
fold2_room1_mix0267,92,4,0,-141,-1,14.05
fold2_room1_mix0267,93,4,0,-142,-1,14.10
fold2_room1_mix0267,94,4,0,-144,-1,14.12
fold2_room1_mix0267,95,4,0,-145,-1,15.30
fold2_room1_mix0267,96,4,0,-146,-1,16.12
fold2_room1_mix0267,97,4,0,-147,-1,16.78
fold2_room1_mix0267,98,4,0,-148,-1,16.02
fold2_room1_mix0267,99,4,0,-150,0,17.41
fold2_room1_mix0268,1,4,0,-169,0,1.42
fold2_room1_mix0268,2,4,0,-168,1,2.34
fold2_room1_mix0268,3,4,0,-165,0,9.14
fold2_room1_mix0268,4,4,0,-172,0,11.48
fold2_room1_mix0268,4,4,0,-149,0,11.52
fold2_room1_mix0268,5,4,0,-162,0,14.87
fold2_room1_mix0268,6,4,0,-164,0,16.00
fold2_room1_mix0268,7,4,0,173,0,19.11
fold2_room1_mix0268,7,4,0,-164,0,18.83
fold2_room1_mix0268,7,4,0,-143,0,22.21
fold2_room1_mix0268,8,4,0,-158,0,22.63
fold2_room1_mix0268,9,4,0,171,-1,19.48
fold2_room1_mix0268,9,4,0,-163,-1,18.33
fold2_room1_mix0268,9,4,0,-140,0,21.52
fold2_room1_mix0268,10,4,0,178,-1,18.29
fold2_room1_mix0268,10,4,0,-165,0,17.86
fold2_room1_mix0268,10,4,0,-142,0,20.70
fold2_room1_mix0268,11,4,0,168,-1,16.95
fold2_room1_mix0268,11,4,0,-174,0,17.01
fold2_room1_mix0268,11,4,0,-139,0,20.00
fold2_room1_mix0268,12,4,0,172,-1,19.16
fold2_room1_mix0268,12,4,0,-171,0,18.65
fold2_room1_mix0268,12,4,0,-137,0,19.00
fold2_room1_mix0268,13,4,0,174,-1,20.86
fold2_room1_mix0268,13,4,0,-154,-1,17.57
fold2_room1_mix0268,13,4,0,-134,0,18.79
fold2_room1_mix0268,14,4,0,-177,-1,19.87
fold2_room1_mix0268,14,4,0,-158,-1,17.22
fold2_room1_mix0268,14,4,0,-136,0,21.06
fold2_room1_mix0268,15,4,0,171,-1,19.06
fold2_room1_mix0268,15,4,0,-163,-1,17.26
fold2_room1_mix0268,15,4,0,-138,0,20.11
fold2_room1_mix0268,16,4,0,-167,-1,20.42
fold2_room1_mix0268,16,4,0,-137,-1,17.57
fold2_room1_mix0268,17,4,0,175,-1,19.17
fold2_room1_mix0268,17,4,0,-166,-1,17.01
fold2_room1_mix0268,17,4,0,-128,-1,17.88
fold2_room1_mix0268,18,4,0,-175,-1,20.26
fold2_room1_mix0268,18,4,0,-133,-2,15.68
fold2_room1_mix0268,19,4,0,173,-1,19.16
fold2_room1_mix0268,19,4,0,-145,-2,14.86
fold2_room1_mix0268,19,4,0,-128,-1,16.75
fold2_room1_mix0268,20,4,0,-170,-1,19.79
fold2_room1_mix0268,20,4,0,-132,-1,15.27
fold2_room1_mix0268,21,4,0,-173,-1,20.23
fold2_room1_mix0268,21,4,0,-129,-2,15.44
fold2_room1_mix0268,22,4,0,-161,-1,20.05
fold2_room1_mix0268,22,4,0,-127,-2,14.60
fold2_room1_mix0268,23,4,0,-172,-1,19.02
fold2_room1_mix0268,23,4,0,-131,-1,15.34
fold2_room1_mix0268,24,4,0,-158,-2,18.14
fold2_room1_mix0268,24,4,0,-126,-2,15.13
fold2_room1_mix0268,25,4,0,-175,-1,19.63
fold2_room1_mix0268,25,4,0,-126,-1,14.77
fold2_room1_mix0268,26,4,0,-164,-1,20.84
fold2_room1_mix0268,26,4,0,-122,-2,13.90
fold2_room1_mix0268,27,4,0,-174,-1,21.27
fold2_room1_mix0268,27,4,0,-124,-2,14.03
fold2_room1_mix0268,28,4,0,-176,-1,21.54
fold2_room1_mix0268,28,4,0,-125,-2,13.59
fold2_room1_mix0268,29,4,0,-173,-1,20.56
fold2_room1_mix0268,29,4,0,-121,-2,13.36
fold2_room1_mix0268,30,4,0,173,-1,22.53
fold2_room1_mix0268,30,4,0,-122,-2,13.28
fold2_room1_mix0268,31,2,0,117,-5,6.64
fold2_room1_mix0268,31,4,0,179,-2,20.64
fold2_room1_mix0268,31,4,0,-121,-2,13.21
fold2_room1_mix0268,32,2,0,131,-7,6.40
fold2_room1_mix0268,32,4,0,-173,-3,20.15
fold2_room1_mix0268,32,4,0,-118,-2,13.80
fold2_room1_mix0268,33,2,0,139,-7,6.20
fold2_room1_mix0268,33,4,0,-174,-4,17.56
fold2_room1_mix0268,33,4,0,-121,-1,15.41
fold2_room1_mix0268,34,2,0,132,-6,5.53
fold2_room1_mix0268,34,4,0,-174,-3,19.17
fold2_room1_mix0268,34,4,0,-116,-3,12.08
fold2_room1_mix0268,35,2,0,137,-8,5.25
fold2_room1_mix0268,35,4,0,-178,-3,18.44
fold2_room1_mix0268,35,4,0,-114,-2,14.95
fold2_room1_mix0268,36,2,0,136,-6,6.39
fold2_room1_mix0268,36,4,0,-173,-4,17.25
fold2_room1_mix0268,36,4,0,-105,-2,14.34
fold2_room1_mix0268,37,4,0,-178,-2,20.87
fold2_room1_mix0268,37,4,0,-102,-4,13.14
fold2_room1_mix0268,38,4,0,-176,-2,21.41
fold2_room1_mix0268,38,4,0,-101,-4,13.61
fold2_room1_mix0268,39,4,0,-178,-2,23.48
fold2_room1_mix0268,39,4,0,-99,-4,12.42
fold2_room1_mix0268,40,4,0,173,-2,23.99
fold2_room1_mix0268,40,4,0,-102,-4,12.38
fold2_room1_mix0268,41,2,0,125,-6,4.43
fold2_room1_mix0268,41,4,0,178,-3,22.72
fold2_room1_mix0268,41,4,0,-100,-3,13.26
fold2_room1_mix0268,42,2,0,126,-6,6.29
fold2_room1_mix0268,42,4,0,177,-4,21.29
fold2_room1_mix0268,42,4,0,-97,-4,13.13
fold2_room1_mix0268,43,2,0,130,-6,6.45
fold2_room1_mix0268,43,4,0,175,-4,20.04
fold2_room1_mix0268,43,4,0,-101,-4,13.04
fold2_room1_mix0268,44,2,0,128,-7,5.67
fold2_room1_mix0268,44,4,0,172,-4,17.47
fold2_room1_mix0268,44,4,0,-95,-4,12.25
fold2_room1_mix0268,45,2,0,128,-8,5.40
fold2_room1_mix0268,45,4,0,175,-5,16.83
fold2_room1_mix0268,45,4,0,-94,-4,12.75
fold2_room1_mix0268,46,2,0,128,-7,6.00
fold2_room1_mix0268,46,4,0,169,-5,17.24
fold2_room1_mix0268,46,4,0,-91,-4,12.91
fold2_room1_mix0268,47,4,0,165,-3,18.89
fold2_room1_mix0268,47,4,0,-89,-4,12.76
fold2_room1_mix0268,48,4,0,161,-2,20.62
fold2_room1_mix0268,48,4,0,-90,-5,11.02
fold2_room1_mix0268,49,4,0,153,-2,20.21
fold2_room1_mix0268,49,4,0,-90,-5,11.01
fold2_room1_mix0268,50,4,0,158,-3,22.34
fold2_room1_mix0268,50,4,0,-88,-4,11.55
fold2_room1_mix0268,51,4,0,162,-2,21.29
fold2_room1_mix0268,51,4,0,-91,-5,11.56
fold2_room1_mix0268,52,2,0,120,-6,5.97
fold2_room1_mix0268,52,4,0,155,-3,20.26
fold2_room1_mix0268,52,4,0,-86,-5,11.27
fold2_room1_mix0268,53,2,0,115,-7,5.86
fold2_room1_mix0268,53,4,0,160,-3,22.42
fold2_room1_mix0268,53,4,0,-88,-5,12.48
fold2_room1_mix0268,54,2,0,116,-8,5.24
fold2_room1_mix0268,54,4,0,156,-3,20.25
fold2_room1_mix0268,54,4,0,-85,-4,13.39
fold2_room1_mix0268,55,2,0,103,-9,4.95
fold2_room1_mix0268,55,4,0,158,-5,18.97
fold2_room1_mix0268,55,4,0,-79,-5,13.80
fold2_room1_mix0268,56,2,0,97,-9,5.08
fold2_room1_mix0268,56,4,0,155,-4,18.53
fold2_room1_mix0268,56,4,0,-76,-4,14.11
fold2_room1_mix0268,57,2,0,98,-9,4.69
fold2_room1_mix0268,57,4,0,152,-5,17.06
fold2_room1_mix0268,57,4,0,-74,-4,14.88
fold2_room1_mix0268,58,4,0,155,-5,17.23
fold2_room1_mix0268,58,4,0,-76,-7,11.31
fold2_room1_mix0268,58,4,0,-60,-4,16.83
fold2_room1_mix0268,59,4,0,151,-4,19.00
fold2_room1_mix0268,59,4,0,-71,-5,14.84
fold2_room1_mix0268,60,4,0,147,-4,16.45
fold2_room1_mix0268,60,4,0,-78,-6,11.18
fold2_room1_mix0268,60,4,0,-63,-4,14.91
fold2_room1_mix0268,61,4,0,149,-4,16.18
fold2_room1_mix0268,61,4,0,-75,-6,11.71
fold2_room1_mix0268,61,4,0,-58,-4,16.38
fold2_room1_mix0268,62,4,0,146,-5,15.06
fold2_room1_mix0268,62,4,0,-73,-6,11.90
fold2_room1_mix0268,62,4,0,-55,-4,16.50
fold2_room1_mix0268,63,4,0,141,-5,15.20
fold2_room1_mix0268,63,4,0,-64,-5,13.76
fold2_room1_mix0268,64,4,0,140,-5,15.33
fold2_room1_mix0268,64,4,0,-60,-4,14.26
fold2_room1_mix0268,65,4,0,137,-5,14.51
fold2_room1_mix0268,65,4,0,-61,-4,14.38
fold2_room1_mix0268,66,4,0,133,-5,14.51
fold2_room1_mix0268,66,4,0,-67,-5,12.51
fold2_room1_mix0268,66,4,0,-50,-3,17.46
fold2_room1_mix0268,67,4,0,128,-5,14.60
fold2_room1_mix0268,67,4,0,-59,-4,15.08
fold2_room1_mix0268,68,4,0,128,-5,15.16
fold2_room1_mix0268,68,4,0,-55,-4,15.44
fold2_room1_mix0268,69,4,0,123,-5,14.27
fold2_room1_mix0268,69,4,0,-53,-3,15.78
fold2_room1_mix0268,70,4,0,125,-5,15.55
fold2_room1_mix0268,70,4,0,-52,-3,17.28
fold2_room1_mix0268,71,4,0,116,-6,14.12
fold2_room1_mix0268,71,4,0,-52,-3,16.42
fold2_room1_mix0268,72,4,0,114,-5,13.82
fold2_room1_mix0268,72,4,0,-51,-3,16.33
fold2_room1_mix0268,73,4,0,106,-5,14.64
fold2_room1_mix0268,73,4,0,-49,-3,16.41
fold2_room1_mix0268,74,4,0,111,-4,13.86
fold2_room1_mix0268,74,4,0,-45,-2,17.46
fold2_room1_mix0268,75,4,0,105,-4,14.14
fold2_room1_mix0268,75,4,0,-44,-2,18.38
fold2_room1_mix0268,76,4,0,96,-4,14.17
fold2_room1_mix0268,76,4,0,-44,-2,19.33
fold2_room1_mix0268,77,4,0,99,-4,14.40
fold2_room1_mix0268,77,4,0,-40,-2,20.14
fold2_room1_mix0268,78,4,0,90,-4,13.50
fold2_room1_mix0268,78,4,0,-39,-1,22.84
fold2_room1_mix0268,79,4,0,88,-3,13.51
fold2_room1_mix0268,79,4,0,-40,-1,21.13
fold2_room1_mix0268,80,4,0,82,-4,13.43
fold2_room1_mix0268,80,4,0,-35,-1,22.62
fold2_room1_mix0268,81,4,0,80,-4,12.82
fold2_room1_mix0268,81,4,0,-36,-1,23.38
fold2_room1_mix0268,82,4,0,75,-4,13.29
fold2_room1_mix0268,82,4,0,-35,-1,23.65
fold2_room1_mix0268,83,4,0,68,-3,12.41
fold2_room1_mix0268,83,4,0,-12,-1,21.55
fold2_room1_mix0268,83,4,0,-37,-1,25.47
fold2_room1_mix0268,84,4,0,65,-3,13.35
fold2_room1_mix0268,84,4,0,-13,0,22.79
fold2_room1_mix0268,84,4,0,-34,-1,26.21
fold2_room1_mix0268,85,4,0,62,-3,12.60
fold2_room1_mix0268,85,4,0,0,-1,20.95
fold2_room1_mix0268,85,4,0,-34,-1,25.23
fold2_room1_mix0268,86,4,0,61,-3,13.46
fold2_room1_mix0268,86,4,0,-27,-1,23.32
fold2_room1_mix0268,87,4,0,55,-2,13.52
fold2_room1_mix0268,87,4,0,-28,0,23.59
fold2_room1_mix0268,88,4,0,53,-3,14.50
fold2_room1_mix0268,88,4,0,-6,-1,21.58
fold2_room1_mix0268,88,4,0,-28,-1,26.71
fold2_room1_mix0268,89,4,0,44,-2,16.66
fold2_room1_mix0268,89,4,0,-31,0,28.47
fold2_room1_mix0268,90,4,0,50,-2,14.57
fold2_room1_mix0268,90,4,0,23,-1,19.38
fold2_room1_mix0268,90,4,0,-29,0,27.54
fold2_room1_mix0268,91,4,0,48,-2,16.42
fold2_room1_mix0268,91,4,0,-24,0,31.40
fold2_room1_mix0268,92,4,0,49,-2,16.21
fold2_room1_mix0268,92,4,0,-25,0,29.18
fold2_room1_mix0268,93,4,0,47,-2,16.31
fold2_room1_mix0268,93,4,0,-26,0,28.49
fold2_room1_mix0268,94,4,0,41,-2,17.44
fold2_room1_mix0268,94,4,0,-25,0,30.02
fold2_room1_mix0268,95,4,0,39,-2,17.80
fold2_room1_mix0268,95,4,0,-26,0,30.22
fold2_room1_mix0268,96,4,0,41,-2,18.05
fold2_room1_mix0268,96,4,0,-22,0,29.60
fold2_room1_mix0268,97,4,0,36,-2,18.87
fold2_room1_mix0268,97,4,0,-22,0,29.27
fold2_room1_mix0268,98,4,0,39,-2,19.36
fold2_room1_mix0268,98,4,0,-16,0,28.89
fold2_room1_mix0268,99,4,0,37,-2,18.74
fold2_room1_mix0268,99,4,0,-14,-1,25.93
fold2_room1_mix0269,9,4,0,-9,0,7.35
fold2_room1_mix0269,11,4,0,-9,0,11.12
fold2_room1_mix0269,12,4,0,-9,0,8.61
fold2_room1_mix0269,13,4,0,-6,0,12.96
fold2_room1_mix0269,14,4,0,-8,1,17.99
fold2_room1_mix0269,15,4,0,-6,0,22.43
fold2_room1_mix0269,16,4,0,-8,0,24.20
fold2_room1_mix0269,17,4,0,-5,0,28.11
fold2_room1_mix0269,18,4,0,-5,-1,28.19
fold2_room1_mix0269,19,4,0,-5,-1,24.84
fold2_room1_mix0269,20,4,0,-5,-1,25.49
fold2_room1_mix0269,21,4,0,-4,0,26.31
fold2_room1_mix0269,22,4,0,-1,0,25.41
fold2_room1_mix0269,23,4,0,-4,0,21.32
fold2_room1_mix0269,24,4,0,-4,-1,22.46
fold2_room1_mix0269,25,4,0,-5,-1,23.82
fold2_room1_mix0269,26,4,0,-4,-1,22.25
fold2_room1_mix0269,27,4,0,-3,-1,23.56
fold2_room1_mix0269,28,4,0,-4,-1,22.34
fold2_room1_mix0269,29,4,0,-4,-1,22.11
fold2_room1_mix0269,30,4,0,-5,-1,21.58
fold2_room1_mix0269,31,4,0,-5,-1,21.17
fold2_room1_mix0269,32,4,0,-5,-1,20.75
fold2_room1_mix0269,33,4,0,-4,-1,20.68
fold2_room1_mix0269,34,4,0,-5,-2,19.92
fold2_room1_mix0269,35,4,0,-4,-1,19.10
fold2_room1_mix0269,36,4,0,-5,-1,19.18
fold2_room1_mix0269,37,4,0,-5,-1,18.58
fold2_room1_mix0269,38,4,0,-5,-1,18.19
fold2_room1_mix0269,39,4,0,-4,-1,17.55
fold2_room1_mix0269,40,4,0,-5,-2,17.16
fold2_room1_mix0269,41,4,0,-6,-2,16.65
fold2_room1_mix0269,42,4,0,-7,-2,14.92
fold2_room1_mix0269,43,4,0,-8,-2,15.23
fold2_room1_mix0269,44,4,0,-9,-2,13.27
fold2_room1_mix0269,45,4,0,-10,-2,13.02
fold2_room1_mix0269,46,4,0,-12,-2,11.92
fold2_room1_mix0269,47,4,0,-14,-3,11.40
fold2_room1_mix0269,48,4,0,-16,-3,10.13
fold2_room1_mix0269,49,4,0,-16,-3,10.26
fold2_room1_mix0269,50,4,0,-18,-3,9.48
fold2_room1_mix0269,51,4,0,-22,-4,8.53
fold2_room1_mix0269,52,4,0,-21,-4,7.88
fold2_room1_mix0269,53,4,0,-22,-5,7.23
fold2_room1_mix0269,54,4,0,-26,-6,6.20
fold2_room1_mix0269,55,4,0,-29,-6,5.59
fold2_room1_mix0269,56,4,0,-32,-7,4.98
fold2_room1_mix0269,57,4,0,-35,-8,4.51
fold2_room1_mix0269,58,4,0,-39,-8,4.05
fold2_room1_mix0269,59,4,0,-45,-10,3.61
fold2_room1_mix0269,60,4,0,-54,-12,3.16
fold2_room1_mix0269,61,4,0,-66,-13,3.06
fold2_room1_mix0269,62,4,0,-83,-14,2.98
fold2_room1_mix0269,63,4,0,-96,-14,3.07
fold2_room1_mix0269,64,4,0,-110,-12,3.13
fold2_room1_mix0269,65,4,0,-123,-12,3.50
fold2_room1_mix0269,66,4,0,-133,-11,3.73
fold2_room1_mix0269,67,4,0,-141,-10,4.06
fold2_room1_mix0269,68,4,0,-142,-8,4.43
fold2_room1_mix0269,69,4,0,-147,-8,5.07
fold2_room1_mix0269,70,4,0,-150,-7,5.61
fold2_room1_mix0269,71,4,0,-153,-6,6.16
fold2_room1_mix0269,72,4,0,-155,-5,7.05
fold2_room1_mix0269,73,4,0,-156,-5,7.44
fold2_room1_mix0269,74,4,0,-157,-4,7.88
fold2_room1_mix0269,75,4,0,-158,-4,8.85
fold2_room1_mix0269,76,4,0,-159,-3,9.33
fold2_room1_mix0269,77,4,0,-161,-3,10.32
fold2_room1_mix0269,78,4,0,-163,-3,11.39
fold2_room1_mix0269,79,4,0,-163,-3,11.91
fold2_room1_mix0269,80,4,0,-164,-3,12.25
fold2_room1_mix0269,81,4,0,-164,-2,13.24
fold2_room1_mix0269,82,4,0,-165,-2,13.88
fold2_room1_mix0269,83,4,0,-166,-2,14.51
fold2_room1_mix0269,84,4,0,-167,-2,15.07
fold2_room1_mix0269,85,4,0,-167,-1,16.73
fold2_room1_mix0269,86,4,0,-168,-1,16.76
fold2_room1_mix0269,87,4,0,-169,-1,17.02
fold2_room1_mix0269,88,4,0,-169,-1,18.18
fold2_room1_mix0269,89,4,0,-170,-1,18.68
fold2_room1_mix0269,90,4,0,-170,-1,19.07
fold2_room1_mix0269,91,4,0,-171,-1,20.97
fold2_room1_mix0269,92,4,0,-171,-1,20.49
fold2_room1_mix0269,93,4,0,-171,-1,21.63
fold2_room1_mix0269,94,4,0,-170,-1,21.19
fold2_room1_mix0269,95,4,0,-171,-1,21.79
fold2_room1_mix0269,96,4,0,-172,-1,22.25
fold2_room1_mix0269,97,4,0,-172,-1,22.07
fold2_room1_mix0269,98,4,0,-173,-1,22.41
fold2_room1_mix0269,99,4,0,-175,-1,21.61
fold2_room1_mix0269,6,4,0,-6,1,6.00
fold2_room1_mix0270,9,4,0,171,2,2.24
fold2_room1_mix0270,14,4,0,178,1,5.08
fold2_room1_mix0270,16,4,0,175,1,5.08
fold2_room1_mix0270,17,4,0,176,0,10.84
fold2_room1_mix0270,18,4,0,176,0,22.23
fold2_room1_mix0270,19,4,0,178,0,15.56
fold2_room1_mix0270,21,4,0,171,0,11.53
fold2_room1_mix0270,28,4,0,174,0,2.51
fold2_room1_mix0270,29,4,0,173,1,1.77
fold2_room1_mix0270,30,4,0,177,1,3.51
fold2_room1_mix0270,31,2,0,-64,-4,6.95
fold2_room1_mix0270,32,2,0,-44,-4,9.98
fold2_room1_mix0270,32,4,0,171,0,8.80
fold2_room1_mix0270,33,2,0,-42,-2,11.75
fold2_room1_mix0270,33,4,0,166,0,14.79
fold2_room1_mix0270,34,2,0,-44,-3,9.68
fold2_room1_mix0270,34,4,0,168,0,15.40
fold2_room1_mix0270,35,2,0,-43,-4,8.24
fold2_room1_mix0270,35,4,0,169,0,10.06
fold2_room1_mix0270,36,2,0,-43,-3,9.01
fold2_room1_mix0270,36,4,0,166,0,9.69
fold2_room1_mix0270,37,4,0,164,0,18.95
fold2_room1_mix0270,38,4,0,171,0,19.18
fold2_room1_mix0270,39,4,0,170,0,19.52
fold2_room1_mix0270,40,4,0,173,0,20.46
fold2_room1_mix0270,41,4,0,170,0,22.16
fold2_room1_mix0270,42,2,0,-50,-3,8.13
fold2_room1_mix0270,42,4,0,170,0,21.85
fold2_room1_mix0270,43,2,0,-48,-3,9.77
fold2_room1_mix0270,43,4,0,173,0,23.54
fold2_room1_mix0270,44,2,0,-49,-3,10.12
fold2_room1_mix0270,44,4,0,173,0,23.83
fold2_room1_mix0270,45,2,0,-46,-3,8.96
fold2_room1_mix0270,45,4,0,172,0,21.88
fold2_room1_mix0270,46,2,0,-43,-4,8.93
fold2_room1_mix0270,46,4,0,174,0,22.96
fold2_room1_mix0270,47,2,0,-47,-3,9.20
fold2_room1_mix0270,47,4,0,175,0,20.67
fold2_room1_mix0270,48,4,0,175,0,20.04
fold2_room1_mix0270,49,4,0,172,0,20.26
fold2_room1_mix0270,50,4,0,173,-1,20.13
fold2_room1_mix0270,51,4,0,177,-1,18.26
fold2_room1_mix0270,52,2,0,-55,-4,6.04
fold2_room1_mix0270,52,4,0,175,-1,18.62
fold2_room1_mix0270,53,2,0,-49,-4,8.95
fold2_room1_mix0270,53,4,0,172,-1,18.36
fold2_room1_mix0270,54,2,0,-53,-4,8.06
fold2_room1_mix0270,54,4,0,172,-1,16.67
fold2_room1_mix0270,55,2,0,-54,-4,7.66
fold2_room1_mix0270,55,4,0,177,-1,15.09
fold2_room1_mix0270,56,2,0,-55,-4,7.76
fold2_room1_mix0270,56,4,0,174,-1,15.21
fold2_room1_mix0270,57,2,0,-59,-4,7.82
fold2_room1_mix0270,57,4,0,173,-1,15.33
fold2_room1_mix0270,58,4,0,173,-3,12.14
fold2_room1_mix0270,59,4,0,172,-3,12.52
fold2_room1_mix0270,60,4,0,169,-3,11.70
fold2_room1_mix0270,61,4,0,172,-3,11.04
fold2_room1_mix0270,62,4,0,175,-3,10.25
fold2_room1_mix0270,63,2,0,-70,-4,6.88
fold2_room1_mix0270,63,4,0,172,-3,11.10
fold2_room1_mix0270,64,2,0,-72,-5,6.72
fold2_room1_mix0270,64,4,0,173,-3,9.91
fold2_room1_mix0270,65,2,0,-74,-5,6.98
fold2_room1_mix0270,65,4,0,170,-4,9.43
fold2_room1_mix0270,66,2,0,-72,-5,6.80
fold2_room1_mix0270,66,4,0,171,-4,9.36
fold2_room1_mix0270,67,2,0,-70,-5,6.87
fold2_room1_mix0270,67,4,0,173,-4,9.11
fold2_room1_mix0270,68,2,0,-75,-5,6.70
fold2_room1_mix0270,68,4,0,174,-5,8.34
fold2_room1_mix0270,69,4,0,169,-6,7.01
fold2_room1_mix0270,70,4,0,170,-7,5.93
fold2_room1_mix0270,71,4,0,164,-9,4.98
fold2_room1_mix0270,72,4,0,165,-9,4.58
fold2_room1_mix0270,73,4,0,157,-11,3.78
fold2_room1_mix0270,74,4,0,150,-15,2.74
fold2_room1_mix0270,75,4,0,139,-16,2.31
fold2_room1_mix0270,76,4,0,114,-23,1.77
fold2_room1_mix0270,77,4,0,92,-25,1.58
fold2_room1_mix0270,78,4,0,60,-22,1.73
fold2_room1_mix0270,79,4,0,43,-17,2.03
fold2_room1_mix0270,80,4,0,34,-14,2.56
fold2_room1_mix0270,81,4,0,27,-11,3.51
fold2_room1_mix0270,82,4,0,21,-9,4.04
fold2_room1_mix0270,83,4,0,20,-7,4.61
fold2_room1_mix0270,84,4,0,16,-6,5.46
fold2_room1_mix0270,85,4,0,14,-5,6.26
fold2_room1_mix0270,86,4,0,13,-5,6.69
fold2_room1_mix0270,87,4,0,13,-4,7.19
fold2_room1_mix0270,88,4,0,12,-4,8.28
fold2_room1_mix0270,89,4,0,11,-4,8.49
fold2_room1_mix0270,90,4,0,10,-4,8.70
fold2_room1_mix0270,91,4,0,10,-4,9.80
fold2_room1_mix0270,92,4,0,9,-3,10.61
fold2_room1_mix0270,93,4,0,7,-3,10.90
fold2_room1_mix0270,94,4,0,7,-3,11.25
fold2_room1_mix0270,95,4,0,7,-3,12.20
fold2_room1_mix0270,96,4,0,8,-3,12.22
fold2_room1_mix0270,97,4,0,8,-2,13.65
fold2_room1_mix0270,98,4,0,7,-2,14.14
fold2_room1_mix0270,99,4,0,7,-2,14.18
fold2_room1_mix0270,20,4,0,175,2,2.22
fold2_room1_mix0271,24,4,0,-5,0,16.73
fold2_room1_mix0271,25,4,0,-7,-1,9.26
fold2_room1_mix0271,26,4,0,-3,-1,19.90
fold2_room1_mix0271,27,4,0,-2,-1,22.34
fold2_room1_mix0271,28,4,0,-2,-1,21.04
fold2_room1_mix0271,29,4,0,-6,-1,21.06
fold2_room1_mix0271,30,4,0,-6,-1,20.82
fold2_room1_mix0271,31,4,0,-7,-1,21.47
fold2_room1_mix0271,32,4,0,-3,-1,20.74
fold2_room1_mix0271,33,4,0,-4,-1,20.67
fold2_room1_mix0271,34,4,0,-3,-2,19.08
fold2_room1_mix0271,35,4,0,-4,-1,18.48
fold2_room1_mix0271,36,4,0,-3,-2,17.57
fold2_room1_mix0271,37,4,0,-5,-2,17.15
fold2_room1_mix0271,38,4,0,-6,-2,15.92
fold2_room1_mix0271,39,4,0,-6,-2,15.73
fold2_room1_mix0271,40,0,0,171,-2,1.43
fold2_room1_mix0271,40,4,0,-3,-2,16.97
fold2_room1_mix0271,41,0,0,172,-2,2.23
fold2_room1_mix0271,41,4,0,-7,-2,17.04
fold2_room1_mix0271,42,0,0,164,-1,5.35
fold2_room1_mix0271,42,4,0,-6,-2,14.83
fold2_room1_mix0271,43,0,0,162,-2,9.11
fold2_room1_mix0271,43,4,0,-5,-3,14.68
fold2_room1_mix0271,44,0,0,166,-2,12.59
fold2_room1_mix0271,44,4,0,-2,-3,13.50
fold2_room1_mix0271,45,0,0,163,-2,11.42
fold2_room1_mix0271,45,4,0,-6,-3,11.55
fold2_room1_mix0271,46,0,0,162,-2,16.64
fold2_room1_mix0271,46,4,0,-5,-4,11.14
fold2_room1_mix0271,47,0,0,155,-1,15.56
fold2_room1_mix0271,47,4,0,-4,-4,10.74
fold2_room1_mix0271,48,0,0,156,-1,18.50
fold2_room1_mix0271,48,4,0,175,-7,12.06
fold2_room1_mix0271,48,4,0,-4,-4,9.79
fold2_room1_mix0271,49,0,0,154,-1,15.53
fold2_room1_mix0271,49,4,0,175,-4,12.18
fold2_room1_mix0271,49,4,0,-10,-4,8.96
fold2_room1_mix0271,50,0,0,151,-1,14.11
fold2_room1_mix0271,50,4,0,-6,-5,8.48
fold2_room1_mix0271,51,0,0,150,-1,11.76
fold2_room1_mix0271,51,4,0,-171,-6,11.00
fold2_room1_mix0271,51,4,0,-9,-5,8.56
fold2_room1_mix0271,52,0,0,149,-1,12.86
fold2_room1_mix0271,52,4,0,-10,-5,8.03
fold2_room1_mix0271,53,0,0,147,-2,12.45
fold2_room1_mix0271,53,4,0,-13,-5,8.74
fold2_room1_mix0271,54,0,0,132,-2,7.47
fold2_room1_mix0271,54,4,0,-154,-7,9.74
fold2_room1_mix0271,54,4,0,-20,-5,6.74
fold2_room1_mix0271,55,0,0,131,-3,6.64
fold2_room1_mix0271,55,4,0,-22,-6,5.63
fold2_room1_mix0271,56,0,0,137,-3,7.78
fold2_room1_mix0271,56,4,0,-19,-8,5.68
fold2_room1_mix0271,57,0,0,136,-2,8.52
fold2_room1_mix0271,57,4,0,-166,-5,8.99
fold2_room1_mix0271,57,4,0,-26,-8,4.24
fold2_room1_mix0271,58,0,0,133,-3,6.23
fold2_room1_mix0271,58,4,0,-31,-8,3.81
fold2_room1_mix0271,59,0,0,131,-3,5.77
fold2_room1_mix0271,59,4,0,-64,-18,4.42
fold2_room1_mix0271,59,4,0,-36,-12,3.08
fold2_room1_mix0271,60,0,0,123,-3,6.08
fold2_room1_mix0271,60,4,0,-58,-14,2.67
fold2_room1_mix0271,61,0,0,118,-3,4.52
fold2_room1_mix0271,61,4,0,-107,-15,5.13
fold2_room1_mix0271,61,4,0,-56,-13,2.66
fold2_room1_mix0271,62,0,0,123,-3,5.77
fold2_room1_mix0271,62,4,0,-124,-15,4.23
fold2_room1_mix0271,62,4,0,-82,-19,2.34
fold2_room1_mix0271,63,0,0,123,-3,5.43
fold2_room1_mix0271,63,2,0,79,-6,1.92
fold2_room1_mix0271,63,4,0,-104,-14,2.92
fold2_room1_mix0271,64,0,0,114,-3,5.26
fold2_room1_mix0271,64,4,0,-137,-14,2.70
fold2_room1_mix0271,64,4,0,-118,-15,2.38
fold2_room1_mix0271,65,0,0,100,-4,5.01
fold2_room1_mix0271,65,4,0,-134,-11,3.13
fold2_room1_mix0271,66,0,0,101,-4,5.01
fold2_room1_mix0271,66,4,0,-143,-10,3.52
fold2_room1_mix0271,67,0,0,92,-4,5.81
fold2_room1_mix0271,67,4,0,-152,-9,4.05
fold2_room1_mix0271,68,0,0,92,-4,6.58
fold2_room1_mix0271,68,4,0,-156,-7,4.93
fold2_room1_mix0271,69,0,0,86,-3,7.30
fold2_room1_mix0271,69,4,0,-155,-6,6.14
fold2_room1_mix0271,70,0,0,78,-3,8.41
fold2_room1_mix0271,70,4,0,-161,-6,6.26
fold2_room1_mix0271,71,0,0,73,-3,8.17
fold2_room1_mix0271,71,4,0,-163,-5,7.08
fold2_room1_mix0271,72,0,0,70,-3,8.85
fold2_room1_mix0271,72,4,0,-164,-5,7.46
fold2_room1_mix0271,73,0,0,61,-3,9.70
fold2_room1_mix0271,73,4,0,-164,-4,7.96
fold2_room1_mix0271,74,0,0,66,-3,10.79
fold2_room1_mix0271,74,4,0,-163,-3,8.65
fold2_room1_mix0271,75,0,0,68,-3,5.43
fold2_room1_mix0271,75,4,0,-167,-2,10.38
fold2_room1_mix0271,76,0,0,76,-2,6.12
fold2_room1_mix0271,76,4,0,-165,-2,10.44
fold2_room1_mix0271,77,0,0,69,-2,4.12
fold2_room1_mix0271,77,4,0,-167,-2,10.78
fold2_room1_mix0271,78,4,0,-167,-2,12.00
fold2_room1_mix0271,79,4,0,-168,-2,11.79
fold2_room1_mix0271,80,4,0,-170,-2,12.44
fold2_room1_mix0271,81,4,0,-168,-2,13.52
fold2_room1_mix0271,82,4,0,-169,-2,14.00
fold2_room1_mix0271,83,4,0,-172,-2,14.55
fold2_room1_mix0271,84,4,0,-171,-2,15.50
fold2_room1_mix0271,85,4,0,-171,-1,16.15
fold2_room1_mix0271,86,4,0,-171,-1,16.39
fold2_room1_mix0271,87,4,0,-171,-1,16.85
fold2_room1_mix0271,88,4,0,-171,-1,17.77
fold2_room1_mix0271,89,4,0,-172,-1,18.62
fold2_room1_mix0271,90,4,0,-173,-1,18.46
fold2_room1_mix0271,91,4,0,-174,0,20.34
fold2_room1_mix0271,92,4,0,-174,0,19.19
fold2_room1_mix0271,93,4,0,-174,0,20.11
fold2_room1_mix0271,94,4,0,-173,0,20.17
fold2_room1_mix0271,95,4,0,-174,0,17.74
fold2_room1_mix0271,96,4,0,-175,0,15.08
fold2_room1_mix0271,97,4,0,-176,0,7.83
fold2_room1_mix0272,11,4,0,-175,3,1.33
fold2_room1_mix0272,14,4,0,-166,1,5.55
fold2_room1_mix0272,16,4,0,-159,0,15.92
fold2_room1_mix0272,17,4,0,-159,0,16.74
fold2_room1_mix0272,18,4,0,-156,0,14.05
fold2_room1_mix0272,19,4,0,-154,0,19.16
fold2_room1_mix0272,20,4,0,-156,0,20.00
fold2_room1_mix0272,21,4,0,-153,0,20.25
fold2_room1_mix0272,22,4,0,-149,-1,19.22
fold2_room1_mix0272,23,4,0,-150,0,17.99
fold2_room1_mix0272,24,4,0,-144,-1,18.38
fold2_room1_mix0272,25,4,0,-147,0,18.92
fold2_room1_mix0272,25,4,0,-28,0,24.46
fold2_room1_mix0272,26,4,0,-139,-1,16.80
fold2_room1_mix0272,27,4,0,-143,-1,17.32
fold2_room1_mix0272,27,4,0,-124,-2,18.96
fold2_room1_mix0272,28,4,0,-143,-1,16.62
fold2_room1_mix0272,29,4,0,-144,-1,16.17
fold2_room1_mix0272,30,4,0,-143,-1,16.16
fold2_room1_mix0272,30,4,0,-34,-1,20.55
fold2_room1_mix0272,31,4,0,-141,-1,15.71
fold2_room1_mix0272,31,4,0,-32,-1,20.36
fold2_room1_mix0272,32,4,0,-142,-1,16.00
fold2_room1_mix0272,32,4,0,-21,0,21.65
fold2_room1_mix0272,33,4,0,-143,-1,15.92
fold2_room1_mix0272,33,4,0,-13,0,22.31
fold2_room1_mix0272,34,4,0,-136,-1,14.76
fold2_room1_mix0272,34,4,0,-24,-1,19.59
fold2_room1_mix0272,35,4,0,-156,0,16.12
fold2_room1_mix0272,35,4,0,-132,-2,12.21
fold2_room1_mix0272,35,4,0,-13,0,20.57
fold2_room1_mix0272,36,4,0,-149,-1,15.10
fold2_room1_mix0272,36,4,0,-130,-2,12.15
fold2_room1_mix0272,36,4,0,-10,-1,20.90
fold2_room1_mix0272,37,4,0,-149,-1,16.10
fold2_room1_mix0272,37,4,0,-130,-2,12.31
fold2_room1_mix0272,37,4,0,-7,-1,22.74
fold2_room1_mix0272,38,4,0,-135,-1,14.23
fold2_room1_mix0272,38,4,0,-8,-1,21.33
fold2_room1_mix0272,39,4,0,-144,0,15.63
fold2_room1_mix0272,39,4,0,-126,-2,12.11
fold2_room1_mix0272,39,4,0,-8,0,21.52
fold2_room1_mix0272,40,4,0,-151,0,17.20
fold2_room1_mix0272,40,4,0,-127,-3,11.86
fold2_room1_mix0272,40,4,0,-6,-1,21.22
fold2_room1_mix0272,41,4,0,-149,0,16.69
fold2_room1_mix0272,41,4,0,-123,-3,11.90
fold2_room1_mix0272,41,4,0,-4,-1,21.88
fold2_room1_mix0272,42,4,0,-147,-1,14.07
fold2_room1_mix0272,42,4,0,-120,-2,11.41
fold2_room1_mix0272,42,4,0,-5,-1,20.58
fold2_room1_mix0272,43,4,0,-148,-1,14.53
fold2_room1_mix0272,43,4,0,-117,-3,11.10
fold2_room1_mix0272,43,4,0,-1,-1,20.99
fold2_room1_mix0272,44,4,0,-151,-1,14.44
fold2_room1_mix0272,44,4,0,-115,-3,10.99
fold2_room1_mix0272,44,4,0,-1,-1,19.76
fold2_room1_mix0272,45,4,0,-142,-1,14.68
fold2_room1_mix0272,45,4,0,-114,-3,10.69
fold2_room1_mix0272,45,4,0,-5,-1,19.32
fold2_room1_mix0272,46,4,0,-143,-1,14.70
fold2_room1_mix0272,46,4,0,-114,-3,11.20
fold2_room1_mix0272,46,4,0,-5,-1,18.54
fold2_room1_mix0272,47,4,0,-140,-1,14.80
fold2_room1_mix0272,47,4,0,-102,-3,10.66
fold2_room1_mix0272,47,4,0,-5,-1,16.98
fold2_room1_mix0272,48,4,0,-139,-1,14.18
fold2_room1_mix0272,48,4,0,-86,-4,10.05
fold2_room1_mix0272,48,4,0,-8,-2,15.78
fold2_room1_mix0272,49,4,0,-143,-1,15.91
fold2_room1_mix0272,49,4,0,-84,-4,10.44
fold2_room1_mix0272,49,4,0,-9,-2,14.89
fold2_room1_mix0272,50,4,0,-145,-1,14.87
fold2_room1_mix0272,50,4,0,-69,-4,9.90
fold2_room1_mix0272,50,4,0,-13,-3,13.41
fold2_room1_mix0272,51,4,0,-138,-1,15.57
fold2_room1_mix0272,51,4,0,-79,-4,9.53
fold2_room1_mix0272,51,4,0,-12,-3,12.97
fold2_room1_mix0272,52,4,0,-140,-1,14.97
fold2_room1_mix0272,52,4,0,-79,-4,9.52
fold2_room1_mix0272,52,4,0,-10,-4,10.02
fold2_room1_mix0272,53,4,0,-139,0,15.70
fold2_room1_mix0272,53,4,0,-76,-5,8.66
fold2_room1_mix0272,53,4,0,-10,-4,9.55
fold2_room1_mix0272,54,4,0,-132,-1,13.89
fold2_room1_mix0272,54,4,0,-81,-4,9.28
fold2_room1_mix0272,54,4,0,-13,-5,9.04
fold2_room1_mix0272,55,4,0,-136,-1,14.05
fold2_room1_mix0272,55,4,0,-76,-4,8.72
fold2_room1_mix0272,55,4,0,-14,-6,6.89
fold2_room1_mix0272,56,4,0,-143,-1,14.46
fold2_room1_mix0272,56,4,0,-85,-3,9.49
fold2_room1_mix0272,56,4,0,-13,-7,6.17
fold2_room1_mix0272,57,4,0,-140,-1,16.82
fold2_room1_mix0272,57,4,0,-84,-3,10.04
fold2_room1_mix0272,57,4,0,-18,-9,4.91
fold2_room1_mix0272,58,4,0,-142,-2,13.90
fold2_room1_mix0272,58,4,0,-72,-3,9.62
fold2_room1_mix0272,58,4,0,-20,-11,3.91
fold2_room1_mix0272,59,4,0,-151,-2,13.66
fold2_room1_mix0272,59,4,0,-70,-3,10.42
fold2_room1_mix0272,59,4,0,-25,-11,3.98
fold2_room1_mix0272,60,4,0,-153,-4,11.50
fold2_room1_mix0272,60,4,0,-65,-3,10.96
fold2_room1_mix0272,60,4,0,-28,-13,2.98
fold2_room1_mix0272,61,4,0,-145,-5,9.49
fold2_room1_mix0272,61,4,0,-73,-4,9.00
fold2_room1_mix0272,61,4,0,-37,-15,2.52
fold2_room1_mix0272,62,4,0,-143,-6,9.61
fold2_room1_mix0272,62,4,0,-80,-7,7.39
fold2_room1_mix0272,62,4,0,-52,-13,3.55
fold2_room1_mix0272,63,4,0,-143,-8,7.82
fold2_room1_mix0272,63,4,0,-106,-9,5.65
fold2_room1_mix0272,63,4,0,-85,-11,5.01
fold2_room1_mix0272,64,4,0,-150,-10,5.73
fold2_room1_mix0272,64,4,0,-120,-8,5.25
fold2_room1_mix0272,64,4,0,-99,-4,8.93
fold2_room1_mix0272,65,4,0,-154,-11,4.80
fold2_room1_mix0272,65,4,0,-129,-8,5.36
fold2_room1_mix0272,65,4,0,-109,-4,9.68
fold2_room1_mix0272,66,4,0,-157,-11,4.36
fold2_room1_mix0272,66,4,0,-138,-9,4.81
fold2_room1_mix0272,66,4,0,-86,-3,11.92
fold2_room1_mix0272,67,4,0,-156,-8,5.40
fold2_room1_mix0272,67,4,0,-108,-3,11.72
fold2_room1_mix0272,68,4,0,-159,-9,4.71
fold2_room1_mix0272,68,4,0,-120,-3,12.30
fold2_room1_mix0272,69,4,0,-160,-8,5.14
fold2_room1_mix0272,69,4,0,-102,-3,13.95
fold2_room1_mix0272,70,4,0,-158,-8,4.72
fold2_room1_mix0272,70,4,0,-104,-3,13.48
fold2_room1_mix0272,71,4,0,-159,-9,4.25
fold2_room1_mix0272,71,4,0,-100,-4,13.57
fold2_room1_mix0272,72,4,0,-154,-10,4.00
fold2_room1_mix0272,72,4,0,-118,-4,12.28
fold2_room1_mix0272,73,4,0,-153,-8,3.76
fold2_room1_mix0272,73,4,0,-119,-11,2.93
fold2_room1_mix0272,73,4,0,-87,-4,10.10
fold2_room1_mix0272,74,4,0,-155,-2,8.61
fold2_room1_mix0272,74,4,0,-77,-14,2.50
fold2_room1_mix0272,74,4,0,-53,-8,4.56
fold2_room1_mix0272,75,4,0,-167,0,10.21
fold2_room1_mix0272,75,4,0,-58,-9,3.51
fold2_room1_mix0272,75,4,0,-35,-8,4.50
fold2_room1_mix0272,76,4,0,-166,0,10.43
fold2_room1_mix0272,76,4,0,-51,-5,6.14
fold2_room1_mix0272,76,4,0,-31,-9,3.80
fold2_room1_mix0272,77,4,0,-172,0,11.39
fold2_room1_mix0272,77,4,0,-31,-5,5.94
fold2_room1_mix0272,78,4,0,-172,0,12.35
fold2_room1_mix0272,78,4,0,-27,-6,5.98
fold2_room1_mix0272,79,4,0,-170,0,11.76
fold2_room1_mix0272,79,4,0,-24,-4,7.55
fold2_room1_mix0272,80,4,0,-172,0,12.83
fold2_room1_mix0272,80,4,0,-22,-4,7.95
fold2_room1_mix0272,81,4,0,-172,0,12.46
fold2_room1_mix0272,81,4,0,-22,-4,8.28
fold2_room1_mix0272,82,4,0,-173,0,13.21
fold2_room1_mix0272,82,4,0,-21,-4,8.49
fold2_room1_mix0272,83,4,0,-173,0,12.64
fold2_room1_mix0272,83,4,0,-20,-3,8.81
fold2_room1_mix0272,84,4,0,-173,0,15.24
fold2_room1_mix0272,84,4,0,-18,-4,9.37
fold2_room1_mix0272,85,4,0,-171,0,14.01
fold2_room1_mix0272,85,4,0,-18,-3,10.49
fold2_room1_mix0272,86,4,0,-174,0,15.57
fold2_room1_mix0272,86,4,0,-18,-3,11.10
fold2_room1_mix0272,87,4,0,-172,0,15.95
fold2_room1_mix0272,87,4,0,-24,-2,12.80
fold2_room1_mix0272,87,4,0,-9,-3,10.36
fold2_room1_mix0272,88,4,0,-173,0,17.78
fold2_room1_mix0272,88,4,0,-16,-2,13.25
fold2_room1_mix0272,89,4,0,-172,0,20.27
fold2_room1_mix0272,89,4,0,-23,-1,14.63
fold2_room1_mix0272,89,4,0,-7,-2,12.99
fold2_room1_mix0272,90,4,0,-172,0,17.89
fold2_room1_mix0272,90,4,0,-14,-2,14.49
fold2_room1_mix0272,91,4,0,-173,0,20.31
fold2_room1_mix0272,91,4,0,-12,-1,16.49
fold2_room1_mix0272,92,4,0,-171,-1,20.09
fold2_room1_mix0272,92,4,0,-13,-2,16.70
fold2_room1_mix0272,93,4,0,-171,-1,19.99
fold2_room1_mix0272,93,4,0,-13,-1,16.76
fold2_room1_mix0272,94,4,0,-171,0,22.98
fold2_room1_mix0272,94,4,0,-12,-1,18.83
fold2_room1_mix0272,95,4,0,-166,-1,21.61
fold2_room1_mix0272,95,4,0,-11,-1,18.60
fold2_room1_mix0272,96,4,0,-171,-1,21.86
fold2_room1_mix0272,96,4,0,-10,-1,20.11
fold2_room1_mix0272,97,4,0,-169,-1,23.63
fold2_room1_mix0272,97,4,0,-10,-1,21.16
fold2_room1_mix0272,98,4,0,-169,0,24.10
fold2_room1_mix0272,98,4,0,-9,0,21.64
fold2_room1_mix0272,99,4,0,-173,-1,22.09
fold2_room1_mix0272,99,4,0,-10,-1,21.43
fold2_room1_mix0273,3,4,0,-2,0,4.85
fold2_room1_mix0273,4,4,0,-1,0,13.93
fold2_room1_mix0273,5,4,0,0,0,17.78
fold2_room1_mix0273,6,4,0,0,0,20.05
fold2_room1_mix0273,7,4,0,1,0,20.92
fold2_room1_mix0273,8,4,0,1,0,35.22
fold2_room1_mix0273,9,4,0,0,0,31.81
fold2_room1_mix0273,10,4,0,1,0,33.66
fold2_room1_mix0273,11,4,0,1,0,34.10
fold2_room1_mix0273,12,4,0,0,0,33.55
fold2_room1_mix0273,13,4,0,2,0,31.00
fold2_room1_mix0273,14,4,0,1,0,33.76
fold2_room1_mix0273,15,4,0,1,0,33.40
fold2_room1_mix0273,16,4,0,0,0,32.09
fold2_room1_mix0273,17,4,0,0,0,29.88
fold2_room1_mix0273,18,4,0,0,0,29.67
fold2_room1_mix0273,19,4,0,0,0,30.34
fold2_room1_mix0273,20,4,0,-1,0,28.09
fold2_room1_mix0273,21,4,0,-1,0,30.03
fold2_room1_mix0273,22,4,0,-2,-1,29.49
fold2_room1_mix0273,23,4,0,-2,-1,25.65
fold2_room1_mix0273,24,4,0,-1,-1,26.84
fold2_room1_mix0273,25,4,0,-2,-1,26.99
fold2_room1_mix0273,26,4,0,-2,-1,26.02
fold2_room1_mix0273,27,4,0,-1,-1,27.14
fold2_room1_mix0273,28,4,0,-1,-1,26.41
fold2_room1_mix0273,29,4,0,-1,-1,27.87
fold2_room1_mix0273,30,4,0,-1,0,28.01
fold2_room1_mix0273,31,4,0,-1,0,27.46
fold2_room1_mix0273,32,4,0,0,0,27.97
fold2_room1_mix0273,33,4,0,-2,0,27.09
fold2_room1_mix0273,34,4,0,-2,-1,25.38
fold2_room1_mix0273,35,4,0,-2,-1,25.57
fold2_room1_mix0273,36,4,0,-3,-1,24.46
fold2_room1_mix0273,37,4,0,-3,-1,26.16
fold2_room1_mix0273,38,4,0,-3,-1,25.48
fold2_room1_mix0273,39,4,0,-3,-1,24.73
fold2_room1_mix0273,40,4,0,-2,-1,26.28
fold2_room1_mix0273,41,4,0,-3,-1,23.66
fold2_room1_mix0273,42,4,0,-4,-1,22.32
fold2_room1_mix0273,43,4,0,-4,-1,22.27
fold2_room1_mix0273,44,4,0,-4,-1,21.93
fold2_room1_mix0273,45,4,0,-5,-1,21.77
fold2_room1_mix0273,46,4,0,-5,-1,20.71
fold2_room1_mix0273,47,4,0,-4,-1,19.77
fold2_room1_mix0273,48,4,0,-6,-1,19.06
fold2_room1_mix0273,49,4,0,-6,-1,17.34
fold2_room1_mix0273,50,4,0,-6,-1,17.37
fold2_room1_mix0273,51,4,0,-7,-1,16.28
fold2_room1_mix0273,52,4,0,-8,-1,16.31
fold2_room1_mix0273,53,4,0,-9,-1,15.32
fold2_room1_mix0273,54,4,0,-9,-1,14.37
fold2_room1_mix0273,55,4,0,-10,-2,13.17
fold2_room1_mix0273,56,4,0,-10,-2,13.03
fold2_room1_mix0273,57,4,0,-12,-2,11.50
fold2_room1_mix0273,58,4,0,-13,-2,10.96
fold2_room1_mix0273,59,4,0,-14,-2,11.16
fold2_room1_mix0273,60,4,0,-16,-2,9.98
fold2_room1_mix0273,61,4,0,-18,-2,9.15
fold2_room1_mix0273,62,4,0,-18,-3,8.66
fold2_room1_mix0273,63,4,0,-23,-3,7.51
fold2_room1_mix0273,64,4,0,-25,-3,6.51
fold2_room1_mix0273,65,4,0,-29,-4,5.71
fold2_room1_mix0273,66,4,0,-35,-5,5.24
fold2_room1_mix0273,67,4,0,-41,-5,4.48
fold2_room1_mix0273,68,4,0,-49,-6,3.56
fold2_room1_mix0273,69,4,0,-56,-6,3.59
fold2_room1_mix0273,70,4,0,-68,-6,3.34
fold2_room1_mix0273,71,4,0,-82,-8,3.16
fold2_room1_mix0273,72,4,0,-99,-8,3.23
fold2_room1_mix0273,73,4,0,-110,-7,3.54
fold2_room1_mix0273,74,4,0,-122,-6,3.72
fold2_room1_mix0273,75,4,0,-132,-4,4.25
fold2_room1_mix0273,76,4,0,-139,-4,4.92
fold2_room1_mix0273,77,4,0,-145,-3,5.53
fold2_room1_mix0273,78,4,0,-149,-3,6.25
fold2_room1_mix0273,79,4,0,-152,-3,6.74
fold2_room1_mix0273,80,4,0,-154,-3,6.84
fold2_room1_mix0273,81,4,0,-156,-2,7.58
fold2_room1_mix0273,82,4,0,-159,-2,7.93
fold2_room1_mix0273,83,4,0,-160,-2,8.93
fold2_room1_mix0273,84,4,0,-161,-1,9.65
fold2_room1_mix0273,85,4,0,-162,-1,10.26
fold2_room1_mix0273,86,4,0,-162,-2,10.34
fold2_room1_mix0273,87,4,0,-163,-1,10.88
fold2_room1_mix0273,88,4,0,-164,-1,12.47
fold2_room1_mix0273,89,4,0,-165,-1,11.93
fold2_room1_mix0273,90,4,0,-166,-1,12.95
fold2_room1_mix0273,91,4,0,-167,-1,13.72
fold2_room1_mix0273,92,4,0,-167,-1,13.74
fold2_room1_mix0273,93,4,0,-167,-1,14.27
fold2_room1_mix0273,94,4,0,-167,0,14.96
fold2_room1_mix0273,95,4,0,-168,0,15.40
fold2_room1_mix0273,96,4,0,-168,0,17.24
fold2_room1_mix0273,97,4,0,-169,0,18.12
fold2_room1_mix0273,98,4,0,-169,0,19.13
fold2_room1_mix0273,99,4,0,-170,0,19.51
fold2_room1_mix0274,4,4,0,-1,0,8.43
fold2_room1_mix0274,5,4,0,0,0,21.27
fold2_room1_mix0274,6,4,0,0,0,21.90
fold2_room1_mix0274,7,4,0,0,0,26.63
fold2_room1_mix0274,8,4,0,1,0,42.58
fold2_room1_mix0274,9,4,0,0,-1,40.49
fold2_room1_mix0274,10,4,0,0,0,40.20
fold2_room1_mix0274,11,4,0,1,0,42.00
fold2_room1_mix0274,12,4,0,0,0,41.74
fold2_room1_mix0274,13,4,0,0,0,40.64
fold2_room1_mix0274,14,4,0,0,0,40.75
fold2_room1_mix0274,15,4,0,0,0,41.02
fold2_room1_mix0274,16,4,0,0,0,39.69
fold2_room1_mix0274,17,4,0,0,0,40.08
fold2_room1_mix0274,18,4,0,-1,0,39.12
fold2_room1_mix0274,19,4,0,0,0,37.68
fold2_room1_mix0274,20,4,0,0,0,37.43
fold2_room1_mix0274,21,4,0,-2,0,36.99
fold2_room1_mix0274,22,4,0,-1,0,35.38
fold2_room1_mix0274,23,4,0,-1,0,34.46
fold2_room1_mix0274,24,4,0,-1,0,35.20
fold2_room1_mix0274,25,4,0,-3,-1,33.53
fold2_room1_mix0274,26,4,0,-3,-1,34.47
fold2_room1_mix0274,27,4,0,-2,-1,35.72
fold2_room1_mix0274,28,4,0,-3,-1,32.55
fold2_room1_mix0274,29,4,0,-3,-1,32.11
fold2_room1_mix0274,30,4,0,-3,-1,31.65
fold2_room1_mix0274,31,4,0,-5,-1,30.13
fold2_room1_mix0274,32,4,0,-5,-1,28.71
fold2_room1_mix0274,33,4,0,-5,-1,27.82
fold2_room1_mix0274,34,4,0,-6,-1,26.51
fold2_room1_mix0274,35,4,0,-5,-1,25.37
fold2_room1_mix0274,36,4,0,-6,-1,23.65
fold2_room1_mix0274,37,4,0,-6,-1,22.87
fold2_room1_mix0274,38,4,0,-6,-1,21.74
fold2_room1_mix0274,39,2,0,80,-3,7.17
fold2_room1_mix0274,39,4,0,-6,-1,20.92
fold2_room1_mix0274,40,2,0,93,-3,10.68
fold2_room1_mix0274,40,4,0,-6,-1,21.29
fold2_room1_mix0274,41,2,0,92,-4,9.75
fold2_room1_mix0274,41,4,0,-6,-1,19.50
fold2_room1_mix0274,42,2,0,92,-4,10.08
fold2_room1_mix0274,42,4,0,-7,-1,18.48
fold2_room1_mix0274,43,2,0,88,-4,10.59
fold2_room1_mix0274,43,4,0,-8,-1,17.01
fold2_room1_mix0274,44,2,0,82,-4,10.70
fold2_room1_mix0274,44,4,0,-9,-1,15.79
fold2_room1_mix0274,45,4,0,-12,-2,15.11
fold2_room1_mix0274,46,4,0,-14,-2,13.19
fold2_room1_mix0274,47,4,0,-15,-2,11.73
fold2_room1_mix0274,48,4,0,-14,-2,11.87
fold2_room1_mix0274,49,2,0,78,-3,10.28
fold2_room1_mix0274,49,4,0,-15,-2,10.40
fold2_room1_mix0274,50,2,0,85,-3,13.44
fold2_room1_mix0274,50,4,0,-17,-2,10.17
fold2_room1_mix0274,51,2,0,81,-3,12.65
fold2_room1_mix0274,51,4,0,-18,-3,7.84
fold2_room1_mix0274,52,2,0,81,-4,13.01
fold2_room1_mix0274,52,4,0,-24,-4,6.49
fold2_room1_mix0274,53,2,0,76,-4,12.04
fold2_room1_mix0274,53,4,0,-28,-5,5.75
fold2_room1_mix0274,54,2,0,74,-4,11.58
fold2_room1_mix0274,54,4,0,-34,-6,4.75
fold2_room1_mix0274,55,4,0,-41,-8,4.03
fold2_room1_mix0274,56,4,0,-49,-9,3.76
fold2_room1_mix0274,57,4,0,-64,-11,3.50
fold2_room1_mix0274,58,2,0,78,-4,7.50
fold2_room1_mix0274,58,4,0,-90,-11,2.85
fold2_room1_mix0274,58,4,0,-62,-8,5.24
fold2_room1_mix0274,59,2,0,76,-3,5.85
fold2_room1_mix0274,59,4,0,-131,-7,3.00
fold2_room1_mix0274,59,4,0,-85,-9,3.29
fold2_room1_mix0274,59,4,0,-59,-6,4.63
fold2_room1_mix0274,60,2,0,80,-3,8.01
fold2_room1_mix0274,60,4,0,-142,-5,4.26
fold2_room1_mix0274,60,4,0,-65,-7,4.47
fold2_room1_mix0274,61,2,0,74,-3,9.65
fold2_room1_mix0274,61,4,0,-148,-5,4.36
fold2_room1_mix0274,61,4,0,-87,-9,4.57
fold2_room1_mix0274,61,4,0,-67,-9,3.46
fold2_room1_mix0274,62,2,0,79,-3,7.15
fold2_room1_mix0274,62,4,0,-150,-6,4.38
fold2_room1_mix0274,62,4,0,-67,-6,5.13
fold2_room1_mix0274,63,2,0,71,-4,4.02
fold2_room1_mix0274,63,4,0,-157,-4,6.42
fold2_room1_mix0274,63,4,0,-141,-6,4.60
fold2_room1_mix0274,63,4,0,-82,-9,4.09
fold2_room1_mix0274,64,4,0,-157,-4,6.61
fold2_room1_mix0274,64,4,0,-81,-9,4.51
fold2_room1_mix0274,65,4,0,-159,-3,7.45
fold2_room1_mix0274,65,4,0,-89,-7,5.08
fold2_room1_mix0274,66,4,0,-161,-3,8.09
fold2_room1_mix0274,66,4,0,-95,-7,5.76
fold2_room1_mix0274,67,4,0,-163,-3,9.05
fold2_room1_mix0274,67,4,0,-110,-7,6.11
fold2_room1_mix0274,68,4,0,-167,-2,9.82
fold2_room1_mix0274,68,4,0,-123,-6,6.47
fold2_room1_mix0274,69,4,0,-169,-2,11.04
fold2_room1_mix0274,69,4,0,-137,-5,6.79
fold2_room1_mix0274,70,4,0,-170,-2,11.30
fold2_room1_mix0274,70,4,0,-143,-4,7.63
fold2_room1_mix0274,71,4,0,-171,-1,11.57
fold2_room1_mix0274,71,4,0,-141,-3,8.40
fold2_room1_mix0274,72,4,0,-170,-1,13.47
fold2_room1_mix0274,72,4,0,-148,-2,9.83
fold2_room1_mix0274,73,4,0,-170,-1,13.51
fold2_room1_mix0274,73,4,0,-146,-2,10.79
fold2_room1_mix0274,74,4,0,-171,-2,13.83
fold2_room1_mix0274,74,4,0,-148,-3,11.19
fold2_room1_mix0274,75,4,0,-170,-1,15.22
fold2_room1_mix0274,75,4,0,-152,-2,12.23
fold2_room1_mix0274,76,4,0,-171,-1,16.30
fold2_room1_mix0274,76,4,0,-155,-2,11.97
fold2_room1_mix0274,77,4,0,-167,-1,15.36
fold2_room1_mix0274,78,4,0,-167,-1,17.00
fold2_room1_mix0274,79,4,0,-168,-1,18.16
fold2_room1_mix0274,80,4,0,-170,-1,18.85
fold2_room1_mix0274,81,4,0,-169,-1,20.29
fold2_room1_mix0274,82,4,0,-170,-1,22.23
fold2_room1_mix0274,83,4,0,-171,-1,23.49
fold2_room1_mix0274,84,4,0,-171,-1,24.12
fold2_room1_mix0274,85,4,0,-172,0,26.07
fold2_room1_mix0274,86,4,0,-172,0,25.75
fold2_room1_mix0274,87,4,0,-173,0,26.08
fold2_room1_mix0274,88,4,0,-174,0,28.10
fold2_room1_mix0274,89,4,0,-173,0,28.20
fold2_room1_mix0274,90,4,0,-173,0,29.14
fold2_room1_mix0274,91,4,0,-174,0,30.62
fold2_room1_mix0274,92,4,0,-174,0,31.49
fold2_room1_mix0274,93,4,0,-174,0,31.91
fold2_room1_mix0274,94,4,0,-175,0,35.11
fold2_room1_mix0274,95,4,0,-174,0,36.97
fold2_room1_mix0274,96,4,0,-175,0,37.06
fold2_room1_mix0274,97,4,0,-175,0,38.68
fold2_room1_mix0274,98,4,0,-175,0,39.36
fold2_room1_mix0274,99,4,0,-175,0,39.55
fold2_room1_mix0274,3,4,0,-4,0,3.46
fold2_room1_mix0275,17,0,0,-19,-2,4.28
fold2_room1_mix0275,18,0,0,-21,-2,4.97
fold2_room1_mix0275,19,0,0,-23,-2,12.89
fold2_room1_mix0275,20,0,0,-23,-2,13.58
fold2_room1_mix0275,21,0,0,-21,-2,16.72
fold2_room1_mix0275,22,0,0,-21,-2,20.72
fold2_room1_mix0275,23,0,0,-22,-2,24.41
fold2_room1_mix0275,24,0,0,-22,-2,21.03
fold2_room1_mix0275,25,0,0,-22,-2,21.15
fold2_room1_mix0275,25,4,0,0,-3,9.57
fold2_room1_mix0275,26,0,0,-22,-2,20.45
fold2_room1_mix0275,27,0,0,-23,-2,18.22
fold2_room1_mix0275,27,4,0,-1,-3,8.44
fold2_room1_mix0275,28,0,0,-24,-2,15.40
fold2_room1_mix0275,28,4,0,-1,-2,17.46
fold2_room1_mix0275,29,0,0,-26,-3,13.47
fold2_room1_mix0275,29,4,0,0,-3,14.80
fold2_room1_mix0275,30,0,0,-26,-3,14.70
fold2_room1_mix0275,30,4,0,1,-3,18.36
fold2_room1_mix0275,31,0,0,-24,-2,15.86
fold2_room1_mix0275,31,4,0,0,-2,25.91
fold2_room1_mix0275,32,0,0,-28,-3,13.67
fold2_room1_mix0275,32,4,0,-1,-2,26.82
fold2_room1_mix0275,33,0,0,-26,-3,14.60
fold2_room1_mix0275,33,4,0,6,-3,27.13
fold2_room1_mix0275,34,0,0,-26,-3,12.92
fold2_room1_mix0275,34,4,0,5,-2,27.41
fold2_room1_mix0275,35,0,0,-30,-3,13.38
fold2_room1_mix0275,35,4,0,5,-2,24.70
fold2_room1_mix0275,36,0,0,-32,-3,13.48
fold2_room1_mix0275,36,4,0,4,-3,25.34
fold2_room1_mix0275,37,0,0,-34,-3,13.26
fold2_room1_mix0275,37,4,0,6,-2,25.10
fold2_room1_mix0275,38,0,0,-37,-3,12.79
fold2_room1_mix0275,38,4,0,8,-2,25.51
fold2_room1_mix0275,39,0,0,-39,-3,12.17
fold2_room1_mix0275,39,4,0,8,-2,23.13
fold2_room1_mix0275,40,0,0,-40,-3,12.24
fold2_room1_mix0275,40,4,0,9,-2,22.94
fold2_room1_mix0275,41,0,0,-45,-4,12.10
fold2_room1_mix0275,41,4,0,4,-3,22.32
fold2_room1_mix0275,42,0,0,-53,-4,10.59
fold2_room1_mix0275,42,4,0,8,-3,22.81
fold2_room1_mix0275,43,0,0,-67,-5,10.25
fold2_room1_mix0275,43,4,0,2,-4,21.77
fold2_room1_mix0275,44,0,0,-82,-6,9.34
fold2_room1_mix0275,44,4,0,7,-2,22.86
fold2_room1_mix0275,45,0,0,-93,-6,7.92
fold2_room1_mix0275,45,4,0,10,-2,22.01
fold2_room1_mix0275,46,0,0,-107,-6,8.74
fold2_room1_mix0275,46,4,0,8,-3,21.04
fold2_room1_mix0275,47,0,0,-117,-6,8.87
fold2_room1_mix0275,47,4,0,12,-3,19.39
fold2_room1_mix0275,48,0,0,-126,-5,9.48
fold2_room1_mix0275,48,4,0,6,-4,17.33
fold2_room1_mix0275,49,0,0,-134,-4,10.80
fold2_room1_mix0275,49,4,0,6,-4,17.20
fold2_room1_mix0275,50,0,0,-138,-4,11.30
fold2_room1_mix0275,50,4,0,11,-4,16.39
fold2_room1_mix0275,51,0,0,-142,-3,13.11
fold2_room1_mix0275,51,4,0,12,-4,15.03
fold2_room1_mix0275,52,0,0,-146,-3,13.08
fold2_room1_mix0275,52,4,0,15,-3,15.56
fold2_room1_mix0275,53,0,0,-147,-3,13.31
fold2_room1_mix0275,53,4,0,13,-3,14.21
fold2_room1_mix0275,54,0,0,-151,-3,14.89
fold2_room1_mix0275,54,4,0,16,-3,14.03
fold2_room1_mix0275,55,0,0,-155,-2,15.33
fold2_room1_mix0275,55,4,0,15,-3,13.60
fold2_room1_mix0275,56,0,0,-155,-2,14.57
fold2_room1_mix0275,56,4,0,21,-3,13.21
fold2_room1_mix0275,57,0,0,-157,-2,15.85
fold2_room1_mix0275,57,4,0,22,-3,12.53
fold2_room1_mix0275,58,0,0,-158,-2,15.91
fold2_room1_mix0275,58,4,0,23,-4,11.85
fold2_room1_mix0275,59,0,0,-158,-2,17.67
fold2_room1_mix0275,59,4,0,26,-4,9.83
fold2_room1_mix0275,60,0,0,-160,-2,18.61
fold2_room1_mix0275,60,4,0,28,-4,10.68
fold2_room1_mix0275,61,0,0,-162,-2,19.25
fold2_room1_mix0275,61,4,0,30,-4,9.66
fold2_room1_mix0275,62,0,0,-162,-2,19.23
fold2_room1_mix0275,62,4,0,33,-4,9.52
fold2_room1_mix0275,63,0,0,-163,-2,19.54
fold2_room1_mix0275,63,4,0,32,-4,8.67
fold2_room1_mix0275,64,0,0,-164,-1,19.40
fold2_room1_mix0275,64,4,0,40,-4,8.24
fold2_room1_mix0275,65,0,0,-164,-2,19.35
fold2_room1_mix0275,65,4,0,41,-5,8.21
fold2_room1_mix0275,66,0,0,-165,-1,20.76
fold2_room1_mix0275,66,4,0,49,-5,7.31
fold2_room1_mix0275,67,0,0,-166,-1,20.78
fold2_room1_mix0275,67,4,0,52,-5,6.13
fold2_room1_mix0275,68,0,0,-167,-1,19.37
fold2_room1_mix0275,68,4,0,59,-5,6.06
fold2_room1_mix0275,69,0,0,-171,-1,18.72
fold2_room1_mix0275,69,4,0,69,-7,5.33
fold2_room1_mix0275,70,0,0,-169,-1,20.67
fold2_room1_mix0275,70,4,0,76,-6,5.87
fold2_room1_mix0275,71,0,0,-167,-1,19.32
fold2_room1_mix0275,71,4,0,80,-7,5.74
fold2_room1_mix0275,72,0,0,-171,-1,15.31
fold2_room1_mix0275,72,4,0,91,-7,6.11
fold2_room1_mix0275,73,0,0,-168,-1,10.37
fold2_room1_mix0275,73,4,0,103,-7,5.83
fold2_room1_mix0275,74,0,0,-170,-1,12.21
fold2_room1_mix0275,74,4,0,111,-6,6.26
fold2_room1_mix0275,75,0,0,-171,-1,8.33
fold2_room1_mix0275,75,4,0,117,-5,6.56
fold2_room1_mix0275,76,0,0,-171,-1,5.19
fold2_room1_mix0275,76,4,0,123,-4,7.23
fold2_room1_mix0275,77,0,0,-171,-1,4.84
fold2_room1_mix0275,77,4,0,128,-4,7.04
fold2_room1_mix0275,78,0,0,-170,-1,3.95
fold2_room1_mix0275,78,4,0,132,-3,8.10
fold2_room1_mix0275,79,4,0,134,-3,8.53
fold2_room1_mix0275,80,4,0,139,-3,8.59
fold2_room1_mix0275,81,4,0,142,-3,9.24
fold2_room1_mix0275,82,4,0,144,-3,9.63
fold2_room1_mix0275,83,4,0,145,-3,9.88
fold2_room1_mix0275,84,4,0,150,-3,10.91
fold2_room1_mix0275,85,4,0,151,-3,11.34
fold2_room1_mix0275,86,4,0,153,-2,12.40
fold2_room1_mix0275,87,4,0,155,-2,12.73
fold2_room1_mix0275,88,4,0,157,-2,13.48
fold2_room1_mix0275,89,4,0,158,-2,13.72
fold2_room1_mix0275,90,4,0,158,-2,14.53
fold2_room1_mix0275,91,4,0,159,-1,15.77
fold2_room1_mix0275,92,4,0,160,-1,17.02
fold2_room1_mix0275,93,4,0,160,-1,16.64
fold2_room1_mix0275,94,4,0,162,-1,18.53
fold2_room1_mix0275,95,4,0,163,-1,18.32
fold2_room1_mix0275,96,4,0,163,-1,18.38
fold2_room1_mix0275,97,4,0,164,-1,19.40
fold2_room1_mix0275,98,4,0,164,-1,20.16
fold2_room1_mix0275,99,4,0,165,-1,19.93
fold2_room1_mix0276,2,4,0,-175,1,1.66
fold2_room1_mix0276,3,4,0,-162,0,9.62
fold2_room1_mix0276,4,4,0,-164,0,12.28
fold2_room1_mix0276,5,4,0,-162,0,14.89
fold2_room1_mix0276,6,4,0,-161,0,16.29
fold2_room1_mix0276,7,4,0,-162,-1,20.82
fold2_room1_mix0276,8,4,0,-160,-1,21.57
fold2_room1_mix0276,9,4,0,-160,-1,19.89
fold2_room1_mix0276,10,4,0,-158,-1,18.65
fold2_room1_mix0276,11,4,0,-158,-1,18.32
fold2_room1_mix0276,12,4,0,-159,-1,17.82
fold2_room1_mix0276,13,4,0,-161,-1,17.75
fold2_room1_mix0276,14,4,0,-159,0,17.65
fold2_room1_mix0276,15,4,0,-159,0,18.22
fold2_room1_mix0276,16,0,0,163,-1,8.85
fold2_room1_mix0276,16,4,0,-155,0,19.68
fold2_room1_mix0276,17,0,0,159,-1,10.18
fold2_room1_mix0276,17,4,0,-155,0,19.08
fold2_room1_mix0276,18,0,0,154,-1,12.62
fold2_room1_mix0276,18,4,0,-156,0,18.80
fold2_room1_mix0276,19,0,0,152,-1,24.69
fold2_room1_mix0276,19,4,0,-165,-1,19.91
fold2_room1_mix0276,19,4,0,-145,0,17.60
fold2_room1_mix0276,20,0,0,153,-1,26.00
fold2_room1_mix0276,20,4,0,-165,0,21.71
fold2_room1_mix0276,20,4,0,-145,-1,17.66
fold2_room1_mix0276,21,0,0,148,-1,17.56
fold2_room1_mix0276,21,4,0,-169,-1,22.84
fold2_room1_mix0276,21,4,0,-145,0,19.90
fold2_room1_mix0276,22,0,0,156,-1,25.39
fold2_room1_mix0276,22,4,0,-165,-1,19.63
fold2_room1_mix0276,22,4,0,-140,0,20.14
fold2_room1_mix0276,23,0,0,158,-1,30.66
fold2_room1_mix0276,23,4,0,-153,-1,18.55
fold2_room1_mix0276,24,0,0,148,-1,20.33
fold2_room1_mix0276,24,4,0,-168,-1,20.59
fold2_room1_mix0276,24,4,0,-147,0,18.29
fold2_room1_mix0276,25,0,0,155,-1,24.15
fold2_room1_mix0276,25,4,0,-166,-1,20.69
fold2_room1_mix0276,25,4,0,-145,0,18.95
fold2_room1_mix0276,26,0,0,149,-1,19.81
fold2_room1_mix0276,26,4,0,-165,-1,19.54
fold2_room1_mix0276,26,4,0,-141,0,18.25
fold2_room1_mix0276,27,0,0,147,-2,16.82
fold2_room1_mix0276,27,4,0,-168,-1,19.27
fold2_room1_mix0276,27,4,0,-142,0,18.12
fold2_room1_mix0276,28,0,0,149,-1,17.67
fold2_room1_mix0276,28,4,0,-167,-1,18.27
fold2_room1_mix0276,28,4,0,-141,-1,16.55
fold2_room1_mix0276,29,0,0,149,-1,18.10
fold2_room1_mix0276,29,4,0,-166,-2,17.94
fold2_room1_mix0276,29,4,0,-136,-1,16.10
fold2_room1_mix0276,30,0,0,147,-2,16.90
fold2_room1_mix0276,30,4,0,-163,-1,18.73
fold2_room1_mix0276,30,4,0,-131,-1,14.75
fold2_room1_mix0276,31,0,0,145,-2,16.05
fold2_room1_mix0276,31,4,0,-165,-2,17.59
fold2_room1_mix0276,31,4,0,-143,-2,14.39
fold2_room1_mix0276,31,4,0,-124,-2,15.23
fold2_room1_mix0276,32,0,0,143,-2,14.48
fold2_room1_mix0276,32,4,0,-165,-2,18.57
fold2_room1_mix0276,32,4,0,-134,-2,14.72
fold2_room1_mix0276,33,0,0,140,-2,15.45
fold2_room1_mix0276,33,4,0,-161,-2,16.78
fold2_room1_mix0276,33,4,0,-137,-2,15.26
fold2_room1_mix0276,34,0,0,146,-2,17.03
fold2_room1_mix0276,34,4,0,-160,-2,16.87
fold2_room1_mix0276,34,4,0,-135,-2,14.56
fold2_room1_mix0276,35,0,0,136,-2,13.43
fold2_room1_mix0276,35,4,0,-160,-3,17.19
fold2_room1_mix0276,35,4,0,-136,-3,14.54
fold2_room1_mix0276,36,0,0,142,-1,16.91
fold2_room1_mix0276,36,4,0,-160,-2,17.57
fold2_room1_mix0276,36,4,0,-135,-2,14.55
fold2_room1_mix0276,37,0,0,131,-2,13.85
fold2_room1_mix0276,37,4,0,-159,-2,16.68
fold2_room1_mix0276,37,4,0,-133,-3,12.69
fold2_room1_mix0276,38,0,0,133,-2,13.97
fold2_room1_mix0276,38,4,0,-157,-3,14.86
fold2_room1_mix0276,38,4,0,-132,-3,12.59
fold2_room1_mix0276,39,0,0,135,-2,14.60
fold2_room1_mix0276,39,4,0,-158,-3,14.88
fold2_room1_mix0276,39,4,0,-133,-3,12.34
fold2_room1_mix0276,40,0,0,142,-2,14.85
fold2_room1_mix0276,40,4,0,-161,-3,16.13
fold2_room1_mix0276,40,4,0,-133,-3,12.55
fold2_room1_mix0276,41,0,0,145,-2,16.39
fold2_room1_mix0276,41,4,0,-157,-3,15.11
fold2_room1_mix0276,41,4,0,-130,-3,11.87
fold2_room1_mix0276,42,0,0,141,-2,14.63
fold2_room1_mix0276,42,4,0,-158,-4,13.58
fold2_room1_mix0276,42,4,0,-130,-3,11.79
fold2_room1_mix0276,43,0,0,140,-2,14.63
fold2_room1_mix0276,43,4,0,-157,-3,15.13
fold2_room1_mix0276,43,4,0,-129,-3,11.88
fold2_room1_mix0276,44,0,0,146,-1,16.23
fold2_room1_mix0276,44,4,0,-162,-3,17.80
fold2_room1_mix0276,44,4,0,-126,-4,11.41
fold2_room1_mix0276,45,0,0,145,-1,18.27
fold2_room1_mix0276,45,4,0,-158,-3,16.43
fold2_room1_mix0276,45,4,0,-125,-4,10.81
fold2_room1_mix0276,46,0,0,138,-1,17.44
fold2_room1_mix0276,46,4,0,-157,-4,14.08
fold2_room1_mix0276,46,4,0,-127,-4,10.23
fold2_room1_mix0276,47,0,0,120,-2,14.49
fold2_room1_mix0276,47,4,0,-159,-3,14.31
fold2_room1_mix0276,47,4,0,-125,-4,10.43
fold2_room1_mix0276,48,0,0,119,-2,13.62
fold2_room1_mix0276,48,4,0,-153,-4,12.72
fold2_room1_mix0276,48,4,0,-126,-4,10.59
fold2_room1_mix0276,49,0,0,122,-2,13.64
fold2_room1_mix0276,49,4,0,-151,-4,12.10
fold2_room1_mix0276,49,4,0,-127,-4,10.60
fold2_room1_mix0276,50,0,0,123,-2,13.91
fold2_room1_mix0276,50,4,0,-152,-4,13.23
fold2_room1_mix0276,50,4,0,-122,-5,10.12
fold2_room1_mix0276,51,0,0,121,-2,15.21
fold2_room1_mix0276,51,4,0,-149,-4,12.10
fold2_room1_mix0276,51,4,0,-119,-4,10.28
fold2_room1_mix0276,52,0,0,123,-2,15.62
fold2_room1_mix0276,52,4,0,-145,-3,11.51
fold2_room1_mix0276,52,4,0,-118,-4,9.81
fold2_room1_mix0276,53,0,0,122,-2,15.91
fold2_room1_mix0276,53,4,0,-142,-4,10.32
fold2_room1_mix0276,53,4,0,-117,-4,9.48
fold2_room1_mix0276,54,0,0,118,-2,14.12
fold2_room1_mix0276,54,4,0,-143,-5,10.24
fold2_room1_mix0276,54,4,0,-119,-4,9.76
fold2_room1_mix0276,55,0,0,127,-2,13.96
fold2_room1_mix0276,55,4,0,-134,-4,9.08
fold2_room1_mix0276,55,4,0,-117,-4,8.84
fold2_room1_mix0276,56,0,0,123,-2,12.77
fold2_room1_mix0276,56,4,0,-132,-5,8.32
fold2_room1_mix0276,56,4,0,-112,-5,8.29
fold2_room1_mix0276,57,0,0,116,-2,12.96
fold2_room1_mix0276,57,4,0,-117,-5,7.97
fold2_room1_mix0276,58,0,0,99,-3,11.82
fold2_room1_mix0276,58,4,0,-114,-5,7.93
fold2_room1_mix0276,59,0,0,100,-3,12.04
fold2_room1_mix0276,59,4,0,-113,-6,7.54
fold2_room1_mix0276,60,0,0,93,-3,11.17
fold2_room1_mix0276,60,4,0,-108,-5,7.71
fold2_room1_mix0276,61,0,0,98,-3,11.64
fold2_room1_mix0276,61,4,0,-101,-6,7.19
fold2_room1_mix0276,62,0,0,94,-3,11.94
fold2_room1_mix0276,62,4,0,-97,-7,7.35
fold2_room1_mix0276,63,0,0,92,-3,12.13
fold2_room1_mix0276,63,4,0,-92,-7,7.30
fold2_room1_mix0276,64,0,0,85,-3,14.27
fold2_room1_mix0276,64,4,0,-92,-6,7.55
fold2_room1_mix0276,65,0,0,85,-3,13.09
fold2_room1_mix0276,65,4,0,-88,-6,7.46
fold2_room1_mix0276,66,0,0,80,-3,12.67
fold2_room1_mix0276,66,4,0,-88,-6,6.68
fold2_room1_mix0276,66,4,0,-69,-4,10.26
fold2_room1_mix0276,67,0,0,78,-2,13.37
fold2_room1_mix0276,67,4,0,-87,-6,6.23
fold2_room1_mix0276,67,4,0,-64,-3,10.82
fold2_room1_mix0276,68,0,0,72,-2,13.72
fold2_room1_mix0276,68,4,0,-86,-6,6.44
fold2_room1_mix0276,68,4,0,-61,-3,11.48
fold2_room1_mix0276,69,0,0,71,-2,13.78
fold2_room1_mix0276,69,4,0,-83,-6,6.70
fold2_room1_mix0276,69,4,0,-58,-3,12.66
fold2_room1_mix0276,70,0,0,65,-2,14.61
fold2_room1_mix0276,70,4,0,-82,-6,6.36
fold2_room1_mix0276,70,4,0,-53,-1,14.52
fold2_room1_mix0276,71,0,0,68,-2,15.04
fold2_room1_mix0276,71,4,0,-80,-7,6.80
fold2_room1_mix0276,71,4,0,-59,-3,12.26
fold2_room1_mix0276,72,0,0,62,-2,16.13
fold2_room1_mix0276,72,4,0,-78,-7,7.23
fold2_room1_mix0276,72,4,0,-59,-3,12.33
fold2_room1_mix0276,73,0,0,81,-2,8.67
fold2_room1_mix0276,73,4,0,-71,-5,8.44
fold2_room1_mix0276,74,0,0,84,-2,9.51
fold2_room1_mix0276,74,4,0,-73,-4,8.09
fold2_room1_mix0276,75,0,0,112,-2,6.72
fold2_room1_mix0276,75,4,0,-70,-5,8.31
fold2_room1_mix0276,76,4,0,-70,-5,8.72
fold2_room1_mix0276,77,4,0,-68,-4,8.72
fold2_room1_mix0276,78,4,0,-66,-4,8.81
fold2_room1_mix0276,79,4,0,-65,-5,8.78
fold2_room1_mix0276,80,4,0,-63,-4,9.03
fold2_room1_mix0276,81,4,0,-61,-4,9.14
fold2_room1_mix0276,82,4,0,-60,-4,9.14
fold2_room1_mix0276,83,4,0,-58,-5,9.22
fold2_room1_mix0276,84,4,0,-56,-4,9.66
fold2_room1_mix0276,85,4,0,-53,-4,9.97
fold2_room1_mix0276,86,4,0,-53,-4,9.67
fold2_room1_mix0276,87,4,0,-51,-4,9.91
fold2_room1_mix0276,88,4,0,-50,-4,10.34
fold2_room1_mix0276,89,4,0,-48,-4,10.40
fold2_room1_mix0276,90,4,0,-47,-4,10.64
fold2_room1_mix0276,91,4,0,-45,-4,11.18
fold2_room1_mix0276,92,4,0,-44,-3,11.16
fold2_room1_mix0276,93,4,0,-44,-3,10.91
fold2_room1_mix0276,94,4,0,-43,-4,11.07
fold2_room1_mix0276,95,4,0,-41,-4,11.73
fold2_room1_mix0276,96,4,0,-41,-3,11.89
fold2_room1_mix0276,97,4,0,-41,-3,11.94
fold2_room1_mix0276,98,4,0,-39,-3,12.58
fold2_room1_mix0276,99,4,0,-37,-4,11.23
fold2_room1_mix0277,5,4,0,-1,0,7.41
fold2_room1_mix0277,6,4,0,0,0,11.88
fold2_room1_mix0277,7,4,0,1,0,19.52
fold2_room1_mix0277,8,4,0,1,0,20.26
fold2_room1_mix0277,9,4,0,0,-1,27.40
fold2_room1_mix0277,10,4,0,1,0,24.77
fold2_room1_mix0277,11,4,0,2,-1,33.36
fold2_room1_mix0277,12,4,0,0,0,31.41
fold2_room1_mix0277,13,4,0,0,0,32.59
fold2_room1_mix0277,14,4,0,1,0,28.90
fold2_room1_mix0277,15,4,0,1,0,35.86
fold2_room1_mix0277,16,4,0,1,0,32.42
fold2_room1_mix0277,17,4,0,0,0,34.27
fold2_room1_mix0277,18,4,0,1,0,36.24
fold2_room1_mix0277,19,4,0,0,0,37.99
fold2_room1_mix0277,20,4,0,1,0,37.39
fold2_room1_mix0277,21,4,0,1,0,37.38
fold2_room1_mix0277,22,4,0,0,0,38.29
fold2_room1_mix0277,23,4,0,0,0,37.28
fold2_room1_mix0277,24,4,0,0,0,38.22
fold2_room1_mix0277,25,4,0,0,0,38.38
fold2_room1_mix0277,26,1,0,0,-3,43.97
fold2_room1_mix0277,26,4,0,2,0,25.99
fold2_room1_mix0277,27,1,0,-1,-3,40.05
fold2_room1_mix0277,27,4,0,3,0,27.52
fold2_room1_mix0277,28,1,0,-7,-3,42.01
fold2_room1_mix0277,28,4,0,2,0,28.01
fold2_room1_mix0277,29,1,0,-6,-3,41.00
fold2_room1_mix0277,29,4,0,1,0,27.56
fold2_room1_mix0277,30,1,0,-15,-3,36.49
fold2_room1_mix0277,30,4,0,3,0,34.60
fold2_room1_mix0277,31,1,0,-12,-3,39.57
fold2_room1_mix0277,31,4,0,1,0,30.28
fold2_room1_mix0277,32,1,0,-8,-2,37.47
fold2_room1_mix0277,32,4,0,2,0,30.84
fold2_room1_mix0277,33,1,0,-9,-2,40.20
fold2_room1_mix0277,33,4,0,1,0,28.43
fold2_room1_mix0277,34,4,0,1,0,41.26
fold2_room1_mix0277,35,1,0,-9,-2,27.68
fold2_room1_mix0277,35,4,0,1,0,32.13
fold2_room1_mix0277,36,1,0,-8,-3,38.58
fold2_room1_mix0277,36,4,0,3,0,28.14
fold2_room1_mix0277,37,1,0,-8,-2,39.96
fold2_room1_mix0277,37,4,0,2,0,30.52
fold2_room1_mix0277,38,1,0,-5,-2,14.50
fold2_room1_mix0277,38,4,0,2,1,28.33
fold2_room1_mix0277,39,4,0,1,0,39.90
fold2_room1_mix0277,40,1,0,-8,-3,38.10
fold2_room1_mix0277,40,4,0,2,0,32.07
fold2_room1_mix0277,41,1,0,-9,-3,31.20
fold2_room1_mix0277,41,4,0,4,0,34.00
fold2_room1_mix0277,42,1,0,-8,-2,36.06
fold2_room1_mix0277,42,4,0,2,0,34.61
fold2_room1_mix0277,43,1,0,-6,-1,2.91
fold2_room1_mix0277,43,2,0,-76,-3,11.10
fold2_room1_mix0277,43,4,0,3,0,41.22
fold2_room1_mix0277,44,1,0,-8,-3,22.77
fold2_room1_mix0277,44,2,0,-70,-4,9.35
fold2_room1_mix0277,44,4,0,2,0,33.56
fold2_room1_mix0277,45,1,0,-8,-2,22.02
fold2_room1_mix0277,45,2,0,-72,-3,6.76
fold2_room1_mix0277,45,4,0,3,0,38.40
fold2_room1_mix0277,46,1,0,-6,-2,33.28
fold2_room1_mix0277,46,4,0,-1,0,29.17
fold2_room1_mix0277,47,1,0,-9,-3,32.13
fold2_room1_mix0277,47,4,0,1,0,31.72
fold2_room1_mix0277,48,4,0,2,0,39.48
fold2_room1_mix0277,49,1,0,-5,-2,23.82
fold2_room1_mix0277,49,4,0,0,0,27.02
fold2_room1_mix0277,50,1,0,-9,-3,30.51
fold2_room1_mix0277,50,2,0,-72,-3,8.59
fold2_room1_mix0277,50,4,0,3,0,30.39
fold2_room1_mix0277,51,1,0,-9,-2,31.09
fold2_room1_mix0277,51,2,0,-81,-2,13.21
fold2_room1_mix0277,51,4,0,3,0,31.42
fold2_room1_mix0277,52,2,0,-81,-2,14.59
fold2_room1_mix0277,52,4,0,1,0,16.70
fold2_room1_mix0277,53,2,0,-78,-2,12.80
fold2_room1_mix0277,53,4,0,0,0,34.20
fold2_room1_mix0277,54,1,0,-14,-2,15.74
fold2_room1_mix0277,54,2,0,-82,-2,11.75
fold2_room1_mix0277,54,4,0,1,0,32.57
fold2_room1_mix0277,55,1,0,-14,-3,25.36
fold2_room1_mix0277,55,2,0,-84,-2,11.70
fold2_room1_mix0277,55,4,0,3,0,26.80
fold2_room1_mix0277,56,1,0,-17,-2,22.79
fold2_room1_mix0277,56,4,0,-1,-1,26.35
fold2_room1_mix0277,57,4,0,-2,0,29.54
fold2_room1_mix0277,58,4,0,-2,-1,27.41
fold2_room1_mix0277,59,4,0,-1,0,27.03
fold2_room1_mix0277,60,2,0,-85,-1,13.69
fold2_room1_mix0277,60,4,0,-1,-1,25.79
fold2_room1_mix0277,61,2,0,-83,-2,11.77
fold2_room1_mix0277,61,4,0,-3,-1,26.20
fold2_room1_mix0277,62,4,0,-3,0,24.26
fold2_room1_mix0277,63,4,0,-6,-1,22.29
fold2_room1_mix0277,64,4,0,-7,-1,21.13
fold2_room1_mix0277,65,4,0,-6,-1,19.87
fold2_room1_mix0277,66,4,0,-8,-1,18.58
fold2_room1_mix0277,67,4,0,-9,-1,18.23
fold2_room1_mix0277,68,4,0,-8,-1,16.47
fold2_room1_mix0277,69,4,0,-9,-1,15.81
fold2_room1_mix0277,70,4,0,-10,-2,14.54
fold2_room1_mix0277,71,4,0,-10,-2,13.66
fold2_room1_mix0277,72,4,0,-12,-2,12.63
fold2_room1_mix0277,73,4,0,-12,-3,11.49
fold2_room1_mix0277,74,4,0,-12,-3,9.85
fold2_room1_mix0277,75,4,0,-16,-4,8.59
fold2_room1_mix0277,76,4,0,-20,-4,7.36
fold2_room1_mix0277,77,4,0,-20,-6,6.05
fold2_room1_mix0277,78,4,0,-27,-7,5.27
fold2_room1_mix0277,79,4,0,-32,-10,3.96
fold2_room1_mix0277,80,4,0,-42,-14,3.29
fold2_room1_mix0277,81,4,0,-59,-18,2.69
fold2_room1_mix0277,82,4,0,-88,-22,2.58
fold2_room1_mix0277,83,4,0,-117,-18,2.74
fold2_room1_mix0277,84,4,0,-135,-12,3.00
fold2_room1_mix0277,85,4,0,-146,-10,3.68
fold2_room1_mix0277,86,4,0,-151,-10,4.48
fold2_room1_mix0277,87,4,0,-155,-7,5.44
fold2_room1_mix0277,88,4,0,-157,-6,6.42
fold2_room1_mix0277,89,4,0,-160,-6,7.02
fold2_room1_mix0277,90,4,0,-164,-4,8.55
fold2_room1_mix0277,91,4,0,-164,-4,9.88
fold2_room1_mix0277,92,4,0,-164,-4,10.31
fold2_room1_mix0277,93,4,0,-166,-3,11.35
fold2_room1_mix0277,94,4,0,-166,-3,12.28
fold2_room1_mix0277,95,4,0,-167,-2,14.02
fold2_room1_mix0277,96,4,0,-168,-2,14.87
fold2_room1_mix0277,97,4,0,-170,-1,16.65
fold2_room1_mix0277,98,4,0,-170,-1,17.70
fold2_room1_mix0277,99,4,0,-171,-1,18.42
fold2_room1_mix0278,0,5,0,-147,2,5.32
fold2_room1_mix0278,1,5,0,-146,3,9.29
fold2_room1_mix0278,2,5,0,-135,3,13.40
fold2_room1_mix0278,3,5,0,-134,3,12.77
fold2_room1_mix0278,4,5,0,-150,3,5.67
fold2_room1_mix0278,5,5,0,-141,3,13.04
fold2_room1_mix0278,6,5,0,-136,2,18.31
fold2_room1_mix0278,7,5,0,-132,3,14.82
fold2_room1_mix0278,8,5,0,-135,3,12.52
fold2_room1_mix0278,9,5,0,-142,2,16.65
fold2_room1_mix0278,10,5,0,-137,3,13.68
fold2_room1_mix0278,11,5,0,-137,3,13.18
fold2_room1_mix0278,12,1,0,-162,-2,15.65
fold2_room1_mix0278,12,5,0,-137,2,16.36
fold2_room1_mix0278,13,1,0,-166,-3,26.80
fold2_room1_mix0278,13,5,0,-137,2,15.31
fold2_room1_mix0278,14,1,0,-173,-1,3.91
fold2_room1_mix0278,14,5,0,-136,3,13.84
fold2_room1_mix0278,15,1,0,-161,-2,30.90
fold2_room1_mix0278,15,5,0,-139,3,16.06
fold2_room1_mix0278,16,1,0,-160,-2,25.65
fold2_room1_mix0278,16,5,0,-137,3,13.66
fold2_room1_mix0278,17,1,0,-155,-2,31.11
fold2_room1_mix0278,17,5,0,-139,3,14.38
fold2_room1_mix0278,18,1,0,-150,-2,24.11
fold2_room1_mix0278,18,5,0,-137,3,15.84
fold2_room1_mix0278,19,1,0,-157,-2,22.64
fold2_room1_mix0278,19,5,0,-137,3,15.56
fold2_room1_mix0278,20,1,0,-149,-2,29.05
fold2_room1_mix0278,20,4,0,-2,0,8.54
fold2_room1_mix0278,20,5,0,-140,3,15.32
fold2_room1_mix0278,21,1,0,-146,-2,20.45
fold2_room1_mix0278,21,5,0,-138,3,13.87
fold2_room1_mix0278,22,1,0,-145,-2,27.06
fold2_room1_mix0278,22,5,0,-140,3,15.97
fold2_room1_mix0278,23,1,0,-148,-1,4.64
fold2_room1_mix0278,23,4,0,2,-1,11.51
fold2_room1_mix0278,23,5,0,-144,3,17.72
fold2_room1_mix0278,24,1,0,-139,-3,18.23
fold2_room1_mix0278,24,4,0,10,-1,5.52
fold2_room1_mix0278,24,5,0,-143,3,15.06
fold2_room1_mix0278,25,1,0,-134,-3,17.43
fold2_room1_mix0278,25,4,0,0,-1,8.02
fold2_room1_mix0278,25,5,0,-141,3,16.23
fold2_room1_mix0278,26,1,0,-134,-3,16.28
fold2_room1_mix0278,26,4,0,-6,-3,20.63
fold2_room1_mix0278,26,5,0,-147,3,18.61
fold2_room1_mix0278,27,1,0,-129,-3,15.95
fold2_room1_mix0278,27,4,0,5,0,5.42
fold2_room1_mix0278,27,5,0,-148,3,14.37
fold2_room1_mix0278,28,4,0,1,-2,11.92
fold2_room1_mix0278,28,5,0,-138,3,16.35
fold2_room1_mix0278,29,1,0,-101,-4,8.69
fold2_room1_mix0278,29,4,0,4,-2,15.73
fold2_room1_mix0278,29,5,0,-146,3,15.94
fold2_room1_mix0278,30,1,0,-97,-5,10.12
fold2_room1_mix0278,30,4,0,9,-4,7.03
fold2_room1_mix0278,30,5,0,-140,3,15.01
fold2_room1_mix0278,31,1,0,-89,-4,11.39
fold2_room1_mix0278,31,4,0,9,-3,15.08
fold2_room1_mix0278,31,5,0,-144,3,17.37
fold2_room1_mix0278,32,1,0,-98,-4,9.70
fold2_room1_mix0278,32,4,0,9,-1,8.57
fold2_room1_mix0278,32,5,0,-144,3,16.08
fold2_room1_mix0278,33,1,0,-88,-3,3.15
fold2_room1_mix0278,33,4,0,-1,-2,15.72
fold2_room1_mix0278,33,5,0,-145,3,15.07
fold2_room1_mix0278,34,1,0,-59,-4,13.38
fold2_room1_mix0278,34,4,0,1,-2,12.92
fold2_room1_mix0278,34,5,0,-146,3,17.91
fold2_room1_mix0278,35,1,0,-48,-4,13.77
fold2_room1_mix0278,35,4,0,8,-3,6.55
fold2_room1_mix0278,35,5,0,-144,3,16.35
fold2_room1_mix0278,36,1,0,-50,-4,14.48
fold2_room1_mix0278,36,4,0,0,-2,11.15
fold2_room1_mix0278,36,5,0,-145,3,16.64
fold2_room1_mix0278,37,1,0,-44,-3,9.55
fold2_room1_mix0278,37,4,0,0,0,12.11
fold2_room1_mix0278,37,5,0,-150,3,16.72
fold2_room1_mix0278,38,1,0,-56,-4,9.47
fold2_room1_mix0278,38,4,0,-6,-3,9.32
fold2_room1_mix0278,38,5,0,-143,3,16.76
fold2_room1_mix0278,39,1,0,-41,-3,17.48
fold2_room1_mix0278,39,4,0,5,-1,14.09
fold2_room1_mix0278,39,5,0,-144,3,16.41
fold2_room1_mix0278,40,1,0,-33,-3,18.72
fold2_room1_mix0278,40,4,0,3,-2,11.82
fold2_room1_mix0278,40,5,0,-146,3,16.20
fold2_room1_mix0278,41,1,0,-34,-3,20.31
fold2_room1_mix0278,41,4,0,-5,-2,6.95
fold2_room1_mix0278,41,5,0,-143,3,17.20
fold2_room1_mix0278,42,4,0,0,0,11.12
fold2_room1_mix0278,42,5,0,-144,3,16.04
fold2_room1_mix0278,43,4,0,-3,-2,13.97
fold2_room1_mix0278,43,5,0,-149,3,14.67
fold2_room1_mix0278,44,1,0,-32,-2,20.38
fold2_room1_mix0278,44,4,0,-1,0,13.55
fold2_room1_mix0278,44,5,0,-139,3,16.50
fold2_room1_mix0278,45,1,0,-26,-3,20.49
fold2_room1_mix0278,45,4,0,-1,-2,10.69
fold2_room1_mix0278,45,5,0,-144,3,17.36
fold2_room1_mix0278,46,1,0,-29,-2,21.11
fold2_room1_mix0278,46,4,0,-4,-2,11.87
fold2_room1_mix0278,46,5,0,-145,3,16.40
fold2_room1_mix0278,47,1,0,-35,-2,6.61
fold2_room1_mix0278,47,4,0,0,-1,15.62
fold2_room1_mix0278,47,5,0,-146,3,16.23
fold2_room1_mix0278,48,4,0,-6,-3,11.27
fold2_room1_mix0278,48,5,0,-147,2,16.93
fold2_room1_mix0278,49,1,0,-25,-2,22.29
fold2_room1_mix0278,49,4,0,-6,-3,11.77
fold2_room1_mix0278,49,5,0,-147,3,16.63
fold2_room1_mix0278,50,1,0,-24,-3,19.18
fold2_room1_mix0278,50,4,0,0,-2,10.76
fold2_room1_mix0278,50,5,0,-149,2,18.65
fold2_room1_mix0278,51,1,0,-21,-2,17.43
fold2_room1_mix0278,51,4,0,-3,-1,9.96
fold2_room1_mix0278,51,5,0,-148,3,16.84
fold2_room1_mix0278,52,4,0,-7,-2,9.88
fold2_room1_mix0278,52,5,0,-147,2,18.89
fold2_room1_mix0278,53,4,0,-4,-3,11.76
fold2_room1_mix0278,53,5,0,-149,3,17.07
fold2_room1_mix0278,54,4,0,-5,-2,10.55
fold2_room1_mix0278,54,5,0,-149,2,19.48
fold2_room1_mix0278,55,4,0,-7,-3,9.52
fold2_room1_mix0278,55,5,0,-150,2,17.42
fold2_room1_mix0278,56,4,0,-4,-3,10.03
fold2_room1_mix0278,56,5,0,-147,2,16.51
fold2_room1_mix0278,57,4,0,-5,-3,9.07
fold2_room1_mix0278,57,5,0,-147,2,17.13
fold2_room1_mix0278,58,4,0,-7,-4,7.82
fold2_room1_mix0278,58,5,0,-149,2,17.30
fold2_room1_mix0278,59,4,0,-5,-4,7.59
fold2_room1_mix0278,59,5,0,-149,3,14.64
fold2_room1_mix0278,60,4,0,-7,-4,6.28
fold2_room1_mix0278,60,5,0,-145,3,16.67
fold2_room1_mix0278,61,4,0,-8,-4,6.78
fold2_room1_mix0278,61,5,0,-147,2,15.91
fold2_room1_mix0278,62,4,0,-7,-5,6.21
fold2_room1_mix0278,62,5,0,-143,2,15.25
fold2_room1_mix0278,63,4,0,-10,-5,5.49
fold2_room1_mix0278,63,5,0,-144,3,15.32
fold2_room1_mix0278,64,4,0,-10,-5,5.15
fold2_room1_mix0278,64,5,0,-145,2,16.45
fold2_room1_mix0278,65,4,0,-12,-5,4.59
fold2_room1_mix0278,65,5,0,-145,3,14.37
fold2_room1_mix0278,66,4,0,-11,-5,4.69
fold2_room1_mix0278,66,5,0,-147,3,16.10
fold2_room1_mix0278,67,4,0,-14,-6,3.73
fold2_room1_mix0278,67,5,0,-143,2,16.58
fold2_room1_mix0278,68,4,0,-15,-6,3.49
fold2_room1_mix0278,68,5,0,-144,3,15.28
fold2_room1_mix0278,69,4,0,-17,-6,3.50
fold2_room1_mix0278,69,5,0,-147,2,16.15
fold2_room1_mix0278,70,4,0,-21,-8,2.97
fold2_room1_mix0278,70,5,0,-139,3,17.16
fold2_room1_mix0278,71,4,0,-24,-9,2.26
fold2_room1_mix0278,71,5,0,-143,3,14.86
fold2_room1_mix0278,72,4,0,-29,-8,1.82
fold2_room1_mix0278,72,5,0,-141,3,16.13
fold2_room1_mix0278,73,4,0,-33,-11,1.68
fold2_room1_mix0278,73,5,0,-142,3,16.80
fold2_room1_mix0278,74,4,0,-44,-13,1.13
fold2_room1_mix0278,74,5,0,-143,3,15.31
fold2_room1_mix0278,75,4,0,-53,-13,0.85
fold2_room1_mix0278,75,5,0,-140,3,14.29
fold2_room1_mix0278,76,4,0,-77,-15,0.71
fold2_room1_mix0278,76,5,0,-140,3,15.13
fold2_room1_mix0278,77,4,0,-99,-13,0.84
fold2_room1_mix0278,77,5,0,-144,4,15.42
fold2_room1_mix0278,78,4,0,-124,-10,0.95
fold2_room1_mix0278,78,5,0,-140,4,14.05
fold2_room1_mix0278,79,4,0,-135,-9,1.22
fold2_room1_mix0278,79,5,0,-140,4,14.24
fold2_room1_mix0278,80,4,0,-144,-7,1.46
fold2_room1_mix0278,80,5,0,-145,4,15.11
fold2_room1_mix0278,81,4,0,-148,-6,1.67
fold2_room1_mix0278,81,5,0,-146,4,14.17
fold2_room1_mix0278,82,4,0,-151,-5,1.87
fold2_room1_mix0278,82,5,0,-145,4,15.51
fold2_room1_mix0278,83,4,0,-154,-6,2.14
fold2_room1_mix0278,83,5,0,-139,4,14.15
fold2_room1_mix0278,84,4,0,-156,-5,2.43
fold2_room1_mix0278,84,5,0,-146,4,14.64
fold2_room1_mix0278,85,4,0,-160,-4,2.98
fold2_room1_mix0278,85,5,0,-144,4,13.63
fold2_room1_mix0278,86,4,0,-160,-4,3.15
fold2_room1_mix0278,86,5,0,-140,4,14.22
fold2_room1_mix0278,87,4,0,-163,-4,3.66
fold2_room1_mix0278,87,5,0,-144,4,14.11
fold2_room1_mix0278,88,4,0,-166,-3,4.18
fold2_room1_mix0278,88,5,0,-137,4,12.75
fold2_room1_mix0278,89,4,0,-166,-3,4.41
fold2_room1_mix0278,89,5,0,-137,4,14.56
fold2_room1_mix0278,90,4,0,-167,-2,4.82
fold2_room1_mix0278,90,5,0,-137,4,13.86
fold2_room1_mix0278,91,4,0,-169,-2,5.61
fold2_room1_mix0278,91,5,0,-136,4,12.46
fold2_room1_mix0278,92,4,0,-169,-2,5.48
fold2_room1_mix0278,92,5,0,-138,4,14.47
fold2_room1_mix0278,93,4,0,-169,-2,6.69
fold2_room1_mix0278,93,5,0,-135,4,12.74
fold2_room1_mix0278,94,4,0,-170,-1,7.08
fold2_room1_mix0278,94,5,0,-135,4,13.04
fold2_room1_mix0278,95,4,0,-170,-1,7.13
fold2_room1_mix0278,95,5,0,-136,4,13.13
fold2_room1_mix0278,96,4,0,-172,-1,8.00
fold2_room1_mix0278,96,5,0,-135,4,13.24
fold2_room1_mix0278,97,4,0,-172,-1,8.34
fold2_room1_mix0278,97,5,0,-137,4,12.74
fold2_room1_mix0278,98,4,0,-172,-1,8.69
fold2_room1_mix0278,98,5,0,-137,4,13.64
fold2_room1_mix0278,99,4,0,-174,-1,9.11
fold2_room1_mix0278,99,5,0,-137,4,12.51
fold2_room1_mix0279,3,4,0,4,1,2.68
fold2_room1_mix0279,4,4,0,8,-1,14.76
fold2_room1_mix0279,5,4,0,9,-1,16.07
fold2_room1_mix0279,6,4,0,7,-1,17.27
fold2_room1_mix0279,7,4,0,11,-2,27.28
fold2_room1_mix0279,8,4,0,10,-1,25.79
fold2_room1_mix0279,9,4,0,9,-2,26.94
fold2_room1_mix0279,10,4,0,10,-1,26.17
fold2_room1_mix0279,11,4,0,10,-2,25.33
fold2_room1_mix0279,12,4,0,12,-2,24.52
fold2_room1_mix0279,13,4,0,10,-2,25.64
fold2_room1_mix0279,14,4,0,12,-1,24.17
fold2_room1_mix0279,15,4,0,12,-2,22.96
fold2_room1_mix0279,16,4,0,12,-1,22.08
fold2_room1_mix0279,17,4,0,13,-1,22.48
fold2_room1_mix0279,18,4,0,14,-1,21.95
fold2_room1_mix0279,19,4,0,14,-1,21.67
fold2_room1_mix0279,20,4,0,14,-1,22.87
fold2_room1_mix0279,21,4,0,14,-1,22.34
fold2_room1_mix0279,22,4,0,15,-1,21.17
fold2_room1_mix0279,23,2,0,-164,-6,6.13
fold2_room1_mix0279,23,4,0,15,-1,22.61
fold2_room1_mix0279,24,2,0,-136,-4,2.66
fold2_room1_mix0279,24,4,0,16,-1,21.72
fold2_room1_mix0279,25,2,0,-135,-4,4.36
fold2_room1_mix0279,25,4,0,16,-1,22.91
fold2_room1_mix0279,26,4,0,15,-1,20.56
fold2_room1_mix0279,27,4,0,14,-1,18.60
fold2_room1_mix0279,28,4,0,15,-2,17.91
fold2_room1_mix0279,29,4,0,14,-1,17.58
fold2_room1_mix0279,30,4,0,15,-1,17.56
fold2_room1_mix0279,31,2,0,-139,-5,7.78
fold2_room1_mix0279,31,4,0,15,-1,17.41
fold2_room1_mix0279,32,2,0,-133,-5,6.77
fold2_room1_mix0279,32,4,0,15,-2,16.45
fold2_room1_mix0279,33,2,0,-134,-6,5.51
fold2_room1_mix0279,33,4,0,14,-1,16.75
fold2_room1_mix0279,34,2,0,-138,-6,5.35
fold2_room1_mix0279,34,4,0,14,-2,15.55
fold2_room1_mix0279,35,2,0,-137,-6,5.07
fold2_room1_mix0279,35,4,0,14,-2,15.01
fold2_room1_mix0279,36,2,0,-139,-5,3.95
fold2_room1_mix0279,36,4,0,14,-1,16.74
fold2_room1_mix0279,37,4,0,15,-2,14.50
fold2_room1_mix0279,38,4,0,30,-2,12.79
fold2_room1_mix0279,38,4,0,9,-2,14.59
fold2_room1_mix0279,39,4,0,16,-2,13.93
fold2_room1_mix0279,40,4,0,18,-2,14.50
fold2_room1_mix0279,41,2,0,-135,-5,5.55
fold2_room1_mix0279,41,4,0,20,-2,14.25
fold2_room1_mix0279,42,2,0,-131,-5,5.81
fold2_room1_mix0279,42,4,0,20,-2,13.59
fold2_room1_mix0279,43,2,0,-133,-6,5.32
fold2_room1_mix0279,43,4,0,21,-2,13.72
fold2_room1_mix0279,44,2,0,-133,-6,5.01
fold2_room1_mix0279,44,4,0,20,-2,13.64
fold2_room1_mix0279,45,2,0,-133,-6,4.90
fold2_room1_mix0279,45,4,0,20,-2,12.47
fold2_room1_mix0279,46,2,0,-133,-6,4.16
fold2_room1_mix0279,46,4,0,22,-2,12.96
fold2_room1_mix0279,47,4,0,23,-2,11.35
fold2_room1_mix0279,48,4,0,37,-2,10.25
fold2_room1_mix0279,48,4,0,13,-3,10.72
fold2_room1_mix0279,49,4,0,39,-3,9.62
fold2_room1_mix0279,49,4,0,14,-3,10.16
fold2_room1_mix0279,50,4,0,38,-3,10.29
fold2_room1_mix0279,50,4,0,14,-3,10.28
fold2_room1_mix0279,51,2,0,-130,-6,5.06
fold2_room1_mix0279,51,4,0,44,-3,9.79
fold2_room1_mix0279,51,4,0,14,-3,9.33
fold2_room1_mix0279,52,2,0,-127,-6,4.79
fold2_room1_mix0279,52,4,0,46,-3,9.38
fold2_room1_mix0279,52,4,0,13,-4,8.61
fold2_room1_mix0279,53,2,0,-125,-6,4.64
fold2_room1_mix0279,53,4,0,44,-3,8.83
fold2_room1_mix0279,53,4,0,15,-3,8.63
fold2_room1_mix0279,54,2,0,-109,-7,4.67
fold2_room1_mix0279,54,4,0,51,-3,9.07
fold2_room1_mix0279,54,4,0,14,-3,7.60
fold2_room1_mix0279,55,2,0,-114,-6,4.76
fold2_room1_mix0279,55,4,0,50,-3,8.94
fold2_room1_mix0279,55,4,0,15,-3,7.85
fold2_room1_mix0279,56,2,0,-103,-7,4.25
fold2_room1_mix0279,56,4,0,48,-2,9.65
fold2_room1_mix0279,56,4,0,18,-3,7.86
fold2_room1_mix0279,57,4,0,80,-5,9.42
fold2_room1_mix0279,57,4,0,13,-6,6.21
fold2_room1_mix0279,58,4,0,71,-4,9.24
fold2_room1_mix0279,58,4,0,13,-6,6.24
fold2_room1_mix0279,59,4,0,82,-4,9.74
fold2_room1_mix0279,59,4,0,19,-7,5.17
fold2_room1_mix0279,60,4,0,87,-4,9.26
fold2_room1_mix0279,60,4,0,19,-6,5.48
fold2_room1_mix0279,61,2,0,-86,-6,5.42
fold2_room1_mix0279,61,4,0,80,-4,9.41
fold2_room1_mix0279,61,4,0,23,-7,4.52
fold2_room1_mix0279,62,2,0,-89,-6,5.39
fold2_room1_mix0279,62,4,0,93,-5,9.69
fold2_room1_mix0279,62,4,0,30,-8,3.91
fold2_room1_mix0279,63,2,0,-87,-5,5.80
fold2_room1_mix0279,63,4,0,81,-4,8.38
fold2_room1_mix0279,63,4,0,26,-7,4.92
fold2_room1_mix0279,64,2,0,-82,-7,4.69
fold2_room1_mix0279,64,4,0,104,-5,8.54
fold2_room1_mix0279,64,4,0,36,-8,3.87
fold2_room1_mix0279,65,2,0,-87,-7,5.19
fold2_room1_mix0279,65,4,0,105,-5,8.63
fold2_room1_mix0279,65,4,0,43,-8,3.75
fold2_room1_mix0279,66,2,0,-78,-6,6.30
fold2_room1_mix0279,66,4,0,106,-4,8.26
fold2_room1_mix0279,66,4,0,46,-8,3.74
fold2_room1_mix0279,67,4,0,104,-3,10.52
fold2_room1_mix0279,67,4,0,49,-9,3.44
fold2_room1_mix0279,68,4,0,102,-4,8.72
fold2_room1_mix0279,68,4,0,62,-10,3.46
fold2_room1_mix0279,69,4,0,103,-4,8.51
fold2_room1_mix0279,69,4,0,67,-11,3.15
fold2_room1_mix0279,70,4,0,107,-5,9.40
fold2_room1_mix0279,70,4,0,72,-10,3.99
fold2_room1_mix0279,71,4,0,84,-9,4.83
fold2_room1_mix0279,72,2,0,-69,-5,6.31
fold2_room1_mix0279,72,4,0,112,-7,7.16
fold2_room1_mix0279,72,4,0,87,-10,4.09
fold2_room1_mix0279,73,2,0,-60,-4,7.05
fold2_room1_mix0279,73,4,0,123,-5,9.34
fold2_room1_mix0279,73,4,0,97,-9,4.38
fold2_room1_mix0279,74,2,0,-63,-5,7.14
fold2_room1_mix0279,74,4,0,123,-6,6.89
fold2_room1_mix0279,74,4,0,105,-8,4.65
fold2_room1_mix0279,75,2,0,-59,-5,8.14
fold2_room1_mix0279,75,4,0,118,-7,5.52
fold2_room1_mix0279,76,2,0,-56,-5,8.11
fold2_room1_mix0279,76,4,0,124,-6,5.89
fold2_room1_mix0279,77,2,0,-57,-5,7.67
fold2_room1_mix0279,77,4,0,127,-6,6.46
fold2_room1_mix0279,78,4,0,130,-6,6.55
fold2_room1_mix0279,79,4,0,135,-6,6.07
fold2_room1_mix0279,80,4,0,140,-8,4.67
fold2_room1_mix0279,80,4,0,118,-1,12.48
fold2_room1_mix0279,81,4,0,145,-7,5.55
fold2_room1_mix0279,81,4,0,123,0,12.26
fold2_room1_mix0279,82,4,0,144,-6,4.99
fold2_room1_mix0279,82,4,0,125,-1,11.49
fold2_room1_mix0279,83,2,0,-58,-5,2.80
fold2_room1_mix0279,83,4,0,145,-7,4.63
fold2_room1_mix0279,83,4,0,122,0,16.01
fold2_room1_mix0279,84,4,0,147,-6,5.33
fold2_room1_mix0279,84,4,0,123,-1,14.71
fold2_room1_mix0279,85,4,0,147,-6,5.18
fold2_room1_mix0279,85,4,0,124,0,14.91
fold2_room1_mix0279,86,4,0,150,-6,5.67
fold2_room1_mix0279,86,4,0,123,0,14.40
fold2_room1_mix0279,87,4,0,152,-4,6.95
fold2_room1_mix0279,87,4,0,124,0,13.69
fold2_room1_mix0279,88,4,0,154,-5,6.50
fold2_room1_mix0279,88,4,0,123,0,13.27
fold2_room1_mix0279,89,4,0,156,-5,7.47
fold2_room1_mix0279,89,4,0,126,-1,13.59
fold2_room1_mix0279,90,4,0,154,-4,7.53
fold2_room1_mix0279,90,4,0,132,-1,13.52
fold2_room1_mix0279,91,4,0,157,-5,7.00
fold2_room1_mix0279,91,4,0,130,0,15.98
fold2_room1_mix0279,92,4,0,158,-4,8.38
fold2_room1_mix0279,92,4,0,136,-1,13.84
fold2_room1_mix0279,93,4,0,159,-4,8.62
fold2_room1_mix0279,93,4,0,136,-1,14.20
fold2_room1_mix0279,94,4,0,161,-4,8.89
fold2_room1_mix0279,94,4,0,138,-1,15.39
fold2_room1_mix0279,95,4,0,162,-3,9.88
fold2_room1_mix0279,95,4,0,143,0,14.58
fold2_room1_mix0279,96,4,0,162,-3,10.14
fold2_room1_mix0279,96,4,0,143,-1,15.38
fold2_room1_mix0279,97,4,0,161,-3,10.96
fold2_room1_mix0279,97,4,0,145,-1,16.36
fold2_room1_mix0279,98,4,0,158,-3,11.97
fold2_room1_mix0279,99,4,0,159,-2,12.04
fold2_room1_mix0280,6,0,0,-168,-1,2.50
fold2_room1_mix0280,7,0,0,-170,-1,3.48
fold2_room1_mix0280,8,0,0,-161,-2,12.71
fold2_room1_mix0280,9,0,0,-156,-2,10.55
fold2_room1_mix0280,10,0,0,-162,-2,14.26
fold2_room1_mix0280,11,0,0,-159,-1,27.03
fold2_room1_mix0280,12,0,0,-155,-2,21.37
fold2_room1_mix0280,13,0,0,-156,-2,21.78
fold2_room1_mix0280,14,0,0,-155,-2,20.77
fold2_room1_mix0280,15,0,0,-153,-2,21.29
fold2_room1_mix0280,16,0,0,-154,-2,20.48
fold2_room1_mix0280,17,0,0,-150,-2,19.39
fold2_room1_mix0280,18,0,0,-148,-2,18.30
fold2_room1_mix0280,19,0,0,-152,-2,19.61
fold2_room1_mix0280,20,0,0,-147,-2,15.47
fold2_room1_mix0280,21,0,0,-146,-2,17.57
fold2_room1_mix0280,22,0,0,-141,-3,14.80
fold2_room1_mix0280,23,0,0,-141,-3,15.87
fold2_room1_mix0280,24,0,0,-139,-3,13.85
fold2_room1_mix0280,25,0,0,-139,-3,13.05
fold2_room1_mix0280,26,0,0,-142,-2,4.57
fold2_room1_mix0280,27,0,0,-148,-1,3.25
fold2_room1_mix0280,35,1,0,-33,-3,10.31
fold2_room1_mix0280,36,1,0,-30,-3,27.27
fold2_room1_mix0280,38,1,0,-37,-3,21.24
fold2_room1_mix0280,39,1,0,-34,-3,20.29
fold2_room1_mix0280,40,1,0,-38,-2,18.85
fold2_room1_mix0280,41,1,0,-43,-2,20.25
fold2_room1_mix0280,43,1,0,-49,-3,15.51
fold2_room1_mix0280,44,1,0,-50,-3,12.51
fold2_room1_mix0280,45,1,0,-50,-2,14.50
fold2_room1_mix0280,48,1,0,-65,-3,11.01
fold2_room1_mix0280,49,1,0,-74,-3,10.16
fold2_room1_mix0280,50,1,0,-83,-3,7.96
fold2_room1_mix0280,52,1,0,-91,-3,6.41
fold2_room1_mix0280,53,1,0,-100,-4,11.32
fold2_room1_mix0280,54,1,0,-109,-3,9.49
fold2_room1_mix0280,55,1,0,-123,-3,10.03
fold2_room1_mix0280,57,1,0,-133,-2,12.53
fold2_room1_mix0280,58,1,0,-133,-3,15.00
fold2_room1_mix0280,59,1,0,-139,-2,17.70
fold2_room1_mix0280,60,1,0,-140,-2,12.49
fold2_room1_mix0280,62,1,0,-144,-2,16.00
fold2_room1_mix0280,63,1,0,-146,-2,18.53
fold2_room1_mix0280,64,1,0,-146,-2,17.28
fold2_room1_mix0280,65,1,0,-148,-2,2.48
fold2_room1_mix0280,67,1,0,-149,-2,15.56
fold2_room1_mix0280,68,1,0,-150,-2,18.48
fold2_room1_mix0280,69,1,0,-151,-1,14.69
fold2_room1_mix0280,72,1,0,-152,-2,16.77
fold2_room1_mix0280,73,1,0,-155,-2,10.17
fold2_room1_mix0280,74,1,0,-156,-1,7.21
fold2_room1_mix0280,77,1,0,-156,-2,11.80
fold2_room1_mix0280,78,1,0,-157,-2,18.96
fold2_room1_mix0280,79,1,0,-158,-1,10.04
fold2_room1_mix0280,82,1,0,-157,-1,11.12
fold2_room1_mix0280,83,1,0,-160,-1,12.10
fold2_room1_mix0280,84,1,0,-162,-1,1.93
fold2_room1_mix0281,1,4,0,178,0,0.99
fold2_room1_mix0281,2,4,0,178,1,3.20
fold2_room1_mix0281,3,4,0,178,0,7.37
fold2_room1_mix0281,4,4,0,179,0,10.81
fold2_room1_mix0281,4,4,0,2,0,18.34
fold2_room1_mix0281,5,4,0,178,0,11.59
fold2_room1_mix0281,5,4,0,4,0,18.58
fold2_room1_mix0281,6,4,0,179,0,12.39
fold2_room1_mix0281,6,4,0,3,0,23.16
fold2_room1_mix0281,7,4,0,176,-1,17.79
fold2_room1_mix0281,7,4,0,2,0,38.14
fold2_room1_mix0281,8,4,0,178,-1,19.66
fold2_room1_mix0281,8,4,0,3,0,38.05
fold2_room1_mix0281,9,4,0,178,-1,18.06
fold2_room1_mix0281,9,4,0,1,0,37.65
fold2_room1_mix0281,10,4,0,179,-1,16.13
fold2_room1_mix0281,10,4,0,0,0,37.03
fold2_room1_mix0281,11,4,0,179,-1,16.44
fold2_room1_mix0281,11,4,0,0,0,36.52
fold2_room1_mix0281,12,4,0,178,-2,14.77
fold2_room1_mix0281,12,4,0,0,0,36.58
fold2_room1_mix0281,13,4,0,178,-2,13.97
fold2_room1_mix0281,13,4,0,1,0,37.92
fold2_room1_mix0281,14,4,0,177,-2,14.05
fold2_room1_mix0281,14,4,0,0,0,38.82
fold2_room1_mix0281,15,4,0,178,-2,13.67
fold2_room1_mix0281,15,4,0,2,0,37.95
fold2_room1_mix0281,16,4,0,178,-2,13.10
fold2_room1_mix0281,16,4,0,2,0,37.50
fold2_room1_mix0281,17,4,0,179,-2,12.50
fold2_room1_mix0281,17,4,0,2,0,35.85
fold2_room1_mix0281,18,4,0,178,-2,11.78
fold2_room1_mix0281,18,4,0,0,0,35.95
fold2_room1_mix0281,19,4,0,179,-3,10.82
fold2_room1_mix0281,19,4,0,1,-1,30.76
fold2_room1_mix0281,20,4,0,-178,-3,10.14
fold2_room1_mix0281,20,4,0,-3,0,28.04
fold2_room1_mix0281,21,4,0,-179,-3,9.89
fold2_room1_mix0281,21,4,0,-3,-1,23.86
fold2_room1_mix0281,22,4,0,179,-4,9.69
fold2_room1_mix0281,22,4,0,-2,-1,24.42
fold2_room1_mix0281,23,4,0,179,-3,9.43
fold2_room1_mix0281,23,4,0,-1,-1,24.68
fold2_room1_mix0281,24,4,0,-179,-4,8.52
fold2_room1_mix0281,24,4,0,-4,-1,25.13
fold2_room1_mix0281,25,4,0,-179,-4,7.89
fold2_room1_mix0281,25,4,0,-5,0,25.39
fold2_room1_mix0281,26,4,0,176,-4,8.14
fold2_room1_mix0281,26,4,0,-7,-1,25.90
fold2_room1_mix0281,27,4,0,179,-5,7.92
fold2_room1_mix0281,27,4,0,-5,-1,22.68
fold2_room1_mix0281,28,4,0,173,-5,7.87
fold2_room1_mix0281,28,4,0,-6,-1,22.36
fold2_room1_mix0281,29,4,0,175,-5,7.05
fold2_room1_mix0281,29,4,0,-8,-1,20.82
fold2_room1_mix0281,30,4,0,177,-6,6.92
fold2_room1_mix0281,30,4,0,-9,-2,19.20
fold2_room1_mix0281,31,4,0,177,-6,6.38
fold2_room1_mix0281,31,4,0,-11,-2,17.83
fold2_room1_mix0281,32,4,0,175,-6,6.35
fold2_room1_mix0281,32,4,0,-13,-2,16.94
fold2_room1_mix0281,33,4,0,172,-7,5.94
fold2_room1_mix0281,33,4,0,-14,-2,16.24
fold2_room1_mix0281,34,4,0,174,-6,5.89
fold2_room1_mix0281,34,4,0,-13,-2,16.04
fold2_room1_mix0281,35,4,0,172,-7,5.52
fold2_room1_mix0281,35,4,0,-15,-3,14.50
fold2_room1_mix0281,36,4,0,170,-7,4.97
fold2_room1_mix0281,36,4,0,-14,-3,14.19
fold2_room1_mix0281,37,4,0,167,-8,4.03
fold2_room1_mix0281,37,4,0,-19,-3,12.05
fold2_room1_mix0281,38,4,0,166,-9,3.82
fold2_room1_mix0281,38,4,0,-20,-3,11.79
fold2_room1_mix0281,39,4,0,165,-10,3.17
fold2_room1_mix0281,39,4,0,-23,-5,9.59
fold2_room1_mix0281,40,4,0,163,-12,2.50
fold2_room1_mix0281,40,4,0,-27,-5,8.23
fold2_room1_mix0281,41,4,0,161,-14,2.21
fold2_room1_mix0281,41,4,0,-35,-5,7.02
fold2_room1_mix0281,42,4,0,159,-14,1.84
fold2_room1_mix0281,42,4,0,-40,-6,5.98
fold2_room1_mix0281,43,4,0,155,-13,2.23
fold2_room1_mix0281,43,4,0,-54,-9,4.39
fold2_room1_mix0281,44,4,0,150,-11,2.29
fold2_room1_mix0281,44,4,0,-77,-10,3.93
fold2_room1_mix0281,44,4,0,-55,-7,5.70
fold2_room1_mix0281,45,4,0,142,-11,2.06
fold2_room1_mix0281,45,4,0,-94,-9,4.05
fold2_room1_mix0281,46,4,0,162,-13,2.50
fold2_room1_mix0281,46,4,0,143,-12,2.35
fold2_room1_mix0281,46,4,0,-121,-7,4.96
fold2_room1_mix0281,47,4,0,-176,-13,2.67
fold2_room1_mix0281,47,4,0,133,-13,1.65
fold2_room1_mix0281,47,4,0,-125,-8,5.72
fold2_room1_mix0281,48,4,0,159,-18,2.63
fold2_room1_mix0281,48,4,0,112,-17,1.49
fold2_room1_mix0281,49,4,0,156,-11,4.60
fold2_room1_mix0281,49,4,0,77,-18,1.40
fold2_room1_mix0281,49,4,0,-19,-4,6.09
fold2_room1_mix0281,50,4,0,142,-16,3.23
fold2_room1_mix0281,50,4,0,28,-14,2.24
fold2_room1_mix0281,50,4,0,-9,-4,6.03
fold2_room1_mix0281,51,4,0,179,-7,5.70
fold2_room1_mix0281,51,4,0,27,-12,1.91
fold2_room1_mix0281,51,4,0,-1,-6,4.01
fold2_room1_mix0281,52,4,0,-170,0,8.71
fold2_room1_mix0281,52,4,0,25,-8,2.01
fold2_room1_mix0281,52,4,0,9,-6,3.44
fold2_room1_mix0281,53,4,0,-172,-1,9.92
fold2_room1_mix0281,53,4,0,20,-8,2.22
fold2_room1_mix0281,53,4,0,5,-5,4.03
fold2_room1_mix0281,54,4,0,-172,0,10.97
fold2_room1_mix0281,54,4,0,19,-8,2.61
fold2_room1_mix0281,54,4,0,0,-4,5.71
fold2_room1_mix0281,55,4,0,-174,0,11.62
fold2_room1_mix0281,55,4,0,7,-6,4.26
fold2_room1_mix0281,56,4,0,-173,0,13.29
fold2_room1_mix0281,56,4,0,8,-6,4.29
fold2_room1_mix0281,57,4,0,-174,1,15.53
fold2_room1_mix0281,57,4,0,8,-5,4.50
fold2_room1_mix0281,58,4,0,-174,1,16.14
fold2_room1_mix0281,58,4,0,7,-5,4.99
fold2_room1_mix0281,59,4,0,-176,1,16.34
fold2_room1_mix0281,59,4,0,6,-4,5.34
fold2_room1_mix0281,60,4,0,-176,0,15.71
fold2_room1_mix0281,60,4,0,8,-3,5.25
fold2_room1_mix0281,61,4,0,-176,0,16.29
fold2_room1_mix0281,61,4,0,7,-4,5.50
fold2_room1_mix0281,62,4,0,-176,0,18.18
fold2_room1_mix0281,62,4,0,7,-4,5.98
fold2_room1_mix0281,63,4,0,-176,0,19.15
fold2_room1_mix0281,63,4,0,6,-4,6.15
fold2_room1_mix0281,64,4,0,-176,0,18.03
fold2_room1_mix0281,64,4,0,6,-4,6.26
fold2_room1_mix0281,65,4,0,-175,0,20.39
fold2_room1_mix0281,65,4,0,6,-4,6.66
fold2_room1_mix0281,66,4,0,-175,0,21.98
fold2_room1_mix0281,66,4,0,6,-5,6.68
fold2_room1_mix0281,67,4,0,-175,0,24.10
fold2_room1_mix0281,67,4,0,6,-4,7.52
fold2_room1_mix0281,68,4,0,-175,0,24.52
fold2_room1_mix0281,68,4,0,6,-4,7.95
fold2_room1_mix0281,69,4,0,-176,1,24.54
fold2_room1_mix0281,69,4,0,5,-4,8.30
fold2_room1_mix0281,70,4,0,-175,1,27.11
fold2_room1_mix0281,70,4,0,5,-3,9.44
fold2_room1_mix0281,71,4,0,-174,0,25.39
fold2_room1_mix0281,71,4,0,5,-3,9.97
fold2_room1_mix0281,72,4,0,-174,0,25.34
fold2_room1_mix0281,72,4,0,4,-3,9.74
fold2_room1_mix0281,73,4,0,-174,1,27.31
fold2_room1_mix0281,73,4,0,5,-3,10.73
fold2_room1_mix0281,74,4,0,-175,0,24.70
fold2_room1_mix0281,74,4,0,5,-3,10.68
fold2_room1_mix0281,75,4,0,-175,0,24.54
fold2_room1_mix0281,75,4,0,4,-2,10.75
fold2_room1_mix0281,76,4,0,-175,1,30.70
fold2_room1_mix0281,76,4,0,4,-2,11.32
fold2_room1_mix0281,77,4,0,-176,0,26.93
fold2_room1_mix0281,77,4,0,4,-2,12.10
fold2_room1_mix0281,78,4,0,-175,0,28.55
fold2_room1_mix0281,78,4,0,4,-2,12.32
fold2_room1_mix0281,79,4,0,-175,1,30.64
fold2_room1_mix0281,79,4,0,4,-2,12.65
fold2_room1_mix0281,80,4,0,-176,0,30.10
fold2_room1_mix0281,80,4,0,4,-2,12.87
fold2_room1_mix0281,81,4,0,-175,0,30.52
fold2_room1_mix0281,81,4,0,4,-2,13.67
fold2_room1_mix0281,82,4,0,-175,1,32.18
fold2_room1_mix0281,82,4,0,4,-2,13.01
fold2_room1_mix0281,83,4,0,-176,1,32.46
fold2_room1_mix0281,83,4,0,3,-2,13.77
fold2_room1_mix0281,84,4,0,-175,1,34.61
fold2_room1_mix0281,84,4,0,4,-2,14.28
fold2_room1_mix0281,85,4,0,-176,1,34.44
fold2_room1_mix0281,85,4,0,3,-2,13.93
fold2_room1_mix0281,86,4,0,-176,1,36.15
fold2_room1_mix0281,86,4,0,3,-2,14.58
fold2_room1_mix0281,87,4,0,-176,1,35.47
fold2_room1_mix0281,87,4,0,4,-2,14.01
fold2_room1_mix0281,88,4,0,-175,0,34.10
fold2_room1_mix0281,88,4,0,4,-2,13.84
fold2_room1_mix0281,89,4,0,-175,0,36.30
fold2_room1_mix0281,89,4,0,5,-2,15.67
fold2_room1_mix0281,90,4,0,-175,0,39.24
fold2_room1_mix0281,90,4,0,5,-2,15.78
fold2_room1_mix0281,91,4,0,-174,0,35.68
fold2_room1_mix0281,91,4,0,4,-2,14.85
fold2_room1_mix0281,92,4,0,-174,1,38.50
fold2_room1_mix0281,92,4,0,4,-2,15.67
fold2_room1_mix0281,93,4,0,-174,0,36.22
fold2_room1_mix0281,93,4,0,4,-2,16.13
fold2_room1_mix0281,94,4,0,-175,1,37.98
fold2_room1_mix0281,94,4,0,3,-2,15.78
fold2_room1_mix0281,95,4,0,-174,1,40.54
fold2_room1_mix0281,95,4,0,3,-2,16.15
fold2_room1_mix0281,96,4,0,-175,1,41.81
fold2_room1_mix0281,96,4,0,2,-2,17.17
fold2_room1_mix0281,97,4,0,-174,1,41.73
fold2_room1_mix0281,97,4,0,2,-2,19.28
fold2_room1_mix0281,98,4,0,-175,1,42.37
fold2_room1_mix0281,98,4,0,3,-2,18.36
fold2_room1_mix0281,99,4,0,-174,0,39.25
fold2_room1_mix0281,99,4,0,2,-2,17.06
fold2_room1_mix0282,0,5,0,-111,3,8.09
fold2_room1_mix0282,1,5,0,-103,3,15.67
fold2_room1_mix0282,2,5,0,-110,3,17.16
fold2_room1_mix0282,3,5,0,-97,3,13.70
fold2_room1_mix0282,4,5,0,-95,2,1.44
fold2_room1_mix0282,5,5,0,-104,4,13.52
fold2_room1_mix0282,6,5,0,-98,2,18.97
fold2_room1_mix0282,7,5,0,-93,3,14.92
fold2_room1_mix0282,8,5,0,-101,3,14.59
fold2_room1_mix0282,9,5,0,-93,4,15.01
fold2_room1_mix0282,10,5,0,-93,4,13.57
fold2_room1_mix0282,11,5,0,-98,3,14.10
fold2_room1_mix0282,12,5,0,-89,4,13.45
fold2_room1_mix0282,13,5,0,-97,4,12.55
fold2_room1_mix0282,14,5,0,-94,4,13.78
fold2_room1_mix0282,15,5,0,-87,4,11.55
fold2_room1_mix0282,16,5,0,-93,4,12.00
fold2_room1_mix0282,17,5,0,-89,4,11.82
fold2_room1_mix0282,18,5,0,-86,4,13.46
fold2_room1_mix0282,19,5,0,-88,3,13.85
fold2_room1_mix0282,20,5,0,-90,4,11.66
fold2_room1_mix0282,21,5,0,-88,4,12.50
fold2_room1_mix0282,22,5,0,-87,3,14.52
fold2_room1_mix0282,23,5,0,-86,4,12.23
fold2_room1_mix0282,24,5,0,-88,5,11.45
fold2_room1_mix0282,25,5,0,-85,4,13.34
fold2_room1_mix0282,26,5,0,-85,4,12.37
fold2_room1_mix0282,27,5,0,-85,4,11.46
fold2_room1_mix0282,28,5,0,-85,5,11.82
fold2_room1_mix0282,29,5,0,-83,4,11.87
fold2_room1_mix0282,30,5,0,-87,4,11.91
fold2_room1_mix0282,31,5,0,-85,4,12.62
fold2_room1_mix0282,32,5,0,-86,4,12.33
fold2_room1_mix0282,33,5,0,-85,4,11.94
fold2_room1_mix0282,34,5,0,-79,4,13.01
fold2_room1_mix0282,35,5,0,-81,4,12.66
fold2_room1_mix0282,36,5,0,-85,4,13.05
fold2_room1_mix0282,37,5,0,-78,4,12.81
fold2_room1_mix0282,38,5,0,-76,3,15.43
fold2_room1_mix0282,39,5,0,-75,4,12.31
fold2_room1_mix0282,40,5,0,-81,4,12.27
fold2_room1_mix0282,41,5,0,-70,3,13.61
fold2_room1_mix0282,42,5,0,-73,3,13.82
fold2_room1_mix0282,43,4,0,116,-2,9.71
fold2_room1_mix0282,43,5,0,-73,4,12.58
fold2_room1_mix0282,44,5,0,-74,3,13.99
fold2_room1_mix0282,45,4,0,133,-1,10.39
fold2_room1_mix0282,45,5,0,-70,4,12.13
fold2_room1_mix0282,46,4,0,107,-3,10.17
fold2_room1_mix0282,46,4,0,21,-3,8.62
fold2_room1_mix0282,46,5,0,-71,4,13.61
fold2_room1_mix0282,47,4,0,129,-2,15.53
fold2_room1_mix0282,47,4,0,2,-3,13.77
fold2_room1_mix0282,47,5,0,-68,4,12.52
fold2_room1_mix0282,48,4,0,116,-4,15.45
fold2_room1_mix0282,48,4,0,1,-3,13.21
fold2_room1_mix0282,48,5,0,-70,4,13.65
fold2_room1_mix0282,49,4,0,105,-4,15.85
fold2_room1_mix0282,49,4,0,3,-4,13.04
fold2_room1_mix0282,49,5,0,-68,4,13.00
fold2_room1_mix0282,50,4,0,120,-2,16.49
fold2_room1_mix0282,50,4,0,5,-4,12.19
fold2_room1_mix0282,50,5,0,-67,4,13.95
fold2_room1_mix0282,51,4,0,128,-2,15.86
fold2_room1_mix0282,51,4,0,7,-3,12.54
fold2_room1_mix0282,51,5,0,-68,4,13.93
fold2_room1_mix0282,52,4,0,105,-2,15.14
fold2_room1_mix0282,52,4,0,28,-5,11.98
fold2_room1_mix0282,52,4,0,11,-4,10.24
fold2_room1_mix0282,52,5,0,-68,4,13.15
fold2_room1_mix0282,53,4,0,112,-2,14.71
fold2_room1_mix0282,53,4,0,-1,-4,10.31
fold2_room1_mix0282,53,5,0,-65,4,12.79
fold2_room1_mix0282,54,4,0,104,-2,13.72
fold2_room1_mix0282,54,4,0,5,-4,9.94
fold2_room1_mix0282,54,5,0,-66,3,15.03
fold2_room1_mix0282,55,4,0,118,-1,13.42
fold2_room1_mix0282,55,4,0,0,-4,9.44
fold2_room1_mix0282,55,5,0,-67,4,12.81
fold2_room1_mix0282,56,4,0,103,-2,13.95
fold2_room1_mix0282,56,4,0,0,-5,9.61
fold2_room1_mix0282,56,5,0,-64,4,12.72
fold2_room1_mix0282,57,4,0,110,-2,13.81
fold2_room1_mix0282,57,4,0,-1,-5,9.31
fold2_room1_mix0282,57,5,0,-62,4,13.38
fold2_room1_mix0282,58,4,0,90,-2,13.15
fold2_room1_mix0282,58,4,0,2,-5,8.53
fold2_room1_mix0282,58,5,0,-62,4,13.31
fold2_room1_mix0282,59,4,0,100,-3,13.24
fold2_room1_mix0282,59,4,0,13,-6,8.50
fold2_room1_mix0282,59,4,0,-5,-6,8.02
fold2_room1_mix0282,59,5,0,-61,4,11.43
fold2_room1_mix0282,60,4,0,93,-2,13.23
fold2_room1_mix0282,60,4,0,-1,-6,7.90
fold2_room1_mix0282,60,5,0,-59,4,13.06
fold2_room1_mix0282,61,4,0,99,-2,13.94
fold2_room1_mix0282,61,4,0,-5,-6,7.44
fold2_room1_mix0282,61,5,0,-60,3,12.73
fold2_room1_mix0282,62,4,0,90,-2,14.30
fold2_room1_mix0282,62,4,0,8,-7,7.80
fold2_room1_mix0282,62,4,0,-14,-6,7.33
fold2_room1_mix0282,62,5,0,-61,3,13.65
fold2_room1_mix0282,63,4,0,80,-2,12.88
fold2_room1_mix0282,63,4,0,-2,-6,7.69
fold2_room1_mix0282,63,5,0,-55,3,13.48
fold2_room1_mix0282,64,4,0,82,-1,13.43
fold2_room1_mix0282,64,4,0,-4,-6,6.65
fold2_room1_mix0282,64,5,0,-59,3,13.91
fold2_room1_mix0282,65,4,0,76,0,14.29
fold2_room1_mix0282,65,4,0,-6,-6,6.67
fold2_room1_mix0282,65,5,0,-56,3,14.12
fold2_room1_mix0282,66,4,0,74,-1,13.14
fold2_room1_mix0282,66,4,0,10,-6,6.70
fold2_room1_mix0282,66,4,0,-9,-6,6.06
fold2_room1_mix0282,66,5,0,-51,3,15.10
fold2_room1_mix0282,67,4,0,81,-1,13.81
fold2_room1_mix0282,67,4,0,-8,-6,6.46
fold2_room1_mix0282,67,5,0,-56,3,13.34
fold2_room1_mix0282,68,4,0,59,-1,13.21
fold2_room1_mix0282,68,4,0,-13,-7,5.83
fold2_room1_mix0282,68,5,0,-54,3,14.08
fold2_room1_mix0282,69,4,0,69,-1,14.41
fold2_room1_mix0282,69,4,0,-15,-7,5.54
fold2_room1_mix0282,69,5,0,-55,3,13.75
fold2_room1_mix0282,70,4,0,73,0,16.09
fold2_room1_mix0282,70,4,0,-15,-8,5.25
fold2_room1_mix0282,70,5,0,-53,3,14.79
fold2_room1_mix0282,71,4,0,62,-1,13.53
fold2_room1_mix0282,71,4,0,-17,-8,5.37
fold2_room1_mix0282,71,5,0,-54,3,12.82
fold2_room1_mix0282,72,4,0,53,-2,11.79
fold2_room1_mix0282,72,4,0,-19,-8,4.89
fold2_room1_mix0282,72,5,0,-49,3,14.07
fold2_room1_mix0282,73,4,0,56,-1,12.93
fold2_room1_mix0282,73,4,0,-14,-8,4.92
fold2_room1_mix0282,73,5,0,-53,3,15.27
fold2_room1_mix0282,74,4,0,29,-5,8.65
fold2_room1_mix0282,74,4,0,-19,-8,4.56
fold2_room1_mix0282,74,5,0,-55,3,14.25
fold2_room1_mix0282,75,4,0,31,-4,8.77
fold2_room1_mix0282,75,4,0,-19,-8,4.34
fold2_room1_mix0282,75,5,0,-55,3,12.71
fold2_room1_mix0282,76,4,0,-6,-8,5.62
fold2_room1_mix0282,76,4,0,-23,-9,4.10
fold2_room1_mix0282,76,5,0,-53,3,14.22
fold2_room1_mix0282,77,4,0,-24,-10,4.04
fold2_room1_mix0282,77,5,0,-49,3,13.50
fold2_room1_mix0282,78,4,0,-27,-11,4.14
fold2_room1_mix0282,78,5,0,-52,3,14.31
fold2_room1_mix0282,79,4,0,-33,-13,3.53
fold2_room1_mix0282,79,5,0,-52,3,12.41
fold2_room1_mix0282,80,4,0,-38,-14,3.00
fold2_room1_mix0282,80,5,0,-51,3,13.14
fold2_room1_mix0282,81,4,0,-46,-15,2.90
fold2_room1_mix0282,81,5,0,-52,3,13.41
fold2_room1_mix0282,82,4,0,-59,-17,2.56
fold2_room1_mix0282,82,5,0,-50,2,14.25
fold2_room1_mix0282,83,4,0,-69,-20,2.33
fold2_room1_mix0282,83,5,0,-51,3,13.93
fold2_room1_mix0282,84,4,0,-88,-20,2.04
fold2_room1_mix0282,84,5,0,-53,3,13.82
fold2_room1_mix0282,85,4,0,-101,-20,2.32
fold2_room1_mix0282,85,5,0,-48,3,14.07
fold2_room1_mix0282,86,4,0,-118,-18,2.38
fold2_room1_mix0282,86,5,0,-52,3,16.53
fold2_room1_mix0282,87,4,0,-127,-17,2.60
fold2_room1_mix0282,87,5,0,-54,3,13.80
fold2_room1_mix0282,88,4,0,-137,-14,2.48
fold2_room1_mix0282,88,5,0,-50,3,14.33
fold2_room1_mix0282,89,4,0,-143,-12,3.22
fold2_room1_mix0282,89,5,0,-51,3,16.39
fold2_room1_mix0282,90,4,0,-148,-11,3.06
fold2_room1_mix0282,90,5,0,-47,3,14.50
fold2_room1_mix0282,91,4,0,-149,-10,3.29
fold2_room1_mix0282,91,5,0,-43,4,13.32
fold2_room1_mix0282,92,4,0,-150,-10,3.20
fold2_room1_mix0282,92,5,0,-45,4,13.46
fold2_room1_mix0282,93,4,0,-152,-10,3.42
fold2_room1_mix0282,93,5,0,-43,4,14.29
fold2_room1_mix0282,94,4,0,-156,-8,4.04
fold2_room1_mix0282,94,5,0,-44,3,14.69
fold2_room1_mix0282,95,4,0,-155,-8,4.13
fold2_room1_mix0282,95,5,0,-42,3,13.85
fold2_room1_mix0282,96,4,0,-157,-7,4.13
fold2_room1_mix0282,96,5,0,-42,4,14.11
fold2_room1_mix0282,97,4,0,-159,-6,5.00
fold2_room1_mix0282,97,5,0,-42,4,13.62
fold2_room1_mix0282,98,4,0,-161,-6,4.96
fold2_room1_mix0282,98,5,0,-42,3,14.85
fold2_room1_mix0282,99,4,0,-159,-6,4.88
fold2_room1_mix0282,99,5,0,-43,4,13.53
fold2_room1_mix0283,4,4,0,175,0,3.14
fold2_room1_mix0283,5,4,0,172,0,14.20
fold2_room1_mix0283,6,4,0,173,0,14.74
fold2_room1_mix0283,7,4,0,174,0,17.66
fold2_room1_mix0283,8,4,0,173,0,24.41
fold2_room1_mix0283,9,4,0,172,0,26.85
fold2_room1_mix0283,10,4,0,172,0,30.59
fold2_room1_mix0283,11,4,0,172,0,32.68
fold2_room1_mix0283,12,4,0,169,0,32.64
fold2_room1_mix0283,13,4,0,170,0,32.32
fold2_room1_mix0283,14,4,0,169,0,31.78
fold2_room1_mix0283,15,4,0,170,0,32.35
fold2_room1_mix0283,16,4,0,169,0,32.22
fold2_room1_mix0283,17,4,0,170,0,29.78
fold2_room1_mix0283,18,4,0,168,0,34.16
fold2_room1_mix0283,19,4,0,171,0,32.29
fold2_room1_mix0283,20,4,0,168,0,32.61
fold2_room1_mix0283,21,4,0,169,0,32.07
fold2_room1_mix0283,22,4,0,167,0,34.63
fold2_room1_mix0283,23,4,0,168,0,33.39
fold2_room1_mix0283,24,4,0,168,0,33.81
fold2_room1_mix0283,25,4,0,168,0,36.09
fold2_room1_mix0283,26,4,0,167,0,38.05
fold2_room1_mix0283,27,4,0,167,0,38.85
fold2_room1_mix0283,28,4,0,166,0,39.28
fold2_room1_mix0283,29,4,0,167,0,40.18
fold2_room1_mix0283,30,4,0,165,0,39.67
fold2_room1_mix0283,31,4,0,164,0,40.51
fold2_room1_mix0283,32,4,0,166,0,39.53
fold2_room1_mix0283,33,4,0,166,0,40.82
fold2_room1_mix0283,34,4,0,166,0,42.17
fold2_room1_mix0283,35,4,0,165,0,42.26
fold2_room1_mix0283,36,4,0,165,0,41.34
fold2_room1_mix0283,37,4,0,165,0,42.02
fold2_room1_mix0283,38,4,0,165,0,41.85
fold2_room1_mix0283,39,4,0,164,0,41.52
fold2_room1_mix0283,40,4,0,164,0,40.46
fold2_room1_mix0283,41,4,0,165,0,39.53
fold2_room1_mix0283,42,4,0,163,0,39.76
fold2_room1_mix0283,43,4,0,162,0,38.55
fold2_room1_mix0283,44,4,0,161,0,39.35
fold2_room1_mix0283,45,4,0,162,0,38.75
fold2_room1_mix0283,46,4,0,160,0,38.28
fold2_room1_mix0283,47,4,0,160,0,38.76
fold2_room1_mix0283,48,4,0,161,0,37.13
fold2_room1_mix0283,49,4,0,161,0,36.17
fold2_room1_mix0283,50,4,0,160,0,36.01
fold2_room1_mix0283,51,4,0,160,0,34.44
fold2_room1_mix0283,52,4,0,159,0,32.84
fold2_room1_mix0283,53,4,0,158,0,31.53
fold2_room1_mix0283,54,4,0,158,0,31.13
fold2_room1_mix0283,55,4,0,157,0,30.03
fold2_room1_mix0283,56,4,0,155,0,28.91
fold2_room1_mix0283,57,4,0,153,0,28.08
fold2_room1_mix0283,58,4,0,153,0,28.48
fold2_room1_mix0283,59,4,0,151,-1,27.25
fold2_room1_mix0283,60,4,0,151,-1,26.63
fold2_room1_mix0283,61,4,0,150,-1,25.55
fold2_room1_mix0283,62,4,0,147,-1,24.99
fold2_room1_mix0283,63,4,0,148,-2,23.99
fold2_room1_mix0283,64,4,0,146,-1,23.89
fold2_room1_mix0283,65,4,0,145,-2,22.89
fold2_room1_mix0283,66,4,0,144,-2,22.05
fold2_room1_mix0283,67,4,0,143,-2,20.43
fold2_room1_mix0283,68,4,0,142,-2,20.75
fold2_room1_mix0283,69,4,0,141,-2,19.71
fold2_room1_mix0283,70,4,0,140,-2,18.68
fold2_room1_mix0283,71,4,0,138,-2,18.54
fold2_room1_mix0283,72,4,0,136,-2,17.34
fold2_room1_mix0283,73,4,0,135,-2,17.41
fold2_room1_mix0283,74,4,0,134,-2,16.51
fold2_room1_mix0283,75,4,0,131,-2,15.71
fold2_room1_mix0283,76,4,0,130,-2,15.84
fold2_room1_mix0283,77,4,0,127,-3,14.60
fold2_room1_mix0283,78,4,0,123,-3,14.26
fold2_room1_mix0283,79,4,0,121,-3,14.05
fold2_room1_mix0283,80,4,0,119,-3,13.31
fold2_room1_mix0283,81,4,0,116,-3,13.25
fold2_room1_mix0283,82,4,0,113,-3,13.30
fold2_room1_mix0283,83,4,0,109,-4,12.79
fold2_room1_mix0283,84,4,0,106,-4,12.97
fold2_room1_mix0283,85,4,0,103,-4,12.84
fold2_room1_mix0283,86,4,0,98,-4,12.64
fold2_room1_mix0283,87,4,0,93,-4,12.59
fold2_room1_mix0283,88,4,0,89,-4,12.42
fold2_room1_mix0283,89,4,0,85,-4,13.06
fold2_room1_mix0283,90,4,0,83,-4,13.13
fold2_room1_mix0283,91,4,0,78,-4,13.19
fold2_room1_mix0283,92,4,0,73,-3,13.75
fold2_room1_mix0283,93,4,0,70,-3,13.39
fold2_room1_mix0283,94,4,0,66,-3,14.19
fold2_room1_mix0283,95,4,0,64,-3,14.69
fold2_room1_mix0283,96,4,0,61,-3,14.82
fold2_room1_mix0283,97,4,0,57,-3,15.79
fold2_room1_mix0283,98,4,0,54,-2,16.71
fold2_room1_mix0283,99,4,0,52,-3,15.97
fold2_room1_mix0284,24,3,0,-148,-5,5.42
fold2_room1_mix0284,25,3,0,-142,-4,9.56
fold2_room1_mix0284,26,3,0,-145,-4,9.29
fold2_room1_mix0284,27,3,0,-142,-4,8.28
fold2_room1_mix0284,28,3,0,-142,-4,5.03
fold2_room1_mix0284,29,3,0,-142,-4,7.60
fold2_room1_mix0284,30,3,0,-141,-4,7.11
fold2_room1_mix0284,35,3,0,-129,-4,6.31
fold2_room1_mix0284,36,3,0,-128,-5,7.50
fold2_room1_mix0284,37,3,0,-126,-5,7.57
fold2_room1_mix0284,38,3,0,-117,-6,5.48
fold2_room1_mix0284,39,3,0,-119,-5,7.14
fold2_room1_mix0284,40,3,0,-110,-5,6.56
fold2_room1_mix0284,41,3,0,-84,-6,5.34
fold2_room1_mix0284,42,3,0,-93,-5,4.47
fold2_room1_mix0284,45,4,0,-171,0,7.41
fold2_room1_mix0284,46,3,0,-50,-4,6.60
fold2_room1_mix0284,46,4,0,-179,0,3.98
fold2_room1_mix0284,47,3,0,-51,-4,8.02
fold2_room1_mix0284,47,4,0,177,-2,12.45
fold2_room1_mix0284,48,3,0,-47,-4,7.63
fold2_room1_mix0284,48,4,0,-176,-3,13.25
fold2_room1_mix0284,49,3,0,-46,-4,6.85
fold2_room1_mix0284,49,4,0,178,-2,14.41
fold2_room1_mix0284,50,3,0,-43,-4,6.27
fold2_room1_mix0284,50,4,0,177,-2,14.65
fold2_room1_mix0284,51,3,0,-36,-4,6.97
fold2_room1_mix0284,51,4,0,-178,-2,16.10
fold2_room1_mix0284,52,3,0,-41,-4,7.77
fold2_room1_mix0284,52,4,0,179,-2,15.32
fold2_room1_mix0284,53,3,0,-64,-5,9.59
fold2_room1_mix0284,53,4,0,-177,-2,15.46
fold2_room1_mix0284,54,3,0,-46,-4,5.70
fold2_room1_mix0284,54,4,0,-176,-2,12.77
fold2_room1_mix0284,54,4,0,2,-1,17.66
fold2_room1_mix0284,55,4,0,-174,-2,12.71
fold2_room1_mix0284,55,4,0,-5,-1,15.83
fold2_room1_mix0284,56,4,0,-170,-2,12.82
fold2_room1_mix0284,56,4,0,-5,-2,14.52
fold2_room1_mix0284,57,4,0,-169,-2,11.77
fold2_room1_mix0284,57,4,0,-5,-3,13.72
fold2_room1_mix0284,58,3,0,-27,-3,8.06
fold2_room1_mix0284,58,4,0,-171,-4,11.11
fold2_room1_mix0284,58,4,0,-4,-3,14.08
fold2_room1_mix0284,59,3,0,-34,-3,9.82
fold2_room1_mix0284,59,4,0,-173,-3,11.60
fold2_room1_mix0284,59,4,0,-3,-2,14.86
fold2_room1_mix0284,60,3,0,-34,-3,9.47
fold2_room1_mix0284,60,4,0,-169,-3,11.27
fold2_room1_mix0284,60,4,0,-4,-2,13.88
fold2_room1_mix0284,61,3,0,-33,-3,9.12
fold2_room1_mix0284,61,4,0,-169,-4,10.43
fold2_room1_mix0284,61,4,0,-6,-3,12.45
fold2_room1_mix0284,62,3,0,-26,-3,9.81
fold2_room1_mix0284,62,4,0,-164,-5,9.08
fold2_room1_mix0284,62,4,0,-7,-5,10.75
fold2_room1_mix0284,63,3,0,-24,-3,9.43
fold2_room1_mix0284,63,4,0,-163,-5,8.50
fold2_room1_mix0284,63,4,0,-7,-4,9.85
fold2_room1_mix0284,64,3,0,-32,-3,8.63
fold2_room1_mix0284,64,4,0,-161,-5,8.52
fold2_room1_mix0284,64,4,0,-6,-4,9.80
fold2_room1_mix0284,65,3,0,-25,-3,4.87
fold2_room1_mix0284,65,4,0,-157,-4,7.29
fold2_room1_mix0284,65,4,0,-8,-4,8.39
fold2_room1_mix0284,66,3,0,-23,-2,2.77
fold2_room1_mix0284,66,4,0,-151,-5,5.75
fold2_room1_mix0284,66,4,0,-9,-4,7.33
fold2_room1_mix0284,67,3,0,-24,-3,3.25
fold2_room1_mix0284,67,4,0,-149,-4,5.45
fold2_room1_mix0284,67,4,0,-10,-5,6.30
fold2_room1_mix0284,68,4,0,-144,-6,5.18
fold2_room1_mix0284,68,4,0,-10,-9,4.87
fold2_room1_mix0284,69,4,0,-137,-7,5.01
fold2_room1_mix0284,69,4,0,-9,-10,4.28
fold2_room1_mix0284,70,4,0,-131,-10,4.14
fold2_room1_mix0284,70,4,0,-17,-13,3.10
fold2_room1_mix0284,71,4,0,-122,-14,3.60
fold2_room1_mix0284,71,4,0,-25,-15,3.17
fold2_room1_mix0284,72,4,0,-100,-25,2.86
fold2_room1_mix0284,72,4,0,-36,-23,2.38
fold2_room1_mix0284,73,4,0,-106,-33,2.41
fold2_room1_mix0284,73,4,0,-57,-34,2.15
fold2_room1_mix0284,74,4,0,-122,-29,1.97
fold2_room1_mix0284,74,4,0,-83,-35,2.22
fold2_room1_mix0284,75,4,0,-139,-29,1.78
fold2_room1_mix0284,75,4,0,-116,-37,1.93
fold2_room1_mix0284,75,4,0,-54,-19,4.01
fold2_room1_mix0284,76,4,0,-148,-22,2.39
fold2_room1_mix0284,76,4,0,-92,-31,3.02
fold2_room1_mix0284,76,4,0,-41,-13,5.13
fold2_room1_mix0284,77,4,0,-157,-18,2.82
fold2_room1_mix0284,77,4,0,-134,-21,3.56
fold2_room1_mix0284,77,4,0,-38,-10,5.96
fold2_room1_mix0284,78,4,0,-155,-14,3.47
fold2_room1_mix0284,78,4,0,-37,-9,5.93
fold2_room1_mix0284,79,4,0,-164,-13,3.72
fold2_room1_mix0284,79,4,0,-147,-15,4.04
fold2_room1_mix0284,79,4,0,-36,-8,5.89
fold2_room1_mix0284,80,4,0,-164,-10,4.62
fold2_room1_mix0284,80,4,0,-31,-7,7.02
fold2_room1_mix0284,81,4,0,-167,-9,5.01
fold2_room1_mix0284,81,4,0,-29,-6,8.01
fold2_room1_mix0284,82,4,0,-168,-7,5.76
fold2_room1_mix0284,82,4,0,-29,-6,6.80
fold2_room1_mix0284,83,4,0,-171,-6,6.44
fold2_room1_mix0284,83,4,0,-24,-6,6.88
fold2_room1_mix0284,84,4,0,-173,-6,6.94
fold2_room1_mix0284,84,4,0,-24,-5,7.82
fold2_room1_mix0284,85,4,0,-172,-6,7.34
fold2_room1_mix0284,85,4,0,-21,-5,7.91
fold2_room1_mix0284,86,4,0,-170,-5,8.02
fold2_room1_mix0284,86,4,0,-20,-5,8.54
fold2_room1_mix0284,87,4,0,-172,-5,9.43
fold2_room1_mix0284,87,4,0,-21,-5,10.17
fold2_room1_mix0284,88,4,0,-173,-4,9.52
fold2_room1_mix0284,88,4,0,-18,-3,11.16
fold2_room1_mix0284,89,4,0,-168,-5,9.54
fold2_room1_mix0284,89,4,0,-13,-4,13.44
fold2_room1_mix0284,90,4,0,-168,-5,11.11
fold2_room1_mix0284,90,4,0,-18,-5,14.39
fold2_room1_mix0284,91,4,0,-168,-5,10.17
fold2_room1_mix0284,91,4,0,-18,-5,14.69
fold2_room1_mix0284,92,4,0,-171,-4,10.69
fold2_room1_mix0284,92,4,0,-15,-4,12.19
fold2_room1_mix0284,93,4,0,-169,-4,11.36
fold2_room1_mix0284,94,4,0,-172,-3,13.20
fold2_room1_mix0284,94,4,0,-12,-4,15.47
fold2_room1_mix0284,95,4,0,-174,-3,14.62
fold2_room1_mix0284,95,4,0,-17,-6,16.98
fold2_room1_mix0284,96,4,0,-175,-2,16.19
fold2_room1_mix0284,96,4,0,-10,-3,17.03
fold2_room1_mix0284,97,4,0,-175,-3,15.58
fold2_room1_mix0284,97,4,0,-14,-4,17.79
fold2_room1_mix0284,98,4,0,-171,-3,15.10
fold2_room1_mix0284,99,4,0,-172,-2,13.29
fold2_room1_mix0285,1,4,0,178,0,1.77
fold2_room1_mix0285,2,4,0,178,0,3.40
fold2_room1_mix0285,3,4,0,177,0,6.62
fold2_room1_mix0285,4,4,0,177,0,13.18
fold2_room1_mix0285,5,4,0,177,0,15.09
fold2_room1_mix0285,6,4,0,177,0,16.16
fold2_room1_mix0285,7,4,0,177,0,22.24
fold2_room1_mix0285,8,4,0,177,0,24.32
fold2_room1_mix0285,8,4,0,3,-1,40.51
fold2_room1_mix0285,9,4,0,177,0,23.14
fold2_room1_mix0285,9,4,0,2,0,42.26
fold2_room1_mix0285,10,4,0,176,0,21.09
fold2_room1_mix0285,10,4,0,0,0,38.95
fold2_room1_mix0285,11,4,0,176,0,21.06
fold2_room1_mix0285,11,4,0,2,0,38.50
fold2_room1_mix0285,12,4,0,176,0,20.79
fold2_room1_mix0285,12,4,0,1,0,38.99
fold2_room1_mix0285,13,4,0,177,0,20.59
fold2_room1_mix0285,13,4,0,2,0,38.93
fold2_room1_mix0285,14,4,0,177,0,20.56
fold2_room1_mix0285,14,4,0,0,0,38.97
fold2_room1_mix0285,15,4,0,178,0,19.23
fold2_room1_mix0285,15,4,0,3,0,40.67
fold2_room1_mix0285,16,4,0,177,-1,18.27
fold2_room1_mix0285,16,4,0,3,0,40.25
fold2_room1_mix0285,17,4,0,177,-1,17.86
fold2_room1_mix0285,17,4,0,1,0,40.46
fold2_room1_mix0285,18,4,0,177,-1,17.59
fold2_room1_mix0285,18,4,0,1,0,41.69
fold2_room1_mix0285,19,4,0,178,-1,16.18
fold2_room1_mix0285,19,4,0,1,0,41.45
fold2_room1_mix0285,20,4,0,176,-1,17.05
fold2_room1_mix0285,20,4,0,2,0,41.87
fold2_room1_mix0285,21,4,0,177,-1,15.54
fold2_room1_mix0285,21,4,0,1,0,41.57
fold2_room1_mix0285,22,4,0,179,-2,15.05
fold2_room1_mix0285,22,4,0,0,0,40.85
fold2_room1_mix0285,23,4,0,175,-1,14.50
fold2_room1_mix0285,23,4,0,3,0,39.22
fold2_room1_mix0285,24,4,0,177,-2,14.81
fold2_room1_mix0285,24,4,0,1,0,41.31
fold2_room1_mix0285,25,4,0,176,-1,14.05
fold2_room1_mix0285,25,4,0,2,0,39.83
fold2_room1_mix0285,26,4,0,177,-2,13.60
fold2_room1_mix0285,26,4,0,2,0,39.71
fold2_room1_mix0285,27,4,0,178,-2,13.35
fold2_room1_mix0285,27,4,0,1,0,41.83
fold2_room1_mix0285,28,4,0,177,-2,13.28
fold2_room1_mix0285,28,4,0,1,0,40.85
fold2_room1_mix0285,29,4,0,177,-2,11.71
fold2_room1_mix0285,29,4,0,1,0,37.41
fold2_room1_mix0285,30,4,0,178,-3,11.37
fold2_room1_mix0285,30,4,0,-1,0,36.64
fold2_room1_mix0285,31,4,0,176,-3,11.03
fold2_room1_mix0285,31,4,0,1,0,38.23
fold2_room1_mix0285,32,4,0,177,-3,10.32
fold2_room1_mix0285,32,4,0,0,0,36.77
fold2_room1_mix0285,33,4,0,175,-3,10.37
fold2_room1_mix0285,33,4,0,1,0,37.90
fold2_room1_mix0285,34,4,0,173,-3,10.08
fold2_room1_mix0285,34,4,0,1,0,35.32
fold2_room1_mix0285,35,4,0,173,-3,9.62
fold2_room1_mix0285,35,4,0,0,0,35.53
fold2_room1_mix0285,36,4,0,173,-4,9.11
fold2_room1_mix0285,36,4,0,-1,0,34.75
fold2_room1_mix0285,37,4,0,171,-4,8.88
fold2_room1_mix0285,37,4,0,0,0,35.11
fold2_room1_mix0285,38,4,0,170,-5,7.84
fold2_room1_mix0285,38,4,0,-1,0,33.26
fold2_room1_mix0285,39,4,0,169,-5,7.45
fold2_room1_mix0285,39,4,0,0,0,35.46
fold2_room1_mix0285,40,4,0,169,-5,7.20
fold2_room1_mix0285,40,4,0,0,0,35.07
fold2_room1_mix0285,41,4,0,167,-6,6.95
fold2_room1_mix0285,41,4,0,0,0,35.12
fold2_room1_mix0285,42,4,0,164,-7,5.98
fold2_room1_mix0285,42,4,0,0,0,32.26
fold2_room1_mix0285,43,4,0,163,-7,5.73
fold2_room1_mix0285,43,4,0,2,0,32.29
fold2_room1_mix0285,44,4,0,161,-8,5.41
fold2_room1_mix0285,44,4,0,0,0,31.92
fold2_room1_mix0285,45,4,0,156,-9,4.71
fold2_room1_mix0285,45,4,0,-1,0,29.92
fold2_room1_mix0285,46,4,0,152,-9,4.21
fold2_room1_mix0285,46,4,0,0,0,29.11
fold2_room1_mix0285,47,4,0,149,-9,3.69
fold2_room1_mix0285,47,4,0,2,0,26.71
fold2_room1_mix0285,48,4,0,141,-11,3.19
fold2_room1_mix0285,48,4,0,1,1,25.83
fold2_room1_mix0285,49,4,0,122,-11,2.62
fold2_room1_mix0285,49,4,0,2,1,22.74
fold2_room1_mix0285,50,4,0,97,-12,2.75
fold2_room1_mix0285,50,4,0,3,2,24.65
fold2_room1_mix0285,51,4,0,77,-12,2.52
fold2_room1_mix0285,51,4,0,57,-9,3.13
fold2_room1_mix0285,51,4,0,2,2,20.64
fold2_room1_mix0285,52,4,0,57,-11,2.72
fold2_room1_mix0285,52,4,0,29,-5,4.68
fold2_room1_mix0285,52,4,0,2,2,19.89
fold2_room1_mix0285,53,4,0,41,-9,2.93
fold2_room1_mix0285,53,4,0,25,-5,4.07
fold2_room1_mix0285,53,4,0,3,1,17.86
fold2_room1_mix0285,54,4,0,23,-6,3.66
fold2_room1_mix0285,54,4,0,2,2,16.71
fold2_room1_mix0285,55,4,0,21,-6,3.72
fold2_room1_mix0285,55,4,0,3,1,15.95
fold2_room1_mix0285,56,4,0,20,-6,3.98
fold2_room1_mix0285,56,4,0,4,1,17.39
fold2_room1_mix0285,57,4,0,12,-3,8.43
fold2_room1_mix0285,58,4,0,12,-3,8.63
fold2_room1_mix0285,59,4,0,12,-2,8.76
fold2_room1_mix0285,60,4,0,10,-2,9.08
fold2_room1_mix0285,61,4,0,9,-3,8.89
fold2_room1_mix0285,62,4,0,10,-2,9.22
fold2_room1_mix0285,63,4,0,9,-2,9.59
fold2_room1_mix0285,64,4,0,8,-2,9.97
fold2_room1_mix0285,65,4,0,8,-2,10.02
fold2_room1_mix0285,66,4,0,8,-2,10.45
fold2_room1_mix0285,67,4,0,8,-2,10.51
fold2_room1_mix0285,68,4,0,7,-2,11.16
fold2_room1_mix0285,69,4,0,5,-2,10.75
fold2_room1_mix0285,70,4,0,4,-2,11.32
fold2_room1_mix0285,71,4,0,3,-2,11.65
fold2_room1_mix0285,72,4,0,2,-2,11.11
fold2_room1_mix0285,73,4,0,0,-2,11.56
fold2_room1_mix0285,74,4,0,-20,-7,4.46
fold2_room1_mix0285,74,4,0,6,0,14.99
fold2_room1_mix0285,75,4,0,-25,-8,3.21
fold2_room1_mix0285,75,4,0,5,0,14.42
fold2_room1_mix0285,76,4,0,-35,-12,1.99
fold2_room1_mix0285,76,4,0,3,1,17.20
fold2_room1_mix0285,77,4,0,-40,-14,1.62
fold2_room1_mix0285,77,4,0,3,1,17.95
fold2_room1_mix0285,78,4,0,-52,-17,1.18
fold2_room1_mix0285,78,4,0,1,1,18.76
fold2_room1_mix0285,79,4,0,-91,-21,0.86
fold2_room1_mix0285,79,4,0,0,0,19.23
fold2_room1_mix0285,80,4,0,-130,-13,1.28
fold2_room1_mix0285,80,4,0,0,0,18.30
fold2_room1_mix0285,81,4,0,-144,-8,1.98
fold2_room1_mix0285,81,4,0,4,-1,15.75
fold2_room1_mix0285,82,4,0,-153,-6,3.54
fold2_room1_mix0285,82,4,0,2,-1,16.69
fold2_room1_mix0285,83,4,0,-157,-6,3.97
fold2_room1_mix0285,83,4,0,3,-2,16.44
fold2_room1_mix0285,84,4,0,-161,-4,5.17
fold2_room1_mix0285,84,4,0,4,-1,17.11
fold2_room1_mix0285,85,4,0,-164,-4,6.19
fold2_room1_mix0285,85,4,0,2,-1,18.48
fold2_room1_mix0285,86,4,0,-167,-3,7.23
fold2_room1_mix0285,86,4,0,2,0,18.05
fold2_room1_mix0285,87,4,0,-171,-2,9.22
fold2_room1_mix0285,87,4,0,1,-1,17.42
fold2_room1_mix0285,88,4,0,-171,-2,10.41
fold2_room1_mix0285,88,4,0,2,0,17.67
fold2_room1_mix0285,89,4,0,-170,-1,11.01
fold2_room1_mix0285,89,4,0,1,0,19.22
fold2_room1_mix0285,90,4,0,-172,-2,11.55
fold2_room1_mix0285,90,4,0,1,0,18.08
fold2_room1_mix0285,91,4,0,-172,-1,12.31
fold2_room1_mix0285,91,4,0,1,0,18.91
fold2_room1_mix0285,92,4,0,-171,-1,13.61
fold2_room1_mix0285,92,4,0,1,0,19.85
fold2_room1_mix0285,93,4,0,-173,-1,13.70
fold2_room1_mix0285,93,4,0,0,0,19.17
fold2_room1_mix0285,94,4,0,-173,-1,14.85
fold2_room1_mix0285,94,4,0,0,0,20.20
fold2_room1_mix0285,95,4,0,-173,-1,15.76
fold2_room1_mix0285,95,4,0,1,0,20.68
fold2_room1_mix0285,96,4,0,-174,-1,16.16
fold2_room1_mix0285,96,4,0,1,0,20.65
fold2_room1_mix0285,97,4,0,-174,0,18.47
fold2_room1_mix0285,97,4,0,1,0,20.91
fold2_room1_mix0285,98,4,0,-175,0,18.84
fold2_room1_mix0285,98,4,0,1,0,22.19
fold2_room1_mix0285,99,4,0,-174,-1,18.42
fold2_room1_mix0285,99,4,0,2,0,20.64
fold2_room1_mix0287,36,3,0,-116,-5,5.35
fold2_room1_mix0287,37,3,0,-112,-5,6.43
fold2_room1_mix0287,38,3,0,-114,-5,5.98
fold2_room1_mix0287,39,3,0,-103,-6,5.41
fold2_room1_mix0287,40,3,0,-98,-6,5.34
fold2_room1_mix0287,41,3,0,-92,-5,5.21
fold2_room1_mix0287,42,3,0,-91,-5,4.65
fold2_room1_mix0287,43,3,0,-97,-5,3.61
fold2_room1_mix0287,44,4,0,177,-1,2.83
fold2_room1_mix0287,45,4,0,-178,-2,5.30
fold2_room1_mix0287,46,4,0,-179,-2,3.84
fold2_room1_mix0287,47,3,0,-45,-4,7.72
fold2_room1_mix0287,47,4,0,177,-2,8.42
fold2_room1_mix0287,48,3,0,-49,-4,9.85
fold2_room1_mix0287,48,4,0,-177,-3,9.49
fold2_room1_mix0287,49,3,0,-46,-3,10.99
fold2_room1_mix0287,49,4,0,-175,-4,9.97
fold2_room1_mix0287,50,3,0,-45,-3,9.07
fold2_room1_mix0287,50,4,0,-178,-3,9.66
fold2_room1_mix0287,51,3,0,-40,-3,9.29
fold2_room1_mix0287,51,4,0,-175,-5,8.36
fold2_room1_mix0287,52,3,0,-47,-3,10.99
fold2_room1_mix0287,52,4,0,-176,-4,9.03
fold2_room1_mix0287,53,3,0,-38,-3,9.55
fold2_room1_mix0287,53,4,0,-173,-4,7.54
fold2_room1_mix0287,54,3,0,-34,-3,9.73
fold2_room1_mix0287,54,4,0,-172,-5,7.15
fold2_room1_mix0287,55,3,0,-37,-3,5.25
fold2_room1_mix0287,55,4,0,-172,-5,7.02
fold2_room1_mix0287,56,4,0,-164,-4,6.55
fold2_room1_mix0287,57,4,0,-163,-5,5.98
fold2_room1_mix0287,58,4,0,-158,-7,4.39
fold2_room1_mix0287,59,3,0,-25,-3,4.78
fold2_room1_mix0287,59,4,0,-159,-8,4.02
fold2_room1_mix0287,60,3,0,-31,-3,9.50
fold2_room1_mix0287,60,4,0,-155,-10,3.61
fold2_room1_mix0287,61,3,0,-27,-2,11.68
fold2_room1_mix0287,61,4,0,-149,-14,2.69
fold2_room1_mix0287,62,3,0,-22,-2,11.24
fold2_room1_mix0287,62,4,0,-135,-18,2.56
fold2_room1_mix0287,63,3,0,-21,-2,12.98
fold2_room1_mix0287,63,4,0,-110,-22,1.88
fold2_room1_mix0287,64,3,0,-23,-2,10.56
fold2_room1_mix0287,64,4,0,-82,-24,1.73
fold2_room1_mix0287,65,4,0,-53,-16,2.26
fold2_room1_mix0287,66,4,0,-36,-13,2.31
fold2_room1_mix0287,67,4,0,-31,-10,3.30
fold2_room1_mix0287,68,4,0,-25,-8,3.87
fold2_room1_mix0287,69,4,0,-21,-7,4.39
fold2_room1_mix0287,70,4,0,-17,-6,4.99
fold2_room1_mix0287,71,4,0,-13,-5,5.79
fold2_room1_mix0287,72,4,0,-12,-5,6.53
fold2_room1_mix0287,73,4,0,-12,-4,7.26
fold2_room1_mix0287,74,4,0,-10,-4,8.14
fold2_room1_mix0287,75,4,0,-9,-4,8.46
fold2_room1_mix0287,76,4,0,-7,-3,9.67
fold2_room1_mix0287,77,4,0,-8,-3,10.37
fold2_room1_mix0287,78,4,0,-7,-3,10.91
fold2_room1_mix0287,79,4,0,-6,-3,11.29
fold2_room1_mix0287,80,4,0,-7,-3,11.02
fold2_room1_mix0287,81,4,0,-8,-3,9.77
fold2_room1_mix0287,84,4,0,-10,-2,6.90
fold2_room1_mix0288,4,4,0,0,0,14.53
fold2_room1_mix0288,5,4,0,-1,0,14.17
fold2_room1_mix0288,6,4,0,-1,0,20.68
fold2_room1_mix0288,7,4,0,-1,0,26.40
fold2_room1_mix0288,8,4,0,0,-1,30.72
fold2_room1_mix0288,9,4,0,0,-1,32.14
fold2_room1_mix0288,10,4,0,0,-1,30.75
fold2_room1_mix0288,11,4,0,0,-1,30.47
fold2_room1_mix0288,12,4,0,0,0,30.35
fold2_room1_mix0288,13,4,0,0,-1,29.69
fold2_room1_mix0288,14,4,0,0,-1,30.64
fold2_room1_mix0288,15,2,0,95,-3,1.92
fold2_room1_mix0288,15,4,0,1,0,32.11
fold2_room1_mix0288,16,4,0,1,0,33.47
fold2_room1_mix0288,17,4,0,0,-1,31.42
fold2_room1_mix0288,18,4,0,0,-1,30.01
fold2_room1_mix0288,19,4,0,0,-1,29.71
fold2_room1_mix0288,20,2,0,105,-3,9.60
fold2_room1_mix0288,20,4,0,0,0,31.35
fold2_room1_mix0288,21,2,0,104,-4,8.57
fold2_room1_mix0288,21,4,0,0,0,30.92
fold2_room1_mix0288,22,2,0,97,-5,7.83
fold2_room1_mix0288,22,4,0,-1,0,28.98
fold2_room1_mix0288,23,2,0,92,-5,7.80
fold2_room1_mix0288,23,4,0,-1,-1,27.77
fold2_room1_mix0288,24,2,0,91,-4,9.14
fold2_room1_mix0288,24,4,0,-2,0,26.70
fold2_room1_mix0288,25,2,0,95,-6,7.31
fold2_room1_mix0288,25,4,0,-1,-1,26.88
fold2_room1_mix0288,26,4,0,-3,-1,25.13
fold2_room1_mix0288,27,4,0,-4,-1,23.83
fold2_room1_mix0288,28,4,0,-4,-1,23.37
fold2_room1_mix0288,29,4,0,-4,-1,23.27
fold2_room1_mix0288,30,2,0,87,-4,9.57
fold2_room1_mix0288,30,4,0,-4,-1,22.75
fold2_room1_mix0288,31,2,0,80,-5,9.24
fold2_room1_mix0288,31,4,0,-4,-1,22.36
fold2_room1_mix0288,32,2,0,74,-5,9.37
fold2_room1_mix0288,32,4,0,-5,-1,21.93
fold2_room1_mix0288,33,2,0,76,-5,9.05
fold2_room1_mix0288,33,4,0,-4,-1,21.25
fold2_room1_mix0288,34,2,0,72,-6,8.67
fold2_room1_mix0288,34,4,0,-4,-1,20.39
fold2_room1_mix0288,35,2,0,64,-5,9.27
fold2_room1_mix0288,35,4,0,-4,-1,20.69
fold2_room1_mix0288,36,4,0,-5,-2,18.76
fold2_room1_mix0288,37,4,0,-6,-2,17.51
fold2_room1_mix0288,38,4,0,-5,-2,17.34
fold2_room1_mix0288,39,4,0,-7,-2,15.51
fold2_room1_mix0288,40,4,0,-7,-2,14.88
fold2_room1_mix0288,41,4,0,-7,-2,15.06
fold2_room1_mix0288,42,4,0,-8,-2,13.75
fold2_room1_mix0288,43,4,0,-9,-2,14.30
fold2_room1_mix0288,44,4,0,-12,-3,13.11
fold2_room1_mix0288,45,4,0,-12,-3,12.52
fold2_room1_mix0288,46,4,0,-13,-2,12.12
fold2_room1_mix0288,47,4,0,-15,-2,11.41
fold2_room1_mix0288,48,4,0,-15,-2,10.57
fold2_room1_mix0288,49,4,0,-16,-2,10.41
fold2_room1_mix0288,50,2,0,51,-5,4.15
fold2_room1_mix0288,50,4,0,-18,-3,9.42
fold2_room1_mix0288,51,2,0,42,-5,8.39
fold2_room1_mix0288,51,4,0,-18,-2,9.18
fold2_room1_mix0288,52,2,0,59,-5,10.56
fold2_room1_mix0288,52,4,0,-20,-3,9.18
fold2_room1_mix0288,53,2,0,83,-5,11.10
fold2_room1_mix0288,53,4,0,-36,-7,3.53
fold2_room1_mix0288,53,4,0,-18,-1,11.33
fold2_room1_mix0288,54,2,0,64,-6,5.95
fold2_room1_mix0288,54,4,0,-41,-9,2.68
fold2_room1_mix0288,54,4,0,-22,-2,11.56
fold2_room1_mix0288,55,4,0,-41,-7,4.09
fold2_room1_mix0288,55,4,0,-20,-1,14.00
fold2_room1_mix0288,56,4,0,-48,-8,3.54
fold2_room1_mix0288,56,4,0,-17,0,18.00
fold2_room1_mix0288,57,4,0,-61,-9,2.78
fold2_room1_mix0288,57,4,0,-17,0,19.43
fold2_room1_mix0288,58,4,0,-76,-9,2.71
fold2_room1_mix0288,58,4,0,-16,0,19.92
fold2_room1_mix0288,59,4,0,-93,-8,2.60
fold2_room1_mix0288,59,4,0,-17,0,20.56
fold2_room1_mix0288,60,2,0,77,-5,10.45
fold2_room1_mix0288,60,4,0,-117,-6,3.02
fold2_room1_mix0288,60,4,0,-12,0,13.15
fold2_room1_mix0288,61,2,0,78,-5,13.15
fold2_room1_mix0288,61,4,0,-124,-6,2.90
fold2_room1_mix0288,61,4,0,-11,-1,10.93
fold2_room1_mix0288,62,2,0,77,-5,10.49
fold2_room1_mix0288,62,4,0,-140,-5,3.98
fold2_room1_mix0288,62,4,0,-6,-2,10.97
fold2_room1_mix0288,63,2,0,78,-5,10.93
fold2_room1_mix0288,63,4,0,-142,-3,4.68
fold2_room1_mix0288,63,4,0,-2,-2,10.43
fold2_room1_mix0288,64,2,0,70,-5,12.58
fold2_room1_mix0288,64,4,0,-146,-4,5.50
fold2_room1_mix0288,64,4,0,-1,-3,9.80
fold2_room1_mix0288,65,2,0,60,-4,11.28
fold2_room1_mix0288,65,4,0,-149,-3,6.32
fold2_room1_mix0288,65,4,0,2,-3,9.06
fold2_room1_mix0288,66,4,0,-151,-4,5.97
fold2_room1_mix0288,66,4,0,-1,-3,9.80
fold2_room1_mix0288,67,4,0,-152,-3,6.26
fold2_room1_mix0288,67,4,0,1,-4,7.66
fold2_room1_mix0288,68,4,0,-154,-3,6.84
fold2_room1_mix0288,68,4,0,1,-4,7.78
fold2_room1_mix0288,69,4,0,-154,-4,7.26
fold2_room1_mix0288,69,4,0,10,-4,8.23
fold2_room1_mix0288,70,4,0,-154,-3,7.14
fold2_room1_mix0288,70,4,0,7,-5,7.47
fold2_room1_mix0288,71,4,0,-155,-2,8.62
fold2_room1_mix0288,71,4,0,11,-4,7.80
fold2_room1_mix0288,72,4,0,-157,-2,8.98
fold2_room1_mix0288,72,4,0,13,-5,7.05
fold2_room1_mix0288,73,4,0,-159,-2,9.56
fold2_room1_mix0288,73,4,0,14,-6,6.80
fold2_room1_mix0288,74,4,0,-158,-1,10.08
fold2_room1_mix0288,74,4,0,12,-6,6.11
fold2_room1_mix0288,75,4,0,-161,0,12.66
fold2_room1_mix0288,75,4,0,13,-6,5.96
fold2_room1_mix0288,76,4,0,-161,0,13.01
fold2_room1_mix0288,76,4,0,15,-6,5.90
fold2_room1_mix0288,77,4,0,-163,0,14.21
fold2_room1_mix0288,77,4,0,18,-6,5.39
fold2_room1_mix0288,78,4,0,-168,0,15.42
fold2_room1_mix0288,78,4,0,19,-5,5.45
fold2_room1_mix0288,79,4,0,-166,0,14.81
fold2_room1_mix0288,79,4,0,21,-5,4.89
fold2_room1_mix0288,80,4,0,-165,0,17.48
fold2_room1_mix0288,80,4,0,25,-5,4.69
fold2_room1_mix0288,81,4,0,-173,1,20.18
fold2_room1_mix0288,81,4,0,30,-7,3.87
fold2_room1_mix0288,82,4,0,-172,0,18.80
fold2_room1_mix0288,82,4,0,32,-7,3.70
fold2_room1_mix0288,83,4,0,-174,1,20.89
fold2_room1_mix0288,83,4,0,37,-8,3.25
fold2_room1_mix0288,84,4,0,-173,0,21.72
fold2_room1_mix0288,84,4,0,48,-10,3.15
fold2_room1_mix0288,85,4,0,-171,1,26.26
fold2_room1_mix0288,85,4,0,57,-9,2.53
fold2_room1_mix0288,86,4,0,-170,1,23.10
fold2_room1_mix0288,86,4,0,74,-10,2.46
fold2_room1_mix0288,87,4,0,-166,2,27.19
fold2_room1_mix0288,87,4,0,97,-10,2.01
fold2_room1_mix0288,88,4,0,-167,2,29.07
fold2_room1_mix0288,88,4,0,123,-7,2.23
fold2_room1_mix0288,89,4,0,-171,4,27.44
fold2_room1_mix0288,89,4,0,130,-6,2.36
fold2_room1_mix0288,90,4,0,-167,4,28.56
fold2_room1_mix0288,90,4,0,136,-5,2.75
fold2_room1_mix0288,91,4,0,-171,5,26.03
fold2_room1_mix0288,91,4,0,140,-3,2.87
fold2_room1_mix0288,92,4,0,-170,5,26.14
fold2_room1_mix0288,92,4,0,146,-3,3.15
fold2_room1_mix0288,93,4,0,-170,5,27.08
fold2_room1_mix0288,93,4,0,145,-3,3.72
fold2_room1_mix0288,94,4,0,-168,4,29.44
fold2_room1_mix0288,94,4,0,150,-2,5.18
fold2_room1_mix0288,95,4,0,-167,3,29.26
fold2_room1_mix0288,95,4,0,159,-2,6.70
fold2_room1_mix0288,96,4,0,-169,4,31.45
fold2_room1_mix0288,96,4,0,155,-2,5.52
fold2_room1_mix0288,97,4,0,-170,3,34.39
fold2_room1_mix0288,97,4,0,160,-2,7.38
fold2_room1_mix0288,98,4,0,-170,2,30.74
fold2_room1_mix0288,98,4,0,164,-2,8.29
fold2_room1_mix0288,99,4,0,-172,2,29.05
fold2_room1_mix0288,99,4,0,163,-2,8.45
fold2_room1_mix0288,1,4,0,-4,0,1.19
fold2_room1_mix0289,0,5,0,94,2,3.75
fold2_room1_mix0289,1,5,0,98,2,10.45
fold2_room1_mix0289,2,5,0,94,3,7.56
fold2_room1_mix0289,3,4,0,5,1,5.29
fold2_room1_mix0289,3,5,0,95,3,8.28
fold2_room1_mix0289,4,4,0,10,0,17.33
fold2_room1_mix0289,4,5,0,89,2,14.59
fold2_room1_mix0289,5,4,0,14,1,20.93
fold2_room1_mix0289,5,5,0,98,2,12.86
fold2_room1_mix0289,6,4,0,12,0,24.08
fold2_room1_mix0289,6,5,0,96,2,13.86
fold2_room1_mix0289,7,4,0,13,0,30.99
fold2_room1_mix0289,7,5,0,91,2,12.70
fold2_room1_mix0289,8,4,0,9,0,33.68
fold2_room1_mix0289,8,5,0,91,2,13.15
fold2_room1_mix0289,9,4,0,14,0,30.50
fold2_room1_mix0289,9,5,0,91,2,13.21
fold2_room1_mix0289,10,4,0,25,-1,27.39
fold2_room1_mix0289,10,4,0,8,0,34.09
fold2_room1_mix0289,10,5,0,100,3,10.32
fold2_room1_mix0289,11,4,0,12,0,30.88
fold2_room1_mix0289,11,5,0,100,2,12.51
fold2_room1_mix0289,12,4,0,14,-1,30.05
fold2_room1_mix0289,12,5,0,94,3,10.50
fold2_room1_mix0289,13,4,0,25,-1,30.46
fold2_room1_mix0289,13,4,0,10,0,31.03
fold2_room1_mix0289,13,5,0,101,3,10.88
fold2_room1_mix0289,14,4,0,15,0,29.70
fold2_room1_mix0289,14,5,0,102,2,11.87
fold2_room1_mix0289,15,4,0,15,-1,30.97
fold2_room1_mix0289,15,5,0,101,2,12.02
fold2_room1_mix0289,16,0,0,9,-1,5.67
fold2_room1_mix0289,16,4,0,14,-1,30.38
fold2_room1_mix0289,16,5,0,110,3,10.94
fold2_room1_mix0289,17,0,0,13,-1,12.16
fold2_room1_mix0289,17,4,0,13,-1,30.36
fold2_room1_mix0289,17,5,0,103,3,11.94
fold2_room1_mix0289,18,0,0,17,-1,18.88
fold2_room1_mix0289,18,4,0,15,-1,31.13
fold2_room1_mix0289,18,5,0,105,3,11.47
fold2_room1_mix0289,19,0,0,16,-1,23.11
fold2_room1_mix0289,19,4,0,12,-1,30.52
fold2_room1_mix0289,19,5,0,111,3,12.19
fold2_room1_mix0289,20,0,0,16,-1,29.09
fold2_room1_mix0289,20,4,0,10,-1,30.15
fold2_room1_mix0289,20,5,0,112,3,13.14
fold2_room1_mix0289,21,0,0,18,0,56.99
fold2_room1_mix0289,21,4,0,14,-1,28.83
fold2_room1_mix0289,21,5,0,118,4,11.34
fold2_room1_mix0289,22,0,0,17,0,61.40
fold2_room1_mix0289,22,4,0,13,-2,28.25
fold2_room1_mix0289,22,5,0,116,3,11.70
fold2_room1_mix0289,23,0,0,22,0,62.86
fold2_room1_mix0289,23,4,0,17,-1,27.06
fold2_room1_mix0289,23,5,0,113,3,11.46
fold2_room1_mix0289,24,0,0,19,0,65.50
fold2_room1_mix0289,24,4,0,14,-1,26.97
fold2_room1_mix0289,24,5,0,119,4,9.58
fold2_room1_mix0289,25,0,0,18,0,74.45
fold2_room1_mix0289,25,4,0,11,-1,27.34
fold2_room1_mix0289,25,5,0,113,3,11.94
fold2_room1_mix0289,26,0,0,20,0,60.85
fold2_room1_mix0289,26,4,0,13,-1,26.99
fold2_room1_mix0289,26,5,0,116,4,10.45
fold2_room1_mix0289,27,0,0,21,0,68.43
fold2_room1_mix0289,27,4,0,17,-1,26.37
fold2_room1_mix0289,27,5,0,112,3,12.00
fold2_room1_mix0289,28,0,0,19,0,62.63
fold2_room1_mix0289,28,4,0,19,-1,24.55
fold2_room1_mix0289,28,5,0,112,4,10.92
fold2_room1_mix0289,29,0,0,20,0,56.28
fold2_room1_mix0289,29,4,0,19,-1,25.17
fold2_room1_mix0289,29,5,0,114,4,9.58
fold2_room1_mix0289,30,0,0,21,0,55.18
fold2_room1_mix0289,30,4,0,24,-1,22.89
fold2_room1_mix0289,30,5,0,114,4,10.70
fold2_room1_mix0289,31,0,0,21,0,52.27
fold2_room1_mix0289,31,4,0,24,-1,24.01
fold2_room1_mix0289,31,5,0,107,4,10.90
fold2_room1_mix0289,32,0,0,21,0,47.42
fold2_room1_mix0289,32,4,0,25,-1,22.04
fold2_room1_mix0289,32,5,0,111,5,9.20
fold2_room1_mix0289,33,0,0,22,0,49.76
fold2_room1_mix0289,33,4,0,25,-1,22.24
fold2_room1_mix0289,33,5,0,107,4,10.59
fold2_room1_mix0289,34,0,0,22,0,47.35
fold2_room1_mix0289,34,4,0,29,0,21.89
fold2_room1_mix0289,34,5,0,112,4,9.93
fold2_room1_mix0289,35,0,0,27,0,42.35
fold2_room1_mix0289,35,4,0,29,-1,20.37
fold2_room1_mix0289,35,5,0,114,4,10.49
fold2_room1_mix0289,36,0,0,29,0,38.81
fold2_room1_mix0289,36,4,0,29,-1,20.76
fold2_room1_mix0289,36,5,0,107,4,11.23
fold2_room1_mix0289,37,0,0,26,0,36.93
fold2_room1_mix0289,37,4,0,33,-1,18.73
fold2_room1_mix0289,37,5,0,112,4,10.35
fold2_room1_mix0289,38,0,0,25,0,36.19
fold2_room1_mix0289,38,4,0,31,-1,18.93
fold2_room1_mix0289,38,5,0,112,4,10.79
fold2_room1_mix0289,39,0,0,28,-1,33.08
fold2_room1_mix0289,39,4,0,33,-1,18.02
fold2_room1_mix0289,39,5,0,106,4,11.26
fold2_room1_mix0289,40,0,0,29,-1,31.27
fold2_room1_mix0289,40,4,0,34,-1,17.36
fold2_room1_mix0289,40,5,0,110,4,10.58
fold2_room1_mix0289,41,0,0,34,-1,32.27
fold2_room1_mix0289,41,4,0,36,-2,16.85
fold2_room1_mix0289,41,5,0,102,4,12.37
fold2_room1_mix0289,42,0,0,47,-1,24.60
fold2_room1_mix0289,42,4,0,37,-1,16.22
fold2_room1_mix0289,42,5,0,103,4,11.77
fold2_room1_mix0289,43,0,0,57,-1,22.84
fold2_room1_mix0289,43,4,0,41,-1,15.51
fold2_room1_mix0289,43,5,0,112,4,12.52
fold2_room1_mix0289,44,0,0,58,-1,9.22
fold2_room1_mix0289,44,4,0,40,-1,15.11
fold2_room1_mix0289,44,5,0,116,3,13.78
fold2_room1_mix0289,45,0,0,52,-1,6.90
fold2_room1_mix0289,45,4,0,47,-2,13.06
fold2_room1_mix0289,45,4,0,29,0,21.18
fold2_room1_mix0289,45,5,0,116,3,12.64
fold2_room1_mix0289,46,0,0,54,-1,6.93
fold2_room1_mix0289,46,4,0,50,-2,13.28
fold2_room1_mix0289,46,4,0,32,0,19.33
fold2_room1_mix0289,46,5,0,118,3,14.58
fold2_room1_mix0289,47,4,0,54,-2,12.42
fold2_room1_mix0289,47,4,0,38,0,18.07
fold2_room1_mix0289,47,5,0,119,2,15.59
fold2_room1_mix0289,48,4,0,58,-3,11.40
fold2_room1_mix0289,48,4,0,33,0,19.06
fold2_room1_mix0289,48,5,0,125,4,12.03
fold2_room1_mix0289,49,4,0,59,-2,11.43
fold2_room1_mix0289,49,4,0,43,0,16.68
fold2_room1_mix0289,49,5,0,120,3,12.72
fold2_room1_mix0289,50,4,0,59,-2,12.10
fold2_room1_mix0289,50,5,0,119,4,12.03
fold2_room1_mix0289,51,4,0,65,-3,10.43
fold2_room1_mix0289,51,4,0,47,0,15.94
fold2_room1_mix0289,51,5,0,124,3,14.30
fold2_room1_mix0289,52,4,0,62,-2,11.62
fold2_room1_mix0289,52,5,0,125,4,13.48
fold2_room1_mix0289,53,4,0,71,-2,10.25
fold2_room1_mix0289,53,4,0,55,0,15.13
fold2_room1_mix0289,53,5,0,126,5,10.32
fold2_room1_mix0289,54,4,0,73,-2,10.23
fold2_room1_mix0289,54,4,0,51,0,17.07
fold2_room1_mix0289,54,5,0,125,4,12.15
fold2_room1_mix0289,55,4,0,71,-1,11.27
fold2_room1_mix0289,55,5,0,127,4,12.15
fold2_room1_mix0289,56,4,0,81,-2,9.98
fold2_room1_mix0289,56,4,0,53,1,17.83
fold2_room1_mix0289,56,5,0,132,5,10.56
fold2_room1_mix0289,57,4,0,82,-2,10.19
fold2_room1_mix0289,57,4,0,59,0,17.05
fold2_room1_mix0289,57,5,0,131,4,12.50
fold2_room1_mix0289,58,4,0,82,-1,11.22
fold2_room1_mix0289,58,5,0,126,5,10.92
fold2_room1_mix0289,59,4,0,88,-1,11.00
fold2_room1_mix0289,59,5,0,128,4,10.92
fold2_room1_mix0289,60,4,0,94,-2,10.17
fold2_room1_mix0289,60,4,0,65,0,16.42
fold2_room1_mix0289,60,5,0,132,4,13.37
fold2_room1_mix0289,61,4,0,99,-2,9.87
fold2_room1_mix0289,61,4,0,82,0,14.44
fold2_room1_mix0289,61,5,0,130,5,9.97
fold2_room1_mix0289,62,4,0,99,-1,11.15
fold2_room1_mix0289,62,5,0,132,4,12.57
fold2_room1_mix0289,63,4,0,103,-1,11.38
fold2_room1_mix0289,63,5,0,132,5,10.51
fold2_room1_mix0289,64,4,0,108,-1,11.34
fold2_room1_mix0289,64,5,0,129,5,10.97
fold2_room1_mix0289,65,4,0,111,-1,11.18
fold2_room1_mix0289,65,5,0,132,5,11.08
fold2_room1_mix0289,66,4,0,116,-1,11.10
fold2_room1_mix0289,66,5,0,131,5,9.96
fold2_room1_mix0289,67,4,0,112,-1,11.87
fold2_room1_mix0289,67,5,0,132,4,12.33
fold2_room1_mix0289,68,4,0,116,-1,11.90
fold2_room1_mix0289,68,5,0,133,5,11.00
fold2_room1_mix0289,69,4,0,120,-1,11.64
fold2_room1_mix0289,69,5,0,129,5,9.96
fold2_room1_mix0289,70,4,0,123,-1,12.00
fold2_room1_mix0289,70,5,0,131,4,12.35
fold2_room1_mix0289,71,4,0,126,-1,11.88
fold2_room1_mix0289,71,5,0,128,5,10.54
fold2_room1_mix0289,72,4,0,125,-1,12.34
fold2_room1_mix0289,72,5,0,131,5,10.30
fold2_room1_mix0289,73,4,0,127,-1,12.95
fold2_room1_mix0289,73,5,0,134,5,11.49
fold2_room1_mix0289,74,4,0,131,-1,13.03
fold2_room1_mix0289,74,5,0,129,6,10.27
fold2_room1_mix0289,75,4,0,132,-1,13.51
fold2_room1_mix0289,75,5,0,129,5,11.09
fold2_room1_mix0289,76,4,0,131,-1,13.46
fold2_room1_mix0289,76,5,0,134,4,13.17
fold2_room1_mix0289,77,4,0,134,-1,13.71
fold2_room1_mix0289,77,5,0,132,5,11.10
fold2_room1_mix0289,78,4,0,134,-1,14.09
fold2_room1_mix0289,78,5,0,133,4,12.66
fold2_room1_mix0289,79,4,0,136,-1,14.94
fold2_room1_mix0289,79,5,0,133,4,12.54
fold2_room1_mix0289,80,4,0,136,0,15.08
fold2_room1_mix0289,80,5,0,130,5,12.41
fold2_room1_mix0289,81,4,0,139,0,15.67
fold2_room1_mix0289,81,5,0,134,5,12.08
fold2_room1_mix0289,82,4,0,139,0,15.72
fold2_room1_mix0289,82,5,0,129,5,12.14
fold2_room1_mix0289,83,4,0,141,0,16.81
fold2_room1_mix0289,83,5,0,129,4,13.30
fold2_room1_mix0289,84,4,0,142,0,16.61
fold2_room1_mix0289,84,5,0,133,4,13.43
fold2_room1_mix0289,85,4,0,142,0,17.11
fold2_room1_mix0289,85,5,0,132,5,11.84
fold2_room1_mix0289,86,4,0,145,0,17.68
fold2_room1_mix0289,86,5,0,133,4,12.98
fold2_room1_mix0289,87,4,0,145,0,18.09
fold2_room1_mix0289,87,5,0,135,4,12.86
fold2_room1_mix0289,88,4,0,147,0,18.79
fold2_room1_mix0289,88,5,0,134,4,12.59
fold2_room1_mix0289,89,4,0,149,0,19.09
fold2_room1_mix0289,89,5,0,134,4,12.86
fold2_room1_mix0289,90,4,0,148,0,18.78
fold2_room1_mix0289,90,5,0,131,5,11.58
fold2_room1_mix0289,91,4,0,151,0,20.30
fold2_room1_mix0289,91,5,0,133,4,12.14
fold2_room1_mix0289,92,4,0,150,0,19.89
fold2_room1_mix0289,92,5,0,133,4,12.08
fold2_room1_mix0289,93,4,0,151,0,20.15
fold2_room1_mix0289,93,5,0,132,5,11.59
fold2_room1_mix0289,94,4,0,152,0,21.70
fold2_room1_mix0289,94,5,0,133,5,11.49
fold2_room1_mix0289,95,4,0,152,0,21.72
fold2_room1_mix0289,95,5,0,135,4,13.69
fold2_room1_mix0289,96,4,0,154,0,22.17
fold2_room1_mix0289,96,5,0,133,4,12.84
fold2_room1_mix0289,97,4,0,155,0,23.26
fold2_room1_mix0289,97,5,0,132,4,12.24
fold2_room1_mix0289,98,4,0,155,0,23.11
fold2_room1_mix0289,98,5,0,131,4,12.13
fold2_room1_mix0289,99,4,0,158,0,24.16
fold2_room1_mix0289,99,5,0,132,4,12.67
fold2_room1_mix0290,2,4,0,-176,0,0.75
fold2_room1_mix0290,3,4,0,-171,1,4.56
fold2_room1_mix0290,3,4,0,-2,0,4.84
fold2_room1_mix0290,4,4,0,-164,-1,13.64
fold2_room1_mix0290,4,4,0,-3,-1,17.69
fold2_room1_mix0290,5,4,0,-163,-2,15.25
fold2_room1_mix0290,5,4,0,-4,-1,19.88
fold2_room1_mix0290,6,4,0,-167,-1,18.11
fold2_room1_mix0290,6,4,0,-4,0,23.49
fold2_room1_mix0290,7,4,0,-167,-1,26.62
fold2_room1_mix0290,7,4,0,-4,-1,33.23
fold2_room1_mix0290,8,4,0,-164,-1,25.08
fold2_room1_mix0290,8,4,0,-3,-1,35.84
fold2_room1_mix0290,9,4,0,-160,-2,26.54
fold2_room1_mix0290,9,4,0,-3,-1,38.11
fold2_room1_mix0290,10,4,0,-163,-1,26.43
fold2_room1_mix0290,10,4,0,-3,-1,35.52
fold2_room1_mix0290,11,4,0,-162,-1,25.85
fold2_room1_mix0290,11,4,0,-5,-1,33.89
fold2_room1_mix0290,12,4,0,-161,-1,26.35
fold2_room1_mix0290,12,4,0,-4,-1,35.58
fold2_room1_mix0290,13,4,0,-161,-2,23.46
fold2_room1_mix0290,13,4,0,-4,-1,32.27
fold2_room1_mix0290,14,4,0,-160,-1,24.45
fold2_room1_mix0290,14,4,0,-4,-1,31.45
fold2_room1_mix0290,15,4,0,-161,-1,24.27
fold2_room1_mix0290,15,4,0,-3,-1,28.82
fold2_room1_mix0290,16,4,0,-161,-1,24.23
fold2_room1_mix0290,16,4,0,-4,-1,27.90
fold2_room1_mix0290,17,4,0,-156,-2,24.46
fold2_room1_mix0290,17,4,0,-9,-1,34.23
fold2_room1_mix0290,18,4,0,-160,-1,24.55
fold2_room1_mix0290,18,4,0,-7,-1,29.03
fold2_room1_mix0290,19,4,0,-160,-1,25.06
fold2_room1_mix0290,19,4,0,-5,-1,28.00
fold2_room1_mix0290,20,4,0,-161,-1,24.38
fold2_room1_mix0290,20,4,0,-7,-1,28.30
fold2_room1_mix0290,21,4,0,-162,-1,23.78
fold2_room1_mix0290,21,4,0,-10,-1,25.93
fold2_room1_mix0290,22,4,0,-162,-2,23.19
fold2_room1_mix0290,22,4,0,-10,-2,26.24
fold2_room1_mix0290,23,4,0,-162,-2,21.19
fold2_room1_mix0290,23,4,0,-9,-1,24.66
fold2_room1_mix0290,24,4,0,-161,-2,21.12
fold2_room1_mix0290,24,4,0,-13,-1,25.31
fold2_room1_mix0290,25,4,0,-157,-2,20.90
fold2_room1_mix0290,25,4,0,-9,-1,23.76
fold2_room1_mix0290,26,4,0,-159,-1,19.63
fold2_room1_mix0290,26,4,0,-10,-1,22.99
fold2_room1_mix0290,27,4,0,-157,-1,19.75
fold2_room1_mix0290,27,4,0,-11,-1,24.23
fold2_room1_mix0290,28,4,0,-156,-2,18.96
fold2_room1_mix0290,28,4,0,-7,-1,23.80
fold2_room1_mix0290,29,4,0,-157,-1,18.05
fold2_room1_mix0290,29,4,0,-10,-1,22.29
fold2_room1_mix0290,30,4,0,-156,-1,18.79
fold2_room1_mix0290,30,4,0,-11,-1,21.93
fold2_room1_mix0290,31,4,0,-156,-1,18.98
fold2_room1_mix0290,31,4,0,-13,-1,21.93
fold2_room1_mix0290,32,4,0,-154,-1,17.23
fold2_room1_mix0290,32,4,0,-10,-1,21.02
fold2_room1_mix0290,33,4,0,-153,-1,16.84
fold2_room1_mix0290,33,4,0,-10,-1,20.14
fold2_room1_mix0290,34,4,0,-154,-1,17.96
fold2_room1_mix0290,34,4,0,-11,-1,20.90
fold2_room1_mix0290,35,4,0,-151,-1,16.64
fold2_room1_mix0290,35,4,0,-8,-1,19.42
fold2_room1_mix0290,36,4,0,-151,-1,16.58
fold2_room1_mix0290,36,4,0,-7,-1,18.42
fold2_room1_mix0290,37,4,0,-150,-1,16.88
fold2_room1_mix0290,37,4,0,-9,-1,17.76
fold2_room1_mix0290,38,4,0,-152,-1,17.30
fold2_room1_mix0290,38,4,0,-7,-1,18.02
fold2_room1_mix0290,39,4,0,-148,-1,16.54
fold2_room1_mix0290,39,4,0,-6,-1,16.34
fold2_room1_mix0290,40,4,0,-147,-1,17.20
fold2_room1_mix0290,40,4,0,-8,-2,15.51
fold2_room1_mix0290,41,4,0,-146,-1,18.08
fold2_room1_mix0290,41,4,0,-6,-2,15.19
fold2_room1_mix0290,42,4,0,-144,-1,17.16
fold2_room1_mix0290,42,4,0,-5,-2,14.66
fold2_room1_mix0290,43,4,0,-143,-1,16.36
fold2_room1_mix0290,43,4,0,-7,-2,12.94
fold2_room1_mix0290,44,4,0,-143,-1,16.38
fold2_room1_mix0290,44,4,0,-5,-3,12.37
fold2_room1_mix0290,45,4,0,-141,-1,15.88
fold2_room1_mix0290,45,4,0,-6,-3,11.58
fold2_room1_mix0290,46,4,0,-141,-1,16.24
fold2_room1_mix0290,46,4,0,-5,-3,11.75
fold2_room1_mix0290,47,4,0,-139,-1,15.46
fold2_room1_mix0290,47,4,0,-6,-3,10.77
fold2_room1_mix0290,48,4,0,-136,-1,14.21
fold2_room1_mix0290,48,4,0,-5,-3,10.07
fold2_room1_mix0290,49,4,0,-137,0,15.59
fold2_room1_mix0290,49,4,0,-4,-4,9.93
fold2_room1_mix0290,50,4,0,-137,0,14.12
fold2_room1_mix0290,50,4,0,-5,-4,8.95
fold2_room1_mix0290,51,4,0,-135,0,14.20
fold2_room1_mix0290,51,4,0,-6,-4,8.75
fold2_room1_mix0290,52,4,0,-135,0,13.52
fold2_room1_mix0290,52,4,0,-8,-4,8.08
fold2_room1_mix0290,53,4,0,-132,-1,12.95
fold2_room1_mix0290,53,4,0,-6,-5,7.52
fold2_room1_mix0290,54,4,0,-129,0,12.52
fold2_room1_mix0290,54,4,0,-7,-5,6.80
fold2_room1_mix0290,55,4,0,-129,0,12.62
fold2_room1_mix0290,55,4,0,-8,-5,6.19
fold2_room1_mix0290,56,4,0,-123,0,12.32
fold2_room1_mix0290,56,4,0,-10,-6,5.59
fold2_room1_mix0290,57,4,0,-123,0,11.74
fold2_room1_mix0290,57,4,0,-9,-6,5.01
fold2_room1_mix0290,58,4,0,-120,0,11.54
fold2_room1_mix0290,58,4,0,-12,-8,4.18
fold2_room1_mix0290,59,4,0,-116,0,11.14
fold2_room1_mix0290,59,4,0,-14,-8,3.63
fold2_room1_mix0290,60,4,0,-110,0,11.94
fold2_room1_mix0290,60,4,0,-13,-10,3.17
fold2_room1_mix0290,61,4,0,-115,-1,11.01
fold2_room1_mix0290,61,4,0,-18,-10,2.77
fold2_room1_mix0290,62,4,0,-106,-1,10.88
fold2_room1_mix0290,62,4,0,-25,-12,2.23
fold2_room1_mix0290,63,4,0,-108,0,10.64
fold2_room1_mix0290,63,4,0,-33,-12,2.02
fold2_room1_mix0290,64,4,0,-106,-2,8.75
fold2_room1_mix0290,64,4,0,-73,-12,1.88
fold2_room1_mix0290,64,4,0,-43,-12,2.48
fold2_room1_mix0290,65,4,0,-119,-4,5.94
fold2_room1_mix0290,65,4,0,-104,-12,1.78
fold2_room1_mix0290,65,4,0,-76,-7,4.42
fold2_room1_mix0290,66,4,0,-130,-6,3.16
fold2_room1_mix0290,66,4,0,-99,-2,5.96
fold2_room1_mix0290,67,4,0,-135,-8,2.67
fold2_room1_mix0290,67,4,0,-65,-1,9.83
fold2_room1_mix0290,68,4,0,-140,-7,3.08
fold2_room1_mix0290,68,4,0,-68,-2,7.60
fold2_room1_mix0290,69,4,0,-147,-5,3.46
fold2_room1_mix0290,69,4,0,-71,-2,7.87
fold2_room1_mix0290,70,4,0,-152,-5,4.71
fold2_room1_mix0290,70,4,0,-61,-3,8.91
fold2_room1_mix0290,71,4,0,-155,-5,4.78
fold2_room1_mix0290,71,4,0,-63,-3,8.36
fold2_room1_mix0290,72,4,0,-158,-4,5.74
fold2_room1_mix0290,72,4,0,-64,-3,9.17
fold2_room1_mix0290,73,4,0,-160,-4,6.29
fold2_room1_mix0290,73,4,0,-59,-2,10.36
fold2_room1_mix0290,74,4,0,-159,-4,6.55
fold2_room1_mix0290,74,4,0,-59,-3,9.33
fold2_room1_mix0290,75,4,0,-161,-3,7.29
fold2_room1_mix0290,75,4,0,-59,-2,10.16
fold2_room1_mix0290,76,4,0,-162,-2,8.54
fold2_room1_mix0290,76,4,0,-63,-3,10.04
fold2_room1_mix0290,77,4,0,-163,-2,9.00
fold2_room1_mix0290,77,4,0,-61,-2,11.31
fold2_room1_mix0290,78,4,0,-165,-2,9.77
fold2_room1_mix0290,78,4,0,-63,-2,11.34
fold2_room1_mix0290,79,4,0,-157,-2,10.26
fold2_room1_mix0290,79,4,0,-58,-2,11.59
fold2_room1_mix0290,80,4,0,-162,-2,10.65
fold2_room1_mix0290,80,4,0,-63,-2,12.18
fold2_room1_mix0290,81,4,0,-157,-2,10.56
fold2_room1_mix0290,81,4,0,-58,-2,12.56
fold2_room1_mix0290,82,4,0,-158,-2,11.37
fold2_room1_mix0290,82,4,0,-53,-2,13.06
fold2_room1_mix0290,83,4,0,-161,-2,12.49
fold2_room1_mix0290,83,4,0,-74,-3,11.00
fold2_room1_mix0290,83,4,0,-54,-2,13.32
fold2_room1_mix0290,84,4,0,-164,-1,13.65
fold2_room1_mix0290,84,4,0,-54,-3,12.27
fold2_room1_mix0290,85,4,0,-161,-1,13.30
fold2_room1_mix0290,85,4,0,-53,-2,12.20
fold2_room1_mix0290,86,4,0,-163,-1,15.15
fold2_room1_mix0290,86,4,0,-51,-2,13.24
fold2_room1_mix0290,87,4,0,-164,-1,15.45
fold2_room1_mix0290,87,4,0,-57,-3,11.57
fold2_room1_mix0290,87,4,0,-42,-1,16.00
fold2_room1_mix0290,88,4,0,-164,-1,17.15
fold2_room1_mix0290,88,4,0,-53,-3,13.64
fold2_room1_mix0290,89,4,0,-163,-1,17.56
fold2_room1_mix0290,89,4,0,-52,-2,14.39
fold2_room1_mix0290,90,4,0,-163,-1,19.64
fold2_room1_mix0290,90,4,0,-50,-3,14.32
fold2_room1_mix0290,91,4,0,-161,-1,20.19
fold2_room1_mix0290,91,4,0,-50,-3,14.69
fold2_room1_mix0290,92,4,0,-161,-1,20.77
fold2_room1_mix0290,92,4,0,-46,-3,15.35
fold2_room1_mix0290,93,4,0,-161,-1,20.01
fold2_room1_mix0290,93,4,0,-47,-2,15.44
fold2_room1_mix0290,94,4,0,-159,0,22.36
fold2_room1_mix0290,94,4,0,-42,-3,16.51
fold2_room1_mix0290,95,4,0,-158,-1,21.99
fold2_room1_mix0290,95,4,0,-40,-3,16.81
fold2_room1_mix0290,96,4,0,-159,0,22.43
fold2_room1_mix0290,96,4,0,-39,-2,17.41
fold2_room1_mix0290,97,4,0,-157,0,24.47
fold2_room1_mix0290,97,4,0,-36,-2,19.35
fold2_room1_mix0290,98,4,0,-160,0,24.63
fold2_room1_mix0290,98,4,0,-35,-2,19.05
fold2_room1_mix0290,99,4,0,-158,0,23.63
fold2_room1_mix0290,99,4,0,-31,-2,19.70
fold2_room1_mix0291,5,4,0,1,0,6.17
fold2_room1_mix0291,6,4,0,0,0,10.90
fold2_room1_mix0291,7,4,0,3,0,17.75
fold2_room1_mix0291,8,4,0,0,0,17.32
fold2_room1_mix0291,9,4,0,2,0,20.96
fold2_room1_mix0291,10,4,0,2,0,26.27
fold2_room1_mix0291,11,4,0,4,0,30.58
fold2_room1_mix0291,12,4,0,3,0,33.86
fold2_room1_mix0291,13,4,0,2,0,27.94
fold2_room1_mix0291,14,4,0,3,0,35.81
fold2_room1_mix0291,15,4,0,4,0,35.66
fold2_room1_mix0291,16,4,0,4,-1,32.15
fold2_room1_mix0291,17,4,0,5,0,39.00
fold2_room1_mix0291,18,4,0,7,0,43.14
fold2_room1_mix0291,19,4,0,6,0,42.93
fold2_room1_mix0291,20,4,0,4,0,42.88
fold2_room1_mix0291,21,4,0,5,0,47.16
fold2_room1_mix0291,22,4,0,5,0,46.13
fold2_room1_mix0291,23,4,0,6,0,46.64
fold2_room1_mix0291,24,4,0,3,0,45.85
fold2_room1_mix0291,25,4,0,4,0,47.48
fold2_room1_mix0291,26,4,0,4,0,48.45
fold2_room1_mix0291,27,4,0,4,0,49.79
fold2_room1_mix0291,28,4,0,6,0,52.74
fold2_room1_mix0291,29,4,0,5,0,49.43
fold2_room1_mix0291,30,4,0,5,0,50.39
fold2_room1_mix0291,31,4,0,8,0,49.35
fold2_room1_mix0291,32,4,0,5,0,48.75
fold2_room1_mix0291,33,4,0,5,0,51.62
fold2_room1_mix0291,34,4,0,6,0,48.76
fold2_room1_mix0291,35,4,0,6,0,51.89
fold2_room1_mix0291,36,4,0,7,0,55.30
fold2_room1_mix0291,37,0,0,159,-2,2.89
fold2_room1_mix0291,37,4,0,9,0,53.49
fold2_room1_mix0291,38,0,0,162,-2,3.20
fold2_room1_mix0291,38,4,0,7,0,53.03
fold2_room1_mix0291,39,0,0,163,-2,2.60
fold2_room1_mix0291,39,4,0,6,0,51.77
fold2_room1_mix0291,40,0,0,158,-2,9.71
fold2_room1_mix0291,40,4,0,6,0,49.99
fold2_room1_mix0291,41,0,0,153,-2,9.90
fold2_room1_mix0291,41,4,0,6,0,45.28
fold2_room1_mix0291,42,0,0,155,-2,8.56
fold2_room1_mix0291,42,4,0,6,0,44.03
fold2_room1_mix0291,43,0,0,148,-2,10.24
fold2_room1_mix0291,43,4,0,6,0,44.02
fold2_room1_mix0291,44,0,0,147,-2,9.06
fold2_room1_mix0291,44,4,0,6,-1,41.77
fold2_room1_mix0291,45,0,0,146,-2,8.79
fold2_room1_mix0291,45,4,0,5,-1,37.38
fold2_room1_mix0291,46,0,0,137,-3,7.87
fold2_room1_mix0291,46,4,0,6,-1,37.68
fold2_room1_mix0291,47,0,0,134,-3,6.91
fold2_room1_mix0291,47,4,0,4,-2,35.58
fold2_room1_mix0291,48,0,0,126,-3,7.43
fold2_room1_mix0291,48,4,0,3,-2,34.94
fold2_room1_mix0291,49,0,0,125,-3,7.18
fold2_room1_mix0291,49,4,0,4,-2,35.38
fold2_room1_mix0291,50,0,0,126,-3,6.80
fold2_room1_mix0291,50,4,0,4,-2,34.18
fold2_room1_mix0291,51,0,0,115,-3,7.06
fold2_room1_mix0291,51,4,0,3,-2,32.30
fold2_room1_mix0291,52,0,0,109,-3,7.68
fold2_room1_mix0291,52,4,0,0,-1,33.48
fold2_room1_mix0291,53,0,0,111,-3,8.13
fold2_room1_mix0291,53,4,0,4,0,31.86
fold2_room1_mix0291,54,0,0,109,-3,9.14
fold2_room1_mix0291,54,4,0,3,0,28.40
fold2_room1_mix0291,55,0,0,94,-3,8.85
fold2_room1_mix0291,55,4,0,2,0,29.43
fold2_room1_mix0291,56,0,0,73,-4,8.12
fold2_room1_mix0291,56,4,0,1,-1,27.21
fold2_room1_mix0291,57,0,0,76,-3,9.40
fold2_room1_mix0291,57,4,0,0,-1,26.83
fold2_room1_mix0291,58,0,0,54,-3,9.45
fold2_room1_mix0291,58,4,0,5,-1,22.57
fold2_room1_mix0291,59,0,0,53,-3,9.20
fold2_room1_mix0291,59,4,0,3,-1,21.43
fold2_room1_mix0291,60,0,0,48,-3,10.45
fold2_room1_mix0291,60,4,0,4,-1,20.92
fold2_room1_mix0291,61,0,0,40,-3,10.86
fold2_room1_mix0291,61,4,0,2,-1,19.97
fold2_room1_mix0291,62,0,0,42,-2,11.74
fold2_room1_mix0291,62,4,0,2,-1,18.92
fold2_room1_mix0291,63,0,0,38,-2,13.45
fold2_room1_mix0291,63,4,0,1,-1,18.04
fold2_room1_mix0291,64,0,0,33,-2,13.51
fold2_room1_mix0291,64,4,0,0,-2,15.96
fold2_room1_mix0291,65,0,0,32,-2,12.94
fold2_room1_mix0291,65,4,0,4,-1,16.22
fold2_room1_mix0291,66,0,0,29,-2,14.08
fold2_room1_mix0291,66,4,0,5,-2,14.74
fold2_room1_mix0291,67,0,0,27,-2,14.36
fold2_room1_mix0291,67,4,0,4,-3,13.42
fold2_room1_mix0291,68,0,0,30,-2,15.82
fold2_room1_mix0291,68,4,0,3,-2,12.58
fold2_room1_mix0291,69,0,0,25,-2,16.61
fold2_room1_mix0291,69,4,0,6,-3,11.60
fold2_room1_mix0291,70,0,0,24,-2,18.86
fold2_room1_mix0291,70,4,0,8,-4,10.22
fold2_room1_mix0291,71,0,0,23,-1,20.89
fold2_room1_mix0291,71,4,0,9,-3,10.24
fold2_room1_mix0291,72,0,0,23,-1,21.03
fold2_room1_mix0291,72,4,0,12,-4,8.23
fold2_room1_mix0291,73,0,0,22,-1,21.22
fold2_room1_mix0291,73,4,0,10,-5,6.93
fold2_room1_mix0291,74,0,0,20,-1,23.83
fold2_room1_mix0291,74,4,0,12,-4,6.50
fold2_room1_mix0291,75,0,0,22,-1,22.38
fold2_room1_mix0291,75,4,0,14,-6,5.34
fold2_room1_mix0291,76,0,0,22,-1,24.88
fold2_room1_mix0291,76,4,0,17,-6,4.60
fold2_room1_mix0291,77,0,0,19,-1,25.88
fold2_room1_mix0291,77,4,0,24,-9,3.89
fold2_room1_mix0291,78,0,0,21,-1,23.78
fold2_room1_mix0291,78,4,0,31,-12,3.05
fold2_room1_mix0291,79,0,0,22,-1,21.00
fold2_room1_mix0291,79,4,0,55,-21,2.08
fold2_room1_mix0291,80,0,0,21,-1,21.80
fold2_room1_mix0291,80,4,0,99,-23,1.95
fold2_room1_mix0291,81,0,0,21,-1,24.18
fold2_room1_mix0291,81,4,0,139,-15,2.27
fold2_room1_mix0291,82,0,0,19,-1,23.89
fold2_room1_mix0291,82,4,0,153,-12,2.64
fold2_room1_mix0291,83,0,0,20,-1,22.68
fold2_room1_mix0291,83,4,0,162,-8,3.45
fold2_room1_mix0291,84,0,0,21,-1,24.89
fold2_room1_mix0291,84,4,0,162,-7,4.33
fold2_room1_mix0291,85,0,0,19,-1,26.25
fold2_room1_mix0291,85,4,0,168,-5,5.08
fold2_room1_mix0291,86,0,0,18,-1,26.50
fold2_room1_mix0291,86,4,0,170,-4,5.64
fold2_room1_mix0291,87,0,0,14,-1,29.33
fold2_room1_mix0291,87,4,0,169,-4,6.70
fold2_room1_mix0291,88,0,0,15,0,31.91
fold2_room1_mix0291,88,4,0,172,-3,7.53
fold2_room1_mix0291,89,0,0,16,-1,29.64
fold2_room1_mix0291,89,4,0,172,-3,8.29
fold2_room1_mix0291,90,0,0,15,-1,31.15
fold2_room1_mix0291,90,4,0,173,-2,9.63
fold2_room1_mix0291,91,0,0,16,-1,31.76
fold2_room1_mix0291,91,4,0,174,-2,9.89
fold2_room1_mix0291,92,0,0,15,0,21.91
fold2_room1_mix0291,92,4,0,175,-2,11.26
fold2_room1_mix0291,93,0,0,14,0,14.50
fold2_room1_mix0291,93,4,0,174,-1,12.19
fold2_room1_mix0291,94,0,0,17,0,9.10
fold2_room1_mix0291,94,4,0,175,-2,12.67
fold2_room1_mix0291,95,0,0,14,0,7.92
fold2_room1_mix0291,95,4,0,176,-2,13.64
fold2_room1_mix0291,96,4,0,176,-1,14.74
fold2_room1_mix0291,97,4,0,175,-1,15.69
fold2_room1_mix0291,98,4,0,176,-1,16.76
fold2_room1_mix0291,99,4,0,176,0,17.44
fold2_room1_mix0292,7,1,0,162,-1,11.83
fold2_room1_mix0292,8,1,0,149,-2,30.57
fold2_room1_mix0292,10,1,0,143,-2,23.93
fold2_room1_mix0292,11,1,0,144,-2,22.27
fold2_room1_mix0292,12,1,0,141,-2,23.08
fold2_room1_mix0292,13,1,0,141,-2,24.18
fold2_room1_mix0292,15,1,0,136,-2,22.75
fold2_room1_mix0292,16,1,0,136,-2,19.39
fold2_room1_mix0292,17,1,0,136,-2,21.60
fold2_room1_mix0292,18,1,0,131,-2,21.12
fold2_room1_mix0292,20,1,0,129,-2,16.81
fold2_room1_mix0292,21,1,0,126,-2,17.94
fold2_room1_mix0292,22,1,0,124,-2,17.43
fold2_room1_mix0292,23,1,0,118,-2,16.70
fold2_room1_mix0292,25,1,0,111,-3,14.03
fold2_room1_mix0292,26,1,0,106,-3,15.06
fold2_room1_mix0292,27,1,0,104,-3,13.58
fold2_room1_mix0292,28,1,0,101,-3,12.60
fold2_room1_mix0293,38,1,0,-40,-2,11.61
fold2_room1_mix0293,39,1,0,-46,-3,17.73
fold2_room1_mix0293,40,1,0,-48,-3,18.31
fold2_room1_mix0293,42,1,0,-52,-3,15.53
fold2_room1_mix0293,43,1,0,-50,-3,15.30
fold2_room1_mix0293,44,1,0,-54,-3,12.84
fold2_room1_mix0293,45,1,0,-51,-3,15.70
fold2_room1_mix0293,47,1,0,-52,-3,14.08
fold2_room1_mix0293,48,1,0,-59,-3,13.62
fold2_room1_mix0293,49,1,0,-68,-3,11.52
fold2_room1_mix0293,50,1,0,-61,-3,12.61
fold2_room1_mix0293,51,1,0,-70,-3,2.84
fold2_room1_mix0293,53,1,0,-72,-3,14.38
fold2_room1_mix0293,54,1,0,-82,-4,9.64
fold2_room1_mix0293,55,1,0,-83,-4,10.36
fold2_room1_mix0293,56,1,0,-79,-4,11.40
fold2_room1_mix0293,57,4,0,11,-2,6.32
fold2_room1_mix0293,58,1,0,-94,-3,8.56
fold2_room1_mix0293,59,1,0,-98,-5,9.65
fold2_room1_mix0293,60,1,0,-104,-4,10.40
fold2_room1_mix0293,60,4,0,16,-2,3.60
fold2_room1_mix0293,61,1,0,-99,-5,10.32
fold2_room1_mix0293,62,4,0,20,-3,5.52
fold2_room1_mix0293,63,1,0,-113,-3,10.15
fold2_room1_mix0293,63,4,0,18,-3,1.57
fold2_room1_mix0293,64,1,0,-116,-4,9.69
fold2_room1_mix0293,64,4,0,15,-3,4.39
fold2_room1_mix0293,65,1,0,-121,-3,9.29
fold2_room1_mix0293,65,4,0,30,-6,5.20
fold2_room1_mix0293,66,1,0,-118,-4,10.52
fold2_room1_mix0293,66,4,0,13,-2,3.32
fold2_room1_mix0293,67,4,0,36,-6,2.74
fold2_room1_mix0293,68,1,0,-93,-5,8.86
fold2_room1_mix0293,68,4,0,28,-6,2.46
fold2_room1_mix0293,69,1,0,-130,-3,10.10
fold2_room1_mix0293,69,4,0,38,-7,2.02
fold2_room1_mix0293,70,1,0,-135,-3,10.42
fold2_room1_mix0293,70,4,0,43,-9,1.68
fold2_room1_mix0293,71,1,0,-135,-3,9.83
fold2_room1_mix0293,71,4,0,55,-10,2.25
fold2_room1_mix0293,72,1,0,-136,-3,10.34
fold2_room1_mix0293,72,4,0,75,-8,0.73
fold2_room1_mix0293,73,4,0,115,-14,1.76
fold2_room1_mix0293,74,1,0,-139,-2,11.45
fold2_room1_mix0293,74,4,0,104,-12,2.08
fold2_room1_mix0293,75,1,0,-142,-3,13.54
fold2_room1_mix0293,75,4,0,107,-10,1.27
fold2_room1_mix0293,76,1,0,-138,-2,12.37
fold2_room1_mix0293,76,4,0,130,-10,1.90
fold2_room1_mix0293,76,4,0,104,-14,1.65
fold2_room1_mix0293,77,1,0,-134,-3,7.14
fold2_room1_mix0293,77,4,0,147,-6,2.73
fold2_room1_mix0293,77,4,0,17,-11,2.89
fold2_room1_mix0293,78,4,0,163,-7,4.02
fold2_room1_mix0293,78,4,0,-17,-9,4.01
fold2_room1_mix0293,79,4,0,168,-8,4.57
fold2_room1_mix0293,79,4,0,-26,-9,4.13
fold2_room1_mix0293,80,4,0,176,-8,5.44
fold2_room1_mix0293,80,4,0,-42,-12,3.33
fold2_room1_mix0293,81,4,0,175,-7,5.02
fold2_room1_mix0293,81,4,0,-48,-12,3.11
fold2_room1_mix0293,82,4,0,178,-3,6.68
fold2_room1_mix0293,82,4,0,-74,-12,2.49
fold2_room1_mix0293,83,4,0,174,-5,6.35
fold2_room1_mix0293,83,4,0,-148,-8,4.60
fold2_room1_mix0293,83,4,0,-89,-18,2.11
fold2_room1_mix0293,84,4,0,174,-7,5.23
fold2_room1_mix0293,84,4,0,-112,-18,2.08
fold2_room1_mix0293,85,4,0,175,-6,6.28
fold2_room1_mix0293,85,4,0,-164,-8,4.35
fold2_room1_mix0293,85,4,0,-141,-12,2.77
fold2_room1_mix0293,86,4,0,176,-6,6.47
fold2_room1_mix0293,86,4,0,-162,-8,4.81
fold2_room1_mix0293,86,4,0,-147,-9,3.70
fold2_room1_mix0293,87,4,0,172,-4,8.31
fold2_room1_mix0293,87,4,0,-167,-5,5.96
fold2_room1_mix0293,87,4,0,-151,-7,4.42
fold2_room1_mix0293,88,4,0,-162,-5,5.94
fold2_room1_mix0293,89,4,0,-168,-4,6.80
fold2_room1_mix0293,90,4,0,-169,-4,7.94
fold2_room1_mix0293,91,4,0,-170,-3,7.84
fold2_room1_mix0293,92,4,0,-169,-3,8.11
fold2_room1_mix0293,93,4,0,-171,-2,8.99
fold2_room1_mix0293,94,4,0,-171,-2,9.21
fold2_room1_mix0293,95,4,0,-171,-3,10.25
fold2_room1_mix0293,96,4,0,-170,-2,10.64
fold2_room1_mix0293,97,4,0,-174,-2,10.70
fold2_room1_mix0293,98,4,0,-174,-1,3.98
fold2_room1_mix0294,39,1,0,-68,-3,10.68
fold2_room1_mix0294,40,1,0,-68,-4,14.06
fold2_room1_mix0294,41,1,0,-82,-3,11.72
fold2_room1_mix0294,42,1,0,-78,-3,6.87
fold2_room1_mix0294,43,1,0,-65,-4,12.61
fold2_room1_mix0294,44,1,0,-61,-3,12.03
fold2_room1_mix0294,45,1,0,-61,-3,15.23
fold2_room1_mix0294,46,1,0,-64,-3,9.82
fold2_room1_mix0294,47,1,0,-57,-3,15.20
fold2_room1_mix0294,48,1,0,-49,-3,17.86
fold2_room1_mix0294,49,1,0,-51,-3,14.69
fold2_room1_mix0294,50,1,0,-46,-3,21.12
fold2_room1_mix0294,52,1,0,-47,-3,18.80
fold2_room1_mix0294,53,1,0,-37,-3,21.74
fold2_room1_mix0294,54,1,0,-38,-2,20.31
fold2_room1_mix0294,55,1,0,-38,-3,21.72
fold2_room1_mix0294,57,1,0,-35,-2,15.65
fold2_room1_mix0294,58,1,0,-33,-3,24.10
fold2_room1_mix0294,59,1,0,-36,-2,21.93
fold2_room1_mix0294,60,1,0,-35,-2,20.63
fold2_room1_mix0294,62,1,0,-32,-2,21.39
fold2_room1_mix0294,63,1,0,-30,-3,25.90
fold2_room1_mix0294,64,1,0,-34,-2,23.50
fold2_room1_mix0294,67,1,0,-28,-3,23.70
fold2_room1_mix0294,68,1,0,-29,-2,25.23
fold2_room1_mix0294,69,1,0,-29,-2,28.77
fold2_room1_mix0294,71,1,0,-30,-3,20.50
fold2_room1_mix0294,72,1,0,-27,-2,19.76
fold2_room1_mix0294,73,1,0,-25,-2,24.40
fold2_room1_mix0294,74,1,0,-24,-2,29.21
fold2_room1_mix0294,76,1,0,-24,-2,13.12
fold2_room1_mix0294,77,1,0,-21,-2,24.92
fold2_room1_mix0294,78,1,0,-24,-2,20.60
fold2_room1_mix0294,79,1,0,-19,-2,29.10
fold2_room1_mix0294,81,1,0,-24,-2,14.55
fold2_room1_mix0294,82,1,0,-21,-2,25.15
fold2_room1_mix0294,83,1,0,-20,-2,25.90
fold2_room1_mix0294,84,1,0,-21,-2,20.91
fold2_room1_mix0294,86,1,0,-19,-2,16.20
fold2_room1_mix0294,87,1,0,-19,-2,35.13
fold2_room1_mix0294,88,1,0,-20,-1,11.68
fold2_room1_mix0295,34,4,0,171,-1,3.97
fold2_room1_mix0295,35,0,0,134,-1,2.14
fold2_room1_mix0295,35,4,0,164,-1,7.28
fold2_room1_mix0295,36,0,0,130,-1,3.89
fold2_room1_mix0295,36,4,0,165,-1,13.08
fold2_room1_mix0295,37,0,0,135,-2,5.59
fold2_room1_mix0295,37,4,0,164,-2,12.19
fold2_room1_mix0295,38,0,0,126,-2,7.81
fold2_room1_mix0295,38,4,0,165,-2,11.19
fold2_room1_mix0295,39,0,0,128,-2,8.78
fold2_room1_mix0295,39,4,0,162,-2,12.80
fold2_room1_mix0295,40,0,0,129,-1,15.12
fold2_room1_mix0295,40,4,0,167,-2,13.81
fold2_room1_mix0295,41,0,0,127,-2,15.33
fold2_room1_mix0295,41,4,0,169,-2,11.92
fold2_room1_mix0295,42,0,0,127,-1,18.57
fold2_room1_mix0295,42,4,0,169,-3,11.36
fold2_room1_mix0295,43,0,0,118,-2,15.66
fold2_room1_mix0295,43,4,0,170,-2,11.13
fold2_room1_mix0295,44,0,0,113,-2,16.18
fold2_room1_mix0295,44,4,0,171,-2,11.45
fold2_room1_mix0295,45,0,0,111,-2,15.09
fold2_room1_mix0295,45,4,0,169,-2,11.36
fold2_room1_mix0295,46,0,0,107,-2,14.21
fold2_room1_mix0295,46,4,0,172,-2,10.44
fold2_room1_mix0295,47,0,0,98,-2,13.37
fold2_room1_mix0295,47,4,0,173,-2,9.92
fold2_room1_mix0295,48,0,0,99,-2,13.05
fold2_room1_mix0295,48,4,0,172,-3,9.21
fold2_room1_mix0295,49,0,0,95,-2,12.43
fold2_room1_mix0295,49,4,0,173,-3,9.95
fold2_room1_mix0295,50,0,0,91,-2,12.34
fold2_room1_mix0295,50,4,0,169,-3,8.98
fold2_room1_mix0295,51,0,0,87,-2,12.72
fold2_room1_mix0295,51,4,0,168,-3,9.15
fold2_room1_mix0295,52,0,0,81,-3,11.41
fold2_room1_mix0295,52,4,0,164,-4,8.33
fold2_room1_mix0295,53,0,0,83,-3,10.53
fold2_room1_mix0295,53,2,0,-83,-4,7.23
fold2_room1_mix0295,53,4,0,168,-4,7.76
fold2_room1_mix0295,54,0,0,69,-2,11.92
fold2_room1_mix0295,54,2,0,-87,-3,4.81
fold2_room1_mix0295,54,4,0,164,-3,7.86
fold2_room1_mix0295,55,0,0,69,-2,11.49
fold2_room1_mix0295,55,4,0,164,-4,7.21
fold2_room1_mix0295,56,0,0,67,-2,13.14
fold2_room1_mix0295,56,4,0,162,-4,6.74
fold2_room1_mix0295,57,0,0,62,-2,12.63
fold2_room1_mix0295,57,4,0,160,-4,6.29
fold2_room1_mix0295,58,0,0,60,-2,14.14
fold2_room1_mix0295,58,4,0,154,-5,5.62
fold2_room1_mix0295,59,0,0,51,-2,14.42
fold2_room1_mix0295,59,4,0,150,-6,5.22
fold2_room1_mix0295,60,0,0,53,-2,15.36
fold2_room1_mix0295,60,4,0,144,-6,4.82
fold2_room1_mix0295,61,0,0,46,-2,15.24
fold2_room1_mix0295,61,2,0,-90,-4,4.26
fold2_room1_mix0295,61,4,0,143,-7,4.61
fold2_room1_mix0295,62,0,0,45,-1,16.27
fold2_room1_mix0295,62,2,0,-96,-6,9.89
fold2_room1_mix0295,62,4,0,133,-8,4.01
fold2_room1_mix0295,63,0,0,37,-1,17.77
fold2_room1_mix0295,63,2,0,-84,-6,10.68
fold2_room1_mix0295,63,4,0,113,-10,3.83
fold2_room1_mix0295,64,0,0,32,-1,17.99
fold2_room1_mix0295,64,2,0,-88,-3,10.01
fold2_room1_mix0295,64,4,0,90,-9,3.92
fold2_room1_mix0295,65,0,0,21,-2,13.95
fold2_room1_mix0295,65,2,0,-83,-4,11.94
fold2_room1_mix0295,65,4,0,78,-9,3.47
fold2_room1_mix0295,66,0,0,24,-2,13.66
fold2_room1_mix0295,66,2,0,-80,-4,10.04
fold2_room1_mix0295,66,4,0,70,-7,3.97
fold2_room1_mix0295,67,0,0,14,-2,20.24
fold2_room1_mix0295,67,4,0,75,-7,3.92
fold2_room1_mix0295,67,4,0,59,-5,3.91
fold2_room1_mix0295,68,0,0,26,-1,16.71
fold2_room1_mix0295,68,4,0,53,-6,3.93
fold2_room1_mix0295,69,0,0,18,-1,19.23
fold2_room1_mix0295,69,4,0,44,-6,4.04
fold2_room1_mix0295,70,0,0,23,-1,24.13
fold2_room1_mix0295,70,4,0,39,-5,4.61
fold2_room1_mix0295,71,0,0,21,-1,27.97
fold2_room1_mix0295,71,4,0,37,-5,5.08
fold2_room1_mix0295,72,0,0,20,0,28.44
fold2_room1_mix0295,72,4,0,32,-4,5.41
fold2_room1_mix0295,73,0,0,20,0,31.53
fold2_room1_mix0295,73,4,0,27,-4,6.29
fold2_room1_mix0295,74,0,0,23,0,34.76
fold2_room1_mix0295,74,4,0,27,-5,6.07
fold2_room1_mix0295,75,0,0,20,0,34.71
fold2_room1_mix0295,75,4,0,19,-3,6.62
fold2_room1_mix0295,76,0,0,17,0,33.45
fold2_room1_mix0295,76,2,0,-88,-4,5.93
fold2_room1_mix0295,76,4,0,172,-6,6.47
fold2_room1_mix0295,76,4,0,17,-3,7.07
fold2_room1_mix0295,77,0,0,14,0,28.56
fold2_room1_mix0295,77,4,0,-176,-3,6.86
fold2_room1_mix0295,77,4,0,13,-3,7.00
fold2_room1_mix0295,78,0,0,10,0,9.45
fold2_room1_mix0295,78,4,0,-172,-4,6.78
fold2_room1_mix0295,78,4,0,13,-4,6.47
fold2_room1_mix0295,79,0,0,10,0,7.97
fold2_room1_mix0295,79,4,0,-169,-3,6.95
fold2_room1_mix0295,79,4,0,12,-3,7.49
fold2_room1_mix0295,80,0,0,8,0,7.33
fold2_room1_mix0295,80,4,0,-159,-4,5.84
fold2_room1_mix0295,80,4,0,10,-3,7.39
fold2_room1_mix0295,81,0,0,7,0,4.97
fold2_room1_mix0295,81,4,0,-156,-4,5.54
fold2_room1_mix0295,81,4,0,8,-3,7.49
fold2_room1_mix0295,82,0,0,8,0,18.72
fold2_room1_mix0295,82,2,0,-91,-3,9.83
fold2_room1_mix0295,82,4,0,-150,-7,4.58
fold2_room1_mix0295,82,4,0,6,-4,7.46
fold2_room1_mix0295,83,0,0,7,0,4.20
fold2_room1_mix0295,83,2,0,-90,-3,11.21
fold2_room1_mix0295,83,4,0,-138,-10,3.36
fold2_room1_mix0295,83,4,0,4,-4,7.39
fold2_room1_mix0295,84,0,0,6,0,2.99
fold2_room1_mix0295,84,2,0,-84,-4,13.04
fold2_room1_mix0295,84,4,0,-122,-15,2.32
fold2_room1_mix0295,84,4,0,6,-3,8.70
fold2_room1_mix0295,85,0,0,4,0,3.10
fold2_room1_mix0295,85,2,0,-90,-2,12.64
fold2_room1_mix0295,85,4,0,-98,-17,1.79
fold2_room1_mix0295,85,4,0,-13,-6,6.17
fold2_room1_mix0295,86,0,0,3,0,2.88
fold2_room1_mix0295,86,2,0,-82,-2,15.16
fold2_room1_mix0295,86,4,0,-78,-15,1.94
fold2_room1_mix0295,86,4,0,-12,-5,5.82
fold2_room1_mix0295,87,0,0,2,0,2.93
fold2_room1_mix0295,87,2,0,-69,-2,15.41
fold2_room1_mix0295,87,4,0,-59,-11,2.21
fold2_room1_mix0295,87,4,0,-6,-3,6.44
fold2_room1_mix0295,88,0,0,3,0,2.69
fold2_room1_mix0295,88,4,0,-37,-8,3.56
fold2_room1_mix0295,88,4,0,0,-3,7.32
fold2_room1_mix0295,89,4,0,-33,-6,4.25
fold2_room1_mix0295,89,4,0,-7,-3,8.21
fold2_room1_mix0295,90,4,0,-14,-3,7.77
fold2_room1_mix0295,91,4,0,-13,-2,9.05
fold2_room1_mix0295,92,4,0,-10,-2,9.39
fold2_room1_mix0295,93,4,0,-10,-2,11.21
fold2_room1_mix0295,94,4,0,-7,-2,11.56
fold2_room1_mix0295,95,4,0,-9,-1,11.90
fold2_room1_mix0295,96,4,0,-8,-2,11.73
fold2_room1_mix0295,97,4,0,-9,-1,8.90
fold2_room1_mix0296,2,4,0,175,2,0.15
fold2_room1_mix0296,3,4,0,177,3,1.22
fold2_room1_mix0296,4,4,0,-179,0,13.36
fold2_room1_mix0296,5,4,0,-179,0,16.31
fold2_room1_mix0296,5,4,0,2,0,19.85
fold2_room1_mix0296,6,4,0,178,0,20.20
fold2_room1_mix0296,6,4,0,4,0,25.05
fold2_room1_mix0296,7,4,0,178,0,27.03
fold2_room1_mix0296,7,4,0,3,0,32.25
fold2_room1_mix0296,8,4,0,178,0,32.83
fold2_room1_mix0296,8,4,0,5,0,41.83
fold2_room1_mix0296,9,4,0,178,0,33.36
fold2_room1_mix0296,9,4,0,2,0,40.08
fold2_room1_mix0296,10,4,0,178,0,33.08
fold2_room1_mix0296,10,4,0,2,0,41.48
fold2_room1_mix0296,11,4,0,178,0,33.60
fold2_room1_mix0296,11,4,0,2,0,42.59
fold2_room1_mix0296,12,4,0,178,0,33.00
fold2_room1_mix0296,12,4,0,3,0,42.91
fold2_room1_mix0296,13,4,0,178,0,32.29
fold2_room1_mix0296,13,4,0,1,0,43.25
fold2_room1_mix0296,14,4,0,179,0,32.86
fold2_room1_mix0296,14,4,0,3,0,46.82
fold2_room1_mix0296,15,4,0,178,0,31.60
fold2_room1_mix0296,15,4,0,2,0,43.86
fold2_room1_mix0296,16,4,0,178,0,31.70
fold2_room1_mix0296,16,4,0,1,0,43.44
fold2_room1_mix0296,17,4,0,179,0,31.10
fold2_room1_mix0296,17,4,0,2,0,45.42
fold2_room1_mix0296,18,4,0,178,0,30.63
fold2_room1_mix0296,18,4,0,1,0,43.59
fold2_room1_mix0296,19,4,0,178,0,31.51
fold2_room1_mix0296,19,4,0,2,0,47.88
fold2_room1_mix0296,20,4,0,177,0,30.50
fold2_room1_mix0296,20,4,0,2,0,44.70
fold2_room1_mix0296,21,4,0,178,0,29.19
fold2_room1_mix0296,21,4,0,2,0,42.34
fold2_room1_mix0296,22,4,0,177,0,28.72
fold2_room1_mix0296,22,4,0,2,0,42.12
fold2_room1_mix0296,23,4,0,178,0,27.17
fold2_room1_mix0296,23,4,0,1,0,41.18
fold2_room1_mix0296,24,4,0,178,0,26.45
fold2_room1_mix0296,24,4,0,3,0,39.56
fold2_room1_mix0296,25,4,0,179,-1,26.35
fold2_room1_mix0296,25,4,0,2,0,41.47
fold2_room1_mix0296,26,4,0,179,-1,28.77
fold2_room1_mix0296,26,4,0,2,0,47.96
fold2_room1_mix0296,27,3,0,-143,-4,15.85
fold2_room1_mix0296,27,4,0,177,0,28.46
fold2_room1_mix0296,27,4,0,5,0,40.73
fold2_room1_mix0296,28,3,0,-142,-4,14.97
fold2_room1_mix0296,28,4,0,176,-1,24.71
fold2_room1_mix0296,28,4,0,5,0,34.76
fold2_room1_mix0296,29,3,0,-140,-4,14.58
fold2_room1_mix0296,29,4,0,177,0,26.07
fold2_room1_mix0296,29,4,0,4,0,37.12
fold2_room1_mix0296,30,3,0,-138,-3,14.59
fold2_room1_mix0296,30,4,0,176,0,25.04
fold2_room1_mix0296,30,4,0,5,0,36.33
fold2_room1_mix0296,31,3,0,-131,-3,11.00
fold2_room1_mix0296,31,4,0,176,0,26.50
fold2_room1_mix0296,31,4,0,4,0,38.99
fold2_room1_mix0296,32,4,0,175,0,27.49
fold2_room1_mix0296,32,4,0,4,0,40.91
fold2_room1_mix0296,33,4,0,175,0,24.07
fold2_room1_mix0296,33,4,0,3,0,39.39
fold2_room1_mix0296,34,4,0,176,0,24.19
fold2_room1_mix0296,34,4,0,3,0,40.45
fold2_room1_mix0296,35,3,0,-131,-4,10.29
fold2_room1_mix0296,35,4,0,174,-1,24.80
fold2_room1_mix0296,35,4,0,4,0,38.21
fold2_room1_mix0296,36,3,0,-133,-4,15.13
fold2_room1_mix0296,36,4,0,176,0,21.76
fold2_room1_mix0296,36,4,0,7,0,35.54
fold2_room1_mix0296,37,3,0,-134,-4,12.97
fold2_room1_mix0296,37,4,0,175,-1,21.85
fold2_room1_mix0296,37,4,0,7,0,38.25
fold2_room1_mix0296,38,3,0,-132,-4,12.50
fold2_room1_mix0296,38,4,0,174,-1,21.01
fold2_room1_mix0296,38,4,0,6,-1,35.87
fold2_room1_mix0296,39,3,0,-127,-4,12.00
fold2_room1_mix0296,39,4,0,172,-2,19.02
fold2_room1_mix0296,39,4,0,7,0,38.65
fold2_room1_mix0296,40,3,0,-122,-4,12.32
fold2_room1_mix0296,40,4,0,172,-2,18.96
fold2_room1_mix0296,40,4,0,8,-1,35.18
fold2_room1_mix0296,41,3,0,-122,-5,11.68
fold2_room1_mix0296,41,4,0,171,-1,16.70
fold2_room1_mix0296,41,4,0,5,0,36.02
fold2_room1_mix0296,42,3,0,-111,-4,9.31
fold2_room1_mix0296,42,4,0,172,-2,15.88
fold2_room1_mix0296,42,4,0,6,0,33.90
fold2_room1_mix0296,43,3,0,-110,-4,7.90
fold2_room1_mix0296,43,4,0,174,-2,14.17
fold2_room1_mix0296,43,4,0,3,0,32.46
fold2_room1_mix0296,44,4,0,172,-1,14.58
fold2_room1_mix0296,44,4,0,3,0,33.13
fold2_room1_mix0296,45,4,0,170,-2,13.15
fold2_room1_mix0296,45,4,0,6,0,28.35
fold2_room1_mix0296,46,3,0,-123,-4,13.07
fold2_room1_mix0296,46,4,0,170,-2,13.34
fold2_room1_mix0296,46,4,0,5,0,28.70
fold2_room1_mix0296,47,3,0,-111,-4,14.61
fold2_room1_mix0296,47,4,0,172,-2,13.23
fold2_room1_mix0296,47,4,0,5,0,26.05
fold2_room1_mix0296,48,3,0,-104,-4,11.60
fold2_room1_mix0296,48,4,0,168,-3,9.99
fold2_room1_mix0296,48,4,0,7,0,22.11
fold2_room1_mix0296,49,3,0,-102,-4,11.51
fold2_room1_mix0296,49,4,0,167,-4,10.39
fold2_room1_mix0296,49,4,0,5,0,26.46
fold2_room1_mix0296,50,3,0,-99,-5,10.54
fold2_room1_mix0296,50,4,0,168,-5,9.68
fold2_room1_mix0296,50,4,0,5,-1,24.11
fold2_room1_mix0296,51,3,0,-92,-5,10.05
fold2_room1_mix0296,51,4,0,164,-7,8.42
fold2_room1_mix0296,51,4,0,4,-1,22.06
fold2_room1_mix0296,52,3,0,-90,-5,9.45
fold2_room1_mix0296,52,4,0,159,-8,8.15
fold2_room1_mix0296,52,4,0,5,0,21.75
fold2_room1_mix0296,53,3,0,-95,-4,9.76
fold2_room1_mix0296,53,4,0,152,-8,6.70
fold2_room1_mix0296,53,4,0,5,0,18.53
fold2_room1_mix0296,54,3,0,-83,-4,7.29
fold2_room1_mix0296,54,4,0,139,-11,4.86
fold2_room1_mix0296,54,4,0,88,-14,7.26
fold2_room1_mix0296,54,4,0,3,0,19.71
fold2_room1_mix0296,55,4,0,140,-7,6.97
fold2_room1_mix0296,55,4,0,77,-12,4.06
fold2_room1_mix0296,55,4,0,-1,2,19.46
fold2_room1_mix0296,56,4,0,163,-1,12.63
fold2_room1_mix0296,56,4,0,64,-11,2.72
fold2_room1_mix0296,56,4,0,3,1,16.48
fold2_room1_mix0296,57,4,0,176,-1,10.22
fold2_room1_mix0296,57,4,0,29,-7,3.39
fold2_room1_mix0296,57,4,0,4,0,12.32
fold2_room1_mix0296,58,3,0,-65,-3,9.51
fold2_room1_mix0296,58,4,0,166,0,10.70
fold2_room1_mix0296,58,4,0,10,0,13.16
fold2_room1_mix0296,59,3,0,-56,-3,13.38
fold2_room1_mix0296,59,4,0,165,0,13.39
fold2_room1_mix0296,59,4,0,11,0,11.75
fold2_room1_mix0296,60,3,0,-53,-3,11.22
fold2_room1_mix0296,60,4,0,171,0,12.47
fold2_room1_mix0296,60,4,0,11,-1,9.43
fold2_room1_mix0296,61,3,0,-55,-3,8.35
fold2_room1_mix0296,61,4,0,168,-1,12.04
fold2_room1_mix0296,61,4,0,10,-2,8.64
fold2_room1_mix0296,62,4,0,170,0,13.07
fold2_room1_mix0296,62,4,0,11,-2,9.74
fold2_room1_mix0296,63,4,0,173,-1,11.78
fold2_room1_mix0296,63,4,0,5,-2,9.80
fold2_room1_mix0296,64,4,0,175,-1,10.74
fold2_room1_mix0296,64,4,0,6,-3,8.77
fold2_room1_mix0296,65,4,0,173,-3,9.49
fold2_room1_mix0296,65,4,0,3,-5,7.30
fold2_room1_mix0296,66,4,0,172,-6,8.14
fold2_room1_mix0296,66,4,0,-13,-10,4.55
fold2_room1_mix0296,66,4,0,11,-5,10.28
fold2_room1_mix0296,67,3,0,-47,-3,10.55
fold2_room1_mix0296,67,4,0,169,-8,6.42
fold2_room1_mix0296,67,4,0,-9,-11,3.30
fold2_room1_mix0296,67,4,0,14,-6,8.92
fold2_room1_mix0296,68,3,0,-47,-3,15.45
fold2_room1_mix0296,68,4,0,166,-8,5.92
fold2_room1_mix0296,68,4,0,-11,-15,2.18
fold2_room1_mix0296,68,4,0,9,-7,7.15
fold2_room1_mix0296,69,3,0,-55,-3,17.17
fold2_room1_mix0296,69,4,0,160,-10,5.11
fold2_room1_mix0296,69,4,0,-34,-18,1.91
fold2_room1_mix0296,69,4,0,14,-6,8.60
fold2_room1_mix0296,70,3,0,-55,-3,18.82
fold2_room1_mix0296,70,4,0,165,-10,4.29
fold2_room1_mix0296,70,4,0,-59,-23,2.19
fold2_room1_mix0296,70,4,0,17,-3,14.07
fold2_room1_mix0296,71,3,0,-56,-3,11.79
fold2_room1_mix0296,71,4,0,161,-6,5.33
fold2_room1_mix0296,71,4,0,-139,-19,2.21
fold2_room1_mix0296,71,4,0,19,-3,13.81
fold2_room1_mix0296,72,3,0,-42,-2,10.00
fold2_room1_mix0296,72,4,0,160,-4,6.53
fold2_room1_mix0296,72,4,0,-143,-14,2.58
fold2_room1_mix0296,72,4,0,22,-1,16.82
fold2_room1_mix0296,73,4,0,178,-6,4.11
fold2_room1_mix0296,73,4,0,12,-1,14.43
fold2_room1_mix0296,74,3,0,-123,-3,15.71
fold2_room1_mix0296,74,4,0,-178,-5,4.92
fold2_room1_mix0296,74,4,0,158,-8,4.30
fold2_room1_mix0296,74,4,0,1,0,19.30
fold2_room1_mix0296,75,4,0,175,-7,4.58
fold2_room1_mix0296,75,4,0,11,0,20.76
fold2_room1_mix0296,76,4,0,-178,-4,6.49
fold2_room1_mix0296,76,4,0,162,-9,3.63
fold2_room1_mix0296,76,4,0,12,0,20.60
fold2_room1_mix0296,77,4,0,-173,-3,8.88
fold2_room1_mix0296,77,4,0,151,-9,3.68
fold2_room1_mix0296,77,4,0,10,0,23.41
fold2_room1_mix0296,78,4,0,-174,-3,8.65
fold2_room1_mix0296,78,4,0,152,-11,3.10
fold2_room1_mix0296,78,4,0,7,-1,20.03
fold2_room1_mix0296,79,4,0,-177,-3,9.55
fold2_room1_mix0296,79,4,0,149,-11,2.41
fold2_room1_mix0296,79,4,0,7,-1,21.11
fold2_room1_mix0296,80,4,0,171,-2,11.59
fold2_room1_mix0296,80,4,0,139,-12,2.05
fold2_room1_mix0296,80,4,0,12,0,22.94
fold2_room1_mix0296,81,4,0,177,-1,12.35
fold2_room1_mix0296,81,4,0,134,-13,1.23
fold2_room1_mix0296,81,4,0,10,0,21.48
fold2_room1_mix0296,82,4,0,174,-2,14.40
fold2_room1_mix0296,82,4,0,116,-17,1.02
fold2_room1_mix0296,82,4,0,9,0,19.79
fold2_room1_mix0296,83,4,0,168,-2,14.62
fold2_room1_mix0296,83,4,0,91,-17,1.13
fold2_room1_mix0296,83,4,0,10,0,21.69
fold2_room1_mix0296,84,4,0,177,0,19.32
fold2_room1_mix0296,84,4,0,60,-15,1.11
fold2_room1_mix0296,84,4,0,12,1,20.61
fold2_room1_mix0296,85,4,0,171,-1,13.47
fold2_room1_mix0296,85,4,0,47,-14,1.69
fold2_room1_mix0296,85,4,0,9,0,14.87
fold2_room1_mix0296,86,4,0,157,-5,10.11
fold2_room1_mix0296,86,4,0,36,-11,2.13
fold2_room1_mix0296,86,4,0,14,0,16.51
fold2_room1_mix0296,87,4,0,179,1,18.73
fold2_room1_mix0296,87,4,0,32,-11,2.11
fold2_room1_mix0296,87,4,0,14,0,16.47
fold2_room1_mix0296,88,4,0,179,1,17.07
fold2_room1_mix0296,88,4,0,18,-4,8.88
fold2_room1_mix0296,89,4,0,-178,0,15.87
fold2_room1_mix0296,89,4,0,13,-3,10.37
fold2_room1_mix0296,90,4,0,-177,2,22.29
fold2_room1_mix0296,90,4,0,15,-3,11.49
fold2_room1_mix0296,91,4,0,-177,1,20.93
fold2_room1_mix0296,91,4,0,14,-3,10.81
fold2_room1_mix0296,92,4,0,-177,1,21.23
fold2_room1_mix0296,92,4,0,12,-3,11.58
fold2_room1_mix0296,93,4,0,179,0,19.87
fold2_room1_mix0296,93,4,0,9,-2,12.02
fold2_room1_mix0296,94,4,0,-177,1,22.93
fold2_room1_mix0296,94,4,0,9,-2,12.81
fold2_room1_mix0296,95,4,0,-175,1,24.34
fold2_room1_mix0296,95,4,0,6,-2,12.83
fold2_room1_mix0296,96,4,0,-178,1,24.88
fold2_room1_mix0296,96,4,0,8,-2,12.82
fold2_room1_mix0296,97,4,0,-176,1,27.54
fold2_room1_mix0296,97,4,0,5,-2,15.61
fold2_room1_mix0296,98,4,0,-177,1,26.43
fold2_room1_mix0296,98,4,0,6,-2,14.89
fold2_room1_mix0296,99,4,0,-178,1,25.28
fold2_room1_mix0296,99,4,0,8,-2,15.66
fold2_room1_mix0297,0,5,0,-132,7,2.39
fold2_room1_mix0297,1,5,0,-121,7,4.10
fold2_room1_mix0297,2,4,0,-179,1,1.64
fold2_room1_mix0297,2,5,0,-125,12,2.96
fold2_room1_mix0297,3,4,0,177,1,4.68
fold2_room1_mix0297,3,4,0,1,1,4.90
fold2_room1_mix0297,3,5,0,-121,10,2.82
fold2_room1_mix0297,4,4,0,-177,1,17.07
fold2_room1_mix0297,4,4,0,0,1,19.52
fold2_room1_mix0297,4,5,0,-126,12,1.90
fold2_room1_mix0297,5,4,0,-178,0,17.16
fold2_room1_mix0297,5,4,0,0,0,19.64
fold2_room1_mix0297,5,5,0,-123,9,5.44
fold2_room1_mix0297,6,4,0,179,0,24.30
fold2_room1_mix0297,6,4,0,1,0,27.79
fold2_room1_mix0297,6,5,0,-118,9,5.50
fold2_room1_mix0297,7,4,0,-178,0,26.67
fold2_room1_mix0297,7,4,0,-7,1,36.39
fold2_room1_mix0297,7,5,0,-111,11,4.15
fold2_room1_mix0297,8,4,0,-177,0,34.61
fold2_room1_mix0297,8,4,0,0,1,44.45
fold2_room1_mix0297,8,5,0,-120,9,4.11
fold2_room1_mix0297,9,4,0,-175,0,32.11
fold2_room1_mix0297,9,4,0,-1,0,42.37
fold2_room1_mix0297,9,5,0,-119,9,5.32
fold2_room1_mix0297,10,4,0,179,0,32.16
fold2_room1_mix0297,10,4,0,1,0,39.49
fold2_room1_mix0297,10,5,0,-122,11,4.04
fold2_room1_mix0297,11,4,0,-177,0,30.09
fold2_room1_mix0297,11,4,0,-2,0,37.35
fold2_room1_mix0297,11,5,0,-118,10,4.27
fold2_room1_mix0297,12,4,0,179,0,29.55
fold2_room1_mix0297,12,4,0,-1,0,40.01
fold2_room1_mix0297,12,5,0,-120,11,4.07
fold2_room1_mix0297,13,4,0,-179,0,28.22
fold2_room1_mix0297,13,4,0,-1,0,38.19
fold2_room1_mix0297,13,5,0,-120,9,4.52
fold2_room1_mix0297,14,4,0,-175,-1,28.37
fold2_room1_mix0297,14,4,0,1,0,41.71
fold2_room1_mix0297,14,5,0,-121,10,4.78
fold2_room1_mix0297,15,4,0,-176,0,26.26
fold2_room1_mix0297,15,4,0,0,0,43.79
fold2_room1_mix0297,15,5,0,-117,12,3.56
fold2_room1_mix0297,16,4,0,-175,-1,26.06
fold2_room1_mix0297,16,4,0,0,0,40.81
fold2_room1_mix0297,16,5,0,-116,11,4.00
fold2_room1_mix0297,17,4,0,-175,0,25.67
fold2_room1_mix0297,17,4,0,-1,0,40.98
fold2_room1_mix0297,17,5,0,-122,10,4.25
fold2_room1_mix0297,18,4,0,-174,-1,24.45
fold2_room1_mix0297,18,4,0,-2,0,40.68
fold2_room1_mix0297,18,5,0,-117,11,4.26
fold2_room1_mix0297,19,4,0,-172,-1,23.08
fold2_room1_mix0297,19,4,0,0,0,44.94
fold2_room1_mix0297,19,5,0,-114,10,4.01
fold2_room1_mix0297,20,4,0,-173,0,25.32
fold2_room1_mix0297,20,4,0,-3,0,45.65
fold2_room1_mix0297,20,5,0,-117,11,4.43
fold2_room1_mix0297,21,4,0,-173,-1,23.15
fold2_room1_mix0297,21,4,0,-2,0,39.08
fold2_room1_mix0297,21,5,0,-114,11,4.14
fold2_room1_mix0297,22,4,0,-174,0,23.66
fold2_room1_mix0297,22,4,0,0,0,40.82
fold2_room1_mix0297,22,5,0,-117,10,4.55
fold2_room1_mix0297,23,4,0,-175,-1,21.16
fold2_room1_mix0297,23,4,0,0,0,39.19
fold2_room1_mix0297,23,5,0,-123,10,4.98
fold2_room1_mix0297,24,4,0,-175,0,22.33
fold2_room1_mix0297,24,4,0,0,0,40.11
fold2_room1_mix0297,24,5,0,-114,10,4.41
fold2_room1_mix0297,25,4,0,-174,0,21.84
fold2_room1_mix0297,25,4,0,0,0,40.59
fold2_room1_mix0297,25,5,0,-118,9,4.72
fold2_room1_mix0297,26,4,0,-176,0,20.94
fold2_room1_mix0297,26,4,0,1,0,36.83
fold2_room1_mix0297,26,5,0,-119,10,4.53
fold2_room1_mix0297,27,4,0,-174,0,22.44
fold2_room1_mix0297,27,4,0,0,0,40.65
fold2_room1_mix0297,27,5,0,-119,10,4.47
fold2_room1_mix0297,28,4,0,-175,-1,19.65
fold2_room1_mix0297,28,4,0,0,0,37.04
fold2_room1_mix0297,28,5,0,-114,11,4.10
fold2_room1_mix0297,29,4,0,-177,0,20.22
fold2_room1_mix0297,29,4,0,-3,0,36.93
fold2_room1_mix0297,29,5,0,-118,10,4.55
fold2_room1_mix0297,30,4,0,-176,0,19.05
fold2_room1_mix0297,30,4,0,-4,0,36.57
fold2_room1_mix0297,30,5,0,-109,10,4.48
fold2_room1_mix0297,31,4,0,-174,-1,16.72
fold2_room1_mix0297,31,4,0,-8,0,34.16
fold2_room1_mix0297,31,5,0,-114,11,3.88
fold2_room1_mix0297,32,4,0,-173,-1,16.77
fold2_room1_mix0297,32,4,0,-3,0,33.66
fold2_room1_mix0297,32,5,0,-118,9,4.85
fold2_room1_mix0297,33,4,0,-170,-2,14.70
fold2_room1_mix0297,33,4,0,-1,0,39.75
fold2_room1_mix0297,33,5,0,-117,10,4.21
fold2_room1_mix0297,34,4,0,-171,-2,12.84
fold2_room1_mix0297,34,4,0,-10,0,34.42
fold2_room1_mix0297,34,5,0,-112,12,3.82
fold2_room1_mix0297,35,4,0,-167,-3,10.88
fold2_room1_mix0297,35,4,0,-9,0,31.99
fold2_room1_mix0297,35,5,0,-112,12,3.69
fold2_room1_mix0297,36,4,0,-162,-3,9.13
fold2_room1_mix0297,36,4,0,-10,0,27.09
fold2_room1_mix0297,36,5,0,-112,12,4.19
fold2_room1_mix0297,37,4,0,-158,-4,7.55
fold2_room1_mix0297,37,4,0,-17,-1,23.00
fold2_room1_mix0297,37,5,0,-116,12,4.05
fold2_room1_mix0297,38,4,0,-156,-6,5.71
fold2_room1_mix0297,38,4,0,-14,-1,24.18
fold2_room1_mix0297,38,5,0,-109,12,3.92
fold2_room1_mix0297,39,4,0,-148,-8,4.81
fold2_room1_mix0297,39,4,0,-21,-2,21.26
fold2_room1_mix0297,39,5,0,-116,11,3.97
fold2_room1_mix0297,40,4,0,-152,-5,8.00
fold2_room1_mix0297,40,4,0,-127,-15,2.20
fold2_room1_mix0297,40,4,0,-32,-3,18.89
fold2_room1_mix0297,40,5,0,-113,11,4.69
fold2_room1_mix0297,41,4,0,-155,-6,9.00
fold2_room1_mix0297,41,4,0,-105,-17,1.81
fold2_room1_mix0297,41,4,0,-20,-3,22.96
fold2_room1_mix0297,41,5,0,-115,10,5.37
fold2_room1_mix0297,42,4,0,-163,-5,9.74
fold2_room1_mix0297,42,4,0,-86,-19,1.65
fold2_room1_mix0297,42,4,0,-27,-3,17.96
fold2_room1_mix0297,42,5,0,-107,12,4.59
fold2_room1_mix0297,43,4,0,-164,-3,10.67
fold2_room1_mix0297,43,4,0,-58,-13,2.51
fold2_room1_mix0297,43,4,0,-19,-2,20.04
fold2_room1_mix0297,43,5,0,-110,10,5.02
fold2_room1_mix0297,44,4,0,-168,-3,10.52
fold2_room1_mix0297,44,4,0,-44,-9,3.02
fold2_room1_mix0297,44,4,0,-12,0,19.04
fold2_room1_mix0297,44,5,0,-106,12,3.97
fold2_room1_mix0297,45,4,0,-169,-3,11.61
fold2_room1_mix0297,45,4,0,-35,-5,4.87
fold2_room1_mix0297,45,4,0,-15,-1,13.64
fold2_room1_mix0297,45,5,0,-112,11,4.10
fold2_room1_mix0297,46,4,0,-174,-2,12.52
fold2_room1_mix0297,46,4,0,-31,-5,5.64
fold2_room1_mix0297,46,4,0,-14,-1,15.05
fold2_room1_mix0297,46,5,0,-115,9,5.05
fold2_room1_mix0297,47,4,0,-172,-2,11.51
fold2_room1_mix0297,47,4,0,-21,-2,10.45
fold2_room1_mix0297,47,5,0,-114,13,3.50
fold2_room1_mix0297,48,4,0,-173,-3,11.25
fold2_room1_mix0297,48,4,0,-18,-2,11.08
fold2_room1_mix0297,48,5,0,-116,11,3.93
fold2_room1_mix0297,49,4,0,-171,-2,11.67
fold2_room1_mix0297,49,4,0,-14,-1,11.16
fold2_room1_mix0297,49,5,0,-109,10,4.22
fold2_room1_mix0297,50,4,0,-170,-2,12.01
fold2_room1_mix0297,50,4,0,-15,-1,11.54
fold2_room1_mix0297,50,5,0,-110,12,3.63
fold2_room1_mix0297,51,4,0,-169,-2,12.30
fold2_room1_mix0297,51,4,0,-13,-1,12.81
fold2_room1_mix0297,51,5,0,-117,11,4.08
fold2_room1_mix0297,52,4,0,-169,-2,12.21
fold2_room1_mix0297,52,4,0,-11,-1,13.68
fold2_room1_mix0297,52,5,0,-115,10,4.33
fold2_room1_mix0297,53,4,0,-163,-3,12.34
fold2_room1_mix0297,53,4,0,-12,-2,13.87
fold2_room1_mix0297,53,5,0,-116,10,4.43
fold2_room1_mix0297,54,4,0,-163,-2,12.17
fold2_room1_mix0297,54,4,0,-8,-1,14.22
fold2_room1_mix0297,54,5,0,-117,9,4.56
fold2_room1_mix0297,55,4,0,-162,-1,13.31
fold2_room1_mix0297,55,4,0,-6,-1,15.05
fold2_room1_mix0297,55,5,0,-125,9,4.92
fold2_room1_mix0297,56,4,0,-160,-2,12.47
fold2_room1_mix0297,56,4,0,-8,-1,15.77
fold2_room1_mix0297,56,5,0,-119,9,5.01
fold2_room1_mix0297,57,4,0,-159,-1,11.60
fold2_room1_mix0297,57,4,0,-4,-1,15.39
fold2_room1_mix0297,57,5,0,-122,9,4.70
fold2_room1_mix0297,58,4,0,-156,-2,10.34
fold2_room1_mix0297,58,4,0,-5,-1,15.55
fold2_room1_mix0297,58,5,0,-122,9,4.58
fold2_room1_mix0297,59,4,0,-154,-3,9.23
fold2_room1_mix0297,59,4,0,-5,-2,15.27
fold2_room1_mix0297,59,5,0,-117,10,4.57
fold2_room1_mix0297,60,4,0,-151,-3,7.79
fold2_room1_mix0297,60,4,0,-6,-1,15.30
fold2_room1_mix0297,60,5,0,-128,10,4.31
fold2_room1_mix0297,61,4,0,-150,-4,7.25
fold2_room1_mix0297,61,4,0,-5,-2,14.69
fold2_room1_mix0297,61,5,0,-126,10,4.23
fold2_room1_mix0297,62,4,0,-147,-3,7.32
fold2_room1_mix0297,62,4,0,-3,-2,14.59
fold2_room1_mix0297,62,5,0,-125,9,5.16
fold2_room1_mix0297,63,4,0,-145,-4,6.24
fold2_room1_mix0297,63,4,0,-2,-2,13.65
fold2_room1_mix0297,63,5,0,-128,10,4.13
fold2_room1_mix0297,64,4,0,-142,-4,5.83
fold2_room1_mix0297,64,4,0,-4,-2,14.30
fold2_room1_mix0297,64,5,0,-131,9,4.59
fold2_room1_mix0297,65,4,0,-143,-5,5.34
fold2_room1_mix0297,65,4,0,-6,-2,13.18
fold2_room1_mix0297,65,5,0,-124,10,4.78
fold2_room1_mix0297,66,4,0,-138,-5,4.53
fold2_room1_mix0297,66,4,0,-5,-2,14.60
fold2_room1_mix0297,66,5,0,-127,11,4.32
fold2_room1_mix0297,67,4,0,-129,-7,3.77
fold2_room1_mix0297,67,4,0,-6,-3,14.85
fold2_room1_mix0297,67,5,0,-125,12,4.13
fold2_room1_mix0297,68,4,0,-119,-9,2.97
fold2_room1_mix0297,68,4,0,-7,-1,16.39
fold2_room1_mix0297,68,5,0,-127,11,4.47
fold2_room1_mix0297,69,4,0,-103,-10,2.93
fold2_room1_mix0297,69,4,0,-7,-1,15.95
fold2_room1_mix0297,69,5,0,-120,12,4.55
fold2_room1_mix0297,70,4,0,-95,-11,2.96
fold2_room1_mix0297,70,4,0,-12,-2,14.55
fold2_room1_mix0297,70,5,0,-129,10,4.80
fold2_room1_mix0297,71,4,0,-74,-11,3.09
fold2_room1_mix0297,71,4,0,-11,-2,15.91
fold2_room1_mix0297,71,5,0,-130,11,4.31
fold2_room1_mix0297,72,4,0,-67,-10,3.58
fold2_room1_mix0297,72,4,0,-35,-5,9.22
fold2_room1_mix0297,72,4,0,-4,-2,16.77
fold2_room1_mix0297,72,5,0,-128,10,4.71
fold2_room1_mix0297,73,4,0,-59,-8,4.77
fold2_room1_mix0297,73,4,0,-33,-5,9.03
fold2_room1_mix0297,73,4,0,-1,-1,17.22
fold2_room1_mix0297,73,5,0,-130,10,4.38
fold2_room1_mix0297,74,4,0,-62,-8,5.11
fold2_room1_mix0297,74,4,0,-35,-6,7.36
fold2_room1_mix0297,74,4,0,-1,-1,15.24
fold2_room1_mix0297,74,5,0,-123,12,4.16
fold2_room1_mix0297,75,4,0,-55,-7,5.97
fold2_room1_mix0297,75,4,0,-27,-4,9.87
fold2_room1_mix0297,75,4,0,-3,-2,15.09
fold2_room1_mix0297,75,5,0,-102,14,3.95
fold2_room1_mix0297,76,4,0,-41,-6,5.33
fold2_room1_mix0297,76,4,0,-11,-1,14.07
fold2_room1_mix0297,76,5,0,-112,14,3.59
fold2_room1_mix0297,77,4,0,-31,-5,7.91
fold2_room1_mix0297,77,4,0,-2,-1,16.51
fold2_room1_mix0297,77,5,0,-122,11,4.07
fold2_room1_mix0297,78,4,0,-37,-5,6.29
fold2_room1_mix0297,78,4,0,-12,-2,13.83
fold2_room1_mix0297,78,5,0,-106,12,4.20
fold2_room1_mix0297,79,4,0,-40,-6,6.25
fold2_room1_mix0297,79,4,0,-24,-3,11.20
fold2_room1_mix0297,79,4,0,-8,-2,15.15
fold2_room1_mix0297,79,5,0,-121,12,4.06
fold2_room1_mix0297,80,4,0,-37,-6,5.73
fold2_room1_mix0297,80,4,0,-14,-1,16.13
fold2_room1_mix0297,80,5,0,-125,10,4.66
fold2_room1_mix0297,81,4,0,-41,-7,5.60
fold2_room1_mix0297,81,4,0,-25,-2,13.27
fold2_room1_mix0297,81,4,0,-6,0,20.76
fold2_room1_mix0297,81,5,0,-121,9,4.95
fold2_room1_mix0297,82,4,0,-40,-8,4.56
fold2_room1_mix0297,82,4,0,-13,-1,17.31
fold2_room1_mix0297,82,5,0,-124,9,4.64
fold2_room1_mix0297,83,4,0,-48,-8,3.92
fold2_room1_mix0297,83,4,0,-15,-1,19.87
fold2_room1_mix0297,83,5,0,-120,10,5.05
fold2_room1_mix0297,84,4,0,-63,-10,3.00
fold2_room1_mix0297,84,4,0,-11,0,22.52
fold2_room1_mix0297,84,5,0,-117,9,4.95
fold2_room1_mix0297,85,4,0,-67,-11,2.92
fold2_room1_mix0297,85,4,0,-11,0,23.97
fold2_room1_mix0297,85,5,0,-116,9,4.97
fold2_room1_mix0297,86,4,0,-82,-12,2.24
fold2_room1_mix0297,86,4,0,-12,0,23.36
fold2_room1_mix0297,86,5,0,-117,9,4.75
fold2_room1_mix0297,87,4,0,-105,-11,2.27
fold2_room1_mix0297,87,4,0,-12,0,22.05
fold2_room1_mix0297,87,5,0,-123,10,4.76
fold2_room1_mix0297,88,4,0,-119,-9,3.05
fold2_room1_mix0297,88,4,0,-9,0,24.30
fold2_room1_mix0297,88,5,0,-123,9,5.40
fold2_room1_mix0297,89,4,0,-131,-8,3.20
fold2_room1_mix0297,89,4,0,-10,0,27.60
fold2_room1_mix0297,89,5,0,-120,9,4.75
fold2_room1_mix0297,90,4,0,-141,-6,4.22
fold2_room1_mix0297,90,4,0,-7,0,26.48
fold2_room1_mix0297,90,5,0,-125,8,5.37
fold2_room1_mix0297,91,4,0,-146,-5,4.87
fold2_room1_mix0297,91,4,0,-5,0,25.45
fold2_room1_mix0297,91,5,0,-120,8,5.49
fold2_room1_mix0297,92,4,0,-150,-5,4.62
fold2_room1_mix0297,92,4,0,-5,0,26.06
fold2_room1_mix0297,92,5,0,-137,8,5.25
fold2_room1_mix0297,93,4,0,-150,-5,5.24
fold2_room1_mix0297,93,4,0,-4,0,29.04
fold2_room1_mix0297,93,5,0,-137,7,5.47
fold2_room1_mix0297,94,4,0,-157,-5,6.24
fold2_room1_mix0297,94,4,0,-5,0,27.70
fold2_room1_mix0297,94,5,0,-132,7,5.78
fold2_room1_mix0297,95,4,0,-159,-6,5.80
fold2_room1_mix0297,95,4,0,-6,0,29.37
fold2_room1_mix0297,95,5,0,-130,9,4.11
fold2_room1_mix0297,96,4,0,-159,-5,6.80
fold2_room1_mix0297,96,4,0,-5,0,29.79
fold2_room1_mix0297,96,5,0,-133,7,5.51
fold2_room1_mix0297,97,4,0,-162,-4,8.35
fold2_room1_mix0297,97,4,0,-3,0,32.18
fold2_room1_mix0297,97,5,0,-128,7,5.98
fold2_room1_mix0297,98,4,0,-159,-4,8.07
fold2_room1_mix0297,98,4,0,-1,1,35.06
fold2_room1_mix0297,98,5,0,-137,8,4.87
fold2_room1_mix0297,99,4,0,-160,-4,8.38
fold2_room1_mix0297,99,4,0,-3,1,35.05
fold2_room1_mix0297,99,5,0,-135,9,4.79
fold2_room1_mix0298,20,3,0,-136,-5,5.88
fold2_room1_mix0298,21,3,0,-136,-4,16.14
fold2_room1_mix0298,22,3,0,-136,-4,16.16
fold2_room1_mix0298,23,3,0,-137,-3,13.28
fold2_room1_mix0298,24,3,0,-134,-4,10.63
fold2_room1_mix0298,25,3,0,-138,-3,13.21
fold2_room1_mix0298,26,3,0,-130,-3,13.56
fold2_room1_mix0298,27,3,0,-132,-3,12.27
fold2_room1_mix0298,28,3,0,-128,-3,7.61
fold2_room1_mix0298,31,3,0,-125,-3,3.76
fold2_room1_mix0298,32,3,0,-127,-4,3.68
fold2_room1_mix0298,38,4,0,10,0,7.46
fold2_room1_mix0298,39,4,0,10,0,18.04
fold2_room1_mix0298,40,3,0,-121,-4,11.25
fold2_room1_mix0298,40,4,0,17,-1,15.04
fold2_room1_mix0298,41,3,0,-115,-4,12.84
fold2_room1_mix0298,41,4,0,24,-1,14.32
fold2_room1_mix0298,42,3,0,-106,-4,11.24
fold2_room1_mix0298,42,4,0,19,-1,13.74
fold2_room1_mix0298,43,3,0,-108,-4,11.77
fold2_room1_mix0298,43,4,0,24,-2,13.53
fold2_room1_mix0298,44,3,0,-108,-4,12.11
fold2_room1_mix0298,44,4,0,33,-1,12.75
fold2_room1_mix0298,45,3,0,-107,-5,11.04
fold2_room1_mix0298,45,4,0,28,-2,11.67
fold2_room1_mix0298,46,3,0,-104,-4,8.67
fold2_room1_mix0298,46,4,0,21,-2,11.47
fold2_room1_mix0298,47,3,0,-102,-4,10.52
fold2_room1_mix0298,47,4,0,26,0,14.27
fold2_room1_mix0298,48,3,0,-93,-4,7.60
fold2_room1_mix0298,48,4,0,34,-1,14.96
fold2_room1_mix0298,49,3,0,-88,-4,6.74
fold2_room1_mix0298,49,4,0,32,-1,13.98
fold2_room1_mix0298,50,3,0,-83,-4,7.19
fold2_room1_mix0298,50,4,0,30,-1,15.45
fold2_room1_mix0298,51,3,0,-83,-4,2.13
fold2_room1_mix0298,51,4,0,31,-1,16.91
fold2_room1_mix0298,52,4,0,33,-1,16.65
fold2_room1_mix0298,53,4,0,31,-2,15.73
fold2_room1_mix0298,54,4,0,35,-1,14.79
fold2_room1_mix0298,55,4,0,34,-2,14.00
fold2_room1_mix0298,56,4,0,35,-2,12.83
fold2_room1_mix0298,57,4,0,38,-3,12.10
fold2_room1_mix0298,58,4,0,43,-2,12.67
fold2_room1_mix0298,59,4,0,44,-3,11.28
fold2_room1_mix0298,60,3,0,-50,-4,7.84
fold2_room1_mix0298,60,4,0,46,-2,10.85
fold2_room1_mix0298,61,3,0,-51,-3,10.75
fold2_room1_mix0298,61,4,0,47,-2,10.61
fold2_room1_mix0298,62,3,0,-51,-3,10.51
fold2_room1_mix0298,62,4,0,48,-2,10.80
fold2_room1_mix0298,63,3,0,-51,-3,9.61
fold2_room1_mix0298,63,4,0,49,-3,9.55
fold2_room1_mix0298,64,3,0,-45,-3,11.45
fold2_room1_mix0298,64,4,0,53,-3,8.61
fold2_room1_mix0298,65,3,0,-45,-3,11.15
fold2_room1_mix0298,65,4,0,55,-3,8.79
fold2_room1_mix0298,66,3,0,-44,-3,10.09
fold2_room1_mix0298,66,4,0,62,-3,8.44
fold2_room1_mix0298,67,3,0,-47,-3,9.48
fold2_room1_mix0298,67,4,0,70,-4,7.90
fold2_room1_mix0298,68,3,0,-42,-3,10.18
fold2_room1_mix0298,68,4,0,72,-5,7.82
fold2_room1_mix0298,69,3,0,-42,-2,10.58
fold2_room1_mix0298,69,4,0,80,-4,7.69
fold2_room1_mix0298,70,3,0,-37,-2,10.21
fold2_room1_mix0298,70,4,0,82,-4,8.03
fold2_room1_mix0298,71,4,0,90,-4,8.31
fold2_room1_mix0298,72,4,0,94,-3,8.81
fold2_room1_mix0298,73,4,0,101,-4,8.55
fold2_room1_mix0298,74,4,0,103,-3,9.09
fold2_room1_mix0298,75,4,0,110,-3,9.34
fold2_room1_mix0298,76,4,0,112,-3,9.01
fold2_room1_mix0298,77,4,0,119,-3,9.66
fold2_room1_mix0298,78,4,0,122,-3,9.75
fold2_room1_mix0298,79,4,0,125,-3,9.42
fold2_room1_mix0298,80,4,0,128,-3,9.94
fold2_room1_mix0298,81,4,0,132,-3,10.60
fold2_room1_mix0298,82,4,0,136,-3,10.96
fold2_room1_mix0298,83,4,0,140,-3,10.73
fold2_room1_mix0298,84,4,0,141,-3,11.19
fold2_room1_mix0298,85,4,0,143,-2,12.20
fold2_room1_mix0298,86,4,0,143,-2,12.67
fold2_room1_mix0298,87,4,0,148,-2,12.80
fold2_room1_mix0298,88,4,0,149,-2,13.04
fold2_room1_mix0298,89,4,0,149,-2,13.78
fold2_room1_mix0298,90,4,0,152,-2,14.40
fold2_room1_mix0298,91,4,0,152,-2,14.45
fold2_room1_mix0298,92,4,0,153,-1,14.86
fold2_room1_mix0298,93,4,0,153,-2,14.81
fold2_room1_mix0298,94,4,0,155,-2,15.70
fold2_room1_mix0298,95,4,0,156,-1,16.08
fold2_room1_mix0298,96,4,0,156,-1,15.64
fold2_room1_mix0298,97,4,0,156,-1,16.77
fold2_room1_mix0298,98,4,0,157,-1,15.81
fold2_room1_mix0298,99,4,0,158,-1,16.44
fold2_room1_mix0299,3,4,0,-175,0,5.72
fold2_room1_mix0299,4,4,0,-176,0,18.62
fold2_room1_mix0299,5,4,0,-176,0,19.77
fold2_room1_mix0299,6,4,0,-176,0,22.15
fold2_room1_mix0299,7,4,0,-174,0,30.48
fold2_room1_mix0299,8,4,0,-174,0,33.41
fold2_room1_mix0299,9,4,0,-175,0,34.84
fold2_room1_mix0299,10,4,0,-174,0,32.46
fold2_room1_mix0299,11,4,0,-175,0,33.61
fold2_room1_mix0299,12,4,0,-174,0,32.75
fold2_room1_mix0299,13,4,0,-175,0,33.58
fold2_room1_mix0299,14,4,0,-172,0,33.34
fold2_room1_mix0299,15,4,0,-172,0,32.06
fold2_room1_mix0299,16,4,0,-173,0,30.57
fold2_room1_mix0299,17,4,0,-172,0,30.97
fold2_room1_mix0299,18,4,0,-171,0,29.63
fold2_room1_mix0299,19,4,0,-171,0,28.96
fold2_room1_mix0299,20,4,0,-170,0,28.82
fold2_room1_mix0299,21,4,0,-170,0,28.29
fold2_room1_mix0299,22,4,0,-170,0,27.42
fold2_room1_mix0299,23,4,0,-169,0,26.52
fold2_room1_mix0299,24,4,0,-168,0,25.89
fold2_room1_mix0299,25,4,0,-168,-1,26.18
fold2_room1_mix0299,26,4,0,-167,-1,24.69
fold2_room1_mix0299,27,4,0,-167,-1,25.55
fold2_room1_mix0299,28,4,0,-167,-1,24.54
fold2_room1_mix0299,29,4,0,-167,-1,23.94
fold2_room1_mix0299,30,4,0,-166,-1,24.45
fold2_room1_mix0299,31,4,0,-167,-1,23.94
fold2_room1_mix0299,32,4,0,-166,-1,22.58
fold2_room1_mix0299,33,4,0,-166,-1,23.48
fold2_room1_mix0299,34,4,0,-164,-1,22.22
fold2_room1_mix0299,35,4,0,-165,-1,22.72
fold2_room1_mix0299,36,4,0,-164,-1,22.76
fold2_room1_mix0299,37,4,0,-163,-1,21.75
fold2_room1_mix0299,38,4,0,-162,-1,20.76
fold2_room1_mix0299,39,4,0,-161,-1,19.98
fold2_room1_mix0299,40,4,0,-160,-1,19.14
fold2_room1_mix0299,41,4,0,-160,-1,18.72
fold2_room1_mix0299,42,4,0,-158,-1,17.65
fold2_room1_mix0299,43,4,0,-157,-1,17.54
fold2_room1_mix0299,44,4,0,-157,-1,17.13
fold2_room1_mix0299,45,4,0,-157,-1,16.30
fold2_room1_mix0299,46,4,0,-156,-1,16.33
fold2_room1_mix0299,47,4,0,-156,-2,15.64
fold2_room1_mix0299,48,4,0,-155,-2,14.58
fold2_room1_mix0299,49,4,0,-153,-2,14.28
fold2_room1_mix0299,50,4,0,-152,-2,13.66
fold2_room1_mix0299,51,4,0,-150,-2,12.70
fold2_room1_mix0299,52,4,0,-148,-2,12.45
fold2_room1_mix0299,53,4,0,-146,-3,11.65
fold2_room1_mix0299,54,4,0,-145,-3,10.79
fold2_room1_mix0299,55,4,0,-143,-3,10.69
fold2_room1_mix0299,56,4,0,-140,-3,9.72
fold2_room1_mix0299,57,4,0,-138,-3,8.98
fold2_room1_mix0299,58,4,0,-137,-4,8.56
fold2_room1_mix0299,59,4,0,-132,-4,8.01
fold2_room1_mix0299,60,4,0,-133,-5,7.78
fold2_room1_mix0299,61,4,0,-130,-5,7.04
fold2_room1_mix0299,62,4,0,-127,-5,6.87
fold2_room1_mix0299,63,4,0,-125,-5,6.81
fold2_room1_mix0299,64,4,0,-122,-6,6.51
fold2_room1_mix0299,65,4,0,-118,-6,6.06
fold2_room1_mix0299,66,4,0,-113,-6,6.32
fold2_room1_mix0299,67,4,0,-105,-7,6.03
fold2_room1_mix0299,68,4,0,-99,-7,6.15
fold2_room1_mix0299,69,4,0,-91,-7,5.94
fold2_room1_mix0299,70,4,0,-86,-7,6.04
fold2_room1_mix0299,71,4,0,-80,-7,6.32
fold2_room1_mix0299,72,4,0,-74,-6,6.40
fold2_room1_mix0299,73,4,0,-68,-6,6.64
fold2_room1_mix0299,74,4,0,-61,-6,6.54
fold2_room1_mix0299,75,4,0,-57,-6,7.11
fold2_room1_mix0299,76,4,0,-53,-5,7.08
fold2_room1_mix0299,77,4,0,-50,-6,7.34
fold2_room1_mix0299,78,4,0,-47,-5,8.12
fold2_room1_mix0299,79,4,0,-43,-5,8.28
fold2_room1_mix0299,80,4,0,-42,-5,8.44
fold2_room1_mix0299,81,4,0,-39,-4,9.28
fold2_room1_mix0299,82,4,0,-35,-4,9.61
fold2_room1_mix0299,83,4,0,-33,-4,10.11
fold2_room1_mix0299,84,4,0,-33,-4,11.00
fold2_room1_mix0299,85,4,0,-30,-4,11.37
fold2_room1_mix0299,86,4,0,-29,-4,11.85
fold2_room1_mix0299,87,4,0,-28,-3,12.15
fold2_room1_mix0299,88,4,0,-28,-3,13.08
fold2_room1_mix0299,89,4,0,-27,-3,13.44
fold2_room1_mix0299,90,4,0,-24,-3,14.02
fold2_room1_mix0299,91,4,0,-23,-3,15.44
fold2_room1_mix0299,92,4,0,-22,-3,15.48
fold2_room1_mix0299,93,4,0,-22,-2,15.52
fold2_room1_mix0299,94,4,0,-21,-2,16.96
fold2_room1_mix0299,95,4,0,-19,-2,16.98
fold2_room1_mix0299,96,4,0,-19,-2,16.92
fold2_room1_mix0299,97,4,0,-17,-2,19.26
fold2_room1_mix0299,98,4,0,-16,-2,18.79
fold2_room1_mix0299,99,4,0,-15,-2,18.36
fold2_room1_mix0299,2,4,0,-176,3,0.78
fold2_room1_mix0300,4,4,0,166,-1,7.42
fold2_room1_mix0300,5,4,0,163,-1,7.70
fold2_room1_mix0300,6,4,0,165,-1,9.64
fold2_room1_mix0300,7,4,0,164,-1,11.38
fold2_room1_mix0300,8,4,0,161,-2,11.98
fold2_room1_mix0300,9,4,0,164,-2,12.76
fold2_room1_mix0300,10,4,0,162,-2,11.71
fold2_room1_mix0300,11,4,0,163,-2,11.65
fold2_room1_mix0300,12,4,0,162,-2,11.60
fold2_room1_mix0300,13,4,0,160,-2,10.82
fold2_room1_mix0300,14,4,0,161,-2,10.80
fold2_room1_mix0300,15,4,0,159,-2,10.54
fold2_room1_mix0300,16,4,0,158,-2,10.43
fold2_room1_mix0300,17,0,0,0,-1,4.06
fold2_room1_mix0300,17,4,0,158,-2,10.97
fold2_room1_mix0300,18,0,0,2,-1,3.88
fold2_room1_mix0300,18,4,0,154,-2,10.52
fold2_room1_mix0300,19,0,0,6,-1,14.36
fold2_room1_mix0300,19,4,0,154,-3,9.69
fold2_room1_mix0300,20,0,0,17,-1,12.29
fold2_room1_mix0300,20,4,0,157,-3,9.63
fold2_room1_mix0300,21,0,0,30,-2,8.15
fold2_room1_mix0300,21,4,0,155,-3,8.71
fold2_room1_mix0300,22,0,0,30,-2,10.24
fold2_room1_mix0300,22,4,0,150,-3,9.94
fold2_room1_mix0300,23,0,0,26,-2,16.54
fold2_room1_mix0300,23,4,0,153,-3,9.54
fold2_room1_mix0300,24,0,0,26,-1,17.23
fold2_room1_mix0300,24,4,0,154,-4,8.78
fold2_room1_mix0300,25,0,0,32,-2,15.67
fold2_room1_mix0300,25,4,0,152,-4,8.28
fold2_room1_mix0300,26,0,0,36,-2,15.60
fold2_room1_mix0300,26,4,0,148,-4,8.31
fold2_room1_mix0300,27,0,0,45,-2,14.71
fold2_room1_mix0300,27,4,0,148,-3,8.53
fold2_room1_mix0300,28,0,0,47,-2,14.53
fold2_room1_mix0300,28,4,0,146,-4,7.71
fold2_room1_mix0300,29,0,0,42,-2,12.84
fold2_room1_mix0300,29,4,0,144,-4,7.61
fold2_room1_mix0300,30,0,0,43,-2,12.70
fold2_room1_mix0300,30,4,0,145,-4,7.46
fold2_room1_mix0300,31,0,0,48,-2,12.18
fold2_room1_mix0300,31,4,0,139,-5,7.43
fold2_room1_mix0300,32,0,0,49,-2,13.03
fold2_room1_mix0300,32,4,0,143,-4,7.21
fold2_room1_mix0300,33,0,0,62,-2,10.98
fold2_room1_mix0300,33,4,0,137,-4,7.33
fold2_room1_mix0300,34,0,0,66,-3,11.07
fold2_room1_mix0300,34,4,0,134,-4,7.29
fold2_room1_mix0300,35,0,0,84,-3,9.89
fold2_room1_mix0300,35,4,0,130,-4,6.70
fold2_room1_mix0300,36,0,0,94,-3,9.26
fold2_room1_mix0300,36,4,0,130,-4,6.37
fold2_room1_mix0300,37,0,0,98,-3,8.81
fold2_room1_mix0300,37,4,0,138,-3,5.59
fold2_room1_mix0300,37,4,0,119,-5,4.75
fold2_room1_mix0300,38,0,0,112,-3,9.52
fold2_room1_mix0300,38,4,0,134,-3,6.43
fold2_room1_mix0300,38,4,0,114,-4,5.38
fold2_room1_mix0300,38,4,0,43,-4,9.14
fold2_room1_mix0300,39,0,0,116,-3,9.54
fold2_room1_mix0300,39,4,0,135,-3,5.93
fold2_room1_mix0300,39,4,0,110,-5,4.65
fold2_room1_mix0300,39,4,0,38,-3,8.83
fold2_room1_mix0300,40,0,0,123,-3,9.97
fold2_room1_mix0300,40,4,0,131,-3,6.26
fold2_room1_mix0300,40,4,0,105,-6,4.41
fold2_room1_mix0300,40,4,0,47,-4,7.48
fold2_room1_mix0300,41,0,0,128,-2,11.21
fold2_room1_mix0300,41,4,0,127,-4,6.60
fold2_room1_mix0300,41,4,0,101,-6,4.45
fold2_room1_mix0300,41,4,0,35,-3,9.33
fold2_room1_mix0300,42,0,0,132,-2,12.40
fold2_room1_mix0300,42,4,0,126,-3,7.09
fold2_room1_mix0300,42,4,0,88,-6,4.70
fold2_room1_mix0300,42,4,0,19,-2,10.05
fold2_room1_mix0300,43,0,0,137,-2,14.04
fold2_room1_mix0300,43,4,0,127,-3,6.77
fold2_room1_mix0300,43,4,0,90,-6,4.71
fold2_room1_mix0300,43,4,0,22,-2,9.70
fold2_room1_mix0300,44,0,0,131,-2,13.14
fold2_room1_mix0300,44,4,0,118,-4,7.13
fold2_room1_mix0300,44,4,0,57,-5,5.29
fold2_room1_mix0300,44,4,0,16,-3,8.35
fold2_room1_mix0300,45,0,0,134,-1,7.47
fold2_room1_mix0300,45,4,0,84,-5,6.07
fold2_room1_mix0300,45,4,0,45,-4,5.54
fold2_room1_mix0300,45,4,0,5,-3,8.69
fold2_room1_mix0300,46,0,0,140,-1,5.43
fold2_room1_mix0300,46,4,0,79,-5,6.51
fold2_room1_mix0300,46,4,0,42,-4,6.19
fold2_room1_mix0300,46,4,0,8,-3,9.76
fold2_room1_mix0300,47,4,0,75,-3,7.71
fold2_room1_mix0300,47,4,0,37,-3,6.62
fold2_room1_mix0300,47,4,0,11,-3,10.29
fold2_room1_mix0300,48,4,0,75,-3,8.29
fold2_room1_mix0300,48,4,0,44,-3,6.98
fold2_room1_mix0300,48,4,0,13,-3,9.72
fold2_room1_mix0300,49,4,0,68,-3,8.66
fold2_room1_mix0300,49,4,0,37,-4,6.93
fold2_room1_mix0300,49,4,0,5,-3,10.15
fold2_room1_mix0300,50,4,0,58,-3,8.40
fold2_room1_mix0300,50,4,0,28,-4,6.87
fold2_room1_mix0300,50,4,0,1,-4,10.22
fold2_room1_mix0300,51,4,0,39,-4,7.44
fold2_room1_mix0300,51,4,0,7,-3,10.44
fold2_room1_mix0300,52,4,0,40,-3,8.76
fold2_room1_mix0300,52,4,0,4,-3,10.99
fold2_room1_mix0300,53,4,0,33,-4,8.13
fold2_room1_mix0300,53,4,0,6,-3,10.80
fold2_room1_mix0300,54,4,0,30,-4,8.71
fold2_room1_mix0300,54,4,0,7,-3,10.41
fold2_room1_mix0300,55,4,0,-45,-4,8.44
fold2_room1_mix0300,55,4,0,31,-2,11.26
fold2_room1_mix0300,55,4,0,14,-2,11.87
fold2_room1_mix0300,56,4,0,-54,-5,7.34
fold2_room1_mix0300,56,4,0,21,-2,11.29
fold2_room1_mix0300,57,4,0,-51,-4,7.98
fold2_room1_mix0300,57,4,0,15,-2,11.68
fold2_room1_mix0300,58,4,0,-51,-6,6.03
fold2_room1_mix0300,58,4,0,21,-1,11.84
fold2_room1_mix0300,59,4,0,-51,-5,7.13
fold2_room1_mix0300,59,4,0,15,-2,10.95
fold2_room1_mix0300,60,4,0,-62,-5,6.19
fold2_room1_mix0300,60,4,0,12,-2,11.39
fold2_room1_mix0300,61,4,0,-57,-5,5.11
fold2_room1_mix0300,61,4,0,13,-2,10.37
fold2_room1_mix0300,62,4,0,-54,-9,3.51
fold2_room1_mix0300,62,4,0,6,-4,9.75
fold2_room1_mix0300,63,4,0,-51,-9,3.46
fold2_room1_mix0300,63,4,0,-16,-7,6.77
fold2_room1_mix0300,63,4,0,12,-3,10.72
fold2_room1_mix0300,64,4,0,-63,-14,2.99
fold2_room1_mix0300,64,4,0,-39,-15,4.14
fold2_room1_mix0300,64,4,0,8,-6,9.95
fold2_room1_mix0300,65,4,0,-72,-20,2.48
fold2_room1_mix0300,65,4,0,0,-6,14.17
fold2_room1_mix0300,66,4,0,-96,-21,1.99
fold2_room1_mix0300,66,4,0,-6,-7,14.15
fold2_room1_mix0300,67,4,0,-119,-17,2.11
fold2_room1_mix0300,67,4,0,0,-5,15.49
fold2_room1_mix0300,68,4,0,-137,-11,2.41
fold2_room1_mix0300,68,4,0,-21,-9,8.73
fold2_room1_mix0300,68,4,0,8,-4,13.64
fold2_room1_mix0300,69,4,0,-143,-9,3.51
fold2_room1_mix0300,69,4,0,-119,-18,4.80
fold2_room1_mix0300,69,4,0,0,-5,14.58
fold2_room1_mix0300,70,4,0,-151,-8,4.13
fold2_room1_mix0300,70,4,0,2,-6,11.10
fold2_room1_mix0300,71,4,0,-153,-5,5.43
fold2_room1_mix0300,71,4,0,5,-4,14.92
fold2_room1_mix0300,72,4,0,-158,-4,5.89
fold2_room1_mix0300,72,4,0,1,-3,11.49
fold2_room1_mix0300,73,4,0,-157,-4,6.06
fold2_room1_mix0300,73,4,0,0,-6,13.08
fold2_room1_mix0300,74,4,0,-163,-4,7.40
fold2_room1_mix0300,75,4,0,-161,-3,7.30
fold2_room1_mix0300,76,4,0,-164,-3,8.30
fold2_room1_mix0300,77,4,0,-162,-3,8.67
fold2_room1_mix0300,78,4,0,-165,-2,10.37
fold2_room1_mix0300,79,4,0,-166,-2,10.80
fold2_room1_mix0300,80,4,0,-166,-1,10.36
fold2_room1_mix0300,81,4,0,-167,-1,10.05
fold2_room1_mix0300,82,4,0,-165,-1,6.34
fold2_room1_mix0301,2,4,0,-179,1,2.09
fold2_room1_mix0301,3,4,0,179,0,4.94
fold2_room1_mix0301,4,4,0,177,0,14.62
fold2_room1_mix0301,5,4,0,178,0,14.89
fold2_room1_mix0301,6,4,0,177,0,16.57
fold2_room1_mix0301,7,4,0,178,0,21.12
fold2_room1_mix0301,8,4,0,179,0,26.23
fold2_room1_mix0301,9,4,0,179,0,23.09
fold2_room1_mix0301,10,4,0,177,0,23.90
fold2_room1_mix0301,11,4,0,177,0,23.57
fold2_room1_mix0301,12,4,0,177,0,22.68
fold2_room1_mix0301,13,4,0,179,0,21.00
fold2_room1_mix0301,14,4,0,179,0,21.70
fold2_room1_mix0301,15,4,0,-179,0,19.99
fold2_room1_mix0301,16,4,0,179,0,19.85
fold2_room1_mix0301,17,4,0,-179,0,21.13
fold2_room1_mix0301,18,4,0,179,0,19.28
fold2_room1_mix0301,19,4,0,-178,0,20.98
fold2_room1_mix0301,20,4,0,-178,0,20.12
fold2_room1_mix0301,21,4,0,-178,0,20.37
fold2_room1_mix0301,22,4,0,-178,-1,18.71
fold2_room1_mix0301,23,4,0,-177,-1,17.79
fold2_room1_mix0301,24,4,0,-177,-1,18.47
fold2_room1_mix0301,25,4,0,-178,-1,18.70
fold2_room1_mix0301,26,4,0,-179,-1,19.23
fold2_room1_mix0301,27,4,0,-178,0,19.32
fold2_room1_mix0301,28,4,0,-179,0,19.66
fold2_room1_mix0301,29,4,0,-179,0,20.00
fold2_room1_mix0301,30,4,0,-179,0,19.81
fold2_room1_mix0301,31,4,0,-179,0,20.24
fold2_room1_mix0301,32,4,0,-179,0,21.05
fold2_room1_mix0301,33,4,0,-179,0,20.74
fold2_room1_mix0301,34,4,0,179,-1,19.78
fold2_room1_mix0301,35,4,0,177,-1,19.43
fold2_room1_mix0301,36,4,0,177,0,20.83
fold2_room1_mix0301,37,4,0,177,-1,20.68
fold2_room1_mix0301,38,4,0,178,-1,19.59
fold2_room1_mix0301,39,4,0,177,-1,19.16
fold2_room1_mix0301,40,4,0,178,-1,19.83
fold2_room1_mix0301,41,4,0,177,-1,19.83
fold2_room1_mix0301,42,4,0,177,-1,19.37
fold2_room1_mix0301,43,4,0,177,-1,19.92
fold2_room1_mix0301,44,4,0,176,-1,18.93
fold2_room1_mix0301,45,4,0,178,-1,17.94
fold2_room1_mix0301,46,4,0,178,-1,17.92
fold2_room1_mix0301,47,4,0,176,-1,16.22
fold2_room1_mix0301,48,4,0,175,-1,16.15
fold2_room1_mix0301,49,4,0,178,-1,16.36
fold2_room1_mix0301,50,4,0,179,-1,15.43
fold2_room1_mix0301,51,4,0,178,-1,14.71
fold2_room1_mix0301,52,4,0,178,-2,14.16
fold2_room1_mix0301,53,4,0,178,-2,13.28
fold2_room1_mix0301,54,4,0,179,-2,12.43
fold2_room1_mix0301,55,4,0,177,-2,11.66
fold2_room1_mix0301,56,4,0,177,-2,11.65
fold2_room1_mix0301,57,4,0,178,-2,10.87
fold2_room1_mix0301,58,4,0,178,-3,10.57
fold2_room1_mix0301,59,4,0,176,-3,10.38
fold2_room1_mix0301,60,4,0,176,-3,9.49
fold2_room1_mix0301,61,4,0,174,-3,9.04
fold2_room1_mix0301,62,4,0,176,-3,9.41
fold2_room1_mix0301,63,4,0,174,-4,8.50
fold2_room1_mix0301,64,4,0,175,-4,8.39
fold2_room1_mix0301,65,4,0,175,-4,8.47
fold2_room1_mix0301,66,4,0,174,-5,7.28
fold2_room1_mix0301,67,4,0,172,-5,6.71
fold2_room1_mix0301,68,4,0,172,-5,6.96
fold2_room1_mix0301,69,4,0,170,-5,6.34
fold2_room1_mix0301,70,4,0,169,-6,5.96
fold2_room1_mix0301,71,4,0,166,-6,5.77
fold2_room1_mix0301,72,4,0,168,-6,5.27
fold2_room1_mix0301,73,4,0,165,-7,4.66
fold2_room1_mix0301,74,4,0,164,-9,4.03
fold2_room1_mix0301,75,4,0,160,-10,3.82
fold2_room1_mix0301,76,4,0,159,-11,3.61
fold2_room1_mix0301,77,4,0,153,-12,3.14
fold2_room1_mix0301,78,4,0,148,-13,2.83
fold2_room1_mix0301,79,4,0,139,-17,2.20
fold2_room1_mix0301,80,4,0,125,-21,1.93
fold2_room1_mix0301,81,4,0,107,-22,1.86
fold2_room1_mix0301,82,4,0,91,-27,1.78
fold2_room1_mix0301,83,4,0,68,-25,1.79
fold2_room1_mix0301,84,4,0,55,-21,2.07
fold2_room1_mix0301,85,4,0,42,-17,2.43
fold2_room1_mix0301,86,4,0,36,-14,2.57
fold2_room1_mix0301,87,4,0,30,-13,3.10
fold2_room1_mix0301,88,4,0,27,-11,3.61
fold2_room1_mix0301,89,4,0,22,-9,4.01
fold2_room1_mix0301,90,4,0,19,-9,4.20
fold2_room1_mix0301,91,4,0,18,-8,4.83
fold2_room1_mix0301,92,4,0,16,-8,4.90
fold2_room1_mix0301,93,4,0,15,-7,5.61
fold2_room1_mix0301,94,4,0,15,-6,6.09
fold2_room1_mix0301,95,4,0,13,-6,6.16
fold2_room1_mix0301,96,4,0,13,-5,6.89
fold2_room1_mix0301,97,4,0,13,-5,7.66
fold2_room1_mix0301,98,4,0,12,-5,6.84
fold2_room1_mix0301,99,4,0,11,-5,7.41
fold2_room1_mix0302,39,4,0,-4,0,4.79
fold2_room1_mix0302,40,4,0,-3,-2,7.45
fold2_room1_mix0302,41,4,0,-3,-2,7.93
fold2_room1_mix0302,42,4,0,0,-2,7.97
fold2_room1_mix0302,43,4,0,2,-3,8.78
fold2_room1_mix0302,44,4,0,1,-4,8.46
fold2_room1_mix0302,45,4,0,5,-4,7.80
fold2_room1_mix0302,46,4,0,5,-5,6.24
fold2_room1_mix0302,47,4,0,8,-6,5.52
fold2_room1_mix0302,48,4,0,14,-12,3.74
fold2_room1_mix0302,49,4,0,33,-20,2.26
fold2_room1_mix0302,49,4,0,12,-12,5.91
fold2_room1_mix0302,50,4,0,66,-23,1.53
fold2_room1_mix0302,50,4,0,44,-18,3.52
fold2_room1_mix0302,51,4,0,130,-20,1.44
fold2_room1_mix0302,51,4,0,5,-10,5.66
fold2_room1_mix0302,52,4,0,141,-14,1.61
fold2_room1_mix0302,52,4,0,24,-12,2.83
fold2_room1_mix0302,52,4,0,0,-5,6.00
fold2_room1_mix0302,53,4,0,158,-11,2.75
fold2_room1_mix0302,53,4,0,-1,-7,4.98
fold2_room1_mix0302,54,4,0,162,-8,3.34
fold2_room1_mix0302,54,4,0,-5,-7,4.78
fold2_room1_mix0302,55,4,0,168,-7,4.49
fold2_room1_mix0302,55,4,0,-13,-7,4.66
fold2_room1_mix0302,56,4,0,169,-6,5.62
fold2_room1_mix0302,56,4,0,-22,-8,4.31
fold2_room1_mix0302,57,4,0,174,-5,5.94
fold2_room1_mix0302,57,4,0,-29,-9,3.46
fold2_room1_mix0302,58,4,0,-174,-6,5.56
fold2_room1_mix0302,58,4,0,-33,-11,3.28
fold2_room1_mix0302,59,4,0,-175,-6,6.19
fold2_room1_mix0302,59,4,0,-44,-12,3.02
fold2_room1_mix0302,60,4,0,-167,-6,5.65
fold2_room1_mix0302,60,4,0,-68,-13,2.50
fold2_room1_mix0302,60,4,0,-30,-10,4.19
fold2_room1_mix0302,61,4,0,-165,-7,5.63
fold2_room1_mix0302,61,4,0,-89,-16,2.97
fold2_room1_mix0302,61,4,0,-28,-12,3.90
fold2_room1_mix0302,62,4,0,-157,-6,4.90
fold2_room1_mix0302,62,4,0,-114,-12,3.95
fold2_room1_mix0302,62,4,0,-17,-9,4.80
fold2_room1_mix0302,63,4,0,-154,-5,4.46
fold2_room1_mix0302,63,4,0,-36,-8,4.76
fold2_room1_mix0302,63,4,0,-11,-7,5.02
fold2_room1_mix0302,64,4,0,-158,-4,5.43
fold2_room1_mix0302,64,4,0,-45,-9,5.18
fold2_room1_mix0302,64,4,0,-13,-6,4.82
fold2_room1_mix0302,65,4,0,-160,-4,5.70
fold2_room1_mix0302,65,4,0,-15,-5,5.94
fold2_room1_mix0302,66,4,0,-159,-4,6.07
fold2_room1_mix0302,66,4,0,-10,-5,5.71
fold2_room1_mix0302,67,4,0,-160,-4,6.48
fold2_room1_mix0302,67,4,0,-12,-5,5.68
fold2_room1_mix0302,68,4,0,-162,-3,7.20
fold2_room1_mix0302,68,4,0,-8,-5,5.45
fold2_room1_mix0302,69,4,0,-163,-3,7.35
fold2_room1_mix0302,69,4,0,-7,-5,5.45
fold2_room1_mix0302,70,4,0,-163,-3,7.19
fold2_room1_mix0302,70,4,0,-9,-5,5.59
fold2_room1_mix0302,71,4,0,-162,-4,6.71
fold2_room1_mix0302,71,4,0,-10,-5,5.53
fold2_room1_mix0302,72,4,0,-163,-4,6.89
fold2_room1_mix0302,72,4,0,-10,-6,5.01
fold2_room1_mix0302,73,4,0,-160,-6,6.34
fold2_room1_mix0302,73,4,0,-13,-6,4.97
fold2_room1_mix0302,76,4,0,-18,-8,3.12
fold2_room1_mix0302,77,4,0,-18,-10,3.09
fold2_room1_mix0302,78,4,0,-23,-11,2.34
fold2_room1_mix0302,79,4,0,-30,-12,1.76
fold2_room1_mix0302,80,4,0,-41,-18,0.90
fold2_room1_mix0302,80,4,0,-26,-11,2.50
fold2_room1_mix0302,81,4,0,-54,-25,1.00
fold2_room1_mix0302,82,4,0,-89,-32,0.75
fold2_room1_mix0302,83,4,0,-120,-24,0.91
fold2_room1_mix0302,84,4,0,-139,-18,1.07
fold2_room1_mix0302,85,4,0,-148,-13,1.75
fold2_room1_mix0302,86,4,0,-153,-12,2.03
fold2_room1_mix0302,87,4,0,-160,-10,2.34
fold2_room1_mix0302,88,4,0,-160,-9,2.50
fold2_room1_mix0302,89,4,0,-163,-8,2.76
fold2_room1_mix0302,90,4,0,-165,-8,2.62
fold2_room1_mix0302,91,4,0,-165,-8,3.08
fold2_room1_mix0302,92,4,0,-167,-7,3.29
fold2_room1_mix0302,93,4,0,-169,-7,3.43
fold2_room1_mix0302,94,4,0,-169,-6,3.72
fold2_room1_mix0302,95,4,0,-168,-5,4.01
fold2_room1_mix0302,96,4,0,-168,-5,4.31
fold2_room1_mix0302,97,4,0,-171,-5,5.28
fold2_room1_mix0302,98,4,0,-172,-4,5.44
fold2_room1_mix0302,99,4,0,-169,-5,5.37
fold2_room1_mix0302,38,4,0,-1,-1,1.85
fold2_room1_mix0302,74,4,0,-13,-7,3.99
fold2_room1_mix0302,75,4,0,-14,-7,3.90
fold2_room1_mix0303,3,4,0,179,0,2.75
fold2_room1_mix0303,4,4,0,177,0,7.16
fold2_room1_mix0303,5,4,0,176,0,19.30
fold2_room1_mix0303,6,4,0,177,0,19.90
fold2_room1_mix0303,7,4,0,176,0,25.93
fold2_room1_mix0303,8,4,0,175,0,37.99
fold2_room1_mix0303,9,4,0,175,0,36.19
fold2_room1_mix0303,10,4,0,177,0,37.90
fold2_room1_mix0303,11,4,0,173,0,38.53
fold2_room1_mix0303,12,4,0,175,0,38.26
fold2_room1_mix0303,13,4,0,174,0,36.50
fold2_room1_mix0303,14,4,0,174,0,37.42
fold2_room1_mix0303,15,4,0,175,0,37.13
fold2_room1_mix0303,16,4,0,174,0,37.66
fold2_room1_mix0303,17,4,0,175,0,36.70
fold2_room1_mix0303,18,4,0,175,0,36.83
fold2_room1_mix0303,19,3,0,147,-4,9.76
fold2_room1_mix0303,19,4,0,174,0,35.09
fold2_room1_mix0303,20,3,0,142,-4,13.67
fold2_room1_mix0303,20,4,0,174,0,35.04
fold2_room1_mix0303,21,3,0,143,-3,14.96
fold2_room1_mix0303,21,4,0,174,0,30.05
fold2_room1_mix0303,22,3,0,141,-4,14.35
fold2_room1_mix0303,22,4,0,173,0,31.57
fold2_room1_mix0303,23,3,0,140,-5,9.49
fold2_room1_mix0303,23,4,0,175,0,28.78
fold2_room1_mix0303,24,3,0,138,-5,8.92
fold2_room1_mix0303,24,3,0,137,-5,8.91
fold2_room1_mix0303,24,4,0,175,0,28.57
fold2_room1_mix0303,25,3,0,132,-6,7.76
fold2_room1_mix0303,25,3,0,130,-5,7.69
fold2_room1_mix0303,25,4,0,177,-1,27.02
fold2_room1_mix0303,26,3,0,134,-5,8.58
fold2_room1_mix0303,26,3,0,132,-5,8.50
fold2_room1_mix0303,26,4,0,176,0,29.27
fold2_room1_mix0303,27,3,0,132,-6,7.90
fold2_room1_mix0303,27,3,0,130,-5,7.84
fold2_room1_mix0303,27,4,0,173,-1,28.86
fold2_room1_mix0303,28,3,0,128,-6,7.82
fold2_room1_mix0303,28,4,0,174,0,27.79
fold2_room1_mix0303,29,3,0,121,-7,6.98
fold2_room1_mix0303,29,4,0,175,0,28.28
fold2_room1_mix0303,30,3,0,114,-7,6.59
fold2_room1_mix0303,30,4,0,175,-1,26.64
fold2_room1_mix0303,31,3,0,114,-7,7.46
fold2_room1_mix0303,31,4,0,175,-1,29.43
fold2_room1_mix0303,32,3,0,113,-7,7.42
fold2_room1_mix0303,32,4,0,173,-1,31.14
fold2_room1_mix0303,33,3,0,112,-8,7.32
fold2_room1_mix0303,33,4,0,175,0,30.29
fold2_room1_mix0303,34,3,0,112,-6,7.52
fold2_room1_mix0303,34,4,0,174,0,32.74
fold2_room1_mix0303,35,3,0,120,-6,7.61
fold2_room1_mix0303,35,4,0,173,0,30.53
fold2_room1_mix0303,36,3,0,121,-6,7.58
fold2_room1_mix0303,36,4,0,173,0,29.25
fold2_room1_mix0303,37,3,0,161,-10,8.10
fold2_room1_mix0303,37,3,0,-115,-7,8.75
fold2_room1_mix0303,37,3,0,140,-8,7.88
fold2_room1_mix0303,37,4,0,173,0,27.84
fold2_room1_mix0303,38,3,0,-96,-5,10.88
fold2_room1_mix0303,38,4,0,171,0,28.18
fold2_room1_mix0303,39,3,0,-140,-9,11.12
fold2_room1_mix0303,39,3,0,-98,-4,12.05
fold2_room1_mix0303,39,4,0,165,-1,24.09
fold2_room1_mix0303,40,3,0,-124,-8,11.33
fold2_room1_mix0303,40,3,0,-93,-4,12.28
fold2_room1_mix0303,40,4,0,163,0,23.53
fold2_room1_mix0303,41,3,0,-116,-6,12.25
fold2_room1_mix0303,41,3,0,-86,-3,13.37
fold2_room1_mix0303,41,4,0,164,0,22.50
fold2_room1_mix0303,42,3,0,-124,-6,13.41
fold2_room1_mix0303,42,3,0,-94,-3,14.61
fold2_room1_mix0303,42,4,0,163,0,22.05
fold2_room1_mix0303,43,3,0,-55,-3,12.03
fold2_room1_mix0303,43,4,0,165,0,22.45
fold2_room1_mix0303,44,3,0,-50,-3,11.57
fold2_room1_mix0303,44,4,0,162,-1,19.68
fold2_room1_mix0303,45,3,0,-62,-3,10.19
fold2_room1_mix0303,45,4,0,166,0,20.44
fold2_room1_mix0303,46,3,0,-67,-4,12.31
fold2_room1_mix0303,46,4,0,162,0,20.21
fold2_room1_mix0303,47,3,0,-71,-4,11.88
fold2_room1_mix0303,47,4,0,159,-1,18.14
fold2_room1_mix0303,48,3,0,25,-5,9.40
fold2_room1_mix0303,48,3,0,30,-5,9.22
fold2_room1_mix0303,48,4,0,158,-1,18.74
fold2_room1_mix0303,49,3,0,9,-5,8.59
fold2_room1_mix0303,49,3,0,12,-5,8.50
fold2_room1_mix0303,49,4,0,159,-1,17.46
fold2_room1_mix0303,50,3,0,-12,-4,10.95
fold2_room1_mix0303,50,3,0,-9,-4,10.81
fold2_room1_mix0303,50,4,0,159,-1,15.87
fold2_room1_mix0303,51,3,0,-39,-4,10.15
fold2_room1_mix0303,51,4,0,153,-2,14.53
fold2_room1_mix0303,52,3,0,-23,-3,9.28
fold2_room1_mix0303,52,4,0,152,-2,12.53
fold2_room1_mix0303,53,3,0,-21,-3,10.14
fold2_room1_mix0303,53,4,0,151,-2,12.46
fold2_room1_mix0303,54,3,0,0,-3,9.84
fold2_room1_mix0303,54,4,0,148,-3,11.03
fold2_room1_mix0303,55,3,0,6,-2,11.02
fold2_room1_mix0303,55,4,0,145,-3,9.74
fold2_room1_mix0303,56,3,0,7,-2,10.04
fold2_room1_mix0303,56,4,0,143,-4,9.15
fold2_room1_mix0303,57,3,0,0,-2,10.29
fold2_room1_mix0303,57,4,0,139,-4,8.12
fold2_room1_mix0303,58,3,0,-1,-2,10.29
fold2_room1_mix0303,58,4,0,132,-5,7.29
fold2_room1_mix0303,59,4,0,118,-6,6.04
fold2_room1_mix0303,60,4,0,102,-7,5.83
fold2_room1_mix0303,61,4,0,87,-10,5.31
fold2_room1_mix0303,62,4,0,76,-8,5.76
fold2_room1_mix0303,63,4,0,68,-7,6.26
fold2_room1_mix0303,64,4,0,57,-5,6.58
fold2_room1_mix0303,65,3,0,-11,-2,7.37
fold2_room1_mix0303,65,4,0,53,-5,6.96
fold2_room1_mix0303,66,3,0,-15,-2,16.35
fold2_room1_mix0303,66,4,0,49,-4,7.28
fold2_room1_mix0303,67,3,0,-10,-2,14.62
fold2_room1_mix0303,67,4,0,45,-4,7.41
fold2_room1_mix0303,68,3,0,-10,-2,13.29
fold2_room1_mix0303,68,4,0,38,-3,8.46
fold2_room1_mix0303,69,3,0,-11,-2,13.18
fold2_room1_mix0303,69,4,0,33,-4,9.29
fold2_room1_mix0303,70,3,0,-3,-2,14.58
fold2_room1_mix0303,70,4,0,32,-4,10.14
fold2_room1_mix0303,71,3,0,-9,-2,14.11
fold2_room1_mix0303,71,4,0,27,-3,10.76
fold2_room1_mix0303,72,3,0,-4,-2,12.41
fold2_room1_mix0303,72,4,0,24,-3,12.41
fold2_room1_mix0303,73,3,0,-9,-2,11.13
fold2_room1_mix0303,73,4,0,23,-3,12.55
fold2_room1_mix0303,74,4,0,21,-3,12.66
fold2_room1_mix0303,75,4,0,20,-3,14.22
fold2_room1_mix0303,76,4,0,19,-2,15.04
fold2_room1_mix0303,77,4,0,18,-2,16.34
fold2_room1_mix0303,78,4,0,17,-2,17.50
fold2_room1_mix0303,79,4,0,16,-2,17.65
fold2_room1_mix0303,80,4,0,16,-1,19.33
fold2_room1_mix0303,81,4,0,15,-1,19.73
fold2_room1_mix0303,82,4,0,14,-1,21.02
fold2_room1_mix0303,83,4,0,13,-1,21.81
fold2_room1_mix0303,84,4,0,14,-1,22.17
fold2_room1_mix0303,85,4,0,13,-1,23.39
fold2_room1_mix0303,86,4,0,13,-1,24.23
fold2_room1_mix0303,87,4,0,13,-1,22.77
fold2_room1_mix0303,88,4,0,12,-1,25.27
fold2_room1_mix0303,89,4,0,11,-1,24.99
fold2_room1_mix0303,90,4,0,11,-1,24.75
fold2_room1_mix0303,91,4,0,11,-1,27.20
fold2_room1_mix0303,92,4,0,10,-1,26.99
fold2_room1_mix0303,93,4,0,10,-1,27.94
fold2_room1_mix0303,94,4,0,10,-1,29.62
fold2_room1_mix0303,95,4,0,9,-1,28.91
fold2_room1_mix0303,96,4,0,9,-1,29.54
fold2_room1_mix0303,97,4,0,9,0,31.55
fold2_room1_mix0303,98,4,0,9,-1,30.74
fold2_room1_mix0303,99,4,0,8,0,29.89
fold2_room1_mix0304,1,4,0,178,0,0.29
fold2_room1_mix0304,3,4,0,-179,1,0.52
fold2_room1_mix0304,4,4,0,-178,1,11.94
fold2_room1_mix0304,5,4,0,-179,0,18.58
fold2_room1_mix0304,5,4,0,-3,0,19.99
fold2_room1_mix0304,6,4,0,-175,0,19.06
fold2_room1_mix0304,6,4,0,1,0,21.26
fold2_room1_mix0304,7,4,0,-178,0,24.42
fold2_room1_mix0304,7,4,0,0,0,30.20
fold2_room1_mix0304,8,4,0,-176,0,35.23
fold2_room1_mix0304,8,4,0,-3,0,41.55
fold2_room1_mix0304,9,4,0,-178,-1,35.99
fold2_room1_mix0304,9,4,0,-4,0,42.26
fold2_room1_mix0304,10,4,0,-176,0,32.28
fold2_room1_mix0304,10,4,0,-3,0,39.55
fold2_room1_mix0304,11,4,0,-179,0,34.97
fold2_room1_mix0304,11,4,0,-5,-1,40.56
fold2_room1_mix0304,12,4,0,-176,0,39.92
fold2_room1_mix0304,12,4,0,-8,-1,32.67
fold2_room1_mix0304,13,4,0,-178,-1,31.23
fold2_room1_mix0304,13,4,0,-8,-1,33.68
fold2_room1_mix0304,14,4,0,179,-1,34.05
fold2_room1_mix0304,14,4,0,-9,-1,35.91
fold2_room1_mix0304,15,4,0,178,0,36.69
fold2_room1_mix0304,15,4,0,-10,-1,31.92
fold2_room1_mix0304,16,4,0,179,0,34.41
fold2_room1_mix0304,16,4,0,-13,-1,28.87
fold2_room1_mix0304,17,4,0,177,0,34.28
fold2_room1_mix0304,17,4,0,-15,-1,28.62
fold2_room1_mix0304,18,4,0,177,0,33.22
fold2_room1_mix0304,18,4,0,-16,-1,28.07
fold2_room1_mix0304,19,4,0,-179,0,28.25
fold2_room1_mix0304,19,4,0,-15,-1,27.81
fold2_room1_mix0304,20,4,0,179,0,30.28
fold2_room1_mix0304,20,4,0,-19,-1,28.98
fold2_room1_mix0304,21,4,0,178,0,32.09
fold2_room1_mix0304,21,4,0,-23,-1,26.79
fold2_room1_mix0304,22,4,0,178,0,31.06
fold2_room1_mix0304,22,4,0,-25,-1,26.17
fold2_room1_mix0304,23,4,0,177,0,29.81
fold2_room1_mix0304,23,4,0,-26,0,25.10
fold2_room1_mix0304,24,4,0,178,-1,26.82
fold2_room1_mix0304,24,4,0,-28,-1,24.10
fold2_room1_mix0304,25,4,0,178,0,27.92
fold2_room1_mix0304,25,4,0,-26,0,24.72
fold2_room1_mix0304,26,4,0,176,-1,26.17
fold2_room1_mix0304,26,4,0,-32,-1,22.15
fold2_room1_mix0304,27,4,0,175,0,28.83
fold2_room1_mix0304,27,4,0,-29,-1,22.39
fold2_room1_mix0304,28,4,0,176,0,26.90
fold2_room1_mix0304,28,4,0,-29,-1,20.62
fold2_room1_mix0304,29,4,0,175,0,26.96
fold2_room1_mix0304,29,4,0,-32,-1,19.01
fold2_room1_mix0304,30,4,0,175,0,27.50
fold2_room1_mix0304,30,4,0,-33,-1,18.81
fold2_room1_mix0304,31,4,0,174,0,27.02
fold2_room1_mix0304,31,4,0,-35,-2,18.23
fold2_room1_mix0304,32,4,0,173,0,26.70
fold2_room1_mix0304,32,4,0,-43,-3,15.20
fold2_room1_mix0304,33,4,0,172,0,25.44
fold2_room1_mix0304,33,4,0,-42,-3,14.05
fold2_room1_mix0304,34,4,0,172,0,25.29
fold2_room1_mix0304,34,4,0,-38,-3,13.99
fold2_room1_mix0304,35,4,0,170,0,23.65
fold2_room1_mix0304,35,4,0,-46,-3,11.59
fold2_room1_mix0304,36,4,0,174,0,24.68
fold2_room1_mix0304,36,4,0,-45,-4,11.21
fold2_room1_mix0304,37,4,0,173,0,24.27
fold2_room1_mix0304,37,4,0,-51,-5,9.22
fold2_room1_mix0304,38,4,0,173,-1,22.28
fold2_room1_mix0304,38,4,0,-54,-5,9.41
fold2_room1_mix0304,39,4,0,173,-1,22.75
fold2_room1_mix0304,39,4,0,-58,-6,8.68
fold2_room1_mix0304,40,4,0,173,-1,22.78
fold2_room1_mix0304,40,4,0,-63,-6,8.16
fold2_room1_mix0304,41,4,0,171,-1,21.52
fold2_room1_mix0304,41,4,0,-73,-6,8.64
fold2_room1_mix0304,42,4,0,172,-1,20.01
fold2_room1_mix0304,42,4,0,-73,-7,7.44
fold2_room1_mix0304,43,4,0,169,-1,21.78
fold2_room1_mix0304,43,4,0,-88,-7,7.67
fold2_room1_mix0304,44,4,0,171,-1,21.58
fold2_room1_mix0304,44,4,0,-90,-8,7.56
fold2_room1_mix0304,45,4,0,172,-1,20.71
fold2_room1_mix0304,45,4,0,-97,-7,7.85
fold2_room1_mix0304,46,4,0,170,-1,19.15
fold2_room1_mix0304,46,4,0,-111,-6,8.47
fold2_room1_mix0304,47,4,0,173,-2,17.89
fold2_room1_mix0304,47,4,0,-115,-6,8.39
fold2_room1_mix0304,48,4,0,172,-2,16.57
fold2_room1_mix0304,48,4,0,-129,-4,8.56
fold2_room1_mix0304,49,4,0,172,-2,15.30
fold2_room1_mix0304,49,4,0,-138,-4,8.76
fold2_room1_mix0304,50,4,0,171,-2,13.76
fold2_room1_mix0304,50,4,0,-134,-4,9.19
fold2_room1_mix0304,51,4,0,170,-3,12.10
fold2_room1_mix0304,51,4,0,-137,-3,9.64
fold2_room1_mix0304,52,4,0,172,-3,11.40
fold2_room1_mix0304,52,4,0,-139,-4,9.46
fold2_room1_mix0304,53,4,0,170,-4,9.44
fold2_room1_mix0304,53,4,0,-138,-2,11.44
fold2_room1_mix0304,54,4,0,169,-5,8.30
fold2_room1_mix0304,54,4,0,-133,-2,11.92
fold2_room1_mix0304,55,4,0,170,-6,6.37
fold2_room1_mix0304,55,4,0,-142,-1,11.37
fold2_room1_mix0304,56,4,0,166,-8,5.42
fold2_room1_mix0304,56,4,0,-148,-1,11.94
fold2_room1_mix0304,57,4,0,164,-9,4.64
fold2_room1_mix0304,57,4,0,-150,-1,12.30
fold2_room1_mix0304,58,4,0,156,-12,2.89
fold2_room1_mix0304,58,4,0,-153,1,14.27
fold2_room1_mix0304,59,4,0,179,-5,7.86
fold2_room1_mix0304,59,4,0,-174,-4,8.89
fold2_room1_mix0304,60,4,0,-149,0,19.05
fold2_room1_mix0304,60,4,0,100,-19,2.05
fold2_room1_mix0304,61,4,0,-149,1,15.12
fold2_room1_mix0304,61,4,0,48,-14,1.85
fold2_room1_mix0304,62,4,0,-154,3,16.70
fold2_room1_mix0304,62,4,0,29,-8,2.49
fold2_room1_mix0304,63,4,0,-153,2,16.20
fold2_room1_mix0304,63,4,0,15,-5,3.33
fold2_room1_mix0304,64,4,0,-161,2,17.08
fold2_room1_mix0304,64,4,0,13,-5,3.83
fold2_room1_mix0304,65,4,0,-162,2,20.80
fold2_room1_mix0304,65,4,0,12,-4,4.84
fold2_room1_mix0304,66,4,0,-160,2,20.29
fold2_room1_mix0304,66,4,0,9,-4,5.61
fold2_room1_mix0304,67,4,0,-162,2,20.27
fold2_room1_mix0304,67,4,0,6,-3,6.92
fold2_room1_mix0304,68,4,0,-165,2,21.85
fold2_room1_mix0304,68,4,0,5,-3,7.60
fold2_room1_mix0304,69,4,0,-163,2,23.22
fold2_room1_mix0304,69,4,0,5,-3,8.59
fold2_room1_mix0304,70,4,0,-163,1,22.01
fold2_room1_mix0304,70,4,0,3,-2,9.79
fold2_room1_mix0304,71,4,0,-162,1,22.28
fold2_room1_mix0304,71,4,0,3,-2,10.93
fold2_room1_mix0304,72,4,0,-163,1,23.74
fold2_room1_mix0304,72,4,0,3,-2,11.87
fold2_room1_mix0304,73,4,0,-165,1,24.44
fold2_room1_mix0304,73,4,0,3,-2,12.33
fold2_room1_mix0304,74,4,0,-165,1,23.98
fold2_room1_mix0304,74,4,0,2,-2,12.57
fold2_room1_mix0304,75,4,0,-164,1,23.69
fold2_room1_mix0304,75,4,0,2,-2,14.16
fold2_room1_mix0304,76,4,0,-165,0,24.03
fold2_room1_mix0304,76,4,0,2,-2,14.91
fold2_room1_mix0304,77,4,0,-166,0,25.19
fold2_room1_mix0304,77,4,0,3,-2,15.66
fold2_room1_mix0304,78,4,0,-165,0,24.52
fold2_room1_mix0304,78,4,0,3,-1,16.63
fold2_room1_mix0304,79,4,0,-165,0,23.89
fold2_room1_mix0304,79,4,0,3,-1,16.88
fold2_room1_mix0304,80,4,0,-167,0,24.65
fold2_room1_mix0304,80,4,0,3,-1,16.71
fold2_room1_mix0304,81,4,0,-168,0,27.52
fold2_room1_mix0304,81,4,0,3,-1,18.27
fold2_room1_mix0304,82,4,0,-168,0,30.37
fold2_room1_mix0304,82,4,0,3,-1,19.79
fold2_room1_mix0304,83,4,0,-168,0,30.00
fold2_room1_mix0304,83,4,0,3,-1,20.13
fold2_room1_mix0304,84,4,0,-170,0,31.73
fold2_room1_mix0304,84,4,0,3,-1,22.11
fold2_room1_mix0304,85,4,0,-169,0,33.99
fold2_room1_mix0304,85,4,0,3,-1,22.94
fold2_room1_mix0304,86,4,0,-170,0,33.81
fold2_room1_mix0304,86,4,0,3,-1,23.74
fold2_room1_mix0304,87,4,0,-170,0,31.91
fold2_room1_mix0304,87,4,0,3,-1,24.09
fold2_room1_mix0304,88,4,0,-170,0,36.09
fold2_room1_mix0304,88,4,0,3,-1,25.21
fold2_room1_mix0304,89,4,0,-169,0,33.64
fold2_room1_mix0304,89,4,0,3,-1,25.93
fold2_room1_mix0304,90,4,0,-170,0,35.87
fold2_room1_mix0304,90,4,0,3,-1,26.24
fold2_room1_mix0304,91,4,0,-170,0,35.50
fold2_room1_mix0304,91,4,0,3,-1,27.94
fold2_room1_mix0304,92,4,0,-169,0,35.81
fold2_room1_mix0304,92,4,0,3,-1,28.37
fold2_room1_mix0304,93,4,0,-170,0,35.04
fold2_room1_mix0304,93,4,0,2,-1,26.05
fold2_room1_mix0304,94,4,0,-171,0,35.26
fold2_room1_mix0304,94,4,0,2,-1,28.49
fold2_room1_mix0304,95,4,0,-169,0,34.95
fold2_room1_mix0304,95,4,0,1,-1,27.45
fold2_room1_mix0304,96,4,0,-170,0,35.26
fold2_room1_mix0304,96,4,0,1,-1,30.85
fold2_room1_mix0304,97,4,0,-170,0,37.46
fold2_room1_mix0304,97,4,0,1,-1,32.65
fold2_room1_mix0304,98,4,0,-170,0,39.25
fold2_room1_mix0304,98,4,0,1,-1,32.75
fold2_room1_mix0304,99,4,0,-170,0,38.08
fold2_room1_mix0304,99,4,0,2,-1,32.91
fold2_room1_mix0305,4,4,0,-2,0,15.65
fold2_room1_mix0305,5,4,0,-6,0,17.24
fold2_room1_mix0305,6,4,0,-4,0,21.45
fold2_room1_mix0305,7,4,0,-5,0,27.33
fold2_room1_mix0305,8,4,0,-3,-1,32.44
fold2_room1_mix0305,9,4,0,-3,-1,32.12
fold2_room1_mix0305,10,4,0,-5,-1,31.59
fold2_room1_mix0305,11,4,0,-3,-1,33.32
fold2_room1_mix0305,12,4,0,-2,-1,34.74
fold2_room1_mix0305,13,4,0,-4,-1,31.67
fold2_room1_mix0305,14,4,0,-5,-1,33.19
fold2_room1_mix0305,15,4,0,-6,-1,32.23
fold2_room1_mix0305,16,4,0,-6,-1,30.67
fold2_room1_mix0305,17,4,0,-7,-1,31.13
fold2_room1_mix0305,18,4,0,-7,-1,31.37
fold2_room1_mix0305,19,4,0,-7,-1,32.03
fold2_room1_mix0305,20,2,0,63,-5,8.25
fold2_room1_mix0305,20,4,0,-8,-1,32.35
fold2_room1_mix0305,21,2,0,58,-5,8.36
fold2_room1_mix0305,21,4,0,-9,-1,33.47
fold2_room1_mix0305,22,2,0,51,-6,6.77
fold2_room1_mix0305,22,4,0,-6,-1,31.52
fold2_room1_mix0305,23,2,0,56,-6,7.49
fold2_room1_mix0305,23,4,0,-7,-1,30.56
fold2_room1_mix0305,24,2,0,46,-6,7.42
fold2_room1_mix0305,24,4,0,-8,-1,30.99
fold2_room1_mix0305,25,2,0,45,-6,8.18
fold2_room1_mix0305,25,4,0,-8,-1,31.37
fold2_room1_mix0305,26,2,0,44,-4,7.92
fold2_room1_mix0305,26,4,0,-9,-1,30.13
fold2_room1_mix0305,27,4,0,-13,-1,29.31
fold2_room1_mix0305,28,4,0,-18,-1,28.40
fold2_room1_mix0305,29,2,0,-44,-2,11.95
fold2_room1_mix0305,29,4,0,-14,-2,28.02
fold2_room1_mix0305,30,2,0,-4,-4,12.76
fold2_room1_mix0305,30,4,0,-13,-1,27.64
fold2_room1_mix0305,31,2,0,46,-5,9.63
fold2_room1_mix0305,31,4,0,-15,-1,27.62
fold2_room1_mix0305,32,2,0,49,-5,8.75
fold2_room1_mix0305,32,4,0,-14,-1,27.03
fold2_room1_mix0305,33,2,0,50,-6,8.85
fold2_room1_mix0305,33,4,0,-14,-1,27.50
fold2_room1_mix0305,34,2,0,59,-5,9.90
fold2_room1_mix0305,34,2,0,33,-9,9.33
fold2_room1_mix0305,34,4,0,-14,-1,26.62
fold2_room1_mix0305,35,2,0,57,-6,7.91
fold2_room1_mix0305,35,4,0,-14,0,26.84
fold2_room1_mix0305,36,2,0,60,-6,6.36
fold2_room1_mix0305,36,4,0,-18,0,25.83
fold2_room1_mix0305,37,4,0,-21,-1,24.45
fold2_room1_mix0305,38,4,0,-21,-1,22.98
fold2_room1_mix0305,39,2,0,-37,-3,10.44
fold2_room1_mix0305,39,4,0,-19,-2,21.58
fold2_room1_mix0305,40,2,0,-37,-3,11.54
fold2_room1_mix0305,40,4,0,-21,-1,21.14
fold2_room1_mix0305,41,2,0,59,-4,8.57
fold2_room1_mix0305,41,2,0,-40,-7,8.11
fold2_room1_mix0305,41,4,0,-20,-2,19.78
fold2_room1_mix0305,42,2,0,62,-6,7.43
fold2_room1_mix0305,42,2,0,-12,-12,7.10
fold2_room1_mix0305,42,4,0,-18,-2,19.35
fold2_room1_mix0305,43,2,0,62,-6,8.52
fold2_room1_mix0305,43,2,0,44,-10,8.07
fold2_room1_mix0305,43,4,0,-21,-2,19.69
fold2_room1_mix0305,44,2,0,67,-5,8.37
fold2_room1_mix0305,44,2,0,-50,-10,7.61
fold2_room1_mix0305,44,4,0,-24,-3,18.33
fold2_room1_mix0305,45,2,0,70,-6,8.84
fold2_room1_mix0305,45,2,0,55,-12,8.29
fold2_room1_mix0305,45,4,0,-26,-3,18.05
fold2_room1_mix0305,46,2,0,70,-6,8.77
fold2_room1_mix0305,46,4,0,-28,-2,17.65
fold2_room1_mix0305,47,4,0,-32,-3,14.88
fold2_room1_mix0305,48,4,0,-34,-3,15.71
fold2_room1_mix0305,49,2,0,-60,-2,10.23
fold2_room1_mix0305,49,4,0,-32,-4,13.65
fold2_room1_mix0305,50,2,0,-57,-2,9.79
fold2_room1_mix0305,50,4,0,-33,-4,14.27
fold2_room1_mix0305,51,2,0,77,-6,8.61
fold2_room1_mix0305,51,4,0,-36,-4,12.40
fold2_room1_mix0305,52,2,0,79,-7,7.76
fold2_room1_mix0305,52,4,0,-41,-3,12.56
fold2_room1_mix0305,53,2,0,81,-6,8.36
fold2_room1_mix0305,53,4,0,-42,-4,11.71
fold2_room1_mix0305,54,2,0,86,-6,7.82
fold2_room1_mix0305,54,4,0,-42,-5,10.48
fold2_room1_mix0305,55,2,0,86,-8,8.04
fold2_room1_mix0305,55,4,0,-46,-5,10.32
fold2_room1_mix0305,56,2,0,89,-7,9.47
fold2_room1_mix0305,56,4,0,-49,-4,9.83
fold2_room1_mix0305,57,4,0,-54,-5,9.12
fold2_room1_mix0305,58,2,0,-64,-2,7.69
fold2_room1_mix0305,58,4,0,-59,-6,9.04
fold2_room1_mix0305,59,2,0,-73,-3,9.74
fold2_room1_mix0305,59,4,0,-64,-5,8.63
fold2_room1_mix0305,60,2,0,-88,-3,8.27
fold2_room1_mix0305,60,4,0,-64,-5,8.90
fold2_room1_mix0305,61,2,0,92,-6,9.32
fold2_room1_mix0305,61,2,0,-83,-8,9.00
fold2_room1_mix0305,61,4,0,-69,-6,7.40
fold2_room1_mix0305,62,2,0,99,-7,8.28
fold2_room1_mix0305,62,4,0,-73,-5,7.58
fold2_room1_mix0305,63,2,0,94,-6,9.65
fold2_room1_mix0305,63,4,0,-79,-6,7.90
fold2_room1_mix0305,64,2,0,103,-5,9.61
fold2_room1_mix0305,64,4,0,-81,-6,7.45
fold2_room1_mix0305,65,2,0,108,-6,9.40
fold2_room1_mix0305,65,4,0,-86,-5,7.72
fold2_room1_mix0305,66,2,0,111,-5,10.69
fold2_room1_mix0305,66,4,0,-90,-5,7.97
fold2_room1_mix0305,67,4,0,-101,-6,7.50
fold2_room1_mix0305,68,2,0,-105,-3,8.01
fold2_room1_mix0305,68,4,0,-103,-6,8.27
fold2_room1_mix0305,69,2,0,-111,-2,9.23
fold2_room1_mix0305,69,4,0,-108,-5,8.72
fold2_room1_mix0305,70,2,0,-121,-3,9.04
fold2_room1_mix0305,70,4,0,-115,-4,9.12
fold2_room1_mix0305,71,2,0,-124,-3,9.34
fold2_room1_mix0305,71,4,0,-122,-4,9.71
fold2_room1_mix0305,72,2,0,-157,-4,9.96
fold2_room1_mix0305,72,2,0,-177,-5,10.21
fold2_room1_mix0305,72,2,0,-125,-3,9.59
fold2_room1_mix0305,72,4,0,-123,-4,9.98
fold2_room1_mix0305,73,4,0,-125,-3,9.19
fold2_room1_mix0305,74,4,0,-126,-3,9.30
fold2_room1_mix0305,75,4,0,-129,-3,10.09
fold2_room1_mix0305,76,4,0,-130,-3,10.84
fold2_room1_mix0305,77,4,0,-133,-3,11.43
fold2_room1_mix0305,78,2,0,-137,-3,10.96
fold2_room1_mix0305,78,4,0,-135,-3,11.91
fold2_room1_mix0305,79,2,0,-149,-4,11.95
fold2_room1_mix0305,79,2,0,-128,-3,11.62
fold2_room1_mix0305,79,4,0,-138,-3,12.99
fold2_room1_mix0305,80,2,0,-137,-3,11.30
fold2_room1_mix0305,80,4,0,-141,-3,12.83
fold2_room1_mix0305,81,2,0,-133,-3,11.90
fold2_room1_mix0305,81,4,0,-143,-3,13.88
fold2_room1_mix0305,82,4,0,-143,-3,13.03
fold2_room1_mix0305,83,4,0,-145,-2,14.43
fold2_room1_mix0305,84,4,0,-147,-2,14.85
fold2_room1_mix0305,85,4,0,-147,-2,15.14
fold2_room1_mix0305,86,4,0,-148,-2,15.20
fold2_room1_mix0305,87,4,0,-149,-2,15.92
fold2_room1_mix0305,88,4,0,-150,-2,16.57
fold2_room1_mix0305,89,4,0,-150,-2,17.81
fold2_room1_mix0305,90,4,0,-152,-2,17.60
fold2_room1_mix0305,91,4,0,-151,-2,18.47
fold2_room1_mix0305,92,4,0,-152,-2,18.87
fold2_room1_mix0305,93,4,0,-153,-1,19.36
fold2_room1_mix0305,94,4,0,-153,-1,20.94
fold2_room1_mix0305,95,4,0,-154,-1,21.67
fold2_room1_mix0305,96,4,0,-155,-1,21.33
fold2_room1_mix0305,97,4,0,-156,-1,24.02
fold2_room1_mix0305,98,4,0,-156,-1,23.60
fold2_room1_mix0305,99,4,0,-158,-1,23.57
fold2_room1_mix0305,3,4,0,-8,0,1.77
fold2_room1_mix0306,0,5,0,-14,3,3.06
fold2_room1_mix0306,2,5,0,-31,2,15.23
fold2_room1_mix0306,3,4,0,167,-2,3.96
fold2_room1_mix0306,3,5,0,-22,3,9.94
fold2_room1_mix0306,4,4,0,149,-2,8.69
fold2_room1_mix0306,4,5,0,-23,2,9.17
fold2_room1_mix0306,5,4,0,145,-2,7.80
fold2_room1_mix0306,5,5,0,-28,2,18.39
fold2_room1_mix0306,6,4,0,149,-2,9.37
fold2_room1_mix0306,6,5,0,-32,2,19.75
fold2_room1_mix0306,7,4,0,145,-2,12.78
fold2_room1_mix0306,7,5,0,-37,3,17.47
fold2_room1_mix0306,8,4,0,145,-2,13.35
fold2_room1_mix0306,8,4,0,8,-4,19.12
fold2_room1_mix0306,8,5,0,-23,2,17.05
fold2_room1_mix0306,9,4,0,144,-3,13.56
fold2_room1_mix0306,9,4,0,4,-3,18.25
fold2_room1_mix0306,9,5,0,-28,3,17.77
fold2_room1_mix0306,10,4,0,154,-2,13.56
fold2_room1_mix0306,10,4,0,135,-3,12.89
fold2_room1_mix0306,10,4,0,-3,-3,16.87
fold2_room1_mix0306,10,5,0,-30,3,16.30
fold2_room1_mix0306,11,4,0,153,-2,13.85
fold2_room1_mix0306,11,4,0,136,-3,12.41
fold2_room1_mix0306,11,4,0,-3,-2,19.62
fold2_room1_mix0306,11,5,0,-26,2,17.01
fold2_room1_mix0306,12,4,0,158,-3,14.36
fold2_room1_mix0306,12,4,0,136,-3,13.05
fold2_room1_mix0306,12,4,0,-9,-2,19.86
fold2_room1_mix0306,12,5,0,-24,3,15.99
fold2_room1_mix0306,13,4,0,149,-3,11.32
fold2_room1_mix0306,13,4,0,133,-3,11.40
fold2_room1_mix0306,13,4,0,-6,-1,18.84
fold2_room1_mix0306,13,5,0,-29,3,15.03
fold2_room1_mix0306,14,4,0,155,-3,13.65
fold2_room1_mix0306,14,4,0,133,-4,12.51
fold2_room1_mix0306,14,4,0,-8,-2,20.26
fold2_room1_mix0306,14,5,0,-26,2,16.41
fold2_room1_mix0306,15,4,0,157,-2,14.21
fold2_room1_mix0306,15,4,0,128,-3,12.49
fold2_room1_mix0306,15,4,0,-10,-2,18.60
fold2_room1_mix0306,15,5,0,-25,3,14.35
fold2_room1_mix0306,16,4,0,154,-3,13.00
fold2_room1_mix0306,16,4,0,124,-3,12.65
fold2_room1_mix0306,16,4,0,-7,-1,20.33
fold2_room1_mix0306,16,5,0,-26,3,14.99
fold2_room1_mix0306,17,4,0,161,-2,15.24
fold2_room1_mix0306,17,4,0,128,-3,13.09
fold2_room1_mix0306,17,4,0,-9,-2,19.70
fold2_room1_mix0306,17,5,0,-27,3,14.30
fold2_room1_mix0306,18,4,0,164,-2,18.18
fold2_room1_mix0306,18,4,0,121,-5,13.09
fold2_room1_mix0306,18,4,0,-3,-2,18.31
fold2_room1_mix0306,18,5,0,-28,3,16.34
fold2_room1_mix0306,19,4,0,159,-2,15.45
fold2_room1_mix0306,19,4,0,117,-3,13.48
fold2_room1_mix0306,19,4,0,-11,-2,16.94
fold2_room1_mix0306,19,5,0,-26,3,15.13
fold2_room1_mix0306,20,4,0,163,-3,13.21
fold2_room1_mix0306,20,4,0,116,-4,13.23
fold2_room1_mix0306,20,4,0,-2,-2,16.90
fold2_room1_mix0306,20,5,0,-22,3,15.17
fold2_room1_mix0306,21,4,0,157,-3,15.40
fold2_room1_mix0306,21,4,0,121,-4,14.41
fold2_room1_mix0306,21,4,0,-5,-2,18.33
fold2_room1_mix0306,21,5,0,-29,3,14.28
fold2_room1_mix0306,22,4,0,164,-2,16.40
fold2_room1_mix0306,22,4,0,114,-4,13.71
fold2_room1_mix0306,22,4,0,-4,-2,17.57
fold2_room1_mix0306,22,5,0,-25,3,15.00
fold2_room1_mix0306,23,4,0,159,-3,15.05
fold2_room1_mix0306,23,4,0,118,-4,13.30
fold2_room1_mix0306,23,4,0,-6,-2,15.94
fold2_room1_mix0306,23,5,0,-24,3,15.06
fold2_room1_mix0306,24,4,0,166,-2,17.14
fold2_room1_mix0306,24,4,0,114,-4,14.81
fold2_room1_mix0306,24,4,0,-6,-3,15.44
fold2_room1_mix0306,24,5,0,-27,3,13.36
fold2_room1_mix0306,25,4,0,161,-3,16.67
fold2_room1_mix0306,25,4,0,125,-3,14.84
fold2_room1_mix0306,25,4,0,-4,-2,17.17
fold2_room1_mix0306,25,5,0,-24,2,16.04
fold2_room1_mix0306,26,4,0,163,-3,15.30
fold2_room1_mix0306,26,4,0,124,-4,13.92
fold2_room1_mix0306,26,4,0,-2,-2,15.91
fold2_room1_mix0306,26,5,0,-26,3,15.67
fold2_room1_mix0306,27,4,0,164,-3,16.18
fold2_room1_mix0306,27,4,0,124,-5,13.69
fold2_room1_mix0306,27,4,0,-2,-3,14.92
fold2_room1_mix0306,27,5,0,-24,3,13.56
fold2_room1_mix0306,28,4,0,156,-4,15.48
fold2_room1_mix0306,28,4,0,129,-4,15.29
fold2_room1_mix0306,28,4,0,-1,-3,14.83
fold2_room1_mix0306,28,5,0,-24,2,14.96
fold2_room1_mix0306,29,4,0,158,-3,14.49
fold2_room1_mix0306,29,4,0,124,-3,13.84
fold2_room1_mix0306,29,4,0,-1,-2,13.54
fold2_room1_mix0306,29,5,0,-28,3,13.25
fold2_room1_mix0306,30,4,0,165,-3,15.30
fold2_room1_mix0306,30,4,0,134,-3,14.73
fold2_room1_mix0306,30,4,0,2,-3,12.46
fold2_room1_mix0306,30,5,0,-27,3,13.89
fold2_room1_mix0306,31,4,0,159,-3,15.07
fold2_room1_mix0306,31,4,0,129,-4,13.95
fold2_room1_mix0306,31,4,0,6,-3,12.94
fold2_room1_mix0306,31,5,0,-28,3,11.91
fold2_room1_mix0306,32,4,0,162,-4,13.05
fold2_room1_mix0306,32,4,0,128,-3,14.03
fold2_room1_mix0306,32,4,0,4,-4,10.76
fold2_room1_mix0306,32,5,0,-29,3,13.80
fold2_room1_mix0306,33,4,0,168,-3,14.37
fold2_room1_mix0306,33,4,0,119,-4,12.77
fold2_room1_mix0306,33,4,0,2,-4,10.20
fold2_room1_mix0306,33,5,0,-31,3,13.64
fold2_room1_mix0306,34,4,0,166,-3,13.99
fold2_room1_mix0306,34,4,0,121,-4,13.19
fold2_room1_mix0306,34,4,0,2,-4,9.53
fold2_room1_mix0306,34,5,0,-34,3,13.55
fold2_room1_mix0306,35,4,0,166,-3,12.70
fold2_room1_mix0306,35,4,0,126,-2,14.06
fold2_room1_mix0306,35,4,0,-1,-4,8.75
fold2_room1_mix0306,35,5,0,-32,3,12.35
fold2_room1_mix0306,36,4,0,165,-4,11.60
fold2_room1_mix0306,36,4,0,117,-3,11.91
fold2_room1_mix0306,36,4,0,0,-5,8.01
fold2_room1_mix0306,36,5,0,-25,3,12.92
fold2_room1_mix0306,37,4,0,166,-3,13.69
fold2_room1_mix0306,37,4,0,118,-3,12.11
fold2_room1_mix0306,37,4,0,-1,-6,6.44
fold2_room1_mix0306,37,5,0,-32,3,13.20
fold2_room1_mix0306,38,4,0,160,-3,12.54
fold2_room1_mix0306,38,4,0,123,-3,12.03
fold2_room1_mix0306,38,4,0,0,-6,5.51
fold2_room1_mix0306,38,5,0,-28,3,13.81
fold2_room1_mix0306,39,4,0,157,-3,12.88
fold2_room1_mix0306,39,4,0,120,-3,11.79
fold2_room1_mix0306,39,4,0,-5,-8,4.71
fold2_room1_mix0306,39,5,0,-29,3,13.96
fold2_room1_mix0306,40,4,0,155,-2,11.71
fold2_room1_mix0306,40,4,0,116,-2,12.45
fold2_room1_mix0306,40,4,0,-11,-9,4.29
fold2_room1_mix0306,40,5,0,-29,3,13.71
fold2_room1_mix0306,41,4,0,148,-2,12.86
fold2_room1_mix0306,41,4,0,117,-1,12.43
fold2_room1_mix0306,41,4,0,-17,-12,3.41
fold2_room1_mix0306,41,5,0,-31,2,15.64
fold2_room1_mix0306,42,4,0,158,-2,11.41
fold2_room1_mix0306,42,4,0,115,-2,11.25
fold2_room1_mix0306,42,4,0,-21,-12,3.26
fold2_room1_mix0306,42,5,0,-29,3,14.73
fold2_room1_mix0306,43,4,0,146,-3,9.36
fold2_room1_mix0306,43,4,0,115,0,13.38
fold2_room1_mix0306,43,4,0,-37,-14,2.20
fold2_room1_mix0306,43,5,0,-31,3,12.80
fold2_room1_mix0306,44,4,0,144,-1,9.54
fold2_room1_mix0306,44,4,0,119,1,14.22
fold2_room1_mix0306,44,4,0,-47,-17,1.74
fold2_room1_mix0306,44,5,0,-29,3,13.33
fold2_room1_mix0306,45,4,0,132,-1,11.67
fold2_room1_mix0306,45,4,0,-78,-24,1.31
fold2_room1_mix0306,45,5,0,-32,3,15.80
fold2_room1_mix0306,46,4,0,137,0,12.19
fold2_room1_mix0306,46,4,0,-120,-20,1.41
fold2_room1_mix0306,46,5,0,-33,3,15.77
fold2_room1_mix0306,47,4,0,152,-4,8.17
fold2_room1_mix0306,47,4,0,-163,-17,3.00
fold2_room1_mix0306,47,5,0,-30,3,15.41
fold2_room1_mix0306,48,4,0,-155,-10,2.42
fold2_room1_mix0306,48,4,0,121,0,11.62
fold2_room1_mix0306,48,4,0,81,-11,4.24
fold2_room1_mix0306,48,5,0,-34,3,16.17
fold2_room1_mix0306,49,4,0,177,-9,2.70
fold2_room1_mix0306,49,4,0,102,-2,7.22
fold2_room1_mix0306,49,4,0,62,-10,4.44
fold2_room1_mix0306,49,5,0,-36,2,17.85
fold2_room1_mix0306,50,4,0,-172,-6,5.05
fold2_room1_mix0306,50,4,0,88,-5,6.82
fold2_room1_mix0306,50,4,0,71,-8,4.63
fold2_room1_mix0306,50,5,0,-33,2,17.71
fold2_room1_mix0306,51,4,0,-163,-7,3.52
fold2_room1_mix0306,51,4,0,82,-5,6.83
fold2_room1_mix0306,51,4,0,53,-9,4.42
fold2_room1_mix0306,51,5,0,-37,3,14.43
fold2_room1_mix0306,52,4,0,-169,-6,3.53
fold2_room1_mix0306,52,4,0,82,-4,7.14
fold2_room1_mix0306,52,4,0,36,-9,4.69
fold2_room1_mix0306,52,5,0,-34,3,15.63
fold2_room1_mix0306,53,4,0,-173,-6,4.09
fold2_room1_mix0306,53,4,0,77,-3,8.23
fold2_room1_mix0306,53,4,0,26,-8,4.93
fold2_room1_mix0306,53,5,0,-36,3,14.55
fold2_room1_mix0306,54,4,0,-169,-5,4.67
fold2_room1_mix0306,54,4,0,72,-3,9.01
fold2_room1_mix0306,54,4,0,26,-7,5.36
fold2_room1_mix0306,54,5,0,-36,3,13.11
fold2_room1_mix0306,55,4,0,-169,-5,5.22
fold2_room1_mix0306,55,4,0,87,-3,8.29
fold2_room1_mix0306,55,4,0,24,-8,5.03
fold2_room1_mix0306,55,5,0,-40,3,13.17
fold2_room1_mix0306,56,4,0,-170,-4,5.60
fold2_room1_mix0306,56,4,0,78,-3,8.01
fold2_room1_mix0306,56,4,0,28,-5,6.53
fold2_room1_mix0306,56,5,0,-46,4,11.05
fold2_room1_mix0306,57,4,0,-173,-4,6.67
fold2_room1_mix0306,57,4,0,84,-4,7.86
fold2_room1_mix0306,57,4,0,28,-4,8.17
fold2_room1_mix0306,57,5,0,-51,4,11.48
fold2_room1_mix0306,58,4,0,-175,-2,8.47
fold2_room1_mix0306,58,4,0,86,-4,8.02
fold2_room1_mix0306,58,4,0,22,-2,9.92
fold2_room1_mix0306,58,5,0,-46,4,12.79
fold2_room1_mix0306,59,4,0,-178,-3,8.28
fold2_room1_mix0306,59,4,0,97,-5,7.17
fold2_room1_mix0306,59,4,0,24,-5,7.53
fold2_room1_mix0306,59,5,0,-39,3,13.80
fold2_room1_mix0306,60,4,0,-175,-2,10.60
fold2_room1_mix0306,60,4,0,83,-5,7.40
fold2_room1_mix0306,60,4,0,21,-3,10.50
fold2_room1_mix0306,60,5,0,-43,4,11.95
fold2_room1_mix0306,61,4,0,-177,-2,10.11
fold2_room1_mix0306,61,4,0,92,-5,7.61
fold2_room1_mix0306,61,4,0,23,-3,10.78
fold2_room1_mix0306,61,5,0,-47,4,11.38
fold2_room1_mix0306,62,4,0,-175,-2,10.23
fold2_room1_mix0306,62,4,0,89,-5,7.22
fold2_room1_mix0306,62,4,0,16,-2,12.49
fold2_room1_mix0306,62,5,0,-36,3,13.41
fold2_room1_mix0306,63,4,0,-174,-2,11.94
fold2_room1_mix0306,63,4,0,91,-5,7.88
fold2_room1_mix0306,63,4,0,28,-2,13.24
fold2_room1_mix0306,63,5,0,-43,5,10.49
fold2_room1_mix0306,64,4,0,-172,-1,11.77
fold2_room1_mix0306,64,4,0,86,-4,8.28
fold2_room1_mix0306,64,4,0,17,0,15.47
fold2_room1_mix0306,64,5,0,-39,4,11.62
fold2_room1_mix0306,65,4,0,-172,-1,13.31
fold2_room1_mix0306,65,4,0,95,-3,9.57
fold2_room1_mix0306,65,4,0,41,-1,13.99
fold2_room1_mix0306,65,5,0,-47,4,11.28
fold2_room1_mix0306,66,4,0,-172,-1,14.39
fold2_room1_mix0306,66,4,0,90,-3,9.29
fold2_room1_mix0306,66,4,0,42,-1,13.93
fold2_room1_mix0306,66,5,0,-38,3,11.52
fold2_room1_mix0306,67,4,0,-173,-1,14.52
fold2_room1_mix0306,67,4,0,91,-4,8.84
fold2_room1_mix0306,67,4,0,38,-1,14.48
fold2_room1_mix0306,67,5,0,-35,5,8.94
fold2_room1_mix0306,68,4,0,-170,0,14.92
fold2_room1_mix0306,68,4,0,97,-3,8.78
fold2_room1_mix0306,68,4,0,30,0,15.57
fold2_room1_mix0306,68,5,0,-26,5,9.74
fold2_room1_mix0306,69,4,0,-176,0,15.23
fold2_room1_mix0306,69,4,0,92,-3,9.19
fold2_room1_mix0306,69,4,0,17,0,19.32
fold2_room1_mix0306,69,5,0,-34,5,9.54
fold2_room1_mix0306,70,4,0,-168,0,16.65
fold2_room1_mix0306,70,4,0,78,-2,8.77
fold2_room1_mix0306,70,4,0,28,1,19.61
fold2_room1_mix0306,70,5,0,1,9,7.75
fold2_room1_mix0306,71,4,0,-170,1,18.20
fold2_room1_mix0306,71,4,0,76,-2,9.27
fold2_room1_mix0306,71,4,0,24,1,19.53
fold2_room1_mix0306,71,5,0,-26,5,10.14
fold2_room1_mix0306,72,4,0,-172,1,16.85
fold2_room1_mix0306,72,4,0,73,-2,8.61
fold2_room1_mix0306,72,4,0,22,1,20.03
fold2_room1_mix0306,72,5,0,-30,8,7.64
fold2_room1_mix0306,73,4,0,-170,0,18.25
fold2_room1_mix0306,73,4,0,70,-3,8.64
fold2_room1_mix0306,73,4,0,19,1,20.63
fold2_room1_mix0306,73,5,0,-40,5,10.80
fold2_room1_mix0306,74,4,0,-173,1,18.61
fold2_room1_mix0306,74,4,0,72,-2,9.06
fold2_room1_mix0306,74,4,0,20,1,18.54
fold2_room1_mix0306,74,5,0,-32,4,11.39
fold2_room1_mix0306,75,4,0,-173,1,19.52
fold2_room1_mix0306,75,4,0,77,-2,8.98
fold2_room1_mix0306,75,4,0,22,0,19.20
fold2_room1_mix0306,75,5,0,-27,10,5.48
fold2_room1_mix0306,76,4,0,-171,2,20.72
fold2_room1_mix0306,76,4,0,73,-3,8.04
fold2_room1_mix0306,76,4,0,18,1,19.78
fold2_room1_mix0306,76,5,0,-33,4,11.63
fold2_room1_mix0306,77,4,0,-179,1,20.04
fold2_room1_mix0306,77,4,0,76,-2,9.12
fold2_room1_mix0306,77,4,0,12,1,19.36
fold2_room1_mix0306,77,5,0,-38,5,10.60
fold2_room1_mix0306,78,4,0,176,1,19.74
fold2_room1_mix0306,78,4,0,71,-2,9.41
fold2_room1_mix0306,78,4,0,18,0,17.66
fold2_room1_mix0306,78,5,0,-34,5,9.79
fold2_room1_mix0306,79,4,0,172,1,21.63
fold2_room1_mix0306,79,4,0,70,-2,9.59
fold2_room1_mix0306,79,4,0,21,0,19.23
fold2_room1_mix0306,79,5,0,-43,5,10.52
fold2_room1_mix0306,80,4,0,174,1,20.17
fold2_room1_mix0306,80,4,0,68,-2,8.83
fold2_room1_mix0306,80,4,0,15,1,18.02
fold2_room1_mix0306,80,5,0,-29,5,10.79
fold2_room1_mix0306,81,4,0,161,1,20.64
fold2_room1_mix0306,81,4,0,65,-3,9.29
fold2_room1_mix0306,81,4,0,19,0,16.67
fold2_room1_mix0306,81,5,0,-34,4,11.61
fold2_room1_mix0306,82,4,0,105,-1,16.99
fold2_room1_mix0306,82,4,0,62,-3,9.92
fold2_room1_mix0306,82,4,0,32,0,14.59
fold2_room1_mix0306,82,5,0,-31,3,13.45
fold2_room1_mix0306,83,4,0,125,0,18.20
fold2_room1_mix0306,83,4,0,62,-3,8.72
fold2_room1_mix0306,83,4,0,28,0,15.80
fold2_room1_mix0306,83,5,0,-35,4,12.23
fold2_room1_mix0306,84,4,0,93,-4,14.50
fold2_room1_mix0306,84,4,0,60,-4,8.51
fold2_room1_mix0306,84,4,0,29,-1,12.68
fold2_room1_mix0306,84,5,0,-26,3,13.91
fold2_room1_mix0306,85,4,0,63,-3,11.22
fold2_room1_mix0306,85,4,0,34,-1,13.64
fold2_room1_mix0306,85,5,0,-38,3,14.36
fold2_room1_mix0306,86,4,0,61,-3,10.90
fold2_room1_mix0306,86,4,0,32,-1,13.24
fold2_room1_mix0306,86,5,0,-31,3,14.96
fold2_room1_mix0306,87,4,0,59,-3,10.85
fold2_room1_mix0306,87,4,0,37,-2,12.92
fold2_room1_mix0306,87,5,0,-37,3,15.38
fold2_room1_mix0306,88,4,0,54,-3,11.33
fold2_room1_mix0306,88,4,0,36,-1,13.09
fold2_room1_mix0306,88,5,0,-31,2,14.62
fold2_room1_mix0306,89,4,0,45,-2,11.93
fold2_room1_mix0306,89,5,0,-36,2,15.92
fold2_room1_mix0306,90,4,0,46,-1,13.04
fold2_room1_mix0306,90,5,0,-32,3,15.77
fold2_room1_mix0306,91,4,0,46,-2,11.70
fold2_room1_mix0306,91,5,0,-33,3,11.40
fold2_room1_mix0306,92,4,0,45,-1,12.06
fold2_room1_mix0306,92,5,0,-39,3,13.81
fold2_room1_mix0306,93,4,0,48,-1,12.23
fold2_room1_mix0306,93,5,0,-35,4,10.53
fold2_room1_mix0306,94,4,0,46,0,14.64
fold2_room1_mix0306,94,5,0,-41,4,11.68
fold2_room1_mix0306,95,4,0,43,-1,12.92
fold2_room1_mix0306,95,5,0,-38,3,10.90
fold2_room1_mix0306,96,4,0,41,-1,13.48
fold2_room1_mix0306,96,5,0,-41,4,10.45
fold2_room1_mix0306,97,4,0,44,-1,13.92
fold2_room1_mix0306,97,5,0,-45,6,8.47
fold2_room1_mix0306,98,4,0,40,-1,15.30
fold2_room1_mix0306,98,5,0,-38,4,10.29
fold2_room1_mix0306,99,4,0,33,-1,14.23
fold2_room1_mix0306,99,5,0,-43,5,9.30
fold2_room1_mix0307,1,4,0,-4,-1,2.39
fold2_room1_mix0307,2,4,0,-178,0,4.03
fold2_room1_mix0307,2,4,0,-3,0,3.38
fold2_room1_mix0307,5,4,0,-178,-1,16.80
fold2_room1_mix0307,5,4,0,-3,-1,13.87
fold2_room1_mix0307,6,4,0,-179,-1,19.82
fold2_room1_mix0307,6,4,0,-3,-1,16.65
fold2_room1_mix0307,7,4,0,178,-1,29.79
fold2_room1_mix0307,7,4,0,-2,-2,22.53
fold2_room1_mix0307,8,4,0,-179,-1,33.67
fold2_room1_mix0307,8,4,0,0,-2,24.26
fold2_room1_mix0307,9,4,0,179,-2,30.16
fold2_room1_mix0307,9,4,0,-3,-2,23.56
fold2_room1_mix0307,10,4,0,178,-1,32.39
fold2_room1_mix0307,10,4,0,-3,-2,23.06
fold2_room1_mix0307,11,4,0,-179,-1,31.63
fold2_room1_mix0307,11,4,0,-3,-1,24.83
fold2_room1_mix0307,12,4,0,178,-1,31.13
fold2_room1_mix0307,12,4,0,-1,-1,23.41
fold2_room1_mix0307,13,4,0,-179,-1,32.87
fold2_room1_mix0307,13,4,0,-3,-2,24.28
fold2_room1_mix0307,15,4,0,-178,-1,31.12
fold2_room1_mix0307,15,4,0,-4,-1,25.73
fold2_room1_mix0307,16,4,0,-176,-2,30.75
fold2_room1_mix0307,16,4,0,-5,-1,25.14
fold2_room1_mix0307,17,4,0,-179,-1,32.62
fold2_room1_mix0307,17,4,0,-2,-1,26.26
fold2_room1_mix0307,18,4,0,-175,-1,31.08
fold2_room1_mix0307,18,4,0,-4,-1,25.66
fold2_room1_mix0307,19,4,0,-178,-1,30.78
fold2_room1_mix0307,19,4,0,-3,-2,24.62
fold2_room1_mix0307,20,4,0,-177,-1,34.48
fold2_room1_mix0307,20,4,0,-3,-2,24.98
fold2_room1_mix0307,21,4,0,-175,-1,32.00
fold2_room1_mix0307,21,4,0,-3,-2,24.85
fold2_room1_mix0307,22,4,0,-172,-1,28.49
fold2_room1_mix0307,22,4,0,-4,-2,22.18
fold2_room1_mix0307,23,4,0,-175,-1,31.25
fold2_room1_mix0307,23,4,0,-5,-2,22.59
fold2_room1_mix0307,24,4,0,-175,-1,32.71
fold2_room1_mix0307,24,4,0,-2,-2,22.49
fold2_room1_mix0307,25,4,0,-175,-1,31.60
fold2_room1_mix0307,25,4,0,-4,-2,23.98
fold2_room1_mix0307,26,4,0,-177,0,32.67
fold2_room1_mix0307,26,4,0,-5,-2,22.35
fold2_room1_mix0307,27,4,0,-176,0,35.74
fold2_room1_mix0307,27,4,0,-3,-2,23.65
fold2_room1_mix0307,28,4,0,-177,-1,33.14
fold2_room1_mix0307,28,4,0,-3,-2,23.47
fold2_room1_mix0307,29,4,0,-178,-1,34.26
fold2_room1_mix0307,29,4,0,-5,-1,23.73
fold2_room1_mix0307,30,4,0,-177,-1,34.02
fold2_room1_mix0307,30,4,0,-5,-2,24.01
fold2_room1_mix0307,31,4,0,-178,-1,34.53
fold2_room1_mix0307,31,4,0,-5,-2,25.14
fold2_room1_mix0307,32,4,0,-176,-1,33.94
fold2_room1_mix0307,32,4,0,-5,-1,24.63
fold2_room1_mix0307,33,4,0,-177,-1,34.18
fold2_room1_mix0307,33,4,0,-4,-2,23.73
fold2_room1_mix0307,34,4,0,-177,-1,33.87
fold2_room1_mix0307,34,4,0,-5,-2,23.55
fold2_room1_mix0307,35,4,0,-175,-1,35.56
fold2_room1_mix0307,35,4,0,-5,-2,22.13
fold2_room1_mix0307,36,4,0,-177,-1,37.32
fold2_room1_mix0307,36,4,0,-5,-2,22.66
fold2_room1_mix0307,37,4,0,-178,-1,34.60
fold2_room1_mix0307,37,4,0,-5,-2,21.94
fold2_room1_mix0307,38,4,0,-178,-1,35.41
fold2_room1_mix0307,38,4,0,-7,-2,20.30
fold2_room1_mix0307,39,4,0,-178,-1,38.39
fold2_room1_mix0307,39,4,0,-6,-3,20.98
fold2_room1_mix0307,40,4,0,-176,-1,41.07
fold2_room1_mix0307,40,4,0,-5,-3,21.90
fold2_room1_mix0307,41,4,0,-175,-1,37.76
fold2_room1_mix0307,41,4,0,-7,-3,21.86
fold2_room1_mix0307,42,4,0,-174,-1,41.98
fold2_room1_mix0307,42,4,0,-5,-3,20.51
fold2_room1_mix0307,43,4,0,-172,-1,37.28
fold2_room1_mix0307,43,4,0,-6,-3,19.68
fold2_room1_mix0307,44,4,0,-170,-1,39.41
fold2_room1_mix0307,44,4,0,-5,-3,18.86
fold2_room1_mix0307,45,4,0,-172,-1,40.44
fold2_room1_mix0307,45,4,0,-7,-4,18.40
fold2_room1_mix0307,46,4,0,-169,0,38.47
fold2_room1_mix0307,46,4,0,-8,-4,15.96
fold2_room1_mix0307,47,4,0,-170,0,38.05
fold2_room1_mix0307,47,4,0,-7,-3,16.88
fold2_room1_mix0307,48,4,0,-172,0,39.58
fold2_room1_mix0307,48,4,0,-9,-3,16.65
fold2_room1_mix0307,49,4,0,-170,0,40.55
fold2_room1_mix0307,49,4,0,-8,-3,17.01
fold2_room1_mix0307,50,4,0,-171,0,40.26
fold2_room1_mix0307,50,4,0,-13,-3,15.58
fold2_room1_mix0307,51,4,0,-171,0,37.89
fold2_room1_mix0307,51,4,0,-10,-3,15.23
fold2_room1_mix0307,52,4,0,-170,0,42.08
fold2_room1_mix0307,52,4,0,-13,-3,15.10
fold2_room1_mix0307,53,4,0,-172,0,37.26
fold2_room1_mix0307,53,4,0,-15,-3,15.26
fold2_room1_mix0307,54,4,0,-173,0,37.65
fold2_room1_mix0307,54,4,0,-17,-3,13.62
fold2_room1_mix0307,55,4,0,-172,0,37.78
fold2_room1_mix0307,55,4,0,-15,-4,12.79
fold2_room1_mix0307,56,4,0,-172,0,37.80
fold2_room1_mix0307,56,4,0,-18,-3,12.56
fold2_room1_mix0307,57,4,0,-172,0,38.18
fold2_room1_mix0307,57,4,0,-19,-4,11.51
fold2_room1_mix0307,58,4,0,-174,0,34.07
fold2_room1_mix0307,58,4,0,-20,-4,10.51
fold2_room1_mix0307,59,4,0,-174,0,34.59
fold2_room1_mix0307,59,4,0,-23,-4,10.23
fold2_room1_mix0307,60,4,0,-173,0,31.59
fold2_room1_mix0307,60,4,0,-21,-5,9.70
fold2_room1_mix0307,61,4,0,-174,0,30.53
fold2_room1_mix0307,61,4,0,-29,-5,8.98
fold2_room1_mix0307,62,4,0,-171,-1,30.00
fold2_room1_mix0307,62,4,0,-25,-6,8.48
fold2_room1_mix0307,63,4,0,-172,0,26.08
fold2_room1_mix0307,63,4,0,-24,-5,8.35
fold2_room1_mix0307,64,4,0,-171,-1,23.92
fold2_room1_mix0307,64,4,0,-20,-5,8.37
fold2_room1_mix0307,65,4,0,-171,-1,24.37
fold2_room1_mix0307,65,4,0,-24,-5,7.63
fold2_room1_mix0307,66,4,0,-169,-1,21.93
fold2_room1_mix0307,66,4,0,-18,-5,8.13
fold2_room1_mix0307,67,4,0,-172,-1,20.84
fold2_room1_mix0307,67,4,0,-23,-6,6.74
fold2_room1_mix0307,68,4,0,-168,-1,20.84
fold2_room1_mix0307,68,4,0,-21,-6,7.06
fold2_room1_mix0307,69,4,0,-168,-1,18.99
fold2_room1_mix0307,69,4,0,-23,-6,6.20
fold2_room1_mix0307,70,4,0,-166,-1,17.95
fold2_room1_mix0307,70,4,0,-22,-7,5.59
fold2_room1_mix0307,71,4,0,-168,-1,16.82
fold2_room1_mix0307,71,4,0,-23,-6,6.27
fold2_room1_mix0307,72,4,0,-168,-2,15.03
fold2_room1_mix0307,72,4,0,-24,-6,5.51
fold2_room1_mix0307,73,4,0,-166,-2,15.06
fold2_room1_mix0307,73,4,0,-27,-7,4.84
fold2_room1_mix0307,74,4,0,-165,-3,13.02
fold2_room1_mix0307,74,4,0,-28,-9,4.23
fold2_room1_mix0307,75,4,0,-164,-3,12.04
fold2_room1_mix0307,75,4,0,-29,-9,4.08
fold2_room1_mix0307,76,4,0,-162,-4,11.30
fold2_room1_mix0307,76,4,0,-32,-10,3.84
fold2_room1_mix0307,77,4,0,-160,-5,9.98
fold2_room1_mix0307,77,4,0,-36,-12,3.39
fold2_room1_mix0307,78,4,0,-154,-4,9.26
fold2_room1_mix0307,78,4,0,-34,-10,3.58
fold2_room1_mix0307,79,4,0,-151,-5,8.31
fold2_room1_mix0307,79,4,0,-38,-11,3.23
fold2_room1_mix0307,80,4,0,-150,-5,6.74
fold2_room1_mix0307,80,4,0,-47,-11,3.26
fold2_room1_mix0307,81,4,0,-146,-6,6.26
fold2_room1_mix0307,81,4,0,-67,-14,2.75
fold2_room1_mix0307,81,4,0,-47,-11,3.09
fold2_room1_mix0307,82,4,0,-142,-6,6.21
fold2_room1_mix0307,82,4,0,-79,-14,2.42
fold2_room1_mix0307,82,4,0,-62,-13,2.59
fold2_room1_mix0307,83,4,0,-136,-7,5.23
fold2_room1_mix0307,83,4,0,-90,-13,2.36
fold2_room1_mix0307,83,4,0,-74,-13,2.45
fold2_room1_mix0307,84,4,0,-137,-6,6.40
fold2_room1_mix0307,84,4,0,-84,-12,2.70
fold2_room1_mix0307,85,4,0,-129,-6,6.90
fold2_room1_mix0307,85,4,0,-86,-13,2.71
fold2_room1_mix0307,86,4,0,-123,-6,7.10
fold2_room1_mix0307,86,4,0,-87,-13,2.72
fold2_room1_mix0307,87,4,0,-130,-8,6.86
fold2_room1_mix0307,87,4,0,-84,-13,3.01
fold2_room1_mix0307,88,4,0,-128,-9,5.33
fold2_room1_mix0307,88,4,0,-79,-12,3.25
fold2_room1_mix0307,89,4,0,-135,-9,4.75
fold2_room1_mix0307,89,4,0,-83,-11,3.48
fold2_room1_mix0307,89,4,0,-65,-10,4.29
fold2_room1_mix0307,90,4,0,-139,-10,3.91
fold2_room1_mix0307,90,4,0,-75,-12,3.76
fold2_room1_mix0307,90,4,0,-56,-10,4.34
fold2_room1_mix0307,91,4,0,-145,-9,3.85
fold2_room1_mix0307,91,4,0,-53,-9,4.67
fold2_room1_mix0307,92,4,0,-145,-9,3.83
fold2_room1_mix0307,92,4,0,-47,-8,5.22
fold2_room1_mix0307,93,4,0,-148,-8,3.78
fold2_room1_mix0307,93,4,0,-44,-7,5.55
fold2_room1_mix0307,94,4,0,-152,-9,3.55
fold2_room1_mix0307,94,4,0,-40,-7,5.51
fold2_room1_mix0307,95,4,0,-154,-9,3.84
fold2_room1_mix0307,95,4,0,-39,-7,6.20
fold2_room1_mix0307,96,4,0,-147,-8,4.32
fold2_room1_mix0307,96,4,0,-31,-4,8.59
fold2_room1_mix0307,97,4,0,-157,-7,4.67
fold2_room1_mix0307,97,4,0,-31,-5,7.66
fold2_room1_mix0307,98,4,0,-157,-7,4.57
fold2_room1_mix0307,98,4,0,-25,-5,7.55
fold2_room1_mix0307,99,4,0,-157,-7,4.48
fold2_room1_mix0307,99,4,0,-44,-10,6.05
fold2_room1_mix0307,99,4,0,-22,-4,9.39
fold2_room1_mix0307,3,4,0,-4,0,7.43
fold2_room1_mix0307,4,4,0,-3,-1,12.61
fold2_room1_mix0307,14,4,0,-6,-2,25.48
fold2_room1_mix0309,66,3,0,80,-3,10.72
fold2_room1_mix0309,67,3,0,81,-3,14.32
fold2_room1_mix0309,68,3,0,84,-3,13.38
fold2_room1_mix0309,69,3,0,83,-2,11.36
fold2_room1_mix0309,70,3,0,79,-2,12.26
fold2_room1_mix0309,71,3,0,78,-2,12.88
fold2_room1_mix0309,72,3,0,73,-2,11.42
fold2_room1_mix0309,73,3,0,79,-2,11.20
fold2_room1_mix0309,74,3,0,88,-2,4.35
fold2_room1_mix0309,80,3,0,60,-3,8.35
fold2_room1_mix0311,47,2,0,90,-5,2.81
fold2_room1_mix0311,48,2,0,89,-5,6.30
fold2_room1_mix0311,49,2,0,90,-6,5.26
fold2_room1_mix0311,50,2,0,90,-5,6.38
fold2_room1_mix0311,51,2,0,86,-5,3.99
fold2_room1_mix0311,56,2,0,90,-4,7.18
fold2_room1_mix0311,57,2,0,91,-4,8.61
fold2_room1_mix0311,58,2,0,94,-4,8.16
fold2_room1_mix0311,59,2,0,92,-5,8.23
fold2_room1_mix0311,60,2,0,94,-5,8.95
fold2_room1_mix0311,62,4,0,-152,-2,4.57
fold2_room1_mix0311,63,4,0,-145,-1,8.69
fold2_room1_mix0311,64,4,0,-136,-1,9.72
fold2_room1_mix0311,65,4,0,-141,-2,10.47
fold2_room1_mix0311,66,2,0,97,-4,7.27
fold2_room1_mix0311,66,4,0,-138,-1,11.37
fold2_room1_mix0311,67,2,0,98,-4,8.52
fold2_room1_mix0311,67,4,0,-132,0,10.82
fold2_room1_mix0311,68,2,0,98,-4,8.92
fold2_room1_mix0311,68,4,0,-130,-1,10.99
fold2_room1_mix0311,69,2,0,99,-4,8.33
fold2_room1_mix0311,69,4,0,-128,-1,10.61
fold2_room1_mix0311,70,2,0,96,-4,8.44
fold2_room1_mix0311,70,4,0,-125,-1,10.49
fold2_room1_mix0311,71,4,0,-130,-1,11.07
fold2_room1_mix0311,72,4,0,-121,-2,10.34
fold2_room1_mix0311,73,4,0,-118,-2,10.00
fold2_room1_mix0311,74,4,0,-118,-2,10.54
fold2_room1_mix0311,75,4,0,-117,-2,10.25
fold2_room1_mix0311,76,4,0,-116,-2,9.93
fold2_room1_mix0311,77,4,0,-111,-3,9.59
fold2_room1_mix0311,78,4,0,-108,-3,9.32
fold2_room1_mix0311,79,4,0,-104,-3,9.47
fold2_room1_mix0311,80,4,0,-103,-3,9.50
fold2_room1_mix0311,81,4,0,-99,-3,9.39
fold2_room1_mix0311,82,4,0,-99,-2,9.99
fold2_room1_mix0311,83,4,0,-94,-3,9.71
fold2_room1_mix0311,84,4,0,-92,-3,9.38
fold2_room1_mix0311,85,4,0,-86,-3,9.85
fold2_room1_mix0311,86,4,0,-86,-3,9.81
fold2_room1_mix0311,87,4,0,-83,-4,9.53
fold2_room1_mix0311,88,4,0,-80,-3,9.68
fold2_room1_mix0311,89,4,0,-79,-3,10.08
fold2_room1_mix0311,90,4,0,-74,-3,10.04
fold2_room1_mix0311,91,4,0,-73,-3,10.36
fold2_room1_mix0311,92,4,0,-73,-3,10.30
fold2_room1_mix0311,93,4,0,-71,-3,10.36
fold2_room1_mix0311,94,4,0,-67,-3,10.19
fold2_room1_mix0311,95,4,0,-62,-3,10.84
fold2_room1_mix0311,96,4,0,-61,-3,10.45
fold2_room1_mix0311,97,4,0,-60,-3,10.57
fold2_room1_mix0311,98,4,0,-59,-3,11.33
fold2_room1_mix0311,99,4,0,-59,-3,10.91
fold2_room1_mix0312,52,1,0,-90,-3,9.82
fold2_room1_mix0312,53,1,0,-87,-4,12.02
fold2_room1_mix0312,54,1,0,-88,-4,11.68
fold2_room1_mix0312,55,1,0,-87,-4,12.53
fold2_room1_mix0312,56,1,0,-86,-4,13.23
fold2_room1_mix0312,57,1,0,-75,-4,11.58
fold2_room1_mix0312,58,1,0,-70,-4,11.80
fold2_room1_mix0312,59,1,0,-72,-3,14.63
fold2_room1_mix0312,60,1,0,-70,-3,7.93
fold2_room1_mix0312,61,1,0,-69,-4,13.45
fold2_room1_mix0312,62,1,0,-57,-3,16.15
fold2_room1_mix0312,63,1,0,-52,-3,15.04
fold2_room1_mix0312,64,1,0,-50,-3,17.55
fold2_room1_mix0312,66,1,0,-47,-3,17.19
fold2_room1_mix0312,67,1,0,-42,-3,17.58
fold2_room1_mix0312,68,1,0,-45,-3,16.79
fold2_room1_mix0312,69,1,0,-45,-3,17.29
fold2_room1_mix0312,71,1,0,-38,-2,13.79
fold2_room1_mix0312,72,1,0,-36,-3,22.81
fold2_room1_mix0312,73,1,0,-41,-3,18.68
fold2_room1_mix0312,74,1,0,-43,-3,17.89
fold2_room1_mix0312,76,1,0,-37,-3,24.04
fold2_room1_mix0312,77,1,0,-34,-3,23.07
fold2_room1_mix0312,78,1,0,-35,-2,21.29
fold2_room1_mix0312,80,1,0,-35,-3,21.16
fold2_room1_mix0312,81,1,0,-29,-2,19.91
fold2_room1_mix0312,82,1,0,-28,-2,26.34
fold2_room1_mix0312,83,1,0,-27,-2,26.16
fold2_room1_mix0312,85,1,0,-30,-2,15.01
fold2_room1_mix0313,58,4,0,170,0,3.21
fold2_room1_mix0313,59,4,0,167,0,11.02
fold2_room1_mix0313,60,4,0,174,0,6.62
fold2_room1_mix0313,61,4,0,172,0,16.42
fold2_room1_mix0313,62,4,0,173,-1,17.88
fold2_room1_mix0313,63,4,0,173,-1,18.60
fold2_room1_mix0313,64,4,0,172,-1,18.65
fold2_room1_mix0313,65,4,0,176,-1,18.86
fold2_room1_mix0313,66,4,0,175,-1,18.14
fold2_room1_mix0313,67,4,0,174,-1,17.13
fold2_room1_mix0313,68,4,0,178,-1,15.56
fold2_room1_mix0313,69,4,0,172,-2,15.19
fold2_room1_mix0313,70,4,0,173,-2,13.69
fold2_room1_mix0313,71,4,0,173,-2,14.05
fold2_room1_mix0313,72,4,0,172,-2,12.69
fold2_room1_mix0313,73,4,0,173,-3,11.72
fold2_room1_mix0313,74,4,0,172,-2,11.64
fold2_room1_mix0313,75,4,0,173,-3,11.17
fold2_room1_mix0313,76,4,0,172,-3,10.03
fold2_room1_mix0313,77,4,0,169,-4,9.07
fold2_room1_mix0313,78,4,0,171,-4,8.56
fold2_room1_mix0313,79,4,0,168,-5,7.80
fold2_room1_mix0313,80,4,0,165,-6,6.61
fold2_room1_mix0313,81,4,0,167,-7,5.81
fold2_room1_mix0313,82,4,0,161,-9,4.86
fold2_room1_mix0313,83,4,0,150,-13,3.53
fold2_room1_mix0313,84,4,0,135,-14,2.93
fold2_room1_mix0313,85,4,0,100,-20,2.15
fold2_room1_mix0313,86,4,0,67,-21,2.08
fold2_room1_mix0313,87,4,0,47,-13,2.58
fold2_room1_mix0313,88,4,0,34,-12,2.95
fold2_room1_mix0313,89,4,0,25,-8,4.16
fold2_room1_mix0313,90,4,0,22,-8,4.66
fold2_room1_mix0313,91,4,0,17,-6,5.64
fold2_room1_mix0313,92,4,0,13,-5,6.63
fold2_room1_mix0313,93,4,0,11,-4,7.49
fold2_room1_mix0313,94,4,0,9,-3,8.47
fold2_room1_mix0313,95,4,0,10,-3,9.66
fold2_room1_mix0313,96,4,0,8,-3,9.97
fold2_room1_mix0313,97,4,0,8,-3,10.83
fold2_room1_mix0313,98,4,0,8,-3,11.57
fold2_room1_mix0313,99,4,0,6,-2,12.61
fold2_room1_mix0314,2,4,0,176,0,1.29
fold2_room1_mix0314,2,4,0,2,0,1.05
fold2_room1_mix0314,2,5,0,3,1,6.04
fold2_room1_mix0314,3,4,0,175,0,9.24
fold2_room1_mix0314,3,4,0,4,0,7.55
fold2_room1_mix0314,4,4,0,171,0,17.97
fold2_room1_mix0314,4,4,0,8,-1,12.81
fold2_room1_mix0314,5,3,0,3,-2,5.05
fold2_room1_mix0314,5,4,0,173,0,17.51
fold2_room1_mix0314,5,4,0,9,-1,12.52
fold2_room1_mix0314,6,3,0,0,-2,11.08
fold2_room1_mix0314,6,4,0,175,-1,12.73
fold2_room1_mix0314,6,4,0,9,0,10.46
fold2_room1_mix0314,7,3,0,6,-1,9.64
fold2_room1_mix0314,7,4,0,175,-1,26.29
fold2_room1_mix0314,7,4,0,9,-1,19.07
fold2_room1_mix0314,8,3,0,3,-1,10.62
fold2_room1_mix0314,8,4,0,173,-1,26.00
fold2_room1_mix0314,8,4,0,9,0,19.79
fold2_room1_mix0314,9,3,0,9,-1,7.45
fold2_room1_mix0314,9,4,0,177,-2,31.24
fold2_room1_mix0314,9,4,0,12,-2,22.43
fold2_room1_mix0314,10,3,0,9,-1,6.04
fold2_room1_mix0314,10,4,0,174,-1,34.09
fold2_room1_mix0314,10,4,0,14,-1,23.93
fold2_room1_mix0314,11,3,0,9,-1,4.01
fold2_room1_mix0314,11,4,0,176,0,42.90
fold2_room1_mix0314,11,4,0,12,0,27.40
fold2_room1_mix0314,12,4,0,175,0,47.38
fold2_room1_mix0314,12,4,0,11,-1,31.11
fold2_room1_mix0314,13,4,0,176,0,39.95
fold2_room1_mix0314,13,4,0,12,-1,26.56
fold2_room1_mix0314,14,3,0,5,-1,2.91
fold2_room1_mix0314,14,4,0,175,0,44.95
fold2_room1_mix0314,14,4,0,14,-1,27.93
fold2_room1_mix0314,15,4,0,175,-1,40.52
fold2_room1_mix0314,15,4,0,13,-2,25.20
fold2_room1_mix0314,16,4,0,176,-1,41.38
fold2_room1_mix0314,16,4,0,15,-2,25.26
fold2_room1_mix0314,17,4,0,177,0,42.59
fold2_room1_mix0314,17,4,0,14,-2,24.59
fold2_room1_mix0314,18,4,0,178,-1,39.77
fold2_room1_mix0314,18,4,0,15,-2,25.18
fold2_room1_mix0314,19,3,0,8,-2,3.61
fold2_room1_mix0314,19,4,0,179,-1,35.53
fold2_room1_mix0314,19,4,0,18,-2,23.14
fold2_room1_mix0314,20,3,0,17,-2,9.55
fold2_room1_mix0314,20,4,0,178,-2,30.43
fold2_room1_mix0314,20,4,0,15,-1,24.23
fold2_room1_mix0314,21,4,0,179,-1,34.99
fold2_room1_mix0314,21,4,0,20,-2,22.96
fold2_room1_mix0314,22,4,0,-179,-2,33.25
fold2_room1_mix0314,22,4,0,21,-2,20.66
fold2_room1_mix0314,23,4,0,176,-2,35.40
fold2_room1_mix0314,23,4,0,22,-3,21.79
fold2_room1_mix0314,24,3,0,15,-2,5.89
fold2_room1_mix0314,24,4,0,177,-2,33.41
fold2_room1_mix0314,24,4,0,23,-2,21.80
fold2_room1_mix0314,25,4,0,177,-2,32.93
fold2_room1_mix0314,25,4,0,22,-3,21.56
fold2_room1_mix0314,26,3,0,14,-1,3.25
fold2_room1_mix0314,26,4,0,178,-2,34.17
fold2_room1_mix0314,26,4,0,25,-2,21.22
fold2_room1_mix0314,27,4,0,177,-1,32.68
fold2_room1_mix0314,27,4,0,22,-3,18.88
fold2_room1_mix0314,28,3,0,23,-2,2.66
fold2_room1_mix0314,28,4,0,175,-1,36.19
fold2_room1_mix0314,28,4,0,27,-2,19.31
fold2_room1_mix0314,29,4,0,176,0,33.84
fold2_room1_mix0314,29,4,0,28,-3,16.34
fold2_room1_mix0314,30,4,0,176,0,35.63
fold2_room1_mix0314,30,4,0,30,-3,15.93
fold2_room1_mix0314,31,4,0,175,0,32.44
fold2_room1_mix0314,31,4,0,30,-4,15.08
fold2_room1_mix0314,32,4,0,173,0,32.38
fold2_room1_mix0314,32,4,0,34,-4,13.56
fold2_room1_mix0314,33,4,0,172,0,33.55
fold2_room1_mix0314,33,4,0,32,-4,13.68
fold2_room1_mix0314,34,4,0,173,0,33.81
fold2_room1_mix0314,34,4,0,31,-4,12.20
fold2_room1_mix0314,35,4,0,170,0,33.38
fold2_room1_mix0314,35,4,0,33,-3,12.58
fold2_room1_mix0314,36,4,0,169,0,35.66
fold2_room1_mix0314,36,4,0,38,-4,10.84
fold2_room1_mix0314,37,4,0,170,0,33.91
fold2_room1_mix0314,37,4,0,40,-4,10.08
fold2_room1_mix0314,38,3,0,39,-4,4.66
fold2_room1_mix0314,38,4,0,173,0,36.17
fold2_room1_mix0314,38,4,0,36,-3,12.43
fold2_room1_mix0314,39,4,0,173,0,33.94
fold2_room1_mix0314,39,4,0,49,-6,8.66
fold2_room1_mix0314,39,4,0,30,-3,10.82
fold2_room1_mix0314,40,3,0,75,-5,5.06
fold2_room1_mix0314,40,4,0,169,1,39.49
fold2_room1_mix0314,40,4,0,40,-5,9.60
fold2_room1_mix0314,41,3,0,55,-5,2.31
fold2_room1_mix0314,41,4,0,172,1,37.89
fold2_room1_mix0314,41,4,0,47,-5,8.49
fold2_room1_mix0314,42,4,0,170,0,30.73
fold2_room1_mix0314,42,4,0,64,-7,6.72
fold2_room1_mix0314,42,4,0,46,-5,6.91
fold2_room1_mix0314,43,4,0,170,1,34.04
fold2_room1_mix0314,43,4,0,58,-6,6.45
fold2_room1_mix0314,44,4,0,169,1,31.09
fold2_room1_mix0314,44,4,0,67,-7,6.05
fold2_room1_mix0314,45,4,0,169,1,32.12
fold2_room1_mix0314,45,4,0,81,-8,6.06
fold2_room1_mix0314,46,4,0,170,2,35.00
fold2_room1_mix0314,46,4,0,98,-8,7.26
fold2_room1_mix0314,46,4,0,78,-8,5.94
fold2_room1_mix0314,47,4,0,170,1,32.08
fold2_room1_mix0314,47,4,0,96,-6,7.54
fold2_room1_mix0314,48,4,0,168,0,27.65
fold2_room1_mix0314,48,4,0,145,-2,10.02
fold2_room1_mix0314,48,4,0,87,-7,7.51
fold2_room1_mix0314,49,4,0,170,0,23.50
fold2_room1_mix0314,49,4,0,98,-7,6.72
fold2_room1_mix0314,50,4,0,165,-1,18.64
fold2_room1_mix0314,50,4,0,47,-2,12.52
fold2_room1_mix0314,51,4,0,169,0,19.82
fold2_room1_mix0314,51,4,0,101,-5,9.75
fold2_room1_mix0314,52,4,0,168,0,19.61
fold2_room1_mix0314,52,4,0,102,-7,8.61
fold2_room1_mix0314,53,4,0,170,0,19.70
fold2_room1_mix0314,53,4,0,123,-6,7.74
fold2_room1_mix0314,54,0,0,168,-1,1.29
fold2_room1_mix0314,54,4,0,165,-2,14.78
fold2_room1_mix0314,54,4,0,50,-4,12.97
fold2_room1_mix0314,55,0,0,165,-1,3.27
fold2_room1_mix0314,55,4,0,167,-1,15.20
fold2_room1_mix0314,55,4,0,135,-4,10.04
fold2_room1_mix0314,56,0,0,167,-1,7.77
fold2_room1_mix0314,56,4,0,166,-1,13.85
fold2_room1_mix0314,56,4,0,146,-4,9.84
fold2_room1_mix0314,57,0,0,165,-1,9.64
fold2_room1_mix0314,57,4,0,164,-2,13.66
fold2_room1_mix0314,57,4,0,144,-4,10.69
fold2_room1_mix0314,58,0,0,161,-1,11.49
fold2_room1_mix0314,58,4,0,164,-2,11.60
fold2_room1_mix0314,58,4,0,129,-5,11.95
fold2_room1_mix0314,59,0,0,161,-1,12.72
fold2_room1_mix0314,59,4,0,166,-1,13.10
fold2_room1_mix0314,59,4,0,137,-4,11.10
fold2_room1_mix0314,60,0,0,161,-1,18.21
fold2_room1_mix0314,60,4,0,159,-3,11.11
fold2_room1_mix0314,61,0,0,160,-1,19.94
fold2_room1_mix0314,61,4,0,162,-3,10.12
fold2_room1_mix0314,62,0,0,160,-1,21.37
fold2_room1_mix0314,62,4,0,163,-2,11.89
fold2_room1_mix0314,63,0,0,161,-1,22.65
fold2_room1_mix0314,63,4,0,161,-2,11.16
fold2_room1_mix0314,64,0,0,162,-1,24.37
fold2_room1_mix0314,64,4,0,162,-3,10.20
fold2_room1_mix0314,65,0,0,163,-1,25.61
fold2_room1_mix0314,65,4,0,160,-3,10.43
fold2_room1_mix0314,66,0,0,163,0,26.05
fold2_room1_mix0314,66,4,0,160,-3,10.04
fold2_room1_mix0314,67,0,0,163,-1,24.13
fold2_room1_mix0314,67,4,0,159,-3,9.79
fold2_room1_mix0314,68,0,0,165,0,24.93
fold2_room1_mix0314,68,4,0,159,-3,9.51
fold2_room1_mix0314,69,0,0,166,0,23.06
fold2_room1_mix0314,69,4,0,157,-3,8.32
fold2_room1_mix0314,70,0,0,166,0,22.80
fold2_room1_mix0314,70,4,0,159,-4,6.96
fold2_room1_mix0314,70,4,0,137,-4,10.81
fold2_room1_mix0314,71,0,0,166,0,23.63
fold2_room1_mix0314,71,4,0,155,-5,6.30
fold2_room1_mix0314,71,4,0,128,-5,9.10
fold2_room1_mix0314,72,0,0,166,0,20.06
fold2_room1_mix0314,72,4,0,151,-6,5.71
fold2_room1_mix0314,72,4,0,96,-6,8.69
fold2_room1_mix0314,73,0,0,166,0,19.90
fold2_room1_mix0314,73,4,0,153,-3,9.23
fold2_room1_mix0314,73,4,0,121,-12,2.50
fold2_room1_mix0314,73,4,0,71,-7,6.57
fold2_room1_mix0314,74,0,0,167,0,15.10
fold2_room1_mix0314,74,4,0,154,-3,10.93
fold2_room1_mix0314,74,4,0,90,-13,2.26
fold2_room1_mix0314,74,4,0,64,-10,3.72
fold2_room1_mix0314,75,0,0,164,0,15.78
fold2_room1_mix0314,75,4,0,157,0,13.03
fold2_room1_mix0314,75,4,0,50,-7,3.53
fold2_room1_mix0314,76,0,0,166,0,17.48
fold2_room1_mix0314,76,4,0,162,-1,13.21
fold2_room1_mix0314,76,4,0,39,-6,4.10
fold2_room1_mix0314,77,0,0,167,0,25.04
fold2_room1_mix0314,77,4,0,163,0,13.81
fold2_room1_mix0314,77,4,0,31,-4,4.93
fold2_room1_mix0314,78,0,0,168,0,29.61
fold2_room1_mix0314,78,4,0,161,0,15.50
fold2_room1_mix0314,78,4,0,29,-5,4.75
fold2_room1_mix0314,79,0,0,169,0,35.50
fold2_room1_mix0314,79,4,0,161,0,15.96
fold2_room1_mix0314,79,4,0,26,-4,5.80
fold2_room1_mix0314,80,0,0,169,0,36.89
fold2_room1_mix0314,80,4,0,163,0,15.23
fold2_room1_mix0314,80,4,0,22,-3,7.30
fold2_room1_mix0314,81,0,0,170,0,34.91
fold2_room1_mix0314,81,4,0,163,0,16.83
fold2_room1_mix0314,81,4,0,20,-3,8.36
fold2_room1_mix0314,82,0,0,170,0,40.11
fold2_room1_mix0314,82,4,0,165,0,15.14
fold2_room1_mix0314,82,4,0,19,-2,9.14
fold2_room1_mix0314,83,0,0,170,0,36.69
fold2_room1_mix0314,83,4,0,165,0,15.34
fold2_room1_mix0314,83,4,0,17,-2,9.98
fold2_room1_mix0314,84,0,0,171,0,45.68
fold2_room1_mix0314,84,4,0,167,-1,15.48
fold2_room1_mix0314,84,4,0,17,-3,11.12
fold2_room1_mix0314,85,0,0,170,0,45.36
fold2_room1_mix0314,85,4,0,168,-1,16.87
fold2_room1_mix0314,85,4,0,14,-2,12.85
fold2_room1_mix0314,86,0,0,171,0,44.84
fold2_room1_mix0314,86,4,0,168,-1,17.31
fold2_room1_mix0314,86,4,0,14,-2,12.36
fold2_room1_mix0314,87,0,0,171,0,48.02
fold2_room1_mix0314,87,4,0,170,0,17.67
fold2_room1_mix0314,87,4,0,12,-2,12.99
fold2_room1_mix0314,88,0,0,171,0,50.80
fold2_room1_mix0314,88,4,0,169,-1,18.48
fold2_room1_mix0314,88,4,0,13,-2,13.91
fold2_room1_mix0314,89,0,0,171,0,49.77
fold2_room1_mix0314,89,4,0,170,-1,19.96
fold2_room1_mix0314,89,4,0,13,-2,14.67
fold2_room1_mix0314,90,0,0,172,0,51.33
fold2_room1_mix0314,90,4,0,169,0,20.23
fold2_room1_mix0314,90,4,0,12,-2,14.83
fold2_room1_mix0314,91,0,0,172,0,29.56
fold2_room1_mix0314,91,4,0,169,0,22.38
fold2_room1_mix0314,91,4,0,12,-2,16.68
fold2_room1_mix0314,92,0,0,174,0,11.28
fold2_room1_mix0314,92,4,0,169,-1,22.24
fold2_room1_mix0314,92,4,0,11,-2,17.20
fold2_room1_mix0314,93,0,0,173,0,25.46
fold2_room1_mix0314,93,4,0,171,0,22.34
fold2_room1_mix0314,93,4,0,11,-2,17.69
fold2_room1_mix0314,94,0,0,175,0,4.10
fold2_room1_mix0314,94,4,0,170,0,22.30
fold2_room1_mix0314,94,4,0,10,-2,16.93
fold2_room1_mix0314,95,0,0,176,0,2.20
fold2_room1_mix0314,95,4,0,170,0,23.46
fold2_room1_mix0314,95,4,0,10,-1,17.78
fold2_room1_mix0314,96,0,0,176,1,1.51
fold2_room1_mix0314,96,4,0,170,-1,21.16
fold2_room1_mix0314,96,4,0,9,-1,18.70
fold2_room1_mix0314,97,4,0,172,0,22.34
fold2_room1_mix0314,97,4,0,10,-1,20.31
fold2_room1_mix0314,98,4,0,170,-1,20.72
fold2_room1_mix0314,98,4,0,9,-1,20.73
fold2_room1_mix0314,99,4,0,172,-1,21.26
fold2_room1_mix0314,99,4,0,8,-1,20.93
fold2_room1_mix0315,19,0,0,-179,-1,1.43
fold2_room1_mix0315,20,0,0,-175,-1,15.83
fold2_room1_mix0315,21,0,0,178,-1,14.34
fold2_room1_mix0315,22,0,0,-176,-1,14.18
fold2_room1_mix0315,23,0,0,-176,-1,26.41
fold2_room1_mix0315,24,0,0,178,-1,32.86
fold2_room1_mix0315,25,0,0,179,-1,27.13
fold2_room1_mix0315,26,0,0,177,-1,25.92
fold2_room1_mix0315,27,0,0,178,-1,28.44
fold2_room1_mix0315,28,0,0,173,-1,25.68
fold2_room1_mix0315,29,0,0,174,-1,24.55
fold2_room1_mix0315,30,0,0,175,-1,26.51
fold2_room1_mix0315,31,0,0,174,-1,24.75
fold2_room1_mix0315,32,0,0,174,-1,24.27
fold2_room1_mix0315,33,0,0,175,-1,23.71
fold2_room1_mix0315,34,0,0,175,-1,23.28
fold2_room1_mix0315,35,0,0,174,-1,23.91
fold2_room1_mix0315,36,0,0,174,-1,22.30
fold2_room1_mix0315,37,0,0,174,-1,24.68
fold2_room1_mix0315,38,0,0,173,-1,23.64
fold2_room1_mix0315,39,0,0,172,-1,22.65
fold2_room1_mix0315,40,0,0,171,-1,25.38
fold2_room1_mix0315,41,0,0,167,-1,21.65
fold2_room1_mix0315,42,0,0,168,-1,22.38
fold2_room1_mix0315,43,0,0,163,-1,20.87
fold2_room1_mix0315,44,0,0,163,-1,20.29
fold2_room1_mix0315,45,0,0,159,-1,19.78
fold2_room1_mix0315,46,0,0,161,-1,21.10
fold2_room1_mix0315,47,0,0,156,-1,18.17
fold2_room1_mix0315,48,0,0,153,-1,20.93
fold2_room1_mix0315,49,0,0,147,-2,16.59
fold2_room1_mix0315,50,0,0,142,-2,13.88
fold2_room1_mix0315,51,0,0,137,-2,13.88
fold2_room1_mix0315,52,0,0,127,-2,10.35
fold2_room1_mix0315,53,0,0,118,-3,8.27
fold2_room1_mix0315,54,0,0,113,-3,8.13
fold2_room1_mix0315,55,0,0,103,-3,7.95
fold2_room1_mix0315,55,4,0,177,-2,3.96
fold2_room1_mix0315,56,0,0,89,-3,8.11
fold2_room1_mix0315,56,4,0,-172,-2,8.77
fold2_room1_mix0315,57,0,0,84,-3,9.42
fold2_room1_mix0315,57,4,0,-171,-1,10.19
fold2_room1_mix0315,58,0,0,80,-3,8.87
fold2_room1_mix0315,58,4,0,-167,-1,14.52
fold2_room1_mix0315,59,0,0,68,-3,9.25
fold2_room1_mix0315,59,4,0,-158,-1,15.11
fold2_room1_mix0315,60,0,0,55,-3,10.71
fold2_room1_mix0315,60,4,0,-161,-2,15.48
fold2_room1_mix0315,61,0,0,50,-3,11.44
fold2_room1_mix0315,61,4,0,-158,-2,14.57
fold2_room1_mix0315,62,0,0,43,-2,11.01
fold2_room1_mix0315,62,4,0,-157,-2,13.61
fold2_room1_mix0315,63,0,0,42,-2,11.96
fold2_room1_mix0315,63,4,0,-152,-1,14.56
fold2_room1_mix0315,64,0,0,38,-2,12.98
fold2_room1_mix0315,64,4,0,-150,-2,13.60
fold2_room1_mix0315,65,0,0,34,-2,13.46
fold2_room1_mix0315,65,4,0,-143,-2,12.48
fold2_room1_mix0315,66,0,0,30,-2,13.41
fold2_room1_mix0315,66,4,0,-144,-2,13.56
fold2_room1_mix0315,67,0,0,27,-2,15.29
fold2_room1_mix0315,67,4,0,-139,-2,13.78
fold2_room1_mix0315,68,0,0,29,-2,16.19
fold2_room1_mix0315,68,4,0,-136,-2,11.95
fold2_room1_mix0315,69,0,0,25,-2,15.46
fold2_room1_mix0315,69,4,0,-136,-3,11.37
fold2_room1_mix0315,70,0,0,25,-2,17.99
fold2_room1_mix0315,70,4,0,-132,-2,11.92
fold2_room1_mix0315,71,0,0,21,-2,20.20
fold2_room1_mix0315,71,4,0,-127,-3,11.95
fold2_room1_mix0315,72,0,0,17,-1,7.26
fold2_room1_mix0315,72,4,0,-124,-3,10.57
fold2_room1_mix0315,73,0,0,18,-1,7.00
fold2_room1_mix0315,73,4,0,-120,-3,10.58
fold2_room1_mix0315,74,0,0,15,-1,6.82
fold2_room1_mix0315,74,4,0,-117,-3,9.93
fold2_room1_mix0315,75,4,0,-117,-4,10.03
fold2_room1_mix0315,76,4,0,-113,-4,10.01
fold2_room1_mix0315,77,4,0,-108,-4,9.27
fold2_room1_mix0315,78,4,0,-102,-4,9.12
fold2_room1_mix0315,79,4,0,-99,-5,8.93
fold2_room1_mix0315,80,4,0,-94,-5,8.23
fold2_room1_mix0315,81,4,0,-91,-5,8.70
fold2_room1_mix0315,82,4,0,-87,-5,8.87
fold2_room1_mix0315,83,4,0,-81,-5,8.93
fold2_room1_mix0315,84,4,0,-79,-5,9.33
fold2_room1_mix0315,85,4,0,-71,-5,9.40
fold2_room1_mix0315,86,4,0,-67,-5,9.52
fold2_room1_mix0315,87,4,0,-64,-5,10.38
fold2_room1_mix0315,88,4,0,-61,-4,10.57
fold2_room1_mix0315,89,4,0,-59,-5,10.58
fold2_room1_mix0315,90,4,0,-56,-4,11.29
fold2_room1_mix0315,91,4,0,-55,-4,11.91
fold2_room1_mix0315,92,4,0,-53,-4,12.05
fold2_room1_mix0315,93,4,0,-51,-4,12.46
fold2_room1_mix0315,94,4,0,-50,-4,12.64
fold2_room1_mix0315,95,4,0,-49,-3,13.52
fold2_room1_mix0315,96,4,0,-48,-4,13.48
fold2_room1_mix0315,97,4,0,-48,-3,14.03
fold2_room1_mix0315,98,4,0,-43,-3,14.25
fold2_room1_mix0315,99,4,0,-42,-3,14.62
fold2_room1_mix0316,1,4,0,-179,0,1.02
fold2_room1_mix0316,2,4,0,-179,0,3.15
fold2_room1_mix0316,3,4,0,179,0,6.88
fold2_room1_mix0316,4,4,0,178,-1,11.77
fold2_room1_mix0316,5,4,0,178,-1,11.80
fold2_room1_mix0316,6,4,0,179,-1,13.76
fold2_room1_mix0316,7,4,0,178,-1,19.26
fold2_room1_mix0316,8,4,0,178,-1,19.47
fold2_room1_mix0316,9,4,0,178,-1,19.36
fold2_room1_mix0316,10,4,0,177,-1,19.58
fold2_room1_mix0316,11,4,0,178,-1,18.22
fold2_room1_mix0316,12,4,0,178,-1,18.48
fold2_room1_mix0316,13,4,0,178,-1,17.93
fold2_room1_mix0316,14,4,0,178,-1,17.05
fold2_room1_mix0316,15,4,0,179,-1,16.45
fold2_room1_mix0316,16,4,0,178,-1,16.26
fold2_room1_mix0316,17,4,0,178,-1,16.31
fold2_room1_mix0316,18,4,0,178,-1,16.14
fold2_room1_mix0316,19,4,0,178,-1,15.40
fold2_room1_mix0316,20,4,0,179,-1,15.76
fold2_room1_mix0316,21,4,0,179,-2,14.41
fold2_room1_mix0316,22,4,0,179,-1,14.85
fold2_room1_mix0316,23,4,0,178,-2,14.23
fold2_room1_mix0316,24,4,0,-179,-2,13.79
fold2_room1_mix0316,25,4,0,179,-2,13.97
fold2_room1_mix0316,26,4,0,178,-2,13.70
fold2_room1_mix0316,27,4,0,-179,-2,12.82
fold2_room1_mix0316,28,4,0,179,-2,13.41
fold2_room1_mix0316,29,4,0,179,-2,13.33
fold2_room1_mix0316,30,4,0,-179,-2,13.48
fold2_room1_mix0316,31,4,0,179,-2,12.80
fold2_room1_mix0316,32,4,0,-179,-2,12.76
fold2_room1_mix0316,33,4,0,178,-2,12.97
fold2_room1_mix0316,34,4,0,178,-2,12.71
fold2_room1_mix0316,35,4,0,179,-2,12.58
fold2_room1_mix0316,36,4,0,179,-2,12.95
fold2_room1_mix0316,37,4,0,178,-2,12.15
fold2_room1_mix0316,38,4,0,177,-2,11.88
fold2_room1_mix0316,39,4,0,178,-2,11.52
fold2_room1_mix0316,40,4,0,179,-3,11.07
fold2_room1_mix0316,41,4,0,178,-3,11.29
fold2_room1_mix0316,42,4,0,178,-3,10.40
fold2_room1_mix0316,43,4,0,179,-3,10.20
fold2_room1_mix0316,44,4,0,178,-3,10.37
fold2_room1_mix0316,45,4,0,178,-3,10.01
fold2_room1_mix0316,46,4,0,178,-3,9.43
fold2_room1_mix0316,47,4,0,178,-4,9.19
fold2_room1_mix0316,48,4,0,178,-4,8.20
fold2_room1_mix0316,49,4,0,177,-4,8.51
fold2_room1_mix0316,50,4,0,178,-5,7.45
fold2_room1_mix0316,51,4,0,175,-5,7.05
fold2_room1_mix0316,52,4,0,175,-5,7.10
fold2_room1_mix0316,53,4,0,177,-5,6.98
fold2_room1_mix0316,54,4,0,176,-5,6.80
fold2_room1_mix0316,55,4,0,175,-5,6.14
fold2_room1_mix0316,56,4,0,175,-5,5.81
fold2_room1_mix0316,57,4,0,174,-5,5.64
fold2_room1_mix0316,58,4,0,172,-6,5.32
fold2_room1_mix0316,59,4,0,172,-6,4.97
fold2_room1_mix0316,60,4,0,173,-7,4.53
fold2_room1_mix0316,61,4,0,171,-8,4.14
fold2_room1_mix0316,62,4,0,171,-9,4.08
fold2_room1_mix0316,63,4,0,171,-9,3.92
fold2_room1_mix0316,64,4,0,168,-10,3.58
fold2_room1_mix0316,65,4,0,165,-11,3.20
fold2_room1_mix0316,66,4,0,165,-11,3.15
fold2_room1_mix0316,67,4,0,161,-15,2.62
fold2_room1_mix0316,68,4,0,158,-16,2.48
fold2_room1_mix0316,69,4,0,151,-20,2.08
fold2_room1_mix0316,70,4,0,147,-24,1.78
fold2_room1_mix0316,71,4,0,136,-29,1.43
fold2_room1_mix0316,72,4,0,122,-36,1.29
fold2_room1_mix0316,73,4,0,100,-37,1.22
fold2_room1_mix0316,74,4,0,84,-38,1.20
fold2_room1_mix0316,75,4,0,61,-35,1.33
fold2_room1_mix0316,76,4,0,49,-32,1.47
fold2_room1_mix0316,77,4,0,37,-24,1.79
fold2_room1_mix0316,78,4,0,31,-21,2.04
fold2_room1_mix0316,79,4,0,27,-18,2.32
fold2_room1_mix0316,80,4,0,21,-15,2.65
fold2_room1_mix0316,81,4,0,20,-13,3.08
fold2_room1_mix0316,82,4,0,17,-12,3.49
fold2_room1_mix0316,83,4,0,17,-11,3.65
fold2_room1_mix0316,84,4,0,14,-10,4.10
fold2_room1_mix0316,85,4,0,13,-9,4.29
fold2_room1_mix0316,86,4,0,13,-9,4.34
fold2_room1_mix0316,87,4,0,11,-8,4.79
fold2_room1_mix0316,88,4,0,10,-8,5.08
fold2_room1_mix0316,89,4,0,10,-7,5.31
fold2_room1_mix0316,90,4,0,10,-7,5.47
fold2_room1_mix0316,91,4,0,9,-7,5.64
fold2_room1_mix0316,92,4,0,9,-7,5.86
fold2_room1_mix0316,93,4,0,9,-6,6.03
fold2_room1_mix0316,94,4,0,9,-6,6.35
fold2_room1_mix0316,95,4,0,9,-6,6.83
fold2_room1_mix0316,96,4,0,8,-6,6.83
fold2_room1_mix0316,97,4,0,9,-5,7.45
fold2_room1_mix0316,98,4,0,8,-6,7.03
fold2_room1_mix0316,99,4,0,6,-6,6.44
fold2_room1_mix0317,3,4,0,-12,1,4.28
fold2_room1_mix0317,4,4,0,-10,-1,14.79
fold2_room1_mix0317,5,4,0,-10,-1,18.26
fold2_room1_mix0317,6,4,0,-11,-1,18.72
fold2_room1_mix0317,7,4,0,-11,-1,28.24
fold2_room1_mix0317,8,4,0,-10,-1,27.22
fold2_room1_mix0317,9,4,0,-12,-1,26.41
fold2_room1_mix0317,10,4,0,-11,-1,26.00
fold2_room1_mix0317,11,4,0,-12,-1,26.82
fold2_room1_mix0317,12,4,0,-11,-1,25.74
fold2_room1_mix0317,13,4,0,-12,-1,25.64
fold2_room1_mix0317,14,4,0,-13,-1,25.51
fold2_room1_mix0317,15,4,0,-14,-1,25.02
fold2_room1_mix0317,16,4,0,-14,-1,22.93
fold2_room1_mix0317,17,4,0,-15,-1,24.51
fold2_room1_mix0317,18,4,0,-15,-1,24.10
fold2_room1_mix0317,19,4,0,-15,-1,23.63
fold2_room1_mix0317,20,4,0,-17,-1,25.21
fold2_room1_mix0317,21,4,0,-16,-1,23.92
fold2_room1_mix0317,22,1,0,-6,-3,28.41
fold2_room1_mix0317,22,4,0,-16,-1,21.16
fold2_room1_mix0317,23,1,0,-7,-3,35.15
fold2_room1_mix0317,23,4,0,-16,-1,21.19
fold2_room1_mix0317,24,1,0,-10,-3,36.76
fold2_room1_mix0317,24,4,0,-16,-1,19.94
fold2_room1_mix0317,25,1,0,-9,-2,21.51
fold2_room1_mix0317,25,4,0,-17,0,22.25
fold2_room1_mix0317,26,1,0,-7,-1,8.60
fold2_room1_mix0317,26,4,0,-19,-1,22.44
fold2_room1_mix0317,27,1,0,-11,-2,36.99
fold2_room1_mix0317,27,4,0,-17,-1,19.66
fold2_room1_mix0317,28,1,0,-11,-2,29.88
fold2_room1_mix0317,28,4,0,-16,-1,20.54
fold2_room1_mix0317,29,1,0,-12,-2,36.69
fold2_room1_mix0317,29,4,0,-17,-2,18.69
fold2_room1_mix0317,30,1,0,-13,-2,23.60
fold2_room1_mix0317,30,4,0,-16,-1,22.48
fold2_room1_mix0317,31,4,0,-23,-1,21.46
fold2_room1_mix0317,32,1,0,-12,-2,35.11
fold2_room1_mix0317,32,4,0,-20,-1,19.02
fold2_room1_mix0317,33,1,0,-13,-3,25.00
fold2_room1_mix0317,33,4,0,-16,-2,21.22
fold2_room1_mix0317,34,1,0,-15,-2,32.06
fold2_room1_mix0317,34,4,0,-20,-1,19.47
fold2_room1_mix0317,35,1,0,-12,-2,26.97
fold2_room1_mix0317,35,4,0,-19,-1,19.35
fold2_room1_mix0317,36,4,0,-22,-1,17.28
fold2_room1_mix0317,37,1,0,-14,-2,25.74
fold2_room1_mix0317,37,4,0,-21,-1,17.31
fold2_room1_mix0317,38,1,0,-16,-3,21.88
fold2_room1_mix0317,38,4,0,-18,-1,18.20
fold2_room1_mix0317,39,1,0,-16,-2,26.11
fold2_room1_mix0317,39,4,0,-20,-1,16.95
fold2_room1_mix0317,40,1,0,-18,-2,24.41
fold2_room1_mix0317,40,4,0,-21,-1,17.78
fold2_room1_mix0317,41,4,0,-31,-1,15.09
fold2_room1_mix0317,42,1,0,-16,-3,23.89
fold2_room1_mix0317,42,4,0,-27,-1,14.24
fold2_room1_mix0317,43,1,0,-20,-3,21.91
fold2_room1_mix0317,43,4,0,-22,-2,14.29
fold2_room1_mix0317,44,1,0,-19,-3,24.49
fold2_room1_mix0317,44,4,0,-30,-2,13.37
fold2_room1_mix0317,45,1,0,-23,-3,24.65
fold2_room1_mix0317,45,4,0,-20,-2,14.11
fold2_room1_mix0317,46,4,0,-38,-2,13.87
fold2_room1_mix0317,47,1,0,-19,-3,20.82
fold2_room1_mix0317,47,4,0,-29,-2,13.02
fold2_room1_mix0317,48,1,0,-20,-3,21.33
fold2_room1_mix0317,48,4,0,-29,-2,11.79
fold2_room1_mix0317,49,1,0,-22,-3,19.56
fold2_room1_mix0317,49,4,0,-39,-3,10.68
fold2_room1_mix0317,50,1,0,-25,-3,20.10
fold2_room1_mix0317,50,4,0,-31,-2,12.60
fold2_room1_mix0317,51,4,0,-44,-3,10.27
fold2_room1_mix0317,52,1,0,-18,-2,10.19
fold2_room1_mix0317,52,4,0,-38,-2,10.97
fold2_room1_mix0317,53,1,0,-22,-2,14.08
fold2_room1_mix0317,53,4,0,-39,-2,9.90
fold2_room1_mix0317,54,1,0,-30,-3,14.70
fold2_room1_mix0317,54,4,0,-43,-3,9.95
fold2_room1_mix0317,55,1,0,-29,-3,17.42
fold2_room1_mix0317,55,4,0,-37,-3,11.27
fold2_room1_mix0317,56,4,0,-49,-4,8.52
fold2_room1_mix0317,57,4,0,-52,-4,8.41
fold2_room1_mix0317,58,4,0,-50,-3,7.92
fold2_room1_mix0317,59,4,0,-48,-3,7.89
fold2_room1_mix0317,60,4,0,-56,-3,7.37
fold2_room1_mix0317,60,4,0,-32,-5,7.28
fold2_room1_mix0317,61,4,0,-56,-4,6.95
fold2_room1_mix0317,62,4,0,-58,-4,6.77
fold2_room1_mix0317,62,4,0,-34,-5,7.45
fold2_room1_mix0317,63,4,0,-54,-5,6.65
fold2_room1_mix0317,64,4,0,-53,-5,7.23
fold2_room1_mix0317,65,4,0,-74,-3,8.04
fold2_room1_mix0317,65,4,0,-51,-5,6.77
fold2_room1_mix0317,65,4,0,-31,-5,8.03
fold2_room1_mix0317,66,4,0,-72,-3,8.04
fold2_room1_mix0317,66,4,0,-47,-5,6.56
fold2_room1_mix0317,67,4,0,-104,-4,8.02
fold2_room1_mix0317,67,4,0,-31,-5,6.70
fold2_room1_mix0317,68,4,0,-109,-3,8.36
fold2_room1_mix0317,68,4,0,-26,-5,6.54
fold2_room1_mix0317,69,4,0,-104,-4,7.95
fold2_room1_mix0317,69,4,0,-26,-6,5.95
fold2_room1_mix0317,70,4,0,-112,-4,7.54
fold2_room1_mix0317,70,4,0,-20,-7,5.45
fold2_room1_mix0317,71,4,0,-121,-4,7.42
fold2_room1_mix0317,71,4,0,-23,-7,5.47
fold2_room1_mix0317,72,4,0,-118,-3,8.12
fold2_room1_mix0317,72,4,0,-21,-7,4.97
fold2_room1_mix0317,73,4,0,-120,-4,7.11
fold2_room1_mix0317,73,4,0,-26,-8,4.40
fold2_room1_mix0317,74,4,0,-124,-3,6.87
fold2_room1_mix0317,74,4,0,-26,-8,4.19
fold2_room1_mix0317,75,4,0,-123,-3,7.03
fold2_room1_mix0317,75,4,0,-25,-8,3.86
fold2_room1_mix0317,76,4,0,-121,-3,7.11
fold2_room1_mix0317,76,4,0,-25,-8,3.48
fold2_room1_mix0317,77,4,0,-122,-3,6.63
fold2_room1_mix0317,77,4,0,-26,-8,3.64
fold2_room1_mix0317,78,4,0,-129,-5,5.63
fold2_room1_mix0317,78,4,0,-36,-10,3.15
fold2_room1_mix0317,79,4,0,-135,-6,5.95
fold2_room1_mix0317,79,4,0,-34,-12,3.06
fold2_room1_mix0317,80,4,0,-133,-5,6.62
fold2_room1_mix0317,80,4,0,-40,-13,2.72
fold2_room1_mix0317,81,4,0,-135,-5,6.13
fold2_room1_mix0317,81,4,0,-50,-12,2.90
fold2_room1_mix0317,82,4,0,-136,-5,5.54
fold2_room1_mix0317,82,4,0,-59,-12,2.77
fold2_room1_mix0317,83,4,0,-134,-4,6.92
fold2_room1_mix0317,83,4,0,-73,-13,2.61
fold2_room1_mix0317,84,4,0,-139,-4,8.38
fold2_room1_mix0317,84,4,0,-86,-14,2.68
fold2_room1_mix0317,85,4,0,-138,-4,8.12
fold2_room1_mix0317,85,4,0,-101,-13,2.96
fold2_room1_mix0317,86,4,0,-142,-4,8.08
fold2_room1_mix0317,86,4,0,-113,-11,3.06
fold2_room1_mix0317,87,4,0,-143,-4,8.40
fold2_room1_mix0317,87,4,0,-122,-9,3.60
fold2_room1_mix0317,88,4,0,-135,-7,5.56
fold2_room1_mix0317,89,4,0,-139,-8,5.64
fold2_room1_mix0317,90,4,0,-141,-7,5.73
fold2_room1_mix0317,91,4,0,-144,-6,6.52
fold2_room1_mix0317,92,4,0,-145,-6,6.92
fold2_room1_mix0317,93,4,0,-146,-5,6.67
fold2_room1_mix0317,94,4,0,-149,-5,6.86
fold2_room1_mix0317,95,4,0,-150,-5,7.66
fold2_room1_mix0317,96,4,0,-151,-4,8.18
fold2_room1_mix0317,97,4,0,-152,-4,8.84
fold2_room1_mix0317,98,4,0,-153,-4,8.87
fold2_room1_mix0317,99,4,0,-156,-3,9.27
fold2_room1_mix0318,0,5,0,38,5,3.10
fold2_room1_mix0318,1,5,0,33,4,7.85
fold2_room1_mix0318,2,5,0,30,4,7.72
fold2_room1_mix0318,3,5,0,35,4,6.73
fold2_room1_mix0318,4,4,0,176,0,4.22
fold2_room1_mix0318,4,5,0,41,4,9.31
fold2_room1_mix0318,5,5,0,39,4,9.26
fold2_room1_mix0318,6,5,0,38,3,11.37
fold2_room1_mix0318,7,5,0,38,5,8.88
fold2_room1_mix0318,8,5,0,42,4,9.80
fold2_room1_mix0318,9,4,0,172,0,3.56
fold2_room1_mix0318,9,5,0,43,4,10.05
fold2_room1_mix0318,10,4,0,171,0,11.10
fold2_room1_mix0318,10,5,0,40,5,8.35
fold2_room1_mix0318,11,4,0,171,0,5.05
fold2_room1_mix0318,11,5,0,41,4,9.23
fold2_room1_mix0318,12,4,0,169,0,4.10
fold2_room1_mix0318,12,5,0,42,4,9.13
fold2_room1_mix0318,13,5,0,43,4,9.22
fold2_room1_mix0318,14,4,0,172,0,25.97
fold2_room1_mix0318,14,5,0,45,3,10.67
fold2_room1_mix0318,15,4,0,172,0,21.50
fold2_room1_mix0318,15,5,0,40,4,9.61
fold2_room1_mix0318,16,5,0,44,4,9.56
fold2_room1_mix0318,17,4,0,172,0,27.10
fold2_room1_mix0318,17,5,0,44,4,10.46
fold2_room1_mix0318,18,4,0,171,0,28.01
fold2_room1_mix0318,18,5,0,40,4,10.32
fold2_room1_mix0318,19,4,0,175,0,30.38
fold2_room1_mix0318,19,5,0,43,3,10.46
fold2_room1_mix0318,20,4,0,173,0,26.09
fold2_room1_mix0318,20,5,0,36,4,10.02
fold2_room1_mix0318,21,4,0,174,0,31.27
fold2_room1_mix0318,21,5,0,43,4,10.41
fold2_room1_mix0318,22,4,0,173,0,36.58
fold2_room1_mix0318,22,5,0,42,3,12.62
fold2_room1_mix0318,23,4,0,172,0,36.08
fold2_room1_mix0318,23,5,0,38,4,9.53
fold2_room1_mix0318,24,4,0,172,0,31.16
fold2_room1_mix0318,24,5,0,37,4,10.62
fold2_room1_mix0318,25,4,0,175,0,36.17
fold2_room1_mix0318,25,5,0,42,3,11.68
fold2_room1_mix0318,26,4,0,173,0,33.79
fold2_room1_mix0318,26,5,0,34,3,11.14
fold2_room1_mix0318,27,4,0,172,0,36.86
fold2_room1_mix0318,27,5,0,40,3,10.80
fold2_room1_mix0318,28,4,0,173,0,37.33
fold2_room1_mix0318,28,5,0,38,3,11.19
fold2_room1_mix0318,29,4,0,175,0,34.89
fold2_room1_mix0318,29,5,0,36,3,10.71
fold2_room1_mix0318,30,4,0,174,0,28.42
fold2_room1_mix0318,30,5,0,36,3,12.55
fold2_room1_mix0318,31,4,0,175,0,37.90
fold2_room1_mix0318,31,5,0,36,3,12.66
fold2_room1_mix0318,32,4,0,172,0,34.28
fold2_room1_mix0318,32,5,0,36,4,10.75
fold2_room1_mix0318,33,4,0,176,0,30.59
fold2_room1_mix0318,33,5,0,38,3,12.58
fold2_room1_mix0318,34,4,0,175,0,33.83
fold2_room1_mix0318,34,5,0,36,3,11.86
fold2_room1_mix0318,35,4,0,173,0,32.09
fold2_room1_mix0318,35,5,0,36,3,12.18
fold2_room1_mix0318,36,4,0,172,0,31.95
fold2_room1_mix0318,36,5,0,38,3,11.27
fold2_room1_mix0318,37,4,0,172,0,30.48
fold2_room1_mix0318,37,5,0,33,3,11.73
fold2_room1_mix0318,38,4,0,171,0,29.46
fold2_room1_mix0318,38,5,0,36,3,12.61
fold2_room1_mix0318,39,4,0,171,0,28.16
fold2_room1_mix0318,39,5,0,35,3,11.13
fold2_room1_mix0318,40,4,0,172,0,30.29
fold2_room1_mix0318,40,5,0,35,3,12.84
fold2_room1_mix0318,41,4,0,172,0,28.02
fold2_room1_mix0318,41,5,0,35,3,12.78
fold2_room1_mix0318,42,4,0,170,0,27.71
fold2_room1_mix0318,42,5,0,32,3,10.95
fold2_room1_mix0318,43,4,0,169,0,29.31
fold2_room1_mix0318,43,5,0,33,3,11.74
fold2_room1_mix0318,44,4,0,170,0,26.50
fold2_room1_mix0318,44,5,0,32,3,12.78
fold2_room1_mix0318,45,4,0,169,0,28.13
fold2_room1_mix0318,45,5,0,31,3,11.28
fold2_room1_mix0318,46,4,0,168,-1,27.94
fold2_room1_mix0318,46,5,0,31,3,12.60
fold2_room1_mix0318,47,4,0,171,-1,24.57
fold2_room1_mix0318,47,5,0,31,3,12.57
fold2_room1_mix0318,48,4,0,170,-1,25.52
fold2_room1_mix0318,48,5,0,30,3,11.48
fold2_room1_mix0318,49,4,0,169,-1,23.99
fold2_room1_mix0318,49,5,0,30,2,13.05
fold2_room1_mix0318,50,4,0,168,-1,23.07
fold2_room1_mix0318,50,5,0,30,2,13.61
fold2_room1_mix0318,51,4,0,165,-1,22.99
fold2_room1_mix0318,51,5,0,28,3,12.89
fold2_room1_mix0318,52,4,0,168,-1,20.50
fold2_room1_mix0318,52,5,0,31,3,12.82
fold2_room1_mix0318,53,4,0,166,-1,19.59
fold2_room1_mix0318,53,5,0,28,2,14.26
fold2_room1_mix0318,54,4,0,165,-1,20.19
fold2_room1_mix0318,54,5,0,31,2,14.44
fold2_room1_mix0318,55,4,0,162,-1,17.85
fold2_room1_mix0318,55,5,0,29,3,13.33
fold2_room1_mix0318,56,4,0,164,-1,17.62
fold2_room1_mix0318,56,5,0,29,2,13.96
fold2_room1_mix0318,57,4,0,162,-1,17.62
fold2_room1_mix0318,57,5,0,30,2,15.17
fold2_room1_mix0318,58,4,0,160,-2,15.45
fold2_room1_mix0318,58,5,0,29,2,13.45
fold2_room1_mix0318,59,4,0,156,-1,15.83
fold2_room1_mix0318,59,5,0,28,2,13.81
fold2_room1_mix0318,60,4,0,156,-2,13.96
fold2_room1_mix0318,60,5,0,27,2,15.33
fold2_room1_mix0318,61,4,0,153,-3,13.26
fold2_room1_mix0318,61,5,0,26,2,14.47
fold2_room1_mix0318,62,4,0,152,-3,12.44
fold2_room1_mix0318,62,5,0,27,2,15.71
fold2_room1_mix0318,63,4,0,149,-3,12.07
fold2_room1_mix0318,63,5,0,27,2,15.12
fold2_room1_mix0318,64,4,0,142,-3,11.54
fold2_room1_mix0318,64,5,0,27,2,14.66
fold2_room1_mix0318,65,4,0,141,-3,11.53
fold2_room1_mix0318,65,5,0,26,2,15.65
fold2_room1_mix0318,66,4,0,138,-3,10.28
fold2_room1_mix0318,66,5,0,28,2,15.50
fold2_room1_mix0318,67,4,0,133,-4,9.84
fold2_room1_mix0318,67,5,0,28,2,15.65
fold2_room1_mix0318,68,4,0,127,-4,9.13
fold2_room1_mix0318,68,5,0,27,2,16.25
fold2_room1_mix0318,69,4,0,122,-5,8.66
fold2_room1_mix0318,69,5,0,28,2,15.73
fold2_room1_mix0318,70,4,0,118,-4,8.10
fold2_room1_mix0318,70,5,0,29,2,16.83
fold2_room1_mix0318,71,4,0,107,-4,7.86
fold2_room1_mix0318,71,5,0,29,2,15.56
fold2_room1_mix0318,72,4,0,96,-5,7.32
fold2_room1_mix0318,72,5,0,28,2,16.46
fold2_room1_mix0318,73,4,0,88,-5,7.22
fold2_room1_mix0318,73,5,0,29,2,17.30
fold2_room1_mix0318,74,4,0,81,-5,7.33
fold2_room1_mix0318,74,5,0,29,2,15.70
fold2_room1_mix0318,75,4,0,71,-4,7.28
fold2_room1_mix0318,75,5,0,28,2,15.61
fold2_room1_mix0318,76,4,0,63,-3,8.34
fold2_room1_mix0318,76,5,0,31,2,16.73
fold2_room1_mix0318,77,4,0,57,-3,8.61
fold2_room1_mix0318,77,5,0,30,2,15.75
fold2_room1_mix0318,78,4,0,52,-3,8.78
fold2_room1_mix0318,78,5,0,27,1,17.36
fold2_room1_mix0318,79,4,0,47,-2,9.31
fold2_room1_mix0318,79,5,0,27,1,16.74
fold2_room1_mix0318,80,4,0,43,-2,9.58
fold2_room1_mix0318,80,5,0,28,1,16.68
fold2_room1_mix0318,81,4,0,40,-2,10.24
fold2_room1_mix0318,81,5,0,26,1,16.44
fold2_room1_mix0318,82,4,0,38,-2,11.51
fold2_room1_mix0318,82,5,0,26,1,17.30
fold2_room1_mix0318,83,4,0,35,-2,12.04
fold2_room1_mix0318,83,5,0,24,1,17.17
fold2_room1_mix0318,84,4,0,32,-2,12.89
fold2_room1_mix0318,84,5,0,22,1,18.45
fold2_room1_mix0318,85,4,0,30,-2,13.94
fold2_room1_mix0318,85,5,0,22,1,17.80
fold2_room1_mix0318,86,4,0,28,-2,14.96
fold2_room1_mix0318,86,5,0,22,1,17.51
fold2_room1_mix0318,87,4,0,25,-2,15.58
fold2_room1_mix0318,87,5,0,21,1,17.78
fold2_room1_mix0318,88,4,0,25,-2,16.74
fold2_room1_mix0318,88,5,0,20,1,17.12
fold2_room1_mix0318,89,4,0,25,-1,17.72
fold2_room1_mix0318,89,5,0,20,1,19.02
fold2_room1_mix0318,90,4,0,22,-1,18.58
fold2_room1_mix0318,90,5,0,21,1,18.18
fold2_room1_mix0318,91,4,0,21,-1,20.43
fold2_room1_mix0318,91,5,0,21,1,16.76
fold2_room1_mix0318,92,4,0,19,-1,20.61
fold2_room1_mix0318,92,5,0,17,1,18.72
fold2_room1_mix0318,93,4,0,18,-1,22.24
fold2_room1_mix0318,93,5,0,18,1,18.72
fold2_room1_mix0318,94,4,0,18,-1,23.21
fold2_room1_mix0318,94,5,0,20,1,18.21
fold2_room1_mix0318,95,4,0,17,-1,24.93
fold2_room1_mix0318,95,5,0,19,1,17.69
fold2_room1_mix0318,96,4,0,16,-1,26.84
fold2_room1_mix0318,96,5,0,20,1,17.86
fold2_room1_mix0318,97,4,0,16,-1,25.69
fold2_room1_mix0318,97,5,0,20,1,18.45
fold2_room1_mix0318,98,4,0,15,-1,26.08
fold2_room1_mix0318,98,5,0,20,1,19.10
fold2_room1_mix0318,99,4,0,15,-1,27.79
fold2_room1_mix0318,99,5,0,20,0,19.28
fold2_room1_mix0319,0,5,0,33,3,5.32
fold2_room1_mix0319,1,5,0,32,3,9.14
fold2_room1_mix0319,2,5,0,27,3,11.51
fold2_room1_mix0319,3,5,0,34,3,9.55
fold2_room1_mix0319,4,5,0,36,3,6.25
fold2_room1_mix0319,5,5,0,33,4,10.66
fold2_room1_mix0319,6,5,0,31,3,14.09
fold2_room1_mix0319,7,5,0,33,3,11.84
fold2_room1_mix0319,8,5,0,36,2,12.46
fold2_room1_mix0319,9,5,0,28,3,12.74
fold2_room1_mix0319,10,5,0,33,3,11.77
fold2_room1_mix0319,11,5,0,32,2,13.67
fold2_room1_mix0319,12,5,0,31,3,11.87
fold2_room1_mix0319,13,5,0,29,3,11.14
fold2_room1_mix0319,14,5,0,33,2,13.76
fold2_room1_mix0319,15,5,0,29,3,12.36
fold2_room1_mix0319,16,5,0,32,3,13.07
fold2_room1_mix0319,17,5,0,31,3,12.78
fold2_room1_mix0319,18,5,0,30,3,12.03
fold2_room1_mix0319,19,5,0,32,3,13.04
fold2_room1_mix0319,20,5,0,29,3,12.88
fold2_room1_mix0319,21,5,0,31,4,9.99
fold2_room1_mix0319,22,5,0,35,3,13.29
fold2_room1_mix0319,23,5,0,32,3,12.38
fold2_room1_mix0319,24,5,0,33,3,11.46
fold2_room1_mix0319,25,5,0,34,3,12.52
fold2_room1_mix0319,26,5,0,33,3,11.66
fold2_room1_mix0319,27,5,0,33,3,11.88
fold2_room1_mix0319,28,5,0,33,3,11.53
fold2_room1_mix0319,29,5,0,32,3,11.13
fold2_room1_mix0319,30,5,0,36,3,12.14
fold2_room1_mix0319,31,5,0,36,2,13.46
fold2_room1_mix0319,32,5,0,31,3,12.48
fold2_room1_mix0319,33,5,0,33,4,10.66
fold2_room1_mix0319,34,5,0,37,3,12.19
fold2_room1_mix0319,35,5,0,35,3,12.48
fold2_room1_mix0319,36,5,0,33,3,12.34
fold2_room1_mix0319,37,5,0,33,3,10.89
fold2_room1_mix0319,38,5,0,36,3,12.62
fold2_room1_mix0319,39,5,0,36,3,12.55
fold2_room1_mix0319,40,5,0,35,2,13.23
fold2_room1_mix0319,41,5,0,32,3,13.01
fold2_room1_mix0319,42,5,0,34,3,12.14
fold2_room1_mix0319,43,5,0,31,3,12.64
fold2_room1_mix0319,44,5,0,33,3,13.22
fold2_room1_mix0319,45,5,0,34,3,12.08
fold2_room1_mix0319,46,5,0,32,3,13.31
fold2_room1_mix0319,47,5,0,33,3,13.20
fold2_room1_mix0319,48,5,0,35,3,12.58
fold2_room1_mix0319,49,5,0,34,3,12.55
fold2_room1_mix0319,50,5,0,32,3,13.40
fold2_room1_mix0319,51,5,0,34,3,12.41
fold2_room1_mix0319,52,5,0,31,3,12.69
fold2_room1_mix0319,53,5,0,31,3,11.98
fold2_room1_mix0319,54,5,0,34,3,13.69
fold2_room1_mix0319,55,5,0,35,3,12.99
fold2_room1_mix0319,56,5,0,36,2,14.12
fold2_room1_mix0319,57,5,0,34,2,13.80
fold2_room1_mix0319,58,5,0,35,3,12.64
fold2_room1_mix0319,59,5,0,33,3,13.43
fold2_room1_mix0319,60,5,0,33,3,13.10
fold2_room1_mix0319,61,5,0,34,3,11.18
fold2_room1_mix0319,62,5,0,34,3,12.43
fold2_room1_mix0319,63,5,0,34,2,13.83
fold2_room1_mix0319,64,5,0,32,3,12.81
fold2_room1_mix0319,65,5,0,35,3,12.10
fold2_room1_mix0319,66,5,0,35,3,12.70
fold2_room1_mix0319,67,5,0,31,2,14.17
fold2_room1_mix0319,68,5,0,34,3,12.61
fold2_room1_mix0319,69,5,0,34,4,10.97
fold2_room1_mix0319,70,5,0,34,3,13.02
fold2_room1_mix0319,71,5,0,36,3,12.84
fold2_room1_mix0319,72,5,0,34,3,13.01
fold2_room1_mix0319,73,5,0,33,3,12.78
fold2_room1_mix0319,74,5,0,36,4,11.02
fold2_room1_mix0319,75,5,0,32,2,13.40
fold2_room1_mix0319,76,5,0,33,3,12.34
fold2_room1_mix0319,77,5,0,35,3,11.97
fold2_room1_mix0319,78,5,0,31,3,13.47
fold2_room1_mix0319,79,5,0,31,2,14.06
fold2_room1_mix0319,80,5,0,35,3,13.03
fold2_room1_mix0319,81,5,0,33,3,13.24
fold2_room1_mix0319,82,5,0,32,3,13.29
fold2_room1_mix0319,83,5,0,34,3,13.29
fold2_room1_mix0319,84,5,0,32,2,13.33
fold2_room1_mix0319,85,5,0,34,3,12.74
fold2_room1_mix0319,86,5,0,33,2,13.84
fold2_room1_mix0319,87,5,0,34,2,13.73
fold2_room1_mix0319,88,5,0,32,3,13.29
fold2_room1_mix0319,89,5,0,35,3,13.05
fold2_room1_mix0319,90,5,0,31,3,13.37
fold2_room1_mix0319,91,5,0,34,3,12.30
fold2_room1_mix0319,92,5,0,34,3,13.02
fold2_room1_mix0319,93,5,0,33,3,12.47
fold2_room1_mix0319,94,5,0,32,2,13.78
fold2_room1_mix0319,95,5,0,34,2,13.70
fold2_room1_mix0319,96,5,0,34,3,12.66
fold2_room1_mix0319,97,5,0,37,3,11.46
fold2_room1_mix0319,98,5,0,33,3,12.59
fold2_room1_mix0319,99,5,0,32,2,13.02
fold2_room1_mix0320,3,4,0,-174,0,3.30
fold2_room1_mix0320,4,4,0,-174,0,11.72
fold2_room1_mix0320,5,4,0,-174,0,20.81
fold2_room1_mix0320,6,4,0,-174,0,23.82
fold2_room1_mix0320,7,4,0,-173,0,27.98
fold2_room1_mix0320,8,4,0,-172,0,40.04
fold2_room1_mix0320,9,4,0,-170,-1,39.05
fold2_room1_mix0320,10,4,0,-171,0,40.47
fold2_room1_mix0320,11,4,0,-171,0,41.02
fold2_room1_mix0320,12,4,0,-171,0,40.10
fold2_room1_mix0320,13,4,0,-170,0,38.84
fold2_room1_mix0320,14,4,0,-168,0,38.93
fold2_room1_mix0320,15,4,0,-169,0,38.32
fold2_room1_mix0320,16,4,0,-169,0,39.65
fold2_room1_mix0320,17,4,0,-169,0,39.43
fold2_room1_mix0320,18,4,0,-168,0,40.73
fold2_room1_mix0320,19,4,0,-168,0,39.22
fold2_room1_mix0320,20,4,0,-169,0,40.93
fold2_room1_mix0320,21,4,0,-167,0,38.96
fold2_room1_mix0320,22,4,0,-166,0,36.99
fold2_room1_mix0320,23,4,0,-167,0,37.14
fold2_room1_mix0320,24,4,0,-166,0,37.94
fold2_room1_mix0320,25,4,0,-166,0,37.42
fold2_room1_mix0320,26,4,0,-164,0,34.93
fold2_room1_mix0320,27,4,0,-165,0,35.28
fold2_room1_mix0320,28,4,0,-165,0,34.34
fold2_room1_mix0320,29,4,0,-165,0,34.19
fold2_room1_mix0320,30,4,0,-165,0,33.89
fold2_room1_mix0320,31,4,0,-164,0,33.11
fold2_room1_mix0320,32,4,0,-163,0,32.01
fold2_room1_mix0320,33,4,0,-162,0,31.59
fold2_room1_mix0320,34,4,0,-163,0,32.43
fold2_room1_mix0320,35,4,0,-163,0,32.02
fold2_room1_mix0320,36,4,0,-161,0,30.97
fold2_room1_mix0320,37,4,0,-161,0,30.54
fold2_room1_mix0320,38,4,0,-161,0,30.39
fold2_room1_mix0320,39,4,0,-160,-1,29.51
fold2_room1_mix0320,40,4,0,-160,-1,29.47
fold2_room1_mix0320,41,4,0,-157,-1,27.71
fold2_room1_mix0320,42,4,0,-158,-1,27.43
fold2_room1_mix0320,43,4,0,-156,-1,27.04
fold2_room1_mix0320,44,4,0,-156,-1,25.46
fold2_room1_mix0320,45,4,0,-156,-1,25.03
fold2_room1_mix0320,46,4,0,-155,-1,25.67
fold2_room1_mix0320,47,4,0,-155,-1,24.01
fold2_room1_mix0320,48,4,0,-154,-1,22.85
fold2_room1_mix0320,49,4,0,-154,-1,22.51
fold2_room1_mix0320,50,4,0,-153,-1,21.97
fold2_room1_mix0320,51,4,0,-151,-1,20.89
fold2_room1_mix0320,52,4,0,-151,-1,20.01
fold2_room1_mix0320,53,4,0,-149,-1,19.38
fold2_room1_mix0320,54,4,0,-147,-1,18.09
fold2_room1_mix0320,55,4,0,-146,-1,17.62
fold2_room1_mix0320,56,4,0,-145,-1,17.54
fold2_room1_mix0320,57,4,0,-145,-1,16.97
fold2_room1_mix0320,58,4,0,-144,-1,16.73
fold2_room1_mix0320,59,4,0,-142,-1,16.52
fold2_room1_mix0320,60,4,0,-141,-1,15.69
fold2_room1_mix0320,61,4,0,-137,-2,14.22
fold2_room1_mix0320,62,4,0,-136,-2,14.17
fold2_room1_mix0320,63,4,0,-135,-2,13.87
fold2_room1_mix0320,64,4,0,-131,-2,13.34
fold2_room1_mix0320,65,4,0,-129,-2,13.00
fold2_room1_mix0320,66,4,0,-127,-3,12.89
fold2_room1_mix0320,67,4,0,-126,-3,11.90
fold2_room1_mix0320,68,4,0,-122,-3,12.16
fold2_room1_mix0320,69,4,0,-121,-3,12.05
fold2_room1_mix0320,70,4,0,-119,-3,11.46
fold2_room1_mix0320,71,4,0,-115,-3,11.03
fold2_room1_mix0320,72,4,0,-114,-3,11.31
fold2_room1_mix0320,73,4,0,-110,-4,10.80
fold2_room1_mix0320,74,4,0,-106,-4,10.15
fold2_room1_mix0320,75,4,0,-103,-5,9.91
fold2_room1_mix0320,76,4,0,-99,-5,9.65
fold2_room1_mix0320,77,4,0,-96,-5,9.75
fold2_room1_mix0320,78,4,0,-93,-5,9.74
fold2_room1_mix0320,79,4,0,-89,-5,9.74
fold2_room1_mix0320,80,4,0,-85,-4,9.85
fold2_room1_mix0320,81,4,0,-82,-5,10.00
fold2_room1_mix0320,82,4,0,-78,-4,10.37
fold2_room1_mix0320,83,4,0,-75,-4,10.34
fold2_room1_mix0320,84,4,0,-70,-4,10.78
fold2_room1_mix0320,85,4,0,-67,-4,11.21
fold2_room1_mix0320,86,4,0,-63,-4,11.61
fold2_room1_mix0320,87,4,0,-60,-4,11.77
fold2_room1_mix0320,88,4,0,-58,-4,12.33
fold2_room1_mix0320,89,4,0,-56,-4,12.44
fold2_room1_mix0320,90,4,0,-53,-3,13.03
fold2_room1_mix0320,91,4,0,-52,-3,14.03
fold2_room1_mix0320,92,4,0,-49,-3,13.92
fold2_room1_mix0320,93,4,0,-48,-3,13.72
fold2_room1_mix0320,94,4,0,-45,-3,15.62
fold2_room1_mix0320,95,4,0,-45,-3,15.00
fold2_room1_mix0320,96,4,0,-43,-3,15.47
fold2_room1_mix0320,97,4,0,-40,-2,16.87
fold2_room1_mix0320,98,4,0,-38,-2,17.29
fold2_room1_mix0320,99,4,0,-36,-2,17.08
fold2_room1_mix0321,16,1,0,19,-2,14.84
fold2_room1_mix0321,17,1,0,28,-2,29.93
fold2_room1_mix0321,18,1,0,29,-2,30.88
fold2_room1_mix0321,19,1,0,27,-2,23.94
fold2_room1_mix0321,21,1,0,31,-2,24.99
fold2_room1_mix0321,22,1,0,30,-2,26.44
fold2_room1_mix0321,23,1,0,34,-2,24.87
fold2_room1_mix0321,24,1,0,34,-2,26.24
fold2_room1_mix0321,25,1,0,38,-2,14.45
fold2_room1_mix0321,26,1,0,41,-2,18.10
fold2_room1_mix0321,26,3,0,94,-3,8.06
fold2_room1_mix0321,27,1,0,39,-2,22.58
fold2_room1_mix0321,27,3,0,106,-2,6.11
fold2_room1_mix0321,28,1,0,37,-2,20.95
fold2_room1_mix0321,29,1,0,43,-2,23.42
fold2_room1_mix0321,30,1,0,41,-2,16.52
fold2_room1_mix0321,30,3,0,87,-2,6.04
fold2_room1_mix0321,31,3,0,97,-3,5.61
fold2_room1_mix0321,32,1,0,54,-3,20.41
fold2_room1_mix0321,32,3,0,93,-2,5.07
fold2_room1_mix0321,33,1,0,49,-3,18.54
fold2_room1_mix0321,33,3,0,86,-1,4.64
fold2_room1_mix0321,34,1,0,51,-2,17.29
fold2_room1_mix0321,34,3,0,92,-1,1.83
fold2_room1_mix0321,35,1,0,53,-3,15.08
fold2_room1_mix0321,35,3,0,94,-2,4.04
fold2_room1_mix0321,37,1,0,67,-3,13.31
fold2_room1_mix0321,38,1,0,71,-4,14.80
fold2_room1_mix0321,39,1,0,73,-3,13.75
fold2_room1_mix0321,40,1,0,76,-4,13.23
fold2_room1_mix0321,40,3,0,97,-2,2.51
fold2_room1_mix0321,42,1,0,88,-4,11.50
fold2_room1_mix0321,43,1,0,97,-4,10.70
fold2_room1_mix0321,44,1,0,98,-4,11.98
fold2_room1_mix0321,45,1,0,104,-4,11.79
fold2_room1_mix0321,46,1,0,101,-3,5.70
fold2_room1_mix0321,47,1,0,110,-3,12.09
fold2_room1_mix0321,48,1,0,120,-3,11.72
fold2_room1_mix0321,49,1,0,121,-3,12.99
fold2_room1_mix0321,50,1,0,124,-3,14.14
fold2_room1_mix0321,51,1,0,128,-3,12.81
fold2_room1_mix0321,53,1,0,135,-3,12.95
fold2_room1_mix0321,54,1,0,137,-3,15.35
fold2_room1_mix0321,55,1,0,140,-2,12.74
fold2_room1_mix0321,56,1,0,142,-3,16.20
fold2_room1_mix0321,58,1,0,143,-2,12.06
fold2_room1_mix0321,59,1,0,144,-2,13.86
fold2_room1_mix0321,60,1,0,144,-2,15.32
fold2_room1_mix0321,61,1,0,148,-2,19.23
fold2_room1_mix0321,63,1,0,150,-2,10.80
fold2_room1_mix0321,64,1,0,151,-2,16.18
fold2_room1_mix0321,65,1,0,153,-2,21.64
fold2_room1_mix0321,66,1,0,155,-2,20.26
fold2_room1_mix0322,4,4,0,0,0,2.53
fold2_room1_mix0322,5,4,0,2,0,10.82
fold2_room1_mix0322,6,4,0,1,0,12.31
fold2_room1_mix0322,7,4,0,3,0,19.18
fold2_room1_mix0322,8,4,0,3,0,21.15
fold2_room1_mix0322,9,4,0,4,0,26.88
fold2_room1_mix0322,10,4,0,4,-1,30.14
fold2_room1_mix0322,11,4,0,4,0,28.38
fold2_room1_mix0322,12,4,0,4,0,31.88
fold2_room1_mix0322,13,4,0,5,0,31.98
fold2_room1_mix0322,14,4,0,4,0,33.25
fold2_room1_mix0322,15,4,0,4,0,33.30
fold2_room1_mix0322,16,4,0,4,0,30.68
fold2_room1_mix0322,17,4,0,4,0,28.71
fold2_room1_mix0322,18,4,0,5,0,34.46
fold2_room1_mix0322,19,4,0,4,0,31.72
fold2_room1_mix0322,20,4,0,4,0,32.07
fold2_room1_mix0322,21,4,0,4,0,32.36
fold2_room1_mix0322,22,4,0,4,0,33.60
fold2_room1_mix0322,23,4,0,4,0,33.31
fold2_room1_mix0322,24,4,0,4,0,32.62
fold2_room1_mix0322,25,4,0,5,0,36.56
fold2_room1_mix0322,26,4,0,4,0,36.03
fold2_room1_mix0322,27,4,0,4,0,40.18
fold2_room1_mix0322,28,4,0,5,0,40.77
fold2_room1_mix0322,29,4,0,5,0,39.62
fold2_room1_mix0322,30,4,0,6,0,44.33
fold2_room1_mix0322,31,4,0,7,0,45.06
fold2_room1_mix0322,32,4,0,5,0,43.88
fold2_room1_mix0322,33,4,0,6,0,45.51
fold2_room1_mix0322,34,4,0,7,0,47.43
fold2_room1_mix0322,35,4,0,6,0,47.14
fold2_room1_mix0322,36,4,0,6,0,49.51
fold2_room1_mix0322,37,4,0,8,0,50.75
fold2_room1_mix0322,38,4,0,7,0,51.80
fold2_room1_mix0322,39,4,0,7,0,52.47
fold2_room1_mix0322,40,4,0,7,0,50.73
fold2_room1_mix0322,41,4,0,7,0,48.84
fold2_room1_mix0322,42,4,0,7,0,50.88
fold2_room1_mix0322,43,4,0,7,0,48.98
fold2_room1_mix0322,44,4,0,7,0,48.03
fold2_room1_mix0322,45,4,0,7,0,47.49
fold2_room1_mix0322,46,4,0,6,0,46.57
fold2_room1_mix0322,47,4,0,8,0,48.73
fold2_room1_mix0322,48,4,0,7,0,46.31
fold2_room1_mix0322,49,4,0,7,0,43.14
fold2_room1_mix0322,50,4,0,7,0,42.69
fold2_room1_mix0322,51,4,0,7,0,42.89
fold2_room1_mix0322,52,4,0,7,0,39.03
fold2_room1_mix0322,53,4,0,7,0,37.49
fold2_room1_mix0322,54,4,0,7,0,37.62
fold2_room1_mix0322,55,4,0,7,0,35.11
fold2_room1_mix0322,56,4,0,6,0,34.83
fold2_room1_mix0322,57,4,0,6,0,34.27
fold2_room1_mix0322,58,4,0,5,0,33.44
fold2_room1_mix0322,59,4,0,4,0,32.72
fold2_room1_mix0322,60,4,0,5,-1,32.70
fold2_room1_mix0322,61,4,0,5,0,31.12
fold2_room1_mix0322,62,4,0,6,-1,28.13
fold2_room1_mix0322,63,4,0,6,-1,27.63
fold2_room1_mix0322,64,4,0,6,-1,25.52
fold2_room1_mix0322,65,4,0,6,-1,23.96
fold2_room1_mix0322,66,4,0,6,-1,22.77
fold2_room1_mix0322,67,4,0,6,-1,22.49
fold2_room1_mix0322,68,4,0,7,-1,21.11
fold2_room1_mix0322,69,4,0,7,-1,20.04
fold2_room1_mix0322,70,4,0,8,-1,18.88
fold2_room1_mix0322,71,4,0,8,-1,18.16
fold2_room1_mix0322,72,4,0,9,-1,16.41
fold2_room1_mix0322,73,4,0,9,-2,15.29
fold2_room1_mix0322,74,4,0,10,-2,14.17
fold2_room1_mix0322,75,4,0,10,-3,12.83
fold2_room1_mix0322,76,4,0,11,-3,12.15
fold2_room1_mix0322,77,4,0,11,-3,10.46
fold2_room1_mix0322,78,4,0,13,-4,9.44
fold2_room1_mix0322,79,4,0,14,-4,8.62
fold2_room1_mix0322,80,4,0,16,-5,7.36
fold2_room1_mix0322,81,4,0,17,-6,5.96
fold2_room1_mix0322,82,4,0,21,-7,4.80
fold2_room1_mix0322,83,4,0,25,-8,4.13
fold2_room1_mix0322,84,4,0,29,-10,3.63
fold2_room1_mix0322,85,4,0,38,-14,2.86
fold2_room1_mix0322,86,4,0,54,-17,2.43
fold2_room1_mix0322,87,4,0,75,-21,2.14
fold2_room1_mix0322,88,4,0,108,-21,2.28
fold2_room1_mix0322,89,4,0,128,-16,2.63
fold2_room1_mix0322,90,4,0,141,-11,3.27
fold2_room1_mix0322,91,4,0,151,-9,4.13
fold2_room1_mix0322,92,4,0,154,-8,4.83
fold2_room1_mix0322,93,4,0,159,-7,5.61
fold2_room1_mix0322,94,4,0,164,-5,6.47
fold2_room1_mix0322,95,4,0,165,-5,7.34
fold2_room1_mix0322,96,4,0,167,-5,8.13
fold2_room1_mix0322,97,4,0,169,-4,8.84
fold2_room1_mix0322,98,4,0,169,-3,9.89
fold2_room1_mix0322,99,4,0,170,-3,10.76
fold2_room1_mix0323,5,4,0,-4,0,8.43
fold2_room1_mix0323,6,4,0,-4,0,13.60
fold2_room1_mix0323,7,4,0,-4,0,15.83
fold2_room1_mix0323,8,4,0,-3,0,24.13
fold2_room1_mix0323,9,4,0,-4,0,25.67
fold2_room1_mix0323,10,4,0,-4,-1,29.18
fold2_room1_mix0323,11,4,0,-3,-1,32.02
fold2_room1_mix0323,12,4,0,-4,0,30.50
fold2_room1_mix0323,13,4,0,-3,-1,35.92
fold2_room1_mix0323,14,4,0,-3,0,33.75
fold2_room1_mix0323,15,4,0,-4,0,37.08
fold2_room1_mix0323,16,4,0,-4,0,32.51
fold2_room1_mix0323,17,4,0,-5,-1,37.47
fold2_room1_mix0323,18,4,0,-5,0,38.69
fold2_room1_mix0323,19,4,0,-6,0,39.55
fold2_room1_mix0323,20,4,0,-5,0,39.80
fold2_room1_mix0323,21,4,0,-6,0,41.45
fold2_room1_mix0323,22,4,0,-6,0,40.30
fold2_room1_mix0323,23,4,0,-6,0,41.36
fold2_room1_mix0323,24,4,0,-5,0,41.10
fold2_room1_mix0323,25,4,0,-7,0,42.08
fold2_room1_mix0323,26,4,0,-7,0,43.22
fold2_room1_mix0323,27,4,0,-7,0,44.17
fold2_room1_mix0323,28,4,0,-8,0,44.96
fold2_room1_mix0323,29,4,0,-9,0,42.81
fold2_room1_mix0323,30,4,0,-9,0,44.88
fold2_room1_mix0323,31,4,0,-9,0,44.38
fold2_room1_mix0323,32,4,0,-10,0,44.12
fold2_room1_mix0323,33,4,0,-11,0,45.57
fold2_room1_mix0323,34,4,0,-9,0,45.42
fold2_room1_mix0323,35,4,0,-11,0,43.60
fold2_room1_mix0323,36,4,0,-11,0,43.92
fold2_room1_mix0323,37,4,0,-12,0,44.50
fold2_room1_mix0323,38,4,0,-13,0,42.45
fold2_room1_mix0323,39,4,0,-12,0,42.13
fold2_room1_mix0323,40,4,0,-13,0,42.03
fold2_room1_mix0323,41,4,0,-14,0,41.40
fold2_room1_mix0323,42,4,0,-14,0,40.63
fold2_room1_mix0323,43,4,0,-15,0,39.25
fold2_room1_mix0323,44,4,0,-15,0,37.25
fold2_room1_mix0323,45,4,0,-15,0,36.31
fold2_room1_mix0323,46,4,0,-15,0,36.36
fold2_room1_mix0323,47,4,0,-15,0,34.31
fold2_room1_mix0323,48,4,0,-17,0,32.32
fold2_room1_mix0323,49,4,0,-17,0,31.87
fold2_room1_mix0323,50,4,0,-18,0,30.61
fold2_room1_mix0323,51,4,0,-19,0,30.62
fold2_room1_mix0323,52,4,0,-21,0,29.26
fold2_room1_mix0323,53,4,0,-21,0,28.96
fold2_room1_mix0323,54,4,0,-23,-1,27.41
fold2_room1_mix0323,55,4,0,-24,0,26.76
fold2_room1_mix0323,56,4,0,-23,0,26.50
fold2_room1_mix0323,57,4,0,-25,-1,25.34
fold2_room1_mix0323,58,4,0,-26,-1,24.21
fold2_room1_mix0323,59,4,0,-27,-1,23.43
fold2_room1_mix0323,60,4,0,-29,-1,22.57
fold2_room1_mix0323,61,4,0,-29,-1,20.98
fold2_room1_mix0323,62,4,0,-31,-1,19.78
fold2_room1_mix0323,63,4,0,-33,-1,19.18
fold2_room1_mix0323,64,4,0,-33,-1,18.74
fold2_room1_mix0323,65,4,0,-34,-1,17.98
fold2_room1_mix0323,66,4,0,-38,-1,16.67
fold2_room1_mix0323,67,4,0,-38,-1,16.40
fold2_room1_mix0323,68,4,0,-41,-1,15.50
fold2_room1_mix0323,69,4,0,-45,-1,15.03
fold2_room1_mix0323,70,4,0,-47,-2,13.79
fold2_room1_mix0323,71,4,0,-51,-2,12.83
fold2_room1_mix0323,72,4,0,-52,-2,12.74
fold2_room1_mix0323,73,4,0,-55,-3,12.02
fold2_room1_mix0323,74,4,0,-59,-3,10.89
fold2_room1_mix0323,75,4,0,-63,-3,10.57
fold2_room1_mix0323,76,4,0,-64,-3,10.57
fold2_room1_mix0323,77,4,0,-68,-3,10.10
fold2_room1_mix0323,78,4,0,-74,-3,9.96
fold2_room1_mix0323,79,4,0,-79,-3,9.91
fold2_room1_mix0323,80,4,0,-83,-4,9.20
fold2_room1_mix0323,81,4,0,-87,-4,9.22
fold2_room1_mix0323,82,4,0,-93,-3,9.68
fold2_room1_mix0323,83,4,0,-98,-3,9.52
fold2_room1_mix0323,84,4,0,-104,-4,10.28
fold2_room1_mix0323,85,4,0,-109,-3,10.88
fold2_room1_mix0323,86,4,0,-115,-3,10.89
fold2_room1_mix0323,87,4,0,-119,-3,11.43
fold2_room1_mix0323,88,4,0,-123,-3,12.00
fold2_room1_mix0323,89,4,0,-126,-3,12.33
fold2_room1_mix0323,90,4,0,-129,-3,13.01
fold2_room1_mix0323,91,4,0,-131,-3,13.46
fold2_room1_mix0323,92,4,0,-132,-3,13.70
fold2_room1_mix0323,93,4,0,-133,-2,14.12
fold2_room1_mix0323,94,4,0,-135,-2,14.79
fold2_room1_mix0323,95,4,0,-137,-2,15.57
fold2_room1_mix0323,96,4,0,-139,-2,16.28
fold2_room1_mix0323,97,4,0,-141,-1,17.55
fold2_room1_mix0323,98,4,0,-142,-1,18.09
fold2_room1_mix0323,99,4,0,-143,-2,18.08
fold2_room1_mix0323,2,4,0,-6,0,1.15
fold2_room1_mix0323,4,4,0,-4,0,1.95
fold2_room1_mix0324,5,4,0,179,0,1.79
fold2_room1_mix0324,7,4,0,-179,0,6.27
fold2_room1_mix0324,8,4,0,179,0,10.94
fold2_room1_mix0324,9,4,0,179,0,13.42
fold2_room1_mix0324,10,4,0,179,0,25.60
fold2_room1_mix0324,11,4,0,179,0,16.06
fold2_room1_mix0324,12,4,0,-179,0,18.44
fold2_room1_mix0324,13,4,0,179,0,23.75
fold2_room1_mix0324,14,4,0,178,0,27.78
fold2_room1_mix0324,15,4,0,179,0,19.99
fold2_room1_mix0324,16,4,0,-179,0,22.94
fold2_room1_mix0324,17,4,0,-179,0,26.26
fold2_room1_mix0324,18,4,0,178,0,24.01
fold2_room1_mix0324,19,4,0,179,0,14.94
fold2_room1_mix0324,20,4,0,179,0,33.56
fold2_room1_mix0324,21,4,0,178,0,21.37
fold2_room1_mix0324,22,4,0,-179,0,27.32
fold2_room1_mix0324,23,4,0,179,0,29.98
fold2_room1_mix0324,24,4,0,-179,0,32.88
fold2_room1_mix0324,25,4,0,179,0,25.94
fold2_room1_mix0324,26,4,0,-179,0,33.00
fold2_room1_mix0324,27,4,0,179,0,33.81
fold2_room1_mix0324,28,4,0,179,0,34.04
fold2_room1_mix0324,29,4,0,179,0,37.92
fold2_room1_mix0324,30,4,0,-179,0,34.78
fold2_room1_mix0324,31,4,0,-179,0,33.43
fold2_room1_mix0324,32,4,0,-179,0,34.90
fold2_room1_mix0324,33,4,0,-179,0,38.19
fold2_room1_mix0324,34,4,0,179,0,40.58
fold2_room1_mix0324,35,4,0,-178,0,39.48
fold2_room1_mix0324,36,4,0,-179,0,41.60
fold2_room1_mix0324,37,4,0,179,0,42.50
fold2_room1_mix0324,38,4,0,-178,0,40.62
fold2_room1_mix0324,39,4,0,-178,0,44.19
fold2_room1_mix0324,40,4,0,-179,0,42.97
fold2_room1_mix0324,41,4,0,179,0,43.96
fold2_room1_mix0324,42,4,0,-179,0,45.60
fold2_room1_mix0324,43,4,0,-177,0,45.98
fold2_room1_mix0324,44,4,0,-178,0,45.65
fold2_room1_mix0324,45,4,0,-178,0,45.32
fold2_room1_mix0324,46,4,0,-177,0,44.49
fold2_room1_mix0324,47,4,0,-177,0,44.76
fold2_room1_mix0324,48,4,0,-175,0,43.14
fold2_room1_mix0324,49,4,0,-178,0,44.37
fold2_room1_mix0324,50,4,0,-177,0,41.34
fold2_room1_mix0324,51,4,0,-176,0,40.31
fold2_room1_mix0324,52,4,0,-175,0,39.02
fold2_room1_mix0324,53,4,0,-175,0,37.97
fold2_room1_mix0324,54,4,0,-174,0,35.78
fold2_room1_mix0324,55,4,0,-175,0,35.52
fold2_room1_mix0324,56,4,0,-176,0,33.64
fold2_room1_mix0324,57,4,0,-175,0,33.89
fold2_room1_mix0324,58,4,0,-174,0,33.68
fold2_room1_mix0324,59,4,0,-174,0,32.62
fold2_room1_mix0324,60,4,0,-174,0,31.37
fold2_room1_mix0324,61,4,0,-173,0,29.40
fold2_room1_mix0324,62,4,0,-173,0,28.14
fold2_room1_mix0324,63,4,0,-173,0,26.13
fold2_room1_mix0324,64,4,0,-173,0,24.39
fold2_room1_mix0324,65,4,0,-172,-1,23.59
fold2_room1_mix0324,66,4,0,-172,-1,23.08
fold2_room1_mix0324,67,4,0,-172,-1,21.54
fold2_room1_mix0324,68,4,0,-172,-1,19.64
fold2_room1_mix0324,69,4,0,-170,-1,17.84
fold2_room1_mix0324,70,4,0,-169,-1,17.37
fold2_room1_mix0324,71,4,0,-169,-1,16.13
fold2_room1_mix0324,72,4,0,-169,-2,14.17
fold2_room1_mix0324,73,4,0,-166,-2,13.23
fold2_room1_mix0324,74,4,0,-166,-2,11.75
fold2_room1_mix0324,75,4,0,-164,-3,9.91
fold2_room1_mix0324,76,4,0,-162,-3,9.78
fold2_room1_mix0324,77,4,0,-160,-4,8.36
fold2_room1_mix0324,78,4,0,-159,-4,7.61
fold2_room1_mix0324,79,4,0,-154,-5,6.21
fold2_room1_mix0324,80,4,0,-149,-6,4.75
fold2_room1_mix0324,81,4,0,-144,-8,4.10
fold2_room1_mix0324,82,4,0,-135,-10,3.04
fold2_room1_mix0324,83,4,0,-119,-12,2.77
fold2_room1_mix0324,84,4,0,-95,-13,2.57
fold2_room1_mix0324,85,4,0,-68,-11,2.45
fold2_room1_mix0324,86,4,0,-49,-7,2.96
fold2_room1_mix0324,87,4,0,-39,-6,3.88
fold2_room1_mix0324,88,4,0,-31,-6,4.64
fold2_room1_mix0324,89,4,0,-26,-5,5.97
fold2_room1_mix0324,90,4,0,-21,-4,6.80
fold2_room1_mix0324,91,4,0,-16,-3,7.99
fold2_room1_mix0324,92,4,0,-13,-3,8.91
fold2_room1_mix0324,93,4,0,-12,-3,9.83
fold2_room1_mix0324,94,4,0,-11,-2,11.11
fold2_room1_mix0324,95,4,0,-10,-2,12.18
fold2_room1_mix0324,96,4,0,-9,-2,13.48
fold2_room1_mix0324,97,4,0,-8,-2,14.17
fold2_room1_mix0324,98,4,0,-8,-2,14.79
fold2_room1_mix0324,99,4,0,-6,-2,16.61
fold2_room1_mix0326,3,4,0,-178,0,2.29
fold2_room1_mix0326,4,4,0,178,0,6.02
fold2_room1_mix0326,5,4,0,178,0,18.07
fold2_room1_mix0326,6,4,0,177,0,22.61
fold2_room1_mix0326,7,4,0,179,0,22.75
fold2_room1_mix0326,8,4,0,179,0,30.75
fold2_room1_mix0326,9,4,0,176,0,34.09
fold2_room1_mix0326,10,4,0,177,0,31.84
fold2_room1_mix0326,11,4,0,178,0,38.25
fold2_room1_mix0326,12,4,0,178,0,35.59
fold2_room1_mix0326,13,4,0,179,0,37.34
fold2_room1_mix0326,14,4,0,179,0,37.10
fold2_room1_mix0326,15,4,0,-178,0,37.24
fold2_room1_mix0326,16,4,0,-178,0,37.89
fold2_room1_mix0326,17,4,0,-178,0,37.19
fold2_room1_mix0326,18,4,0,-178,0,36.82
fold2_room1_mix0326,19,4,0,-176,0,34.21
fold2_room1_mix0326,20,4,0,-178,0,35.51
fold2_room1_mix0326,21,4,0,-178,0,35.86
fold2_room1_mix0326,22,4,0,-176,0,31.40
fold2_room1_mix0326,23,4,0,-178,0,32.34
fold2_room1_mix0326,24,4,0,-178,0,33.15
fold2_room1_mix0326,25,4,0,-179,0,32.60
fold2_room1_mix0326,26,4,0,-178,0,31.64
fold2_room1_mix0326,27,4,0,-178,0,33.00
fold2_room1_mix0326,28,4,0,-177,0,31.33
fold2_room1_mix0326,29,4,0,-178,0,31.67
fold2_room1_mix0326,30,4,0,-179,0,32.63
fold2_room1_mix0326,31,4,0,-178,0,31.12
fold2_room1_mix0326,32,4,0,-178,0,30.42
fold2_room1_mix0326,33,4,0,179,0,30.05
fold2_room1_mix0326,34,4,0,-178,0,30.17
fold2_room1_mix0326,35,4,0,-179,0,30.38
fold2_room1_mix0326,36,4,0,179,0,28.95
fold2_room1_mix0326,37,4,0,-179,0,29.83
fold2_room1_mix0326,38,4,0,179,0,27.76
fold2_room1_mix0326,39,4,0,-179,0,28.31
fold2_room1_mix0326,40,4,0,178,0,27.11
fold2_room1_mix0326,41,4,0,178,0,25.59
fold2_room1_mix0326,42,4,0,178,0,26.09
fold2_room1_mix0326,43,4,0,179,0,25.55
fold2_room1_mix0326,44,4,0,179,0,24.02
fold2_room1_mix0326,45,4,0,179,0,23.28
fold2_room1_mix0326,46,4,0,179,0,23.51
fold2_room1_mix0326,47,4,0,-179,0,23.13
fold2_room1_mix0326,48,4,0,178,0,22.95
fold2_room1_mix0326,49,4,0,179,0,22.56
fold2_room1_mix0326,50,4,0,179,-1,21.74
fold2_room1_mix0326,51,4,0,178,0,21.65
fold2_room1_mix0326,52,4,0,176,-1,21.02
fold2_room1_mix0326,53,4,0,177,-1,20.63
fold2_room1_mix0326,54,4,0,176,-1,19.85
fold2_room1_mix0326,55,4,0,178,-1,19.20
fold2_room1_mix0326,56,4,0,177,-1,18.44
fold2_room1_mix0326,57,4,0,177,-1,17.88
fold2_room1_mix0326,58,4,0,178,-1,16.39
fold2_room1_mix0326,59,4,0,178,-1,16.58
fold2_room1_mix0326,60,4,0,177,-2,15.67
fold2_room1_mix0326,61,4,0,178,-2,15.05
fold2_room1_mix0326,62,4,0,177,-2,14.03
fold2_room1_mix0326,63,4,0,176,-2,14.00
fold2_room1_mix0326,64,4,0,177,-2,13.92
fold2_room1_mix0326,65,4,0,178,-2,12.53
fold2_room1_mix0326,66,4,0,177,-2,12.16
fold2_room1_mix0326,67,4,0,178,-2,12.03
fold2_room1_mix0326,68,4,0,176,-2,11.59
fold2_room1_mix0326,69,4,0,177,-3,11.00
fold2_room1_mix0326,70,4,0,177,-3,10.45
fold2_room1_mix0326,71,4,0,177,-3,9.93
fold2_room1_mix0326,72,4,0,176,-3,9.54
fold2_room1_mix0326,73,4,0,177,-4,8.77
fold2_room1_mix0326,74,4,0,176,-4,7.78
fold2_room1_mix0326,75,4,0,176,-4,7.62
fold2_room1_mix0326,76,4,0,175,-4,6.67
fold2_room1_mix0326,77,4,0,175,-5,5.91
fold2_room1_mix0326,78,4,0,172,-5,5.39
fold2_room1_mix0326,79,4,0,171,-6,5.10
fold2_room1_mix0326,80,4,0,169,-7,4.11
fold2_room1_mix0326,81,4,0,167,-7,3.43
fold2_room1_mix0326,82,4,0,161,-9,2.74
fold2_room1_mix0326,83,4,0,156,-9,2.11
fold2_room1_mix0326,84,4,0,148,-10,1.49
fold2_room1_mix0326,85,4,0,128,-12,1.22
fold2_room1_mix0326,86,4,0,85,-15,1.10
fold2_room1_mix0326,87,4,0,49,-9,1.07
fold2_room1_mix0326,88,4,0,31,-5,1.52
fold2_room1_mix0326,89,4,0,20,-4,2.10
fold2_room1_mix0326,90,4,0,19,-4,2.52
fold2_room1_mix0326,91,4,0,14,-3,3.20
fold2_room1_mix0326,92,4,0,12,-4,3.83
fold2_room1_mix0326,93,4,0,10,-3,4.13
fold2_room1_mix0326,94,4,0,7,-2,4.79
fold2_room1_mix0326,95,4,0,7,-2,4.92
fold2_room1_mix0326,96,4,0,6,-2,5.84
fold2_room1_mix0326,97,4,0,7,-2,6.11
fold2_room1_mix0326,98,4,0,6,-2,6.77
fold2_room1_mix0326,99,4,0,5,-2,7.31
fold2_room1_mix0327,46,0,0,-26,-1,4.86
fold2_room1_mix0327,47,0,0,-33,-2,6.86
fold2_room1_mix0327,48,0,0,-36,-2,8.87
fold2_room1_mix0327,49,0,0,-35,-2,11.34
fold2_room1_mix0327,50,0,0,-33,-2,12.25
fold2_room1_mix0327,51,0,0,-32,-2,13.86
fold2_room1_mix0327,52,0,0,-30,-2,14.27
fold2_room1_mix0327,53,0,0,-29,-2,14.24
fold2_room1_mix0327,54,0,0,-27,-2,15.97
fold2_room1_mix0327,55,0,0,-24,-2,16.02
fold2_room1_mix0327,56,0,0,-23,-2,15.31
fold2_room1_mix0327,57,0,0,-23,-2,16.82
fold2_room1_mix0327,58,0,0,-23,-2,17.07
fold2_room1_mix0327,59,0,0,-25,-2,16.60
fold2_room1_mix0327,60,0,0,-27,-2,16.89
fold2_room1_mix0327,61,0,0,-26,-2,19.23
fold2_room1_mix0327,62,0,0,-23,-1,21.32
fold2_room1_mix0327,63,0,0,-23,-1,21.95
fold2_room1_mix0327,64,0,0,-21,-1,23.43
fold2_room1_mix0327,65,0,0,-19,-1,23.21
fold2_room1_mix0327,66,0,0,-17,-1,26.18
fold2_room1_mix0327,67,0,0,-15,-1,29.08
fold2_room1_mix0327,68,0,0,-16,-1,29.66
fold2_room1_mix0327,69,0,0,-17,-1,27.81
fold2_room1_mix0327,70,0,0,-19,-1,29.43
fold2_room1_mix0327,71,0,0,-18,-1,27.78
fold2_room1_mix0327,72,0,0,-17,-1,29.13
fold2_room1_mix0327,72,4,0,-34,-4,7.48
fold2_room1_mix0327,73,0,0,-18,-1,28.92
fold2_room1_mix0327,73,4,0,-27,-4,6.38
fold2_room1_mix0327,74,0,0,-15,-1,33.14
fold2_room1_mix0327,74,4,0,-30,-4,6.07
fold2_room1_mix0327,75,0,0,-13,-1,33.12
fold2_room1_mix0327,75,4,0,-26,-4,7.98
fold2_room1_mix0327,76,0,0,-13,-1,34.59
fold2_room1_mix0327,76,4,0,-22,-5,8.13
fold2_room1_mix0327,77,0,0,-13,-1,32.80
fold2_room1_mix0327,77,4,0,-25,-6,7.58
fold2_room1_mix0327,78,0,0,-12,-1,32.48
fold2_room1_mix0327,78,4,0,-33,-9,5.86
fold2_room1_mix0327,79,0,0,-11,-1,36.21
fold2_room1_mix0327,79,4,0,-37,-11,5.54
fold2_room1_mix0327,80,0,0,-15,-1,31.46
fold2_room1_mix0327,80,4,0,-51,-17,3.74
fold2_room1_mix0327,81,0,0,-12,-1,33.36
fold2_room1_mix0327,81,4,0,-62,-15,3.31
fold2_room1_mix0327,82,0,0,-15,-1,34.12
fold2_room1_mix0327,82,4,0,-92,-19,3.43
fold2_room1_mix0327,83,0,0,-19,-1,30.36
fold2_room1_mix0327,83,4,0,-121,-14,3.39
fold2_room1_mix0327,84,0,0,-22,-1,26.35
fold2_room1_mix0327,84,4,0,-131,-13,3.67
fold2_room1_mix0327,85,0,0,-15,-1,31.84
fold2_room1_mix0327,85,4,0,-143,-10,4.73
fold2_room1_mix0327,86,0,0,-18,-1,32.84
fold2_room1_mix0327,86,4,0,-149,-8,5.30
fold2_room1_mix0327,87,0,0,-13,-1,27.94
fold2_room1_mix0327,87,4,0,-151,-7,5.51
fold2_room1_mix0327,88,0,0,-11,-1,28.49
fold2_room1_mix0327,88,4,0,-154,-7,6.53
fold2_room1_mix0327,89,0,0,-11,0,21.63
fold2_room1_mix0327,89,4,0,-157,-5,7.14
fold2_room1_mix0327,90,0,0,-9,-1,19.90
fold2_room1_mix0327,90,4,0,-158,-5,7.26
fold2_room1_mix0327,91,0,0,-8,0,8.78
fold2_room1_mix0327,91,4,0,-158,-5,8.06
fold2_room1_mix0327,92,0,0,-9,0,22.03
fold2_room1_mix0327,92,4,0,-161,-5,5.76
fold2_room1_mix0327,93,0,0,-8,0,8.82
fold2_room1_mix0327,93,4,0,-152,-4,5.56
fold2_room1_mix0328,28,0,0,-9,-1,4.45
fold2_room1_mix0328,29,0,0,-11,-1,8.78
fold2_room1_mix0328,30,0,0,-13,-1,13.13
fold2_room1_mix0328,31,0,0,-13,-1,24.64
fold2_room1_mix0328,32,0,0,-13,-1,31.80
fold2_room1_mix0328,33,0,0,-16,-1,28.31
fold2_room1_mix0328,34,0,0,-16,-1,30.25
fold2_room1_mix0328,35,0,0,-17,-1,27.30
fold2_room1_mix0328,36,0,0,-17,-1,28.04
fold2_room1_mix0328,37,0,0,-17,-1,29.43
fold2_room1_mix0328,38,0,0,-17,-1,25.57
fold2_room1_mix0328,39,0,0,-15,-1,26.96
fold2_room1_mix0328,40,0,0,-18,-2,22.28
fold2_room1_mix0328,41,0,0,-18,-2,20.55
fold2_room1_mix0328,42,0,0,-20,-2,19.01
fold2_room1_mix0328,43,0,0,-20,-2,21.29
fold2_room1_mix0328,44,0,0,-20,-2,18.23
fold2_room1_mix0328,45,0,0,-21,-2,18.32
fold2_room1_mix0328,46,0,0,-23,-2,17.00
fold2_room1_mix0328,47,0,0,-24,-2,14.68
fold2_room1_mix0328,48,0,0,-26,-3,13.08
fold2_room1_mix0328,49,0,0,-27,-3,12.78
fold2_room1_mix0328,50,0,0,-32,-3,10.96
fold2_room1_mix0328,51,0,0,-33,-3,11.65
fold2_room1_mix0328,52,0,0,-40,-4,9.96
fold2_room1_mix0328,53,0,0,-44,-4,9.16
fold2_room1_mix0328,54,0,0,-46,-4,8.33
fold2_room1_mix0328,55,0,0,-54,-5,7.57
fold2_room1_mix0328,56,0,0,-65,-6,7.03
fold2_room1_mix0328,57,0,0,-73,-6,7.05
fold2_room1_mix0328,58,0,0,-84,-6,6.73
fold2_room1_mix0328,59,0,0,-98,-6,6.73
fold2_room1_mix0328,60,0,0,-111,-6,6.85
fold2_room1_mix0328,61,0,0,-119,-6,6.98
fold2_room1_mix0328,62,0,0,-128,-5,7.93
fold2_room1_mix0328,63,0,0,-136,-4,9.19
fold2_room1_mix0328,64,0,0,-142,-4,10.57
fold2_room1_mix0328,65,0,0,-146,-4,11.50
fold2_room1_mix0328,66,0,0,-150,-3,12.38
fold2_room1_mix0328,67,0,0,-159,-3,14.82
fold2_room1_mix0328,68,0,0,-163,-3,14.33
fold2_room1_mix0328,69,0,0,-163,-3,13.70
fold2_room1_mix0328,70,0,0,-164,-3,14.71
fold2_room1_mix0328,71,0,0,-164,-3,14.99
fold2_room1_mix0328,72,0,0,-165,-2,16.25
fold2_room1_mix0328,73,0,0,-167,-2,17.82
fold2_room1_mix0328,74,0,0,-169,-2,20.02
fold2_room1_mix0328,75,0,0,-169,-2,21.70
fold2_room1_mix0328,76,0,0,-170,-2,22.79
fold2_room1_mix0328,77,0,0,-173,-2,25.80
fold2_room1_mix0328,77,2,0,124,-7,2.53
fold2_room1_mix0328,78,0,0,-174,-2,22.99
fold2_room1_mix0328,79,0,0,-177,-2,24.17
fold2_room1_mix0328,80,0,0,-178,-2,23.67
fold2_room1_mix0328,81,0,0,179,-2,21.59
fold2_room1_mix0328,82,0,0,-179,-2,23.77
fold2_room1_mix0328,83,0,0,-179,-1,27.47
fold2_room1_mix0328,84,0,0,179,-1,25.74
fold2_room1_mix0328,85,0,0,179,-1,27.57
fold2_room1_mix0328,86,0,0,179,-1,29.75
fold2_room1_mix0328,87,0,0,178,-1,29.28
fold2_room1_mix0328,88,0,0,178,-1,30.81
fold2_room1_mix0328,89,0,0,-179,-1,32.76
fold2_room1_mix0328,90,0,0,179,-1,32.65
fold2_room1_mix0328,91,0,0,179,-1,31.25
fold2_room1_mix0328,92,0,0,179,0,9.43
fold2_room1_mix0328,93,0,0,179,0,6.15
fold2_room1_mix0328,26,0,0,-5,-1,2.76
fold2_room1_mix0329,0,5,0,138,2,4.68
fold2_room1_mix0329,2,5,0,119,2,12.89
fold2_room1_mix0329,3,5,0,118,2,10.94
fold2_room1_mix0329,5,5,0,99,1,14.86
fold2_room1_mix0329,6,5,0,104,1,17.16
fold2_room1_mix0329,7,5,0,95,1,15.31
fold2_room1_mix0329,8,5,0,102,2,12.75
fold2_room1_mix0329,9,5,0,101,1,15.90
fold2_room1_mix0329,10,5,0,103,1,16.55
fold2_room1_mix0329,11,5,0,96,2,13.68
fold2_room1_mix0329,12,5,0,101,2,14.16
fold2_room1_mix0329,13,5,0,102,2,13.88
fold2_room1_mix0329,14,5,0,91,2,15.25
fold2_room1_mix0329,15,5,0,93,3,12.60
fold2_room1_mix0329,16,5,0,101,2,12.78
fold2_room1_mix0329,17,5,0,96,2,13.49
fold2_room1_mix0329,18,4,0,-4,-1,9.10
fold2_room1_mix0329,18,5,0,87,1,15.01
fold2_room1_mix0329,19,3,0,134,-5,11.10
fold2_room1_mix0329,19,4,0,-4,-2,15.66
fold2_room1_mix0329,19,5,0,94,2,14.88
fold2_room1_mix0329,20,3,0,141,-4,16.49
fold2_room1_mix0329,20,4,0,0,-2,10.89
fold2_room1_mix0329,20,5,0,101,2,14.71
fold2_room1_mix0329,21,3,0,135,-4,14.42
fold2_room1_mix0329,21,4,0,-2,-2,12.84
fold2_room1_mix0329,21,5,0,105,2,14.88
fold2_room1_mix0329,22,3,0,135,-4,13.58
fold2_room1_mix0329,22,4,0,-4,-3,16.74
fold2_room1_mix0329,22,5,0,100,2,15.76
fold2_room1_mix0329,23,3,0,125,-4,11.10
fold2_room1_mix0329,23,4,0,-5,-4,13.63
fold2_room1_mix0329,23,5,0,96,2,15.29
fold2_room1_mix0329,24,3,0,125,-4,13.85
fold2_room1_mix0329,24,4,0,-4,-4,13.01
fold2_room1_mix0329,24,5,0,103,1,15.38
fold2_room1_mix0329,25,4,0,-5,-2,12.67
fold2_room1_mix0329,25,5,0,105,2,13.96
fold2_room1_mix0329,26,3,0,127,-4,14.18
fold2_room1_mix0329,26,4,0,-5,-3,13.42
fold2_room1_mix0329,26,5,0,91,2,14.48
fold2_room1_mix0329,27,3,0,126,-4,9.36
fold2_room1_mix0329,27,4,0,-4,-4,12.91
fold2_room1_mix0329,27,5,0,102,2,13.88
fold2_room1_mix0329,28,3,0,123,-4,10.92
fold2_room1_mix0329,28,4,0,-6,-4,10.18
fold2_room1_mix0329,28,5,0,98,2,15.02
fold2_room1_mix0329,29,3,0,116,-4,9.07
fold2_room1_mix0329,29,4,0,-9,-4,11.46
fold2_room1_mix0329,29,5,0,104,2,15.48
fold2_room1_mix0329,30,3,0,124,-4,9.84
fold2_room1_mix0329,30,4,0,-10,-4,10.73
fold2_room1_mix0329,30,5,0,103,2,15.03
fold2_room1_mix0329,31,3,0,107,-5,8.60
fold2_room1_mix0329,31,4,0,-12,-3,9.24
fold2_room1_mix0329,31,5,0,103,2,16.63
fold2_room1_mix0329,32,3,0,116,-5,5.00
fold2_room1_mix0329,32,4,0,-11,-4,8.85
fold2_room1_mix0329,32,5,0,107,2,15.13
fold2_room1_mix0329,33,4,0,-168,-4,12.24
fold2_room1_mix0329,33,4,0,-15,-5,7.29
fold2_room1_mix0329,33,5,0,106,3,14.84
fold2_room1_mix0329,34,3,0,109,-5,4.14
fold2_room1_mix0329,34,4,0,-166,-3,12.60
fold2_room1_mix0329,34,4,0,-15,-5,6.95
fold2_room1_mix0329,34,5,0,86,2,15.36
fold2_room1_mix0329,35,4,0,-164,-5,9.12
fold2_room1_mix0329,35,4,0,-12,-5,6.14
fold2_room1_mix0329,35,5,0,90,2,15.73
fold2_room1_mix0329,36,4,0,-167,-3,9.61
fold2_room1_mix0329,36,4,0,-13,-6,5.14
fold2_room1_mix0329,36,5,0,103,3,14.90
fold2_room1_mix0329,37,4,0,-169,-3,11.11
fold2_room1_mix0329,37,4,0,-14,-6,5.75
fold2_room1_mix0329,37,5,0,101,2,14.71
fold2_room1_mix0329,38,3,0,76,-4,9.03
fold2_room1_mix0329,38,4,0,-171,-2,11.19
fold2_room1_mix0329,38,4,0,-16,-5,5.04
fold2_room1_mix0329,38,5,0,100,3,14.91
fold2_room1_mix0329,39,3,0,90,-5,6.74
fold2_room1_mix0329,39,4,0,-168,-3,10.10
fold2_room1_mix0329,39,4,0,-17,-7,4.67
fold2_room1_mix0329,39,5,0,90,3,15.16
fold2_room1_mix0329,40,3,0,83,-5,9.20
fold2_room1_mix0329,40,4,0,-167,-2,12.03
fold2_room1_mix0329,40,4,0,-18,-6,4.86
fold2_room1_mix0329,40,5,0,98,3,13.13
fold2_room1_mix0329,41,4,0,-168,-3,9.67
fold2_room1_mix0329,41,4,0,-17,-6,4.23
fold2_room1_mix0329,41,5,0,103,3,13.87
fold2_room1_mix0329,42,4,0,-166,-3,9.29
fold2_room1_mix0329,42,4,0,-19,-8,3.62
fold2_room1_mix0329,42,5,0,84,2,15.85
fold2_room1_mix0329,43,3,0,67,-5,9.28
fold2_room1_mix0329,43,4,0,-165,-4,9.47
fold2_room1_mix0329,43,4,0,-25,-11,3.10
fold2_room1_mix0329,43,5,0,96,3,13.83
fold2_room1_mix0329,44,3,0,30,-7,7.47
fold2_room1_mix0329,44,4,0,-159,-5,7.69
fold2_room1_mix0329,44,4,0,-24,-14,2.32
fold2_room1_mix0329,44,5,0,100,2,14.63
fold2_room1_mix0329,45,4,0,-163,-4,8.48
fold2_room1_mix0329,45,4,0,-33,-18,1.80
fold2_room1_mix0329,45,5,0,97,2,15.77
fold2_room1_mix0329,46,3,0,-1,-5,8.94
fold2_room1_mix0329,46,4,0,-155,-6,6.42
fold2_room1_mix0329,46,4,0,-43,-20,1.57
fold2_room1_mix0329,46,5,0,88,2,14.23
fold2_room1_mix0329,47,3,0,-54,-5,7.47
fold2_room1_mix0329,47,4,0,-151,-8,5.00
fold2_room1_mix0329,47,4,0,-55,-26,1.17
fold2_room1_mix0329,47,5,0,75,1,16.38
fold2_room1_mix0329,48,3,0,4,-3,6.56
fold2_room1_mix0329,48,4,0,-154,-9,6.02
fold2_room1_mix0329,48,4,0,-103,-33,1.09
fold2_room1_mix0329,48,5,0,101,2,14.75
fold2_room1_mix0329,49,3,0,-39,-3,4.41
fold2_room1_mix0329,49,4,0,-151,-10,5.26
fold2_room1_mix0329,49,4,0,-128,-26,1.32
fold2_room1_mix0329,49,5,0,108,2,15.69
fold2_room1_mix0329,50,4,0,-149,-9,4.02
fold2_room1_mix0329,50,4,0,-111,-22,1.79
fold2_room1_mix0329,50,4,0,-55,-17,2.30
fold2_room1_mix0329,50,5,0,94,2,16.73
fold2_room1_mix0329,51,4,0,-157,-8,4.98
fold2_room1_mix0329,51,4,0,-71,-21,2.17
fold2_room1_mix0329,51,4,0,-48,-13,2.38
fold2_room1_mix0329,51,5,0,94,3,15.92
fold2_room1_mix0329,52,4,0,-159,-8,4.01
fold2_room1_mix0329,52,4,0,-40,-11,2.83
fold2_room1_mix0329,52,5,0,105,2,15.95
fold2_room1_mix0329,53,4,0,-163,-8,4.14
fold2_room1_mix0329,53,4,0,-34,-8,3.84
fold2_room1_mix0329,53,5,0,106,2,15.44
fold2_room1_mix0329,54,4,0,-166,-7,4.59
fold2_room1_mix0329,54,4,0,-26,-7,4.02
fold2_room1_mix0329,54,5,0,99,2,16.02
fold2_room1_mix0329,55,4,0,-167,-7,4.29
fold2_room1_mix0329,55,4,0,-28,-8,4.03
fold2_room1_mix0329,55,5,0,92,2,16.54
fold2_room1_mix0329,56,4,0,-166,-6,4.59
fold2_room1_mix0329,56,4,0,-19,-6,5.43
fold2_room1_mix0329,56,5,0,101,2,14.97
fold2_room1_mix0329,57,4,0,-166,-6,4.84
fold2_room1_mix0329,57,4,0,-17,-5,5.90
fold2_room1_mix0329,57,5,0,111,2,16.31
fold2_room1_mix0329,58,4,0,-165,-5,4.91
fold2_room1_mix0329,58,4,0,-11,-4,6.84
fold2_room1_mix0329,58,5,0,89,2,16.88
fold2_room1_mix0329,59,4,0,-171,-4,6.41
fold2_room1_mix0329,59,4,0,-4,-3,8.05
fold2_room1_mix0329,59,5,0,93,2,16.21
fold2_room1_mix0329,60,4,0,-170,-3,7.23
fold2_room1_mix0329,60,4,0,15,-7,5.66
fold2_room1_mix0329,60,4,0,-5,-1,10.38
fold2_room1_mix0329,60,5,0,109,2,14.85
fold2_room1_mix0329,61,4,0,-170,-3,7.81
fold2_room1_mix0329,61,4,0,58,-5,6.68
fold2_room1_mix0329,61,4,0,-7,-1,11.12
fold2_room1_mix0329,61,5,0,100,2,16.96
fold2_room1_mix0329,62,4,0,-171,-3,9.23
fold2_room1_mix0329,62,4,0,61,-8,5.88
fold2_room1_mix0329,62,4,0,-7,-3,12.10
fold2_room1_mix0329,62,5,0,90,3,16.60
fold2_room1_mix0329,63,4,0,-172,-3,9.92
fold2_room1_mix0329,63,4,0,74,-7,6.29
fold2_room1_mix0329,63,4,0,0,-1,14.61
fold2_room1_mix0329,63,5,0,81,3,16.04
fold2_room1_mix0329,64,4,0,-173,-2,9.95
fold2_room1_mix0329,64,4,0,70,-6,6.20
fold2_room1_mix0329,64,4,0,0,-1,14.67
fold2_room1_mix0329,64,5,0,94,3,15.11
fold2_room1_mix0329,65,4,0,-174,-2,10.05
fold2_room1_mix0329,65,4,0,77,-7,5.69
fold2_room1_mix0329,65,4,0,2,-2,14.15
fold2_room1_mix0329,65,5,0,99,3,16.21
fold2_room1_mix0329,66,4,0,-172,-2,11.39
fold2_room1_mix0329,66,4,0,79,-7,5.78
fold2_room1_mix0329,66,4,0,0,-2,15.31
fold2_room1_mix0329,66,5,0,81,2,17.04
fold2_room1_mix0329,67,4,0,179,-2,10.70
fold2_room1_mix0329,67,4,0,92,-7,5.82
fold2_room1_mix0329,67,4,0,3,-3,12.95
fold2_room1_mix0329,67,5,0,75,2,18.51
fold2_room1_mix0329,68,4,0,-176,-2,10.38
fold2_room1_mix0329,68,4,0,97,-8,4.73
fold2_room1_mix0329,68,4,0,0,-2,13.66
fold2_room1_mix0329,68,5,0,92,3,15.83
fold2_room1_mix0329,69,4,0,178,-2,11.75
fold2_room1_mix0329,69,4,0,108,-8,5.81
fold2_room1_mix0329,69,4,0,6,-4,13.20
fold2_room1_mix0329,69,5,0,95,2,18.09
fold2_room1_mix0329,70,4,0,178,-3,11.07
fold2_room1_mix0329,70,4,0,114,-8,5.40
fold2_room1_mix0329,70,5,0,80,3,17.22
fold2_room1_mix0329,71,4,0,177,-2,12.56
fold2_room1_mix0329,71,4,0,116,-6,8.89
fold2_room1_mix0329,71,5,0,81,3,18.69
fold2_room1_mix0329,72,4,0,172,-3,12.04
fold2_room1_mix0329,72,4,0,129,-4,9.24
fold2_room1_mix0329,72,5,0,89,3,16.57
fold2_room1_mix0329,73,4,0,175,-2,12.60
fold2_room1_mix0329,73,4,0,133,-4,9.10
fold2_room1_mix0329,73,5,0,88,3,16.51
fold2_room1_mix0329,74,4,0,179,-2,12.26
fold2_room1_mix0329,74,4,0,138,-4,8.76
fold2_room1_mix0329,74,5,0,66,3,17.07
fold2_room1_mix0329,75,4,0,178,-2,12.79
fold2_room1_mix0329,75,4,0,146,-3,9.87
fold2_room1_mix0329,75,5,0,84,4,15.09
fold2_room1_mix0329,76,4,0,178,-1,12.32
fold2_room1_mix0329,76,4,0,149,-3,8.99
fold2_room1_mix0329,76,5,0,77,4,14.98
fold2_room1_mix0329,77,4,0,166,-2,11.50
fold2_room1_mix0329,77,4,0,143,-2,10.79
fold2_room1_mix0329,77,5,0,72,3,16.43
fold2_room1_mix0329,78,4,0,166,-2,11.23
fold2_room1_mix0329,78,4,0,148,-1,10.76
fold2_room1_mix0329,78,5,0,69,3,15.18
fold2_room1_mix0329,79,4,0,154,-2,11.47
fold2_room1_mix0329,79,5,0,69,3,14.94
fold2_room1_mix0329,80,4,0,153,-1,11.54
fold2_room1_mix0329,80,5,0,74,3,15.11
fold2_room1_mix0329,81,4,0,155,-1,11.85
fold2_room1_mix0329,81,5,0,64,3,15.61
fold2_room1_mix0329,82,4,0,157,-1,11.35
fold2_room1_mix0329,82,5,0,66,2,16.08
fold2_room1_mix0329,83,4,0,159,-1,9.07
fold2_room1_mix0329,83,5,0,69,2,16.52
fold2_room1_mix0329,84,4,0,160,-1,7.93
fold2_room1_mix0329,84,5,0,77,2,16.08
fold2_room1_mix0329,85,4,0,159,-1,12.10
fold2_room1_mix0329,85,5,0,70,3,14.53
fold2_room1_mix0329,86,4,0,166,0,3.49
fold2_room1_mix0329,86,5,0,66,2,14.85
fold2_room1_mix0329,87,4,0,166,0,3.18
fold2_room1_mix0329,87,5,0,75,2,16.41
fold2_room1_mix0329,88,5,0,65,2,14.75
fold2_room1_mix0329,89,5,0,68,2,15.82
fold2_room1_mix0329,90,5,0,70,2,16.63
fold2_room1_mix0329,91,5,0,65,2,14.78
fold2_room1_mix0329,92,5,0,67,2,13.60
fold2_room1_mix0329,93,5,0,71,2,14.94
fold2_room1_mix0329,94,5,0,67,2,14.31
fold2_room1_mix0329,95,5,0,67,2,14.03
fold2_room1_mix0329,96,5,0,62,3,12.40
fold2_room1_mix0329,97,5,0,69,2,14.89
fold2_room1_mix0329,98,5,0,68,2,14.14
fold2_room1_mix0329,99,5,0,60,2,13.94
fold2_room1_mix0329,1,5,0,125,1,3.62
fold2_room1_mix0330,39,4,0,-178,-1,10.90
fold2_room1_mix0330,40,4,0,175,0,8.14
fold2_room1_mix0330,41,4,0,179,-1,15.55
fold2_room1_mix0330,42,4,0,179,-1,16.13
fold2_room1_mix0330,43,4,0,-179,-1,17.65
fold2_room1_mix0330,44,4,0,-174,-1,16.51
fold2_room1_mix0330,45,4,0,-179,-1,15.53
fold2_room1_mix0330,46,4,0,-177,-2,14.89
fold2_room1_mix0330,47,4,0,-176,-2,14.52
fold2_room1_mix0330,48,4,0,-174,-2,12.73
fold2_room1_mix0330,49,4,0,-175,-2,12.94
fold2_room1_mix0330,50,4,0,-174,-2,12.38
fold2_room1_mix0330,51,4,0,-173,-2,11.27
fold2_room1_mix0330,52,4,0,-174,-2,10.76
fold2_room1_mix0330,53,4,0,-173,-2,10.56
fold2_room1_mix0330,54,4,0,-173,-3,9.73
fold2_room1_mix0330,55,4,0,-171,-3,8.59
fold2_room1_mix0330,56,4,0,-170,-3,7.87
fold2_room1_mix0330,57,4,0,-171,-3,7.47
fold2_room1_mix0330,58,4,0,-168,-4,6.48
fold2_room1_mix0330,59,4,0,-166,-4,5.61
fold2_room1_mix0330,60,4,0,-164,-4,4.67
fold2_room1_mix0330,61,4,0,-159,-5,4.30
fold2_room1_mix0330,62,4,0,-157,-7,3.40
fold2_room1_mix0330,63,4,0,-154,-7,2.66
fold2_room1_mix0330,64,4,0,-144,-9,1.72
fold2_room1_mix0330,65,4,0,-117,-10,1.18
fold2_room1_mix0330,66,4,0,-62,-8,1.01
fold2_room1_mix0330,67,4,0,-41,-5,1.30
fold2_room1_mix0330,68,4,0,-28,-5,2.02
fold2_room1_mix0330,69,4,0,-22,-4,3.05
fold2_room1_mix0330,70,4,0,-19,-4,3.89
fold2_room1_mix0330,71,4,0,-14,-3,4.63
fold2_room1_mix0330,72,4,0,-11,-3,5.25
fold2_room1_mix0330,73,4,0,-8,-3,6.49
fold2_room1_mix0330,74,4,0,-7,-2,6.91
fold2_room1_mix0330,75,4,0,-6,-2,7.72
fold2_room1_mix0330,76,4,0,-5,-2,8.72
fold2_room1_mix0330,77,4,0,-4,-2,9.76
fold2_room1_mix0330,78,4,0,-4,-2,10.17
fold2_room1_mix0330,79,4,0,-3,-2,10.91
fold2_room1_mix0330,80,4,0,-2,-1,11.43
fold2_room1_mix0330,81,4,0,-3,-2,12.17
fold2_room1_mix0330,82,4,0,-2,-1,13.11
fold2_room1_mix0330,83,4,0,-2,-1,13.83
fold2_room1_mix0330,84,4,0,-3,-1,13.93
fold2_room1_mix0330,85,4,0,-3,-1,15.08
fold2_room1_mix0330,86,4,0,-4,-1,15.16
fold2_room1_mix0330,87,4,0,-3,-1,16.04
fold2_room1_mix0330,88,4,0,-5,-2,15.23
fold2_room1_mix0330,89,4,0,-4,-1,13.01
fold2_room1_mix0330,90,4,0,-5,-1,13.26
fold2_room1_mix0331,5,4,0,178,1,0.43
fold2_room1_mix0331,7,4,0,175,1,0.74
fold2_room1_mix0331,9,4,0,176,2,1.62
fold2_room1_mix0331,14,4,0,174,1,2.69
fold2_room1_mix0331,15,4,0,175,1,2.08
fold2_room1_mix0331,17,4,0,171,0,22.54
fold2_room1_mix0331,18,4,0,170,0,19.67
fold2_room1_mix0331,19,4,0,171,0,23.88
fold2_room1_mix0331,20,4,0,173,0,18.40
fold2_room1_mix0331,21,4,0,170,0,22.01
fold2_room1_mix0331,22,4,0,170,0,22.50
fold2_room1_mix0331,22,4,0,-9,0,28.28
fold2_room1_mix0331,23,4,0,172,0,20.99
fold2_room1_mix0331,24,4,0,175,0,20.47
fold2_room1_mix0331,25,4,0,174,0,21.30
fold2_room1_mix0331,25,4,0,-12,0,31.15
fold2_room1_mix0331,26,1,0,13,-2,10.64
fold2_room1_mix0331,26,4,0,171,0,16.60
fold2_room1_mix0331,27,4,0,175,0,21.54
fold2_room1_mix0331,27,4,0,-10,0,31.04
fold2_room1_mix0331,28,1,0,23,-2,27.80
fold2_room1_mix0331,28,4,0,175,-1,16.76
fold2_room1_mix0331,29,1,0,22,-3,29.33
fold2_room1_mix0331,29,4,0,174,0,17.36
fold2_room1_mix0331,29,4,0,-3,0,26.92
fold2_room1_mix0331,30,1,0,26,-3,25.78
fold2_room1_mix0331,30,4,0,172,0,19.13
fold2_room1_mix0331,30,4,0,-9,0,25.60
fold2_room1_mix0331,31,1,0,25,-2,29.84
fold2_room1_mix0331,31,4,0,175,0,19.95
fold2_room1_mix0331,31,4,0,-6,0,27.30
fold2_room1_mix0331,32,4,0,177,0,19.70
fold2_room1_mix0331,32,4,0,-19,-1,29.17
fold2_room1_mix0331,33,1,0,36,-3,25.01
fold2_room1_mix0331,33,4,0,178,-1,18.75
fold2_room1_mix0331,33,4,0,-4,0,30.61
fold2_room1_mix0331,34,1,0,32,-3,24.63
fold2_room1_mix0331,34,4,0,172,0,19.25
fold2_room1_mix0331,34,4,0,-2,-1,28.08
fold2_room1_mix0331,35,1,0,36,-3,21.03
fold2_room1_mix0331,35,4,0,175,-1,15.81
fold2_room1_mix0331,35,4,0,-8,0,26.48
fold2_room1_mix0331,36,1,0,39,-3,15.11
fold2_room1_mix0331,36,4,0,-178,0,15.88
fold2_room1_mix0331,36,4,0,-6,0,25.19
fold2_room1_mix0331,37,1,0,35,-3,20.89
fold2_room1_mix0331,37,4,0,176,-1,15.89
fold2_room1_mix0331,37,4,0,-5,0,30.67
fold2_room1_mix0331,38,1,0,45,-3,19.22
fold2_room1_mix0331,38,4,0,-179,-1,12.69
fold2_room1_mix0331,38,4,0,-5,0,26.67
fold2_room1_mix0331,39,1,0,52,-3,15.35
fold2_room1_mix0331,39,4,0,176,-1,15.12
fold2_room1_mix0331,39,4,0,-5,0,28.64
fold2_room1_mix0331,40,1,0,48,-3,16.21
fold2_room1_mix0331,40,4,0,178,0,16.29
fold2_room1_mix0331,41,4,0,178,-1,12.17
fold2_room1_mix0331,41,4,0,-13,-1,26.00
fold2_room1_mix0331,42,1,0,63,-4,15.47
fold2_room1_mix0331,42,4,0,179,-1,12.35
fold2_room1_mix0331,42,4,0,-4,0,24.62
fold2_room1_mix0331,43,1,0,61,-3,15.10
fold2_room1_mix0331,43,4,0,177,-1,15.07
fold2_room1_mix0331,44,1,0,70,-4,14.00
fold2_room1_mix0331,44,4,0,179,-1,11.43
fold2_room1_mix0331,44,4,0,-7,0,24.70
fold2_room1_mix0331,45,1,0,70,-4,10.63
fold2_room1_mix0331,45,4,0,-178,0,14.24
fold2_room1_mix0331,45,4,0,-12,-1,23.65
fold2_room1_mix0331,46,1,0,75,-4,15.31
fold2_room1_mix0331,46,4,0,-179,-2,10.58
fold2_room1_mix0331,46,4,0,-11,-1,25.54
fold2_room1_mix0331,47,1,0,88,-4,14.90
fold2_room1_mix0331,47,4,0,176,-3,7.96
fold2_room1_mix0331,47,4,0,-14,0,24.04
fold2_room1_mix0331,48,1,0,91,-4,11.28
fold2_room1_mix0331,48,4,0,-178,-1,10.06
fold2_room1_mix0331,48,4,0,-8,0,20.34
fold2_room1_mix0331,49,1,0,101,-4,13.98
fold2_room1_mix0331,49,4,0,179,-2,10.30
fold2_room1_mix0331,49,4,0,-17,-1,26.03
fold2_room1_mix0331,50,4,0,174,-4,7.67
fold2_room1_mix0331,50,4,0,-37,-1,17.32
fold2_room1_mix0331,51,1,0,111,-4,13.89
fold2_room1_mix0331,51,4,0,-175,-3,8.49
fold2_room1_mix0331,51,4,0,-27,-2,18.52
fold2_room1_mix0331,52,1,0,126,-3,14.86
fold2_room1_mix0331,52,4,0,171,-4,6.70
fold2_room1_mix0331,52,4,0,-172,-5,6.36
fold2_room1_mix0331,52,4,0,-27,-1,17.32
fold2_room1_mix0331,53,1,0,125,-3,14.40
fold2_room1_mix0331,53,4,0,-179,-4,6.77
fold2_room1_mix0331,53,4,0,-19,-1,21.31
fold2_room1_mix0331,54,1,0,122,-4,13.29
fold2_room1_mix0331,54,4,0,177,-3,9.06
fold2_room1_mix0331,54,4,0,-24,-2,19.47
fold2_room1_mix0331,55,4,0,96,-14,3.47
fold2_room1_mix0331,55,4,0,-19,1,16.93
fold2_room1_mix0331,56,1,0,141,-3,12.43
fold2_room1_mix0331,56,4,0,167,-4,4.94
fold2_room1_mix0331,56,4,0,0,0,15.96
fold2_room1_mix0331,57,1,0,142,-3,18.70
fold2_room1_mix0331,57,4,0,177,-4,6.36
fold2_room1_mix0331,57,4,0,-6,-1,16.77
fold2_room1_mix0331,58,1,0,145,-2,12.92
fold2_room1_mix0331,58,4,0,-13,1,18.01
fold2_room1_mix0331,59,1,0,144,-3,17.41
fold2_room1_mix0331,59,4,0,-6,-3,9.75
fold2_room1_mix0331,60,4,0,-166,-2,8.25
fold2_room1_mix0331,60,4,0,-3,-5,5.61
fold2_room1_mix0331,61,1,0,156,-3,20.06
fold2_room1_mix0331,61,4,0,177,-3,6.25
fold2_room1_mix0331,61,4,0,-1,-2,8.22
fold2_room1_mix0331,62,1,0,149,-3,25.68
fold2_room1_mix0331,62,4,0,-174,0,6.73
fold2_room1_mix0331,62,4,0,-2,-1,7.01
fold2_room1_mix0331,63,1,0,155,-3,23.03
fold2_room1_mix0331,63,4,0,-168,-7,7.62
fold2_room1_mix0331,63,4,0,-7,-4,8.44
fold2_room1_mix0331,64,1,0,140,-4,9.20
fold2_room1_mix0331,64,4,0,-146,0,6.60
fold2_room1_mix0331,64,4,0,-4,-2,6.27
fold2_room1_mix0331,65,1,0,151,-3,21.23
fold2_room1_mix0331,65,4,0,-163,-2,8.71
fold2_room1_mix0331,65,4,0,-5,-1,9.77
fold2_room1_mix0331,66,1,0,159,-3,25.30
fold2_room1_mix0331,66,4,0,-146,-3,8.11
fold2_room1_mix0331,66,4,0,-6,-2,9.30
fold2_room1_mix0331,67,1,0,155,-2,28.14
fold2_room1_mix0331,67,4,0,-135,-5,4.98
fold2_room1_mix0331,67,4,0,-11,0,7.66
fold2_room1_mix0331,68,1,0,159,-2,32.71
fold2_room1_mix0331,68,4,0,-165,-3,7.08
fold2_room1_mix0331,68,4,0,-9,-2,8.60
fold2_room1_mix0331,69,4,0,-121,-3,12.44
fold2_room1_mix0331,69,4,0,-50,-5,9.00
fold2_room1_mix0331,69,4,0,-12,-3,13.70
fold2_room1_mix0331,70,1,0,157,-2,18.03
fold2_room1_mix0331,70,4,0,-158,-1,5.79
fold2_room1_mix0331,70,4,0,-8,-1,6.36
fold2_room1_mix0331,71,1,0,159,-2,26.84
fold2_room1_mix0331,71,4,0,-159,-1,8.41
fold2_room1_mix0331,71,4,0,-5,-1,8.64
fold2_room1_mix0331,72,1,0,158,-2,30.37
fold2_room1_mix0331,72,4,0,-140,-1,8.69
fold2_room1_mix0331,72,4,0,-92,-3,6.18
fold2_room1_mix0331,72,4,0,-8,-1,10.13
fold2_room1_mix0331,73,1,0,160,-2,32.40
fold2_room1_mix0331,73,4,0,-160,-2,11.63
fold2_room1_mix0331,73,4,0,-12,0,15.05
fold2_room1_mix0331,74,4,0,-144,-2,13.77
fold2_room1_mix0331,74,4,0,-49,-6,6.45
fold2_room1_mix0331,74,4,0,-10,-2,12.12
fold2_room1_mix0331,75,1,0,157,-2,23.71
fold2_room1_mix0331,75,4,0,-151,-1,9.11
fold2_room1_mix0331,75,4,0,-90,-3,6.40
fold2_room1_mix0331,75,4,0,-18,-1,10.98
fold2_room1_mix0331,76,1,0,163,-2,35.27
fold2_room1_mix0331,76,4,0,-164,-2,9.10
fold2_room1_mix0331,76,4,0,-119,-6,5.83
fold2_room1_mix0331,76,4,0,-7,-1,11.73
fold2_room1_mix0331,77,1,0,161,-2,29.71
fold2_room1_mix0331,77,4,0,-152,-3,10.11
fold2_room1_mix0331,77,4,0,-90,-6,5.80
fold2_room1_mix0331,77,4,0,-12,-2,12.52
fold2_room1_mix0331,78,1,0,164,-2,25.58
fold2_room1_mix0331,78,4,0,-159,-2,9.65
fold2_room1_mix0331,78,4,0,-114,-4,6.22
fold2_room1_mix0331,78,4,0,-23,-1,13.20
fold2_room1_mix0331,79,4,0,-150,-4,11.94
fold2_room1_mix0331,79,4,0,-61,-12,3.40
fold2_room1_mix0331,79,4,0,-16,-3,12.69
fold2_room1_mix0331,80,4,0,-130,-7,5.45
fold2_room1_mix0331,80,4,0,-66,-11,2.87
fold2_room1_mix0331,80,4,0,-21,-2,13.77
fold2_room1_mix0331,81,4,0,-124,-6,7.34
fold2_room1_mix0331,81,4,0,-73,-11,3.19
fold2_room1_mix0331,81,4,0,-23,-2,13.10
fold2_room1_mix0331,82,4,0,-130,-6,8.82
fold2_room1_mix0331,82,4,0,-84,-16,2.32
fold2_room1_mix0331,82,4,0,-17,-2,19.98
fold2_room1_mix0331,83,4,0,-96,-11,3.94
fold2_room1_mix0331,83,4,0,-29,-1,20.02
fold2_room1_mix0331,84,4,0,-119,-8,5.35
fold2_room1_mix0331,84,4,0,-101,-12,3.09
fold2_room1_mix0331,84,4,0,-25,-1,19.50
fold2_room1_mix0331,85,4,0,-135,-6,6.66
fold2_room1_mix0331,85,4,0,-119,-10,3.51
fold2_room1_mix0331,85,4,0,-17,-1,21.73
fold2_room1_mix0331,86,4,0,-131,-7,4.79
fold2_room1_mix0331,86,4,0,-21,0,19.03
fold2_room1_mix0331,87,4,0,-137,-7,5.72
fold2_room1_mix0331,87,4,0,-17,-1,18.37
fold2_room1_mix0331,88,4,0,-140,-6,5.08
fold2_room1_mix0331,88,4,0,-16,0,20.95
fold2_room1_mix0331,89,4,0,-141,-6,5.43
fold2_room1_mix0331,89,4,0,-19,-1,17.43
fold2_room1_mix0331,90,4,0,-148,-6,6.60
fold2_room1_mix0331,90,4,0,-32,-5,11.81
fold2_room1_mix0331,91,4,0,-149,-6,6.75
fold2_room1_mix0331,91,4,0,-20,-2,16.79
fold2_room1_mix0331,92,4,0,-150,-5,7.44
fold2_room1_mix0331,92,4,0,-16,-2,17.31
fold2_room1_mix0331,93,4,0,-152,-5,7.73
fold2_room1_mix0331,93,4,0,-23,-2,17.88
fold2_room1_mix0331,94,4,0,-154,-4,8.72
fold2_room1_mix0331,94,4,0,-42,-5,15.10
fold2_room1_mix0331,95,4,0,-156,-3,9.26
fold2_room1_mix0331,95,4,0,-22,-1,18.50
fold2_room1_mix0331,96,4,0,-156,-3,9.59
fold2_room1_mix0331,96,4,0,-38,-2,19.05
fold2_room1_mix0331,97,4,0,-156,-3,10.68
fold2_room1_mix0331,98,4,0,-160,-3,11.45
fold2_room1_mix0331,98,4,0,-141,-5,14.64
fold2_room1_mix0331,99,4,0,-158,-2,11.68
fold2_room1_mix0333,25,4,0,179,2,1.42
fold2_room1_mix0333,27,4,0,174,0,4.91
fold2_room1_mix0333,28,4,0,176,0,9.61
fold2_room1_mix0333,29,4,0,176,0,12.80
fold2_room1_mix0333,30,4,0,177,-1,15.18
fold2_room1_mix0333,31,4,0,179,-1,13.54
fold2_room1_mix0333,32,4,0,-179,-1,18.30
fold2_room1_mix0333,33,4,0,179,-1,19.67
fold2_room1_mix0333,34,4,0,178,-1,18.77
fold2_room1_mix0333,35,4,0,179,-1,20.16
fold2_room1_mix0333,36,4,0,-178,-1,18.85
fold2_room1_mix0333,37,4,0,179,-1,17.60
fold2_room1_mix0333,38,4,0,-177,-1,18.56
fold2_room1_mix0333,39,4,0,-178,-1,17.40
fold2_room1_mix0333,40,4,0,-179,-1,17.74
fold2_room1_mix0333,41,4,0,-178,-1,15.87
fold2_room1_mix0333,42,4,0,-178,-1,16.44
fold2_room1_mix0333,43,4,0,-177,-1,16.20
fold2_room1_mix0333,44,4,0,-175,-2,15.52
fold2_room1_mix0333,45,4,0,-175,-2,14.66
fold2_room1_mix0333,46,4,0,-176,-2,13.77
fold2_room1_mix0333,46,4,0,-12,-2,19.01
fold2_room1_mix0333,47,4,0,-179,-2,12.79
fold2_room1_mix0333,48,4,0,-179,-2,12.60
fold2_room1_mix0333,48,4,0,-17,-2,18.28
fold2_room1_mix0333,49,4,0,-177,-3,11.22
fold2_room1_mix0333,49,4,0,-20,-2,18.35
fold2_room1_mix0333,50,4,0,-177,-3,10.91
fold2_room1_mix0333,50,4,0,-18,-2,18.21
fold2_room1_mix0333,51,4,0,-176,-3,11.19
fold2_room1_mix0333,51,4,0,-10,-2,18.30
fold2_room1_mix0333,52,4,0,-177,-4,9.21
fold2_room1_mix0333,52,4,0,-14,-2,16.73
fold2_room1_mix0333,53,4,0,-178,-4,9.20
fold2_room1_mix0333,53,4,0,-16,-2,16.81
fold2_room1_mix0333,54,4,0,-175,-5,7.78
fold2_room1_mix0333,54,4,0,-19,-3,15.03
fold2_room1_mix0333,55,4,0,-177,-6,7.43
fold2_room1_mix0333,55,4,0,-20,-3,14.12
fold2_room1_mix0333,56,4,0,-177,-7,6.92
fold2_room1_mix0333,56,4,0,-25,-3,13.96
fold2_room1_mix0333,57,4,0,-174,-8,5.92
fold2_room1_mix0333,57,4,0,-15,-4,11.78
fold2_room1_mix0333,58,4,0,-177,-10,5.22
fold2_room1_mix0333,58,4,0,-20,-5,10.58
fold2_room1_mix0333,59,4,0,-178,-11,5.08
fold2_room1_mix0333,59,4,0,-18,-5,10.77
fold2_room1_mix0333,60,4,0,179,-17,3.67
fold2_room1_mix0333,60,4,0,-28,-5,11.19
fold2_room1_mix0333,61,4,0,179,-21,5.16
fold2_room1_mix0333,61,4,0,160,-30,1.95
fold2_room1_mix0333,61,4,0,-27,-10,8.94
fold2_room1_mix0333,62,4,0,-172,-40,4.58
fold2_room1_mix0333,62,4,0,85,-59,1.33
fold2_room1_mix0333,62,4,0,-26,-13,8.36
fold2_room1_mix0333,63,4,0,-157,-22,4.89
fold2_room1_mix0333,63,4,0,17,-35,2.00
fold2_room1_mix0333,63,4,0,-16,-10,6.87
fold2_room1_mix0333,64,4,0,-163,-14,5.62
fold2_room1_mix0333,64,4,0,-2,-26,2.96
fold2_room1_mix0333,64,4,0,-19,-11,5.64
fold2_room1_mix0333,65,4,0,-147,-13,5.33
fold2_room1_mix0333,65,4,0,-33,-20,3.83
fold2_room1_mix0333,65,4,0,-5,-13,4.37
fold2_room1_mix0333,66,4,0,-157,-9,6.88
fold2_room1_mix0333,66,4,0,-65,-19,3.50
fold2_room1_mix0333,66,4,0,-7,-13,4.32
fold2_room1_mix0333,67,4,0,-167,-10,5.96
fold2_room1_mix0333,67,4,0,-76,-24,2.17
fold2_room1_mix0333,67,4,0,-12,-12,4.14
fold2_room1_mix0333,68,4,0,-171,-8,6.69
fold2_room1_mix0333,68,4,0,-119,-21,2.05
fold2_room1_mix0333,68,4,0,-15,-8,6.04
fold2_room1_mix0333,69,4,0,-172,-12,4.00
fold2_room1_mix0333,69,4,0,-143,-17,2.96
fold2_room1_mix0333,69,4,0,0,-6,8.24
fold2_room1_mix0333,70,4,0,-172,-10,4.18
fold2_room1_mix0333,70,4,0,-146,-13,3.62
fold2_room1_mix0333,70,4,0,-4,-6,8.22
fold2_room1_mix0333,71,4,0,-163,-10,4.06
fold2_room1_mix0333,71,4,0,-7,-6,8.52
fold2_room1_mix0333,72,4,0,-160,-11,4.25
fold2_room1_mix0333,72,4,0,-8,-7,9.74
fold2_room1_mix0333,73,4,0,-160,-11,4.39
fold2_room1_mix0333,73,4,0,-7,-6,9.96
fold2_room1_mix0333,74,4,0,-147,-13,3.94
fold2_room1_mix0333,74,4,0,-9,-5,11.61
fold2_room1_mix0333,75,4,0,-150,-9,6.28
fold2_room1_mix0333,75,4,0,-125,-22,2.09
fold2_room1_mix0333,75,4,0,-20,-7,10.14
fold2_room1_mix0333,76,4,0,-138,-14,5.40
fold2_room1_mix0333,76,4,0,-103,-25,1.55
fold2_room1_mix0333,76,4,0,-8,-4,11.57
fold2_room1_mix0333,77,4,0,-140,-17,5.02
fold2_room1_mix0333,77,4,0,-71,-23,1.65
fold2_room1_mix0333,77,4,0,-4,-4,10.95
fold2_room1_mix0333,78,4,0,-84,-20,4.83
fold2_room1_mix0333,78,4,0,-37,-14,2.48
fold2_room1_mix0333,78,4,0,-6,-5,10.40
fold2_room1_mix0333,79,4,0,-152,-8,6.88
fold2_room1_mix0333,79,4,0,-35,-12,2.59
fold2_room1_mix0333,79,4,0,-14,-6,8.32
fold2_room1_mix0333,80,4,0,-160,-6,7.73
fold2_room1_mix0333,80,4,0,-29,-12,2.77
fold2_room1_mix0333,80,4,0,-13,-5,8.39
fold2_room1_mix0333,81,4,0,-164,-4,8.18
fold2_room1_mix0333,81,4,0,-16,-7,6.27
fold2_room1_mix0333,82,4,0,-167,-3,9.95
fold2_room1_mix0333,82,4,0,-14,-6,7.02
fold2_room1_mix0333,83,4,0,-171,-2,11.34
fold2_room1_mix0333,83,4,0,-12,-5,6.71
fold2_room1_mix0333,84,4,0,-171,-2,11.20
fold2_room1_mix0333,84,4,0,-11,-6,7.33
fold2_room1_mix0333,85,4,0,-175,-2,13.67
fold2_room1_mix0333,85,4,0,-10,-5,8.49
fold2_room1_mix0333,86,4,0,-174,-2,12.56
fold2_room1_mix0333,86,4,0,-10,-5,7.99
fold2_room1_mix0333,87,4,0,-178,-1,14.46
fold2_room1_mix0333,87,4,0,-9,-4,10.08
fold2_room1_mix0333,88,4,0,-173,-1,16.49
fold2_room1_mix0333,88,4,0,-8,-4,10.33
fold2_room1_mix0333,89,4,0,-174,-2,15.01
fold2_room1_mix0333,89,4,0,-7,-4,11.07
fold2_room1_mix0333,90,4,0,-173,-2,13.87
fold2_room1_mix0333,90,4,0,-8,-3,11.32
fold2_room1_mix0333,91,4,0,-175,-2,16.22
fold2_room1_mix0333,91,4,0,-7,-3,12.18
fold2_room1_mix0333,94,4,0,-6,-4,13.52
fold2_room1_mix0333,96,4,0,-6,-3,12.85
fold2_room1_mix0333,97,4,0,-5,-3,13.55
fold2_room1_mix0333,98,4,0,-5,-3,13.89
fold2_room1_mix0333,99,4,0,-5,-3,13.71
fold2_room1_mix0333,92,4,0,-7,-3,11.72
fold2_room1_mix0333,93,4,0,-7,-3,12.48
fold2_room1_mix0333,95,4,0,-6,-3,13.57
fold2_room1_mix0334,32,2,0,-121,-3,6.05
fold2_room1_mix0334,33,2,0,-111,-2,8.67
fold2_room1_mix0334,34,2,0,-115,-2,9.27
fold2_room1_mix0334,35,2,0,-111,-1,9.68
fold2_room1_mix0334,36,2,0,-112,-2,9.62
fold2_room1_mix0334,42,2,0,-106,-1,11.60
fold2_room1_mix0334,43,2,0,-108,-1,12.38
fold2_room1_mix0334,44,2,0,-107,-1,11.98
fold2_room1_mix0334,45,2,0,-100,-1,11.51
fold2_room1_mix0334,46,2,0,-100,-1,11.56
fold2_room1_mix0334,47,2,0,-103,-1,10.77
fold2_room1_mix0334,52,2,0,-93,-2,9.91
fold2_room1_mix0334,53,2,0,-93,-1,12.99
fold2_room1_mix0334,54,2,0,-88,-1,13.62
fold2_room1_mix0334,55,2,0,-95,-1,13.17
fold2_room1_mix0334,56,2,0,-89,-1,14.21
fold2_room1_mix0334,57,2,0,-88,-1,14.65
fold2_room1_mix0334,57,4,0,170,-1,5.16
fold2_room1_mix0334,58,4,0,173,-1,14.43
fold2_room1_mix0334,59,4,0,174,-1,14.14
fold2_room1_mix0334,60,4,0,171,-1,15.09
fold2_room1_mix0334,61,4,0,173,-1,16.28
fold2_room1_mix0334,62,4,0,171,-1,17.86
fold2_room1_mix0334,63,2,0,-84,-1,11.47
fold2_room1_mix0334,63,4,0,168,-1,16.77
fold2_room1_mix0334,64,2,0,-84,-1,12.69
fold2_room1_mix0334,64,4,0,169,-1,16.08
fold2_room1_mix0334,65,2,0,-82,-1,15.04
fold2_room1_mix0334,65,4,0,172,-1,15.17
fold2_room1_mix0334,66,2,0,-82,-1,15.09
fold2_room1_mix0334,66,4,0,170,-2,13.41
fold2_room1_mix0334,67,2,0,-84,-1,14.98
fold2_room1_mix0334,67,4,0,169,-1,13.67
fold2_room1_mix0334,68,2,0,-86,-2,7.01
fold2_room1_mix0334,68,4,0,170,-2,13.24
fold2_room1_mix0334,69,4,0,169,-3,11.48
fold2_room1_mix0334,70,4,0,165,-2,10.92
fold2_room1_mix0334,71,4,0,165,-3,9.91
fold2_room1_mix0334,72,4,0,162,-3,9.46
fold2_room1_mix0334,73,2,0,-88,-1,12.28
fold2_room1_mix0334,73,4,0,161,-3,9.04
fold2_room1_mix0334,74,2,0,-84,-1,13.89
fold2_room1_mix0334,74,4,0,159,-3,8.24
fold2_room1_mix0334,75,2,0,-79,-1,14.63
fold2_room1_mix0334,75,4,0,155,-4,7.24
fold2_room1_mix0334,76,2,0,-74,-2,14.03
fold2_room1_mix0334,76,4,0,153,-4,6.19
fold2_room1_mix0334,77,2,0,-79,-1,14.35
fold2_room1_mix0334,77,4,0,150,-5,5.54
fold2_room1_mix0334,78,2,0,-81,-1,14.22
fold2_room1_mix0334,78,4,0,144,-7,4.62
fold2_room1_mix0334,79,4,0,134,-9,3.68
fold2_room1_mix0334,80,4,0,123,-9,3.61
fold2_room1_mix0334,81,4,0,102,-11,3.05
fold2_room1_mix0334,82,4,0,85,-10,2.70
fold2_room1_mix0334,83,4,0,62,-9,2.73
fold2_room1_mix0334,84,4,0,48,-6,3.34
fold2_room1_mix0334,85,4,0,34,-5,4.05
fold2_room1_mix0334,86,2,0,-68,-3,6.32
fold2_room1_mix0334,86,4,0,31,-4,4.67
fold2_room1_mix0334,87,4,0,28,-4,5.33
fold2_room1_mix0334,88,4,0,24,-4,6.15
fold2_room1_mix0334,89,4,0,20,-3,7.16
fold2_room1_mix0334,90,4,0,18,-3,8.15
fold2_room1_mix0334,91,4,0,17,-3,9.01
fold2_room1_mix0334,92,4,0,16,-2,9.98
fold2_room1_mix0334,93,4,0,15,-2,10.73
fold2_room1_mix0334,94,4,0,15,-2,11.38
fold2_room1_mix0334,95,4,0,13,-1,12.46
fold2_room1_mix0334,96,4,0,13,-1,12.77
fold2_room1_mix0334,97,4,0,12,-2,13.81
fold2_room1_mix0334,98,4,0,10,-2,14.16
fold2_room1_mix0334,99,4,0,10,-1,16.08
fold2_room1_mix0335,20,4,0,6,0,9.05
fold2_room1_mix0335,22,4,0,7,-1,16.69
fold2_room1_mix0335,23,4,0,6,-1,20.78
fold2_room1_mix0335,24,4,0,8,-1,22.85
fold2_room1_mix0335,25,4,0,5,-1,22.69
fold2_room1_mix0335,26,4,0,6,-2,19.99
fold2_room1_mix0335,27,4,0,8,-1,20.95
fold2_room1_mix0335,28,4,0,10,-2,19.85
fold2_room1_mix0335,29,4,0,9,-2,18.68
fold2_room1_mix0335,30,4,0,10,-2,17.67
fold2_room1_mix0335,31,4,0,10,-2,17.52
fold2_room1_mix0335,32,4,0,11,-2,15.81
fold2_room1_mix0335,33,4,0,12,-2,15.10
fold2_room1_mix0335,34,4,0,14,-2,13.90
fold2_room1_mix0335,35,4,0,16,-3,12.79
fold2_room1_mix0335,36,4,0,17,-3,12.58
fold2_room1_mix0335,37,4,0,18,-3,11.61
fold2_room1_mix0335,38,4,0,17,-3,10.42
fold2_room1_mix0335,39,4,0,19,-3,9.80
fold2_room1_mix0335,40,4,0,21,-3,9.71
fold2_room1_mix0335,41,4,0,23,-4,8.35
fold2_room1_mix0335,42,4,0,24,-4,7.32
fold2_room1_mix0335,43,4,0,26,-5,6.90
fold2_room1_mix0335,44,4,0,27,-5,6.03
fold2_room1_mix0335,45,4,0,30,-5,5.09
fold2_room1_mix0335,46,4,0,31,-6,4.75
fold2_room1_mix0335,47,4,0,35,-7,4.19
fold2_room1_mix0335,48,4,0,50,-7,3.68
fold2_room1_mix0335,49,4,0,65,-8,3.33
fold2_room1_mix0335,50,4,0,78,-11,3.01
fold2_room1_mix0335,51,4,0,99,-10,2.90
fold2_room1_mix0335,52,4,0,116,-8,3.59
fold2_room1_mix0335,53,4,0,129,-7,3.54
fold2_room1_mix0335,54,4,0,140,-6,3.97
fold2_room1_mix0335,55,4,0,144,-5,4.95
fold2_room1_mix0335,56,4,0,148,-5,5.47
fold2_room1_mix0335,57,4,0,153,-4,6.23
fold2_room1_mix0335,58,4,0,154,-4,6.55
fold2_room1_mix0335,59,4,0,157,-3,7.86
fold2_room1_mix0335,60,4,0,159,-3,8.04
fold2_room1_mix0335,61,4,0,162,-3,8.34
fold2_room1_mix0335,62,4,0,164,-2,9.83
fold2_room1_mix0335,63,4,0,165,-2,10.34
fold2_room1_mix0335,64,4,0,167,-2,10.89
fold2_room1_mix0335,65,4,0,167,-2,11.66
fold2_room1_mix0335,66,4,0,169,-2,12.70
fold2_room1_mix0335,67,4,0,170,-2,12.60
fold2_room1_mix0335,68,4,0,172,-1,14.05
fold2_room1_mix0335,69,4,0,174,-2,13.58
fold2_room1_mix0335,70,4,0,176,-1,13.37
fold2_room1_mix0335,71,4,0,-179,-1,13.45
fold2_room1_mix0335,72,4,0,179,-1,13.83
fold2_room1_mix0335,73,4,0,177,-1,12.90
fold2_room1_mix0335,73,4,0,-164,-2,12.07
fold2_room1_mix0335,74,4,0,177,-1,12.11
fold2_room1_mix0335,74,4,0,-159,-3,9.91
fold2_room1_mix0335,75,4,0,175,0,13.15
fold2_room1_mix0335,75,4,0,-146,-4,8.35
fold2_room1_mix0335,76,4,0,-176,0,12.18
fold2_room1_mix0335,76,4,0,-143,-4,5.82
fold2_room1_mix0335,77,4,0,-173,0,11.89
fold2_room1_mix0335,77,4,0,-139,-5,4.96
fold2_room1_mix0335,78,4,0,-167,0,12.51
fold2_room1_mix0335,78,4,0,-128,-6,3.98
fold2_room1_mix0335,79,4,0,-175,1,12.76
fold2_room1_mix0335,79,4,0,-117,-6,3.18
fold2_room1_mix0335,80,4,0,-124,-3,5.92
fold2_room1_mix0335,80,4,0,-100,-6,2.77
fold2_room1_mix0335,81,4,0,-108,-4,5.37
fold2_room1_mix0335,81,4,0,-82,-7,2.65
fold2_room1_mix0335,82,4,0,-92,-5,5.30
fold2_room1_mix0335,82,4,0,-64,-7,2.70
fold2_room1_mix0335,83,4,0,-116,-2,7.50
fold2_room1_mix0335,83,4,0,-53,-5,3.19
fold2_room1_mix0335,84,4,0,-45,-5,4.71
fold2_room1_mix0335,85,4,0,-36,-4,5.57
fold2_room1_mix0335,86,4,0,-29,-4,6.01
fold2_room1_mix0335,87,4,0,-24,-4,6.54
fold2_room1_mix0335,88,4,0,-23,-3,7.75
fold2_room1_mix0335,89,4,0,-17,-3,8.17
fold2_room1_mix0335,90,4,0,-17,-3,8.40
fold2_room1_mix0335,91,4,0,-14,-2,9.49
fold2_room1_mix0335,92,4,0,-13,-3,9.94
fold2_room1_mix0335,93,4,0,-13,-3,10.70
fold2_room1_mix0335,94,4,0,-11,-2,11.09
fold2_room1_mix0335,95,4,0,-11,-2,11.13
fold2_room1_mix0335,96,4,0,-10,-2,10.71
fold2_room1_mix0335,97,4,0,-10,-1,9.15
fold2_room1_mix0335,98,4,0,-8,-1,7.64
fold2_room1_mix0335,99,4,0,-9,0,3.98
fold2_room1_mix0336,5,4,0,168,1,3.93
fold2_room1_mix0336,6,4,0,167,1,10.19
fold2_room1_mix0336,8,4,0,167,3,2.09
fold2_room1_mix0336,9,4,0,168,0,20.09
fold2_room1_mix0336,9,4,0,7,0,20.81
fold2_room1_mix0336,11,4,0,164,1,19.28
fold2_room1_mix0336,11,4,0,12,2,19.05
fold2_room1_mix0336,12,4,0,164,0,30.08
fold2_room1_mix0336,12,4,0,13,1,33.18
fold2_room1_mix0336,13,4,0,159,1,14.78
fold2_room1_mix0336,13,4,0,6,1,17.13
fold2_room1_mix0336,14,4,0,163,1,27.70
fold2_room1_mix0336,15,4,0,158,1,16.52
fold2_room1_mix0336,16,4,0,153,0,29.62
fold2_room1_mix0336,16,4,0,11,0,34.40
fold2_room1_mix0336,17,4,0,152,0,28.40
fold2_room1_mix0336,17,4,0,9,0,36.74
fold2_room1_mix0336,18,4,0,159,0,32.44
fold2_room1_mix0336,18,4,0,143,0,25.50
fold2_room1_mix0336,18,4,0,7,0,35.60
fold2_room1_mix0336,19,4,0,145,0,24.32
fold2_room1_mix0336,19,4,0,9,0,31.33
fold2_room1_mix0336,20,4,0,153,0,28.94
fold2_room1_mix0336,20,4,0,136,0,23.02
fold2_room1_mix0336,20,4,0,8,0,31.40
fold2_room1_mix0336,21,4,0,152,0,27.10
fold2_room1_mix0336,21,4,0,134,0,21.63
fold2_room1_mix0336,21,4,0,5,0,30.82
fold2_room1_mix0336,22,4,0,144,0,24.48
fold2_room1_mix0336,22,4,0,7,0,32.78
fold2_room1_mix0336,23,4,0,153,0,26.94
fold2_room1_mix0336,23,4,0,136,0,20.88
fold2_room1_mix0336,23,4,0,4,0,32.06
fold2_room1_mix0336,24,4,0,141,-1,22.88
fold2_room1_mix0336,24,4,0,4,0,35.66
fold2_room1_mix0336,25,4,0,142,-1,23.50
fold2_room1_mix0336,25,4,0,6,0,36.33
fold2_room1_mix0336,26,4,0,139,-1,21.56
fold2_room1_mix0336,26,4,0,6,0,31.34
fold2_room1_mix0336,27,4,0,140,-1,23.57
fold2_room1_mix0336,27,4,0,6,0,36.69
fold2_room1_mix0336,28,4,0,139,-1,21.16
fold2_room1_mix0336,28,4,0,4,0,31.58
fold2_room1_mix0336,29,4,0,145,-1,22.15
fold2_room1_mix0336,29,4,0,130,-1,21.32
fold2_room1_mix0336,29,4,0,3,0,31.84
fold2_room1_mix0336,30,4,0,139,-1,22.15
fold2_room1_mix0336,30,4,0,2,0,35.20
fold2_room1_mix0336,31,4,0,144,-1,17.46
fold2_room1_mix0336,31,4,0,0,-1,28.09
fold2_room1_mix0336,32,4,0,138,-1,21.04
fold2_room1_mix0336,32,4,0,2,0,32.48
fold2_room1_mix0336,33,4,0,142,-1,17.62
fold2_room1_mix0336,33,4,0,3,-1,28.53
fold2_room1_mix0336,34,4,0,140,-1,18.58
fold2_room1_mix0336,34,4,0,125,-1,22.13
fold2_room1_mix0336,34,4,0,1,0,31.60
fold2_room1_mix0336,35,4,0,138,-1,16.68
fold2_room1_mix0336,35,4,0,1,0,29.11
fold2_room1_mix0336,36,4,0,130,-1,17.32
fold2_room1_mix0336,36,4,0,0,0,29.51
fold2_room1_mix0336,37,4,0,135,-1,15.88
fold2_room1_mix0336,37,4,0,3,0,26.06
fold2_room1_mix0336,38,4,0,134,-2,15.30
fold2_room1_mix0336,38,4,0,2,-1,25.49
fold2_room1_mix0336,39,4,0,129,-2,16.20
fold2_room1_mix0336,39,4,0,89,-2,19.19
fold2_room1_mix0336,39,4,0,0,0,30.56
fold2_room1_mix0336,40,4,0,115,-1,16.72
fold2_room1_mix0336,40,4,0,0,0,28.24
fold2_room1_mix0336,41,4,0,123,-1,15.93
fold2_room1_mix0336,41,4,0,64,-2,18.62
fold2_room1_mix0336,41,4,0,-4,0,28.71
fold2_room1_mix0336,42,4,0,104,-2,15.38
fold2_room1_mix0336,42,4,0,-3,0,25.04
fold2_room1_mix0336,43,4,0,117,0,17.41
fold2_room1_mix0336,43,4,0,91,-2,15.37
fold2_room1_mix0336,43,4,0,-7,0,26.77
fold2_room1_mix0336,44,4,0,106,-1,15.92
fold2_room1_mix0336,44,4,0,83,-2,15.37
fold2_room1_mix0336,44,4,0,-6,0,25.28
fold2_room1_mix0336,45,4,0,108,-1,15.42
fold2_room1_mix0336,45,4,0,71,-2,16.02
fold2_room1_mix0336,45,4,0,-14,0,23.92
fold2_room1_mix0336,46,4,0,102,-1,15.27
fold2_room1_mix0336,46,4,0,61,-2,15.60
fold2_room1_mix0336,46,4,0,-9,0,22.33
fold2_room1_mix0336,47,4,0,105,-1,15.09
fold2_room1_mix0336,47,4,0,27,-2,19.49
fold2_room1_mix0336,47,4,0,-4,0,22.87
fold2_room1_mix0336,48,4,0,95,-1,14.95
fold2_room1_mix0336,48,4,0,23,-3,15.86
fold2_room1_mix0336,48,4,0,-1,0,19.36
fold2_room1_mix0336,49,4,0,90,-2,14.89
fold2_room1_mix0336,49,4,0,19,-3,17.16
fold2_room1_mix0336,49,4,0,-2,0,21.06
fold2_room1_mix0336,50,4,0,83,-1,15.37
fold2_room1_mix0336,50,4,0,19,-2,16.42
fold2_room1_mix0336,50,4,0,0,0,20.34
fold2_room1_mix0336,51,4,0,77,-2,15.51
fold2_room1_mix0336,51,4,0,7,-1,17.36
fold2_room1_mix0336,52,4,0,72,-2,15.83
fold2_room1_mix0336,52,4,0,22,-3,14.79
fold2_room1_mix0336,52,4,0,1,0,19.69
fold2_room1_mix0336,53,4,0,67,-2,16.12
fold2_room1_mix0336,53,4,0,6,-1,18.31
fold2_room1_mix0336,54,4,0,58,-1,16.90
fold2_room1_mix0336,54,4,0,7,-1,17.97
fold2_room1_mix0336,55,4,0,54,-1,17.37
fold2_room1_mix0336,55,4,0,17,-2,15.29
fold2_room1_mix0336,55,4,0,1,-1,19.37
fold2_room1_mix0336,56,4,0,50,-1,18.28
fold2_room1_mix0336,56,4,0,9,-1,17.93
fold2_room1_mix0336,57,4,0,44,-1,18.78
fold2_room1_mix0336,57,4,0,17,-2,16.90
fold2_room1_mix0336,57,4,0,1,-1,20.89
fold2_room1_mix0336,58,4,0,43,-1,18.78
fold2_room1_mix0336,58,4,0,9,-1,18.62
fold2_room1_mix0336,59,4,0,44,-1,19.13
fold2_room1_mix0336,59,4,0,10,-1,18.25
fold2_room1_mix0336,60,4,0,48,-1,18.91
fold2_room1_mix0336,60,4,0,9,-2,15.90
fold2_room1_mix0336,61,4,0,44,-1,19.27
fold2_room1_mix0336,61,4,0,6,-2,16.07
fold2_room1_mix0336,62,4,0,46,0,20.74
fold2_room1_mix0336,62,4,0,5,-3,14.96
fold2_room1_mix0336,63,4,0,44,0,20.95
fold2_room1_mix0336,63,4,0,6,-3,15.11
fold2_room1_mix0336,64,4,0,42,0,21.74
fold2_room1_mix0336,64,4,0,4,-3,13.94
fold2_room1_mix0336,65,4,0,35,0,21.89
fold2_room1_mix0336,65,4,0,4,-3,15.34
fold2_room1_mix0336,66,4,0,34,0,22.98
fold2_room1_mix0336,66,4,0,2,-3,14.32
fold2_room1_mix0336,67,4,0,32,0,21.90
fold2_room1_mix0336,67,4,0,1,-4,13.23
fold2_room1_mix0336,68,4,0,33,0,22.74
fold2_room1_mix0336,68,4,0,0,-4,12.84
fold2_room1_mix0336,69,4,0,32,0,22.06
fold2_room1_mix0336,69,4,0,-1,-4,11.90
fold2_room1_mix0336,70,4,0,33,0,23.18
fold2_room1_mix0336,70,4,0,0,-5,11.16
fold2_room1_mix0336,71,4,0,29,1,22.36
fold2_room1_mix0336,71,4,0,-4,-5,10.02
fold2_room1_mix0336,72,4,0,26,0,21.42
fold2_room1_mix0336,72,4,0,-3,-5,10.61
fold2_room1_mix0336,73,4,0,28,0,20.18
fold2_room1_mix0336,73,4,0,-7,-5,8.95
fold2_room1_mix0336,74,4,0,22,0,18.46
fold2_room1_mix0336,74,4,0,-9,-5,8.73
fold2_room1_mix0336,75,4,0,20,-1,16.55
fold2_room1_mix0336,75,4,0,-16,-7,6.93
fold2_room1_mix0336,75,4,0,1,-3,12.13
fold2_room1_mix0336,76,4,0,21,-1,15.37
fold2_room1_mix0336,76,4,0,-15,-8,6.02
fold2_room1_mix0336,76,4,0,3,-3,11.75
fold2_room1_mix0336,77,4,0,10,-4,11.59
fold2_room1_mix0336,77,4,0,6,-2,12.75
fold2_room1_mix0336,78,4,0,-3,-6,9.28
fold2_room1_mix0336,78,4,0,2,-3,13.01
fold2_room1_mix0336,79,4,0,-24,-10,5.64
fold2_room1_mix0336,79,4,0,8,0,17.28
fold2_room1_mix0336,80,4,0,-33,-12,4.79
fold2_room1_mix0336,80,4,0,4,-1,16.69
fold2_room1_mix0336,81,4,0,-44,-12,3.96
fold2_room1_mix0336,81,4,0,20,0,27.16
fold2_room1_mix0336,82,4,0,-52,-14,3.28
fold2_room1_mix0336,82,4,0,20,0,30.20
fold2_room1_mix0336,83,4,0,-66,-17,2.32
fold2_room1_mix0336,83,4,0,22,0,27.68
fold2_room1_mix0336,84,4,0,-83,-19,2.06
fold2_room1_mix0336,84,4,0,26,0,29.98
fold2_room1_mix0336,85,4,0,-101,-18,1.92
fold2_room1_mix0336,85,4,0,39,0,28.33
fold2_room1_mix0336,86,4,0,-116,-15,2.10
fold2_room1_mix0336,86,4,0,38,1,27.94
fold2_room1_mix0336,87,4,0,-127,-14,2.31
fold2_room1_mix0336,87,4,0,44,1,26.88
fold2_room1_mix0336,88,4,0,-139,-10,2.79
fold2_room1_mix0336,88,4,0,48,2,28.33
fold2_room1_mix0336,89,4,0,-145,-10,3.23
fold2_room1_mix0336,89,4,0,38,0,25.80
fold2_room1_mix0336,90,4,0,-148,-9,3.39
fold2_room1_mix0336,90,4,0,63,1,25.71
fold2_room1_mix0336,91,4,0,-153,-8,4.16
fold2_room1_mix0336,91,4,0,58,1,25.42
fold2_room1_mix0336,92,4,0,-155,-7,4.42
fold2_room1_mix0336,92,4,0,57,0,24.92
fold2_room1_mix0336,93,4,0,-158,-6,5.38
fold2_room1_mix0336,93,4,0,69,0,23.63
fold2_room1_mix0336,94,4,0,-163,-5,6.53
fold2_room1_mix0336,94,4,0,36,0,25.01
fold2_room1_mix0336,95,4,0,-163,-5,6.95
fold2_room1_mix0336,95,4,0,34,0,24.36
fold2_room1_mix0336,96,4,0,-165,-4,7.95
fold2_room1_mix0336,96,4,0,26,0,24.28
fold2_room1_mix0336,97,4,0,-166,-4,9.09
fold2_room1_mix0336,97,4,0,21,0,24.06
fold2_room1_mix0336,98,4,0,-166,-4,9.72
fold2_room1_mix0336,99,4,0,-167,-3,9.85
fold2_room1_mix0337,2,4,0,-169,2,1.98
fold2_room1_mix0337,2,5,0,175,3,10.03
fold2_room1_mix0337,3,4,0,-168,0,8.71
fold2_room1_mix0337,4,4,0,-160,-1,11.71
fold2_room1_mix0337,5,4,0,-163,0,13.25
fold2_room1_mix0337,6,4,0,-161,0,15.64
fold2_room1_mix0337,7,4,0,-163,0,20.67
fold2_room1_mix0337,8,4,0,-166,-1,20.79
fold2_room1_mix0337,9,4,0,-164,-1,19.50
fold2_room1_mix0337,10,4,0,-160,0,19.22
fold2_room1_mix0337,11,4,0,-163,-1,18.16
fold2_room1_mix0337,12,4,0,-160,-1,18.16
fold2_room1_mix0337,13,4,0,-158,0,17.70
fold2_room1_mix0337,14,4,0,-158,-1,18.06
fold2_room1_mix0337,15,4,0,-158,-1,18.14
fold2_room1_mix0337,16,4,0,-158,-1,16.68
fold2_room1_mix0337,17,4,0,-158,-1,17.34
fold2_room1_mix0337,18,4,0,-157,0,16.57
fold2_room1_mix0337,19,4,0,-156,-1,16.60
fold2_room1_mix0337,20,4,0,-154,-1,16.37
fold2_room1_mix0337,21,4,0,-157,-1,15.87
fold2_room1_mix0337,22,4,0,-153,-1,15.54
fold2_room1_mix0337,23,4,0,-150,-1,15.76
fold2_room1_mix0337,24,4,0,-152,-1,14.51
fold2_room1_mix0337,25,4,0,-147,-1,14.35
fold2_room1_mix0337,26,4,0,-148,-1,13.89
fold2_room1_mix0337,27,4,0,-150,-2,13.68
fold2_room1_mix0337,28,4,0,-148,-1,13.75
fold2_room1_mix0337,29,4,0,-150,-2,13.14
fold2_room1_mix0337,30,4,0,-149,-2,12.82
fold2_room1_mix0337,31,4,0,-150,-2,12.72
fold2_room1_mix0337,32,4,0,-146,-2,11.75
fold2_room1_mix0337,33,4,0,-150,-2,11.88
fold2_room1_mix0337,34,4,0,-145,-2,11.49
fold2_room1_mix0337,35,4,0,-146,-2,11.35
fold2_room1_mix0337,36,4,0,-147,-2,10.95
fold2_room1_mix0337,37,4,0,-146,-2,10.74
fold2_room1_mix0337,38,4,0,-143,-2,11.02
fold2_room1_mix0337,39,4,0,-142,-2,10.60
fold2_room1_mix0337,40,4,0,-143,-3,10.11
fold2_room1_mix0337,41,4,0,-140,-3,9.94
fold2_room1_mix0337,42,4,0,-138,-3,9.79
fold2_room1_mix0337,43,4,0,-136,-3,9.10
fold2_room1_mix0337,44,4,0,-135,-3,9.01
fold2_room1_mix0337,45,4,0,-135,-3,8.58
fold2_room1_mix0337,46,4,0,-132,-4,8.75
fold2_room1_mix0337,47,4,0,-132,-3,8.59
fold2_room1_mix0337,48,4,0,-132,-4,7.74
fold2_room1_mix0337,49,4,0,-131,-4,8.21
fold2_room1_mix0337,50,4,0,-129,-4,7.87
fold2_room1_mix0337,51,4,0,-127,-4,7.52
fold2_room1_mix0337,52,4,0,-124,-5,7.02
fold2_room1_mix0337,53,4,0,-125,-5,7.06
fold2_room1_mix0337,54,4,0,-120,-5,7.17
fold2_room1_mix0337,55,4,0,-117,-4,7.00
fold2_room1_mix0337,56,4,0,-116,-5,6.65
fold2_room1_mix0337,57,4,0,-114,-5,6.53
fold2_room1_mix0337,58,4,0,-110,-5,6.47
fold2_room1_mix0337,59,4,0,-105,-5,6.45
fold2_room1_mix0337,60,4,0,-101,-5,6.15
fold2_room1_mix0337,61,4,0,-98,-5,6.46
fold2_room1_mix0337,62,4,0,-94,-5,6.70
fold2_room1_mix0337,63,4,0,-91,-4,6.77
fold2_room1_mix0337,64,4,0,-91,-5,6.47
fold2_room1_mix0337,65,4,0,-86,-4,6.85
fold2_room1_mix0337,66,4,0,-83,-5,7.01
fold2_room1_mix0337,67,4,0,-78,-4,6.82
fold2_room1_mix0337,68,4,0,-74,-4,6.51
fold2_room1_mix0337,69,4,0,-70,-5,6.67
fold2_room1_mix0337,70,4,0,-69,-5,6.74
fold2_room1_mix0337,71,4,0,-65,-4,6.97
fold2_room1_mix0337,72,4,0,-63,-5,7.05
fold2_room1_mix0337,73,4,0,-61,-4,7.17
fold2_room1_mix0337,74,4,0,-60,-4,7.30
fold2_room1_mix0337,75,4,0,-58,-4,7.55
fold2_room1_mix0337,76,4,0,-55,-4,7.82
fold2_room1_mix0337,77,4,0,-52,-4,7.97
fold2_room1_mix0337,78,4,0,-50,-4,8.76
fold2_room1_mix0337,79,4,0,-50,-4,9.14
fold2_room1_mix0337,80,4,0,-48,-4,8.95
fold2_room1_mix0337,81,4,0,-45,-3,9.80
fold2_room1_mix0337,82,4,0,-46,-4,9.43
fold2_room1_mix0337,83,4,0,-46,-3,10.11
fold2_room1_mix0337,84,4,0,-43,-3,10.41
fold2_room1_mix0337,85,4,0,-41,-3,10.37
fold2_room1_mix0337,86,4,0,-41,-2,11.01
fold2_room1_mix0337,86,5,0,-27,4,4.92
fold2_room1_mix0337,87,4,0,-37,-3,11.39
fold2_room1_mix0337,88,4,0,-35,-3,11.40
fold2_room1_mix0337,89,4,0,-36,-2,12.50
fold2_room1_mix0337,90,4,0,-35,-2,12.56
fold2_room1_mix0337,91,4,0,-34,-2,13.10
fold2_room1_mix0337,92,4,0,-35,-2,13.24
fold2_room1_mix0337,93,4,0,-35,-2,13.17
fold2_room1_mix0337,94,4,0,-33,-2,12.93
fold2_room1_mix0337,95,4,0,-31,-2,13.34
fold2_room1_mix0337,96,4,0,-30,-2,13.41
fold2_room1_mix0337,97,4,0,-29,-2,14.87
fold2_room1_mix0337,98,4,0,-27,-2,13.79
fold2_room1_mix0337,99,4,0,-30,-2,14.44
fold2_room1_mix0338,44,3,0,121,-4,15.04
fold2_room1_mix0338,45,3,0,125,-4,15.47
fold2_room1_mix0338,46,3,0,125,-3,12.68
fold2_room1_mix0338,47,3,0,128,-3,11.06
fold2_room1_mix0338,48,3,0,134,-3,12.24
fold2_room1_mix0338,49,3,0,136,-3,11.41
fold2_room1_mix0338,55,3,0,140,-3,10.85
fold2_room1_mix0338,56,3,0,142,-3,15.26
fold2_room1_mix0338,57,3,0,144,-3,14.60
fold2_room1_mix0338,58,3,0,143,-3,13.60
fold2_room1_mix0338,59,3,0,145,-3,13.93
fold2_room1_mix0338,60,3,0,146,-2,13.56
fold2_room1_mix0338,61,3,0,147,-2,12.42
fold2_room1_mix0338,62,3,0,148,-2,13.66
fold2_room1_mix0338,63,3,0,154,-2,13.52
fold2_room1_mix0338,69,3,0,150,-4,4.50
fold2_room1_mix0338,70,3,0,153,-3,11.18
fold2_room1_mix0338,71,3,0,152,-3,13.17
fold2_room1_mix0338,72,3,0,155,-3,15.90
fold2_room1_mix0338,73,3,0,150,-2,17.30
fold2_room1_mix0338,74,3,0,153,-2,17.69
fold2_room1_mix0338,75,3,0,152,-2,16.77
fold2_room1_mix0338,76,3,0,153,-2,15.84
fold2_room1_mix0338,83,3,0,155,-3,9.76
fold2_room1_mix0338,84,3,0,154,-3,11.44
fold2_room1_mix0338,85,3,0,155,-3,15.32
fold2_room1_mix0338,86,3,0,153,-2,16.69
fold2_room1_mix0338,87,3,0,156,-2,19.45
fold2_room1_mix0338,88,3,0,157,-2,18.83
fold2_room1_mix0338,89,3,0,154,-1,17.98
fold2_room1_mix0339,23,1,0,8,-2,41.77
fold2_room1_mix0339,25,1,0,7,-2,35.80
fold2_room1_mix0339,25,4,0,6,0,6.11
fold2_room1_mix0339,26,1,0,5,-2,30.45
fold2_room1_mix0339,26,4,0,10,0,6.48
fold2_room1_mix0339,27,1,0,4,-2,37.78
fold2_room1_mix0339,27,4,0,11,-1,11.11
fold2_room1_mix0339,28,1,0,8,-2,34.55
fold2_room1_mix0339,28,4,0,6,-1,11.08
fold2_room1_mix0339,29,1,0,7,-2,34.49
fold2_room1_mix0339,30,1,0,4,-2,36.36
fold2_room1_mix0339,31,1,0,7,-2,31.89
fold2_room1_mix0339,31,4,0,17,-2,10.07
fold2_room1_mix0339,32,1,0,10,-2,35.78
fold2_room1_mix0339,33,4,0,6,-2,12.28
fold2_room1_mix0339,34,1,0,10,-2,30.24
fold2_room1_mix0339,34,4,0,26,-1,9.30
fold2_room1_mix0339,35,1,0,6,-2,32.77
fold2_room1_mix0339,35,4,0,13,-2,7.10
fold2_room1_mix0339,36,1,0,9,-2,32.36
fold2_room1_mix0339,36,4,0,16,-2,9.79
fold2_room1_mix0339,37,1,0,9,-2,30.39
fold2_room1_mix0339,37,4,0,16,0,8.63
fold2_room1_mix0339,38,4,0,15,-2,9.87
fold2_room1_mix0339,39,1,0,8,-2,27.98
fold2_room1_mix0339,39,4,0,18,-2,10.23
fold2_room1_mix0339,40,1,0,11,-2,27.71
fold2_room1_mix0339,40,4,0,13,-1,8.90
fold2_room1_mix0339,41,1,0,10,-2,30.95
fold2_room1_mix0339,41,4,0,11,-2,9.94
fold2_room1_mix0339,42,4,0,20,-2,10.25
fold2_room1_mix0339,43,1,0,10,-2,26.74
fold2_room1_mix0339,43,4,0,12,-3,9.40
fold2_room1_mix0339,44,1,0,7,-2,28.06
fold2_room1_mix0339,44,4,0,14,-2,8.15
fold2_room1_mix0339,45,4,0,20,-2,10.47
fold2_room1_mix0339,46,4,0,16,-4,9.85
fold2_room1_mix0339,47,4,0,19,-3,9.43
fold2_room1_mix0339,48,4,0,21,-4,7.94
fold2_room1_mix0339,49,4,0,21,-4,7.81
fold2_room1_mix0339,50,4,0,26,-4,7.32
fold2_room1_mix0339,51,4,0,25,-4,6.89
fold2_room1_mix0339,52,4,0,25,-4,6.33
fold2_room1_mix0339,53,4,0,28,-5,5.99
fold2_room1_mix0339,54,4,0,31,-5,5.59
fold2_room1_mix0339,55,4,0,34,-5,5.25
fold2_room1_mix0339,56,4,0,35,-6,4.69
fold2_room1_mix0339,57,4,0,39,-6,4.37
fold2_room1_mix0339,58,4,0,46,-7,3.95
fold2_room1_mix0339,59,4,0,49,-8,3.75
fold2_room1_mix0339,60,4,0,63,-9,3.32
fold2_room1_mix0339,61,4,0,73,-11,3.00
fold2_room1_mix0339,62,4,0,81,-11,3.21
fold2_room1_mix0339,63,4,0,94,-10,3.32
fold2_room1_mix0339,64,4,0,107,-10,3.20
fold2_room1_mix0339,65,4,0,120,-8,3.43
fold2_room1_mix0339,66,4,0,127,-7,3.70
fold2_room1_mix0339,67,4,0,133,-7,3.83
fold2_room1_mix0339,68,4,0,138,-6,4.48
fold2_room1_mix0339,69,4,0,142,-6,4.64
fold2_room1_mix0339,70,4,0,143,-6,5.09
fold2_room1_mix0339,71,4,0,146,-5,5.77
fold2_room1_mix0339,72,4,0,149,-5,5.95
fold2_room1_mix0339,73,4,0,151,-5,6.36
fold2_room1_mix0339,74,4,0,153,-5,6.41
fold2_room1_mix0339,75,4,0,155,-4,7.46
fold2_room1_mix0339,76,4,0,159,-4,7.81
fold2_room1_mix0339,77,4,0,159,-4,8.21
fold2_room1_mix0339,78,4,0,159,-3,8.95
fold2_room1_mix0339,79,4,0,161,-3,9.23
fold2_room1_mix0339,80,4,0,162,-3,9.29
fold2_room1_mix0339,81,4,0,163,-3,10.36
fold2_room1_mix0339,82,4,0,164,-3,10.53
fold2_room1_mix0339,83,4,0,164,-3,10.34
fold2_room1_mix0339,84,4,0,165,-2,11.41
fold2_room1_mix0339,85,4,0,165,-2,12.01
fold2_room1_mix0339,86,4,0,166,-2,11.62
fold2_room1_mix0339,87,4,0,167,-2,12.19
fold2_room1_mix0339,88,4,0,167,-1,12.91
fold2_room1_mix0339,89,4,0,168,-2,13.22
fold2_room1_mix0339,90,4,0,168,-1,13.48
fold2_room1_mix0339,91,4,0,168,-1,14.07
fold2_room1_mix0339,92,4,0,167,-1,14.03
fold2_room1_mix0339,93,4,0,168,-1,14.74
fold2_room1_mix0339,94,4,0,169,-2,14.90
fold2_room1_mix0339,95,4,0,169,-1,15.62
fold2_room1_mix0339,96,4,0,170,-1,14.99
fold2_room1_mix0339,97,4,0,170,-1,16.66
fold2_room1_mix0339,98,4,0,172,-1,11.29
fold2_room1_mix0339,99,4,0,174,-1,5.96
fold2_room1_mix0340,2,4,0,175,0,3.17
fold2_room1_mix0340,2,4,0,1,0,3.04
fold2_room1_mix0340,3,4,0,177,0,8.81
fold2_room1_mix0340,3,4,0,3,0,7.63
fold2_room1_mix0340,4,4,0,-179,0,18.40
fold2_room1_mix0340,4,4,0,8,-1,14.56
fold2_room1_mix0340,5,4,0,178,0,22.02
fold2_room1_mix0340,5,4,0,7,-1,15.32
fold2_room1_mix0340,6,4,0,179,0,26.38
fold2_room1_mix0340,6,4,0,8,0,20.69
fold2_room1_mix0340,7,4,0,179,0,36.57
fold2_room1_mix0340,7,4,0,10,-1,27.15
fold2_room1_mix0340,8,4,0,-179,0,37.68
fold2_room1_mix0340,8,4,0,10,-1,27.82
fold2_room1_mix0340,9,4,0,178,0,35.94
fold2_room1_mix0340,9,4,0,9,-1,27.77
fold2_room1_mix0340,10,4,0,-179,0,34.66
fold2_room1_mix0340,10,4,0,10,-1,26.11
fold2_room1_mix0340,11,4,0,-179,-1,33.36
fold2_room1_mix0340,11,4,0,10,-2,23.11
fold2_room1_mix0340,12,4,0,-178,0,36.60
fold2_room1_mix0340,12,4,0,11,-2,26.44
fold2_room1_mix0340,13,4,0,-178,0,36.40
fold2_room1_mix0340,13,4,0,11,-2,27.25
fold2_room1_mix0340,14,4,0,-179,0,33.72
fold2_room1_mix0340,14,4,0,10,-2,24.58
fold2_room1_mix0340,15,4,0,-179,-1,32.50
fold2_room1_mix0340,15,4,0,12,-2,24.55
fold2_room1_mix0340,16,4,0,-178,0,31.78
fold2_room1_mix0340,16,4,0,12,-2,23.69
fold2_room1_mix0340,17,4,0,-179,-1,30.16
fold2_room1_mix0340,17,4,0,12,-2,22.96
fold2_room1_mix0340,18,4,0,178,0,31.10
fold2_room1_mix0340,18,4,0,15,-2,22.88
fold2_room1_mix0340,19,4,0,179,-1,31.36
fold2_room1_mix0340,19,4,0,14,-2,21.28
fold2_room1_mix0340,20,4,0,-179,0,30.93
fold2_room1_mix0340,20,4,0,15,-2,23.09
fold2_room1_mix0340,21,4,0,-179,0,29.42
fold2_room1_mix0340,21,4,0,14,-3,18.30
fold2_room1_mix0340,22,4,0,-179,0,29.29
fold2_room1_mix0340,22,4,0,16,-2,18.39
fold2_room1_mix0340,23,4,0,179,0,31.26
fold2_room1_mix0340,23,4,0,16,-3,16.59
fold2_room1_mix0340,24,4,0,-179,0,29.65
fold2_room1_mix0340,24,4,0,16,-4,14.19
fold2_room1_mix0340,25,4,0,178,0,30.31
fold2_room1_mix0340,25,4,0,16,-3,17.17
fold2_room1_mix0340,26,4,0,177,-1,26.03
fold2_room1_mix0340,26,4,0,16,-3,16.14
fold2_room1_mix0340,27,4,0,178,-1,26.79
fold2_room1_mix0340,27,4,0,17,-4,16.40
fold2_room1_mix0340,28,4,0,178,-1,25.28
fold2_room1_mix0340,28,4,0,17,-4,16.11
fold2_room1_mix0340,29,4,0,176,-1,22.65
fold2_room1_mix0340,29,4,0,26,-5,11.22
fold2_room1_mix0340,29,4,0,11,-3,17.29
fold2_room1_mix0340,30,4,0,176,-1,24.13
fold2_room1_mix0340,30,4,0,30,-5,10.05
fold2_room1_mix0340,30,4,0,11,-2,17.23
fold2_room1_mix0340,31,4,0,176,-1,23.72
fold2_room1_mix0340,31,4,0,28,-6,8.93
fold2_room1_mix0340,31,4,0,11,-3,14.67
fold2_room1_mix0340,32,4,0,177,0,22.93
fold2_room1_mix0340,32,4,0,32,-6,8.84
fold2_room1_mix0340,32,4,0,11,-2,18.42
fold2_room1_mix0340,33,4,0,175,0,23.73
fold2_room1_mix0340,33,4,0,31,-6,8.51
fold2_room1_mix0340,33,4,0,11,-2,16.22
fold2_room1_mix0340,34,0,0,2,0,8.34
fold2_room1_mix0340,34,4,0,178,0,25.70
fold2_room1_mix0340,34,4,0,23,-4,12.63
fold2_room1_mix0340,35,0,0,1,0,12.22
fold2_room1_mix0340,35,4,0,177,0,25.48
fold2_room1_mix0340,35,4,0,33,-7,7.65
fold2_room1_mix0340,35,4,0,19,-3,15.45
fold2_room1_mix0340,36,0,0,6,0,30.39
fold2_room1_mix0340,36,4,0,175,-1,23.26
fold2_room1_mix0340,36,4,0,41,-9,5.64
fold2_room1_mix0340,36,4,0,21,-4,14.20
fold2_room1_mix0340,37,0,0,5,0,43.15
fold2_room1_mix0340,37,4,0,173,-2,19.55
fold2_room1_mix0340,37,4,0,51,-10,6.03
fold2_room1_mix0340,37,4,0,22,-4,13.65
fold2_room1_mix0340,38,0,0,9,0,41.29
fold2_room1_mix0340,38,4,0,169,-2,18.55
fold2_room1_mix0340,38,4,0,62,-9,6.08
fold2_room1_mix0340,38,4,0,24,-3,14.87
fold2_room1_mix0340,39,0,0,12,0,39.92
fold2_room1_mix0340,39,4,0,164,-2,14.89
fold2_room1_mix0340,39,4,0,85,-9,5.89
fold2_room1_mix0340,39,4,0,31,-4,12.11
fold2_room1_mix0340,40,0,0,12,0,50.11
fold2_room1_mix0340,40,4,0,164,-2,13.59
fold2_room1_mix0340,40,4,0,102,-10,4.64
fold2_room1_mix0340,40,4,0,25,-3,14.03
fold2_room1_mix0340,41,0,0,13,0,47.84
fold2_room1_mix0340,41,4,0,161,-2,12.76
fold2_room1_mix0340,41,4,0,109,-9,4.97
fold2_room1_mix0340,41,4,0,30,-3,13.16
fold2_room1_mix0340,42,0,0,18,0,44.21
fold2_room1_mix0340,42,4,0,160,-2,10.51
fold2_room1_mix0340,42,4,0,116,-7,5.22
fold2_room1_mix0340,42,4,0,29,-2,14.86
fold2_room1_mix0340,43,0,0,16,0,39.61
fold2_room1_mix0340,43,4,0,158,-3,10.32
fold2_room1_mix0340,43,4,0,120,-6,6.12
fold2_room1_mix0340,43,4,0,32,-3,13.65
fold2_room1_mix0340,44,0,0,19,0,35.66
fold2_room1_mix0340,44,4,0,158,-3,10.12
fold2_room1_mix0340,44,4,0,126,-4,6.96
fold2_room1_mix0340,44,4,0,65,-4,10.15
fold2_room1_mix0340,45,0,0,17,0,36.60
fold2_room1_mix0340,45,4,0,158,-4,8.55
fold2_room1_mix0340,45,4,0,127,-5,6.22
fold2_room1_mix0340,45,4,0,34,-2,13.05
fold2_room1_mix0340,46,0,0,17,0,35.27
fold2_room1_mix0340,46,4,0,158,-5,8.15
fold2_room1_mix0340,46,4,0,134,-5,6.40
fold2_room1_mix0340,46,4,0,26,-2,14.35
fold2_room1_mix0340,47,0,0,16,0,31.92
fold2_room1_mix0340,47,4,0,150,-4,7.28
fold2_room1_mix0340,47,4,0,41,-3,11.63
fold2_room1_mix0340,48,0,0,18,0,31.81
fold2_room1_mix0340,48,4,0,155,-5,6.59
fold2_room1_mix0340,48,4,0,136,-4,6.20
fold2_room1_mix0340,48,4,0,26,-2,12.70
fold2_room1_mix0340,49,0,0,17,0,29.53
fold2_room1_mix0340,49,4,0,156,-5,6.26
fold2_room1_mix0340,49,4,0,140,-4,5.87
fold2_room1_mix0340,49,4,0,28,-2,12.94
fold2_room1_mix0340,50,0,0,20,0,26.78
fold2_room1_mix0340,50,4,0,155,-4,6.34
fold2_room1_mix0340,50,4,0,140,-4,5.93
fold2_room1_mix0340,50,4,0,34,-2,12.21
fold2_room1_mix0340,51,0,0,20,0,26.89
fold2_room1_mix0340,51,4,0,146,-4,5.81
fold2_room1_mix0340,51,4,0,39,-1,13.25
fold2_room1_mix0340,52,0,0,17,0,27.72
fold2_room1_mix0340,52,4,0,144,-4,5.69
fold2_room1_mix0340,52,4,0,61,-2,11.31
fold2_room1_mix0340,53,0,0,18,0,25.86
fold2_room1_mix0340,53,4,0,148,-4,6.84
fold2_room1_mix0340,53,4,0,116,-7,4.73
fold2_room1_mix0340,53,4,0,33,-1,13.99
fold2_room1_mix0340,54,0,0,22,0,23.89
fold2_room1_mix0340,54,4,0,144,-5,6.78
fold2_room1_mix0340,54,4,0,90,-9,3.39
fold2_room1_mix0340,54,4,0,35,-1,13.25
fold2_room1_mix0340,55,0,0,24,-1,23.05
fold2_room1_mix0340,55,4,0,134,-4,7.56
fold2_room1_mix0340,55,4,0,76,-9,3.23
fold2_room1_mix0340,55,4,0,33,0,13.58
fold2_room1_mix0340,56,0,0,26,-1,20.83
fold2_room1_mix0340,56,4,0,136,-4,7.63
fold2_room1_mix0340,56,4,0,67,-9,2.89
fold2_room1_mix0340,56,4,0,27,0,13.82
fold2_room1_mix0340,57,0,0,27,-1,15.37
fold2_room1_mix0340,57,4,0,144,-3,9.20
fold2_room1_mix0340,57,4,0,55,-6,3.41
fold2_room1_mix0340,57,4,0,33,-2,10.09
fold2_room1_mix0340,58,0,0,45,-1,12.19
fold2_room1_mix0340,58,4,0,144,0,10.11
fold2_room1_mix0340,58,4,0,38,-3,6.57
fold2_room1_mix0340,59,0,0,45,-2,12.26
fold2_room1_mix0340,59,4,0,143,-1,9.76
fold2_room1_mix0340,59,4,0,32,-3,5.87
fold2_room1_mix0340,60,0,0,44,-2,11.37
fold2_room1_mix0340,60,4,0,149,-1,10.66
fold2_room1_mix0340,60,4,0,28,-4,6.36
fold2_room1_mix0340,61,0,0,65,-2,9.52
fold2_room1_mix0340,61,4,0,147,0,9.35
fold2_room1_mix0340,61,4,0,26,-3,6.80
fold2_room1_mix0340,62,0,0,76,-2,9.66
fold2_room1_mix0340,62,4,0,156,0,9.97
fold2_room1_mix0340,62,4,0,26,-3,7.94
fold2_room1_mix0340,63,0,0,87,-3,9.18
fold2_room1_mix0340,63,4,0,150,0,10.15
fold2_room1_mix0340,63,4,0,23,-2,7.58
fold2_room1_mix0340,64,0,0,94,-3,8.91
fold2_room1_mix0340,64,4,0,151,0,10.66
fold2_room1_mix0340,64,4,0,18,-2,8.06
fold2_room1_mix0340,65,0,0,108,-2,10.60
fold2_room1_mix0340,65,4,0,147,0,11.80
fold2_room1_mix0340,65,4,0,17,-1,9.99
fold2_room1_mix0340,66,0,0,124,-2,11.25
fold2_room1_mix0340,66,4,0,151,0,13.96
fold2_room1_mix0340,66,4,0,15,-1,10.04
fold2_room1_mix0340,67,0,0,120,-2,12.06
fold2_room1_mix0340,67,4,0,148,0,13.05
fold2_room1_mix0340,67,4,0,13,-1,9.95
fold2_room1_mix0340,68,0,0,133,-2,14.27
fold2_room1_mix0340,68,4,0,150,0,13.59
fold2_room1_mix0340,68,4,0,14,-1,10.56
fold2_room1_mix0340,69,0,0,132,-2,13.97
fold2_room1_mix0340,69,4,0,155,0,14.17
fold2_room1_mix0340,69,4,0,13,-1,12.59
fold2_room1_mix0340,70,0,0,145,-1,16.27
fold2_room1_mix0340,70,4,0,157,0,14.91
fold2_room1_mix0340,70,4,0,13,-2,12.08
fold2_room1_mix0340,71,0,0,148,-1,18.64
fold2_room1_mix0340,71,4,0,156,0,14.41
fold2_room1_mix0340,71,4,0,14,-1,12.90
fold2_room1_mix0340,72,0,0,155,-1,20.55
fold2_room1_mix0340,72,4,0,158,0,15.71
fold2_room1_mix0340,72,4,0,14,-2,12.61
fold2_room1_mix0340,73,0,0,154,-1,20.07
fold2_room1_mix0340,73,4,0,160,-1,15.16
fold2_room1_mix0340,73,4,0,13,-2,13.22
fold2_room1_mix0340,74,0,0,154,-1,20.72
fold2_room1_mix0340,74,4,0,160,0,15.17
fold2_room1_mix0340,74,4,0,14,-2,11.73
fold2_room1_mix0340,75,0,0,155,-1,21.92
fold2_room1_mix0340,75,4,0,160,-1,13.52
fold2_room1_mix0340,75,4,0,15,-3,10.93
fold2_room1_mix0340,76,0,0,157,-1,21.98
fold2_room1_mix0340,76,4,0,166,0,14.45
fold2_room1_mix0340,76,4,0,16,-3,10.63
fold2_room1_mix0340,77,0,0,157,-1,22.83
fold2_room1_mix0340,77,4,0,169,0,14.02
fold2_room1_mix0340,77,4,0,18,-4,9.20
fold2_room1_mix0340,78,0,0,160,-1,25.70
fold2_room1_mix0340,78,4,0,165,-1,13.78
fold2_room1_mix0340,78,4,0,21,-4,8.92
fold2_room1_mix0340,79,0,0,159,-1,24.68
fold2_room1_mix0340,79,4,0,164,-1,13.01
fold2_room1_mix0340,79,4,0,21,-5,8.14
fold2_room1_mix0340,80,0,0,162,-1,27.78
fold2_room1_mix0340,80,4,0,166,-2,11.37
fold2_room1_mix0340,80,4,0,25,-5,7.83
fold2_room1_mix0340,81,0,0,161,-1,29.39
fold2_room1_mix0340,81,4,0,156,-4,11.15
fold2_room1_mix0340,81,4,0,32,-6,8.17
fold2_room1_mix0340,82,0,0,160,0,31.07
fold2_room1_mix0340,82,4,0,155,-5,10.27
fold2_room1_mix0340,82,4,0,73,-16,1.84
fold2_room1_mix0340,82,4,0,28,-2,15.08
fold2_room1_mix0340,83,0,0,163,0,29.40
fold2_room1_mix0340,83,4,0,160,-5,8.40
fold2_room1_mix0340,83,4,0,123,-14,1.85
fold2_room1_mix0340,83,4,0,29,-1,17.23
fold2_room1_mix0340,84,0,0,162,0,30.78
fold2_room1_mix0340,84,4,0,166,-3,10.36
fold2_room1_mix0340,84,4,0,137,-10,2.05
fold2_room1_mix0340,84,4,0,27,0,19.42
fold2_room1_mix0340,85,0,0,162,0,33.53
fold2_room1_mix0340,85,4,0,170,-2,9.82
fold2_room1_mix0340,85,4,0,154,-8,2.87
fold2_room1_mix0340,85,4,0,25,0,20.35
fold2_room1_mix0340,86,0,0,164,0,35.24
fold2_room1_mix0340,86,4,0,161,-4,5.74
fold2_room1_mix0340,86,4,0,23,0,21.06
fold2_room1_mix0340,87,0,0,163,0,33.88
fold2_room1_mix0340,87,4,0,163,-3,6.25
fold2_room1_mix0340,87,4,0,22,0,23.53
fold2_room1_mix0340,88,0,0,163,0,32.72
fold2_room1_mix0340,88,4,0,166,-2,7.07
fold2_room1_mix0340,88,4,0,22,0,23.88
fold2_room1_mix0340,89,0,0,164,0,32.51
fold2_room1_mix0340,89,4,0,168,-1,8.71
fold2_room1_mix0340,89,4,0,18,0,27.13
fold2_room1_mix0340,90,0,0,164,0,35.04
fold2_room1_mix0340,90,4,0,170,-1,9.14
fold2_room1_mix0340,90,4,0,18,0,28.61
fold2_room1_mix0340,91,0,0,163,0,30.55
fold2_room1_mix0340,91,4,0,170,-1,9.89
fold2_room1_mix0340,91,4,0,15,0,33.56
fold2_room1_mix0340,92,0,0,166,0,26.53
fold2_room1_mix0340,92,4,0,170,-1,11.08
fold2_room1_mix0340,92,4,0,11,0,33.54
fold2_room1_mix0340,93,0,0,165,0,12.27
fold2_room1_mix0340,93,4,0,171,-1,11.09
fold2_room1_mix0340,93,4,0,12,0,38.64
fold2_room1_mix0340,94,4,0,169,-1,11.90
fold2_room1_mix0340,94,4,0,12,0,36.50
fold2_room1_mix0340,95,0,0,165,0,9.51
fold2_room1_mix0340,95,4,0,172,-1,12.44
fold2_room1_mix0340,95,4,0,10,0,42.21
fold2_room1_mix0340,96,4,0,174,-1,13.46
fold2_room1_mix0340,96,4,0,7,0,45.68
fold2_room1_mix0340,97,4,0,171,-1,13.09
fold2_room1_mix0340,97,4,0,9,1,46.81
fold2_room1_mix0340,98,4,0,171,-1,13.22
fold2_room1_mix0340,98,4,0,8,0,44.05
fold2_room1_mix0340,99,4,0,174,-2,13.78
fold2_room1_mix0340,99,4,0,7,0,46.98
fold2_room1_mix0340,1,4,0,1,0,1.57
fold2_room1_mix0341,2,4,0,177,0,3.07
fold2_room1_mix0341,2,4,0,1,1,3.34
fold2_room1_mix0341,3,4,0,-178,0,7.74
fold2_room1_mix0341,3,4,0,1,0,7.81
fold2_room1_mix0341,4,4,0,-177,0,16.26
fold2_room1_mix0341,4,4,0,3,0,17.69
fold2_room1_mix0341,5,4,0,-178,0,18.03
fold2_room1_mix0341,5,4,0,1,0,18.01
fold2_room1_mix0341,6,4,0,-179,0,20.89
fold2_room1_mix0341,6,4,0,0,0,19.69
fold2_room1_mix0341,7,4,0,-178,-1,32.32
fold2_room1_mix0341,7,4,0,3,-1,34.60
fold2_room1_mix0341,8,4,0,-178,0,34.34
fold2_room1_mix0341,8,4,0,0,-1,31.59
fold2_room1_mix0341,9,4,0,179,0,34.40
fold2_room1_mix0341,9,4,0,2,-1,31.78
fold2_room1_mix0341,10,4,0,179,0,34.23
fold2_room1_mix0341,10,4,0,2,-1,30.24
fold2_room1_mix0341,11,4,0,179,0,33.93
fold2_room1_mix0341,11,4,0,3,-1,29.88
fold2_room1_mix0341,12,4,0,179,-1,36.35
fold2_room1_mix0341,12,4,0,4,-1,30.65
fold2_room1_mix0341,13,4,0,177,0,39.88
fold2_room1_mix0341,13,4,0,3,-1,27.89
fold2_room1_mix0341,14,4,0,178,-1,37.34
fold2_room1_mix0341,14,4,0,1,-2,26.12
fold2_room1_mix0341,15,4,0,179,0,40.78
fold2_room1_mix0341,15,4,0,3,-2,28.15
fold2_room1_mix0341,16,4,0,179,-1,39.18
fold2_room1_mix0341,16,4,0,2,-2,24.95
fold2_room1_mix0341,17,4,0,179,0,38.05
fold2_room1_mix0341,17,4,0,2,-2,24.93
fold2_room1_mix0341,18,4,0,-179,0,37.30
fold2_room1_mix0341,18,4,0,1,-2,23.48
fold2_room1_mix0341,19,4,0,-178,0,33.98
fold2_room1_mix0341,19,4,0,3,-2,21.22
fold2_room1_mix0341,20,4,0,-178,-1,34.23
fold2_room1_mix0341,20,4,0,1,-2,21.58
fold2_room1_mix0341,21,4,0,-176,-1,34.47
fold2_room1_mix0341,21,4,0,2,-2,21.21
fold2_room1_mix0341,22,4,0,-177,-1,34.59
fold2_room1_mix0341,22,4,0,2,-2,21.06
fold2_room1_mix0341,23,4,0,-176,-1,30.09
fold2_room1_mix0341,23,4,0,3,-2,19.93
fold2_room1_mix0341,24,4,0,-175,-1,31.44
fold2_room1_mix0341,24,4,0,2,-3,18.39
fold2_room1_mix0341,25,4,0,-175,-2,28.80
fold2_room1_mix0341,25,4,0,2,-3,19.88
fold2_room1_mix0341,26,4,0,-175,-1,29.57
fold2_room1_mix0341,26,4,0,1,-3,17.04
fold2_room1_mix0341,27,4,0,-176,-1,28.62
fold2_room1_mix0341,27,4,0,2,-3,15.97
fold2_room1_mix0341,28,4,0,-177,-1,30.90
fold2_room1_mix0341,28,4,0,2,-3,16.95
fold2_room1_mix0341,29,4,0,-178,0,32.55
fold2_room1_mix0341,29,4,0,2,-3,14.28
fold2_room1_mix0341,30,4,0,-177,0,29.37
fold2_room1_mix0341,30,4,0,3,-3,14.33
fold2_room1_mix0341,31,0,0,27,-1,7.15
fold2_room1_mix0341,31,4,0,-176,0,29.70
fold2_room1_mix0341,31,4,0,5,-3,14.89
fold2_room1_mix0341,32,0,0,30,-1,8.24
fold2_room1_mix0341,32,4,0,179,0,32.11
fold2_room1_mix0341,32,4,0,2,-3,15.64
fold2_room1_mix0341,33,0,0,33,-1,9.89
fold2_room1_mix0341,33,4,0,-178,0,31.08
fold2_room1_mix0341,33,4,0,2,-3,13.89
fold2_room1_mix0341,34,0,0,36,-1,9.71
fold2_room1_mix0341,34,4,0,-179,0,31.68
fold2_room1_mix0341,34,4,0,3,-3,13.34
fold2_room1_mix0341,35,0,0,39,-1,16.16
fold2_room1_mix0341,35,4,0,-179,0,26.46
fold2_room1_mix0341,35,4,0,7,-4,10.87
fold2_room1_mix0341,36,0,0,30,-1,30.23
fold2_room1_mix0341,36,4,0,179,0,23.71
fold2_room1_mix0341,36,4,0,8,-4,10.81
fold2_room1_mix0341,37,0,0,34,-1,23.71
fold2_room1_mix0341,37,4,0,179,-1,24.52
fold2_room1_mix0341,37,4,0,8,-4,10.44
fold2_room1_mix0341,38,0,0,34,-1,24.52
fold2_room1_mix0341,38,4,0,-177,0,21.67
fold2_room1_mix0341,38,4,0,5,-4,9.82
fold2_room1_mix0341,39,0,0,38,-1,24.46
fold2_room1_mix0341,39,4,0,-178,-1,20.01
fold2_room1_mix0341,39,4,0,7,-4,9.49
fold2_room1_mix0341,40,0,0,39,-1,26.35
fold2_room1_mix0341,40,4,0,-178,-1,20.04
fold2_room1_mix0341,40,4,0,7,-4,8.90
fold2_room1_mix0341,41,0,0,39,-1,25.88
fold2_room1_mix0341,41,4,0,-176,-2,18.56
fold2_room1_mix0341,41,4,0,7,-5,8.62
fold2_room1_mix0341,42,0,0,39,-1,22.79
fold2_room1_mix0341,42,4,0,-177,-1,17.87
fold2_room1_mix0341,42,4,0,7,-5,7.19
fold2_room1_mix0341,43,0,0,37,-1,23.34
fold2_room1_mix0341,43,4,0,-177,-1,16.01
fold2_room1_mix0341,43,4,0,8,-5,6.80
fold2_room1_mix0341,44,0,0,42,-1,21.72
fold2_room1_mix0341,44,4,0,-179,0,18.52
fold2_room1_mix0341,44,4,0,7,-6,6.41
fold2_room1_mix0341,45,0,0,41,-1,22.32
fold2_room1_mix0341,45,4,0,-177,-1,15.31
fold2_room1_mix0341,45,4,0,6,-6,5.88
fold2_room1_mix0341,46,0,0,44,-1,18.42
fold2_room1_mix0341,46,4,0,-178,-1,15.76
fold2_room1_mix0341,46,4,0,8,-6,5.26
fold2_room1_mix0341,47,0,0,50,-1,17.12
fold2_room1_mix0341,47,4,0,179,-1,14.21
fold2_room1_mix0341,47,4,0,8,-8,4.71
fold2_room1_mix0341,48,0,0,51,-2,15.46
fold2_room1_mix0341,48,4,0,179,-2,13.01
fold2_room1_mix0341,48,4,0,9,-9,4.10
fold2_room1_mix0341,49,0,0,50,-1,17.17
fold2_room1_mix0341,49,4,0,-178,-2,12.45
fold2_room1_mix0341,49,4,0,9,-8,3.85
fold2_room1_mix0341,50,0,0,57,-1,16.04
fold2_room1_mix0341,50,4,0,-179,-3,11.07
fold2_room1_mix0341,50,4,0,11,-9,3.26
fold2_room1_mix0341,51,0,0,59,-2,14.57
fold2_room1_mix0341,51,4,0,-179,-4,9.83
fold2_room1_mix0341,51,4,0,12,-9,3.10
fold2_room1_mix0341,52,0,0,53,-1,16.23
fold2_room1_mix0341,52,4,0,178,-4,10.63
fold2_room1_mix0341,52,4,0,14,-9,3.28
fold2_room1_mix0341,53,0,0,53,-1,15.52
fold2_room1_mix0341,53,4,0,179,-3,10.10
fold2_room1_mix0341,53,4,0,17,-10,3.12
fold2_room1_mix0341,54,0,0,56,-2,13.43
fold2_room1_mix0341,54,4,0,-179,-4,8.98
fold2_room1_mix0341,54,4,0,22,-14,2.32
fold2_room1_mix0341,55,0,0,54,-1,16.25
fold2_room1_mix0341,55,4,0,-177,-6,7.13
fold2_room1_mix0341,55,4,0,36,-22,1.77
fold2_room1_mix0341,56,0,0,66,-1,12.73
fold2_room1_mix0341,56,4,0,175,-10,4.62
fold2_room1_mix0341,56,4,0,106,-33,1.40
fold2_room1_mix0341,57,0,0,61,-2,9.79
fold2_room1_mix0341,57,4,0,-175,-10,4.64
fold2_room1_mix0341,57,4,0,166,-18,2.28
fold2_room1_mix0341,57,4,0,141,-24,1.43
fold2_room1_mix0341,58,0,0,52,-2,11.49
fold2_room1_mix0341,58,4,0,-176,-9,3.52
fold2_room1_mix0341,58,4,0,154,-18,1.75
fold2_room1_mix0341,59,0,0,55,-2,10.65
fold2_room1_mix0341,59,4,0,-174,-12,2.67
fold2_room1_mix0341,60,0,0,48,-1,13.70
fold2_room1_mix0341,60,4,0,-165,-15,2.31
fold2_room1_mix0341,61,0,0,33,-1,15.34
fold2_room1_mix0341,61,4,0,142,-9,2.69
fold2_room1_mix0341,61,4,0,-87,-28,0.73
fold2_room1_mix0341,61,4,0,-111,-36,0.85
fold2_room1_mix0341,62,0,0,32,-1,12.86
fold2_room1_mix0341,62,4,0,165,-4,4.68
fold2_room1_mix0341,62,4,0,-53,-16,1.24
fold2_room1_mix0341,62,4,0,-71,-25,0.69
fold2_room1_mix0341,63,4,0,172,-1,4.20
fold2_room1_mix0341,63,4,0,-28,-9,1.66
fold2_room1_mix0341,64,0,0,35,-1,14.46
fold2_room1_mix0341,64,4,0,169,-3,5.24
fold2_room1_mix0341,64,4,0,-20,-10,2.48
fold2_room1_mix0341,65,4,0,166,-2,6.24
fold2_room1_mix0341,65,4,0,-20,-7,3.02
fold2_room1_mix0341,66,0,0,27,-1,10.14
fold2_room1_mix0341,66,4,0,169,-2,7.13
fold2_room1_mix0341,66,4,0,-16,-6,3.88
fold2_room1_mix0341,67,4,0,172,-2,7.24
fold2_room1_mix0341,67,4,0,-12,-5,4.61
fold2_room1_mix0341,68,4,0,172,-1,8.18
fold2_room1_mix0341,68,4,0,-9,-4,5.44
fold2_room1_mix0341,69,4,0,173,-2,8.53
fold2_room1_mix0341,69,4,0,-8,-4,5.89
fold2_room1_mix0341,70,4,0,175,-2,8.04
fold2_room1_mix0341,70,4,0,-8,-3,6.68
fold2_room1_mix0341,71,4,0,175,-3,8.66
fold2_room1_mix0341,71,4,0,-7,-3,8.10
fold2_room1_mix0341,72,4,0,176,-3,9.05
fold2_room1_mix0341,72,4,0,-6,-3,8.98
fold2_room1_mix0341,73,4,0,178,-3,9.65
fold2_room1_mix0341,73,4,0,-6,-3,9.72
fold2_room1_mix0341,74,4,0,177,-3,9.12
fold2_room1_mix0341,74,4,0,-5,-3,9.89
fold2_room1_mix0341,75,4,0,179,-3,10.45
fold2_room1_mix0341,75,4,0,-4,-2,10.64
fold2_room1_mix0341,76,4,0,177,-2,10.47
fold2_room1_mix0341,76,4,0,-4,-2,11.49
fold2_room1_mix0341,77,4,0,178,-3,10.16
fold2_room1_mix0341,77,4,0,-4,-2,12.67
fold2_room1_mix0341,78,4,0,179,-3,11.15
fold2_room1_mix0341,78,4,0,-3,-2,14.00
fold2_room1_mix0341,79,4,0,178,-2,11.49
fold2_room1_mix0341,79,4,0,-3,-2,14.32
fold2_room1_mix0341,80,4,0,178,-3,11.27
fold2_room1_mix0341,80,4,0,-3,-1,15.70
fold2_room1_mix0341,81,4,0,178,-2,12.83
fold2_room1_mix0341,81,4,0,-3,-1,17.29
fold2_room1_mix0341,82,4,0,178,-2,13.12
fold2_room1_mix0341,82,4,0,-2,-2,18.15
fold2_room1_mix0341,83,4,0,178,-2,13.06
fold2_room1_mix0341,83,4,0,-3,-1,19.18
fold2_room1_mix0341,84,4,0,179,-2,13.98
fold2_room1_mix0341,84,4,0,-2,-1,20.63
fold2_room1_mix0341,85,4,0,178,-2,13.66
fold2_room1_mix0341,85,4,0,-2,-1,20.36
fold2_room1_mix0341,86,4,0,178,-2,13.95
fold2_room1_mix0341,86,4,0,-2,-1,21.74
fold2_room1_mix0341,87,4,0,177,-1,14.53
fold2_room1_mix0341,87,4,0,-1,-1,21.69
fold2_room1_mix0341,88,4,0,178,-2,13.66
fold2_room1_mix0341,88,4,0,-1,-1,22.49
fold2_room1_mix0341,89,4,0,177,-2,15.40
fold2_room1_mix0341,89,4,0,-1,-1,24.49
fold2_room1_mix0341,90,4,0,177,-2,14.96
fold2_room1_mix0341,90,4,0,-2,-1,24.82
fold2_room1_mix0341,91,4,0,178,-2,14.50
fold2_room1_mix0341,91,4,0,-1,-1,26.36
fold2_room1_mix0341,92,4,0,178,-2,15.09
fold2_room1_mix0341,92,4,0,-1,0,27.58
fold2_room1_mix0341,93,4,0,177,-2,14.65
fold2_room1_mix0341,93,4,0,-1,0,28.13
fold2_room1_mix0341,94,4,0,177,-2,15.12
fold2_room1_mix0341,94,4,0,-1,0,28.54
fold2_room1_mix0341,95,4,0,176,-2,16.30
fold2_room1_mix0341,95,4,0,-1,0,31.98
fold2_room1_mix0341,96,4,0,176,-2,15.99
fold2_room1_mix0341,96,4,0,-1,0,32.38
fold2_room1_mix0341,97,4,0,175,-1,17.85
fold2_room1_mix0341,97,4,0,-1,0,35.93
fold2_room1_mix0341,98,4,0,176,-1,18.20
fold2_room1_mix0341,98,4,0,0,0,35.13
fold2_room1_mix0341,99,4,0,175,-1,16.66
fold2_room1_mix0341,99,4,0,-1,0,35.23
fold2_room1_mix0342,4,4,0,178,0,2.30
fold2_room1_mix0342,5,4,0,177,0,11.77
fold2_room1_mix0342,6,4,0,176,0,16.30
fold2_room1_mix0342,7,4,0,178,0,19.41
fold2_room1_mix0342,8,4,0,176,0,30.08
fold2_room1_mix0342,9,4,0,177,0,27.76
fold2_room1_mix0342,10,4,0,177,0,34.69
fold2_room1_mix0342,11,4,0,175,0,36.02
fold2_room1_mix0342,12,4,0,176,0,36.54
fold2_room1_mix0342,13,4,0,176,0,35.21
fold2_room1_mix0342,14,4,0,175,0,35.48
fold2_room1_mix0342,15,4,0,175,0,37.43
fold2_room1_mix0342,16,4,0,177,0,36.25
fold2_room1_mix0342,17,4,0,176,0,35.92
fold2_room1_mix0342,18,4,0,176,0,38.50
fold2_room1_mix0342,19,4,0,175,0,40.21
fold2_room1_mix0342,20,4,0,176,0,39.34
fold2_room1_mix0342,21,4,0,177,0,39.51
fold2_room1_mix0342,22,4,0,176,0,39.61
fold2_room1_mix0342,23,4,0,176,0,39.43
fold2_room1_mix0342,24,4,0,176,0,38.23
fold2_room1_mix0342,25,4,0,177,0,38.67
fold2_room1_mix0342,26,4,0,176,0,40.76
fold2_room1_mix0342,27,4,0,175,0,39.39
fold2_room1_mix0342,28,4,0,177,0,39.44
fold2_room1_mix0342,29,4,0,177,0,39.54
fold2_room1_mix0342,30,4,0,176,0,39.34
fold2_room1_mix0342,31,4,0,177,0,36.81
fold2_room1_mix0342,32,4,0,177,0,36.44
fold2_room1_mix0342,33,4,0,178,0,35.38
fold2_room1_mix0342,34,4,0,178,0,36.20
fold2_room1_mix0342,35,4,0,178,0,35.58
fold2_room1_mix0342,36,4,0,178,0,34.78
fold2_room1_mix0342,37,4,0,177,0,33.67
fold2_room1_mix0342,38,4,0,177,0,32.33
fold2_room1_mix0342,39,4,0,176,0,31.31
fold2_room1_mix0342,40,4,0,176,0,31.45
fold2_room1_mix0342,41,4,0,176,0,29.77
fold2_room1_mix0342,42,4,0,177,0,28.50
fold2_room1_mix0342,43,4,0,174,-1,27.27
fold2_room1_mix0342,44,4,0,175,-1,26.05
fold2_room1_mix0342,45,4,0,173,-1,25.21
fold2_room1_mix0342,46,4,0,175,-1,24.24
fold2_room1_mix0342,47,4,0,173,-1,23.26
fold2_room1_mix0342,48,4,0,173,-1,21.78
fold2_room1_mix0342,49,4,0,172,-1,20.32
fold2_room1_mix0342,50,4,0,171,-1,19.43
fold2_room1_mix0342,51,4,0,170,-1,18.46
fold2_room1_mix0342,52,4,0,170,-2,17.48
fold2_room1_mix0342,53,4,0,169,-2,16.32
fold2_room1_mix0342,54,4,0,169,-2,14.45
fold2_room1_mix0342,55,4,0,168,-3,13.57
fold2_room1_mix0342,56,4,0,166,-3,12.24
fold2_room1_mix0342,57,4,0,165,-3,11.31
fold2_room1_mix0342,58,4,0,165,-3,10.63
fold2_room1_mix0342,59,4,0,162,-4,9.71
fold2_room1_mix0342,60,4,0,160,-5,8.70
fold2_room1_mix0342,61,4,0,158,-6,7.51
fold2_room1_mix0342,62,4,0,153,-7,5.95
fold2_room1_mix0342,63,4,0,147,-8,4.89
fold2_room1_mix0342,64,4,0,139,-10,4.14
fold2_room1_mix0342,65,4,0,127,-13,3.45
fold2_room1_mix0342,66,4,0,100,-15,2.89
fold2_room1_mix0342,67,4,0,81,-16,2.65
fold2_room1_mix0342,68,4,0,58,-12,2.81
fold2_room1_mix0342,69,4,0,45,-10,3.22
fold2_room1_mix0342,70,4,0,33,-8,3.99
fold2_room1_mix0342,71,4,0,29,-7,4.79
fold2_room1_mix0342,72,4,0,26,-6,5.78
fold2_room1_mix0342,73,4,0,22,-5,6.56
fold2_room1_mix0342,74,4,0,19,-5,7.27
fold2_room1_mix0342,75,4,0,16,-4,8.77
fold2_room1_mix0342,76,4,0,15,-4,9.58
fold2_room1_mix0342,77,4,0,14,-3,10.27
fold2_room1_mix0342,78,4,0,12,-3,11.38
fold2_room1_mix0342,79,4,0,12,-3,12.17
fold2_room1_mix0342,80,4,0,11,-3,13.25
fold2_room1_mix0342,81,4,0,10,-3,14.22
fold2_room1_mix0342,82,4,0,10,-2,14.92
fold2_room1_mix0342,83,4,0,9,-2,16.22
fold2_room1_mix0342,84,4,0,9,-2,18.07
fold2_room1_mix0342,85,4,0,9,-2,19.22
fold2_room1_mix0342,86,4,0,9,-2,19.62
fold2_room1_mix0342,87,4,0,9,-2,20.55
fold2_room1_mix0342,88,4,0,9,-1,21.90
fold2_room1_mix0342,89,4,0,8,-1,22.37
fold2_room1_mix0342,90,4,0,8,-1,23.63
fold2_room1_mix0342,91,4,0,9,-1,25.41
fold2_room1_mix0342,92,4,0,8,-2,25.13
fold2_room1_mix0342,93,4,0,7,-2,24.98
fold2_room1_mix0342,94,4,0,7,-1,26.32
fold2_room1_mix0342,95,4,0,7,-2,27.52
fold2_room1_mix0342,96,4,0,6,-1,28.68
fold2_room1_mix0342,97,4,0,7,-1,30.08
fold2_room1_mix0342,98,4,0,7,-1,30.43
fold2_room1_mix0342,99,4,0,7,-1,30.43
fold2_room1_mix0343,2,4,0,173,1,1.96
fold2_room1_mix0343,2,4,0,4,0,1.82
fold2_room1_mix0343,4,4,0,172,0,16.64
fold2_room1_mix0343,4,4,0,10,0,16.18
fold2_room1_mix0343,5,4,0,173,0,18.24
fold2_room1_mix0343,5,4,0,9,0,17.18
fold2_room1_mix0343,6,4,0,172,0,21.62
fold2_room1_mix0343,6,4,0,8,0,20.28
fold2_room1_mix0343,7,4,0,172,0,28.09
fold2_room1_mix0343,7,4,0,10,0,26.41
fold2_room1_mix0343,8,4,0,172,0,34.59
fold2_room1_mix0343,8,4,0,11,0,33.72
fold2_room1_mix0343,9,4,0,172,0,35.75
fold2_room1_mix0343,9,4,0,10,0,35.16
fold2_room1_mix0343,10,4,0,173,0,33.55
fold2_room1_mix0343,10,4,0,9,0,31.42
fold2_room1_mix0343,11,4,0,172,0,37.03
fold2_room1_mix0343,11,4,0,10,0,33.76
fold2_room1_mix0343,12,4,0,173,0,36.09
fold2_room1_mix0343,12,4,0,10,0,33.60
fold2_room1_mix0343,13,4,0,173,0,35.53
fold2_room1_mix0343,13,4,0,10,0,34.50
fold2_room1_mix0343,14,4,0,173,0,39.88
fold2_room1_mix0343,14,4,0,9,0,35.47
fold2_room1_mix0343,15,4,0,175,0,38.64
fold2_room1_mix0343,15,4,0,11,0,33.81
fold2_room1_mix0343,16,4,0,174,0,38.07
fold2_room1_mix0343,16,4,0,11,0,32.92
fold2_room1_mix0343,17,4,0,174,0,40.27
fold2_room1_mix0343,17,4,0,12,0,33.45
fold2_room1_mix0343,18,4,0,176,0,36.86
fold2_room1_mix0343,18,4,0,11,-1,32.40
fold2_room1_mix0343,19,4,0,177,0,44.46
fold2_room1_mix0343,19,4,0,12,-1,32.94
fold2_room1_mix0343,20,4,0,177,0,41.88
fold2_room1_mix0343,20,4,0,14,-1,32.23
fold2_room1_mix0343,21,4,0,175,0,45.19
fold2_room1_mix0343,21,4,0,13,-1,30.72
fold2_room1_mix0343,22,4,0,177,0,42.81
fold2_room1_mix0343,22,4,0,13,-1,31.70
fold2_room1_mix0343,23,4,0,175,0,41.17
fold2_room1_mix0343,23,4,0,13,-1,28.71
fold2_room1_mix0343,24,4,0,178,0,39.14
fold2_room1_mix0343,24,4,0,14,-1,28.29
fold2_room1_mix0343,25,4,0,177,0,40.78
fold2_room1_mix0343,25,4,0,14,-1,28.29
fold2_room1_mix0343,26,4,0,177,0,39.53
fold2_room1_mix0343,26,4,0,15,-1,28.27
fold2_room1_mix0343,27,4,0,176,0,42.68
fold2_room1_mix0343,27,4,0,14,-1,28.62
fold2_room1_mix0343,28,4,0,177,0,40.59
fold2_room1_mix0343,28,4,0,14,-1,26.92
fold2_room1_mix0343,29,4,0,178,0,38.58
fold2_room1_mix0343,29,4,0,16,-1,24.73
fold2_room1_mix0343,30,4,0,178,0,38.26
fold2_room1_mix0343,30,4,0,17,-1,24.14
fold2_room1_mix0343,31,4,0,177,0,38.08
fold2_room1_mix0343,31,4,0,16,-2,22.93
fold2_room1_mix0343,32,4,0,178,0,37.04
fold2_room1_mix0343,32,4,0,16,-1,24.27
fold2_room1_mix0343,33,4,0,177,0,34.92
fold2_room1_mix0343,33,4,0,18,-2,22.68
fold2_room1_mix0343,34,4,0,177,0,35.13
fold2_room1_mix0343,34,4,0,17,-2,21.89
fold2_room1_mix0343,35,4,0,177,0,35.09
fold2_room1_mix0343,35,4,0,18,-2,22.16
fold2_room1_mix0343,36,4,0,178,0,31.96
fold2_room1_mix0343,36,4,0,20,-2,21.29
fold2_room1_mix0343,37,4,0,178,0,33.66
fold2_room1_mix0343,37,4,0,20,-2,20.50
fold2_room1_mix0343,38,4,0,177,0,31.09
fold2_room1_mix0343,38,4,0,23,-2,19.95
fold2_room1_mix0343,39,4,0,176,0,31.52
fold2_room1_mix0343,39,4,0,23,-2,19.71
fold2_room1_mix0343,40,4,0,176,0,30.38
fold2_room1_mix0343,40,4,0,23,-2,19.99
fold2_room1_mix0343,41,4,0,176,0,29.32
fold2_room1_mix0343,41,4,0,23,-2,19.46
fold2_room1_mix0343,42,4,0,176,-1,27.63
fold2_room1_mix0343,42,4,0,24,-2,18.36
fold2_room1_mix0343,43,4,0,175,0,30.03
fold2_room1_mix0343,43,4,0,26,-2,19.39
fold2_room1_mix0343,44,4,0,175,-1,26.45
fold2_room1_mix0343,44,4,0,26,-2,18.82
fold2_room1_mix0343,45,4,0,175,-1,26.09
fold2_room1_mix0343,45,4,0,24,-2,18.06
fold2_room1_mix0343,46,4,0,175,-1,25.62
fold2_room1_mix0343,46,4,0,24,-2,18.48
fold2_room1_mix0343,47,4,0,175,-2,22.95
fold2_room1_mix0343,47,4,0,23,-2,16.94
fold2_room1_mix0343,48,4,0,173,-2,21.92
fold2_room1_mix0343,48,4,0,23,-2,16.87
fold2_room1_mix0343,49,4,0,172,-2,19.58
fold2_room1_mix0343,49,4,0,23,-2,15.82
fold2_room1_mix0343,50,4,0,170,-2,18.50
fold2_room1_mix0343,50,4,0,23,-2,15.94
fold2_room1_mix0343,51,4,0,168,-2,16.69
fold2_room1_mix0343,51,4,0,23,-3,14.60
fold2_room1_mix0343,52,2,0,-106,-2,7.23
fold2_room1_mix0343,52,4,0,166,-2,16.92
fold2_room1_mix0343,52,4,0,24,-2,15.06
fold2_room1_mix0343,53,2,0,-94,-2,12.75
fold2_room1_mix0343,53,4,0,167,-2,15.96
fold2_room1_mix0343,53,4,0,23,-3,13.59
fold2_room1_mix0343,54,2,0,-99,-2,10.69
fold2_room1_mix0343,54,4,0,168,-2,14.38
fold2_room1_mix0343,54,4,0,29,-2,13.98
fold2_room1_mix0343,55,2,0,-98,-1,9.75
fold2_room1_mix0343,55,4,0,167,-2,12.37
fold2_room1_mix0343,55,4,0,39,-3,11.92
fold2_room1_mix0343,55,4,0,21,-2,13.35
fold2_room1_mix0343,56,2,0,-99,-2,10.29
fold2_room1_mix0343,56,4,0,166,-3,11.05
fold2_room1_mix0343,56,4,0,50,-2,12.62
fold2_room1_mix0343,56,4,0,23,-2,13.53
fold2_room1_mix0343,57,2,0,-100,-2,6.09
fold2_room1_mix0343,57,4,0,163,-4,9.40
fold2_room1_mix0343,57,4,0,51,-3,10.10
fold2_room1_mix0343,57,4,0,24,-2,11.43
fold2_room1_mix0343,58,4,0,159,-4,7.28
fold2_room1_mix0343,58,4,0,75,-5,8.46
fold2_room1_mix0343,58,4,0,25,-2,10.15
fold2_room1_mix0343,59,4,0,159,-6,6.44
fold2_room1_mix0343,59,4,0,59,-8,7.09
fold2_room1_mix0343,59,4,0,34,-4,9.84
fold2_room1_mix0343,60,4,0,151,-8,6.24
fold2_room1_mix0343,60,4,0,87,-13,5.71
fold2_room1_mix0343,60,4,0,31,-5,8.66
fold2_room1_mix0343,61,4,0,148,-9,6.70
fold2_room1_mix0343,61,4,0,79,-12,5.52
fold2_room1_mix0343,61,4,0,49,-9,6.35
fold2_room1_mix0343,62,2,0,-90,-1,12.63
fold2_room1_mix0343,62,4,0,146,-8,7.68
fold2_room1_mix0343,62,4,0,64,-12,4.77
fold2_room1_mix0343,62,4,0,43,-8,5.94
fold2_room1_mix0343,63,2,0,-95,-1,13.00
fold2_room1_mix0343,63,4,0,147,-6,8.35
fold2_room1_mix0343,63,4,0,42,-9,4.69
fold2_room1_mix0343,64,2,0,-95,-2,10.82
fold2_room1_mix0343,64,4,0,127,-4,10.51
fold2_room1_mix0343,64,4,0,36,-7,5.68
fold2_room1_mix0343,65,2,0,-94,-1,11.73
fold2_room1_mix0343,65,4,0,89,-4,10.15
fold2_room1_mix0343,65,4,0,32,-6,5.72
fold2_room1_mix0343,66,2,0,-95,-1,13.60
fold2_room1_mix0343,66,4,0,90,-3,10.89
fold2_room1_mix0343,66,4,0,29,-5,6.23
fold2_room1_mix0343,67,2,0,-95,-1,10.80
fold2_room1_mix0343,67,4,0,67,-3,10.72
fold2_room1_mix0343,67,4,0,28,-4,7.62
fold2_room1_mix0343,68,4,0,57,-2,11.33
fold2_room1_mix0343,68,4,0,23,-4,8.16
fold2_room1_mix0343,69,4,0,67,-3,11.87
fold2_room1_mix0343,69,4,0,21,-3,8.27
fold2_room1_mix0343,70,4,0,60,-3,11.22
fold2_room1_mix0343,70,4,0,23,-3,9.03
fold2_room1_mix0343,71,4,0,72,-4,11.75
fold2_room1_mix0343,71,4,0,21,-3,9.23
fold2_room1_mix0343,72,2,0,-94,-2,11.58
fold2_room1_mix0343,72,4,0,67,-4,10.72
fold2_room1_mix0343,72,4,0,23,-2,10.30
fold2_room1_mix0343,73,2,0,-96,-1,15.54
fold2_room1_mix0343,73,4,0,67,-4,10.38
fold2_room1_mix0343,73,4,0,25,-2,11.18
fold2_room1_mix0343,74,2,0,-95,-1,15.55
fold2_room1_mix0343,74,4,0,70,-4,10.16
fold2_room1_mix0343,74,4,0,27,-3,10.76
fold2_room1_mix0343,75,4,0,75,-4,10.52
fold2_room1_mix0343,75,4,0,23,-3,11.40
fold2_room1_mix0343,76,4,0,76,-4,9.48
fold2_room1_mix0343,76,4,0,26,-3,11.31
fold2_room1_mix0343,77,4,0,83,-4,8.62
fold2_room1_mix0343,77,4,0,42,-2,10.49
fold2_room1_mix0343,77,4,0,19,-2,14.17
fold2_room1_mix0343,78,4,0,84,-4,8.84
fold2_room1_mix0343,78,4,0,49,-2,11.43
fold2_room1_mix0343,78,4,0,18,-1,16.99
fold2_room1_mix0343,79,4,0,81,-4,8.92
fold2_room1_mix0343,79,4,0,19,0,18.21
fold2_room1_mix0343,80,4,0,88,-4,8.27
fold2_room1_mix0343,80,4,0,19,0,20.69
fold2_room1_mix0343,81,4,0,91,-3,8.37
fold2_room1_mix0343,81,4,0,18,1,23.74
fold2_room1_mix0343,82,4,0,94,-4,8.43
fold2_room1_mix0343,82,4,0,19,1,26.45
fold2_room1_mix0343,83,4,0,96,-3,8.68
fold2_room1_mix0343,83,4,0,18,1,27.19
fold2_room1_mix0343,84,4,0,99,-3,9.06
fold2_room1_mix0343,84,4,0,19,1,29.68
fold2_room1_mix0343,85,4,0,104,-3,9.28
fold2_room1_mix0343,85,4,0,18,2,32.90
fold2_room1_mix0343,86,4,0,108,-3,8.87
fold2_room1_mix0343,86,4,0,20,2,32.49
fold2_room1_mix0343,87,4,0,110,-3,9.15
fold2_room1_mix0343,87,4,0,19,1,31.08
fold2_room1_mix0343,88,4,0,113,-3,9.56
fold2_room1_mix0343,88,4,0,19,1,34.08
fold2_room1_mix0343,89,4,0,114,-3,9.35
fold2_room1_mix0343,89,4,0,19,2,35.22
fold2_room1_mix0343,90,4,0,117,-3,9.50
fold2_room1_mix0343,90,4,0,19,1,34.49
fold2_room1_mix0343,91,4,0,120,-2,10.20
fold2_room1_mix0343,91,4,0,16,1,37.14
fold2_room1_mix0343,92,4,0,122,-3,9.94
fold2_room1_mix0343,92,4,0,17,1,35.13
fold2_room1_mix0343,93,4,0,124,-2,10.54
fold2_room1_mix0343,93,4,0,16,0,34.95
fold2_room1_mix0343,94,4,0,126,-2,11.37
fold2_room1_mix0343,94,4,0,13,1,38.91
fold2_room1_mix0343,95,4,0,128,-2,11.54
fold2_room1_mix0343,95,4,0,12,0,35.69
fold2_room1_mix0343,96,4,0,131,-2,12.01
fold2_room1_mix0343,96,4,0,12,0,36.00
fold2_room1_mix0343,97,4,0,131,-1,12.49
fold2_room1_mix0343,97,4,0,17,1,38.06
fold2_room1_mix0343,98,4,0,132,-2,11.43
fold2_room1_mix0343,98,4,0,12,0,37.65
fold2_room1_mix0343,99,4,0,132,-2,12.24
fold2_room1_mix0343,99,4,0,14,0,36.60
fold2_room1_mix0343,3,4,0,4,1,3.42
fold2_room1_mix0344,0,5,0,127,1,3.89
fold2_room1_mix0344,1,5,0,136,2,13.42
fold2_room1_mix0344,2,4,0,178,0,1.88
fold2_room1_mix0344,2,5,0,145,3,7.60
fold2_room1_mix0344,3,4,0,179,0,6.30
fold2_room1_mix0344,3,5,0,124,1,11.66
fold2_room1_mix0344,4,4,0,179,-1,14.32
fold2_room1_mix0344,4,5,0,129,2,14.94
fold2_room1_mix0344,5,4,0,178,0,17.47
fold2_room1_mix0344,5,4,0,6,0,23.45
fold2_room1_mix0344,5,5,0,139,3,13.65
fold2_room1_mix0344,6,4,0,179,-1,17.12
fold2_room1_mix0344,6,5,0,133,2,19.13
fold2_room1_mix0344,7,4,0,178,-1,23.70
fold2_room1_mix0344,7,5,0,132,2,17.22
fold2_room1_mix0344,8,4,0,-179,-1,27.83
fold2_room1_mix0344,8,5,0,136,2,13.78
fold2_room1_mix0344,9,4,0,178,-1,27.17
fold2_room1_mix0344,9,4,0,2,0,39.48
fold2_room1_mix0344,9,5,0,135,2,17.70
fold2_room1_mix0344,10,4,0,178,-1,27.16
fold2_room1_mix0344,10,4,0,5,0,38.26
fold2_room1_mix0344,10,5,0,137,3,12.58
fold2_room1_mix0344,11,4,0,177,-1,24.43
fold2_room1_mix0344,11,4,0,2,0,37.06
fold2_room1_mix0344,11,5,0,135,2,16.56
fold2_room1_mix0344,12,4,0,179,-1,22.74
fold2_room1_mix0344,12,5,0,133,2,15.70
fold2_room1_mix0344,13,4,0,178,0,25.14
fold2_room1_mix0344,13,4,0,4,0,39.32
fold2_room1_mix0344,13,5,0,138,3,15.47
fold2_room1_mix0344,14,4,0,177,-1,21.64
fold2_room1_mix0344,14,4,0,3,-1,36.90
fold2_room1_mix0344,14,5,0,133,2,18.86
fold2_room1_mix0344,15,4,0,177,-1,23.69
fold2_room1_mix0344,15,4,0,1,0,38.45
fold2_room1_mix0344,15,5,0,141,3,16.27
fold2_room1_mix0344,16,4,0,179,-1,24.22
fold2_room1_mix0344,16,5,0,134,2,14.92
fold2_room1_mix0344,17,4,0,179,-1,23.42
fold2_room1_mix0344,17,4,0,2,0,37.96
fold2_room1_mix0344,17,5,0,137,3,16.69
fold2_room1_mix0344,18,4,0,178,-1,23.84
fold2_room1_mix0344,18,4,0,3,0,40.89
fold2_room1_mix0344,18,5,0,140,3,16.34
fold2_room1_mix0344,19,4,0,179,-1,24.42
fold2_room1_mix0344,19,4,0,2,0,40.58
fold2_room1_mix0344,19,5,0,138,3,17.39
fold2_room1_mix0344,20,4,0,178,-1,22.16
fold2_room1_mix0344,20,4,0,0,0,39.02
fold2_room1_mix0344,20,5,0,137,2,17.40
fold2_room1_mix0344,21,4,0,179,-1,26.38
fold2_room1_mix0344,21,4,0,2,0,42.51
fold2_room1_mix0344,21,5,0,140,3,15.14
fold2_room1_mix0344,22,4,0,179,-1,24.13
fold2_room1_mix0344,22,4,0,2,0,45.00
fold2_room1_mix0344,22,5,0,136,3,17.45
fold2_room1_mix0344,23,4,0,177,-1,23.39
fold2_room1_mix0344,23,4,0,2,0,45.62
fold2_room1_mix0344,23,5,0,140,3,15.34
fold2_room1_mix0344,24,4,0,178,-1,24.29
fold2_room1_mix0344,24,4,0,1,0,44.53
fold2_room1_mix0344,24,5,0,137,3,15.99
fold2_room1_mix0344,25,4,0,178,-1,22.49
fold2_room1_mix0344,25,4,0,0,0,48.22
fold2_room1_mix0344,25,5,0,139,3,18.04
fold2_room1_mix0344,26,1,0,32,-2,15.43
fold2_room1_mix0344,26,4,0,177,-2,18.71
fold2_room1_mix0344,26,4,0,2,0,45.24
fold2_room1_mix0344,26,5,0,136,3,15.41
fold2_room1_mix0344,27,1,0,44,-3,24.75
fold2_room1_mix0344,27,4,0,175,-2,19.69
fold2_room1_mix0344,27,4,0,4,0,41.20
fold2_room1_mix0344,27,5,0,137,3,17.03
fold2_room1_mix0344,28,1,0,52,-3,18.43
fold2_room1_mix0344,28,4,0,175,-2,19.08
fold2_room1_mix0344,28,4,0,0,-1,36.70
fold2_room1_mix0344,28,5,0,134,3,17.09
fold2_room1_mix0344,29,1,0,56,-4,16.28
fold2_room1_mix0344,29,4,0,173,-3,20.23
fold2_room1_mix0344,29,4,0,3,-2,39.43
fold2_room1_mix0344,29,5,0,130,3,13.81
fold2_room1_mix0344,30,1,0,76,-4,14.52
fold2_room1_mix0344,30,4,0,173,-1,19.37
fold2_room1_mix0344,30,4,0,1,0,43.20
fold2_room1_mix0344,30,5,0,135,3,18.07
fold2_room1_mix0344,31,1,0,65,-4,16.19
fold2_room1_mix0344,31,4,0,175,-1,22.31
fold2_room1_mix0344,31,4,0,4,-1,40.26
fold2_room1_mix0344,31,5,0,134,3,17.08
fold2_room1_mix0344,32,1,0,80,-4,18.18
fold2_room1_mix0344,32,4,0,172,-3,20.02
fold2_room1_mix0344,32,4,0,4,-2,41.85
fold2_room1_mix0344,32,5,0,129,3,15.90
fold2_room1_mix0344,33,1,0,91,-4,14.00
fold2_room1_mix0344,33,4,0,173,-3,18.47
fold2_room1_mix0344,33,4,0,4,-3,34.07
fold2_room1_mix0344,33,5,0,131,3,16.87
fold2_room1_mix0344,34,1,0,93,-4,15.00
fold2_room1_mix0344,34,4,0,175,-2,18.70
fold2_room1_mix0344,34,4,0,3,-4,31.58
fold2_room1_mix0344,34,5,0,125,3,14.65
fold2_room1_mix0344,35,1,0,94,-4,12.37
fold2_room1_mix0344,35,4,0,175,-1,19.21
fold2_room1_mix0344,35,4,0,2,-2,34.44
fold2_room1_mix0344,35,5,0,129,2,17.65
fold2_room1_mix0344,36,1,0,105,-4,16.45
fold2_room1_mix0344,36,4,0,177,-1,21.07
fold2_room1_mix0344,36,5,0,128,3,17.72
fold2_room1_mix0344,37,1,0,117,-3,16.74
fold2_room1_mix0344,37,4,0,178,-1,20.13
fold2_room1_mix0344,37,4,0,4,-1,38.34
fold2_room1_mix0344,37,5,0,136,3,15.40
fold2_room1_mix0344,38,1,0,122,-3,16.65
fold2_room1_mix0344,38,4,0,179,-1,20.74
fold2_room1_mix0344,38,4,0,4,-5,32.34
fold2_room1_mix0344,38,5,0,130,3,18.70
fold2_room1_mix0344,39,1,0,126,-3,18.72
fold2_room1_mix0344,39,4,0,179,-2,19.21
fold2_room1_mix0344,39,4,0,-1,-4,32.89
fold2_room1_mix0344,39,5,0,132,2,17.47
fold2_room1_mix0344,40,1,0,123,-3,15.45
fold2_room1_mix0344,40,4,0,-178,-1,20.40
fold2_room1_mix0344,40,5,0,130,3,16.15
fold2_room1_mix0344,41,4,0,179,-2,14.18
fold2_room1_mix0344,41,5,0,139,2,20.64
fold2_room1_mix0344,42,1,0,136,-3,19.79
fold2_room1_mix0344,42,4,0,178,-2,17.27
fold2_room1_mix0344,42,4,0,-1,-1,39.51
fold2_room1_mix0344,42,5,0,141,3,18.16
fold2_room1_mix0344,43,1,0,135,-3,17.74
fold2_room1_mix0344,43,4,0,177,-1,18.52
fold2_room1_mix0344,43,4,0,2,-1,38.55
fold2_room1_mix0344,43,5,0,139,3,16.94
fold2_room1_mix0344,44,1,0,141,-2,23.88
fold2_room1_mix0344,44,4,0,-178,-2,17.21
fold2_room1_mix0344,44,4,0,-2,-3,33.18
fold2_room1_mix0344,44,5,0,137,2,21.07
fold2_room1_mix0344,45,1,0,141,-3,21.20
fold2_room1_mix0344,45,4,0,-177,-2,19.06
fold2_room1_mix0344,45,4,0,-1,-1,41.40
fold2_room1_mix0344,45,5,0,138,3,18.04
fold2_room1_mix0344,46,4,0,179,-1,13.78
fold2_room1_mix0344,46,4,0,-3,0,32.93
fold2_room1_mix0344,46,5,0,142,3,20.13
fold2_room1_mix0344,47,1,0,146,-3,22.99
fold2_room1_mix0344,47,4,0,-179,-2,17.11
fold2_room1_mix0344,47,4,0,-2,-2,38.65
fold2_room1_mix0344,47,5,0,144,2,21.31
fold2_room1_mix0344,48,1,0,150,-3,23.23
fold2_room1_mix0344,48,4,0,178,-1,17.23
fold2_room1_mix0344,48,4,0,-1,0,42.85
fold2_room1_mix0344,48,5,0,134,3,17.35
fold2_room1_mix0344,49,1,0,149,-2,25.10
fold2_room1_mix0344,49,4,0,179,-2,15.53
fold2_room1_mix0344,49,4,0,-2,-1,41.92
fold2_room1_mix0344,49,5,0,143,3,18.93
fold2_room1_mix0344,50,1,0,150,-2,26.87
fold2_room1_mix0344,50,4,0,-176,-2,16.10
fold2_room1_mix0344,50,4,0,-1,-1,39.26
fold2_room1_mix0344,50,5,0,139,3,17.93
fold2_room1_mix0344,51,1,0,143,-3,9.96
fold2_room1_mix0344,51,4,0,-178,-1,12.51
fold2_room1_mix0344,51,4,0,-5,0,34.46
fold2_room1_mix0344,51,5,0,142,2,21.04
fold2_room1_mix0344,52,1,0,147,-2,21.87
fold2_room1_mix0344,52,4,0,-176,-3,13.76
fold2_room1_mix0344,52,4,0,-9,-1,36.51
fold2_room1_mix0344,52,5,0,143,3,18.84
fold2_room1_mix0344,53,1,0,151,-2,29.36
fold2_room1_mix0344,53,4,0,-176,-3,11.60
fold2_room1_mix0344,53,4,0,-1,0,37.79
fold2_room1_mix0344,53,5,0,145,2,18.98
fold2_room1_mix0344,54,1,0,152,-2,30.12
fold2_room1_mix0344,54,4,0,-173,-4,11.11
fold2_room1_mix0344,54,4,0,-4,-2,31.70
fold2_room1_mix0344,54,5,0,142,2,21.51
fold2_room1_mix0344,55,1,0,154,-2,29.89
fold2_room1_mix0344,55,4,0,-175,-3,11.87
fold2_room1_mix0344,55,4,0,-3,-1,38.38
fold2_room1_mix0344,55,5,0,144,2,20.28
fold2_room1_mix0344,56,1,0,156,-2,22.61
fold2_room1_mix0344,56,4,0,-171,-4,9.39
fold2_room1_mix0344,56,4,0,-6,-1,32.10
fold2_room1_mix0344,56,5,0,143,2,21.93
fold2_room1_mix0344,57,4,0,-164,-7,5.81
fold2_room1_mix0344,57,4,0,-9,-2,21.16
fold2_room1_mix0344,57,5,0,147,2,23.68
fold2_room1_mix0344,58,1,0,151,-2,26.74
fold2_room1_mix0344,58,4,0,-162,-8,5.16
fold2_room1_mix0344,58,4,0,-4,-3,23.99
fold2_room1_mix0344,58,5,0,148,2,23.51
fold2_room1_mix0344,59,4,0,-164,-8,7.26
fold2_room1_mix0344,59,4,0,-149,-14,3.23
fold2_room1_mix0344,59,4,0,-15,-3,20.85
fold2_room1_mix0344,59,5,0,150,2,23.68
fold2_room1_mix0344,60,4,0,-159,-16,4.33
fold2_room1_mix0344,60,4,0,-118,-22,1.48
fold2_room1_mix0344,60,4,0,-2,0,22.75
fold2_room1_mix0344,60,5,0,143,2,18.21
fold2_room1_mix0344,61,4,0,-149,-11,5.96
fold2_room1_mix0344,61,4,0,-60,-20,1.52
fold2_room1_mix0344,61,4,0,-12,-4,14.17
fold2_room1_mix0344,61,5,0,147,2,21.15
fold2_room1_mix0344,62,4,0,-160,-11,4.25
fold2_room1_mix0344,62,4,0,-47,-13,2.18
fold2_room1_mix0344,62,4,0,-18,-2,10.30
fold2_room1_mix0344,62,5,0,145,2,19.44
fold2_room1_mix0344,63,4,0,-173,-8,5.12
fold2_room1_mix0344,63,4,0,-38,-11,2.05
fold2_room1_mix0344,63,4,0,-18,-4,7.78
fold2_room1_mix0344,63,5,0,146,2,18.20
fold2_room1_mix0344,64,4,0,-177,-9,5.59
fold2_room1_mix0344,64,4,0,-24,-6,8.01
fold2_room1_mix0344,64,5,0,145,2,19.81
fold2_room1_mix0344,65,4,0,171,-6,5.76
fold2_room1_mix0344,65,4,0,-21,-5,6.45
fold2_room1_mix0344,65,5,0,149,2,17.03
fold2_room1_mix0344,66,4,0,169,-7,4.99
fold2_room1_mix0344,66,4,0,-18,-5,6.83
fold2_room1_mix0344,66,5,0,148,2,16.60
fold2_room1_mix0344,67,4,0,165,-8,4.58
fold2_room1_mix0344,67,4,0,-14,-4,6.59
fold2_room1_mix0344,67,5,0,147,2,18.45
fold2_room1_mix0344,68,4,0,158,-9,4.15
fold2_room1_mix0344,68,4,0,-11,-4,6.49
fold2_room1_mix0344,68,5,0,146,2,16.64
fold2_room1_mix0344,69,4,0,156,-9,3.64
fold2_room1_mix0344,69,4,0,-10,-3,7.38
fold2_room1_mix0344,69,5,0,148,2,16.11
fold2_room1_mix0344,70,4,0,151,-10,3.10
fold2_room1_mix0344,70,4,0,-7,-4,6.11
fold2_room1_mix0344,70,5,0,147,2,17.96
fold2_room1_mix0344,71,4,0,143,-11,2.90
fold2_room1_mix0344,71,4,0,-6,-4,7.04
fold2_room1_mix0344,71,5,0,148,2,16.02
fold2_room1_mix0344,72,4,0,139,-13,2.27
fold2_room1_mix0344,72,4,0,-3,-3,7.39
fold2_room1_mix0344,72,5,0,151,2,18.07
fold2_room1_mix0344,73,4,0,117,-15,1.94
fold2_room1_mix0344,73,4,0,-4,-3,6.83
fold2_room1_mix0344,73,5,0,146,2,18.14
fold2_room1_mix0344,74,4,0,106,-19,1.59
fold2_room1_mix0344,74,4,0,-1,-4,7.31
fold2_room1_mix0344,74,5,0,147,2,16.10
fold2_room1_mix0344,75,4,0,80,-17,1.70
fold2_room1_mix0344,75,4,0,-2,-2,8.85
fold2_room1_mix0344,75,5,0,145,2,16.79
fold2_room1_mix0344,76,4,0,83,-18,1.72
fold2_room1_mix0344,76,4,0,-1,-3,8.90
fold2_room1_mix0344,76,5,0,142,2,15.66
fold2_room1_mix0344,77,4,0,123,-15,2.27
fold2_room1_mix0344,77,4,0,-2,-3,8.36
fold2_room1_mix0344,77,5,0,146,2,17.22
fold2_room1_mix0344,78,4,0,131,-11,2.97
fold2_room1_mix0344,78,4,0,2,-3,7.16
fold2_room1_mix0344,78,5,0,143,2,16.19
fold2_room1_mix0344,79,4,0,140,-8,3.79
fold2_room1_mix0344,79,4,0,1,-3,6.73
fold2_room1_mix0344,79,5,0,141,2,15.82
fold2_room1_mix0344,80,4,0,155,-6,5.82
fold2_room1_mix0344,80,4,0,17,-7,4.11
fold2_room1_mix0344,80,4,0,1,-4,7.74
fold2_room1_mix0344,80,5,0,143,2,18.30
fold2_room1_mix0344,81,4,0,153,-6,5.39
fold2_room1_mix0344,81,4,0,8,-4,6.90
fold2_room1_mix0344,81,5,0,148,2,15.95
fold2_room1_mix0344,82,4,0,163,-4,6.61
fold2_room1_mix0344,82,4,0,7,-4,6.80
fold2_room1_mix0344,82,5,0,146,2,16.98
fold2_room1_mix0344,83,4,0,169,-3,7.65
fold2_room1_mix0344,83,4,0,10,-4,6.40
fold2_room1_mix0344,83,5,0,147,2,18.76
fold2_room1_mix0344,84,4,0,161,-3,7.38
fold2_room1_mix0344,84,4,0,17,-5,5.39
fold2_room1_mix0344,84,4,0,0,-3,8.15
fold2_room1_mix0344,84,5,0,147,2,15.22
fold2_room1_mix0344,85,4,0,165,-3,8.17
fold2_room1_mix0344,85,4,0,6,-3,7.71
fold2_room1_mix0344,85,5,0,150,2,17.54
fold2_room1_mix0344,86,4,0,165,-2,8.14
fold2_room1_mix0344,86,4,0,5,-3,7.71
fold2_room1_mix0344,86,5,0,146,2,16.84
fold2_room1_mix0344,87,4,0,173,-2,9.14
fold2_room1_mix0344,87,4,0,8,-4,7.06
fold2_room1_mix0344,87,5,0,148,2,17.16
fold2_room1_mix0344,88,4,0,169,-3,9.70
fold2_room1_mix0344,88,4,0,4,-3,8.26
fold2_room1_mix0344,88,5,0,154,2,21.68
fold2_room1_mix0344,89,4,0,170,-1,11.48
fold2_room1_mix0344,89,4,0,4,-3,8.10
fold2_room1_mix0344,89,5,0,151,2,20.42
fold2_room1_mix0344,90,4,0,173,0,14.24
fold2_room1_mix0344,90,4,0,5,-3,7.93
fold2_room1_mix0344,90,5,0,151,2,19.50
fold2_room1_mix0344,91,4,0,176,0,14.87
fold2_room1_mix0344,91,4,0,6,-3,8.58
fold2_room1_mix0344,91,5,0,153,2,21.15
fold2_room1_mix0344,92,4,0,176,0,17.44
fold2_room1_mix0344,92,4,0,5,-3,8.72
fold2_room1_mix0344,92,5,0,149,2,21.63
fold2_room1_mix0344,93,4,0,178,-1,16.33
fold2_room1_mix0344,93,4,0,5,-4,9.01
fold2_room1_mix0344,93,5,0,148,2,22.50
fold2_room1_mix0344,94,4,0,177,0,17.52
fold2_room1_mix0344,94,4,0,5,-3,9.33
fold2_room1_mix0344,94,5,0,151,2,20.89
fold2_room1_mix0344,95,4,0,178,1,22.93
fold2_room1_mix0344,95,4,0,3,-3,9.08
fold2_room1_mix0344,95,5,0,148,1,20.91
fold2_room1_mix0344,96,4,0,179,0,21.30
fold2_room1_mix0344,96,4,0,5,-3,10.27
fold2_room1_mix0344,96,5,0,149,2,22.56
fold2_room1_mix0344,97,4,0,-179,0,19.57
fold2_room1_mix0344,97,4,0,3,-3,11.24
fold2_room1_mix0344,97,5,0,147,2,21.59
fold2_room1_mix0344,98,4,0,-178,0,21.11
fold2_room1_mix0344,98,4,0,3,-3,10.30
fold2_room1_mix0344,98,5,0,148,1,22.86
fold2_room1_mix0344,99,4,0,-178,0,21.72
fold2_room1_mix0344,99,4,0,3,-3,11.06
fold2_room1_mix0344,99,5,0,150,2,22.54
fold2_room1_mix0346,17,4,0,176,0,8.80
fold2_room1_mix0346,18,4,0,171,0,9.93
fold2_room1_mix0346,20,4,0,173,1,4.32
fold2_room1_mix0346,21,4,0,173,0,31.24
fold2_room1_mix0346,22,4,0,175,0,24.72
fold2_room1_mix0346,23,4,0,170,0,17.32
fold2_room1_mix0346,24,4,0,171,0,30.54
fold2_room1_mix0346,25,4,0,174,0,35.05
fold2_room1_mix0346,26,4,0,172,0,27.43
fold2_room1_mix0346,27,4,0,172,0,24.05
fold2_room1_mix0346,28,4,0,173,0,39.90
fold2_room1_mix0346,29,4,0,171,0,13.47
fold2_room1_mix0346,30,4,0,170,0,34.34
fold2_room1_mix0346,31,4,0,172,0,18.87
fold2_room1_mix0346,32,4,0,173,0,14.28
fold2_room1_mix0346,33,4,0,174,0,28.50
fold2_room1_mix0346,34,4,0,173,0,30.79
fold2_room1_mix0346,35,4,0,174,0,13.34
fold2_room1_mix0346,36,4,0,174,0,30.65
fold2_room1_mix0346,37,4,0,172,0,33.18
fold2_room1_mix0346,38,4,0,171,0,33.29
fold2_room1_mix0346,39,4,0,173,0,30.34
fold2_room1_mix0346,40,4,0,169,0,31.07
fold2_room1_mix0346,41,4,0,173,0,32.03
fold2_room1_mix0346,42,4,0,172,0,30.29
fold2_room1_mix0346,43,4,0,170,0,30.62
fold2_room1_mix0346,44,4,0,170,0,30.98
fold2_room1_mix0346,45,4,0,170,0,29.01
fold2_room1_mix0346,46,4,0,170,0,29.91
fold2_room1_mix0346,47,4,0,170,0,29.21
fold2_room1_mix0346,48,4,0,170,0,28.41
fold2_room1_mix0346,49,4,0,169,0,26.31
fold2_room1_mix0346,50,4,0,169,0,25.50
fold2_room1_mix0346,51,4,0,167,0,25.68
fold2_room1_mix0346,52,4,0,168,0,24.53
fold2_room1_mix0346,53,4,0,164,0,24.09
fold2_room1_mix0346,54,4,0,166,0,23.56
fold2_room1_mix0346,55,4,0,163,0,21.96
fold2_room1_mix0346,56,4,0,163,0,20.82
fold2_room1_mix0346,57,4,0,165,-1,21.09
fold2_room1_mix0346,58,4,0,162,-1,20.01
fold2_room1_mix0346,59,4,0,161,-1,19.74
fold2_room1_mix0346,60,4,0,160,-1,19.18
fold2_room1_mix0346,61,4,0,158,-1,17.70
fold2_room1_mix0346,62,4,0,160,-1,17.57
fold2_room1_mix0346,63,4,0,160,-1,16.91
fold2_room1_mix0346,64,4,0,157,-1,16.12
fold2_room1_mix0346,65,4,0,157,-2,14.97
fold2_room1_mix0346,66,4,0,155,-2,14.91
fold2_room1_mix0346,67,4,0,152,-2,13.58
fold2_room1_mix0346,68,4,0,151,-2,13.36
fold2_room1_mix0346,69,4,0,152,-2,12.61
fold2_room1_mix0346,70,4,0,147,-3,11.78
fold2_room1_mix0346,71,4,0,147,-3,11.37
fold2_room1_mix0346,72,4,0,143,-3,10.47
fold2_room1_mix0346,73,4,0,142,-3,10.24
fold2_room1_mix0346,74,4,0,136,-4,8.98
fold2_room1_mix0346,75,4,0,135,-4,8.84
fold2_room1_mix0346,76,4,0,130,-4,8.38
fold2_room1_mix0346,77,4,0,126,-5,7.52
fold2_room1_mix0346,78,4,0,120,-5,7.46
fold2_room1_mix0346,79,4,0,113,-5,7.27
fold2_room1_mix0346,80,4,0,105,-5,6.71
fold2_room1_mix0346,81,4,0,95,-6,6.35
fold2_room1_mix0346,82,4,0,90,-6,6.95
fold2_room1_mix0346,83,4,0,81,-6,6.79
fold2_room1_mix0346,84,4,0,73,-5,7.14
fold2_room1_mix0346,85,4,0,64,-5,7.25
fold2_room1_mix0346,86,4,0,56,-4,7.56
fold2_room1_mix0346,87,4,0,50,-4,7.89
fold2_room1_mix0346,88,4,0,48,-4,8.34
fold2_room1_mix0346,89,4,0,44,-3,8.89
fold2_room1_mix0346,90,4,0,39,-3,9.35
fold2_room1_mix0346,91,4,0,37,-3,10.19
fold2_room1_mix0346,92,4,0,34,-3,11.01
fold2_room1_mix0346,93,4,0,33,-3,11.37
fold2_room1_mix0346,94,4,0,31,-2,12.17
fold2_room1_mix0346,95,4,0,30,-2,13.59
fold2_room1_mix0346,96,4,0,27,-2,13.85
fold2_room1_mix0346,97,4,0,27,-2,14.19
fold2_room1_mix0346,98,4,0,25,-2,16.02
fold2_room1_mix0346,99,4,0,24,-2,16.48
fold2_room1_mix0347,0,5,0,-52,6,3.77
fold2_room1_mix0347,1,5,0,-64,6,5.94
fold2_room1_mix0347,2,5,0,-66,7,5.01
fold2_room1_mix0347,3,4,0,173,1,9.32
fold2_room1_mix0347,3,4,0,-1,2,8.84
fold2_room1_mix0347,3,5,0,-71,9,2.99
fold2_room1_mix0347,4,4,0,176,0,22.06
fold2_room1_mix0347,4,4,0,0,1,19.24
fold2_room1_mix0347,4,5,0,-66,8,5.23
fold2_room1_mix0347,5,4,0,179,0,20.30
fold2_room1_mix0347,5,4,0,0,1,18.80
fold2_room1_mix0347,5,5,0,-68,8,6.40
fold2_room1_mix0347,6,4,0,172,0,26.54
fold2_room1_mix0347,6,4,0,0,0,21.77
fold2_room1_mix0347,6,5,0,-65,7,7.89
fold2_room1_mix0347,7,4,0,174,-1,38.61
fold2_room1_mix0347,7,4,0,0,0,37.46
fold2_room1_mix0347,7,5,0,-68,8,5.70
fold2_room1_mix0347,8,4,0,177,0,39.59
fold2_room1_mix0347,8,4,0,1,0,37.87
fold2_room1_mix0347,8,5,0,-73,8,6.35
fold2_room1_mix0347,9,4,0,177,-1,38.08
fold2_room1_mix0347,9,4,0,-1,0,36.63
fold2_room1_mix0347,9,5,0,-60,7,6.33
fold2_room1_mix0347,10,4,0,174,-1,38.13
fold2_room1_mix0347,10,4,0,-2,0,34.63
fold2_room1_mix0347,10,5,0,-69,8,5.56
fold2_room1_mix0347,11,4,0,175,0,44.11
fold2_room1_mix0347,11,4,0,-1,0,36.27
fold2_room1_mix0347,11,5,0,-76,8,6.46
fold2_room1_mix0347,12,4,0,173,-1,45.08
fold2_room1_mix0347,12,4,0,0,0,37.60
fold2_room1_mix0347,12,5,0,-71,8,5.97
fold2_room1_mix0347,13,4,0,179,0,46.78
fold2_room1_mix0347,13,4,0,-1,0,38.83
fold2_room1_mix0347,13,5,0,-74,8,6.64
fold2_room1_mix0347,14,4,0,175,-1,43.78
fold2_room1_mix0347,14,4,0,0,0,37.42
fold2_room1_mix0347,14,5,0,-72,8,6.37
fold2_room1_mix0347,15,4,0,177,-1,43.16
fold2_room1_mix0347,15,4,0,-1,0,36.46
fold2_room1_mix0347,15,5,0,-69,9,5.19
fold2_room1_mix0347,16,4,0,177,-1,37.89
fold2_room1_mix0347,16,4,0,-3,0,34.81
fold2_room1_mix0347,16,5,0,-68,9,4.26
fold2_room1_mix0347,17,4,0,-179,-1,40.55
fold2_room1_mix0347,17,4,0,-1,0,35.25
fold2_room1_mix0347,17,5,0,-74,9,5.40
fold2_room1_mix0347,18,4,0,-177,-1,37.85
fold2_room1_mix0347,18,4,0,-2,-1,33.67
fold2_room1_mix0347,18,5,0,-70,8,5.61
fold2_room1_mix0347,19,4,0,-178,-1,42.27
fold2_room1_mix0347,19,4,0,-2,-1,32.75
fold2_room1_mix0347,19,5,0,-73,9,5.17
fold2_room1_mix0347,20,4,0,-179,-1,41.03
fold2_room1_mix0347,20,4,0,-3,-1,34.02
fold2_room1_mix0347,20,5,0,-72,9,5.59
fold2_room1_mix0347,21,4,0,-178,-1,38.92
fold2_room1_mix0347,21,4,0,-4,-1,34.24
fold2_room1_mix0347,21,5,0,-71,9,5.28
fold2_room1_mix0347,22,4,0,-177,-1,37.60
fold2_room1_mix0347,22,4,0,-3,-1,31.59
fold2_room1_mix0347,22,5,0,-76,9,5.60
fold2_room1_mix0347,23,4,0,-177,-1,39.54
fold2_room1_mix0347,23,4,0,-5,-1,31.97
fold2_room1_mix0347,23,5,0,-68,9,5.47
fold2_room1_mix0347,24,4,0,-176,-1,35.29
fold2_room1_mix0347,24,4,0,-5,-1,30.80
fold2_room1_mix0347,24,5,0,-68,9,5.41
fold2_room1_mix0347,25,4,0,-175,-1,36.24
fold2_room1_mix0347,25,4,0,-6,-1,29.18
fold2_room1_mix0347,25,5,0,-68,9,5.14
fold2_room1_mix0347,26,4,0,-178,-1,34.56
fold2_room1_mix0347,26,4,0,-5,0,30.64
fold2_room1_mix0347,26,5,0,-67,8,6.22
fold2_room1_mix0347,27,4,0,-175,-1,34.81
fold2_room1_mix0347,27,4,0,-6,-1,30.32
fold2_room1_mix0347,27,5,0,-66,8,5.81
fold2_room1_mix0347,28,4,0,-176,-1,33.54
fold2_room1_mix0347,28,4,0,-5,-1,28.44
fold2_room1_mix0347,28,5,0,-65,8,5.56
fold2_room1_mix0347,29,4,0,-176,-1,31.70
fold2_room1_mix0347,29,4,0,-5,-1,27.38
fold2_room1_mix0347,29,5,0,-72,10,4.80
fold2_room1_mix0347,30,4,0,-178,-1,31.63
fold2_room1_mix0347,30,4,0,-5,-1,27.75
fold2_room1_mix0347,30,5,0,-68,9,5.73
fold2_room1_mix0347,31,4,0,-175,-1,30.68
fold2_room1_mix0347,31,4,0,-8,-1,26.92
fold2_room1_mix0347,31,5,0,-68,8,5.78
fold2_room1_mix0347,32,4,0,-175,-1,30.06
fold2_room1_mix0347,32,4,0,-6,-2,25.09
fold2_room1_mix0347,32,5,0,-67,9,4.93
fold2_room1_mix0347,33,4,0,-176,-1,29.19
fold2_room1_mix0347,33,4,0,-8,-1,25.12
fold2_room1_mix0347,33,5,0,-68,8,6.20
fold2_room1_mix0347,34,4,0,-176,-1,29.37
fold2_room1_mix0347,34,4,0,-7,-1,25.27
fold2_room1_mix0347,34,5,0,-71,8,6.26
fold2_room1_mix0347,35,4,0,-176,-1,28.04
fold2_room1_mix0347,35,4,0,-7,-1,24.90
fold2_room1_mix0347,35,5,0,-66,8,5.64
fold2_room1_mix0347,36,4,0,-176,-1,27.61
fold2_room1_mix0347,36,4,0,-7,-1,22.63
fold2_room1_mix0347,36,5,0,-69,8,6.01
fold2_room1_mix0347,37,4,0,-174,-1,27.57
fold2_room1_mix0347,37,4,0,-7,-2,22.52
fold2_room1_mix0347,37,5,0,-72,8,6.37
fold2_room1_mix0347,38,4,0,-177,-1,24.79
fold2_room1_mix0347,38,4,0,-7,-1,21.73
fold2_room1_mix0347,38,5,0,-72,7,7.06
fold2_room1_mix0347,39,4,0,-175,-1,24.75
fold2_room1_mix0347,39,4,0,-6,-1,21.81
fold2_room1_mix0347,39,5,0,-70,8,6.29
fold2_room1_mix0347,40,4,0,-173,-1,23.92
fold2_room1_mix0347,40,4,0,-6,-1,21.52
fold2_room1_mix0347,40,5,0,-75,7,6.66
fold2_room1_mix0347,41,4,0,-174,-1,22.23
fold2_room1_mix0347,41,4,0,-7,-1,20.46
fold2_room1_mix0347,41,5,0,-66,8,6.33
fold2_room1_mix0347,42,4,0,-174,-1,22.87
fold2_room1_mix0347,42,4,0,-8,-1,21.04
fold2_room1_mix0347,42,5,0,-75,8,6.56
fold2_room1_mix0347,43,4,0,-174,-2,20.28
fold2_room1_mix0347,43,4,0,-8,-1,20.09
fold2_room1_mix0347,43,5,0,-65,7,6.92
fold2_room1_mix0347,44,4,0,-171,-2,18.83
fold2_room1_mix0347,44,4,0,-8,-1,19.32
fold2_room1_mix0347,44,5,0,-73,7,6.21
fold2_room1_mix0347,45,4,0,-171,-2,17.86
fold2_room1_mix0347,45,4,0,-10,-1,18.27
fold2_room1_mix0347,45,5,0,-70,7,6.66
fold2_room1_mix0347,46,4,0,-171,-2,16.20
fold2_room1_mix0347,46,4,0,-8,-1,17.46
fold2_room1_mix0347,46,5,0,-68,7,7.27
fold2_room1_mix0347,47,4,0,-171,-2,15.31
fold2_room1_mix0347,47,4,0,-10,-2,16.22
fold2_room1_mix0347,47,5,0,-65,7,6.69
fold2_room1_mix0347,48,4,0,-169,-2,13.36
fold2_room1_mix0347,48,4,0,-9,-1,15.68
fold2_room1_mix0347,48,5,0,-65,9,4.90
fold2_room1_mix0347,49,4,0,-171,-2,13.65
fold2_room1_mix0347,49,4,0,-11,-2,15.43
fold2_room1_mix0347,49,5,0,-68,7,7.37
fold2_room1_mix0347,50,4,0,-167,-3,12.96
fold2_room1_mix0347,50,4,0,-10,-2,14.39
fold2_room1_mix0347,50,5,0,-64,7,6.98
fold2_room1_mix0347,51,4,0,-168,-2,12.28
fold2_room1_mix0347,51,4,0,-8,-2,13.27
fold2_room1_mix0347,51,5,0,-67,7,6.87
fold2_room1_mix0347,52,4,0,-165,-3,11.09
fold2_room1_mix0347,52,4,0,-8,-2,12.28
fold2_room1_mix0347,52,5,0,-64,7,6.45
fold2_room1_mix0347,53,4,0,-165,-2,10.98
fold2_room1_mix0347,53,4,0,-8,-2,13.03
fold2_room1_mix0347,53,5,0,-65,7,6.20
fold2_room1_mix0347,54,4,0,-162,-3,10.00
fold2_room1_mix0347,54,4,0,-11,-2,12.87
fold2_room1_mix0347,54,5,0,-66,7,6.72
fold2_room1_mix0347,55,4,0,-163,-3,9.83
fold2_room1_mix0347,55,4,0,-13,-2,12.23
fold2_room1_mix0347,55,5,0,-63,7,6.80
fold2_room1_mix0347,56,4,0,-165,-3,9.31
fold2_room1_mix0347,56,4,0,-13,-2,11.74
fold2_room1_mix0347,56,5,0,-66,7,5.82
fold2_room1_mix0347,57,4,0,-164,-3,9.14
fold2_room1_mix0347,57,4,0,-12,-2,11.64
fold2_room1_mix0347,57,5,0,-62,7,6.32
fold2_room1_mix0347,58,4,0,-161,-3,8.67
fold2_room1_mix0347,58,4,0,-15,-2,11.22
fold2_room1_mix0347,58,5,0,-63,7,6.46
fold2_room1_mix0347,59,4,0,-157,-4,7.64
fold2_room1_mix0347,59,4,0,-13,-3,10.08
fold2_room1_mix0347,59,5,0,-60,7,6.05
fold2_room1_mix0347,60,4,0,-158,-4,7.11
fold2_room1_mix0347,60,4,0,-18,-3,9.52
fold2_room1_mix0347,60,5,0,-66,8,5.66
fold2_room1_mix0347,61,4,0,-152,-4,6.21
fold2_room1_mix0347,61,4,0,-15,-3,9.13
fold2_room1_mix0347,61,5,0,-64,8,5.45
fold2_room1_mix0347,62,4,0,-156,-5,5.64
fold2_room1_mix0347,62,4,0,-20,-3,9.07
fold2_room1_mix0347,62,5,0,-65,7,6.02
fold2_room1_mix0347,63,4,0,-150,-6,5.19
fold2_room1_mix0347,63,4,0,-19,-4,8.13
fold2_room1_mix0347,63,5,0,-63,8,5.75
fold2_room1_mix0347,64,4,0,-148,-6,4.60
fold2_room1_mix0347,64,4,0,-23,-3,7.43
fold2_room1_mix0347,64,5,0,-65,8,5.18
fold2_room1_mix0347,65,4,0,-147,-7,4.11
fold2_room1_mix0347,65,4,0,-23,-4,7.31
fold2_room1_mix0347,65,5,0,-59,8,5.73
fold2_room1_mix0347,66,4,0,-139,-8,3.80
fold2_room1_mix0347,66,4,0,-22,-5,6.98
fold2_room1_mix0347,66,5,0,-62,8,5.21
fold2_room1_mix0347,67,4,0,-135,-9,3.41
fold2_room1_mix0347,67,4,0,-22,-5,6.33
fold2_room1_mix0347,67,5,0,-61,8,5.15
fold2_room1_mix0347,68,4,0,-129,-9,3.63
fold2_room1_mix0347,68,4,0,-27,-6,6.11
fold2_room1_mix0347,68,5,0,-61,8,5.36
fold2_room1_mix0347,69,4,0,-99,-13,3.15
fold2_room1_mix0347,69,4,0,-25,-7,6.58
fold2_room1_mix0347,69,5,0,-60,8,5.25
fold2_room1_mix0347,70,4,0,-90,-11,3.75
fold2_room1_mix0347,70,4,0,-24,-8,5.46
fold2_room1_mix0347,70,5,0,-59,7,6.28
fold2_room1_mix0347,71,4,0,-69,-10,3.69
fold2_room1_mix0347,71,4,0,-22,-7,6.37
fold2_room1_mix0347,71,5,0,-59,7,5.62
fold2_room1_mix0347,72,4,0,-62,-8,4.48
fold2_room1_mix0347,72,4,0,-23,-6,6.52
fold2_room1_mix0347,72,5,0,-59,8,5.15
fold2_room1_mix0347,73,4,0,-58,-8,4.76
fold2_room1_mix0347,73,4,0,-24,-7,5.78
fold2_room1_mix0347,73,5,0,-59,8,5.53
fold2_room1_mix0347,74,4,0,-46,-6,5.09
fold2_room1_mix0347,74,4,0,-27,-6,5.58
fold2_room1_mix0347,74,5,0,-59,7,6.17
fold2_room1_mix0347,75,4,0,-31,-6,5.79
fold2_room1_mix0347,75,5,0,-56,8,5.49
fold2_room1_mix0347,76,4,0,-31,-6,5.55
fold2_room1_mix0347,76,5,0,-62,8,5.90
fold2_room1_mix0347,77,4,0,-31,-7,5.55
fold2_room1_mix0347,77,5,0,-60,8,6.12
fold2_room1_mix0347,78,4,0,-33,-7,5.56
fold2_room1_mix0347,78,5,0,-62,8,6.05
fold2_room1_mix0347,79,4,0,-38,-9,4.09
fold2_room1_mix0347,79,4,0,-21,-4,9.07
fold2_room1_mix0347,79,5,0,-60,8,5.60
fold2_room1_mix0347,80,4,0,-43,-9,3.75
fold2_room1_mix0347,80,4,0,-22,-3,9.18
fold2_room1_mix0347,80,5,0,-61,10,4.46
fold2_room1_mix0347,81,4,0,-48,-11,3.15
fold2_room1_mix0347,81,4,0,-24,-3,9.67
fold2_room1_mix0347,81,5,0,-56,7,6.36
fold2_room1_mix0347,82,4,0,-57,-12,3.09
fold2_room1_mix0347,82,4,0,-24,-2,10.58
fold2_room1_mix0347,82,5,0,-62,7,6.27
fold2_room1_mix0347,83,4,0,-64,-16,2.30
fold2_room1_mix0347,83,4,0,-23,-2,12.00
fold2_room1_mix0347,83,5,0,-62,7,6.15
fold2_room1_mix0347,84,4,0,-71,-16,2.26
fold2_room1_mix0347,84,4,0,-24,-2,13.08
fold2_room1_mix0347,84,5,0,-58,7,6.66
fold2_room1_mix0347,85,4,0,-81,-16,2.29
fold2_room1_mix0347,85,4,0,-23,-1,17.06
fold2_room1_mix0347,85,5,0,-63,7,5.96
fold2_room1_mix0347,86,4,0,-91,-17,2.13
fold2_room1_mix0347,86,4,0,-24,-1,17.64
fold2_room1_mix0347,86,5,0,-65,7,6.68
fold2_room1_mix0347,87,4,0,-103,-16,2.07
fold2_room1_mix0347,87,4,0,-19,0,20.35
fold2_room1_mix0347,87,5,0,-55,6,7.11
fold2_room1_mix0347,88,4,0,-114,-15,2.41
fold2_room1_mix0347,88,4,0,-20,0,22.21
fold2_room1_mix0347,88,5,0,-59,7,6.07
fold2_room1_mix0347,89,4,0,-125,-13,2.51
fold2_room1_mix0347,89,4,0,-22,0,21.20
fold2_room1_mix0347,89,5,0,-58,7,5.87
fold2_room1_mix0347,90,4,0,-133,-11,2.57
fold2_room1_mix0347,90,4,0,-22,0,19.49
fold2_room1_mix0347,90,5,0,-58,6,7.25
fold2_room1_mix0347,91,4,0,-135,-11,2.84
fold2_room1_mix0347,91,4,0,-21,0,22.44
fold2_room1_mix0347,91,5,0,-51,6,7.10
fold2_room1_mix0347,92,4,0,-139,-11,2.72
fold2_room1_mix0347,92,4,0,-20,0,21.74
fold2_room1_mix0347,92,5,0,-55,7,6.17
fold2_room1_mix0347,93,4,0,-142,-10,2.94
fold2_room1_mix0347,93,4,0,-21,0,21.29
fold2_room1_mix0347,93,5,0,-53,7,5.73
fold2_room1_mix0347,94,4,0,-145,-10,3.07
fold2_room1_mix0347,94,4,0,-17,0,22.58
fold2_room1_mix0347,94,5,0,-53,6,6.43
fold2_room1_mix0347,95,4,0,-146,-8,3.74
fold2_room1_mix0347,95,4,0,-17,-2,16.44
fold2_room1_mix0347,95,5,0,-54,6,6.18
fold2_room1_mix0347,96,4,0,-147,-7,3.88
fold2_room1_mix0347,96,4,0,-25,-2,13.54
fold2_room1_mix0347,96,5,0,-54,8,5.22
fold2_room1_mix0347,97,4,0,-148,-8,5.50
fold2_room1_mix0347,97,4,0,-14,0,27.07
fold2_room1_mix0347,97,5,0,-49,6,7.15
fold2_room1_mix0347,98,4,0,-155,-7,5.23
fold2_room1_mix0347,98,4,0,-11,0,27.08
fold2_room1_mix0347,98,5,0,-51,6,6.63
fold2_room1_mix0347,99,4,0,-153,-6,5.38
fold2_room1_mix0347,99,4,0,-14,-1,16.73
fold2_room1_mix0347,99,5,0,-49,7,6.12
fold2_room1_mix0349,1,4,0,175,0,0.72
fold2_room1_mix0349,2,4,0,178,1,2.43
fold2_room1_mix0349,2,4,0,2,1,2.34
fold2_room1_mix0349,3,4,0,178,0,5.79
fold2_room1_mix0349,4,4,0,-179,0,14.57
fold2_room1_mix0349,4,4,0,4,0,15.56
fold2_room1_mix0349,5,4,0,178,0,16.13
fold2_room1_mix0349,5,4,0,2,0,18.49
fold2_room1_mix0349,6,4,0,-179,0,17.00
fold2_room1_mix0349,6,4,0,5,0,19.96
fold2_room1_mix0349,7,4,0,-179,-1,26.25
fold2_room1_mix0349,7,4,0,3,0,30.34
fold2_room1_mix0349,8,4,0,179,-1,26.25
fold2_room1_mix0349,8,4,0,4,-1,30.55
fold2_room1_mix0349,9,4,0,179,-1,26.10
fold2_room1_mix0349,9,4,0,4,-1,28.60
fold2_room1_mix0349,10,4,0,179,-1,23.34
fold2_room1_mix0349,10,4,0,4,-1,27.16
fold2_room1_mix0349,11,4,0,178,-1,23.15
fold2_room1_mix0349,11,4,0,4,-1,24.99
fold2_room1_mix0349,12,4,0,179,-1,22.73
fold2_room1_mix0349,12,4,0,5,-1,25.26
fold2_room1_mix0349,13,4,0,179,-2,21.48
fold2_room1_mix0349,13,4,0,7,-1,24.17
fold2_room1_mix0349,14,4,0,179,-1,20.99
fold2_room1_mix0349,14,4,0,6,-1,24.88
fold2_room1_mix0349,15,4,0,-179,-2,20.79
fold2_room1_mix0349,15,4,0,7,-1,25.70
fold2_room1_mix0349,16,4,0,-179,-2,20.38
fold2_room1_mix0349,16,4,0,7,-2,22.57
fold2_room1_mix0349,17,4,0,-179,-2,19.97
fold2_room1_mix0349,17,4,0,8,-2,21.05
fold2_room1_mix0349,18,4,0,-178,-2,20.40
fold2_room1_mix0349,18,4,0,7,-1,21.52
fold2_room1_mix0349,19,4,0,-178,-2,18.68
fold2_room1_mix0349,19,4,0,7,-2,19.32
fold2_room1_mix0349,20,4,0,-178,-2,19.55
fold2_room1_mix0349,20,4,0,8,-2,19.38
fold2_room1_mix0349,21,4,0,-178,-2,17.85
fold2_room1_mix0349,21,4,0,9,-2,18.98
fold2_room1_mix0349,22,4,0,-177,-2,17.46
fold2_room1_mix0349,22,4,0,7,-2,17.18
fold2_room1_mix0349,23,4,0,-177,-3,16.79
fold2_room1_mix0349,23,4,0,7,-2,18.39
fold2_room1_mix0349,24,4,0,-177,-3,16.09
fold2_room1_mix0349,24,4,0,6,-3,16.78
fold2_room1_mix0349,25,4,0,-177,-2,15.76
fold2_room1_mix0349,25,4,0,5,-3,14.76
fold2_room1_mix0349,26,4,0,-179,-2,15.57
fold2_room1_mix0349,26,4,0,6,-3,13.97
fold2_room1_mix0349,27,4,0,-177,-2,15.53
fold2_room1_mix0349,27,4,0,7,-3,14.20
fold2_room1_mix0349,28,4,0,-178,-2,15.40
fold2_room1_mix0349,28,4,0,6,-3,14.16
fold2_room1_mix0349,29,4,0,-178,-3,14.18
fold2_room1_mix0349,29,4,0,7,-3,13.37
fold2_room1_mix0349,30,4,0,-178,-3,13.72
fold2_room1_mix0349,30,4,0,7,-3,12.80
fold2_room1_mix0349,31,4,0,-178,-3,13.15
fold2_room1_mix0349,31,4,0,8,-4,11.92
fold2_room1_mix0349,32,4,0,-176,-3,11.93
fold2_room1_mix0349,32,4,0,9,-4,12.58
fold2_room1_mix0349,33,4,0,-177,-4,11.03
fold2_room1_mix0349,33,4,0,7,-4,10.79
fold2_room1_mix0349,34,4,0,-175,-4,10.81
fold2_room1_mix0349,34,4,0,10,-5,10.32
fold2_room1_mix0349,35,4,0,-175,-5,8.96
fold2_room1_mix0349,35,4,0,9,-6,8.57
fold2_room1_mix0349,36,4,0,-175,-6,8.31
fold2_room1_mix0349,36,4,0,10,-8,7.89
fold2_room1_mix0349,37,4,0,-174,-9,6.75
fold2_room1_mix0349,37,4,0,10,-9,7.28
fold2_room1_mix0349,38,4,0,-171,-12,6.17
fold2_room1_mix0349,38,4,0,8,-14,6.07
fold2_room1_mix0349,39,4,0,-174,-8,10.16
fold2_room1_mix0349,39,4,0,-161,-26,1.06
fold2_room1_mix0349,39,4,0,7,-12,7.63
fold2_room1_mix0349,40,4,0,-169,-18,6.45
fold2_room1_mix0349,40,4,0,-130,-43,0.44
fold2_room1_mix0349,40,4,0,12,-6,10.01
fold2_room1_mix0349,41,4,0,-175,-12,7.34
fold2_room1_mix0349,41,4,0,-42,-38,0.82
fold2_room1_mix0349,41,4,0,5,-4,8.85
fold2_room1_mix0349,42,4,0,179,-5,9.67
fold2_room1_mix0349,42,4,0,-36,-28,2.27
fold2_room1_mix0349,42,4,0,-1,-7,6.20
fold2_room1_mix0349,43,4,0,178,-5,8.80
fold2_room1_mix0349,43,4,0,-20,-17,3.43
fold2_room1_mix0349,43,4,0,0,-8,5.38
fold2_room1_mix0349,44,4,0,-179,-4,8.56
fold2_room1_mix0349,44,4,0,-25,-12,5.35
fold2_room1_mix0349,44,4,0,-2,-6,5.43
fold2_room1_mix0349,45,4,0,-179,-5,7.01
fold2_room1_mix0349,45,4,0,-9,-8,5.45
fold2_room1_mix0349,46,4,0,-178,-4,8.51
fold2_room1_mix0349,46,4,0,-5,-6,5.92
fold2_room1_mix0349,47,4,0,-176,-4,7.34
fold2_room1_mix0349,47,4,0,-9,-7,5.75
fold2_room1_mix0349,48,4,0,-174,-6,6.28
fold2_room1_mix0349,48,4,0,-6,-8,5.86
fold2_room1_mix0349,49,3,0,106,-4,7.53
fold2_room1_mix0349,49,4,0,-174,-6,5.45
fold2_room1_mix0349,49,4,0,-13,-8,5.51
fold2_room1_mix0349,50,3,0,134,-4,11.32
fold2_room1_mix0349,50,4,0,-170,-6,5.72
fold2_room1_mix0349,50,4,0,-8,-7,5.94
fold2_room1_mix0349,51,3,0,133,-4,7.31
fold2_room1_mix0349,51,4,0,-165,-8,4.72
fold2_room1_mix0349,51,4,0,-2,-7,6.55
fold2_room1_mix0349,52,4,0,-166,-7,5.26
fold2_room1_mix0349,52,4,0,-1,-6,6.95
fold2_room1_mix0349,53,4,0,-161,-7,4.78
fold2_room1_mix0349,53,4,0,2,-5,7.48
fold2_room1_mix0349,54,4,0,-158,-9,4.19
fold2_room1_mix0349,54,4,0,3,-6,6.66
fold2_room1_mix0349,55,3,0,85,-5,9.46
fold2_room1_mix0349,55,4,0,-156,-11,4.41
fold2_room1_mix0349,55,4,0,3,-6,8.03
fold2_room1_mix0349,56,3,0,111,-6,8.43
fold2_room1_mix0349,56,4,0,-154,-12,4.36
fold2_room1_mix0349,56,4,0,1,-7,7.27
fold2_room1_mix0349,57,3,0,109,-5,9.27
fold2_room1_mix0349,57,4,0,-150,-11,3.59
fold2_room1_mix0349,57,4,0,2,-7,7.17
fold2_room1_mix0349,58,3,0,106,-6,7.72
fold2_room1_mix0349,58,4,0,-147,-11,3.40
fold2_room1_mix0349,58,4,0,3,-8,6.11
fold2_room1_mix0349,59,3,0,109,-6,7.97
fold2_room1_mix0349,59,4,0,-142,-13,3.05
fold2_room1_mix0349,59,4,0,0,-10,5.50
fold2_room1_mix0349,60,3,0,112,-6,7.60
fold2_room1_mix0349,60,4,0,-135,-18,2.14
fold2_room1_mix0349,60,4,0,3,-12,4.84
fold2_room1_mix0349,61,3,0,111,-6,7.73
fold2_room1_mix0349,61,4,0,-128,-23,1.75
fold2_room1_mix0349,61,4,0,-15,-16,5.40
fold2_room1_mix0349,61,4,0,8,-14,4.09
fold2_room1_mix0349,62,3,0,102,-6,7.99
fold2_room1_mix0349,62,4,0,-105,-28,1.39
fold2_room1_mix0349,62,4,0,-22,-17,4.88
fold2_room1_mix0349,62,4,0,11,-14,4.14
fold2_room1_mix0349,63,4,0,-76,-38,0.94
fold2_room1_mix0349,63,4,0,-46,-32,3.33
fold2_room1_mix0349,63,4,0,14,-17,4.28
fold2_room1_mix0349,64,4,0,-5,-52,1.69
fold2_room1_mix0349,64,4,0,-44,-25,2.34
fold2_room1_mix0349,64,4,0,1,-13,5.30
fold2_room1_mix0349,65,4,0,69,-34,2.40
fold2_room1_mix0349,65,4,0,-50,-21,2.07
fold2_room1_mix0349,65,4,0,-2,-13,5.38
fold2_room1_mix0349,66,4,0,99,-27,2.23
fold2_room1_mix0349,66,4,0,-41,-17,1.81
fold2_room1_mix0349,66,4,0,3,-11,5.05
fold2_room1_mix0349,67,4,0,95,-25,1.66
fold2_room1_mix0349,67,4,0,-31,-13,3.18
fold2_room1_mix0349,67,4,0,3,-11,5.02
fold2_room1_mix0349,68,4,0,100,-24,1.66
fold2_room1_mix0349,68,4,0,-25,-11,4.16
fold2_room1_mix0349,68,4,0,-3,-8,6.39
fold2_room1_mix0349,69,3,0,83,-5,7.03
fold2_room1_mix0349,69,4,0,114,-21,2.30
fold2_room1_mix0349,69,4,0,-29,-11,4.36
fold2_room1_mix0349,69,4,0,0,-7,7.22
fold2_room1_mix0349,70,3,0,99,-6,6.00
fold2_room1_mix0349,70,4,0,120,-18,2.63
fold2_room1_mix0349,70,4,0,-33,-10,4.72
fold2_room1_mix0349,70,4,0,-1,-9,6.17
fold2_room1_mix0349,71,4,0,131,-15,3.32
fold2_room1_mix0349,71,4,0,-22,-8,6.22
fold2_room1_mix0349,71,4,0,-5,-7,8.00
fold2_room1_mix0349,72,4,0,140,-14,3.31
fold2_room1_mix0349,72,4,0,-12,-7,7.10
fold2_room1_mix0349,73,4,0,149,-12,3.82
fold2_room1_mix0349,73,4,0,-10,-7,8.74
fold2_room1_mix0349,74,4,0,146,-12,3.84
fold2_room1_mix0349,74,4,0,-10,-6,9.38
fold2_room1_mix0349,75,4,0,150,-12,4.40
fold2_room1_mix0349,75,4,0,-10,-6,9.25
fold2_room1_mix0349,76,4,0,158,-10,4.74
fold2_room1_mix0349,76,4,0,-8,-5,10.33
fold2_room1_mix0349,77,4,0,159,-10,5.04
fold2_room1_mix0349,77,4,0,-9,-5,10.95
fold2_room1_mix0349,78,4,0,161,-9,5.34
fold2_room1_mix0349,78,4,0,-7,-5,11.35
fold2_room1_mix0349,79,4,0,161,-9,5.54
fold2_room1_mix0349,79,4,0,-7,-5,11.87
fold2_room1_mix0349,80,4,0,162,-9,5.34
fold2_room1_mix0349,80,4,0,-6,-4,13.18
fold2_room1_mix0349,81,4,0,163,-9,5.41
fold2_room1_mix0349,81,4,0,-7,-4,13.89
fold2_room1_mix0349,82,4,0,163,-8,5.52
fold2_room1_mix0349,82,4,0,-5,-4,13.72
fold2_room1_mix0349,83,4,0,165,-8,5.79
fold2_room1_mix0349,83,4,0,-4,-4,14.17
fold2_room1_mix0349,84,4,0,168,-7,6.30
fold2_room1_mix0349,84,4,0,-4,-4,14.49
fold2_room1_mix0349,85,4,0,167,-7,6.52
fold2_room1_mix0349,85,4,0,-4,-4,14.02
fold2_room1_mix0349,86,4,0,170,-6,7.13
fold2_room1_mix0349,86,4,0,-3,-4,14.28
fold2_room1_mix0349,87,4,0,171,-6,7.44
fold2_room1_mix0349,87,4,0,-3,-3,16.56
fold2_room1_mix0349,88,4,0,170,-6,7.30
fold2_room1_mix0349,88,4,0,-2,-3,16.27
fold2_room1_mix0349,89,4,0,172,-6,7.93
fold2_room1_mix0349,89,4,0,-2,-3,16.80
fold2_room1_mix0349,90,4,0,173,-5,8.89
fold2_room1_mix0349,90,4,0,-1,-3,19.20
fold2_room1_mix0349,91,4,0,171,-5,9.18
fold2_room1_mix0349,91,4,0,-2,-3,18.64
fold2_room1_mix0349,92,4,0,173,-5,9.86
fold2_room1_mix0349,92,4,0,-1,-3,19.65
fold2_room1_mix0349,93,4,0,172,-5,9.66
fold2_room1_mix0349,93,4,0,-2,-2,20.61
fold2_room1_mix0349,94,4,0,173,-4,10.57
fold2_room1_mix0349,94,4,0,-1,-2,19.83
fold2_room1_mix0349,95,4,0,172,-4,10.02
fold2_room1_mix0349,95,4,0,-1,-2,20.82
fold2_room1_mix0349,96,4,0,172,-4,10.80
fold2_room1_mix0349,96,4,0,-2,-2,21.27
fold2_room1_mix0349,97,4,0,172,-3,12.70
fold2_room1_mix0349,97,4,0,-1,-2,22.25
fold2_room1_mix0349,98,4,0,172,-4,11.82
fold2_room1_mix0349,98,4,0,0,-2,21.79
fold2_room1_mix0349,99,4,0,171,-4,10.55
fold2_room1_mix0349,99,4,0,0,-2,21.16
fold2_room1_mix0350,0,5,0,-128,6,1.65
fold2_room1_mix0350,2,5,0,-110,9,2.55
fold2_room1_mix0350,3,4,0,-6,1,1.42
fold2_room1_mix0350,3,5,0,-107,21,1.42
fold2_room1_mix0350,4,4,0,0,0,7.76
fold2_room1_mix0350,4,5,0,-105,14,2.82
fold2_room1_mix0350,5,4,0,-3,0,5.07
fold2_room1_mix0350,5,5,0,-112,12,3.93
fold2_room1_mix0350,6,4,0,-3,0,11.57
fold2_room1_mix0350,6,5,0,-113,11,4.47
fold2_room1_mix0350,7,4,0,-1,0,13.39
fold2_room1_mix0350,7,5,0,-103,15,2.88
fold2_room1_mix0350,8,4,0,-4,0,13.00
fold2_room1_mix0350,8,5,0,-109,15,3.07
fold2_room1_mix0350,9,4,0,-2,-1,25.82
fold2_room1_mix0350,9,5,0,-107,14,3.30
fold2_room1_mix0350,10,4,0,-3,-1,22.55
fold2_room1_mix0350,10,5,0,-110,13,3.34
fold2_room1_mix0350,11,4,0,-2,0,18.35
fold2_room1_mix0350,11,5,0,-116,16,2.95
fold2_room1_mix0350,12,4,0,-5,0,20.30
fold2_room1_mix0350,12,5,0,-103,16,2.80
fold2_room1_mix0350,13,4,0,-4,0,16.16
fold2_room1_mix0350,13,5,0,-105,14,3.33
fold2_room1_mix0350,14,4,0,-3,0,20.64
fold2_room1_mix0350,14,5,0,-113,13,3.60
fold2_room1_mix0350,15,4,0,-2,0,15.67
fold2_room1_mix0350,15,5,0,-109,14,3.25
fold2_room1_mix0350,16,4,0,-4,0,9.79
fold2_room1_mix0350,16,5,0,-106,16,2.94
fold2_room1_mix0350,17,4,0,-5,0,8.31
fold2_room1_mix0350,17,5,0,-108,14,3.40
fold2_room1_mix0350,18,4,0,-3,0,14.86
fold2_room1_mix0350,18,5,0,-101,14,3.21
fold2_room1_mix0350,19,4,0,-1,0,13.68
fold2_room1_mix0350,19,5,0,-114,14,3.21
fold2_room1_mix0350,20,4,0,-4,0,16.32
fold2_room1_mix0350,20,5,0,-106,15,2.95
fold2_room1_mix0350,21,4,0,-5,0,3.57
fold2_room1_mix0350,21,5,0,-106,14,3.39
fold2_room1_mix0350,22,4,0,-2,0,6.49
fold2_room1_mix0350,22,5,0,-105,13,3.58
fold2_room1_mix0350,23,4,0,-2,0,9.69
fold2_room1_mix0350,23,5,0,-108,13,3.44
fold2_room1_mix0350,24,4,0,-3,0,5.40
fold2_room1_mix0350,24,5,0,-110,14,3.14
fold2_room1_mix0350,25,4,0,-2,0,12.86
fold2_room1_mix0350,25,5,0,-111,12,3.73
fold2_room1_mix0350,26,4,0,-5,0,16.95
fold2_room1_mix0350,26,5,0,-103,14,3.05
fold2_room1_mix0350,27,4,0,-4,0,19.82
fold2_room1_mix0350,27,5,0,-110,15,2.86
fold2_room1_mix0350,28,4,0,-4,0,25.89
fold2_room1_mix0350,28,5,0,-105,15,2.87
fold2_room1_mix0350,29,4,0,-2,-1,24.49
fold2_room1_mix0350,29,5,0,-109,13,3.14
fold2_room1_mix0350,30,4,0,-1,0,27.35
fold2_room1_mix0350,30,5,0,-109,14,3.13
fold2_room1_mix0350,31,4,0,-2,-1,31.41
fold2_room1_mix0350,31,5,0,-105,15,2.88
fold2_room1_mix0350,32,4,0,-6,-1,31.70
fold2_room1_mix0350,32,5,0,-109,15,2.93
fold2_room1_mix0350,33,4,0,-1,-1,29.88
fold2_room1_mix0350,33,5,0,-110,13,3.14
fold2_room1_mix0350,34,4,0,0,-1,30.90
fold2_room1_mix0350,34,5,0,-113,14,3.11
fold2_room1_mix0350,35,4,0,-2,-1,32.32
fold2_room1_mix0350,35,5,0,-111,16,2.55
fold2_room1_mix0350,36,4,0,-2,-1,31.94
fold2_room1_mix0350,36,5,0,-113,14,3.01
fold2_room1_mix0350,37,4,0,-2,-1,31.65
fold2_room1_mix0350,37,5,0,-111,15,2.95
fold2_room1_mix0350,38,4,0,2,-1,32.27
fold2_room1_mix0350,38,5,0,-116,13,3.22
fold2_room1_mix0350,39,4,0,0,-1,31.80
fold2_room1_mix0350,39,5,0,-112,14,2.95
fold2_room1_mix0350,40,4,0,-7,-1,33.83
fold2_room1_mix0350,40,5,0,-114,15,2.92
fold2_room1_mix0350,41,4,0,-1,-1,31.97
fold2_room1_mix0350,41,5,0,-112,13,3.17
fold2_room1_mix0350,42,4,0,-3,-1,30.88
fold2_room1_mix0350,42,5,0,-117,13,3.30
fold2_room1_mix0350,43,4,0,-4,-1,33.28
fold2_room1_mix0350,43,5,0,-117,14,2.90
fold2_room1_mix0350,44,4,0,0,-1,34.52
fold2_room1_mix0350,44,5,0,-119,13,3.19
fold2_room1_mix0350,45,4,0,-3,-1,34.86
fold2_room1_mix0350,45,5,0,-110,14,2.99
fold2_room1_mix0350,46,4,0,-3,-1,31.03
fold2_room1_mix0350,46,5,0,-116,14,3.01
fold2_room1_mix0350,47,4,0,-3,-1,32.38
fold2_room1_mix0350,47,5,0,-111,15,2.83
fold2_room1_mix0350,48,4,0,-4,-1,33.28
fold2_room1_mix0350,48,5,0,-118,14,2.98
fold2_room1_mix0350,49,4,0,-1,-1,31.69
fold2_room1_mix0350,49,5,0,-114,13,3.05
fold2_room1_mix0350,50,4,0,-3,-1,30.52
fold2_room1_mix0350,50,5,0,-116,14,3.12
fold2_room1_mix0350,51,4,0,-5,-1,30.50
fold2_room1_mix0350,51,5,0,-116,15,2.77
fold2_room1_mix0350,52,4,0,-3,-2,32.03
fold2_room1_mix0350,52,5,0,-117,13,3.06
fold2_room1_mix0350,53,4,0,-1,-2,30.49
fold2_room1_mix0350,53,5,0,-118,12,3.31
fold2_room1_mix0350,54,4,0,-3,-2,28.34
fold2_room1_mix0350,54,5,0,-122,13,3.20
fold2_room1_mix0350,55,4,0,0,-1,28.63
fold2_room1_mix0350,55,5,0,-119,13,3.16
fold2_room1_mix0350,56,4,0,-3,-2,26.74
fold2_room1_mix0350,56,5,0,-118,13,3.10
fold2_room1_mix0350,57,4,0,0,-2,27.32
fold2_room1_mix0350,57,5,0,-120,11,3.62
fold2_room1_mix0350,58,4,0,0,-2,24.67
fold2_room1_mix0350,58,5,0,-121,11,3.60
fold2_room1_mix0350,59,4,0,-2,-2,24.61
fold2_room1_mix0350,59,5,0,-117,13,3.04
fold2_room1_mix0350,60,4,0,0,-2,22.61
fold2_room1_mix0350,60,5,0,-121,12,3.52
fold2_room1_mix0350,61,4,0,0,-2,21.96
fold2_room1_mix0350,61,5,0,-116,12,3.45
fold2_room1_mix0350,62,4,0,0,-2,20.87
fold2_room1_mix0350,62,5,0,-118,12,3.29
fold2_room1_mix0350,63,4,0,0,-2,21.58
fold2_room1_mix0350,63,5,0,-119,13,3.16
fold2_room1_mix0350,64,4,0,-1,-2,20.09
fold2_room1_mix0350,64,5,0,-114,14,2.94
fold2_room1_mix0350,65,4,0,0,-2,17.58
fold2_room1_mix0350,65,5,0,-120,11,3.79
fold2_room1_mix0350,66,4,0,0,-3,17.38
fold2_room1_mix0350,66,5,0,-118,11,3.66
fold2_room1_mix0350,67,4,0,-2,-2,17.05
fold2_room1_mix0350,67,5,0,-122,12,3.45
fold2_room1_mix0350,68,4,0,1,-2,14.90
fold2_room1_mix0350,68,5,0,-118,11,3.73
fold2_room1_mix0350,69,4,0,0,-3,13.61
fold2_room1_mix0350,69,5,0,-121,11,3.91
fold2_room1_mix0350,70,4,0,4,-3,12.06
fold2_room1_mix0350,70,5,0,-119,11,3.42
fold2_room1_mix0350,71,4,0,0,-4,11.20
fold2_room1_mix0350,71,5,0,-119,11,3.75
fold2_room1_mix0350,72,4,0,5,-4,10.47
fold2_room1_mix0350,72,5,0,-115,12,3.24
fold2_room1_mix0350,73,4,0,6,-4,9.37
fold2_room1_mix0350,73,5,0,-124,10,4.10
fold2_room1_mix0350,74,4,0,4,-5,7.94
fold2_room1_mix0350,74,5,0,-121,10,3.79
fold2_room1_mix0350,75,4,0,8,-5,7.03
fold2_room1_mix0350,75,5,0,-121,11,3.46
fold2_room1_mix0350,76,4,0,9,-8,5.77
fold2_room1_mix0350,76,5,0,-116,10,3.80
fold2_room1_mix0350,77,4,0,13,-8,4.95
fold2_room1_mix0350,77,5,0,-127,9,4.58
fold2_room1_mix0350,78,4,0,22,-14,3.45
fold2_room1_mix0350,78,5,0,-125,9,4.40
fold2_room1_mix0350,79,4,0,36,-23,2.45
fold2_room1_mix0350,79,5,0,-126,9,4.34
fold2_room1_mix0350,80,4,0,62,-30,1.87
fold2_room1_mix0350,80,5,0,-122,10,3.84
fold2_room1_mix0350,81,4,0,120,-34,1.74
fold2_room1_mix0350,81,5,0,-128,8,4.79
fold2_room1_mix0350,82,4,0,142,-22,2.31
fold2_room1_mix0350,82,5,0,-122,9,4.41
fold2_room1_mix0350,83,4,0,154,-18,2.52
fold2_room1_mix0350,83,5,0,-123,10,4.01
fold2_room1_mix0350,84,4,0,163,-12,3.12
fold2_room1_mix0350,84,5,0,-110,11,4.00
fold2_room1_mix0350,85,4,0,163,-10,4.27
fold2_room1_mix0350,85,5,0,-121,10,4.37
fold2_room1_mix0350,86,4,0,167,-8,4.90
fold2_room1_mix0350,86,5,0,-118,11,3.73
fold2_room1_mix0350,87,4,0,171,-7,5.85
fold2_room1_mix0350,87,5,0,-118,10,3.91
fold2_room1_mix0350,88,4,0,172,-5,7.26
fold2_room1_mix0350,88,5,0,-114,12,3.47
fold2_room1_mix0350,89,4,0,174,-4,7.69
fold2_room1_mix0350,89,5,0,-116,12,3.53
fold2_room1_mix0350,90,4,0,176,-3,9.25
fold2_room1_mix0350,90,5,0,-111,11,3.86
fold2_room1_mix0350,91,4,0,177,-3,9.53
fold2_room1_mix0350,91,5,0,-115,12,3.30
fold2_room1_mix0350,92,4,0,176,-3,10.24
fold2_room1_mix0350,92,5,0,-112,11,3.75
fold2_room1_mix0350,93,4,0,176,-2,11.64
fold2_room1_mix0350,93,5,0,-111,11,3.91
fold2_room1_mix0350,94,4,0,177,-2,12.56
fold2_room1_mix0350,94,5,0,-110,12,3.45
fold2_room1_mix0350,95,4,0,176,-2,12.78
fold2_room1_mix0350,95,5,0,-106,11,3.74
fold2_room1_mix0350,96,4,0,176,-2,14.35
fold2_room1_mix0350,96,5,0,-103,13,3.17
fold2_room1_mix0350,97,4,0,177,-2,14.81
fold2_room1_mix0350,97,5,0,-111,12,3.42
fold2_room1_mix0350,98,4,0,177,-1,15.62
fold2_room1_mix0350,98,5,0,-107,12,3.53
fold2_room1_mix0350,99,4,0,178,-2,16.75
fold2_room1_mix0350,99,5,0,-110,14,2.85
fold2_room1_mix0351,0,5,0,-19,4,3.23
fold2_room1_mix0351,1,5,0,-18,3,10.43
fold2_room1_mix0351,2,4,0,179,0,1.48
fold2_room1_mix0351,2,5,0,-27,4,9.64
fold2_room1_mix0351,3,4,0,179,0,5.17
fold2_room1_mix0351,3,5,0,-28,4,8.20
fold2_room1_mix0351,4,4,0,179,0,13.93
fold2_room1_mix0351,4,5,0,-25,4,8.76
fold2_room1_mix0351,5,4,0,176,0,13.97
fold2_room1_mix0351,5,5,0,-34,5,10.48
fold2_room1_mix0351,6,4,0,176,0,15.27
fold2_room1_mix0351,6,5,0,-33,4,10.62
fold2_room1_mix0351,7,4,0,177,0,21.59
fold2_room1_mix0351,7,5,0,-30,5,10.01
fold2_room1_mix0351,8,4,0,176,-1,22.73
fold2_room1_mix0351,8,5,0,-29,5,8.96
fold2_room1_mix0351,9,4,0,175,0,22.02
fold2_room1_mix0351,9,5,0,-31,4,9.90
fold2_room1_mix0351,10,4,0,175,-1,19.47
fold2_room1_mix0351,10,5,0,-29,5,7.85
fold2_room1_mix0351,11,4,0,176,-1,21.14
fold2_room1_mix0351,11,5,0,-27,5,9.20
fold2_room1_mix0351,12,4,0,175,-1,21.63
fold2_room1_mix0351,12,5,0,-28,4,10.07
fold2_room1_mix0351,13,4,0,174,-1,21.10
fold2_room1_mix0351,13,5,0,-31,5,8.28
fold2_room1_mix0351,14,4,0,174,-1,20.81
fold2_room1_mix0351,14,5,0,-29,5,9.23
fold2_room1_mix0351,15,3,0,38,-3,5.28
fold2_room1_mix0351,15,4,0,175,0,21.26
fold2_room1_mix0351,15,5,0,-28,5,9.50
fold2_room1_mix0351,16,3,0,43,-2,13.47
fold2_room1_mix0351,16,4,0,174,-1,17.91
fold2_room1_mix0351,16,5,0,-30,5,8.31
fold2_room1_mix0351,17,3,0,41,-2,12.90
fold2_room1_mix0351,17,4,0,177,-1,17.13
fold2_room1_mix0351,17,5,0,-29,5,7.91
fold2_room1_mix0351,18,3,0,40,-2,12.93
fold2_room1_mix0351,18,4,0,174,-1,17.22
fold2_room1_mix0351,18,5,0,-32,5,8.76
fold2_room1_mix0351,19,3,0,39,-1,13.99
fold2_room1_mix0351,19,4,0,176,-2,17.59
fold2_room1_mix0351,19,5,0,-31,5,7.25
fold2_room1_mix0351,20,3,0,42,-2,13.13
fold2_room1_mix0351,20,4,0,177,-2,16.19
fold2_room1_mix0351,20,5,0,-30,5,8.75
fold2_room1_mix0351,21,3,0,44,-1,11.96
fold2_room1_mix0351,21,4,0,177,-2,14.81
fold2_room1_mix0351,21,5,0,-30,5,8.07
fold2_room1_mix0351,22,3,0,45,-1,11.99
fold2_room1_mix0351,22,4,0,178,-2,16.26
fold2_room1_mix0351,22,5,0,-31,5,9.43
fold2_room1_mix0351,23,3,0,43,-1,11.30
fold2_room1_mix0351,23,4,0,178,-2,14.77
fold2_room1_mix0351,23,5,0,-29,5,8.05
fold2_room1_mix0351,24,3,0,38,-1,8.28
fold2_room1_mix0351,24,4,0,176,-2,14.11
fold2_room1_mix0351,24,5,0,-29,5,8.83
fold2_room1_mix0351,25,4,0,173,-1,16.09
fold2_room1_mix0351,25,5,0,-31,5,8.28
fold2_room1_mix0351,26,4,0,172,-1,16.58
fold2_room1_mix0351,26,5,0,-31,5,9.08
fold2_room1_mix0351,27,4,0,172,-1,17.37
fold2_room1_mix0351,27,5,0,-31,5,8.31
fold2_room1_mix0351,28,3,0,40,-2,8.38
fold2_room1_mix0351,28,4,0,172,-1,17.06
fold2_room1_mix0351,28,5,0,-30,5,9.11
fold2_room1_mix0351,29,3,0,49,-2,12.25
fold2_room1_mix0351,29,4,0,176,-1,14.94
fold2_room1_mix0351,29,5,0,-29,5,8.31
fold2_room1_mix0351,30,3,0,45,-2,11.77
fold2_room1_mix0351,30,4,0,175,-1,15.47
fold2_room1_mix0351,30,5,0,-31,5,9.00
fold2_room1_mix0351,31,3,0,45,-2,11.40
fold2_room1_mix0351,31,4,0,173,-1,15.97
fold2_room1_mix0351,31,5,0,-30,5,9.11
fold2_room1_mix0351,32,3,0,47,-2,11.15
fold2_room1_mix0351,32,4,0,175,-2,15.29
fold2_room1_mix0351,32,5,0,-30,5,8.58
fold2_room1_mix0351,33,3,0,50,-2,11.02
fold2_room1_mix0351,33,4,0,177,-2,14.76
fold2_room1_mix0351,33,5,0,-29,5,9.01
fold2_room1_mix0351,34,3,0,52,-3,10.06
fold2_room1_mix0351,34,4,0,175,-2,15.13
fold2_room1_mix0351,34,5,0,-33,5,8.82
fold2_room1_mix0351,35,3,0,57,-3,9.69
fold2_room1_mix0351,35,4,0,176,-3,15.20
fold2_room1_mix0351,35,5,0,-31,5,8.85
fold2_room1_mix0351,36,3,0,95,-4,8.14
fold2_room1_mix0351,36,4,0,177,-3,14.20
fold2_room1_mix0351,36,5,0,-31,5,8.95
fold2_room1_mix0351,37,3,0,105,-4,7.62
fold2_room1_mix0351,37,4,0,177,-3,14.58
fold2_room1_mix0351,37,5,0,-31,5,8.69
fold2_room1_mix0351,38,3,0,85,-4,7.65
fold2_room1_mix0351,38,4,0,174,-2,12.92
fold2_room1_mix0351,38,5,0,-30,4,10.22
fold2_room1_mix0351,39,3,0,104,-4,4.49
fold2_room1_mix0351,39,4,0,174,-3,11.41
fold2_room1_mix0351,39,5,0,-29,4,9.88
fold2_room1_mix0351,40,4,0,170,-2,12.16
fold2_room1_mix0351,40,5,0,-29,5,9.61
fold2_room1_mix0351,41,4,0,166,-2,10.90
fold2_room1_mix0351,41,5,0,-27,4,9.69
fold2_room1_mix0351,42,3,0,69,-4,9.29
fold2_room1_mix0351,42,4,0,166,-3,12.10
fold2_room1_mix0351,42,5,0,-28,5,9.48
fold2_room1_mix0351,43,3,0,83,-4,10.20
fold2_room1_mix0351,43,4,0,170,-2,11.97
fold2_room1_mix0351,43,5,0,-29,5,9.39
fold2_room1_mix0351,44,3,0,92,-4,9.25
fold2_room1_mix0351,44,4,0,167,-2,11.91
fold2_room1_mix0351,44,5,0,-29,4,10.02
fold2_room1_mix0351,45,3,0,102,-5,8.32
fold2_room1_mix0351,45,4,0,165,-3,12.24
fold2_room1_mix0351,45,5,0,-27,5,9.48
fold2_room1_mix0351,46,3,0,106,-5,8.60
fold2_room1_mix0351,46,4,0,170,-3,12.10
fold2_room1_mix0351,46,5,0,-28,4,9.99
fold2_room1_mix0351,47,3,0,96,-5,9.07
fold2_room1_mix0351,47,4,0,168,-4,10.37
fold2_room1_mix0351,47,5,0,-27,4,10.76
fold2_room1_mix0351,48,3,0,108,-5,9.44
fold2_room1_mix0351,48,4,0,164,-4,9.14
fold2_room1_mix0351,48,5,0,-28,4,9.83
fold2_room1_mix0351,49,3,0,118,-5,9.50
fold2_room1_mix0351,49,4,0,167,-5,9.43
fold2_room1_mix0351,49,5,0,-25,4,10.69
fold2_room1_mix0351,50,3,0,125,-4,9.95
fold2_room1_mix0351,50,4,0,167,-5,8.38
fold2_room1_mix0351,50,5,0,-25,4,11.22
fold2_room1_mix0351,51,4,0,157,-5,6.59
fold2_room1_mix0351,51,5,0,-26,4,10.27
fold2_room1_mix0351,52,4,0,151,-6,5.72
fold2_room1_mix0351,52,5,0,-26,4,11.54
fold2_room1_mix0351,53,4,0,143,-7,5.61
fold2_room1_mix0351,53,5,0,-24,4,11.23
fold2_room1_mix0351,54,4,0,143,-9,4.75
fold2_room1_mix0351,54,5,0,-26,4,11.17
fold2_room1_mix0351,55,4,0,137,-9,4.47
fold2_room1_mix0351,55,5,0,-26,4,10.63
fold2_room1_mix0351,56,4,0,129,-12,3.92
fold2_room1_mix0351,56,5,0,-26,4,10.44
fold2_room1_mix0351,57,4,0,122,-13,3.59
fold2_room1_mix0351,57,5,0,-30,4,9.22
fold2_room1_mix0351,58,4,0,110,-13,3.74
fold2_room1_mix0351,58,5,0,-27,4,10.14
fold2_room1_mix0351,59,4,0,97,-13,3.60
fold2_room1_mix0351,59,5,0,-28,5,9.26
fold2_room1_mix0351,60,4,0,87,-15,3.42
fold2_room1_mix0351,60,5,0,-28,4,10.54
fold2_room1_mix0351,61,4,0,78,-12,3.90
fold2_room1_mix0351,61,5,0,-28,4,9.44
fold2_room1_mix0351,62,4,0,70,-11,3.81
fold2_room1_mix0351,62,5,0,-30,4,10.00
fold2_room1_mix0351,63,4,0,64,-11,3.64
fold2_room1_mix0351,63,5,0,-27,4,10.33
fold2_room1_mix0351,64,4,0,54,-9,4.20
fold2_room1_mix0351,64,5,0,-29,4,9.39
fold2_room1_mix0351,65,4,0,49,-8,4.31
fold2_room1_mix0351,65,5,0,-30,4,9.92
fold2_room1_mix0351,66,4,0,44,-8,4.45
fold2_room1_mix0351,66,5,0,-30,4,9.70
fold2_room1_mix0351,67,4,0,40,-7,4.67
fold2_room1_mix0351,67,5,0,-30,4,9.67
fold2_room1_mix0351,68,4,0,35,-6,5.42
fold2_room1_mix0351,68,5,0,-26,4,9.83
fold2_room1_mix0351,69,4,0,33,-5,5.77
fold2_room1_mix0351,69,5,0,-26,4,9.58
fold2_room1_mix0351,70,4,0,31,-5,6.46
fold2_room1_mix0351,70,5,0,-31,4,9.35
fold2_room1_mix0351,71,4,0,28,-4,6.50
fold2_room1_mix0351,71,5,0,-26,3,10.86
fold2_room1_mix0351,72,4,0,28,-4,7.16
fold2_room1_mix0351,72,5,0,-28,3,11.03
fold2_room1_mix0351,73,4,0,26,-4,7.50
fold2_room1_mix0351,73,5,0,-27,3,10.53
fold2_room1_mix0351,74,4,0,24,-4,7.75
fold2_room1_mix0351,74,5,0,-24,3,11.06
fold2_room1_mix0351,75,4,0,22,-3,8.48
fold2_room1_mix0351,75,5,0,-26,3,10.64
fold2_room1_mix0351,76,4,0,23,-3,9.22
fold2_room1_mix0351,76,5,0,-27,3,10.66
fold2_room1_mix0351,77,4,0,20,-3,9.75
fold2_room1_mix0351,77,5,0,-26,3,10.32
fold2_room1_mix0351,78,4,0,19,-3,10.15
fold2_room1_mix0351,78,5,0,-25,3,11.13
fold2_room1_mix0351,79,4,0,19,-3,10.66
fold2_room1_mix0351,79,5,0,-25,3,11.70
fold2_room1_mix0351,80,4,0,18,-3,11.30
fold2_room1_mix0351,80,5,0,-27,3,11.34
fold2_room1_mix0351,81,4,0,17,-2,12.05
fold2_room1_mix0351,81,5,0,-25,4,12.03
fold2_room1_mix0351,82,4,0,17,-2,12.51
fold2_room1_mix0351,82,5,0,-26,3,11.99
fold2_room1_mix0351,83,4,0,17,-2,13.56
fold2_room1_mix0351,83,5,0,-25,3,11.56
fold2_room1_mix0351,84,4,0,16,-2,14.04
fold2_room1_mix0351,84,5,0,-24,3,11.61
fold2_room1_mix0351,85,4,0,15,-2,13.96
fold2_room1_mix0351,85,5,0,-26,3,12.40
fold2_room1_mix0351,86,4,0,15,-2,14.08
fold2_room1_mix0351,86,5,0,-25,3,13.48
fold2_room1_mix0351,87,4,0,14,-2,14.40
fold2_room1_mix0351,87,5,0,-23,3,12.78
fold2_room1_mix0351,88,4,0,14,-2,15.66
fold2_room1_mix0351,88,5,0,-25,3,12.37
fold2_room1_mix0351,89,4,0,14,-2,15.80
fold2_room1_mix0351,89,5,0,-27,3,11.95
fold2_room1_mix0351,90,4,0,13,-2,15.91
fold2_room1_mix0351,90,5,0,-26,3,13.22
fold2_room1_mix0351,91,4,0,12,-2,17.31
fold2_room1_mix0351,91,5,0,-23,3,13.45
fold2_room1_mix0351,92,4,0,13,-2,17.49
fold2_room1_mix0351,92,5,0,-25,3,13.06
fold2_room1_mix0351,93,4,0,12,-2,18.48
fold2_room1_mix0351,93,5,0,-23,3,12.99
fold2_room1_mix0351,94,4,0,12,-2,18.90
fold2_room1_mix0351,94,5,0,-24,3,13.02
fold2_room1_mix0351,95,4,0,11,-2,18.66
fold2_room1_mix0351,95,5,0,-24,3,13.16
fold2_room1_mix0351,96,4,0,12,-2,19.02
fold2_room1_mix0351,96,5,0,-25,3,13.36
fold2_room1_mix0351,97,4,0,13,-2,20.09
fold2_room1_mix0351,97,5,0,-25,3,12.17
fold2_room1_mix0351,98,4,0,12,-2,19.82
fold2_room1_mix0351,98,5,0,-26,3,13.41
fold2_room1_mix0351,99,4,0,12,-2,18.57
fold2_room1_mix0351,99,5,0,-28,3,12.96
fold2_room1_mix0353,5,4,0,0,0,5.34
fold2_room1_mix0353,6,4,0,0,0,7.82
fold2_room1_mix0353,7,4,0,0,0,11.37
fold2_room1_mix0353,8,4,0,0,0,11.94
fold2_room1_mix0353,9,4,0,0,0,23.48
fold2_room1_mix0353,10,4,0,2,0,22.55
fold2_room1_mix0353,11,4,0,0,0,23.36
fold2_room1_mix0353,12,4,0,1,0,22.15
fold2_room1_mix0353,13,4,0,2,0,27.25
fold2_room1_mix0353,14,4,0,2,0,25.22
fold2_room1_mix0353,15,4,0,2,0,30.25
fold2_room1_mix0353,16,4,0,2,0,27.61
fold2_room1_mix0353,17,4,0,3,0,31.57
fold2_room1_mix0353,18,4,0,4,0,29.72
fold2_room1_mix0353,19,4,0,2,0,31.55
fold2_room1_mix0353,20,4,0,4,0,32.83
fold2_room1_mix0353,21,4,0,3,0,34.32
fold2_room1_mix0353,22,4,0,3,0,34.86
fold2_room1_mix0353,23,4,0,3,0,33.50
fold2_room1_mix0353,24,4,0,3,0,37.01
fold2_room1_mix0353,25,4,0,5,0,40.23
fold2_room1_mix0353,26,4,0,3,0,39.89
fold2_room1_mix0353,27,4,0,3,0,36.36
fold2_room1_mix0353,28,4,0,5,0,43.24
fold2_room1_mix0353,29,4,0,4,0,41.96
fold2_room1_mix0353,30,4,0,5,0,39.21
fold2_room1_mix0353,31,4,0,4,0,40.98
fold2_room1_mix0353,32,4,0,4,0,39.55
fold2_room1_mix0353,33,4,0,4,0,41.51
fold2_room1_mix0353,34,4,0,4,0,41.47
fold2_room1_mix0353,35,4,0,3,0,38.88
fold2_room1_mix0353,36,4,0,5,0,40.53
fold2_room1_mix0353,37,4,0,5,0,40.34
fold2_room1_mix0353,38,4,0,4,0,38.33
fold2_room1_mix0353,39,4,0,5,0,39.49
fold2_room1_mix0353,40,4,0,4,0,39.35
fold2_room1_mix0353,41,4,0,3,0,37.72
fold2_room1_mix0353,42,4,0,4,0,38.70
fold2_room1_mix0353,43,4,0,3,0,34.84
fold2_room1_mix0353,44,4,0,5,0,34.23
fold2_room1_mix0353,45,4,0,3,0,31.58
fold2_room1_mix0353,46,4,0,3,0,31.99
fold2_room1_mix0353,47,4,0,3,0,29.84
fold2_room1_mix0353,48,4,0,2,-1,27.88
fold2_room1_mix0353,49,4,0,3,-1,27.81
fold2_room1_mix0353,50,4,0,2,-1,29.10
fold2_room1_mix0353,51,4,0,3,-1,29.70
fold2_room1_mix0353,52,4,0,3,-1,28.65
fold2_room1_mix0353,53,4,0,2,-1,27.66
fold2_room1_mix0353,54,4,0,1,-1,27.86
fold2_room1_mix0353,55,4,0,2,-1,28.36
fold2_room1_mix0353,56,4,0,2,-1,25.28
fold2_room1_mix0353,57,4,0,2,-1,25.54
fold2_room1_mix0353,58,4,0,2,-1,25.32
fold2_room1_mix0353,59,4,0,2,-1,24.23
fold2_room1_mix0353,60,4,0,2,-1,22.67
fold2_room1_mix0353,61,4,0,0,-1,23.36
fold2_room1_mix0353,62,4,0,1,-1,21.70
fold2_room1_mix0353,63,4,0,0,-1,21.56
fold2_room1_mix0353,64,4,0,0,-1,20.34
fold2_room1_mix0353,65,4,0,0,-1,19.46
fold2_room1_mix0353,66,4,0,0,-1,18.62
fold2_room1_mix0353,67,4,0,0,-1,16.26
fold2_room1_mix0353,68,4,0,0,-2,16.17
fold2_room1_mix0353,69,4,0,-1,-2,16.30
fold2_room1_mix0353,70,4,0,-1,-2,14.60
fold2_room1_mix0353,71,4,0,-1,-2,13.37
fold2_room1_mix0353,72,4,0,-2,-2,11.99
fold2_room1_mix0353,73,4,0,-2,-2,11.64
fold2_room1_mix0353,74,4,0,-3,-3,10.18
fold2_room1_mix0353,75,4,0,-4,-3,9.11
fold2_room1_mix0353,76,4,0,-6,-4,8.63
fold2_room1_mix0353,77,4,0,-7,-4,7.29
fold2_room1_mix0353,78,4,0,-7,-5,6.17
fold2_room1_mix0353,79,4,0,-9,-6,5.77
fold2_room1_mix0353,80,4,0,-12,-8,4.16
fold2_room1_mix0353,81,4,0,-22,-12,3.07
fold2_room1_mix0353,82,4,0,-39,-16,2.16
fold2_room1_mix0353,83,4,0,-76,-21,1.55
fold2_room1_mix0353,84,4,0,-123,-17,1.52
fold2_room1_mix0353,85,4,0,-146,-10,2.24
fold2_room1_mix0353,86,4,0,-152,-8,2.99
fold2_room1_mix0353,87,4,0,-158,-6,3.87
fold2_room1_mix0353,88,4,0,-163,-5,4.85
fold2_room1_mix0353,89,4,0,-165,-4,5.81
fold2_room1_mix0353,90,4,0,-167,-3,6.56
fold2_room1_mix0353,91,4,0,-169,-3,7.38
fold2_room1_mix0353,92,4,0,-170,-2,8.02
fold2_room1_mix0353,93,4,0,-171,-3,8.38
fold2_room1_mix0353,94,4,0,-171,-2,9.48
fold2_room1_mix0353,95,4,0,-172,-2,10.63
fold2_room1_mix0353,96,4,0,-172,-2,10.84
fold2_room1_mix0353,97,4,0,-173,-2,12.37
fold2_room1_mix0353,98,4,0,-174,-1,13.02
fold2_room1_mix0353,99,4,0,-174,-2,13.21
fold2_room1_mix0353,4,4,0,0,1,1.78
fold2_room1_mix0354,0,5,0,57,3,4.98
fold2_room1_mix0354,1,5,0,69,1,8.28
fold2_room1_mix0354,2,5,0,55,3,9.64
fold2_room1_mix0354,3,5,0,64,3,6.31
fold2_room1_mix0354,4,5,0,64,6,6.66
fold2_room1_mix0354,5,5,0,63,4,8.87
fold2_room1_mix0354,6,5,0,64,3,12.80
fold2_room1_mix0354,7,5,0,63,5,8.41
fold2_room1_mix0354,8,5,0,64,5,8.26
fold2_room1_mix0354,9,5,0,67,3,10.53
fold2_room1_mix0354,10,5,0,63,6,7.43
fold2_room1_mix0354,11,5,0,64,4,9.73
fold2_room1_mix0354,12,5,0,66,6,7.26
fold2_room1_mix0354,13,5,0,62,5,7.88
fold2_room1_mix0354,14,5,0,64,6,7.84
fold2_room1_mix0354,15,5,0,64,5,7.82
fold2_room1_mix0354,16,5,0,68,7,6.85
fold2_room1_mix0354,17,5,0,64,6,8.26
fold2_room1_mix0354,18,5,0,66,7,6.83
fold2_room1_mix0354,19,5,0,66,5,9.19
fold2_room1_mix0354,20,5,0,65,5,8.67
fold2_room1_mix0354,21,5,0,66,7,6.91
fold2_room1_mix0354,22,5,0,63,4,9.57
fold2_room1_mix0354,23,5,0,62,5,8.24
fold2_room1_mix0354,24,5,0,63,5,8.55
fold2_room1_mix0354,25,5,0,65,5,9.44
fold2_room1_mix0354,26,5,0,66,5,8.39
fold2_room1_mix0354,27,5,0,68,4,9.35
fold2_room1_mix0354,28,5,0,64,5,8.35
fold2_room1_mix0354,29,5,0,69,5,8.89
fold2_room1_mix0354,30,5,0,68,5,8.37
fold2_room1_mix0354,31,5,0,67,5,9.29
fold2_room1_mix0354,32,5,0,64,5,8.38
fold2_room1_mix0354,33,5,0,65,5,9.35
fold2_room1_mix0354,34,5,0,68,5,8.91
fold2_room1_mix0354,35,5,0,69,4,9.95
fold2_room1_mix0354,36,5,0,65,5,8.27
fold2_room1_mix0354,37,5,0,66,6,7.71
fold2_room1_mix0354,38,5,0,67,4,9.94
fold2_room1_mix0354,39,5,0,67,5,8.82
fold2_room1_mix0354,40,5,0,67,4,9.28
fold2_room1_mix0354,41,5,0,63,4,9.52
fold2_room1_mix0354,42,5,0,66,5,9.21
fold2_room1_mix0354,43,5,0,66,4,10.16
fold2_room1_mix0354,44,5,0,64,4,9.36
fold2_room1_mix0354,45,5,0,67,5,8.92
fold2_room1_mix0354,46,5,0,67,4,9.43
fold2_room1_mix0354,47,5,0,65,4,9.97
fold2_room1_mix0354,48,5,0,68,4,9.59
fold2_room1_mix0354,49,5,0,66,4,9.35
fold2_room1_mix0354,50,5,0,68,4,9.78
fold2_room1_mix0354,51,5,0,67,4,10.91
fold2_room1_mix0354,52,5,0,65,4,9.84
fold2_room1_mix0354,53,5,0,68,4,9.58
fold2_room1_mix0354,54,5,0,66,4,9.94
fold2_room1_mix0354,55,5,0,66,5,9.15
fold2_room1_mix0354,56,5,0,66,4,10.06
fold2_room1_mix0354,57,5,0,67,5,9.94
fold2_room1_mix0354,58,5,0,68,5,8.97
fold2_room1_mix0354,59,4,0,30,-1,13.90
fold2_room1_mix0354,59,5,0,68,4,10.12
fold2_room1_mix0354,60,4,0,29,-2,17.90
fold2_room1_mix0354,60,5,0,62,4,9.97
fold2_room1_mix0354,61,4,0,29,-1,19.78
fold2_room1_mix0354,61,5,0,70,4,9.10
fold2_room1_mix0354,62,4,0,29,-2,20.29
fold2_room1_mix0354,62,5,0,65,3,10.44
fold2_room1_mix0354,63,4,0,28,-2,20.20
fold2_room1_mix0354,63,5,0,68,4,10.15
fold2_room1_mix0354,64,4,0,31,-2,20.48
fold2_room1_mix0354,64,5,0,63,3,10.55
fold2_room1_mix0354,65,4,0,31,-2,19.49
fold2_room1_mix0354,65,5,0,65,4,9.91
fold2_room1_mix0354,66,4,0,33,-1,19.32
fold2_room1_mix0354,66,5,0,65,4,10.19
fold2_room1_mix0354,67,4,0,34,-2,18.33
fold2_room1_mix0354,67,5,0,67,3,10.86
fold2_room1_mix0354,68,4,0,34,-1,18.15
fold2_room1_mix0354,68,5,0,67,3,10.70
fold2_room1_mix0354,69,4,0,35,-1,17.90
fold2_room1_mix0354,69,5,0,66,4,10.50
fold2_room1_mix0354,70,4,0,37,-1,18.19
fold2_room1_mix0354,70,5,0,63,3,11.17
fold2_room1_mix0354,71,4,0,40,-1,16.70
fold2_room1_mix0354,71,5,0,71,4,10.50
fold2_room1_mix0354,72,4,0,41,-2,16.16
fold2_room1_mix0354,72,5,0,65,4,10.39
fold2_room1_mix0354,73,4,0,43,-2,14.68
fold2_room1_mix0354,73,5,0,64,3,10.59
fold2_room1_mix0354,74,4,0,44,-3,13.53
fold2_room1_mix0354,74,5,0,65,4,10.40
fold2_room1_mix0354,75,4,0,48,-2,12.78
fold2_room1_mix0354,75,5,0,68,4,11.05
fold2_room1_mix0354,76,4,0,51,-3,12.08
fold2_room1_mix0354,76,5,0,72,4,10.68
fold2_room1_mix0354,77,4,0,54,-3,12.23
fold2_room1_mix0354,77,5,0,69,4,10.00
fold2_room1_mix0354,78,4,0,55,-3,11.32
fold2_room1_mix0354,78,5,0,68,4,10.83
fold2_room1_mix0354,79,4,0,58,-4,11.16
fold2_room1_mix0354,79,5,0,70,4,10.94
fold2_room1_mix0354,80,4,0,63,-4,11.04
fold2_room1_mix0354,80,5,0,67,4,11.38
fold2_room1_mix0354,81,4,0,67,-4,10.38
fold2_room1_mix0354,81,5,0,72,4,11.12
fold2_room1_mix0354,82,4,0,73,-4,10.32
fold2_room1_mix0354,82,5,0,69,4,10.46
fold2_room1_mix0354,83,4,0,76,-4,10.04
fold2_room1_mix0354,83,5,0,69,4,11.69
fold2_room1_mix0354,84,4,0,79,-4,10.02
fold2_room1_mix0354,84,5,0,70,4,11.94
fold2_room1_mix0354,85,4,0,82,-4,9.98
fold2_room1_mix0354,85,5,0,64,4,10.71
fold2_room1_mix0354,86,4,0,88,-4,9.83
fold2_room1_mix0354,86,5,0,64,4,10.92
fold2_room1_mix0354,87,4,0,89,-5,9.78
fold2_room1_mix0354,87,5,0,65,4,11.09
fold2_room1_mix0354,88,4,0,94,-4,10.35
fold2_room1_mix0354,88,5,0,61,4,11.56
fold2_room1_mix0354,89,4,0,98,-4,10.45
fold2_room1_mix0354,89,5,0,59,4,11.76
fold2_room1_mix0354,90,4,0,105,-3,10.43
fold2_room1_mix0354,90,5,0,63,4,10.59
fold2_room1_mix0354,91,4,0,109,-3,10.60
fold2_room1_mix0354,91,5,0,60,3,12.23
fold2_room1_mix0354,92,4,0,114,-3,10.58
fold2_room1_mix0354,92,5,0,59,4,11.65
fold2_room1_mix0354,93,4,0,117,-3,11.15
fold2_room1_mix0354,93,5,0,55,4,11.79
fold2_room1_mix0354,94,4,0,118,-4,11.24
fold2_room1_mix0354,94,5,0,56,3,12.15
fold2_room1_mix0354,95,4,0,123,-3,11.62
fold2_room1_mix0354,95,5,0,60,4,11.34
fold2_room1_mix0354,96,4,0,126,-3,12.00
fold2_room1_mix0354,96,5,0,55,4,11.92
fold2_room1_mix0354,97,4,0,129,-3,13.17
fold2_room1_mix0354,97,5,0,56,3,12.62
fold2_room1_mix0354,98,4,0,131,-3,12.68
fold2_room1_mix0354,98,5,0,54,4,11.33
fold2_room1_mix0354,99,4,0,133,-3,13.21
fold2_room1_mix0354,99,5,0,65,4,10.85
fold2_room1_mix0355,20,3,0,68,-3,10.27
fold2_room1_mix0355,21,3,0,65,-3,16.02
fold2_room1_mix0355,22,3,0,76,-3,11.62
fold2_room1_mix0355,23,3,0,81,-3,10.84
fold2_room1_mix0355,24,3,0,83,-3,10.45
fold2_room1_mix0355,25,3,0,83,-3,11.49
fold2_room1_mix0355,26,3,0,86,-3,11.07
fold2_room1_mix0355,27,3,0,89,-3,8.98
fold2_room1_mix0355,28,3,0,89,-3,4.58
fold2_room1_mix0355,29,3,0,91,-4,4.65
fold2_room1_mix0355,30,3,0,91,-3,3.93
fold2_room1_mix0355,34,1,0,-41,-3,7.21
fold2_room1_mix0355,35,1,0,-61,-5,6.77
fold2_room1_mix0355,36,1,0,-76,-5,5.62
fold2_room1_mix0355,37,1,0,-75,-6,2.60
fold2_room1_mix0355,38,1,0,-88,-6,7.00
fold2_room1_mix0355,39,1,0,-124,-5,6.93
fold2_room1_mix0355,40,1,0,-138,-4,8.58
fold2_room1_mix0355,40,3,0,99,-2,5.09
fold2_room1_mix0355,41,1,0,-144,-4,11.48
fold2_room1_mix0355,41,3,0,97,-3,2.70
fold2_room1_mix0355,42,3,0,110,-3,13.65
fold2_room1_mix0355,43,1,0,-147,-4,3.18
fold2_room1_mix0355,43,3,0,114,-2,3.59
fold2_room1_mix0355,44,1,0,-158,-3,7.88
fold2_room1_mix0355,44,3,0,105,-2,9.59
fold2_room1_mix0355,45,1,0,-162,-3,12.74
fold2_room1_mix0355,45,3,0,106,-2,5.96
fold2_room1_mix0355,46,1,0,-168,-3,13.37
fold2_room1_mix0355,46,3,0,103,-1,6.09
fold2_room1_mix0355,47,3,0,106,-2,7.01
fold2_room1_mix0355,48,1,0,-167,-3,6.39
fold2_room1_mix0355,48,3,0,114,-1,4.89
fold2_room1_mix0355,49,1,0,-167,-3,17.19
fold2_room1_mix0355,50,1,0,-166,-2,19.98
fold2_room1_mix0355,51,1,0,-166,-2,18.03
fold2_room1_mix0355,53,1,0,-167,-2,5.83
fold2_room1_mix0355,54,1,0,-167,-2,11.65
fold2_room1_mix0355,55,1,0,-169,-2,18.19
fold2_room1_mix0355,56,1,0,-167,-2,18.23
fold2_room1_mix0355,58,1,0,-170,-2,3.09
fold2_room1_mix0355,59,1,0,-168,-2,13.14
fold2_room1_mix0355,60,1,0,-167,-2,14.77
fold2_room1_mix0355,61,1,0,-168,-2,12.37
fold2_room1_mix0355,64,1,0,-171,-1,3.84
fold2_room1_mix0355,65,1,0,-170,-1,9.78
fold2_room1_mix0355,66,1,0,-172,-1,10.26
fold2_room1_mix0355,69,1,0,-171,-1,13.01
fold2_room1_mix0355,70,1,0,-173,-2,22.29
fold2_room1_mix0355,71,1,0,-173,-2,7.69
fold2_room1_mix0355,72,4,0,-7,-1,3.43
fold2_room1_mix0355,74,1,0,-171,-2,8.87
fold2_room1_mix0355,74,4,0,-6,0,4.81
fold2_room1_mix0355,75,1,0,-169,-2,12.10
fold2_room1_mix0355,75,4,0,-1,-3,6.36
fold2_room1_mix0355,76,1,0,-167,-3,15.98
fold2_room1_mix0355,76,4,0,-8,-3,5.67
fold2_room1_mix0355,77,4,0,-11,-4,5.96
fold2_room1_mix0355,78,4,0,-10,-5,7.51
fold2_room1_mix0355,79,4,0,-13,-5,7.39
fold2_room1_mix0355,80,4,0,-14,-6,6.12
fold2_room1_mix0355,81,4,0,-20,-8,4.76
fold2_room1_mix0355,82,4,0,-28,-9,4.03
fold2_room1_mix0355,83,4,0,-32,-11,3.38
fold2_room1_mix0355,84,4,0,-44,-14,2.46
fold2_room1_mix0355,85,4,0,-65,-19,2.14
fold2_room1_mix0355,86,4,0,-97,-21,1.70
fold2_room1_mix0355,87,0,0,-173,0,2.60
fold2_room1_mix0355,87,4,0,-124,-16,1.92
fold2_room1_mix0355,88,4,0,-140,-10,2.43
fold2_room1_mix0355,89,4,0,-149,-8,3.54
fold2_room1_mix0355,90,4,0,-153,-8,4.08
fold2_room1_mix0355,91,4,0,-156,-5,5.03
fold2_room1_mix0355,92,4,0,-161,-4,6.06
fold2_room1_mix0355,93,4,0,-162,-5,6.48
fold2_room1_mix0355,94,4,0,-165,-3,7.61
fold2_room1_mix0355,95,4,0,-166,-3,8.60
fold2_room1_mix0355,96,4,0,-166,-3,9.18
fold2_room1_mix0355,97,4,0,-167,-2,10.52
fold2_room1_mix0355,98,4,0,-168,-2,11.51
fold2_room1_mix0355,99,4,0,-170,-1,13.04
fold2_room1_mix0356,9,4,0,2,0,5.65
fold2_room1_mix0356,11,4,0,6,0,23.32
fold2_room1_mix0356,12,4,0,3,0,11.73
fold2_room1_mix0356,13,4,0,0,0,18.45
fold2_room1_mix0356,14,4,0,4,0,24.09
fold2_room1_mix0356,15,4,0,5,0,22.04
fold2_room1_mix0356,16,4,0,5,0,26.21
fold2_room1_mix0356,17,4,0,4,0,30.13
fold2_room1_mix0356,18,4,0,6,0,30.06
fold2_room1_mix0356,19,4,0,3,0,30.35
fold2_room1_mix0356,20,4,0,5,0,29.86
fold2_room1_mix0356,21,4,0,5,0,29.03
fold2_room1_mix0356,22,4,0,5,-1,22.63
fold2_room1_mix0356,23,4,0,6,-1,25.28
fold2_room1_mix0356,24,4,0,5,-1,27.15
fold2_room1_mix0356,25,4,0,4,-1,27.58
fold2_room1_mix0356,26,4,0,3,-1,23.12
fold2_room1_mix0356,27,4,0,6,-1,22.33
fold2_room1_mix0356,28,4,0,5,-1,24.25
fold2_room1_mix0356,29,4,0,4,-1,24.57
fold2_room1_mix0356,30,4,0,3,-1,24.20
fold2_room1_mix0356,31,4,0,6,-1,24.43
fold2_room1_mix0356,32,4,0,5,-1,23.03
fold2_room1_mix0356,33,4,0,3,-1,24.50
fold2_room1_mix0356,34,4,0,4,-1,23.08
fold2_room1_mix0356,35,4,0,8,-1,24.90
fold2_room1_mix0356,36,4,0,6,-1,23.55
fold2_room1_mix0356,37,4,0,6,-1,25.35
fold2_room1_mix0356,38,4,0,7,-1,26.58
fold2_room1_mix0356,39,4,0,9,0,26.47
fold2_room1_mix0356,40,4,0,9,-1,25.99
fold2_room1_mix0356,41,4,0,10,-1,24.12
fold2_room1_mix0356,42,4,0,10,-1,22.41
fold2_room1_mix0356,43,4,0,10,-1,22.99
fold2_room1_mix0356,44,4,0,12,-1,21.79
fold2_room1_mix0356,45,4,0,8,-2,20.06
fold2_room1_mix0356,46,4,0,10,-2,19.35
fold2_room1_mix0356,47,4,0,10,-2,18.99
fold2_room1_mix0356,48,4,0,9,-2,17.47
fold2_room1_mix0356,49,4,0,8,-2,17.64
fold2_room1_mix0356,50,4,0,7,-2,16.49
fold2_room1_mix0356,51,4,0,9,-2,14.97
fold2_room1_mix0356,52,4,0,9,-2,14.06
fold2_room1_mix0356,53,4,0,11,-2,13.06
fold2_room1_mix0356,54,4,0,12,-3,11.77
fold2_room1_mix0356,55,4,0,13,-3,11.48
fold2_room1_mix0356,56,4,0,13,-3,11.18
fold2_room1_mix0356,57,4,0,13,-3,9.51
fold2_room1_mix0356,58,4,0,15,-3,9.12
fold2_room1_mix0356,59,4,0,17,-4,8.51
fold2_room1_mix0356,60,4,0,18,-4,7.67
fold2_room1_mix0356,61,4,0,19,-4,7.12
fold2_room1_mix0356,62,4,0,22,-6,6.40
fold2_room1_mix0356,63,4,0,22,-6,5.74
fold2_room1_mix0356,64,4,0,25,-7,5.07
fold2_room1_mix0356,65,4,0,29,-9,4.17
fold2_room1_mix0356,66,4,0,32,-10,3.73
fold2_room1_mix0356,67,4,0,40,-12,3.29
fold2_room1_mix0356,68,4,0,53,-15,2.84
fold2_room1_mix0356,69,4,0,73,-18,2.65
fold2_room1_mix0356,70,4,0,94,-18,2.73
fold2_room1_mix0356,71,4,0,114,-17,2.79
fold2_room1_mix0356,72,4,0,126,-14,3.09
fold2_room1_mix0356,73,4,0,137,-11,3.35
fold2_room1_mix0356,74,4,0,143,-10,3.76
fold2_room1_mix0356,75,4,0,151,-8,4.72
fold2_room1_mix0356,76,4,0,155,-7,5.03
fold2_room1_mix0356,77,4,0,158,-7,5.82
fold2_room1_mix0356,78,4,0,160,-6,6.29
fold2_room1_mix0356,79,4,0,163,-5,7.04
fold2_room1_mix0356,80,4,0,162,-4,7.86
fold2_room1_mix0356,81,4,0,166,-4,8.41
fold2_room1_mix0356,82,4,0,167,-4,8.98
fold2_room1_mix0356,83,4,0,168,-3,9.79
fold2_room1_mix0356,84,4,0,169,-3,10.17
fold2_room1_mix0356,85,4,0,169,-3,10.90
fold2_room1_mix0356,86,4,0,169,-3,11.17
fold2_room1_mix0356,87,4,0,169,-3,12.09
fold2_room1_mix0356,88,4,0,170,-2,12.82
fold2_room1_mix0356,89,4,0,171,-2,13.09
fold2_room1_mix0356,90,4,0,171,-2,13.79
fold2_room1_mix0356,91,4,0,171,-2,15.36
fold2_room1_mix0356,92,4,0,171,-2,14.97
fold2_room1_mix0356,93,4,0,171,-2,15.37
fold2_room1_mix0356,94,4,0,172,-1,15.82
fold2_room1_mix0356,95,4,0,172,-1,17.27
fold2_room1_mix0356,96,4,0,172,-1,16.48
fold2_room1_mix0356,97,4,0,172,-1,17.61
fold2_room1_mix0356,98,4,0,173,-1,18.30
fold2_room1_mix0356,99,4,0,171,-1,18.45
fold2_room1_mix0357,2,4,0,177,2,0.89
fold2_room1_mix0357,3,4,0,178,0,7.77
fold2_room1_mix0357,4,4,0,175,0,11.27
fold2_room1_mix0357,5,4,0,175,0,13.57
fold2_room1_mix0357,6,4,0,176,0,14.63
fold2_room1_mix0357,7,4,0,176,-1,18.55
fold2_room1_mix0357,8,4,0,176,-1,18.92
fold2_room1_mix0357,9,4,0,176,-1,18.24
fold2_room1_mix0357,10,4,0,175,-1,18.15
fold2_room1_mix0357,11,4,0,174,-1,17.43
fold2_room1_mix0357,12,4,0,174,-1,16.42
fold2_room1_mix0357,13,4,0,175,-1,16.53
fold2_room1_mix0357,14,4,0,174,-1,16.23
fold2_room1_mix0357,15,4,0,174,-2,15.95
fold2_room1_mix0357,16,4,0,174,-2,14.28
fold2_room1_mix0357,17,4,0,174,-2,14.95
fold2_room1_mix0357,18,4,0,174,-2,14.39
fold2_room1_mix0357,19,4,0,173,-2,13.95
fold2_room1_mix0357,20,4,0,173,-2,13.73
fold2_room1_mix0357,21,4,0,173,-2,13.46
fold2_room1_mix0357,22,4,0,173,-2,12.65
fold2_room1_mix0357,23,4,0,173,-2,12.50
fold2_room1_mix0357,24,4,0,173,-3,11.95
fold2_room1_mix0357,25,4,0,173,-3,11.97
fold2_room1_mix0357,26,4,0,172,-3,11.18
fold2_room1_mix0357,27,4,0,172,-3,10.95
fold2_room1_mix0357,28,4,0,171,-4,10.27
fold2_room1_mix0357,29,4,0,170,-4,9.42
fold2_room1_mix0357,30,4,0,172,-4,9.45
fold2_room1_mix0357,31,4,0,172,-4,9.24
fold2_room1_mix0357,32,4,0,171,-5,8.31
fold2_room1_mix0357,33,4,0,-177,-2,14.49
fold2_room1_mix0357,33,4,0,165,-6,6.38
fold2_room1_mix0357,34,4,0,-176,-2,14.53
fold2_room1_mix0357,34,4,0,163,-6,6.07
fold2_room1_mix0357,35,4,0,-177,-3,13.22
fold2_room1_mix0357,35,4,0,162,-8,5.12
fold2_room1_mix0357,36,4,0,-177,-3,13.22
fold2_room1_mix0357,36,4,0,161,-8,5.41
fold2_room1_mix0357,37,4,0,-176,-2,14.16
fold2_room1_mix0357,37,4,0,167,-6,8.45
fold2_room1_mix0357,37,4,0,152,-12,2.92
fold2_room1_mix0357,38,4,0,172,-5,10.62
fold2_room1_mix0357,38,4,0,149,-13,2.65
fold2_room1_mix0357,39,4,0,171,-4,11.80
fold2_room1_mix0357,39,4,0,142,-15,2.19
fold2_room1_mix0357,40,4,0,172,-5,11.08
fold2_room1_mix0357,40,4,0,135,-17,1.86
fold2_room1_mix0357,41,4,0,171,-5,11.14
fold2_room1_mix0357,41,4,0,131,-19,1.66
fold2_room1_mix0357,42,4,0,169,-6,11.87
fold2_room1_mix0357,42,4,0,121,-22,1.55
fold2_room1_mix0357,43,4,0,171,-5,11.88
fold2_room1_mix0357,43,4,0,97,-24,1.71
fold2_room1_mix0357,44,4,0,-172,-5,11.53
fold2_room1_mix0357,44,4,0,91,-23,1.70
fold2_room1_mix0357,45,4,0,174,-5,10.57
fold2_room1_mix0357,45,4,0,60,-19,2.18
fold2_room1_mix0357,46,4,0,174,-4,10.20
fold2_room1_mix0357,46,4,0,55,-17,2.36
fold2_room1_mix0357,47,4,0,170,-5,9.70
fold2_room1_mix0357,47,4,0,44,-15,3.05
fold2_room1_mix0357,48,4,0,178,-5,9.15
fold2_room1_mix0357,48,4,0,44,-15,2.67
fold2_room1_mix0357,49,4,0,172,-7,7.61
fold2_room1_mix0357,49,4,0,41,-12,3.08
fold2_room1_mix0357,50,4,0,177,-6,7.64
fold2_room1_mix0357,50,4,0,157,-11,6.14
fold2_room1_mix0357,50,4,0,37,-11,3.51
fold2_room1_mix0357,51,4,0,179,-6,7.14
fold2_room1_mix0357,51,4,0,34,-10,3.88
fold2_room1_mix0357,52,4,0,-176,-6,6.63
fold2_room1_mix0357,52,4,0,32,-9,4.31
fold2_room1_mix0357,53,4,0,-176,-5,6.90
fold2_room1_mix0357,53,4,0,27,-8,4.56
fold2_room1_mix0357,54,4,0,-178,-7,5.86
fold2_room1_mix0357,54,4,0,24,-8,4.80
fold2_room1_mix0357,55,4,0,-178,-7,6.10
fold2_room1_mix0357,55,4,0,24,-7,5.34
fold2_room1_mix0357,56,4,0,-175,-6,6.19
fold2_room1_mix0357,56,4,0,22,-7,5.95
fold2_room1_mix0357,57,4,0,-175,-6,6.41
fold2_room1_mix0357,57,4,0,20,-7,6.30
fold2_room1_mix0357,58,4,0,-173,-7,5.94
fold2_room1_mix0357,58,4,0,19,-6,6.76
fold2_room1_mix0357,59,4,0,-172,-7,5.79
fold2_room1_mix0357,59,4,0,17,-6,7.23
fold2_room1_mix0357,60,4,0,-170,-7,5.25
fold2_room1_mix0357,60,4,0,16,-5,7.89
fold2_room1_mix0357,61,4,0,-169,-8,5.03
fold2_room1_mix0357,61,4,0,14,-5,8.49
fold2_room1_mix0357,62,4,0,-169,-8,4.57
fold2_room1_mix0357,62,4,0,13,-4,8.74
fold2_room1_mix0357,63,4,0,-169,-8,4.76
fold2_room1_mix0357,63,4,0,12,-4,9.58
fold2_room1_mix0357,64,4,0,-168,-7,4.71
fold2_room1_mix0357,64,4,0,11,-4,9.69
fold2_room1_mix0357,65,4,0,-169,-7,4.80
fold2_room1_mix0357,65,4,0,11,-3,10.54
fold2_room1_mix0357,66,4,0,-167,-8,4.67
fold2_room1_mix0357,66,4,0,11,-3,11.04
fold2_room1_mix0357,67,4,0,-166,-9,4.24
fold2_room1_mix0357,67,4,0,11,-3,10.77
fold2_room1_mix0357,68,4,0,-166,-9,4.03
fold2_room1_mix0357,68,4,0,10,-3,11.62
fold2_room1_mix0357,69,4,0,-165,-10,3.82
fold2_room1_mix0357,69,4,0,10,-2,13.55
fold2_room1_mix0357,70,4,0,-163,-12,3.20
fold2_room1_mix0357,70,4,0,10,-1,15.55
fold2_room1_mix0357,71,4,0,-160,-12,3.23
fold2_room1_mix0357,71,4,0,9,-1,16.79
fold2_room1_mix0357,72,4,0,-158,-13,2.92
fold2_room1_mix0357,72,4,0,9,-1,17.57
fold2_room1_mix0357,73,4,0,-154,-14,2.55
fold2_room1_mix0357,73,4,0,9,-1,18.42
fold2_room1_mix0357,74,4,0,-150,-16,2.26
fold2_room1_mix0357,74,4,0,8,0,19.94
fold2_room1_mix0357,75,4,0,-144,-19,1.69
fold2_room1_mix0357,75,4,0,8,0,21.07
fold2_room1_mix0357,76,4,0,-135,-22,1.37
fold2_room1_mix0357,76,4,0,5,0,21.95
fold2_room1_mix0357,77,4,0,-118,-29,0.94
fold2_room1_mix0357,77,4,0,5,0,22.63
fold2_room1_mix0357,78,4,0,-80,-31,0.87
fold2_room1_mix0357,78,4,0,1,0,21.84
fold2_room1_mix0357,79,4,0,-55,-24,1.18
fold2_room1_mix0357,79,4,0,2,0,23.31
fold2_room1_mix0357,80,4,0,-41,-21,1.30
fold2_room1_mix0357,80,4,0,4,1,23.07
fold2_room1_mix0357,81,4,0,-34,-17,1.73
fold2_room1_mix0357,81,4,0,5,1,24.36
fold2_room1_mix0357,82,4,0,-25,-15,2.21
fold2_room1_mix0357,82,4,0,7,1,24.51
fold2_room1_mix0357,83,4,0,-20,-12,2.64
fold2_room1_mix0357,83,4,0,8,0,24.06
fold2_room1_mix0357,84,4,0,-18,-12,3.02
fold2_room1_mix0357,84,4,0,8,1,25.46
fold2_room1_mix0357,85,4,0,-15,-11,3.35
fold2_room1_mix0357,85,4,0,8,0,25.49
fold2_room1_mix0357,86,4,0,-13,-11,3.49
fold2_room1_mix0357,86,4,0,8,0,24.03
fold2_room1_mix0357,87,4,0,-12,-9,3.98
fold2_room1_mix0357,87,4,0,8,0,25.98
fold2_room1_mix0357,88,4,0,-9,-8,4.74
fold2_room1_mix0357,88,4,0,8,0,24.84
fold2_room1_mix0357,89,4,0,-9,-8,4.67
fold2_room1_mix0357,89,4,0,8,0,25.78
fold2_room1_mix0357,90,4,0,-9,-7,5.36
fold2_room1_mix0357,90,4,0,8,0,27.09
fold2_room1_mix0357,91,4,0,-9,-8,5.50
fold2_room1_mix0357,91,4,0,8,0,26.65
fold2_room1_mix0357,92,4,0,-9,-8,5.24
fold2_room1_mix0357,92,4,0,8,0,26.97
fold2_room1_mix0357,93,4,0,-9,-7,5.71
fold2_room1_mix0357,93,4,0,8,0,26.77
fold2_room1_mix0357,94,4,0,-8,-8,5.39
fold2_room1_mix0357,94,4,0,7,0,26.05
fold2_room1_mix0357,95,4,0,-7,-8,5.71
fold2_room1_mix0357,95,4,0,8,0,28.18
fold2_room1_mix0357,96,4,0,-7,-7,6.04
fold2_room1_mix0357,96,4,0,8,0,28.87
fold2_room1_mix0357,97,4,0,-7,-7,6.51
fold2_room1_mix0357,97,4,0,7,0,30.02
fold2_room1_mix0357,98,4,0,3,-2,21.57
fold2_room1_mix0357,99,4,0,-5,-7,6.05
fold2_room1_mix0357,99,4,0,9,0,27.47
fold2_room1_mix0358,37,4,0,162,-5,7.29
fold2_room1_mix0358,37,4,0,28,-4,6.21
fold2_room1_mix0358,40,4,0,165,-6,7.61
fold2_room1_mix0358,40,4,0,34,-6,5.73
fold2_room1_mix0358,41,4,0,-179,-3,8.10
fold2_room1_mix0358,41,4,0,36,-7,5.17
fold2_room1_mix0358,42,4,0,-176,-3,7.57
fold2_room1_mix0358,42,4,0,39,-7,4.55
fold2_room1_mix0358,43,4,0,-172,-3,7.67
fold2_room1_mix0358,43,4,0,45,-8,4.48
fold2_room1_mix0358,44,4,0,-171,-2,8.36
fold2_room1_mix0358,44,4,0,54,-8,4.53
fold2_room1_mix0358,45,4,0,-174,-3,7.78
fold2_room1_mix0358,45,4,0,68,-9,4.30
fold2_room1_mix0358,46,4,0,-173,-3,7.29
fold2_room1_mix0358,46,4,0,80,-9,4.16
fold2_room1_mix0358,47,4,0,-179,-5,6.83
fold2_room1_mix0358,47,4,0,100,-8,4.64
fold2_room1_mix0358,48,4,0,-167,-3,7.89
fold2_room1_mix0358,48,4,0,118,-8,4.83
fold2_room1_mix0358,48,4,0,100,-7,5.20
fold2_room1_mix0358,49,4,0,-179,-6,6.78
fold2_room1_mix0358,49,4,0,138,-8,4.67
fold2_room1_mix0358,49,4,0,113,-8,5.69
fold2_room1_mix0358,50,4,0,-170,-6,6.46
fold2_room1_mix0358,50,4,0,153,-8,4.72
fold2_room1_mix0358,50,4,0,126,-7,5.15
fold2_room1_mix0358,51,4,0,-158,-5,6.26
fold2_room1_mix0358,51,4,0,158,-7,4.62
fold2_room1_mix0358,51,4,0,131,-6,5.41
fold2_room1_mix0358,52,4,0,-152,-4,6.37
fold2_room1_mix0358,52,4,0,163,-6,4.83
fold2_room1_mix0358,52,4,0,137,-6,5.94
fold2_room1_mix0358,53,4,0,-164,-5,6.10
fold2_room1_mix0358,53,4,0,171,-6,5.15
fold2_room1_mix0358,53,4,0,140,-6,6.41
fold2_room1_mix0358,54,4,0,-153,-6,4.95
fold2_room1_mix0358,54,4,0,172,-8,4.36
fold2_room1_mix0358,54,4,0,133,-5,6.29
fold2_room1_mix0358,55,4,0,-157,-7,5.15
fold2_room1_mix0358,55,4,0,-178,-8,4.17
fold2_room1_mix0358,55,4,0,150,-7,5.17
fold2_room1_mix0358,56,4,0,-156,-10,3.79
fold2_room1_mix0358,56,4,0,152,-8,5.48
fold2_room1_mix0358,57,4,0,-142,-9,4.26
fold2_room1_mix0358,57,4,0,-157,-13,3.29
fold2_room1_mix0358,57,4,0,154,-9,5.28
fold2_room1_mix0358,58,4,0,-152,-15,3.21
fold2_room1_mix0358,59,4,0,-145,-18,2.73
fold2_room1_mix0358,60,4,0,-169,-19,4.24
fold2_room1_mix0358,60,4,0,-135,-23,2.34
fold2_room1_mix0358,61,4,0,-146,-24,3.38
fold2_room1_mix0358,61,4,0,-122,-29,1.74
fold2_room1_mix0358,62,4,0,-167,-24,4.55
fold2_room1_mix0358,62,4,0,-98,-33,1.60
fold2_room1_mix0358,63,4,0,-171,-19,5.95
fold2_room1_mix0358,63,4,0,-63,-27,1.48
fold2_room1_mix0358,64,4,0,-51,-23,2.27
fold2_room1_mix0358,65,4,0,-36,-16,2.62
fold2_room1_mix0358,67,4,0,-23,-12,3.67
fold2_room1_mix0358,68,4,0,-19,-10,3.50
fold2_room1_mix0358,69,4,0,-16,-9,3.73
fold2_room1_mix0358,70,4,0,-14,-9,4.00
fold2_room1_mix0358,71,4,0,-13,-8,4.28
fold2_room1_mix0358,72,4,0,-12,-8,4.55
fold2_room1_mix0358,73,4,0,-13,-7,5.29
fold2_room1_mix0358,74,4,0,-12,-7,5.15
fold2_room1_mix0358,75,4,0,-12,-7,5.40
fold2_room1_mix0358,76,4,0,-12,-6,5.89
fold2_room1_mix0358,77,4,0,-10,-5,6.45
fold2_room1_mix0358,78,4,0,-11,-5,6.80
fold2_room1_mix0358,79,4,0,-9,-5,7.43
fold2_room1_mix0358,80,4,0,-9,-5,7.90
fold2_room1_mix0358,81,4,0,-10,-5,7.33
fold2_room1_mix0358,82,4,0,-9,-5,8.07
fold2_room1_mix0358,83,4,0,-11,-4,5.27
fold2_room1_mix0358,84,4,0,-8,-4,2.66
fold2_room1_mix0358,85,4,0,-7,-4,3.32
fold2_room1_mix0358,35,4,0,20,-4,5.20
fold2_room1_mix0358,36,4,0,22,-4,5.94
fold2_room1_mix0358,38,4,0,28,-5,5.14
fold2_room1_mix0358,39,4,0,32,-6,6.12
fold2_room1_mix0358,66,4,0,-25,-13,2.75
fold2_room1_mix0359,23,4,0,-175,1,2.08
fold2_room1_mix0359,24,4,0,-179,3,0.88
fold2_room1_mix0359,25,4,0,-176,1,2.89
fold2_room1_mix0359,26,4,0,179,2,1.64
fold2_room1_mix0359,27,4,0,-177,2,1.83
fold2_room1_mix0359,28,4,0,-178,1,8.17
fold2_room1_mix0359,29,4,0,-179,0,5.39
fold2_room1_mix0359,30,4,0,-179,0,6.49
fold2_room1_mix0359,31,4,0,-179,2,4.44
fold2_room1_mix0359,32,4,0,179,1,6.21
fold2_room1_mix0359,33,4,0,177,0,18.59
fold2_room1_mix0359,34,4,0,178,0,22.21
fold2_room1_mix0359,35,4,0,-178,0,17.93
fold2_room1_mix0359,36,4,0,176,0,20.61
fold2_room1_mix0359,37,4,0,177,0,20.16
fold2_room1_mix0359,38,4,0,-179,0,23.03
fold2_room1_mix0359,38,4,0,7,2,28.18
fold2_room1_mix0359,39,4,0,179,0,25.24
fold2_room1_mix0359,39,4,0,6,2,27.73
fold2_room1_mix0359,40,4,0,173,0,22.87
fold2_room1_mix0359,40,4,0,13,2,23.73
fold2_room1_mix0359,41,4,0,175,0,25.57
fold2_room1_mix0359,41,4,0,4,1,27.27
fold2_room1_mix0359,42,4,0,175,0,26.38
fold2_room1_mix0359,42,4,0,6,0,24.50
fold2_room1_mix0359,43,4,0,175,0,25.73
fold2_room1_mix0359,43,4,0,1,0,21.97
fold2_room1_mix0359,44,4,0,176,0,29.45
fold2_room1_mix0359,44,4,0,6,-1,23.00
fold2_room1_mix0359,45,4,0,175,-1,27.83
fold2_room1_mix0359,45,4,0,5,-1,24.90
fold2_room1_mix0359,46,4,0,178,0,32.52
fold2_room1_mix0359,46,4,0,8,-2,22.66
fold2_room1_mix0359,47,4,0,176,0,34.07
fold2_room1_mix0359,47,4,0,7,-1,23.86
fold2_room1_mix0359,48,4,0,175,-1,28.10
fold2_room1_mix0359,48,4,0,10,-1,23.16
fold2_room1_mix0359,49,4,0,-179,-1,26.53
fold2_room1_mix0359,49,4,0,13,-1,21.39
fold2_room1_mix0359,50,4,0,179,0,30.10
fold2_room1_mix0359,50,4,0,12,-2,21.39
fold2_room1_mix0359,51,4,0,-179,0,26.30
fold2_room1_mix0359,51,4,0,14,-1,20.35
fold2_room1_mix0359,52,4,0,174,-1,26.20
fold2_room1_mix0359,52,4,0,15,-1,22.88
fold2_room1_mix0359,53,4,0,-177,-1,23.48
fold2_room1_mix0359,53,4,0,16,-2,19.66
fold2_room1_mix0359,54,4,0,174,-2,25.45
fold2_room1_mix0359,54,4,0,16,-2,21.88
fold2_room1_mix0359,55,4,0,176,-1,22.24
fold2_room1_mix0359,55,4,0,20,-2,17.12
fold2_room1_mix0359,56,4,0,174,0,24.36
fold2_room1_mix0359,56,4,0,15,-2,16.88
fold2_room1_mix0359,57,4,0,174,-1,23.69
fold2_room1_mix0359,57,4,0,18,-3,14.80
fold2_room1_mix0359,58,0,0,144,-2,3.80
fold2_room1_mix0359,58,4,0,171,-1,22.80
fold2_room1_mix0359,58,4,0,14,-2,13.38
fold2_room1_mix0359,59,0,0,139,-2,3.84
fold2_room1_mix0359,59,4,0,172,-1,21.71
fold2_room1_mix0359,59,4,0,16,-3,13.34
fold2_room1_mix0359,60,0,0,117,-2,4.54
fold2_room1_mix0359,60,4,0,172,-1,18.33
fold2_room1_mix0359,60,4,0,17,-3,11.71
fold2_room1_mix0359,61,0,0,119,-2,7.11
fold2_room1_mix0359,61,4,0,171,-1,18.51
fold2_room1_mix0359,61,4,0,18,-3,11.69
fold2_room1_mix0359,62,0,0,119,-2,7.71
fold2_room1_mix0359,62,4,0,170,-2,16.96
fold2_room1_mix0359,62,4,0,21,-4,10.18
fold2_room1_mix0359,63,0,0,108,-2,8.08
fold2_room1_mix0359,63,4,0,167,-1,14.99
fold2_room1_mix0359,63,4,0,25,-4,9.20
fold2_room1_mix0359,64,0,0,104,-2,7.39
fold2_room1_mix0359,64,4,0,169,-2,14.69
fold2_room1_mix0359,64,4,0,33,-5,8.53
fold2_room1_mix0359,65,0,0,100,-2,6.77
fold2_room1_mix0359,65,4,0,172,-1,14.94
fold2_room1_mix0359,65,4,0,44,-7,5.81
fold2_room1_mix0359,65,4,0,26,-3,10.28
fold2_room1_mix0359,66,0,0,94,-2,7.36
fold2_room1_mix0359,66,4,0,173,-2,13.52
fold2_room1_mix0359,66,4,0,42,-6,6.24
fold2_room1_mix0359,66,4,0,26,-2,10.99
fold2_room1_mix0359,67,0,0,92,-3,6.84
fold2_room1_mix0359,67,4,0,175,-1,14.47
fold2_room1_mix0359,67,4,0,47,-7,4.94
fold2_room1_mix0359,67,4,0,30,-3,8.62
fold2_room1_mix0359,68,0,0,90,-2,6.86
fold2_room1_mix0359,68,4,0,174,0,14.20
fold2_room1_mix0359,68,4,0,41,-5,5.66
fold2_room1_mix0359,69,0,0,87,-2,8.20
fold2_room1_mix0359,69,4,0,167,-1,14.43
fold2_room1_mix0359,69,4,0,47,-6,5.08
fold2_room1_mix0359,69,4,0,31,-3,7.39
fold2_room1_mix0359,70,0,0,82,-2,8.39
fold2_room1_mix0359,70,4,0,170,-1,14.98
fold2_room1_mix0359,70,4,0,47,-6,5.46
fold2_room1_mix0359,71,0,0,73,-2,8.00
fold2_room1_mix0359,71,4,0,161,0,13.83
fold2_room1_mix0359,71,4,0,64,-7,3.90
fold2_room1_mix0359,71,4,0,38,-4,6.48
fold2_room1_mix0359,72,0,0,65,-2,8.66
fold2_room1_mix0359,72,4,0,152,-2,13.57
fold2_room1_mix0359,72,4,0,73,-11,3.29
fold2_room1_mix0359,72,4,0,40,-5,6.18
fold2_room1_mix0359,73,0,0,61,-2,10.21
fold2_room1_mix0359,73,4,0,148,-1,13.34
fold2_room1_mix0359,73,4,0,82,-7,5.22
fold2_room1_mix0359,74,0,0,72,-2,9.46
fold2_room1_mix0359,74,4,0,150,0,14.99
fold2_room1_mix0359,74,4,0,96,-7,4.79
fold2_room1_mix0359,74,4,0,72,-6,6.62
fold2_room1_mix0359,75,0,0,116,-2,10.61
fold2_room1_mix0359,75,4,0,152,-2,12.36
fold2_room1_mix0359,75,4,0,106,-8,4.32
fold2_room1_mix0359,75,4,0,63,-7,6.12
fold2_room1_mix0359,76,0,0,106,-2,11.66
fold2_room1_mix0359,76,4,0,140,-4,8.19
fold2_room1_mix0359,76,4,0,116,-5,5.27
fold2_room1_mix0359,76,4,0,65,-7,6.43
fold2_room1_mix0359,77,0,0,95,-2,10.69
fold2_room1_mix0359,77,4,0,140,-3,7.66
fold2_room1_mix0359,77,4,0,122,-3,5.52
fold2_room1_mix0359,77,4,0,42,-7,6.36
fold2_room1_mix0359,78,0,0,102,-2,11.31
fold2_room1_mix0359,78,4,0,137,-3,6.03
fold2_room1_mix0359,79,0,0,110,-2,11.99
fold2_room1_mix0359,79,4,0,160,-4,6.56
fold2_room1_mix0359,79,4,0,136,-3,5.66
fold2_room1_mix0359,79,4,0,56,-9,5.32
fold2_room1_mix0359,80,0,0,66,-2,10.98
fold2_room1_mix0359,80,4,0,158,-3,6.65
fold2_room1_mix0359,80,4,0,136,-3,5.85
fold2_room1_mix0359,81,0,0,44,-2,13.16
fold2_room1_mix0359,81,4,0,164,-5,5.86
fold2_room1_mix0359,81,4,0,140,-3,5.86
fold2_room1_mix0359,82,0,0,52,-1,13.18
fold2_room1_mix0359,82,4,0,156,-3,6.09
fold2_room1_mix0359,82,4,0,75,-8,6.30
fold2_room1_mix0359,83,0,0,41,-2,12.38
fold2_room1_mix0359,83,4,0,-172,-6,5.31
fold2_room1_mix0359,83,4,0,152,-3,6.27
fold2_room1_mix0359,83,4,0,108,-5,6.81
fold2_room1_mix0359,84,0,0,35,-1,12.71
fold2_room1_mix0359,84,4,0,-161,-6,4.63
fold2_room1_mix0359,84,4,0,155,-4,6.55
fold2_room1_mix0359,84,4,0,99,-3,8.10
fold2_room1_mix0359,85,0,0,24,-1,13.72
fold2_room1_mix0359,85,4,0,169,-3,7.67
fold2_room1_mix0359,85,4,0,-130,-10,4.06
fold2_room1_mix0359,85,4,0,102,-2,7.65
fold2_room1_mix0359,86,0,0,23,-1,13.95
fold2_room1_mix0359,86,4,0,178,-2,8.62
fold2_room1_mix0359,86,4,0,-97,-10,3.94
fold2_room1_mix0359,86,4,0,86,-4,6.91
fold2_room1_mix0359,87,0,0,22,-1,18.66
fold2_room1_mix0359,87,4,0,148,-1,10.40
fold2_room1_mix0359,87,4,0,-88,-10,4.34
fold2_room1_mix0359,88,0,0,21,-1,16.76
fold2_room1_mix0359,88,4,0,160,-1,12.43
fold2_room1_mix0359,88,4,0,-87,-10,4.29
fold2_room1_mix0359,88,4,0,83,-14,5.17
fold2_room1_mix0359,89,0,0,20,-1,18.35
fold2_room1_mix0359,89,4,0,149,-1,14.39
fold2_room1_mix0359,89,4,0,-57,-9,4.96
fold2_room1_mix0359,89,4,0,-28,-16,4.91
fold2_room1_mix0359,90,0,0,14,-1,18.75
fold2_room1_mix0359,90,4,0,147,0,14.40
fold2_room1_mix0359,90,4,0,-41,-12,5.03
fold2_room1_mix0359,91,0,0,13,-1,22.80
fold2_room1_mix0359,91,4,0,149,0,14.59
fold2_room1_mix0359,91,4,0,-33,-11,4.58
fold2_room1_mix0359,92,0,0,13,-1,21.85
fold2_room1_mix0359,92,4,0,149,0,14.40
fold2_room1_mix0359,92,4,0,-19,-9,5.42
fold2_room1_mix0359,93,0,0,15,-1,25.47
fold2_room1_mix0359,93,4,0,148,0,14.36
fold2_room1_mix0359,93,4,0,-40,-9,5.69
fold2_room1_mix0359,94,0,0,15,-1,26.04
fold2_room1_mix0359,94,4,0,161,-1,12.53
fold2_room1_mix0359,94,4,0,-21,-5,6.51
fold2_room1_mix0359,95,0,0,16,-1,28.27
fold2_room1_mix0359,95,4,0,163,0,13.51
fold2_room1_mix0359,95,4,0,-30,-5,7.58
fold2_room1_mix0359,96,0,0,17,0,28.06
fold2_room1_mix0359,96,4,0,154,0,15.65
fold2_room1_mix0359,96,4,0,-175,-2,9.72
fold2_room1_mix0359,96,4,0,-25,-2,10.30
fold2_room1_mix0359,97,0,0,13,0,10.59
fold2_room1_mix0359,97,4,0,161,0,19.15
fold2_room1_mix0359,97,4,0,-18,-4,10.00
fold2_room1_mix0359,98,0,0,11,0,12.06
fold2_room1_mix0359,98,4,0,161,0,22.35
fold2_room1_mix0359,98,4,0,-15,-3,10.08
fold2_room1_mix0359,99,0,0,12,0,4.64
fold2_room1_mix0359,99,4,0,163,0,20.64
fold2_room1_mix0359,99,4,0,-15,-2,11.05
fold2_room1_mix0360,27,3,0,-126,-4,8.35
fold2_room1_mix0360,28,3,0,-130,-3,13.96
fold2_room1_mix0360,29,3,0,-136,-3,16.56
fold2_room1_mix0360,30,3,0,-134,-3,12.11
fold2_room1_mix0360,37,3,0,-124,-3,17.63
fold2_room1_mix0360,38,3,0,-121,-3,17.89
fold2_room1_mix0360,39,3,0,-119,-3,15.26
fold2_room1_mix0360,40,3,0,-114,-2,16.77
fold2_room1_mix0360,41,3,0,-114,-3,16.56
fold2_room1_mix0360,44,3,0,123,-4,13.68
fold2_room1_mix0360,45,3,0,89,-3,12.91
fold2_room1_mix0360,46,3,0,58,-3,11.90
fold2_room1_mix0360,47,3,0,77,-3,11.55
fold2_room1_mix0360,48,3,0,77,-3,10.52
fold2_room1_mix0360,49,3,0,86,-3,12.44
fold2_room1_mix0360,50,3,0,70,-4,11.09
fold2_room1_mix0360,51,3,0,66,-2,12.34
fold2_room1_mix0360,52,3,0,81,-4,11.55
fold2_room1_mix0360,53,3,0,51,-3,10.01
fold2_room1_mix0360,54,3,0,54,-2,9.54
fold2_room1_mix0360,55,3,0,-81,-3,10.87
fold2_room1_mix0360,56,3,0,-88,-3,11.62
fold2_room1_mix0360,57,3,0,-89,-3,10.30
fold2_room1_mix0360,58,3,0,-89,-3,9.72
fold2_room1_mix0360,59,3,0,-96,-4,11.62
fold2_room1_mix0360,60,3,0,-94,-3,11.35
fold2_room1_mix0360,61,3,0,-92,-3,11.00
fold2_room1_mix0360,62,3,0,-95,-3,11.77
fold2_room1_mix0360,63,3,0,-82,-3,12.41
fold2_room1_mix0360,64,3,0,-79,-2,10.22
fold2_room1_mix0360,65,3,0,-81,-3,10.82
fold2_room1_mix0360,66,3,0,-82,-3,11.67
fold2_room1_mix0360,67,3,0,-82,-3,11.23
fold2_room1_mix0360,68,3,0,-91,-3,11.15
fold2_room1_mix0361,33,4,0,175,-2,3.34
fold2_room1_mix0361,34,4,0,172,-1,4.50
fold2_room1_mix0361,35,4,0,178,-2,6.28
fold2_room1_mix0361,36,4,0,176,-2,7.32
fold2_room1_mix0361,37,4,0,175,-2,8.66
fold2_room1_mix0361,38,4,0,173,-2,11.26
fold2_room1_mix0361,39,4,0,174,-2,10.55
fold2_room1_mix0361,40,4,0,173,-2,12.40
fold2_room1_mix0361,41,4,0,176,-3,11.58
fold2_room1_mix0361,42,4,0,174,-2,12.21
fold2_room1_mix0361,43,4,0,177,-2,11.79
fold2_room1_mix0361,44,4,0,177,-3,11.71
fold2_room1_mix0361,45,4,0,179,-2,11.56
fold2_room1_mix0361,46,4,0,178,-2,11.09
fold2_room1_mix0361,47,4,0,179,-3,11.06
fold2_room1_mix0361,48,4,0,-179,-3,10.87
fold2_room1_mix0361,49,4,0,-179,-3,10.17
fold2_room1_mix0361,50,4,0,-178,-3,10.29
fold2_room1_mix0361,51,4,0,-174,-3,9.38
fold2_room1_mix0361,52,4,0,-175,-3,9.09
fold2_room1_mix0361,53,4,0,-173,-4,8.36
fold2_room1_mix0361,54,4,0,-168,-4,7.47
fold2_room1_mix0361,55,4,0,-166,-4,6.95
fold2_room1_mix0361,56,4,0,-165,-5,6.10
fold2_room1_mix0361,57,4,0,-179,-7,5.35
fold2_room1_mix0361,57,4,0,-154,-6,5.35
fold2_room1_mix0361,58,4,0,-172,-5,6.07
fold2_room1_mix0361,58,4,0,-148,-8,3.40
fold2_room1_mix0361,59,4,0,174,-7,6.61
fold2_room1_mix0361,59,4,0,-144,-11,3.34
fold2_room1_mix0361,59,4,0,-124,-13,2.71
fold2_room1_mix0361,60,4,0,161,-7,5.72
fold2_room1_mix0361,60,4,0,-121,-11,2.80
fold2_room1_mix0361,61,4,0,165,-5,5.80
fold2_room1_mix0361,61,4,0,-94,-14,1.98
fold2_room1_mix0361,62,4,0,173,-5,5.37
fold2_room1_mix0361,62,4,0,-65,-13,2.32
fold2_room1_mix0361,63,4,0,178,-6,4.55
fold2_room1_mix0361,63,4,0,-47,-9,2.92
fold2_room1_mix0361,64,4,0,174,-7,4.31
fold2_room1_mix0361,64,4,0,-36,-8,3.56
fold2_room1_mix0361,65,4,0,170,-6,3.79
fold2_room1_mix0361,65,4,0,-29,-6,4.69
fold2_room1_mix0361,66,4,0,165,-8,3.70
fold2_room1_mix0361,66,4,0,-8,-8,5.95
fold2_room1_mix0361,66,4,0,-25,-4,5.87
fold2_room1_mix0361,67,4,0,164,-10,2.92
fold2_room1_mix0361,67,4,0,-14,-5,6.86
fold2_room1_mix0361,68,4,0,-171,-12,2.63
fold2_room1_mix0361,68,4,0,120,-7,5.75
fold2_room1_mix0361,68,4,0,-22,-3,6.62
fold2_room1_mix0361,69,4,0,-173,-16,2.46
fold2_room1_mix0361,69,4,0,115,-9,4.69
fold2_room1_mix0361,69,4,0,-19,-3,7.69
fold2_room1_mix0361,70,4,0,-172,-26,1.97
fold2_room1_mix0361,70,4,0,107,-11,4.25
fold2_room1_mix0361,70,4,0,-26,-4,7.74
fold2_room1_mix0361,71,4,0,-139,-37,1.63
fold2_room1_mix0361,71,4,0,110,-9,4.75
fold2_room1_mix0361,71,4,0,-37,-4,7.46
fold2_room1_mix0361,72,4,0,71,-29,2.34
fold2_room1_mix0361,72,4,0,85,-13,3.09
fold2_room1_mix0361,72,4,0,-39,-6,6.34
fold2_room1_mix0361,73,4,0,51,-14,3.21
fold2_room1_mix0361,73,4,0,-38,-7,5.21
fold2_room1_mix0361,74,4,0,61,-13,2.16
fold2_room1_mix0361,74,4,0,-20,-7,5.24
fold2_room1_mix0361,75,4,0,53,-12,2.30
fold2_room1_mix0361,75,4,0,-19,-5,6.84
fold2_room1_mix0361,76,4,0,49,-13,2.72
fold2_room1_mix0361,76,4,0,-12,-5,7.86
fold2_room1_mix0361,77,4,0,42,-10,3.09
fold2_room1_mix0361,77,4,0,-12,-4,7.92
fold2_room1_mix0361,78,4,0,28,-10,3.12
fold2_room1_mix0361,78,4,0,-13,-3,9.03
fold2_room1_mix0361,79,4,0,27,-10,3.20
fold2_room1_mix0361,79,4,0,-9,-3,10.34
fold2_room1_mix0361,80,4,0,25,-9,3.30
fold2_room1_mix0361,80,4,0,-9,-3,9.88
fold2_room1_mix0361,81,4,0,19,-8,3.56
fold2_room1_mix0361,81,4,0,-8,-2,10.75
fold2_room1_mix0361,82,4,0,17,-7,3.59
fold2_room1_mix0361,82,4,0,-7,-2,11.30
fold2_room1_mix0361,83,4,0,11,-5,4.13
fold2_room1_mix0361,83,4,0,-5,-2,9.88
fold2_room1_mix0361,84,4,0,0,-3,8.48
fold2_room1_mix0361,85,4,0,0,-3,8.12
fold2_room1_mix0361,86,4,0,0,-2,8.99
fold2_room1_mix0361,87,4,0,3,-2,8.49
fold2_room1_mix0361,88,4,0,4,-2,9.05
fold2_room1_mix0361,89,4,0,3,-2,8.98
fold2_room1_mix0361,90,4,0,3,-2,8.96
fold2_room1_mix0361,91,4,0,6,-2,9.38
fold2_room1_mix0361,92,4,0,5,-2,9.29
fold2_room1_mix0361,93,4,0,4,-2,9.33
fold2_room1_mix0361,94,4,0,7,-2,9.35
fold2_room1_mix0361,95,4,0,8,-2,10.70
fold2_room1_mix0361,96,4,0,7,-2,9.40
fold2_room1_mix0361,97,4,0,5,-2,11.17
fold2_room1_mix0361,98,4,0,7,-2,9.66
fold2_room1_mix0361,99,4,0,5,-2,9.05
fold2_room1_mix0362,39,3,0,-37,-3,10.84
fold2_room1_mix0362,40,3,0,-35,-3,13.42
fold2_room1_mix0362,41,3,0,-40,-2,12.72
fold2_room1_mix0362,42,3,0,-44,-3,10.94
fold2_room1_mix0362,43,3,0,-47,-2,11.40
fold2_room1_mix0362,44,3,0,-45,-2,9.95
fold2_room1_mix0362,45,3,0,-42,-2,10.49
fold2_room1_mix0362,46,3,0,-46,-2,9.47
fold2_room1_mix0362,47,3,0,-38,-2,6.52
fold2_room1_mix0362,51,3,0,-42,-3,9.46
fold2_room1_mix0362,52,3,0,-51,-3,11.11
fold2_room1_mix0362,53,3,0,-56,-3,9.91
fold2_room1_mix0362,54,3,0,-58,-4,9.35
fold2_room1_mix0362,55,3,0,-56,-4,9.08
fold2_room1_mix0362,56,3,0,-59,-4,8.45
fold2_room1_mix0362,57,3,0,-59,-4,8.13
fold2_room1_mix0362,58,3,0,-72,-4,6.98
fold2_room1_mix0362,59,3,0,-65,-4,6.41
fold2_room1_mix0362,60,3,0,-59,-4,5.79
fold2_room1_mix0362,61,3,0,-64,-4,4.56
fold2_room1_mix0362,64,3,0,-77,-5,8.68
fold2_room1_mix0362,65,3,0,-83,-5,7.57
fold2_room1_mix0362,66,3,0,-91,-5,7.08
fold2_room1_mix0362,67,3,0,-97,-6,6.05
fold2_room1_mix0362,68,3,0,-97,-6,6.26
fold2_room1_mix0362,69,3,0,-101,-6,6.90
fold2_room1_mix0362,70,3,0,-114,-6,6.99
fold2_room1_mix0362,71,3,0,-112,-5,6.86
fold2_room1_mix0362,72,3,0,-112,-5,6.81
fold2_room1_mix0362,73,3,0,-107,-5,3.77
fold2_room1_mix0362,77,3,0,-131,-4,8.75
fold2_room1_mix0362,78,3,0,-136,-4,10.89
fold2_room1_mix0362,79,3,0,-138,-4,9.88
fold2_room1_mix0362,80,3,0,-138,-4,8.72
fold2_room1_mix0362,81,3,0,-134,-5,6.00
fold2_room1_mix0363,0,5,0,-79,5,6.83
fold2_room1_mix0363,1,5,0,-86,4,11.55
fold2_room1_mix0363,2,5,0,-92,4,12.38
fold2_room1_mix0363,3,5,0,-79,4,11.08
fold2_room1_mix0363,4,5,0,-77,5,7.33
fold2_room1_mix0363,5,5,0,-76,4,13.85
fold2_room1_mix0363,6,5,0,-79,5,12.76
fold2_room1_mix0363,7,5,0,-70,4,14.07
fold2_room1_mix0363,8,5,0,-75,5,11.44
fold2_room1_mix0363,9,5,0,-73,4,14.26
fold2_room1_mix0363,10,5,0,-81,4,12.58
fold2_room1_mix0363,11,5,0,-75,4,12.76
fold2_room1_mix0363,12,5,0,-71,5,11.35
fold2_room1_mix0363,13,5,0,-78,4,13.11
fold2_room1_mix0363,14,5,0,-78,5,11.39
fold2_room1_mix0363,15,5,0,-79,4,12.56
fold2_room1_mix0363,16,5,0,-75,5,9.77
fold2_room1_mix0363,17,5,0,-74,4,12.67
fold2_room1_mix0363,18,5,0,-79,4,13.48
fold2_room1_mix0363,19,5,0,-77,4,14.09
fold2_room1_mix0363,20,5,0,-71,4,12.85
fold2_room1_mix0363,21,5,0,-76,4,13.16
fold2_room1_mix0363,22,5,0,-79,5,10.92
fold2_room1_mix0363,23,5,0,-72,4,11.96
fold2_room1_mix0363,24,5,0,-73,5,11.27
fold2_room1_mix0363,25,5,0,-73,4,12.93
fold2_room1_mix0363,26,5,0,-77,4,13.51
fold2_room1_mix0363,27,4,0,-5,-1,12.09
fold2_room1_mix0363,27,5,0,-71,4,12.70
fold2_room1_mix0363,28,0,0,-13,-2,3.06
fold2_room1_mix0363,28,4,0,-3,-2,22.44
fold2_room1_mix0363,28,5,0,-74,5,11.46
fold2_room1_mix0363,29,0,0,-12,-2,3.78
fold2_room1_mix0363,29,4,0,0,-2,20.23
fold2_room1_mix0363,29,5,0,-79,4,12.97
fold2_room1_mix0363,30,0,0,-17,-2,17.32
fold2_room1_mix0363,30,4,0,0,-2,19.73
fold2_room1_mix0363,30,5,0,-80,5,9.95
fold2_room1_mix0363,31,0,0,-19,-2,13.44
fold2_room1_mix0363,31,4,0,-1,-3,24.92
fold2_room1_mix0363,31,5,0,-75,4,11.45
fold2_room1_mix0363,32,0,0,-19,-2,16.51
fold2_room1_mix0363,32,4,0,2,-3,24.65
fold2_room1_mix0363,32,5,0,-77,4,9.96
fold2_room1_mix0363,33,0,0,-20,-2,20.87
fold2_room1_mix0363,33,4,0,0,-2,25.16
fold2_room1_mix0363,33,5,0,-77,4,10.14
fold2_room1_mix0363,34,0,0,-22,-2,25.31
fold2_room1_mix0363,34,4,0,3,-3,22.42
fold2_room1_mix0363,34,5,0,-75,4,10.33
fold2_room1_mix0363,35,0,0,-21,-2,25.76
fold2_room1_mix0363,35,4,0,4,-3,22.16
fold2_room1_mix0363,35,5,0,-75,4,10.38
fold2_room1_mix0363,36,0,0,-23,-2,27.55
fold2_room1_mix0363,36,4,0,1,-3,21.15
fold2_room1_mix0363,36,5,0,-81,4,10.11
fold2_room1_mix0363,37,0,0,-26,-2,23.64
fold2_room1_mix0363,37,4,0,4,-3,20.57
fold2_room1_mix0363,37,5,0,-79,4,9.59
fold2_room1_mix0363,38,0,0,-25,-2,26.00
fold2_room1_mix0363,38,4,0,0,-3,20.42
fold2_room1_mix0363,38,5,0,-80,4,9.03
fold2_room1_mix0363,39,0,0,-27,-2,25.19
fold2_room1_mix0363,39,4,0,3,-3,21.34
fold2_room1_mix0363,39,5,0,-82,4,10.47
fold2_room1_mix0363,40,0,0,-27,-2,28.92
fold2_room1_mix0363,40,4,0,3,-3,20.38
fold2_room1_mix0363,40,5,0,-81,4,9.48
fold2_room1_mix0363,41,0,0,-26,-2,29.61
fold2_room1_mix0363,41,4,0,1,-3,19.63
fold2_room1_mix0363,41,5,0,-80,4,8.99
fold2_room1_mix0363,42,0,0,-29,-2,25.11
fold2_room1_mix0363,42,4,0,0,-3,18.78
fold2_room1_mix0363,42,5,0,-79,4,9.63
fold2_room1_mix0363,43,0,0,-27,-2,23.12
fold2_room1_mix0363,43,4,0,1,-3,19.09
fold2_room1_mix0363,43,5,0,-84,4,10.05
fold2_room1_mix0363,44,0,0,-30,-2,25.19
fold2_room1_mix0363,44,4,0,0,-4,17.21
fold2_room1_mix0363,44,5,0,-85,4,9.13
fold2_room1_mix0363,45,0,0,-29,-2,22.79
fold2_room1_mix0363,45,4,0,0,-4,17.67
fold2_room1_mix0363,45,5,0,-77,4,10.24
fold2_room1_mix0363,46,0,0,-30,-3,20.38
fold2_room1_mix0363,46,4,0,0,-3,17.92
fold2_room1_mix0363,46,5,0,-78,4,9.85
fold2_room1_mix0363,47,0,0,-32,-3,21.17
fold2_room1_mix0363,47,4,0,1,-3,16.34
fold2_room1_mix0363,47,5,0,-77,4,9.10
fold2_room1_mix0363,48,0,0,-38,-3,18.39
fold2_room1_mix0363,48,4,0,1,-4,15.01
fold2_room1_mix0363,48,5,0,-79,4,9.23
fold2_room1_mix0363,49,0,0,-38,-3,16.46
fold2_room1_mix0363,49,4,0,-1,-4,14.79
fold2_room1_mix0363,49,5,0,-82,4,9.25
fold2_room1_mix0363,50,0,0,-38,-3,16.42
fold2_room1_mix0363,50,4,0,0,-4,14.98
fold2_room1_mix0363,50,5,0,-84,4,8.49
fold2_room1_mix0363,51,0,0,-39,-3,15.83
fold2_room1_mix0363,51,4,0,0,-3,14.89
fold2_room1_mix0363,51,5,0,-83,4,9.24
fold2_room1_mix0363,52,0,0,-43,-3,15.20
fold2_room1_mix0363,52,4,0,0,-4,13.83
fold2_room1_mix0363,52,5,0,-82,4,9.17
fold2_room1_mix0363,53,0,0,-44,-3,14.65
fold2_room1_mix0363,53,4,0,1,-4,13.46
fold2_room1_mix0363,53,5,0,-79,3,9.44
fold2_room1_mix0363,54,0,0,-49,-4,13.26
fold2_room1_mix0363,54,4,0,1,-4,12.11
fold2_room1_mix0363,54,5,0,-78,4,8.15
fold2_room1_mix0363,55,0,0,-56,-4,12.66
fold2_room1_mix0363,55,4,0,0,-4,11.52
fold2_room1_mix0363,55,5,0,-84,4,9.24
fold2_room1_mix0363,56,0,0,-58,-5,12.07
fold2_room1_mix0363,56,4,0,-3,-5,10.73
fold2_room1_mix0363,56,5,0,-79,4,7.97
fold2_room1_mix0363,57,0,0,-68,-5,12.21
fold2_room1_mix0363,57,4,0,-1,-5,9.70
fold2_room1_mix0363,57,5,0,-80,4,7.93
fold2_room1_mix0363,58,0,0,-78,-6,11.35
fold2_room1_mix0363,58,4,0,-5,-6,9.42
fold2_room1_mix0363,58,5,0,-81,4,8.26
fold2_room1_mix0363,59,0,0,-77,-5,12.12
fold2_room1_mix0363,59,4,0,-5,-5,9.82
fold2_room1_mix0363,59,5,0,-82,4,8.18
fold2_room1_mix0363,60,0,0,-97,-5,12.48
fold2_room1_mix0363,60,4,0,-3,-6,8.83
fold2_room1_mix0363,60,5,0,-84,5,7.17
fold2_room1_mix0363,61,0,0,-103,-5,12.89
fold2_room1_mix0363,61,4,0,-4,-6,8.48
fold2_room1_mix0363,61,5,0,-81,4,8.01
fold2_room1_mix0363,62,0,0,-108,-5,13.31
fold2_room1_mix0363,62,4,0,-4,-5,8.47
fold2_room1_mix0363,62,5,0,-78,4,8.02
fold2_room1_mix0363,63,0,0,-119,-4,13.93
fold2_room1_mix0363,63,4,0,-5,-6,7.99
fold2_room1_mix0363,63,5,0,-79,4,8.01
fold2_room1_mix0363,64,0,0,-123,-4,13.65
fold2_room1_mix0363,64,4,0,-3,-6,7.45
fold2_room1_mix0363,64,5,0,-73,4,8.31
fold2_room1_mix0363,65,0,0,-128,-4,13.79
fold2_room1_mix0363,65,4,0,-5,-6,7.15
fold2_room1_mix0363,65,5,0,-78,4,8.59
fold2_room1_mix0363,66,0,0,-134,-4,14.41
fold2_room1_mix0363,66,4,0,-4,-7,6.19
fold2_room1_mix0363,66,5,0,-79,4,8.87
fold2_room1_mix0363,67,0,0,-141,-3,14.49
fold2_room1_mix0363,67,4,0,-5,-7,5.73
fold2_room1_mix0363,67,5,0,-81,4,8.85
fold2_room1_mix0363,68,0,0,-140,-3,15.60
fold2_room1_mix0363,68,4,0,-8,-9,4.96
fold2_room1_mix0363,68,5,0,-84,4,8.92
fold2_room1_mix0363,69,0,0,-145,-3,16.41
fold2_room1_mix0363,69,4,0,-9,-10,4.53
fold2_room1_mix0363,69,5,0,-84,3,9.11
fold2_room1_mix0363,70,0,0,-145,-3,16.12
fold2_room1_mix0363,70,4,0,-11,-12,3.82
fold2_room1_mix0363,70,5,0,-79,5,8.34
fold2_room1_mix0363,71,0,0,-145,-3,16.28
fold2_room1_mix0363,71,4,0,-15,-14,3.44
fold2_room1_mix0363,71,5,0,-88,4,9.49
fold2_room1_mix0363,72,0,0,-150,-3,17.88
fold2_room1_mix0363,72,4,0,-21,-17,2.75
fold2_room1_mix0363,72,5,0,-82,5,7.90
fold2_room1_mix0363,73,0,0,-151,-3,17.29
fold2_room1_mix0363,73,4,0,-26,-18,2.43
fold2_room1_mix0363,73,5,0,-82,5,8.63
fold2_room1_mix0363,74,0,0,-151,-3,17.15
fold2_room1_mix0363,74,4,0,-33,-23,2.16
fold2_room1_mix0363,74,5,0,-84,5,9.48
fold2_room1_mix0363,75,0,0,-151,-3,16.60
fold2_room1_mix0363,75,4,0,-49,-33,1.72
fold2_room1_mix0363,75,5,0,-79,4,9.42
fold2_room1_mix0363,76,0,0,-150,-3,16.47
fold2_room1_mix0363,76,4,0,-78,-41,1.29
fold2_room1_mix0363,76,5,0,-75,5,8.71
fold2_room1_mix0363,77,0,0,-150,-3,15.87
fold2_room1_mix0363,77,4,0,-115,-40,1.20
fold2_room1_mix0363,77,5,0,-73,4,10.09
fold2_room1_mix0363,78,0,0,-154,-3,16.42
fold2_room1_mix0363,78,4,0,-137,-32,1.36
fold2_room1_mix0363,78,5,0,-80,4,9.85
fold2_room1_mix0363,79,0,0,-154,-3,17.83
fold2_room1_mix0363,79,4,0,-147,-29,1.72
fold2_room1_mix0363,79,5,0,-74,5,9.17
fold2_room1_mix0363,80,0,0,-153,-3,18.35
fold2_room1_mix0363,80,4,0,-155,-23,1.92
fold2_room1_mix0363,80,5,0,-73,5,9.23
fold2_room1_mix0363,81,0,0,-156,-3,18.95
fold2_room1_mix0363,81,4,0,-161,-20,2.50
fold2_room1_mix0363,81,5,0,-84,5,10.06
fold2_room1_mix0363,82,0,0,-157,-2,22.69
fold2_room1_mix0363,82,4,0,-162,-18,2.85
fold2_room1_mix0363,82,5,0,-83,4,9.72
fold2_room1_mix0363,83,0,0,-157,-2,18.99
fold2_room1_mix0363,83,4,0,-165,-16,3.30
fold2_room1_mix0363,83,5,0,-88,4,10.84
fold2_room1_mix0363,84,0,0,-155,-2,19.66
fold2_room1_mix0363,84,4,0,-168,-14,3.55
fold2_room1_mix0363,84,5,0,-86,5,9.79
fold2_room1_mix0363,85,0,0,-155,-2,17.78
fold2_room1_mix0363,85,4,0,-168,-12,4.04
fold2_room1_mix0363,85,5,0,-85,4,10.35
fold2_room1_mix0363,86,0,0,-154,-1,9.89
fold2_room1_mix0363,86,4,0,-170,-11,4.40
fold2_room1_mix0363,86,5,0,-79,5,11.24
fold2_room1_mix0363,87,0,0,-156,-1,12.95
fold2_room1_mix0363,87,4,0,-171,-9,5.45
fold2_room1_mix0363,87,5,0,-84,4,12.08
fold2_room1_mix0363,88,0,0,-156,-1,10.48
fold2_room1_mix0363,88,4,0,-170,-8,5.79
fold2_room1_mix0363,88,5,0,-80,5,10.57
fold2_room1_mix0363,89,0,0,-151,-1,7.87
fold2_room1_mix0363,89,4,0,-172,-7,6.38
fold2_room1_mix0363,89,5,0,-82,4,12.34
fold2_room1_mix0363,90,0,0,-152,-1,6.81
fold2_room1_mix0363,90,4,0,-173,-6,7.33
fold2_room1_mix0363,90,5,0,-78,4,13.26
fold2_room1_mix0363,91,0,0,-156,-1,8.44
fold2_room1_mix0363,91,4,0,-175,-6,8.16
fold2_room1_mix0363,91,5,0,-82,5,12.88
fold2_room1_mix0363,92,4,0,-174,-6,8.51
fold2_room1_mix0363,92,5,0,-82,5,11.29
fold2_room1_mix0363,93,4,0,-175,-6,8.94
fold2_room1_mix0363,93,5,0,-76,5,12.50
fold2_room1_mix0363,94,4,0,-175,-5,9.86
fold2_room1_mix0363,94,5,0,-79,6,12.02
fold2_room1_mix0363,95,4,0,-176,-5,10.05
fold2_room1_mix0363,95,5,0,-80,5,13.42
fold2_room1_mix0363,96,4,0,-176,-5,10.99
fold2_room1_mix0363,96,5,0,-81,5,12.74
fold2_room1_mix0363,97,4,0,-176,-4,11.76
fold2_room1_mix0363,97,5,0,-77,5,13.74
fold2_room1_mix0363,98,4,0,-177,-4,12.37
fold2_room1_mix0363,98,5,0,-77,5,14.33
fold2_room1_mix0363,99,4,0,-178,-4,12.56
fold2_room1_mix0363,99,5,0,-79,5,14.63
fold2_room1_mix0364,8,0,0,172,-1,5.45
fold2_room1_mix0364,9,0,0,171,-1,10.75
fold2_room1_mix0364,10,0,0,167,-1,21.80
fold2_room1_mix0364,11,0,0,166,-1,28.18
fold2_room1_mix0364,12,0,0,166,0,44.40
fold2_room1_mix0364,13,0,0,165,0,49.37
fold2_room1_mix0364,14,0,0,166,0,54.85
fold2_room1_mix0364,15,0,0,167,0,54.46
fold2_room1_mix0364,16,0,0,166,0,49.68
fold2_room1_mix0364,17,0,0,169,0,60.57
fold2_room1_mix0364,18,0,0,168,0,50.97
fold2_room1_mix0364,19,0,0,169,0,52.06
fold2_room1_mix0364,20,0,0,170,0,51.90
fold2_room1_mix0364,21,0,0,171,0,45.53
fold2_room1_mix0364,22,0,0,168,-1,38.27
fold2_room1_mix0364,23,0,0,168,0,40.94
fold2_room1_mix0364,24,0,0,169,-1,35.55
fold2_room1_mix0364,25,0,0,166,-1,34.43
fold2_room1_mix0364,26,0,0,166,-1,29.33
fold2_room1_mix0364,27,0,0,160,-1,24.47
fold2_room1_mix0364,28,0,0,161,-1,24.74
fold2_room1_mix0364,29,0,0,159,-1,22.79
fold2_room1_mix0364,30,0,0,159,-1,23.76
fold2_room1_mix0364,31,0,0,160,-1,21.26
fold2_room1_mix0364,32,0,0,158,-1,23.58
fold2_room1_mix0364,33,0,0,158,-1,21.97
fold2_room1_mix0364,34,0,0,159,-1,26.02
fold2_room1_mix0364,34,4,0,160,0,3.53
fold2_room1_mix0364,35,0,0,156,-1,24.71
fold2_room1_mix0364,36,0,0,158,-1,25.36
fold2_room1_mix0364,36,4,0,158,0,3.48
fold2_room1_mix0364,37,0,0,154,-1,24.12
fold2_room1_mix0364,37,4,0,163,-1,7.12
fold2_room1_mix0364,38,0,0,153,-1,24.64
fold2_room1_mix0364,39,0,0,150,-1,26.11
fold2_room1_mix0364,39,4,0,163,-1,15.19
fold2_room1_mix0364,40,0,0,148,-1,26.56
fold2_room1_mix0364,40,4,0,161,-1,13.25
fold2_room1_mix0364,41,0,0,143,-1,22.99
fold2_room1_mix0364,41,4,0,162,-1,17.68
fold2_room1_mix0364,42,0,0,142,-1,24.52
fold2_room1_mix0364,42,4,0,166,-1,20.01
fold2_room1_mix0364,43,0,0,141,-1,23.83
fold2_room1_mix0364,43,4,0,162,-1,18.62
fold2_room1_mix0364,44,0,0,138,-1,22.07
fold2_room1_mix0364,44,4,0,165,-1,17.77
fold2_room1_mix0364,45,0,0,139,-1,22.69
fold2_room1_mix0364,45,4,0,167,-1,17.69
fold2_room1_mix0364,46,0,0,135,-1,19.98
fold2_room1_mix0364,46,4,0,169,0,18.61
fold2_room1_mix0364,47,0,0,132,-1,19.12
fold2_room1_mix0364,47,4,0,170,-1,18.47
fold2_room1_mix0364,48,0,0,132,-1,19.19
fold2_room1_mix0364,48,4,0,168,-1,17.17
fold2_room1_mix0364,49,0,0,125,-2,16.42
fold2_room1_mix0364,49,4,0,168,-1,16.52
fold2_room1_mix0364,50,0,0,128,-1,18.61
fold2_room1_mix0364,50,4,0,166,-2,16.09
fold2_room1_mix0364,51,0,0,118,-2,15.01
fold2_room1_mix0364,51,4,0,166,-1,15.07
fold2_room1_mix0364,52,0,0,117,-2,14.10
fold2_room1_mix0364,52,4,0,164,-1,15.41
fold2_room1_mix0364,53,0,0,112,-2,13.52
fold2_room1_mix0364,53,4,0,163,-2,15.74
fold2_room1_mix0364,54,0,0,108,-2,12.60
fold2_room1_mix0364,54,4,0,161,-1,15.37
fold2_room1_mix0364,55,0,0,110,-2,14.19
fold2_room1_mix0364,55,4,0,157,-1,14.75
fold2_room1_mix0364,56,0,0,109,-2,6.13
fold2_room1_mix0364,56,4,0,159,-1,14.72
fold2_room1_mix0364,57,0,0,115,-1,7.69
fold2_room1_mix0364,57,4,0,157,-1,14.65
fold2_room1_mix0364,58,4,0,155,-1,14.80
fold2_room1_mix0364,59,4,0,151,-1,14.28
fold2_room1_mix0364,60,4,0,149,-2,13.42
fold2_room1_mix0364,61,4,0,146,-2,12.85
fold2_room1_mix0364,62,4,0,144,-2,12.61
fold2_room1_mix0364,63,4,0,140,-2,11.78
fold2_room1_mix0364,64,4,0,139,-3,10.85
fold2_room1_mix0364,65,4,0,134,-3,10.49
fold2_room1_mix0364,66,4,0,131,-3,10.13
fold2_room1_mix0364,67,4,0,123,-3,9.15
fold2_room1_mix0364,68,4,0,118,-3,8.92
fold2_room1_mix0364,69,4,0,110,-4,8.46
fold2_room1_mix0364,70,4,0,100,-5,8.18
fold2_room1_mix0364,71,4,0,93,-5,7.66
fold2_room1_mix0364,72,4,0,86,-5,7.77
fold2_room1_mix0364,73,4,0,78,-5,7.77
fold2_room1_mix0364,74,4,0,71,-5,7.86
fold2_room1_mix0364,75,4,0,65,-4,8.32
fold2_room1_mix0364,76,4,0,59,-4,8.59
fold2_room1_mix0364,77,4,0,55,-3,9.20
fold2_room1_mix0364,78,4,0,50,-3,9.88
fold2_room1_mix0364,79,4,0,48,-3,10.67
fold2_room1_mix0364,80,4,0,44,-3,11.10
fold2_room1_mix0364,81,4,0,42,-3,11.66
fold2_room1_mix0364,82,4,0,40,-2,12.77
fold2_room1_mix0364,83,4,0,38,-2,13.19
fold2_room1_mix0364,84,4,0,35,-2,14.52
fold2_room1_mix0364,85,4,0,34,-2,15.42
fold2_room1_mix0364,86,4,0,32,-2,15.85
fold2_room1_mix0364,87,4,0,32,-2,17.56
fold2_room1_mix0364,88,4,0,31,-1,18.28
fold2_room1_mix0364,89,4,0,29,-2,18.57
fold2_room1_mix0364,90,4,0,27,-1,19.70
fold2_room1_mix0364,91,4,0,26,-1,19.46
fold2_room1_mix0364,92,4,0,25,-1,20.89
fold2_room1_mix0364,93,4,0,24,-1,21.15
fold2_room1_mix0364,94,4,0,22,-1,18.73
fold2_room1_mix0364,95,4,0,21,-1,12.58
fold2_room1_mix0364,96,4,0,17,0,8.03
fold2_room1_mix0365,28,1,0,141,-2,20.08
fold2_room1_mix0365,29,1,0,130,-2,18.36
fold2_room1_mix0365,30,1,0,126,-3,14.98
fold2_room1_mix0365,31,1,0,129,-3,17.37
fold2_room1_mix0365,32,1,0,119,-3,12.67
fold2_room1_mix0365,33,1,0,105,-3,10.96
fold2_room1_mix0365,34,1,0,103,-3,12.89
fold2_room1_mix0365,35,1,0,101,-3,11.08
fold2_room1_mix0365,37,1,0,83,-4,12.68
fold2_room1_mix0365,38,1,0,69,-3,14.17
fold2_room1_mix0365,39,1,0,67,-3,14.01
fold2_room1_mix0365,40,1,0,57,-3,14.62
fold2_room1_mix0365,42,1,0,46,-3,16.78
fold2_room1_mix0365,43,1,0,44,-3,15.94
fold2_room1_mix0365,44,1,0,46,-3,17.04
fold2_room1_mix0365,45,1,0,37,-3,18.75
fold2_room1_mix0365,47,1,0,40,-3,14.72
fold2_room1_mix0365,48,1,0,40,-3,19.24
fold2_room1_mix0365,49,1,0,35,-3,18.59
fold2_room1_mix0365,50,1,0,30,-2,18.43
fold2_room1_mix0365,51,1,0,25,-3,19.16
fold2_room1_mix0365,52,0,0,-61,-4,3.10
fold2_room1_mix0365,53,0,0,-58,-3,4.02
fold2_room1_mix0365,53,1,0,26,-2,17.15
fold2_room1_mix0365,54,1,0,22,-2,23.19
fold2_room1_mix0365,55,0,0,-68,-3,5.12
fold2_room1_mix0365,55,1,0,22,-2,27.27
fold2_room1_mix0365,56,0,0,-60,-3,2.93
fold2_room1_mix0365,56,1,0,23,-2,20.61
fold2_room1_mix0365,57,0,0,-53,-3,9.19
fold2_room1_mix0365,58,0,0,-44,-3,10.87
fold2_room1_mix0365,59,0,0,-43,-3,11.66
fold2_room1_mix0365,60,0,0,-44,-3,13.17
fold2_room1_mix0365,61,0,0,-43,-2,10.25
fold2_room1_mix0365,62,0,0,-38,-2,12.59
fold2_room1_mix0365,63,0,0,-42,-2,12.15
fold2_room1_mix0365,64,0,0,-37,-2,13.71
fold2_room1_mix0365,65,0,0,-35,-2,15.23
fold2_room1_mix0365,66,0,0,-38,-2,14.35
fold2_room1_mix0365,67,0,0,-38,-2,15.57
fold2_room1_mix0365,68,0,0,-38,-2,15.02
fold2_room1_mix0365,69,0,0,-37,-2,16.20
fold2_room1_mix0365,70,0,0,-39,-2,17.98
fold2_room1_mix0365,71,0,0,-39,-2,16.42
fold2_room1_mix0365,72,0,0,-41,-2,15.71
fold2_room1_mix0365,73,0,0,-44,-1,4.38
fold2_room1_mix0366,3,4,0,178,0,3.34
fold2_room1_mix0366,4,4,0,179,-1,16.74
fold2_room1_mix0366,5,4,0,178,0,16.58
fold2_room1_mix0366,6,4,0,-178,-1,18.25
fold2_room1_mix0366,7,4,0,178,0,22.74
fold2_room1_mix0366,8,4,0,178,-1,27.39
fold2_room1_mix0366,9,4,0,-179,-1,28.58
fold2_room1_mix0366,10,4,0,177,-1,26.99
fold2_room1_mix0366,11,4,0,177,0,27.34
fold2_room1_mix0366,12,4,0,177,0,26.61
fold2_room1_mix0366,13,4,0,176,0,25.55
fold2_room1_mix0366,14,4,0,177,0,25.57
fold2_room1_mix0366,15,4,0,177,0,24.90
fold2_room1_mix0366,16,4,0,177,0,24.00
fold2_room1_mix0366,17,4,0,176,0,24.56
fold2_room1_mix0366,18,4,0,176,0,24.14
fold2_room1_mix0366,19,4,0,179,0,22.76
fold2_room1_mix0366,20,4,0,177,0,23.35
fold2_room1_mix0366,21,4,0,177,-1,22.39
fold2_room1_mix0366,22,4,0,176,0,22.30
fold2_room1_mix0366,23,4,0,177,-1,21.19
fold2_room1_mix0366,24,4,0,178,-1,21.24
fold2_room1_mix0366,25,4,0,178,-1,22.30
fold2_room1_mix0366,26,4,0,177,-1,21.18
fold2_room1_mix0366,27,4,0,177,-1,20.71
fold2_room1_mix0366,28,4,0,176,-1,20.51
fold2_room1_mix0366,29,4,0,176,-1,19.14
fold2_room1_mix0366,30,4,0,177,-1,19.02
fold2_room1_mix0366,31,4,0,178,-1,18.74
fold2_room1_mix0366,32,4,0,177,-1,16.92
fold2_room1_mix0366,33,4,0,178,-1,16.97
fold2_room1_mix0366,34,4,0,178,-1,16.97
fold2_room1_mix0366,35,4,0,177,-1,16.41
fold2_room1_mix0366,36,4,0,177,-1,15.63
fold2_room1_mix0366,37,4,0,178,-2,15.01
fold2_room1_mix0366,38,4,0,176,-1,14.57
fold2_room1_mix0366,39,4,0,176,-2,13.61
fold2_room1_mix0366,40,4,0,176,-2,14.01
fold2_room1_mix0366,41,4,0,176,-2,13.50
fold2_room1_mix0366,42,4,0,175,-2,13.05
fold2_room1_mix0366,43,4,0,176,-2,12.22
fold2_room1_mix0366,44,4,0,176,-2,12.44
fold2_room1_mix0366,45,4,0,175,-2,11.72
fold2_room1_mix0366,46,4,0,175,-2,11.86
fold2_room1_mix0366,47,4,0,175,-3,11.16
fold2_room1_mix0366,48,4,0,174,-3,10.05
fold2_room1_mix0366,49,4,0,175,-3,10.02
fold2_room1_mix0366,50,4,0,172,-3,9.93
fold2_room1_mix0366,51,4,0,172,-3,9.06
fold2_room1_mix0366,52,4,0,171,-3,9.11
fold2_room1_mix0366,53,4,0,170,-4,8.29
fold2_room1_mix0366,54,4,0,170,-4,8.01
fold2_room1_mix0366,55,4,0,168,-4,7.11
fold2_room1_mix0366,56,4,0,167,-5,6.40
fold2_room1_mix0366,57,4,0,167,-5,6.42
fold2_room1_mix0366,58,4,0,163,-5,5.80
fold2_room1_mix0366,59,4,0,163,-6,4.93
fold2_room1_mix0366,60,4,0,162,-6,4.70
fold2_room1_mix0366,61,4,0,158,-7,3.61
fold2_room1_mix0366,62,4,0,155,-7,3.48
fold2_room1_mix0366,63,4,0,152,-9,2.97
fold2_room1_mix0366,64,4,0,146,-9,2.40
fold2_room1_mix0366,65,4,0,137,-11,2.04
fold2_room1_mix0366,66,4,0,122,-10,1.67
fold2_room1_mix0366,67,4,0,95,-13,1.59
fold2_room1_mix0366,68,4,0,74,-10,1.57
fold2_room1_mix0366,69,4,0,57,-8,1.64
fold2_room1_mix0366,70,4,0,45,-7,1.83
fold2_room1_mix0366,71,4,0,33,-6,2.24
fold2_room1_mix0366,72,4,0,29,-5,2.61
fold2_room1_mix0366,73,4,0,26,-4,2.90
fold2_room1_mix0366,74,4,0,22,-4,3.27
fold2_room1_mix0366,75,4,0,19,-4,3.64
fold2_room1_mix0366,76,4,0,16,-3,4.42
fold2_room1_mix0366,77,4,0,15,-3,4.65
fold2_room1_mix0366,78,4,0,14,-3,5.22
fold2_room1_mix0366,79,4,0,13,-3,5.56
fold2_room1_mix0366,80,4,0,13,-3,6.12
fold2_room1_mix0366,81,4,0,12,-3,6.98
fold2_room1_mix0366,82,4,0,11,-3,6.97
fold2_room1_mix0366,83,4,0,11,-3,7.55
fold2_room1_mix0366,84,4,0,10,-2,8.16
fold2_room1_mix0366,85,4,0,11,-3,8.53
fold2_room1_mix0366,86,4,0,10,-2,9.42
fold2_room1_mix0366,87,4,0,9,-2,9.67
fold2_room1_mix0366,88,4,0,9,-2,10.12
fold2_room1_mix0366,89,4,0,8,-2,10.76
fold2_room1_mix0366,90,4,0,7,-2,11.15
fold2_room1_mix0366,91,4,0,8,-2,11.73
fold2_room1_mix0366,92,4,0,8,-2,11.85
fold2_room1_mix0366,93,4,0,7,-2,12.16
fold2_room1_mix0366,94,4,0,7,-2,12.69
fold2_room1_mix0366,95,4,0,7,-2,13.16
fold2_room1_mix0366,96,4,0,7,-1,13.45
fold2_room1_mix0366,97,4,0,7,-1,14.87
fold2_room1_mix0366,98,4,0,7,-1,14.76
fold2_room1_mix0366,99,4,0,6,-1,14.92
fold2_room1_mix0367,4,4,0,-5,0,11.34
fold2_room1_mix0367,5,4,0,-6,0,19.58
fold2_room1_mix0367,6,4,0,-6,-1,19.23
fold2_room1_mix0367,7,4,0,-6,0,23.52
fold2_room1_mix0367,8,4,0,-6,-1,38.13
fold2_room1_mix0367,9,4,0,-7,-1,38.62
fold2_room1_mix0367,10,4,0,-5,-1,37.56
fold2_room1_mix0367,11,4,0,-6,0,39.61
fold2_room1_mix0367,12,4,0,-7,-1,39.99
fold2_room1_mix0367,13,4,0,-7,-1,39.30
fold2_room1_mix0367,14,4,0,-8,-1,40.03
fold2_room1_mix0367,15,4,0,-8,0,40.77
fold2_room1_mix0367,16,4,0,-8,0,40.34
fold2_room1_mix0367,17,4,0,-7,0,40.76
fold2_room1_mix0367,18,4,0,-7,0,42.30
fold2_room1_mix0367,19,4,0,-8,0,41.88
fold2_room1_mix0367,20,4,0,-8,0,43.79
fold2_room1_mix0367,21,4,0,-7,0,45.02
fold2_room1_mix0367,22,4,0,-10,0,41.94
fold2_room1_mix0367,23,4,0,-10,-1,42.63
fold2_room1_mix0367,24,4,0,-10,0,44.13
fold2_room1_mix0367,25,4,0,-11,0,43.57
fold2_room1_mix0367,26,4,0,-11,-1,42.87
fold2_room1_mix0367,27,4,0,-12,0,43.70
fold2_room1_mix0367,28,4,0,-12,0,43.25
fold2_room1_mix0367,29,4,0,-12,0,41.90
fold2_room1_mix0367,30,4,0,-13,0,41.90
fold2_room1_mix0367,31,4,0,-12,0,42.37
fold2_room1_mix0367,32,4,0,-14,0,40.88
fold2_room1_mix0367,33,4,0,-15,0,40.95
fold2_room1_mix0367,34,4,0,-14,0,40.22
fold2_room1_mix0367,35,4,0,-15,0,39.44
fold2_room1_mix0367,36,4,0,-15,0,40.47
fold2_room1_mix0367,37,4,0,-15,0,39.57
fold2_room1_mix0367,38,4,0,-14,0,38.01
fold2_room1_mix0367,39,4,0,-16,0,37.58
fold2_room1_mix0367,40,4,0,-14,0,37.57
fold2_room1_mix0367,41,4,0,-16,0,33.33
fold2_room1_mix0367,42,4,0,-16,0,32.85
fold2_room1_mix0367,43,4,0,-17,0,33.79
fold2_room1_mix0367,44,1,0,-25,-2,9.07
fold2_room1_mix0367,44,4,0,-17,0,30.65
fold2_room1_mix0367,45,1,0,-40,-3,13.77
fold2_room1_mix0367,45,4,0,-13,-1,34.44
fold2_room1_mix0367,46,1,0,-42,-3,6.31
fold2_room1_mix0367,46,4,0,-16,0,40.10
fold2_room1_mix0367,47,4,0,-15,0,35.07
fold2_room1_mix0367,48,1,0,-48,-4,12.32
fold2_room1_mix0367,48,4,0,-15,-1,33.32
fold2_room1_mix0367,49,1,0,-56,-4,7.92
fold2_room1_mix0367,49,4,0,-12,-1,34.73
fold2_room1_mix0367,50,1,0,-67,-4,7.68
fold2_room1_mix0367,50,4,0,-11,-1,36.28
fold2_room1_mix0367,51,1,0,-69,-4,2.57
fold2_room1_mix0367,51,4,0,-18,0,37.03
fold2_room1_mix0367,52,1,0,-73,-4,4.33
fold2_room1_mix0367,52,4,0,-17,-1,42.66
fold2_room1_mix0367,53,1,0,-99,-4,5.93
fold2_room1_mix0367,53,4,0,-21,-1,38.13
fold2_room1_mix0367,54,1,0,-97,-4,3.46
fold2_room1_mix0367,54,3,0,105,-4,10.63
fold2_room1_mix0367,54,4,0,-15,0,36.57
fold2_room1_mix0367,55,1,0,-102,-4,2.80
fold2_room1_mix0367,55,3,0,114,-4,12.51
fold2_room1_mix0367,55,4,0,-28,-2,32.44
fold2_room1_mix0367,56,3,0,102,-4,8.66
fold2_room1_mix0367,56,4,0,-18,-1,30.18
fold2_room1_mix0367,57,3,0,108,-4,10.24
fold2_room1_mix0367,57,4,0,-18,0,30.87
fold2_room1_mix0367,58,1,0,-143,-3,5.85
fold2_room1_mix0367,58,3,0,103,-3,6.88
fold2_room1_mix0367,58,4,0,-22,-1,29.79
fold2_room1_mix0367,59,1,0,-143,-3,7.65
fold2_room1_mix0367,59,3,0,104,-3,7.17
fold2_room1_mix0367,59,4,0,-15,-1,27.52
fold2_room1_mix0367,60,3,0,118,-4,14.29
fold2_room1_mix0367,60,4,0,-23,-2,26.62
fold2_room1_mix0367,61,3,0,113,-4,11.20
fold2_room1_mix0367,61,4,0,-21,-3,18.82
fold2_room1_mix0367,62,3,0,126,-4,11.07
fold2_room1_mix0367,62,4,0,-21,-2,18.23
fold2_room1_mix0367,63,3,0,131,-5,8.65
fold2_room1_mix0367,63,4,0,-28,-2,18.33
fold2_room1_mix0367,64,3,0,128,-4,11.02
fold2_room1_mix0367,64,4,0,-27,-3,16.48
fold2_room1_mix0367,65,1,0,-158,-2,3.00
fold2_room1_mix0367,65,3,0,133,-4,12.34
fold2_room1_mix0367,65,4,0,-26,-3,15.88
fold2_room1_mix0367,66,3,0,135,-5,8.81
fold2_room1_mix0367,66,3,0,133,-5,8.82
fold2_room1_mix0367,66,4,0,-38,-2,14.35
fold2_room1_mix0367,67,1,0,-152,-2,7.97
fold2_room1_mix0367,67,3,0,142,-4,9.02
fold2_room1_mix0367,67,4,0,-35,-2,15.52
fold2_room1_mix0367,68,1,0,-157,-2,11.69
fold2_room1_mix0367,68,3,0,165,-3,4.83
fold2_room1_mix0367,68,4,0,-61,-2,16.53
fold2_room1_mix0367,68,4,0,-38,-1,16.54
fold2_room1_mix0367,69,1,0,-154,-2,19.27
fold2_room1_mix0367,69,4,0,-43,-3,15.46
fold2_room1_mix0367,70,1,0,-139,-2,17.11
fold2_room1_mix0367,70,4,0,-45,-3,14.83
fold2_room1_mix0367,71,4,0,-59,-3,13.10
fold2_room1_mix0367,72,1,0,-156,-2,9.34
fold2_room1_mix0367,72,3,0,138,-3,6.28
fold2_room1_mix0367,72,4,0,-60,-3,14.78
fold2_room1_mix0367,73,1,0,-161,-1,5.00
fold2_room1_mix0367,73,3,0,138,-3,7.78
fold2_room1_mix0367,73,4,0,-121,-3,16.19
fold2_room1_mix0367,73,4,0,-78,-3,13.43
fold2_room1_mix0367,73,4,0,-54,-3,14.69
fold2_room1_mix0367,74,1,0,-154,0,3.58
fold2_room1_mix0367,74,3,0,136,-3,8.29
fold2_room1_mix0367,74,4,0,-83,-4,14.22
fold2_room1_mix0367,74,4,0,-57,-4,14.14
fold2_room1_mix0367,75,3,0,141,-3,13.22
fold2_room1_mix0367,75,4,0,-128,-4,14.78
fold2_room1_mix0367,75,4,0,-88,-4,12.52
fold2_room1_mix0367,75,4,0,-57,-5,13.24
fold2_room1_mix0367,76,3,0,144,-4,12.26
fold2_room1_mix0367,76,4,0,-120,-5,15.53
fold2_room1_mix0367,76,4,0,-90,-6,12.17
fold2_room1_mix0367,76,4,0,-66,-7,12.39
fold2_room1_mix0367,77,3,0,151,-5,12.72
fold2_room1_mix0367,77,4,0,-117,-5,14.13
fold2_room1_mix0367,77,4,0,-95,-5,12.08
fold2_room1_mix0367,77,4,0,-73,-7,10.40
fold2_room1_mix0367,78,3,0,154,-3,9.72
fold2_room1_mix0367,78,4,0,-131,-4,10.93
fold2_room1_mix0367,78,4,0,-105,-4,9.89
fold2_room1_mix0367,78,4,0,-77,-6,9.66
fold2_room1_mix0367,79,3,0,157,-3,3.95
fold2_room1_mix0367,79,4,0,-122,-5,12.76
fold2_room1_mix0367,79,4,0,-90,-7,12.03
fold2_room1_mix0367,80,4,0,-129,-4,11.04
fold2_room1_mix0367,80,4,0,-98,-4,10.91
fold2_room1_mix0367,81,4,0,-123,-4,11.45
fold2_room1_mix0367,81,4,0,-96,-5,9.77
fold2_room1_mix0367,82,4,0,-109,-5,11.79
fold2_room1_mix0367,83,4,0,-116,-4,12.33
fold2_room1_mix0367,84,4,0,-116,-4,13.30
fold2_room1_mix0367,85,3,0,149,-3,9.39
fold2_room1_mix0367,85,4,0,-123,-4,17.50
fold2_room1_mix0367,86,3,0,149,-3,16.36
fold2_room1_mix0367,86,4,0,-131,-4,13.08
fold2_room1_mix0367,87,3,0,157,-4,14.58
fold2_room1_mix0367,87,4,0,-129,-3,14.40
fold2_room1_mix0367,88,3,0,155,-3,13.35
fold2_room1_mix0367,88,4,0,-131,-2,15.01
fold2_room1_mix0367,89,3,0,161,-4,12.13
fold2_room1_mix0367,89,4,0,-130,-2,18.02
fold2_room1_mix0367,90,3,0,172,-4,11.97
fold2_room1_mix0367,90,4,0,-131,-2,18.31
fold2_room1_mix0367,91,4,0,-133,-1,19.04
fold2_room1_mix0367,92,4,0,-133,-1,17.53
fold2_room1_mix0367,93,4,0,-136,-1,17.94
fold2_room1_mix0367,94,4,0,-138,-1,17.02
fold2_room1_mix0367,95,4,0,-139,-1,19.39
fold2_room1_mix0367,96,4,0,-139,-1,19.97
fold2_room1_mix0367,97,4,0,-139,-1,19.77
fold2_room1_mix0367,98,4,0,-141,-1,19.90
fold2_room1_mix0367,99,4,0,-142,-1,19.45
fold2_room1_mix0368,2,4,0,-172,0,2.22
fold2_room1_mix0368,2,5,0,179,2,2.70
fold2_room1_mix0368,3,4,0,-175,0,2.68
fold2_room1_mix0368,4,4,0,-175,0,14.09
fold2_room1_mix0368,5,4,0,-174,0,15.00
fold2_room1_mix0368,6,4,0,-174,-1,14.51
fold2_room1_mix0368,7,4,0,-174,0,18.95
fold2_room1_mix0368,8,4,0,-175,0,24.63
fold2_room1_mix0368,9,4,0,-173,-1,26.31
fold2_room1_mix0368,10,4,0,-174,0,27.25
fold2_room1_mix0368,11,4,0,-174,0,28.07
fold2_room1_mix0368,12,4,0,-175,-1,26.49
fold2_room1_mix0368,13,4,0,-173,0,26.40
fold2_room1_mix0368,14,4,0,-174,-1,25.85
fold2_room1_mix0368,15,4,0,-176,-1,23.21
fold2_room1_mix0368,16,4,0,-177,-1,23.58
fold2_room1_mix0368,17,4,0,-174,-1,25.01
fold2_room1_mix0368,18,4,0,-174,-1,23.46
fold2_room1_mix0368,19,4,0,-175,-1,23.04
fold2_room1_mix0368,20,4,0,-175,-1,23.41
fold2_room1_mix0368,21,4,0,-175,-1,23.94
fold2_room1_mix0368,22,4,0,-175,-1,22.58
fold2_room1_mix0368,23,4,0,-176,-1,20.95
fold2_room1_mix0368,24,4,0,-175,-1,21.24
fold2_room1_mix0368,25,4,0,-175,-1,20.17
fold2_room1_mix0368,26,4,0,-174,-1,19.56
fold2_room1_mix0368,27,4,0,-175,-1,19.62
fold2_room1_mix0368,28,4,0,-174,-1,18.63
fold2_room1_mix0368,29,4,0,-175,-1,19.16
fold2_room1_mix0368,30,4,0,-175,-1,18.85
fold2_room1_mix0368,31,4,0,-175,-1,17.91
fold2_room1_mix0368,32,4,0,-173,-1,16.87
fold2_room1_mix0368,33,4,0,-173,-1,17.54
fold2_room1_mix0368,34,4,0,-174,-1,17.14
fold2_room1_mix0368,35,4,0,-174,-1,17.40
fold2_room1_mix0368,36,4,0,-174,-1,16.79
fold2_room1_mix0368,37,4,0,-174,-1,16.29
fold2_room1_mix0368,38,4,0,-174,-1,15.64
fold2_room1_mix0368,39,4,0,-173,-2,14.92
fold2_room1_mix0368,40,4,0,-173,-2,14.70
fold2_room1_mix0368,41,4,0,-173,-2,14.97
fold2_room1_mix0368,42,4,0,-172,-2,13.64
fold2_room1_mix0368,43,4,0,-172,-2,13.70
fold2_room1_mix0368,44,4,0,-173,-2,13.28
fold2_room1_mix0368,45,4,0,-172,-2,12.97
fold2_room1_mix0368,46,4,0,-172,-2,12.34
fold2_room1_mix0368,47,4,0,-171,-2,11.83
fold2_room1_mix0368,48,4,0,-170,-3,10.91
fold2_room1_mix0368,49,4,0,-170,-2,10.95
fold2_room1_mix0368,50,4,0,-169,-3,9.77
fold2_room1_mix0368,51,4,0,-169,-3,9.87
fold2_room1_mix0368,52,4,0,-170,-3,9.32
fold2_room1_mix0368,53,4,0,-167,-3,8.23
fold2_room1_mix0368,54,4,0,-168,-3,7.89
fold2_room1_mix0368,55,4,0,-168,-4,7.36
fold2_room1_mix0368,56,4,0,-167,-4,6.81
fold2_room1_mix0368,57,4,0,-166,-3,7.11
fold2_room1_mix0368,58,4,0,-165,-4,6.31
fold2_room1_mix0368,59,4,0,-164,-4,6.00
fold2_room1_mix0368,60,4,0,-164,-5,5.47
fold2_room1_mix0368,61,4,0,-161,-6,4.81
fold2_room1_mix0368,62,4,0,-159,-6,4.39
fold2_room1_mix0368,63,4,0,-158,-7,3.96
fold2_room1_mix0368,64,4,0,-154,-8,3.42
fold2_room1_mix0368,65,4,0,-149,-9,3.02
fold2_room1_mix0368,66,4,0,-141,-9,2.39
fold2_room1_mix0368,67,4,0,-126,-12,1.87
fold2_room1_mix0368,68,4,0,-100,-14,1.54
fold2_room1_mix0368,69,4,0,-73,-12,1.59
fold2_room1_mix0368,70,4,0,-53,-9,1.94
fold2_room1_mix0368,71,4,0,-43,-8,2.29
fold2_room1_mix0368,72,4,0,-31,-6,2.85
fold2_room1_mix0368,73,4,0,-26,-5,3.31
fold2_room1_mix0368,74,4,0,-23,-6,3.42
fold2_room1_mix0368,75,4,0,-18,-4,4.14
fold2_room1_mix0368,76,4,0,-15,-5,4.31
fold2_room1_mix0368,77,4,0,-13,-3,4.79
fold2_room1_mix0368,78,4,0,-12,-4,5.31
fold2_room1_mix0368,79,4,0,-10,-3,5.57
fold2_room1_mix0368,80,4,0,-9,-3,6.16
fold2_room1_mix0368,81,4,0,-9,-3,6.77
fold2_room1_mix0368,82,4,0,-8,-3,7.05
fold2_room1_mix0368,83,4,0,-7,-3,7.41
fold2_room1_mix0368,84,4,0,-7,-3,7.86
fold2_room1_mix0368,85,4,0,-6,-3,8.15
fold2_room1_mix0368,86,4,0,-5,-3,8.57
fold2_room1_mix0368,87,4,0,-5,-2,8.93
fold2_room1_mix0368,88,4,0,-4,-2,9.76
fold2_room1_mix0368,89,4,0,-5,-2,10.03
fold2_room1_mix0368,90,4,0,-5,-2,10.38
fold2_room1_mix0368,91,4,0,-3,-2,11.56
fold2_room1_mix0368,92,4,0,-3,-2,11.39
fold2_room1_mix0368,93,4,0,-3,-2,11.47
fold2_room1_mix0368,94,4,0,-3,-2,12.74
fold2_room1_mix0368,95,4,0,-2,-2,12.54
fold2_room1_mix0368,96,4,0,-2,-2,13.19
fold2_room1_mix0368,97,4,0,-1,-1,15.13
fold2_room1_mix0368,98,4,0,-2,-2,14.73
fold2_room1_mix0368,99,4,0,-1,-2,14.85
fold2_room1_mix0369,4,4,0,0,0,17.01
fold2_room1_mix0369,5,4,0,1,0,16.35
fold2_room1_mix0369,6,4,0,-1,-1,17.54
fold2_room1_mix0369,7,4,0,1,0,30.78
fold2_room1_mix0369,8,4,0,2,-1,32.91
fold2_room1_mix0369,9,4,0,2,0,33.02
fold2_room1_mix0369,10,4,0,1,-1,31.31
fold2_room1_mix0369,11,4,0,4,0,33.70
fold2_room1_mix0369,12,4,0,3,0,34.34
fold2_room1_mix0369,13,4,0,3,0,31.57
fold2_room1_mix0369,14,4,0,3,0,33.50
fold2_room1_mix0369,15,4,0,2,0,32.25
fold2_room1_mix0369,16,4,0,2,-1,29.11
fold2_room1_mix0369,17,4,0,0,0,30.54
fold2_room1_mix0369,18,4,0,2,0,30.14
fold2_room1_mix0369,19,4,0,-2,-1,29.14
fold2_room1_mix0369,20,4,0,-2,0,30.85
fold2_room1_mix0369,21,4,0,0,-1,30.96
fold2_room1_mix0369,22,4,0,0,-1,29.08
fold2_room1_mix0369,23,4,0,0,-1,28.02
fold2_room1_mix0369,24,4,0,0,-1,28.51
fold2_room1_mix0369,25,4,0,0,-1,28.09
fold2_room1_mix0369,26,4,0,0,-1,27.67
fold2_room1_mix0369,27,4,0,0,-1,25.74
fold2_room1_mix0369,28,4,0,0,-1,26.65
fold2_room1_mix0369,29,4,0,-1,-1,24.43
fold2_room1_mix0369,30,4,0,0,-1,24.83
fold2_room1_mix0369,31,4,0,0,-1,24.59
fold2_room1_mix0369,32,4,0,0,-1,24.38
fold2_room1_mix0369,33,4,0,1,-1,25.35
fold2_room1_mix0369,34,4,0,0,-1,24.25
fold2_room1_mix0369,35,4,0,0,-1,22.95
fold2_room1_mix0369,36,4,0,0,-1,24.42
fold2_room1_mix0369,37,4,0,0,-1,22.87
fold2_room1_mix0369,38,4,0,0,-1,22.13
fold2_room1_mix0369,39,4,0,1,-1,22.27
fold2_room1_mix0369,40,4,0,1,-1,21.45
fold2_room1_mix0369,41,4,0,1,-1,20.95
fold2_room1_mix0369,42,4,0,1,-1,20.14
fold2_room1_mix0369,43,4,0,1,-1,20.52
fold2_room1_mix0369,44,4,0,1,-1,21.09
fold2_room1_mix0369,45,4,0,0,-1,19.27
fold2_room1_mix0369,46,4,0,1,-1,19.13
fold2_room1_mix0369,47,4,0,2,-1,18.11
fold2_room1_mix0369,48,4,0,2,-1,17.76
fold2_room1_mix0369,49,4,0,0,-1,17.82
fold2_room1_mix0369,50,4,0,0,-1,16.86
fold2_room1_mix0369,51,4,0,-1,-2,16.29
fold2_room1_mix0369,52,4,0,0,-1,16.40
fold2_room1_mix0369,53,4,0,2,-2,14.92
fold2_room1_mix0369,54,4,0,2,-2,14.06
fold2_room1_mix0369,55,4,0,-1,-2,14.08
fold2_room1_mix0369,56,2,0,94,-5,1.19
fold2_room1_mix0369,56,4,0,1,-2,13.18
fold2_room1_mix0369,57,0,0,86,-3,3.22
fold2_room1_mix0369,57,4,0,0,-1,14.60
fold2_room1_mix0369,58,0,0,111,-3,1.64
fold2_room1_mix0369,58,4,0,-3,-2,12.31
fold2_room1_mix0369,59,0,0,122,-3,3.12
fold2_room1_mix0369,59,4,0,-1,-2,11.83
fold2_room1_mix0369,60,0,0,127,-3,6.14
fold2_room1_mix0369,60,4,0,0,-2,11.38
fold2_room1_mix0369,61,0,0,133,-3,6.17
fold2_room1_mix0369,61,4,0,0,-3,10.28
fold2_room1_mix0369,62,0,0,138,-3,8.02
fold2_room1_mix0369,62,4,0,0,-3,10.20
fold2_room1_mix0369,63,0,0,140,-2,8.92
fold2_room1_mix0369,63,4,0,0,-3,9.38
fold2_room1_mix0369,64,0,0,140,-2,9.80
fold2_room1_mix0369,64,4,0,0,-3,9.52
fold2_room1_mix0369,65,0,0,146,-2,10.24
fold2_room1_mix0369,65,4,0,0,-3,8.84
fold2_room1_mix0369,66,0,0,150,-2,11.69
fold2_room1_mix0369,66,4,0,0,-4,8.02
fold2_room1_mix0369,67,0,0,153,-2,11.79
fold2_room1_mix0369,67,4,0,-2,-4,7.93
fold2_room1_mix0369,68,0,0,156,-2,13.13
fold2_room1_mix0369,68,4,0,-2,-5,7.26
fold2_room1_mix0369,69,0,0,155,-1,13.77
fold2_room1_mix0369,69,4,0,-1,-5,6.63
fold2_room1_mix0369,70,0,0,158,-1,15.17
fold2_room1_mix0369,70,4,0,-3,-6,6.25
fold2_room1_mix0369,71,0,0,161,-1,16.76
fold2_room1_mix0369,71,4,0,-4,-6,5.86
fold2_room1_mix0369,72,0,0,161,-1,16.87
fold2_room1_mix0369,72,4,0,-5,-7,5.19
fold2_room1_mix0369,73,0,0,160,-1,19.05
fold2_room1_mix0369,73,4,0,-5,-7,4.89
fold2_room1_mix0369,74,0,0,160,-1,14.83
fold2_room1_mix0369,74,4,0,-6,-8,4.11
fold2_room1_mix0369,75,0,0,158,-1,16.55
fold2_room1_mix0369,75,4,0,-5,-9,4.08
fold2_room1_mix0369,76,0,0,159,-1,19.96
fold2_room1_mix0369,76,4,0,-4,-8,4.22
fold2_room1_mix0369,77,0,0,162,-1,20.14
fold2_room1_mix0369,77,4,0,-4,-9,3.93
fold2_room1_mix0369,78,0,0,163,-1,18.41
fold2_room1_mix0369,78,4,0,-6,-12,3.38
fold2_room1_mix0369,79,0,0,163,-1,21.51
fold2_room1_mix0369,79,4,0,-8,-14,2.90
fold2_room1_mix0369,80,0,0,163,-1,22.96
fold2_room1_mix0369,80,4,0,-13,-19,2.28
fold2_room1_mix0369,81,0,0,165,-1,26.71
fold2_room1_mix0369,81,4,0,-16,-24,1.87
fold2_room1_mix0369,82,0,0,164,-1,23.86
fold2_room1_mix0369,82,4,0,-21,-28,1.49
fold2_room1_mix0369,83,0,0,164,-1,27.50
fold2_room1_mix0369,83,4,0,-30,-36,1.23
fold2_room1_mix0369,84,0,0,165,-1,28.34
fold2_room1_mix0369,84,4,0,-50,-47,0.99
fold2_room1_mix0369,85,0,0,165,-1,26.54
fold2_room1_mix0369,85,4,0,-89,-53,0.97
fold2_room1_mix0369,86,0,0,164,-1,27.63
fold2_room1_mix0369,86,4,0,-130,-47,1.10
fold2_room1_mix0369,87,0,0,164,-1,27.76
fold2_room1_mix0369,87,4,0,-150,-38,1.35
fold2_room1_mix0369,88,0,0,164,-1,30.83
fold2_room1_mix0369,88,4,0,-159,-29,1.78
fold2_room1_mix0369,89,0,0,164,-1,27.41
fold2_room1_mix0369,89,4,0,-163,-25,1.95
fold2_room1_mix0369,90,0,0,167,-1,29.93
fold2_room1_mix0369,90,4,0,-168,-20,2.44
fold2_room1_mix0369,91,0,0,167,-1,32.97
fold2_room1_mix0369,91,4,0,-169,-17,2.80
fold2_room1_mix0369,92,0,0,167,-1,35.94
fold2_room1_mix0369,92,4,0,-169,-16,3.23
fold2_room1_mix0369,93,0,0,168,0,37.95
fold2_room1_mix0369,93,4,0,-171,-13,3.43
fold2_room1_mix0369,94,0,0,169,0,39.64
fold2_room1_mix0369,94,4,0,-172,-12,3.80
fold2_room1_mix0369,95,0,0,167,0,37.19
fold2_room1_mix0369,95,4,0,-173,-11,4.24
fold2_room1_mix0369,96,0,0,169,0,39.80
fold2_room1_mix0369,96,4,0,-173,-9,4.46
fold2_room1_mix0369,97,0,0,170,0,40.14
fold2_room1_mix0369,97,4,0,-173,-9,5.02
fold2_room1_mix0369,98,0,0,170,0,30.34
fold2_room1_mix0369,98,4,0,-173,-8,5.15
fold2_room1_mix0369,99,0,0,170,0,25.23
fold2_room1_mix0369,99,4,0,-173,-8,5.51
fold2_room1_mix0369,3,4,0,-2,0,2.25
fold2_room1_mix0370,0,5,0,-179,4,2.48
fold2_room1_mix0370,1,5,0,-179,4,1.80
fold2_room1_mix0370,2,5,0,-175,4,4.28
fold2_room1_mix0370,3,5,0,-177,4,4.29
fold2_room1_mix0370,4,5,0,-177,4,5.11
fold2_room1_mix0370,5,4,0,9,2,8.33
fold2_room1_mix0370,5,5,0,-175,6,8.09
fold2_room1_mix0370,6,5,0,-173,5,8.86
fold2_room1_mix0370,7,4,0,8,2,10.16
fold2_room1_mix0370,7,5,0,-177,5,7.89
fold2_room1_mix0370,8,4,0,9,2,10.58
fold2_room1_mix0370,8,5,0,-178,5,9.44
fold2_room1_mix0370,9,4,0,10,0,24.99
fold2_room1_mix0370,9,5,0,-174,5,8.99
fold2_room1_mix0370,10,2,0,150,-5,5.20
fold2_room1_mix0370,10,4,0,9,0,29.52
fold2_room1_mix0370,10,5,0,-178,5,7.11
fold2_room1_mix0370,11,2,0,149,-4,7.69
fold2_room1_mix0370,11,4,0,8,0,27.69
fold2_room1_mix0370,11,5,0,-178,4,9.15
fold2_room1_mix0370,12,2,0,148,-4,8.46
fold2_room1_mix0370,12,4,0,10,0,28.44
fold2_room1_mix0370,12,5,0,-173,4,8.85
fold2_room1_mix0370,13,2,0,145,-3,9.80
fold2_room1_mix0370,13,4,0,7,-1,25.01
fold2_room1_mix0370,13,5,0,-176,4,6.76
fold2_room1_mix0370,14,2,0,144,-3,10.66
fold2_room1_mix0370,14,4,0,10,-1,29.85
fold2_room1_mix0370,14,5,0,-176,3,8.75
fold2_room1_mix0370,15,2,0,150,-3,11.09
fold2_room1_mix0370,15,4,0,8,0,32.36
fold2_room1_mix0370,15,5,0,-175,4,7.27
fold2_room1_mix0370,16,4,0,10,-1,30.66
fold2_room1_mix0370,16,5,0,-174,5,7.69
fold2_room1_mix0370,17,4,0,9,-1,34.00
fold2_room1_mix0370,17,5,0,-173,4,9.90
fold2_room1_mix0370,18,4,0,10,-1,31.50
fold2_room1_mix0370,18,5,0,-173,5,8.84
fold2_room1_mix0370,19,4,0,15,-1,29.48
fold2_room1_mix0370,19,5,0,-173,7,6.85
fold2_room1_mix0370,20,2,0,146,-3,8.97
fold2_room1_mix0370,20,4,0,12,0,32.65
fold2_room1_mix0370,20,5,0,-174,6,6.65
fold2_room1_mix0370,21,2,0,141,-3,10.61
fold2_room1_mix0370,21,4,0,16,-1,31.21
fold2_room1_mix0370,21,5,0,-174,4,6.58
fold2_room1_mix0370,22,2,0,142,-3,10.38
fold2_room1_mix0370,22,4,0,15,-1,31.72
fold2_room1_mix0370,22,5,0,-169,5,7.49
fold2_room1_mix0370,23,2,0,143,-4,9.95
fold2_room1_mix0370,23,4,0,15,-1,30.08
fold2_room1_mix0370,23,5,0,-171,6,5.70
fold2_room1_mix0370,24,2,0,141,-4,10.02
fold2_room1_mix0370,24,4,0,16,-1,32.54
fold2_room1_mix0370,24,5,0,-177,4,3.92
fold2_room1_mix0370,25,2,0,145,-4,9.04
fold2_room1_mix0370,25,4,0,15,-1,29.29
fold2_room1_mix0370,25,5,0,-173,4,7.58
fold2_room1_mix0370,26,4,0,18,-1,28.08
fold2_room1_mix0370,26,5,0,-174,7,6.55
fold2_room1_mix0370,27,4,0,21,-1,27.44
fold2_room1_mix0370,27,5,0,-174,6,6.63
fold2_room1_mix0370,28,4,0,21,-1,26.76
fold2_room1_mix0370,28,5,0,-168,7,6.79
fold2_room1_mix0370,29,4,0,22,-1,27.28
fold2_room1_mix0370,29,5,0,-170,8,6.71
fold2_room1_mix0370,30,2,0,130,-4,9.31
fold2_room1_mix0370,30,4,0,21,0,26.47
fold2_room1_mix0370,30,5,0,-173,5,6.68
fold2_room1_mix0370,31,2,0,132,-4,9.71
fold2_room1_mix0370,31,4,0,18,0,26.08
fold2_room1_mix0370,31,5,0,-170,6,6.88
fold2_room1_mix0370,32,2,0,128,-4,8.94
fold2_room1_mix0370,32,4,0,19,0,26.21
fold2_room1_mix0370,32,5,0,-173,7,5.52
fold2_room1_mix0370,33,2,0,128,-4,8.40
fold2_room1_mix0370,33,4,0,22,-1,24.47
fold2_room1_mix0370,33,5,0,-174,5,4.63
fold2_room1_mix0370,34,2,0,126,-5,7.82
fold2_room1_mix0370,34,4,0,22,0,24.84
fold2_room1_mix0370,34,5,0,-173,5,5.35
fold2_room1_mix0370,35,2,0,124,-5,7.43
fold2_room1_mix0370,35,4,0,22,0,24.57
fold2_room1_mix0370,35,5,0,-170,6,5.76
fold2_room1_mix0370,36,4,0,24,-1,22.90
fold2_room1_mix0370,36,5,0,-168,8,6.03
fold2_room1_mix0370,37,4,0,25,-1,23.45
fold2_room1_mix0370,37,5,0,-168,7,6.29
fold2_room1_mix0370,38,4,0,28,-1,21.47
fold2_room1_mix0370,38,5,0,-166,9,5.44
fold2_room1_mix0370,39,4,0,28,-1,21.18
fold2_room1_mix0370,39,5,0,-166,11,4.46
fold2_room1_mix0370,40,2,0,118,-4,10.39
fold2_room1_mix0370,40,4,0,25,0,20.16
fold2_room1_mix0370,40,5,0,-168,9,3.26
fold2_room1_mix0370,41,2,0,114,-5,9.43
fold2_room1_mix0370,41,4,0,27,-1,19.10
fold2_room1_mix0370,41,5,0,-164,9,4.46
fold2_room1_mix0370,42,2,0,107,-5,7.72
fold2_room1_mix0370,42,4,0,26,-1,18.32
fold2_room1_mix0370,42,5,0,-169,10,4.09
fold2_room1_mix0370,43,2,0,103,-7,6.76
fold2_room1_mix0370,43,4,0,26,-1,17.28
fold2_room1_mix0370,43,5,0,-169,9,2.41
fold2_room1_mix0370,44,2,0,102,-7,6.55
fold2_room1_mix0370,44,4,0,26,-1,17.28
fold2_room1_mix0370,44,5,0,-164,9,4.46
fold2_room1_mix0370,45,2,0,83,-6,6.64
fold2_room1_mix0370,45,4,0,28,-1,16.40
fold2_room1_mix0370,45,5,0,-165,10,4.71
fold2_room1_mix0370,46,4,0,31,-2,16.39
fold2_room1_mix0370,46,5,0,-162,14,3.20
fold2_room1_mix0370,47,4,0,32,-2,16.02
fold2_room1_mix0370,47,5,0,-153,18,2.65
fold2_room1_mix0370,48,4,0,33,-1,16.46
fold2_room1_mix0370,48,5,0,-160,20,2.55
fold2_room1_mix0370,49,4,0,38,-2,15.16
fold2_room1_mix0370,49,5,0,-158,21,2.52
fold2_room1_mix0370,50,2,0,85,-6,8.65
fold2_room1_mix0370,50,4,0,41,-2,15.34
fold2_room1_mix0370,50,5,0,-153,20,2.41
fold2_room1_mix0370,51,2,0,82,-6,7.91
fold2_room1_mix0370,51,4,0,41,-2,14.05
fold2_room1_mix0370,51,5,0,-155,27,1.70
fold2_room1_mix0370,52,2,0,73,-6,8.53
fold2_room1_mix0370,52,4,0,44,-3,13.20
fold2_room1_mix0370,52,5,0,-158,29,1.67
fold2_room1_mix0370,53,2,0,85,-7,9.01
fold2_room1_mix0370,53,4,0,48,-2,13.03
fold2_room1_mix0370,53,5,0,-155,28,1.83
fold2_room1_mix0370,54,2,0,79,-8,8.62
fold2_room1_mix0370,54,4,0,51,-3,12.61
fold2_room1_mix0370,54,5,0,-150,25,2.17
fold2_room1_mix0370,55,2,0,72,-7,8.80
fold2_room1_mix0370,55,4,0,52,-3,12.65
fold2_room1_mix0370,55,5,0,-150,21,2.43
fold2_room1_mix0370,56,4,0,57,-2,13.03
fold2_room1_mix0370,56,5,0,-145,36,1.21
fold2_room1_mix0370,57,4,0,59,-2,12.38
fold2_room1_mix0370,57,5,0,-140,33,1.35
fold2_room1_mix0370,58,4,0,60,-3,11.55
fold2_room1_mix0370,58,5,0,-136,41,0.98
fold2_room1_mix0370,59,4,0,65,-3,11.55
fold2_room1_mix0370,59,5,0,-125,42,0.73
fold2_room1_mix0370,60,2,0,59,-5,10.10
fold2_room1_mix0370,60,4,0,64,-3,11.42
fold2_room1_mix0370,60,5,0,-123,34,1.31
fold2_room1_mix0370,61,2,0,59,-5,10.61
fold2_room1_mix0370,61,4,0,67,-3,10.66
fold2_room1_mix0370,61,5,0,-130,39,1.14
fold2_room1_mix0370,62,2,0,53,-5,11.99
fold2_room1_mix0370,62,4,0,68,-3,10.63
fold2_room1_mix0370,62,5,0,-125,42,0.64
fold2_room1_mix0370,63,2,0,55,-5,11.99
fold2_room1_mix0370,63,4,0,69,-3,11.22
fold2_room1_mix0370,63,5,0,-116,27,1.83
fold2_room1_mix0370,64,2,0,55,-6,11.61
fold2_room1_mix0370,64,4,0,72,-4,10.97
fold2_room1_mix0370,64,5,0,-107,35,1.37
fold2_room1_mix0370,65,2,0,52,-5,12.16
fold2_room1_mix0370,65,4,0,72,-4,10.40
fold2_room1_mix0370,65,5,0,-104,43,0.63
fold2_room1_mix0370,66,4,0,76,-3,10.51
fold2_room1_mix0370,66,5,0,-88,45,0.64
fold2_room1_mix0370,67,4,0,80,-3,10.43
fold2_room1_mix0370,67,5,0,-84,52,0.56
fold2_room1_mix0370,68,4,0,82,-4,10.37
fold2_room1_mix0370,68,5,0,-49,51,0.43
fold2_room1_mix0370,69,4,0,85,-3,10.99
fold2_room1_mix0370,69,5,0,-53,43,0.64
fold2_room1_mix0370,70,4,0,94,-3,10.40
fold2_room1_mix0370,70,5,0,-48,49,0.49
fold2_room1_mix0370,71,2,0,52,-5,7.03
fold2_room1_mix0370,71,4,0,97,-3,10.30
fold2_room1_mix0370,71,5,0,-49,45,0.54
fold2_room1_mix0370,72,2,0,49,-6,3.85
fold2_room1_mix0370,72,4,0,100,-3,11.20
fold2_room1_mix0370,72,5,0,-34,42,0.55
fold2_room1_mix0370,73,2,0,52,-6,4.06
fold2_room1_mix0370,73,4,0,105,-3,11.22
fold2_room1_mix0370,73,5,0,-38,42,0.68
fold2_room1_mix0370,74,2,0,55,-6,6.01
fold2_room1_mix0370,74,4,0,108,-3,10.91
fold2_room1_mix0370,74,5,0,-36,40,0.78
fold2_room1_mix0370,75,4,0,113,-3,11.25
fold2_room1_mix0370,75,5,0,-30,38,0.80
fold2_room1_mix0370,76,4,0,115,-3,11.64
fold2_room1_mix0370,76,5,0,-26,38,0.88
fold2_room1_mix0370,77,4,0,119,-3,12.20
fold2_room1_mix0370,77,5,0,-21,35,0.95
fold2_room1_mix0370,78,4,0,120,-2,12.58
fold2_room1_mix0370,78,5,0,-23,33,1.07
fold2_room1_mix0370,79,4,0,124,-2,12.75
fold2_room1_mix0370,79,5,0,-22,32,1.09
fold2_room1_mix0370,80,4,0,126,-2,12.71
fold2_room1_mix0370,80,5,0,-12,32,1.14
fold2_room1_mix0370,81,4,0,125,-2,13.34
fold2_room1_mix0370,81,5,0,-17,32,1.11
fold2_room1_mix0370,82,4,0,126,-2,13.99
fold2_room1_mix0370,82,5,0,-21,28,1.39
fold2_room1_mix0370,83,4,0,130,-2,14.02
fold2_room1_mix0370,83,5,0,-14,27,1.50
fold2_room1_mix0370,84,4,0,132,-2,14.38
fold2_room1_mix0370,84,5,0,-16,24,1.69
fold2_room1_mix0370,85,4,0,134,-2,14.84
fold2_room1_mix0370,85,5,0,-18,24,1.72
fold2_room1_mix0370,86,4,0,135,-1,15.94
fold2_room1_mix0370,86,5,0,-16,23,1.76
fold2_room1_mix0370,87,4,0,137,-2,15.70
fold2_room1_mix0370,87,5,0,-17,21,1.92
fold2_room1_mix0370,88,4,0,139,-1,15.86
fold2_room1_mix0370,88,5,0,-15,24,1.74
fold2_room1_mix0370,89,4,0,142,-1,16.18
fold2_room1_mix0370,89,5,0,-13,23,1.77
fold2_room1_mix0370,90,4,0,142,-1,17.15
fold2_room1_mix0370,90,5,0,-17,20,2.10
fold2_room1_mix0370,91,4,0,145,-2,17.13
fold2_room1_mix0370,91,5,0,-16,18,2.44
fold2_room1_mix0370,92,4,0,145,-1,17.36
fold2_room1_mix0370,92,5,0,-13,18,2.44
fold2_room1_mix0370,93,4,0,146,-1,17.45
fold2_room1_mix0370,93,5,0,-13,19,2.43
fold2_room1_mix0370,94,4,0,148,-1,17.69
fold2_room1_mix0370,94,5,0,-12,19,2.33
fold2_room1_mix0370,95,4,0,148,-1,18.92
fold2_room1_mix0370,95,5,0,-15,16,2.62
fold2_room1_mix0370,96,4,0,148,-1,18.85
fold2_room1_mix0370,96,5,0,-14,14,3.16
fold2_room1_mix0370,97,4,0,151,-1,19.03
fold2_room1_mix0370,97,5,0,-13,16,2.83
fold2_room1_mix0370,98,4,0,152,0,19.68
fold2_room1_mix0370,98,5,0,-14,16,2.90
fold2_room1_mix0370,99,4,0,152,0,20.43
fold2_room1_mix0370,99,5,0,-15,13,3.42
fold2_room1_mix0371,59,0,0,-91,-4,5.27
fold2_room1_mix0371,60,0,0,-89,-5,6.37
fold2_room1_mix0371,61,0,0,-87,-5,6.24
fold2_room1_mix0371,62,0,0,-87,-5,9.66
fold2_room1_mix0371,63,0,0,-83,-5,11.02
fold2_room1_mix0371,64,0,0,-74,-5,9.90
fold2_room1_mix0371,65,0,0,-78,-5,10.16
fold2_room1_mix0371,66,0,0,-68,-5,10.08
fold2_room1_mix0371,67,0,0,-64,-4,10.33
fold2_room1_mix0371,68,0,0,-60,-4,10.95
fold2_room1_mix0371,69,0,0,-57,-4,10.35
fold2_room1_mix0371,70,0,0,-52,-4,10.47
fold2_room1_mix0371,71,0,0,-50,-4,10.68
fold2_room1_mix0371,72,0,0,-46,-3,10.57
fold2_room1_mix0371,73,0,0,-43,-3,11.24
fold2_room1_mix0371,74,0,0,-42,-3,11.31
fold2_room1_mix0371,75,0,0,-43,-3,11.19
fold2_room1_mix0371,76,0,0,-41,-3,12.69
fold2_room1_mix0371,77,0,0,-40,-3,12.80
fold2_room1_mix0371,78,0,0,-40,-3,12.86
fold2_room1_mix0371,79,0,0,-38,-3,13.26
fold2_room1_mix0371,80,0,0,-36,-2,14.91
fold2_room1_mix0371,81,0,0,-36,-2,15.75
fold2_room1_mix0371,82,0,0,-33,-2,16.94
fold2_room1_mix0371,83,0,0,-33,-2,17.08
fold2_room1_mix0371,84,0,0,-32,-2,17.79
fold2_room1_mix0371,85,0,0,-30,-2,18.99
fold2_room1_mix0371,86,0,0,-31,-2,18.58
fold2_room1_mix0371,87,0,0,-30,-2,19.06
fold2_room1_mix0371,88,0,0,-27,-2,20.73
fold2_room1_mix0371,89,0,0,-28,-2,21.68
fold2_room1_mix0371,90,0,0,-26,-2,22.65
fold2_room1_mix0371,91,0,0,-25,-1,23.60
fold2_room1_mix0371,92,0,0,-25,-1,24.33
fold2_room1_mix0371,93,0,0,-25,-2,24.86
fold2_room1_mix0371,94,0,0,-24,-1,24.38
fold2_room1_mix0371,95,0,0,-25,-1,23.89
fold2_room1_mix0371,96,0,0,-22,-1,5.49
fold2_room1_mix0371,97,0,0,-22,-1,3.58
fold2_room1_mix0373,4,4,0,-3,1,2.94
fold2_room1_mix0373,5,4,0,0,-1,19.11
fold2_room1_mix0373,6,4,0,-1,-1,19.80
fold2_room1_mix0373,7,4,0,-1,-1,22.49
fold2_room1_mix0373,8,4,0,1,0,41.68
fold2_room1_mix0373,9,4,0,2,-1,36.68
fold2_room1_mix0373,10,4,0,0,-1,39.47
fold2_room1_mix0373,11,4,0,1,-1,43.55
fold2_room1_mix0373,12,4,0,0,-1,41.83
fold2_room1_mix0373,13,4,0,0,-1,44.67
fold2_room1_mix0373,14,4,0,2,-1,43.30
fold2_room1_mix0373,15,4,0,0,-1,44.08
fold2_room1_mix0373,16,4,0,0,-1,44.74
fold2_room1_mix0373,17,4,0,1,-1,42.34
fold2_room1_mix0373,18,4,0,0,0,45.14
fold2_room1_mix0373,19,4,0,2,0,46.99
fold2_room1_mix0373,20,2,0,-37,-1,14.33
fold2_room1_mix0373,20,4,0,3,-1,47.28
fold2_room1_mix0373,21,2,0,-36,-1,15.87
fold2_room1_mix0373,21,4,0,2,-1,46.56
fold2_room1_mix0373,22,2,0,-37,-1,15.08
fold2_room1_mix0373,22,4,0,2,-1,44.98
fold2_room1_mix0373,23,2,0,-39,-1,13.95
fold2_room1_mix0373,23,4,0,1,-1,41.92
fold2_room1_mix0373,24,4,0,2,-1,47.05
fold2_room1_mix0373,25,4,0,-1,-1,42.37
fold2_room1_mix0373,26,4,0,-2,0,40.34
fold2_room1_mix0373,27,4,0,0,-1,45.53
fold2_room1_mix0373,28,2,0,-42,-1,15.40
fold2_room1_mix0373,28,4,0,2,-1,42.79
fold2_room1_mix0373,29,2,0,-42,-1,16.35
fold2_room1_mix0373,29,4,0,2,-1,42.12
fold2_room1_mix0373,30,2,0,-46,0,16.17
fold2_room1_mix0373,30,4,0,4,0,41.76
fold2_room1_mix0373,31,2,0,-43,-1,15.82
fold2_room1_mix0373,31,4,0,2,-1,39.55
fold2_room1_mix0373,32,2,0,-46,-1,14.45
fold2_room1_mix0373,32,4,0,1,-1,38.95
fold2_room1_mix0373,33,4,0,2,0,39.53
fold2_room1_mix0373,34,4,0,2,0,34.66
fold2_room1_mix0373,35,4,0,1,0,34.17
fold2_room1_mix0373,36,4,0,3,0,36.83
fold2_room1_mix0373,37,2,0,-50,-1,14.19
fold2_room1_mix0373,37,4,0,5,0,35.70
fold2_room1_mix0373,38,2,0,-52,-1,15.63
fold2_room1_mix0373,38,4,0,5,0,35.63
fold2_room1_mix0373,39,2,0,-52,-1,15.31
fold2_room1_mix0373,39,4,0,3,0,32.56
fold2_room1_mix0373,40,2,0,-53,-1,15.12
fold2_room1_mix0373,40,4,0,5,0,32.62
fold2_room1_mix0373,41,2,0,-54,-1,14.00
fold2_room1_mix0373,41,4,0,4,0,31.09
fold2_room1_mix0373,42,4,0,4,0,29.72
fold2_room1_mix0373,43,4,0,2,0,28.87
fold2_room1_mix0373,44,4,0,3,0,27.06
fold2_room1_mix0373,45,4,0,3,0,27.08
fold2_room1_mix0373,46,2,0,-64,-1,13.15
fold2_room1_mix0373,46,4,0,5,-1,26.92
fold2_room1_mix0373,47,2,0,-63,-1,14.79
fold2_room1_mix0373,47,4,0,5,0,28.69
fold2_room1_mix0373,48,2,0,-60,-1,14.15
fold2_room1_mix0373,48,4,0,5,-1,25.96
fold2_room1_mix0373,49,2,0,-62,-1,14.19
fold2_room1_mix0373,49,4,0,4,-1,22.54
fold2_room1_mix0373,50,2,0,-63,-1,14.10
fold2_room1_mix0373,50,4,0,3,-1,23.72
fold2_room1_mix0373,51,2,0,-61,-1,12.88
fold2_room1_mix0373,51,4,0,6,-1,22.89
fold2_room1_mix0373,52,4,0,3,-1,21.22
fold2_room1_mix0373,53,4,0,2,-1,21.03
fold2_room1_mix0373,54,4,0,4,-1,19.78
fold2_room1_mix0373,55,2,0,-75,-1,11.96
fold2_room1_mix0373,55,4,0,5,-1,20.02
fold2_room1_mix0373,56,2,0,-77,-1,14.95
fold2_room1_mix0373,56,4,0,7,-1,19.76
fold2_room1_mix0373,57,2,0,-79,-1,14.23
fold2_room1_mix0373,57,4,0,6,-1,18.38
fold2_room1_mix0373,58,2,0,-82,-1,13.59
fold2_room1_mix0373,58,4,0,5,-1,18.28
fold2_room1_mix0373,59,2,0,-80,-1,14.13
fold2_room1_mix0373,59,4,0,5,-1,17.86
fold2_room1_mix0373,60,2,0,-81,-1,13.46
fold2_room1_mix0373,60,4,0,7,-1,15.62
fold2_room1_mix0373,61,4,0,6,-1,14.97
fold2_room1_mix0373,62,4,0,5,-1,13.34
fold2_room1_mix0373,63,4,0,6,-2,13.54
fold2_room1_mix0373,64,4,0,7,-2,13.12
fold2_room1_mix0373,65,4,0,7,-2,11.70
fold2_room1_mix0373,66,4,0,9,-2,11.43
fold2_room1_mix0373,67,4,0,11,-3,10.21
fold2_room1_mix0373,68,4,0,10,-3,9.26
fold2_room1_mix0373,69,4,0,12,-3,8.78
fold2_room1_mix0373,70,4,0,12,-4,7.78
fold2_room1_mix0373,71,4,0,13,-5,6.68
fold2_room1_mix0373,72,4,0,16,-4,6.82
fold2_room1_mix0373,73,4,0,17,-7,4.91
fold2_room1_mix0373,74,4,0,20,-7,4.38
fold2_room1_mix0373,75,4,0,22,-8,3.74
fold2_room1_mix0373,76,4,0,25,-10,3.14
fold2_room1_mix0373,77,4,0,30,-14,2.51
fold2_room1_mix0373,78,4,0,41,-18,1.93
fold2_room1_mix0373,79,4,0,65,-24,1.66
fold2_room1_mix0373,80,4,0,96,-23,1.60
fold2_room1_mix0373,81,4,0,125,-20,1.74
fold2_room1_mix0373,82,4,0,142,-14,2.28
fold2_room1_mix0373,83,4,0,153,-11,2.94
fold2_room1_mix0373,84,4,0,155,-10,3.35
fold2_room1_mix0373,85,4,0,161,-8,4.38
fold2_room1_mix0373,86,4,0,164,-7,4.75
fold2_room1_mix0373,87,4,0,165,-6,5.51
fold2_room1_mix0373,88,4,0,167,-4,6.77
fold2_room1_mix0373,89,4,0,168,-4,6.85
fold2_room1_mix0373,90,4,0,170,-4,7.92
fold2_room1_mix0373,91,4,0,170,-4,8.80
fold2_room1_mix0373,92,4,0,170,-3,8.93
fold2_room1_mix0373,93,4,0,171,-3,10.34
fold2_room1_mix0373,94,4,0,172,-2,11.21
fold2_room1_mix0373,95,4,0,172,-2,11.72
fold2_room1_mix0373,96,4,0,173,-2,12.14
fold2_room1_mix0373,97,4,0,173,-2,12.85
fold2_room1_mix0373,98,4,0,173,-1,13.95
fold2_room1_mix0373,99,4,0,174,-2,14.34
fold2_room1_mix0374,16,1,0,14,-3,31.65
fold2_room1_mix0374,17,1,0,17,-2,35.14
fold2_room1_mix0374,18,1,0,16,-2,31.92
fold2_room1_mix0374,20,1,0,16,-2,30.57
fold2_room1_mix0374,21,1,0,17,-2,28.65
fold2_room1_mix0374,22,1,0,19,-2,26.96
fold2_room1_mix0374,23,1,0,19,-2,31.71
fold2_room1_mix0374,25,1,0,20,-2,23.60
fold2_room1_mix0374,26,1,0,21,-2,28.52
fold2_room1_mix0374,27,1,0,21,-2,29.38
fold2_room1_mix0374,28,1,0,19,-2,27.20
fold2_room1_mix0374,30,1,0,28,-2,19.09
fold2_room1_mix0374,31,1,0,26,-2,24.98
fold2_room1_mix0374,32,1,0,24,-2,24.34
fold2_room1_mix0374,33,1,0,21,-2,19.76
fold2_room1_mix0374,35,1,0,33,-3,21.83
fold2_room1_mix0374,36,1,0,32,-3,18.99
fold2_room1_mix0374,37,1,0,32,-2,19.99
fold2_room1_mix0374,39,1,0,35,-3,8.75
fold2_room1_mix0374,40,1,0,41,-3,12.93
fold2_room1_mix0374,41,1,0,45,-3,11.91
fold2_room1_mix0374,42,1,0,52,-3,10.40
fold2_room1_mix0374,44,1,0,56,-4,9.00
fold2_room1_mix0374,45,1,0,67,-4,8.89
fold2_room1_mix0374,46,1,0,78,-5,7.90
fold2_room1_mix0374,47,1,0,87,-5,7.91
fold2_room1_mix0374,48,1,0,89,-4,1.82
fold2_room1_mix0374,49,1,0,100,-4,7.64
fold2_room1_mix0374,50,1,0,114,-4,8.02
fold2_room1_mix0374,51,1,0,123,-4,7.68
fold2_room1_mix0374,52,1,0,129,-4,10.77
fold2_room1_mix0374,53,1,0,115,-4,1.93
fold2_room1_mix0374,54,1,0,134,-4,6.57
fold2_room1_mix0374,55,1,0,143,-3,7.26
fold2_room1_mix0374,56,1,0,142,-3,10.36
fold2_room1_mix0374,57,1,0,146,-3,13.76
fold2_room1_mix0374,59,1,0,151,-3,9.90
fold2_room1_mix0374,60,1,0,150,-3,10.82
fold2_room1_mix0374,61,1,0,154,-3,14.57
fold2_room1_mix0374,62,1,0,155,-3,15.97
fold2_room1_mix0374,64,1,0,161,-3,4.35
fold2_room1_mix0374,65,1,0,155,-2,13.76
fold2_room1_mix0374,66,1,0,162,-2,19.08
fold2_room1_mix0374,67,1,0,164,-2,15.03
fold2_room1_mix0374,70,1,0,163,-2,15.42
fold2_room1_mix0374,71,1,0,163,-2,21.53
fold2_room1_mix0374,72,1,0,167,-1,6.50
fold2_room1_mix0375,0,5,0,41,2,4.18
fold2_room1_mix0375,2,5,0,2,2,7.57
fold2_room1_mix0375,3,5,0,22,2,12.98
fold2_room1_mix0375,5,5,0,29,2,14.40
fold2_room1_mix0375,6,5,0,15,1,19.11
fold2_room1_mix0375,7,5,0,22,2,16.34
fold2_room1_mix0375,8,5,0,30,1,15.33
fold2_room1_mix0375,9,5,0,29,2,17.25
fold2_room1_mix0375,10,5,0,20,2,13.90
fold2_room1_mix0375,11,5,0,17,2,15.14
fold2_room1_mix0375,12,5,0,27,2,13.85
fold2_room1_mix0375,13,5,0,30,1,16.31
fold2_room1_mix0375,14,5,0,20,2,15.45
fold2_room1_mix0375,15,5,0,24,2,14.61
fold2_room1_mix0375,16,5,0,33,2,14.76
fold2_room1_mix0375,17,5,0,28,1,16.09
fold2_room1_mix0375,18,5,0,21,3,12.70
fold2_room1_mix0375,19,5,0,25,2,14.37
fold2_room1_mix0375,20,5,0,25,3,12.37
fold2_room1_mix0375,21,5,0,33,3,13.11
fold2_room1_mix0375,22,5,0,29,3,12.89
fold2_room1_mix0375,23,0,0,2,-1,1.70
fold2_room1_mix0375,23,5,0,26,3,12.68
fold2_room1_mix0375,24,0,0,5,-1,8.87
fold2_room1_mix0375,24,5,0,32,3,12.10
fold2_room1_mix0375,25,0,0,3,-1,6.78
fold2_room1_mix0375,25,5,0,32,4,11.83
fold2_room1_mix0375,26,0,0,11,-1,32.42
fold2_room1_mix0375,26,5,0,27,5,7.98
fold2_room1_mix0375,27,0,0,10,-1,32.06
fold2_room1_mix0375,27,5,0,29,4,9.59
fold2_room1_mix0375,28,0,0,11,-1,27.69
fold2_room1_mix0375,28,5,0,33,4,8.72
fold2_room1_mix0375,29,0,0,11,-1,23.09
fold2_room1_mix0375,29,5,0,33,3,11.11
fold2_room1_mix0375,30,0,0,6,-1,21.98
fold2_room1_mix0375,30,5,0,30,3,11.51
fold2_room1_mix0375,31,0,0,10,-1,33.45
fold2_room1_mix0375,31,5,0,29,3,10.31
fold2_room1_mix0375,32,0,0,9,-1,26.82
fold2_room1_mix0375,32,5,0,43,4,10.16
fold2_room1_mix0375,33,0,0,10,-1,23.01
fold2_room1_mix0375,33,5,0,30,3,10.66
fold2_room1_mix0375,34,0,0,11,-1,27.05
fold2_room1_mix0375,34,5,0,26,4,8.88
fold2_room1_mix0375,35,0,0,14,-1,22.01
fold2_room1_mix0375,35,5,0,30,2,10.93
fold2_room1_mix0375,36,0,0,11,-1,22.30
fold2_room1_mix0375,36,5,0,32,4,9.86
fold2_room1_mix0375,37,0,0,12,-1,26.33
fold2_room1_mix0375,37,5,0,32,3,9.75
fold2_room1_mix0375,38,0,0,12,-1,26.42
fold2_room1_mix0375,38,5,0,26,3,10.18
fold2_room1_mix0375,39,0,0,17,-1,25.47
fold2_room1_mix0375,39,5,0,25,2,10.24
fold2_room1_mix0375,40,0,0,18,-1,24.00
fold2_room1_mix0375,40,5,0,33,2,10.74
fold2_room1_mix0375,41,0,0,18,-1,21.56
fold2_room1_mix0375,41,5,0,31,2,11.32
fold2_room1_mix0375,42,0,0,17,-1,21.40
fold2_room1_mix0375,42,5,0,30,3,9.69
fold2_room1_mix0375,43,0,0,20,-1,17.26
fold2_room1_mix0375,43,5,0,30,3,10.98
fold2_room1_mix0375,44,0,0,19,-1,21.81
fold2_room1_mix0375,44,5,0,37,3,10.39
fold2_room1_mix0375,45,0,0,23,-1,17.98
fold2_room1_mix0375,45,5,0,35,2,11.23
fold2_room1_mix0375,46,0,0,25,-2,14.71
fold2_room1_mix0375,46,5,0,32,3,9.15
fold2_room1_mix0375,47,0,0,29,-2,16.56
fold2_room1_mix0375,47,5,0,31,2,10.01
fold2_room1_mix0375,48,0,0,32,-2,15.36
fold2_room1_mix0375,48,5,0,38,2,10.31
fold2_room1_mix0375,49,0,0,43,-2,14.18
fold2_room1_mix0375,49,5,0,36,2,10.02
fold2_room1_mix0375,50,0,0,51,-2,13.14
fold2_room1_mix0375,50,5,0,31,3,7.87
fold2_room1_mix0375,51,0,0,60,-2,11.28
fold2_room1_mix0375,51,5,0,31,2,9.26
fold2_room1_mix0375,52,0,0,64,-2,10.88
fold2_room1_mix0375,52,4,0,0,0,9.61
fold2_room1_mix0375,52,5,0,33,2,9.13
fold2_room1_mix0375,53,0,0,77,-3,10.79
fold2_room1_mix0375,53,5,0,30,1,10.50
fold2_room1_mix0375,54,0,0,79,-3,10.83
fold2_room1_mix0375,54,5,0,26,2,10.34
fold2_room1_mix0375,55,0,0,92,-3,10.08
fold2_room1_mix0375,55,4,0,-11,-1,9.96
fold2_room1_mix0375,55,5,0,21,2,10.10
fold2_room1_mix0375,56,0,0,95,-3,11.02
fold2_room1_mix0375,56,4,0,-14,-1,4.04
fold2_room1_mix0375,56,5,0,28,2,10.72
fold2_room1_mix0375,57,0,0,106,-3,11.19
fold2_room1_mix0375,57,4,0,-18,-3,7.48
fold2_room1_mix0375,57,5,0,28,1,11.27
fold2_room1_mix0375,58,0,0,109,-3,10.24
fold2_room1_mix0375,58,4,0,-13,-2,11.73
fold2_room1_mix0375,58,5,0,27,2,9.29
fold2_room1_mix0375,59,0,0,114,-2,11.80
fold2_room1_mix0375,59,4,0,-9,-1,12.96
fold2_room1_mix0375,59,5,0,28,2,8.82
fold2_room1_mix0375,60,0,0,113,-2,12.72
fold2_room1_mix0375,60,4,0,-5,-2,12.64
fold2_room1_mix0375,60,5,0,35,1,10.20
fold2_room1_mix0375,61,0,0,124,-2,13.04
fold2_room1_mix0375,61,4,0,-10,-2,13.01
fold2_room1_mix0375,61,5,0,33,1,10.54
fold2_room1_mix0375,62,0,0,128,-2,13.76
fold2_room1_mix0375,62,4,0,-16,-3,12.18
fold2_room1_mix0375,62,5,0,34,2,8.19
fold2_room1_mix0375,63,0,0,132,-2,14.49
fold2_room1_mix0375,63,4,0,-11,-2,11.65
fold2_room1_mix0375,63,5,0,36,2,8.07
fold2_room1_mix0375,64,0,0,136,-2,15.90
fold2_room1_mix0375,64,4,0,-13,-3,10.68
fold2_room1_mix0375,64,5,0,38,1,10.69
fold2_room1_mix0375,65,0,0,134,-2,16.04
fold2_room1_mix0375,65,4,0,-15,-2,11.31
fold2_room1_mix0375,65,5,0,35,1,9.17
fold2_room1_mix0375,66,0,0,140,-1,18.01
fold2_room1_mix0375,66,4,0,-18,-4,9.48
fold2_room1_mix0375,66,5,0,42,4,6.78
fold2_room1_mix0375,67,0,0,133,-1,16.27
fold2_room1_mix0375,67,4,0,-18,-2,10.08
fold2_room1_mix0375,67,5,0,42,3,8.71
fold2_room1_mix0375,68,0,0,123,-2,17.38
fold2_room1_mix0375,68,4,0,-19,-4,8.46
fold2_room1_mix0375,68,5,0,35,3,8.89
fold2_room1_mix0375,69,0,0,127,-2,14.26
fold2_room1_mix0375,69,4,0,-20,-4,8.69
fold2_room1_mix0375,69,5,0,46,3,10.09
fold2_room1_mix0375,70,4,0,-24,-3,8.83
fold2_room1_mix0375,70,5,0,35,5,7.98
fold2_room1_mix0375,71,4,0,-27,-5,7.58
fold2_room1_mix0375,71,5,0,31,3,10.39
fold2_room1_mix0375,72,4,0,-26,-5,7.55
fold2_room1_mix0375,72,5,0,42,3,11.08
fold2_room1_mix0375,73,4,0,-28,-5,6.93
fold2_room1_mix0375,73,5,0,45,2,12.79
fold2_room1_mix0375,74,4,0,-26,-5,6.68
fold2_room1_mix0375,74,5,0,32,3,12.35
fold2_room1_mix0375,75,4,0,-27,-5,6.27
fold2_room1_mix0375,75,5,0,36,3,12.54
fold2_room1_mix0375,76,4,0,-29,-6,5.63
fold2_room1_mix0375,76,5,0,36,2,14.07
fold2_room1_mix0375,77,4,0,-35,-6,5.21
fold2_room1_mix0375,77,5,0,43,2,15.17
fold2_room1_mix0375,78,4,0,-38,-6,5.05
fold2_room1_mix0375,78,5,0,33,3,10.98
fold2_room1_mix0375,79,4,0,-40,-7,4.35
fold2_room1_mix0375,79,5,0,36,3,10.80
fold2_room1_mix0375,80,4,0,-44,-8,3.87
fold2_room1_mix0375,80,5,0,38,1,14.91
fold2_room1_mix0375,81,4,0,-52,-8,3.44
fold2_room1_mix0375,81,5,0,49,3,12.02
fold2_room1_mix0375,82,4,0,-59,-11,3.31
fold2_room1_mix0375,82,5,0,43,5,8.28
fold2_room1_mix0375,83,4,0,-62,-10,3.43
fold2_room1_mix0375,83,5,0,26,2,13.34
fold2_room1_mix0375,84,4,0,-74,-10,3.25
fold2_room1_mix0375,84,5,0,38,2,12.80
fold2_room1_mix0375,85,4,0,-84,-12,3.24
fold2_room1_mix0375,85,5,0,37,2,13.00
fold2_room1_mix0375,86,4,0,-89,-12,3.23
fold2_room1_mix0375,86,5,0,26,1,13.53
fold2_room1_mix0375,87,4,0,-98,-12,3.29
fold2_room1_mix0375,87,5,0,24,2,12.63
fold2_room1_mix0375,88,4,0,-106,-11,3.42
fold2_room1_mix0375,88,5,0,31,1,13.23
fold2_room1_mix0375,89,4,0,-118,-10,3.51
fold2_room1_mix0375,89,5,0,34,1,15.68
fold2_room1_mix0375,90,4,0,-124,-8,3.96
fold2_room1_mix0375,90,5,0,26,1,15.06
fold2_room1_mix0375,91,4,0,-131,-7,4.17
fold2_room1_mix0375,91,5,0,27,2,13.98
fold2_room1_mix0375,92,4,0,-137,-7,3.98
fold2_room1_mix0375,92,5,0,32,2,14.07
fold2_room1_mix0375,93,4,0,-139,-7,4.25
fold2_room1_mix0375,93,5,0,43,2,14.20
fold2_room1_mix0375,94,4,0,-142,-7,4.78
fold2_room1_mix0375,94,5,0,38,2,15.19
fold2_room1_mix0375,95,4,0,-145,-6,5.40
fold2_room1_mix0375,95,5,0,28,3,11.60
fold2_room1_mix0375,96,4,0,-146,-6,5.73
fold2_room1_mix0375,96,5,0,45,2,15.73
fold2_room1_mix0375,97,4,0,-148,-5,6.08
fold2_room1_mix0375,97,5,0,40,2,16.13
fold2_room1_mix0375,98,4,0,-150,-5,6.88
fold2_room1_mix0375,98,5,0,24,2,13.18
fold2_room1_mix0375,99,4,0,-152,-4,6.74
fold2_room1_mix0375,99,5,0,52,5,10.20
fold2_room1_mix0376,3,4,0,-176,3,5.13
fold2_room1_mix0376,3,4,0,-12,1,3.67
fold2_room1_mix0376,4,3,0,-27,-4,5.66
fold2_room1_mix0376,4,4,0,-173,0,17.57
fold2_room1_mix0376,4,4,0,-12,-2,14.21
fold2_room1_mix0376,5,3,0,-34,-3,8.84
fold2_room1_mix0376,5,4,0,-172,0,16.69
fold2_room1_mix0376,5,4,0,-17,-1,13.64
fold2_room1_mix0376,6,3,0,-26,-2,10.18
fold2_room1_mix0376,6,4,0,-171,0,17.80
fold2_room1_mix0376,6,4,0,-21,-1,13.53
fold2_room1_mix0376,6,4,0,-4,0,15.71
fold2_room1_mix0376,7,3,0,-24,-2,9.59
fold2_room1_mix0376,7,4,0,-174,0,26.46
fold2_room1_mix0376,7,4,0,-10,-1,21.85
fold2_room1_mix0376,8,3,0,-33,-2,10.52
fold2_room1_mix0376,8,4,0,-174,0,25.29
fold2_room1_mix0376,8,4,0,-10,-1,21.47
fold2_room1_mix0376,9,3,0,-34,-3,10.03
fold2_room1_mix0376,9,4,0,-172,-1,24.21
fold2_room1_mix0376,9,4,0,-13,-1,21.15
fold2_room1_mix0376,10,3,0,-36,-3,9.63
fold2_room1_mix0376,10,4,0,-171,-1,23.90
fold2_room1_mix0376,10,4,0,-11,0,23.05
fold2_room1_mix0376,11,3,0,-35,-2,9.42
fold2_room1_mix0376,11,4,0,-173,0,25.01
fold2_room1_mix0376,11,4,0,-10,0,22.30
fold2_room1_mix0376,12,3,0,-40,-3,9.01
fold2_room1_mix0376,12,4,0,-170,-1,25.88
fold2_room1_mix0376,12,4,0,-11,-1,22.53
fold2_room1_mix0376,13,3,0,-34,-2,8.85
fold2_room1_mix0376,13,4,0,-170,-1,26.98
fold2_room1_mix0376,13,4,0,-11,0,22.44
fold2_room1_mix0376,14,3,0,-30,-2,7.04
fold2_room1_mix0376,14,4,0,-170,0,29.86
fold2_room1_mix0376,14,4,0,-12,0,24.95
fold2_room1_mix0376,15,3,0,-27,-3,3.01
fold2_room1_mix0376,15,4,0,-166,0,38.79
fold2_room1_mix0376,15,4,0,-22,-1,28.85
fold2_room1_mix0376,15,4,0,-6,0,36.07
fold2_room1_mix0376,16,4,0,-172,0,41.63
fold2_room1_mix0376,16,4,0,-25,-1,26.98
fold2_room1_mix0376,16,4,0,-5,0,35.32
fold2_room1_mix0376,17,4,0,-170,0,36.20
fold2_room1_mix0376,17,4,0,-34,-2,22.53
fold2_room1_mix0376,17,4,0,-8,0,32.32
fold2_room1_mix0376,18,4,0,-169,0,37.83
fold2_room1_mix0376,18,4,0,-33,-1,22.92
fold2_room1_mix0376,18,4,0,-6,0,33.53
fold2_room1_mix0376,19,4,0,-170,0,37.56
fold2_room1_mix0376,19,4,0,-37,-1,22.22
fold2_room1_mix0376,19,4,0,-5,0,34.31
fold2_room1_mix0376,20,4,0,-173,0,42.22
fold2_room1_mix0376,20,4,0,-36,-2,22.74
fold2_room1_mix0376,20,4,0,-3,0,36.11
fold2_room1_mix0376,21,3,0,-18,-3,8.37
fold2_room1_mix0376,21,4,0,-171,0,36.92
fold2_room1_mix0376,21,4,0,-34,-1,22.00
fold2_room1_mix0376,21,4,0,-4,0,31.63
fold2_room1_mix0376,22,3,0,-13,-3,13.58
fold2_room1_mix0376,22,4,0,-173,0,33.61
fold2_room1_mix0376,22,4,0,-31,-2,18.38
fold2_room1_mix0376,22,4,0,-4,0,26.33
fold2_room1_mix0376,23,3,0,-13,-3,11.48
fold2_room1_mix0376,23,4,0,-168,0,32.76
fold2_room1_mix0376,23,4,0,-38,-1,18.39
fold2_room1_mix0376,23,4,0,-3,0,27.80
fold2_room1_mix0376,24,3,0,-8,-2,10.88
fold2_room1_mix0376,24,4,0,-174,0,34.29
fold2_room1_mix0376,24,4,0,-39,-1,17.61
fold2_room1_mix0376,24,4,0,-7,0,25.40
fold2_room1_mix0376,25,3,0,-12,-2,11.75
fold2_room1_mix0376,25,4,0,-173,0,33.13
fold2_room1_mix0376,25,4,0,-29,-2,18.40
fold2_room1_mix0376,25,4,0,-4,0,26.57
fold2_room1_mix0376,26,3,0,-18,-3,9.52
fold2_room1_mix0376,26,4,0,-173,0,38.39
fold2_room1_mix0376,26,4,0,-37,-2,18.56
fold2_room1_mix0376,26,4,0,-5,0,27.93
fold2_room1_mix0376,27,3,0,-21,-3,9.95
fold2_room1_mix0376,27,4,0,-174,0,34.31
fold2_room1_mix0376,27,4,0,-35,-2,18.81
fold2_room1_mix0376,27,4,0,-8,0,26.65
fold2_room1_mix0376,28,3,0,-8,-3,8.26
fold2_room1_mix0376,28,4,0,-171,0,37.65
fold2_room1_mix0376,28,4,0,-39,-3,18.83
fold2_room1_mix0376,28,4,0,-5,0,29.21
fold2_room1_mix0376,29,3,0,-18,-3,7.25
fold2_room1_mix0376,29,4,0,-171,0,36.26
fold2_room1_mix0376,29,4,0,-47,-3,18.04
fold2_room1_mix0376,29,4,0,-9,0,27.41
fold2_room1_mix0376,30,3,0,-29,-4,8.41
fold2_room1_mix0376,30,4,0,-173,0,38.59
fold2_room1_mix0376,30,4,0,-42,-3,19.29
fold2_room1_mix0376,30,4,0,-5,0,32.63
fold2_room1_mix0376,31,3,0,-29,-3,9.12
fold2_room1_mix0376,31,4,0,-174,0,33.14
fold2_room1_mix0376,31,4,0,-44,-3,17.42
fold2_room1_mix0376,31,4,0,-8,0,27.79
fold2_room1_mix0376,32,3,0,-49,-4,7.40
fold2_room1_mix0376,32,4,0,-171,0,35.92
fold2_room1_mix0376,32,4,0,-45,-3,16.16
fold2_room1_mix0376,32,4,0,-3,0,32.76
fold2_room1_mix0376,33,3,0,-53,-4,7.74
fold2_room1_mix0376,33,4,0,-172,0,35.59
fold2_room1_mix0376,33,4,0,-43,-4,15.88
fold2_room1_mix0376,33,4,0,-1,0,31.01
fold2_room1_mix0376,34,3,0,-48,-4,5.17
fold2_room1_mix0376,34,4,0,-163,0,34.73
fold2_room1_mix0376,34,4,0,-55,-5,13.65
fold2_room1_mix0376,34,4,0,1,0,33.92
fold2_room1_mix0376,35,3,0,-47,-4,2.39
fold2_room1_mix0376,35,4,0,-162,-1,30.44
fold2_room1_mix0376,35,4,0,-58,-4,13.40
fold2_room1_mix0376,35,4,0,-3,0,30.01
fold2_room1_mix0376,36,3,0,-65,-5,3.45
fold2_room1_mix0376,36,4,0,-165,0,31.51
fold2_room1_mix0376,36,4,0,-64,-3,11.96
fold2_room1_mix0376,36,4,0,5,0,29.79
fold2_room1_mix0376,37,4,0,-168,0,34.74
fold2_room1_mix0376,37,4,0,-66,-3,13.42
fold2_room1_mix0376,37,4,0,4,1,33.13
fold2_room1_mix0376,38,4,0,-170,0,33.25
fold2_room1_mix0376,38,4,0,-72,-3,11.90
fold2_room1_mix0376,38,4,0,4,0,28.31
fold2_room1_mix0376,39,4,0,-173,0,33.32
fold2_room1_mix0376,39,4,0,-72,-3,12.36
fold2_room1_mix0376,39,4,0,3,0,30.00
fold2_room1_mix0376,40,4,0,-172,0,30.94
fold2_room1_mix0376,40,4,0,-76,-4,11.12
fold2_room1_mix0376,40,4,0,7,0,27.79
fold2_room1_mix0376,41,3,0,-103,-5,4.00
fold2_room1_mix0376,41,4,0,-173,-1,28.30
fold2_room1_mix0376,41,4,0,-73,-3,11.70
fold2_room1_mix0376,41,4,0,11,0,28.52
fold2_room1_mix0376,42,3,0,-107,-7,5.19
fold2_room1_mix0376,42,4,0,-170,-1,28.00
fold2_room1_mix0376,42,4,0,-72,-3,12.38
fold2_room1_mix0376,42,4,0,11,0,26.81
fold2_room1_mix0376,43,3,0,-104,-6,5.81
fold2_room1_mix0376,43,4,0,-173,-1,22.89
fold2_room1_mix0376,43,4,0,-82,-2,11.18
fold2_room1_mix0376,43,4,0,12,0,23.85
fold2_room1_mix0376,44,3,0,-95,-7,5.12
fold2_room1_mix0376,44,4,0,-171,-1,23.16
fold2_room1_mix0376,44,4,0,-86,-3,11.36
fold2_room1_mix0376,44,4,0,6,0,22.43
fold2_room1_mix0376,45,3,0,-108,-8,6.08
fold2_room1_mix0376,45,4,0,-170,-2,23.34
fold2_room1_mix0376,45,4,0,-83,-5,10.50
fold2_room1_mix0376,45,4,0,6,0,21.30
fold2_room1_mix0376,46,3,0,-118,-7,7.74
fold2_room1_mix0376,46,4,0,-171,-1,22.01
fold2_room1_mix0376,46,4,0,-99,-4,10.33
fold2_room1_mix0376,46,4,0,10,0,20.44
fold2_room1_mix0376,47,3,0,-122,-7,7.89
fold2_room1_mix0376,47,4,0,-167,-2,19.84
fold2_room1_mix0376,47,4,0,-95,-4,10.40
fold2_room1_mix0376,47,4,0,8,-1,17.22
fold2_room1_mix0376,48,3,0,-125,-7,8.42
fold2_room1_mix0376,48,4,0,-166,-2,20.22
fold2_room1_mix0376,48,4,0,-101,-4,10.75
fold2_room1_mix0376,48,4,0,7,-1,17.65
fold2_room1_mix0376,49,3,0,-125,-7,7.93
fold2_room1_mix0376,49,4,0,-167,-2,22.12
fold2_room1_mix0376,49,4,0,-102,-5,10.98
fold2_room1_mix0376,49,4,0,10,-2,17.89
fold2_room1_mix0376,50,3,0,-121,-7,7.47
fold2_room1_mix0376,50,4,0,-171,-2,19.23
fold2_room1_mix0376,50,4,0,-107,-4,10.77
fold2_room1_mix0376,50,4,0,12,-1,17.42
fold2_room1_mix0376,51,3,0,-124,-6,8.36
fold2_room1_mix0376,51,4,0,-174,-2,19.57
fold2_room1_mix0376,51,4,0,-105,-4,10.65
fold2_room1_mix0376,51,4,0,13,-1,18.14
fold2_room1_mix0376,52,3,0,-130,-6,9.76
fold2_room1_mix0376,52,4,0,-168,-1,22.74
fold2_room1_mix0376,52,4,0,-101,-6,10.06
fold2_room1_mix0376,52,4,0,15,-1,20.34
fold2_room1_mix0376,53,4,0,-172,-1,19.36
fold2_room1_mix0376,53,4,0,-111,-4,11.64
fold2_room1_mix0376,53,4,0,19,-1,21.82
fold2_room1_mix0376,54,4,0,-179,-1,18.40
fold2_room1_mix0376,54,4,0,-108,-4,10.78
fold2_room1_mix0376,54,4,0,15,-1,19.88
fold2_room1_mix0376,55,4,0,179,-1,14.63
fold2_room1_mix0376,55,4,0,-114,-3,9.50
fold2_room1_mix0376,55,4,0,17,0,17.15
fold2_room1_mix0376,56,4,0,176,-2,14.78
fold2_room1_mix0376,56,4,0,-119,-3,10.32
fold2_room1_mix0376,56,4,0,18,0,19.14
fold2_room1_mix0376,57,4,0,177,-3,14.33
fold2_room1_mix0376,57,4,0,-121,-3,11.43
fold2_room1_mix0376,57,4,0,19,-1,19.12
fold2_room1_mix0376,58,4,0,-179,-4,12.44
fold2_room1_mix0376,58,4,0,-123,-2,11.07
fold2_room1_mix0376,58,4,0,20,-1,17.82
fold2_room1_mix0376,59,4,0,-177,-4,12.62
fold2_room1_mix0376,59,4,0,-128,-3,10.54
fold2_room1_mix0376,59,4,0,21,-3,14.16
fold2_room1_mix0376,60,4,0,-174,-6,9.16
fold2_room1_mix0376,60,4,0,-123,-2,11.06
fold2_room1_mix0376,60,4,0,24,-3,13.99
fold2_room1_mix0376,61,4,0,-167,-6,8.73
fold2_room1_mix0376,61,4,0,-124,-2,9.70
fold2_room1_mix0376,61,4,0,24,-4,11.50
fold2_room1_mix0376,62,4,0,-168,-9,7.26
fold2_room1_mix0376,62,4,0,-118,-2,10.63
fold2_room1_mix0376,62,4,0,25,-5,10.94
fold2_room1_mix0376,63,4,0,-151,-9,7.17
fold2_room1_mix0376,63,4,0,-105,-5,8.58
fold2_room1_mix0376,63,4,0,21,-7,9.20
fold2_room1_mix0376,64,4,0,-134,-6,10.18
fold2_room1_mix0376,64,4,0,-86,-8,5.61
fold2_room1_mix0376,64,4,0,22,-7,9.13
fold2_room1_mix0376,65,4,0,-164,-2,18.40
fold2_room1_mix0376,65,4,0,-85,-9,5.17
fold2_room1_mix0376,65,4,0,22,-6,10.00
fold2_room1_mix0376,66,4,0,-161,-2,17.64
fold2_room1_mix0376,66,4,0,-78,-7,6.12
fold2_room1_mix0376,66,4,0,25,-6,8.55
fold2_room1_mix0376,67,4,0,175,-1,17.78
fold2_room1_mix0376,67,4,0,-71,-6,5.66
fold2_room1_mix0376,67,4,0,22,-6,6.80
fold2_room1_mix0376,68,4,0,170,0,22.58
fold2_room1_mix0376,68,4,0,-63,-5,6.83
fold2_room1_mix0376,68,4,0,28,-5,7.17
fold2_room1_mix0376,69,4,0,-166,0,21.74
fold2_room1_mix0376,69,4,0,-11,-5,7.83
fold2_room1_mix0376,69,4,0,16,-3,10.25
fold2_room1_mix0376,70,4,0,-154,1,20.37
fold2_room1_mix0376,70,4,0,59,-3,10.00
fold2_room1_mix0376,70,4,0,1,-3,9.87
fold2_room1_mix0376,71,4,0,-148,0,22.80
fold2_room1_mix0376,71,4,0,61,-2,11.16
fold2_room1_mix0376,71,4,0,-6,-4,9.60
fold2_room1_mix0376,72,4,0,-150,0,24.31
fold2_room1_mix0376,72,4,0,63,-3,11.60
fold2_room1_mix0376,72,4,0,-8,-4,11.07
fold2_room1_mix0376,73,4,0,-151,0,23.81
fold2_room1_mix0376,73,4,0,67,-4,10.80
fold2_room1_mix0376,73,4,0,-7,-3,12.43
fold2_room1_mix0376,74,4,0,-155,0,26.23
fold2_room1_mix0376,74,4,0,65,-3,11.21
fold2_room1_mix0376,74,4,0,-1,-3,12.98
fold2_room1_mix0376,75,4,0,-157,0,26.50
fold2_room1_mix0376,75,4,0,68,-3,11.03
fold2_room1_mix0376,75,4,0,-1,-3,12.13
fold2_room1_mix0376,76,4,0,-160,0,26.38
fold2_room1_mix0376,76,4,0,71,-4,10.69
fold2_room1_mix0376,76,4,0,4,-3,14.41
fold2_room1_mix0376,77,4,0,-159,0,27.48
fold2_room1_mix0376,77,4,0,72,-5,9.52
fold2_room1_mix0376,77,4,0,0,-2,16.65
fold2_room1_mix0376,78,4,0,-162,0,31.54
fold2_room1_mix0376,78,4,0,76,-5,9.54
fold2_room1_mix0376,78,4,0,3,-3,13.87
fold2_room1_mix0376,79,4,0,-162,0,29.36
fold2_room1_mix0376,79,4,0,76,-5,9.58
fold2_room1_mix0376,79,4,0,3,-3,15.58
fold2_room1_mix0376,80,4,0,-163,0,29.00
fold2_room1_mix0376,80,4,0,80,-5,9.64
fold2_room1_mix0376,80,4,0,-1,-2,17.42
fold2_room1_mix0376,81,4,0,-161,1,35.53
fold2_room1_mix0376,81,4,0,82,-6,9.36
fold2_room1_mix0376,81,4,0,14,-4,14.00
fold2_room1_mix0376,82,4,0,-166,1,34.21
fold2_room1_mix0376,82,4,0,86,-6,8.84
fold2_room1_mix0376,82,4,0,11,-2,18.32
fold2_room1_mix0376,83,4,0,-164,1,30.39
fold2_room1_mix0376,83,4,0,91,-6,8.17
fold2_room1_mix0376,83,4,0,3,-1,21.12
fold2_room1_mix0376,84,4,0,-174,2,34.03
fold2_room1_mix0376,84,4,0,92,-5,8.98
fold2_room1_mix0376,84,4,0,16,-2,19.38
fold2_room1_mix0376,85,4,0,179,1,31.69
fold2_room1_mix0376,85,4,0,97,-5,9.78
fold2_room1_mix0376,85,4,0,29,-3,19.36
fold2_room1_mix0376,86,4,0,178,1,30.56
fold2_room1_mix0376,86,4,0,101,-6,8.42
fold2_room1_mix0376,86,4,0,14,-1,23.79
fold2_room1_mix0376,87,4,0,179,1,32.58
fold2_room1_mix0376,87,4,0,104,-6,8.36
fold2_room1_mix0376,87,4,0,13,0,28.48
fold2_room1_mix0376,88,4,0,174,0,29.82
fold2_room1_mix0376,88,4,0,107,-5,8.98
fold2_room1_mix0376,88,4,0,17,0,27.48
fold2_room1_mix0376,89,4,0,172,0,27.40
fold2_room1_mix0376,89,4,0,112,-5,9.14
fold2_room1_mix0376,89,4,0,29,-1,23.64
fold2_room1_mix0376,90,4,0,159,-1,22.62
fold2_room1_mix0376,90,4,0,114,-4,9.81
fold2_room1_mix0376,90,4,0,37,-2,22.43
fold2_room1_mix0376,91,4,0,158,-1,21.52
fold2_room1_mix0376,91,4,0,118,-4,10.13
fold2_room1_mix0376,91,4,0,53,-3,19.18
fold2_room1_mix0376,92,4,0,148,-3,17.60
fold2_room1_mix0376,92,4,0,118,-4,10.50
fold2_room1_mix0376,92,4,0,38,-1,25.08
fold2_room1_mix0376,93,4,0,148,-3,17.03
fold2_room1_mix0376,93,4,0,121,-4,10.43
fold2_room1_mix0376,93,4,0,46,-2,22.01
fold2_room1_mix0376,94,4,0,158,-2,21.05
fold2_room1_mix0376,94,4,0,124,-4,10.49
fold2_room1_mix0376,94,4,0,22,0,29.77
fold2_room1_mix0376,95,4,0,157,-3,19.13
fold2_room1_mix0376,95,4,0,125,-4,10.67
fold2_room1_mix0376,95,4,0,57,-4,20.75
fold2_room1_mix0376,96,4,0,160,-3,18.55
fold2_room1_mix0376,96,4,0,126,-5,9.58
fold2_room1_mix0376,96,4,0,5,0,35.33
fold2_room1_mix0376,97,4,0,164,-1,23.76
fold2_room1_mix0376,97,4,0,129,-4,10.16
fold2_room1_mix0376,97,4,0,7,0,36.98
fold2_room1_mix0376,98,4,0,162,-2,21.81
fold2_room1_mix0376,98,4,0,131,-5,10.41
fold2_room1_mix0376,98,4,0,1,0,38.88
fold2_room1_mix0376,99,4,0,159,-2,19.76
fold2_room1_mix0376,99,4,0,134,-5,10.33
fold2_room1_mix0376,99,4,0,19,0,31.54
fold2_room1_mix0376,2,4,0,-7,1,2.61
fold2_room1_mix0377,64,4,0,3,0,5.43
fold2_room1_mix0377,65,4,0,4,0,7.51
fold2_room1_mix0377,66,4,0,1,-1,11.32
fold2_room1_mix0377,67,4,0,4,-1,9.38
fold2_room1_mix0377,68,4,0,1,-2,11.26
fold2_room1_mix0377,69,4,0,10,-3,13.25
fold2_room1_mix0377,70,4,0,7,-3,12.02
fold2_room1_mix0377,71,4,0,7,-3,11.19
fold2_room1_mix0377,72,4,0,6,-3,10.15
fold2_room1_mix0377,73,4,0,8,-3,10.42
fold2_room1_mix0377,74,4,0,8,-4,8.95
fold2_room1_mix0377,75,4,0,11,-4,7.99
fold2_room1_mix0377,76,4,0,11,-4,6.73
fold2_room1_mix0377,77,4,0,13,-5,6.12
fold2_room1_mix0377,78,4,0,15,-6,5.05
fold2_room1_mix0377,79,4,0,19,-7,3.91
fold2_room1_mix0377,80,4,0,22,-8,3.09
fold2_room1_mix0377,81,4,0,32,-11,2.31
fold2_room1_mix0377,82,4,0,42,-13,1.64
fold2_room1_mix0377,83,4,0,76,-17,1.29
fold2_room1_mix0377,84,4,0,126,-12,1.33
fold2_room1_mix0377,85,4,0,144,-6,1.92
fold2_room1_mix0377,86,4,0,159,-5,2.50
fold2_room1_mix0377,87,4,0,159,-4,3.34
fold2_room1_mix0377,88,4,0,163,-3,4.10
fold2_room1_mix0377,89,4,0,167,-3,4.99
fold2_room1_mix0377,90,4,0,171,-2,5.64
fold2_room1_mix0377,91,4,0,172,-2,6.76
fold2_room1_mix0377,92,4,0,173,-1,7.51
fold2_room1_mix0377,93,4,0,174,-1,8.48
fold2_room1_mix0377,94,4,0,174,-1,9.73
fold2_room1_mix0377,95,4,0,173,-1,10.61
fold2_room1_mix0377,96,4,0,174,-1,10.96
fold2_room1_mix0377,97,4,0,174,0,12.46
fold2_room1_mix0377,98,4,0,176,0,12.99
fold2_room1_mix0377,99,4,0,174,-1,12.92
fold2_room1_mix0378,3,4,0,-6,0,4.83
fold2_room1_mix0378,4,4,0,-6,-1,16.29
fold2_room1_mix0378,5,4,0,-7,-1,19.03
fold2_room1_mix0378,6,4,0,-8,-1,22.11
fold2_room1_mix0378,7,4,0,-8,-1,29.76
fold2_room1_mix0378,8,4,0,-11,-1,29.51
fold2_room1_mix0378,9,4,0,-10,-1,29.91
fold2_room1_mix0378,10,4,0,-9,-1,28.24
fold2_room1_mix0378,11,4,0,-10,-1,29.41
fold2_room1_mix0378,12,4,0,-10,-1,29.33
fold2_room1_mix0378,13,4,0,-10,-1,27.34
fold2_room1_mix0378,14,4,0,-10,-1,28.91
fold2_room1_mix0378,15,4,0,-11,-1,27.73
fold2_room1_mix0378,16,4,0,-12,-1,24.78
fold2_room1_mix0378,17,4,0,-13,-1,26.21
fold2_room1_mix0378,18,4,0,-13,-1,25.86
fold2_room1_mix0378,19,4,0,-13,-1,25.47
fold2_room1_mix0378,20,4,0,-14,-1,25.44
fold2_room1_mix0378,21,4,0,-16,-1,24.54
fold2_room1_mix0378,22,4,0,-15,0,24.28
fold2_room1_mix0378,23,4,0,-16,-1,22.51
fold2_room1_mix0378,24,4,0,-16,-1,22.73
fold2_room1_mix0378,25,4,0,-16,-1,23.61
fold2_room1_mix0378,26,4,0,-18,-1,22.72
fold2_room1_mix0378,27,4,0,-18,0,22.44
fold2_room1_mix0378,28,4,0,-17,-1,22.36
fold2_room1_mix0378,29,4,0,-19,-1,21.16
fold2_room1_mix0378,30,4,0,-19,-1,21.61
fold2_room1_mix0378,31,4,0,-19,-1,21.00
fold2_room1_mix0378,32,4,0,-20,-1,20.00
fold2_room1_mix0378,33,4,0,-20,-1,20.19
fold2_room1_mix0378,34,4,0,-22,-1,18.71
fold2_room1_mix0378,35,4,0,-23,-1,17.85
fold2_room1_mix0378,36,4,0,-23,-1,17.04
fold2_room1_mix0378,37,4,0,-26,-1,16.31
fold2_room1_mix0378,38,4,0,-25,-1,16.27
fold2_room1_mix0378,39,4,0,-26,-1,16.07
fold2_room1_mix0378,40,4,0,-27,-1,15.37
fold2_room1_mix0378,41,4,0,-28,-2,14.66
fold2_room1_mix0378,42,4,0,-31,-2,13.95
fold2_room1_mix0378,43,4,0,-31,-2,14.09
fold2_room1_mix0378,44,4,0,-31,-2,13.58
fold2_room1_mix0378,45,4,0,-31,-2,12.69
fold2_room1_mix0378,46,4,0,-33,-2,12.18
fold2_room1_mix0378,47,4,0,-35,-2,11.92
fold2_room1_mix0378,48,4,0,-37,-3,10.40
fold2_room1_mix0378,49,4,0,-37,-3,10.45
fold2_room1_mix0378,50,4,0,-38,-3,10.20
fold2_room1_mix0378,51,4,0,-40,-3,9.62
fold2_room1_mix0378,52,4,0,-41,-3,9.58
fold2_room1_mix0378,53,4,0,-44,-3,8.92
fold2_room1_mix0378,54,4,0,-45,-3,8.55
fold2_room1_mix0378,55,4,0,-48,-4,8.21
fold2_room1_mix0378,56,4,0,-50,-4,7.88
fold2_room1_mix0378,57,4,0,-52,-4,7.23
fold2_room1_mix0378,58,4,0,-55,-4,6.94
fold2_room1_mix0378,59,4,0,-57,-3,6.83
fold2_room1_mix0378,60,4,0,-60,-4,6.61
fold2_room1_mix0378,61,4,0,-65,-4,6.19
fold2_room1_mix0378,62,4,0,-70,-4,6.40
fold2_room1_mix0378,63,4,0,-75,-4,6.25
fold2_room1_mix0378,64,4,0,-82,-4,6.00
fold2_room1_mix0378,65,4,0,-86,-5,6.17
fold2_room1_mix0378,66,4,0,-90,-5,6.21
fold2_room1_mix0378,67,4,0,-95,-5,6.32
fold2_room1_mix0378,68,4,0,-101,-4,6.79
fold2_room1_mix0378,69,4,0,-107,-4,6.66
fold2_room1_mix0378,70,4,0,-112,-4,6.74
fold2_room1_mix0378,71,4,0,-116,-4,6.92
fold2_room1_mix0378,72,4,0,-120,-4,7.16
fold2_room1_mix0378,73,4,0,-123,-4,7.34
fold2_room1_mix0378,74,4,0,-126,-4,7.20
fold2_room1_mix0378,75,4,0,-128,-3,7.97
fold2_room1_mix0378,76,4,0,-131,-3,8.12
fold2_room1_mix0378,77,4,0,-133,-3,8.14
fold2_room1_mix0378,78,4,0,-136,-3,9.01
fold2_room1_mix0378,79,4,0,-139,-3,9.25
fold2_room1_mix0378,80,4,0,-139,-3,9.59
fold2_room1_mix0378,81,4,0,-141,-2,10.45
fold2_room1_mix0378,82,4,0,-142,-3,10.64
fold2_room1_mix0378,83,4,0,-143,-3,10.83
fold2_room1_mix0378,84,4,0,-144,-2,11.90
fold2_room1_mix0378,85,4,0,-144,-2,11.66
fold2_room1_mix0378,86,4,0,-147,-2,12.14
fold2_room1_mix0378,87,4,0,-147,-2,12.60
fold2_room1_mix0378,88,4,0,-148,-2,13.40
fold2_room1_mix0378,89,4,0,-149,-2,13.62
fold2_room1_mix0378,90,4,0,-149,-1,13.95
fold2_room1_mix0378,91,4,0,-151,-2,14.29
fold2_room1_mix0378,92,4,0,-152,-1,14.73
fold2_room1_mix0378,93,4,0,-152,-1,15.02
fold2_room1_mix0378,94,4,0,-153,-1,16.66
fold2_room1_mix0378,95,4,0,-153,-1,16.86
fold2_room1_mix0378,96,4,0,-153,-1,17.10
fold2_room1_mix0378,97,4,0,-155,-1,18.91
fold2_room1_mix0378,98,4,0,-155,-1,18.32
fold2_room1_mix0378,99,4,0,-156,-1,18.33
fold2_room1_mix0378,1,4,0,-10,-1,1.90
fold2_room1_mix0379,0,5,0,-159,4,2.67
fold2_room1_mix0379,1,5,0,-158,4,4.50
fold2_room1_mix0379,2,5,0,-155,4,5.28
fold2_room1_mix0379,3,4,0,-176,0,4.58
fold2_room1_mix0379,3,5,0,-142,4,6.03
fold2_room1_mix0379,4,4,0,-170,0,14.96
fold2_room1_mix0379,5,4,0,-176,1,6.72
fold2_room1_mix0379,5,5,0,-146,5,8.85
fold2_room1_mix0379,6,4,0,-179,0,9.36
fold2_room1_mix0379,6,5,0,-144,5,9.39
fold2_room1_mix0379,7,4,0,-178,0,18.05
fold2_room1_mix0379,7,5,0,-143,5,8.22
fold2_room1_mix0379,8,4,0,-175,0,29.05
fold2_room1_mix0379,8,5,0,-150,5,7.18
fold2_room1_mix0379,9,4,0,-173,0,28.92
fold2_room1_mix0379,9,5,0,-144,5,9.20
fold2_room1_mix0379,10,4,0,-176,0,24.62
fold2_room1_mix0379,10,5,0,-143,5,8.24
fold2_room1_mix0379,11,4,0,-174,0,27.85
fold2_room1_mix0379,11,5,0,-145,5,7.78
fold2_room1_mix0379,12,4,0,-175,0,27.11
fold2_room1_mix0379,12,5,0,-142,6,7.78
fold2_room1_mix0379,13,4,0,-173,0,29.65
fold2_room1_mix0379,13,5,0,-144,6,7.23
fold2_room1_mix0379,14,4,0,-173,0,28.80
fold2_room1_mix0379,14,5,0,-145,6,7.22
fold2_room1_mix0379,15,4,0,-174,0,28.03
fold2_room1_mix0379,15,5,0,-143,6,8.31
fold2_room1_mix0379,16,4,0,-173,0,27.07
fold2_room1_mix0379,16,5,0,-146,6,7.59
fold2_room1_mix0379,17,4,0,-172,0,28.77
fold2_room1_mix0379,17,5,0,-147,7,6.81
fold2_room1_mix0379,18,4,0,-171,0,26.53
fold2_room1_mix0379,18,5,0,-144,6,8.37
fold2_room1_mix0379,19,4,0,-172,0,27.32
fold2_room1_mix0379,19,5,0,-145,6,7.89
fold2_room1_mix0379,20,4,0,-172,0,27.55
fold2_room1_mix0379,20,5,0,-144,7,6.89
fold2_room1_mix0379,21,4,0,-173,0,26.08
fold2_room1_mix0379,21,5,0,-143,6,7.26
fold2_room1_mix0379,22,4,0,-173,0,26.23
fold2_room1_mix0379,22,5,0,-142,7,7.21
fold2_room1_mix0379,23,4,0,-172,-1,24.14
fold2_room1_mix0379,23,5,0,-142,7,6.99
fold2_room1_mix0379,24,4,0,-174,-1,24.77
fold2_room1_mix0379,24,5,0,-143,7,7.11
fold2_room1_mix0379,25,4,0,-172,-1,23.99
fold2_room1_mix0379,25,5,0,-142,7,7.39
fold2_room1_mix0379,26,4,0,-173,-1,23.82
fold2_room1_mix0379,26,5,0,-142,7,7.82
fold2_room1_mix0379,27,4,0,-172,-1,24.65
fold2_room1_mix0379,27,5,0,-143,7,7.43
fold2_room1_mix0379,28,4,0,-172,-1,23.60
fold2_room1_mix0379,28,5,0,-140,8,6.89
fold2_room1_mix0379,29,4,0,-173,-1,23.21
fold2_room1_mix0379,29,5,0,-139,7,7.40
fold2_room1_mix0379,30,4,0,-172,-1,22.45
fold2_room1_mix0379,30,5,0,-140,8,6.61
fold2_room1_mix0379,31,4,0,-173,-1,22.21
fold2_room1_mix0379,31,5,0,-137,7,7.11
fold2_room1_mix0379,32,4,0,-169,-1,21.30
fold2_room1_mix0379,32,5,0,-139,7,7.22
fold2_room1_mix0379,33,4,0,-170,-1,20.24
fold2_room1_mix0379,33,5,0,-138,7,7.69
fold2_room1_mix0379,34,1,0,149,-2,25.38
fold2_room1_mix0379,34,4,0,-174,-1,18.76
fold2_room1_mix0379,34,5,0,-138,7,7.23
fold2_room1_mix0379,35,1,0,153,-2,28.57
fold2_room1_mix0379,35,4,0,-175,-1,19.54
fold2_room1_mix0379,35,5,0,-137,7,7.40
fold2_room1_mix0379,36,1,0,168,-1,8.97
fold2_room1_mix0379,36,4,0,-171,-1,20.39
fold2_room1_mix0379,36,5,0,-140,7,7.09
fold2_room1_mix0379,37,1,0,156,-2,28.69
fold2_room1_mix0379,37,4,0,-171,-1,21.24
fold2_room1_mix0379,37,5,0,-134,8,6.66
fold2_room1_mix0379,38,1,0,156,-2,29.78
fold2_room1_mix0379,38,4,0,-175,-1,22.90
fold2_room1_mix0379,38,5,0,-136,7,6.65
fold2_room1_mix0379,39,1,0,156,-1,28.83
fold2_room1_mix0379,39,4,0,-171,-1,21.68
fold2_room1_mix0379,39,5,0,-139,7,6.96
fold2_room1_mix0379,40,1,0,154,-1,29.85
fold2_room1_mix0379,40,4,0,-171,-2,21.56
fold2_room1_mix0379,40,5,0,-128,8,6.18
fold2_room1_mix0379,41,1,0,157,-1,11.27
fold2_room1_mix0379,41,4,0,-169,-2,19.37
fold2_room1_mix0379,41,5,0,-134,7,7.03
fold2_room1_mix0379,42,1,0,153,-2,23.73
fold2_room1_mix0379,42,4,0,-167,-1,22.33
fold2_room1_mix0379,42,5,0,-133,7,6.96
fold2_room1_mix0379,43,1,0,151,-2,25.33
fold2_room1_mix0379,43,4,0,-176,-1,21.10
fold2_room1_mix0379,43,5,0,-131,7,6.65
fold2_room1_mix0379,44,1,0,150,-1,27.03
fold2_room1_mix0379,44,4,0,-171,-2,19.48
fold2_room1_mix0379,44,5,0,-134,7,6.76
fold2_room1_mix0379,45,1,0,153,-1,28.09
fold2_room1_mix0379,45,4,0,-168,-2,20.07
fold2_room1_mix0379,45,5,0,-132,7,6.63
fold2_room1_mix0379,46,1,0,151,-1,7.56
fold2_room1_mix0379,46,4,0,-165,-2,16.36
fold2_room1_mix0379,46,5,0,-126,7,7.19
fold2_room1_mix0379,47,1,0,149,-2,20.39
fold2_room1_mix0379,47,4,0,-168,-2,17.73
fold2_room1_mix0379,47,5,0,-128,7,7.29
fold2_room1_mix0379,48,1,0,149,-2,25.15
fold2_room1_mix0379,48,4,0,-173,-2,17.64
fold2_room1_mix0379,48,5,0,-131,8,6.67
fold2_room1_mix0379,49,1,0,144,-1,23.43
fold2_room1_mix0379,49,4,0,-165,-2,16.11
fold2_room1_mix0379,49,5,0,-127,8,6.99
fold2_room1_mix0379,50,1,0,149,-1,27.71
fold2_room1_mix0379,50,4,0,-166,-2,16.45
fold2_room1_mix0379,50,5,0,-127,7,6.83
fold2_room1_mix0379,51,4,0,-154,-4,9.85
fold2_room1_mix0379,51,5,0,-124,8,6.89
fold2_room1_mix0379,52,1,0,138,-2,22.85
fold2_room1_mix0379,52,4,0,-161,-3,12.38
fold2_room1_mix0379,52,5,0,-125,7,7.49
fold2_room1_mix0379,53,1,0,144,-2,23.57
fold2_room1_mix0379,53,4,0,-170,-3,11.58
fold2_room1_mix0379,53,5,0,-122,8,6.96
fold2_room1_mix0379,54,1,0,136,-2,21.93
fold2_room1_mix0379,54,4,0,-163,-4,10.14
fold2_room1_mix0379,54,5,0,-122,8,7.02
fold2_room1_mix0379,55,1,0,139,-2,23.56
fold2_room1_mix0379,55,4,0,-162,-4,11.15
fold2_room1_mix0379,55,5,0,-117,8,6.49
fold2_room1_mix0379,56,1,0,141,-1,4.17
fold2_room1_mix0379,56,4,0,-142,-9,4.77
fold2_room1_mix0379,56,5,0,-115,11,5.54
fold2_room1_mix0379,57,1,0,126,-2,17.87
fold2_room1_mix0379,57,4,0,-146,-6,6.86
fold2_room1_mix0379,57,5,0,-123,9,6.30
fold2_room1_mix0379,58,1,0,134,-2,17.02
fold2_room1_mix0379,58,4,0,-154,-6,7.84
fold2_room1_mix0379,58,5,0,-112,9,6.22
fold2_room1_mix0379,59,1,0,125,-2,17.94
fold2_room1_mix0379,59,4,0,-131,-9,5.74
fold2_room1_mix0379,59,5,0,-118,9,6.57
fold2_room1_mix0379,60,1,0,118,-2,15.99
fold2_room1_mix0379,60,4,0,-146,-7,8.13
fold2_room1_mix0379,60,4,0,-118,-11,6.33
fold2_room1_mix0379,60,5,0,-114,8,6.87
fold2_room1_mix0379,61,4,0,-86,-13,4.61
fold2_room1_mix0379,61,5,0,-114,7,6.82
fold2_room1_mix0379,62,1,0,102,-3,13.05
fold2_room1_mix0379,62,4,0,-68,-10,3.84
fold2_room1_mix0379,62,5,0,-120,7,7.12
fold2_room1_mix0379,63,1,0,100,-4,12.46
fold2_room1_mix0379,63,4,0,-64,-10,5.10
fold2_room1_mix0379,63,5,0,-120,6,7.79
fold2_room1_mix0379,64,1,0,99,-3,15.80
fold2_room1_mix0379,64,4,0,-57,-10,4.33
fold2_room1_mix0379,64,5,0,-121,6,7.40
fold2_room1_mix0379,65,1,0,94,-3,14.50
fold2_room1_mix0379,65,4,0,-57,-9,5.93
fold2_room1_mix0379,65,5,0,-119,7,7.28
fold2_room1_mix0379,66,1,0,103,-2,1.83
fold2_room1_mix0379,66,4,0,-41,-7,5.57
fold2_room1_mix0379,66,5,0,-103,7,7.26
fold2_room1_mix0379,67,1,0,70,-3,16.51
fold2_room1_mix0379,67,4,0,-43,-5,5.61
fold2_room1_mix0379,67,5,0,-113,6,7.26
fold2_room1_mix0379,68,1,0,72,-3,13.95
fold2_room1_mix0379,68,4,0,-40,-6,4.86
fold2_room1_mix0379,68,5,0,-125,6,7.62
fold2_room1_mix0379,69,1,0,63,-3,18.03
fold2_room1_mix0379,69,4,0,-39,-5,6.53
fold2_room1_mix0379,69,5,0,-108,6,7.93
fold2_room1_mix0379,70,1,0,60,-3,19.98
fold2_room1_mix0379,70,4,0,-37,-4,8.52
fold2_room1_mix0379,70,5,0,-114,7,6.84
fold2_room1_mix0379,71,1,0,89,-3,4.49
fold2_room1_mix0379,71,4,0,-23,-4,10.49
fold2_room1_mix0379,71,5,0,-99,7,7.68
fold2_room1_mix0379,72,4,0,-22,-4,11.74
fold2_room1_mix0379,72,5,0,-82,7,6.46
fold2_room1_mix0379,73,4,0,-21,-2,12.58
fold2_room1_mix0379,73,5,0,-122,7,6.17
fold2_room1_mix0379,74,4,0,-15,-2,10.46
fold2_room1_mix0379,74,5,0,-105,7,7.80
fold2_room1_mix0379,75,4,0,-17,-3,13.05
fold2_room1_mix0379,75,5,0,-87,9,5.80
fold2_room1_mix0379,76,4,0,-15,-2,12.70
fold2_room1_mix0379,76,5,0,-104,8,6.17
fold2_room1_mix0379,77,4,0,-12,-2,14.68
fold2_room1_mix0379,77,5,0,-89,8,6.02
fold2_room1_mix0379,78,4,0,-15,-2,15.32
fold2_room1_mix0379,78,5,0,-96,7,5.98
fold2_room1_mix0379,79,4,0,-14,-1,15.88
fold2_room1_mix0379,79,5,0,-86,8,5.95
fold2_room1_mix0379,80,4,0,-9,-2,17.41
fold2_room1_mix0379,80,5,0,-88,9,5.69
fold2_room1_mix0379,81,4,0,-9,-1,17.74
fold2_room1_mix0379,81,5,0,-89,9,4.94
fold2_room1_mix0379,82,4,0,-10,-1,17.92
fold2_room1_mix0379,82,5,0,-96,8,6.04
fold2_room1_mix0379,83,4,0,-9,-2,18.13
fold2_room1_mix0379,83,5,0,-86,10,5.31
fold2_room1_mix0379,84,4,0,-9,-1,18.59
fold2_room1_mix0379,84,5,0,-86,10,5.13
fold2_room1_mix0379,85,4,0,-7,-1,20.17
fold2_room1_mix0379,85,5,0,-84,9,5.54
fold2_room1_mix0379,86,4,0,-8,-1,20.72
fold2_room1_mix0379,86,5,0,-86,9,5.28
fold2_room1_mix0379,87,4,0,-9,-1,20.22
fold2_room1_mix0379,87,5,0,-80,9,5.37
fold2_room1_mix0379,88,4,0,-6,-1,22.30
fold2_room1_mix0379,88,5,0,-81,10,5.03
fold2_room1_mix0379,89,4,0,-9,-1,21.53
fold2_room1_mix0379,89,5,0,-78,10,4.90
fold2_room1_mix0379,90,4,0,-7,-1,21.91
fold2_room1_mix0379,90,5,0,-76,9,5.34
fold2_room1_mix0379,91,4,0,-7,-1,22.14
fold2_room1_mix0379,91,5,0,-77,10,4.98
fold2_room1_mix0379,92,4,0,-7,-1,23.45
fold2_room1_mix0379,92,5,0,-77,9,5.15
fold2_room1_mix0379,93,4,0,-6,-1,24.15
fold2_room1_mix0379,93,5,0,-77,9,5.37
fold2_room1_mix0379,94,4,0,-7,-1,23.52
fold2_room1_mix0379,94,5,0,-79,9,5.27
fold2_room1_mix0379,95,4,0,-5,-1,24.64
fold2_room1_mix0379,95,5,0,-77,10,4.95
fold2_room1_mix0379,96,4,0,-5,-1,25.62
fold2_room1_mix0379,96,5,0,-73,9,5.16
fold2_room1_mix0379,97,4,0,-4,-1,27.66
fold2_room1_mix0379,97,5,0,-78,9,5.24
fold2_room1_mix0379,98,4,0,-3,-1,28.78
fold2_room1_mix0379,98,5,0,-74,9,5.41
fold2_room1_mix0379,99,4,0,-5,-1,26.24
fold2_room1_mix0379,99,5,0,-73,9,5.68
fold2_room1_mix0380,4,4,0,-19,0,16.58
fold2_room1_mix0380,5,4,0,-16,0,15.05
fold2_room1_mix0380,6,4,0,-17,0,18.92
fold2_room1_mix0380,7,4,0,-16,0,29.52
fold2_room1_mix0380,8,4,0,-16,0,33.72
fold2_room1_mix0380,9,4,0,-19,0,30.72
fold2_room1_mix0380,10,4,0,-18,0,33.20
fold2_room1_mix0380,13,4,0,-162,1,43.14
fold2_room1_mix0380,13,4,0,-14,0,31.21
fold2_room1_mix0380,15,4,0,-164,1,44.74
fold2_room1_mix0380,15,4,0,-21,-1,25.93
fold2_room1_mix0380,15,4,0,-6,0,38.22
fold2_room1_mix0380,16,4,0,-151,1,40.82
fold2_room1_mix0380,16,4,0,-26,-1,24.50
fold2_room1_mix0380,16,4,0,-5,0,34.77
fold2_room1_mix0380,20,4,0,-134,0,39.23
fold2_room1_mix0380,20,4,0,-13,0,30.26
fold2_room1_mix0380,21,4,0,-43,-1,30.66
fold2_room1_mix0380,21,4,0,-10,0,30.31
fold2_room1_mix0380,22,4,0,-157,0,40.67
fold2_room1_mix0380,22,4,0,-30,-1,22.43
fold2_room1_mix0380,22,4,0,-8,0,34.11
fold2_room1_mix0380,23,4,0,-66,-2,25.55
fold2_room1_mix0380,23,4,0,-8,0,29.17
fold2_room1_mix0380,24,4,0,-48,-2,24.57
fold2_room1_mix0380,24,4,0,-13,0,29.37
fold2_room1_mix0380,25,4,0,-74,-1,26.48
fold2_room1_mix0380,25,4,0,-12,0,28.88
fold2_room1_mix0380,26,4,0,-46,-2,20.63
fold2_room1_mix0380,26,4,0,-12,0,28.72
fold2_room1_mix0380,27,4,0,-49,-2,20.92
fold2_room1_mix0380,27,4,0,-11,0,29.64
fold2_room1_mix0380,28,4,0,-50,-1,21.74
fold2_room1_mix0380,28,4,0,-8,0,27.73
fold2_room1_mix0380,29,4,0,-62,-1,20.52
fold2_room1_mix0380,29,4,0,-8,0,25.73
fold2_room1_mix0380,30,4,0,-62,-1,20.27
fold2_room1_mix0380,30,4,0,-9,0,26.43
fold2_room1_mix0380,31,4,0,-56,-1,18.10
fold2_room1_mix0380,31,4,0,-6,0,25.41
fold2_room1_mix0380,32,4,0,-58,-1,18.86
fold2_room1_mix0380,32,4,0,-7,0,24.57
fold2_room1_mix0380,33,4,0,-58,-1,18.70
fold2_room1_mix0380,33,4,0,-10,0,25.77
fold2_room1_mix0380,34,4,0,-57,-1,18.86
fold2_room1_mix0380,34,4,0,-10,0,23.27
fold2_room1_mix0380,35,4,0,-67,-1,18.13
fold2_room1_mix0380,35,4,0,-12,0,24.55
fold2_room1_mix0380,36,4,0,-68,-1,18.06
fold2_room1_mix0380,36,4,0,-10,0,24.40
fold2_room1_mix0380,37,4,0,-62,-1,17.48
fold2_room1_mix0380,37,4,0,-9,0,23.75
fold2_room1_mix0380,38,4,0,-69,-1,18.43
fold2_room1_mix0380,38,4,0,-10,0,22.27
fold2_room1_mix0380,39,4,0,-60,-1,17.73
fold2_room1_mix0380,39,4,0,-11,0,23.51
fold2_room1_mix0380,40,4,0,-68,-1,18.21
fold2_room1_mix0380,40,4,0,-15,0,22.52
fold2_room1_mix0380,41,4,0,-66,-2,17.41
fold2_room1_mix0380,41,4,0,-14,-1,21.05
fold2_room1_mix0380,42,4,0,-61,-1,16.59
fold2_room1_mix0380,42,4,0,-9,-1,20.31
fold2_room1_mix0380,43,4,0,-70,-1,16.98
fold2_room1_mix0380,43,4,0,-9,-1,18.82
fold2_room1_mix0380,44,4,0,-75,-2,16.22
fold2_room1_mix0380,44,4,0,-10,-1,19.40
fold2_room1_mix0380,45,4,0,-73,-1,15.99
fold2_room1_mix0380,45,4,0,-8,-1,18.65
fold2_room1_mix0380,46,4,0,-78,-1,15.80
fold2_room1_mix0380,46,4,0,-9,-1,18.11
fold2_room1_mix0380,47,4,0,-77,-1,15.28
fold2_room1_mix0380,47,4,0,-10,-1,16.87
fold2_room1_mix0380,48,4,0,-91,0,15.66
fold2_room1_mix0380,48,4,0,-11,-1,15.47
fold2_room1_mix0380,49,4,0,-80,-1,15.21
fold2_room1_mix0380,49,4,0,-9,-2,15.55
fold2_room1_mix0380,50,4,0,-90,-1,14.17
fold2_room1_mix0380,50,4,0,-1,-2,13.58
fold2_room1_mix0380,51,4,0,-83,-1,13.91
fold2_room1_mix0380,51,4,0,-1,-3,12.78
fold2_room1_mix0380,52,4,0,-89,-1,15.51
fold2_room1_mix0380,52,4,0,1,-3,11.99
fold2_room1_mix0380,53,4,0,-88,-2,13.22
fold2_room1_mix0380,53,4,0,6,-3,11.48
fold2_room1_mix0380,54,4,0,-100,-1,14.78
fold2_room1_mix0380,54,4,0,10,-5,9.90
fold2_room1_mix0380,55,4,0,-99,0,14.57
fold2_room1_mix0380,55,4,0,13,-5,8.35
fold2_room1_mix0380,56,4,0,-101,-1,13.38
fold2_room1_mix0380,56,4,0,18,-6,7.86
fold2_room1_mix0380,57,4,0,-111,-1,11.84
fold2_room1_mix0380,57,4,0,21,-7,6.58
fold2_room1_mix0380,58,4,0,-111,-1,13.32
fold2_room1_mix0380,58,4,0,21,-7,6.46
fold2_room1_mix0380,59,4,0,-111,-1,10.65
fold2_room1_mix0380,59,4,0,25,-8,5.29
fold2_room1_mix0380,60,4,0,-112,0,12.81
fold2_room1_mix0380,60,4,0,27,-8,4.67
fold2_room1_mix0380,61,4,0,-110,0,12.66
fold2_room1_mix0380,61,4,0,44,-9,3.72
fold2_room1_mix0380,61,4,0,17,-8,4.86
fold2_room1_mix0380,62,4,0,-114,0,13.33
fold2_room1_mix0380,62,4,0,50,-10,3.22
fold2_room1_mix0380,62,4,0,21,-10,4.39
fold2_room1_mix0380,63,4,0,-110,0,14.89
fold2_room1_mix0380,63,4,0,57,-13,3.07
fold2_room1_mix0380,63,4,0,41,-12,4.22
fold2_room1_mix0380,64,4,0,-109,1,18.78
fold2_room1_mix0380,64,4,0,66,-13,3.98
fold2_room1_mix0380,65,4,0,-114,2,19.50
fold2_room1_mix0380,65,4,0,86,-14,3.89
fold2_room1_mix0380,66,4,0,-119,1,21.56
fold2_room1_mix0380,66,4,0,102,-15,4.54
fold2_room1_mix0380,67,4,0,-121,1,20.35
fold2_room1_mix0380,67,4,0,116,-11,4.62
fold2_room1_mix0380,68,4,0,-146,-4,10.11
fold2_room1_mix0380,68,4,0,127,-10,3.45
fold2_room1_mix0380,68,4,0,-114,-2,11.99
fold2_room1_mix0380,69,4,0,-178,-6,9.08
fold2_room1_mix0380,69,4,0,137,-7,4.38
fold2_room1_mix0380,69,4,0,-112,-2,11.98
fold2_room1_mix0380,70,4,0,-172,-5,9.96
fold2_room1_mix0380,70,4,0,143,-7,5.18
fold2_room1_mix0380,70,4,0,-106,-2,12.64
fold2_room1_mix0380,71,4,0,161,-5,8.25
fold2_room1_mix0380,71,4,0,144,-6,5.90
fold2_room1_mix0380,71,4,0,-114,0,16.36
fold2_room1_mix0380,72,4,0,166,-5,8.97
fold2_room1_mix0380,72,4,0,150,-5,6.69
fold2_room1_mix0380,72,4,0,-113,0,16.40
fold2_room1_mix0380,73,4,0,159,-5,8.34
fold2_room1_mix0380,73,4,0,-115,0,16.58
fold2_room1_mix0380,74,4,0,162,-4,9.00
fold2_room1_mix0380,74,4,0,-113,0,16.99
fold2_room1_mix0380,75,4,0,160,-4,9.25
fold2_room1_mix0380,75,4,0,-117,0,17.23
fold2_room1_mix0380,76,4,0,165,-4,9.74
fold2_room1_mix0380,76,4,0,-115,0,18.06
fold2_room1_mix0380,77,4,0,163,-3,10.21
fold2_room1_mix0380,77,4,0,-117,0,18.98
fold2_room1_mix0380,78,4,0,162,-3,10.92
fold2_room1_mix0380,78,4,0,-116,0,18.65
fold2_room1_mix0380,79,4,0,163,-3,10.58
fold2_room1_mix0380,79,4,0,-120,0,18.71
fold2_room1_mix0380,80,4,0,163,-3,11.72
fold2_room1_mix0380,80,4,0,-125,0,18.29
fold2_room1_mix0380,81,4,0,163,-2,12.47
fold2_room1_mix0380,81,4,0,-119,0,17.88
fold2_room1_mix0380,82,4,0,167,-2,12.80
fold2_room1_mix0380,82,4,0,-121,0,17.40
fold2_room1_mix0380,83,4,0,167,-1,13.96
fold2_room1_mix0380,83,4,0,-123,0,17.04
fold2_room1_mix0380,84,4,0,170,-1,16.24
fold2_room1_mix0380,84,4,0,-125,0,18.05
fold2_room1_mix0380,85,4,0,169,-1,16.90
fold2_room1_mix0380,85,4,0,-128,-1,17.12
fold2_room1_mix0380,86,4,0,170,-1,17.17
fold2_room1_mix0380,86,4,0,-125,-1,18.00
fold2_room1_mix0380,87,4,0,171,0,17.30
fold2_room1_mix0380,87,4,0,-128,0,18.51
fold2_room1_mix0380,88,4,0,170,-1,19.64
fold2_room1_mix0380,88,4,0,-133,-1,18.92
fold2_room1_mix0380,89,4,0,172,0,20.56
fold2_room1_mix0380,89,4,0,-131,-1,19.34
fold2_room1_mix0380,90,4,0,173,0,21.53
fold2_room1_mix0380,90,4,0,-134,-1,20.61
fold2_room1_mix0380,91,4,0,172,-1,21.73
fold2_room1_mix0380,91,4,0,-141,-1,21.29
fold2_room1_mix0380,92,4,0,175,-1,21.32
fold2_room1_mix0380,92,4,0,-137,-1,21.53
fold2_room1_mix0380,93,4,0,174,0,22.50
fold2_room1_mix0380,93,4,0,-142,-1,21.53
fold2_room1_mix0380,94,4,0,174,0,24.05
fold2_room1_mix0380,94,4,0,-144,0,23.03
fold2_room1_mix0380,95,4,0,175,0,24.64
fold2_room1_mix0380,95,4,0,-143,-1,22.32
fold2_room1_mix0380,96,4,0,175,0,26.20
fold2_room1_mix0380,96,4,0,-147,0,23.55
fold2_room1_mix0380,97,4,0,176,0,27.93
fold2_room1_mix0380,97,4,0,-146,0,24.60
fold2_room1_mix0380,98,4,0,176,0,25.59
fold2_room1_mix0380,98,4,0,-148,-1,23.90
fold2_room1_mix0380,99,4,0,176,0,26.07
fold2_room1_mix0380,99,4,0,-151,0,24.65
fold2_room1_mix0380,11,4,0,-17,0,33.97
fold2_room1_mix0380,12,4,0,-13,0,31.70
fold2_room1_mix0380,14,4,0,-16,0,32.42
fold2_room1_mix0380,17,4,0,-25,-1,25.90
fold2_room1_mix0380,17,4,0,-9,0,34.23
fold2_room1_mix0380,18,4,0,-16,-1,29.25
fold2_room1_mix0380,19,4,0,-14,0,29.87
fold2_room1_mix0381,0,5,0,-95,3,7.99
fold2_room1_mix0381,1,5,0,-95,3,17.63
fold2_room1_mix0381,2,5,0,-103,4,12.15
fold2_room1_mix0381,3,5,0,-88,3,16.05
fold2_room1_mix0381,4,4,0,174,2,3.53
fold2_room1_mix0381,4,5,0,-100,3,24.95
fold2_room1_mix0381,5,4,0,175,1,5.73
fold2_room1_mix0381,5,5,0,-94,5,15.57
fold2_room1_mix0381,6,4,0,178,1,3.72
fold2_room1_mix0381,6,5,0,-96,3,24.62
fold2_room1_mix0381,7,4,0,175,0,11.94
fold2_room1_mix0381,7,5,0,-96,3,24.43
fold2_room1_mix0381,8,4,0,175,0,7.76
fold2_room1_mix0381,8,5,0,-97,4,16.16
fold2_room1_mix0381,9,4,0,178,0,19.26
fold2_room1_mix0381,9,5,0,-97,4,17.66
fold2_room1_mix0381,10,4,0,175,0,18.97
fold2_room1_mix0381,10,5,0,-96,4,18.18
fold2_room1_mix0381,11,4,0,179,0,21.72
fold2_room1_mix0381,11,5,0,-92,4,17.59
fold2_room1_mix0381,12,4,0,177,0,23.29
fold2_room1_mix0381,12,5,0,-90,4,16.95
fold2_room1_mix0381,13,4,0,177,0,22.33
fold2_room1_mix0381,13,5,0,-94,5,13.51
fold2_room1_mix0381,14,4,0,176,0,24.08
fold2_room1_mix0381,14,5,0,-95,4,19.93
fold2_room1_mix0381,15,4,0,177,0,22.76
fold2_room1_mix0381,15,5,0,-96,5,16.39
fold2_room1_mix0381,16,4,0,179,0,22.92
fold2_room1_mix0381,16,5,0,-93,5,16.62
fold2_room1_mix0381,17,4,0,178,0,22.30
fold2_room1_mix0381,17,5,0,-96,5,17.75
fold2_room1_mix0381,18,4,0,-179,0,21.64
fold2_room1_mix0381,18,5,0,-98,5,16.32
fold2_room1_mix0381,19,4,0,-176,-1,22.33
fold2_room1_mix0381,19,5,0,-91,4,20.19
fold2_room1_mix0381,20,4,0,-174,0,23.10
fold2_room1_mix0381,20,5,0,-96,4,20.12
fold2_room1_mix0381,21,4,0,-175,0,22.06
fold2_room1_mix0381,21,5,0,-92,5,14.26
fold2_room1_mix0381,22,4,0,-176,-1,20.90
fold2_room1_mix0381,22,5,0,-97,4,18.96
fold2_room1_mix0381,23,4,0,-173,-1,20.58
fold2_room1_mix0381,23,5,0,-101,5,17.20
fold2_room1_mix0381,24,4,0,-170,-1,20.81
fold2_room1_mix0381,24,5,0,-98,5,16.19
fold2_room1_mix0381,25,4,0,-172,-1,20.61
fold2_room1_mix0381,25,5,0,-95,4,18.55
fold2_room1_mix0381,26,4,0,-171,-1,19.94
fold2_room1_mix0381,26,5,0,-94,4,17.77
fold2_room1_mix0381,27,4,0,-172,0,19.61
fold2_room1_mix0381,27,4,0,-149,0,25.11
fold2_room1_mix0381,27,5,0,-100,4,16.40
fold2_room1_mix0381,28,4,0,-170,-1,21.71
fold2_room1_mix0381,28,5,0,-98,4,17.04
fold2_room1_mix0381,29,4,0,-174,-1,18.95
fold2_room1_mix0381,29,5,0,-100,5,14.94
fold2_room1_mix0381,30,4,0,-174,-1,19.61
fold2_room1_mix0381,30,5,0,-97,4,17.83
fold2_room1_mix0381,31,4,0,-171,-1,18.01
fold2_room1_mix0381,31,4,0,-142,-2,23.07
fold2_room1_mix0381,31,5,0,-100,4,19.90
fold2_room1_mix0381,32,4,0,-168,-2,18.00
fold2_room1_mix0381,32,4,0,-137,-2,22.25
fold2_room1_mix0381,32,5,0,-102,4,19.27
fold2_room1_mix0381,33,4,0,-169,-1,17.74
fold2_room1_mix0381,33,5,0,-98,4,19.18
fold2_room1_mix0381,34,4,0,-172,-2,17.82
fold2_room1_mix0381,34,5,0,-98,4,17.85
fold2_room1_mix0381,35,4,0,-173,-2,17.96
fold2_room1_mix0381,35,4,0,-44,-2,23.06
fold2_room1_mix0381,35,5,0,-96,3,20.43
fold2_room1_mix0381,36,4,0,-171,-1,18.24
fold2_room1_mix0381,36,4,0,-30,0,25.35
fold2_room1_mix0381,36,5,0,-97,4,19.01
fold2_room1_mix0381,37,4,0,-166,-2,16.15
fold2_room1_mix0381,37,4,0,-30,0,27.15
fold2_room1_mix0381,37,5,0,-101,4,15.71
fold2_room1_mix0381,38,4,0,-168,-2,16.97
fold2_room1_mix0381,38,4,0,-23,0,25.71
fold2_room1_mix0381,38,5,0,-98,3,20.53
fold2_room1_mix0381,39,4,0,-170,-2,15.25
fold2_room1_mix0381,39,4,0,-30,0,25.78
fold2_room1_mix0381,39,5,0,-100,3,19.48
fold2_room1_mix0381,40,4,0,-170,-2,15.12
fold2_room1_mix0381,40,4,0,-29,0,27.61
fold2_room1_mix0381,40,5,0,-98,4,14.83
fold2_room1_mix0381,41,4,0,-167,-2,14.65
fold2_room1_mix0381,41,4,0,-26,0,27.15
fold2_room1_mix0381,41,5,0,-98,4,17.77
fold2_room1_mix0381,42,4,0,-167,-2,14.38
fold2_room1_mix0381,42,4,0,-26,0,26.92
fold2_room1_mix0381,42,5,0,-100,4,17.30
fold2_room1_mix0381,43,4,0,-171,-2,15.04
fold2_room1_mix0381,43,4,0,-31,0,26.96
fold2_room1_mix0381,43,5,0,-101,4,16.48
fold2_room1_mix0381,44,4,0,-170,-3,14.57
fold2_room1_mix0381,44,4,0,-30,0,27.28
fold2_room1_mix0381,44,5,0,-97,3,18.25
fold2_room1_mix0381,45,4,0,-168,-3,13.55
fold2_room1_mix0381,45,4,0,-36,0,24.06
fold2_room1_mix0381,45,5,0,-101,4,15.41
fold2_room1_mix0381,46,4,0,-168,-3,13.76
fold2_room1_mix0381,46,4,0,-32,0,25.64
fold2_room1_mix0381,46,5,0,-104,4,16.94
fold2_room1_mix0381,47,4,0,-167,-3,12.52
fold2_room1_mix0381,47,4,0,-35,0,23.60
fold2_room1_mix0381,47,5,0,-102,3,17.40
fold2_room1_mix0381,48,4,0,-165,-3,12.25
fold2_room1_mix0381,48,4,0,-36,-1,22.22
fold2_room1_mix0381,48,5,0,-101,4,16.25
fold2_room1_mix0381,49,4,0,-162,-3,12.42
fold2_room1_mix0381,49,4,0,-32,0,22.65
fold2_room1_mix0381,49,5,0,-97,4,15.75
fold2_room1_mix0381,50,4,0,-161,-3,11.09
fold2_room1_mix0381,50,4,0,-137,-3,11.84
fold2_room1_mix0381,50,4,0,-23,-1,20.20
fold2_room1_mix0381,50,5,0,-103,4,15.67
fold2_room1_mix0381,51,4,0,-165,-3,10.94
fold2_room1_mix0381,51,4,0,-142,-2,12.74
fold2_room1_mix0381,51,4,0,-17,-1,19.52
fold2_room1_mix0381,51,5,0,-103,3,17.71
fold2_room1_mix0381,52,4,0,-171,-4,10.09
fold2_room1_mix0381,52,4,0,-120,-1,13.81
fold2_room1_mix0381,52,4,0,-10,-1,19.05
fold2_room1_mix0381,52,5,0,-102,3,17.84
fold2_room1_mix0381,53,4,0,-166,-4,8.76
fold2_room1_mix0381,53,4,0,-118,-1,12.06
fold2_room1_mix0381,53,4,0,-13,-2,16.28
fold2_room1_mix0381,53,5,0,-102,5,14.29
fold2_room1_mix0381,54,4,0,-166,-4,9.15
fold2_room1_mix0381,54,4,0,-92,-2,13.41
fold2_room1_mix0381,54,4,0,-19,-1,17.31
fold2_room1_mix0381,54,5,0,-108,4,16.33
fold2_room1_mix0381,55,4,0,-165,-3,9.29
fold2_room1_mix0381,55,4,0,-99,-2,12.00
fold2_room1_mix0381,55,4,0,-7,-2,14.88
fold2_room1_mix0381,55,5,0,-109,4,18.57
fold2_room1_mix0381,56,4,0,-163,-4,8.40
fold2_room1_mix0381,56,4,0,-103,-2,11.29
fold2_room1_mix0381,56,4,0,-12,-2,14.91
fold2_room1_mix0381,56,5,0,-105,4,16.66
fold2_room1_mix0381,57,4,0,-154,-5,8.41
fold2_room1_mix0381,57,4,0,-106,-3,11.41
fold2_room1_mix0381,57,4,0,-10,-2,16.24
fold2_room1_mix0381,57,5,0,-102,4,17.96
fold2_room1_mix0381,58,4,0,-154,-5,7.82
fold2_room1_mix0381,58,4,0,-76,-3,10.46
fold2_room1_mix0381,58,4,0,-18,-2,13.18
fold2_room1_mix0381,58,5,0,-110,4,17.87
fold2_room1_mix0381,59,4,0,-157,-4,8.65
fold2_room1_mix0381,59,4,0,-100,-2,11.00
fold2_room1_mix0381,59,4,0,-10,-3,11.99
fold2_room1_mix0381,59,5,0,-114,3,17.03
fold2_room1_mix0381,60,4,0,-152,-4,7.57
fold2_room1_mix0381,60,4,0,-78,-3,10.26
fold2_room1_mix0381,60,4,0,-4,-3,11.16
fold2_room1_mix0381,60,5,0,-107,4,18.75
fold2_room1_mix0381,61,4,0,-151,-4,8.06
fold2_room1_mix0381,61,4,0,-82,-4,8.55
fold2_room1_mix0381,61,4,0,2,-4,9.19
fold2_room1_mix0381,61,5,0,-103,4,15.55
fold2_room1_mix0381,62,4,0,-147,-3,8.29
fold2_room1_mix0381,62,4,0,-54,-4,9.19
fold2_room1_mix0381,62,4,0,6,-3,10.54
fold2_room1_mix0381,62,5,0,-113,3,18.06
fold2_room1_mix0381,63,4,0,-151,-3,8.37
fold2_room1_mix0381,63,4,0,-64,-3,9.41
fold2_room1_mix0381,63,4,0,8,-4,8.58
fold2_room1_mix0381,63,5,0,-113,4,17.75
fold2_room1_mix0381,64,4,0,-148,-3,9.16
fold2_room1_mix0381,64,4,0,-62,-4,8.98
fold2_room1_mix0381,64,4,0,15,-5,8.16
fold2_room1_mix0381,64,5,0,-110,3,18.98
fold2_room1_mix0381,65,4,0,-147,-3,9.57
fold2_room1_mix0381,65,4,0,-66,-5,9.15
fold2_room1_mix0381,65,4,0,19,-5,8.62
fold2_room1_mix0381,65,5,0,-110,3,17.62
fold2_room1_mix0381,66,4,0,-137,-2,8.59
fold2_room1_mix0381,66,4,0,-2,-9,5.60
fold2_room1_mix0381,66,4,0,13,-5,8.04
fold2_room1_mix0381,66,5,0,-114,3,17.05
fold2_room1_mix0381,67,4,0,-146,-3,8.03
fold2_room1_mix0381,67,4,0,-72,-5,7.13
fold2_room1_mix0381,67,4,0,24,-7,5.42
fold2_room1_mix0381,67,5,0,-113,3,20.43
fold2_room1_mix0381,68,4,0,-150,-4,7.11
fold2_room1_mix0381,68,4,0,-90,-5,6.55
fold2_room1_mix0381,68,4,0,27,-8,4.74
fold2_room1_mix0381,68,5,0,-109,4,19.39
fold2_room1_mix0381,69,4,0,-139,-2,8.03
fold2_room1_mix0381,69,4,0,-90,-8,6.19
fold2_room1_mix0381,69,4,0,43,-10,3.76
fold2_room1_mix0381,69,5,0,-110,4,18.02
fold2_room1_mix0381,70,4,0,-129,-1,6.37
fold2_room1_mix0381,70,4,0,77,-17,2.17
fold2_room1_mix0381,70,4,0,57,-12,3.46
fold2_room1_mix0381,70,5,0,-112,3,20.69
fold2_room1_mix0381,71,4,0,-130,-1,7.36
fold2_room1_mix0381,71,4,0,91,-10,3.36
fold2_room1_mix0381,71,5,0,-109,4,20.33
fold2_room1_mix0381,72,4,0,-132,-5,4.96
fold2_room1_mix0381,72,4,0,109,-11,3.25
fold2_room1_mix0381,72,5,0,-109,4,17.40
fold2_room1_mix0381,73,4,0,-121,0,6.57
fold2_room1_mix0381,73,4,0,135,-10,3.04
fold2_room1_mix0381,73,4,0,102,-9,4.04
fold2_room1_mix0381,73,5,0,-109,4,18.29
fold2_room1_mix0381,74,4,0,-115,0,5.80
fold2_room1_mix0381,74,4,0,147,-8,3.20
fold2_room1_mix0381,74,4,0,109,-7,3.73
fold2_room1_mix0381,74,5,0,-109,4,18.02
fold2_room1_mix0381,75,4,0,-126,-5,4.61
fold2_room1_mix0381,75,4,0,155,-8,3.79
fold2_room1_mix0381,75,5,0,-112,4,18.95
fold2_room1_mix0381,76,4,0,-141,-6,3.94
fold2_room1_mix0381,76,4,0,147,-7,3.32
fold2_room1_mix0381,76,4,0,-99,-3,6.63
fold2_room1_mix0381,76,5,0,-111,3,20.65
fold2_room1_mix0381,77,4,0,-143,-9,4.05
fold2_room1_mix0381,77,4,0,-114,-6,6.79
fold2_room1_mix0381,77,5,0,-106,4,17.76
fold2_room1_mix0381,78,4,0,-155,-8,3.39
fold2_room1_mix0381,78,4,0,-130,-6,4.71
fold2_room1_mix0381,78,4,0,-78,-3,7.95
fold2_room1_mix0381,78,5,0,-113,3,20.31
fold2_room1_mix0381,79,4,0,-175,-9,3.69
fold2_room1_mix0381,79,4,0,-109,-6,4.02
fold2_room1_mix0381,79,4,0,-74,-4,7.61
fold2_room1_mix0381,79,5,0,-114,3,18.81
fold2_room1_mix0381,80,4,0,-164,-7,4.54
fold2_room1_mix0381,80,4,0,-103,-6,4.53
fold2_room1_mix0381,80,4,0,-80,-6,6.54
fold2_room1_mix0381,80,5,0,-113,3,19.47
fold2_room1_mix0381,81,4,0,-161,-5,5.55
fold2_room1_mix0381,81,4,0,-96,-6,4.39
fold2_room1_mix0381,81,4,0,-76,-5,6.02
fold2_room1_mix0381,81,5,0,-112,3,17.66
fold2_room1_mix0381,82,4,0,-152,-7,5.16
fold2_room1_mix0381,82,4,0,-93,-7,3.65
fold2_room1_mix0381,82,4,0,-45,-2,9.80
fold2_room1_mix0381,82,5,0,-117,3,17.13
fold2_room1_mix0381,83,4,0,-167,-4,7.06
fold2_room1_mix0381,83,4,0,-86,-7,4.05
fold2_room1_mix0381,83,4,0,-53,-3,8.71
fold2_room1_mix0381,83,5,0,-113,3,20.96
fold2_room1_mix0381,84,4,0,-172,-2,8.31
fold2_room1_mix0381,84,4,0,-75,-7,4.10
fold2_room1_mix0381,84,4,0,-55,-3,7.14
fold2_room1_mix0381,84,5,0,-112,3,18.07
fold2_room1_mix0381,85,4,0,-178,-1,10.77
fold2_room1_mix0381,85,4,0,-69,-7,4.36
fold2_room1_mix0381,85,4,0,-46,-3,9.19
fold2_room1_mix0381,85,5,0,-111,3,16.35
fold2_room1_mix0381,86,4,0,-165,-1,10.05
fold2_room1_mix0381,86,4,0,-62,-6,4.88
fold2_room1_mix0381,86,4,0,-41,-4,6.80
fold2_room1_mix0381,86,5,0,-113,3,18.58
fold2_room1_mix0381,87,4,0,-167,-1,11.46
fold2_room1_mix0381,87,4,0,-62,-6,5.32
fold2_room1_mix0381,87,4,0,-43,-3,7.02
fold2_room1_mix0381,87,5,0,-109,3,18.35
fold2_room1_mix0381,88,4,0,-174,-2,13.77
fold2_room1_mix0381,88,4,0,-58,-7,5.41
fold2_room1_mix0381,88,4,0,-40,-4,7.66
fold2_room1_mix0381,88,5,0,-108,3,16.54
fold2_room1_mix0381,89,4,0,-169,-1,12.92
fold2_room1_mix0381,89,4,0,-52,-6,5.80
fold2_room1_mix0381,89,4,0,-31,-4,7.85
fold2_room1_mix0381,89,5,0,-108,3,17.99
fold2_room1_mix0381,90,4,0,-169,-1,13.41
fold2_room1_mix0381,90,4,0,-49,-7,4.83
fold2_room1_mix0381,90,4,0,-23,-2,10.81
fold2_room1_mix0381,90,5,0,-109,3,17.28
fold2_room1_mix0381,91,4,0,-166,-2,14.94
fold2_room1_mix0381,91,4,0,-51,-7,5.99
fold2_room1_mix0381,91,4,0,-29,-3,9.93
fold2_room1_mix0381,91,5,0,-109,3,17.24
fold2_room1_mix0381,92,4,0,-168,-1,15.34
fold2_room1_mix0381,92,4,0,-47,-6,6.96
fold2_room1_mix0381,92,4,0,-21,-2,11.23
fold2_room1_mix0381,92,5,0,-114,3,17.61
fold2_room1_mix0381,93,4,0,-164,-1,15.38
fold2_room1_mix0381,93,4,0,-45,-5,7.05
fold2_room1_mix0381,93,4,0,-19,-1,13.20
fold2_room1_mix0381,93,5,0,-113,4,15.19
fold2_room1_mix0381,94,4,0,-165,-1,17.63
fold2_room1_mix0381,94,4,0,-45,-6,7.23
fold2_room1_mix0381,94,4,0,-23,-2,12.51
fold2_room1_mix0381,94,5,0,-112,3,16.27
fold2_room1_mix0381,95,4,0,-166,-2,16.87
fold2_room1_mix0381,95,4,0,-39,-6,7.68
fold2_room1_mix0381,95,4,0,-22,-2,12.43
fold2_room1_mix0381,95,5,0,-118,3,17.20
fold2_room1_mix0381,96,4,0,-167,-2,17.52
fold2_room1_mix0381,96,4,0,-38,-5,8.99
fold2_room1_mix0381,96,4,0,-15,-2,13.21
fold2_room1_mix0381,96,5,0,-116,3,17.77
fold2_room1_mix0381,97,4,0,-162,-2,16.61
fold2_room1_mix0381,97,4,0,-38,-6,8.22
fold2_room1_mix0381,97,4,0,-19,-2,13.02
fold2_room1_mix0381,97,5,0,-118,3,16.96
fold2_room1_mix0381,98,4,0,-158,-3,15.20
fold2_room1_mix0381,98,4,0,-32,-6,7.40
fold2_room1_mix0381,98,4,0,-16,-2,13.91
fold2_room1_mix0381,98,5,0,-115,3,15.73
fold2_room1_mix0381,99,4,0,-168,-1,19.02
fold2_room1_mix0381,99,4,0,-37,-4,9.05
fold2_room1_mix0381,99,4,0,-14,-1,13.32
fold2_room1_mix0381,99,5,0,-118,3,17.92
fold2_room1_mix0383,12,4,0,19,0,7.60
fold2_room1_mix0383,13,4,0,18,-1,14.31
fold2_room1_mix0383,14,4,0,26,-1,16.10
fold2_room1_mix0383,15,4,0,27,-2,18.45
fold2_room1_mix0383,17,4,0,179,-2,18.72
fold2_room1_mix0383,17,4,0,29,-2,19.35
fold2_room1_mix0383,18,4,0,173,-2,16.77
fold2_room1_mix0383,18,4,0,31,-1,18.38
fold2_room1_mix0383,19,4,0,175,-3,15.11
fold2_room1_mix0383,19,4,0,158,-2,17.74
fold2_room1_mix0383,19,4,0,26,0,18.83
fold2_room1_mix0383,20,4,0,174,-3,18.09
fold2_room1_mix0383,20,4,0,21,-1,18.65
fold2_room1_mix0383,21,4,0,176,-1,16.67
fold2_room1_mix0383,21,4,0,27,-1,17.03
fold2_room1_mix0383,22,4,0,-177,-2,16.19
fold2_room1_mix0383,22,4,0,41,-4,15.53
fold2_room1_mix0383,22,4,0,25,-2,17.17
fold2_room1_mix0383,23,4,0,-178,-2,18.09
fold2_room1_mix0383,23,4,0,41,-4,16.59
fold2_room1_mix0383,23,4,0,23,-2,19.71
fold2_room1_mix0383,24,4,0,-179,-2,18.69
fold2_room1_mix0383,24,4,0,34,-3,15.86
fold2_room1_mix0383,25,4,0,179,-2,15.39
fold2_room1_mix0383,25,4,0,43,-2,15.65
fold2_room1_mix0383,25,4,0,27,-1,16.51
fold2_room1_mix0383,26,4,0,-177,-3,18.39
fold2_room1_mix0383,26,4,0,44,-3,18.25
fold2_room1_mix0383,26,4,0,25,-2,20.29
fold2_room1_mix0383,27,4,0,-178,-2,15.49
fold2_room1_mix0383,27,4,0,45,-3,14.57
fold2_room1_mix0383,27,4,0,26,-1,16.89
fold2_room1_mix0383,28,4,0,179,-3,16.04
fold2_room1_mix0383,28,4,0,38,-2,18.77
fold2_room1_mix0383,29,4,0,-178,-3,13.12
fold2_room1_mix0383,29,4,0,51,-2,13.73
fold2_room1_mix0383,29,4,0,22,-2,16.98
fold2_room1_mix0383,30,4,0,178,-4,13.19
fold2_room1_mix0383,30,4,0,51,-4,11.52
fold2_room1_mix0383,30,4,0,31,-3,13.61
fold2_room1_mix0383,31,4,0,-178,-3,13.92
fold2_room1_mix0383,31,4,0,55,-4,13.91
fold2_room1_mix0383,31,4,0,34,-2,15.72
fold2_room1_mix0383,32,4,0,-178,-3,9.69
fold2_room1_mix0383,32,4,0,52,-2,13.50
fold2_room1_mix0383,32,4,0,27,-1,13.50
fold2_room1_mix0383,33,1,0,118,-4,22.67
fold2_room1_mix0383,33,4,0,-176,-4,8.06
fold2_room1_mix0383,33,4,0,55,-2,11.67
fold2_room1_mix0383,33,4,0,28,-2,11.83
fold2_room1_mix0383,34,4,0,176,-4,10.63
fold2_room1_mix0383,34,4,0,56,-3,11.47
fold2_room1_mix0383,34,4,0,32,-4,11.15
fold2_room1_mix0383,35,4,0,-178,-5,7.78
fold2_room1_mix0383,35,4,0,51,-3,10.43
fold2_room1_mix0383,35,4,0,34,-4,9.21
fold2_room1_mix0383,36,0,0,176,0,89.47
fold2_room1_mix0383,36,1,0,137,-3,20.50
fold2_room1_mix0383,36,4,0,-177,-4,8.90
fold2_room1_mix0383,36,4,0,67,-3,11.16
fold2_room1_mix0383,36,4,0,39,-2,11.99
fold2_room1_mix0383,37,0,0,176,0,4.60
fold2_room1_mix0383,37,1,0,134,-4,18.75
fold2_room1_mix0383,37,4,0,-177,-5,8.05
fold2_room1_mix0383,37,4,0,68,-2,11.84
fold2_room1_mix0383,37,4,0,35,-4,9.84
fold2_room1_mix0383,38,4,0,-177,-5,6.76
fold2_room1_mix0383,38,4,0,72,-3,8.71
fold2_room1_mix0383,38,4,0,38,-4,8.20
fold2_room1_mix0383,39,0,0,177,0,2.82
fold2_room1_mix0383,39,4,0,175,-6,7.73
fold2_room1_mix0383,39,4,0,60,-4,9.35
fold2_room1_mix0383,39,4,0,34,-5,8.41
fold2_room1_mix0383,40,4,0,169,-5,7.68
fold2_room1_mix0383,40,4,0,76,-4,9.47
fold2_room1_mix0383,40,4,0,30,-5,7.34
fold2_room1_mix0383,41,0,0,177,0,7.18
fold2_room1_mix0383,41,1,0,169,-3,13.71
fold2_room1_mix0383,41,4,0,178,-5,5.46
fold2_room1_mix0383,41,4,0,80,-5,7.16
fold2_room1_mix0383,41,4,0,32,-4,6.91
fold2_room1_mix0383,42,0,0,174,0,84.68
fold2_room1_mix0383,42,1,0,165,-3,15.65
fold2_room1_mix0383,42,4,0,171,-6,7.31
fold2_room1_mix0383,42,4,0,77,-5,7.51
fold2_room1_mix0383,42,4,0,30,-6,5.26
fold2_room1_mix0383,43,0,0,175,0,9.05
fold2_room1_mix0383,43,1,0,165,-3,13.53
fold2_room1_mix0383,43,4,0,164,-7,4.61
fold2_room1_mix0383,43,4,0,66,-3,7.70
fold2_room1_mix0383,43,4,0,31,-5,6.01
fold2_room1_mix0383,44,4,0,168,-7,4.77
fold2_room1_mix0383,44,4,0,56,-4,6.52
fold2_room1_mix0383,44,4,0,22,-8,4.16
fold2_room1_mix0383,45,0,0,175,0,9.07
fold2_room1_mix0383,45,4,0,148,-9,4.39
fold2_room1_mix0383,45,4,0,63,-6,6.97
fold2_room1_mix0383,45,4,0,26,-13,2.90
fold2_room1_mix0383,46,0,0,172,0,41.29
fold2_room1_mix0383,46,4,0,132,-9,5.90
fold2_room1_mix0383,46,4,0,54,-8,6.49
fold2_room1_mix0383,46,4,0,32,-16,2.24
fold2_room1_mix0383,47,0,0,173,0,32.33
fold2_room1_mix0383,47,4,0,130,-12,5.32
fold2_room1_mix0383,47,4,0,79,-16,4.94
fold2_room1_mix0383,47,4,0,42,-23,1.43
fold2_room1_mix0383,48,0,0,176,0,7.32
fold2_room1_mix0383,48,4,0,151,-20,2.95
fold2_room1_mix0383,48,4,0,113,-20,3.72
fold2_room1_mix0383,48,4,0,79,-32,1.42
fold2_room1_mix0383,49,0,0,176,0,19.29
fold2_room1_mix0383,49,4,0,168,-8,5.92
fold2_room1_mix0383,49,4,0,137,-17,3.44
fold2_room1_mix0383,50,0,0,174,0,2.64
fold2_room1_mix0383,50,4,0,164,-11,4.22
fold2_room1_mix0383,50,4,0,141,-9,4.11
fold2_room1_mix0383,50,4,0,126,-18,3.17
fold2_room1_mix0383,51,0,0,176,0,2.69
fold2_room1_mix0383,51,4,0,174,-12,4.20
fold2_room1_mix0383,51,4,0,143,-11,4.35
fold2_room1_mix0383,52,0,0,174,0,127.12
fold2_room1_mix0383,52,4,0,-161,-11,4.32
fold2_room1_mix0383,52,4,0,160,-10,4.50
fold2_room1_mix0383,52,4,0,139,-11,4.14
fold2_room1_mix0383,53,4,0,-166,-10,3.88
fold2_room1_mix0383,53,4,0,165,-8,5.12
fold2_room1_mix0383,53,4,0,148,-9,5.90
fold2_room1_mix0383,54,4,0,-177,-7,6.18
fold2_room1_mix0383,54,4,0,147,-3,8.35
fold2_room1_mix0383,54,4,0,-142,-12,3.96
fold2_room1_mix0383,55,0,0,178,0,3.79
fold2_room1_mix0383,55,4,0,168,-5,7.42
fold2_room1_mix0383,55,4,0,148,-3,8.71
fold2_room1_mix0383,55,4,0,-136,-13,2.76
fold2_room1_mix0383,56,4,0,155,-3,8.61
fold2_room1_mix0383,56,4,0,-122,-20,2.27
fold2_room1_mix0383,57,4,0,156,-3,9.24
fold2_room1_mix0383,57,4,0,-109,-19,2.45
fold2_room1_mix0383,58,4,0,166,-3,9.31
fold2_room1_mix0383,58,4,0,146,0,13.40
fold2_room1_mix0383,58,4,0,-93,-17,2.15
fold2_room1_mix0383,59,4,0,170,-2,10.12
fold2_room1_mix0383,59,4,0,147,0,12.84
fold2_room1_mix0383,59,4,0,-73,-17,2.03
fold2_room1_mix0383,60,4,0,163,-2,10.80
fold2_room1_mix0383,60,4,0,146,0,14.30
fold2_room1_mix0383,60,4,0,-59,-13,2.31
fold2_room1_mix0383,61,4,0,168,-2,11.90
fold2_room1_mix0383,61,4,0,152,-1,13.14
fold2_room1_mix0383,61,4,0,-51,-13,2.98
fold2_room1_mix0383,62,4,0,166,-2,11.89
fold2_room1_mix0383,62,4,0,151,0,13.61
fold2_room1_mix0383,62,4,0,-42,-11,3.18
fold2_room1_mix0383,63,4,0,158,0,13.33
fold2_room1_mix0383,63,4,0,-36,-8,4.00
fold2_room1_mix0383,64,4,0,164,-2,12.35
fold2_room1_mix0383,64,4,0,-32,-8,4.71
fold2_room1_mix0383,65,4,0,165,-2,12.84
fold2_room1_mix0383,65,4,0,-26,-6,5.01
fold2_room1_mix0383,66,4,0,162,-2,11.69
fold2_room1_mix0383,66,4,0,-26,-6,4.99
fold2_room1_mix0383,67,4,0,161,-1,11.41
fold2_room1_mix0383,67,4,0,-26,-5,5.12
fold2_room1_mix0383,68,4,0,162,-2,11.83
fold2_room1_mix0383,68,4,0,-25,-5,5.85
fold2_room1_mix0383,69,4,0,165,-2,11.38
fold2_room1_mix0383,69,4,0,-22,-4,5.79
fold2_room1_mix0383,70,4,0,162,-1,12.83
fold2_room1_mix0383,70,4,0,-23,-4,6.60
fold2_room1_mix0383,71,4,0,161,-1,12.19
fold2_room1_mix0383,71,4,0,-19,-3,7.69
fold2_room1_mix0383,72,4,0,160,-3,10.48
fold2_room1_mix0383,72,4,0,-15,-4,8.15
fold2_room1_mix0383,73,4,0,163,-2,11.19
fold2_room1_mix0383,73,4,0,-13,-4,7.75
fold2_room1_mix0383,74,4,0,163,-2,12.86
fold2_room1_mix0383,74,4,0,-13,-3,9.19
fold2_room1_mix0383,78,4,0,-8,-2,11.08
fold2_room1_mix0383,79,4,0,-9,-2,11.70
fold2_room1_mix0383,80,4,0,-10,-2,12.97
fold2_room1_mix0383,81,4,0,-8,-2,12.73
fold2_room1_mix0383,82,4,0,-7,-2,12.94
fold2_room1_mix0383,83,4,0,-7,-2,12.73
fold2_room1_mix0383,84,4,0,-9,-2,12.88
fold2_room1_mix0383,85,4,0,-5,-2,12.43
fold2_room1_mix0383,86,4,0,-5,-2,11.46
fold2_room1_mix0383,87,4,0,-6,-1,12.92
fold2_room1_mix0383,88,4,0,-4,-2,10.54
fold2_room1_mix0383,11,4,0,21,1,5.75
fold2_room1_mix0383,16,4,0,23,-2,17.66
fold2_room1_mix0383,75,4,0,-12,-3,9.64
fold2_room1_mix0383,76,4,0,-13,-3,10.36
fold2_room1_mix0383,77,4,0,-9,-2,11.12
fold2_room1_mix0384,2,4,0,-177,1,3.04
fold2_room1_mix0384,2,4,0,-2,1,2.51
fold2_room1_mix0384,3,4,0,-177,1,12.09
fold2_room1_mix0384,3,4,0,-2,0,9.38
fold2_room1_mix0384,4,4,0,-178,0,20.09
fold2_room1_mix0384,4,4,0,0,-1,14.52
fold2_room1_mix0384,5,4,0,-178,0,24.54
fold2_room1_mix0384,5,4,0,-1,-1,15.78
fold2_room1_mix0384,6,4,0,-177,0,25.77
fold2_room1_mix0384,6,4,0,0,-1,17.42
fold2_room1_mix0384,7,4,0,-179,0,39.53
fold2_room1_mix0384,7,4,0,1,-1,25.98
fold2_room1_mix0384,8,4,0,-178,0,40.75
fold2_room1_mix0384,8,4,0,1,-1,27.06
fold2_room1_mix0384,9,4,0,-178,0,40.72
fold2_room1_mix0384,9,4,0,0,-1,24.93
fold2_room1_mix0384,10,4,0,-179,0,37.50
fold2_room1_mix0384,10,4,0,0,-1,24.67
fold2_room1_mix0384,11,4,0,-179,0,38.19
fold2_room1_mix0384,11,4,0,0,-1,25.00
fold2_room1_mix0384,12,4,0,-179,0,39.84
fold2_room1_mix0384,12,4,0,0,-1,24.91
fold2_room1_mix0384,13,4,0,-179,0,39.86
fold2_room1_mix0384,13,4,0,0,-1,23.67
fold2_room1_mix0384,14,4,0,-178,0,40.46
fold2_room1_mix0384,14,4,0,1,-1,24.45
fold2_room1_mix0384,15,4,0,-176,0,39.07
fold2_room1_mix0384,15,4,0,0,-1,23.64
fold2_room1_mix0384,16,4,0,-176,0,36.80
fold2_room1_mix0384,16,4,0,0,-2,21.50
fold2_room1_mix0384,17,4,0,-177,0,39.82
fold2_room1_mix0384,17,4,0,0,-2,21.70
fold2_room1_mix0384,18,4,0,-177,0,37.85
fold2_room1_mix0384,18,4,0,0,-2,20.22
fold2_room1_mix0384,19,4,0,-175,0,34.75
fold2_room1_mix0384,19,4,0,0,-2,18.27
fold2_room1_mix0384,20,4,0,-175,0,37.02
fold2_room1_mix0384,20,4,0,0,-3,19.15
fold2_room1_mix0384,21,4,0,-173,0,34.35
fold2_room1_mix0384,21,4,0,0,-3,17.94
fold2_room1_mix0384,22,4,0,-175,0,34.30
fold2_room1_mix0384,22,4,0,-1,-3,16.80
fold2_room1_mix0384,23,4,0,-175,0,34.34
fold2_room1_mix0384,23,4,0,-1,-3,16.43
fold2_room1_mix0384,24,4,0,-175,0,34.59
fold2_room1_mix0384,24,4,0,-1,-3,16.75
fold2_room1_mix0384,25,4,0,-174,0,33.36
fold2_room1_mix0384,25,4,0,-1,-3,16.69
fold2_room1_mix0384,26,4,0,-175,0,32.81
fold2_room1_mix0384,26,4,0,-2,-3,14.80
fold2_room1_mix0384,27,4,0,-176,0,34.04
fold2_room1_mix0384,27,4,0,-2,-3,13.91
fold2_room1_mix0384,28,4,0,-176,0,31.60
fold2_room1_mix0384,28,4,0,-2,-3,13.98
fold2_room1_mix0384,29,4,0,-176,0,31.95
fold2_room1_mix0384,29,4,0,-3,-3,12.73
fold2_room1_mix0384,30,4,0,-176,0,31.67
fold2_room1_mix0384,30,4,0,-3,-3,12.65
fold2_room1_mix0384,31,4,0,-176,0,31.06
fold2_room1_mix0384,31,4,0,-4,-4,12.12
fold2_room1_mix0384,32,4,0,-176,0,28.73
fold2_room1_mix0384,32,4,0,-5,-4,11.20
fold2_room1_mix0384,33,4,0,-177,0,28.98
fold2_room1_mix0384,33,4,0,-4,-4,11.18
fold2_room1_mix0384,34,4,0,-176,0,28.49
fold2_room1_mix0384,34,4,0,-5,-4,10.41
fold2_room1_mix0384,35,4,0,-176,0,27.99
fold2_room1_mix0384,35,4,0,-6,-5,9.17
fold2_room1_mix0384,36,4,0,-176,0,29.76
fold2_room1_mix0384,36,4,0,-7,-5,8.98
fold2_room1_mix0384,37,4,0,-175,0,29.23
fold2_room1_mix0384,37,4,0,-9,-5,8.42
fold2_room1_mix0384,38,4,0,-175,0,30.63
fold2_room1_mix0384,38,4,0,-7,-5,8.48
fold2_room1_mix0384,39,4,0,-174,0,32.40
fold2_room1_mix0384,39,4,0,-11,-6,7.29
fold2_room1_mix0384,40,4,0,-174,0,30.98
fold2_room1_mix0384,40,4,0,-13,-7,6.72
fold2_room1_mix0384,41,4,0,-174,0,32.77
fold2_room1_mix0384,41,4,0,-13,-7,6.88
fold2_room1_mix0384,42,4,0,-174,1,35.10
fold2_room1_mix0384,42,4,0,-17,-8,5.47
fold2_room1_mix0384,43,4,0,-174,1,35.93
fold2_room1_mix0384,43,4,0,-20,-9,4.35
fold2_room1_mix0384,44,4,0,-174,2,38.18
fold2_room1_mix0384,44,4,0,-21,-9,4.65
fold2_room1_mix0384,45,4,0,-175,3,38.00
fold2_room1_mix0384,45,4,0,-23,-9,3.89
fold2_room1_mix0384,46,4,0,-176,2,40.04
fold2_room1_mix0384,46,4,0,-26,-10,3.62
fold2_room1_mix0384,47,4,0,-175,2,34.48
fold2_room1_mix0384,47,4,0,-33,-12,2.65
fold2_room1_mix0384,48,4,0,-172,1,32.00
fold2_room1_mix0384,48,4,0,-42,-15,2.05
fold2_room1_mix0384,49,4,0,-172,1,31.37
fold2_room1_mix0384,49,4,0,-72,-26,1.16
fold2_room1_mix0384,49,4,0,-49,-17,2.44
fold2_room1_mix0384,50,4,0,-171,0,29.48
fold2_room1_mix0384,50,4,0,-106,-24,1.26
fold2_room1_mix0384,50,4,0,-73,-20,2.21
fold2_room1_mix0384,51,4,0,-171,0,24.71
fold2_room1_mix0384,51,4,0,-128,-19,1.48
fold2_room1_mix0384,51,4,0,-102,-18,2.17
fold2_room1_mix0384,52,4,0,-173,0,24.35
fold2_room1_mix0384,52,4,0,-136,-14,2.34
fold2_room1_mix0384,53,4,0,-169,-1,19.57
fold2_room1_mix0384,53,4,0,-144,-12,2.67
fold2_room1_mix0384,54,4,0,-170,-1,19.41
fold2_room1_mix0384,54,4,0,-150,-11,3.09
fold2_room1_mix0384,55,4,0,-171,-1,16.86
fold2_room1_mix0384,55,4,0,-156,-8,3.52
fold2_room1_mix0384,56,4,0,-162,-6,8.09
fold2_room1_mix0384,57,4,0,-165,-5,8.63
fold2_room1_mix0384,58,4,0,-167,-4,9.37
fold2_room1_mix0384,59,4,0,-166,-5,8.52
fold2_room1_mix0384,60,4,0,-167,-4,9.20
fold2_room1_mix0384,61,4,0,-167,-4,9.29
fold2_room1_mix0384,62,4,0,-168,-3,10.53
fold2_room1_mix0384,63,4,0,-166,-2,10.62
fold2_room1_mix0384,64,4,0,-167,-2,10.96
fold2_room1_mix0384,65,4,0,-167,-2,11.26
fold2_room1_mix0384,66,4,0,-167,-1,12.63
fold2_room1_mix0384,67,4,0,-171,-2,9.95
fold2_room1_mix0384,67,4,0,-132,0,15.83
fold2_room1_mix0384,68,4,0,-173,-2,11.00
fold2_room1_mix0384,68,4,0,-135,0,16.30
fold2_room1_mix0384,69,4,0,-173,-1,11.51
fold2_room1_mix0384,69,4,0,-132,-1,15.67
fold2_room1_mix0384,70,4,0,-173,-1,11.75
fold2_room1_mix0384,70,4,0,-131,0,15.98
fold2_room1_mix0384,71,4,0,-175,-1,12.39
fold2_room1_mix0384,71,4,0,-123,0,16.67
fold2_room1_mix0384,72,4,0,-174,-1,13.61
fold2_room1_mix0384,72,4,0,-116,-2,15.18
fold2_room1_mix0384,73,4,0,-175,-2,12.82
fold2_room1_mix0384,73,4,0,-111,-1,16.31
fold2_room1_mix0384,74,4,0,-176,-1,14.20
fold2_room1_mix0384,74,4,0,-114,-1,15.77
fold2_room1_mix0384,75,4,0,-176,-2,13.19
fold2_room1_mix0384,75,4,0,-112,-1,16.24
fold2_room1_mix0384,76,4,0,-178,-1,15.84
fold2_room1_mix0384,76,4,0,-110,-3,14.30
fold2_room1_mix0384,77,4,0,-179,-1,15.68
fold2_room1_mix0384,77,4,0,-110,-2,14.51
fold2_room1_mix0384,78,4,0,-179,-1,16.57
fold2_room1_mix0384,78,4,0,-109,-3,14.71
fold2_room1_mix0384,79,4,0,-179,-1,17.23
fold2_room1_mix0384,79,4,0,-106,-3,13.75
fold2_room1_mix0384,80,4,0,-179,0,17.75
fold2_room1_mix0384,80,4,0,-101,-3,14.35
fold2_room1_mix0384,81,4,0,179,-1,18.48
fold2_room1_mix0384,81,4,0,-100,-3,13.86
fold2_room1_mix0384,82,4,0,179,0,20.47
fold2_room1_mix0384,82,4,0,-91,-3,14.09
fold2_room1_mix0384,83,4,0,-179,-1,19.68
fold2_room1_mix0384,83,4,0,-85,-3,14.54
fold2_room1_mix0384,84,4,0,178,0,22.21
fold2_room1_mix0384,84,4,0,-83,-3,15.26
fold2_room1_mix0384,85,4,0,-179,-1,21.20
fold2_room1_mix0384,85,4,0,-76,-3,14.74
fold2_room1_mix0384,86,4,0,-179,0,22.10
fold2_room1_mix0384,86,4,0,-68,-3,15.69
fold2_room1_mix0384,87,4,0,-179,0,22.66
fold2_room1_mix0384,87,4,0,-64,-3,15.70
fold2_room1_mix0384,88,4,0,-178,0,22.79
fold2_room1_mix0384,88,4,0,-65,-2,16.71
fold2_room1_mix0384,89,4,0,-176,-1,22.09
fold2_room1_mix0384,89,4,0,-56,-2,17.99
fold2_room1_mix0384,90,4,0,-177,0,24.26
fold2_room1_mix0384,90,4,0,-52,-2,18.67
fold2_room1_mix0384,91,4,0,-175,-1,22.79
fold2_room1_mix0384,91,4,0,-49,-1,19.80
fold2_room1_mix0384,92,4,0,-167,0,24.27
fold2_room1_mix0384,92,4,0,-38,-1,22.44
fold2_room1_mix0384,93,4,0,-175,0,28.35
fold2_room1_mix0384,93,4,0,-36,0,23.21
fold2_room1_mix0384,94,4,0,-173,0,28.78
fold2_room1_mix0384,94,4,0,-37,0,24.14
fold2_room1_mix0384,95,4,0,-173,0,28.84
fold2_room1_mix0384,95,4,0,-34,0,23.95
fold2_room1_mix0384,96,4,0,-171,0,27.19
fold2_room1_mix0384,96,4,0,-25,0,21.84
fold2_room1_mix0384,97,4,0,-171,0,30.72
fold2_room1_mix0384,97,4,0,-27,-1,23.92
fold2_room1_mix0384,98,4,0,-170,0,29.79
fold2_room1_mix0384,98,4,0,-21,-1,23.23
fold2_room1_mix0384,99,4,0,-170,0,27.66
fold2_room1_mix0384,99,4,0,-19,-1,22.43
fold2_room1_mix0384,1,4,0,-4,0,2.05
fold2_room1_mix0385,4,4,0,-15,0,11.26
fold2_room1_mix0385,10,4,0,-7,-1,21.38
fold2_room1_mix0385,11,4,0,-8,0,20.43
fold2_room1_mix0385,12,4,0,-10,-1,26.87
fold2_room1_mix0385,14,4,0,-6,-1,32.59
fold2_room1_mix0385,15,4,0,-6,-1,29.43
fold2_room1_mix0385,16,4,0,-7,-1,28.20
fold2_room1_mix0385,17,4,0,-9,-1,29.78
fold2_room1_mix0385,18,4,0,-6,-1,28.35
fold2_room1_mix0385,19,4,0,-6,-1,26.92
fold2_room1_mix0385,20,4,0,-11,-1,28.65
fold2_room1_mix0385,21,4,0,-6,-1,26.83
fold2_room1_mix0385,22,4,0,-6,-1,27.35
fold2_room1_mix0385,23,4,0,-7,-1,23.70
fold2_room1_mix0385,24,4,0,-6,-1,26.60
fold2_room1_mix0385,25,4,0,-15,-1,26.50
fold2_room1_mix0385,25,4,0,0,-1,26.58
fold2_room1_mix0385,26,4,0,-17,-1,24.77
fold2_room1_mix0385,26,4,0,1,-1,24.73
fold2_room1_mix0385,27,4,0,-18,-1,24.77
fold2_room1_mix0385,27,4,0,-1,-1,25.75
fold2_room1_mix0385,28,4,0,-23,0,25.98
fold2_room1_mix0385,28,4,0,0,-1,24.79
fold2_room1_mix0385,29,4,0,-19,0,26.00
fold2_room1_mix0385,29,4,0,1,-1,25.07
fold2_room1_mix0385,30,4,0,-23,0,25.94
fold2_room1_mix0385,30,4,0,4,-1,24.31
fold2_room1_mix0385,31,4,0,-20,-1,24.28
fold2_room1_mix0385,31,4,0,0,-1,23.11
fold2_room1_mix0385,32,4,0,-28,0,22.00
fold2_room1_mix0385,32,4,0,3,-1,21.03
fold2_room1_mix0385,33,4,0,-28,0,21.22
fold2_room1_mix0385,33,4,0,6,-1,21.78
fold2_room1_mix0385,34,4,0,-24,0,20.51
fold2_room1_mix0385,34,4,0,4,-2,19.44
fold2_room1_mix0385,35,4,0,-35,0,19.60
fold2_room1_mix0385,35,4,0,6,-1,18.44
fold2_room1_mix0385,36,4,0,-28,-1,18.66
fold2_room1_mix0385,36,4,0,4,-1,17.87
fold2_room1_mix0385,37,4,0,-28,-1,18.41
fold2_room1_mix0385,37,4,0,8,-1,19.31
fold2_room1_mix0385,38,4,0,-33,-1,17.58
fold2_room1_mix0385,38,4,0,5,-1,18.78
fold2_room1_mix0385,39,4,0,-39,-1,17.02
fold2_room1_mix0385,39,4,0,8,-1,18.58
fold2_room1_mix0385,40,4,0,-32,-1,17.78
fold2_room1_mix0385,40,4,0,7,-1,18.88
fold2_room1_mix0385,41,4,0,-41,0,16.69
fold2_room1_mix0385,41,4,0,11,-2,15.83
fold2_room1_mix0385,42,4,0,-44,0,16.10
fold2_room1_mix0385,42,4,0,8,-1,14.80
fold2_room1_mix0385,43,4,0,-59,0,15.96
fold2_room1_mix0385,43,4,0,6,-2,14.07
fold2_room1_mix0385,44,4,0,-42,0,15.81
fold2_room1_mix0385,44,4,0,7,-2,13.26
fold2_room1_mix0385,45,4,0,-36,0,16.16
fold2_room1_mix0385,45,4,0,9,-2,13.20
fold2_room1_mix0385,46,4,0,-35,0,16.13
fold2_room1_mix0385,46,4,0,8,-3,11.27
fold2_room1_mix0385,47,4,0,-40,0,16.17
fold2_room1_mix0385,47,4,0,8,-3,11.10
fold2_room1_mix0385,48,4,0,-34,-1,13.98
fold2_room1_mix0385,48,4,0,10,-3,10.07
fold2_room1_mix0385,49,4,0,-45,-1,13.72
fold2_room1_mix0385,49,4,0,9,-3,10.40
fold2_room1_mix0385,50,4,0,-43,-1,14.33
fold2_room1_mix0385,50,4,0,9,-4,9.10
fold2_room1_mix0385,51,4,0,-49,0,15.23
fold2_room1_mix0385,51,4,0,8,-4,8.60
fold2_room1_mix0385,52,4,0,-50,-2,12.96
fold2_room1_mix0385,52,4,0,7,-4,9.77
fold2_room1_mix0385,53,4,0,-43,-1,13.58
fold2_room1_mix0385,53,4,0,11,-5,7.23
fold2_room1_mix0385,54,4,0,-39,-1,13.01
fold2_room1_mix0385,54,4,0,9,-5,7.15
fold2_room1_mix0385,55,4,0,-40,-1,13.81
fold2_room1_mix0385,55,4,0,9,-6,5.56
fold2_room1_mix0385,56,4,0,-37,-2,13.14
fold2_room1_mix0385,56,4,0,5,-8,4.66
fold2_room1_mix0385,57,4,0,-27,-4,10.00
fold2_room1_mix0385,57,4,0,3,-8,4.50
fold2_room1_mix0385,58,4,0,-39,-5,10.83
fold2_room1_mix0385,58,4,0,9,-13,2.92
fold2_room1_mix0385,58,4,0,-8,-9,4.76
fold2_room1_mix0385,59,4,0,-50,-14,8.46
fold2_room1_mix0385,59,4,0,-8,-19,3.98
fold2_room1_mix0385,60,4,0,-140,-49,3.58
fold2_room1_mix0385,60,4,0,-81,-54,1.27
fold2_room1_mix0385,60,4,0,-9,-12,13.07
fold2_room1_mix0385,61,4,0,-159,-35,2.41
fold2_room1_mix0385,61,4,0,-9,-13,9.19
fold2_room1_mix0385,62,4,0,-163,-17,3.15
fold2_room1_mix0385,62,4,0,24,-14,4.77
fold2_room1_mix0385,63,4,0,-151,-12,3.98
fold2_room1_mix0385,63,4,0,-167,-27,2.89
fold2_room1_mix0385,63,4,0,42,-21,2.62
fold2_room1_mix0385,64,4,0,-143,-7,5.34
fold2_room1_mix0385,64,4,0,148,-19,2.57
fold2_room1_mix0385,64,4,0,61,-19,2.71
fold2_room1_mix0385,65,4,0,-150,-6,5.10
fold2_room1_mix0385,65,4,0,128,-11,2.72
fold2_room1_mix0385,65,4,0,70,-16,2.90
fold2_room1_mix0385,66,4,0,-160,-5,5.93
fold2_room1_mix0385,66,4,0,123,-14,1.80
fold2_room1_mix0385,67,4,0,-159,-5,6.15
fold2_room1_mix0385,67,4,0,137,-11,3.11
fold2_room1_mix0385,68,4,0,-149,-2,8.05
fold2_room1_mix0385,68,4,0,160,-7,4.90
fold2_room1_mix0385,69,4,0,-172,-6,6.08
fold2_room1_mix0385,69,4,0,156,-8,3.67
fold2_room1_mix0385,69,4,0,-147,-4,9.19
fold2_room1_mix0385,70,4,0,-175,-4,7.41
fold2_room1_mix0385,70,4,0,158,-6,4.69
fold2_room1_mix0385,70,4,0,-133,-3,10.26
fold2_room1_mix0385,71,4,0,-175,-2,8.31
fold2_room1_mix0385,71,4,0,159,-6,4.96
fold2_room1_mix0385,71,4,0,-119,-2,13.72
fold2_room1_mix0385,72,4,0,-177,-2,9.10
fold2_room1_mix0385,72,4,0,164,-6,5.40
fold2_room1_mix0385,72,4,0,-122,-1,14.57
fold2_room1_mix0385,73,4,0,-178,-2,9.37
fold2_room1_mix0385,73,4,0,165,-5,5.80
fold2_room1_mix0385,73,4,0,-123,-2,12.90
fold2_room1_mix0385,74,4,0,-176,-2,8.93
fold2_room1_mix0385,74,4,0,166,-6,5.30
fold2_room1_mix0385,74,4,0,-120,-2,13.34
fold2_room1_mix0385,75,4,0,-176,-2,10.65
fold2_room1_mix0385,75,4,0,166,-5,6.41
fold2_room1_mix0385,75,4,0,-113,-1,14.30
fold2_room1_mix0385,76,4,0,172,-3,8.84
fold2_room1_mix0385,76,4,0,-126,-1,14.54
fold2_room1_mix0385,77,4,0,174,-2,10.65
fold2_room1_mix0385,77,4,0,-116,-2,13.14
fold2_room1_mix0385,78,4,0,173,-2,11.26
fold2_room1_mix0385,78,4,0,-120,-1,13.97
fold2_room1_mix0385,79,4,0,174,-2,11.96
fold2_room1_mix0385,79,4,0,-116,-2,13.72
fold2_room1_mix0385,80,4,0,175,-2,12.76
fold2_room1_mix0385,80,4,0,-120,-2,14.20
fold2_room1_mix0385,81,4,0,176,-2,13.55
fold2_room1_mix0385,81,4,0,-117,-1,14.29
fold2_room1_mix0385,82,4,0,175,-2,13.69
fold2_room1_mix0385,82,4,0,-122,-1,14.58
fold2_room1_mix0385,83,4,0,175,-2,14.18
fold2_room1_mix0385,83,4,0,-115,-1,15.80
fold2_room1_mix0385,84,4,0,175,-2,14.60
fold2_room1_mix0385,84,4,0,-117,-1,16.06
fold2_room1_mix0385,85,4,0,174,-2,15.03
fold2_room1_mix0385,85,4,0,-124,-1,15.31
fold2_room1_mix0385,86,4,0,174,-2,15.37
fold2_room1_mix0385,86,4,0,-124,-1,15.76
fold2_room1_mix0385,87,4,0,173,-1,15.51
fold2_room1_mix0385,87,4,0,-126,-1,15.25
fold2_room1_mix0385,88,4,0,174,-1,16.20
fold2_room1_mix0385,88,4,0,-130,-1,15.96
fold2_room1_mix0385,89,4,0,173,-1,17.30
fold2_room1_mix0385,89,4,0,-130,-1,15.65
fold2_room1_mix0385,90,4,0,175,-1,17.25
fold2_room1_mix0385,90,4,0,-127,-1,15.94
fold2_room1_mix0385,91,4,0,174,0,18.78
fold2_room1_mix0385,91,4,0,-128,-1,17.22
fold2_room1_mix0385,92,4,0,176,-1,19.03
fold2_room1_mix0385,92,4,0,-131,-1,16.91
fold2_room1_mix0385,93,4,0,176,0,19.12
fold2_room1_mix0385,93,4,0,-129,-1,17.32
fold2_room1_mix0385,94,4,0,176,0,21.16
fold2_room1_mix0385,94,4,0,-138,-1,18.28
fold2_room1_mix0385,95,4,0,175,-1,19.42
fold2_room1_mix0385,95,4,0,-133,-1,18.06
fold2_room1_mix0385,96,4,0,177,-1,21.10
fold2_room1_mix0385,96,4,0,-140,-1,18.27
fold2_room1_mix0385,97,4,0,177,0,22.37
fold2_room1_mix0385,97,4,0,-134,0,18.75
fold2_room1_mix0385,98,4,0,177,-1,20.89
fold2_room1_mix0385,98,4,0,-146,-1,18.72
fold2_room1_mix0385,99,4,0,177,0,20.65
fold2_room1_mix0385,99,4,0,-146,-1,18.86
fold2_room1_mix0385,5,4,0,-10,0,7.28
fold2_room1_mix0385,7,4,0,-5,-1,13.54
fold2_room1_mix0385,8,4,0,-11,0,12.01
fold2_room1_mix0385,13,4,0,-7,-1,26.37
fold2_room1_mix0386,1,4,0,175,0,1.36
fold2_room1_mix0386,2,4,0,178,1,4.07
fold2_room1_mix0386,2,4,0,-4,1,4.30
fold2_room1_mix0386,3,4,0,174,0,11.40
fold2_room1_mix0386,3,4,0,-10,0,12.68
fold2_room1_mix0386,4,4,0,173,0,14.34
fold2_room1_mix0386,4,4,0,-7,-1,16.59
fold2_room1_mix0386,5,4,0,171,-1,15.59
fold2_room1_mix0386,5,4,0,-10,0,20.05
fold2_room1_mix0386,6,4,0,171,0,18.88
fold2_room1_mix0386,6,4,0,-13,-1,21.21
fold2_room1_mix0386,7,4,0,172,-1,25.18
fold2_room1_mix0386,7,4,0,-13,-1,34.38
fold2_room1_mix0386,8,4,0,174,-1,25.95
fold2_room1_mix0386,8,4,0,-14,-1,36.39
fold2_room1_mix0386,9,4,0,172,-1,25.22
fold2_room1_mix0386,9,4,0,-20,-1,33.64
fold2_room1_mix0386,10,4,0,173,-1,24.30
fold2_room1_mix0386,10,4,0,-17,-1,32.20
fold2_room1_mix0386,11,4,0,176,-1,26.21
fold2_room1_mix0386,11,4,0,-18,-1,32.94
fold2_room1_mix0386,12,4,0,167,-1,23.70
fold2_room1_mix0386,12,4,0,-17,-2,31.29
fold2_room1_mix0386,13,4,0,171,-1,24.34
fold2_room1_mix0386,13,4,0,-15,-1,36.99
fold2_room1_mix0386,14,4,0,174,-1,25.62
fold2_room1_mix0386,14,4,0,-20,-2,34.34
fold2_room1_mix0386,15,4,0,171,-1,22.73
fold2_room1_mix0386,15,4,0,-22,-1,33.39
fold2_room1_mix0386,16,4,0,173,-1,24.55
fold2_room1_mix0386,16,4,0,-22,-1,34.81
fold2_room1_mix0386,17,4,0,166,-2,19.86
fold2_room1_mix0386,17,4,0,-20,-1,29.99
fold2_room1_mix0386,18,4,0,168,-2,20.63
fold2_room1_mix0386,18,4,0,-21,-2,29.56
fold2_room1_mix0386,19,2,0,-88,-5,7.11
fold2_room1_mix0386,19,4,0,172,-1,22.34
fold2_room1_mix0386,19,4,0,-26,-1,32.61
fold2_room1_mix0386,20,2,0,-81,-5,9.18
fold2_room1_mix0386,20,4,0,174,-2,20.44
fold2_room1_mix0386,20,4,0,-22,-1,30.53
fold2_room1_mix0386,21,2,0,-76,-4,8.52
fold2_room1_mix0386,21,4,0,176,-2,21.24
fold2_room1_mix0386,21,4,0,-26,-2,26.97
fold2_room1_mix0386,22,2,0,-78,-4,8.20
fold2_room1_mix0386,22,4,0,176,-2,21.01
fold2_room1_mix0386,22,4,0,-25,-2,25.98
fold2_room1_mix0386,23,2,0,-81,-4,8.21
fold2_room1_mix0386,23,4,0,179,-2,20.91
fold2_room1_mix0386,23,4,0,-28,-2,27.77
fold2_room1_mix0386,24,4,0,172,-1,19.22
fold2_room1_mix0386,24,4,0,-33,-2,25.05
fold2_room1_mix0386,25,4,0,172,-1,19.61
fold2_room1_mix0386,25,4,0,-31,-2,26.42
fold2_room1_mix0386,26,4,0,171,-1,19.81
fold2_room1_mix0386,26,4,0,-29,-1,29.20
fold2_room1_mix0386,27,4,0,169,-2,20.05
fold2_room1_mix0386,27,4,0,-31,-2,25.81
fold2_room1_mix0386,28,2,0,-81,-4,7.46
fold2_room1_mix0386,28,4,0,175,-1,20.74
fold2_room1_mix0386,28,4,0,-32,-2,28.40
fold2_room1_mix0386,29,2,0,-81,-4,9.55
fold2_room1_mix0386,29,4,0,175,-2,20.55
fold2_room1_mix0386,29,4,0,-31,-2,28.71
fold2_room1_mix0386,30,2,0,-86,-4,9.26
fold2_room1_mix0386,30,4,0,-179,-2,20.63
fold2_room1_mix0386,30,4,0,-47,-5,18.66
fold2_room1_mix0386,30,4,0,-31,-1,32.96
fold2_room1_mix0386,31,2,0,-84,-4,8.16
fold2_room1_mix0386,31,4,0,-176,-2,19.64
fold2_room1_mix0386,31,4,0,-53,-5,16.80
fold2_room1_mix0386,31,4,0,-30,-1,32.27
fold2_room1_mix0386,32,2,0,-84,-4,7.71
fold2_room1_mix0386,32,4,0,-175,-2,20.33
fold2_room1_mix0386,32,4,0,-50,-4,16.96
fold2_room1_mix0386,32,4,0,-25,0,34.19
fold2_room1_mix0386,33,2,0,-82,-4,8.21
fold2_room1_mix0386,33,4,0,-179,-1,19.60
fold2_room1_mix0386,33,4,0,-65,-2,20.10
fold2_room1_mix0386,33,4,0,-33,-1,26.40
fold2_room1_mix0386,34,4,0,172,-1,19.17
fold2_room1_mix0386,34,4,0,-142,-4,17.18
fold2_room1_mix0386,34,4,0,-36,-1,26.10
fold2_room1_mix0386,35,4,0,169,-2,17.00
fold2_room1_mix0386,35,4,0,-40,0,25.81
fold2_room1_mix0386,36,4,0,169,-2,16.25
fold2_room1_mix0386,36,4,0,-44,0,25.08
fold2_room1_mix0386,37,2,0,-95,-5,7.47
fold2_room1_mix0386,37,4,0,167,-2,18.18
fold2_room1_mix0386,37,4,0,-43,0,24.35
fold2_room1_mix0386,38,2,0,-84,-4,8.67
fold2_room1_mix0386,38,4,0,-177,0,22.92
fold2_room1_mix0386,38,4,0,154,-3,15.03
fold2_room1_mix0386,38,4,0,-42,0,23.06
fold2_room1_mix0386,39,2,0,-83,-4,9.07
fold2_room1_mix0386,39,4,0,-178,-1,20.83
fold2_room1_mix0386,39,4,0,157,-3,15.33
fold2_room1_mix0386,39,4,0,-42,-1,22.21
fold2_room1_mix0386,40,2,0,-84,-4,8.20
fold2_room1_mix0386,40,4,0,-177,-1,20.18
fold2_room1_mix0386,40,4,0,145,-1,17.45
fold2_room1_mix0386,40,4,0,-43,-1,20.60
fold2_room1_mix0386,41,2,0,-84,-4,8.50
fold2_room1_mix0386,41,4,0,-173,-1,22.11
fold2_room1_mix0386,41,4,0,145,-1,18.41
fold2_room1_mix0386,41,4,0,-46,-1,20.64
fold2_room1_mix0386,42,2,0,-85,-4,8.57
fold2_room1_mix0386,42,4,0,-170,-1,20.16
fold2_room1_mix0386,42,4,0,155,-1,16.89
fold2_room1_mix0386,42,4,0,-43,-1,18.43
fold2_room1_mix0386,43,4,0,-175,-1,19.10
fold2_room1_mix0386,43,4,0,155,-3,14.79
fold2_room1_mix0386,43,4,0,-48,-1,19.79
fold2_room1_mix0386,44,4,0,-175,0,18.35
fold2_room1_mix0386,44,4,0,158,-2,13.74
fold2_room1_mix0386,44,4,0,-58,-1,17.79
fold2_room1_mix0386,45,4,0,-174,-1,17.96
fold2_room1_mix0386,45,4,0,158,-4,11.91
fold2_room1_mix0386,45,4,0,-60,0,18.89
fold2_room1_mix0386,46,4,0,-173,-1,17.74
fold2_room1_mix0386,46,4,0,151,-3,12.01
fold2_room1_mix0386,46,4,0,-73,-1,18.88
fold2_room1_mix0386,47,2,0,-83,-4,8.15
fold2_room1_mix0386,47,4,0,-175,-1,17.92
fold2_room1_mix0386,47,4,0,154,-2,13.69
fold2_room1_mix0386,47,4,0,-83,0,17.67
fold2_room1_mix0386,48,2,0,-84,-3,9.06
fold2_room1_mix0386,48,4,0,-175,-1,17.67
fold2_room1_mix0386,48,4,0,154,-3,13.23
fold2_room1_mix0386,48,4,0,-81,-1,16.88
fold2_room1_mix0386,49,2,0,-86,-3,8.96
fold2_room1_mix0386,49,4,0,-176,-2,16.18
fold2_room1_mix0386,49,4,0,150,-2,13.48
fold2_room1_mix0386,49,4,0,-93,-1,16.80
fold2_room1_mix0386,50,2,0,-84,-3,8.83
fold2_room1_mix0386,50,4,0,-174,-2,15.74
fold2_room1_mix0386,50,4,0,149,-3,12.04
fold2_room1_mix0386,50,4,0,-83,0,16.90
fold2_room1_mix0386,51,2,0,-85,-3,8.99
fold2_room1_mix0386,51,4,0,-175,-2,16.14
fold2_room1_mix0386,51,4,0,153,-4,11.44
fold2_room1_mix0386,51,4,0,-93,0,17.73
fold2_room1_mix0386,52,4,0,-176,-2,14.04
fold2_room1_mix0386,52,4,0,154,-4,10.14
fold2_room1_mix0386,52,4,0,-106,0,17.94
fold2_room1_mix0386,53,4,0,179,-3,12.42
fold2_room1_mix0386,53,4,0,152,-4,10.12
fold2_room1_mix0386,53,4,0,-111,0,18.01
fold2_room1_mix0386,54,4,0,178,-3,12.98
fold2_room1_mix0386,54,4,0,155,-4,9.42
fold2_room1_mix0386,54,4,0,-117,0,17.50
fold2_room1_mix0386,55,4,0,168,-4,11.03
fold2_room1_mix0386,55,4,0,151,-4,9.11
fold2_room1_mix0386,55,4,0,-115,1,19.94
fold2_room1_mix0386,56,4,0,170,-3,11.86
fold2_room1_mix0386,56,4,0,150,-4,8.29
fold2_room1_mix0386,56,4,0,-119,0,18.03
fold2_room1_mix0386,57,4,0,157,-4,8.86
fold2_room1_mix0386,57,4,0,-125,2,20.60
fold2_room1_mix0386,58,4,0,154,-4,8.53
fold2_room1_mix0386,58,4,0,-125,2,21.37
fold2_room1_mix0386,59,4,0,148,-5,7.97
fold2_room1_mix0386,59,4,0,-124,2,22.63
fold2_room1_mix0386,60,4,0,152,-5,7.94
fold2_room1_mix0386,60,4,0,-126,2,22.87
fold2_room1_mix0386,61,4,0,149,-5,6.95
fold2_room1_mix0386,61,4,0,-132,3,24.37
fold2_room1_mix0386,62,4,0,148,-5,7.24
fold2_room1_mix0386,62,4,0,-134,3,22.10
fold2_room1_mix0386,63,4,0,150,-6,6.79
fold2_room1_mix0386,63,4,0,-134,3,23.60
fold2_room1_mix0386,64,4,0,149,-6,6.95
fold2_room1_mix0386,64,4,0,-133,3,21.97
fold2_room1_mix0386,65,4,0,169,-5,8.73
fold2_room1_mix0386,65,4,0,141,-6,5.57
fold2_room1_mix0386,65,4,0,-148,3,21.14
fold2_room1_mix0386,66,4,0,170,-5,8.62
fold2_room1_mix0386,66,4,0,142,-6,5.22
fold2_room1_mix0386,66,4,0,-151,4,22.85
fold2_room1_mix0386,67,4,0,-168,-2,13.00
fold2_room1_mix0386,67,4,0,-173,0,15.09
fold2_room1_mix0386,68,4,0,-163,-2,13.43
fold2_room1_mix0386,68,4,0,142,-7,5.71
fold2_room1_mix0386,68,4,0,166,0,15.08
fold2_room1_mix0386,69,4,0,-142,3,24.43
fold2_room1_mix0386,69,4,0,142,-5,6.34
fold2_room1_mix0386,70,4,0,-145,2,27.21
fold2_room1_mix0386,70,4,0,141,-6,6.01
fold2_room1_mix0386,71,4,0,-148,2,25.59
fold2_room1_mix0386,71,4,0,139,-6,6.20
fold2_room1_mix0386,72,4,0,-148,2,31.20
fold2_room1_mix0386,72,4,0,138,-7,5.44
fold2_room1_mix0386,73,4,0,-148,2,33.37
fold2_room1_mix0386,73,4,0,133,-6,5.16
fold2_room1_mix0386,74,4,0,-149,2,33.56
fold2_room1_mix0386,74,4,0,131,-6,4.92
fold2_room1_mix0386,75,4,0,-148,2,36.34
fold2_room1_mix0386,75,4,0,128,-8,4.44
fold2_room1_mix0386,76,4,0,-147,2,37.49
fold2_room1_mix0386,76,4,0,124,-8,4.43
fold2_room1_mix0386,77,4,0,-155,1,35.19
fold2_room1_mix0386,77,4,0,118,-9,4.28
fold2_room1_mix0386,78,4,0,-153,1,36.42
fold2_room1_mix0386,78,4,0,112,-9,4.23
fold2_room1_mix0386,79,4,0,-158,1,37.00
fold2_room1_mix0386,79,4,0,104,-9,4.54
fold2_room1_mix0386,80,4,0,-157,1,38.14
fold2_room1_mix0386,80,4,0,97,-9,4.44
fold2_room1_mix0386,81,4,0,-161,1,37.40
fold2_room1_mix0386,81,4,0,90,-9,4.71
fold2_room1_mix0386,82,4,0,-164,2,44.09
fold2_room1_mix0386,82,4,0,94,-11,4.50
fold2_room1_mix0386,82,4,0,77,-7,5.24
fold2_room1_mix0386,83,4,0,-172,1,41.06
fold2_room1_mix0386,83,4,0,91,-11,4.44
fold2_room1_mix0386,83,4,0,70,-7,5.56
fold2_room1_mix0386,84,4,0,-161,3,45.90
fold2_room1_mix0386,84,4,0,88,-10,4.70
fold2_room1_mix0386,84,4,0,65,-6,5.42
fold2_room1_mix0386,85,4,0,-172,2,40.90
fold2_room1_mix0386,85,4,0,82,-11,4.53
fold2_room1_mix0386,85,4,0,58,-6,5.05
fold2_room1_mix0386,86,4,0,-155,3,47.93
fold2_room1_mix0386,86,4,0,75,-11,4.21
fold2_room1_mix0386,86,4,0,52,-6,4.65
fold2_room1_mix0386,87,4,0,-157,3,46.24
fold2_room1_mix0386,87,4,0,71,-10,4.60
fold2_room1_mix0386,87,4,0,48,-6,4.57
fold2_room1_mix0386,88,4,0,-159,3,43.90
fold2_room1_mix0386,88,4,0,64,-10,4.63
fold2_room1_mix0386,88,4,0,46,-6,4.56
fold2_room1_mix0386,89,4,0,-162,3,41.97
fold2_room1_mix0386,89,4,0,61,-11,4.37
fold2_room1_mix0386,89,4,0,45,-6,4.37
fold2_room1_mix0386,90,4,0,-158,3,44.78
fold2_room1_mix0386,90,4,0,60,-9,4.75
fold2_room1_mix0386,90,4,0,44,-5,4.44
fold2_room1_mix0386,91,4,0,-161,3,42.10
fold2_room1_mix0386,91,4,0,47,-8,4.95
fold2_room1_mix0386,92,4,0,-160,3,46.07
fold2_room1_mix0386,92,4,0,45,-8,4.93
fold2_room1_mix0386,93,4,0,-167,3,42.67
fold2_room1_mix0386,93,4,0,43,-7,5.56
fold2_room1_mix0386,94,4,0,-164,3,43.93
fold2_room1_mix0386,94,4,0,40,-7,5.66
fold2_room1_mix0386,95,4,0,-161,3,47.76
fold2_room1_mix0386,95,4,0,37,-8,5.47
fold2_room1_mix0386,96,4,0,-162,3,46.07
fold2_room1_mix0386,96,4,0,37,-7,6.08
fold2_room1_mix0386,97,4,0,-161,3,48.87
fold2_room1_mix0386,97,4,0,34,-7,6.59
fold2_room1_mix0386,98,4,0,-160,3,47.83
fold2_room1_mix0386,98,4,0,32,-7,6.53
fold2_room1_mix0386,99,4,0,-157,3,44.02
fold2_room1_mix0386,99,4,0,31,-7,6.14
fold2_room1_mix0387,19,4,0,3,-1,5.27
fold2_room1_mix0387,20,4,0,-9,-3,7.40
fold2_room1_mix0387,22,4,0,-8,-3,12.16
fold2_room1_mix0387,23,4,0,-4,-3,11.18
fold2_room1_mix0387,24,4,0,10,-4,11.49
fold2_room1_mix0387,24,4,0,-19,-2,12.38
fold2_room1_mix0387,25,4,0,10,-4,12.25
fold2_room1_mix0387,25,4,0,-18,-3,13.22
fold2_room1_mix0387,26,4,0,-13,-4,11.46
fold2_room1_mix0387,27,4,0,0,-5,10.08
fold2_room1_mix0387,27,4,0,-16,-4,10.93
fold2_room1_mix0387,28,4,0,-1,-5,10.25
fold2_room1_mix0387,28,4,0,-22,-4,10.88
fold2_room1_mix0387,29,4,0,-17,-5,9.39
fold2_room1_mix0387,30,4,0,-13,-4,10.52
fold2_room1_mix0387,31,4,0,-18,-5,9.17
fold2_room1_mix0387,32,4,0,-22,-5,8.05
fold2_room1_mix0387,33,4,0,-25,-5,7.78
fold2_room1_mix0387,34,4,0,-35,-5,6.99
fold2_room1_mix0387,35,4,0,-31,-5,6.51
fold2_room1_mix0387,36,4,0,-37,-6,5.18
fold2_room1_mix0387,37,4,0,-48,-7,4.83
fold2_room1_mix0387,37,4,0,-27,-5,7.57
fold2_room1_mix0387,38,4,0,-51,-6,4.96
fold2_room1_mix0387,39,4,0,-60,-7,4.02
fold2_room1_mix0387,39,4,0,-22,-4,7.45
fold2_room1_mix0387,40,4,0,-68,-7,3.75
fold2_room1_mix0387,40,4,0,-37,-5,6.68
fold2_room1_mix0387,41,4,0,-74,-6,3.55
fold2_room1_mix0387,41,4,0,-25,-1,9.40
fold2_room1_mix0387,42,4,0,-80,-7,3.60
fold2_room1_mix0387,42,4,0,-8,-1,12.31
fold2_room1_mix0387,43,4,0,-90,-6,3.73
fold2_room1_mix0387,43,4,0,-1,0,12.45
fold2_room1_mix0387,44,4,0,-106,-6,3.64
fold2_room1_mix0387,44,4,0,-90,-6,3.52
fold2_room1_mix0387,44,4,0,-2,0,11.38
fold2_room1_mix0387,45,4,0,-117,-5,4.74
fold2_room1_mix0387,45,4,0,-87,-5,4.94
fold2_room1_mix0387,45,4,0,-18,-2,12.18
fold2_room1_mix0387,46,4,0,-131,-5,4.83
fold2_room1_mix0387,46,4,0,-90,-5,5.31
fold2_room1_mix0387,46,4,0,-15,-2,12.48
fold2_room1_mix0387,47,4,0,-146,-4,5.15
fold2_room1_mix0387,47,4,0,-91,-3,5.84
fold2_room1_mix0387,47,4,0,-24,-4,9.78
fold2_room1_mix0387,48,4,0,-148,-4,5.22
fold2_room1_mix0387,48,4,0,-95,-4,5.17
fold2_room1_mix0387,49,4,0,-156,-5,5.59
fold2_room1_mix0387,49,4,0,-106,-5,4.93
fold2_room1_mix0387,50,4,0,-147,-4,5.45
fold2_room1_mix0387,50,4,0,-112,-3,7.65
fold2_room1_mix0387,51,4,0,-154,-4,6.92
fold2_room1_mix0387,51,4,0,-107,-5,5.68
fold2_room1_mix0387,52,4,0,-148,-3,7.09
fold2_room1_mix0387,52,4,0,-100,-4,6.76
fold2_room1_mix0387,52,4,0,91,-3,11.39
fold2_room1_mix0387,53,4,0,-155,-2,9.21
fold2_room1_mix0387,53,4,0,-105,-4,6.61
fold2_room1_mix0387,53,4,0,96,-3,10.99
fold2_room1_mix0387,54,4,0,-152,-2,9.62
fold2_room1_mix0387,54,4,0,-107,-4,7.12
fold2_room1_mix0387,54,4,0,100,-3,11.23
fold2_room1_mix0387,55,4,0,-151,-2,9.56
fold2_room1_mix0387,55,4,0,-113,-4,7.26
fold2_room1_mix0387,55,4,0,105,-2,11.68
fold2_room1_mix0387,56,4,0,-150,-1,9.92
fold2_room1_mix0387,56,4,0,-119,-3,7.60
fold2_room1_mix0387,56,4,0,112,-2,12.76
fold2_room1_mix0387,57,4,0,-144,-1,10.58
fold2_room1_mix0387,57,4,0,-128,-2,11.11
fold2_room1_mix0387,57,4,0,116,-2,13.37
fold2_room1_mix0387,58,4,0,-138,-1,11.38
fold2_room1_mix0387,58,4,0,112,-2,13.14
fold2_room1_mix0387,59,4,0,-156,-1,11.97
fold2_room1_mix0387,59,4,0,-129,-2,10.48
fold2_room1_mix0387,59,4,0,118,-3,13.54
fold2_room1_mix0387,60,4,0,-156,-1,12.86
fold2_room1_mix0387,60,4,0,-129,-2,10.80
fold2_room1_mix0387,60,4,0,118,-2,13.94
fold2_room1_mix0387,61,4,0,-162,0,13.97
fold2_room1_mix0387,61,4,0,-132,-2,11.38
fold2_room1_mix0387,61,4,0,99,-2,13.97
fold2_room1_mix0387,62,4,0,-161,0,14.08
fold2_room1_mix0387,62,4,0,-135,-2,11.77
fold2_room1_mix0387,62,4,0,109,-3,13.74
fold2_room1_mix0387,63,4,0,-162,0,15.09
fold2_room1_mix0387,63,4,0,-134,-2,11.25
fold2_room1_mix0387,63,4,0,104,-2,13.14
fold2_room1_mix0387,64,4,0,-151,-1,10.65
fold2_room1_mix0387,64,4,0,111,-2,11.49
fold2_room1_mix0387,65,4,0,-163,0,4.87
fold2_room1_mix0387,65,4,0,-143,0,4.74
fold2_room1_mix0387,66,4,0,-161,0,4.33
fold2_room1_mix0388,9,4,0,157,0,22.49
fold2_room1_mix0388,9,4,0,8,0,21.75
fold2_room1_mix0388,10,4,0,11,0,20.62
fold2_room1_mix0388,13,4,0,169,0,31.27
fold2_room1_mix0388,13,4,0,7,0,28.43
fold2_room1_mix0388,20,4,0,11,0,22.36
fold2_room1_mix0388,29,4,0,162,0,37.92
fold2_room1_mix0388,29,4,0,11,0,37.02
fold2_room1_mix0388,30,4,0,168,0,38.12
fold2_room1_mix0388,30,4,0,8,0,33.61
fold2_room1_mix0388,31,4,0,166,0,40.17
fold2_room1_mix0388,31,4,0,10,0,36.64
fold2_room1_mix0388,32,4,0,172,0,40.33
fold2_room1_mix0388,32,4,0,12,0,35.53
fold2_room1_mix0388,33,4,0,173,0,43.01
fold2_room1_mix0388,33,4,0,9,0,36.42
fold2_room1_mix0388,34,4,0,169,0,43.71
fold2_room1_mix0388,34,4,0,13,0,33.84
fold2_room1_mix0388,35,4,0,170,0,44.19
fold2_room1_mix0388,35,4,0,11,0,34.76
fold2_room1_mix0388,36,4,0,173,0,44.09
fold2_room1_mix0388,36,4,0,12,0,38.69
fold2_room1_mix0388,37,4,0,172,0,43.20
fold2_room1_mix0388,37,4,0,12,0,38.11
fold2_room1_mix0388,38,4,0,171,0,40.02
fold2_room1_mix0388,38,4,0,14,0,34.62
fold2_room1_mix0388,39,4,0,173,0,38.13
fold2_room1_mix0388,39,4,0,13,0,35.22
fold2_room1_mix0388,40,4,0,173,0,39.57
fold2_room1_mix0388,40,4,0,12,0,34.42
fold2_room1_mix0388,41,4,0,173,0,38.16
fold2_room1_mix0388,41,4,0,10,0,35.96
fold2_room1_mix0388,42,4,0,172,0,35.95
fold2_room1_mix0388,42,4,0,13,0,33.87
fold2_room1_mix0388,43,4,0,171,0,36.38
fold2_room1_mix0388,43,4,0,9,0,36.65
fold2_room1_mix0388,44,4,0,175,0,33.88
fold2_room1_mix0388,44,4,0,12,0,35.76
fold2_room1_mix0388,45,4,0,174,0,34.64
fold2_room1_mix0388,45,4,0,12,0,35.26
fold2_room1_mix0388,46,4,0,174,-1,34.36
fold2_room1_mix0388,46,4,0,12,0,34.77
fold2_room1_mix0388,47,4,0,172,-1,30.36
fold2_room1_mix0388,47,4,0,13,0,35.93
fold2_room1_mix0388,48,4,0,171,-1,30.67
fold2_room1_mix0388,48,4,0,12,0,36.25
fold2_room1_mix0388,49,4,0,172,-1,28.67
fold2_room1_mix0388,49,4,0,13,0,33.74
fold2_room1_mix0388,50,4,0,171,-1,24.73
fold2_room1_mix0388,50,4,0,11,0,33.73
fold2_room1_mix0388,51,4,0,169,-2,24.29
fold2_room1_mix0388,51,4,0,11,0,32.54
fold2_room1_mix0388,52,4,0,169,-2,22.51
fold2_room1_mix0388,52,4,0,13,-1,29.48
fold2_room1_mix0388,53,4,0,167,-2,22.66
fold2_room1_mix0388,53,4,0,11,0,31.82
fold2_room1_mix0388,54,4,0,170,-2,21.49
fold2_room1_mix0388,54,4,0,16,0,30.44
fold2_room1_mix0388,55,4,0,170,-2,19.20
fold2_room1_mix0388,55,4,0,16,-1,27.24
fold2_room1_mix0388,56,4,0,169,-2,19.79
fold2_room1_mix0388,56,4,0,16,0,26.94
fold2_room1_mix0388,57,4,0,170,-2,18.25
fold2_room1_mix0388,57,4,0,19,-1,23.59
fold2_room1_mix0388,58,4,0,170,-2,15.98
fold2_room1_mix0388,58,4,0,18,-1,22.25
fold2_room1_mix0388,59,4,0,169,-2,14.83
fold2_room1_mix0388,59,4,0,20,-1,21.12
fold2_room1_mix0388,60,4,0,168,-2,14.09
fold2_room1_mix0388,60,4,0,19,-1,18.71
fold2_room1_mix0388,61,4,0,164,-2,13.08
fold2_room1_mix0388,61,4,0,20,-2,18.98
fold2_room1_mix0388,62,4,0,161,-2,12.23
fold2_room1_mix0388,62,4,0,20,-1,19.18
fold2_room1_mix0388,63,4,0,155,-3,10.86
fold2_room1_mix0388,63,4,0,15,-1,17.07
fold2_room1_mix0388,64,4,0,152,-3,9.56
fold2_room1_mix0388,64,4,0,13,-2,15.62
fold2_room1_mix0388,65,4,0,150,-4,9.03
fold2_room1_mix0388,65,4,0,16,-1,16.48
fold2_room1_mix0388,66,4,0,143,-5,8.30
fold2_room1_mix0388,66,4,0,20,-3,14.05
fold2_room1_mix0388,67,4,0,136,-4,8.50
fold2_room1_mix0388,67,4,0,20,-2,11.85
fold2_room1_mix0388,68,4,0,134,-4,7.78
fold2_room1_mix0388,68,4,0,22,-1,12.27
fold2_room1_mix0388,69,4,0,130,-4,7.02
fold2_room1_mix0388,69,4,0,19,-2,10.68
fold2_room1_mix0388,70,4,0,124,-5,6.36
fold2_room1_mix0388,70,4,0,30,-2,9.04
fold2_room1_mix0388,71,4,0,115,-4,6.77
fold2_room1_mix0388,71,4,0,68,-4,7.73
fold2_room1_mix0388,71,4,0,33,-3,9.00
fold2_room1_mix0388,72,4,0,108,-6,6.14
fold2_room1_mix0388,72,4,0,64,-5,7.86
fold2_room1_mix0388,72,4,0,35,-3,9.68
fold2_room1_mix0388,73,4,0,97,-6,6.65
fold2_room1_mix0388,73,4,0,62,-5,7.32
fold2_room1_mix0388,73,4,0,36,-5,8.28
fold2_room1_mix0388,74,4,0,74,-6,6.63
fold2_room1_mix0388,74,4,0,33,-3,10.26
fold2_room1_mix0388,75,4,0,79,-4,7.85
fold2_room1_mix0388,75,4,0,56,-6,6.08
fold2_room1_mix0388,75,4,0,36,-5,7.22
fold2_room1_mix0388,76,4,0,75,-5,7.78
fold2_room1_mix0388,76,4,0,52,-5,7.21
fold2_room1_mix0388,76,4,0,31,-4,9.21
fold2_room1_mix0388,77,4,0,80,-5,8.45
fold2_room1_mix0388,77,4,0,53,-5,7.10
fold2_room1_mix0388,77,4,0,29,-5,8.69
fold2_room1_mix0388,78,4,0,84,-5,7.92
fold2_room1_mix0388,78,4,0,54,-5,6.88
fold2_room1_mix0388,78,4,0,29,-4,8.67
fold2_room1_mix0388,79,4,0,83,-5,8.35
fold2_room1_mix0388,79,4,0,53,-5,7.15
fold2_room1_mix0388,79,4,0,27,-4,8.56
fold2_room1_mix0388,80,4,0,88,-5,8.34
fold2_room1_mix0388,80,4,0,54,-5,7.56
fold2_room1_mix0388,80,4,0,29,-3,9.36
fold2_room1_mix0388,81,4,0,102,-5,9.39
fold2_room1_mix0388,81,4,0,51,-4,8.15
fold2_room1_mix0388,81,4,0,28,-2,10.59
fold2_room1_mix0388,82,4,0,118,-5,8.76
fold2_room1_mix0388,82,4,0,50,-4,8.20
fold2_room1_mix0388,82,4,0,26,-1,12.10
fold2_room1_mix0388,83,4,0,122,-5,9.95
fold2_room1_mix0388,83,4,0,50,-4,9.32
fold2_room1_mix0388,83,4,0,29,-2,12.29
fold2_room1_mix0388,84,4,0,120,-5,9.39
fold2_room1_mix0388,84,4,0,44,-4,9.23
fold2_room1_mix0388,84,4,0,28,-2,12.58
fold2_room1_mix0388,85,4,0,130,-4,9.87
fold2_room1_mix0388,85,4,0,30,-2,12.33
fold2_room1_mix0388,86,4,0,132,-5,8.47
fold2_room1_mix0388,86,4,0,31,-2,12.96
fold2_room1_mix0388,87,4,0,135,-5,10.10
fold2_room1_mix0388,87,4,0,25,-2,14.10
fold2_room1_mix0388,88,4,0,140,-4,10.57
fold2_room1_mix0388,88,4,0,22,-1,17.18
fold2_room1_mix0388,89,4,0,143,-4,10.49
fold2_room1_mix0388,89,4,0,20,-1,16.81
fold2_room1_mix0388,90,4,0,143,-4,11.57
fold2_room1_mix0388,90,4,0,19,-1,18.89
fold2_room1_mix0388,91,4,0,145,-4,11.91
fold2_room1_mix0388,91,4,0,18,-1,19.39
fold2_room1_mix0388,92,4,0,148,-4,14.05
fold2_room1_mix0388,92,4,0,19,-1,23.70
fold2_room1_mix0388,93,4,0,150,-3,13.75
fold2_room1_mix0388,93,4,0,16,0,23.65
fold2_room1_mix0388,94,4,0,152,-3,16.26
fold2_room1_mix0388,94,4,0,18,0,26.12
fold2_room1_mix0388,95,4,0,153,-3,15.44
fold2_room1_mix0388,95,4,0,17,0,26.84
fold2_room1_mix0388,96,4,0,156,-3,15.87
fold2_room1_mix0388,96,4,0,16,0,26.14
fold2_room1_mix0388,97,4,0,154,-3,15.62
fold2_room1_mix0388,97,4,0,17,0,25.18
fold2_room1_mix0388,98,4,0,155,-3,16.20
fold2_room1_mix0388,98,4,0,17,0,27.67
fold2_room1_mix0388,99,4,0,155,-3,17.81
fold2_room1_mix0388,99,4,0,19,0,28.91
fold2_room1_mix0388,6,4,0,6,0,8.82
fold2_room1_mix0388,7,4,0,11,1,11.60
fold2_room1_mix0388,11,4,0,9,0,22.81
fold2_room1_mix0388,12,4,0,6,0,26.10
fold2_room1_mix0388,14,4,0,14,1,13.51
fold2_room1_mix0388,16,4,0,6,0,19.91
fold2_room1_mix0388,18,4,0,11,0,18.93
fold2_room1_mix0388,19,4,0,9,0,13.83
fold2_room1_mix0388,22,4,0,7,0,10.75
fold2_room1_mix0388,25,4,0,10,0,15.49
fold2_room1_mix0388,26,4,0,11,0,15.18
fold2_room1_mix0388,28,4,0,10,0,31.67
fold2_room1_mix0388,15,4,0,11,1,8.91
fold2_room1_mix0388,17,4,0,7,0,13.71
fold2_room1_mix0389,0,5,0,-9,5,1.74
fold2_room1_mix0389,2,5,0,4,2,7.65
fold2_room1_mix0389,3,5,0,-7,4,6.16
fold2_room1_mix0389,5,5,0,-7,4,7.82
fold2_room1_mix0389,6,5,0,-15,4,10.18
fold2_room1_mix0389,7,5,0,-19,4,10.37
fold2_room1_mix0389,8,5,0,-15,4,9.64
fold2_room1_mix0389,9,5,0,-12,4,9.16
fold2_room1_mix0389,10,5,0,-10,5,8.56
fold2_room1_mix0389,11,5,0,-13,3,10.42
fold2_room1_mix0389,12,5,0,-14,6,6.65
fold2_room1_mix0389,13,5,0,-7,5,8.83
fold2_room1_mix0389,14,5,0,-17,4,9.78
fold2_room1_mix0389,15,5,0,-18,6,6.97
fold2_room1_mix0389,16,5,0,-14,5,8.57
fold2_room1_mix0389,17,5,0,-11,4,8.64
fold2_room1_mix0389,18,5,0,-12,6,6.90
fold2_room1_mix0389,19,5,0,-15,4,9.21
fold2_room1_mix0389,20,5,0,-19,5,7.75
fold2_room1_mix0389,21,5,0,-14,4,8.53
fold2_room1_mix0389,22,5,0,-15,5,8.48
fold2_room1_mix0389,23,5,0,-17,5,8.24
fold2_room1_mix0389,24,5,0,-16,5,7.60
fold2_room1_mix0389,25,5,0,-17,6,6.85
fold2_room1_mix0389,26,5,0,-16,6,7.40
fold2_room1_mix0389,27,5,0,-18,5,8.03
fold2_room1_mix0389,28,5,0,-17,7,5.87
fold2_room1_mix0389,29,5,0,-15,8,5.39
fold2_room1_mix0389,30,5,0,-19,5,7.59
fold2_room1_mix0389,31,5,0,-19,7,6.15
fold2_room1_mix0389,32,5,0,-19,7,5.90
fold2_room1_mix0389,33,5,0,-18,6,6.48
fold2_room1_mix0389,34,5,0,-22,7,5.43
fold2_room1_mix0389,35,5,0,-23,6,7.07
fold2_room1_mix0389,36,5,0,-21,8,5.43
fold2_room1_mix0389,37,5,0,-18,9,4.36
fold2_room1_mix0389,38,5,0,-20,7,6.00
fold2_room1_mix0389,39,5,0,-23,7,5.62
fold2_room1_mix0389,40,5,0,-22,9,4.62
fold2_room1_mix0389,41,5,0,-23,7,5.76
fold2_room1_mix0389,42,5,0,-19,8,5.35
fold2_room1_mix0389,43,5,0,-23,8,5.08
fold2_room1_mix0389,44,5,0,-27,8,4.92
fold2_room1_mix0389,45,5,0,-22,8,4.91
fold2_room1_mix0389,46,5,0,-22,6,6.24
fold2_room1_mix0389,47,4,0,-6,-1,6.47
fold2_room1_mix0389,47,5,0,-23,7,6.48
fold2_room1_mix0389,48,4,0,-4,-1,6.27
fold2_room1_mix0389,48,5,0,-21,7,5.97
fold2_room1_mix0389,49,4,0,-4,-2,9.23
fold2_room1_mix0389,49,5,0,-24,8,5.61
fold2_room1_mix0389,50,4,0,-4,-2,9.92
fold2_room1_mix0389,50,5,0,-26,10,4.84
fold2_room1_mix0389,51,4,0,-3,-3,9.83
fold2_room1_mix0389,51,5,0,-26,11,4.42
fold2_room1_mix0389,52,4,0,-6,-3,10.82
fold2_room1_mix0389,52,5,0,-27,8,5.81
fold2_room1_mix0389,53,4,0,-7,-2,9.99
fold2_room1_mix0389,53,5,0,-22,12,3.93
fold2_room1_mix0389,54,4,0,-5,-3,9.99
fold2_room1_mix0389,54,5,0,-26,11,4.11
fold2_room1_mix0389,55,4,0,-7,-3,8.92
fold2_room1_mix0389,55,5,0,-30,9,5.02
fold2_room1_mix0389,56,4,0,-6,-3,8.28
fold2_room1_mix0389,56,5,0,-29,11,4.40
fold2_room1_mix0389,57,4,0,-8,-4,7.40
fold2_room1_mix0389,57,5,0,-29,11,4.37
fold2_room1_mix0389,58,4,0,-9,-4,6.39
fold2_room1_mix0389,58,5,0,-29,14,3.79
fold2_room1_mix0389,59,4,0,-12,-4,5.63
fold2_room1_mix0389,59,5,0,-29,12,4.14
fold2_room1_mix0389,60,4,0,-16,-5,4.63
fold2_room1_mix0389,60,5,0,-34,12,4.50
fold2_room1_mix0389,61,4,0,-20,-5,3.43
fold2_room1_mix0389,61,5,0,-27,13,4.14
fold2_room1_mix0389,62,4,0,-24,-7,2.82
fold2_room1_mix0389,62,5,0,-29,12,4.28
fold2_room1_mix0389,63,4,0,-30,-9,2.19
fold2_room1_mix0389,63,5,0,-32,11,4.41
fold2_room1_mix0389,64,4,0,-43,-8,1.61
fold2_room1_mix0389,64,5,0,-28,11,4.70
fold2_room1_mix0389,65,4,0,-67,-12,1.16
fold2_room1_mix0389,65,5,0,-28,9,5.51
fold2_room1_mix0389,66,4,0,-110,-10,1.09
fold2_room1_mix0389,66,5,0,-31,12,4.35
fold2_room1_mix0389,67,4,0,-136,-6,1.19
fold2_room1_mix0389,67,5,0,-36,14,3.75
fold2_room1_mix0389,68,4,0,-145,-5,1.97
fold2_room1_mix0389,68,5,0,-37,12,4.25
fold2_room1_mix0389,69,4,0,-155,-3,2.63
fold2_room1_mix0389,69,5,0,-33,15,3.18
fold2_room1_mix0389,70,4,0,-159,-2,3.31
fold2_room1_mix0389,70,5,0,-47,15,3.18
fold2_room1_mix0389,71,4,0,-161,-2,4.03
fold2_room1_mix0389,71,5,0,-47,12,3.90
fold2_room1_mix0389,72,4,0,-165,-1,4.85
fold2_room1_mix0389,72,5,0,-42,13,3.67
fold2_room1_mix0389,73,4,0,-168,-2,5.75
fold2_room1_mix0389,73,5,0,-60,18,2.49
fold2_room1_mix0389,74,4,0,-171,-1,6.64
fold2_room1_mix0389,74,5,0,-58,21,2.29
fold2_room1_mix0389,75,4,0,-170,-1,7.44
fold2_room1_mix0389,75,5,0,-63,20,2.25
fold2_room1_mix0389,76,4,0,-173,-1,8.59
fold2_room1_mix0389,76,5,0,-79,23,2.13
fold2_room1_mix0389,77,4,0,-176,-1,9.55
fold2_room1_mix0389,77,5,0,-96,26,1.72
fold2_room1_mix0389,78,4,0,-176,0,10.52
fold2_room1_mix0389,78,5,0,-87,27,1.75
fold2_room1_mix0389,79,4,0,-177,0,11.59
fold2_room1_mix0389,79,5,0,-97,25,1.78
fold2_room1_mix0389,80,4,0,-178,0,12.35
fold2_room1_mix0389,80,5,0,-98,25,1.90
fold2_room1_mix0389,81,4,0,-178,0,12.93
fold2_room1_mix0389,81,5,0,-103,23,1.88
fold2_room1_mix0389,82,4,0,-178,0,12.69
fold2_room1_mix0389,82,5,0,-110,23,1.84
fold2_room1_mix0389,83,4,0,-179,0,12.75
fold2_room1_mix0389,83,5,0,-106,26,1.65
fold2_room1_mix0389,84,4,0,-179,0,12.35
fold2_room1_mix0389,84,5,0,-105,22,1.95
fold2_room1_mix0389,85,4,0,178,0,12.45
fold2_room1_mix0389,85,5,0,-114,25,1.64
fold2_room1_mix0389,86,4,0,176,0,3.59
fold2_room1_mix0389,86,5,0,-113,24,1.74
fold2_room1_mix0389,87,5,0,-117,21,1.99
fold2_room1_mix0389,88,5,0,-118,20,2.05
fold2_room1_mix0389,89,5,0,-115,20,2.02
fold2_room1_mix0389,90,5,0,-119,19,2.17
fold2_room1_mix0389,91,5,0,-118,19,2.15
fold2_room1_mix0389,92,5,0,-121,16,2.61
fold2_room1_mix0389,93,5,0,-121,17,2.36
fold2_room1_mix0389,94,5,0,-125,17,2.47
fold2_room1_mix0389,95,5,0,-113,15,3.04
fold2_room1_mix0389,96,5,0,-130,15,2.95
fold2_room1_mix0389,97,5,0,-127,15,2.74
fold2_room1_mix0389,98,5,0,-133,15,2.91
fold2_room1_mix0389,99,5,0,-130,15,2.85
fold2_room1_mix0391,37,3,0,165,-5,4.57
fold2_room1_mix0391,38,3,0,157,-4,14.64
fold2_room1_mix0391,39,3,0,156,-4,14.13
fold2_room1_mix0391,40,3,0,161,-5,7.25
fold2_room1_mix0391,41,3,0,155,-4,11.04
fold2_room1_mix0391,42,3,0,146,-4,10.43
fold2_room1_mix0391,43,3,0,138,-5,8.56
fold2_room1_mix0391,43,3,0,137,-5,8.57
fold2_room1_mix0391,44,3,0,142,-4,9.88
fold2_room1_mix0391,44,3,0,141,-4,9.90
fold2_room1_mix0391,45,3,0,146,-4,10.37
fold2_room1_mix0391,45,3,0,143,-4,10.34
fold2_room1_mix0391,46,3,0,140,-4,9.47
fold2_room1_mix0391,46,3,0,137,-4,9.41
fold2_room1_mix0391,47,3,0,141,-4,9.36
fold2_room1_mix0391,47,3,0,139,-4,9.31
fold2_room1_mix0391,48,3,0,145,-4,9.81
fold2_room1_mix0391,49,3,0,144,-4,8.24
fold2_room1_mix0391,50,3,0,145,-4,7.97
fold2_room1_mix0391,51,3,0,140,-4,4.74
fold2_room1_mix0391,53,3,0,140,-4,6.94
fold2_room1_mix0391,54,3,0,129,-4,4.73
fold2_room1_mix0391,56,3,0,109,-5,9.62
fold2_room1_mix0391,57,3,0,109,-6,7.34
fold2_room1_mix0391,58,3,0,101,-8,6.80
fold2_room1_mix0391,59,3,0,90,-7,6.85
fold2_room1_mix0391,60,3,0,87,-8,5.86
fold2_room1_mix0391,61,3,0,74,-8,5.97
fold2_room1_mix0391,62,3,0,71,-7,5.75
fold2_room1_mix0391,63,3,0,67,-7,5.85
fold2_room1_mix0391,64,3,0,59,-6,5.71
fold2_room1_mix0391,65,3,0,55,-6,6.32
fold2_room1_mix0392,58,4,0,3,-1,20.30
fold2_room1_mix0392,59,4,0,4,0,17.64
fold2_room1_mix0392,60,4,0,2,-1,21.36
fold2_room1_mix0392,61,4,0,4,-1,23.69
fold2_room1_mix0392,62,4,0,4,-1,25.74
fold2_room1_mix0392,63,4,0,4,-1,25.07
fold2_room1_mix0392,64,4,0,6,-1,24.26
fold2_room1_mix0392,65,4,0,5,-1,24.52
fold2_room1_mix0392,66,4,0,6,-1,23.73
fold2_room1_mix0392,67,4,0,4,-1,22.61
fold2_room1_mix0392,68,4,0,8,-1,22.35
fold2_room1_mix0392,69,4,0,7,-1,21.67
fold2_room1_mix0392,70,4,0,7,-1,19.47
fold2_room1_mix0392,71,4,0,6,-2,18.58
fold2_room1_mix0392,72,4,0,5,-2,17.50
fold2_room1_mix0392,73,4,0,7,-2,16.51
fold2_room1_mix0392,74,4,0,7,-2,15.05
fold2_room1_mix0392,75,4,0,6,-2,14.28
fold2_room1_mix0392,76,4,0,8,-2,13.62
fold2_room1_mix0392,77,4,0,8,-2,13.07
fold2_room1_mix0392,78,4,0,7,-3,12.05
fold2_room1_mix0392,79,4,0,9,-3,10.58
fold2_room1_mix0392,80,4,0,9,-3,10.20
fold2_room1_mix0392,81,4,0,9,-4,8.83
fold2_room1_mix0392,82,4,0,10,-4,7.31
fold2_room1_mix0392,83,4,0,13,-5,6.39
fold2_room1_mix0392,84,4,0,14,-5,4.98
fold2_room1_mix0392,85,4,0,17,-6,4.20
fold2_room1_mix0392,86,4,0,22,-8,3.35
fold2_room1_mix0392,87,4,0,30,-11,2.24
fold2_room1_mix0392,88,4,0,49,-13,1.46
fold2_room1_mix0392,89,4,0,98,-16,1.18
fold2_room1_mix0392,90,4,0,136,-9,1.46
fold2_room1_mix0392,91,4,0,154,-7,2.21
fold2_room1_mix0392,92,4,0,163,-5,3.28
fold2_room1_mix0392,93,4,0,162,-4,4.19
fold2_room1_mix0392,94,4,0,167,-3,5.42
fold2_room1_mix0392,95,4,0,170,-2,6.37
fold2_room1_mix0392,96,4,0,172,-2,6.98
fold2_room1_mix0392,97,4,0,173,-1,8.08
fold2_room1_mix0392,98,4,0,175,-1,8.98
fold2_room1_mix0392,99,4,0,174,-1,9.49
fold2_room1_mix0393,39,4,0,173,1,4.04
fold2_room1_mix0393,40,4,0,165,0,5.52
fold2_room1_mix0393,41,4,0,163,0,15.56
fold2_room1_mix0393,42,4,0,167,-1,17.80
fold2_room1_mix0393,43,4,0,161,-1,17.50
fold2_room1_mix0393,44,4,0,174,-2,18.24
fold2_room1_mix0393,44,4,0,40,-2,19.93
fold2_room1_mix0393,45,4,0,167,-2,18.04
fold2_room1_mix0393,45,4,0,37,-2,19.93
fold2_room1_mix0393,46,4,0,167,-2,17.63
fold2_room1_mix0393,46,4,0,37,-1,19.89
fold2_room1_mix0393,47,4,0,178,-2,15.41
fold2_room1_mix0393,47,4,0,135,-3,18.36
fold2_room1_mix0393,47,4,0,34,-2,18.67
fold2_room1_mix0393,48,4,0,177,-3,14.46
fold2_room1_mix0393,48,4,0,160,-2,19.28
fold2_room1_mix0393,48,4,0,32,-1,18.82
fold2_room1_mix0393,49,4,0,179,-3,13.83
fold2_room1_mix0393,49,4,0,162,-2,18.21
fold2_room1_mix0393,49,4,0,30,-2,18.06
fold2_room1_mix0393,50,4,0,173,-3,15.86
fold2_room1_mix0393,50,4,0,28,-1,18.86
fold2_room1_mix0393,51,4,0,175,-2,14.53
fold2_room1_mix0393,51,4,0,31,-1,18.03
fold2_room1_mix0393,52,4,0,172,-3,14.63
fold2_room1_mix0393,52,4,0,30,-1,17.44
fold2_room1_mix0393,53,4,0,173,-2,14.43
fold2_room1_mix0393,53,4,0,30,-1,17.66
fold2_room1_mix0393,54,4,0,172,-2,13.08
fold2_room1_mix0393,54,4,0,29,-1,16.71
fold2_room1_mix0393,55,4,0,169,-2,13.94
fold2_room1_mix0393,55,4,0,30,-1,16.00
fold2_room1_mix0393,56,4,0,169,-2,13.21
fold2_room1_mix0393,56,4,0,27,-1,15.36
fold2_room1_mix0393,57,4,0,177,-3,10.71
fold2_room1_mix0393,57,4,0,157,-2,14.88
fold2_room1_mix0393,57,4,0,28,-1,15.18
fold2_room1_mix0393,58,4,0,170,-4,11.50
fold2_room1_mix0393,58,4,0,31,-2,14.70
fold2_room1_mix0393,59,4,0,174,-4,8.36
fold2_room1_mix0393,59,4,0,151,-3,12.69
fold2_room1_mix0393,59,4,0,33,-2,14.16
fold2_room1_mix0393,60,4,0,175,-4,8.65
fold2_room1_mix0393,60,4,0,153,-4,12.01
fold2_room1_mix0393,60,4,0,31,-2,12.60
fold2_room1_mix0393,61,4,0,173,-5,7.36
fold2_room1_mix0393,61,4,0,154,-4,11.81
fold2_room1_mix0393,61,4,0,34,-2,13.10
fold2_room1_mix0393,62,4,0,171,-6,5.63
fold2_room1_mix0393,62,4,0,144,-3,10.94
fold2_room1_mix0393,62,4,0,33,-3,11.02
fold2_room1_mix0393,63,4,0,168,-7,4.88
fold2_room1_mix0393,63,4,0,127,-3,10.15
fold2_room1_mix0393,63,4,0,34,-3,10.02
fold2_room1_mix0393,64,4,0,169,-8,4.11
fold2_room1_mix0393,64,4,0,132,-4,8.55
fold2_room1_mix0393,64,4,0,50,-3,10.09
fold2_room1_mix0393,65,4,0,169,-10,3.45
fold2_room1_mix0393,65,4,0,131,-3,9.47
fold2_room1_mix0393,65,4,0,38,-4,9.02
fold2_room1_mix0393,66,4,0,163,-12,2.59
fold2_room1_mix0393,66,4,0,126,-4,8.33
fold2_room1_mix0393,66,4,0,40,-4,8.89
fold2_room1_mix0393,67,4,0,159,-16,2.30
fold2_room1_mix0393,67,4,0,119,-8,6.58
fold2_room1_mix0393,67,4,0,47,-6,8.36
fold2_room1_mix0393,68,4,0,127,-23,1.76
fold2_room1_mix0393,68,4,0,101,-12,4.99
fold2_room1_mix0393,68,4,0,55,-5,8.97
fold2_room1_mix0393,69,4,0,92,-18,2.90
fold2_room1_mix0393,69,4,0,57,-4,9.86
fold2_room1_mix0393,70,4,0,84,-13,4.24
fold2_room1_mix0393,70,4,0,67,-15,2.85
fold2_room1_mix0393,70,4,0,46,-8,5.95
fold2_room1_mix0393,71,4,0,88,-7,6.55
fold2_room1_mix0393,71,4,0,51,-12,3.21
fold2_room1_mix0393,71,4,0,35,-10,4.14
fold2_room1_mix0393,72,4,0,103,-4,9.30
fold2_room1_mix0393,72,4,0,36,-9,4.48
fold2_room1_mix0393,73,4,0,100,-4,8.35
fold2_room1_mix0393,73,4,0,31,-9,4.33
fold2_room1_mix0393,74,4,0,98,-3,9.91
fold2_room1_mix0393,74,4,0,27,-8,4.68
fold2_room1_mix0393,75,4,0,104,-2,10.96
fold2_room1_mix0393,75,4,0,27,-7,4.85
fold2_room1_mix0393,76,4,0,100,-2,10.81
fold2_room1_mix0393,76,4,0,25,-6,5.41
fold2_room1_mix0393,77,4,0,105,-2,11.23
fold2_room1_mix0393,77,4,0,24,-7,5.49
fold2_room1_mix0393,78,4,0,109,-2,10.79
fold2_room1_mix0393,78,4,0,22,-6,6.50
fold2_room1_mix0393,79,4,0,118,-1,10.90
fold2_room1_mix0393,79,4,0,22,-5,7.33
fold2_room1_mix0393,80,4,0,119,-1,11.61
fold2_room1_mix0393,80,4,0,22,-5,7.19
fold2_room1_mix0393,81,4,0,125,-1,11.22
fold2_room1_mix0393,81,4,0,21,-4,8.05
fold2_room1_mix0393,82,4,0,126,-1,11.61
fold2_room1_mix0393,82,4,0,20,-4,8.66
fold2_room1_mix0393,83,4,0,125,-1,12.16
fold2_room1_mix0393,83,4,0,20,-3,9.85
fold2_room1_mix0393,84,4,0,130,-2,11.31
fold2_room1_mix0393,84,4,0,17,-3,10.74
fold2_room1_mix0393,85,4,0,132,-2,11.44
fold2_room1_mix0393,85,4,0,16,-3,10.90
fold2_room1_mix0393,86,4,0,134,-2,12.05
fold2_room1_mix0393,86,4,0,16,-3,12.08
fold2_room1_mix0393,87,4,0,138,-1,11.37
fold2_room1_mix0393,87,4,0,15,-2,13.12
fold2_room1_mix0393,88,4,0,137,-1,12.58
fold2_room1_mix0393,88,4,0,15,-2,13.38
fold2_room1_mix0393,89,4,0,137,-1,12.48
fold2_room1_mix0393,89,4,0,14,-2,15.17
fold2_room1_mix0393,90,4,0,139,-1,13.08
fold2_room1_mix0393,90,4,0,15,-2,15.03
fold2_room1_mix0393,91,4,0,139,-1,14.43
fold2_room1_mix0393,91,4,0,20,-2,17.35
fold2_room1_mix0393,92,4,0,143,-1,14.20
fold2_room1_mix0393,92,4,0,16,-2,18.82
fold2_room1_mix0393,93,4,0,147,-1,13.95
fold2_room1_mix0393,93,4,0,16,-1,18.20
fold2_room1_mix0393,94,4,0,148,-1,14.82
fold2_room1_mix0393,94,4,0,13,-1,19.86
fold2_room1_mix0393,95,4,0,149,0,15.93
fold2_room1_mix0393,95,4,0,13,-1,22.64
fold2_room1_mix0393,95,4,0,38,-1,18.73
fold2_room1_mix0393,96,4,0,152,0,15.88
fold2_room1_mix0393,96,4,0,10,0,24.00
fold2_room1_mix0393,97,4,0,153,0,16.47
fold2_room1_mix0393,97,4,0,10,-1,26.35
fold2_room1_mix0393,98,4,0,154,0,15.47
fold2_room1_mix0393,98,4,0,7,0,26.19
fold2_room1_mix0393,99,4,0,154,0,14.97
fold2_room1_mix0393,99,4,0,152,-1,15.40
fold2_room1_mix0394,3,4,0,-168,0,11.33
fold2_room1_mix0394,3,4,0,-9,-1,9.23
fold2_room1_mix0394,4,4,0,-174,-1,12.58
fold2_room1_mix0394,4,4,0,-9,-2,9.97
fold2_room1_mix0394,5,4,0,-176,-1,14.59
fold2_room1_mix0394,5,4,0,-13,-2,11.08
fold2_room1_mix0394,6,4,0,-176,0,18.54
fold2_room1_mix0394,6,4,0,-11,-2,12.99
fold2_room1_mix0394,7,4,0,-177,-1,25.34
fold2_room1_mix0394,7,4,0,-10,-2,17.26
fold2_room1_mix0394,8,4,0,-176,-1,24.72
fold2_room1_mix0394,8,4,0,-10,-2,16.34
fold2_room1_mix0394,9,4,0,-177,0,26.24
fold2_room1_mix0394,9,4,0,-11,-2,16.68
fold2_room1_mix0394,10,4,0,-178,0,25.76
fold2_room1_mix0394,10,4,0,-12,-2,16.38
fold2_room1_mix0394,11,4,0,-178,0,26.38
fold2_room1_mix0394,11,4,0,-9,-2,15.95
fold2_room1_mix0394,12,4,0,-177,-1,24.60
fold2_room1_mix0394,12,4,0,-10,-2,16.04
fold2_room1_mix0394,13,4,0,-176,-1,26.07
fold2_room1_mix0394,13,4,0,-12,-2,16.15
fold2_room1_mix0394,14,4,0,-176,-1,24.37
fold2_room1_mix0394,14,4,0,-12,-3,15.16
fold2_room1_mix0394,15,4,0,-177,-1,24.40
fold2_room1_mix0394,15,4,0,-11,-2,14.54
fold2_room1_mix0394,16,4,0,-177,-1,23.75
fold2_room1_mix0394,16,4,0,-14,-3,13.53
fold2_room1_mix0394,17,4,0,-176,-1,23.36
fold2_room1_mix0394,17,4,0,-13,-3,13.41
fold2_room1_mix0394,18,4,0,-177,-1,21.49
fold2_room1_mix0394,18,4,0,-15,-3,12.66
fold2_room1_mix0394,19,4,0,-177,-1,22.94
fold2_room1_mix0394,19,4,0,-14,-3,12.46
fold2_room1_mix0394,20,4,0,-178,-1,22.22
fold2_room1_mix0394,20,4,0,-14,-3,13.08
fold2_room1_mix0394,21,4,0,-176,-1,23.81
fold2_room1_mix0394,21,4,0,-14,-3,12.65
fold2_room1_mix0394,22,4,0,-178,-1,23.43
fold2_room1_mix0394,22,4,0,-15,-3,11.62
fold2_room1_mix0394,23,4,0,-175,-1,23.46
fold2_room1_mix0394,23,4,0,-16,-4,11.44
fold2_room1_mix0394,24,4,0,-174,-1,21.55
fold2_room1_mix0394,24,4,0,-16,-4,11.20
fold2_room1_mix0394,25,4,0,-174,-1,22.44
fold2_room1_mix0394,25,4,0,-15,-4,12.20
fold2_room1_mix0394,26,4,0,-177,-1,22.00
fold2_room1_mix0394,26,4,0,-17,-4,11.19
fold2_room1_mix0394,27,4,0,-172,-1,24.23
fold2_room1_mix0394,27,4,0,-18,-4,11.43
fold2_room1_mix0394,28,4,0,-174,-1,24.95
fold2_room1_mix0394,28,4,0,-19,-4,11.25
fold2_room1_mix0394,29,4,0,-170,-1,23.33
fold2_room1_mix0394,29,4,0,-19,-4,10.75
fold2_room1_mix0394,30,4,0,-171,-1,21.54
fold2_room1_mix0394,30,4,0,-18,-4,10.64
fold2_room1_mix0394,31,4,0,-173,-1,22.34
fold2_room1_mix0394,31,4,0,-20,-4,10.33
fold2_room1_mix0394,32,4,0,-174,0,23.62
fold2_room1_mix0394,32,4,0,-21,-4,10.17
fold2_room1_mix0394,33,4,0,-177,0,23.10
fold2_room1_mix0394,33,4,0,-20,-4,9.91
fold2_room1_mix0394,34,4,0,-178,0,21.99
fold2_room1_mix0394,34,4,0,-21,-4,9.32
fold2_room1_mix0394,35,4,0,-175,-1,20.74
fold2_room1_mix0394,35,4,0,-23,-4,8.95
fold2_room1_mix0394,36,4,0,-175,-1,21.31
fold2_room1_mix0394,36,4,0,-23,-5,8.89
fold2_room1_mix0394,37,4,0,-176,0,21.32
fold2_room1_mix0394,37,4,0,-24,-5,8.66
fold2_room1_mix0394,38,4,0,-179,-1,18.65
fold2_room1_mix0394,38,4,0,-25,-5,8.04
fold2_room1_mix0394,39,4,0,-177,0,20.87
fold2_room1_mix0394,39,4,0,-26,-5,7.56
fold2_room1_mix0394,40,4,0,-176,0,21.60
fold2_room1_mix0394,40,4,0,-27,-5,7.46
fold2_room1_mix0394,41,4,0,-178,-1,19.59
fold2_room1_mix0394,41,4,0,-28,-5,7.09
fold2_room1_mix0394,42,4,0,-177,0,21.12
fold2_room1_mix0394,42,4,0,-28,-6,7.11
fold2_room1_mix0394,43,4,0,-173,0,19.84
fold2_room1_mix0394,43,4,0,-28,-5,6.78
fold2_room1_mix0394,44,4,0,-176,0,23.49
fold2_room1_mix0394,44,4,0,-27,-5,6.84
fold2_room1_mix0394,45,4,0,-176,-1,19.46
fold2_room1_mix0394,45,4,0,-30,-6,6.31
fold2_room1_mix0394,46,4,0,-172,0,22.10
fold2_room1_mix0394,46,4,0,-30,-6,6.43
fold2_room1_mix0394,47,4,0,-169,0,22.76
fold2_room1_mix0394,47,4,0,-30,-6,6.18
fold2_room1_mix0394,48,4,0,-174,0,22.45
fold2_room1_mix0394,48,4,0,-34,-7,5.48
fold2_room1_mix0394,49,4,0,-174,0,23.38
fold2_room1_mix0394,49,4,0,-34,-7,5.87
fold2_room1_mix0394,50,4,0,-174,0,24.39
fold2_room1_mix0394,50,4,0,-32,-7,5.83
fold2_room1_mix0394,51,4,0,-173,0,22.84
fold2_room1_mix0394,51,4,0,-33,-7,5.38
fold2_room1_mix0394,52,4,0,-163,-2,18.77
fold2_room1_mix0394,52,4,0,-33,-7,6.13
fold2_room1_mix0394,53,4,0,-158,-3,13.63
fold2_room1_mix0394,53,4,0,-33,-6,7.07
fold2_room1_mix0394,54,4,0,-169,-1,20.74
fold2_room1_mix0394,54,4,0,-36,-7,6.23
fold2_room1_mix0394,55,4,0,-168,-1,20.90
fold2_room1_mix0394,55,4,0,-43,-9,4.63
fold2_room1_mix0394,56,4,0,-169,-1,18.98
fold2_room1_mix0394,56,4,0,-45,-9,4.23
fold2_room1_mix0394,57,4,0,-171,-2,18.82
fold2_room1_mix0394,57,4,0,-46,-8,4.65
fold2_room1_mix0394,58,4,0,-173,-2,18.98
fold2_room1_mix0394,58,4,0,-50,-10,3.75
fold2_room1_mix0394,59,4,0,-170,-2,17.16
fold2_room1_mix0394,59,4,0,-54,-10,3.56
fold2_room1_mix0394,60,4,0,-173,-3,14.88
fold2_room1_mix0394,60,4,0,-56,-10,3.54
fold2_room1_mix0394,61,4,0,-173,-3,14.19
fold2_room1_mix0394,61,4,0,-56,-11,3.28
fold2_room1_mix0394,62,4,0,-175,-4,13.54
fold2_room1_mix0394,62,4,0,-58,-11,3.23
fold2_room1_mix0394,63,4,0,-173,-4,13.27
fold2_room1_mix0394,63,4,0,-64,-12,3.25
fold2_room1_mix0394,64,4,0,-171,-4,12.77
fold2_room1_mix0394,64,4,0,-71,-11,3.31
fold2_room1_mix0394,65,4,0,-171,-5,12.20
fold2_room1_mix0394,65,4,0,-83,-12,3.25
fold2_room1_mix0394,66,3,0,173,-4,7.70
fold2_room1_mix0394,66,4,0,176,-5,12.17
fold2_room1_mix0394,66,4,0,-106,-11,3.07
fold2_room1_mix0394,66,4,0,-78,-14,3.18
fold2_room1_mix0394,67,3,0,-171,-4,10.62
fold2_room1_mix0394,67,4,0,178,-4,13.78
fold2_room1_mix0394,67,4,0,-111,-12,2.92
fold2_room1_mix0394,67,4,0,-78,-14,3.53
fold2_room1_mix0394,68,3,0,-169,-4,5.23
fold2_room1_mix0394,68,4,0,174,-6,12.16
fold2_room1_mix0394,68,4,0,-111,-12,2.94
fold2_room1_mix0394,68,4,0,-89,-14,3.99
fold2_room1_mix0394,69,4,0,176,-6,10.84
fold2_room1_mix0394,69,4,0,-106,-11,3.25
fold2_room1_mix0394,69,4,0,-91,-13,4.19
fold2_room1_mix0394,70,4,0,165,-6,10.99
fold2_room1_mix0394,70,4,0,-105,-11,3.84
fold2_room1_mix0394,71,3,0,168,-4,4.75
fold2_room1_mix0394,71,4,0,164,-7,8.62
fold2_room1_mix0394,71,4,0,-115,-9,3.62
fold2_room1_mix0394,71,4,0,-92,-11,4.62
fold2_room1_mix0394,72,4,0,175,-8,7.27
fold2_room1_mix0394,72,4,0,-113,-10,3.44
fold2_room1_mix0394,73,3,0,168,-4,3.19
fold2_room1_mix0394,73,4,0,152,-9,5.45
fold2_room1_mix0394,73,4,0,-123,-11,2.78
fold2_room1_mix0394,73,4,0,-104,-12,4.39
fold2_room1_mix0394,74,4,0,166,-10,4.89
fold2_room1_mix0394,74,4,0,-124,-10,2.82
fold2_room1_mix0394,74,4,0,-105,-12,3.99
fold2_room1_mix0394,75,4,0,163,-10,3.74
fold2_room1_mix0394,75,4,0,-135,-11,2.63
fold2_room1_mix0394,75,4,0,-101,-10,4.29
fold2_room1_mix0394,76,4,0,-130,-6,3.79
fold2_room1_mix0394,76,4,0,127,-6,4.18
fold2_room1_mix0394,76,4,0,142,-19,3.37
fold2_room1_mix0394,77,3,0,119,-5,8.69
fold2_room1_mix0394,77,4,0,-134,-8,3.53
fold2_room1_mix0394,77,4,0,120,-10,3.08
fold2_room1_mix0394,77,4,0,-96,-9,5.03
fold2_room1_mix0394,78,4,0,-135,-5,4.52
fold2_room1_mix0394,78,4,0,115,-16,2.37
fold2_room1_mix0394,79,4,0,-141,-8,4.73
fold2_room1_mix0394,79,4,0,90,-19,1.29
fold2_room1_mix0394,79,4,0,6,-21,3.39
fold2_room1_mix0394,80,4,0,-140,-8,4.14
fold2_room1_mix0394,80,4,0,65,-17,1.33
fold2_room1_mix0394,80,4,0,26,-12,3.53
fold2_room1_mix0394,81,4,0,-143,-8,4.15
fold2_room1_mix0394,81,4,0,51,-15,1.26
fold2_room1_mix0394,81,4,0,-4,-6,6.16
fold2_room1_mix0394,82,4,0,-145,-8,4.33
fold2_room1_mix0394,82,4,0,32,-13,1.35
fold2_room1_mix0394,82,4,0,-5,-5,6.37
fold2_room1_mix0394,83,4,0,-147,-7,4.33
fold2_room1_mix0394,83,4,0,27,-11,1.84
fold2_room1_mix0394,83,4,0,-3,-4,7.05
fold2_room1_mix0394,84,4,0,-146,-7,4.08
fold2_room1_mix0394,84,4,0,21,-10,2.48
fold2_room1_mix0394,84,4,0,0,-4,5.94
fold2_room1_mix0394,85,4,0,-146,-7,4.32
fold2_room1_mix0394,85,4,0,22,-9,2.99
fold2_room1_mix0394,85,4,0,0,-4,6.89
fold2_room1_mix0394,86,4,0,-149,-7,4.65
fold2_room1_mix0394,86,4,0,17,-9,3.31
fold2_room1_mix0394,86,4,0,0,-4,7.43
fold2_room1_mix0394,87,4,0,-146,-6,4.45
fold2_room1_mix0394,87,4,0,15,-8,4.04
fold2_room1_mix0394,87,4,0,0,-3,9.23
fold2_room1_mix0394,88,4,0,-145,-6,4.60
fold2_room1_mix0394,88,4,0,16,-7,4.34
fold2_room1_mix0394,88,4,0,0,-3,9.37
fold2_room1_mix0394,89,4,0,-149,-6,4.80
fold2_room1_mix0394,89,4,0,15,-6,4.79
fold2_room1_mix0394,89,4,0,0,-3,10.16
fold2_room1_mix0394,90,4,0,-147,-6,4.73
fold2_room1_mix0394,90,4,0,13,-6,5.37
fold2_room1_mix0394,90,4,0,-2,-2,11.82
fold2_room1_mix0394,91,4,0,-147,-6,4.94
fold2_room1_mix0394,91,4,0,6,-4,9.08
fold2_room1_mix0394,92,4,0,-148,-5,5.09
fold2_room1_mix0394,92,4,0,6,-3,10.06
fold2_room1_mix0394,93,4,0,-148,-5,5.45
fold2_room1_mix0394,93,4,0,3,-3,10.92
fold2_room1_mix0394,94,4,0,-150,-6,5.13
fold2_room1_mix0394,94,4,0,3,-4,11.51
fold2_room1_mix0394,95,4,0,-151,-5,5.20
fold2_room1_mix0394,95,4,0,3,-3,12.84
fold2_room1_mix0394,96,4,0,-153,-5,5.72
fold2_room1_mix0394,96,4,0,1,-3,13.79
fold2_room1_mix0394,97,4,0,-155,-4,5.85
fold2_room1_mix0394,97,4,0,3,-2,14.45
fold2_room1_mix0394,98,4,0,-156,-5,5.79
fold2_room1_mix0394,98,4,0,3,-3,14.81
fold2_room1_mix0394,99,4,0,-156,-5,5.26
fold2_room1_mix0394,99,4,0,4,-2,14.19
fold2_room1_mix0394,2,4,0,-11,0,2.99
fold2_room1_mix0395,4,4,0,2,1,2.66
fold2_room1_mix0395,5,4,0,1,0,19.36
fold2_room1_mix0395,6,4,0,1,0,19.62
fold2_room1_mix0395,7,4,0,0,0,23.53
fold2_room1_mix0395,8,4,0,3,-1,40.81
fold2_room1_mix0395,9,4,0,2,-1,37.13
fold2_room1_mix0395,10,4,0,2,-1,36.58
fold2_room1_mix0395,11,4,0,5,-1,42.20
fold2_room1_mix0395,12,4,0,0,-1,41.80
fold2_room1_mix0395,13,4,0,1,-1,40.14
fold2_room1_mix0395,14,4,0,2,-1,42.58
fold2_room1_mix0395,15,4,0,1,0,41.56
fold2_room1_mix0395,16,4,0,0,-1,41.81
fold2_room1_mix0395,17,4,0,0,0,41.77
fold2_room1_mix0395,18,4,0,2,0,45.38
fold2_room1_mix0395,19,4,0,2,0,44.20
fold2_room1_mix0395,20,4,0,1,0,46.32
fold2_room1_mix0395,21,4,0,2,0,48.46
fold2_room1_mix0395,22,4,0,2,0,43.86
fold2_room1_mix0395,23,4,0,0,0,42.79
fold2_room1_mix0395,24,4,0,0,0,45.26
fold2_room1_mix0395,25,4,0,0,0,44.12
fold2_room1_mix0395,26,4,0,2,0,42.74
fold2_room1_mix0395,27,4,0,2,0,46.40
fold2_room1_mix0395,28,4,0,0,0,41.74
fold2_room1_mix0395,29,4,0,2,0,41.77
fold2_room1_mix0395,30,4,0,1,0,41.18
fold2_room1_mix0395,31,4,0,2,0,40.64
fold2_room1_mix0395,32,4,0,1,0,39.85
fold2_room1_mix0395,33,4,0,3,0,39.12
fold2_room1_mix0395,34,4,0,3,0,38.78
fold2_room1_mix0395,35,4,0,3,0,35.91
fold2_room1_mix0395,36,4,0,3,0,36.71
fold2_room1_mix0395,37,4,0,4,0,35.34
fold2_room1_mix0395,38,4,0,5,0,33.68
fold2_room1_mix0395,39,4,0,5,0,34.31
fold2_room1_mix0395,40,4,0,4,0,33.95
fold2_room1_mix0395,41,4,0,2,0,30.54
fold2_room1_mix0395,42,4,0,5,0,28.20
fold2_room1_mix0395,43,4,0,5,0,29.51
fold2_room1_mix0395,44,4,0,4,0,27.06
fold2_room1_mix0395,45,4,0,4,0,26.51
fold2_room1_mix0395,46,4,0,4,0,25.89
fold2_room1_mix0395,47,4,0,5,0,25.88
fold2_room1_mix0395,48,4,0,5,-1,24.49
fold2_room1_mix0395,49,4,0,4,-1,23.72
fold2_room1_mix0395,50,4,0,4,-1,22.84
fold2_room1_mix0395,51,4,0,4,-1,21.67
fold2_room1_mix0395,52,4,0,4,-1,23.09
fold2_room1_mix0395,53,4,0,3,-1,23.70
fold2_room1_mix0395,54,0,0,-59,-3,3.06
fold2_room1_mix0395,54,4,0,2,-1,21.99
fold2_room1_mix0395,55,0,0,-64,-4,6.31
fold2_room1_mix0395,55,4,0,3,-2,20.19
fold2_room1_mix0395,56,0,0,-53,-3,7.84
fold2_room1_mix0395,56,4,0,4,-2,20.68
fold2_room1_mix0395,57,0,0,-52,-3,9.46
fold2_room1_mix0395,57,4,0,2,-2,19.49
fold2_room1_mix0395,58,0,0,-57,-3,11.87
fold2_room1_mix0395,58,4,0,5,-2,18.71
fold2_room1_mix0395,59,0,0,-50,-3,15.08
fold2_room1_mix0395,59,4,0,4,-2,18.72
fold2_room1_mix0395,60,0,0,-45,-3,13.47
fold2_room1_mix0395,60,4,0,3,-2,16.53
fold2_room1_mix0395,61,0,0,-45,-3,13.84
fold2_room1_mix0395,61,4,0,5,-2,15.57
fold2_room1_mix0395,62,0,0,-43,-3,15.63
fold2_room1_mix0395,62,4,0,4,-2,15.30
fold2_room1_mix0395,63,0,0,-38,-2,16.34
fold2_room1_mix0395,63,4,0,5,-2,14.51
fold2_room1_mix0395,64,0,0,-38,-2,18.81
fold2_room1_mix0395,64,4,0,5,-3,13.26
fold2_room1_mix0395,65,0,0,-36,-2,18.60
fold2_room1_mix0395,65,4,0,5,-3,12.43
fold2_room1_mix0395,66,0,0,-37,-2,17.61
fold2_room1_mix0395,66,4,0,7,-3,11.65
fold2_room1_mix0395,67,0,0,-34,-2,19.51
fold2_room1_mix0395,67,4,0,6,-4,10.39
fold2_room1_mix0395,68,0,0,-32,-2,19.83
fold2_room1_mix0395,68,4,0,6,-4,10.46
fold2_room1_mix0395,69,0,0,-30,-2,18.98
fold2_room1_mix0395,69,4,0,5,-4,9.40
fold2_room1_mix0395,70,0,0,-29,-2,20.69
fold2_room1_mix0395,70,4,0,7,-4,8.25
fold2_room1_mix0395,71,0,0,-29,-2,19.98
fold2_room1_mix0395,71,4,0,6,-5,7.40
fold2_room1_mix0395,72,0,0,-28,-2,21.70
fold2_room1_mix0395,72,4,0,8,-5,6.49
fold2_room1_mix0395,73,0,0,-28,-2,21.39
fold2_room1_mix0395,73,4,0,9,-6,5.57
fold2_room1_mix0395,74,0,0,-25,-2,22.74
fold2_room1_mix0395,74,4,0,12,-7,4.66
fold2_room1_mix0395,75,0,0,-28,-2,24.59
fold2_room1_mix0395,75,4,0,14,-8,3.76
fold2_room1_mix0395,75,5,0,-61,9,2.89
fold2_room1_mix0395,76,0,0,-28,-2,25.31
fold2_room1_mix0395,76,4,0,14,-10,3.22
fold2_room1_mix0395,77,0,0,-24,-1,28.06
fold2_room1_mix0395,77,4,0,22,-16,2.69
fold2_room1_mix0395,78,0,0,-24,-1,26.83
fold2_room1_mix0395,78,4,0,31,-21,2.01
fold2_room1_mix0395,79,0,0,-22,-1,28.12
fold2_room1_mix0395,79,4,0,48,-31,1.64
fold2_room1_mix0395,80,0,0,-22,-1,31.81
fold2_room1_mix0395,80,4,0,92,-37,1.44
fold2_room1_mix0395,81,0,0,-22,-1,30.41
fold2_room1_mix0395,81,4,0,134,-25,1.76
fold2_room1_mix0395,82,0,0,-23,-1,28.73
fold2_room1_mix0395,82,4,0,148,-19,2.10
fold2_room1_mix0395,83,0,0,-20,-1,31.80
fold2_room1_mix0395,83,4,0,160,-14,2.65
fold2_room1_mix0395,84,0,0,-16,-1,38.61
fold2_room1_mix0395,84,4,0,160,-12,3.31
fold2_room1_mix0395,85,0,0,-21,-1,30.10
fold2_room1_mix0395,85,4,0,165,-10,3.74
fold2_room1_mix0395,86,0,0,-19,-1,32.65
fold2_room1_mix0395,86,4,0,168,-9,4.59
fold2_room1_mix0395,87,0,0,-19,-1,23.14
fold2_room1_mix0395,87,4,0,170,-7,5.10
fold2_room1_mix0395,88,0,0,-20,-1,17.09
fold2_room1_mix0395,88,4,0,172,-5,6.35
fold2_room1_mix0395,89,0,0,-19,-1,17.13
fold2_room1_mix0395,89,4,0,173,-6,6.66
fold2_room1_mix0395,90,0,0,-16,0,11.76
fold2_room1_mix0395,90,4,0,174,-5,7.60
fold2_room1_mix0395,91,0,0,-17,-1,9.54
fold2_room1_mix0395,91,4,0,174,-4,8.66
fold2_room1_mix0395,92,4,0,175,-4,9.11
fold2_room1_mix0395,93,0,0,-17,0,4.23
fold2_room1_mix0395,93,4,0,175,-3,10.06
fold2_room1_mix0395,94,4,0,175,-3,10.30
fold2_room1_mix0395,95,4,0,176,-3,11.40
fold2_room1_mix0395,96,4,0,176,-2,12.63
fold2_room1_mix0395,97,4,0,175,-2,12.81
fold2_room1_mix0395,98,4,0,175,-2,13.92
fold2_room1_mix0395,99,4,0,176,-2,14.52
fold2_room1_mix0396,21,2,0,62,-4,7.42
fold2_room1_mix0396,22,2,0,60,-5,8.66
fold2_room1_mix0396,23,2,0,68,-4,8.62
fold2_room1_mix0396,24,2,0,68,-4,9.39
fold2_room1_mix0396,25,2,0,67,-4,9.52
fold2_room1_mix0396,31,2,0,78,-4,9.86
fold2_room1_mix0396,32,2,0,82,-4,12.37
fold2_room1_mix0396,32,4,0,177,0,2.64
fold2_room1_mix0396,33,2,0,75,-4,10.24
fold2_room1_mix0396,34,2,0,85,-5,8.93
fold2_room1_mix0396,34,4,0,176,-1,3.43
fold2_room1_mix0396,35,2,0,82,-5,11.35
fold2_room1_mix0396,35,4,0,174,-1,4.38
fold2_room1_mix0396,36,4,0,172,0,11.29
fold2_room1_mix0396,37,4,0,175,-1,7.76
fold2_room1_mix0396,38,4,0,176,-1,15.30
fold2_room1_mix0396,39,4,0,175,-1,17.99
fold2_room1_mix0396,40,4,0,177,-1,12.77
fold2_room1_mix0396,41,4,0,178,-1,18.59
fold2_room1_mix0396,42,4,0,178,-1,18.65
fold2_room1_mix0396,43,4,0,179,-1,18.52
fold2_room1_mix0396,44,4,0,178,-1,18.92
fold2_room1_mix0396,45,4,0,-178,-1,17.95
fold2_room1_mix0396,46,4,0,-179,-1,19.35
fold2_room1_mix0396,47,4,0,-178,-1,18.03
fold2_room1_mix0396,48,4,0,-178,-1,18.00
fold2_room1_mix0396,49,4,0,-176,-1,17.93
fold2_room1_mix0396,50,4,0,-175,-1,16.56
fold2_room1_mix0396,51,4,0,-177,-2,16.74
fold2_room1_mix0396,52,4,0,-176,-2,16.26
fold2_room1_mix0396,53,4,0,-176,-2,15.71
fold2_room1_mix0396,54,4,0,-174,-2,14.84
fold2_room1_mix0396,55,4,0,-175,-2,14.18
fold2_room1_mix0396,56,4,0,-174,-2,13.70
fold2_room1_mix0396,57,4,0,-174,-2,12.99
fold2_room1_mix0396,58,4,0,-174,-2,12.35
fold2_room1_mix0396,59,4,0,-174,-3,12.04
fold2_room1_mix0396,60,4,0,-175,-2,12.16
fold2_room1_mix0396,61,4,0,-174,-2,11.53
fold2_room1_mix0396,62,4,0,-173,-3,11.19
fold2_room1_mix0396,63,4,0,-176,-3,10.08
fold2_room1_mix0396,64,4,0,-174,-3,10.55
fold2_room1_mix0396,65,4,0,-173,-3,9.99
fold2_room1_mix0396,66,4,0,-173,-3,9.33
fold2_room1_mix0396,67,4,0,-173,-4,8.87
fold2_room1_mix0396,68,4,0,-172,-4,8.53
fold2_room1_mix0396,69,4,0,-172,-4,7.96
fold2_room1_mix0396,70,4,0,-173,-5,7.49
fold2_room1_mix0396,71,4,0,-171,-4,7.53
fold2_room1_mix0396,72,4,0,-171,-4,7.27
fold2_room1_mix0396,73,4,0,-172,-5,6.19
fold2_room1_mix0396,74,4,0,-172,-6,5.69
fold2_room1_mix0396,75,4,0,-168,-6,5.16
fold2_room1_mix0396,76,4,0,-168,-7,4.93
fold2_room1_mix0396,77,4,0,-167,-8,4.24
fold2_room1_mix0396,78,4,0,-167,-8,4.15
fold2_room1_mix0396,79,4,0,-165,-12,3.21
fold2_room1_mix0396,80,4,0,-164,-12,3.05
fold2_room1_mix0396,81,4,0,-161,-15,2.86
fold2_room1_mix0396,82,4,0,-159,-19,2.35
fold2_room1_mix0396,83,4,0,-152,-25,1.83
fold2_room1_mix0396,84,4,0,-140,-34,1.53
fold2_room1_mix0396,85,4,0,-104,-46,1.10
fold2_room1_mix0396,86,4,0,-61,-44,1.11
fold2_room1_mix0396,87,4,0,-34,-30,1.44
fold2_room1_mix0396,88,4,0,-24,-25,1.78
fold2_room1_mix0396,89,4,0,-20,-19,2.31
fold2_room1_mix0396,90,4,0,-14,-15,2.71
fold2_room1_mix0396,91,4,0,-11,-14,3.17
fold2_room1_mix0396,92,4,0,-8,-11,3.80
fold2_room1_mix0396,93,4,0,-7,-10,4.03
fold2_room1_mix0396,94,4,0,-6,-9,4.48
fold2_room1_mix0396,95,4,0,-5,-9,4.82
fold2_room1_mix0396,96,4,0,-5,-8,5.09
fold2_room1_mix0396,97,4,0,-5,-7,5.73
fold2_room1_mix0396,98,4,0,-4,-7,5.93
fold2_room1_mix0396,99,4,0,-3,-6,6.08
fold2_room1_mix0397,18,1,0,-34,-3,26.27
fold2_room1_mix0397,20,1,0,-38,-3,21.27
fold2_room1_mix0397,21,1,0,-33,-3,22.64
fold2_room1_mix0397,22,1,0,-34,-3,19.28
fold2_room1_mix0397,23,1,0,-35,-3,18.46
fold2_room1_mix0397,25,1,0,-40,-3,20.07
fold2_room1_mix0397,26,1,0,-36,-3,21.01
fold2_room1_mix0397,27,1,0,-42,-3,17.49
fold2_room1_mix0397,28,1,0,-41,-3,20.75
fold2_room1_mix0397,30,1,0,-45,-3,17.01
fold2_room1_mix0397,31,1,0,-41,-3,19.05
fold2_room1_mix0397,32,1,0,-51,-3,13.48
fold2_room1_mix0397,33,1,0,-45,-3,16.17
fold2_room1_mix0397,35,1,0,-53,-3,11.98
fold2_room1_mix0397,36,1,0,-50,-3,17.19
fold2_room1_mix0397,37,1,0,-59,-3,11.88
fold2_room1_mix0397,38,1,0,-51,-3,15.54
fold2_room1_mix0397,40,1,0,-57,-3,11.57
fold2_room1_mix0397,41,1,0,-62,-3,11.93
fold2_room1_mix0397,42,1,0,-69,-4,10.69
fold2_room1_mix0397,43,1,0,-69,-4,11.27
fold2_room1_mix0397,45,1,0,-73,-4,8.86
fold2_room1_mix0397,46,1,0,-81,-3,8.36
fold2_room1_mix0397,47,1,0,-89,-4,9.25
fold2_room1_mix0397,48,1,0,-88,-4,9.75
fold2_room1_mix0397,50,1,0,-93,-3,5.24
fold2_room1_mix0397,51,1,0,-98,-3,5.51
fold2_room1_mix0397,52,1,0,-104,-4,9.23
fold2_room1_mix0397,53,1,0,-106,-4,8.98
fold2_room1_mix0397,55,1,0,-114,-3,8.34
fold2_room1_mix0397,56,1,0,-117,-3,8.19
fold2_room1_mix0397,57,1,0,-121,-3,10.06
fold2_room1_mix0397,58,1,0,-125,-3,11.29
fold2_room1_mix0397,60,1,0,-130,-3,9.14
fold2_room1_mix0397,61,1,0,-128,-2,6.45
fold2_room1_mix0397,64,4,0,-10,0,5.67
fold2_room1_mix0397,65,4,0,-11,-1,9.16
fold2_room1_mix0397,66,4,0,-11,-1,15.09
fold2_room1_mix0397,67,4,0,-8,-2,16.87
fold2_room1_mix0397,68,4,0,-12,-2,15.98
fold2_room1_mix0397,69,4,0,-14,-2,14.98
fold2_room1_mix0397,70,4,0,-12,-3,14.42
fold2_room1_mix0397,71,4,0,-12,-3,14.33
fold2_room1_mix0397,72,4,0,-15,-3,12.59
fold2_room1_mix0397,73,4,0,-17,-4,11.53
fold2_room1_mix0397,74,4,0,-16,-4,10.69
fold2_room1_mix0397,75,4,0,-17,-4,10.02
fold2_room1_mix0397,76,4,0,-20,-4,9.05
fold2_room1_mix0397,77,4,0,-19,-5,7.70
fold2_room1_mix0397,78,4,0,-22,-5,7.01
fold2_room1_mix0397,79,4,0,-28,-6,5.78
fold2_room1_mix0397,80,4,0,-29,-8,4.83
fold2_room1_mix0397,81,4,0,-35,-7,4.38
fold2_room1_mix0397,82,4,0,-41,-11,3.50
fold2_room1_mix0397,83,4,0,-59,-12,3.17
fold2_room1_mix0397,84,4,0,-78,-13,3.20
fold2_room1_mix0397,85,4,0,-93,-15,3.15
fold2_room1_mix0397,86,4,0,-109,-13,3.23
fold2_room1_mix0397,87,4,0,-123,-12,3.42
fold2_room1_mix0397,88,4,0,-137,-10,4.10
fold2_room1_mix0397,89,4,0,-141,-9,4.66
fold2_room1_mix0397,90,4,0,-147,-8,5.03
fold2_room1_mix0397,91,4,0,-151,-6,6.15
fold2_room1_mix0397,92,4,0,-154,-6,6.89
fold2_room1_mix0397,93,4,0,-156,-5,7.36
fold2_room1_mix0397,94,4,0,-158,-4,8.48
fold2_room1_mix0397,95,4,0,-158,-4,9.39
fold2_room1_mix0397,96,4,0,-160,-3,10.47
fold2_room1_mix0397,97,4,0,-161,-3,11.69
fold2_room1_mix0397,98,4,0,-162,-2,12.07
fold2_room1_mix0397,99,4,0,-163,-2,13.06
fold2_room1_mix0398,4,4,0,-174,1,5.45
fold2_room1_mix0398,5,4,0,-173,0,18.23
fold2_room1_mix0398,6,4,0,-173,0,19.13
fold2_room1_mix0398,7,4,0,-172,0,25.06
fold2_room1_mix0398,8,4,0,-171,0,34.26
fold2_room1_mix0398,9,4,0,-172,0,34.43
fold2_room1_mix0398,10,4,0,-173,0,33.35
fold2_room1_mix0398,11,4,0,-171,0,32.71
fold2_room1_mix0398,12,4,0,-171,0,32.89
fold2_room1_mix0398,13,4,0,-171,0,31.71
fold2_room1_mix0398,14,4,0,-170,0,32.34
fold2_room1_mix0398,15,4,0,-170,0,32.60
fold2_room1_mix0398,16,4,0,-170,0,31.72
fold2_room1_mix0398,17,4,0,-168,0,31.84
fold2_room1_mix0398,18,4,0,-169,0,31.57
fold2_room1_mix0398,19,4,0,-168,0,31.24
fold2_room1_mix0398,20,4,0,-168,0,31.36
fold2_room1_mix0398,21,4,0,-167,0,31.55
fold2_room1_mix0398,22,4,0,-166,0,30.30
fold2_room1_mix0398,23,4,0,-167,0,29.25
fold2_room1_mix0398,24,4,0,-166,0,30.59
fold2_room1_mix0398,25,4,0,-165,0,30.10
fold2_room1_mix0398,26,4,0,-164,0,29.35
fold2_room1_mix0398,27,4,0,-165,0,30.32
fold2_room1_mix0398,28,4,0,-164,-1,28.32
fold2_room1_mix0398,29,4,0,-164,-1,28.68
fold2_room1_mix0398,30,4,0,-163,0,29.57
fold2_room1_mix0398,31,4,0,-163,-1,27.95
fold2_room1_mix0398,32,4,0,-163,-1,27.38
fold2_room1_mix0398,33,4,0,-162,0,27.56
fold2_room1_mix0398,34,4,0,-161,-1,26.18
fold2_room1_mix0398,35,4,0,-161,-1,25.98
fold2_room1_mix0398,36,4,0,-161,-1,25.83
fold2_room1_mix0398,37,4,0,-160,-1,24.37
fold2_room1_mix0398,38,4,0,-159,-1,23.87
fold2_room1_mix0398,39,4,0,-158,-1,22.87
fold2_room1_mix0398,40,4,0,-159,-1,22.93
fold2_room1_mix0398,41,4,0,-157,0,21.84
fold2_room1_mix0398,42,4,0,-158,-1,21.10
fold2_room1_mix0398,43,4,0,-157,-1,20.95
fold2_room1_mix0398,44,4,0,-156,-1,20.11
fold2_room1_mix0398,45,4,0,-156,-1,20.28
fold2_room1_mix0398,46,4,0,-155,-1,20.40
fold2_room1_mix0398,47,4,0,-154,-1,19.25
fold2_room1_mix0398,48,4,0,-155,-1,19.14
fold2_room1_mix0398,49,4,0,-154,-1,19.12
fold2_room1_mix0398,50,4,0,-154,-1,18.64
fold2_room1_mix0398,51,4,0,-151,-1,17.65
fold2_room1_mix0398,52,4,0,-150,-1,17.44
fold2_room1_mix0398,53,4,0,-149,-1,16.13
fold2_room1_mix0398,54,4,0,-148,-1,15.93
fold2_room1_mix0398,55,4,0,-147,-1,14.88
fold2_room1_mix0398,56,4,0,-145,-2,14.74
fold2_room1_mix0398,57,4,0,-144,-2,14.31
fold2_room1_mix0398,58,4,0,-143,-2,13.18
fold2_room1_mix0398,59,4,0,-141,-2,13.25
fold2_room1_mix0398,60,4,0,-139,-2,12.85
fold2_room1_mix0398,61,4,0,-139,-2,11.92
fold2_room1_mix0398,62,4,0,-136,-2,11.87
fold2_room1_mix0398,63,4,0,-135,-3,11.05
fold2_room1_mix0398,64,4,0,-133,-3,10.55
fold2_room1_mix0398,65,4,0,-129,-3,9.99
fold2_room1_mix0398,66,4,0,-128,-3,10.09
fold2_room1_mix0398,67,4,0,-127,-3,9.68
fold2_room1_mix0398,68,4,0,-124,-3,9.38
fold2_room1_mix0398,69,4,0,-123,-3,9.30
fold2_room1_mix0398,70,4,0,-120,-3,9.17
fold2_room1_mix0398,71,4,0,-118,-3,8.94
fold2_room1_mix0398,72,4,0,-115,-3,8.90
fold2_room1_mix0398,73,4,0,-113,-4,8.68
fold2_room1_mix0398,74,4,0,-109,-4,8.17
fold2_room1_mix0398,75,4,0,-105,-4,8.71
fold2_room1_mix0398,76,4,0,-99,-4,8.21
fold2_room1_mix0398,77,4,0,-94,-4,8.05
fold2_room1_mix0398,78,4,0,-91,-4,8.42
fold2_room1_mix0398,79,4,0,-87,-4,8.22
fold2_room1_mix0398,80,4,0,-82,-3,8.63
fold2_room1_mix0398,81,4,0,-79,-3,8.97
fold2_room1_mix0398,82,4,0,-74,-3,8.88
fold2_room1_mix0398,83,4,0,-69,-3,8.96
fold2_room1_mix0398,84,4,0,-65,-3,9.15
fold2_room1_mix0398,85,4,0,-62,-3,9.20
fold2_room1_mix0398,86,4,0,-59,-3,9.74
fold2_room1_mix0398,87,4,0,-56,-3,9.65
fold2_room1_mix0398,88,4,0,-53,-3,10.46
fold2_room1_mix0398,89,4,0,-51,-3,10.52
fold2_room1_mix0398,90,4,0,-48,-3,10.74
fold2_room1_mix0398,91,4,0,-46,-2,12.06
fold2_room1_mix0398,92,4,0,-44,-2,11.67
fold2_room1_mix0398,93,4,0,-42,-2,12.30
fold2_room1_mix0398,94,4,0,-39,-2,13.15
fold2_room1_mix0398,95,4,0,-36,-2,12.79
fold2_room1_mix0398,96,4,0,-35,-2,13.76
fold2_room1_mix0398,97,4,0,-34,-2,14.55
fold2_room1_mix0398,98,4,0,-33,-2,14.96
fold2_room1_mix0398,99,4,0,-31,-2,15.40
fold2_room1_mix0399,7,4,0,174,0,8.00
fold2_room1_mix0399,8,4,0,177,0,5.57
fold2_room1_mix0399,9,4,0,175,0,11.73
fold2_room1_mix0399,10,4,0,174,0,17.49
fold2_room1_mix0399,11,4,0,173,0,21.97
fold2_room1_mix0399,12,4,0,175,0,21.69
fold2_room1_mix0399,13,4,0,176,0,21.27
fold2_room1_mix0399,14,4,0,178,0,22.50
fold2_room1_mix0399,15,4,0,178,0,24.38
fold2_room1_mix0399,16,4,0,178,0,22.84
fold2_room1_mix0399,17,4,0,177,0,24.76
fold2_room1_mix0399,18,4,0,178,0,24.74
fold2_room1_mix0399,19,4,0,178,0,26.04
fold2_room1_mix0399,20,4,0,179,0,24.92
fold2_room1_mix0399,21,4,0,177,0,24.49
fold2_room1_mix0399,22,4,0,177,0,23.74
fold2_room1_mix0399,23,4,0,178,0,24.44
fold2_room1_mix0399,24,4,0,176,0,22.91
fold2_room1_mix0399,25,4,0,179,0,23.51
fold2_room1_mix0399,26,4,0,178,0,24.67
fold2_room1_mix0399,27,4,0,-179,0,24.28
fold2_room1_mix0399,28,4,0,-179,0,27.56
fold2_room1_mix0399,29,4,0,-179,0,26.97
fold2_room1_mix0399,30,4,0,-179,0,25.00
fold2_room1_mix0399,31,4,0,179,0,24.58
fold2_room1_mix0399,32,4,0,179,0,24.33
fold2_room1_mix0399,33,4,0,-179,0,21.93
fold2_room1_mix0399,34,4,0,-178,0,24.23
fold2_room1_mix0399,35,4,0,-179,0,23.13
fold2_room1_mix0399,36,4,0,-179,0,23.90
fold2_room1_mix0399,37,4,0,-178,0,21.96
fold2_room1_mix0399,38,4,0,-178,0,24.75
fold2_room1_mix0399,39,4,0,-179,0,23.11
fold2_room1_mix0399,40,4,0,179,0,25.23
fold2_room1_mix0399,41,4,0,-179,0,21.46
fold2_room1_mix0399,42,4,0,-179,0,21.97
fold2_room1_mix0399,43,4,0,179,0,21.64
fold2_room1_mix0399,44,4,0,-179,-1,20.93
fold2_room1_mix0399,45,4,0,-179,-1,20.14
fold2_room1_mix0399,46,4,0,-179,-1,21.16
fold2_room1_mix0399,47,4,0,-179,-1,19.44
fold2_room1_mix0399,48,4,0,179,-1,19.03
fold2_room1_mix0399,49,4,0,-178,-1,18.79
fold2_room1_mix0399,50,4,0,-178,-1,17.40
fold2_room1_mix0399,51,4,0,-178,-1,15.95
fold2_room1_mix0399,52,4,0,-178,-1,15.35
fold2_room1_mix0399,53,4,0,-178,-2,14.82
fold2_room1_mix0399,54,4,0,-179,-2,13.34
fold2_room1_mix0399,55,4,0,179,-2,12.59
fold2_room1_mix0399,56,4,0,-178,-3,12.27
fold2_room1_mix0399,57,4,0,-178,-3,11.57
fold2_room1_mix0399,58,4,0,-179,-3,10.28
fold2_room1_mix0399,59,4,0,-179,-3,9.70
fold2_room1_mix0399,60,4,0,-177,-4,9.25
fold2_room1_mix0399,61,4,0,-178,-5,7.86
fold2_room1_mix0399,62,4,0,-179,-6,6.75
fold2_room1_mix0399,63,4,0,178,-8,5.35
fold2_room1_mix0399,64,4,0,178,-10,5.00
fold2_room1_mix0399,65,4,0,177,-17,3.60
fold2_room1_mix0399,66,4,0,168,-27,2.61
fold2_room1_mix0399,67,4,0,133,-47,1.57
fold2_room1_mix0399,68,4,0,54,-52,1.39
fold2_room1_mix0399,69,4,0,23,-35,1.77
fold2_room1_mix0399,70,4,0,14,-25,2.44
fold2_room1_mix0399,71,4,0,10,-17,3.32
fold2_room1_mix0399,72,4,0,9,-14,4.17
fold2_room1_mix0399,73,4,0,7,-11,4.85
fold2_room1_mix0399,74,4,0,7,-9,5.62
fold2_room1_mix0399,75,4,0,5,-7,6.83
fold2_room1_mix0399,76,4,0,4,-6,8.07
fold2_room1_mix0399,77,4,0,4,-6,8.85
fold2_room1_mix0399,78,4,0,3,-5,9.95
fold2_room1_mix0399,79,4,0,4,-5,10.05
fold2_room1_mix0399,80,4,0,3,-5,11.64
fold2_room1_mix0399,81,4,0,3,-4,12.35
fold2_room1_mix0399,82,4,0,3,-4,12.70
fold2_room1_mix0399,83,4,0,4,-4,13.39
fold2_room1_mix0399,84,4,0,4,-3,14.42
fold2_room1_mix0399,85,4,0,3,-3,14.92
fold2_room1_mix0399,86,4,0,3,-3,15.79
fold2_room1_mix0399,87,4,0,3,-3,16.49
fold2_room1_mix0399,88,4,0,3,-3,18.00
fold2_room1_mix0399,89,4,0,3,-3,18.70
fold2_room1_mix0399,90,4,0,4,-2,18.63
fold2_room1_mix0399,91,4,0,4,-2,20.18
fold2_room1_mix0399,92,4,0,4,-2,20.02
fold2_room1_mix0399,93,4,0,4,-2,21.51
fold2_room1_mix0399,94,4,0,4,-2,21.87
fold2_room1_mix0399,95,4,0,4,-2,22.81
fold2_room1_mix0399,96,4,0,4,-2,23.49
fold2_room1_mix0399,97,4,0,3,-2,24.61
fold2_room1_mix0399,98,4,0,3,-2,24.60
fold2_room1_mix0399,99,4,0,4,-2,25.96
fold2_room1_mix0400,3,4,0,-170,1,3.38
fold2_room1_mix0400,4,4,0,-177,0,13.28
fold2_room1_mix0400,4,4,0,-149,0,14.19
fold2_room1_mix0400,5,4,0,-175,0,14.11
fold2_room1_mix0400,5,4,0,-149,0,15.08
fold2_room1_mix0400,6,4,0,-175,0,17.52
fold2_room1_mix0400,6,4,0,-151,0,17.06
fold2_room1_mix0400,7,4,0,-175,0,23.43
fold2_room1_mix0400,7,4,0,-147,0,25.83
fold2_room1_mix0400,8,4,0,-175,0,22.18
fold2_room1_mix0400,8,4,0,-148,0,25.87
fold2_room1_mix0400,9,4,0,-177,0,22.55
fold2_room1_mix0400,9,4,0,-147,0,25.96
fold2_room1_mix0400,10,4,0,-173,0,25.12
fold2_room1_mix0400,10,4,0,-148,0,27.10
fold2_room1_mix0400,11,4,0,-173,0,24.35
fold2_room1_mix0400,11,4,0,-148,0,27.36
fold2_room1_mix0400,12,4,0,-171,0,24.95
fold2_room1_mix0400,12,4,0,-149,0,28.22
fold2_room1_mix0400,13,4,0,-173,0,23.67
fold2_room1_mix0400,13,4,0,-147,0,26.78
fold2_room1_mix0400,14,4,0,-175,0,23.52
fold2_room1_mix0400,14,4,0,-146,0,26.72
fold2_room1_mix0400,15,4,0,-173,0,23.13
fold2_room1_mix0400,15,4,0,-145,0,26.59
fold2_room1_mix0400,16,4,0,-174,0,22.99
fold2_room1_mix0400,16,4,0,-145,0,26.09
fold2_room1_mix0400,17,4,0,-172,0,21.74
fold2_room1_mix0400,17,4,0,-145,0,27.55
fold2_room1_mix0400,18,4,0,-172,0,23.07
fold2_room1_mix0400,18,4,0,-146,0,26.50
fold2_room1_mix0400,19,4,0,-173,0,21.93
fold2_room1_mix0400,19,4,0,-144,0,26.14
fold2_room1_mix0400,20,4,0,-172,0,22.92
fold2_room1_mix0400,20,4,0,-143,0,26.47
fold2_room1_mix0400,21,4,0,-169,0,21.71
fold2_room1_mix0400,21,4,0,-143,0,24.98
fold2_room1_mix0400,22,4,0,-172,0,21.50
fold2_room1_mix0400,22,4,0,-141,0,24.14
fold2_room1_mix0400,23,4,0,-169,0,20.25
fold2_room1_mix0400,23,4,0,-142,0,23.97
fold2_room1_mix0400,24,4,0,-175,0,22.15
fold2_room1_mix0400,24,4,0,-160,0,20.70
fold2_room1_mix0400,24,4,0,-142,0,24.07
fold2_room1_mix0400,25,4,0,-169,0,21.22
fold2_room1_mix0400,25,4,0,-142,0,24.94
fold2_room1_mix0400,26,4,0,-172,0,20.66
fold2_room1_mix0400,26,4,0,-140,0,23.97
fold2_room1_mix0400,27,4,0,-175,0,19.52
fold2_room1_mix0400,27,4,0,-140,0,24.30
fold2_room1_mix0400,28,4,0,-172,0,20.95
fold2_room1_mix0400,28,4,0,-143,0,24.70
fold2_room1_mix0400,29,4,0,178,-1,19.74
fold2_room1_mix0400,29,4,0,-166,0,19.82
fold2_room1_mix0400,29,4,0,-140,0,24.11
fold2_room1_mix0400,30,4,0,-178,-1,19.62
fold2_room1_mix0400,30,4,0,-139,0,23.35
fold2_room1_mix0400,31,4,0,-176,-1,19.90
fold2_room1_mix0400,31,4,0,-140,0,23.72
fold2_room1_mix0400,32,4,0,-177,-1,18.53
fold2_room1_mix0400,32,4,0,-139,0,22.39
fold2_room1_mix0400,33,4,0,-178,-1,18.83
fold2_room1_mix0400,33,4,0,-137,0,23.07
fold2_room1_mix0400,34,4,0,-178,-1,20.57
fold2_room1_mix0400,34,4,0,-139,0,23.01
fold2_room1_mix0400,35,4,0,-178,0,19.64
fold2_room1_mix0400,35,4,0,-139,0,23.30
fold2_room1_mix0400,36,4,0,179,0,20.58
fold2_room1_mix0400,36,4,0,-140,0,24.33
fold2_room1_mix0400,37,4,0,-179,0,20.25
fold2_room1_mix0400,37,4,0,-138,0,22.62
fold2_room1_mix0400,38,4,0,-178,-1,19.51
fold2_room1_mix0400,38,4,0,-138,0,24.28
fold2_room1_mix0400,39,4,0,174,-1,20.80
fold2_room1_mix0400,39,4,0,-169,0,20.49
fold2_room1_mix0400,39,4,0,-139,0,24.64
fold2_room1_mix0400,40,4,0,-178,-1,19.97
fold2_room1_mix0400,40,4,0,-138,0,23.92
fold2_room1_mix0400,41,4,0,170,-1,19.49
fold2_room1_mix0400,41,4,0,-171,0,19.18
fold2_room1_mix0400,41,4,0,-135,0,23.86
fold2_room1_mix0400,42,4,0,-175,-1,19.96
fold2_room1_mix0400,42,4,0,-137,0,23.54
fold2_room1_mix0400,43,4,0,173,-2,19.55
fold2_room1_mix0400,43,4,0,-169,-1,18.37
fold2_room1_mix0400,43,4,0,-133,0,22.80
fold2_room1_mix0400,44,4,0,178,-1,18.84
fold2_room1_mix0400,44,4,0,-133,0,21.11
fold2_room1_mix0400,45,4,0,178,-1,19.54
fold2_room1_mix0400,45,4,0,-132,0,20.30
fold2_room1_mix0400,46,4,0,179,-1,20.46
fold2_room1_mix0400,46,4,0,-130,-1,18.73
fold2_room1_mix0400,47,4,0,178,-1,19.27
fold2_room1_mix0400,47,4,0,-129,-1,18.45
fold2_room1_mix0400,48,4,0,178,-2,18.33
fold2_room1_mix0400,48,4,0,-126,-1,17.70
fold2_room1_mix0400,49,4,0,174,-1,18.22
fold2_room1_mix0400,49,4,0,-125,-1,17.55
fold2_room1_mix0400,50,4,0,176,-1,18.55
fold2_room1_mix0400,50,4,0,-127,-1,17.76
fold2_room1_mix0400,51,4,0,177,-1,20.47
fold2_room1_mix0400,51,4,0,-126,-1,17.99
fold2_room1_mix0400,52,4,0,178,-1,21.63
fold2_room1_mix0400,52,4,0,-127,-1,18.00
fold2_room1_mix0400,53,4,0,-178,-1,21.51
fold2_room1_mix0400,53,4,0,-123,-1,17.04
fold2_room1_mix0400,54,4,0,175,-1,24.14
fold2_room1_mix0400,54,4,0,-168,0,20.56
fold2_room1_mix0400,54,4,0,-124,-2,16.25
fold2_room1_mix0400,55,4,0,-178,-1,20.39
fold2_room1_mix0400,55,4,0,-122,-1,16.85
fold2_room1_mix0400,56,4,0,-178,-1,18.61
fold2_room1_mix0400,56,4,0,-123,-1,17.01
fold2_room1_mix0400,57,4,0,176,-1,20.57
fold2_room1_mix0400,57,4,0,-122,-1,16.29
fold2_room1_mix0400,58,4,0,176,-1,20.50
fold2_room1_mix0400,58,4,0,-167,0,17.98
fold2_room1_mix0400,58,4,0,-121,-1,16.04
fold2_room1_mix0400,59,4,0,-177,-1,18.98
fold2_room1_mix0400,59,4,0,-119,-1,16.29
fold2_room1_mix0400,60,4,0,-175,-1,17.97
fold2_room1_mix0400,60,4,0,-118,-1,15.64
fold2_room1_mix0400,61,4,0,-177,-1,17.42
fold2_room1_mix0400,61,4,0,-115,-1,15.72
fold2_room1_mix0400,62,4,0,-178,-1,19.26
fold2_room1_mix0400,62,4,0,-148,-1,15.60
fold2_room1_mix0400,62,4,0,-115,-2,15.65
fold2_room1_mix0400,63,4,0,-176,-2,16.07
fold2_room1_mix0400,63,4,0,-111,-2,15.52
fold2_room1_mix0400,64,4,0,-177,-2,15.17
fold2_room1_mix0400,64,4,0,-103,-2,15.48
fold2_room1_mix0400,65,4,0,-177,-2,16.31
fold2_room1_mix0400,65,4,0,-110,-2,14.05
fold2_room1_mix0400,66,4,0,-171,-2,14.96
fold2_room1_mix0400,66,4,0,-93,-2,14.84
fold2_room1_mix0400,67,4,0,-171,-3,13.80
fold2_room1_mix0400,67,4,0,-150,-3,12.27
fold2_room1_mix0400,67,4,0,-100,-2,14.93
fold2_room1_mix0400,68,4,0,-178,-3,12.84
fold2_room1_mix0400,68,4,0,-98,-2,15.82
fold2_room1_mix0400,69,4,0,178,-4,11.63
fold2_room1_mix0400,69,4,0,-101,-1,15.46
fold2_room1_mix0400,70,4,0,178,-4,11.40
fold2_room1_mix0400,70,4,0,-103,-1,15.70
fold2_room1_mix0400,71,4,0,179,-4,10.28
fold2_room1_mix0400,71,4,0,-101,-1,16.00
fold2_room1_mix0400,72,4,0,178,-5,10.08
fold2_room1_mix0400,72,4,0,-94,-2,15.76
fold2_room1_mix0400,73,4,0,173,-5,9.00
fold2_room1_mix0400,73,4,0,-92,-1,15.38
fold2_room1_mix0400,74,4,0,178,-6,8.42
fold2_room1_mix0400,74,4,0,-91,-1,14.95
fold2_room1_mix0400,75,4,0,177,-6,7.18
fold2_room1_mix0400,75,4,0,-88,0,15.60
fold2_room1_mix0400,76,4,0,177,-7,6.97
fold2_room1_mix0400,76,4,0,-87,0,15.82
fold2_room1_mix0400,77,4,0,178,-9,5.57
fold2_room1_mix0400,77,4,0,-92,0,15.44
fold2_room1_mix0400,78,4,0,-171,-10,4.85
fold2_room1_mix0400,78,4,0,-86,0,16.30
fold2_room1_mix0400,79,4,0,-147,-13,3.61
fold2_room1_mix0400,79,4,0,-89,0,15.08
fold2_room1_mix0400,80,4,0,-129,-12,3.55
fold2_room1_mix0400,80,4,0,-104,-10,4.29
fold2_room1_mix0400,80,4,0,-78,0,12.47
fold2_room1_mix0400,81,4,0,-91,-7,4.90
fold2_room1_mix0400,81,4,0,-70,-6,6.59
fold2_room1_mix0400,82,4,0,-60,-5,6.19
fold2_room1_mix0400,83,4,0,-58,-4,7.03
fold2_room1_mix0400,84,4,0,-53,-4,7.94
fold2_room1_mix0400,85,4,0,-48,-3,8.32
fold2_room1_mix0400,86,4,0,-53,-2,10.47
fold2_room1_mix0400,86,4,0,-35,-5,6.06
fold2_room1_mix0400,87,4,0,-51,-1,11.63
fold2_room1_mix0400,87,4,0,-27,-4,6.73
fold2_room1_mix0400,88,4,0,-60,0,15.34
fold2_room1_mix0400,88,4,0,-44,-4,9.62
fold2_room1_mix0400,88,4,0,-27,-4,7.41
fold2_room1_mix0400,89,4,0,-53,-2,12.73
fold2_room1_mix0400,89,4,0,-27,-3,9.09
fold2_room1_mix0400,90,4,0,-65,-1,14.84
fold2_room1_mix0400,90,4,0,-29,-3,10.01
fold2_room1_mix0400,91,4,0,-59,0,15.42
fold2_room1_mix0400,91,4,0,-29,-3,10.64
fold2_room1_mix0400,92,4,0,-60,-1,15.37
fold2_room1_mix0400,92,4,0,-23,-3,11.94
fold2_room1_mix0400,93,4,0,-61,-1,14.12
fold2_room1_mix0400,93,4,0,-20,-2,12.43
fold2_room1_mix0400,94,4,0,-61,-1,14.86
fold2_room1_mix0400,94,4,0,-18,-2,13.58
fold2_room1_mix0400,95,4,0,-57,-1,16.68
fold2_room1_mix0400,95,4,0,-16,-2,13.74
fold2_room1_mix0400,96,4,0,-59,-1,16.36
fold2_room1_mix0400,96,4,0,-16,-2,14.13
fold2_room1_mix0400,97,4,0,-61,-1,18.35
fold2_room1_mix0400,97,4,0,-20,-2,15.88
fold2_room1_mix0400,98,4,0,-54,-1,17.73
fold2_room1_mix0400,98,4,0,-21,-2,17.23
fold2_room1_mix0400,99,4,0,-53,-1,18.85
fold2_room1_mix0400,99,4,0,-20,-2,16.56
fold2_room1_mix0401,55,4,0,177,0,12.56
fold2_room1_mix0401,56,4,0,173,0,13.72
fold2_room1_mix0401,57,4,0,178,-1,15.94
fold2_room1_mix0401,58,4,0,177,-1,16.57
fold2_room1_mix0401,59,4,0,178,-1,17.22
fold2_room1_mix0401,60,4,0,178,-1,16.16
fold2_room1_mix0401,61,4,0,178,-1,14.85
fold2_room1_mix0401,62,4,0,178,-1,13.82
fold2_room1_mix0401,63,4,0,178,-2,12.66
fold2_room1_mix0401,64,4,0,175,-3,11.58
fold2_room1_mix0401,65,4,0,176,-3,10.75
fold2_room1_mix0401,66,4,0,175,-3,9.37
fold2_room1_mix0401,67,4,0,174,-4,8.58
fold2_room1_mix0401,68,4,0,172,-4,7.75
fold2_room1_mix0401,69,4,0,171,-6,6.16
fold2_room1_mix0401,70,4,0,172,-7,4.91
fold2_room1_mix0401,71,4,0,167,-10,3.80
fold2_room1_mix0401,72,4,0,161,-17,2.87
fold2_room1_mix0401,73,4,0,143,-26,1.97
fold2_room1_mix0401,74,4,0,98,-41,1.36
fold2_room1_mix0401,75,4,0,39,-26,1.55
fold2_room1_mix0401,76,4,0,22,-14,2.22
fold2_room1_mix0401,77,4,0,14,-11,3.06
fold2_room1_mix0401,78,4,0,12,-10,3.92
fold2_room1_mix0401,79,4,0,10,-8,4.95
fold2_room1_mix0401,80,4,0,8,-6,5.87
fold2_room1_mix0401,81,4,0,7,-5,7.69
fold2_room1_mix0401,82,4,0,6,-4,8.85
fold2_room1_mix0401,83,4,0,5,-4,9.53
fold2_room1_mix0401,84,4,0,5,-4,10.78
fold2_room1_mix0401,85,4,0,5,-3,11.68
fold2_room1_mix0401,86,4,0,3,-3,12.14
fold2_room1_mix0401,87,4,0,4,-3,13.40
fold2_room1_mix0401,88,4,0,3,-2,14.06
fold2_room1_mix0401,89,4,0,4,-2,15.49
fold2_room1_mix0401,90,4,0,3,-2,16.44
fold2_room1_mix0401,91,4,0,4,-2,17.24
fold2_room1_mix0401,92,4,0,4,-2,18.07
fold2_room1_mix0401,93,4,0,3,-1,15.49
fold2_room1_mix0401,94,4,0,4,-1,14.77
fold2_room1_mix0402,57,0,0,177,-1,2.60
fold2_room1_mix0402,58,0,0,175,-1,5.94
fold2_room1_mix0402,59,0,0,175,-1,14.08
fold2_room1_mix0402,60,0,0,175,-1,15.16
fold2_room1_mix0402,61,0,0,175,-1,19.00
fold2_room1_mix0402,62,0,0,174,-1,31.59
fold2_room1_mix0402,63,0,0,176,-1,33.52
fold2_room1_mix0402,64,0,0,175,-1,33.84
fold2_room1_mix0402,65,0,0,175,-1,36.52
fold2_room1_mix0402,66,0,0,174,0,41.09
fold2_room1_mix0402,67,0,0,174,0,42.24
fold2_room1_mix0402,68,0,0,175,0,46.72
fold2_room1_mix0402,69,0,0,176,0,42.38
fold2_room1_mix0402,70,0,0,176,0,47.42
fold2_room1_mix0402,71,0,0,178,0,48.20
fold2_room1_mix0402,72,0,0,176,0,43.48
fold2_room1_mix0402,73,0,0,177,0,48.60
fold2_room1_mix0402,74,0,0,176,0,51.35
fold2_room1_mix0402,75,0,0,178,0,47.04
fold2_room1_mix0402,76,0,0,178,0,46.39
fold2_room1_mix0402,77,0,0,176,0,50.78
fold2_room1_mix0402,78,0,0,175,0,52.32
fold2_room1_mix0402,79,0,0,176,0,52.63
fold2_room1_mix0402,80,0,0,177,0,53.84
fold2_room1_mix0402,81,0,0,176,0,60.43
fold2_room1_mix0402,82,0,0,176,0,56.18
fold2_room1_mix0402,83,0,0,178,0,12.77
fold2_room1_mix0402,84,0,0,179,0,2.79
fold2_room1_mix0402,85,0,0,178,1,1.80
fold2_room1_mix0403,3,4,0,-178,1,3.40
fold2_room1_mix0403,3,4,0,-1,1,3.38
fold2_room1_mix0403,4,4,0,178,0,13.86
fold2_room1_mix0403,4,4,0,0,1,15.00
fold2_room1_mix0403,5,4,0,178,0,15.42
fold2_room1_mix0403,5,4,0,1,0,14.94
fold2_room1_mix0403,6,4,0,177,0,18.33
fold2_room1_mix0403,6,4,0,1,0,17.38
fold2_room1_mix0403,7,4,0,178,1,27.05
fold2_room1_mix0403,7,4,0,3,0,23.15
fold2_room1_mix0403,8,4,0,177,0,40.01
fold2_room1_mix0403,8,4,0,1,0,33.07
fold2_room1_mix0403,9,4,0,177,0,38.28
fold2_room1_mix0403,9,4,0,3,-1,31.94
fold2_room1_mix0403,10,4,0,175,0,36.36
fold2_room1_mix0403,10,4,0,2,0,31.35
fold2_room1_mix0403,11,4,0,178,0,40.26
fold2_room1_mix0403,11,4,0,2,0,31.71
fold2_room1_mix0403,12,4,0,176,0,40.50
fold2_room1_mix0403,12,4,0,4,0,33.33
fold2_room1_mix0403,13,4,0,177,0,39.22
fold2_room1_mix0403,13,4,0,4,0,30.72
fold2_room1_mix0403,14,4,0,177,0,35.27
fold2_room1_mix0403,14,4,0,4,0,30.10
fold2_room1_mix0403,15,4,0,177,0,37.05
fold2_room1_mix0403,15,4,0,2,-1,26.98
fold2_room1_mix0403,16,4,0,178,0,33.87
fold2_room1_mix0403,16,4,0,4,-1,25.24
fold2_room1_mix0403,17,4,0,177,0,36.70
fold2_room1_mix0403,17,4,0,3,-1,25.78
fold2_room1_mix0403,18,4,0,176,0,38.17
fold2_room1_mix0403,18,4,0,5,-1,25.98
fold2_room1_mix0403,19,4,0,176,0,41.24
fold2_room1_mix0403,19,4,0,5,-1,28.94
fold2_room1_mix0403,20,4,0,176,0,38.50
fold2_room1_mix0403,20,4,0,6,-1,26.72
fold2_room1_mix0403,21,4,0,177,0,38.14
fold2_room1_mix0403,21,4,0,3,-1,24.92
fold2_room1_mix0403,22,4,0,177,0,34.77
fold2_room1_mix0403,22,4,0,6,-1,23.60
fold2_room1_mix0403,23,4,0,178,0,31.90
fold2_room1_mix0403,23,4,0,6,-2,20.88
fold2_room1_mix0403,24,4,0,177,0,32.06
fold2_room1_mix0403,24,4,0,5,-1,21.31
fold2_room1_mix0403,25,4,0,176,-1,32.22
fold2_room1_mix0403,25,4,0,7,-1,23.73
fold2_room1_mix0403,26,4,0,176,0,27.94
fold2_room1_mix0403,26,4,0,3,-1,22.72
fold2_room1_mix0403,27,4,0,175,-1,27.37
fold2_room1_mix0403,27,4,0,4,-1,22.01
fold2_room1_mix0403,28,4,0,176,-1,27.84
fold2_room1_mix0403,28,4,0,4,-1,20.51
fold2_room1_mix0403,29,4,0,175,-1,27.33
fold2_room1_mix0403,29,4,0,7,-1,18.45
fold2_room1_mix0403,30,4,0,179,-1,26.17
fold2_room1_mix0403,30,4,0,8,-2,16.78
fold2_room1_mix0403,31,4,0,177,-1,26.09
fold2_room1_mix0403,31,4,0,6,-2,15.64
fold2_room1_mix0403,32,4,0,178,0,29.48
fold2_room1_mix0403,32,4,0,7,-2,15.25
fold2_room1_mix0403,33,4,0,178,0,27.05
fold2_room1_mix0403,33,4,0,6,-3,13.98
fold2_room1_mix0403,34,4,0,176,0,27.90
fold2_room1_mix0403,34,4,0,6,-3,12.86
fold2_room1_mix0403,35,4,0,176,0,26.25
fold2_room1_mix0403,35,4,0,5,-3,12.69
fold2_room1_mix0403,36,4,0,176,-1,24.71
fold2_room1_mix0403,36,4,0,5,-3,10.79
fold2_room1_mix0403,37,4,0,176,0,26.89
fold2_room1_mix0403,37,4,0,5,-4,10.01
fold2_room1_mix0403,38,4,0,175,0,25.02
fold2_room1_mix0403,38,4,0,5,-4,9.18
fold2_room1_mix0403,39,4,0,172,0,26.72
fold2_room1_mix0403,39,4,0,4,-4,8.14
fold2_room1_mix0403,40,4,0,171,0,27.14
fold2_room1_mix0403,40,4,0,6,-4,7.38
fold2_room1_mix0403,41,4,0,171,-1,25.88
fold2_room1_mix0403,41,4,0,6,-5,5.92
fold2_room1_mix0403,42,4,0,168,0,25.07
fold2_room1_mix0403,42,4,0,10,-5,5.44
fold2_room1_mix0403,43,4,0,168,0,26.30
fold2_room1_mix0403,43,4,0,12,-6,4.86
fold2_room1_mix0403,44,4,0,168,0,23.92
fold2_room1_mix0403,44,4,0,19,-6,4.36
fold2_room1_mix0403,45,4,0,168,0,26.60
fold2_room1_mix0403,45,4,0,22,-9,3.14
fold2_room1_mix0403,46,4,0,167,0,24.56
fold2_room1_mix0403,46,4,0,39,-10,2.41
fold2_room1_mix0403,47,4,0,166,0,23.73
fold2_room1_mix0403,47,4,0,86,-12,1.81
fold2_room1_mix0403,47,4,0,65,-15,1.75
fold2_room1_mix0403,48,4,0,168,0,16.59
fold2_room1_mix0403,48,4,0,131,-10,1.83
fold2_room1_mix0403,49,4,0,169,0,15.68
fold2_room1_mix0403,49,4,0,146,-7,2.31
fold2_room1_mix0403,50,4,0,162,-3,6.57
fold2_room1_mix0403,51,4,0,165,-3,6.84
fold2_room1_mix0403,52,4,0,167,-2,6.92
fold2_room1_mix0403,53,4,0,168,-2,7.41
fold2_room1_mix0403,54,4,0,171,-2,6.99
fold2_room1_mix0403,55,4,0,171,-2,7.37
fold2_room1_mix0403,56,4,0,171,-2,7.67
fold2_room1_mix0403,57,4,0,170,-2,7.86
fold2_room1_mix0403,58,4,0,169,-2,7.85
fold2_room1_mix0403,59,4,0,168,-2,8.51
fold2_room1_mix0403,60,4,0,167,-3,8.52
fold2_room1_mix0403,61,4,0,171,-1,10.67
fold2_room1_mix0403,61,4,0,150,-6,4.72
fold2_room1_mix0403,62,4,0,170,-1,11.60
fold2_room1_mix0403,62,4,0,139,-9,3.46
fold2_room1_mix0403,63,4,0,173,-1,12.60
fold2_room1_mix0403,63,4,0,130,-13,2.38
fold2_room1_mix0403,64,4,0,174,-1,12.33
fold2_room1_mix0403,64,4,0,118,-14,2.43
fold2_room1_mix0403,65,4,0,176,-1,12.97
fold2_room1_mix0403,65,4,0,91,-14,2.38
fold2_room1_mix0403,66,4,0,174,-1,12.90
fold2_room1_mix0403,66,4,0,77,-13,2.47
fold2_room1_mix0403,67,4,0,173,-1,11.32
fold2_room1_mix0403,67,4,0,56,-13,2.28
fold2_room1_mix0403,68,4,0,175,-1,11.31
fold2_room1_mix0403,68,4,0,47,-10,2.71
fold2_room1_mix0403,69,4,0,175,-2,11.03
fold2_room1_mix0403,69,4,0,39,-9,3.10
fold2_room1_mix0403,70,4,0,176,-2,9.57
fold2_room1_mix0403,70,4,0,32,-8,3.48
fold2_room1_mix0403,71,4,0,176,-2,8.90
fold2_room1_mix0403,71,4,0,31,-7,3.99
fold2_room1_mix0403,72,4,0,176,-3,9.15
fold2_room1_mix0403,72,4,0,28,-7,4.89
fold2_room1_mix0403,73,4,0,174,-4,8.04
fold2_room1_mix0403,73,4,0,22,-6,5.16
fold2_room1_mix0403,74,4,0,173,-4,7.25
fold2_room1_mix0403,74,4,0,23,-6,5.13
fold2_room1_mix0403,75,4,0,173,-5,7.26
fold2_room1_mix0403,75,4,0,25,-7,5.90
fold2_room1_mix0403,76,4,0,169,-8,5.41
fold2_room1_mix0403,76,4,0,26,-7,5.60
fold2_room1_mix0403,77,4,0,170,-4,10.28
fold2_room1_mix0403,77,4,0,157,-16,2.07
fold2_room1_mix0403,77,4,0,27,-8,5.48
fold2_room1_mix0403,78,4,0,168,-6,12.57
fold2_room1_mix0403,78,4,0,114,-29,0.93
fold2_room1_mix0403,78,4,0,23,-9,7.67
fold2_room1_mix0403,79,4,0,169,-6,9.31
fold2_room1_mix0403,79,4,0,55,-25,1.01
fold2_room1_mix0403,79,4,0,21,-5,7.05
fold2_room1_mix0403,80,4,0,163,-6,8.77
fold2_room1_mix0403,80,4,0,23,-9,4.10
fold2_room1_mix0403,81,4,0,173,-2,12.52
fold2_room1_mix0403,81,4,0,16,-6,5.86
fold2_room1_mix0403,82,4,0,176,0,13.65
fold2_room1_mix0403,82,4,0,15,-5,6.84
fold2_room1_mix0403,83,4,0,176,0,14.95
fold2_room1_mix0403,83,4,0,13,-4,7.85
fold2_room1_mix0403,84,4,0,175,0,16.17
fold2_room1_mix0403,84,4,0,11,-3,9.11
fold2_room1_mix0403,85,4,0,177,0,19.11
fold2_room1_mix0403,85,4,0,9,-3,9.30
fold2_room1_mix0403,86,4,0,177,0,18.75
fold2_room1_mix0403,86,4,0,8,-3,10.38
fold2_room1_mix0403,87,4,0,178,0,21.06
fold2_room1_mix0403,87,4,0,7,-2,11.34
fold2_room1_mix0403,88,4,0,176,0,19.24
fold2_room1_mix0403,88,4,0,7,-2,11.61
fold2_room1_mix0403,89,4,0,174,0,18.13
fold2_room1_mix0403,89,4,0,5,-2,12.45
fold2_room1_mix0403,90,4,0,174,-1,17.60
fold2_room1_mix0403,90,4,0,6,-2,12.04
fold2_room1_mix0403,92,4,0,175,0,18.89
fold2_room1_mix0403,92,4,0,5,-2,13.17
fold2_room1_mix0403,93,4,0,176,-2,17.45
fold2_room1_mix0403,93,4,0,4,-2,14.18
fold2_room1_mix0403,94,4,0,175,-1,18.83
fold2_room1_mix0403,94,4,0,4,-1,14.97
fold2_room1_mix0403,95,4,0,177,0,20.91
fold2_room1_mix0403,95,4,0,4,-1,14.87
fold2_room1_mix0403,96,4,0,177,0,23.08
fold2_room1_mix0403,96,4,0,4,-2,15.46
fold2_room1_mix0403,97,4,0,176,0,20.60
fold2_room1_mix0403,97,4,0,5,-1,17.32
fold2_room1_mix0403,98,4,0,176,0,23.95
fold2_room1_mix0403,98,4,0,6,-1,17.88
fold2_room1_mix0403,99,4,0,177,0,24.09
fold2_room1_mix0403,99,4,0,5,-1,18.45
fold2_room1_mix0403,91,4,0,6,-2,13.73
fold2_room1_mix0404,19,1,0,-14,-2,15.09
fold2_room1_mix0404,21,1,0,-13,-3,29.84
fold2_room1_mix0404,22,1,0,0,-3,29.29
fold2_room1_mix0404,23,1,0,-1,-2,33.95
fold2_room1_mix0404,24,1,0,-5,-2,18.36
fold2_room1_mix0404,24,3,0,105,-3,10.13
fold2_room1_mix0404,26,1,0,5,-1,24.32
fold2_room1_mix0404,26,3,0,99,-2,7.36
fold2_room1_mix0404,27,1,0,1,-2,26.07
fold2_room1_mix0404,27,3,0,98,-2,6.15
fold2_room1_mix0404,27,4,0,175,0,2.81
fold2_room1_mix0404,28,1,0,-5,-1,29.10
fold2_room1_mix0404,28,3,0,107,-2,8.99
fold2_room1_mix0404,28,4,0,177,0,10.57
fold2_room1_mix0404,29,3,0,106,-3,13.61
fold2_room1_mix0404,30,3,0,114,-2,11.41
fold2_room1_mix0404,30,4,0,174,0,8.97
fold2_room1_mix0404,31,1,0,-6,-2,18.33
fold2_room1_mix0404,31,3,0,108,-3,8.18
fold2_room1_mix0404,31,4,0,173,0,5.99
fold2_room1_mix0404,32,1,0,-12,-2,22.64
fold2_room1_mix0404,32,3,0,110,-2,6.48
fold2_room1_mix0404,32,4,0,166,0,13.75
fold2_room1_mix0404,33,1,0,-10,-2,23.00
fold2_room1_mix0404,33,3,0,105,-2,1.68
fold2_room1_mix0404,34,3,0,107,-3,8.69
fold2_room1_mix0404,34,4,0,171,0,6.89
fold2_room1_mix0404,35,1,0,-13,-2,19.04
fold2_room1_mix0404,35,4,0,172,0,13.36
fold2_room1_mix0404,36,1,0,-19,-2,23.90
fold2_room1_mix0404,36,4,0,178,0,16.26
fold2_room1_mix0404,37,1,0,-18,-2,23.01
fold2_room1_mix0404,37,4,0,171,0,7.04
fold2_room1_mix0404,38,1,0,-22,-2,22.19
fold2_room1_mix0404,38,4,0,175,0,15.00
fold2_room1_mix0404,39,4,0,176,-1,20.03
fold2_room1_mix0404,40,1,0,-21,-3,26.55
fold2_room1_mix0404,40,4,0,168,0,25.39
fold2_room1_mix0404,41,1,0,-19,-3,25.54
fold2_room1_mix0404,41,4,0,175,-1,16.10
fold2_room1_mix0404,42,1,0,-21,-2,28.68
fold2_room1_mix0404,42,4,0,175,-1,19.75
fold2_room1_mix0404,43,4,0,178,0,22.10
fold2_room1_mix0404,44,3,0,67,-4,12.54
fold2_room1_mix0404,44,4,0,178,-1,18.12
fold2_room1_mix0404,45,1,0,-20,-2,17.63
fold2_room1_mix0404,45,3,0,74,-3,7.38
fold2_room1_mix0404,45,4,0,178,-1,16.38
fold2_room1_mix0404,46,1,0,-28,-2,23.47
fold2_room1_mix0404,46,3,0,101,-1,2.03
fold2_room1_mix0404,46,4,0,-179,-1,18.53
fold2_room1_mix0404,47,1,0,-30,-2,21.63
fold2_room1_mix0404,47,4,0,-179,-1,17.86
fold2_room1_mix0404,48,1,0,-25,-1,6.88
fold2_room1_mix0404,48,3,0,67,-3,12.67
fold2_room1_mix0404,48,4,0,179,0,15.44
fold2_room1_mix0404,49,1,0,-16,-2,9.92
fold2_room1_mix0404,49,3,0,64,-3,13.21
fold2_room1_mix0404,49,4,0,-177,-2,11.82
fold2_room1_mix0404,50,3,0,60,-3,10.19
fold2_room1_mix0404,50,4,0,-165,-2,10.72
fold2_room1_mix0404,51,3,0,49,-3,7.61
fold2_room1_mix0404,51,4,0,-168,-1,10.70
fold2_room1_mix0404,52,3,0,43,-3,10.12
fold2_room1_mix0404,52,4,0,-163,-4,8.71
fold2_room1_mix0404,53,3,0,49,-3,8.62
fold2_room1_mix0404,53,4,0,-159,-4,8.20
fold2_room1_mix0404,54,3,0,41,-2,7.21
fold2_room1_mix0404,54,4,0,-157,-4,7.29
fold2_room1_mix0404,55,4,0,-152,-6,6.10
fold2_room1_mix0404,56,4,0,-147,-6,5.41
fold2_room1_mix0404,57,4,0,-143,-9,4.19
fold2_room1_mix0404,58,4,0,-137,-10,4.08
fold2_room1_mix0404,59,4,0,-131,-13,3.64
fold2_room1_mix0404,60,4,0,-121,-14,3.37
fold2_room1_mix0404,61,4,0,-100,-15,2.97
fold2_room1_mix0404,62,4,0,-81,-14,3.09
fold2_room1_mix0404,63,4,0,-69,-12,3.61
fold2_room1_mix0404,64,4,0,-53,-10,3.86
fold2_room1_mix0404,65,4,0,-41,-10,4.02
fold2_room1_mix0404,66,4,0,-37,-9,5.07
fold2_room1_mix0404,67,4,0,-28,-7,5.44
fold2_room1_mix0404,68,4,0,-25,-6,6.31
fold2_room1_mix0404,69,4,0,-20,-5,6.71
fold2_room1_mix0404,70,4,0,-18,-5,7.06
fold2_room1_mix0404,71,4,0,-18,-5,8.62
fold2_room1_mix0404,72,4,0,-14,-4,9.86
fold2_room1_mix0404,73,4,0,-13,-4,9.54
fold2_room1_mix0404,74,4,0,-11,-3,10.92
fold2_room1_mix0404,75,4,0,-11,-3,11.46
fold2_room1_mix0404,76,4,0,-11,-3,12.40
fold2_room1_mix0404,77,4,0,-9,-3,13.26
fold2_room1_mix0404,78,4,0,-8,-3,13.88
fold2_room1_mix0404,79,4,0,-9,-3,15.33
fold2_room1_mix0404,80,4,0,-7,-2,16.03
fold2_room1_mix0404,81,4,0,-8,-2,17.39
fold2_room1_mix0404,82,4,0,-6,-2,18.58
fold2_room1_mix0404,83,4,0,-5,-2,18.86
fold2_room1_mix0404,84,4,0,-7,-1,20.47
fold2_room1_mix0404,85,4,0,-5,-1,20.15
fold2_room1_mix0404,86,4,0,-5,-1,20.76
fold2_room1_mix0404,87,4,0,-5,-1,18.89
fold2_room1_mix0404,88,4,0,-6,-1,17.17
fold2_room1_mix0404,89,4,0,-7,-1,12.83
fold2_room1_mix0405,3,4,0,-175,0,3.44
fold2_room1_mix0405,4,4,0,-178,0,12.76
fold2_room1_mix0405,4,4,0,-155,0,14.61
fold2_room1_mix0405,5,4,0,-171,0,14.11
fold2_room1_mix0405,6,4,0,-170,0,16.02
fold2_room1_mix0405,7,4,0,-168,0,26.68
fold2_room1_mix0405,8,4,0,-169,0,25.92
fold2_room1_mix0405,9,4,0,-168,0,27.17
fold2_room1_mix0405,10,4,0,-176,0,25.53
fold2_room1_mix0405,10,4,0,-157,0,28.60
fold2_room1_mix0405,11,4,0,-175,0,26.13
fold2_room1_mix0405,11,4,0,-155,0,29.10
fold2_room1_mix0405,12,4,0,-167,0,28.19
fold2_room1_mix0405,13,4,0,-173,0,27.25
fold2_room1_mix0405,13,4,0,-155,0,28.86
fold2_room1_mix0405,14,4,0,-176,0,24.30
fold2_room1_mix0405,14,4,0,-152,0,27.90
fold2_room1_mix0405,15,4,0,-172,0,24.43
fold2_room1_mix0405,15,4,0,-152,0,27.50
fold2_room1_mix0405,16,4,0,-165,-1,25.36
fold2_room1_mix0405,17,4,0,-171,-1,24.32
fold2_room1_mix0405,17,4,0,-152,0,27.54
fold2_room1_mix0405,18,4,0,-174,-1,21.66
fold2_room1_mix0405,18,4,0,-150,0,26.77
fold2_room1_mix0405,19,4,0,-172,-1,21.76
fold2_room1_mix0405,19,4,0,-149,0,26.43
fold2_room1_mix0405,20,4,0,-162,0,24.89
fold2_room1_mix0405,21,4,0,-172,-1,19.67
fold2_room1_mix0405,21,4,0,-146,0,25.23
fold2_room1_mix0405,22,4,0,-173,-1,20.14
fold2_room1_mix0405,22,4,0,-145,0,24.44
fold2_room1_mix0405,23,4,0,-171,-1,19.34
fold2_room1_mix0405,23,4,0,-145,0,24.52
fold2_room1_mix0405,24,4,0,-160,-1,20.37
fold2_room1_mix0405,25,4,0,-169,-1,18.33
fold2_room1_mix0405,25,4,0,-146,0,23.13
fold2_room1_mix0405,26,4,0,-172,-1,17.63
fold2_room1_mix0405,26,4,0,-145,0,24.52
fold2_room1_mix0405,27,3,0,-42,-4,13.40
fold2_room1_mix0405,27,4,0,-172,-3,15.19
fold2_room1_mix0405,27,4,0,-151,0,19.48
fold2_room1_mix0405,28,3,0,-30,-3,8.51
fold2_room1_mix0405,28,4,0,-172,-3,13.27
fold2_room1_mix0405,28,4,0,-153,0,18.52
fold2_room1_mix0405,29,3,0,-46,-3,8.33
fold2_room1_mix0405,29,4,0,-175,-3,12.23
fold2_room1_mix0405,29,4,0,-153,0,18.08
fold2_room1_mix0405,30,3,0,-46,-3,9.72
fold2_room1_mix0405,30,4,0,-174,-3,12.31
fold2_room1_mix0405,30,4,0,-152,0,16.89
fold2_room1_mix0405,31,3,0,-21,-1,1.62
fold2_room1_mix0405,31,4,0,-158,0,16.80
fold2_room1_mix0405,32,3,0,-39,-3,7.58
fold2_room1_mix0405,32,4,0,-171,-3,9.65
fold2_room1_mix0405,32,4,0,-150,0,15.72
fold2_room1_mix0405,33,3,0,-52,-4,4.44
fold2_room1_mix0405,33,4,0,-171,-3,12.44
fold2_room1_mix0405,33,4,0,-148,0,16.40
fold2_room1_mix0405,34,3,0,-79,-4,8.55
fold2_room1_mix0405,34,4,0,-174,-4,10.60
fold2_room1_mix0405,34,4,0,-147,0,16.89
fold2_room1_mix0405,35,3,0,-92,-5,10.07
fold2_room1_mix0405,35,4,0,-173,-5,9.31
fold2_room1_mix0405,35,4,0,-142,0,14.25
fold2_room1_mix0405,36,3,0,-64,-4,7.36
fold2_room1_mix0405,36,4,0,-171,-4,11.22
fold2_room1_mix0405,36,4,0,-146,0,14.15
fold2_room1_mix0405,37,3,0,-70,-5,7.61
fold2_room1_mix0405,37,4,0,-168,-4,11.06
fold2_room1_mix0405,37,4,0,-142,-1,13.63
fold2_room1_mix0405,38,3,0,-58,-4,6.16
fold2_room1_mix0405,38,4,0,-165,-2,12.42
fold2_room1_mix0405,38,4,0,-143,0,13.93
fold2_room1_mix0405,39,4,0,-159,-2,12.61
fold2_room1_mix0405,39,4,0,-135,0,15.75
fold2_room1_mix0405,40,4,0,-163,-3,13.78
fold2_room1_mix0405,40,4,0,-139,-2,13.55
fold2_room1_mix0405,41,3,0,-39,-4,11.85
fold2_room1_mix0405,41,4,0,-165,-3,12.48
fold2_room1_mix0405,41,4,0,-137,-2,11.05
fold2_room1_mix0405,42,3,0,-51,-4,11.58
fold2_room1_mix0405,42,4,0,-167,-3,12.93
fold2_room1_mix0405,42,4,0,-141,-2,12.15
fold2_room1_mix0405,43,3,0,-45,-4,11.12
fold2_room1_mix0405,43,4,0,-167,-3,12.51
fold2_room1_mix0405,43,4,0,-135,-2,10.56
fold2_room1_mix0405,44,3,0,-39,-4,9.57
fold2_room1_mix0405,44,4,0,-166,-2,14.47
fold2_room1_mix0405,44,4,0,-138,-2,10.12
fold2_room1_mix0405,45,3,0,-39,-4,8.79
fold2_room1_mix0405,45,4,0,-167,-3,14.12
fold2_room1_mix0405,45,4,0,-135,-2,9.87
fold2_room1_mix0405,46,3,0,-57,-5,9.81
fold2_room1_mix0405,46,4,0,-168,-2,19.06
fold2_room1_mix0405,46,4,0,-137,-3,11.82
fold2_room1_mix0405,47,3,0,-64,-6,8.18
fold2_room1_mix0405,47,4,0,-168,-2,16.89
fold2_room1_mix0405,47,4,0,-133,-3,9.98
fold2_room1_mix0405,48,3,0,-63,-5,7.05
fold2_room1_mix0405,48,4,0,-166,-1,18.79
fold2_room1_mix0405,48,4,0,-140,-3,10.20
fold2_room1_mix0405,48,4,0,-122,-3,8.62
fold2_room1_mix0405,49,3,0,-78,-6,5.65
fold2_room1_mix0405,49,4,0,-170,-1,18.95
fold2_room1_mix0405,49,4,0,-133,-3,11.47
fold2_room1_mix0405,49,4,0,-112,-5,7.24
fold2_room1_mix0405,50,3,0,-82,-6,6.87
fold2_room1_mix0405,50,4,0,-170,-1,18.82
fold2_room1_mix0405,50,4,0,-132,-4,10.91
fold2_room1_mix0405,50,4,0,-108,-5,7.43
fold2_room1_mix0405,51,3,0,-93,-6,7.90
fold2_room1_mix0405,51,4,0,-169,-2,17.93
fold2_room1_mix0405,51,4,0,-120,-4,10.11
fold2_room1_mix0405,51,4,0,-97,-6,6.37
fold2_room1_mix0405,52,3,0,-97,-6,8.03
fold2_room1_mix0405,52,4,0,-169,-1,19.72
fold2_room1_mix0405,52,4,0,-119,-3,11.05
fold2_room1_mix0405,52,4,0,-87,-4,6.92
fold2_room1_mix0405,53,3,0,-97,-7,7.64
fold2_room1_mix0405,53,4,0,-166,-1,20.85
fold2_room1_mix0405,53,4,0,-103,-5,9.88
fold2_room1_mix0405,53,4,0,-70,-5,6.64
fold2_room1_mix0405,54,3,0,-100,-7,7.32
fold2_room1_mix0405,54,4,0,-164,-2,19.74
fold2_room1_mix0405,54,4,0,-92,-6,9.07
fold2_room1_mix0405,54,4,0,-63,-5,6.64
fold2_room1_mix0405,55,3,0,-96,-6,7.28
fold2_room1_mix0405,55,4,0,-168,-2,17.50
fold2_room1_mix0405,55,4,0,-93,-5,9.36
fold2_room1_mix0405,55,4,0,-61,-5,6.49
fold2_room1_mix0405,56,3,0,-93,-6,7.46
fold2_room1_mix0405,56,4,0,-161,-1,19.04
fold2_room1_mix0405,56,4,0,-86,-6,9.24
fold2_room1_mix0405,56,4,0,-53,-4,7.37
fold2_room1_mix0405,57,3,0,-98,-6,6.42
fold2_room1_mix0405,57,4,0,-154,-1,19.69
fold2_room1_mix0405,57,4,0,-79,-6,8.66
fold2_room1_mix0405,57,4,0,-57,-4,7.53
fold2_room1_mix0405,58,3,0,-92,-3,1.24
fold2_room1_mix0405,58,4,0,-146,0,19.38
fold2_room1_mix0405,58,4,0,-71,-4,8.60
fold2_room1_mix0405,58,4,0,-50,-3,7.22
fold2_room1_mix0405,59,4,0,-146,0,22.22
fold2_room1_mix0405,59,4,0,-67,-5,9.02
fold2_room1_mix0405,59,4,0,-42,-3,8.31
fold2_room1_mix0405,60,4,0,-140,0,19.24
fold2_room1_mix0405,60,4,0,-66,-4,9.00
fold2_room1_mix0405,60,4,0,-37,-3,9.06
fold2_room1_mix0405,61,4,0,-145,0,19.05
fold2_room1_mix0405,61,4,0,-63,-4,9.18
fold2_room1_mix0405,61,4,0,-38,-3,9.34
fold2_room1_mix0405,62,4,0,-143,0,18.96
fold2_room1_mix0405,62,4,0,-63,-4,10.19
fold2_room1_mix0405,62,4,0,-35,-3,11.11
fold2_room1_mix0405,63,4,0,-140,-1,16.70
fold2_room1_mix0405,63,4,0,-60,-4,10.07
fold2_room1_mix0405,63,4,0,-32,-3,11.87
fold2_room1_mix0405,64,4,0,-143,-1,16.79
fold2_room1_mix0405,64,4,0,-59,-4,10.22
fold2_room1_mix0405,64,4,0,-33,-3,12.59
fold2_room1_mix0405,65,4,0,-147,-1,16.34
fold2_room1_mix0405,65,4,0,-59,-4,10.35
fold2_room1_mix0405,65,4,0,-34,-2,13.63
fold2_room1_mix0405,66,4,0,-144,-2,13.43
fold2_room1_mix0405,66,4,0,-56,-3,10.59
fold2_room1_mix0405,66,4,0,-30,-2,15.02
fold2_room1_mix0405,67,4,0,-140,-3,12.40
fold2_room1_mix0405,67,4,0,-55,-4,10.80
fold2_room1_mix0405,67,4,0,-31,-2,15.59
fold2_room1_mix0405,68,4,0,-149,-2,12.20
fold2_room1_mix0405,68,4,0,-54,-3,10.64
fold2_room1_mix0405,68,4,0,-31,-2,15.37
fold2_room1_mix0405,69,4,0,-152,-2,11.36
fold2_room1_mix0405,69,4,0,-51,-3,11.07
fold2_room1_mix0405,69,4,0,-32,-2,15.72
fold2_room1_mix0405,70,4,0,-151,-3,10.59
fold2_room1_mix0405,70,4,0,-54,-3,11.07
fold2_room1_mix0405,70,4,0,-29,-2,17.02
fold2_room1_mix0405,71,4,0,-151,-3,9.52
fold2_room1_mix0405,71,4,0,-51,-3,10.89
fold2_room1_mix0405,71,4,0,-28,-1,16.50
fold2_room1_mix0405,72,4,0,-149,-3,8.35
fold2_room1_mix0405,72,4,0,-51,-3,11.04
fold2_room1_mix0405,72,4,0,-30,-1,16.96
fold2_room1_mix0405,73,4,0,-147,-4,7.21
fold2_room1_mix0405,73,4,0,-51,-3,10.26
fold2_room1_mix0405,73,4,0,-31,-1,16.77
fold2_room1_mix0405,74,4,0,-146,-5,5.91
fold2_room1_mix0405,74,4,0,-54,-2,9.92
fold2_room1_mix0405,74,4,0,-31,-1,17.00
fold2_room1_mix0405,75,4,0,-140,-5,5.07
fold2_room1_mix0405,75,4,0,-52,-1,11.09
fold2_room1_mix0405,75,4,0,-33,-1,17.03
fold2_room1_mix0405,76,4,0,-135,-7,3.84
fold2_room1_mix0405,76,4,0,-53,-1,10.43
fold2_room1_mix0405,76,4,0,-32,0,16.97
fold2_room1_mix0405,77,4,0,-111,-9,3.77
fold2_room1_mix0405,77,4,0,-53,-2,9.55
fold2_room1_mix0405,77,4,0,-28,0,17.51
fold2_room1_mix0405,78,4,0,-87,-10,3.52
fold2_room1_mix0405,78,4,0,-49,-2,11.19
fold2_room1_mix0405,78,4,0,-26,0,20.97
fold2_room1_mix0405,79,4,0,-71,-10,3.55
fold2_room1_mix0405,79,4,0,-46,-2,10.73
fold2_room1_mix0405,79,4,0,-27,0,19.23
fold2_room1_mix0405,80,4,0,-52,-5,6.75
fold2_room1_mix0405,80,4,0,-23,-1,19.33
fold2_room1_mix0405,81,4,0,-42,-4,8.05
fold2_room1_mix0405,81,4,0,-22,0,21.96
fold2_room1_mix0405,82,4,0,-31,-3,12.97
fold2_room1_mix0405,83,4,0,-28,-2,14.31
fold2_room1_mix0405,84,4,0,-25,-2,15.13
fold2_room1_mix0405,85,4,0,-24,-2,15.59
fold2_room1_mix0405,86,4,0,-22,-2,16.53
fold2_room1_mix0405,87,4,0,-21,-2,16.21
fold2_room1_mix0405,88,4,0,-20,-2,17.29
fold2_room1_mix0405,89,4,0,-19,-2,17.30
fold2_room1_mix0405,90,4,0,-19,-2,17.84
fold2_room1_mix0405,91,4,0,-18,-2,19.01
fold2_room1_mix0405,92,4,0,-17,-2,19.52
fold2_room1_mix0405,93,4,0,-17,-2,19.15
fold2_room1_mix0405,94,4,0,-17,-2,20.56
fold2_room1_mix0405,95,4,0,-16,-1,20.81
fold2_room1_mix0405,96,4,0,-15,-1,21.90
fold2_room1_mix0405,97,4,0,-15,-1,24.25
fold2_room1_mix0405,98,4,0,-14,-1,24.16
fold2_room1_mix0405,99,4,0,-13,-2,23.49
fold2_room1_mix0406,27,4,0,15,-1,14.55
fold2_room1_mix0406,29,4,0,16,0,8.91
fold2_room1_mix0406,30,4,0,12,-1,13.43
fold2_room1_mix0406,31,4,0,7,-2,10.37
fold2_room1_mix0406,32,4,0,11,-2,11.04
fold2_room1_mix0406,33,4,0,13,-3,12.74
fold2_room1_mix0406,34,4,0,10,-3,10.41
fold2_room1_mix0406,35,4,0,12,-3,10.95
fold2_room1_mix0406,36,4,0,14,-3,10.33
fold2_room1_mix0406,37,4,0,13,-4,9.92
fold2_room1_mix0406,38,4,0,12,-4,8.91
fold2_room1_mix0406,39,4,0,13,-4,8.63
fold2_room1_mix0406,40,4,0,17,-4,8.96
fold2_room1_mix0406,43,4,0,139,-4,12.95
fold2_room1_mix0406,43,4,0,17,-5,7.65
fold2_room1_mix0406,44,4,0,142,-4,12.27
fold2_room1_mix0406,44,4,0,20,-6,6.35
fold2_room1_mix0406,45,4,0,146,-4,12.18
fold2_room1_mix0406,45,4,0,23,-7,6.06
fold2_room1_mix0406,46,4,0,154,-2,15.13
fold2_room1_mix0406,46,4,0,28,-9,4.41
fold2_room1_mix0406,47,4,0,160,-2,17.86
fold2_room1_mix0406,47,4,0,35,-11,3.94
fold2_room1_mix0406,48,4,0,158,-4,14.87
fold2_room1_mix0406,48,4,0,43,-13,3.30
fold2_room1_mix0406,49,4,0,158,-3,17.59
fold2_room1_mix0406,49,4,0,73,-17,3.25
fold2_room1_mix0406,49,4,0,53,-17,2.53
fold2_room1_mix0406,50,4,0,159,-2,20.43
fold2_room1_mix0406,50,4,0,125,-16,4.85
fold2_room1_mix0406,50,4,0,88,-23,2.08
fold2_room1_mix0406,51,4,0,159,-2,16.47
fold2_room1_mix0406,51,4,0,100,-19,2.93
fold2_room1_mix0406,52,4,0,157,-3,13.13
fold2_room1_mix0406,52,4,0,125,-12,3.95
fold2_room1_mix0406,53,4,0,153,-5,10.08
fold2_room1_mix0406,53,4,0,128,-8,6.37
fold2_room1_mix0406,54,4,0,154,-4,9.54
fold2_room1_mix0406,54,4,0,134,-6,7.07
fold2_room1_mix0406,55,4,0,157,-4,8.54
fold2_room1_mix0406,55,4,0,138,-4,7.57
fold2_room1_mix0406,56,4,0,157,-4,8.57
fold2_room1_mix0406,56,4,0,137,-2,10.53
fold2_room1_mix0406,57,4,0,155,-3,8.85
fold2_room1_mix0406,58,4,0,151,-4,8.45
fold2_room1_mix0406,59,4,0,157,-4,8.88
fold2_room1_mix0406,59,4,0,137,-2,12.52
fold2_room1_mix0406,60,4,0,158,-4,9.00
fold2_room1_mix0406,60,4,0,136,-2,11.70
fold2_room1_mix0406,61,4,0,160,-3,8.88
fold2_room1_mix0406,61,4,0,130,-1,12.95
fold2_room1_mix0406,62,4,0,157,-3,9.98
fold2_room1_mix0406,62,4,0,128,-1,12.88
fold2_room1_mix0406,63,4,0,159,-2,10.98
fold2_room1_mix0406,63,4,0,119,-2,12.66
fold2_room1_mix0406,64,4,0,158,-2,11.11
fold2_room1_mix0406,64,4,0,119,-1,12.81
fold2_room1_mix0406,65,4,0,154,-2,10.84
fold2_room1_mix0406,65,4,0,138,-1,11.36
fold2_room1_mix0406,65,4,0,120,-1,12.56
fold2_room1_mix0406,66,4,0,154,-2,10.81
fold2_room1_mix0406,66,4,0,132,-1,11.82
fold2_room1_mix0406,66,4,0,109,-1,12.87
fold2_room1_mix0406,67,4,0,157,-1,12.30
fold2_room1_mix0406,67,4,0,114,-1,11.36
fold2_room1_mix0406,68,4,0,147,-1,10.45
fold2_room1_mix0406,68,4,0,100,0,11.29
fold2_room1_mix0406,69,4,0,155,-1,11.98
fold2_room1_mix0406,69,4,0,94,-2,10.07
fold2_room1_mix0406,70,4,0,134,-1,10.80
fold2_room1_mix0406,70,4,0,97,-1,10.69
fold2_room1_mix0406,71,4,0,142,-1,11.76
fold2_room1_mix0406,71,4,0,92,-1,10.05
fold2_room1_mix0406,72,4,0,131,0,12.84
fold2_room1_mix0406,72,4,0,88,-1,10.77
fold2_room1_mix0406,73,4,0,140,-1,13.68
fold2_room1_mix0406,73,4,0,93,-2,10.19
fold2_room1_mix0406,73,4,0,77,-1,10.55
fold2_room1_mix0406,74,4,0,126,-1,12.02
fold2_room1_mix0406,74,4,0,78,-1,10.45
fold2_room1_mix0406,75,4,0,144,0,16.42
fold2_room1_mix0406,75,4,0,76,-1,11.02
fold2_room1_mix0406,76,4,0,133,-1,14.16
fold2_room1_mix0406,76,4,0,72,-1,11.07
fold2_room1_mix0406,77,4,0,134,-1,14.21
fold2_room1_mix0406,77,4,0,66,-1,11.36
fold2_room1_mix0406,78,4,0,129,-1,14.96
fold2_room1_mix0406,78,4,0,62,0,12.19
fold2_room1_mix0406,79,4,0,118,-2,13.23
fold2_room1_mix0406,79,4,0,60,0,11.93
fold2_room1_mix0406,80,4,0,59,-1,12.26
fold2_room1_mix0406,81,4,0,55,-1,13.06
fold2_room1_mix0406,82,4,0,53,-1,13.69
fold2_room1_mix0406,83,4,0,49,-1,14.08
fold2_room1_mix0406,84,4,0,50,-1,13.88
fold2_room1_mix0406,85,4,0,48,-1,14.98
fold2_room1_mix0406,86,4,0,46,-1,14.80
fold2_room1_mix0406,87,4,0,41,-1,14.67
fold2_room1_mix0406,88,4,0,42,-1,16.16
fold2_room1_mix0406,89,4,0,34,-1,15.46
fold2_room1_mix0406,90,4,0,35,-1,14.83
fold2_room1_mix0406,91,4,0,32,-1,17.62
fold2_room1_mix0406,92,4,0,32,-1,15.80
fold2_room1_mix0406,93,4,0,32,-1,16.61
fold2_room1_mix0406,94,4,0,31,-1,17.61
fold2_room1_mix0406,95,4,0,30,-1,16.49
fold2_room1_mix0406,96,4,0,31,-1,16.01
fold2_room1_mix0406,97,4,0,30,-1,17.27
fold2_room1_mix0406,98,4,0,28,-1,12.78
fold2_room1_mix0406,99,4,0,26,-1,12.96
fold2_room1_mix0406,41,4,0,15,-5,7.77
fold2_room1_mix0406,42,4,0,16,-5,7.48
fold2_room1_mix0407,4,4,0,179,0,1.38
fold2_room1_mix0407,5,4,0,178,1,2.30
fold2_room1_mix0407,6,4,0,177,0,9.69
fold2_room1_mix0407,7,4,0,178,0,11.61
fold2_room1_mix0407,8,4,0,177,0,15.77
fold2_room1_mix0407,9,4,0,177,0,23.02
fold2_room1_mix0407,10,4,0,178,0,28.42
fold2_room1_mix0407,11,4,0,177,0,30.98
fold2_room1_mix0407,12,4,0,176,0,30.51
fold2_room1_mix0407,13,4,0,176,0,32.38
fold2_room1_mix0407,14,4,0,178,0,31.97
fold2_room1_mix0407,15,4,0,178,0,29.33
fold2_room1_mix0407,16,1,0,-157,-2,11.69
fold2_room1_mix0407,16,4,0,176,0,34.65
fold2_room1_mix0407,17,1,0,-159,-2,35.94
fold2_room1_mix0407,17,4,0,177,0,23.69
fold2_room1_mix0407,18,1,0,-154,-2,34.09
fold2_room1_mix0407,18,4,0,175,0,30.89
fold2_room1_mix0407,19,1,0,-155,-2,33.89
fold2_room1_mix0407,19,4,0,176,0,32.13
fold2_room1_mix0407,20,1,0,-153,-2,21.33
fold2_room1_mix0407,20,4,0,176,0,22.93
fold2_room1_mix0407,21,1,0,-152,-2,28.09
fold2_room1_mix0407,21,4,0,173,0,36.54
fold2_room1_mix0407,22,1,0,-150,-2,28.04
fold2_room1_mix0407,22,4,0,-178,0,38.86
fold2_room1_mix0407,23,1,0,-151,-2,26.92
fold2_room1_mix0407,23,4,0,175,0,31.38
fold2_room1_mix0407,24,1,0,-148,-2,27.41
fold2_room1_mix0407,24,4,0,-179,-1,26.47
fold2_room1_mix0407,25,1,0,-146,-2,7.93
fold2_room1_mix0407,25,4,0,-179,0,16.25
fold2_room1_mix0407,26,1,0,-139,-2,14.91
fold2_room1_mix0407,26,4,0,178,0,31.55
fold2_room1_mix0407,27,1,0,-143,-3,21.27
fold2_room1_mix0407,27,4,0,179,0,41.25
fold2_room1_mix0407,28,1,0,-133,-3,13.50
fold2_room1_mix0407,28,4,0,175,0,34.74
fold2_room1_mix0407,29,1,0,-133,-3,14.51
fold2_room1_mix0407,29,4,0,177,0,38.12
fold2_room1_mix0407,30,1,0,-123,-4,10.18
fold2_room1_mix0407,30,4,0,-179,-1,32.10
fold2_room1_mix0407,31,4,0,173,0,30.92
fold2_room1_mix0407,32,1,0,-102,-5,9.33
fold2_room1_mix0407,32,4,0,172,0,34.36
fold2_room1_mix0407,33,1,0,-85,-5,8.60
fold2_room1_mix0407,33,4,0,171,0,36.35
fold2_room1_mix0407,34,1,0,-74,-4,10.09
fold2_room1_mix0407,34,4,0,171,0,34.10
fold2_room1_mix0407,35,1,0,-59,-4,10.74
fold2_room1_mix0407,35,4,0,170,0,35.49
fold2_room1_mix0407,36,4,0,171,0,37.28
fold2_room1_mix0407,37,1,0,-44,-4,13.35
fold2_room1_mix0407,37,4,0,166,0,35.71
fold2_room1_mix0407,38,1,0,-38,-3,13.99
fold2_room1_mix0407,38,4,0,169,0,33.19
fold2_room1_mix0407,39,1,0,-41,-3,11.80
fold2_room1_mix0407,39,4,0,166,0,32.82
fold2_room1_mix0407,40,1,0,-33,-3,15.61
fold2_room1_mix0407,40,4,0,170,0,25.68
fold2_room1_mix0407,41,1,0,-32,-3,8.09
fold2_room1_mix0407,41,4,0,171,0,36.50
fold2_room1_mix0407,42,4,0,169,0,40.30
fold2_room1_mix0407,43,1,0,-31,-3,20.14
fold2_room1_mix0407,43,4,0,168,0,37.56
fold2_room1_mix0407,44,1,0,-28,-2,18.94
fold2_room1_mix0407,44,4,0,170,0,31.47
fold2_room1_mix0407,45,1,0,-28,-2,22.38
fold2_room1_mix0407,45,4,0,172,0,34.60
fold2_room1_mix0407,46,1,0,-28,-2,19.40
fold2_room1_mix0407,46,4,0,169,0,30.93
fold2_room1_mix0407,47,4,0,171,0,33.63
fold2_room1_mix0407,48,1,0,-26,-2,14.96
fold2_room1_mix0407,48,4,0,170,0,34.55
fold2_room1_mix0407,49,1,0,-23,-2,22.92
fold2_room1_mix0407,49,4,0,172,0,31.37
fold2_room1_mix0407,50,1,0,-17,-2,23.17
fold2_room1_mix0407,50,4,0,170,0,30.28
fold2_room1_mix0407,51,1,0,-18,-2,25.00
fold2_room1_mix0407,51,4,0,171,0,24.02
fold2_room1_mix0407,52,1,0,-14,-2,3.17
fold2_room1_mix0407,52,4,0,171,0,38.66
fold2_room1_mix0407,53,4,0,172,0,30.62
fold2_room1_mix0407,54,4,0,174,0,29.12
fold2_room1_mix0407,55,4,0,175,0,26.42
fold2_room1_mix0407,56,4,0,176,0,28.40
fold2_room1_mix0407,57,4,0,177,0,28.72
fold2_room1_mix0407,58,4,0,177,0,26.37
fold2_room1_mix0407,59,4,0,176,0,25.74
fold2_room1_mix0407,60,4,0,178,0,24.06
fold2_room1_mix0407,61,4,0,177,0,23.59
fold2_room1_mix0407,62,4,0,177,0,22.65
fold2_room1_mix0407,63,4,0,176,0,21.70
fold2_room1_mix0407,64,4,0,177,-1,19.84
fold2_room1_mix0407,65,4,0,178,-1,18.75
fold2_room1_mix0407,66,4,0,176,-1,18.76
fold2_room1_mix0407,67,4,0,175,-1,17.47
fold2_room1_mix0407,68,4,0,175,-1,16.97
fold2_room1_mix0407,69,4,0,175,-2,15.62
fold2_room1_mix0407,70,4,0,176,-2,14.85
fold2_room1_mix0407,71,4,0,176,-2,13.73
fold2_room1_mix0407,72,4,0,175,-3,12.19
fold2_room1_mix0407,73,4,0,175,-3,10.50
fold2_room1_mix0407,74,4,0,174,-4,10.12
fold2_room1_mix0407,75,4,0,173,-4,8.65
fold2_room1_mix0407,76,4,0,174,-6,6.37
fold2_room1_mix0407,77,4,0,174,-9,4.94
fold2_room1_mix0407,78,4,0,169,-12,4.10
fold2_room1_mix0407,79,4,0,159,-22,2.49
fold2_room1_mix0407,80,4,0,130,-49,1.45
fold2_room1_mix0407,81,4,0,30,-33,1.30
fold2_room1_mix0407,82,4,0,14,-19,1.82
fold2_room1_mix0407,83,4,0,9,-13,2.53
fold2_room1_mix0407,84,4,0,7,-11,3.49
fold2_room1_mix0407,85,4,0,6,-9,4.46
fold2_room1_mix0407,86,4,0,5,-6,5.76
fold2_room1_mix0407,87,4,0,4,-5,6.92
fold2_room1_mix0407,88,4,0,3,-4,7.61
fold2_room1_mix0407,89,4,0,3,-4,9.25
fold2_room1_mix0407,90,4,0,3,-3,10.59
fold2_room1_mix0407,91,4,0,2,-3,11.20
fold2_room1_mix0407,92,4,0,2,-2,12.35
fold2_room1_mix0407,93,4,0,2,-2,13.68
fold2_room1_mix0407,94,4,0,3,-2,15.22
fold2_room1_mix0407,95,4,0,2,-1,16.36
fold2_room1_mix0407,96,4,0,2,-2,17.68
fold2_room1_mix0407,97,4,0,2,-1,19.00
fold2_room1_mix0407,98,4,0,3,-1,20.28
fold2_room1_mix0407,99,4,0,3,-1,22.28
fold2_room1_mix0408,3,4,0,-1,0,3.69
fold2_room1_mix0408,4,4,0,0,-1,11.47
fold2_room1_mix0408,5,4,0,0,-1,12.57
fold2_room1_mix0408,6,4,0,0,-1,13.61
fold2_room1_mix0408,7,4,0,-1,-1,18.38
fold2_room1_mix0408,8,4,0,0,-1,18.66
fold2_room1_mix0408,9,4,0,0,-1,21.30
fold2_room1_mix0408,10,4,0,0,-1,20.83
fold2_room1_mix0408,11,4,0,0,-1,21.26
fold2_room1_mix0408,12,4,0,0,-2,20.25
fold2_room1_mix0408,13,4,0,0,-2,19.68
fold2_room1_mix0408,14,4,0,-1,-2,20.40
fold2_room1_mix0408,15,4,0,0,-2,19.27
fold2_room1_mix0408,16,4,0,0,-2,19.89
fold2_room1_mix0408,17,4,0,0,-1,20.54
fold2_room1_mix0408,18,4,0,0,-1,19.78
fold2_room1_mix0408,19,4,0,0,-1,19.40
fold2_room1_mix0408,20,4,0,0,-1,20.27
fold2_room1_mix0408,21,4,0,0,-1,20.75
fold2_room1_mix0408,22,4,0,-1,-1,21.07
fold2_room1_mix0408,23,4,0,-1,-2,19.18
fold2_room1_mix0408,24,4,0,-1,-1,20.27
fold2_room1_mix0408,25,4,0,-1,-1,20.28
fold2_room1_mix0408,26,4,0,-1,-1,20.67
fold2_room1_mix0408,27,4,0,-1,-1,19.84
fold2_room1_mix0408,28,4,0,0,-1,18.83
fold2_room1_mix0408,29,4,0,0,-2,18.15
fold2_room1_mix0408,30,4,0,-1,-2,18.91
fold2_room1_mix0408,31,4,0,0,-2,18.72
fold2_room1_mix0408,32,4,0,0,-2,18.20
fold2_room1_mix0408,33,4,0,-1,-2,19.38
fold2_room1_mix0408,34,4,0,-1,-2,17.75
fold2_room1_mix0408,35,4,0,-1,-2,17.40
fold2_room1_mix0408,36,4,0,-2,-2,16.66
fold2_room1_mix0408,37,4,0,-1,-2,16.04
fold2_room1_mix0408,38,4,0,-1,-2,15.43
fold2_room1_mix0408,39,4,0,-2,-2,14.78
fold2_room1_mix0408,40,4,0,-2,-2,14.54
fold2_room1_mix0408,41,4,0,-2,-2,13.83
fold2_room1_mix0408,42,4,0,-3,-2,12.63
fold2_room1_mix0408,43,4,0,-3,-2,12.88
fold2_room1_mix0408,44,4,0,-4,-2,12.70
fold2_room1_mix0408,45,4,0,-4,-2,12.19
fold2_room1_mix0408,46,4,0,-4,-2,11.85
fold2_room1_mix0408,47,4,0,-5,-2,12.05
fold2_room1_mix0408,48,4,0,-5,-2,11.07
fold2_room1_mix0408,49,4,0,-5,-3,10.40
fold2_room1_mix0408,50,4,0,-5,-3,9.84
fold2_room1_mix0408,51,4,0,-7,-3,9.48
fold2_room1_mix0408,52,4,0,-7,-4,8.89
fold2_room1_mix0408,53,4,0,-8,-4,8.50
fold2_room1_mix0408,54,4,0,-9,-4,8.01
fold2_room1_mix0408,55,4,0,-12,-4,7.34
fold2_room1_mix0408,56,4,0,-12,-5,6.83
fold2_room1_mix0408,57,4,0,-13,-5,6.72
fold2_room1_mix0408,58,4,0,-15,-5,5.95
fold2_room1_mix0408,59,4,0,-16,-6,5.35
fold2_room1_mix0408,60,4,0,-16,-6,5.42
fold2_room1_mix0408,61,4,0,-18,-6,4.60
fold2_room1_mix0408,62,4,0,-22,-8,4.00
fold2_room1_mix0408,63,4,0,-23,-9,3.46
fold2_room1_mix0408,64,4,0,-26,-10,3.29
fold2_room1_mix0408,65,4,0,-31,-12,2.86
fold2_room1_mix0408,66,4,0,-35,-14,2.49
fold2_room1_mix0408,67,4,0,-42,-17,2.15
fold2_room1_mix0408,68,4,0,-47,-16,2.27
fold2_room1_mix0408,69,4,0,-60,-21,1.99
fold2_room1_mix0408,70,4,0,-77,-24,1.76
fold2_room1_mix0408,71,4,0,-95,-24,1.71
fold2_room1_mix0408,72,4,0,-112,-23,1.92
fold2_room1_mix0408,73,4,0,-124,-20,2.08
fold2_room1_mix0408,74,4,0,-137,-15,2.45
fold2_room1_mix0408,75,4,0,-142,-14,2.78
fold2_room1_mix0408,76,4,0,-146,-12,3.12
fold2_room1_mix0408,77,4,0,-151,-10,3.75
fold2_room1_mix0408,78,4,0,-153,-10,3.89
fold2_room1_mix0408,79,4,0,-155,-9,4.19
fold2_room1_mix0408,80,4,0,-156,-8,4.40
fold2_room1_mix0408,81,4,0,-159,-7,4.97
fold2_room1_mix0408,82,4,0,-161,-6,5.30
fold2_room1_mix0408,83,4,0,-162,-6,5.35
fold2_room1_mix0408,84,4,0,-163,-5,6.18
fold2_room1_mix0408,85,4,0,-164,-5,6.42
fold2_room1_mix0408,86,4,0,-164,-4,6.74
fold2_room1_mix0408,87,4,0,-164,-4,7.34
fold2_room1_mix0408,88,4,0,-165,-4,7.49
fold2_room1_mix0408,89,4,0,-166,-4,8.17
fold2_room1_mix0408,90,4,0,-167,-4,8.33
fold2_room1_mix0408,91,4,0,-167,-4,8.48
fold2_room1_mix0408,92,4,0,-168,-3,9.06
fold2_room1_mix0408,93,4,0,-168,-3,9.10
fold2_room1_mix0408,94,4,0,-168,-3,9.99
fold2_room1_mix0408,95,4,0,-168,-3,10.21
fold2_room1_mix0408,96,4,0,-169,-3,10.78
fold2_room1_mix0408,97,4,0,-169,-2,11.32
fold2_room1_mix0408,98,4,0,-169,-2,10.97
fold2_room1_mix0408,99,4,0,-169,-3,10.69
fold2_room1_mix0408,1,4,0,-3,0,1.10
fold2_room1_mix0409,14,4,0,164,1,2.41
fold2_room1_mix0409,15,4,0,160,1,6.51
fold2_room1_mix0409,25,4,0,36,0,24.00
fold2_room1_mix0409,26,4,0,35,0,24.06
fold2_room1_mix0409,27,4,0,33,-1,26.33
fold2_room1_mix0409,28,4,0,35,-1,24.99
fold2_room1_mix0409,29,4,0,33,-1,24.30
fold2_room1_mix0409,30,4,0,35,-2,23.59
fold2_room1_mix0409,31,4,0,35,-2,25.13
fold2_room1_mix0409,32,4,0,34,-2,23.90
fold2_room1_mix0409,34,4,0,33,-2,23.83
fold2_room1_mix0409,35,4,0,34,-1,23.28
fold2_room1_mix0409,36,4,0,63,-2,27.18
fold2_room1_mix0409,36,4,0,34,-2,22.72
fold2_room1_mix0409,39,4,0,70,-3,26.01
fold2_room1_mix0409,39,4,0,36,-2,21.18
fold2_room1_mix0409,40,4,0,41,-2,22.50
fold2_room1_mix0409,41,4,0,76,-3,23.90
fold2_room1_mix0409,41,4,0,36,-2,19.93
fold2_room1_mix0409,42,4,0,83,-4,22.60
fold2_room1_mix0409,42,4,0,37,-2,18.73
fold2_room1_mix0409,43,4,0,102,-3,23.51
fold2_room1_mix0409,43,4,0,40,-2,18.50
fold2_room1_mix0409,44,4,0,119,-2,23.75
fold2_room1_mix0409,44,4,0,43,-2,17.90
fold2_room1_mix0409,45,4,0,141,-1,23.91
fold2_room1_mix0409,45,4,0,43,-2,17.36
fold2_room1_mix0409,46,4,0,137,-2,23.48
fold2_room1_mix0409,46,4,0,43,-3,17.43
fold2_room1_mix0409,47,4,0,131,-2,23.47
fold2_room1_mix0409,47,4,0,44,-3,17.82
fold2_room1_mix0409,48,4,0,160,-1,23.08
fold2_room1_mix0409,48,4,0,45,-3,16.69
fold2_room1_mix0409,49,4,0,156,-1,25.74
fold2_room1_mix0409,49,4,0,46,-3,17.38
fold2_room1_mix0409,50,4,0,157,-1,23.91
fold2_room1_mix0409,50,4,0,48,-3,16.91
fold2_room1_mix0409,51,4,0,145,-2,22.98
fold2_room1_mix0409,51,4,0,48,-3,17.07
fold2_room1_mix0409,52,4,0,152,-1,23.96
fold2_room1_mix0409,52,4,0,49,-3,16.79
fold2_room1_mix0409,53,4,0,164,0,27.37
fold2_room1_mix0409,53,4,0,52,-3,16.34
fold2_room1_mix0409,54,4,0,152,-1,22.88
fold2_room1_mix0409,54,4,0,52,-3,15.67
fold2_room1_mix0409,55,4,0,168,0,25.66
fold2_room1_mix0409,55,4,0,53,-3,15.18
fold2_room1_mix0409,56,4,0,170,0,25.00
fold2_room1_mix0409,56,4,0,55,-3,14.46
fold2_room1_mix0409,57,4,0,174,0,25.05
fold2_room1_mix0409,57,4,0,54,-3,14.42
fold2_room1_mix0409,58,4,0,177,0,22.81
fold2_room1_mix0409,58,4,0,56,-3,13.54
fold2_room1_mix0409,59,4,0,171,-1,23.03
fold2_room1_mix0409,59,4,0,58,-3,13.98
fold2_room1_mix0409,60,4,0,177,0,22.52
fold2_room1_mix0409,60,4,0,59,-3,13.54
fold2_room1_mix0409,61,4,0,172,-1,22.00
fold2_room1_mix0409,61,4,0,59,-3,13.43
fold2_room1_mix0409,62,4,0,177,-1,21.07
fold2_room1_mix0409,62,4,0,59,-3,13.30
fold2_room1_mix0409,63,4,0,177,-1,20.30
fold2_room1_mix0409,63,4,0,61,-3,13.88
fold2_room1_mix0409,64,4,0,-178,-1,18.01
fold2_room1_mix0409,64,4,0,63,-3,13.05
fold2_room1_mix0409,65,4,0,178,-1,19.48
fold2_room1_mix0409,65,4,0,68,-3,13.40
fold2_room1_mix0409,66,4,0,176,-1,18.41
fold2_room1_mix0409,66,4,0,69,-3,13.98
fold2_room1_mix0409,67,4,0,169,-1,18.47
fold2_room1_mix0409,67,4,0,75,-3,13.41
fold2_room1_mix0409,68,4,0,170,-2,17.11
fold2_room1_mix0409,68,4,0,78,-3,13.74
fold2_room1_mix0409,69,4,0,176,-3,15.81
fold2_room1_mix0409,69,4,0,77,-3,13.46
fold2_room1_mix0409,70,4,0,178,-2,15.71
fold2_room1_mix0409,70,4,0,78,-3,13.20
fold2_room1_mix0409,71,4,0,-177,-3,13.93
fold2_room1_mix0409,71,4,0,80,-3,13.26
fold2_room1_mix0409,72,4,0,-172,-3,13.33
fold2_room1_mix0409,72,4,0,79,-3,13.27
fold2_room1_mix0409,73,4,0,-172,-3,12.57
fold2_room1_mix0409,73,4,0,86,-3,13.91
fold2_room1_mix0409,74,4,0,-168,-4,10.95
fold2_room1_mix0409,74,4,0,88,-3,13.54
fold2_room1_mix0409,75,4,0,-169,-4,10.95
fold2_room1_mix0409,75,4,0,127,-3,12.96
fold2_room1_mix0409,75,4,0,94,-2,14.69
fold2_room1_mix0409,76,4,0,-171,-4,10.43
fold2_room1_mix0409,76,4,0,132,-3,12.42
fold2_room1_mix0409,76,4,0,93,-2,14.75
fold2_room1_mix0409,77,4,0,-168,-5,9.23
fold2_room1_mix0409,77,4,0,143,-4,11.20
fold2_room1_mix0409,77,4,0,98,-2,13.91
fold2_room1_mix0409,78,4,0,-167,-5,8.90
fold2_room1_mix0409,78,4,0,146,-4,11.11
fold2_room1_mix0409,78,4,0,100,-2,14.51
fold2_room1_mix0409,79,4,0,-169,-5,8.56
fold2_room1_mix0409,79,4,0,161,-4,10.19
fold2_room1_mix0409,79,4,0,101,-2,14.44
fold2_room1_mix0409,80,4,0,-164,-6,6.91
fold2_room1_mix0409,80,4,0,166,-4,9.03
fold2_room1_mix0409,80,4,0,104,-1,14.05
fold2_room1_mix0409,81,4,0,-161,-6,6.80
fold2_room1_mix0409,81,4,0,160,-4,9.45
fold2_room1_mix0409,81,4,0,102,-1,14.79
fold2_room1_mix0409,82,4,0,-152,-6,6.30
fold2_room1_mix0409,82,4,0,167,-4,8.84
fold2_room1_mix0409,82,4,0,104,-1,13.97
fold2_room1_mix0409,83,4,0,-142,-6,5.24
fold2_room1_mix0409,83,4,0,153,-3,9.01
fold2_room1_mix0409,83,4,0,108,-1,13.89
fold2_room1_mix0409,84,4,0,-140,-7,4.45
fold2_room1_mix0409,84,4,0,167,-4,7.60
fold2_room1_mix0409,84,4,0,109,0,13.31
fold2_room1_mix0409,85,4,0,-134,-9,3.42
fold2_room1_mix0409,85,4,0,171,-6,7.41
fold2_room1_mix0409,85,4,0,109,0,13.08
fold2_room1_mix0409,86,4,0,-143,-8,4.63
fold2_room1_mix0409,86,4,0,111,0,12.16
fold2_room1_mix0409,87,4,0,-132,-9,3.97
fold2_room1_mix0409,87,4,0,111,0,13.11
fold2_room1_mix0409,88,4,0,-110,-9,4.05
fold2_room1_mix0409,88,4,0,118,0,12.44
fold2_room1_mix0409,89,4,0,112,0,11.01
fold2_room1_mix0409,89,4,0,-80,-12,3.48
fold2_room1_mix0409,90,4,0,126,3,14.82
fold2_room1_mix0409,90,4,0,-66,-10,2.84
fold2_room1_mix0409,91,4,0,127,4,17.55
fold2_room1_mix0409,91,4,0,-49,-7,3.51
fold2_room1_mix0409,92,4,0,130,3,17.71
fold2_room1_mix0409,92,4,0,-39,-5,3.34
fold2_room1_mix0409,92,4,0,-17,-5,5.65
fold2_room1_mix0409,93,4,0,132,1,17.23
fold2_room1_mix0409,93,4,0,-30,-4,4.62
fold2_room1_mix0409,94,4,0,135,1,18.95
fold2_room1_mix0409,94,4,0,-25,-3,5.50
fold2_room1_mix0409,95,4,0,137,1,21.20
fold2_room1_mix0409,95,4,0,-20,-2,6.56
fold2_room1_mix0409,96,4,0,138,1,19.51
fold2_room1_mix0409,96,4,0,-18,-3,6.37
fold2_room1_mix0409,97,4,0,141,1,21.20
fold2_room1_mix0409,97,4,0,-14,-2,7.83
fold2_room1_mix0409,98,4,0,143,1,22.39
fold2_room1_mix0409,98,4,0,-12,-2,8.36
fold2_room1_mix0409,99,4,0,144,1,20.66
fold2_room1_mix0409,99,4,0,-11,-2,8.81
fold2_room1_mix0409,17,4,0,20,0,29.01
fold2_room1_mix0409,19,4,0,27,0,19.17
fold2_room1_mix0409,20,4,0,32,1,13.58
fold2_room1_mix0409,21,4,0,28,0,17.63
fold2_room1_mix0409,33,4,0,30,-2,22.54
fold2_room1_mix0409,37,4,0,34,-2,22.96
fold2_room1_mix0409,38,4,0,35,-2,21.57
fold2_room1_mix0409,11,4,0,16,0,8.52
fold2_room1_mix0409,18,4,0,31,1,10.18
fold2_room1_mix0409,23,4,0,29,1,14.46
fold2_room1_mix0411,3,4,0,-178,0,5.66
fold2_room1_mix0411,4,4,0,179,0,14.66
fold2_room1_mix0411,5,4,0,179,0,18.13
fold2_room1_mix0411,6,4,0,179,0,22.99
fold2_room1_mix0411,7,4,0,179,0,27.94
fold2_room1_mix0411,8,4,0,178,0,34.60
fold2_room1_mix0411,9,4,0,178,0,33.48
fold2_room1_mix0411,10,4,0,-179,0,34.11
fold2_room1_mix0411,11,4,0,179,0,33.74
fold2_room1_mix0411,12,4,0,179,0,31.13
fold2_room1_mix0411,13,4,0,177,0,31.61
fold2_room1_mix0411,14,4,0,178,0,32.39
fold2_room1_mix0411,15,4,0,-179,0,30.20
fold2_room1_mix0411,16,4,0,179,0,29.85
fold2_room1_mix0411,17,4,0,179,0,30.92
fold2_room1_mix0411,18,4,0,179,0,30.58
fold2_room1_mix0411,19,4,0,-179,0,29.94
fold2_room1_mix0411,20,4,0,-179,0,29.52
fold2_room1_mix0411,21,4,0,179,0,29.09
fold2_room1_mix0411,22,4,0,-179,0,27.86
fold2_room1_mix0411,23,4,0,-179,0,26.26
fold2_room1_mix0411,24,4,0,-178,0,26.12
fold2_room1_mix0411,25,4,0,-177,0,26.32
fold2_room1_mix0411,26,4,0,-177,0,25.79
fold2_room1_mix0411,27,4,0,-178,0,27.59
fold2_room1_mix0411,28,4,0,-178,0,27.49
fold2_room1_mix0411,29,4,0,-178,0,26.73
fold2_room1_mix0411,30,4,0,-178,0,25.40
fold2_room1_mix0411,31,4,0,-177,0,24.42
fold2_room1_mix0411,32,4,0,-178,0,22.42
fold2_room1_mix0411,33,4,0,-179,0,24.06
fold2_room1_mix0411,34,4,0,-178,0,21.42
fold2_room1_mix0411,35,4,0,-179,-1,19.81
fold2_room1_mix0411,36,4,0,-178,-1,19.23
fold2_room1_mix0411,37,4,0,-178,-1,18.28
fold2_room1_mix0411,38,4,0,-178,-1,17.43
fold2_room1_mix0411,39,4,0,-179,-1,16.23
fold2_room1_mix0411,40,4,0,-179,-1,16.67
fold2_room1_mix0411,41,4,0,179,-2,14.05
fold2_room1_mix0411,42,4,0,179,-2,13.14
fold2_room1_mix0411,43,4,0,176,-3,12.78
fold2_room1_mix0411,44,4,0,177,-3,11.90
fold2_room1_mix0411,45,4,0,178,-3,11.25
fold2_room1_mix0411,46,4,0,178,-4,10.63
fold2_room1_mix0411,47,4,0,-176,-3,12.37
fold2_room1_mix0411,47,4,0,161,-9,5.01
fold2_room1_mix0411,48,4,0,-176,-3,12.78
fold2_room1_mix0411,48,4,0,152,-13,3.18
fold2_room1_mix0411,49,4,0,-179,-2,13.59
fold2_room1_mix0411,49,4,0,144,-18,2.09
fold2_room1_mix0411,50,4,0,-179,-3,12.92
fold2_room1_mix0411,50,4,0,119,-28,1.74
fold2_room1_mix0411,51,4,0,-179,-3,10.67
fold2_room1_mix0411,51,4,0,73,-27,1.92
fold2_room1_mix0411,52,4,0,-179,-4,9.18
fold2_room1_mix0411,52,4,0,54,-23,2.00
fold2_room1_mix0411,53,4,0,-175,-4,7.81
fold2_room1_mix0411,53,4,0,36,-16,2.88
fold2_room1_mix0411,54,4,0,-175,-5,6.62
fold2_room1_mix0411,54,4,0,26,-12,3.52
fold2_room1_mix0411,55,4,0,-173,-6,6.23
fold2_room1_mix0411,55,4,0,22,-10,4.11
fold2_room1_mix0411,56,4,0,-171,-7,5.41
fold2_room1_mix0411,56,4,0,22,-10,4.46
fold2_room1_mix0411,57,4,0,-168,-9,4.43
fold2_room1_mix0411,57,4,0,17,-8,5.25
fold2_room1_mix0411,58,4,0,-168,-10,3.92
fold2_room1_mix0411,58,4,0,11,-6,6.28
fold2_room1_mix0411,59,4,0,-160,-13,3.06
fold2_room1_mix0411,59,4,0,10,-6,7.22
fold2_room1_mix0411,60,4,0,-150,-20,2.08
fold2_room1_mix0411,60,4,0,7,-6,6.82
fold2_room1_mix0411,61,4,0,-135,-30,1.77
fold2_room1_mix0411,61,4,0,8,-6,8.10
fold2_room1_mix0411,62,4,0,-76,-43,1.10
fold2_room1_mix0411,62,4,0,12,-8,8.27
fold2_room1_mix0411,63,4,0,-45,-32,1.26
fold2_room1_mix0411,63,4,0,10,-5,8.07
fold2_room1_mix0411,64,4,0,-35,-25,1.45
fold2_room1_mix0411,64,4,0,-18,-18,2.92
fold2_room1_mix0411,64,4,0,5,-3,8.64
fold2_room1_mix0411,65,4,0,-137,-20,3.33
fold2_room1_mix0411,65,4,0,-17,-13,3.16
fold2_room1_mix0411,65,4,0,3,-5,7.57
fold2_room1_mix0411,66,4,0,-155,-11,5.70
fold2_room1_mix0411,66,4,0,-17,-12,3.41
fold2_room1_mix0411,66,4,0,2,-5,8.18
fold2_room1_mix0411,67,4,0,-164,-10,5.06
fold2_room1_mix0411,67,4,0,-2,-7,6.63
fold2_room1_mix0411,68,4,0,-159,-8,5.85
fold2_room1_mix0411,68,4,0,-3,-6,7.40
fold2_room1_mix0411,69,4,0,-159,-9,4.61
fold2_room1_mix0411,69,4,0,-1,-6,8.03
fold2_room1_mix0411,70,4,0,-156,-8,4.36
fold2_room1_mix0411,70,4,0,-3,-5,8.47
fold2_room1_mix0411,71,4,0,-150,-11,3.31
fold2_room1_mix0411,71,4,0,-3,-4,9.43
fold2_room1_mix0411,72,4,0,-138,-12,3.04
fold2_room1_mix0411,72,4,0,0,-4,9.97
fold2_room1_mix0411,73,4,0,-127,-16,2.22
fold2_room1_mix0411,73,4,0,-4,-4,10.40
fold2_room1_mix0411,74,4,0,-99,-18,2.01
fold2_room1_mix0411,74,4,0,-4,-3,10.67
fold2_room1_mix0411,75,4,0,-57,-17,2.16
fold2_room1_mix0411,75,4,0,1,-2,12.74
fold2_room1_mix0411,76,4,0,-36,-11,3.12
fold2_room1_mix0411,76,4,0,2,-2,13.75
fold2_room1_mix0411,77,4,0,-25,-8,3.87
fold2_room1_mix0411,77,4,0,3,-2,15.59
fold2_room1_mix0411,78,4,0,-22,-8,4.43
fold2_room1_mix0411,78,4,0,1,-2,17.26
fold2_room1_mix0411,79,4,0,-17,-7,5.34
fold2_room1_mix0411,79,4,0,3,-2,17.41
fold2_room1_mix0411,80,4,0,-13,-5,6.64
fold2_room1_mix0411,80,4,0,3,-1,18.17
fold2_room1_mix0411,81,4,0,0,-2,16.15
fold2_room1_mix0411,82,4,0,0,-3,15.77
fold2_room1_mix0411,83,4,0,0,-2,17.35
fold2_room1_mix0411,84,4,0,-1,-2,17.69
fold2_room1_mix0411,85,4,0,0,-2,19.16
fold2_room1_mix0411,86,4,0,0,-2,19.25
fold2_room1_mix0411,87,4,0,0,-2,19.49
fold2_room1_mix0411,88,4,0,0,-2,20.35
fold2_room1_mix0411,89,4,0,0,-2,20.27
fold2_room1_mix0411,90,4,0,0,-2,20.72
fold2_room1_mix0411,91,4,0,0,-1,22.66
fold2_room1_mix0411,92,4,0,0,-2,21.47
fold2_room1_mix0411,93,4,0,0,-1,23.40
fold2_room1_mix0411,94,4,0,0,-1,24.17
fold2_room1_mix0411,95,4,0,0,-1,24.14
fold2_room1_mix0411,96,4,0,0,-1,24.62
fold2_room1_mix0411,97,4,0,0,-1,26.67
fold2_room1_mix0411,98,4,0,0,-1,25.98
fold2_room1_mix0411,99,4,0,1,-1,26.61
fold2_room1_mix0413,0,5,0,-174,3,1.82
fold2_room1_mix0413,1,5,0,-176,3,4.19
fold2_room1_mix0413,2,5,0,-170,3,4.67
fold2_room1_mix0413,3,5,0,-167,3,5.98
fold2_room1_mix0413,4,5,0,-173,2,2.86
fold2_room1_mix0413,5,5,0,-170,4,10.23
fold2_room1_mix0413,6,5,0,-167,4,11.58
fold2_room1_mix0413,7,5,0,-168,4,10.69
fold2_room1_mix0413,8,5,0,-171,4,11.63
fold2_room1_mix0413,9,5,0,-169,4,11.45
fold2_room1_mix0413,10,5,0,-167,4,11.24
fold2_room1_mix0413,11,5,0,-167,3,11.72
fold2_room1_mix0413,12,5,0,-170,3,12.46
fold2_room1_mix0413,13,5,0,-168,3,11.66
fold2_room1_mix0413,14,5,0,-168,4,11.51
fold2_room1_mix0413,15,5,0,-167,3,12.01
fold2_room1_mix0413,16,5,0,-168,3,11.61
fold2_room1_mix0413,17,5,0,-168,4,12.14
fold2_room1_mix0413,18,5,0,-167,3,11.62
fold2_room1_mix0413,19,5,0,-168,3,12.39
fold2_room1_mix0413,20,5,0,-168,3,12.12
fold2_room1_mix0413,21,5,0,-167,3,12.88
fold2_room1_mix0413,22,5,0,-167,3,12.49
fold2_room1_mix0413,23,5,0,-170,3,12.20
fold2_room1_mix0413,24,5,0,-168,3,12.67
fold2_room1_mix0413,25,5,0,-166,3,12.40
fold2_room1_mix0413,26,5,0,-168,4,12.49
fold2_room1_mix0413,27,5,0,-168,3,12.50
fold2_room1_mix0413,28,5,0,-167,3,12.70
fold2_room1_mix0413,29,5,0,-167,3,12.77
fold2_room1_mix0413,30,5,0,-167,3,13.04
fold2_room1_mix0413,31,5,0,-168,4,12.57
fold2_room1_mix0413,32,5,0,-169,3,12.50
fold2_room1_mix0413,33,5,0,-167,3,12.94
fold2_room1_mix0413,34,5,0,-167,3,12.65
fold2_room1_mix0413,35,5,0,-169,3,13.77
fold2_room1_mix0413,36,5,0,-169,3,13.38
fold2_room1_mix0413,37,5,0,-168,4,12.42
fold2_room1_mix0413,38,5,0,-167,3,13.00
fold2_room1_mix0413,39,5,0,-168,3,13.60
fold2_room1_mix0413,40,5,0,-169,3,13.70
fold2_room1_mix0413,41,5,0,-167,4,12.39
fold2_room1_mix0413,42,5,0,-167,3,12.98
fold2_room1_mix0413,43,5,0,-168,3,13.49
fold2_room1_mix0413,44,5,0,-168,3,13.64
fold2_room1_mix0413,45,5,0,-166,3,13.90
fold2_room1_mix0413,46,5,0,-167,4,12.39
fold2_room1_mix0413,47,5,0,-168,3,13.89
fold2_room1_mix0413,48,5,0,-168,3,14.10
fold2_room1_mix0413,49,5,0,-168,3,13.57
fold2_room1_mix0413,50,5,0,-167,4,12.88
fold2_room1_mix0413,51,5,0,-168,3,13.55
fold2_room1_mix0413,52,5,0,-168,3,13.72
fold2_room1_mix0413,53,5,0,-167,3,14.18
fold2_room1_mix0413,54,5,0,-166,3,13.69
fold2_room1_mix0413,55,5,0,-168,3,13.19
fold2_room1_mix0413,56,5,0,-167,3,14.15
fold2_room1_mix0413,57,5,0,-167,3,13.72
fold2_room1_mix0413,58,5,0,-168,3,13.78
fold2_room1_mix0413,59,5,0,-168,4,12.97
fold2_room1_mix0413,60,5,0,-168,3,13.71
fold2_room1_mix0413,61,5,0,-166,3,13.61
fold2_room1_mix0413,62,5,0,-167,3,13.82
fold2_room1_mix0413,63,5,0,-167,3,13.70
fold2_room1_mix0413,64,5,0,-167,4,12.96
fold2_room1_mix0413,65,5,0,-167,3,14.13
fold2_room1_mix0413,66,5,0,-167,3,14.27
fold2_room1_mix0413,67,5,0,-167,3,13.73
fold2_room1_mix0413,68,5,0,-168,3,13.63
fold2_room1_mix0413,69,5,0,-166,3,14.05
fold2_room1_mix0413,70,5,0,-165,3,13.70
fold2_room1_mix0413,71,5,0,-167,3,14.49
fold2_room1_mix0413,72,5,0,-166,3,14.14
fold2_room1_mix0413,73,5,0,-167,4,13.13
fold2_room1_mix0413,74,5,0,-166,3,14.64
fold2_room1_mix0413,75,5,0,-167,3,14.51
fold2_room1_mix0413,76,5,0,-168,3,14.14
fold2_room1_mix0413,77,5,0,-166,4,13.55
fold2_room1_mix0413,78,5,0,-166,3,14.35
fold2_room1_mix0413,79,5,0,-166,3,14.26
fold2_room1_mix0413,80,5,0,-166,3,14.55
fold2_room1_mix0413,81,5,0,-168,3,15.03
fold2_room1_mix0413,82,5,0,-167,3,13.84
fold2_room1_mix0413,83,5,0,-167,3,14.68
fold2_room1_mix0413,84,5,0,-168,3,14.63
fold2_room1_mix0413,85,5,0,-167,3,14.64
fold2_room1_mix0413,86,5,0,-167,3,13.69
fold2_room1_mix0413,87,5,0,-166,3,14.64
fold2_room1_mix0413,88,5,0,-166,3,14.16
fold2_room1_mix0413,89,5,0,-167,3,15.09
fold2_room1_mix0413,90,5,0,-167,3,15.78
fold2_room1_mix0413,91,5,0,-167,3,13.80
fold2_room1_mix0413,92,5,0,-166,3,14.89
fold2_room1_mix0413,93,5,0,-166,3,14.86
fold2_room1_mix0413,94,5,0,-167,3,14.80
fold2_room1_mix0413,95,5,0,-167,3,14.25
fold2_room1_mix0413,96,5,0,-165,3,14.80
fold2_room1_mix0413,97,5,0,-166,3,14.57
fold2_room1_mix0413,98,5,0,-166,3,14.94
fold2_room1_mix0413,99,5,0,-166,3,15.23
fold2_room1_mix0414,0,5,0,-176,4,2.91
fold2_room1_mix0414,1,4,0,177,0,0.65
fold2_room1_mix0414,1,5,0,-178,3,1.68
fold2_room1_mix0414,2,4,0,179,1,0.71
fold2_room1_mix0414,2,5,0,-172,3,6.26
fold2_room1_mix0414,3,4,0,-177,0,5.03
fold2_room1_mix0414,3,4,0,2,0,5.74
fold2_room1_mix0414,3,5,0,-166,4,6.37
fold2_room1_mix0414,4,4,0,-172,-1,12.51
fold2_room1_mix0414,4,4,0,2,-1,13.38
fold2_room1_mix0414,5,4,0,-175,0,14.03
fold2_room1_mix0414,5,4,0,2,0,16.79
fold2_room1_mix0414,5,5,0,-171,4,11.45
fold2_room1_mix0414,6,4,0,-177,0,14.75
fold2_room1_mix0414,6,4,0,3,0,18.31
fold2_room1_mix0414,6,5,0,-165,4,11.70
fold2_room1_mix0414,7,4,0,-176,-1,22.83
fold2_room1_mix0414,7,4,0,3,0,32.28
fold2_room1_mix0414,7,5,0,-166,4,9.50
fold2_room1_mix0414,8,4,0,-176,-2,24.34
fold2_room1_mix0414,8,4,0,4,-1,30.10
fold2_room1_mix0414,8,5,0,-171,4,9.68
fold2_room1_mix0414,9,4,0,-176,-2,20.43
fold2_room1_mix0414,9,4,0,3,-1,26.05
fold2_room1_mix0414,9,5,0,-168,5,9.36
fold2_room1_mix0414,10,4,0,-176,-1,19.19
fold2_room1_mix0414,10,4,0,1,0,24.22
fold2_room1_mix0414,10,5,0,-164,5,9.56
fold2_room1_mix0414,11,4,0,-176,-2,19.43
fold2_room1_mix0414,11,4,0,3,0,24.86
fold2_room1_mix0414,11,5,0,-169,4,9.66
fold2_room1_mix0414,12,4,0,-178,-2,19.02
fold2_room1_mix0414,12,4,0,2,-1,23.20
fold2_room1_mix0414,12,5,0,-168,4,10.06
fold2_room1_mix0414,13,4,0,-177,-2,19.10
fold2_room1_mix0414,13,4,0,0,0,24.24
fold2_room1_mix0414,13,5,0,-167,5,9.84
fold2_room1_mix0414,14,4,0,-178,-2,18.70
fold2_room1_mix0414,14,4,0,3,-1,24.39
fold2_room1_mix0414,14,5,0,-167,4,9.38
fold2_room1_mix0414,15,4,0,-178,-2,19.13
fold2_room1_mix0414,15,4,0,0,0,27.53
fold2_room1_mix0414,15,5,0,-168,4,10.35
fold2_room1_mix0414,16,4,0,-175,-2,16.84
fold2_room1_mix0414,16,4,0,3,0,22.33
fold2_room1_mix0414,16,5,0,-171,4,9.89
fold2_room1_mix0414,17,4,0,-176,-2,17.61
fold2_room1_mix0414,17,4,0,2,-1,21.97
fold2_room1_mix0414,17,5,0,-168,5,8.93
fold2_room1_mix0414,18,4,0,-176,-2,16.84
fold2_room1_mix0414,18,4,0,2,-1,22.06
fold2_room1_mix0414,18,5,0,-167,5,9.06
fold2_room1_mix0414,19,4,0,-176,-2,15.14
fold2_room1_mix0414,19,4,0,2,-1,20.07
fold2_room1_mix0414,19,5,0,-169,4,9.39
fold2_room1_mix0414,20,2,0,113,-4,6.59
fold2_room1_mix0414,20,4,0,-176,-2,16.30
fold2_room1_mix0414,20,4,0,1,-1,19.19
fold2_room1_mix0414,20,5,0,-173,4,11.10
fold2_room1_mix0414,21,2,0,102,-4,6.30
fold2_room1_mix0414,21,4,0,-174,-2,15.72
fold2_room1_mix0414,21,4,0,3,-2,17.11
fold2_room1_mix0414,21,5,0,-171,4,10.92
fold2_room1_mix0414,22,2,0,106,-5,6.22
fold2_room1_mix0414,22,4,0,-174,-2,15.10
fold2_room1_mix0414,22,4,0,2,-1,16.93
fold2_room1_mix0414,22,5,0,-167,4,10.83
fold2_room1_mix0414,23,2,0,105,-4,7.31
fold2_room1_mix0414,23,4,0,-173,-3,14.31
fold2_room1_mix0414,23,4,0,2,-2,17.00
fold2_room1_mix0414,23,5,0,-170,4,9.90
fold2_room1_mix0414,24,2,0,99,-4,7.59
fold2_room1_mix0414,24,4,0,-173,-2,15.66
fold2_room1_mix0414,24,4,0,3,-2,18.50
fold2_room1_mix0414,24,5,0,-173,4,10.04
fold2_room1_mix0414,25,4,0,-174,-3,14.71
fold2_room1_mix0414,25,4,0,2,-3,14.28
fold2_room1_mix0414,25,5,0,-171,5,9.96
fold2_room1_mix0414,26,4,0,-174,-3,12.07
fold2_room1_mix0414,26,4,0,0,-2,14.20
fold2_room1_mix0414,26,5,0,-168,5,9.74
fold2_room1_mix0414,27,4,0,-173,-3,11.31
fold2_room1_mix0414,27,4,0,3,-3,11.91
fold2_room1_mix0414,27,5,0,-169,4,10.23
fold2_room1_mix0414,28,4,0,-172,-4,10.67
fold2_room1_mix0414,28,4,0,4,-3,12.55
fold2_room1_mix0414,28,5,0,-169,4,9.75
fold2_room1_mix0414,29,2,0,93,-5,5.71
fold2_room1_mix0414,29,4,0,-170,-5,9.83
fold2_room1_mix0414,29,4,0,5,-4,11.05
fold2_room1_mix0414,29,5,0,-165,5,8.75
fold2_room1_mix0414,30,2,0,112,-4,7.94
fold2_room1_mix0414,30,4,0,-171,-4,9.44
fold2_room1_mix0414,30,4,0,5,-4,10.27
fold2_room1_mix0414,30,5,0,-167,4,9.79
fold2_room1_mix0414,31,2,0,113,-4,7.42
fold2_room1_mix0414,31,4,0,-170,-5,9.33
fold2_room1_mix0414,31,4,0,4,-4,10.24
fold2_room1_mix0414,31,5,0,-167,4,10.07
fold2_room1_mix0414,32,2,0,111,-5,6.12
fold2_room1_mix0414,32,4,0,-170,-5,8.43
fold2_room1_mix0414,32,4,0,5,-4,9.64
fold2_room1_mix0414,32,5,0,-168,5,9.60
fold2_room1_mix0414,33,2,0,110,-5,7.21
fold2_room1_mix0414,33,4,0,-169,-6,7.79
fold2_room1_mix0414,33,4,0,8,-5,8.70
fold2_room1_mix0414,33,5,0,-168,4,9.85
fold2_room1_mix0414,34,2,0,112,-5,6.37
fold2_room1_mix0414,34,4,0,-169,-6,7.07
fold2_room1_mix0414,34,4,0,6,-5,8.16
fold2_room1_mix0414,34,5,0,-167,4,11.10
fold2_room1_mix0414,35,4,0,-169,-6,7.39
fold2_room1_mix0414,35,4,0,9,-7,6.42
fold2_room1_mix0414,35,5,0,-165,5,10.37
fold2_room1_mix0414,36,4,0,-166,-6,6.51
fold2_room1_mix0414,36,4,0,12,-9,4.95
fold2_room1_mix0414,36,5,0,-169,5,9.93
fold2_room1_mix0414,37,4,0,-166,-6,6.27
fold2_room1_mix0414,37,4,0,19,-10,4.62
fold2_room1_mix0414,37,5,0,-165,5,9.23
fold2_room1_mix0414,38,4,0,-163,-6,5.89
fold2_room1_mix0414,38,4,0,17,-11,4.29
fold2_room1_mix0414,38,5,0,-163,5,9.65
fold2_room1_mix0414,39,2,0,105,-5,6.30
fold2_room1_mix0414,39,4,0,-160,-9,4.03
fold2_room1_mix0414,39,4,0,18,-11,3.66
fold2_room1_mix0414,39,5,0,-166,5,9.64
fold2_room1_mix0414,40,2,0,107,-5,8.01
fold2_room1_mix0414,40,4,0,-161,-8,4.29
fold2_room1_mix0414,40,4,0,21,-13,3.22
fold2_room1_mix0414,40,5,0,-167,5,8.25
fold2_room1_mix0414,41,2,0,107,-5,7.66
fold2_room1_mix0414,41,4,0,-160,-9,3.73
fold2_room1_mix0414,41,4,0,26,-14,2.69
fold2_room1_mix0414,41,5,0,-165,5,9.01
fold2_room1_mix0414,42,2,0,106,-6,7.08
fold2_room1_mix0414,42,4,0,-158,-9,3.73
fold2_room1_mix0414,42,4,0,34,-14,2.98
fold2_room1_mix0414,42,5,0,-163,6,8.37
fold2_room1_mix0414,43,2,0,102,-6,7.45
fold2_room1_mix0414,43,4,0,-156,-12,2.97
fold2_room1_mix0414,43,4,0,39,-16,2.53
fold2_room1_mix0414,43,5,0,-167,5,8.08
fold2_room1_mix0414,44,2,0,97,-6,7.50
fold2_room1_mix0414,44,4,0,-152,-14,2.69
fold2_room1_mix0414,44,4,0,46,-19,2.56
fold2_room1_mix0414,44,5,0,-163,5,9.81
fold2_room1_mix0414,45,4,0,-149,-13,2.61
fold2_room1_mix0414,45,4,0,-162,-21,1.78
fold2_room1_mix0414,45,4,0,106,-23,1.86
fold2_room1_mix0414,45,5,0,-160,6,8.03
fold2_room1_mix0414,46,4,0,-142,-15,1.84
fold2_room1_mix0414,46,4,0,114,-23,2.12
fold2_room1_mix0414,46,5,0,-160,6,6.11
fold2_room1_mix0414,47,4,0,-145,-14,3.29
fold2_room1_mix0414,47,4,0,-124,-24,1.04
fold2_room1_mix0414,47,5,0,-165,5,9.34
fold2_room1_mix0414,48,4,0,-142,-18,2.60
fold2_room1_mix0414,48,4,0,-104,-25,0.77
fold2_room1_mix0414,48,5,0,-168,6,8.28
fold2_room1_mix0414,49,2,0,90,-5,8.10
fold2_room1_mix0414,49,4,0,-169,-15,3.97
fold2_room1_mix0414,49,4,0,-91,-23,0.97
fold2_room1_mix0414,49,5,0,-165,5,9.20
fold2_room1_mix0414,50,2,0,90,-5,8.41
fold2_room1_mix0414,50,4,0,-162,-7,6.92
fold2_room1_mix0414,50,4,0,-66,-19,1.22
fold2_room1_mix0414,50,4,0,-53,-36,1.70
fold2_room1_mix0414,50,5,0,-165,4,9.59
fold2_room1_mix0414,51,2,0,88,-6,7.25
fold2_room1_mix0414,51,4,0,-144,-13,4.52
fold2_room1_mix0414,51,4,0,-53,-14,1.44
fold2_room1_mix0414,51,4,0,-17,-16,3.41
fold2_room1_mix0414,51,5,0,-167,5,9.26
fold2_room1_mix0414,52,2,0,87,-6,7.63
fold2_room1_mix0414,52,4,0,-175,-9,6.26
fold2_room1_mix0414,52,4,0,-41,-13,1.89
fold2_room1_mix0414,52,4,0,-25,-13,3.28
fold2_room1_mix0414,52,5,0,-165,5,9.47
fold2_room1_mix0414,53,2,0,85,-6,7.77
fold2_room1_mix0414,53,4,0,174,-9,7.97
fold2_room1_mix0414,53,4,0,-34,-13,2.84
fold2_room1_mix0414,53,5,0,-162,5,9.64
fold2_room1_mix0414,54,2,0,81,-6,7.60
fold2_room1_mix0414,54,4,0,-172,-6,8.44
fold2_room1_mix0414,54,4,0,-28,-10,3.43
fold2_room1_mix0414,54,5,0,-163,5,10.86
fold2_room1_mix0414,55,4,0,176,-4,10.74
fold2_room1_mix0414,55,4,0,-27,-8,4.46
fold2_room1_mix0414,55,5,0,-164,6,9.25
fold2_room1_mix0414,56,4,0,177,-5,9.06
fold2_room1_mix0414,56,4,0,-19,-7,5.54
fold2_room1_mix0414,56,5,0,-163,6,7.87
fold2_room1_mix0414,57,4,0,178,-4,10.40
fold2_room1_mix0414,57,4,0,-15,-6,6.10
fold2_room1_mix0414,57,5,0,-167,6,7.97
fold2_room1_mix0414,58,4,0,176,-4,9.77
fold2_room1_mix0414,58,4,0,-15,-6,6.77
fold2_room1_mix0414,58,5,0,-167,6,7.80
fold2_room1_mix0414,59,2,0,78,-4,6.82
fold2_room1_mix0414,59,4,0,176,-4,10.74
fold2_room1_mix0414,59,4,0,-15,-6,6.66
fold2_room1_mix0414,59,5,0,-165,6,8.10
fold2_room1_mix0414,60,2,0,78,-6,7.60
fold2_room1_mix0414,60,4,0,178,-3,11.57
fold2_room1_mix0414,60,4,0,-13,-5,7.65
fold2_room1_mix0414,60,5,0,-162,6,8.50
fold2_room1_mix0414,61,2,0,69,-5,8.71
fold2_room1_mix0414,61,4,0,175,-4,11.23
fold2_room1_mix0414,61,4,0,-11,-4,8.85
fold2_room1_mix0414,61,5,0,-166,7,8.16
fold2_room1_mix0414,62,2,0,69,-5,9.49
fold2_room1_mix0414,62,4,0,178,-4,12.22
fold2_room1_mix0414,62,4,0,-11,-4,9.45
fold2_room1_mix0414,62,5,0,-166,5,8.61
fold2_room1_mix0414,63,2,0,64,-4,10.01
fold2_room1_mix0414,63,4,0,179,-4,13.35
fold2_room1_mix0414,63,4,0,-9,-4,10.56
fold2_room1_mix0414,63,5,0,-158,5,9.31
fold2_room1_mix0414,64,2,0,58,-4,10.25
fold2_room1_mix0414,64,4,0,176,-3,12.35
fold2_room1_mix0414,64,4,0,-9,-3,11.14
fold2_room1_mix0414,64,5,0,-165,7,7.33
fold2_room1_mix0414,65,4,0,175,-3,14.42
fold2_room1_mix0414,65,4,0,-9,-2,12.00
fold2_room1_mix0414,65,5,0,-160,6,7.07
fold2_room1_mix0414,66,4,0,176,-3,13.60
fold2_room1_mix0414,66,4,0,-6,-2,12.18
fold2_room1_mix0414,66,5,0,-156,7,6.72
fold2_room1_mix0414,67,4,0,178,-3,14.06
fold2_room1_mix0414,67,4,0,-7,-2,12.55
fold2_room1_mix0414,67,5,0,-159,8,6.18
fold2_room1_mix0414,68,4,0,-179,-3,14.66
fold2_room1_mix0414,68,4,0,-5,-2,14.44
fold2_room1_mix0414,68,5,0,-156,10,4.94
fold2_room1_mix0414,69,4,0,-178,-2,15.57
fold2_room1_mix0414,69,4,0,-5,-2,13.61
fold2_room1_mix0414,69,5,0,-155,9,4.80
fold2_room1_mix0414,70,4,0,-176,-2,16.93
fold2_room1_mix0414,70,4,0,-3,-2,14.03
fold2_room1_mix0414,70,5,0,-158,9,5.14
fold2_room1_mix0414,71,4,0,-179,-1,17.93
fold2_room1_mix0414,71,4,0,-4,-2,14.80
fold2_room1_mix0414,71,5,0,-162,7,5.78
fold2_room1_mix0414,72,4,0,-177,-2,18.32
fold2_room1_mix0414,72,4,0,-2,-2,15.42
fold2_room1_mix0414,72,5,0,-149,9,4.50
fold2_room1_mix0414,73,4,0,-175,-2,18.76
fold2_room1_mix0414,73,4,0,-1,-2,15.70
fold2_room1_mix0414,73,5,0,-159,9,5.00
fold2_room1_mix0414,74,4,0,-176,-1,18.92
fold2_room1_mix0414,74,4,0,-1,-2,16.60
fold2_room1_mix0414,74,5,0,-157,8,5.11
fold2_room1_mix0414,75,4,0,-177,-1,20.91
fold2_room1_mix0414,75,4,0,0,-1,17.44
fold2_room1_mix0414,75,5,0,-154,7,5.44
fold2_room1_mix0414,76,4,0,-177,-1,19.90
fold2_room1_mix0414,76,4,0,0,-2,18.24
fold2_room1_mix0414,76,5,0,-151,9,4.92
fold2_room1_mix0414,77,4,0,-178,-2,19.37
fold2_room1_mix0414,77,4,0,1,-2,18.90
fold2_room1_mix0414,77,5,0,-146,9,4.61
fold2_room1_mix0414,78,4,0,178,-2,22.93
fold2_room1_mix0414,78,4,0,0,-2,20.58
fold2_room1_mix0414,78,5,0,-134,12,3.84
fold2_room1_mix0414,79,4,0,-178,-2,21.62
fold2_room1_mix0414,79,4,0,-1,-1,21.54
fold2_room1_mix0414,79,5,0,-139,9,4.76
fold2_room1_mix0414,80,4,0,179,-2,21.83
fold2_room1_mix0414,80,4,0,0,-1,22.45
fold2_room1_mix0414,80,5,0,-139,11,3.95
fold2_room1_mix0414,81,4,0,-179,-2,22.26
fold2_room1_mix0414,81,4,0,0,-1,23.44
fold2_room1_mix0414,81,5,0,-137,13,3.77
fold2_room1_mix0414,82,4,0,-178,-2,22.87
fold2_room1_mix0414,82,4,0,0,-1,22.83
fold2_room1_mix0414,82,5,0,-132,14,3.34
fold2_room1_mix0414,83,4,0,179,-2,23.32
fold2_room1_mix0414,83,4,0,1,-1,23.16
fold2_room1_mix0414,83,5,0,-130,16,2.99
fold2_room1_mix0414,84,4,0,179,-2,25.20
fold2_room1_mix0414,84,4,0,0,-1,24.98
fold2_room1_mix0414,84,5,0,-134,14,3.40
fold2_room1_mix0414,85,4,0,-178,-2,22.62
fold2_room1_mix0414,85,4,0,0,-1,22.99
fold2_room1_mix0414,85,5,0,-126,16,3.16
fold2_room1_mix0414,86,4,0,-179,-2,24.95
fold2_room1_mix0414,86,4,0,1,-1,24.19
fold2_room1_mix0414,86,5,0,-123,16,3.18
fold2_room1_mix0414,87,4,0,179,-2,26.30
fold2_room1_mix0414,87,4,0,1,-1,25.40
fold2_room1_mix0414,87,5,0,-122,17,2.86
fold2_room1_mix0414,88,4,0,179,-2,26.56
fold2_room1_mix0414,88,4,0,1,-1,26.63
fold2_room1_mix0414,88,5,0,-117,19,2.43
fold2_room1_mix0414,89,4,0,-178,-1,26.79
fold2_room1_mix0414,89,4,0,2,0,26.62
fold2_room1_mix0414,89,5,0,-123,18,2.85
fold2_room1_mix0414,90,4,0,-178,-1,27.17
fold2_room1_mix0414,90,4,0,3,-1,28.46
fold2_room1_mix0414,90,5,0,-113,23,2.04
fold2_room1_mix0414,91,4,0,-179,-1,28.20
fold2_room1_mix0414,91,4,0,2,-1,27.83
fold2_room1_mix0414,91,5,0,-101,22,2.13
fold2_room1_mix0414,92,4,0,179,-1,27.82
fold2_room1_mix0414,92,4,0,3,-1,28.46
fold2_room1_mix0414,92,5,0,-103,25,1.90
fold2_room1_mix0414,93,4,0,179,-1,26.62
fold2_room1_mix0414,93,4,0,3,0,29.99
fold2_room1_mix0414,93,5,0,-104,26,1.75
fold2_room1_mix0414,94,4,0,-179,-1,31.34
fold2_room1_mix0414,94,4,0,2,-1,30.21
fold2_room1_mix0414,94,5,0,-95,24,1.93
fold2_room1_mix0414,95,4,0,-178,-1,30.95
fold2_room1_mix0414,95,4,0,3,-1,30.85
fold2_room1_mix0414,95,5,0,-89,27,1.66
fold2_room1_mix0414,96,4,0,179,0,30.81
fold2_room1_mix0414,96,4,0,1,0,30.14
fold2_room1_mix0414,96,5,0,-95,28,1.82
fold2_room1_mix0414,97,4,0,178,0,33.78
fold2_room1_mix0414,97,4,0,3,0,33.60
fold2_room1_mix0414,97,5,0,-89,28,1.55
fold2_room1_mix0414,98,4,0,179,0,30.10
fold2_room1_mix0414,98,4,0,2,0,29.94
fold2_room1_mix0414,98,5,0,-86,29,1.66
fold2_room1_mix0414,99,4,0,177,0,31.37
fold2_room1_mix0414,99,4,0,3,0,31.49
fold2_room1_mix0414,99,5,0,-77,28,1.66
fold2_room1_mix0415,24,0,0,172,-1,1.52
fold2_room1_mix0415,25,0,0,168,-1,1.86
fold2_room1_mix0415,26,0,0,171,-1,6.97
fold2_room1_mix0415,27,0,0,162,-1,15.81
fold2_room1_mix0415,28,0,0,166,-1,18.91
fold2_room1_mix0415,29,0,0,165,-1,20.19
fold2_room1_mix0415,30,0,0,167,0,32.71
fold2_room1_mix0415,31,0,0,165,0,34.93
fold2_room1_mix0415,32,0,0,163,-1,28.76
fold2_room1_mix0415,33,0,0,165,-1,31.66
fold2_room1_mix0415,34,0,0,162,-1,32.65
fold2_room1_mix0415,35,0,0,155,-1,25.56
fold2_room1_mix0415,35,4,0,6,-1,9.73
fold2_room1_mix0415,36,0,0,160,-1,24.15
fold2_room1_mix0415,36,4,0,7,0,9.51
fold2_room1_mix0415,37,0,0,164,-1,28.02
fold2_room1_mix0415,37,4,0,13,0,7.11
fold2_room1_mix0415,38,0,0,163,-1,28.04
fold2_room1_mix0415,38,4,0,11,0,5.69
fold2_room1_mix0415,39,0,0,164,-1,26.85
fold2_room1_mix0415,39,4,0,13,-1,17.29
fold2_room1_mix0415,40,0,0,152,-1,25.34
fold2_room1_mix0415,40,4,0,9,-1,20.20
fold2_room1_mix0415,41,0,0,155,-1,25.17
fold2_room1_mix0415,41,4,0,7,-2,17.67
fold2_room1_mix0415,42,0,0,156,-1,28.28
fold2_room1_mix0415,42,4,0,7,-2,14.15
fold2_room1_mix0415,43,0,0,154,-1,26.48
fold2_room1_mix0415,43,4,0,9,-2,15.88
fold2_room1_mix0415,44,0,0,145,-1,21.15
fold2_room1_mix0415,44,4,0,7,-2,15.65
fold2_room1_mix0415,45,0,0,147,-1,22.78
fold2_room1_mix0415,45,4,0,8,-2,15.03
fold2_room1_mix0415,46,0,0,139,-1,17.90
fold2_room1_mix0415,46,4,0,178,-3,15.98
fold2_room1_mix0415,46,4,0,5,-2,14.62
fold2_room1_mix0415,47,0,0,136,-1,15.24
fold2_room1_mix0415,47,4,0,176,-3,15.13
fold2_room1_mix0415,47,4,0,7,-3,12.37
fold2_room1_mix0415,48,0,0,127,-1,13.78
fold2_room1_mix0415,48,4,0,178,-4,14.31
fold2_room1_mix0415,48,4,0,8,-3,12.21
fold2_room1_mix0415,49,0,0,124,-2,12.88
fold2_room1_mix0415,49,4,0,177,-3,13.64
fold2_room1_mix0415,49,4,0,11,-4,10.88
fold2_room1_mix0415,50,0,0,119,-1,12.78
fold2_room1_mix0415,50,4,0,177,-3,13.81
fold2_room1_mix0415,50,4,0,11,-4,10.37
fold2_room1_mix0415,51,0,0,109,-2,12.33
fold2_room1_mix0415,51,4,0,177,-3,12.31
fold2_room1_mix0415,51,4,0,11,-4,8.90
fold2_room1_mix0415,52,0,0,102,-2,11.70
fold2_room1_mix0415,52,4,0,177,-4,11.74
fold2_room1_mix0415,52,4,0,11,-5,8.75
fold2_room1_mix0415,53,0,0,100,-2,11.09
fold2_room1_mix0415,53,4,0,176,-2,12.93
fold2_room1_mix0415,53,4,0,13,-5,7.38
fold2_room1_mix0415,54,0,0,96,-2,10.90
fold2_room1_mix0415,54,4,0,178,-3,10.34
fold2_room1_mix0415,54,4,0,11,-5,6.31
fold2_room1_mix0415,55,0,0,82,-2,12.52
fold2_room1_mix0415,55,4,0,175,-5,9.61
fold2_room1_mix0415,55,4,0,10,-6,6.06
fold2_room1_mix0415,56,0,0,81,-2,12.74
fold2_room1_mix0415,56,4,0,175,-5,9.12
fold2_room1_mix0415,56,4,0,10,-6,5.31
fold2_room1_mix0415,57,0,0,77,-2,12.43
fold2_room1_mix0415,57,4,0,11,-7,4.97
fold2_room1_mix0415,58,0,0,67,-2,14.33
fold2_room1_mix0415,58,4,0,162,-12,7.85
fold2_room1_mix0415,58,4,0,14,-10,4.01
fold2_room1_mix0415,59,0,0,61,-2,14.21
fold2_room1_mix0415,59,4,0,27,-13,3.25
fold2_room1_mix0415,60,0,0,66,-1,15.23
fold2_room1_mix0415,60,4,0,137,-17,4.77
fold2_room1_mix0415,60,4,0,65,-22,1.72
fold2_room1_mix0415,60,4,0,39,-15,3.88
fold2_room1_mix0415,61,0,0,60,-1,14.85
fold2_room1_mix0415,61,4,0,167,-7,7.08
fold2_room1_mix0415,61,4,0,121,-24,2.14
fold2_room1_mix0415,62,0,0,59,-1,15.94
fold2_room1_mix0415,62,4,0,171,-6,5.49
fold2_room1_mix0415,62,4,0,168,-10,4.20
fold2_room1_mix0415,63,0,0,52,-1,17.57
fold2_room1_mix0415,63,4,0,169,-8,4.09
fold2_room1_mix0415,64,0,0,58,-1,16.62
fold2_room1_mix0415,64,4,0,172,-6,5.09
fold2_room1_mix0415,65,0,0,125,-2,17.63
fold2_room1_mix0415,65,0,0,106,-2,15.63
fold2_room1_mix0415,65,4,0,175,-5,5.37
fold2_room1_mix0415,66,0,0,91,-2,17.46
fold2_room1_mix0415,66,0,0,73,-2,16.42
fold2_room1_mix0415,66,4,0,173,-4,5.45
fold2_room1_mix0415,67,0,0,132,-2,16.94
fold2_room1_mix0415,67,4,0,174,-3,6.01
fold2_room1_mix0415,68,0,0,149,-2,16.08
fold2_room1_mix0415,68,4,0,175,-2,6.90
fold2_room1_mix0415,69,0,0,149,-2,18.65
fold2_room1_mix0415,69,4,0,175,-2,6.84
fold2_room1_mix0415,70,0,0,163,-1,19.01
fold2_room1_mix0415,70,4,0,176,-3,7.41
fold2_room1_mix0415,71,0,0,164,-1,21.33
fold2_room1_mix0415,71,4,0,177,-2,8.03
fold2_room1_mix0415,72,0,0,144,-1,22.81
fold2_room1_mix0415,72,4,0,176,-3,7.85
fold2_room1_mix0415,73,4,0,177,-3,7.87
fold2_room1_mix0415,74,0,0,148,-1,24.76
fold2_room1_mix0415,74,4,0,-178,-3,8.69
fold2_room1_mix0415,75,4,0,179,-3,8.04
fold2_room1_mix0415,76,0,0,147,-1,25.33
fold2_room1_mix0415,76,4,0,-178,-3,7.95
fold2_room1_mix0415,77,0,0,158,-1,27.46
fold2_room1_mix0415,77,4,0,173,-3,7.73
fold2_room1_mix0415,77,4,0,-168,-3,8.38
fold2_room1_mix0415,78,0,0,168,-1,25.10
fold2_room1_mix0415,78,4,0,174,-3,8.67
fold2_room1_mix0415,78,4,0,-166,-4,7.49
fold2_room1_mix0415,79,0,0,172,-1,25.09
fold2_room1_mix0415,79,4,0,172,-3,9.17
fold2_room1_mix0415,79,4,0,-163,-6,6.54
fold2_room1_mix0415,80,0,0,171,-1,27.86
fold2_room1_mix0415,80,4,0,176,-5,6.44
fold2_room1_mix0415,81,0,0,172,-1,34.26
fold2_room1_mix0415,81,4,0,173,-6,6.05
fold2_room1_mix0415,82,0,0,171,-1,30.25
fold2_room1_mix0415,82,4,0,172,-7,5.70
fold2_room1_mix0415,83,0,0,172,-1,32.12
fold2_room1_mix0415,83,4,0,164,-7,5.40
fold2_room1_mix0415,83,4,0,-173,-16,2.94
fold2_room1_mix0415,84,0,0,173,-1,31.17
fold2_room1_mix0415,84,4,0,164,-9,6.18
fold2_room1_mix0415,84,4,0,-162,-23,2.41
fold2_room1_mix0415,85,0,0,170,-1,38.14
fold2_room1_mix0415,85,4,0,178,-5,10.10
fold2_room1_mix0415,85,4,0,131,-27,1.55
fold2_room1_mix0415,85,4,0,158,-43,1.37
fold2_room1_mix0415,86,0,0,165,0,38.53
fold2_room1_mix0415,86,4,0,171,-14,8.33
fold2_room1_mix0415,86,4,0,108,-38,1.20
fold2_room1_mix0415,86,4,0,133,-64,1.23
fold2_room1_mix0415,87,0,0,163,0,35.25
fold2_room1_mix0415,87,4,0,-173,-20,8.67
fold2_room1_mix0415,87,4,0,84,-38,1.12
fold2_room1_mix0415,88,0,0,163,0,39.94
fold2_room1_mix0415,88,0,0,145,-1,32.72
fold2_room1_mix0415,88,4,0,179,-17,10.07
fold2_room1_mix0415,88,4,0,62,-38,1.09
fold2_room1_mix0415,89,0,0,163,0,39.37
fold2_room1_mix0415,89,4,0,-159,-14,8.78
fold2_room1_mix0415,89,4,0,46,-29,1.52
fold2_room1_mix0415,90,0,0,173,0,42.67
fold2_room1_mix0415,90,4,0,37,-22,1.64
fold2_room1_mix0415,91,0,0,169,0,40.38
fold2_room1_mix0415,91,4,0,-134,-9,9.00
fold2_room1_mix0415,91,4,0,25,-21,1.90
fold2_room1_mix0415,92,0,0,168,0,42.00
fold2_room1_mix0415,92,4,0,-159,-7,9.40
fold2_room1_mix0415,92,4,0,22,-16,2.73
fold2_room1_mix0415,93,0,0,171,0,47.46
fold2_room1_mix0415,93,4,0,-77,-23,4.68
fold2_room1_mix0415,93,4,0,19,-14,2.93
fold2_room1_mix0415,94,0,0,174,-1,46.78
fold2_room1_mix0415,94,4,0,13,-13,3.69
fold2_room1_mix0415,95,0,0,177,-1,42.73
fold2_room1_mix0415,95,4,0,10,-9,4.09
fold2_room1_mix0415,96,0,0,173,0,47.38
fold2_room1_mix0415,96,4,0,-59,-16,5.20
fold2_room1_mix0415,96,4,0,13,-8,5.23
fold2_room1_mix0415,97,0,0,176,0,55.97
fold2_room1_mix0415,97,4,0,-73,-12,6.30
fold2_room1_mix0415,97,4,0,11,-7,5.79
fold2_room1_mix0415,98,0,0,179,-1,49.98
fold2_room1_mix0415,98,4,0,-41,-9,5.36
fold2_room1_mix0415,98,4,0,10,-6,5.87
fold2_room1_mix0415,99,0,0,176,0,27.72
fold2_room1_mix0415,99,4,0,-40,-8,5.50
fold2_room1_mix0415,99,4,0,10,-6,7.36
fold2_room1_mix0416,3,4,0,177,0,5.73
fold2_room1_mix0416,4,4,0,174,0,11.32
fold2_room1_mix0416,5,4,0,172,-1,20.80
fold2_room1_mix0416,6,4,0,174,0,23.59
fold2_room1_mix0416,7,4,0,171,0,26.91
fold2_room1_mix0416,8,4,0,171,-1,39.90
fold2_room1_mix0416,9,4,0,171,-1,36.61
fold2_room1_mix0416,10,4,0,171,-1,37.26
fold2_room1_mix0416,11,4,0,168,0,35.48
fold2_room1_mix0416,12,1,0,-26,-3,32.93
fold2_room1_mix0416,12,4,0,166,0,31.98
fold2_room1_mix0416,13,1,0,-27,-3,32.65
fold2_room1_mix0416,13,4,0,164,0,32.72
fold2_room1_mix0416,14,1,0,-32,-3,25.19
fold2_room1_mix0416,14,4,0,162,0,33.51
fold2_room1_mix0416,15,1,0,-33,-3,27.30
fold2_room1_mix0416,15,4,0,161,0,35.01
fold2_room1_mix0416,16,1,0,-29,-2,27.88
fold2_room1_mix0416,16,4,0,164,0,34.64
fold2_room1_mix0416,17,1,0,-31,-2,25.45
fold2_room1_mix0416,17,4,0,161,0,36.76
fold2_room1_mix0416,18,1,0,-30,-2,30.13
fold2_room1_mix0416,18,4,0,161,0,35.29
fold2_room1_mix0416,19,1,0,-43,-2,7.33
fold2_room1_mix0416,19,4,0,160,0,42.61
fold2_room1_mix0416,20,1,0,-35,-3,24.22
fold2_room1_mix0416,20,4,0,160,0,38.24
fold2_room1_mix0416,21,1,0,-36,-3,24.59
fold2_room1_mix0416,21,4,0,164,0,37.67
fold2_room1_mix0416,22,1,0,-36,-2,23.39
fold2_room1_mix0416,22,4,0,155,0,33.41
fold2_room1_mix0416,23,1,0,-39,-2,24.92
fold2_room1_mix0416,23,4,0,161,0,28.82
fold2_room1_mix0416,24,4,0,160,0,40.35
fold2_room1_mix0416,25,1,0,-38,-3,20.50
fold2_room1_mix0416,25,4,0,155,0,32.88
fold2_room1_mix0416,26,1,0,-41,-3,23.07
fold2_room1_mix0416,26,4,0,156,0,36.31
fold2_room1_mix0416,27,1,0,-46,-3,18.10
fold2_room1_mix0416,27,4,0,155,0,34.71
fold2_room1_mix0416,28,1,0,-43,-2,20.66
fold2_room1_mix0416,28,4,0,159,0,36.07
fold2_room1_mix0416,29,4,0,162,0,37.13
fold2_room1_mix0416,30,1,0,-46,-3,15.88
fold2_room1_mix0416,30,4,0,155,0,34.95
fold2_room1_mix0416,31,1,0,-49,-3,17.80
fold2_room1_mix0416,31,4,0,155,0,39.44
fold2_room1_mix0416,32,1,0,-61,-3,16.67
fold2_room1_mix0416,32,4,0,160,0,35.07
fold2_room1_mix0416,33,1,0,-62,-3,15.86
fold2_room1_mix0416,33,4,0,157,0,36.43
fold2_room1_mix0416,34,4,0,160,0,35.11
fold2_room1_mix0416,35,1,0,-73,-3,12.97
fold2_room1_mix0416,35,4,0,152,0,31.52
fold2_room1_mix0416,36,1,0,-87,-4,10.20
fold2_room1_mix0416,36,4,0,154,0,37.57
fold2_room1_mix0416,37,1,0,-97,-4,11.46
fold2_room1_mix0416,37,4,0,158,0,35.49
fold2_room1_mix0416,38,1,0,-95,-4,10.59
fold2_room1_mix0416,38,4,0,156,0,37.27
fold2_room1_mix0416,39,4,0,154,0,29.31
fold2_room1_mix0416,40,1,0,-114,-3,11.44
fold2_room1_mix0416,40,4,0,152,0,33.94
fold2_room1_mix0416,41,1,0,-119,-4,10.95
fold2_room1_mix0416,41,4,0,153,0,33.87
fold2_room1_mix0416,42,1,0,-125,-3,15.40
fold2_room1_mix0416,42,4,0,162,-1,34.09
fold2_room1_mix0416,43,1,0,-125,-3,14.95
fold2_room1_mix0416,43,4,0,153,0,35.50
fold2_room1_mix0416,44,4,0,154,-2,24.70
fold2_room1_mix0416,45,1,0,-133,-3,15.93
fold2_room1_mix0416,45,4,0,154,-1,30.01
fold2_room1_mix0416,46,1,0,-136,-3,16.93
fold2_room1_mix0416,46,4,0,151,0,29.96
fold2_room1_mix0416,47,1,0,-137,-3,17.25
fold2_room1_mix0416,47,4,0,165,-2,27.33
fold2_room1_mix0416,48,1,0,-140,-2,19.40
fold2_room1_mix0416,48,4,0,163,-1,29.08
fold2_room1_mix0416,49,4,0,152,-1,22.12
fold2_room1_mix0416,50,1,0,-141,-2,17.10
fold2_room1_mix0416,50,4,0,153,-2,23.08
fold2_room1_mix0416,51,1,0,-141,-3,19.58
fold2_room1_mix0416,51,4,0,148,-2,20.11
fold2_room1_mix0416,52,1,0,-143,-2,21.95
fold2_room1_mix0416,52,4,0,155,-2,21.20
fold2_room1_mix0416,53,1,0,-146,-2,23.33
fold2_room1_mix0416,53,4,0,156,-2,24.60
fold2_room1_mix0416,54,4,0,149,-1,19.67
fold2_room1_mix0416,55,1,0,-145,-2,12.37
fold2_room1_mix0416,55,4,0,146,-3,17.23
fold2_room1_mix0416,56,1,0,-145,-2,16.71
fold2_room1_mix0416,56,4,0,153,-2,17.90
fold2_room1_mix0416,57,1,0,-148,-2,20.92
fold2_room1_mix0416,57,4,0,146,-3,17.73
fold2_room1_mix0416,58,1,0,-147,-2,24.97
fold2_room1_mix0416,58,4,0,148,-2,18.58
fold2_room1_mix0416,59,4,0,135,-2,15.90
fold2_room1_mix0416,60,1,0,-149,-2,20.81
fold2_room1_mix0416,60,4,0,133,-4,15.53
fold2_room1_mix0416,61,1,0,-149,-2,18.90
fold2_room1_mix0416,61,4,0,140,-3,12.33
fold2_room1_mix0416,62,1,0,-151,-2,23.85
fold2_room1_mix0416,62,4,0,131,-4,12.42
fold2_room1_mix0416,63,1,0,-152,-2,28.33
fold2_room1_mix0416,63,4,0,138,-4,11.68
fold2_room1_mix0416,64,1,0,-156,-1,2.86
fold2_room1_mix0416,64,4,0,120,-4,9.63
fold2_room1_mix0416,65,1,0,-152,-2,19.00
fold2_room1_mix0416,65,4,0,118,-5,10.74
fold2_room1_mix0416,66,1,0,-154,-2,16.62
fold2_room1_mix0416,66,4,0,121,-5,6.71
fold2_room1_mix0416,67,1,0,-155,-2,19.15
fold2_room1_mix0416,67,4,0,111,-5,8.41
fold2_room1_mix0416,68,1,0,-156,-2,30.59
fold2_room1_mix0416,68,4,0,115,-5,8.95
fold2_room1_mix0416,69,4,0,99,-6,8.42
fold2_room1_mix0416,70,1,0,-159,-2,16.88
fold2_room1_mix0416,70,4,0,94,-5,7.88
fold2_room1_mix0416,71,1,0,-160,-2,15.08
fold2_room1_mix0416,71,4,0,91,-7,5.98
fold2_room1_mix0416,72,4,0,90,-7,8.76
fold2_room1_mix0416,73,4,0,82,-6,8.42
fold2_room1_mix0416,74,4,0,80,-6,8.06
fold2_room1_mix0416,75,4,0,81,-6,8.37
fold2_room1_mix0416,76,4,0,77,-6,8.62
fold2_room1_mix0416,77,4,0,74,-5,9.54
fold2_room1_mix0416,78,4,0,69,-4,10.21
fold2_room1_mix0416,79,4,0,67,-4,10.92
fold2_room1_mix0416,80,4,0,63,-4,10.84
fold2_room1_mix0416,81,4,0,60,-4,11.14
fold2_room1_mix0416,82,4,0,58,-4,11.45
fold2_room1_mix0416,83,4,0,55,-4,11.63
fold2_room1_mix0416,84,4,0,51,-3,12.44
fold2_room1_mix0416,85,4,0,50,-3,13.03
fold2_room1_mix0416,86,4,0,49,-3,13.38
fold2_room1_mix0416,87,4,0,45,-3,13.96
fold2_room1_mix0416,88,4,0,43,-3,14.55
fold2_room1_mix0416,89,4,0,41,-2,14.91
fold2_room1_mix0416,90,4,0,39,-3,14.81
fold2_room1_mix0416,91,4,0,39,-2,16.18
fold2_room1_mix0416,92,4,0,37,-2,16.69
fold2_room1_mix0416,93,4,0,34,-2,16.96
fold2_room1_mix0416,94,4,0,33,-2,18.16
fold2_room1_mix0416,95,4,0,30,-2,18.53
fold2_room1_mix0416,96,4,0,31,-2,19.15
fold2_room1_mix0416,97,4,0,30,-1,20.66
fold2_room1_mix0416,98,4,0,29,-2,20.94
fold2_room1_mix0416,99,4,0,28,-1,20.45
fold2_room1_mix0418,26,4,0,174,0,2.52
fold2_room1_mix0418,27,4,0,174,0,9.63
fold2_room1_mix0418,28,4,0,177,-1,15.18
fold2_room1_mix0418,29,4,0,178,-1,14.35
fold2_room1_mix0418,30,4,0,175,-1,16.27
fold2_room1_mix0418,31,4,0,176,-1,15.31
fold2_room1_mix0418,32,4,0,174,-1,15.97
fold2_room1_mix0418,33,4,0,175,-1,16.54
fold2_room1_mix0418,34,4,0,174,-1,15.75
fold2_room1_mix0418,35,4,0,177,-2,14.74
fold2_room1_mix0418,36,4,0,173,-2,14.23
fold2_room1_mix0418,37,4,0,176,-2,13.33
fold2_room1_mix0418,38,4,0,177,-2,12.58
fold2_room1_mix0418,39,4,0,177,-3,11.31
fold2_room1_mix0418,40,4,0,176,-3,10.96
fold2_room1_mix0418,41,4,0,176,-3,9.94
fold2_room1_mix0418,42,4,0,174,-3,8.93
fold2_room1_mix0418,43,4,0,174,-4,8.59
fold2_room1_mix0418,44,4,0,174,-4,7.46
fold2_room1_mix0418,45,4,0,174,-5,6.71
fold2_room1_mix0418,46,4,0,174,-6,5.58
fold2_room1_mix0418,47,4,0,173,-7,4.83
fold2_room1_mix0418,48,4,0,173,-9,4.02
fold2_room1_mix0418,49,4,0,169,-12,3.23
fold2_room1_mix0418,50,4,0,166,-16,2.77
fold2_room1_mix0418,51,4,0,155,-22,1.99
fold2_room1_mix0418,52,4,0,130,-40,1.48
fold2_room1_mix0418,53,4,0,70,-43,1.17
fold2_room1_mix0418,54,4,0,27,-28,1.54
fold2_room1_mix0418,55,4,0,19,-20,1.94
fold2_room1_mix0418,56,4,0,11,-14,2.91
fold2_room1_mix0418,57,4,0,11,-12,3.43
fold2_room1_mix0418,58,4,0,9,-9,4.38
fold2_room1_mix0418,59,4,0,8,-8,5.49
fold2_room1_mix0418,60,4,0,6,-6,6.11
fold2_room1_mix0418,61,4,0,6,-5,7.02
fold2_room1_mix0418,62,4,0,7,-5,7.88
fold2_room1_mix0418,63,4,0,6,-4,8.72
fold2_room1_mix0418,64,4,0,5,-4,9.42
fold2_room1_mix0418,65,4,0,5,-4,10.08
fold2_room1_mix0418,66,4,0,5,-4,10.85
fold2_room1_mix0418,67,4,0,4,-4,11.34
fold2_room1_mix0418,68,4,0,1,-3,12.40
fold2_room1_mix0418,69,4,0,2,-3,13.13
fold2_room1_mix0418,70,4,0,0,-3,13.23
fold2_room1_mix0418,71,4,0,2,-3,14.45
fold2_room1_mix0418,72,4,0,1,-2,16.30
fold2_room1_mix0418,73,4,0,0,-3,15.83
fold2_room1_mix0418,74,4,0,-1,-2,16.30
fold2_room1_mix0418,75,4,0,-17,-3,17.39
fold2_room1_mix0418,75,4,0,0,-2,18.70
fold2_room1_mix0418,76,4,0,-30,-3,16.29
fold2_room1_mix0418,76,4,0,-6,-2,18.03
fold2_room1_mix0418,77,4,0,-44,-3,15.00
fold2_room1_mix0418,77,4,0,-9,-2,18.69
fold2_room1_mix0418,78,4,0,-50,-4,14.96
fold2_room1_mix0418,78,4,0,-8,-1,20.06
fold2_room1_mix0418,79,4,0,-59,-4,13.54
fold2_room1_mix0418,79,4,0,1,-1,19.24
fold2_room1_mix0418,80,4,0,-59,-3,14.26
fold2_room1_mix0418,80,4,0,-10,-1,20.23
fold2_room1_mix0418,81,4,0,-73,-3,12.93
fold2_room1_mix0418,81,4,0,-9,-1,19.91
fold2_room1_mix0418,82,4,0,-80,-3,12.51
fold2_room1_mix0418,82,4,0,-17,-1,21.32
fold2_room1_mix0418,83,4,0,-84,-3,11.68
fold2_room1_mix0418,83,4,0,-11,-1,19.63
fold2_room1_mix0418,84,4,0,-82,-3,10.90
fold2_room1_mix0418,84,4,0,-28,-1,18.48
fold2_room1_mix0418,85,4,0,-84,-2,11.23
fold2_room1_mix0418,85,4,0,-54,-2,15.59
fold2_room1_mix0418,86,4,0,-87,-3,10.67
fold2_room1_mix0418,86,4,0,-61,-2,14.37
fold2_room1_mix0418,87,4,0,-89,-2,10.73
fold2_room1_mix0418,87,4,0,-68,-2,14.10
fold2_room1_mix0418,88,4,0,-91,-2,12.17
fold2_room1_mix0418,89,4,0,-90,-3,11.74
fold2_room1_mix0418,90,4,0,-97,-2,11.13
fold2_room1_mix0418,91,4,0,-99,-2,12.30
fold2_room1_mix0418,92,4,0,-103,-2,12.11
fold2_room1_mix0418,93,4,0,-103,-3,11.59
fold2_room1_mix0418,94,4,0,-107,-3,11.66
fold2_room1_mix0418,95,4,0,-110,-3,11.91
fold2_room1_mix0418,96,4,0,-112,-3,11.90
fold2_room1_mix0418,97,4,0,-116,-3,11.99
fold2_room1_mix0418,98,4,0,-118,-2,13.01
fold2_room1_mix0418,99,4,0,-122,-2,12.18
fold2_room1_mix0419,3,4,0,-178,0,3.22
fold2_room1_mix0419,4,4,0,179,0,5.04
fold2_room1_mix0419,5,4,0,-179,0,20.52
fold2_room1_mix0419,6,4,0,178,0,22.66
fold2_room1_mix0419,7,4,0,-178,0,23.27
fold2_room1_mix0419,8,4,0,179,0,36.12
fold2_room1_mix0419,9,4,0,-179,0,36.66
fold2_room1_mix0419,10,4,0,-179,0,41.10
fold2_room1_mix0419,11,4,0,-179,0,37.65
fold2_room1_mix0419,12,4,0,-179,0,41.40
fold2_room1_mix0419,13,4,0,179,0,40.44
fold2_room1_mix0419,14,4,0,-178,0,41.04
fold2_room1_mix0419,15,4,0,-178,0,40.36
fold2_room1_mix0419,16,4,0,-178,0,38.72
fold2_room1_mix0419,17,4,0,-178,0,40.65
fold2_room1_mix0419,18,4,0,-177,0,42.41
fold2_room1_mix0419,19,4,0,-176,0,41.59
fold2_room1_mix0419,20,4,0,-177,0,39.88
fold2_room1_mix0419,21,4,0,-178,0,41.05
fold2_room1_mix0419,22,4,0,-177,0,38.30
fold2_room1_mix0419,23,4,0,-177,0,36.92
fold2_room1_mix0419,24,4,0,-175,0,38.93
fold2_room1_mix0419,25,4,0,-175,0,36.06
fold2_room1_mix0419,26,4,0,-175,0,36.86
fold2_room1_mix0419,27,4,0,-176,0,36.50
fold2_room1_mix0419,28,4,0,-175,0,34.96
fold2_room1_mix0419,29,4,0,-176,0,34.49
fold2_room1_mix0419,30,4,0,-175,0,34.19
fold2_room1_mix0419,31,4,0,-176,0,33.41
fold2_room1_mix0419,32,4,0,-175,0,32.52
fold2_room1_mix0419,33,4,0,-175,0,32.74
fold2_room1_mix0419,34,4,0,-176,0,32.52
fold2_room1_mix0419,35,4,0,-176,0,32.86
fold2_room1_mix0419,36,4,0,-175,0,32.20
fold2_room1_mix0419,37,4,0,-175,0,33.23
fold2_room1_mix0419,38,4,0,-175,0,33.04
fold2_room1_mix0419,39,4,0,-175,0,33.66
fold2_room1_mix0419,40,4,0,-175,0,32.48
fold2_room1_mix0419,41,4,0,-175,0,31.11
fold2_room1_mix0419,42,4,0,-175,0,30.21
fold2_room1_mix0419,43,4,0,-175,0,31.57
fold2_room1_mix0419,44,4,0,-174,0,30.01
fold2_room1_mix0419,45,4,0,-174,0,29.61
fold2_room1_mix0419,46,4,0,-172,-1,28.15
fold2_room1_mix0419,47,4,0,-173,0,26.76
fold2_room1_mix0419,48,4,0,-173,0,27.08
fold2_room1_mix0419,49,4,0,-174,-1,25.59
fold2_room1_mix0419,50,4,0,-174,0,24.82
fold2_room1_mix0419,51,4,0,-174,0,24.41
fold2_room1_mix0419,52,4,0,-174,0,23.79
fold2_room1_mix0419,53,4,0,-175,0,23.66
fold2_room1_mix0419,54,4,0,-174,-1,22.22
fold2_room1_mix0419,55,4,0,-174,-1,21.49
fold2_room1_mix0419,56,4,0,-174,-1,22.18
fold2_room1_mix0419,57,4,0,-175,-1,21.83
fold2_room1_mix0419,58,4,0,-175,-1,20.24
fold2_room1_mix0419,59,4,0,-175,-1,19.85
fold2_room1_mix0419,60,4,0,-174,-1,19.59
fold2_room1_mix0419,61,4,0,-174,-1,18.33
fold2_room1_mix0419,62,4,0,-173,-1,16.87
fold2_room1_mix0419,63,4,0,-173,-1,17.02
fold2_room1_mix0419,64,4,0,-173,-1,16.65
fold2_room1_mix0419,65,4,0,-173,-1,15.49
fold2_room1_mix0419,66,4,0,-172,-2,15.09
fold2_room1_mix0419,67,4,0,-171,-2,14.03
fold2_room1_mix0419,68,4,0,-171,-2,14.14
fold2_room1_mix0419,69,4,0,-171,-2,13.85
fold2_room1_mix0419,70,4,0,-168,-2,13.00
fold2_room1_mix0419,71,4,0,-169,-2,12.13
fold2_room1_mix0419,72,4,0,-169,-2,12.46
fold2_room1_mix0419,73,4,0,-167,-3,11.24
fold2_room1_mix0419,74,4,0,-166,-3,10.11
fold2_room1_mix0419,75,4,0,-165,-3,9.76
fold2_room1_mix0419,76,4,0,-164,-3,9.27
fold2_room1_mix0419,77,4,0,-162,-4,8.24
fold2_room1_mix0419,78,4,0,-161,-4,8.14
fold2_room1_mix0419,79,4,0,-159,-4,7.47
fold2_room1_mix0419,80,4,0,-157,-4,6.65
fold2_room1_mix0419,81,4,0,-157,-5,6.05
fold2_room1_mix0419,82,4,0,-152,-5,5.23
fold2_room1_mix0419,83,4,0,-149,-6,4.78
fold2_room1_mix0419,84,4,0,-146,-7,4.08
fold2_room1_mix0419,85,4,0,-140,-8,3.31
fold2_room1_mix0419,86,4,0,-136,-8,3.19
fold2_room1_mix0419,87,4,0,-126,-9,2.48
fold2_room1_mix0419,88,4,0,-112,-9,2.33
fold2_room1_mix0419,89,4,0,-94,-10,2.25
fold2_room1_mix0419,90,4,0,-74,-9,2.34
fold2_room1_mix0419,91,4,0,-58,-6,2.52
fold2_room1_mix0419,92,4,0,-46,-6,3.07
fold2_room1_mix0419,93,4,0,-38,-5,3.33
fold2_room1_mix0419,94,4,0,-33,-5,3.77
fold2_room1_mix0419,95,4,0,-27,-4,4.35
fold2_room1_mix0419,96,4,0,-23,-4,5.04
fold2_room1_mix0419,97,4,0,-21,-4,5.42
fold2_room1_mix0419,98,4,0,-17,-3,6.38
fold2_room1_mix0419,99,4,0,-16,-3,6.71
fold2_room1_mix0420,5,1,0,150,-2,13.71
fold2_room1_mix0420,6,1,0,145,-2,29.15
fold2_room1_mix0420,7,1,0,146,-2,28.81
fold2_room1_mix0420,8,1,0,145,-2,24.35
fold2_room1_mix0420,9,1,0,144,-2,3.89
fold2_room1_mix0420,10,1,0,137,-2,18.96
fold2_room1_mix0420,11,1,0,143,-2,19.72
fold2_room1_mix0420,12,1,0,146,-2,28.61
fold2_room1_mix0420,13,1,0,143,-2,17.19
fold2_room1_mix0420,14,1,0,139,-2,17.18
fold2_room1_mix0420,15,1,0,143,-2,22.60
fold2_room1_mix0420,16,1,0,142,-2,21.68
fold2_room1_mix0420,17,1,0,141,-2,23.01
fold2_room1_mix0420,19,1,0,140,-2,20.35
fold2_room1_mix0420,20,1,0,138,-2,20.36
fold2_room1_mix0420,21,1,0,136,-2,20.92
fold2_room1_mix0420,22,1,0,135,-2,18.15
fold2_room1_mix0420,24,1,0,130,-2,14.53
fold2_room1_mix0420,25,1,0,129,-2,18.47
fold2_room1_mix0420,26,1,0,130,-2,19.66
fold2_room1_mix0420,27,1,0,130,-2,10.19
fold2_room1_mix0420,28,1,0,122,-2,14.23
fold2_room1_mix0420,29,1,0,126,-2,17.41
fold2_room1_mix0420,30,1,0,125,-2,18.87
fold2_room1_mix0420,31,1,0,122,-2,19.45
fold2_room1_mix0420,33,1,0,122,-2,14.06
fold2_room1_mix0420,34,1,0,115,-2,14.89
fold2_room1_mix0420,35,1,0,114,-2,15.66
fold2_room1_mix0420,36,1,0,113,-2,15.62
fold2_room1_mix0420,38,1,0,111,-2,13.76
fold2_room1_mix0420,39,1,0,104,-3,15.92
fold2_room1_mix0420,40,1,0,104,-3,16.35
fold2_room1_mix0420,40,4,0,-24,0,5.88
fold2_room1_mix0420,41,1,0,105,-2,4.16
fold2_room1_mix0420,42,1,0,94,-3,12.14
fold2_room1_mix0420,42,4,0,6,-2,8.56
fold2_room1_mix0420,43,1,0,95,-3,14.23
fold2_room1_mix0420,44,1,0,93,-3,15.32
fold2_room1_mix0420,44,4,0,-20,0,16.91
fold2_room1_mix0420,45,1,0,88,-3,19.52
fold2_room1_mix0420,45,4,0,-15,-2,5.90
fold2_room1_mix0420,47,4,0,4,1,8.85
fold2_room1_mix0420,48,4,0,-3,-1,18.71
fold2_room1_mix0420,49,4,0,-2,-1,17.65
fold2_room1_mix0420,50,4,0,3,-1,16.48
fold2_room1_mix0420,51,4,0,1,-2,19.03
fold2_room1_mix0420,52,4,0,0,-2,16.45
fold2_room1_mix0420,53,4,0,0,-2,16.70
fold2_room1_mix0420,54,4,0,4,-2,16.55
fold2_room1_mix0420,55,4,0,2,-2,16.16
fold2_room1_mix0420,56,4,0,2,-1,16.39
fold2_room1_mix0420,57,4,0,3,-2,15.26
fold2_room1_mix0420,58,4,0,3,-2,14.75
fold2_room1_mix0420,59,4,0,4,-2,15.35
fold2_room1_mix0420,60,4,0,7,-1,14.49
fold2_room1_mix0420,61,4,0,7,-2,13.97
fold2_room1_mix0420,62,4,0,6,-2,12.67
fold2_room1_mix0420,63,4,0,7,-2,12.63
fold2_room1_mix0420,64,4,0,8,-2,11.50
fold2_room1_mix0420,65,4,0,6,-2,11.19
fold2_room1_mix0420,66,4,0,7,-3,10.56
fold2_room1_mix0420,67,4,0,7,-3,10.60
fold2_room1_mix0420,68,4,0,3,-3,9.55
fold2_room1_mix0420,69,4,0,6,-2,9.60
fold2_room1_mix0420,70,4,0,9,-3,8.97
fold2_room1_mix0420,71,4,0,7,-3,7.95
fold2_room1_mix0420,72,4,0,8,-4,7.77
fold2_room1_mix0420,73,4,0,9,-3,6.81
fold2_room1_mix0420,74,4,0,10,-5,6.24
fold2_room1_mix0420,75,4,0,8,-4,5.95
fold2_room1_mix0420,76,4,0,9,-4,5.52
fold2_room1_mix0420,77,4,0,12,-6,4.84
fold2_room1_mix0420,78,4,0,13,-6,4.16
fold2_room1_mix0420,79,4,0,16,-6,3.65
fold2_room1_mix0420,80,4,0,19,-7,3.35
fold2_room1_mix0420,81,4,0,19,-7,3.01
fold2_room1_mix0420,82,4,0,23,-8,2.40
fold2_room1_mix0420,83,4,0,27,-10,1.94
fold2_room1_mix0420,84,4,0,35,-9,1.59
fold2_room1_mix0420,85,4,0,46,-12,1.21
fold2_room1_mix0420,86,4,0,71,-14,1.08
fold2_room1_mix0420,87,4,0,113,-12,1.17
fold2_room1_mix0420,88,4,0,134,-8,1.35
fold2_room1_mix0420,89,4,0,150,-6,1.72
fold2_room1_mix0420,90,4,0,154,-5,2.15
fold2_room1_mix0420,91,4,0,159,-5,2.70
fold2_room1_mix0420,92,4,0,162,-4,3.25
fold2_room1_mix0420,93,4,0,165,-4,3.28
fold2_room1_mix0420,94,4,0,166,-4,3.85
fold2_room1_mix0420,95,4,0,169,-3,4.23
fold2_room1_mix0420,96,4,0,169,-2,4.74
fold2_room1_mix0420,97,4,0,170,-2,5.85
fold2_room1_mix0420,98,4,0,170,-2,6.24
fold2_room1_mix0420,99,4,0,172,-2,6.52
fold2_room1_mix0421,3,4,0,-177,2,4.76
fold2_room1_mix0421,3,4,0,-2,1,4.22
fold2_room1_mix0421,4,4,0,-178,0,19.81
fold2_room1_mix0421,4,4,0,0,0,17.45
fold2_room1_mix0421,5,4,0,-178,0,21.15
fold2_room1_mix0421,5,4,0,0,0,18.06
fold2_room1_mix0421,6,4,0,-178,0,25.70
fold2_room1_mix0421,6,4,0,2,0,23.04
fold2_room1_mix0421,7,4,0,-178,0,33.72
fold2_room1_mix0421,7,4,0,1,0,27.68
fold2_room1_mix0421,8,4,0,-177,0,40.91
fold2_room1_mix0421,8,4,0,3,0,35.83
fold2_room1_mix0421,9,4,0,-177,-1,38.23
fold2_room1_mix0421,9,4,0,2,-1,35.20
fold2_room1_mix0421,10,4,0,-176,0,36.37
fold2_room1_mix0421,10,4,0,3,-1,33.91
fold2_room1_mix0421,11,4,0,-178,-1,35.69
fold2_room1_mix0421,11,4,0,1,-1,32.98
fold2_room1_mix0421,12,4,0,-175,0,35.57
fold2_room1_mix0421,12,4,0,2,-1,33.56
fold2_room1_mix0421,13,4,0,-176,0,38.76
fold2_room1_mix0421,13,4,0,1,-1,34.57
fold2_room1_mix0421,14,4,0,-174,-1,35.60
fold2_room1_mix0421,14,4,0,1,-1,33.91
fold2_room1_mix0421,15,4,0,-175,0,36.19
fold2_room1_mix0421,15,4,0,0,-1,33.46
fold2_room1_mix0421,16,4,0,-175,0,33.20
fold2_room1_mix0421,16,4,0,1,-1,32.08
fold2_room1_mix0421,17,4,0,-175,-1,34.15
fold2_room1_mix0421,17,4,0,0,-1,32.93
fold2_room1_mix0421,18,4,0,-175,-1,33.94
fold2_room1_mix0421,18,4,0,0,-1,33.18
fold2_room1_mix0421,19,4,0,-175,-1,32.65
fold2_room1_mix0421,19,4,0,0,-1,33.42
fold2_room1_mix0421,20,4,0,-175,-1,30.82
fold2_room1_mix0421,20,4,0,0,-1,33.23
fold2_room1_mix0421,21,4,0,-175,-1,30.52
fold2_room1_mix0421,21,4,0,1,-1,32.72
fold2_room1_mix0421,22,4,0,-175,-1,30.10
fold2_room1_mix0421,22,4,0,2,-1,31.32
fold2_room1_mix0421,23,4,0,-174,-1,27.40
fold2_room1_mix0421,23,4,0,2,-1,31.27
fold2_room1_mix0421,24,4,0,-174,-1,24.89
fold2_room1_mix0421,24,4,0,2,-1,29.47
fold2_room1_mix0421,25,3,0,68,-5,4.14
fold2_room1_mix0421,25,4,0,-176,-1,28.38
fold2_room1_mix0421,25,4,0,0,-1,31.80
fold2_room1_mix0421,26,3,0,64,-4,4.99
fold2_room1_mix0421,26,4,0,-175,0,28.09
fold2_room1_mix0421,26,4,0,-1,0,32.97
fold2_room1_mix0421,27,3,0,57,-4,5.34
fold2_room1_mix0421,27,4,0,-175,0,26.72
fold2_room1_mix0421,27,4,0,-1,0,31.94
fold2_room1_mix0421,28,3,0,60,-4,5.85
fold2_room1_mix0421,28,4,0,-174,0,26.40
fold2_room1_mix0421,28,4,0,-2,0,33.30
fold2_room1_mix0421,29,3,0,57,-4,6.62
fold2_room1_mix0421,29,4,0,-174,0,25.63
fold2_room1_mix0421,29,4,0,-2,0,31.94
fold2_room1_mix0421,30,3,0,52,-4,7.04
fold2_room1_mix0421,30,4,0,-174,0,26.46
fold2_room1_mix0421,30,4,0,-3,0,33.89
fold2_room1_mix0421,31,3,0,50,-4,6.79
fold2_room1_mix0421,31,4,0,-173,0,25.65
fold2_room1_mix0421,31,4,0,-2,0,34.83
fold2_room1_mix0421,32,3,0,47,-4,7.29
fold2_room1_mix0421,32,4,0,-171,-1,20.61
fold2_room1_mix0421,32,4,0,-3,0,30.05
fold2_room1_mix0421,33,3,0,35,-5,4.96
fold2_room1_mix0421,33,4,0,-171,-1,20.64
fold2_room1_mix0421,33,4,0,-1,0,30.80
fold2_room1_mix0421,34,4,0,-171,-1,19.81
fold2_room1_mix0421,34,4,0,-1,0,31.17
fold2_room1_mix0421,35,4,0,-171,-1,18.36
fold2_room1_mix0421,35,4,0,0,0,28.80
fold2_room1_mix0421,36,4,0,-171,-1,17.68
fold2_room1_mix0421,36,4,0,0,0,28.00
fold2_room1_mix0421,37,4,0,-170,-1,16.75
fold2_room1_mix0421,37,4,0,0,0,25.85
fold2_room1_mix0421,38,3,0,56,-5,9.49
fold2_room1_mix0421,38,4,0,-171,-1,17.37
fold2_room1_mix0421,38,4,0,0,-1,27.86
fold2_room1_mix0421,39,3,0,44,-4,7.76
fold2_room1_mix0421,39,4,0,-171,0,15.80
fold2_room1_mix0421,39,4,0,-1,0,26.63
fold2_room1_mix0421,40,3,0,40,-4,8.05
fold2_room1_mix0421,40,4,0,-169,-2,14.03
fold2_room1_mix0421,40,4,0,0,0,26.05
fold2_room1_mix0421,41,3,0,40,-4,9.07
fold2_room1_mix0421,41,4,0,-169,-2,13.61
fold2_room1_mix0421,41,4,0,-1,0,24.76
fold2_room1_mix0421,42,3,0,45,-4,9.54
fold2_room1_mix0421,42,4,0,-170,-2,13.17
fold2_room1_mix0421,42,4,0,-3,-1,22.21
fold2_room1_mix0421,43,3,0,45,-5,7.31
fold2_room1_mix0421,43,4,0,-167,-2,13.64
fold2_room1_mix0421,43,4,0,-2,-1,23.45
fold2_room1_mix0421,44,3,0,47,-5,7.14
fold2_room1_mix0421,44,4,0,-165,-3,13.25
fold2_room1_mix0421,44,4,0,-5,-1,24.33
fold2_room1_mix0421,45,3,0,48,-4,7.40
fold2_room1_mix0421,45,4,0,-167,-3,11.14
fold2_room1_mix0421,45,4,0,-4,-1,21.65
fold2_room1_mix0421,46,3,0,54,-6,6.57
fold2_room1_mix0421,46,4,0,-164,-2,11.07
fold2_room1_mix0421,46,4,0,-4,-1,22.16
fold2_room1_mix0421,47,3,0,51,-6,7.04
fold2_room1_mix0421,47,4,0,-164,-3,9.52
fold2_room1_mix0421,47,4,0,-4,-1,20.60
fold2_room1_mix0421,48,3,0,55,-5,7.16
fold2_room1_mix0421,48,4,0,-160,-3,8.48
fold2_room1_mix0421,48,4,0,-15,-1,15.97
fold2_room1_mix0421,48,4,0,2,-1,21.41
fold2_room1_mix0421,49,3,0,56,-6,6.90
fold2_room1_mix0421,49,4,0,-159,-4,7.58
fold2_room1_mix0421,49,4,0,-16,-1,16.32
fold2_room1_mix0421,49,4,0,0,-1,22.12
fold2_room1_mix0421,50,3,0,50,-10,5.93
fold2_room1_mix0421,50,4,0,-153,-5,6.63
fold2_room1_mix0421,50,4,0,-18,-2,16.54
fold2_room1_mix0421,50,4,0,1,-1,20.55
fold2_room1_mix0421,51,4,0,-148,-5,4.90
fold2_room1_mix0421,51,4,0,-8,0,18.02
fold2_room1_mix0421,52,4,0,-145,-6,4.49
fold2_room1_mix0421,52,4,0,-10,-1,18.28
fold2_room1_mix0421,53,4,0,-140,-7,3.32
fold2_room1_mix0421,53,4,0,-9,-1,16.52
fold2_room1_mix0421,54,4,0,-129,-9,2.68
fold2_room1_mix0421,54,4,0,-6,0,16.76
fold2_room1_mix0421,55,4,0,-117,-10,2.50
fold2_room1_mix0421,55,4,0,-7,0,16.35
fold2_room1_mix0421,56,3,0,78,-6,7.11
fold2_room1_mix0421,56,4,0,-83,-10,2.81
fold2_room1_mix0421,56,4,0,-32,-1,13.05
fold2_room1_mix0421,56,4,0,4,-2,16.06
fold2_room1_mix0421,57,3,0,85,-7,8.25
fold2_room1_mix0421,57,4,0,-62,-10,3.65
fold2_room1_mix0421,57,4,0,-25,-2,13.43
fold2_room1_mix0421,57,4,0,-4,-3,16.08
fold2_room1_mix0421,58,3,0,93,-6,9.26
fold2_room1_mix0421,58,4,0,-53,-8,4.27
fold2_room1_mix0421,58,4,0,-29,-3,11.66
fold2_room1_mix0421,58,4,0,-5,-2,16.05
fold2_room1_mix0421,59,3,0,102,-7,6.75
fold2_room1_mix0421,59,4,0,-34,-6,7.04
fold2_room1_mix0421,59,4,0,-1,-3,15.67
fold2_room1_mix0421,60,1,0,35,-2,14.46
fold2_room1_mix0421,60,3,0,95,-5,5.24
fold2_room1_mix0421,60,4,0,-21,-3,8.01
fold2_room1_mix0421,61,1,0,35,-2,21.37
fold2_room1_mix0421,61,3,0,90,-5,5.64
fold2_room1_mix0421,61,4,0,-22,-2,7.84
fold2_room1_mix0421,62,1,0,35,-3,18.58
fold2_room1_mix0421,62,3,0,83,-4,6.94
fold2_room1_mix0421,62,4,0,-17,-1,9.32
fold2_room1_mix0421,63,3,0,113,-5,9.41
fold2_room1_mix0421,63,4,0,-18,-2,9.26
fold2_room1_mix0421,64,1,0,31,-2,20.35
fold2_room1_mix0421,64,3,0,76,-3,5.77
fold2_room1_mix0421,64,4,0,-17,0,8.84
fold2_room1_mix0421,65,1,0,21,-2,26.29
fold2_room1_mix0421,65,3,0,90,-4,4.44
fold2_room1_mix0421,65,4,0,-12,-1,9.35
fold2_room1_mix0421,66,1,0,20,-2,28.34
fold2_room1_mix0421,66,3,0,102,-4,5.08
fold2_room1_mix0421,66,4,0,-13,-1,9.46
fold2_room1_mix0421,67,3,0,73,-5,8.52
fold2_room1_mix0421,67,4,0,-11,0,12.64
fold2_room1_mix0421,68,4,0,-12,0,12.52
fold2_room1_mix0421,69,1,0,23,-2,28.74
fold2_room1_mix0421,69,3,0,89,-5,4.11
fold2_room1_mix0421,69,4,0,-13,0,10.48
fold2_room1_mix0421,70,1,0,22,-2,34.61
fold2_room1_mix0421,70,3,0,86,-4,3.10
fold2_room1_mix0421,70,4,0,-10,0,12.28
fold2_room1_mix0421,71,1,0,19,-2,33.07
fold2_room1_mix0421,71,3,0,90,-4,3.53
fold2_room1_mix0421,71,4,0,-9,0,11.97
fold2_room1_mix0421,72,4,0,-12,-2,13.12
fold2_room1_mix0421,73,1,0,25,-2,17.61
fold2_room1_mix0421,73,4,0,-11,-1,8.80
fold2_room1_mix0421,74,1,0,16,-2,16.59
fold2_room1_mix0421,74,4,0,-8,-1,8.65
fold2_room1_mix0421,75,1,0,20,-2,35.85
fold2_room1_mix0421,75,4,0,-12,-1,9.86
fold2_room1_mix0421,76,4,0,-7,0,13.16
fold2_room1_mix0421,77,4,0,6,-6,7.25
fold2_room1_mix0421,77,4,0,-11,-2,8.55
fold2_room1_mix0421,78,1,0,24,-2,23.81
fold2_room1_mix0421,78,4,0,-15,-1,7.83
fold2_room1_mix0421,79,1,0,16,-2,34.41
fold2_room1_mix0421,79,4,0,-5,-1,8.86
fold2_room1_mix0421,80,1,0,16,-2,37.20
fold2_room1_mix0421,80,4,0,-16,-1,8.58
fold2_room1_mix0421,82,1,0,16,-2,14.10
fold2_room1_mix0421,82,4,0,-15,-4,7.81
fold2_room1_mix0421,83,1,0,18,-2,24.10
fold2_room1_mix0421,83,4,0,-31,-7,3.03
fold2_room1_mix0421,83,4,0,-12,0,14.10
fold2_room1_mix0421,84,1,0,16,-2,26.96
fold2_room1_mix0421,84,4,0,-32,-7,3.20
fold2_room1_mix0421,84,4,0,-10,0,13.06
fold2_room1_mix0421,85,1,0,6,-2,29.19
fold2_room1_mix0421,85,4,0,-32,-12,2.62
fold2_room1_mix0421,85,4,0,-12,0,13.36
fold2_room1_mix0421,86,4,0,-139,-16,6.48
fold2_room1_mix0421,86,4,0,-86,-33,1.04
fold2_room1_mix0421,86,4,0,-17,-7,21.02
fold2_room1_mix0421,87,1,0,23,-2,19.68
fold2_room1_mix0421,87,4,0,-117,-17,1.93
fold2_room1_mix0421,87,4,0,-81,-23,0.80
fold2_room1_mix0421,87,4,0,-13,-1,12.68
fold2_room1_mix0421,88,1,0,-2,-3,17.87
fold2_room1_mix0421,88,4,0,-125,-15,2.25
fold2_room1_mix0421,88,4,0,-108,-19,1.10
fold2_room1_mix0421,88,4,0,-11,-2,13.52
fold2_room1_mix0421,89,1,0,8,-3,30.21
fold2_room1_mix0421,89,4,0,-129,-18,2.21
fold2_room1_mix0421,89,4,0,-11,-2,20.13
fold2_room1_mix0421,90,4,0,-140,-11,1.79
fold2_room1_mix0421,90,4,0,-4,-1,13.20
fold2_room1_mix0421,91,4,0,-143,-16,2.11
fold2_room1_mix0421,91,4,0,-6,-4,20.14
fold2_room1_mix0421,92,1,0,15,-2,11.28
fold2_room1_mix0421,92,4,0,-144,-12,2.25
fold2_room1_mix0421,92,4,0,-1,0,16.99
fold2_room1_mix0421,93,4,0,-152,-9,3.41
fold2_room1_mix0421,93,4,0,-1,-1,18.67
fold2_room1_mix0421,94,4,0,-154,-9,4.31
fold2_room1_mix0421,94,4,0,-2,-2,26.31
fold2_room1_mix0421,95,4,0,-156,-9,4.12
fold2_room1_mix0421,95,4,0,-1,-1,26.93
fold2_room1_mix0421,96,4,0,-156,-9,4.35
fold2_room1_mix0421,96,4,0,-5,-1,30.10
fold2_room1_mix0421,97,4,0,-160,-7,5.47
fold2_room1_mix0421,97,4,0,-2,0,37.87
fold2_room1_mix0421,98,4,0,-161,-7,6.27
fold2_room1_mix0421,98,4,0,-4,-1,32.25
fold2_room1_mix0421,99,4,0,-163,-7,5.91
fold2_room1_mix0421,99,4,0,-4,0,27.80
fold2_room1_mix0421,81,4,0,-30,-9,3.57
fold2_room1_mix0421,81,4,0,-7,0,15.45
fold2_room1_mix0422,0,5,0,-167,4,2.09
fold2_room1_mix0422,1,5,0,-168,3,4.05
fold2_room1_mix0422,2,4,0,1,0,1.86
fold2_room1_mix0422,2,5,0,-159,3,8.64
fold2_room1_mix0422,3,4,0,2,0,7.40
fold2_room1_mix0422,3,5,0,-166,4,5.38
fold2_room1_mix0422,4,4,0,3,-1,13.95
fold2_room1_mix0422,4,5,0,-173,3,6.58
fold2_room1_mix0422,5,4,0,5,-1,13.91
fold2_room1_mix0422,5,5,0,-165,4,10.25
fold2_room1_mix0422,6,4,0,4,-1,14.16
fold2_room1_mix0422,6,5,0,-160,4,10.28
fold2_room1_mix0422,7,4,0,5,-1,21.71
fold2_room1_mix0422,7,5,0,-163,4,9.58
fold2_room1_mix0422,8,4,0,5,-1,21.75
fold2_room1_mix0422,8,5,0,-166,4,9.95
fold2_room1_mix0422,9,4,0,4,-1,21.60
fold2_room1_mix0422,9,5,0,-160,4,9.22
fold2_room1_mix0422,10,4,0,4,-1,20.45
fold2_room1_mix0422,10,5,0,-159,5,8.17
fold2_room1_mix0422,11,4,0,3,-1,20.75
fold2_room1_mix0422,11,5,0,-164,5,8.20
fold2_room1_mix0422,12,4,0,4,-1,19.21
fold2_room1_mix0422,12,5,0,-161,5,8.55
fold2_room1_mix0422,13,4,0,3,-1,19.42
fold2_room1_mix0422,13,5,0,-161,5,8.62
fold2_room1_mix0422,14,4,0,3,-1,20.06
fold2_room1_mix0422,14,5,0,-161,5,7.96
fold2_room1_mix0422,15,4,0,3,-1,19.65
fold2_room1_mix0422,15,5,0,-157,5,8.16
fold2_room1_mix0422,16,4,0,3,-1,19.32
fold2_room1_mix0422,16,5,0,-159,5,8.41
fold2_room1_mix0422,17,4,0,4,-1,19.22
fold2_room1_mix0422,17,5,0,-161,5,8.09
fold2_room1_mix0422,18,4,0,4,-1,17.75
fold2_room1_mix0422,18,5,0,-158,6,7.16
fold2_room1_mix0422,19,4,0,3,-1,17.95
fold2_room1_mix0422,19,5,0,-160,6,6.59
fold2_room1_mix0422,20,4,0,2,-1,18.15
fold2_room1_mix0422,20,5,0,-162,6,6.73
fold2_room1_mix0422,21,4,0,3,-1,17.70
fold2_room1_mix0422,21,5,0,-162,7,6.71
fold2_room1_mix0422,22,4,0,3,-1,16.56
fold2_room1_mix0422,22,5,0,-158,6,7.39
fold2_room1_mix0422,23,4,0,2,-1,16.64
fold2_room1_mix0422,23,5,0,-157,6,6.60
fold2_room1_mix0422,24,4,0,2,-1,16.63
fold2_room1_mix0422,24,5,0,-159,6,6.44
fold2_room1_mix0422,25,4,0,1,-1,15.84
fold2_room1_mix0422,25,5,0,-157,6,7.25
fold2_room1_mix0422,26,4,0,1,-2,15.57
fold2_room1_mix0422,26,5,0,-158,6,7.06
fold2_room1_mix0422,27,4,0,2,-2,14.97
fold2_room1_mix0422,27,5,0,-157,6,7.01
fold2_room1_mix0422,28,4,0,3,-2,15.15
fold2_room1_mix0422,28,5,0,-153,5,7.63
fold2_room1_mix0422,29,4,0,3,-2,15.14
fold2_room1_mix0422,29,5,0,-157,7,6.37
fold2_room1_mix0422,30,4,0,3,-2,15.37
fold2_room1_mix0422,30,5,0,-155,6,6.85
fold2_room1_mix0422,31,4,0,2,-2,14.97
fold2_room1_mix0422,31,5,0,-154,6,6.81
fold2_room1_mix0422,32,4,0,3,-2,15.48
fold2_room1_mix0422,32,5,0,-151,8,5.83
fold2_room1_mix0422,33,4,0,3,-2,15.42
fold2_room1_mix0422,33,5,0,-151,7,6.03
fold2_room1_mix0422,34,4,0,4,-2,15.10
fold2_room1_mix0422,34,5,0,-149,8,5.60
fold2_room1_mix0422,35,4,0,3,-2,14.61
fold2_room1_mix0422,35,5,0,-155,8,5.91
fold2_room1_mix0422,36,4,0,4,-2,14.33
fold2_room1_mix0422,36,5,0,-147,9,5.41
fold2_room1_mix0422,37,4,0,5,-2,13.91
fold2_room1_mix0422,37,5,0,-148,10,4.67
fold2_room1_mix0422,38,4,0,3,-2,12.73
fold2_room1_mix0422,38,5,0,-148,9,5.21
fold2_room1_mix0422,39,4,0,4,-2,12.42
fold2_room1_mix0422,39,5,0,-146,10,4.74
fold2_room1_mix0422,40,4,0,3,-2,12.36
fold2_room1_mix0422,40,5,0,-147,10,4.85
fold2_room1_mix0422,41,4,0,5,-2,11.63
fold2_room1_mix0422,41,5,0,-139,10,4.88
fold2_room1_mix0422,42,4,0,4,-2,11.44
fold2_room1_mix0422,42,5,0,-142,9,4.93
fold2_room1_mix0422,43,3,0,94,-4,7.81
fold2_room1_mix0422,43,4,0,3,-3,13.13
fold2_room1_mix0422,43,5,0,-142,9,5.09
fold2_room1_mix0422,44,3,0,98,-4,11.06
fold2_room1_mix0422,44,4,0,0,-2,12.42
fold2_room1_mix0422,44,5,0,-147,9,5.48
fold2_room1_mix0422,45,3,0,99,-4,10.77
fold2_room1_mix0422,45,4,0,0,-3,11.81
fold2_room1_mix0422,45,5,0,-141,9,5.34
fold2_room1_mix0422,46,3,0,103,-3,7.84
fold2_room1_mix0422,46,4,0,-1,-3,12.29
fold2_room1_mix0422,46,5,0,-136,8,5.53
fold2_room1_mix0422,47,3,0,98,-4,5.92
fold2_room1_mix0422,47,4,0,-1,-3,10.58
fold2_room1_mix0422,47,5,0,-139,10,4.70
fold2_room1_mix0422,48,3,0,100,-4,4.10
fold2_room1_mix0422,48,4,0,2,-3,9.85
fold2_room1_mix0422,48,5,0,-136,11,4.16
fold2_room1_mix0422,49,4,0,2,-3,9.87
fold2_room1_mix0422,49,5,0,-129,10,4.65
fold2_room1_mix0422,50,4,0,4,-3,9.92
fold2_room1_mix0422,50,5,0,-125,14,3.58
fold2_room1_mix0422,51,4,0,7,-3,9.90
fold2_room1_mix0422,51,5,0,-123,16,2.97
fold2_room1_mix0422,52,3,0,115,-3,7.91
fold2_room1_mix0422,52,4,0,6,-3,10.40
fold2_room1_mix0422,52,5,0,-119,13,3.63
fold2_room1_mix0422,53,3,0,113,-3,13.51
fold2_room1_mix0422,53,4,0,3,-3,10.03
fold2_room1_mix0422,53,5,0,-121,15,3.24
fold2_room1_mix0422,54,3,0,110,-3,12.00
fold2_room1_mix0422,54,4,0,2,-3,9.82
fold2_room1_mix0422,54,5,0,-112,18,2.79
fold2_room1_mix0422,55,3,0,109,-3,12.02
fold2_room1_mix0422,55,4,0,3,-3,9.84
fold2_room1_mix0422,55,5,0,-113,18,2.78
fold2_room1_mix0422,56,3,0,108,-3,11.71
fold2_room1_mix0422,56,4,0,2,-4,9.27
fold2_room1_mix0422,56,5,0,-106,21,2.32
fold2_room1_mix0422,57,3,0,114,-3,10.84
fold2_room1_mix0422,57,4,0,0,-4,8.06
fold2_room1_mix0422,57,5,0,-107,21,2.34
fold2_room1_mix0422,58,3,0,115,-3,10.48
fold2_room1_mix0422,58,4,0,0,-5,7.97
fold2_room1_mix0422,58,5,0,-88,23,2.02
fold2_room1_mix0422,59,3,0,109,-3,8.27
fold2_room1_mix0422,59,4,0,0,-4,7.86
fold2_room1_mix0422,59,5,0,-88,21,2.24
fold2_room1_mix0422,60,3,0,114,-3,6.87
fold2_room1_mix0422,60,4,0,1,-4,7.22
fold2_room1_mix0422,60,5,0,-84,24,2.02
fold2_room1_mix0422,61,3,0,124,-3,5.17
fold2_room1_mix0422,61,4,0,4,-3,6.77
fold2_room1_mix0422,61,5,0,-87,25,1.75
fold2_room1_mix0422,62,4,0,5,-4,6.08
fold2_room1_mix0422,62,5,0,-80,24,1.93
fold2_room1_mix0422,63,4,0,7,-4,5.76
fold2_room1_mix0422,63,5,0,-79,24,1.95
fold2_room1_mix0422,64,4,0,9,-4,5.43
fold2_room1_mix0422,64,5,0,-68,27,1.62
fold2_room1_mix0422,65,3,0,118,-4,8.97
fold2_room1_mix0422,65,4,0,9,-5,5.67
fold2_room1_mix0422,65,5,0,-75,25,1.71
fold2_room1_mix0422,66,3,0,121,-3,10.85
fold2_room1_mix0422,66,4,0,7,-5,5.35
fold2_room1_mix0422,66,5,0,-72,24,1.87
fold2_room1_mix0422,67,3,0,127,-3,11.95
fold2_room1_mix0422,67,4,0,7,-5,5.15
fold2_room1_mix0422,67,5,0,-66,25,1.75
fold2_room1_mix0422,68,4,0,7,-5,4.59
fold2_room1_mix0422,68,5,0,-73,21,2.07
fold2_room1_mix0422,69,4,0,11,-6,3.70
fold2_room1_mix0422,69,5,0,-69,21,1.89
fold2_room1_mix0422,70,4,0,14,-7,3.75
fold2_room1_mix0422,70,5,0,-66,19,2.06
fold2_room1_mix0422,71,4,0,17,-6,3.38
fold2_room1_mix0422,71,5,0,-67,20,2.05
fold2_room1_mix0422,72,4,0,19,-7,3.13
fold2_room1_mix0422,72,5,0,-56,19,2.07
fold2_room1_mix0422,73,4,0,21,-7,2.87
fold2_room1_mix0422,73,5,0,-57,16,2.43
fold2_room1_mix0422,74,4,0,24,-7,2.54
fold2_room1_mix0422,74,5,0,-57,16,2.46
fold2_room1_mix0422,75,4,0,26,-8,2.19
fold2_room1_mix0422,75,5,0,-54,16,2.51
fold2_room1_mix0422,76,4,0,27,-9,2.01
fold2_room1_mix0422,76,5,0,-49,16,2.59
fold2_room1_mix0422,77,4,0,30,-11,1.70
fold2_room1_mix0422,77,5,0,-45,16,2.52
fold2_room1_mix0422,78,4,0,33,-11,1.50
fold2_room1_mix0422,78,5,0,-41,15,2.87
fold2_room1_mix0422,79,4,0,34,-11,1.43
fold2_room1_mix0422,79,5,0,-45,15,2.62
fold2_room1_mix0422,80,4,0,40,-12,1.18
fold2_room1_mix0422,80,5,0,-42,14,3.00
fold2_room1_mix0422,81,4,0,42,-15,1.08
fold2_room1_mix0422,81,5,0,-40,15,2.94
fold2_room1_mix0422,82,4,0,51,-17,0.93
fold2_room1_mix0422,82,5,0,-39,15,2.80
fold2_room1_mix0422,83,4,0,63,-18,0.91
fold2_room1_mix0422,83,5,0,-35,14,3.06
fold2_room1_mix0422,84,4,0,77,-19,0.96
fold2_room1_mix0422,84,5,0,-38,13,3.28
fold2_room1_mix0422,85,4,0,87,-19,1.05
fold2_room1_mix0422,85,5,0,-36,13,3.14
fold2_room1_mix0422,86,4,0,106,-18,1.11
fold2_room1_mix0422,86,5,0,-35,13,3.28
fold2_room1_mix0422,87,4,0,120,-15,1.15
fold2_room1_mix0422,87,5,0,-32,12,3.61
fold2_room1_mix0422,88,4,0,132,-13,1.25
fold2_room1_mix0422,88,5,0,-38,13,3.05
fold2_room1_mix0422,89,4,0,136,-13,1.44
fold2_room1_mix0422,89,5,0,-42,12,3.59
fold2_room1_mix0422,90,4,0,142,-11,1.47
fold2_room1_mix0422,90,5,0,-30,11,3.42
fold2_room1_mix0422,91,4,0,145,-11,1.54
fold2_room1_mix0422,91,5,0,-34,11,3.50
fold2_room1_mix0422,92,4,0,150,-9,1.76
fold2_room1_mix0422,92,5,0,-36,11,3.44
fold2_room1_mix0422,93,4,0,153,-9,1.72
fold2_room1_mix0422,93,5,0,-34,12,3.20
fold2_room1_mix0422,94,4,0,154,-8,2.15
fold2_room1_mix0422,94,5,0,-32,11,3.39
fold2_room1_mix0422,95,4,0,157,-7,2.20
fold2_room1_mix0422,95,5,0,-31,12,3.07
fold2_room1_mix0422,96,4,0,159,-6,2.30
fold2_room1_mix0422,96,5,0,-29,11,3.34
fold2_room1_mix0422,97,4,0,160,-6,2.71
fold2_room1_mix0422,97,5,0,-34,10,3.55
fold2_room1_mix0422,98,4,0,161,-5,3.12
fold2_room1_mix0422,98,5,0,-30,10,3.63
fold2_room1_mix0422,99,4,0,162,-5,2.80
fold2_room1_mix0422,99,5,0,-31,11,3.30
fold2_room1_mix0423,1,4,0,-164,0,1.92
fold2_room1_mix0423,1,4,0,0,0,1.95
fold2_room1_mix0423,2,4,0,-166,0,2.66
fold2_room1_mix0423,2,4,0,-2,0,2.71
fold2_room1_mix0423,3,4,0,-163,0,6.12
fold2_room1_mix0423,3,4,0,1,0,6.12
fold2_room1_mix0423,4,4,0,-157,-1,11.42
fold2_room1_mix0423,4,4,0,5,-1,13.72
fold2_room1_mix0423,5,4,0,-157,-1,12.56
fold2_room1_mix0423,5,4,0,5,-1,15.64
fold2_room1_mix0423,6,4,0,-158,0,15.53
fold2_room1_mix0423,6,4,0,5,0,18.50
fold2_room1_mix0423,7,4,0,-152,-1,20.11
fold2_room1_mix0423,7,4,0,7,-1,26.90
fold2_room1_mix0423,8,4,0,-153,-1,19.07
fold2_room1_mix0423,8,4,0,6,-1,26.01
fold2_room1_mix0423,9,4,0,-153,-1,17.42
fold2_room1_mix0423,9,4,0,6,-1,24.38
fold2_room1_mix0423,10,4,0,-154,0,18.10
fold2_room1_mix0423,10,4,0,6,-1,24.93
fold2_room1_mix0423,11,4,0,-153,-1,17.35
fold2_room1_mix0423,11,4,0,6,-1,25.00
fold2_room1_mix0423,12,4,0,-151,-1,17.91
fold2_room1_mix0423,12,4,0,6,-1,24.02
fold2_room1_mix0423,13,4,0,-153,-1,18.47
fold2_room1_mix0423,13,4,0,5,-1,24.67
fold2_room1_mix0423,14,4,0,-152,-1,18.33
fold2_room1_mix0423,14,4,0,7,-1,24.89
fold2_room1_mix0423,15,4,0,-152,-1,18.76
fold2_room1_mix0423,15,4,0,7,-1,25.30
fold2_room1_mix0423,16,4,0,-149,0,17.21
fold2_room1_mix0423,16,4,0,6,0,24.16
fold2_room1_mix0423,17,4,0,-149,-1,16.82
fold2_room1_mix0423,17,4,0,8,-1,24.09
fold2_room1_mix0423,18,4,0,-152,-1,17.31
fold2_room1_mix0423,18,4,0,6,-1,24.14
fold2_room1_mix0423,19,4,0,-152,-1,15.81
fold2_room1_mix0423,19,4,0,8,-1,22.55
fold2_room1_mix0423,20,4,0,-150,-1,17.49
fold2_room1_mix0423,20,4,0,8,-1,23.90
fold2_room1_mix0423,21,4,0,-149,-1,16.94
fold2_room1_mix0423,21,4,0,8,-1,22.90
fold2_room1_mix0423,22,4,0,-151,-1,17.52
fold2_room1_mix0423,22,4,0,7,-1,22.19
fold2_room1_mix0423,23,4,0,-148,-1,17.02
fold2_room1_mix0423,23,4,0,7,-1,22.02
fold2_room1_mix0423,24,4,0,-145,-1,16.96
fold2_room1_mix0423,24,4,0,8,-1,21.49
fold2_room1_mix0423,25,4,0,-147,-1,17.32
fold2_room1_mix0423,25,4,0,8,-1,22.53
fold2_room1_mix0423,26,4,0,-146,-1,17.37
fold2_room1_mix0423,26,4,0,10,-1,22.51
fold2_room1_mix0423,27,4,0,-146,-1,17.12
fold2_room1_mix0423,27,4,0,10,-1,22.24
fold2_room1_mix0423,28,4,0,-148,-1,17.17
fold2_room1_mix0423,28,4,0,9,-1,21.58
fold2_room1_mix0423,29,4,0,-143,-1,16.99
fold2_room1_mix0423,29,4,0,10,-2,21.74
fold2_room1_mix0423,30,4,0,-141,-1,16.01
fold2_room1_mix0423,30,4,0,10,-2,20.07
fold2_room1_mix0423,31,4,0,-143,-1,15.84
fold2_room1_mix0423,31,4,0,12,-2,19.91
fold2_room1_mix0423,32,4,0,-142,-1,15.71
fold2_room1_mix0423,32,4,0,11,-2,19.04
fold2_room1_mix0423,33,4,0,-144,-1,15.05
fold2_room1_mix0423,33,4,0,12,-2,17.24
fold2_room1_mix0423,34,4,0,-146,-1,15.55
fold2_room1_mix0423,34,4,0,12,-2,17.44
fold2_room1_mix0423,35,4,0,-146,0,15.88
fold2_room1_mix0423,35,4,0,12,-2,17.29
fold2_room1_mix0423,36,4,0,-144,-1,16.04
fold2_room1_mix0423,36,4,0,14,-2,17.20
fold2_room1_mix0423,37,4,0,-149,-1,16.67
fold2_room1_mix0423,37,4,0,11,-3,16.99
fold2_room1_mix0423,38,4,0,-147,-1,15.28
fold2_room1_mix0423,38,4,0,33,-2,14.91
fold2_room1_mix0423,38,4,0,2,-2,17.23
fold2_room1_mix0423,39,4,0,-154,-1,16.19
fold2_room1_mix0423,39,4,0,31,-2,15.16
fold2_room1_mix0423,39,4,0,0,-3,16.71
fold2_room1_mix0423,40,4,0,-142,-1,13.69
fold2_room1_mix0423,40,4,0,44,-2,13.98
fold2_room1_mix0423,40,4,0,0,-2,16.74
fold2_room1_mix0423,41,4,0,-145,-1,14.49
fold2_room1_mix0423,41,4,0,35,-3,12.68
fold2_room1_mix0423,41,4,0,-4,-3,14.70
fold2_room1_mix0423,42,4,0,-138,0,15.64
fold2_room1_mix0423,42,4,0,13,-3,13.77
fold2_room1_mix0423,43,4,0,-141,0,14.84
fold2_room1_mix0423,43,4,0,44,-3,11.36
fold2_room1_mix0423,43,4,0,-4,-3,14.62
fold2_room1_mix0423,44,4,0,-115,0,14.53
fold2_room1_mix0423,44,4,0,40,-3,11.16
fold2_room1_mix0423,44,4,0,1,-3,13.35
fold2_room1_mix0423,45,4,0,-145,-1,15.47
fold2_room1_mix0423,45,4,0,28,-4,10.48
fold2_room1_mix0423,45,4,0,1,-3,12.43
fold2_room1_mix0423,46,4,0,-143,-1,14.19
fold2_room1_mix0423,46,4,0,44,-3,9.65
fold2_room1_mix0423,46,4,0,-6,-3,12.31
fold2_room1_mix0423,47,4,0,-146,-1,14.13
fold2_room1_mix0423,47,4,0,43,-4,9.06
fold2_room1_mix0423,47,4,0,-6,-3,11.97
fold2_room1_mix0423,48,4,0,-140,-1,13.79
fold2_room1_mix0423,48,4,0,34,-5,8.37
fold2_room1_mix0423,48,4,0,7,-4,9.93
fold2_room1_mix0423,49,4,0,-133,-1,12.97
fold2_room1_mix0423,49,4,0,43,-5,7.85
fold2_room1_mix0423,49,4,0,2,-4,9.34
fold2_room1_mix0423,50,4,0,-140,-1,12.23
fold2_room1_mix0423,50,4,0,56,-5,8.26
fold2_room1_mix0423,50,4,0,-4,-5,8.69
fold2_room1_mix0423,51,4,0,-152,-1,12.85
fold2_room1_mix0423,51,4,0,56,-6,7.40
fold2_room1_mix0423,51,4,0,-3,-5,8.86
fold2_room1_mix0423,52,4,0,-151,0,14.34
fold2_room1_mix0423,52,4,0,56,-8,6.44
fold2_room1_mix0423,52,4,0,3,-6,6.92
fold2_room1_mix0423,53,4,0,-157,0,14.30
fold2_room1_mix0423,53,4,0,74,-7,6.93
fold2_room1_mix0423,53,4,0,4,-6,5.78
fold2_room1_mix0423,54,4,0,-148,0,13.86
fold2_room1_mix0423,54,4,0,78,-8,5.68
fold2_room1_mix0423,54,4,0,0,-7,5.09
fold2_room1_mix0423,55,4,0,155,-2,12.89
fold2_room1_mix0423,55,4,0,-77,-3,8.59
fold2_room1_mix0423,55,4,0,35,-9,3.52
fold2_room1_mix0423,56,4,0,174,-2,13.84
fold2_room1_mix0423,56,4,0,37,-10,2.94
fold2_room1_mix0423,57,4,0,166,-3,14.57
fold2_room1_mix0423,57,4,0,39,-12,3.95
fold2_room1_mix0423,58,4,0,136,-4,10.80
fold2_room1_mix0423,58,4,0,102,-9,4.11
fold2_room1_mix0423,58,4,0,-67,-3,9.42
fold2_room1_mix0423,59,4,0,167,-3,13.52
fold2_room1_mix0423,59,4,0,120,-9,3.15
fold2_room1_mix0423,59,4,0,-95,0,12.14
fold2_room1_mix0423,60,4,0,164,-5,10.25
fold2_room1_mix0423,60,4,0,126,-8,3.69
fold2_room1_mix0423,60,4,0,-87,0,14.11
fold2_room1_mix0423,61,4,0,142,-8,4.22
fold2_room1_mix0423,61,4,0,-149,3,10.15
fold2_room1_mix0423,61,4,0,-26,-2,10.50
fold2_room1_mix0423,62,4,0,164,-6,7.60
fold2_room1_mix0423,62,4,0,137,-5,4.69
fold2_room1_mix0423,62,4,0,-50,0,14.87
fold2_room1_mix0423,63,4,0,161,-5,6.85
fold2_room1_mix0423,63,4,0,-45,-2,12.89
fold2_room1_mix0423,64,4,0,150,-7,4.97
fold2_room1_mix0423,64,4,0,178,0,9.35
fold2_room1_mix0423,64,4,0,-62,-1,14.47
fold2_room1_mix0423,65,4,0,153,-4,6.26
fold2_room1_mix0423,65,4,0,-76,-1,13.80
fold2_room1_mix0423,66,4,0,171,-3,6.67
fold2_room1_mix0423,66,4,0,153,-4,6.29
fold2_room1_mix0423,67,4,0,166,-2,8.10
fold2_room1_mix0423,67,4,0,-1,-1,14.37
fold2_room1_mix0423,68,4,0,156,-2,8.45
fold2_room1_mix0423,68,4,0,-73,-2,13.86
fold2_room1_mix0423,69,4,0,163,-2,9.09
fold2_room1_mix0423,70,4,0,179,-1,13.22
fold2_room1_mix0423,70,4,0,147,-2,9.06
fold2_room1_mix0423,70,4,0,-66,-2,14.10
fold2_room1_mix0423,71,4,0,173,0,14.26
fold2_room1_mix0423,71,4,0,155,-2,9.39
fold2_room1_mix0423,71,4,0,-78,-2,14.77
fold2_room1_mix0423,72,4,0,177,-1,14.70
fold2_room1_mix0423,72,4,0,158,-3,9.24
fold2_room1_mix0423,72,4,0,-79,-3,14.09
fold2_room1_mix0423,73,4,0,173,0,16.87
fold2_room1_mix0423,73,4,0,156,-3,10.18
fold2_room1_mix0423,73,4,0,-79,-2,14.94
fold2_room1_mix0423,74,4,0,177,0,17.57
fold2_room1_mix0423,74,4,0,156,-2,11.18
fold2_room1_mix0423,74,4,0,-69,-3,13.74
fold2_room1_mix0423,75,4,0,178,0,19.23
fold2_room1_mix0423,75,4,0,156,-3,11.36
fold2_room1_mix0423,75,4,0,-88,-3,13.20
fold2_room1_mix0423,76,4,0,175,0,19.30
fold2_room1_mix0423,76,4,0,158,-3,11.61
fold2_room1_mix0423,76,4,0,-81,-3,14.91
fold2_room1_mix0423,77,4,0,175,0,21.27
fold2_room1_mix0423,77,4,0,157,-2,13.17
fold2_room1_mix0423,77,4,0,-93,-4,13.68
fold2_room1_mix0423,78,4,0,174,0,21.38
fold2_room1_mix0423,78,4,0,158,-2,13.87
fold2_room1_mix0423,78,4,0,-79,-3,14.16
fold2_room1_mix0423,79,4,0,175,0,22.15
fold2_room1_mix0423,79,4,0,156,-2,15.05
fold2_room1_mix0423,79,4,0,-95,-4,13.56
fold2_room1_mix0423,80,4,0,175,0,24.78
fold2_room1_mix0423,80,4,0,153,-1,17.39
fold2_room1_mix0423,80,4,0,-82,-4,13.64
fold2_room1_mix0423,81,4,0,175,0,25.52
fold2_room1_mix0423,81,4,0,158,-2,14.99
fold2_room1_mix0423,81,4,0,-76,-3,14.23
fold2_room1_mix0423,82,4,0,178,0,25.97
fold2_room1_mix0423,82,4,0,158,-2,16.13
fold2_room1_mix0423,82,4,0,-78,-4,14.24
fold2_room1_mix0423,83,4,0,174,0,25.17
fold2_room1_mix0423,83,4,0,158,-1,18.57
fold2_room1_mix0423,83,4,0,-72,-3,14.98
fold2_room1_mix0423,84,4,0,176,0,27.94
fold2_room1_mix0423,84,4,0,157,-1,17.48
fold2_room1_mix0423,84,4,0,-74,-3,14.02
fold2_room1_mix0423,85,4,0,176,0,28.06
fold2_room1_mix0423,85,4,0,159,-1,17.70
fold2_room1_mix0423,85,4,0,-70,-3,14.49
fold2_room1_mix0423,86,4,0,175,0,27.47
fold2_room1_mix0423,86,4,0,158,-1,19.49
fold2_room1_mix0423,86,4,0,-70,-3,14.61
fold2_room1_mix0423,87,4,0,167,0,23.96
fold2_room1_mix0423,87,4,0,-57,-2,15.86
fold2_room1_mix0423,88,4,0,168,0,23.27
fold2_room1_mix0423,88,4,0,-61,-2,16.25
fold2_room1_mix0423,89,4,0,170,0,24.20
fold2_room1_mix0423,89,4,0,-57,-2,16.85
fold2_room1_mix0423,90,4,0,176,0,29.85
fold2_room1_mix0423,90,4,0,161,-1,19.42
fold2_room1_mix0423,90,4,0,-57,-2,16.59
fold2_room1_mix0423,91,4,0,177,0,30.07
fold2_room1_mix0423,91,4,0,161,-1,20.03
fold2_room1_mix0423,91,4,0,-51,-2,17.55
fold2_room1_mix0423,92,4,0,176,0,29.16
fold2_room1_mix0423,92,4,0,160,-1,22.01
fold2_room1_mix0423,92,4,0,-49,-1,18.86
fold2_room1_mix0423,93,4,0,178,0,30.12
fold2_room1_mix0423,93,4,0,159,-1,22.23
fold2_room1_mix0423,93,4,0,-47,-1,18.91
fold2_room1_mix0423,94,4,0,178,0,30.28
fold2_room1_mix0423,94,4,0,159,-2,19.43
fold2_room1_mix0423,94,4,0,-47,-1,19.71
fold2_room1_mix0423,95,4,0,-179,0,30.01
fold2_room1_mix0423,95,4,0,159,-2,20.88
fold2_room1_mix0423,95,4,0,-44,-1,19.14
fold2_room1_mix0423,96,4,0,-179,0,29.60
fold2_room1_mix0423,96,4,0,158,-1,22.56
fold2_room1_mix0423,96,4,0,-45,-1,20.19
fold2_room1_mix0423,97,4,0,178,0,30.18
fold2_room1_mix0423,97,4,0,161,-1,22.39
fold2_room1_mix0423,97,4,0,-42,-1,20.86
fold2_room1_mix0423,98,4,0,-179,0,28.63
fold2_room1_mix0423,98,4,0,161,-2,21.50
fold2_room1_mix0423,98,4,0,-43,-2,19.49
fold2_room1_mix0423,99,4,0,179,0,27.77
fold2_room1_mix0423,99,4,0,158,-1,22.70
fold2_room1_mix0423,99,4,0,-42,-1,19.65
fold2_room1_mix0424,3,4,0,-177,0,5.00
fold2_room1_mix0424,4,4,0,-178,0,13.50
fold2_room1_mix0424,5,4,0,-179,0,21.18
fold2_room1_mix0424,6,4,0,-178,0,25.95
fold2_room1_mix0424,7,4,0,-178,0,28.45
fold2_room1_mix0424,8,4,0,-177,0,40.55
fold2_room1_mix0424,9,4,0,-177,0,39.48
fold2_room1_mix0424,10,4,0,-178,0,38.98
fold2_room1_mix0424,11,4,0,-178,0,38.63
fold2_room1_mix0424,12,4,0,-177,0,38.72
fold2_room1_mix0424,13,4,0,-178,0,36.63
fold2_room1_mix0424,14,4,0,-179,0,37.76
fold2_room1_mix0424,15,4,0,-177,0,37.35
fold2_room1_mix0424,16,4,0,-178,0,35.28
fold2_room1_mix0424,17,4,0,-177,0,35.64
fold2_room1_mix0424,18,4,0,-178,0,35.15
fold2_room1_mix0424,19,4,0,-177,0,35.04
fold2_room1_mix0424,20,4,0,-179,0,36.60
fold2_room1_mix0424,21,2,0,58,-6,8.30
fold2_room1_mix0424,21,4,0,-177,0,32.65
fold2_room1_mix0424,22,2,0,79,-6,6.60
fold2_room1_mix0424,22,4,0,-177,0,31.92
fold2_room1_mix0424,23,2,0,69,-6,7.28
fold2_room1_mix0424,23,4,0,-176,0,29.16
fold2_room1_mix0424,24,2,0,79,-7,6.46
fold2_room1_mix0424,24,4,0,-174,0,30.18
fold2_room1_mix0424,25,4,0,-173,0,31.66
fold2_room1_mix0424,26,4,0,-175,0,30.45
fold2_room1_mix0424,27,4,0,-174,0,31.76
fold2_room1_mix0424,28,4,0,-173,0,29.79
fold2_room1_mix0424,29,4,0,-174,0,28.55
fold2_room1_mix0424,30,2,0,89,-6,7.76
fold2_room1_mix0424,30,4,0,-175,0,27.91
fold2_room1_mix0424,31,2,0,85,-6,7.94
fold2_room1_mix0424,31,4,0,-173,0,26.76
fold2_room1_mix0424,32,2,0,92,-6,7.30
fold2_room1_mix0424,32,4,0,-174,0,26.90
fold2_room1_mix0424,33,2,0,87,-7,6.52
fold2_room1_mix0424,33,4,0,-173,0,26.02
fold2_room1_mix0424,34,2,0,86,-7,7.37
fold2_room1_mix0424,34,4,0,-174,-1,24.60
fold2_room1_mix0424,35,4,0,-174,0,25.29
fold2_room1_mix0424,36,4,0,-175,-1,24.45
fold2_room1_mix0424,37,4,0,-173,-1,24.45
fold2_room1_mix0424,38,4,0,-174,-1,24.50
fold2_room1_mix0424,39,4,0,-174,-1,23.90
fold2_room1_mix0424,40,4,0,-174,-1,23.79
fold2_room1_mix0424,41,4,0,-173,-1,21.50
fold2_room1_mix0424,42,4,0,-173,-1,20.40
fold2_room1_mix0424,43,4,0,-171,-1,20.53
fold2_room1_mix0424,44,4,0,-170,-1,18.61
fold2_room1_mix0424,45,4,0,-170,-1,17.84
fold2_room1_mix0424,46,4,0,-170,-1,17.77
fold2_room1_mix0424,47,4,0,-169,-1,16.65
fold2_room1_mix0424,48,4,0,-169,-1,15.64
fold2_room1_mix0424,49,4,0,-168,-1,15.00
fold2_room1_mix0424,50,4,0,-168,-2,14.28
fold2_room1_mix0424,51,4,0,-167,-2,13.53
fold2_room1_mix0424,52,4,0,-166,-2,12.30
fold2_room1_mix0424,53,4,0,-165,-2,12.23
fold2_room1_mix0424,54,4,0,-164,-3,11.35
fold2_room1_mix0424,55,4,0,-163,-3,10.60
fold2_room1_mix0424,56,4,0,-161,-3,9.83
fold2_room1_mix0424,57,4,0,-160,-3,9.31
fold2_room1_mix0424,58,4,0,-158,-4,7.98
fold2_room1_mix0424,59,4,0,-157,-4,8.00
fold2_room1_mix0424,60,4,0,-153,-5,6.26
fold2_room1_mix0424,61,4,0,-151,-6,5.18
fold2_room1_mix0424,62,4,0,-148,-7,4.62
fold2_room1_mix0424,63,2,0,88,-7,2.89
fold2_room1_mix0424,63,4,0,-142,-8,4.05
fold2_room1_mix0424,64,4,0,-139,-9,3.62
fold2_room1_mix0424,65,2,0,92,-7,2.91
fold2_room1_mix0424,65,4,0,-130,-11,3.19
fold2_room1_mix0424,66,2,0,85,-7,4.07
fold2_room1_mix0424,66,4,0,-117,-13,3.00
fold2_room1_mix0424,67,2,0,85,-6,5.56
fold2_room1_mix0424,67,4,0,-95,-12,2.83
fold2_room1_mix0424,68,4,0,-78,-14,2.54
fold2_room1_mix0424,69,4,0,-63,-11,2.87
fold2_room1_mix0424,70,4,0,-52,-11,3.20
fold2_room1_mix0424,71,4,0,-41,-8,3.71
fold2_room1_mix0424,72,4,0,-36,-8,4.30
fold2_room1_mix0424,73,4,0,-31,-7,4.53
fold2_room1_mix0424,74,4,0,-25,-6,5.07
fold2_room1_mix0424,75,4,0,-23,-6,5.91
fold2_room1_mix0424,76,4,0,-19,-5,6.41
fold2_room1_mix0424,77,4,0,-18,-5,7.01
fold2_room1_mix0424,78,4,0,-16,-4,8.01
fold2_room1_mix0424,79,4,0,-15,-4,8.50
fold2_room1_mix0424,80,4,0,-13,-3,9.18
fold2_room1_mix0424,81,4,0,-12,-3,10.15
fold2_room1_mix0424,82,4,0,-11,-3,10.86
fold2_room1_mix0424,83,4,0,-11,-3,11.44
fold2_room1_mix0424,84,4,0,-11,-3,12.08
fold2_room1_mix0424,85,4,0,-10,-3,12.90
fold2_room1_mix0424,86,4,0,-9,-3,13.47
fold2_room1_mix0424,87,4,0,-9,-2,13.66
fold2_room1_mix0424,88,4,0,-7,-2,15.59
fold2_room1_mix0424,89,4,0,-7,-2,16.02
fold2_room1_mix0424,90,4,0,-7,-2,16.54
fold2_room1_mix0424,91,4,0,-6,-2,19.17
fold2_room1_mix0424,92,4,0,-6,-2,18.33
fold2_room1_mix0424,93,4,0,-6,-2,18.88
fold2_room1_mix0424,94,4,0,-5,-2,20.12
fold2_room1_mix0424,95,4,0,-5,-2,20.22
fold2_room1_mix0424,96,4,0,-5,-2,20.71
fold2_room1_mix0424,97,4,0,-5,-2,23.22
fold2_room1_mix0424,98,4,0,-4,-2,23.35
fold2_room1_mix0424,99,4,0,-4,-2,22.62
fold2_room1_mix0425,29,2,0,28,-3,10.21
fold2_room1_mix0425,30,2,0,29,-4,9.79
fold2_room1_mix0425,31,2,0,27,-4,8.97
fold2_room1_mix0425,32,2,0,30,-4,9.24
fold2_room1_mix0425,33,2,0,28,-4,10.06
fold2_room1_mix0425,38,2,0,32,-4,8.91
fold2_room1_mix0425,39,2,0,36,-4,10.23
fold2_room1_mix0425,40,2,0,40,-4,8.65
fold2_room1_mix0425,41,2,0,39,-5,8.78
fold2_room1_mix0425,42,2,0,42,-5,8.04
fold2_room1_mix0425,43,2,0,39,-5,8.77
fold2_room1_mix0425,48,2,0,40,-4,8.05
fold2_room1_mix0425,49,2,0,45,-5,7.97
fold2_room1_mix0425,50,2,0,45,-5,6.97
fold2_room1_mix0425,51,2,0,46,-6,6.81
fold2_room1_mix0425,52,2,0,51,-6,6.63
fold2_room1_mix0425,57,2,0,52,-5,7.50
fold2_room1_mix0425,58,2,0,60,-6,6.44
fold2_room1_mix0425,59,2,0,65,-7,5.81
fold2_room1_mix0425,60,2,0,72,-7,5.97
fold2_room1_mix0425,61,2,0,78,-8,5.57
fold2_room1_mix0425,62,2,0,81,-8,6.02
fold2_room1_mix0425,67,2,0,103,-5,6.58
fold2_room1_mix0425,68,2,0,103,-7,6.10
fold2_room1_mix0425,69,2,0,107,-7,6.12
fold2_room1_mix0425,70,2,0,106,-7,6.25
fold2_room1_mix0425,71,2,0,112,-8,5.80
fold2_room1_mix0425,72,2,0,112,-7,5.65
fold2_room1_mix0425,77,2,0,123,-5,6.77
fold2_room1_mix0425,78,2,0,125,-6,7.14
fold2_room1_mix0425,79,2,0,129,-6,7.07
fold2_room1_mix0425,80,2,0,131,-6,6.89
fold2_room1_mix0425,81,2,0,133,-6,7.14
fold2_room1_mix0426,23,2,0,137,-3,5.90
fold2_room1_mix0426,31,2,0,117,-3,8.91
fold2_room1_mix0426,32,2,0,109,-3,7.96
fold2_room1_mix0426,33,2,0,122,-3,8.35
fold2_room1_mix0426,34,2,0,114,-4,7.23
fold2_room1_mix0426,35,2,0,114,-4,4.81
fold2_room1_mix0426,41,2,0,109,-3,8.64
fold2_room1_mix0426,42,2,0,105,-3,10.09
fold2_room1_mix0426,43,2,0,104,-3,9.11
fold2_room1_mix0426,44,2,0,107,-4,9.08
fold2_room1_mix0426,45,2,0,101,-3,8.86
fold2_room1_mix0426,51,2,0,100,-4,8.24
fold2_room1_mix0426,52,2,0,97,-4,9.91
fold2_room1_mix0426,53,2,0,97,-4,10.03
fold2_room1_mix0426,54,2,0,98,-4,11.30
fold2_room1_mix0426,55,2,0,97,-3,12.54
fold2_room1_mix0426,55,4,0,-23,-2,6.71
fold2_room1_mix0426,56,4,0,-25,-2,8.79
fold2_room1_mix0426,57,4,0,-28,-3,11.24
fold2_room1_mix0426,58,4,0,-29,-4,11.45
fold2_room1_mix0426,59,4,0,-32,-3,11.71
fold2_room1_mix0426,60,4,0,-33,-3,12.77
fold2_room1_mix0426,61,2,0,88,-3,11.45
fold2_room1_mix0426,61,4,0,-40,-3,11.30
fold2_room1_mix0426,62,2,0,86,-3,12.74
fold2_room1_mix0426,62,4,0,-40,-3,10.74
fold2_room1_mix0426,63,2,0,83,-3,14.31
fold2_room1_mix0426,63,4,0,-42,-4,9.86
fold2_room1_mix0426,64,2,0,80,-3,13.73
fold2_room1_mix0426,64,4,0,-49,-4,8.96
fold2_room1_mix0426,65,4,0,-57,-5,7.68
fold2_room1_mix0426,66,4,0,-62,-5,7.38
fold2_room1_mix0426,67,4,0,-70,-6,6.77
fold2_room1_mix0426,68,4,0,-80,-6,6.81
fold2_room1_mix0426,69,4,0,-88,-6,6.96
fold2_room1_mix0426,70,4,0,-95,-7,6.68
fold2_room1_mix0426,71,4,0,-105,-6,6.80
fold2_room1_mix0426,72,4,0,-111,-6,7.47
fold2_room1_mix0426,73,4,0,-119,-6,7.33
fold2_room1_mix0426,74,4,0,-125,-5,8.03
fold2_room1_mix0426,75,4,0,-130,-4,8.91
fold2_room1_mix0426,76,4,0,-135,-4,8.89
fold2_room1_mix0426,77,4,0,-143,-3,9.90
fold2_room1_mix0426,78,4,0,-144,-3,10.73
fold2_room1_mix0426,79,4,0,-145,-3,11.54
fold2_room1_mix0426,80,4,0,-147,-2,11.58
fold2_room1_mix0426,81,4,0,-148,-2,12.99
fold2_room1_mix0426,82,4,0,-150,-2,13.39
fold2_room1_mix0426,83,4,0,-149,0,3.28
fold2_room1_mix0427,39,2,0,81,-5,4.20
fold2_room1_mix0427,40,2,0,82,-4,9.76
fold2_room1_mix0427,41,2,0,82,-4,9.20
fold2_room1_mix0427,42,2,0,84,-4,9.76
fold2_room1_mix0427,43,2,0,85,-3,11.41
fold2_room1_mix0427,44,2,0,89,-4,11.08
fold2_room1_mix0427,47,2,0,-104,-2,6.02
fold2_room1_mix0427,48,2,0,-97,-5,5.87
fold2_room1_mix0427,49,2,0,-97,-4,6.06
fold2_room1_mix0427,52,2,0,89,-4,11.77
fold2_room1_mix0427,53,2,0,90,-3,15.65
fold2_room1_mix0427,56,2,0,-80,-3,6.20
fold2_room1_mix0427,57,2,0,-75,-5,6.23
fold2_room1_mix0427,58,2,0,-74,-4,6.18
fold2_room1_mix0427,61,2,0,80,-5,8.55
fold2_room1_mix0427,61,2,0,-77,-5,7.93
fold2_room1_mix0427,62,2,0,96,-5,11.62
fold2_room1_mix0427,63,2,0,101,-4,12.82
fold2_room1_mix0427,66,2,0,-57,-3,7.58
fold2_room1_mix0427,67,2,0,-53,-4,6.31
fold2_room1_mix0427,68,2,0,-53,-4,6.70
fold2_room1_mix0427,69,2,0,-49,-5,7.42
fold2_room1_mix0427,70,2,0,-28,-8,7.89
fold2_room1_mix0427,70,2,0,-6,-9,8.04
fold2_room1_mix0427,70,2,0,-58,-5,7.62
fold2_room1_mix0427,71,2,0,95,-6,10.42
fold2_room1_mix0427,72,2,0,104,-5,10.17
fold2_room1_mix0427,73,2,0,108,-5,10.89
fold2_room1_mix0427,75,2,0,-53,-3,8.79
fold2_room1_mix0427,76,2,0,-45,-3,9.23
fold2_room1_mix0427,77,2,0,-45,-3,8.21
fold2_room1_mix0427,78,2,0,-44,-4,8.22
fold2_room1_mix0427,79,2,0,-28,-6,8.49
fold2_room1_mix0427,79,2,0,-12,-7,8.61
fold2_room1_mix0427,79,2,0,-53,-4,8.26
fold2_room1_mix0427,80,2,0,70,-5,9.07
fold2_room1_mix0427,80,2,0,-63,-5,8.80
fold2_room1_mix0427,81,2,0,114,-5,11.58
fold2_room1_mix0427,82,2,0,121,-4,9.86
fold2_room1_mix0427,83,2,0,111,-4,10.31
fold2_room1_mix0427,85,2,0,-46,-3,10.25
fold2_room1_mix0427,86,2,0,-43,-3,9.59
fold2_room1_mix0427,87,2,0,-40,-3,10.47
fold2_room1_mix0427,88,2,0,-36,-4,10.36
fold2_room1_mix0427,89,2,0,-39,-3,10.98
fold2_room1_mix0427,90,2,0,106,-5,10.88
fold2_room1_mix0427,91,2,0,132,-4,9.35
fold2_room1_mix0427,94,2,0,-40,-3,9.68
fold2_room1_mix0427,95,2,0,-41,-3,10.83
fold2_room1_mix0427,60,2,0,73,-6,7.09
fold2_room1_mix0427,60,2,0,-80,-5,6.39
fold2_room1_mix0427,50,2,0,-92,-3,6.53
fold2_room1_mix0427,51,2,0,-93,-4,6.04
fold2_room1_mix0427,59,2,0,-76,-4,6.14
fold2_room1_mix0428,34,4,0,175,0,1.87
fold2_room1_mix0428,36,4,0,173,0,2.65
fold2_room1_mix0428,38,4,0,173,0,8.44
fold2_room1_mix0428,39,4,0,174,0,15.35
fold2_room1_mix0428,40,4,0,173,0,20.50
fold2_room1_mix0428,41,4,0,173,0,34.49
fold2_room1_mix0428,42,4,0,173,0,34.76
fold2_room1_mix0428,43,4,0,174,0,35.62
fold2_room1_mix0428,44,4,0,175,0,41.05
fold2_room1_mix0428,45,4,0,176,0,42.66
fold2_room1_mix0428,46,4,0,176,0,44.28
fold2_room1_mix0428,47,4,0,176,0,43.10
fold2_room1_mix0428,48,4,0,177,0,43.45
fold2_room1_mix0428,49,4,0,177,0,42.98
fold2_room1_mix0428,50,4,0,176,0,40.47
fold2_room1_mix0428,51,4,0,-178,0,40.87
fold2_room1_mix0428,52,4,0,-174,0,36.08
fold2_room1_mix0428,53,4,0,179,0,36.29
fold2_room1_mix0428,54,4,0,177,0,34.28
fold2_room1_mix0428,55,4,0,-179,0,33.80
fold2_room1_mix0428,56,3,0,-82,-4,10.67
fold2_room1_mix0428,56,4,0,172,0,28.10
fold2_room1_mix0428,57,3,0,-88,-5,10.96
fold2_room1_mix0428,57,4,0,171,0,25.37
fold2_room1_mix0428,58,3,0,-84,-4,10.39
fold2_room1_mix0428,58,4,0,170,0,27.38
fold2_room1_mix0428,59,3,0,-90,-4,11.75
fold2_room1_mix0428,59,4,0,170,-1,28.66
fold2_room1_mix0428,60,3,0,-87,-4,12.22
fold2_room1_mix0428,60,4,0,168,0,27.47
fold2_room1_mix0428,61,3,0,-90,-4,12.86
fold2_room1_mix0428,61,4,0,168,-1,28.10
fold2_room1_mix0428,62,3,0,-89,-4,13.11
fold2_room1_mix0428,62,4,0,165,0,26.30
fold2_room1_mix0428,63,3,0,-89,-4,13.80
fold2_room1_mix0428,63,4,0,164,-1,22.69
fold2_room1_mix0428,64,3,0,-88,-3,13.20
fold2_room1_mix0428,64,4,0,165,0,21.58
fold2_room1_mix0428,65,3,0,-85,-3,9.75
fold2_room1_mix0428,65,4,0,167,-1,19.02
fold2_room1_mix0428,66,3,0,-86,-3,3.97
fold2_room1_mix0428,66,4,0,169,-1,18.26
fold2_room1_mix0428,67,4,0,171,-1,17.90
fold2_room1_mix0428,68,4,0,172,-2,15.34
fold2_room1_mix0428,69,4,0,171,-2,14.15
fold2_room1_mix0428,70,3,0,-94,-4,11.69
fold2_room1_mix0428,70,4,0,165,-2,13.13
fold2_room1_mix0428,71,3,0,-96,-4,14.68
fold2_room1_mix0428,71,4,0,166,-2,11.69
fold2_room1_mix0428,72,3,0,-102,-4,16.32
fold2_room1_mix0428,72,4,0,164,-3,11.45
fold2_room1_mix0428,73,3,0,-95,-4,14.15
fold2_room1_mix0428,73,4,0,160,-4,10.78
fold2_room1_mix0428,74,3,0,-99,-4,14.48
fold2_room1_mix0428,74,4,0,159,-4,10.56
fold2_room1_mix0428,75,3,0,-101,-3,15.46
fold2_room1_mix0428,75,4,0,157,-5,9.51
fold2_room1_mix0428,76,3,0,-101,-3,15.32
fold2_room1_mix0428,76,4,0,155,-7,7.02
fold2_room1_mix0428,77,3,0,-105,-3,14.50
fold2_room1_mix0428,77,4,0,148,-10,5.86
fold2_room1_mix0428,78,3,0,-101,-3,11.29
fold2_room1_mix0428,78,4,0,121,-19,3.62
fold2_room1_mix0428,79,4,0,68,-21,2.72
fold2_room1_mix0428,80,4,0,34,-13,3.10
fold2_room1_mix0428,81,4,0,25,-10,3.73
fold2_room1_mix0428,82,4,0,17,-7,4.73
fold2_room1_mix0428,83,4,0,16,-6,5.82
fold2_room1_mix0428,84,3,0,-106,-4,11.59
fold2_room1_mix0428,84,4,0,14,-4,6.52
fold2_room1_mix0428,85,4,0,10,-4,7.23
fold2_room1_mix0428,86,4,0,8,-3,9.79
fold2_room1_mix0428,87,4,0,8,-3,10.98
fold2_room1_mix0428,88,4,0,9,-2,10.77
fold2_room1_mix0428,89,4,0,8,-2,12.74
fold2_room1_mix0428,90,4,0,5,-2,13.66
fold2_room1_mix0428,91,4,0,6,-2,15.25
fold2_room1_mix0428,92,4,0,6,-2,15.71
fold2_room1_mix0428,93,4,0,6,-2,17.61
fold2_room1_mix0428,94,4,0,5,-1,20.21
fold2_room1_mix0428,95,4,0,6,-1,21.09
fold2_room1_mix0428,96,4,0,6,-1,21.45
fold2_room1_mix0428,97,4,0,5,-1,22.54
fold2_room1_mix0428,98,4,0,5,-1,23.19
fold2_room1_mix0428,99,4,0,4,-1,25.06
fold2_room1_mix0429,1,4,0,177,2,1.22
fold2_room1_mix0429,2,4,0,176,0,4.06
fold2_room1_mix0429,3,4,0,176,0,5.62
fold2_room1_mix0429,4,4,0,173,0,11.56
fold2_room1_mix0429,5,4,0,172,0,14.22
fold2_room1_mix0429,6,4,0,174,0,15.25
fold2_room1_mix0429,7,4,0,173,-1,19.53
fold2_room1_mix0429,8,4,0,172,-1,19.23
fold2_room1_mix0429,9,4,0,173,-1,18.07
fold2_room1_mix0429,10,4,0,172,-1,17.77
fold2_room1_mix0429,11,4,0,170,-1,17.28
fold2_room1_mix0429,12,4,0,169,-1,17.49
fold2_room1_mix0429,13,4,0,172,-1,16.97
fold2_room1_mix0429,14,4,0,171,-1,16.94
fold2_room1_mix0429,15,4,0,172,-1,16.96
fold2_room1_mix0429,16,4,0,172,-2,15.71
fold2_room1_mix0429,17,4,0,172,-2,15.13
fold2_room1_mix0429,18,4,0,171,-2,14.07
fold2_room1_mix0429,19,4,0,172,-2,14.31
fold2_room1_mix0429,20,4,0,172,-2,15.17
fold2_room1_mix0429,21,4,0,169,-2,13.98
fold2_room1_mix0429,22,4,0,171,-2,14.90
fold2_room1_mix0429,23,4,0,169,-2,14.16
fold2_room1_mix0429,24,4,0,170,-3,12.74
fold2_room1_mix0429,25,4,0,171,-2,13.34
fold2_room1_mix0429,26,4,0,168,-2,13.08
fold2_room1_mix0429,27,4,0,169,-3,12.08
fold2_room1_mix0429,28,4,0,168,-3,11.82
fold2_room1_mix0429,29,4,0,167,-2,12.15
fold2_room1_mix0429,30,4,0,168,-3,11.75
fold2_room1_mix0429,31,4,0,168,-2,11.63
fold2_room1_mix0429,32,4,0,170,-3,11.59
fold2_room1_mix0429,33,4,0,167,-3,11.49
fold2_room1_mix0429,34,4,0,166,-3,10.87
fold2_room1_mix0429,35,4,0,166,-3,10.90
fold2_room1_mix0429,36,4,0,165,-3,10.43
fold2_room1_mix0429,37,4,0,165,-3,9.95
fold2_room1_mix0429,38,4,0,165,-3,10.19
fold2_room1_mix0429,39,4,0,164,-3,9.86
fold2_room1_mix0429,40,4,0,164,-3,9.45
fold2_room1_mix0429,41,4,0,163,-4,9.15
fold2_room1_mix0429,42,4,0,163,-4,8.60
fold2_room1_mix0429,43,4,0,162,-4,8.42
fold2_room1_mix0429,44,4,0,163,-4,8.39
fold2_room1_mix0429,45,4,0,161,-4,8.11
fold2_room1_mix0429,46,4,0,161,-4,7.71
fold2_room1_mix0429,47,4,0,160,-4,7.54
fold2_room1_mix0429,48,4,0,158,-5,7.24
fold2_room1_mix0429,49,4,0,158,-5,7.10
fold2_room1_mix0429,50,4,0,157,-5,6.78
fold2_room1_mix0429,51,4,0,156,-5,6.70
fold2_room1_mix0429,52,4,0,155,-5,6.26
fold2_room1_mix0429,53,4,0,153,-5,6.49
fold2_room1_mix0429,54,4,0,153,-5,6.63
fold2_room1_mix0429,55,4,0,153,-6,6.36
fold2_room1_mix0429,56,4,0,151,-6,5.29
fold2_room1_mix0429,57,4,0,152,-7,4.87
fold2_room1_mix0429,58,4,0,148,-7,5.25
fold2_room1_mix0429,59,4,0,145,-8,5.29
fold2_room1_mix0429,60,4,0,141,-8,5.23
fold2_room1_mix0429,61,4,0,142,-8,4.35
fold2_room1_mix0429,62,4,0,134,-9,4.72
fold2_room1_mix0429,63,4,0,131,-9,3.70
fold2_room1_mix0429,63,4,0,59,-8,9.61
fold2_room1_mix0429,64,4,0,124,-9,3.36
fold2_room1_mix0429,64,4,0,105,-8,6.55
fold2_room1_mix0429,65,4,0,122,-9,3.32
fold2_room1_mix0429,65,4,0,19,-2,14.49
fold2_room1_mix0429,66,4,0,113,-9,3.05
fold2_room1_mix0429,66,4,0,27,-2,11.34
fold2_room1_mix0429,67,4,0,105,-9,3.10
fold2_room1_mix0429,67,4,0,42,-3,11.38
fold2_room1_mix0429,68,4,0,98,-9,3.00
fold2_room1_mix0429,68,4,0,52,-4,8.85
fold2_room1_mix0429,69,4,0,86,-10,3.14
fold2_room1_mix0429,69,4,0,38,-4,9.89
fold2_room1_mix0429,70,4,0,80,-9,3.22
fold2_room1_mix0429,70,4,0,49,-5,7.55
fold2_room1_mix0429,71,4,0,75,-8,3.21
fold2_room1_mix0429,71,4,0,36,-2,9.68
fold2_room1_mix0429,72,4,0,69,-8,3.30
fold2_room1_mix0429,72,4,0,36,-5,6.58
fold2_room1_mix0429,73,4,0,64,-7,3.16
fold2_room1_mix0429,73,4,0,20,-1,9.93
fold2_room1_mix0429,74,4,0,59,-6,3.41
fold2_room1_mix0429,74,4,0,25,-3,7.78
fold2_room1_mix0429,75,4,0,50,-6,3.23
fold2_room1_mix0429,75,4,0,21,-2,8.41
fold2_room1_mix0429,76,4,0,48,-6,3.65
fold2_room1_mix0429,76,4,0,17,-3,7.73
fold2_room1_mix0429,77,4,0,42,-5,3.97
fold2_room1_mix0429,77,4,0,15,-2,8.51
fold2_room1_mix0429,78,4,0,41,-5,4.03
fold2_room1_mix0429,78,4,0,17,-2,7.97
fold2_room1_mix0429,79,4,0,39,-5,4.14
fold2_room1_mix0429,79,4,0,18,-2,8.31
fold2_room1_mix0429,80,4,0,37,-5,4.23
fold2_room1_mix0429,80,4,0,17,-3,7.47
fold2_room1_mix0429,81,4,0,29,-5,5.42
fold2_room1_mix0429,82,4,0,32,-5,4.89
fold2_room1_mix0429,83,4,0,80,-12,2.46
fold2_room1_mix0429,83,4,0,18,-3,6.86
fold2_room1_mix0429,84,4,0,102,-11,2.40
fold2_room1_mix0429,84,4,0,19,-2,6.76
fold2_room1_mix0429,85,4,0,122,-8,3.14
fold2_room1_mix0429,85,4,0,19,-3,6.36
fold2_room1_mix0429,86,4,0,137,-7,3.01
fold2_room1_mix0429,86,4,0,21,-3,6.34
fold2_room1_mix0429,87,4,0,146,-7,3.20
fold2_room1_mix0429,87,4,0,19,-3,7.21
fold2_room1_mix0429,88,4,0,149,-6,4.36
fold2_room1_mix0429,88,4,0,19,-4,6.74
fold2_room1_mix0429,89,4,0,157,-5,4.57
fold2_room1_mix0429,89,4,0,19,-4,7.13
fold2_room1_mix0429,90,4,0,160,-5,5.11
fold2_room1_mix0429,90,4,0,20,-4,7.07
fold2_room1_mix0429,91,4,0,162,-4,5.81
fold2_room1_mix0429,91,4,0,21,-4,6.80
fold2_room1_mix0429,92,4,0,164,-3,6.44
fold2_room1_mix0429,92,4,0,18,-4,7.17
fold2_room1_mix0429,93,4,0,160,-3,7.45
fold2_room1_mix0429,93,4,0,18,-3,7.69
fold2_room1_mix0429,94,4,0,160,-3,8.31
fold2_room1_mix0429,94,4,0,18,-3,7.76
fold2_room1_mix0429,95,4,0,154,-3,8.44
fold2_room1_mix0429,95,4,0,15,-3,8.26
fold2_room1_mix0429,96,4,0,156,-4,8.67
fold2_room1_mix0429,96,4,0,15,-3,8.73
fold2_room1_mix0429,97,4,0,164,-2,9.84
fold2_room1_mix0429,97,4,0,16,-3,9.00
fold2_room1_mix0429,98,4,0,164,-3,9.29
fold2_room1_mix0429,98,4,0,12,-3,8.62
fold2_room1_mix0429,99,4,0,150,-4,9.46
fold2_room1_mix0429,99,4,0,14,-2,9.16
fold2_room1_mix0430,37,4,0,-178,-1,9.72
fold2_room1_mix0430,38,4,0,178,-1,11.68
fold2_room1_mix0430,39,4,0,-176,-1,10.04
fold2_room1_mix0430,40,4,0,-176,-2,14.13
fold2_room1_mix0430,41,4,0,-177,-2,13.38
fold2_room1_mix0430,42,4,0,-175,-2,13.52
fold2_room1_mix0430,43,4,0,-174,-2,12.68
fold2_room1_mix0430,44,4,0,-173,-2,12.33
fold2_room1_mix0430,45,4,0,-175,-3,11.47
fold2_room1_mix0430,46,4,0,-174,-3,11.00
fold2_room1_mix0430,47,4,0,-173,-3,10.27
fold2_room1_mix0430,48,4,0,-172,-3,9.51
fold2_room1_mix0430,49,4,0,-171,-3,9.21
fold2_room1_mix0430,50,4,0,-169,-4,8.48
fold2_room1_mix0430,51,4,0,-169,-4,7.55
fold2_room1_mix0430,52,4,0,-166,-4,7.16
fold2_room1_mix0430,53,4,0,-165,-4,6.81
fold2_room1_mix0430,54,4,0,-164,-6,5.31
fold2_room1_mix0430,55,4,0,-161,-6,4.85
fold2_room1_mix0430,56,4,0,-160,-7,4.13
fold2_room1_mix0430,57,4,0,-155,-9,3.38
fold2_room1_mix0430,58,4,0,-151,-12,2.93
fold2_room1_mix0430,59,4,0,-146,-14,2.48
fold2_room1_mix0430,60,4,0,-135,-19,1.87
fold2_room1_mix0430,61,4,0,-114,-24,1.59
fold2_room1_mix0430,62,4,0,-85,-23,1.44
fold2_room1_mix0430,63,4,0,-55,-19,1.81
fold2_room1_mix0430,64,4,0,-38,-14,2.17
fold2_room1_mix0430,65,4,0,-28,-11,3.06
fold2_room1_mix0430,66,4,0,-25,-9,3.69
fold2_room1_mix0430,67,4,0,-19,-7,4.08
fold2_room1_mix0430,68,4,0,-15,-7,4.69
fold2_room1_mix0430,69,4,0,-13,-6,5.30
fold2_room1_mix0430,70,4,0,-11,-5,6.15
fold2_room1_mix0430,71,4,0,-9,-5,6.66
fold2_room1_mix0430,72,4,0,-8,-4,7.67
fold2_room1_mix0430,73,4,0,-7,-4,8.34
fold2_room1_mix0430,74,4,0,-7,-4,8.81
fold2_room1_mix0430,75,4,0,-5,-3,10.00
fold2_room1_mix0430,76,4,0,-5,-3,10.03
fold2_room1_mix0430,77,4,0,-5,-3,10.99
fold2_room1_mix0430,78,4,0,-4,-3,11.77
fold2_room1_mix0430,79,4,0,-3,-3,12.75
fold2_room1_mix0430,80,4,0,-3,-3,13.10
fold2_room1_mix0430,81,4,0,-4,-3,13.34
fold2_room1_mix0430,82,4,0,-4,-3,13.75
fold2_room1_mix0430,83,4,0,-5,-3,10.31
fold2_room1_mix0430,84,4,0,-5,-2,8.23
fold2_room1_mix0430,85,4,0,-5,-2,7.66
fold2_room1_mix0430,86,4,0,-4,-2,5.07
fold2_room1_mix0431,45,4,0,175,0,2.47
fold2_room1_mix0431,46,4,0,169,-1,9.94
fold2_room1_mix0431,47,4,0,170,-1,10.60
fold2_room1_mix0431,48,4,0,169,-1,14.29
fold2_room1_mix0431,49,4,0,167,-1,15.94
fold2_room1_mix0431,50,4,0,167,-1,15.95
fold2_room1_mix0431,51,4,0,171,-1,15.11
fold2_room1_mix0431,52,4,0,169,-2,14.75
fold2_room1_mix0431,53,4,0,171,-2,14.61
fold2_room1_mix0431,54,4,0,171,-2,13.44
fold2_room1_mix0431,55,4,0,169,-2,12.46
fold2_room1_mix0431,56,4,0,167,-3,12.08
fold2_room1_mix0431,57,4,0,169,-3,11.22
fold2_room1_mix0431,58,4,0,165,-3,9.95
fold2_room1_mix0431,59,4,0,163,-3,9.44
fold2_room1_mix0431,60,4,0,162,-3,9.04
fold2_room1_mix0431,61,4,0,158,-4,8.09
fold2_room1_mix0431,62,4,0,158,-4,7.38
fold2_room1_mix0431,63,4,0,154,-4,6.71
fold2_room1_mix0431,64,4,0,151,-5,5.68
fold2_room1_mix0431,65,4,0,147,-5,4.95
fold2_room1_mix0431,66,4,0,144,-7,4.38
fold2_room1_mix0431,67,4,0,136,-8,3.75
fold2_room1_mix0431,68,4,0,125,-8,3.44
fold2_room1_mix0431,69,4,0,106,-10,2.93
fold2_room1_mix0431,70,4,0,95,-10,3.11
fold2_room1_mix0431,71,4,0,77,-9,3.12
fold2_room1_mix0431,72,4,0,57,-8,3.30
fold2_room1_mix0431,73,4,0,47,-6,3.79
fold2_room1_mix0431,74,4,0,38,-6,3.96
fold2_room1_mix0431,75,4,0,31,-4,5.10
fold2_room1_mix0431,76,4,0,30,-4,5.66
fold2_room1_mix0431,77,4,0,27,-3,6.16
fold2_room1_mix0431,78,4,0,23,-3,7.16
fold2_room1_mix0431,79,4,0,23,-3,8.48
fold2_room1_mix0431,80,4,0,21,-3,9.11
fold2_room1_mix0431,81,4,0,19,-2,9.98
fold2_room1_mix0431,82,4,0,18,-2,10.44
fold2_room1_mix0431,83,4,0,16,-2,11.16
fold2_room1_mix0431,84,4,0,16,-2,12.23
fold2_room1_mix0431,85,4,0,15,-2,12.84
fold2_room1_mix0431,86,4,0,15,-2,13.58
fold2_room1_mix0431,87,4,0,13,-2,14.38
fold2_room1_mix0431,88,4,0,13,-1,14.47
fold2_room1_mix0431,89,4,0,11,-2,14.91
fold2_room1_mix0431,90,4,0,11,-2,15.19
fold2_room1_mix0431,91,4,0,12,-1,16.68
fold2_room1_mix0431,92,4,0,11,-1,12.91
fold2_room1_mix0431,93,4,0,11,-1,10.44
fold2_room1_mix0431,94,4,0,10,0,5.08
fold2_room1_mix0432,12,4,0,175,0,5.86
fold2_room1_mix0432,13,4,0,177,0,21.05
fold2_room1_mix0432,14,4,0,177,0,22.32
fold2_room1_mix0432,16,4,0,178,-1,27.17
fold2_room1_mix0432,17,4,0,177,0,35.12
fold2_room1_mix0432,18,4,0,179,0,32.26
fold2_room1_mix0432,19,4,0,179,0,36.28
fold2_room1_mix0432,20,4,0,178,0,39.00
fold2_room1_mix0432,21,4,0,176,0,41.26
fold2_room1_mix0432,22,4,0,177,0,38.32
fold2_room1_mix0432,23,4,0,179,0,40.00
fold2_room1_mix0432,24,4,0,178,0,41.01
fold2_room1_mix0432,25,4,0,179,0,38.79
fold2_room1_mix0432,26,4,0,179,0,39.17
fold2_room1_mix0432,27,4,0,179,0,39.36
fold2_room1_mix0432,28,4,0,-179,0,39.59
fold2_room1_mix0432,29,4,0,-178,0,37.11
fold2_room1_mix0432,30,4,0,-176,0,33.69
fold2_room1_mix0432,31,4,0,-176,0,35.26
fold2_room1_mix0432,32,4,0,-177,0,33.29
fold2_room1_mix0432,33,4,0,-176,0,32.91
fold2_room1_mix0432,34,4,0,-177,0,31.94
fold2_room1_mix0432,35,4,0,-177,0,32.79
fold2_room1_mix0432,36,4,0,-176,0,31.34
fold2_room1_mix0432,37,4,0,-176,0,30.14
fold2_room1_mix0432,38,4,0,-177,0,29.40
fold2_room1_mix0432,39,4,0,-179,0,29.59
fold2_room1_mix0432,40,4,0,-175,0,27.04
fold2_room1_mix0432,41,4,0,-178,0,26.21
fold2_room1_mix0432,42,4,0,-178,0,24.41
fold2_room1_mix0432,43,4,0,-177,0,24.80
fold2_room1_mix0432,44,4,0,-177,0,23.17
fold2_room1_mix0432,45,4,0,-177,0,23.16
fold2_room1_mix0432,46,4,0,-177,-1,21.16
fold2_room1_mix0432,47,4,0,-176,0,20.95
fold2_room1_mix0432,48,4,0,-175,-1,19.59
fold2_room1_mix0432,49,4,0,-176,-1,18.89
fold2_room1_mix0432,50,4,0,-176,-1,18.11
fold2_room1_mix0432,51,4,0,-176,-1,16.70
fold2_room1_mix0432,52,4,0,-175,-1,15.71
fold2_room1_mix0432,53,4,0,-176,-1,15.45
fold2_room1_mix0432,54,4,0,-176,-1,14.46
fold2_room1_mix0432,55,4,0,-174,-2,12.73
fold2_room1_mix0432,56,4,0,-174,-2,12.13
fold2_room1_mix0432,57,4,0,-175,-2,11.50
fold2_room1_mix0432,58,4,0,-174,-3,10.64
fold2_room1_mix0432,59,4,0,-172,-3,9.20
fold2_room1_mix0432,60,4,0,-172,-3,8.71
fold2_room1_mix0432,61,4,0,-170,-4,7.72
fold2_room1_mix0432,62,4,0,-168,-5,6.47
fold2_room1_mix0432,63,4,0,-166,-7,5.44
fold2_room1_mix0432,64,4,0,-164,-9,4.41
fold2_room1_mix0432,65,4,0,-159,-12,3.41
fold2_room1_mix0432,66,4,0,-154,-16,2.88
fold2_room1_mix0432,67,4,0,-140,-25,1.93
fold2_room1_mix0432,68,4,0,-104,-35,1.45
fold2_room1_mix0432,69,4,0,-53,-31,1.34
fold2_room1_mix0432,70,4,0,-33,-19,1.97
fold2_room1_mix0432,71,4,0,-24,-16,2.67
fold2_room1_mix0432,72,4,0,-19,-11,3.70
fold2_room1_mix0432,73,4,0,-14,-10,4.33
fold2_room1_mix0432,74,4,0,-12,-8,4.81
fold2_room1_mix0432,75,4,0,-8,-6,6.40
fold2_room1_mix0432,76,4,0,-6,-6,6.83
fold2_room1_mix0432,77,4,0,-5,-5,7.76
fold2_room1_mix0432,78,4,0,-4,-4,8.85
fold2_room1_mix0432,79,4,0,-4,-4,9.80
fold2_room1_mix0432,80,4,0,-3,-4,10.43
fold2_room1_mix0432,81,4,0,-3,-3,11.21
fold2_room1_mix0432,82,4,0,-3,-3,11.89
fold2_room1_mix0432,83,4,0,-2,-3,13.20
fold2_room1_mix0432,84,4,0,-2,-3,13.63
fold2_room1_mix0432,85,4,0,-1,-3,14.82
fold2_room1_mix0432,86,4,0,-1,-2,15.87
fold2_room1_mix0432,87,4,0,0,-2,16.61
fold2_room1_mix0432,88,4,0,-1,-2,18.69
fold2_room1_mix0432,89,4,0,0,-2,19.12
fold2_room1_mix0432,90,4,0,0,-2,19.80
fold2_room1_mix0432,91,4,0,0,-2,21.95
fold2_room1_mix0432,92,4,0,1,-2,22.39
fold2_room1_mix0432,93,4,0,0,-2,22.85
fold2_room1_mix0432,94,4,0,0,-2,23.53
fold2_room1_mix0432,95,4,0,1,-2,26.17
fold2_room1_mix0432,96,4,0,0,-2,24.78
fold2_room1_mix0432,97,4,0,0,-2,26.22
fold2_room1_mix0432,98,4,0,0,-2,27.71
fold2_room1_mix0432,99,4,0,0,-1,30.57
fold2_room1_mix0433,12,4,0,0,0,16.90
fold2_room1_mix0433,16,4,0,-4,0,14.36
fold2_room1_mix0433,20,4,0,-3,0,27.48
fold2_room1_mix0433,21,4,0,-7,0,29.51
fold2_room1_mix0433,22,4,0,0,0,17.24
fold2_room1_mix0433,30,4,0,-3,0,36.82
fold2_room1_mix0433,31,4,0,-1,0,24.20
fold2_room1_mix0433,32,4,0,-4,0,39.47
fold2_room1_mix0433,33,4,0,-5,0,19.08
fold2_room1_mix0433,34,4,0,-4,0,15.72
fold2_room1_mix0433,35,4,0,-2,0,35.34
fold2_room1_mix0433,36,4,0,0,1,18.79
fold2_room1_mix0433,37,4,0,0,0,35.95
fold2_room1_mix0433,38,4,0,-2,1,30.88
fold2_room1_mix0433,39,4,0,0,1,24.29
fold2_room1_mix0433,40,4,0,-1,0,39.81
fold2_room1_mix0433,41,4,0,-2,0,40.26
fold2_room1_mix0433,42,4,0,-2,0,38.58
fold2_room1_mix0433,43,4,0,-1,0,38.56
fold2_room1_mix0433,44,4,0,0,0,39.25
fold2_room1_mix0433,45,4,0,0,0,37.83
fold2_room1_mix0433,46,4,0,1,0,38.54
fold2_room1_mix0433,47,4,0,1,0,39.15
fold2_room1_mix0433,48,4,0,0,0,36.42
fold2_room1_mix0433,49,4,0,0,0,34.15
fold2_room1_mix0433,50,4,0,0,0,33.14
fold2_room1_mix0433,51,4,0,0,0,31.63
fold2_room1_mix0433,52,4,0,-1,0,30.58
fold2_room1_mix0433,53,4,0,0,0,29.96
fold2_room1_mix0433,54,4,0,-2,0,29.45
fold2_room1_mix0433,55,4,0,0,0,28.30
fold2_room1_mix0433,56,4,0,-3,0,26.79
fold2_room1_mix0433,57,4,0,-2,0,26.58
fold2_room1_mix0433,58,4,0,-3,0,25.13
fold2_room1_mix0433,59,4,0,-1,-1,24.25
fold2_room1_mix0433,60,4,0,-2,-1,24.88
fold2_room1_mix0433,61,4,0,0,-1,23.81
fold2_room1_mix0433,62,4,0,-1,-1,22.25
fold2_room1_mix0433,63,4,0,0,-1,22.44
fold2_room1_mix0433,64,4,0,-3,-1,21.20
fold2_room1_mix0433,65,4,0,-3,-1,19.51
fold2_room1_mix0433,66,4,0,-4,-1,18.59
fold2_room1_mix0433,67,4,0,-4,-1,17.65
fold2_room1_mix0433,68,4,0,-4,-1,17.13
fold2_room1_mix0433,69,4,0,-6,-1,16.10
fold2_room1_mix0433,70,4,0,-5,-1,16.40
fold2_room1_mix0433,71,4,0,-6,-1,15.17
fold2_room1_mix0433,72,4,0,-8,-2,14.22
fold2_room1_mix0433,73,4,0,-9,-2,13.84
fold2_room1_mix0433,74,4,0,-9,-2,12.37
fold2_room1_mix0433,75,4,0,-11,-3,11.30
fold2_room1_mix0433,76,4,0,-12,-2,11.50
fold2_room1_mix0433,77,4,0,-14,-3,10.07
fold2_room1_mix0433,78,4,0,-16,-3,8.86
fold2_room1_mix0433,79,4,0,-18,-4,8.73
fold2_room1_mix0433,80,4,0,-21,-4,7.31
fold2_room1_mix0433,81,4,0,-23,-4,6.36
fold2_room1_mix0433,82,4,0,-25,-5,5.51
fold2_room1_mix0433,83,4,0,-30,-6,4.52
fold2_room1_mix0433,84,4,0,-34,-7,4.01
fold2_room1_mix0433,85,4,0,-44,-9,3.26
fold2_room1_mix0433,86,4,0,-52,-11,2.99
fold2_room1_mix0433,87,4,0,-68,-13,2.86
fold2_room1_mix0433,88,4,0,-88,-14,2.85
fold2_room1_mix0433,89,4,0,-108,-13,2.88
fold2_room1_mix0433,90,4,0,-124,-11,3.02
fold2_room1_mix0433,91,4,0,-137,-8,3.92
fold2_room1_mix0433,92,4,0,-145,-8,4.36
fold2_room1_mix0433,93,4,0,-150,-7,4.88
fold2_room1_mix0433,94,4,0,-152,-6,5.62
fold2_room1_mix0433,95,4,0,-155,-5,6.52
fold2_room1_mix0433,96,4,0,-158,-4,7.25
fold2_room1_mix0433,97,4,0,-161,-4,8.17
fold2_room1_mix0433,98,4,0,-161,-3,9.27
fold2_room1_mix0433,99,4,0,-162,-3,9.54
fold2_room1_mix0434,5,4,0,179,0,5.90
fold2_room1_mix0434,6,4,0,-176,-1,19.26
fold2_room1_mix0434,7,4,0,179,0,19.77
fold2_room1_mix0434,9,4,0,179,0,18.48
fold2_room1_mix0434,10,4,0,-179,-1,30.01
fold2_room1_mix0434,11,4,0,-179,0,35.56
fold2_room1_mix0434,12,4,0,-177,0,37.35
fold2_room1_mix0434,13,4,0,-178,0,30.19
fold2_room1_mix0434,14,4,0,-178,0,37.75
fold2_room1_mix0434,15,4,0,-175,0,39.53
fold2_room1_mix0434,16,4,0,-177,0,36.24
fold2_room1_mix0434,17,4,0,-176,0,36.35
fold2_room1_mix0434,18,4,0,-175,0,38.46
fold2_room1_mix0434,19,4,0,-176,0,34.52
fold2_room1_mix0434,20,4,0,-176,0,34.89
fold2_room1_mix0434,21,4,0,-175,0,36.44
fold2_room1_mix0434,22,4,0,-175,0,33.22
fold2_room1_mix0434,23,4,0,-174,0,31.99
fold2_room1_mix0434,24,4,0,-173,0,31.69
fold2_room1_mix0434,25,4,0,-173,0,32.25
fold2_room1_mix0434,26,4,0,-176,0,29.46
fold2_room1_mix0434,27,4,0,-175,0,29.28
fold2_room1_mix0434,28,4,0,-174,0,30.95
fold2_room1_mix0434,29,4,0,-175,0,29.21
fold2_room1_mix0434,30,4,0,-176,0,27.64
fold2_room1_mix0434,31,4,0,-174,0,27.96
fold2_room1_mix0434,32,4,0,-175,0,27.27
fold2_room1_mix0434,33,4,0,-174,0,27.01
fold2_room1_mix0434,34,4,0,-174,0,24.84
fold2_room1_mix0434,35,4,0,-174,0,24.63
fold2_room1_mix0434,36,4,0,-174,0,23.41
fold2_room1_mix0434,37,4,0,-175,0,25.66
fold2_room1_mix0434,38,4,0,-175,0,23.75
fold2_room1_mix0434,39,4,0,-173,0,22.89
fold2_room1_mix0434,40,4,0,-173,0,22.79
fold2_room1_mix0434,41,4,0,-173,0,21.63
fold2_room1_mix0434,42,4,0,-174,0,20.86
fold2_room1_mix0434,43,4,0,-172,0,20.06
fold2_room1_mix0434,44,4,0,-171,0,20.01
fold2_room1_mix0434,45,4,0,-171,-1,18.85
fold2_room1_mix0434,46,4,0,-171,-1,18.59
fold2_room1_mix0434,47,4,0,-170,-1,17.74
fold2_room1_mix0434,48,4,0,-171,-1,16.69
fold2_room1_mix0434,49,4,0,-171,-1,16.74
fold2_room1_mix0434,50,4,0,-170,-1,16.35
fold2_room1_mix0434,51,4,0,-169,-1,15.06
fold2_room1_mix0434,52,4,0,-169,-1,14.74
fold2_room1_mix0434,53,4,0,-167,-2,13.66
fold2_room1_mix0434,54,4,0,-168,-2,12.86
fold2_room1_mix0434,55,4,0,-166,-2,11.78
fold2_room1_mix0434,56,4,0,-164,-2,11.56
fold2_room1_mix0434,57,4,0,-163,-2,10.48
fold2_room1_mix0434,58,4,0,-162,-3,10.14
fold2_room1_mix0434,59,4,0,-161,-3,9.01
fold2_room1_mix0434,60,4,0,-159,-3,8.45
fold2_room1_mix0434,61,4,0,-156,-4,7.39
fold2_room1_mix0434,62,4,0,-154,-4,6.39
fold2_room1_mix0434,63,4,0,-151,-5,5.81
fold2_room1_mix0434,64,4,0,-147,-6,4.70
fold2_room1_mix0434,65,4,0,-143,-6,4.00
fold2_room1_mix0434,66,4,0,-140,-7,4.19
fold2_room1_mix0434,67,4,0,-128,-9,3.15
fold2_room1_mix0434,68,4,0,-116,-9,2.90
fold2_room1_mix0434,69,4,0,-94,-8,2.75
fold2_room1_mix0434,70,4,0,-77,-9,2.76
fold2_room1_mix0434,71,4,0,-59,-7,2.85
fold2_room1_mix0434,72,4,0,-47,-6,3.56
fold2_room1_mix0434,73,4,0,-38,-6,3.87
fold2_room1_mix0434,74,4,0,-35,-6,4.31
fold2_room1_mix0434,75,4,0,-30,-5,4.75
fold2_room1_mix0434,76,4,0,-23,-4,5.45
fold2_room1_mix0434,77,4,0,-21,-4,6.26
fold2_room1_mix0434,78,4,0,-17,-3,6.93
fold2_room1_mix0434,79,4,0,-16,-3,7.78
fold2_room1_mix0434,80,4,0,-15,-3,8.76
fold2_room1_mix0434,81,4,0,-13,-3,9.32
fold2_room1_mix0434,82,4,0,-12,-3,10.48
fold2_room1_mix0434,83,4,0,-12,-2,10.59
fold2_room1_mix0434,84,4,0,-9,-2,11.45
fold2_room1_mix0434,85,4,0,-9,-2,12.80
fold2_room1_mix0434,86,4,0,-8,-2,13.40
fold2_room1_mix0434,87,4,0,-8,-2,13.76
fold2_room1_mix0434,88,4,0,-8,-2,14.96
fold2_room1_mix0434,89,4,0,-7,-2,15.63
fold2_room1_mix0434,90,4,0,-6,-2,16.64
fold2_room1_mix0434,91,4,0,-4,-1,17.37
fold2_room1_mix0434,92,4,0,-5,-1,18.66
fold2_room1_mix0434,93,4,0,-5,-1,19.31
fold2_room1_mix0434,94,4,0,-4,-1,19.77
fold2_room1_mix0434,95,4,0,-4,-1,20.93
fold2_room1_mix0434,96,4,0,-4,-1,20.80
fold2_room1_mix0434,97,4,0,-3,-1,21.38
fold2_room1_mix0434,98,4,0,-2,-1,24.68
fold2_room1_mix0434,99,4,0,-1,-1,24.48
fold2_room1_mix0435,3,4,0,177,0,3.91
fold2_room1_mix0435,4,4,0,174,1,3.22
fold2_room1_mix0435,5,4,0,176,0,20.68
fold2_room1_mix0435,6,4,0,176,0,22.39
fold2_room1_mix0435,7,4,0,176,0,26.18
fold2_room1_mix0435,8,4,0,174,0,36.78
fold2_room1_mix0435,9,4,0,176,0,36.39
fold2_room1_mix0435,10,4,0,177,0,33.44
fold2_room1_mix0435,11,4,0,173,0,32.62
fold2_room1_mix0435,12,4,0,176,0,34.01
fold2_room1_mix0435,13,4,0,175,0,31.76
fold2_room1_mix0435,13,4,0,0,0,43.10
fold2_room1_mix0435,14,4,0,176,0,33.01
fold2_room1_mix0435,14,4,0,-1,1,44.98
fold2_room1_mix0435,15,4,0,175,0,31.16
fold2_room1_mix0435,15,4,0,-2,0,41.03
fold2_room1_mix0435,16,4,0,174,0,29.46
fold2_room1_mix0435,16,4,0,-1,0,38.38
fold2_room1_mix0435,17,4,0,174,0,29.85
fold2_room1_mix0435,17,4,0,-2,0,42.44
fold2_room1_mix0435,18,4,0,175,0,33.66
fold2_room1_mix0435,18,4,0,-3,0,42.95
fold2_room1_mix0435,19,4,0,174,0,29.61
fold2_room1_mix0435,19,4,0,0,0,40.82
fold2_room1_mix0435,20,4,0,173,0,28.28
fold2_room1_mix0435,20,4,0,-1,0,38.64
fold2_room1_mix0435,21,4,0,175,0,30.88
fold2_room1_mix0435,21,4,0,-6,0,38.63
fold2_room1_mix0435,22,4,0,173,0,29.10
fold2_room1_mix0435,22,4,0,-5,0,38.05
fold2_room1_mix0435,23,4,0,172,0,27.51
fold2_room1_mix0435,23,4,0,-3,0,38.74
fold2_room1_mix0435,24,4,0,170,0,24.73
fold2_room1_mix0435,24,4,0,-3,0,37.56
fold2_room1_mix0435,25,4,0,170,0,26.50
fold2_room1_mix0435,25,4,0,-2,0,40.40
fold2_room1_mix0435,26,4,0,170,0,26.91
fold2_room1_mix0435,26,4,0,-4,0,39.36
fold2_room1_mix0435,27,4,0,167,0,27.34
fold2_room1_mix0435,27,4,0,0,0,36.94
fold2_room1_mix0435,28,4,0,167,-1,26.84
fold2_room1_mix0435,28,4,0,-4,0,39.21
fold2_room1_mix0435,29,4,0,171,0,31.02
fold2_room1_mix0435,29,4,0,155,-1,23.45
fold2_room1_mix0435,29,4,0,-4,0,37.48
fold2_room1_mix0435,30,4,0,175,0,31.78
fold2_room1_mix0435,30,4,0,156,-1,24.57
fold2_room1_mix0435,30,4,0,-2,0,35.99
fold2_room1_mix0435,31,4,0,177,0,33.48
fold2_room1_mix0435,31,4,0,154,-2,21.05
fold2_room1_mix0435,31,4,0,-5,0,37.26
fold2_room1_mix0435,32,4,0,172,0,32.73
fold2_room1_mix0435,32,4,0,152,-1,22.84
fold2_room1_mix0435,32,4,0,-6,0,35.47
fold2_room1_mix0435,33,4,0,177,0,35.04
fold2_room1_mix0435,33,4,0,152,-2,20.91
fold2_room1_mix0435,33,4,0,-8,0,38.65
fold2_room1_mix0435,34,4,0,175,0,35.66
fold2_room1_mix0435,34,4,0,150,-2,21.50
fold2_room1_mix0435,34,4,0,-3,0,33.50
fold2_room1_mix0435,35,4,0,172,0,32.86
fold2_room1_mix0435,35,4,0,151,-1,22.60
fold2_room1_mix0435,35,4,0,-3,0,37.02
fold2_room1_mix0435,36,4,0,170,0,31.45
fold2_room1_mix0435,36,4,0,146,-1,21.51
fold2_room1_mix0435,36,4,0,-2,0,33.65
fold2_room1_mix0435,37,4,0,171,0,30.09
fold2_room1_mix0435,37,4,0,147,-1,22.20
fold2_room1_mix0435,37,4,0,-5,0,36.41
fold2_room1_mix0435,38,4,0,174,0,30.93
fold2_room1_mix0435,38,4,0,144,-2,19.56
fold2_room1_mix0435,38,4,0,-3,0,30.32
fold2_room1_mix0435,39,4,0,172,0,30.47
fold2_room1_mix0435,39,4,0,141,-2,19.79
fold2_room1_mix0435,39,4,0,-3,0,31.31
fold2_room1_mix0435,40,4,0,172,0,28.96
fold2_room1_mix0435,40,4,0,141,-2,19.59
fold2_room1_mix0435,40,4,0,-2,0,30.08
fold2_room1_mix0435,41,4,0,175,0,28.19
fold2_room1_mix0435,41,4,0,142,-2,18.74
fold2_room1_mix0435,41,4,0,-5,0,27.10
fold2_room1_mix0435,42,4,0,178,0,26.29
fold2_room1_mix0435,42,4,0,140,-3,16.72
fold2_room1_mix0435,42,4,0,-1,0,26.50
fold2_room1_mix0435,43,4,0,178,0,28.20
fold2_room1_mix0435,43,4,0,137,-2,16.55
fold2_room1_mix0435,43,4,0,1,0,25.67
fold2_room1_mix0435,44,4,0,-179,0,26.80
fold2_room1_mix0435,44,4,0,137,-3,15.01
fold2_room1_mix0435,44,4,0,0,-1,24.49
fold2_room1_mix0435,45,4,0,178,0,23.85
fold2_room1_mix0435,45,4,0,136,-3,14.40
fold2_room1_mix0435,45,4,0,0,0,23.79
fold2_room1_mix0435,46,4,0,179,0,24.06
fold2_room1_mix0435,46,4,0,132,-3,14.27
fold2_room1_mix0435,46,4,0,1,-1,23.61
fold2_room1_mix0435,47,4,0,178,0,23.65
fold2_room1_mix0435,47,4,0,131,-4,12.54
fold2_room1_mix0435,47,4,0,-2,-2,18.29
fold2_room1_mix0435,48,4,0,-179,0,21.67
fold2_room1_mix0435,48,4,0,125,-4,12.21
fold2_room1_mix0435,48,4,0,-2,-2,18.41
fold2_room1_mix0435,49,4,0,179,-1,20.51
fold2_room1_mix0435,49,4,0,122,-4,11.62
fold2_room1_mix0435,49,4,0,-4,-2,15.63
fold2_room1_mix0435,50,4,0,179,-1,21.74
fold2_room1_mix0435,50,4,0,117,-5,11.71
fold2_room1_mix0435,50,4,0,-5,-2,15.64
fold2_room1_mix0435,51,4,0,175,-1,20.00
fold2_room1_mix0435,51,4,0,112,-5,11.21
fold2_room1_mix0435,51,4,0,-4,-2,14.78
fold2_room1_mix0435,52,4,0,176,-1,18.61
fold2_room1_mix0435,52,4,0,105,-5,11.25
fold2_room1_mix0435,52,4,0,-4,-2,15.69
fold2_room1_mix0435,53,4,0,174,-1,19.06
fold2_room1_mix0435,53,4,0,104,-5,11.65
fold2_room1_mix0435,53,4,0,-5,-2,14.27
fold2_room1_mix0435,54,4,0,-179,-1,19.86
fold2_room1_mix0435,54,4,0,99,-6,11.05
fold2_room1_mix0435,54,4,0,-3,-3,13.08
fold2_room1_mix0435,55,4,0,-179,-1,19.64
fold2_room1_mix0435,55,4,0,92,-5,11.47
fold2_room1_mix0435,55,4,0,-12,-4,11.59
fold2_room1_mix0435,56,4,0,173,0,21.15
fold2_room1_mix0435,56,4,0,84,-5,11.58
fold2_room1_mix0435,56,4,0,-12,-4,10.74
fold2_room1_mix0435,57,4,0,-179,0,18.12
fold2_room1_mix0435,57,4,0,80,-4,10.85
fold2_room1_mix0435,57,4,0,-17,-5,8.13
fold2_room1_mix0435,58,4,0,143,-2,15.44
fold2_room1_mix0435,58,4,0,82,-4,10.72
fold2_room1_mix0435,58,4,0,-20,-5,7.37
fold2_room1_mix0435,59,4,0,-171,-1,16.02
fold2_room1_mix0435,59,4,0,86,-3,11.05
fold2_room1_mix0435,59,4,0,-21,-6,6.99
fold2_room1_mix0435,60,4,0,-177,-1,15.34
fold2_room1_mix0435,60,4,0,85,-2,11.53
fold2_room1_mix0435,60,4,0,-24,-5,6.77
fold2_room1_mix0435,61,4,0,-156,-2,10.90
fold2_room1_mix0435,61,4,0,91,-1,11.30
fold2_room1_mix0435,61,4,0,-27,-5,6.32
fold2_room1_mix0435,63,4,0,-142,-6,8.30
fold2_room1_mix0435,63,4,0,109,0,14.22
fold2_room1_mix0435,63,4,0,-34,-4,8.70
fold2_room1_mix0435,64,4,0,-148,-6,6.87
fold2_room1_mix0435,64,4,0,42,-1,12.67
fold2_room1_mix0435,65,4,0,-130,-7,3.52
fold2_room1_mix0435,65,4,0,109,1,13.95
fold2_room1_mix0435,65,4,0,15,0,13.64
fold2_room1_mix0435,66,4,0,-140,-5,3.78
fold2_room1_mix0435,66,4,0,110,2,15.60
fold2_room1_mix0435,66,4,0,8,0,15.99
fold2_room1_mix0435,67,4,0,-145,-5,4.46
fold2_room1_mix0435,67,4,0,107,0,11.23
fold2_room1_mix0435,67,4,0,22,1,18.19
fold2_room1_mix0435,68,4,0,-160,-4,5.45
fold2_room1_mix0435,68,4,0,110,0,12.96
fold2_room1_mix0435,68,4,0,19,0,22.23
fold2_room1_mix0435,69,4,0,-159,-5,6.12
fold2_room1_mix0435,69,4,0,131,0,12.00
fold2_room1_mix0435,69,4,0,23,0,20.74
fold2_room1_mix0435,70,4,0,-156,-5,5.72
fold2_room1_mix0435,70,4,0,135,0,15.91
fold2_room1_mix0435,70,4,0,16,0,18.05
fold2_room1_mix0435,71,4,0,-158,-5,6.08
fold2_room1_mix0435,71,4,0,142,0,16.06
fold2_room1_mix0435,71,4,0,13,0,19.19
fold2_room1_mix0435,72,4,0,-159,-4,6.76
fold2_room1_mix0435,72,4,0,138,0,17.97
fold2_room1_mix0435,72,4,0,7,-1,20.03
fold2_room1_mix0435,73,4,0,-164,-4,6.92
fold2_room1_mix0435,73,4,0,141,1,17.63
fold2_room1_mix0435,73,4,0,14,0,19.87
fold2_room1_mix0435,74,4,0,-167,-4,8.84
fold2_room1_mix0435,74,4,0,165,-2,12.02
fold2_room1_mix0435,74,4,0,21,-1,20.39
fold2_room1_mix0435,75,4,0,-177,-3,10.05
fold2_room1_mix0435,75,4,0,24,-1,20.47
fold2_room1_mix0435,76,4,0,-178,-4,9.25
fold2_room1_mix0435,76,4,0,19,-1,23.40
fold2_room1_mix0435,77,4,0,179,-5,8.50
fold2_room1_mix0435,77,4,0,23,-1,23.48
fold2_room1_mix0435,78,4,0,173,-6,7.71
fold2_room1_mix0435,78,4,0,20,-2,24.96
fold2_room1_mix0435,79,4,0,179,-6,8.30
fold2_room1_mix0435,79,4,0,162,-8,6.07
fold2_room1_mix0435,79,4,0,24,-3,25.31
fold2_room1_mix0435,80,4,0,174,-8,7.92
fold2_room1_mix0435,80,4,0,159,-12,4.49
fold2_room1_mix0435,80,4,0,18,-3,25.88
fold2_room1_mix0435,81,4,0,170,-9,10.17
fold2_room1_mix0435,81,4,0,151,-20,3.26
fold2_room1_mix0435,81,4,0,23,-5,26.26
fold2_room1_mix0435,82,4,0,171,-8,12.24
fold2_room1_mix0435,82,4,0,142,-27,2.20
fold2_room1_mix0435,82,4,0,26,-7,24.16
fold2_room1_mix0435,83,4,0,165,-11,11.75
fold2_room1_mix0435,83,4,0,119,-33,1.60
fold2_room1_mix0435,83,4,0,33,-7,24.24
fold2_room1_mix0435,84,4,0,160,-9,14.67
fold2_room1_mix0435,84,4,0,99,-35,1.61
fold2_room1_mix0435,84,4,0,32,-5,28.94
fold2_room1_mix0435,85,4,0,175,-2,29.91
fold2_room1_mix0435,85,4,0,74,-36,1.44
fold2_room1_mix0435,85,4,0,27,-8,19.08
fold2_room1_mix0435,86,4,0,-179,0,29.57
fold2_room1_mix0435,86,4,0,54,-36,1.77
fold2_room1_mix0435,86,4,0,21,-8,18.94
fold2_room1_mix0435,87,4,0,-178,1,34.47
fold2_room1_mix0435,87,4,0,38,-28,1.78
fold2_room1_mix0435,87,4,0,20,-5,17.62
fold2_room1_mix0435,88,4,0,-178,0,32.49
fold2_room1_mix0435,88,4,0,25,-23,2.29
fold2_room1_mix0435,88,4,0,18,-5,16.16
fold2_room1_mix0435,89,4,0,-179,0,34.86
fold2_room1_mix0435,89,4,0,20,-12,8.23
fold2_room1_mix0435,90,4,0,179,1,38.41
fold2_room1_mix0435,90,4,0,12,-17,3.03
fold2_room1_mix0435,90,4,0,20,-5,13.30
fold2_room1_mix0435,91,4,0,178,0,34.00
fold2_room1_mix0435,91,4,0,18,-9,8.09
fold2_room1_mix0435,92,4,0,174,0,28.13
fold2_room1_mix0435,92,4,0,15,-8,9.13
fold2_room1_mix0435,93,4,0,174,0,33.65
fold2_room1_mix0435,93,4,0,13,-6,10.71
fold2_room1_mix0435,94,4,0,168,-2,24.77
fold2_room1_mix0435,94,4,0,15,-6,10.75
fold2_room1_mix0435,95,4,0,171,-2,23.75
fold2_room1_mix0435,95,4,0,13,-6,9.86
fold2_room1_mix0435,96,4,0,170,-4,21.52
fold2_room1_mix0435,96,4,0,12,-4,11.43
fold2_room1_mix0435,97,4,0,172,-2,25.25
fold2_room1_mix0435,97,4,0,14,-3,13.99
fold2_room1_mix0435,62,4,0,99,0,13.71
fold2_room1_mix0435,62,4,0,-33,-3,7.22
fold2_room1_mix0435,98,4,0,13,-3,13.74
fold2_room1_mix0435,99,4,0,13,-3,15.18
fold2_room1_mix0437,4,4,0,-179,0,3.46
fold2_room1_mix0437,5,4,0,177,0,6.29
fold2_room1_mix0437,6,4,0,177,0,18.44
fold2_room1_mix0437,7,4,0,177,0,21.90
fold2_room1_mix0437,8,4,0,177,0,27.09
fold2_room1_mix0437,9,4,0,178,0,34.79
fold2_room1_mix0437,10,4,0,177,0,37.64
fold2_room1_mix0437,11,4,0,177,0,38.51
fold2_room1_mix0437,12,4,0,176,0,39.68
fold2_room1_mix0437,13,4,0,177,0,39.62
fold2_room1_mix0437,14,4,0,177,0,39.52
fold2_room1_mix0437,15,4,0,176,0,41.18
fold2_room1_mix0437,16,4,0,176,0,40.41
fold2_room1_mix0437,17,4,0,175,0,39.35
fold2_room1_mix0437,18,4,0,176,0,41.63
fold2_room1_mix0437,19,4,0,176,0,41.05
fold2_room1_mix0437,20,4,0,178,0,41.44
fold2_room1_mix0437,21,4,0,176,0,42.46
fold2_room1_mix0437,22,4,0,178,0,41.23
fold2_room1_mix0437,23,4,0,178,0,41.27
fold2_room1_mix0437,24,4,0,179,0,40.19
fold2_room1_mix0437,25,4,0,178,0,40.85
fold2_room1_mix0437,26,4,0,179,0,40.85
fold2_room1_mix0437,27,4,0,179,0,40.84
fold2_room1_mix0437,28,4,0,178,0,41.29
fold2_room1_mix0437,29,4,0,179,0,39.80
fold2_room1_mix0437,30,4,0,178,0,38.87
fold2_room1_mix0437,31,4,0,177,0,39.90
fold2_room1_mix0437,32,4,0,179,0,36.48
fold2_room1_mix0437,33,4,0,179,0,38.01
fold2_room1_mix0437,34,4,0,178,0,36.74
fold2_room1_mix0437,35,4,0,179,0,35.91
fold2_room1_mix0437,36,4,0,179,0,35.34
fold2_room1_mix0437,37,4,0,179,0,34.86
fold2_room1_mix0437,38,4,0,179,0,35.48
fold2_room1_mix0437,39,4,0,-179,0,33.47
fold2_room1_mix0437,40,4,0,178,0,32.39
fold2_room1_mix0437,41,4,0,178,0,32.14
fold2_room1_mix0437,42,4,0,177,0,31.78
fold2_room1_mix0437,43,4,0,178,0,32.33
fold2_room1_mix0437,44,4,0,178,0,31.98
fold2_room1_mix0437,45,4,0,178,0,31.63
fold2_room1_mix0437,46,4,0,176,0,30.78
fold2_room1_mix0437,47,4,0,177,0,30.66
fold2_room1_mix0437,48,4,0,178,0,28.69
fold2_room1_mix0437,49,4,0,179,0,28.38
fold2_room1_mix0437,50,4,0,177,0,28.04
fold2_room1_mix0437,51,4,0,178,0,26.67
fold2_room1_mix0437,52,4,0,179,-1,25.42
fold2_room1_mix0437,53,4,0,177,-1,24.35
fold2_room1_mix0437,54,4,0,175,-1,23.25
fold2_room1_mix0437,55,4,0,177,-1,22.55
fold2_room1_mix0437,56,4,0,177,-1,21.38
fold2_room1_mix0437,57,4,0,176,-1,20.74
fold2_room1_mix0437,58,4,0,176,-1,19.42
fold2_room1_mix0437,59,4,0,176,-1,18.89
fold2_room1_mix0437,60,4,0,176,-1,18.93
fold2_room1_mix0437,61,4,0,178,-1,17.94
fold2_room1_mix0437,62,4,0,177,-1,17.30
fold2_room1_mix0437,63,4,0,176,-1,16.70
fold2_room1_mix0437,64,4,0,177,-1,15.68
fold2_room1_mix0437,65,4,0,177,-2,13.88
fold2_room1_mix0437,66,4,0,175,-2,13.11
fold2_room1_mix0437,67,4,0,176,-2,13.32
fold2_room1_mix0437,68,4,0,175,-2,12.19
fold2_room1_mix0437,69,4,0,175,-2,11.54
fold2_room1_mix0437,70,4,0,175,-3,11.54
fold2_room1_mix0437,71,4,0,172,-3,10.35
fold2_room1_mix0437,72,4,0,172,-3,9.70
fold2_room1_mix0437,73,4,0,172,-3,8.86
fold2_room1_mix0437,74,4,0,171,-4,8.00
fold2_room1_mix0437,75,4,0,169,-4,6.80
fold2_room1_mix0437,76,4,0,169,-5,5.94
fold2_room1_mix0437,77,4,0,166,-5,4.60
fold2_room1_mix0437,78,4,0,164,-7,3.78
fold2_room1_mix0437,79,4,0,157,-7,3.00
fold2_room1_mix0437,80,4,0,149,-9,2.22
fold2_room1_mix0437,81,4,0,121,-11,1.37
fold2_room1_mix0437,82,4,0,72,-10,1.09
fold2_room1_mix0437,83,4,0,40,-5,1.21
fold2_room1_mix0437,84,4,0,26,-5,1.82
fold2_room1_mix0437,85,4,0,17,-4,2.71
fold2_room1_mix0437,86,4,0,16,-3,3.43
fold2_room1_mix0437,87,4,0,14,-3,4.21
fold2_room1_mix0437,88,4,0,11,-3,5.20
fold2_room1_mix0437,89,4,0,8,-2,5.99
fold2_room1_mix0437,90,4,0,7,-2,6.74
fold2_room1_mix0437,91,4,0,7,-1,7.57
fold2_room1_mix0437,92,4,0,6,-2,8.39
fold2_room1_mix0437,93,4,0,6,-2,8.75
fold2_room1_mix0437,94,4,0,6,-2,9.50
fold2_room1_mix0437,95,4,0,6,-1,11.18
fold2_room1_mix0437,96,4,0,5,-2,11.33
fold2_room1_mix0437,97,4,0,5,-2,12.21
fold2_room1_mix0437,98,4,0,6,-1,13.75
fold2_room1_mix0437,99,4,0,5,-1,13.93
fold2_room1_mix0438,3,4,0,179,0,4.21
fold2_room1_mix0438,4,4,0,178,0,15.48
fold2_room1_mix0438,5,4,0,178,0,16.39
fold2_room1_mix0438,6,4,0,-179,0,17.27
fold2_room1_mix0438,7,4,0,178,0,26.06
fold2_room1_mix0438,8,4,0,178,-1,24.81
fold2_room1_mix0438,9,4,0,177,0,25.53
fold2_room1_mix0438,10,4,0,179,0,23.49
fold2_room1_mix0438,11,4,0,178,0,23.90
fold2_room1_mix0438,12,4,0,179,0,23.68
fold2_room1_mix0438,13,4,0,178,0,21.96
fold2_room1_mix0438,14,4,0,177,0,22.14
fold2_room1_mix0438,15,4,0,177,0,21.36
fold2_room1_mix0438,16,4,0,178,-1,20.76
fold2_room1_mix0438,17,4,0,177,0,21.11
fold2_room1_mix0438,18,4,0,178,0,20.80
fold2_room1_mix0438,19,4,0,177,0,20.87
fold2_room1_mix0438,20,4,0,178,0,21.54
fold2_room1_mix0438,21,4,0,179,-1,20.33
fold2_room1_mix0438,22,4,0,179,-1,20.16
fold2_room1_mix0438,23,4,0,178,0,20.79
fold2_room1_mix0438,24,4,0,179,0,20.20
fold2_room1_mix0438,25,4,0,-179,0,20.48
fold2_room1_mix0438,26,4,0,178,0,20.01
fold2_room1_mix0438,27,4,0,178,0,20.22
fold2_room1_mix0438,28,4,0,178,-1,19.94
fold2_room1_mix0438,29,4,0,178,-1,18.10
fold2_room1_mix0438,30,4,0,178,-1,18.20
fold2_room1_mix0438,31,4,0,178,-1,18.05
fold2_room1_mix0438,32,4,0,-179,-1,17.69
fold2_room1_mix0438,33,4,0,-179,-1,17.70
fold2_room1_mix0438,34,4,0,-178,-1,17.22
fold2_room1_mix0438,35,4,0,-178,-1,16.21
fold2_room1_mix0438,36,4,0,-179,-1,15.70
fold2_room1_mix0438,37,4,0,-179,-1,15.37
fold2_room1_mix0438,38,4,0,-178,-1,15.15
fold2_room1_mix0438,39,4,0,-178,-1,15.15
fold2_room1_mix0438,40,4,0,-178,-2,14.95
fold2_room1_mix0438,41,4,0,-178,-2,13.98
fold2_room1_mix0438,42,4,0,179,-2,13.47
fold2_room1_mix0438,43,4,0,-179,-2,14.06
fold2_room1_mix0438,44,4,0,-179,-2,13.72
fold2_room1_mix0438,45,4,0,-179,-2,13.14
fold2_room1_mix0438,46,4,0,-179,-2,12.97
fold2_room1_mix0438,47,4,0,179,-2,12.56
fold2_room1_mix0438,48,4,0,-179,-2,12.00
fold2_room1_mix0438,49,4,0,179,-2,12.55
fold2_room1_mix0438,50,4,0,179,-2,11.55
fold2_room1_mix0438,51,4,0,179,-3,11.15
fold2_room1_mix0438,52,4,0,178,-3,11.20
fold2_room1_mix0438,53,4,0,179,-3,10.79
fold2_room1_mix0438,54,4,0,177,-3,10.27
fold2_room1_mix0438,55,4,0,177,-3,10.08
fold2_room1_mix0438,56,4,0,178,-3,9.67
fold2_room1_mix0438,57,4,0,178,-3,9.26
fold2_room1_mix0438,58,4,0,178,-3,9.07
fold2_room1_mix0438,59,4,0,177,-3,9.12
fold2_room1_mix0438,60,4,0,178,-3,8.33
fold2_room1_mix0438,61,4,0,178,-4,7.87
fold2_room1_mix0438,62,4,0,178,-4,7.66
fold2_room1_mix0438,63,4,0,176,-4,6.92
fold2_room1_mix0438,64,4,0,177,-4,6.61
fold2_room1_mix0438,65,4,0,177,-4,6.63
fold2_room1_mix0438,66,4,0,175,-5,6.05
fold2_room1_mix0438,67,4,0,175,-5,5.73
fold2_room1_mix0438,68,4,0,176,-5,5.42
fold2_room1_mix0438,69,4,0,174,-6,4.74
fold2_room1_mix0438,70,4,0,174,-6,4.70
fold2_room1_mix0438,71,4,0,173,-6,4.58
fold2_room1_mix0438,72,4,0,172,-6,4.14
fold2_room1_mix0438,73,4,0,171,-7,3.74
fold2_room1_mix0438,74,4,0,169,-7,3.22
fold2_room1_mix0438,75,4,0,167,-8,2.90
fold2_room1_mix0438,76,4,0,166,-9,2.39
fold2_room1_mix0438,77,4,0,162,-10,1.95
fold2_room1_mix0438,78,4,0,158,-10,1.77
fold2_room1_mix0438,79,4,0,153,-11,1.51
fold2_room1_mix0438,80,4,0,147,-12,1.08
fold2_room1_mix0438,81,4,0,131,-13,0.84
fold2_room1_mix0438,82,4,0,94,-17,0.72
fold2_room1_mix0438,83,4,0,57,-13,0.68
fold2_room1_mix0438,84,4,0,39,-9,0.87
fold2_room1_mix0438,85,4,0,27,-8,1.21
fold2_room1_mix0438,86,4,0,20,-6,1.58
fold2_room1_mix0438,87,4,0,18,-5,1.89
fold2_room1_mix0438,88,4,0,16,-5,2.02
fold2_room1_mix0438,89,4,0,12,-4,2.56
fold2_room1_mix0438,90,4,0,8,-4,2.91
fold2_room1_mix0438,91,4,0,8,-3,3.01
fold2_room1_mix0438,92,4,0,7,-3,3.41
fold2_room1_mix0438,93,4,0,6,-3,3.47
fold2_room1_mix0438,94,4,0,5,-3,3.79
fold2_room1_mix0438,95,4,0,6,-3,4.15
fold2_room1_mix0438,96,4,0,5,-3,4.21
fold2_room1_mix0438,97,4,0,4,-3,4.99
fold2_room1_mix0438,98,4,0,4,-3,5.29
fold2_room1_mix0438,99,4,0,4,-3,5.53
fold2_room1_mix0440,7,4,0,171,0,9.20
fold2_room1_mix0440,8,4,0,176,0,10.48
fold2_room1_mix0440,9,4,0,173,0,6.36
fold2_room1_mix0440,10,4,0,172,0,13.75
fold2_room1_mix0440,11,4,0,174,0,20.73
fold2_room1_mix0440,12,4,0,174,0,18.99
fold2_room1_mix0440,13,4,0,176,0,17.82
fold2_room1_mix0440,14,4,0,173,0,21.59
fold2_room1_mix0440,15,4,0,174,0,20.56
fold2_room1_mix0440,16,4,0,178,-1,19.76
fold2_room1_mix0440,17,4,0,176,-1,20.61
fold2_room1_mix0440,18,4,0,173,-1,19.34
fold2_room1_mix0440,19,4,0,178,0,20.31
fold2_room1_mix0440,20,4,0,175,0,20.63
fold2_room1_mix0440,21,4,0,174,0,19.75
fold2_room1_mix0440,22,4,0,176,-1,19.34
fold2_room1_mix0440,23,4,0,176,-1,17.89
fold2_room1_mix0440,24,4,0,177,-1,18.73
fold2_room1_mix0440,25,4,0,177,-1,18.15
fold2_room1_mix0440,26,4,0,178,-1,16.96
fold2_room1_mix0440,27,4,0,178,-1,18.39
fold2_room1_mix0440,28,4,0,-179,-1,17.08
fold2_room1_mix0440,29,4,0,-177,-1,16.50
fold2_room1_mix0440,30,4,0,-177,-1,16.70
fold2_room1_mix0440,31,4,0,-175,-1,14.69
fold2_room1_mix0440,32,4,0,-177,-1,15.02
fold2_room1_mix0440,33,4,0,-179,-1,15.67
fold2_room1_mix0440,34,4,0,-178,-2,14.85
fold2_room1_mix0440,35,4,0,-176,-2,14.52
fold2_room1_mix0440,36,4,0,-177,-2,14.22
fold2_room1_mix0440,37,4,0,-179,-2,13.53
fold2_room1_mix0440,38,4,0,-178,-2,13.69
fold2_room1_mix0440,39,4,0,-178,-2,13.03
fold2_room1_mix0440,40,4,0,179,-2,13.28
fold2_room1_mix0440,41,4,0,179,-2,13.38
fold2_room1_mix0440,42,4,0,179,-2,11.93
fold2_room1_mix0440,43,4,0,-179,-2,12.12
fold2_room1_mix0440,44,4,0,-178,-2,11.58
fold2_room1_mix0440,45,4,0,-179,-2,11.28
fold2_room1_mix0440,46,4,0,-178,-3,11.15
fold2_room1_mix0440,47,4,0,-179,-2,10.60
fold2_room1_mix0440,48,4,0,-179,-3,10.09
fold2_room1_mix0440,49,4,0,-178,-3,10.34
fold2_room1_mix0440,50,4,0,178,-3,9.89
fold2_room1_mix0440,51,4,0,-179,-3,10.10
fold2_room1_mix0440,52,4,0,-179,-3,9.40
fold2_room1_mix0440,53,4,0,178,-3,9.05
fold2_room1_mix0440,54,4,0,177,-3,9.28
fold2_room1_mix0440,55,4,0,177,-4,8.08
fold2_room1_mix0440,56,4,0,178,-4,8.54
fold2_room1_mix0440,57,4,0,178,-4,7.74
fold2_room1_mix0440,58,4,0,177,-4,7.05
fold2_room1_mix0440,59,4,0,176,-4,7.14
fold2_room1_mix0440,60,4,0,174,-4,6.60
fold2_room1_mix0440,61,4,0,176,-5,5.64
fold2_room1_mix0440,62,4,0,176,-5,6.06
fold2_room1_mix0440,63,4,0,176,-5,5.45
fold2_room1_mix0440,64,4,0,176,-6,4.95
fold2_room1_mix0440,65,4,0,175,-6,4.81
fold2_room1_mix0440,66,4,0,175,-7,4.49
fold2_room1_mix0440,67,4,0,172,-7,4.27
fold2_room1_mix0440,68,4,0,174,-8,3.84
fold2_room1_mix0440,69,4,0,171,-9,3.36
fold2_room1_mix0440,70,4,0,169,-9,3.11
fold2_room1_mix0440,71,4,0,166,-10,2.54
fold2_room1_mix0440,72,4,0,162,-12,2.30
fold2_room1_mix0440,73,4,0,160,-12,1.83
fold2_room1_mix0440,74,4,0,152,-14,1.40
fold2_room1_mix0440,75,4,0,142,-15,1.11
fold2_room1_mix0440,76,4,0,121,-19,0.91
fold2_room1_mix0440,77,4,0,90,-22,0.81
fold2_room1_mix0440,78,4,0,59,-18,0.91
fold2_room1_mix0440,79,4,0,42,-12,1.11
fold2_room1_mix0440,80,4,0,31,-10,1.44
fold2_room1_mix0440,81,4,0,24,-8,1.77
fold2_room1_mix0440,82,4,0,21,-7,1.87
fold2_room1_mix0440,83,4,0,18,-7,2.38
fold2_room1_mix0440,84,4,0,14,-6,2.55
fold2_room1_mix0440,85,4,0,12,-6,2.76
fold2_room1_mix0440,86,4,0,10,-5,2.95
fold2_room1_mix0440,87,4,0,8,-5,3.36
fold2_room1_mix0440,88,4,0,8,-4,3.78
fold2_room1_mix0440,89,4,0,7,-3,4.22
fold2_room1_mix0440,90,4,0,7,-4,4.39
fold2_room1_mix0440,91,4,0,7,-4,4.97
fold2_room1_mix0440,92,4,0,7,-3,5.54
fold2_room1_mix0440,93,4,0,6,-4,5.37
fold2_room1_mix0440,94,4,0,6,-3,6.02
fold2_room1_mix0440,95,4,0,6,-3,5.97
fold2_room1_mix0440,96,4,0,6,-3,6.33
fold2_room1_mix0440,97,4,0,5,-3,7.31
fold2_room1_mix0440,98,4,0,6,-3,7.20
fold2_room1_mix0440,99,4,0,6,-3,7.96
fold2_room1_mix0441,5,4,0,-3,0,11.11
fold2_room1_mix0441,6,4,0,-6,0,16.58
fold2_room1_mix0441,7,4,0,-6,0,20.16
fold2_room1_mix0441,8,4,0,-7,0,22.83
fold2_room1_mix0441,9,4,0,-7,-1,28.41
fold2_room1_mix0441,10,4,0,-8,-1,32.67
fold2_room1_mix0441,11,4,0,-8,-1,34.69
fold2_room1_mix0441,12,4,0,-12,0,39.90
fold2_room1_mix0441,13,4,0,-8,-1,38.45
fold2_room1_mix0441,14,4,0,-10,-1,36.97
fold2_room1_mix0441,15,4,0,-9,0,44.30
fold2_room1_mix0441,16,4,0,-9,0,43.21
fold2_room1_mix0441,17,4,0,-8,-1,44.29
fold2_room1_mix0441,18,4,0,-9,0,47.42
fold2_room1_mix0441,19,4,0,-9,-1,46.35
fold2_room1_mix0441,20,4,0,-10,0,46.21
fold2_room1_mix0441,21,4,0,-9,0,47.27
fold2_room1_mix0441,22,4,0,-13,0,47.63
fold2_room1_mix0441,23,4,0,-11,-1,47.08
fold2_room1_mix0441,24,4,0,-14,0,46.00
fold2_room1_mix0441,25,4,0,-13,0,45.78
fold2_room1_mix0441,26,4,0,-13,-1,46.57
fold2_room1_mix0441,27,4,0,-14,-1,47.16
fold2_room1_mix0441,28,4,0,-14,0,47.13
fold2_room1_mix0441,29,4,0,-14,-1,45.59
fold2_room1_mix0441,30,4,0,-15,0,46.44
fold2_room1_mix0441,31,4,0,-15,0,46.43
fold2_room1_mix0441,32,4,0,-15,-1,44.25
fold2_room1_mix0441,33,4,0,-14,0,45.86
fold2_room1_mix0441,34,2,0,89,-4,6.03
fold2_room1_mix0441,34,4,0,-13,0,49.66
fold2_room1_mix0441,35,4,0,-14,0,49.89
fold2_room1_mix0441,36,4,0,-15,0,48.80
fold2_room1_mix0441,37,4,0,-18,0,47.96
fold2_room1_mix0441,38,4,0,-17,0,43.95
fold2_room1_mix0441,39,2,0,84,-5,7.53
fold2_room1_mix0441,39,4,0,-11,0,42.74
fold2_room1_mix0441,40,2,0,81,-5,7.25
fold2_room1_mix0441,40,4,0,-15,0,40.40
fold2_room1_mix0441,41,2,0,75,-6,7.16
fold2_room1_mix0441,41,4,0,-12,0,38.47
fold2_room1_mix0441,42,2,0,67,-5,7.33
fold2_room1_mix0441,42,4,0,-15,0,37.09
fold2_room1_mix0441,43,2,0,66,-6,6.52
fold2_room1_mix0441,43,4,0,-18,0,34.66
fold2_room1_mix0441,44,2,0,59,-5,3.68
fold2_room1_mix0441,44,4,0,-24,0,36.05
fold2_room1_mix0441,45,4,0,-25,0,32.33
fold2_room1_mix0441,46,4,0,-25,0,34.07
fold2_room1_mix0441,47,4,0,-23,0,34.37
fold2_room1_mix0441,48,4,0,-25,-1,32.33
fold2_room1_mix0441,49,2,0,70,-6,7.14
fold2_room1_mix0441,49,4,0,-24,0,32.22
fold2_room1_mix0441,50,2,0,63,-6,7.56
fold2_room1_mix0441,50,4,0,-25,0,31.96
fold2_room1_mix0441,51,2,0,62,-6,8.02
fold2_room1_mix0441,51,4,0,-25,0,30.52
fold2_room1_mix0441,52,2,0,62,-6,7.69
fold2_room1_mix0441,52,4,0,-26,-1,28.98
fold2_room1_mix0441,53,2,0,61,-6,8.16
fold2_room1_mix0441,53,4,0,-25,-1,30.17
fold2_room1_mix0441,54,4,0,-31,0,29.98
fold2_room1_mix0441,55,4,0,-32,-1,25.92
fold2_room1_mix0441,56,4,0,-36,-1,25.19
fold2_room1_mix0441,57,4,0,-37,-1,24.59
fold2_room1_mix0441,58,4,0,-38,-1,24.07
fold2_room1_mix0441,59,2,0,61,-5,9.15
fold2_room1_mix0441,59,4,0,-37,0,23.47
fold2_room1_mix0441,60,2,0,55,-5,8.81
fold2_room1_mix0441,60,4,0,-37,0,22.91
fold2_room1_mix0441,61,2,0,58,-5,9.71
fold2_room1_mix0441,61,4,0,-41,0,21.13
fold2_room1_mix0441,62,2,0,59,-5,9.13
fold2_room1_mix0441,62,4,0,-40,-1,20.57
fold2_room1_mix0441,63,2,0,54,-5,9.81
fold2_room1_mix0441,63,4,0,-41,0,20.02
fold2_room1_mix0441,64,4,0,-51,-1,18.46
fold2_room1_mix0441,65,4,0,-52,-1,18.00
fold2_room1_mix0441,66,4,0,-56,-1,18.36
fold2_room1_mix0441,67,4,0,-58,-1,17.41
fold2_room1_mix0441,68,4,0,-60,-1,16.20
fold2_room1_mix0441,69,4,0,-65,-1,15.78
fold2_room1_mix0441,70,4,0,-68,-2,14.74
fold2_room1_mix0441,71,4,0,-69,-2,14.72
fold2_room1_mix0441,72,4,0,-73,-2,14.18
fold2_room1_mix0441,73,4,0,-75,-2,14.20
fold2_room1_mix0441,74,4,0,-78,-2,13.45
fold2_room1_mix0441,75,4,0,-81,-2,13.47
fold2_room1_mix0441,76,4,0,-83,-2,13.39
fold2_room1_mix0441,77,4,0,-85,-3,13.07
fold2_room1_mix0441,78,4,0,-88,-3,12.72
fold2_room1_mix0441,79,4,0,-91,-2,13.02
fold2_room1_mix0441,80,4,0,-95,-3,12.49
fold2_room1_mix0441,81,4,0,-98,-3,12.88
fold2_room1_mix0441,82,4,0,-103,-2,13.51
fold2_room1_mix0441,83,4,0,-107,-3,13.56
fold2_room1_mix0441,84,4,0,-110,-3,14.11
fold2_room1_mix0441,85,4,0,-113,-3,14.83
fold2_room1_mix0441,86,4,0,-115,-3,14.70
fold2_room1_mix0441,87,4,0,-117,-2,15.38
fold2_room1_mix0441,88,4,0,-119,-2,15.31
fold2_room1_mix0441,89,4,0,-121,-2,15.91
fold2_room1_mix0441,90,4,0,-125,-2,16.37
fold2_room1_mix0441,91,4,0,-126,-2,16.93
fold2_room1_mix0441,92,4,0,-128,-2,17.73
fold2_room1_mix0441,93,4,0,-130,-2,18.21
fold2_room1_mix0441,94,4,0,-130,-2,18.30
fold2_room1_mix0441,95,4,0,-131,-2,19.22
fold2_room1_mix0441,96,4,0,-133,-2,19.88
fold2_room1_mix0441,97,4,0,-134,-1,20.87
fold2_room1_mix0441,98,4,0,-135,-1,21.36
fold2_room1_mix0441,99,4,0,-137,-1,21.85
fold2_room1_mix0441,4,4,0,-7,1,1.59
fold2_room1_mix0442,1,4,0,-179,0,2.03
fold2_room1_mix0442,2,4,0,-177,0,2.42
fold2_room1_mix0442,3,4,0,-179,0,4.39
fold2_room1_mix0442,4,4,0,179,0,11.93
fold2_room1_mix0442,5,4,0,-179,0,13.25
fold2_room1_mix0442,6,4,0,-179,0,14.43
fold2_room1_mix0442,7,3,0,167,-4,15.29
fold2_room1_mix0442,7,4,0,-179,0,14.96
fold2_room1_mix0442,8,3,0,165,-3,16.63
fold2_room1_mix0442,8,4,0,-178,0,17.59
fold2_room1_mix0442,9,3,0,166,-3,16.60
fold2_room1_mix0442,9,4,0,-178,0,16.22
fold2_room1_mix0442,10,3,0,168,-3,16.79
fold2_room1_mix0442,10,4,0,-177,0,18.95
fold2_room1_mix0442,11,3,0,168,-3,18.33
fold2_room1_mix0442,11,4,0,-178,0,18.24
fold2_room1_mix0442,12,3,0,165,-3,16.98
fold2_room1_mix0442,12,4,0,-179,0,19.01
fold2_room1_mix0442,13,3,0,164,-2,17.10
fold2_room1_mix0442,13,4,0,-177,0,18.91
fold2_room1_mix0442,14,3,0,168,-3,17.14
fold2_room1_mix0442,14,4,0,-177,0,18.36
fold2_room1_mix0442,15,3,0,167,-2,15.88
fold2_room1_mix0442,15,4,0,-177,0,17.95
fold2_room1_mix0442,16,3,0,166,-2,9.29
fold2_room1_mix0442,16,4,0,-176,0,18.85
fold2_room1_mix0442,17,4,0,-177,0,19.60
fold2_room1_mix0442,18,4,0,-176,0,19.29
fold2_room1_mix0442,19,3,0,165,-3,19.12
fold2_room1_mix0442,19,4,0,-177,0,17.40
fold2_room1_mix0442,20,3,0,161,-3,17.16
fold2_room1_mix0442,20,4,0,-177,0,16.14
fold2_room1_mix0442,21,3,0,161,-3,16.86
fold2_room1_mix0442,21,4,0,-177,0,15.65
fold2_room1_mix0442,22,3,0,162,-3,14.87
fold2_room1_mix0442,22,4,0,-176,0,15.93
fold2_room1_mix0442,23,3,0,155,-3,13.81
fold2_room1_mix0442,23,3,0,154,-3,13.91
fold2_room1_mix0442,23,4,0,-178,0,14.47
fold2_room1_mix0442,24,3,0,158,-4,13.25
fold2_room1_mix0442,24,4,0,-178,0,15.50
fold2_room1_mix0442,25,3,0,154,-3,14.78
fold2_room1_mix0442,25,3,0,153,-3,14.93
fold2_room1_mix0442,25,4,0,-177,0,15.31
fold2_room1_mix0442,26,4,0,179,0,16.05
fold2_room1_mix0442,27,3,0,-49,-2,11.85
fold2_room1_mix0442,27,4,0,175,0,16.15
fold2_room1_mix0442,28,3,0,-70,-2,12.22
fold2_room1_mix0442,28,4,0,176,0,16.19
fold2_room1_mix0442,29,3,0,-75,-3,13.74
fold2_room1_mix0442,29,4,0,174,0,16.86
fold2_room1_mix0442,30,3,0,-74,-2,15.67
fold2_room1_mix0442,30,4,0,176,0,16.69
fold2_room1_mix0442,31,3,0,176,-5,16.32
fold2_room1_mix0442,31,3,0,-111,-2,17.66
fold2_room1_mix0442,31,3,0,154,-5,15.90
fold2_room1_mix0442,31,4,0,176,0,18.40
fold2_room1_mix0442,32,3,0,162,-3,16.96
fold2_room1_mix0442,32,3,0,157,-3,16.86
fold2_room1_mix0442,32,4,0,178,0,18.77
fold2_room1_mix0442,33,3,0,163,-3,18.88
fold2_room1_mix0442,33,3,0,161,-3,18.96
fold2_room1_mix0442,33,4,0,178,0,17.64
fold2_room1_mix0442,34,3,0,162,-3,17.08
fold2_room1_mix0442,34,3,0,160,-3,17.19
fold2_room1_mix0442,34,4,0,179,0,20.06
fold2_room1_mix0442,35,3,0,155,-3,15.35
fold2_room1_mix0442,35,3,0,154,-3,15.45
fold2_room1_mix0442,35,4,0,178,0,21.18
fold2_room1_mix0442,36,3,0,160,-3,14.81
fold2_room1_mix0442,36,4,0,179,0,19.94
fold2_room1_mix0442,37,3,0,163,-3,11.48
fold2_room1_mix0442,37,3,0,161,-3,11.54
fold2_room1_mix0442,37,4,0,179,0,19.93
fold2_room1_mix0442,38,3,0,152,-4,21.13
fold2_room1_mix0442,38,4,0,179,0,19.81
fold2_room1_mix0442,39,3,0,152,-4,15.40
fold2_room1_mix0442,39,3,0,147,-4,15.45
fold2_room1_mix0442,39,4,0,176,0,16.92
fold2_room1_mix0442,40,3,0,-93,-5,12.48
fold2_room1_mix0442,40,4,0,175,0,17.63
fold2_room1_mix0442,41,3,0,-66,-3,11.89
fold2_room1_mix0442,41,4,0,172,0,17.13
fold2_room1_mix0442,42,3,0,108,-5,11.33
fold2_room1_mix0442,42,4,0,174,0,17.87
fold2_room1_mix0442,43,3,0,-59,-2,11.77
fold2_room1_mix0442,43,4,0,172,0,17.84
fold2_room1_mix0442,44,3,0,-24,-6,11.29
fold2_room1_mix0442,44,3,0,-48,-2,12.28
fold2_room1_mix0442,44,3,0,0,-6,10.83
fold2_room1_mix0442,44,4,0,174,0,18.36
fold2_room1_mix0442,45,3,0,-31,-5,10.35
fold2_room1_mix0442,45,3,0,-51,-2,10.92
fold2_room1_mix0442,45,4,0,173,0,14.88
fold2_room1_mix0442,46,3,0,-37,-3,10.95
fold2_room1_mix0442,46,4,0,171,0,15.59
fold2_room1_mix0442,47,3,0,-37,-4,10.92
fold2_room1_mix0442,47,4,0,169,0,17.16
fold2_room1_mix0442,48,3,0,-41,-3,11.18
fold2_room1_mix0442,48,4,0,168,-1,15.21
fold2_room1_mix0442,49,3,0,-44,-3,12.37
fold2_room1_mix0442,49,4,0,167,-1,14.55
fold2_room1_mix0442,50,3,0,-51,-4,11.72
fold2_room1_mix0442,50,4,0,168,0,15.95
fold2_room1_mix0442,51,3,0,-48,-4,11.21
fold2_room1_mix0442,51,4,0,169,0,15.42
fold2_room1_mix0442,52,3,0,-50,-3,10.16
fold2_room1_mix0442,52,4,0,171,-1,13.10
fold2_room1_mix0442,53,3,0,-58,-4,10.50
fold2_room1_mix0442,53,4,0,170,-1,14.44
fold2_room1_mix0442,54,3,0,-70,-4,11.58
fold2_room1_mix0442,54,4,0,173,-1,15.34
fold2_room1_mix0442,55,3,0,-73,-5,10.55
fold2_room1_mix0442,55,4,0,174,-1,14.56
fold2_room1_mix0442,56,4,0,176,-1,16.37
fold2_room1_mix0442,57,3,0,121,-4,17.69
fold2_room1_mix0442,57,4,0,175,-1,15.32
fold2_room1_mix0442,58,3,0,121,-6,10.91
fold2_room1_mix0442,58,4,0,176,-1,11.84
fold2_room1_mix0442,59,3,0,-69,-5,11.50
fold2_room1_mix0442,59,4,0,172,-1,11.34
fold2_room1_mix0442,60,3,0,-59,-6,9.38
fold2_room1_mix0442,60,4,0,173,-1,9.88
fold2_room1_mix0442,61,3,0,81,-7,7.51
fold2_room1_mix0442,61,4,0,172,-2,11.01
fold2_room1_mix0442,62,3,0,100,-8,7.96
fold2_room1_mix0442,62,4,0,171,-2,9.35
fold2_room1_mix0442,63,3,0,-71,-8,10.08
fold2_room1_mix0442,63,4,0,166,-1,9.65
fold2_room1_mix0442,64,3,0,-66,-6,10.30
fold2_room1_mix0442,64,4,0,169,-2,8.36
fold2_room1_mix0442,65,3,0,-83,-5,10.09
fold2_room1_mix0442,65,4,0,167,-1,8.57
fold2_room1_mix0442,66,3,0,-91,-5,11.65
fold2_room1_mix0442,66,4,0,165,-1,9.98
fold2_room1_mix0442,67,3,0,-95,-5,12.19
fold2_room1_mix0442,67,4,0,165,-2,9.34
fold2_room1_mix0442,68,3,0,-102,-4,13.90
fold2_room1_mix0442,68,4,0,162,-2,8.85
fold2_room1_mix0442,69,3,0,-99,-4,12.78
fold2_room1_mix0442,69,4,0,163,-2,9.58
fold2_room1_mix0442,70,3,0,-97,-5,12.02
fold2_room1_mix0442,70,4,0,163,-2,8.85
fold2_room1_mix0442,71,3,0,-101,-4,10.99
fold2_room1_mix0442,71,4,0,167,-3,8.11
fold2_room1_mix0442,72,3,0,-98,-4,9.16
fold2_room1_mix0442,72,4,0,166,-3,7.91
fold2_room1_mix0442,73,4,0,167,-3,7.70
fold2_room1_mix0442,74,4,0,169,-5,7.01
fold2_room1_mix0442,75,4,0,165,-4,7.00
fold2_room1_mix0442,76,4,0,165,-5,6.40
fold2_room1_mix0442,77,4,0,164,-5,5.97
fold2_room1_mix0442,78,4,0,160,-6,5.20
fold2_room1_mix0442,79,4,0,162,-6,5.13
fold2_room1_mix0442,80,4,0,159,-7,4.67
fold2_room1_mix0442,81,4,0,156,-9,3.89
fold2_room1_mix0442,82,4,0,153,-10,3.50
fold2_room1_mix0442,83,4,0,150,-11,3.17
fold2_room1_mix0442,84,4,0,142,-14,2.50
fold2_room1_mix0442,85,4,0,139,-14,2.54
fold2_room1_mix0442,86,4,0,128,-18,2.14
fold2_room1_mix0442,87,4,0,112,-21,1.98
fold2_room1_mix0442,88,4,0,98,-19,2.06
fold2_room1_mix0442,89,4,0,84,-19,2.06
fold2_room1_mix0442,90,4,0,66,-16,2.42
fold2_room1_mix0442,91,4,0,55,-14,2.61
fold2_room1_mix0442,92,4,0,41,-11,2.86
fold2_room1_mix0442,93,4,0,36,-10,3.02
fold2_room1_mix0442,94,4,0,32,-9,3.57
fold2_room1_mix0442,95,4,0,26,-7,4.11
fold2_room1_mix0442,96,4,0,23,-7,4.16
fold2_room1_mix0442,97,4,0,21,-6,4.92
fold2_room1_mix0442,98,4,0,19,-6,4.99
fold2_room1_mix0442,99,4,0,18,-6,5.12
fold2_room1_mix0443,41,4,0,5,0,5.82
fold2_room1_mix0443,42,4,0,5,0,12.21
fold2_room1_mix0443,43,4,0,9,-1,14.21
fold2_room1_mix0443,44,4,0,9,-1,17.24
fold2_room1_mix0443,45,4,0,11,-1,17.35
fold2_room1_mix0443,46,4,0,8,-2,16.84
fold2_room1_mix0443,47,4,0,10,-2,15.59
fold2_room1_mix0443,48,4,0,11,-2,15.61
fold2_room1_mix0443,49,4,0,11,-2,14.73
fold2_room1_mix0443,50,4,0,15,-2,13.83
fold2_room1_mix0443,51,4,0,14,-2,12.87
fold2_room1_mix0443,52,4,0,16,-3,12.07
fold2_room1_mix0443,53,4,0,17,-3,11.50
fold2_room1_mix0443,54,4,0,17,-3,10.87
fold2_room1_mix0443,55,4,0,18,-3,9.90
fold2_room1_mix0443,56,4,0,21,-3,8.67
fold2_room1_mix0443,57,4,0,20,-3,8.59
fold2_room1_mix0443,58,4,0,24,-4,7.38
fold2_room1_mix0443,59,4,0,25,-4,6.92
fold2_room1_mix0443,60,4,0,27,-4,6.55
fold2_room1_mix0443,61,4,0,28,-5,5.68
fold2_room1_mix0443,62,4,0,31,-6,4.98
fold2_room1_mix0443,63,4,0,34,-7,4.27
fold2_room1_mix0443,64,4,0,37,-7,3.71
fold2_room1_mix0443,65,4,0,45,-9,3.58
fold2_room1_mix0443,66,4,0,57,-11,2.96
fold2_room1_mix0443,67,4,0,75,-12,2.92
fold2_room1_mix0443,68,4,0,90,-12,2.69
fold2_room1_mix0443,69,4,0,106,-11,2.92
fold2_room1_mix0443,70,4,0,120,-9,3.34
fold2_room1_mix0443,71,4,0,134,-7,3.71
fold2_room1_mix0443,72,4,0,140,-6,4.21
fold2_room1_mix0443,73,4,0,144,-6,4.84
fold2_room1_mix0443,74,4,0,149,-5,5.28
fold2_room1_mix0443,75,4,0,151,-5,6.09
fold2_room1_mix0443,76,4,0,154,-4,6.79
fold2_room1_mix0443,77,4,0,157,-3,7.57
fold2_room1_mix0443,78,4,0,160,-3,8.05
fold2_room1_mix0443,79,4,0,162,-3,8.78
fold2_room1_mix0443,80,4,0,163,-3,9.28
fold2_room1_mix0443,81,4,0,164,-3,10.00
fold2_room1_mix0443,82,4,0,165,-2,10.69
fold2_room1_mix0443,83,4,0,165,-2,11.36
fold2_room1_mix0443,84,4,0,165,-2,11.57
fold2_room1_mix0443,85,4,0,166,-2,12.43
fold2_room1_mix0443,86,4,0,167,-2,13.08
fold2_room1_mix0443,87,4,0,167,-2,13.07
fold2_room1_mix0443,88,4,0,167,-2,14.21
fold2_room1_mix0443,89,4,0,168,-1,14.86
fold2_room1_mix0443,90,4,0,168,-1,14.94
fold2_room1_mix0443,91,4,0,168,-1,15.41
fold2_room1_mix0443,92,4,0,171,0,7.87
fold2_room1_mix0443,93,4,0,171,0,6.84
fold2_room1_mix0443,94,4,0,173,0,5.34
fold2_room1_mix0444,3,4,0,10,-2,7.80
fold2_room1_mix0444,4,4,0,13,-2,8.66
fold2_room1_mix0444,5,4,0,14,-2,10.00
fold2_room1_mix0444,6,4,0,15,-2,12.08
fold2_room1_mix0444,7,4,0,15,-2,15.06
fold2_room1_mix0444,8,4,0,16,-3,14.73
fold2_room1_mix0444,9,4,0,15,-2,13.74
fold2_room1_mix0444,10,4,0,16,-2,13.40
fold2_room1_mix0444,11,4,0,18,-3,12.79
fold2_room1_mix0444,12,4,0,16,-3,13.15
fold2_room1_mix0444,13,4,0,16,-3,13.11
fold2_room1_mix0444,14,4,0,16,-3,12.65
fold2_room1_mix0444,15,4,0,16,-3,12.62
fold2_room1_mix0444,16,4,0,17,-3,11.33
fold2_room1_mix0444,17,4,0,16,-3,11.34
fold2_room1_mix0444,18,4,0,18,-3,11.01
fold2_room1_mix0444,19,4,0,18,-4,10.22
fold2_room1_mix0444,20,4,0,18,-4,10.25
fold2_room1_mix0444,21,4,0,19,-3,10.66
fold2_room1_mix0444,22,4,0,19,-4,9.70
fold2_room1_mix0444,23,4,0,19,-4,9.48
fold2_room1_mix0444,24,4,0,20,-4,9.58
fold2_room1_mix0444,25,4,0,20,-4,9.79
fold2_room1_mix0444,26,4,0,22,-4,9.38
fold2_room1_mix0444,27,4,0,23,-4,9.07
fold2_room1_mix0444,28,4,0,22,-4,8.77
fold2_room1_mix0444,29,4,0,22,-4,8.37
fold2_room1_mix0444,30,4,0,24,-4,8.28
fold2_room1_mix0444,31,4,0,25,-4,8.45
fold2_room1_mix0444,32,4,0,25,-4,8.11
fold2_room1_mix0444,33,4,0,26,-4,8.00
fold2_room1_mix0444,34,4,0,27,-4,8.06
fold2_room1_mix0444,35,4,0,27,-5,7.44
fold2_room1_mix0444,36,4,0,28,-5,7.32
fold2_room1_mix0444,37,4,0,28,-5,7.28
fold2_room1_mix0444,38,4,0,29,-5,6.65
fold2_room1_mix0444,39,4,0,29,-5,6.87
fold2_room1_mix0444,40,4,0,30,-5,6.57
fold2_room1_mix0444,41,4,0,29,-5,6.19
fold2_room1_mix0444,42,4,0,31,-5,5.86
fold2_room1_mix0444,43,4,0,32,-6,5.76
fold2_room1_mix0444,44,4,0,32,-5,5.80
fold2_room1_mix0444,45,4,0,32,-6,5.63
fold2_room1_mix0444,46,4,0,33,-6,5.36
fold2_room1_mix0444,47,4,0,34,-7,5.41
fold2_room1_mix0444,48,4,0,35,-7,4.97
fold2_room1_mix0444,49,4,0,37,-8,4.85
fold2_room1_mix0444,50,4,0,40,-7,4.81
fold2_room1_mix0444,51,4,0,40,-8,4.31
fold2_room1_mix0444,52,4,0,43,-8,4.45
fold2_room1_mix0444,53,4,0,45,-8,4.40
fold2_room1_mix0444,54,4,0,47,-8,3.99
fold2_room1_mix0444,55,4,0,50,-8,3.94
fold2_room1_mix0444,56,4,0,53,-8,3.76
fold2_room1_mix0444,57,4,0,57,-9,3.68
fold2_room1_mix0444,58,4,0,60,-10,3.51
fold2_room1_mix0444,59,4,0,64,-10,3.46
fold2_room1_mix0444,60,4,0,68,-10,3.26
fold2_room1_mix0444,61,4,0,72,-11,3.26
fold2_room1_mix0444,62,4,0,77,-11,3.35
fold2_room1_mix0444,63,4,0,82,-12,3.42
fold2_room1_mix0444,64,4,0,85,-12,3.39
fold2_room1_mix0444,65,4,0,88,-12,3.67
fold2_room1_mix0444,66,4,0,91,-13,3.64
fold2_room1_mix0444,67,4,0,95,-13,3.50
fold2_room1_mix0444,68,4,0,100,-12,3.64
fold2_room1_mix0444,69,4,0,103,-11,3.63
fold2_room1_mix0444,70,4,0,107,-11,3.59
fold2_room1_mix0444,71,4,0,111,-10,3.74
fold2_room1_mix0444,72,4,0,114,-10,3.86
fold2_room1_mix0444,73,4,0,118,-11,3.64
fold2_room1_mix0444,74,4,0,120,-10,3.84
fold2_room1_mix0444,75,4,0,124,-10,3.87
fold2_room1_mix0444,76,4,0,127,-9,4.17
fold2_room1_mix0444,77,4,0,130,-9,4.27
fold2_room1_mix0444,78,4,0,132,-9,4.27
fold2_room1_mix0444,79,4,0,134,-9,4.35
fold2_room1_mix0444,80,4,0,136,-8,4.59
fold2_room1_mix0444,81,4,0,138,-8,4.76
fold2_room1_mix0444,82,4,0,139,-8,5.04
fold2_room1_mix0444,83,4,0,140,-8,5.04
fold2_room1_mix0444,84,4,0,141,-7,5.45
fold2_room1_mix0444,85,4,0,142,-7,5.77
fold2_room1_mix0444,86,4,0,143,-7,5.69
fold2_room1_mix0444,87,4,0,143,-7,6.19
fold2_room1_mix0444,88,4,0,144,-7,6.36
fold2_room1_mix0444,89,4,0,146,-6,6.47
fold2_room1_mix0444,90,4,0,147,-6,6.92
fold2_room1_mix0444,91,4,0,148,-6,6.80
fold2_room1_mix0444,92,4,0,148,-5,7.11
fold2_room1_mix0444,93,4,0,149,-5,7.34
fold2_room1_mix0444,94,4,0,151,-5,7.53
fold2_room1_mix0444,95,4,0,152,-5,7.88
fold2_room1_mix0444,96,4,0,154,-4,8.09
fold2_room1_mix0444,97,4,0,153,-5,8.14
fold2_room1_mix0444,98,4,0,153,-4,8.51
fold2_room1_mix0444,99,4,0,156,-5,7.29
fold2_room1_mix0444,2,4,0,4,0,2.02
fold2_room1_mix0445,0,5,0,-163,3,4.47
fold2_room1_mix0445,2,5,0,-158,3,10.43
fold2_room1_mix0445,3,5,0,-159,3,12.54
fold2_room1_mix0445,5,5,0,-161,3,10.98
fold2_room1_mix0445,6,5,0,-161,2,15.90
fold2_room1_mix0445,7,5,0,-161,3,15.84
fold2_room1_mix0445,8,5,0,-159,3,11.48
fold2_room1_mix0445,9,5,0,-160,2,16.00
fold2_room1_mix0445,10,5,0,-153,3,12.55
fold2_room1_mix0445,11,5,0,-164,3,12.60
fold2_room1_mix0445,12,5,0,-161,2,14.62
fold2_room1_mix0445,13,5,0,-158,3,12.08
fold2_room1_mix0445,14,5,0,-159,3,13.75
fold2_room1_mix0445,15,5,0,-160,2,15.49
fold2_room1_mix0445,16,5,0,-155,3,14.10
fold2_room1_mix0445,17,5,0,-159,2,15.46
fold2_room1_mix0445,18,5,0,-158,3,12.32
fold2_room1_mix0445,19,5,0,-158,3,14.42
fold2_room1_mix0445,20,5,0,-158,2,15.10
fold2_room1_mix0445,21,5,0,-156,3,12.95
fold2_room1_mix0445,22,5,0,-153,3,13.06
fold2_room1_mix0445,23,5,0,-159,3,14.38
fold2_room1_mix0445,24,5,0,-161,3,13.76
fold2_room1_mix0445,25,5,0,-154,2,14.83
fold2_room1_mix0445,26,5,0,-159,3,14.10
fold2_room1_mix0445,27,5,0,-157,3,13.20
fold2_room1_mix0445,28,5,0,-163,3,14.77
fold2_room1_mix0445,29,5,0,-157,2,14.95
fold2_room1_mix0445,30,5,0,-160,3,14.45
fold2_room1_mix0445,31,5,0,-162,3,15.05
fold2_room1_mix0445,32,5,0,-165,3,15.77
fold2_room1_mix0445,33,5,0,-161,3,14.71
fold2_room1_mix0445,34,5,0,-164,3,13.56
fold2_room1_mix0445,35,5,0,-163,3,15.11
fold2_room1_mix0445,36,5,0,-163,2,15.34
fold2_room1_mix0445,37,5,0,-165,3,13.91
fold2_room1_mix0445,38,5,0,-162,2,14.51
fold2_room1_mix0445,39,5,0,-163,3,13.64
fold2_room1_mix0445,40,5,0,-166,3,14.69
fold2_room1_mix0445,41,5,0,-161,3,13.85
fold2_room1_mix0445,42,5,0,-166,3,13.32
fold2_room1_mix0445,43,5,0,-167,3,14.68
fold2_room1_mix0445,44,5,0,-167,2,16.55
fold2_room1_mix0445,45,5,0,-163,3,13.73
fold2_room1_mix0445,46,5,0,-170,2,15.23
fold2_room1_mix0445,47,4,0,2,-1,12.26
fold2_room1_mix0445,47,5,0,-162,3,14.71
fold2_room1_mix0445,48,4,0,1,-1,10.72
fold2_room1_mix0445,48,5,0,-165,2,14.89
fold2_room1_mix0445,49,4,0,2,-2,11.03
fold2_room1_mix0445,49,5,0,-165,2,15.71
fold2_room1_mix0445,50,4,0,5,-2,12.82
fold2_room1_mix0445,50,5,0,-164,2,15.30
fold2_room1_mix0445,51,4,0,7,-3,12.12
fold2_room1_mix0445,51,5,0,-161,3,13.51
fold2_room1_mix0445,52,4,0,5,-3,11.31
fold2_room1_mix0445,52,5,0,-166,2,15.16
fold2_room1_mix0445,53,4,0,7,-3,10.93
fold2_room1_mix0445,53,5,0,-164,2,14.25
fold2_room1_mix0445,54,4,0,10,-4,9.90
fold2_room1_mix0445,54,5,0,-165,3,13.96
fold2_room1_mix0445,55,4,0,10,-4,8.39
fold2_room1_mix0445,55,5,0,-165,2,15.67
fold2_room1_mix0445,56,4,0,13,-5,6.62
fold2_room1_mix0445,56,5,0,-165,2,14.84
fold2_room1_mix0445,57,4,0,14,-6,4.95
fold2_room1_mix0445,57,5,0,-163,3,15.24
fold2_room1_mix0445,58,4,0,19,-9,4.07
fold2_room1_mix0445,58,5,0,-162,3,14.77
fold2_room1_mix0445,59,4,0,25,-11,3.14
fold2_room1_mix0445,59,5,0,-161,3,13.68
fold2_room1_mix0445,60,4,0,41,-16,2.31
fold2_room1_mix0445,60,5,0,-164,2,16.25
fold2_room1_mix0445,61,4,0,80,-20,1.81
fold2_room1_mix0445,61,5,0,-163,3,13.70
fold2_room1_mix0445,62,4,0,133,-14,2.02
fold2_room1_mix0445,62,5,0,-163,3,13.63
fold2_room1_mix0445,63,4,0,153,-9,2.59
fold2_room1_mix0445,63,5,0,-160,3,13.82
fold2_room1_mix0445,64,4,0,165,-6,3.22
fold2_room1_mix0445,64,5,0,-162,3,14.46
fold2_room1_mix0445,65,4,0,164,-5,4.52
fold2_room1_mix0445,65,5,0,-168,3,12.90
fold2_room1_mix0445,66,4,0,168,-3,6.38
fold2_room1_mix0445,66,5,0,-165,4,12.50
fold2_room1_mix0445,67,4,0,169,-4,5.55
fold2_room1_mix0445,67,5,0,-165,4,12.32
fold2_room1_mix0445,68,4,0,170,-2,6.52
fold2_room1_mix0445,68,5,0,-165,3,12.67
fold2_room1_mix0445,69,4,0,172,-2,8.00
fold2_room1_mix0445,69,5,0,-166,4,12.45
fold2_room1_mix0445,70,4,0,174,-2,9.66
fold2_room1_mix0445,70,5,0,-169,4,12.70
fold2_room1_mix0445,71,4,0,173,-2,10.14
fold2_room1_mix0445,71,4,0,-2,-1,14.35
fold2_room1_mix0445,71,5,0,-163,4,12.22
fold2_room1_mix0445,72,4,0,172,-1,11.39
fold2_room1_mix0445,72,4,0,-3,-1,16.08
fold2_room1_mix0445,72,5,0,-168,4,12.81
fold2_room1_mix0445,73,4,0,174,-1,13.14
fold2_room1_mix0445,73,4,0,-1,-1,16.18
fold2_room1_mix0445,73,5,0,-165,4,13.87
fold2_room1_mix0445,74,4,0,175,-1,13.98
fold2_room1_mix0445,74,4,0,-1,-1,17.15
fold2_room1_mix0445,74,5,0,-161,4,12.05
fold2_room1_mix0445,75,4,0,173,-1,14.39
fold2_room1_mix0445,75,4,0,-2,-1,15.00
fold2_room1_mix0445,75,5,0,-165,3,13.67
fold2_room1_mix0445,76,4,0,178,-3,12.81
fold2_room1_mix0445,76,4,0,-1,-2,11.11
fold2_room1_mix0445,76,5,0,-166,3,15.45
fold2_room1_mix0445,77,4,0,175,-3,12.50
fold2_room1_mix0445,77,4,0,0,-2,10.71
fold2_room1_mix0445,77,5,0,-161,3,13.96
fold2_room1_mix0445,78,4,0,0,-3,9.22
fold2_room1_mix0445,78,5,0,-165,3,15.51
fold2_room1_mix0445,79,4,0,0,-5,7.47
fold2_room1_mix0445,79,5,0,-160,3,12.39
fold2_room1_mix0445,80,4,0,4,-11,5.82
fold2_room1_mix0445,80,5,0,-163,3,14.38
fold2_room1_mix0445,81,4,0,17,-17,3.46
fold2_room1_mix0445,81,5,0,-166,2,13.92
fold2_room1_mix0445,82,4,0,42,-31,2.23
fold2_room1_mix0445,82,5,0,-158,3,11.75
fold2_room1_mix0445,83,4,0,107,-36,2.45
fold2_room1_mix0445,83,4,0,65,-36,1.21
fold2_room1_mix0445,83,4,0,84,-39,1.19
fold2_room1_mix0445,83,5,0,-158,3,12.19
fold2_room1_mix0445,84,4,0,132,-36,1.57
fold2_room1_mix0445,84,5,0,-164,3,14.47
fold2_room1_mix0445,85,4,0,155,-24,2.36
fold2_room1_mix0445,85,5,0,-161,4,13.31
fold2_room1_mix0445,86,4,0,163,-16,2.60
fold2_room1_mix0445,86,5,0,-160,4,11.53
fold2_room1_mix0445,87,4,0,165,-13,3.21
fold2_room1_mix0445,87,5,0,-164,4,7.78
fold2_room1_mix0445,88,4,0,170,-11,3.24
fold2_room1_mix0445,88,5,0,-165,3,11.59
fold2_room1_mix0445,89,4,0,170,-7,5.18
fold2_room1_mix0445,89,5,0,-158,4,12.15
fold2_room1_mix0445,90,4,0,173,-6,5.29
fold2_room1_mix0445,90,5,0,-158,4,9.24
fold2_room1_mix0445,91,4,0,174,-4,6.42
fold2_room1_mix0445,91,5,0,-164,4,9.41
fold2_room1_mix0445,92,4,0,175,-4,7.32
fold2_room1_mix0445,92,5,0,-164,3,10.13
fold2_room1_mix0445,93,4,0,176,-3,8.25
fold2_room1_mix0445,93,5,0,-161,4,9.96
fold2_room1_mix0445,94,4,0,176,-2,9.28
fold2_room1_mix0445,94,5,0,-162,4,10.07
fold2_room1_mix0445,95,4,0,175,-2,10.89
fold2_room1_mix0445,95,5,0,-161,4,7.92
fold2_room1_mix0445,96,4,0,176,-2,11.27
fold2_room1_mix0445,96,5,0,-165,5,3.97
fold2_room1_mix0445,97,4,0,176,-1,12.60
fold2_room1_mix0445,97,5,0,-164,4,8.85
fold2_room1_mix0445,98,4,0,176,-2,12.92
fold2_room1_mix0445,98,5,0,-161,4,9.02
fold2_room1_mix0445,99,4,0,177,-1,13.87
fold2_room1_mix0445,99,5,0,-161,4,8.19
fold2_room1_mix0446,0,5,0,9,5,2.40
fold2_room1_mix0446,2,5,0,7,3,8.45
fold2_room1_mix0446,3,5,0,14,5,5.09
fold2_room1_mix0446,4,5,0,9,5,6.30
fold2_room1_mix0446,5,5,0,0,5,7.87
fold2_room1_mix0446,6,5,0,9,4,9.49
fold2_room1_mix0446,7,5,0,11,6,5.50
fold2_room1_mix0446,8,5,0,13,5,7.85
fold2_room1_mix0446,9,5,0,12,5,7.64
fold2_room1_mix0446,10,5,0,4,6,5.97
fold2_room1_mix0446,11,5,0,15,6,7.15
fold2_room1_mix0446,12,5,0,7,6,6.32
fold2_room1_mix0446,13,5,0,6,6,6.93
fold2_room1_mix0446,14,5,0,9,5,7.75
fold2_room1_mix0446,15,5,0,10,6,6.27
fold2_room1_mix0446,16,5,0,6,6,6.36
fold2_room1_mix0446,17,5,0,9,6,7.10
fold2_room1_mix0446,18,5,0,9,5,7.81
fold2_room1_mix0446,19,5,0,14,5,7.67
fold2_room1_mix0446,20,5,0,11,5,8.06
fold2_room1_mix0446,21,5,0,11,5,8.47
fold2_room1_mix0446,22,5,0,8,5,8.25
fold2_room1_mix0446,23,5,0,9,5,8.07
fold2_room1_mix0446,24,5,0,20,5,8.48
fold2_room1_mix0446,25,5,0,10,5,7.93
fold2_room1_mix0446,26,4,0,132,-1,2.50
fold2_room1_mix0446,26,5,0,13,5,8.13
fold2_room1_mix0446,27,4,0,134,-1,5.80
fold2_room1_mix0446,27,5,0,14,5,7.64
fold2_room1_mix0446,28,4,0,127,-1,10.65
fold2_room1_mix0446,28,5,0,13,8,5.25
fold2_room1_mix0446,29,4,0,133,-1,5.09
fold2_room1_mix0446,29,5,0,9,6,6.32
fold2_room1_mix0446,30,4,0,131,-2,14.76
fold2_room1_mix0446,30,5,0,10,5,8.88
fold2_room1_mix0446,31,4,0,123,-2,11.96
fold2_room1_mix0446,31,5,0,7,6,5.77
fold2_room1_mix0446,32,4,0,126,-2,14.31
fold2_room1_mix0446,32,5,0,13,8,5.19
fold2_room1_mix0446,33,4,0,122,-3,14.37
fold2_room1_mix0446,33,5,0,8,7,5.65
fold2_room1_mix0446,34,4,0,118,-3,14.00
fold2_room1_mix0446,34,5,0,15,5,7.47
fold2_room1_mix0446,35,4,0,138,-3,14.69
fold2_room1_mix0446,35,4,0,115,-3,13.90
fold2_room1_mix0446,35,5,0,13,7,5.74
fold2_room1_mix0446,36,4,0,118,-2,14.03
fold2_room1_mix0446,36,5,0,9,5,8.29
fold2_room1_mix0446,37,4,0,136,-2,13.69
fold2_room1_mix0446,37,4,0,111,-2,13.36
fold2_room1_mix0446,37,5,0,11,6,6.90
fold2_room1_mix0446,38,4,0,115,-2,14.89
fold2_room1_mix0446,38,5,0,8,5,8.87
fold2_room1_mix0446,39,4,0,134,-3,15.03
fold2_room1_mix0446,39,4,0,109,-2,14.37
fold2_room1_mix0446,39,5,0,7,5,8.16
fold2_room1_mix0446,40,4,0,143,-3,13.60
fold2_room1_mix0446,40,4,0,105,-2,13.74
fold2_room1_mix0446,40,5,0,14,5,8.49
fold2_room1_mix0446,41,4,0,153,-3,14.28
fold2_room1_mix0446,41,4,0,104,-1,14.54
fold2_room1_mix0446,41,5,0,7,7,5.76
fold2_room1_mix0446,42,4,0,154,-2,12.36
fold2_room1_mix0446,42,4,0,99,-2,11.75
fold2_room1_mix0446,42,5,0,6,4,8.14
fold2_room1_mix0446,43,4,0,154,-2,12.51
fold2_room1_mix0446,43,4,0,100,-1,12.55
fold2_room1_mix0446,43,5,0,12,4,8.86
fold2_room1_mix0446,44,4,0,152,-1,10.63
fold2_room1_mix0446,44,4,0,99,-2,9.51
fold2_room1_mix0446,44,5,0,9,5,8.09
fold2_room1_mix0446,45,4,0,162,-3,12.49
fold2_room1_mix0446,45,4,0,93,-2,13.36
fold2_room1_mix0446,45,5,0,2,5,8.65
fold2_room1_mix0446,46,4,0,165,-1,14.21
fold2_room1_mix0446,46,4,0,99,-1,13.69
fold2_room1_mix0446,46,5,0,0,4,9.62
fold2_room1_mix0446,47,4,0,-177,0,14.66
fold2_room1_mix0446,47,4,0,98,-2,13.66
fold2_room1_mix0446,47,4,0,83,-1,13.98
fold2_room1_mix0446,47,5,0,4,5,7.48
fold2_room1_mix0446,48,4,0,176,0,14.10
fold2_room1_mix0446,48,4,0,106,-2,13.68
fold2_room1_mix0446,48,4,0,79,-2,13.69
fold2_room1_mix0446,48,5,0,7,5,7.81
fold2_room1_mix0446,49,4,0,-176,0,15.88
fold2_room1_mix0446,49,4,0,84,-2,13.98
fold2_room1_mix0446,49,5,0,0,6,6.46
fold2_room1_mix0446,50,4,0,173,0,15.02
fold2_room1_mix0446,50,4,0,105,-1,15.13
fold2_room1_mix0446,50,4,0,83,-2,13.44
fold2_room1_mix0446,50,5,0,2,5,6.95
fold2_room1_mix0446,51,4,0,172,-1,13.89
fold2_room1_mix0446,51,4,0,94,-2,13.11
fold2_room1_mix0446,51,5,0,11,5,7.02
fold2_room1_mix0446,52,4,0,172,-2,12.99
fold2_room1_mix0446,52,4,0,90,-3,12.77
fold2_room1_mix0446,52,5,0,12,6,6.04
fold2_room1_mix0446,53,4,0,-178,-3,13.31
fold2_room1_mix0446,53,4,0,92,-3,13.05
fold2_room1_mix0446,53,4,0,75,-4,14.08
fold2_room1_mix0446,53,5,0,1,6,5.68
fold2_room1_mix0446,54,4,0,-173,-1,15.11
fold2_room1_mix0446,54,4,0,83,-3,12.67
fold2_room1_mix0446,54,5,0,5,4,6.20
fold2_room1_mix0446,55,4,0,-170,-1,14.18
fold2_room1_mix0446,55,4,0,96,-2,13.27
fold2_room1_mix0446,55,5,0,6,5,6.12
fold2_room1_mix0446,56,4,0,-168,-2,13.42
fold2_room1_mix0446,56,4,0,118,-2,13.82
fold2_room1_mix0446,56,4,0,84,-3,13.72
fold2_room1_mix0446,56,5,0,8,4,7.08
fold2_room1_mix0446,57,4,0,-167,-2,11.80
fold2_room1_mix0446,57,4,0,143,-1,13.70
fold2_room1_mix0446,57,4,0,87,-3,14.26
fold2_room1_mix0446,57,5,0,2,5,7.08
fold2_room1_mix0446,58,4,0,-170,-1,12.42
fold2_room1_mix0446,58,4,0,85,-3,13.46
fold2_room1_mix0446,58,5,0,2,4,7.96
fold2_room1_mix0446,59,4,0,-167,-1,12.09
fold2_room1_mix0446,59,4,0,75,-3,13.42
fold2_room1_mix0446,59,5,0,1,4,7.45
fold2_room1_mix0446,60,4,0,-156,-2,10.52
fold2_room1_mix0446,60,4,0,72,-3,11.54
fold2_room1_mix0446,60,5,0,10,4,8.48
fold2_room1_mix0446,61,4,0,-152,-2,9.56
fold2_room1_mix0446,61,4,0,80,-4,10.88
fold2_room1_mix0446,61,5,0,1,4,7.99
fold2_room1_mix0446,62,4,0,-151,-2,8.23
fold2_room1_mix0446,62,4,0,57,-3,10.38
fold2_room1_mix0446,62,5,0,1,4,8.80
fold2_room1_mix0446,63,4,0,-147,-2,9.08
fold2_room1_mix0446,63,4,0,49,-3,10.38
fold2_room1_mix0446,63,5,0,2,5,7.19
fold2_room1_mix0446,64,4,0,-136,-4,6.40
fold2_room1_mix0446,64,4,0,47,-3,10.73
fold2_room1_mix0446,64,5,0,4,4,8.74
fold2_room1_mix0446,65,4,0,-132,-4,5.42
fold2_room1_mix0446,65,4,0,43,-4,10.18
fold2_room1_mix0446,65,5,0,4,4,8.24
fold2_room1_mix0446,66,4,0,-121,-6,4.56
fold2_room1_mix0446,66,4,0,-101,-8,7.15
fold2_room1_mix0446,66,4,0,32,-3,11.18
fold2_room1_mix0446,66,5,0,4,4,9.29
fold2_room1_mix0446,67,4,0,-114,-6,4.26
fold2_room1_mix0446,67,4,0,-91,-8,6.68
fold2_room1_mix0446,67,4,0,30,-5,9.83
fold2_room1_mix0446,67,5,0,4,5,8.52
fold2_room1_mix0446,68,4,0,-96,-8,4.90
fold2_room1_mix0446,68,4,0,37,-2,11.74
fold2_room1_mix0446,68,5,0,6,4,10.19
fold2_room1_mix0446,69,4,0,-89,-8,4.24
fold2_room1_mix0446,69,4,0,-19,-6,8.70
fold2_room1_mix0446,69,5,0,-3,4,8.94
fold2_room1_mix0446,70,4,0,-74,-7,4.85
fold2_room1_mix0446,70,4,0,17,-1,12.40
fold2_room1_mix0446,70,5,0,7,3,10.26
fold2_room1_mix0446,71,4,0,-63,-7,5.10
fold2_room1_mix0446,71,4,0,24,-1,12.84
fold2_room1_mix0446,71,5,0,4,4,9.22
fold2_room1_mix0446,72,4,0,-55,-6,5.44
fold2_room1_mix0446,72,4,0,23,-1,14.24
fold2_room1_mix0446,72,5,0,7,4,9.83
fold2_room1_mix0446,73,4,0,-52,-6,5.70
fold2_room1_mix0446,73,4,0,23,0,15.98
fold2_room1_mix0446,73,5,0,3,6,7.90
fold2_room1_mix0446,74,4,0,-49,-5,6.62
fold2_room1_mix0446,74,4,0,24,0,16.66
fold2_room1_mix0446,74,5,0,3,7,7.11
fold2_room1_mix0446,75,4,0,-40,-4,7.89
fold2_room1_mix0446,75,4,0,24,0,18.71
fold2_room1_mix0446,75,5,0,11,5,8.73
fold2_room1_mix0446,76,4,0,-41,-4,8.43
fold2_room1_mix0446,76,4,0,20,0,18.99
fold2_room1_mix0446,76,5,0,9,6,6.84
fold2_room1_mix0446,77,4,0,-34,-3,9.44
fold2_room1_mix0446,77,4,0,16,0,17.28
fold2_room1_mix0446,77,5,0,2,4,9.06
fold2_room1_mix0446,78,4,0,-32,-3,10.46
fold2_room1_mix0446,78,4,0,13,0,18.86
fold2_room1_mix0446,78,5,0,2,5,8.82
fold2_room1_mix0446,79,4,0,-27,-3,11.43
fold2_room1_mix0446,79,4,0,-1,-1,17.42
fold2_room1_mix0446,79,5,0,1,5,7.75
fold2_room1_mix0446,80,4,0,-23,-2,12.69
fold2_room1_mix0446,80,4,0,-4,-1,17.29
fold2_room1_mix0446,80,5,0,4,3,10.64
fold2_room1_mix0446,81,4,0,-21,-3,12.29
fold2_room1_mix0446,81,4,0,13,-1,17.21
fold2_room1_mix0446,81,5,0,1,3,11.68
fold2_room1_mix0446,82,4,0,-10,-2,14.81
fold2_room1_mix0446,82,5,0,2,2,12.26
fold2_room1_mix0446,83,4,0,-8,-2,16.16
fold2_room1_mix0446,83,5,0,4,2,12.27
fold2_room1_mix0446,84,4,0,-13,-1,15.18
fold2_room1_mix0446,84,4,0,5,-1,17.74
fold2_room1_mix0446,84,5,0,5,2,12.15
fold2_room1_mix0446,85,4,0,-1,-1,16.49
fold2_room1_mix0446,85,5,0,2,2,12.76
fold2_room1_mix0446,86,4,0,-7,-2,16.81
fold2_room1_mix0446,86,5,0,1,2,14.07
fold2_room1_mix0446,87,4,0,-6,-1,8.14
fold2_room1_mix0446,87,5,0,-1,3,12.31
fold2_room1_mix0446,88,4,0,2,0,5.31
fold2_room1_mix0446,88,5,0,7,2,14.94
fold2_room1_mix0446,89,4,0,-2,-1,11.61
fold2_room1_mix0446,89,5,0,2,3,11.65
fold2_room1_mix0446,90,5,0,0,2,13.66
fold2_room1_mix0446,91,5,0,8,2,14.59
fold2_room1_mix0446,92,5,0,8,3,13.66
fold2_room1_mix0446,93,5,0,5,2,16.24
fold2_room1_mix0446,94,5,0,6,2,16.87
fold2_room1_mix0446,95,5,0,6,3,11.24
fold2_room1_mix0446,96,5,0,4,3,12.69
fold2_room1_mix0446,97,5,0,5,2,14.99
fold2_room1_mix0446,98,5,0,7,2,16.89
fold2_room1_mix0446,99,5,0,6,3,11.95
fold2_room1_mix0447,4,4,0,-176,-1,12.02
fold2_room1_mix0447,5,4,0,-176,0,12.50
fold2_room1_mix0447,6,4,0,-175,-1,16.27
fold2_room1_mix0447,7,4,0,-176,0,22.36
fold2_room1_mix0447,8,4,0,-175,-1,23.35
fold2_room1_mix0447,9,4,0,-174,0,23.43
fold2_room1_mix0447,10,4,0,-174,-1,23.96
fold2_room1_mix0447,11,4,0,-173,-1,24.18
fold2_room1_mix0447,12,4,0,-175,-1,23.49
fold2_room1_mix0447,13,4,0,-174,-1,23.03
fold2_room1_mix0447,14,4,0,-174,0,23.90
fold2_room1_mix0447,15,4,0,-171,0,23.40
fold2_room1_mix0447,16,4,0,-172,-1,22.25
fold2_room1_mix0447,17,4,0,-171,0,23.14
fold2_room1_mix0447,18,4,0,-172,-1,21.20
fold2_room1_mix0447,19,4,0,-172,0,20.22
fold2_room1_mix0447,20,4,0,-170,-1,20.21
fold2_room1_mix0447,21,4,0,-170,-1,19.33
fold2_room1_mix0447,22,4,0,-171,-1,19.53
fold2_room1_mix0447,23,4,0,-169,-1,19.48
fold2_room1_mix0447,24,4,0,-171,-1,19.70
fold2_room1_mix0447,25,4,0,-169,-1,19.89
fold2_room1_mix0447,26,4,0,-170,-1,18.92
fold2_room1_mix0447,27,4,0,-170,-1,18.94
fold2_room1_mix0447,28,4,0,-170,-1,19.22
fold2_room1_mix0447,29,4,0,-169,-1,18.58
fold2_room1_mix0447,30,4,0,-171,-1,18.07
fold2_room1_mix0447,31,4,0,-169,-1,18.28
fold2_room1_mix0447,32,4,0,-169,-1,17.06
fold2_room1_mix0447,33,4,0,-168,-1,16.73
fold2_room1_mix0447,34,4,0,-168,-1,15.48
fold2_room1_mix0447,35,1,0,-18,-2,18.69
fold2_room1_mix0447,35,4,0,-170,-1,16.56
fold2_room1_mix0447,36,1,0,-19,-3,19.04
fold2_room1_mix0447,36,4,0,-171,-1,16.61
fold2_room1_mix0447,37,1,0,-27,-3,18.87
fold2_room1_mix0447,37,4,0,-171,-1,18.17
fold2_room1_mix0447,38,1,0,-20,-2,4.49
fold2_room1_mix0447,38,4,0,-167,-1,17.05
fold2_room1_mix0447,39,1,0,-24,-3,17.49
fold2_room1_mix0447,39,4,0,-172,-2,19.46
fold2_room1_mix0447,40,1,0,-26,-3,19.43
fold2_room1_mix0447,40,4,0,-171,-2,16.90
fold2_room1_mix0447,41,1,0,-27,-2,18.48
fold2_room1_mix0447,41,4,0,-166,-2,13.91
fold2_room1_mix0447,42,1,0,-29,-2,18.81
fold2_room1_mix0447,42,4,0,-170,-2,19.21
fold2_room1_mix0447,43,4,0,-165,-2,14.88
fold2_room1_mix0447,44,1,0,-32,-3,17.41
fold2_room1_mix0447,44,4,0,-169,-2,15.08
fold2_room1_mix0447,45,1,0,-30,-3,15.11
fold2_room1_mix0447,45,4,0,-177,-2,20.01
fold2_room1_mix0447,46,1,0,-33,-3,14.87
fold2_room1_mix0447,46,4,0,-168,-2,15.23
fold2_room1_mix0447,47,1,0,-29,-3,8.12
fold2_room1_mix0447,47,4,0,-170,-2,16.69
fold2_room1_mix0447,48,4,0,-166,-2,12.51
fold2_room1_mix0447,49,1,0,-41,-3,13.76
fold2_room1_mix0447,49,4,0,-166,-3,13.02
fold2_room1_mix0447,50,1,0,-40,-4,9.41
fold2_room1_mix0447,50,4,0,-175,-3,16.25
fold2_room1_mix0447,51,1,0,-51,-4,8.87
fold2_room1_mix0447,51,4,0,-167,-3,12.17
fold2_room1_mix0447,52,4,0,-167,-3,10.51
fold2_room1_mix0447,53,1,0,-67,-4,5.04
fold2_room1_mix0447,53,4,0,-179,-3,14.00
fold2_room1_mix0447,54,1,0,-62,-5,8.05
fold2_room1_mix0447,54,4,0,-162,-3,10.99
fold2_room1_mix0447,55,1,0,-74,-6,5.62
fold2_room1_mix0447,55,4,0,-173,-3,12.62
fold2_room1_mix0447,56,1,0,-88,-6,5.78
fold2_room1_mix0447,56,4,0,-173,-3,10.90
fold2_room1_mix0447,57,1,0,-84,-5,1.54
fold2_room1_mix0447,57,4,0,-162,-4,9.83
fold2_room1_mix0447,58,1,0,-103,-5,4.14
fold2_room1_mix0447,58,4,0,-173,-4,11.39
fold2_room1_mix0447,59,1,0,-111,-5,5.02
fold2_room1_mix0447,59,4,0,-154,-6,7.58
fold2_room1_mix0447,60,1,0,-114,-6,4.78
fold2_room1_mix0447,60,4,0,-170,-5,9.92
fold2_room1_mix0447,61,1,0,-124,-5,6.48
fold2_room1_mix0447,61,4,0,-175,-6,9.92
fold2_room1_mix0447,62,4,0,-154,-5,7.33
fold2_room1_mix0447,63,1,0,-129,-4,3.74
fold2_room1_mix0447,63,4,0,-164,-6,7.15
fold2_room1_mix0447,64,1,0,-142,-4,6.25
fold2_room1_mix0447,64,4,0,-150,-7,5.80
fold2_room1_mix0447,65,1,0,-140,-4,8.93
fold2_room1_mix0447,65,4,0,-154,-9,5.56
fold2_room1_mix0447,66,1,0,-143,-4,9.67
fold2_room1_mix0447,66,4,0,-163,-7,6.82
fold2_room1_mix0447,67,4,0,-143,-8,4.89
fold2_room1_mix0447,68,1,0,-144,-3,4.45
fold2_room1_mix0447,68,4,0,-153,-6,4.75
fold2_room1_mix0447,69,1,0,-155,-3,6.70
fold2_room1_mix0447,69,4,0,-147,-6,5.03
fold2_room1_mix0447,70,1,0,-146,-3,9.57
fold2_room1_mix0447,70,4,0,-138,-9,4.82
fold2_room1_mix0447,71,4,0,-136,-10,3.91
fold2_room1_mix0447,72,4,0,-130,-12,3.81
fold2_room1_mix0447,73,4,0,-133,-9,4.08
fold2_room1_mix0447,74,4,0,-130,-12,3.63
fold2_room1_mix0447,75,4,0,-126,-12,3.83
fold2_room1_mix0447,76,4,0,-120,-12,3.49
fold2_room1_mix0447,77,4,0,-119,-13,3.34
fold2_room1_mix0447,78,4,0,-112,-14,3.32
fold2_room1_mix0447,79,4,0,-103,-14,3.54
fold2_room1_mix0447,80,4,0,-97,-15,3.22
fold2_room1_mix0447,81,4,0,-94,-13,3.53
fold2_room1_mix0447,82,4,0,-89,-14,3.38
fold2_room1_mix0447,83,4,0,-81,-13,3.50
fold2_room1_mix0447,84,4,0,-77,-13,3.83
fold2_room1_mix0447,85,4,0,-68,-13,3.75
fold2_room1_mix0447,86,4,0,-61,-11,4.00
fold2_room1_mix0447,87,4,0,-57,-10,4.35
fold2_room1_mix0447,88,4,0,-51,-11,4.25
fold2_room1_mix0447,89,4,0,-49,-10,4.33
fold2_room1_mix0447,90,4,0,-45,-10,4.45
fold2_room1_mix0447,91,4,0,-41,-10,4.55
fold2_room1_mix0447,92,4,0,-39,-9,5.16
fold2_room1_mix0447,93,4,0,-37,-8,5.28
fold2_room1_mix0447,94,4,0,-37,-8,5.22
fold2_room1_mix0447,95,4,0,-34,-8,5.47
fold2_room1_mix0447,96,4,0,-31,-8,6.05
fold2_room1_mix0447,97,4,0,-29,-6,6.64
fold2_room1_mix0447,98,4,0,-28,-7,6.70
fold2_room1_mix0447,99,4,0,-24,-6,6.86
fold2_room1_mix0448,55,4,0,7,-2,8.76
fold2_room1_mix0448,56,4,0,9,-2,9.15
fold2_room1_mix0448,57,4,0,2,-2,10.03
fold2_room1_mix0448,58,4,0,4,-3,10.91
fold2_room1_mix0448,59,4,0,6,-4,11.19
fold2_room1_mix0448,60,4,0,6,-4,11.57
fold2_room1_mix0448,65,4,0,-150,-5,10.34
fold2_room1_mix0448,65,4,0,15,-9,4.32
fold2_room1_mix0448,66,4,0,-160,-6,9.39
fold2_room1_mix0448,66,4,0,22,-12,3.52
fold2_room1_mix0448,68,4,0,-172,-21,7.97
fold2_room1_mix0448,68,4,0,45,-24,2.25
fold2_room1_mix0448,69,4,0,172,-33,6.59
fold2_room1_mix0448,69,4,0,73,-35,1.66
fold2_room1_mix0448,70,4,0,167,-20,5.83
fold2_room1_mix0448,70,4,0,111,-31,2.25
fold2_room1_mix0448,71,4,0,-167,-10,8.06
fold2_room1_mix0448,71,4,0,136,-21,2.48
fold2_room1_mix0448,72,4,0,175,-14,5.12
fold2_room1_mix0448,72,4,0,148,-16,3.22
fold2_room1_mix0448,73,4,0,158,-8,5.08
fold2_room1_mix0448,73,4,0,-165,-12,5.48
fold2_room1_mix0448,74,4,0,158,-8,4.74
fold2_room1_mix0448,74,4,0,-120,-3,11.42
fold2_room1_mix0448,75,4,0,163,-7,5.26
fold2_room1_mix0448,75,4,0,-115,-3,12.18
fold2_room1_mix0448,76,4,0,167,-5,6.72
fold2_room1_mix0448,76,4,0,-111,-2,12.68
fold2_room1_mix0448,77,4,0,169,-5,6.85
fold2_room1_mix0448,77,4,0,-115,-2,12.48
fold2_room1_mix0448,78,4,0,170,-4,8.29
fold2_room1_mix0448,78,4,0,-105,-2,12.73
fold2_room1_mix0448,79,4,0,173,-3,9.30
fold2_room1_mix0448,79,4,0,-109,-3,11.89
fold2_room1_mix0448,80,4,0,176,-3,9.58
fold2_room1_mix0448,80,4,0,-111,-2,11.81
fold2_room1_mix0448,81,4,0,177,-2,10.57
fold2_room1_mix0448,81,4,0,-108,-3,11.02
fold2_room1_mix0448,82,4,0,176,-1,12.16
fold2_room1_mix0448,82,4,0,-109,-3,10.56
fold2_room1_mix0448,83,4,0,173,-2,11.90
fold2_room1_mix0448,83,4,0,-91,-4,10.13
fold2_room1_mix0448,84,4,0,177,-2,13.03
fold2_room1_mix0448,84,4,0,-87,-5,9.94
fold2_room1_mix0448,85,4,0,175,-1,12.69
fold2_room1_mix0448,85,4,0,-89,-4,9.81
fold2_room1_mix0448,86,4,0,-172,-2,12.88
fold2_room1_mix0448,86,4,0,-84,-6,8.85
fold2_room1_mix0448,87,4,0,-134,-4,9.50
fold2_room1_mix0448,87,4,0,-111,-5,8.97
fold2_room1_mix0448,87,4,0,-80,-5,8.60
fold2_room1_mix0448,88,4,0,-116,-4,9.34
fold2_room1_mix0448,88,4,0,-92,-5,8.53
fold2_room1_mix0448,89,4,0,-114,-5,9.31
fold2_room1_mix0448,89,4,0,-85,-6,8.15
fold2_room1_mix0448,90,4,0,-88,-6,8.35
fold2_room1_mix0448,91,4,0,-82,-6,8.16
fold2_room1_mix0448,92,4,0,-77,-7,7.38
fold2_room1_mix0448,93,4,0,-70,-6,8.11
fold2_room1_mix0448,94,4,0,-68,-6,7.92
fold2_room1_mix0448,95,4,0,-66,-6,7.74
fold2_room1_mix0448,96,4,0,-64,-5,8.94
fold2_room1_mix0448,97,4,0,-59,-4,9.52
fold2_room1_mix0448,98,4,0,-61,-4,9.46
fold2_room1_mix0448,99,4,0,-57,-4,9.51
fold2_room1_mix0448,61,4,0,11,-5,9.73
fold2_room1_mix0448,62,4,0,8,-5,8.24
fold2_room1_mix0448,63,4,0,13,-6,6.95
fold2_room1_mix0448,64,4,0,13,-7,5.74
fold2_room1_mix0448,67,4,0,29,-17,2.85
fold2_room1_mix0448,54,4,0,3,0,3.41
fold2_room1_mix0449,5,4,0,-178,3,1.68
fold2_room1_mix0449,6,4,0,-170,0,2.83
fold2_room1_mix0449,7,4,0,-172,3,4.60
fold2_room1_mix0449,8,4,0,-171,1,9.95
fold2_room1_mix0449,9,4,0,-171,0,16.87
fold2_room1_mix0449,10,4,0,-175,1,11.45
fold2_room1_mix0449,11,4,0,-171,0,17.53
fold2_room1_mix0449,12,4,0,-172,0,22.03
fold2_room1_mix0449,13,4,0,-173,0,19.34
fold2_room1_mix0449,14,4,0,-169,0,19.64
fold2_room1_mix0449,15,4,0,-170,0,22.13
fold2_room1_mix0449,16,4,0,-168,0,20.20
fold2_room1_mix0449,17,4,0,-166,-1,18.44
fold2_room1_mix0449,18,4,0,-164,-1,19.35
fold2_room1_mix0449,19,4,0,-162,-1,18.19
fold2_room1_mix0449,20,4,0,-163,-1,18.62
fold2_room1_mix0449,21,4,0,-162,-1,16.50
fold2_room1_mix0449,22,4,0,-161,-1,17.10
fold2_room1_mix0449,23,4,0,-161,-1,16.45
fold2_room1_mix0449,24,4,0,-160,-1,15.42
fold2_room1_mix0449,25,4,0,-156,-1,14.54
fold2_room1_mix0449,26,4,0,-153,-2,13.50
fold2_room1_mix0449,27,4,0,-152,-2,14.05
fold2_room1_mix0449,28,4,0,-151,-1,13.40
fold2_room1_mix0449,29,4,0,-146,-2,11.27
fold2_room1_mix0449,30,4,0,-149,-3,9.84
fold2_room1_mix0449,31,4,0,-146,-2,9.61
fold2_room1_mix0449,31,4,0,-113,-2,15.71
fold2_room1_mix0449,32,4,0,-141,-2,9.87
fold2_room1_mix0449,33,4,0,-143,-3,8.13
fold2_room1_mix0449,33,4,0,-28,0,24.09
fold2_room1_mix0449,34,4,0,-133,-4,8.89
fold2_room1_mix0449,35,4,0,-135,-4,8.21
fold2_room1_mix0449,36,4,0,-135,-5,6.70
fold2_room1_mix0449,36,4,0,-44,-2,17.23
fold2_room1_mix0449,37,4,0,-133,-5,6.00
fold2_room1_mix0449,37,4,0,-20,0,22.85
fold2_room1_mix0449,38,4,0,-127,-5,6.31
fold2_room1_mix0449,38,4,0,-69,-3,13.52
fold2_room1_mix0449,39,4,0,-126,-5,5.76
fold2_room1_mix0449,39,4,0,-17,0,23.41
fold2_room1_mix0449,40,4,0,-118,-6,5.80
fold2_room1_mix0449,40,4,0,-16,0,20.29
fold2_room1_mix0449,41,4,0,-108,-7,5.68
fold2_room1_mix0449,41,4,0,-8,0,25.08
fold2_room1_mix0449,42,4,0,-101,-6,5.33
fold2_room1_mix0449,42,4,0,-8,0,23.77
fold2_room1_mix0449,43,4,0,-93,-7,5.48
fold2_room1_mix0449,43,4,0,-5,0,24.88
fold2_room1_mix0449,44,2,0,-40,-3,3.59
fold2_room1_mix0449,44,4,0,-83,-6,5.28
fold2_room1_mix0449,44,4,0,-6,-2,21.64
fold2_room1_mix0449,45,2,0,84,-4,9.60
fold2_room1_mix0449,45,4,0,-80,-7,5.61
fold2_room1_mix0449,45,4,0,-16,-1,21.98
fold2_room1_mix0449,46,2,0,90,-4,8.13
fold2_room1_mix0449,46,4,0,-74,-7,6.83
fold2_room1_mix0449,46,4,0,-6,-1,26.64
fold2_room1_mix0449,47,2,0,86,-6,6.23
fold2_room1_mix0449,47,4,0,-65,-7,6.33
fold2_room1_mix0449,47,4,0,-9,0,23.34
fold2_room1_mix0449,48,4,0,-59,-7,6.20
fold2_room1_mix0449,48,4,0,-10,-1,21.20
fold2_room1_mix0449,49,4,0,-55,-7,6.44
fold2_room1_mix0449,49,4,0,-7,-2,24.55
fold2_room1_mix0449,50,4,0,-52,-7,6.86
fold2_room1_mix0449,50,4,0,-9,-2,23.19
fold2_room1_mix0449,51,2,0,-69,-4,5.96
fold2_room1_mix0449,51,4,0,-49,-6,7.54
fold2_room1_mix0449,51,4,0,-6,-1,22.39
fold2_room1_mix0449,52,2,0,74,-4,8.78
fold2_room1_mix0449,52,2,0,-61,-7,8.40
fold2_room1_mix0449,52,4,0,-82,-7,10.77
fold2_room1_mix0449,52,4,0,-40,-4,8.50
fold2_room1_mix0449,52,4,0,-6,-2,21.15
fold2_room1_mix0449,53,2,0,83,-4,9.77
fold2_room1_mix0449,53,4,0,-43,-5,9.66
fold2_room1_mix0449,53,4,0,-11,-2,18.90
fold2_room1_mix0449,54,2,0,86,-4,8.77
fold2_room1_mix0449,54,4,0,-38,-5,9.86
fold2_room1_mix0449,54,4,0,-8,-2,20.00
fold2_room1_mix0449,55,2,0,89,-3,11.28
fold2_room1_mix0449,55,4,0,-35,-4,11.30
fold2_room1_mix0449,55,4,0,-9,-2,18.22
fold2_room1_mix0449,56,2,0,90,-4,10.24
fold2_room1_mix0449,56,4,0,-31,-4,11.39
fold2_room1_mix0449,56,4,0,-12,-1,18.13
fold2_room1_mix0449,57,2,0,88,-4,9.95
fold2_room1_mix0449,57,4,0,-30,-4,11.76
fold2_room1_mix0449,57,4,0,-11,-2,16.58
fold2_room1_mix0449,58,4,0,-28,-5,11.67
fold2_room1_mix0449,58,4,0,-12,-3,15.84
fold2_room1_mix0449,59,4,0,-20,-4,14.79
fold2_room1_mix0449,60,4,0,-20,-3,14.75
fold2_room1_mix0449,61,2,0,-83,-3,8.78
fold2_room1_mix0449,61,4,0,-28,-4,12.70
fold2_room1_mix0449,61,4,0,-8,-1,18.23
fold2_room1_mix0449,62,2,0,-82,-2,8.43
fold2_room1_mix0449,62,4,0,-18,-3,15.82
fold2_room1_mix0449,63,2,0,88,-3,10.30
fold2_room1_mix0449,63,2,0,-86,-4,9.62
fold2_room1_mix0449,63,4,0,-17,-2,16.14
fold2_room1_mix0449,64,2,0,83,-3,9.88
fold2_room1_mix0449,64,2,0,-83,-4,9.17
fold2_room1_mix0449,64,4,0,-16,-2,15.68
fold2_room1_mix0449,65,2,0,86,-3,11.38
fold2_room1_mix0449,65,2,0,-87,-5,10.34
fold2_room1_mix0449,65,4,0,-16,-2,15.84
fold2_room1_mix0449,66,2,0,82,-3,13.04
fold2_room1_mix0449,66,4,0,-15,-2,16.91
fold2_room1_mix0449,67,2,0,83,-4,11.58
fold2_room1_mix0449,67,4,0,-16,-3,16.03
fold2_room1_mix0449,68,2,0,85,-3,9.67
fold2_room1_mix0449,68,4,0,-14,-3,16.57
fold2_room1_mix0449,69,4,0,-15,-3,14.75
fold2_room1_mix0449,70,4,0,-16,-3,14.17
fold2_room1_mix0449,71,2,0,-97,-2,8.80
fold2_room1_mix0449,71,4,0,-16,-3,14.64
fold2_room1_mix0449,72,2,0,-100,-2,10.32
fold2_room1_mix0449,72,4,0,-14,-2,15.96
fold2_room1_mix0449,73,2,0,93,-2,10.14
fold2_room1_mix0449,73,2,0,-95,-2,9.29
fold2_room1_mix0449,73,4,0,-17,-3,14.87
fold2_room1_mix0449,74,2,0,89,-2,9.94
fold2_room1_mix0449,74,2,0,-91,-2,9.07
fold2_room1_mix0449,74,4,0,-19,-3,14.51
fold2_room1_mix0449,75,2,0,92,-3,12.50
fold2_room1_mix0449,75,2,0,-94,-4,11.61
fold2_room1_mix0449,75,4,0,-19,-3,14.97
fold2_room1_mix0449,76,2,0,78,-2,14.69
fold2_room1_mix0449,76,4,0,-21,-3,15.40
fold2_room1_mix0449,77,2,0,81,-3,11.38
fold2_room1_mix0449,77,4,0,-24,-4,13.33
fold2_room1_mix0449,78,2,0,81,-3,8.43
fold2_room1_mix0449,78,4,0,-23,-3,14.99
fold2_room1_mix0449,79,4,0,-25,-4,12.16
fold2_room1_mix0449,80,4,0,-33,-6,10.01
fold2_room1_mix0449,81,2,0,-104,-2,7.53
fold2_room1_mix0449,81,4,0,-48,-11,5.10
fold2_room1_mix0449,81,4,0,-33,-4,11.50
fold2_room1_mix0449,82,2,0,-109,-2,11.90
fold2_room1_mix0449,82,4,0,-55,-10,5.73
fold2_room1_mix0449,82,4,0,-39,-6,10.71
fold2_room1_mix0449,83,2,0,-104,-2,11.19
fold2_room1_mix0449,83,4,0,-55,-9,7.41
fold2_room1_mix0449,84,2,0,91,-2,11.09
fold2_room1_mix0449,84,2,0,-95,-3,10.04
fold2_room1_mix0449,84,4,0,-64,-9,7.36
fold2_room1_mix0449,85,2,0,96,-2,11.95
fold2_room1_mix0449,85,2,0,-96,-2,10.79
fold2_room1_mix0449,85,4,0,-80,-11,5.64
fold2_room1_mix0449,85,4,0,-59,-9,7.71
fold2_room1_mix0449,86,2,0,78,-2,14.62
fold2_room1_mix0449,86,2,0,-83,-5,13.00
fold2_room1_mix0449,86,4,0,-89,-11,5.71
fold2_room1_mix0449,87,4,0,-107,-13,3.93
fold2_room1_mix0449,88,4,0,-122,-13,3.18
fold2_room1_mix0449,88,4,0,-102,-14,4.40
fold2_room1_mix0449,89,4,0,-129,-13,2.74
fold2_room1_mix0449,89,4,0,-87,-15,5.46
fold2_room1_mix0449,90,4,0,-133,-12,2.78
fold2_room1_mix0449,90,4,0,-100,-14,5.64
fold2_room1_mix0449,91,4,0,-133,-12,4.16
fold2_room1_mix0449,92,2,0,-115,-3,10.20
fold2_room1_mix0449,92,4,0,-136,-11,4.32
fold2_room1_mix0449,93,4,0,-146,-8,3.52
fold2_room1_mix0449,93,4,0,-32,-6,12.24
fold2_room1_mix0449,94,4,0,-147,-8,4.30
fold2_room1_mix0449,94,4,0,-122,-11,6.82
fold2_room1_mix0449,95,4,0,-150,-8,4.01
fold2_room1_mix0449,95,4,0,-32,-5,12.37
fold2_room1_mix0449,96,4,0,-147,-8,5.02
fold2_room1_mix0449,97,4,0,-151,-7,5.50
fold2_room1_mix0449,98,4,0,-152,-8,5.63
fold2_room1_mix0449,99,4,0,-153,-7,6.94
fold2_room1_mix0450,3,4,0,-2,0,3.53
fold2_room1_mix0450,4,4,0,-1,-2,11.07
fold2_room1_mix0450,5,4,0,-1,-1,12.97
fold2_room1_mix0450,6,4,0,0,-2,15.52
fold2_room1_mix0450,7,4,0,0,-2,21.18
fold2_room1_mix0450,8,4,0,0,-3,20.14
fold2_room1_mix0450,9,4,0,-2,-2,21.08
fold2_room1_mix0450,10,4,0,-1,-2,21.42
fold2_room1_mix0450,11,4,0,0,-2,19.03
fold2_room1_mix0450,12,4,0,-2,-2,19.86
fold2_room1_mix0450,13,4,0,-2,-2,18.51
fold2_room1_mix0450,14,4,0,-1,-2,19.70
fold2_room1_mix0450,15,4,0,0,-2,18.31
fold2_room1_mix0450,16,4,0,-3,-2,17.29
fold2_room1_mix0450,17,4,0,-2,-2,17.81
fold2_room1_mix0450,18,4,0,-1,-2,16.83
fold2_room1_mix0450,19,4,0,-1,-2,16.22
fold2_room1_mix0450,20,4,0,-1,-3,16.88
fold2_room1_mix0450,21,4,0,-2,-2,15.29
fold2_room1_mix0450,22,4,0,-2,-3,14.29
fold2_room1_mix0450,23,4,0,-2,-3,15.02
fold2_room1_mix0450,24,4,0,-2,-3,13.45
fold2_room1_mix0450,25,4,0,-4,-3,13.73
fold2_room1_mix0450,26,4,0,-2,-3,14.34
fold2_room1_mix0450,27,4,0,-2,-3,13.59
fold2_room1_mix0450,28,4,0,-3,-3,13.41
fold2_room1_mix0450,29,4,0,-3,-3,13.13
fold2_room1_mix0450,30,4,0,-2,-3,13.07
fold2_room1_mix0450,31,4,0,-2,-3,12.57
fold2_room1_mix0450,32,4,0,-3,-3,11.24
fold2_room1_mix0450,33,4,0,-3,-3,11.03
fold2_room1_mix0450,34,4,0,-2,-4,11.14
fold2_room1_mix0450,35,4,0,-4,-3,10.68
fold2_room1_mix0450,36,4,0,-3,-3,10.71
fold2_room1_mix0450,37,4,0,-6,-4,9.63
fold2_room1_mix0450,38,4,0,-18,-9,3.73
fold2_room1_mix0450,38,4,0,0,-2,13.14
fold2_room1_mix0450,39,4,0,-8,-5,9.28
fold2_room1_mix0450,40,4,0,-22,-9,3.21
fold2_room1_mix0450,40,4,0,-3,-2,11.78
fold2_room1_mix0450,41,4,0,-24,-10,2.95
fold2_room1_mix0450,41,4,0,-4,-3,11.34
fold2_room1_mix0450,42,4,0,-12,-6,8.06
fold2_room1_mix0450,43,4,0,-32,-12,2.29
fold2_room1_mix0450,43,4,0,-6,-3,11.43
fold2_room1_mix0450,44,4,0,-31,-14,2.08
fold2_room1_mix0450,44,4,0,-7,-4,10.78
fold2_room1_mix0450,45,4,0,-37,-15,1.56
fold2_room1_mix0450,45,4,0,-10,-3,10.77
fold2_room1_mix0450,46,4,0,-40,-15,1.64
fold2_room1_mix0450,46,4,0,-14,-5,9.48
fold2_room1_mix0450,47,4,0,-43,-17,1.43
fold2_room1_mix0450,47,4,0,-26,-11,4.48
fold2_room1_mix0450,47,4,0,-10,-3,11.45
fold2_room1_mix0450,48,4,0,-50,-18,1.20
fold2_room1_mix0450,48,4,0,-28,-9,4.89
fold2_room1_mix0450,48,4,0,-10,-3,10.09
fold2_room1_mix0450,49,4,0,-50,-17,2.28
fold2_room1_mix0450,49,4,0,-12,-4,10.69
fold2_room1_mix0450,50,4,0,-65,-21,1.57
fold2_room1_mix0450,50,4,0,-4,-5,10.76
fold2_room1_mix0450,51,4,0,-111,-22,1.21
fold2_room1_mix0450,51,4,0,-74,-16,2.29
fold2_room1_mix0450,51,4,0,-9,-7,6.54
fold2_room1_mix0450,52,4,0,-136,-16,1.56
fold2_room1_mix0450,52,4,0,-15,-9,4.52
fold2_room1_mix0450,53,4,0,-139,-15,1.93
fold2_room1_mix0450,53,4,0,-6,-11,3.43
fold2_room1_mix0450,54,4,0,-146,-12,2.40
fold2_room1_mix0450,54,4,0,-5,-8,4.56
fold2_room1_mix0450,55,4,0,-153,-11,2.76
fold2_room1_mix0450,55,4,0,-3,-10,3.71
fold2_room1_mix0450,56,4,0,-151,-9,3.06
fold2_room1_mix0450,56,4,0,2,-10,3.44
fold2_room1_mix0450,57,4,0,-157,-8,3.81
fold2_room1_mix0450,57,4,0,0,-10,3.31
fold2_room1_mix0450,58,4,0,-158,-6,4.54
fold2_room1_mix0450,58,4,0,0,-11,3.01
fold2_room1_mix0450,59,4,0,-160,-5,4.94
fold2_room1_mix0450,59,4,0,7,-12,2.96
fold2_room1_mix0450,60,4,0,-164,-4,5.53
fold2_room1_mix0450,60,4,0,7,-12,2.85
fold2_room1_mix0450,61,4,0,-164,-4,5.78
fold2_room1_mix0450,61,4,0,11,-13,2.72
fold2_room1_mix0450,62,4,0,-167,-4,6.63
fold2_room1_mix0450,62,4,0,15,-15,2.55
fold2_room1_mix0450,63,4,0,-168,-4,7.28
fold2_room1_mix0450,63,4,0,20,-17,2.39
fold2_room1_mix0450,64,4,0,-170,-4,6.97
fold2_room1_mix0450,64,4,0,20,-17,2.35
fold2_room1_mix0450,65,4,0,-173,-3,7.55
fold2_room1_mix0450,65,4,0,29,-18,1.97
fold2_room1_mix0450,66,4,0,-173,-3,7.85
fold2_room1_mix0450,66,4,0,37,-21,1.77
fold2_room1_mix0450,67,4,0,-174,-4,8.40
fold2_room1_mix0450,67,4,0,71,-28,0.84
fold2_room1_mix0450,67,4,0,46,-28,2.05
fold2_room1_mix0450,68,4,0,-172,-3,7.97
fold2_room1_mix0450,68,4,0,102,-29,1.30
fold2_room1_mix0450,69,4,0,-171,-2,9.33
fold2_room1_mix0450,69,4,0,129,-21,1.07
fold2_room1_mix0450,69,4,0,113,-26,1.95
fold2_room1_mix0450,70,4,0,-169,-2,9.33
fold2_room1_mix0450,70,4,0,137,-20,1.75
fold2_room1_mix0450,71,4,0,-170,-1,9.85
fold2_room1_mix0450,71,4,0,151,-14,2.06
fold2_room1_mix0450,72,4,0,-172,-1,9.64
fold2_room1_mix0450,72,4,0,155,-12,2.23
fold2_room1_mix0450,73,4,0,-173,-1,10.74
fold2_room1_mix0450,73,4,0,160,-10,2.97
fold2_room1_mix0450,74,4,0,-172,-1,10.36
fold2_room1_mix0450,74,4,0,163,-9,2.95
fold2_room1_mix0450,75,4,0,-173,-1,11.37
fold2_room1_mix0450,75,4,0,166,-8,3.50
fold2_room1_mix0450,76,4,0,174,-5,6.60
fold2_room1_mix0450,77,4,0,-173,-1,12.47
fold2_room1_mix0450,77,4,0,170,-6,4.20
fold2_room1_mix0450,78,4,0,-173,-1,14.35
fold2_room1_mix0450,78,4,0,171,-6,4.59
fold2_room1_mix0450,79,4,0,176,-4,8.05
fold2_room1_mix0450,80,4,0,-172,0,14.57
fold2_room1_mix0450,80,4,0,171,-5,4.97
fold2_room1_mix0450,81,4,0,176,-3,8.90
fold2_room1_mix0450,82,4,0,177,-3,8.67
fold2_room1_mix0450,83,4,0,177,-3,9.41
fold2_room1_mix0450,84,4,0,178,-3,9.81
fold2_room1_mix0450,85,4,0,177,-3,10.62
fold2_room1_mix0450,86,4,0,177,-2,11.26
fold2_room1_mix0450,87,4,0,177,-3,11.37
fold2_room1_mix0450,88,4,0,178,-2,11.20
fold2_room1_mix0450,89,4,0,176,-1,12.62
fold2_room1_mix0450,90,2,0,140,-10,6.89
fold2_room1_mix0450,90,4,0,177,-1,13.47
fold2_room1_mix0450,91,4,0,177,-2,13.17
fold2_room1_mix0450,92,4,0,177,-2,12.99
fold2_room1_mix0450,93,4,0,177,-1,13.14
fold2_room1_mix0450,94,4,0,178,-2,12.95
fold2_room1_mix0450,95,4,0,179,-1,13.60
fold2_room1_mix0450,96,4,0,179,-1,14.02
fold2_room1_mix0450,97,4,0,179,-1,14.98
fold2_room1_mix0450,98,4,0,178,-1,13.96
fold2_room1_mix0450,99,4,0,177,-1,14.11
fold2_room1_mix0450,1,4,0,-5,0,1.13
fold2_room1_mix0450,2,4,0,-2,1,1.98
fold2_room1_mix0451,3,4,0,-177,0,5.38
fold2_room1_mix0451,4,4,0,-173,0,14.71
fold2_room1_mix0451,5,4,0,-174,0,15.17
fold2_room1_mix0451,6,4,0,-170,0,16.76
fold2_room1_mix0451,7,4,0,-174,0,22.08
fold2_room1_mix0451,8,4,0,-175,-1,24.44
fold2_room1_mix0451,9,4,0,-174,-1,24.78
fold2_room1_mix0451,10,4,0,-172,0,22.27
fold2_room1_mix0451,11,4,0,-172,-1,22.23
fold2_room1_mix0451,12,4,0,-175,-1,22.01
fold2_room1_mix0451,13,4,0,-174,0,24.30
fold2_room1_mix0451,14,4,0,-174,0,26.77
fold2_room1_mix0451,15,4,0,-174,0,26.53
fold2_room1_mix0451,16,0,0,9,-1,19.64
fold2_room1_mix0451,16,4,0,-175,0,23.31
fold2_room1_mix0451,17,0,0,8,-1,18.46
fold2_room1_mix0451,17,4,0,-174,0,23.47
fold2_room1_mix0451,18,0,0,9,-1,20.01
fold2_room1_mix0451,18,4,0,-174,0,26.34
fold2_room1_mix0451,19,0,0,10,-1,41.30
fold2_room1_mix0451,19,4,0,-172,0,22.87
fold2_room1_mix0451,20,0,0,9,-1,41.70
fold2_room1_mix0451,20,4,0,-174,0,23.70
fold2_room1_mix0451,21,0,0,12,-1,32.47
fold2_room1_mix0451,21,4,0,-175,-1,24.23
fold2_room1_mix0451,22,0,0,12,-1,41.11
fold2_room1_mix0451,22,4,0,-176,-1,20.55
fold2_room1_mix0451,23,0,0,14,-1,37.28
fold2_room1_mix0451,23,4,0,-176,-1,21.30
fold2_room1_mix0451,24,0,0,15,-1,35.34
fold2_room1_mix0451,24,4,0,-171,0,22.50
fold2_room1_mix0451,25,0,0,14,-1,38.90
fold2_room1_mix0451,25,4,0,-172,0,21.26
fold2_room1_mix0451,26,0,0,16,-1,34.52
fold2_room1_mix0451,26,4,0,-175,-1,20.44
fold2_room1_mix0451,27,0,0,16,-1,34.70
fold2_room1_mix0451,27,4,0,-173,-1,21.24
fold2_room1_mix0451,28,0,0,17,-1,37.55
fold2_room1_mix0451,28,4,0,-171,-1,20.84
fold2_room1_mix0451,29,0,0,16,-1,34.19
fold2_room1_mix0451,29,3,0,22,-3,6.68
fold2_room1_mix0451,29,4,0,-174,-1,17.09
fold2_room1_mix0451,30,0,0,16,-1,32.57
fold2_room1_mix0451,30,3,0,25,-3,7.25
fold2_room1_mix0451,30,4,0,-174,-1,18.81
fold2_room1_mix0451,31,0,0,18,-1,29.44
fold2_room1_mix0451,31,3,0,30,-3,8.23
fold2_room1_mix0451,31,4,0,-174,-1,18.91
fold2_room1_mix0451,32,0,0,17,-1,27.72
fold2_room1_mix0451,32,3,0,23,-3,6.62
fold2_room1_mix0451,32,4,0,-172,-1,19.22
fold2_room1_mix0451,33,0,0,17,-1,29.65
fold2_room1_mix0451,33,3,0,24,-3,4.38
fold2_room1_mix0451,33,4,0,-174,-1,21.02
fold2_room1_mix0451,34,0,0,18,-1,27.50
fold2_room1_mix0451,34,3,0,24,-2,2.74
fold2_room1_mix0451,34,4,0,-174,-1,21.76
fold2_room1_mix0451,35,0,0,19,-1,27.36
fold2_room1_mix0451,35,4,0,-175,-1,21.75
fold2_room1_mix0451,36,0,0,21,-1,29.18
fold2_room1_mix0451,36,3,0,29,-3,8.90
fold2_room1_mix0451,36,4,0,-175,-1,18.52
fold2_room1_mix0451,37,0,0,22,-1,25.48
fold2_room1_mix0451,37,3,0,32,-3,8.89
fold2_room1_mix0451,37,4,0,-172,0,20.34
fold2_room1_mix0451,38,0,0,22,-1,24.08
fold2_room1_mix0451,38,3,0,28,-3,8.13
fold2_room1_mix0451,38,4,0,-175,-1,20.02
fold2_room1_mix0451,39,0,0,21,-1,25.90
fold2_room1_mix0451,39,3,0,27,-2,8.58
fold2_room1_mix0451,39,4,0,-177,-1,19.41
fold2_room1_mix0451,40,0,0,23,-1,22.54
fold2_room1_mix0451,40,3,0,30,-2,8.45
fold2_room1_mix0451,40,4,0,-176,-1,18.22
fold2_room1_mix0451,41,0,0,23,-1,19.57
fold2_room1_mix0451,41,3,0,32,-3,8.55
fold2_room1_mix0451,41,4,0,-177,-1,18.81
fold2_room1_mix0451,42,0,0,23,-2,18.95
fold2_room1_mix0451,42,3,0,30,-2,8.72
fold2_room1_mix0451,42,4,0,-176,-1,17.01
fold2_room1_mix0451,43,0,0,24,-2,20.79
fold2_room1_mix0451,43,3,0,32,-3,8.13
fold2_room1_mix0451,43,4,0,-174,-1,18.08
fold2_room1_mix0451,44,0,0,26,-2,17.00
fold2_room1_mix0451,44,3,0,33,-3,7.47
fold2_room1_mix0451,44,4,0,-176,-1,16.80
fold2_room1_mix0451,45,0,0,25,-3,16.60
fold2_room1_mix0451,45,3,0,39,-3,5.08
fold2_room1_mix0451,45,4,0,-173,-2,16.09
fold2_room1_mix0451,46,3,0,51,-4,4.28
fold2_room1_mix0451,46,4,0,-172,-2,15.16
fold2_room1_mix0451,47,4,0,-179,-4,10.78
fold2_room1_mix0451,48,0,0,40,-3,18.60
fold2_room1_mix0451,48,3,0,45,-3,10.59
fold2_room1_mix0451,48,4,0,-175,-4,11.00
fold2_room1_mix0451,49,3,0,45,-4,9.30
fold2_room1_mix0451,49,4,0,-168,-3,11.40
fold2_room1_mix0451,50,0,0,155,-3,28.12
fold2_room1_mix0451,50,0,0,37,-2,14.90
fold2_room1_mix0451,50,3,0,42,-4,7.98
fold2_room1_mix0451,50,4,0,-170,-4,10.75
fold2_room1_mix0451,51,0,0,40,-2,15.18
fold2_room1_mix0451,51,3,0,46,-5,7.09
fold2_room1_mix0451,51,4,0,-173,-3,10.07
fold2_room1_mix0451,52,0,0,35,-2,16.03
fold2_room1_mix0451,52,3,0,55,-5,7.38
fold2_room1_mix0451,52,4,0,-167,-2,12.94
fold2_room1_mix0451,53,0,0,42,-2,12.52
fold2_room1_mix0451,53,3,0,61,-5,6.85
fold2_room1_mix0451,53,4,0,-166,-3,12.49
fold2_room1_mix0451,54,0,0,101,-5,12.81
fold2_room1_mix0451,54,0,0,53,-3,8.47
fold2_room1_mix0451,54,3,0,69,-6,6.91
fold2_room1_mix0451,54,4,0,-161,-3,9.85
fold2_room1_mix0451,55,0,0,47,-2,11.08
fold2_room1_mix0451,55,3,0,68,-6,5.49
fold2_room1_mix0451,55,4,0,-162,-4,8.34
fold2_room1_mix0451,56,0,0,69,-4,11.56
fold2_room1_mix0451,56,0,0,48,-2,8.58
fold2_room1_mix0451,56,3,0,85,-7,4.22
fold2_room1_mix0451,56,4,0,-168,-8,6.37
fold2_room1_mix0451,57,0,0,69,-4,9.69
fold2_room1_mix0451,57,0,0,49,-3,7.33
fold2_room1_mix0451,57,3,0,86,-7,3.21
fold2_room1_mix0451,57,4,0,-166,-5,6.65
fold2_room1_mix0451,58,0,0,63,-3,8.05
fold2_room1_mix0451,58,4,0,-157,-8,5.74
fold2_room1_mix0451,59,0,0,103,-4,10.38
fold2_room1_mix0451,59,0,0,67,-3,6.65
fold2_room1_mix0451,59,4,0,-158,-8,5.62
fold2_room1_mix0451,60,0,0,134,-3,14.24
fold2_room1_mix0451,60,0,0,68,-3,6.58
fold2_room1_mix0451,60,3,0,105,-6,8.10
fold2_room1_mix0451,60,4,0,-143,-8,5.91
fold2_room1_mix0451,61,0,0,69,-3,9.24
fold2_room1_mix0451,61,3,0,117,-7,7.82
fold2_room1_mix0451,61,4,0,-142,-5,6.91
fold2_room1_mix0451,62,0,0,93,-3,8.81
fold2_room1_mix0451,62,0,0,69,-3,7.36
fold2_room1_mix0451,62,3,0,130,-6,8.51
fold2_room1_mix0451,62,4,0,-114,-6,8.10
fold2_room1_mix0451,63,0,0,132,-2,5.16
fold2_room1_mix0451,63,0,0,78,-2,3.73
fold2_room1_mix0451,63,3,0,131,-5,9.14
fold2_room1_mix0451,63,4,0,-104,-7,6.35
fold2_room1_mix0451,64,3,0,137,-5,9.79
fold2_room1_mix0451,64,4,0,-91,-8,5.76
fold2_room1_mix0451,65,3,0,137,-5,9.69
fold2_room1_mix0451,65,4,0,-92,-8,5.26
fold2_room1_mix0451,66,3,0,139,-5,9.37
fold2_room1_mix0451,66,4,0,-81,-8,5.46
fold2_room1_mix0451,67,3,0,146,-5,8.03
fold2_room1_mix0451,67,4,0,-74,-8,5.32
fold2_room1_mix0451,68,3,0,150,-5,7.90
fold2_room1_mix0451,68,4,0,-64,-7,5.28
fold2_room1_mix0451,69,4,0,-61,-7,5.95
fold2_room1_mix0451,70,4,0,-52,-5,5.76
fold2_room1_mix0451,71,4,0,-45,-5,6.23
fold2_room1_mix0451,72,3,0,140,-4,9.64
fold2_room1_mix0451,72,4,0,-50,-5,6.73
fold2_room1_mix0451,73,3,0,144,-4,12.60
fold2_room1_mix0451,73,4,0,-44,-4,7.56
fold2_room1_mix0451,74,3,0,146,-4,11.29
fold2_room1_mix0451,74,4,0,-42,-4,7.57
fold2_room1_mix0451,75,3,0,141,-3,13.28
fold2_room1_mix0451,75,4,0,-43,-4,8.26
fold2_room1_mix0451,76,3,0,145,-4,13.60
fold2_room1_mix0451,76,4,0,-41,-5,8.19
fold2_room1_mix0451,77,3,0,145,-4,13.71
fold2_room1_mix0451,77,4,0,-37,-4,9.54
fold2_room1_mix0451,78,3,0,146,-4,13.72
fold2_room1_mix0451,78,4,0,-35,-4,8.53
fold2_room1_mix0451,79,3,0,147,-3,12.65
fold2_room1_mix0451,79,4,0,-34,-4,8.62
fold2_room1_mix0451,80,4,0,-25,-2,8.93
fold2_room1_mix0451,81,4,0,-25,-3,9.62
fold2_room1_mix0451,82,4,0,-23,-3,9.74
fold2_room1_mix0451,83,4,0,-22,-2,10.81
fold2_room1_mix0451,84,4,0,-20,-2,11.26
fold2_room1_mix0451,85,4,0,-20,-2,11.21
fold2_room1_mix0451,86,4,0,-18,-2,11.47
fold2_room1_mix0451,87,4,0,-18,-2,12.51
fold2_room1_mix0451,88,4,0,-19,-1,12.91
fold2_room1_mix0451,89,4,0,-17,-1,13.34
fold2_room1_mix0451,90,4,0,-16,-2,14.01
fold2_room1_mix0451,91,4,0,-14,-1,14.42
fold2_room1_mix0451,92,4,0,-14,-1,14.17
fold2_room1_mix0451,93,4,0,-12,-1,14.68
fold2_room1_mix0451,94,4,0,-13,-1,15.96
fold2_room1_mix0451,95,4,0,-12,-1,15.82
fold2_room1_mix0451,96,4,0,-11,-1,16.64
fold2_room1_mix0451,97,4,0,-11,-1,17.34
fold2_room1_mix0451,98,4,0,-9,-1,18.03
fold2_room1_mix0451,99,4,0,-10,-1,17.79
fold2_room1_mix0452,2,4,0,172,1,3.00
fold2_room1_mix0452,3,4,0,169,1,7.89
fold2_room1_mix0452,3,4,0,6,0,7.45
fold2_room1_mix0452,4,4,0,167,0,15.91
fold2_room1_mix0452,4,4,0,6,0,18.00
fold2_room1_mix0452,5,4,0,165,0,20.54
fold2_room1_mix0452,5,4,0,6,0,22.82
fold2_room1_mix0452,6,4,0,165,0,21.87
fold2_room1_mix0452,6,4,0,4,0,23.16
fold2_room1_mix0452,7,4,0,164,0,29.00
fold2_room1_mix0452,7,4,0,7,0,34.84
fold2_room1_mix0452,8,4,0,163,0,30.79
fold2_room1_mix0452,8,4,0,6,0,37.18
fold2_room1_mix0452,9,4,0,162,0,31.45
fold2_room1_mix0452,9,4,0,9,-1,33.67
fold2_room1_mix0452,10,4,0,166,-1,27.28
fold2_room1_mix0452,10,4,0,6,-1,32.68
fold2_room1_mix0452,11,4,0,165,0,26.93
fold2_room1_mix0452,11,4,0,6,0,32.53
fold2_room1_mix0452,12,4,0,165,-1,27.00
fold2_room1_mix0452,12,4,0,7,-1,34.62
fold2_room1_mix0452,13,4,0,163,-1,27.25
fold2_room1_mix0452,13,4,0,8,-1,33.22
fold2_room1_mix0452,14,4,0,160,-1,27.93
fold2_room1_mix0452,14,4,0,7,-1,32.96
fold2_room1_mix0452,15,4,0,157,-1,24.67
fold2_room1_mix0452,15,4,0,9,-1,30.40
fold2_room1_mix0452,16,4,0,159,-1,23.54
fold2_room1_mix0452,16,4,0,8,0,31.22
fold2_room1_mix0452,17,4,0,160,-1,24.15
fold2_room1_mix0452,17,4,0,6,0,31.09
fold2_room1_mix0452,18,4,0,160,-1,24.72
fold2_room1_mix0452,18,4,0,10,-1,31.02
fold2_room1_mix0452,19,4,0,155,-2,26.78
fold2_room1_mix0452,19,4,0,8,-1,30.62
fold2_room1_mix0452,20,4,0,161,-1,25.61
fold2_room1_mix0452,20,4,0,8,-1,33.41
fold2_room1_mix0452,21,4,0,158,-1,23.61
fold2_room1_mix0452,21,4,0,7,-1,30.45
fold2_room1_mix0452,22,4,0,157,-1,23.56
fold2_room1_mix0452,22,4,0,13,-1,29.42
fold2_room1_mix0452,23,4,0,158,-1,23.69
fold2_room1_mix0452,23,4,0,9,-1,30.74
fold2_room1_mix0452,24,4,0,159,-1,22.24
fold2_room1_mix0452,24,4,0,15,-1,30.95
fold2_room1_mix0452,25,4,0,158,-1,19.82
fold2_room1_mix0452,25,4,0,6,0,32.79
fold2_room1_mix0452,26,4,0,157,-1,20.74
fold2_room1_mix0452,26,4,0,10,0,31.51
fold2_room1_mix0452,27,4,0,154,-1,17.98
fold2_room1_mix0452,27,4,0,8,0,32.19
fold2_room1_mix0452,28,4,0,154,-1,19.16
fold2_room1_mix0452,28,4,0,10,0,30.92
fold2_room1_mix0452,29,4,0,154,-1,18.50
fold2_room1_mix0452,29,4,0,12,0,32.12
fold2_room1_mix0452,30,4,0,152,-1,17.62
fold2_room1_mix0452,30,4,0,10,0,32.52
fold2_room1_mix0452,31,4,0,152,-1,19.28
fold2_room1_mix0452,31,4,0,13,0,31.76
fold2_room1_mix0452,32,4,0,152,-1,18.47
fold2_room1_mix0452,32,4,0,11,0,28.36
fold2_room1_mix0452,33,4,0,146,-2,18.58
fold2_room1_mix0452,33,4,0,13,0,27.56
fold2_room1_mix0452,34,4,0,147,-2,15.29
fold2_room1_mix0452,34,4,0,8,0,28.99
fold2_room1_mix0452,35,4,0,149,-2,16.00
fold2_room1_mix0452,35,4,0,10,0,26.14
fold2_room1_mix0452,36,4,0,143,-2,14.75
fold2_room1_mix0452,36,4,0,11,0,24.17
fold2_room1_mix0452,37,4,0,145,-2,14.28
fold2_room1_mix0452,37,4,0,10,0,24.23
fold2_room1_mix0452,38,4,0,141,-2,14.20
fold2_room1_mix0452,38,4,0,9,-1,21.97
fold2_room1_mix0452,39,4,0,140,-3,13.45
fold2_room1_mix0452,39,4,0,11,-1,19.91
fold2_room1_mix0452,40,4,0,133,-2,13.41
fold2_room1_mix0452,40,4,0,12,0,20.77
fold2_room1_mix0452,41,4,0,134,-3,13.53
fold2_room1_mix0452,41,4,0,10,-1,19.44
fold2_room1_mix0452,42,4,0,125,-3,14.21
fold2_room1_mix0452,42,4,0,10,0,20.36
fold2_room1_mix0452,43,4,0,124,-3,12.77
fold2_room1_mix0452,43,4,0,10,-1,19.08
fold2_room1_mix0452,44,4,0,119,-4,14.12
fold2_room1_mix0452,44,4,0,9,-1,20.22
fold2_room1_mix0452,45,4,0,122,-4,11.62
fold2_room1_mix0452,45,4,0,69,-5,17.32
fold2_room1_mix0452,45,4,0,9,-2,19.35
fold2_room1_mix0452,46,4,0,111,-5,13.10
fold2_room1_mix0452,46,4,0,6,-1,21.03
fold2_room1_mix0452,47,4,0,116,-4,12.28
fold2_room1_mix0452,47,4,0,2,-2,19.41
fold2_room1_mix0452,48,4,0,116,-5,11.16
fold2_room1_mix0452,48,4,0,55,-5,16.11
fold2_room1_mix0452,48,4,0,4,-2,18.95
fold2_room1_mix0452,49,4,0,107,-4,11.57
fold2_room1_mix0452,49,4,0,0,-2,15.65
fold2_room1_mix0452,50,4,0,104,-5,11.28
fold2_room1_mix0452,50,4,0,0,-2,16.23
fold2_room1_mix0452,51,4,0,104,-5,11.05
fold2_room1_mix0452,51,4,0,53,-4,14.70
fold2_room1_mix0452,51,4,0,1,-4,13.55
fold2_room1_mix0452,52,4,0,92,-4,11.98
fold2_room1_mix0452,52,4,0,0,-2,15.94
fold2_room1_mix0452,53,4,0,97,-5,10.82
fold2_room1_mix0452,53,4,0,69,-3,13.81
fold2_room1_mix0452,53,4,0,0,-3,14.39
fold2_room1_mix0452,54,4,0,93,-4,10.43
fold2_room1_mix0452,54,4,0,1,-2,16.04
fold2_room1_mix0452,55,4,0,91,-4,10.62
fold2_room1_mix0452,55,4,0,2,-1,17.15
fold2_room1_mix0452,56,4,0,85,-4,11.05
fold2_room1_mix0452,56,4,0,1,-1,17.30
fold2_room1_mix0452,57,4,0,81,-3,11.20
fold2_room1_mix0452,57,4,0,3,-1,16.89
fold2_room1_mix0452,58,4,0,79,-3,11.14
fold2_room1_mix0452,58,4,0,2,-2,16.06
fold2_room1_mix0452,59,4,0,77,-3,11.50
fold2_room1_mix0452,59,4,0,3,-2,16.55
fold2_room1_mix0452,60,4,0,73,-3,11.57
fold2_room1_mix0452,60,4,0,4,-2,15.57
fold2_room1_mix0452,61,4,0,72,-3,11.42
fold2_room1_mix0452,61,4,0,4,-2,14.89
fold2_room1_mix0452,62,4,0,65,-3,11.79
fold2_room1_mix0452,62,4,0,4,-3,14.28
fold2_room1_mix0452,63,4,0,66,-3,11.55
fold2_room1_mix0452,63,4,0,50,-3,12.06
fold2_room1_mix0452,63,4,0,8,-3,12.83
fold2_room1_mix0452,64,4,0,67,-3,12.12
fold2_room1_mix0452,64,4,0,43,-3,12.37
fold2_room1_mix0452,64,4,0,9,-3,12.94
fold2_room1_mix0452,65,4,0,61,-3,12.13
fold2_room1_mix0452,65,4,0,44,-3,12.35
fold2_room1_mix0452,65,4,0,11,-3,12.94
fold2_room1_mix0452,66,4,0,57,-2,12.66
fold2_room1_mix0452,66,4,0,38,-3,12.29
fold2_room1_mix0452,66,4,0,7,-3,12.18
fold2_room1_mix0452,67,4,0,57,-3,12.81
fold2_room1_mix0452,67,4,0,38,-3,11.73
fold2_room1_mix0452,67,4,0,9,-4,11.57
fold2_room1_mix0452,68,4,0,56,-2,13.38
fold2_room1_mix0452,68,4,0,31,-4,11.48
fold2_room1_mix0452,68,4,0,9,-4,10.50
fold2_room1_mix0452,69,4,0,51,-2,13.70
fold2_room1_mix0452,69,4,0,31,-4,11.40
fold2_room1_mix0452,69,4,0,9,-5,10.19
fold2_room1_mix0452,70,4,0,51,-2,13.53
fold2_room1_mix0452,70,4,0,28,-5,9.87
fold2_room1_mix0452,70,4,0,12,-5,8.89
fold2_room1_mix0452,71,4,0,52,-2,14.69
fold2_room1_mix0452,71,4,0,17,-6,8.30
fold2_room1_mix0452,72,4,0,50,-2,15.41
fold2_room1_mix0452,72,4,0,16,-8,7.50
fold2_room1_mix0452,73,4,0,50,-3,14.29
fold2_room1_mix0452,73,4,0,21,-9,6.43
fold2_room1_mix0452,74,4,0,62,-9,11.35
fold2_room1_mix0452,74,4,0,27,-12,6.04
fold2_room1_mix0452,75,4,0,66,-37,2.25
fold2_room1_mix0452,75,4,0,36,-4,16.43
fold2_room1_mix0452,76,4,0,141,-29,2.28
fold2_room1_mix0452,76,4,0,37,-3,16.26
fold2_room1_mix0452,77,4,0,156,-21,2.53
fold2_room1_mix0452,77,4,0,34,-2,17.45
fold2_room1_mix0452,78,4,0,162,-13,3.05
fold2_room1_mix0452,78,4,0,34,-1,17.98
fold2_room1_mix0452,79,4,0,168,-10,3.66
fold2_room1_mix0452,79,4,0,30,-1,19.54
fold2_room1_mix0452,80,4,0,171,-9,4.16
fold2_room1_mix0452,80,4,0,29,-1,17.58
fold2_room1_mix0452,81,4,0,170,-7,5.16
fold2_room1_mix0452,81,4,0,27,-1,17.97
fold2_room1_mix0452,82,4,0,171,-5,6.62
fold2_room1_mix0452,82,4,0,26,-1,18.44
fold2_room1_mix0452,83,4,0,171,-5,7.00
fold2_room1_mix0452,83,4,0,24,-1,18.34
fold2_room1_mix0452,84,4,0,170,-4,7.73
fold2_room1_mix0452,84,4,0,24,0,19.61
fold2_room1_mix0452,85,4,0,172,-4,9.29
fold2_room1_mix0452,85,4,0,22,0,20.28
fold2_room1_mix0452,86,4,0,171,-4,9.09
fold2_room1_mix0452,86,4,0,20,0,21.14
fold2_room1_mix0452,87,4,0,172,-3,9.79
fold2_room1_mix0452,87,4,0,20,0,22.18
fold2_room1_mix0452,88,4,0,172,-3,10.46
fold2_room1_mix0452,88,4,0,19,0,22.55
fold2_room1_mix0452,89,4,0,173,-3,11.09
fold2_room1_mix0452,89,4,0,19,0,22.65
fold2_room1_mix0452,90,4,0,170,-3,12.01
fold2_room1_mix0452,90,4,0,20,0,23.89
fold2_room1_mix0452,91,4,0,171,-3,12.88
fold2_room1_mix0452,91,4,0,20,0,24.86
fold2_room1_mix0452,92,4,0,170,-2,13.05
fold2_room1_mix0452,92,4,0,19,0,24.62
fold2_room1_mix0452,93,4,0,171,-2,13.86
fold2_room1_mix0452,93,4,0,18,0,24.84
fold2_room1_mix0452,94,4,0,172,-2,14.63
fold2_room1_mix0452,94,4,0,19,0,25.75
fold2_room1_mix0452,95,4,0,171,-3,14.78
fold2_room1_mix0452,95,4,0,18,0,25.98
fold2_room1_mix0452,96,4,0,171,-3,14.54
fold2_room1_mix0452,96,4,0,18,0,26.55
fold2_room1_mix0452,97,4,0,171,-2,15.84
fold2_room1_mix0452,97,4,0,19,0,27.15
fold2_room1_mix0452,98,4,0,170,-3,16.06
fold2_room1_mix0452,98,4,0,17,0,26.35
fold2_room1_mix0452,99,4,0,173,-3,15.04
fold2_room1_mix0452,99,4,0,18,0,27.10
fold2_room1_mix0453,3,4,0,-175,0,5.54
fold2_room1_mix0453,4,4,0,-174,0,10.43
fold2_room1_mix0453,5,4,0,-172,0,19.97
fold2_room1_mix0453,6,4,0,-173,0,23.44
fold2_room1_mix0453,7,4,0,-174,0,27.44
fold2_room1_mix0453,8,4,0,-171,-1,38.53
fold2_room1_mix0453,9,4,0,-174,0,40.76
fold2_room1_mix0453,10,4,0,-172,0,39.15
fold2_room1_mix0453,11,4,0,-172,0,38.57
fold2_room1_mix0453,12,4,0,-170,0,37.36
fold2_room1_mix0453,13,4,0,-172,0,36.54
fold2_room1_mix0453,14,4,0,-172,0,36.82
fold2_room1_mix0453,15,4,0,-170,0,37.51
fold2_room1_mix0453,16,4,0,-170,0,36.16
fold2_room1_mix0453,17,4,0,-172,0,37.48
fold2_room1_mix0453,18,4,0,-169,0,36.47
fold2_room1_mix0453,19,4,0,-170,0,34.81
fold2_room1_mix0453,20,4,0,-171,0,33.94
fold2_room1_mix0453,21,4,0,-169,0,33.34
fold2_room1_mix0453,22,4,0,-168,0,31.68
fold2_room1_mix0453,23,4,0,-168,0,31.03
fold2_room1_mix0453,24,4,0,-165,0,30.27
fold2_room1_mix0453,25,4,0,-164,0,30.06
fold2_room1_mix0453,26,4,0,-163,0,28.29
fold2_room1_mix0453,27,4,0,-165,0,28.86
fold2_room1_mix0453,28,4,0,-163,0,27.62
fold2_room1_mix0453,29,4,0,-164,0,27.03
fold2_room1_mix0453,30,4,0,-163,0,25.41
fold2_room1_mix0453,31,4,0,-162,-1,24.41
fold2_room1_mix0453,32,4,0,-162,-1,24.31
fold2_room1_mix0453,33,4,0,-162,-1,23.51
fold2_room1_mix0453,34,4,0,-160,-1,22.12
fold2_room1_mix0453,35,4,0,-162,-1,21.29
fold2_room1_mix0453,36,4,0,-161,-1,21.79
fold2_room1_mix0453,37,4,0,-160,-1,21.17
fold2_room1_mix0453,38,4,0,-158,0,23.21
fold2_room1_mix0453,39,1,0,-23,-3,16.41
fold2_room1_mix0453,39,4,0,-159,0,22.00
fold2_room1_mix0453,40,1,0,-15,-3,16.99
fold2_room1_mix0453,40,4,0,-160,-1,22.73
fold2_room1_mix0453,41,1,0,-16,-3,20.01
fold2_room1_mix0453,41,4,0,-163,0,23.49
fold2_room1_mix0453,42,1,0,-24,-3,6.03
fold2_room1_mix0453,42,4,0,-156,-1,24.45
fold2_room1_mix0453,43,1,0,-25,-3,17.58
fold2_room1_mix0453,43,4,0,-158,-1,26.94
fold2_room1_mix0453,44,1,0,-16,-2,21.53
fold2_room1_mix0453,44,4,0,-159,-1,19.94
fold2_room1_mix0453,45,1,0,-16,-2,19.29
fold2_room1_mix0453,45,4,0,-155,-1,20.81
fold2_room1_mix0453,46,1,0,-18,-2,20.20
fold2_room1_mix0453,46,4,0,-165,-1,27.90
fold2_room1_mix0453,47,1,0,-20,-2,4.08
fold2_room1_mix0453,47,4,0,-152,-1,18.91
fold2_room1_mix0453,48,1,0,-19,-2,18.29
fold2_room1_mix0453,48,4,0,-155,-1,22.19
fold2_room1_mix0453,49,1,0,-12,-2,23.83
fold2_room1_mix0453,49,4,0,-157,0,16.46
fold2_room1_mix0453,50,1,0,-16,-2,20.59
fold2_room1_mix0453,50,4,0,-151,-1,18.38
fold2_room1_mix0453,51,1,0,-12,-2,29.01
fold2_room1_mix0453,51,4,0,-160,-1,22.57
fold2_room1_mix0453,52,4,0,-140,-2,14.44
fold2_room1_mix0453,53,1,0,-11,-3,20.16
fold2_room1_mix0453,53,4,0,-141,-2,15.58
fold2_room1_mix0453,54,1,0,-9,-2,27.01
fold2_room1_mix0453,54,4,0,-151,-2,14.07
fold2_room1_mix0453,54,4,0,-113,-6,13.84
fold2_room1_mix0453,55,1,0,-5,-2,25.95
fold2_room1_mix0453,55,4,0,-140,-4,12.70
fold2_room1_mix0453,56,1,0,-11,-3,25.69
fold2_room1_mix0453,56,4,0,-148,-3,18.09
fold2_room1_mix0453,57,4,0,-132,-3,11.40
fold2_room1_mix0453,57,4,0,-103,-5,9.90
fold2_room1_mix0453,58,1,0,-3,-3,23.84
fold2_room1_mix0453,58,4,0,-133,-3,11.61
fold2_room1_mix0453,59,1,0,-12,-3,24.39
fold2_room1_mix0453,59,4,0,-134,-4,10.93
fold2_room1_mix0453,59,4,0,-99,-8,8.37
fold2_room1_mix0453,60,1,0,-4,-2,30.77
fold2_room1_mix0453,60,4,0,-129,-5,8.69
fold2_room1_mix0453,60,4,0,-89,-7,8.95
fold2_room1_mix0453,61,1,0,-14,-2,26.82
fold2_room1_mix0453,61,4,0,-128,-4,10.89
fold2_room1_mix0453,61,4,0,-96,-7,9.38
fold2_room1_mix0453,62,4,0,-104,-7,8.42
fold2_room1_mix0453,63,1,0,-4,-3,21.76
fold2_room1_mix0453,63,4,0,-95,-6,6.71
fold2_room1_mix0453,64,1,0,-11,-3,23.74
fold2_room1_mix0453,64,4,0,-79,-7,7.63
fold2_room1_mix0453,65,1,0,-9,-2,24.70
fold2_room1_mix0453,65,4,0,-87,-7,7.59
fold2_room1_mix0453,66,1,0,-16,-2,23.70
fold2_room1_mix0453,66,4,0,-70,-4,8.72
fold2_room1_mix0453,67,4,0,-68,-7,8.14
fold2_room1_mix0453,68,1,0,-2,-2,26.43
fold2_room1_mix0453,68,4,0,-67,-5,8.06
fold2_room1_mix0453,69,1,0,-11,-3,21.52
fold2_room1_mix0453,69,4,0,-56,-4,7.78
fold2_room1_mix0453,70,1,0,-4,-2,23.15
fold2_room1_mix0453,70,4,0,-56,-4,8.76
fold2_room1_mix0453,71,1,0,-5,-2,22.84
fold2_room1_mix0453,71,4,0,-47,-3,9.99
fold2_room1_mix0453,72,4,0,-54,-3,10.36
fold2_room1_mix0453,73,1,0,0,-2,20.28
fold2_room1_mix0453,73,4,0,-52,-3,9.32
fold2_room1_mix0453,74,1,0,-5,-2,18.82
fold2_room1_mix0453,74,4,0,-46,-2,10.64
fold2_room1_mix0453,75,1,0,-6,-2,28.08
fold2_room1_mix0453,75,4,0,-49,-3,10.72
fold2_room1_mix0453,76,1,0,-5,-2,16.31
fold2_room1_mix0453,76,4,0,-36,-1,13.25
fold2_room1_mix0453,77,4,0,-36,-2,12.49
fold2_room1_mix0453,78,1,0,-4,-2,16.89
fold2_room1_mix0453,78,4,0,-42,-2,14.23
fold2_room1_mix0453,79,1,0,-5,-2,17.07
fold2_room1_mix0453,79,4,0,-33,-1,14.71
fold2_room1_mix0453,80,1,0,-5,-2,19.14
fold2_room1_mix0453,80,4,0,-34,-1,15.11
fold2_room1_mix0453,81,1,0,-2,-1,8.02
fold2_room1_mix0453,81,4,0,-28,-1,19.34
fold2_room1_mix0453,82,4,0,-29,-1,17.72
fold2_room1_mix0453,83,1,0,-4,-2,15.30
fold2_room1_mix0453,83,4,0,-30,-1,20.47
fold2_room1_mix0453,84,1,0,-2,-2,17.29
fold2_room1_mix0453,84,4,0,-23,-1,20.44
fold2_room1_mix0453,85,1,0,-4,-2,18.36
fold2_room1_mix0453,85,4,0,-25,0,21.55
fold2_room1_mix0453,86,4,0,-19,0,23.48
fold2_room1_mix0453,87,4,0,-20,-1,23.24
fold2_room1_mix0453,88,1,0,-4,-2,13.56
fold2_room1_mix0453,88,4,0,-21,0,26.86
fold2_room1_mix0453,89,1,0,-3,-2,22.30
fold2_room1_mix0453,89,4,0,-16,-1,24.29
fold2_room1_mix0453,90,1,0,-2,-1,8.89
fold2_room1_mix0453,90,4,0,-19,0,27.54
fold2_room1_mix0453,91,4,0,-15,0,31.29
fold2_room1_mix0453,92,4,0,-14,-1,27.32
fold2_room1_mix0453,93,1,0,-2,-1,12.76
fold2_room1_mix0453,93,4,0,-15,0,27.39
fold2_room1_mix0453,94,1,0,0,-3,20.51
fold2_room1_mix0453,94,4,0,-14,0,27.98
fold2_room1_mix0453,95,1,0,0,0,3.72
fold2_room1_mix0453,95,4,0,-13,0,30.62
fold2_room1_mix0453,96,4,0,-13,0,33.20
fold2_room1_mix0453,97,4,0,-13,-1,35.79
fold2_room1_mix0453,98,4,0,-13,0,29.57
fold2_room1_mix0453,99,4,0,-11,-1,28.36
fold2_room1_mix0454,1,4,0,-176,0,1.30
fold2_room1_mix0454,2,4,0,-175,0,2.37
fold2_room1_mix0454,3,4,0,-176,0,4.36
fold2_room1_mix0454,4,4,0,-176,0,12.97
fold2_room1_mix0454,5,4,0,-173,0,12.79
fold2_room1_mix0454,6,4,0,-174,0,16.06
fold2_room1_mix0454,7,4,0,-173,0,19.55
fold2_room1_mix0454,8,4,0,-171,-1,22.19
fold2_room1_mix0454,9,4,0,-174,-1,21.83
fold2_room1_mix0454,10,4,0,-172,-1,20.56
fold2_room1_mix0454,11,4,0,-171,-1,20.40
fold2_room1_mix0454,12,4,0,-173,0,21.69
fold2_room1_mix0454,13,4,0,-172,0,20.65
fold2_room1_mix0454,14,4,0,-172,-1,21.56
fold2_room1_mix0454,15,4,0,-170,-1,20.42
fold2_room1_mix0454,16,4,0,-170,-1,21.28
fold2_room1_mix0454,17,4,0,-170,-1,20.63
fold2_room1_mix0454,18,4,0,-170,-1,22.31
fold2_room1_mix0454,19,4,0,-169,-1,21.24
fold2_room1_mix0454,20,4,0,-170,0,22.11
fold2_room1_mix0454,21,4,0,-170,-1,22.26
fold2_room1_mix0454,22,4,0,-168,-1,22.54
fold2_room1_mix0454,23,4,0,-167,-1,22.24
fold2_room1_mix0454,24,4,0,-168,0,22.89
fold2_room1_mix0454,25,4,0,-167,-1,21.62
fold2_room1_mix0454,26,4,0,-166,-1,21.40
fold2_room1_mix0454,27,4,0,-166,-1,20.90
fold2_room1_mix0454,28,4,0,-165,-1,19.27
fold2_room1_mix0454,29,4,0,-166,-1,20.02
fold2_room1_mix0454,30,4,0,-164,-1,19.38
fold2_room1_mix0454,31,4,0,-164,-1,19.19
fold2_room1_mix0454,32,4,0,-164,-1,19.19
fold2_room1_mix0454,33,4,0,-163,-1,19.15
fold2_room1_mix0454,34,4,0,-163,-1,19.08
fold2_room1_mix0454,35,4,0,-162,-1,19.34
fold2_room1_mix0454,36,4,0,-162,0,19.26
fold2_room1_mix0454,37,4,0,-161,-1,18.06
fold2_room1_mix0454,38,4,0,-160,-1,17.33
fold2_room1_mix0454,39,4,0,-162,-1,15.71
fold2_room1_mix0454,40,4,0,-160,-1,15.45
fold2_room1_mix0454,41,4,0,-160,-1,15.11
fold2_room1_mix0454,42,4,0,-160,-1,15.08
fold2_room1_mix0454,43,4,0,-159,-1,14.12
fold2_room1_mix0454,44,4,0,-158,-1,14.18
fold2_room1_mix0454,45,4,0,-158,-1,14.33
fold2_room1_mix0454,46,4,0,-158,-1,13.83
fold2_room1_mix0454,47,4,0,-158,-1,13.33
fold2_room1_mix0454,48,4,0,-156,-1,13.08
fold2_room1_mix0454,49,4,0,-155,-1,12.91
fold2_room1_mix0454,50,4,0,-154,-1,12.41
fold2_room1_mix0454,51,4,0,-153,-2,12.23
fold2_room1_mix0454,52,4,0,-151,-2,11.97
fold2_room1_mix0454,53,4,0,-151,-2,11.52
fold2_room1_mix0454,54,4,0,-150,-2,10.96
fold2_room1_mix0454,55,4,0,-147,-2,10.00
fold2_room1_mix0454,56,4,0,-146,-2,9.90
fold2_room1_mix0454,57,4,0,-144,-2,9.16
fold2_room1_mix0454,58,4,0,-142,-3,8.88
fold2_room1_mix0454,59,4,0,-138,-2,8.39
fold2_room1_mix0454,60,4,0,-135,-3,8.10
fold2_room1_mix0454,61,4,0,-129,-3,7.18
fold2_room1_mix0454,62,4,0,-125,-3,7.30
fold2_room1_mix0454,63,4,0,-122,-3,6.91
fold2_room1_mix0454,64,4,0,-118,-3,6.61
fold2_room1_mix0454,65,4,0,-113,-3,6.26
fold2_room1_mix0454,66,4,0,-109,-3,6.17
fold2_room1_mix0454,67,4,0,-103,-4,5.86
fold2_room1_mix0454,68,4,0,-96,-3,5.71
fold2_room1_mix0454,69,4,0,-92,-4,5.60
fold2_room1_mix0454,70,4,0,-86,-4,5.86
fold2_room1_mix0454,71,4,0,-82,-4,6.08
fold2_room1_mix0454,72,4,0,-77,-4,6.41
fold2_room1_mix0454,73,4,0,-68,-4,6.73
fold2_room1_mix0454,74,4,0,-62,-3,6.64
fold2_room1_mix0454,75,4,0,-59,-3,7.02
fold2_room1_mix0454,76,4,0,-54,-3,7.14
fold2_room1_mix0454,77,4,0,-52,-3,7.30
fold2_room1_mix0454,78,4,0,-47,-2,7.94
fold2_room1_mix0454,79,4,0,-46,-3,8.00
fold2_room1_mix0454,80,4,0,-42,-2,8.32
fold2_room1_mix0454,81,4,0,-41,-2,9.01
fold2_room1_mix0454,82,4,0,-38,-2,9.17
fold2_room1_mix0454,83,4,0,-37,-2,10.01
fold2_room1_mix0454,84,4,0,-35,-2,10.75
fold2_room1_mix0454,85,4,0,-33,-2,11.34
fold2_room1_mix0454,86,4,0,-29,-2,11.66
fold2_room1_mix0454,87,4,0,-29,-2,11.93
fold2_room1_mix0454,88,4,0,-29,-2,12.69
fold2_room1_mix0454,89,4,0,-26,-2,13.04
fold2_room1_mix0454,90,4,0,-25,-1,13.69
fold2_room1_mix0454,91,4,0,-24,-1,15.18
fold2_room1_mix0454,92,4,0,-23,-1,15.14
fold2_room1_mix0454,93,4,0,-23,-1,15.03
fold2_room1_mix0454,94,4,0,-23,-1,16.51
fold2_room1_mix0454,95,4,0,-21,-1,16.03
fold2_room1_mix0454,96,4,0,-20,-1,17.47
fold2_room1_mix0454,97,4,0,-19,0,18.46
fold2_room1_mix0454,98,4,0,-19,-1,18.01
fold2_room1_mix0454,99,4,0,-17,-1,17.71
fold2_room1_mix0455,38,4,0,5,0,16.42
fold2_room1_mix0455,40,4,0,2,0,24.18
fold2_room1_mix0455,41,4,0,2,0,23.82
fold2_room1_mix0455,42,4,0,2,0,23.63
fold2_room1_mix0455,43,4,0,3,0,26.02
fold2_room1_mix0455,44,4,0,2,0,30.21
fold2_room1_mix0455,45,0,0,120,-2,1.34
fold2_room1_mix0455,45,4,0,1,0,30.54
fold2_room1_mix0455,46,0,0,119,-2,5.88
fold2_room1_mix0455,46,3,0,83,-3,3.95
fold2_room1_mix0455,46,4,0,6,0,35.41
fold2_room1_mix0455,47,0,0,113,-2,6.28
fold2_room1_mix0455,47,4,0,0,0,31.57
fold2_room1_mix0455,48,0,0,121,-2,8.08
fold2_room1_mix0455,48,4,0,1,0,32.21
fold2_room1_mix0455,49,0,0,124,-2,10.98
fold2_room1_mix0455,49,4,0,3,0,29.19
fold2_room1_mix0455,50,0,0,126,-2,15.31
fold2_room1_mix0455,50,4,0,0,0,30.05
fold2_room1_mix0455,51,0,0,130,-2,16.76
fold2_room1_mix0455,51,4,0,-3,0,27.85
fold2_room1_mix0455,52,0,0,130,-2,15.68
fold2_room1_mix0455,52,4,0,0,-1,26.75
fold2_room1_mix0455,53,0,0,131,-2,14.07
fold2_room1_mix0455,53,4,0,6,0,28.74
fold2_room1_mix0455,54,0,0,133,-2,14.65
fold2_room1_mix0455,54,4,0,6,-1,28.97
fold2_room1_mix0455,55,0,0,137,-2,16.09
fold2_room1_mix0455,55,4,0,9,0,25.35
fold2_room1_mix0455,56,0,0,140,-2,15.18
fold2_room1_mix0455,56,4,0,5,0,24.71
fold2_room1_mix0455,57,0,0,141,-2,16.05
fold2_room1_mix0455,57,4,0,4,-1,24.05
fold2_room1_mix0455,58,0,0,144,-2,17.52
fold2_room1_mix0455,58,4,0,4,0,25.19
fold2_room1_mix0455,59,0,0,145,-2,17.35
fold2_room1_mix0455,59,4,0,8,-1,22.52
fold2_room1_mix0455,60,0,0,147,-1,17.84
fold2_room1_mix0455,60,4,0,10,-1,23.57
fold2_room1_mix0455,61,0,0,148,-1,16.99
fold2_room1_mix0455,61,4,0,9,-1,22.51
fold2_room1_mix0455,62,0,0,148,-1,17.49
fold2_room1_mix0455,62,4,0,7,-1,21.32
fold2_room1_mix0455,63,0,0,150,-1,17.70
fold2_room1_mix0455,63,4,0,7,0,20.30
fold2_room1_mix0455,64,0,0,175,-2,13.76
fold2_room1_mix0455,64,4,0,9,-1,19.50
fold2_room1_mix0455,65,0,0,171,-2,16.61
fold2_room1_mix0455,65,4,0,11,-1,19.12
fold2_room1_mix0455,66,0,0,-176,-2,13.25
fold2_room1_mix0455,66,4,0,12,0,18.27
fold2_room1_mix0455,67,0,0,-173,-2,12.88
fold2_room1_mix0455,67,4,0,9,-1,17.21
fold2_room1_mix0455,68,0,0,177,-2,17.83
fold2_room1_mix0455,68,4,0,10,-1,16.18
fold2_room1_mix0455,69,0,0,-168,-2,22.14
fold2_room1_mix0455,69,0,0,175,-2,16.39
fold2_room1_mix0455,69,4,0,7,-2,14.36
fold2_room1_mix0455,70,0,0,-177,-2,17.44
fold2_room1_mix0455,70,4,0,8,-2,15.47
fold2_room1_mix0455,71,0,0,-171,-2,18.19
fold2_room1_mix0455,71,4,0,6,-2,14.54
fold2_room1_mix0455,72,0,0,-171,-2,18.46
fold2_room1_mix0455,72,4,0,8,-3,13.22
fold2_room1_mix0455,73,0,0,-168,-2,18.09
fold2_room1_mix0455,73,4,0,9,-3,12.70
fold2_room1_mix0455,74,0,0,-164,-2,17.40
fold2_room1_mix0455,74,4,0,9,-3,10.57
fold2_room1_mix0455,75,0,0,-165,-2,18.60
fold2_room1_mix0455,75,4,0,9,-3,10.79
fold2_room1_mix0455,76,0,0,-161,-2,15.56
fold2_room1_mix0455,76,4,0,13,-3,10.61
fold2_room1_mix0455,77,0,0,-164,-2,16.88
fold2_room1_mix0455,77,4,0,10,-3,9.16
fold2_room1_mix0455,78,0,0,-162,-2,17.05
fold2_room1_mix0455,78,4,0,11,-3,9.62
fold2_room1_mix0455,79,0,0,-166,-2,17.70
fold2_room1_mix0455,79,4,0,12,-5,8.44
fold2_room1_mix0455,80,0,0,-165,-2,18.24
fold2_room1_mix0455,80,4,0,14,-4,8.74
fold2_room1_mix0455,81,0,0,-164,-2,19.92
fold2_room1_mix0455,81,4,0,13,-5,6.81
fold2_room1_mix0455,82,0,0,-165,-2,20.33
fold2_room1_mix0455,82,4,0,12,-5,6.08
fold2_room1_mix0455,83,0,0,-165,-2,20.40
fold2_room1_mix0455,83,4,0,12,-6,5.37
fold2_room1_mix0455,84,0,0,-166,-2,23.36
fold2_room1_mix0455,84,4,0,18,-7,4.54
fold2_room1_mix0455,85,0,0,-168,-1,19.40
fold2_room1_mix0455,85,4,0,23,-8,3.39
fold2_room1_mix0455,86,0,0,-172,-1,18.20
fold2_room1_mix0455,86,4,0,28,-10,2.51
fold2_room1_mix0455,87,0,0,-173,0,11.73
fold2_room1_mix0455,87,4,0,39,-13,1.79
fold2_room1_mix0455,88,0,0,-170,-1,4.42
fold2_room1_mix0455,88,4,0,60,-13,1.24
fold2_room1_mix0455,89,0,0,-176,-1,5.68
fold2_room1_mix0455,89,4,0,95,-13,1.21
fold2_room1_mix0455,90,0,0,-176,-1,5.81
fold2_room1_mix0455,90,4,0,130,-9,1.30
fold2_room1_mix0455,91,0,0,178,-1,4.68
fold2_room1_mix0455,91,4,0,148,-5,1.71
fold2_room1_mix0455,92,0,0,179,-1,8.86
fold2_room1_mix0455,92,4,0,155,-4,2.50
fold2_room1_mix0455,93,0,0,-179,-1,9.06
fold2_room1_mix0455,93,4,0,159,-3,3.13
fold2_room1_mix0455,94,0,0,179,-1,6.61
fold2_room1_mix0455,94,4,0,164,-2,3.70
fold2_room1_mix0455,95,0,0,178,0,7.73
fold2_room1_mix0455,95,4,0,169,-2,4.67
fold2_room1_mix0455,96,0,0,-179,0,9.60
fold2_room1_mix0455,96,4,0,170,-2,4.98
fold2_room1_mix0455,97,0,0,-177,0,12.50
fold2_room1_mix0455,97,4,0,172,-2,6.04
fold2_room1_mix0455,98,0,0,-176,0,12.13
fold2_room1_mix0455,98,4,0,173,-1,6.62
fold2_room1_mix0455,99,0,0,-178,0,8.06
fold2_room1_mix0455,99,4,0,174,-1,7.13
fold2_room1_mix0456,43,4,0,34,-1,11.84
fold2_room1_mix0456,44,4,0,35,-1,12.18
fold2_room1_mix0456,45,4,0,35,-1,16.00
fold2_room1_mix0456,46,4,0,38,-1,17.40
fold2_room1_mix0456,47,4,0,38,-1,17.48
fold2_room1_mix0456,48,4,0,41,-1,17.18
fold2_room1_mix0456,49,4,0,44,-1,16.62
fold2_room1_mix0456,50,4,0,46,-2,15.77
fold2_room1_mix0456,51,4,0,50,-2,14.33
fold2_room1_mix0456,52,4,0,53,-2,14.41
fold2_room1_mix0456,53,4,0,55,-2,13.55
fold2_room1_mix0456,54,4,0,58,-2,13.58
fold2_room1_mix0456,55,4,0,60,-2,12.89
fold2_room1_mix0456,56,4,0,64,-2,12.92
fold2_room1_mix0456,57,4,0,67,-2,12.58
fold2_room1_mix0456,58,4,0,68,-2,12.44
fold2_room1_mix0456,59,4,0,72,-3,12.31
fold2_room1_mix0456,60,4,0,79,-3,12.17
fold2_room1_mix0456,61,4,0,81,-3,12.22
fold2_room1_mix0456,62,4,0,87,-3,11.94
fold2_room1_mix0456,63,4,0,89,-3,11.97
fold2_room1_mix0456,64,4,0,92,-3,11.98
fold2_room1_mix0456,65,4,0,96,-3,12.04
fold2_room1_mix0456,66,4,0,100,-3,11.94
fold2_room1_mix0456,67,4,0,101,-3,12.26
fold2_room1_mix0456,68,4,0,105,-3,12.51
fold2_room1_mix0456,69,4,0,108,-3,12.48
fold2_room1_mix0456,70,4,0,112,-3,12.78
fold2_room1_mix0456,71,4,0,116,-3,13.20
fold2_room1_mix0456,72,4,0,119,-3,13.38
fold2_room1_mix0456,73,4,0,122,-3,13.47
fold2_room1_mix0456,74,4,0,123,-2,12.08
fold2_room1_mix0456,75,4,0,126,-3,14.04
fold2_room1_mix0456,76,4,0,126,-3,14.23
fold2_room1_mix0456,77,4,0,129,-2,14.46
fold2_room1_mix0456,78,4,0,133,-2,13.75
fold2_room1_mix0456,79,4,0,134,-2,14.28
fold2_room1_mix0456,80,4,0,133,-1,7.06
fold2_room1_mix0456,81,4,0,139,-1,10.56
fold2_room1_mix0457,59,4,0,170,0,2.96
fold2_room1_mix0457,60,4,0,172,0,10.28
fold2_room1_mix0457,61,4,0,173,0,12.03
fold2_room1_mix0457,62,4,0,175,-1,15.62
fold2_room1_mix0457,63,4,0,173,-1,16.68
fold2_room1_mix0457,64,4,0,172,-1,17.46
fold2_room1_mix0457,65,4,0,173,-1,15.92
fold2_room1_mix0457,66,4,0,171,-2,14.68
fold2_room1_mix0457,67,4,0,170,-3,13.55
fold2_room1_mix0457,68,4,0,169,-3,11.78
fold2_room1_mix0457,69,4,0,167,-3,11.15
fold2_room1_mix0457,70,4,0,165,-4,9.54
fold2_room1_mix0457,71,4,0,163,-5,9.31
fold2_room1_mix0457,72,4,0,158,-7,6.66
fold2_room1_mix0457,73,4,0,155,-8,5.88
fold2_room1_mix0457,74,4,0,148,-12,4.45
fold2_room1_mix0457,75,4,0,133,-17,3.30
fold2_room1_mix0457,76,4,0,105,-25,2.45
fold2_room1_mix0457,77,4,0,72,-22,2.70
fold2_room1_mix0457,78,4,0,52,-17,3.03
fold2_room1_mix0457,79,4,0,39,-12,3.73
fold2_room1_mix0457,80,4,0,29,-9,4.42
fold2_room1_mix0457,81,4,0,25,-8,4.85
fold2_room1_mix0457,82,4,0,21,-6,5.88
fold2_room1_mix0457,83,4,0,17,-5,7.65
fold2_room1_mix0457,84,4,0,16,-4,8.41
fold2_room1_mix0457,85,4,0,13,-4,10.01
fold2_room1_mix0457,86,4,0,13,-3,11.08
fold2_room1_mix0457,87,4,0,10,-3,12.57
fold2_room1_mix0457,88,4,0,10,-3,12.80
fold2_room1_mix0457,89,4,0,9,-3,13.78
fold2_room1_mix0457,90,4,0,8,-2,15.68
fold2_room1_mix0457,91,4,0,9,-2,16.39
fold2_room1_mix0457,92,4,0,10,-2,17.08
fold2_room1_mix0457,93,4,0,7,-1,17.97
fold2_room1_mix0457,94,4,0,9,-1,19.37
fold2_room1_mix0457,95,4,0,7,-1,13.42
fold2_room1_mix0458,3,4,0,16,1,4.01
fold2_room1_mix0458,4,4,0,28,0,15.45
fold2_room1_mix0458,5,4,0,29,0,17.00
fold2_room1_mix0458,6,4,0,30,0,20.06
fold2_room1_mix0458,7,4,0,31,0,28.55
fold2_room1_mix0458,8,4,0,30,0,28.92
fold2_room1_mix0458,9,4,0,29,0,28.42
fold2_room1_mix0458,10,4,0,29,-1,28.41
fold2_room1_mix0458,11,4,0,32,0,27.89
fold2_room1_mix0458,12,4,0,30,0,29.37
fold2_room1_mix0458,13,4,0,32,0,28.67
fold2_room1_mix0458,14,4,0,32,0,29.72
fold2_room1_mix0458,15,4,0,32,0,28.72
fold2_room1_mix0458,16,4,0,31,-1,27.67
fold2_room1_mix0458,17,4,0,34,0,27.71
fold2_room1_mix0458,18,4,0,35,-1,27.55
fold2_room1_mix0458,19,4,0,35,-1,26.85
fold2_room1_mix0458,20,4,0,35,-1,27.57
fold2_room1_mix0458,21,4,0,37,-1,27.69
fold2_room1_mix0458,22,4,0,37,-1,26.19
fold2_room1_mix0458,23,4,0,39,0,26.09
fold2_room1_mix0458,24,4,0,39,-1,25.31
fold2_room1_mix0458,25,4,0,39,-1,26.21
fold2_room1_mix0458,26,4,0,38,0,26.33
fold2_room1_mix0458,27,4,0,41,-1,25.20
fold2_room1_mix0458,28,4,0,40,-1,24.54
fold2_room1_mix0458,29,4,0,40,-1,24.48
fold2_room1_mix0458,30,4,0,39,-1,24.46
fold2_room1_mix0458,31,4,0,41,-1,23.80
fold2_room1_mix0458,32,4,0,41,-1,23.36
fold2_room1_mix0458,33,4,0,41,-1,23.56
fold2_room1_mix0458,34,4,0,43,-1,22.58
fold2_room1_mix0458,35,4,0,42,-1,22.93
fold2_room1_mix0458,36,4,0,43,-1,22.61
fold2_room1_mix0458,37,4,0,45,-1,22.34
fold2_room1_mix0458,38,4,0,45,-1,21.82
fold2_room1_mix0458,39,4,0,45,-1,22.03
fold2_room1_mix0458,40,4,0,47,-1,21.62
fold2_room1_mix0458,41,4,0,47,-1,21.16
fold2_room1_mix0458,42,4,0,48,-1,20.68
fold2_room1_mix0458,43,4,0,50,-1,20.50
fold2_room1_mix0458,44,4,0,50,-1,20.13
fold2_room1_mix0458,45,4,0,50,-1,20.31
fold2_room1_mix0458,46,4,0,51,-1,20.50
fold2_room1_mix0458,47,4,0,51,-1,19.79
fold2_room1_mix0458,48,4,0,53,-1,18.98
fold2_room1_mix0458,49,4,0,53,-1,19.23
fold2_room1_mix0458,50,4,0,53,-1,19.32
fold2_room1_mix0458,51,4,0,54,-1,18.52
fold2_room1_mix0458,52,4,0,55,-1,18.64
fold2_room1_mix0458,53,4,0,56,-1,18.56
fold2_room1_mix0458,54,4,0,56,-1,18.62
fold2_room1_mix0458,55,4,0,57,-1,18.42
fold2_room1_mix0458,56,4,0,60,-1,18.18
fold2_room1_mix0458,57,4,0,60,-1,18.19
fold2_room1_mix0458,58,4,0,60,-1,18.18
fold2_room1_mix0458,59,4,0,63,-1,17.88
fold2_room1_mix0458,60,4,0,64,-1,17.37
fold2_room1_mix0458,61,4,0,64,-1,16.77
fold2_room1_mix0458,62,4,0,66,-1,16.96
fold2_room1_mix0458,63,4,0,66,-1,17.11
fold2_room1_mix0458,64,4,0,68,-1,16.58
fold2_room1_mix0458,65,4,0,69,-1,16.61
fold2_room1_mix0458,66,4,0,70,-1,16.53
fold2_room1_mix0458,67,4,0,71,-1,16.12
fold2_room1_mix0458,68,4,0,73,-1,16.17
fold2_room1_mix0458,69,4,0,73,-1,15.86
fold2_room1_mix0458,70,4,0,74,-1,15.75
fold2_room1_mix0458,71,4,0,75,-1,15.73
fold2_room1_mix0458,72,4,0,77,-2,15.44
fold2_room1_mix0458,73,4,0,78,-2,15.10
fold2_room1_mix0458,74,4,0,79,-2,14.88
fold2_room1_mix0458,75,4,0,79,-2,14.82
fold2_room1_mix0458,76,4,0,81,-2,14.84
fold2_room1_mix0458,77,4,0,82,-2,14.62
fold2_room1_mix0458,78,4,0,82,-2,14.72
fold2_room1_mix0458,79,4,0,84,-3,14.48
fold2_room1_mix0458,80,4,0,85,-3,14.33
fold2_room1_mix0458,81,4,0,86,-2,14.58
fold2_room1_mix0458,82,4,0,86,-3,14.29
fold2_room1_mix0458,83,4,0,88,-3,14.26
fold2_room1_mix0458,84,4,0,89,-3,14.65
fold2_room1_mix0458,85,4,0,90,-3,14.33
fold2_room1_mix0458,86,4,0,92,-3,14.17
fold2_room1_mix0458,87,4,0,94,-3,14.27
fold2_room1_mix0458,88,4,0,95,-3,14.12
fold2_room1_mix0458,89,4,0,96,-3,14.15
fold2_room1_mix0458,90,4,0,98,-3,14.22
fold2_room1_mix0458,91,4,0,100,-3,14.45
fold2_room1_mix0458,92,4,0,100,-3,14.02
fold2_room1_mix0458,93,4,0,102,-3,14.33
fold2_room1_mix0458,94,4,0,104,-2,14.91
fold2_room1_mix0458,95,4,0,105,-3,14.44
fold2_room1_mix0458,96,4,0,107,-2,14.75
fold2_room1_mix0458,97,4,0,108,-2,16.34
fold2_room1_mix0458,98,4,0,110,-2,15.84
fold2_room1_mix0458,99,4,0,112,-2,15.30
fold2_room1_mix0459,32,0,0,-7,-1,9.43
fold2_room1_mix0459,33,0,0,-11,-1,9.28
fold2_room1_mix0459,34,0,0,-12,-1,12.06
fold2_room1_mix0459,35,0,0,-14,-2,10.59
fold2_room1_mix0459,36,0,0,-13,-2,16.93
fold2_room1_mix0459,37,0,0,-13,-2,18.29
fold2_room1_mix0459,38,0,0,-14,-2,19.28
fold2_room1_mix0459,39,0,0,-13,-2,19.64
fold2_room1_mix0459,40,0,0,-14,-2,21.63
fold2_room1_mix0459,41,0,0,-15,-2,17.36
fold2_room1_mix0459,42,0,0,-14,-1,22.97
fold2_room1_mix0459,43,0,0,-13,-1,22.86
fold2_room1_mix0459,44,0,0,-13,-2,21.36
fold2_room1_mix0459,45,0,0,-14,-2,21.78
fold2_room1_mix0459,46,0,0,-14,-2,21.11
fold2_room1_mix0459,47,0,0,-15,-2,21.18
fold2_room1_mix0459,48,0,0,-14,-2,19.71
fold2_room1_mix0459,49,0,0,-16,-2,20.30
fold2_room1_mix0459,50,0,0,-13,-2,19.07
fold2_room1_mix0459,51,0,0,-16,-2,18.35
fold2_room1_mix0459,52,0,0,-16,-2,17.06
fold2_room1_mix0459,53,0,0,-17,-2,17.57
fold2_room1_mix0459,53,4,0,176,-1,1.18
fold2_room1_mix0459,54,0,0,-18,-2,15.91
fold2_room1_mix0459,55,0,0,-19,-3,14.38
fold2_room1_mix0459,55,4,0,178,-1,1.90
fold2_room1_mix0459,56,0,0,-19,-3,13.09
fold2_room1_mix0459,56,4,0,175,1,1.86
fold2_room1_mix0459,57,0,0,-19,-2,4.66
fold2_room1_mix0459,57,4,0,171,-2,5.59
fold2_room1_mix0459,58,0,0,-16,-3,2.62
fold2_room1_mix0459,58,4,0,172,0,8.94
fold2_room1_mix0459,59,4,0,177,-1,34.26
fold2_room1_mix0459,61,4,0,-177,-1,14.53
fold2_room1_mix0459,62,4,0,179,0,13.91
fold2_room1_mix0459,63,4,0,-179,0,12.43
fold2_room1_mix0459,64,4,0,-173,0,31.95
fold2_room1_mix0459,65,4,0,-173,0,30.83
fold2_room1_mix0459,66,4,0,-177,0,29.38
fold2_room1_mix0459,67,4,0,-179,0,28.55
fold2_room1_mix0459,68,4,0,-176,0,26.80
fold2_room1_mix0459,69,4,0,-177,-1,24.73
fold2_room1_mix0459,70,4,0,-176,-1,24.12
fold2_room1_mix0459,71,4,0,-175,-1,23.17
fold2_room1_mix0459,72,4,0,-175,-1,22.51
fold2_room1_mix0459,73,4,0,-175,-1,20.59
fold2_room1_mix0459,74,4,0,-175,-1,19.50
fold2_room1_mix0459,75,4,0,-174,-1,18.19
fold2_room1_mix0459,76,4,0,-172,-1,16.71
fold2_room1_mix0459,77,4,0,-171,-2,15.12
fold2_room1_mix0459,78,4,0,-171,-2,13.44
fold2_room1_mix0459,79,4,0,-170,-3,11.57
fold2_room1_mix0459,80,4,0,-169,-3,10.56
fold2_room1_mix0459,81,4,0,-167,-4,9.25
fold2_room1_mix0459,82,4,0,-167,-4,8.64
fold2_room1_mix0459,83,4,0,-163,-6,6.72
fold2_room1_mix0459,84,4,0,-161,-8,4.93
fold2_room1_mix0459,85,4,0,-156,-10,3.65
fold2_room1_mix0459,86,4,0,-147,-16,2.76
fold2_room1_mix0459,87,4,0,-124,-29,1.82
fold2_room1_mix0459,88,4,0,-72,-33,1.32
fold2_room1_mix0459,89,4,0,-38,-16,1.74
fold2_room1_mix0459,90,4,0,-25,-12,2.54
fold2_room1_mix0459,91,4,0,-22,-9,3.98
fold2_room1_mix0459,92,4,0,-16,-8,4.77
fold2_room1_mix0459,93,4,0,-12,-5,5.78
fold2_room1_mix0459,94,4,0,-9,-5,7.20
fold2_room1_mix0459,95,4,0,-6,-4,8.88
fold2_room1_mix0459,96,4,0,-5,-3,10.69
fold2_room1_mix0459,97,4,0,-5,-3,11.93
fold2_room1_mix0459,98,4,0,-4,-2,13.85
fold2_room1_mix0459,99,4,0,-4,-2,14.40
fold2_room1_mix0459,31,0,0,-4,-1,2.94
fold2_room1_mix0460,3,4,0,4,0,3.31
fold2_room1_mix0460,4,4,0,13,0,13.53
fold2_room1_mix0460,5,4,0,15,0,18.01
fold2_room1_mix0460,6,4,0,13,0,19.40
fold2_room1_mix0460,7,4,0,14,0,23.84
fold2_room1_mix0460,8,4,0,16,-1,36.12
fold2_room1_mix0460,9,4,0,14,0,33.69
fold2_room1_mix0460,10,4,0,14,-1,35.44
fold2_room1_mix0460,11,4,0,17,0,36.21
fold2_room1_mix0460,12,4,0,17,0,35.78
fold2_room1_mix0460,13,4,0,17,0,35.97
fold2_room1_mix0460,14,4,0,18,0,36.51
fold2_room1_mix0460,15,4,0,17,0,36.09
fold2_room1_mix0460,16,4,0,18,0,35.52
fold2_room1_mix0460,17,4,0,18,0,35.26
fold2_room1_mix0460,18,4,0,20,0,37.79
fold2_room1_mix0460,19,4,0,21,0,37.10
fold2_room1_mix0460,20,4,0,18,0,37.16
fold2_room1_mix0460,21,4,0,20,0,37.68
fold2_room1_mix0460,22,4,0,20,0,35.06
fold2_room1_mix0460,23,4,0,21,0,35.03
fold2_room1_mix0460,24,4,0,21,0,35.91
fold2_room1_mix0460,25,4,0,20,0,33.52
fold2_room1_mix0460,26,4,0,25,0,34.41
fold2_room1_mix0460,27,3,0,163,-4,11.66
fold2_room1_mix0460,27,4,0,23,0,35.77
fold2_room1_mix0460,28,3,0,161,-5,15.22
fold2_room1_mix0460,28,4,0,25,0,34.45
fold2_room1_mix0460,29,3,0,164,-4,13.85
fold2_room1_mix0460,29,4,0,23,0,33.94
fold2_room1_mix0460,30,3,0,160,-4,14.54
fold2_room1_mix0460,30,4,0,25,0,35.89
fold2_room1_mix0460,31,3,0,164,-4,14.79
fold2_room1_mix0460,31,4,0,25,0,34.56
fold2_room1_mix0460,32,3,0,159,-3,16.39
fold2_room1_mix0460,32,4,0,23,0,36.13
fold2_room1_mix0460,33,3,0,157,-3,14.70
fold2_room1_mix0460,33,4,0,23,0,35.65
fold2_room1_mix0460,34,3,0,158,-3,15.11
fold2_room1_mix0460,34,4,0,26,0,34.86
fold2_room1_mix0460,35,3,0,155,-3,15.31
fold2_room1_mix0460,35,4,0,24,0,35.96
fold2_room1_mix0460,36,3,0,156,-4,13.64
fold2_room1_mix0460,36,4,0,25,0,33.99
fold2_room1_mix0460,37,3,0,154,-3,14.56
fold2_room1_mix0460,37,4,0,25,0,33.84
fold2_room1_mix0460,38,3,0,150,-3,13.12
fold2_room1_mix0460,38,4,0,25,0,35.73
fold2_room1_mix0460,39,3,0,153,-3,12.11
fold2_room1_mix0460,39,4,0,24,0,36.15
fold2_room1_mix0460,40,3,0,144,-4,15.60
fold2_room1_mix0460,40,4,0,25,0,34.64
fold2_room1_mix0460,41,3,0,142,-4,12.37
fold2_room1_mix0460,41,4,0,24,0,34.04
fold2_room1_mix0460,42,3,0,140,-5,10.62
fold2_room1_mix0460,42,4,0,26,0,31.93
fold2_room1_mix0460,43,3,0,134,-5,10.56
fold2_room1_mix0460,43,4,0,26,0,32.71
fold2_room1_mix0460,44,3,0,129,-5,9.15
fold2_room1_mix0460,44,4,0,28,0,29.94
fold2_room1_mix0460,45,3,0,130,-6,9.59
fold2_room1_mix0460,45,4,0,30,0,28.90
fold2_room1_mix0460,46,3,0,125,-6,8.34
fold2_room1_mix0460,46,4,0,25,0,30.50
fold2_room1_mix0460,47,3,0,121,-6,8.27
fold2_room1_mix0460,47,4,0,28,-1,27.43
fold2_room1_mix0460,48,3,0,123,-6,8.61
fold2_room1_mix0460,48,4,0,27,-1,28.63
fold2_room1_mix0460,49,3,0,113,-7,6.99
fold2_room1_mix0460,49,4,0,26,-1,28.64
fold2_room1_mix0460,50,3,0,109,-6,7.91
fold2_room1_mix0460,50,4,0,27,-1,28.95
fold2_room1_mix0460,51,3,0,109,-7,7.39
fold2_room1_mix0460,51,4,0,29,-1,27.38
fold2_room1_mix0460,52,3,0,99,-8,6.77
fold2_room1_mix0460,52,4,0,31,0,25.60
fold2_room1_mix0460,53,3,0,91,-8,6.09
fold2_room1_mix0460,53,4,0,33,0,24.43
fold2_room1_mix0460,54,3,0,87,-7,6.43
fold2_room1_mix0460,54,4,0,34,0,25.34
fold2_room1_mix0460,55,3,0,92,-7,6.86
fold2_room1_mix0460,55,4,0,39,0,23.16
fold2_room1_mix0460,56,3,0,97,-6,7.24
fold2_room1_mix0460,56,4,0,42,0,23.67
fold2_room1_mix0460,57,3,0,86,-6,6.57
fold2_room1_mix0460,57,4,0,40,0,23.58
fold2_room1_mix0460,58,3,0,78,-7,6.00
fold2_room1_mix0460,58,4,0,44,0,22.73
fold2_room1_mix0460,59,3,0,62,-5,7.05
fold2_room1_mix0460,59,4,0,43,0,22.59
fold2_room1_mix0460,60,3,0,44,-4,8.86
fold2_room1_mix0460,60,4,0,48,0,19.50
fold2_room1_mix0460,61,4,0,47,0,21.26
fold2_room1_mix0460,62,4,0,45,0,20.91
fold2_room1_mix0460,63,4,0,49,0,20.11
fold2_room1_mix0460,64,4,0,55,-1,16.81
fold2_room1_mix0460,65,4,0,56,-1,17.45
fold2_room1_mix0460,66,4,0,59,-1,16.71
fold2_room1_mix0460,67,4,0,60,-1,15.89
fold2_room1_mix0460,68,4,0,62,-1,16.62
fold2_room1_mix0460,69,4,0,65,-1,16.63
fold2_room1_mix0460,70,4,0,65,-2,16.20
fold2_room1_mix0460,71,4,0,67,-1,16.56
fold2_room1_mix0460,72,4,0,68,-1,16.24
fold2_room1_mix0460,73,4,0,70,-2,15.66
fold2_room1_mix0460,74,4,0,68,-1,16.77
fold2_room1_mix0460,75,4,0,72,-1,16.34
fold2_room1_mix0460,76,4,0,74,-2,15.50
fold2_room1_mix0460,77,4,0,76,-2,15.41
fold2_room1_mix0460,78,4,0,78,-2,14.70
fold2_room1_mix0460,79,4,0,79,-2,14.09
fold2_room1_mix0460,80,4,0,80,-2,13.76
fold2_room1_mix0460,81,4,0,82,-2,13.81
fold2_room1_mix0460,82,4,0,84,-3,13.60
fold2_room1_mix0460,83,4,0,86,-2,13.87
fold2_room1_mix0460,84,4,0,88,-3,13.30
fold2_room1_mix0460,85,4,0,91,-2,13.75
fold2_room1_mix0460,86,4,0,95,-3,13.39
fold2_room1_mix0460,87,4,0,97,-2,14.21
fold2_room1_mix0460,88,4,0,102,-2,14.83
fold2_room1_mix0460,89,4,0,103,-2,14.23
fold2_room1_mix0460,90,4,0,108,-2,14.55
fold2_room1_mix0460,91,4,0,111,-2,14.85
fold2_room1_mix0460,92,4,0,112,-2,14.12
fold2_room1_mix0460,93,4,0,113,-2,14.15
fold2_room1_mix0460,94,4,0,116,-1,15.41
fold2_room1_mix0460,95,4,0,118,-2,14.56
fold2_room1_mix0460,96,4,0,121,-1,14.97
fold2_room1_mix0460,97,4,0,123,-1,16.05
fold2_room1_mix0460,98,4,0,124,-1,15.99
fold2_room1_mix0460,99,4,0,130,-1,15.98
fold2_room1_mix0460,2,4,0,2,0,1.04
fold2_room1_mix0461,15,1,0,-161,-2,14.81
fold2_room1_mix0461,16,1,0,-159,-2,29.20
fold2_room1_mix0461,17,1,0,-155,-2,28.89
fold2_room1_mix0461,18,1,0,-154,-2,23.87
fold2_room1_mix0461,19,1,0,-162,-1,3.58
fold2_room1_mix0461,20,1,0,-155,-2,22.76
fold2_room1_mix0461,20,2,0,78,-4,5.40
fold2_room1_mix0461,21,1,0,-156,-2,22.39
fold2_room1_mix0461,21,2,0,79,-4,8.58
fold2_room1_mix0461,22,1,0,-154,-2,30.49
fold2_room1_mix0461,22,2,0,76,-4,7.33
fold2_room1_mix0461,23,1,0,-154,-2,16.59
fold2_room1_mix0461,23,2,0,80,-5,6.54
fold2_room1_mix0461,25,1,0,-153,-2,24.49
fold2_room1_mix0461,26,1,0,-151,-2,22.62
fold2_room1_mix0461,27,1,0,-151,-2,23.14
fold2_room1_mix0461,28,1,0,-156,-2,3.41
fold2_room1_mix0461,28,2,0,75,-5,7.29
fold2_room1_mix0461,29,1,0,-155,-2,9.01
fold2_room1_mix0461,29,2,0,81,-6,6.89
fold2_room1_mix0461,30,1,0,-151,-2,20.29
fold2_room1_mix0461,30,2,0,81,-5,7.55
fold2_room1_mix0461,31,1,0,-152,-2,16.99
fold2_room1_mix0461,31,2,0,80,-5,7.94
fold2_room1_mix0461,32,1,0,-148,-2,14.89
fold2_room1_mix0461,32,2,0,76,-6,6.34
fold2_room1_mix0461,34,1,0,-151,-2,7.54
fold2_room1_mix0461,35,1,0,-148,-2,18.46
fold2_room1_mix0461,36,1,0,-146,-2,20.09
fold2_room1_mix0461,37,1,0,-147,-2,20.23
fold2_room1_mix0461,37,2,0,81,-5,3.01
fold2_room1_mix0461,38,2,0,83,-5,7.81
fold2_room1_mix0461,39,1,0,-146,-2,14.08
fold2_room1_mix0461,39,2,0,84,-5,8.22
fold2_room1_mix0461,40,1,0,-146,-3,15.30
fold2_room1_mix0461,40,2,0,81,-5,8.45
fold2_room1_mix0461,41,1,0,-144,-2,14.40
fold2_room1_mix0461,41,2,0,81,-5,8.21
fold2_room1_mix0461,42,1,0,-146,-2,13.22
fold2_room1_mix0461,42,2,0,84,-6,7.33
fold2_room1_mix0461,44,1,0,-145,-2,13.33
fold2_room1_mix0461,45,1,0,-142,-3,18.53
fold2_room1_mix0461,46,1,0,-142,-2,16.63
fold2_room1_mix0461,47,1,0,-137,-3,14.25
fold2_room1_mix0461,47,2,0,86,-4,7.89
fold2_room1_mix0461,48,2,0,89,-5,7.95
fold2_room1_mix0461,49,1,0,-142,-3,14.85
fold2_room1_mix0461,49,2,0,88,-4,9.33
fold2_room1_mix0461,50,1,0,-135,-3,13.72
fold2_room1_mix0461,50,2,0,87,-4,9.99
fold2_room1_mix0461,51,1,0,-129,-2,9.20
fold2_room1_mix0461,51,2,0,90,-5,8.54
fold2_room1_mix0461,54,1,0,-135,-2,9.55
fold2_room1_mix0461,55,1,0,-124,-3,12.60
fold2_room1_mix0461,56,2,0,91,-5,7.99
fold2_room1_mix0461,57,2,0,92,-4,9.64
fold2_room1_mix0461,58,2,0,89,-5,9.49
fold2_room1_mix0461,59,2,0,94,-5,9.34
fold2_room1_mix0461,60,2,0,87,-6,9.07
fold2_room1_mix0461,61,2,0,96,-5,8.91
fold2_room1_mix0461,66,2,0,90,-4,8.92
fold2_room1_mix0461,67,2,0,89,-5,8.75
fold2_room1_mix0461,68,2,0,92,-5,9.69
fold2_room1_mix0461,69,2,0,91,-5,9.69
fold2_room1_mix0461,70,2,0,95,-5,8.67
fold2_room1_mix0461,71,4,0,-71,-2,3.86
fold2_room1_mix0461,73,4,0,-74,-1,4.89
fold2_room1_mix0461,74,4,0,-78,-1,1.97
fold2_room1_mix0461,75,4,0,-83,-1,2.55
fold2_room1_mix0461,76,4,0,-79,-1,4.70
fold2_room1_mix0461,77,4,0,-84,-1,4.89
fold2_room1_mix0461,78,4,0,-84,0,4.25
fold2_room1_mix0461,79,4,0,-87,-1,6.67
fold2_room1_mix0461,80,4,0,-86,-1,7.84
fold2_room1_mix0461,81,4,0,-88,-1,6.60
fold2_room1_mix0461,82,4,0,-90,-2,7.96
fold2_room1_mix0461,83,4,0,-92,-1,5.75
fold2_room1_mix0461,84,4,0,-96,-1,8.29
fold2_room1_mix0461,85,4,0,-97,-1,7.58
fold2_room1_mix0461,86,4,0,-103,-1,3.79
fold2_room1_mix0461,87,4,0,-102,0,8.02
fold2_room1_mix0461,88,4,0,-110,0,6.44
fold2_room1_mix0461,89,4,0,-110,0,7.22
fold2_room1_mix0461,90,4,0,-114,-1,7.46
fold2_room1_mix0461,91,4,0,-116,-1,3.98
fold2_room1_mix0461,93,4,0,-121,-1,7.42
fold2_room1_mix0461,94,4,0,-122,0,3.54
fold2_room1_mix0461,95,4,0,-128,-1,6.78
fold2_room1_mix0462,0,5,0,-5,4,2.88
fold2_room1_mix0462,1,5,0,-4,3,7.48
fold2_room1_mix0462,2,5,0,-2,2,10.58
fold2_room1_mix0462,3,5,0,-11,3,9.34
fold2_room1_mix0462,4,5,0,0,2,2.06
fold2_room1_mix0462,5,5,0,-4,4,9.70
fold2_room1_mix0462,6,5,0,-9,3,13.45
fold2_room1_mix0462,7,5,0,-10,4,10.46
fold2_room1_mix0462,8,5,0,-1,3,11.63
fold2_room1_mix0462,9,5,0,-6,3,12.25
fold2_room1_mix0462,10,5,0,-9,4,11.25
fold2_room1_mix0462,11,5,0,-5,4,11.52
fold2_room1_mix0462,12,5,0,-3,4,11.59
fold2_room1_mix0462,13,5,0,-7,4,10.33
fold2_room1_mix0462,14,2,0,-54,-3,5.46
fold2_room1_mix0462,14,5,0,-5,3,12.16
fold2_room1_mix0462,15,2,0,-51,-4,5.42
fold2_room1_mix0462,15,5,0,-8,3,13.67
fold2_room1_mix0462,16,5,0,-8,4,9.83
fold2_room1_mix0462,17,5,0,-6,3,12.90
fold2_room1_mix0462,18,5,0,-8,5,9.69
fold2_room1_mix0462,19,5,0,-10,4,10.24
fold2_room1_mix0462,20,5,0,-8,4,12.02
fold2_room1_mix0462,21,2,0,-58,-4,7.85
fold2_room1_mix0462,21,5,0,-9,3,10.64
fold2_room1_mix0462,22,2,0,-56,-3,8.42
fold2_room1_mix0462,22,5,0,-7,4,9.87
fold2_room1_mix0462,23,2,0,-59,-3,9.06
fold2_room1_mix0462,23,5,0,-11,3,10.77
fold2_room1_mix0462,24,2,0,-54,-4,9.47
fold2_room1_mix0462,24,5,0,-9,3,12.23
fold2_room1_mix0462,25,2,0,-60,-4,8.55
fold2_room1_mix0462,25,5,0,-8,3,10.71
fold2_room1_mix0462,26,5,0,-6,3,11.17
fold2_room1_mix0462,27,5,0,-8,4,8.54
fold2_room1_mix0462,28,5,0,-7,4,10.68
fold2_room1_mix0462,29,5,0,-11,4,10.02
fold2_room1_mix0462,30,5,0,-4,4,11.38
fold2_room1_mix0462,31,2,0,-64,-4,7.65
fold2_room1_mix0462,31,5,0,-8,3,10.92
fold2_room1_mix0462,32,2,0,-65,-4,7.62
fold2_room1_mix0462,32,5,0,-7,2,12.82
fold2_room1_mix0462,33,2,0,-65,-3,10.21
fold2_room1_mix0462,33,5,0,-6,3,11.90
fold2_room1_mix0462,34,2,0,-65,-4,8.92
fold2_room1_mix0462,34,5,0,-4,3,11.21
fold2_room1_mix0462,35,2,0,-70,-4,10.08
fold2_room1_mix0462,35,5,0,-8,3,11.84
fold2_room1_mix0462,36,2,0,-73,-3,8.09
fold2_room1_mix0462,36,5,0,-7,2,11.83
fold2_room1_mix0462,37,5,0,-6,4,11.90
fold2_room1_mix0462,38,5,0,-8,4,12.88
fold2_room1_mix0462,39,4,0,179,0,12.45
fold2_room1_mix0462,39,5,0,-10,4,10.71
fold2_room1_mix0462,40,4,0,-179,0,11.95
fold2_room1_mix0462,40,5,0,-5,4,11.62
fold2_room1_mix0462,41,4,0,179,0,15.80
fold2_room1_mix0462,41,5,0,-9,4,10.80
fold2_room1_mix0462,42,4,0,-178,0,17.62
fold2_room1_mix0462,42,5,0,-10,4,11.68
fold2_room1_mix0462,43,4,0,-175,-1,17.99
fold2_room1_mix0462,43,5,0,-8,4,10.68
fold2_room1_mix0462,44,4,0,-175,-1,17.18
fold2_room1_mix0462,44,5,0,-10,4,12.40
fold2_room1_mix0462,45,4,0,-175,-1,16.05
fold2_room1_mix0462,45,5,0,-10,5,11.55
fold2_room1_mix0462,46,4,0,-174,-1,15.80
fold2_room1_mix0462,46,5,0,-6,4,12.14
fold2_room1_mix0462,47,4,0,-175,-1,14.47
fold2_room1_mix0462,47,5,0,-8,4,11.83
fold2_room1_mix0462,48,4,0,-172,-1,14.14
fold2_room1_mix0462,48,5,0,-9,5,9.81
fold2_room1_mix0462,49,4,0,-173,-1,13.79
fold2_room1_mix0462,49,5,0,-5,4,12.22
fold2_room1_mix0462,50,4,0,-173,-1,12.35
fold2_room1_mix0462,50,5,0,-8,4,11.90
fold2_room1_mix0462,51,4,0,-171,-1,12.58
fold2_room1_mix0462,51,5,0,-6,4,10.89
fold2_room1_mix0462,52,4,0,-171,-2,11.62
fold2_room1_mix0462,52,5,0,-8,4,12.92
fold2_room1_mix0462,53,4,0,-170,-2,11.63
fold2_room1_mix0462,53,5,0,-4,4,10.79
fold2_room1_mix0462,54,4,0,-171,-2,10.64
fold2_room1_mix0462,54,5,0,-6,4,12.24
fold2_room1_mix0462,55,4,0,-171,-2,9.97
fold2_room1_mix0462,55,5,0,-11,4,10.55
fold2_room1_mix0462,56,4,0,-169,-2,9.58
fold2_room1_mix0462,56,5,0,-7,4,10.75
fold2_room1_mix0462,57,4,0,-168,-2,8.82
fold2_room1_mix0462,57,5,0,-7,5,9.80
fold2_room1_mix0462,58,4,0,-168,-2,8.38
fold2_room1_mix0462,58,5,0,-10,4,11.67
fold2_room1_mix0462,59,4,0,-167,-3,7.88
fold2_room1_mix0462,59,5,0,-6,5,10.30
fold2_room1_mix0462,60,4,0,-164,-3,7.48
fold2_room1_mix0462,60,5,0,-8,4,11.14
fold2_room1_mix0462,61,4,0,-164,-3,7.01
fold2_room1_mix0462,61,5,0,-12,4,10.72
fold2_room1_mix0462,62,4,0,-162,-4,6.08
fold2_room1_mix0462,62,5,0,-6,4,11.34
fold2_room1_mix0462,63,4,0,-161,-4,5.52
fold2_room1_mix0462,63,5,0,-9,5,10.79
fold2_room1_mix0462,64,4,0,-158,-4,5.00
fold2_room1_mix0462,64,5,0,-9,5,9.84
fold2_room1_mix0462,65,4,0,-157,-4,4.37
fold2_room1_mix0462,65,5,0,-6,5,10.43
fold2_room1_mix0462,66,4,0,-152,-5,3.36
fold2_room1_mix0462,66,5,0,-7,5,9.12
fold2_room1_mix0462,67,4,0,-148,-6,3.05
fold2_room1_mix0462,67,5,0,-10,5,10.18
fold2_room1_mix0462,68,4,0,-142,-8,2.19
fold2_room1_mix0462,68,5,0,-10,5,9.52
fold2_room1_mix0462,69,4,0,-135,-11,1.90
fold2_room1_mix0462,69,5,0,-11,6,8.82
fold2_room1_mix0462,70,4,0,-120,-12,1.74
fold2_room1_mix0462,70,5,0,-9,5,9.74
fold2_room1_mix0462,71,4,0,-94,-12,1.58
fold2_room1_mix0462,71,5,0,-16,6,8.53
fold2_room1_mix0462,72,4,0,-72,-11,1.63
fold2_room1_mix0462,72,5,0,-11,7,8.07
fold2_room1_mix0462,73,4,0,-58,-9,1.88
fold2_room1_mix0462,73,5,0,-10,7,7.63
fold2_room1_mix0462,74,4,0,-43,-7,2.48
fold2_room1_mix0462,74,5,0,-13,6,8.74
fold2_room1_mix0462,75,4,0,-34,-6,2.65
fold2_room1_mix0462,75,5,0,-10,7,7.18
fold2_room1_mix0462,76,4,0,-30,-5,3.26
fold2_room1_mix0462,76,5,0,-12,7,6.98
fold2_room1_mix0462,77,4,0,-25,-5,3.76
fold2_room1_mix0462,77,5,0,-12,6,8.92
fold2_room1_mix0462,78,4,0,-21,-4,4.66
fold2_room1_mix0462,78,5,0,-9,5,9.17
fold2_room1_mix0462,79,4,0,-19,-3,4.72
fold2_room1_mix0462,79,5,0,-13,6,8.04
fold2_room1_mix0462,80,4,0,-15,-3,5.72
fold2_room1_mix0462,80,5,0,-12,6,8.34
fold2_room1_mix0462,81,4,0,-14,-3,6.10
fold2_room1_mix0462,81,5,0,-10,6,8.76
fold2_room1_mix0462,82,4,0,-12,-3,6.45
fold2_room1_mix0462,82,5,0,-8,5,9.91
fold2_room1_mix0462,83,4,0,-11,-2,7.59
fold2_room1_mix0462,83,5,0,-10,5,9.87
fold2_room1_mix0462,84,4,0,-11,-2,8.08
fold2_room1_mix0462,84,5,0,-9,5,9.34
fold2_room1_mix0462,85,4,0,-9,-2,8.65
fold2_room1_mix0462,85,5,0,-9,5,10.31
fold2_room1_mix0462,86,4,0,-9,-2,9.31
fold2_room1_mix0462,86,5,0,-6,5,10.24
fold2_room1_mix0462,87,4,0,-8,-2,10.06
fold2_room1_mix0462,87,5,0,-10,5,9.83
fold2_room1_mix0462,88,4,0,-7,-2,10.73
fold2_room1_mix0462,88,5,0,-5,5,9.33
fold2_room1_mix0462,89,4,0,-7,-1,11.22
fold2_room1_mix0462,89,5,0,-8,5,9.95
fold2_room1_mix0462,90,4,0,-7,-2,12.05
fold2_room1_mix0462,90,5,0,-7,5,9.87
fold2_room1_mix0462,91,4,0,-6,-1,13.52
fold2_room1_mix0462,91,5,0,-3,5,9.66
fold2_room1_mix0462,92,4,0,-5,-1,13.99
fold2_room1_mix0462,92,5,0,-6,5,10.27
fold2_room1_mix0462,93,4,0,-6,-1,13.25
fold2_room1_mix0462,93,5,0,-5,4,10.68
fold2_room1_mix0462,94,4,0,-6,-1,13.63
fold2_room1_mix0462,94,5,0,-4,4,10.99
fold2_room1_mix0462,95,4,0,-4,-1,14.85
fold2_room1_mix0462,95,5,0,-5,4,11.66
fold2_room1_mix0462,96,4,0,-5,-1,14.99
fold2_room1_mix0462,96,5,0,-6,4,10.67
fold2_room1_mix0462,97,4,0,-5,-1,14.15
fold2_room1_mix0462,97,5,0,-7,4,11.87
fold2_room1_mix0462,98,4,0,-6,-1,13.59
fold2_room1_mix0462,98,5,0,-3,5,10.10
fold2_room1_mix0462,99,4,0,-5,-1,12.89
fold2_room1_mix0462,99,5,0,-8,4,12.28
fold2_room1_mix0463,43,2,0,-85,-4,7.02
fold2_room1_mix0463,44,2,0,-85,-4,7.97
fold2_room1_mix0463,45,2,0,-77,-2,9.53
fold2_room1_mix0463,46,2,0,-77,-2,9.49
fold2_room1_mix0463,47,2,0,-80,-2,10.04
fold2_room1_mix0463,53,2,0,-83,-2,9.68
fold2_room1_mix0463,54,2,0,-79,-1,11.74
fold2_room1_mix0463,55,2,0,-74,-2,11.37
fold2_room1_mix0463,56,2,0,-73,-2,11.58
fold2_room1_mix0463,57,2,0,-75,-2,11.67
fold2_room1_mix0463,58,2,0,-68,-2,10.46
fold2_room1_mix0463,64,2,0,-59,-2,10.89
fold2_room1_mix0463,65,2,0,-63,-2,11.96
fold2_room1_mix0463,66,2,0,-61,-1,12.24
fold2_room1_mix0463,72,4,0,-79,-1,8.76
fold2_room1_mix0463,73,4,0,-79,-1,6.87
fold2_room1_mix0463,74,4,0,-84,-1,4.33
fold2_room1_mix0463,75,4,0,-84,-1,6.29
fold2_room1_mix0463,76,4,0,-85,-2,7.39
fold2_room1_mix0463,77,4,0,-88,-1,6.25
fold2_room1_mix0463,78,4,0,-89,-1,2.74
fold2_room1_mix0463,80,4,0,-91,-1,5.71
fold2_room1_mix0463,81,4,0,-96,-2,7.28
fold2_room1_mix0463,82,4,0,-97,-1,6.02
fold2_room1_mix0463,83,4,0,-98,-1,4.54
fold2_room1_mix0463,84,4,0,-98,0,2.59
fold2_room1_mix0463,85,4,0,-102,0,4.73
fold2_room1_mix0464,3,4,0,0,0,4.58
fold2_room1_mix0464,4,4,0,2,-1,15.29
fold2_room1_mix0464,5,4,0,4,-1,16.66
fold2_room1_mix0464,6,4,0,3,-1,19.08
fold2_room1_mix0464,7,4,0,4,-1,30.14
fold2_room1_mix0464,8,4,0,3,-2,27.92
fold2_room1_mix0464,9,4,0,3,-1,29.51
fold2_room1_mix0464,10,4,0,5,-1,26.15
fold2_room1_mix0464,11,4,0,5,-1,26.58
fold2_room1_mix0464,12,4,0,6,-1,27.38
fold2_room1_mix0464,13,4,0,5,-1,26.14
fold2_room1_mix0464,14,4,0,5,-1,24.59
fold2_room1_mix0464,15,4,0,7,-1,23.42
fold2_room1_mix0464,16,4,0,5,-1,22.18
fold2_room1_mix0464,17,4,0,6,-1,23.12
fold2_room1_mix0464,18,4,0,6,-1,21.85
fold2_room1_mix0464,19,4,0,6,-1,22.02
fold2_room1_mix0464,20,4,0,7,-1,23.51
fold2_room1_mix0464,21,4,0,7,-1,23.11
fold2_room1_mix0464,22,4,0,6,-1,22.05
fold2_room1_mix0464,23,4,0,7,-1,20.72
fold2_room1_mix0464,24,4,0,7,-1,19.80
fold2_room1_mix0464,25,4,0,5,-1,20.15
fold2_room1_mix0464,26,4,0,7,-1,19.14
fold2_room1_mix0464,27,4,0,5,-1,18.74
fold2_room1_mix0464,28,4,0,6,-2,18.14
fold2_room1_mix0464,29,4,0,4,-2,15.77
fold2_room1_mix0464,30,4,0,5,-2,15.57
fold2_room1_mix0464,31,4,0,5,-2,15.54
fold2_room1_mix0464,32,4,0,6,-2,14.75
fold2_room1_mix0464,33,4,0,6,-2,14.98
fold2_room1_mix0464,34,4,0,7,-2,13.79
fold2_room1_mix0464,35,4,0,8,-2,13.99
fold2_room1_mix0464,36,1,0,92,-2,4.95
fold2_room1_mix0464,36,4,0,11,-2,12.75
fold2_room1_mix0464,37,1,0,92,-4,12.44
fold2_room1_mix0464,37,4,0,9,-2,11.87
fold2_room1_mix0464,38,1,0,80,-4,13.22
fold2_room1_mix0464,38,4,0,7,-3,11.32
fold2_room1_mix0464,39,1,0,74,-4,14.08
fold2_room1_mix0464,39,4,0,8,-3,12.47
fold2_room1_mix0464,40,1,0,92,-2,3.05
fold2_room1_mix0464,40,4,0,13,-2,10.98
fold2_room1_mix0464,41,1,0,61,-3,15.27
fold2_room1_mix0464,41,4,0,7,-3,11.94
fold2_room1_mix0464,42,1,0,58,-3,19.05
fold2_room1_mix0464,42,4,0,7,-3,10.48
fold2_room1_mix0464,43,1,0,54,-3,18.79
fold2_room1_mix0464,43,4,0,9,-3,11.73
fold2_room1_mix0464,44,1,0,47,-3,19.33
fold2_room1_mix0464,44,4,0,8,-3,11.90
fold2_room1_mix0464,45,1,0,65,-3,7.03
fold2_room1_mix0464,45,4,0,9,-3,11.37
fold2_room1_mix0464,46,4,0,9,-3,11.07
fold2_room1_mix0464,47,1,0,46,-3,20.93
fold2_room1_mix0464,47,4,0,8,-2,10.36
fold2_room1_mix0464,48,1,0,37,-3,18.57
fold2_room1_mix0464,48,4,0,6,-3,11.29
fold2_room1_mix0464,49,1,0,38,-2,17.99
fold2_room1_mix0464,49,4,0,8,-3,10.16
fold2_room1_mix0464,50,1,0,36,-3,15.33
fold2_room1_mix0464,50,4,0,7,-3,10.20
fold2_room1_mix0464,51,4,0,11,-4,7.81
fold2_room1_mix0464,52,1,0,35,-2,17.75
fold2_room1_mix0464,52,4,0,7,-3,7.70
fold2_room1_mix0464,53,1,0,29,-3,18.18
fold2_room1_mix0464,53,4,0,12,-3,8.09
fold2_room1_mix0464,54,1,0,30,-2,19.29
fold2_room1_mix0464,54,4,0,10,-4,6.48
fold2_room1_mix0464,55,1,0,27,-2,20.83
fold2_room1_mix0464,55,4,0,9,-4,6.66
fold2_room1_mix0464,56,4,0,19,-5,5.44
fold2_room1_mix0464,57,1,0,37,-3,5.03
fold2_room1_mix0464,57,4,0,23,-4,5.24
fold2_room1_mix0464,58,1,0,25,-2,18.29
fold2_room1_mix0464,58,4,0,23,-4,4.53
fold2_room1_mix0464,59,1,0,28,-2,19.89
fold2_room1_mix0464,59,4,0,24,-5,4.70
fold2_room1_mix0464,60,1,0,28,-2,21.00
fold2_room1_mix0464,60,4,0,23,-6,4.68
fold2_room1_mix0464,61,4,0,44,-7,3.38
fold2_room1_mix0464,62,4,0,57,-9,2.33
fold2_room1_mix0464,63,4,0,72,-9,2.36
fold2_room1_mix0464,64,4,0,85,-9,2.50
fold2_room1_mix0464,65,4,0,104,-9,2.36
fold2_room1_mix0464,66,4,0,122,-7,2.41
fold2_room1_mix0464,67,4,0,130,-6,2.70
fold2_room1_mix0464,68,4,0,137,-5,3.10
fold2_room1_mix0464,69,4,0,143,-4,3.51
fold2_room1_mix0464,70,4,0,146,-4,3.44
fold2_room1_mix0464,71,4,0,150,-4,4.34
fold2_room1_mix0464,72,4,0,154,-4,4.50
fold2_room1_mix0464,73,4,0,155,-4,4.86
fold2_room1_mix0464,74,4,0,158,-4,5.47
fold2_room1_mix0464,75,4,0,159,-3,5.36
fold2_room1_mix0464,76,4,0,162,-3,6.22
fold2_room1_mix0464,77,4,0,163,-3,6.55
fold2_room1_mix0464,78,4,0,164,-3,6.71
fold2_room1_mix0464,79,4,0,164,-3,7.26
fold2_room1_mix0464,80,4,0,165,-3,7.88
fold2_room1_mix0464,81,4,0,165,-3,8.63
fold2_room1_mix0464,82,4,0,166,-2,8.47
fold2_room1_mix0464,83,4,0,168,-2,9.41
fold2_room1_mix0464,84,4,0,168,-2,9.62
fold2_room1_mix0464,85,4,0,169,-2,10.43
fold2_room1_mix0464,86,4,0,169,-2,10.24
fold2_room1_mix0464,87,4,0,169,-2,11.15
fold2_room1_mix0464,88,4,0,170,-1,11.48
fold2_room1_mix0464,89,4,0,171,-1,11.97
fold2_room1_mix0464,90,4,0,170,-1,12.02
fold2_room1_mix0464,91,4,0,171,-1,12.49
fold2_room1_mix0464,92,4,0,171,-1,13.09
fold2_room1_mix0464,93,4,0,171,-1,13.91
fold2_room1_mix0464,94,4,0,172,-1,13.73
fold2_room1_mix0464,95,4,0,172,-1,13.92
fold2_room1_mix0464,96,4,0,172,0,15.01
fold2_room1_mix0464,97,4,0,173,0,15.90
fold2_room1_mix0464,98,4,0,173,0,16.26
fold2_room1_mix0464,99,4,0,175,0,15.98
fold2_room1_mix0465,2,5,0,171,2,9.20
fold2_room1_mix0465,3,5,0,175,3,9.01
fold2_room1_mix0465,4,5,0,167,2,6.98
fold2_room1_mix0465,5,5,0,157,2,17.30
fold2_room1_mix0465,6,5,0,171,2,19.66
fold2_room1_mix0465,7,5,0,157,2,17.38
fold2_room1_mix0465,8,5,0,161,2,17.11
fold2_room1_mix0465,9,5,0,174,2,21.83
fold2_room1_mix0465,10,5,0,163,2,19.79
fold2_room1_mix0465,11,5,0,163,2,17.04
fold2_room1_mix0465,12,5,0,165,2,17.69
fold2_room1_mix0465,13,5,0,163,2,16.39
fold2_room1_mix0465,14,5,0,165,2,19.61
fold2_room1_mix0465,15,5,0,165,2,18.50
fold2_room1_mix0465,16,5,0,168,2,15.99
fold2_room1_mix0465,17,5,0,168,2,22.26
fold2_room1_mix0465,18,5,0,168,2,20.27
fold2_room1_mix0465,19,5,0,164,2,17.66
fold2_room1_mix0465,20,5,0,166,2,17.75
fold2_room1_mix0465,21,5,0,167,2,20.43
fold2_room1_mix0465,22,5,0,167,2,17.95
fold2_room1_mix0465,23,5,0,167,2,16.26
fold2_room1_mix0465,24,5,0,166,2,15.71
fold2_room1_mix0465,25,5,0,172,2,18.84
fold2_room1_mix0465,26,5,0,166,2,19.19
fold2_room1_mix0465,27,5,0,166,2,16.91
fold2_room1_mix0465,28,5,0,167,2,18.09
fold2_room1_mix0465,29,5,0,166,2,18.87
fold2_room1_mix0465,30,5,0,168,2,18.51
fold2_room1_mix0465,31,5,0,166,3,16.95
fold2_room1_mix0465,32,5,0,167,2,16.80
fold2_room1_mix0465,33,5,0,167,2,17.71
fold2_room1_mix0465,34,5,0,169,2,17.95
fold2_room1_mix0465,35,5,0,165,2,18.01
fold2_room1_mix0465,36,5,0,168,2,16.37
fold2_room1_mix0465,37,5,0,167,2,18.34
fold2_room1_mix0465,38,5,0,164,2,18.18
fold2_room1_mix0465,39,5,0,165,2,18.74
fold2_room1_mix0465,40,5,0,168,2,16.16
fold2_room1_mix0465,41,5,0,168,2,16.59
fold2_room1_mix0465,42,5,0,165,2,17.88
fold2_room1_mix0465,43,5,0,164,2,18.30
fold2_room1_mix0465,44,5,0,166,2,16.51
fold2_room1_mix0465,45,5,0,165,2,16.91
fold2_room1_mix0465,46,5,0,165,2,18.32
fold2_room1_mix0465,47,5,0,165,2,18.71
fold2_room1_mix0465,48,5,0,166,2,16.35
fold2_room1_mix0465,49,5,0,167,2,16.08
fold2_room1_mix0465,50,5,0,165,2,17.44
fold2_room1_mix0465,51,5,0,162,2,16.08
fold2_room1_mix0465,52,5,0,167,2,17.09
fold2_room1_mix0465,53,5,0,167,2,18.28
fold2_room1_mix0465,54,5,0,166,2,16.91
fold2_room1_mix0465,55,5,0,167,2,17.99
fold2_room1_mix0465,56,5,0,167,2,17.86
fold2_room1_mix0465,57,5,0,167,3,15.79
fold2_room1_mix0465,58,5,0,167,2,17.86
fold2_room1_mix0465,59,5,0,164,3,15.70
fold2_room1_mix0465,60,5,0,165,2,17.03
fold2_room1_mix0465,61,5,0,166,3,16.48
fold2_room1_mix0465,62,5,0,167,2,17.08
fold2_room1_mix0465,63,5,0,167,3,15.12
fold2_room1_mix0465,64,5,0,166,3,15.55
fold2_room1_mix0465,65,5,0,164,3,15.72
fold2_room1_mix0465,66,5,0,166,2,16.78
fold2_room1_mix0465,67,5,0,164,3,15.28
fold2_room1_mix0465,68,5,0,166,3,15.95
fold2_room1_mix0465,69,5,0,166,2,18.87
fold2_room1_mix0465,70,5,0,166,3,15.76
fold2_room1_mix0465,71,5,0,163,2,18.37
fold2_room1_mix0465,72,5,0,166,2,16.89
fold2_room1_mix0465,73,5,0,165,3,16.32
fold2_room1_mix0465,74,5,0,165,2,15.92
fold2_room1_mix0465,75,5,0,166,2,17.73
fold2_room1_mix0465,76,5,0,166,2,17.07
fold2_room1_mix0465,77,5,0,164,2,15.66
fold2_room1_mix0465,78,5,0,165,2,17.03
fold2_room1_mix0465,79,5,0,166,3,16.71
fold2_room1_mix0465,80,5,0,166,2,16.69
fold2_room1_mix0465,81,5,0,165,2,17.01
fold2_room1_mix0465,82,5,0,163,2,17.67
fold2_room1_mix0465,83,5,0,166,2,18.93
fold2_room1_mix0465,84,5,0,166,2,16.94
fold2_room1_mix0465,85,5,0,164,2,17.82
fold2_room1_mix0465,86,5,0,166,2,17.48
fold2_room1_mix0465,87,5,0,163,2,17.89
fold2_room1_mix0465,88,5,0,167,2,16.46
fold2_room1_mix0465,89,5,0,167,2,17.76
fold2_room1_mix0465,90,5,0,165,2,18.66
fold2_room1_mix0465,91,5,0,165,2,16.80
fold2_room1_mix0465,92,5,0,167,2,17.57
fold2_room1_mix0465,93,5,0,164,2,16.98
fold2_room1_mix0465,94,5,0,166,2,18.92
fold2_room1_mix0465,95,5,0,167,2,17.86
fold2_room1_mix0465,96,5,0,166,2,16.09
fold2_room1_mix0465,97,5,0,165,2,17.49
fold2_room1_mix0465,98,5,0,165,2,18.36
fold2_room1_mix0465,99,5,0,165,3,16.17
fold2_room1_mix0465,1,5,0,170,2,1.91
fold2_room1_mix0466,0,5,0,146,2,5.18
fold2_room1_mix0466,1,5,0,157,3,8.38
fold2_room1_mix0466,2,5,0,149,3,8.88
fold2_room1_mix0466,3,5,0,150,3,6.93
fold2_room1_mix0466,4,5,0,145,2,10.82
fold2_room1_mix0466,5,5,0,143,2,12.75
fold2_room1_mix0466,6,5,0,144,2,14.07
fold2_room1_mix0466,7,5,0,144,1,16.67
fold2_room1_mix0466,8,5,0,144,1,15.47
fold2_room1_mix0466,9,5,0,148,2,13.90
fold2_room1_mix0466,10,5,0,144,2,13.65
fold2_room1_mix0466,11,5,0,143,2,13.32
fold2_room1_mix0466,12,5,0,143,2,13.25
fold2_room1_mix0466,13,5,0,147,2,13.00
fold2_room1_mix0466,14,5,0,141,2,14.10
fold2_room1_mix0466,15,5,0,145,2,13.91
fold2_room1_mix0466,16,5,0,146,2,12.24
fold2_room1_mix0466,17,5,0,147,2,13.82
fold2_room1_mix0466,18,5,0,145,2,15.26
fold2_room1_mix0466,19,4,0,156,1,1.87
fold2_room1_mix0466,19,5,0,145,2,13.13
fold2_room1_mix0466,20,4,0,158,0,6.30
fold2_room1_mix0466,20,5,0,143,2,14.03
fold2_room1_mix0466,21,4,0,156,0,7.80
fold2_room1_mix0466,21,5,0,146,2,16.27
fold2_room1_mix0466,22,4,0,152,1,3.37
fold2_room1_mix0466,22,5,0,142,2,14.56
fold2_room1_mix0466,23,4,0,156,0,7.46
fold2_room1_mix0466,23,5,0,149,2,14.54
fold2_room1_mix0466,24,5,0,147,2,14.94
fold2_room1_mix0466,25,4,0,158,0,16.50
fold2_room1_mix0466,25,5,0,145,3,13.54
fold2_room1_mix0466,26,4,0,149,0,8.32
fold2_room1_mix0466,26,5,0,144,2,15.01
fold2_room1_mix0466,27,4,0,157,0,20.74
fold2_room1_mix0466,27,5,0,145,3,14.88
fold2_room1_mix0466,28,4,0,155,0,18.60
fold2_room1_mix0466,28,5,0,143,3,14.49
fold2_room1_mix0466,29,4,0,155,0,17.50
fold2_room1_mix0466,29,5,0,143,2,14.63
fold2_room1_mix0466,30,4,0,155,0,19.86
fold2_room1_mix0466,30,5,0,140,3,12.43
fold2_room1_mix0466,31,4,0,157,0,24.97
fold2_room1_mix0466,31,5,0,143,3,14.64
fold2_room1_mix0466,32,4,0,156,0,22.71
fold2_room1_mix0466,32,5,0,144,3,14.30
fold2_room1_mix0466,33,4,0,152,0,21.84
fold2_room1_mix0466,33,5,0,142,3,13.52
fold2_room1_mix0466,34,4,0,152,0,22.24
fold2_room1_mix0466,34,5,0,142,3,13.86
fold2_room1_mix0466,35,4,0,156,0,22.08
fold2_room1_mix0466,35,5,0,144,3,13.91
fold2_room1_mix0466,36,4,0,149,0,9.16
fold2_room1_mix0466,36,5,0,140,2,16.03
fold2_room1_mix0466,37,4,0,148,3,3.85
fold2_room1_mix0466,37,5,0,144,2,16.70
fold2_room1_mix0466,38,4,0,156,0,15.41
fold2_room1_mix0466,38,5,0,141,3,13.73
fold2_room1_mix0466,39,4,0,155,1,21.72
fold2_room1_mix0466,39,5,0,140,3,13.79
fold2_room1_mix0466,40,4,0,151,0,13.31
fold2_room1_mix0466,40,5,0,138,2,14.30
fold2_room1_mix0466,41,4,0,153,0,17.01
fold2_room1_mix0466,41,5,0,141,3,13.82
fold2_room1_mix0466,42,4,0,153,0,24.93
fold2_room1_mix0466,42,5,0,139,3,13.59
fold2_room1_mix0466,43,4,0,150,0,21.80
fold2_room1_mix0466,43,5,0,139,3,14.49
fold2_room1_mix0466,44,4,0,151,0,24.41
fold2_room1_mix0466,44,5,0,137,4,12.26
fold2_room1_mix0466,45,4,0,148,0,21.74
fold2_room1_mix0466,45,5,0,138,3,14.56
fold2_room1_mix0466,46,4,0,150,0,25.12
fold2_room1_mix0466,46,5,0,136,4,12.38
fold2_room1_mix0466,47,4,0,144,0,24.83
fold2_room1_mix0466,47,5,0,134,3,13.01
fold2_room1_mix0466,48,4,0,143,0,21.78
fold2_room1_mix0466,48,5,0,134,4,11.43
fold2_room1_mix0466,49,4,0,141,0,22.38
fold2_room1_mix0466,49,5,0,135,4,11.59
fold2_room1_mix0466,50,4,0,143,0,22.82
fold2_room1_mix0466,50,5,0,138,4,13.06
fold2_room1_mix0466,51,4,0,143,0,23.08
fold2_room1_mix0466,51,5,0,136,4,11.68
fold2_room1_mix0466,52,4,0,137,0,20.93
fold2_room1_mix0466,52,5,0,141,4,12.10
fold2_room1_mix0466,53,4,0,140,-1,22.13
fold2_room1_mix0466,53,5,0,137,4,12.44
fold2_room1_mix0466,54,4,0,135,-1,21.15
fold2_room1_mix0466,54,5,0,137,4,11.68
fold2_room1_mix0466,55,4,0,133,-1,19.86
fold2_room1_mix0466,55,5,0,138,4,12.71
fold2_room1_mix0466,56,4,0,132,-1,19.32
fold2_room1_mix0466,56,5,0,142,4,12.91
fold2_room1_mix0466,57,4,0,128,-1,18.25
fold2_room1_mix0466,57,5,0,139,4,11.12
fold2_room1_mix0466,58,4,0,131,-1,19.13
fold2_room1_mix0466,58,5,0,139,4,11.28
fold2_room1_mix0466,59,4,0,127,-1,18.74
fold2_room1_mix0466,59,5,0,140,3,13.32
fold2_room1_mix0466,60,4,0,125,-1,18.71
fold2_room1_mix0466,60,5,0,142,4,12.74
fold2_room1_mix0466,61,4,0,125,-2,18.41
fold2_room1_mix0466,61,5,0,141,4,11.86
fold2_room1_mix0466,62,4,0,120,-2,18.08
fold2_room1_mix0466,62,5,0,144,3,13.34
fold2_room1_mix0466,63,4,0,120,-2,17.95
fold2_room1_mix0466,63,5,0,143,3,13.34
fold2_room1_mix0466,64,4,0,118,-1,18.25
fold2_room1_mix0466,64,5,0,144,4,11.64
fold2_room1_mix0466,65,4,0,117,-2,17.41
fold2_room1_mix0466,65,5,0,146,3,14.11
fold2_room1_mix0466,66,4,0,116,-2,17.81
fold2_room1_mix0466,66,5,0,145,4,12.69
fold2_room1_mix0466,67,4,0,113,-1,17.35
fold2_room1_mix0466,67,5,0,146,4,12.58
fold2_room1_mix0466,68,4,0,110,-1,16.54
fold2_room1_mix0466,68,5,0,143,4,13.42
fold2_room1_mix0466,69,4,0,109,-2,17.00
fold2_room1_mix0466,69,5,0,146,4,13.27
fold2_room1_mix0466,70,4,0,106,-2,17.11
fold2_room1_mix0466,70,5,0,144,4,13.29
fold2_room1_mix0466,71,4,0,103,-2,16.64
fold2_room1_mix0466,71,5,0,144,4,13.30
fold2_room1_mix0466,72,4,0,102,-2,16.48
fold2_room1_mix0466,72,5,0,144,4,13.18
fold2_room1_mix0466,73,4,0,98,-2,16.90
fold2_room1_mix0466,73,5,0,147,4,13.53
fold2_room1_mix0466,74,4,0,93,-2,16.10
fold2_room1_mix0466,74,5,0,149,4,13.39
fold2_room1_mix0466,75,4,0,92,-2,16.49
fold2_room1_mix0466,75,5,0,147,3,13.45
fold2_room1_mix0466,76,4,0,91,-2,16.16
fold2_room1_mix0466,76,5,0,146,3,14.04
fold2_room1_mix0466,77,4,0,88,-2,15.86
fold2_room1_mix0466,77,5,0,147,4,12.35
fold2_room1_mix0466,78,4,0,85,-2,15.97
fold2_room1_mix0466,78,5,0,150,3,14.45
fold2_room1_mix0466,79,4,0,88,-2,16.45
fold2_room1_mix0466,79,5,0,148,3,14.73
fold2_room1_mix0466,80,4,0,84,-2,15.61
fold2_room1_mix0466,80,5,0,147,3,13.35
fold2_room1_mix0466,81,4,0,83,-2,16.61
fold2_room1_mix0466,81,5,0,150,3,14.38
fold2_room1_mix0466,82,4,0,78,-3,16.00
fold2_room1_mix0466,82,5,0,148,3,14.09
fold2_room1_mix0466,83,4,0,78,-2,16.44
fold2_room1_mix0466,83,5,0,151,3,13.37
fold2_room1_mix0466,84,4,0,76,-2,16.74
fold2_room1_mix0466,84,5,0,148,3,14.28
fold2_room1_mix0466,85,4,0,73,-2,16.47
fold2_room1_mix0466,85,5,0,148,3,14.24
fold2_room1_mix0466,86,4,0,71,-2,17.77
fold2_room1_mix0466,86,5,0,151,3,14.12
fold2_room1_mix0466,87,4,0,70,-2,17.69
fold2_room1_mix0466,87,5,0,151,3,16.33
fold2_room1_mix0466,88,4,0,68,-1,18.50
fold2_room1_mix0466,88,5,0,149,3,14.61
fold2_room1_mix0466,89,4,0,66,-2,18.72
fold2_room1_mix0466,89,5,0,150,3,13.87
fold2_room1_mix0466,90,4,0,65,-1,19.35
fold2_room1_mix0466,90,5,0,150,3,14.81
fold2_room1_mix0466,91,4,0,61,-1,19.95
fold2_room1_mix0466,91,5,0,149,3,14.27
fold2_room1_mix0466,92,4,0,60,-1,20.43
fold2_room1_mix0466,92,5,0,150,3,14.97
fold2_room1_mix0466,93,4,0,57,-1,20.95
fold2_room1_mix0466,93,5,0,148,3,14.21
fold2_room1_mix0466,94,4,0,56,-1,20.74
fold2_room1_mix0466,94,5,0,151,3,14.14
fold2_room1_mix0466,95,4,0,54,-1,22.65
fold2_room1_mix0466,95,5,0,151,3,15.65
fold2_room1_mix0466,96,4,0,54,-1,21.58
fold2_room1_mix0466,96,5,0,150,3,15.03
fold2_room1_mix0466,97,4,0,50,-1,23.19
fold2_room1_mix0466,97,5,0,149,3,14.15
fold2_room1_mix0466,98,4,0,49,-1,24.56
fold2_room1_mix0466,98,5,0,149,3,14.30
fold2_room1_mix0466,99,4,0,49,-2,23.20
fold2_room1_mix0466,99,5,0,150,2,14.78
fold2_room1_mix0467,5,4,0,3,0,21.46
fold2_room1_mix0467,6,4,0,2,0,23.12
fold2_room1_mix0467,7,4,0,2,0,25.61
fold2_room1_mix0467,8,4,0,5,0,30.42
fold2_room1_mix0467,9,4,0,2,-1,37.93
fold2_room1_mix0467,10,4,0,2,0,32.59
fold2_room1_mix0467,11,4,0,2,-1,42.55
fold2_room1_mix0467,12,4,0,4,-1,43.85
fold2_room1_mix0467,13,4,0,1,0,42.10
fold2_room1_mix0467,14,4,0,1,-1,47.38
fold2_room1_mix0467,15,4,0,2,0,46.61
fold2_room1_mix0467,16,4,0,2,0,42.74
fold2_room1_mix0467,17,4,0,4,0,47.75
fold2_room1_mix0467,18,3,0,21,-4,4.30
fold2_room1_mix0467,18,4,0,5,0,38.72
fold2_room1_mix0467,19,3,0,20,-3,14.98
fold2_room1_mix0467,19,4,0,5,-1,37.87
fold2_room1_mix0467,20,3,0,12,-1,2.35
fold2_room1_mix0467,20,4,0,3,0,43.44
fold2_room1_mix0467,21,4,0,2,0,39.05
fold2_room1_mix0467,22,4,0,3,0,43.68
fold2_room1_mix0467,23,4,0,2,-1,36.81
fold2_room1_mix0467,24,3,0,32,-3,7.24
fold2_room1_mix0467,24,4,0,2,0,33.87
fold2_room1_mix0467,25,3,0,34,-2,11.66
fold2_room1_mix0467,25,4,0,2,0,38.00
fold2_room1_mix0467,26,3,0,33,-3,10.58
fold2_room1_mix0467,26,4,0,2,0,32.07
fold2_room1_mix0467,27,3,0,36,-2,11.00
fold2_room1_mix0467,27,4,0,3,0,31.90
fold2_room1_mix0467,28,3,0,38,-3,10.55
fold2_room1_mix0467,28,4,0,3,-1,34.84
fold2_room1_mix0467,29,3,0,40,-3,11.11
fold2_room1_mix0467,29,4,0,1,-1,33.58
fold2_room1_mix0467,30,3,0,40,-2,11.60
fold2_room1_mix0467,30,4,0,2,-1,32.60
fold2_room1_mix0467,31,3,0,32,-2,9.65
fold2_room1_mix0467,31,4,0,2,-1,31.32
fold2_room1_mix0467,32,3,0,30,-3,8.21
fold2_room1_mix0467,32,4,0,2,-1,31.35
fold2_room1_mix0467,33,4,0,4,0,37.21
fold2_room1_mix0467,34,4,0,7,0,35.71
fold2_room1_mix0467,35,4,0,4,0,34.93
fold2_room1_mix0467,36,3,0,51,-3,12.94
fold2_room1_mix0467,36,4,0,4,0,35.81
fold2_room1_mix0467,37,3,0,46,-3,12.48
fold2_room1_mix0467,37,4,0,5,0,34.16
fold2_room1_mix0467,38,3,0,51,-3,12.45
fold2_room1_mix0467,38,4,0,4,0,35.39
fold2_room1_mix0467,39,3,0,59,-4,10.84
fold2_room1_mix0467,39,4,0,3,0,34.25
fold2_room1_mix0467,40,3,0,57,-3,11.11
fold2_room1_mix0467,40,4,0,4,-1,34.67
fold2_room1_mix0467,41,3,0,61,-4,10.43
fold2_room1_mix0467,41,4,0,2,0,34.05
fold2_room1_mix0467,42,3,0,61,-4,10.15
fold2_room1_mix0467,42,4,0,2,-1,31.27
fold2_room1_mix0467,43,3,0,49,-4,10.32
fold2_room1_mix0467,43,4,0,4,-1,30.43
fold2_room1_mix0467,44,3,0,41,-4,7.93
fold2_room1_mix0467,44,4,0,3,-1,29.04
fold2_room1_mix0467,45,4,0,4,0,31.03
fold2_room1_mix0467,46,4,0,5,0,32.05
fold2_room1_mix0467,47,3,0,49,-4,8.57
fold2_room1_mix0467,47,4,0,4,0,29.95
fold2_room1_mix0467,48,3,0,79,-4,13.37
fold2_room1_mix0467,48,4,0,1,0,30.60
fold2_room1_mix0467,49,3,0,79,-4,11.85
fold2_room1_mix0467,49,4,0,2,0,32.01
fold2_room1_mix0467,50,3,0,86,-5,10.71
fold2_room1_mix0467,50,4,0,3,-1,32.45
fold2_room1_mix0467,51,3,0,87,-5,10.72
fold2_room1_mix0467,51,4,0,2,-1,29.54
fold2_room1_mix0467,52,3,0,87,-5,10.76
fold2_room1_mix0467,52,4,0,2,-1,29.80
fold2_room1_mix0467,53,3,0,90,-5,10.47
fold2_room1_mix0467,53,4,0,1,-2,29.72
fold2_room1_mix0467,54,3,0,98,-5,9.60
fold2_room1_mix0467,54,4,0,4,-2,28.64
fold2_room1_mix0467,55,3,0,94,-5,8.21
fold2_room1_mix0467,55,4,0,3,-2,26.87
fold2_room1_mix0467,56,3,0,77,-6,6.57
fold2_room1_mix0467,56,4,0,4,-1,24.31
fold2_room1_mix0467,57,4,0,5,-1,20.03
fold2_room1_mix0467,58,4,0,7,-1,19.73
fold2_room1_mix0467,59,3,0,104,-4,9.45
fold2_room1_mix0467,59,4,0,5,-1,23.44
fold2_room1_mix0467,60,3,0,111,-4,11.67
fold2_room1_mix0467,60,4,0,6,-1,22.91
fold2_room1_mix0467,61,3,0,109,-4,11.68
fold2_room1_mix0467,61,4,0,5,-1,21.82
fold2_room1_mix0467,62,3,0,109,-4,11.86
fold2_room1_mix0467,62,4,0,3,-2,20.36
fold2_room1_mix0467,63,3,0,111,-4,11.35
fold2_room1_mix0467,63,4,0,3,-2,20.24
fold2_room1_mix0467,64,3,0,115,-4,11.72
fold2_room1_mix0467,64,4,0,2,-2,17.60
fold2_room1_mix0467,65,4,0,4,-2,16.34
fold2_room1_mix0467,66,4,0,4,-2,13.91
fold2_room1_mix0467,67,4,0,6,-2,12.97
fold2_room1_mix0467,68,4,0,7,-2,11.85
fold2_room1_mix0467,69,4,0,8,-2,12.30
fold2_room1_mix0467,70,4,0,9,-3,10.60
fold2_room1_mix0467,71,4,0,10,-3,10.00
fold2_room1_mix0467,72,4,0,11,-3,9.88
fold2_room1_mix0467,73,4,0,11,-4,8.36
fold2_room1_mix0467,74,4,0,11,-4,7.75
fold2_room1_mix0467,75,4,0,12,-4,7.37
fold2_room1_mix0467,76,4,0,13,-5,6.72
fold2_room1_mix0467,77,4,0,14,-5,5.81
fold2_room1_mix0467,78,4,0,16,-6,5.08
fold2_room1_mix0467,79,4,0,19,-7,4.27
fold2_room1_mix0467,80,4,0,20,-8,3.66
fold2_room1_mix0467,81,4,0,22,-10,3.18
fold2_room1_mix0467,82,4,0,26,-10,2.97
fold2_room1_mix0467,83,4,0,31,-15,2.39
fold2_room1_mix0467,84,4,0,40,-19,1.89
fold2_room1_mix0467,85,4,0,56,-24,1.61
fold2_room1_mix0467,86,4,0,78,-27,1.63
fold2_room1_mix0467,87,4,0,111,-25,1.74
fold2_room1_mix0467,88,4,0,130,-19,2.13
fold2_room1_mix0467,89,4,0,143,-15,2.54
fold2_room1_mix0467,90,4,0,151,-13,3.06
fold2_room1_mix0467,91,4,0,154,-11,3.62
fold2_room1_mix0467,92,4,0,157,-9,4.02
fold2_room1_mix0467,93,4,0,162,-8,4.61
fold2_room1_mix0467,94,4,0,164,-7,5.25
fold2_room1_mix0467,95,4,0,165,-6,5.74
fold2_room1_mix0467,96,4,0,166,-6,6.40
fold2_room1_mix0467,97,4,0,168,-5,7.02
fold2_room1_mix0467,98,4,0,169,-5,7.62
fold2_room1_mix0467,99,4,0,169,-5,8.18
fold2_room1_mix0468,41,4,0,172,0,10.79
fold2_room1_mix0468,42,4,0,173,0,18.49
fold2_room1_mix0468,43,4,0,174,0,18.27
fold2_room1_mix0468,44,4,0,177,0,18.50
fold2_room1_mix0468,45,4,0,174,0,22.08
fold2_room1_mix0468,46,4,0,173,0,21.52
fold2_room1_mix0468,47,4,0,176,0,22.42
fold2_room1_mix0468,48,4,0,177,0,21.74
fold2_room1_mix0468,49,4,0,176,0,22.29
fold2_room1_mix0468,50,4,0,175,0,20.79
fold2_room1_mix0468,51,4,0,177,0,19.84
fold2_room1_mix0468,52,4,0,177,-1,19.54
fold2_room1_mix0468,53,4,0,176,-1,19.85
fold2_room1_mix0468,54,4,0,174,-1,18.74
fold2_room1_mix0468,55,4,0,177,-1,18.23
fold2_room1_mix0468,56,4,0,174,-1,17.56
fold2_room1_mix0468,57,4,0,176,-1,18.29
fold2_room1_mix0468,58,4,0,174,-1,16.86
fold2_room1_mix0468,59,4,0,176,-1,16.31
fold2_room1_mix0468,60,4,0,175,-1,16.17
fold2_room1_mix0468,61,4,0,176,-1,15.00
fold2_room1_mix0468,62,4,0,173,-2,14.10
fold2_room1_mix0468,63,4,0,175,-2,13.31
fold2_room1_mix0468,64,4,0,176,-2,12.47
fold2_room1_mix0468,65,4,0,173,-2,12.64
fold2_room1_mix0468,66,4,0,173,-2,12.20
fold2_room1_mix0468,67,4,0,172,-3,10.40
fold2_room1_mix0468,68,4,0,173,-3,10.18
fold2_room1_mix0468,69,4,0,175,-3,9.88
fold2_room1_mix0468,70,4,0,173,-4,9.15
fold2_room1_mix0468,71,4,0,172,-4,8.07
fold2_room1_mix0468,72,4,0,171,-4,7.87
fold2_room1_mix0468,73,4,0,170,-5,7.14
fold2_room1_mix0468,74,4,0,170,-6,6.33
fold2_room1_mix0468,75,4,0,168,-6,5.66
fold2_room1_mix0468,76,4,0,168,-7,4.89
fold2_room1_mix0468,77,4,0,167,-8,4.36
fold2_room1_mix0468,78,4,0,162,-10,3.82
fold2_room1_mix0468,79,4,0,157,-11,3.25
fold2_room1_mix0468,80,4,0,153,-16,2.60
fold2_room1_mix0468,81,4,0,143,-18,2.25
fold2_room1_mix0468,82,4,0,125,-22,1.82
fold2_room1_mix0468,83,4,0,92,-28,1.55
fold2_room1_mix0468,84,4,0,64,-25,1.62
fold2_room1_mix0468,85,4,0,44,-18,1.89
fold2_room1_mix0468,86,4,0,33,-15,2.38
fold2_room1_mix0468,87,4,0,24,-11,2.96
fold2_room1_mix0468,88,4,0,22,-9,3.56
fold2_room1_mix0468,89,4,0,18,-8,4.19
fold2_room1_mix0468,90,4,0,14,-7,4.61
fold2_room1_mix0468,91,4,0,13,-6,5.39
fold2_room1_mix0468,92,4,0,13,-6,5.86
fold2_room1_mix0468,93,4,0,12,-5,6.73
fold2_room1_mix0468,94,4,0,11,-5,7.62
fold2_room1_mix0468,95,4,0,10,-4,7.83
fold2_room1_mix0468,96,4,0,11,-4,8.55
fold2_room1_mix0468,97,4,0,10,-4,9.29
fold2_room1_mix0468,98,4,0,9,-3,10.45
fold2_room1_mix0468,99,4,0,9,-3,10.71
fold2_room1_mix0469,2,4,0,178,1,2.15
fold2_room1_mix0469,3,4,0,176,0,6.10
fold2_room1_mix0469,4,4,0,176,0,12.00
fold2_room1_mix0469,4,4,0,4,0,20.87
fold2_room1_mix0469,5,4,0,178,0,15.64
fold2_room1_mix0469,5,4,0,3,0,24.31
fold2_room1_mix0469,6,4,0,176,0,16.96
fold2_room1_mix0469,6,4,0,3,0,25.54
fold2_room1_mix0469,7,4,0,175,0,25.10
fold2_room1_mix0469,7,4,0,3,0,39.26
fold2_room1_mix0469,8,4,0,177,0,24.76
fold2_room1_mix0469,8,4,0,4,0,38.59
fold2_room1_mix0469,9,4,0,176,0,23.93
fold2_room1_mix0469,9,4,0,4,0,41.38
fold2_room1_mix0469,10,4,0,176,0,22.99
fold2_room1_mix0469,10,4,0,1,0,39.72
fold2_room1_mix0469,11,4,0,176,0,24.00
fold2_room1_mix0469,11,4,0,3,0,40.42
fold2_room1_mix0469,12,4,0,177,0,23.53
fold2_room1_mix0469,12,4,0,2,0,37.68
fold2_room1_mix0469,13,4,0,177,-1,22.70
fold2_room1_mix0469,13,4,0,1,0,40.31
fold2_room1_mix0469,14,4,0,176,-1,23.07
fold2_room1_mix0469,14,4,0,1,-1,38.42
fold2_room1_mix0469,15,4,0,176,-1,22.64
fold2_room1_mix0469,15,4,0,1,0,39.77
fold2_room1_mix0469,16,4,0,178,-1,21.11
fold2_room1_mix0469,16,4,0,1,0,39.26
fold2_room1_mix0469,17,4,0,176,-1,19.60
fold2_room1_mix0469,17,4,0,0,0,40.93
fold2_room1_mix0469,18,4,0,177,-1,21.77
fold2_room1_mix0469,18,4,0,2,0,42.27
fold2_room1_mix0469,19,4,0,177,-1,21.57
fold2_room1_mix0469,19,4,0,0,0,42.19
fold2_room1_mix0469,20,4,0,177,-1,20.72
fold2_room1_mix0469,20,4,0,1,0,44.79
fold2_room1_mix0469,21,4,0,176,-1,20.39
fold2_room1_mix0469,21,4,0,0,0,42.25
fold2_room1_mix0469,22,4,0,176,-1,20.38
fold2_room1_mix0469,22,4,0,1,0,42.38
fold2_room1_mix0469,23,4,0,175,-1,19.88
fold2_room1_mix0469,23,4,0,0,0,37.54
fold2_room1_mix0469,24,4,0,177,-2,19.07
fold2_room1_mix0469,24,4,0,3,0,41.03
fold2_room1_mix0469,25,4,0,177,-2,19.10
fold2_room1_mix0469,25,4,0,0,0,40.69
fold2_room1_mix0469,26,4,0,174,-2,19.50
fold2_room1_mix0469,26,4,0,0,0,42.59
fold2_room1_mix0469,27,4,0,176,-2,18.98
fold2_room1_mix0469,27,4,0,1,0,41.20
fold2_room1_mix0469,28,4,0,176,-2,18.47
fold2_room1_mix0469,28,4,0,0,0,40.94
fold2_room1_mix0469,29,4,0,175,-2,17.99
fold2_room1_mix0469,29,4,0,0,0,40.56
fold2_room1_mix0469,30,4,0,175,-2,17.56
fold2_room1_mix0469,30,4,0,0,0,40.92
fold2_room1_mix0469,31,4,0,174,-2,17.41
fold2_room1_mix0469,31,4,0,2,0,41.42
fold2_room1_mix0469,32,4,0,175,-2,17.04
fold2_room1_mix0469,32,4,0,1,0,41.64
fold2_room1_mix0469,33,4,0,175,-3,16.12
fold2_room1_mix0469,33,4,0,1,-1,39.87
fold2_room1_mix0469,34,4,0,175,-2,16.80
fold2_room1_mix0469,34,4,0,3,0,39.06
fold2_room1_mix0469,35,4,0,174,-3,15.38
fold2_room1_mix0469,35,4,0,3,0,38.56
fold2_room1_mix0469,36,4,0,174,-3,14.25
fold2_room1_mix0469,36,4,0,3,-1,37.83
fold2_room1_mix0469,37,4,0,174,-4,13.34
fold2_room1_mix0469,37,4,0,4,-1,35.82
fold2_room1_mix0469,38,4,0,175,-4,12.95
fold2_room1_mix0469,38,4,0,4,-1,33.21
fold2_room1_mix0469,39,4,0,173,-4,12.91
fold2_room1_mix0469,39,4,0,6,-1,34.56
fold2_room1_mix0469,40,4,0,174,-3,13.03
fold2_room1_mix0469,40,4,0,6,-1,31.37
fold2_room1_mix0469,41,4,0,175,-4,12.45
fold2_room1_mix0469,41,4,0,7,-2,30.48
fold2_room1_mix0469,42,4,0,174,-5,11.92
fold2_room1_mix0469,42,4,0,9,-2,28.59
fold2_room1_mix0469,43,4,0,172,-5,10.84
fold2_room1_mix0469,43,4,0,14,-2,25.84
fold2_room1_mix0469,44,4,0,172,-5,10.20
fold2_room1_mix0469,44,4,0,10,-2,23.82
fold2_room1_mix0469,45,4,0,173,-6,10.06
fold2_room1_mix0469,45,4,0,13,-3,23.10
fold2_room1_mix0469,46,4,0,172,-6,10.04
fold2_room1_mix0469,46,4,0,10,-3,21.75
fold2_room1_mix0469,47,4,0,170,-6,9.21
fold2_room1_mix0469,47,4,0,8,-3,18.96
fold2_room1_mix0469,48,4,0,179,-3,12.05
fold2_room1_mix0469,48,4,0,159,-8,8.13
fold2_room1_mix0469,48,4,0,9,-3,17.76
fold2_room1_mix0469,49,4,0,176,-4,11.09
fold2_room1_mix0469,49,4,0,162,-10,6.98
fold2_room1_mix0469,49,4,0,8,-3,17.69
fold2_room1_mix0469,50,4,0,178,-4,10.64
fold2_room1_mix0469,50,4,0,162,-8,8.03
fold2_room1_mix0469,50,4,0,7,-4,15.18
fold2_room1_mix0469,51,4,0,179,-5,9.75
fold2_room1_mix0469,51,4,0,159,-8,8.05
fold2_room1_mix0469,51,4,0,4,-4,13.62
fold2_room1_mix0469,52,4,0,177,-6,8.04
fold2_room1_mix0469,52,4,0,158,-8,8.41
fold2_room1_mix0469,52,4,0,0,-5,11.63
fold2_room1_mix0469,53,4,0,177,-6,9.09
fold2_room1_mix0469,53,4,0,162,-9,7.40
fold2_room1_mix0469,53,4,0,0,-5,10.68
fold2_room1_mix0469,54,4,0,-179,-8,6.94
fold2_room1_mix0469,54,4,0,145,-8,8.39
fold2_room1_mix0469,54,4,0,-9,-6,8.60
fold2_room1_mix0469,55,4,0,-178,-8,6.57
fold2_room1_mix0469,55,4,0,132,-10,7.95
fold2_room1_mix0469,55,4,0,-15,-6,7.60
fold2_room1_mix0469,56,4,0,-178,-10,5.58
fold2_room1_mix0469,56,4,0,138,-6,8.51
fold2_room1_mix0469,56,4,0,-22,-7,5.77
fold2_room1_mix0469,57,3,0,-106,-4,12.63
fold2_room1_mix0469,57,4,0,174,-12,6.07
fold2_room1_mix0469,57,4,0,149,-15,5.79
fold2_room1_mix0469,57,4,0,-19,-9,5.46
fold2_room1_mix0469,58,3,0,-79,-4,10.04
fold2_room1_mix0469,58,4,0,179,-16,4.37
fold2_room1_mix0469,58,4,0,115,-18,5.37
fold2_room1_mix0469,58,4,0,-30,-10,4.44
fold2_room1_mix0469,59,3,0,-73,-3,5.52
fold2_room1_mix0469,59,4,0,-171,-17,3.83
fold2_room1_mix0469,59,4,0,126,-10,7.19
fold2_room1_mix0469,59,4,0,-41,-12,2.90
fold2_room1_mix0469,60,3,0,-90,-4,4.20
fold2_room1_mix0469,60,4,0,170,-20,3.03
fold2_room1_mix0469,60,4,0,133,-15,4.92
fold2_room1_mix0469,60,4,0,-50,-14,2.51
fold2_room1_mix0469,61,4,0,163,-12,5.66
fold2_room1_mix0469,61,4,0,146,-11,5.33
fold2_room1_mix0469,61,4,0,-95,-20,1.94
fold2_room1_mix0469,62,4,0,176,-11,5.74
fold2_room1_mix0469,62,4,0,147,-7,7.65
fold2_room1_mix0469,62,4,0,-131,-17,1.90
fold2_room1_mix0469,63,3,0,-48,-4,10.06
fold2_room1_mix0469,63,4,0,155,-11,5.44
fold2_room1_mix0469,63,4,0,-141,-13,3.61
fold2_room1_mix0469,64,3,0,-48,-5,8.02
fold2_room1_mix0469,64,4,0,-163,-10,5.67
fold2_room1_mix0469,64,4,0,154,-9,5.65
fold2_room1_mix0469,65,3,0,-55,-4,7.88
fold2_room1_mix0469,65,4,0,-165,-10,6.42
fold2_room1_mix0469,65,4,0,159,-11,5.17
fold2_room1_mix0469,66,3,0,-58,-6,5.70
fold2_room1_mix0469,66,4,0,-169,-8,7.73
fold2_room1_mix0469,66,4,0,162,-10,6.01
fold2_room1_mix0469,66,4,0,145,-10,5.01
fold2_room1_mix0469,67,3,0,-65,-5,5.69
fold2_room1_mix0469,67,4,0,-171,-9,6.40
fold2_room1_mix0469,67,4,0,148,-11,4.33
fold2_room1_mix0469,68,3,0,-48,-4,9.25
fold2_room1_mix0469,68,4,0,-168,-7,7.85
fold2_room1_mix0469,68,4,0,143,-11,4.00
fold2_room1_mix0469,69,3,0,-68,-8,6.26
fold2_room1_mix0469,69,4,0,-176,-10,7.76
fold2_room1_mix0469,69,4,0,139,-14,3.86
fold2_room1_mix0469,70,3,0,-38,-4,5.93
fold2_room1_mix0469,70,4,0,175,-10,7.56
fold2_room1_mix0469,70,4,0,140,-13,4.01
fold2_room1_mix0469,70,4,0,124,-18,2.84
fold2_room1_mix0469,71,3,0,-52,-4,7.57
fold2_room1_mix0469,71,4,0,175,-11,6.49
fold2_room1_mix0469,71,4,0,129,-17,3.17
fold2_room1_mix0469,71,4,0,101,-20,2.73
fold2_room1_mix0469,72,3,0,-50,-4,6.89
fold2_room1_mix0469,72,4,0,172,-13,7.02
fold2_room1_mix0469,72,4,0,115,-19,2.49
fold2_room1_mix0469,72,4,0,85,-24,2.95
fold2_room1_mix0469,73,3,0,-47,-4,7.65
fold2_room1_mix0469,73,4,0,172,-15,6.39
fold2_room1_mix0469,73,4,0,100,-23,2.29
fold2_room1_mix0469,73,4,0,51,-28,2.80
fold2_room1_mix0469,74,3,0,-45,-3,8.06
fold2_room1_mix0469,74,4,0,162,-10,6.52
fold2_room1_mix0469,74,4,0,73,-25,2.95
fold2_room1_mix0469,74,4,0,43,-17,2.94
fold2_room1_mix0469,75,3,0,-38,-4,7.86
fold2_room1_mix0469,75,4,0,163,-12,7.70
fold2_room1_mix0469,75,4,0,56,-22,2.76
fold2_room1_mix0469,75,4,0,35,-16,3.07
fold2_room1_mix0469,76,3,0,-46,-4,8.61
fold2_room1_mix0469,76,4,0,153,-15,6.00
fold2_room1_mix0469,76,4,0,37,-19,2.88
fold2_room1_mix0469,76,4,0,22,-13,3.75
fold2_room1_mix0469,77,3,0,-45,-4,5.82
fold2_room1_mix0469,77,4,0,156,-10,7.88
fold2_room1_mix0469,77,4,0,29,-12,3.36
fold2_room1_mix0469,78,4,0,159,-10,9.55
fold2_room1_mix0469,78,4,0,23,-12,3.89
fold2_room1_mix0469,79,4,0,171,-4,13.91
fold2_room1_mix0469,79,4,0,25,-12,3.19
fold2_room1_mix0469,80,4,0,164,-7,9.14
fold2_room1_mix0469,80,4,0,5,-6,6.68
fold2_room1_mix0469,80,4,0,20,-9,3.79
fold2_room1_mix0469,81,4,0,164,-6,11.45
fold2_room1_mix0469,81,4,0,15,-9,5.08
fold2_room1_mix0469,82,4,0,175,-2,18.32
fold2_room1_mix0469,82,4,0,20,-10,3.63
fold2_room1_mix0469,83,4,0,170,-4,14.20
fold2_room1_mix0469,83,4,0,14,-8,5.20
fold2_room1_mix0469,84,4,0,165,-4,15.64
fold2_room1_mix0469,84,4,0,14,-8,5.71
fold2_room1_mix0469,85,4,0,166,-5,13.04
fold2_room1_mix0469,85,4,0,10,-6,6.79
fold2_room1_mix0469,86,4,0,177,0,21.92
fold2_room1_mix0469,86,4,0,11,-7,6.10
fold2_room1_mix0469,87,4,0,169,-4,13.44
fold2_room1_mix0469,87,4,0,10,-6,7.16
fold2_room1_mix0469,88,4,0,168,-5,13.41
fold2_room1_mix0469,88,4,0,10,-6,7.91
fold2_room1_mix0469,89,4,0,173,-5,13.52
fold2_room1_mix0469,89,4,0,9,-6,8.04
fold2_room1_mix0469,90,4,0,169,-5,13.94
fold2_room1_mix0469,90,4,0,7,-5,10.20
fold2_room1_mix0469,91,4,0,165,-7,12.32
fold2_room1_mix0469,91,4,0,8,-5,9.24
fold2_room1_mix0469,92,4,0,170,-4,16.37
fold2_room1_mix0469,92,4,0,10,-6,8.63
fold2_room1_mix0469,93,4,0,171,-3,16.42
fold2_room1_mix0469,93,4,0,10,-5,8.88
fold2_room1_mix0469,94,4,0,173,-3,17.33
fold2_room1_mix0469,94,4,0,10,-6,8.66
fold2_room1_mix0469,95,4,0,172,-5,15.51
fold2_room1_mix0469,95,4,0,7,-5,9.86
fold2_room1_mix0469,98,4,0,176,-3,20.78
fold2_room1_mix0469,98,4,0,8,-5,10.47
fold2_room1_mix0469,99,4,0,175,-6,17.27
fold2_room1_mix0469,99,4,0,7,-5,10.57
fold2_room1_mix0469,96,4,0,8,-5,10.85
fold2_room1_mix0469,97,4,0,7,-5,10.74
fold2_room1_mix0470,3,4,0,178,1,1.46
fold2_room1_mix0470,4,4,0,176,0,11.36
fold2_room1_mix0470,5,4,0,176,0,14.18
fold2_room1_mix0470,6,4,0,175,0,12.89
fold2_room1_mix0470,7,4,0,174,-1,20.74
fold2_room1_mix0470,8,4,0,175,-1,21.08
fold2_room1_mix0470,9,4,0,174,-1,21.31
fold2_room1_mix0470,10,4,0,174,-1,21.12
fold2_room1_mix0470,11,4,0,174,-1,20.68
fold2_room1_mix0470,12,4,0,173,-1,20.53
fold2_room1_mix0470,13,4,0,174,-1,20.25
fold2_room1_mix0470,14,4,0,174,-1,19.80
fold2_room1_mix0470,15,4,0,173,-1,19.20
fold2_room1_mix0470,16,4,0,174,-1,18.75
fold2_room1_mix0470,17,4,0,174,-1,19.04
fold2_room1_mix0470,18,4,0,174,-1,18.40
fold2_room1_mix0470,19,4,0,174,-1,17.13
fold2_room1_mix0470,20,4,0,174,-1,18.54
fold2_room1_mix0470,21,4,0,174,-1,17.35
fold2_room1_mix0470,22,4,0,173,-1,16.31
fold2_room1_mix0470,23,4,0,173,-2,15.72
fold2_room1_mix0470,24,4,0,173,-2,15.31
fold2_room1_mix0470,25,4,0,173,-2,14.14
fold2_room1_mix0470,26,4,0,172,-2,14.31
fold2_room1_mix0470,27,4,0,-176,0,20.00
fold2_room1_mix0470,27,4,0,165,-3,12.09
fold2_room1_mix0470,28,4,0,-176,-1,18.08
fold2_room1_mix0470,28,4,0,165,-3,10.48
fold2_room1_mix0470,29,4,0,-173,-1,17.33
fold2_room1_mix0470,29,4,0,165,-3,9.88
fold2_room1_mix0470,30,4,0,-175,0,17.91
fold2_room1_mix0470,30,4,0,165,-4,9.65
fold2_room1_mix0470,31,4,0,-174,-1,17.24
fold2_room1_mix0470,31,4,0,164,-4,9.00
fold2_room1_mix0470,32,4,0,-172,-1,16.29
fold2_room1_mix0470,32,4,0,164,-4,8.75
fold2_room1_mix0470,33,4,0,-173,-1,16.05
fold2_room1_mix0470,33,4,0,164,-4,8.48
fold2_room1_mix0470,34,4,0,-170,0,17.50
fold2_room1_mix0470,34,4,0,162,-4,7.90
fold2_room1_mix0470,35,4,0,-172,-1,14.93
fold2_room1_mix0470,35,4,0,161,-5,7.35
fold2_room1_mix0470,36,4,0,-175,-1,15.24
fold2_room1_mix0470,36,4,0,159,-5,6.70
fold2_room1_mix0470,37,4,0,-173,-1,15.12
fold2_room1_mix0470,37,4,0,159,-6,6.10
fold2_room1_mix0470,38,4,0,-174,-2,13.13
fold2_room1_mix0470,38,4,0,156,-6,5.75
fold2_room1_mix0470,39,4,0,-174,-1,14.75
fold2_room1_mix0470,39,4,0,156,-6,6.00
fold2_room1_mix0470,40,4,0,-174,-1,16.35
fold2_room1_mix0470,40,4,0,156,-7,5.90
fold2_room1_mix0470,41,4,0,-177,-1,15.87
fold2_room1_mix0470,41,4,0,163,-5,8.18
fold2_room1_mix0470,41,4,0,146,-10,3.14
fold2_room1_mix0470,42,4,0,-177,-1,16.98
fold2_room1_mix0470,42,4,0,166,-5,9.65
fold2_room1_mix0470,42,4,0,142,-11,2.94
fold2_room1_mix0470,43,4,0,172,-2,14.61
fold2_room1_mix0470,43,4,0,136,-13,2.56
fold2_room1_mix0470,44,4,0,172,-2,15.73
fold2_room1_mix0470,44,4,0,128,-15,2.15
fold2_room1_mix0470,45,4,0,171,-3,15.38
fold2_room1_mix0470,45,4,0,115,-17,1.94
fold2_room1_mix0470,46,4,0,175,-2,21.14
fold2_room1_mix0470,46,4,0,152,-8,10.95
fold2_room1_mix0470,46,4,0,96,-19,1.98
fold2_room1_mix0470,47,4,0,166,-3,18.34
fold2_room1_mix0470,47,4,0,116,-12,7.02
fold2_room1_mix0470,47,4,0,79,-17,1.90
fold2_room1_mix0470,48,1,0,84,-3,8.24
fold2_room1_mix0470,48,4,0,174,-2,15.83
fold2_room1_mix0470,48,4,0,58,-15,2.42
fold2_room1_mix0470,49,1,0,114,-4,11.69
fold2_room1_mix0470,49,4,0,171,-2,16.46
fold2_room1_mix0470,49,4,0,62,-13,2.44
fold2_room1_mix0470,50,1,0,115,-3,8.74
fold2_room1_mix0470,50,4,0,168,-4,15.09
fold2_room1_mix0470,50,4,0,40,-12,2.31
fold2_room1_mix0470,51,1,0,106,-4,5.96
fold2_room1_mix0470,51,4,0,171,-3,17.79
fold2_room1_mix0470,51,4,0,33,-11,4.17
fold2_room1_mix0470,52,1,0,118,-4,13.86
fold2_room1_mix0470,52,4,0,167,-4,12.14
fold2_room1_mix0470,52,4,0,31,-8,3.36
fold2_room1_mix0470,53,1,0,120,-3,15.74
fold2_room1_mix0470,53,4,0,169,-4,11.62
fold2_room1_mix0470,53,4,0,31,-8,3.62
fold2_room1_mix0470,54,1,0,126,-3,17.53
fold2_room1_mix0470,54,4,0,164,-5,9.92
fold2_room1_mix0470,54,4,0,29,-8,3.95
fold2_room1_mix0470,55,1,0,128,-3,18.21
fold2_room1_mix0470,55,4,0,167,-5,10.52
fold2_room1_mix0470,55,4,0,21,-7,4.72
fold2_room1_mix0470,56,1,0,126,-4,6.67
fold2_room1_mix0470,56,4,0,-173,-4,13.78
fold2_room1_mix0470,56,4,0,18,-9,5.55
fold2_room1_mix0470,57,1,0,135,-3,17.76
fold2_room1_mix0470,57,4,0,177,-5,10.49
fold2_room1_mix0470,57,4,0,16,-8,5.13
fold2_room1_mix0470,58,1,0,140,-3,17.34
fold2_room1_mix0470,58,4,0,176,-6,10.45
fold2_room1_mix0470,58,4,0,18,-8,5.09
fold2_room1_mix0470,59,1,0,144,-3,19.76
fold2_room1_mix0470,59,4,0,169,-12,11.39
fold2_room1_mix0470,59,4,0,16,-8,6.32
fold2_room1_mix0470,60,1,0,144,-3,21.56
fold2_room1_mix0470,60,4,0,-175,-8,13.13
fold2_room1_mix0470,60,4,0,8,-8,7.61
fold2_room1_mix0470,61,1,0,145,-4,5.38
fold2_room1_mix0470,61,4,0,-151,-2,13.55
fold2_room1_mix0470,61,4,0,9,-5,7.71
fold2_room1_mix0470,62,1,0,138,-3,16.09
fold2_room1_mix0470,62,4,0,-140,-6,10.85
fold2_room1_mix0470,62,4,0,4,-8,8.69
fold2_room1_mix0470,63,1,0,150,-3,23.48
fold2_room1_mix0470,63,4,0,-162,-3,13.22
fold2_room1_mix0470,63,4,0,10,-6,6.93
fold2_room1_mix0470,64,1,0,151,-3,24.01
fold2_room1_mix0470,64,4,0,-141,-5,10.50
fold2_room1_mix0470,64,4,0,7,-7,8.50
fold2_room1_mix0470,65,1,0,153,-2,27.70
fold2_room1_mix0470,65,4,0,-161,-7,12.70
fold2_room1_mix0470,65,4,0,3,-7,10.10
fold2_room1_mix0470,66,1,0,150,-3,10.76
fold2_room1_mix0470,66,4,0,-145,-3,10.85
fold2_room1_mix0470,66,4,0,4,-4,9.35
fold2_room1_mix0470,67,4,0,-140,-3,9.89
fold2_room1_mix0470,67,4,0,12,-3,10.64
fold2_room1_mix0470,68,1,0,152,-2,24.41
fold2_room1_mix0470,68,4,0,-145,-5,9.52
fold2_room1_mix0470,68,4,0,7,-4,10.96
fold2_room1_mix0470,69,1,0,154,-3,23.94
fold2_room1_mix0470,69,4,0,-136,-5,8.83
fold2_room1_mix0470,69,4,0,-121,-9,9.56
fold2_room1_mix0470,69,4,0,7,-5,11.34
fold2_room1_mix0470,70,1,0,159,-2,24.73
fold2_room1_mix0470,70,4,0,-140,-7,8.78
fold2_room1_mix0470,70,4,0,-29,-8,11.01
fold2_room1_mix0470,70,4,0,6,-5,12.33
fold2_room1_mix0470,71,1,0,150,-3,21.05
fold2_room1_mix0470,71,4,0,-131,-5,8.91
fold2_room1_mix0470,71,4,0,-102,-8,7.62
fold2_room1_mix0470,71,4,0,8,-4,11.98
fold2_room1_mix0470,72,4,0,-122,-4,8.45
fold2_room1_mix0470,72,4,0,-40,-3,12.99
fold2_room1_mix0470,72,4,0,5,-4,14.59
fold2_room1_mix0470,73,4,0,-125,-3,7.32
fold2_room1_mix0470,73,4,0,-93,-6,7.09
fold2_room1_mix0470,73,4,0,10,-3,10.51
fold2_room1_mix0470,74,4,0,-100,-5,8.45
fold2_room1_mix0470,74,4,0,7,-3,15.54
fold2_room1_mix0470,75,4,0,-100,-5,8.35
fold2_room1_mix0470,75,4,0,1,-3,15.13
fold2_room1_mix0470,76,4,0,-116,-4,7.21
fold2_room1_mix0470,76,4,0,-2,-1,16.92
fold2_room1_mix0470,77,4,0,-102,-4,6.98
fold2_room1_mix0470,77,4,0,0,-1,17.50
fold2_room1_mix0470,78,4,0,-99,-5,6.71
fold2_room1_mix0470,78,4,0,1,0,19.80
fold2_room1_mix0470,79,4,0,-96,-5,7.44
fold2_room1_mix0470,79,4,0,-27,0,16.92
fold2_room1_mix0470,79,4,0,0,-1,19.09
fold2_room1_mix0470,80,4,0,-89,-5,6.46
fold2_room1_mix0470,80,4,0,-7,0,20.44
fold2_room1_mix0470,81,4,0,-81,-6,6.44
fold2_room1_mix0470,81,4,0,-51,-3,14.25
fold2_room1_mix0470,81,4,0,-3,-1,20.34
fold2_room1_mix0470,82,4,0,-77,-6,6.46
fold2_room1_mix0470,82,4,0,-46,-3,13.99
fold2_room1_mix0470,82,4,0,-3,-2,20.39
fold2_room1_mix0470,83,4,0,-75,-5,6.56
fold2_room1_mix0470,83,4,0,-56,-3,14.17
fold2_room1_mix0470,83,4,0,-1,-1,21.58
fold2_room1_mix0470,84,4,0,-71,-6,8.63
fold2_room1_mix0470,84,4,0,-1,-1,25.32
fold2_room1_mix0470,85,4,0,-69,-5,9.42
fold2_room1_mix0470,85,4,0,-4,-1,25.41
fold2_room1_mix0470,86,4,0,-63,-5,9.87
fold2_room1_mix0470,86,4,0,-4,-1,26.38
fold2_room1_mix0470,87,4,0,-61,-4,10.31
fold2_room1_mix0470,87,4,0,-3,0,28.78
fold2_room1_mix0470,88,4,0,-63,-6,6.92
fold2_room1_mix0470,88,4,0,-43,-2,16.64
fold2_room1_mix0470,88,4,0,-4,-1,28.29
fold2_room1_mix0470,89,4,0,-64,-5,9.59
fold2_room1_mix0470,89,4,0,-6,0,32.23
fold2_room1_mix0470,90,4,0,-61,-5,6.93
fold2_room1_mix0470,90,4,0,-41,-1,17.38
fold2_room1_mix0470,90,4,0,-6,0,31.89
fold2_room1_mix0470,91,4,0,-56,-4,11.32
fold2_room1_mix0470,91,4,0,-7,0,31.25
fold2_room1_mix0470,92,4,0,-58,-6,7.22
fold2_room1_mix0470,92,4,0,-37,-2,18.97
fold2_room1_mix0470,92,4,0,-7,0,32.11
fold2_room1_mix0470,93,4,0,-58,-6,6.75
fold2_room1_mix0470,93,4,0,-12,0,26.31
fold2_room1_mix0470,94,4,0,-55,-6,7.09
fold2_room1_mix0470,94,4,0,-5,0,28.67
fold2_room1_mix0470,95,4,0,-52,-6,7.04
fold2_room1_mix0470,95,4,0,-1,0,28.82
fold2_room1_mix0470,96,4,0,-50,-6,7.19
fold2_room1_mix0470,96,4,0,-6,0,28.41
fold2_room1_mix0470,97,4,0,-49,-6,8.50
fold2_room1_mix0470,97,4,0,-7,0,28.49
fold2_room1_mix0470,98,4,0,-45,-6,8.78
fold2_room1_mix0470,98,4,0,-5,0,27.68
fold2_room1_mix0470,99,4,0,-46,-6,8.11
fold2_room1_mix0470,99,4,0,-4,0,25.84
fold2_room1_mix0471,1,4,0,175,0,0.87
fold2_room1_mix0471,2,4,0,178,1,2.03
fold2_room1_mix0471,3,4,0,178,0,8.71
fold2_room1_mix0471,4,4,0,175,0,10.95
fold2_room1_mix0471,4,4,0,7,0,17.28
fold2_room1_mix0471,5,4,0,175,-1,9.68
fold2_room1_mix0471,5,4,0,5,0,17.16
fold2_room1_mix0471,6,4,0,174,-1,12.29
fold2_room1_mix0471,6,4,0,8,0,23.91
fold2_room1_mix0471,7,4,0,175,-2,17.60
fold2_room1_mix0471,7,4,0,8,-1,33.87
fold2_room1_mix0471,8,4,0,176,-2,16.61
fold2_room1_mix0471,8,4,0,8,0,35.45
fold2_room1_mix0471,9,4,0,173,-2,17.63
fold2_room1_mix0471,9,4,0,8,0,36.91
fold2_room1_mix0471,10,4,0,175,-2,14.54
fold2_room1_mix0471,10,4,0,6,0,38.63
fold2_room1_mix0471,11,4,0,174,-2,14.32
fold2_room1_mix0471,11,4,0,7,0,36.69
fold2_room1_mix0471,12,4,0,176,-1,14.23
fold2_room1_mix0471,12,4,0,7,0,35.32
fold2_room1_mix0471,13,4,0,175,-2,11.67
fold2_room1_mix0471,13,4,0,4,0,28.60
fold2_room1_mix0471,14,4,0,176,-2,12.26
fold2_room1_mix0471,14,4,0,3,0,27.79
fold2_room1_mix0471,15,4,0,174,-2,11.32
fold2_room1_mix0471,15,4,0,5,0,28.42
fold2_room1_mix0471,16,4,0,176,-2,10.51
fold2_room1_mix0471,16,4,0,4,0,27.67
fold2_room1_mix0471,17,4,0,176,-3,10.05
fold2_room1_mix0471,17,4,0,5,-1,26.60
fold2_room1_mix0471,18,4,0,173,-3,11.05
fold2_room1_mix0471,18,4,0,8,-1,34.63
fold2_room1_mix0471,19,4,0,173,-4,11.93
fold2_room1_mix0471,19,4,0,6,-1,32.70
fold2_room1_mix0471,20,4,0,175,-3,9.20
fold2_room1_mix0471,20,4,0,6,0,36.03
fold2_room1_mix0471,21,4,0,175,-3,8.27
fold2_room1_mix0471,21,4,0,9,-1,29.50
fold2_room1_mix0471,22,4,0,172,-3,9.02
fold2_room1_mix0471,22,4,0,8,-1,33.89
fold2_room1_mix0471,23,4,0,172,-4,8.36
fold2_room1_mix0471,23,4,0,7,-1,32.92
fold2_room1_mix0471,24,4,0,173,-3,10.47
fold2_room1_mix0471,24,4,0,7,-1,30.76
fold2_room1_mix0471,25,4,0,172,-4,7.85
fold2_room1_mix0471,25,4,0,7,-1,33.23
fold2_room1_mix0471,26,4,0,174,-4,6.74
fold2_room1_mix0471,26,4,0,9,-1,31.06
fold2_room1_mix0471,27,4,0,174,-4,6.44
fold2_room1_mix0471,27,4,0,7,0,25.93
fold2_room1_mix0471,28,4,0,172,-5,10.46
fold2_room1_mix0471,28,4,0,10,-1,30.40
fold2_room1_mix0471,29,4,0,169,-5,6.95
fold2_room1_mix0471,29,4,0,10,-1,27.76
fold2_room1_mix0471,30,4,0,171,-5,9.19
fold2_room1_mix0471,30,4,0,11,-1,29.54
fold2_room1_mix0471,31,4,0,168,-5,7.69
fold2_room1_mix0471,31,4,0,13,-1,30.40
fold2_room1_mix0471,32,4,0,171,-6,5.61
fold2_room1_mix0471,32,4,0,11,-1,29.72
fold2_room1_mix0471,33,4,0,166,-6,6.36
fold2_room1_mix0471,33,4,0,12,-1,31.02
fold2_room1_mix0471,34,4,0,168,-7,5.08
fold2_room1_mix0471,34,4,0,12,-1,27.98
fold2_room1_mix0471,35,4,0,161,-7,5.84
fold2_room1_mix0471,35,4,0,11,-1,28.19
fold2_room1_mix0471,36,4,0,159,-8,5.47
fold2_room1_mix0471,36,4,0,11,-1,27.45
fold2_room1_mix0471,37,4,0,158,-8,5.41
fold2_room1_mix0471,37,4,0,13,-1,26.18
fold2_room1_mix0471,38,4,0,154,-9,4.11
fold2_room1_mix0471,38,4,0,9,0,25.94
fold2_room1_mix0471,39,4,0,148,-9,3.51
fold2_room1_mix0471,39,4,0,11,0,23.99
fold2_room1_mix0471,40,4,0,154,-9,4.39
fold2_room1_mix0471,40,4,0,137,-11,3.45
fold2_room1_mix0471,40,4,0,11,0,23.70
fold2_room1_mix0471,41,4,0,134,-10,3.64
fold2_room1_mix0471,41,4,0,111,-12,2.69
fold2_room1_mix0471,41,4,0,8,1,21.78
fold2_room1_mix0471,42,4,0,107,-17,2.12
fold2_room1_mix0471,42,4,0,26,-3,11.35
fold2_room1_mix0471,42,4,0,8,0,20.37
fold2_room1_mix0471,43,4,0,92,-18,2.45
fold2_room1_mix0471,43,4,0,12,-2,13.60
fold2_room1_mix0471,44,4,0,53,-16,2.11
fold2_room1_mix0471,44,4,0,4,-1,12.93
fold2_room1_mix0471,45,4,0,48,-14,2.66
fold2_room1_mix0471,45,4,0,7,-1,10.92
fold2_room1_mix0471,46,4,0,29,-11,2.74
fold2_room1_mix0471,46,4,0,6,-2,10.67
fold2_room1_mix0471,47,4,0,31,-10,3.57
fold2_room1_mix0471,47,4,0,7,-2,10.20
fold2_room1_mix0471,48,4,0,28,-10,3.88
fold2_room1_mix0471,48,4,0,7,-2,9.99
fold2_room1_mix0471,49,4,0,12,-4,7.24
fold2_room1_mix0471,50,4,0,20,-8,3.33
fold2_room1_mix0471,50,4,0,5,-2,8.71
fold2_room1_mix0471,51,4,0,11,-4,7.37
fold2_room1_mix0471,52,4,0,11,-3,6.97
fold2_room1_mix0471,53,4,0,21,-7,4.37
fold2_room1_mix0471,53,4,0,6,-2,8.24
fold2_room1_mix0471,54,4,0,24,-6,4.76
fold2_room1_mix0471,54,4,0,6,-3,7.86
fold2_room1_mix0471,55,4,0,34,-5,6.51
fold2_room1_mix0471,55,4,0,8,-3,7.85
fold2_room1_mix0471,56,4,0,45,-5,7.33
fold2_room1_mix0471,56,4,0,7,-3,7.45
fold2_room1_mix0471,57,4,0,47,-4,8.20
fold2_room1_mix0471,57,4,0,7,-3,7.53
fold2_room1_mix0471,58,4,0,62,-3,9.98
fold2_room1_mix0471,58,4,0,8,-3,7.52
fold2_room1_mix0471,59,4,0,69,-3,9.47
fold2_room1_mix0471,59,4,0,8,-3,7.42
fold2_room1_mix0471,60,4,0,72,-4,9.02
fold2_room1_mix0471,60,4,0,7,-3,8.26
fold2_room1_mix0471,61,4,0,72,-3,10.12
fold2_room1_mix0471,61,4,0,8,-3,8.11
fold2_room1_mix0471,62,4,0,74,-3,10.04
fold2_room1_mix0471,62,4,0,8,-3,8.57
fold2_room1_mix0471,63,4,0,74,-3,9.51
fold2_room1_mix0471,63,4,0,8,-3,8.88
fold2_room1_mix0471,64,4,0,78,-3,9.92
fold2_room1_mix0471,64,4,0,7,-2,9.22
fold2_room1_mix0471,65,4,0,87,-3,9.74
fold2_room1_mix0471,65,4,0,8,-2,9.25
fold2_room1_mix0471,66,4,0,83,-3,10.57
fold2_room1_mix0471,66,4,0,9,-2,9.92
fold2_room1_mix0471,67,4,0,84,-3,10.73
fold2_room1_mix0471,67,4,0,9,-2,9.70
fold2_room1_mix0471,68,4,0,85,-3,10.71
fold2_room1_mix0471,68,4,0,9,-2,9.56
fold2_room1_mix0471,69,4,0,90,-3,10.56
fold2_room1_mix0471,69,4,0,10,-2,9.90
fold2_room1_mix0471,70,4,0,96,-3,11.48
fold2_room1_mix0471,70,4,0,9,-2,10.17
fold2_room1_mix0471,71,4,0,95,-2,12.08
fold2_room1_mix0471,71,4,0,9,-2,10.38
fold2_room1_mix0471,72,4,0,107,-2,12.15
fold2_room1_mix0471,72,4,0,10,-3,9.38
fold2_room1_mix0471,73,4,0,104,-3,11.68
fold2_room1_mix0471,73,4,0,9,-3,9.53
fold2_room1_mix0471,74,4,0,110,-2,12.72
fold2_room1_mix0471,74,4,0,7,-3,9.71
fold2_room1_mix0471,75,4,0,107,-2,12.23
fold2_room1_mix0471,75,4,0,9,-4,8.22
fold2_room1_mix0471,76,4,0,116,-3,12.39
fold2_room1_mix0471,76,4,0,6,-4,8.30
fold2_room1_mix0471,77,4,0,116,-2,12.72
fold2_room1_mix0471,77,4,0,6,-5,7.35
fold2_room1_mix0471,78,4,0,119,-2,13.49
fold2_room1_mix0471,78,4,0,-6,-7,4.93
fold2_room1_mix0471,78,4,0,13,-5,8.03
fold2_room1_mix0471,79,4,0,118,-3,13.49
fold2_room1_mix0471,79,4,0,-14,-9,3.72
fold2_room1_mix0471,79,4,0,17,-5,8.14
fold2_room1_mix0471,80,4,0,126,-2,13.68
fold2_room1_mix0471,80,4,0,-29,-13,2.20
fold2_room1_mix0471,80,4,0,20,-4,9.38
fold2_room1_mix0471,81,4,0,128,-2,12.46
fold2_room1_mix0471,81,4,0,-43,-17,1.50
fold2_room1_mix0471,81,4,0,23,-3,10.58
fold2_room1_mix0471,82,4,0,140,1,14.55
fold2_room1_mix0471,82,4,0,-75,-18,0.90
fold2_room1_mix0471,82,4,0,28,0,13.05
fold2_room1_mix0471,83,4,0,152,2,15.13
fold2_room1_mix0471,83,4,0,-129,-16,1.19
fold2_room1_mix0471,83,4,0,18,0,12.38
fold2_room1_mix0471,84,4,0,156,0,10.96
fold2_room1_mix0471,84,4,0,-159,-11,1.58
fold2_room1_mix0471,84,4,0,18,0,14.31
fold2_room1_mix0471,85,4,0,159,0,11.00
fold2_room1_mix0471,85,4,0,-173,-7,2.93
fold2_room1_mix0471,85,4,0,12,0,15.33
fold2_room1_mix0471,86,4,0,-178,-2,5.66
fold2_room1_mix0471,86,4,0,111,2,9.25
fold2_room1_mix0471,86,4,0,4,0,16.07
fold2_room1_mix0471,87,4,0,-164,-3,4.96
fold2_room1_mix0471,87,4,0,131,1,9.90
fold2_room1_mix0471,87,4,0,-3,0,16.76
fold2_room1_mix0471,88,4,0,-172,-3,5.99
fold2_room1_mix0471,88,4,0,135,0,11.26
fold2_room1_mix0471,88,4,0,6,0,17.66
fold2_room1_mix0471,89,4,0,-172,-3,6.99
fold2_room1_mix0471,89,4,0,135,0,11.90
fold2_room1_mix0471,89,4,0,9,0,19.32
fold2_room1_mix0471,90,4,0,-176,-2,8.60
fold2_room1_mix0471,90,4,0,144,0,11.79
fold2_room1_mix0471,90,4,0,10,0,20.52
fold2_room1_mix0471,91,4,0,-177,-2,9.33
fold2_room1_mix0471,91,4,0,141,0,13.57
fold2_room1_mix0471,91,4,0,7,0,18.10
fold2_room1_mix0471,92,4,0,-174,-1,9.76
fold2_room1_mix0471,92,4,0,129,1,15.17
fold2_room1_mix0471,92,4,0,8,1,20.30
fold2_room1_mix0471,93,4,0,-178,0,12.40
fold2_room1_mix0471,93,4,0,121,1,16.30
fold2_room1_mix0471,93,4,0,9,1,20.57
fold2_room1_mix0471,94,4,0,173,0,14.11
fold2_room1_mix0471,94,4,0,14,0,19.47
fold2_room1_mix0471,95,4,0,-177,0,15.11
fold2_room1_mix0471,95,4,0,148,0,15.27
fold2_room1_mix0471,95,4,0,12,0,19.52
fold2_room1_mix0471,96,4,0,173,0,15.76
fold2_room1_mix0471,96,4,0,13,0,23.99
fold2_room1_mix0471,97,4,0,172,0,16.37
fold2_room1_mix0471,97,4,0,12,0,23.94
fold2_room1_mix0471,98,4,0,173,0,18.28
fold2_room1_mix0471,98,4,0,14,0,21.52
fold2_room1_mix0471,99,4,0,-178,0,19.90
fold2_room1_mix0471,99,4,0,159,-1,16.36
fold2_room1_mix0471,99,4,0,10,0,24.49
fold2_room1_mix0472,45,4,0,-159,0,15.45
fold2_room1_mix0472,46,4,0,-160,0,15.79
fold2_room1_mix0472,47,4,0,-155,-1,20.11
fold2_room1_mix0472,48,4,0,-154,0,17.30
fold2_room1_mix0472,49,4,0,-155,-1,20.39
fold2_room1_mix0472,50,4,0,-155,-1,20.76
fold2_room1_mix0472,51,4,0,-154,-1,19.79
fold2_room1_mix0472,52,4,0,-152,-1,19.78
fold2_room1_mix0472,53,4,0,-153,-1,18.46
fold2_room1_mix0472,54,4,0,-150,-1,17.28
fold2_room1_mix0472,55,4,0,-147,-1,16.37
fold2_room1_mix0472,56,4,0,-146,-1,15.59
fold2_room1_mix0472,57,4,0,-143,-1,15.64
fold2_room1_mix0472,58,4,0,-142,-1,14.33
fold2_room1_mix0472,59,4,0,-137,-2,13.60
fold2_room1_mix0472,60,4,0,-134,-1,13.59
fold2_room1_mix0472,61,4,0,-134,-2,12.39
fold2_room1_mix0472,62,4,0,-128,-2,11.65
fold2_room1_mix0472,63,4,0,-125,-2,11.75
fold2_room1_mix0472,64,4,0,-123,-2,11.15
fold2_room1_mix0472,65,4,0,-118,-3,10.14
fold2_room1_mix0472,66,4,0,-114,-3,10.22
fold2_room1_mix0472,67,4,0,-110,-3,10.18
fold2_room1_mix0472,68,4,0,-106,-3,9.86
fold2_room1_mix0472,69,4,0,-102,-4,9.65
fold2_room1_mix0472,70,4,0,-96,-4,9.43
fold2_room1_mix0472,71,4,0,-93,-4,9.42
fold2_room1_mix0472,72,4,0,-89,-4,9.68
fold2_room1_mix0472,73,4,0,-84,-4,9.92
fold2_room1_mix0472,74,4,0,-79,-4,9.96
fold2_room1_mix0472,75,4,0,-76,-4,10.49
fold2_room1_mix0472,76,4,0,-71,-3,10.90
fold2_room1_mix0472,77,4,0,-67,-3,10.83
fold2_room1_mix0472,78,4,0,-62,-3,11.56
fold2_room1_mix0472,79,4,0,-61,-3,12.05
fold2_room1_mix0472,80,4,0,-56,-3,12.44
fold2_room1_mix0472,81,4,0,-52,-3,13.38
fold2_room1_mix0472,82,4,0,-50,-3,13.73
fold2_room1_mix0472,83,4,0,-47,-2,15.17
fold2_room1_mix0472,84,4,0,-46,-2,15.06
fold2_room1_mix0472,85,4,0,-45,-2,15.68
fold2_room1_mix0472,86,4,0,-41,-2,15.82
fold2_room1_mix0472,87,4,0,-39,-2,16.53
fold2_room1_mix0472,88,4,0,-38,-2,16.61
fold2_room1_mix0472,89,4,0,-35,-2,17.48
fold2_room1_mix0472,90,4,0,-36,-2,17.76
fold2_room1_mix0472,91,4,0,-32,-1,19.30
fold2_room1_mix0472,92,4,0,-30,-1,19.87
fold2_room1_mix0472,93,4,0,-29,-1,20.77
fold2_room1_mix0472,94,4,0,-29,-1,21.43
fold2_room1_mix0472,95,4,0,-29,-1,20.98
fold2_room1_mix0472,96,4,0,-30,-1,20.11
fold2_room1_mix0472,97,4,0,-28,-1,21.96
fold2_room1_mix0472,98,4,0,-30,-1,19.95
fold2_room1_mix0473,37,4,0,-160,-1,7.45
fold2_room1_mix0473,39,4,0,-159,-1,12.11
fold2_room1_mix0473,40,4,0,-156,-1,14.90
fold2_room1_mix0473,41,4,0,-149,-2,15.03
fold2_room1_mix0473,42,4,0,-151,-1,13.92
fold2_room1_mix0473,43,4,0,-144,-2,15.05
fold2_room1_mix0473,44,4,0,-144,-2,13.48
fold2_room1_mix0473,45,4,0,-142,-2,12.87
fold2_room1_mix0473,46,4,0,-135,-2,12.03
fold2_room1_mix0473,46,4,0,-26,0,22.55
fold2_room1_mix0473,47,4,0,-134,-2,11.73
fold2_room1_mix0473,47,4,0,-32,-1,19.04
fold2_room1_mix0473,48,4,0,-129,-2,11.77
fold2_room1_mix0473,48,4,0,-47,-1,18.54
fold2_room1_mix0473,49,4,0,-124,-2,10.64
fold2_room1_mix0473,49,4,0,-18,0,22.80
fold2_room1_mix0473,50,4,0,-123,-2,10.54
fold2_room1_mix0473,50,4,0,-20,0,22.13
fold2_room1_mix0473,51,4,0,-133,-2,11.40
fold2_room1_mix0473,51,4,0,-107,-2,10.12
fold2_room1_mix0473,51,4,0,-5,0,21.57
fold2_room1_mix0473,52,4,0,-127,-2,10.65
fold2_room1_mix0473,52,4,0,-96,-2,9.69
fold2_room1_mix0473,52,4,0,-7,0,19.99
fold2_room1_mix0473,53,4,0,-135,-2,11.60
fold2_room1_mix0473,53,4,0,-89,-3,9.22
fold2_room1_mix0473,53,4,0,0,0,20.15
fold2_room1_mix0473,54,4,0,-136,-2,11.77
fold2_room1_mix0473,54,4,0,-81,-4,8.79
fold2_room1_mix0473,54,4,0,-2,-1,19.21
fold2_room1_mix0473,55,4,0,-145,-2,13.28
fold2_room1_mix0473,55,4,0,-73,-3,9.37
fold2_room1_mix0473,55,4,0,1,-1,18.70
fold2_room1_mix0473,56,4,0,-151,-2,12.93
fold2_room1_mix0473,56,4,0,-68,-4,8.48
fold2_room1_mix0473,56,4,0,2,-2,16.07
fold2_room1_mix0473,57,4,0,-152,-2,12.41
fold2_room1_mix0473,57,4,0,-64,-4,8.82
fold2_room1_mix0473,57,4,0,4,-2,16.32
fold2_room1_mix0473,58,4,0,-156,-2,13.77
fold2_room1_mix0473,58,4,0,-59,-4,9.67
fold2_room1_mix0473,58,4,0,0,-3,16.90
fold2_room1_mix0473,59,4,0,-159,-2,14.28
fold2_room1_mix0473,59,4,0,-60,-3,10.77
fold2_room1_mix0473,59,4,0,1,-2,16.81
fold2_room1_mix0473,60,4,0,-160,-2,13.56
fold2_room1_mix0473,60,4,0,-59,-4,10.85
fold2_room1_mix0473,60,4,0,-1,-3,15.83
fold2_room1_mix0473,61,4,0,-166,-2,13.35
fold2_room1_mix0473,61,4,0,-50,-3,11.26
fold2_room1_mix0473,61,4,0,3,-2,14.72
fold2_room1_mix0473,62,4,0,-163,-2,14.53
fold2_room1_mix0473,62,4,0,-61,-4,12.08
fold2_room1_mix0473,62,4,0,3,-2,15.08
fold2_room1_mix0473,63,4,0,-170,-3,11.83
fold2_room1_mix0473,63,4,0,-73,-4,11.48
fold2_room1_mix0473,63,4,0,6,-2,13.89
fold2_room1_mix0473,64,4,0,-174,-4,10.79
fold2_room1_mix0473,64,4,0,-76,-4,11.56
fold2_room1_mix0473,64,4,0,10,-4,11.85
fold2_room1_mix0473,65,4,0,-179,-3,10.76
fold2_room1_mix0473,65,4,0,-104,-4,11.09
fold2_room1_mix0473,65,4,0,12,-4,11.14
fold2_room1_mix0473,66,4,0,178,-2,12.41
fold2_room1_mix0473,66,4,0,-113,-3,11.87
fold2_room1_mix0473,66,4,0,16,-5,10.22
fold2_room1_mix0473,67,4,0,-163,-3,11.14
fold2_room1_mix0473,67,4,0,-94,-4,11.40
fold2_room1_mix0473,67,4,0,22,-6,8.66
fold2_room1_mix0473,68,4,0,-153,-3,10.08
fold2_room1_mix0473,68,4,0,16,-7,8.63
fold2_room1_mix0473,69,4,0,-154,-3,10.03
fold2_room1_mix0473,69,4,0,21,-7,8.33
fold2_room1_mix0473,70,4,0,-163,-4,9.42
fold2_room1_mix0473,70,4,0,-113,-4,11.57
fold2_room1_mix0473,70,4,0,32,-8,6.33
fold2_room1_mix0473,71,4,0,-148,-3,7.57
fold2_room1_mix0473,71,4,0,30,-7,6.82
fold2_room1_mix0473,72,4,0,-147,-3,7.88
fold2_room1_mix0473,72,4,0,36,-8,6.05
fold2_room1_mix0473,73,4,0,-145,-5,6.05
fold2_room1_mix0473,73,4,0,119,-14,6.57
fold2_room1_mix0473,73,4,0,40,-10,5.02
fold2_room1_mix0473,74,4,0,-140,-6,5.63
fold2_room1_mix0473,74,4,0,47,-9,5.07
fold2_room1_mix0473,75,4,0,-131,-8,4.19
fold2_room1_mix0473,75,4,0,65,-10,3.91
fold2_room1_mix0473,76,4,0,-121,-10,3.57
fold2_room1_mix0473,76,4,0,121,-13,5.91
fold2_room1_mix0473,76,4,0,81,-12,3.99
fold2_room1_mix0473,77,4,0,-109,-12,3.21
fold2_room1_mix0473,77,4,0,99,-8,5.87
fold2_room1_mix0473,78,4,0,-138,-15,5.71
fold2_room1_mix0473,78,4,0,-88,-9,4.80
fold2_room1_mix0473,78,4,0,89,-13,4.99
fold2_room1_mix0473,79,4,0,131,-6,6.48
fold2_room1_mix0473,79,4,0,-75,-9,4.90
fold2_room1_mix0473,79,4,0,-56,-13,4.01
fold2_room1_mix0473,80,4,0,148,-6,6.53
fold2_room1_mix0473,80,4,0,-68,-8,5.74
fold2_room1_mix0473,80,4,0,-38,-10,4.25
fold2_room1_mix0473,81,4,0,147,-6,6.58
fold2_room1_mix0473,81,4,0,-61,-6,6.22
fold2_room1_mix0473,81,4,0,-12,-11,4.62
fold2_room1_mix0473,82,4,0,144,-5,8.03
fold2_room1_mix0473,82,4,0,-53,-5,7.95
fold2_room1_mix0473,82,4,0,-10,-9,5.73
fold2_room1_mix0473,83,4,0,146,-4,8.37
fold2_room1_mix0473,83,4,0,-48,-5,8.44
fold2_room1_mix0473,83,4,0,-23,-7,6.21
fold2_room1_mix0473,84,4,0,146,-4,8.03
fold2_room1_mix0473,84,4,0,-41,-4,8.74
fold2_room1_mix0473,84,4,0,-15,-6,6.62
fold2_room1_mix0473,85,4,0,151,-3,10.10
fold2_room1_mix0473,85,4,0,-32,-4,10.20
fold2_room1_mix0473,85,4,0,-14,-5,7.38
fold2_room1_mix0473,86,4,0,151,-3,9.76
fold2_room1_mix0473,86,4,0,-26,-4,9.31
fold2_room1_mix0473,86,4,0,-9,-4,8.28
fold2_room1_mix0473,87,4,0,156,-2,10.66
fold2_room1_mix0473,87,4,0,-23,-4,10.29
fold2_room1_mix0473,87,4,0,-8,-4,9.19
fold2_room1_mix0473,88,4,0,156,-2,10.93
fold2_room1_mix0473,88,4,0,-24,-4,11.57
fold2_room1_mix0473,88,4,0,-8,-3,10.29
fold2_room1_mix0473,89,4,0,162,-2,12.63
fold2_room1_mix0473,89,4,0,-14,-3,11.82
fold2_room1_mix0473,90,4,0,159,-2,12.37
fold2_room1_mix0473,90,4,0,-14,-3,12.51
fold2_room1_mix0473,91,4,0,163,-2,12.18
fold2_room1_mix0473,91,4,0,-16,-2,13.01
fold2_room1_mix0473,92,4,0,163,-2,13.58
fold2_room1_mix0473,92,4,0,-13,-2,14.27
fold2_room1_mix0473,93,4,0,165,-2,15.00
fold2_room1_mix0473,93,4,0,-11,-2,15.42
fold2_room1_mix0473,94,4,0,165,-1,16.62
fold2_room1_mix0473,94,4,0,-10,-2,16.84
fold2_room1_mix0473,95,4,0,168,-2,17.83
fold2_room1_mix0473,95,4,0,-9,-2,17.12
fold2_room1_mix0473,96,4,0,171,-2,18.30
fold2_room1_mix0473,96,4,0,-8,-2,17.54
fold2_room1_mix0473,97,4,0,171,-1,19.00
fold2_room1_mix0473,97,4,0,-9,-2,17.80
fold2_room1_mix0473,98,4,0,175,-2,19.38
fold2_room1_mix0473,98,4,0,-7,-2,17.86
fold2_room1_mix0473,99,4,0,175,-1,19.71
fold2_room1_mix0473,99,4,0,-6,-2,18.18
fold2_room1_mix0474,4,2,0,-86,-2,10.32
fold2_room1_mix0474,5,2,0,-80,-3,6.69
fold2_room1_mix0474,11,2,0,-87,-3,10.09
fold2_room1_mix0474,12,2,0,-83,-2,11.09
fold2_room1_mix0474,13,2,0,-84,-1,12.44
fold2_room1_mix0474,14,2,0,-83,-1,12.44
fold2_room1_mix0474,15,2,0,-81,-1,13.39
fold2_room1_mix0474,16,2,0,-80,-1,8.75
fold2_room1_mix0474,21,2,0,-79,-1,12.39
fold2_room1_mix0474,22,2,0,-79,-1,13.56
fold2_room1_mix0474,23,2,0,-80,0,14.36
fold2_room1_mix0474,24,2,0,-78,-1,13.95
fold2_room1_mix0474,25,2,0,-79,-1,13.19
fold2_room1_mix0474,26,2,0,-80,-1,12.74
fold2_room1_mix0474,32,2,0,-81,-1,11.39
fold2_room1_mix0474,33,2,0,-77,-1,13.13
fold2_room1_mix0474,34,2,0,-82,-1,13.42
fold2_room1_mix0474,35,2,0,-77,-1,13.92
fold2_room1_mix0474,36,2,0,-78,0,14.75
fold2_room1_mix0474,37,2,0,-79,-1,10.49
fold2_room1_mix0474,42,2,0,-79,-1,11.66
fold2_room1_mix0474,43,2,0,-77,-1,14.45
fold2_room1_mix0474,44,2,0,-78,-1,14.92
fold2_room1_mix0474,45,2,0,-76,-1,15.11
fold2_room1_mix0474,46,2,0,-75,-1,15.69
fold2_room1_mix0474,46,4,0,-1,0,7.71
fold2_room1_mix0474,47,2,0,-75,0,15.30
fold2_room1_mix0474,50,4,0,-6,0,9.19
fold2_room1_mix0474,51,4,0,-1,0,10.52
fold2_room1_mix0474,52,4,0,-5,0,13.12
fold2_room1_mix0474,53,2,0,-79,-1,13.05
fold2_room1_mix0474,53,4,0,-2,0,17.05
fold2_room1_mix0474,54,2,0,-80,-1,14.40
fold2_room1_mix0474,54,4,0,-1,0,18.96
fold2_room1_mix0474,55,2,0,-76,0,15.55
fold2_room1_mix0474,55,4,0,-1,0,20.80
fold2_room1_mix0474,56,2,0,-76,0,15.53
fold2_room1_mix0474,56,4,0,-2,-1,19.57
fold2_room1_mix0474,57,2,0,-79,0,16.11
fold2_room1_mix0474,57,4,0,-2,-1,18.53
fold2_room1_mix0474,58,2,0,-78,-1,12.33
fold2_room1_mix0474,58,4,0,0,-1,19.84
fold2_room1_mix0474,59,4,0,0,-1,18.49
fold2_room1_mix0474,60,4,0,-3,-1,19.43
fold2_room1_mix0474,61,4,0,-1,-1,17.70
fold2_room1_mix0474,62,4,0,-2,-1,18.94
fold2_room1_mix0474,63,4,0,-3,-1,18.00
fold2_room1_mix0474,64,4,0,-4,-1,17.22
fold2_room1_mix0474,65,4,0,-2,-1,16.68
fold2_room1_mix0474,66,4,0,-3,-1,16.12
fold2_room1_mix0474,67,4,0,-2,-1,14.80
fold2_room1_mix0474,68,4,0,-3,-1,14.56
fold2_room1_mix0474,69,4,0,-4,-2,13.16
fold2_room1_mix0474,70,4,0,-7,-2,12.19
fold2_room1_mix0474,71,4,0,-6,-2,11.62
fold2_room1_mix0474,72,4,0,-7,-3,10.48
fold2_room1_mix0474,73,4,0,-10,-3,9.59
fold2_room1_mix0474,74,4,0,-8,-3,9.23
fold2_room1_mix0474,75,4,0,-12,-4,8.12
fold2_room1_mix0474,76,4,0,-12,-4,7.64
fold2_room1_mix0474,77,4,0,-15,-5,6.59
fold2_room1_mix0474,78,4,0,-17,-6,5.46
fold2_room1_mix0474,79,4,0,-21,-7,4.78
fold2_room1_mix0474,80,4,0,-24,-8,3.89
fold2_room1_mix0474,81,4,0,-28,-10,3.36
fold2_room1_mix0474,82,4,0,-38,-12,2.77
fold2_room1_mix0474,83,4,0,-51,-17,2.19
fold2_room1_mix0474,84,4,0,-74,-20,2.07
fold2_room1_mix0474,85,4,0,-103,-20,1.93
fold2_room1_mix0474,86,4,0,-123,-15,1.91
fold2_room1_mix0474,87,4,0,-138,-12,2.44
fold2_room1_mix0474,88,4,0,-149,-9,3.28
fold2_room1_mix0474,89,4,0,-150,-8,3.87
fold2_room1_mix0474,90,4,0,-155,-7,4.68
fold2_room1_mix0474,91,4,0,-159,-6,5.44
fold2_room1_mix0474,92,4,0,-161,-5,6.19
fold2_room1_mix0474,93,4,0,-164,-4,6.79
fold2_room1_mix0474,94,4,0,-163,-4,7.68
fold2_room1_mix0474,95,4,0,-165,-3,8.70
fold2_room1_mix0474,96,4,0,-167,-3,9.98
fold2_room1_mix0474,97,4,0,-167,-2,10.89
fold2_room1_mix0474,98,4,0,-168,-2,11.61
fold2_room1_mix0474,99,4,0,-170,-2,12.39
fold2_room1_mix0475,44,2,0,127,-6,5.49
fold2_room1_mix0475,45,2,0,130,-7,3.84
fold2_room1_mix0475,50,2,0,116,-5,5.97
fold2_room1_mix0475,51,2,0,108,-7,4.71
fold2_room1_mix0475,52,2,0,113,-7,4.32
fold2_room1_mix0475,53,2,0,108,-8,3.93
fold2_room1_mix0475,54,1,0,140,-2,12.72
fold2_room1_mix0475,54,2,0,110,-8,3.65
fold2_room1_mix0475,55,2,0,114,-7,4.16
fold2_room1_mix0475,56,1,0,133,-2,26.75
fold2_room1_mix0475,57,1,0,126,-3,17.29
fold2_room1_mix0475,58,1,0,129,-2,18.81
fold2_room1_mix0475,59,1,0,129,-2,20.69
fold2_room1_mix0475,60,2,0,100,-7,4.93
fold2_room1_mix0475,61,1,0,122,-2,17.27
fold2_room1_mix0475,61,2,0,101,-8,4.84
fold2_room1_mix0475,62,1,0,116,-3,14.71
fold2_room1_mix0475,62,2,0,97,-7,5.51
fold2_room1_mix0475,63,1,0,113,-2,15.27
fold2_room1_mix0475,63,2,0,95,-7,5.72
fold2_room1_mix0475,64,1,0,111,-2,16.05
fold2_room1_mix0475,64,2,0,96,-8,5.39
fold2_room1_mix0475,65,2,0,97,-7,5.33
fold2_room1_mix0475,66,1,0,99,-3,13.59
fold2_room1_mix0475,67,1,0,96,-3,14.07
fold2_room1_mix0475,68,1,0,94,-3,13.25
fold2_room1_mix0475,69,1,0,90,-3,14.89
fold2_room1_mix0475,70,2,0,100,-6,5.48
fold2_room1_mix0475,71,1,0,76,-3,14.32
fold2_room1_mix0475,71,2,0,95,-6,6.71
fold2_room1_mix0475,72,1,0,74,-3,15.87
fold2_room1_mix0475,72,2,0,93,-7,5.77
fold2_room1_mix0475,73,1,0,71,-3,16.00
fold2_room1_mix0475,73,2,0,92,-7,5.94
fold2_room1_mix0475,74,1,0,63,-3,15.12
fold2_room1_mix0475,74,2,0,91,-7,6.04
fold2_room1_mix0475,75,2,0,93,-6,5.89
fold2_room1_mix0475,76,1,0,52,-3,16.50
fold2_room1_mix0475,77,1,0,56,-3,18.82
fold2_room1_mix0475,78,1,0,55,-2,17.31
fold2_room1_mix0475,79,1,0,49,-3,17.46
fold2_room1_mix0475,80,2,0,86,-6,6.44
fold2_room1_mix0475,81,1,0,46,-3,14.65
fold2_room1_mix0475,82,1,0,48,-2,17.81
fold2_room1_mix0475,83,1,0,44,-2,17.16
fold2_room1_mix0475,84,1,0,42,-2,20.89
fold2_room1_mix0475,84,2,0,89,-6,3.78
fold2_room1_mix0475,86,1,0,46,-3,12.39
fold2_room1_mix0475,87,1,0,37,-2,19.92
fold2_room1_mix0476,43,3,0,80,-3,10.48
fold2_room1_mix0476,44,3,0,72,-3,13.92
fold2_room1_mix0476,45,3,0,71,-3,10.88
fold2_room1_mix0476,46,3,0,77,-4,9.62
fold2_room1_mix0476,47,3,0,80,-3,10.19
fold2_room1_mix0476,48,3,0,76,-4,10.03
fold2_room1_mix0476,49,3,0,79,-4,9.64
fold2_room1_mix0476,50,3,0,86,-4,8.78
fold2_room1_mix0476,57,3,0,99,-4,9.58
fold2_room1_mix0476,58,3,0,93,-4,10.70
fold2_room1_mix0476,59,3,0,92,-4,11.20
fold2_room1_mix0476,60,3,0,95,-4,10.61
fold2_room1_mix0476,61,3,0,96,-4,9.92
fold2_room1_mix0476,62,3,0,93,-4,10.28
fold2_room1_mix0476,62,4,0,7,-3,4.31
fold2_room1_mix0476,63,3,0,95,-4,10.95
fold2_room1_mix0476,63,4,0,2,-5,5.27
fold2_room1_mix0476,64,3,0,98,-4,9.47
fold2_room1_mix0476,64,4,0,4,-5,9.36
fold2_room1_mix0476,65,4,0,4,-3,7.16
fold2_room1_mix0476,66,4,0,4,-4,9.49
fold2_room1_mix0476,67,4,0,5,-3,8.88
fold2_room1_mix0476,68,4,0,7,-4,8.95
fold2_room1_mix0476,69,4,0,8,-4,7.75
fold2_room1_mix0476,70,4,0,9,-5,6.52
fold2_room1_mix0476,71,3,0,111,-5,5.56
fold2_room1_mix0476,71,4,0,11,-4,7.05
fold2_room1_mix0476,72,3,0,121,-4,10.52
fold2_room1_mix0476,72,4,0,12,-5,6.64
fold2_room1_mix0476,73,3,0,124,-4,11.86
fold2_room1_mix0476,73,4,0,7,-6,6.35
fold2_room1_mix0476,74,3,0,119,-4,11.56
fold2_room1_mix0476,74,4,0,10,-7,4.82
fold2_room1_mix0476,75,3,0,121,-4,9.77
fold2_room1_mix0476,75,4,0,14,-7,4.34
fold2_room1_mix0476,76,3,0,131,-4,10.57
fold2_room1_mix0476,76,4,0,16,-9,3.30
fold2_room1_mix0476,77,3,0,131,-4,9.52
fold2_room1_mix0476,77,4,0,25,-12,2.31
fold2_room1_mix0476,78,4,0,54,-16,1.28
fold2_room1_mix0476,79,4,0,89,-23,1.20
fold2_room1_mix0476,80,4,0,136,-17,1.40
fold2_room1_mix0476,81,4,0,153,-10,1.99
fold2_room1_mix0476,82,4,0,161,-8,2.46
fold2_room1_mix0476,83,4,0,158,-7,3.35
fold2_room1_mix0476,84,4,0,164,-5,3.69
fold2_room1_mix0476,85,4,0,166,-4,4.48
fold2_room1_mix0476,86,4,0,169,-3,5.38
fold2_room1_mix0476,87,4,0,172,-3,5.98
fold2_room1_mix0476,88,4,0,171,-3,6.76
fold2_room1_mix0476,89,4,0,172,-3,7.69
fold2_room1_mix0476,90,4,0,172,-2,8.29
fold2_room1_mix0476,91,4,0,173,-2,9.09
fold2_room1_mix0476,92,4,0,174,-2,9.56
fold2_room1_mix0476,93,4,0,174,-2,10.92
fold2_room1_mix0476,94,4,0,174,-1,11.10
fold2_room1_mix0476,95,4,0,175,-1,11.73
fold2_room1_mix0476,96,4,0,173,-1,10.03
fold2_room1_mix0476,97,4,0,174,-1,12.04
fold2_room1_mix0476,98,4,0,174,0,5.15
fold2_room1_mix0476,99,4,0,174,0,5.60
fold2_room1_mix0477,4,4,0,179,0,2.97
fold2_room1_mix0477,5,4,0,176,0,15.62
fold2_room1_mix0477,6,4,0,177,0,17.52
fold2_room1_mix0477,7,4,0,177,0,21.11
fold2_room1_mix0477,8,4,0,177,0,26.34
fold2_room1_mix0477,9,4,0,178,0,35.38
fold2_room1_mix0477,10,4,0,177,0,35.19
fold2_room1_mix0477,11,4,0,177,0,35.47
fold2_room1_mix0477,12,4,0,176,0,36.49
fold2_room1_mix0477,13,4,0,177,0,37.01
fold2_room1_mix0477,14,4,0,176,0,36.64
fold2_room1_mix0477,15,4,0,176,0,38.65
fold2_room1_mix0477,16,4,0,176,0,38.41
fold2_room1_mix0477,17,4,0,176,0,37.98
fold2_room1_mix0477,18,4,0,174,0,40.07
fold2_room1_mix0477,19,4,0,176,0,38.18
fold2_room1_mix0477,20,4,0,175,0,39.01
fold2_room1_mix0477,21,4,0,175,0,38.58
fold2_room1_mix0477,22,4,0,176,0,38.07
fold2_room1_mix0477,23,4,0,176,0,38.05
fold2_room1_mix0477,24,4,0,176,0,38.43
fold2_room1_mix0477,25,4,0,177,0,39.23
fold2_room1_mix0477,26,4,0,177,0,39.58
fold2_room1_mix0477,27,4,0,177,0,39.58
fold2_room1_mix0477,28,4,0,177,0,39.05
fold2_room1_mix0477,29,4,0,177,0,38.79
fold2_room1_mix0477,30,4,0,176,0,39.12
fold2_room1_mix0477,31,4,0,176,0,38.26
fold2_room1_mix0477,32,4,0,176,0,38.06
fold2_room1_mix0477,33,4,0,177,0,37.90
fold2_room1_mix0477,34,4,0,177,0,39.00
fold2_room1_mix0477,35,4,0,177,0,37.32
fold2_room1_mix0477,36,4,0,177,0,36.93
fold2_room1_mix0477,37,4,0,177,0,35.35
fold2_room1_mix0477,38,4,0,178,0,34.63
fold2_room1_mix0477,39,4,0,178,0,33.48
fold2_room1_mix0477,40,4,0,179,0,33.24
fold2_room1_mix0477,41,4,0,179,0,33.26
fold2_room1_mix0477,42,4,0,178,0,32.03
fold2_room1_mix0477,43,4,0,178,0,31.74
fold2_room1_mix0477,44,4,0,178,0,31.45
fold2_room1_mix0477,45,4,0,179,0,31.98
fold2_room1_mix0477,46,4,0,178,0,30.95
fold2_room1_mix0477,47,4,0,177,0,30.64
fold2_room1_mix0477,48,4,0,177,0,29.20
fold2_room1_mix0477,49,4,0,177,-1,28.50
fold2_room1_mix0477,50,4,0,176,-1,29.18
fold2_room1_mix0477,51,4,0,176,-1,27.76
fold2_room1_mix0477,52,4,0,175,-1,26.81
fold2_room1_mix0477,53,4,0,176,-1,26.41
fold2_room1_mix0477,54,4,0,176,-1,25.10
fold2_room1_mix0477,55,4,0,175,-1,24.48
fold2_room1_mix0477,56,4,0,176,-1,24.02
fold2_room1_mix0477,57,4,0,176,-1,24.10
fold2_room1_mix0477,58,4,0,176,-1,22.83
fold2_room1_mix0477,59,4,0,175,-1,21.74
fold2_room1_mix0477,60,4,0,175,-1,21.37
fold2_room1_mix0477,61,4,0,176,-1,20.06
fold2_room1_mix0477,62,4,0,176,-1,19.05
fold2_room1_mix0477,63,4,0,176,-1,18.61
fold2_room1_mix0477,64,4,0,176,-1,18.32
fold2_room1_mix0477,65,4,0,176,-2,17.11
fold2_room1_mix0477,66,4,0,175,-2,17.16
fold2_room1_mix0477,67,4,0,175,-1,16.77
fold2_room1_mix0477,68,4,0,175,-2,15.88
fold2_room1_mix0477,69,4,0,175,-2,15.24
fold2_room1_mix0477,70,4,0,175,-2,14.99
fold2_room1_mix0477,71,4,0,173,-2,13.59
fold2_room1_mix0477,72,4,0,173,-2,13.33
fold2_room1_mix0477,73,4,0,172,-2,13.21
fold2_room1_mix0477,74,4,0,171,-2,12.07
fold2_room1_mix0477,75,4,0,171,-3,10.47
fold2_room1_mix0477,76,4,0,170,-3,10.87
fold2_room1_mix0477,77,4,0,170,-3,9.88
fold2_room1_mix0477,78,4,0,169,-4,9.08
fold2_room1_mix0477,79,4,0,166,-4,8.35
fold2_room1_mix0477,80,4,0,166,-5,7.39
fold2_room1_mix0477,81,4,0,164,-5,6.51
fold2_room1_mix0477,82,4,0,163,-5,5.50
fold2_room1_mix0477,83,4,0,162,-6,4.73
fold2_room1_mix0477,84,4,0,158,-7,4.14
fold2_room1_mix0477,85,4,0,153,-8,3.35
fold2_room1_mix0477,86,4,0,146,-9,2.85
fold2_room1_mix0477,87,4,0,132,-11,2.15
fold2_room1_mix0477,88,4,0,104,-15,1.79
fold2_room1_mix0477,89,4,0,74,-13,1.57
fold2_room1_mix0477,90,4,0,50,-9,1.82
fold2_room1_mix0477,91,4,0,37,-7,2.21
fold2_room1_mix0477,92,4,0,26,-6,2.86
fold2_room1_mix0477,93,4,0,23,-5,3.49
fold2_room1_mix0477,94,4,0,20,-4,4.20
fold2_room1_mix0477,95,4,0,16,-4,5.04
fold2_room1_mix0477,96,4,0,15,-4,5.69
fold2_room1_mix0477,97,4,0,12,-3,6.44
fold2_room1_mix0477,98,4,0,12,-3,7.43
fold2_room1_mix0477,99,4,0,10,-3,7.69
fold2_room1_mix0478,14,3,0,-30,-3,4.01
fold2_room1_mix0478,18,3,0,-40,-3,9.29
fold2_room1_mix0478,19,3,0,-35,-2,16.99
fold2_room1_mix0478,20,3,0,-35,-2,12.82
fold2_room1_mix0478,21,3,0,-32,-2,12.83
fold2_room1_mix0478,22,3,0,-31,-2,9.66
fold2_room1_mix0478,23,3,0,-25,-2,11.41
fold2_room1_mix0478,24,3,0,-28,-2,11.98
fold2_room1_mix0478,25,3,0,-36,-2,11.25
fold2_room1_mix0478,28,3,0,-10,-2,8.14
fold2_room1_mix0478,29,0,0,146,-2,4.23
fold2_room1_mix0478,30,0,0,148,-2,4.83
fold2_room1_mix0478,31,0,0,149,-2,5.04
fold2_room1_mix0478,32,0,0,145,-2,8.39
fold2_room1_mix0478,33,0,0,136,-2,6.51
fold2_room1_mix0478,34,0,0,131,-2,10.29
fold2_room1_mix0478,35,0,0,123,-2,8.88
fold2_room1_mix0478,36,0,0,122,-2,11.41
fold2_room1_mix0478,37,0,0,113,-3,7.62
fold2_room1_mix0478,38,0,0,109,-3,7.78
fold2_room1_mix0478,38,3,0,-96,-6,10.74
fold2_room1_mix0478,39,0,0,106,-3,7.35
fold2_room1_mix0478,39,3,0,-125,-7,11.23
fold2_room1_mix0478,40,0,0,107,-3,7.67
fold2_room1_mix0478,40,3,0,-109,-7,9.41
fold2_room1_mix0478,41,0,0,104,-3,8.71
fold2_room1_mix0478,41,3,0,-111,-5,9.99
fold2_room1_mix0478,42,0,0,99,-3,9.03
fold2_room1_mix0478,42,3,0,-109,-6,7.80
fold2_room1_mix0478,43,0,0,98,-3,9.02
fold2_room1_mix0478,43,3,0,-110,-6,8.31
fold2_room1_mix0478,44,0,0,97,-3,10.80
fold2_room1_mix0478,44,3,0,-117,-6,7.75
fold2_room1_mix0478,45,0,0,94,-3,9.96
fold2_room1_mix0478,45,3,0,-117,-6,7.66
fold2_room1_mix0478,46,0,0,93,-3,10.65
fold2_room1_mix0478,46,3,0,-123,-7,9.65
fold2_room1_mix0478,47,0,0,90,-3,10.96
fold2_room1_mix0478,47,3,0,-122,-5,9.02
fold2_room1_mix0478,48,0,0,84,-3,11.84
fold2_room1_mix0478,48,3,0,-129,-5,8.03
fold2_room1_mix0478,49,0,0,80,-3,12.24
fold2_room1_mix0478,49,3,0,-126,-5,7.41
fold2_room1_mix0478,50,0,0,72,-3,12.56
fold2_room1_mix0478,50,3,0,-128,-5,6.35
fold2_room1_mix0478,51,0,0,68,-2,13.93
fold2_room1_mix0478,51,3,0,-121,-4,7.39
fold2_room1_mix0478,52,0,0,66,-2,15.09
fold2_room1_mix0478,53,0,0,59,-2,15.23
fold2_room1_mix0478,54,0,0,56,-2,16.04
fold2_room1_mix0478,55,0,0,60,-2,18.08
fold2_room1_mix0478,55,3,0,-140,-5,9.69
fold2_room1_mix0478,56,0,0,53,-2,17.18
fold2_room1_mix0478,56,3,0,-141,-4,10.05
fold2_room1_mix0478,57,0,0,48,-2,16.84
fold2_room1_mix0478,57,3,0,-143,-4,10.26
fold2_room1_mix0478,58,0,0,49,-2,16.94
fold2_room1_mix0478,58,3,0,-148,-4,8.10
fold2_room1_mix0478,59,0,0,47,-2,17.07
fold2_room1_mix0478,59,3,0,-146,-4,9.32
fold2_room1_mix0478,60,0,0,39,-1,16.53
fold2_room1_mix0478,60,3,0,-154,-4,12.52
fold2_room1_mix0478,61,0,0,39,-1,16.35
fold2_room1_mix0478,61,3,0,-151,-4,9.05
fold2_room1_mix0478,62,0,0,39,-1,19.57
fold2_room1_mix0478,62,3,0,-149,-4,8.37
fold2_room1_mix0478,63,0,0,36,-1,19.58
fold2_room1_mix0478,64,0,0,34,-1,20.92
fold2_room1_mix0478,65,0,0,34,-1,22.78
fold2_room1_mix0478,66,0,0,35,-1,22.86
fold2_room1_mix0478,67,0,0,35,-1,23.90
fold2_room1_mix0478,68,0,0,34,-1,24.71
fold2_room1_mix0478,69,0,0,31,-1,27.92
fold2_room1_mix0478,70,0,0,31,-1,27.34
fold2_room1_mix0478,71,0,0,30,-1,28.30
fold2_room1_mix0478,72,0,0,27,-1,30.65
fold2_room1_mix0478,73,0,0,28,-1,28.77
fold2_room1_mix0478,74,0,0,27,-1,30.36
fold2_room1_mix0478,75,0,0,26,-1,31.48
fold2_room1_mix0478,76,0,0,27,-1,32.21
fold2_room1_mix0478,77,0,0,26,-1,29.90
fold2_room1_mix0478,78,0,0,27,-1,31.70
fold2_room1_mix0478,79,0,0,25,-1,32.64
fold2_room1_mix0478,80,0,0,27,-1,31.73
fold2_room1_mix0478,81,0,0,21,0,5.66
fold2_room1_mix0479,4,4,0,-177,0,4.22
fold2_room1_mix0479,5,4,0,-173,-1,15.14
fold2_room1_mix0479,6,4,0,-175,-1,13.94
fold2_room1_mix0479,7,4,0,-173,0,19.72
fold2_room1_mix0479,8,4,0,-173,-1,30.91
fold2_room1_mix0479,9,4,0,-173,-1,35.06
fold2_room1_mix0479,10,4,0,-171,-1,35.06
fold2_room1_mix0479,11,4,0,-169,0,37.64
fold2_room1_mix0479,12,4,0,-169,0,38.05
fold2_room1_mix0479,13,4,0,-167,0,37.58
fold2_room1_mix0479,14,4,0,-169,0,39.76
fold2_room1_mix0479,15,4,0,-170,0,39.82
fold2_room1_mix0479,16,4,0,-167,0,39.67
fold2_room1_mix0479,17,4,0,-168,0,38.99
fold2_room1_mix0479,18,4,0,-166,-1,39.81
fold2_room1_mix0479,19,4,0,-166,0,39.44
fold2_room1_mix0479,20,4,0,-168,0,39.02
fold2_room1_mix0479,21,4,0,-167,0,40.71
fold2_room1_mix0479,22,4,0,-167,0,39.15
fold2_room1_mix0479,23,4,0,-168,0,39.01
fold2_room1_mix0479,24,4,0,-164,0,38.79
fold2_room1_mix0479,25,4,0,-164,0,36.99
fold2_room1_mix0479,26,4,0,-163,0,36.08
fold2_room1_mix0479,27,4,0,-163,0,37.79
fold2_room1_mix0479,28,4,0,-162,0,35.65
fold2_room1_mix0479,29,4,0,-163,0,33.34
fold2_room1_mix0479,30,4,0,-159,0,31.76
fold2_room1_mix0479,31,4,0,-159,0,30.57
fold2_room1_mix0479,32,4,0,-158,0,31.06
fold2_room1_mix0479,33,4,0,-158,0,29.43
fold2_room1_mix0479,34,4,0,-158,0,27.88
fold2_room1_mix0479,35,4,0,-159,0,28.15
fold2_room1_mix0479,36,4,0,-158,0,27.05
fold2_room1_mix0479,37,4,0,-158,0,26.08
fold2_room1_mix0479,38,4,0,-158,0,25.27
fold2_room1_mix0479,39,4,0,-157,0,24.63
fold2_room1_mix0479,40,4,0,-156,0,23.58
fold2_room1_mix0479,41,4,0,-157,0,22.42
fold2_room1_mix0479,42,4,0,-154,-1,21.59
fold2_room1_mix0479,43,4,0,-154,-1,21.19
fold2_room1_mix0479,44,4,0,-151,-1,19.36
fold2_room1_mix0479,45,4,0,-149,-1,18.83
fold2_room1_mix0479,46,4,0,-149,-1,19.32
fold2_room1_mix0479,47,4,0,-145,-1,17.56
fold2_room1_mix0479,48,4,0,-144,-1,17.05
fold2_room1_mix0479,49,4,0,-141,-1,15.56
fold2_room1_mix0479,50,4,0,-138,-1,15.43
fold2_room1_mix0479,51,4,0,-136,-2,14.42
fold2_room1_mix0479,52,4,0,-134,-2,14.06
fold2_room1_mix0479,53,4,0,-130,-2,13.55
fold2_room1_mix0479,54,4,0,-128,-2,12.17
fold2_room1_mix0479,55,4,0,-124,-2,11.93
fold2_room1_mix0479,56,4,0,-123,-2,12.26
fold2_room1_mix0479,57,4,0,-119,-3,11.33
fold2_room1_mix0479,58,4,0,-116,-3,11.05
fold2_room1_mix0479,59,4,0,-111,-3,11.11
fold2_room1_mix0479,60,4,0,-105,-3,10.54
fold2_room1_mix0479,61,4,0,-98,-3,10.25
fold2_room1_mix0479,62,4,0,-94,-3,10.21
fold2_room1_mix0479,63,4,0,-90,-4,9.99
fold2_room1_mix0479,64,4,0,-85,-3,10.34
fold2_room1_mix0479,65,4,0,-78,-3,10.40
fold2_room1_mix0479,66,4,0,-73,-3,10.84
fold2_room1_mix0479,67,4,0,-69,-3,11.01
fold2_room1_mix0479,68,4,0,-66,-3,11.32
fold2_room1_mix0479,69,4,0,-62,-3,11.97
fold2_room1_mix0479,70,4,0,-59,-3,11.89
fold2_room1_mix0479,71,4,0,-56,-3,12.60
fold2_room1_mix0479,72,4,0,-52,-3,13.44
fold2_room1_mix0479,73,4,0,-49,-3,13.60
fold2_room1_mix0479,74,4,0,-47,-2,13.49
fold2_room1_mix0479,75,4,0,-43,-2,15.38
fold2_room1_mix0479,76,4,0,-41,-2,14.89
fold2_room1_mix0479,77,4,0,-40,-2,15.81
fold2_room1_mix0479,78,4,0,-37,-2,17.05
fold2_room1_mix0479,79,4,0,-35,-2,17.29
fold2_room1_mix0479,80,4,0,-35,-2,17.93
fold2_room1_mix0479,81,4,0,-34,-2,18.20
fold2_room1_mix0479,82,4,0,-32,-2,19.10
fold2_room1_mix0479,83,4,0,-30,-2,20.40
fold2_room1_mix0479,84,4,0,-28,-1,20.70
fold2_room1_mix0479,85,4,0,-26,-1,21.95
fold2_room1_mix0479,86,4,0,-25,-1,21.86
fold2_room1_mix0479,87,4,0,-23,-1,22.30
fold2_room1_mix0479,88,4,0,-22,-1,24.49
fold2_room1_mix0479,89,4,0,-22,-1,23.63
fold2_room1_mix0479,90,4,0,-22,-1,23.74
fold2_room1_mix0479,91,4,0,-21,-1,27.03
fold2_room1_mix0479,92,4,0,-20,-1,24.30
fold2_room1_mix0479,93,4,0,-19,-1,25.05
fold2_room1_mix0479,94,4,0,-19,-1,26.67
fold2_room1_mix0479,95,4,0,-18,-1,27.60
fold2_room1_mix0479,96,4,0,-16,-1,29.15
fold2_room1_mix0479,97,4,0,-17,-1,29.36
fold2_room1_mix0479,98,4,0,-16,-1,31.82
fold2_room1_mix0479,99,4,0,-15,-1,32.04
fold2_room1_mix0480,57,4,0,-167,-3,16.41
fold2_room1_mix0480,57,4,0,-14,-1,17.69
fold2_room1_mix0480,59,4,0,-169,-3,15.55
fold2_room1_mix0480,59,4,0,-12,-2,16.15
fold2_room1_mix0480,60,4,0,-173,-3,17.23
fold2_room1_mix0480,60,4,0,-11,-2,17.02
fold2_room1_mix0480,61,4,0,-174,-2,17.04
fold2_room1_mix0480,61,4,0,-12,-2,15.57
fold2_room1_mix0480,62,4,0,-172,-2,16.40
fold2_room1_mix0480,62,4,0,-14,-2,14.67
fold2_room1_mix0480,63,4,0,-171,-2,17.22
fold2_room1_mix0480,63,4,0,-14,-2,14.79
fold2_room1_mix0480,64,4,0,-172,-2,16.25
fold2_room1_mix0480,64,4,0,-16,-3,13.37
fold2_room1_mix0480,65,4,0,-171,-2,14.41
fold2_room1_mix0480,65,4,0,-16,-3,12.09
fold2_room1_mix0480,66,4,0,-173,-2,15.20
fold2_room1_mix0480,66,4,0,-17,-3,11.84
fold2_room1_mix0480,67,4,0,-169,-2,12.45
fold2_room1_mix0480,67,4,0,-23,-3,10.53
fold2_room1_mix0480,68,4,0,-168,-2,11.59
fold2_room1_mix0480,68,4,0,-25,-4,9.55
fold2_room1_mix0480,69,4,0,-163,-2,10.28
fold2_room1_mix0480,69,4,0,-24,-4,7.74
fold2_room1_mix0480,70,4,0,-163,-3,8.39
fold2_room1_mix0480,70,4,0,-27,-4,7.51
fold2_room1_mix0480,71,4,0,-158,-4,7.01
fold2_room1_mix0480,71,4,0,-33,-6,5.91
fold2_room1_mix0480,72,4,0,-157,-5,6.31
fold2_room1_mix0480,72,4,0,-40,-6,5.15
fold2_room1_mix0480,73,4,0,-153,-6,5.57
fold2_room1_mix0480,73,4,0,-40,-8,4.43
fold2_room1_mix0480,74,4,0,-157,-5,5.20
fold2_room1_mix0480,74,4,0,-53,-7,3.93
fold2_room1_mix0480,75,4,0,-151,-7,3.99
fold2_room1_mix0480,75,4,0,-57,-9,3.46
fold2_room1_mix0480,76,4,0,-148,-6,4.08
fold2_room1_mix0480,76,4,0,-77,-9,3.19
fold2_room1_mix0480,77,4,0,-142,-8,4.14
fold2_room1_mix0480,77,4,0,-89,-11,2.77
fold2_room1_mix0480,78,4,0,-127,-10,3.85
fold2_room1_mix0480,78,4,0,-82,-14,2.83
fold2_room1_mix0480,79,4,0,-134,-9,4.15
fold2_room1_mix0480,79,4,0,-58,-10,3.27
fold2_room1_mix0480,80,4,0,-140,-7,3.80
fold2_room1_mix0480,80,4,0,-47,-8,3.50
fold2_room1_mix0480,81,4,0,-142,-5,4.63
fold2_room1_mix0480,81,4,0,-36,-7,3.83
fold2_room1_mix0480,82,4,0,-145,-5,4.81
fold2_room1_mix0480,82,4,0,-34,-6,4.48
fold2_room1_mix0480,83,4,0,-146,-4,6.22
fold2_room1_mix0480,83,4,0,-28,-6,4.58
fold2_room1_mix0480,84,4,0,-149,-3,6.75
fold2_room1_mix0480,84,4,0,-26,-5,5.46
fold2_room1_mix0480,85,4,0,-155,-2,7.71
fold2_room1_mix0480,85,4,0,-22,-4,6.50
fold2_room1_mix0480,86,4,0,-157,-2,8.87
fold2_room1_mix0480,86,4,0,-20,-4,7.21
fold2_room1_mix0480,87,4,0,-158,-2,9.66
fold2_room1_mix0480,87,4,0,-18,-3,8.36
fold2_room1_mix0480,88,4,0,-160,-2,10.30
fold2_room1_mix0480,88,4,0,-18,-3,9.18
fold2_room1_mix0480,89,4,0,-159,-2,11.99
fold2_room1_mix0480,89,4,0,-16,-3,10.13
fold2_room1_mix0480,90,4,0,-163,-2,12.06
fold2_room1_mix0480,90,4,0,-14,-3,11.18
fold2_room1_mix0480,91,4,0,-161,-2,12.75
fold2_room1_mix0480,91,4,0,-13,-3,12.20
fold2_room1_mix0480,92,4,0,-166,-2,13.69
fold2_room1_mix0480,92,4,0,-12,-2,13.72
fold2_room1_mix0480,93,4,0,-164,-1,13.81
fold2_room1_mix0480,93,4,0,-11,-2,14.20
fold2_room1_mix0480,94,4,0,-166,-2,15.75
fold2_room1_mix0480,94,4,0,-10,-2,16.31
fold2_room1_mix0480,95,4,0,-164,-2,15.61
fold2_room1_mix0480,95,4,0,-10,-2,15.96
fold2_room1_mix0480,96,4,0,-164,-1,14.57
fold2_room1_mix0480,96,4,0,-10,-1,14.84
fold2_room1_mix0480,56,4,0,-9,-1,16.80
fold2_room1_mix0480,58,4,0,-10,-1,18.13
fold2_room1_mix0480,97,4,0,-11,-1,14.18
fold2_room1_mix0480,55,4,0,-18,-1,11.09
fold2_room1_mix0481,25,4,0,-178,0,6.48
fold2_room1_mix0481,28,4,0,-178,0,6.01
fold2_room1_mix0481,29,4,0,-176,0,15.72
fold2_room1_mix0481,30,4,0,-176,0,16.73
fold2_room1_mix0481,31,4,0,-177,0,6.16
fold2_room1_mix0481,32,4,0,179,0,16.83
fold2_room1_mix0481,33,4,0,-174,0,13.45
fold2_room1_mix0481,34,4,0,-175,0,10.34
fold2_room1_mix0481,35,4,0,-175,0,25.32
fold2_room1_mix0481,36,4,0,-174,0,24.57
fold2_room1_mix0481,37,4,0,-172,0,26.77
fold2_room1_mix0481,38,4,0,-175,0,25.80
fold2_room1_mix0481,39,4,0,-174,0,25.60
fold2_room1_mix0481,40,4,0,-175,0,24.99
fold2_room1_mix0481,41,4,0,-173,0,25.92
fold2_room1_mix0481,42,4,0,-173,0,24.04
fold2_room1_mix0481,43,4,0,-172,0,23.60
fold2_room1_mix0481,44,4,0,-171,0,23.46
fold2_room1_mix0481,45,4,0,-171,0,22.22
fold2_room1_mix0481,46,4,0,-170,0,22.34
fold2_room1_mix0481,47,4,0,-170,0,22.53
fold2_room1_mix0481,48,4,0,-169,0,21.14
fold2_room1_mix0481,49,4,0,-167,0,19.84
fold2_room1_mix0481,50,4,0,-168,0,19.32
fold2_room1_mix0481,51,4,0,-168,0,19.60
fold2_room1_mix0481,52,4,0,-168,0,18.98
fold2_room1_mix0481,53,4,0,-168,0,18.48
fold2_room1_mix0481,54,4,0,-166,-1,17.28
fold2_room1_mix0481,55,4,0,-166,-1,17.52
fold2_room1_mix0481,56,4,0,-164,-1,16.84
fold2_room1_mix0481,57,4,0,-164,-1,15.73
fold2_room1_mix0481,58,4,0,-162,-1,15.35
fold2_room1_mix0481,59,4,0,-163,-1,15.26
fold2_room1_mix0481,60,4,0,-161,-1,14.19
fold2_room1_mix0481,61,4,0,-161,-2,13.05
fold2_room1_mix0481,62,4,0,-160,-2,12.43
fold2_room1_mix0481,63,4,0,-159,-2,12.21
fold2_room1_mix0481,64,4,0,-157,-2,11.00
fold2_room1_mix0481,65,4,0,-154,-3,9.96
fold2_room1_mix0481,66,4,0,-152,-2,10.25
fold2_room1_mix0481,67,4,0,-151,-3,8.85
fold2_room1_mix0481,68,4,0,-148,-3,8.29
fold2_room1_mix0481,69,4,0,-146,-3,7.97
fold2_room1_mix0481,70,4,0,-142,-4,7.00
fold2_room1_mix0481,71,4,0,-140,-4,6.62
fold2_room1_mix0481,72,4,0,-135,-5,6.46
fold2_room1_mix0481,73,4,0,-132,-4,5.47
fold2_room1_mix0481,74,4,0,-126,-6,4.86
fold2_room1_mix0481,75,4,0,-119,-5,4.71
fold2_room1_mix0481,76,4,0,-108,-6,4.78
fold2_room1_mix0481,77,4,0,-96,-6,4.44
fold2_room1_mix0481,78,4,0,-87,-6,4.45
fold2_room1_mix0481,79,4,0,-78,-6,4.73
fold2_room1_mix0481,80,4,0,-70,-5,4.56
fold2_room1_mix0481,81,4,0,-59,-5,5.07
fold2_room1_mix0481,82,4,0,-53,-5,5.66
fold2_room1_mix0481,83,4,0,-48,-4,6.19
fold2_room1_mix0481,84,4,0,-42,-4,6.48
fold2_room1_mix0481,85,4,0,-38,-3,6.90
fold2_room1_mix0481,86,4,0,-33,-3,7.22
fold2_room1_mix0481,87,4,0,-30,-3,8.05
fold2_room1_mix0481,88,4,0,-28,-3,8.54
fold2_room1_mix0481,89,4,0,-24,-3,9.55
fold2_room1_mix0481,90,4,0,-23,-3,9.92
fold2_room1_mix0481,91,4,0,-21,-2,10.76
fold2_room1_mix0481,92,4,0,-18,-2,11.88
fold2_room1_mix0481,93,4,0,-17,-2,12.38
fold2_room1_mix0481,94,4,0,-17,-2,12.75
fold2_room1_mix0481,95,4,0,-16,-2,14.90
fold2_room1_mix0481,96,4,0,-16,-2,14.62
fold2_room1_mix0481,97,4,0,-13,-2,16.23
fold2_room1_mix0481,98,4,0,-13,-2,17.32
fold2_room1_mix0481,99,4,0,-12,-1,17.87
fold2_room1_mix0482,25,4,0,169,0,13.82
fold2_room1_mix0482,25,4,0,1,-1,12.28
fold2_room1_mix0482,29,4,0,2,-2,18.99
fold2_room1_mix0482,30,4,0,171,-1,24.23
fold2_room1_mix0482,30,4,0,3,-1,21.40
fold2_room1_mix0482,35,4,0,167,-3,23.01
fold2_room1_mix0482,35,4,0,5,-2,18.12
fold2_room1_mix0482,36,4,0,6,-3,17.51
fold2_room1_mix0482,37,4,0,164,-3,21.74
fold2_room1_mix0482,37,4,0,6,-3,16.14
fold2_room1_mix0482,41,4,0,167,-3,19.24
fold2_room1_mix0482,41,4,0,6,-4,14.28
fold2_room1_mix0482,42,4,0,171,-2,19.17
fold2_room1_mix0482,42,4,0,8,-4,13.31
fold2_room1_mix0482,43,4,0,173,-1,20.66
fold2_room1_mix0482,43,4,0,9,-4,12.46
fold2_room1_mix0482,44,4,0,170,-1,21.01
fold2_room1_mix0482,44,4,0,10,-4,11.62
fold2_room1_mix0482,45,4,0,173,-1,20.30
fold2_room1_mix0482,45,4,0,11,-4,10.25
fold2_room1_mix0482,46,4,0,171,-1,19.68
fold2_room1_mix0482,46,4,0,11,-5,9.28
fold2_room1_mix0482,47,4,0,172,-1,19.46
fold2_room1_mix0482,47,4,0,14,-5,8.71
fold2_room1_mix0482,48,4,0,174,-1,17.99
fold2_room1_mix0482,48,4,0,16,-6,7.19
fold2_room1_mix0482,49,4,0,171,-1,17.92
fold2_room1_mix0482,49,4,0,15,-6,6.43
fold2_room1_mix0482,50,4,0,173,-1,16.82
fold2_room1_mix0482,50,4,0,18,-7,5.67
fold2_room1_mix0482,51,4,0,175,-2,18.62
fold2_room1_mix0482,51,4,0,29,-9,3.89
fold2_room1_mix0482,51,4,0,11,-7,6.09
fold2_room1_mix0482,52,4,0,171,-2,17.33
fold2_room1_mix0482,52,4,0,25,-8,4.87
fold2_room1_mix0482,53,4,0,171,-2,17.77
fold2_room1_mix0482,53,4,0,46,-10,3.26
fold2_room1_mix0482,53,4,0,18,-9,5.28
fold2_room1_mix0482,54,4,0,173,-2,16.89
fold2_room1_mix0482,54,4,0,59,-14,2.36
fold2_room1_mix0482,54,4,0,20,-10,5.06
fold2_room1_mix0482,55,4,0,171,-3,12.64
fold2_room1_mix0482,55,4,0,102,-15,2.47
fold2_room1_mix0482,55,4,0,22,-11,4.47
fold2_room1_mix0482,56,4,0,164,-5,9.34
fold2_room1_mix0482,56,4,0,64,-14,3.06
fold2_room1_mix0482,56,4,0,19,-10,4.61
fold2_room1_mix0482,57,4,0,168,-4,9.77
fold2_room1_mix0482,57,4,0,138,-12,3.04
fold2_room1_mix0482,57,4,0,72,-27,2.68
fold2_room1_mix0482,58,4,0,167,-5,7.80
fold2_room1_mix0482,58,4,0,149,-11,3.49
fold2_room1_mix0482,58,4,0,134,-22,2.75
fold2_room1_mix0482,59,4,0,159,-10,5.47
fold2_room1_mix0482,60,4,0,159,-8,5.83
fold2_room1_mix0482,61,4,0,159,-8,5.29
fold2_room1_mix0482,61,4,0,138,-8,6.67
fold2_room1_mix0482,62,4,0,157,-9,5.31
fold2_room1_mix0482,63,4,0,164,-7,6.11
fold2_room1_mix0482,63,4,0,102,-17,2.69
fold2_room1_mix0482,64,4,0,163,-6,7.20
fold2_room1_mix0482,64,4,0,110,-16,2.53
fold2_room1_mix0482,65,4,0,170,-6,6.43
fold2_room1_mix0482,65,4,0,70,-17,2.41
fold2_room1_mix0482,66,4,0,172,-4,7.26
fold2_room1_mix0482,66,4,0,47,-11,2.69
fold2_room1_mix0482,67,4,0,172,-4,7.23
fold2_room1_mix0482,67,4,0,38,-10,2.72
fold2_room1_mix0482,68,4,0,175,-3,8.43
fold2_room1_mix0482,68,4,0,36,-8,3.66
fold2_room1_mix0482,69,4,0,177,-2,9.22
fold2_room1_mix0482,69,4,0,32,-7,4.03
fold2_room1_mix0482,70,4,0,176,-2,10.49
fold2_room1_mix0482,70,4,0,28,-6,4.52
fold2_room1_mix0482,71,4,0,176,-2,11.08
fold2_room1_mix0482,71,4,0,22,-5,5.86
fold2_room1_mix0482,72,4,0,176,-2,12.10
fold2_room1_mix0482,72,4,0,22,-4,7.09
fold2_room1_mix0482,73,4,0,174,-2,11.74
fold2_room1_mix0482,73,4,0,23,-4,7.83
fold2_room1_mix0482,74,4,0,174,-1,13.67
fold2_room1_mix0482,74,4,0,157,-6,10.04
fold2_room1_mix0482,74,4,0,23,-2,10.21
fold2_room1_mix0482,75,4,0,175,-2,13.84
fold2_room1_mix0482,75,4,0,18,-3,9.45
fold2_room1_mix0482,76,4,0,174,-2,13.98
fold2_room1_mix0482,76,4,0,22,-2,11.92
fold2_room1_mix0482,77,4,0,168,-2,13.62
fold2_room1_mix0482,77,4,0,21,-2,12.44
fold2_room1_mix0482,78,4,0,176,-2,14.51
fold2_room1_mix0482,78,4,0,17,-2,12.00
fold2_room1_mix0482,79,4,0,174,-2,15.02
fold2_room1_mix0482,79,4,0,17,-2,13.33
fold2_room1_mix0482,80,4,0,176,-2,15.20
fold2_room1_mix0482,80,4,0,21,-2,14.96
fold2_room1_mix0482,81,4,0,175,-2,17.76
fold2_room1_mix0482,81,4,0,17,-2,16.33
fold2_room1_mix0482,82,4,0,176,-2,17.72
fold2_room1_mix0482,82,4,0,17,-2,17.10
fold2_room1_mix0482,83,4,0,176,-2,18.88
fold2_room1_mix0482,83,4,0,13,-1,18.86
fold2_room1_mix0482,84,4,0,177,-1,19.47
fold2_room1_mix0482,84,4,0,16,-1,20.02
fold2_room1_mix0482,85,4,0,176,-1,19.34
fold2_room1_mix0482,85,4,0,14,-1,19.77
fold2_room1_mix0482,86,4,0,178,-1,18.51
fold2_room1_mix0482,86,4,0,13,0,19.10
fold2_room1_mix0482,87,4,0,174,-1,16.71
fold2_room1_mix0482,87,4,0,12,0,18.75
fold2_room1_mix0482,88,4,0,175,-1,19.21
fold2_room1_mix0482,88,4,0,12,0,20.54
fold2_room1_mix0482,89,4,0,174,0,5.14
fold2_room1_mix0482,89,4,0,16,0,5.93
fold2_room1_mix0482,90,4,0,174,0,2.99
fold2_room1_mix0482,26,4,0,2,0,4.43
fold2_room1_mix0482,27,4,0,1,-1,18.36
fold2_room1_mix0482,28,4,0,2,-1,17.13
fold2_room1_mix0482,31,4,0,2,-2,19.94
fold2_room1_mix0482,32,4,0,2,-2,21.06
fold2_room1_mix0482,33,4,0,4,-1,21.71
fold2_room1_mix0482,34,4,0,6,-2,20.02
fold2_room1_mix0482,38,4,0,4,-3,18.28
fold2_room1_mix0482,39,4,0,8,-3,16.63
fold2_room1_mix0482,40,4,0,6,-3,15.89
fold2_room1_mix0483,4,4,0,178,0,21.61
fold2_room1_mix0483,4,4,0,3,-1,15.82
fold2_room1_mix0483,5,4,0,177,0,24.31
fold2_room1_mix0483,5,4,0,3,0,17.13
fold2_room1_mix0483,6,4,0,178,0,27.19
fold2_room1_mix0483,6,4,0,4,-1,19.83
fold2_room1_mix0483,7,4,0,176,0,42.56
fold2_room1_mix0483,7,4,0,6,-1,30.90
fold2_room1_mix0483,8,4,0,177,0,40.89
fold2_room1_mix0483,8,4,0,5,-1,31.95
fold2_room1_mix0483,9,4,0,178,0,43.07
fold2_room1_mix0483,9,4,0,5,-1,31.65
fold2_room1_mix0483,10,4,0,176,0,38.28
fold2_room1_mix0483,10,4,0,6,-1,31.25
fold2_room1_mix0483,11,4,0,175,0,42.68
fold2_room1_mix0483,11,4,0,6,-1,30.89
fold2_room1_mix0483,12,4,0,177,0,40.68
fold2_room1_mix0483,12,4,0,5,-1,28.68
fold2_room1_mix0483,13,4,0,178,0,37.89
fold2_room1_mix0483,13,4,0,5,-1,30.20
fold2_room1_mix0483,14,4,0,177,0,40.65
fold2_room1_mix0483,14,4,0,5,-1,29.46
fold2_room1_mix0483,15,4,0,177,0,37.63
fold2_room1_mix0483,15,4,0,6,-1,28.98
fold2_room1_mix0483,16,4,0,177,0,34.21
fold2_room1_mix0483,16,4,0,4,-1,26.67
fold2_room1_mix0483,17,4,0,177,0,36.60
fold2_room1_mix0483,17,4,0,4,-1,26.40
fold2_room1_mix0483,18,4,0,177,0,36.61
fold2_room1_mix0483,18,4,0,4,-1,26.92
fold2_room1_mix0483,19,4,0,175,0,32.04
fold2_room1_mix0483,19,4,0,5,-1,26.29
fold2_room1_mix0483,20,4,0,177,0,34.51
fold2_room1_mix0483,20,4,0,6,-1,28.16
fold2_room1_mix0483,21,4,0,177,-1,30.32
fold2_room1_mix0483,21,4,0,5,-1,26.23
fold2_room1_mix0483,22,4,0,178,-1,28.65
fold2_room1_mix0483,22,4,0,5,-1,25.77
fold2_room1_mix0483,23,4,0,175,-1,27.21
fold2_room1_mix0483,23,4,0,6,-1,24.67
fold2_room1_mix0483,24,4,0,177,-1,26.66
fold2_room1_mix0483,24,4,0,5,-1,24.80
fold2_room1_mix0483,25,4,0,176,-2,26.11
fold2_room1_mix0483,25,4,0,5,-1,25.09
fold2_room1_mix0483,26,4,0,175,-2,25.12
fold2_room1_mix0483,26,4,0,5,-1,25.13
fold2_room1_mix0483,27,4,0,175,-1,25.10
fold2_room1_mix0483,27,4,0,6,-1,24.40
fold2_room1_mix0483,28,4,0,175,-1,25.03
fold2_room1_mix0483,28,4,0,5,-1,23.78
fold2_room1_mix0483,29,4,0,173,-1,23.76
fold2_room1_mix0483,29,4,0,6,-1,23.08
fold2_room1_mix0483,30,4,0,172,-1,24.23
fold2_room1_mix0483,30,4,0,5,-1,23.72
fold2_room1_mix0483,31,4,0,175,-1,21.85
fold2_room1_mix0483,31,4,0,4,-1,21.55
fold2_room1_mix0483,32,4,0,174,-1,22.24
fold2_room1_mix0483,32,4,0,5,-1,21.70
fold2_room1_mix0483,33,4,0,173,-1,21.21
fold2_room1_mix0483,33,4,0,5,-1,20.57
fold2_room1_mix0483,34,4,0,173,-1,21.01
fold2_room1_mix0483,34,4,0,5,-1,20.30
fold2_room1_mix0483,35,4,0,174,-1,19.20
fold2_room1_mix0483,35,4,0,5,-1,19.03
fold2_room1_mix0483,36,4,0,173,-1,19.01
fold2_room1_mix0483,36,4,0,6,-2,18.35
fold2_room1_mix0483,37,4,0,174,-1,17.87
fold2_room1_mix0483,37,4,0,8,-2,17.38
fold2_room1_mix0483,38,4,0,171,-1,16.35
fold2_room1_mix0483,38,4,0,8,-2,17.02
fold2_room1_mix0483,39,4,0,170,-1,15.96
fold2_room1_mix0483,39,4,0,8,-2,16.29
fold2_room1_mix0483,40,4,0,169,-2,14.90
fold2_room1_mix0483,40,4,0,7,-2,15.60
fold2_room1_mix0483,41,4,0,166,-2,15.38
fold2_room1_mix0483,41,4,0,8,-2,16.31
fold2_room1_mix0483,42,4,0,167,-2,14.39
fold2_room1_mix0483,42,4,0,8,-2,15.48
fold2_room1_mix0483,43,4,0,166,-2,13.73
fold2_room1_mix0483,43,4,0,8,-2,14.26
fold2_room1_mix0483,44,4,0,165,-2,13.56
fold2_room1_mix0483,44,4,0,6,-2,15.25
fold2_room1_mix0483,45,4,0,165,-3,11.25
fold2_room1_mix0483,45,4,0,7,-3,13.15
fold2_room1_mix0483,46,4,0,165,-3,10.76
fold2_room1_mix0483,46,4,0,7,-3,13.27
fold2_room1_mix0483,47,4,0,164,-4,9.51
fold2_room1_mix0483,47,4,0,6,-3,11.88
fold2_room1_mix0483,48,4,0,166,-4,9.28
fold2_room1_mix0483,48,4,0,6,-3,11.93
fold2_room1_mix0483,49,4,0,164,-4,8.45
fold2_room1_mix0483,49,4,0,8,-3,11.18
fold2_room1_mix0483,50,4,0,166,-4,7.97
fold2_room1_mix0483,50,4,0,9,-3,11.04
fold2_room1_mix0483,51,4,0,165,-5,6.98
fold2_room1_mix0483,51,4,0,9,-4,10.41
fold2_room1_mix0483,52,4,0,163,-6,6.46
fold2_room1_mix0483,52,4,0,12,-4,9.74
fold2_room1_mix0483,53,4,0,161,-6,5.77
fold2_room1_mix0483,53,4,0,12,-4,8.79
fold2_room1_mix0483,54,4,0,155,-7,5.05
fold2_room1_mix0483,54,4,0,12,-5,8.19
fold2_room1_mix0483,55,4,0,150,-8,4.31
fold2_room1_mix0483,55,4,0,10,-4,7.79
fold2_room1_mix0483,56,4,0,140,-11,3.64
fold2_room1_mix0483,56,4,0,13,-5,7.07
fold2_room1_mix0483,57,4,0,115,-14,2.83
fold2_room1_mix0483,57,4,0,16,-5,6.35
fold2_room1_mix0483,58,4,0,92,-16,2.86
fold2_room1_mix0483,58,4,0,12,-6,6.51
fold2_room1_mix0483,59,4,0,73,-13,3.23
fold2_room1_mix0483,59,4,0,10,-6,6.34
fold2_room1_mix0483,60,4,0,59,-10,3.98
fold2_room1_mix0483,60,4,0,10,-6,6.40
fold2_room1_mix0483,61,4,0,55,-9,4.51
fold2_room1_mix0483,61,4,0,14,-6,5.53
fold2_room1_mix0483,62,4,0,57,-8,5.72
fold2_room1_mix0483,62,4,0,16,-6,5.89
fold2_room1_mix0483,63,4,0,41,-8,5.01
fold2_room1_mix0483,63,4,0,16,-6,5.91
fold2_room1_mix0483,64,4,0,44,-9,4.90
fold2_room1_mix0483,64,4,0,16,-6,5.85
fold2_room1_mix0483,65,4,0,43,-10,4.47
fold2_room1_mix0483,65,4,0,15,-5,6.18
fold2_room1_mix0483,66,4,0,42,-13,3.90
fold2_room1_mix0483,66,4,0,17,-5,6.20
fold2_room1_mix0483,67,4,0,53,-17,2.77
fold2_room1_mix0483,67,4,0,14,-4,7.14
fold2_room1_mix0483,68,4,0,51,-20,2.22
fold2_room1_mix0483,68,4,0,15,-4,7.85
fold2_room1_mix0483,69,4,0,56,-23,1.86
fold2_room1_mix0483,69,4,0,17,-5,8.33
fold2_room1_mix0483,70,4,0,70,-26,1.64
fold2_room1_mix0483,70,4,0,36,-12,5.38
fold2_room1_mix0483,70,4,0,16,-4,9.43
fold2_room1_mix0483,71,4,0,76,-21,2.29
fold2_room1_mix0483,71,4,0,16,-3,11.30
fold2_room1_mix0483,72,4,0,97,-22,1.97
fold2_room1_mix0483,72,4,0,20,-4,11.44
fold2_room1_mix0483,73,4,0,117,-19,2.42
fold2_room1_mix0483,73,4,0,14,-3,12.87
fold2_room1_mix0483,74,4,0,132,-16,2.83
fold2_room1_mix0483,74,4,0,11,-3,14.08
fold2_room1_mix0483,75,4,0,141,-13,2.65
fold2_room1_mix0483,75,4,0,21,-4,12.97
fold2_room1_mix0483,76,4,0,147,-12,3.20
fold2_room1_mix0483,76,4,0,19,-3,14.10
fold2_room1_mix0483,77,4,0,150,-9,3.81
fold2_room1_mix0483,77,4,0,32,-5,13.73
fold2_room1_mix0483,78,4,0,153,-8,4.05
fold2_room1_mix0483,78,4,0,24,-3,14.43
fold2_room1_mix0483,79,4,0,156,-8,4.29
fold2_room1_mix0483,79,4,0,33,-4,13.14
fold2_room1_mix0483,80,4,0,158,-6,4.81
fold2_room1_mix0483,80,4,0,44,-5,12.57
fold2_room1_mix0483,81,4,0,155,-6,5.08
fold2_room1_mix0483,81,4,0,20,-1,16.99
fold2_room1_mix0483,82,4,0,159,-6,5.99
fold2_room1_mix0483,82,4,0,20,-2,17.08
fold2_room1_mix0483,83,4,0,162,-5,6.54
fold2_room1_mix0483,83,4,0,11,-1,19.52
fold2_room1_mix0483,84,4,0,162,-4,7.10
fold2_room1_mix0483,84,4,0,14,-1,21.53
fold2_room1_mix0483,85,4,0,164,-5,7.62
fold2_room1_mix0483,85,4,0,12,-1,21.46
fold2_room1_mix0483,86,4,0,164,-4,7.82
fold2_room1_mix0483,86,4,0,13,-1,22.83
fold2_room1_mix0483,87,4,0,166,-4,8.46
fold2_room1_mix0483,87,4,0,13,0,23.61
fold2_room1_mix0483,88,4,0,165,-4,8.97
fold2_room1_mix0483,88,4,0,14,0,23.68
fold2_room1_mix0483,89,4,0,165,-3,9.10
fold2_room1_mix0483,89,4,0,16,0,23.57
fold2_room1_mix0483,90,4,0,165,-3,9.91
fold2_room1_mix0483,90,4,0,16,0,22.58
fold2_room1_mix0483,91,4,0,166,-3,10.19
fold2_room1_mix0483,91,4,0,12,0,24.85
fold2_room1_mix0483,92,4,0,166,-3,9.93
fold2_room1_mix0483,92,4,0,17,0,23.11
fold2_room1_mix0483,93,4,0,167,-3,11.10
fold2_room1_mix0483,93,4,0,16,0,27.40
fold2_room1_mix0483,94,4,0,167,-3,11.93
fold2_room1_mix0483,94,4,0,18,0,29.03
fold2_room1_mix0483,95,4,0,168,-3,11.76
fold2_room1_mix0483,95,4,0,15,0,30.76
fold2_room1_mix0483,96,4,0,169,-3,12.29
fold2_room1_mix0483,96,4,0,16,0,30.03
fold2_room1_mix0483,97,4,0,170,-2,14.04
fold2_room1_mix0483,97,4,0,15,0,36.64
fold2_room1_mix0483,98,4,0,171,-2,14.17
fold2_room1_mix0483,98,4,0,18,0,30.21
fold2_room1_mix0483,99,4,0,172,-2,14.14
fold2_room1_mix0483,99,4,0,13,0,33.74
fold2_room1_mix0483,3,4,0,0,1,4.67
fold2_room1_mix0484,0,5,0,-89,1,9.85
fold2_room1_mix0484,1,5,0,-68,3,14.90
fold2_room1_mix0484,2,5,0,-78,3,16.64
fold2_room1_mix0484,3,5,0,-65,2,16.00
fold2_room1_mix0484,4,5,0,-75,1,9.11
fold2_room1_mix0484,5,5,0,-76,3,15.86
fold2_room1_mix0484,6,5,0,-70,2,18.75
fold2_room1_mix0484,7,5,0,-67,2,17.86
fold2_room1_mix0484,8,5,0,-69,3,15.68
fold2_room1_mix0484,9,5,0,-68,2,18.66
fold2_room1_mix0484,10,5,0,-70,3,16.90
fold2_room1_mix0484,11,5,0,-62,2,19.17
fold2_room1_mix0484,12,5,0,-64,3,17.03
fold2_room1_mix0484,13,5,0,-68,2,18.21
fold2_room1_mix0484,14,5,0,-64,2,18.12
fold2_room1_mix0484,15,5,0,-71,4,12.88
fold2_room1_mix0484,16,5,0,-76,3,15.97
fold2_room1_mix0484,17,5,0,-72,3,16.88
fold2_room1_mix0484,18,5,0,-67,3,16.53
fold2_room1_mix0484,19,5,0,-70,2,17.86
fold2_room1_mix0484,20,5,0,-80,3,14.72
fold2_room1_mix0484,21,5,0,-75,3,15.15
fold2_room1_mix0484,22,5,0,-70,2,16.56
fold2_room1_mix0484,23,5,0,-70,3,14.05
fold2_room1_mix0484,24,5,0,-79,3,14.36
fold2_room1_mix0484,25,5,0,-75,2,17.18
fold2_room1_mix0484,26,5,0,-74,3,15.71
fold2_room1_mix0484,27,5,0,-73,2,16.11
fold2_room1_mix0484,28,5,0,-83,3,16.23
fold2_room1_mix0484,29,5,0,-76,2,15.50
fold2_room1_mix0484,30,5,0,-73,2,16.88
fold2_room1_mix0484,31,5,0,-74,3,15.23
fold2_room1_mix0484,32,5,0,-80,3,15.38
fold2_room1_mix0484,33,5,0,-78,2,17.07
fold2_room1_mix0484,34,5,0,-77,3,14.77
fold2_room1_mix0484,35,5,0,-77,2,16.53
fold2_room1_mix0484,36,5,0,-81,3,15.48
fold2_room1_mix0484,37,5,0,-78,3,14.62
fold2_room1_mix0484,38,5,0,-76,2,16.96
fold2_room1_mix0484,39,5,0,-78,3,15.65
fold2_room1_mix0484,40,5,0,-81,3,14.39
fold2_room1_mix0484,41,5,0,-78,3,16.83
fold2_room1_mix0484,42,5,0,-74,3,15.91
fold2_room1_mix0484,43,5,0,-75,3,16.20
fold2_room1_mix0484,44,5,0,-73,3,15.72
fold2_room1_mix0484,45,5,0,-76,2,15.98
fold2_room1_mix0484,46,5,0,-72,2,16.09
fold2_room1_mix0484,47,5,0,-74,3,16.07
fold2_room1_mix0484,48,5,0,-75,3,15.00
fold2_room1_mix0484,49,5,0,-73,2,16.92
fold2_room1_mix0484,50,5,0,-74,3,16.20
fold2_room1_mix0484,51,5,0,-73,2,16.96
fold2_room1_mix0484,52,5,0,-77,3,16.51
fold2_room1_mix0484,53,5,0,-71,3,15.97
fold2_room1_mix0484,54,5,0,-74,3,15.88
fold2_room1_mix0484,55,5,0,-73,3,16.42
fold2_room1_mix0484,56,5,0,-77,3,15.16
fold2_room1_mix0484,57,5,0,-72,2,17.04
fold2_room1_mix0484,58,5,0,-71,2,16.23
fold2_room1_mix0484,59,5,0,-71,3,15.72
fold2_room1_mix0484,60,5,0,-76,3,14.54
fold2_room1_mix0484,61,5,0,-71,2,16.95
fold2_room1_mix0484,62,5,0,-71,2,16.55
fold2_room1_mix0484,63,5,0,-73,3,15.44
fold2_room1_mix0484,64,5,0,-67,2,17.27
fold2_room1_mix0484,65,5,0,-74,3,16.02
fold2_room1_mix0484,66,5,0,-66,3,16.86
fold2_room1_mix0484,67,4,0,-8,0,9.23
fold2_room1_mix0484,67,5,0,-66,2,16.38
fold2_room1_mix0484,68,4,0,-8,-1,14.28
fold2_room1_mix0484,68,5,0,-68,3,17.09
fold2_room1_mix0484,69,4,0,-4,-1,15.73
fold2_room1_mix0484,69,5,0,-64,3,17.01
fold2_room1_mix0484,70,4,0,-7,-2,15.61
fold2_room1_mix0484,70,5,0,-66,3,15.66
fold2_room1_mix0484,71,4,0,-5,-2,14.79
fold2_room1_mix0484,71,5,0,-72,3,16.33
fold2_room1_mix0484,72,4,0,-8,-3,14.85
fold2_room1_mix0484,72,5,0,-70,3,15.62
fold2_room1_mix0484,73,4,0,-11,-3,13.44
fold2_room1_mix0484,73,5,0,-71,3,15.74
fold2_room1_mix0484,74,4,0,-8,-3,12.91
fold2_room1_mix0484,74,5,0,-71,3,16.09
fold2_room1_mix0484,75,4,0,-10,-3,12.37
fold2_room1_mix0484,75,5,0,-73,3,16.56
fold2_room1_mix0484,76,4,0,-11,-3,11.41
fold2_room1_mix0484,76,5,0,-70,3,16.38
fold2_room1_mix0484,77,4,0,-15,-4,10.45
fold2_room1_mix0484,77,5,0,-71,3,17.21
fold2_room1_mix0484,78,4,0,-14,-3,9.76
fold2_room1_mix0484,78,5,0,-69,3,16.98
fold2_room1_mix0484,79,4,0,-19,-4,8.93
fold2_room1_mix0484,79,5,0,-70,3,15.88
fold2_room1_mix0484,80,4,0,-20,-4,7.80
fold2_room1_mix0484,80,5,0,-70,3,16.72
fold2_room1_mix0484,81,4,0,-24,-5,6.71
fold2_room1_mix0484,81,5,0,-70,3,17.12
fold2_room1_mix0484,82,4,0,-27,-5,5.77
fold2_room1_mix0484,82,5,0,-65,3,17.24
fold2_room1_mix0484,83,4,0,-31,-6,4.90
fold2_room1_mix0484,83,5,0,-70,3,18.10
fold2_room1_mix0484,84,4,0,-37,-6,4.15
fold2_room1_mix0484,84,5,0,-69,3,16.90
fold2_room1_mix0484,85,4,0,-44,-8,3.43
fold2_room1_mix0484,85,5,0,-69,3,17.41
fold2_room1_mix0484,86,4,0,-55,-10,2.80
fold2_room1_mix0484,86,5,0,-68,3,17.20
fold2_room1_mix0484,87,4,0,-75,-11,2.70
fold2_room1_mix0484,87,5,0,-71,3,16.59
fold2_room1_mix0484,88,4,0,-95,-11,2.64
fold2_room1_mix0484,88,5,0,-67,3,16.60
fold2_room1_mix0484,89,4,0,-112,-9,2.84
fold2_room1_mix0484,89,5,0,-69,3,17.36
fold2_room1_mix0484,90,4,0,-130,-7,3.20
fold2_room1_mix0484,90,5,0,-69,3,17.67
fold2_room1_mix0484,91,4,0,-141,-6,3.90
fold2_room1_mix0484,91,5,0,-68,3,18.58
fold2_room1_mix0484,92,4,0,-147,-5,4.48
fold2_room1_mix0484,92,5,0,-68,3,17.00
fold2_room1_mix0484,93,4,0,-149,-4,5.45
fold2_room1_mix0484,93,5,0,-73,4,17.65
fold2_room1_mix0484,94,4,0,-156,-3,6.41
fold2_room1_mix0484,94,5,0,-67,3,18.01
fold2_room1_mix0484,95,4,0,-157,-3,7.01
fold2_room1_mix0484,95,5,0,-66,4,17.31
fold2_room1_mix0484,96,4,0,-160,-2,7.95
fold2_room1_mix0484,96,5,0,-68,3,18.58
fold2_room1_mix0484,97,4,0,-161,-3,8.68
fold2_room1_mix0484,97,5,0,-67,3,17.51
fold2_room1_mix0484,98,4,0,-163,-2,10.02
fold2_room1_mix0484,98,5,0,-66,4,17.54
fold2_room1_mix0484,99,4,0,-165,-2,10.73
fold2_room1_mix0484,99,5,0,-75,3,17.86
fold2_room1_mix0486,23,3,0,-52,-3,7.80
fold2_room1_mix0486,24,3,0,-53,-3,12.20
fold2_room1_mix0486,25,3,0,-59,-3,11.25
fold2_room1_mix0486,26,3,0,-66,-3,9.81
fold2_room1_mix0486,27,3,0,-60,-3,11.04
fold2_room1_mix0486,28,3,0,-72,-3,10.25
fold2_room1_mix0486,29,3,0,-70,-3,7.38
fold2_room1_mix0486,30,3,0,-65,-2,2.98
fold2_room1_mix0486,36,4,0,175,0,2.77
fold2_room1_mix0486,37,4,0,177,0,3.30
fold2_room1_mix0486,38,3,0,-55,-3,8.24
fold2_room1_mix0486,38,4,0,-178,0,5.76
fold2_room1_mix0486,39,3,0,-66,-4,10.50
fold2_room1_mix0486,39,4,0,175,-1,7.75
fold2_room1_mix0486,40,3,0,-63,-4,11.22
fold2_room1_mix0486,40,4,0,-177,-2,11.03
fold2_room1_mix0486,41,3,0,-70,-4,10.84
fold2_room1_mix0486,41,4,0,-179,-3,11.19
fold2_room1_mix0486,42,3,0,-68,-4,10.17
fold2_room1_mix0486,42,4,0,175,-3,13.93
fold2_room1_mix0486,43,3,0,-61,-3,11.25
fold2_room1_mix0486,43,4,0,176,-2,12.54
fold2_room1_mix0486,44,3,0,-69,-4,12.67
fold2_room1_mix0486,44,4,0,175,-2,13.98
fold2_room1_mix0486,45,3,0,-72,-4,10.95
fold2_room1_mix0486,45,4,0,175,-2,12.50
fold2_room1_mix0486,46,3,0,-73,-3,9.12
fold2_room1_mix0486,46,4,0,168,-2,11.95
fold2_room1_mix0486,47,3,0,-81,-4,7.85
fold2_room1_mix0486,47,4,0,173,-3,12.20
fold2_room1_mix0486,48,3,0,-85,-4,6.97
fold2_room1_mix0486,48,4,0,167,-3,11.33
fold2_room1_mix0486,49,3,0,-90,-4,6.91
fold2_room1_mix0486,49,4,0,171,-3,10.59
fold2_room1_mix0486,50,3,0,-86,-4,6.56
fold2_room1_mix0486,50,4,0,174,-3,10.92
fold2_room1_mix0486,51,3,0,-92,-4,5.71
fold2_room1_mix0486,51,4,0,175,-3,10.30
fold2_room1_mix0486,52,3,0,-101,-4,8.01
fold2_room1_mix0486,52,4,0,171,-3,10.06
fold2_room1_mix0486,53,3,0,-106,-4,5.92
fold2_room1_mix0486,53,4,0,173,-3,8.59
fold2_room1_mix0486,54,4,0,174,-4,8.40
fold2_room1_mix0486,55,4,0,179,-4,7.74
fold2_room1_mix0486,56,4,0,175,-4,6.93
fold2_room1_mix0486,57,3,0,-92,-5,10.71
fold2_room1_mix0486,57,4,0,168,-5,6.29
fold2_room1_mix0486,58,3,0,-103,-5,10.02
fold2_room1_mix0486,58,4,0,167,-5,6.21
fold2_room1_mix0486,59,3,0,-107,-5,8.77
fold2_room1_mix0486,59,4,0,164,-6,5.77
fold2_room1_mix0486,60,3,0,-100,-5,9.18
fold2_room1_mix0486,60,4,0,161,-8,5.02
fold2_room1_mix0486,61,3,0,-106,-5,9.40
fold2_room1_mix0486,61,4,0,153,-9,4.43
fold2_room1_mix0486,62,3,0,-104,-6,9.08
fold2_room1_mix0486,62,4,0,142,-14,3.33
fold2_room1_mix0486,63,3,0,-104,-6,8.68
fold2_room1_mix0486,63,4,0,117,-19,3.01
fold2_room1_mix0486,64,3,0,-102,-5,9.74
fold2_room1_mix0486,64,4,0,78,-21,2.98
fold2_room1_mix0486,65,3,0,-104,-5,9.21
fold2_room1_mix0486,65,4,0,47,-16,3.17
fold2_room1_mix0486,66,3,0,-96,-5,8.71
fold2_room1_mix0486,66,4,0,22,-13,3.07
fold2_room1_mix0486,67,3,0,-103,-4,9.12
fold2_room1_mix0486,67,4,0,17,-12,3.04
fold2_room1_mix0486,68,3,0,-102,-4,9.97
fold2_room1_mix0486,68,4,0,12,-9,3.81
fold2_room1_mix0486,69,3,0,-110,-4,9.86
fold2_room1_mix0486,69,4,0,10,-6,5.13
fold2_room1_mix0486,70,3,0,-95,-4,7.57
fold2_room1_mix0486,70,4,0,7,-5,4.80
fold2_room1_mix0486,71,3,0,-100,-4,8.52
fold2_room1_mix0486,71,4,0,2,-4,5.84
fold2_room1_mix0486,72,3,0,-111,-4,9.80
fold2_room1_mix0486,72,4,0,-168,-4,7.54
fold2_room1_mix0486,72,4,0,0,-3,6.55
fold2_room1_mix0486,73,3,0,-102,-4,5.18
fold2_room1_mix0486,73,4,0,-166,-4,7.78
fold2_room1_mix0486,73,4,0,-1,-4,6.88
fold2_room1_mix0486,75,4,0,-171,-6,7.36
fold2_room1_mix0486,75,4,0,-1,-4,7.33
fold2_room1_mix0486,76,4,0,-175,-5,7.21
fold2_room1_mix0486,76,4,0,-6,-3,7.78
fold2_room1_mix0486,77,4,0,-172,-2,7.15
fold2_room1_mix0486,77,4,0,-17,-2,7.91
fold2_room1_mix0486,77,4,0,-1,-2,8.01
fold2_room1_mix0486,78,4,0,-172,-4,6.63
fold2_room1_mix0486,78,4,0,-2,-4,8.12
fold2_room1_mix0486,79,4,0,-173,-5,6.21
fold2_room1_mix0486,79,4,0,-1,-4,8.16
fold2_room1_mix0486,80,4,0,-178,-5,5.22
fold2_room1_mix0486,80,4,0,-1,-4,7.65
fold2_room1_mix0486,81,4,0,-178,-5,4.83
fold2_room1_mix0486,81,4,0,0,-5,7.91
fold2_room1_mix0486,82,4,0,173,-9,3.71
fold2_room1_mix0486,82,4,0,3,-6,7.40
fold2_room1_mix0486,83,4,0,163,-15,2.48
fold2_room1_mix0486,83,4,0,5,-5,7.95
fold2_room1_mix0486,84,4,0,136,-25,1.39
fold2_room1_mix0486,84,4,0,11,-8,7.03
fold2_room1_mix0486,85,4,0,86,-33,1.11
fold2_room1_mix0486,85,4,0,10,-2,8.85
fold2_room1_mix0486,86,4,0,40,-17,1.60
fold2_room1_mix0486,86,4,0,17,-14,2.02
fold2_room1_mix0486,86,4,0,0,0,7.36
fold2_room1_mix0486,87,4,0,20,-12,2.10
fold2_room1_mix0486,87,4,0,5,0,7.45
fold2_room1_mix0486,88,4,0,8,-6,4.58
fold2_room1_mix0486,89,4,0,7,-6,3.79
fold2_room1_mix0486,90,4,0,3,-5,4.79
fold2_room1_mix0486,91,4,0,3,-5,4.70
fold2_room1_mix0486,92,4,0,0,-4,5.20
fold2_room1_mix0486,93,4,0,-3,-4,5.81
fold2_room1_mix0486,94,4,0,-1,-3,6.72
fold2_room1_mix0486,95,4,0,-2,-4,7.57
fold2_room1_mix0486,96,4,0,-4,-3,8.52
fold2_room1_mix0486,97,4,0,0,-3,8.42
fold2_room1_mix0486,98,4,0,0,-2,8.93
fold2_room1_mix0486,99,4,0,-2,-2,7.45
fold2_room1_mix0486,74,4,0,-6,-3,7.50
fold2_room1_mix0487,31,4,0,-175,1,3.50
fold2_room1_mix0487,32,4,0,-178,0,10.16
fold2_room1_mix0487,33,4,0,-172,0,20.38
fold2_room1_mix0487,34,4,0,-174,0,27.62
fold2_room1_mix0487,35,4,0,-170,0,23.76
fold2_room1_mix0487,36,4,0,-174,0,23.93
fold2_room1_mix0487,37,4,0,-171,-1,25.92
fold2_room1_mix0487,38,4,0,-171,0,27.84
fold2_room1_mix0487,39,4,0,-171,0,27.16
fold2_room1_mix0487,40,4,0,-171,0,27.39
fold2_room1_mix0487,41,4,0,-168,0,27.08
fold2_room1_mix0487,42,4,0,-167,0,27.21
fold2_room1_mix0487,43,4,0,-168,0,25.56
fold2_room1_mix0487,44,4,0,-166,0,24.01
fold2_room1_mix0487,45,4,0,-166,0,23.52
fold2_room1_mix0487,46,4,0,-165,0,23.26
fold2_room1_mix0487,47,4,0,-164,0,21.54
fold2_room1_mix0487,48,4,0,-165,0,20.95
fold2_room1_mix0487,49,4,0,-162,0,21.88
fold2_room1_mix0487,50,4,0,-162,0,21.51
fold2_room1_mix0487,51,4,0,-163,0,21.73
fold2_room1_mix0487,52,4,0,-161,0,20.98
fold2_room1_mix0487,53,4,0,-163,0,20.44
fold2_room1_mix0487,54,4,0,-160,-1,18.61
fold2_room1_mix0487,55,4,0,-160,-1,18.41
fold2_room1_mix0487,56,4,0,-158,-1,16.33
fold2_room1_mix0487,57,4,0,-157,-1,16.59
fold2_room1_mix0487,58,4,0,-156,-2,15.16
fold2_room1_mix0487,59,4,0,-157,-2,14.66
fold2_room1_mix0487,60,4,0,-155,-2,14.28
fold2_room1_mix0487,61,4,0,-156,-2,13.75
fold2_room1_mix0487,62,4,0,-153,-2,13.13
fold2_room1_mix0487,63,4,0,-154,-2,12.30
fold2_room1_mix0487,64,4,0,-151,-2,11.35
fold2_room1_mix0487,65,4,0,-149,-3,11.19
fold2_room1_mix0487,66,4,0,-146,-3,10.55
fold2_room1_mix0487,67,4,0,-144,-3,9.32
fold2_room1_mix0487,68,4,0,-139,-3,9.19
fold2_room1_mix0487,69,4,0,-137,-3,9.16
fold2_room1_mix0487,70,4,0,-133,-4,7.85
fold2_room1_mix0487,71,4,0,-134,-4,7.56
fold2_room1_mix0487,72,4,0,-125,-5,7.38
fold2_room1_mix0487,73,4,0,-122,-5,7.31
fold2_room1_mix0487,74,4,0,-117,-5,6.66
fold2_room1_mix0487,75,4,0,-111,-6,6.50
fold2_room1_mix0487,76,4,0,-103,-7,6.47
fold2_room1_mix0487,77,4,0,-95,-7,6.36
fold2_room1_mix0487,78,4,0,-90,-7,6.56
fold2_room1_mix0487,79,4,0,-84,-7,6.82
fold2_room1_mix0487,80,4,0,-78,-7,6.93
fold2_room1_mix0487,81,4,0,-70,-6,7.11
fold2_room1_mix0487,82,4,0,-64,-6,7.35
fold2_room1_mix0487,83,4,0,-58,-6,7.47
fold2_room1_mix0487,84,4,0,-56,-5,7.54
fold2_room1_mix0487,85,4,0,-50,-5,8.13
fold2_room1_mix0487,86,4,0,-45,-4,8.44
fold2_room1_mix0487,87,4,0,-41,-4,8.55
fold2_room1_mix0487,88,4,0,-39,-4,9.93
fold2_room1_mix0487,89,4,0,-36,-4,10.31
fold2_room1_mix0487,90,4,0,-34,-4,10.89
fold2_room1_mix0487,91,4,0,-31,-3,11.64
fold2_room1_mix0487,92,4,0,-30,-3,12.04
fold2_room1_mix0487,93,4,0,-27,-3,12.77
fold2_room1_mix0487,94,4,0,-25,-3,14.01
fold2_room1_mix0487,95,4,0,-23,-2,14.87
fold2_room1_mix0487,96,4,0,-24,-2,15.46
fold2_room1_mix0487,97,4,0,-22,-2,16.28
fold2_room1_mix0487,98,4,0,-21,-2,17.65
fold2_room1_mix0487,99,4,0,-19,-2,18.58
fold2_room1_mix0488,2,4,0,-179,2,2.86
fold2_room1_mix0488,2,4,0,-4,0,2.24
fold2_room1_mix0488,3,4,0,-177,2,8.01
fold2_room1_mix0488,3,4,0,-3,1,6.64
fold2_room1_mix0488,4,4,0,-175,0,19.35
fold2_room1_mix0488,4,4,0,-1,-1,14.40
fold2_room1_mix0488,5,4,0,-176,1,25.69
fold2_room1_mix0488,5,4,0,0,-1,18.29
fold2_room1_mix0488,6,4,0,-176,0,28.78
fold2_room1_mix0488,6,4,0,-1,0,20.34
fold2_room1_mix0488,7,4,0,-176,0,41.36
fold2_room1_mix0488,7,4,0,0,-1,27.60
fold2_room1_mix0488,8,4,0,-176,0,45.05
fold2_room1_mix0488,8,4,0,0,-1,27.69
fold2_room1_mix0488,9,4,0,-175,0,42.33
fold2_room1_mix0488,9,4,0,0,-1,27.59
fold2_room1_mix0488,10,4,0,-176,0,43.14
fold2_room1_mix0488,10,4,0,0,-1,26.69
fold2_room1_mix0488,11,4,0,-176,0,44.16
fold2_room1_mix0488,11,4,0,0,-1,26.47
fold2_room1_mix0488,12,2,0,-129,-4,7.47
fold2_room1_mix0488,12,4,0,-176,1,42.30
fold2_room1_mix0488,12,4,0,1,-1,27.36
fold2_room1_mix0488,13,2,0,-132,-4,8.05
fold2_room1_mix0488,13,4,0,-174,1,44.65
fold2_room1_mix0488,13,4,0,0,0,28.01
fold2_room1_mix0488,14,2,0,-132,-3,9.18
fold2_room1_mix0488,14,4,0,-176,1,43.29
fold2_room1_mix0488,14,4,0,0,-1,25.63
fold2_room1_mix0488,15,2,0,-129,-3,7.92
fold2_room1_mix0488,15,4,0,-176,0,38.82
fold2_room1_mix0488,15,4,0,0,0,25.01
fold2_room1_mix0488,16,4,0,-175,1,43.00
fold2_room1_mix0488,16,4,0,-3,-1,24.47
fold2_room1_mix0488,17,4,0,-175,0,42.13
fold2_room1_mix0488,17,4,0,-2,-1,22.68
fold2_room1_mix0488,18,4,0,-176,0,40.22
fold2_room1_mix0488,18,4,0,-1,-1,23.28
fold2_room1_mix0488,19,4,0,-175,1,43.00
fold2_room1_mix0488,19,4,0,-2,-1,23.13
fold2_room1_mix0488,20,2,0,-129,-4,6.98
fold2_room1_mix0488,20,4,0,-176,0,43.55
fold2_room1_mix0488,20,4,0,-2,-1,24.23
fold2_room1_mix0488,21,2,0,-123,-3,8.98
fold2_room1_mix0488,21,4,0,-176,0,40.27
fold2_room1_mix0488,21,4,0,-1,-1,23.56
fold2_room1_mix0488,22,2,0,-127,-3,9.37
fold2_room1_mix0488,22,4,0,-176,0,36.39
fold2_room1_mix0488,22,4,0,-3,-1,21.44
fold2_room1_mix0488,23,2,0,-125,-3,9.60
fold2_room1_mix0488,23,4,0,-176,0,36.13
fold2_room1_mix0488,23,4,0,-4,-2,20.93
fold2_room1_mix0488,24,2,0,-125,-3,9.53
fold2_room1_mix0488,24,4,0,-175,0,34.35
fold2_room1_mix0488,24,4,0,-5,-2,19.97
fold2_room1_mix0488,25,2,0,-122,-3,7.28
fold2_room1_mix0488,25,4,0,-174,0,29.46
fold2_room1_mix0488,25,4,0,-6,-2,18.53
fold2_room1_mix0488,26,4,0,-172,0,31.82
fold2_room1_mix0488,26,4,0,-7,-2,18.24
fold2_room1_mix0488,27,4,0,-174,0,31.79
fold2_room1_mix0488,27,4,0,-7,-2,17.23
fold2_room1_mix0488,28,4,0,-173,0,33.21
fold2_room1_mix0488,28,4,0,-6,-3,17.12
fold2_room1_mix0488,29,4,0,-175,0,33.91
fold2_room1_mix0488,29,4,0,-8,-2,16.35
fold2_room1_mix0488,30,2,0,-111,-3,10.48
fold2_room1_mix0488,30,4,0,-176,0,28.63
fold2_room1_mix0488,30,4,0,-7,-2,16.39
fold2_room1_mix0488,31,2,0,-108,-2,10.37
fold2_room1_mix0488,31,4,0,-176,0,30.21
fold2_room1_mix0488,31,4,0,-7,-3,15.69
fold2_room1_mix0488,32,2,0,-105,-3,8.75
fold2_room1_mix0488,32,4,0,-175,-1,25.60
fold2_room1_mix0488,32,4,0,-9,-2,15.14
fold2_room1_mix0488,33,2,0,-105,-2,9.46
fold2_room1_mix0488,33,4,0,-173,-1,25.67
fold2_room1_mix0488,33,4,0,-10,-3,14.58
fold2_room1_mix0488,34,2,0,-98,-2,9.21
fold2_room1_mix0488,34,4,0,-172,-1,22.52
fold2_room1_mix0488,34,4,0,-11,-3,13.37
fold2_room1_mix0488,35,4,0,-173,0,28.18
fold2_room1_mix0488,35,4,0,-13,-3,12.41
fold2_room1_mix0488,36,4,0,-174,0,27.23
fold2_room1_mix0488,36,4,0,-13,-4,11.50
fold2_room1_mix0488,37,4,0,-172,-1,25.61
fold2_room1_mix0488,37,4,0,-13,-4,10.59
fold2_room1_mix0488,38,4,0,-172,0,27.70
fold2_room1_mix0488,38,4,0,-13,-4,11.27
fold2_room1_mix0488,39,4,0,-171,0,29.10
fold2_room1_mix0488,39,4,0,-13,-4,12.17
fold2_room1_mix0488,40,2,0,-96,-3,12.76
fold2_room1_mix0488,40,4,0,-173,-1,27.26
fold2_room1_mix0488,40,4,0,-13,-5,9.35
fold2_room1_mix0488,41,2,0,-96,-3,6.00
fold2_room1_mix0488,41,4,0,-172,0,29.73
fold2_room1_mix0488,41,4,0,-15,-5,9.51
fold2_room1_mix0488,42,4,0,-170,0,32.74
fold2_room1_mix0488,42,4,0,-18,-5,9.24
fold2_room1_mix0488,43,3,0,-115,-4,4.89
fold2_room1_mix0488,43,4,0,-168,0,33.89
fold2_room1_mix0488,43,4,0,-18,-5,9.90
fold2_room1_mix0488,44,2,0,-67,-2,6.85
fold2_room1_mix0488,44,3,0,-98,-4,10.25
fold2_room1_mix0488,44,4,0,-170,0,25.80
fold2_room1_mix0488,44,4,0,-21,-6,3.83
fold2_room1_mix0488,44,4,0,-5,-1,17.92
fold2_room1_mix0488,45,3,0,-101,-4,11.51
fold2_room1_mix0488,45,4,0,-174,0,31.86
fold2_room1_mix0488,45,4,0,-24,-7,3.77
fold2_room1_mix0488,45,4,0,-8,-2,16.31
fold2_room1_mix0488,46,3,0,-102,-4,12.91
fold2_room1_mix0488,46,4,0,-174,1,35.19
fold2_room1_mix0488,46,4,0,-22,-6,7.40
fold2_room1_mix0488,47,3,0,-103,-4,11.98
fold2_room1_mix0488,47,4,0,-171,0,35.43
fold2_room1_mix0488,47,4,0,-26,-10,3.13
fold2_room1_mix0488,47,4,0,-11,-3,16.50
fold2_room1_mix0488,48,3,0,-103,-4,12.65
fold2_room1_mix0488,48,4,0,-177,0,32.83
fold2_room1_mix0488,48,4,0,-34,-12,2.58
fold2_room1_mix0488,48,4,0,-18,-5,11.88
fold2_room1_mix0488,49,2,0,-85,-3,3.99
fold2_room1_mix0488,49,3,0,-104,-4,12.50
fold2_room1_mix0488,49,4,0,-177,0,30.04
fold2_room1_mix0488,49,4,0,-34,-9,4.06
fold2_room1_mix0488,50,2,0,-80,-3,4.29
fold2_room1_mix0488,50,3,0,-92,-4,11.82
fold2_room1_mix0488,50,4,0,-172,0,28.99
fold2_room1_mix0488,50,4,0,-59,-15,2.17
fold2_room1_mix0488,50,4,0,-24,-6,9.35
fold2_room1_mix0488,51,2,0,-85,-2,8.48
fold2_room1_mix0488,51,3,0,-92,-3,5.75
fold2_room1_mix0488,51,4,0,-176,0,30.21
fold2_room1_mix0488,51,4,0,-100,-20,2.05
fold2_room1_mix0488,51,4,0,-45,-11,6.23
fold2_room1_mix0488,52,2,0,-87,-3,5.71
fold2_room1_mix0488,52,3,0,-89,-1,2.81
fold2_room1_mix0488,52,4,0,-171,0,26.90
fold2_room1_mix0488,52,4,0,-116,-16,2.34
fold2_room1_mix0488,52,4,0,-75,-13,3.60
fold2_room1_mix0488,53,2,0,-89,-2,8.08
fold2_room1_mix0488,53,4,0,-169,0,24.25
fold2_room1_mix0488,53,4,0,-132,-13,2.27
fold2_room1_mix0488,53,4,0,-84,-12,4.43
fold2_room1_mix0488,54,2,0,-87,-1,2.85
fold2_room1_mix0488,54,4,0,-172,0,22.06
fold2_room1_mix0488,54,4,0,-134,-11,2.60
fold2_room1_mix0488,54,4,0,-72,-10,5.18
fold2_room1_mix0488,55,4,0,-166,-2,16.50
fold2_room1_mix0488,55,4,0,-141,-10,2.28
fold2_room1_mix0488,55,4,0,-23,0,15.68
fold2_room1_mix0488,56,4,0,-163,-3,12.69
fold2_room1_mix0488,56,4,0,-132,-12,4.19
fold2_room1_mix0488,56,4,0,-14,-1,14.55
fold2_room1_mix0488,57,2,0,-69,-3,6.16
fold2_room1_mix0488,57,3,0,-71,-3,5.54
fold2_room1_mix0488,57,4,0,-165,-3,13.02
fold2_room1_mix0488,57,4,0,-148,-8,3.49
fold2_room1_mix0488,57,4,0,-31,-2,12.15
fold2_room1_mix0488,58,3,0,-57,-3,14.41
fold2_room1_mix0488,58,4,0,-170,-4,10.19
fold2_room1_mix0488,58,4,0,-56,-8,5.84
fold2_room1_mix0488,58,4,0,-18,-1,11.27
fold2_room1_mix0488,59,3,0,-65,-3,13.85
fold2_room1_mix0488,59,4,0,-168,-3,9.86
fold2_room1_mix0488,59,4,0,-55,-9,5.64
fold2_room1_mix0488,59,4,0,-19,-3,8.35
fold2_room1_mix0488,60,3,0,-61,-2,14.88
fold2_room1_mix0488,60,4,0,-169,-4,8.81
fold2_room1_mix0488,60,4,0,-65,-10,5.45
fold2_room1_mix0488,60,4,0,-17,-3,8.03
fold2_room1_mix0488,61,3,0,-82,-3,13.46
fold2_room1_mix0488,61,4,0,-171,-3,9.05
fold2_room1_mix0488,61,4,0,-55,-8,5.74
fold2_room1_mix0488,61,4,0,-22,-3,7.66
fold2_room1_mix0488,62,3,0,-69,-3,13.05
fold2_room1_mix0488,62,4,0,-170,-4,8.71
fold2_room1_mix0488,62,4,0,-36,-7,5.47
fold2_room1_mix0488,62,4,0,-17,-4,6.83
fold2_room1_mix0488,63,3,0,-72,-3,12.87
fold2_room1_mix0488,63,4,0,-171,-4,9.63
fold2_room1_mix0488,63,4,0,-55,-10,5.12
fold2_room1_mix0488,63,4,0,-26,-6,5.59
fold2_room1_mix0488,64,2,0,-72,-4,7.58
fold2_room1_mix0488,64,3,0,-76,-3,10.89
fold2_room1_mix0488,64,4,0,-169,-3,9.58
fold2_room1_mix0488,64,4,0,-52,-10,4.66
fold2_room1_mix0488,64,4,0,-30,-8,5.34
fold2_room1_mix0488,65,2,0,-79,-3,9.96
fold2_room1_mix0488,65,3,0,-79,-2,8.94
fold2_room1_mix0488,65,4,0,-164,-3,9.06
fold2_room1_mix0488,65,4,0,-81,-10,3.88
fold2_room1_mix0488,65,4,0,-45,-8,4.31
fold2_room1_mix0488,66,2,0,-81,-3,4.58
fold2_room1_mix0488,66,3,0,-84,-1,4.74
fold2_room1_mix0488,66,4,0,-160,-2,9.38
fold2_room1_mix0488,66,4,0,-112,-6,3.53
fold2_room1_mix0488,66,4,0,-66,-8,3.75
fold2_room1_mix0488,67,3,0,-88,-1,4.08
fold2_room1_mix0488,67,4,0,-167,-1,8.46
fold2_room1_mix0488,67,4,0,-133,-6,3.36
fold2_room1_mix0488,67,4,0,-105,-9,3.36
fold2_room1_mix0488,68,4,0,-169,-2,6.93
fold2_room1_mix0488,68,4,0,-141,-6,3.94
fold2_room1_mix0488,69,4,0,-152,-4,5.38
fold2_room1_mix0488,70,4,0,-154,-3,5.81
fold2_room1_mix0488,71,4,0,-154,-3,5.98
fold2_room1_mix0488,72,4,0,-159,-3,6.67
fold2_room1_mix0488,73,4,0,-165,-2,7.78
fold2_room1_mix0488,73,4,0,-141,-5,5.35
fold2_room1_mix0488,74,4,0,-165,-1,8.19
fold2_room1_mix0488,74,4,0,-130,-4,6.95
fold2_room1_mix0488,75,4,0,-167,-1,8.96
fold2_room1_mix0488,75,4,0,-116,-6,6.21
fold2_room1_mix0488,76,4,0,-172,0,10.90
fold2_room1_mix0488,76,4,0,-117,-6,6.18
fold2_room1_mix0488,77,4,0,-171,0,10.56
fold2_room1_mix0488,77,4,0,-106,-5,6.89
fold2_room1_mix0488,78,4,0,-170,0,12.63
fold2_room1_mix0488,78,4,0,-96,-7,5.48
fold2_room1_mix0488,79,4,0,-174,0,13.31
fold2_room1_mix0488,79,4,0,-92,-7,5.62
fold2_room1_mix0488,80,4,0,-176,0,12.89
fold2_room1_mix0488,80,4,0,-77,-6,5.46
fold2_room1_mix0488,81,4,0,-176,-1,13.66
fold2_room1_mix0488,81,4,0,-73,-6,6.05
fold2_room1_mix0488,82,4,0,-174,-1,14.84
fold2_room1_mix0488,82,4,0,-67,-6,6.65
fold2_room1_mix0488,83,4,0,-173,0,14.70
fold2_room1_mix0488,83,4,0,-62,-4,6.81
fold2_room1_mix0488,84,4,0,-175,0,16.13
fold2_room1_mix0488,84,4,0,-49,-2,8.75
fold2_room1_mix0488,85,4,0,-170,-1,15.25
fold2_room1_mix0488,85,4,0,-42,-2,9.60
fold2_room1_mix0488,86,4,0,-172,0,15.56
fold2_room1_mix0488,86,4,0,-42,-2,9.43
fold2_room1_mix0488,87,4,0,-173,0,16.69
fold2_room1_mix0488,87,4,0,-37,-1,11.76
fold2_room1_mix0488,88,4,0,-175,0,17.50
fold2_room1_mix0488,88,4,0,-40,-2,11.52
fold2_room1_mix0488,89,4,0,-172,0,17.43
fold2_room1_mix0488,89,4,0,-34,-1,13.09
fold2_room1_mix0488,90,4,0,-175,0,19.56
fold2_room1_mix0488,90,4,0,-31,-1,12.07
fold2_room1_mix0488,91,4,0,-175,0,21.03
fold2_room1_mix0488,91,4,0,-32,-1,12.96
fold2_room1_mix0488,92,4,0,-174,0,21.58
fold2_room1_mix0488,92,4,0,-28,-1,14.70
fold2_room1_mix0488,93,4,0,-175,0,21.28
fold2_room1_mix0488,93,4,0,-24,-1,14.19
fold2_room1_mix0488,94,4,0,-173,0,20.42
fold2_room1_mix0488,94,4,0,-22,-1,13.92
fold2_room1_mix0488,95,4,0,-174,0,21.81
fold2_room1_mix0488,95,4,0,-21,-1,15.03
fold2_room1_mix0488,96,4,0,-172,0,21.11
fold2_room1_mix0488,96,4,0,-20,-1,15.23
fold2_room1_mix0488,97,4,0,-172,0,23.92
fold2_room1_mix0488,97,4,0,-20,0,19.40
fold2_room1_mix0488,98,4,0,-173,0,23.93
fold2_room1_mix0488,98,4,0,-18,0,20.06
fold2_room1_mix0488,99,4,0,-171,0,22.44
fold2_room1_mix0488,99,4,0,-19,-1,19.27
fold2_room1_mix0490,4,4,0,-169,1,5.75
fold2_room1_mix0490,5,4,0,-166,0,18.20
fold2_room1_mix0490,6,4,0,-173,0,20.62
fold2_room1_mix0490,7,4,0,-173,0,20.05
fold2_room1_mix0490,8,4,0,-170,0,21.62
fold2_room1_mix0490,9,4,0,-172,0,31.35
fold2_room1_mix0490,9,4,0,-11,0,44.52
fold2_room1_mix0490,10,4,0,-173,0,31.66
fold2_room1_mix0490,10,4,0,-16,0,39.82
fold2_room1_mix0490,11,4,0,-171,0,30.68
fold2_room1_mix0490,11,4,0,-13,0,40.78
fold2_room1_mix0490,12,4,0,-171,0,30.71
fold2_room1_mix0490,12,4,0,-10,0,37.61
fold2_room1_mix0490,13,2,0,102,-5,6.48
fold2_room1_mix0490,13,4,0,-171,0,30.92
fold2_room1_mix0490,13,4,0,-16,0,36.13
fold2_room1_mix0490,14,2,0,92,-6,6.54
fold2_room1_mix0490,14,4,0,-168,0,31.40
fold2_room1_mix0490,14,4,0,-15,0,39.90
fold2_room1_mix0490,15,2,0,100,-5,7.08
fold2_room1_mix0490,15,4,0,-169,0,33.17
fold2_room1_mix0490,15,4,0,-9,0,36.19
fold2_room1_mix0490,16,4,0,-171,-1,28.86
fold2_room1_mix0490,16,4,0,-9,0,35.45
fold2_room1_mix0490,17,4,0,-172,0,31.17
fold2_room1_mix0490,17,4,0,-13,0,38.20
fold2_room1_mix0490,18,4,0,-164,-1,27.85
fold2_room1_mix0490,18,4,0,-9,0,35.65
fold2_room1_mix0490,19,4,0,-171,0,28.63
fold2_room1_mix0490,19,4,0,-18,0,31.17
fold2_room1_mix0490,20,2,0,103,-4,9.13
fold2_room1_mix0490,20,4,0,-170,0,29.99
fold2_room1_mix0490,20,4,0,-12,-1,32.22
fold2_room1_mix0490,21,2,0,102,-5,9.26
fold2_room1_mix0490,21,4,0,-166,0,35.81
fold2_room1_mix0490,21,4,0,-141,-2,26.18
fold2_room1_mix0490,21,4,0,-12,-1,32.65
fold2_room1_mix0490,22,2,0,93,-5,8.46
fold2_room1_mix0490,22,4,0,-168,0,27.71
fold2_room1_mix0490,22,4,0,-12,-1,27.44
fold2_room1_mix0490,23,2,0,102,-5,8.75
fold2_room1_mix0490,23,4,0,-165,-1,30.41
fold2_room1_mix0490,23,4,0,-24,-2,24.56
fold2_room1_mix0490,24,2,0,100,-5,8.71
fold2_room1_mix0490,24,4,0,-164,-2,27.56
fold2_room1_mix0490,24,4,0,-19,-2,27.23
fold2_room1_mix0490,25,2,0,102,-6,7.99
fold2_room1_mix0490,25,4,0,-163,-1,28.74
fold2_room1_mix0490,25,4,0,-31,-2,21.13
fold2_room1_mix0490,25,4,0,-15,0,27.99
fold2_room1_mix0490,26,4,0,-163,-1,24.68
fold2_room1_mix0490,26,4,0,-19,-1,23.99
fold2_room1_mix0490,27,4,0,-168,-1,25.65
fold2_room1_mix0490,27,4,0,-25,-1,23.72
fold2_room1_mix0490,28,4,0,-169,-1,25.41
fold2_room1_mix0490,28,4,0,-24,-2,22.96
fold2_room1_mix0490,29,4,0,-171,-1,27.31
fold2_room1_mix0490,29,4,0,-149,-2,22.55
fold2_room1_mix0490,29,4,0,-30,-1,24.79
fold2_room1_mix0490,30,2,0,103,-4,9.56
fold2_room1_mix0490,30,4,0,-170,-1,24.74
fold2_room1_mix0490,30,4,0,-28,-1,22.60
fold2_room1_mix0490,31,2,0,102,-4,10.47
fold2_room1_mix0490,31,4,0,-170,-1,24.66
fold2_room1_mix0490,31,4,0,-26,-1,20.46
fold2_room1_mix0490,32,2,0,99,-5,8.53
fold2_room1_mix0490,32,4,0,-168,-1,23.75
fold2_room1_mix0490,32,4,0,-33,-2,20.06
fold2_room1_mix0490,33,2,0,101,-5,8.45
fold2_room1_mix0490,33,4,0,-173,-1,23.15
fold2_room1_mix0490,33,4,0,-34,-1,18.68
fold2_room1_mix0490,34,2,0,102,-5,8.46
fold2_room1_mix0490,34,4,0,-165,-2,22.72
fold2_room1_mix0490,34,4,0,-35,-2,19.95
fold2_room1_mix0490,35,2,0,102,-5,8.70
fold2_room1_mix0490,35,4,0,-173,-2,21.16
fold2_room1_mix0490,35,4,0,-33,-1,18.52
fold2_room1_mix0490,36,4,0,-171,-1,20.68
fold2_room1_mix0490,36,4,0,-31,-1,17.16
fold2_room1_mix0490,37,4,0,-167,-1,22.03
fold2_room1_mix0490,37,4,0,-31,-1,18.27
fold2_room1_mix0490,38,4,0,-169,-1,21.75
fold2_room1_mix0490,38,4,0,-32,-1,17.02
fold2_room1_mix0490,39,4,0,-167,-1,21.53
fold2_room1_mix0490,39,4,0,-38,-2,16.04
fold2_room1_mix0490,40,4,0,-174,-1,21.88
fold2_room1_mix0490,40,4,0,-40,-1,15.94
fold2_room1_mix0490,41,2,0,102,-5,9.25
fold2_room1_mix0490,41,4,0,-171,-1,22.09
fold2_room1_mix0490,41,4,0,-37,-2,13.79
fold2_room1_mix0490,42,2,0,98,-5,9.08
fold2_room1_mix0490,42,4,0,-172,-1,20.53
fold2_room1_mix0490,42,4,0,-39,-2,14.82
fold2_room1_mix0490,43,2,0,98,-5,9.73
fold2_room1_mix0490,43,4,0,-172,-3,18.84
fold2_room1_mix0490,43,4,0,-43,-2,14.41
fold2_room1_mix0490,44,2,0,97,-5,10.05
fold2_room1_mix0490,44,4,0,-172,-3,19.28
fold2_room1_mix0490,44,4,0,-43,-2,14.76
fold2_room1_mix0490,45,2,0,94,-5,11.42
fold2_room1_mix0490,45,4,0,-170,-2,19.59
fold2_room1_mix0490,45,4,0,-48,-2,13.91
fold2_room1_mix0490,46,4,0,-171,-2,20.66
fold2_room1_mix0490,46,4,0,-56,-3,13.07
fold2_room1_mix0490,47,4,0,-170,-2,19.21
fold2_room1_mix0490,47,4,0,-69,-3,12.66
fold2_room1_mix0490,48,4,0,-167,-2,20.85
fold2_room1_mix0490,48,4,0,-129,-3,14.16
fold2_room1_mix0490,48,4,0,-75,-4,11.58
fold2_room1_mix0490,49,4,0,-169,-1,20.27
fold2_room1_mix0490,49,4,0,-75,-4,10.82
fold2_room1_mix0490,50,4,0,-172,-1,18.35
fold2_room1_mix0490,50,4,0,-84,-4,10.07
fold2_room1_mix0490,51,2,0,99,-5,10.52
fold2_room1_mix0490,51,4,0,-172,-2,19.93
fold2_room1_mix0490,51,4,0,-81,-4,11.22
fold2_room1_mix0490,52,2,0,98,-5,11.72
fold2_room1_mix0490,52,4,0,-172,-2,19.01
fold2_room1_mix0490,52,4,0,-81,-4,11.05
fold2_room1_mix0490,53,2,0,98,-5,10.47
fold2_room1_mix0490,53,4,0,-169,-2,16.61
fold2_room1_mix0490,53,4,0,-94,-2,12.72
fold2_room1_mix0490,54,2,0,95,-5,10.59
fold2_room1_mix0490,54,4,0,-165,-3,14.79
fold2_room1_mix0490,54,4,0,-85,-3,12.08
fold2_room1_mix0490,55,2,0,95,-5,10.88
fold2_room1_mix0490,55,4,0,-161,-3,14.56
fold2_room1_mix0490,55,4,0,-96,-3,12.32
fold2_room1_mix0490,56,4,0,-160,-3,14.50
fold2_room1_mix0490,56,4,0,-101,-2,14.36
fold2_room1_mix0490,57,4,0,-155,-3,13.62
fold2_room1_mix0490,57,4,0,-106,-2,13.26
fold2_room1_mix0490,58,4,0,-160,-4,14.08
fold2_room1_mix0490,58,4,0,-142,-4,10.81
fold2_room1_mix0490,58,4,0,-109,-3,13.57
fold2_room1_mix0490,59,4,0,-162,-2,14.75
fold2_room1_mix0490,59,4,0,-116,-2,14.43
fold2_room1_mix0490,60,4,0,-163,-3,13.09
fold2_room1_mix0490,60,4,0,-120,-2,12.61
fold2_room1_mix0490,61,4,0,-156,-3,11.41
fold2_room1_mix0490,61,4,0,-117,-2,13.39
fold2_room1_mix0490,62,4,0,-161,-3,12.89
fold2_room1_mix0490,62,4,0,-120,-2,13.12
fold2_room1_mix0490,63,4,0,-156,-3,12.02
fold2_room1_mix0490,63,4,0,-121,-2,13.08
fold2_room1_mix0490,64,4,0,-148,-3,11.80
fold2_room1_mix0490,64,4,0,-125,-2,13.15
fold2_room1_mix0490,65,4,0,-148,-2,12.81
fold2_room1_mix0490,65,4,0,-122,-2,13.46
fold2_room1_mix0490,66,4,0,-147,-3,13.01
fold2_room1_mix0490,66,4,0,-127,-3,12.10
fold2_room1_mix0490,67,4,0,-134,-2,13.11
fold2_room1_mix0490,68,4,0,-142,-2,14.31
fold2_room1_mix0490,68,4,0,-122,-2,12.99
fold2_room1_mix0490,69,4,0,-142,-2,13.93
fold2_room1_mix0490,69,4,0,-121,-2,12.83
fold2_room1_mix0490,70,4,0,-142,-1,14.97
fold2_room1_mix0490,70,4,0,-120,-2,12.57
fold2_room1_mix0490,71,4,0,-142,-2,14.44
fold2_room1_mix0490,71,4,0,-118,-3,12.01
fold2_room1_mix0490,72,4,0,-140,-1,15.70
fold2_room1_mix0490,72,4,0,-117,-3,12.77
fold2_room1_mix0490,73,4,0,-143,-1,15.46
fold2_room1_mix0490,73,4,0,-114,-3,11.66
fold2_room1_mix0490,74,4,0,-141,-1,15.84
fold2_room1_mix0490,74,4,0,-112,-3,11.52
fold2_room1_mix0490,75,4,0,-139,-1,17.10
fold2_room1_mix0490,75,4,0,-112,-3,11.97
fold2_room1_mix0490,76,4,0,-139,0,16.22
fold2_room1_mix0490,76,4,0,-109,-3,11.05
fold2_room1_mix0490,77,4,0,-143,0,18.51
fold2_room1_mix0490,77,4,0,-109,-3,11.15
fold2_room1_mix0490,78,4,0,-141,0,20.17
fold2_room1_mix0490,78,4,0,-110,-3,11.73
fold2_room1_mix0490,79,4,0,-140,0,19.70
fold2_room1_mix0490,79,4,0,-104,-4,10.92
fold2_room1_mix0490,80,4,0,-142,0,21.63
fold2_room1_mix0490,80,4,0,-104,-4,10.71
fold2_room1_mix0490,81,4,0,-144,0,22.73
fold2_room1_mix0490,81,4,0,-103,-4,10.19
fold2_room1_mix0490,82,4,0,-142,0,24.53
fold2_room1_mix0490,82,4,0,-97,-5,9.84
fold2_room1_mix0490,83,4,0,-147,0,26.53
fold2_room1_mix0490,83,4,0,-95,-4,10.31
fold2_room1_mix0490,84,4,0,-144,0,25.36
fold2_room1_mix0490,84,4,0,-92,-5,9.99
fold2_room1_mix0490,85,4,0,-147,1,26.91
fold2_room1_mix0490,85,4,0,-89,-5,9.81
fold2_room1_mix0490,86,4,0,-146,1,28.71
fold2_room1_mix0490,86,4,0,-87,-5,9.77
fold2_room1_mix0490,87,4,0,-149,1,30.13
fold2_room1_mix0490,87,4,0,-83,-5,9.51
fold2_room1_mix0490,88,4,0,-144,1,29.13
fold2_room1_mix0490,88,4,0,-81,-4,10.02
fold2_room1_mix0490,89,4,0,-148,1,30.64
fold2_room1_mix0490,89,4,0,-76,-5,10.14
fold2_room1_mix0490,90,4,0,-144,2,30.95
fold2_room1_mix0490,90,4,0,-74,-4,9.78
fold2_room1_mix0490,91,4,0,-145,1,32.95
fold2_room1_mix0490,91,4,0,-70,-4,10.52
fold2_room1_mix0490,92,4,0,-143,1,29.16
fold2_room1_mix0490,92,4,0,-66,-4,10.43
fold2_room1_mix0490,93,4,0,-145,1,30.75
fold2_room1_mix0490,93,4,0,-64,-4,10.92
fold2_room1_mix0490,94,4,0,-142,1,29.34
fold2_room1_mix0490,94,4,0,-61,-4,10.92
fold2_room1_mix0490,95,4,0,-139,0,27.24
fold2_room1_mix0490,95,4,0,-56,-4,11.25
fold2_room1_mix0490,96,4,0,-124,0,23.94
fold2_room1_mix0490,96,4,0,-56,-3,11.71
fold2_room1_mix0490,97,4,0,-124,0,25.44
fold2_room1_mix0490,97,4,0,-54,-3,12.15
fold2_room1_mix0490,98,4,0,-95,-1,20.40
fold2_room1_mix0490,98,4,0,-54,-4,12.10
fold2_room1_mix0490,99,4,0,-118,0,22.48
fold2_room1_mix0490,99,4,0,-52,-3,12.59
fold2_room1_mix0491,48,4,0,-2,-2,5.11
fold2_room1_mix0491,49,4,0,-2,-2,7.77
fold2_room1_mix0491,50,4,0,1,-2,8.51
fold2_room1_mix0491,51,4,0,7,-3,8.42
fold2_room1_mix0491,52,4,0,5,-3,9.05
fold2_room1_mix0491,53,4,0,3,-3,9.54
fold2_room1_mix0491,54,4,0,7,-3,9.55
fold2_room1_mix0491,55,4,0,6,-3,9.20
fold2_room1_mix0491,56,4,0,5,-4,8.68
fold2_room1_mix0491,57,4,0,7,-4,8.14
fold2_room1_mix0491,58,4,0,9,-4,8.04
fold2_room1_mix0491,59,4,0,10,-4,7.42
fold2_room1_mix0491,60,4,0,9,-5,6.68
fold2_room1_mix0491,61,4,0,12,-6,5.90
fold2_room1_mix0491,62,4,0,12,-6,5.72
fold2_room1_mix0491,63,4,0,12,-7,4.96
fold2_room1_mix0491,64,4,0,13,-10,4.04
fold2_room1_mix0491,65,4,0,16,-8,4.06
fold2_room1_mix0491,66,4,0,22,-11,3.06
fold2_room1_mix0491,67,4,0,22,-13,2.89
fold2_room1_mix0491,68,4,0,27,-16,2.20
fold2_room1_mix0491,69,4,0,32,-20,1.92
fold2_room1_mix0491,70,4,0,50,-31,1.54
fold2_room1_mix0491,71,4,0,79,-33,1.37
fold2_room1_mix0491,72,4,0,118,-31,1.43
fold2_room1_mix0491,73,4,0,135,-26,1.69
fold2_room1_mix0491,74,4,0,146,-21,1.98
fold2_room1_mix0491,75,4,0,155,-16,2.56
fold2_room1_mix0491,76,4,0,159,-14,3.04
fold2_room1_mix0491,77,4,0,162,-12,3.81
fold2_room1_mix0491,78,4,0,165,-10,4.20
fold2_room1_mix0491,79,4,0,168,-8,4.66
fold2_room1_mix0491,80,4,0,168,-8,5.24
fold2_room1_mix0491,81,4,0,169,-7,5.78
fold2_room1_mix0491,82,4,0,170,-6,6.21
fold2_room1_mix0491,83,4,0,171,-6,6.18
fold2_room1_mix0491,84,4,0,171,-5,6.88
fold2_room1_mix0491,85,4,0,173,-4,8.36
fold2_room1_mix0491,86,4,0,173,-4,7.86
fold2_room1_mix0491,87,4,0,173,-4,8.52
fold2_room1_mix0491,88,4,0,174,-4,8.96
fold2_room1_mix0491,89,4,0,175,-3,9.53
fold2_room1_mix0491,90,4,0,176,-4,9.19
fold2_room1_mix0491,91,4,0,175,-3,10.29
fold2_room1_mix0491,92,4,0,175,-4,9.88
fold2_room1_mix0491,93,4,0,175,-4,10.28
fold2_room1_mix0491,94,4,0,175,-3,10.20
fold2_room1_mix0491,95,4,0,173,-3,11.26
fold2_room1_mix0491,96,4,0,173,-3,10.93
fold2_room1_mix0491,97,4,0,174,-3,11.29
fold2_room1_mix0491,98,4,0,176,-3,10.19
fold2_room1_mix0491,99,4,0,176,-3,9.47
fold2_room1_mix0492,1,4,0,174,0,1.39
fold2_room1_mix0492,2,4,0,173,1,1.07
fold2_room1_mix0492,3,4,0,176,0,6.38
fold2_room1_mix0492,4,4,0,170,0,20.58
fold2_room1_mix0492,5,4,0,171,0,20.03
fold2_room1_mix0492,6,4,0,171,0,24.20
fold2_room1_mix0492,7,4,0,171,0,33.03
fold2_room1_mix0492,8,4,0,170,0,36.56
fold2_room1_mix0492,9,4,0,170,0,36.66
fold2_room1_mix0492,10,4,0,169,0,34.92
fold2_room1_mix0492,11,4,0,166,0,35.07
fold2_room1_mix0492,12,4,0,167,0,34.69
fold2_room1_mix0492,13,4,0,167,0,33.95
fold2_room1_mix0492,14,4,0,167,0,35.13
fold2_room1_mix0492,15,4,0,167,0,33.30
fold2_room1_mix0492,16,4,0,167,0,32.24
fold2_room1_mix0492,17,4,0,167,0,32.31
fold2_room1_mix0492,18,4,0,166,0,30.91
fold2_room1_mix0492,19,4,0,167,0,30.63
fold2_room1_mix0492,20,4,0,164,0,31.51
fold2_room1_mix0492,21,4,0,165,0,30.81
fold2_room1_mix0492,22,2,0,104,-5,8.44
fold2_room1_mix0492,22,4,0,164,0,28.74
fold2_room1_mix0492,23,2,0,104,-7,6.07
fold2_room1_mix0492,23,4,0,164,0,29.54
fold2_room1_mix0492,24,2,0,110,-6,6.53
fold2_room1_mix0492,24,4,0,165,0,30.86
fold2_room1_mix0492,25,4,0,163,0,33.02
fold2_room1_mix0492,26,4,0,160,-1,30.85
fold2_room1_mix0492,27,4,0,159,-1,30.80
fold2_room1_mix0492,28,4,0,158,-1,29.17
fold2_room1_mix0492,29,2,0,107,-4,8.59
fold2_room1_mix0492,29,4,0,158,0,27.28
fold2_room1_mix0492,30,2,0,104,-6,7.59
fold2_room1_mix0492,30,4,0,158,0,28.40
fold2_room1_mix0492,31,2,0,103,-6,7.31
fold2_room1_mix0492,31,4,0,159,-1,26.33
fold2_room1_mix0492,32,2,0,99,-6,7.17
fold2_room1_mix0492,32,4,0,157,-1,26.27
fold2_room1_mix0492,33,2,0,100,-6,6.94
fold2_room1_mix0492,33,4,0,157,-1,27.08
fold2_room1_mix0492,34,2,0,96,-6,7.45
fold2_room1_mix0492,34,4,0,159,-1,26.50
fold2_room1_mix0492,35,4,0,156,-2,26.38
fold2_room1_mix0492,36,4,0,155,-1,26.33
fold2_room1_mix0492,37,4,0,152,-2,23.88
fold2_room1_mix0492,38,4,0,151,-1,22.95
fold2_room1_mix0492,39,2,0,97,-5,8.47
fold2_room1_mix0492,39,4,0,152,-1,21.99
fold2_room1_mix0492,40,2,0,93,-5,8.25
fold2_room1_mix0492,40,4,0,152,-1,22.21
fold2_room1_mix0492,41,2,0,93,-6,7.43
fold2_room1_mix0492,41,4,0,152,-1,20.60
fold2_room1_mix0492,42,2,0,89,-6,7.71
fold2_room1_mix0492,42,4,0,151,-1,19.53
fold2_room1_mix0492,43,2,0,84,-6,8.28
fold2_room1_mix0492,43,4,0,150,-2,19.77
fold2_room1_mix0492,44,4,0,148,-2,19.85
fold2_room1_mix0492,45,4,0,147,-3,17.84
fold2_room1_mix0492,46,4,0,145,-2,17.91
fold2_room1_mix0492,47,4,0,142,-3,16.29
fold2_room1_mix0492,48,2,0,74,-5,9.49
fold2_room1_mix0492,48,4,0,140,-3,14.80
fold2_room1_mix0492,49,2,0,83,-7,7.16
fold2_room1_mix0492,49,4,0,139,-3,15.23
fold2_room1_mix0492,50,2,0,74,-7,7.13
fold2_room1_mix0492,50,4,0,136,-3,14.53
fold2_room1_mix0492,51,2,0,74,-7,7.07
fold2_room1_mix0492,51,4,0,135,-3,13.87
fold2_room1_mix0492,52,2,0,80,-8,7.10
fold2_room1_mix0492,52,4,0,131,-4,13.90
fold2_room1_mix0492,53,2,0,72,-4,9.02
fold2_room1_mix0492,53,2,0,-68,-8,8.03
fold2_room1_mix0492,53,4,0,130,-5,13.65
fold2_room1_mix0492,54,2,0,-93,-3,10.71
fold2_room1_mix0492,54,4,0,130,-6,12.70
fold2_room1_mix0492,55,2,0,-85,-3,11.95
fold2_room1_mix0492,55,4,0,125,-5,12.81
fold2_room1_mix0492,56,2,0,-89,-1,13.87
fold2_room1_mix0492,56,4,0,122,-5,12.83
fold2_room1_mix0492,57,2,0,-96,0,12.24
fold2_room1_mix0492,57,4,0,118,-5,11.78
fold2_room1_mix0492,58,2,0,71,-3,11.22
fold2_room1_mix0492,58,4,0,113,-5,11.11
fold2_room1_mix0492,59,2,0,73,-5,10.33
fold2_room1_mix0492,59,4,0,108,-5,10.84
fold2_room1_mix0492,60,2,0,71,-5,11.68
fold2_room1_mix0492,60,4,0,102,-5,10.53
fold2_room1_mix0492,61,2,0,69,-3,13.21
fold2_room1_mix0492,61,4,0,101,-6,10.65
fold2_room1_mix0492,62,2,0,72,-3,13.31
fold2_room1_mix0492,62,4,0,95,-6,10.80
fold2_room1_mix0492,63,2,0,-87,-2,13.76
fold2_room1_mix0492,63,4,0,92,-7,10.84
fold2_room1_mix0492,64,2,0,-93,-1,13.17
fold2_room1_mix0492,64,4,0,90,-7,10.86
fold2_room1_mix0492,65,2,0,-91,-1,13.70
fold2_room1_mix0492,65,4,0,86,-6,10.86
fold2_room1_mix0492,66,2,0,-89,0,14.90
fold2_room1_mix0492,66,4,0,84,-5,11.08
fold2_room1_mix0492,67,2,0,-91,0,13.63
fold2_room1_mix0492,67,4,0,80,-5,10.94
fold2_room1_mix0492,68,2,0,69,-3,14.60
fold2_room1_mix0492,68,2,0,-72,-4,12.96
fold2_room1_mix0492,68,4,0,75,-5,10.72
fold2_room1_mix0492,69,2,0,66,-3,13.12
fold2_room1_mix0492,69,4,0,71,-4,11.44
fold2_room1_mix0492,70,2,0,66,-3,12.67
fold2_room1_mix0492,70,4,0,67,-5,11.86
fold2_room1_mix0492,71,2,0,64,-3,12.12
fold2_room1_mix0492,71,4,0,66,-5,11.93
fold2_room1_mix0492,72,2,0,64,-3,11.59
fold2_room1_mix0492,72,4,0,64,-4,12.86
fold2_room1_mix0492,73,2,0,-86,-1,13.62
fold2_room1_mix0492,73,4,0,62,-5,13.02
fold2_room1_mix0492,74,2,0,-86,0,13.25
fold2_room1_mix0492,74,4,0,61,-5,13.36
fold2_room1_mix0492,75,2,0,-83,-1,13.41
fold2_room1_mix0492,75,4,0,59,-5,14.56
fold2_room1_mix0492,76,2,0,-85,0,14.15
fold2_room1_mix0492,76,4,0,56,-4,14.71
fold2_room1_mix0492,77,2,0,-88,0,13.11
fold2_room1_mix0492,77,4,0,55,-4,14.62
fold2_room1_mix0492,78,2,0,65,-2,15.08
fold2_room1_mix0492,78,2,0,-70,-3,13.39
fold2_room1_mix0492,78,4,0,51,-4,14.93
fold2_room1_mix0492,79,2,0,59,-2,14.12
fold2_room1_mix0492,79,2,0,24,-6,13.11
fold2_room1_mix0492,79,4,0,49,-3,15.41
fold2_room1_mix0492,80,2,0,54,-3,14.15
fold2_room1_mix0492,80,4,0,47,-3,16.02
fold2_room1_mix0492,81,4,0,45,-3,16.77
fold2_room1_mix0492,82,4,0,44,-3,17.20
fold2_room1_mix0492,83,4,0,40,-3,18.85
fold2_room1_mix0492,84,2,0,-88,0,13.46
fold2_room1_mix0492,84,4,0,38,-3,19.96
fold2_room1_mix0492,85,2,0,-83,0,14.34
fold2_room1_mix0492,85,4,0,36,-2,21.20
fold2_room1_mix0492,86,2,0,-81,0,14.42
fold2_room1_mix0492,86,4,0,34,-2,21.15
fold2_room1_mix0492,87,2,0,-76,0,15.64
fold2_room1_mix0492,87,4,0,32,-2,22.01
fold2_room1_mix0492,88,2,0,-83,0,16.65
fold2_room1_mix0492,88,4,0,30,-2,22.43
fold2_room1_mix0492,89,4,0,30,-1,23.24
fold2_room1_mix0492,90,4,0,31,-1,21.89
fold2_room1_mix0492,91,4,0,29,-1,23.31
fold2_room1_mix0492,92,4,0,28,-1,23.32
fold2_room1_mix0492,93,4,0,27,-2,24.87
fold2_room1_mix0492,94,4,0,26,-1,26.38
fold2_room1_mix0492,95,4,0,26,-1,25.62
fold2_room1_mix0492,96,4,0,26,-2,26.05
fold2_room1_mix0492,97,4,0,25,-1,29.14
fold2_room1_mix0492,98,4,0,24,-1,28.06
fold2_room1_mix0492,99,4,0,24,-2,25.52
fold2_room1_mix0493,4,4,0,-15,0,13.84
fold2_room1_mix0493,5,4,0,-17,0,17.70
fold2_room1_mix0493,6,4,0,-18,0,19.44
fold2_room1_mix0493,7,4,0,-17,0,27.37
fold2_room1_mix0493,8,4,0,-19,0,34.55
fold2_room1_mix0493,9,4,0,-18,0,34.01
fold2_room1_mix0493,10,4,0,-18,0,33.70
fold2_room1_mix0493,11,4,0,-17,0,34.48
fold2_room1_mix0493,12,4,0,-18,-1,34.01
fold2_room1_mix0493,13,4,0,-18,0,33.03
fold2_room1_mix0493,14,4,0,-20,0,32.30
fold2_room1_mix0493,15,4,0,-20,0,32.44
fold2_room1_mix0493,16,4,0,-22,0,30.17
fold2_room1_mix0493,17,4,0,-24,0,29.75
fold2_room1_mix0493,18,4,0,-24,0,29.84
fold2_room1_mix0493,19,4,0,-26,0,28.45
fold2_room1_mix0493,20,4,0,-25,0,28.21
fold2_room1_mix0493,21,4,0,-28,0,27.45
fold2_room1_mix0493,22,4,0,-27,0,26.66
fold2_room1_mix0493,23,4,0,-30,0,25.31
fold2_room1_mix0493,24,4,0,-29,0,24.76
fold2_room1_mix0493,25,4,0,-30,-1,23.99
fold2_room1_mix0493,26,4,0,-31,0,24.52
fold2_room1_mix0493,27,4,0,-34,0,23.82
fold2_room1_mix0493,28,4,0,-33,0,22.65
fold2_room1_mix0493,29,4,0,-35,0,22.09
fold2_room1_mix0493,30,4,0,-48,0,21.58
fold2_room1_mix0493,30,4,0,-27,0,22.41
fold2_room1_mix0493,31,4,0,-50,-1,18.70
fold2_room1_mix0493,31,4,0,-24,0,21.80
fold2_room1_mix0493,32,4,0,-51,-1,18.30
fold2_room1_mix0493,32,4,0,-28,0,20.62
fold2_room1_mix0493,33,4,0,-52,-1,17.74
fold2_room1_mix0493,33,4,0,-26,-1,21.21
fold2_room1_mix0493,34,4,0,-51,-1,16.96
fold2_room1_mix0493,34,4,0,-27,0,20.49
fold2_room1_mix0493,35,4,0,-56,-1,15.79
fold2_room1_mix0493,35,4,0,-36,0,19.32
fold2_room1_mix0493,35,4,0,-19,0,21.41
fold2_room1_mix0493,36,4,0,-56,-1,16.14
fold2_room1_mix0493,36,4,0,-32,-1,19.52
fold2_room1_mix0493,37,4,0,-54,-2,16.20
fold2_room1_mix0493,37,4,0,-23,0,20.97
fold2_room1_mix0493,38,4,0,-62,-2,14.07
fold2_room1_mix0493,38,4,0,-40,-1,17.72
fold2_room1_mix0493,38,4,0,-21,0,21.15
fold2_room1_mix0493,39,4,0,-66,-2,13.06
fold2_room1_mix0493,39,4,0,-48,-1,16.07
fold2_room1_mix0493,39,4,0,-17,0,22.02
fold2_room1_mix0493,40,4,0,-65,-2,13.64
fold2_room1_mix0493,40,4,0,-21,0,22.64
fold2_room1_mix0493,41,4,0,-66,-2,12.93
fold2_room1_mix0493,41,4,0,-13,0,24.12
fold2_room1_mix0493,42,4,0,-71,-3,12.18
fold2_room1_mix0493,42,4,0,-13,0,24.13
fold2_room1_mix0493,43,4,0,-81,-3,11.12
fold2_room1_mix0493,43,4,0,-61,-2,14.70
fold2_room1_mix0493,43,4,0,-11,0,24.86
fold2_room1_mix0493,44,4,0,-85,-3,11.12
fold2_room1_mix0493,44,4,0,-66,-2,14.02
fold2_room1_mix0493,44,4,0,-10,0,25.35
fold2_room1_mix0493,45,4,0,-81,-3,11.63
fold2_room1_mix0493,45,4,0,-6,0,23.90
fold2_room1_mix0493,46,4,0,-92,-3,11.43
fold2_room1_mix0493,46,4,0,-70,-2,13.47
fold2_room1_mix0493,46,4,0,-2,0,22.84
fold2_room1_mix0493,47,4,0,-96,-3,11.94
fold2_room1_mix0493,47,4,0,-74,-3,12.72
fold2_room1_mix0493,47,4,0,-10,0,23.71
fold2_room1_mix0493,48,4,0,-100,-2,12.59
fold2_room1_mix0493,48,4,0,-62,-2,14.34
fold2_room1_mix0493,48,4,0,-10,0,22.94
fold2_room1_mix0493,49,4,0,-111,-2,13.34
fold2_room1_mix0493,49,4,0,-25,-2,16.84
fold2_room1_mix0493,49,4,0,-8,-1,20.18
fold2_room1_mix0493,50,4,0,-115,-2,12.55
fold2_room1_mix0493,50,4,0,-7,-1,18.01
fold2_room1_mix0493,51,4,0,-119,-1,14.09
fold2_room1_mix0493,51,4,0,-7,-2,17.27
fold2_room1_mix0493,52,4,0,-124,-1,13.81
fold2_room1_mix0493,52,4,0,-4,-2,17.14
fold2_room1_mix0493,53,4,0,-123,-1,13.79
fold2_room1_mix0493,53,4,0,-3,-2,16.23
fold2_room1_mix0493,54,4,0,-125,-1,16.19
fold2_room1_mix0493,54,4,0,-6,-2,16.24
fold2_room1_mix0493,55,4,0,-124,-1,15.00
fold2_room1_mix0493,55,4,0,-2,-2,15.45
fold2_room1_mix0493,56,4,0,-129,-1,15.93
fold2_room1_mix0493,56,4,0,0,-2,15.57
fold2_room1_mix0493,57,4,0,-128,-1,15.49
fold2_room1_mix0493,57,4,0,2,-2,15.07
fold2_room1_mix0493,58,4,0,-132,-1,15.91
fold2_room1_mix0493,58,4,0,1,-2,14.91
fold2_room1_mix0493,59,4,0,-133,-1,16.56
fold2_room1_mix0493,59,4,0,3,-2,15.02
fold2_room1_mix0493,60,4,0,-136,-1,16.62
fold2_room1_mix0493,60,4,0,4,-3,13.67
fold2_room1_mix0493,61,4,0,-137,-1,16.92
fold2_room1_mix0493,61,4,0,6,-3,12.57
fold2_room1_mix0493,62,4,0,-141,-1,16.78
fold2_room1_mix0493,62,4,0,8,-4,11.73
fold2_room1_mix0493,63,4,0,-142,-1,17.31
fold2_room1_mix0493,63,4,0,9,-4,11.42
fold2_room1_mix0493,64,4,0,-142,0,17.76
fold2_room1_mix0493,64,4,0,11,-5,9.55
fold2_room1_mix0493,65,4,0,-144,0,17.60
fold2_room1_mix0493,65,4,0,12,-5,8.84
fold2_room1_mix0493,66,4,0,-145,0,18.65
fold2_room1_mix0493,66,4,0,14,-5,8.54
fold2_room1_mix0493,67,4,0,-146,0,19.06
fold2_room1_mix0493,67,4,0,14,-6,7.47
fold2_room1_mix0493,68,4,0,-148,0,19.79
fold2_room1_mix0493,68,4,0,15,-6,6.82
fold2_room1_mix0493,69,4,0,-149,0,20.38
fold2_room1_mix0493,69,4,0,18,-6,6.13
fold2_room1_mix0493,70,4,0,-153,1,24.22
fold2_room1_mix0493,70,4,0,19,-6,5.62
fold2_room1_mix0493,71,4,0,-157,1,25.97
fold2_room1_mix0493,71,4,0,23,-6,5.20
fold2_room1_mix0493,72,4,0,-158,2,28.34
fold2_room1_mix0493,72,4,0,25,-7,4.60
fold2_room1_mix0493,73,4,0,-160,2,30.83
fold2_room1_mix0493,73,4,0,31,-9,3.60
fold2_room1_mix0493,74,4,0,-162,3,31.74
fold2_room1_mix0493,74,4,0,41,-9,3.34
fold2_room1_mix0493,75,4,0,-167,3,33.14
fold2_room1_mix0493,75,4,0,60,-12,2.76
fold2_room1_mix0493,76,4,0,-164,4,30.55
fold2_room1_mix0493,76,4,0,87,-13,2.20
fold2_room1_mix0493,77,4,0,-161,4,30.79
fold2_room1_mix0493,77,4,0,118,-11,2.30
fold2_room1_mix0493,78,4,0,-160,5,36.00
fold2_room1_mix0493,78,4,0,134,-6,3.09
fold2_room1_mix0493,79,4,0,-160,5,33.79
fold2_room1_mix0493,79,4,0,144,-4,3.68
fold2_room1_mix0493,80,4,0,-160,5,30.49
fold2_room1_mix0493,80,4,0,148,-3,4.44
fold2_room1_mix0493,81,4,0,-161,5,31.06
fold2_room1_mix0493,81,4,0,153,-3,5.56
fold2_room1_mix0493,82,4,0,-161,4,28.33
fold2_room1_mix0493,82,4,0,159,-2,6.18
fold2_room1_mix0493,83,4,0,-165,3,25.63
fold2_room1_mix0493,83,4,0,160,-2,7.13
fold2_room1_mix0493,84,4,0,-164,3,27.51
fold2_room1_mix0493,84,4,0,165,-2,8.78
fold2_room1_mix0493,85,4,0,-163,3,26.97
fold2_room1_mix0493,85,4,0,166,-1,9.54
fold2_room1_mix0493,86,4,0,-164,3,28.05
fold2_room1_mix0493,86,4,0,165,-1,10.01
fold2_room1_mix0493,87,4,0,-170,2,22.75
fold2_room1_mix0493,87,4,0,168,-1,10.86
fold2_room1_mix0493,88,4,0,-165,2,26.90
fold2_room1_mix0493,88,4,0,167,-1,11.21
fold2_room1_mix0493,89,4,0,-170,2,25.22
fold2_room1_mix0493,89,4,0,170,-1,12.96
fold2_room1_mix0493,90,4,0,-170,2,24.67
fold2_room1_mix0493,90,4,0,170,-1,13.07
fold2_room1_mix0493,91,4,0,177,0,18.98
fold2_room1_mix0493,92,4,0,178,0,19.40
fold2_room1_mix0493,93,4,0,178,0,20.31
fold2_room1_mix0493,94,4,0,178,0,21.41
fold2_room1_mix0493,95,4,0,-179,0,21.43
fold2_room1_mix0493,96,4,0,-179,0,23.56
fold2_room1_mix0493,97,4,0,-179,0,25.72
fold2_room1_mix0493,98,4,0,-178,0,27.08
fold2_room1_mix0493,99,4,0,-178,0,26.88
fold2_room1_mix0493,3,4,0,-12,2,4.16
fold2_room1_mix0493,1,4,0,-13,-1,1.87
fold2_room1_mix0494,5,4,0,7,0,4.92
fold2_room1_mix0494,6,4,0,7,0,14.38
fold2_room1_mix0494,7,4,0,8,0,17.43
fold2_room1_mix0494,8,4,0,9,0,24.43
fold2_room1_mix0494,9,4,0,10,0,28.58
fold2_room1_mix0494,10,4,0,11,0,31.90
fold2_room1_mix0494,11,1,0,-45,-3,9.45
fold2_room1_mix0494,11,4,0,15,-1,29.01
fold2_room1_mix0494,12,1,0,-35,-3,29.84
fold2_room1_mix0494,12,4,0,12,-1,26.48
fold2_room1_mix0494,13,1,0,-34,-3,26.26
fold2_room1_mix0494,13,4,0,15,0,28.50
fold2_room1_mix0494,14,1,0,-34,-3,27.83
fold2_room1_mix0494,14,4,0,15,0,29.57
fold2_room1_mix0494,15,1,0,-39,-3,25.53
fold2_room1_mix0494,15,4,0,13,0,31.32
fold2_room1_mix0494,16,1,0,-50,-3,11.26
fold2_room1_mix0494,16,4,0,15,0,39.56
fold2_room1_mix0494,17,1,0,-39,-3,28.55
fold2_room1_mix0494,17,4,0,15,-1,29.78
fold2_room1_mix0494,18,1,0,-37,-3,23.76
fold2_room1_mix0494,18,4,0,15,0,28.71
fold2_room1_mix0494,19,1,0,-36,-2,31.96
fold2_room1_mix0494,19,4,0,13,-1,27.25
fold2_room1_mix0494,20,1,0,-39,-2,26.38
fold2_room1_mix0494,20,4,0,14,0,27.49
fold2_room1_mix0494,21,4,0,18,0,33.05
fold2_room1_mix0494,22,1,0,-40,-3,28.65
fold2_room1_mix0494,22,4,0,13,0,28.56
fold2_room1_mix0494,23,1,0,-40,-3,24.45
fold2_room1_mix0494,23,4,0,15,0,27.58
fold2_room1_mix0494,24,1,0,-43,-3,26.44
fold2_room1_mix0494,24,4,0,19,0,28.84
fold2_room1_mix0494,25,1,0,-44,-3,25.20
fold2_room1_mix0494,25,4,0,18,0,32.01
fold2_room1_mix0494,26,1,0,-58,-3,16.14
fold2_room1_mix0494,26,4,0,18,0,30.29
fold2_room1_mix0494,27,1,0,-53,-3,20.60
fold2_room1_mix0494,27,4,0,20,0,34.07
fold2_room1_mix0494,28,1,0,-47,-3,20.63
fold2_room1_mix0494,28,4,0,13,0,31.02
fold2_room1_mix0494,29,1,0,-52,-3,20.98
fold2_room1_mix0494,29,4,0,20,0,32.55
fold2_room1_mix0494,30,1,0,-49,-3,23.03
fold2_room1_mix0494,30,4,0,17,-1,33.50
fold2_room1_mix0494,31,1,0,-51,-3,21.77
fold2_room1_mix0494,31,4,0,19,0,31.52
fold2_room1_mix0494,32,4,0,23,0,29.62
fold2_room1_mix0494,33,1,0,-56,-3,23.61
fold2_room1_mix0494,33,4,0,24,-1,27.94
fold2_room1_mix0494,34,1,0,-57,-3,18.64
fold2_room1_mix0494,34,4,0,22,0,30.07
fold2_room1_mix0494,35,1,0,-65,-3,20.41
fold2_room1_mix0494,35,4,0,20,-1,29.03
fold2_room1_mix0494,36,1,0,-64,-3,20.68
fold2_room1_mix0494,36,4,0,21,0,30.80
fold2_room1_mix0494,37,4,0,25,0,30.51
fold2_room1_mix0494,38,1,0,-75,-4,16.71
fold2_room1_mix0494,38,4,0,22,0,31.51
fold2_room1_mix0494,39,1,0,-81,-3,14.17
fold2_room1_mix0494,39,4,0,18,0,32.77
fold2_room1_mix0494,40,1,0,-91,-4,13.52
fold2_room1_mix0494,40,4,0,32,-2,28.03
fold2_room1_mix0494,41,1,0,-90,-4,16.30
fold2_room1_mix0494,41,4,0,25,0,30.10
fold2_room1_mix0494,42,1,0,-95,-3,5.44
fold2_room1_mix0494,42,4,0,19,0,38.50
fold2_room1_mix0494,43,2,0,-85,-3,9.77
fold2_room1_mix0494,43,4,0,25,-2,27.55
fold2_room1_mix0494,44,1,0,-99,-3,11.14
fold2_room1_mix0494,44,2,0,-78,-2,9.47
fold2_room1_mix0494,44,4,0,19,0,38.62
fold2_room1_mix0494,45,1,0,-107,-4,13.85
fold2_room1_mix0494,45,2,0,-82,-1,11.88
fold2_room1_mix0494,45,4,0,27,0,28.83
fold2_room1_mix0494,46,1,0,-107,-3,12.63
fold2_room1_mix0494,46,2,0,-79,-1,11.87
fold2_room1_mix0494,46,4,0,26,-1,27.07
fold2_room1_mix0494,47,1,0,-110,-3,13.38
fold2_room1_mix0494,47,4,0,24,0,33.68
fold2_room1_mix0494,48,4,0,30,-2,19.49
fold2_room1_mix0494,49,1,0,-118,-3,10.48
fold2_room1_mix0494,49,4,0,25,-2,24.81
fold2_room1_mix0494,50,1,0,-123,-3,14.37
fold2_room1_mix0494,50,4,0,15,-1,30.50
fold2_room1_mix0494,51,1,0,-125,-3,15.18
fold2_room1_mix0494,51,4,0,34,-2,24.88
fold2_room1_mix0494,52,1,0,-125,-3,15.59
fold2_room1_mix0494,52,4,0,30,0,25.58
fold2_room1_mix0494,53,1,0,-124,-2,2.51
fold2_room1_mix0494,53,2,0,-84,-2,12.13
fold2_room1_mix0494,53,4,0,30,-1,23.67
fold2_room1_mix0494,54,2,0,-77,-3,13.78
fold2_room1_mix0494,54,4,0,27,-3,22.20
fold2_room1_mix0494,55,1,0,-134,-2,13.93
fold2_room1_mix0494,55,2,0,-79,-2,11.75
fold2_room1_mix0494,55,4,0,21,-2,22.74
fold2_room1_mix0494,56,1,0,-137,-3,16.88
fold2_room1_mix0494,56,2,0,-80,-2,12.61
fold2_room1_mix0494,56,4,0,37,-3,20.42
fold2_room1_mix0494,57,1,0,-134,-2,12.71
fold2_room1_mix0494,57,2,0,-78,-2,12.13
fold2_room1_mix0494,57,4,0,32,-2,21.69
fold2_room1_mix0494,58,1,0,-133,-2,5.54
fold2_room1_mix0494,58,4,0,27,-1,18.29
fold2_room1_mix0494,59,4,0,41,-3,13.77
fold2_room1_mix0494,60,4,0,44,-3,15.49
fold2_room1_mix0494,61,4,0,43,-2,16.53
fold2_room1_mix0494,62,4,0,46,-2,16.30
fold2_room1_mix0494,63,2,0,-66,-1,16.42
fold2_room1_mix0494,63,4,0,44,-3,15.22
fold2_room1_mix0494,64,2,0,-64,-1,16.88
fold2_room1_mix0494,64,4,0,47,-3,14.81
fold2_room1_mix0494,65,2,0,-65,-1,15.56
fold2_room1_mix0494,65,4,0,48,-3,16.04
fold2_room1_mix0494,66,2,0,-61,-1,15.17
fold2_room1_mix0494,66,4,0,47,-4,15.06
fold2_room1_mix0494,67,2,0,-61,-1,15.98
fold2_room1_mix0494,67,4,0,48,-3,14.97
fold2_room1_mix0494,68,4,0,53,-3,13.63
fold2_room1_mix0494,69,4,0,57,-3,13.34
fold2_room1_mix0494,70,4,0,57,-3,12.72
fold2_room1_mix0494,71,4,0,65,-3,12.58
fold2_room1_mix0494,72,4,0,64,-2,13.09
fold2_room1_mix0494,73,2,0,-63,-1,15.68
fold2_room1_mix0494,73,4,0,69,-3,12.67
fold2_room1_mix0494,74,2,0,-58,-1,17.14
fold2_room1_mix0494,74,4,0,69,-4,12.07
fold2_room1_mix0494,75,2,0,-61,0,18.54
fold2_room1_mix0494,75,4,0,72,-3,12.64
fold2_room1_mix0494,76,2,0,-60,0,18.40
fold2_room1_mix0494,76,4,0,77,-3,12.65
fold2_room1_mix0494,77,2,0,-59,0,18.07
fold2_room1_mix0494,77,4,0,76,-4,12.67
fold2_room1_mix0494,78,2,0,-61,-1,20.26
fold2_room1_mix0494,78,4,0,77,-4,11.60
fold2_room1_mix0494,79,4,0,80,-4,10.41
fold2_room1_mix0494,80,4,0,83,-3,10.33
fold2_room1_mix0494,81,4,0,84,-4,10.48
fold2_room1_mix0494,82,4,0,86,-3,11.29
fold2_room1_mix0494,83,4,0,89,-3,11.68
fold2_room1_mix0494,84,2,0,-63,0,15.48
fold2_room1_mix0494,84,4,0,93,-4,12.42
fold2_room1_mix0494,85,2,0,-62,0,19.57
fold2_room1_mix0494,85,4,0,99,-4,12.08
fold2_room1_mix0494,86,2,0,-59,-2,22.19
fold2_room1_mix0494,86,4,0,103,-4,11.79
fold2_room1_mix0494,87,2,0,-60,0,19.16
fold2_room1_mix0494,87,4,0,109,-4,12.24
fold2_room1_mix0494,88,2,0,-62,-1,16.37
fold2_room1_mix0494,88,4,0,112,-4,12.12
fold2_room1_mix0494,89,4,0,116,-4,11.39
fold2_room1_mix0494,90,4,0,118,-4,12.31
fold2_room1_mix0494,91,4,0,119,-3,12.43
fold2_room1_mix0494,92,4,0,122,-3,12.95
fold2_room1_mix0494,93,4,0,124,-3,13.80
fold2_room1_mix0494,94,4,0,128,-2,14.37
fold2_room1_mix0494,95,4,0,128,-2,14.54
fold2_room1_mix0494,96,4,0,130,-2,15.38
fold2_room1_mix0494,97,4,0,132,-2,16.01
fold2_room1_mix0494,98,4,0,135,-1,16.55
fold2_room1_mix0494,99,4,0,138,-1,16.91
fold2_room1_mix0494,4,4,0,2,1,2.16
fold2_room1_mix0495,3,4,0,179,0,3.35
fold2_room1_mix0495,4,4,0,175,-1,10.88
fold2_room1_mix0495,5,4,0,175,-1,13.55
fold2_room1_mix0495,6,4,0,173,0,12.59
fold2_room1_mix0495,7,4,0,174,0,17.84
fold2_room1_mix0495,8,4,0,174,-1,19.27
fold2_room1_mix0495,9,4,0,174,-1,19.91
fold2_room1_mix0495,10,4,0,172,-1,18.78
fold2_room1_mix0495,11,4,0,172,-1,18.16
fold2_room1_mix0495,12,4,0,169,-1,17.70
fold2_room1_mix0495,13,4,0,174,-1,16.59
fold2_room1_mix0495,14,4,0,169,-1,16.62
fold2_room1_mix0495,15,4,0,171,-1,16.65
fold2_room1_mix0495,16,4,0,174,-1,15.64
fold2_room1_mix0495,17,4,0,175,-2,15.28
fold2_room1_mix0495,18,4,0,174,-1,15.18
fold2_room1_mix0495,19,4,0,175,-2,14.73
fold2_room1_mix0495,20,4,0,175,-2,14.17
fold2_room1_mix0495,21,4,0,172,-2,13.36
fold2_room1_mix0495,22,4,0,175,-2,13.62
fold2_room1_mix0495,23,4,0,175,-2,13.14
fold2_room1_mix0495,24,4,0,174,-3,12.54
fold2_room1_mix0495,25,4,0,171,-2,11.99
fold2_room1_mix0495,26,4,0,174,-2,12.05
fold2_room1_mix0495,27,4,0,172,-3,12.00
fold2_room1_mix0495,28,4,0,173,-3,10.90
fold2_room1_mix0495,29,4,0,173,-3,10.57
fold2_room1_mix0495,30,4,0,171,-4,9.52
fold2_room1_mix0495,31,4,0,171,-4,9.17
fold2_room1_mix0495,32,4,0,172,-4,8.62
fold2_room1_mix0495,33,4,0,169,-4,8.63
fold2_room1_mix0495,34,4,0,169,-4,8.46
fold2_room1_mix0495,35,4,0,167,-4,7.82
fold2_room1_mix0495,36,4,0,165,-5,7.14
fold2_room1_mix0495,37,4,0,168,-5,6.70
fold2_room1_mix0495,38,4,0,167,-6,6.66
fold2_room1_mix0495,39,4,0,166,-6,6.26
fold2_room1_mix0495,40,4,0,162,-7,5.27
fold2_room1_mix0495,41,4,0,164,-8,5.04
fold2_room1_mix0495,42,4,0,161,-8,4.59
fold2_room1_mix0495,43,4,0,161,-8,4.83
fold2_room1_mix0495,44,4,0,156,-10,3.89
fold2_room1_mix0495,45,4,0,157,-11,4.47
fold2_room1_mix0495,46,4,0,149,-14,3.50
fold2_room1_mix0495,47,4,0,142,-18,3.33
fold2_room1_mix0495,48,4,0,137,-17,4.19
fold2_room1_mix0495,48,4,0,117,-22,2.17
fold2_room1_mix0495,49,4,0,118,-19,4.07
fold2_room1_mix0495,49,4,0,95,-23,2.55
fold2_room1_mix0495,50,4,0,98,-21,3.38
fold2_room1_mix0495,50,4,0,66,-20,2.55
fold2_room1_mix0495,51,4,0,124,-17,5.49
fold2_room1_mix0495,51,4,0,51,-18,2.11
fold2_room1_mix0495,51,4,0,33,-12,4.94
fold2_room1_mix0495,52,4,0,115,-18,4.71
fold2_room1_mix0495,52,4,0,30,-12,3.95
fold2_room1_mix0495,53,4,0,149,-11,6.01
fold2_room1_mix0495,53,4,0,24,-9,4.16
fold2_room1_mix0495,54,4,0,164,-6,8.14
fold2_room1_mix0495,54,4,0,23,-9,3.72
fold2_room1_mix0495,55,4,0,165,-5,9.21
fold2_room1_mix0495,55,4,0,23,-8,4.20
fold2_room1_mix0495,56,4,0,169,-5,7.09
fold2_room1_mix0495,56,4,0,19,-7,4.73
fold2_room1_mix0495,57,4,0,179,-4,7.30
fold2_room1_mix0495,57,4,0,15,-6,4.97
fold2_room1_mix0495,58,4,0,-179,-5,6.79
fold2_room1_mix0495,58,4,0,14,-6,5.57
fold2_room1_mix0495,59,4,0,-174,-5,5.86
fold2_room1_mix0495,59,4,0,13,-6,5.63
fold2_room1_mix0495,60,4,0,-173,-4,5.46
fold2_room1_mix0495,60,4,0,14,-6,5.54
fold2_room1_mix0495,61,4,0,-164,-5,4.88
fold2_room1_mix0495,61,4,0,13,-6,5.52
fold2_room1_mix0495,62,4,0,-161,-7,4.17
fold2_room1_mix0495,62,4,0,12,-6,6.20
fold2_room1_mix0495,63,4,0,-147,-8,3.16
fold2_room1_mix0495,63,4,0,11,-5,6.11
fold2_room1_mix0495,64,4,0,-122,-16,1.98
fold2_room1_mix0495,64,4,0,9,-5,6.58
fold2_room1_mix0495,65,4,0,-84,-15,2.08
fold2_room1_mix0495,65,4,0,6,-3,8.07
fold2_room1_mix0495,66,4,0,-56,-14,2.25
fold2_room1_mix0495,66,4,0,7,-3,9.08
fold2_room1_mix0495,67,4,0,-42,-9,2.96
fold2_room1_mix0495,67,4,0,7,-2,9.44
fold2_room1_mix0495,68,4,0,-28,-8,3.45
fold2_room1_mix0495,68,4,0,12,-3,9.01
fold2_room1_mix0495,69,4,0,-17,-6,4.41
fold2_room1_mix0495,69,4,0,9,-3,9.03
fold2_room1_mix0495,70,4,0,-15,-6,5.34
fold2_room1_mix0495,70,4,0,8,-3,10.31
fold2_room1_mix0495,71,4,0,-11,-5,6.17
fold2_room1_mix0495,71,4,0,8,-3,10.78
fold2_room1_mix0495,72,4,0,-6,-4,7.17
fold2_room1_mix0495,72,4,0,9,-3,11.12
fold2_room1_mix0495,73,4,0,3,-3,10.59
fold2_room1_mix0495,74,4,0,3,-3,11.75
fold2_room1_mix0495,75,4,0,4,-3,11.64
fold2_room1_mix0495,76,4,0,3,-2,12.16
fold2_room1_mix0495,77,4,0,3,-2,12.95
fold2_room1_mix0495,78,4,0,4,-2,14.38
fold2_room1_mix0495,79,4,0,4,-2,14.16
fold2_room1_mix0495,80,4,0,2,-2,14.99
fold2_room1_mix0495,81,4,0,1,-2,14.98
fold2_room1_mix0495,82,4,0,2,-2,15.21
fold2_room1_mix0495,83,4,0,2,-2,16.41
fold2_room1_mix0495,84,4,0,3,-2,16.79
fold2_room1_mix0495,85,4,0,4,-2,16.98
fold2_room1_mix0495,86,4,0,3,-2,17.91
fold2_room1_mix0495,87,4,0,3,-1,18.89
fold2_room1_mix0495,88,4,0,4,-2,18.48
fold2_room1_mix0495,89,4,0,2,-2,18.55
fold2_room1_mix0495,90,4,0,3,-2,19.76
fold2_room1_mix0495,91,4,0,3,-1,19.53
fold2_room1_mix0495,92,4,0,3,-2,19.07
fold2_room1_mix0495,93,4,0,2,-1,18.36
fold2_room1_mix0495,94,4,0,2,-1,18.37
fold2_room1_mix0495,95,4,0,2,-2,17.96
fold2_room1_mix0495,96,4,0,2,-1,18.23
fold2_room1_mix0495,97,4,0,2,-1,22.50
fold2_room1_mix0495,98,4,0,2,-1,9.55
fold2_room1_mix0495,99,4,0,2,-1,4.36
fold2_room1_mix0496,2,4,0,4,0,1.14
fold2_room1_mix0496,3,4,0,11,-2,4.27
fold2_room1_mix0496,4,4,0,10,-3,6.95
fold2_room1_mix0496,5,4,0,11,-3,7.05
fold2_room1_mix0496,6,4,0,12,-3,9.17
fold2_room1_mix0496,7,4,0,15,-4,11.54
fold2_room1_mix0496,8,4,0,14,-4,10.50
fold2_room1_mix0496,9,4,0,13,-4,10.32
fold2_room1_mix0496,10,4,0,15,-4,10.41
fold2_room1_mix0496,11,4,0,17,-4,9.73
fold2_room1_mix0496,12,4,0,16,-3,8.83
fold2_room1_mix0496,13,4,0,17,-3,10.28
fold2_room1_mix0496,14,4,0,17,-4,9.66
fold2_room1_mix0496,15,4,0,18,-4,8.82
fold2_room1_mix0496,16,4,0,18,-4,8.04
fold2_room1_mix0496,17,4,0,18,-4,7.85
fold2_room1_mix0496,18,4,0,18,-4,7.57
fold2_room1_mix0496,19,4,0,18,-5,6.88
fold2_room1_mix0496,20,4,0,20,-4,7.17
fold2_room1_mix0496,21,4,0,18,-4,7.06
fold2_room1_mix0496,22,4,0,20,-4,6.87
fold2_room1_mix0496,23,4,0,21,-4,6.96
fold2_room1_mix0496,24,4,0,24,-4,6.69
fold2_room1_mix0496,25,4,0,20,-5,6.61
fold2_room1_mix0496,26,4,0,21,-5,7.13
fold2_room1_mix0496,27,4,0,24,-5,6.47
fold2_room1_mix0496,28,4,0,24,-5,6.41
fold2_room1_mix0496,29,4,0,23,-5,6.03
fold2_room1_mix0496,30,4,0,25,-5,6.13
fold2_room1_mix0496,31,4,0,25,-5,5.87
fold2_room1_mix0496,32,4,0,28,-6,5.89
fold2_room1_mix0496,33,4,0,28,-6,5.53
fold2_room1_mix0496,34,4,0,29,-6,5.27
fold2_room1_mix0496,35,4,0,31,-6,5.02
fold2_room1_mix0496,36,4,0,30,-6,4.62
fold2_room1_mix0496,37,4,0,33,-7,4.42
fold2_room1_mix0496,38,4,0,36,-7,4.21
fold2_room1_mix0496,39,4,0,37,-7,4.36
fold2_room1_mix0496,40,3,0,-132,-5,8.52
fold2_room1_mix0496,40,4,0,45,-7,4.60
fold2_room1_mix0496,41,3,0,-132,-5,17.02
fold2_room1_mix0496,41,4,0,66,-7,5.75
fold2_room1_mix0496,41,4,0,37,-6,4.96
fold2_room1_mix0496,41,4,0,20,-6,6.18
fold2_room1_mix0496,42,3,0,-131,-5,15.21
fold2_room1_mix0496,42,4,0,75,-7,5.79
fold2_room1_mix0496,42,4,0,41,-6,5.14
fold2_room1_mix0496,42,4,0,15,-4,8.19
fold2_room1_mix0496,43,3,0,-117,-5,10.44
fold2_room1_mix0496,43,4,0,62,-8,4.55
fold2_room1_mix0496,43,4,0,32,-5,8.14
fold2_room1_mix0496,44,3,0,-120,-5,9.42
fold2_room1_mix0496,44,4,0,70,-8,4.38
fold2_room1_mix0496,45,3,0,-121,-5,13.03
fold2_room1_mix0496,45,4,0,85,-7,5.16
fold2_room1_mix0496,45,4,0,67,-7,4.39
fold2_room1_mix0496,45,4,0,41,-4,7.54
fold2_room1_mix0496,46,3,0,-117,-5,13.37
fold2_room1_mix0496,46,4,0,87,-7,4.05
fold2_room1_mix0496,47,3,0,-120,-4,14.35
fold2_room1_mix0496,47,4,0,93,-6,4.19
fold2_room1_mix0496,48,3,0,-116,-4,11.47
fold2_room1_mix0496,48,4,0,98,-7,3.95
fold2_room1_mix0496,49,3,0,-107,-5,9.19
fold2_room1_mix0496,49,4,0,105,-7,3.96
fold2_room1_mix0496,50,3,0,-98,-5,8.56
fold2_room1_mix0496,50,4,0,107,-7,4.18
fold2_room1_mix0496,51,3,0,-100,-5,7.99
fold2_room1_mix0496,51,4,0,115,-8,3.80
fold2_room1_mix0496,52,3,0,-91,-4,7.66
fold2_room1_mix0496,52,4,0,118,-6,4.25
fold2_room1_mix0496,53,3,0,-89,-4,6.29
fold2_room1_mix0496,53,4,0,123,-6,4.21
fold2_room1_mix0496,54,3,0,-87,-4,4.41
fold2_room1_mix0496,54,4,0,129,-5,4.02
fold2_room1_mix0496,55,3,0,-85,-3,6.47
fold2_room1_mix0496,55,4,0,127,-5,4.19
fold2_room1_mix0496,56,4,0,133,-6,4.15
fold2_room1_mix0496,57,4,0,139,-6,4.16
fold2_room1_mix0496,58,4,0,140,-6,4.18
fold2_room1_mix0496,59,4,0,146,-6,4.17
fold2_room1_mix0496,59,4,0,127,-6,5.26
fold2_room1_mix0496,60,3,0,-64,-4,10.98
fold2_room1_mix0496,60,4,0,136,-5,4.76
fold2_room1_mix0496,61,3,0,-59,-3,12.43
fold2_room1_mix0496,61,4,0,147,-4,5.36
fold2_room1_mix0496,61,4,0,98,-4,6.45
fold2_room1_mix0496,62,3,0,-61,-3,12.46
fold2_room1_mix0496,62,4,0,145,-3,5.65
fold2_room1_mix0496,62,4,0,110,-3,7.04
fold2_room1_mix0496,63,3,0,-68,-4,10.97
fold2_room1_mix0496,63,4,0,152,-3,5.80
fold2_room1_mix0496,63,4,0,116,-4,7.03
fold2_room1_mix0496,64,3,0,-71,-3,13.63
fold2_room1_mix0496,64,4,0,151,-4,5.21
fold2_room1_mix0496,64,4,0,109,-6,5.98
fold2_room1_mix0496,65,3,0,-59,-3,14.17
fold2_room1_mix0496,65,4,0,153,-4,6.08
fold2_room1_mix0496,65,4,0,85,-4,7.71
fold2_room1_mix0496,66,3,0,-69,-4,12.43
fold2_room1_mix0496,66,4,0,153,-3,6.36
fold2_room1_mix0496,66,4,0,120,-3,7.21
fold2_room1_mix0496,67,3,0,-49,-3,12.76
fold2_room1_mix0496,67,4,0,157,-4,6.08
fold2_room1_mix0496,67,4,0,130,-4,6.99
fold2_room1_mix0496,68,3,0,-48,-2,12.66
fold2_room1_mix0496,68,4,0,158,-3,6.02
fold2_room1_mix0496,68,4,0,136,-3,7.39
fold2_room1_mix0496,69,3,0,-40,-3,11.17
fold2_room1_mix0496,69,4,0,159,-3,5.67
fold2_room1_mix0496,69,4,0,141,-3,6.70
fold2_room1_mix0496,70,3,0,-41,-2,10.70
fold2_room1_mix0496,70,4,0,155,-3,7.04
fold2_room1_mix0496,71,3,0,-36,-2,11.43
fold2_room1_mix0496,71,4,0,160,-3,5.92
fold2_room1_mix0496,71,4,0,111,-1,9.31
fold2_room1_mix0496,72,3,0,-31,-2,4.41
fold2_room1_mix0496,72,4,0,157,-2,7.45
fold2_room1_mix0496,73,4,0,163,-3,7.21
fold2_room1_mix0496,73,4,0,143,-2,10.76
fold2_room1_mix0496,74,4,0,158,-3,8.49
fold2_room1_mix0496,75,4,0,163,-2,7.48
fold2_room1_mix0496,75,4,0,143,-2,11.44
fold2_room1_mix0496,76,4,0,160,-2,8.71
fold2_room1_mix0496,77,4,0,161,-2,9.16
fold2_room1_mix0496,78,4,0,163,-2,9.34
fold2_room1_mix0496,79,4,0,166,-2,8.75
fold2_room1_mix0496,80,3,0,-33,-3,9.33
fold2_room1_mix0496,80,4,0,165,-2,7.73
fold2_room1_mix0496,81,3,0,-40,-3,14.44
fold2_room1_mix0496,81,4,0,166,-2,7.96
fold2_room1_mix0496,82,3,0,-36,-3,14.10
fold2_room1_mix0496,82,4,0,166,-1,7.83
fold2_room1_mix0496,83,3,0,-36,-2,10.97
fold2_room1_mix0496,83,4,0,167,-2,7.62
fold2_room1_mix0496,84,3,0,-33,-2,7.94
fold2_room1_mix0496,84,4,0,165,-2,9.71
fold2_room1_mix0496,85,3,0,-30,-2,16.13
fold2_room1_mix0496,85,4,0,165,-2,8.45
fold2_room1_mix0496,86,3,0,-32,-2,16.04
fold2_room1_mix0496,86,4,0,163,-1,8.85
fold2_room1_mix0496,87,3,0,-34,-2,14.82
fold2_room1_mix0496,87,4,0,164,-1,9.22
fold2_room1_mix0496,88,3,0,-33,-2,9.00
fold2_room1_mix0496,88,4,0,164,-2,9.45
fold2_room1_mix0496,89,4,0,165,-2,10.49
fold2_room1_mix0496,90,4,0,165,-2,10.97
fold2_room1_mix0496,91,4,0,166,-2,10.80
fold2_room1_mix0496,92,4,0,168,-2,10.70
fold2_room1_mix0496,93,4,0,168,-2,11.46
fold2_room1_mix0496,94,4,0,169,-2,8.42
fold2_room1_mix0496,95,4,0,169,-2,11.08
fold2_room1_mix0496,96,4,0,170,-2,11.28
fold2_room1_mix0496,97,4,0,169,-2,11.25
fold2_room1_mix0496,98,4,0,170,-2,11.46
fold2_room1_mix0496,99,4,0,172,-3,6.91
fold2_room1_mix0497,1,4,0,-176,0,1.52
fold2_room1_mix0497,2,4,0,-175,0,0.90
fold2_room1_mix0497,3,4,0,-173,0,3.84
fold2_room1_mix0497,4,4,0,-172,0,10.80
fold2_room1_mix0497,5,4,0,-170,0,12.70
fold2_room1_mix0497,6,4,0,-170,0,13.98
fold2_room1_mix0497,7,4,0,-169,0,15.88
fold2_room1_mix0497,8,4,0,-167,0,21.07
fold2_room1_mix0497,9,4,0,-168,-1,19.84
fold2_room1_mix0497,10,4,0,-167,-1,19.58
fold2_room1_mix0497,11,4,0,-167,-1,19.09
fold2_room1_mix0497,12,4,0,-166,-1,17.84
fold2_room1_mix0497,13,4,0,-167,-1,17.36
fold2_room1_mix0497,14,4,0,-166,-1,17.45
fold2_room1_mix0497,15,4,0,-166,-1,17.89
fold2_room1_mix0497,16,4,0,-165,-1,16.87
fold2_room1_mix0497,17,4,0,-164,-1,18.18
fold2_room1_mix0497,18,4,0,-165,-1,18.38
fold2_room1_mix0497,19,4,0,-165,-1,17.78
fold2_room1_mix0497,20,4,0,-165,-1,17.86
fold2_room1_mix0497,21,4,0,-165,-1,17.91
fold2_room1_mix0497,22,4,0,-164,-1,17.90
fold2_room1_mix0497,23,4,0,-163,-1,16.68
fold2_room1_mix0497,24,4,0,-162,-1,17.80
fold2_room1_mix0497,25,4,0,-162,-1,17.58
fold2_room1_mix0497,26,4,0,-160,-1,18.73
fold2_room1_mix0497,27,4,0,-161,-1,19.76
fold2_room1_mix0497,28,4,0,-161,-1,19.65
fold2_room1_mix0497,29,4,0,-161,-1,18.77
fold2_room1_mix0497,30,4,0,-160,-1,18.92
fold2_room1_mix0497,31,4,0,-160,-1,19.09
fold2_room1_mix0497,32,4,0,-160,-1,21.14
fold2_room1_mix0497,33,4,0,-159,-1,18.46
fold2_room1_mix0497,34,4,0,-158,-1,18.27
fold2_room1_mix0497,35,4,0,-158,-1,19.29
fold2_room1_mix0497,36,4,0,-156,-1,18.34
fold2_room1_mix0497,37,4,0,-156,-1,17.14
fold2_room1_mix0497,38,4,0,-156,-1,16.90
fold2_room1_mix0497,39,4,0,-156,-1,16.63
fold2_room1_mix0497,40,4,0,-154,-1,16.97
fold2_room1_mix0497,41,4,0,-153,-1,15.36
fold2_room1_mix0497,42,4,0,-155,-1,15.04
fold2_room1_mix0497,43,4,0,-153,-1,14.92
fold2_room1_mix0497,44,4,0,-154,-1,14.51
fold2_room1_mix0497,45,4,0,-153,-1,13.94
fold2_room1_mix0497,46,4,0,-151,-1,14.12
fold2_room1_mix0497,47,4,0,-151,-1,13.16
fold2_room1_mix0497,48,4,0,-149,-1,13.15
fold2_room1_mix0497,49,4,0,-150,-1,12.31
fold2_room1_mix0497,50,4,0,-148,-2,11.94
fold2_room1_mix0497,51,4,0,-146,-2,11.88
fold2_room1_mix0497,52,4,0,-145,-2,12.02
fold2_room1_mix0497,53,4,0,-144,-2,11.67
fold2_room1_mix0497,54,4,0,-143,-2,11.45
fold2_room1_mix0497,55,4,0,-139,-2,11.16
fold2_room1_mix0497,56,4,0,-137,-2,11.08
fold2_room1_mix0497,57,4,0,-136,-2,10.78
fold2_room1_mix0497,58,4,0,-134,-2,9.83
fold2_room1_mix0497,59,4,0,-131,-2,9.83
fold2_room1_mix0497,60,4,0,-129,-2,9.47
fold2_room1_mix0497,61,4,0,-127,-3,8.76
fold2_room1_mix0497,62,4,0,-123,-3,8.43
fold2_room1_mix0497,63,4,0,-120,-3,7.93
fold2_room1_mix0497,64,4,0,-116,-3,7.25
fold2_room1_mix0497,65,4,0,-113,-3,6.94
fold2_room1_mix0497,66,4,0,-110,-3,7.26
fold2_room1_mix0497,67,4,0,-106,-3,6.74
fold2_room1_mix0497,68,4,0,-101,-3,6.46
fold2_room1_mix0497,69,4,0,-96,-4,6.06
fold2_room1_mix0497,70,4,0,-92,-4,6.03
fold2_room1_mix0497,71,4,0,-90,-4,6.13
fold2_room1_mix0497,72,4,0,-86,-3,6.48
fold2_room1_mix0497,73,4,0,-81,-3,6.29
fold2_room1_mix0497,74,4,0,-77,-3,6.62
fold2_room1_mix0497,75,4,0,-73,-3,6.88
fold2_room1_mix0497,76,4,0,-68,-2,7.48
fold2_room1_mix0497,77,4,0,-64,-3,7.18
fold2_room1_mix0497,78,4,0,-64,-2,8.15
fold2_room1_mix0497,79,4,0,-59,-2,8.88
fold2_room1_mix0497,80,4,0,-57,-2,8.60
fold2_room1_mix0497,81,4,0,-53,-2,9.03
fold2_room1_mix0497,82,4,0,-50,-2,9.65
fold2_room1_mix0497,83,4,0,-48,-2,9.70
fold2_room1_mix0497,84,4,0,-44,-1,10.37
fold2_room1_mix0497,85,4,0,-41,-2,10.81
fold2_room1_mix0497,86,4,0,-38,-2,11.24
fold2_room1_mix0497,87,4,0,-36,-1,11.56
fold2_room1_mix0497,88,4,0,-33,-1,12.31
fold2_room1_mix0497,89,4,0,-34,-1,12.94
fold2_room1_mix0497,90,4,0,-32,-1,13.48
fold2_room1_mix0497,91,4,0,-31,-1,14.43
fold2_room1_mix0497,92,4,0,-30,-1,14.51
fold2_room1_mix0497,93,4,0,-29,-1,14.55
fold2_room1_mix0497,94,4,0,-28,-1,15.92
fold2_room1_mix0497,95,4,0,-28,-1,15.54
fold2_room1_mix0497,96,4,0,-26,-1,15.61
fold2_room1_mix0497,97,4,0,-24,0,16.89
fold2_room1_mix0497,98,4,0,-24,-1,17.43
fold2_room1_mix0497,99,4,0,-22,-1,16.83
fold2_room1_mix0498,12,0,0,0,-1,5.18
fold2_room1_mix0498,14,0,0,4,-1,32.10
fold2_room1_mix0498,15,0,0,-1,-1,18.08
fold2_room1_mix0498,16,0,0,0,-1,16.04
fold2_room1_mix0498,17,0,0,2,-1,24.63
fold2_room1_mix0498,18,0,0,2,-1,28.99
fold2_room1_mix0498,19,0,0,2,-1,37.18
fold2_room1_mix0498,20,0,0,6,-1,27.36
fold2_room1_mix0498,21,0,0,0,-1,28.97
fold2_room1_mix0498,22,0,0,4,-1,31.14
fold2_room1_mix0498,23,0,0,4,-1,34.73
fold2_room1_mix0498,24,0,0,7,-1,31.88
fold2_room1_mix0498,25,0,0,9,-1,31.89
fold2_room1_mix0498,26,0,0,10,-1,27.69
fold2_room1_mix0498,27,0,0,14,-1,30.14
fold2_room1_mix0498,28,0,0,15,-1,27.72
fold2_room1_mix0498,29,0,0,14,-1,24.44
fold2_room1_mix0498,30,0,0,13,-1,23.76
fold2_room1_mix0498,31,0,0,14,-1,22.33
fold2_room1_mix0498,32,0,0,9,0,6.08
fold2_room1_mix0498,33,0,0,10,0,2.33
fold2_room1_mix0499,49,4,0,-44,-1,9.08
fold2_room1_mix0499,50,4,0,-49,-2,12.21
fold2_room1_mix0499,50,4,0,-30,-2,15.04
fold2_room1_mix0499,51,4,0,-47,-2,12.99
fold2_room1_mix0499,51,4,0,-3,-1,17.46
fold2_room1_mix0499,52,4,0,-52,-3,13.77
fold2_room1_mix0499,52,4,0,-9,-2,17.84
fold2_room1_mix0499,53,4,0,-60,-2,13.25
fold2_room1_mix0499,53,4,0,-3,-2,19.27
fold2_room1_mix0499,54,4,0,-54,-3,13.46
fold2_room1_mix0499,54,4,0,0,-3,18.44
fold2_room1_mix0499,55,4,0,-55,-3,13.85
fold2_room1_mix0499,55,4,0,7,-2,19.78
fold2_room1_mix0499,56,4,0,-63,-3,12.71
fold2_room1_mix0499,56,4,0,12,-3,17.42
fold2_room1_mix0499,57,4,0,-61,-3,12.90
fold2_room1_mix0499,57,4,0,25,-2,17.32
fold2_room1_mix0499,58,4,0,-62,-3,11.84
fold2_room1_mix0499,58,4,0,21,-3,15.57
fold2_room1_mix0499,59,4,0,-63,-3,12.44
fold2_room1_mix0499,59,4,0,31,-3,15.40
fold2_room1_mix0499,60,4,0,-64,-3,12.81
fold2_room1_mix0499,60,4,0,-48,-3,12.99
fold2_room1_mix0499,60,4,0,29,-3,13.94
fold2_room1_mix0499,61,4,0,-74,-2,12.44
fold2_room1_mix0499,61,4,0,-11,-4,12.85
fold2_room1_mix0499,61,4,0,21,-4,12.13
fold2_room1_mix0499,62,4,0,-68,-4,11.10
fold2_room1_mix0499,62,4,0,-50,-4,11.39
fold2_room1_mix0499,62,4,0,30,-4,11.60
fold2_room1_mix0499,63,4,0,-80,-3,13.09
fold2_room1_mix0499,63,4,0,21,-5,11.28
fold2_room1_mix0499,64,4,0,-73,-4,12.95
fold2_room1_mix0499,64,4,0,-1,-9,9.30
fold2_room1_mix0499,64,4,0,26,-5,9.65
fold2_room1_mix0499,65,4,0,-103,-3,12.68
fold2_room1_mix0499,65,4,0,42,-5,8.46
fold2_room1_mix0499,65,4,0,10,-5,8.77
fold2_room1_mix0499,66,4,0,-107,-1,13.87
fold2_room1_mix0499,66,4,0,65,-4,9.08
fold2_room1_mix0499,66,4,0,8,-7,6.66
fold2_room1_mix0499,67,4,0,-122,-2,13.40
fold2_room1_mix0499,67,4,0,58,-4,7.67
fold2_room1_mix0499,67,4,0,-1,-8,5.54
fold2_room1_mix0499,68,4,0,147,-2,14.07
fold2_room1_mix0499,68,4,0,-67,-3,8.85
fold2_room1_mix0499,68,4,0,30,-9,4.54
fold2_room1_mix0499,70,4,0,74,-8,7.72
fold2_room1_mix0499,70,4,0,19,-11,4.51
fold2_room1_mix0499,71,4,0,72,-12,4.41
fold2_room1_mix0499,71,4,0,-32,-10,7.06
fold2_room1_mix0499,71,4,0,16,-12,4.01
fold2_room1_mix0499,72,4,0,88,-14,2.67
fold2_room1_mix0499,72,4,0,-25,-3,10.25
fold2_room1_mix0499,73,4,0,144,-9,4.50
fold2_room1_mix0499,74,4,0,171,-5,5.38
fold2_room1_mix0499,74,4,0,143,-8,2.98
fold2_room1_mix0499,75,4,0,-177,-3,5.95
fold2_room1_mix0499,75,4,0,175,-3,7.25
fold2_room1_mix0499,76,4,0,-179,-3,5.62
fold2_room1_mix0499,76,4,0,179,-3,7.59
fold2_room1_mix0499,77,4,0,175,-2,4.67
fold2_room1_mix0499,77,4,0,175,-2,6.93
fold2_room1_mix0499,78,4,0,168,-2,6.44
fold2_room1_mix0499,79,4,0,175,-1,6.64
fold2_room1_mix0499,79,4,0,152,-1,8.83
fold2_room1_mix0499,80,4,0,-162,0,8.72
fold2_room1_mix0499,80,4,0,167,0,7.34
fold2_room1_mix0499,80,4,0,150,-1,8.58
fold2_room1_mix0499,81,4,0,177,-1,8.09
fold2_room1_mix0499,81,4,0,153,0,11.53
fold2_room1_mix0499,82,4,0,-169,0,10.23
fold2_room1_mix0499,82,4,0,160,-1,10.26
fold2_room1_mix0499,83,4,0,-160,0,10.85
fold2_room1_mix0499,83,4,0,161,-1,10.68
fold2_room1_mix0499,84,4,0,-166,0,12.18
fold2_room1_mix0499,84,4,0,158,0,11.74
fold2_room1_mix0499,85,4,0,-170,0,12.76
fold2_room1_mix0499,85,4,0,165,-1,12.18
fold2_room1_mix0499,86,4,0,-169,0,11.89
fold2_room1_mix0499,86,4,0,163,-1,11.31
fold2_room1_mix0499,87,4,0,173,0,12.61
fold2_room1_mix0499,88,4,0,174,0,13.72
fold2_room1_mix0499,89,4,0,172,-1,12.85
fold2_room1_mix0499,90,4,0,169,-1,13.70
fold2_room1_mix0499,91,4,0,169,-1,12.40
fold2_room1_mix0499,92,4,0,170,0,5.44
fold2_room1_mix0499,69,4,0,7,-12,5.28
fold2_room1_mix0499,45,4,0,-36,-1,2.08
fold2_room1_mix0500,65,4,0,-179,-1,11.25
fold2_room1_mix0500,66,4,0,-178,0,11.19
fold2_room1_mix0500,67,4,0,-175,-1,14.69
fold2_room1_mix0500,68,4,0,-176,-1,14.92
fold2_room1_mix0500,69,4,0,-177,-1,15.86
fold2_room1_mix0500,70,4,0,-175,-1,15.24
fold2_room1_mix0500,71,4,0,-176,-2,14.52
fold2_room1_mix0500,72,4,0,-176,-2,13.74
fold2_room1_mix0500,73,4,0,179,-2,14.10
fold2_room1_mix0500,74,4,0,-177,-2,13.32
fold2_room1_mix0500,75,4,0,-176,-3,11.71
fold2_room1_mix0500,76,4,0,-174,-3,10.82
fold2_room1_mix0500,77,4,0,-173,-3,10.45
fold2_room1_mix0500,78,4,0,-172,-3,9.62
fold2_room1_mix0500,79,4,0,-169,-4,7.93
fold2_room1_mix0500,80,4,0,-166,-5,6.61
fold2_room1_mix0500,81,4,0,-167,-6,5.96
fold2_room1_mix0500,82,4,0,-163,-7,5.40
fold2_room1_mix0500,83,4,0,-159,-9,4.32
fold2_room1_mix0500,84,4,0,-150,-14,2.93
fold2_room1_mix0500,85,4,0,-124,-23,2.00
fold2_room1_mix0500,86,4,0,-71,-24,1.49
fold2_room1_mix0500,87,4,0,-40,-16,1.95
fold2_room1_mix0500,88,4,0,-28,-11,2.47
fold2_room1_mix0500,89,4,0,-21,-9,3.49
fold2_room1_mix0500,90,4,0,-17,-8,4.44
fold2_room1_mix0500,91,4,0,-13,-5,5.72
fold2_room1_mix0500,92,4,0,-9,-5,6.50
fold2_room1_mix0500,93,4,0,-5,-4,7.98
fold2_room1_mix0500,94,4,0,-4,-3,9.16
fold2_room1_mix0500,95,4,0,-6,-3,9.81
fold2_room1_mix0500,96,4,0,-4,-3,10.55
fold2_room1_mix0500,97,4,0,-4,-3,12.30
fold2_room1_mix0500,98,4,0,-4,-2,12.94
fold2_room1_mix0500,99,4,0,-4,-2,13.66
fold2_room1_mix0502,0,5,0,169,3,4.24
fold2_room1_mix0502,1,5,0,169,3,8.06
fold2_room1_mix0502,2,5,0,172,3,9.70
fold2_room1_mix0502,3,5,0,167,3,8.88
fold2_room1_mix0502,4,5,0,168,3,6.87
fold2_room1_mix0502,5,5,0,164,3,12.76
fold2_room1_mix0502,6,5,0,170,3,12.62
fold2_room1_mix0502,7,5,0,168,4,12.12
fold2_room1_mix0502,8,5,0,164,2,12.25
fold2_room1_mix0502,9,5,0,174,3,14.40
fold2_room1_mix0502,10,5,0,164,4,10.60
fold2_room1_mix0502,11,5,0,160,3,11.10
fold2_room1_mix0502,12,5,0,166,3,11.12
fold2_room1_mix0502,13,5,0,164,3,12.08
fold2_room1_mix0502,14,5,0,164,3,11.93
fold2_room1_mix0502,15,5,0,164,4,10.80
fold2_room1_mix0502,16,5,0,161,3,10.83
fold2_room1_mix0502,17,5,0,163,3,12.08
fold2_room1_mix0502,18,5,0,166,3,11.43
fold2_room1_mix0502,19,5,0,159,4,9.84
fold2_room1_mix0502,20,5,0,165,3,11.14
fold2_room1_mix0502,21,5,0,163,3,10.53
fold2_room1_mix0502,22,5,0,166,3,12.04
fold2_room1_mix0502,23,5,0,164,4,10.08
fold2_room1_mix0502,24,5,0,155,3,10.22
fold2_room1_mix0502,25,5,0,166,3,12.76
fold2_room1_mix0502,26,5,0,166,4,9.82
fold2_room1_mix0502,27,5,0,160,4,9.87
fold2_room1_mix0502,28,5,0,164,3,10.64
fold2_room1_mix0502,29,5,0,160,4,10.27
fold2_room1_mix0502,30,5,0,160,4,10.08
fold2_room1_mix0502,31,5,0,158,4,9.77
fold2_room1_mix0502,32,5,0,154,4,8.54
fold2_room1_mix0502,33,5,0,162,3,11.55
fold2_room1_mix0502,34,5,0,158,4,9.77
fold2_room1_mix0502,35,5,0,154,4,8.75
fold2_room1_mix0502,36,4,0,15,2,13.06
fold2_room1_mix0502,36,5,0,159,4,10.25
fold2_room1_mix0502,37,4,0,11,0,17.85
fold2_room1_mix0502,37,5,0,155,4,8.54
fold2_room1_mix0502,38,4,0,14,0,21.01
fold2_room1_mix0502,38,5,0,150,4,8.00
fold2_room1_mix0502,39,4,0,11,0,25.89
fold2_room1_mix0502,39,5,0,152,4,8.69
fold2_room1_mix0502,40,4,0,10,0,28.75
fold2_room1_mix0502,40,5,0,150,4,7.93
fold2_room1_mix0502,41,4,0,14,-1,25.69
fold2_room1_mix0502,41,5,0,154,3,9.56
fold2_room1_mix0502,42,4,0,9,-1,25.86
fold2_room1_mix0502,42,5,0,154,4,8.06
fold2_room1_mix0502,43,4,0,8,-1,26.69
fold2_room1_mix0502,43,5,0,146,4,8.00
fold2_room1_mix0502,44,4,0,9,-1,24.84
fold2_room1_mix0502,44,5,0,155,4,9.20
fold2_room1_mix0502,45,4,0,8,-1,25.01
fold2_room1_mix0502,45,5,0,152,4,7.63
fold2_room1_mix0502,46,4,0,7,-2,24.30
fold2_room1_mix0502,46,5,0,148,4,8.60
fold2_room1_mix0502,47,4,0,7,-1,24.77
fold2_room1_mix0502,47,5,0,150,5,7.93
fold2_room1_mix0502,48,4,0,7,-1,24.30
fold2_room1_mix0502,48,5,0,150,5,7.26
fold2_room1_mix0502,49,4,0,8,-1,23.81
fold2_room1_mix0502,49,5,0,151,4,8.24
fold2_room1_mix0502,50,4,0,9,-1,23.10
fold2_room1_mix0502,50,5,0,150,7,5.92
fold2_room1_mix0502,51,4,0,7,-1,22.90
fold2_room1_mix0502,51,5,0,146,5,6.96
fold2_room1_mix0502,52,4,0,10,-1,21.56
fold2_room1_mix0502,52,5,0,150,5,7.67
fold2_room1_mix0502,53,4,0,10,-1,20.12
fold2_room1_mix0502,53,5,0,151,5,7.05
fold2_room1_mix0502,54,4,0,10,-1,20.08
fold2_room1_mix0502,54,5,0,149,5,6.88
fold2_room1_mix0502,55,4,0,11,-1,19.49
fold2_room1_mix0502,55,5,0,143,5,7.24
fold2_room1_mix0502,56,4,0,9,-1,18.42
fold2_room1_mix0502,56,5,0,147,5,7.15
fold2_room1_mix0502,57,4,0,9,-1,18.38
fold2_room1_mix0502,57,5,0,149,5,7.16
fold2_room1_mix0502,58,4,0,10,-2,16.61
fold2_room1_mix0502,58,5,0,147,8,5.31
fold2_room1_mix0502,59,4,0,10,-1,16.27
fold2_room1_mix0502,59,5,0,143,6,5.89
fold2_room1_mix0502,60,4,0,9,-2,15.11
fold2_room1_mix0502,60,5,0,147,7,6.35
fold2_room1_mix0502,61,4,0,12,-2,14.23
fold2_room1_mix0502,61,5,0,146,7,6.12
fold2_room1_mix0502,62,4,0,11,-3,12.65
fold2_room1_mix0502,62,5,0,144,7,5.51
fold2_room1_mix0502,63,4,0,13,-3,12.68
fold2_room1_mix0502,63,5,0,138,8,5.10
fold2_room1_mix0502,64,4,0,15,-3,11.40
fold2_room1_mix0502,64,5,0,142,8,5.13
fold2_room1_mix0502,65,4,0,13,-3,11.32
fold2_room1_mix0502,65,5,0,140,7,5.65
fold2_room1_mix0502,66,4,0,15,-3,10.46
fold2_room1_mix0502,66,5,0,140,9,4.16
fold2_room1_mix0502,67,4,0,15,-3,10.02
fold2_room1_mix0502,67,5,0,137,8,5.04
fold2_room1_mix0502,68,4,0,15,-3,9.22
fold2_room1_mix0502,68,5,0,136,8,4.75
fold2_room1_mix0502,69,4,0,16,-4,8.37
fold2_room1_mix0502,69,5,0,138,8,4.97
fold2_room1_mix0502,70,4,0,19,-5,7.36
fold2_room1_mix0502,70,5,0,139,8,5.18
fold2_room1_mix0502,71,4,0,19,-5,6.36
fold2_room1_mix0502,71,5,0,135,8,5.01
fold2_room1_mix0502,72,4,0,22,-5,5.49
fold2_room1_mix0502,72,5,0,137,9,4.63
fold2_room1_mix0502,73,4,0,23,-6,4.74
fold2_room1_mix0502,73,5,0,137,8,5.07
fold2_room1_mix0502,74,4,0,28,-6,3.46
fold2_room1_mix0502,74,5,0,139,10,4.52
fold2_room1_mix0502,75,4,0,33,-8,3.08
fold2_room1_mix0502,75,5,0,143,8,5.43
fold2_room1_mix0502,76,4,0,39,-10,2.49
fold2_room1_mix0502,76,5,0,138,10,4.44
fold2_room1_mix0502,77,4,0,55,-13,1.95
fold2_room1_mix0502,77,5,0,128,10,4.01
fold2_room1_mix0502,78,4,0,76,-14,1.88
fold2_room1_mix0502,78,5,0,130,10,3.71
fold2_room1_mix0502,79,4,0,105,-12,1.92
fold2_room1_mix0502,79,5,0,127,12,3.65
fold2_room1_mix0502,80,4,0,126,-10,2.09
fold2_room1_mix0502,80,5,0,139,10,4.49
fold2_room1_mix0502,81,4,0,140,-7,2.50
fold2_room1_mix0502,81,5,0,132,12,3.90
fold2_room1_mix0502,82,4,0,147,-6,2.87
fold2_room1_mix0502,82,5,0,129,13,3.43
fold2_room1_mix0502,83,4,0,152,-5,3.72
fold2_room1_mix0502,83,5,0,135,11,4.12
fold2_room1_mix0502,84,4,0,156,-4,4.29
fold2_room1_mix0502,84,5,0,124,12,3.96
fold2_room1_mix0502,85,4,0,161,-3,5.02
fold2_room1_mix0502,85,5,0,132,11,4.03
fold2_room1_mix0502,86,4,0,162,-3,5.72
fold2_room1_mix0502,86,5,0,122,12,3.70
fold2_room1_mix0502,87,4,0,164,-3,6.23
fold2_room1_mix0502,87,5,0,118,11,3.89
fold2_room1_mix0502,88,4,0,166,-2,7.13
fold2_room1_mix0502,88,5,0,116,11,3.86
fold2_room1_mix0502,89,4,0,168,-2,7.64
fold2_room1_mix0502,89,5,0,111,12,3.72
fold2_room1_mix0502,90,4,0,168,-2,8.64
fold2_room1_mix0502,90,5,0,113,13,3.29
fold2_room1_mix0502,91,4,0,169,-2,9.44
fold2_room1_mix0502,91,5,0,112,15,3.00
fold2_room1_mix0502,92,4,0,170,-2,9.61
fold2_room1_mix0502,92,5,0,109,15,3.04
fold2_room1_mix0502,93,4,0,169,-2,10.30
fold2_room1_mix0502,93,5,0,107,14,3.12
fold2_room1_mix0502,94,4,0,170,-1,11.24
fold2_room1_mix0502,94,5,0,103,14,3.20
fold2_room1_mix0502,95,4,0,171,-1,11.63
fold2_room1_mix0502,95,5,0,100,15,3.07
fold2_room1_mix0502,96,4,0,172,-2,11.66
fold2_room1_mix0502,96,5,0,96,17,2.85
fold2_room1_mix0502,97,4,0,171,-1,13.01
fold2_room1_mix0502,97,5,0,96,16,2.92
fold2_room1_mix0502,98,4,0,172,-1,13.05
fold2_room1_mix0502,98,5,0,88,19,2.59
fold2_room1_mix0502,99,4,0,173,-1,13.74
fold2_room1_mix0502,99,5,0,94,17,2.82
fold2_room1_mix0504,1,4,0,-174,0,2.22
fold2_room1_mix0504,2,4,0,-174,0,5.75
fold2_room1_mix0504,3,4,0,-176,0,6.82
fold2_room1_mix0504,4,4,0,-174,0,14.12
fold2_room1_mix0504,5,4,0,-175,0,15.85
fold2_room1_mix0504,6,4,0,-175,0,18.30
fold2_room1_mix0504,7,4,0,-177,0,24.38
fold2_room1_mix0504,8,4,0,-177,-1,24.40
fold2_room1_mix0504,9,4,0,-177,-1,23.72
fold2_room1_mix0504,10,4,0,-177,0,22.75
fold2_room1_mix0504,11,4,0,-179,0,22.48
fold2_room1_mix0504,12,4,0,-177,-1,21.79
fold2_room1_mix0504,13,4,0,-177,-1,20.95
fold2_room1_mix0504,14,4,0,-177,0,22.43
fold2_room1_mix0504,15,4,0,-178,-1,21.35
fold2_room1_mix0504,16,4,0,-175,-1,20.33
fold2_room1_mix0504,17,4,0,-175,-1,20.13
fold2_room1_mix0504,18,4,0,-174,-1,18.55
fold2_room1_mix0504,19,4,0,-177,-1,19.00
fold2_room1_mix0504,20,4,0,-173,-1,18.78
fold2_room1_mix0504,21,4,0,-175,-1,17.76
fold2_room1_mix0504,22,4,0,-173,-1,17.50
fold2_room1_mix0504,23,4,0,-173,-1,18.05
fold2_room1_mix0504,24,4,0,-173,-2,15.72
fold2_room1_mix0504,25,4,0,-173,-1,16.40
fold2_room1_mix0504,26,4,0,-172,-1,15.84
fold2_room1_mix0504,27,4,0,-172,-2,15.00
fold2_room1_mix0504,28,4,0,-171,-2,15.98
fold2_room1_mix0504,29,4,0,-173,-1,15.39
fold2_room1_mix0504,30,4,0,-170,-2,14.60
fold2_room1_mix0504,31,4,0,-170,-2,13.95
fold2_room1_mix0504,32,4,0,-170,-2,13.97
fold2_room1_mix0504,33,4,0,-171,-2,15.12
fold2_room1_mix0504,34,4,0,-170,-2,13.54
fold2_room1_mix0504,35,4,0,-171,-2,13.21
fold2_room1_mix0504,36,4,0,-170,-2,13.12
fold2_room1_mix0504,37,4,0,-170,-2,12.63
fold2_room1_mix0504,38,4,0,-169,-2,11.53
fold2_room1_mix0504,39,4,0,-169,-3,11.94
fold2_room1_mix0504,40,4,0,-168,-2,11.24
fold2_room1_mix0504,41,4,0,-168,-3,11.22
fold2_room1_mix0504,42,4,0,-167,-2,12.20
fold2_room1_mix0504,43,4,0,-166,-3,11.07
fold2_room1_mix0504,44,4,0,-164,-3,10.81
fold2_room1_mix0504,45,4,0,-165,-3,10.67
fold2_room1_mix0504,46,4,0,-164,-3,9.75
fold2_room1_mix0504,47,4,0,-164,-3,9.92
fold2_room1_mix0504,48,4,0,-162,-3,9.19
fold2_room1_mix0504,49,4,0,-163,-4,8.60
fold2_room1_mix0504,50,4,0,-160,-4,8.26
fold2_room1_mix0504,51,4,0,-159,-4,7.85
fold2_room1_mix0504,52,4,0,-159,-4,7.01
fold2_room1_mix0504,53,4,0,-158,-5,6.35
fold2_room1_mix0504,53,4,0,-9,0,30.44
fold2_room1_mix0504,54,4,0,-157,-5,5.60
fold2_room1_mix0504,55,4,0,-156,-5,5.90
fold2_room1_mix0504,55,4,0,-17,0,26.55
fold2_room1_mix0504,56,4,0,-154,-6,4.80
fold2_room1_mix0504,56,4,0,-9,0,28.54
fold2_room1_mix0504,57,4,0,-154,-6,5.09
fold2_room1_mix0504,57,4,0,-10,0,27.86
fold2_room1_mix0504,58,4,0,-151,-6,4.37
fold2_room1_mix0504,58,4,0,-7,0,30.62
fold2_room1_mix0504,59,4,0,-150,-7,4.10
fold2_room1_mix0504,59,4,0,-7,0,29.44
fold2_room1_mix0504,60,4,0,-146,-8,3.54
fold2_room1_mix0504,60,4,0,-10,0,28.73
fold2_room1_mix0504,61,4,0,-143,-8,3.09
fold2_room1_mix0504,61,4,0,-8,0,28.07
fold2_room1_mix0504,62,4,0,-139,-9,2.58
fold2_room1_mix0504,62,4,0,-27,0,18.47
fold2_room1_mix0504,63,4,0,-134,-10,2.21
fold2_room1_mix0504,63,4,0,-13,1,24.59
fold2_room1_mix0504,64,4,0,-129,-9,2.19
fold2_room1_mix0504,64,4,0,-15,2,25.01
fold2_room1_mix0504,65,4,0,-125,-9,2.06
fold2_room1_mix0504,65,4,0,-17,2,23.02
fold2_room1_mix0504,66,4,0,-115,-9,1.98
fold2_room1_mix0504,66,4,0,-21,2,22.56
fold2_room1_mix0504,67,4,0,-101,-11,1.91
fold2_room1_mix0504,67,4,0,-19,2,24.36
fold2_room1_mix0504,68,4,0,-89,-9,2.15
fold2_room1_mix0504,68,4,0,-31,1,19.55
fold2_room1_mix0504,69,4,0,-77,-9,2.30
fold2_room1_mix0504,69,4,0,-21,1,22.34
fold2_room1_mix0504,70,4,0,-62,-8,2.15
fold2_room1_mix0504,70,4,0,-19,2,20.08
fold2_room1_mix0504,71,4,0,-53,-7,2.60
fold2_room1_mix0504,71,4,0,-22,0,15.47
fold2_room1_mix0504,72,4,0,-46,-6,2.63
fold2_room1_mix0504,72,4,0,-28,-1,8.64
fold2_room1_mix0504,73,4,0,-40,-5,2.83
fold2_room1_mix0504,73,4,0,-18,0,12.80
fold2_room1_mix0504,74,4,0,-33,-4,4.14
fold2_room1_mix0504,75,4,0,-28,-4,4.52
fold2_room1_mix0504,76,4,0,-25,-4,4.57
fold2_room1_mix0504,77,4,0,-24,-3,4.98
fold2_room1_mix0504,78,4,0,-22,-4,4.75
fold2_room1_mix0504,79,4,0,-19,-3,5.94
fold2_room1_mix0504,80,4,0,-19,-4,4.79
fold2_room1_mix0504,81,4,0,-17,-3,5.30
fold2_room1_mix0504,82,4,0,-16,-3,5.15
fold2_room1_mix0504,83,4,0,-15,-4,5.40
fold2_room1_mix0504,84,4,0,-16,-4,5.39
fold2_room1_mix0504,85,4,0,-18,-4,5.56
fold2_room1_mix0504,86,4,0,-37,-11,1.22
fold2_room1_mix0504,86,4,0,-12,1,9.70
fold2_room1_mix0504,87,4,0,-70,-12,0.86
fold2_room1_mix0504,87,4,0,-13,1,9.28
fold2_room1_mix0504,88,4,0,-123,-11,1.05
fold2_room1_mix0504,88,4,0,-11,0,10.02
fold2_room1_mix0504,89,4,0,-149,-5,1.78
fold2_room1_mix0504,89,4,0,-11,0,9.42
fold2_room1_mix0504,90,4,0,-161,-4,2.70
fold2_room1_mix0504,90,4,0,-13,0,9.59
fold2_room1_mix0504,91,4,0,-161,-4,3.39
fold2_room1_mix0504,91,4,0,-12,-1,9.14
fold2_room1_mix0504,92,4,0,-164,-4,3.75
fold2_room1_mix0504,92,4,0,-11,-2,9.55
fold2_room1_mix0504,93,4,0,-166,-4,4.46
fold2_room1_mix0504,93,4,0,-12,-2,8.84
fold2_room1_mix0504,94,4,0,-169,-4,4.63
fold2_room1_mix0504,94,4,0,-13,-2,9.51
fold2_room1_mix0504,95,4,0,-170,-3,5.69
fold2_room1_mix0504,95,4,0,-11,-2,9.34
fold2_room1_mix0504,96,4,0,-171,-3,6.39
fold2_room1_mix0504,96,4,0,-11,-2,10.12
fold2_room1_mix0504,97,4,0,-171,-3,6.81
fold2_room1_mix0504,97,4,0,-10,-2,10.46
fold2_room1_mix0504,98,4,0,-172,-3,8.74
fold2_room1_mix0504,98,4,0,-11,-2,10.56
fold2_room1_mix0504,99,4,0,-173,-2,9.79
fold2_room1_mix0504,99,4,0,-10,-2,11.12
fold2_room1_mix0506,1,4,0,176,0,0.54
fold2_room1_mix0506,2,4,0,-178,1,1.90
fold2_room1_mix0506,3,4,0,-175,0,8.53
fold2_room1_mix0506,4,4,0,-175,-1,11.09
fold2_room1_mix0506,5,4,0,-174,0,14.41
fold2_room1_mix0506,6,4,0,-173,0,13.98
fold2_room1_mix0506,6,4,0,2,0,23.72
fold2_room1_mix0506,7,4,0,-172,-1,19.39
fold2_room1_mix0506,8,4,0,-173,-1,19.38
fold2_room1_mix0506,9,4,0,-173,-1,18.88
fold2_room1_mix0506,9,4,0,-1,0,33.58
fold2_room1_mix0506,10,4,0,-174,0,18.54
fold2_room1_mix0506,10,4,0,-7,0,31.44
fold2_room1_mix0506,11,4,0,-172,-1,17.95
fold2_room1_mix0506,11,4,0,-8,0,29.43
fold2_room1_mix0506,12,4,0,-173,-1,17.47
fold2_room1_mix0506,12,4,0,-8,0,27.56
fold2_room1_mix0506,13,4,0,-173,-1,16.74
fold2_room1_mix0506,13,4,0,-10,0,26.10
fold2_room1_mix0506,14,4,0,-172,-1,16.28
fold2_room1_mix0506,14,4,0,-9,-1,28.01
fold2_room1_mix0506,15,4,0,-170,-2,15.23
fold2_room1_mix0506,15,4,0,-7,-1,25.17
fold2_room1_mix0506,16,4,0,-171,-2,14.44
fold2_room1_mix0506,16,4,0,-9,-1,24.03
fold2_room1_mix0506,17,4,0,-171,-2,13.36
fold2_room1_mix0506,17,4,0,-7,-1,23.91
fold2_room1_mix0506,18,4,0,-171,-2,12.81
fold2_room1_mix0506,18,4,0,-9,-1,21.75
fold2_room1_mix0506,19,2,0,-115,-4,7.69
fold2_room1_mix0506,19,4,0,-173,-3,13.95
fold2_room1_mix0506,19,4,0,-8,-1,21.19
fold2_room1_mix0506,20,2,0,-105,-5,8.34
fold2_room1_mix0506,20,4,0,-172,-4,13.13
fold2_room1_mix0506,20,4,0,-7,-2,21.07
fold2_room1_mix0506,21,2,0,-113,-4,7.55
fold2_room1_mix0506,21,4,0,-171,-5,14.36
fold2_room1_mix0506,21,4,0,-6,-2,22.03
fold2_room1_mix0506,22,2,0,-105,-4,6.62
fold2_room1_mix0506,22,4,0,-170,-5,12.33
fold2_room1_mix0506,22,4,0,-6,-2,20.16
fold2_room1_mix0506,23,2,0,-116,-4,6.44
fold2_room1_mix0506,23,4,0,-169,-4,10.43
fold2_room1_mix0506,23,4,0,-5,-2,18.45
fold2_room1_mix0506,24,2,0,-113,-4,6.69
fold2_room1_mix0506,24,4,0,-168,-4,11.16
fold2_room1_mix0506,24,4,0,-8,-1,19.92
fold2_room1_mix0506,25,4,0,-167,-4,11.80
fold2_room1_mix0506,25,4,0,-7,-2,16.57
fold2_room1_mix0506,26,4,0,-166,-4,11.40
fold2_room1_mix0506,26,4,0,-5,-3,15.07
fold2_room1_mix0506,27,4,0,-165,-4,10.27
fold2_room1_mix0506,27,4,0,-5,-3,13.50
fold2_room1_mix0506,28,4,0,-163,-3,9.97
fold2_room1_mix0506,28,4,0,-4,-2,13.43
fold2_room1_mix0506,29,2,0,-104,-5,7.94
fold2_room1_mix0506,29,4,0,-165,-4,9.25
fold2_room1_mix0506,29,4,0,-4,-2,15.33
fold2_room1_mix0506,30,2,0,-102,-4,8.65
fold2_room1_mix0506,30,4,0,-164,-4,8.69
fold2_room1_mix0506,30,4,0,-2,-2,15.34
fold2_room1_mix0506,31,2,0,-105,-5,7.40
fold2_room1_mix0506,31,4,0,-164,-4,8.55
fold2_room1_mix0506,31,4,0,-3,-3,12.82
fold2_room1_mix0506,32,2,0,-102,-5,7.10
fold2_room1_mix0506,32,4,0,-161,-4,7.98
fold2_room1_mix0506,32,4,0,-6,-4,12.23
fold2_room1_mix0506,33,2,0,-96,-5,7.33
fold2_room1_mix0506,33,4,0,-161,-4,7.88
fold2_room1_mix0506,33,4,0,-6,-3,11.37
fold2_room1_mix0506,34,4,0,-159,-3,8.50
fold2_room1_mix0506,34,4,0,-4,-4,9.50
fold2_room1_mix0506,35,4,0,-157,-4,6.45
fold2_room1_mix0506,35,4,0,-7,-4,8.67
fold2_room1_mix0506,36,4,0,-155,-4,6.42
fold2_room1_mix0506,36,4,0,-8,-5,7.48
fold2_room1_mix0506,37,4,0,-153,-6,5.26
fold2_room1_mix0506,37,4,0,-12,-6,7.01
fold2_room1_mix0506,38,2,0,-90,-4,7.59
fold2_room1_mix0506,38,4,0,-152,-7,4.67
fold2_room1_mix0506,38,4,0,-12,-5,7.44
fold2_room1_mix0506,39,2,0,-95,-5,7.52
fold2_room1_mix0506,39,4,0,-148,-9,3.75
fold2_room1_mix0506,39,4,0,-15,-6,6.50
fold2_room1_mix0506,40,2,0,-92,-5,7.83
fold2_room1_mix0506,40,4,0,-146,-10,2.87
fold2_room1_mix0506,40,4,0,-26,-7,6.69
fold2_room1_mix0506,41,2,0,-87,-5,6.20
fold2_room1_mix0506,41,4,0,-154,-9,3.74
fold2_room1_mix0506,42,4,0,-154,-9,4.23
fold2_room1_mix0506,43,4,0,-156,-8,4.37
fold2_room1_mix0506,44,4,0,-155,-7,4.18
fold2_room1_mix0506,45,4,0,-154,-6,4.41
fold2_room1_mix0506,46,4,0,-152,-7,4.96
fold2_room1_mix0506,47,4,0,-159,-7,4.61
fold2_room1_mix0506,47,4,0,-136,-6,6.09
fold2_room1_mix0506,48,2,0,-88,-5,3.31
fold2_room1_mix0506,48,4,0,-158,-7,4.70
fold2_room1_mix0506,48,4,0,-138,-6,5.80
fold2_room1_mix0506,49,2,0,-91,-5,5.07
fold2_room1_mix0506,49,4,0,-157,-8,4.59
fold2_room1_mix0506,49,4,0,-134,-6,6.15
fold2_room1_mix0506,50,4,0,-151,-8,5.29
fold2_room1_mix0506,50,4,0,-129,-9,5.08
fold2_room1_mix0506,51,2,0,-79,-5,5.74
fold2_room1_mix0506,51,4,0,-157,-7,6.44
fold2_room1_mix0506,51,4,0,-127,-8,4.73
fold2_room1_mix0506,52,2,0,-90,-5,3.88
fold2_room1_mix0506,52,4,0,-163,-4,8.93
fold2_room1_mix0506,52,4,0,-141,-8,4.40
fold2_room1_mix0506,52,4,0,-124,-8,4.54
fold2_room1_mix0506,53,2,0,-96,-5,5.10
fold2_room1_mix0506,53,4,0,-164,-3,11.70
fold2_room1_mix0506,53,4,0,-118,-11,3.70
fold2_room1_mix0506,54,2,0,-89,-4,4.19
fold2_room1_mix0506,54,4,0,-167,-2,14.60
fold2_room1_mix0506,54,4,0,-111,-14,3.16
fold2_room1_mix0506,55,2,0,-137,-6,8.67
fold2_room1_mix0506,55,4,0,-165,-1,13.99
fold2_room1_mix0506,55,4,0,-100,-12,3.01
fold2_room1_mix0506,56,4,0,-166,-1,15.86
fold2_room1_mix0506,56,4,0,-87,-13,3.03
fold2_room1_mix0506,57,4,0,-161,0,16.65
fold2_room1_mix0506,57,4,0,-81,-12,3.07
fold2_room1_mix0506,58,4,0,-172,0,18.32
fold2_room1_mix0506,58,4,0,-76,-13,3.22
fold2_room1_mix0506,59,4,0,-170,-1,19.97
fold2_room1_mix0506,59,4,0,-68,-12,3.65
fold2_room1_mix0506,60,4,0,-166,-1,19.05
fold2_room1_mix0506,60,4,0,-61,-11,3.65
fold2_room1_mix0506,61,4,0,-174,-1,18.30
fold2_room1_mix0506,61,4,0,-52,-10,4.09
fold2_room1_mix0506,62,4,0,-174,-2,16.10
fold2_room1_mix0506,62,4,0,-48,-10,3.92
fold2_room1_mix0506,63,4,0,-173,-2,16.55
fold2_room1_mix0506,63,4,0,-43,-9,4.24
fold2_room1_mix0506,64,4,0,-178,-1,18.84
fold2_room1_mix0506,64,4,0,-42,-9,4.38
fold2_room1_mix0506,65,4,0,-177,-1,19.06
fold2_room1_mix0506,65,4,0,-39,-8,4.80
fold2_room1_mix0506,66,4,0,-175,-1,18.62
fold2_room1_mix0506,66,4,0,-38,-8,5.05
fold2_room1_mix0506,67,4,0,-175,0,20.38
fold2_room1_mix0506,67,4,0,-36,-7,6.21
fold2_room1_mix0506,68,4,0,-173,0,20.49
fold2_room1_mix0506,68,4,0,-30,-6,6.49
fold2_room1_mix0506,69,4,0,-175,0,20.05
fold2_room1_mix0506,69,4,0,-30,-6,6.30
fold2_room1_mix0506,70,4,0,-174,0,22.91
fold2_room1_mix0506,70,4,0,-27,-6,7.08
fold2_room1_mix0506,71,4,0,-172,0,25.44
fold2_room1_mix0506,71,4,0,-24,-5,8.34
fold2_room1_mix0506,72,4,0,-172,0,26.41
fold2_room1_mix0506,72,4,0,-25,-6,8.07
fold2_room1_mix0506,73,4,0,-170,0,25.34
fold2_room1_mix0506,73,4,0,-24,-5,8.37
fold2_room1_mix0506,74,4,0,-172,0,23.96
fold2_room1_mix0506,74,4,0,-24,-5,8.60
fold2_room1_mix0506,75,4,0,-171,0,23.63
fold2_room1_mix0506,75,4,0,-22,-5,9.96
fold2_room1_mix0506,76,4,0,-170,0,24.06
fold2_room1_mix0506,76,4,0,-21,-5,9.99
fold2_room1_mix0506,77,4,0,-172,0,28.13
fold2_room1_mix0506,77,4,0,-19,-4,11.17
fold2_room1_mix0506,78,4,0,-172,0,27.42
fold2_room1_mix0506,78,4,0,-19,-5,11.49
fold2_room1_mix0506,79,4,0,-170,0,27.27
fold2_room1_mix0506,79,4,0,-18,-4,11.45
fold2_room1_mix0506,80,4,0,-173,0,29.64
fold2_room1_mix0506,80,4,0,-18,-4,11.85
fold2_room1_mix0506,81,4,0,-168,0,26.86
fold2_room1_mix0506,81,4,0,-16,-4,12.64
fold2_room1_mix0506,82,4,0,-171,0,27.44
fold2_room1_mix0506,82,4,0,-16,-4,12.33
fold2_room1_mix0506,83,4,0,-172,0,31.06
fold2_room1_mix0506,83,4,0,-14,-4,13.73
fold2_room1_mix0506,84,4,0,-169,0,31.15
fold2_room1_mix0506,84,4,0,-13,-4,14.42
fold2_room1_mix0506,85,4,0,-172,0,30.88
fold2_room1_mix0506,85,4,0,-13,-3,14.78
fold2_room1_mix0506,86,4,0,-172,0,32.14
fold2_room1_mix0506,86,4,0,-13,-3,14.45
fold2_room1_mix0506,87,4,0,-170,0,31.89
fold2_room1_mix0506,87,4,0,-10,-3,16.62
fold2_room1_mix0506,88,4,0,-172,0,31.89
fold2_room1_mix0506,88,4,0,-11,-3,15.92
fold2_room1_mix0506,89,4,0,-170,0,29.85
fold2_room1_mix0506,89,4,0,-10,-2,16.73
fold2_room1_mix0506,90,4,0,-173,0,33.56
fold2_room1_mix0506,90,4,0,-10,-3,16.63
fold2_room1_mix0506,91,4,0,-172,0,32.07
fold2_room1_mix0506,91,4,0,-10,-3,16.89
fold2_room1_mix0506,92,4,0,-172,0,33.11
fold2_room1_mix0506,92,4,0,-10,-3,16.74
fold2_room1_mix0506,93,4,0,-174,0,34.67
fold2_room1_mix0506,93,4,0,-8,-2,17.92
fold2_room1_mix0506,94,4,0,-174,0,34.83
fold2_room1_mix0506,94,4,0,-9,-3,16.55
fold2_room1_mix0506,95,4,0,-173,0,34.00
fold2_room1_mix0506,95,4,0,-8,-2,17.67
fold2_room1_mix0506,96,4,0,-174,0,35.58
fold2_room1_mix0506,96,4,0,-7,-2,17.65
fold2_room1_mix0506,97,4,0,-174,0,35.62
fold2_room1_mix0506,97,4,0,-6,-2,18.05
fold2_room1_mix0506,98,4,0,-175,0,37.04
fold2_room1_mix0506,98,4,0,-6,-2,18.28
fold2_room1_mix0506,99,4,0,-176,0,32.10
fold2_room1_mix0506,99,4,0,-4,-3,16.61
fold2_room1_mix0507,1,4,0,174,1,0.80
fold2_room1_mix0507,2,4,0,175,0,3.28
fold2_room1_mix0507,3,4,0,172,0,9.60
fold2_room1_mix0507,4,4,0,172,0,11.44
fold2_room1_mix0507,5,4,0,173,0,13.75
fold2_room1_mix0507,6,4,0,174,0,15.20
fold2_room1_mix0507,7,4,0,170,-1,17.91
fold2_room1_mix0507,8,4,0,173,-1,18.66
fold2_room1_mix0507,9,4,0,173,-1,17.84
fold2_room1_mix0507,10,4,0,171,-1,16.94
fold2_room1_mix0507,11,4,0,171,-1,17.15
fold2_room1_mix0507,12,4,0,172,-1,16.51
fold2_room1_mix0507,13,4,0,173,-1,16.53
fold2_room1_mix0507,14,4,0,172,-1,15.87
fold2_room1_mix0507,15,4,0,172,-1,14.51
fold2_room1_mix0507,16,4,0,172,-1,14.51
fold2_room1_mix0507,17,4,0,172,-1,14.60
fold2_room1_mix0507,18,4,0,172,-2,13.99
fold2_room1_mix0507,19,4,0,172,-2,13.97
fold2_room1_mix0507,20,4,0,170,-1,13.91
fold2_room1_mix0507,21,4,0,171,-2,13.07
fold2_room1_mix0507,22,4,0,170,-2,12.41
fold2_room1_mix0507,23,4,0,170,-2,12.29
fold2_room1_mix0507,24,4,0,171,-2,11.97
fold2_room1_mix0507,25,4,0,170,-2,11.78
fold2_room1_mix0507,26,4,0,168,-2,11.97
fold2_room1_mix0507,27,4,0,171,-2,12.16
fold2_room1_mix0507,28,4,0,169,-2,11.89
fold2_room1_mix0507,29,4,0,168,-2,11.38
fold2_room1_mix0507,30,4,0,168,-2,11.71
fold2_room1_mix0507,31,2,0,81,-4,10.39
fold2_room1_mix0507,31,4,0,168,-2,11.73
fold2_room1_mix0507,32,2,0,83,-4,10.06
fold2_room1_mix0507,32,4,0,167,-3,11.04
fold2_room1_mix0507,33,2,0,84,-4,9.85
fold2_room1_mix0507,33,4,0,167,-3,11.12
fold2_room1_mix0507,34,2,0,86,-4,10.02
fold2_room1_mix0507,34,4,0,166,-3,10.63
fold2_room1_mix0507,35,2,0,85,-4,11.06
fold2_room1_mix0507,35,4,0,167,-3,10.54
fold2_room1_mix0507,36,4,0,165,-3,10.52
fold2_room1_mix0507,37,4,0,166,-4,9.90
fold2_room1_mix0507,38,4,0,165,-4,10.15
fold2_room1_mix0507,39,4,0,164,-4,9.66
fold2_room1_mix0507,40,4,0,164,-4,9.26
fold2_room1_mix0507,41,2,0,91,-5,10.42
fold2_room1_mix0507,41,4,0,164,-3,9.04
fold2_room1_mix0507,42,2,0,90,-4,10.18
fold2_room1_mix0507,42,4,0,163,-4,8.68
fold2_room1_mix0507,43,2,0,91,-4,10.66
fold2_room1_mix0507,43,4,0,165,-4,8.07
fold2_room1_mix0507,44,2,0,91,-5,9.69
fold2_room1_mix0507,44,4,0,163,-4,7.93
fold2_room1_mix0507,45,2,0,91,-5,10.37
fold2_room1_mix0507,45,4,0,162,-5,7.85
fold2_room1_mix0507,46,2,0,90,-5,7.77
fold2_room1_mix0507,46,4,0,162,-5,8.05
fold2_room1_mix0507,47,4,0,161,-5,7.34
fold2_room1_mix0507,48,4,0,160,-5,7.14
fold2_room1_mix0507,49,4,0,160,-5,7.21
fold2_room1_mix0507,50,4,0,157,-5,6.64
fold2_room1_mix0507,51,2,0,93,-4,10.41
fold2_room1_mix0507,51,4,0,156,-5,6.31
fold2_room1_mix0507,52,2,0,95,-4,10.96
fold2_room1_mix0507,52,4,0,156,-5,6.11
fold2_room1_mix0507,53,2,0,97,-5,9.62
fold2_room1_mix0507,53,4,0,156,-6,5.74
fold2_room1_mix0507,54,2,0,98,-5,9.26
fold2_room1_mix0507,54,4,0,156,-6,5.42
fold2_room1_mix0507,55,2,0,101,-5,10.08
fold2_room1_mix0507,55,4,0,154,-6,5.34
fold2_room1_mix0507,56,2,0,102,-4,9.50
fold2_room1_mix0507,56,4,0,154,-6,4.97
fold2_room1_mix0507,57,4,0,152,-7,4.79
fold2_room1_mix0507,58,4,0,149,-7,4.77
fold2_room1_mix0507,59,4,0,147,-7,4.47
fold2_room1_mix0507,60,4,0,145,-7,4.51
fold2_room1_mix0507,61,2,0,100,-4,10.80
fold2_room1_mix0507,61,4,0,145,-7,4.08
fold2_room1_mix0507,62,2,0,107,-4,11.56
fold2_room1_mix0507,62,4,0,142,-8,3.71
fold2_room1_mix0507,63,2,0,108,-4,11.20
fold2_room1_mix0507,63,4,0,138,-8,3.38
fold2_room1_mix0507,64,2,0,109,-4,10.79
fold2_room1_mix0507,64,4,0,137,-9,3.24
fold2_room1_mix0507,65,2,0,110,-4,10.85
fold2_room1_mix0507,65,4,0,134,-9,3.21
fold2_room1_mix0507,66,2,0,112,-3,7.25
fold2_room1_mix0507,66,4,0,128,-9,3.08
fold2_room1_mix0507,67,4,0,121,-9,2.86
fold2_room1_mix0507,68,4,0,114,-10,2.84
fold2_room1_mix0507,69,4,0,106,-11,2.61
fold2_room1_mix0507,70,4,0,97,-10,2.82
fold2_room1_mix0507,71,4,0,91,-10,2.84
fold2_room1_mix0507,72,2,0,110,-3,8.66
fold2_room1_mix0507,72,4,0,85,-11,2.97
fold2_room1_mix0507,73,2,0,103,-4,7.62
fold2_room1_mix0507,73,4,0,78,-10,3.05
fold2_room1_mix0507,74,2,0,98,-4,12.09
fold2_room1_mix0507,74,4,0,74,-8,3.13
fold2_room1_mix0507,75,2,0,105,-3,12.45
fold2_room1_mix0507,75,4,0,65,-8,2.87
fold2_room1_mix0507,76,4,0,59,-8,2.81
fold2_room1_mix0507,77,4,0,55,-7,3.03
fold2_room1_mix0507,78,4,0,50,-7,3.02
fold2_room1_mix0507,79,4,0,48,-7,3.12
fold2_room1_mix0507,80,2,0,87,-4,10.34
fold2_room1_mix0507,80,4,0,44,-6,3.51
fold2_room1_mix0507,81,2,0,98,-4,6.06
fold2_room1_mix0507,81,4,0,40,-5,3.55
fold2_room1_mix0507,82,4,0,38,-6,3.73
fold2_room1_mix0507,83,4,0,36,-5,3.99
fold2_room1_mix0507,84,4,0,33,-4,4.33
fold2_room1_mix0507,85,4,0,31,-4,4.41
fold2_room1_mix0507,86,4,0,30,-5,4.41
fold2_room1_mix0507,87,4,0,30,-4,4.80
fold2_room1_mix0507,88,4,0,26,-4,5.37
fold2_room1_mix0507,89,4,0,26,-4,5.62
fold2_room1_mix0507,90,4,0,24,-4,5.83
fold2_room1_mix0507,91,4,0,23,-4,5.96
fold2_room1_mix0507,92,4,0,22,-4,6.13
fold2_room1_mix0507,93,4,0,21,-3,6.54
fold2_room1_mix0507,94,4,0,20,-4,6.54
fold2_room1_mix0507,95,4,0,19,-3,6.85
fold2_room1_mix0507,96,4,0,18,-3,7.48
fold2_room1_mix0507,97,4,0,18,-3,7.78
fold2_room1_mix0507,98,4,0,17,-3,7.89
fold2_room1_mix0507,99,4,0,17,-3,7.54
fold2_room1_mix0508,64,4,0,0,0,5.82
fold2_room1_mix0508,65,4,0,3,-1,9.05
fold2_room1_mix0508,66,4,0,5,-1,12.56
fold2_room1_mix0508,67,4,0,7,-2,13.76
fold2_room1_mix0508,68,4,0,3,-1,11.73
fold2_room1_mix0508,69,4,0,2,-3,12.08
fold2_room1_mix0508,70,4,0,4,-2,12.80
fold2_room1_mix0508,71,4,0,7,-3,12.36
fold2_room1_mix0508,72,4,0,4,-3,11.92
fold2_room1_mix0508,73,4,0,6,-3,11.25
fold2_room1_mix0508,74,4,0,8,-3,10.16
fold2_room1_mix0508,75,4,0,7,-3,9.46
fold2_room1_mix0508,76,4,0,9,-4,8.88
fold2_room1_mix0508,77,4,0,8,-4,8.09
fold2_room1_mix0508,78,4,0,10,-4,7.73
fold2_room1_mix0508,79,4,0,12,-5,6.68
fold2_room1_mix0508,80,4,0,10,-6,5.90
fold2_room1_mix0508,81,4,0,12,-6,5.20
fold2_room1_mix0508,82,4,0,13,-7,4.57
fold2_room1_mix0508,83,4,0,14,-8,3.99
fold2_room1_mix0508,84,4,0,18,-10,3.29
fold2_room1_mix0508,85,4,0,23,-13,2.70
fold2_room1_mix0508,86,4,0,26,-18,2.19
fold2_room1_mix0508,87,4,0,39,-22,1.62
fold2_room1_mix0508,88,4,0,67,-32,1.28
fold2_room1_mix0508,89,4,0,112,-32,1.28
fold2_room1_mix0508,90,4,0,136,-23,1.61
fold2_room1_mix0508,91,4,0,153,-17,2.16
fold2_room1_mix0508,92,4,0,159,-12,2.80
fold2_room1_mix0508,93,4,0,161,-11,3.44
fold2_room1_mix0508,94,4,0,167,-9,3.97
fold2_room1_mix0508,95,4,0,172,-7,4.69
fold2_room1_mix0508,96,4,0,170,-6,5.29
fold2_room1_mix0508,97,4,0,171,-5,6.15
fold2_room1_mix0508,98,4,0,172,-5,6.85
fold2_room1_mix0508,99,4,0,173,-4,7.49
fold2_room1_mix0510,44,4,0,-2,0,5.30
fold2_room1_mix0510,45,4,0,2,0,12.04
fold2_room1_mix0510,46,4,0,1,-1,11.28
fold2_room1_mix0510,47,4,0,2,-2,15.00
fold2_room1_mix0510,48,4,0,0,-3,15.29
fold2_room1_mix0510,49,4,0,1,-2,15.46
fold2_room1_mix0510,50,4,0,2,-2,13.92
fold2_room1_mix0510,51,4,0,4,-2,14.08
fold2_room1_mix0510,52,4,0,5,-3,13.05
fold2_room1_mix0510,53,4,0,4,-3,11.87
fold2_room1_mix0510,54,4,0,4,-3,10.71
fold2_room1_mix0510,55,4,0,4,-3,10.18
fold2_room1_mix0510,56,4,0,6,-4,8.27
fold2_room1_mix0510,57,4,0,6,-5,6.42
fold2_room1_mix0510,58,4,0,8,-6,5.20
fold2_room1_mix0510,59,4,0,9,-7,4.39
fold2_room1_mix0510,60,4,0,14,-10,3.74
fold2_room1_mix0510,61,4,0,29,-12,1.68
fold2_room1_mix0510,61,4,0,3,-3,7.09
fold2_room1_mix0510,62,4,0,91,-21,0.38
fold2_room1_mix0510,62,4,0,62,-17,1.74
fold2_room1_mix0510,62,4,0,5,-3,5.68
fold2_room1_mix0510,63,4,0,146,-7,1.27
fold2_room1_mix0510,64,4,0,160,-5,2.03
fold2_room1_mix0510,65,4,0,169,-3,2.97
fold2_room1_mix0510,66,4,0,168,-1,3.97
fold2_room1_mix0510,66,4,0,-8,-1,8.51
fold2_room1_mix0510,67,1,0,-162,-3,11.15
fold2_room1_mix0510,67,4,0,170,-4,3.90
fold2_room1_mix0510,67,4,0,-12,-1,9.04
fold2_room1_mix0510,68,4,0,170,-2,4.68
fold2_room1_mix0510,68,4,0,-8,-2,7.52
fold2_room1_mix0510,69,1,0,-165,-3,21.36
fold2_room1_mix0510,69,4,0,178,-3,6.48
fold2_room1_mix0510,69,4,0,-5,-2,9.45
fold2_room1_mix0510,70,1,0,-163,-3,26.61
fold2_room1_mix0510,70,4,0,-176,-3,5.61
fold2_room1_mix0510,70,4,0,-7,-2,8.11
fold2_room1_mix0510,71,1,0,-161,-2,33.82
fold2_room1_mix0510,71,4,0,-177,-4,5.50
fold2_room1_mix0510,71,4,0,-5,-4,8.05
fold2_room1_mix0510,72,1,0,-165,-2,33.02
fold2_room1_mix0510,72,4,0,-178,-3,6.85
fold2_room1_mix0510,72,4,0,-5,-3,8.06
fold2_room1_mix0510,73,1,0,-161,-3,13.24
fold2_room1_mix0510,73,4,0,-174,-3,7.58
fold2_room1_mix0510,73,4,0,-12,-4,5.71
fold2_room1_mix0510,74,1,0,-159,-3,22.07
fold2_room1_mix0510,74,4,0,-176,-4,8.63
fold2_room1_mix0510,74,4,0,-10,-6,6.32
fold2_room1_mix0510,75,1,0,-161,-3,22.87
fold2_room1_mix0510,75,4,0,-175,-2,9.06
fold2_room1_mix0510,75,4,0,-6,-4,7.01
fold2_room1_mix0510,76,1,0,-161,-2,27.32
fold2_room1_mix0510,76,4,0,-169,-9,7.42
fold2_room1_mix0510,76,4,0,-10,-7,5.83
fold2_room1_mix0510,77,1,0,-153,-3,17.19
fold2_room1_mix0510,77,4,0,-43,-21,3.50
fold2_room1_mix0510,77,4,0,-21,-10,4.15
fold2_room1_mix0510,78,1,0,-154,-3,3.93
fold2_room1_mix0510,78,4,0,-62,-19,3.69
fold2_room1_mix0510,78,4,0,-28,-8,4.13
fold2_room1_mix0510,79,1,0,-135,-3,10.96
fold2_room1_mix0510,79,4,0,-82,-23,1.75
fold2_room1_mix0510,79,4,0,-55,-19,1.70
fold2_room1_mix0510,79,4,0,-24,-5,6.84
fold2_room1_mix0510,80,1,0,-130,-4,10.25
fold2_room1_mix0510,80,4,0,-159,-5,8.20
fold2_room1_mix0510,80,4,0,-54,-13,1.83
fold2_room1_mix0510,80,4,0,-22,-9,3.43
fold2_room1_mix0510,81,1,0,-128,-5,8.12
fold2_room1_mix0510,81,4,0,-141,-8,4.53
fold2_room1_mix0510,81,4,0,-67,-14,1.91
fold2_room1_mix0510,81,4,0,-24,-8,3.81
fold2_room1_mix0510,82,1,0,-138,-4,10.65
fold2_room1_mix0510,82,4,0,-145,-10,3.78
fold2_room1_mix0510,82,4,0,-51,-13,2.39
fold2_room1_mix0510,82,4,0,-16,-10,3.52
fold2_room1_mix0510,83,1,0,-124,-6,7.49
fold2_room1_mix0510,83,4,0,-160,-5,5.39
fold2_room1_mix0510,83,4,0,-42,-12,2.35
fold2_room1_mix0510,83,4,0,-19,-8,2.46
fold2_room1_mix0510,84,1,0,-137,-5,9.71
fold2_room1_mix0510,84,4,0,-157,-6,5.53
fold2_room1_mix0510,84,4,0,-34,-12,2.75
fold2_room1_mix0510,84,4,0,-13,-8,3.19
fold2_room1_mix0510,85,1,0,-120,-5,6.29
fold2_room1_mix0510,85,4,0,-159,-7,5.29
fold2_room1_mix0510,85,4,0,-22,-9,3.27
fold2_room1_mix0510,86,1,0,-120,-6,7.77
fold2_room1_mix0510,86,4,0,-153,-7,4.16
fold2_room1_mix0510,86,4,0,-33,-11,2.81
fold2_room1_mix0510,86,4,0,-14,-9,2.67
fold2_room1_mix0510,87,1,0,-110,-6,6.15
fold2_room1_mix0510,87,4,0,-136,-13,3.56
fold2_room1_mix0510,87,4,0,-35,-12,2.84
fold2_room1_mix0510,88,1,0,-119,-6,4.72
fold2_room1_mix0510,88,4,0,-158,-7,5.15
fold2_room1_mix0510,88,4,0,-89,-18,1.44
fold2_room1_mix0510,88,4,0,-66,-17,1.52
fold2_room1_mix0510,89,4,0,-163,-4,6.34
fold2_room1_mix0510,89,4,0,-126,-13,1.80
fold2_room1_mix0510,90,4,0,-173,-1,7.04
fold2_room1_mix0510,90,4,0,-151,-8,2.66
fold2_room1_mix0510,91,1,0,-158,-4,2.30
fold2_room1_mix0510,91,4,0,-159,-6,3.84
fold2_room1_mix0510,92,4,0,-163,-5,5.07
fold2_room1_mix0510,93,4,0,-165,-5,5.48
fold2_room1_mix0510,94,4,0,-168,-4,6.53
fold2_room1_mix0510,95,4,0,-169,-3,8.43
fold2_room1_mix0510,96,4,0,-171,-2,9.14
fold2_room1_mix0510,97,4,0,-170,-2,9.00
fold2_room1_mix0510,98,4,0,-173,-2,9.61
fold2_room1_mix0510,99,4,0,-172,-2,11.04
fold2_room1_mix0511,56,4,0,-4,-1,12.36
fold2_room1_mix0511,57,4,0,-5,-1,14.04
fold2_room1_mix0511,58,4,0,-5,-1,19.00
fold2_room1_mix0511,59,4,0,-3,-1,20.39
fold2_room1_mix0511,60,4,0,-4,-1,20.75
fold2_room1_mix0511,61,4,0,-3,-1,19.71
fold2_room1_mix0511,62,4,0,-1,-1,19.43
fold2_room1_mix0511,63,4,0,-1,-2,19.31
fold2_room1_mix0511,64,4,0,-3,-2,17.38
fold2_room1_mix0511,65,4,0,-3,-1,16.72
fold2_room1_mix0511,66,4,0,-1,-2,15.94
fold2_room1_mix0511,67,4,0,-2,-2,14.93
fold2_room1_mix0511,68,4,0,-4,-2,14.14
fold2_room1_mix0511,69,4,0,-2,-2,13.54
fold2_room1_mix0511,70,4,0,-4,-2,13.12
fold2_room1_mix0511,71,4,0,-4,-3,11.79
fold2_room1_mix0511,72,4,0,-3,-3,10.78
fold2_room1_mix0511,73,4,0,-5,-3,10.34
fold2_room1_mix0511,74,4,0,-5,-3,9.99
fold2_room1_mix0511,75,4,0,-9,-4,8.53
fold2_room1_mix0511,76,4,0,-10,-4,7.76
fold2_room1_mix0511,77,4,0,-10,-4,6.78
fold2_room1_mix0511,78,4,0,-13,-5,5.67
fold2_room1_mix0511,79,4,0,-18,-5,4.52
fold2_room1_mix0511,80,4,0,-23,-7,3.56
fold2_room1_mix0511,81,4,0,-28,-10,2.88
fold2_room1_mix0511,82,4,0,-37,-12,2.13
fold2_room1_mix0511,83,4,0,-57,-14,1.55
fold2_room1_mix0511,84,4,0,-91,-15,1.44
fold2_room1_mix0511,85,4,0,-119,-11,1.62
fold2_room1_mix0511,86,4,0,-141,-7,2.07
fold2_room1_mix0511,87,4,0,-149,-6,2.99
fold2_room1_mix0511,88,4,0,-155,-5,3.82
fold2_room1_mix0511,89,4,0,-159,-4,4.79
fold2_room1_mix0511,90,4,0,-161,-3,5.63
fold2_room1_mix0511,91,4,0,-164,-3,6.18
fold2_room1_mix0511,92,4,0,-167,-2,7.26
fold2_room1_mix0511,93,4,0,-167,-2,8.30
fold2_room1_mix0511,94,4,0,-168,-2,8.85
fold2_room1_mix0511,95,4,0,-169,-1,10.18
fold2_room1_mix0511,96,4,0,-170,-1,10.72
fold2_room1_mix0511,97,4,0,-170,-1,11.53
fold2_room1_mix0511,98,4,0,-171,-1,12.32
fold2_room1_mix0511,99,4,0,-172,-1,13.27
fold2_room1_mix0512,4,4,0,1,1,6.22
fold2_room1_mix0512,5,4,0,3,0,18.22
fold2_room1_mix0512,6,4,0,4,0,20.69
fold2_room1_mix0512,7,4,0,4,0,24.37
fold2_room1_mix0512,8,4,0,5,0,37.37
fold2_room1_mix0512,9,4,0,3,0,35.64
fold2_room1_mix0512,10,4,0,6,0,35.06
fold2_room1_mix0512,11,4,0,7,0,35.50
fold2_room1_mix0512,12,4,0,5,0,34.21
fold2_room1_mix0512,13,4,0,5,0,33.21
fold2_room1_mix0512,14,4,0,6,0,34.93
fold2_room1_mix0512,15,4,0,5,0,33.07
fold2_room1_mix0512,16,4,0,6,0,31.64
fold2_room1_mix0512,17,4,0,5,0,31.88
fold2_room1_mix0512,18,4,0,4,0,31.13
fold2_room1_mix0512,19,4,0,5,0,31.44
fold2_room1_mix0512,20,4,0,5,0,31.30
fold2_room1_mix0512,21,4,0,5,0,31.67
fold2_room1_mix0512,22,4,0,5,0,31.52
fold2_room1_mix0512,23,4,0,5,-1,28.71
fold2_room1_mix0512,24,4,0,5,0,30.55
fold2_room1_mix0512,25,4,0,4,0,29.08
fold2_room1_mix0512,26,4,0,5,0,28.93
fold2_room1_mix0512,27,4,0,6,0,29.53
fold2_room1_mix0512,28,4,0,6,0,27.59
fold2_room1_mix0512,29,4,0,5,-1,26.31
fold2_room1_mix0512,30,4,0,6,-1,26.16
fold2_room1_mix0512,31,4,0,6,-1,24.05
fold2_room1_mix0512,32,4,0,6,-1,23.66
fold2_room1_mix0512,33,4,0,6,-1,22.18
fold2_room1_mix0512,34,4,0,7,-1,21.35
fold2_room1_mix0512,35,4,0,6,-1,21.85
fold2_room1_mix0512,36,4,0,7,-1,20.70
fold2_room1_mix0512,37,4,0,6,-1,20.33
fold2_room1_mix0512,38,4,0,7,-1,19.25
fold2_room1_mix0512,39,4,0,6,-1,17.92
fold2_room1_mix0512,40,4,0,7,-1,18.47
fold2_room1_mix0512,41,4,0,6,-1,17.66
fold2_room1_mix0512,42,4,0,6,-1,15.72
fold2_room1_mix0512,43,4,0,7,-1,16.24
fold2_room1_mix0512,44,4,0,7,-2,14.91
fold2_room1_mix0512,45,4,0,8,-2,14.22
fold2_room1_mix0512,46,4,0,8,-2,13.87
fold2_room1_mix0512,47,4,0,8,-2,13.11
fold2_room1_mix0512,48,4,0,9,-2,12.25
fold2_room1_mix0512,49,4,0,8,-2,10.76
fold2_room1_mix0512,50,4,0,10,-3,10.16
fold2_room1_mix0512,51,4,0,10,-3,9.65
fold2_room1_mix0512,52,4,0,10,-3,8.74
fold2_room1_mix0512,53,4,0,11,-3,8.08
fold2_room1_mix0512,54,4,0,12,-4,7.19
fold2_room1_mix0512,55,4,0,14,-4,6.19
fold2_room1_mix0512,56,4,0,17,-5,5.40
fold2_room1_mix0512,57,4,0,18,-5,4.90
fold2_room1_mix0512,58,4,0,22,-6,3.92
fold2_room1_mix0512,59,4,0,21,-6,3.83
fold2_room1_mix0512,60,4,0,26,-7,3.00
fold2_room1_mix0512,61,4,0,32,-9,2.36
fold2_room1_mix0512,62,4,0,52,-13,1.67
fold2_room1_mix0512,63,4,0,81,-16,1.70
fold2_room1_mix0512,64,4,0,114,-13,1.63
fold2_room1_mix0512,65,0,0,-147,-2,6.29
fold2_room1_mix0512,65,4,0,127,-10,1.97
fold2_room1_mix0512,66,0,0,-150,-2,4.67
fold2_room1_mix0512,66,4,0,139,-8,2.25
fold2_room1_mix0512,67,0,0,-150,-2,4.29
fold2_room1_mix0512,67,4,0,150,-7,2.64
fold2_room1_mix0512,68,0,0,-153,-2,5.93
fold2_room1_mix0512,68,4,0,152,-5,3.28
fold2_room1_mix0512,69,0,0,-159,-1,2.82
fold2_room1_mix0512,69,4,0,158,-5,4.02
fold2_room1_mix0512,70,0,0,-159,-1,2.98
fold2_room1_mix0512,70,4,0,162,-4,4.25
fold2_room1_mix0512,71,0,0,-163,-1,5.58
fold2_room1_mix0512,71,4,0,165,-3,5.06
fold2_room1_mix0512,72,0,0,-164,-1,14.71
fold2_room1_mix0512,72,4,0,167,-2,5.83
fold2_room1_mix0512,73,0,0,-162,-1,16.82
fold2_room1_mix0512,73,4,0,168,-2,6.43
fold2_room1_mix0512,74,0,0,-165,-1,23.76
fold2_room1_mix0512,74,4,0,168,-2,7.06
fold2_room1_mix0512,75,0,0,-163,-1,24.55
fold2_room1_mix0512,75,4,0,168,-2,8.03
fold2_room1_mix0512,76,0,0,-161,-1,25.61
fold2_room1_mix0512,76,4,0,169,-2,8.39
fold2_room1_mix0512,77,0,0,-161,-1,29.81
fold2_room1_mix0512,77,4,0,170,-1,9.62
fold2_room1_mix0512,78,0,0,-161,-1,28.46
fold2_room1_mix0512,78,4,0,171,-2,9.94
fold2_room1_mix0512,79,0,0,-160,-1,26.15
fold2_room1_mix0512,79,4,0,172,-2,10.32
fold2_room1_mix0512,80,0,0,-165,-1,33.20
fold2_room1_mix0512,80,4,0,173,-2,10.67
fold2_room1_mix0512,81,0,0,-164,-1,30.84
fold2_room1_mix0512,81,4,0,172,-1,12.01
fold2_room1_mix0512,82,0,0,-165,-1,32.17
fold2_room1_mix0512,82,4,0,172,-2,12.58
fold2_room1_mix0512,83,0,0,-168,-1,37.81
fold2_room1_mix0512,83,4,0,174,-1,12.99
fold2_room1_mix0512,84,0,0,-166,-1,36.70
fold2_room1_mix0512,84,4,0,173,-1,14.21
fold2_room1_mix0512,85,0,0,-166,-1,36.17
fold2_room1_mix0512,85,4,0,173,-1,15.06
fold2_room1_mix0512,86,0,0,-168,-1,34.45
fold2_room1_mix0512,86,4,0,174,-1,15.96
fold2_room1_mix0512,87,0,0,-167,-1,33.03
fold2_room1_mix0512,87,4,0,174,-1,16.01
fold2_room1_mix0512,88,0,0,-166,-1,35.75
fold2_room1_mix0512,88,4,0,174,0,17.54
fold2_room1_mix0512,89,0,0,-166,-1,40.29
fold2_room1_mix0512,89,4,0,175,0,17.35
fold2_room1_mix0512,90,0,0,-165,-1,36.93
fold2_room1_mix0512,90,4,0,175,0,17.87
fold2_room1_mix0512,91,0,0,-165,-1,37.62
fold2_room1_mix0512,91,4,0,175,-1,18.84
fold2_room1_mix0512,92,0,0,-163,-1,36.11
fold2_room1_mix0512,92,4,0,176,-1,17.60
fold2_room1_mix0512,93,0,0,-164,-1,37.70
fold2_room1_mix0512,93,4,0,176,-1,18.33
fold2_room1_mix0512,94,0,0,-163,-1,35.62
fold2_room1_mix0512,94,4,0,176,0,19.64
fold2_room1_mix0512,95,0,0,-164,-1,29.59
fold2_room1_mix0512,95,4,0,175,0,19.81
fold2_room1_mix0512,96,0,0,-167,0,23.28
fold2_room1_mix0512,96,4,0,175,0,21.33
fold2_room1_mix0512,97,0,0,-166,0,13.27
fold2_room1_mix0512,97,4,0,174,0,24.90
fold2_room1_mix0512,98,0,0,-168,0,8.16
fold2_room1_mix0512,98,4,0,175,0,24.77
fold2_room1_mix0512,99,0,0,-170,0,2.66
fold2_room1_mix0512,99,4,0,175,0,24.74
fold2_room1_mix0513,62,1,0,135,-2,19.95
fold2_room1_mix0513,63,1,0,132,-2,21.07
fold2_room1_mix0513,64,1,0,136,-2,19.58
fold2_room1_mix0513,65,1,0,129,-2,17.02
fold2_room1_mix0513,66,1,0,133,-2,19.54
fold2_room1_mix0513,67,1,0,136,-2,18.02
fold2_room1_mix0513,68,1,0,137,-2,19.60
fold2_room1_mix0513,69,1,0,137,-2,23.54
fold2_room1_mix0513,71,1,0,138,-2,16.85
fold2_room1_mix0513,72,1,0,140,-2,20.74
fold2_room1_mix0513,73,1,0,142,-2,21.64
fold2_room1_mix0513,74,1,0,142,-2,22.80
fold2_room1_mix0513,76,1,0,146,-2,15.85
fold2_room1_mix0513,77,1,0,144,-2,19.34
fold2_room1_mix0513,78,1,0,144,-2,23.14
fold2_room1_mix0513,79,1,0,144,-2,16.58
fold2_room1_mix0513,81,1,0,143,-1,16.35
fold2_room1_mix0513,82,1,0,148,-2,22.47
fold2_room1_mix0513,83,1,0,149,-1,24.33
fold2_room1_mix0513,84,1,0,147,-2,16.42
fold2_room1_mix0513,86,1,0,148,-2,19.25
fold2_room1_mix0513,87,1,0,149,-2,21.50
fold2_room1_mix0513,88,1,0,150,-1,25.55
fold2_room1_mix0513,90,1,0,150,-2,15.90
fold2_room1_mix0513,91,1,0,152,-1,21.46
fold2_room1_mix0513,92,1,0,150,-1,25.09
fold2_room1_mix0513,93,1,0,153,-1,24.58
fold2_room1_mix0514,3,4,0,4,0,4.85
fold2_room1_mix0514,4,1,0,10,-1,7.79
fold2_room1_mix0514,4,4,0,10,0,13.39
fold2_room1_mix0514,5,4,0,10,0,22.26
fold2_room1_mix0514,6,1,0,18,-2,16.28
fold2_room1_mix0514,6,4,0,6,0,16.33
fold2_room1_mix0514,7,1,0,18,-3,30.86
fold2_room1_mix0514,7,4,0,12,0,19.93
fold2_room1_mix0514,8,1,0,17,-2,36.82
fold2_room1_mix0514,8,4,0,6,-1,22.73
fold2_room1_mix0514,9,1,0,19,-2,34.49
fold2_room1_mix0514,9,4,0,7,0,20.08
fold2_room1_mix0514,10,4,0,8,-2,25.01
fold2_room1_mix0514,11,1,0,20,-3,29.42
fold2_room1_mix0514,11,4,0,5,-2,23.38
fold2_room1_mix0514,12,1,0,20,-2,33.08
fold2_room1_mix0514,12,4,0,11,-2,22.94
fold2_room1_mix0514,13,1,0,22,-2,32.41
fold2_room1_mix0514,13,4,0,3,-1,22.28
fold2_room1_mix0514,14,1,0,22,-2,33.22
fold2_room1_mix0514,14,4,0,7,-1,25.94
fold2_room1_mix0514,15,4,0,10,-2,23.36
fold2_room1_mix0514,16,1,0,24,-3,28.65
fold2_room1_mix0514,16,4,0,5,-1,22.19
fold2_room1_mix0514,17,1,0,27,-3,29.12
fold2_room1_mix0514,17,4,0,11,-1,24.77
fold2_room1_mix0514,18,1,0,29,-2,25.33
fold2_room1_mix0514,18,4,0,3,-1,22.65
fold2_room1_mix0514,19,1,0,29,-3,26.27
fold2_room1_mix0514,19,4,0,4,-1,25.02
fold2_room1_mix0514,20,4,0,10,-1,22.30
fold2_room1_mix0514,21,1,0,30,-3,24.88
fold2_room1_mix0514,21,4,0,1,-2,21.79
fold2_room1_mix0514,22,1,0,33,-3,25.42
fold2_room1_mix0514,22,4,0,11,-1,22.87
fold2_room1_mix0514,23,1,0,37,-3,22.90
fold2_room1_mix0514,23,4,0,3,-2,20.30
fold2_room1_mix0514,24,1,0,35,-3,22.04
fold2_room1_mix0514,24,4,0,4,-2,24.28
fold2_room1_mix0514,25,4,0,11,-2,25.31
fold2_room1_mix0514,26,1,0,37,-3,18.76
fold2_room1_mix0514,26,4,0,6,-2,21.60
fold2_room1_mix0514,27,1,0,39,-3,15.81
fold2_room1_mix0514,27,4,0,9,-1,22.90
fold2_room1_mix0514,28,1,0,44,-3,19.81
fold2_room1_mix0514,28,4,0,4,-2,19.74
fold2_room1_mix0514,29,1,0,49,-4,16.32
fold2_room1_mix0514,29,4,0,5,-2,22.90
fold2_room1_mix0514,30,4,0,13,-1,23.70
fold2_room1_mix0514,31,1,0,48,-3,12.19
fold2_room1_mix0514,31,4,0,7,-2,22.03
fold2_room1_mix0514,32,1,0,61,-3,11.57
fold2_room1_mix0514,32,4,0,11,-1,18.46
fold2_room1_mix0514,33,1,0,67,-4,12.95
fold2_room1_mix0514,33,4,0,5,-2,17.92
fold2_room1_mix0514,34,1,0,72,-4,13.66
fold2_room1_mix0514,34,4,0,6,-2,21.81
fold2_room1_mix0514,35,1,0,84,-3,3.46
fold2_room1_mix0514,35,4,0,13,-1,18.97
fold2_room1_mix0514,36,1,0,74,-3,7.27
fold2_room1_mix0514,36,4,0,12,-1,18.17
fold2_room1_mix0514,37,1,0,93,-4,10.48
fold2_room1_mix0514,37,4,0,14,-1,16.59
fold2_room1_mix0514,38,1,0,91,-4,10.48
fold2_room1_mix0514,38,4,0,8,-1,16.15
fold2_room1_mix0514,39,4,0,20,-2,18.49
fold2_room1_mix0514,40,4,0,21,-2,15.45
fold2_room1_mix0514,41,4,0,23,-2,14.07
fold2_room1_mix0514,42,4,0,27,-2,14.07
fold2_room1_mix0514,43,4,0,28,-2,14.06
fold2_room1_mix0514,44,4,0,27,-2,12.73
fold2_room1_mix0514,45,4,0,28,-3,12.19
fold2_room1_mix0514,46,4,0,29,-3,11.62
fold2_room1_mix0514,47,4,0,31,-2,11.23
fold2_room1_mix0514,48,4,0,31,-3,9.98
fold2_room1_mix0514,49,4,0,31,-3,10.05
fold2_room1_mix0514,50,4,0,34,-3,9.69
fold2_room1_mix0514,51,4,0,34,-3,9.33
fold2_room1_mix0514,52,4,0,36,-4,8.98
fold2_room1_mix0514,53,4,0,39,-4,8.77
fold2_room1_mix0514,54,4,0,39,-4,8.60
fold2_room1_mix0514,55,4,0,42,-4,8.16
fold2_room1_mix0514,56,4,0,45,-4,8.16
fold2_room1_mix0514,57,4,0,45,-4,7.58
fold2_room1_mix0514,58,4,0,49,-4,7.16
fold2_room1_mix0514,59,4,0,53,-4,7.08
fold2_room1_mix0514,60,4,0,58,-4,6.63
fold2_room1_mix0514,61,4,0,61,-4,6.51
fold2_room1_mix0514,62,4,0,67,-4,6.36
fold2_room1_mix0514,63,4,0,74,-5,6.16
fold2_room1_mix0514,64,4,0,79,-6,5.77
fold2_room1_mix0514,65,4,0,84,-7,5.76
fold2_room1_mix0514,66,4,0,89,-7,5.83
fold2_room1_mix0514,67,4,0,95,-7,5.70
fold2_room1_mix0514,68,4,0,101,-6,5.91
fold2_room1_mix0514,69,4,0,105,-5,5.92
fold2_room1_mix0514,70,4,0,110,-6,6.27
fold2_room1_mix0514,71,4,0,115,-5,6.36
fold2_room1_mix0514,72,4,0,119,-5,6.41
fold2_room1_mix0514,73,4,0,122,-5,6.91
fold2_room1_mix0514,74,4,0,125,-4,7.30
fold2_room1_mix0514,75,4,0,129,-4,7.63
fold2_room1_mix0514,76,4,0,132,-4,7.90
fold2_room1_mix0514,77,4,0,134,-4,8.18
fold2_room1_mix0514,78,4,0,137,-4,8.85
fold2_room1_mix0514,79,4,0,139,-4,9.07
fold2_room1_mix0514,80,4,0,141,-4,9.08
fold2_room1_mix0514,81,4,0,143,-4,9.86
fold2_room1_mix0514,82,4,0,145,-3,10.77
fold2_room1_mix0514,83,4,0,146,-3,10.64
fold2_room1_mix0514,84,4,0,147,-3,11.13
fold2_room1_mix0514,85,4,0,148,-3,11.91
fold2_room1_mix0514,86,4,0,149,-3,11.67
fold2_room1_mix0514,87,4,0,150,-2,12.59
fold2_room1_mix0514,88,4,0,152,-2,12.91
fold2_room1_mix0514,89,4,0,153,-2,13.23
fold2_room1_mix0514,90,4,0,154,-2,13.78
fold2_room1_mix0514,91,4,0,155,-2,13.99
fold2_room1_mix0514,92,4,0,156,-2,14.05
fold2_room1_mix0514,93,4,0,157,-2,15.02
fold2_room1_mix0514,94,4,0,157,-1,16.25
fold2_room1_mix0514,95,4,0,158,-1,16.71
fold2_room1_mix0514,96,4,0,159,-1,16.28
fold2_room1_mix0514,97,4,0,159,-1,17.33
fold2_room1_mix0514,98,4,0,159,-1,17.75
fold2_room1_mix0514,99,4,0,161,-1,16.30
fold2_room1_mix0515,0,5,0,94,1,5.16
fold2_room1_mix0515,1,4,0,176,0,1.02
fold2_room1_mix0515,1,4,0,-1,1,1.13
fold2_room1_mix0515,1,5,0,99,3,9.07
fold2_room1_mix0515,2,4,0,177,0,0.92
fold2_room1_mix0515,2,4,0,1,1,0.94
fold2_room1_mix0515,2,5,0,95,3,6.24
fold2_room1_mix0515,3,4,0,175,0,4.11
fold2_room1_mix0515,3,4,0,-1,0,3.54
fold2_room1_mix0515,3,5,0,94,3,6.39
fold2_room1_mix0515,4,4,0,-179,0,18.05
fold2_room1_mix0515,4,4,0,6,0,15.22
fold2_room1_mix0515,4,5,0,82,5,4.27
fold2_room1_mix0515,5,4,0,175,0,18.47
fold2_room1_mix0515,5,4,0,6,-1,16.81
fold2_room1_mix0515,5,5,0,102,4,9.67
fold2_room1_mix0515,6,4,0,177,0,16.35
fold2_room1_mix0515,6,4,0,0,-1,15.31
fold2_room1_mix0515,6,5,0,104,3,14.43
fold2_room1_mix0515,7,4,0,176,0,25.98
fold2_room1_mix0515,7,4,0,5,-2,21.76
fold2_room1_mix0515,7,5,0,95,6,7.33
fold2_room1_mix0515,8,4,0,178,0,31.35
fold2_room1_mix0515,8,4,0,6,-2,24.24
fold2_room1_mix0515,8,5,0,109,4,9.27
fold2_room1_mix0515,9,4,0,176,0,29.89
fold2_room1_mix0515,9,4,0,5,-3,21.67
fold2_room1_mix0515,9,5,0,105,5,9.63
fold2_room1_mix0515,10,4,0,174,-1,25.87
fold2_room1_mix0515,10,4,0,4,-3,22.86
fold2_room1_mix0515,10,5,0,107,5,8.77
fold2_room1_mix0515,11,4,0,175,0,26.56
fold2_room1_mix0515,11,4,0,3,-2,22.86
fold2_room1_mix0515,11,5,0,98,5,8.56
fold2_room1_mix0515,12,4,0,178,-1,27.23
fold2_room1_mix0515,12,4,0,7,-3,18.61
fold2_room1_mix0515,12,5,0,97,6,7.56
fold2_room1_mix0515,13,4,0,178,-1,24.03
fold2_room1_mix0515,13,4,0,6,-3,21.07
fold2_room1_mix0515,13,5,0,107,5,9.53
fold2_room1_mix0515,14,4,0,178,-1,25.20
fold2_room1_mix0515,14,4,0,7,-3,21.76
fold2_room1_mix0515,14,5,0,106,6,8.24
fold2_room1_mix0515,15,4,0,178,-1,25.61
fold2_room1_mix0515,15,4,0,8,-2,19.79
fold2_room1_mix0515,15,5,0,99,6,7.97
fold2_room1_mix0515,16,4,0,179,-2,24.25
fold2_room1_mix0515,16,4,0,9,-2,19.41
fold2_room1_mix0515,16,5,0,104,5,8.65
fold2_room1_mix0515,17,4,0,-179,-1,21.67
fold2_room1_mix0515,17,4,0,8,-2,18.52
fold2_room1_mix0515,17,5,0,99,7,6.55
fold2_room1_mix0515,18,4,0,-179,-2,22.23
fold2_room1_mix0515,18,4,0,9,-2,18.76
fold2_room1_mix0515,18,5,0,96,7,7.22
fold2_room1_mix0515,19,4,0,179,-1,25.07
fold2_room1_mix0515,19,4,0,10,-2,20.11
fold2_room1_mix0515,19,5,0,96,5,8.62
fold2_room1_mix0515,20,4,0,178,-1,24.03
fold2_room1_mix0515,20,4,0,10,-2,19.17
fold2_room1_mix0515,20,5,0,94,7,6.54
fold2_room1_mix0515,21,4,0,-178,-1,23.07
fold2_room1_mix0515,21,4,0,10,-2,18.78
fold2_room1_mix0515,21,5,0,92,6,7.26
fold2_room1_mix0515,22,4,0,179,-2,20.40
fold2_room1_mix0515,22,4,0,9,-2,17.09
fold2_room1_mix0515,22,5,0,93,6,8.01
fold2_room1_mix0515,23,4,0,-178,-1,19.12
fold2_room1_mix0515,23,4,0,8,-2,16.27
fold2_room1_mix0515,23,5,0,92,6,7.91
fold2_room1_mix0515,24,4,0,178,-1,20.73
fold2_room1_mix0515,24,4,0,8,-2,16.99
fold2_room1_mix0515,24,5,0,86,6,7.29
fold2_room1_mix0515,25,4,0,179,-2,18.71
fold2_room1_mix0515,25,4,0,6,-2,16.14
fold2_room1_mix0515,25,5,0,84,5,8.57
fold2_room1_mix0515,26,4,0,179,-2,17.05
fold2_room1_mix0515,26,4,0,8,-2,16.07
fold2_room1_mix0515,26,5,0,82,6,7.73
fold2_room1_mix0515,27,4,0,179,-2,17.80
fold2_room1_mix0515,27,4,0,8,-2,14.88
fold2_room1_mix0515,27,5,0,90,5,8.56
fold2_room1_mix0515,28,4,0,176,-2,15.69
fold2_room1_mix0515,28,4,0,6,-2,14.70
fold2_room1_mix0515,28,5,0,82,6,8.23
fold2_room1_mix0515,29,4,0,176,-2,14.53
fold2_room1_mix0515,29,4,0,8,-2,14.02
fold2_room1_mix0515,29,5,0,81,6,8.25
fold2_room1_mix0515,30,4,0,177,-1,16.37
fold2_room1_mix0515,30,4,0,6,-2,14.10
fold2_room1_mix0515,30,5,0,80,6,8.23
fold2_room1_mix0515,31,4,0,178,-2,13.53
fold2_room1_mix0515,31,4,0,6,-2,13.28
fold2_room1_mix0515,31,5,0,79,5,8.97
fold2_room1_mix0515,32,4,0,176,-2,13.23
fold2_room1_mix0515,32,4,0,6,-2,12.20
fold2_room1_mix0515,32,5,0,80,5,9.84
fold2_room1_mix0515,33,4,0,175,-2,13.28
fold2_room1_mix0515,33,4,0,8,-2,12.83
fold2_room1_mix0515,33,5,0,76,6,8.24
fold2_room1_mix0515,34,4,0,173,-3,12.36
fold2_room1_mix0515,34,4,0,8,-3,11.31
fold2_room1_mix0515,34,5,0,59,5,9.17
fold2_room1_mix0515,35,4,0,173,-2,11.10
fold2_room1_mix0515,35,4,0,9,-3,10.78
fold2_room1_mix0515,35,5,0,71,5,9.48
fold2_room1_mix0515,36,4,0,172,-3,10.52
fold2_room1_mix0515,36,4,0,11,-3,9.82
fold2_room1_mix0515,36,5,0,53,5,7.81
fold2_room1_mix0515,37,4,0,169,-2,9.37
fold2_room1_mix0515,37,4,0,12,-3,9.60
fold2_room1_mix0515,37,5,0,62,5,9.03
fold2_room1_mix0515,38,4,0,164,-3,8.47
fold2_room1_mix0515,38,4,0,12,-3,9.02
fold2_room1_mix0515,38,5,0,55,4,9.60
fold2_room1_mix0515,39,4,0,165,-3,8.59
fold2_room1_mix0515,39,4,0,11,-3,9.00
fold2_room1_mix0515,39,5,0,58,5,8.75
fold2_room1_mix0515,40,4,0,163,-3,7.76
fold2_room1_mix0515,40,4,0,12,-3,8.38
fold2_room1_mix0515,40,5,0,50,5,8.73
fold2_room1_mix0515,41,4,0,166,-3,7.54
fold2_room1_mix0515,41,4,0,12,-4,7.04
fold2_room1_mix0515,41,5,0,59,5,9.74
fold2_room1_mix0515,42,4,0,163,-4,6.63
fold2_room1_mix0515,42,4,0,14,-5,6.47
fold2_room1_mix0515,42,5,0,52,5,8.69
fold2_room1_mix0515,43,4,0,163,-4,6.32
fold2_room1_mix0515,43,4,0,18,-5,6.58
fold2_room1_mix0515,43,5,0,63,5,9.18
fold2_room1_mix0515,44,4,0,160,-5,5.62
fold2_room1_mix0515,44,4,0,19,-6,5.68
fold2_room1_mix0515,44,5,0,56,5,9.39
fold2_room1_mix0515,45,4,0,166,-4,6.08
fold2_room1_mix0515,45,4,0,17,-6,5.71
fold2_room1_mix0515,45,5,0,56,5,10.20
fold2_room1_mix0515,46,4,0,161,-5,5.48
fold2_room1_mix0515,46,4,0,19,-6,5.69
fold2_room1_mix0515,46,5,0,60,4,10.93
fold2_room1_mix0515,47,4,0,161,-6,4.63
fold2_room1_mix0515,47,4,0,19,-6,5.22
fold2_room1_mix0515,47,5,0,60,5,9.70
fold2_room1_mix0515,48,4,0,161,-7,4.43
fold2_room1_mix0515,48,4,0,24,-8,4.92
fold2_room1_mix0515,48,5,0,60,4,10.71
fold2_room1_mix0515,49,4,0,160,-6,3.78
fold2_room1_mix0515,49,4,0,29,-8,4.16
fold2_room1_mix0515,49,5,0,61,7,7.23
fold2_room1_mix0515,50,4,0,155,-7,3.48
fold2_room1_mix0515,50,4,0,39,-10,3.74
fold2_room1_mix0515,50,5,0,58,6,8.76
fold2_room1_mix0515,51,4,0,146,-9,2.95
fold2_room1_mix0515,51,4,0,32,-9,4.03
fold2_room1_mix0515,51,5,0,69,5,10.79
fold2_room1_mix0515,52,4,0,131,-10,2.42
fold2_room1_mix0515,52,4,0,38,-9,3.86
fold2_room1_mix0515,52,5,0,55,7,7.13
fold2_room1_mix0515,53,4,0,115,-11,2.53
fold2_room1_mix0515,53,4,0,66,-11,2.80
fold2_room1_mix0515,53,4,0,47,-12,3.04
fold2_room1_mix0515,53,5,0,69,6,8.01
fold2_room1_mix0515,54,4,0,109,-8,3.29
fold2_room1_mix0515,54,4,0,82,-11,2.59
fold2_room1_mix0515,54,4,0,60,-10,3.42
fold2_room1_mix0515,54,5,0,70,6,9.37
fold2_room1_mix0515,55,4,0,83,-10,2.38
fold2_room1_mix0515,55,4,0,39,-9,3.73
fold2_room1_mix0515,55,5,0,70,6,8.37
fold2_room1_mix0515,56,4,0,122,-10,2.69
fold2_room1_mix0515,56,4,0,47,-6,3.73
fold2_room1_mix0515,56,4,0,23,-6,4.83
fold2_room1_mix0515,56,5,0,74,6,9.15
fold2_room1_mix0515,57,4,0,131,-9,2.58
fold2_room1_mix0515,57,4,0,44,-7,2.98
fold2_room1_mix0515,57,4,0,23,-5,4.75
fold2_room1_mix0515,57,5,0,62,6,10.44
fold2_room1_mix0515,58,4,0,135,-7,2.93
fold2_room1_mix0515,58,4,0,30,-5,3.89
fold2_room1_mix0515,58,5,0,71,7,8.73
fold2_room1_mix0515,59,4,0,145,-5,4.07
fold2_room1_mix0515,59,4,0,30,-5,4.15
fold2_room1_mix0515,59,5,0,74,6,10.01
fold2_room1_mix0515,60,4,0,145,-5,4.25
fold2_room1_mix0515,60,4,0,29,-6,3.88
fold2_room1_mix0515,60,5,0,62,6,9.86
fold2_room1_mix0515,61,4,0,152,-5,4.05
fold2_room1_mix0515,61,4,0,27,-5,4.26
fold2_room1_mix0515,61,5,0,64,6,9.86
fold2_room1_mix0515,62,4,0,156,-4,4.83
fold2_room1_mix0515,62,4,0,26,-5,4.10
fold2_room1_mix0515,62,5,0,71,6,10.29
fold2_room1_mix0515,63,4,0,158,-4,4.81
fold2_room1_mix0515,63,4,0,25,-5,4.71
fold2_room1_mix0515,63,5,0,70,6,10.36
fold2_room1_mix0515,64,4,0,159,-4,5.15
fold2_room1_mix0515,64,4,0,26,-5,4.97
fold2_room1_mix0515,64,5,0,56,4,12.46
fold2_room1_mix0515,65,4,0,162,-4,5.24
fold2_room1_mix0515,65,4,0,22,-4,5.29
fold2_room1_mix0515,65,5,0,73,6,10.58
fold2_room1_mix0515,66,4,0,160,-4,5.12
fold2_room1_mix0515,66,4,0,22,-4,5.65
fold2_room1_mix0515,66,5,0,48,5,9.73
fold2_room1_mix0515,67,4,0,163,-5,5.50
fold2_room1_mix0515,67,4,0,21,-5,6.17
fold2_room1_mix0515,67,5,0,64,5,12.19
fold2_room1_mix0515,68,4,0,164,-4,5.90
fold2_room1_mix0515,68,4,0,23,-4,6.53
fold2_room1_mix0515,68,5,0,44,5,9.76
fold2_room1_mix0515,69,4,0,162,-4,6.55
fold2_room1_mix0515,69,4,0,23,-5,6.13
fold2_room1_mix0515,69,5,0,61,5,11.65
fold2_room1_mix0515,70,4,0,162,-4,6.64
fold2_room1_mix0515,70,4,0,26,-5,6.19
fold2_room1_mix0515,70,5,0,64,5,12.72
fold2_room1_mix0515,71,4,0,168,-3,6.89
fold2_room1_mix0515,71,4,0,27,-5,6.10
fold2_room1_mix0515,71,5,0,72,6,11.21
fold2_room1_mix0515,72,4,0,165,-4,6.92
fold2_room1_mix0515,72,4,0,30,-5,5.87
fold2_room1_mix0515,72,5,0,64,5,11.91
fold2_room1_mix0515,73,4,0,168,-4,7.29
fold2_room1_mix0515,73,4,0,40,-7,4.41
fold2_room1_mix0515,73,4,0,23,-4,8.13
fold2_room1_mix0515,73,5,0,73,6,11.50
fold2_room1_mix0515,74,4,0,164,-4,6.88
fold2_room1_mix0515,74,4,0,43,-7,3.79
fold2_room1_mix0515,74,4,0,21,-3,8.31
fold2_room1_mix0515,74,5,0,83,7,10.30
fold2_room1_mix0515,75,4,0,160,-4,7.67
fold2_room1_mix0515,75,4,0,47,-7,3.90
fold2_room1_mix0515,75,4,0,22,-3,8.94
fold2_room1_mix0515,75,5,0,99,6,11.90
fold2_room1_mix0515,76,4,0,158,-4,6.76
fold2_room1_mix0515,76,4,0,69,-9,3.38
fold2_room1_mix0515,76,4,0,17,-2,9.77
fold2_room1_mix0515,76,5,0,78,7,11.37
fold2_room1_mix0515,77,4,0,161,-2,7.89
fold2_room1_mix0515,77,4,0,88,-10,2.76
fold2_room1_mix0515,77,4,0,15,-1,12.44
fold2_room1_mix0515,77,5,0,83,6,12.15
fold2_room1_mix0515,78,4,0,141,-5,6.19
fold2_room1_mix0515,78,4,0,95,-9,3.21
fold2_room1_mix0515,78,4,0,13,-1,12.84
fold2_room1_mix0515,78,5,0,84,5,11.75
fold2_room1_mix0515,79,4,0,157,-4,7.20
fold2_room1_mix0515,79,4,0,111,-8,3.36
fold2_room1_mix0515,79,4,0,16,-2,13.18
fold2_room1_mix0515,79,5,0,81,6,11.82
fold2_room1_mix0515,80,4,0,154,-5,6.40
fold2_room1_mix0515,80,4,0,128,-7,3.66
fold2_room1_mix0515,80,4,0,15,-1,15.70
fold2_room1_mix0515,80,5,0,57,5,12.80
fold2_room1_mix0515,81,4,0,160,-4,7.29
fold2_room1_mix0515,81,4,0,133,-6,4.29
fold2_room1_mix0515,81,4,0,10,-1,14.71
fold2_room1_mix0515,81,5,0,87,7,10.24
fold2_room1_mix0515,82,4,0,155,-6,5.93
fold2_room1_mix0515,82,4,0,136,-6,4.09
fold2_room1_mix0515,82,4,0,14,-1,16.02
fold2_room1_mix0515,82,5,0,58,5,11.56
fold2_room1_mix0515,83,4,0,163,-5,8.06
fold2_room1_mix0515,83,4,0,141,-5,4.71
fold2_room1_mix0515,83,4,0,14,-2,17.10
fold2_room1_mix0515,83,5,0,82,5,13.00
fold2_room1_mix0515,84,4,0,161,-4,7.73
fold2_room1_mix0515,84,4,0,144,-5,5.39
fold2_room1_mix0515,84,4,0,13,-1,16.39
fold2_room1_mix0515,84,5,0,69,6,10.49
fold2_room1_mix0515,85,4,0,165,-4,9.57
fold2_room1_mix0515,85,4,0,149,-5,5.86
fold2_room1_mix0515,85,4,0,14,-2,17.41
fold2_room1_mix0515,85,5,0,64,5,10.72
fold2_room1_mix0515,86,4,0,158,-4,7.71
fold2_room1_mix0515,86,4,0,14,-2,17.70
fold2_room1_mix0515,86,5,0,87,6,12.52
fold2_room1_mix0515,87,4,0,160,-3,8.62
fold2_room1_mix0515,87,4,0,15,-1,19.84
fold2_room1_mix0515,87,5,0,78,6,12.43
fold2_room1_mix0515,88,4,0,160,-3,9.16
fold2_room1_mix0515,88,4,0,14,-1,22.12
fold2_room1_mix0515,88,5,0,66,5,12.03
fold2_room1_mix0515,89,4,0,163,-3,9.57
fold2_room1_mix0515,89,4,0,11,-1,20.32
fold2_room1_mix0515,89,5,0,71,5,12.82
fold2_room1_mix0515,90,4,0,164,-2,10.43
fold2_room1_mix0515,90,4,0,12,-1,23.06
fold2_room1_mix0515,90,5,0,97,5,11.78
fold2_room1_mix0515,91,4,0,165,-2,11.96
fold2_room1_mix0515,91,4,0,13,-1,22.19
fold2_room1_mix0515,91,5,0,102,5,13.04
fold2_room1_mix0515,92,4,0,164,-1,12.55
fold2_room1_mix0515,92,4,0,13,-1,23.94
fold2_room1_mix0515,92,5,0,68,6,11.59
fold2_room1_mix0515,93,4,0,169,-1,14.19
fold2_room1_mix0515,93,4,0,8,-1,23.14
fold2_room1_mix0515,93,5,0,74,5,12.03
fold2_room1_mix0515,94,4,0,164,-1,14.11
fold2_room1_mix0515,94,4,0,12,0,27.61
fold2_room1_mix0515,94,5,0,52,4,10.94
fold2_room1_mix0515,95,4,0,167,-1,15.29
fold2_room1_mix0515,95,4,0,10,0,27.68
fold2_room1_mix0515,95,5,0,75,5,10.82
fold2_room1_mix0515,96,4,0,168,-1,15.67
fold2_room1_mix0515,96,4,0,12,0,28.14
fold2_room1_mix0515,96,5,0,79,4,13.17
fold2_room1_mix0515,97,4,0,168,-1,16.62
fold2_room1_mix0515,97,4,0,12,0,29.58
fold2_room1_mix0515,97,5,0,60,4,11.08
fold2_room1_mix0515,98,4,0,170,0,16.70
fold2_room1_mix0515,98,4,0,11,0,31.62
fold2_room1_mix0515,98,5,0,74,6,9.98
fold2_room1_mix0515,99,4,0,169,-1,15.91
fold2_room1_mix0515,99,4,0,10,0,32.51
fold2_room1_mix0515,99,5,0,77,5,10.82
fold2_room1_mix0516,7,3,0,173,-5,9.23
fold2_room1_mix0516,8,3,0,-179,-4,7.56
fold2_room1_mix0516,9,3,0,-165,-3,9.98
fold2_room1_mix0516,19,3,0,162,-4,9.67
fold2_room1_mix0516,20,3,0,169,-4,12.86
fold2_room1_mix0516,21,3,0,162,-4,13.43
fold2_room1_mix0516,21,4,0,162,-1,5.09
fold2_room1_mix0516,22,3,0,163,-3,11.04
fold2_room1_mix0516,22,4,0,164,0,6.80
fold2_room1_mix0516,23,3,0,166,-3,12.19
fold2_room1_mix0516,23,4,0,163,-1,8.63
fold2_room1_mix0516,24,3,0,153,-3,15.41
fold2_room1_mix0516,24,4,0,163,-1,13.73
fold2_room1_mix0516,25,3,0,163,-3,6.85
fold2_room1_mix0516,25,4,0,159,-1,12.86
fold2_room1_mix0516,26,3,0,164,-3,9.67
fold2_room1_mix0516,26,4,0,168,-1,12.66
fold2_room1_mix0516,27,3,0,169,-2,8.76
fold2_room1_mix0516,27,4,0,166,-1,11.36
fold2_room1_mix0516,28,3,0,150,-3,10.47
fold2_room1_mix0516,28,3,0,148,-3,10.53
fold2_room1_mix0516,28,4,0,164,-1,15.00
fold2_room1_mix0516,29,3,0,147,-4,11.20
fold2_room1_mix0516,29,4,0,166,-2,12.25
fold2_room1_mix0516,30,3,0,148,-3,11.69
fold2_room1_mix0516,30,4,0,167,-2,16.31
fold2_room1_mix0516,31,3,0,139,-3,8.43
fold2_room1_mix0516,31,4,0,172,-2,13.47
fold2_room1_mix0516,32,4,0,176,-2,13.73
fold2_room1_mix0516,33,4,0,-178,-2,13.16
fold2_room1_mix0516,34,4,0,-176,-2,13.08
fold2_room1_mix0516,35,4,0,-176,-3,11.96
fold2_room1_mix0516,36,4,0,-167,-2,10.88
fold2_room1_mix0516,36,4,0,167,-4,11.96
fold2_room1_mix0516,37,3,0,118,-5,5.03
fold2_room1_mix0516,37,4,0,-164,-3,11.39
fold2_room1_mix0516,37,4,0,178,-5,11.08
fold2_room1_mix0516,38,3,0,95,-6,6.89
fold2_room1_mix0516,38,4,0,-166,-3,12.39
fold2_room1_mix0516,39,3,0,91,-6,7.59
fold2_room1_mix0516,39,4,0,-161,-3,11.90
fold2_room1_mix0516,39,4,0,152,-5,11.47
fold2_room1_mix0516,40,3,0,86,-8,6.80
fold2_room1_mix0516,40,4,0,-165,-3,10.92
fold2_room1_mix0516,41,3,0,76,-9,6.02
fold2_room1_mix0516,41,4,0,-165,-4,9.51
fold2_room1_mix0516,42,3,0,68,-8,5.48
fold2_room1_mix0516,42,4,0,-164,-5,8.41
fold2_room1_mix0516,43,3,0,61,-8,5.98
fold2_room1_mix0516,43,4,0,-163,-5,9.27
fold2_room1_mix0516,44,3,0,64,-9,5.93
fold2_room1_mix0516,44,4,0,-147,-6,7.29
fold2_room1_mix0516,45,3,0,43,-6,5.55
fold2_room1_mix0516,45,4,0,-136,-8,4.95
fold2_room1_mix0516,45,4,0,162,-10,6.37
fold2_room1_mix0516,46,3,0,43,-5,7.44
fold2_room1_mix0516,46,4,0,-130,-11,3.83
fold2_room1_mix0516,46,4,0,123,-6,8.59
fold2_room1_mix0516,47,3,0,39,-4,7.86
fold2_room1_mix0516,47,4,0,-97,-13,2.62
fold2_room1_mix0516,48,3,0,38,-5,6.66
fold2_room1_mix0516,48,4,0,177,-3,13.04
fold2_room1_mix0516,48,4,0,-73,-14,2.94
fold2_room1_mix0516,49,4,0,-58,-11,3.57
fold2_room1_mix0516,51,4,0,94,-3,10.87
fold2_room1_mix0516,51,4,0,-30,-8,3.66
fold2_room1_mix0516,52,4,0,107,-4,10.30
fold2_room1_mix0516,52,4,0,-28,-6,4.73
fold2_room1_mix0516,53,4,0,106,-5,11.45
fold2_room1_mix0516,53,4,0,-23,-6,5.24
fold2_room1_mix0516,54,4,0,109,-4,11.66
fold2_room1_mix0516,54,4,0,-19,-5,6.13
fold2_room1_mix0516,55,4,0,103,-3,11.17
fold2_room1_mix0516,55,4,0,-16,-5,6.71
fold2_room1_mix0516,56,4,0,97,-3,12.58
fold2_room1_mix0516,56,4,0,-11,-5,7.29
fold2_room1_mix0516,57,4,0,101,-3,12.58
fold2_room1_mix0516,57,4,0,-12,-4,8.13
fold2_room1_mix0516,58,4,0,106,-3,13.06
fold2_room1_mix0516,58,4,0,-8,-5,8.94
fold2_room1_mix0516,59,4,0,111,-3,13.75
fold2_room1_mix0516,59,4,0,-8,-3,10.55
fold2_room1_mix0516,60,4,0,108,-3,13.25
fold2_room1_mix0516,60,4,0,-6,-4,9.77
fold2_room1_mix0516,61,4,0,96,-3,13.19
fold2_room1_mix0516,61,4,0,-8,-3,12.22
fold2_room1_mix0516,62,4,0,82,-4,14.15
fold2_room1_mix0516,62,4,0,0,-2,13.80
fold2_room1_mix0516,63,4,0,70,-4,13.46
fold2_room1_mix0516,63,4,0,43,-3,13.10
fold2_room1_mix0516,63,4,0,9,-2,14.63
fold2_room1_mix0516,64,4,0,74,-3,12.78
fold2_room1_mix0516,64,4,0,58,-2,11.83
fold2_room1_mix0516,64,4,0,29,-2,13.89
fold2_room1_mix0516,65,4,0,71,-2,13.25
fold2_room1_mix0516,65,4,0,41,-1,15.17
fold2_room1_mix0516,66,4,0,77,-2,12.77
fold2_room1_mix0516,66,4,0,36,-1,15.44
fold2_room1_mix0516,67,4,0,76,-1,12.89
fold2_room1_mix0516,67,4,0,36,-1,15.34
fold2_room1_mix0516,68,4,0,81,-1,12.50
fold2_room1_mix0516,68,4,0,55,-1,13.89
fold2_room1_mix0516,69,4,0,80,-1,12.52
fold2_room1_mix0516,70,4,0,78,-1,13.26
fold2_room1_mix0516,71,4,0,72,-1,12.99
fold2_room1_mix0516,72,4,0,77,-1,13.40
fold2_room1_mix0516,73,4,0,72,-1,12.00
fold2_room1_mix0516,74,4,0,74,-1,12.70
fold2_room1_mix0516,75,4,0,73,-1,13.21
fold2_room1_mix0516,76,4,0,80,0,6.36
fold2_room1_mix0516,77,4,0,77,-1,5.89
fold2_room1_mix0516,78,4,0,80,0,4.74
fold2_room1_mix0516,79,4,0,72,-1,8.86
fold2_room1_mix0516,80,4,0,75,0,10.14
fold2_room1_mix0516,50,4,0,-36,-9,3.87
fold2_room1_mix0516,81,4,0,81,0,2.05
fold2_room1_mix0517,4,4,0,0,1,5.44
fold2_room1_mix0517,5,4,0,0,0,21.65
fold2_room1_mix0517,6,4,0,2,0,24.30
fold2_room1_mix0517,7,4,0,2,0,26.47
fold2_room1_mix0517,8,4,0,2,0,43.18
fold2_room1_mix0517,9,4,0,0,0,43.01
fold2_room1_mix0517,10,4,0,2,-1,42.71
fold2_room1_mix0517,11,4,0,2,0,44.31
fold2_room1_mix0517,12,4,0,0,-1,44.00
fold2_room1_mix0517,13,4,0,1,0,42.00
fold2_room1_mix0517,14,4,0,2,0,43.94
fold2_room1_mix0517,15,4,0,1,0,42.03
fold2_room1_mix0517,16,4,0,1,0,38.99
fold2_room1_mix0517,17,4,0,1,0,39.59
fold2_room1_mix0517,18,4,0,3,0,40.22
fold2_room1_mix0517,19,4,0,1,0,40.21
fold2_room1_mix0517,20,4,0,2,0,37.53
fold2_room1_mix0517,21,4,0,2,0,37.71
fold2_room1_mix0517,22,4,0,2,0,36.08
fold2_room1_mix0517,23,4,0,1,0,34.06
fold2_room1_mix0517,24,4,0,2,0,35.69
fold2_room1_mix0517,25,4,0,0,0,33.74
fold2_room1_mix0517,26,4,0,1,0,34.04
fold2_room1_mix0517,27,4,0,1,0,34.98
fold2_room1_mix0517,28,4,0,0,0,33.07
fold2_room1_mix0517,29,4,0,1,0,32.61
fold2_room1_mix0517,30,4,0,1,0,32.59
fold2_room1_mix0517,31,4,0,0,-1,32.61
fold2_room1_mix0517,32,4,0,1,0,32.43
fold2_room1_mix0517,33,4,0,1,0,32.21
fold2_room1_mix0517,34,4,0,1,0,32.55
fold2_room1_mix0517,35,4,0,0,0,31.53
fold2_room1_mix0517,36,4,0,0,0,31.96
fold2_room1_mix0517,37,4,0,0,0,31.20
fold2_room1_mix0517,38,4,0,0,-1,29.90
fold2_room1_mix0517,39,4,0,0,-1,29.67
fold2_room1_mix0517,40,4,0,0,0,30.68
fold2_room1_mix0517,41,4,0,0,-1,28.06
fold2_room1_mix0517,42,4,0,0,-1,27.51
fold2_room1_mix0517,43,4,0,0,-1,27.77
fold2_room1_mix0517,44,4,0,-1,-1,26.48
fold2_room1_mix0517,45,4,0,-1,-1,25.24
fold2_room1_mix0517,46,4,0,-1,-1,25.50
fold2_room1_mix0517,47,4,0,0,-1,23.83
fold2_room1_mix0517,48,4,0,0,-1,23.63
fold2_room1_mix0517,49,4,0,-2,-1,22.39
fold2_room1_mix0517,50,4,0,-1,-1,22.09
fold2_room1_mix0517,51,4,0,-2,-1,21.62
fold2_room1_mix0517,52,4,0,-1,-1,22.12
fold2_room1_mix0517,53,4,0,-1,-1,20.84
fold2_room1_mix0517,54,4,0,-1,-1,20.73
fold2_room1_mix0517,55,4,0,-2,-1,19.38
fold2_room1_mix0517,56,4,0,-2,-1,19.50
fold2_room1_mix0517,57,4,0,-2,-1,18.72
fold2_room1_mix0517,58,4,0,-3,-1,18.07
fold2_room1_mix0517,59,4,0,-3,-1,17.65
fold2_room1_mix0517,60,4,0,-4,-1,17.20
fold2_room1_mix0517,61,4,0,-3,-1,15.38
fold2_room1_mix0517,62,4,0,-4,-1,15.18
fold2_room1_mix0517,63,4,0,-4,-1,14.31
fold2_room1_mix0517,64,4,0,-5,-2,14.45
fold2_room1_mix0517,65,4,0,-4,-2,13.58
fold2_room1_mix0517,66,4,0,-5,-2,13.39
fold2_room1_mix0517,67,4,0,-6,-2,12.41
fold2_room1_mix0517,68,4,0,-5,-2,12.89
fold2_room1_mix0517,69,4,0,-6,-2,11.19
fold2_room1_mix0517,70,4,0,-7,-3,10.85
fold2_room1_mix0517,71,4,0,-8,-3,9.90
fold2_room1_mix0517,72,4,0,-9,-3,10.36
fold2_room1_mix0517,73,4,0,-9,-3,8.90
fold2_room1_mix0517,74,4,0,-11,-4,7.94
fold2_room1_mix0517,75,4,0,-11,-4,7.83
fold2_room1_mix0517,76,4,0,-13,-4,7.43
fold2_room1_mix0517,77,4,0,-15,-4,6.47
fold2_room1_mix0517,78,4,0,-14,-4,6.14
fold2_room1_mix0517,79,4,0,-17,-5,5.12
fold2_room1_mix0517,80,4,0,-20,-6,4.46
fold2_room1_mix0517,81,4,0,-22,-6,4.08
fold2_room1_mix0517,82,4,0,-25,-7,3.80
fold2_room1_mix0517,83,4,0,-28,-8,2.92
fold2_room1_mix0517,84,4,0,-32,-9,2.59
fold2_room1_mix0517,85,4,0,-41,-10,2.05
fold2_room1_mix0517,86,4,0,-47,-11,1.94
fold2_room1_mix0517,87,4,0,-64,-14,1.55
fold2_room1_mix0517,88,4,0,-89,-14,1.83
fold2_room1_mix0517,89,4,0,-110,-13,1.71
fold2_room1_mix0517,90,4,0,-129,-10,1.81
fold2_room1_mix0517,91,4,0,-138,-8,2.51
fold2_room1_mix0517,92,4,0,-146,-7,2.78
fold2_room1_mix0517,93,4,0,-151,-6,3.06
fold2_room1_mix0517,94,4,0,-154,-5,3.58
fold2_room1_mix0517,95,4,0,-157,-5,3.94
fold2_room1_mix0517,96,4,0,-159,-4,4.60
fold2_room1_mix0517,97,4,0,-160,-4,4.80
fold2_room1_mix0517,98,4,0,-161,-4,5.23
fold2_room1_mix0517,99,4,0,-162,-3,6.08
fold2_room1_mix0517,3,4,0,-2,0,3.37
fold2_room1_mix0518,25,4,0,179,0,17.51
fold2_room1_mix0518,26,4,0,174,0,12.40
fold2_room1_mix0518,28,4,0,176,0,29.96
fold2_room1_mix0518,29,4,0,177,0,38.07
fold2_room1_mix0518,30,4,0,176,0,29.38
fold2_room1_mix0518,31,4,0,176,0,34.23
fold2_room1_mix0518,32,4,0,175,0,32.49
fold2_room1_mix0518,33,4,0,176,0,35.99
fold2_room1_mix0518,34,4,0,177,0,36.19
fold2_room1_mix0518,35,4,0,175,0,28.52
fold2_room1_mix0518,36,4,0,178,0,35.38
fold2_room1_mix0518,37,4,0,179,0,37.03
fold2_room1_mix0518,38,4,0,177,0,34.06
fold2_room1_mix0518,39,4,0,178,0,33.59
fold2_room1_mix0518,40,4,0,-177,0,33.52
fold2_room1_mix0518,41,4,0,-179,0,32.51
fold2_room1_mix0518,42,4,0,179,0,31.46
fold2_room1_mix0518,43,4,0,179,0,31.54
fold2_room1_mix0518,44,4,0,-179,0,31.75
fold2_room1_mix0518,45,4,0,-178,0,31.05
fold2_room1_mix0518,46,4,0,-179,0,30.77
fold2_room1_mix0518,47,4,0,-179,0,29.50
fold2_room1_mix0518,48,4,0,179,0,30.55
fold2_room1_mix0518,49,4,0,179,0,28.54
fold2_room1_mix0518,50,4,0,178,0,28.45
fold2_room1_mix0518,51,4,0,178,0,27.32
fold2_room1_mix0518,52,4,0,178,0,24.65
fold2_room1_mix0518,53,4,0,179,0,24.35
fold2_room1_mix0518,54,4,0,177,0,23.65
fold2_room1_mix0518,55,4,0,177,0,21.56
fold2_room1_mix0518,56,4,0,179,0,21.52
fold2_room1_mix0518,57,4,0,177,0,21.32
fold2_room1_mix0518,58,4,0,177,-1,20.62
fold2_room1_mix0518,59,4,0,176,-1,19.67
fold2_room1_mix0518,60,4,0,177,-1,18.37
fold2_room1_mix0518,61,4,0,177,-1,17.23
fold2_room1_mix0518,62,4,0,178,-1,17.12
fold2_room1_mix0518,63,4,0,177,-1,15.14
fold2_room1_mix0518,64,4,0,177,-2,14.15
fold2_room1_mix0518,65,4,0,175,-2,13.47
fold2_room1_mix0518,66,4,0,176,-2,12.92
fold2_room1_mix0518,67,4,0,176,-2,11.70
fold2_room1_mix0518,68,4,0,174,-3,11.12
fold2_room1_mix0518,69,4,0,172,-3,10.42
fold2_room1_mix0518,70,4,0,172,-3,9.46
fold2_room1_mix0518,71,4,0,171,-4,8.38
fold2_room1_mix0518,72,4,0,170,-4,8.02
fold2_room1_mix0518,73,4,0,169,-5,7.42
fold2_room1_mix0518,74,4,0,168,-5,5.97
fold2_room1_mix0518,75,4,0,167,-6,5.26
fold2_room1_mix0518,76,4,0,164,-9,3.92
fold2_room1_mix0518,77,4,0,161,-10,3.25
fold2_room1_mix0518,78,4,0,152,-13,2.73
fold2_room1_mix0518,79,4,0,136,-19,1.85
fold2_room1_mix0518,80,4,0,100,-28,1.50
fold2_room1_mix0518,81,4,0,59,-25,1.37
fold2_room1_mix0518,82,4,0,35,-15,1.87
fold2_room1_mix0518,83,4,0,23,-12,2.50
fold2_room1_mix0518,84,4,0,17,-9,3.28
fold2_room1_mix0518,85,4,0,16,-7,4.25
fold2_room1_mix0518,86,4,0,13,-6,5.05
fold2_room1_mix0518,87,4,0,11,-5,5.91
fold2_room1_mix0518,88,4,0,10,-4,6.93
fold2_room1_mix0518,89,4,0,8,-4,7.71
fold2_room1_mix0518,90,4,0,8,-4,8.37
fold2_room1_mix0518,91,4,0,7,-3,9.21
fold2_room1_mix0518,92,4,0,7,-3,9.99
fold2_room1_mix0518,93,4,0,7,-3,10.45
fold2_room1_mix0518,94,4,0,7,-3,11.64
fold2_room1_mix0518,95,4,0,6,-2,12.37
fold2_room1_mix0518,96,4,0,6,-2,12.91
fold2_room1_mix0518,97,4,0,6,-2,14.01
fold2_room1_mix0518,98,4,0,6,-2,15.54
fold2_room1_mix0518,99,4,0,6,-2,16.29
fold2_room1_mix0519,30,4,0,42,-1,17.03
fold2_room1_mix0519,31,4,0,42,-1,14.85
fold2_room1_mix0519,32,4,0,46,-1,13.50
fold2_room1_mix0519,33,4,0,42,-1,19.55
fold2_room1_mix0519,34,4,0,42,-1,18.93
fold2_room1_mix0519,35,4,0,41,-1,19.46
fold2_room1_mix0519,36,4,0,40,-1,18.69
fold2_room1_mix0519,37,4,0,44,-1,19.24
fold2_room1_mix0519,38,4,0,45,-1,18.31
fold2_room1_mix0519,39,4,0,46,-1,17.40
fold2_room1_mix0519,40,4,0,47,-1,17.47
fold2_room1_mix0519,41,4,0,47,-1,17.51
fold2_room1_mix0519,42,4,0,46,-1,18.29
fold2_room1_mix0519,43,4,0,48,-1,18.09
fold2_room1_mix0519,44,4,0,48,-1,18.15
fold2_room1_mix0519,45,4,0,50,-1,17.77
fold2_room1_mix0519,46,4,0,52,-1,18.00
fold2_room1_mix0519,47,4,0,51,-1,18.09
fold2_room1_mix0519,48,4,0,51,-1,17.07
fold2_room1_mix0519,49,4,0,50,-1,17.05
fold2_room1_mix0519,50,4,0,52,-1,16.97
fold2_room1_mix0519,51,4,0,53,-1,16.62
fold2_room1_mix0519,52,4,0,51,-1,17.12
fold2_room1_mix0519,53,4,0,54,-1,17.52
fold2_room1_mix0519,54,4,0,57,-2,17.22
fold2_room1_mix0519,55,4,0,56,-1,17.33
fold2_room1_mix0519,56,4,0,59,-1,16.54
fold2_room1_mix0519,57,4,0,59,-2,17.36
fold2_room1_mix0519,58,4,0,62,-2,16.54
fold2_room1_mix0519,59,4,0,61,-2,16.35
fold2_room1_mix0519,60,4,0,61,-1,16.24
fold2_room1_mix0519,61,4,0,63,-2,15.23
fold2_room1_mix0519,62,4,0,64,-2,15.82
fold2_room1_mix0519,63,4,0,62,-2,15.04
fold2_room1_mix0519,64,4,0,64,-2,14.47
fold2_room1_mix0519,65,4,0,64,-2,15.34
fold2_room1_mix0519,66,4,0,66,-2,14.51
fold2_room1_mix0519,67,4,0,69,-2,13.76
fold2_room1_mix0519,68,4,0,68,-2,14.48
fold2_room1_mix0519,69,4,0,70,-2,14.27
fold2_room1_mix0519,70,4,0,72,-2,13.95
fold2_room1_mix0519,71,4,0,71,-3,13.93
fold2_room1_mix0519,72,4,0,74,-3,14.10
fold2_room1_mix0519,73,4,0,75,-3,13.87
fold2_room1_mix0519,74,4,0,73,-3,13.53
fold2_room1_mix0519,75,4,0,75,-3,13.67
fold2_room1_mix0519,76,4,0,78,-3,13.31
fold2_room1_mix0519,77,4,0,79,-4,13.14
fold2_room1_mix0519,78,4,0,79,-4,13.61
fold2_room1_mix0519,79,4,0,82,-4,13.18
fold2_room1_mix0519,80,4,0,83,-4,13.12
fold2_room1_mix0519,81,4,0,84,-3,13.92
fold2_room1_mix0519,82,4,0,85,-4,13.25
fold2_room1_mix0519,83,4,0,86,-4,13.18
fold2_room1_mix0519,84,4,0,88,-3,13.55
fold2_room1_mix0519,85,4,0,88,-4,13.53
fold2_room1_mix0519,86,4,0,87,-4,13.54
fold2_room1_mix0519,87,4,0,93,-4,13.27
fold2_room1_mix0519,88,4,0,96,-4,13.11
fold2_room1_mix0519,89,4,0,97,-3,13.19
fold2_room1_mix0519,90,4,0,96,-4,13.12
fold2_room1_mix0519,91,4,0,99,-4,13.26
fold2_room1_mix0519,92,4,0,100,-4,12.90
fold2_room1_mix0519,93,4,0,98,-4,13.27
fold2_room1_mix0519,94,4,0,101,-3,13.81
fold2_room1_mix0519,95,4,0,104,-3,13.05
fold2_room1_mix0519,96,4,0,106,-4,13.29
fold2_room1_mix0519,97,4,0,106,-3,13.87
fold2_room1_mix0519,98,4,0,107,-4,13.45
fold2_room1_mix0519,99,4,0,109,-3,13.17
fold2_room1_mix0521,3,4,0,0,2,3.28
fold2_room1_mix0521,4,4,0,5,0,17.12
fold2_room1_mix0521,5,4,0,5,0,15.61
fold2_room1_mix0521,6,4,0,4,0,20.00
fold2_room1_mix0521,7,4,0,5,0,34.74
fold2_room1_mix0521,8,4,0,8,0,32.67
fold2_room1_mix0521,9,4,0,4,-1,34.27
fold2_room1_mix0521,10,4,0,6,-1,32.83
fold2_room1_mix0521,11,4,0,5,0,34.08
fold2_room1_mix0521,12,4,0,8,-1,32.28
fold2_room1_mix0521,13,4,0,8,-1,31.81
fold2_room1_mix0521,14,4,0,9,0,33.77
fold2_room1_mix0521,15,4,0,7,-1,33.08
fold2_room1_mix0521,16,4,0,6,-1,29.56
fold2_room1_mix0521,17,4,0,6,-1,31.81
fold2_room1_mix0521,18,4,0,8,-1,29.95
fold2_room1_mix0521,19,4,0,8,-1,29.81
fold2_room1_mix0521,20,4,0,7,-1,29.45
fold2_room1_mix0521,21,4,0,8,-1,29.59
fold2_room1_mix0521,22,4,0,9,-1,26.90
fold2_room1_mix0521,23,4,0,7,-1,27.03
fold2_room1_mix0521,24,4,0,9,-1,25.59
fold2_room1_mix0521,25,4,0,8,-2,26.14
fold2_room1_mix0521,26,4,0,9,-1,25.05
fold2_room1_mix0521,27,4,0,10,-1,24.84
fold2_room1_mix0521,28,4,0,12,-1,25.21
fold2_room1_mix0521,29,4,0,12,-2,24.51
fold2_room1_mix0521,30,4,0,11,-2,23.87
fold2_room1_mix0521,31,4,0,12,-2,23.16
fold2_room1_mix0521,32,4,0,13,-1,22.70
fold2_room1_mix0521,33,4,0,26,-2,21.14
fold2_room1_mix0521,33,4,0,7,-2,23.28
fold2_room1_mix0521,34,4,0,14,-2,21.45
fold2_room1_mix0521,35,4,0,27,-2,19.39
fold2_room1_mix0521,35,4,0,7,-1,21.83
fold2_room1_mix0521,36,4,0,27,-2,18.09
fold2_room1_mix0521,36,4,0,7,-1,20.45
fold2_room1_mix0521,37,4,0,15,-2,19.47
fold2_room1_mix0521,38,4,0,27,-2,18.33
fold2_room1_mix0521,38,4,0,8,-2,19.17
fold2_room1_mix0521,39,4,0,28,-2,17.89
fold2_room1_mix0521,39,4,0,8,-2,19.41
fold2_room1_mix0521,40,4,0,29,-2,18.61
fold2_room1_mix0521,40,4,0,10,-1,19.15
fold2_room1_mix0521,41,4,0,33,-2,18.36
fold2_room1_mix0521,41,4,0,8,-2,17.91
fold2_room1_mix0521,42,4,0,32,-2,17.44
fold2_room1_mix0521,42,4,0,7,-2,16.50
fold2_room1_mix0521,43,4,0,35,-2,17.37
fold2_room1_mix0521,43,4,0,7,-2,16.38
fold2_room1_mix0521,44,4,0,35,-2,17.16
fold2_room1_mix0521,44,4,0,7,-2,16.75
fold2_room1_mix0521,45,4,0,40,-2,16.12
fold2_room1_mix0521,45,4,0,6,-2,14.53
fold2_room1_mix0521,46,4,0,40,-2,15.67
fold2_room1_mix0521,46,4,0,5,-2,14.25
fold2_room1_mix0521,47,4,0,45,-2,15.53
fold2_room1_mix0521,47,4,0,7,-3,12.65
fold2_room1_mix0521,48,4,0,46,-2,15.20
fold2_room1_mix0521,48,4,0,6,-3,11.84
fold2_room1_mix0521,49,4,0,48,-2,14.65
fold2_room1_mix0521,49,4,0,7,-3,11.50
fold2_room1_mix0521,50,4,0,48,-2,14.26
fold2_room1_mix0521,50,4,0,8,-3,10.32
fold2_room1_mix0521,51,4,0,55,-2,13.37
fold2_room1_mix0521,51,4,0,8,-3,9.51
fold2_room1_mix0521,52,4,0,56,-2,14.08
fold2_room1_mix0521,52,4,0,9,-4,9.57
fold2_room1_mix0521,53,4,0,65,-3,13.50
fold2_room1_mix0521,53,4,0,11,-4,8.74
fold2_room1_mix0521,54,4,0,69,-3,13.00
fold2_room1_mix0521,54,4,0,13,-4,7.97
fold2_room1_mix0521,55,4,0,75,-3,13.00
fold2_room1_mix0521,55,4,0,11,-5,7.47
fold2_room1_mix0521,56,4,0,75,-3,12.86
fold2_room1_mix0521,56,4,0,13,-5,6.79
fold2_room1_mix0521,57,4,0,75,-3,12.99
fold2_room1_mix0521,57,4,0,13,-6,6.05
fold2_room1_mix0521,58,4,0,73,-3,12.64
fold2_room1_mix0521,58,4,0,13,-7,5.70
fold2_room1_mix0521,59,4,0,82,-3,12.72
fold2_room1_mix0521,59,4,0,15,-8,4.97
fold2_room1_mix0521,60,4,0,83,-4,12.59
fold2_room1_mix0521,60,4,0,17,-9,4.40
fold2_room1_mix0521,61,4,0,83,-4,12.28
fold2_room1_mix0521,61,4,0,18,-10,3.92
fold2_room1_mix0521,62,4,0,88,-4,12.36
fold2_room1_mix0521,62,4,0,22,-10,3.75
fold2_room1_mix0521,63,4,0,86,-5,11.74
fold2_room1_mix0521,63,4,0,21,-12,3.33
fold2_room1_mix0521,64,4,0,87,-4,12.25
fold2_room1_mix0521,64,4,0,27,-12,2.92
fold2_room1_mix0521,65,4,0,82,-4,11.69
fold2_room1_mix0521,65,4,0,35,-15,2.39
fold2_room1_mix0521,66,4,0,77,-7,10.18
fold2_room1_mix0521,66,4,0,46,-16,2.74
fold2_room1_mix0521,67,4,0,78,-19,3.43
fold2_room1_mix0521,67,4,0,63,-8,7.92
fold2_room1_mix0521,68,4,0,95,-24,2.31
fold2_room1_mix0521,68,4,0,85,-7,8.92
fold2_room1_mix0521,69,4,0,122,-23,2.08
fold2_room1_mix0521,69,4,0,100,-5,10.32
fold2_room1_mix0521,70,4,0,139,-21,2.23
fold2_room1_mix0521,70,4,0,114,-3,10.90
fold2_room1_mix0521,71,4,0,151,-15,2.82
fold2_room1_mix0521,71,4,0,120,-2,11.87
fold2_room1_mix0521,72,4,0,155,-14,2.91
fold2_room1_mix0521,72,4,0,122,-1,14.15
fold2_room1_mix0521,73,4,0,160,-13,3.01
fold2_room1_mix0521,73,4,0,120,-1,16.28
fold2_room1_mix0521,74,4,0,162,-12,3.33
fold2_room1_mix0521,74,4,0,121,0,15.46
fold2_room1_mix0521,75,4,0,161,-11,3.66
fold2_room1_mix0521,75,4,0,115,-1,16.42
fold2_room1_mix0521,76,4,0,162,-9,4.14
fold2_room1_mix0521,76,4,0,115,-2,15.17
fold2_room1_mix0521,77,4,0,164,-9,4.31
fold2_room1_mix0521,77,4,0,111,-1,15.69
fold2_room1_mix0521,78,4,0,165,-8,5.15
fold2_room1_mix0521,78,4,0,119,-1,16.42
fold2_room1_mix0521,79,4,0,163,-7,5.68
fold2_room1_mix0521,79,4,0,109,-1,15.93
fold2_room1_mix0521,80,4,0,166,-6,5.82
fold2_room1_mix0521,80,4,0,118,-1,16.13
fold2_room1_mix0521,81,4,0,167,-6,6.27
fold2_room1_mix0521,81,4,0,122,-1,16.26
fold2_room1_mix0521,82,4,0,168,-6,6.67
fold2_room1_mix0521,82,4,0,131,0,17.45
fold2_room1_mix0521,83,4,0,169,-5,7.25
fold2_room1_mix0521,83,4,0,133,0,17.74
fold2_room1_mix0521,84,4,0,170,-5,8.09
fold2_room1_mix0521,84,4,0,137,0,17.81
fold2_room1_mix0521,85,4,0,170,-5,8.59
fold2_room1_mix0521,85,4,0,138,-1,17.92
fold2_room1_mix0521,86,4,0,171,-5,9.07
fold2_room1_mix0521,86,4,0,144,0,18.85
fold2_room1_mix0521,87,4,0,171,-4,9.45
fold2_room1_mix0521,87,4,0,143,-1,18.96
fold2_room1_mix0521,88,4,0,170,-4,10.06
fold2_room1_mix0521,88,4,0,146,-1,18.82
fold2_room1_mix0521,89,4,0,172,-4,10.64
fold2_room1_mix0521,89,4,0,146,-1,19.51
fold2_room1_mix0521,90,4,0,172,-4,11.12
fold2_room1_mix0521,90,4,0,148,-1,20.93
fold2_room1_mix0521,91,4,0,170,-4,11.58
fold2_room1_mix0521,91,4,0,151,-1,18.93
fold2_room1_mix0521,92,4,0,171,-3,12.60
fold2_room1_mix0521,92,4,0,150,-1,20.46
fold2_room1_mix0521,93,4,0,172,-3,12.33
fold2_room1_mix0521,93,4,0,150,-1,20.92
fold2_room1_mix0521,94,4,0,172,-3,13.25
fold2_room1_mix0521,94,4,0,154,-1,21.07
fold2_room1_mix0521,95,4,0,172,-3,13.58
fold2_room1_mix0521,95,4,0,155,-1,21.40
fold2_room1_mix0521,96,4,0,167,-2,16.61
fold2_room1_mix0521,97,4,0,167,-2,17.02
fold2_room1_mix0521,98,4,0,169,-2,17.52
fold2_room1_mix0521,99,4,0,169,-2,17.59
fold2_room1_mix0522,8,4,0,176,0,2.30
fold2_room1_mix0522,12,4,0,174,0,19.57
fold2_room1_mix0522,13,4,0,176,0,4.73
fold2_room1_mix0522,14,4,0,177,0,6.71
fold2_room1_mix0522,15,4,0,175,0,6.76
fold2_room1_mix0522,16,4,0,177,0,16.38
fold2_room1_mix0522,17,1,0,149,-2,37.51
fold2_room1_mix0522,17,4,0,173,-1,17.54
fold2_room1_mix0522,18,1,0,146,-2,34.51
fold2_room1_mix0522,18,4,0,171,0,17.00
fold2_room1_mix0522,19,1,0,147,-2,32.44
fold2_room1_mix0522,19,4,0,172,0,15.12
fold2_room1_mix0522,20,1,0,151,-2,33.49
fold2_room1_mix0522,20,4,0,176,0,25.67
fold2_room1_mix0522,21,1,0,156,-1,8.46
fold2_room1_mix0522,21,4,0,173,-1,24.36
fold2_room1_mix0522,22,1,0,151,-2,29.03
fold2_room1_mix0522,22,4,0,177,0,30.89
fold2_room1_mix0522,23,1,0,149,-2,23.30
fold2_room1_mix0522,23,4,0,169,0,22.64
fold2_room1_mix0522,24,1,0,147,-2,29.73
fold2_room1_mix0522,24,4,0,176,-1,27.65
fold2_room1_mix0522,25,1,0,146,-2,27.29
fold2_room1_mix0522,25,4,0,178,-1,25.34
fold2_room1_mix0522,26,1,0,143,-2,7.76
fold2_room1_mix0522,26,4,0,172,-1,30.71
fold2_room1_mix0522,27,1,0,146,-2,23.64
fold2_room1_mix0522,27,4,0,174,0,28.03
fold2_room1_mix0522,28,1,0,152,-2,30.57
fold2_room1_mix0522,28,4,0,171,0,35.78
fold2_room1_mix0522,29,1,0,149,-2,31.02
fold2_room1_mix0522,29,4,0,172,0,31.05
fold2_room1_mix0522,30,1,0,149,-2,32.04
fold2_room1_mix0522,30,4,0,173,0,34.33
fold2_room1_mix0522,31,0,0,-3,-2,5.67
fold2_room1_mix0522,31,1,0,142,-1,11.64
fold2_room1_mix0522,31,4,0,163,0,31.84
fold2_room1_mix0522,32,0,0,-19,-2,8.27
fold2_room1_mix0522,32,4,0,170,0,31.01
fold2_room1_mix0522,33,0,0,-9,-1,3.91
fold2_room1_mix0522,33,1,0,132,-2,21.26
fold2_room1_mix0522,33,4,0,177,0,34.93
fold2_room1_mix0522,34,0,0,-13,-1,17.51
fold2_room1_mix0522,34,1,0,124,-2,16.33
fold2_room1_mix0522,34,4,0,170,0,26.13
fold2_room1_mix0522,35,0,0,-18,-1,12.64
fold2_room1_mix0522,35,1,0,134,-2,20.05
fold2_room1_mix0522,35,4,0,167,0,32.95
fold2_room1_mix0522,36,0,0,-20,-1,15.06
fold2_room1_mix0522,36,1,0,134,-2,19.75
fold2_room1_mix0522,36,4,0,170,-1,29.19
fold2_room1_mix0522,37,0,0,-20,-2,16.67
fold2_room1_mix0522,37,1,0,117,-2,9.10
fold2_room1_mix0522,37,4,0,171,0,26.08
fold2_room1_mix0522,38,0,0,-18,-1,16.27
fold2_room1_mix0522,38,1,0,122,-2,19.28
fold2_room1_mix0522,38,4,0,173,0,25.65
fold2_room1_mix0522,39,0,0,-17,-1,17.04
fold2_room1_mix0522,39,1,0,120,-2,18.82
fold2_room1_mix0522,39,4,0,165,0,27.46
fold2_room1_mix0522,40,0,0,-18,-1,13.48
fold2_room1_mix0522,40,1,0,114,-2,18.39
fold2_room1_mix0522,40,4,0,170,0,23.74
fold2_room1_mix0522,41,0,0,-24,-1,16.30
fold2_room1_mix0522,41,1,0,111,-2,16.07
fold2_room1_mix0522,41,4,0,170,-1,21.39
fold2_room1_mix0522,42,0,0,-24,-2,16.78
fold2_room1_mix0522,42,1,0,109,-2,7.23
fold2_room1_mix0522,42,4,0,169,0,23.76
fold2_room1_mix0522,43,0,0,-25,-2,17.34
fold2_room1_mix0522,43,1,0,101,-2,4.39
fold2_room1_mix0522,43,4,0,172,0,30.09
fold2_room1_mix0522,44,0,0,-23,-1,13.77
fold2_room1_mix0522,44,1,0,93,-2,12.94
fold2_room1_mix0522,44,4,0,167,0,28.39
fold2_room1_mix0522,45,0,0,-26,-2,13.52
fold2_room1_mix0522,45,1,0,94,-3,14.07
fold2_room1_mix0522,45,4,0,168,-1,22.27
fold2_room1_mix0522,46,0,0,-25,-1,13.89
fold2_room1_mix0522,46,1,0,97,-3,13.98
fold2_room1_mix0522,46,4,0,168,-1,21.48
fold2_room1_mix0522,47,0,0,-29,-2,12.07
fold2_room1_mix0522,47,1,0,98,-2,6.81
fold2_room1_mix0522,47,4,0,168,-1,26.50
fold2_room1_mix0522,48,0,0,-27,-2,13.80
fold2_room1_mix0522,48,4,0,171,-1,21.33
fold2_room1_mix0522,49,0,0,-24,-2,14.46
fold2_room1_mix0522,49,1,0,81,-2,10.63
fold2_room1_mix0522,49,4,0,172,-1,22.98
fold2_room1_mix0522,50,0,0,-23,-1,16.23
fold2_room1_mix0522,50,1,0,88,-3,14.20
fold2_room1_mix0522,50,4,0,167,0,27.12
fold2_room1_mix0522,51,0,0,-27,-2,13.02
fold2_room1_mix0522,51,1,0,81,-2,15.73
fold2_room1_mix0522,51,4,0,169,0,25.58
fold2_room1_mix0522,52,0,0,-31,-2,14.11
fold2_room1_mix0522,52,1,0,72,-2,13.18
fold2_room1_mix0522,52,4,0,172,-1,26.11
fold2_room1_mix0522,53,0,0,-35,-2,14.87
fold2_room1_mix0522,53,1,0,93,-2,2.00
fold2_room1_mix0522,53,4,0,170,-1,23.75
fold2_room1_mix0522,54,0,0,-37,-2,11.74
fold2_room1_mix0522,54,1,0,70,-2,9.72
fold2_room1_mix0522,54,4,0,176,0,24.51
fold2_room1_mix0522,55,0,0,-26,-2,11.56
fold2_room1_mix0522,55,1,0,57,-2,10.27
fold2_room1_mix0522,55,4,0,168,-1,22.89
fold2_room1_mix0522,56,0,0,-43,-3,10.22
fold2_room1_mix0522,56,1,0,61,-2,13.37
fold2_room1_mix0522,56,4,0,168,-2,18.18
fold2_room1_mix0522,57,0,0,-42,-2,10.34
fold2_room1_mix0522,57,1,0,56,-2,12.72
fold2_room1_mix0522,57,4,0,171,-1,20.08
fold2_room1_mix0522,58,0,0,-40,-3,9.82
fold2_room1_mix0522,58,1,0,84,-2,2.48
fold2_room1_mix0522,58,4,0,171,-1,18.27
fold2_room1_mix0522,59,0,0,-47,-3,11.34
fold2_room1_mix0522,59,4,0,171,-2,17.66
fold2_room1_mix0522,60,0,0,-52,-3,9.93
fold2_room1_mix0522,60,1,0,59,-2,14.75
fold2_room1_mix0522,60,4,0,-179,-1,15.89
fold2_room1_mix0522,61,0,0,-54,-3,9.74
fold2_room1_mix0522,61,1,0,44,-2,15.87
fold2_room1_mix0522,61,4,0,176,-1,15.36
fold2_room1_mix0522,62,0,0,-63,-3,10.23
fold2_room1_mix0522,62,1,0,56,-2,16.12
fold2_room1_mix0522,62,4,0,178,-2,12.44
fold2_room1_mix0522,62,4,0,161,-5,13.29
fold2_room1_mix0522,63,0,0,-63,-3,6.77
fold2_room1_mix0522,63,1,0,48,-2,15.94
fold2_room1_mix0522,63,4,0,177,-1,15.85
fold2_room1_mix0522,64,4,0,-179,-1,13.43
fold2_room1_mix0522,65,0,0,-42,-2,5.79
fold2_room1_mix0522,65,1,0,45,-2,16.91
fold2_room1_mix0522,65,4,0,175,-1,14.01
fold2_room1_mix0522,66,0,0,-43,-2,5.12
fold2_room1_mix0522,66,1,0,39,-2,16.75
fold2_room1_mix0522,66,4,0,174,-1,12.54
fold2_room1_mix0522,67,1,0,43,-2,17.03
fold2_room1_mix0522,67,4,0,178,-1,11.94
fold2_room1_mix0522,68,1,0,39,-2,17.60
fold2_room1_mix0522,68,4,0,165,-1,15.95
fold2_room1_mix0522,69,1,0,60,-2,6.48
fold2_room1_mix0522,69,4,0,176,-1,12.64
fold2_room1_mix0522,70,4,0,171,-3,10.08
fold2_room1_mix0522,71,0,0,-17,0,2.22
fold2_room1_mix0522,71,1,0,39,-1,13.49
fold2_room1_mix0522,71,4,0,170,-2,9.18
fold2_room1_mix0522,72,1,0,51,-2,12.80
fold2_room1_mix0522,72,4,0,176,-2,10.18
fold2_room1_mix0522,73,4,0,161,-5,7.03
fold2_room1_mix0522,74,4,0,154,-8,4.57
fold2_room1_mix0522,75,0,0,-18,-1,4.28
fold2_room1_mix0522,75,4,0,139,-9,3.57
fold2_room1_mix0522,76,4,0,121,-12,2.02
fold2_room1_mix0522,77,4,0,79,-10,1.81
fold2_room1_mix0522,78,4,0,44,-6,1.88
fold2_room1_mix0522,79,4,0,26,-3,2.31
fold2_room1_mix0522,80,4,0,20,-2,4.00
fold2_room1_mix0522,81,4,0,21,-2,4.16
fold2_room1_mix0522,82,4,0,16,-2,5.37
fold2_room1_mix0522,83,4,0,13,-1,6.53
fold2_room1_mix0522,84,4,0,11,-1,6.91
fold2_room1_mix0522,85,4,0,10,-1,8.07
fold2_room1_mix0522,86,4,0,9,-1,9.46
fold2_room1_mix0522,87,4,0,9,-1,10.23
fold2_room1_mix0522,88,4,0,8,-1,11.00
fold2_room1_mix0522,89,4,0,8,-1,11.66
fold2_room1_mix0522,90,4,0,8,0,12.51
fold2_room1_mix0522,91,4,0,7,0,13.52
fold2_room1_mix0522,92,4,0,7,0,14.12
fold2_room1_mix0522,93,4,0,6,0,15.66
fold2_room1_mix0522,94,4,0,7,0,16.89
fold2_room1_mix0522,95,4,0,5,0,18.08
fold2_room1_mix0522,96,4,0,5,0,18.07
fold2_room1_mix0522,97,4,0,6,0,20.13
fold2_room1_mix0522,98,4,0,5,0,22.37
fold2_room1_mix0522,99,4,0,5,0,23.24
fold2_room1_mix0524,6,4,0,-1,0,10.16
fold2_room1_mix0524,7,4,0,-2,0,18.34
fold2_room1_mix0524,8,4,0,-1,0,12.04
fold2_room1_mix0524,9,4,0,0,0,12.55
fold2_room1_mix0524,10,4,0,-4,-1,6.37
fold2_room1_mix0524,11,4,0,-3,0,30.18
fold2_room1_mix0524,12,4,0,-2,-1,36.63
fold2_room1_mix0524,13,4,0,-4,-1,32.41
fold2_room1_mix0524,14,4,0,-2,-1,38.90
fold2_room1_mix0524,15,4,0,-4,-1,39.17
fold2_room1_mix0524,16,4,0,-4,-1,39.84
fold2_room1_mix0524,17,4,0,-2,0,42.14
fold2_room1_mix0524,18,4,0,-3,0,43.68
fold2_room1_mix0524,19,4,0,-3,0,44.97
fold2_room1_mix0524,20,4,0,-4,0,46.16
fold2_room1_mix0524,21,4,0,-5,0,45.69
fold2_room1_mix0524,22,4,0,-4,0,47.07
fold2_room1_mix0524,23,4,0,-4,0,44.77
fold2_room1_mix0524,24,4,0,-5,0,45.27
fold2_room1_mix0524,25,4,0,-4,0,46.01
fold2_room1_mix0524,26,4,0,-5,0,47.00
fold2_room1_mix0524,27,4,0,-2,0,47.50
fold2_room1_mix0524,28,4,0,-2,-1,46.08
fold2_room1_mix0524,29,4,0,-4,0,45.48
fold2_room1_mix0524,30,4,0,-4,0,43.69
fold2_room1_mix0524,31,4,0,-2,0,43.40
fold2_room1_mix0524,32,4,0,-3,0,43.08
fold2_room1_mix0524,33,4,0,-3,0,42.54
fold2_room1_mix0524,34,4,0,-2,0,41.47
fold2_room1_mix0524,35,4,0,-4,0,40.99
fold2_room1_mix0524,36,4,0,-3,0,39.72
fold2_room1_mix0524,37,4,0,-2,0,39.98
fold2_room1_mix0524,38,4,0,-4,0,37.17
fold2_room1_mix0524,39,4,0,-4,0,36.05
fold2_room1_mix0524,40,4,0,-2,0,35.45
fold2_room1_mix0524,41,4,0,-3,0,34.99
fold2_room1_mix0524,42,4,0,-4,0,32.79
fold2_room1_mix0524,43,4,0,-3,0,30.40
fold2_room1_mix0524,44,4,0,-5,0,30.08
fold2_room1_mix0524,45,4,0,-6,0,29.49
fold2_room1_mix0524,46,4,0,-5,0,28.62
fold2_room1_mix0524,47,4,0,-4,-1,27.32
fold2_room1_mix0524,48,4,0,-5,0,26.26
fold2_room1_mix0524,49,4,0,-6,0,25.78
fold2_room1_mix0524,50,4,0,-9,0,23.91
fold2_room1_mix0524,51,4,0,-8,-1,23.23
fold2_room1_mix0524,52,4,0,-10,-1,22.50
fold2_room1_mix0524,53,4,0,-10,-1,21.38
fold2_room1_mix0524,54,4,0,-10,-1,20.50
fold2_room1_mix0524,55,4,0,-10,-1,17.94
fold2_room1_mix0524,56,4,0,-11,-1,18.03
fold2_room1_mix0524,57,4,0,-12,-1,16.64
fold2_room1_mix0524,58,4,0,-15,-1,15.77
fold2_room1_mix0524,59,4,0,-16,-2,14.62
fold2_room1_mix0524,60,4,0,-18,-2,13.41
fold2_room1_mix0524,61,4,0,-21,-2,13.05
fold2_room1_mix0524,62,4,0,-23,-3,11.03
fold2_room1_mix0524,63,4,0,-26,-3,10.19
fold2_room1_mix0524,64,4,0,-29,-3,9.80
fold2_room1_mix0524,65,4,0,-32,-4,8.58
fold2_room1_mix0524,66,4,0,-34,-4,7.84
fold2_room1_mix0524,67,4,0,-39,-4,6.86
fold2_room1_mix0524,68,4,0,-44,-5,6.03
fold2_room1_mix0524,69,4,0,-47,-5,5.46
fold2_room1_mix0524,70,4,0,-55,-6,5.11
fold2_room1_mix0524,71,4,0,-65,-6,4.68
fold2_room1_mix0524,72,4,0,-79,-8,4.50
fold2_room1_mix0524,73,4,0,-91,-8,4.55
fold2_room1_mix0524,74,4,0,-104,-8,4.60
fold2_room1_mix0524,75,4,0,-114,-7,4.90
fold2_room1_mix0524,76,4,0,-124,-6,5.61
fold2_room1_mix0524,77,4,0,-135,-6,5.98
fold2_room1_mix0524,78,4,0,-140,-5,6.47
fold2_room1_mix0524,79,4,0,-144,-4,6.96
fold2_room1_mix0524,80,4,0,-145,-4,7.77
fold2_room1_mix0524,81,4,0,-150,-4,8.27
fold2_room1_mix0524,82,4,0,-152,-3,10.03
fold2_room1_mix0524,83,4,0,-153,-3,9.97
fold2_room1_mix0524,84,4,0,-155,-2,11.12
fold2_room1_mix0524,85,4,0,-157,-2,12.41
fold2_room1_mix0524,86,4,0,-157,-2,12.51
fold2_room1_mix0524,87,4,0,-158,-2,13.59
fold2_room1_mix0524,88,4,0,-159,-2,14.67
fold2_room1_mix0524,89,4,0,-160,-1,15.91
fold2_room1_mix0524,90,4,0,-161,-1,16.93
fold2_room1_mix0524,91,4,0,-163,-1,18.34
fold2_room1_mix0524,92,4,0,-163,-1,18.80
fold2_room1_mix0524,93,4,0,-164,-1,20.01
fold2_room1_mix0524,94,4,0,-164,-1,20.12
fold2_room1_mix0524,95,4,0,-165,0,21.92
fold2_room1_mix0524,96,4,0,-166,-1,22.79
fold2_room1_mix0524,97,4,0,-167,0,23.74
fold2_room1_mix0524,98,4,0,-166,0,24.12
fold2_room1_mix0524,99,4,0,-168,-1,25.43
fold2_room1_mix0525,0,5,0,14,10,1.52
fold2_room1_mix0525,1,5,0,9,7,2.78
fold2_room1_mix0525,2,4,0,177,1,1.19
fold2_room1_mix0525,2,4,0,0,2,1.14
fold2_room1_mix0525,2,5,0,13,9,2.83
fold2_room1_mix0525,3,4,0,178,1,5.10
fold2_room1_mix0525,3,4,0,1,2,5.33
fold2_room1_mix0525,3,5,0,18,13,1.96
fold2_room1_mix0525,4,4,0,-179,0,23.51
fold2_room1_mix0525,4,4,0,3,0,20.44
fold2_room1_mix0525,5,4,0,177,0,21.30
fold2_room1_mix0525,5,4,0,4,0,19.65
fold2_room1_mix0525,5,5,0,12,11,3.37
fold2_room1_mix0525,6,4,0,177,0,22.66
fold2_room1_mix0525,6,4,0,3,0,21.83
fold2_room1_mix0525,6,5,0,5,9,4.25
fold2_room1_mix0525,7,4,0,178,-1,31.18
fold2_room1_mix0525,7,4,0,5,-1,30.14
fold2_room1_mix0525,7,5,0,10,10,3.84
fold2_room1_mix0525,8,4,0,178,-1,30.63
fold2_room1_mix0525,8,4,0,4,-1,31.83
fold2_room1_mix0525,8,5,0,10,11,3.67
fold2_room1_mix0525,9,4,0,178,-2,30.38
fold2_room1_mix0525,9,4,0,4,-2,29.85
fold2_room1_mix0525,9,5,0,6,9,4.43
fold2_room1_mix0525,10,4,0,177,-1,32.47
fold2_room1_mix0525,10,4,0,3,-2,27.82
fold2_room1_mix0525,10,5,0,10,11,3.35
fold2_room1_mix0525,11,4,0,176,-1,30.91
fold2_room1_mix0525,11,4,0,5,-1,31.59
fold2_room1_mix0525,11,5,0,10,11,3.59
fold2_room1_mix0525,12,4,0,178,-1,29.33
fold2_room1_mix0525,12,4,0,2,-2,29.09
fold2_room1_mix0525,12,5,0,3,10,3.56
fold2_room1_mix0525,13,4,0,178,-2,30.36
fold2_room1_mix0525,13,4,0,3,-2,28.42
fold2_room1_mix0525,13,5,0,11,12,3.14
fold2_room1_mix0525,14,4,0,177,-1,30.82
fold2_room1_mix0525,14,4,0,3,-1,31.42
fold2_room1_mix0525,14,5,0,5,9,4.21
fold2_room1_mix0525,15,4,0,178,-2,29.01
fold2_room1_mix0525,15,4,0,3,-2,28.13
fold2_room1_mix0525,15,5,0,8,9,3.95
fold2_room1_mix0525,16,4,0,179,-2,28.27
fold2_room1_mix0525,16,4,0,2,-2,26.57
fold2_room1_mix0525,16,5,0,8,9,4.03
fold2_room1_mix0525,17,4,0,179,-2,28.46
fold2_room1_mix0525,17,4,0,2,-1,27.37
fold2_room1_mix0525,17,5,0,7,8,4.64
fold2_room1_mix0525,18,4,0,178,-2,28.91
fold2_room1_mix0525,18,4,0,1,-1,27.96
fold2_room1_mix0525,18,5,0,6,8,4.69
fold2_room1_mix0525,19,4,0,-179,-2,27.97
fold2_room1_mix0525,19,4,0,2,-2,26.57
fold2_room1_mix0525,19,5,0,5,8,4.67
fold2_room1_mix0525,20,4,0,179,-2,27.23
fold2_room1_mix0525,20,4,0,2,-2,25.48
fold2_room1_mix0525,20,5,0,0,7,5.34
fold2_room1_mix0525,21,4,0,-178,-2,27.63
fold2_room1_mix0525,21,4,0,2,-2,26.68
fold2_room1_mix0525,21,5,0,1,6,6.22
fold2_room1_mix0525,22,4,0,178,-2,27.39
fold2_room1_mix0525,22,4,0,3,-2,26.19
fold2_room1_mix0525,22,5,0,3,6,6.38
fold2_room1_mix0525,23,4,0,-178,-3,23.34
fold2_room1_mix0525,23,4,0,4,-2,21.90
fold2_room1_mix0525,23,5,0,4,5,6.76
fold2_room1_mix0525,24,4,0,-179,-2,26.34
fold2_room1_mix0525,24,4,0,3,-3,21.79
fold2_room1_mix0525,24,5,0,1,6,6.50
fold2_room1_mix0525,25,4,0,-176,-3,22.24
fold2_room1_mix0525,25,4,0,3,-3,22.43
fold2_room1_mix0525,25,5,0,3,4,7.70
fold2_room1_mix0525,26,4,0,-177,-3,22.75
fold2_room1_mix0525,26,4,0,3,-3,21.09
fold2_room1_mix0525,26,5,0,4,5,6.89
fold2_room1_mix0525,27,4,0,-177,-3,22.63
fold2_room1_mix0525,27,4,0,4,-2,21.91
fold2_room1_mix0525,27,5,0,5,5,7.12
fold2_room1_mix0525,28,4,0,-178,-3,20.60
fold2_room1_mix0525,28,4,0,3,-3,20.95
fold2_room1_mix0525,28,5,0,1,4,8.67
fold2_room1_mix0525,29,4,0,-177,-3,18.99
fold2_room1_mix0525,29,4,0,2,-3,17.33
fold2_room1_mix0525,29,5,0,4,5,6.99
fold2_room1_mix0525,30,4,0,-177,-3,18.29
fold2_room1_mix0525,30,4,0,4,-3,19.44
fold2_room1_mix0525,30,5,0,4,4,8.77
fold2_room1_mix0525,31,4,0,-179,-3,17.27
fold2_room1_mix0525,31,4,0,3,-3,17.69
fold2_room1_mix0525,31,5,0,4,4,8.38
fold2_room1_mix0525,32,4,0,-177,-3,17.72
fold2_room1_mix0525,32,4,0,4,-3,17.56
fold2_room1_mix0525,32,5,0,3,4,8.35
fold2_room1_mix0525,33,4,0,-178,-4,16.64
fold2_room1_mix0525,33,4,0,3,-3,16.59
fold2_room1_mix0525,33,5,0,4,4,9.48
fold2_room1_mix0525,34,4,0,-179,-4,15.80
fold2_room1_mix0525,34,4,0,4,-3,14.73
fold2_room1_mix0525,34,5,0,1,4,8.80
fold2_room1_mix0525,35,4,0,-177,-4,14.42
fold2_room1_mix0525,35,4,0,4,-3,15.51
fold2_room1_mix0525,35,5,0,5,3,9.55
fold2_room1_mix0525,36,4,0,-178,-4,15.22
fold2_room1_mix0525,36,4,0,5,-4,13.83
fold2_room1_mix0525,36,5,0,4,3,9.16
fold2_room1_mix0525,37,4,0,-179,-4,14.36
fold2_room1_mix0525,37,4,0,3,-4,13.32
fold2_room1_mix0525,37,5,0,1,3,9.89
fold2_room1_mix0525,38,4,0,-178,-4,13.17
fold2_room1_mix0525,38,4,0,6,-4,12.04
fold2_room1_mix0525,38,5,0,3,3,9.35
fold2_room1_mix0525,39,4,0,-179,-5,11.81
fold2_room1_mix0525,39,4,0,4,-5,10.94
fold2_room1_mix0525,39,5,0,3,3,10.44
fold2_room1_mix0525,40,4,0,-177,-5,11.32
fold2_room1_mix0525,40,4,0,4,-6,9.65
fold2_room1_mix0525,40,5,0,2,3,10.61
fold2_room1_mix0525,41,4,0,-179,-5,10.87
fold2_room1_mix0525,41,4,0,4,-6,8.09
fold2_room1_mix0525,41,5,0,2,3,10.24
fold2_room1_mix0525,42,4,0,179,-5,10.84
fold2_room1_mix0525,42,4,0,6,-7,6.83
fold2_room1_mix0525,42,5,0,1,3,10.23
fold2_room1_mix0525,43,4,0,-179,-4,12.08
fold2_room1_mix0525,43,4,0,8,-9,5.25
fold2_room1_mix0525,43,5,0,4,3,9.54
fold2_room1_mix0525,44,4,0,178,-5,11.20
fold2_room1_mix0525,44,4,0,6,-10,4.81
fold2_room1_mix0525,44,5,0,1,3,9.65
fold2_room1_mix0525,45,4,0,174,-5,11.27
fold2_room1_mix0525,45,4,0,9,-11,3.94
fold2_room1_mix0525,45,5,0,2,4,9.40
fold2_room1_mix0525,46,4,0,173,-4,12.43
fold2_room1_mix0525,46,4,0,14,-13,3.08
fold2_room1_mix0525,46,5,0,3,4,9.36
fold2_room1_mix0525,47,4,0,166,-5,12.49
fold2_room1_mix0525,47,4,0,23,-17,2.85
fold2_room1_mix0525,47,5,0,7,4,8.68
fold2_room1_mix0525,48,4,0,171,-4,16.09
fold2_room1_mix0525,48,4,0,32,-23,2.29
fold2_room1_mix0525,48,5,0,6,4,7.30
fold2_room1_mix0525,49,4,0,167,-4,15.03
fold2_room1_mix0525,49,4,0,82,-35,1.42
fold2_room1_mix0525,49,4,0,58,-39,1.66
fold2_room1_mix0525,49,5,0,9,5,7.55
fold2_room1_mix0525,50,4,0,169,-6,10.71
fold2_room1_mix0525,50,4,0,124,-31,1.50
fold2_room1_mix0525,50,5,0,3,6,6.72
fold2_room1_mix0525,51,4,0,171,-5,11.01
fold2_room1_mix0525,51,4,0,142,-22,2.09
fold2_room1_mix0525,51,5,0,8,6,6.94
fold2_room1_mix0525,52,4,0,176,-5,10.03
fold2_room1_mix0525,52,4,0,154,-18,2.84
fold2_room1_mix0525,52,5,0,2,6,6.59
fold2_room1_mix0525,53,4,0,163,-10,5.23
fold2_room1_mix0525,53,5,0,2,6,6.59
fold2_room1_mix0525,54,4,0,166,-8,5.90
fold2_room1_mix0525,54,5,0,4,5,6.68
fold2_room1_mix0525,55,4,0,168,-7,6.08
fold2_room1_mix0525,55,5,0,3,5,7.28
fold2_room1_mix0525,56,4,0,171,-6,6.52
fold2_room1_mix0525,56,5,0,5,5,7.14
fold2_room1_mix0525,57,4,0,170,-5,6.57
fold2_room1_mix0525,57,5,0,4,5,6.19
fold2_room1_mix0525,58,4,0,172,-5,6.77
fold2_room1_mix0525,58,5,0,0,5,6.47
fold2_room1_mix0525,59,4,0,171,-5,6.75
fold2_room1_mix0525,59,5,0,8,5,6.64
fold2_room1_mix0525,60,4,0,170,-6,5.88
fold2_room1_mix0525,60,5,0,7,5,6.48
fold2_room1_mix0525,61,4,0,169,-6,5.51
fold2_room1_mix0525,61,5,0,2,5,6.70
fold2_room1_mix0525,62,4,0,168,-7,5.42
fold2_room1_mix0525,62,5,0,1,5,6.43
fold2_room1_mix0525,63,4,0,162,-8,4.90
fold2_room1_mix0525,63,5,0,5,5,6.87
fold2_room1_mix0525,64,4,0,166,-5,7.60
fold2_room1_mix0525,64,4,0,143,-20,1.44
fold2_room1_mix0525,64,5,0,2,5,6.85
fold2_room1_mix0525,65,4,0,169,-5,8.83
fold2_room1_mix0525,65,4,0,126,-25,3.12
fold2_room1_mix0525,65,4,0,99,-34,0.73
fold2_room1_mix0525,65,5,0,5,5,5.66
fold2_room1_mix0525,66,4,0,168,-7,7.72
fold2_room1_mix0525,66,4,0,50,-26,0.96
fold2_room1_mix0525,66,5,0,1,6,5.89
fold2_room1_mix0525,67,4,0,176,-2,9.58
fold2_room1_mix0525,67,4,0,27,-14,1.66
fold2_room1_mix0525,67,5,0,5,6,6.09
fold2_room1_mix0525,68,4,0,174,-2,10.97
fold2_room1_mix0525,68,4,0,16,-10,2.30
fold2_room1_mix0525,68,5,0,1,6,6.04
fold2_room1_mix0525,69,4,0,173,-2,12.63
fold2_room1_mix0525,69,4,0,12,-9,2.95
fold2_room1_mix0525,69,5,0,0,5,6.81
fold2_room1_mix0525,70,4,0,175,0,13.63
fold2_room1_mix0525,70,4,0,10,-8,3.23
fold2_room1_mix0525,70,5,0,0,5,7.95
fold2_room1_mix0525,71,4,0,173,-1,14.71
fold2_room1_mix0525,71,4,0,8,-7,3.88
fold2_room1_mix0525,71,5,0,2,4,7.88
fold2_room1_mix0525,72,4,0,174,-1,15.25
fold2_room1_mix0525,72,4,0,7,-6,4.78
fold2_room1_mix0525,72,5,0,-2,4,8.58
fold2_room1_mix0525,73,4,0,175,-1,15.83
fold2_room1_mix0525,73,4,0,5,-7,4.82
fold2_room1_mix0525,73,5,0,0,4,9.02
fold2_room1_mix0525,74,4,0,176,0,18.56
fold2_room1_mix0525,74,4,0,5,-6,5.21
fold2_room1_mix0525,74,5,0,-1,4,8.27
fold2_room1_mix0525,75,4,0,177,0,18.84
fold2_room1_mix0525,75,4,0,5,-6,5.96
fold2_room1_mix0525,75,5,0,2,4,8.85
fold2_room1_mix0525,76,4,0,178,-1,19.42
fold2_room1_mix0525,76,4,0,5,-6,6.58
fold2_room1_mix0525,76,5,0,-2,3,10.67
fold2_room1_mix0525,77,4,0,177,0,21.34
fold2_room1_mix0525,77,4,0,5,-5,6.84
fold2_room1_mix0525,77,5,0,2,3,8.81
fold2_room1_mix0525,78,4,0,-179,0,21.71
fold2_room1_mix0525,78,4,0,6,-5,7.99
fold2_room1_mix0525,78,5,0,0,3,10.16
fold2_room1_mix0525,79,4,0,-179,0,22.08
fold2_room1_mix0525,79,4,0,6,-4,8.36
fold2_room1_mix0525,79,5,0,1,3,9.67
fold2_room1_mix0525,80,4,0,-179,-1,21.46
fold2_room1_mix0525,80,4,0,5,-4,10.04
fold2_room1_mix0525,80,5,0,2,3,9.51
fold2_room1_mix0525,81,4,0,-179,-1,21.05
fold2_room1_mix0525,81,4,0,5,-4,10.35
fold2_room1_mix0525,81,5,0,2,3,9.87
fold2_room1_mix0525,82,4,0,179,-1,21.35
fold2_room1_mix0525,82,4,0,4,-4,10.84
fold2_room1_mix0525,82,5,0,1,3,10.88
fold2_room1_mix0525,83,4,0,179,-1,20.42
fold2_room1_mix0525,83,4,0,3,-3,10.91
fold2_room1_mix0525,83,5,0,2,3,11.61
fold2_room1_mix0525,84,4,0,178,-2,19.27
fold2_room1_mix0525,84,4,0,3,-3,12.64
fold2_room1_mix0525,84,5,0,-1,3,10.41
fold2_room1_mix0525,85,4,0,179,-1,22.47
fold2_room1_mix0525,85,4,0,5,-3,13.45
fold2_room1_mix0525,85,5,0,1,3,9.87
fold2_room1_mix0525,86,4,0,-179,-2,20.63
fold2_room1_mix0525,86,4,0,3,-3,13.32
fold2_room1_mix0525,86,5,0,0,2,13.19
fold2_room1_mix0525,87,4,0,178,-2,19.09
fold2_room1_mix0525,87,4,0,3,-3,13.04
fold2_room1_mix0525,87,5,0,0,2,13.14
fold2_room1_mix0525,88,4,0,179,-2,20.85
fold2_room1_mix0525,88,4,0,4,-2,14.68
fold2_room1_mix0525,88,5,0,-3,3,12.08
fold2_room1_mix0525,89,4,0,-179,-2,20.71
fold2_room1_mix0525,89,4,0,4,-2,14.50
fold2_room1_mix0525,89,5,0,0,2,12.41
fold2_room1_mix0525,90,4,0,-179,-2,20.10
fold2_room1_mix0525,90,4,0,4,-3,14.39
fold2_room1_mix0525,90,5,0,-1,2,14.12
fold2_room1_mix0525,91,4,0,179,-2,22.25
fold2_room1_mix0525,91,4,0,3,-3,15.20
fold2_room1_mix0525,91,5,0,-1,2,14.75
fold2_room1_mix0525,92,4,0,-179,-2,20.89
fold2_room1_mix0525,92,4,0,3,-2,16.02
fold2_room1_mix0525,92,5,0,-4,2,14.58
fold2_room1_mix0525,93,4,0,178,-1,22.93
fold2_room1_mix0525,93,4,0,3,-2,17.01
fold2_room1_mix0525,93,5,0,-2,3,13.05
fold2_room1_mix0525,94,4,0,-179,-1,24.34
fold2_room1_mix0525,94,4,0,4,-2,17.35
fold2_room1_mix0525,94,5,0,0,3,12.95
fold2_room1_mix0525,95,4,0,-178,-1,25.67
fold2_room1_mix0525,95,4,0,2,-3,17.64
fold2_room1_mix0525,95,5,0,-2,2,13.55
fold2_room1_mix0525,96,4,0,179,-1,25.34
fold2_room1_mix0525,96,4,0,2,-2,17.25
fold2_room1_mix0525,96,5,0,-2,2,14.12
fold2_room1_mix0525,97,4,0,-179,-1,26.33
fold2_room1_mix0525,97,4,0,2,-2,19.35
fold2_room1_mix0525,97,5,0,-1,2,14.22
fold2_room1_mix0525,98,4,0,-179,-1,27.21
fold2_room1_mix0525,98,4,0,3,-2,19.42
fold2_room1_mix0525,98,5,0,-2,3,13.33
fold2_room1_mix0525,99,4,0,-178,-1,26.42
fold2_room1_mix0525,99,4,0,3,-2,20.87
fold2_room1_mix0525,99,5,0,-1,3,14.03
fold2_room1_mix0526,12,0,0,171,-1,2.09
fold2_room1_mix0526,13,0,0,167,-1,17.20
fold2_room1_mix0526,14,0,0,163,-1,12.58
fold2_room1_mix0526,15,0,0,164,-1,16.51
fold2_room1_mix0526,16,0,0,162,-1,27.83
fold2_room1_mix0526,17,0,0,162,-1,25.84
fold2_room1_mix0526,18,0,0,163,-1,29.22
fold2_room1_mix0526,19,0,0,164,-1,33.04
fold2_room1_mix0526,20,0,0,160,0,35.81
fold2_room1_mix0526,21,0,0,159,-1,34.64
fold2_room1_mix0526,22,0,0,158,-1,30.79
fold2_room1_mix0526,23,0,0,158,0,30.95
fold2_room1_mix0526,24,0,0,159,-1,28.37
fold2_room1_mix0526,25,0,0,159,-1,28.80
fold2_room1_mix0526,26,0,0,156,-1,25.66
fold2_room1_mix0526,27,0,0,156,-1,22.16
fold2_room1_mix0526,28,0,0,148,-1,19.17
fold2_room1_mix0526,29,0,0,144,-1,18.37
fold2_room1_mix0526,30,0,0,138,-1,16.88
fold2_room1_mix0526,31,0,0,133,-1,15.35
fold2_room1_mix0526,32,0,0,135,-2,14.93
fold2_room1_mix0526,33,0,0,130,-2,13.71
fold2_room1_mix0526,34,0,0,114,-2,12.73
fold2_room1_mix0526,35,0,0,110,-2,12.08
fold2_room1_mix0526,36,0,0,112,-2,11.66
fold2_room1_mix0526,37,0,0,105,-2,11.70
fold2_room1_mix0526,38,0,0,103,-2,12.02
fold2_room1_mix0526,39,0,0,102,-2,12.93
fold2_room1_mix0526,40,0,0,94,-2,12.92
fold2_room1_mix0526,41,0,0,87,-2,13.93
fold2_room1_mix0526,42,0,0,82,-2,14.50
fold2_room1_mix0526,43,0,0,74,-2,14.33
fold2_room1_mix0526,44,0,0,72,-2,15.84
fold2_room1_mix0526,45,0,0,61,-2,16.47
fold2_room1_mix0526,46,0,0,55,-2,16.67
fold2_room1_mix0526,47,0,0,55,-2,16.97
fold2_room1_mix0526,48,0,0,47,-2,17.66
fold2_room1_mix0526,49,0,0,43,-2,18.11
fold2_room1_mix0526,50,0,0,41,-2,20.26
fold2_room1_mix0526,51,0,0,37,-1,20.80
fold2_room1_mix0526,52,0,0,44,-1,5.96
fold2_room1_mix0527,15,4,0,-6,0,6.90
fold2_room1_mix0527,16,4,0,0,-1,10.75
fold2_room1_mix0527,18,4,0,-3,0,7.56
fold2_room1_mix0527,19,4,0,0,-1,9.40
fold2_room1_mix0527,20,4,0,-5,-1,14.85
fold2_room1_mix0527,21,4,0,-4,-1,4.56
fold2_room1_mix0527,22,4,0,0,-1,7.81
fold2_room1_mix0527,23,4,0,-2,-2,11.68
fold2_room1_mix0527,24,4,0,-1,-2,10.72
fold2_room1_mix0527,25,4,0,0,-2,15.02
fold2_room1_mix0527,26,4,0,1,-3,13.76
fold2_room1_mix0527,27,4,0,0,-2,16.83
fold2_room1_mix0527,28,4,0,1,-2,14.32
fold2_room1_mix0527,29,4,0,0,-3,14.26
fold2_room1_mix0527,30,4,0,0,-3,12.97
fold2_room1_mix0527,31,4,0,1,-3,12.86
fold2_room1_mix0527,32,4,0,0,-3,11.14
fold2_room1_mix0527,33,4,0,0,-4,11.09
fold2_room1_mix0527,34,4,0,0,-4,9.53
fold2_room1_mix0527,35,4,0,0,-4,8.63
fold2_room1_mix0527,36,4,0,0,-4,8.06
fold2_room1_mix0527,37,4,0,1,-5,7.34
fold2_room1_mix0527,38,4,0,0,-5,6.11
fold2_room1_mix0527,39,4,0,0,-7,5.25
fold2_room1_mix0527,40,4,0,0,-7,4.67
fold2_room1_mix0527,41,4,0,4,-10,3.97
fold2_room1_mix0527,42,4,0,10,-13,3.28
fold2_room1_mix0527,43,4,0,18,-21,1.84
fold2_room1_mix0527,43,4,0,8,-8,7.50
fold2_room1_mix0527,44,4,0,56,-43,0.80
fold2_room1_mix0527,44,4,0,5,-15,8.24
fold2_room1_mix0527,45,4,0,138,-31,1.08
fold2_room1_mix0527,45,4,0,-2,-13,6.79
fold2_room1_mix0527,46,4,0,153,-20,1.62
fold2_room1_mix0527,46,4,0,174,-17,4.29
fold2_room1_mix0527,46,4,0,-16,-8,6.39
fold2_room1_mix0527,47,4,0,162,-17,1.66
fold2_room1_mix0527,47,4,0,-19,-8,5.69
fold2_room1_mix0527,48,4,0,166,-15,2.05
fold2_room1_mix0527,48,4,0,-22,-8,5.24
fold2_room1_mix0527,49,4,0,168,-13,2.89
fold2_room1_mix0527,49,4,0,-28,-9,4.99
fold2_room1_mix0527,50,4,0,168,-10,3.51
fold2_room1_mix0527,50,4,0,-31,-9,3.95
fold2_room1_mix0527,51,4,0,174,-8,4.03
fold2_room1_mix0527,51,4,0,-37,-11,3.30
fold2_room1_mix0527,52,4,0,175,-8,4.30
fold2_room1_mix0527,52,4,0,-39,-12,2.85
fold2_room1_mix0527,53,4,0,174,-7,4.90
fold2_room1_mix0527,53,4,0,-46,-13,2.64
fold2_room1_mix0527,54,4,0,176,-7,6.20
fold2_room1_mix0527,54,4,0,-60,-19,2.14
fold2_room1_mix0527,55,4,0,175,-6,6.87
fold2_room1_mix0527,55,4,0,-83,-21,2.22
fold2_room1_mix0527,56,4,0,178,-6,7.05
fold2_room1_mix0527,56,4,0,-116,-19,2.32
fold2_room1_mix0527,57,4,0,177,-5,8.04
fold2_room1_mix0527,57,4,0,-131,-17,2.90
fold2_room1_mix0527,58,4,0,178,-5,8.31
fold2_room1_mix0527,58,4,0,-144,-14,3.09
fold2_room1_mix0527,59,4,0,-178,-6,8.21
fold2_room1_mix0527,59,4,0,-148,-11,3.84
fold2_room1_mix0527,60,4,0,-179,-5,9.00
fold2_room1_mix0527,60,4,0,-154,-11,3.89
fold2_room1_mix0527,61,4,0,-179,-5,8.81
fold2_room1_mix0527,61,4,0,-157,-8,4.71
fold2_room1_mix0527,62,4,0,177,-5,9.05
fold2_room1_mix0527,62,4,0,-162,-8,5.03
fold2_room1_mix0527,63,4,0,-179,-5,10.57
fold2_room1_mix0527,63,4,0,-161,-6,5.96
fold2_room1_mix0527,64,4,0,-168,-5,7.66
fold2_room1_mix0527,65,4,0,-169,-5,8.03
fold2_room1_mix0527,66,4,0,-167,-4,8.47
fold2_room1_mix0527,67,4,0,-168,-4,9.20
fold2_room1_mix0527,68,4,0,-170,-3,9.87
fold2_room1_mix0527,69,4,0,-171,-3,10.77
fold2_room1_mix0527,70,4,0,-171,-3,11.77
fold2_room1_mix0527,71,4,0,-171,-2,12.51
fold2_room1_mix0527,72,4,0,-172,-2,12.98
fold2_room1_mix0527,73,4,0,-172,-2,13.30
fold2_room1_mix0527,74,4,0,-173,-2,13.23
fold2_room1_mix0527,75,4,0,-172,-2,14.80
fold2_room1_mix0527,76,4,0,-173,-2,14.39
fold2_room1_mix0527,77,4,0,-172,-2,14.80
fold2_room1_mix0527,78,4,0,-174,-2,15.75
fold2_room1_mix0527,79,4,0,-172,-2,16.29
fold2_room1_mix0527,80,4,0,-173,-2,16.58
fold2_room1_mix0527,81,4,0,-172,-1,16.38
fold2_room1_mix0527,82,4,0,-175,-1,17.19
fold2_room1_mix0527,83,4,0,-174,-1,6.05
fold2_room1_mix0527,84,4,0,-175,-1,10.09
fold2_room1_mix0528,11,4,0,174,1,5.39
fold2_room1_mix0528,12,4,0,173,0,7.82
fold2_room1_mix0528,16,4,0,174,0,3.63
fold2_room1_mix0528,17,4,0,175,0,6.70
fold2_room1_mix0528,18,4,0,172,0,20.92
fold2_room1_mix0528,19,4,0,174,0,6.63
fold2_room1_mix0528,20,4,0,172,0,13.46
fold2_room1_mix0528,21,4,0,172,0,27.65
fold2_room1_mix0528,22,4,0,173,0,11.30
fold2_room1_mix0528,23,4,0,177,0,27.20
fold2_room1_mix0528,24,4,0,174,0,6.43
fold2_room1_mix0528,25,4,0,179,0,25.38
fold2_room1_mix0528,26,4,0,176,1,3.83
fold2_room1_mix0528,27,4,0,174,0,9.46
fold2_room1_mix0528,28,4,0,173,0,13.31
fold2_room1_mix0528,29,4,0,172,0,20.89
fold2_room1_mix0528,30,4,0,173,0,15.62
fold2_room1_mix0528,31,4,0,174,0,21.34
fold2_room1_mix0528,32,4,0,169,0,22.56
fold2_room1_mix0528,33,4,0,173,0,23.03
fold2_room1_mix0528,34,4,0,173,0,23.71
fold2_room1_mix0528,35,4,0,174,0,22.43
fold2_room1_mix0528,36,4,0,172,0,22.66
fold2_room1_mix0528,37,4,0,171,0,22.06
fold2_room1_mix0528,38,4,0,171,0,21.32
fold2_room1_mix0528,39,4,0,172,0,21.48
fold2_room1_mix0528,40,4,0,170,0,22.35
fold2_room1_mix0528,41,4,0,169,0,21.63
fold2_room1_mix0528,42,4,0,169,0,21.05
fold2_room1_mix0528,43,4,0,173,0,22.38
fold2_room1_mix0528,44,4,0,173,0,21.93
fold2_room1_mix0528,45,4,0,171,0,22.31
fold2_room1_mix0528,46,4,0,170,0,21.70
fold2_room1_mix0528,47,4,0,173,0,21.44
fold2_room1_mix0528,48,4,0,170,0,20.02
fold2_room1_mix0528,49,4,0,169,0,19.17
fold2_room1_mix0528,50,4,0,167,-1,19.29
fold2_room1_mix0528,51,4,0,171,0,19.15
fold2_room1_mix0528,52,4,0,168,-1,18.55
fold2_room1_mix0528,53,4,0,167,-1,18.39
fold2_room1_mix0528,54,4,0,167,-1,17.55
fold2_room1_mix0528,55,4,0,167,-1,17.64
fold2_room1_mix0528,56,4,0,168,-1,17.67
fold2_room1_mix0528,57,4,0,166,-1,17.13
fold2_room1_mix0528,58,4,0,169,-1,16.61
fold2_room1_mix0528,59,4,0,168,-1,17.50
fold2_room1_mix0528,60,4,0,167,-1,15.89
fold2_room1_mix0528,61,4,0,166,-1,15.90
fold2_room1_mix0528,62,4,0,167,-1,14.84
fold2_room1_mix0528,63,4,0,165,-2,14.18
fold2_room1_mix0528,64,4,0,164,-2,13.16
fold2_room1_mix0528,65,4,0,163,-2,13.54
fold2_room1_mix0528,66,4,0,162,-2,12.81
fold2_room1_mix0528,67,4,0,162,-3,11.95
fold2_room1_mix0528,68,4,0,161,-3,10.96
fold2_room1_mix0528,69,4,0,160,-3,10.78
fold2_room1_mix0528,70,4,0,160,-3,10.20
fold2_room1_mix0528,71,4,0,159,-3,9.24
fold2_room1_mix0528,72,4,0,157,-3,10.00
fold2_room1_mix0528,73,4,0,158,-4,8.99
fold2_room1_mix0528,74,4,0,154,-4,7.79
fold2_room1_mix0528,75,4,0,154,-5,7.99
fold2_room1_mix0528,76,4,0,152,-5,7.11
fold2_room1_mix0528,77,4,0,149,-5,6.99
fold2_room1_mix0528,78,4,0,147,-5,6.72
fold2_room1_mix0528,79,4,0,143,-5,6.64
fold2_room1_mix0528,80,4,0,141,-6,5.71
fold2_room1_mix0528,81,4,0,136,-6,5.24
fold2_room1_mix0528,82,4,0,134,-7,4.97
fold2_room1_mix0528,83,4,0,129,-8,4.26
fold2_room1_mix0528,84,4,0,122,-9,3.89
fold2_room1_mix0528,85,4,0,113,-8,3.99
fold2_room1_mix0528,86,4,0,102,-9,3.96
fold2_room1_mix0528,87,4,0,94,-9,3.96
fold2_room1_mix0528,88,4,0,86,-8,4.31
fold2_room1_mix0528,89,4,0,76,-9,3.99
fold2_room1_mix0528,90,4,0,67,-7,4.15
fold2_room1_mix0528,91,4,0,59,-6,4.41
fold2_room1_mix0528,92,4,0,53,-6,4.38
fold2_room1_mix0528,93,4,0,49,-6,4.49
fold2_room1_mix0528,94,4,0,43,-6,5.14
fold2_room1_mix0528,95,4,0,40,-5,5.45
fold2_room1_mix0528,96,4,0,37,-5,6.15
fold2_room1_mix0528,97,4,0,34,-5,6.44
fold2_room1_mix0528,98,4,0,33,-4,7.17
fold2_room1_mix0528,99,4,0,30,-4,7.22
fold2_room1_mix0529,0,5,0,39,4,3.12
fold2_room1_mix0529,1,5,0,33,4,6.81
fold2_room1_mix0529,2,5,0,32,4,7.25
fold2_room1_mix0529,3,5,0,41,3,7.22
fold2_room1_mix0529,4,5,0,38,4,8.59
fold2_room1_mix0529,5,5,0,39,5,7.93
fold2_room1_mix0529,6,5,0,38,4,9.47
fold2_room1_mix0529,7,5,0,40,4,8.69
fold2_room1_mix0529,8,5,0,41,4,8.37
fold2_room1_mix0529,9,5,0,39,5,7.52
fold2_room1_mix0529,10,5,0,39,4,8.61
fold2_room1_mix0529,11,5,0,40,5,7.96
fold2_room1_mix0529,12,5,0,39,5,7.19
fold2_room1_mix0529,13,5,0,43,5,8.14
fold2_room1_mix0529,14,5,0,41,6,7.28
fold2_room1_mix0529,15,5,0,38,6,7.15
fold2_room1_mix0529,16,5,0,43,5,8.26
fold2_room1_mix0529,17,0,0,-132,-3,4.99
fold2_room1_mix0529,17,5,0,41,8,6.59
fold2_room1_mix0529,18,0,0,-130,-4,4.45
fold2_room1_mix0529,18,5,0,39,7,6.68
fold2_room1_mix0529,19,0,0,-120,-5,4.51
fold2_room1_mix0529,19,5,0,41,7,6.90
fold2_room1_mix0529,20,0,0,-117,-5,6.17
fold2_room1_mix0529,20,5,0,38,7,6.61
fold2_room1_mix0529,21,0,0,-115,-5,6.59
fold2_room1_mix0529,21,5,0,41,7,6.95
fold2_room1_mix0529,22,0,0,-112,-5,6.52
fold2_room1_mix0529,22,5,0,40,7,6.99
fold2_room1_mix0529,23,0,0,-109,-5,7.21
fold2_room1_mix0529,23,5,0,36,7,6.25
fold2_room1_mix0529,24,0,0,-105,-5,7.28
fold2_room1_mix0529,24,5,0,37,6,6.37
fold2_room1_mix0529,25,0,0,-107,-5,7.07
fold2_room1_mix0529,25,5,0,36,6,6.69
fold2_room1_mix0529,26,0,0,-103,-5,7.16
fold2_room1_mix0529,26,5,0,43,7,6.48
fold2_room1_mix0529,27,0,0,-101,-5,7.29
fold2_room1_mix0529,27,5,0,42,6,6.98
fold2_room1_mix0529,28,0,0,-102,-5,6.00
fold2_room1_mix0529,28,5,0,46,6,7.50
fold2_room1_mix0529,29,0,0,-98,-5,6.14
fold2_room1_mix0529,29,5,0,44,6,8.67
fold2_room1_mix0529,30,0,0,-92,-5,7.22
fold2_room1_mix0529,30,5,0,48,7,6.78
fold2_room1_mix0529,31,0,0,-93,-5,6.70
fold2_room1_mix0529,31,5,0,44,7,6.82
fold2_room1_mix0529,32,0,0,-87,-5,6.76
fold2_room1_mix0529,32,5,0,44,6,7.50
fold2_room1_mix0529,33,0,0,-85,-5,7.86
fold2_room1_mix0529,33,5,0,43,6,7.27
fold2_room1_mix0529,34,0,0,-85,-5,7.77
fold2_room1_mix0529,34,5,0,44,7,6.24
fold2_room1_mix0529,35,0,0,-85,-5,7.84
fold2_room1_mix0529,35,5,0,42,6,6.93
fold2_room1_mix0529,36,0,0,-83,-6,7.68
fold2_room1_mix0529,36,5,0,43,6,7.42
fold2_room1_mix0529,37,0,0,-84,-5,8.03
fold2_room1_mix0529,37,5,0,43,6,7.04
fold2_room1_mix0529,38,0,0,-80,-5,7.92
fold2_room1_mix0529,38,5,0,46,6,7.62
fold2_room1_mix0529,39,0,0,-80,-5,8.53
fold2_room1_mix0529,39,5,0,47,6,7.78
fold2_room1_mix0529,40,0,0,-76,-4,8.04
fold2_room1_mix0529,40,5,0,50,6,7.78
fold2_room1_mix0529,41,0,0,-71,-4,7.89
fold2_room1_mix0529,41,5,0,50,6,8.25
fold2_room1_mix0529,42,0,0,-63,-4,8.54
fold2_room1_mix0529,42,5,0,53,6,8.34
fold2_room1_mix0529,43,0,0,-61,-4,8.04
fold2_room1_mix0529,43,5,0,53,6,8.04
fold2_room1_mix0529,44,0,0,-55,-4,9.53
fold2_room1_mix0529,44,5,0,51,6,8.27
fold2_room1_mix0529,45,0,0,-48,-3,10.24
fold2_room1_mix0529,45,5,0,52,6,8.41
fold2_room1_mix0529,46,0,0,-46,-3,10.18
fold2_room1_mix0529,46,5,0,51,5,9.19
fold2_room1_mix0529,47,0,0,-51,-3,10.46
fold2_room1_mix0529,47,5,0,50,6,7.61
fold2_room1_mix0529,48,0,0,-48,-3,9.93
fold2_room1_mix0529,48,5,0,52,6,7.82
fold2_room1_mix0529,49,0,0,-44,-3,11.07
fold2_room1_mix0529,49,5,0,54,6,8.65
fold2_room1_mix0529,50,0,0,-45,-3,12.79
fold2_room1_mix0529,50,5,0,62,6,7.94
fold2_room1_mix0529,51,0,0,-43,-3,11.52
fold2_room1_mix0529,51,5,0,66,5,9.13
fold2_room1_mix0529,52,0,0,-43,-3,10.17
fold2_room1_mix0529,52,5,0,62,5,9.69
fold2_room1_mix0529,53,0,0,-36,-2,15.31
fold2_room1_mix0529,53,5,0,65,6,7.81
fold2_room1_mix0529,54,0,0,-33,-2,14.26
fold2_room1_mix0529,54,5,0,71,7,8.04
fold2_room1_mix0529,55,0,0,-31,-2,13.67
fold2_room1_mix0529,55,5,0,65,6,9.31
fold2_room1_mix0529,56,0,0,-31,-2,15.59
fold2_room1_mix0529,56,5,0,70,6,8.82
fold2_room1_mix0529,57,0,0,-26,-2,18.31
fold2_room1_mix0529,57,5,0,67,7,7.94
fold2_room1_mix0529,58,0,0,-30,-2,16.80
fold2_room1_mix0529,58,5,0,66,6,9.73
fold2_room1_mix0529,59,0,0,-27,-2,18.74
fold2_room1_mix0529,59,5,0,66,6,8.90
fold2_room1_mix0529,60,0,0,-26,-2,18.93
fold2_room1_mix0529,60,5,0,61,6,8.17
fold2_room1_mix0529,61,0,0,-25,-2,17.41
fold2_room1_mix0529,61,5,0,66,5,9.89
fold2_room1_mix0529,62,0,0,-28,-2,16.85
fold2_room1_mix0529,62,5,0,80,5,10.66
fold2_room1_mix0529,63,0,0,-25,-2,17.61
fold2_room1_mix0529,63,5,0,75,6,8.32
fold2_room1_mix0529,64,0,0,-25,-2,17.93
fold2_room1_mix0529,64,5,0,84,5,9.59
fold2_room1_mix0529,65,0,0,-23,-1,19.54
fold2_room1_mix0529,65,5,0,86,6,9.79
fold2_room1_mix0529,66,0,0,-24,-1,20.50
fold2_room1_mix0529,66,5,0,83,6,9.57
fold2_room1_mix0529,67,0,0,-21,-1,22.23
fold2_room1_mix0529,67,5,0,87,6,8.95
fold2_room1_mix0529,68,0,0,-21,-1,23.35
fold2_room1_mix0529,68,5,0,81,6,10.63
fold2_room1_mix0529,69,0,0,-18,-1,26.49
fold2_room1_mix0529,69,5,0,85,6,9.66
fold2_room1_mix0529,70,0,0,-19,-1,26.54
fold2_room1_mix0529,70,5,0,81,6,9.65
fold2_room1_mix0529,71,0,0,-20,-1,25.61
fold2_room1_mix0529,71,5,0,82,6,9.27
fold2_room1_mix0529,72,0,0,-21,-1,27.34
fold2_room1_mix0529,72,5,0,89,6,9.61
fold2_room1_mix0529,73,0,0,-16,-1,29.36
fold2_room1_mix0529,73,5,0,77,6,9.28
fold2_room1_mix0529,74,0,0,-15,-1,14.83
fold2_room1_mix0529,74,5,0,89,6,8.99
fold2_room1_mix0529,75,0,0,-16,-1,9.88
fold2_room1_mix0529,75,5,0,92,5,9.77
fold2_room1_mix0529,76,0,0,-13,-1,6.58
fold2_room1_mix0529,76,5,0,91,5,8.97
fold2_room1_mix0529,77,5,0,89,5,8.98
fold2_room1_mix0529,78,5,0,94,5,9.83
fold2_room1_mix0529,79,5,0,94,6,8.30
fold2_room1_mix0529,80,5,0,97,4,9.92
fold2_room1_mix0529,81,5,0,97,4,10.41
fold2_room1_mix0529,82,5,0,103,5,9.46
fold2_room1_mix0529,83,5,0,102,5,9.28
fold2_room1_mix0529,84,5,0,97,4,10.56
fold2_room1_mix0529,85,5,0,105,4,9.74
fold2_room1_mix0529,86,5,0,101,4,9.93
fold2_room1_mix0529,87,5,0,106,4,9.39
fold2_room1_mix0529,88,5,0,107,4,9.24
fold2_room1_mix0529,89,5,0,106,4,9.38
fold2_room1_mix0529,90,5,0,109,4,9.40
fold2_room1_mix0529,91,5,0,111,4,9.17
fold2_room1_mix0529,92,5,0,112,4,9.00
fold2_room1_mix0529,93,5,0,111,4,9.23
fold2_room1_mix0529,94,5,0,113,4,9.36
fold2_room1_mix0529,95,5,0,112,5,8.71
fold2_room1_mix0529,96,5,0,112,4,8.61
fold2_room1_mix0529,97,5,0,112,5,8.59
fold2_room1_mix0529,98,5,0,114,5,8.74
fold2_room1_mix0529,99,5,0,115,4,8.96
fold2_room1_mix0530,0,5,0,-130,4,3.38
fold2_room1_mix0530,1,5,0,-129,4,10.97
fold2_room1_mix0530,2,5,0,-127,3,9.85
fold2_room1_mix0530,3,5,0,-124,3,11.33
fold2_room1_mix0530,4,5,0,-127,3,14.04
fold2_room1_mix0530,5,5,0,-128,4,12.23
fold2_room1_mix0530,6,5,0,-130,3,16.24
fold2_room1_mix0530,7,5,0,-127,3,15.80
fold2_room1_mix0530,8,5,0,-126,3,13.55
fold2_room1_mix0530,9,5,0,-126,3,16.63
fold2_room1_mix0530,10,5,0,-129,3,14.61
fold2_room1_mix0530,11,5,0,-128,3,16.63
fold2_room1_mix0530,12,5,0,-123,3,14.77
fold2_room1_mix0530,13,5,0,-127,3,13.71
fold2_room1_mix0530,14,5,0,-127,3,15.17
fold2_room1_mix0530,15,5,0,-127,3,14.69
fold2_room1_mix0530,16,5,0,-128,3,14.57
fold2_room1_mix0530,17,5,0,-126,3,16.15
fold2_room1_mix0530,18,5,0,-128,3,15.41
fold2_room1_mix0530,19,5,0,-126,3,16.49
fold2_room1_mix0530,20,5,0,-127,3,16.08
fold2_room1_mix0530,21,5,0,-129,3,15.14
fold2_room1_mix0530,22,5,0,-129,3,17.11
fold2_room1_mix0530,23,5,0,-128,3,16.19
fold2_room1_mix0530,24,5,0,-129,3,14.31
fold2_room1_mix0530,25,5,0,-127,3,17.98
fold2_room1_mix0530,26,5,0,-130,3,16.55
fold2_room1_mix0530,27,5,0,-128,3,17.24
fold2_room1_mix0530,28,5,0,-128,3,16.94
fold2_room1_mix0530,29,5,0,-131,3,15.45
fold2_room1_mix0530,30,5,0,-132,2,17.64
fold2_room1_mix0530,31,5,0,-128,3,17.36
fold2_room1_mix0530,32,5,0,-131,3,15.51
fold2_room1_mix0530,33,5,0,-129,2,18.42
fold2_room1_mix0530,34,5,0,-132,3,16.16
fold2_room1_mix0530,35,5,0,-129,2,17.98
fold2_room1_mix0530,36,5,0,-131,2,17.67
fold2_room1_mix0530,37,5,0,-133,3,16.35
fold2_room1_mix0530,38,5,0,-130,2,18.07
fold2_room1_mix0530,39,5,0,-131,3,17.92
fold2_room1_mix0530,40,5,0,-134,3,15.73
fold2_room1_mix0530,41,5,0,-133,2,18.97
fold2_room1_mix0530,42,5,0,-133,3,17.53
fold2_room1_mix0530,43,5,0,-130,3,16.97
fold2_room1_mix0530,44,5,0,-132,3,18.03
fold2_room1_mix0530,45,5,0,-133,2,17.11
fold2_room1_mix0530,46,5,0,-133,2,17.95
fold2_room1_mix0530,47,5,0,-130,3,17.94
fold2_room1_mix0530,48,5,0,-132,3,15.49
fold2_room1_mix0530,49,5,0,-134,2,19.16
fold2_room1_mix0530,50,5,0,-135,2,17.73
fold2_room1_mix0530,51,5,0,-132,2,17.41
fold2_room1_mix0530,52,5,0,-134,2,18.32
fold2_room1_mix0530,53,5,0,-136,2,17.42
fold2_room1_mix0530,54,5,0,-135,2,19.12
fold2_room1_mix0530,55,5,0,-132,3,17.62
fold2_room1_mix0530,56,5,0,-135,3,16.01
fold2_room1_mix0530,57,5,0,-132,2,18.75
fold2_room1_mix0530,58,5,0,-137,2,18.50
fold2_room1_mix0530,59,5,0,-133,2,17.48
fold2_room1_mix0530,60,5,0,-134,3,17.61
fold2_room1_mix0530,61,5,0,-138,2,17.75
fold2_room1_mix0530,62,5,0,-135,2,18.49
fold2_room1_mix0530,63,5,0,-135,3,18.36
fold2_room1_mix0530,64,5,0,-136,3,16.41
fold2_room1_mix0530,65,5,0,-136,2,19.32
fold2_room1_mix0530,66,5,0,-139,2,18.20
fold2_room1_mix0530,67,5,0,-135,3,17.25
fold2_room1_mix0530,68,5,0,-137,2,18.47
fold2_room1_mix0530,69,5,0,-140,2,17.77
fold2_room1_mix0530,70,5,0,-139,2,19.19
fold2_room1_mix0530,71,5,0,-138,2,18.67
fold2_room1_mix0530,72,5,0,-138,3,16.56
fold2_room1_mix0530,73,5,0,-139,2,19.33
fold2_room1_mix0530,74,5,0,-138,2,18.92
fold2_room1_mix0530,75,5,0,-140,3,18.21
fold2_room1_mix0530,76,5,0,-137,2,18.97
fold2_room1_mix0530,77,5,0,-141,2,17.75
fold2_room1_mix0530,78,5,0,-140,2,19.37
fold2_room1_mix0530,79,5,0,-139,2,18.82
fold2_room1_mix0530,80,5,0,-142,2,18.56
fold2_room1_mix0530,81,5,0,-138,2,19.41
fold2_room1_mix0530,82,5,0,-141,2,18.64
fold2_room1_mix0530,83,5,0,-140,2,17.29
fold2_room1_mix0530,84,5,0,-141,2,19.33
fold2_room1_mix0530,85,5,0,-145,2,18.88
fold2_room1_mix0530,86,5,0,-140,2,19.17
fold2_room1_mix0530,87,5,0,-140,2,18.59
fold2_room1_mix0530,88,5,0,-143,2,17.78
fold2_room1_mix0530,89,5,0,-144,2,19.54
fold2_room1_mix0530,90,5,0,-143,2,19.37
fold2_room1_mix0530,91,5,0,-142,2,17.39
fold2_room1_mix0530,92,5,0,-143,2,19.38
fold2_room1_mix0530,93,5,0,-143,2,18.24
fold2_room1_mix0530,94,5,0,-144,2,19.50
fold2_room1_mix0530,95,5,0,-143,2,19.21
fold2_room1_mix0530,96,5,0,-145,2,18.27
fold2_room1_mix0530,97,5,0,-144,2,20.29
fold2_room1_mix0530,98,5,0,-143,2,19.27
fold2_room1_mix0530,99,5,0,-145,2,17.94
fold2_room1_mix0531,34,1,0,158,-2,25.15
fold2_room1_mix0531,35,1,0,150,-2,18.64
fold2_room1_mix0531,36,1,0,158,-2,24.09
fold2_room1_mix0531,37,1,0,157,-3,21.78
fold2_room1_mix0531,38,1,0,157,-2,19.69
fold2_room1_mix0531,39,1,0,157,-2,24.69
fold2_room1_mix0531,40,1,0,152,-2,18.79
fold2_room1_mix0531,41,1,0,147,-2,15.48
fold2_room1_mix0531,42,1,0,149,-2,18.16
fold2_room1_mix0531,43,1,0,149,-2,18.39
fold2_room1_mix0531,44,1,0,146,-2,19.32
fold2_room1_mix0531,45,1,0,143,-2,14.68
fold2_room1_mix0531,47,1,0,138,-3,13.26
fold2_room1_mix0531,48,1,0,138,-3,15.39
fold2_room1_mix0531,49,1,0,135,-3,13.06
fold2_room1_mix0531,50,1,0,129,-3,11.32
fold2_room1_mix0531,52,1,0,116,-3,10.55
fold2_room1_mix0531,53,1,0,110,-4,10.86
fold2_room1_mix0531,54,1,0,108,-3,10.28
fold2_room1_mix0531,55,1,0,99,-4,10.01
fold2_room1_mix0531,57,1,0,88,-4,11.41
fold2_room1_mix0531,58,1,0,75,-4,12.26
fold2_room1_mix0531,59,1,0,68,-4,10.29
fold2_room1_mix0531,60,1,0,60,-4,12.15
fold2_room1_mix0531,62,1,0,49,-3,13.28
fold2_room1_mix0531,63,1,0,50,-3,12.09
fold2_room1_mix0531,64,1,0,45,-3,13.34
fold2_room1_mix0531,65,1,0,40,-3,15.02
fold2_room1_mix0531,67,1,0,41,-3,13.71
fold2_room1_mix0531,68,1,0,36,-3,14.90
fold2_room1_mix0531,69,1,0,33,-3,17.93
fold2_room1_mix0531,70,1,0,30,-2,12.56
fold2_room1_mix0531,71,1,0,36,-3,12.39
fold2_room1_mix0531,73,1,0,34,-2,18.23
fold2_room1_mix0531,74,1,0,29,-3,18.32
fold2_room1_mix0531,75,1,0,25,-2,15.47
fold2_room1_mix0531,76,1,0,25,-2,18.76
fold2_room1_mix0531,78,1,0,27,-2,16.09
fold2_room1_mix0531,79,1,0,22,-2,19.84
fold2_room1_mix0531,80,1,0,23,-2,18.45
fold2_room1_mix0531,81,1,0,19,-2,22.98
fold2_room1_mix0531,83,1,0,24,-2,17.82
fold2_room1_mix0531,84,1,0,16,-2,18.95
fold2_room1_mix0531,85,1,0,19,-2,20.35
fold2_room1_mix0531,86,1,0,16,-2,27.04
fold2_room1_mix0531,89,1,0,18,-2,18.92
fold2_room1_mix0532,29,4,0,-167,0,16.44
fold2_room1_mix0532,30,4,0,-8,-1,21.97
fold2_room1_mix0532,37,4,0,-165,-2,23.44
fold2_room1_mix0532,37,4,0,0,-2,18.74
fold2_room1_mix0532,39,4,0,-157,-3,19.35
fold2_room1_mix0532,39,4,0,-2,-2,16.96
fold2_room1_mix0532,40,4,0,-160,-2,20.20
fold2_room1_mix0532,40,4,0,-4,-2,16.59
fold2_room1_mix0532,41,4,0,-152,-3,18.43
fold2_room1_mix0532,41,4,0,-6,-3,14.30
fold2_room1_mix0532,42,4,0,-158,-1,18.03
fold2_room1_mix0532,42,4,0,-6,-3,12.50
fold2_room1_mix0532,43,4,0,-161,-1,17.89
fold2_room1_mix0532,43,4,0,-8,-3,10.73
fold2_room1_mix0532,44,4,0,-158,-1,17.45
fold2_room1_mix0532,44,4,0,-11,-4,9.14
fold2_room1_mix0532,45,4,0,-159,-1,17.18
fold2_room1_mix0532,45,4,0,-12,-4,9.25
fold2_room1_mix0532,46,4,0,-164,-1,17.89
fold2_room1_mix0532,46,4,0,-12,-4,8.44
fold2_room1_mix0532,47,4,0,-161,-1,17.91
fold2_room1_mix0532,47,4,0,-14,-6,6.23
fold2_room1_mix0532,48,4,0,-161,-1,17.40
fold2_room1_mix0532,48,4,0,-16,-6,5.99
fold2_room1_mix0532,49,4,0,-156,-2,16.73
fold2_room1_mix0532,49,4,0,-23,-10,4.08
fold2_room1_mix0532,50,4,0,-148,-1,15.53
fold2_room1_mix0532,50,4,0,-41,-11,3.08
fold2_room1_mix0532,51,4,0,-153,0,13.97
fold2_room1_mix0532,51,4,0,-89,-17,1.61
fold2_room1_mix0532,52,4,0,-157,-1,11.07
fold2_room1_mix0532,52,4,0,-124,-10,2.54
fold2_room1_mix0532,53,4,0,-160,-3,7.57
fold2_room1_mix0532,53,4,0,-136,-5,3.75
fold2_room1_mix0532,54,4,0,-152,-3,6.43
fold2_room1_mix0532,55,4,0,-156,-3,6.51
fold2_room1_mix0532,56,4,0,-156,-2,7.63
fold2_room1_mix0532,57,4,0,-157,-2,8.92
fold2_room1_mix0532,58,4,0,-155,-2,9.22
fold2_room1_mix0532,59,4,0,-161,-2,8.11
fold2_room1_mix0532,59,4,0,-139,0,15.03
fold2_room1_mix0532,60,4,0,-162,-2,8.50
fold2_room1_mix0532,60,4,0,-129,0,14.05
fold2_room1_mix0532,61,4,0,-162,-2,8.82
fold2_room1_mix0532,61,4,0,-118,0,14.18
fold2_room1_mix0532,62,4,0,-156,-2,8.77
fold2_room1_mix0532,62,4,0,-118,0,13.50
fold2_room1_mix0532,63,4,0,-160,-1,10.17
fold2_room1_mix0532,63,4,0,-112,0,12.92
fold2_room1_mix0532,64,4,0,-161,-3,9.73
fold2_room1_mix0532,64,4,0,-140,-2,10.01
fold2_room1_mix0532,64,4,0,-111,-2,12.72
fold2_room1_mix0532,65,4,0,-155,-1,10.87
fold2_room1_mix0532,65,4,0,-111,-2,10.98
fold2_room1_mix0532,66,4,0,-158,-1,12.31
fold2_room1_mix0532,66,4,0,-109,-2,10.67
fold2_room1_mix0532,67,4,0,-171,0,14.68
fold2_room1_mix0532,67,4,0,-106,-3,9.09
fold2_room1_mix0532,68,4,0,-160,0,13.01
fold2_room1_mix0532,68,4,0,-100,-3,9.40
fold2_room1_mix0532,69,4,0,-161,-1,13.28
fold2_room1_mix0532,69,4,0,-98,-3,9.22
fold2_room1_mix0532,70,4,0,-166,0,14.76
fold2_room1_mix0532,70,4,0,-95,-3,8.68
fold2_room1_mix0532,71,4,0,-163,0,14.22
fold2_room1_mix0532,71,4,0,-91,-3,9.10
fold2_room1_mix0532,72,4,0,-156,-1,12.49
fold2_room1_mix0532,72,4,0,-86,-3,9.19
fold2_room1_mix0532,73,4,0,-161,0,14.13
fold2_room1_mix0532,73,4,0,-86,-3,8.82
fold2_room1_mix0532,74,4,0,-144,-1,12.94
fold2_room1_mix0532,74,4,0,-82,-3,9.52
fold2_room1_mix0532,75,4,0,-143,0,14.04
fold2_room1_mix0532,75,4,0,-81,-3,9.76
fold2_room1_mix0532,76,4,0,-143,0,14.62
fold2_room1_mix0532,76,4,0,-77,-2,9.48
fold2_room1_mix0532,77,4,0,-104,-1,12.08
fold2_room1_mix0532,77,4,0,-76,-2,9.85
fold2_room1_mix0532,78,4,0,-101,-1,12.47
fold2_room1_mix0532,78,4,0,-72,-2,10.35
fold2_room1_mix0532,79,4,0,-74,-2,10.91
fold2_room1_mix0532,80,4,0,-70,-2,10.82
fold2_room1_mix0532,81,4,0,-67,-2,11.11
fold2_room1_mix0532,82,4,0,-63,-2,11.46
fold2_room1_mix0532,83,4,0,-60,-2,11.67
fold2_room1_mix0532,84,4,0,-56,-2,12.25
fold2_room1_mix0532,85,4,0,-52,-2,12.55
fold2_room1_mix0532,86,4,0,-52,-2,11.96
fold2_room1_mix0532,87,4,0,-53,-2,12.26
fold2_room1_mix0532,88,4,0,-51,-2,13.31
fold2_room1_mix0532,89,4,0,-49,-2,13.57
fold2_room1_mix0532,90,4,0,-45,-1,14.54
fold2_room1_mix0532,91,4,0,-42,-2,15.46
fold2_room1_mix0532,92,4,0,-43,-2,15.04
fold2_room1_mix0532,93,4,0,-40,-1,15.25
fold2_room1_mix0532,94,4,0,-41,-1,16.18
fold2_room1_mix0532,95,4,0,-39,-1,17.18
fold2_room1_mix0532,96,4,0,-37,-1,17.06
fold2_room1_mix0532,97,4,0,-36,-1,17.85
fold2_room1_mix0532,98,4,0,-33,-1,18.08
fold2_room1_mix0532,99,4,0,-30,-1,18.01
fold2_room1_mix0532,31,4,0,-6,0,22.66
fold2_room1_mix0532,32,4,0,-8,-1,22.82
fold2_room1_mix0532,33,4,0,-8,-1,22.40
fold2_room1_mix0532,34,4,0,-8,-2,20.88
fold2_room1_mix0532,36,4,0,-5,-2,18.34
fold2_room1_mix0532,38,4,0,-3,-2,18.23
fold2_room1_mix0532,35,4,0,-9,-2,21.37
fold2_room1_mix0533,2,4,0,-174,2,1.26
fold2_room1_mix0533,3,4,0,-172,0,5.86
fold2_room1_mix0533,4,4,0,-167,0,18.12
fold2_room1_mix0533,5,4,0,-165,0,18.65
fold2_room1_mix0533,6,4,0,-166,0,21.80
fold2_room1_mix0533,7,4,0,-166,0,28.08
fold2_room1_mix0533,8,4,0,-164,0,34.62
fold2_room1_mix0533,9,4,0,-164,0,34.60
fold2_room1_mix0533,10,4,0,-164,0,34.48
fold2_room1_mix0533,11,4,0,-164,0,34.25
fold2_room1_mix0533,12,4,0,-164,0,34.09
fold2_room1_mix0533,13,4,0,-163,0,33.62
fold2_room1_mix0533,14,4,0,-161,0,34.12
fold2_room1_mix0533,15,4,0,-163,0,32.53
fold2_room1_mix0533,16,4,0,-161,0,32.05
fold2_room1_mix0533,17,4,0,-160,0,31.82
fold2_room1_mix0533,18,4,0,-158,0,30.59
fold2_room1_mix0533,19,4,0,-158,0,28.94
fold2_room1_mix0533,20,4,0,-158,0,30.74
fold2_room1_mix0533,21,4,0,-156,0,28.02
fold2_room1_mix0533,22,4,0,-157,0,27.68
fold2_room1_mix0533,23,4,0,-156,0,27.28
fold2_room1_mix0533,24,4,0,-155,0,27.02
fold2_room1_mix0533,25,4,0,-155,0,27.59
fold2_room1_mix0533,26,4,0,-156,0,27.53
fold2_room1_mix0533,27,4,0,-155,0,26.65
fold2_room1_mix0533,28,4,0,-154,-1,26.84
fold2_room1_mix0533,29,4,0,-153,0,24.72
fold2_room1_mix0533,30,4,0,-154,0,26.04
fold2_room1_mix0533,31,4,0,-155,-1,24.42
fold2_room1_mix0533,32,4,0,-152,-1,23.83
fold2_room1_mix0533,33,4,0,-153,0,24.91
fold2_room1_mix0533,34,4,0,-150,-1,23.34
fold2_room1_mix0533,35,4,0,-151,-1,23.58
fold2_room1_mix0533,36,4,0,-149,-1,24.37
fold2_room1_mix0533,37,4,0,-147,-1,22.66
fold2_room1_mix0533,38,4,0,-147,-1,22.69
fold2_room1_mix0533,39,4,0,-146,-1,21.93
fold2_room1_mix0533,40,4,0,-146,-1,22.76
fold2_room1_mix0533,41,4,0,-145,-1,21.02
fold2_room1_mix0533,42,4,0,-145,-1,20.55
fold2_room1_mix0533,43,4,0,-145,-1,20.59
fold2_room1_mix0533,44,4,0,-143,-1,20.01
fold2_room1_mix0533,45,4,0,-142,-1,19.56
fold2_room1_mix0533,46,4,0,-142,-1,20.03
fold2_room1_mix0533,47,4,0,-141,-2,18.64
fold2_room1_mix0533,48,4,0,-141,-1,18.77
fold2_room1_mix0533,49,4,0,-140,-1,18.93
fold2_room1_mix0533,50,4,0,-138,-1,18.00
fold2_room1_mix0533,51,4,0,-137,-1,17.48
fold2_room1_mix0533,52,4,0,-136,-1,17.22
fold2_room1_mix0533,53,4,0,-134,-1,16.67
fold2_room1_mix0533,54,4,0,-133,-1,16.72
fold2_room1_mix0533,55,4,0,-132,-1,16.03
fold2_room1_mix0533,56,4,0,-131,-2,15.52
fold2_room1_mix0533,57,4,0,-130,-1,15.64
fold2_room1_mix0533,58,4,0,-127,-2,14.99
fold2_room1_mix0533,59,4,0,-127,-2,14.85
fold2_room1_mix0533,60,4,0,-126,-2,14.54
fold2_room1_mix0533,61,4,0,-124,-2,14.48
fold2_room1_mix0533,62,4,0,-122,-2,14.23
fold2_room1_mix0533,63,4,0,-121,-2,13.98
fold2_room1_mix0533,64,4,0,-119,-2,13.63
fold2_room1_mix0533,65,4,0,-118,-2,13.86
fold2_room1_mix0533,66,4,0,-116,-3,13.29
fold2_room1_mix0533,67,4,0,-114,-3,12.64
fold2_room1_mix0533,68,4,0,-113,-3,12.82
fold2_room1_mix0533,69,4,0,-110,-3,12.54
fold2_room1_mix0533,70,4,0,-108,-3,12.60
fold2_room1_mix0533,71,4,0,-106,-3,12.51
fold2_room1_mix0533,72,4,0,-104,-3,12.76
fold2_room1_mix0533,73,4,0,-101,-3,12.39
fold2_room1_mix0533,74,4,0,-99,-3,11.87
fold2_room1_mix0533,75,4,0,-97,-3,12.47
fold2_room1_mix0533,76,4,0,-95,-3,12.45
fold2_room1_mix0533,77,4,0,-92,-3,12.30
fold2_room1_mix0533,78,4,0,-91,-3,12.59
fold2_room1_mix0533,79,4,0,-88,-3,12.20
fold2_room1_mix0533,80,4,0,-86,-3,12.25
fold2_room1_mix0533,81,4,0,-85,-3,12.76
fold2_room1_mix0533,82,4,0,-82,-3,12.50
fold2_room1_mix0533,83,4,0,-80,-3,12.79
fold2_room1_mix0533,84,4,0,-77,-3,13.31
fold2_room1_mix0533,85,4,0,-76,-3,13.16
fold2_room1_mix0533,86,4,0,-74,-3,13.31
fold2_room1_mix0533,87,4,0,-71,-3,13.38
fold2_room1_mix0533,88,4,0,-70,-3,13.66
fold2_room1_mix0533,89,4,0,-68,-3,13.87
fold2_room1_mix0533,90,4,0,-65,-3,13.66
fold2_room1_mix0533,91,4,0,-64,-3,14.27
fold2_room1_mix0533,92,4,0,-62,-3,14.01
fold2_room1_mix0533,93,4,0,-60,-2,14.42
fold2_room1_mix0533,94,4,0,-59,-2,15.33
fold2_room1_mix0533,95,4,0,-56,-2,15.36
fold2_room1_mix0533,96,4,0,-55,-2,15.71
fold2_room1_mix0533,97,4,0,-54,-2,16.96
fold2_room1_mix0533,98,4,0,-54,-3,15.83
fold2_room1_mix0533,99,4,0,-52,-2,15.83
fold2_room1_mix0534,60,4,0,15,-1,9.70
fold2_room1_mix0534,61,4,0,20,-1,12.33
fold2_room1_mix0534,62,4,0,21,-1,10.01
fold2_room1_mix0534,63,4,0,24,-2,13.17
fold2_room1_mix0534,64,4,0,25,-2,12.96
fold2_room1_mix0534,65,4,0,26,-3,12.88
fold2_room1_mix0534,66,4,0,25,-2,12.86
fold2_room1_mix0534,67,4,0,26,-3,12.37
fold2_room1_mix0534,68,4,0,26,-3,11.44
fold2_room1_mix0534,69,4,0,31,-3,10.88
fold2_room1_mix0534,70,4,0,30,-2,11.81
fold2_room1_mix0534,71,4,0,30,-2,10.97
fold2_room1_mix0534,72,4,0,34,-3,10.66
fold2_room1_mix0534,73,4,0,35,-3,10.05
fold2_room1_mix0534,74,4,0,39,-3,9.88
fold2_room1_mix0534,75,4,0,36,-3,9.09
fold2_room1_mix0534,76,4,0,38,-3,8.44
fold2_room1_mix0534,77,4,0,39,-4,8.07
fold2_room1_mix0534,78,4,0,43,-3,7.99
fold2_room1_mix0534,79,4,0,44,-4,7.34
fold2_room1_mix0534,80,4,0,46,-4,6.96
fold2_room1_mix0534,81,4,0,47,-4,6.94
fold2_room1_mix0534,82,4,0,53,-4,6.56
fold2_room1_mix0534,83,4,0,55,-5,6.30
fold2_room1_mix0534,84,4,0,61,-4,6.00
fold2_room1_mix0534,85,4,0,65,-6,5.53
fold2_room1_mix0534,86,4,0,75,-6,5.74
fold2_room1_mix0534,87,4,0,83,-7,5.42
fold2_room1_mix0534,88,4,0,86,-7,5.40
fold2_room1_mix0534,89,4,0,95,-6,5.41
fold2_room1_mix0534,90,4,0,98,-6,5.60
fold2_room1_mix0534,91,4,0,106,-6,5.56
fold2_room1_mix0534,92,4,0,112,-5,5.65
fold2_room1_mix0534,93,4,0,120,-4,6.21
fold2_room1_mix0534,94,4,0,123,-4,6.42
fold2_room1_mix0534,95,4,0,128,-4,6.72
fold2_room1_mix0534,96,4,0,131,-4,6.87
fold2_room1_mix0534,97,4,0,134,-4,7.48
fold2_room1_mix0534,98,4,0,137,-3,8.00
fold2_room1_mix0534,99,4,0,141,-4,8.01
fold2_room1_mix0535,0,5,0,-137,5,3.09
fold2_room1_mix0535,1,5,0,-135,5,4.62
fold2_room1_mix0535,2,5,0,-131,5,5.90
fold2_room1_mix0535,3,5,0,-129,4,6.12
fold2_room1_mix0535,4,5,0,-131,4,9.16
fold2_room1_mix0535,5,5,0,-131,5,7.84
fold2_room1_mix0535,6,5,0,-131,5,8.92
fold2_room1_mix0535,7,5,0,-131,6,8.09
fold2_room1_mix0535,8,5,0,-131,6,7.13
fold2_room1_mix0535,9,5,0,-130,5,8.30
fold2_room1_mix0535,10,5,0,-129,6,7.68
fold2_room1_mix0535,11,5,0,-132,5,8.21
fold2_room1_mix0535,12,5,0,-129,5,8.34
fold2_room1_mix0535,13,5,0,-129,5,8.27
fold2_room1_mix0535,14,5,0,-128,5,8.32
fold2_room1_mix0535,15,5,0,-130,6,8.08
fold2_room1_mix0535,16,5,0,-133,6,7.61
fold2_room1_mix0535,17,5,0,-129,5,8.21
fold2_room1_mix0535,18,5,0,-128,6,7.54
fold2_room1_mix0535,19,5,0,-131,6,8.26
fold2_room1_mix0535,20,5,0,-131,6,8.11
fold2_room1_mix0535,21,5,0,-129,5,8.42
fold2_room1_mix0535,22,5,0,-129,5,8.89
fold2_room1_mix0535,23,5,0,-129,6,8.32
fold2_room1_mix0535,24,5,0,-133,6,7.85
fold2_room1_mix0535,25,5,0,-130,5,8.58
fold2_room1_mix0535,26,5,0,-130,6,8.24
fold2_room1_mix0535,27,5,0,-131,5,8.54
fold2_room1_mix0535,28,5,0,-131,5,8.88
fold2_room1_mix0535,29,5,0,-129,6,8.13
fold2_room1_mix0535,30,5,0,-132,5,9.23
fold2_room1_mix0535,31,5,0,-131,5,9.04
fold2_room1_mix0535,32,5,0,-130,6,8.12
fold2_room1_mix0535,33,5,0,-129,5,8.75
fold2_room1_mix0535,34,5,0,-133,5,8.65
fold2_room1_mix0535,35,5,0,-133,5,8.34
fold2_room1_mix0535,36,5,0,-132,5,8.98
fold2_room1_mix0535,37,5,0,-129,6,8.19
fold2_room1_mix0535,38,5,0,-131,5,8.86
fold2_room1_mix0535,39,5,0,-133,5,9.25
fold2_room1_mix0535,40,5,0,-133,5,9.05
fold2_room1_mix0535,41,5,0,-131,5,9.38
fold2_room1_mix0535,42,5,0,-131,5,8.89
fold2_room1_mix0535,43,5,0,-133,5,8.64
fold2_room1_mix0535,44,5,0,-132,5,9.05
fold2_room1_mix0535,45,5,0,-131,6,8.53
fold2_room1_mix0535,46,5,0,-133,5,9.33
fold2_room1_mix0535,47,5,0,-131,5,9.62
fold2_room1_mix0535,48,5,0,-130,6,8.39
fold2_room1_mix0535,49,5,0,-132,5,9.53
fold2_room1_mix0535,50,5,0,-131,6,8.89
fold2_room1_mix0535,51,5,0,-133,5,9.02
fold2_room1_mix0535,52,5,0,-129,5,9.27
fold2_room1_mix0535,53,5,0,-131,6,8.73
fold2_room1_mix0535,54,5,0,-133,5,9.37
fold2_room1_mix0535,55,5,0,-133,5,9.42
fold2_room1_mix0535,56,5,0,-130,6,8.75
fold2_room1_mix0535,57,5,0,-130,5,9.44
fold2_room1_mix0535,58,5,0,-131,5,9.37
fold2_room1_mix0535,59,5,0,-133,5,9.42
fold2_room1_mix0535,60,5,0,-130,5,9.45
fold2_room1_mix0535,61,5,0,-128,6,8.72
fold2_room1_mix0535,62,5,0,-132,5,9.36
fold2_room1_mix0535,63,5,0,-131,5,9.31
fold2_room1_mix0535,64,5,0,-131,5,9.14
fold2_room1_mix0535,65,5,0,-131,5,9.80
fold2_room1_mix0535,66,5,0,-130,5,9.54
fold2_room1_mix0535,67,5,0,-131,5,9.48
fold2_room1_mix0535,68,5,0,-130,5,9.54
fold2_room1_mix0535,69,5,0,-131,5,9.14
fold2_room1_mix0535,70,5,0,-133,5,9.60
fold2_room1_mix0535,71,5,0,-128,5,9.18
fold2_room1_mix0535,72,5,0,-131,5,9.30
fold2_room1_mix0535,73,5,0,-133,5,9.80
fold2_room1_mix0535,74,5,0,-131,5,9.69
fold2_room1_mix0535,75,5,0,-131,5,9.29
fold2_room1_mix0535,76,5,0,-130,5,9.71
fold2_room1_mix0535,77,5,0,-130,5,9.72
fold2_room1_mix0535,78,5,0,-133,5,9.64
fold2_room1_mix0535,79,5,0,-130,5,9.66
fold2_room1_mix0535,80,5,0,-130,6,9.15
fold2_room1_mix0535,81,5,0,-131,5,9.71
fold2_room1_mix0535,82,5,0,-130,5,9.35
fold2_room1_mix0535,83,5,0,-129,5,9.36
fold2_room1_mix0535,84,5,0,-130,5,10.10
fold2_room1_mix0535,85,5,0,-131,5,10.10
fold2_room1_mix0535,86,5,0,-132,5,9.77
fold2_room1_mix0535,87,5,0,-130,5,9.50
fold2_room1_mix0535,88,5,0,-130,5,9.43
fold2_room1_mix0535,89,5,0,-131,5,9.42
fold2_room1_mix0535,90,5,0,-127,5,9.10
fold2_room1_mix0535,91,5,0,-128,6,9.03
fold2_room1_mix0535,92,5,0,-130,5,9.51
fold2_room1_mix0535,93,5,0,-130,5,10.04
fold2_room1_mix0535,94,5,0,-128,6,9.06
fold2_room1_mix0535,95,5,0,-127,5,9.47
fold2_room1_mix0535,96,5,0,-131,5,10.06
fold2_room1_mix0535,97,5,0,-133,5,9.73
fold2_room1_mix0535,98,5,0,-130,5,9.59
fold2_room1_mix0535,99,5,0,-129,6,9.39
fold2_room1_mix0536,2,4,0,170,1,1.85
fold2_room1_mix0536,3,4,0,177,0,2.29
fold2_room1_mix0536,4,4,0,172,0,10.27
fold2_room1_mix0536,5,4,0,175,0,12.06
fold2_room1_mix0536,6,4,0,174,-1,11.96
fold2_room1_mix0536,7,4,0,174,0,18.04
fold2_room1_mix0536,8,4,0,173,-1,16.58
fold2_room1_mix0536,9,4,0,177,-1,17.89
fold2_room1_mix0536,10,4,0,171,-1,18.18
fold2_room1_mix0536,11,4,0,171,-1,18.47
fold2_room1_mix0536,12,4,0,169,-1,16.62
fold2_room1_mix0536,13,4,0,171,-1,16.67
fold2_room1_mix0536,14,4,0,169,-1,17.20
fold2_room1_mix0536,15,4,0,168,-1,15.78
fold2_room1_mix0536,16,4,0,168,-2,15.06
fold2_room1_mix0536,17,4,0,171,-2,15.61
fold2_room1_mix0536,18,4,0,172,-2,15.22
fold2_room1_mix0536,19,4,0,173,-2,14.01
fold2_room1_mix0536,20,4,0,172,-2,15.45
fold2_room1_mix0536,21,4,0,172,-2,13.43
fold2_room1_mix0536,22,4,0,170,-2,14.44
fold2_room1_mix0536,23,4,0,172,-2,13.37
fold2_room1_mix0536,24,4,0,170,-2,12.74
fold2_room1_mix0536,25,4,0,170,-3,12.45
fold2_room1_mix0536,26,4,0,168,-3,12.09
fold2_room1_mix0536,27,4,0,168,-3,12.54
fold2_room1_mix0536,28,4,0,168,-3,12.21
fold2_room1_mix0536,29,4,0,167,-3,11.75
fold2_room1_mix0536,30,4,0,167,-3,11.52
fold2_room1_mix0536,31,4,0,170,-3,10.37
fold2_room1_mix0536,32,4,0,167,-3,11.68
fold2_room1_mix0536,33,4,0,170,-3,9.74
fold2_room1_mix0536,34,4,0,170,-3,9.65
fold2_room1_mix0536,35,4,0,172,-3,9.16
fold2_room1_mix0536,35,4,0,126,-4,14.86
fold2_room1_mix0536,36,4,0,169,-4,8.49
fold2_room1_mix0536,36,4,0,28,-3,16.80
fold2_room1_mix0536,37,4,0,171,-3,8.05
fold2_room1_mix0536,37,4,0,33,-2,15.48
fold2_room1_mix0536,38,4,0,170,-4,7.76
fold2_room1_mix0536,38,4,0,45,-4,14.66
fold2_room1_mix0536,39,4,0,169,-4,7.57
fold2_room1_mix0536,40,4,0,167,-4,7.15
fold2_room1_mix0536,41,4,0,165,-5,6.84
fold2_room1_mix0536,42,4,0,166,-6,6.15
fold2_room1_mix0536,42,4,0,39,-4,13.57
fold2_room1_mix0536,43,4,0,162,-6,5.58
fold2_room1_mix0536,43,4,0,45,-3,13.19
fold2_room1_mix0536,44,4,0,160,-6,5.70
fold2_room1_mix0536,44,4,0,31,-3,14.11
fold2_room1_mix0536,45,4,0,161,-7,5.01
fold2_room1_mix0536,45,4,0,48,-4,14.02
fold2_room1_mix0536,46,4,0,160,-7,5.01
fold2_room1_mix0536,46,4,0,33,-4,14.15
fold2_room1_mix0536,47,4,0,160,-8,4.92
fold2_room1_mix0536,47,4,0,52,-4,14.66
fold2_room1_mix0536,48,4,0,159,-9,4.36
fold2_room1_mix0536,48,4,0,63,-5,12.62
fold2_room1_mix0536,49,4,0,156,-9,4.40
fold2_room1_mix0536,49,4,0,50,-5,13.33
fold2_room1_mix0536,50,4,0,154,-10,3.69
fold2_room1_mix0536,50,4,0,64,-5,12.32
fold2_room1_mix0536,51,4,0,152,-12,3.39
fold2_room1_mix0536,51,4,0,54,-5,12.85
fold2_room1_mix0536,52,4,0,143,-12,3.28
fold2_room1_mix0536,52,4,0,92,-6,12.41
fold2_room1_mix0536,53,4,0,138,-14,2.73
fold2_room1_mix0536,53,4,0,78,-5,11.58
fold2_room1_mix0536,54,4,0,133,-15,2.59
fold2_room1_mix0536,54,4,0,64,-4,12.70
fold2_room1_mix0536,55,4,0,123,-19,2.26
fold2_room1_mix0536,55,4,0,76,-4,11.74
fold2_room1_mix0536,56,4,0,107,-19,2.12
fold2_room1_mix0536,56,4,0,70,-3,11.06
fold2_room1_mix0536,57,4,0,93,-18,2.39
fold2_room1_mix0536,57,4,0,54,-3,13.40
fold2_room1_mix0536,58,4,0,84,-16,2.63
fold2_room1_mix0536,58,4,0,65,-5,8.96
fold2_room1_mix0536,59,4,0,72,-14,2.87
fold2_room1_mix0536,59,4,0,41,-4,9.53
fold2_room1_mix0536,60,4,0,75,-10,4.31
fold2_room1_mix0536,60,4,0,55,-11,3.89
fold2_room1_mix0536,61,4,0,49,-10,4.51
fold2_room1_mix0536,62,4,0,44,-9,4.41
fold2_room1_mix0536,63,4,0,65,-6,6.79
fold2_room1_mix0536,63,4,0,36,-9,4.34
fold2_room1_mix0536,64,4,0,81,-5,8.13
fold2_room1_mix0536,64,4,0,34,-8,3.99
fold2_room1_mix0536,65,4,0,80,-6,7.82
fold2_room1_mix0536,65,4,0,31,-8,4.47
fold2_room1_mix0536,66,4,0,89,-6,7.68
fold2_room1_mix0536,66,4,0,27,-7,4.57
fold2_room1_mix0536,67,4,0,84,-6,8.03
fold2_room1_mix0536,67,4,0,23,-7,5.01
fold2_room1_mix0536,68,4,0,96,-4,10.25
fold2_room1_mix0536,68,4,0,25,-7,4.76
fold2_room1_mix0536,69,4,0,92,-4,9.64
fold2_room1_mix0536,69,4,0,22,-7,5.22
fold2_room1_mix0536,70,4,0,100,-4,10.29
fold2_room1_mix0536,70,4,0,22,-7,5.50
fold2_room1_mix0536,71,4,0,95,-4,10.60
fold2_room1_mix0536,71,4,0,20,-6,5.93
fold2_room1_mix0536,72,4,0,103,-3,12.12
fold2_room1_mix0536,72,4,0,21,-6,6.09
fold2_room1_mix0536,73,4,0,94,-3,11.70
fold2_room1_mix0536,73,4,0,19,-6,6.44
fold2_room1_mix0536,74,4,0,102,-2,12.95
fold2_room1_mix0536,74,4,0,19,-6,6.25
fold2_room1_mix0536,75,4,0,103,-2,12.62
fold2_room1_mix0536,75,4,0,20,-6,6.54
fold2_room1_mix0536,76,4,0,104,-2,13.46
fold2_room1_mix0536,76,4,0,20,-6,7.07
fold2_room1_mix0536,77,4,0,107,-3,12.33
fold2_room1_mix0536,77,4,0,17,-5,7.68
fold2_room1_mix0536,78,4,0,113,-2,13.19
fold2_room1_mix0536,78,4,0,17,-5,7.97
fold2_room1_mix0536,79,4,0,108,-2,13.25
fold2_room1_mix0536,79,4,0,15,-5,8.41
fold2_room1_mix0536,80,4,0,115,-2,12.93
fold2_room1_mix0536,80,4,0,15,-5,8.49
fold2_room1_mix0536,81,4,0,116,-2,13.40
fold2_room1_mix0536,81,4,0,15,-4,9.20
fold2_room1_mix0536,82,4,0,112,-3,13.20
fold2_room1_mix0536,82,4,0,14,-4,9.30
fold2_room1_mix0536,83,4,0,116,-2,12.97
fold2_room1_mix0536,83,4,0,15,-4,9.85
fold2_room1_mix0536,84,4,0,124,-2,13.11
fold2_room1_mix0536,84,4,0,15,-3,10.27
fold2_room1_mix0536,85,4,0,115,-3,12.81
fold2_room1_mix0536,85,4,0,14,-3,10.55
fold2_room1_mix0536,86,4,0,131,-2,13.24
fold2_room1_mix0536,86,4,0,13,-3,10.07
fold2_room1_mix0536,87,4,0,127,-2,13.98
fold2_room1_mix0536,87,4,0,13,-3,11.37
fold2_room1_mix0536,88,4,0,102,-3,13.84
fold2_room1_mix0536,88,4,0,14,-3,11.28
fold2_room1_mix0536,89,4,0,106,-3,14.58
fold2_room1_mix0536,89,4,0,13,-3,11.74
fold2_room1_mix0536,90,4,0,111,-3,14.40
fold2_room1_mix0536,90,4,0,14,-3,12.56
fold2_room1_mix0536,91,4,0,96,-4,15.07
fold2_room1_mix0536,91,4,0,14,-2,13.73
fold2_room1_mix0536,92,4,0,67,-4,14.80
fold2_room1_mix0536,92,4,0,14,-2,13.55
fold2_room1_mix0536,93,4,0,59,-5,14.41
fold2_room1_mix0536,93,4,0,14,-2,13.54
fold2_room1_mix0536,94,4,0,40,-4,14.55
fold2_room1_mix0536,94,4,0,16,-2,14.01
fold2_room1_mix0536,95,4,0,41,-5,15.33
fold2_room1_mix0536,95,4,0,13,-2,15.00
fold2_room1_mix0536,96,4,0,14,-2,14.11
fold2_room1_mix0536,97,4,0,13,-2,16.31
fold2_room1_mix0536,98,4,0,13,-2,14.77
fold2_room1_mix0536,99,4,0,14,-2,15.79
fold2_room1_mix0537,11,1,0,179,-2,20.24
fold2_room1_mix0537,12,1,0,177,-2,38.87
fold2_room1_mix0537,13,1,0,-173,-2,36.36
fold2_room1_mix0537,14,1,0,-174,-2,34.66
fold2_room1_mix0537,15,1,0,-178,-1,3.98
fold2_room1_mix0537,16,1,0,-174,-3,26.13
fold2_room1_mix0537,17,1,0,-171,-2,28.22
fold2_room1_mix0537,18,1,0,-174,-2,34.87
fold2_room1_mix0537,19,1,0,-171,-2,24.45
fold2_room1_mix0537,19,3,0,163,-4,4.34
fold2_room1_mix0537,20,1,0,-175,-1,13.02
fold2_room1_mix0537,20,3,0,168,-3,6.88
fold2_room1_mix0537,21,1,0,-172,-2,33.13
fold2_room1_mix0537,22,1,0,-172,-2,37.98
fold2_room1_mix0537,23,1,0,-173,-2,37.09
fold2_room1_mix0537,24,1,0,-171,-2,15.83
fold2_room1_mix0537,25,1,0,-172,-3,19.40
fold2_room1_mix0537,26,1,0,-173,-2,33.71
fold2_room1_mix0537,27,1,0,-170,-2,29.77
fold2_room1_mix0537,28,1,0,-173,-2,31.58
fold2_room1_mix0537,29,1,0,-173,-2,11.47
fold2_room1_mix0537,29,3,0,150,-3,10.50
fold2_room1_mix0537,30,1,0,-177,-2,10.18
fold2_room1_mix0537,30,3,0,169,-4,9.85
fold2_room1_mix0537,31,1,0,-172,-1,18.97
fold2_room1_mix0537,31,3,0,141,-2,9.53
fold2_room1_mix0537,32,1,0,-171,-2,19.91
fold2_room1_mix0537,32,3,0,141,-2,4.87
fold2_room1_mix0537,33,1,0,-174,-1,24.90
fold2_room1_mix0537,34,1,0,-173,-1,18.67
fold2_room1_mix0537,34,3,0,140,-2,5.88
fold2_room1_mix0537,35,1,0,-169,-2,32.72
fold2_room1_mix0537,36,1,0,-167,-2,32.61
fold2_room1_mix0537,37,1,0,-166,-2,26.97
fold2_room1_mix0537,37,3,0,120,-1,5.02
fold2_room1_mix0537,38,1,0,-170,-2,26.06
fold2_room1_mix0537,39,1,0,-173,-1,2.46
fold2_room1_mix0537,39,3,0,147,-3,9.51
fold2_room1_mix0537,40,1,0,-175,-2,7.10
fold2_room1_mix0537,40,3,0,144,-2,14.14
fold2_room1_mix0537,41,1,0,-172,-1,11.15
fold2_room1_mix0537,41,3,0,136,-2,11.39
fold2_room1_mix0537,42,1,0,-170,-1,13.39
fold2_room1_mix0537,42,3,0,123,-2,4.89
fold2_room1_mix0537,43,1,0,-169,-1,17.52
fold2_room1_mix0537,44,3,0,123,-3,7.67
fold2_room1_mix0537,45,1,0,-170,-2,9.15
fold2_room1_mix0537,45,3,0,139,-2,11.19
fold2_room1_mix0537,46,1,0,-166,-2,11.30
fold2_room1_mix0537,46,3,0,126,-2,9.52
fold2_room1_mix0537,47,1,0,-166,-1,16.80
fold2_room1_mix0537,48,1,0,-163,-2,18.42
fold2_room1_mix0537,50,1,0,-153,-3,28.55
fold2_room1_mix0537,51,1,0,-153,-3,18.88
fold2_room1_mix0537,51,4,0,-1,0,10.57
fold2_room1_mix0537,52,1,0,-161,-2,20.36
fold2_room1_mix0537,52,3,0,110,-2,4.28
fold2_room1_mix0537,52,4,0,0,0,2.67
fold2_room1_mix0537,53,1,0,-157,-3,15.72
fold2_room1_mix0537,53,3,0,133,-2,4.16
fold2_room1_mix0537,54,1,0,-166,-2,2.17
fold2_room1_mix0537,54,3,0,101,-3,13.04
fold2_room1_mix0537,54,4,0,5,-2,7.79
fold2_room1_mix0537,55,1,0,-165,-2,5.98
fold2_room1_mix0537,55,3,0,120,-3,12.40
fold2_room1_mix0537,56,3,0,116,-3,14.53
fold2_room1_mix0537,57,3,0,100,-4,12.21
fold2_room1_mix0537,57,4,0,5,-2,13.70
fold2_room1_mix0537,58,3,0,105,-4,13.16
fold2_room1_mix0537,58,4,0,-8,-2,11.15
fold2_room1_mix0537,59,3,0,97,-3,4.70
fold2_room1_mix0537,59,4,0,1,-2,11.62
fold2_room1_mix0537,60,4,0,-1,-2,14.72
fold2_room1_mix0537,61,4,0,0,-2,14.41
fold2_room1_mix0537,62,4,0,1,-2,13.26
fold2_room1_mix0537,63,4,0,0,-2,13.02
fold2_room1_mix0537,64,4,0,-1,-2,11.54
fold2_room1_mix0537,65,3,0,72,-4,8.64
fold2_room1_mix0537,65,4,0,-2,-2,12.74
fold2_room1_mix0537,66,3,0,63,-4,12.03
fold2_room1_mix0537,66,4,0,-2,-2,11.87
fold2_room1_mix0537,67,3,0,67,-4,10.95
fold2_room1_mix0537,67,4,0,-1,-3,10.12
fold2_room1_mix0537,68,3,0,56,-4,9.78
fold2_room1_mix0537,68,4,0,-6,-4,7.99
fold2_room1_mix0537,69,3,0,49,-3,10.40
fold2_room1_mix0537,69,4,0,-3,-4,8.10
fold2_room1_mix0537,70,3,0,53,-3,9.71
fold2_room1_mix0537,70,4,0,-7,-7,7.28
fold2_room1_mix0537,71,3,0,45,-4,6.51
fold2_room1_mix0537,71,4,0,-17,-15,3.60
fold2_room1_mix0537,72,3,0,38,-4,3.42
fold2_room1_mix0537,72,4,0,-27,-20,2.83
fold2_room1_mix0537,73,4,0,-56,-31,1.96
fold2_room1_mix0537,74,4,0,-108,-37,1.32
fold2_room1_mix0537,75,4,0,-139,-32,1.65
fold2_room1_mix0537,76,3,0,140,-5,3.31
fold2_room1_mix0537,76,4,0,-150,-24,2.08
fold2_room1_mix0537,77,4,0,-155,-16,2.78
fold2_room1_mix0537,78,4,0,-162,-14,3.79
fold2_room1_mix0537,79,4,0,-163,-11,4.63
fold2_room1_mix0537,80,4,0,-166,-8,5.36
fold2_room1_mix0537,81,4,0,-169,-6,6.99
fold2_room1_mix0537,82,4,0,-169,-6,7.20
fold2_room1_mix0537,83,4,0,-171,-5,8.96
fold2_room1_mix0537,84,4,0,-172,-4,9.96
fold2_room1_mix0537,85,4,0,-172,-4,11.02
fold2_room1_mix0537,86,4,0,-172,-3,10.79
fold2_room1_mix0537,87,4,0,-174,-3,12.17
fold2_room1_mix0537,88,4,0,-175,-2,13.80
fold2_room1_mix0537,89,4,0,-174,-2,14.55
fold2_room1_mix0537,90,4,0,-175,-2,15.77
fold2_room1_mix0537,91,4,0,-175,-3,17.38
fold2_room1_mix0537,92,4,0,-175,-2,19.76
fold2_room1_mix0537,93,4,0,-176,-2,18.63
fold2_room1_mix0537,94,4,0,-176,-1,20.42
fold2_room1_mix0537,95,4,0,-176,-1,21.07
fold2_room1_mix0537,96,4,0,-177,-1,18.34
fold2_room1_mix0537,97,4,0,-174,-1,17.82
fold2_room1_mix0537,98,4,0,-176,0,18.97
fold2_room1_mix0537,99,4,0,-178,0,9.78
fold2_room1_mix0537,49,4,0,7,0,9.55
fold2_room1_mix0538,13,3,0,-137,-5,11.96
fold2_room1_mix0538,14,3,0,-136,-4,11.81
fold2_room1_mix0538,15,3,0,-133,-4,11.14
fold2_room1_mix0538,16,3,0,-135,-4,9.80
fold2_room1_mix0538,17,3,0,-134,-4,9.26
fold2_room1_mix0538,18,3,0,-130,-4,10.50
fold2_room1_mix0538,19,3,0,-134,-4,8.39
fold2_room1_mix0538,20,3,0,-134,-3,8.90
fold2_room1_mix0538,21,3,0,-136,-4,7.48
fold2_room1_mix0538,24,3,0,-131,-4,9.79
fold2_room1_mix0538,25,3,0,-132,-4,13.10
fold2_room1_mix0538,26,3,0,-129,-4,10.92
fold2_room1_mix0538,27,3,0,-124,-5,8.31
fold2_room1_mix0538,28,3,0,-126,-4,9.77
fold2_room1_mix0538,29,3,0,-125,-4,9.70
fold2_room1_mix0538,30,3,0,-119,-5,8.31
fold2_room1_mix0538,31,3,0,-109,-4,7.41
fold2_room1_mix0538,32,3,0,-108,-4,5.55
fold2_room1_mix0538,33,3,0,-108,-4,4.34
fold2_room1_mix0538,36,3,0,-105,-5,8.55
fold2_room1_mix0538,37,3,0,-101,-4,9.19
fold2_room1_mix0538,38,3,0,-93,-5,7.52
fold2_room1_mix0538,39,3,0,-87,-5,6.65
fold2_room1_mix0538,40,3,0,-83,-5,6.64
fold2_room1_mix0538,41,3,0,-84,-5,6.48
fold2_room1_mix0538,45,4,0,-8,-1,13.98
fold2_room1_mix0538,46,4,0,-11,-1,7.39
fold2_room1_mix0538,47,4,0,-9,-1,12.37
fold2_room1_mix0538,48,4,0,-4,-1,17.24
fold2_room1_mix0538,49,4,0,-7,-2,20.52
fold2_room1_mix0538,50,4,0,-2,-1,19.55
fold2_room1_mix0538,51,4,0,-8,-1,20.75
fold2_room1_mix0538,52,4,0,0,-2,18.94
fold2_room1_mix0538,53,4,0,-5,-2,18.01
fold2_room1_mix0538,54,4,0,-6,-2,17.89
fold2_room1_mix0538,55,4,0,-5,-2,16.75
fold2_room1_mix0538,56,4,0,1,-2,16.13
fold2_room1_mix0538,57,4,0,-2,-2,14.64
fold2_room1_mix0538,58,4,0,-1,-3,13.72
fold2_room1_mix0538,59,4,0,-5,-3,13.48
fold2_room1_mix0538,60,4,0,-1,-3,13.19
fold2_room1_mix0538,61,4,0,-3,-4,11.66
fold2_room1_mix0538,62,4,0,-4,-4,10.11
fold2_room1_mix0538,63,4,0,-4,-4,9.84
fold2_room1_mix0538,64,4,0,-8,-5,7.68
fold2_room1_mix0538,65,4,0,-2,-7,6.63
fold2_room1_mix0538,66,4,0,-13,-9,5.60
fold2_room1_mix0538,67,4,0,-14,-18,3.60
fold2_room1_mix0538,68,4,0,4,-22,3.28
fold2_room1_mix0538,69,4,0,38,-43,2.27
fold2_room1_mix0538,70,4,0,126,-50,1.95
fold2_room1_mix0538,71,4,0,152,-33,2.21
fold2_room1_mix0538,72,4,0,160,-25,2.67
fold2_room1_mix0538,73,4,0,171,-18,3.32
fold2_room1_mix0538,74,4,0,169,-13,3.83
fold2_room1_mix0538,74,4,0,-172,-13,5.42
fold2_room1_mix0538,75,4,0,178,-12,4.62
fold2_room1_mix0538,76,4,0,174,-8,5.53
fold2_room1_mix0538,76,4,0,-117,-5,12.58
fold2_room1_mix0538,77,4,0,177,-7,6.15
fold2_room1_mix0538,77,4,0,-109,-3,14.02
fold2_room1_mix0538,78,4,0,177,-6,6.52
fold2_room1_mix0538,78,4,0,-111,-3,14.04
fold2_room1_mix0538,79,4,0,177,-5,8.05
fold2_room1_mix0538,79,4,0,-125,-3,13.48
fold2_room1_mix0538,80,4,0,177,-4,9.11
fold2_room1_mix0538,80,4,0,-108,-2,16.11
fold2_room1_mix0538,81,4,0,176,-3,10.13
fold2_room1_mix0538,81,4,0,-123,-2,14.89
fold2_room1_mix0538,82,4,0,176,-3,9.99
fold2_room1_mix0538,82,4,0,-123,-1,14.73
fold2_room1_mix0538,83,4,0,176,-2,10.91
fold2_room1_mix0538,83,4,0,-121,-1,16.46
fold2_room1_mix0538,84,4,0,177,-2,11.88
fold2_room1_mix0538,84,4,0,-137,-1,15.14
fold2_room1_mix0538,85,4,0,179,-2,12.62
fold2_room1_mix0538,85,4,0,-143,0,17.26
fold2_room1_mix0538,86,4,0,-179,-2,13.30
fold2_room1_mix0538,86,4,0,-145,0,17.61
fold2_room1_mix0538,87,4,0,-178,-2,14.77
fold2_room1_mix0538,87,4,0,-152,-1,18.16
fold2_room1_mix0538,88,4,0,-175,-1,15.64
fold2_room1_mix0538,88,4,0,-152,-1,18.58
fold2_room1_mix0538,89,4,0,-175,-1,17.01
fold2_room1_mix0538,89,4,0,-154,-1,18.80
fold2_room1_mix0538,90,4,0,-174,-1,16.59
fold2_room1_mix0538,90,4,0,-155,-1,19.22
fold2_room1_mix0538,91,4,0,-169,-1,17.85
fold2_room1_mix0538,92,4,0,-170,-1,19.34
fold2_room1_mix0538,93,4,0,-169,-1,19.11
fold2_room1_mix0538,94,4,0,-170,0,19.95
fold2_room1_mix0538,95,4,0,-171,-1,21.79
fold2_room1_mix0538,96,4,0,-172,-1,20.21
fold2_room1_mix0538,97,4,0,-173,0,11.39
fold2_room1_mix0538,98,4,0,-174,0,14.09
fold2_room1_mix0539,50,4,0,-29,-1,10.98
fold2_room1_mix0539,51,4,0,-34,-1,12.70
fold2_room1_mix0539,52,4,0,-36,-1,16.18
fold2_room1_mix0539,53,4,0,-33,-1,17.97
fold2_room1_mix0539,54,4,0,-33,-1,18.91
fold2_room1_mix0539,55,4,0,-34,-1,18.10
fold2_room1_mix0539,56,4,0,-35,-2,17.90
fold2_room1_mix0539,57,4,0,-35,-2,17.42
fold2_room1_mix0539,58,4,0,-36,-2,16.57
fold2_room1_mix0539,59,4,0,-38,-2,16.38
fold2_room1_mix0539,60,4,0,-42,-2,15.54
fold2_room1_mix0539,61,4,0,-43,-2,15.22
fold2_room1_mix0539,62,4,0,-48,-2,14.15
fold2_room1_mix0539,63,4,0,-55,-2,13.67
fold2_room1_mix0539,64,4,0,-54,-3,13.56
fold2_room1_mix0539,65,4,0,-55,-3,12.84
fold2_room1_mix0539,66,4,0,-57,-3,12.19
fold2_room1_mix0539,67,4,0,-62,-3,11.56
fold2_room1_mix0539,68,4,0,-65,-3,11.50
fold2_room1_mix0539,69,4,0,-69,-3,11.01
fold2_room1_mix0539,70,4,0,-70,-3,11.09
fold2_room1_mix0539,71,4,0,-77,-3,11.14
fold2_room1_mix0539,72,4,0,-81,-2,10.83
fold2_room1_mix0539,73,4,0,-84,-3,10.49
fold2_room1_mix0539,74,4,0,-90,-2,10.21
fold2_room1_mix0539,75,4,0,-94,-2,10.62
fold2_room1_mix0539,76,4,0,-98,-2,10.49
fold2_room1_mix0539,77,4,0,-103,-3,10.86
fold2_room1_mix0539,78,4,0,-107,-2,11.12
fold2_room1_mix0539,79,4,0,-110,-2,11.43
fold2_room1_mix0539,80,4,0,-117,-2,11.87
fold2_room1_mix0539,81,4,0,-117,-2,11.79
fold2_room1_mix0539,82,4,0,-122,-2,12.33
fold2_room1_mix0539,83,4,0,-124,-2,12.72
fold2_room1_mix0539,84,4,0,-127,-2,12.89
fold2_room1_mix0539,85,4,0,-130,-2,13.59
fold2_room1_mix0539,86,4,0,-130,-2,13.84
fold2_room1_mix0539,87,4,0,-131,-2,14.07
fold2_room1_mix0539,88,4,0,-134,-2,14.83
fold2_room1_mix0539,89,4,0,-135,-2,15.11
fold2_room1_mix0539,90,4,0,-136,-1,15.10
fold2_room1_mix0539,91,4,0,-139,-1,16.00
fold2_room1_mix0539,92,4,0,-141,-1,16.18
fold2_room1_mix0539,93,4,0,-141,-1,16.84
fold2_room1_mix0539,94,4,0,-142,-1,17.15
fold2_room1_mix0539,95,4,0,-143,-1,18.22
fold2_room1_mix0539,96,4,0,-144,-1,17.31
fold2_room1_mix0539,97,4,0,-142,0,5.25
fold2_room1_mix0539,98,4,0,-144,0,5.76
fold2_room1_mix0540,3,4,0,-178,2,5.16
fold2_room1_mix0540,3,4,0,-2,2,4.59
fold2_room1_mix0540,4,4,0,-177,1,15.78
fold2_room1_mix0540,4,4,0,0,0,14.28
fold2_room1_mix0540,5,4,0,-178,1,19.23
fold2_room1_mix0540,5,4,0,0,0,16.14
fold2_room1_mix0540,6,4,0,-177,0,19.31
fold2_room1_mix0540,6,4,0,1,0,18.71
fold2_room1_mix0540,7,4,0,-179,0,33.93
fold2_room1_mix0540,7,4,0,0,0,28.35
fold2_room1_mix0540,8,4,0,-176,0,35.08
fold2_room1_mix0540,8,4,0,1,-1,28.36
fold2_room1_mix0540,9,4,0,-177,0,39.83
fold2_room1_mix0540,9,4,0,0,-1,29.85
fold2_room1_mix0540,10,4,0,-178,0,39.53
fold2_room1_mix0540,10,4,0,2,-1,30.32
fold2_room1_mix0540,11,4,0,-179,0,40.50
fold2_room1_mix0540,11,4,0,0,-1,29.68
fold2_room1_mix0540,12,4,0,-179,0,43.76
fold2_room1_mix0540,12,4,0,1,-1,29.52
fold2_room1_mix0540,13,4,0,-178,0,40.52
fold2_room1_mix0540,13,4,0,1,-1,29.36
fold2_room1_mix0540,14,4,0,-178,0,39.16
fold2_room1_mix0540,14,4,0,0,-1,28.60
fold2_room1_mix0540,15,4,0,-177,0,42.78
fold2_room1_mix0540,15,4,0,0,0,28.56
fold2_room1_mix0540,16,4,0,-178,0,38.01
fold2_room1_mix0540,16,4,0,2,-1,26.38
fold2_room1_mix0540,17,4,0,-177,0,39.89
fold2_room1_mix0540,17,4,0,0,-1,27.26
fold2_room1_mix0540,18,4,0,-177,0,39.34
fold2_room1_mix0540,18,4,0,1,-1,25.66
fold2_room1_mix0540,19,4,0,-176,0,36.68
fold2_room1_mix0540,19,4,0,0,-1,23.22
fold2_room1_mix0540,20,4,0,-177,0,41.48
fold2_room1_mix0540,20,4,0,0,-1,25.24
fold2_room1_mix0540,21,4,0,-177,0,40.97
fold2_room1_mix0540,21,4,0,0,-1,23.54
fold2_room1_mix0540,22,4,0,-176,0,37.93
fold2_room1_mix0540,22,4,0,1,-1,22.62
fold2_room1_mix0540,23,4,0,-177,0,39.62
fold2_room1_mix0540,23,4,0,1,-1,22.50
fold2_room1_mix0540,24,4,0,-177,0,37.22
fold2_room1_mix0540,24,4,0,0,-1,21.44
fold2_room1_mix0540,25,4,0,-177,0,34.58
fold2_room1_mix0540,25,4,0,1,-2,21.32
fold2_room1_mix0540,26,4,0,-178,0,31.24
fold2_room1_mix0540,26,4,0,2,-1,19.93
fold2_room1_mix0540,27,4,0,-178,0,26.55
fold2_room1_mix0540,27,4,0,1,-2,18.00
fold2_room1_mix0540,28,4,0,-177,0,26.60
fold2_room1_mix0540,28,4,0,1,-2,17.39
fold2_room1_mix0540,29,4,0,-178,0,24.97
fold2_room1_mix0540,29,4,0,1,-1,16.80
fold2_room1_mix0540,30,4,0,-176,-1,22.68
fold2_room1_mix0540,30,4,0,0,-2,16.23
fold2_room1_mix0540,31,4,0,-176,-1,21.60
fold2_room1_mix0540,31,4,0,1,-2,15.84
fold2_room1_mix0540,32,4,0,-176,-1,19.70
fold2_room1_mix0540,32,4,0,1,-2,14.72
fold2_room1_mix0540,33,4,0,-175,-1,19.66
fold2_room1_mix0540,33,4,0,1,-2,14.38
fold2_room1_mix0540,34,4,0,-175,-1,17.58
fold2_room1_mix0540,34,4,0,2,-2,13.65
fold2_room1_mix0540,35,4,0,-174,-1,16.28
fold2_room1_mix0540,35,4,0,2,-2,12.83
fold2_room1_mix0540,36,4,0,-175,-1,16.21
fold2_room1_mix0540,36,4,0,4,-3,11.31
fold2_room1_mix0540,37,4,0,-176,-1,15.41
fold2_room1_mix0540,37,4,0,5,-3,10.96
fold2_room1_mix0540,38,4,0,-176,-1,14.28
fold2_room1_mix0540,38,4,0,6,-4,8.99
fold2_room1_mix0540,39,4,0,-177,-1,15.25
fold2_room1_mix0540,39,4,0,8,-4,8.41
fold2_room1_mix0540,40,4,0,-176,-1,14.38
fold2_room1_mix0540,40,4,0,10,-6,6.70
fold2_room1_mix0540,41,4,0,-175,-1,13.19
fold2_room1_mix0540,41,4,0,11,-6,5.13
fold2_room1_mix0540,42,4,0,-178,-1,12.80
fold2_room1_mix0540,42,4,0,15,-7,4.60
fold2_room1_mix0540,43,4,0,-179,0,13.99
fold2_room1_mix0540,43,4,0,18,-8,3.62
fold2_room1_mix0540,44,4,0,179,0,14.54
fold2_room1_mix0540,44,4,0,26,-8,3.19
fold2_room1_mix0540,45,4,0,179,1,13.81
fold2_room1_mix0540,45,4,0,63,-10,1.18
fold2_room1_mix0540,45,4,0,21,-4,4.43
fold2_room1_mix0540,46,4,0,178,0,11.35
fold2_room1_mix0540,46,4,0,128,-7,1.16
fold2_room1_mix0540,46,4,0,54,-9,3.02
fold2_room1_mix0540,47,4,0,178,1,14.10
fold2_room1_mix0540,47,4,0,140,-8,1.33
fold2_room1_mix0540,47,4,0,8,-2,8.18
fold2_room1_mix0540,48,4,0,179,0,9.63
fold2_room1_mix0540,48,4,0,157,-6,2.25
fold2_room1_mix0540,48,4,0,1,-2,8.02
fold2_room1_mix0540,49,4,0,178,0,8.24
fold2_room1_mix0540,49,4,0,158,-4,2.71
fold2_room1_mix0540,49,4,0,2,0,9.90
fold2_room1_mix0540,50,4,0,179,-1,10.26
fold2_room1_mix0540,50,4,0,160,-5,3.42
fold2_room1_mix0540,50,4,0,-3,0,12.04
fold2_room1_mix0540,51,4,0,-177,-1,9.44
fold2_room1_mix0540,51,4,0,165,-5,3.68
fold2_room1_mix0540,51,4,0,-5,0,12.80
fold2_room1_mix0540,52,4,0,176,-3,6.54
fold2_room1_mix0540,52,4,0,-20,-1,11.80
fold2_room1_mix0540,53,4,0,-175,-1,8.48
fold2_room1_mix0540,53,4,0,169,-4,4.70
fold2_room1_mix0540,53,4,0,-3,-1,11.84
fold2_room1_mix0540,54,4,0,179,-3,5.89
fold2_room1_mix0540,54,4,0,-14,-2,9.23
fold2_room1_mix0540,55,4,0,179,-3,6.91
fold2_room1_mix0540,55,4,0,-14,-3,9.68
fold2_room1_mix0540,56,4,0,178,-3,6.83
fold2_room1_mix0540,56,4,0,-24,-4,7.43
fold2_room1_mix0540,57,4,0,175,0,11.82
fold2_room1_mix0540,57,4,0,-167,-8,3.87
fold2_room1_mix0540,57,4,0,-16,-4,7.99
fold2_room1_mix0540,58,4,0,178,-2,9.62
fold2_room1_mix0540,58,4,0,-39,-8,5.08
fold2_room1_mix0540,59,4,0,171,0,14.78
fold2_room1_mix0540,59,4,0,-138,-15,3.37
fold2_room1_mix0540,59,4,0,-21,-6,6.84
fold2_room1_mix0540,60,4,0,169,0,15.59
fold2_room1_mix0540,60,4,0,-124,-17,3.43
fold2_room1_mix0540,60,4,0,-28,-6,6.47
fold2_room1_mix0540,61,4,0,168,1,17.69
fold2_room1_mix0540,61,4,0,-130,-18,4.28
fold2_room1_mix0540,61,4,0,-27,-5,7.72
fold2_room1_mix0540,62,4,0,165,0,16.27
fold2_room1_mix0540,62,4,0,-126,-12,5.94
fold2_room1_mix0540,62,4,0,-32,-7,4.62
fold2_room1_mix0540,63,4,0,170,0,16.82
fold2_room1_mix0540,63,4,0,-35,-16,4.60
fold2_room1_mix0540,63,4,0,-21,-4,7.91
fold2_room1_mix0540,64,4,0,171,0,15.73
fold2_room1_mix0540,64,4,0,-20,-4,7.48
fold2_room1_mix0540,65,4,0,170,0,17.08
fold2_room1_mix0540,65,4,0,-19,-3,7.26
fold2_room1_mix0540,66,4,0,174,0,16.74
fold2_room1_mix0540,66,4,0,-17,-6,7.02
fold2_room1_mix0540,67,4,0,176,0,17.26
fold2_room1_mix0540,67,4,0,-16,-5,8.13
fold2_room1_mix0540,68,4,0,176,0,17.88
fold2_room1_mix0540,68,4,0,-14,-4,8.30
fold2_room1_mix0540,69,4,0,179,-1,17.17
fold2_room1_mix0540,69,4,0,-12,-3,9.32
fold2_room1_mix0540,70,4,0,179,-1,18.25
fold2_room1_mix0540,70,4,0,-15,-4,8.53
fold2_room1_mix0540,71,4,0,177,-1,19.40
fold2_room1_mix0540,71,4,0,-12,-3,9.65
fold2_room1_mix0540,72,4,0,179,-1,19.35
fold2_room1_mix0540,72,4,0,-15,-4,9.68
fold2_room1_mix0540,73,4,0,178,0,19.91
fold2_room1_mix0540,73,4,0,-15,-4,9.96
fold2_room1_mix0540,74,4,0,179,-1,20.12
fold2_room1_mix0540,74,4,0,-20,-4,8.87
fold2_room1_mix0540,75,4,0,-179,-1,21.66
fold2_room1_mix0540,75,4,0,-27,-9,4.79
fold2_room1_mix0540,75,4,0,-9,-1,13.69
fold2_room1_mix0540,76,4,0,-177,-1,21.41
fold2_room1_mix0540,76,4,0,-35,-9,4.48
fold2_room1_mix0540,76,4,0,-9,-1,16.70
fold2_room1_mix0540,77,4,0,-177,-1,22.13
fold2_room1_mix0540,77,4,0,-37,-10,4.17
fold2_room1_mix0540,77,4,0,-9,0,17.81
fold2_room1_mix0540,78,4,0,-178,-1,23.01
fold2_room1_mix0540,78,4,0,-45,-9,4.63
fold2_room1_mix0540,78,4,0,-14,-1,14.12
fold2_room1_mix0540,79,4,0,-175,0,24.02
fold2_room1_mix0540,79,4,0,-43,-11,3.64
fold2_room1_mix0540,79,4,0,-10,0,19.23
fold2_room1_mix0540,80,4,0,-174,0,25.00
fold2_room1_mix0540,80,4,0,-50,-10,3.66
fold2_room1_mix0540,80,4,0,-12,0,20.97
fold2_room1_mix0540,81,4,0,-174,0,25.94
fold2_room1_mix0540,81,4,0,-62,-11,3.36
fold2_room1_mix0540,81,4,0,-14,0,17.00
fold2_room1_mix0540,82,4,0,-170,0,31.10
fold2_room1_mix0540,82,4,0,-66,-12,3.30
fold2_room1_mix0540,82,4,0,-20,-1,16.84
fold2_room1_mix0540,83,4,0,-175,1,32.84
fold2_room1_mix0540,83,4,0,-88,-14,3.41
fold2_room1_mix0540,83,4,0,-30,-2,13.31
fold2_room1_mix0540,84,4,0,-175,1,37.11
fold2_room1_mix0540,84,4,0,-110,-10,4.00
fold2_room1_mix0540,84,4,0,-33,-2,12.96
fold2_room1_mix0540,85,4,0,-174,2,41.34
fold2_room1_mix0540,85,4,0,-105,-14,3.30
fold2_room1_mix0540,85,4,0,-36,-3,14.48
fold2_room1_mix0540,86,4,0,-169,1,41.22
fold2_room1_mix0540,86,4,0,-97,-14,3.24
fold2_room1_mix0540,86,4,0,-35,-2,16.99
fold2_room1_mix0540,87,4,0,-178,1,41.64
fold2_room1_mix0540,87,4,0,-104,-11,3.71
fold2_room1_mix0540,87,4,0,-45,-4,13.00
fold2_room1_mix0540,88,4,0,-177,1,40.81
fold2_room1_mix0540,88,4,0,-116,-11,3.72
fold2_room1_mix0540,88,4,0,-56,-4,12.63
fold2_room1_mix0540,89,4,0,-176,0,37.31
fold2_room1_mix0540,89,4,0,-118,-13,3.31
fold2_room1_mix0540,89,4,0,-36,-2,19.76
fold2_room1_mix0540,90,4,0,-174,1,41.34
fold2_room1_mix0540,90,4,0,-127,-13,3.31
fold2_room1_mix0540,90,4,0,-37,-1,20.26
fold2_room1_mix0540,91,4,0,-176,2,43.00
fold2_room1_mix0540,91,4,0,-131,-11,3.60
fold2_room1_mix0540,91,4,0,-64,-5,11.27
fold2_room1_mix0540,92,4,0,-171,2,39.44
fold2_room1_mix0540,92,4,0,-134,-11,3.30
fold2_room1_mix0540,92,4,0,-39,-1,19.46
fold2_room1_mix0540,93,4,0,-169,1,36.52
fold2_room1_mix0540,93,4,0,-135,-11,2.92
fold2_room1_mix0540,93,4,0,-31,0,22.33
fold2_room1_mix0540,94,4,0,-167,2,38.17
fold2_room1_mix0540,94,4,0,-136,-11,2.49
fold2_room1_mix0540,94,4,0,-21,0,19.56
fold2_room1_mix0540,95,4,0,-169,1,37.09
fold2_room1_mix0540,95,4,0,-141,-11,2.73
fold2_room1_mix0540,95,4,0,-27,-1,17.84
fold2_room1_mix0540,96,4,0,-168,2,39.35
fold2_room1_mix0540,96,4,0,-144,-12,2.55
fold2_room1_mix0540,96,4,0,-22,0,19.47
fold2_room1_mix0540,97,4,0,-171,1,41.22
fold2_room1_mix0540,97,4,0,-154,-11,3.67
fold2_room1_mix0540,97,4,0,-21,-1,16.73
fold2_room1_mix0540,98,4,0,-171,2,41.79
fold2_room1_mix0540,98,4,0,-151,-12,3.07
fold2_room1_mix0540,98,4,0,-19,0,21.49
fold2_room1_mix0540,99,4,0,-168,2,38.85
fold2_room1_mix0540,99,4,0,-152,-13,2.80
fold2_room1_mix0540,99,4,0,-15,0,22.22
fold2_room1_mix0541,3,4,0,2,0,5.95
fold2_room1_mix0541,4,4,0,4,-1,15.30
fold2_room1_mix0541,5,4,0,5,-1,17.47
fold2_room1_mix0541,6,4,0,5,-1,19.03
fold2_room1_mix0541,7,4,0,7,-1,27.96
fold2_room1_mix0541,8,4,0,6,-1,28.67
fold2_room1_mix0541,9,4,0,7,-1,27.17
fold2_room1_mix0541,10,4,0,7,-1,25.54
fold2_room1_mix0541,11,4,0,7,-1,26.29
fold2_room1_mix0541,12,4,0,7,-1,26.22
fold2_room1_mix0541,13,4,0,8,-1,25.65
fold2_room1_mix0541,14,4,0,8,-1,25.86
fold2_room1_mix0541,15,4,0,7,-1,25.82
fold2_room1_mix0541,16,4,0,8,-1,24.46
fold2_room1_mix0541,17,4,0,9,-1,24.81
fold2_room1_mix0541,18,4,0,8,-1,24.59
fold2_room1_mix0541,19,4,0,8,-1,24.71
fold2_room1_mix0541,20,4,0,8,-1,25.10
fold2_room1_mix0541,21,4,0,8,-1,24.65
fold2_room1_mix0541,22,4,0,8,-1,23.03
fold2_room1_mix0541,23,4,0,9,-1,22.89
fold2_room1_mix0541,24,4,0,9,-1,22.50
fold2_room1_mix0541,25,4,0,9,-1,21.68
fold2_room1_mix0541,26,4,0,9,-1,21.43
fold2_room1_mix0541,27,4,0,9,-1,21.04
fold2_room1_mix0541,28,4,0,8,-1,20.46
fold2_room1_mix0541,29,4,0,9,-1,18.88
fold2_room1_mix0541,30,4,0,9,-1,19.13
fold2_room1_mix0541,31,4,0,9,-2,18.94
fold2_room1_mix0541,32,4,0,9,-2,17.46
fold2_room1_mix0541,33,4,0,10,-2,18.49
fold2_room1_mix0541,34,4,0,10,-2,17.79
fold2_room1_mix0541,35,4,0,10,-2,16.43
fold2_room1_mix0541,36,4,0,12,-2,16.77
fold2_room1_mix0541,37,4,0,12,-2,16.32
fold2_room1_mix0541,38,4,0,12,-2,15.41
fold2_room1_mix0541,39,4,0,12,-2,15.46
fold2_room1_mix0541,40,4,0,13,-2,15.17
fold2_room1_mix0541,41,4,0,13,-3,13.99
fold2_room1_mix0541,42,4,0,13,-3,13.20
fold2_room1_mix0541,43,4,0,13,-3,13.01
fold2_room1_mix0541,44,4,0,14,-3,12.45
fold2_room1_mix0541,45,4,0,14,-3,12.54
fold2_room1_mix0541,46,4,0,15,-4,12.20
fold2_room1_mix0541,47,4,0,15,-4,10.97
fold2_room1_mix0541,48,4,0,17,-5,9.51
fold2_room1_mix0541,49,0,0,175,-2,2.40
fold2_room1_mix0541,49,4,0,17,-5,9.48
fold2_room1_mix0541,50,0,0,173,-2,6.84
fold2_room1_mix0541,50,4,0,16,-5,9.11
fold2_room1_mix0541,51,0,0,168,-1,11.50
fold2_room1_mix0541,51,4,0,16,-4,9.05
fold2_room1_mix0541,52,0,0,163,-1,13.58
fold2_room1_mix0541,52,4,0,17,-4,9.34
fold2_room1_mix0541,53,0,0,163,-1,12.67
fold2_room1_mix0541,53,4,0,19,-5,9.23
fold2_room1_mix0541,54,0,0,164,-1,20.56
fold2_room1_mix0541,54,4,0,22,-5,8.82
fold2_room1_mix0541,55,0,0,163,-1,17.91
fold2_room1_mix0541,55,4,0,21,-5,8.63
fold2_room1_mix0541,56,0,0,161,-1,16.66
fold2_room1_mix0541,56,4,0,23,-5,8.38
fold2_room1_mix0541,57,0,0,160,-1,18.02
fold2_room1_mix0541,57,4,0,24,-5,7.40
fold2_room1_mix0541,58,0,0,160,-1,15.81
fold2_room1_mix0541,58,4,0,24,-5,7.29
fold2_room1_mix0541,59,0,0,162,-1,15.43
fold2_room1_mix0541,59,4,0,25,-5,7.02
fold2_room1_mix0541,60,0,0,160,-1,14.04
fold2_room1_mix0541,60,4,0,25,-5,6.63
fold2_room1_mix0541,61,0,0,162,-1,14.35
fold2_room1_mix0541,61,4,0,25,-5,6.12
fold2_room1_mix0541,62,0,0,161,-1,15.11
fold2_room1_mix0541,62,4,0,28,-6,5.95
fold2_room1_mix0541,63,0,0,162,-1,11.58
fold2_room1_mix0541,63,4,0,50,-10,6.38
fold2_room1_mix0541,63,4,0,29,-6,5.19
fold2_room1_mix0541,64,0,0,163,-1,15.32
fold2_room1_mix0541,64,4,0,32,-6,5.36
fold2_room1_mix0541,65,0,0,156,-1,12.86
fold2_room1_mix0541,65,4,0,52,-8,7.43
fold2_room1_mix0541,65,4,0,33,-7,4.75
fold2_room1_mix0541,66,0,0,149,-1,10.84
fold2_room1_mix0541,66,4,0,128,-6,10.03
fold2_room1_mix0541,66,4,0,33,-8,3.99
fold2_room1_mix0541,67,0,0,143,-2,10.79
fold2_room1_mix0541,67,4,0,74,-9,6.71
fold2_room1_mix0541,67,4,0,40,-8,3.95
fold2_room1_mix0541,68,0,0,117,-2,8.86
fold2_room1_mix0541,68,4,0,58,-10,4.40
fold2_room1_mix0541,68,4,0,35,-6,5.52
fold2_room1_mix0541,69,0,0,109,-2,7.07
fold2_room1_mix0541,69,4,0,63,-9,3.70
fold2_room1_mix0541,69,4,0,42,-6,4.97
fold2_room1_mix0541,70,0,0,93,-2,8.95
fold2_room1_mix0541,70,4,0,66,-9,3.81
fold2_room1_mix0541,70,4,0,45,-5,5.59
fold2_room1_mix0541,71,0,0,93,-2,9.25
fold2_room1_mix0541,71,4,0,79,-9,4.05
fold2_room1_mix0541,71,4,0,53,-6,6.07
fold2_room1_mix0541,72,0,0,98,-2,6.93
fold2_room1_mix0541,72,4,0,91,-8,4.07
fold2_room1_mix0541,72,4,0,46,-6,5.60
fold2_room1_mix0541,73,0,0,101,-2,7.75
fold2_room1_mix0541,73,4,0,119,-6,5.36
fold2_room1_mix0541,73,4,0,102,-8,3.51
fold2_room1_mix0541,73,4,0,35,-5,5.75
fold2_room1_mix0541,74,0,0,110,-2,4.80
fold2_room1_mix0541,74,4,0,117,-7,3.46
fold2_room1_mix0541,74,4,0,21,-4,5.87
fold2_room1_mix0541,75,0,0,120,-2,3.58
fold2_room1_mix0541,75,4,0,120,-8,3.07
fold2_room1_mix0541,75,4,0,19,-5,5.19
fold2_room1_mix0541,76,0,0,117,-1,3.43
fold2_room1_mix0541,76,4,0,129,-7,3.92
fold2_room1_mix0541,76,4,0,43,-7,4.64
fold2_room1_mix0541,76,4,0,16,-7,4.64
fold2_room1_mix0541,77,4,0,131,-7,4.27
fold2_room1_mix0541,77,4,0,52,-7,4.23
fold2_room1_mix0541,77,4,0,25,-7,4.40
fold2_room1_mix0541,78,0,0,138,-1,5.71
fold2_room1_mix0541,78,4,0,131,-6,4.26
fold2_room1_mix0541,78,4,0,33,-7,3.78
fold2_room1_mix0541,79,4,0,137,-6,4.34
fold2_room1_mix0541,79,4,0,30,-9,3.75
fold2_room1_mix0541,80,4,0,138,-7,4.21
fold2_room1_mix0541,80,4,0,50,-10,3.03
fold2_room1_mix0541,81,0,0,154,-1,3.39
fold2_room1_mix0541,81,4,0,142,-6,4.23
fold2_room1_mix0541,81,4,0,74,-13,2.41
fold2_room1_mix0541,82,4,0,148,-7,4.07
fold2_room1_mix0541,82,4,0,70,-12,2.86
fold2_room1_mix0541,83,4,0,153,-4,6.13
fold2_room1_mix0541,83,4,0,122,-9,3.21
fold2_room1_mix0541,84,0,0,160,-1,3.59
fold2_room1_mix0541,84,4,0,154,-4,6.98
fold2_room1_mix0541,84,4,0,135,-7,3.46
fold2_room1_mix0541,85,4,0,150,-5,5.79
fold2_room1_mix0541,86,0,0,162,0,2.35
fold2_room1_mix0541,86,4,0,152,-4,6.59
fold2_room1_mix0541,87,4,0,155,-4,7.15
fold2_room1_mix0541,88,4,0,155,-3,8.01
fold2_room1_mix0541,89,4,0,157,-3,8.81
fold2_room1_mix0541,90,4,0,159,-3,8.97
fold2_room1_mix0541,91,4,0,160,-3,9.21
fold2_room1_mix0541,92,4,0,161,-2,9.82
fold2_room1_mix0541,93,4,0,162,-3,9.37
fold2_room1_mix0541,94,4,0,162,-2,10.10
fold2_room1_mix0541,95,4,0,164,-2,10.49
fold2_room1_mix0541,96,4,0,164,-2,10.99
fold2_room1_mix0541,97,4,0,166,-2,11.81
fold2_room1_mix0541,98,4,0,167,-2,11.98
fold2_room1_mix0541,99,4,0,168,-1,11.79
fold2_room1_mix0541,1,4,0,-2,0,1.50
fold2_room1_mix0542,3,4,0,173,1,1.66
fold2_room1_mix0542,4,4,0,170,0,11.72
fold2_room1_mix0542,5,4,0,174,0,20.30
fold2_room1_mix0542,6,4,0,174,0,21.40
fold2_room1_mix0542,7,4,0,174,0,24.45
fold2_room1_mix0542,8,4,0,173,0,42.98
fold2_room1_mix0542,9,4,0,176,0,38.91
fold2_room1_mix0542,9,4,0,3,-1,51.16
fold2_room1_mix0542,10,4,0,176,0,39.14
fold2_room1_mix0542,10,4,0,1,0,51.40
fold2_room1_mix0542,11,4,0,176,0,41.87
fold2_room1_mix0542,11,4,0,2,0,51.73
fold2_room1_mix0542,12,4,0,175,0,39.46
fold2_room1_mix0542,12,4,0,0,0,50.51
fold2_room1_mix0542,13,4,0,175,0,37.35
fold2_room1_mix0542,13,4,0,0,0,50.46
fold2_room1_mix0542,14,4,0,174,0,42.22
fold2_room1_mix0542,14,4,0,0,0,57.58
fold2_room1_mix0542,15,4,0,175,0,38.85
fold2_room1_mix0542,15,4,0,0,0,50.99
fold2_room1_mix0542,16,4,0,173,0,38.45
fold2_room1_mix0542,16,4,0,-1,0,54.46
fold2_room1_mix0542,17,4,0,174,0,37.31
fold2_room1_mix0542,17,4,0,0,0,50.98
fold2_room1_mix0542,18,4,0,174,0,39.40
fold2_room1_mix0542,18,4,0,-2,0,53.28
fold2_room1_mix0542,19,4,0,173,0,40.55
fold2_room1_mix0542,19,4,0,1,0,49.92
fold2_room1_mix0542,20,4,0,172,0,37.10
fold2_room1_mix0542,20,4,0,0,0,49.19
fold2_room1_mix0542,21,4,0,173,0,35.53
fold2_room1_mix0542,21,4,0,0,0,49.14
fold2_room1_mix0542,22,4,0,171,-1,37.51
fold2_room1_mix0542,22,4,0,0,0,50.34
fold2_room1_mix0542,23,4,0,171,-1,33.20
fold2_room1_mix0542,23,4,0,0,0,48.68
fold2_room1_mix0542,24,4,0,173,0,33.32
fold2_room1_mix0542,24,4,0,0,0,44.57
fold2_room1_mix0542,25,4,0,172,-1,34.77
fold2_room1_mix0542,25,4,0,0,0,45.64
fold2_room1_mix0542,26,4,0,172,0,28.88
fold2_room1_mix0542,26,4,0,1,0,37.85
fold2_room1_mix0542,27,4,0,170,-1,31.74
fold2_room1_mix0542,27,4,0,0,0,39.52
fold2_room1_mix0542,28,4,0,170,0,30.58
fold2_room1_mix0542,28,4,0,1,0,33.47
fold2_room1_mix0542,29,4,0,168,0,28.84
fold2_room1_mix0542,29,4,0,1,0,32.93
fold2_room1_mix0542,30,4,0,169,-1,28.86
fold2_room1_mix0542,30,4,0,1,-1,31.40
fold2_room1_mix0542,31,4,0,170,-1,28.84
fold2_room1_mix0542,31,4,0,1,-1,30.65
fold2_room1_mix0542,32,4,0,179,0,31.96
fold2_room1_mix0542,32,4,0,155,-1,26.13
fold2_room1_mix0542,32,4,0,0,-1,26.67
fold2_room1_mix0542,33,4,0,162,-1,26.99
fold2_room1_mix0542,33,4,0,1,-1,27.89
fold2_room1_mix0542,34,4,0,174,0,33.40
fold2_room1_mix0542,34,4,0,152,-1,25.58
fold2_room1_mix0542,34,4,0,1,-1,25.27
fold2_room1_mix0542,35,4,0,173,0,30.90
fold2_room1_mix0542,35,4,0,150,-2,23.30
fold2_room1_mix0542,35,4,0,2,-1,23.88
fold2_room1_mix0542,36,4,0,179,0,32.63
fold2_room1_mix0542,36,4,0,147,-2,21.53
fold2_room1_mix0542,36,4,0,0,-1,23.50
fold2_room1_mix0542,37,4,0,172,0,31.40
fold2_room1_mix0542,37,4,0,144,-2,20.97
fold2_room1_mix0542,37,4,0,0,-1,20.84
fold2_room1_mix0542,38,4,0,174,0,31.73
fold2_room1_mix0542,38,4,0,146,-2,20.59
fold2_room1_mix0542,38,4,0,1,-1,21.49
fold2_room1_mix0542,39,4,0,173,0,31.12
fold2_room1_mix0542,39,4,0,144,-2,19.56
fold2_room1_mix0542,39,4,0,-2,-1,21.50
fold2_room1_mix0542,40,4,0,172,0,29.88
fold2_room1_mix0542,40,4,0,147,-2,21.04
fold2_room1_mix0542,40,4,0,0,-1,21.66
fold2_room1_mix0542,41,4,0,171,0,27.48
fold2_room1_mix0542,41,4,0,148,-2,20.08
fold2_room1_mix0542,41,4,0,-1,-1,20.02
fold2_room1_mix0542,42,4,0,173,0,25.56
fold2_room1_mix0542,42,4,0,149,-2,20.12
fold2_room1_mix0542,42,4,0,1,-1,21.04
fold2_room1_mix0542,43,4,0,173,0,26.35
fold2_room1_mix0542,43,4,0,148,-2,19.71
fold2_room1_mix0542,43,4,0,1,-1,20.51
fold2_room1_mix0542,44,4,0,172,0,26.17
fold2_room1_mix0542,44,4,0,146,-2,18.83
fold2_room1_mix0542,44,4,0,3,-1,19.32
fold2_room1_mix0542,45,4,0,167,0,25.13
fold2_room1_mix0542,45,4,0,146,-2,18.91
fold2_room1_mix0542,45,4,0,-1,-1,19.11
fold2_room1_mix0542,46,4,0,169,0,25.99
fold2_room1_mix0542,46,4,0,147,-2,18.66
fold2_room1_mix0542,46,4,0,3,-1,20.42
fold2_room1_mix0542,47,4,0,169,0,24.99
fold2_room1_mix0542,47,4,0,145,-2,17.53
fold2_room1_mix0542,47,4,0,2,-1,19.50
fold2_room1_mix0542,48,4,0,166,0,22.92
fold2_room1_mix0542,48,4,0,145,-2,17.49
fold2_room1_mix0542,48,4,0,4,-1,17.44
fold2_room1_mix0542,49,4,0,169,0,22.39
fold2_room1_mix0542,49,4,0,144,-3,16.12
fold2_room1_mix0542,49,4,0,4,-1,17.78
fold2_room1_mix0542,50,4,0,163,0,21.55
fold2_room1_mix0542,50,4,0,141,-2,16.79
fold2_room1_mix0542,50,4,0,2,-1,17.89
fold2_room1_mix0542,51,4,0,162,-1,19.42
fold2_room1_mix0542,51,4,0,139,-2,16.22
fold2_room1_mix0542,51,4,0,8,-1,18.49
fold2_room1_mix0542,52,4,0,154,-1,19.05
fold2_room1_mix0542,52,4,0,138,-2,15.79
fold2_room1_mix0542,52,4,0,2,-1,16.17
fold2_room1_mix0542,53,4,0,151,-1,17.37
fold2_room1_mix0542,53,4,0,135,-2,14.93
fold2_room1_mix0542,53,4,0,5,-1,15.60
fold2_room1_mix0542,54,4,0,142,-2,16.39
fold2_room1_mix0542,54,4,0,2,-1,14.89
fold2_room1_mix0542,55,4,0,145,-2,15.35
fold2_room1_mix0542,55,4,0,129,-2,14.16
fold2_room1_mix0542,55,4,0,3,-1,15.00
fold2_room1_mix0542,56,4,0,133,-2,14.57
fold2_room1_mix0542,56,4,0,-1,-2,13.19
fold2_room1_mix0542,57,4,0,127,-2,14.73
fold2_room1_mix0542,57,4,0,0,-2,12.09
fold2_room1_mix0542,58,4,0,119,-2,13.52
fold2_room1_mix0542,58,4,0,3,-2,11.65
fold2_room1_mix0542,59,4,0,122,-2,14.07
fold2_room1_mix0542,59,4,0,1,-2,11.38
fold2_room1_mix0542,60,4,0,117,-2,13.36
fold2_room1_mix0542,60,4,0,-1,-2,10.59
fold2_room1_mix0542,61,4,0,110,-2,12.80
fold2_room1_mix0542,61,4,0,3,-3,9.49
fold2_room1_mix0542,62,4,0,100,-2,12.10
fold2_room1_mix0542,62,4,0,1,-2,8.66
fold2_room1_mix0542,63,4,0,99,-3,10.81
fold2_room1_mix0542,63,4,0,10,-4,7.85
fold2_room1_mix0542,64,4,0,95,-4,9.72
fold2_room1_mix0542,64,4,0,73,-4,8.37
fold2_room1_mix0542,64,4,0,7,-4,7.34
fold2_room1_mix0542,65,4,0,88,-3,10.25
fold2_room1_mix0542,65,4,0,14,-4,7.96
fold2_room1_mix0542,66,4,0,87,-4,9.84
fold2_room1_mix0542,66,4,0,45,-5,7.52
fold2_room1_mix0542,66,4,0,16,-5,7.01
fold2_room1_mix0542,67,4,0,89,-4,9.77
fold2_room1_mix0542,67,4,0,15,-6,6.74
fold2_room1_mix0542,68,4,0,86,-4,9.75
fold2_room1_mix0542,68,4,0,10,-6,7.07
fold2_room1_mix0542,69,4,0,82,-4,10.22
fold2_room1_mix0542,69,4,0,6,-7,6.87
fold2_room1_mix0542,70,4,0,85,-3,10.89
fold2_room1_mix0542,70,4,0,3,-7,6.76
fold2_room1_mix0542,71,4,0,74,-3,11.27
fold2_room1_mix0542,71,4,0,0,-6,7.27
fold2_room1_mix0542,72,4,0,70,-2,12.53
fold2_room1_mix0542,72,4,0,-7,-7,6.41
fold2_room1_mix0542,73,4,0,61,-2,12.54
fold2_room1_mix0542,73,4,0,-10,-7,6.21
fold2_room1_mix0542,74,4,0,66,-2,12.15
fold2_room1_mix0542,74,4,0,-7,-6,6.40
fold2_room1_mix0542,75,4,0,63,-1,13.34
fold2_room1_mix0542,75,4,0,2,-7,6.03
fold2_room1_mix0542,75,4,0,-13,-7,5.34
fold2_room1_mix0542,76,4,0,60,-2,12.52
fold2_room1_mix0542,76,4,0,0,-8,5.14
fold2_room1_mix0542,76,4,0,-20,-7,4.67
fold2_room1_mix0542,77,4,0,43,-7,6.22
fold2_room1_mix0542,77,4,0,28,-3,7.39
fold2_room1_mix0542,77,4,0,-6,-4,5.68
fold2_room1_mix0542,78,4,0,-44,-11,2.45
fold2_room1_mix0542,78,4,0,40,0,12.23
fold2_room1_mix0542,79,4,0,-54,-13,1.45
fold2_room1_mix0542,79,4,0,39,0,10.86
fold2_room1_mix0542,80,4,0,-66,-15,1.28
fold2_room1_mix0542,80,4,0,43,0,10.74
fold2_room1_mix0542,80,4,0,26,0,11.94
fold2_room1_mix0542,81,4,0,-80,-14,1.19
fold2_room1_mix0542,81,4,0,52,-1,8.47
fold2_room1_mix0542,81,4,0,30,1,12.06
fold2_room1_mix0542,82,4,0,-105,-12,1.11
fold2_room1_mix0542,82,4,0,52,1,14.14
fold2_room1_mix0542,82,4,0,31,0,15.18
fold2_room1_mix0542,83,4,0,-121,-10,1.17
fold2_room1_mix0542,83,4,0,59,3,16.58
fold2_room1_mix0542,83,4,0,25,-1,13.87
fold2_room1_mix0542,84,4,0,-130,-9,1.57
fold2_room1_mix0542,84,4,0,54,2,19.04
fold2_room1_mix0542,84,4,0,18,0,16.63
fold2_room1_mix0542,85,4,0,-139,-7,2.14
fold2_room1_mix0542,85,4,0,51,2,20.98
fold2_room1_mix0542,85,4,0,14,-1,19.38
fold2_room1_mix0542,86,4,0,-145,-7,2.70
fold2_room1_mix0542,86,4,0,53,3,22.43
fold2_room1_mix0542,86,4,0,10,0,19.95
fold2_room1_mix0542,87,4,0,-146,-7,2.71
fold2_room1_mix0542,87,4,0,58,3,21.22
fold2_room1_mix0542,87,4,0,6,0,21.59
fold2_room1_mix0542,88,4,0,-149,-5,3.64
fold2_room1_mix0542,88,4,0,50,3,25.56
fold2_room1_mix0542,88,4,0,10,0,24.61
fold2_room1_mix0542,89,4,0,-150,-5,3.76
fold2_room1_mix0542,89,4,0,48,3,26.35
fold2_room1_mix0542,89,4,0,11,0,22.99
fold2_room1_mix0542,90,4,0,-153,-4,4.81
fold2_room1_mix0542,90,4,0,45,2,24.31
fold2_room1_mix0542,90,4,0,10,0,24.37
fold2_room1_mix0542,91,4,0,-158,-3,5.94
fold2_room1_mix0542,91,4,0,43,2,28.04
fold2_room1_mix0542,91,4,0,12,0,28.39
fold2_room1_mix0542,92,4,0,-162,-3,6.55
fold2_room1_mix0542,92,4,0,36,1,25.93
fold2_room1_mix0542,92,4,0,13,0,29.20
fold2_room1_mix0542,93,4,0,-164,-2,7.25
fold2_room1_mix0542,93,4,0,23,1,29.74
fold2_room1_mix0542,94,4,0,-167,-2,8.18
fold2_room1_mix0542,94,4,0,19,1,32.40
fold2_room1_mix0542,95,4,0,-166,-2,8.06
fold2_room1_mix0542,95,4,0,30,2,29.29
fold2_room1_mix0542,95,4,0,11,1,32.67
fold2_room1_mix0542,96,4,0,-168,-2,8.17
fold2_room1_mix0542,96,4,0,18,1,32.90
fold2_room1_mix0542,97,4,0,-173,-2,9.22
fold2_room1_mix0542,97,4,0,16,1,31.06
fold2_room1_mix0542,98,4,0,-173,-2,9.39
fold2_room1_mix0542,98,4,0,15,1,33.27
fold2_room1_mix0542,99,4,0,-175,-2,9.73
fold2_room1_mix0542,99,4,0,17,1,31.01
fold2_room1_mix0543,3,4,0,153,-1,3.84
fold2_room1_mix0543,4,4,0,147,-2,11.25
fold2_room1_mix0543,5,4,0,144,-1,11.70
fold2_room1_mix0543,6,4,0,150,-1,12.82
fold2_room1_mix0543,7,4,0,146,-1,19.61
fold2_room1_mix0543,8,4,0,145,-2,18.60
fold2_room1_mix0543,9,4,0,144,-2,19.23
fold2_room1_mix0543,10,4,0,143,-2,18.83
fold2_room1_mix0543,11,4,0,141,-2,18.42
fold2_room1_mix0543,12,4,0,142,-2,18.64
fold2_room1_mix0543,13,4,0,143,-2,18.33
fold2_room1_mix0543,14,4,0,143,-2,19.12
fold2_room1_mix0543,15,4,0,140,-2,18.62
fold2_room1_mix0543,16,4,0,153,-1,19.48
fold2_room1_mix0543,16,4,0,134,-2,18.05
fold2_room1_mix0543,16,4,0,23,-2,23.33
fold2_room1_mix0543,17,4,0,145,-1,18.57
fold2_room1_mix0543,17,4,0,28,-2,23.37
fold2_room1_mix0543,18,4,0,147,-1,19.43
fold2_room1_mix0543,18,4,0,33,-2,23.42
fold2_room1_mix0543,19,4,0,145,-2,18.25
fold2_room1_mix0543,20,4,0,153,-2,16.51
fold2_room1_mix0543,20,4,0,135,-2,18.13
fold2_room1_mix0543,20,4,0,23,-1,24.28
fold2_room1_mix0543,21,4,0,156,-1,18.71
fold2_room1_mix0543,21,4,0,123,-3,15.39
fold2_room1_mix0543,21,4,0,6,0,24.47
fold2_room1_mix0543,22,4,0,162,-1,18.46
fold2_room1_mix0543,22,4,0,127,-3,15.29
fold2_room1_mix0543,22,4,0,4,-1,25.04
fold2_room1_mix0543,23,4,0,161,-1,18.15
fold2_room1_mix0543,23,4,0,124,-3,14.69
fold2_room1_mix0543,23,4,0,2,0,24.60
fold2_room1_mix0543,24,4,0,157,-1,17.46
fold2_room1_mix0543,24,4,0,126,-3,14.80
fold2_room1_mix0543,24,4,0,5,0,23.90
fold2_room1_mix0543,25,2,0,-107,-2,8.62
fold2_room1_mix0543,25,4,0,164,-1,19.01
fold2_room1_mix0543,25,4,0,126,-3,15.82
fold2_room1_mix0543,25,4,0,3,0,26.20
fold2_room1_mix0543,26,2,0,-111,-2,8.82
fold2_room1_mix0543,26,4,0,161,-1,20.33
fold2_room1_mix0543,26,4,0,121,-4,15.21
fold2_room1_mix0543,26,4,0,0,-1,23.41
fold2_room1_mix0543,27,2,0,-111,-2,5.92
fold2_room1_mix0543,27,4,0,163,-1,19.21
fold2_room1_mix0543,27,4,0,123,-4,14.31
fold2_room1_mix0543,27,4,0,4,0,25.45
fold2_room1_mix0543,28,4,0,158,-1,17.30
fold2_room1_mix0543,28,4,0,121,-3,14.28
fold2_room1_mix0543,28,4,0,-1,0,25.73
fold2_room1_mix0543,29,4,0,165,0,20.42
fold2_room1_mix0543,29,4,0,117,-5,13.38
fold2_room1_mix0543,29,4,0,-4,-1,23.11
fold2_room1_mix0543,30,4,0,161,-1,17.68
fold2_room1_mix0543,30,4,0,121,-4,13.93
fold2_room1_mix0543,30,4,0,1,-1,20.22
fold2_room1_mix0543,31,4,0,160,-2,16.79
fold2_room1_mix0543,31,4,0,115,-4,13.14
fold2_room1_mix0543,31,4,0,-2,-1,19.89
fold2_room1_mix0543,32,4,0,160,-1,17.33
fold2_room1_mix0543,32,4,0,124,-3,14.66
fold2_room1_mix0543,32,4,0,0,-1,21.59
fold2_room1_mix0543,33,2,0,-100,-2,8.92
fold2_room1_mix0543,33,4,0,163,-2,16.17
fold2_room1_mix0543,33,4,0,123,-3,14.11
fold2_room1_mix0543,33,4,0,3,-1,20.95
fold2_room1_mix0543,34,2,0,-97,-2,11.73
fold2_room1_mix0543,34,4,0,168,-2,16.94
fold2_room1_mix0543,34,4,0,120,-4,13.33
fold2_room1_mix0543,34,4,0,0,-2,19.36
fold2_room1_mix0543,35,2,0,-97,-1,11.66
fold2_room1_mix0543,35,4,0,168,-2,17.19
fold2_room1_mix0543,35,4,0,129,-3,13.85
fold2_room1_mix0543,35,4,0,3,-1,18.37
fold2_room1_mix0543,36,2,0,-95,-1,10.35
fold2_room1_mix0543,36,4,0,166,-1,17.10
fold2_room1_mix0543,36,4,0,126,-3,13.57
fold2_room1_mix0543,36,4,0,3,-2,17.28
fold2_room1_mix0543,37,1,0,95,-3,6.86
fold2_room1_mix0543,37,2,0,-97,-2,10.70
fold2_room1_mix0543,37,4,0,157,-3,14.41
fold2_room1_mix0543,37,4,0,115,-5,10.31
fold2_room1_mix0543,37,4,0,3,-2,15.69
fold2_room1_mix0543,38,1,0,105,-4,16.44
fold2_room1_mix0543,38,2,0,-105,-2,9.85
fold2_room1_mix0543,38,4,0,153,-3,13.44
fold2_room1_mix0543,38,4,0,123,-3,12.54
fold2_room1_mix0543,38,4,0,-2,-2,15.76
fold2_room1_mix0543,39,1,0,110,-3,21.20
fold2_room1_mix0543,39,4,0,139,-2,13.82
fold2_room1_mix0543,39,4,0,116,-2,13.57
fold2_room1_mix0543,39,4,0,3,-4,12.76
fold2_room1_mix0543,40,1,0,116,-4,18.47
fold2_room1_mix0543,40,4,0,140,-3,11.99
fold2_room1_mix0543,40,4,0,122,-3,11.42
fold2_room1_mix0543,40,4,0,0,-2,14.21
fold2_room1_mix0543,41,1,0,125,-4,17.80
fold2_room1_mix0543,41,4,0,147,-2,13.96
fold2_room1_mix0543,41,4,0,118,-3,13.06
fold2_room1_mix0543,41,4,0,-6,-2,15.22
fold2_room1_mix0543,42,1,0,124,-3,17.53
fold2_room1_mix0543,42,2,0,-91,-3,3.82
fold2_room1_mix0543,42,4,0,138,-4,14.02
fold2_room1_mix0543,42,4,0,111,-5,11.98
fold2_room1_mix0543,42,4,0,-6,-3,12.40
fold2_room1_mix0543,43,1,0,117,-3,7.06
fold2_room1_mix0543,43,4,0,122,-4,12.85
fold2_room1_mix0543,43,4,0,106,-4,13.20
fold2_room1_mix0543,43,4,0,7,-5,8.85
fold2_room1_mix0543,44,1,0,119,-4,12.24
fold2_room1_mix0543,44,2,0,-97,-1,14.08
fold2_room1_mix0543,44,4,0,132,-5,11.93
fold2_room1_mix0543,44,4,0,114,-4,13.15
fold2_room1_mix0543,44,4,0,-1,-5,10.45
fold2_room1_mix0543,45,1,0,143,-3,23.14
fold2_room1_mix0543,45,2,0,-94,-2,11.94
fold2_room1_mix0543,45,4,0,141,-4,14.33
fold2_room1_mix0543,45,4,0,109,-4,11.89
fold2_room1_mix0543,45,4,0,-7,-3,12.23
fold2_room1_mix0543,46,1,0,143,-3,24.83
fold2_room1_mix0543,46,2,0,-101,-2,13.48
fold2_room1_mix0543,46,4,0,142,-5,12.65
fold2_room1_mix0543,46,4,0,115,-5,11.24
fold2_room1_mix0543,46,4,0,-10,-3,13.17
fold2_room1_mix0543,47,1,0,139,-3,25.42
fold2_room1_mix0543,47,2,0,-96,-2,11.24
fold2_room1_mix0543,47,4,0,142,-6,13.17
fold2_room1_mix0543,47,4,0,113,-7,11.13
fold2_room1_mix0543,47,4,0,-12,-4,12.65
fold2_room1_mix0543,48,1,0,134,-3,12.85
fold2_room1_mix0543,48,2,0,-104,-2,10.60
fold2_room1_mix0543,48,4,0,138,-6,11.06
fold2_room1_mix0543,48,4,0,114,-4,12.60
fold2_room1_mix0543,48,4,0,-12,-7,8.45
fold2_room1_mix0543,49,2,0,-101,-2,6.45
fold2_room1_mix0543,49,4,0,145,-4,9.39
fold2_room1_mix0543,49,4,0,109,-4,10.03
fold2_room1_mix0543,49,4,0,-18,-9,4.44
fold2_room1_mix0543,50,1,0,146,-3,18.96
fold2_room1_mix0543,50,4,0,132,-4,10.42
fold2_room1_mix0543,50,4,0,106,-4,11.20
fold2_room1_mix0543,50,4,0,-16,-9,5.84
fold2_room1_mix0543,51,1,0,152,-3,26.29
fold2_room1_mix0543,51,4,0,129,-6,8.50
fold2_room1_mix0543,51,4,0,107,-5,9.71
fold2_room1_mix0543,51,4,0,-22,-8,5.26
fold2_room1_mix0543,52,1,0,156,-3,23.44
fold2_room1_mix0543,52,2,0,-95,-2,10.21
fold2_room1_mix0543,52,4,0,114,-5,10.97
fold2_room1_mix0543,52,4,0,-30,-9,5.86
fold2_room1_mix0543,53,1,0,151,-2,8.94
fold2_room1_mix0543,53,4,0,-103,-24,4.21
fold2_room1_mix0543,53,4,0,129,-5,10.17
fold2_room1_mix0543,55,1,0,150,-2,25.53
fold2_room1_mix0543,55,2,0,-107,-3,11.80
fold2_room1_mix0543,55,4,0,-111,-17,3.29
fold2_room1_mix0543,55,4,0,118,-5,8.82
fold2_room1_mix0543,55,4,0,85,-2,12.91
fold2_room1_mix0543,56,1,0,152,-2,29.32
fold2_room1_mix0543,56,2,0,-100,-3,12.68
fold2_room1_mix0543,56,4,0,-106,-17,3.31
fold2_room1_mix0543,56,4,0,122,-5,7.96
fold2_room1_mix0543,56,4,0,103,-2,11.85
fold2_room1_mix0543,57,1,0,154,-2,22.88
fold2_room1_mix0543,57,2,0,-94,-3,13.03
fold2_room1_mix0543,57,4,0,-155,-19,3.70
fold2_room1_mix0543,57,4,0,127,-5,7.22
fold2_room1_mix0543,57,4,0,101,-3,11.40
fold2_room1_mix0543,58,1,0,157,-2,21.92
fold2_room1_mix0543,58,2,0,-103,-3,14.56
fold2_room1_mix0543,58,4,0,-153,-7,3.35
fold2_room1_mix0543,58,4,0,111,-3,8.09
fold2_room1_mix0543,58,4,0,74,-4,10.10
fold2_room1_mix0543,59,2,0,-97,-3,10.65
fold2_room1_mix0543,59,4,0,-161,-7,3.96
fold2_room1_mix0543,59,4,0,107,-3,8.64
fold2_room1_mix0543,59,4,0,59,-6,7.96
fold2_room1_mix0543,60,1,0,155,-3,30.61
fold2_room1_mix0543,60,2,0,-92,-4,7.62
fold2_room1_mix0543,60,4,0,-161,-8,4.37
fold2_room1_mix0543,60,4,0,113,-4,8.11
fold2_room1_mix0543,60,4,0,60,-3,11.40
fold2_room1_mix0543,61,1,0,155,-2,33.20
fold2_room1_mix0543,61,4,0,-158,-8,4.21
fold2_room1_mix0543,61,4,0,116,-3,8.81
fold2_room1_mix0543,61,4,0,68,-3,11.10
fold2_room1_mix0543,62,4,0,-168,-4,6.18
fold2_room1_mix0543,62,4,0,99,-2,8.85
fold2_room1_mix0543,62,4,0,48,-3,9.39
fold2_room1_mix0543,63,4,0,-167,-4,8.37
fold2_room1_mix0543,63,4,0,97,-3,10.71
fold2_room1_mix0543,63,4,0,43,-4,10.56
fold2_room1_mix0543,64,4,0,-169,-2,9.09
fold2_room1_mix0543,64,4,0,88,-3,10.42
fold2_room1_mix0543,64,4,0,46,-4,8.87
fold2_room1_mix0543,65,2,0,-89,-2,3.95
fold2_room1_mix0543,65,4,0,-172,-3,8.61
fold2_room1_mix0543,65,4,0,84,-2,10.79
fold2_room1_mix0543,65,4,0,37,-3,11.14
fold2_room1_mix0543,66,2,0,-90,-2,11.86
fold2_room1_mix0543,66,4,0,-170,-3,10.13
fold2_room1_mix0543,66,4,0,85,-3,10.65
fold2_room1_mix0543,66,4,0,29,-5,9.74
fold2_room1_mix0543,67,2,0,-90,-2,13.05
fold2_room1_mix0543,67,4,0,-173,-2,11.88
fold2_room1_mix0543,67,4,0,80,-3,11.53
fold2_room1_mix0543,67,4,0,34,-3,11.18
fold2_room1_mix0543,68,2,0,-90,-1,11.51
fold2_room1_mix0543,68,4,0,-173,-2,11.78
fold2_room1_mix0543,68,4,0,72,-3,10.62
fold2_room1_mix0543,68,4,0,24,-2,12.18
fold2_room1_mix0543,69,2,0,-87,-1,11.70
fold2_room1_mix0543,69,4,0,-173,-3,11.45
fold2_room1_mix0543,69,4,0,70,-4,10.24
fold2_room1_mix0543,69,4,0,23,-4,11.67
fold2_room1_mix0543,70,2,0,-83,-1,12.10
fold2_room1_mix0543,70,4,0,-173,-2,12.99
fold2_room1_mix0543,70,4,0,68,-4,10.50
fold2_room1_mix0543,70,4,0,26,-2,14.06
fold2_room1_mix0543,71,2,0,-87,-1,7.37
fold2_room1_mix0543,71,4,0,-179,-2,14.46
fold2_room1_mix0543,71,4,0,68,-3,11.00
fold2_room1_mix0543,71,4,0,16,-1,14.97
fold2_room1_mix0543,72,4,0,-178,-2,13.08
fold2_room1_mix0543,72,4,0,80,-3,11.91
fold2_room1_mix0543,72,4,0,23,-2,14.52
fold2_room1_mix0543,73,4,0,179,-2,15.36
fold2_room1_mix0543,73,4,0,69,-3,13.11
fold2_room1_mix0543,73,4,0,14,-2,14.07
fold2_room1_mix0543,74,4,0,178,-1,16.05
fold2_room1_mix0543,74,4,0,67,-3,12.69
fold2_room1_mix0543,74,4,0,22,-2,14.75
fold2_room1_mix0543,75,4,0,175,-1,18.37
fold2_room1_mix0543,75,4,0,62,-2,14.58
fold2_room1_mix0543,75,4,0,22,-1,15.88
fold2_room1_mix0543,76,4,0,175,-1,18.44
fold2_room1_mix0543,76,4,0,60,-2,15.27
fold2_room1_mix0543,76,4,0,16,-1,15.79
fold2_room1_mix0543,77,4,0,176,-1,18.01
fold2_room1_mix0543,77,4,0,62,-2,15.08
fold2_room1_mix0543,77,4,0,16,-1,17.03
fold2_room1_mix0543,78,4,0,174,-2,19.29
fold2_room1_mix0543,78,4,0,60,-3,15.43
fold2_room1_mix0543,78,4,0,20,-1,19.22
fold2_room1_mix0543,79,4,0,177,-2,18.15
fold2_room1_mix0543,79,4,0,64,-2,15.04
fold2_room1_mix0543,79,4,0,15,-1,18.06
fold2_room1_mix0543,80,4,0,172,-2,18.68
fold2_room1_mix0543,80,4,0,60,-2,15.97
fold2_room1_mix0543,80,4,0,20,-1,19.25
fold2_room1_mix0543,81,4,0,173,-2,19.88
fold2_room1_mix0543,81,4,0,55,-3,15.34
fold2_room1_mix0543,81,4,0,19,-1,19.38
fold2_room1_mix0543,82,4,0,176,-2,19.51
fold2_room1_mix0543,82,4,0,56,-3,15.53
fold2_room1_mix0543,82,4,0,17,-1,18.94
fold2_room1_mix0543,83,4,0,176,-2,19.52
fold2_room1_mix0543,83,4,0,53,-2,16.48
fold2_room1_mix0543,83,4,0,15,-1,20.09
fold2_room1_mix0543,84,4,0,175,-2,21.00
fold2_room1_mix0543,84,4,0,53,-3,15.88
fold2_room1_mix0543,84,4,0,17,-1,20.09
fold2_room1_mix0543,85,4,0,174,-2,20.90
fold2_room1_mix0543,85,4,0,50,-3,15.94
fold2_room1_mix0543,85,4,0,14,-2,20.08
fold2_room1_mix0543,86,4,0,171,-2,21.21
fold2_room1_mix0543,86,4,0,50,-3,16.22
fold2_room1_mix0543,86,4,0,14,-1,20.10
fold2_room1_mix0543,87,4,0,168,-2,21.65
fold2_room1_mix0543,87,4,0,52,-3,16.08
fold2_room1_mix0543,87,4,0,18,-1,20.41
fold2_room1_mix0543,88,4,0,161,-3,21.50
fold2_room1_mix0543,88,4,0,51,-3,15.71
fold2_room1_mix0543,88,4,0,17,-1,19.55
fold2_room1_mix0543,89,4,0,167,-2,22.45
fold2_room1_mix0543,89,4,0,52,-3,17.03
fold2_room1_mix0543,89,4,0,17,0,22.90
fold2_room1_mix0543,90,4,0,159,-3,22.55
fold2_room1_mix0543,90,4,0,44,-2,18.28
fold2_room1_mix0543,90,4,0,22,-1,22.88
fold2_room1_mix0543,91,4,0,158,-2,24.95
fold2_room1_mix0543,91,4,0,44,-2,18.97
fold2_room1_mix0543,91,4,0,19,-1,23.23
fold2_room1_mix0543,93,4,0,61,-5,22.73
fold2_room1_mix0543,93,4,0,32,-1,21.62
fold2_room1_mix0543,95,4,0,39,-2,20.77
fold2_room1_mix0543,96,4,0,34,-2,20.39
fold2_room1_mix0543,97,4,0,36,-2,22.12
fold2_room1_mix0543,98,4,0,33,-2,21.19
fold2_room1_mix0543,99,4,0,29,-2,20.11
fold2_room1_mix0543,54,4,0,127,-4,8.51
fold2_room1_mix0543,92,4,0,32,-1,21.12
fold2_room1_mix0543,94,4,0,31,-2,21.03
fold2_room1_mix0544,30,4,0,4,-3,5.42
fold2_room1_mix0544,31,4,0,6,-4,5.27
fold2_room1_mix0544,32,4,0,6,-4,5.85
fold2_room1_mix0544,33,4,0,13,-5,5.92
fold2_room1_mix0544,34,4,0,12,-6,5.10
fold2_room1_mix0544,35,4,0,15,-5,5.09
fold2_room1_mix0544,36,4,0,19,-7,3.81
fold2_room1_mix0544,37,4,0,21,-8,3.20
fold2_room1_mix0544,38,4,0,28,-10,2.54
fold2_room1_mix0544,39,4,0,39,-14,1.79
fold2_room1_mix0544,40,4,0,56,-15,1.46
fold2_room1_mix0544,41,4,0,80,-16,1.30
fold2_room1_mix0544,42,4,0,111,-13,1.30
fold2_room1_mix0544,43,4,0,133,-9,1.78
fold2_room1_mix0544,44,4,0,144,-7,1.83
fold2_room1_mix0544,45,4,0,152,-5,2.54
fold2_room1_mix0544,46,4,0,154,-5,3.11
fold2_room1_mix0544,47,4,0,159,-4,3.39
fold2_room1_mix0544,48,4,0,163,-3,3.42
fold2_room1_mix0544,49,4,0,164,-3,4.60
fold2_room1_mix0544,50,4,0,166,-3,4.92
fold2_room1_mix0544,51,4,0,166,-2,5.87
fold2_room1_mix0544,52,4,0,168,-2,6.09
fold2_room1_mix0544,53,4,0,170,-2,6.53
fold2_room1_mix0544,54,4,0,170,-2,6.95
fold2_room1_mix0544,55,4,0,170,-2,7.88
fold2_room1_mix0544,56,4,0,171,-2,8.16
fold2_room1_mix0544,57,4,0,171,-2,9.05
fold2_room1_mix0544,58,4,0,170,-1,9.25
fold2_room1_mix0544,59,4,0,170,-1,9.55
fold2_room1_mix0544,60,4,0,172,-1,8.23
fold2_room1_mix0544,61,4,0,174,-1,10.04
fold2_room1_mix0544,62,4,0,170,-1,10.63
fold2_room1_mix0544,63,4,0,172,-1,11.62
fold2_room1_mix0544,64,4,0,171,-1,10.48
fold2_room1_mix0544,65,4,0,171,-1,10.63
fold2_room1_mix0544,66,4,0,170,-2,10.97
fold2_room1_mix0544,67,4,0,169,-2,10.72
fold2_room1_mix0544,68,4,0,168,-2,11.12
fold2_room1_mix0544,69,4,0,169,-2,10.84
fold2_room1_mix0544,70,4,0,169,-2,10.21
fold2_room1_mix0544,71,4,0,169,-2,10.30
fold2_room1_mix0544,72,4,0,167,-2,9.84
fold2_room1_mix0544,73,4,0,165,-3,8.57
fold2_room1_mix0544,74,4,0,165,-3,8.55
fold2_room1_mix0544,75,4,0,164,-3,7.88
fold2_room1_mix0544,76,4,0,161,-3,7.54
fold2_room1_mix0544,77,4,0,159,-4,6.13
fold2_room1_mix0544,78,4,0,156,-5,5.73
fold2_room1_mix0544,79,4,0,151,-6,5.21
fold2_room1_mix0544,80,4,0,142,-7,4.34
fold2_room1_mix0544,81,4,0,135,-9,3.72
fold2_room1_mix0544,82,4,0,122,-11,3.36
fold2_room1_mix0544,83,4,0,108,-13,3.02
fold2_room1_mix0544,84,4,0,94,-15,2.76
fold2_room1_mix0544,85,4,0,79,-13,2.86
fold2_room1_mix0544,86,4,0,67,-12,2.79
fold2_room1_mix0544,87,4,0,53,-10,3.28
fold2_room1_mix0544,88,4,0,45,-8,3.88
fold2_room1_mix0544,89,4,0,38,-7,4.45
fold2_room1_mix0544,90,4,0,34,-6,4.83
fold2_room1_mix0544,91,4,0,31,-6,5.59
fold2_room1_mix0544,92,4,0,28,-5,6.36
fold2_room1_mix0544,93,4,0,26,-5,7.18
fold2_room1_mix0544,94,4,0,25,-4,7.44
fold2_room1_mix0544,95,4,0,22,-3,8.89
fold2_room1_mix0544,96,4,0,21,-3,9.04
fold2_room1_mix0544,97,4,0,19,-3,9.57
fold2_room1_mix0544,98,4,0,18,-3,10.02
fold2_room1_mix0544,99,4,0,18,-3,10.42
fold2_room1_mix0545,3,4,0,-178,1,1.99
fold2_room1_mix0545,4,4,0,-179,0,16.11
fold2_room1_mix0545,5,4,0,177,0,18.47
fold2_room1_mix0545,6,4,0,177,0,21.92
fold2_room1_mix0545,7,4,0,177,0,29.30
fold2_room1_mix0545,8,4,0,176,0,34.00
fold2_room1_mix0545,9,4,0,177,0,33.55
fold2_room1_mix0545,10,4,0,177,0,33.37
fold2_room1_mix0545,11,4,0,176,0,33.00
fold2_room1_mix0545,12,4,0,175,0,31.29
fold2_room1_mix0545,13,4,0,175,0,30.00
fold2_room1_mix0545,14,4,0,177,0,31.73
fold2_room1_mix0545,15,4,0,174,0,31.67
fold2_room1_mix0545,16,4,0,175,0,31.06
fold2_room1_mix0545,17,4,0,176,0,31.99
fold2_room1_mix0545,18,4,0,177,0,31.77
fold2_room1_mix0545,19,4,0,176,0,31.47
fold2_room1_mix0545,20,4,0,175,0,32.44
fold2_room1_mix0545,21,4,0,176,0,31.00
fold2_room1_mix0545,22,4,0,177,0,31.68
fold2_room1_mix0545,23,4,0,176,0,29.91
fold2_room1_mix0545,24,4,0,175,0,29.91
fold2_room1_mix0545,25,4,0,176,0,29.73
fold2_room1_mix0545,26,4,0,176,0,29.70
fold2_room1_mix0545,27,4,0,173,0,29.38
fold2_room1_mix0545,28,4,0,175,0,29.03
fold2_room1_mix0545,29,4,0,175,0,27.40
fold2_room1_mix0545,30,4,0,174,0,27.98
fold2_room1_mix0545,31,4,0,174,0,26.86
fold2_room1_mix0545,32,4,0,175,0,27.08
fold2_room1_mix0545,33,4,0,174,0,27.59
fold2_room1_mix0545,34,4,0,174,0,26.64
fold2_room1_mix0545,35,4,0,173,0,26.24
fold2_room1_mix0545,36,4,0,173,0,25.51
fold2_room1_mix0545,37,4,0,173,0,24.30
fold2_room1_mix0545,38,4,0,173,0,24.11
fold2_room1_mix0545,39,4,0,171,0,22.58
fold2_room1_mix0545,40,4,0,172,0,23.09
fold2_room1_mix0545,41,4,0,172,-1,21.35
fold2_room1_mix0545,42,4,0,170,-1,20.97
fold2_room1_mix0545,43,4,0,170,-1,21.55
fold2_room1_mix0545,44,4,0,171,-1,20.80
fold2_room1_mix0545,45,4,0,171,-1,21.18
fold2_room1_mix0545,46,4,0,170,0,21.38
fold2_room1_mix0545,47,4,0,170,-1,20.11
fold2_room1_mix0545,48,4,0,169,-1,19.83
fold2_room1_mix0545,49,4,0,170,-1,20.42
fold2_room1_mix0545,50,4,0,170,-1,18.95
fold2_room1_mix0545,51,4,0,170,-1,18.24
fold2_room1_mix0545,52,4,0,169,-1,18.63
fold2_room1_mix0545,53,4,0,168,-1,18.43
fold2_room1_mix0545,54,4,0,169,-1,16.51
fold2_room1_mix0545,55,4,0,169,-1,15.93
fold2_room1_mix0545,56,4,0,168,-1,16.24
fold2_room1_mix0545,57,4,0,167,-1,15.48
fold2_room1_mix0545,58,4,0,168,-2,14.40
fold2_room1_mix0545,59,4,0,166,-2,14.70
fold2_room1_mix0545,60,4,0,168,-2,13.76
fold2_room1_mix0545,61,4,0,168,-2,13.30
fold2_room1_mix0545,62,4,0,165,-2,13.30
fold2_room1_mix0545,63,4,0,165,-2,12.60
fold2_room1_mix0545,64,4,0,165,-2,12.87
fold2_room1_mix0545,65,4,0,163,-3,12.40
fold2_room1_mix0545,66,4,0,163,-3,11.68
fold2_room1_mix0545,67,4,0,162,-3,11.01
fold2_room1_mix0545,68,4,0,161,-3,11.41
fold2_room1_mix0545,69,4,0,161,-3,10.66
fold2_room1_mix0545,70,4,0,158,-3,10.33
fold2_room1_mix0545,71,4,0,159,-3,9.56
fold2_room1_mix0545,72,4,0,157,-4,9.63
fold2_room1_mix0545,73,4,0,156,-4,8.62
fold2_room1_mix0545,74,4,0,154,-4,8.32
fold2_room1_mix0545,75,4,0,152,-4,7.83
fold2_room1_mix0545,76,4,0,149,-5,7.24
fold2_room1_mix0545,77,4,0,148,-5,6.67
fold2_room1_mix0545,78,4,0,145,-5,6.31
fold2_room1_mix0545,79,4,0,145,-5,6.12
fold2_room1_mix0545,80,4,0,141,-5,5.67
fold2_room1_mix0545,81,4,0,136,-6,5.11
fold2_room1_mix0545,82,4,0,134,-6,4.58
fold2_room1_mix0545,83,4,0,130,-6,4.50
fold2_room1_mix0545,84,4,0,123,-6,4.17
fold2_room1_mix0545,85,4,0,115,-6,3.71
fold2_room1_mix0545,86,4,0,106,-6,3.81
fold2_room1_mix0545,87,4,0,96,-7,3.59
fold2_room1_mix0545,88,4,0,89,-8,3.75
fold2_room1_mix0545,89,4,0,80,-7,3.64
fold2_room1_mix0545,90,4,0,71,-7,3.72
fold2_room1_mix0545,91,4,0,65,-6,4.03
fold2_room1_mix0545,92,4,0,56,-5,3.86
fold2_room1_mix0545,93,4,0,50,-5,3.94
fold2_room1_mix0545,94,4,0,46,-4,4.42
fold2_room1_mix0545,95,4,0,41,-4,4.68
fold2_room1_mix0545,96,4,0,38,-4,5.22
fold2_room1_mix0545,97,4,0,36,-3,6.01
fold2_room1_mix0545,98,4,0,32,-3,6.08
fold2_room1_mix0545,99,4,0,31,-3,6.77
fold2_room1_mix0546,37,4,0,34,0,10.21
fold2_room1_mix0546,38,4,0,26,-1,12.15
fold2_room1_mix0546,39,4,0,31,-1,15.66
fold2_room1_mix0546,40,4,0,30,-1,19.46
fold2_room1_mix0546,41,4,0,35,-1,19.91
fold2_room1_mix0546,42,4,0,36,-1,19.83
fold2_room1_mix0546,43,4,0,37,-2,20.21
fold2_room1_mix0546,44,4,0,38,-2,19.04
fold2_room1_mix0546,45,4,0,40,-1,19.42
fold2_room1_mix0546,46,4,0,38,-2,18.84
fold2_room1_mix0546,47,4,0,41,-2,18.54
fold2_room1_mix0546,48,4,0,39,-2,17.17
fold2_room1_mix0546,49,4,0,42,-2,16.63
fold2_room1_mix0546,50,4,0,48,-2,15.16
fold2_room1_mix0546,51,4,0,47,-2,15.06
fold2_room1_mix0546,52,4,0,51,-2,13.63
fold2_room1_mix0546,53,4,0,56,-2,12.82
fold2_room1_mix0546,54,4,0,56,-2,12.44
fold2_room1_mix0546,55,4,0,60,-2,12.41
fold2_room1_mix0546,56,4,0,62,-2,12.37
fold2_room1_mix0546,57,4,0,62,-2,11.74
fold2_room1_mix0546,58,4,0,69,-3,11.31
fold2_room1_mix0546,59,4,0,70,-3,10.70
fold2_room1_mix0546,60,4,0,76,-3,10.74
fold2_room1_mix0546,61,4,0,80,-2,11.34
fold2_room1_mix0546,62,4,0,83,-2,11.16
fold2_room1_mix0546,63,4,0,85,-2,11.46
fold2_room1_mix0546,64,4,0,91,-3,11.25
fold2_room1_mix0546,65,4,0,96,-2,11.55
fold2_room1_mix0546,66,4,0,102,-2,11.74
fold2_room1_mix0546,67,4,0,108,-2,11.62
fold2_room1_mix0546,68,4,0,114,-2,11.74
fold2_room1_mix0546,69,4,0,117,-3,12.38
fold2_room1_mix0546,70,4,0,122,-2,12.27
fold2_room1_mix0546,71,4,0,125,-2,13.00
fold2_room1_mix0546,72,4,0,126,-2,12.93
fold2_room1_mix0546,73,4,0,131,-2,13.24
fold2_room1_mix0546,74,4,0,133,-2,13.98
fold2_room1_mix0546,75,4,0,136,-2,14.80
fold2_room1_mix0546,76,4,0,137,-2,14.95
fold2_room1_mix0546,77,4,0,141,-2,16.06
fold2_room1_mix0546,78,4,0,143,-1,17.21
fold2_room1_mix0546,79,4,0,145,-1,17.66
fold2_room1_mix0546,80,4,0,144,-1,17.48
fold2_room1_mix0546,81,4,0,145,-1,18.75
fold2_room1_mix0546,82,4,0,145,-1,19.07
fold2_room1_mix0546,83,4,0,145,-1,18.83
fold2_room1_mix0546,84,4,0,146,-1,19.29
fold2_room1_mix0546,85,4,0,147,-1,19.55
fold2_room1_mix0546,86,4,0,148,-1,18.97
fold2_room1_mix0546,87,4,0,147,-1,18.93
fold2_room1_mix0546,88,4,0,151,-1,14.53
fold2_room1_mix0546,89,4,0,153,-1,16.50
fold2_room1_mix0547,27,4,0,-175,-1,11.72
fold2_room1_mix0547,28,4,0,-175,-1,13.82
fold2_room1_mix0547,29,4,0,-178,-2,13.37
fold2_room1_mix0547,30,4,0,-175,-2,13.84
fold2_room1_mix0547,31,4,0,-174,-2,12.48
fold2_room1_mix0547,32,4,0,-175,-2,12.97
fold2_room1_mix0547,32,4,0,-14,-2,16.19
fold2_room1_mix0547,33,4,0,-174,-2,13.87
fold2_room1_mix0547,33,4,0,-11,-3,15.51
fold2_room1_mix0547,34,4,0,-172,-3,11.01
fold2_room1_mix0547,34,4,0,-17,-3,14.10
fold2_room1_mix0547,35,4,0,-172,-3,10.82
fold2_room1_mix0547,35,4,0,-12,-3,13.17
fold2_room1_mix0547,36,4,0,-170,-3,10.48
fold2_room1_mix0547,36,4,0,-19,-2,13.97
fold2_room1_mix0547,37,4,0,-171,-4,9.75
fold2_room1_mix0547,37,4,0,-17,-3,12.56
fold2_room1_mix0547,38,4,0,-165,-5,7.97
fold2_room1_mix0547,38,4,0,-17,-5,10.14
fold2_room1_mix0547,39,4,0,-167,-4,7.86
fold2_room1_mix0547,39,4,0,-21,-5,9.35
fold2_room1_mix0547,40,4,0,-166,-5,7.57
fold2_room1_mix0547,40,4,0,-17,-4,10.70
fold2_room1_mix0547,41,4,0,-164,-7,5.88
fold2_room1_mix0547,41,4,0,-22,-7,7.17
fold2_room1_mix0547,42,4,0,-163,-7,5.07
fold2_room1_mix0547,42,4,0,-23,-7,6.67
fold2_room1_mix0547,43,4,0,-162,-7,5.09
fold2_room1_mix0547,43,4,0,-24,-6,6.96
fold2_room1_mix0547,44,4,0,-160,-8,4.04
fold2_room1_mix0547,44,4,0,-27,-7,5.74
fold2_room1_mix0547,45,4,0,-153,-9,3.75
fold2_room1_mix0547,45,4,0,-32,-7,5.15
fold2_room1_mix0547,46,4,0,-156,-9,3.25
fold2_room1_mix0547,46,4,0,-30,-8,5.04
fold2_room1_mix0547,47,4,0,-146,-13,2.45
fold2_room1_mix0547,47,4,0,-39,-10,4.08
fold2_room1_mix0547,48,4,0,-150,-13,2.72
fold2_room1_mix0547,48,4,0,-45,-11,3.37
fold2_room1_mix0547,49,4,0,-146,-13,2.82
fold2_room1_mix0547,49,4,0,-129,-16,1.89
fold2_room1_mix0547,49,4,0,-58,-12,3.33
fold2_room1_mix0547,50,4,0,-152,-12,3.45
fold2_room1_mix0547,50,4,0,-131,-17,1.71
fold2_room1_mix0547,50,4,0,-79,-17,2.34
fold2_room1_mix0547,51,4,0,-139,-16,3.15
fold2_room1_mix0547,51,4,0,-123,-20,1.69
fold2_room1_mix0547,51,4,0,-78,-18,2.82
fold2_room1_mix0547,52,4,0,-130,-15,3.05
fold2_room1_mix0547,52,4,0,-101,-20,1.88
fold2_room1_mix0547,52,4,0,-82,-16,2.76
fold2_room1_mix0547,53,4,0,-141,-13,3.13
fold2_room1_mix0547,53,4,0,-55,-14,2.35
fold2_room1_mix0547,54,4,0,-150,-10,3.10
fold2_room1_mix0547,54,4,0,-40,-11,2.69
fold2_room1_mix0547,55,4,0,-149,-7,4.16
fold2_room1_mix0547,55,4,0,-30,-9,3.32
fold2_room1_mix0547,56,4,0,-153,-5,5.23
fold2_room1_mix0547,56,4,0,-30,-8,3.80
fold2_room1_mix0547,57,4,0,-154,-4,6.14
fold2_room1_mix0547,57,4,0,-24,-7,4.62
fold2_room1_mix0547,58,4,0,-155,-4,6.17
fold2_room1_mix0547,58,4,0,-21,-6,4.88
fold2_room1_mix0547,59,4,0,-161,-3,7.48
fold2_room1_mix0547,59,4,0,-20,-5,5.65
fold2_room1_mix0547,60,4,0,-164,-3,7.91
fold2_room1_mix0547,60,4,0,-17,-5,6.54
fold2_room1_mix0547,61,4,0,-165,-3,8.29
fold2_room1_mix0547,61,4,0,-17,-4,6.91
fold2_room1_mix0547,62,4,0,-166,-2,9.56
fold2_room1_mix0547,62,4,0,-14,-4,7.94
fold2_room1_mix0547,63,4,0,-168,-2,9.57
fold2_room1_mix0547,63,4,0,-13,-4,8.24
fold2_room1_mix0547,64,4,0,-167,-2,10.44
fold2_room1_mix0547,64,4,0,-12,-3,8.96
fold2_room1_mix0547,65,4,0,-167,-2,11.03
fold2_room1_mix0547,65,4,0,-11,-3,10.01
fold2_room1_mix0547,66,4,0,-169,-2,10.71
fold2_room1_mix0547,66,4,0,-10,-3,10.09
fold2_room1_mix0547,67,4,0,-169,-2,11.71
fold2_room1_mix0547,67,4,0,-10,-3,11.17
fold2_room1_mix0547,68,4,0,-171,-3,11.72
fold2_room1_mix0547,68,4,0,-8,-2,11.74
fold2_room1_mix0547,69,4,0,-169,-3,11.99
fold2_room1_mix0547,69,4,0,-8,-2,12.05
fold2_room1_mix0547,71,4,0,-168,-4,12.02
fold2_room1_mix0547,71,4,0,-9,-2,12.06
fold2_room1_mix0547,75,4,0,-7,-3,13.24
fold2_room1_mix0547,70,4,0,-9,-3,10.83
fold2_room1_mix0547,72,4,0,-7,-2,13.76
fold2_room1_mix0547,73,4,0,-8,-2,13.27
fold2_room1_mix0547,74,4,0,-7,-3,10.18
fold2_room1_mix0547,76,4,0,-6,-2,5.68
fold2_room1_mix0548,48,4,0,-21,-4,5.40
fold2_room1_mix0548,49,4,0,-18,-4,6.32
fold2_room1_mix0548,50,4,0,-21,-4,6.23
fold2_room1_mix0548,51,4,0,-24,-5,6.88
fold2_room1_mix0548,52,4,0,-22,-5,7.29
fold2_room1_mix0548,53,4,0,-23,-5,7.05
fold2_room1_mix0548,54,4,0,-23,-5,6.79
fold2_room1_mix0548,55,4,0,-27,-5,6.88
fold2_room1_mix0548,56,4,0,-28,-6,6.34
fold2_room1_mix0548,57,4,0,-31,-6,6.05
fold2_room1_mix0548,58,4,0,-29,-5,5.92
fold2_room1_mix0548,59,4,0,-31,-6,5.78
fold2_room1_mix0548,60,4,0,-31,-6,5.34
fold2_room1_mix0548,61,4,0,-33,-7,4.79
fold2_room1_mix0548,62,4,0,-39,-6,5.05
fold2_room1_mix0548,63,4,0,-43,-8,4.62
fold2_room1_mix0548,64,4,0,-48,-8,4.25
fold2_room1_mix0548,65,4,0,-52,-8,4.00
fold2_room1_mix0548,66,4,0,-58,-8,3.97
fold2_room1_mix0548,67,4,0,-63,-8,3.78
fold2_room1_mix0548,68,4,0,-71,-10,3.66
fold2_room1_mix0548,69,4,0,-78,-10,3.50
fold2_room1_mix0548,70,4,0,-85,-10,3.47
fold2_room1_mix0548,71,4,0,-92,-11,3.56
fold2_room1_mix0548,72,4,0,-97,-12,3.66
fold2_room1_mix0548,73,4,0,-105,-11,3.32
fold2_room1_mix0548,74,4,0,-108,-11,3.55
fold2_room1_mix0548,75,4,0,-116,-10,4.04
fold2_room1_mix0548,76,4,0,-123,-9,3.80
fold2_room1_mix0548,77,4,0,-126,-10,3.74
fold2_room1_mix0548,78,4,0,-132,-8,4.36
fold2_room1_mix0548,79,4,0,-136,-7,4.74
fold2_room1_mix0548,80,4,0,-137,-7,4.79
fold2_room1_mix0548,81,4,0,-141,-6,5.01
fold2_room1_mix0548,82,4,0,-142,-6,5.14
fold2_room1_mix0548,83,4,0,-145,-6,5.58
fold2_room1_mix0548,84,4,0,-146,-6,5.94
fold2_room1_mix0548,85,4,0,-149,-5,6.26
fold2_room1_mix0548,86,4,0,-150,-5,6.26
fold2_room1_mix0548,87,4,0,-152,-5,6.91
fold2_room1_mix0548,88,4,0,-153,-4,7.18
fold2_room1_mix0548,89,4,0,-156,-4,7.15
fold2_room1_mix0548,90,4,0,-154,-4,7.26
fold2_room1_mix0548,91,4,0,-155,-4,7.64
fold2_room1_mix0548,92,4,0,-156,-3,7.62
fold2_room1_mix0548,93,4,0,-157,-4,7.77
fold2_room1_mix0548,94,4,0,-156,-3,8.78
fold2_room1_mix0548,95,4,0,-157,-3,7.80
fold2_room1_mix0548,96,4,0,-160,-3,6.68
fold2_room1_mix0548,98,4,0,-163,-2,2.19
fold2_room1_mix0548,99,4,0,-164,-3,3.58
fold2_room1_mix0549,5,4,0,176,0,18.36
fold2_room1_mix0549,5,4,0,2,0,15.88
fold2_room1_mix0549,6,4,0,176,0,19.12
fold2_room1_mix0549,6,4,0,2,0,16.56
fold2_room1_mix0549,7,4,0,177,0,22.53
fold2_room1_mix0549,7,4,0,3,0,20.31
fold2_room1_mix0549,8,4,0,176,0,34.24
fold2_room1_mix0549,8,4,0,5,0,33.75
fold2_room1_mix0549,9,4,0,176,0,33.29
fold2_room1_mix0549,9,4,0,3,0,32.71
fold2_room1_mix0549,10,4,0,177,0,34.45
fold2_room1_mix0549,10,4,0,4,0,34.05
fold2_room1_mix0549,11,4,0,177,0,33.70
fold2_room1_mix0549,11,4,0,5,0,35.50
fold2_room1_mix0549,12,4,0,175,0,34.84
fold2_room1_mix0549,12,4,0,5,0,35.79
fold2_room1_mix0549,13,4,0,175,0,34.29
fold2_room1_mix0549,13,4,0,3,0,33.72
fold2_room1_mix0549,14,4,0,177,0,36.09
fold2_room1_mix0549,14,4,0,5,0,36.67
fold2_room1_mix0549,15,4,0,175,0,36.75
fold2_room1_mix0549,15,4,0,3,0,36.11
fold2_room1_mix0549,16,4,0,176,0,30.38
fold2_room1_mix0549,16,4,0,5,0,36.89
fold2_room1_mix0549,17,4,0,176,0,30.62
fold2_room1_mix0549,17,4,0,3,0,35.50
fold2_room1_mix0549,18,4,0,176,0,30.05
fold2_room1_mix0549,18,4,0,6,0,36.55
fold2_room1_mix0549,19,0,0,169,0,10.91
fold2_room1_mix0549,19,4,0,173,0,32.07
fold2_room1_mix0549,19,4,0,5,0,37.18
fold2_room1_mix0549,20,4,0,176,0,39.96
fold2_room1_mix0549,20,4,0,5,-1,44.42
fold2_room1_mix0549,21,0,0,168,0,11.67
fold2_room1_mix0549,21,4,0,175,-1,41.37
fold2_room1_mix0549,21,4,0,4,-1,40.13
fold2_room1_mix0549,22,0,0,174,0,1.36
fold2_room1_mix0549,22,4,0,174,-1,32.47
fold2_room1_mix0549,22,4,0,6,0,42.49
fold2_room1_mix0549,23,0,0,168,0,9.82
fold2_room1_mix0549,23,4,0,176,-1,34.48
fold2_room1_mix0549,23,4,0,6,-1,38.12
fold2_room1_mix0549,24,0,0,167,0,23.91
fold2_room1_mix0549,24,4,0,175,-1,34.25
fold2_room1_mix0549,24,4,0,5,-1,36.14
fold2_room1_mix0549,25,0,0,167,-1,18.40
fold2_room1_mix0549,25,4,0,174,0,40.28
fold2_room1_mix0549,25,4,0,3,0,39.98
fold2_room1_mix0549,26,0,0,167,-1,28.93
fold2_room1_mix0549,26,4,0,174,0,40.89
fold2_room1_mix0549,26,4,0,6,0,40.45
fold2_room1_mix0549,27,0,0,165,-1,22.48
fold2_room1_mix0549,27,4,0,173,0,44.67
fold2_room1_mix0549,27,4,0,7,0,42.24
fold2_room1_mix0549,28,0,0,166,-1,21.99
fold2_room1_mix0549,28,4,0,172,0,47.36
fold2_room1_mix0549,28,4,0,9,0,43.21
fold2_room1_mix0549,29,0,0,165,-1,20.71
fold2_room1_mix0549,29,4,0,172,0,48.81
fold2_room1_mix0549,29,4,0,7,-1,41.33
fold2_room1_mix0549,30,0,0,161,-1,19.86
fold2_room1_mix0549,30,4,0,171,0,45.95
fold2_room1_mix0549,30,4,0,8,0,40.20
fold2_room1_mix0549,31,0,0,160,-1,22.28
fold2_room1_mix0549,31,4,0,170,0,51.25
fold2_room1_mix0549,31,4,0,9,0,41.18
fold2_room1_mix0549,32,0,0,162,-1,27.09
fold2_room1_mix0549,32,4,0,170,0,52.34
fold2_room1_mix0549,32,4,0,9,-1,40.41
fold2_room1_mix0549,33,0,0,160,-1,21.14
fold2_room1_mix0549,33,4,0,171,0,56.17
fold2_room1_mix0549,33,4,0,8,-1,39.35
fold2_room1_mix0549,34,0,0,159,-1,21.85
fold2_room1_mix0549,34,4,0,171,0,46.70
fold2_room1_mix0549,34,4,0,9,0,39.99
fold2_room1_mix0549,35,0,0,158,-1,21.78
fold2_room1_mix0549,35,4,0,171,0,50.57
fold2_room1_mix0549,35,4,0,9,0,39.01
fold2_room1_mix0549,36,0,0,160,-1,18.28
fold2_room1_mix0549,36,4,0,172,0,47.13
fold2_room1_mix0549,36,4,0,9,0,37.91
fold2_room1_mix0549,37,0,0,159,-1,20.53
fold2_room1_mix0549,37,4,0,170,0,41.72
fold2_room1_mix0549,37,4,0,7,0,35.18
fold2_room1_mix0549,38,0,0,161,-1,18.83
fold2_room1_mix0549,38,4,0,170,0,42.71
fold2_room1_mix0549,38,4,0,8,0,37.78
fold2_room1_mix0549,39,0,0,159,-1,19.96
fold2_room1_mix0549,39,4,0,169,-1,35.65
fold2_room1_mix0549,39,4,0,8,0,33.90
fold2_room1_mix0549,40,0,0,159,-1,21.48
fold2_room1_mix0549,40,4,0,168,-1,34.83
fold2_room1_mix0549,40,4,0,7,0,36.07
fold2_room1_mix0549,41,0,0,160,-1,20.70
fold2_room1_mix0549,41,4,0,166,-1,32.00
fold2_room1_mix0549,41,4,0,7,0,35.82
fold2_room1_mix0549,42,0,0,160,-1,20.37
fold2_room1_mix0549,42,4,0,167,-1,32.05
fold2_room1_mix0549,42,4,0,6,0,34.82
fold2_room1_mix0549,43,0,0,159,-1,20.31
fold2_room1_mix0549,43,4,0,165,0,33.58
fold2_room1_mix0549,43,4,0,5,0,35.82
fold2_room1_mix0549,44,0,0,160,-1,18.94
fold2_room1_mix0549,44,4,0,163,0,30.55
fold2_room1_mix0549,44,4,0,5,0,34.20
fold2_room1_mix0549,45,0,0,159,-1,15.92
fold2_room1_mix0549,45,4,0,163,0,30.57
fold2_room1_mix0549,45,4,0,4,0,31.87
fold2_room1_mix0549,46,4,0,162,-1,27.12
fold2_room1_mix0549,46,4,0,3,-1,31.09
fold2_room1_mix0549,47,0,0,-17,-2,19.80
fold2_room1_mix0549,47,4,0,162,-2,24.05
fold2_room1_mix0549,47,4,0,3,-1,29.60
fold2_room1_mix0549,48,0,0,-29,-2,17.11
fold2_room1_mix0549,48,4,0,162,-1,27.79
fold2_room1_mix0549,48,4,0,6,-1,28.56
fold2_room1_mix0549,49,0,0,-35,-3,13.42
fold2_room1_mix0549,49,4,0,166,-2,27.77
fold2_room1_mix0549,49,4,0,6,-1,27.39
fold2_room1_mix0549,50,0,0,-30,-2,14.97
fold2_room1_mix0549,50,4,0,163,0,26.44
fold2_room1_mix0549,50,4,0,7,-1,25.93
fold2_room1_mix0549,51,0,0,-23,-2,16.27
fold2_room1_mix0549,51,4,0,164,0,28.72
fold2_room1_mix0549,51,4,0,6,-1,24.28
fold2_room1_mix0549,52,0,0,-25,-2,14.91
fold2_room1_mix0549,52,4,0,168,0,28.24
fold2_room1_mix0549,52,4,0,8,-1,24.28
fold2_room1_mix0549,53,0,0,-23,-2,15.19
fold2_room1_mix0549,53,4,0,166,0,26.81
fold2_room1_mix0549,53,4,0,8,-1,22.56
fold2_room1_mix0549,54,0,0,-24,-2,16.36
fold2_room1_mix0549,54,4,0,175,0,26.19
fold2_room1_mix0549,54,4,0,4,-1,23.47
fold2_room1_mix0549,55,0,0,-27,-2,15.96
fold2_room1_mix0549,55,4,0,174,-1,22.99
fold2_room1_mix0549,55,4,0,4,-1,22.55
fold2_room1_mix0549,56,0,0,-20,-2,16.02
fold2_room1_mix0549,56,4,0,6,0,24.01
fold2_room1_mix0549,57,0,0,-24,-2,15.30
fold2_room1_mix0549,57,4,0,4,-1,23.24
fold2_room1_mix0549,58,0,0,-27,-3,15.42
fold2_room1_mix0549,58,4,0,177,-2,19.40
fold2_room1_mix0549,58,4,0,4,-1,21.23
fold2_room1_mix0549,59,0,0,-27,-3,16.13
fold2_room1_mix0549,59,4,0,174,-2,19.72
fold2_room1_mix0549,59,4,0,6,-1,22.88
fold2_room1_mix0549,60,0,0,-25,-2,18.67
fold2_room1_mix0549,60,4,0,175,-2,19.42
fold2_room1_mix0549,60,4,0,4,-1,20.94
fold2_room1_mix0549,61,0,0,-29,-2,17.28
fold2_room1_mix0549,61,4,0,174,-2,21.43
fold2_room1_mix0549,61,4,0,5,-2,20.56
fold2_room1_mix0549,62,0,0,-25,-2,20.23
fold2_room1_mix0549,62,4,0,170,-1,21.06
fold2_room1_mix0549,62,4,0,5,-1,19.81
fold2_room1_mix0549,63,0,0,-27,-2,19.43
fold2_room1_mix0549,63,4,0,163,-2,18.32
fold2_room1_mix0549,63,4,0,6,-1,18.41
fold2_room1_mix0549,64,0,0,-25,-2,19.24
fold2_room1_mix0549,64,4,0,162,-2,18.23
fold2_room1_mix0549,64,4,0,8,-1,17.74
fold2_room1_mix0549,65,0,0,-26,-2,21.11
fold2_room1_mix0549,65,4,0,166,-1,18.22
fold2_room1_mix0549,65,4,0,7,-1,17.38
fold2_room1_mix0549,66,0,0,-24,-2,22.99
fold2_room1_mix0549,66,4,0,163,-3,16.14
fold2_room1_mix0549,66,4,0,8,-2,15.69
fold2_room1_mix0549,67,0,0,-22,-2,23.44
fold2_room1_mix0549,67,4,0,165,-2,15.92
fold2_room1_mix0549,67,4,0,8,-2,15.22
fold2_room1_mix0549,68,0,0,-20,-1,26.39
fold2_room1_mix0549,68,4,0,162,-2,15.11
fold2_room1_mix0549,68,4,0,9,-3,13.37
fold2_room1_mix0549,69,0,0,-20,-1,28.37
fold2_room1_mix0549,69,4,0,159,-2,13.94
fold2_room1_mix0549,69,4,0,11,-3,11.31
fold2_room1_mix0549,70,0,0,-20,-2,25.25
fold2_room1_mix0549,70,4,0,161,-2,12.92
fold2_room1_mix0549,70,4,0,14,-3,11.18
fold2_room1_mix0549,71,0,0,-19,-1,26.33
fold2_room1_mix0549,71,4,0,159,-3,12.19
fold2_room1_mix0549,71,4,0,16,-4,9.73
fold2_room1_mix0549,72,0,0,-16,-1,28.72
fold2_room1_mix0549,72,4,0,151,-3,10.78
fold2_room1_mix0549,72,4,0,19,-6,7.78
fold2_room1_mix0549,73,0,0,-16,-1,27.94
fold2_room1_mix0549,73,4,0,152,-4,10.38
fold2_room1_mix0549,73,4,0,19,-6,6.98
fold2_room1_mix0549,74,0,0,-15,-1,28.45
fold2_room1_mix0549,74,4,0,144,-4,9.08
fold2_room1_mix0549,74,4,0,24,-7,5.55
fold2_room1_mix0549,75,0,0,-16,-1,28.09
fold2_room1_mix0549,75,4,0,141,-3,9.86
fold2_room1_mix0549,75,4,0,26,-7,5.49
fold2_room1_mix0549,76,0,0,-12,-1,33.48
fold2_room1_mix0549,76,4,0,135,-3,10.15
fold2_room1_mix0549,76,4,0,29,-9,4.75
fold2_room1_mix0549,77,0,0,-12,-1,33.45
fold2_room1_mix0549,77,4,0,125,-4,9.41
fold2_room1_mix0549,77,4,0,27,-8,4.98
fold2_room1_mix0549,78,0,0,-11,-1,39.21
fold2_room1_mix0549,78,4,0,121,-2,11.59
fold2_room1_mix0549,78,4,0,26,-9,4.62
fold2_room1_mix0549,79,0,0,-11,-1,39.36
fold2_room1_mix0549,79,4,0,107,-3,10.52
fold2_room1_mix0549,79,4,0,23,-9,4.29
fold2_room1_mix0549,80,0,0,-9,-1,42.53
fold2_room1_mix0549,80,4,0,86,-5,9.41
fold2_room1_mix0549,80,4,0,20,-9,4.65
fold2_room1_mix0549,81,0,0,-9,-1,48.47
fold2_room1_mix0549,81,4,0,108,-8,9.39
fold2_room1_mix0549,81,4,0,20,-9,4.72
fold2_room1_mix0549,82,0,0,-11,-1,45.12
fold2_room1_mix0549,82,4,0,93,-16,7.36
fold2_room1_mix0549,82,4,0,19,-11,5.08
fold2_room1_mix0549,83,0,0,-13,-1,42.10
fold2_room1_mix0549,83,4,0,115,-22,6.73
fold2_room1_mix0549,83,4,0,18,-21,2.66
fold2_room1_mix0549,83,4,0,26,-7,8.83
fold2_room1_mix0549,84,0,0,-13,-1,42.15
fold2_room1_mix0549,84,4,0,98,-36,3.15
fold2_room1_mix0549,84,4,0,40,-43,1.31
fold2_room1_mix0549,84,4,0,36,-10,10.21
fold2_room1_mix0549,85,0,0,-14,-1,45.78
fold2_room1_mix0549,85,4,0,139,-38,1.68
fold2_room1_mix0549,85,4,0,36,-6,12.76
fold2_room1_mix0549,86,0,0,-12,-1,53.38
fold2_room1_mix0549,86,4,0,153,-27,2.04
fold2_room1_mix0549,86,4,0,36,-4,14.00
fold2_room1_mix0549,87,0,0,-14,-1,45.52
fold2_room1_mix0549,87,4,0,165,-19,2.51
fold2_room1_mix0549,87,4,0,32,-1,14.94
fold2_room1_mix0549,88,0,0,-12,-1,54.30
fold2_room1_mix0549,88,4,0,170,-15,3.25
fold2_room1_mix0549,88,4,0,27,-2,17.33
fold2_room1_mix0549,89,0,0,-13,-1,46.81
fold2_room1_mix0549,89,4,0,173,-12,3.81
fold2_room1_mix0549,89,4,0,27,-3,17.51
fold2_room1_mix0549,90,0,0,-13,-1,47.93
fold2_room1_mix0549,90,4,0,176,-10,4.43
fold2_room1_mix0549,90,4,0,33,-2,18.24
fold2_room1_mix0549,91,0,0,-10,-1,52.81
fold2_room1_mix0549,91,4,0,175,-8,5.38
fold2_room1_mix0549,91,4,0,42,-3,18.05
fold2_room1_mix0549,92,0,0,-9,-1,52.92
fold2_room1_mix0549,92,4,0,176,-8,5.58
fold2_room1_mix0549,93,0,0,-9,0,48.61
fold2_room1_mix0549,93,4,0,178,-5,7.17
fold2_room1_mix0549,94,0,0,-8,0,56.17
fold2_room1_mix0549,94,4,0,177,-6,7.76
fold2_room1_mix0549,95,0,0,-7,0,52.74
fold2_room1_mix0549,95,4,0,175,-6,8.15
fold2_room1_mix0549,96,0,0,-7,0,58.33
fold2_room1_mix0549,96,4,0,176,-5,9.08
fold2_room1_mix0549,96,4,0,28,-4,19.10
fold2_room1_mix0549,97,0,0,-6,0,53.86
fold2_room1_mix0549,97,4,0,176,-4,9.63
fold2_room1_mix0549,97,4,0,15,-1,20.64
fold2_room1_mix0549,98,0,0,-5,0,53.73
fold2_room1_mix0549,98,4,0,176,-4,10.50
fold2_room1_mix0549,98,4,0,13,-1,22.04
fold2_room1_mix0549,99,0,0,-4,0,37.08
fold2_room1_mix0549,99,4,0,176,-3,11.47
fold2_room1_mix0549,99,4,0,12,-1,22.53
fold2_room1_mix0549,4,4,0,0,1,4.36
fold2_room1_mix0549,3,4,0,-3,0,0.74
fold2_room1_mix0550,4,0,0,171,-1,2.15
fold2_room1_mix0550,5,0,0,169,-1,1.77
fold2_room1_mix0550,6,0,0,164,-1,5.77
fold2_room1_mix0550,6,4,0,1,0,4.82
fold2_room1_mix0550,7,0,0,154,-2,12.28
fold2_room1_mix0550,8,0,0,153,-2,10.27
fold2_room1_mix0550,9,0,0,151,-1,22.93
fold2_room1_mix0550,10,0,0,150,-1,20.93
fold2_room1_mix0550,11,0,0,148,-2,18.35
fold2_room1_mix0550,12,0,0,149,-1,25.77
fold2_room1_mix0550,12,4,0,2,0,17.50
fold2_room1_mix0550,13,0,0,149,-1,20.39
fold2_room1_mix0550,13,4,0,1,0,1.64
fold2_room1_mix0550,14,0,0,149,-1,22.21
fold2_room1_mix0550,14,4,0,1,1,3.79
fold2_room1_mix0550,15,0,0,149,-2,21.23
fold2_room1_mix0550,15,4,0,1,0,11.36
fold2_room1_mix0550,16,0,0,150,-2,19.70
fold2_room1_mix0550,16,4,0,1,0,8.86
fold2_room1_mix0550,17,0,0,143,-2,17.22
fold2_room1_mix0550,17,4,0,2,1,2.86
fold2_room1_mix0550,18,0,0,144,-2,17.59
fold2_room1_mix0550,18,4,0,2,-1,16.87
fold2_room1_mix0550,19,0,0,141,-1,17.83
fold2_room1_mix0550,19,4,0,5,0,15.80
fold2_room1_mix0550,20,0,0,134,-2,15.00
fold2_room1_mix0550,20,4,0,5,0,13.10
fold2_room1_mix0550,21,0,0,133,-2,12.91
fold2_room1_mix0550,21,4,0,3,0,9.15
fold2_room1_mix0550,22,0,0,134,-2,13.93
fold2_room1_mix0550,22,4,0,0,1,5.34
fold2_room1_mix0550,23,0,0,131,-2,12.20
fold2_room1_mix0550,23,4,0,-1,1,2.75
fold2_room1_mix0550,24,0,0,132,-2,11.11
fold2_room1_mix0550,24,4,0,-2,2,1.79
fold2_room1_mix0550,25,0,0,132,-2,11.39
fold2_room1_mix0550,25,4,0,-2,1,3.71
fold2_room1_mix0550,26,0,0,127,-3,10.27
fold2_room1_mix0550,26,4,0,-4,2,2.79
fold2_room1_mix0550,27,0,0,125,-3,9.53
fold2_room1_mix0550,27,4,0,-4,2,0.82
fold2_room1_mix0550,28,0,0,126,-3,9.39
fold2_room1_mix0550,28,4,0,0,0,12.28
fold2_room1_mix0550,29,0,0,121,-3,9.43
fold2_room1_mix0550,30,0,0,122,-3,10.83
fold2_room1_mix0550,30,4,0,-3,1,1.34
fold2_room1_mix0550,31,0,0,118,-3,9.76
fold2_room1_mix0550,31,4,0,-1,0,18.09
fold2_room1_mix0550,32,0,0,116,-3,9.72
fold2_room1_mix0550,32,4,0,-4,0,3.91
fold2_room1_mix0550,33,0,0,113,-3,10.84
fold2_room1_mix0550,33,4,0,-6,0,7.65
fold2_room1_mix0550,34,0,0,106,-3,9.49
fold2_room1_mix0550,34,4,0,-3,0,26.09
fold2_room1_mix0550,35,0,0,104,-3,9.53
fold2_room1_mix0550,35,4,0,-1,0,17.05
fold2_room1_mix0550,36,0,0,103,-2,3.89
fold2_room1_mix0550,36,4,0,0,0,44.57
fold2_room1_mix0550,37,0,0,105,-2,3.47
fold2_room1_mix0550,37,4,0,0,0,46.37
fold2_room1_mix0550,38,4,0,-1,0,48.66
fold2_room1_mix0550,39,4,0,3,0,44.76
fold2_room1_mix0550,40,4,0,2,0,44.60
fold2_room1_mix0550,41,4,0,1,0,46.94
fold2_room1_mix0550,42,4,0,1,0,45.54
fold2_room1_mix0550,43,4,0,1,0,46.58
fold2_room1_mix0550,44,4,0,1,0,45.02
fold2_room1_mix0550,45,4,0,0,0,45.63
fold2_room1_mix0550,46,4,0,0,0,45.49
fold2_room1_mix0550,47,4,0,1,0,43.46
fold2_room1_mix0550,48,4,0,1,0,42.71
fold2_room1_mix0550,49,4,0,1,0,39.99
fold2_room1_mix0550,50,4,0,1,0,38.29
fold2_room1_mix0550,51,4,0,2,0,36.92
fold2_room1_mix0550,52,4,0,1,0,35.44
fold2_room1_mix0550,53,4,0,0,0,35.17
fold2_room1_mix0550,54,4,0,1,0,34.57
fold2_room1_mix0550,55,4,0,0,0,33.73
fold2_room1_mix0550,56,4,0,0,0,33.26
fold2_room1_mix0550,57,4,0,0,0,32.40
fold2_room1_mix0550,58,4,0,0,0,31.30
fold2_room1_mix0550,59,4,0,0,0,29.84
fold2_room1_mix0550,60,4,0,-1,0,29.33
fold2_room1_mix0550,61,4,0,-1,0,28.59
fold2_room1_mix0550,62,4,0,-1,0,27.97
fold2_room1_mix0550,63,4,0,-1,0,26.10
fold2_room1_mix0550,64,4,0,-2,0,25.73
fold2_room1_mix0550,65,4,0,-2,0,24.20
fold2_room1_mix0550,66,4,0,-1,0,22.96
fold2_room1_mix0550,67,4,0,-2,0,21.42
fold2_room1_mix0550,68,4,0,-3,0,20.87
fold2_room1_mix0550,69,4,0,-3,-1,18.80
fold2_room1_mix0550,70,4,0,-4,-1,18.20
fold2_room1_mix0550,71,4,0,-4,-1,16.82
fold2_room1_mix0550,72,4,0,-5,-1,15.11
fold2_room1_mix0550,73,4,0,-6,-1,13.91
fold2_room1_mix0550,74,4,0,-7,-2,13.09
fold2_room1_mix0550,75,4,0,-8,-2,11.93
fold2_room1_mix0550,76,4,0,-9,-2,10.70
fold2_room1_mix0550,77,4,0,-11,-3,9.16
fold2_room1_mix0550,78,4,0,-12,-3,7.55
fold2_room1_mix0550,79,4,0,-15,-4,6.68
fold2_room1_mix0550,80,4,0,-19,-5,5.37
fold2_room1_mix0550,81,4,0,-27,-7,3.64
fold2_room1_mix0550,82,4,0,-35,-8,2.66
fold2_room1_mix0550,83,4,0,-49,-9,2.03
fold2_room1_mix0550,84,4,0,-81,-11,1.69
fold2_room1_mix0550,85,4,0,-117,-8,1.59
fold2_room1_mix0550,86,4,0,-141,-4,2.31
fold2_room1_mix0550,87,4,0,-149,-4,3.41
fold2_room1_mix0550,88,4,0,-154,-3,4.41
fold2_room1_mix0550,89,4,0,-159,-2,5.51
fold2_room1_mix0550,90,4,0,-161,-3,6.45
fold2_room1_mix0550,91,4,0,-164,-1,7.59
fold2_room1_mix0550,92,4,0,-166,-1,8.46
fold2_room1_mix0550,93,4,0,-168,-1,9.35
fold2_room1_mix0550,94,4,0,-168,0,10.82
fold2_room1_mix0550,95,4,0,-169,-1,11.22
fold2_room1_mix0550,96,4,0,-171,0,13.04
fold2_room1_mix0550,97,4,0,-171,0,14.24
fold2_room1_mix0550,98,4,0,-171,0,14.50
fold2_room1_mix0550,99,4,0,-172,0,17.05
fold2_room1_mix0551,0,5,0,13,2,2.34
fold2_room1_mix0551,1,5,0,22,2,11.71
fold2_room1_mix0551,2,4,0,-178,1,1.63
fold2_room1_mix0551,2,5,0,23,3,12.42
fold2_room1_mix0551,3,4,0,-176,0,4.41
fold2_room1_mix0551,3,5,0,25,3,9.08
fold2_room1_mix0551,4,4,0,-176,-1,10.59
fold2_room1_mix0551,4,5,0,31,2,17.83
fold2_room1_mix0551,5,4,0,-177,-1,11.11
fold2_room1_mix0551,5,5,0,26,2,16.12
fold2_room1_mix0551,6,4,0,-176,0,12.83
fold2_room1_mix0551,6,5,0,31,2,19.44
fold2_room1_mix0551,7,4,0,-177,-1,16.10
fold2_room1_mix0551,7,5,0,34,2,19.72
fold2_room1_mix0551,8,4,0,-174,-2,16.87
fold2_room1_mix0551,8,5,0,33,1,20.94
fold2_room1_mix0551,9,4,0,-176,-1,19.34
fold2_room1_mix0551,9,5,0,24,2,17.90
fold2_room1_mix0551,10,4,0,-175,-2,17.47
fold2_room1_mix0551,10,5,0,31,2,18.37
fold2_room1_mix0551,11,4,0,-174,-1,16.03
fold2_room1_mix0551,11,4,0,1,0,33.98
fold2_room1_mix0551,11,5,0,29,2,19.56
fold2_room1_mix0551,12,1,0,8,-1,12.33
fold2_room1_mix0551,12,4,0,-175,-1,15.08
fold2_room1_mix0551,12,5,0,31,1,17.84
fold2_room1_mix0551,13,1,0,6,-2,39.34
fold2_room1_mix0551,13,4,0,-175,0,13.79
fold2_room1_mix0551,13,4,0,5,0,24.87
fold2_room1_mix0551,13,5,0,26,1,20.56
fold2_room1_mix0551,14,1,0,8,-2,39.66
fold2_room1_mix0551,14,4,0,-174,-1,13.46
fold2_room1_mix0551,14,5,0,31,1,21.64
fold2_room1_mix0551,15,1,0,11,-2,35.47
fold2_room1_mix0551,15,4,0,-176,0,13.51
fold2_room1_mix0551,15,5,0,30,2,18.37
fold2_room1_mix0551,16,1,0,4,-2,32.98
fold2_room1_mix0551,16,4,0,-175,0,14.94
fold2_room1_mix0551,16,5,0,28,1,20.18
fold2_room1_mix0551,17,1,0,4,-2,38.08
fold2_room1_mix0551,17,4,0,-172,-1,12.49
fold2_room1_mix0551,17,4,0,1,-1,20.92
fold2_room1_mix0551,17,5,0,28,2,21.01
fold2_room1_mix0551,18,1,0,7,-1,35.82
fold2_room1_mix0551,18,4,0,-170,-1,13.85
fold2_room1_mix0551,18,4,0,-1,-1,22.59
fold2_room1_mix0551,18,5,0,28,2,18.81
fold2_room1_mix0551,19,1,0,5,-1,45.00
fold2_room1_mix0551,19,4,0,-173,-1,14.19
fold2_room1_mix0551,19,4,0,6,0,29.78
fold2_room1_mix0551,19,5,0,27,2,19.30
fold2_room1_mix0551,20,1,0,5,-1,7.16
fold2_room1_mix0551,20,4,0,-165,-1,13.25
fold2_room1_mix0551,20,4,0,-8,-1,24.67
fold2_room1_mix0551,20,5,0,28,2,19.71
fold2_room1_mix0551,21,1,0,13,-2,29.56
fold2_room1_mix0551,21,4,0,-167,-2,13.10
fold2_room1_mix0551,21,4,0,0,-1,27.53
fold2_room1_mix0551,21,5,0,19,2,17.39
fold2_room1_mix0551,22,1,0,6,-2,34.80
fold2_room1_mix0551,22,4,0,-168,-2,8.77
fold2_room1_mix0551,22,4,0,4,-2,18.07
fold2_room1_mix0551,22,5,0,29,2,18.70
fold2_room1_mix0551,23,1,0,10,-2,32.84
fold2_room1_mix0551,23,4,0,-166,-2,11.47
fold2_room1_mix0551,23,5,0,27,2,19.89
fold2_room1_mix0551,24,1,0,6,-2,36.56
fold2_room1_mix0551,24,4,0,-167,-3,12.06
fold2_room1_mix0551,24,4,0,0,-1,24.53
fold2_room1_mix0551,24,5,0,27,2,21.86
fold2_room1_mix0551,25,4,0,-161,-3,8.80
fold2_room1_mix0551,25,4,0,-6,-1,20.96
fold2_room1_mix0551,25,5,0,30,2,17.82
fold2_room1_mix0551,26,0,0,3,-1,3.36
fold2_room1_mix0551,26,1,0,13,-2,24.20
fold2_room1_mix0551,26,4,0,-163,-3,10.01
fold2_room1_mix0551,26,4,0,-9,-1,22.10
fold2_room1_mix0551,26,5,0,27,2,21.01
fold2_room1_mix0551,27,1,0,5,-2,37.12
fold2_room1_mix0551,27,4,0,-171,-3,10.20
fold2_room1_mix0551,27,4,0,6,-1,22.77
fold2_room1_mix0551,27,5,0,30,2,22.93
fold2_room1_mix0551,28,1,0,11,-2,33.16
fold2_room1_mix0551,28,4,0,-165,-3,8.75
fold2_room1_mix0551,28,4,0,1,-1,23.21
fold2_room1_mix0551,28,5,0,27,2,20.94
fold2_room1_mix0551,29,1,0,11,-2,23.23
fold2_room1_mix0551,29,4,0,-161,-4,9.11
fold2_room1_mix0551,29,4,0,-1,-1,21.91
fold2_room1_mix0551,29,5,0,26,2,20.49
fold2_room1_mix0551,30,4,0,-161,-3,7.90
fold2_room1_mix0551,30,4,0,-5,-2,20.65
fold2_room1_mix0551,30,5,0,31,2,18.70
fold2_room1_mix0551,31,1,0,16,-3,25.09
fold2_room1_mix0551,31,4,0,-163,-5,8.21
fold2_room1_mix0551,31,4,0,0,-1,26.76
fold2_room1_mix0551,31,5,0,30,2,20.18
fold2_room1_mix0551,32,1,0,13,-3,25.38
fold2_room1_mix0551,32,4,0,-167,-4,9.64
fold2_room1_mix0551,32,4,0,0,-2,21.26
fold2_room1_mix0551,32,5,0,24,2,20.95
fold2_room1_mix0551,33,1,0,14,-2,30.89
fold2_room1_mix0551,33,4,0,-161,-3,7.62
fold2_room1_mix0551,33,4,0,-1,-2,19.69
fold2_room1_mix0551,33,5,0,25,2,20.56
fold2_room1_mix0551,34,1,0,13,-4,20.53
fold2_room1_mix0551,34,4,0,-155,-3,7.78
fold2_room1_mix0551,34,4,0,0,-2,19.56
fold2_room1_mix0551,34,5,0,27,2,19.98
fold2_room1_mix0551,35,4,0,-158,-5,5.83
fold2_room1_mix0551,35,4,0,-1,-3,15.22
fold2_room1_mix0551,35,5,0,27,2,22.54
fold2_room1_mix0551,36,1,0,22,-3,21.62
fold2_room1_mix0551,36,4,0,-154,-6,5.87
fold2_room1_mix0551,36,4,0,-4,-2,17.97
fold2_room1_mix0551,36,5,0,29,1,23.12
fold2_room1_mix0551,37,1,0,16,-3,22.13
fold2_room1_mix0551,37,4,0,-156,-6,7.20
fold2_room1_mix0551,37,4,0,0,-3,18.23
fold2_room1_mix0551,37,5,0,24,2,21.17
fold2_room1_mix0551,38,1,0,18,-2,26.27
fold2_room1_mix0551,38,4,0,-151,-5,5.16
fold2_room1_mix0551,38,4,0,-2,-2,15.53
fold2_room1_mix0551,38,5,0,33,2,20.05
fold2_room1_mix0551,39,1,0,15,-3,18.09
fold2_room1_mix0551,39,4,0,-144,-7,5.25
fold2_room1_mix0551,39,4,0,0,-1,22.30
fold2_room1_mix0551,39,5,0,35,2,22.35
fold2_room1_mix0551,40,1,0,15,-3,15.28
fold2_room1_mix0551,40,4,0,-143,-9,4.74
fold2_room1_mix0551,40,4,0,-6,-3,18.82
fold2_room1_mix0551,40,5,0,29,2,20.22
fold2_room1_mix0551,41,1,0,19,-2,22.55
fold2_room1_mix0551,41,4,0,-140,-7,3.75
fold2_room1_mix0551,41,4,0,-6,-1,15.58
fold2_room1_mix0551,41,5,0,27,1,20.81
fold2_room1_mix0551,42,1,0,12,-3,20.87
fold2_room1_mix0551,42,4,0,-141,-9,4.84
fold2_room1_mix0551,42,4,0,-3,-2,19.79
fold2_room1_mix0551,42,5,0,33,2,22.75
fold2_room1_mix0551,43,1,0,18,-2,21.31
fold2_room1_mix0551,43,4,0,-140,-7,4.77
fold2_room1_mix0551,43,4,0,1,0,20.47
fold2_room1_mix0551,43,5,0,31,2,23.47
fold2_room1_mix0551,44,4,0,-117,-15,3.22
fold2_room1_mix0551,44,4,0,7,-1,20.86
fold2_room1_mix0551,44,5,0,34,2,21.26
fold2_room1_mix0551,45,1,0,19,-3,13.76
fold2_room1_mix0551,45,4,0,-128,-10,3.53
fold2_room1_mix0551,45,4,0,-1,0,19.72
fold2_room1_mix0551,45,5,0,27,1,22.61
fold2_room1_mix0551,46,1,0,22,-2,16.89
fold2_room1_mix0551,46,4,0,-123,-7,4.03
fold2_room1_mix0551,46,4,0,-104,-13,2.02
fold2_room1_mix0551,46,4,0,-1,0,14.57
fold2_room1_mix0551,46,5,0,33,2,21.33
fold2_room1_mix0551,47,1,0,23,-2,17.90
fold2_room1_mix0551,47,4,0,-89,-12,3.04
fold2_room1_mix0551,47,4,0,3,1,17.09
fold2_room1_mix0551,47,5,0,28,2,18.27
fold2_room1_mix0551,48,1,0,21,-2,14.71
fold2_room1_mix0551,48,4,0,-138,-3,6.75
fold2_room1_mix0551,48,4,0,-105,-14,2.90
fold2_room1_mix0551,48,4,0,0,-1,16.87
fold2_room1_mix0551,48,5,0,32,2,22.78
fold2_room1_mix0551,49,4,0,-153,-4,8.84
fold2_room1_mix0551,49,4,0,-43,-11,3.04
fold2_room1_mix0551,49,4,0,-20,-6,7.64
fold2_room1_mix0551,49,5,0,33,3,21.55
fold2_room1_mix0551,50,1,0,35,-3,11.14
fold2_room1_mix0551,50,4,0,-145,-2,7.25
fold2_room1_mix0551,50,4,0,-103,-13,2.61
fold2_room1_mix0551,50,4,0,-10,-2,11.34
fold2_room1_mix0551,50,5,0,29,2,20.76
fold2_room1_mix0551,51,1,0,31,-3,14.46
fold2_room1_mix0551,51,4,0,-164,1,12.54
fold2_room1_mix0551,51,4,0,-62,-11,2.57
fold2_room1_mix0551,51,4,0,-7,-2,10.69
fold2_room1_mix0551,51,5,0,34,2,19.29
fold2_room1_mix0551,52,1,0,42,-3,13.27
fold2_room1_mix0551,52,4,0,-165,0,10.75
fold2_room1_mix0551,52,4,0,-64,-12,3.60
fold2_room1_mix0551,52,4,0,-11,-2,11.46
fold2_room1_mix0551,52,5,0,33,2,19.92
fold2_room1_mix0551,53,1,0,35,-3,15.24
fold2_room1_mix0551,53,4,0,-168,1,17.50
fold2_room1_mix0551,53,4,0,-111,-13,3.98
fold2_room1_mix0551,53,4,0,-12,-3,10.34
fold2_room1_mix0551,53,5,0,31,3,18.06
fold2_room1_mix0551,54,4,0,-172,0,11.79
fold2_room1_mix0551,54,4,0,-22,-6,4.79
fold2_room1_mix0551,54,5,0,33,3,18.09
fold2_room1_mix0551,55,1,0,44,-4,14.42
fold2_room1_mix0551,55,4,0,-176,0,10.78
fold2_room1_mix0551,55,4,0,-55,-9,3.87
fold2_room1_mix0551,55,4,0,-15,-3,6.67
fold2_room1_mix0551,55,5,0,29,2,17.72
fold2_room1_mix0551,56,1,0,43,-4,13.73
fold2_room1_mix0551,56,4,0,-177,1,15.20
fold2_room1_mix0551,56,4,0,-59,-12,3.74
fold2_room1_mix0551,56,4,0,-9,-3,7.57
fold2_room1_mix0551,56,5,0,33,3,19.31
fold2_room1_mix0551,57,1,0,62,-4,10.43
fold2_room1_mix0551,57,4,0,-174,0,12.19
fold2_room1_mix0551,57,4,0,-19,-5,5.00
fold2_room1_mix0551,57,5,0,30,3,17.08
fold2_room1_mix0551,58,1,0,53,-4,9.96
fold2_room1_mix0551,58,4,0,-170,1,13.69
fold2_room1_mix0551,58,4,0,-35,-6,5.43
fold2_room1_mix0551,58,4,0,-10,-3,8.63
fold2_room1_mix0551,58,5,0,33,3,18.71
fold2_room1_mix0551,59,4,0,-174,0,10.96
fold2_room1_mix0551,59,4,0,-8,-7,4.75
fold2_room1_mix0551,59,5,0,26,3,16.39
fold2_room1_mix0551,60,4,0,-176,-1,9.76
fold2_room1_mix0551,60,4,0,-3,-8,3.93
fold2_room1_mix0551,60,5,0,27,2,17.60
fold2_room1_mix0551,61,4,0,178,-2,9.07
fold2_room1_mix0551,61,4,0,8,-10,3.72
fold2_room1_mix0551,61,5,0,25,3,16.74
fold2_room1_mix0551,62,4,0,-179,-4,8.35
fold2_room1_mix0551,62,4,0,58,-21,1.81
fold2_room1_mix0551,62,4,0,12,-17,2.62
fold2_room1_mix0551,62,5,0,38,4,16.24
fold2_room1_mix0551,63,4,0,172,-5,5.30
fold2_room1_mix0551,63,4,0,131,-21,1.33
fold2_room1_mix0551,63,4,0,7,-17,2.27
fold2_room1_mix0551,63,5,0,34,4,16.61
fold2_room1_mix0551,64,4,0,179,-4,6.14
fold2_room1_mix0551,64,4,0,137,-14,1.76
fold2_room1_mix0551,64,4,0,3,-12,3.20
fold2_room1_mix0551,64,5,0,32,4,14.96
fold2_room1_mix0551,65,4,0,-178,-5,6.52
fold2_room1_mix0551,65,4,0,156,-13,2.02
fold2_room1_mix0551,65,4,0,3,-10,5.47
fold2_room1_mix0551,65,5,0,28,3,16.25
fold2_room1_mix0551,66,4,0,-175,-5,8.82
fold2_room1_mix0551,66,4,0,156,-15,2.37
fold2_room1_mix0551,66,4,0,-4,-7,8.00
fold2_room1_mix0551,66,5,0,27,3,15.63
fold2_room1_mix0551,67,4,0,176,-8,6.97
fold2_room1_mix0551,67,4,0,154,-16,2.33
fold2_room1_mix0551,67,4,0,-2,-9,6.86
fold2_room1_mix0551,67,5,0,30,4,15.19
fold2_room1_mix0551,68,4,0,175,-11,5.08
fold2_room1_mix0551,68,4,0,145,-22,1.34
fold2_room1_mix0551,68,4,0,-4,-9,8.54
fold2_room1_mix0551,68,5,0,35,3,17.68
fold2_room1_mix0551,69,4,0,175,-9,9.33
fold2_room1_mix0551,69,4,0,127,-28,1.11
fold2_room1_mix0551,69,4,0,-1,-12,7.14
fold2_room1_mix0551,69,5,0,35,4,17.26
fold2_room1_mix0551,70,4,0,164,-16,7.36
fold2_room1_mix0551,70,4,0,112,-34,0.88
fold2_room1_mix0551,70,4,0,0,-15,7.00
fold2_room1_mix0551,70,5,0,45,3,19.52
fold2_room1_mix0551,71,4,0,141,-25,3.28
fold2_room1_mix0551,71,4,0,64,-34,0.86
fold2_room1_mix0551,71,4,0,-2,-8,9.27
fold2_room1_mix0551,71,5,0,41,3,18.27
fold2_room1_mix0551,72,4,0,-174,-9,10.77
fold2_room1_mix0551,72,4,0,38,-25,1.24
fold2_room1_mix0551,72,4,0,5,-10,7.15
fold2_room1_mix0551,72,5,0,36,4,17.18
fold2_room1_mix0551,73,4,0,-177,-6,10.68
fold2_room1_mix0551,73,4,0,28,-20,1.65
fold2_room1_mix0551,73,4,0,6,-11,5.71
fold2_room1_mix0551,73,5,0,30,3,18.75
fold2_room1_mix0551,74,4,0,178,-4,11.61
fold2_room1_mix0551,74,4,0,15,-13,3.55
fold2_room1_mix0551,74,5,0,34,4,18.43
fold2_room1_mix0551,75,4,0,-173,-2,13.49
fold2_room1_mix0551,75,4,0,12,-10,3.90
fold2_room1_mix0551,75,5,0,37,4,18.38
fold2_room1_mix0551,76,4,0,-178,-1,13.83
fold2_room1_mix0551,76,4,0,11,-11,3.41
fold2_room1_mix0551,76,5,0,36,3,15.62
fold2_room1_mix0551,77,4,0,177,-2,12.95
fold2_room1_mix0551,77,4,0,8,-9,4.34
fold2_room1_mix0551,77,5,0,31,3,18.66
fold2_room1_mix0551,78,4,0,-177,0,18.27
fold2_room1_mix0551,78,4,0,8,-8,5.38
fold2_room1_mix0551,78,5,0,34,3,17.98
fold2_room1_mix0551,79,4,0,178,0,17.70
fold2_room1_mix0551,79,4,0,7,-7,5.98
fold2_room1_mix0551,79,5,0,26,3,15.13
fold2_room1_mix0551,80,4,0,178,-1,15.45
fold2_room1_mix0551,80,4,0,7,-7,6.41
fold2_room1_mix0551,80,5,0,31,3,19.19
fold2_room1_mix0551,81,4,0,-178,0,19.11
fold2_room1_mix0551,81,4,0,6,-6,6.91
fold2_room1_mix0551,81,5,0,29,2,17.75
fold2_room1_mix0551,82,4,0,-176,0,19.76
fold2_room1_mix0551,82,4,0,5,-6,7.76
fold2_room1_mix0551,82,5,0,28,2,17.00
fold2_room1_mix0551,83,4,0,-174,0,20.63
fold2_room1_mix0551,83,4,0,5,-6,7.97
fold2_room1_mix0551,83,5,0,27,2,19.40
fold2_room1_mix0551,84,4,0,-172,0,21.78
fold2_room1_mix0551,84,4,0,5,-5,8.24
fold2_room1_mix0551,84,5,0,38,2,21.53
fold2_room1_mix0551,85,4,0,-173,-1,19.51
fold2_room1_mix0551,85,4,0,6,-5,8.93
fold2_room1_mix0551,85,5,0,21,2,18.44
fold2_room1_mix0551,86,4,0,-173,0,20.06
fold2_room1_mix0551,86,4,0,6,-5,9.25
fold2_room1_mix0551,86,5,0,32,2,21.04
fold2_room1_mix0551,87,4,0,-175,-1,19.99
fold2_room1_mix0551,87,4,0,4,-4,11.27
fold2_room1_mix0551,87,5,0,25,2,21.27
fold2_room1_mix0551,88,4,0,-173,-1,19.52
fold2_room1_mix0551,88,4,0,3,-4,12.43
fold2_room1_mix0551,88,5,0,29,2,20.25
fold2_room1_mix0551,89,4,0,-175,0,22.89
fold2_room1_mix0551,89,4,0,3,-3,12.32
fold2_room1_mix0551,89,5,0,28,1,18.97
fold2_room1_mix0551,90,4,0,-177,-1,20.46
fold2_room1_mix0551,90,4,0,3,-3,13.10
fold2_room1_mix0551,90,5,0,25,1,21.90
fold2_room1_mix0551,91,4,0,-174,-1,21.69
fold2_room1_mix0551,91,4,0,3,-3,14.69
fold2_room1_mix0551,91,5,0,29,2,18.47
fold2_room1_mix0551,92,4,0,-175,0,23.43
fold2_room1_mix0551,92,4,0,2,-2,14.85
fold2_room1_mix0551,92,5,0,32,2,19.03
fold2_room1_mix0551,93,4,0,-177,-1,23.88
fold2_room1_mix0551,93,4,0,1,-2,16.01
fold2_room1_mix0551,93,5,0,31,2,18.80
fold2_room1_mix0551,94,4,0,-176,0,26.89
fold2_room1_mix0551,94,4,0,1,-2,16.39
fold2_room1_mix0551,94,5,0,33,2,18.10
fold2_room1_mix0551,95,4,0,-177,0,26.86
fold2_room1_mix0551,95,4,0,2,-2,16.99
fold2_room1_mix0551,95,5,0,29,2,18.12
fold2_room1_mix0551,96,4,0,-176,-1,27.62
fold2_room1_mix0551,96,4,0,2,-2,19.23
fold2_room1_mix0551,96,5,0,28,2,20.43
fold2_room1_mix0551,97,4,0,-173,0,29.08
fold2_room1_mix0551,97,4,0,1,-2,19.62
fold2_room1_mix0551,97,5,0,32,2,19.68
fold2_room1_mix0551,98,4,0,-175,0,29.10
fold2_room1_mix0551,98,4,0,1,-2,20.65
fold2_room1_mix0551,98,5,0,28,2,16.79
fold2_room1_mix0551,99,4,0,-175,0,29.60
fold2_room1_mix0551,99,4,0,2,-2,19.14
fold2_room1_mix0551,99,5,0,29,2,18.07
fold2_room1_mix0552,0,5,0,-17,4,3.74
fold2_room1_mix0552,1,5,0,-18,3,11.41
fold2_room1_mix0552,2,5,0,-22,2,12.92
fold2_room1_mix0552,3,4,0,-178,1,2.36
fold2_room1_mix0552,3,5,0,-22,3,7.87
fold2_room1_mix0552,4,4,0,-178,0,9.07
fold2_room1_mix0552,4,5,0,-14,4,9.57
fold2_room1_mix0552,5,4,0,-176,0,1.67
fold2_room1_mix0552,5,5,0,-16,3,14.65
fold2_room1_mix0552,6,4,0,-178,0,14.67
fold2_room1_mix0552,6,5,0,-22,3,14.33
fold2_room1_mix0552,7,4,0,-177,0,14.37
fold2_room1_mix0552,7,5,0,-20,4,12.59
fold2_room1_mix0552,8,4,0,-179,0,15.97
fold2_room1_mix0552,8,5,0,-18,3,11.56
fold2_room1_mix0552,9,4,0,-178,0,22.57
fold2_room1_mix0552,9,5,0,-21,3,15.18
fold2_room1_mix0552,10,4,0,178,0,17.41
fold2_room1_mix0552,10,5,0,-23,4,10.95
fold2_room1_mix0552,11,4,0,-178,0,26.21
fold2_room1_mix0552,11,5,0,-21,3,10.94
fold2_room1_mix0552,12,4,0,-179,0,23.74
fold2_room1_mix0552,12,5,0,-19,3,14.83
fold2_room1_mix0552,13,4,0,179,0,19.91
fold2_room1_mix0552,13,5,0,-22,4,11.43
fold2_room1_mix0552,14,4,0,-179,0,23.73
fold2_room1_mix0552,14,5,0,-25,4,12.38
fold2_room1_mix0552,15,4,0,179,0,20.85
fold2_room1_mix0552,15,5,0,-24,3,14.72
fold2_room1_mix0552,16,4,0,177,0,20.93
fold2_room1_mix0552,16,5,0,-24,4,10.37
fold2_room1_mix0552,17,4,0,-179,0,21.20
fold2_room1_mix0552,17,5,0,-24,4,12.58
fold2_room1_mix0552,18,4,0,178,0,18.77
fold2_room1_mix0552,18,5,0,-21,3,14.60
fold2_room1_mix0552,19,4,0,179,0,21.95
fold2_room1_mix0552,19,5,0,-23,4,11.26
fold2_room1_mix0552,20,4,0,177,0,22.10
fold2_room1_mix0552,20,5,0,-19,4,11.77
fold2_room1_mix0552,21,4,0,177,0,18.11
fold2_room1_mix0552,21,5,0,-19,4,12.18
fold2_room1_mix0552,22,4,0,177,0,21.36
fold2_room1_mix0552,22,5,0,-21,4,11.95
fold2_room1_mix0552,23,4,0,175,0,17.77
fold2_room1_mix0552,23,5,0,-18,4,12.78
fold2_room1_mix0552,24,4,0,174,0,19.54
fold2_room1_mix0552,24,5,0,-20,5,9.70
fold2_room1_mix0552,25,4,0,174,0,18.41
fold2_room1_mix0552,25,5,0,-22,4,12.64
fold2_room1_mix0552,26,4,0,172,0,19.13
fold2_room1_mix0552,26,5,0,-22,4,12.69
fold2_room1_mix0552,27,4,0,171,0,19.50
fold2_room1_mix0552,27,5,0,-21,4,11.37
fold2_room1_mix0552,28,4,0,169,0,18.44
fold2_room1_mix0552,28,5,0,-21,4,12.75
fold2_room1_mix0552,29,4,0,167,0,17.87
fold2_room1_mix0552,29,5,0,-23,4,11.41
fold2_room1_mix0552,30,4,0,167,-1,17.97
fold2_room1_mix0552,30,5,0,-24,4,11.29
fold2_room1_mix0552,31,4,0,169,-1,17.22
fold2_room1_mix0552,31,5,0,-24,4,11.72
fold2_room1_mix0552,32,4,0,166,-1,16.24
fold2_room1_mix0552,32,5,0,-24,4,10.89
fold2_room1_mix0552,33,4,0,164,-1,14.55
fold2_room1_mix0552,33,5,0,-22,4,11.08
fold2_room1_mix0552,34,4,0,163,-2,14.45
fold2_room1_mix0552,34,5,0,-25,3,11.47
fold2_room1_mix0552,35,4,0,161,-2,13.21
fold2_room1_mix0552,35,5,0,-26,4,9.99
fold2_room1_mix0552,36,4,0,159,-2,11.80
fold2_room1_mix0552,36,5,0,-23,4,10.30
fold2_room1_mix0552,37,4,0,158,-2,11.54
fold2_room1_mix0552,37,5,0,-23,4,11.57
fold2_room1_mix0552,38,4,0,155,-3,10.73
fold2_room1_mix0552,38,5,0,-23,4,11.27
fold2_room1_mix0552,39,4,0,166,-3,9.53
fold2_room1_mix0552,39,4,0,148,-2,9.09
fold2_room1_mix0552,39,5,0,-23,4,10.14
fold2_room1_mix0552,40,4,0,149,-3,9.11
fold2_room1_mix0552,40,5,0,-23,4,10.48
fold2_room1_mix0552,41,4,0,142,-6,6.78
fold2_room1_mix0552,41,5,0,-24,4,10.91
fold2_room1_mix0552,42,4,0,140,-6,6.65
fold2_room1_mix0552,42,5,0,-22,5,9.68
fold2_room1_mix0552,43,4,0,130,-6,6.44
fold2_room1_mix0552,43,5,0,-22,5,9.21
fold2_room1_mix0552,44,4,0,111,-8,4.98
fold2_room1_mix0552,44,5,0,-22,4,11.45
fold2_room1_mix0552,45,4,0,111,-6,7.73
fold2_room1_mix0552,45,4,0,95,-9,4.58
fold2_room1_mix0552,45,5,0,-25,5,8.82
fold2_room1_mix0552,46,4,0,81,-8,4.75
fold2_room1_mix0552,46,5,0,-24,4,9.52
fold2_room1_mix0552,47,4,0,115,-5,9.22
fold2_room1_mix0552,47,4,0,64,-7,4.41
fold2_room1_mix0552,47,5,0,-23,4,9.25
fold2_room1_mix0552,48,4,0,158,-1,12.59
fold2_room1_mix0552,48,4,0,54,-5,5.20
fold2_room1_mix0552,48,5,0,-25,6,5.86
fold2_room1_mix0552,49,4,0,154,-2,11.67
fold2_room1_mix0552,49,4,0,41,-5,5.04
fold2_room1_mix0552,49,5,0,-28,6,6.83
fold2_room1_mix0552,50,4,0,170,-1,13.47
fold2_room1_mix0552,50,4,0,41,-5,5.65
fold2_room1_mix0552,50,5,0,-28,4,8.37
fold2_room1_mix0552,51,4,0,178,-1,13.65
fold2_room1_mix0552,51,4,0,36,-5,6.31
fold2_room1_mix0552,51,5,0,-27,4,7.58
fold2_room1_mix0552,52,4,0,-174,-1,11.87
fold2_room1_mix0552,52,4,0,30,-4,7.44
fold2_room1_mix0552,52,5,0,-29,5,8.05
fold2_room1_mix0552,53,4,0,177,-2,12.38
fold2_room1_mix0552,53,4,0,25,-3,8.93
fold2_room1_mix0552,53,5,0,-27,4,8.77
fold2_room1_mix0552,54,4,0,176,-1,11.94
fold2_room1_mix0552,54,4,0,22,-2,9.83
fold2_room1_mix0552,54,5,0,-27,4,10.10
fold2_room1_mix0552,55,4,0,175,-2,12.32
fold2_room1_mix0552,55,4,0,20,-3,9.95
fold2_room1_mix0552,55,5,0,-26,4,8.86
fold2_room1_mix0552,56,4,0,174,-2,13.16
fold2_room1_mix0552,56,4,0,19,-2,11.58
fold2_room1_mix0552,56,5,0,-24,4,10.36
fold2_room1_mix0552,57,4,0,172,-2,12.05
fold2_room1_mix0552,57,4,0,15,-2,11.99
fold2_room1_mix0552,57,5,0,-27,3,12.25
fold2_room1_mix0552,58,4,0,176,-2,11.93
fold2_room1_mix0552,58,4,0,16,-2,13.02
fold2_room1_mix0552,58,5,0,-27,4,10.59
fold2_room1_mix0552,59,4,0,179,-2,12.40
fold2_room1_mix0552,59,4,0,15,-2,14.32
fold2_room1_mix0552,59,5,0,-27,3,11.16
fold2_room1_mix0552,60,4,0,-178,-3,10.98
fold2_room1_mix0552,60,4,0,16,-2,14.20
fold2_room1_mix0552,60,5,0,-25,3,11.46
fold2_room1_mix0552,61,4,0,-178,-2,11.93
fold2_room1_mix0552,61,4,0,15,-2,14.60
fold2_room1_mix0552,61,5,0,-29,4,10.28
fold2_room1_mix0552,62,4,0,-176,-2,11.07
fold2_room1_mix0552,62,4,0,15,-2,15.11
fold2_room1_mix0552,62,5,0,-30,3,10.96
fold2_room1_mix0552,63,4,0,-176,-2,11.62
fold2_room1_mix0552,63,4,0,13,-2,15.10
fold2_room1_mix0552,63,5,0,-27,3,12.37
fold2_room1_mix0552,64,4,0,-175,-2,11.59
fold2_room1_mix0552,64,4,0,14,-1,16.06
fold2_room1_mix0552,64,5,0,-27,4,10.91
fold2_room1_mix0552,65,4,0,-176,-2,10.42
fold2_room1_mix0552,65,4,0,12,-1,15.59
fold2_room1_mix0552,65,5,0,-26,3,13.00
fold2_room1_mix0552,66,4,0,-172,-3,8.95
fold2_room1_mix0552,66,4,0,12,-1,16.05
fold2_room1_mix0552,66,5,0,-26,3,14.06
fold2_room1_mix0552,67,4,0,-172,-3,9.24
fold2_room1_mix0552,67,4,0,11,-1,16.89
fold2_room1_mix0552,67,5,0,-26,3,12.22
fold2_room1_mix0552,68,4,0,-168,-3,8.70
fold2_room1_mix0552,68,4,0,10,-1,17.69
fold2_room1_mix0552,68,5,0,-25,3,13.46
fold2_room1_mix0552,69,4,0,-165,-4,8.62
fold2_room1_mix0552,69,4,0,9,-1,17.78
fold2_room1_mix0552,69,5,0,-28,3,13.10
fold2_room1_mix0552,70,4,0,-165,-4,7.64
fold2_room1_mix0552,70,4,0,9,0,18.17
fold2_room1_mix0552,70,5,0,-29,3,14.18
fold2_room1_mix0552,71,4,0,-162,-5,6.47
fold2_room1_mix0552,71,4,0,8,0,19.20
fold2_room1_mix0552,71,5,0,-26,3,12.00
fold2_room1_mix0552,72,4,0,-163,-6,6.08
fold2_room1_mix0552,72,4,0,6,0,22.00
fold2_room1_mix0552,72,5,0,-24,3,12.71
fold2_room1_mix0552,73,4,0,-162,-8,5.05
fold2_room1_mix0552,73,4,0,8,1,23.71
fold2_room1_mix0552,73,5,0,-27,3,13.98
fold2_room1_mix0552,74,4,0,-161,-9,4.51
fold2_room1_mix0552,74,4,0,7,0,20.97
fold2_room1_mix0552,74,5,0,-23,3,12.52
fold2_room1_mix0552,75,4,0,-149,-9,4.06
fold2_room1_mix0552,75,4,0,-1,-2,17.16
fold2_room1_mix0552,75,5,0,-23,3,12.09
fold2_room1_mix0552,76,4,0,-149,-11,3.78
fold2_room1_mix0552,76,4,0,-12,-3,14.26
fold2_room1_mix0552,76,5,0,-24,3,12.98
fold2_room1_mix0552,77,4,0,-147,-12,3.31
fold2_room1_mix0552,77,5,0,-28,3,11.96
fold2_room1_mix0552,78,4,0,-138,-17,2.56
fold2_room1_mix0552,78,4,0,-8,-1,14.99
fold2_room1_mix0552,78,5,0,-24,3,13.79
fold2_room1_mix0552,79,4,0,-134,-18,1.83
fold2_room1_mix0552,79,4,0,-17,-5,13.33
fold2_room1_mix0552,79,5,0,-26,3,13.82
fold2_room1_mix0552,80,4,0,-120,-22,1.45
fold2_room1_mix0552,80,4,0,-16,-2,15.84
fold2_room1_mix0552,80,5,0,-25,3,11.43
fold2_room1_mix0552,81,4,0,-100,-25,1.43
fold2_room1_mix0552,81,4,0,-31,-8,11.67
fold2_room1_mix0552,81,5,0,-29,3,12.92
fold2_room1_mix0552,82,4,0,-87,-21,1.55
fold2_room1_mix0552,82,4,0,-39,-6,9.63
fold2_room1_mix0552,82,5,0,-24,3,13.30
fold2_room1_mix0552,83,4,0,-65,-21,1.47
fold2_room1_mix0552,83,4,0,-26,-5,10.91
fold2_room1_mix0552,83,5,0,-27,3,11.06
fold2_room1_mix0552,84,4,0,-54,-16,3.30
fold2_room1_mix0552,84,5,0,-27,3,11.21
fold2_room1_mix0552,85,4,0,-38,-12,3.86
fold2_room1_mix0552,85,5,0,-27,3,11.38
fold2_room1_mix0552,86,4,0,-36,-12,2.94
fold2_room1_mix0552,86,4,0,-19,-6,9.76
fold2_room1_mix0552,86,5,0,-31,3,11.22
fold2_room1_mix0552,87,4,0,-25,-9,4.93
fold2_room1_mix0552,87,5,0,-27,3,9.97
fold2_room1_mix0552,88,4,0,-24,-8,4.73
fold2_room1_mix0552,88,5,0,-27,3,10.10
fold2_room1_mix0552,89,4,0,-22,-8,4.63
fold2_room1_mix0552,89,5,0,-30,3,10.80
fold2_room1_mix0552,90,4,0,-21,-7,4.99
fold2_room1_mix0552,90,5,0,-26,4,9.90
fold2_room1_mix0552,91,4,0,-18,-6,5.96
fold2_room1_mix0552,91,5,0,-26,3,10.60
fold2_room1_mix0552,92,4,0,-17,-6,5.91
fold2_room1_mix0552,92,5,0,-25,3,10.82
fold2_room1_mix0552,93,4,0,-15,-5,5.90
fold2_room1_mix0552,93,5,0,-27,4,9.80
fold2_room1_mix0552,94,4,0,-12,-5,7.30
fold2_room1_mix0552,94,5,0,-28,3,10.74
fold2_room1_mix0552,95,4,0,-13,-5,7.51
fold2_room1_mix0552,95,5,0,-24,3,11.28
fold2_room1_mix0552,96,4,0,-12,-4,8.36
fold2_room1_mix0552,96,5,0,-26,4,10.88
fold2_room1_mix0552,97,4,0,-10,-5,8.33
fold2_room1_mix0552,97,5,0,-23,3,12.08
fold2_room1_mix0552,98,4,0,-10,-4,9.90
fold2_room1_mix0552,98,5,0,-23,3,12.97
fold2_room1_mix0552,99,4,0,-9,-3,9.83
fold2_room1_mix0552,99,5,0,-25,4,11.23
fold2_room1_mix0554,2,4,0,171,3,2.36
fold2_room1_mix0554,2,4,0,0,2,1.98
fold2_room1_mix0554,3,4,0,167,0,12.66
fold2_room1_mix0554,3,4,0,6,0,9.46
fold2_room1_mix0554,4,4,0,168,0,15.03
fold2_room1_mix0554,4,4,0,7,-1,11.60
fold2_room1_mix0554,5,4,0,166,0,18.95
fold2_room1_mix0554,5,4,0,8,-1,11.93
fold2_room1_mix0554,6,4,0,168,0,20.80
fold2_room1_mix0554,6,4,0,9,-1,13.71
fold2_room1_mix0554,7,4,0,168,0,28.53
fold2_room1_mix0554,7,4,0,10,-2,19.25
fold2_room1_mix0554,8,4,0,163,0,28.89
fold2_room1_mix0554,8,4,0,10,-2,18.39
fold2_room1_mix0554,9,4,0,166,0,27.82
fold2_room1_mix0554,9,4,0,8,-2,17.40
fold2_room1_mix0554,10,4,0,147,-1,25.67
fold2_room1_mix0554,10,4,0,11,-2,17.47
fold2_room1_mix0554,11,4,0,166,0,27.65
fold2_room1_mix0554,11,4,0,11,-2,15.32
fold2_room1_mix0554,12,4,0,165,0,27.75
fold2_room1_mix0554,12,4,0,11,-2,15.54
fold2_room1_mix0554,13,4,0,167,0,29.18
fold2_room1_mix0554,13,4,0,10,-2,15.86
fold2_room1_mix0554,14,4,0,167,0,27.38
fold2_room1_mix0554,14,4,0,10,-2,15.33
fold2_room1_mix0554,15,4,0,166,0,27.42
fold2_room1_mix0554,15,4,0,11,-2,15.32
fold2_room1_mix0554,16,4,0,164,0,25.46
fold2_room1_mix0554,16,4,0,12,-2,14.26
fold2_room1_mix0554,17,4,0,167,0,25.75
fold2_room1_mix0554,17,4,0,12,-2,13.76
fold2_room1_mix0554,18,4,0,166,-1,23.72
fold2_room1_mix0554,18,4,0,12,-3,12.38
fold2_room1_mix0554,19,4,0,165,-1,24.45
fold2_room1_mix0554,19,4,0,13,-3,12.68
fold2_room1_mix0554,20,4,0,162,0,24.49
fold2_room1_mix0554,20,4,0,13,-3,11.91
fold2_room1_mix0554,21,4,0,162,0,24.09
fold2_room1_mix0554,21,4,0,14,-3,11.30
fold2_room1_mix0554,22,4,0,161,0,24.50
fold2_room1_mix0554,22,4,0,16,-4,10.56
fold2_room1_mix0554,23,4,0,161,0,22.73
fold2_room1_mix0554,23,4,0,15,-4,9.74
fold2_room1_mix0554,24,4,0,160,-1,22.01
fold2_room1_mix0554,24,4,0,14,-4,9.83
fold2_room1_mix0554,25,4,0,162,0,22.77
fold2_room1_mix0554,25,4,0,16,-4,9.88
fold2_room1_mix0554,26,4,0,157,-1,21.60
fold2_room1_mix0554,26,4,0,17,-5,8.37
fold2_room1_mix0554,27,4,0,157,-1,21.72
fold2_room1_mix0554,27,4,0,18,-4,8.96
fold2_room1_mix0554,28,4,0,159,-1,20.99
fold2_room1_mix0554,28,4,0,19,-4,8.68
fold2_room1_mix0554,29,4,0,155,0,21.12
fold2_room1_mix0554,29,4,0,20,-5,7.50
fold2_room1_mix0554,30,4,0,162,0,22.27
fold2_room1_mix0554,30,4,0,21,-5,7.29
fold2_room1_mix0554,31,4,0,159,0,20.64
fold2_room1_mix0554,31,4,0,21,-5,6.92
fold2_room1_mix0554,32,4,0,149,0,20.84
fold2_room1_mix0554,32,4,0,23,-6,6.57
fold2_room1_mix0554,33,4,0,154,0,22.40
fold2_room1_mix0554,33,4,0,23,-6,6.58
fold2_room1_mix0554,34,4,0,146,0,21.44
fold2_room1_mix0554,34,4,0,24,-6,5.94
fold2_room1_mix0554,35,4,0,146,0,21.24
fold2_room1_mix0554,35,4,0,24,-6,5.59
fold2_room1_mix0554,36,4,0,152,0,22.02
fold2_room1_mix0554,36,4,0,33,-8,4.80
fold2_room1_mix0554,36,4,0,18,-5,6.85
fold2_room1_mix0554,37,4,0,141,0,20.26
fold2_room1_mix0554,37,4,0,28,-7,5.24
fold2_room1_mix0554,38,4,0,136,-1,20.28
fold2_room1_mix0554,38,4,0,34,-8,4.65
fold2_room1_mix0554,39,4,0,148,-1,20.89
fold2_room1_mix0554,39,4,0,49,-8,4.22
fold2_room1_mix0554,39,4,0,26,-6,5.75
fold2_room1_mix0554,40,4,0,137,0,21.63
fold2_room1_mix0554,40,4,0,57,-9,4.15
fold2_room1_mix0554,40,4,0,32,-6,6.22
fold2_room1_mix0554,41,4,0,136,-1,19.73
fold2_room1_mix0554,41,4,0,67,-10,3.68
fold2_room1_mix0554,41,4,0,39,-6,7.03
fold2_room1_mix0554,42,4,0,135,-1,20.78
fold2_room1_mix0554,42,4,0,76,-11,3.74
fold2_room1_mix0554,42,4,0,56,-7,5.59
fold2_room1_mix0554,43,4,0,131,-1,19.21
fold2_room1_mix0554,43,4,0,83,-11,3.66
fold2_room1_mix0554,43,4,0,60,-7,6.83
fold2_room1_mix0554,44,4,0,134,-1,19.96
fold2_room1_mix0554,44,4,0,91,-11,3.77
fold2_room1_mix0554,44,4,0,73,-7,6.32
fold2_room1_mix0554,45,4,0,136,-1,17.95
fold2_room1_mix0554,45,4,0,99,-9,3.86
fold2_room1_mix0554,45,4,0,75,-7,6.88
fold2_room1_mix0554,46,4,0,134,-3,13.29
fold2_room1_mix0554,46,4,0,109,-9,3.80
fold2_room1_mix0554,46,4,0,74,-6,8.19
fold2_room1_mix0554,47,4,0,141,-2,14.59
fold2_room1_mix0554,47,4,0,117,-8,4.02
fold2_room1_mix0554,47,4,0,68,-5,9.48
fold2_room1_mix0554,48,4,0,141,-3,11.78
fold2_room1_mix0554,48,4,0,123,-7,4.04
fold2_room1_mix0554,48,4,0,74,-4,9.64
fold2_room1_mix0554,49,4,0,135,-5,7.00
fold2_room1_mix0554,49,4,0,88,-5,8.92
fold2_room1_mix0554,50,4,0,135,-6,5.42
fold2_room1_mix0554,50,4,0,86,-4,9.55
fold2_room1_mix0554,51,4,0,140,-5,6.53
fold2_room1_mix0554,51,4,0,36,-2,14.64
fold2_room1_mix0554,52,4,0,141,-5,6.24
fold2_room1_mix0554,52,4,0,96,-4,10.50
fold2_room1_mix0554,53,4,0,146,-5,6.29
fold2_room1_mix0554,53,4,0,67,-5,12.16
fold2_room1_mix0554,54,4,0,147,-6,6.05
fold2_room1_mix0554,54,4,0,24,-1,18.47
fold2_room1_mix0554,55,4,0,148,-5,6.48
fold2_room1_mix0554,55,4,0,24,-1,19.70
fold2_room1_mix0554,56,4,0,150,-5,6.55
fold2_room1_mix0554,56,4,0,22,-1,20.55
fold2_room1_mix0554,57,4,0,151,-5,6.49
fold2_room1_mix0554,57,4,0,21,-1,21.98
fold2_room1_mix0554,58,4,0,153,-4,7.11
fold2_room1_mix0554,58,4,0,27,-1,21.47
fold2_room1_mix0554,59,4,0,155,-4,7.25
fold2_room1_mix0554,59,4,0,30,-1,21.07
fold2_room1_mix0554,60,4,0,155,-4,7.64
fold2_room1_mix0554,60,4,0,30,-1,21.15
fold2_room1_mix0554,61,4,0,157,-4,7.95
fold2_room1_mix0554,61,4,0,29,-1,20.97
fold2_room1_mix0554,62,4,0,158,-4,8.08
fold2_room1_mix0554,62,4,0,33,-1,21.65
fold2_room1_mix0554,63,4,0,159,-4,8.45
fold2_room1_mix0554,63,4,0,51,-2,19.78
fold2_room1_mix0554,64,4,0,161,-3,9.43
fold2_room1_mix0554,65,4,0,160,-3,9.40
fold2_room1_mix0554,65,4,0,122,-3,17.42
fold2_room1_mix0554,66,4,0,160,-3,9.92
fold2_room1_mix0554,66,4,0,126,-2,17.81
fold2_room1_mix0554,67,4,0,160,-3,10.08
fold2_room1_mix0554,68,4,0,162,-2,10.42
fold2_room1_mix0554,69,4,0,162,-3,9.93
fold2_room1_mix0554,70,4,0,163,-2,10.69
fold2_room1_mix0554,70,4,0,30,0,26.62
fold2_room1_mix0554,71,4,0,164,-2,11.32
fold2_room1_mix0554,71,4,0,30,0,27.69
fold2_room1_mix0554,72,4,0,165,-2,11.49
fold2_room1_mix0554,72,4,0,22,0,27.59
fold2_room1_mix0554,73,4,0,165,-2,12.08
fold2_room1_mix0554,73,4,0,23,0,28.62
fold2_room1_mix0554,74,4,0,166,-2,11.90
fold2_room1_mix0554,75,4,0,167,-2,11.83
fold2_room1_mix0554,75,4,0,18,0,31.18
fold2_room1_mix0554,76,4,0,168,-2,12.67
fold2_room1_mix0554,76,4,0,15,0,33.22
fold2_room1_mix0554,77,4,0,168,-2,12.90
fold2_room1_mix0554,77,4,0,18,0,34.55
fold2_room1_mix0554,78,4,0,169,-2,13.62
fold2_room1_mix0554,78,4,0,16,0,35.58
fold2_room1_mix0554,79,4,0,169,-2,14.20
fold2_room1_mix0554,79,4,0,20,0,34.51
fold2_room1_mix0554,80,4,0,169,-2,14.51
fold2_room1_mix0554,80,4,0,21,0,34.29
fold2_room1_mix0554,81,4,0,169,-1,15.01
fold2_room1_mix0554,82,4,0,170,-1,15.41
fold2_room1_mix0554,83,4,0,170,-1,15.97
fold2_room1_mix0554,84,4,0,171,-1,16.28
fold2_room1_mix0554,84,4,0,23,0,37.33
fold2_room1_mix0554,85,4,0,168,-1,19.11
fold2_room1_mix0554,86,4,0,171,-1,15.96
fold2_room1_mix0554,86,4,0,24,0,35.08
fold2_room1_mix0554,87,4,0,171,-1,16.94
fold2_room1_mix0554,88,4,0,171,-1,16.56
fold2_room1_mix0554,88,4,0,22,0,36.82
fold2_room1_mix0554,89,4,0,171,-1,17.47
fold2_room1_mix0554,90,4,0,171,-1,18.67
fold2_room1_mix0554,91,4,0,172,-1,18.45
fold2_room1_mix0554,92,4,0,171,0,18.82
fold2_room1_mix0554,93,4,0,171,0,19.54
fold2_room1_mix0554,94,4,0,171,0,18.42
fold2_room1_mix0554,95,4,0,172,0,19.12
fold2_room1_mix0554,96,4,0,171,0,19.80
fold2_room1_mix0554,97,4,0,171,0,19.57
fold2_room1_mix0554,98,4,0,171,-1,19.59
fold2_room1_mix0554,99,4,0,168,-1,23.21
fold2_room1_mix0554,1,4,0,0,0,1.04
fold2_room1_mix0555,30,2,0,83,-7,5.02
fold2_room1_mix0555,31,2,0,83,-9,4.11
fold2_room1_mix0555,32,2,0,87,-9,3.74
fold2_room1_mix0555,33,2,0,85,-9,3.84
fold2_room1_mix0555,34,2,0,90,-9,4.23
fold2_room1_mix0555,36,4,0,176,0,13.60
fold2_room1_mix0555,37,4,0,176,0,15.65
fold2_room1_mix0555,38,4,0,174,0,17.75
fold2_room1_mix0555,39,2,0,95,-6,4.14
fold2_room1_mix0555,39,4,0,177,0,17.18
fold2_room1_mix0555,40,2,0,89,-8,4.11
fold2_room1_mix0555,40,4,0,176,-1,21.92
fold2_room1_mix0555,41,2,0,92,-8,3.91
fold2_room1_mix0555,41,4,0,173,0,21.45
fold2_room1_mix0555,42,2,0,95,-9,4.24
fold2_room1_mix0555,42,4,0,178,-1,22.64
fold2_room1_mix0555,43,2,0,96,-9,4.02
fold2_room1_mix0555,43,4,0,177,-1,21.51
fold2_room1_mix0555,44,2,0,104,-8,3.93
fold2_room1_mix0555,44,4,0,175,0,21.36
fold2_room1_mix0555,45,4,0,178,-1,21.43
fold2_room1_mix0555,46,4,0,-178,-1,20.86
fold2_room1_mix0555,47,4,0,-179,-1,20.10
fold2_room1_mix0555,48,4,0,-176,-1,18.69
fold2_room1_mix0555,49,2,0,115,-6,5.19
fold2_room1_mix0555,49,4,0,179,-1,17.63
fold2_room1_mix0555,50,2,0,114,-7,4.32
fold2_room1_mix0555,50,4,0,-179,-2,16.99
fold2_room1_mix0555,51,2,0,114,-7,4.20
fold2_room1_mix0555,51,4,0,179,-2,15.54
fold2_room1_mix0555,52,2,0,117,-7,4.34
fold2_room1_mix0555,52,4,0,179,-2,15.12
fold2_room1_mix0555,53,2,0,112,-8,3.75
fold2_room1_mix0555,53,4,0,178,-2,14.91
fold2_room1_mix0555,54,2,0,119,-7,4.78
fold2_room1_mix0555,54,4,0,-179,-2,13.60
fold2_room1_mix0555,55,4,0,-176,-2,13.35
fold2_room1_mix0555,56,4,0,-175,-2,12.58
fold2_room1_mix0555,57,4,0,-174,-2,12.11
fold2_room1_mix0555,58,4,0,-173,-3,11.07
fold2_room1_mix0555,59,2,0,127,-6,5.32
fold2_room1_mix0555,59,4,0,-174,-3,9.91
fold2_room1_mix0555,60,2,0,123,-7,4.62
fold2_room1_mix0555,60,4,0,-174,-3,9.57
fold2_room1_mix0555,61,2,0,115,-7,4.63
fold2_room1_mix0555,61,4,0,-172,-2,9.06
fold2_room1_mix0555,62,2,0,123,-7,4.30
fold2_room1_mix0555,62,4,0,-172,-3,8.42
fold2_room1_mix0555,63,2,0,114,-7,2.08
fold2_room1_mix0555,63,4,0,-172,-3,7.82
fold2_room1_mix0555,64,2,0,113,-7,1.42
fold2_room1_mix0555,64,4,0,-170,-4,7.51
fold2_room1_mix0555,65,4,0,-168,-4,6.72
fold2_room1_mix0555,66,4,0,-168,-5,6.17
fold2_room1_mix0555,67,4,0,-165,-6,4.87
fold2_room1_mix0555,68,4,0,-163,-6,4.72
fold2_room1_mix0555,69,2,0,112,-5,5.82
fold2_room1_mix0555,69,4,0,-159,-7,3.69
fold2_room1_mix0555,70,2,0,124,-6,6.11
fold2_room1_mix0555,70,4,0,-156,-8,3.05
fold2_room1_mix0555,71,2,0,120,-6,6.12
fold2_room1_mix0555,71,4,0,-141,-9,2.39
fold2_room1_mix0555,72,2,0,122,-6,5.84
fold2_room1_mix0555,72,4,0,-105,-12,1.98
fold2_room1_mix0555,73,2,0,124,-6,6.14
fold2_room1_mix0555,73,4,0,-54,-9,1.88
fold2_room1_mix0555,74,2,0,125,-6,5.99
fold2_room1_mix0555,74,4,0,-35,-7,2.17
fold2_room1_mix0555,75,4,0,-29,-7,2.80
fold2_room1_mix0555,76,4,0,-22,-6,3.40
fold2_room1_mix0555,77,4,0,-18,-5,4.01
fold2_room1_mix0555,78,4,0,-13,-4,4.89
fold2_room1_mix0555,79,4,0,-9,-3,5.51
fold2_room1_mix0555,80,4,0,-8,-3,6.37
fold2_room1_mix0555,81,4,0,-7,-3,7.03
fold2_room1_mix0555,82,4,0,-6,-3,7.48
fold2_room1_mix0555,83,4,0,-6,-3,8.08
fold2_room1_mix0555,84,4,0,-5,-2,8.63
fold2_room1_mix0555,85,4,0,-3,-2,9.66
fold2_room1_mix0555,86,4,0,-3,-2,10.23
fold2_room1_mix0555,87,4,0,-3,-2,10.22
fold2_room1_mix0555,88,4,0,-4,-2,11.17
fold2_room1_mix0555,89,4,0,-4,-2,11.37
fold2_room1_mix0555,90,4,0,-3,-2,11.85
fold2_room1_mix0555,91,4,0,-3,-2,12.66
fold2_room1_mix0555,92,4,0,-2,-1,13.20
fold2_room1_mix0555,93,4,0,-2,-2,13.84
fold2_room1_mix0555,94,4,0,-3,-1,14.36
fold2_room1_mix0555,95,4,0,-3,-1,14.85
fold2_room1_mix0555,96,4,0,-2,-1,14.69
fold2_room1_mix0555,97,4,0,-3,-1,16.48
fold2_room1_mix0555,98,4,0,-4,-1,15.84
fold2_room1_mix0555,99,4,0,-4,-1,16.02
fold2_room1_mix0556,13,4,0,-177,-1,9.02
fold2_room1_mix0556,14,4,0,-178,-1,14.42
fold2_room1_mix0556,15,4,0,-179,-1,13.80
fold2_room1_mix0556,16,4,0,-172,-1,13.09
fold2_room1_mix0556,17,4,0,-173,-2,15.12
fold2_room1_mix0556,18,4,0,-170,-1,14.42
fold2_room1_mix0556,19,4,0,-172,-1,15.42
fold2_room1_mix0556,20,4,0,-172,-2,14.01
fold2_room1_mix0556,21,4,0,-174,-2,14.23
fold2_room1_mix0556,22,4,0,-173,-2,13.33
fold2_room1_mix0556,23,4,0,-170,-2,12.74
fold2_room1_mix0556,24,4,0,-169,-2,12.64
fold2_room1_mix0556,25,4,0,-167,-2,12.57
fold2_room1_mix0556,26,4,0,-168,-2,11.15
fold2_room1_mix0556,27,4,0,-166,-2,10.77
fold2_room1_mix0556,28,4,0,-166,-2,10.63
fold2_room1_mix0556,29,4,0,-164,-2,9.92
fold2_room1_mix0556,30,4,0,-164,-3,9.57
fold2_room1_mix0556,31,4,0,-163,-3,9.14
fold2_room1_mix0556,32,4,0,-162,-3,8.49
fold2_room1_mix0556,33,4,0,-161,-3,8.01
fold2_room1_mix0556,34,4,0,-162,-4,7.64
fold2_room1_mix0556,35,4,0,-158,-4,7.16
fold2_room1_mix0556,36,1,0,-9,-2,18.59
fold2_room1_mix0556,36,4,0,-159,-4,6.96
fold2_room1_mix0556,37,4,0,-161,-3,7.59
fold2_room1_mix0556,38,1,0,-14,-3,28.41
fold2_room1_mix0556,38,4,0,-159,-4,8.20
fold2_room1_mix0556,39,1,0,-20,-3,18.10
fold2_room1_mix0556,39,4,0,-159,-5,8.70
fold2_room1_mix0556,40,1,0,-23,-3,17.70
fold2_room1_mix0556,40,4,0,-155,-5,7.05
fold2_room1_mix0556,41,1,0,-32,-3,14.02
fold2_room1_mix0556,41,4,0,-156,-4,8.54
fold2_room1_mix0556,42,4,0,-153,-6,5.75
fold2_room1_mix0556,43,1,0,-23,-3,15.49
fold2_room1_mix0556,43,4,0,-139,-8,5.16
fold2_room1_mix0556,44,1,0,-28,-3,11.18
fold2_room1_mix0556,44,4,0,-148,-7,5.93
fold2_room1_mix0556,44,4,0,-128,-10,7.51
fold2_room1_mix0556,45,1,0,-31,-3,10.85
fold2_room1_mix0556,45,4,0,-148,-6,6.72
fold2_room1_mix0556,45,4,0,-128,-10,5.25
fold2_room1_mix0556,46,4,0,-123,-10,5.11
fold2_room1_mix0556,47,1,0,-30,-4,9.86
fold2_room1_mix0556,47,4,0,-120,-10,4.82
fold2_room1_mix0556,48,1,0,-44,-4,7.98
fold2_room1_mix0556,48,4,0,-109,-10,3.89
fold2_room1_mix0556,49,1,0,-47,-3,8.08
fold2_room1_mix0556,49,4,0,-114,-10,4.84
fold2_room1_mix0556,50,1,0,-54,-5,6.69
fold2_room1_mix0556,50,4,0,-131,-6,10.28
fold2_room1_mix0556,50,4,0,-101,-12,4.99
fold2_room1_mix0556,50,4,0,-72,-10,5.30
fold2_room1_mix0556,51,4,0,-58,-10,3.86
fold2_room1_mix0556,52,1,0,-80,-5,5.24
fold2_room1_mix0556,52,4,0,-59,-10,4.97
fold2_room1_mix0556,53,1,0,-96,-6,5.35
fold2_room1_mix0556,53,4,0,-55,-11,5.49
fold2_room1_mix0556,54,1,0,-118,-5,5.94
fold2_room1_mix0556,54,4,0,-50,-10,5.48
fold2_room1_mix0556,55,1,0,-108,-5,6.43
fold2_room1_mix0556,55,4,0,-36,-9,6.10
fold2_room1_mix0556,56,4,0,-22,-7,5.11
fold2_room1_mix0556,57,1,0,-138,-4,8.00
fold2_room1_mix0556,57,4,0,-32,-8,5.82
fold2_room1_mix0556,58,1,0,-147,-4,8.47
fold2_room1_mix0556,58,4,0,-31,-6,5.74
fold2_room1_mix0556,59,1,0,-147,-4,9.69
fold2_room1_mix0556,59,4,0,-25,-6,6.42
fold2_room1_mix0556,60,1,0,-139,-5,6.64
fold2_room1_mix0556,60,4,0,-21,-5,6.90
fold2_room1_mix0556,61,1,0,-130,-5,7.10
fold2_room1_mix0556,61,4,0,-17,-4,7.84
fold2_room1_mix0556,62,1,0,-155,-3,11.72
fold2_room1_mix0556,62,4,0,-18,-4,7.49
fold2_room1_mix0556,63,1,0,-157,-3,12.66
fold2_room1_mix0556,63,4,0,-21,-5,6.87
fold2_room1_mix0556,64,1,0,-158,-3,11.27
fold2_room1_mix0556,64,4,0,-23,-5,8.12
fold2_room1_mix0556,65,1,0,-157,-3,2.25
fold2_room1_mix0556,65,4,0,-12,-4,9.88
fold2_room1_mix0556,66,1,0,-158,-3,11.36
fold2_room1_mix0556,66,4,0,-18,-5,6.70
fold2_room1_mix0556,67,1,0,-161,-3,16.86
fold2_room1_mix0556,67,4,0,-13,-4,9.08
fold2_room1_mix0556,68,1,0,-161,-3,17.70
fold2_room1_mix0556,68,4,0,-16,-5,8.24
fold2_room1_mix0556,69,1,0,-164,-3,19.82
fold2_room1_mix0556,69,4,0,-30,-8,7.41
fold2_room1_mix0556,69,4,0,-15,-3,9.02
fold2_room1_mix0556,70,1,0,-166,-2,2.09
fold2_room1_mix0556,70,4,0,-14,-3,9.80
fold2_room1_mix0556,71,1,0,-166,-3,16.56
fold2_room1_mix0556,71,4,0,-19,-3,5.22
fold2_room1_mix0556,72,1,0,-165,-3,23.43
fold2_room1_mix0556,72,4,0,-11,-1,6.33
fold2_room1_mix0556,73,1,0,-165,-2,21.37
fold2_room1_mix0556,73,4,0,-21,-4,9.51
fold2_room1_mix0556,74,1,0,-168,-2,14.23
fold2_room1_mix0556,74,4,0,-15,0,5.66
fold2_room1_mix0556,76,1,0,-167,-3,22.59
fold2_room1_mix0556,76,4,0,-171,-2,5.97
fold2_room1_mix0556,76,4,0,-9,-1,7.33
fold2_room1_mix0556,77,1,0,-169,-3,28.05
fold2_room1_mix0556,77,4,0,-164,-3,6.96
fold2_room1_mix0556,77,4,0,-11,-2,11.04
fold2_room1_mix0556,78,1,0,-168,-2,28.77
fold2_room1_mix0556,78,4,0,-170,-4,9.81
fold2_room1_mix0556,78,4,0,-10,-2,14.37
fold2_room1_mix0556,79,1,0,-173,-2,17.57
fold2_room1_mix0556,79,4,0,-164,-3,7.03
fold2_room1_mix0556,79,4,0,-15,-1,13.75
fold2_room1_mix0556,80,1,0,-175,-2,1.98
fold2_room1_mix0556,80,4,0,-174,-4,6.41
fold2_room1_mix0556,81,1,0,-167,-2,25.56
fold2_room1_mix0556,81,4,0,-170,-6,8.00
fold2_room1_mix0556,81,4,0,-9,-3,17.73
fold2_room1_mix0556,82,1,0,-173,-3,21.16
fold2_room1_mix0556,82,4,0,-170,-5,5.30
fold2_room1_mix0556,83,1,0,-173,-2,17.04
fold2_room1_mix0556,83,4,0,-174,-6,5.02
fold2_room1_mix0556,84,4,0,160,-14,3.05
fold2_room1_mix0556,85,4,0,144,-28,1.75
fold2_room1_mix0556,86,4,0,112,-44,0.99
fold2_room1_mix0556,87,4,0,49,-34,1.18
fold2_room1_mix0556,87,4,0,27,-16,4.71
fold2_room1_mix0556,88,4,0,20,-18,2.88
fold2_room1_mix0556,89,4,0,11,-10,4.92
fold2_room1_mix0556,90,4,0,13,-10,4.14
fold2_room1_mix0556,91,4,0,6,-7,5.65
fold2_room1_mix0556,92,4,0,6,-5,5.75
fold2_room1_mix0556,93,4,0,3,-5,7.16
fold2_room1_mix0556,94,4,0,3,-4,7.82
fold2_room1_mix0556,95,4,0,2,-3,8.83
fold2_room1_mix0556,96,4,0,1,-3,10.04
fold2_room1_mix0556,97,4,0,2,-2,9.69
fold2_room1_mix0556,98,4,0,3,-2,10.09
fold2_room1_mix0556,99,4,0,1,-2,4.12
fold2_room1_mix0557,0,5,0,-142,3,4.74
fold2_room1_mix0557,1,5,0,-132,3,13.59
fold2_room1_mix0557,2,4,0,21,1,4.05
fold2_room1_mix0557,2,5,0,-132,3,12.62
fold2_room1_mix0557,3,4,0,21,0,6.31
fold2_room1_mix0557,3,5,0,-120,3,9.00
fold2_room1_mix0557,4,4,0,24,0,17.78
fold2_room1_mix0557,4,5,0,-131,4,8.37
fold2_room1_mix0557,5,4,0,29,-1,17.10
fold2_room1_mix0557,5,5,0,-129,4,10.38
fold2_room1_mix0557,6,4,0,26,0,18.48
fold2_room1_mix0557,6,5,0,-128,3,15.01
fold2_room1_mix0557,7,4,0,26,-1,28.67
fold2_room1_mix0557,7,5,0,-126,4,11.65
fold2_room1_mix0557,8,4,0,28,-1,29.43
fold2_room1_mix0557,8,5,0,-129,4,9.71
fold2_room1_mix0557,9,4,0,26,-1,27.93
fold2_room1_mix0557,9,5,0,-118,4,13.73
fold2_room1_mix0557,10,4,0,28,-1,25.40
fold2_room1_mix0557,10,5,0,-127,4,12.37
fold2_room1_mix0557,11,4,0,28,-1,24.76
fold2_room1_mix0557,11,5,0,-130,4,12.86
fold2_room1_mix0557,12,4,0,28,-2,25.16
fold2_room1_mix0557,12,5,0,-124,4,11.91
fold2_room1_mix0557,13,4,0,26,-2,25.60
fold2_room1_mix0557,13,5,0,-123,4,12.86
fold2_room1_mix0557,14,4,0,32,-1,24.66
fold2_room1_mix0557,14,5,0,-129,4,12.55
fold2_room1_mix0557,15,4,0,29,-1,25.52
fold2_room1_mix0557,15,5,0,-124,4,12.86
fold2_room1_mix0557,16,4,0,25,-1,25.08
fold2_room1_mix0557,16,5,0,-128,4,12.60
fold2_room1_mix0557,17,4,0,31,-1,23.12
fold2_room1_mix0557,17,5,0,-125,4,11.43
fold2_room1_mix0557,18,4,0,32,-1,22.22
fold2_room1_mix0557,18,5,0,-125,4,11.38
fold2_room1_mix0557,19,4,0,31,-1,21.87
fold2_room1_mix0557,19,5,0,-123,4,13.10
fold2_room1_mix0557,20,4,0,29,-1,22.65
fold2_room1_mix0557,20,5,0,-124,4,10.21
fold2_room1_mix0557,21,4,0,42,-2,17.49
fold2_room1_mix0557,21,4,0,22,0,26.20
fold2_room1_mix0557,21,5,0,-127,4,10.82
fold2_room1_mix0557,22,4,0,43,-2,17.44
fold2_room1_mix0557,22,4,0,23,0,25.21
fold2_room1_mix0557,22,5,0,-122,4,13.20
fold2_room1_mix0557,23,4,0,43,-2,16.96
fold2_room1_mix0557,23,4,0,25,0,24.39
fold2_room1_mix0557,23,5,0,-121,4,11.10
fold2_room1_mix0557,24,4,0,42,-2,18.71
fold2_room1_mix0557,24,5,0,-127,4,10.87
fold2_room1_mix0557,25,4,0,42,-2,18.33
fold2_room1_mix0557,25,5,0,-125,4,11.92
fold2_room1_mix0557,26,4,0,43,-2,17.30
fold2_room1_mix0557,26,5,0,-128,4,11.38
fold2_room1_mix0557,27,4,0,45,-2,17.65
fold2_room1_mix0557,27,5,0,-124,4,11.76
fold2_room1_mix0557,28,4,0,45,-2,18.08
fold2_room1_mix0557,28,5,0,-120,4,11.91
fold2_room1_mix0557,29,4,0,50,-2,16.54
fold2_room1_mix0557,29,5,0,-127,3,12.22
fold2_room1_mix0557,30,4,0,54,-3,14.78
fold2_room1_mix0557,30,4,0,30,0,23.15
fold2_room1_mix0557,30,5,0,-132,4,11.75
fold2_room1_mix0557,31,4,0,55,-3,14.22
fold2_room1_mix0557,31,4,0,33,-1,20.47
fold2_room1_mix0557,31,5,0,-124,4,12.26
fold2_room1_mix0557,32,4,0,59,-4,13.60
fold2_room1_mix0557,32,4,0,19,0,23.75
fold2_room1_mix0557,32,5,0,-128,3,12.44
fold2_room1_mix0557,33,4,0,61,-3,13.62
fold2_room1_mix0557,33,4,0,32,0,23.11
fold2_room1_mix0557,33,5,0,-129,4,11.25
fold2_room1_mix0557,34,4,0,63,-3,13.29
fold2_room1_mix0557,34,4,0,27,0,22.58
fold2_room1_mix0557,34,5,0,-126,4,11.49
fold2_room1_mix0557,35,4,0,61,-4,12.83
fold2_room1_mix0557,35,4,0,15,0,23.85
fold2_room1_mix0557,35,5,0,-128,3,12.75
fold2_room1_mix0557,36,4,0,72,-4,13.53
fold2_room1_mix0557,36,4,0,50,-3,13.72
fold2_room1_mix0557,36,4,0,8,0,22.52
fold2_room1_mix0557,36,5,0,-131,4,11.71
fold2_room1_mix0557,37,4,0,66,-3,13.16
fold2_room1_mix0557,37,4,0,7,0,24.61
fold2_room1_mix0557,37,5,0,-128,4,11.18
fold2_room1_mix0557,38,4,0,70,-5,12.57
fold2_room1_mix0557,38,4,0,53,-4,13.72
fold2_room1_mix0557,38,4,0,14,0,24.61
fold2_room1_mix0557,38,5,0,-126,4,13.03
fold2_room1_mix0557,39,4,0,78,-4,13.09
fold2_room1_mix0557,39,4,0,58,-3,13.77
fold2_room1_mix0557,39,4,0,2,0,23.95
fold2_room1_mix0557,39,5,0,-129,4,11.23
fold2_room1_mix0557,40,4,0,70,-4,13.28
fold2_room1_mix0557,40,4,0,4,0,25.19
fold2_room1_mix0557,40,5,0,-131,3,12.31
fold2_room1_mix0557,41,4,0,84,-4,13.47
fold2_room1_mix0557,41,4,0,65,-3,12.88
fold2_room1_mix0557,41,4,0,2,0,23.75
fold2_room1_mix0557,41,5,0,-130,4,12.96
fold2_room1_mix0557,42,4,0,82,-5,12.07
fold2_room1_mix0557,42,4,0,30,-2,16.44
fold2_room1_mix0557,42,4,0,4,0,21.84
fold2_room1_mix0557,42,5,0,-130,4,12.52
fold2_room1_mix0557,43,4,0,81,-4,12.95
fold2_room1_mix0557,43,4,0,61,-3,14.62
fold2_room1_mix0557,43,4,0,2,0,24.13
fold2_room1_mix0557,43,5,0,-129,4,13.14
fold2_room1_mix0557,44,4,0,87,-4,14.00
fold2_room1_mix0557,44,4,0,41,-3,14.43
fold2_room1_mix0557,44,4,0,0,0,21.34
fold2_room1_mix0557,44,5,0,-132,4,13.15
fold2_room1_mix0557,45,4,0,100,-3,14.72
fold2_room1_mix0557,45,4,0,66,-3,14.09
fold2_room1_mix0557,45,4,0,-4,0,22.42
fold2_room1_mix0557,45,5,0,-131,3,13.21
fold2_room1_mix0557,46,4,0,98,-4,13.19
fold2_room1_mix0557,46,4,0,8,-2,16.90
fold2_room1_mix0557,46,5,0,-132,3,13.22
fold2_room1_mix0557,47,4,0,116,-3,14.98
fold2_room1_mix0557,47,4,0,61,-3,12.62
fold2_room1_mix0557,47,4,0,-5,-1,18.49
fold2_room1_mix0557,47,5,0,-131,3,13.83
fold2_room1_mix0557,48,4,0,98,-3,12.91
fold2_room1_mix0557,48,4,0,3,-3,14.71
fold2_room1_mix0557,48,5,0,-133,3,13.91
fold2_room1_mix0557,49,4,0,112,-3,13.88
fold2_room1_mix0557,49,4,0,2,-3,14.66
fold2_room1_mix0557,49,5,0,-135,3,13.62
fold2_room1_mix0557,50,4,0,115,-3,13.68
fold2_room1_mix0557,50,4,0,5,-3,13.82
fold2_room1_mix0557,50,5,0,-131,3,12.82
fold2_room1_mix0557,51,4,0,120,-2,14.49
fold2_room1_mix0557,51,4,0,4,-4,12.42
fold2_room1_mix0557,51,5,0,-133,3,14.43
fold2_room1_mix0557,52,4,0,118,-2,16.12
fold2_room1_mix0557,52,4,0,6,-3,12.52
fold2_room1_mix0557,52,5,0,-136,3,13.46
fold2_room1_mix0557,53,4,0,121,-2,15.98
fold2_room1_mix0557,53,4,0,8,-4,12.68
fold2_room1_mix0557,53,5,0,-129,3,13.06
fold2_room1_mix0557,54,4,0,126,-2,15.54
fold2_room1_mix0557,54,4,0,5,-4,11.66
fold2_room1_mix0557,54,5,0,-132,3,14.27
fold2_room1_mix0557,55,4,0,128,-2,16.02
fold2_room1_mix0557,55,4,0,7,-4,10.59
fold2_room1_mix0557,55,5,0,-133,3,12.89
fold2_room1_mix0557,56,4,0,130,-1,17.64
fold2_room1_mix0557,56,4,0,7,-5,10.52
fold2_room1_mix0557,56,5,0,-132,3,13.58
fold2_room1_mix0557,57,4,0,131,-1,16.89
fold2_room1_mix0557,57,4,0,6,-5,8.99
fold2_room1_mix0557,57,5,0,-132,3,14.69
fold2_room1_mix0557,58,4,0,130,-1,16.86
fold2_room1_mix0557,58,4,0,6,-5,8.99
fold2_room1_mix0557,58,5,0,-129,3,12.69
fold2_room1_mix0557,59,4,0,131,-1,17.05
fold2_room1_mix0557,59,4,0,10,-6,7.38
fold2_room1_mix0557,59,5,0,-128,3,13.79
fold2_room1_mix0557,60,4,0,134,0,18.04
fold2_room1_mix0557,60,4,0,11,-6,6.78
fold2_room1_mix0557,60,5,0,-134,3,14.28
fold2_room1_mix0557,61,4,0,131,0,18.01
fold2_room1_mix0557,61,4,0,9,-6,6.36
fold2_room1_mix0557,61,5,0,-136,3,14.40
fold2_room1_mix0557,62,4,0,134,0,19.56
fold2_room1_mix0557,62,4,0,14,-8,4.80
fold2_room1_mix0557,62,5,0,-131,3,14.07
fold2_room1_mix0557,63,4,0,131,0,19.00
fold2_room1_mix0557,63,4,0,15,-8,4.55
fold2_room1_mix0557,63,5,0,-125,3,14.80
fold2_room1_mix0557,64,4,0,133,0,21.02
fold2_room1_mix0557,64,4,0,16,-11,3.44
fold2_room1_mix0557,64,5,0,-134,3,14.23
fold2_room1_mix0557,65,4,0,135,1,21.17
fold2_room1_mix0557,65,4,0,26,-10,2.48
fold2_room1_mix0557,65,5,0,-135,3,13.31
fold2_room1_mix0557,66,4,0,134,-1,14.45
fold2_room1_mix0557,66,4,0,45,-10,1.92
fold2_room1_mix0557,66,5,0,-122,4,13.87
fold2_room1_mix0557,67,4,0,146,-2,7.34
fold2_room1_mix0557,67,4,0,130,-10,1.03
fold2_room1_mix0557,67,4,0,99,-5,2.65
fold2_room1_mix0557,67,5,0,-124,5,14.86
fold2_room1_mix0557,68,4,0,155,-3,4.98
fold2_room1_mix0557,68,4,0,133,-2,4.05
fold2_room1_mix0557,68,5,0,-128,5,13.42
fold2_room1_mix0557,69,4,0,161,-5,3.85
fold2_room1_mix0557,69,4,0,140,0,7.84
fold2_room1_mix0557,69,5,0,-126,5,12.82
fold2_room1_mix0557,70,4,0,169,-4,4.26
fold2_room1_mix0557,70,4,0,141,2,10.11
fold2_room1_mix0557,70,5,0,-128,4,12.69
fold2_room1_mix0557,71,4,0,170,-3,5.17
fold2_room1_mix0557,71,4,0,143,2,11.96
fold2_room1_mix0557,71,5,0,-121,5,11.78
fold2_room1_mix0557,72,4,0,172,-3,5.75
fold2_room1_mix0557,72,4,0,150,1,12.29
fold2_room1_mix0557,72,5,0,-121,4,12.28
fold2_room1_mix0557,73,4,0,176,-2,5.91
fold2_room1_mix0557,73,4,0,146,2,15.74
fold2_room1_mix0557,73,5,0,-120,4,11.70
fold2_room1_mix0557,74,4,0,178,-1,6.36
fold2_room1_mix0557,74,4,0,145,2,16.26
fold2_room1_mix0557,74,5,0,-116,5,10.62
fold2_room1_mix0557,75,4,0,177,-2,6.67
fold2_room1_mix0557,75,4,0,148,2,18.74
fold2_room1_mix0557,75,5,0,-121,5,11.17
fold2_room1_mix0557,76,4,0,176,-1,7.75
fold2_room1_mix0557,76,4,0,150,1,17.25
fold2_room1_mix0557,76,5,0,-120,4,11.66
fold2_room1_mix0557,77,4,0,175,-1,9.28
fold2_room1_mix0557,77,4,0,149,1,17.47
fold2_room1_mix0557,77,5,0,-125,4,11.34
fold2_room1_mix0557,78,4,0,174,-1,10.21
fold2_room1_mix0557,78,4,0,151,1,18.14
fold2_room1_mix0557,78,5,0,-132,4,11.02
fold2_room1_mix0557,79,4,0,175,-1,11.36
fold2_room1_mix0557,79,4,0,151,1,19.60
fold2_room1_mix0557,79,5,0,-119,4,12.53
fold2_room1_mix0557,80,4,0,177,-1,11.88
fold2_room1_mix0557,80,4,0,149,1,20.41
fold2_room1_mix0557,80,5,0,-129,5,11.78
fold2_room1_mix0557,81,4,0,176,-1,13.00
fold2_room1_mix0557,81,4,0,149,1,20.90
fold2_room1_mix0557,81,5,0,-126,5,10.73
fold2_room1_mix0557,82,4,0,176,0,14.01
fold2_room1_mix0557,82,4,0,152,0,21.46
fold2_room1_mix0557,82,5,0,-126,4,12.54
fold2_room1_mix0557,83,4,0,174,-1,14.78
fold2_room1_mix0557,83,4,0,153,0,21.37
fold2_room1_mix0557,83,5,0,-126,5,11.78
fold2_room1_mix0557,84,4,0,174,-1,15.46
fold2_room1_mix0557,84,4,0,151,0,23.40
fold2_room1_mix0557,84,5,0,-116,5,10.27
fold2_room1_mix0557,85,4,0,174,0,16.74
fold2_room1_mix0557,85,4,0,151,0,23.25
fold2_room1_mix0557,85,5,0,-114,5,12.07
fold2_room1_mix0557,86,4,0,172,0,17.38
fold2_room1_mix0557,86,4,0,153,0,22.71
fold2_room1_mix0557,86,5,0,-122,5,12.05
fold2_room1_mix0557,87,4,0,175,0,19.04
fold2_room1_mix0557,87,4,0,149,0,24.16
fold2_room1_mix0557,87,5,0,-114,5,11.91
fold2_room1_mix0557,88,4,0,172,0,19.19
fold2_room1_mix0557,88,4,0,151,0,24.75
fold2_room1_mix0557,88,5,0,-118,5,11.40
fold2_room1_mix0557,89,4,0,172,0,19.92
fold2_room1_mix0557,89,4,0,146,0,25.68
fold2_room1_mix0557,89,5,0,-117,4,11.65
fold2_room1_mix0557,90,4,0,173,0,21.45
fold2_room1_mix0557,90,4,0,145,0,24.38
fold2_room1_mix0557,90,5,0,-118,5,11.85
fold2_room1_mix0557,91,4,0,172,0,21.85
fold2_room1_mix0557,91,4,0,148,0,24.17
fold2_room1_mix0557,91,5,0,-116,5,11.64
fold2_room1_mix0557,92,4,0,173,0,22.87
fold2_room1_mix0557,92,4,0,146,0,25.52
fold2_room1_mix0557,92,5,0,-116,4,11.92
fold2_room1_mix0557,93,4,0,173,0,22.32
fold2_room1_mix0557,93,4,0,152,0,24.73
fold2_room1_mix0557,93,5,0,-119,5,11.51
fold2_room1_mix0557,94,4,0,171,0,23.27
fold2_room1_mix0557,94,4,0,151,0,25.86
fold2_room1_mix0557,94,5,0,-119,4,10.77
fold2_room1_mix0557,95,4,0,173,0,23.80
fold2_room1_mix0557,95,4,0,153,0,24.96
fold2_room1_mix0557,95,5,0,-113,4,12.73
fold2_room1_mix0557,96,4,0,167,0,25.21
fold2_room1_mix0557,96,5,0,-116,5,12.17
fold2_room1_mix0557,97,4,0,166,0,25.79
fold2_room1_mix0557,97,5,0,-117,4,12.82
fold2_room1_mix0557,98,4,0,166,0,25.42
fold2_room1_mix0557,98,5,0,-112,4,11.33
fold2_room1_mix0557,99,4,0,169,0,25.81
fold2_room1_mix0557,99,5,0,-116,5,11.63
fold2_room1_mix0558,33,1,0,129,-3,23.60
fold2_room1_mix0558,34,1,0,126,-2,19.83
fold2_room1_mix0558,35,1,0,121,-2,19.49
fold2_room1_mix0558,36,1,0,123,-3,5.46
fold2_room1_mix0558,37,1,0,119,-3,15.90
fold2_room1_mix0558,38,1,0,110,-3,12.48
fold2_room1_mix0558,39,1,0,114,-2,16.26
fold2_room1_mix0558,40,1,0,112,-2,16.07
fold2_room1_mix0558,42,1,0,107,-3,15.37
fold2_room1_mix0558,43,1,0,103,-3,14.12
fold2_room1_mix0558,44,1,0,103,-3,15.79
fold2_room1_mix0558,45,1,0,96,-3,13.57
fold2_room1_mix0558,47,1,0,94,-3,13.98
fold2_room1_mix0558,48,1,0,86,-3,16.14
fold2_room1_mix0558,49,1,0,88,-3,16.26
fold2_room1_mix0558,50,1,0,83,-3,15.34
fold2_room1_mix0558,52,1,0,72,-3,15.58
fold2_room1_mix0558,53,1,0,67,-3,17.90
fold2_room1_mix0558,54,1,0,71,-3,17.69
fold2_room1_mix0558,55,1,0,61,-3,15.98
fold2_room1_mix0558,57,1,0,59,-2,14.08
fold2_room1_mix0558,58,1,0,62,-3,17.41
fold2_room1_mix0558,59,1,0,57,-2,17.00
fold2_room1_mix0558,60,1,0,53,-2,18.60
fold2_room1_mix0558,61,1,0,70,-3,9.23
fold2_room1_mix0558,62,4,0,-68,-4,5.04
fold2_room1_mix0558,63,1,0,46,-2,18.30
fold2_room1_mix0558,63,4,0,-68,-3,2.01
fold2_room1_mix0558,64,1,0,43,-2,20.62
fold2_room1_mix0558,64,4,0,-72,-2,5.37
fold2_room1_mix0558,65,1,0,39,-2,20.06
fold2_room1_mix0558,65,4,0,-68,-4,3.12
fold2_room1_mix0558,66,1,0,42,-2,20.30
fold2_room1_mix0558,66,4,0,-66,-3,5.84
fold2_room1_mix0558,67,4,0,-84,-3,7.72
fold2_room1_mix0558,68,1,0,40,-2,15.32
fold2_room1_mix0558,68,4,0,-82,-3,4.85
fold2_room1_mix0558,69,1,0,32,-2,22.42
fold2_room1_mix0558,69,4,0,-70,-3,1.81
fold2_room1_mix0558,70,1,0,32,-2,14.88
fold2_room1_mix0558,70,4,0,-82,-2,3.09
fold2_room1_mix0558,71,1,0,28,-2,21.13
fold2_room1_mix0558,71,4,0,-77,-1,2.21
fold2_room1_mix0558,72,4,0,-92,-3,5.45
fold2_room1_mix0558,73,1,0,39,-2,12.81
fold2_room1_mix0558,73,4,0,-87,-3,1.68
fold2_room1_mix0558,74,1,0,26,-2,17.26
fold2_room1_mix0558,74,4,0,-85,-3,5.31
fold2_room1_mix0558,75,4,0,-98,-2,8.63
fold2_room1_mix0558,76,4,0,-101,-2,4.02
fold2_room1_mix0558,77,4,0,-102,-2,6.05
fold2_room1_mix0558,78,4,0,-108,-2,9.07
fold2_room1_mix0558,79,4,0,-111,-3,8.46
fold2_room1_mix0558,80,4,0,-110,-3,5.68
fold2_room1_mix0558,81,4,0,-114,-3,9.18
fold2_room1_mix0558,82,4,0,-117,-3,7.89
fold2_room1_mix0558,83,4,0,-117,-3,3.91
fold2_room1_mix0558,84,4,0,-121,-3,11.67
fold2_room1_mix0559,44,4,0,-174,0,4.18
fold2_room1_mix0559,45,4,0,-171,0,3.89
fold2_room1_mix0559,46,4,0,-174,0,2.56
fold2_room1_mix0559,47,4,0,-169,-1,14.50
fold2_room1_mix0559,48,4,0,-168,-1,24.02
fold2_room1_mix0559,49,4,0,-164,-1,22.08
fold2_room1_mix0559,50,4,0,-168,-1,22.60
fold2_room1_mix0559,51,4,0,-162,0,25.15
fold2_room1_mix0559,52,4,0,-166,0,25.64
fold2_room1_mix0559,53,4,0,-162,-1,24.02
fold2_room1_mix0559,54,4,0,-161,-1,22.69
fold2_room1_mix0559,55,4,0,-160,-1,22.12
fold2_room1_mix0559,56,4,0,-157,-1,21.35
fold2_room1_mix0559,57,4,0,-156,-1,20.82
fold2_room1_mix0559,58,4,0,-157,-1,20.29
fold2_room1_mix0559,59,4,0,-156,-1,19.38
fold2_room1_mix0559,60,4,0,-155,-1,17.82
fold2_room1_mix0559,61,4,0,-153,-1,17.44
fold2_room1_mix0559,62,4,0,-151,-1,16.73
fold2_room1_mix0559,63,4,0,-149,-1,16.27
fold2_room1_mix0559,64,4,0,-148,-1,15.42
fold2_room1_mix0559,65,4,0,-148,-1,14.59
fold2_room1_mix0559,66,4,0,-144,-2,13.52
fold2_room1_mix0559,67,4,0,-141,-2,13.18
fold2_room1_mix0559,68,4,0,-138,-2,12.45
fold2_room1_mix0559,69,4,0,-134,-2,11.38
fold2_room1_mix0559,70,4,0,-132,-3,10.84
fold2_room1_mix0559,71,4,0,-127,-3,9.85
fold2_room1_mix0559,72,4,0,-123,-3,9.56
fold2_room1_mix0559,73,4,0,-119,-3,9.54
fold2_room1_mix0559,74,4,0,-112,-4,8.98
fold2_room1_mix0559,75,4,0,-108,-4,8.90
fold2_room1_mix0559,76,4,0,-102,-4,8.80
fold2_room1_mix0559,77,4,0,-96,-4,8.87
fold2_room1_mix0559,78,4,0,-90,-4,8.87
fold2_room1_mix0559,79,4,0,-87,-4,9.06
fold2_room1_mix0559,80,4,0,-79,-4,9.44
fold2_room1_mix0559,81,4,0,-73,-4,9.92
fold2_room1_mix0559,82,4,0,-68,-3,10.44
fold2_room1_mix0559,83,4,0,-63,-3,10.63
fold2_room1_mix0559,84,4,0,-58,-3,11.35
fold2_room1_mix0559,85,4,0,-55,-3,11.69
fold2_room1_mix0559,86,4,0,-50,-3,11.89
fold2_room1_mix0559,87,4,0,-46,-3,12.79
fold2_room1_mix0559,88,4,0,-40,-2,13.60
fold2_room1_mix0559,89,4,0,-38,-2,15.16
fold2_room1_mix0559,90,4,0,-37,-2,15.57
fold2_room1_mix0559,91,4,0,-33,-2,16.41
fold2_room1_mix0559,92,4,0,-31,-2,16.69
fold2_room1_mix0559,93,4,0,-31,-2,17.42
fold2_room1_mix0559,94,4,0,-29,-1,18.10
fold2_room1_mix0559,95,4,0,-27,-1,18.82
fold2_room1_mix0559,96,4,0,-26,-1,19.62
fold2_room1_mix0559,97,4,0,-26,-1,20.40
fold2_room1_mix0559,98,4,0,-24,-1,21.46
fold2_room1_mix0559,99,4,0,-22,-1,23.21
fold2_room1_mix0560,3,4,0,-178,0,4.74
fold2_room1_mix0560,4,4,0,-176,0,15.61
fold2_room1_mix0560,4,4,0,6,0,21.43
fold2_room1_mix0560,5,4,0,-177,0,16.11
fold2_room1_mix0560,5,4,0,3,0,20.42
fold2_room1_mix0560,6,4,0,-177,0,18.81
fold2_room1_mix0560,6,4,0,4,0,24.19
fold2_room1_mix0560,7,4,0,-179,0,27.69
fold2_room1_mix0560,7,4,0,4,0,33.44
fold2_room1_mix0560,8,4,0,-176,0,27.74
fold2_room1_mix0560,8,4,0,5,0,36.88
fold2_room1_mix0560,9,4,0,-179,0,30.67
fold2_room1_mix0560,9,4,0,6,0,40.52
fold2_room1_mix0560,10,4,0,-179,-1,28.88
fold2_room1_mix0560,10,4,0,5,0,42.22
fold2_room1_mix0560,11,4,0,-177,-1,27.27
fold2_room1_mix0560,11,4,0,4,0,41.82
fold2_room1_mix0560,12,4,0,-179,0,27.31
fold2_room1_mix0560,12,4,0,5,0,40.39
fold2_room1_mix0560,13,4,0,-176,-1,22.81
fold2_room1_mix0560,13,4,0,5,0,41.87
fold2_room1_mix0560,14,4,0,-175,0,22.74
fold2_room1_mix0560,14,4,0,5,0,41.86
fold2_room1_mix0560,15,4,0,-175,0,21.85
fold2_room1_mix0560,15,4,0,5,0,39.91
fold2_room1_mix0560,16,4,0,-174,0,21.33
fold2_room1_mix0560,16,4,0,5,0,41.14
fold2_room1_mix0560,17,4,0,-173,0,21.00
fold2_room1_mix0560,17,4,0,4,0,42.88
fold2_room1_mix0560,18,4,0,-176,0,21.12
fold2_room1_mix0560,18,4,0,2,0,40.99
fold2_room1_mix0560,19,4,0,-174,0,19.51
fold2_room1_mix0560,19,4,0,5,0,42.12
fold2_room1_mix0560,20,4,0,-176,0,20.12
fold2_room1_mix0560,20,4,0,1,0,41.91
fold2_room1_mix0560,21,4,0,-176,0,18.98
fold2_room1_mix0560,21,4,0,3,0,40.12
fold2_room1_mix0560,22,4,0,-173,-1,17.69
fold2_room1_mix0560,22,4,0,2,0,44.21
fold2_room1_mix0560,23,4,0,-174,-1,16.36
fold2_room1_mix0560,23,4,0,3,0,41.22
fold2_room1_mix0560,24,4,0,-171,-2,14.85
fold2_room1_mix0560,24,4,0,2,0,42.15
fold2_room1_mix0560,25,4,0,-171,-2,14.26
fold2_room1_mix0560,25,4,0,2,0,41.88
fold2_room1_mix0560,26,4,0,-170,-2,13.74
fold2_room1_mix0560,26,4,0,1,0,43.10
fold2_room1_mix0560,27,4,0,-169,-2,12.76
fold2_room1_mix0560,27,4,0,0,0,38.68
fold2_room1_mix0560,28,4,0,-170,-2,12.87
fold2_room1_mix0560,28,4,0,2,0,43.58
fold2_room1_mix0560,29,4,0,-168,-3,10.78
fold2_room1_mix0560,29,4,0,1,0,36.63
fold2_room1_mix0560,30,4,0,-167,-3,10.66
fold2_room1_mix0560,30,4,0,1,0,40.72
fold2_room1_mix0560,31,4,0,-167,-3,10.26
fold2_room1_mix0560,31,4,0,3,0,36.17
fold2_room1_mix0560,32,4,0,-165,-3,9.49
fold2_room1_mix0560,32,4,0,0,0,35.14
fold2_room1_mix0560,33,4,0,-164,-4,8.79
fold2_room1_mix0560,33,4,0,0,0,35.28
fold2_room1_mix0560,34,4,0,-163,-4,8.34
fold2_room1_mix0560,34,4,0,0,0,33.97
fold2_room1_mix0560,35,4,0,-160,-4,7.26
fold2_room1_mix0560,35,4,0,0,0,34.03
fold2_room1_mix0560,36,4,0,-158,-4,6.83
fold2_room1_mix0560,36,4,0,-1,0,34.45
fold2_room1_mix0560,37,4,0,-154,-5,5.75
fold2_room1_mix0560,37,4,0,-2,0,34.02
fold2_room1_mix0560,38,4,0,-149,-6,4.74
fold2_room1_mix0560,38,4,0,-1,0,34.39
fold2_room1_mix0560,39,4,0,-143,-7,4.06
fold2_room1_mix0560,39,4,0,-2,0,33.91
fold2_room1_mix0560,40,4,0,-135,-7,3.34
fold2_room1_mix0560,40,4,0,-3,1,35.77
fold2_room1_mix0560,41,4,0,-126,-5,4.99
fold2_room1_mix0560,41,4,0,-96,-11,2.20
fold2_room1_mix0560,41,4,0,-1,2,35.37
fold2_room1_mix0560,42,4,0,-90,-8,3.53
fold2_room1_mix0560,42,4,0,-64,-9,2.10
fold2_room1_mix0560,42,4,0,-3,3,31.46
fold2_room1_mix0560,43,4,0,-70,-8,3.75
fold2_room1_mix0560,43,4,0,-37,-5,4.85
fold2_room1_mix0560,43,4,0,-2,2,31.65
fold2_room1_mix0560,44,4,0,-46,-7,3.86
fold2_room1_mix0560,44,4,0,-28,-5,5.50
fold2_room1_mix0560,44,4,0,-2,1,29.96
fold2_room1_mix0560,45,4,0,-26,-5,5.23
fold2_room1_mix0560,45,4,0,0,1,29.69
fold2_room1_mix0560,46,4,0,-21,-5,6.33
fold2_room1_mix0560,46,4,0,-2,1,31.15
fold2_room1_mix0560,47,4,0,-13,-3,14.17
fold2_room1_mix0560,48,4,0,-18,-4,7.03
fold2_room1_mix0560,48,4,0,-1,0,27.25
fold2_room1_mix0560,49,4,0,-10,-2,13.42
fold2_room1_mix0560,50,4,0,-31,-4,11.01
fold2_room1_mix0560,50,4,0,-7,-2,17.16
fold2_room1_mix0560,51,4,0,-8,-2,13.41
fold2_room1_mix0560,52,4,0,-8,-2,13.96
fold2_room1_mix0560,53,4,0,-7,-2,13.27
fold2_room1_mix0560,54,4,0,-6,-2,14.13
fold2_room1_mix0560,55,4,0,-7,-2,13.86
fold2_room1_mix0560,56,4,0,-5,-2,14.21
fold2_room1_mix0560,57,4,0,-4,-2,14.44
fold2_room1_mix0560,58,4,0,-5,-2,14.51
fold2_room1_mix0560,59,4,0,-4,-2,15.02
fold2_room1_mix0560,60,4,0,-5,-2,14.72
fold2_room1_mix0560,61,4,0,-6,-2,14.68
fold2_room1_mix0560,62,4,0,-6,-2,15.83
fold2_room1_mix0560,63,4,0,-7,-2,15.32
fold2_room1_mix0560,64,4,0,-6,-2,15.26
fold2_room1_mix0560,65,4,0,-8,-2,15.26
fold2_room1_mix0560,66,4,0,-19,-5,8.45
fold2_room1_mix0560,66,4,0,-3,0,20.23
fold2_room1_mix0560,67,4,0,-25,-6,5.63
fold2_room1_mix0560,67,4,0,-3,0,23.01
fold2_room1_mix0560,68,4,0,-26,-8,4.37
fold2_room1_mix0560,68,4,0,-4,1,24.24
fold2_room1_mix0560,69,4,0,-32,-10,3.09
fold2_room1_mix0560,69,4,0,-6,1,23.18
fold2_room1_mix0560,70,4,0,-39,-12,2.14
fold2_room1_mix0560,70,4,0,-7,2,24.57
fold2_room1_mix0560,71,4,0,-49,-15,1.71
fold2_room1_mix0560,71,4,0,-9,1,24.60
fold2_room1_mix0560,72,4,0,-67,-21,1.37
fold2_room1_mix0560,72,4,0,-7,1,27.89
fold2_room1_mix0560,73,4,0,-88,-22,1.50
fold2_room1_mix0560,73,4,0,-50,-13,7.52
fold2_room1_mix0560,73,4,0,-9,0,34.60
fold2_room1_mix0560,74,4,0,-112,-17,1.82
fold2_room1_mix0560,74,4,0,-59,-15,7.11
fold2_room1_mix0560,74,4,0,-8,0,33.70
fold2_room1_mix0560,75,4,0,-134,-12,2.57
fold2_room1_mix0560,75,4,0,-116,-16,5.84
fold2_room1_mix0560,75,4,0,-6,0,34.88
fold2_room1_mix0560,76,4,0,-147,-9,2.99
fold2_room1_mix0560,76,4,0,-5,0,26.30
fold2_room1_mix0560,77,4,0,-150,-8,3.51
fold2_room1_mix0560,77,4,0,-1,-1,27.16
fold2_room1_mix0560,78,4,0,-153,-6,5.19
fold2_room1_mix0560,78,4,0,-3,0,26.69
fold2_room1_mix0560,79,4,0,-157,-5,6.36
fold2_room1_mix0560,79,4,0,-4,-1,24.07
fold2_room1_mix0560,80,4,0,-162,-3,8.27
fold2_room1_mix0560,80,4,0,-3,0,23.25
fold2_room1_mix0560,81,4,0,-163,-3,8.84
fold2_room1_mix0560,81,4,0,-3,0,22.87
fold2_room1_mix0560,82,4,0,-165,-3,9.96
fold2_room1_mix0560,82,4,0,-4,-1,22.42
fold2_room1_mix0560,83,4,0,-167,-2,11.86
fold2_room1_mix0560,83,4,0,-2,0,25.02
fold2_room1_mix0560,84,4,0,-168,-2,11.70
fold2_room1_mix0560,84,4,0,-3,0,23.46
fold2_room1_mix0560,85,4,0,-167,-2,13.14
fold2_room1_mix0560,85,4,0,-2,0,24.31
fold2_room1_mix0560,86,4,0,-169,-1,13.75
fold2_room1_mix0560,86,4,0,-2,0,26.39
fold2_room1_mix0560,87,4,0,-169,-1,14.20
fold2_room1_mix0560,87,4,0,-1,0,26.17
fold2_room1_mix0560,88,4,0,-170,-1,15.75
fold2_room1_mix0560,88,4,0,-1,0,27.94
fold2_room1_mix0560,89,4,0,-170,-1,16.41
fold2_room1_mix0560,89,4,0,-2,0,29.42
fold2_room1_mix0560,90,4,0,-171,-1,15.97
fold2_room1_mix0560,90,4,0,-1,0,30.71
fold2_room1_mix0560,91,4,0,-172,-1,17.06
fold2_room1_mix0560,91,4,0,0,0,31.57
fold2_room1_mix0560,92,4,0,-172,-1,18.18
fold2_room1_mix0560,92,4,0,0,0,30.92
fold2_room1_mix0560,93,4,0,-173,0,20.14
fold2_room1_mix0560,93,4,0,0,0,30.95
fold2_room1_mix0560,94,4,0,-173,0,20.95
fold2_room1_mix0560,94,4,0,0,0,31.35
fold2_room1_mix0560,95,4,0,-173,0,25.40
fold2_room1_mix0560,95,4,0,0,0,31.00
fold2_room1_mix0560,96,4,0,-172,0,25.70
fold2_room1_mix0560,96,4,0,0,0,32.60
fold2_room1_mix0560,97,4,0,-174,0,28.68
fold2_room1_mix0560,97,4,0,0,0,34.77
fold2_room1_mix0560,98,4,0,-176,0,31.59
fold2_room1_mix0560,98,4,0,0,0,35.81
fold2_room1_mix0560,99,4,0,-176,0,33.99
fold2_room1_mix0560,99,4,0,0,0,39.43
fold2_room1_mix0561,1,4,0,176,0,1.02
fold2_room1_mix0561,3,4,0,178,2,2.54
fold2_room1_mix0561,3,4,0,3,2,2.39
fold2_room1_mix0561,4,4,0,-177,0,18.63
fold2_room1_mix0561,4,4,0,6,0,16.83
fold2_room1_mix0561,5,4,0,-178,0,17.07
fold2_room1_mix0561,5,4,0,8,0,15.73
fold2_room1_mix0561,6,4,0,-176,0,20.18
fold2_room1_mix0561,6,4,0,8,0,18.96
fold2_room1_mix0561,7,4,0,-178,0,38.80
fold2_room1_mix0561,7,4,0,7,-1,31.47
fold2_room1_mix0561,8,4,0,-177,0,36.11
fold2_room1_mix0561,8,4,0,6,-1,30.17
fold2_room1_mix0561,9,4,0,-177,0,37.11
fold2_room1_mix0561,9,4,0,8,-1,30.24
fold2_room1_mix0561,10,4,0,-178,0,32.94
fold2_room1_mix0561,10,4,0,6,-1,27.37
fold2_room1_mix0561,11,4,0,-179,0,38.37
fold2_room1_mix0561,11,4,0,7,-1,29.46
fold2_room1_mix0561,12,4,0,-178,0,37.00
fold2_room1_mix0561,12,4,0,7,-1,28.75
fold2_room1_mix0561,13,4,0,179,0,34.97
fold2_room1_mix0561,13,4,0,6,-1,28.60
fold2_room1_mix0561,14,4,0,-179,0,36.94
fold2_room1_mix0561,14,4,0,8,-1,29.68
fold2_room1_mix0561,15,4,0,179,0,35.25
fold2_room1_mix0561,15,4,0,11,-1,27.76
fold2_room1_mix0561,16,4,0,-178,-1,30.27
fold2_room1_mix0561,16,4,0,11,-2,24.50
fold2_room1_mix0561,17,4,0,-179,-1,32.98
fold2_room1_mix0561,17,4,0,11,-1,25.82
fold2_room1_mix0561,18,4,0,-179,0,31.81
fold2_room1_mix0561,18,4,0,11,-1,23.60
fold2_room1_mix0561,19,4,0,179,-1,30.68
fold2_room1_mix0561,19,4,0,9,-2,24.03
fold2_room1_mix0561,20,4,0,-178,-1,28.05
fold2_room1_mix0561,20,4,0,10,-2,21.91
fold2_room1_mix0561,21,4,0,-179,-1,26.09
fold2_room1_mix0561,21,4,0,10,-2,20.84
fold2_room1_mix0561,22,4,0,-176,-1,23.88
fold2_room1_mix0561,22,4,0,8,-2,19.20
fold2_room1_mix0561,23,4,0,-177,-1,23.14
fold2_room1_mix0561,23,4,0,7,-2,18.90
fold2_room1_mix0561,24,4,0,-176,-2,21.39
fold2_room1_mix0561,24,4,0,10,-2,18.82
fold2_room1_mix0561,25,4,0,-177,-2,20.78
fold2_room1_mix0561,25,4,0,8,-2,19.42
fold2_room1_mix0561,26,4,0,-177,-2,19.07
fold2_room1_mix0561,26,4,0,8,-2,18.43
fold2_room1_mix0561,27,4,0,-174,-3,17.65
fold2_room1_mix0561,27,4,0,11,-3,17.13
fold2_room1_mix0561,28,4,0,-172,-2,15.99
fold2_room1_mix0561,28,4,0,12,-3,16.27
fold2_room1_mix0561,29,4,0,-173,-3,13.67
fold2_room1_mix0561,29,4,0,12,-3,14.73
fold2_room1_mix0561,30,4,0,-169,-3,13.22
fold2_room1_mix0561,30,4,0,16,-3,14.56
fold2_room1_mix0561,31,4,0,-168,-3,13.09
fold2_room1_mix0561,31,4,0,15,-2,17.42
fold2_room1_mix0561,32,4,0,-168,-3,12.70
fold2_room1_mix0561,32,4,0,16,-2,16.02
fold2_room1_mix0561,33,4,0,-167,-3,11.75
fold2_room1_mix0561,33,4,0,17,-2,14.57
fold2_room1_mix0561,34,1,0,52,-3,9.73
fold2_room1_mix0561,34,4,0,-165,-3,9.30
fold2_room1_mix0561,34,4,0,21,-1,14.04
fold2_room1_mix0561,35,1,0,70,-3,16.58
fold2_room1_mix0561,35,4,0,-166,-3,10.19
fold2_room1_mix0561,35,4,0,17,-4,11.18
fold2_room1_mix0561,36,1,0,95,-3,9.19
fold2_room1_mix0561,36,4,0,-166,-2,9.37
fold2_room1_mix0561,36,4,0,21,-2,10.71
fold2_room1_mix0561,37,1,0,73,-3,19.93
fold2_room1_mix0561,37,4,0,-163,-3,9.66
fold2_room1_mix0561,37,4,0,16,-4,11.33
fold2_room1_mix0561,38,1,0,66,-4,17.60
fold2_room1_mix0561,38,4,0,-169,-3,10.13
fold2_room1_mix0561,38,4,0,14,-3,12.74
fold2_room1_mix0561,39,1,0,68,-3,16.19
fold2_room1_mix0561,39,4,0,-159,-4,8.48
fold2_room1_mix0561,39,4,0,19,-4,9.69
fold2_room1_mix0561,40,1,0,68,-3,16.92
fold2_room1_mix0561,40,4,0,-165,-2,10.78
fold2_room1_mix0561,40,4,0,13,-3,11.09
fold2_room1_mix0561,41,1,0,82,-3,4.13
fold2_room1_mix0561,41,4,0,-149,-5,6.69
fold2_room1_mix0561,41,4,0,19,-4,9.72
fold2_room1_mix0561,42,1,0,60,-3,18.85
fold2_room1_mix0561,42,4,0,-157,-5,6.20
fold2_room1_mix0561,42,4,0,13,-4,10.07
fold2_room1_mix0561,43,1,0,59,-3,17.76
fold2_room1_mix0561,43,4,0,-157,-4,7.31
fold2_room1_mix0561,43,4,0,19,-4,8.09
fold2_room1_mix0561,44,1,0,65,-3,20.72
fold2_room1_mix0561,44,4,0,-139,-10,4.04
fold2_room1_mix0561,44,4,0,20,-3,11.95
fold2_room1_mix0561,45,1,0,57,-3,15.88
fold2_room1_mix0561,45,4,0,-155,-4,8.99
fold2_room1_mix0561,45,4,0,11,-3,14.73
fold2_room1_mix0561,46,1,0,72,-4,8.62
fold2_room1_mix0561,46,4,0,-86,-15,2.63
fold2_room1_mix0561,46,4,0,16,-5,11.71
fold2_room1_mix0561,47,1,0,48,-3,15.55
fold2_room1_mix0561,47,4,0,-129,-7,6.27
fold2_room1_mix0561,47,4,0,9,-5,9.09
fold2_room1_mix0561,48,1,0,58,-3,17.27
fold2_room1_mix0561,48,4,0,-73,-9,3.63
fold2_room1_mix0561,48,4,0,19,-1,11.81
fold2_room1_mix0561,49,1,0,60,-3,18.44
fold2_room1_mix0561,49,4,0,-118,-5,6.26
fold2_room1_mix0561,49,4,0,-68,-9,3.47
fold2_room1_mix0561,49,4,0,16,-1,10.67
fold2_room1_mix0561,50,1,0,57,-3,15.55
fold2_room1_mix0561,50,4,0,-103,-5,11.89
fold2_room1_mix0561,50,4,0,-42,-10,4.25
fold2_room1_mix0561,50,4,0,8,-5,9.95
fold2_room1_mix0561,51,1,0,56,-3,12.32
fold2_room1_mix0561,51,4,0,-24,-6,5.61
fold2_room1_mix0561,51,4,0,0,-4,9.26
fold2_room1_mix0561,52,4,0,112,-6,8.89
fold2_room1_mix0561,52,4,0,-24,-4,6.90
fold2_room1_mix0561,52,4,0,0,-6,6.19
fold2_room1_mix0561,53,1,0,57,-3,14.32
fold2_room1_mix0561,53,4,0,57,-6,7.30
fold2_room1_mix0561,53,4,0,-28,-5,6.17
fold2_room1_mix0561,53,4,0,2,-6,7.77
fold2_room1_mix0561,54,1,0,50,-3,17.22
fold2_room1_mix0561,54,4,0,61,-5,9.36
fold2_room1_mix0561,54,4,0,-8,-4,9.20
fold2_room1_mix0561,55,1,0,50,-3,13.72
fold2_room1_mix0561,55,4,0,50,-5,7.48
fold2_room1_mix0561,55,4,0,-16,-5,8.38
fold2_room1_mix0561,56,1,0,51,-3,16.15
fold2_room1_mix0561,56,4,0,98,-5,9.85
fold2_room1_mix0561,56,4,0,-5,-2,10.28
fold2_room1_mix0561,57,4,0,106,-6,7.24
fold2_room1_mix0561,57,4,0,-10,-3,10.85
fold2_room1_mix0561,58,1,0,46,-3,14.41
fold2_room1_mix0561,58,4,0,104,-5,8.90
fold2_room1_mix0561,58,4,0,-7,-2,9.91
fold2_room1_mix0561,59,1,0,48,-3,19.02
fold2_room1_mix0561,59,4,0,86,-5,10.96
fold2_room1_mix0561,59,4,0,-2,-3,10.68
fold2_room1_mix0561,60,1,0,43,-3,16.28
fold2_room1_mix0561,60,4,0,119,-3,10.10
fold2_room1_mix0561,60,4,0,-4,-2,9.82
fold2_room1_mix0561,61,1,0,39,-3,20.49
fold2_room1_mix0561,61,4,0,126,-4,9.63
fold2_room1_mix0561,61,4,0,-3,-3,11.31
fold2_room1_mix0561,62,4,0,143,-3,9.96
fold2_room1_mix0561,62,4,0,-8,-2,13.06
fold2_room1_mix0561,63,1,0,43,-3,18.38
fold2_room1_mix0561,63,4,0,138,-3,10.76
fold2_room1_mix0561,63,4,0,2,-3,13.37
fold2_room1_mix0561,64,1,0,37,-2,18.67
fold2_room1_mix0561,64,4,0,142,-3,7.63
fold2_room1_mix0561,64,4,0,-1,-2,10.65
fold2_room1_mix0561,65,1,0,43,-2,19.50
fold2_room1_mix0561,65,4,0,133,-3,9.85
fold2_room1_mix0561,65,4,0,0,-2,12.48
fold2_room1_mix0561,66,1,0,41,-3,24.29
fold2_room1_mix0561,66,4,0,149,-2,11.65
fold2_room1_mix0561,66,4,0,1,-1,17.88
fold2_room1_mix0561,67,4,0,153,-2,12.49
fold2_room1_mix0561,67,4,0,1,-2,16.52
fold2_room1_mix0561,68,4,0,151,-3,11.72
fold2_room1_mix0561,68,4,0,-4,-1,24.65
fold2_room1_mix0561,69,1,0,38,-2,19.13
fold2_room1_mix0561,69,4,0,151,-2,9.36
fold2_room1_mix0561,69,4,0,1,-2,12.85
fold2_room1_mix0561,70,1,0,41,-3,23.73
fold2_room1_mix0561,70,4,0,144,-2,11.19
fold2_room1_mix0561,70,4,0,0,-2,16.27
fold2_room1_mix0561,71,1,0,36,-2,22.40
fold2_room1_mix0561,71,4,0,149,-2,10.83
fold2_room1_mix0561,71,4,0,3,-3,15.53
fold2_room1_mix0561,72,1,0,37,-2,24.30
fold2_room1_mix0561,72,4,0,154,-1,14.23
fold2_room1_mix0561,72,4,0,-1,0,23.75
fold2_room1_mix0561,73,4,0,156,-2,13.03
fold2_room1_mix0561,73,4,0,0,-1,20.75
fold2_room1_mix0561,74,1,0,41,-2,21.61
fold2_room1_mix0561,74,4,0,158,-2,11.79
fold2_room1_mix0561,74,4,0,1,0,30.02
fold2_room1_mix0561,75,1,0,38,-3,27.16
fold2_room1_mix0561,75,4,0,159,-3,11.64
fold2_room1_mix0561,75,4,0,3,0,28.77
fold2_room1_mix0561,76,1,0,38,-2,25.39
fold2_room1_mix0561,76,4,0,160,-3,11.30
fold2_room1_mix0561,76,4,0,1,0,27.61
fold2_room1_mix0561,77,1,0,33,-2,27.41
fold2_room1_mix0561,77,4,0,159,-1,12.45
fold2_room1_mix0561,77,4,0,1,0,24.25
fold2_room1_mix0561,78,4,0,158,-2,15.83
fold2_room1_mix0561,78,4,0,1,0,34.84
fold2_room1_mix0561,79,1,0,39,-3,26.21
fold2_room1_mix0561,79,4,0,161,-1,13.74
fold2_room1_mix0561,79,4,0,0,0,29.35
fold2_room1_mix0561,80,1,0,34,-2,21.03
fold2_room1_mix0561,80,4,0,160,0,11.38
fold2_room1_mix0561,80,4,0,3,1,17.74
fold2_room1_mix0561,81,1,0,38,-2,27.33
fold2_room1_mix0561,81,4,0,167,0,13.51
fold2_room1_mix0561,81,4,0,3,1,33.78
fold2_room1_mix0561,82,1,0,36,-2,28.34
fold2_room1_mix0561,82,4,0,162,0,15.20
fold2_room1_mix0561,83,4,0,167,0,12.54
fold2_room1_mix0561,83,4,0,4,1,27.96
fold2_room1_mix0561,84,1,0,43,-3,18.20
fold2_room1_mix0561,84,4,0,164,0,18.81
fold2_room1_mix0561,84,4,0,3,0,41.31
fold2_room1_mix0561,85,1,0,34,-2,24.78
fold2_room1_mix0561,85,4,0,168,0,15.71
fold2_room1_mix0561,85,4,0,5,1,30.88
fold2_room1_mix0561,86,1,0,39,-2,26.49
fold2_room1_mix0561,86,4,0,169,-1,17.41
fold2_room1_mix0561,86,4,0,9,0,32.41
fold2_room1_mix0561,87,1,0,37,-2,25.11
fold2_room1_mix0561,87,4,0,169,0,16.99
fold2_room1_mix0561,87,4,0,3,1,43.81
fold2_room1_mix0561,88,1,0,40,-2,9.49
fold2_room1_mix0561,88,4,0,166,2,15.58
fold2_room1_mix0561,88,4,0,14,3,24.61
fold2_room1_mix0561,89,4,0,164,-1,19.50
fold2_room1_mix0561,90,1,0,38,-2,22.81
fold2_room1_mix0561,90,4,0,163,0,19.30
fold2_room1_mix0561,91,1,0,36,-2,26.08
fold2_room1_mix0561,91,4,0,173,-1,19.78
fold2_room1_mix0561,91,4,0,13,0,29.29
fold2_room1_mix0561,92,4,0,166,-1,22.57
fold2_room1_mix0561,92,4,0,7,0,39.72
fold2_room1_mix0561,93,4,0,167,0,24.62
fold2_room1_mix0561,94,4,0,166,0,23.91
fold2_room1_mix0561,94,4,0,5,0,39.15
fold2_room1_mix0561,95,4,0,168,-1,21.17
fold2_room1_mix0561,95,4,0,6,0,35.06
fold2_room1_mix0561,96,4,0,165,0,22.57
fold2_room1_mix0561,96,4,0,4,0,43.17
fold2_room1_mix0561,97,4,0,168,0,25.89
fold2_room1_mix0561,97,4,0,3,0,44.28
fold2_room1_mix0561,98,4,0,168,0,24.79
fold2_room1_mix0561,98,4,0,-2,0,51.24
fold2_room1_mix0561,99,4,0,166,-1,22.76
fold2_room1_mix0561,99,4,0,1,0,43.60
fold2_room1_mix0562,0,5,0,-126,6,3.79
fold2_room1_mix0562,1,5,0,-105,9,3.33
fold2_room1_mix0562,2,5,0,-109,12,2.43
fold2_room1_mix0562,3,5,0,-110,19,1.92
fold2_room1_mix0562,4,5,0,-105,11,3.14
fold2_room1_mix0562,5,5,0,-110,13,3.63
fold2_room1_mix0562,6,5,0,-110,14,3.63
fold2_room1_mix0562,7,5,0,-104,15,3.13
fold2_room1_mix0562,8,5,0,-112,13,3.97
fold2_room1_mix0562,9,5,0,-110,15,3.13
fold2_room1_mix0562,10,5,0,-109,15,3.06
fold2_room1_mix0562,11,5,0,-112,17,2.95
fold2_room1_mix0562,12,5,0,-113,17,2.57
fold2_room1_mix0562,13,5,0,-111,15,2.94
fold2_room1_mix0562,14,5,0,-116,15,3.20
fold2_room1_mix0562,15,5,0,-112,17,2.60
fold2_room1_mix0562,16,5,0,-113,14,3.16
fold2_room1_mix0562,17,5,0,-113,16,2.87
fold2_room1_mix0562,18,5,0,-111,16,2.77
fold2_room1_mix0562,19,5,0,-111,16,2.69
fold2_room1_mix0562,20,5,0,-113,15,2.89
fold2_room1_mix0562,21,5,0,-113,16,2.80
fold2_room1_mix0562,22,4,0,-43,-3,9.78
fold2_room1_mix0562,22,5,0,-114,16,2.89
fold2_room1_mix0562,23,5,0,-109,15,2.92
fold2_room1_mix0562,24,4,0,-41,-3,11.25
fold2_room1_mix0562,24,5,0,-114,15,2.95
fold2_room1_mix0562,25,4,0,-38,-3,17.04
fold2_room1_mix0562,25,5,0,-111,14,3.30
fold2_room1_mix0562,26,4,0,-46,-3,16.36
fold2_room1_mix0562,26,5,0,-114,15,3.00
fold2_room1_mix0562,27,4,0,-43,-2,16.75
fold2_room1_mix0562,27,5,0,-114,15,3.07
fold2_room1_mix0562,28,4,0,-44,-3,15.25
fold2_room1_mix0562,28,5,0,-113,15,2.98
fold2_room1_mix0562,29,4,0,-48,-3,16.07
fold2_room1_mix0562,29,5,0,-115,15,2.96
fold2_room1_mix0562,30,4,0,-47,-2,16.05
fold2_room1_mix0562,30,5,0,-116,15,3.27
fold2_room1_mix0562,31,4,0,-45,-2,16.23
fold2_room1_mix0562,31,5,0,-110,14,3.21
fold2_room1_mix0562,32,4,0,-45,-2,15.96
fold2_room1_mix0562,32,5,0,-110,14,3.43
fold2_room1_mix0562,33,4,0,-50,-2,15.51
fold2_room1_mix0562,33,5,0,-111,14,3.45
fold2_room1_mix0562,34,4,0,-48,-2,16.16
fold2_room1_mix0562,34,5,0,-117,13,3.61
fold2_room1_mix0562,35,4,0,-47,-3,15.25
fold2_room1_mix0562,35,5,0,-112,15,3.09
fold2_room1_mix0562,36,4,0,-49,-2,15.29
fold2_room1_mix0562,36,5,0,-116,13,3.78
fold2_room1_mix0562,37,4,0,-50,-2,15.23
fold2_room1_mix0562,37,5,0,-114,15,3.25
fold2_room1_mix0562,38,4,0,-52,-2,15.44
fold2_room1_mix0562,38,5,0,-115,15,3.33
fold2_room1_mix0562,39,4,0,-53,-2,14.79
fold2_room1_mix0562,39,5,0,-114,15,3.28
fold2_room1_mix0562,40,4,0,-52,-3,14.69
fold2_room1_mix0562,40,5,0,-112,16,3.09
fold2_room1_mix0562,41,4,0,-54,-2,14.09
fold2_room1_mix0562,41,5,0,-113,15,3.31
fold2_room1_mix0562,42,4,0,-58,-3,13.88
fold2_room1_mix0562,42,5,0,-114,15,3.31
fold2_room1_mix0562,43,4,0,-59,-3,13.96
fold2_room1_mix0562,43,5,0,-112,15,3.23
fold2_room1_mix0562,44,4,0,-58,-2,13.48
fold2_room1_mix0562,44,5,0,-115,16,3.30
fold2_room1_mix0562,45,4,0,-60,-3,12.92
fold2_room1_mix0562,45,5,0,-115,15,3.34
fold2_room1_mix0562,46,4,0,-60,-2,13.46
fold2_room1_mix0562,46,5,0,-113,15,3.43
fold2_room1_mix0562,47,4,0,-61,-3,12.91
fold2_room1_mix0562,47,5,0,-111,15,3.23
fold2_room1_mix0562,48,4,0,-62,-3,12.76
fold2_room1_mix0562,48,5,0,-114,16,3.25
fold2_room1_mix0562,49,4,0,-63,-3,12.44
fold2_room1_mix0562,49,5,0,-115,16,3.25
fold2_room1_mix0562,50,4,0,-64,-3,12.39
fold2_room1_mix0562,50,5,0,-114,16,3.19
fold2_room1_mix0562,51,4,0,-70,-3,11.87
fold2_room1_mix0562,51,5,0,-110,17,3.04
fold2_room1_mix0562,52,4,0,-68,-3,11.94
fold2_room1_mix0562,52,5,0,-108,16,3.42
fold2_room1_mix0562,53,4,0,-71,-4,11.77
fold2_room1_mix0562,53,5,0,-115,17,3.02
fold2_room1_mix0562,54,4,0,-74,-3,11.37
fold2_room1_mix0562,54,5,0,-112,17,3.20
fold2_room1_mix0562,55,4,0,-74,-3,11.16
fold2_room1_mix0562,55,5,0,-113,16,3.34
fold2_room1_mix0562,56,4,0,-75,-3,11.23
fold2_room1_mix0562,56,5,0,-107,18,3.11
fold2_room1_mix0562,57,4,0,-76,-3,11.87
fold2_room1_mix0562,57,5,0,-116,16,3.46
fold2_room1_mix0562,58,4,0,-81,-4,11.17
fold2_room1_mix0562,58,5,0,-112,16,3.32
fold2_room1_mix0562,59,4,0,-81,-3,11.42
fold2_room1_mix0562,59,5,0,-111,16,3.39
fold2_room1_mix0562,60,4,0,-85,-3,11.30
fold2_room1_mix0562,60,5,0,-113,17,3.22
fold2_room1_mix0562,61,4,0,-86,-4,11.14
fold2_room1_mix0562,61,5,0,-108,16,3.24
fold2_room1_mix0562,62,4,0,-89,-3,11.37
fold2_room1_mix0562,62,5,0,-111,16,3.44
fold2_room1_mix0562,63,4,0,-91,-4,11.06
fold2_room1_mix0562,63,5,0,-111,16,3.30
fold2_room1_mix0562,64,4,0,-89,-4,11.20
fold2_room1_mix0562,64,5,0,-107,17,3.33
fold2_room1_mix0562,65,4,0,-90,-4,11.35
fold2_room1_mix0562,65,5,0,-111,15,3.54
fold2_room1_mix0562,66,4,0,-94,-4,10.87
fold2_room1_mix0562,66,5,0,-107,16,3.29
fold2_room1_mix0562,67,4,0,-97,-4,11.15
fold2_room1_mix0562,67,5,0,-108,16,3.47
fold2_room1_mix0562,68,4,0,-94,-4,11.03
fold2_room1_mix0562,68,5,0,-111,16,3.38
fold2_room1_mix0562,69,4,0,-101,-4,11.05
fold2_room1_mix0562,69,5,0,-108,16,3.27
fold2_room1_mix0562,70,4,0,-99,-3,11.01
fold2_room1_mix0562,70,5,0,-107,15,3.54
fold2_room1_mix0562,71,4,0,-101,-3,11.25
fold2_room1_mix0562,71,5,0,-108,15,3.51
fold2_room1_mix0562,72,4,0,-104,-3,11.34
fold2_room1_mix0562,72,5,0,-112,15,3.70
fold2_room1_mix0562,73,4,0,-106,-3,11.47
fold2_room1_mix0562,73,5,0,-109,16,3.43
fold2_room1_mix0562,74,4,0,-106,-3,11.24
fold2_room1_mix0562,74,5,0,-114,15,3.68
fold2_room1_mix0562,75,4,0,-107,-3,11.58
fold2_room1_mix0562,75,5,0,-103,15,3.54
fold2_room1_mix0562,76,4,0,-108,-3,11.57
fold2_room1_mix0562,76,5,0,-105,17,3.24
fold2_room1_mix0562,77,4,0,-111,-4,11.64
fold2_room1_mix0562,77,5,0,-104,15,3.40
fold2_room1_mix0562,78,4,0,-113,-3,12.02
fold2_room1_mix0562,78,5,0,-105,15,3.60
fold2_room1_mix0562,79,4,0,-113,-3,11.83
fold2_room1_mix0562,79,5,0,-109,16,3.20
fold2_room1_mix0562,80,4,0,-114,-3,12.21
fold2_room1_mix0562,80,5,0,-103,15,3.33
fold2_room1_mix0562,81,4,0,-116,-2,13.07
fold2_room1_mix0562,81,5,0,-107,15,3.52
fold2_room1_mix0562,82,4,0,-116,-3,12.38
fold2_room1_mix0562,82,5,0,-105,15,3.38
fold2_room1_mix0562,83,4,0,-117,-2,12.46
fold2_room1_mix0562,83,5,0,-103,16,3.29
fold2_room1_mix0562,84,4,0,-120,-2,13.42
fold2_room1_mix0562,84,5,0,-106,14,3.53
fold2_room1_mix0562,85,4,0,-121,-2,13.74
fold2_room1_mix0562,85,5,0,-102,14,3.71
fold2_room1_mix0562,86,4,0,-121,-2,14.01
fold2_room1_mix0562,86,5,0,-104,14,3.69
fold2_room1_mix0562,87,4,0,-124,-2,14.15
fold2_room1_mix0562,87,5,0,-106,15,3.37
fold2_room1_mix0562,88,4,0,-125,-2,14.56
fold2_room1_mix0562,88,5,0,-110,13,3.80
fold2_room1_mix0562,89,4,0,-128,-2,14.75
fold2_room1_mix0562,89,5,0,-104,14,3.36
fold2_room1_mix0562,90,4,0,-125,-2,14.53
fold2_room1_mix0562,90,5,0,-107,13,3.50
fold2_room1_mix0562,91,4,0,-130,-2,15.46
fold2_room1_mix0562,91,5,0,-101,15,3.26
fold2_room1_mix0562,92,4,0,-130,-2,14.81
fold2_room1_mix0562,92,5,0,-106,15,3.29
fold2_room1_mix0562,93,4,0,-131,-2,15.16
fold2_room1_mix0562,93,5,0,-107,13,3.55
fold2_room1_mix0562,94,4,0,-130,-1,15.97
fold2_room1_mix0562,94,5,0,-101,13,3.36
fold2_room1_mix0562,95,4,0,-132,-2,14.73
fold2_room1_mix0562,95,5,0,-110,15,3.20
fold2_room1_mix0562,96,4,0,-135,-2,14.52
fold2_room1_mix0562,96,5,0,-104,13,3.64
fold2_room1_mix0562,97,4,0,-132,-1,16.30
fold2_room1_mix0562,97,5,0,-106,12,3.86
fold2_room1_mix0562,98,4,0,-133,-2,15.54
fold2_room1_mix0562,98,5,0,-110,13,3.46
fold2_room1_mix0562,99,4,0,-135,-2,15.32
fold2_room1_mix0562,99,5,0,-106,14,3.31
fold2_room1_mix0563,5,4,0,177,0,5.07
fold2_room1_mix0563,6,4,0,176,0,14.86
fold2_room1_mix0563,7,4,0,178,0,16.77
fold2_room1_mix0563,8,4,0,178,0,21.96
fold2_room1_mix0563,9,4,0,176,0,28.70
fold2_room1_mix0563,10,4,0,177,0,29.62
fold2_room1_mix0563,11,4,0,176,0,33.59
fold2_room1_mix0563,12,4,0,175,0,33.89
fold2_room1_mix0563,13,4,0,176,0,33.89
fold2_room1_mix0563,14,4,0,176,0,32.50
fold2_room1_mix0563,15,4,0,176,0,33.94
fold2_room1_mix0563,16,4,0,176,0,34.39
fold2_room1_mix0563,17,4,0,176,0,37.12
fold2_room1_mix0563,18,4,0,176,0,36.75
fold2_room1_mix0563,19,4,0,174,0,37.84
fold2_room1_mix0563,20,4,0,176,0,39.58
fold2_room1_mix0563,21,4,0,175,0,37.14
fold2_room1_mix0563,22,4,0,175,0,39.70
fold2_room1_mix0563,23,4,0,176,0,40.10
fold2_room1_mix0563,24,4,0,176,0,38.38
fold2_room1_mix0563,25,4,0,177,0,40.15
fold2_room1_mix0563,26,4,0,177,0,38.41
fold2_room1_mix0563,27,4,0,176,0,39.46
fold2_room1_mix0563,28,4,0,177,0,42.68
fold2_room1_mix0563,29,4,0,176,0,41.60
fold2_room1_mix0563,30,4,0,176,0,41.05
fold2_room1_mix0563,31,4,0,174,0,40.45
fold2_room1_mix0563,32,4,0,175,0,42.83
fold2_room1_mix0563,33,4,0,175,0,42.79
fold2_room1_mix0563,34,4,0,175,0,43.57
fold2_room1_mix0563,35,4,0,174,0,43.79
fold2_room1_mix0563,36,4,0,176,0,43.70
fold2_room1_mix0563,37,4,0,174,0,43.11
fold2_room1_mix0563,38,4,0,174,0,43.11
fold2_room1_mix0563,39,4,0,172,0,40.19
fold2_room1_mix0563,40,4,0,174,0,41.24
fold2_room1_mix0563,41,4,0,174,0,40.34
fold2_room1_mix0563,42,4,0,175,0,39.12
fold2_room1_mix0563,43,4,0,173,0,38.41
fold2_room1_mix0563,44,4,0,175,0,38.54
fold2_room1_mix0563,45,4,0,175,0,37.77
fold2_room1_mix0563,46,4,0,176,0,36.59
fold2_room1_mix0563,47,4,0,174,0,35.35
fold2_room1_mix0563,48,4,0,176,0,33.62
fold2_room1_mix0563,49,4,0,176,0,32.61
fold2_room1_mix0563,50,4,0,176,0,32.34
fold2_room1_mix0563,51,4,0,175,0,30.59
fold2_room1_mix0563,52,4,0,176,0,30.67
fold2_room1_mix0563,53,4,0,175,0,28.30
fold2_room1_mix0563,54,4,0,176,0,28.87
fold2_room1_mix0563,55,4,0,174,0,27.34
fold2_room1_mix0563,56,4,0,175,-1,26.17
fold2_room1_mix0563,57,4,0,176,-1,25.36
fold2_room1_mix0563,58,4,0,174,-1,24.77
fold2_room1_mix0563,59,4,0,174,-1,24.37
fold2_room1_mix0563,60,4,0,175,-1,23.68
fold2_room1_mix0563,61,4,0,175,-1,23.07
fold2_room1_mix0563,62,4,0,173,-1,21.87
fold2_room1_mix0563,63,4,0,172,-1,20.52
fold2_room1_mix0563,64,4,0,173,-1,19.90
fold2_room1_mix0563,65,4,0,172,-1,19.18
fold2_room1_mix0563,66,4,0,172,-1,18.28
fold2_room1_mix0563,67,4,0,171,-2,16.97
fold2_room1_mix0563,68,4,0,170,-1,17.36
fold2_room1_mix0563,69,4,0,171,-2,15.92
fold2_room1_mix0563,70,4,0,171,-2,15.01
fold2_room1_mix0563,71,4,0,169,-2,13.95
fold2_room1_mix0563,72,4,0,169,-2,13.18
fold2_room1_mix0563,73,4,0,168,-3,12.58
fold2_room1_mix0563,74,4,0,167,-3,11.28
fold2_room1_mix0563,75,4,0,165,-3,10.28
fold2_room1_mix0563,76,4,0,164,-3,9.91
fold2_room1_mix0563,77,4,0,162,-4,8.62
fold2_room1_mix0563,78,4,0,160,-4,8.06
fold2_room1_mix0563,79,4,0,156,-5,6.63
fold2_room1_mix0563,80,4,0,152,-6,5.43
fold2_room1_mix0563,81,4,0,148,-7,4.86
fold2_room1_mix0563,82,4,0,141,-8,3.75
fold2_room1_mix0563,83,4,0,132,-9,3.09
fold2_room1_mix0563,84,4,0,109,-11,2.73
fold2_room1_mix0563,85,4,0,86,-10,2.61
fold2_room1_mix0563,86,4,0,63,-9,2.50
fold2_room1_mix0563,87,4,0,45,-6,2.93
fold2_room1_mix0563,88,4,0,34,-5,3.75
fold2_room1_mix0563,89,4,0,28,-5,4.29
fold2_room1_mix0563,90,4,0,26,-4,4.94
fold2_room1_mix0563,91,4,0,23,-3,5.80
fold2_room1_mix0563,92,4,0,19,-3,7.14
fold2_room1_mix0563,93,4,0,17,-3,7.68
fold2_room1_mix0563,94,4,0,15,-3,8.87
fold2_room1_mix0563,95,4,0,15,-2,10.05
fold2_room1_mix0563,96,4,0,12,-2,10.88
fold2_room1_mix0563,97,4,0,12,-2,11.93
fold2_room1_mix0563,98,4,0,12,-2,12.99
fold2_room1_mix0563,99,4,0,11,-2,13.30
fold2_room1_mix0564,0,5,0,-27,3,3.58
fold2_room1_mix0564,1,5,0,-18,3,14.92
fold2_room1_mix0564,2,5,0,-14,2,12.26
fold2_room1_mix0564,3,4,0,0,2,3.05
fold2_room1_mix0564,3,5,0,-29,2,13.40
fold2_room1_mix0564,4,4,0,4,0,15.01
fold2_room1_mix0564,4,5,0,-23,2,12.56
fold2_room1_mix0564,5,4,0,5,0,18.38
fold2_room1_mix0564,5,5,0,-19,3,13.01
fold2_room1_mix0564,6,4,0,4,0,18.63
fold2_room1_mix0564,6,5,0,-24,3,18.24
fold2_room1_mix0564,7,4,0,4,0,25.53
fold2_room1_mix0564,7,5,0,-24,3,15.99
fold2_room1_mix0564,8,4,0,7,0,32.81
fold2_room1_mix0564,8,5,0,-23,2,11.91
fold2_room1_mix0564,9,4,0,6,0,31.16
fold2_room1_mix0564,9,5,0,-23,3,13.31
fold2_room1_mix0564,10,4,0,5,-1,27.15
fold2_room1_mix0564,10,5,0,-24,3,13.45
fold2_room1_mix0564,11,4,0,9,0,29.67
fold2_room1_mix0564,11,5,0,-23,3,12.85
fold2_room1_mix0564,12,1,0,-17,-2,8.26
fold2_room1_mix0564,12,4,0,8,0,25.09
fold2_room1_mix0564,12,5,0,-27,2,14.74
fold2_room1_mix0564,13,1,0,-19,-3,32.11
fold2_room1_mix0564,13,4,0,5,0,21.79
fold2_room1_mix0564,13,5,0,-22,4,13.05
fold2_room1_mix0564,14,4,0,8,0,32.73
fold2_room1_mix0564,14,5,0,-26,3,14.41
fold2_room1_mix0564,15,1,0,-15,-3,33.30
fold2_room1_mix0564,15,4,0,6,0,20.48
fold2_room1_mix0564,15,5,0,-17,3,15.99
fold2_room1_mix0564,16,1,0,-19,-3,31.00
fold2_room1_mix0564,16,4,0,2,0,20.92
fold2_room1_mix0564,16,5,0,-22,3,14.93
fold2_room1_mix0564,17,1,0,-19,-2,34.23
fold2_room1_mix0564,17,4,0,6,0,24.18
fold2_room1_mix0564,17,5,0,-21,3,14.11
fold2_room1_mix0564,18,1,0,-16,-2,33.18
fold2_room1_mix0564,18,4,0,4,0,23.51
fold2_room1_mix0564,18,5,0,-20,3,13.81
fold2_room1_mix0564,19,4,0,3,0,26.23
fold2_room1_mix0564,19,5,0,-26,4,15.88
fold2_room1_mix0564,20,1,0,-23,-2,31.54
fold2_room1_mix0564,20,4,0,3,0,24.55
fold2_room1_mix0564,20,5,0,-20,3,16.02
fold2_room1_mix0564,21,1,0,-20,-2,25.80
fold2_room1_mix0564,21,4,0,4,-1,24.54
fold2_room1_mix0564,21,5,0,-19,4,12.12
fold2_room1_mix0564,22,1,0,-23,-2,30.75
fold2_room1_mix0564,22,4,0,2,0,25.18
fold2_room1_mix0564,22,5,0,-23,3,14.59
fold2_room1_mix0564,23,1,0,-20,-1,7.07
fold2_room1_mix0564,23,4,0,5,0,29.78
fold2_room1_mix0564,23,5,0,-19,4,16.19
fold2_room1_mix0564,24,1,0,-27,-3,24.06
fold2_room1_mix0564,24,4,0,1,-1,27.31
fold2_room1_mix0564,24,5,0,-17,4,13.73
fold2_room1_mix0564,25,1,0,-22,-2,30.12
fold2_room1_mix0564,25,4,0,0,-1,22.93
fold2_room1_mix0564,25,5,0,-18,4,14.56
fold2_room1_mix0564,26,1,0,-23,-2,28.54
fold2_room1_mix0564,26,4,0,2,-1,23.67
fold2_room1_mix0564,26,5,0,-17,4,15.48
fold2_room1_mix0564,27,1,0,-27,-2,31.55
fold2_room1_mix0564,27,4,0,3,0,27.84
fold2_room1_mix0564,27,5,0,-18,4,13.90
fold2_room1_mix0564,28,4,0,4,-1,26.98
fold2_room1_mix0564,28,5,0,-24,4,14.98
fold2_room1_mix0564,29,1,0,-27,-2,24.16
fold2_room1_mix0564,29,4,0,1,-1,22.42
fold2_room1_mix0564,29,5,0,-15,4,15.33
fold2_room1_mix0564,30,1,0,-29,-2,29.41
fold2_room1_mix0564,30,4,0,4,-1,25.14
fold2_room1_mix0564,30,5,0,-21,4,14.47
fold2_room1_mix0564,31,1,0,-30,-2,24.15
fold2_room1_mix0564,31,4,0,3,-1,23.24
fold2_room1_mix0564,31,5,0,-15,3,14.97
fold2_room1_mix0564,32,4,0,1,0,23.53
fold2_room1_mix0564,32,5,0,-20,3,14.65
fold2_room1_mix0564,33,1,0,-36,-2,14.72
fold2_room1_mix0564,33,4,0,1,-1,27.74
fold2_room1_mix0564,33,5,0,-18,4,13.73
fold2_room1_mix0564,34,1,0,-32,-2,21.15
fold2_room1_mix0564,34,4,0,2,-1,23.41
fold2_room1_mix0564,34,5,0,-17,3,13.42
fold2_room1_mix0564,35,1,0,-35,-3,24.69
fold2_room1_mix0564,35,4,0,3,-1,22.82
fold2_room1_mix0564,35,5,0,-22,3,16.53
fold2_room1_mix0564,36,1,0,-39,-2,20.85
fold2_room1_mix0564,36,4,0,1,-1,22.97
fold2_room1_mix0564,36,5,0,-21,4,14.37
fold2_room1_mix0564,37,4,0,6,-1,24.22
fold2_room1_mix0564,37,5,0,-21,4,14.10
fold2_room1_mix0564,38,4,0,3,-2,18.01
fold2_room1_mix0564,38,5,0,-23,4,14.16
fold2_room1_mix0564,39,4,0,3,-1,15.49
fold2_room1_mix0564,39,5,0,-25,3,14.52
fold2_room1_mix0564,40,4,0,5,-2,15.59
fold2_room1_mix0564,40,5,0,-27,3,13.52
fold2_room1_mix0564,41,4,0,6,-2,15.00
fold2_room1_mix0564,41,5,0,-26,4,12.87
fold2_room1_mix0564,42,4,0,5,-2,13.80
fold2_room1_mix0564,42,5,0,-26,3,14.15
fold2_room1_mix0564,43,4,0,7,-2,12.94
fold2_room1_mix0564,43,5,0,-27,3,13.14
fold2_room1_mix0564,44,4,0,7,-2,12.20
fold2_room1_mix0564,44,5,0,-28,3,13.35
fold2_room1_mix0564,45,4,0,7,-2,11.12
fold2_room1_mix0564,45,5,0,-30,4,12.38
fold2_room1_mix0564,46,4,0,8,-3,10.82
fold2_room1_mix0564,46,5,0,-29,4,11.17
fold2_room1_mix0564,47,4,0,8,-2,10.42
fold2_room1_mix0564,47,5,0,-29,5,9.57
fold2_room1_mix0564,48,4,0,9,-3,8.53
fold2_room1_mix0564,48,5,0,-28,3,13.10
fold2_room1_mix0564,49,4,0,8,-3,7.68
fold2_room1_mix0564,49,5,0,-28,5,10.70
fold2_room1_mix0564,50,4,0,9,-3,7.04
fold2_room1_mix0564,50,5,0,-25,4,10.72
fold2_room1_mix0564,51,4,0,12,-4,6.17
fold2_room1_mix0564,51,5,0,-31,3,13.02
fold2_room1_mix0564,52,4,0,13,-4,5.78
fold2_room1_mix0564,52,5,0,-31,3,13.22
fold2_room1_mix0564,53,4,0,15,-5,5.14
fold2_room1_mix0564,53,5,0,-27,5,10.19
fold2_room1_mix0564,54,4,0,16,-6,4.23
fold2_room1_mix0564,54,5,0,-31,3,12.10
fold2_room1_mix0564,55,4,0,20,-7,3.64
fold2_room1_mix0564,55,5,0,-30,3,11.65
fold2_room1_mix0564,56,4,0,23,-8,3.15
fold2_room1_mix0564,56,5,0,-30,4,11.17
fold2_room1_mix0564,57,4,0,28,-11,2.58
fold2_room1_mix0564,57,5,0,-30,4,10.02
fold2_room1_mix0564,58,4,0,36,-14,1.98
fold2_room1_mix0564,58,5,0,-30,4,11.54
fold2_room1_mix0564,59,4,0,53,-21,1.63
fold2_room1_mix0564,59,5,0,-30,4,10.74
fold2_room1_mix0564,60,4,0,79,-22,1.62
fold2_room1_mix0564,60,5,0,-27,4,12.49
fold2_room1_mix0564,61,4,0,117,-21,1.57
fold2_room1_mix0564,61,5,0,-24,5,11.24
fold2_room1_mix0564,62,4,0,138,-15,1.92
fold2_room1_mix0564,62,5,0,-25,4,11.85
fold2_room1_mix0564,63,4,0,150,-11,2.52
fold2_room1_mix0564,63,5,0,-29,4,11.77
fold2_room1_mix0564,64,4,0,156,-10,2.57
fold2_room1_mix0564,64,5,0,-28,4,12.05
fold2_room1_mix0564,65,4,0,159,-8,3.34
fold2_room1_mix0564,65,5,0,-33,5,10.86
fold2_room1_mix0564,66,4,0,163,-7,3.69
fold2_room1_mix0564,66,5,0,-29,5,10.61
fold2_room1_mix0564,67,4,0,165,-6,3.88
fold2_room1_mix0564,67,5,0,-36,4,11.62
fold2_room1_mix0564,68,4,0,167,-5,4.72
fold2_room1_mix0564,68,5,0,-39,4,12.62
fold2_room1_mix0564,69,4,0,168,-5,5.35
fold2_room1_mix0564,69,5,0,-33,4,10.42
fold2_room1_mix0564,70,4,0,171,-4,5.90
fold2_room1_mix0564,70,5,0,-39,5,9.38
fold2_room1_mix0564,71,4,0,171,-3,7.01
fold2_room1_mix0564,71,5,0,-40,4,10.66
fold2_room1_mix0564,72,4,0,171,-3,7.61
fold2_room1_mix0564,72,5,0,-36,4,11.52
fold2_room1_mix0564,73,4,0,172,-3,8.32
fold2_room1_mix0564,73,5,0,-37,4,10.06
fold2_room1_mix0564,74,4,0,172,-3,9.02
fold2_room1_mix0564,74,5,0,-36,5,9.34
fold2_room1_mix0564,75,4,0,173,-2,9.64
fold2_room1_mix0564,75,5,0,-36,4,10.52
fold2_room1_mix0564,76,4,0,173,-2,10.31
fold2_room1_mix0564,76,5,0,-42,5,10.35
fold2_room1_mix0564,77,4,0,174,-2,10.62
fold2_room1_mix0564,77,5,0,-39,6,8.16
fold2_room1_mix0564,78,4,0,173,-2,11.50
fold2_room1_mix0564,78,5,0,-38,5,9.36
fold2_room1_mix0564,79,4,0,173,-1,12.60
fold2_room1_mix0564,79,5,0,-41,6,7.47
fold2_room1_mix0564,80,4,0,174,-2,12.26
fold2_room1_mix0564,80,5,0,-44,6,8.75
fold2_room1_mix0564,81,4,0,174,-2,13.62
fold2_room1_mix0564,81,5,0,-40,5,8.96
fold2_room1_mix0564,82,4,0,175,-1,14.72
fold2_room1_mix0564,82,5,0,-40,5,8.14
fold2_room1_mix0564,83,4,0,175,-1,15.27
fold2_room1_mix0564,83,5,0,-44,6,7.45
fold2_room1_mix0564,84,4,0,176,-1,16.33
fold2_room1_mix0564,84,5,0,-42,5,8.73
fold2_room1_mix0564,85,4,0,175,-1,16.94
fold2_room1_mix0564,85,5,0,-42,7,7.30
fold2_room1_mix0564,86,4,0,176,-1,17.64
fold2_room1_mix0564,86,5,0,-40,6,7.94
fold2_room1_mix0564,87,4,0,175,-1,18.15
fold2_room1_mix0564,87,5,0,-42,6,7.58
fold2_room1_mix0564,88,4,0,175,0,19.14
fold2_room1_mix0564,88,5,0,-44,7,7.03
fold2_room1_mix0564,89,4,0,176,0,19.19
fold2_room1_mix0564,89,5,0,-45,7,6.99
fold2_room1_mix0564,90,4,0,176,0,19.73
fold2_room1_mix0564,90,5,0,-44,7,7.13
fold2_room1_mix0564,91,4,0,176,0,21.40
fold2_room1_mix0564,91,5,0,-46,6,7.40
fold2_room1_mix0564,92,4,0,177,0,20.87
fold2_room1_mix0564,92,5,0,-46,7,6.98
fold2_room1_mix0564,93,4,0,177,0,21.00
fold2_room1_mix0564,93,5,0,-44,7,6.54
fold2_room1_mix0564,94,4,0,176,0,22.58
fold2_room1_mix0564,94,5,0,-48,7,7.09
fold2_room1_mix0564,95,4,0,177,-1,22.22
fold2_room1_mix0564,95,5,0,-46,7,6.93
fold2_room1_mix0564,96,4,0,177,0,22.69
fold2_room1_mix0564,96,5,0,-47,6,7.80
fold2_room1_mix0564,97,4,0,177,0,25.15
fold2_room1_mix0564,97,5,0,-48,7,6.74
fold2_room1_mix0564,98,4,0,178,0,24.58
fold2_room1_mix0564,98,5,0,-45,7,7.39
fold2_room1_mix0564,99,4,0,177,0,23.19
fold2_room1_mix0564,99,5,0,-46,6,8.39
fold2_room1_mix0565,4,4,0,-1,0,16.57
fold2_room1_mix0565,5,4,0,0,0,18.08
fold2_room1_mix0565,6,4,0,0,0,20.88
fold2_room1_mix0565,7,4,0,0,0,30.99
fold2_room1_mix0565,8,4,0,0,0,32.15
fold2_room1_mix0565,9,4,0,0,0,31.84
fold2_room1_mix0565,10,4,0,1,-1,30.76
fold2_room1_mix0565,11,4,0,1,0,29.91
fold2_room1_mix0565,12,4,0,1,0,29.60
fold2_room1_mix0565,13,4,0,2,0,28.96
fold2_room1_mix0565,14,4,0,2,0,30.33
fold2_room1_mix0565,15,4,0,2,0,29.25
fold2_room1_mix0565,16,4,0,1,-1,27.38
fold2_room1_mix0565,17,4,0,1,-1,28.19
fold2_room1_mix0565,18,4,0,1,-1,27.79
fold2_room1_mix0565,19,4,0,0,-1,26.80
fold2_room1_mix0565,20,4,0,1,-1,27.03
fold2_room1_mix0565,21,4,0,1,-1,26.24
fold2_room1_mix0565,22,4,0,1,-1,24.85
fold2_room1_mix0565,23,4,0,1,-1,24.56
fold2_room1_mix0565,24,4,0,2,-1,23.61
fold2_room1_mix0565,25,4,0,2,-1,23.97
fold2_room1_mix0565,26,4,0,2,-1,23.16
fold2_room1_mix0565,27,4,0,2,-1,21.84
fold2_room1_mix0565,28,4,0,3,-1,21.58
fold2_room1_mix0565,29,4,0,4,-1,20.22
fold2_room1_mix0565,30,4,0,3,-1,20.02
fold2_room1_mix0565,31,4,0,3,-1,19.00
fold2_room1_mix0565,32,4,0,3,-2,18.22
fold2_room1_mix0565,33,4,0,3,-2,17.35
fold2_room1_mix0565,34,4,0,4,-2,15.87
fold2_room1_mix0565,35,4,0,4,-2,14.82
fold2_room1_mix0565,36,4,0,7,-2,14.03
fold2_room1_mix0565,37,4,0,10,-3,12.97
fold2_room1_mix0565,38,4,0,10,-3,11.87
fold2_room1_mix0565,39,4,0,11,-3,10.85
fold2_room1_mix0565,40,4,0,11,-4,9.85
fold2_room1_mix0565,41,4,0,17,-5,7.69
fold2_room1_mix0565,41,4,0,-2,-3,11.03
fold2_room1_mix0565,42,4,0,27,-6,6.47
fold2_room1_mix0565,42,4,0,11,-5,7.40
fold2_room1_mix0565,42,4,0,-6,-2,12.17
fold2_room1_mix0565,43,4,0,30,-7,5.69
fold2_room1_mix0565,43,4,0,11,-6,6.94
fold2_room1_mix0565,43,4,0,-7,-2,12.75
fold2_room1_mix0565,44,4,0,28,-8,4.71
fold2_room1_mix0565,44,4,0,10,-6,6.46
fold2_room1_mix0565,44,4,0,-11,-1,13.06
fold2_room1_mix0565,45,4,0,31,-9,3.83
fold2_room1_mix0565,45,4,0,7,-6,6.70
fold2_room1_mix0565,45,4,0,-9,-1,12.65
fold2_room1_mix0565,46,4,0,34,-11,3.23
fold2_room1_mix0565,46,4,0,-6,-4,9.61
fold2_room1_mix0565,47,4,0,40,-14,2.72
fold2_room1_mix0565,47,4,0,-2,-4,10.22
fold2_room1_mix0565,48,4,0,50,-17,2.25
fold2_room1_mix0565,48,4,0,-8,-5,9.80
fold2_room1_mix0565,49,4,0,73,-20,2.66
fold2_room1_mix0565,49,4,0,-4,-3,14.86
fold2_room1_mix0565,50,4,0,98,-22,1.89
fold2_room1_mix0565,50,4,0,36,-14,8.05
fold2_room1_mix0565,50,4,0,-10,-5,12.77
fold2_room1_mix0565,51,4,0,123,-19,2.22
fold2_room1_mix0565,51,4,0,-17,-6,12.15
fold2_room1_mix0565,52,4,0,137,-14,2.67
fold2_room1_mix0565,52,4,0,-24,-5,11.45
fold2_room1_mix0565,53,4,0,145,-13,3.24
fold2_room1_mix0565,53,4,0,-20,-5,13.57
fold2_room1_mix0565,53,4,0,-36,-6,9.55
fold2_room1_mix0565,54,4,0,150,-9,5.01
fold2_room1_mix0565,54,4,0,-55,-4,12.57
fold2_room1_mix0565,55,4,0,153,-8,5.35
fold2_room1_mix0565,55,4,0,-53,-4,11.66
fold2_room1_mix0565,56,4,0,155,-7,5.98
fold2_room1_mix0565,56,4,0,-60,-4,12.30
fold2_room1_mix0565,57,4,0,158,-6,6.73
fold2_room1_mix0565,57,4,0,-65,-5,10.53
fold2_room1_mix0565,58,4,0,159,-5,7.50
fold2_room1_mix0565,58,4,0,-61,-3,11.68
fold2_room1_mix0565,59,4,0,160,-4,8.46
fold2_room1_mix0565,59,4,0,-64,-4,12.16
fold2_room1_mix0565,60,4,0,164,-4,9.06
fold2_room1_mix0565,60,4,0,-69,-3,13.01
fold2_room1_mix0565,61,4,0,164,-4,9.53
fold2_room1_mix0565,61,4,0,-77,-3,12.39
fold2_room1_mix0565,62,4,0,166,-4,10.58
fold2_room1_mix0565,62,4,0,-80,-3,12.52
fold2_room1_mix0565,63,4,0,167,-3,11.68
fold2_room1_mix0565,63,4,0,-91,-4,11.57
fold2_room1_mix0565,64,4,0,165,-3,12.00
fold2_room1_mix0565,64,4,0,-89,-3,12.15
fold2_room1_mix0565,65,4,0,165,-2,12.73
fold2_room1_mix0565,65,4,0,-95,-3,11.88
fold2_room1_mix0565,66,4,0,165,-2,14.20
fold2_room1_mix0565,66,4,0,-95,-5,10.30
fold2_room1_mix0565,67,4,0,165,-2,14.50
fold2_room1_mix0565,67,4,0,-97,-5,10.88
fold2_room1_mix0565,68,4,0,164,-2,15.86
fold2_room1_mix0565,68,4,0,-100,-5,10.42
fold2_room1_mix0565,69,4,0,166,-2,16.70
fold2_room1_mix0565,69,4,0,-103,-6,9.67
fold2_room1_mix0565,70,4,0,165,-1,17.27
fold2_room1_mix0565,70,4,0,-107,-5,9.49
fold2_room1_mix0565,71,4,0,165,-1,18.16
fold2_room1_mix0565,71,4,0,-106,-5,10.39
fold2_room1_mix0565,72,4,0,163,-1,19.83
fold2_room1_mix0565,72,4,0,-113,-6,9.26
fold2_room1_mix0565,73,4,0,164,-1,19.54
fold2_room1_mix0565,73,4,0,-116,-5,9.57
fold2_room1_mix0565,74,4,0,162,-1,20.21
fold2_room1_mix0565,74,4,0,-118,-5,9.38
fold2_room1_mix0565,75,4,0,163,-1,21.89
fold2_room1_mix0565,75,4,0,-124,-5,9.40
fold2_room1_mix0565,76,4,0,165,-1,22.14
fold2_room1_mix0565,76,4,0,-129,-5,9.06
fold2_room1_mix0565,77,4,0,166,-1,21.30
fold2_room1_mix0565,77,4,0,-127,-4,10.11
fold2_room1_mix0565,78,4,0,168,-1,23.79
fold2_room1_mix0565,78,4,0,-132,-5,9.98
fold2_room1_mix0565,79,4,0,170,-1,22.46
fold2_room1_mix0565,79,4,0,-135,-4,10.60
fold2_room1_mix0565,80,4,0,170,0,22.85
fold2_room1_mix0565,80,4,0,-138,-4,10.85
fold2_room1_mix0565,81,4,0,169,0,23.26
fold2_room1_mix0565,81,4,0,-137,-3,11.29
fold2_room1_mix0565,82,4,0,171,0,24.84
fold2_room1_mix0565,82,4,0,-139,-4,11.43
fold2_room1_mix0565,83,4,0,171,0,24.36
fold2_room1_mix0565,83,4,0,-141,-3,12.16
fold2_room1_mix0565,84,4,0,172,0,26.30
fold2_room1_mix0565,84,4,0,-140,-3,12.79
fold2_room1_mix0565,85,4,0,172,0,25.69
fold2_room1_mix0565,85,4,0,-141,-2,13.30
fold2_room1_mix0565,86,4,0,173,0,26.04
fold2_room1_mix0565,86,4,0,-140,-3,13.59
fold2_room1_mix0565,87,4,0,172,0,26.42
fold2_room1_mix0565,87,4,0,-140,-2,14.59
fold2_room1_mix0565,88,4,0,173,0,28.05
fold2_room1_mix0565,88,4,0,-143,-2,14.86
fold2_room1_mix0565,89,4,0,172,0,28.14
fold2_room1_mix0565,89,4,0,-143,-2,15.19
fold2_room1_mix0565,90,4,0,172,0,29.29
fold2_room1_mix0565,90,4,0,-143,-2,15.96
fold2_room1_mix0565,91,4,0,172,0,29.91
fold2_room1_mix0565,91,4,0,-145,-2,16.93
fold2_room1_mix0565,92,4,0,172,0,29.20
fold2_room1_mix0565,92,4,0,-148,-1,17.77
fold2_room1_mix0565,93,4,0,171,0,28.50
fold2_room1_mix0565,93,4,0,-150,-1,18.82
fold2_room1_mix0565,94,4,0,174,0,31.43
fold2_room1_mix0565,94,4,0,-150,-1,19.30
fold2_room1_mix0565,95,4,0,175,0,31.58
fold2_room1_mix0565,95,4,0,-153,-1,19.84
fold2_room1_mix0565,96,4,0,175,0,33.24
fold2_room1_mix0565,96,4,0,-152,-1,20.11
fold2_room1_mix0565,97,4,0,175,0,34.74
fold2_room1_mix0565,97,4,0,-153,-1,22.50
fold2_room1_mix0565,98,4,0,176,0,34.80
fold2_room1_mix0565,98,4,0,-153,-1,21.64
fold2_room1_mix0565,99,4,0,176,0,33.65
fold2_room1_mix0565,99,4,0,-154,-1,21.36
fold2_room1_mix0565,3,4,0,-4,2,2.37
fold2_room1_mix0566,4,4,0,175,0,1.82
fold2_room1_mix0566,5,4,0,170,0,15.95
fold2_room1_mix0566,6,4,0,171,0,13.72
fold2_room1_mix0566,7,4,0,173,0,18.13
fold2_room1_mix0566,8,4,0,167,0,25.87
fold2_room1_mix0566,9,4,0,170,0,30.06
fold2_room1_mix0566,10,4,0,169,0,29.91
fold2_room1_mix0566,11,4,0,168,0,34.20
fold2_room1_mix0566,12,4,0,166,0,30.80
fold2_room1_mix0566,13,4,0,168,0,34.30
fold2_room1_mix0566,14,4,0,167,0,31.53
fold2_room1_mix0566,15,4,0,165,0,33.95
fold2_room1_mix0566,16,4,0,167,0,32.24
fold2_room1_mix0566,17,4,0,167,0,33.55
fold2_room1_mix0566,18,4,0,165,0,34.41
fold2_room1_mix0566,19,4,0,163,0,36.10
fold2_room1_mix0566,20,4,0,164,0,35.52
fold2_room1_mix0566,21,4,0,164,0,37.42
fold2_room1_mix0566,22,4,0,165,0,37.03
fold2_room1_mix0566,23,4,0,162,0,37.16
fold2_room1_mix0566,24,4,0,162,0,34.74
fold2_room1_mix0566,25,4,0,162,0,38.87
fold2_room1_mix0566,26,4,0,162,0,37.99
fold2_room1_mix0566,27,4,0,162,0,38.87
fold2_room1_mix0566,28,4,0,161,0,37.84
fold2_room1_mix0566,29,4,0,162,0,40.93
fold2_room1_mix0566,30,4,0,163,0,39.69
fold2_room1_mix0566,31,4,0,162,0,39.66
fold2_room1_mix0566,32,4,0,161,0,39.86
fold2_room1_mix0566,33,4,0,162,0,41.53
fold2_room1_mix0566,34,4,0,161,0,40.05
fold2_room1_mix0566,35,4,0,162,0,39.57
fold2_room1_mix0566,36,4,0,160,0,40.23
fold2_room1_mix0566,37,4,0,161,0,41.09
fold2_room1_mix0566,38,4,0,161,0,39.38
fold2_room1_mix0566,39,4,0,160,0,38.46
fold2_room1_mix0566,40,4,0,159,0,37.11
fold2_room1_mix0566,41,4,0,159,0,36.91
fold2_room1_mix0566,42,4,0,158,0,35.33
fold2_room1_mix0566,43,4,0,158,0,34.48
fold2_room1_mix0566,44,4,0,156,0,32.49
fold2_room1_mix0566,45,4,0,156,0,31.14
fold2_room1_mix0566,46,4,0,155,0,31.71
fold2_room1_mix0566,47,4,0,153,0,31.07
fold2_room1_mix0566,48,4,0,152,0,29.59
fold2_room1_mix0566,49,4,0,151,-1,28.09
fold2_room1_mix0566,50,4,0,149,-1,28.67
fold2_room1_mix0566,51,4,0,148,-1,28.80
fold2_room1_mix0566,52,4,0,146,-1,27.41
fold2_room1_mix0566,53,4,0,145,-1,26.47
fold2_room1_mix0566,54,4,0,143,-1,26.13
fold2_room1_mix0566,55,4,0,143,-1,25.33
fold2_room1_mix0566,56,4,0,140,-2,23.93
fold2_room1_mix0566,57,4,0,141,-1,24.43
fold2_room1_mix0566,58,4,0,140,-1,24.23
fold2_room1_mix0566,59,4,0,139,-2,22.42
fold2_room1_mix0566,60,4,0,135,-2,20.73
fold2_room1_mix0566,61,4,0,134,-1,20.77
fold2_room1_mix0566,62,4,0,133,-2,20.27
fold2_room1_mix0566,63,4,0,131,-2,19.30
fold2_room1_mix0566,64,4,0,128,-2,19.02
fold2_room1_mix0566,65,4,0,125,-2,18.06
fold2_room1_mix0566,66,4,0,124,-2,18.21
fold2_room1_mix0566,67,4,0,123,-2,17.90
fold2_room1_mix0566,68,4,0,122,-2,17.98
fold2_room1_mix0566,69,4,0,121,-2,17.79
fold2_room1_mix0566,70,4,0,118,-2,17.07
fold2_room1_mix0566,71,4,0,116,-2,16.70
fold2_room1_mix0566,72,4,0,113,-2,15.98
fold2_room1_mix0566,73,4,0,109,-2,15.73
fold2_room1_mix0566,74,4,0,106,-3,15.19
fold2_room1_mix0566,75,4,0,103,-3,14.99
fold2_room1_mix0566,76,4,0,100,-3,14.92
fold2_room1_mix0566,77,4,0,96,-3,14.37
fold2_room1_mix0566,78,4,0,93,-3,14.45
fold2_room1_mix0566,79,4,0,90,-3,14.35
fold2_room1_mix0566,80,4,0,87,-3,14.35
fold2_room1_mix0566,81,4,0,85,-3,14.19
fold2_room1_mix0566,82,4,0,82,-3,14.51
fold2_room1_mix0566,83,4,0,80,-3,14.41
fold2_room1_mix0566,84,4,0,77,-3,14.91
fold2_room1_mix0566,85,4,0,75,-2,15.13
fold2_room1_mix0566,86,4,0,71,-2,15.59
fold2_room1_mix0566,87,4,0,69,-2,15.90
fold2_room1_mix0566,88,4,0,65,-2,16.72
fold2_room1_mix0566,89,4,0,64,-2,17.33
fold2_room1_mix0566,90,4,0,61,-2,18.03
fold2_room1_mix0566,91,4,0,58,-2,18.49
fold2_room1_mix0566,92,4,0,57,-2,19.25
fold2_room1_mix0566,93,4,0,54,-2,19.65
fold2_room1_mix0566,94,4,0,52,-2,20.44
fold2_room1_mix0566,95,4,0,52,-2,20.85
fold2_room1_mix0566,96,4,0,50,-2,21.37
fold2_room1_mix0566,97,4,0,48,-2,22.23
fold2_room1_mix0566,98,4,0,47,-1,23.80
fold2_room1_mix0566,99,4,0,45,-2,22.65
fold2_room1_mix0567,18,4,0,171,0,7.47
fold2_room1_mix0567,19,4,0,174,0,7.62
fold2_room1_mix0567,20,4,0,173,0,25.16
fold2_room1_mix0567,21,4,0,174,0,10.12
fold2_room1_mix0567,22,4,0,174,0,31.27
fold2_room1_mix0567,23,4,0,173,0,23.55
fold2_room1_mix0567,26,1,0,22,-4,5.38
fold2_room1_mix0567,26,4,0,168,0,30.90
fold2_room1_mix0567,27,0,0,54,-1,5.90
fold2_room1_mix0567,27,4,0,167,2,2.44
fold2_room1_mix0567,28,0,0,42,-1,8.66
fold2_room1_mix0567,28,4,0,169,0,19.02
fold2_room1_mix0567,29,0,0,74,-2,6.86
fold2_room1_mix0567,29,4,0,177,0,23.22
fold2_room1_mix0567,30,0,0,72,-2,10.04
fold2_room1_mix0567,30,4,0,175,0,23.81
fold2_room1_mix0567,31,0,0,60,-2,11.15
fold2_room1_mix0567,31,4,0,172,0,21.16
fold2_room1_mix0567,32,0,0,51,-2,11.21
fold2_room1_mix0567,32,4,0,175,0,7.44
fold2_room1_mix0567,33,0,0,62,-3,10.91
fold2_room1_mix0567,33,4,0,179,0,24.75
fold2_room1_mix0567,34,0,0,54,-2,13.06
fold2_room1_mix0567,34,4,0,177,0,26.07
fold2_room1_mix0567,35,0,0,53,-2,14.44
fold2_room1_mix0567,35,4,0,178,-1,25.17
fold2_room1_mix0567,36,0,0,90,-3,15.99
fold2_room1_mix0567,36,0,0,61,-3,13.77
fold2_room1_mix0567,36,4,0,176,-1,30.11
fold2_room1_mix0567,37,0,0,73,-3,14.54
fold2_room1_mix0567,37,0,0,56,-3,12.63
fold2_room1_mix0567,37,4,0,179,-1,28.98
fold2_room1_mix0567,38,0,0,95,-4,15.79
fold2_room1_mix0567,38,0,0,67,-3,12.34
fold2_room1_mix0567,38,4,0,-179,0,30.90
fold2_room1_mix0567,39,0,0,72,-3,11.71
fold2_room1_mix0567,39,4,0,-179,0,31.87
fold2_room1_mix0567,40,0,0,85,-3,13.29
fold2_room1_mix0567,40,0,0,64,-3,10.67
fold2_room1_mix0567,40,4,0,-177,0,26.33
fold2_room1_mix0567,41,0,0,92,-4,12.84
fold2_room1_mix0567,41,0,0,76,-3,10.59
fold2_room1_mix0567,41,4,0,-176,0,26.67
fold2_room1_mix0567,42,0,0,80,-3,12.80
fold2_room1_mix0567,42,4,0,-176,0,28.50
fold2_room1_mix0567,43,0,0,108,-3,14.18
fold2_room1_mix0567,43,0,0,89,-3,12.39
fold2_room1_mix0567,43,4,0,-175,0,26.55
fold2_room1_mix0567,44,0,0,104,-3,14.26
fold2_room1_mix0567,44,0,0,88,-3,12.28
fold2_room1_mix0567,44,4,0,-175,0,27.70
fold2_room1_mix0567,45,0,0,94,-3,13.03
fold2_room1_mix0567,45,4,0,-168,0,26.62
fold2_room1_mix0567,46,0,0,96,-3,11.62
fold2_room1_mix0567,46,4,0,-172,0,28.82
fold2_room1_mix0567,47,0,0,100,-3,12.46
fold2_room1_mix0567,47,2,0,73,-4,7.08
fold2_room1_mix0567,47,4,0,-171,0,27.66
fold2_room1_mix0567,48,0,0,99,-3,12.30
fold2_room1_mix0567,48,2,0,74,-4,9.30
fold2_room1_mix0567,48,4,0,-168,0,25.11
fold2_room1_mix0567,49,0,0,98,-3,12.32
fold2_room1_mix0567,49,2,0,77,-5,5.09
fold2_room1_mix0567,49,4,0,-165,0,26.92
fold2_room1_mix0567,50,0,0,112,-3,14.18
fold2_room1_mix0567,50,2,0,79,-5,8.37
fold2_room1_mix0567,50,4,0,-162,0,25.19
fold2_room1_mix0567,51,0,0,107,-3,13.77
fold2_room1_mix0567,51,2,0,76,-5,6.42
fold2_room1_mix0567,51,4,0,-159,0,23.08
fold2_room1_mix0567,52,0,0,111,-3,11.90
fold2_room1_mix0567,52,2,0,79,-4,5.95
fold2_room1_mix0567,52,4,0,-156,0,23.77
fold2_room1_mix0567,53,0,0,141,-3,12.92
fold2_room1_mix0567,53,4,0,-166,0,23.15
fold2_room1_mix0567,53,4,0,-145,-1,21.66
fold2_room1_mix0567,54,0,0,161,-4,9.72
fold2_room1_mix0567,54,4,0,-160,0,20.87
fold2_room1_mix0567,55,0,0,171,-4,11.29
fold2_room1_mix0567,55,4,0,-175,0,23.46
fold2_room1_mix0567,55,4,0,-148,-1,20.20
fold2_room1_mix0567,56,0,0,176,-3,11.97
fold2_room1_mix0567,56,4,0,-174,0,19.83
fold2_room1_mix0567,56,4,0,169,-1,20.28
fold2_room1_mix0567,57,0,0,158,-2,11.95
fold2_room1_mix0567,57,4,0,-179,0,20.92
fold2_room1_mix0567,57,4,0,-147,0,19.67
fold2_room1_mix0567,58,0,0,157,-2,13.41
fold2_room1_mix0567,58,4,0,-170,-1,19.31
fold2_room1_mix0567,59,0,0,-170,-3,13.52
fold2_room1_mix0567,59,0,0,-149,-4,10.35
fold2_room1_mix0567,59,2,0,85,-3,6.22
fold2_room1_mix0567,59,4,0,-168,-1,18.53
fold2_room1_mix0567,60,0,0,-127,-4,10.11
fold2_room1_mix0567,60,4,0,-170,-1,17.27
fold2_room1_mix0567,61,0,0,-129,-4,10.20
fold2_room1_mix0567,61,2,0,78,-2,2.87
fold2_room1_mix0567,61,4,0,-178,-1,17.04
fold2_room1_mix0567,62,0,0,-109,-5,9.35
fold2_room1_mix0567,62,4,0,178,-2,15.72
fold2_room1_mix0567,63,0,0,-110,-5,9.42
fold2_room1_mix0567,63,4,0,-179,-2,17.12
fold2_room1_mix0567,64,0,0,-103,-5,8.98
fold2_room1_mix0567,64,4,0,176,-1,16.28
fold2_room1_mix0567,65,0,0,-30,-5,20.93
fold2_room1_mix0567,65,0,0,-88,-5,9.32
fold2_room1_mix0567,65,4,0,175,-2,15.28
fold2_room1_mix0567,66,0,0,-35,-5,20.85
fold2_room1_mix0567,66,0,0,-83,-5,9.92
fold2_room1_mix0567,66,4,0,174,-1,15.23
fold2_room1_mix0567,67,0,0,-28,-4,19.50
fold2_room1_mix0567,67,0,0,-73,-5,9.97
fold2_room1_mix0567,67,4,0,175,-2,14.34
fold2_room1_mix0567,68,0,0,-26,-4,17.57
fold2_room1_mix0567,68,0,0,-70,-5,9.93
fold2_room1_mix0567,68,4,0,175,-1,14.62
fold2_room1_mix0567,69,0,0,-29,-4,18.61
fold2_room1_mix0567,69,0,0,-71,-4,11.15
fold2_room1_mix0567,69,4,0,178,-2,13.98
fold2_room1_mix0567,70,0,0,-22,-3,19.27
fold2_room1_mix0567,70,0,0,-61,-4,11.73
fold2_room1_mix0567,70,4,0,176,-1,14.26
fold2_room1_mix0567,71,0,0,-18,-3,18.65
fold2_room1_mix0567,71,0,0,-54,-3,12.20
fold2_room1_mix0567,71,4,0,178,-1,13.47
fold2_room1_mix0567,72,0,0,-18,-3,20.03
fold2_room1_mix0567,72,0,0,-52,-3,14.87
fold2_room1_mix0567,72,4,0,177,-2,12.97
fold2_room1_mix0567,73,0,0,-17,-2,20.39
fold2_room1_mix0567,73,0,0,-46,-3,16.19
fold2_room1_mix0567,73,4,0,177,-2,12.76
fold2_room1_mix0567,74,0,0,-9,-2,20.08
fold2_room1_mix0567,74,0,0,-40,-2,16.39
fold2_room1_mix0567,74,4,0,174,-3,11.18
fold2_room1_mix0567,75,0,0,-16,-2,15.81
fold2_room1_mix0567,75,0,0,-47,-3,13.32
fold2_room1_mix0567,75,4,0,176,-2,11.27
fold2_room1_mix0567,76,4,0,174,-2,11.00
fold2_room1_mix0567,77,4,0,176,-2,10.13
fold2_room1_mix0567,78,4,0,174,-3,9.56
fold2_room1_mix0567,79,4,0,175,-3,8.65
fold2_room1_mix0567,80,4,0,175,-4,6.99
fold2_room1_mix0567,81,4,0,175,-5,5.60
fold2_room1_mix0567,82,4,0,175,-7,4.63
fold2_room1_mix0567,83,4,0,169,-10,3.33
fold2_room1_mix0567,84,4,0,169,-12,2.50
fold2_room1_mix0567,85,4,0,159,-19,1.71
fold2_room1_mix0567,86,4,0,119,-42,0.84
fold2_room1_mix0567,87,4,0,40,-30,0.76
fold2_room1_mix0567,88,4,0,21,-17,1.22
fold2_room1_mix0567,89,0,0,5,-2,7.02
fold2_room1_mix0567,89,0,0,-15,-2,8.01
fold2_room1_mix0567,89,4,0,13,-11,2.12
fold2_room1_mix0567,90,4,0,11,-8,2.90
fold2_room1_mix0567,91,4,0,9,-7,3.93
fold2_room1_mix0567,92,4,0,8,-5,5.29
fold2_room1_mix0567,93,4,0,7,-4,6.12
fold2_room1_mix0567,94,4,0,5,-3,7.15
fold2_room1_mix0567,95,4,0,6,-3,8.21
fold2_room1_mix0567,96,4,0,4,-3,9.35
fold2_room1_mix0567,97,4,0,4,-2,10.10
fold2_room1_mix0567,98,4,0,4,-2,11.03
fold2_room1_mix0567,99,4,0,5,-2,11.82
fold2_room1_mix0568,0,5,0,-109,2,7.92
fold2_room1_mix0568,1,5,0,-117,3,15.58
fold2_room1_mix0568,2,5,0,-124,3,14.62
fold2_room1_mix0568,3,5,0,-108,2,16.34
fold2_room1_mix0568,4,5,0,-92,2,9.32
fold2_room1_mix0568,5,5,0,-118,3,16.51
fold2_room1_mix0568,6,5,0,-105,2,22.02
fold2_room1_mix0568,7,5,0,-114,2,18.42
fold2_room1_mix0568,8,5,0,-102,3,16.54
fold2_room1_mix0568,9,5,0,-105,2,19.77
fold2_room1_mix0568,10,5,0,-113,3,15.46
fold2_room1_mix0568,11,5,0,-110,2,18.66
fold2_room1_mix0568,12,5,0,-104,3,18.44
fold2_room1_mix0568,13,5,0,-112,2,16.95
fold2_room1_mix0568,14,5,0,-106,2,18.67
fold2_room1_mix0568,15,5,0,-105,3,18.02
fold2_room1_mix0568,16,5,0,-108,2,17.09
fold2_room1_mix0568,17,4,0,-1,2,2.56
fold2_room1_mix0568,17,5,0,-102,3,17.11
fold2_room1_mix0568,18,4,0,0,1,5.76
fold2_room1_mix0568,18,5,0,-112,3,16.72
fold2_room1_mix0568,19,5,0,-105,3,18.64
fold2_room1_mix0568,20,4,0,-2,1,8.55
fold2_room1_mix0568,20,5,0,-104,3,16.31
fold2_room1_mix0568,21,5,0,-111,3,17.24
fold2_room1_mix0568,22,4,0,1,1,4.60
fold2_room1_mix0568,22,5,0,-105,3,18.24
fold2_room1_mix0568,23,4,0,-5,0,19.82
fold2_room1_mix0568,23,5,0,-105,4,15.98
fold2_room1_mix0568,24,4,0,-1,-1,21.68
fold2_room1_mix0568,24,5,0,-105,3,16.59
fold2_room1_mix0568,25,4,0,-4,-1,21.81
fold2_room1_mix0568,25,5,0,-101,3,19.29
fold2_room1_mix0568,26,4,0,-3,-1,19.04
fold2_room1_mix0568,26,5,0,-101,3,16.23
fold2_room1_mix0568,27,4,0,0,-2,21.17
fold2_room1_mix0568,27,5,0,-104,3,16.67
fold2_room1_mix0568,28,4,0,-1,-2,23.92
fold2_room1_mix0568,28,5,0,-96,4,15.49
fold2_room1_mix0568,29,4,0,0,-2,24.15
fold2_room1_mix0568,29,5,0,-106,3,15.39
fold2_room1_mix0568,30,4,0,0,-2,22.39
fold2_room1_mix0568,30,5,0,-102,3,16.04
fold2_room1_mix0568,31,4,0,2,-2,23.08
fold2_room1_mix0568,31,5,0,-93,3,14.56
fold2_room1_mix0568,32,4,0,1,-2,21.83
fold2_room1_mix0568,32,5,0,-103,3,15.61
fold2_room1_mix0568,33,4,0,1,-2,20.95
fold2_room1_mix0568,33,5,0,-95,3,15.00
fold2_room1_mix0568,34,4,0,3,-2,20.11
fold2_room1_mix0568,34,5,0,-107,3,14.72
fold2_room1_mix0568,35,4,0,5,-1,20.03
fold2_room1_mix0568,35,5,0,-109,3,15.86
fold2_room1_mix0568,36,4,0,5,-1,20.69
fold2_room1_mix0568,36,5,0,-103,3,14.47
fold2_room1_mix0568,37,4,0,7,-1,20.29
fold2_room1_mix0568,37,5,0,-110,3,14.51
fold2_room1_mix0568,38,4,0,7,-2,19.37
fold2_room1_mix0568,38,5,0,-111,3,16.77
fold2_room1_mix0568,39,4,0,8,-1,18.10
fold2_room1_mix0568,39,5,0,-110,3,15.67
fold2_room1_mix0568,40,4,0,7,-1,17.56
fold2_room1_mix0568,40,5,0,-112,3,16.39
fold2_room1_mix0568,41,4,0,7,-2,17.08
fold2_room1_mix0568,41,5,0,-108,3,16.37
fold2_room1_mix0568,42,4,0,9,-2,15.73
fold2_room1_mix0568,42,5,0,-109,3,15.56
fold2_room1_mix0568,43,4,0,11,-2,15.66
fold2_room1_mix0568,43,5,0,-115,3,17.06
fold2_room1_mix0568,44,4,0,9,-2,15.76
fold2_room1_mix0568,44,5,0,-109,2,17.04
fold2_room1_mix0568,45,4,0,11,-2,14.16
fold2_room1_mix0568,45,5,0,-117,2,17.02
fold2_room1_mix0568,46,4,0,14,-2,13.22
fold2_room1_mix0568,46,5,0,-114,3,16.98
fold2_room1_mix0568,47,4,0,11,-2,13.13
fold2_room1_mix0568,47,5,0,-114,3,16.31
fold2_room1_mix0568,48,4,0,29,-3,11.79
fold2_room1_mix0568,48,4,0,-1,-2,13.91
fold2_room1_mix0568,48,5,0,-114,2,17.36
fold2_room1_mix0568,49,4,0,35,-3,10.89
fold2_room1_mix0568,49,4,0,15,-3,9.76
fold2_room1_mix0568,49,4,0,-1,-2,13.28
fold2_room1_mix0568,49,5,0,-106,3,16.15
fold2_room1_mix0568,50,4,0,31,-4,9.27
fold2_room1_mix0568,50,4,0,-7,-2,11.72
fold2_room1_mix0568,50,5,0,-115,3,16.04
fold2_room1_mix0568,51,4,0,36,-4,7.68
fold2_room1_mix0568,51,4,0,-3,-1,11.22
fold2_room1_mix0568,51,5,0,-113,3,16.78
fold2_room1_mix0568,52,4,0,147,-3,12.88
fold2_room1_mix0568,52,4,0,39,-4,7.77
fold2_room1_mix0568,52,4,0,-2,-3,10.28
fold2_room1_mix0568,52,5,0,-113,3,16.21
fold2_room1_mix0568,53,4,0,58,-6,7.83
fold2_room1_mix0568,53,4,0,24,-5,7.01
fold2_room1_mix0568,53,4,0,-1,-3,10.33
fold2_room1_mix0568,53,5,0,-114,3,15.84
fold2_room1_mix0568,54,4,0,66,-4,9.35
fold2_room1_mix0568,54,4,0,30,-5,6.35
fold2_room1_mix0568,54,4,0,-12,-5,7.33
fold2_room1_mix0568,54,5,0,-114,3,16.18
fold2_room1_mix0568,55,4,0,78,-7,7.52
fold2_room1_mix0568,55,4,0,20,-6,6.10
fold2_room1_mix0568,55,4,0,-2,-5,7.64
fold2_room1_mix0568,55,5,0,-111,3,16.16
fold2_room1_mix0568,56,4,0,110,-7,7.52
fold2_room1_mix0568,56,4,0,27,-7,5.61
fold2_room1_mix0568,56,4,0,-9,-5,8.02
fold2_room1_mix0568,56,5,0,-121,3,15.42
fold2_room1_mix0568,57,4,0,139,-4,10.01
fold2_room1_mix0568,57,4,0,40,-7,5.36
fold2_room1_mix0568,57,4,0,-9,-4,7.78
fold2_room1_mix0568,57,5,0,-111,3,16.44
fold2_room1_mix0568,58,4,0,135,-4,9.09
fold2_room1_mix0568,58,4,0,46,-7,5.32
fold2_room1_mix0568,58,4,0,-3,-6,6.79
fold2_room1_mix0568,58,5,0,-118,3,15.04
fold2_room1_mix0568,59,4,0,127,-6,7.52
fold2_room1_mix0568,59,4,0,0,-8,6.05
fold2_room1_mix0568,59,5,0,-119,3,16.33
fold2_room1_mix0568,60,4,0,139,-4,9.79
fold2_room1_mix0568,60,4,0,14,-8,5.47
fold2_room1_mix0568,60,4,0,-1,-7,6.37
fold2_room1_mix0568,60,5,0,-117,3,15.67
fold2_room1_mix0568,61,4,0,140,-4,9.33
fold2_room1_mix0568,61,4,0,-1,-8,5.65
fold2_room1_mix0568,61,5,0,-121,3,16.23
fold2_room1_mix0568,62,4,0,141,-4,9.56
fold2_room1_mix0568,62,4,0,-2,-9,5.35
fold2_room1_mix0568,62,5,0,-120,3,16.07
fold2_room1_mix0568,63,4,0,146,-3,10.97
fold2_room1_mix0568,63,4,0,-3,-11,4.82
fold2_room1_mix0568,63,5,0,-115,3,15.47
fold2_room1_mix0568,64,4,0,145,-3,11.71
fold2_room1_mix0568,64,4,0,-11,-11,4.51
fold2_room1_mix0568,64,5,0,-120,2,18.03
fold2_room1_mix0568,65,4,0,148,-4,11.05
fold2_room1_mix0568,65,4,0,-13,-11,4.61
fold2_room1_mix0568,65,5,0,-114,3,16.06
fold2_room1_mix0568,66,4,0,149,-3,11.27
fold2_room1_mix0568,66,4,0,-15,-14,4.15
fold2_room1_mix0568,66,5,0,-118,3,15.70
fold2_room1_mix0568,67,4,0,150,-3,11.77
fold2_room1_mix0568,67,4,0,-23,-16,3.46
fold2_room1_mix0568,67,5,0,-116,3,18.10
fold2_room1_mix0568,68,4,0,151,-2,12.59
fold2_room1_mix0568,68,4,0,-28,-18,3.80
fold2_room1_mix0568,68,5,0,-119,3,15.68
fold2_room1_mix0568,69,4,0,151,-3,10.99
fold2_room1_mix0568,69,4,0,-37,-24,3.32
fold2_room1_mix0568,69,5,0,-114,3,15.92
fold2_room1_mix0568,70,4,0,146,-4,10.73
fold2_room1_mix0568,70,4,0,-55,-32,2.86
fold2_room1_mix0568,70,5,0,-117,3,17.54
fold2_room1_mix0568,71,4,0,146,-3,12.40
fold2_room1_mix0568,71,4,0,-92,-33,2.80
fold2_room1_mix0568,71,5,0,-109,3,15.29
fold2_room1_mix0568,72,4,0,147,-4,12.11
fold2_room1_mix0568,72,4,0,-124,-31,2.84
fold2_room1_mix0568,72,5,0,-113,3,15.66
fold2_room1_mix0568,73,4,0,151,-6,10.65
fold2_room1_mix0568,73,4,0,-141,-25,3.04
fold2_room1_mix0568,73,5,0,-98,3,17.16
fold2_room1_mix0568,74,4,0,154,-6,11.17
fold2_room1_mix0568,74,4,0,-152,-21,3.39
fold2_room1_mix0568,74,5,0,-107,3,16.03
fold2_room1_mix0568,75,4,0,160,-6,9.67
fold2_room1_mix0568,75,4,0,-156,-16,3.77
fold2_room1_mix0568,75,5,0,-110,3,16.49
fold2_room1_mix0568,76,4,0,-179,-8,7.38
fold2_room1_mix0568,76,4,0,172,-8,7.78
fold2_room1_mix0568,76,5,0,-104,3,16.29
fold2_room1_mix0568,77,4,0,172,-9,7.57
fold2_room1_mix0568,77,4,0,172,-9,7.78
fold2_room1_mix0568,77,5,0,-103,3,16.17
fold2_room1_mix0568,78,4,0,165,-8,7.97
fold2_room1_mix0568,78,4,0,-161,-13,4.21
fold2_room1_mix0568,78,4,0,-176,-10,6.62
fold2_room1_mix0568,78,5,0,-109,3,15.64
fold2_room1_mix0568,79,4,0,-169,-10,5.39
fold2_room1_mix0568,79,4,0,155,-5,9.91
fold2_room1_mix0568,79,5,0,-97,3,14.83
fold2_room1_mix0568,80,4,0,-169,-10,5.12
fold2_room1_mix0568,80,4,0,143,-3,11.55
fold2_room1_mix0568,80,5,0,-102,3,16.31
fold2_room1_mix0568,81,4,0,-162,-9,3.15
fold2_room1_mix0568,81,4,0,133,-6,7.12
fold2_room1_mix0568,81,5,0,-104,3,18.09
fold2_room1_mix0568,82,4,0,-167,-7,3.87
fold2_room1_mix0568,82,4,0,149,-6,6.52
fold2_room1_mix0568,82,4,0,122,-10,3.81
fold2_room1_mix0568,82,5,0,-107,4,16.49
fold2_room1_mix0568,83,4,0,-167,-6,5.22
fold2_room1_mix0568,83,4,0,146,-8,6.25
fold2_room1_mix0568,83,4,0,112,-17,2.44
fold2_room1_mix0568,83,5,0,-101,3,16.70
fold2_room1_mix0568,84,4,0,-171,-6,5.47
fold2_room1_mix0568,84,4,0,146,-5,8.44
fold2_room1_mix0568,84,4,0,60,-17,2.34
fold2_room1_mix0568,84,5,0,-102,4,14.72
fold2_room1_mix0568,85,4,0,176,-4,7.29
fold2_room1_mix0568,85,4,0,45,-14,2.38
fold2_room1_mix0568,85,5,0,-101,4,14.54
fold2_room1_mix0568,86,4,0,177,-4,7.12
fold2_room1_mix0568,86,4,0,29,-12,2.85
fold2_room1_mix0568,86,5,0,-104,4,16.93
fold2_room1_mix0568,87,4,0,-178,-4,7.40
fold2_room1_mix0568,87,4,0,25,-12,3.19
fold2_room1_mix0568,87,5,0,-98,4,14.58
fold2_room1_mix0568,88,4,0,-177,-4,8.01
fold2_room1_mix0568,88,4,0,20,-8,4.38
fold2_room1_mix0568,88,5,0,-105,4,14.54
fold2_room1_mix0568,89,4,0,-177,-3,8.70
fold2_room1_mix0568,89,4,0,18,-7,4.80
fold2_room1_mix0568,89,5,0,-103,4,15.82
fold2_room1_mix0568,90,4,0,-178,-2,9.64
fold2_room1_mix0568,90,4,0,11,-6,5.75
fold2_room1_mix0568,90,5,0,-105,4,15.50
fold2_room1_mix0568,91,4,0,-173,-3,8.36
fold2_room1_mix0568,91,4,0,17,-6,6.18
fold2_room1_mix0568,91,5,0,-109,3,16.89
fold2_room1_mix0568,92,4,0,-175,-3,9.17
fold2_room1_mix0568,92,4,0,14,-5,6.79
fold2_room1_mix0568,92,5,0,-111,3,15.75
fold2_room1_mix0568,93,4,0,-175,-3,9.04
fold2_room1_mix0568,93,4,0,14,-5,7.10
fold2_room1_mix0568,93,5,0,-105,3,17.51
fold2_room1_mix0568,94,4,0,-176,-3,10.37
fold2_room1_mix0568,94,4,0,13,-5,8.29
fold2_room1_mix0568,94,5,0,-109,4,16.69
fold2_room1_mix0568,95,4,0,-176,-3,11.09
fold2_room1_mix0568,95,4,0,9,-5,9.64
fold2_room1_mix0568,95,5,0,-101,3,16.11
fold2_room1_mix0568,96,4,0,-173,-3,10.87
fold2_room1_mix0568,96,4,0,15,-4,9.92
fold2_room1_mix0568,96,5,0,-117,3,18.98
fold2_room1_mix0568,97,4,0,-174,-3,12.03
fold2_room1_mix0568,97,4,0,10,-4,10.46
fold2_room1_mix0568,97,5,0,-100,3,18.46
fold2_room1_mix0568,98,4,0,-175,-3,12.47
fold2_room1_mix0568,98,4,0,10,-3,11.78
fold2_room1_mix0568,98,5,0,-113,3,15.78
fold2_room1_mix0568,99,4,0,-175,-3,12.48
fold2_room1_mix0568,99,4,0,12,-3,12.50
fold2_room1_mix0568,99,5,0,-109,3,17.40
fold2_room1_mix0569,0,5,0,74,3,3.48
fold2_room1_mix0569,1,5,0,80,4,6.20
fold2_room1_mix0569,2,4,0,176,0,1.89
fold2_room1_mix0569,2,5,0,71,5,5.74
fold2_room1_mix0569,3,5,0,78,5,4.27
fold2_room1_mix0569,4,4,0,173,0,8.38
fold2_room1_mix0569,4,5,0,87,6,7.23
fold2_room1_mix0569,5,4,0,172,0,11.74
fold2_room1_mix0569,5,5,0,84,4,8.56
fold2_room1_mix0569,6,4,0,173,0,14.80
fold2_room1_mix0569,6,5,0,75,4,10.55
fold2_room1_mix0569,7,4,0,173,0,22.98
fold2_room1_mix0569,7,5,0,83,5,9.00
fold2_room1_mix0569,8,4,0,173,0,30.49
fold2_room1_mix0569,8,5,0,83,4,9.11
fold2_room1_mix0569,9,4,0,176,0,25.79
fold2_room1_mix0569,9,5,0,79,4,10.66
fold2_room1_mix0569,10,4,0,175,0,30.38
fold2_room1_mix0569,10,5,0,79,4,9.14
fold2_room1_mix0569,11,4,0,173,0,31.75
fold2_room1_mix0569,11,5,0,78,4,9.08
fold2_room1_mix0569,12,4,0,175,0,29.09
fold2_room1_mix0569,12,5,0,77,4,9.11
fold2_room1_mix0569,13,4,0,172,0,23.13
fold2_room1_mix0569,13,5,0,75,4,10.01
fold2_room1_mix0569,14,4,0,175,0,27.95
fold2_room1_mix0569,14,5,0,68,3,11.51
fold2_room1_mix0569,15,4,0,175,0,29.54
fold2_room1_mix0569,15,5,0,75,3,10.41
fold2_room1_mix0569,16,4,0,176,0,30.72
fold2_room1_mix0569,16,5,0,77,4,9.35
fold2_room1_mix0569,17,4,0,174,0,30.46
fold2_room1_mix0569,17,5,0,70,4,9.06
fold2_room1_mix0569,18,4,0,172,0,26.28
fold2_room1_mix0569,18,5,0,73,3,10.84
fold2_room1_mix0569,19,4,0,173,0,32.02
fold2_room1_mix0569,19,5,0,79,4,10.65
fold2_room1_mix0569,20,4,0,173,0,28.12
fold2_room1_mix0569,20,5,0,73,3,10.60
fold2_room1_mix0569,21,4,0,175,0,28.11
fold2_room1_mix0569,21,5,0,73,3,12.08
fold2_room1_mix0569,22,4,0,176,0,30.24
fold2_room1_mix0569,22,5,0,69,2,12.58
fold2_room1_mix0569,23,4,0,176,0,25.90
fold2_room1_mix0569,23,5,0,84,3,11.23
fold2_room1_mix0569,24,4,0,174,0,27.76
fold2_room1_mix0569,24,5,0,70,3,10.74
fold2_room1_mix0569,25,4,0,174,0,28.02
fold2_room1_mix0569,25,5,0,68,3,11.19
fold2_room1_mix0569,26,4,0,176,-1,28.00
fold2_room1_mix0569,26,5,0,74,3,13.03
fold2_room1_mix0569,27,4,0,174,0,29.61
fold2_room1_mix0569,27,5,0,73,3,12.11
fold2_room1_mix0569,28,4,0,176,-1,26.55
fold2_room1_mix0569,28,5,0,71,3,11.13
fold2_room1_mix0569,29,4,0,177,-1,26.27
fold2_room1_mix0569,29,5,0,72,3,13.25
fold2_room1_mix0569,30,4,0,176,0,27.72
fold2_room1_mix0569,30,5,0,70,3,12.08
fold2_room1_mix0569,31,4,0,176,0,29.04
fold2_room1_mix0569,31,5,0,75,3,11.54
fold2_room1_mix0569,32,4,0,178,0,28.15
fold2_room1_mix0569,32,5,0,73,3,11.48
fold2_room1_mix0569,33,4,0,178,-1,26.35
fold2_room1_mix0569,33,5,0,63,3,12.66
fold2_room1_mix0569,34,4,0,176,-1,26.02
fold2_room1_mix0569,34,5,0,66,2,13.94
fold2_room1_mix0569,35,4,0,179,0,26.37
fold2_room1_mix0569,35,5,0,65,3,12.32
fold2_room1_mix0569,36,4,0,179,0,25.34
fold2_room1_mix0569,36,5,0,60,3,12.28
fold2_room1_mix0569,37,4,0,-178,-1,23.86
fold2_room1_mix0569,37,5,0,59,2,12.94
fold2_room1_mix0569,38,4,0,-178,0,22.89
fold2_room1_mix0569,38,5,0,60,2,13.43
fold2_room1_mix0569,39,4,0,-177,0,22.02
fold2_room1_mix0569,39,5,0,61,3,12.94
fold2_room1_mix0569,40,4,0,-178,0,21.28
fold2_room1_mix0569,40,5,0,68,3,12.36
fold2_room1_mix0569,41,4,0,179,0,21.51
fold2_room1_mix0569,41,5,0,58,3,12.30
fold2_room1_mix0569,42,4,0,-179,-1,19.22
fold2_room1_mix0569,42,5,0,72,3,13.13
fold2_room1_mix0569,43,4,0,-179,0,19.02
fold2_room1_mix0569,43,5,0,61,3,12.73
fold2_room1_mix0569,44,4,0,179,-1,18.32
fold2_room1_mix0569,44,5,0,63,3,11.56
fold2_room1_mix0569,45,4,0,-179,-1,16.83
fold2_room1_mix0569,45,5,0,60,3,13.76
fold2_room1_mix0569,46,4,0,-178,-1,16.28
fold2_room1_mix0569,46,5,0,63,2,13.70
fold2_room1_mix0569,47,4,0,-178,-1,15.13
fold2_room1_mix0569,47,5,0,59,3,12.88
fold2_room1_mix0569,48,4,0,178,-2,14.55
fold2_room1_mix0569,48,5,0,57,3,12.41
fold2_room1_mix0569,49,4,0,-179,-2,13.13
fold2_room1_mix0569,49,5,0,55,2,12.62
fold2_room1_mix0569,50,4,0,179,-2,12.24
fold2_room1_mix0569,50,5,0,61,3,13.52
fold2_room1_mix0569,51,4,0,179,-2,11.85
fold2_room1_mix0569,51,5,0,55,2,13.25
fold2_room1_mix0569,52,4,0,178,-2,10.69
fold2_room1_mix0569,52,5,0,58,3,12.24
fold2_room1_mix0569,53,4,0,176,-3,9.38
fold2_room1_mix0569,53,5,0,55,3,13.00
fold2_room1_mix0569,54,4,0,178,-3,8.66
fold2_room1_mix0569,54,5,0,55,2,13.32
fold2_room1_mix0569,55,4,0,175,-3,7.74
fold2_room1_mix0569,55,5,0,55,3,12.67
fold2_room1_mix0569,56,4,0,175,-4,6.33
fold2_room1_mix0569,56,5,0,51,3,12.22
fold2_room1_mix0569,57,4,0,172,-5,5.66
fold2_room1_mix0569,57,5,0,51,3,12.04
fold2_room1_mix0569,58,4,0,171,-6,4.58
fold2_room1_mix0569,58,5,0,58,3,13.22
fold2_room1_mix0569,59,4,0,168,-8,3.65
fold2_room1_mix0569,59,5,0,54,2,13.73
fold2_room1_mix0569,60,4,0,163,-10,2.60
fold2_room1_mix0569,60,5,0,54,3,12.56
fold2_room1_mix0569,61,4,0,148,-15,1.74
fold2_room1_mix0569,61,5,0,58,3,12.97
fold2_room1_mix0569,62,4,0,78,-26,1.00
fold2_room1_mix0569,62,5,0,59,2,13.75
fold2_room1_mix0569,63,4,0,25,-10,1.09
fold2_room1_mix0569,63,5,0,51,3,12.27
fold2_room1_mix0569,64,4,0,15,-6,1.74
fold2_room1_mix0569,64,5,0,48,3,12.69
fold2_room1_mix0569,65,4,0,7,-5,2.60
fold2_room1_mix0569,65,5,0,52,3,13.03
fold2_room1_mix0569,66,4,0,8,-4,3.34
fold2_room1_mix0569,66,5,0,48,2,12.81
fold2_room1_mix0569,67,4,0,7,-3,4.23
fold2_room1_mix0569,67,5,0,43,2,13.79
fold2_room1_mix0569,68,4,0,4,-3,5.44
fold2_room1_mix0569,68,5,0,53,2,12.36
fold2_room1_mix0569,69,4,0,4,-2,6.41
fold2_room1_mix0569,69,5,0,51,2,12.11
fold2_room1_mix0569,70,4,0,2,-1,7.33
fold2_room1_mix0569,70,5,0,45,2,14.00
fold2_room1_mix0569,71,4,0,2,-1,8.07
fold2_room1_mix0569,71,5,0,42,2,12.94
fold2_room1_mix0569,72,4,0,2,-1,8.73
fold2_room1_mix0569,72,5,0,43,2,13.46
fold2_room1_mix0569,73,4,0,2,-1,9.91
fold2_room1_mix0569,73,5,0,45,2,13.96
fold2_room1_mix0569,74,4,0,2,-1,10.54
fold2_room1_mix0569,74,5,0,46,2,14.10
fold2_room1_mix0569,75,4,0,3,-1,11.60
fold2_room1_mix0569,75,5,0,44,2,14.16
fold2_room1_mix0569,76,4,0,1,-1,12.11
fold2_room1_mix0569,76,5,0,46,2,14.30
fold2_room1_mix0569,77,4,0,2,-1,13.41
fold2_room1_mix0569,77,5,0,47,2,15.49
fold2_room1_mix0569,78,4,0,1,-1,14.65
fold2_room1_mix0569,78,5,0,46,1,15.47
fold2_room1_mix0569,79,4,0,1,-1,15.42
fold2_room1_mix0569,79,5,0,49,1,14.83
fold2_room1_mix0569,80,4,0,2,-1,16.74
fold2_room1_mix0569,80,5,0,42,1,15.28
fold2_room1_mix0569,81,4,0,0,-1,17.32
fold2_room1_mix0569,81,5,0,49,2,15.55
fold2_room1_mix0569,82,4,0,1,-1,18.67
fold2_room1_mix0569,82,5,0,48,2,15.45
fold2_room1_mix0569,83,4,0,1,-1,18.98
fold2_room1_mix0569,83,5,0,42,1,16.74
fold2_room1_mix0569,84,4,0,1,-1,20.15
fold2_room1_mix0569,84,5,0,45,1,16.27
fold2_room1_mix0569,85,4,0,2,0,22.31
fold2_room1_mix0569,85,5,0,45,2,16.91
fold2_room1_mix0569,86,4,0,1,-1,23.21
fold2_room1_mix0569,86,5,0,39,1,17.44
fold2_room1_mix0569,87,4,0,1,0,23.39
fold2_room1_mix0569,87,5,0,42,1,16.75
fold2_room1_mix0569,88,4,0,2,0,22.88
fold2_room1_mix0569,88,5,0,40,1,17.60
fold2_room1_mix0569,89,4,0,1,0,25.43
fold2_room1_mix0569,89,5,0,40,1,18.12
fold2_room1_mix0569,90,4,0,1,-1,25.13
fold2_room1_mix0569,90,5,0,43,1,18.10
fold2_room1_mix0569,91,4,0,1,-1,24.39
fold2_room1_mix0569,91,5,0,42,1,17.88
fold2_room1_mix0569,92,4,0,1,0,26.91
fold2_room1_mix0569,92,5,0,45,1,17.01
fold2_room1_mix0569,93,4,0,2,-1,28.25
fold2_room1_mix0569,93,5,0,45,1,17.65
fold2_room1_mix0569,94,4,0,1,0,29.66
fold2_room1_mix0569,94,5,0,41,1,18.14
fold2_room1_mix0569,95,4,0,0,0,30.90
fold2_room1_mix0569,95,5,0,41,1,16.78
fold2_room1_mix0569,96,4,0,2,-1,29.47
fold2_room1_mix0569,96,5,0,41,1,18.03
fold2_room1_mix0569,97,4,0,0,0,32.25
fold2_room1_mix0569,97,5,0,42,1,17.07
fold2_room1_mix0569,98,4,0,2,-1,33.77
fold2_room1_mix0569,98,5,0,43,1,18.14
fold2_room1_mix0569,99,4,0,1,-1,31.79
fold2_room1_mix0569,99,5,0,40,1,18.77
fold2_room1_mix0571,4,4,0,178,-1,10.55
fold2_room1_mix0571,4,4,0,-2,-1,8.30
fold2_room1_mix0571,5,4,0,176,0,12.46
fold2_room1_mix0571,5,4,0,-1,-1,9.15
fold2_room1_mix0571,6,4,0,177,0,15.93
fold2_room1_mix0571,6,4,0,-1,-1,10.88
fold2_room1_mix0571,7,4,0,179,0,25.25
fold2_room1_mix0571,7,4,0,-1,-3,14.16
fold2_room1_mix0571,8,4,0,179,0,24.87
fold2_room1_mix0571,8,4,0,0,-3,13.40
fold2_room1_mix0571,9,4,0,178,-1,23.20
fold2_room1_mix0571,9,4,0,-1,-3,13.08
fold2_room1_mix0571,10,4,0,179,0,25.52
fold2_room1_mix0571,10,4,0,-1,-3,12.67
fold2_room1_mix0571,11,4,0,179,0,26.51
fold2_room1_mix0571,11,4,0,0,-3,12.91
fold2_room1_mix0571,12,4,0,-179,0,27.03
fold2_room1_mix0571,12,4,0,-1,-3,12.55
fold2_room1_mix0571,13,4,0,-179,0,26.96
fold2_room1_mix0571,13,4,0,-2,-3,12.37
fold2_room1_mix0571,14,4,0,-179,0,27.30
fold2_room1_mix0571,14,4,0,-2,-4,12.10
fold2_room1_mix0571,15,4,0,-179,0,27.78
fold2_room1_mix0571,15,4,0,-2,-4,12.41
fold2_room1_mix0571,16,4,0,179,0,26.19
fold2_room1_mix0571,16,4,0,-3,-4,11.30
fold2_room1_mix0571,17,4,0,-179,0,28.38
fold2_room1_mix0571,17,4,0,-3,-4,11.55
fold2_room1_mix0571,18,4,0,179,0,25.10
fold2_room1_mix0571,18,4,0,-3,-4,10.62
fold2_room1_mix0571,19,4,0,-179,0,25.46
fold2_room1_mix0571,19,4,0,-3,-4,10.97
fold2_room1_mix0571,20,4,0,-179,0,24.20
fold2_room1_mix0571,20,4,0,-3,-4,10.85
fold2_room1_mix0571,21,4,0,-179,-1,21.25
fold2_room1_mix0571,21,4,0,-4,-4,10.23
fold2_room1_mix0571,22,4,0,179,-1,25.17
fold2_room1_mix0571,22,4,0,-4,-4,10.19
fold2_room1_mix0571,23,4,0,179,-1,24.07
fold2_room1_mix0571,23,4,0,-5,-4,9.93
fold2_room1_mix0571,24,4,0,179,-1,23.65
fold2_room1_mix0571,24,4,0,-5,-4,9.65
fold2_room1_mix0571,25,4,0,179,0,26.11
fold2_room1_mix0571,25,4,0,-4,-5,9.13
fold2_room1_mix0571,26,4,0,178,0,24.11
fold2_room1_mix0571,26,4,0,-4,-4,9.46
fold2_room1_mix0571,27,4,0,-179,-1,20.09
fold2_room1_mix0571,27,4,0,-4,-4,9.22
fold2_room1_mix0571,28,4,0,179,-1,21.83
fold2_room1_mix0571,28,4,0,-4,-5,8.51
fold2_room1_mix0571,29,1,0,19,-3,33.94
fold2_room1_mix0571,29,4,0,-179,0,20.71
fold2_room1_mix0571,29,4,0,-2,-5,6.79
fold2_room1_mix0571,30,4,0,177,0,22.56
fold2_room1_mix0571,30,4,0,-2,-4,7.07
fold2_room1_mix0571,31,1,0,16,-3,27.53
fold2_room1_mix0571,31,4,0,-177,-1,18.42
fold2_room1_mix0571,31,4,0,-2,-5,8.28
fold2_room1_mix0571,32,1,0,19,-3,28.78
fold2_room1_mix0571,32,4,0,179,0,25.13
fold2_room1_mix0571,32,4,0,-2,-5,7.66
fold2_room1_mix0571,33,1,0,20,-2,31.03
fold2_room1_mix0571,33,4,0,-179,1,29.52
fold2_room1_mix0571,33,4,0,-3,-5,7.21
fold2_room1_mix0571,34,1,0,17,-2,28.29
fold2_room1_mix0571,34,4,0,-178,0,25.55
fold2_room1_mix0571,34,4,0,-3,-5,7.61
fold2_room1_mix0571,35,1,0,24,-3,17.07
fold2_room1_mix0571,35,4,0,-178,0,27.40
fold2_room1_mix0571,35,4,0,-7,-6,6.09
fold2_room1_mix0571,36,1,0,24,-3,27.94
fold2_room1_mix0571,36,4,0,179,1,29.81
fold2_room1_mix0571,36,4,0,-5,-6,6.79
fold2_room1_mix0571,37,1,0,22,-3,24.62
fold2_room1_mix0571,37,4,0,177,0,29.25
fold2_room1_mix0571,37,4,0,-1,-5,7.72
fold2_room1_mix0571,38,1,0,24,-3,25.54
fold2_room1_mix0571,38,4,0,179,0,28.20
fold2_room1_mix0571,38,4,0,-3,-6,6.10
fold2_room1_mix0571,39,1,0,23,-3,24.10
fold2_room1_mix0571,39,4,0,177,1,30.66
fold2_room1_mix0571,39,4,0,-4,-6,7.59
fold2_room1_mix0571,40,4,0,172,0,26.51
fold2_room1_mix0571,40,4,0,-3,-8,4.43
fold2_room1_mix0571,41,1,0,36,-3,21.24
fold2_room1_mix0571,41,4,0,179,1,25.89
fold2_room1_mix0571,41,4,0,-11,-8,4.62
fold2_room1_mix0571,42,1,0,26,-3,21.73
fold2_room1_mix0571,42,4,0,175,0,28.76
fold2_room1_mix0571,42,4,0,-3,-8,6.63
fold2_room1_mix0571,43,1,0,27,-3,24.73
fold2_room1_mix0571,43,4,0,178,1,28.91
fold2_room1_mix0571,43,4,0,-5,-7,5.00
fold2_room1_mix0571,44,1,0,29,-3,19.62
fold2_room1_mix0571,44,4,0,177,1,31.61
fold2_room1_mix0571,44,4,0,-5,-7,5.81
fold2_room1_mix0571,45,4,0,169,-1,25.88
fold2_room1_mix0571,45,4,0,-5,-8,4.14
fold2_room1_mix0571,46,1,0,45,-4,19.15
fold2_room1_mix0571,46,4,0,167,0,29.11
fold2_room1_mix0571,46,4,0,-10,-10,3.82
fold2_room1_mix0571,47,1,0,36,-3,19.97
fold2_room1_mix0571,47,4,0,169,1,28.11
fold2_room1_mix0571,47,4,0,-5,-8,5.29
fold2_room1_mix0571,48,1,0,38,-3,17.86
fold2_room1_mix0571,48,4,0,167,0,22.59
fold2_room1_mix0571,48,4,0,-10,-8,4.24
fold2_room1_mix0571,49,1,0,44,-4,13.45
fold2_room1_mix0571,49,4,0,166,-1,27.52
fold2_room1_mix0571,49,4,0,-8,-8,3.52
fold2_room1_mix0571,50,1,0,33,-4,15.62
fold2_room1_mix0571,50,4,0,167,0,29.49
fold2_room1_mix0571,50,4,0,-2,-9,4.15
fold2_room1_mix0571,51,1,0,44,-4,14.74
fold2_room1_mix0571,51,4,0,163,0,25.96
fold2_room1_mix0571,51,4,0,-6,-9,2.99
fold2_room1_mix0571,52,1,0,42,-4,14.87
fold2_room1_mix0571,52,4,0,158,0,26.25
fold2_room1_mix0571,52,4,0,-8,-9,3.80
fold2_room1_mix0571,53,1,0,43,-4,15.85
fold2_room1_mix0571,53,4,0,172,1,29.35
fold2_room1_mix0571,53,4,0,-11,-10,3.98
fold2_room1_mix0571,54,4,0,171,-1,25.17
fold2_room1_mix0571,54,4,0,-22,-14,2.45
fold2_room1_mix0571,55,1,0,53,-4,12.36
fold2_room1_mix0571,55,4,0,153,0,25.50
fold2_room1_mix0571,55,4,0,-24,-18,1.61
fold2_room1_mix0571,55,4,0,-10,-8,3.25
fold2_room1_mix0571,56,1,0,60,-4,12.79
fold2_room1_mix0571,56,4,0,164,-1,19.52
fold2_room1_mix0571,56,4,0,-23,-13,2.11
fold2_room1_mix0571,57,1,0,51,-4,14.88
fold2_room1_mix0571,57,4,0,161,-1,24.48
fold2_room1_mix0571,57,4,0,-39,-23,1.07
fold2_room1_mix0571,57,4,0,-22,-12,2.94
fold2_room1_mix0571,58,1,0,44,-4,15.83
fold2_room1_mix0571,58,4,0,162,-3,23.74
fold2_room1_mix0571,58,4,0,-33,-17,2.55
fold2_room1_mix0571,59,4,0,172,-6,18.21
fold2_room1_mix0571,59,4,0,-58,-34,0.91
fold2_room1_mix0571,59,4,0,-39,-26,2.14
fold2_room1_mix0571,60,1,0,62,-4,9.27
fold2_room1_mix0571,60,4,0,156,-3,13.52
fold2_room1_mix0571,60,4,0,-83,-27,0.50
fold2_room1_mix0571,60,4,0,-47,-21,2.00
fold2_room1_mix0571,61,1,0,69,-4,10.22
fold2_room1_mix0571,61,4,0,-172,-10,11.66
fold2_room1_mix0571,61,4,0,-71,-27,1.17
fold2_room1_mix0571,62,1,0,79,-4,10.75
fold2_room1_mix0571,62,4,0,175,-7,12.31
fold2_room1_mix0571,62,4,0,-105,-34,0.53
fold2_room1_mix0571,62,4,0,-80,-33,1.39
fold2_room1_mix0571,63,1,0,103,-5,9.70
fold2_room1_mix0571,63,4,0,167,-10,11.26
fold2_room1_mix0571,63,4,0,-116,-29,0.66
fold2_room1_mix0571,63,4,0,-93,-32,1.76
fold2_room1_mix0571,64,4,0,169,-6,10.50
fold2_room1_mix0571,64,4,0,-135,-24,1.26
fold2_room1_mix0571,65,1,0,82,-4,10.10
fold2_room1_mix0571,65,4,0,171,-6,7.44
fold2_room1_mix0571,65,4,0,-141,-21,1.15
fold2_room1_mix0571,66,1,0,114,-4,10.61
fold2_room1_mix0571,66,4,0,-176,-3,10.95
fold2_room1_mix0571,66,4,0,-141,-18,1.51
fold2_room1_mix0571,67,1,0,121,-4,11.26
fold2_room1_mix0571,67,4,0,-171,-9,6.55
fold2_room1_mix0571,67,4,0,-151,-16,2.06
fold2_room1_mix0571,67,4,0,-136,-25,1.91
fold2_room1_mix0571,68,1,0,123,-4,12.91
fold2_room1_mix0571,68,4,0,-179,-6,7.90
fold2_room1_mix0571,68,4,0,-152,-13,2.24
fold2_room1_mix0571,68,4,0,-139,-26,2.48
fold2_room1_mix0571,69,4,0,-157,-11,3.75
fold2_room1_mix0571,70,1,0,109,-4,12.32
fold2_room1_mix0571,70,4,0,-163,-7,3.35
fold2_room1_mix0571,71,1,0,134,-4,14.97
fold2_room1_mix0571,71,4,0,-157,-7,4.07
fold2_room1_mix0571,71,4,0,100,-10,3.94
fold2_room1_mix0571,72,1,0,132,-3,15.92
fold2_room1_mix0571,72,4,0,-167,-9,4.27
fold2_room1_mix0571,72,4,0,172,-21,2.75
fold2_room1_mix0571,73,1,0,134,-3,16.26
fold2_room1_mix0571,73,4,0,-167,-6,4.42
fold2_room1_mix0571,74,4,0,-166,-7,4.10
fold2_room1_mix0571,74,4,0,60,-8,4.95
fold2_room1_mix0571,75,1,0,127,-4,14.98
fold2_room1_mix0571,75,4,0,-162,-8,2.89
fold2_room1_mix0571,75,4,0,65,-11,2.72
fold2_room1_mix0571,76,1,0,144,-3,16.33
fold2_room1_mix0571,76,4,0,-162,-1,4.58
fold2_room1_mix0571,76,4,0,142,-6,2.71
fold2_room1_mix0571,76,4,0,78,-5,3.91
fold2_room1_mix0571,77,1,0,143,-3,19.77
fold2_room1_mix0571,77,4,0,-165,-6,4.44
fold2_room1_mix0571,77,4,0,60,-6,5.29
fold2_room1_mix0571,78,1,0,147,-3,21.06
fold2_room1_mix0571,78,4,0,-165,-7,4.69
fold2_room1_mix0571,78,4,0,61,-11,4.42
fold2_room1_mix0571,79,4,0,-166,-4,5.02
fold2_room1_mix0571,79,4,0,125,-2,5.96
fold2_room1_mix0571,79,4,0,37,-3,8.91
fold2_room1_mix0571,80,4,0,-177,-6,4.11
fold2_room1_mix0571,80,4,0,41,-4,8.42
fold2_room1_mix0571,81,4,0,-169,-5,4.33
fold2_room1_mix0571,81,4,0,163,-6,4.60
fold2_room1_mix0571,81,4,0,40,-3,9.33
fold2_room1_mix0571,82,4,0,-165,-5,5.43
fold2_room1_mix0571,82,4,0,148,-4,7.36
fold2_room1_mix0571,82,4,0,39,-3,11.61
fold2_room1_mix0571,83,4,0,-166,-5,5.26
fold2_room1_mix0571,83,4,0,117,-5,7.93
fold2_room1_mix0571,83,4,0,30,-2,13.27
fold2_room1_mix0571,84,4,0,-166,-4,6.16
fold2_room1_mix0571,84,4,0,145,-4,7.64
fold2_room1_mix0571,84,4,0,37,-2,13.83
fold2_room1_mix0571,85,4,0,-176,-6,6.54
fold2_room1_mix0571,85,4,0,44,-2,13.98
fold2_room1_mix0571,86,4,0,-170,-6,5.28
fold2_room1_mix0571,86,4,0,170,-5,6.01
fold2_room1_mix0571,86,4,0,36,-1,14.56
fold2_room1_mix0571,87,4,0,-168,-4,6.02
fold2_room1_mix0571,87,4,0,154,-4,7.47
fold2_room1_mix0571,87,4,0,44,0,14.98
fold2_room1_mix0571,88,4,0,-178,-5,5.77
fold2_room1_mix0571,88,4,0,33,0,17.67
fold2_room1_mix0571,89,4,0,-172,-4,5.86
fold2_room1_mix0571,89,4,0,168,-5,5.83
fold2_room1_mix0571,89,4,0,37,0,17.75
fold2_room1_mix0571,90,4,0,-172,-4,6.47
fold2_room1_mix0571,90,4,0,168,-5,6.97
fold2_room1_mix0571,90,4,0,29,0,20.57
fold2_room1_mix0571,91,4,0,-176,-6,6.40
fold2_room1_mix0571,91,4,0,33,-1,20.04
fold2_room1_mix0571,92,4,0,-171,-3,7.48
fold2_room1_mix0571,92,4,0,164,-4,7.93
fold2_room1_mix0571,92,4,0,26,0,22.96
fold2_room1_mix0571,93,4,0,-177,-4,6.64
fold2_room1_mix0571,93,4,0,32,0,21.30
fold2_room1_mix0571,94,4,0,-177,-4,7.08
fold2_room1_mix0571,94,4,0,28,0,23.53
fold2_room1_mix0571,95,4,0,-179,-4,8.13
fold2_room1_mix0571,95,4,0,27,0,25.66
fold2_room1_mix0571,96,4,0,-175,-4,7.22
fold2_room1_mix0571,96,4,0,23,0,26.10
fold2_room1_mix0571,97,4,0,-175,-4,7.73
fold2_room1_mix0571,97,4,0,22,0,28.61
fold2_room1_mix0571,98,4,0,-175,-5,7.75
fold2_room1_mix0571,98,4,0,23,0,26.06
fold2_room1_mix0571,99,4,0,-177,-4,7.09
fold2_room1_mix0571,99,4,0,22,0,26.57
fold2_room1_mix0571,2,4,0,-7,1,1.51
fold2_room1_mix0571,3,4,0,-3,0,6.73
fold2_room1_mix0572,0,5,0,175,3,3.02
fold2_room1_mix0572,1,5,0,170,3,2.54
fold2_room1_mix0572,2,5,0,-177,4,6.24
fold2_room1_mix0572,3,4,0,-19,3,6.20
fold2_room1_mix0572,3,5,0,170,6,4.57
fold2_room1_mix0572,4,4,0,-14,0,18.20
fold2_room1_mix0572,4,5,0,162,4,5.45
fold2_room1_mix0572,5,4,0,-12,1,16.79
fold2_room1_mix0572,5,5,0,168,6,7.29
fold2_room1_mix0572,6,4,0,-18,0,21.40
fold2_room1_mix0572,6,5,0,168,7,7.15
fold2_room1_mix0572,7,4,0,-16,0,29.93
fold2_room1_mix0572,7,5,0,164,5,7.10
fold2_room1_mix0572,8,4,0,-15,0,33.10
fold2_room1_mix0572,8,5,0,169,5,7.96
fold2_room1_mix0572,9,4,0,-16,-1,30.19
fold2_room1_mix0572,9,5,0,161,8,6.48
fold2_room1_mix0572,10,4,0,-17,0,30.92
fold2_room1_mix0572,10,5,0,171,10,5.48
fold2_room1_mix0572,11,4,0,-19,0,30.58
fold2_room1_mix0572,11,5,0,172,10,5.20
fold2_room1_mix0572,12,4,0,-20,0,28.56
fold2_room1_mix0572,12,5,0,162,9,5.90
fold2_room1_mix0572,13,4,0,-21,0,28.62
fold2_room1_mix0572,13,5,0,166,8,6.35
fold2_room1_mix0572,14,4,0,-20,0,29.40
fold2_room1_mix0572,14,5,0,165,11,5.11
fold2_room1_mix0572,15,4,0,-24,0,28.49
fold2_room1_mix0572,15,5,0,164,11,5.24
fold2_room1_mix0572,16,4,0,-22,0,27.70
fold2_room1_mix0572,16,5,0,161,10,5.32
fold2_room1_mix0572,17,4,0,-25,0,27.86
fold2_room1_mix0572,17,5,0,162,11,5.31
fold2_room1_mix0572,18,4,0,-25,0,27.53
fold2_room1_mix0572,18,5,0,162,9,6.16
fold2_room1_mix0572,19,4,0,-25,0,28.49
fold2_room1_mix0572,19,5,0,165,13,4.54
fold2_room1_mix0572,20,4,0,-27,0,26.90
fold2_room1_mix0572,20,5,0,166,12,4.87
fold2_room1_mix0572,21,4,0,-32,0,26.13
fold2_room1_mix0572,21,5,0,163,8,6.53
fold2_room1_mix0572,22,4,0,-31,0,24.35
fold2_room1_mix0572,22,5,0,161,11,5.32
fold2_room1_mix0572,23,4,0,-33,0,24.92
fold2_room1_mix0572,23,5,0,167,10,5.43
fold2_room1_mix0572,24,4,0,-34,0,24.60
fold2_room1_mix0572,24,5,0,166,10,5.65
fold2_room1_mix0572,25,4,0,-33,-1,24.83
fold2_room1_mix0572,25,5,0,164,11,5.26
fold2_room1_mix0572,26,4,0,-34,-1,24.51
fold2_room1_mix0572,26,5,0,163,11,5.11
fold2_room1_mix0572,27,4,0,-35,0,24.27
fold2_room1_mix0572,27,5,0,166,12,5.14
fold2_room1_mix0572,28,4,0,-35,0,24.41
fold2_room1_mix0572,28,5,0,167,12,5.13
fold2_room1_mix0572,29,4,0,-36,-1,23.56
fold2_room1_mix0572,29,5,0,165,12,4.98
fold2_room1_mix0572,30,4,0,-41,-1,22.24
fold2_room1_mix0572,30,5,0,164,11,5.43
fold2_room1_mix0572,31,4,0,-41,0,22.64
fold2_room1_mix0572,31,5,0,168,10,5.90
fold2_room1_mix0572,32,4,0,-39,0,22.95
fold2_room1_mix0572,32,5,0,167,12,5.07
fold2_room1_mix0572,33,4,0,-41,0,21.64
fold2_room1_mix0572,33,5,0,167,10,5.60
fold2_room1_mix0572,34,4,0,-43,0,21.93
fold2_room1_mix0572,34,5,0,166,9,6.30
fold2_room1_mix0572,35,4,0,-42,0,21.18
fold2_room1_mix0572,35,5,0,166,10,5.76
fold2_room1_mix0572,36,4,0,-44,0,20.36
fold2_room1_mix0572,36,5,0,165,10,5.80
fold2_room1_mix0572,37,4,0,-42,0,20.99
fold2_room1_mix0572,37,5,0,165,9,5.97
fold2_room1_mix0572,38,4,0,-45,0,20.10
fold2_room1_mix0572,38,5,0,164,9,6.17
fold2_room1_mix0572,39,4,0,-45,-1,19.36
fold2_room1_mix0572,39,5,0,164,8,6.23
fold2_room1_mix0572,40,4,0,-47,0,19.54
fold2_room1_mix0572,40,5,0,165,9,5.83
fold2_room1_mix0572,41,4,0,-53,-2,18.04
fold2_room1_mix0572,41,4,0,-31,0,22.15
fold2_room1_mix0572,41,5,0,163,9,5.73
fold2_room1_mix0572,42,4,0,-56,-2,16.48
fold2_room1_mix0572,42,4,0,-34,0,20.22
fold2_room1_mix0572,42,5,0,161,8,5.67
fold2_room1_mix0572,43,4,0,-56,-1,16.66
fold2_room1_mix0572,43,4,0,-40,0,19.01
fold2_room1_mix0572,43,5,0,161,8,6.00
fold2_room1_mix0572,44,4,0,-58,-1,16.28
fold2_room1_mix0572,44,4,0,-30,0,19.91
fold2_room1_mix0572,44,5,0,158,9,5.38
fold2_room1_mix0572,45,4,0,-60,-2,15.02
fold2_room1_mix0572,45,4,0,-33,0,19.36
fold2_room1_mix0572,45,5,0,160,9,5.32
fold2_room1_mix0572,46,4,0,-61,-2,15.62
fold2_room1_mix0572,46,4,0,-23,0,20.65
fold2_room1_mix0572,46,5,0,158,9,5.16
fold2_room1_mix0572,47,4,0,-62,-2,14.91
fold2_room1_mix0572,47,4,0,-36,0,19.86
fold2_room1_mix0572,47,5,0,158,7,6.27
fold2_room1_mix0572,48,4,0,-65,-2,14.45
fold2_room1_mix0572,48,4,0,-28,0,18.17
fold2_room1_mix0572,48,5,0,156,9,5.02
fold2_room1_mix0572,49,4,0,-68,-2,13.85
fold2_room1_mix0572,49,4,0,-21,-1,18.20
fold2_room1_mix0572,49,5,0,157,9,4.99
fold2_room1_mix0572,50,4,0,-69,-2,13.58
fold2_room1_mix0572,50,4,0,-23,0,19.64
fold2_room1_mix0572,50,5,0,157,8,5.44
fold2_room1_mix0572,51,4,0,-70,-2,13.27
fold2_room1_mix0572,51,4,0,-21,0,18.72
fold2_room1_mix0572,51,5,0,158,10,4.57
fold2_room1_mix0572,52,4,0,-72,-2,13.49
fold2_room1_mix0572,52,4,0,-29,-1,17.17
fold2_room1_mix0572,52,5,0,157,9,5.14
fold2_room1_mix0572,53,4,0,-76,-2,13.33
fold2_room1_mix0572,53,4,0,-27,-1,17.82
fold2_room1_mix0572,53,5,0,159,9,5.00
fold2_room1_mix0572,54,4,0,-77,-2,12.65
fold2_room1_mix0572,54,4,0,-33,-1,16.04
fold2_room1_mix0572,54,5,0,157,9,5.23
fold2_room1_mix0572,55,4,0,-80,-2,13.41
fold2_room1_mix0572,55,4,0,-13,-2,16.21
fold2_room1_mix0572,55,5,0,157,9,5.05
fold2_room1_mix0572,56,4,0,-79,-2,13.17
fold2_room1_mix0572,56,4,0,-14,-1,16.92
fold2_room1_mix0572,56,5,0,160,10,4.83
fold2_room1_mix0572,57,4,0,-82,-2,12.96
fold2_room1_mix0572,57,4,0,-23,-2,15.48
fold2_room1_mix0572,57,5,0,160,10,4.74
fold2_room1_mix0572,58,4,0,-85,-1,13.09
fold2_room1_mix0572,58,4,0,-32,-1,15.60
fold2_room1_mix0572,58,5,0,159,10,4.85
fold2_room1_mix0572,59,4,0,-88,-2,13.29
fold2_room1_mix0572,59,4,0,-18,-1,17.20
fold2_room1_mix0572,59,5,0,159,9,5.20
fold2_room1_mix0572,60,4,0,-87,-2,13.33
fold2_room1_mix0572,60,4,0,-9,-1,16.22
fold2_room1_mix0572,60,5,0,162,11,4.64
fold2_room1_mix0572,61,4,0,-87,-1,13.90
fold2_room1_mix0572,61,4,0,-13,-2,16.23
fold2_room1_mix0572,61,5,0,160,10,4.89
fold2_room1_mix0572,62,4,0,-78,-1,14.34
fold2_room1_mix0572,62,4,0,-13,-1,17.06
fold2_room1_mix0572,62,5,0,160,12,4.34
fold2_room1_mix0572,63,4,0,-79,-2,13.59
fold2_room1_mix0572,63,4,0,-13,-2,15.94
fold2_room1_mix0572,63,5,0,160,9,5.21
fold2_room1_mix0572,64,4,0,-102,0,20.23
fold2_room1_mix0572,64,4,0,-52,-3,12.40
fold2_room1_mix0572,64,4,0,-7,-2,14.90
fold2_room1_mix0572,64,5,0,161,11,4.31
fold2_room1_mix0572,65,4,0,-103,0,20.04
fold2_room1_mix0572,65,4,0,-33,-3,12.34
fold2_room1_mix0572,65,4,0,0,-3,13.33
fold2_room1_mix0572,65,5,0,164,10,4.54
fold2_room1_mix0572,66,4,0,-104,0,18.27
fold2_room1_mix0572,66,4,0,-19,-5,10.16
fold2_room1_mix0572,66,4,0,5,-4,10.65
fold2_room1_mix0572,66,5,0,161,8,4.99
fold2_room1_mix0572,67,4,0,-108,0,18.37
fold2_room1_mix0572,67,4,0,-9,-6,8.75
fold2_room1_mix0572,67,4,0,9,-4,9.87
fold2_room1_mix0572,67,5,0,160,8,4.98
fold2_room1_mix0572,68,3,0,-154,-5,2.88
fold2_room1_mix0572,68,4,0,-116,0,22.74
fold2_room1_mix0572,68,4,0,0,-5,12.10
fold2_room1_mix0572,68,5,0,163,8,5.12
fold2_room1_mix0572,69,3,0,-157,-4,8.26
fold2_room1_mix0572,69,4,0,-111,0,21.36
fold2_room1_mix0572,69,4,0,-10,-4,13.35
fold2_room1_mix0572,69,5,0,167,8,5.38
fold2_room1_mix0572,70,3,0,-151,-4,10.15
fold2_room1_mix0572,70,4,0,-117,-1,18.02
fold2_room1_mix0572,70,4,0,-3,-4,11.81
fold2_room1_mix0572,70,5,0,164,7,5.60
fold2_room1_mix0572,71,3,0,-149,-4,9.12
fold2_room1_mix0572,71,4,0,-122,-1,17.36
fold2_room1_mix0572,71,4,0,-6,-7,8.90
fold2_room1_mix0572,71,5,0,165,7,5.13
fold2_room1_mix0572,72,3,0,-164,-4,10.41
fold2_room1_mix0572,72,4,0,-119,-1,16.39
fold2_room1_mix0572,72,4,0,-4,-7,8.65
fold2_room1_mix0572,72,5,0,166,7,5.33
fold2_room1_mix0572,73,3,0,-160,-3,9.61
fold2_room1_mix0572,73,4,0,-120,0,16.55
fold2_room1_mix0572,73,4,0,-6,-7,7.31
fold2_room1_mix0572,73,5,0,166,7,5.58
fold2_room1_mix0572,74,3,0,-162,-3,7.14
fold2_room1_mix0572,74,4,0,-117,0,16.78
fold2_room1_mix0572,74,4,0,-16,-9,7.52
fold2_room1_mix0572,74,4,0,2,-10,4.91
fold2_room1_mix0572,74,5,0,167,7,5.60
fold2_room1_mix0572,75,3,0,-161,-2,2.31
fold2_room1_mix0572,75,4,0,-118,0,16.08
fold2_room1_mix0572,75,4,0,14,-11,3.66
fold2_room1_mix0572,75,5,0,168,6,5.76
fold2_room1_mix0572,76,4,0,-121,0,17.91
fold2_room1_mix0572,76,4,0,20,-15,2.95
fold2_room1_mix0572,76,5,0,166,6,5.55
fold2_room1_mix0572,77,4,0,-123,0,20.44
fold2_room1_mix0572,77,4,0,25,-24,1.68
fold2_room1_mix0572,77,5,0,166,7,4.87
fold2_room1_mix0572,78,4,0,-127,-1,19.51
fold2_room1_mix0572,78,4,0,33,-29,1.38
fold2_room1_mix0572,78,5,0,165,7,5.04
fold2_room1_mix0572,79,4,0,-135,-2,21.89
fold2_room1_mix0572,79,4,0,76,-49,1.44
fold2_room1_mix0572,79,5,0,167,7,5.57
fold2_room1_mix0572,80,3,0,-175,-3,2.81
fold2_room1_mix0572,80,4,0,-140,-1,25.84
fold2_room1_mix0572,80,4,0,144,-42,2.01
fold2_room1_mix0572,80,5,0,162,10,4.12
fold2_room1_mix0572,81,3,0,-173,-4,3.18
fold2_room1_mix0572,81,4,0,-144,-2,24.20
fold2_room1_mix0572,81,4,0,150,-30,2.39
fold2_room1_mix0572,81,5,0,165,8,5.02
fold2_room1_mix0572,82,4,0,-149,-3,16.32
fold2_room1_mix0572,82,4,0,168,-23,2.72
fold2_room1_mix0572,82,4,0,-166,-15,7.37
fold2_room1_mix0572,82,5,0,162,7,6.08
fold2_room1_mix0572,83,4,0,-150,-3,14.72
fold2_room1_mix0572,83,4,0,-152,-6,11.87
fold2_room1_mix0572,83,5,0,164,9,5.43
fold2_room1_mix0572,84,4,0,-153,-2,13.66
fold2_room1_mix0572,84,4,0,-149,-3,12.29
fold2_room1_mix0572,84,5,0,166,9,6.01
fold2_room1_mix0572,85,4,0,-156,-3,12.63
fold2_room1_mix0572,85,4,0,176,-11,4.24
fold2_room1_mix0572,85,4,0,-136,-2,14.53
fold2_room1_mix0572,85,5,0,166,9,5.94
fold2_room1_mix0572,86,4,0,-157,-4,10.06
fold2_room1_mix0572,86,4,0,174,-11,4.29
fold2_room1_mix0572,86,4,0,-135,0,18.80
fold2_room1_mix0572,86,5,0,168,9,6.40
fold2_room1_mix0572,87,4,0,-161,-3,10.77
fold2_room1_mix0572,87,4,0,176,-9,5.37
fold2_room1_mix0572,87,4,0,-133,1,22.83
fold2_room1_mix0572,87,5,0,169,8,6.32
fold2_room1_mix0572,88,4,0,-158,-2,12.44
fold2_room1_mix0572,88,4,0,176,-6,6.33
fold2_room1_mix0572,88,4,0,-135,1,20.98
fold2_room1_mix0572,88,5,0,168,9,5.97
fold2_room1_mix0572,89,4,0,-162,-3,12.33
fold2_room1_mix0572,89,4,0,176,-6,6.82
fold2_room1_mix0572,89,4,0,-137,1,22.56
fold2_room1_mix0572,89,5,0,172,8,6.59
fold2_room1_mix0572,90,4,0,-160,-1,13.91
fold2_room1_mix0572,90,4,0,177,-5,8.17
fold2_room1_mix0572,90,4,0,-133,1,21.28
fold2_room1_mix0572,90,5,0,162,9,5.68
fold2_room1_mix0572,91,4,0,-173,-3,11.20
fold2_room1_mix0572,91,4,0,-133,2,27.52
fold2_room1_mix0572,91,5,0,162,11,4.56
fold2_room1_mix0572,92,4,0,-173,-3,11.29
fold2_room1_mix0572,92,4,0,-136,2,27.56
fold2_room1_mix0572,92,5,0,163,11,4.89
fold2_room1_mix0572,93,4,0,-176,-3,11.07
fold2_room1_mix0572,93,4,0,-135,2,27.94
fold2_room1_mix0572,93,5,0,158,11,4.75
fold2_room1_mix0572,94,4,0,-176,-3,12.55
fold2_room1_mix0572,94,4,0,-137,2,27.03
fold2_room1_mix0572,94,5,0,160,10,5.27
fold2_room1_mix0572,95,4,0,-175,-2,13.38
fold2_room1_mix0572,95,4,0,-139,2,27.02
fold2_room1_mix0572,95,5,0,163,11,5.03
fold2_room1_mix0572,96,4,0,-175,-2,14.78
fold2_room1_mix0572,96,4,0,-137,2,28.13
fold2_room1_mix0572,96,5,0,166,11,4.82
fold2_room1_mix0572,97,4,0,-173,-2,14.70
fold2_room1_mix0572,97,4,0,-137,2,30.10
fold2_room1_mix0572,97,5,0,163,11,5.03
fold2_room1_mix0572,98,4,0,-174,-2,15.28
fold2_room1_mix0572,98,4,0,-136,2,29.46
fold2_room1_mix0572,98,5,0,164,9,5.76
fold2_room1_mix0572,99,4,0,-174,-2,15.05
fold2_room1_mix0572,99,4,0,-137,1,26.82
fold2_room1_mix0572,99,5,0,162,11,4.68
fold2_room1_mix0573,2,4,0,176,0,1.24
fold2_room1_mix0573,3,4,0,-178,0,5.90
fold2_room1_mix0573,4,4,0,-176,-1,13.22
fold2_room1_mix0573,4,4,0,6,0,18.77
fold2_room1_mix0573,5,4,0,-179,-1,14.64
fold2_room1_mix0573,5,4,0,7,0,19.75
fold2_room1_mix0573,6,4,0,-177,-1,14.94
fold2_room1_mix0573,6,4,0,7,0,22.02
fold2_room1_mix0573,7,4,0,-177,-1,22.98
fold2_room1_mix0573,7,4,0,7,0,34.99
fold2_room1_mix0573,8,4,0,-176,-1,23.61
fold2_room1_mix0573,8,4,0,7,0,37.14
fold2_room1_mix0573,9,4,0,-177,-1,24.02
fold2_room1_mix0573,9,4,0,6,0,37.49
fold2_room1_mix0573,10,4,0,-176,-1,20.30
fold2_room1_mix0573,10,4,0,5,0,35.76
fold2_room1_mix0573,11,4,0,-175,-1,20.23
fold2_room1_mix0573,11,4,0,4,0,39.11
fold2_room1_mix0573,12,4,0,-175,-1,20.33
fold2_room1_mix0573,12,4,0,5,0,39.74
fold2_room1_mix0573,13,4,0,-175,-1,19.52
fold2_room1_mix0573,13,4,0,5,0,40.94
fold2_room1_mix0573,14,4,0,-175,-1,20.57
fold2_room1_mix0573,14,4,0,5,0,40.88
fold2_room1_mix0573,15,4,0,-175,-1,19.68
fold2_room1_mix0573,15,4,0,5,0,40.99
fold2_room1_mix0573,16,4,0,-176,-1,18.85
fold2_room1_mix0573,16,4,0,6,0,41.20
fold2_room1_mix0573,17,4,0,-175,-1,18.62
fold2_room1_mix0573,17,4,0,4,0,41.10
fold2_room1_mix0573,18,4,0,-174,-1,18.18
fold2_room1_mix0573,18,4,0,4,0,39.51
fold2_room1_mix0573,19,4,0,-174,-1,17.25
fold2_room1_mix0573,19,4,0,3,0,38.45
fold2_room1_mix0573,20,4,0,-174,-1,18.24
fold2_room1_mix0573,20,4,0,4,0,42.76
fold2_room1_mix0573,21,4,0,-172,-2,16.23
fold2_room1_mix0573,21,4,0,4,0,41.93
fold2_room1_mix0573,22,4,0,-173,-2,15.18
fold2_room1_mix0573,22,4,0,3,0,42.37
fold2_room1_mix0573,23,4,0,-172,-2,14.76
fold2_room1_mix0573,23,4,0,4,0,39.13
fold2_room1_mix0573,24,4,0,-171,-2,14.86
fold2_room1_mix0573,24,4,0,3,0,42.55
fold2_room1_mix0573,25,4,0,-171,-2,14.32
fold2_room1_mix0573,25,4,0,3,0,42.23
fold2_room1_mix0573,26,4,0,-172,-2,13.72
fold2_room1_mix0573,26,4,0,3,0,37.54
fold2_room1_mix0573,27,4,0,-171,-2,13.65
fold2_room1_mix0573,27,4,0,5,0,40.89
fold2_room1_mix0573,28,4,0,-171,-2,12.97
fold2_room1_mix0573,28,4,0,4,0,41.93
fold2_room1_mix0573,29,4,0,-171,-2,13.15
fold2_room1_mix0573,29,4,0,4,0,38.75
fold2_room1_mix0573,30,4,0,-170,-2,12.69
fold2_room1_mix0573,30,4,0,3,0,42.66
fold2_room1_mix0573,31,4,0,-169,-2,12.24
fold2_room1_mix0573,31,4,0,4,0,40.33
fold2_room1_mix0573,32,4,0,-169,-2,12.05
fold2_room1_mix0573,32,4,0,4,0,40.94
fold2_room1_mix0573,33,4,0,-168,-3,11.26
fold2_room1_mix0573,33,4,0,3,0,40.34
fold2_room1_mix0573,34,4,0,-168,-3,11.19
fold2_room1_mix0573,34,4,0,3,0,40.31
fold2_room1_mix0573,35,4,0,-168,-3,10.35
fold2_room1_mix0573,35,4,0,3,0,38.73
fold2_room1_mix0573,36,4,0,-166,-3,9.77
fold2_room1_mix0573,36,4,0,2,0,38.39
fold2_room1_mix0573,37,4,0,-165,-3,9.46
fold2_room1_mix0573,37,4,0,2,0,38.61
fold2_room1_mix0573,38,4,0,-165,-4,9.34
fold2_room1_mix0573,38,4,0,1,0,38.24
fold2_room1_mix0573,39,4,0,-164,-4,8.58
fold2_room1_mix0573,39,4,0,2,0,36.59
fold2_room1_mix0573,40,4,0,-163,-4,8.24
fold2_room1_mix0573,40,4,0,1,0,37.81
fold2_room1_mix0573,41,4,0,-160,-4,8.52
fold2_room1_mix0573,41,4,0,0,-1,36.29
fold2_room1_mix0573,42,4,0,-162,-5,7.52
fold2_room1_mix0573,42,4,0,2,0,35.83
fold2_room1_mix0573,43,4,0,-158,-5,7.05
fold2_room1_mix0573,43,4,0,0,0,36.03
fold2_room1_mix0573,44,4,0,-157,-5,6.97
fold2_room1_mix0573,44,4,0,0,0,35.76
fold2_room1_mix0573,45,4,0,-156,-5,6.59
fold2_room1_mix0573,45,4,0,1,0,35.38
fold2_room1_mix0573,46,4,0,-152,-6,7.31
fold2_room1_mix0573,46,4,0,0,0,34.29
fold2_room1_mix0573,47,4,0,-147,-6,4.93
fold2_room1_mix0573,47,4,0,0,-1,34.62
fold2_room1_mix0573,48,4,0,-145,-9,5.49
fold2_room1_mix0573,48,4,0,0,0,35.43
fold2_room1_mix0573,49,4,0,-142,-8,4.38
fold2_room1_mix0573,49,4,0,0,0,35.93
fold2_room1_mix0573,50,4,0,-138,-10,3.38
fold2_room1_mix0573,50,4,0,-2,0,33.43
fold2_room1_mix0573,51,4,0,-133,-10,3.14
fold2_room1_mix0573,51,4,0,-1,0,33.65
fold2_room1_mix0573,52,4,0,-125,-9,3.08
fold2_room1_mix0573,52,4,0,-1,0,35.39
fold2_room1_mix0573,53,4,0,-116,-9,3.68
fold2_room1_mix0573,53,4,0,-99,-13,2.35
fold2_room1_mix0573,53,4,0,-1,0,35.96
fold2_room1_mix0573,54,4,0,-87,-10,2.82
fold2_room1_mix0573,54,4,0,-2,1,31.92
fold2_room1_mix0573,55,4,0,-69,-9,2.75
fold2_room1_mix0573,55,4,0,-2,1,31.97
fold2_room1_mix0573,56,4,0,-55,-8,3.04
fold2_room1_mix0573,56,4,0,-2,1,31.38
fold2_room1_mix0573,57,4,0,-49,-7,3.50
fold2_room1_mix0573,57,4,0,-1,1,28.24
fold2_room1_mix0573,58,4,0,-55,-7,4.30
fold2_room1_mix0573,58,4,0,-37,-6,3.71
fold2_room1_mix0573,58,4,0,-2,1,26.87
fold2_room1_mix0573,59,4,0,-33,-6,4.39
fold2_room1_mix0573,59,4,0,-3,0,24.57
fold2_room1_mix0573,60,4,0,-30,-5,4.93
fold2_room1_mix0573,60,4,0,-2,0,23.54
fold2_room1_mix0573,61,4,0,-25,-5,4.99
fold2_room1_mix0573,61,4,0,-3,0,21.76
fold2_room1_mix0573,62,4,0,-24,-5,5.12
fold2_room1_mix0573,62,4,0,-2,0,21.13
fold2_room1_mix0573,63,4,0,-15,-3,9.92
fold2_room1_mix0573,64,4,0,-12,-3,9.61
fold2_room1_mix0573,65,4,0,-11,-3,9.40
fold2_room1_mix0573,66,4,0,-10,-3,8.77
fold2_room1_mix0573,67,4,0,-9,-3,8.77
fold2_room1_mix0573,68,4,0,-4,-3,8.81
fold2_room1_mix0573,69,4,0,-5,-3,8.86
fold2_room1_mix0573,70,4,0,-6,-3,8.53
fold2_room1_mix0573,71,4,0,-4,-3,7.93
fold2_room1_mix0573,72,4,0,15,-9,3.94
fold2_room1_mix0573,72,4,0,-11,-1,10.15
fold2_room1_mix0573,73,4,0,22,-11,2.74
fold2_room1_mix0573,73,4,0,-11,0,10.03
fold2_room1_mix0573,74,4,0,36,-14,1.98
fold2_room1_mix0573,74,4,0,-10,0,10.22
fold2_room1_mix0573,75,4,0,54,-17,1.39
fold2_room1_mix0573,75,4,0,-9,0,10.73
fold2_room1_mix0573,76,4,0,91,-19,1.16
fold2_room1_mix0573,76,4,0,-7,0,11.49
fold2_room1_mix0573,77,4,0,125,-13,1.36
fold2_room1_mix0573,77,4,0,-7,0,10.70
fold2_room1_mix0573,78,4,0,141,-10,1.95
fold2_room1_mix0573,78,4,0,-7,0,10.27
fold2_room1_mix0573,79,4,0,154,-8,2.77
fold2_room1_mix0573,79,4,0,-5,-1,10.54
fold2_room1_mix0573,80,4,0,159,-6,3.47
fold2_room1_mix0573,80,4,0,-3,-1,10.62
fold2_room1_mix0573,81,4,0,164,-6,4.63
fold2_room1_mix0573,81,4,0,-3,-1,11.65
fold2_room1_mix0573,82,4,0,168,-5,5.27
fold2_room1_mix0573,82,4,0,-3,-1,12.63
fold2_room1_mix0573,83,4,0,171,-4,6.21
fold2_room1_mix0573,83,4,0,-4,-1,12.97
fold2_room1_mix0573,84,4,0,174,-4,7.51
fold2_room1_mix0573,84,4,0,-3,-2,14.52
fold2_room1_mix0573,85,4,0,176,-3,8.13
fold2_room1_mix0573,85,4,0,-3,-2,14.46
fold2_room1_mix0573,86,4,0,176,-3,9.32
fold2_room1_mix0573,86,4,0,-4,-1,14.96
fold2_room1_mix0573,87,4,0,177,-3,9.83
fold2_room1_mix0573,87,4,0,-5,-1,15.30
fold2_room1_mix0573,88,4,0,177,-2,11.09
fold2_room1_mix0573,88,4,0,-4,-2,16.02
fold2_room1_mix0573,89,4,0,179,-2,11.77
fold2_room1_mix0573,89,4,0,-5,-2,15.17
fold2_room1_mix0573,90,4,0,178,-2,11.26
fold2_room1_mix0573,90,4,0,-5,-2,15.42
fold2_room1_mix0573,91,4,0,179,-1,12.92
fold2_room1_mix0573,91,4,0,-5,-2,15.90
fold2_room1_mix0573,92,4,0,179,-1,14.08
fold2_room1_mix0573,92,4,0,-4,-1,17.04
fold2_room1_mix0573,93,4,0,-178,-1,13.78
fold2_room1_mix0573,93,4,0,-5,-1,16.62
fold2_room1_mix0573,94,4,0,-178,-1,15.14
fold2_room1_mix0573,94,4,0,-4,-1,17.80
fold2_room1_mix0573,95,4,0,-178,-1,15.44
fold2_room1_mix0573,95,4,0,-4,-1,18.37
fold2_room1_mix0573,96,4,0,-177,-1,15.55
fold2_room1_mix0573,96,4,0,-3,-1,18.78
fold2_room1_mix0573,97,4,0,-176,-1,16.59
fold2_room1_mix0573,97,4,0,-2,0,20.32
fold2_room1_mix0573,98,4,0,-178,-1,18.08
fold2_room1_mix0573,98,4,0,-2,0,20.30
fold2_room1_mix0573,99,4,0,-178,-1,17.03
fold2_room1_mix0573,99,4,0,-2,-1,19.90
fold2_room1_mix0574,33,4,0,176,0,6.48
fold2_room1_mix0574,34,4,0,176,0,13.58
fold2_room1_mix0574,35,4,0,177,0,13.66
fold2_room1_mix0574,36,4,0,-179,0,16.69
fold2_room1_mix0574,37,4,0,179,0,18.95
fold2_room1_mix0574,38,4,0,179,0,19.48
fold2_room1_mix0574,39,4,0,-176,0,19.04
fold2_room1_mix0574,40,4,0,179,0,18.30
fold2_room1_mix0574,41,4,0,-178,0,18.56
fold2_room1_mix0574,42,4,0,-176,0,17.58
fold2_room1_mix0574,43,4,0,-177,-1,16.76
fold2_room1_mix0574,44,4,0,-177,-1,16.07
fold2_room1_mix0574,45,4,0,-174,-1,15.03
fold2_room1_mix0574,46,4,0,-174,-1,14.03
fold2_room1_mix0574,47,4,0,-175,-2,13.24
fold2_room1_mix0574,48,4,0,-174,-2,11.97
fold2_room1_mix0574,49,4,0,-172,-2,11.33
fold2_room1_mix0574,50,4,0,-172,-2,10.61
fold2_room1_mix0574,51,4,0,-173,-3,9.31
fold2_room1_mix0574,52,4,0,-170,-3,8.59
fold2_room1_mix0574,53,4,0,-169,-3,8.26
fold2_room1_mix0574,54,4,0,-166,-4,7.01
fold2_room1_mix0574,55,4,0,-163,-5,5.25
fold2_room1_mix0574,56,4,0,-161,-6,4.56
fold2_room1_mix0574,57,4,0,-157,-8,3.69
fold2_room1_mix0574,58,4,0,-151,-9,2.74
fold2_room1_mix0574,59,4,0,-138,-14,1.75
fold2_room1_mix0574,60,4,0,-107,-17,1.39
fold2_room1_mix0574,61,4,0,-57,-15,1.26
fold2_room1_mix0574,62,4,0,-38,-10,1.61
fold2_room1_mix0574,63,4,0,-28,-8,2.31
fold2_room1_mix0574,64,4,0,-21,-6,3.51
fold2_room1_mix0574,65,4,0,-16,-6,4.47
fold2_room1_mix0574,66,4,0,-13,-5,5.01
fold2_room1_mix0574,67,4,0,-8,-4,6.15
fold2_room1_mix0574,68,4,0,-7,-4,6.92
fold2_room1_mix0574,69,4,0,-7,-3,7.96
fold2_room1_mix0574,70,4,0,-5,-3,9.11
fold2_room1_mix0574,71,4,0,-4,-3,9.88
fold2_room1_mix0574,72,4,0,-4,-2,11.10
fold2_room1_mix0574,73,4,0,-3,-2,11.96
fold2_room1_mix0574,74,4,0,-2,-2,12.64
fold2_room1_mix0574,75,4,0,-2,-2,13.13
fold2_room1_mix0574,76,4,0,-2,-2,14.39
fold2_room1_mix0574,77,4,0,-2,-2,14.68
fold2_room1_mix0574,78,4,0,-1,-2,15.88
fold2_room1_mix0574,79,4,0,-1,-2,17.02
fold2_room1_mix0574,80,4,0,-1,-2,17.13
fold2_room1_mix0574,81,4,0,0,-1,17.99
fold2_room1_mix0574,82,4,0,0,-1,18.64
fold2_room1_mix0574,83,4,0,0,-1,19.53
fold2_room1_mix0574,84,4,0,-1,-1,19.92
fold2_room1_mix0574,85,4,0,-1,-1,21.02
fold2_room1_mix0574,86,4,0,-1,-1,19.08
fold2_room1_mix0574,87,4,0,-2,0,4.27
fold2_room1_mix0574,88,4,0,-4,0,7.40
fold2_room1_mix0575,3,4,0,-179,1,2.95
fold2_room1_mix0575,4,4,0,178,0,13.48
fold2_room1_mix0575,5,4,0,177,0,16.42
fold2_room1_mix0575,6,4,0,177,0,17.49
fold2_room1_mix0575,7,4,0,177,0,28.33
fold2_room1_mix0575,8,4,0,179,-1,25.73
fold2_room1_mix0575,9,4,0,179,-1,27.25
fold2_room1_mix0575,10,4,0,178,0,26.62
fold2_room1_mix0575,11,4,0,178,-1,26.08
fold2_room1_mix0575,12,4,0,178,0,25.05
fold2_room1_mix0575,13,4,0,179,0,25.31
fold2_room1_mix0575,14,4,0,179,-1,25.52
fold2_room1_mix0575,15,4,0,179,0,24.48
fold2_room1_mix0575,16,4,0,179,-1,23.45
fold2_room1_mix0575,17,4,0,179,0,24.13
fold2_room1_mix0575,18,4,0,-179,-1,22.20
fold2_room1_mix0575,19,4,0,-179,-1,20.88
fold2_room1_mix0575,20,4,0,179,0,21.19
fold2_room1_mix0575,21,4,0,-179,-1,20.30
fold2_room1_mix0575,22,4,0,-178,-1,19.82
fold2_room1_mix0575,23,4,0,-177,-1,18.58
fold2_room1_mix0575,24,4,0,-178,-1,19.42
fold2_room1_mix0575,25,4,0,-177,-1,18.54
fold2_room1_mix0575,26,4,0,-177,-1,17.81
fold2_room1_mix0575,27,4,0,-176,-1,17.48
fold2_room1_mix0575,28,4,0,-176,-1,16.82
fold2_room1_mix0575,29,4,0,-175,-1,14.58
fold2_room1_mix0575,30,4,0,-173,-1,13.38
fold2_room1_mix0575,31,4,0,-173,-1,13.02
fold2_room1_mix0575,32,4,0,-170,-2,10.93
fold2_room1_mix0575,33,4,0,-171,-2,10.65
fold2_room1_mix0575,34,4,0,-170,-3,10.23
fold2_room1_mix0575,35,4,0,-169,-4,8.26
fold2_room1_mix0575,36,4,0,-175,-3,9.37
fold2_room1_mix0575,36,4,0,-153,-6,5.84
fold2_room1_mix0575,37,4,0,-177,-4,9.58
fold2_room1_mix0575,37,4,0,-142,-8,5.00
fold2_room1_mix0575,38,4,0,174,-3,11.60
fold2_room1_mix0575,38,4,0,-167,-4,8.00
fold2_room1_mix0575,38,4,0,-140,-9,3.79
fold2_room1_mix0575,39,4,0,-179,-3,12.00
fold2_room1_mix0575,39,4,0,-127,-14,2.71
fold2_room1_mix0575,40,4,0,179,-4,12.80
fold2_room1_mix0575,40,4,0,-111,-16,2.68
fold2_room1_mix0575,41,4,0,170,-3,13.32
fold2_room1_mix0575,41,4,0,-73,-16,2.59
fold2_room1_mix0575,42,4,0,174,-4,10.96
fold2_room1_mix0575,42,4,0,-58,-12,2.78
fold2_room1_mix0575,43,4,0,178,-5,9.62
fold2_room1_mix0575,43,4,0,-46,-9,3.60
fold2_room1_mix0575,44,4,0,178,-5,8.66
fold2_room1_mix0575,44,4,0,-43,-9,4.41
fold2_room1_mix0575,45,4,0,178,-5,8.59
fold2_room1_mix0575,45,4,0,-33,-8,4.80
fold2_room1_mix0575,46,4,0,177,-4,8.50
fold2_room1_mix0575,46,4,0,-29,-5,5.67
fold2_room1_mix0575,47,4,0,174,-4,7.73
fold2_room1_mix0575,47,4,0,-23,-5,5.79
fold2_room1_mix0575,48,4,0,175,-4,7.40
fold2_room1_mix0575,48,4,0,-20,-5,6.42
fold2_room1_mix0575,49,4,0,175,-5,7.53
fold2_room1_mix0575,49,4,0,-19,-4,7.35
fold2_room1_mix0575,50,4,0,173,-5,7.49
fold2_room1_mix0575,50,4,0,-16,-4,8.55
fold2_room1_mix0575,51,4,0,170,-6,6.64
fold2_room1_mix0575,51,4,0,-15,-3,9.27
fold2_room1_mix0575,52,4,0,169,-5,6.67
fold2_room1_mix0575,52,4,0,-14,-3,10.23
fold2_room1_mix0575,53,4,0,167,-7,5.69
fold2_room1_mix0575,53,4,0,-12,-3,10.95
fold2_room1_mix0575,54,4,0,166,-7,5.73
fold2_room1_mix0575,54,4,0,-11,-2,12.22
fold2_room1_mix0575,55,4,0,163,-7,5.07
fold2_room1_mix0575,55,4,0,-12,-3,13.69
fold2_room1_mix0575,56,4,0,159,-8,4.39
fold2_room1_mix0575,56,4,0,-12,-2,14.90
fold2_room1_mix0575,57,4,0,159,-9,4.30
fold2_room1_mix0575,57,4,0,-13,-2,15.85
fold2_room1_mix0575,58,4,0,158,-9,4.20
fold2_room1_mix0575,58,4,0,-11,-2,16.23
fold2_room1_mix0575,59,4,0,155,-10,3.68
fold2_room1_mix0575,59,4,0,-11,-1,17.36
fold2_room1_mix0575,60,4,0,153,-10,3.46
fold2_room1_mix0575,60,4,0,-8,-1,17.95
fold2_room1_mix0575,61,4,0,149,-12,3.05
fold2_room1_mix0575,61,4,0,-9,-1,17.65
fold2_room1_mix0575,62,4,0,146,-13,2.97
fold2_room1_mix0575,62,4,0,-9,0,19.22
fold2_room1_mix0575,63,4,0,139,-14,2.67
fold2_room1_mix0575,63,4,0,-8,0,20.76
fold2_room1_mix0575,64,4,0,132,-17,2.32
fold2_room1_mix0575,64,4,0,-9,0,18.78
fold2_room1_mix0575,65,4,0,127,-16,2.34
fold2_room1_mix0575,65,4,0,-8,0,21.29
fold2_room1_mix0575,66,4,0,111,-18,2.03
fold2_room1_mix0575,66,4,0,-5,1,22.70
fold2_room1_mix0575,67,4,0,97,-19,1.97
fold2_room1_mix0575,67,4,0,-5,2,22.24
fold2_room1_mix0575,68,4,0,77,-17,1.89
fold2_room1_mix0575,68,4,0,-4,2,24.00
fold2_room1_mix0575,69,4,0,60,-16,1.77
fold2_room1_mix0575,69,4,0,-5,2,23.98
fold2_room1_mix0575,70,4,0,51,-13,2.05
fold2_room1_mix0575,70,4,0,-4,2,22.63
fold2_room1_mix0575,71,4,0,41,-12,2.20
fold2_room1_mix0575,71,4,0,-4,1,22.87
fold2_room1_mix0575,72,4,0,36,-11,2.35
fold2_room1_mix0575,72,4,0,-2,1,21.56
fold2_room1_mix0575,73,4,0,31,-10,2.55
fold2_room1_mix0575,73,4,0,-3,1,22.60
fold2_room1_mix0575,74,4,0,25,-9,3.04
fold2_room1_mix0575,74,4,0,-3,0,21.44
fold2_room1_mix0575,75,4,0,24,-8,3.07
fold2_room1_mix0575,75,4,0,-3,1,23.55
fold2_room1_mix0575,76,4,0,22,-8,3.35
fold2_room1_mix0575,76,4,0,-2,1,23.98
fold2_room1_mix0575,77,4,0,19,-8,3.69
fold2_room1_mix0575,77,4,0,-1,0,22.90
fold2_room1_mix0575,78,4,0,17,-7,4.36
fold2_room1_mix0575,78,4,0,-1,0,23.19
fold2_room1_mix0575,79,4,0,16,-6,4.45
fold2_room1_mix0575,79,4,0,0,0,22.76
fold2_room1_mix0575,80,4,0,14,-6,5.26
fold2_room1_mix0575,80,4,0,0,0,22.19
fold2_room1_mix0575,81,4,0,7,-2,16.92
fold2_room1_mix0575,82,4,0,6,-2,16.60
fold2_room1_mix0575,83,4,0,7,-2,16.47
fold2_room1_mix0575,84,4,0,7,-2,17.53
fold2_room1_mix0575,85,4,0,5,-2,18.07
fold2_room1_mix0575,86,4,0,5,-2,17.19
fold2_room1_mix0575,87,4,0,5,-2,17.62
fold2_room1_mix0575,88,4,0,4,-2,17.89
fold2_room1_mix0575,89,4,0,4,-2,18.82
fold2_room1_mix0575,90,4,0,4,-2,19.02
fold2_room1_mix0575,91,4,0,4,-2,20.71
fold2_room1_mix0575,92,4,0,4,-2,20.55
fold2_room1_mix0575,93,4,0,4,-2,20.99
fold2_room1_mix0575,94,4,0,4,-1,21.37
fold2_room1_mix0575,95,4,0,4,-1,21.51
fold2_room1_mix0575,96,4,0,4,-1,22.69
fold2_room1_mix0575,97,4,0,4,-1,25.10
fold2_room1_mix0575,98,4,0,4,-1,23.23
fold2_room1_mix0575,99,4,0,4,-2,21.65
fold2_room1_mix0576,0,5,0,-124,3,4.76
fold2_room1_mix0576,1,5,0,-126,3,14.22
fold2_room1_mix0576,2,5,0,-122,3,11.63
fold2_room1_mix0576,3,4,0,1,0,5.04
fold2_room1_mix0576,3,5,0,-116,3,13.01
fold2_room1_mix0576,4,4,0,-1,0,17.53
fold2_room1_mix0576,4,5,0,-114,4,12.16
fold2_room1_mix0576,5,4,0,-1,0,18.59
fold2_room1_mix0576,5,5,0,-122,3,17.29
fold2_room1_mix0576,6,4,0,0,0,16.86
fold2_room1_mix0576,6,5,0,-117,3,20.21
fold2_room1_mix0576,7,4,0,0,0,18.52
fold2_room1_mix0576,7,5,0,-117,3,16.26
fold2_room1_mix0576,8,4,0,1,0,38.25
fold2_room1_mix0576,8,5,0,-120,3,14.70
fold2_room1_mix0576,9,4,0,1,0,38.73
fold2_room1_mix0576,9,5,0,-118,3,16.94
fold2_room1_mix0576,10,4,0,2,0,27.73
fold2_room1_mix0576,10,5,0,-117,4,14.97
fold2_room1_mix0576,11,4,0,1,0,31.91
fold2_room1_mix0576,11,5,0,-118,3,17.75
fold2_room1_mix0576,12,4,0,4,0,37.70
fold2_room1_mix0576,12,5,0,-115,3,16.61
fold2_room1_mix0576,13,4,0,2,0,35.33
fold2_room1_mix0576,13,5,0,-113,4,15.12
fold2_room1_mix0576,14,4,0,2,0,38.38
fold2_room1_mix0576,14,5,0,-122,3,17.76
fold2_room1_mix0576,15,4,0,6,0,34.73
fold2_room1_mix0576,15,5,0,-116,3,18.80
fold2_room1_mix0576,16,4,0,4,0,32.37
fold2_room1_mix0576,16,5,0,-114,3,16.41
fold2_room1_mix0576,17,4,0,4,0,36.37
fold2_room1_mix0576,17,5,0,-121,3,16.81
fold2_room1_mix0576,18,4,0,4,0,35.64
fold2_room1_mix0576,18,5,0,-115,4,16.59
fold2_room1_mix0576,19,4,0,5,0,33.18
fold2_room1_mix0576,19,5,0,-112,3,18.22
fold2_room1_mix0576,20,4,0,4,0,34.46
fold2_room1_mix0576,20,5,0,-119,3,17.44
fold2_room1_mix0576,21,4,0,6,0,34.26
fold2_room1_mix0576,21,5,0,-115,3,16.81
fold2_room1_mix0576,22,4,0,5,0,32.42
fold2_room1_mix0576,22,5,0,-112,3,17.56
fold2_room1_mix0576,23,4,0,4,-1,31.70
fold2_room1_mix0576,23,5,0,-121,3,17.37
fold2_room1_mix0576,24,4,0,6,0,31.35
fold2_room1_mix0576,24,5,0,-116,3,17.81
fold2_room1_mix0576,25,4,0,3,-1,30.01
fold2_room1_mix0576,25,5,0,-113,3,17.72
fold2_room1_mix0576,26,4,0,5,-1,29.79
fold2_room1_mix0576,26,5,0,-116,4,16.68
fold2_room1_mix0576,27,4,0,4,-1,29.85
fold2_room1_mix0576,27,5,0,-115,3,17.80
fold2_room1_mix0576,28,4,0,5,-1,29.51
fold2_room1_mix0576,28,5,0,-113,3,17.60
fold2_room1_mix0576,29,4,0,5,-1,28.61
fold2_room1_mix0576,29,5,0,-117,4,15.80
fold2_room1_mix0576,30,4,0,5,-1,27.40
fold2_room1_mix0576,30,5,0,-116,3,16.83
fold2_room1_mix0576,31,4,0,5,-1,27.61
fold2_room1_mix0576,31,5,0,-111,4,16.69
fold2_room1_mix0576,32,4,0,7,-2,25.41
fold2_room1_mix0576,32,5,0,-118,3,17.96
fold2_room1_mix0576,33,4,0,6,-1,24.19
fold2_room1_mix0576,33,5,0,-117,3,17.48
fold2_room1_mix0576,34,4,0,5,-1,24.10
fold2_room1_mix0576,34,5,0,-117,3,16.96
fold2_room1_mix0576,35,4,0,7,-2,24.13
fold2_room1_mix0576,35,5,0,-116,3,17.31
fold2_room1_mix0576,36,4,0,7,-1,22.70
fold2_room1_mix0576,36,5,0,-118,3,17.44
fold2_room1_mix0576,37,4,0,8,-2,21.74
fold2_room1_mix0576,37,5,0,-118,3,17.87
fold2_room1_mix0576,38,4,0,8,-1,21.31
fold2_room1_mix0576,38,5,0,-117,3,17.41
fold2_room1_mix0576,39,4,0,8,-1,20.28
fold2_room1_mix0576,39,5,0,-116,3,16.62
fold2_room1_mix0576,40,4,0,8,-2,20.08
fold2_room1_mix0576,40,5,0,-116,3,17.43
fold2_room1_mix0576,41,4,0,10,-2,19.21
fold2_room1_mix0576,41,5,0,-120,3,17.43
fold2_room1_mix0576,42,4,0,9,-2,18.63
fold2_room1_mix0576,42,5,0,-118,4,16.37
fold2_room1_mix0576,43,4,0,8,-2,17.93
fold2_room1_mix0576,43,5,0,-118,3,17.96
fold2_room1_mix0576,44,4,0,10,-2,17.26
fold2_room1_mix0576,44,5,0,-118,3,16.90
fold2_room1_mix0576,45,4,0,8,-2,16.43
fold2_room1_mix0576,45,5,0,-118,4,15.83
fold2_room1_mix0576,46,4,0,9,-2,15.62
fold2_room1_mix0576,46,5,0,-119,3,17.50
fold2_room1_mix0576,47,4,0,11,-2,15.82
fold2_room1_mix0576,47,5,0,-120,3,16.97
fold2_room1_mix0576,48,4,0,10,-2,13.69
fold2_room1_mix0576,48,5,0,-120,3,16.35
fold2_room1_mix0576,49,4,0,12,-3,12.40
fold2_room1_mix0576,49,5,0,-120,3,17.32
fold2_room1_mix0576,50,4,0,14,-3,11.87
fold2_room1_mix0576,50,5,0,-123,3,17.33
fold2_room1_mix0576,51,4,0,13,-3,11.67
fold2_room1_mix0576,51,5,0,-121,3,17.95
fold2_room1_mix0576,52,4,0,15,-3,11.35
fold2_room1_mix0576,52,5,0,-124,3,16.96
fold2_room1_mix0576,53,4,0,16,-3,10.41
fold2_room1_mix0576,53,5,0,-121,3,16.87
fold2_room1_mix0576,54,4,0,16,-4,9.42
fold2_room1_mix0576,54,5,0,-124,3,17.01
fold2_room1_mix0576,55,4,0,16,-4,8.74
fold2_room1_mix0576,55,5,0,-123,3,16.38
fold2_room1_mix0576,56,4,0,18,-4,8.43
fold2_room1_mix0576,56,5,0,-123,3,17.07
fold2_room1_mix0576,57,4,0,20,-5,7.18
fold2_room1_mix0576,57,5,0,-122,3,16.73
fold2_room1_mix0576,58,4,0,21,-5,6.15
fold2_room1_mix0576,58,5,0,-121,3,16.78
fold2_room1_mix0576,59,4,0,23,-5,6.07
fold2_room1_mix0576,59,5,0,-122,3,17.23
fold2_room1_mix0576,60,4,0,25,-6,5.05
fold2_room1_mix0576,60,5,0,-123,3,16.65
fold2_room1_mix0576,61,4,0,28,-7,4.42
fold2_room1_mix0576,61,5,0,-120,3,15.76
fold2_room1_mix0576,62,4,0,29,-8,3.79
fold2_room1_mix0576,62,5,0,-121,3,16.77
fold2_room1_mix0576,63,4,0,33,-10,3.29
fold2_room1_mix0576,63,5,0,-122,3,16.94
fold2_room1_mix0576,64,4,0,38,-12,2.99
fold2_room1_mix0576,64,5,0,-119,3,16.71
fold2_room1_mix0576,65,4,0,46,-12,2.74
fold2_room1_mix0576,65,5,0,-119,3,16.67
fold2_room1_mix0576,66,1,0,165,-2,4.52
fold2_room1_mix0576,66,4,0,40,-9,3.10
fold2_room1_mix0576,66,5,0,-115,3,17.26
fold2_room1_mix0576,67,1,0,170,-3,20.35
fold2_room1_mix0576,67,4,0,51,-13,3.15
fold2_room1_mix0576,67,5,0,-120,3,18.41
fold2_room1_mix0576,68,1,0,171,-2,21.08
fold2_room1_mix0576,68,4,0,58,-12,3.43
fold2_room1_mix0576,68,5,0,-123,4,17.62
fold2_room1_mix0576,69,1,0,166,-2,28.05
fold2_room1_mix0576,69,4,0,66,-15,4.03
fold2_room1_mix0576,69,5,0,-120,4,17.85
fold2_room1_mix0576,70,1,0,160,-3,20.68
fold2_room1_mix0576,70,4,0,131,-11,3.50
fold2_room1_mix0576,70,5,0,-123,3,19.40
fold2_room1_mix0576,71,1,0,165,-3,12.61
fold2_room1_mix0576,71,4,0,140,-9,2.98
fold2_room1_mix0576,71,5,0,-119,4,17.02
fold2_room1_mix0576,72,1,0,173,-2,23.05
fold2_room1_mix0576,72,4,0,132,-10,4.26
fold2_room1_mix0576,72,5,0,-120,4,18.01
fold2_room1_mix0576,73,1,0,170,-2,27.73
fold2_room1_mix0576,73,4,0,142,-8,4.62
fold2_room1_mix0576,73,5,0,-117,3,18.37
fold2_room1_mix0576,74,1,0,168,-2,22.92
fold2_room1_mix0576,74,4,0,151,-7,5.26
fold2_room1_mix0576,74,5,0,-122,4,16.93
fold2_room1_mix0576,75,1,0,168,-2,19.65
fold2_room1_mix0576,75,4,0,155,-5,6.23
fold2_room1_mix0576,75,5,0,-121,4,17.31
fold2_room1_mix0576,76,1,0,172,-1,4.32
fold2_room1_mix0576,76,4,0,160,-5,5.70
fold2_room1_mix0576,76,5,0,-124,4,17.12
fold2_room1_mix0576,77,1,0,168,-2,27.78
fold2_room1_mix0576,77,4,0,154,-5,5.95
fold2_room1_mix0576,77,5,0,-121,4,16.56
fold2_room1_mix0576,78,1,0,174,-2,24.29
fold2_room1_mix0576,78,4,0,161,-3,8.54
fold2_room1_mix0576,78,5,0,-122,4,17.64
fold2_room1_mix0576,79,1,0,170,-2,26.71
fold2_room1_mix0576,79,4,0,161,-4,8.08
fold2_room1_mix0576,79,5,0,-123,4,17.54
fold2_room1_mix0576,80,1,0,167,-2,24.54
fold2_room1_mix0576,80,4,0,165,-3,8.89
fold2_room1_mix0576,80,5,0,-124,4,17.23
fold2_room1_mix0576,81,1,0,170,-1,3.22
fold2_room1_mix0576,81,4,0,166,-3,8.15
fold2_room1_mix0576,81,5,0,-119,4,17.17
fold2_room1_mix0576,82,1,0,171,-2,27.46
fold2_room1_mix0576,82,4,0,164,-3,9.14
fold2_room1_mix0576,82,5,0,-121,4,17.73
fold2_room1_mix0576,83,1,0,174,-2,23.27
fold2_room1_mix0576,83,4,0,165,-2,10.79
fold2_room1_mix0576,83,5,0,-123,4,18.30
fold2_room1_mix0576,84,1,0,172,-2,25.55
fold2_room1_mix0576,84,4,0,166,-3,11.19
fold2_room1_mix0576,84,5,0,-122,4,17.93
fold2_room1_mix0576,85,1,0,176,-2,25.11
fold2_room1_mix0576,85,4,0,168,-2,12.49
fold2_room1_mix0576,85,5,0,-120,4,17.11
fold2_room1_mix0576,86,1,0,173,-1,5.33
fold2_room1_mix0576,86,4,0,166,-2,12.25
fold2_room1_mix0576,86,5,0,-117,4,18.76
fold2_room1_mix0576,87,1,0,178,-2,22.11
fold2_room1_mix0576,87,4,0,167,-2,14.30
fold2_room1_mix0576,87,5,0,-122,4,17.91
fold2_room1_mix0576,88,1,0,176,-2,26.02
fold2_room1_mix0576,88,4,0,168,-1,12.77
fold2_room1_mix0576,88,5,0,-123,4,19.89
fold2_room1_mix0576,89,1,0,176,-2,25.39
fold2_room1_mix0576,89,4,0,167,-2,15.38
fold2_room1_mix0576,89,5,0,-124,4,17.79
fold2_room1_mix0576,90,1,0,-179,-2,24.09
fold2_room1_mix0576,90,4,0,170,-1,14.67
fold2_room1_mix0576,90,5,0,-115,4,16.37
fold2_room1_mix0576,91,1,0,177,-1,4.59
fold2_room1_mix0576,91,4,0,168,-1,15.63
fold2_room1_mix0576,91,5,0,-119,4,18.42
fold2_room1_mix0576,92,1,0,176,-1,14.80
fold2_room1_mix0576,92,4,0,170,-2,18.00
fold2_room1_mix0576,92,5,0,-115,4,18.18
fold2_room1_mix0576,93,1,0,177,-1,16.16
fold2_room1_mix0576,93,4,0,169,-1,14.26
fold2_room1_mix0576,93,5,0,-112,5,15.17
fold2_room1_mix0576,94,1,0,176,-2,20.89
fold2_room1_mix0576,94,4,0,167,-2,19.44
fold2_room1_mix0576,94,5,0,-112,4,17.64
fold2_room1_mix0576,95,1,0,177,-2,20.39
fold2_room1_mix0576,95,4,0,170,-1,19.27
fold2_room1_mix0576,95,5,0,-114,4,17.52
fold2_room1_mix0576,96,1,0,176,-1,6.51
fold2_room1_mix0576,96,4,0,170,-1,17.11
fold2_room1_mix0576,96,5,0,-110,5,17.40
fold2_room1_mix0576,97,1,0,178,-1,9.36
fold2_room1_mix0576,97,4,0,169,-1,21.88
fold2_room1_mix0576,97,5,0,-115,4,17.43
fold2_room1_mix0576,98,4,0,172,-1,18.69
fold2_room1_mix0576,98,5,0,-101,4,17.10
fold2_room1_mix0576,99,4,0,173,-1,18.82
fold2_room1_mix0576,99,5,0,-109,4,16.62
fold2_room1_mix0578,3,4,0,-2,-1,5.52
fold2_room1_mix0578,4,4,0,3,-2,8.94
fold2_room1_mix0578,5,4,0,2,-2,8.74
fold2_room1_mix0578,6,4,0,2,-2,10.29
fold2_room1_mix0578,7,4,0,4,-3,13.80
fold2_room1_mix0578,8,4,0,6,-3,15.06
fold2_room1_mix0578,9,4,0,6,-3,14.55
fold2_room1_mix0578,10,4,0,4,-3,13.97
fold2_room1_mix0578,11,4,0,5,-3,13.30
fold2_room1_mix0578,12,4,0,5,-3,13.02
fold2_room1_mix0578,13,4,0,3,-3,11.52
fold2_room1_mix0578,14,4,0,7,-3,11.91
fold2_room1_mix0578,15,4,0,6,-3,11.42
fold2_room1_mix0578,16,4,0,4,-3,11.00
fold2_room1_mix0578,17,4,0,7,-3,11.29
fold2_room1_mix0578,18,4,0,8,-4,10.10
fold2_room1_mix0578,19,4,0,7,-4,10.23
fold2_room1_mix0578,20,4,0,6,-3,9.90
fold2_room1_mix0578,21,4,0,9,-4,8.69
fold2_room1_mix0578,22,4,0,8,-3,9.15
fold2_room1_mix0578,23,4,0,8,-3,7.79
fold2_room1_mix0578,24,4,0,9,-3,7.51
fold2_room1_mix0578,25,4,0,6,-4,7.37
fold2_room1_mix0578,26,4,0,9,-4,6.97
fold2_room1_mix0578,27,4,0,9,-4,6.93
fold2_room1_mix0578,28,4,0,6,-4,6.43
fold2_room1_mix0578,29,4,0,8,-4,5.89
fold2_room1_mix0578,30,4,0,10,-5,5.59
fold2_room1_mix0578,31,4,0,13,-5,5.22
fold2_room1_mix0578,32,4,0,13,-5,5.68
fold2_room1_mix0578,33,4,0,15,-5,5.60
fold2_room1_mix0578,34,4,0,15,-5,5.74
fold2_room1_mix0578,36,4,0,169,0,17.04
fold2_room1_mix0578,36,4,0,20,-7,4.38
fold2_room1_mix0578,37,4,0,168,0,14.44
fold2_room1_mix0578,37,4,0,22,-8,3.99
fold2_room1_mix0578,38,4,0,160,-1,12.87
fold2_room1_mix0578,38,4,0,30,-8,3.17
fold2_room1_mix0578,39,4,0,166,1,19.46
fold2_room1_mix0578,39,4,0,34,-9,3.02
fold2_room1_mix0578,40,4,0,167,0,19.58
fold2_room1_mix0578,40,4,0,39,-12,2.26
fold2_room1_mix0578,41,4,0,166,0,19.46
fold2_room1_mix0578,41,4,0,51,-11,2.18
fold2_room1_mix0578,42,4,0,159,0,16.66
fold2_room1_mix0578,42,4,0,65,-12,1.76
fold2_room1_mix0578,43,4,0,161,0,18.07
fold2_room1_mix0578,43,4,0,83,-13,1.65
fold2_room1_mix0578,44,4,0,169,0,18.11
fold2_room1_mix0578,44,4,0,98,-13,1.59
fold2_room1_mix0578,45,4,0,168,1,16.15
fold2_room1_mix0578,45,4,0,111,-10,1.95
fold2_room1_mix0578,46,4,0,166,0,10.83
fold2_room1_mix0578,46,4,0,123,-8,2.53
fold2_room1_mix0578,47,4,0,171,0,15.51
fold2_room1_mix0578,47,4,0,134,-6,3.10
fold2_room1_mix0578,48,4,0,171,0,15.21
fold2_room1_mix0578,48,4,0,138,-6,3.35
fold2_room1_mix0578,49,4,0,168,0,13.59
fold2_room1_mix0578,49,4,0,143,-5,3.76
fold2_room1_mix0578,50,4,0,167,0,9.92
fold2_room1_mix0578,50,4,0,147,-4,4.14
fold2_room1_mix0578,51,4,0,167,0,10.99
fold2_room1_mix0578,51,4,0,150,-4,4.51
fold2_room1_mix0578,52,4,0,170,0,12.27
fold2_room1_mix0578,52,4,0,154,-4,4.85
fold2_room1_mix0578,53,4,0,159,-3,6.82
fold2_room1_mix0578,54,4,0,163,-3,6.57
fold2_room1_mix0578,55,4,0,164,-2,6.95
fold2_room1_mix0578,56,4,0,167,-3,7.26
fold2_room1_mix0578,57,4,0,167,-3,7.48
fold2_room1_mix0578,58,4,0,168,-3,7.47
fold2_room1_mix0578,59,4,0,167,-2,7.94
fold2_room1_mix0578,60,4,0,169,-2,7.92
fold2_room1_mix0578,61,4,0,167,-3,7.88
fold2_room1_mix0578,62,4,0,168,-3,7.65
fold2_room1_mix0578,63,4,0,169,-2,7.97
fold2_room1_mix0578,64,4,0,169,-3,7.57
fold2_room1_mix0578,65,4,0,167,-3,7.55
fold2_room1_mix0578,66,4,0,168,-2,7.27
fold2_room1_mix0578,67,4,0,167,-3,7.46
fold2_room1_mix0578,68,4,0,168,-3,6.77
fold2_room1_mix0578,69,4,0,167,-3,6.72
fold2_room1_mix0578,70,4,0,166,-3,6.36
fold2_room1_mix0578,71,4,0,163,-4,6.42
fold2_room1_mix0578,72,4,0,162,-4,6.22
fold2_room1_mix0578,73,4,0,160,-5,5.28
fold2_room1_mix0578,74,4,0,156,-6,4.80
fold2_room1_mix0578,75,4,0,163,-3,7.78
fold2_room1_mix0578,75,4,0,145,-9,2.29
fold2_room1_mix0578,76,4,0,162,-3,6.98
fold2_room1_mix0578,76,4,0,136,-12,1.60
fold2_room1_mix0578,77,4,0,147,-6,6.03
fold2_room1_mix0578,77,4,0,113,-15,1.39
fold2_room1_mix0578,78,4,0,135,-5,5.28
fold2_room1_mix0578,78,4,0,89,-13,1.18
fold2_room1_mix0578,79,4,0,128,-5,5.09
fold2_room1_mix0578,79,4,0,73,-10,1.40
fold2_room1_mix0578,80,4,0,141,-2,6.26
fold2_room1_mix0578,80,4,0,56,-8,1.49
fold2_room1_mix0578,81,4,0,143,-2,7.16
fold2_room1_mix0578,81,4,0,44,-7,1.80
fold2_room1_mix0578,82,4,0,159,0,8.11
fold2_room1_mix0578,82,4,0,33,-6,2.00
fold2_room1_mix0578,83,4,0,165,0,8.31
fold2_room1_mix0578,83,4,0,31,-6,2.30
fold2_room1_mix0578,84,4,0,163,-1,7.38
fold2_room1_mix0578,84,4,0,26,-6,2.78
fold2_room1_mix0578,85,4,0,161,-2,7.90
fold2_room1_mix0578,85,4,0,22,-5,3.27
fold2_room1_mix0578,86,4,0,168,0,8.69
fold2_room1_mix0578,86,4,0,18,-5,3.36
fold2_room1_mix0578,87,4,0,165,-1,7.83
fold2_room1_mix0578,87,4,0,19,-4,3.73
fold2_room1_mix0578,88,4,0,169,-1,8.42
fold2_room1_mix0578,88,4,0,15,-4,4.38
fold2_room1_mix0578,89,4,0,172,-1,8.96
fold2_room1_mix0578,89,4,0,13,-4,4.93
fold2_room1_mix0578,90,4,0,173,-1,9.72
fold2_room1_mix0578,90,4,0,11,-4,5.49
fold2_room1_mix0578,91,4,0,170,-1,9.74
fold2_room1_mix0578,91,4,0,12,-3,6.05
fold2_room1_mix0578,92,4,0,174,-1,10.30
fold2_room1_mix0578,92,4,0,8,-3,6.43
fold2_room1_mix0578,93,4,0,173,-2,10.10
fold2_room1_mix0578,93,4,0,9,-3,6.58
fold2_room1_mix0578,99,4,0,8,-2,9.16
fold2_room1_mix0578,35,4,0,19,-5,4.91
fold2_room1_mix0578,94,4,0,7,-2,7.49
fold2_room1_mix0578,95,4,0,9,-3,7.97
fold2_room1_mix0578,96,4,0,8,-3,7.79
fold2_room1_mix0578,97,4,0,7,-2,8.56
fold2_room1_mix0578,98,4,0,7,-2,8.86
fold2_room1_mix0578,2,4,0,-6,0,1.53
fold2_room1_mix0579,19,1,0,169,-1,17.59
fold2_room1_mix0579,20,1,0,172,-2,37.03
fold2_room1_mix0579,21,1,0,175,-2,31.82
fold2_room1_mix0579,22,1,0,177,-2,7.33
fold2_room1_mix0579,23,1,0,175,-2,26.49
fold2_room1_mix0579,24,1,0,170,-2,32.52
fold2_room1_mix0579,25,1,0,178,-1,33.57
fold2_room1_mix0579,26,1,0,171,-2,36.70
fold2_room1_mix0579,27,1,0,178,-2,5.23
fold2_room1_mix0579,29,1,0,172,-2,37.94
fold2_room1_mix0579,30,1,0,178,-2,26.79
fold2_room1_mix0579,31,1,0,171,-1,30.68
fold2_room1_mix0579,32,1,0,176,-2,37.48
fold2_room1_mix0579,34,1,0,171,-2,29.13
fold2_room1_mix0579,35,1,0,173,-2,27.86
fold2_room1_mix0579,36,1,0,170,-2,31.27
fold2_room1_mix0579,37,1,0,172,-2,36.42
fold2_room1_mix0579,39,1,0,170,-2,34.24
fold2_room1_mix0579,40,1,0,169,-2,32.94
fold2_room1_mix0579,41,1,0,168,-2,34.22
fold2_room1_mix0579,42,1,0,167,-2,34.17
fold2_room1_mix0579,43,1,0,175,-2,3.96
fold2_room1_mix0579,44,1,0,166,-2,25.26
fold2_room1_mix0579,45,1,0,166,-2,26.42
fold2_room1_mix0579,46,1,0,169,-2,32.49
fold2_room1_mix0579,47,1,0,164,-2,31.83
fold2_room1_mix0579,48,1,0,168,-1,8.20
fold2_room1_mix0579,50,1,0,163,-2,28.56
fold2_room1_mix0579,51,1,0,165,-2,27.78
fold2_room1_mix0579,52,1,0,161,-1,22.09
fold2_room1_mix0579,53,1,0,161,-2,27.93
fold2_room1_mix0579,55,1,0,163,-1,19.64
fold2_room1_mix0579,56,1,0,157,-2,23.06
fold2_room1_mix0579,57,1,0,158,-2,23.35
fold2_room1_mix0579,58,1,0,158,-2,28.75
fold2_room1_mix0579,60,1,0,153,-2,25.20
fold2_room1_mix0579,61,1,0,154,-2,21.82
fold2_room1_mix0579,62,1,0,148,-2,22.24
fold2_room1_mix0579,63,1,0,146,-2,18.89
fold2_room1_mix0579,65,1,0,140,-3,13.69
fold2_room1_mix0579,66,1,0,136,-3,13.66
fold2_room1_mix0579,67,1,0,124,-3,10.96
fold2_room1_mix0579,68,1,0,119,-3,8.97
fold2_room1_mix0579,69,1,0,109,-4,8.30
fold2_room1_mix0579,71,1,0,93,-3,7.95
fold2_room1_mix0579,72,1,0,80,-4,12.38
fold2_room1_mix0579,73,1,0,67,-3,8.81
fold2_room1_mix0579,74,1,0,62,-4,11.13
fold2_room1_mix0580,41,0,0,20,-1,3.71
fold2_room1_mix0580,42,0,0,26,-1,3.94
fold2_room1_mix0580,43,0,0,34,-1,7.92
fold2_room1_mix0580,44,0,0,34,-1,8.77
fold2_room1_mix0580,45,0,0,36,-1,14.11
fold2_room1_mix0580,46,0,0,38,-2,12.38
fold2_room1_mix0580,47,0,0,41,-2,11.13
fold2_room1_mix0580,48,0,0,51,-2,10.52
fold2_room1_mix0580,49,0,0,63,-3,8.87
fold2_room1_mix0580,50,0,0,74,-3,8.26
fold2_room1_mix0580,51,0,0,84,-3,8.46
fold2_room1_mix0580,52,0,0,91,-3,8.72
fold2_room1_mix0580,53,0,0,98,-3,8.98
fold2_room1_mix0580,54,0,0,107,-3,7.33
fold2_room1_mix0580,55,0,0,116,-3,8.58
fold2_room1_mix0580,56,0,0,127,-2,9.29
fold2_room1_mix0580,57,0,0,130,-2,9.44
fold2_room1_mix0580,58,0,0,135,-2,9.59
fold2_room1_mix0580,59,0,0,135,-2,11.01
fold2_room1_mix0580,60,0,0,138,-2,11.53
fold2_room1_mix0580,61,0,0,143,-2,13.08
fold2_room1_mix0580,62,0,0,147,-2,12.97
fold2_room1_mix0580,63,0,0,147,-2,13.06
fold2_room1_mix0580,64,0,0,149,-2,14.19
fold2_room1_mix0580,65,0,0,152,-2,15.42
fold2_room1_mix0580,66,0,0,153,-1,15.65
fold2_room1_mix0580,67,0,0,154,-1,16.14
fold2_room1_mix0580,68,0,0,155,-1,17.89
fold2_room1_mix0580,69,0,0,157,-1,17.98
fold2_room1_mix0580,70,0,0,159,-1,17.90
fold2_room1_mix0580,71,0,0,160,-1,19.28
fold2_room1_mix0580,72,0,0,161,-1,19.37
fold2_room1_mix0580,73,0,0,161,-1,20.56
fold2_room1_mix0580,74,0,0,162,-1,20.72
fold2_room1_mix0580,75,0,0,162,-1,21.10
fold2_room1_mix0580,76,0,0,162,-1,21.83
fold2_room1_mix0580,77,0,0,162,-1,22.71
fold2_room1_mix0580,78,0,0,163,-1,22.89
fold2_room1_mix0580,79,0,0,162,-1,24.65
fold2_room1_mix0580,80,0,0,162,-1,25.49
fold2_room1_mix0580,81,0,0,163,-1,26.38
fold2_room1_mix0580,82,0,0,164,-1,26.63
fold2_room1_mix0580,83,0,0,164,-1,26.92
fold2_room1_mix0580,84,0,0,164,-1,28.00
fold2_room1_mix0580,85,0,0,165,-1,27.81
fold2_room1_mix0580,86,0,0,165,0,29.10
fold2_room1_mix0580,87,0,0,167,0,8.27
fold2_room1_mix0580,88,0,0,168,0,4.53
fold2_room1_mix0581,30,2,0,-136,-3,4.04
fold2_room1_mix0581,37,2,0,-123,-3,6.78
fold2_room1_mix0581,38,2,0,-123,-2,10.11
fold2_room1_mix0581,39,2,0,-119,-2,9.29
fold2_room1_mix0581,40,2,0,-122,-2,9.81
fold2_room1_mix0581,41,2,0,-121,-2,7.75
fold2_room1_mix0581,46,2,0,-111,-2,9.22
fold2_room1_mix0581,50,4,0,-175,0,9.24
fold2_room1_mix0581,51,4,0,-176,-1,10.12
fold2_room1_mix0581,52,4,0,-176,-1,14.54
fold2_room1_mix0581,53,4,0,-174,-1,15.43
fold2_room1_mix0581,54,4,0,-171,-2,14.81
fold2_room1_mix0581,55,4,0,-172,-1,14.12
fold2_room1_mix0581,56,4,0,-170,-2,13.59
fold2_room1_mix0581,57,4,0,-171,-3,12.45
fold2_room1_mix0581,58,4,0,-170,-2,11.90
fold2_room1_mix0581,59,4,0,-167,-3,10.63
fold2_room1_mix0581,60,4,0,-168,-3,9.58
fold2_room1_mix0581,61,4,0,-164,-3,9.22
fold2_room1_mix0581,62,4,0,-164,-4,8.17
fold2_room1_mix0581,63,4,0,-161,-4,7.35
fold2_room1_mix0581,64,4,0,-159,-5,5.87
fold2_room1_mix0581,65,4,0,-155,-6,4.84
fold2_room1_mix0581,66,4,0,-151,-7,4.07
fold2_room1_mix0581,67,4,0,-145,-8,2.95
fold2_room1_mix0581,68,4,0,-136,-12,2.69
fold2_room1_mix0581,69,4,0,-119,-16,2.37
fold2_room1_mix0581,70,4,0,-95,-14,2.17
fold2_room1_mix0581,71,4,0,-72,-13,2.07
fold2_room1_mix0581,72,4,0,-48,-9,2.24
fold2_room1_mix0581,73,4,0,-38,-9,3.21
fold2_room1_mix0581,74,4,0,-30,-7,3.95
fold2_room1_mix0581,75,4,0,-24,-6,4.74
fold2_room1_mix0581,76,4,0,-19,-5,5.49
fold2_room1_mix0581,77,4,0,-16,-4,6.33
fold2_room1_mix0581,78,4,0,-13,-4,7.35
fold2_room1_mix0581,79,4,0,-12,-4,8.24
fold2_room1_mix0581,80,4,0,-10,-3,9.12
fold2_room1_mix0581,81,4,0,-9,-3,10.30
fold2_room1_mix0581,82,4,0,-8,-3,11.33
fold2_room1_mix0581,83,4,0,-7,-2,12.00
fold2_room1_mix0581,84,4,0,-7,-2,12.65
fold2_room1_mix0581,85,4,0,-7,-2,13.10
fold2_room1_mix0581,86,4,0,-7,-2,13.99
fold2_room1_mix0581,87,4,0,-7,-2,14.56
fold2_room1_mix0581,88,4,0,-7,-2,14.96
fold2_room1_mix0581,89,4,0,-6,-2,15.52
fold2_room1_mix0581,90,4,0,-8,-1,11.24
fold2_room1_mix0581,49,4,0,-178,0,2.27
fold2_room1_mix0582,6,4,0,178,0,2.21
fold2_room1_mix0582,8,4,0,178,0,4.30
fold2_room1_mix0582,10,4,0,179,1,2.35
fold2_room1_mix0582,12,4,0,177,3,1.14
fold2_room1_mix0582,14,4,0,-179,1,5.12
fold2_room1_mix0582,15,4,0,177,2,1.66
fold2_room1_mix0582,16,4,0,177,1,4.24
fold2_room1_mix0582,17,4,0,177,1,4.20
fold2_room1_mix0582,18,4,0,178,0,27.15
fold2_room1_mix0582,19,4,0,179,1,11.66
fold2_room1_mix0582,20,4,0,-178,0,29.21
fold2_room1_mix0582,21,4,0,179,1,5.90
fold2_room1_mix0582,21,4,0,6,2,6.13
fold2_room1_mix0582,22,4,0,179,0,39.12
fold2_room1_mix0582,23,4,0,179,0,27.49
fold2_room1_mix0582,24,4,0,-176,0,36.17
fold2_room1_mix0582,24,4,0,3,0,39.96
fold2_room1_mix0582,25,4,0,177,0,34.82
fold2_room1_mix0582,25,4,0,10,1,42.71
fold2_room1_mix0582,26,4,0,-177,0,35.69
fold2_room1_mix0582,26,4,0,1,0,40.89
fold2_room1_mix0582,27,4,0,178,0,33.27
fold2_room1_mix0582,27,4,0,5,1,38.32
fold2_room1_mix0582,28,4,0,-176,0,37.06
fold2_room1_mix0582,28,4,0,2,0,41.29
fold2_room1_mix0582,29,4,0,179,0,35.68
fold2_room1_mix0582,30,4,0,178,0,38.72
fold2_room1_mix0582,30,4,0,5,0,44.42
fold2_room1_mix0582,31,4,0,-178,0,33.93
fold2_room1_mix0582,31,4,0,7,1,40.46
fold2_room1_mix0582,32,4,0,-179,0,37.04
fold2_room1_mix0582,32,4,0,1,0,37.22
fold2_room1_mix0582,33,4,0,178,0,35.22
fold2_room1_mix0582,33,4,0,5,0,39.46
fold2_room1_mix0582,34,4,0,179,-1,35.41
fold2_room1_mix0582,34,4,0,2,0,35.57
fold2_room1_mix0582,35,4,0,179,0,33.31
fold2_room1_mix0582,35,4,0,5,0,35.14
fold2_room1_mix0582,36,4,0,177,0,34.89
fold2_room1_mix0582,36,4,0,6,0,39.41
fold2_room1_mix0582,37,4,0,179,0,30.31
fold2_room1_mix0582,37,4,0,6,0,35.87
fold2_room1_mix0582,38,4,0,176,0,34.03
fold2_room1_mix0582,38,4,0,6,0,36.51
fold2_room1_mix0582,39,4,0,176,0,29.36
fold2_room1_mix0582,39,4,0,8,0,36.13
fold2_room1_mix0582,40,4,0,179,0,32.23
fold2_room1_mix0582,40,4,0,6,0,36.51
fold2_room1_mix0582,41,4,0,176,0,28.82
fold2_room1_mix0582,41,4,0,7,0,34.37
fold2_room1_mix0582,42,4,0,178,-1,27.26
fold2_room1_mix0582,42,4,0,3,0,29.26
fold2_room1_mix0582,43,4,0,178,-1,27.19
fold2_room1_mix0582,43,4,0,5,0,29.57
fold2_room1_mix0582,44,4,0,179,-1,28.08
fold2_room1_mix0582,44,4,0,3,0,30.44
fold2_room1_mix0582,45,4,0,-179,-1,25.24
fold2_room1_mix0582,45,4,0,4,0,28.78
fold2_room1_mix0582,46,4,0,179,-1,27.16
fold2_room1_mix0582,46,4,0,2,0,29.06
fold2_room1_mix0582,47,4,0,179,-1,26.17
fold2_room1_mix0582,47,4,0,4,0,28.42
fold2_room1_mix0582,48,4,0,177,-1,25.94
fold2_room1_mix0582,48,4,0,1,0,28.60
fold2_room1_mix0582,49,4,0,178,-1,24.19
fold2_room1_mix0582,49,4,0,3,0,26.29
fold2_room1_mix0582,50,4,0,178,-1,25.04
fold2_room1_mix0582,50,4,0,3,0,26.48
fold2_room1_mix0582,51,4,0,178,-1,25.26
fold2_room1_mix0582,51,4,0,3,-1,26.51
fold2_room1_mix0582,52,4,0,176,-1,26.00
fold2_room1_mix0582,52,4,0,5,-1,26.57
fold2_room1_mix0582,53,4,0,176,-1,24.34
fold2_room1_mix0582,53,4,0,7,-1,25.11
fold2_room1_mix0582,54,4,0,178,-2,23.31
fold2_room1_mix0582,54,4,0,7,-1,24.41
fold2_room1_mix0582,55,4,0,179,-2,21.84
fold2_room1_mix0582,55,4,0,9,-1,22.37
fold2_room1_mix0582,56,4,0,178,-2,22.12
fold2_room1_mix0582,56,4,0,7,-1,23.30
fold2_room1_mix0582,57,2,0,-71,-4,7.48
fold2_room1_mix0582,57,4,0,179,-2,21.20
fold2_room1_mix0582,57,4,0,11,-1,21.97
fold2_room1_mix0582,58,2,0,-73,-4,7.68
fold2_room1_mix0582,58,4,0,179,-2,20.79
fold2_room1_mix0582,58,4,0,10,-1,22.01
fold2_room1_mix0582,59,2,0,-77,-4,4.65
fold2_room1_mix0582,59,4,0,178,-2,21.50
fold2_room1_mix0582,59,4,0,11,-1,22.74
fold2_room1_mix0582,60,4,0,178,-1,20.66
fold2_room1_mix0582,60,4,0,9,-1,21.26
fold2_room1_mix0582,61,4,0,179,-2,18.50
fold2_room1_mix0582,61,4,0,10,-2,20.08
fold2_room1_mix0582,62,4,0,-178,-2,17.08
fold2_room1_mix0582,62,4,0,13,-2,18.69
fold2_room1_mix0582,63,4,0,-177,-3,16.35
fold2_room1_mix0582,63,4,0,14,-2,18.33
fold2_room1_mix0582,64,4,0,-175,-3,15.24
fold2_room1_mix0582,64,4,0,11,-2,18.19
fold2_room1_mix0582,65,2,0,-61,-3,10.28
fold2_room1_mix0582,65,4,0,-178,-3,15.10
fold2_room1_mix0582,65,4,0,14,-2,17.19
fold2_room1_mix0582,66,2,0,-61,-2,11.27
fold2_room1_mix0582,66,4,0,-179,-3,13.96
fold2_room1_mix0582,66,4,0,15,-3,16.35
fold2_room1_mix0582,67,2,0,-65,-3,9.50
fold2_room1_mix0582,67,4,0,-179,-4,13.51
fold2_room1_mix0582,67,4,0,18,-3,14.79
fold2_room1_mix0582,68,2,0,-60,-3,9.26
fold2_room1_mix0582,68,4,0,-178,-4,13.26
fold2_room1_mix0582,68,4,0,16,-3,15.45
fold2_room1_mix0582,69,2,0,-62,-3,9.60
fold2_room1_mix0582,69,4,0,-177,-4,13.37
fold2_room1_mix0582,69,4,0,21,-4,13.90
fold2_room1_mix0582,70,2,0,-62,-3,8.81
fold2_room1_mix0582,70,4,0,-176,-4,12.16
fold2_room1_mix0582,70,4,0,20,-4,13.59
fold2_room1_mix0582,71,4,0,-170,-4,11.98
fold2_room1_mix0582,71,4,0,27,-4,11.94
fold2_room1_mix0582,72,4,0,-176,-4,10.96
fold2_room1_mix0582,72,4,0,27,-5,11.79
fold2_room1_mix0582,73,4,0,-172,-5,8.98
fold2_room1_mix0582,73,4,0,30,-5,10.16
fold2_room1_mix0582,74,4,0,-170,-5,9.07
fold2_room1_mix0582,74,4,0,35,-5,10.01
fold2_room1_mix0582,75,2,0,-62,-3,10.74
fold2_room1_mix0582,75,4,0,-174,-7,8.67
fold2_room1_mix0582,75,4,0,34,-7,9.15
fold2_room1_mix0582,76,2,0,-64,-3,12.11
fold2_room1_mix0582,76,4,0,-176,-6,8.27
fold2_room1_mix0582,76,4,0,39,-6,9.24
fold2_room1_mix0582,77,2,0,-61,-3,12.13
fold2_room1_mix0582,77,4,0,-176,-6,7.70
fold2_room1_mix0582,77,4,0,45,-7,7.73
fold2_room1_mix0582,78,2,0,-63,-3,10.57
fold2_room1_mix0582,78,4,0,-169,-5,8.26
fold2_room1_mix0582,78,4,0,43,-6,7.65
fold2_room1_mix0582,79,2,0,-62,-3,10.70
fold2_room1_mix0582,79,4,0,-164,-6,6.87
fold2_room1_mix0582,79,4,0,52,-6,7.30
fold2_room1_mix0582,80,2,0,-63,-3,10.92
fold2_room1_mix0582,80,4,0,-159,-7,6.32
fold2_room1_mix0582,80,4,0,58,-8,6.40
fold2_room1_mix0582,81,2,0,-61,-3,4.07
fold2_room1_mix0582,81,4,0,-150,-6,5.14
fold2_room1_mix0582,81,4,0,64,-6,6.32
fold2_room1_mix0582,82,4,0,-135,-10,3.52
fold2_room1_mix0582,82,4,0,76,-8,6.24
fold2_room1_mix0582,83,4,0,-127,-11,3.19
fold2_room1_mix0582,83,4,0,80,-7,6.43
fold2_room1_mix0582,84,4,0,-118,-11,3.12
fold2_room1_mix0582,84,4,0,89,-8,6.19
fold2_room1_mix0582,85,4,0,-106,-12,2.88
fold2_room1_mix0582,85,4,0,110,-9,5.00
fold2_room1_mix0582,86,2,0,-63,-3,12.17
fold2_room1_mix0582,86,4,0,-98,-15,2.74
fold2_room1_mix0582,86,4,0,109,-9,5.76
fold2_room1_mix0582,87,2,0,-57,-3,12.43
fold2_room1_mix0582,87,4,0,-101,-13,3.27
fold2_room1_mix0582,87,4,0,115,-6,6.65
fold2_room1_mix0582,88,2,0,-61,-2,14.31
fold2_room1_mix0582,88,4,0,-95,-15,4.42
fold2_room1_mix0582,88,4,0,118,-8,6.53
fold2_room1_mix0582,89,2,0,-59,-2,13.18
fold2_room1_mix0582,89,4,0,-81,-15,4.06
fold2_room1_mix0582,89,4,0,105,-14,6.77
fold2_room1_mix0582,90,2,0,-57,-2,13.67
fold2_room1_mix0582,90,4,0,147,-16,7.74
fold2_room1_mix0582,90,4,0,-72,-15,4.19
fold2_room1_mix0582,91,2,0,-59,-2,11.70
fold2_room1_mix0582,91,4,0,149,-7,9.84
fold2_room1_mix0582,91,4,0,-64,-17,4.57
fold2_room1_mix0582,92,4,0,138,-3,11.48
fold2_room1_mix0582,92,4,0,-46,-12,4.41
fold2_room1_mix0582,93,4,0,140,-3,11.97
fold2_room1_mix0582,93,4,0,-44,-10,4.62
fold2_room1_mix0582,94,4,0,137,-2,13.14
fold2_room1_mix0582,94,4,0,-42,-9,4.59
fold2_room1_mix0582,95,4,0,140,-2,14.20
fold2_room1_mix0582,95,4,0,-33,-8,5.31
fold2_room1_mix0582,96,4,0,141,-2,14.58
fold2_room1_mix0582,96,4,0,-25,-8,5.71
fold2_room1_mix0582,97,4,0,144,-2,15.30
fold2_room1_mix0582,97,4,0,-23,-8,6.23
fold2_room1_mix0582,98,4,0,149,-2,14.75
fold2_room1_mix0582,98,4,0,-20,-7,7.19
fold2_room1_mix0582,99,4,0,148,-2,15.55
fold2_room1_mix0582,99,4,0,-19,-7,7.04
fold2_room1_mix0583,0,5,0,-156,3,4.25
fold2_room1_mix0583,1,5,0,-163,3,2.65
fold2_room1_mix0583,2,5,0,-155,4,6.68
fold2_room1_mix0583,3,5,0,-149,3,8.74
fold2_room1_mix0583,5,5,0,-145,3,10.40
fold2_room1_mix0583,6,5,0,-146,3,11.03
fold2_room1_mix0583,7,5,0,-145,5,8.99
fold2_room1_mix0583,8,5,0,-143,3,12.17
fold2_room1_mix0583,9,5,0,-146,4,10.18
fold2_room1_mix0583,10,5,0,-148,4,10.02
fold2_room1_mix0583,11,5,0,-148,4,9.41
fold2_room1_mix0583,12,5,0,-150,3,11.55
fold2_room1_mix0583,13,5,0,-148,3,11.03
fold2_room1_mix0583,14,5,0,-150,4,9.83
fold2_room1_mix0583,15,5,0,-145,4,10.97
fold2_room1_mix0583,16,5,0,-145,4,10.22
fold2_room1_mix0583,17,5,0,-149,4,10.28
fold2_room1_mix0583,18,5,0,-153,4,10.95
fold2_room1_mix0583,19,5,0,-143,5,9.45
fold2_room1_mix0583,20,5,0,-147,4,10.22
fold2_room1_mix0583,21,5,0,-141,4,9.73
fold2_room1_mix0583,22,5,0,-147,4,10.31
fold2_room1_mix0583,23,5,0,-143,4,9.35
fold2_room1_mix0583,24,5,0,-140,4,9.28
fold2_room1_mix0583,25,5,0,-140,5,9.04
fold2_room1_mix0583,26,5,0,-147,5,7.80
fold2_room1_mix0583,27,5,0,-138,6,7.62
fold2_room1_mix0583,28,5,0,-139,6,7.99
fold2_room1_mix0583,29,5,0,-139,6,7.24
fold2_room1_mix0583,30,5,0,-138,7,6.65
fold2_room1_mix0583,31,5,0,-139,6,8.14
fold2_room1_mix0583,32,5,0,-136,7,6.80
fold2_room1_mix0583,33,5,0,-134,7,6.72
fold2_room1_mix0583,34,5,0,-139,8,6.48
fold2_room1_mix0583,35,5,0,-133,7,7.11
fold2_room1_mix0583,36,5,0,-134,6,7.72
fold2_room1_mix0583,37,5,0,-131,7,6.46
fold2_room1_mix0583,38,5,0,-131,8,5.89
fold2_room1_mix0583,39,5,0,-133,7,6.75
fold2_room1_mix0583,40,5,0,-130,7,6.35
fold2_room1_mix0583,41,5,0,-130,7,6.82
fold2_room1_mix0583,42,5,0,-127,9,5.86
fold2_room1_mix0583,43,5,0,-126,9,5.55
fold2_room1_mix0583,44,5,0,-126,8,6.26
fold2_room1_mix0583,45,5,0,-123,7,6.69
fold2_room1_mix0583,46,5,0,-119,11,4.23
fold2_room1_mix0583,47,5,0,-119,11,4.44
fold2_room1_mix0583,48,5,0,-118,10,5.28
fold2_room1_mix0583,49,5,0,-116,12,4.14
fold2_room1_mix0583,50,5,0,-105,14,3.58
fold2_room1_mix0583,51,5,0,-106,13,4.02
fold2_room1_mix0583,52,5,0,-109,14,3.64
fold2_room1_mix0583,53,5,0,-105,14,3.62
fold2_room1_mix0583,54,5,0,-95,13,3.98
fold2_room1_mix0583,55,5,0,-92,17,2.63
fold2_room1_mix0583,56,5,0,-94,16,2.86
fold2_room1_mix0583,57,5,0,-92,16,2.99
fold2_room1_mix0583,58,5,0,-87,18,2.63
fold2_room1_mix0583,59,5,0,-80,16,2.72
fold2_room1_mix0583,60,5,0,-84,18,2.48
fold2_room1_mix0583,61,5,0,-84,18,2.53
fold2_room1_mix0583,62,5,0,-79,16,2.67
fold2_room1_mix0583,63,5,0,-80,15,2.84
fold2_room1_mix0583,64,5,0,-69,16,2.63
fold2_room1_mix0583,65,5,0,-74,13,3.18
fold2_room1_mix0583,66,5,0,-70,15,2.79
fold2_room1_mix0583,67,5,0,-71,13,3.33
fold2_room1_mix0583,68,5,0,-62,14,2.92
fold2_room1_mix0583,69,5,0,-66,14,3.06
fold2_room1_mix0583,70,5,0,-63,14,3.09
fold2_room1_mix0583,71,5,0,-61,12,3.22
fold2_room1_mix0583,72,5,0,-64,12,3.43
fold2_room1_mix0583,73,5,0,-59,12,3.51
fold2_room1_mix0583,74,5,0,-54,12,3.39
fold2_room1_mix0583,75,5,0,-60,11,3.64
fold2_room1_mix0583,76,5,0,-55,11,3.79
fold2_room1_mix0583,77,5,0,-50,10,4.05
fold2_room1_mix0583,78,5,0,-47,11,3.60
fold2_room1_mix0583,79,5,0,-49,10,3.90
fold2_room1_mix0583,80,5,0,-52,10,4.32
fold2_room1_mix0583,81,5,0,-49,10,4.22
fold2_room1_mix0583,82,5,0,-44,9,4.43
fold2_room1_mix0583,83,5,0,-48,9,4.36
fold2_room1_mix0583,84,5,0,-46,9,4.54
fold2_room1_mix0583,85,5,0,-43,9,4.65
fold2_room1_mix0583,86,5,0,-37,9,4.50
fold2_room1_mix0583,87,5,0,-40,10,4.05
fold2_room1_mix0583,88,5,0,-40,10,4.18
fold2_room1_mix0583,89,5,0,-44,9,4.41
fold2_room1_mix0583,90,5,0,-39,10,4.08
fold2_room1_mix0583,91,5,0,-37,8,4.81
fold2_room1_mix0583,92,5,0,-36,9,4.20
fold2_room1_mix0583,93,5,0,-37,9,4.46
fold2_room1_mix0583,94,5,0,-38,8,5.10
fold2_room1_mix0583,95,5,0,-33,8,4.99
fold2_room1_mix0583,96,5,0,-33,9,4.07
fold2_room1_mix0583,97,5,0,-32,8,4.86
fold2_room1_mix0583,98,5,0,-36,8,5.12
fold2_room1_mix0583,99,5,0,-35,7,5.66
fold2_room1_mix0584,25,4,0,179,2,1.10
fold2_room1_mix0584,26,4,0,178,1,1.26
fold2_room1_mix0584,27,4,0,-179,2,0.75
fold2_room1_mix0584,28,4,0,178,2,1.00
fold2_room1_mix0584,29,4,0,-179,2,1.40
fold2_room1_mix0584,30,4,0,-179,0,5.59
fold2_room1_mix0584,31,4,0,-178,2,1.00
fold2_room1_mix0584,33,4,0,179,1,1.54
fold2_room1_mix0584,35,4,0,178,2,1.57
fold2_room1_mix0584,36,4,0,-179,0,5.14
fold2_room1_mix0584,38,4,0,179,0,7.74
fold2_room1_mix0584,40,4,0,179,3,1.35
fold2_room1_mix0584,41,4,0,178,2,1.34
fold2_room1_mix0584,42,3,0,98,-3,12.65
fold2_room1_mix0584,42,4,0,177,0,12.43
fold2_room1_mix0584,43,3,0,106,-3,12.59
fold2_room1_mix0584,43,4,0,-177,1,5.19
fold2_room1_mix0584,44,3,0,99,-3,12.68
fold2_room1_mix0584,44,4,0,-175,0,19.30
fold2_room1_mix0584,45,3,0,102,-3,11.91
fold2_room1_mix0584,45,4,0,-177,0,16.04
fold2_room1_mix0584,45,4,0,-3,1,21.20
fold2_room1_mix0584,46,3,0,103,-3,12.47
fold2_room1_mix0584,46,4,0,179,0,19.70
fold2_room1_mix0584,47,3,0,105,-3,13.02
fold2_room1_mix0584,47,4,0,-177,0,22.16
fold2_room1_mix0584,48,3,0,108,-3,12.40
fold2_room1_mix0584,48,4,0,-177,0,18.61
fold2_room1_mix0584,49,3,0,110,-3,12.73
fold2_room1_mix0584,49,4,0,-178,0,21.69
fold2_room1_mix0584,50,3,0,115,-3,11.59
fold2_room1_mix0584,50,4,0,179,-1,21.56
fold2_room1_mix0584,51,3,0,116,-3,9.64
fold2_room1_mix0584,51,4,0,-179,0,20.31
fold2_room1_mix0584,52,3,0,-91,-4,5.12
fold2_room1_mix0584,52,4,0,177,-1,20.71
fold2_room1_mix0584,53,3,0,-96,-4,6.31
fold2_room1_mix0584,53,4,0,176,-1,17.95
fold2_room1_mix0584,54,4,0,178,0,22.57
fold2_room1_mix0584,55,3,0,-137,-4,5.72
fold2_room1_mix0584,55,4,0,177,0,23.27
fold2_room1_mix0584,56,3,0,127,-4,13.77
fold2_room1_mix0584,56,4,0,178,0,24.95
fold2_room1_mix0584,57,3,0,121,-3,15.40
fold2_room1_mix0584,57,4,0,-178,0,23.33
fold2_room1_mix0584,58,3,0,122,-3,14.57
fold2_room1_mix0584,58,4,0,-174,-1,19.93
fold2_room1_mix0584,59,3,0,125,-3,13.73
fold2_room1_mix0584,59,4,0,-175,-1,18.93
fold2_room1_mix0584,60,3,0,-178,-7,9.75
fold2_room1_mix0584,60,3,0,-129,-5,10.04
fold2_room1_mix0584,60,3,0,162,-7,9.49
fold2_room1_mix0584,60,4,0,-173,-1,15.43
fold2_room1_mix0584,61,3,0,-154,-7,8.87
fold2_room1_mix0584,61,3,0,-118,-4,9.15
fold2_room1_mix0584,61,3,0,-174,-8,8.62
fold2_room1_mix0584,61,4,0,-175,-1,13.34
fold2_room1_mix0584,61,4,0,-12,0,22.49
fold2_room1_mix0584,62,3,0,159,-6,10.36
fold2_room1_mix0584,62,3,0,-125,-4,11.09
fold2_room1_mix0584,62,3,0,143,-5,9.99
fold2_room1_mix0584,62,4,0,-171,-2,13.40
fold2_room1_mix0584,62,4,0,-18,0,23.88
fold2_room1_mix0584,63,3,0,174,-7,9.78
fold2_room1_mix0584,63,3,0,-117,-4,10.51
fold2_room1_mix0584,63,3,0,151,-6,9.42
fold2_room1_mix0584,63,4,0,-177,-1,12.09
fold2_room1_mix0584,63,4,0,-15,-1,21.75
fold2_room1_mix0584,64,3,0,-167,-6,9.85
fold2_room1_mix0584,64,3,0,-122,-4,10.41
fold2_room1_mix0584,64,3,0,170,-6,9.49
fold2_room1_mix0584,64,4,0,179,-2,10.58
fold2_room1_mix0584,65,3,0,-158,-6,10.63
fold2_room1_mix0584,65,3,0,-119,-4,11.27
fold2_room1_mix0584,65,3,0,177,-7,10.29
fold2_room1_mix0584,65,4,0,-178,-2,10.14
fold2_room1_mix0584,65,4,0,-15,0,21.13
fold2_room1_mix0584,66,3,0,-152,-6,10.68
fold2_room1_mix0584,66,3,0,-119,-4,11.33
fold2_room1_mix0584,66,3,0,-172,-7,10.40
fold2_room1_mix0584,66,4,0,179,-3,10.05
fold2_room1_mix0584,66,4,0,-17,0,19.03
fold2_room1_mix0584,67,3,0,-161,-5,12.13
fold2_room1_mix0584,67,3,0,-128,-4,12.70
fold2_room1_mix0584,67,3,0,-178,-6,11.86
fold2_room1_mix0584,67,4,0,179,-2,9.87
fold2_room1_mix0584,67,4,0,-20,-1,17.09
fold2_room1_mix0584,68,3,0,-162,-4,11.36
fold2_room1_mix0584,68,3,0,-166,-4,11.31
fold2_room1_mix0584,68,4,0,-177,-2,9.82
fold2_room1_mix0584,68,4,0,-23,0,18.59
fold2_room1_mix0584,69,3,0,-165,-4,11.82
fold2_room1_mix0584,69,4,0,179,-3,8.55
fold2_room1_mix0584,69,4,0,-163,-2,9.71
fold2_room1_mix0584,69,4,0,-31,0,17.00
fold2_room1_mix0584,70,3,0,167,-4,15.93
fold2_room1_mix0584,70,3,0,165,-4,16.04
fold2_room1_mix0584,70,4,0,178,-3,8.86
fold2_room1_mix0584,70,4,0,-30,0,16.51
fold2_room1_mix0584,71,3,0,161,-4,15.76
fold2_room1_mix0584,71,3,0,159,-4,15.83
fold2_room1_mix0584,71,4,0,175,-4,7.80
fold2_room1_mix0584,71,4,0,-162,-4,8.65
fold2_room1_mix0584,71,4,0,-31,-1,15.91
fold2_room1_mix0584,72,3,0,157,-4,14.35
fold2_room1_mix0584,72,4,0,173,-4,6.93
fold2_room1_mix0584,72,4,0,-156,-4,7.89
fold2_room1_mix0584,72,4,0,-38,0,14.56
fold2_room1_mix0584,73,3,0,157,-3,14.05
fold2_room1_mix0584,73,4,0,173,-5,7.03
fold2_room1_mix0584,73,4,0,-147,-6,8.45
fold2_room1_mix0584,73,4,0,-39,-1,14.74
fold2_room1_mix0584,74,3,0,163,-4,13.83
fold2_room1_mix0584,74,4,0,169,-7,4.81
fold2_room1_mix0584,74,4,0,-40,-1,13.24
fold2_room1_mix0584,75,3,0,159,-3,13.19
fold2_room1_mix0584,75,4,0,161,-9,5.18
fold2_room1_mix0584,75,4,0,-41,-1,14.59
fold2_room1_mix0584,76,3,0,160,-3,13.42
fold2_room1_mix0584,76,4,0,146,-10,4.71
fold2_room1_mix0584,76,4,0,-40,-2,13.21
fold2_room1_mix0584,77,3,0,169,-3,8.18
fold2_room1_mix0584,77,4,0,120,-14,3.62
fold2_room1_mix0584,77,4,0,-42,0,16.84
fold2_room1_mix0584,78,4,0,104,-13,3.20
fold2_room1_mix0584,78,4,0,-38,1,16.17
fold2_room1_mix0584,79,4,0,70,-13,3.60
fold2_room1_mix0584,79,4,0,-40,1,15.66
fold2_room1_mix0584,81,4,0,-75,0,13.77
fold2_room1_mix0584,81,4,0,35,-10,3.59
fold2_room1_mix0584,81,4,0,-10,-6,6.40
fold2_room1_mix0584,82,4,0,-84,1,12.54
fold2_room1_mix0584,82,4,0,-22,-8,4.73
fold2_room1_mix0584,82,4,0,6,-7,5.21
fold2_room1_mix0584,83,4,0,-70,0,12.29
fold2_room1_mix0584,83,4,0,-7,-7,5.47
fold2_room1_mix0584,84,4,0,-105,0,14.47
fold2_room1_mix0584,84,4,0,-57,-3,6.71
fold2_room1_mix0584,84,4,0,1,-5,6.94
fold2_room1_mix0584,85,4,0,-88,0,15.95
fold2_room1_mix0584,85,4,0,-55,-2,8.58
fold2_room1_mix0584,85,4,0,9,-5,7.46
fold2_room1_mix0584,86,4,0,-75,0,17.37
fold2_room1_mix0584,86,4,0,-47,-3,10.33
fold2_room1_mix0584,86,4,0,6,-4,8.99
fold2_room1_mix0584,87,4,0,-81,0,16.20
fold2_room1_mix0584,87,4,0,-55,-3,10.09
fold2_room1_mix0584,87,4,0,11,-4,8.61
fold2_room1_mix0584,88,4,0,-77,-2,12.84
fold2_room1_mix0584,88,4,0,12,-2,12.83
fold2_room1_mix0584,89,4,0,-88,-3,13.74
fold2_room1_mix0584,89,4,0,13,-4,12.44
fold2_room1_mix0584,90,4,0,-98,-2,16.27
fold2_room1_mix0584,90,4,0,-75,-3,13.84
fold2_room1_mix0584,90,4,0,10,-3,13.80
fold2_room1_mix0584,91,4,0,-82,-2,15.76
fold2_room1_mix0584,91,4,0,12,-2,17.54
fold2_room1_mix0584,92,4,0,-105,-1,17.71
fold2_room1_mix0584,92,4,0,-79,-2,14.48
fold2_room1_mix0584,92,4,0,6,-2,16.09
fold2_room1_mix0584,93,4,0,-109,-1,16.28
fold2_room1_mix0584,93,4,0,-80,-2,14.57
fold2_room1_mix0584,93,4,0,-1,-3,15.65
fold2_room1_mix0584,94,4,0,-123,-1,16.05
fold2_room1_mix0584,94,4,0,-90,-2,14.73
fold2_room1_mix0584,94,4,0,0,-3,15.35
fold2_room1_mix0584,95,4,0,-120,-2,17.13
fold2_room1_mix0584,95,4,0,-102,-3,14.43
fold2_room1_mix0584,95,4,0,-6,-3,18.68
fold2_room1_mix0584,96,4,0,-124,-2,16.87
fold2_room1_mix0584,96,4,0,-91,-3,14.78
fold2_room1_mix0584,96,4,0,-6,-4,16.79
fold2_room1_mix0584,97,3,0,-35,-3,6.00
fold2_room1_mix0584,97,4,0,-118,-2,16.64
fold2_room1_mix0584,97,4,0,-14,-2,18.70
fold2_room1_mix0584,98,4,0,-130,-1,18.02
fold2_room1_mix0584,98,4,0,-111,-3,14.53
fold2_room1_mix0584,98,4,0,-10,-1,21.07
fold2_room1_mix0584,99,4,0,-132,-1,18.98
fold2_room1_mix0584,99,4,0,-52,-2,18.21
fold2_room1_mix0584,99,4,0,-10,-2,22.28
fold2_room1_mix0584,80,4,0,51,-10,3.01
fold2_room1_mix0584,80,4,0,-41,1,14.83
fold2_room1_mix0585,8,1,0,-166,-1,15.93
fold2_room1_mix0585,9,1,0,-172,-2,27.09
fold2_room1_mix0585,10,1,0,179,-2,3.79
fold2_room1_mix0585,11,1,0,-164,-3,27.68
fold2_room1_mix0585,12,1,0,-164,-2,28.06
fold2_room1_mix0585,13,1,0,-161,-2,27.57
fold2_room1_mix0585,14,1,0,-159,-2,15.15
fold2_room1_mix0585,15,1,0,-163,-2,23.72
fold2_room1_mix0585,16,1,0,-161,-2,26.05
fold2_room1_mix0585,17,1,0,-156,-2,21.97
fold2_room1_mix0585,18,1,0,-158,-2,29.07
fold2_room1_mix0585,19,1,0,-158,-2,4.28
fold2_room1_mix0585,20,1,0,-151,-2,17.37
fold2_room1_mix0585,21,1,0,-157,-2,23.52
fold2_room1_mix0585,22,1,0,-146,-2,20.61
fold2_room1_mix0585,23,1,0,-150,-2,22.15
fold2_room1_mix0585,24,1,0,-150,-3,4.33
fold2_room1_mix0585,25,1,0,-144,-3,16.09
fold2_room1_mix0585,26,1,0,-145,-3,15.49
fold2_room1_mix0585,27,1,0,-134,-3,14.20
fold2_room1_mix0585,28,1,0,-129,-3,11.10
fold2_room1_mix0585,30,1,0,-115,-4,8.00
fold2_room1_mix0585,31,1,0,-112,-4,11.18
fold2_room1_mix0585,32,1,0,-104,-4,9.92
fold2_room1_mix0585,33,1,0,-96,-5,8.21
fold2_room1_mix0585,34,1,0,-101,-3,3.03
fold2_room1_mix0585,35,1,0,-77,-4,6.00
fold2_room1_mix0585,36,1,0,-68,-4,6.75
fold2_room1_mix0585,37,1,0,-62,-4,9.68
fold2_room1_mix0585,38,1,0,-51,-4,9.04
fold2_room1_mix0585,40,1,0,-48,-4,6.23
fold2_room1_mix0585,41,1,0,-39,-3,9.96
fold2_room1_mix0585,42,1,0,-39,-3,13.24
fold2_room1_mix0585,43,1,0,-36,-3,13.45
fold2_room1_mix0585,46,1,0,-29,-3,15.98
fold2_room1_mix0585,47,1,0,-27,-3,17.80
fold2_room1_mix0585,48,1,0,-26,-2,13.27
fold2_room1_mix0585,49,1,0,-32,-3,14.37
fold2_room1_mix0585,51,1,0,-27,-2,15.43
fold2_room1_mix0585,51,4,0,3,-1,12.48
fold2_room1_mix0585,52,1,0,-20,-3,20.54
fold2_room1_mix0585,52,4,0,6,-1,12.58
fold2_room1_mix0585,53,4,0,0,-1,21.03
fold2_room1_mix0585,54,4,0,-1,-1,17.75
fold2_room1_mix0585,55,4,0,3,-1,19.39
fold2_room1_mix0585,56,4,0,0,-1,21.90
fold2_room1_mix0585,57,4,0,0,-1,20.28
fold2_room1_mix0585,58,4,0,1,-2,17.79
fold2_room1_mix0585,59,4,0,0,-2,16.83
fold2_room1_mix0585,60,4,0,0,-3,16.69
fold2_room1_mix0585,61,4,0,0,-2,15.86
fold2_room1_mix0585,62,4,0,0,-2,15.05
fold2_room1_mix0585,63,4,0,1,-3,13.36
fold2_room1_mix0585,64,4,0,0,-3,12.11
fold2_room1_mix0585,65,4,0,0,-3,11.65
fold2_room1_mix0585,66,4,0,-2,-3,10.30
fold2_room1_mix0585,67,4,0,-2,-3,9.22
fold2_room1_mix0585,68,4,0,-5,-4,7.31
fold2_room1_mix0585,69,4,0,-6,-5,6.31
fold2_room1_mix0585,70,4,0,-8,-7,5.20
fold2_room1_mix0585,71,4,0,-12,-9,4.22
fold2_room1_mix0585,72,4,0,-15,-11,3.20
fold2_room1_mix0585,73,4,0,-27,-17,2.07
fold2_room1_mix0585,74,4,0,-47,-28,1.38
fold2_room1_mix0585,75,4,0,-112,-30,1.11
fold2_room1_mix0585,76,4,0,-145,-18,1.44
fold2_room1_mix0585,77,4,0,-157,-12,2.13
fold2_room1_mix0585,78,4,0,-160,-9,3.44
fold2_room1_mix0585,79,4,0,-164,-8,4.34
fold2_room1_mix0585,80,4,0,-166,-6,4.98
fold2_room1_mix0585,81,4,0,-170,-5,5.73
fold2_room1_mix0585,82,4,0,-170,-4,6.56
fold2_room1_mix0585,83,4,0,-173,-3,7.91
fold2_room1_mix0585,84,4,0,-171,-3,8.86
fold2_room1_mix0585,85,4,0,-174,-2,9.93
fold2_room1_mix0585,86,4,0,-174,-2,11.10
fold2_room1_mix0585,87,4,0,-175,-1,12.78
fold2_room1_mix0585,88,4,0,-176,-1,13.60
fold2_room1_mix0585,89,4,0,-175,-1,14.78
fold2_room1_mix0585,90,4,0,-175,-1,15.78
fold2_room1_mix0585,91,4,0,-175,-1,16.58
fold2_room1_mix0585,92,4,0,-176,0,18.39
fold2_room1_mix0585,93,4,0,-175,0,18.19
fold2_room1_mix0585,94,4,0,-176,0,19.88
fold2_room1_mix0585,95,4,0,-176,0,19.90
fold2_room1_mix0585,96,4,0,-177,0,21.12
fold2_room1_mix0585,97,4,0,-177,0,21.17
fold2_room1_mix0585,98,4,0,-179,0,17.51
fold2_room1_mix0585,99,4,0,179,0,7.13
fold2_room1_mix0586,0,5,0,-134,2,4.76
fold2_room1_mix0586,1,5,0,-130,2,9.43
fold2_room1_mix0586,2,5,0,-128,3,10.94
fold2_room1_mix0586,3,5,0,-125,2,13.82
fold2_room1_mix0586,4,5,0,-131,2,13.16
fold2_room1_mix0586,5,5,0,-129,2,15.45
fold2_room1_mix0586,6,5,0,-126,2,18.34
fold2_room1_mix0586,7,5,0,-129,2,15.95
fold2_room1_mix0586,8,5,0,-125,2,16.75
fold2_room1_mix0586,9,5,0,-122,2,18.12
fold2_room1_mix0586,10,5,0,-122,2,15.38
fold2_room1_mix0586,11,5,0,-124,2,18.14
fold2_room1_mix0586,12,5,0,-121,3,15.32
fold2_room1_mix0586,13,5,0,-125,2,15.89
fold2_room1_mix0586,14,5,0,-124,3,17.27
fold2_room1_mix0586,15,5,0,-121,3,15.72
fold2_room1_mix0586,16,5,0,-123,2,17.73
fold2_room1_mix0586,17,5,0,-121,2,17.06
fold2_room1_mix0586,18,5,0,-121,3,15.65
fold2_room1_mix0586,19,5,0,-125,2,17.44
fold2_room1_mix0586,20,5,0,-122,2,18.81
fold2_room1_mix0586,21,5,0,-120,2,15.79
fold2_room1_mix0586,22,5,0,-124,2,16.68
fold2_room1_mix0586,23,5,0,-124,2,17.99
fold2_room1_mix0586,24,5,0,-119,2,16.61
fold2_room1_mix0586,25,5,0,-120,2,18.57
fold2_room1_mix0586,26,5,0,-122,3,17.20
fold2_room1_mix0586,27,5,0,-122,2,17.62
fold2_room1_mix0586,28,5,0,-120,2,17.66
fold2_room1_mix0586,29,5,0,-120,3,15.85
fold2_room1_mix0586,30,5,0,-118,3,16.93
fold2_room1_mix0586,31,5,0,-120,3,16.01
fold2_room1_mix0586,32,5,0,-120,3,16.01
fold2_room1_mix0586,33,5,0,-117,2,18.21
fold2_room1_mix0586,34,5,0,-118,2,17.53
fold2_room1_mix0586,35,5,0,-119,2,17.26
fold2_room1_mix0586,36,5,0,-115,2,18.03
fold2_room1_mix0586,37,2,0,98,-5,5.53
fold2_room1_mix0586,37,5,0,-120,1,18.10
fold2_room1_mix0586,38,2,0,110,-5,6.68
fold2_room1_mix0586,38,5,0,-119,1,16.84
fold2_room1_mix0586,39,2,0,103,-5,6.24
fold2_room1_mix0586,39,5,0,-120,1,16.77
fold2_room1_mix0586,40,2,0,101,-5,6.45
fold2_room1_mix0586,40,5,0,-119,2,15.51
fold2_room1_mix0586,41,2,0,98,-6,5.83
fold2_room1_mix0586,41,5,0,-118,1,17.89
fold2_room1_mix0586,42,5,0,-119,2,17.32
fold2_room1_mix0586,43,5,0,-117,2,15.87
fold2_room1_mix0586,44,5,0,-120,2,15.54
fold2_room1_mix0586,45,5,0,-116,2,16.91
fold2_room1_mix0586,46,2,0,98,-5,6.54
fold2_room1_mix0586,46,5,0,-121,2,16.75
fold2_room1_mix0586,47,2,0,103,-5,6.93
fold2_room1_mix0586,47,5,0,-118,2,15.67
fold2_room1_mix0586,48,2,0,99,-5,7.38
fold2_room1_mix0586,48,5,0,-117,2,14.59
fold2_room1_mix0586,49,2,0,97,-6,7.00
fold2_room1_mix0586,49,5,0,-120,2,16.00
fold2_room1_mix0586,50,2,0,98,-6,6.80
fold2_room1_mix0586,50,5,0,-117,2,15.48
fold2_room1_mix0586,51,5,0,-118,2,16.94
fold2_room1_mix0586,52,5,0,-118,2,16.62
fold2_room1_mix0586,53,5,0,-116,2,16.16
fold2_room1_mix0586,54,5,0,-117,3,16.37
fold2_room1_mix0586,55,5,0,-115,3,17.08
fold2_room1_mix0586,56,5,0,-108,3,16.48
fold2_room1_mix0586,57,5,0,-114,2,17.02
fold2_room1_mix0586,58,5,0,-109,3,15.86
fold2_room1_mix0586,59,5,0,-107,3,15.49
fold2_room1_mix0586,60,5,0,-111,3,17.40
fold2_room1_mix0586,61,5,0,-111,3,16.35
fold2_room1_mix0586,62,5,0,-108,3,16.75
fold2_room1_mix0586,63,5,0,-110,3,15.19
fold2_room1_mix0586,64,5,0,-106,3,16.18
fold2_room1_mix0586,65,5,0,-106,3,15.90
fold2_room1_mix0586,66,5,0,-106,3,15.51
fold2_room1_mix0586,67,5,0,-107,3,15.99
fold2_room1_mix0586,68,5,0,-103,3,15.91
fold2_room1_mix0586,69,5,0,-108,3,17.19
fold2_room1_mix0586,70,5,0,-105,3,15.59
fold2_room1_mix0586,71,5,0,-104,3,16.55
fold2_room1_mix0586,72,5,0,-106,3,17.07
fold2_room1_mix0586,73,5,0,-103,3,16.30
fold2_room1_mix0586,74,5,0,-102,3,15.97
fold2_room1_mix0586,75,5,0,-101,3,15.78
fold2_room1_mix0586,76,5,0,-104,3,15.94
fold2_room1_mix0586,77,5,0,-104,3,15.48
fold2_room1_mix0586,78,5,0,-101,3,16.55
fold2_room1_mix0586,79,5,0,-96,3,14.87
fold2_room1_mix0586,80,5,0,-101,3,15.82
fold2_room1_mix0586,81,5,0,-100,3,15.74
fold2_room1_mix0586,82,5,0,-97,3,15.30
fold2_room1_mix0586,83,5,0,-97,3,15.37
fold2_room1_mix0586,84,5,0,-99,3,15.99
fold2_room1_mix0586,85,5,0,-98,3,15.52
fold2_room1_mix0586,86,5,0,-99,3,15.24
fold2_room1_mix0586,87,5,0,-97,3,16.74
fold2_room1_mix0586,88,5,0,-94,3,15.53
fold2_room1_mix0586,89,5,0,-98,3,15.56
fold2_room1_mix0586,90,5,0,-93,3,15.45
fold2_room1_mix0586,91,5,0,-91,3,15.53
fold2_room1_mix0586,92,5,0,-95,3,15.81
fold2_room1_mix0586,93,5,0,-93,3,14.25
fold2_room1_mix0586,94,5,0,-92,4,14.33
fold2_room1_mix0586,95,5,0,-93,3,15.05
fold2_room1_mix0586,96,5,0,-91,3,15.95
fold2_room1_mix0586,97,5,0,-89,3,15.90
fold2_room1_mix0586,98,5,0,-91,3,14.82
fold2_room1_mix0586,99,5,0,-93,3,15.49
fold2_room1_mix0587,0,5,0,2,3,2.66
fold2_room1_mix0587,1,4,0,-3,0,1.50
fold2_room1_mix0587,1,5,0,-3,2,8.32
fold2_room1_mix0587,2,4,0,0,0,2.41
fold2_room1_mix0587,2,5,0,0,2,7.91
fold2_room1_mix0587,3,4,0,0,0,7.01
fold2_room1_mix0587,3,5,0,-4,3,3.45
fold2_room1_mix0587,4,4,0,1,-1,16.04
fold2_room1_mix0587,5,4,0,0,-1,18.15
fold2_room1_mix0587,5,5,0,-4,2,5.55
fold2_room1_mix0587,6,4,0,1,-1,20.99
fold2_room1_mix0587,6,5,0,-3,3,11.38
fold2_room1_mix0587,7,4,0,2,-2,32.45
fold2_room1_mix0587,7,5,0,-2,4,5.81
fold2_room1_mix0587,8,4,0,0,-2,32.73
fold2_room1_mix0587,8,5,0,1,3,6.51
fold2_room1_mix0587,9,4,0,0,-1,32.76
fold2_room1_mix0587,9,5,0,-5,4,8.25
fold2_room1_mix0587,10,4,0,1,-1,29.36
fold2_room1_mix0587,10,5,0,-1,4,6.34
fold2_room1_mix0587,11,4,0,-2,-1,29.14
fold2_room1_mix0587,11,5,0,-1,4,8.92
fold2_room1_mix0587,12,4,0,0,-2,27.60
fold2_room1_mix0587,12,5,0,1,4,8.77
fold2_room1_mix0587,13,4,0,-1,-2,26.60
fold2_room1_mix0587,13,5,0,-6,3,5.68
fold2_room1_mix0587,14,4,0,-1,-2,25.13
fold2_room1_mix0587,14,5,0,0,5,7.41
fold2_room1_mix0587,15,4,0,-3,-2,23.53
fold2_room1_mix0587,15,5,0,-1,5,7.82
fold2_room1_mix0587,16,4,0,-4,-2,23.31
fold2_room1_mix0587,16,5,0,3,3,10.13
fold2_room1_mix0587,17,4,0,-2,-1,25.57
fold2_room1_mix0587,17,5,0,-2,4,8.05
fold2_room1_mix0587,18,4,0,-4,-2,20.77
fold2_room1_mix0587,18,5,0,3,4,7.96
fold2_room1_mix0587,19,4,0,-4,-2,20.47
fold2_room1_mix0587,19,5,0,0,5,8.29
fold2_room1_mix0587,20,4,0,-5,-2,22.86
fold2_room1_mix0587,20,5,0,3,5,6.98
fold2_room1_mix0587,21,4,0,-3,-2,21.06
fold2_room1_mix0587,21,5,0,-5,5,7.58
fold2_room1_mix0587,22,4,0,-5,-2,20.06
fold2_room1_mix0587,22,5,0,3,5,7.54
fold2_room1_mix0587,23,4,0,-3,-2,17.89
fold2_room1_mix0587,23,5,0,8,6,6.55
fold2_room1_mix0587,24,4,0,-4,-3,18.48
fold2_room1_mix0587,24,5,0,6,5,7.02
fold2_room1_mix0587,25,4,0,-5,-2,18.24
fold2_room1_mix0587,25,5,0,8,5,7.71
fold2_room1_mix0587,26,4,0,-6,-3,17.09
fold2_room1_mix0587,26,5,0,18,6,6.57
fold2_room1_mix0587,27,4,0,-5,-3,16.70
fold2_room1_mix0587,27,5,0,6,6,6.65
fold2_room1_mix0587,28,4,0,-6,-3,18.68
fold2_room1_mix0587,28,5,0,10,6,6.65
fold2_room1_mix0587,29,4,0,-7,-2,17.78
fold2_room1_mix0587,29,5,0,9,6,6.71
fold2_room1_mix0587,30,4,0,-5,-3,16.79
fold2_room1_mix0587,30,5,0,8,6,6.15
fold2_room1_mix0587,31,4,0,-7,-3,16.57
fold2_room1_mix0587,31,5,0,8,7,5.91
fold2_room1_mix0587,32,4,0,-8,-3,16.85
fold2_room1_mix0587,32,5,0,5,5,7.91
fold2_room1_mix0587,33,4,0,-9,-2,15.43
fold2_room1_mix0587,33,5,0,7,6,6.62
fold2_room1_mix0587,34,4,0,-7,-3,13.94
fold2_room1_mix0587,34,5,0,11,5,7.68
fold2_room1_mix0587,35,4,0,-7,-3,14.00
fold2_room1_mix0587,35,5,0,6,6,6.45
fold2_room1_mix0587,36,4,0,-26,-4,13.36
fold2_room1_mix0587,36,4,0,-6,-3,12.76
fold2_room1_mix0587,36,5,0,10,6,8.05
fold2_room1_mix0587,37,4,0,-23,-5,11.73
fold2_room1_mix0587,37,4,0,-3,-2,13.97
fold2_room1_mix0587,37,5,0,9,6,6.34
fold2_room1_mix0587,38,4,0,-31,-7,10.95
fold2_room1_mix0587,38,4,0,-5,-3,12.72
fold2_room1_mix0587,38,5,0,8,8,5.64
fold2_room1_mix0587,39,4,0,-24,-6,9.73
fold2_room1_mix0587,39,4,0,-6,-2,13.52
fold2_room1_mix0587,39,5,0,11,8,6.07
fold2_room1_mix0587,40,4,0,-37,-10,9.55
fold2_room1_mix0587,40,4,0,-6,-3,12.54
fold2_room1_mix0587,40,5,0,7,8,5.64
fold2_room1_mix0587,41,4,0,-157,-2,15.50
fold2_room1_mix0587,41,4,0,-6,-4,10.81
fold2_room1_mix0587,41,5,0,1,8,5.67
fold2_room1_mix0587,42,4,0,-6,-3,10.83
fold2_room1_mix0587,42,5,0,11,8,5.85
fold2_room1_mix0587,43,4,0,-9,-4,10.19
fold2_room1_mix0587,43,5,0,8,8,5.82
fold2_room1_mix0587,44,4,0,-161,-1,20.46
fold2_room1_mix0587,44,4,0,-11,-6,8.01
fold2_room1_mix0587,44,5,0,11,7,6.11
fold2_room1_mix0587,45,4,0,-154,-2,15.64
fold2_room1_mix0587,45,4,0,-13,-4,9.09
fold2_room1_mix0587,45,5,0,8,8,6.39
fold2_room1_mix0587,46,4,0,-152,-4,11.34
fold2_room1_mix0587,46,4,0,-10,-4,9.40
fold2_room1_mix0587,46,5,0,9,10,4.92
fold2_room1_mix0587,47,4,0,-153,-2,14.08
fold2_room1_mix0587,47,4,0,-28,-8,3.85
fold2_room1_mix0587,47,4,0,-7,-3,11.34
fold2_room1_mix0587,47,5,0,11,8,6.26
fold2_room1_mix0587,48,4,0,-159,-1,17.33
fold2_room1_mix0587,48,4,0,-32,-11,2.52
fold2_room1_mix0587,48,4,0,0,-3,11.19
fold2_room1_mix0587,48,5,0,7,9,5.57
fold2_room1_mix0587,49,4,0,-156,-1,15.20
fold2_room1_mix0587,49,4,0,-38,-13,2.01
fold2_room1_mix0587,49,4,0,-6,-3,10.88
fold2_room1_mix0587,49,5,0,7,10,4.85
fold2_room1_mix0587,50,4,0,-151,-2,11.70
fold2_room1_mix0587,50,4,0,-55,-15,1.57
fold2_room1_mix0587,50,4,0,-6,-2,12.40
fold2_room1_mix0587,50,5,0,21,8,6.11
fold2_room1_mix0587,51,4,0,-143,-3,10.76
fold2_room1_mix0587,51,4,0,-91,-18,1.18
fold2_room1_mix0587,51,4,0,-6,-1,14.41
fold2_room1_mix0587,51,5,0,10,10,5.68
fold2_room1_mix0587,52,4,0,-156,0,16.21
fold2_room1_mix0587,52,4,0,-105,-17,1.08
fold2_room1_mix0587,52,4,0,-12,-3,10.52
fold2_room1_mix0587,52,5,0,6,11,4.84
fold2_room1_mix0587,53,4,0,-152,-2,11.48
fold2_room1_mix0587,53,4,0,-122,-15,1.57
fold2_room1_mix0587,53,4,0,-8,-2,13.91
fold2_room1_mix0587,53,5,0,19,9,5.26
fold2_room1_mix0587,54,4,0,-138,-7,4.62
fold2_room1_mix0587,54,4,0,-1,-2,13.34
fold2_room1_mix0587,54,5,0,11,12,4.34
fold2_room1_mix0587,55,4,0,-142,-6,4.32
fold2_room1_mix0587,55,4,0,5,-1,13.85
fold2_room1_mix0587,55,5,0,13,10,4.78
fold2_room1_mix0587,56,4,0,-151,-6,5.44
fold2_room1_mix0587,56,4,0,12,-4,9.67
fold2_room1_mix0587,56,5,0,21,10,4.06
fold2_room1_mix0587,57,4,0,-153,-6,5.37
fold2_room1_mix0587,57,4,0,17,-6,8.04
fold2_room1_mix0587,57,5,0,16,10,4.34
fold2_room1_mix0587,58,4,0,-152,-5,5.79
fold2_room1_mix0587,58,4,0,-168,-8,5.34
fold2_room1_mix0587,58,4,0,19,-7,6.21
fold2_room1_mix0587,58,5,0,19,10,4.18
fold2_room1_mix0587,59,4,0,-159,-5,5.37
fold2_room1_mix0587,59,4,0,23,-8,5.95
fold2_room1_mix0587,59,5,0,16,11,3.91
fold2_room1_mix0587,60,4,0,-154,-5,6.78
fold2_room1_mix0587,60,4,0,173,-11,5.35
fold2_room1_mix0587,60,4,0,32,-11,3.91
fold2_room1_mix0587,60,5,0,17,12,3.17
fold2_room1_mix0587,61,4,0,-156,-5,5.51
fold2_room1_mix0587,61,4,0,34,-11,4.43
fold2_room1_mix0587,61,5,0,20,13,2.91
fold2_room1_mix0587,62,4,0,-156,-6,5.08
fold2_room1_mix0587,62,4,0,36,-12,4.24
fold2_room1_mix0587,62,5,0,22,13,3.00
fold2_room1_mix0587,63,4,0,-154,-6,4.96
fold2_room1_mix0587,63,4,0,35,-11,3.84
fold2_room1_mix0587,63,5,0,22,14,2.80
fold2_room1_mix0587,64,4,0,-152,-5,4.92
fold2_room1_mix0587,64,4,0,38,-13,3.76
fold2_room1_mix0587,64,5,0,20,13,2.73
fold2_room1_mix0587,65,4,0,-148,-6,4.33
fold2_room1_mix0587,65,4,0,35,-12,3.44
fold2_room1_mix0587,65,5,0,21,14,2.70
fold2_room1_mix0587,66,4,0,-142,-9,3.23
fold2_room1_mix0587,66,4,0,37,-12,3.52
fold2_room1_mix0587,66,5,0,30,13,3.22
fold2_room1_mix0587,67,4,0,-131,-14,2.60
fold2_room1_mix0587,67,4,0,23,-23,4.00
fold2_room1_mix0587,67,4,0,40,-11,4.02
fold2_room1_mix0587,67,5,0,30,15,2.32
fold2_room1_mix0587,68,4,0,-121,-12,3.21
fold2_room1_mix0587,68,4,0,-72,-22,2.10
fold2_room1_mix0587,68,4,0,38,-9,3.24
fold2_room1_mix0587,68,5,0,19,15,2.84
fold2_room1_mix0587,69,4,0,-98,-17,1.99
fold2_room1_mix0587,69,4,0,5,-18,3.20
fold2_room1_mix0587,69,4,0,40,-8,3.85
fold2_room1_mix0587,69,5,0,24,12,3.42
fold2_room1_mix0587,70,4,0,-109,-17,2.69
fold2_room1_mix0587,70,4,0,-46,-15,2.57
fold2_room1_mix0587,70,4,0,47,-11,3.21
fold2_room1_mix0587,70,5,0,31,16,2.20
fold2_room1_mix0587,71,4,0,-44,-13,2.59
fold2_room1_mix0587,71,4,0,49,-15,2.18
fold2_room1_mix0587,71,5,0,20,16,2.21
fold2_room1_mix0587,72,4,0,149,-12,3.42
fold2_room1_mix0587,72,4,0,16,-20,2.43
fold2_room1_mix0587,72,5,0,18,17,2.03
fold2_room1_mix0587,73,4,0,140,-11,3.74
fold2_room1_mix0587,73,4,0,59,-15,3.27
fold2_room1_mix0587,73,4,0,-12,-15,2.95
fold2_room1_mix0587,73,5,0,11,11,3.03
fold2_room1_mix0587,74,4,0,140,-9,4.00
fold2_room1_mix0587,74,4,0,68,-16,2.73
fold2_room1_mix0587,74,4,0,-13,-13,3.07
fold2_room1_mix0587,74,5,0,28,16,2.01
fold2_room1_mix0587,75,4,0,140,-9,3.13
fold2_room1_mix0587,75,4,0,-14,-8,4.59
fold2_room1_mix0587,75,5,0,21,14,2.29
fold2_room1_mix0587,76,4,0,139,-7,3.34
fold2_room1_mix0587,76,4,0,-8,-5,5.70
fold2_room1_mix0587,76,4,0,-26,-7,4.37
fold2_room1_mix0587,76,5,0,19,11,2.90
fold2_room1_mix0587,77,4,0,152,-7,4.62
fold2_room1_mix0587,77,4,0,116,-11,4.91
fold2_room1_mix0587,77,4,0,-22,-8,4.62
fold2_room1_mix0587,77,5,0,19,10,3.39
fold2_room1_mix0587,78,4,0,150,-6,4.34
fold2_room1_mix0587,78,4,0,-38,-6,4.44
fold2_room1_mix0587,78,5,0,19,19,1.96
fold2_room1_mix0587,79,4,0,149,-6,4.37
fold2_room1_mix0587,79,4,0,-4,-5,7.91
fold2_room1_mix0587,79,4,0,-34,-5,5.87
fold2_room1_mix0587,79,5,0,32,18,1.89
fold2_room1_mix0587,80,4,0,154,-5,6.24
fold2_room1_mix0587,80,4,0,-25,-6,5.85
fold2_room1_mix0587,80,5,0,34,21,1.61
fold2_room1_mix0587,81,4,0,152,-4,5.95
fold2_room1_mix0587,81,4,0,-33,-3,8.20
fold2_room1_mix0587,81,5,0,33,21,1.62
fold2_room1_mix0587,82,4,0,157,-5,6.64
fold2_room1_mix0587,82,4,0,-23,-5,8.92
fold2_room1_mix0587,82,5,0,34,17,1.66
fold2_room1_mix0587,83,4,0,156,-4,7.46
fold2_room1_mix0587,83,4,0,-30,-4,9.25
fold2_room1_mix0587,83,5,0,40,22,1.40
fold2_room1_mix0587,84,4,0,160,-3,8.15
fold2_room1_mix0587,84,4,0,-30,-2,10.43
fold2_room1_mix0587,84,5,0,48,32,1.14
fold2_room1_mix0587,85,4,0,159,-3,8.43
fold2_room1_mix0587,85,4,0,-32,-2,11.40
fold2_room1_mix0587,85,5,0,51,28,1.10
fold2_room1_mix0587,86,4,0,162,-2,10.03
fold2_room1_mix0587,86,4,0,-29,-1,13.96
fold2_room1_mix0587,86,5,0,42,29,1.26
fold2_room1_mix0587,87,4,0,163,-2,10.21
fold2_room1_mix0587,87,4,0,-49,-2,13.32
fold2_room1_mix0587,87,5,0,62,31,1.13
fold2_room1_mix0587,88,4,0,167,-1,10.92
fold2_room1_mix0587,88,4,0,-25,-2,12.44
fold2_room1_mix0587,88,5,0,61,38,0.95
fold2_room1_mix0587,89,4,0,167,-2,11.13
fold2_room1_mix0587,89,5,0,78,41,0.84
fold2_room1_mix0587,90,4,0,167,-1,11.99
fold2_room1_mix0587,90,5,0,76,41,0.87
fold2_room1_mix0587,91,4,0,168,-2,12.13
fold2_room1_mix0587,91,4,0,-150,-4,14.30
fold2_room1_mix0587,91,5,0,81,36,0.95
fold2_room1_mix0587,92,4,0,172,-2,12.56
fold2_room1_mix0587,92,4,0,-23,-4,14.60
fold2_room1_mix0587,92,5,0,87,40,0.88
fold2_room1_mix0587,93,4,0,170,-1,13.15
fold2_room1_mix0587,93,5,0,99,42,0.77
fold2_room1_mix0587,94,4,0,172,-1,13.87
fold2_room1_mix0587,94,5,0,93,46,0.86
fold2_room1_mix0587,95,4,0,173,-1,14.04
fold2_room1_mix0587,95,5,0,111,41,1.03
fold2_room1_mix0587,96,4,0,173,0,14.69
fold2_room1_mix0587,96,5,0,118,44,0.96
fold2_room1_mix0587,97,4,0,174,-1,15.46
fold2_room1_mix0587,97,4,0,-161,0,16.76
fold2_room1_mix0587,97,5,0,129,39,1.07
fold2_room1_mix0587,98,4,0,175,-1,16.14
fold2_room1_mix0587,98,5,0,135,36,1.22
fold2_room1_mix0587,99,4,0,175,0,15.60
fold2_room1_mix0587,99,5,0,133,36,1.16
fold2_room1_mix0588,51,4,0,-179,0,6.61
fold2_room1_mix0588,53,4,0,-177,0,4.00
fold2_room1_mix0588,54,4,0,-175,1,3.13
fold2_room1_mix0588,56,4,0,-173,0,7.54
fold2_room1_mix0588,58,4,0,-170,0,12.07
fold2_room1_mix0588,59,4,0,-172,0,15.51
fold2_room1_mix0588,60,4,0,-169,0,18.29
fold2_room1_mix0588,61,4,0,-164,0,18.45
fold2_room1_mix0588,62,4,0,-168,0,19.26
fold2_room1_mix0588,63,4,0,-166,0,19.58
fold2_room1_mix0588,64,4,0,-164,0,19.57
fold2_room1_mix0588,65,4,0,-162,0,20.58
fold2_room1_mix0588,66,4,0,-163,0,19.75
fold2_room1_mix0588,67,4,0,-162,-1,18.96
fold2_room1_mix0588,68,4,0,-161,0,17.81
fold2_room1_mix0588,69,4,0,-159,-1,17.26
fold2_room1_mix0588,70,4,0,-156,-1,16.41
fold2_room1_mix0588,71,4,0,-157,-1,15.88
fold2_room1_mix0588,72,4,0,-157,-1,14.80
fold2_room1_mix0588,73,4,0,-154,-1,14.42
fold2_room1_mix0588,74,4,0,-150,-1,13.71
fold2_room1_mix0588,75,4,0,-150,-1,13.82
fold2_room1_mix0588,76,4,0,-147,-1,12.84
fold2_room1_mix0588,77,4,0,-146,-2,12.69
fold2_room1_mix0588,78,4,0,-143,-2,11.59
fold2_room1_mix0588,79,4,0,-140,-2,11.16
fold2_room1_mix0588,80,4,0,-139,-2,10.15
fold2_room1_mix0588,81,4,0,-135,-3,8.94
fold2_room1_mix0588,82,4,0,-129,-4,8.27
fold2_room1_mix0588,83,4,0,-127,-4,8.10
fold2_room1_mix0588,84,4,0,-123,-4,7.34
fold2_room1_mix0588,85,4,0,-119,-5,7.28
fold2_room1_mix0588,86,4,0,-113,-5,6.91
fold2_room1_mix0588,87,4,0,-108,-5,6.58
fold2_room1_mix0588,88,4,0,-99,-6,6.81
fold2_room1_mix0588,89,4,0,-92,-6,6.78
fold2_room1_mix0588,90,4,0,-87,-5,6.87
fold2_room1_mix0588,91,4,0,-80,-5,6.92
fold2_room1_mix0588,92,4,0,-73,-5,7.11
fold2_room1_mix0588,93,4,0,-65,-5,7.73
fold2_room1_mix0588,94,4,0,-59,-5,8.00
fold2_room1_mix0588,95,4,0,-54,-5,8.19
fold2_room1_mix0588,96,4,0,-48,-4,8.81
fold2_room1_mix0588,97,4,0,-44,-4,9.12
fold2_room1_mix0588,98,4,0,-41,-4,9.78
fold2_room1_mix0588,99,4,0,-36,-4,10.15
fold2_room1_mix0589,63,4,0,-175,-2,5.26
fold2_room1_mix0589,64,4,0,-172,-2,7.54
fold2_room1_mix0589,65,4,0,-172,-2,7.12
fold2_room1_mix0589,66,4,0,-169,-3,7.36
fold2_room1_mix0589,67,4,0,-163,-4,7.98
fold2_room1_mix0589,68,4,0,-163,-5,7.00
fold2_room1_mix0589,69,4,0,-157,-6,5.44
fold2_room1_mix0589,70,4,0,-152,-9,4.44
fold2_room1_mix0589,71,4,0,-137,-14,3.20
fold2_room1_mix0589,72,4,0,-110,-21,2.35
fold2_room1_mix0589,73,4,0,-83,-18,2.49
fold2_room1_mix0589,74,4,0,-54,-14,2.60
fold2_room1_mix0589,75,4,0,-44,-11,3.00
fold2_room1_mix0589,76,4,0,-31,-8,4.17
fold2_room1_mix0589,77,4,0,-23,-7,4.94
fold2_room1_mix0589,78,4,0,-19,-5,6.47
fold2_room1_mix0589,79,4,0,-18,-5,7.29
fold2_room1_mix0589,80,4,0,-12,-4,8.27
fold2_room1_mix0589,81,4,0,-11,-3,9.60
fold2_room1_mix0589,82,4,0,-13,-3,9.45
fold2_room1_mix0589,83,4,0,-12,-2,4.93
fold2_room1_mix0590,0,5,0,-39,8,2.60
fold2_room1_mix0590,1,5,0,-55,7,3.86
fold2_room1_mix0590,2,5,0,-52,9,3.50
fold2_room1_mix0590,3,5,0,-50,11,2.90
fold2_room1_mix0590,4,5,0,-38,9,3.47
fold2_room1_mix0590,5,5,0,-49,8,4.79
fold2_room1_mix0590,6,5,0,-45,8,5.64
fold2_room1_mix0590,7,5,0,-47,10,4.14
fold2_room1_mix0590,8,5,0,-50,9,4.42
fold2_room1_mix0590,9,5,0,-46,8,5.55
fold2_room1_mix0590,10,5,0,-49,10,4.48
fold2_room1_mix0590,11,5,0,-47,11,3.55
fold2_room1_mix0590,12,5,0,-43,11,3.45
fold2_room1_mix0590,13,5,0,-54,9,4.93
fold2_room1_mix0590,14,5,0,-47,8,4.98
fold2_room1_mix0590,15,5,0,-44,10,3.67
fold2_room1_mix0590,16,5,0,-46,10,3.80
fold2_room1_mix0590,17,5,0,-47,9,4.44
fold2_room1_mix0590,18,5,0,-46,8,4.98
fold2_room1_mix0590,19,5,0,-43,10,3.97
fold2_room1_mix0590,20,5,0,-44,10,3.71
fold2_room1_mix0590,21,5,0,-49,10,4.01
fold2_room1_mix0590,22,5,0,-50,9,4.83
fold2_room1_mix0590,23,5,0,-50,10,4.21
fold2_room1_mix0590,24,5,0,-47,10,4.06
fold2_room1_mix0590,25,5,0,-44,9,4.73
fold2_room1_mix0590,26,5,0,-46,10,4.00
fold2_room1_mix0590,27,5,0,-47,11,3.53
fold2_room1_mix0590,28,5,0,-42,10,3.89
fold2_room1_mix0590,29,5,0,-51,9,4.45
fold2_room1_mix0590,30,5,0,-45,9,4.45
fold2_room1_mix0590,31,5,0,-48,9,4.26
fold2_room1_mix0590,32,5,0,-47,10,3.81
fold2_room1_mix0590,33,5,0,-47,8,5.26
fold2_room1_mix0590,34,5,0,-45,9,4.14
fold2_room1_mix0590,35,5,0,-45,11,3.47
fold2_room1_mix0590,36,5,0,-42,10,4.04
fold2_room1_mix0590,37,5,0,-53,9,4.53
fold2_room1_mix0590,38,5,0,-44,10,4.19
fold2_room1_mix0590,39,5,0,-47,10,3.89
fold2_room1_mix0590,40,5,0,-45,11,3.48
fold2_room1_mix0590,41,5,0,-50,9,4.56
fold2_room1_mix0590,42,5,0,-48,10,4.15
fold2_room1_mix0590,43,5,0,-46,11,3.46
fold2_room1_mix0590,44,5,0,-45,10,3.80
fold2_room1_mix0590,45,5,0,-49,10,3.86
fold2_room1_mix0590,46,5,0,-47,10,3.77
fold2_room1_mix0590,47,5,0,-42,8,4.72
fold2_room1_mix0590,48,5,0,-45,11,3.60
fold2_room1_mix0590,49,5,0,-46,9,4.21
fold2_room1_mix0590,50,5,0,-43,10,4.18
fold2_room1_mix0590,51,5,0,-43,10,3.61
fold2_room1_mix0590,52,5,0,-43,9,4.54
fold2_room1_mix0590,53,5,0,-46,10,4.01
fold2_room1_mix0590,54,5,0,-44,11,3.27
fold2_room1_mix0590,55,5,0,-44,10,3.88
fold2_room1_mix0590,56,5,0,-47,11,3.55
fold2_room1_mix0590,57,5,0,-44,10,3.87
fold2_room1_mix0590,58,5,0,-44,10,3.67
fold2_room1_mix0590,59,5,0,-45,13,2.87
fold2_room1_mix0590,60,4,0,-36,-2,2.87
fold2_room1_mix0590,60,5,0,-45,11,3.43
fold2_room1_mix0590,61,4,0,-30,-2,3.84
fold2_room1_mix0590,61,5,0,-48,11,3.52
fold2_room1_mix0590,62,4,0,-32,-2,10.41
fold2_room1_mix0590,62,5,0,-45,12,3.20
fold2_room1_mix0590,63,4,0,-23,-2,16.22
fold2_room1_mix0590,63,5,0,-42,11,3.50
fold2_room1_mix0590,64,4,0,-30,-2,19.06
fold2_room1_mix0590,64,5,0,-45,12,3.49
fold2_room1_mix0590,65,4,0,-30,-2,20.17
fold2_room1_mix0590,65,5,0,-43,11,3.74
fold2_room1_mix0590,66,4,0,-32,-2,20.42
fold2_room1_mix0590,66,5,0,-45,10,4.27
fold2_room1_mix0590,67,4,0,-37,-2,19.56
fold2_room1_mix0590,67,5,0,-38,10,4.36
fold2_room1_mix0590,68,4,0,-38,-2,18.48
fold2_room1_mix0590,68,5,0,-39,9,4.64
fold2_room1_mix0590,69,4,0,-40,-1,18.56
fold2_room1_mix0590,69,5,0,-44,10,4.13
fold2_room1_mix0590,70,4,0,-42,-1,18.18
fold2_room1_mix0590,70,5,0,-43,10,4.42
fold2_room1_mix0590,71,4,0,-39,-1,17.48
fold2_room1_mix0590,71,5,0,-37,8,5.21
fold2_room1_mix0590,72,4,0,-43,-2,16.96
fold2_room1_mix0590,72,5,0,-43,9,4.64
fold2_room1_mix0590,73,4,0,-48,-2,15.95
fold2_room1_mix0590,73,5,0,-38,9,4.80
fold2_room1_mix0590,74,4,0,-50,-2,16.04
fold2_room1_mix0590,74,5,0,-44,9,5.02
fold2_room1_mix0590,75,4,0,-53,-2,16.24
fold2_room1_mix0590,75,5,0,-37,8,5.08
fold2_room1_mix0590,76,4,0,-53,-2,15.26
fold2_room1_mix0590,76,5,0,-39,8,5.09
fold2_room1_mix0590,77,4,0,-55,-2,14.68
fold2_room1_mix0590,77,5,0,-42,9,4.77
fold2_room1_mix0590,78,4,0,-63,-2,14.18
fold2_room1_mix0590,78,5,0,-44,10,4.51
fold2_room1_mix0590,79,4,0,-65,-3,13.16
fold2_room1_mix0590,79,5,0,-41,9,5.03
fold2_room1_mix0590,80,4,0,-68,-3,12.93
fold2_room1_mix0590,80,5,0,-49,11,4.54
fold2_room1_mix0590,81,4,0,-71,-3,12.58
fold2_room1_mix0590,81,5,0,-42,9,5.25
fold2_room1_mix0590,82,4,0,-73,-3,12.20
fold2_room1_mix0590,82,5,0,-46,9,4.98
fold2_room1_mix0590,83,4,0,-79,-3,11.73
fold2_room1_mix0590,83,5,0,-41,9,5.23
fold2_room1_mix0590,84,4,0,-82,-3,11.32
fold2_room1_mix0590,84,5,0,-43,9,5.34
fold2_room1_mix0590,85,4,0,-83,-3,11.55
fold2_room1_mix0590,85,5,0,-45,10,5.19
fold2_room1_mix0590,86,4,0,-84,-3,11.37
fold2_room1_mix0590,86,5,0,-45,11,4.85
fold2_room1_mix0590,87,4,0,-88,-4,11.44
fold2_room1_mix0590,87,5,0,-46,10,4.84
fold2_room1_mix0590,88,4,0,-91,-3,11.35
fold2_room1_mix0590,88,5,0,-52,12,4.49
fold2_room1_mix0590,89,4,0,-95,-3,11.55
fold2_room1_mix0590,89,5,0,-44,9,5.46
fold2_room1_mix0590,90,4,0,-97,-3,11.82
fold2_room1_mix0590,90,5,0,-48,10,5.35
fold2_room1_mix0590,91,4,0,-101,-2,12.08
fold2_room1_mix0590,91,5,0,-41,10,5.37
fold2_room1_mix0590,92,4,0,-106,-3,12.53
fold2_room1_mix0590,92,5,0,-45,10,5.04
fold2_room1_mix0590,93,4,0,-111,-3,13.17
fold2_room1_mix0590,93,5,0,-42,9,5.33
fold2_room1_mix0590,94,4,0,-113,-2,13.67
fold2_room1_mix0590,94,5,0,-42,9,5.27
fold2_room1_mix0590,95,4,0,-115,-3,13.78
fold2_room1_mix0590,95,5,0,-39,8,5.95
fold2_room1_mix0590,96,4,0,-117,-2,13.34
fold2_room1_mix0590,96,5,0,-39,9,5.22
fold2_room1_mix0590,97,4,0,-123,-2,14.55
fold2_room1_mix0590,97,5,0,-35,8,5.99
fold2_room1_mix0590,98,4,0,-125,-2,14.74
fold2_room1_mix0590,98,5,0,-39,8,5.60
fold2_room1_mix0590,99,4,0,-126,-1,14.71
fold2_room1_mix0590,99,5,0,-34,8,5.67
fold2_room1_mix0591,2,4,0,1,0,4.55
fold2_room1_mix0591,3,4,0,-1,0,7.20
fold2_room1_mix0591,4,4,0,1,-1,16.81
fold2_room1_mix0591,5,4,0,2,-1,17.53
fold2_room1_mix0591,6,4,0,2,-1,22.63
fold2_room1_mix0591,7,4,0,4,-1,32.23
fold2_room1_mix0591,8,4,0,3,-1,30.90
fold2_room1_mix0591,9,4,0,2,-1,31.31
fold2_room1_mix0591,10,4,0,3,-1,29.72
fold2_room1_mix0591,11,4,0,4,-1,28.63
fold2_room1_mix0591,12,4,0,4,-1,30.85
fold2_room1_mix0591,13,4,0,4,-1,27.44
fold2_room1_mix0591,14,4,0,4,-1,27.21
fold2_room1_mix0591,15,4,0,3,-1,27.46
fold2_room1_mix0591,16,4,0,4,-1,25.16
fold2_room1_mix0591,17,4,0,3,-1,26.40
fold2_room1_mix0591,18,4,0,4,-1,25.38
fold2_room1_mix0591,19,4,0,3,-1,24.85
fold2_room1_mix0591,20,4,0,3,-1,25.42
fold2_room1_mix0591,21,4,0,4,-1,24.25
fold2_room1_mix0591,22,4,0,4,-1,23.35
fold2_room1_mix0591,23,4,0,3,-1,22.14
fold2_room1_mix0591,24,4,0,4,-1,20.85
fold2_room1_mix0591,25,4,0,2,-1,21.40
fold2_room1_mix0591,26,4,0,3,-2,20.73
fold2_room1_mix0591,27,4,0,3,-2,20.40
fold2_room1_mix0591,28,4,0,4,-2,20.57
fold2_room1_mix0591,29,4,0,3,-2,18.42
fold2_room1_mix0591,30,4,0,4,-2,18.62
fold2_room1_mix0591,31,4,0,5,-2,18.42
fold2_room1_mix0591,32,4,0,4,-2,17.96
fold2_room1_mix0591,33,4,0,4,-2,17.46
fold2_room1_mix0591,34,4,0,6,-2,16.44
fold2_room1_mix0591,35,4,0,4,-2,15.66
fold2_room1_mix0591,36,4,0,6,-2,15.70
fold2_room1_mix0591,37,4,0,6,-2,14.04
fold2_room1_mix0591,38,4,0,5,-2,13.93
fold2_room1_mix0591,39,4,0,5,-3,13.67
fold2_room1_mix0591,40,4,0,6,-3,13.14
fold2_room1_mix0591,41,4,0,5,-3,12.18
fold2_room1_mix0591,42,4,0,6,-3,11.62
fold2_room1_mix0591,43,4,0,6,-3,11.27
fold2_room1_mix0591,44,4,0,6,-3,12.62
fold2_room1_mix0591,45,0,0,-57,-3,1.94
fold2_room1_mix0591,45,4,0,4,-4,11.52
fold2_room1_mix0591,46,0,0,-53,-3,4.36
fold2_room1_mix0591,46,4,0,4,-3,11.25
fold2_room1_mix0591,47,0,0,-47,-3,7.13
fold2_room1_mix0591,47,4,0,4,-4,10.24
fold2_room1_mix0591,48,0,0,-46,-3,10.13
fold2_room1_mix0591,48,4,0,5,-4,9.84
fold2_room1_mix0591,49,0,0,-42,-3,12.19
fold2_room1_mix0591,49,4,0,4,-4,8.49
fold2_room1_mix0591,50,0,0,-39,-3,13.08
fold2_room1_mix0591,50,4,0,6,-4,7.99
fold2_room1_mix0591,51,0,0,-43,-3,14.74
fold2_room1_mix0591,51,4,0,6,-5,7.77
fold2_room1_mix0591,52,0,0,-36,-3,13.19
fold2_room1_mix0591,52,4,0,7,-4,8.06
fold2_room1_mix0591,53,0,0,-36,-2,14.37
fold2_room1_mix0591,53,4,0,10,-4,7.26
fold2_room1_mix0591,54,0,0,-32,-2,14.58
fold2_room1_mix0591,54,4,0,10,-5,7.62
fold2_room1_mix0591,55,0,0,-29,-2,15.82
fold2_room1_mix0591,55,4,0,11,-5,6.94
fold2_room1_mix0591,56,0,0,-24,-2,16.15
fold2_room1_mix0591,56,4,0,23,-8,3.91
fold2_room1_mix0591,56,4,0,5,-1,11.69
fold2_room1_mix0591,57,0,0,-30,-2,16.08
fold2_room1_mix0591,57,4,0,22,-8,3.88
fold2_room1_mix0591,57,4,0,3,0,12.44
fold2_room1_mix0591,58,0,0,-29,-2,13.80
fold2_room1_mix0591,58,4,0,27,-10,3.16
fold2_room1_mix0591,58,4,0,4,0,13.19
fold2_room1_mix0591,59,0,0,-26,-2,18.63
fold2_room1_mix0591,59,4,0,37,-11,2.43
fold2_room1_mix0591,59,4,0,8,0,12.14
fold2_room1_mix0591,60,0,0,-31,-2,13.47
fold2_room1_mix0591,60,4,0,50,-13,2.08
fold2_room1_mix0591,60,4,0,10,0,15.15
fold2_room1_mix0591,61,0,0,-28,-2,15.60
fold2_room1_mix0591,61,4,0,75,-14,1.69
fold2_room1_mix0591,61,4,0,19,1,15.51
fold2_room1_mix0591,62,0,0,-30,-2,15.85
fold2_room1_mix0591,62,4,0,111,-13,1.96
fold2_room1_mix0591,62,4,0,14,1,14.68
fold2_room1_mix0591,63,0,0,-30,-2,17.84
fold2_room1_mix0591,63,4,0,130,-11,2.01
fold2_room1_mix0591,63,4,0,16,1,12.54
fold2_room1_mix0591,64,0,0,-28,-2,18.75
fold2_room1_mix0591,64,4,0,143,-9,2.50
fold2_room1_mix0591,64,4,0,3,1,13.57
fold2_room1_mix0591,65,0,0,-28,-2,19.73
fold2_room1_mix0591,65,4,0,149,-8,2.86
fold2_room1_mix0591,65,4,0,2,0,14.07
fold2_room1_mix0591,66,0,0,-27,-2,18.24
fold2_room1_mix0591,66,4,0,158,-7,3.78
fold2_room1_mix0591,66,4,0,-10,-1,14.15
fold2_room1_mix0591,67,0,0,-29,-2,16.93
fold2_room1_mix0591,67,4,0,158,-7,3.47
fold2_room1_mix0591,67,4,0,-18,-1,12.81
fold2_room1_mix0591,68,0,0,-27,-2,18.52
fold2_room1_mix0591,68,4,0,165,-9,3.10
fold2_room1_mix0591,68,4,0,-23,-4,8.03
fold2_room1_mix0591,69,0,0,-28,-2,19.69
fold2_room1_mix0591,69,4,0,170,-8,3.07
fold2_room1_mix0591,69,4,0,-34,-6,6.10
fold2_room1_mix0591,70,0,0,-27,-1,22.43
fold2_room1_mix0591,70,4,0,172,-7,3.29
fold2_room1_mix0591,70,4,0,-42,-7,4.35
fold2_room1_mix0591,71,0,0,-27,-1,22.77
fold2_room1_mix0591,71,4,0,177,-6,3.81
fold2_room1_mix0591,71,4,0,-56,-8,3.20
fold2_room1_mix0591,71,4,0,-33,-7,5.39
fold2_room1_mix0591,72,0,0,-25,-1,24.54
fold2_room1_mix0591,72,4,0,178,-7,4.29
fold2_room1_mix0591,72,4,0,-62,-10,2.72
fold2_room1_mix0591,72,4,0,-41,-9,4.48
fold2_room1_mix0591,73,0,0,-28,-1,25.59
fold2_room1_mix0591,73,4,0,176,-4,5.11
fold2_room1_mix0591,73,4,0,-70,-9,3.60
fold2_room1_mix0591,74,0,0,-25,-1,25.09
fold2_room1_mix0591,74,4,0,178,-4,4.87
fold2_room1_mix0591,74,4,0,-78,-9,3.84
fold2_room1_mix0591,75,0,0,-28,-1,23.92
fold2_room1_mix0591,75,4,0,172,-3,6.09
fold2_room1_mix0591,75,4,0,-128,-8,3.88
fold2_room1_mix0591,76,0,0,-21,-1,28.06
fold2_room1_mix0591,76,4,0,174,-3,7.33
fold2_room1_mix0591,76,4,0,-129,-9,4.27
fold2_room1_mix0591,77,0,0,-18,-1,27.79
fold2_room1_mix0591,77,4,0,175,-3,7.46
fold2_room1_mix0591,77,4,0,-152,-6,4.57
fold2_room1_mix0591,78,0,0,-17,-1,29.32
fold2_room1_mix0591,78,4,0,175,-3,9.24
fold2_room1_mix0591,78,4,0,-169,-3,7.41
fold2_room1_mix0591,78,4,0,-150,-7,4.81
fold2_room1_mix0591,79,0,0,-15,0,32.11
fold2_room1_mix0591,79,4,0,176,-2,9.37
fold2_room1_mix0591,79,4,0,-157,-5,5.92
fold2_room1_mix0591,80,0,0,-13,0,33.91
fold2_room1_mix0591,80,4,0,-179,-2,9.19
fold2_room1_mix0591,80,4,0,-152,-5,6.29
fold2_room1_mix0591,81,0,0,-14,0,35.17
fold2_room1_mix0591,81,4,0,175,-1,10.91
fold2_room1_mix0591,81,4,0,-159,-4,6.84
fold2_room1_mix0591,82,0,0,-13,0,36.20
fold2_room1_mix0591,82,4,0,179,-2,10.86
fold2_room1_mix0591,82,4,0,-161,-4,7.67
fold2_room1_mix0591,83,0,0,-13,0,36.56
fold2_room1_mix0591,83,4,0,175,-1,12.58
fold2_room1_mix0591,83,4,0,-163,-4,7.84
fold2_room1_mix0591,84,0,0,-10,0,35.23
fold2_room1_mix0591,84,4,0,176,-1,13.62
fold2_room1_mix0591,84,4,0,-164,-3,9.04
fold2_room1_mix0591,85,0,0,-11,0,28.85
fold2_room1_mix0591,85,4,0,174,0,16.25
fold2_room1_mix0591,85,4,0,-163,-2,10.87
fold2_room1_mix0591,86,0,0,-11,0,27.02
fold2_room1_mix0591,86,4,0,-179,0,15.37
fold2_room1_mix0591,87,0,0,-10,0,22.61
fold2_room1_mix0591,87,4,0,175,0,16.76
fold2_room1_mix0591,87,4,0,-162,-2,12.20
fold2_room1_mix0591,88,0,0,-10,0,17.19
fold2_room1_mix0591,88,4,0,174,0,17.34
fold2_room1_mix0591,88,4,0,-163,-2,12.74
fold2_room1_mix0591,89,0,0,-10,0,13.08
fold2_room1_mix0591,89,4,0,-179,0,16.69
fold2_room1_mix0591,90,0,0,-9,0,14.19
fold2_room1_mix0591,90,4,0,-176,0,15.96
fold2_room1_mix0591,91,0,0,-8,0,8.11
fold2_room1_mix0591,91,4,0,-177,0,17.53
fold2_room1_mix0591,92,0,0,-7,0,5.83
fold2_room1_mix0591,92,4,0,173,0,20.02
fold2_room1_mix0591,92,4,0,-165,-1,15.88
fold2_room1_mix0591,93,0,0,-7,0,5.08
fold2_room1_mix0591,93,4,0,-179,0,18.69
fold2_room1_mix0591,94,0,0,-8,0,6.32
fold2_room1_mix0591,94,4,0,174,0,20.64
fold2_room1_mix0591,94,4,0,-168,0,17.41
fold2_room1_mix0591,95,4,0,179,-1,20.43
fold2_room1_mix0591,96,4,0,179,0,20.14
fold2_room1_mix0591,97,4,0,177,0,21.68
fold2_room1_mix0591,98,4,0,177,0,21.84
fold2_room1_mix0591,99,4,0,178,0,22.26
fold2_room1_mix0591,1,4,0,-3,0,1.88
fold2_room1_mix0592,0,5,0,87,0,4.95
fold2_room1_mix0592,0,5,0,114,0,5.53
fold2_room1_mix0592,1,5,0,106,1,12.70
fold2_room1_mix0592,2,5,0,102,1,10.73
fold2_room1_mix0592,3,5,0,96,1,10.33
fold2_room1_mix0592,4,5,0,101,1,15.52
fold2_room1_mix0592,5,5,0,103,1,14.46
fold2_room1_mix0592,6,5,0,101,1,15.37
fold2_room1_mix0592,7,5,0,99,1,16.65
fold2_room1_mix0592,8,5,0,101,1,15.73
fold2_room1_mix0592,9,5,0,100,1,15.88
fold2_room1_mix0592,10,5,0,99,1,14.65
fold2_room1_mix0592,11,5,0,102,1,14.38
fold2_room1_mix0592,12,5,0,98,2,13.70
fold2_room1_mix0592,13,5,0,103,1,14.26
fold2_room1_mix0592,14,5,0,99,2,13.41
fold2_room1_mix0592,15,5,0,101,1,14.89
fold2_room1_mix0592,16,5,0,101,1,14.89
fold2_room1_mix0592,17,5,0,99,2,13.01
fold2_room1_mix0592,18,5,0,100,2,14.21
fold2_room1_mix0592,19,5,0,100,2,13.60
fold2_room1_mix0592,20,5,0,100,2,14.30
fold2_room1_mix0592,21,5,0,97,2,14.01
fold2_room1_mix0592,22,5,0,100,1,14.47
fold2_room1_mix0592,23,5,0,100,2,13.87
fold2_room1_mix0592,24,5,0,99,1,13.57
fold2_room1_mix0592,25,5,0,99,1,14.87
fold2_room1_mix0592,26,5,0,99,1,14.93
fold2_room1_mix0592,27,5,0,100,1,14.44
fold2_room1_mix0592,28,5,0,97,2,14.58
fold2_room1_mix0592,29,5,0,100,1,15.58
fold2_room1_mix0592,30,5,0,101,1,13.68
fold2_room1_mix0592,31,5,0,99,1,15.63
fold2_room1_mix0592,32,5,0,102,1,15.94
fold2_room1_mix0592,33,5,0,101,1,14.45
fold2_room1_mix0592,34,5,0,100,1,15.59
fold2_room1_mix0592,35,5,0,98,1,16.23
fold2_room1_mix0592,36,5,0,100,1,16.24
fold2_room1_mix0592,37,5,0,101,1,15.39
fold2_room1_mix0592,38,5,0,99,1,15.83
fold2_room1_mix0592,39,5,0,99,1,16.52
fold2_room1_mix0592,40,5,0,102,1,16.15
fold2_room1_mix0592,41,5,0,102,1,16.37
fold2_room1_mix0592,42,5,0,99,1,16.33
fold2_room1_mix0592,43,5,0,101,1,16.26
fold2_room1_mix0592,44,5,0,100,1,16.07
fold2_room1_mix0592,45,5,0,98,1,17.09
fold2_room1_mix0592,46,5,0,100,1,16.88
fold2_room1_mix0592,47,5,0,100,1,15.73
fold2_room1_mix0592,48,5,0,104,1,17.59
fold2_room1_mix0592,49,5,0,97,1,16.41
fold2_room1_mix0592,50,5,0,100,1,16.79
fold2_room1_mix0592,51,5,0,100,1,16.48
fold2_room1_mix0592,52,5,0,102,1,15.99
fold2_room1_mix0592,53,5,0,100,1,17.04
fold2_room1_mix0592,54,5,0,101,1,17.01
fold2_room1_mix0592,55,5,0,103,1,16.27
fold2_room1_mix0592,56,5,0,99,1,16.24
fold2_room1_mix0592,57,5,0,101,1,16.26
fold2_room1_mix0592,58,5,0,100,1,16.08
fold2_room1_mix0592,59,5,0,98,1,17.17
fold2_room1_mix0592,60,5,0,103,1,17.03
fold2_room1_mix0592,61,5,0,101,1,15.92
fold2_room1_mix0592,62,5,0,99,1,16.80
fold2_room1_mix0592,63,5,0,100,1,16.86
fold2_room1_mix0592,64,5,0,100,1,17.36
fold2_room1_mix0592,65,5,0,100,1,15.92
fold2_room1_mix0592,66,5,0,100,1,15.59
fold2_room1_mix0592,67,5,0,100,1,17.43
fold2_room1_mix0592,68,5,0,102,1,17.24
fold2_room1_mix0592,69,5,0,103,1,17.00
fold2_room1_mix0592,70,5,0,98,1,16.72
fold2_room1_mix0592,71,5,0,102,1,16.63
fold2_room1_mix0592,72,5,0,102,1,15.75
fold2_room1_mix0592,73,5,0,101,1,17.17
fold2_room1_mix0592,74,5,0,103,1,16.30
fold2_room1_mix0592,75,5,0,101,1,15.88
fold2_room1_mix0592,76,5,0,100,1,16.85
fold2_room1_mix0592,77,5,0,101,1,17.54
fold2_room1_mix0592,78,5,0,102,1,17.11
fold2_room1_mix0592,79,5,0,101,1,16.58
fold2_room1_mix0592,80,5,0,101,1,16.29
fold2_room1_mix0592,81,5,0,100,1,16.79
fold2_room1_mix0592,82,5,0,102,1,16.85
fold2_room1_mix0592,83,5,0,104,1,16.71
fold2_room1_mix0592,84,5,0,97,1,16.69
fold2_room1_mix0592,85,5,0,102,1,17.15
fold2_room1_mix0592,86,5,0,99,1,16.22
fold2_room1_mix0592,87,5,0,100,1,17.38
fold2_room1_mix0592,88,5,0,100,1,16.72
fold2_room1_mix0592,89,5,0,99,1,16.36
fold2_room1_mix0592,90,5,0,100,1,17.52
fold2_room1_mix0592,91,5,0,99,1,17.11
fold2_room1_mix0592,92,5,0,100,1,17.58
fold2_room1_mix0592,93,5,0,100,1,17.39
fold2_room1_mix0592,94,5,0,99,1,16.53
fold2_room1_mix0592,95,5,0,99,1,17.19
fold2_room1_mix0592,96,5,0,100,1,16.99
fold2_room1_mix0592,97,5,0,102,1,16.69
fold2_room1_mix0592,98,5,0,97,1,16.77
fold2_room1_mix0592,99,5,0,102,1,17.70
fold2_room1_mix0595,3,4,0,0,0,3.50
fold2_room1_mix0595,4,4,0,3,-1,17.54
fold2_room1_mix0595,5,4,0,1,-1,17.64
fold2_room1_mix0595,6,4,0,1,-1,21.29
fold2_room1_mix0595,7,4,0,1,-1,29.75
fold2_room1_mix0595,8,4,0,0,-1,30.72
fold2_room1_mix0595,9,4,0,2,-1,31.21
fold2_room1_mix0595,10,4,0,2,-1,30.07
fold2_room1_mix0595,11,4,0,1,-1,31.32
fold2_room1_mix0595,12,4,0,1,-1,30.73
fold2_room1_mix0595,13,4,0,0,-1,30.47
fold2_room1_mix0595,14,4,0,1,-1,30.87
fold2_room1_mix0595,15,4,0,1,-1,29.57
fold2_room1_mix0595,16,4,0,2,-1,28.03
fold2_room1_mix0595,17,4,0,1,-1,27.58
fold2_room1_mix0595,18,4,0,2,-1,27.24
fold2_room1_mix0595,19,4,0,1,-1,30.69
fold2_room1_mix0595,20,0,0,154,-2,2.74
fold2_room1_mix0595,20,4,0,4,-2,31.39
fold2_room1_mix0595,21,0,0,143,-2,8.62
fold2_room1_mix0595,21,4,0,5,-1,28.56
fold2_room1_mix0595,22,0,0,143,-1,8.79
fold2_room1_mix0595,22,4,0,5,-1,29.44
fold2_room1_mix0595,23,0,0,144,-2,12.11
fold2_room1_mix0595,23,4,0,7,-2,26.46
fold2_room1_mix0595,24,0,0,146,-1,16.03
fold2_room1_mix0595,24,4,0,6,-2,23.93
fold2_room1_mix0595,25,0,0,145,-1,20.06
fold2_room1_mix0595,25,4,0,6,-2,24.04
fold2_room1_mix0595,26,0,0,144,-1,16.77
fold2_room1_mix0595,26,4,0,5,-2,25.22
fold2_room1_mix0595,27,0,0,144,-1,20.60
fold2_room1_mix0595,27,4,0,4,-2,24.98
fold2_room1_mix0595,28,0,0,142,-1,17.17
fold2_room1_mix0595,28,4,0,6,-1,22.86
fold2_room1_mix0595,29,0,0,140,-1,15.72
fold2_room1_mix0595,29,4,0,6,-1,21.89
fold2_room1_mix0595,30,0,0,141,-1,16.67
fold2_room1_mix0595,30,4,0,6,-2,22.94
fold2_room1_mix0595,31,0,0,137,-1,15.36
fold2_room1_mix0595,31,4,0,6,-2,20.43
fold2_room1_mix0595,32,0,0,134,-2,15.16
fold2_room1_mix0595,32,4,0,7,-2,21.00
fold2_room1_mix0595,33,0,0,135,-2,14.23
fold2_room1_mix0595,33,4,0,8,-1,19.08
fold2_room1_mix0595,34,0,0,126,-2,13.56
fold2_room1_mix0595,34,4,0,0,-2,17.66
fold2_room1_mix0595,34,4,0,15,-1,19.75
fold2_room1_mix0595,35,0,0,131,-1,14.16
fold2_room1_mix0595,35,4,0,1,-2,16.34
fold2_room1_mix0595,35,4,0,17,-2,18.57
fold2_room1_mix0595,36,0,0,130,-2,13.69
fold2_room1_mix0595,36,4,0,10,-2,15.45
fold2_room1_mix0595,37,0,0,127,-1,13.42
fold2_room1_mix0595,37,4,0,0,-3,13.20
fold2_room1_mix0595,37,4,0,18,-2,15.29
fold2_room1_mix0595,38,0,0,133,-1,13.86
fold2_room1_mix0595,38,4,0,9,-3,13.51
fold2_room1_mix0595,39,0,0,134,-1,13.79
fold2_room1_mix0595,39,4,0,9,-4,11.61
fold2_room1_mix0595,40,0,0,132,-1,13.59
fold2_room1_mix0595,40,4,0,9,-4,10.88
fold2_room1_mix0595,41,0,0,133,-1,13.26
fold2_room1_mix0595,41,4,0,10,-4,9.60
fold2_room1_mix0595,42,0,0,131,-1,13.01
fold2_room1_mix0595,42,4,0,18,-7,8.13
fold2_room1_mix0595,42,4,0,18,-5,8.78
fold2_room1_mix0595,43,0,0,131,-1,13.29
fold2_room1_mix0595,43,4,0,11,-4,8.49
fold2_room1_mix0595,44,0,0,134,-1,14.88
fold2_room1_mix0595,44,4,0,158,-9,7.31
fold2_room1_mix0595,44,4,0,13,-5,6.43
fold2_room1_mix0595,45,0,0,133,-1,14.20
fold2_room1_mix0595,45,4,0,137,-14,5.12
fold2_room1_mix0595,45,4,0,5,-6,5.31
fold2_room1_mix0595,45,4,0,21,-6,5.63
fold2_room1_mix0595,46,0,0,128,-1,12.02
fold2_room1_mix0595,46,4,0,-114,-31,2.58
fold2_room1_mix0595,46,4,0,37,-12,5.54
fold2_room1_mix0595,46,4,0,0,-9,7.99
fold2_room1_mix0595,47,0,0,135,-1,12.18
fold2_room1_mix0595,47,4,0,-126,-34,1.42
fold2_room1_mix0595,47,4,0,101,-23,3.60
fold2_room1_mix0595,47,4,0,46,-10,9.13
fold2_room1_mix0595,48,0,0,143,-1,10.12
fold2_room1_mix0595,48,4,0,-147,-22,2.08
fold2_room1_mix0595,48,4,0,121,-15,3.42
fold2_room1_mix0595,48,4,0,95,-7,8.01
fold2_room1_mix0595,49,0,0,147,-1,14.47
fold2_room1_mix0595,49,4,0,-158,-15,2.49
fold2_room1_mix0595,49,4,0,127,-10,3.90
fold2_room1_mix0595,49,4,0,102,-10,5.72
fold2_room1_mix0595,50,0,0,152,-1,18.11
fold2_room1_mix0595,50,4,0,-168,-10,4.21
fold2_room1_mix0595,50,4,0,146,-10,3.97
fold2_room1_mix0595,50,4,0,111,-10,8.22
fold2_room1_mix0595,51,0,0,157,0,24.20
fold2_room1_mix0595,51,4,0,177,-8,5.88
fold2_room1_mix0595,51,4,0,161,-10,3.97
fold2_room1_mix0595,51,4,0,109,-7,12.56
fold2_room1_mix0595,52,0,0,160,-1,14.32
fold2_room1_mix0595,52,4,0,169,-7,5.65
fold2_room1_mix0595,52,4,0,142,-5,10.47
fold2_room1_mix0595,53,0,0,160,0,25.20
fold2_room1_mix0595,53,4,0,175,-5,7.54
fold2_room1_mix0595,53,4,0,160,-6,5.15
fold2_room1_mix0595,53,4,0,115,-8,12.22
fold2_room1_mix0595,54,0,0,162,0,19.47
fold2_room1_mix0595,54,4,0,171,-6,6.88
fold2_room1_mix0595,54,4,0,-1,-3,19.75
fold2_room1_mix0595,55,0,0,164,0,29.97
fold2_room1_mix0595,55,4,0,174,-4,7.53
fold2_room1_mix0595,55,4,0,1,-3,17.52
fold2_room1_mix0595,56,0,0,163,0,20.39
fold2_room1_mix0595,56,4,0,171,-4,8.21
fold2_room1_mix0595,56,4,0,-2,-2,20.86
fold2_room1_mix0595,57,0,0,164,0,24.79
fold2_room1_mix0595,57,4,0,172,-4,9.29
fold2_room1_mix0595,57,4,0,-6,-2,20.21
fold2_room1_mix0595,58,0,0,165,0,3.63
fold2_room1_mix0595,58,4,0,173,-3,9.84
fold2_room1_mix0595,58,4,0,-16,-1,22.47
fold2_room1_mix0595,59,0,0,166,0,3.12
fold2_room1_mix0595,59,4,0,174,-3,11.12
fold2_room1_mix0595,59,4,0,-27,-1,20.82
fold2_room1_mix0595,60,4,0,176,-3,11.33
fold2_room1_mix0595,60,4,0,-17,-1,20.37
fold2_room1_mix0595,61,4,0,173,-3,11.45
fold2_room1_mix0595,61,4,0,-31,-2,18.28
fold2_room1_mix0595,62,0,0,165,0,2.75
fold2_room1_mix0595,62,4,0,175,-3,11.92
fold2_room1_mix0595,62,4,0,-26,-1,19.21
fold2_room1_mix0595,63,0,0,165,0,2.51
fold2_room1_mix0595,63,4,0,175,-3,11.78
fold2_room1_mix0595,63,4,0,-25,-2,17.30
fold2_room1_mix0595,64,4,0,176,-2,13.23
fold2_room1_mix0595,64,4,0,-156,-5,14.41
fold2_room1_mix0595,64,4,0,-36,-2,17.50
fold2_room1_mix0595,65,0,0,166,0,3.90
fold2_room1_mix0595,65,4,0,178,-2,14.12
fold2_room1_mix0595,65,4,0,-31,-1,17.37
fold2_room1_mix0595,66,0,0,166,0,3.67
fold2_room1_mix0595,66,4,0,175,-2,16.41
fold2_room1_mix0595,66,4,0,-39,-1,17.81
fold2_room1_mix0595,67,0,0,165,0,3.33
fold2_room1_mix0595,67,4,0,177,-2,16.83
fold2_room1_mix0595,67,4,0,-45,-1,17.24
fold2_room1_mix0595,68,4,0,177,-1,17.81
fold2_room1_mix0595,68,4,0,-40,-1,17.56
fold2_room1_mix0595,69,0,0,166,0,2.28
fold2_room1_mix0595,69,4,0,176,-1,18.58
fold2_room1_mix0595,69,4,0,-39,-1,18.32
fold2_room1_mix0595,70,0,0,167,0,2.68
fold2_room1_mix0595,70,4,0,176,-1,21.59
fold2_room1_mix0595,70,4,0,-43,-2,15.61
fold2_room1_mix0595,71,0,0,168,0,1.63
fold2_room1_mix0595,71,4,0,176,-1,22.57
fold2_room1_mix0595,71,4,0,-45,-2,16.27
fold2_room1_mix0595,72,0,0,167,0,3.11
fold2_room1_mix0595,72,4,0,176,-1,21.94
fold2_room1_mix0595,72,4,0,-45,-2,15.61
fold2_room1_mix0595,73,0,0,167,0,2.07
fold2_room1_mix0595,73,4,0,178,-1,22.88
fold2_room1_mix0595,73,4,0,-52,-2,14.41
fold2_room1_mix0595,74,4,0,175,-1,23.03
fold2_room1_mix0595,74,4,0,-57,-3,13.62
fold2_room1_mix0595,75,4,0,-179,-2,23.85
fold2_room1_mix0595,75,4,0,-52,-4,14.82
fold2_room1_mix0595,76,4,0,173,0,27.81
fold2_room1_mix0595,76,4,0,-65,-5,11.68
fold2_room1_mix0595,77,4,0,171,0,28.19
fold2_room1_mix0595,77,4,0,-77,-6,10.24
fold2_room1_mix0595,78,4,0,172,0,27.65
fold2_room1_mix0595,78,4,0,-88,-6,10.55
fold2_room1_mix0595,79,4,0,172,0,27.15
fold2_room1_mix0595,79,4,0,-91,-6,10.06
fold2_room1_mix0595,80,4,0,-178,-1,28.86
fold2_room1_mix0595,80,4,0,-123,-5,15.56
fold2_room1_mix0595,80,4,0,-95,-5,10.93
fold2_room1_mix0595,81,4,0,179,0,29.83
fold2_room1_mix0595,81,4,0,-107,-5,12.49
fold2_room1_mix0595,82,4,0,179,-1,29.69
fold2_room1_mix0595,82,4,0,-150,-2,20.60
fold2_room1_mix0595,82,4,0,-109,-5,10.59
fold2_room1_mix0595,83,4,0,-176,0,27.72
fold2_room1_mix0595,83,4,0,-115,-5,10.54
fold2_room1_mix0595,84,4,0,178,0,32.20
fold2_room1_mix0595,84,4,0,-142,-1,20.83
fold2_room1_mix0595,84,4,0,-116,-4,12.06
fold2_room1_mix0595,85,4,0,175,0,33.45
fold2_room1_mix0595,85,4,0,-141,-2,19.71
fold2_room1_mix0595,85,4,0,-124,-4,12.10
fold2_room1_mix0595,86,4,0,174,0,32.51
fold2_room1_mix0595,86,4,0,-127,-4,11.48
fold2_room1_mix0595,87,4,0,174,1,32.76
fold2_room1_mix0595,87,4,0,-131,-3,11.85
fold2_room1_mix0595,88,4,0,174,0,32.96
fold2_room1_mix0595,88,4,0,-135,-4,11.64
fold2_room1_mix0595,89,4,0,174,0,33.47
fold2_room1_mix0595,89,4,0,-135,-4,11.62
fold2_room1_mix0595,90,4,0,174,0,34.37
fold2_room1_mix0595,90,4,0,-138,-4,11.91
fold2_room1_mix0595,91,4,0,175,1,35.89
fold2_room1_mix0595,91,4,0,-139,-3,13.01
fold2_room1_mix0595,92,4,0,175,1,36.04
fold2_room1_mix0595,92,4,0,-140,-3,13.23
fold2_room1_mix0595,93,4,0,173,1,35.91
fold2_room1_mix0595,93,4,0,-143,-2,13.97
fold2_room1_mix0595,94,4,0,173,1,34.79
fold2_room1_mix0595,94,4,0,-144,-2,16.18
fold2_room1_mix0595,95,4,0,174,1,36.46
fold2_room1_mix0595,95,4,0,-145,-2,16.99
fold2_room1_mix0595,96,4,0,173,1,37.45
fold2_room1_mix0595,96,4,0,-145,-2,16.84
fold2_room1_mix0595,97,4,0,174,1,39.60
fold2_room1_mix0595,97,4,0,-146,-1,19.72
fold2_room1_mix0595,98,4,0,175,0,39.75
fold2_room1_mix0595,98,4,0,-147,-2,18.60
fold2_room1_mix0595,99,4,0,176,1,39.77
fold2_room1_mix0595,99,4,0,-150,-2,19.66
fold2_room1_mix0595,1,4,0,-2,0,1.39
fold2_room1_mix0595,2,4,0,-3,0,1.74
fold2_room1_mix0596,64,4,0,173,-1,4.93
fold2_room1_mix0596,65,4,0,172,-1,8.11
fold2_room1_mix0596,66,4,0,172,-2,12.22
fold2_room1_mix0596,67,4,0,173,-2,12.44
fold2_room1_mix0596,68,4,0,172,-2,12.37
fold2_room1_mix0596,69,4,0,172,-2,13.04
fold2_room1_mix0596,70,4,0,168,-2,13.52
fold2_room1_mix0596,71,4,0,172,-2,13.11
fold2_room1_mix0596,72,4,0,168,-3,12.10
fold2_room1_mix0596,73,4,0,167,-3,10.96
fold2_room1_mix0596,74,4,0,164,-3,10.91
fold2_room1_mix0596,75,4,0,163,-3,10.28
fold2_room1_mix0596,76,4,0,163,-4,9.06
fold2_room1_mix0596,77,4,0,162,-4,8.44
fold2_room1_mix0596,78,4,0,162,-4,7.98
fold2_room1_mix0596,79,4,0,159,-4,7.63
fold2_room1_mix0596,80,4,0,157,-5,6.69
fold2_room1_mix0596,81,4,0,156,-6,5.88
fold2_room1_mix0596,82,4,0,153,-5,5.59
fold2_room1_mix0596,83,4,0,149,-6,4.90
fold2_room1_mix0596,84,4,0,147,-8,4.21
fold2_room1_mix0596,85,4,0,141,-9,3.54
fold2_room1_mix0596,86,4,0,137,-11,3.30
fold2_room1_mix0596,87,4,0,125,-12,2.84
fold2_room1_mix0596,88,4,0,112,-14,2.76
fold2_room1_mix0596,89,4,0,93,-16,2.76
fold2_room1_mix0596,90,4,0,77,-15,2.86
fold2_room1_mix0596,91,4,0,58,-12,3.03
fold2_room1_mix0596,92,4,0,47,-11,3.35
fold2_room1_mix0596,93,4,0,36,-8,3.69
fold2_room1_mix0596,94,4,0,32,-7,4.35
fold2_room1_mix0596,95,4,0,28,-6,4.93
fold2_room1_mix0596,96,4,0,25,-6,5.54
fold2_room1_mix0596,97,4,0,21,-5,5.89
fold2_room1_mix0596,98,4,0,20,-5,6.90
fold2_room1_mix0596,99,4,0,20,-4,7.48
fold2_room1_mix0597,0,5,0,148,3,4.78
fold2_room1_mix0597,1,5,0,141,2,8.14
fold2_room1_mix0597,2,5,0,140,2,10.41
fold2_room1_mix0597,3,5,0,138,1,10.86
fold2_room1_mix0597,4,5,0,143,1,16.80
fold2_room1_mix0597,5,5,0,134,1,17.57
fold2_room1_mix0597,6,5,0,133,1,19.27
fold2_room1_mix0597,7,5,0,134,1,19.21
fold2_room1_mix0597,8,5,0,135,1,17.67
fold2_room1_mix0597,9,5,0,137,1,18.61
fold2_room1_mix0597,10,5,0,136,1,18.10
fold2_room1_mix0597,11,5,0,137,1,17.51
fold2_room1_mix0597,12,5,0,132,1,17.21
fold2_room1_mix0597,13,5,0,139,1,16.75
fold2_room1_mix0597,14,5,0,135,1,18.33
fold2_room1_mix0597,15,5,0,136,1,17.07
fold2_room1_mix0597,16,5,0,136,1,17.97
fold2_room1_mix0597,17,5,0,139,1,17.31
fold2_room1_mix0597,18,5,0,134,1,16.10
fold2_room1_mix0597,19,5,0,137,1,16.74
fold2_room1_mix0597,20,5,0,134,1,16.59
fold2_room1_mix0597,21,1,0,-32,-3,25.72
fold2_room1_mix0597,21,5,0,134,1,18.06
fold2_room1_mix0597,22,1,0,-37,-3,23.34
fold2_room1_mix0597,22,5,0,135,1,18.56
fold2_room1_mix0597,23,1,0,-44,-3,18.36
fold2_room1_mix0597,23,5,0,134,1,17.42
fold2_room1_mix0597,24,1,0,-44,-3,17.71
fold2_room1_mix0597,24,5,0,133,1,16.77
fold2_room1_mix0597,25,1,0,-38,-2,3.73
fold2_room1_mix0597,25,5,0,140,2,20.44
fold2_room1_mix0597,26,1,0,-37,-3,23.02
fold2_room1_mix0597,26,5,0,137,1,20.88
fold2_room1_mix0597,27,1,0,-42,-3,16.67
fold2_room1_mix0597,27,5,0,136,1,17.82
fold2_room1_mix0597,28,1,0,-50,-3,15.57
fold2_room1_mix0597,28,5,0,138,1,19.67
fold2_room1_mix0597,29,1,0,-52,-3,16.42
fold2_room1_mix0597,29,5,0,134,1,18.22
fold2_room1_mix0597,30,5,0,142,1,20.77
fold2_room1_mix0597,31,1,0,-52,-3,16.33
fold2_room1_mix0597,31,5,0,139,2,19.98
fold2_room1_mix0597,32,1,0,-60,-3,12.43
fold2_room1_mix0597,32,5,0,136,1,19.03
fold2_room1_mix0597,33,1,0,-73,-3,11.25
fold2_room1_mix0597,33,5,0,140,2,20.22
fold2_room1_mix0597,34,1,0,-81,-4,12.08
fold2_room1_mix0597,34,5,0,138,2,18.71
fold2_room1_mix0597,35,5,0,143,1,23.42
fold2_room1_mix0597,36,1,0,-86,-4,11.82
fold2_room1_mix0597,36,5,0,140,2,20.33
fold2_room1_mix0597,37,1,0,-96,-4,10.26
fold2_room1_mix0597,37,5,0,143,2,19.21
fold2_room1_mix0597,38,1,0,-103,-4,9.49
fold2_room1_mix0597,38,5,0,141,1,19.39
fold2_room1_mix0597,39,1,0,-112,-4,11.61
fold2_room1_mix0597,39,5,0,138,1,19.74
fold2_room1_mix0597,40,5,0,149,1,22.44
fold2_room1_mix0597,41,1,0,-120,-3,14.44
fold2_room1_mix0597,41,5,0,140,2,19.28
fold2_room1_mix0597,42,1,0,-130,-3,13.19
fold2_room1_mix0597,42,5,0,143,2,18.11
fold2_room1_mix0597,43,1,0,-131,-3,15.69
fold2_room1_mix0597,43,5,0,139,1,19.09
fold2_room1_mix0597,44,1,0,-132,-3,14.63
fold2_room1_mix0597,44,5,0,139,2,18.69
fold2_room1_mix0597,45,5,0,139,2,18.25
fold2_room1_mix0597,46,1,0,-137,-3,10.15
fold2_room1_mix0597,46,5,0,133,1,20.90
fold2_room1_mix0597,47,1,0,-141,-2,14.27
fold2_room1_mix0597,47,5,0,135,1,20.45
fold2_room1_mix0597,48,1,0,-144,-2,19.07
fold2_room1_mix0597,48,5,0,142,1,21.71
fold2_room1_mix0597,49,1,0,-146,-2,16.40
fold2_room1_mix0597,49,5,0,139,1,20.69
fold2_room1_mix0597,50,1,0,-147,-2,3.02
fold2_room1_mix0597,50,5,0,129,1,19.17
fold2_room1_mix0597,51,5,0,141,1,20.46
fold2_room1_mix0597,52,1,0,-148,-2,20.00
fold2_room1_mix0597,52,5,0,135,1,21.86
fold2_room1_mix0597,53,5,0,135,1,21.02
fold2_room1_mix0597,54,5,0,136,1,19.83
fold2_room1_mix0597,55,5,0,137,2,21.12
fold2_room1_mix0597,56,5,0,141,1,21.54
fold2_room1_mix0597,57,5,0,133,1,18.69
fold2_room1_mix0597,58,5,0,139,1,23.19
fold2_room1_mix0597,59,5,0,136,1,20.20
fold2_room1_mix0597,60,5,0,136,1,20.29
fold2_room1_mix0597,61,5,0,134,1,19.24
fold2_room1_mix0597,62,5,0,136,1,21.57
fold2_room1_mix0597,63,5,0,136,1,18.85
fold2_room1_mix0597,64,5,0,142,1,20.07
fold2_room1_mix0597,65,5,0,137,1,20.87
fold2_room1_mix0597,66,5,0,135,1,21.24
fold2_room1_mix0597,67,5,0,142,1,18.94
fold2_room1_mix0597,68,5,0,136,1,19.03
fold2_room1_mix0597,69,5,0,132,1,19.83
fold2_room1_mix0597,70,5,0,133,1,19.56
fold2_room1_mix0597,71,5,0,138,1,20.69
fold2_room1_mix0597,72,5,0,132,1,19.07
fold2_room1_mix0597,73,5,0,133,1,19.35
fold2_room1_mix0597,74,5,0,136,1,19.67
fold2_room1_mix0597,75,5,0,135,1,20.91
fold2_room1_mix0597,76,5,0,136,1,20.54
fold2_room1_mix0597,77,5,0,136,1,19.40
fold2_room1_mix0597,78,5,0,131,1,20.97
fold2_room1_mix0597,79,5,0,134,1,21.45
fold2_room1_mix0597,80,5,0,136,1,20.00
fold2_room1_mix0597,81,5,0,133,1,18.49
fold2_room1_mix0597,82,5,0,135,1,21.31
fold2_room1_mix0597,83,5,0,137,1,18.89
fold2_room1_mix0597,84,5,0,134,1,19.84
fold2_room1_mix0597,85,5,0,135,1,19.96
fold2_room1_mix0597,86,5,0,134,1,18.78
fold2_room1_mix0597,87,5,0,137,1,19.63
fold2_room1_mix0597,88,5,0,133,1,19.32
fold2_room1_mix0597,89,5,0,138,1,20.31
fold2_room1_mix0597,90,5,0,132,1,18.23
fold2_room1_mix0597,91,5,0,136,1,19.91
fold2_room1_mix0597,92,5,0,137,1,19.22
fold2_room1_mix0597,93,5,0,133,1,17.29
fold2_room1_mix0597,94,5,0,134,1,19.36
fold2_room1_mix0597,95,5,0,136,1,18.17
fold2_room1_mix0597,96,5,0,135,1,19.38
fold2_room1_mix0597,97,5,0,134,1,18.83
fold2_room1_mix0597,98,5,0,137,1,19.41
fold2_room1_mix0597,99,5,0,135,1,16.87
fold2_room1_mix0598,3,4,0,-179,1,3.46
fold2_room1_mix0598,4,4,0,-178,0,15.28
fold2_room1_mix0598,5,4,0,-177,0,15.51
fold2_room1_mix0598,6,4,0,-178,0,17.33
fold2_room1_mix0598,6,4,0,10,1,21.85
fold2_room1_mix0598,7,4,0,178,0,27.85
fold2_room1_mix0598,7,4,0,6,0,38.11
fold2_room1_mix0598,8,4,0,-179,0,27.17
fold2_room1_mix0598,8,4,0,5,0,38.47
fold2_room1_mix0598,9,4,0,-179,0,28.53
fold2_room1_mix0598,9,4,0,5,0,39.71
fold2_room1_mix0598,10,4,0,-179,0,25.79
fold2_room1_mix0598,10,4,0,6,0,36.30
fold2_room1_mix0598,11,4,0,-178,0,27.59
fold2_room1_mix0598,11,4,0,5,0,36.93
fold2_room1_mix0598,12,4,0,-178,0,25.20
fold2_room1_mix0598,12,4,0,7,0,37.00
fold2_room1_mix0598,13,4,0,-177,0,24.17
fold2_room1_mix0598,13,4,0,7,0,34.18
fold2_room1_mix0598,14,4,0,-175,-1,24.09
fold2_room1_mix0598,14,4,0,9,0,34.71
fold2_room1_mix0598,15,4,0,-178,-1,22.79
fold2_room1_mix0598,15,4,0,6,0,35.51
fold2_room1_mix0598,16,4,0,-176,-1,20.85
fold2_room1_mix0598,16,4,0,9,0,30.11
fold2_room1_mix0598,17,4,0,-175,-1,21.90
fold2_room1_mix0598,17,4,0,6,0,33.12
fold2_room1_mix0598,18,4,0,-176,-1,21.94
fold2_room1_mix0598,18,4,0,9,0,33.32
fold2_room1_mix0598,19,4,0,178,-1,21.46
fold2_room1_mix0598,19,4,0,6,0,31.87
fold2_room1_mix0598,20,4,0,-175,-1,20.56
fold2_room1_mix0598,20,4,0,12,0,31.16
fold2_room1_mix0598,21,4,0,-179,-1,20.48
fold2_room1_mix0598,21,4,0,10,0,30.74
fold2_room1_mix0598,22,4,0,-177,-1,20.78
fold2_room1_mix0598,22,4,0,11,-1,30.79
fold2_room1_mix0598,23,4,0,-179,-2,20.69
fold2_room1_mix0598,23,4,0,9,-1,30.77
fold2_room1_mix0598,24,4,0,-177,-2,20.36
fold2_room1_mix0598,24,4,0,14,-1,26.09
fold2_room1_mix0598,25,4,0,-177,-2,19.97
fold2_room1_mix0598,25,4,0,11,-1,28.04
fold2_room1_mix0598,26,4,0,-177,-2,19.02
fold2_room1_mix0598,26,4,0,13,-1,26.60
fold2_room1_mix0598,27,4,0,-178,-2,19.11
fold2_room1_mix0598,27,4,0,14,-1,26.46
fold2_room1_mix0598,28,4,0,-177,-2,18.15
fold2_room1_mix0598,28,4,0,13,-1,26.17
fold2_room1_mix0598,29,4,0,-178,-2,17.47
fold2_room1_mix0598,29,4,0,11,-1,24.63
fold2_room1_mix0598,30,4,0,-177,-2,16.92
fold2_room1_mix0598,30,4,0,14,-1,24.80
fold2_room1_mix0598,31,4,0,178,-2,17.77
fold2_room1_mix0598,31,4,0,10,-1,24.74
fold2_room1_mix0598,32,4,0,-179,-2,17.06
fold2_room1_mix0598,32,4,0,14,-1,23.87
fold2_room1_mix0598,33,4,0,178,-2,16.78
fold2_room1_mix0598,33,4,0,12,-1,22.50
fold2_room1_mix0598,34,4,0,-173,-3,14.92
fold2_room1_mix0598,34,4,0,170,-2,16.61
fold2_room1_mix0598,34,4,0,13,-1,22.82
fold2_room1_mix0598,35,4,0,-179,-3,16.30
fold2_room1_mix0598,35,4,0,14,-1,22.27
fold2_room1_mix0598,36,4,0,-179,-3,16.07
fold2_room1_mix0598,36,4,0,20,-1,22.22
fold2_room1_mix0598,37,4,0,-179,-2,15.14
fold2_room1_mix0598,37,4,0,21,-1,20.84
fold2_room1_mix0598,38,4,0,-174,-3,14.72
fold2_room1_mix0598,38,4,0,28,-1,20.77
fold2_room1_mix0598,39,4,0,-176,-3,15.73
fold2_room1_mix0598,39,4,0,20,-1,21.46
fold2_room1_mix0598,40,4,0,-168,-3,12.76
fold2_room1_mix0598,40,4,0,159,-3,17.01
fold2_room1_mix0598,40,4,0,23,-1,20.49
fold2_room1_mix0598,41,4,0,-166,-3,11.19
fold2_room1_mix0598,41,4,0,30,-1,17.80
fold2_room1_mix0598,42,4,0,-170,-3,13.18
fold2_room1_mix0598,42,4,0,30,-2,17.65
fold2_room1_mix0598,43,4,0,-167,-4,10.72
fold2_room1_mix0598,43,4,0,134,-4,15.55
fold2_room1_mix0598,43,4,0,28,-1,18.25
fold2_room1_mix0598,44,4,0,-168,-3,10.13
fold2_room1_mix0598,44,4,0,73,-3,14.93
fold2_room1_mix0598,44,4,0,22,-1,16.96
fold2_room1_mix0598,45,4,0,-167,-4,8.17
fold2_room1_mix0598,45,4,0,51,-1,15.03
fold2_room1_mix0598,45,4,0,27,-1,15.73
fold2_room1_mix0598,46,4,0,-164,-4,8.75
fold2_room1_mix0598,46,4,0,76,-3,15.06
fold2_room1_mix0598,46,4,0,27,-1,16.03
fold2_room1_mix0598,47,4,0,-160,-4,7.35
fold2_room1_mix0598,47,4,0,69,-2,14.33
fold2_room1_mix0598,47,4,0,8,-1,15.43
fold2_room1_mix0598,48,4,0,-158,-4,7.60
fold2_room1_mix0598,48,4,0,49,-2,14.23
fold2_room1_mix0598,48,4,0,17,-2,14.14
fold2_room1_mix0598,49,4,0,-159,-5,7.04
fold2_room1_mix0598,49,4,0,55,-1,14.28
fold2_room1_mix0598,49,4,0,20,-3,11.84
fold2_room1_mix0598,50,4,0,-157,-6,5.96
fold2_room1_mix0598,50,4,0,47,-2,12.94
fold2_room1_mix0598,50,4,0,15,-4,10.17
fold2_room1_mix0598,51,4,0,-153,-6,5.48
fold2_room1_mix0598,51,4,0,53,-2,13.12
fold2_room1_mix0598,51,4,0,8,-4,9.50
fold2_room1_mix0598,52,4,0,-149,-6,4.93
fold2_room1_mix0598,52,4,0,53,-1,12.69
fold2_room1_mix0598,52,4,0,5,-4,8.79
fold2_room1_mix0598,53,4,0,-150,-8,4.29
fold2_room1_mix0598,53,4,0,54,-2,12.51
fold2_room1_mix0598,53,4,0,7,-5,8.50
fold2_room1_mix0598,54,4,0,-145,-9,3.82
fold2_room1_mix0598,54,4,0,57,-2,11.54
fold2_room1_mix0598,54,4,0,9,-5,8.39
fold2_room1_mix0598,55,4,0,-142,-9,3.36
fold2_room1_mix0598,55,4,0,59,-2,11.19
fold2_room1_mix0598,55,4,0,17,-5,7.92
fold2_room1_mix0598,56,4,0,-135,-11,3.19
fold2_room1_mix0598,56,4,0,57,-3,10.36
fold2_room1_mix0598,56,4,0,18,-6,7.42
fold2_room1_mix0598,57,4,0,-133,-14,3.12
fold2_room1_mix0598,57,4,0,58,-4,10.32
fold2_room1_mix0598,57,4,0,39,-7,7.35
fold2_room1_mix0598,58,4,0,-121,-15,2.69
fold2_room1_mix0598,58,4,0,77,-4,9.20
fold2_room1_mix0598,58,4,0,56,-8,6.97
fold2_room1_mix0598,59,4,0,-114,-16,2.43
fold2_room1_mix0598,59,4,0,96,-5,8.90
fold2_room1_mix0598,59,4,0,51,-10,7.69
fold2_room1_mix0598,60,4,0,-91,-15,2.46
fold2_room1_mix0598,60,4,0,95,-4,9.13
fold2_room1_mix0598,61,4,0,-91,-15,2.74
fold2_room1_mix0598,61,4,0,110,-3,7.76
fold2_room1_mix0598,62,4,0,115,-7,6.51
fold2_room1_mix0598,62,4,0,-63,-10,4.54
fold2_room1_mix0598,63,4,0,111,-6,7.34
fold2_room1_mix0598,63,4,0,-55,-10,4.07
fold2_room1_mix0598,64,4,0,130,-5,7.99
fold2_room1_mix0598,64,4,0,-48,-12,3.48
fold2_room1_mix0598,65,4,0,130,-4,10.10
fold2_room1_mix0598,65,4,0,-36,-10,5.33
fold2_room1_mix0598,66,4,0,125,-3,11.02
fold2_room1_mix0598,66,4,0,-43,-11,5.31
fold2_room1_mix0598,67,4,0,125,-3,11.07
fold2_room1_mix0598,67,4,0,-35,-8,4.89
fold2_room1_mix0598,68,4,0,126,-2,11.13
fold2_room1_mix0598,68,4,0,-28,-6,6.00
fold2_room1_mix0598,69,4,0,125,-4,10.74
fold2_room1_mix0598,69,4,0,-26,-6,5.99
fold2_room1_mix0598,70,4,0,130,-3,11.40
fold2_room1_mix0598,70,4,0,-20,-6,6.31
fold2_room1_mix0598,71,4,0,131,-3,11.07
fold2_room1_mix0598,71,4,0,-18,-5,7.32
fold2_room1_mix0598,72,4,0,135,-3,11.16
fold2_room1_mix0598,72,4,0,-5,-5,8.32
fold2_room1_mix0598,72,4,0,-22,-4,7.74
fold2_room1_mix0598,73,4,0,132,-3,12.18
fold2_room1_mix0598,73,4,0,-15,-4,8.15
fold2_room1_mix0598,74,4,0,136,-3,12.45
fold2_room1_mix0598,74,4,0,-15,-4,8.83
fold2_room1_mix0598,75,4,0,134,-3,13.26
fold2_room1_mix0598,75,4,0,-14,-4,9.39
fold2_room1_mix0598,76,4,0,140,-2,13.83
fold2_room1_mix0598,76,4,0,-12,-3,9.85
fold2_room1_mix0598,77,4,0,139,-2,14.77
fold2_room1_mix0598,77,4,0,-13,-4,10.48
fold2_room1_mix0598,78,4,0,138,-2,15.89
fold2_room1_mix0598,78,4,0,-12,-3,12.00
fold2_room1_mix0598,79,4,0,140,-2,16.05
fold2_room1_mix0598,79,4,0,-11,-3,11.84
fold2_room1_mix0598,80,4,0,142,-2,15.96
fold2_room1_mix0598,80,4,0,-12,-2,12.84
fold2_room1_mix0598,81,4,0,141,-1,18.43
fold2_room1_mix0598,81,4,0,-9,-2,15.04
fold2_room1_mix0598,82,4,0,143,-1,18.37
fold2_room1_mix0598,82,4,0,-10,-2,14.43
fold2_room1_mix0598,83,4,0,144,-1,19.42
fold2_room1_mix0598,83,4,0,-9,-2,15.28
fold2_room1_mix0598,84,4,0,143,-1,20.07
fold2_room1_mix0598,84,4,0,-9,-1,17.17
fold2_room1_mix0598,85,4,0,144,-1,19.88
fold2_room1_mix0598,85,4,0,-7,-1,17.50
fold2_room1_mix0598,86,4,0,145,-1,19.27
fold2_room1_mix0598,86,4,0,-7,-1,17.42
fold2_room1_mix0598,87,4,0,148,-1,20.64
fold2_room1_mix0598,87,4,0,-4,-1,18.94
fold2_room1_mix0598,88,4,0,145,-1,20.76
fold2_room1_mix0598,88,4,0,-5,-1,18.36
fold2_room1_mix0598,89,4,0,149,-1,22.00
fold2_room1_mix0598,89,4,0,-4,-1,20.18
fold2_room1_mix0598,90,4,0,151,-1,22.89
fold2_room1_mix0598,90,4,0,-3,-1,20.34
fold2_room1_mix0598,91,4,0,151,0,25.04
fold2_room1_mix0598,91,4,0,-2,-1,22.09
fold2_room1_mix0598,92,4,0,152,0,24.79
fold2_room1_mix0598,92,4,0,-3,0,21.40
fold2_room1_mix0598,93,4,0,154,0,25.20
fold2_room1_mix0598,93,4,0,-2,0,22.05
fold2_room1_mix0598,94,4,0,151,0,26.27
fold2_room1_mix0598,94,4,0,-3,-1,22.03
fold2_room1_mix0598,95,4,0,155,0,25.41
fold2_room1_mix0598,95,4,0,-2,-1,22.58
fold2_room1_mix0598,96,4,0,154,0,26.42
fold2_room1_mix0598,96,4,0,-2,-1,22.59
fold2_room1_mix0598,97,4,0,157,0,31.00
fold2_room1_mix0598,97,4,0,0,0,26.73
fold2_room1_mix0598,98,4,0,156,0,29.23
fold2_room1_mix0598,98,4,0,-1,-1,24.88
fold2_room1_mix0598,99,4,0,156,0,28.63
fold2_room1_mix0598,99,4,0,0,-1,25.14
fold2_room1_mix0599,10,4,0,16,0,15.86
fold2_room1_mix0599,14,4,0,18,1,22.35
fold2_room1_mix0599,15,4,0,16,1,16.53
fold2_room1_mix0599,16,4,0,17,1,22.86
fold2_room1_mix0599,17,4,0,18,0,32.58
fold2_room1_mix0599,18,4,0,15,0,29.99
fold2_room1_mix0599,19,4,0,19,0,19.34
fold2_room1_mix0599,20,4,0,18,0,12.05
fold2_room1_mix0599,21,4,0,17,0,30.20
fold2_room1_mix0599,22,4,0,18,0,31.57
fold2_room1_mix0599,23,4,0,19,0,22.23
fold2_room1_mix0599,24,4,0,21,0,28.26
fold2_room1_mix0599,25,4,0,19,0,29.70
fold2_room1_mix0599,26,4,0,18,-1,30.78
fold2_room1_mix0599,27,4,0,22,0,31.17
fold2_room1_mix0599,28,4,0,20,-1,29.52
fold2_room1_mix0599,29,4,0,24,0,28.68
fold2_room1_mix0599,30,4,0,22,0,30.72
fold2_room1_mix0599,31,4,0,26,0,28.45
fold2_room1_mix0599,32,4,0,25,-1,29.02
fold2_room1_mix0599,33,4,0,22,0,29.78
fold2_room1_mix0599,34,4,0,25,0,29.67
fold2_room1_mix0599,35,4,0,27,0,27.57
fold2_room1_mix0599,36,4,0,25,0,29.38
fold2_room1_mix0599,37,4,0,27,0,28.36
fold2_room1_mix0599,38,4,0,28,0,27.22
fold2_room1_mix0599,39,4,0,27,-1,26.98
fold2_room1_mix0599,40,4,0,27,-1,27.54
fold2_room1_mix0599,41,4,0,27,-1,25.58
fold2_room1_mix0599,42,4,0,29,-1,24.48
fold2_room1_mix0599,43,4,0,28,-1,25.39
fold2_room1_mix0599,44,4,0,31,-1,24.74
fold2_room1_mix0599,45,4,0,29,-2,23.59
fold2_room1_mix0599,46,4,0,29,-1,24.63
fold2_room1_mix0599,47,4,0,33,-1,23.53
fold2_room1_mix0599,48,4,0,33,-1,22.83
fold2_room1_mix0599,49,4,0,32,-1,23.22
fold2_room1_mix0599,50,4,0,35,-1,22.06
fold2_room1_mix0599,51,4,0,37,-1,21.07
fold2_room1_mix0599,52,4,0,37,-1,21.13
fold2_room1_mix0599,53,4,0,39,-1,20.87
fold2_room1_mix0599,54,4,0,41,-1,19.47
fold2_room1_mix0599,55,4,0,41,-1,19.13
fold2_room1_mix0599,56,4,0,41,-1,19.79
fold2_room1_mix0599,57,4,0,41,-1,18.97
fold2_room1_mix0599,58,4,0,43,-2,18.66
fold2_room1_mix0599,59,4,0,47,-2,18.59
fold2_room1_mix0599,60,4,0,46,-2,17.91
fold2_room1_mix0599,61,4,0,50,-2,17.16
fold2_room1_mix0599,62,4,0,52,-2,17.32
fold2_room1_mix0599,63,4,0,53,-2,17.01
fold2_room1_mix0599,64,4,0,55,-2,16.19
fold2_room1_mix0599,65,4,0,56,-2,15.67
fold2_room1_mix0599,66,4,0,58,-2,15.23
fold2_room1_mix0599,67,4,0,60,-2,14.50
fold2_room1_mix0599,68,4,0,61,-2,14.30
fold2_room1_mix0599,69,4,0,64,-3,14.20
fold2_room1_mix0599,70,4,0,65,-3,13.90
fold2_room1_mix0599,71,4,0,66,-3,13.77
fold2_room1_mix0599,72,4,0,68,-3,14.64
fold2_room1_mix0599,73,4,0,71,-3,13.82
fold2_room1_mix0599,74,4,0,73,-3,13.64
fold2_room1_mix0599,75,4,0,78,-3,13.86
fold2_room1_mix0599,76,4,0,81,-4,13.49
fold2_room1_mix0599,77,4,0,82,-4,13.24
fold2_room1_mix0599,78,4,0,86,-4,13.44
fold2_room1_mix0599,79,4,0,88,-4,13.17
fold2_room1_mix0599,80,4,0,90,-4,13.16
fold2_room1_mix0599,81,4,0,93,-5,13.27
fold2_room1_mix0599,82,4,0,95,-5,13.07
fold2_room1_mix0599,83,4,0,98,-5,13.37
fold2_room1_mix0599,84,4,0,99,-4,13.43
fold2_room1_mix0599,85,4,0,103,-5,13.16
fold2_room1_mix0599,86,4,0,106,-4,13.28
fold2_room1_mix0599,87,4,0,107,-5,13.19
fold2_room1_mix0599,88,4,0,110,-4,14.00
fold2_room1_mix0599,89,4,0,112,-4,14.22
fold2_room1_mix0599,90,4,0,114,-4,14.30
fold2_room1_mix0599,91,4,0,115,-4,15.03
fold2_room1_mix0599,92,4,0,118,-4,15.32
fold2_room1_mix0599,93,4,0,119,-4,15.08
fold2_room1_mix0599,94,4,0,121,-3,15.86
fold2_room1_mix0599,95,4,0,121,-4,15.15
fold2_room1_mix0599,96,4,0,123,-3,16.16
fold2_room1_mix0599,97,4,0,125,-3,16.82
fold2_room1_mix0599,98,4,0,127,-3,16.87
fold2_room1_mix0599,99,4,0,129,-3,16.92
fold2_room1_mix0600,49,4,0,174,-3,3.76
fold2_room1_mix0600,51,4,0,172,-3,6.43
fold2_room1_mix0600,52,4,0,177,-3,7.46
fold2_room1_mix0600,53,4,0,175,-4,6.70
fold2_room1_mix0600,54,4,0,168,-6,6.45
fold2_room1_mix0600,55,4,0,166,-6,5.99
fold2_room1_mix0600,56,4,0,164,-7,5.21
fold2_room1_mix0600,57,4,0,163,-9,5.04
fold2_room1_mix0600,58,4,0,161,-12,4.39
fold2_room1_mix0600,59,4,0,162,-10,3.58
fold2_room1_mix0600,59,4,0,18,-13,6.14
fold2_room1_mix0600,60,4,0,160,-14,3.06
fold2_room1_mix0600,60,4,0,15,-12,5.43
fold2_room1_mix0600,61,4,0,155,-21,2.54
fold2_room1_mix0600,61,4,0,27,-31,4.70
fold2_room1_mix0600,62,4,0,138,-29,1.86
fold2_room1_mix0600,62,4,0,31,-31,3.75
fold2_room1_mix0600,63,4,0,111,-37,1.53
fold2_room1_mix0600,63,4,0,53,-34,3.18
fold2_room1_mix0600,64,4,0,68,-35,1.32
fold2_room1_mix0600,64,4,0,12,-15,5.40
fold2_room1_mix0600,65,4,0,36,-27,1.54
fold2_room1_mix0600,65,4,0,12,-13,4.94
fold2_room1_mix0600,66,4,0,23,-17,2.35
fold2_room1_mix0600,66,4,0,5,-8,6.28
fold2_room1_mix0600,67,4,0,13,-11,4.08
fold2_room1_mix0600,68,4,0,16,-10,4.45
fold2_room1_mix0600,69,4,0,20,-9,4.07
fold2_room1_mix0600,70,4,0,39,-13,2.21
fold2_room1_mix0600,70,4,0,9,-6,6.73
fold2_room1_mix0600,71,4,0,82,-21,1.30
fold2_room1_mix0600,71,4,0,16,-7,6.78
fold2_room1_mix0600,72,4,0,132,-12,1.98
fold2_room1_mix0600,72,4,0,7,-6,6.63
fold2_room1_mix0600,73,4,0,143,-9,2.41
fold2_room1_mix0600,73,4,0,3,-4,7.34
fold2_room1_mix0600,74,4,0,158,-6,3.92
fold2_room1_mix0600,74,4,0,8,-5,8.73
fold2_room1_mix0600,75,4,0,158,-5,4.14
fold2_room1_mix0600,75,4,0,1,-3,8.07
fold2_room1_mix0600,76,4,0,170,-4,6.00
fold2_room1_mix0600,76,4,0,2,-3,9.36
fold2_room1_mix0600,77,4,0,167,-4,5.39
fold2_room1_mix0600,77,4,0,2,-4,9.37
fold2_room1_mix0600,78,4,0,171,-5,4.93
fold2_room1_mix0600,78,4,0,9,-6,8.15
fold2_room1_mix0600,79,4,0,175,-5,5.03
fold2_room1_mix0600,80,4,0,175,-5,4.55
fold2_room1_mix0600,81,4,0,-170,-8,3.07
fold2_room1_mix0600,82,4,0,-162,-10,2.87
fold2_room1_mix0600,82,4,0,-136,-18,3.83
fold2_room1_mix0600,83,4,0,-147,-14,2.09
fold2_room1_mix0600,83,4,0,-127,-18,1.49
fold2_room1_mix0600,84,4,0,-125,-25,1.82
fold2_room1_mix0600,84,4,0,-92,-25,1.11
fold2_room1_mix0600,84,4,0,-24,-15,4.96
fold2_room1_mix0600,85,4,0,-64,-20,1.46
fold2_room1_mix0600,85,4,0,-45,-16,2.54
fold2_room1_mix0600,89,4,0,-14,-6,5.28
fold2_room1_mix0600,90,4,0,-11,-4,5.96
fold2_room1_mix0600,91,4,0,-10,-3,6.26
fold2_room1_mix0600,92,4,0,-8,-3,8.07
fold2_room1_mix0600,86,4,0,-36,-10,2.25
fold2_room1_mix0600,86,4,0,-15,-6,5.05
fold2_room1_mix0600,87,4,0,-22,-8,3.72
fold2_room1_mix0600,88,4,0,-19,-6,4.60
fold2_room1_mix0601,58,4,0,179,0,3.03
fold2_room1_mix0601,60,4,0,-172,0,10.50
fold2_room1_mix0601,61,4,0,-173,0,13.04
fold2_room1_mix0601,62,4,0,-172,0,16.24
fold2_room1_mix0601,63,4,0,-167,-1,18.35
fold2_room1_mix0601,64,4,0,-170,-1,19.17
fold2_room1_mix0601,65,4,0,-170,-1,18.09
fold2_room1_mix0601,66,4,0,-169,-1,17.96
fold2_room1_mix0601,67,4,0,-168,-1,16.24
fold2_room1_mix0601,68,4,0,-167,-1,15.80
fold2_room1_mix0601,69,4,0,-164,-2,14.44
fold2_room1_mix0601,70,4,0,-163,-1,13.89
fold2_room1_mix0601,71,4,0,-161,-2,11.85
fold2_room1_mix0601,72,4,0,-161,-2,12.36
fold2_room1_mix0601,73,4,0,-157,-2,11.75
fold2_room1_mix0601,74,4,0,-155,-3,10.20
fold2_room1_mix0601,75,4,0,-153,-3,9.21
fold2_room1_mix0601,76,4,0,-151,-4,8.02
fold2_room1_mix0601,77,4,0,-144,-5,6.55
fold2_room1_mix0601,78,4,0,-139,-6,5.73
fold2_room1_mix0601,79,4,0,-130,-6,5.12
fold2_room1_mix0601,80,4,0,-121,-7,4.36
fold2_room1_mix0601,81,4,0,-101,-7,4.50
fold2_room1_mix0601,82,4,0,-90,-8,4.41
fold2_room1_mix0601,83,4,0,-76,-6,4.82
fold2_room1_mix0601,84,4,0,-64,-7,5.00
fold2_room1_mix0601,85,4,0,-50,-5,5.30
fold2_room1_mix0601,86,4,0,-41,-5,5.63
fold2_room1_mix0601,87,4,0,-34,-4,6.29
fold2_room1_mix0601,88,4,0,-31,-3,7.47
fold2_room1_mix0601,89,4,0,-24,-3,8.38
fold2_room1_mix0601,90,4,0,-21,-2,8.64
fold2_room1_mix0601,91,4,0,-19,-2,10.24
fold2_room1_mix0601,92,4,0,-15,-2,11.02
fold2_room1_mix0601,93,4,0,-14,-1,11.90
fold2_room1_mix0601,94,4,0,-13,-2,12.62
fold2_room1_mix0601,95,4,0,-13,-1,13.54
fold2_room1_mix0601,96,4,0,-11,-1,14.06
fold2_room1_mix0601,97,4,0,-13,-1,15.40
fold2_room1_mix0601,98,4,0,-12,-1,15.68
fold2_room1_mix0601,99,4,0,-10,-1,16.14
fold2_room1_mix0602,21,3,0,156,-6,4.13
fold2_room1_mix0602,22,3,0,158,-5,11.40
fold2_room1_mix0602,23,3,0,152,-4,9.03
fold2_room1_mix0602,24,3,0,143,-4,10.69
fold2_room1_mix0602,25,3,0,138,-4,10.03
fold2_room1_mix0602,26,3,0,145,-4,9.54
fold2_room1_mix0602,27,3,0,140,-4,6.84
fold2_room1_mix0602,28,3,0,132,-3,7.66
fold2_room1_mix0602,36,3,0,139,-4,6.13
fold2_room1_mix0602,37,3,0,-128,-7,8.11
fold2_room1_mix0602,37,3,0,-109,-5,8.33
fold2_room1_mix0602,38,3,0,-119,-5,9.78
fold2_room1_mix0602,39,3,0,-120,-6,8.29
fold2_room1_mix0602,39,3,0,-123,-7,8.28
fold2_room1_mix0602,40,3,0,-105,-6,8.76
fold2_room1_mix0602,41,3,0,-131,-7,10.16
fold2_room1_mix0602,41,3,0,-136,-8,10.13
fold2_room1_mix0602,42,3,0,-112,-5,10.66
fold2_room1_mix0602,43,3,0,-122,-6,10.61
fold2_room1_mix0602,43,3,0,-124,-6,10.52
fold2_room1_mix0602,44,3,0,-127,-5,9.86
fold2_room1_mix0602,44,3,0,-130,-6,9.74
fold2_room1_mix0602,45,3,0,-120,-5,10.08
fold2_room1_mix0602,46,3,0,-119,-5,6.57
fold2_room1_mix0602,47,3,0,-125,-4,4.09
fold2_room1_mix0602,48,3,0,-128,-3,4.74
fold2_room1_mix0602,54,3,0,174,-5,10.21
fold2_room1_mix0602,55,3,0,166,-6,15.56
fold2_room1_mix0602,55,3,0,162,-6,15.66
fold2_room1_mix0602,56,3,0,146,-5,15.39
fold2_room1_mix0602,57,3,0,124,-4,14.17
fold2_room1_mix0602,58,3,0,117,-3,12.21
fold2_room1_mix0602,59,3,0,111,-4,11.79
fold2_room1_mix0602,60,3,0,113,-4,12.05
fold2_room1_mix0602,61,3,0,114,-3,12.96
fold2_room1_mix0602,62,3,0,114,-3,12.00
fold2_room1_mix0602,63,3,0,116,-3,11.47
fold2_room1_mix0602,64,3,0,131,-3,10.31
fold2_room1_mix0602,65,3,0,126,-3,8.41
fold2_room1_mix0602,66,3,0,122,-2,7.90
fold2_room1_mix0602,69,4,0,-110,-1,4.50
fold2_room1_mix0602,70,4,0,-110,-1,7.40
fold2_room1_mix0602,71,4,0,-111,-1,5.71
fold2_room1_mix0602,72,3,0,65,-4,8.19
fold2_room1_mix0602,72,4,0,-114,-2,9.73
fold2_room1_mix0602,73,3,0,104,-5,9.92
fold2_room1_mix0602,73,4,0,-115,-2,15.91
fold2_room1_mix0602,74,3,0,130,-5,14.87
fold2_room1_mix0602,74,4,0,-110,-3,12.47
fold2_room1_mix0602,75,4,0,-110,-3,13.71
fold2_room1_mix0602,76,4,0,-105,-2,17.16
fold2_room1_mix0602,77,3,0,150,-4,19.18
fold2_room1_mix0602,77,3,0,147,-4,19.20
fold2_room1_mix0602,77,4,0,-106,-3,14.12
fold2_room1_mix0602,78,3,0,168,-5,16.72
fold2_room1_mix0602,78,3,0,164,-5,16.74
fold2_room1_mix0602,78,4,0,-105,-3,13.69
fold2_room1_mix0602,79,3,0,175,-4,15.06
fold2_room1_mix0602,79,3,0,172,-4,15.10
fold2_room1_mix0602,79,4,0,-101,-3,14.86
fold2_room1_mix0602,80,4,0,-96,-3,15.60
fold2_room1_mix0602,81,3,0,161,-6,7.54
fold2_room1_mix0602,81,4,0,-93,-3,16.58
fold2_room1_mix0602,82,3,0,173,-6,8.38
fold2_room1_mix0602,82,4,0,-93,-3,16.07
fold2_room1_mix0602,83,4,0,-88,-3,15.98
fold2_room1_mix0602,84,4,0,-86,-2,15.33
fold2_room1_mix0602,85,4,0,-82,-2,14.77
fold2_room1_mix0602,86,4,0,-83,-2,14.35
fold2_room1_mix0602,87,4,0,-79,-2,14.41
fold2_room1_mix0602,88,4,0,-81,-2,13.56
fold2_room1_mix0602,89,4,0,-76,-2,13.59
fold2_room1_mix0602,90,4,0,-77,-2,13.91
fold2_room1_mix0602,91,4,0,-74,-2,14.19
fold2_room1_mix0602,92,4,0,-75,-2,13.92
fold2_room1_mix0602,93,4,0,-74,-2,13.54
fold2_room1_mix0602,94,4,0,-73,-2,14.03
fold2_room1_mix0602,95,4,0,-72,-1,13.38
fold2_room1_mix0602,96,4,0,-72,-1,12.14
fold2_room1_mix0602,97,4,0,-69,-2,13.11
fold2_room1_mix0602,98,4,0,-77,-1,5.69
fold2_room1_mix0602,99,4,0,-78,-1,3.60
fold2_room1_mix0603,3,4,0,39,0,8.36
fold2_room1_mix0603,3,4,0,18,0,9.17
fold2_room1_mix0603,4,4,0,32,-1,12.50
fold2_room1_mix0603,5,4,0,36,-1,13.98
fold2_room1_mix0603,6,4,0,32,0,15.98
fold2_room1_mix0603,7,4,0,33,-1,22.03
fold2_room1_mix0603,8,4,0,33,-1,22.13
fold2_room1_mix0603,9,4,0,45,-2,19.88
fold2_room1_mix0603,9,4,0,22,0,23.61
fold2_room1_mix0603,10,4,0,36,-1,21.67
fold2_room1_mix0603,11,4,0,45,-2,20.26
fold2_room1_mix0603,11,4,0,27,-1,22.85
fold2_room1_mix0603,12,4,0,46,-2,20.17
fold2_room1_mix0603,12,4,0,23,-1,23.67
fold2_room1_mix0603,13,4,0,46,-1,19.83
fold2_room1_mix0603,13,4,0,26,0,23.32
fold2_room1_mix0603,14,4,0,48,-2,19.28
fold2_room1_mix0603,14,4,0,21,0,23.90
fold2_room1_mix0603,15,4,0,50,-2,19.14
fold2_room1_mix0603,15,4,0,17,0,24.08
fold2_room1_mix0603,16,4,0,49,-2,18.04
fold2_room1_mix0603,16,4,0,19,0,22.59
fold2_room1_mix0603,17,4,0,51,-2,18.20
fold2_room1_mix0603,17,4,0,22,0,22.51
fold2_room1_mix0603,18,4,0,51,-2,17.78
fold2_room1_mix0603,18,4,0,29,-1,20.57
fold2_room1_mix0603,18,4,0,13,0,23.83
fold2_room1_mix0603,19,4,0,53,-2,16.93
fold2_room1_mix0603,19,4,0,28,-1,20.14
fold2_room1_mix0603,19,4,0,11,0,22.83
fold2_room1_mix0603,20,4,0,53,-2,17.26
fold2_room1_mix0603,20,4,0,33,-1,19.69
fold2_room1_mix0603,20,4,0,14,0,23.64
fold2_room1_mix0603,21,4,0,57,-2,16.16
fold2_room1_mix0603,21,4,0,40,-1,18.23
fold2_room1_mix0603,21,4,0,15,0,24.61
fold2_room1_mix0603,22,4,0,58,-2,15.17
fold2_room1_mix0603,22,4,0,41,-1,17.06
fold2_room1_mix0603,22,4,0,14,0,24.10
fold2_room1_mix0603,23,4,0,58,-2,15.26
fold2_room1_mix0603,23,4,0,37,-1,18.22
fold2_room1_mix0603,23,4,0,15,0,23.98
fold2_room1_mix0603,24,4,0,52,-2,15.13
fold2_room1_mix0603,24,4,0,25,0,20.76
fold2_room1_mix0603,25,4,0,53,-2,15.75
fold2_room1_mix0603,25,4,0,20,0,24.10
fold2_room1_mix0603,26,4,0,57,-2,14.99
fold2_room1_mix0603,26,4,0,29,0,23.39
fold2_room1_mix0603,27,4,0,56,-3,15.24
fold2_room1_mix0603,27,4,0,28,0,21.94
fold2_room1_mix0603,28,4,0,60,-2,14.79
fold2_room1_mix0603,28,4,0,35,0,22.63
fold2_room1_mix0603,29,4,0,61,-2,14.78
fold2_room1_mix0603,29,4,0,35,0,22.06
fold2_room1_mix0603,30,4,0,64,-2,14.07
fold2_room1_mix0603,30,4,0,48,-1,18.83
fold2_room1_mix0603,31,4,0,66,-3,14.06
fold2_room1_mix0603,31,4,0,44,0,21.62
fold2_room1_mix0603,32,4,0,68,-3,13.70
fold2_room1_mix0603,32,4,0,48,0,20.19
fold2_room1_mix0603,33,4,0,68,-3,14.05
fold2_room1_mix0603,33,4,0,38,0,22.96
fold2_room1_mix0603,34,4,0,66,-2,15.48
fold2_room1_mix0603,35,4,0,73,-3,13.86
fold2_room1_mix0603,35,4,0,50,0,20.95
fold2_room1_mix0603,36,4,0,75,-3,13.66
fold2_room1_mix0603,36,4,0,54,0,20.71
fold2_room1_mix0603,37,4,0,77,-3,13.32
fold2_room1_mix0603,37,4,0,50,0,20.97
fold2_room1_mix0603,38,4,0,80,-3,13.18
fold2_room1_mix0603,38,4,0,33,0,25.79
fold2_room1_mix0603,39,4,0,81,-3,12.92
fold2_room1_mix0603,39,4,0,43,0,25.10
fold2_room1_mix0603,40,4,0,83,-3,12.93
fold2_room1_mix0603,40,4,0,33,0,25.60
fold2_room1_mix0603,41,4,0,85,-3,12.66
fold2_room1_mix0603,41,4,0,44,0,25.81
fold2_room1_mix0603,42,4,0,87,-3,12.89
fold2_room1_mix0603,42,4,0,32,1,29.25
fold2_room1_mix0603,43,4,0,86,-3,12.40
fold2_room1_mix0603,43,4,0,59,0,22.28
fold2_room1_mix0603,44,4,0,90,-3,12.57
fold2_room1_mix0603,44,4,0,34,1,29.91
fold2_room1_mix0603,45,4,0,91,-3,12.53
fold2_room1_mix0603,45,4,0,34,1,30.58
fold2_room1_mix0603,46,4,0,94,-3,12.41
fold2_room1_mix0603,46,4,0,26,1,31.26
fold2_room1_mix0603,47,4,0,97,-3,12.83
fold2_room1_mix0603,47,4,0,25,1,32.40
fold2_room1_mix0603,48,4,0,97,-3,12.60
fold2_room1_mix0603,48,4,0,21,0,29.00
fold2_room1_mix0603,49,4,0,101,-3,12.61
fold2_room1_mix0603,49,4,0,18,0,28.85
fold2_room1_mix0603,50,4,0,104,-3,12.77
fold2_room1_mix0603,50,4,0,43,0,26.07
fold2_room1_mix0603,51,4,0,105,-3,12.95
fold2_room1_mix0603,51,4,0,28,0,27.19
fold2_room1_mix0603,52,4,0,107,-3,13.14
fold2_room1_mix0603,52,4,0,54,-1,24.22
fold2_room1_mix0603,53,4,0,108,-3,13.36
fold2_room1_mix0603,53,4,0,34,0,26.38
fold2_room1_mix0603,54,4,0,109,-3,13.81
fold2_room1_mix0603,54,4,0,21,-1,26.88
fold2_room1_mix0603,55,4,0,111,-3,13.94
fold2_room1_mix0603,55,4,0,23,0,27.40
fold2_room1_mix0603,56,4,0,113,-3,13.82
fold2_room1_mix0603,56,4,0,32,-2,24.07
fold2_room1_mix0603,57,4,0,113,-3,14.01
fold2_room1_mix0603,57,4,0,11,-1,25.64
fold2_room1_mix0603,58,4,0,115,-3,14.33
fold2_room1_mix0603,58,4,0,4,-1,26.16
fold2_room1_mix0603,59,4,0,116,-3,14.03
fold2_room1_mix0603,59,4,0,3,-1,25.52
fold2_room1_mix0603,60,4,0,120,-3,14.19
fold2_room1_mix0603,60,4,0,-3,0,27.67
fold2_room1_mix0603,61,4,0,117,-3,14.42
fold2_room1_mix0603,61,4,0,-5,-1,23.21
fold2_room1_mix0603,62,4,0,120,-3,14.98
fold2_room1_mix0603,62,4,0,-7,-1,23.37
fold2_room1_mix0603,63,4,0,125,-3,15.41
fold2_room1_mix0603,63,4,0,-9,-1,26.19
fold2_room1_mix0603,64,4,0,127,-2,19.07
fold2_room1_mix0603,64,4,0,69,-5,16.68
fold2_room1_mix0603,64,4,0,-11,-1,23.95
fold2_room1_mix0603,65,4,0,127,-2,19.63
fold2_room1_mix0603,65,4,0,22,-4,18.74
fold2_room1_mix0603,65,4,0,-12,-1,23.20
fold2_room1_mix0603,66,4,0,131,-2,18.91
fold2_room1_mix0603,66,4,0,15,-3,20.15
fold2_room1_mix0603,66,4,0,-13,-1,23.99
fold2_room1_mix0603,67,4,0,131,-2,19.03
fold2_room1_mix0603,67,4,0,11,-3,18.75
fold2_room1_mix0603,67,4,0,-17,-1,23.05
fold2_room1_mix0603,68,4,0,132,-2,19.24
fold2_room1_mix0603,68,4,0,23,-4,19.38
fold2_room1_mix0603,68,4,0,-16,-1,24.13
fold2_room1_mix0603,69,4,0,134,-2,18.94
fold2_room1_mix0603,69,4,0,-23,-1,22.59
fold2_room1_mix0603,70,4,0,137,-2,18.87
fold2_room1_mix0603,70,4,0,-3,-3,20.34
fold2_room1_mix0603,70,4,0,-27,-1,22.44
fold2_room1_mix0603,71,4,0,138,-1,20.42
fold2_room1_mix0603,71,4,0,-27,0,23.91
fold2_room1_mix0603,72,4,0,140,-1,21.14
fold2_room1_mix0603,72,4,0,-31,0,24.69
fold2_room1_mix0603,73,4,0,142,-2,20.54
fold2_room1_mix0603,73,4,0,-13,-2,22.13
fold2_room1_mix0603,73,4,0,-32,0,23.84
fold2_room1_mix0603,74,4,0,139,-2,20.13
fold2_room1_mix0603,74,4,0,-41,-1,23.32
fold2_room1_mix0603,75,4,0,143,-1,18.97
fold2_room1_mix0603,75,4,0,-47,-1,21.09
fold2_room1_mix0603,76,4,0,146,-1,21.01
fold2_room1_mix0603,76,4,0,-61,-2,21.04
fold2_room1_mix0603,77,4,0,144,-1,20.33
fold2_room1_mix0603,77,4,0,-66,-1,20.72
fold2_room1_mix0603,78,4,0,143,-1,20.33
fold2_room1_mix0603,78,4,0,-72,-2,19.25
fold2_room1_mix0603,79,4,0,146,-1,20.35
fold2_room1_mix0603,79,4,0,-75,-2,18.33
fold2_room1_mix0603,80,4,0,145,-1,20.22
fold2_room1_mix0603,80,4,0,-86,-2,18.36
fold2_room1_mix0603,81,4,0,148,-1,20.59
fold2_room1_mix0603,81,4,0,-93,-2,18.77
fold2_room1_mix0603,82,4,0,151,-1,20.54
fold2_room1_mix0603,82,4,0,-85,-2,18.59
fold2_room1_mix0603,83,4,0,150,-1,21.12
fold2_room1_mix0603,83,4,0,-94,-2,18.20
fold2_room1_mix0603,84,4,0,150,-1,21.55
fold2_room1_mix0603,84,4,0,-97,-2,17.11
fold2_room1_mix0603,85,4,0,149,-1,21.53
fold2_room1_mix0603,85,4,0,-94,-2,16.30
fold2_room1_mix0603,86,4,0,147,-1,21.74
fold2_room1_mix0603,86,4,0,-98,-2,16.93
fold2_room1_mix0603,87,4,0,147,-1,21.73
fold2_room1_mix0603,87,4,0,-99,-2,16.73
fold2_room1_mix0603,88,4,0,145,-1,21.77
fold2_room1_mix0603,88,4,0,-109,-3,15.49
fold2_room1_mix0603,89,4,0,146,-1,21.79
fold2_room1_mix0603,89,4,0,-110,-3,15.62
fold2_room1_mix0603,90,4,0,146,-1,21.64
fold2_room1_mix0603,90,4,0,-113,-2,16.88
fold2_room1_mix0603,91,4,0,146,-1,22.45
fold2_room1_mix0603,91,4,0,-114,-3,16.14
fold2_room1_mix0603,92,4,0,147,-1,23.15
fold2_room1_mix0603,92,4,0,-115,-3,16.21
fold2_room1_mix0603,93,4,0,144,-1,23.39
fold2_room1_mix0603,93,4,0,-119,-2,17.09
fold2_room1_mix0603,94,4,0,142,-1,22.52
fold2_room1_mix0603,94,4,0,-120,-2,16.82
fold2_room1_mix0603,95,4,0,145,0,24.34
fold2_room1_mix0603,95,4,0,-121,-3,15.68
fold2_room1_mix0603,96,4,0,142,0,23.37
fold2_room1_mix0603,96,4,0,-119,-2,16.75
fold2_room1_mix0603,97,4,0,142,0,24.70
fold2_room1_mix0603,97,4,0,-124,-1,16.96
fold2_room1_mix0603,98,4,0,145,0,25.64
fold2_room1_mix0603,98,4,0,-122,-2,17.40
fold2_room1_mix0603,99,4,0,145,0,25.43
fold2_room1_mix0603,99,4,0,-125,-1,17.39
fold2_room1_mix0603,2,4,0,14,1,3.55
fold2_room1_mix0603,1,4,0,8,0,1.01
fold2_room1_mix0604,4,4,0,-19,0,14.13
fold2_room1_mix0604,5,4,0,-16,0,16.54
fold2_room1_mix0604,6,4,0,-19,0,20.85
fold2_room1_mix0604,7,4,0,-22,0,22.36
fold2_room1_mix0604,8,4,0,-24,0,30.15
fold2_room1_mix0604,9,4,0,-24,-1,30.45
fold2_room1_mix0604,10,4,0,-24,-1,29.17
fold2_room1_mix0604,11,4,0,-27,0,30.50
fold2_room1_mix0604,12,4,0,-24,-1,30.99
fold2_room1_mix0604,13,4,0,-23,-1,28.12
fold2_room1_mix0604,14,4,0,-24,0,30.46
fold2_room1_mix0604,15,4,0,-28,-1,28.08
fold2_room1_mix0604,16,4,0,-28,-1,26.71
fold2_room1_mix0604,17,4,0,-31,-1,27.41
fold2_room1_mix0604,18,4,0,-31,-1,28.61
fold2_room1_mix0604,19,4,0,-30,-1,27.39
fold2_room1_mix0604,20,4,0,-32,-1,27.18
fold2_room1_mix0604,21,4,0,-32,-1,26.62
fold2_room1_mix0604,22,4,0,-30,-1,27.31
fold2_room1_mix0604,23,4,0,-31,-1,25.03
fold2_room1_mix0604,24,4,0,-32,-1,25.81
fold2_room1_mix0604,25,4,0,-34,-1,25.12
fold2_room1_mix0604,26,4,0,-32,-1,25.20
fold2_room1_mix0604,27,4,0,-35,0,25.34
fold2_room1_mix0604,28,4,0,-35,-1,24.32
fold2_room1_mix0604,29,4,0,-36,0,23.93
fold2_room1_mix0604,30,1,0,-37,-3,13.87
fold2_room1_mix0604,30,4,0,-36,-1,23.76
fold2_room1_mix0604,31,1,0,-47,-3,15.75
fold2_room1_mix0604,31,4,0,-32,-2,25.16
fold2_room1_mix0604,32,1,0,-53,-3,15.56
fold2_room1_mix0604,32,4,0,-32,-1,25.72
fold2_room1_mix0604,33,1,0,-57,-3,16.03
fold2_room1_mix0604,33,4,0,-30,-1,27.64
fold2_room1_mix0604,34,1,0,-64,-3,4.43
fold2_room1_mix0604,34,4,0,-37,-1,28.47
fold2_room1_mix0604,35,1,0,-64,-3,14.46
fold2_room1_mix0604,35,4,0,-36,-1,28.31
fold2_room1_mix0604,36,1,0,-71,-4,10.03
fold2_room1_mix0604,36,4,0,-30,-1,28.52
fold2_room1_mix0604,37,1,0,-77,-4,10.61
fold2_room1_mix0604,37,4,0,-35,-1,28.73
fold2_room1_mix0604,38,1,0,-75,-3,9.37
fold2_room1_mix0604,38,4,0,-38,-1,26.48
fold2_room1_mix0604,39,4,0,-43,-1,21.67
fold2_room1_mix0604,40,1,0,-93,-4,8.02
fold2_room1_mix0604,40,4,0,-44,-2,27.76
fold2_room1_mix0604,41,1,0,-98,-4,7.47
fold2_room1_mix0604,41,4,0,-37,-1,26.75
fold2_room1_mix0604,42,1,0,-104,-4,10.20
fold2_room1_mix0604,42,4,0,-43,-2,25.94
fold2_room1_mix0604,43,1,0,-100,-4,8.62
fold2_room1_mix0604,43,4,0,-43,-2,24.20
fold2_room1_mix0604,44,4,0,-46,-1,20.14
fold2_room1_mix0604,45,1,0,-127,-3,11.25
fold2_room1_mix0604,45,4,0,-47,-1,22.37
fold2_room1_mix0604,46,1,0,-130,-3,12.10
fold2_room1_mix0604,46,4,0,-40,-1,25.23
fold2_room1_mix0604,47,1,0,-128,-3,13.52
fold2_room1_mix0604,47,4,0,-46,-2,20.29
fold2_room1_mix0604,48,1,0,-122,-3,10.60
fold2_room1_mix0604,48,4,0,-47,-2,18.33
fold2_room1_mix0604,49,4,0,-59,-2,17.54
fold2_room1_mix0604,50,1,0,-137,-2,14.70
fold2_room1_mix0604,50,4,0,-57,-2,20.19
fold2_room1_mix0604,51,1,0,-139,-2,15.77
fold2_room1_mix0604,51,4,0,-49,-2,19.47
fold2_room1_mix0604,52,1,0,-138,-2,17.43
fold2_room1_mix0604,52,4,0,-55,-2,17.29
fold2_room1_mix0604,53,1,0,-138,-2,7.36
fold2_room1_mix0604,53,4,0,-62,-2,18.23
fold2_room1_mix0604,54,4,0,-71,-2,15.55
fold2_room1_mix0604,55,1,0,-146,-2,15.88
fold2_room1_mix0604,55,4,0,-73,-3,17.30
fold2_room1_mix0604,56,1,0,-147,-2,18.73
fold2_room1_mix0604,56,4,0,-66,-2,18.99
fold2_room1_mix0604,57,1,0,-145,-2,17.47
fold2_room1_mix0604,57,4,0,-78,-3,15.33
fold2_room1_mix0604,58,1,0,-148,-2,13.83
fold2_room1_mix0604,58,4,0,-81,-3,15.75
fold2_room1_mix0604,59,4,0,-82,-3,14.64
fold2_room1_mix0604,60,1,0,-150,-2,16.42
fold2_room1_mix0604,60,4,0,-87,-5,14.12
fold2_room1_mix0604,61,1,0,-149,-2,22.18
fold2_room1_mix0604,61,4,0,-91,-3,17.10
fold2_room1_mix0604,62,1,0,-147,-2,12.50
fold2_room1_mix0604,62,4,0,-89,-4,14.83
fold2_room1_mix0604,62,4,0,-88,-4,15.32
fold2_room1_mix0604,63,1,0,-151,-2,11.26
fold2_room1_mix0604,63,4,0,-98,-4,16.13
fold2_room1_mix0604,64,4,0,-90,-4,13.32
fold2_room1_mix0604,65,1,0,-153,-2,14.02
fold2_room1_mix0604,65,4,0,-95,-4,15.75
fold2_room1_mix0604,66,1,0,-154,-2,23.32
fold2_room1_mix0604,66,4,0,-106,-3,17.99
fold2_room1_mix0604,67,1,0,-151,-2,16.52
fold2_room1_mix0604,67,4,0,-103,-4,15.58
fold2_room1_mix0604,68,1,0,-153,-2,13.57
fold2_room1_mix0604,68,4,0,-108,-3,15.55
fold2_room1_mix0604,69,4,0,-105,-3,15.57
fold2_room1_mix0604,70,1,0,-155,-2,14.56
fold2_room1_mix0604,70,4,0,-101,-4,16.73
fold2_room1_mix0604,71,1,0,-151,-2,24.25
fold2_room1_mix0604,71,4,0,-114,-3,18.05
fold2_room1_mix0604,72,1,0,-153,-2,17.82
fold2_room1_mix0604,72,4,0,-106,-3,18.36
fold2_room1_mix0604,73,1,0,-150,-2,18.76
fold2_room1_mix0604,73,4,0,-114,-3,17.74
fold2_room1_mix0604,74,4,0,-131,-3,17.52
fold2_room1_mix0604,74,4,0,-111,-3,17.30
fold2_room1_mix0604,75,1,0,-153,-1,10.91
fold2_room1_mix0604,75,4,0,-109,-2,20.13
fold2_room1_mix0604,76,1,0,-154,-2,16.19
fold2_room1_mix0604,76,4,0,-118,-2,20.04
fold2_room1_mix0604,77,1,0,-154,-2,22.21
fold2_room1_mix0604,77,4,0,-112,-3,18.40
fold2_room1_mix0604,78,1,0,-153,-1,12.41
fold2_room1_mix0604,78,4,0,-121,-1,20.69
fold2_room1_mix0604,79,4,0,-119,-2,19.00
fold2_room1_mix0604,80,1,0,-153,-1,3.31
fold2_room1_mix0604,80,4,0,-119,-1,19.95
fold2_room1_mix0604,81,1,0,-155,-1,4.39
fold2_room1_mix0604,81,4,0,-126,-1,20.25
fold2_room1_mix0604,82,1,0,-158,-1,16.21
fold2_room1_mix0604,82,4,0,-118,-1,19.49
fold2_room1_mix0604,83,1,0,-154,-1,6.10
fold2_room1_mix0604,83,4,0,-128,0,23.62
fold2_room1_mix0604,84,4,0,-129,-1,22.40
fold2_room1_mix0604,85,4,0,-128,0,23.80
fold2_room1_mix0604,86,1,0,-157,0,4.19
fold2_room1_mix0604,86,4,0,-134,0,25.10
fold2_room1_mix0604,87,1,0,-157,-1,9.16
fold2_room1_mix0604,87,4,0,-127,0,24.77
fold2_room1_mix0604,88,4,0,-135,0,25.94
fold2_room1_mix0604,89,4,0,-134,-1,24.05
fold2_room1_mix0604,90,4,0,-133,0,21.31
fold2_room1_mix0604,91,4,0,-135,-1,22.35
fold2_room1_mix0604,92,4,0,-134,0,22.67
fold2_room1_mix0604,93,4,0,-135,0,21.67
fold2_room1_mix0604,94,4,0,-137,0,22.23
fold2_room1_mix0604,95,4,0,-138,0,22.17
fold2_room1_mix0604,96,4,0,-140,0,22.70
fold2_room1_mix0604,97,4,0,-139,0,23.22
fold2_room1_mix0604,98,4,0,-141,0,24.58
fold2_room1_mix0604,99,4,0,-142,0,25.04
fold2_room1_mix0605,0,5,0,60,5,3.95
fold2_room1_mix0605,1,5,0,69,6,5.19
fold2_room1_mix0605,2,5,0,61,7,3.38
fold2_room1_mix0605,3,5,0,73,13,2.63
fold2_room1_mix0605,4,5,0,69,10,4.21
fold2_room1_mix0605,5,5,0,65,8,5.00
fold2_room1_mix0605,6,5,0,72,14,3.61
fold2_room1_mix0605,7,5,0,72,14,3.44
fold2_room1_mix0605,8,5,0,72,13,3.52
fold2_room1_mix0605,9,5,0,78,14,3.57
fold2_room1_mix0605,10,5,0,68,17,3.00
fold2_room1_mix0605,11,5,0,68,15,3.31
fold2_room1_mix0605,12,5,0,73,15,3.34
fold2_room1_mix0605,13,5,0,72,14,3.31
fold2_room1_mix0605,14,5,0,67,17,2.88
fold2_room1_mix0605,15,5,0,71,15,3.22
fold2_room1_mix0605,16,5,0,71,15,3.10
fold2_room1_mix0605,17,5,0,70,14,3.34
fold2_room1_mix0605,18,4,0,60,5,2.37
fold2_room1_mix0605,18,5,0,70,16,2.98
fold2_room1_mix0605,19,4,0,64,3,4.15
fold2_room1_mix0605,19,5,0,71,15,3.12
fold2_room1_mix0605,20,5,0,72,15,3.24
fold2_room1_mix0605,21,4,0,56,1,8.55
fold2_room1_mix0605,21,5,0,73,14,3.19
fold2_room1_mix0605,22,4,0,61,1,9.33
fold2_room1_mix0605,22,5,0,68,13,3.23
fold2_room1_mix0605,23,4,0,57,0,11.19
fold2_room1_mix0605,23,5,0,69,14,3.15
fold2_room1_mix0605,24,4,0,62,2,7.10
fold2_room1_mix0605,24,5,0,73,12,3.67
fold2_room1_mix0605,25,4,0,53,-1,13.04
fold2_room1_mix0605,25,5,0,75,11,3.71
fold2_room1_mix0605,26,4,0,64,2,5.21
fold2_room1_mix0605,26,5,0,76,10,4.28
fold2_room1_mix0605,27,4,0,61,0,8.40
fold2_room1_mix0605,27,5,0,74,11,3.78
fold2_room1_mix0605,28,4,0,57,0,7.36
fold2_room1_mix0605,28,5,0,74,13,3.32
fold2_room1_mix0605,29,4,0,53,0,11.93
fold2_room1_mix0605,29,5,0,72,11,3.85
fold2_room1_mix0605,30,4,0,56,0,11.56
fold2_room1_mix0605,30,5,0,73,9,4.25
fold2_room1_mix0605,31,4,0,57,0,12.52
fold2_room1_mix0605,31,5,0,71,12,3.46
fold2_room1_mix0605,32,4,0,55,0,13.77
fold2_room1_mix0605,32,5,0,74,11,3.95
fold2_room1_mix0605,33,4,0,55,0,14.83
fold2_room1_mix0605,33,5,0,72,9,4.50
fold2_room1_mix0605,34,4,0,56,-1,14.23
fold2_room1_mix0605,34,5,0,74,10,4.19
fold2_room1_mix0605,35,4,0,54,-1,14.89
fold2_room1_mix0605,35,5,0,71,10,4.33
fold2_room1_mix0605,36,4,0,57,-2,14.34
fold2_room1_mix0605,36,5,0,72,11,3.90
fold2_room1_mix0605,37,4,0,65,-1,14.36
fold2_room1_mix0605,37,5,0,79,11,4.00
fold2_room1_mix0605,38,4,0,63,-1,14.96
fold2_room1_mix0605,38,5,0,77,10,4.29
fold2_room1_mix0605,39,4,0,62,-1,15.28
fold2_room1_mix0605,39,5,0,75,9,4.67
fold2_room1_mix0605,40,4,0,62,-1,14.47
fold2_room1_mix0605,40,5,0,70,10,4.38
fold2_room1_mix0605,41,4,0,62,-1,14.59
fold2_room1_mix0605,41,5,0,69,10,4.13
fold2_room1_mix0605,42,4,0,61,-1,14.68
fold2_room1_mix0605,42,5,0,73,10,4.35
fold2_room1_mix0605,43,4,0,62,-1,15.34
fold2_room1_mix0605,43,5,0,72,9,4.75
fold2_room1_mix0605,44,4,0,67,-1,14.81
fold2_room1_mix0605,44,4,0,48,-1,15.96
fold2_room1_mix0605,44,5,0,68,9,4.35
fold2_room1_mix0605,45,4,0,65,-1,14.51
fold2_room1_mix0605,45,5,0,70,9,4.86
fold2_room1_mix0605,46,4,0,70,-1,15.31
fold2_room1_mix0605,46,4,0,42,-1,15.79
fold2_room1_mix0605,46,5,0,72,9,4.56
fold2_room1_mix0605,47,4,0,61,-1,14.56
fold2_room1_mix0605,47,5,0,68,10,4.23
fold2_room1_mix0605,48,4,0,69,-1,14.91
fold2_room1_mix0605,48,4,0,36,-1,15.14
fold2_room1_mix0605,48,5,0,70,9,4.33
fold2_room1_mix0605,49,4,0,60,-1,14.86
fold2_room1_mix0605,49,5,0,68,9,5.03
fold2_room1_mix0605,50,4,0,63,-1,14.63
fold2_room1_mix0605,50,4,0,42,-1,15.21
fold2_room1_mix0605,50,5,0,71,10,4.22
fold2_room1_mix0605,51,4,0,54,-1,14.25
fold2_room1_mix0605,51,5,0,68,9,4.28
fold2_room1_mix0605,52,4,0,69,-1,14.82
fold2_room1_mix0605,52,4,0,38,-2,14.21
fold2_room1_mix0605,52,5,0,68,10,3.80
fold2_room1_mix0605,53,4,0,68,-1,14.99
fold2_room1_mix0605,53,4,0,37,-2,14.14
fold2_room1_mix0605,53,5,0,70,10,4.16
fold2_room1_mix0605,54,4,0,75,-1,14.58
fold2_room1_mix0605,54,4,0,38,-1,14.66
fold2_room1_mix0605,54,5,0,70,11,3.61
fold2_room1_mix0605,55,4,0,71,-1,15.05
fold2_room1_mix0605,55,4,0,28,-2,14.32
fold2_room1_mix0605,55,5,0,72,10,3.95
fold2_room1_mix0605,56,4,0,81,-1,15.27
fold2_room1_mix0605,56,4,0,18,-2,13.05
fold2_room1_mix0605,56,5,0,70,10,4.04
fold2_room1_mix0605,57,4,0,74,-1,15.90
fold2_room1_mix0605,57,4,0,25,-2,12.96
fold2_room1_mix0605,57,5,0,73,9,4.21
fold2_room1_mix0605,58,4,0,81,-1,16.07
fold2_room1_mix0605,58,4,0,64,-2,13.24
fold2_room1_mix0605,58,4,0,21,-3,12.84
fold2_room1_mix0605,58,5,0,74,10,3.78
fold2_room1_mix0605,59,4,0,83,0,16.77
fold2_room1_mix0605,59,4,0,62,-2,13.36
fold2_room1_mix0605,59,4,0,21,-3,12.16
fold2_room1_mix0605,59,5,0,70,10,4.01
fold2_room1_mix0605,60,4,0,97,0,16.18
fold2_room1_mix0605,60,4,0,62,-2,13.02
fold2_room1_mix0605,60,4,0,10,-4,10.44
fold2_room1_mix0605,60,5,0,75,11,3.56
fold2_room1_mix0605,61,4,0,96,0,16.24
fold2_room1_mix0605,61,4,0,66,-2,12.77
fold2_room1_mix0605,61,4,0,16,-4,9.49
fold2_room1_mix0605,61,5,0,77,10,3.85
fold2_room1_mix0605,62,4,0,102,0,15.95
fold2_room1_mix0605,62,4,0,48,-3,11.48
fold2_room1_mix0605,62,4,0,14,-5,8.53
fold2_room1_mix0605,62,5,0,76,10,3.81
fold2_room1_mix0605,63,4,0,81,0,16.46
fold2_room1_mix0605,63,4,0,46,-3,10.75
fold2_room1_mix0605,63,4,0,19,-5,8.52
fold2_room1_mix0605,63,5,0,71,11,3.58
fold2_room1_mix0605,64,4,0,97,0,15.53
fold2_room1_mix0605,64,4,0,60,-2,12.14
fold2_room1_mix0605,64,4,0,9,-6,7.71
fold2_room1_mix0605,64,5,0,76,11,3.39
fold2_room1_mix0605,65,4,0,87,-1,15.39
fold2_room1_mix0605,65,4,0,60,-2,12.32
fold2_room1_mix0605,65,4,0,13,-5,8.17
fold2_room1_mix0605,65,5,0,73,10,3.88
fold2_room1_mix0605,66,4,0,81,-1,14.87
fold2_room1_mix0605,66,4,0,41,-4,9.65
fold2_room1_mix0605,66,4,0,19,-5,7.65
fold2_room1_mix0605,66,5,0,78,11,3.90
fold2_room1_mix0605,67,4,0,75,-1,14.54
fold2_room1_mix0605,67,4,0,45,-4,9.92
fold2_room1_mix0605,67,4,0,24,-4,8.55
fold2_room1_mix0605,67,5,0,65,10,3.85
fold2_room1_mix0605,68,4,0,96,0,15.00
fold2_room1_mix0605,68,4,0,48,-4,9.45
fold2_room1_mix0605,68,4,0,21,-6,6.54
fold2_room1_mix0605,68,5,0,73,11,3.39
fold2_room1_mix0605,69,4,0,69,0,14.29
fold2_room1_mix0605,69,4,0,42,-4,7.91
fold2_room1_mix0605,69,4,0,26,-6,6.50
fold2_room1_mix0605,69,5,0,72,10,4.01
fold2_room1_mix0605,70,4,0,86,0,13.83
fold2_room1_mix0605,70,4,0,48,-4,8.29
fold2_room1_mix0605,70,4,0,24,-6,5.73
fold2_room1_mix0605,70,5,0,69,11,3.57
fold2_room1_mix0605,71,4,0,65,-1,12.65
fold2_room1_mix0605,71,4,0,42,-5,6.70
fold2_room1_mix0605,71,5,0,65,11,3.82
fold2_room1_mix0605,72,4,0,75,0,12.45
fold2_room1_mix0605,72,4,0,53,-4,6.77
fold2_room1_mix0605,72,4,0,37,-5,5.86
fold2_room1_mix0605,72,5,0,72,12,3.47
fold2_room1_mix0605,73,4,0,54,-3,8.36
fold2_room1_mix0605,73,5,0,70,11,3.64
fold2_room1_mix0605,74,4,0,61,-5,7.31
fold2_room1_mix0605,74,5,0,71,11,3.67
fold2_room1_mix0605,75,4,0,70,-5,6.90
fold2_room1_mix0605,75,5,0,64,10,3.93
fold2_room1_mix0605,76,4,0,78,-5,6.58
fold2_room1_mix0605,76,5,0,70,13,3.37
fold2_room1_mix0605,77,4,0,87,-5,6.16
fold2_room1_mix0605,77,5,0,77,12,3.81
fold2_room1_mix0605,78,4,0,96,-5,6.20
fold2_room1_mix0605,78,5,0,69,11,3.96
fold2_room1_mix0605,79,4,0,107,-5,5.98
fold2_room1_mix0605,79,5,0,65,12,3.69
fold2_room1_mix0605,80,4,0,112,-4,5.64
fold2_room1_mix0605,80,5,0,72,12,4.09
fold2_room1_mix0605,81,4,0,117,-4,6.21
fold2_room1_mix0605,81,5,0,69,11,4.17
fold2_room1_mix0605,82,4,0,123,-3,6.55
fold2_room1_mix0605,82,5,0,71,11,4.17
fold2_room1_mix0605,83,4,0,129,-3,6.59
fold2_room1_mix0605,83,5,0,70,10,4.45
fold2_room1_mix0605,84,4,0,133,-3,6.83
fold2_room1_mix0605,84,5,0,69,11,4.37
fold2_room1_mix0605,85,4,0,135,-2,7.32
fold2_room1_mix0605,85,5,0,73,10,4.41
fold2_room1_mix0605,86,4,0,137,-3,7.99
fold2_room1_mix0605,86,5,0,73,11,4.03
fold2_room1_mix0605,87,4,0,141,-2,8.66
fold2_room1_mix0605,87,5,0,72,10,4.45
fold2_room1_mix0605,88,4,0,144,-2,8.77
fold2_room1_mix0605,88,5,0,73,10,4.59
fold2_room1_mix0605,89,4,0,146,-2,9.47
fold2_room1_mix0605,89,5,0,69,10,5.13
fold2_room1_mix0605,90,4,0,146,-2,9.57
fold2_room1_mix0605,90,5,0,71,10,4.79
fold2_room1_mix0605,91,4,0,148,-2,10.15
fold2_room1_mix0605,91,5,0,66,9,5.13
fold2_room1_mix0605,92,4,0,152,-2,10.97
fold2_room1_mix0605,92,5,0,75,11,4.08
fold2_room1_mix0605,93,4,0,153,-2,11.04
fold2_room1_mix0605,93,5,0,74,10,5.13
fold2_room1_mix0605,94,4,0,152,-1,11.93
fold2_room1_mix0605,94,5,0,73,11,4.24
fold2_room1_mix0605,95,4,0,154,-2,11.64
fold2_room1_mix0605,95,5,0,74,11,4.66
fold2_room1_mix0605,96,4,0,153,-1,11.86
fold2_room1_mix0605,96,5,0,77,10,5.01
fold2_room1_mix0605,97,4,0,156,-1,13.35
fold2_room1_mix0605,97,5,0,80,10,5.00
fold2_room1_mix0605,98,4,0,153,-1,12.32
fold2_room1_mix0605,98,5,0,76,11,4.50
fold2_room1_mix0605,99,4,0,154,-1,13.10
fold2_room1_mix0605,99,5,0,71,10,4.94
fold2_room1_mix0606,48,4,0,167,-1,12.77
fold2_room1_mix0606,49,4,0,169,0,19.59
fold2_room1_mix0606,50,4,0,166,0,20.56
fold2_room1_mix0606,51,4,0,168,0,21.62
fold2_room1_mix0606,52,4,0,169,-1,20.36
fold2_room1_mix0606,53,4,0,169,0,22.03
fold2_room1_mix0606,54,4,0,168,-1,20.29
fold2_room1_mix0606,55,4,0,168,-1,19.74
fold2_room1_mix0606,56,4,0,166,-1,19.04
fold2_room1_mix0606,57,4,0,167,-1,18.38
fold2_room1_mix0606,58,4,0,166,-1,17.52
fold2_room1_mix0606,59,4,0,169,-1,16.48
fold2_room1_mix0606,60,4,0,165,-1,15.68
fold2_room1_mix0606,61,4,0,166,-1,15.50
fold2_room1_mix0606,62,4,0,165,-2,14.06
fold2_room1_mix0606,63,4,0,165,-2,12.78
fold2_room1_mix0606,64,4,0,162,-2,12.69
fold2_room1_mix0606,65,4,0,162,-3,12.09
fold2_room1_mix0606,66,4,0,158,-3,10.24
fold2_room1_mix0606,67,4,0,158,-3,9.62
fold2_room1_mix0606,68,4,0,155,-3,9.12
fold2_room1_mix0606,69,4,0,153,-5,8.05
fold2_room1_mix0606,70,4,0,148,-5,7.03
fold2_room1_mix0606,71,4,0,143,-6,6.31
fold2_room1_mix0606,72,4,0,142,-6,5.46
fold2_room1_mix0606,73,4,0,133,-7,4.65
fold2_room1_mix0606,74,4,0,127,-8,4.16
fold2_room1_mix0606,75,4,0,114,-9,3.94
fold2_room1_mix0606,76,4,0,97,-10,3.82
fold2_room1_mix0606,77,4,0,83,-10,3.85
fold2_room1_mix0606,78,4,0,68,-10,3.95
fold2_room1_mix0606,79,4,0,58,-8,4.33
fold2_room1_mix0606,80,4,0,45,-6,5.06
fold2_room1_mix0606,81,4,0,37,-6,5.37
fold2_room1_mix0606,82,4,0,35,-6,6.08
fold2_room1_mix0606,83,4,0,30,-5,6.71
fold2_room1_mix0606,84,4,0,27,-5,7.13
fold2_room1_mix0606,85,4,0,25,-4,8.43
fold2_room1_mix0606,86,4,0,22,-4,9.08
fold2_room1_mix0606,87,4,0,21,-3,10.16
fold2_room1_mix0606,88,4,0,19,-3,10.90
fold2_room1_mix0606,89,4,0,18,-3,12.07
fold2_room1_mix0606,90,4,0,17,-3,12.29
fold2_room1_mix0606,91,4,0,17,-3,13.35
fold2_room1_mix0606,92,4,0,16,-2,14.97
fold2_room1_mix0606,93,4,0,15,-2,15.35
fold2_room1_mix0606,94,4,0,15,-2,16.19
fold2_room1_mix0606,95,4,0,14,-2,17.15
fold2_room1_mix0606,96,4,0,14,-2,18.30
fold2_room1_mix0606,97,4,0,14,-2,19.34
fold2_room1_mix0606,98,4,0,13,-1,19.99
fold2_room1_mix0606,99,4,0,12,-1,20.97
fold2_room1_mix0607,2,4,0,175,1,0.56
fold2_room1_mix0607,2,4,0,2,2,0.67
fold2_room1_mix0607,3,4,0,179,1,3.73
fold2_room1_mix0607,3,4,0,3,2,4.32
fold2_room1_mix0607,4,4,0,179,0,15.86
fold2_room1_mix0607,4,4,0,6,0,19.05
fold2_room1_mix0607,5,4,0,175,0,17.63
fold2_room1_mix0607,5,4,0,6,0,19.09
fold2_room1_mix0607,6,4,0,174,0,19.88
fold2_room1_mix0607,6,4,0,7,0,22.38
fold2_room1_mix0607,7,4,0,174,0,28.46
fold2_room1_mix0607,7,4,0,7,0,32.94
fold2_room1_mix0607,8,4,0,175,0,29.10
fold2_room1_mix0607,8,4,0,7,0,37.11
fold2_room1_mix0607,9,4,0,176,0,29.16
fold2_room1_mix0607,9,4,0,7,0,36.99
fold2_room1_mix0607,10,4,0,172,0,31.28
fold2_room1_mix0607,10,4,0,7,0,36.83
fold2_room1_mix0607,11,4,0,172,0,28.76
fold2_room1_mix0607,11,4,0,6,0,34.90
fold2_room1_mix0607,12,4,0,175,0,28.49
fold2_room1_mix0607,12,4,0,7,0,36.56
fold2_room1_mix0607,13,4,0,174,0,27.53
fold2_room1_mix0607,13,4,0,6,0,36.68
fold2_room1_mix0607,14,4,0,173,0,27.62
fold2_room1_mix0607,14,4,0,7,0,35.17
fold2_room1_mix0607,15,4,0,174,-1,25.38
fold2_room1_mix0607,15,4,0,5,0,34.95
fold2_room1_mix0607,16,4,0,176,0,24.00
fold2_room1_mix0607,16,4,0,7,0,36.65
fold2_room1_mix0607,17,4,0,174,-1,23.20
fold2_room1_mix0607,17,4,0,6,0,36.49
fold2_room1_mix0607,18,4,0,176,-1,24.87
fold2_room1_mix0607,18,4,0,6,0,33.82
fold2_room1_mix0607,19,4,0,175,-1,25.23
fold2_room1_mix0607,19,4,0,7,0,34.08
fold2_room1_mix0607,20,4,0,174,-1,23.17
fold2_room1_mix0607,20,4,0,8,0,36.46
fold2_room1_mix0607,21,4,0,176,-1,23.22
fold2_room1_mix0607,21,4,0,8,0,35.24
fold2_room1_mix0607,22,4,0,174,-1,23.87
fold2_room1_mix0607,22,4,0,10,0,38.37
fold2_room1_mix0607,23,4,0,174,-1,20.74
fold2_room1_mix0607,23,4,0,7,0,34.37
fold2_room1_mix0607,24,4,0,176,-2,19.62
fold2_room1_mix0607,24,4,0,6,0,33.07
fold2_room1_mix0607,25,4,0,175,-1,20.43
fold2_room1_mix0607,25,4,0,6,0,33.61
fold2_room1_mix0607,26,4,0,174,-1,18.15
fold2_room1_mix0607,26,4,0,6,0,35.81
fold2_room1_mix0607,27,4,0,172,-1,17.31
fold2_room1_mix0607,27,4,0,6,0,36.00
fold2_room1_mix0607,28,4,0,174,-1,17.80
fold2_room1_mix0607,28,4,0,5,0,37.18
fold2_room1_mix0607,29,4,0,172,-1,16.84
fold2_room1_mix0607,29,4,0,4,0,36.35
fold2_room1_mix0607,30,4,0,172,-1,15.86
fold2_room1_mix0607,30,4,0,5,0,36.31
fold2_room1_mix0607,31,4,0,171,-1,17.23
fold2_room1_mix0607,31,4,0,4,0,36.50
fold2_room1_mix0607,32,4,0,172,-1,16.34
fold2_room1_mix0607,32,4,0,5,0,35.44
fold2_room1_mix0607,33,4,0,170,-1,16.12
fold2_room1_mix0607,33,4,0,6,0,36.42
fold2_room1_mix0607,34,4,0,171,-1,16.28
fold2_room1_mix0607,34,4,0,6,0,35.09
fold2_room1_mix0607,35,4,0,169,-1,13.72
fold2_room1_mix0607,35,4,0,5,0,33.83
fold2_room1_mix0607,36,4,0,170,-1,13.03
fold2_room1_mix0607,36,4,0,4,0,33.39
fold2_room1_mix0607,37,4,0,168,-2,14.99
fold2_room1_mix0607,37,4,0,9,0,38.85
fold2_room1_mix0607,38,4,0,168,-1,15.47
fold2_room1_mix0607,38,4,0,10,0,37.90
fold2_room1_mix0607,39,4,0,167,-2,13.04
fold2_room1_mix0607,39,4,0,9,0,37.36
fold2_room1_mix0607,40,4,0,167,-2,14.35
fold2_room1_mix0607,40,4,0,8,0,36.06
fold2_room1_mix0607,41,4,0,165,-2,9.83
fold2_room1_mix0607,41,4,0,2,0,31.84
fold2_room1_mix0607,42,4,0,165,-3,9.86
fold2_room1_mix0607,42,4,0,7,0,28.72
fold2_room1_mix0607,43,4,0,164,-4,8.60
fold2_room1_mix0607,43,4,0,3,0,28.89
fold2_room1_mix0607,44,4,0,163,-4,8.07
fold2_room1_mix0607,44,4,0,1,0,29.93
fold2_room1_mix0607,45,4,0,162,-4,7.16
fold2_room1_mix0607,45,4,0,1,0,30.87
fold2_room1_mix0607,46,4,0,160,-4,6.69
fold2_room1_mix0607,46,4,0,2,0,29.67
fold2_room1_mix0607,47,4,0,157,-6,10.36
fold2_room1_mix0607,47,4,0,11,-1,30.21
fold2_room1_mix0607,48,4,0,154,-6,9.78
fold2_room1_mix0607,48,4,0,10,0,29.83
fold2_room1_mix0607,49,4,0,152,-6,6.12
fold2_room1_mix0607,49,4,0,6,0,29.43
fold2_room1_mix0607,50,4,0,150,-8,6.01
fold2_room1_mix0607,50,4,0,8,0,30.75
fold2_room1_mix0607,51,4,0,144,-8,6.07
fold2_room1_mix0607,51,4,0,10,0,29.18
fold2_room1_mix0607,52,4,0,137,-8,4.92
fold2_room1_mix0607,52,4,0,8,1,29.80
fold2_room1_mix0607,53,4,0,122,-10,4.40
fold2_room1_mix0607,53,4,0,6,1,28.16
fold2_room1_mix0607,54,4,0,111,-13,2.92
fold2_room1_mix0607,54,4,0,17,0,22.75
fold2_room1_mix0607,55,4,0,85,-10,4.05
fold2_room1_mix0607,55,4,0,9,2,24.77
fold2_room1_mix0607,56,4,0,71,-14,2.67
fold2_room1_mix0607,56,4,0,10,0,18.98
fold2_room1_mix0607,57,4,0,57,-11,2.89
fold2_room1_mix0607,57,4,0,13,-1,14.90
fold2_room1_mix0607,58,4,0,46,-10,3.35
fold2_room1_mix0607,58,4,0,11,-1,14.83
fold2_room1_mix0607,59,4,0,39,-8,3.74
fold2_room1_mix0607,59,4,0,10,-1,13.97
fold2_room1_mix0607,60,4,0,35,-7,4.04
fold2_room1_mix0607,60,4,0,12,-2,12.01
fold2_room1_mix0607,61,4,0,18,-4,9.79
fold2_room1_mix0607,62,4,0,19,-3,9.32
fold2_room1_mix0607,63,4,0,18,-3,8.87
fold2_room1_mix0607,64,4,0,17,-3,10.11
fold2_room1_mix0607,65,4,0,15,-3,10.28
fold2_room1_mix0607,66,4,0,15,-3,10.13
fold2_room1_mix0607,67,4,0,16,-3,10.35
fold2_room1_mix0607,68,4,0,15,-2,10.63
fold2_room1_mix0607,69,4,0,15,-2,10.89
fold2_room1_mix0607,70,4,0,15,-2,11.18
fold2_room1_mix0607,71,4,0,17,-2,11.65
fold2_room1_mix0607,72,4,0,17,-2,11.66
fold2_room1_mix0607,73,4,0,16,-2,11.64
fold2_room1_mix0607,74,4,0,31,-4,9.69
fold2_room1_mix0607,74,4,0,12,-1,12.11
fold2_room1_mix0607,75,4,0,32,-4,8.76
fold2_room1_mix0607,75,4,0,10,-1,12.45
fold2_room1_mix0607,76,4,0,35,-5,8.05
fold2_room1_mix0607,76,4,0,10,-1,12.10
fold2_room1_mix0607,77,4,0,39,-6,6.58
fold2_room1_mix0607,77,4,0,8,-1,12.49
fold2_room1_mix0607,78,4,0,42,-7,5.67
fold2_room1_mix0607,78,4,0,8,0,14.82
fold2_room1_mix0607,79,4,0,50,-8,5.03
fold2_room1_mix0607,79,4,0,7,0,14.16
fold2_room1_mix0607,80,4,0,57,-10,4.29
fold2_room1_mix0607,80,4,0,7,0,14.40
fold2_room1_mix0607,81,4,0,66,-11,3.61
fold2_room1_mix0607,81,4,0,7,0,15.15
fold2_room1_mix0607,82,4,0,78,-12,3.45
fold2_room1_mix0607,82,4,0,8,0,15.56
fold2_room1_mix0607,83,4,0,88,-13,3.25
fold2_room1_mix0607,83,4,0,7,0,16.35
fold2_room1_mix0607,84,4,0,102,-12,3.48
fold2_room1_mix0607,84,4,0,7,0,18.35
fold2_room1_mix0607,85,4,0,113,-11,3.22
fold2_room1_mix0607,85,4,0,7,0,17.36
fold2_room1_mix0607,86,4,0,121,-9,3.70
fold2_room1_mix0607,86,4,0,8,0,17.90
fold2_room1_mix0607,87,4,0,130,-8,4.17
fold2_room1_mix0607,87,4,0,6,0,19.47
fold2_room1_mix0607,88,4,0,136,-7,4.78
fold2_room1_mix0607,88,4,0,7,0,20.29
fold2_room1_mix0607,89,4,0,143,-6,5.51
fold2_room1_mix0607,89,4,0,6,0,20.41
fold2_room1_mix0607,90,4,0,146,-6,6.18
fold2_room1_mix0607,90,4,0,4,0,22.10
fold2_room1_mix0607,91,4,0,151,-4,7.74
fold2_room1_mix0607,91,4,0,6,0,22.41
fold2_room1_mix0607,92,4,0,152,-5,7.53
fold2_room1_mix0607,92,4,0,6,0,21.47
fold2_room1_mix0607,93,4,0,155,-4,8.66
fold2_room1_mix0607,93,4,0,6,0,21.52
fold2_room1_mix0607,94,4,0,155,-4,9.20
fold2_room1_mix0607,94,4,0,7,0,22.70
fold2_room1_mix0607,95,4,0,156,-3,9.59
fold2_room1_mix0607,95,4,0,6,0,22.61
fold2_room1_mix0607,96,4,0,158,-3,10.11
fold2_room1_mix0607,96,4,0,6,0,22.99
fold2_room1_mix0607,97,4,0,161,-3,11.29
fold2_room1_mix0607,97,4,0,8,0,26.20
fold2_room1_mix0607,98,4,0,163,-3,11.88
fold2_room1_mix0607,98,4,0,7,0,25.86
fold2_room1_mix0607,99,4,0,164,-3,12.29
fold2_room1_mix0607,99,4,0,8,0,25.02
fold2_room1_mix0608,21,1,0,-177,-2,16.77
fold2_room1_mix0608,22,1,0,-178,-2,39.71
fold2_room1_mix0608,23,1,0,-178,-2,26.08
fold2_room1_mix0608,24,1,0,179,-2,5.63
fold2_room1_mix0608,25,1,0,-176,-2,35.84
fold2_room1_mix0608,26,1,0,-171,-2,31.85
fold2_room1_mix0608,27,1,0,-174,-2,38.57
fold2_room1_mix0608,28,1,0,-173,-1,3.77
fold2_room1_mix0608,29,1,0,-169,-2,28.58
fold2_room1_mix0608,30,1,0,-174,-2,28.24
fold2_room1_mix0608,31,1,0,-170,-2,32.35
fold2_room1_mix0608,32,1,0,-171,-1,27.45
fold2_room1_mix0608,34,1,0,-172,-1,18.90
fold2_room1_mix0608,35,1,0,-171,-2,31.62
fold2_room1_mix0608,36,1,0,-171,-1,27.74
fold2_room1_mix0608,37,1,0,-170,-1,5.51
fold2_room1_mix0608,38,1,0,-171,-2,4.78
fold2_room1_mix0608,39,1,0,-171,-2,26.90
fold2_room1_mix0608,40,1,0,-170,-2,29.95
fold2_room1_mix0608,41,1,0,-170,-1,21.50
fold2_room1_mix0608,43,1,0,-168,-2,18.30
fold2_room1_mix0608,44,1,0,-169,-2,26.52
fold2_room1_mix0608,45,1,0,-167,-2,26.80
fold2_room1_mix0608,46,1,0,-166,-2,18.75
fold2_room1_mix0608,48,1,0,-162,-1,11.17
fold2_room1_mix0608,60,4,0,-174,-1,4.70
fold2_room1_mix0608,61,4,0,-166,-1,9.31
fold2_room1_mix0608,62,4,0,-167,-2,9.99
fold2_room1_mix0608,63,4,0,-168,-1,12.79
fold2_room1_mix0608,64,4,0,-166,-2,11.94
fold2_room1_mix0608,65,4,0,-165,-2,13.93
fold2_room1_mix0608,66,4,0,-163,-2,13.41
fold2_room1_mix0608,67,4,0,-163,-3,11.47
fold2_room1_mix0608,68,4,0,-162,-3,11.08
fold2_room1_mix0608,69,4,0,-159,-3,10.53
fold2_room1_mix0608,70,4,0,-155,-4,8.66
fold2_room1_mix0608,71,4,0,-152,-4,7.91
fold2_room1_mix0608,72,4,0,-148,-5,6.46
fold2_room1_mix0608,73,4,0,-142,-6,5.16
fold2_room1_mix0608,74,4,0,-136,-7,5.14
fold2_room1_mix0608,75,4,0,-130,-11,3.65
fold2_room1_mix0608,76,4,0,-115,-11,3.74
fold2_room1_mix0608,77,4,0,-95,-12,3.37
fold2_room1_mix0608,78,4,0,-84,-12,3.24
fold2_room1_mix0608,79,4,0,-68,-10,3.55
fold2_room1_mix0608,80,4,0,-54,-8,4.05
fold2_room1_mix0608,81,4,0,-42,-7,4.62
fold2_room1_mix0608,82,4,0,-35,-6,5.56
fold2_room1_mix0608,83,4,0,-28,-5,6.12
fold2_room1_mix0608,84,4,0,-25,-4,7.18
fold2_room1_mix0608,85,4,0,-20,-4,8.30
fold2_room1_mix0608,86,4,0,-19,-4,8.92
fold2_room1_mix0608,87,4,0,-18,-3,10.06
fold2_room1_mix0608,88,4,0,-15,-3,11.32
fold2_room1_mix0608,89,4,0,-13,-3,11.65
fold2_room1_mix0608,90,4,0,-13,-2,12.65
fold2_room1_mix0608,91,4,0,-13,-2,13.36
fold2_room1_mix0608,92,4,0,-14,-2,12.69
fold2_room1_mix0608,94,4,0,-14,-2,4.55
fold2_room1_mix0609,38,1,0,-161,-2,12.98
fold2_room1_mix0609,39,1,0,-166,-2,34.66
fold2_room1_mix0609,40,1,0,-162,-2,33.50
fold2_room1_mix0609,41,1,0,-171,-2,3.71
fold2_room1_mix0609,42,1,0,-160,-2,25.74
fold2_room1_mix0609,43,1,0,-159,-2,22.04
fold2_room1_mix0609,44,1,0,-153,-2,30.42
fold2_room1_mix0609,45,1,0,-154,-2,32.67
fold2_room1_mix0609,45,4,0,175,0,2.62
fold2_room1_mix0609,47,1,0,-152,-2,26.31
fold2_room1_mix0609,48,1,0,-149,-3,18.26
fold2_room1_mix0609,48,4,0,-179,0,5.77
fold2_room1_mix0609,49,1,0,-148,-2,31.63
fold2_room1_mix0609,49,4,0,177,0,2.34
fold2_room1_mix0609,50,1,0,-150,-2,25.90
fold2_room1_mix0609,50,4,0,172,0,12.11
fold2_room1_mix0609,52,1,0,-142,-2,28.18
fold2_room1_mix0609,53,1,0,-138,-3,15.02
fold2_room1_mix0609,53,4,0,178,0,13.56
fold2_room1_mix0609,54,1,0,-132,-3,17.58
fold2_room1_mix0609,54,4,0,-170,-2,10.07
fold2_room1_mix0609,55,1,0,-134,-2,19.27
fold2_room1_mix0609,55,4,0,170,0,16.27
fold2_room1_mix0609,56,4,0,172,-1,18.05
fold2_room1_mix0609,57,1,0,-128,-3,11.83
fold2_room1_mix0609,57,4,0,169,-1,23.83
fold2_room1_mix0609,58,1,0,-114,-4,8.11
fold2_room1_mix0609,58,4,0,167,-1,18.57
fold2_room1_mix0609,59,1,0,-113,-4,10.50
fold2_room1_mix0609,59,4,0,-178,-2,19.73
fold2_room1_mix0609,60,1,0,-109,-4,10.60
fold2_room1_mix0609,60,4,0,166,-1,19.42
fold2_room1_mix0609,61,4,0,172,-1,15.26
fold2_room1_mix0609,62,1,0,-86,-4,8.54
fold2_room1_mix0609,62,4,0,165,-1,18.62
fold2_room1_mix0609,63,1,0,-70,-5,8.48
fold2_room1_mix0609,63,4,0,160,-2,16.38
fold2_room1_mix0609,64,1,0,-68,-4,9.78
fold2_room1_mix0609,64,4,0,173,-1,17.64
fold2_room1_mix0609,65,1,0,-60,-4,9.80
fold2_room1_mix0609,65,4,0,165,-2,14.77
fold2_room1_mix0609,66,4,0,162,-1,11.47
fold2_room1_mix0609,67,1,0,-50,-4,11.59
fold2_room1_mix0609,67,4,0,157,-1,14.36
fold2_room1_mix0609,68,1,0,-38,-3,15.10
fold2_room1_mix0609,68,4,0,165,-1,10.23
fold2_room1_mix0609,69,1,0,-41,-3,14.52
fold2_room1_mix0609,69,4,0,156,-3,10.86
fold2_room1_mix0609,70,1,0,-38,-3,14.15
fold2_room1_mix0609,70,4,0,158,-3,10.52
fold2_room1_mix0609,71,4,0,155,-3,10.04
fold2_room1_mix0609,72,1,0,-41,-3,5.56
fold2_room1_mix0609,72,4,0,153,-2,10.22
fold2_room1_mix0609,73,1,0,-32,-2,12.74
fold2_room1_mix0609,73,4,0,156,-3,7.55
fold2_room1_mix0609,74,1,0,-29,-3,17.83
fold2_room1_mix0609,74,4,0,153,-4,7.19
fold2_room1_mix0609,75,1,0,-29,-3,19.68
fold2_room1_mix0609,75,4,0,152,-5,7.02
fold2_room1_mix0609,76,1,0,-28,-3,5.17
fold2_room1_mix0609,76,4,0,136,-5,6.05
fold2_room1_mix0609,77,4,0,131,-9,3.64
fold2_room1_mix0609,78,1,0,-12,-2,11.01
fold2_room1_mix0609,78,4,0,117,-11,3.22
fold2_room1_mix0609,79,1,0,-5,-3,18.19
fold2_room1_mix0609,79,4,0,104,-9,4.07
fold2_room1_mix0609,80,1,0,3,-2,15.41
fold2_room1_mix0609,80,4,0,83,-10,2.46
fold2_room1_mix0609,81,1,0,-10,-3,16.91
fold2_room1_mix0609,81,4,0,73,-10,4.09
fold2_room1_mix0609,81,4,0,50,-11,3.52
fold2_room1_mix0609,82,4,0,31,-8,3.70
fold2_room1_mix0609,83,1,0,-3,-3,13.54
fold2_room1_mix0609,83,4,0,30,-7,3.47
fold2_room1_mix0609,84,1,0,-12,-3,16.59
fold2_room1_mix0609,84,4,0,20,-5,4.65
fold2_room1_mix0609,85,1,0,-9,-2,16.98
fold2_room1_mix0609,85,4,0,28,-6,4.31
fold2_room1_mix0609,86,4,0,15,-3,6.98
fold2_room1_mix0609,87,4,0,16,-4,7.60
fold2_room1_mix0609,88,4,0,13,-3,7.80
fold2_room1_mix0609,89,4,0,12,-3,9.13
fold2_room1_mix0609,90,4,0,14,-3,9.75
fold2_room1_mix0609,91,4,0,12,-2,11.07
fold2_room1_mix0609,92,4,0,11,-2,11.50
fold2_room1_mix0609,93,4,0,13,-2,12.11
fold2_room1_mix0609,94,4,0,11,-2,13.35
fold2_room1_mix0609,95,4,0,10,-2,14.59
fold2_room1_mix0609,96,4,0,11,-2,14.58
fold2_room1_mix0609,97,4,0,10,-1,15.56
fold2_room1_mix0609,98,4,0,10,-1,15.94
fold2_room1_mix0609,99,4,0,10,-1,18.00
fold2_room1_mix0610,23,2,0,60,-5,7.03
fold2_room1_mix0610,24,2,0,61,-7,5.78
fold2_room1_mix0610,25,2,0,81,-8,3.64
fold2_room1_mix0610,30,2,0,87,-7,5.56
fold2_room1_mix0610,31,2,0,86,-8,5.16
fold2_room1_mix0610,32,2,0,89,-7,6.02
fold2_room1_mix0610,33,2,0,90,-9,4.94
fold2_room1_mix0610,33,4,0,168,0,5.29
fold2_room1_mix0610,34,2,0,90,-9,5.42
fold2_room1_mix0610,34,4,0,168,-1,20.54
fold2_room1_mix0610,35,2,0,91,-7,5.63
fold2_room1_mix0610,35,4,0,171,0,24.45
fold2_room1_mix0610,36,4,0,173,-1,21.67
fold2_room1_mix0610,37,4,0,172,0,26.03
fold2_room1_mix0610,38,4,0,173,-1,28.17
fold2_room1_mix0610,39,4,0,169,-1,21.78
fold2_room1_mix0610,40,2,0,102,-7,5.90
fold2_room1_mix0610,40,4,0,168,-1,21.48
fold2_room1_mix0610,41,2,0,103,-8,5.21
fold2_room1_mix0610,41,4,0,171,0,28.03
fold2_room1_mix0610,42,2,0,106,-7,5.59
fold2_room1_mix0610,42,4,0,173,0,24.83
fold2_room1_mix0610,43,2,0,106,-8,5.23
fold2_room1_mix0610,43,4,0,175,-1,24.60
fold2_room1_mix0610,44,2,0,110,-8,5.01
fold2_room1_mix0610,44,4,0,174,-1,25.51
fold2_room1_mix0610,45,2,0,104,-7,5.55
fold2_room1_mix0610,45,4,0,173,0,26.98
fold2_room1_mix0610,46,4,0,175,0,27.33
fold2_room1_mix0610,47,4,0,172,-1,25.16
fold2_room1_mix0610,48,4,0,178,-1,24.91
fold2_room1_mix0610,49,4,0,172,0,26.47
fold2_room1_mix0610,50,2,0,121,-6,6.44
fold2_room1_mix0610,50,4,0,176,0,25.14
fold2_room1_mix0610,51,2,0,120,-6,6.52
fold2_room1_mix0610,51,4,0,174,0,24.45
fold2_room1_mix0610,52,2,0,122,-6,6.25
fold2_room1_mix0610,52,4,0,175,0,23.13
fold2_room1_mix0610,53,2,0,126,-6,6.92
fold2_room1_mix0610,53,4,0,174,0,21.97
fold2_room1_mix0610,54,2,0,127,-6,6.77
fold2_room1_mix0610,54,4,0,174,0,20.86
fold2_room1_mix0610,55,2,0,125,-6,7.15
fold2_room1_mix0610,55,4,0,174,0,19.85
fold2_room1_mix0610,56,4,0,175,-1,19.08
fold2_room1_mix0610,57,4,0,175,-1,19.22
fold2_room1_mix0610,58,4,0,174,-1,17.97
fold2_room1_mix0610,59,4,0,176,-1,17.62
fold2_room1_mix0610,60,2,0,130,-6,6.90
fold2_room1_mix0610,60,4,0,173,-1,16.67
fold2_room1_mix0610,61,2,0,131,-6,7.42
fold2_room1_mix0610,61,4,0,173,-1,15.02
fold2_room1_mix0610,62,4,0,176,-2,15.04
fold2_room1_mix0610,63,4,0,173,-2,14.40
fold2_room1_mix0610,64,4,0,175,-2,13.31
fold2_room1_mix0610,65,4,0,173,-2,12.53
fold2_room1_mix0610,66,4,0,174,-2,11.67
fold2_room1_mix0610,67,4,0,173,-3,10.67
fold2_room1_mix0610,68,4,0,173,-3,9.74
fold2_room1_mix0610,69,4,0,173,-3,9.11
fold2_room1_mix0610,70,4,0,172,-4,8.79
fold2_room1_mix0610,71,4,0,170,-4,7.86
fold2_room1_mix0610,72,4,0,171,-5,6.40
fold2_room1_mix0610,73,4,0,168,-5,5.78
fold2_room1_mix0610,74,4,0,165,-6,4.80
fold2_room1_mix0610,75,4,0,165,-8,4.25
fold2_room1_mix0610,76,4,0,159,-10,3.28
fold2_room1_mix0610,77,4,0,150,-12,2.53
fold2_room1_mix0610,78,4,0,134,-15,1.85
fold2_room1_mix0610,79,4,0,95,-22,1.42
fold2_room1_mix0610,80,4,0,58,-16,1.26
fold2_room1_mix0610,81,4,0,35,-10,1.74
fold2_room1_mix0610,82,4,0,25,-7,2.44
fold2_room1_mix0610,83,4,0,19,-7,3.12
fold2_room1_mix0610,84,4,0,17,-5,4.13
fold2_room1_mix0610,85,4,0,15,-5,4.92
fold2_room1_mix0610,86,4,0,11,-4,5.50
fold2_room1_mix0610,87,4,0,9,-4,6.45
fold2_room1_mix0610,88,4,0,8,-3,7.03
fold2_room1_mix0610,89,4,0,8,-3,7.93
fold2_room1_mix0610,90,4,0,7,-3,8.40
fold2_room1_mix0610,91,4,0,7,-2,9.08
fold2_room1_mix0610,92,4,0,7,-3,10.07
fold2_room1_mix0610,93,4,0,7,-2,10.74
fold2_room1_mix0610,94,4,0,6,-2,10.93
fold2_room1_mix0610,95,4,0,6,-2,12.12
fold2_room1_mix0610,96,4,0,5,-2,12.74
fold2_room1_mix0610,97,4,0,6,-2,14.37
fold2_room1_mix0610,98,4,0,5,-1,15.54
fold2_room1_mix0610,99,4,0,5,-1,15.72
fold2_room1_mix0612,28,4,0,-11,-1,19.46
fold2_room1_mix0612,29,4,0,-11,-1,18.91
fold2_room1_mix0612,30,4,0,-12,-1,21.42
fold2_room1_mix0612,31,4,0,-9,-1,21.11
fold2_room1_mix0612,32,4,0,-13,-1,18.74
fold2_room1_mix0612,33,4,0,-9,-1,22.18
fold2_room1_mix0612,34,4,0,-11,-1,20.29
fold2_room1_mix0612,35,4,0,-11,-1,20.76
fold2_room1_mix0612,36,4,0,-11,-1,19.76
fold2_room1_mix0612,37,4,0,-11,-1,20.86
fold2_room1_mix0612,38,4,0,-8,-2,20.15
fold2_room1_mix0612,39,4,0,-11,-1,19.50
fold2_room1_mix0612,40,4,0,-10,-1,19.62
fold2_room1_mix0612,41,4,0,-14,-1,18.56
fold2_room1_mix0612,42,4,0,-12,-1,17.59
fold2_room1_mix0612,43,1,0,147,-2,11.09
fold2_room1_mix0612,43,4,0,-13,-2,17.88
fold2_room1_mix0612,44,1,0,139,-3,19.62
fold2_room1_mix0612,44,4,0,-18,-2,16.98
fold2_room1_mix0612,45,1,0,135,-3,17.96
fold2_room1_mix0612,45,4,0,-18,-2,16.32
fold2_room1_mix0612,46,1,0,128,-3,16.10
fold2_room1_mix0612,46,4,0,-19,-2,15.49
fold2_room1_mix0612,47,1,0,115,-3,13.66
fold2_room1_mix0612,47,4,0,-16,-1,13.61
fold2_room1_mix0612,48,1,0,120,-3,17.63
fold2_room1_mix0612,48,4,0,-16,-2,14.92
fold2_room1_mix0612,49,1,0,122,-3,15.75
fold2_room1_mix0612,49,4,0,-17,-2,16.51
fold2_room1_mix0612,50,1,0,112,-3,13.43
fold2_room1_mix0612,50,4,0,-17,-1,16.10
fold2_room1_mix0612,51,1,0,109,-3,13.61
fold2_room1_mix0612,51,4,0,-18,-2,13.80
fold2_room1_mix0612,52,1,0,98,-3,12.01
fold2_room1_mix0612,52,4,0,-29,-1,11.83
fold2_room1_mix0612,53,4,0,-29,-2,12.77
fold2_room1_mix0612,54,1,0,94,-3,13.59
fold2_room1_mix0612,54,4,0,-34,-2,9.11
fold2_room1_mix0612,55,1,0,74,-3,14.17
fold2_room1_mix0612,55,4,0,-34,-1,13.25
fold2_room1_mix0612,56,1,0,73,-3,14.75
fold2_room1_mix0612,56,4,0,-19,-1,11.72
fold2_room1_mix0612,57,1,0,68,-3,12.91
fold2_room1_mix0612,57,4,0,-31,-2,10.80
fold2_room1_mix0612,58,4,0,-38,-3,8.87
fold2_room1_mix0612,59,1,0,45,-3,13.19
fold2_room1_mix0612,59,4,0,-34,-2,8.44
fold2_room1_mix0612,60,1,0,51,-3,13.63
fold2_room1_mix0612,60,4,0,-33,-3,7.61
fold2_room1_mix0612,61,1,0,49,-3,16.03
fold2_room1_mix0612,61,4,0,-38,-2,8.09
fold2_room1_mix0612,62,1,0,41,-3,18.57
fold2_room1_mix0612,62,4,0,-36,-3,9.64
fold2_room1_mix0612,63,1,0,47,-3,14.64
fold2_room1_mix0612,63,4,0,-42,-3,7.40
fold2_room1_mix0612,64,4,0,-53,-5,5.65
fold2_room1_mix0612,65,1,0,43,-2,17.03
fold2_room1_mix0612,65,4,0,-52,-3,5.39
fold2_room1_mix0612,66,1,0,34,-3,18.66
fold2_room1_mix0612,66,4,0,-47,-3,8.20
fold2_room1_mix0612,67,1,0,36,-2,17.68
fold2_room1_mix0612,67,4,0,-56,-4,5.71
fold2_room1_mix0612,68,1,0,33,-2,18.20
fold2_room1_mix0612,68,4,0,-60,-4,6.23
fold2_room1_mix0612,69,4,0,-86,-7,5.15
fold2_room1_mix0612,70,1,0,40,-3,12.30
fold2_room1_mix0612,70,4,0,-87,-5,4.96
fold2_room1_mix0612,71,1,0,30,-2,20.52
fold2_room1_mix0612,71,4,0,-81,-6,5.47
fold2_room1_mix0612,72,1,0,28,-2,20.80
fold2_room1_mix0612,72,4,0,-88,-5,4.08
fold2_room1_mix0612,73,1,0,30,-2,19.01
fold2_room1_mix0612,73,4,0,-83,-6,4.96
fold2_room1_mix0612,74,1,0,41,-2,15.87
fold2_room1_mix0612,74,4,0,-115,-5,4.94
fold2_room1_mix0612,75,4,0,-124,-6,5.36
fold2_room1_mix0612,76,1,0,28,-2,17.28
fold2_room1_mix0612,76,4,0,-125,-4,4.94
fold2_room1_mix0612,77,1,0,24,-2,22.22
fold2_room1_mix0612,77,4,0,-130,-4,7.61
fold2_room1_mix0612,78,1,0,26,-2,20.50
fold2_room1_mix0612,78,4,0,-130,-4,6.36
fold2_room1_mix0612,79,4,0,-138,-3,6.27
fold2_room1_mix0612,80,4,0,-143,-3,6.74
fold2_room1_mix0612,81,4,0,-144,-3,8.79
fold2_room1_mix0612,82,4,0,-147,-3,8.35
fold2_room1_mix0612,83,4,0,-150,-3,8.62
fold2_room1_mix0612,84,4,0,-150,-2,9.52
fold2_room1_mix0612,85,4,0,-152,-2,9.58
fold2_room1_mix0612,86,4,0,-152,-2,10.16
fold2_room1_mix0612,87,4,0,-154,-2,10.73
fold2_room1_mix0612,88,4,0,-155,-2,11.47
fold2_room1_mix0612,89,4,0,-156,-2,11.70
fold2_room1_mix0612,90,4,0,-157,-2,11.64
fold2_room1_mix0612,91,4,0,-159,-1,13.18
fold2_room1_mix0612,92,4,0,-161,-1,13.45
fold2_room1_mix0612,93,4,0,-159,-1,14.25
fold2_room1_mix0612,94,4,0,-160,-1,14.20
fold2_room1_mix0612,95,4,0,-160,-1,14.89
fold2_room1_mix0612,96,4,0,-161,-1,15.43
fold2_room1_mix0612,97,4,0,-161,-1,16.08
fold2_room1_mix0612,98,4,0,-161,-1,16.62
fold2_room1_mix0612,99,4,0,-163,-1,17.02
fold2_room1_mix0613,27,1,0,14,-2,14.49
fold2_room1_mix0613,28,1,0,22,-2,31.71
fold2_room1_mix0613,29,1,0,40,-2,39.83
fold2_room1_mix0613,30,1,0,21,-2,31.41
fold2_room1_mix0613,31,1,0,19,-2,29.68
fold2_room1_mix0613,32,1,0,26,-2,21.31
fold2_room1_mix0613,33,1,0,29,-2,25.53
fold2_room1_mix0613,34,1,0,31,-2,16.00
fold2_room1_mix0613,35,1,0,33,-3,23.10
fold2_room1_mix0613,36,1,0,33,-2,19.50
fold2_room1_mix0613,37,1,0,42,-3,16.76
fold2_room1_mix0613,38,1,0,45,-3,18.14
fold2_room1_mix0613,40,1,0,48,-3,20.10
fold2_room1_mix0613,40,4,0,10,0,15.41
fold2_room1_mix0613,41,1,0,60,-4,17.51
fold2_room1_mix0613,42,1,0,73,-4,14.36
fold2_room1_mix0613,42,4,0,1,-2,18.22
fold2_room1_mix0613,43,1,0,77,-4,13.84
fold2_room1_mix0613,44,4,0,5,-1,10.36
fold2_room1_mix0613,45,1,0,97,-4,14.79
fold2_room1_mix0613,45,4,0,22,0,18.14
fold2_room1_mix0613,45,4,0,6,-2,17.01
fold2_room1_mix0613,46,1,0,105,-4,14.65
fold2_room1_mix0613,47,1,0,116,-4,14.75
fold2_room1_mix0613,47,4,0,21,-2,15.63
fold2_room1_mix0613,48,1,0,121,-4,17.57
fold2_room1_mix0613,48,4,0,-8,-2,17.41
fold2_room1_mix0613,49,4,0,-12,-2,23.71
fold2_room1_mix0613,50,1,0,124,-3,14.34
fold2_room1_mix0613,50,4,0,-6,-3,19.82
fold2_room1_mix0613,51,1,0,141,-3,18.17
fold2_room1_mix0613,51,4,0,2,-2,17.28
fold2_room1_mix0613,52,1,0,139,-3,19.15
fold2_room1_mix0613,52,4,0,0,-3,24.29
fold2_room1_mix0613,53,1,0,140,-3,25.55
fold2_room1_mix0613,53,4,0,3,-3,17.44
fold2_room1_mix0613,54,4,0,-4,-2,23.74
fold2_room1_mix0613,55,1,0,142,-3,7.62
fold2_room1_mix0613,55,4,0,3,-1,24.81
fold2_room1_mix0613,56,1,0,151,-2,17.94
fold2_room1_mix0613,56,4,0,2,-2,20.04
fold2_room1_mix0613,57,1,0,151,-3,28.74
fold2_room1_mix0613,57,4,0,-1,-4,20.92
fold2_room1_mix0613,58,1,0,153,-3,31.82
fold2_room1_mix0613,58,4,0,-1,-3,19.67
fold2_room1_mix0613,59,1,0,155,-2,16.22
fold2_room1_mix0613,59,4,0,-8,-3,18.23
fold2_room1_mix0613,60,4,0,2,-3,18.69
fold2_room1_mix0613,61,1,0,155,-2,21.70
fold2_room1_mix0613,61,4,0,0,-4,21.86
fold2_room1_mix0613,62,1,0,157,-2,27.97
fold2_room1_mix0613,62,4,0,0,-3,16.35
fold2_room1_mix0613,63,1,0,158,-2,34.52
fold2_room1_mix0613,63,4,0,4,-5,14.27
fold2_room1_mix0613,64,1,0,160,-2,25.82
fold2_room1_mix0613,64,4,0,-4,-4,11.57
fold2_room1_mix0613,65,4,0,1,-5,8.03
fold2_room1_mix0613,66,1,0,157,-2,15.74
fold2_room1_mix0613,66,4,0,0,-6,9.49
fold2_room1_mix0613,67,1,0,161,-2,23.14
fold2_room1_mix0613,67,4,0,1,-6,8.68
fold2_room1_mix0613,68,1,0,161,-2,17.97
fold2_room1_mix0613,68,4,0,8,-8,6.99
fold2_room1_mix0613,69,4,0,4,-15,3.92
fold2_room1_mix0613,70,4,0,12,-16,3.11
fold2_room1_mix0613,71,4,0,24,-26,2.07
fold2_room1_mix0613,72,4,0,81,-49,1.33
fold2_room1_mix0613,73,4,0,141,-32,1.53
fold2_room1_mix0613,74,4,0,162,-23,1.96
fold2_room1_mix0613,75,4,0,170,-14,3.47
fold2_room1_mix0613,76,4,0,171,-13,4.40
fold2_room1_mix0613,77,4,0,173,-11,4.93
fold2_room1_mix0613,78,4,0,176,-7,6.23
fold2_room1_mix0613,79,4,0,177,-5,8.01
fold2_room1_mix0613,80,4,0,177,-4,8.36
fold2_room1_mix0613,81,4,0,176,-3,10.14
fold2_room1_mix0613,82,4,0,178,-4,10.86
fold2_room1_mix0613,83,4,0,176,-3,12.00
fold2_room1_mix0613,84,4,0,178,-2,13.09
fold2_room1_mix0613,85,4,0,178,-2,14.19
fold2_room1_mix0613,86,4,0,179,-2,14.98
fold2_room1_mix0613,87,4,0,178,-2,15.90
fold2_room1_mix0613,88,4,0,179,-1,17.55
fold2_room1_mix0613,89,4,0,176,-1,18.93
fold2_room1_mix0613,90,4,0,177,-1,18.39
fold2_room1_mix0613,91,4,0,176,-1,20.86
fold2_room1_mix0613,92,4,0,178,-1,20.86
fold2_room1_mix0613,93,4,0,177,-1,21.44
fold2_room1_mix0613,94,4,0,177,-1,22.41
fold2_room1_mix0613,95,4,0,177,-1,21.40
fold2_room1_mix0613,96,4,0,177,0,24.20
fold2_room1_mix0613,97,4,0,177,0,12.19
fold2_room1_mix0613,98,4,0,175,0,7.27
fold2_room1_mix0613,99,4,0,178,0,8.20
fold2_room1_mix0614,30,4,0,-177,-1,3.12
fold2_room1_mix0614,32,4,0,-176,-2,7.33
fold2_room1_mix0614,33,4,0,-176,-2,9.63
fold2_room1_mix0614,34,4,0,-171,-2,10.27
fold2_room1_mix0614,35,4,0,-173,-2,10.83
fold2_room1_mix0614,36,4,0,-171,-2,10.52
fold2_room1_mix0614,37,4,0,-170,-3,9.63
fold2_room1_mix0614,38,4,0,-168,-3,9.44
fold2_room1_mix0614,39,4,0,-165,-4,8.53
fold2_room1_mix0614,40,4,0,-166,-4,7.79
fold2_room1_mix0614,41,4,0,-166,-4,6.74
fold2_room1_mix0614,42,4,0,-161,-6,5.47
fold2_room1_mix0614,43,4,0,-157,-7,4.74
fold2_room1_mix0614,44,4,0,-153,-8,3.55
fold2_room1_mix0614,45,4,0,-147,-10,2.69
fold2_room1_mix0614,46,4,0,-144,-12,2.47
fold2_room1_mix0614,47,4,0,-130,-16,1.91
fold2_room1_mix0614,47,4,0,-26,-9,8.85
fold2_room1_mix0614,48,4,0,-95,-19,1.34
fold2_room1_mix0614,48,4,0,-10,-3,12.24
fold2_room1_mix0614,49,4,0,-59,-17,1.36
fold2_room1_mix0614,49,4,0,-6,-1,11.68
fold2_room1_mix0614,50,4,0,-39,-11,1.82
fold2_room1_mix0614,50,4,0,-6,-1,10.79
fold2_room1_mix0614,51,4,0,-28,-9,2.43
fold2_room1_mix0614,51,4,0,-9,-3,8.25
fold2_room1_mix0614,52,4,0,-19,-5,5.32
fold2_room1_mix0614,53,4,0,-12,-4,6.24
fold2_room1_mix0614,54,4,0,-11,-4,6.95
fold2_room1_mix0614,55,4,0,-8,-4,7.88
fold2_room1_mix0614,56,4,0,-5,-3,8.71
fold2_room1_mix0614,57,4,0,-3,-3,8.75
fold2_room1_mix0614,58,4,0,-3,-3,9.72
fold2_room1_mix0614,59,4,0,-2,-3,9.71
fold2_room1_mix0614,60,4,0,0,-2,10.25
fold2_room1_mix0614,61,4,0,1,-2,10.01
fold2_room1_mix0614,62,4,0,3,-3,10.18
fold2_room1_mix0614,63,4,0,4,-2,10.79
fold2_room1_mix0614,64,4,0,7,-3,9.54
fold2_room1_mix0614,65,4,0,10,-3,9.56
fold2_room1_mix0614,66,4,0,12,-3,8.84
fold2_room1_mix0614,67,4,0,13,-4,7.83
fold2_room1_mix0614,68,4,0,18,-4,7.01
fold2_room1_mix0614,69,4,0,18,-4,6.82
fold2_room1_mix0614,70,4,0,21,-5,5.84
fold2_room1_mix0614,71,4,0,24,-6,5.02
fold2_room1_mix0614,72,4,0,28,-5,5.03
fold2_room1_mix0614,73,4,0,35,-7,3.88
fold2_room1_mix0614,74,4,0,38,-8,3.79
fold2_room1_mix0614,75,4,0,50,-9,2.75
fold2_room1_mix0614,76,4,0,60,-11,2.48
fold2_room1_mix0614,77,4,0,79,-11,2.09
fold2_room1_mix0614,78,4,0,92,-12,1.92
fold2_room1_mix0614,79,4,0,106,-11,1.88
fold2_room1_mix0614,80,4,0,117,-10,1.97
fold2_room1_mix0614,81,4,0,129,-8,2.11
fold2_room1_mix0614,82,4,0,135,-8,2.65
fold2_room1_mix0614,83,4,0,140,-6,2.97
fold2_room1_mix0614,84,4,0,143,-6,3.49
fold2_room1_mix0614,85,4,0,147,-6,3.78
fold2_room1_mix0614,86,4,0,150,-5,4.36
fold2_room1_mix0614,87,4,0,152,-5,4.54
fold2_room1_mix0614,88,4,0,153,-4,5.44
fold2_room1_mix0614,89,4,0,155,-4,6.07
fold2_room1_mix0614,90,4,0,158,-4,6.68
fold2_room1_mix0614,91,4,0,159,-3,7.27
fold2_room1_mix0614,92,4,0,160,-3,7.54
fold2_room1_mix0614,93,4,0,161,-3,8.07
fold2_room1_mix0614,94,4,0,163,-3,8.86
fold2_room1_mix0614,95,4,0,164,-2,9.36
fold2_room1_mix0614,96,4,0,165,-2,9.91
fold2_room1_mix0614,97,4,0,166,-2,10.15
fold2_room1_mix0614,98,4,0,166,-2,11.10
fold2_room1_mix0614,99,4,0,167,-2,10.77
fold2_room1_mix0615,3,4,0,-175,0,4.08
fold2_room1_mix0615,4,4,0,-175,0,8.21
fold2_room1_mix0615,5,4,0,-173,-1,19.24
fold2_room1_mix0615,6,4,0,-171,0,19.87
fold2_room1_mix0615,7,4,0,-173,0,24.67
fold2_room1_mix0615,8,4,0,-170,0,42.26
fold2_room1_mix0615,9,4,0,-170,-1,39.46
fold2_room1_mix0615,10,4,0,-169,-1,39.64
fold2_room1_mix0615,11,4,0,-170,0,41.79
fold2_room1_mix0615,12,4,0,-169,0,42.34
fold2_room1_mix0615,13,4,0,-168,0,40.28
fold2_room1_mix0615,14,4,0,-169,0,42.10
fold2_room1_mix0615,15,4,0,-170,0,40.26
fold2_room1_mix0615,16,4,0,-169,0,38.51
fold2_room1_mix0615,17,4,0,-170,0,40.27
fold2_room1_mix0615,18,4,0,-168,0,41.35
fold2_room1_mix0615,19,4,0,-168,0,40.85
fold2_room1_mix0615,20,4,0,-167,0,41.04
fold2_room1_mix0615,21,4,0,-166,0,40.52
fold2_room1_mix0615,22,4,0,-167,0,39.07
fold2_room1_mix0615,23,4,0,-167,0,37.88
fold2_room1_mix0615,24,4,0,-165,0,39.40
fold2_room1_mix0615,25,4,0,-166,0,38.86
fold2_room1_mix0615,26,4,0,-166,0,39.57
fold2_room1_mix0615,27,4,0,-165,0,39.67
fold2_room1_mix0615,28,3,0,-122,-5,4.31
fold2_room1_mix0615,28,4,0,-166,0,37.07
fold2_room1_mix0615,29,3,0,-130,-4,16.06
fold2_room1_mix0615,29,4,0,-166,0,35.32
fold2_room1_mix0615,30,3,0,-130,-4,16.29
fold2_room1_mix0615,30,4,0,-168,0,31.71
fold2_room1_mix0615,31,3,0,-127,-4,16.43
fold2_room1_mix0615,31,4,0,-168,0,27.91
fold2_room1_mix0615,32,2,0,-80,-4,5.02
fold2_room1_mix0615,32,3,0,-124,-4,14.90
fold2_room1_mix0615,32,4,0,-166,-1,32.35
fold2_room1_mix0615,33,2,0,-78,-3,6.40
fold2_room1_mix0615,33,3,0,-127,-3,14.48
fold2_room1_mix0615,33,4,0,-170,0,35.11
fold2_room1_mix0615,34,2,0,-76,-3,12.06
fold2_room1_mix0615,34,3,0,-120,-3,13.06
fold2_room1_mix0615,34,4,0,-171,0,33.03
fold2_room1_mix0615,35,2,0,-79,-2,13.33
fold2_room1_mix0615,35,3,0,-114,-3,8.46
fold2_room1_mix0615,35,4,0,-170,0,31.79
fold2_room1_mix0615,36,4,0,-165,0,31.98
fold2_room1_mix0615,37,4,0,-166,0,33.74
fold2_room1_mix0615,38,3,0,-113,-4,13.24
fold2_room1_mix0615,38,4,0,-166,0,30.44
fold2_room1_mix0615,39,3,0,-112,-4,15.95
fold2_room1_mix0615,39,4,0,-168,0,26.96
fold2_room1_mix0615,40,2,0,-86,-2,11.22
fold2_room1_mix0615,40,3,0,-103,-3,14.22
fold2_room1_mix0615,40,4,0,-165,-1,27.84
fold2_room1_mix0615,41,2,0,-79,-2,12.95
fold2_room1_mix0615,41,3,0,-100,-3,14.41
fold2_room1_mix0615,41,4,0,-168,-1,28.26
fold2_room1_mix0615,42,2,0,-77,-1,14.73
fold2_room1_mix0615,42,3,0,-95,-3,14.47
fold2_room1_mix0615,42,4,0,-169,-1,26.95
fold2_room1_mix0615,43,2,0,-80,-1,14.08
fold2_room1_mix0615,43,3,0,-91,-3,15.16
fold2_room1_mix0615,43,4,0,-164,-1,25.91
fold2_room1_mix0615,44,2,0,-79,-1,15.03
fold2_room1_mix0615,44,3,0,-90,-3,14.69
fold2_room1_mix0615,44,4,0,-161,0,25.56
fold2_room1_mix0615,45,2,0,-78,-1,15.64
fold2_room1_mix0615,45,3,0,-91,-3,14.99
fold2_room1_mix0615,45,4,0,-163,0,24.35
fold2_room1_mix0615,46,2,0,-78,-1,13.50
fold2_room1_mix0615,46,3,0,-97,-3,14.29
fold2_room1_mix0615,46,4,0,-160,0,23.70
fold2_room1_mix0615,47,3,0,-94,-3,10.83
fold2_room1_mix0615,47,4,0,-163,0,23.08
fold2_room1_mix0615,48,3,0,-95,-3,6.26
fold2_room1_mix0615,48,4,0,-159,-1,22.53
fold2_room1_mix0615,49,4,0,-159,0,23.83
fold2_room1_mix0615,50,3,0,-88,-3,12.62
fold2_room1_mix0615,50,4,0,-159,0,23.49
fold2_room1_mix0615,51,2,0,-83,-2,13.50
fold2_room1_mix0615,51,3,0,-71,-3,16.49
fold2_room1_mix0615,51,4,0,-159,0,22.45
fold2_room1_mix0615,52,2,0,-85,-1,14.82
fold2_room1_mix0615,52,3,0,-84,-3,15.56
fold2_room1_mix0615,52,4,0,-162,0,22.18
fold2_room1_mix0615,53,2,0,-83,-1,14.53
fold2_room1_mix0615,53,3,0,-84,-3,18.06
fold2_room1_mix0615,53,4,0,-162,-1,22.97
fold2_room1_mix0615,54,2,0,-84,-1,13.96
fold2_room1_mix0615,54,3,0,-69,-2,17.04
fold2_room1_mix0615,54,4,0,-158,-1,21.35
fold2_room1_mix0615,55,2,0,-86,-1,15.68
fold2_room1_mix0615,55,3,0,-66,-2,18.77
fold2_room1_mix0615,55,4,0,-161,-1,18.96
fold2_room1_mix0615,56,2,0,-86,-2,13.61
fold2_room1_mix0615,56,3,0,-66,-2,18.33
fold2_room1_mix0615,56,4,0,-158,-1,19.53
fold2_room1_mix0615,57,3,0,-61,-2,17.29
fold2_room1_mix0615,57,4,0,-156,-1,19.33
fold2_room1_mix0615,58,3,0,-80,-2,15.08
fold2_room1_mix0615,58,4,0,-154,-1,19.13
fold2_room1_mix0615,59,3,0,-74,-2,13.81
fold2_room1_mix0615,59,4,0,-151,0,17.41
fold2_room1_mix0615,60,3,0,-76,-2,11.18
fold2_room1_mix0615,60,4,0,-152,-1,17.67
fold2_room1_mix0615,61,2,0,-92,-1,12.32
fold2_room1_mix0615,61,4,0,-144,-1,17.17
fold2_room1_mix0615,62,2,0,-88,-1,13.12
fold2_room1_mix0615,62,4,0,-145,-1,17.00
fold2_room1_mix0615,63,2,0,-85,-1,14.59
fold2_room1_mix0615,63,3,0,-50,-2,16.70
fold2_room1_mix0615,63,4,0,-149,-2,14.69
fold2_room1_mix0615,64,2,0,-88,-1,14.44
fold2_room1_mix0615,64,3,0,-49,-2,11.57
fold2_room1_mix0615,64,4,0,-143,-2,14.85
fold2_room1_mix0615,65,2,0,-86,-1,15.53
fold2_room1_mix0615,65,3,0,-45,-2,15.03
fold2_room1_mix0615,65,4,0,-147,-2,13.64
fold2_room1_mix0615,66,2,0,-82,-1,14.84
fold2_room1_mix0615,66,3,0,-46,-2,15.95
fold2_room1_mix0615,66,4,0,-146,-1,14.05
fold2_room1_mix0615,67,3,0,-43,-2,13.31
fold2_room1_mix0615,67,4,0,-141,-1,14.24
fold2_room1_mix0615,68,3,0,-45,-2,10.74
fold2_room1_mix0615,68,4,0,-139,-1,15.33
fold2_room1_mix0615,69,3,0,-60,-2,12.10
fold2_room1_mix0615,69,4,0,-137,-1,14.76
fold2_room1_mix0615,70,3,0,-52,-2,12.00
fold2_room1_mix0615,70,4,0,-134,-1,14.47
fold2_room1_mix0615,71,2,0,-91,-2,11.53
fold2_room1_mix0615,71,3,0,-58,-2,10.66
fold2_room1_mix0615,71,4,0,-132,-2,13.38
fold2_room1_mix0615,72,2,0,-86,-1,13.39
fold2_room1_mix0615,72,3,0,-65,-2,3.48
fold2_room1_mix0615,72,4,0,-129,-1,14.35
fold2_room1_mix0615,73,2,0,-85,-1,13.85
fold2_room1_mix0615,73,4,0,-124,-3,12.88
fold2_room1_mix0615,74,2,0,-86,-1,13.94
fold2_room1_mix0615,74,4,0,-122,-3,11.72
fold2_room1_mix0615,75,2,0,-85,-1,15.32
fold2_room1_mix0615,75,4,0,-121,-3,11.57
fold2_room1_mix0615,76,2,0,-83,-1,14.69
fold2_room1_mix0615,76,3,0,-43,-3,4.45
fold2_room1_mix0615,76,4,0,-114,-3,11.63
fold2_room1_mix0615,77,3,0,-40,-2,4.37
fold2_room1_mix0615,77,4,0,-114,-2,11.32
fold2_room1_mix0615,78,4,0,-111,-2,12.17
fold2_room1_mix0615,79,4,0,-106,-3,10.64
fold2_room1_mix0615,80,4,0,-105,-3,11.40
fold2_room1_mix0615,81,4,0,-102,-2,11.27
fold2_room1_mix0615,82,2,0,-80,-2,10.48
fold2_room1_mix0615,82,4,0,-99,-3,10.90
fold2_room1_mix0615,83,4,0,-96,-3,10.86
fold2_room1_mix0615,84,2,0,-79,-1,6.01
fold2_room1_mix0615,84,4,0,-93,-3,10.77
fold2_room1_mix0615,85,2,0,-78,-1,3.04
fold2_room1_mix0615,85,4,0,-91,-3,10.61
fold2_room1_mix0615,86,4,0,-88,-3,10.75
fold2_room1_mix0615,87,4,0,-85,-3,10.52
fold2_room1_mix0615,88,4,0,-81,-3,10.87
fold2_room1_mix0615,89,4,0,-76,-2,10.90
fold2_room1_mix0615,90,4,0,-73,-3,11.08
fold2_room1_mix0615,91,4,0,-70,-3,11.62
fold2_room1_mix0615,92,4,0,-66,-3,11.80
fold2_room1_mix0615,93,4,0,-62,-3,11.71
fold2_room1_mix0615,94,4,0,-61,-2,12.61
fold2_room1_mix0615,95,4,0,-59,-3,12.68
fold2_room1_mix0615,96,4,0,-57,-2,12.68
fold2_room1_mix0615,97,4,0,-55,-3,13.28
fold2_room1_mix0615,98,4,0,-54,-2,14.52
fold2_room1_mix0615,99,4,0,-52,-2,13.87
fold2_room1_mix0616,3,4,0,-2,0,4.61
fold2_room1_mix0616,4,4,0,1,-1,16.19
fold2_room1_mix0616,5,4,0,0,-1,18.47
fold2_room1_mix0616,6,4,0,0,0,21.96
fold2_room1_mix0616,7,4,0,1,-1,30.12
fold2_room1_mix0616,8,4,0,0,-1,31.01
fold2_room1_mix0616,9,4,0,0,-1,31.93
fold2_room1_mix0616,10,4,0,0,-1,30.26
fold2_room1_mix0616,11,4,0,0,-1,30.77
fold2_room1_mix0616,12,4,0,0,-1,30.77
fold2_room1_mix0616,13,4,0,0,-1,29.15
fold2_room1_mix0616,14,4,0,0,-1,31.40
fold2_room1_mix0616,15,4,0,0,-1,29.12
fold2_room1_mix0616,16,4,0,0,-1,26.75
fold2_room1_mix0616,17,4,0,0,-1,29.46
fold2_room1_mix0616,18,4,0,0,-1,27.86
fold2_room1_mix0616,19,4,0,0,-1,27.22
fold2_room1_mix0616,20,4,0,0,-1,28.23
fold2_room1_mix0616,21,4,0,0,-1,27.01
fold2_room1_mix0616,22,4,0,0,-1,25.93
fold2_room1_mix0616,23,4,0,0,-1,24.26
fold2_room1_mix0616,24,4,0,0,-1,24.46
fold2_room1_mix0616,25,4,0,0,-1,24.76
fold2_room1_mix0616,26,4,0,0,-1,24.04
fold2_room1_mix0616,27,4,0,0,-1,24.13
fold2_room1_mix0616,28,4,0,0,-1,23.04
fold2_room1_mix0616,29,4,0,0,-1,21.57
fold2_room1_mix0616,30,4,0,-1,-1,22.49
fold2_room1_mix0616,31,4,0,-1,-1,21.89
fold2_room1_mix0616,32,4,0,-1,-1,21.31
fold2_room1_mix0616,33,4,0,-2,-1,21.36
fold2_room1_mix0616,34,4,0,-1,-1,21.08
fold2_room1_mix0616,35,4,0,-1,-1,20.13
fold2_room1_mix0616,36,4,0,-1,-1,20.18
fold2_room1_mix0616,37,4,0,-2,-1,19.51
fold2_room1_mix0616,38,4,0,-1,-1,18.86
fold2_room1_mix0616,39,4,0,-2,-1,18.28
fold2_room1_mix0616,40,4,0,-2,-1,18.21
fold2_room1_mix0616,41,4,0,-2,-1,17.38
fold2_room1_mix0616,42,4,0,-2,-1,16.33
fold2_room1_mix0616,43,4,0,-2,-1,16.41
fold2_room1_mix0616,44,4,0,-2,-1,15.95
fold2_room1_mix0616,45,4,0,-3,-1,14.83
fold2_room1_mix0616,46,4,0,-2,-1,15.46
fold2_room1_mix0616,47,4,0,-2,-1,15.03
fold2_room1_mix0616,48,4,0,-3,-2,13.86
fold2_room1_mix0616,49,4,0,-4,-2,14.54
fold2_room1_mix0616,50,4,0,-3,-2,13.68
fold2_room1_mix0616,51,4,0,-4,-2,13.00
fold2_room1_mix0616,52,4,0,-4,-2,13.00
fold2_room1_mix0616,53,4,0,-4,-2,12.77
fold2_room1_mix0616,54,4,0,-4,-2,12.25
fold2_room1_mix0616,55,4,0,-5,-2,11.42
fold2_room1_mix0616,56,4,0,-5,-3,10.94
fold2_room1_mix0616,57,4,0,-5,-2,10.94
fold2_room1_mix0616,58,4,0,-6,-3,10.13
fold2_room1_mix0616,59,4,0,-6,-3,9.74
fold2_room1_mix0616,60,4,0,-6,-3,9.28
fold2_room1_mix0616,61,4,0,-7,-3,8.61
fold2_room1_mix0616,62,4,0,-7,-3,8.13
fold2_room1_mix0616,63,4,0,-8,-4,7.62
fold2_room1_mix0616,64,4,0,-9,-4,7.53
fold2_room1_mix0616,65,4,0,-9,-4,7.34
fold2_room1_mix0616,66,4,0,-10,-5,6.67
fold2_room1_mix0616,67,4,0,-10,-4,6.14
fold2_room1_mix0616,68,4,0,-11,-4,6.00
fold2_room1_mix0616,69,4,0,-13,-5,5.30
fold2_room1_mix0616,70,4,0,-13,-5,5.11
fold2_room1_mix0616,71,4,0,-15,-5,4.85
fold2_room1_mix0616,72,4,0,-17,-5,4.33
fold2_room1_mix0616,73,4,0,-17,-6,4.01
fold2_room1_mix0616,74,4,0,-20,-7,3.36
fold2_room1_mix0616,75,4,0,-22,-7,3.06
fold2_room1_mix0616,76,4,0,-24,-8,2.73
fold2_room1_mix0616,77,4,0,-27,-9,2.49
fold2_room1_mix0616,78,4,0,-35,-9,1.87
fold2_room1_mix0616,79,4,0,-40,-11,1.47
fold2_room1_mix0616,80,4,0,-48,-13,1.25
fold2_room1_mix0616,81,4,0,-61,-14,1.21
fold2_room1_mix0616,82,4,0,-81,-17,1.17
fold2_room1_mix0616,83,4,0,-107,-14,1.12
fold2_room1_mix0616,84,4,0,-122,-11,1.32
fold2_room1_mix0616,85,4,0,-135,-9,1.71
fold2_room1_mix0616,86,4,0,-144,-9,1.93
fold2_room1_mix0616,87,4,0,-149,-7,2.16
fold2_room1_mix0616,88,4,0,-152,-7,2.49
fold2_room1_mix0616,89,4,0,-155,-6,2.79
fold2_room1_mix0616,90,4,0,-159,-5,3.06
fold2_room1_mix0616,91,4,0,-160,-5,3.43
fold2_room1_mix0616,92,4,0,-161,-5,3.73
fold2_room1_mix0616,93,4,0,-162,-4,3.82
fold2_room1_mix0616,94,4,0,-165,-4,4.73
fold2_room1_mix0616,95,4,0,-165,-4,4.90
fold2_room1_mix0616,96,4,0,-165,-3,5.31
fold2_room1_mix0616,97,4,0,-166,-2,6.42
fold2_room1_mix0616,98,4,0,-168,-2,6.50
fold2_room1_mix0616,99,4,0,-168,-2,6.65
fold2_room1_mix0617,3,4,0,-1,1,2.84
fold2_room1_mix0617,4,4,0,3,-1,16.15
fold2_room1_mix0617,5,4,0,2,-1,18.91
fold2_room1_mix0617,6,4,0,2,0,21.36
fold2_room1_mix0617,7,4,0,3,-1,29.96
fold2_room1_mix0617,8,4,0,2,-1,30.80
fold2_room1_mix0617,9,4,0,2,-1,30.59
fold2_room1_mix0617,10,4,0,2,-1,28.80
fold2_room1_mix0617,11,4,0,3,-1,29.41
fold2_room1_mix0617,12,4,0,3,-1,29.26
fold2_room1_mix0617,13,4,0,3,-1,28.37
fold2_room1_mix0617,14,4,0,3,-1,29.06
fold2_room1_mix0617,15,4,0,2,-1,28.03
fold2_room1_mix0617,16,4,0,3,-1,25.64
fold2_room1_mix0617,17,4,0,4,-1,27.68
fold2_room1_mix0617,18,4,0,3,-1,26.16
fold2_room1_mix0617,19,4,0,3,-1,24.80
fold2_room1_mix0617,20,4,0,3,-1,26.58
fold2_room1_mix0617,21,4,0,3,-1,25.35
fold2_room1_mix0617,22,4,0,3,-1,23.10
fold2_room1_mix0617,23,4,0,3,-1,21.92
fold2_room1_mix0617,24,4,0,4,-1,22.18
fold2_room1_mix0617,25,4,0,3,-1,21.73
fold2_room1_mix0617,26,4,0,3,-1,20.82
fold2_room1_mix0617,27,4,0,3,-1,20.75
fold2_room1_mix0617,28,4,0,3,-1,21.29
fold2_room1_mix0617,29,4,0,3,-1,20.13
fold2_room1_mix0617,30,4,0,3,-1,19.82
fold2_room1_mix0617,31,4,0,3,-1,19.67
fold2_room1_mix0617,32,4,0,3,-1,18.30
fold2_room1_mix0617,33,4,0,3,-1,18.55
fold2_room1_mix0617,34,4,0,2,-1,17.69
fold2_room1_mix0617,35,4,0,3,-1,17.14
fold2_room1_mix0617,36,4,0,3,-1,17.13
fold2_room1_mix0617,37,4,0,3,-1,16.18
fold2_room1_mix0617,38,4,0,2,-1,14.78
fold2_room1_mix0617,39,4,0,3,-2,14.36
fold2_room1_mix0617,40,4,0,3,-1,14.41
fold2_room1_mix0617,41,4,0,3,-2,13.92
fold2_room1_mix0617,42,4,0,2,-2,13.08
fold2_room1_mix0617,43,4,0,3,-2,12.73
fold2_room1_mix0617,44,4,0,3,-2,12.27
fold2_room1_mix0617,45,4,0,3,-2,11.67
fold2_room1_mix0617,46,4,0,3,-2,11.81
fold2_room1_mix0617,47,4,0,3,-3,10.55
fold2_room1_mix0617,48,4,0,3,-3,9.80
fold2_room1_mix0617,49,4,0,2,-3,9.20
fold2_room1_mix0617,50,4,0,3,-3,8.91
fold2_room1_mix0617,51,4,0,2,-4,8.26
fold2_room1_mix0617,52,4,0,3,-4,8.33
fold2_room1_mix0617,53,4,0,3,-4,7.63
fold2_room1_mix0617,54,4,0,3,-4,7.09
fold2_room1_mix0617,55,4,0,4,-4,6.63
fold2_room1_mix0617,56,4,0,3,-5,5.84
fold2_room1_mix0617,57,4,0,4,-5,5.48
fold2_room1_mix0617,58,4,0,5,-5,5.19
fold2_room1_mix0617,59,4,0,5,-6,4.63
fold2_room1_mix0617,60,4,0,6,-7,4.22
fold2_room1_mix0617,61,4,0,8,-7,3.65
fold2_room1_mix0617,62,4,0,9,-8,3.47
fold2_room1_mix0617,63,4,0,12,-10,2.74
fold2_room1_mix0617,64,4,0,14,-11,2.42
fold2_room1_mix0617,65,4,0,18,-12,1.99
fold2_room1_mix0617,66,4,0,22,-14,1.70
fold2_room1_mix0617,67,4,0,33,-19,1.14
fold2_room1_mix0617,68,4,0,54,-29,0.89
fold2_room1_mix0617,69,4,0,105,-35,0.82
fold2_room1_mix0617,70,4,0,142,-24,1.02
fold2_room1_mix0617,71,4,0,156,-16,1.52
fold2_room1_mix0617,72,4,0,162,-12,1.93
fold2_room1_mix0617,73,4,0,165,-11,2.38
fold2_room1_mix0617,74,4,0,168,-9,2.70
fold2_room1_mix0617,75,4,0,171,-8,3.02
fold2_room1_mix0617,76,4,0,172,-7,3.63
fold2_room1_mix0617,77,4,0,174,-5,4.07
fold2_room1_mix0617,78,4,0,174,-6,4.33
fold2_room1_mix0617,79,4,0,174,-5,4.81
fold2_room1_mix0617,80,4,0,174,-4,5.12
fold2_room1_mix0617,81,4,0,175,-4,6.05
fold2_room1_mix0617,82,4,0,175,-4,6.37
fold2_room1_mix0617,83,4,0,175,-3,6.88
fold2_room1_mix0617,84,4,0,176,-3,7.51
fold2_room1_mix0617,85,4,0,176,-3,7.82
fold2_room1_mix0617,86,4,0,176,-3,8.10
fold2_room1_mix0617,87,4,0,176,-2,8.59
fold2_room1_mix0617,88,4,0,176,-2,9.22
fold2_room1_mix0617,89,4,0,176,-2,9.45
fold2_room1_mix0617,90,4,0,177,-2,9.91
fold2_room1_mix0617,91,4,0,176,-2,10.33
fold2_room1_mix0617,92,4,0,176,-2,11.27
fold2_room1_mix0617,93,4,0,176,-1,11.55
fold2_room1_mix0617,94,4,0,176,-1,12.27
fold2_room1_mix0617,95,4,0,176,-2,12.75
fold2_room1_mix0617,96,4,0,177,-1,13.28
fold2_room1_mix0617,97,4,0,176,-1,14.46
fold2_room1_mix0617,98,4,0,177,-1,14.07
fold2_room1_mix0617,99,4,0,177,-1,13.94
fold2_room1_mix0617,1,4,0,-2,0,1.87
fold2_room1_mix0617,2,4,0,-3,2,1.32
fold2_room1_mix0618,49,0,0,91,-2,2.13
fold2_room1_mix0618,52,0,0,-2,-3,4.50
fold2_room1_mix0618,53,0,0,6,-4,8.34
fold2_room1_mix0618,53,0,0,-15,-4,6.47
fold2_room1_mix0618,54,0,0,-7,-3,6.84
fold2_room1_mix0618,55,0,0,-8,-3,5.52
fold2_room1_mix0618,56,0,0,-1,-3,14.21
fold2_room1_mix0618,56,0,0,-38,-3,8.77
fold2_room1_mix0618,57,0,0,-29,-4,11.59
fold2_room1_mix0618,57,0,0,-47,-4,8.40
fold2_room1_mix0618,58,0,0,-48,-4,9.62
fold2_room1_mix0618,59,0,0,-25,-4,14.44
fold2_room1_mix0618,59,0,0,-53,-4,9.51
fold2_room1_mix0618,60,0,0,-7,-2,19.33
fold2_room1_mix0618,60,0,0,-29,-2,14.83
fold2_room1_mix0618,61,0,0,-13,-2,17.94
fold2_room1_mix0618,62,0,0,-8,-2,18.77
fold2_room1_mix0618,63,0,0,-5,-3,16.52
fold2_room1_mix0618,63,0,0,-26,-2,14.48
fold2_room1_mix0618,64,0,0,-21,-2,17.14
fold2_room1_mix0618,65,0,0,6,-3,18.19
fold2_room1_mix0618,65,0,0,-32,-3,12.49
fold2_room1_mix0618,66,0,0,3,-3,17.17
fold2_room1_mix0618,66,0,0,-19,-2,16.07
fold2_room1_mix0618,67,0,0,-18,-2,14.67
fold2_room1_mix0618,68,0,0,-14,-2,16.54
fold2_room1_mix0618,69,0,0,-10,-2,20.41
fold2_room1_mix0618,70,0,0,-12,-2,19.76
fold2_room1_mix0618,71,0,0,-14,-2,19.13
fold2_room1_mix0618,73,0,0,-23,-2,19.66
fold2_room1_mix0618,51,0,0,-13,-4,4.49
fold2_room1_mix0618,72,0,0,-15,-2,23.92
fold2_room1_mix0618,74,0,0,-23,-2,18.84
fold2_room1_mix0618,75,0,0,-31,-3,17.93
fold2_room1_mix0619,4,4,0,2,0,14.62
fold2_room1_mix0619,5,4,0,0,0,20.57
fold2_room1_mix0619,6,4,0,0,0,23.60
fold2_room1_mix0619,7,4,0,1,0,29.12
fold2_room1_mix0619,8,4,0,2,0,44.03
fold2_room1_mix0619,9,4,0,0,-1,40.24
fold2_room1_mix0619,10,4,0,2,-1,42.17
fold2_room1_mix0619,11,4,0,1,-1,43.20
fold2_room1_mix0619,12,4,0,2,0,43.41
fold2_room1_mix0619,13,4,0,0,-1,41.49
fold2_room1_mix0619,14,4,0,1,-1,43.47
fold2_room1_mix0619,15,4,0,0,-1,41.71
fold2_room1_mix0619,16,4,0,0,-1,41.79
fold2_room1_mix0619,17,4,0,0,0,44.02
fold2_room1_mix0619,18,4,0,0,-1,43.33
fold2_room1_mix0619,19,4,0,0,0,43.89
fold2_room1_mix0619,20,4,0,0,-1,43.00
fold2_room1_mix0619,21,4,0,0,-1,42.20
fold2_room1_mix0619,22,4,0,0,-1,40.68
fold2_room1_mix0619,23,4,0,0,0,39.89
fold2_room1_mix0619,24,4,0,0,0,40.71
fold2_room1_mix0619,25,4,0,-1,-1,38.80
fold2_room1_mix0619,26,4,0,0,-1,39.12
fold2_room1_mix0619,27,4,0,2,0,39.50
fold2_room1_mix0619,28,4,0,0,0,38.47
fold2_room1_mix0619,29,4,0,0,-1,36.51
fold2_room1_mix0619,30,4,0,0,0,37.00
fold2_room1_mix0619,31,4,0,0,-1,34.80
fold2_room1_mix0619,32,4,0,0,-1,35.72
fold2_room1_mix0619,33,4,0,0,0,34.53
fold2_room1_mix0619,34,4,0,0,-1,33.63
fold2_room1_mix0619,35,4,0,0,0,32.75
fold2_room1_mix0619,36,4,0,0,0,31.51
fold2_room1_mix0619,37,4,0,0,-1,30.01
fold2_room1_mix0619,38,4,0,0,0,29.04
fold2_room1_mix0619,39,4,0,-1,-1,28.47
fold2_room1_mix0619,40,4,0,-1,0,29.14
fold2_room1_mix0619,41,4,0,-2,0,27.72
fold2_room1_mix0619,42,4,0,-1,-1,26.63
fold2_room1_mix0619,43,4,0,-1,-1,27.66
fold2_room1_mix0619,44,4,0,-2,-1,26.95
fold2_room1_mix0619,45,4,0,-3,-1,24.80
fold2_room1_mix0619,46,4,0,-3,-1,25.09
fold2_room1_mix0619,47,4,0,-3,-1,23.81
fold2_room1_mix0619,48,4,0,-2,-1,22.97
fold2_room1_mix0619,49,4,0,-3,-1,22.44
fold2_room1_mix0619,50,4,0,-3,-1,21.39
fold2_room1_mix0619,51,4,0,-4,-1,20.76
fold2_room1_mix0619,52,4,0,-5,-1,21.13
fold2_room1_mix0619,53,4,0,-4,-1,19.83
fold2_room1_mix0619,54,4,0,-5,-1,18.73
fold2_room1_mix0619,55,4,0,-5,-1,17.87
fold2_room1_mix0619,56,4,0,-6,-1,18.17
fold2_room1_mix0619,57,4,0,-7,-1,17.10
fold2_room1_mix0619,58,4,0,-7,-2,16.32
fold2_room1_mix0619,59,4,0,-6,-2,16.21
fold2_room1_mix0619,60,4,0,-7,-2,15.23
fold2_room1_mix0619,61,4,0,-8,-2,14.76
fold2_room1_mix0619,62,4,0,-9,-2,14.22
fold2_room1_mix0619,63,4,0,-11,-2,13.34
fold2_room1_mix0619,64,4,0,-10,-2,12.53
fold2_room1_mix0619,65,4,0,-13,-3,11.83
fold2_room1_mix0619,66,4,0,-14,-3,10.94
fold2_room1_mix0619,67,4,0,-16,-3,10.40
fold2_room1_mix0619,68,4,0,-17,-3,10.20
fold2_room1_mix0619,69,4,0,-17,-4,9.06
fold2_room1_mix0619,70,4,0,-18,-4,8.10
fold2_room1_mix0619,71,4,0,-20,-4,7.79
fold2_room1_mix0619,72,4,0,-20,-5,7.22
fold2_room1_mix0619,73,4,0,-23,-6,6.15
fold2_room1_mix0619,74,4,0,-26,-7,5.36
fold2_room1_mix0619,75,4,0,-26,-7,5.15
fold2_room1_mix0619,76,4,0,-30,-9,4.55
fold2_room1_mix0619,77,4,0,-35,-9,3.91
fold2_room1_mix0619,78,4,0,-37,-11,3.58
fold2_room1_mix0619,79,4,0,-43,-12,3.05
fold2_room1_mix0619,80,4,0,-51,-15,2.81
fold2_room1_mix0619,81,4,0,-62,-17,2.72
fold2_room1_mix0619,82,4,0,-77,-20,2.52
fold2_room1_mix0619,83,4,0,-94,-20,2.54
fold2_room1_mix0619,84,4,0,-109,-18,2.82
fold2_room1_mix0619,85,4,0,-122,-16,2.98
fold2_room1_mix0619,86,4,0,-135,-13,3.41
fold2_room1_mix0619,87,4,0,-141,-12,3.73
fold2_room1_mix0619,88,4,0,-146,-11,4.35
fold2_room1_mix0619,89,4,0,-148,-10,4.67
fold2_room1_mix0619,90,4,0,-151,-9,4.96
fold2_room1_mix0619,91,4,0,-154,-8,5.95
fold2_room1_mix0619,92,4,0,-156,-7,6.19
fold2_room1_mix0619,93,4,0,-157,-7,6.39
fold2_room1_mix0619,94,4,0,-159,-6,7.61
fold2_room1_mix0619,95,4,0,-159,-5,7.91
fold2_room1_mix0619,96,4,0,-160,-5,8.79
fold2_room1_mix0619,97,4,0,-162,-4,9.55
fold2_room1_mix0619,98,4,0,-163,-4,9.68
fold2_room1_mix0619,99,4,0,-164,-4,10.57
fold2_room1_mix0620,38,4,0,9,0,8.42
fold2_room1_mix0620,39,4,0,8,0,8.41
fold2_room1_mix0620,40,4,0,11,-1,13.91
fold2_room1_mix0620,41,4,0,8,-2,15.90
fold2_room1_mix0620,42,4,0,13,-1,16.85
fold2_room1_mix0620,43,4,0,11,-2,17.18
fold2_room1_mix0620,44,4,0,13,-2,16.09
fold2_room1_mix0620,45,4,0,11,-2,14.93
fold2_room1_mix0620,46,4,0,12,-2,14.15
fold2_room1_mix0620,47,4,0,11,-2,13.26
fold2_room1_mix0620,48,4,0,17,-2,11.93
fold2_room1_mix0620,49,4,0,17,-3,11.06
fold2_room1_mix0620,50,4,0,19,-3,10.60
fold2_room1_mix0620,51,4,0,22,-3,9.72
fold2_room1_mix0620,52,4,0,22,-4,8.39
fold2_room1_mix0620,53,4,0,23,-4,7.92
fold2_room1_mix0620,54,4,0,25,-5,7.14
fold2_room1_mix0620,55,4,0,27,-5,6.06
fold2_room1_mix0620,56,4,0,29,-6,5.67
fold2_room1_mix0620,57,4,0,33,-7,4.67
fold2_room1_mix0620,58,4,0,37,-9,3.88
fold2_room1_mix0620,59,4,0,43,-10,3.48
fold2_room1_mix0620,60,4,0,59,-12,3.20
fold2_room1_mix0620,61,4,0,76,-13,2.82
fold2_room1_mix0620,62,4,0,91,-12,2.93
fold2_room1_mix0620,63,4,0,112,-12,2.88
fold2_room1_mix0620,64,4,0,123,-10,3.28
fold2_room1_mix0620,65,4,0,136,-8,3.67
fold2_room1_mix0620,66,4,0,144,-7,4.46
fold2_room1_mix0620,67,4,0,148,-7,4.93
fold2_room1_mix0620,68,4,0,153,-6,5.82
fold2_room1_mix0620,69,4,0,154,-5,6.63
fold2_room1_mix0620,70,4,0,157,-5,6.95
fold2_room1_mix0620,71,4,0,160,-4,7.74
fold2_room1_mix0620,72,4,0,161,-4,8.51
fold2_room1_mix0620,73,4,0,162,-4,9.21
fold2_room1_mix0620,74,4,0,164,-3,10.02
fold2_room1_mix0620,75,4,0,165,-3,10.97
fold2_room1_mix0620,76,4,0,165,-3,11.83
fold2_room1_mix0620,77,4,0,167,-2,12.04
fold2_room1_mix0620,78,4,0,167,-2,12.69
fold2_room1_mix0620,79,4,0,169,-2,13.88
fold2_room1_mix0620,80,4,0,169,-2,14.09
fold2_room1_mix0620,81,4,0,168,-1,14.71
fold2_room1_mix0620,82,4,0,169,-1,15.22
fold2_room1_mix0620,83,4,0,168,-1,15.42
fold2_room1_mix0620,84,4,0,171,-1,12.52
fold2_room1_mix0620,85,4,0,171,0,7.64
fold2_room1_mix0621,3,4,0,-3,0,3.85
fold2_room1_mix0621,4,4,0,0,0,11.26
fold2_room1_mix0621,5,4,0,0,0,21.45
fold2_room1_mix0621,6,4,0,-2,0,24.65
fold2_room1_mix0621,7,4,0,0,0,31.12
fold2_room1_mix0621,8,4,0,0,0,43.37
fold2_room1_mix0621,9,4,0,0,-1,43.56
fold2_room1_mix0621,10,4,0,0,-1,39.95
fold2_room1_mix0621,11,4,0,0,0,41.66
fold2_room1_mix0621,12,4,0,0,0,42.02
fold2_room1_mix0621,13,4,0,-1,0,39.93
fold2_room1_mix0621,14,4,0,0,0,41.60
fold2_room1_mix0621,15,4,0,0,0,41.21
fold2_room1_mix0621,16,4,0,1,0,38.67
fold2_room1_mix0621,17,4,0,0,0,41.12
fold2_room1_mix0621,18,4,0,1,0,38.11
fold2_room1_mix0621,19,4,0,1,0,38.27
fold2_room1_mix0621,20,4,0,0,0,36.83
fold2_room1_mix0621,21,4,0,0,0,36.92
fold2_room1_mix0621,22,4,0,0,0,34.57
fold2_room1_mix0621,23,4,0,0,-1,31.03
fold2_room1_mix0621,24,4,0,0,0,32.42
fold2_room1_mix0621,25,4,0,-1,-1,31.24
fold2_room1_mix0621,26,4,0,0,-1,30.45
fold2_room1_mix0621,27,4,0,1,0,32.15
fold2_room1_mix0621,28,4,0,0,-1,29.09
fold2_room1_mix0621,29,4,0,0,-1,28.64
fold2_room1_mix0621,30,4,0,-1,-1,27.58
fold2_room1_mix0621,31,4,0,-2,-1,28.23
fold2_room1_mix0621,32,4,0,-1,-1,28.46
fold2_room1_mix0621,33,4,0,0,-1,27.93
fold2_room1_mix0621,34,4,0,0,-1,25.54
fold2_room1_mix0621,35,4,0,0,-1,26.55
fold2_room1_mix0621,36,4,0,-1,-1,25.10
fold2_room1_mix0621,37,4,0,0,-1,24.12
fold2_room1_mix0621,38,4,0,-1,-1,22.99
fold2_room1_mix0621,39,4,0,-1,-1,23.17
fold2_room1_mix0621,40,4,0,-1,-1,22.72
fold2_room1_mix0621,41,4,0,-1,-1,20.86
fold2_room1_mix0621,42,4,0,-2,-1,19.74
fold2_room1_mix0621,43,4,0,-2,-1,20.40
fold2_room1_mix0621,44,4,0,-3,-1,18.77
fold2_room1_mix0621,45,4,0,-3,-1,18.12
fold2_room1_mix0621,46,4,0,-3,-1,17.61
fold2_room1_mix0621,47,4,0,-4,-1,16.29
fold2_room1_mix0621,48,4,0,-4,-1,15.48
fold2_room1_mix0621,49,4,0,-5,-1,15.36
fold2_room1_mix0621,50,4,0,-5,-2,14.81
fold2_room1_mix0621,51,4,0,-6,-2,13.84
fold2_room1_mix0621,52,4,0,-8,-2,12.76
fold2_room1_mix0621,53,4,0,-8,-2,12.47
fold2_room1_mix0621,54,4,0,-9,-3,11.12
fold2_room1_mix0621,55,4,0,-11,-3,10.74
fold2_room1_mix0621,56,4,0,-12,-3,10.00
fold2_room1_mix0621,57,4,0,-12,-3,9.37
fold2_room1_mix0621,58,4,0,-13,-4,8.25
fold2_room1_mix0621,59,4,0,-14,-4,7.99
fold2_room1_mix0621,60,4,0,-16,-4,6.72
fold2_room1_mix0621,61,4,0,-18,-5,6.10
fold2_room1_mix0621,62,4,0,-20,-6,5.13
fold2_room1_mix0621,63,4,0,-22,-7,4.98
fold2_room1_mix0621,64,4,0,-26,-8,4.05
fold2_room1_mix0621,65,4,0,-29,-9,3.58
fold2_room1_mix0621,66,4,0,-36,-11,3.08
fold2_room1_mix0621,67,4,0,-43,-12,2.65
fold2_room1_mix0621,68,4,0,-55,-15,2.43
fold2_room1_mix0621,69,4,0,-76,-18,2.22
fold2_room1_mix0621,70,4,0,-100,-18,2.09
fold2_room1_mix0621,71,4,0,-120,-15,2.23
fold2_room1_mix0621,72,4,0,-132,-13,2.74
fold2_room1_mix0621,73,4,0,-142,-10,3.12
fold2_room1_mix0621,74,4,0,-148,-10,3.50
fold2_room1_mix0621,75,4,0,-151,-8,4.31
fold2_room1_mix0621,76,4,0,-155,-7,4.63
fold2_room1_mix0621,77,4,0,-157,-6,5.34
fold2_room1_mix0621,78,4,0,-160,-5,6.14
fold2_room1_mix0621,79,4,0,-161,-5,6.70
fold2_room1_mix0621,80,4,0,-162,-5,7.11
fold2_room1_mix0621,81,4,0,-163,-4,8.16
fold2_room1_mix0621,82,4,0,-164,-4,8.73
fold2_room1_mix0621,83,4,0,-165,-3,9.65
fold2_room1_mix0621,84,4,0,-166,-3,10.18
fold2_room1_mix0621,85,4,0,-167,-3,11.20
fold2_room1_mix0621,86,4,0,-168,-2,11.54
fold2_room1_mix0621,87,4,0,-168,-2,12.15
fold2_room1_mix0621,88,4,0,-169,-2,13.07
fold2_room1_mix0621,89,4,0,-169,-2,13.57
fold2_room1_mix0621,90,4,0,-170,-2,14.26
fold2_room1_mix0621,91,4,0,-171,-1,16.28
fold2_room1_mix0621,92,4,0,-171,-1,15.73
fold2_room1_mix0621,93,4,0,-172,-1,16.87
fold2_room1_mix0621,94,4,0,-172,-1,18.37
fold2_room1_mix0621,95,4,0,-172,-1,18.70
fold2_room1_mix0621,96,4,0,-172,-1,19.13
fold2_room1_mix0621,97,4,0,-173,0,20.63
fold2_room1_mix0621,98,4,0,-173,-1,20.07
fold2_room1_mix0621,99,4,0,-174,-1,20.47
fold2_room1_mix0622,0,5,0,171,4,1.99
fold2_room1_mix0622,1,5,0,171,3,7.13
fold2_room1_mix0622,2,4,0,2,0,3.44
fold2_room1_mix0622,2,5,0,174,3,8.20
fold2_room1_mix0622,3,4,0,6,0,9.89
fold2_room1_mix0622,3,5,0,165,4,4.96
fold2_room1_mix0622,4,4,0,10,-1,14.91
fold2_room1_mix0622,4,5,0,161,3,2.65
fold2_room1_mix0622,5,4,0,6,-1,14.37
fold2_room1_mix0622,5,5,0,168,3,12.27
fold2_room1_mix0622,6,4,0,6,-1,14.94
fold2_room1_mix0622,6,5,0,165,4,11.14
fold2_room1_mix0622,7,4,0,7,-1,21.50
fold2_room1_mix0622,7,5,0,167,4,10.44
fold2_room1_mix0622,8,4,0,9,-2,22.12
fold2_room1_mix0622,8,5,0,166,3,10.70
fold2_room1_mix0622,9,4,0,7,-2,19.21
fold2_room1_mix0622,9,5,0,167,3,10.90
fold2_room1_mix0622,10,4,0,7,-2,19.23
fold2_room1_mix0622,10,5,0,162,4,9.52
fold2_room1_mix0622,11,4,0,9,-2,19.72
fold2_room1_mix0622,11,5,0,161,4,9.48
fold2_room1_mix0622,12,4,0,10,-2,19.31
fold2_room1_mix0622,12,5,0,163,4,9.95
fold2_room1_mix0622,13,4,0,10,-3,18.15
fold2_room1_mix0622,13,5,0,162,4,10.04
fold2_room1_mix0622,14,4,0,10,-2,16.84
fold2_room1_mix0622,14,5,0,162,4,9.22
fold2_room1_mix0622,15,4,0,10,-2,18.73
fold2_room1_mix0622,15,5,0,166,4,9.46
fold2_room1_mix0622,16,4,0,11,-2,17.13
fold2_room1_mix0622,16,5,0,161,5,8.77
fold2_room1_mix0622,17,4,0,11,-2,15.89
fold2_room1_mix0622,17,5,0,161,5,8.39
fold2_room1_mix0622,18,4,0,12,-2,16.00
fold2_room1_mix0622,18,5,0,159,5,8.38
fold2_room1_mix0622,19,4,0,12,-2,16.19
fold2_room1_mix0622,19,5,0,160,5,8.34
fold2_room1_mix0622,20,4,0,12,-2,15.29
fold2_room1_mix0622,20,5,0,159,5,7.54
fold2_room1_mix0622,21,4,0,13,-3,14.47
fold2_room1_mix0622,21,5,0,159,5,7.98
fold2_room1_mix0622,22,4,0,15,-3,13.38
fold2_room1_mix0622,22,5,0,160,6,7.65
fold2_room1_mix0622,23,4,0,14,-3,11.93
fold2_room1_mix0622,23,5,0,159,5,7.66
fold2_room1_mix0622,24,4,0,14,-3,12.11
fold2_room1_mix0622,24,5,0,158,5,7.23
fold2_room1_mix0622,25,4,0,15,-3,11.80
fold2_room1_mix0622,25,5,0,157,7,6.05
fold2_room1_mix0622,26,4,0,16,-3,10.90
fold2_room1_mix0622,26,5,0,157,5,7.17
fold2_room1_mix0622,27,4,0,18,-3,10.83
fold2_room1_mix0622,27,5,0,158,6,6.50
fold2_room1_mix0622,28,4,0,19,-3,10.91
fold2_room1_mix0622,28,5,0,158,7,5.87
fold2_room1_mix0622,29,4,0,20,-3,9.93
fold2_room1_mix0622,29,5,0,156,7,6.02
fold2_room1_mix0622,30,4,0,23,-3,9.71
fold2_room1_mix0622,30,5,0,155,7,5.99
fold2_room1_mix0622,31,4,0,24,-3,9.33
fold2_room1_mix0622,31,5,0,154,7,5.80
fold2_room1_mix0622,32,4,0,24,-4,9.54
fold2_room1_mix0622,32,5,0,152,9,5.32
fold2_room1_mix0622,33,4,0,24,-3,8.67
fold2_room1_mix0622,33,5,0,153,8,5.36
fold2_room1_mix0622,34,4,0,26,-4,8.06
fold2_room1_mix0622,34,5,0,150,10,4.76
fold2_room1_mix0622,35,4,0,26,-4,8.16
fold2_room1_mix0622,35,5,0,153,10,5.06
fold2_room1_mix0622,36,4,0,27,-5,7.40
fold2_room1_mix0622,36,5,0,151,8,5.57
fold2_room1_mix0622,37,4,0,28,-5,7.36
fold2_room1_mix0622,37,5,0,152,10,4.92
fold2_room1_mix0622,38,4,0,35,-6,5.93
fold2_room1_mix0622,38,4,0,16,-2,10.48
fold2_room1_mix0622,38,5,0,155,8,5.64
fold2_room1_mix0622,39,4,0,37,-6,5.56
fold2_room1_mix0622,39,4,0,20,-3,9.05
fold2_room1_mix0622,39,5,0,156,8,5.57
fold2_room1_mix0622,40,4,0,42,-7,5.34
fold2_room1_mix0622,40,4,0,14,-2,10.87
fold2_room1_mix0622,40,5,0,156,9,5.62
fold2_room1_mix0622,41,4,0,47,-7,4.68
fold2_room1_mix0622,41,4,0,23,-2,10.54
fold2_room1_mix0622,41,5,0,154,9,5.60
fold2_room1_mix0622,42,4,0,58,-7,4.22
fold2_room1_mix0622,42,4,0,31,-2,8.73
fold2_room1_mix0622,42,5,0,152,10,4.74
fold2_room1_mix0622,43,4,0,63,-7,3.84
fold2_room1_mix0622,43,4,0,23,0,13.83
fold2_room1_mix0622,43,5,0,152,9,5.15
fold2_room1_mix0622,44,4,0,73,-8,3.77
fold2_room1_mix0622,44,4,0,27,0,14.88
fold2_room1_mix0622,44,5,0,154,9,5.57
fold2_room1_mix0622,45,4,0,80,-8,4.05
fold2_room1_mix0622,45,4,0,29,0,17.07
fold2_room1_mix0622,45,5,0,150,10,4.87
fold2_room1_mix0622,46,4,0,87,-8,4.08
fold2_room1_mix0622,46,4,0,34,0,15.63
fold2_room1_mix0622,46,5,0,149,11,4.60
fold2_room1_mix0622,47,4,0,100,-6,4.05
fold2_room1_mix0622,47,4,0,20,1,20.81
fold2_room1_mix0622,47,5,0,155,9,5.33
fold2_room1_mix0622,48,4,0,107,-6,4.22
fold2_room1_mix0622,48,4,0,22,1,21.04
fold2_room1_mix0622,48,5,0,150,12,4.19
fold2_room1_mix0622,49,4,0,117,-5,4.24
fold2_room1_mix0622,49,4,0,16,1,19.06
fold2_room1_mix0622,49,5,0,151,11,4.88
fold2_room1_mix0622,50,4,0,123,-4,4.71
fold2_room1_mix0622,50,4,0,10,1,21.11
fold2_room1_mix0622,50,5,0,152,11,4.95
fold2_room1_mix0622,51,4,0,128,-5,4.90
fold2_room1_mix0622,51,4,0,11,0,21.49
fold2_room1_mix0622,51,5,0,154,11,4.62
fold2_room1_mix0622,52,4,0,136,-4,5.26
fold2_room1_mix0622,52,4,0,87,-4,6.54
fold2_room1_mix0622,52,4,0,10,0,20.26
fold2_room1_mix0622,52,5,0,151,12,4.42
fold2_room1_mix0622,53,4,0,141,-4,5.60
fold2_room1_mix0622,53,4,0,1,0,20.38
fold2_room1_mix0622,53,5,0,152,11,5.00
fold2_room1_mix0622,54,4,0,142,-5,6.00
fold2_room1_mix0622,54,4,0,0,-1,19.00
fold2_room1_mix0622,54,5,0,153,10,5.36
fold2_room1_mix0622,55,4,0,146,-4,6.15
fold2_room1_mix0622,55,4,0,1,0,20.12
fold2_room1_mix0622,55,5,0,151,10,4.90
fold2_room1_mix0622,56,4,0,150,-4,7.06
fold2_room1_mix0622,56,4,0,133,-6,7.48
fold2_room1_mix0622,56,4,0,0,-1,19.50
fold2_room1_mix0622,56,5,0,155,10,5.37
fold2_room1_mix0622,57,4,0,154,-4,7.16
fold2_room1_mix0622,57,4,0,14,-3,10.11
fold2_room1_mix0622,57,4,0,-3,0,18.79
fold2_room1_mix0622,57,5,0,151,12,4.41
fold2_room1_mix0622,58,4,0,157,-6,6.30
fold2_room1_mix0622,58,4,0,-7,-3,13.11
fold2_room1_mix0622,58,5,0,151,10,5.10
fold2_room1_mix0622,59,4,0,158,-6,6.87
fold2_room1_mix0622,59,4,0,-7,-3,12.13
fold2_room1_mix0622,59,5,0,151,11,4.74
fold2_room1_mix0622,60,4,0,159,-6,7.44
fold2_room1_mix0622,60,4,0,-12,-4,10.76
fold2_room1_mix0622,60,5,0,156,12,4.60
fold2_room1_mix0622,61,4,0,160,-5,7.37
fold2_room1_mix0622,61,4,0,-13,-3,10.72
fold2_room1_mix0622,61,5,0,150,11,4.57
fold2_room1_mix0622,62,4,0,163,-6,7.31
fold2_room1_mix0622,62,4,0,-22,-5,9.01
fold2_room1_mix0622,62,5,0,148,11,4.67
fold2_room1_mix0622,63,4,0,167,-6,8.37
fold2_room1_mix0622,63,4,0,-28,-6,7.63
fold2_room1_mix0622,63,5,0,150,14,3.82
fold2_room1_mix0622,64,4,0,167,-5,8.13
fold2_room1_mix0622,64,4,0,-29,-6,6.98
fold2_room1_mix0622,64,5,0,153,12,4.47
fold2_room1_mix0622,65,4,0,167,-5,8.32
fold2_room1_mix0622,65,4,0,-38,-7,5.60
fold2_room1_mix0622,65,5,0,148,15,3.51
fold2_room1_mix0622,66,4,0,169,-4,8.77
fold2_room1_mix0622,66,4,0,-45,-9,4.20
fold2_room1_mix0622,66,5,0,148,19,2.82
fold2_room1_mix0622,67,4,0,172,-5,9.67
fold2_room1_mix0622,67,4,0,-53,-12,3.29
fold2_room1_mix0622,67,5,0,144,15,3.44
fold2_room1_mix0622,68,4,0,171,-4,9.72
fold2_room1_mix0622,68,4,0,-67,-13,2.83
fold2_room1_mix0622,68,5,0,144,15,3.50
fold2_room1_mix0622,69,4,0,169,-4,9.62
fold2_room1_mix0622,69,4,0,-70,-12,2.66
fold2_room1_mix0622,69,4,0,-90,-16,2.94
fold2_room1_mix0622,69,5,0,141,23,2.19
fold2_room1_mix0622,70,4,0,169,-4,8.93
fold2_room1_mix0622,70,4,0,-85,-12,2.65
fold2_room1_mix0622,70,4,0,-103,-15,2.57
fold2_room1_mix0622,70,5,0,140,21,2.59
fold2_room1_mix0622,71,4,0,166,-3,9.07
fold2_room1_mix0622,71,4,0,-118,-11,3.22
fold2_room1_mix0622,71,5,0,135,23,2.10
fold2_room1_mix0622,72,4,0,164,-3,9.25
fold2_room1_mix0622,72,4,0,-138,-9,3.54
fold2_room1_mix0622,72,5,0,140,31,1.60
fold2_room1_mix0622,73,4,0,159,-3,9.92
fold2_room1_mix0622,73,4,0,-142,-7,3.94
fold2_room1_mix0622,73,5,0,120,30,1.61
fold2_room1_mix0622,74,4,0,164,-3,8.74
fold2_room1_mix0622,74,4,0,-149,-6,4.58
fold2_room1_mix0622,74,5,0,117,34,1.35
fold2_room1_mix0622,75,4,0,163,-2,10.08
fold2_room1_mix0622,75,4,0,-154,-4,5.59
fold2_room1_mix0622,75,5,0,122,42,1.29
fold2_room1_mix0622,76,4,0,166,-3,10.15
fold2_room1_mix0622,76,4,0,-168,-2,7.76
fold2_room1_mix0622,76,4,0,-152,-5,6.05
fold2_room1_mix0622,76,5,0,118,45,1.27
fold2_room1_mix0622,77,4,0,166,-2,11.43
fold2_room1_mix0622,77,4,0,-160,-3,7.61
fold2_room1_mix0622,77,5,0,110,44,1.17
fold2_room1_mix0622,78,4,0,166,-2,11.96
fold2_room1_mix0622,78,4,0,-176,-1,9.96
fold2_room1_mix0622,78,4,0,-157,-4,7.49
fold2_room1_mix0622,78,5,0,89,44,1.25
fold2_room1_mix0622,79,4,0,171,-1,12.22
fold2_room1_mix0622,79,4,0,-157,-4,8.28
fold2_room1_mix0622,79,5,0,83,43,1.42
fold2_room1_mix0622,80,4,0,166,-1,13.30
fold2_room1_mix0622,80,4,0,-168,-2,10.48
fold2_room1_mix0622,80,5,0,73,43,1.44
fold2_room1_mix0622,81,4,0,170,0,14.99
fold2_room1_mix0622,81,4,0,-160,-3,10.55
fold2_room1_mix0622,81,5,0,63,48,1.41
fold2_room1_mix0622,82,4,0,168,0,15.81
fold2_room1_mix0622,82,4,0,-163,-3,11.32
fold2_room1_mix0622,82,5,0,59,40,1.62
fold2_room1_mix0622,83,4,0,170,0,16.14
fold2_room1_mix0622,83,4,0,-163,-2,12.33
fold2_room1_mix0622,83,5,0,55,39,1.72
fold2_room1_mix0622,84,4,0,170,0,15.79
fold2_room1_mix0622,84,4,0,-168,-2,13.10
fold2_room1_mix0622,84,5,0,51,39,1.75
fold2_room1_mix0622,85,4,0,170,0,17.46
fold2_room1_mix0622,85,4,0,-169,-2,13.49
fold2_room1_mix0622,85,5,0,55,38,1.78
fold2_room1_mix0622,86,4,0,170,0,18.66
fold2_room1_mix0622,86,4,0,-169,-2,15.13
fold2_room1_mix0622,86,5,0,45,37,1.85
fold2_room1_mix0622,87,4,0,171,0,18.74
fold2_room1_mix0622,87,4,0,-170,-2,15.80
fold2_room1_mix0622,87,5,0,45,33,1.95
fold2_room1_mix0622,88,4,0,175,-1,18.84
fold2_room1_mix0622,88,5,0,38,31,2.00
fold2_room1_mix0622,89,4,0,177,-1,19.25
fold2_room1_mix0622,89,5,0,37,32,1.99
fold2_room1_mix0622,90,4,0,177,-1,20.03
fold2_room1_mix0622,90,5,0,35,31,2.07
fold2_room1_mix0622,91,4,0,176,-1,21.00
fold2_room1_mix0622,91,5,0,37,30,2.12
fold2_room1_mix0622,92,4,0,177,-1,21.29
fold2_room1_mix0622,92,5,0,32,30,2.08
fold2_room1_mix0622,93,4,0,175,0,22.80
fold2_room1_mix0622,93,5,0,31,25,2.37
fold2_room1_mix0622,94,4,0,175,-1,23.26
fold2_room1_mix0622,94,5,0,27,25,2.38
fold2_room1_mix0622,95,4,0,175,-1,23.26
fold2_room1_mix0622,95,5,0,30,26,2.30
fold2_room1_mix0622,96,4,0,175,-1,24.11
fold2_room1_mix0622,96,5,0,28,24,2.40
fold2_room1_mix0622,97,4,0,176,-1,25.06
fold2_room1_mix0622,97,5,0,28,23,2.48
fold2_room1_mix0622,98,4,0,175,0,25.89
fold2_room1_mix0622,98,5,0,27,22,2.57
fold2_room1_mix0622,99,4,0,175,-1,24.17
fold2_room1_mix0622,99,5,0,28,20,2.86
fold2_room1_mix0623,3,4,0,-175,0,5.14
fold2_room1_mix0623,4,4,0,-172,0,17.06
fold2_room1_mix0623,5,4,0,-172,0,18.87
fold2_room1_mix0623,6,4,0,-171,0,21.62
fold2_room1_mix0623,7,4,0,-170,0,28.70
fold2_room1_mix0623,8,4,0,-171,0,29.59
fold2_room1_mix0623,9,4,0,-170,0,29.13
fold2_room1_mix0623,10,4,0,-171,0,26.70
fold2_room1_mix0623,11,4,0,-172,0,29.28
fold2_room1_mix0623,12,4,0,-171,-1,28.04
fold2_room1_mix0623,13,4,0,-172,0,27.62
fold2_room1_mix0623,14,4,0,-170,0,26.77
fold2_room1_mix0623,15,4,0,-170,-1,27.00
fold2_room1_mix0623,16,4,0,-168,-1,25.66
fold2_room1_mix0623,17,4,0,-167,0,26.49
fold2_room1_mix0623,18,4,0,-167,-1,24.91
fold2_room1_mix0623,19,4,0,-167,-1,24.87
fold2_room1_mix0623,20,4,0,-166,0,25.03
fold2_room1_mix0623,21,4,0,-165,-1,24.29
fold2_room1_mix0623,22,4,0,-165,-1,23.34
fold2_room1_mix0623,23,4,0,-165,-1,22.04
fold2_room1_mix0623,24,4,0,-164,-1,21.80
fold2_room1_mix0623,25,4,0,-163,-1,21.67
fold2_room1_mix0623,26,4,0,-163,-1,21.71
fold2_room1_mix0623,27,4,0,-163,-1,21.18
fold2_room1_mix0623,28,4,0,-161,-1,20.84
fold2_room1_mix0623,29,4,0,-160,-1,19.65
fold2_room1_mix0623,30,4,0,-159,-1,19.60
fold2_room1_mix0623,31,4,0,-159,-1,19.55
fold2_room1_mix0623,32,4,0,-157,-1,18.91
fold2_room1_mix0623,33,4,0,-159,-1,18.65
fold2_room1_mix0623,34,4,0,-158,-1,18.35
fold2_room1_mix0623,35,4,0,-157,-1,18.20
fold2_room1_mix0623,36,4,0,-157,-1,17.54
fold2_room1_mix0623,37,4,0,-156,-1,16.68
fold2_room1_mix0623,38,4,0,-153,-1,15.69
fold2_room1_mix0623,39,4,0,-152,-2,14.70
fold2_room1_mix0623,40,4,0,-151,-2,14.54
fold2_room1_mix0623,41,4,0,-150,-2,14.06
fold2_room1_mix0623,42,4,0,-149,-2,13.43
fold2_room1_mix0623,43,4,0,-149,-2,13.13
fold2_room1_mix0623,44,4,0,-147,-2,12.57
fold2_room1_mix0623,45,4,0,-145,-2,11.98
fold2_room1_mix0623,46,4,0,-143,-2,12.23
fold2_room1_mix0623,47,4,0,-142,-2,11.28
fold2_room1_mix0623,48,4,0,-141,-3,10.46
fold2_room1_mix0623,49,4,0,-138,-3,10.47
fold2_room1_mix0623,50,4,0,-135,-3,9.91
fold2_room1_mix0623,51,4,0,-135,-3,9.88
fold2_room1_mix0623,52,4,0,-132,-3,9.42
fold2_room1_mix0623,53,4,0,-129,-3,9.00
fold2_room1_mix0623,54,4,0,-130,-4,8.74
fold2_room1_mix0623,55,4,0,-127,-4,8.38
fold2_room1_mix0623,56,4,0,-123,-4,7.72
fold2_room1_mix0623,57,4,0,-121,-4,7.75
fold2_room1_mix0623,58,4,0,-117,-4,7.49
fold2_room1_mix0623,59,4,0,-114,-4,7.68
fold2_room1_mix0623,60,4,0,-107,-4,7.06
fold2_room1_mix0623,61,4,0,-100,-5,6.90
fold2_room1_mix0623,62,4,0,-95,-4,6.93
fold2_room1_mix0623,63,4,0,-89,-5,6.97
fold2_room1_mix0623,64,4,0,-86,-4,7.27
fold2_room1_mix0623,65,4,0,-81,-4,7.53
fold2_room1_mix0623,66,4,0,-76,-4,7.65
fold2_room1_mix0623,67,4,0,-71,-4,7.63
fold2_room1_mix0623,68,4,0,-66,-3,7.82
fold2_room1_mix0623,69,4,0,-62,-3,7.86
fold2_room1_mix0623,70,4,0,-58,-3,7.91
fold2_room1_mix0623,71,4,0,-55,-3,8.32
fold2_room1_mix0623,72,4,0,-52,-3,8.75
fold2_room1_mix0623,73,4,0,-50,-3,8.93
fold2_room1_mix0623,74,4,0,-48,-3,9.00
fold2_room1_mix0623,75,4,0,-45,-3,9.61
fold2_room1_mix0623,76,4,0,-43,-3,9.91
fold2_room1_mix0623,77,4,0,-41,-3,10.40
fold2_room1_mix0623,78,4,0,-38,-3,11.08
fold2_room1_mix0623,79,4,0,-36,-3,11.55
fold2_room1_mix0623,80,4,0,-34,-3,11.66
fold2_room1_mix0623,81,4,0,-32,-2,12.63
fold2_room1_mix0623,82,4,0,-32,-2,12.54
fold2_room1_mix0623,83,4,0,-30,-2,13.69
fold2_room1_mix0623,84,4,0,-29,-2,14.27
fold2_room1_mix0623,85,4,0,-28,-2,14.70
fold2_room1_mix0623,86,4,0,-28,-2,14.86
fold2_room1_mix0623,87,4,0,-25,-2,15.87
fold2_room1_mix0623,88,4,0,-26,-2,15.87
fold2_room1_mix0623,89,4,0,-24,-2,15.99
fold2_room1_mix0623,90,4,0,-23,-1,17.06
fold2_room1_mix0623,91,4,0,-21,-1,18.39
fold2_room1_mix0623,92,4,0,-20,-1,18.13
fold2_room1_mix0623,93,4,0,-19,-1,18.58
fold2_room1_mix0623,94,4,0,-19,-1,19.80
fold2_room1_mix0623,95,4,0,-18,-1,19.99
fold2_room1_mix0623,96,4,0,-17,-1,20.05
fold2_room1_mix0623,97,4,0,-16,-1,23.00
fold2_room1_mix0623,98,4,0,-16,-1,22.54
fold2_room1_mix0623,99,4,0,-15,-1,22.19
fold2_room1_mix0624,56,4,0,1,-1,13.78
fold2_room1_mix0624,57,4,0,1,-1,17.01
fold2_room1_mix0624,58,4,0,4,-1,18.47
fold2_room1_mix0624,59,4,0,1,-1,19.59
fold2_room1_mix0624,60,4,0,5,-1,21.82
fold2_room1_mix0624,61,4,0,5,-1,21.06
fold2_room1_mix0624,62,4,0,6,-1,19.40
fold2_room1_mix0624,63,4,0,6,-2,18.13
fold2_room1_mix0624,64,4,0,7,-2,17.38
fold2_room1_mix0624,65,4,0,7,-2,16.50
fold2_room1_mix0624,66,4,0,9,-2,14.81
fold2_room1_mix0624,67,4,0,7,-3,13.75
fold2_room1_mix0624,68,4,0,8,-2,13.52
fold2_room1_mix0624,69,4,0,7,-3,12.58
fold2_room1_mix0624,70,4,0,8,-3,11.75
fold2_room1_mix0624,71,4,0,8,-3,10.49
fold2_room1_mix0624,72,4,0,8,-3,10.24
fold2_room1_mix0624,73,4,0,8,-4,8.90
fold2_room1_mix0624,74,4,0,10,-4,7.11
fold2_room1_mix0624,75,4,0,10,-5,6.45
fold2_room1_mix0624,76,4,0,12,-5,5.66
fold2_room1_mix0624,77,4,0,15,-7,4.41
fold2_room1_mix0624,78,4,0,17,-7,3.77
fold2_room1_mix0624,79,4,0,21,-11,2.83
fold2_room1_mix0624,80,4,0,30,-15,1.97
fold2_room1_mix0624,81,4,0,52,-22,1.52
fold2_room1_mix0624,82,4,0,105,-23,1.20
fold2_room1_mix0624,83,4,0,136,-15,1.50
fold2_room1_mix0624,84,4,0,155,-10,2.26
fold2_room1_mix0624,85,4,0,162,-7,3.04
fold2_room1_mix0624,86,4,0,163,-6,3.84
fold2_room1_mix0624,87,4,0,169,-5,4.98
fold2_room1_mix0624,88,4,0,172,-3,6.06
fold2_room1_mix0624,89,4,0,173,-3,6.71
fold2_room1_mix0624,90,4,0,175,-2,7.41
fold2_room1_mix0624,91,4,0,175,-3,8.27
fold2_room1_mix0624,92,4,0,174,-2,9.21
fold2_room1_mix0624,93,4,0,175,-2,10.47
fold2_room1_mix0624,94,4,0,175,-2,11.11
fold2_room1_mix0624,95,4,0,176,-2,11.70
fold2_room1_mix0624,96,4,0,175,-1,12.47
fold2_room1_mix0624,97,4,0,176,-1,14.09
fold2_room1_mix0624,98,4,0,176,-1,14.05
fold2_room1_mix0624,99,4,0,177,-1,14.71
fold2_room1_mix0625,3,4,0,179,0,3.43
fold2_room1_mix0625,4,4,0,177,-1,13.75
fold2_room1_mix0625,5,4,0,177,0,15.24
fold2_room1_mix0625,6,4,0,178,0,15.89
fold2_room1_mix0625,7,4,0,176,-1,22.65
fold2_room1_mix0625,8,4,0,177,-1,22.69
fold2_room1_mix0625,9,4,0,177,-1,22.29
fold2_room1_mix0625,10,4,0,177,-1,22.51
fold2_room1_mix0625,11,4,0,177,-1,21.79
fold2_room1_mix0625,12,4,0,177,-1,21.99
fold2_room1_mix0625,13,4,0,177,0,20.60
fold2_room1_mix0625,14,4,0,177,-1,20.46
fold2_room1_mix0625,15,4,0,176,-1,20.41
fold2_room1_mix0625,16,4,0,177,-1,20.11
fold2_room1_mix0625,17,4,0,177,-1,20.77
fold2_room1_mix0625,18,4,0,177,-1,20.40
fold2_room1_mix0625,19,4,0,176,-1,20.22
fold2_room1_mix0625,20,4,0,176,-1,20.56
fold2_room1_mix0625,21,4,0,177,-1,19.73
fold2_room1_mix0625,22,4,0,177,-1,18.58
fold2_room1_mix0625,23,4,0,177,-1,18.67
fold2_room1_mix0625,24,4,0,178,-1,18.72
fold2_room1_mix0625,25,4,0,177,-1,17.09
fold2_room1_mix0625,26,4,0,177,-1,16.65
fold2_room1_mix0625,27,4,0,178,-1,16.56
fold2_room1_mix0625,28,4,0,177,-1,16.08
fold2_room1_mix0625,29,4,0,177,-1,16.01
fold2_room1_mix0625,30,4,0,177,-1,15.77
fold2_room1_mix0625,31,4,0,177,-1,14.88
fold2_room1_mix0625,32,4,0,177,-2,14.66
fold2_room1_mix0625,33,4,0,177,-2,13.84
fold2_room1_mix0625,34,4,0,177,-2,14.49
fold2_room1_mix0625,35,4,0,176,-2,13.43
fold2_room1_mix0625,36,4,0,176,-2,13.33
fold2_room1_mix0625,37,4,0,176,-2,13.29
fold2_room1_mix0625,38,4,0,176,-2,12.59
fold2_room1_mix0625,39,4,0,176,-2,12.07
fold2_room1_mix0625,40,4,0,176,-2,13.41
fold2_room1_mix0625,41,0,0,-103,-4,3.68
fold2_room1_mix0625,41,4,0,174,-2,12.41
fold2_room1_mix0625,42,0,0,-102,-4,4.31
fold2_room1_mix0625,42,4,0,174,-3,12.87
fold2_room1_mix0625,43,0,0,-95,-5,8.13
fold2_room1_mix0625,43,4,0,173,-4,11.16
fold2_room1_mix0625,44,0,0,-102,-5,7.14
fold2_room1_mix0625,44,4,0,173,-4,11.03
fold2_room1_mix0625,45,0,0,-105,-5,7.11
fold2_room1_mix0625,45,4,0,171,-4,10.23
fold2_room1_mix0625,46,0,0,-107,-5,9.63
fold2_room1_mix0625,46,4,0,172,-5,9.36
fold2_room1_mix0625,47,0,0,-110,-5,10.03
fold2_room1_mix0625,47,4,0,175,-5,9.91
fold2_room1_mix0625,47,4,0,153,-6,6.60
fold2_room1_mix0625,48,0,0,-119,-5,10.08
fold2_room1_mix0625,48,4,0,177,-5,8.17
fold2_room1_mix0625,48,4,0,154,-7,5.42
fold2_room1_mix0625,49,0,0,-122,-4,11.46
fold2_room1_mix0625,49,4,0,177,-6,8.26
fold2_room1_mix0625,49,4,0,148,-8,4.87
fold2_room1_mix0625,50,0,0,-128,-4,11.36
fold2_room1_mix0625,50,4,0,-179,-6,7.35
fold2_room1_mix0625,50,4,0,146,-9,3.90
fold2_room1_mix0625,51,0,0,-125,-4,9.99
fold2_room1_mix0625,51,4,0,177,-6,8.39
fold2_room1_mix0625,51,4,0,136,-10,4.05
fold2_room1_mix0625,52,0,0,-131,-3,10.78
fold2_room1_mix0625,52,4,0,175,-7,6.83
fold2_room1_mix0625,52,4,0,129,-9,4.41
fold2_room1_mix0625,53,0,0,-134,-3,10.10
fold2_room1_mix0625,53,4,0,177,-7,6.81
fold2_room1_mix0625,53,4,0,126,-10,3.81
fold2_room1_mix0625,54,0,0,-136,-3,11.55
fold2_room1_mix0625,54,4,0,176,-8,5.81
fold2_room1_mix0625,54,4,0,108,-11,3.48
fold2_room1_mix0625,55,0,0,-139,-3,11.68
fold2_room1_mix0625,55,4,0,177,-9,4.96
fold2_room1_mix0625,55,4,0,99,-11,3.10
fold2_room1_mix0625,56,0,0,-142,-3,11.63
fold2_room1_mix0625,56,4,0,175,-9,4.53
fold2_room1_mix0625,56,4,0,74,-14,2.58
fold2_room1_mix0625,57,0,0,-144,-3,12.80
fold2_room1_mix0625,57,4,0,170,-10,3.72
fold2_room1_mix0625,57,4,0,52,-12,2.77
fold2_room1_mix0625,58,0,0,-143,-3,11.57
fold2_room1_mix0625,58,4,0,170,-11,3.43
fold2_room1_mix0625,58,4,0,43,-9,3.93
fold2_room1_mix0625,59,0,0,-145,-2,10.85
fold2_room1_mix0625,59,4,0,176,-14,2.78
fold2_room1_mix0625,59,4,0,39,-11,3.56
fold2_room1_mix0625,60,0,0,-146,-2,13.66
fold2_room1_mix0625,60,4,0,160,-21,2.23
fold2_room1_mix0625,60,4,0,40,-10,5.42
fold2_room1_mix0625,61,0,0,-147,-2,12.78
fold2_room1_mix0625,61,4,0,149,-30,1.65
fold2_room1_mix0625,61,4,0,34,-10,6.08
fold2_room1_mix0625,62,0,0,-146,-2,16.50
fold2_room1_mix0625,62,4,0,152,-46,1.55
fold2_room1_mix0625,62,4,0,115,-44,1.44
fold2_room1_mix0625,62,4,0,33,-9,8.54
fold2_room1_mix0625,63,0,0,-139,-3,13.81
fold2_room1_mix0625,63,4,0,99,-54,1.14
fold2_room1_mix0625,63,4,0,68,-43,1.67
fold2_room1_mix0625,63,4,0,28,-6,8.89
fold2_room1_mix0625,64,0,0,-143,-3,10.93
fold2_room1_mix0625,64,4,0,82,-49,1.21
fold2_room1_mix0625,64,4,0,49,-38,1.80
fold2_room1_mix0625,64,4,0,22,-5,9.32
fold2_room1_mix0625,65,0,0,-150,-2,16.99
fold2_room1_mix0625,65,4,0,116,-63,1.55
fold2_room1_mix0625,65,4,0,31,-36,1.68
fold2_room1_mix0625,65,4,0,24,-6,8.82
fold2_room1_mix0625,66,0,0,-152,-2,17.91
fold2_room1_mix0625,66,4,0,27,-31,1.76
fold2_room1_mix0625,66,4,0,19,-1,11.29
fold2_room1_mix0625,67,0,0,-155,-2,15.31
fold2_room1_mix0625,67,4,0,18,-27,1.99
fold2_room1_mix0625,67,4,0,20,-2,10.95
fold2_room1_mix0625,68,0,0,-154,-2,17.89
fold2_room1_mix0625,68,4,0,13,-24,2.35
fold2_room1_mix0625,68,4,0,16,-1,12.76
fold2_room1_mix0625,69,0,0,-156,-2,15.50
fold2_room1_mix0625,69,4,0,13,-19,2.79
fold2_room1_mix0625,69,4,0,14,-1,13.65
fold2_room1_mix0625,70,0,0,-155,-2,15.83
fold2_room1_mix0625,70,4,0,11,-11,6.77
fold2_room1_mix0625,71,0,0,-155,-2,19.20
fold2_room1_mix0625,71,4,0,9,-10,6.85
fold2_room1_mix0625,72,0,0,-159,-2,18.01
fold2_room1_mix0625,72,4,0,8,-10,6.62
fold2_room1_mix0625,73,0,0,-159,-2,19.91
fold2_room1_mix0625,73,4,0,9,-9,7.27
fold2_room1_mix0625,74,0,0,-157,-2,19.03
fold2_room1_mix0625,74,4,0,6,-8,7.37
fold2_room1_mix0625,75,0,0,-155,-2,18.41
fold2_room1_mix0625,75,4,0,6,-8,7.20
fold2_room1_mix0625,76,0,0,-158,-1,19.42
fold2_room1_mix0625,76,4,0,5,-7,8.04
fold2_room1_mix0625,77,0,0,-160,-1,19.06
fold2_room1_mix0625,77,4,0,5,-6,8.61
fold2_room1_mix0625,78,0,0,-158,-1,19.87
fold2_room1_mix0625,78,4,0,5,-7,9.13
fold2_room1_mix0625,79,0,0,-161,-1,26.14
fold2_room1_mix0625,79,4,0,5,-7,8.72
fold2_room1_mix0625,80,0,0,-162,-1,24.25
fold2_room1_mix0625,80,4,0,5,-7,9.20
fold2_room1_mix0625,81,0,0,-162,-1,22.19
fold2_room1_mix0625,81,4,0,4,-6,10.00
fold2_room1_mix0625,82,0,0,-163,-1,22.85
fold2_room1_mix0625,82,4,0,4,-6,9.84
fold2_room1_mix0625,83,0,0,-163,-1,22.66
fold2_room1_mix0625,83,4,0,3,-6,10.85
fold2_room1_mix0625,84,0,0,-163,-1,28.28
fold2_room1_mix0625,84,4,0,3,-6,11.71
fold2_room1_mix0625,85,0,0,-164,-1,28.13
fold2_room1_mix0625,85,4,0,4,-6,11.56
fold2_room1_mix0625,86,0,0,-165,-1,31.85
fold2_room1_mix0625,86,4,0,4,-5,11.76
fold2_room1_mix0625,87,0,0,-164,-1,35.29
fold2_room1_mix0625,87,4,0,4,-6,12.79
fold2_room1_mix0625,88,0,0,-164,-1,31.61
fold2_room1_mix0625,88,4,0,3,-6,11.81
fold2_room1_mix0625,89,0,0,-165,-1,34.88
fold2_room1_mix0625,89,4,0,4,-5,12.73
fold2_room1_mix0625,90,0,0,-166,-1,39.19
fold2_room1_mix0625,90,4,0,5,-5,14.32
fold2_room1_mix0625,91,0,0,-164,0,20.26
fold2_room1_mix0625,91,4,0,5,-5,14.69
fold2_room1_mix0625,92,0,0,-166,0,15.51
fold2_room1_mix0625,92,4,0,5,-4,16.04
fold2_room1_mix0625,93,0,0,-165,0,16.59
fold2_room1_mix0625,93,4,0,5,-4,16.28
fold2_room1_mix0625,94,0,0,-161,0,4.49
fold2_room1_mix0625,94,4,0,4,-4,15.97
fold2_room1_mix0625,95,0,0,-166,0,2.81
fold2_room1_mix0625,95,4,0,4,-3,17.02
fold2_room1_mix0625,96,4,0,4,-3,19.01
fold2_room1_mix0625,97,4,0,4,-3,19.73
fold2_room1_mix0625,98,4,0,4,-3,18.86
fold2_room1_mix0625,99,4,0,4,-3,18.28
fold2_room1_mix0626,65,4,0,22,-3,5.42
fold2_room1_mix0626,66,4,0,22,-4,5.24
fold2_room1_mix0626,67,4,0,24,-4,5.55
fold2_room1_mix0626,68,4,0,28,-4,5.43
fold2_room1_mix0626,69,4,0,28,-5,5.56
fold2_room1_mix0626,70,4,0,30,-6,5.08
fold2_room1_mix0626,71,4,0,34,-7,4.73
fold2_room1_mix0626,72,4,0,39,-7,3.93
fold2_room1_mix0626,73,4,0,47,-8,3.91
fold2_room1_mix0626,74,4,0,55,-9,3.43
fold2_room1_mix0626,75,4,0,68,-10,3.25
fold2_room1_mix0626,76,4,0,79,-13,2.92
fold2_room1_mix0626,77,4,0,97,-12,2.80
fold2_room1_mix0626,78,4,0,113,-11,3.06
fold2_room1_mix0626,79,4,0,124,-8,3.22
fold2_room1_mix0626,80,4,0,134,-6,4.02
fold2_room1_mix0626,81,4,0,140,-5,4.24
fold2_room1_mix0626,82,4,0,144,-5,4.61
fold2_room1_mix0626,83,4,0,147,-4,5.14
fold2_room1_mix0626,84,4,0,151,-4,6.11
fold2_room1_mix0626,85,4,0,154,-4,6.39
fold2_room1_mix0626,86,4,0,157,-3,6.88
fold2_room1_mix0626,87,4,0,158,-3,7.72
fold2_room1_mix0626,88,4,0,160,-3,6.43
fold2_room1_mix0626,89,4,0,162,-2,5.67
fold2_room1_mix0626,90,4,0,164,-2,6.38
fold2_room1_mix0627,1,4,0,-175,0,1.45
fold2_room1_mix0627,2,4,0,-176,0,2.55
fold2_room1_mix0627,3,4,0,-172,0,7.98
fold2_room1_mix0627,4,4,0,-172,0,10.18
fold2_room1_mix0627,5,4,0,-171,0,10.70
fold2_room1_mix0627,6,4,0,-171,0,14.01
fold2_room1_mix0627,7,4,0,-171,-1,18.36
fold2_room1_mix0627,8,4,0,-170,-1,18.48
fold2_room1_mix0627,9,4,0,-170,-1,17.95
fold2_room1_mix0627,10,4,0,-170,-1,17.27
fold2_room1_mix0627,11,4,0,-169,-1,16.68
fold2_room1_mix0627,12,4,0,-168,-1,16.67
fold2_room1_mix0627,13,4,0,-166,-1,16.01
fold2_room1_mix0627,14,4,0,-165,-1,15.86
fold2_room1_mix0627,15,4,0,-165,-1,15.54
fold2_room1_mix0627,16,4,0,-163,-2,13.84
fold2_room1_mix0627,17,4,0,-163,-2,14.41
fold2_room1_mix0627,18,4,0,-162,-2,13.76
fold2_room1_mix0627,19,4,0,-161,-2,13.40
fold2_room1_mix0627,20,4,0,-161,-2,14.13
fold2_room1_mix0627,21,4,0,-161,-2,13.26
fold2_room1_mix0627,22,4,0,-161,-3,12.76
fold2_room1_mix0627,23,4,0,-161,-2,13.91
fold2_room1_mix0627,24,4,0,-160,-2,13.78
fold2_room1_mix0627,25,4,0,-161,-2,14.58
fold2_room1_mix0627,26,4,0,-162,-2,15.07
fold2_room1_mix0627,27,4,0,-160,-2,15.38
fold2_room1_mix0627,28,4,0,-161,-2,14.82
fold2_room1_mix0627,29,4,0,-161,-3,14.24
fold2_room1_mix0627,30,4,0,-169,-1,18.70
fold2_room1_mix0627,30,4,0,-149,-5,8.85
fold2_room1_mix0627,31,4,0,-169,-1,18.07
fold2_room1_mix0627,31,4,0,-147,-5,8.33
fold2_room1_mix0627,32,4,0,-174,0,19.73
fold2_room1_mix0627,32,4,0,-144,-6,7.42
fold2_room1_mix0627,33,4,0,-173,0,20.63
fold2_room1_mix0627,33,4,0,-144,-6,7.29
fold2_room1_mix0627,34,4,0,-174,0,21.21
fold2_room1_mix0627,34,4,0,-140,-7,6.40
fold2_room1_mix0627,35,4,0,-176,-1,20.27
fold2_room1_mix0627,35,4,0,-133,-8,5.72
fold2_room1_mix0627,36,4,0,-177,-1,21.83
fold2_room1_mix0627,36,4,0,-129,-10,5.36
fold2_room1_mix0627,37,4,0,-178,-1,21.16
fold2_room1_mix0627,37,4,0,-121,-10,5.03
fold2_room1_mix0627,38,4,0,-179,-2,19.24
fold2_room1_mix0627,38,4,0,-109,-13,4.02
fold2_room1_mix0627,39,4,0,177,-1,20.39
fold2_room1_mix0627,39,4,0,-110,-13,3.88
fold2_room1_mix0627,40,4,0,177,-2,18.58
fold2_room1_mix0627,40,4,0,-99,-14,3.57
fold2_room1_mix0627,41,4,0,177,-1,17.92
fold2_room1_mix0627,41,4,0,-97,-15,3.22
fold2_room1_mix0627,42,4,0,177,-2,15.97
fold2_room1_mix0627,42,4,0,-81,-14,3.37
fold2_room1_mix0627,43,4,0,179,-2,14.90
fold2_room1_mix0627,43,4,0,-73,-13,3.36
fold2_room1_mix0627,44,4,0,178,-3,13.74
fold2_room1_mix0627,44,4,0,-66,-11,3.63
fold2_room1_mix0627,45,4,0,178,-3,12.72
fold2_room1_mix0627,45,4,0,-65,-10,3.89
fold2_room1_mix0627,46,4,0,-179,-4,11.42
fold2_room1_mix0627,46,4,0,-59,-10,3.99
fold2_room1_mix0627,47,4,0,-176,-5,10.37
fold2_room1_mix0627,47,4,0,-54,-10,3.89
fold2_room1_mix0627,48,4,0,-175,-6,9.23
fold2_room1_mix0627,48,4,0,-53,-9,4.18
fold2_room1_mix0627,49,4,0,-172,-7,7.60
fold2_room1_mix0627,49,4,0,-47,-7,4.56
fold2_room1_mix0627,50,4,0,-171,-8,6.48
fold2_room1_mix0627,50,4,0,-46,-8,4.38
fold2_room1_mix0627,51,4,0,-165,-10,5.83
fold2_room1_mix0627,51,4,0,-54,-10,3.86
fold2_room1_mix0627,52,4,0,-169,-11,6.21
fold2_room1_mix0627,52,4,0,-128,-20,1.98
fold2_room1_mix0627,52,4,0,-49,-11,3.54
fold2_room1_mix0627,54,4,0,-54,-21,4.14
fold2_room1_mix0627,54,4,0,-34,-10,3.63
fold2_room1_mix0627,55,4,0,-27,-9,4.64
fold2_room1_mix0627,56,4,0,-21,-6,5.94
fold2_room1_mix0627,57,4,0,-18,-6,6.16
fold2_room1_mix0627,58,4,0,-16,-5,7.02
fold2_room1_mix0627,59,4,0,-14,-4,7.83
fold2_room1_mix0627,60,4,0,-12,-4,8.14
fold2_room1_mix0627,61,4,0,-12,-3,9.25
fold2_room1_mix0627,62,4,0,-13,-3,9.73
fold2_room1_mix0627,63,4,0,-12,-3,9.90
fold2_room1_mix0627,64,4,0,-12,-3,10.97
fold2_room1_mix0627,65,4,0,-12,-3,11.38
fold2_room1_mix0627,66,4,0,-9,-3,11.86
fold2_room1_mix0627,67,4,0,-9,-3,13.09
fold2_room1_mix0627,68,4,0,-10,-3,12.80
fold2_room1_mix0627,69,4,0,-9,-3,14.13
fold2_room1_mix0627,70,4,0,-9,-3,15.08
fold2_room1_mix0627,71,4,0,-8,-2,16.18
fold2_room1_mix0627,72,4,0,-7,-2,17.31
fold2_room1_mix0627,73,4,0,-7,-2,17.50
fold2_room1_mix0627,74,4,0,-8,-2,18.02
fold2_room1_mix0627,75,4,0,-7,-2,18.10
fold2_room1_mix0627,76,4,0,-6,-2,18.91
fold2_room1_mix0627,77,4,0,-6,-2,20.25
fold2_room1_mix0627,78,4,0,-6,-2,21.40
fold2_room1_mix0627,79,4,0,-5,-2,21.00
fold2_room1_mix0627,80,4,0,-5,-2,20.72
fold2_room1_mix0627,81,4,0,-5,-2,20.98
fold2_room1_mix0627,82,4,0,-5,-2,21.39
fold2_room1_mix0627,83,4,0,-4,-2,22.62
fold2_room1_mix0627,84,4,0,-4,-2,22.73
fold2_room1_mix0627,85,4,0,-4,-2,24.33
fold2_room1_mix0627,86,4,0,-4,-1,25.51
fold2_room1_mix0627,87,4,0,-4,-1,25.66
fold2_room1_mix0627,88,4,0,-5,-1,25.77
fold2_room1_mix0627,89,4,0,-5,-1,26.28
fold2_room1_mix0627,90,4,0,-5,-1,27.06
fold2_room1_mix0627,91,4,0,-5,-1,26.98
fold2_room1_mix0627,92,4,0,-4,-1,26.71
fold2_room1_mix0627,93,4,0,-5,-1,26.41
fold2_room1_mix0627,94,4,0,-4,-1,26.87
fold2_room1_mix0627,95,4,0,-4,-1,26.49
fold2_room1_mix0627,96,4,0,-5,-1,27.75
fold2_room1_mix0627,97,4,0,-5,-1,29.12
fold2_room1_mix0627,98,4,0,-3,-1,27.47
fold2_room1_mix0627,99,4,0,-2,-1,26.12
fold2_room1_mix0627,53,4,0,-63,-23,1.75
fold2_room1_mix0627,53,4,0,-37,-9,3.77
fold2_room1_mix0628,34,4,0,-174,-1,1.81
fold2_room1_mix0628,36,4,0,-175,-1,1.47
fold2_room1_mix0628,38,4,0,-172,-2,2.80
fold2_room1_mix0628,39,4,0,-171,-2,4.57
fold2_room1_mix0628,39,4,0,0,-1,5.96
fold2_room1_mix0628,40,4,0,-170,-3,10.33
fold2_room1_mix0628,40,4,0,0,-2,12.87
fold2_room1_mix0628,41,4,0,-171,-4,9.73
fold2_room1_mix0628,41,4,0,0,-2,11.70
fold2_room1_mix0628,42,4,0,-174,-3,10.66
fold2_room1_mix0628,42,4,0,0,-3,11.42
fold2_room1_mix0628,43,4,0,-174,-3,10.34
fold2_room1_mix0628,43,4,0,0,-3,11.68
fold2_room1_mix0628,44,4,0,-173,-3,10.12
fold2_room1_mix0628,44,4,0,0,-4,10.71
fold2_room1_mix0628,45,4,0,-174,-3,10.10
fold2_room1_mix0628,45,4,0,0,-4,10.39
fold2_room1_mix0628,46,4,0,-171,-4,9.50
fold2_room1_mix0628,46,4,0,0,-5,9.02
fold2_room1_mix0628,47,4,0,-173,-5,8.70
fold2_room1_mix0628,47,4,0,-3,-6,8.26
fold2_room1_mix0628,48,4,0,-170,-5,7.56
fold2_room1_mix0628,48,4,0,0,-6,7.73
fold2_room1_mix0628,49,4,0,-167,-6,7.82
fold2_room1_mix0628,49,4,0,0,-9,6.40
fold2_room1_mix0628,50,4,0,-170,-6,7.19
fold2_room1_mix0628,50,4,0,-1,-8,6.28
fold2_room1_mix0628,51,4,0,-166,-7,7.10
fold2_room1_mix0628,51,4,0,0,-9,5.47
fold2_room1_mix0628,52,4,0,-164,-7,6.57
fold2_room1_mix0628,52,4,0,1,-10,4.97
fold2_room1_mix0628,53,4,0,-162,-7,6.46
fold2_room1_mix0628,53,4,0,2,-10,4.48
fold2_room1_mix0628,54,4,0,-158,-7,6.01
fold2_room1_mix0628,54,4,0,8,-11,3.93
fold2_room1_mix0628,55,4,0,-157,-8,5.83
fold2_room1_mix0628,55,4,0,7,-12,3.53
fold2_room1_mix0628,56,4,0,-153,-11,4.54
fold2_room1_mix0628,56,4,0,10,-14,3.32
fold2_room1_mix0628,57,4,0,-150,-11,4.68
fold2_room1_mix0628,57,4,0,14,-15,2.70
fold2_room1_mix0628,58,4,0,-148,-13,3.75
fold2_room1_mix0628,58,4,0,22,-16,2.45
fold2_room1_mix0628,59,4,0,-147,-17,3.76
fold2_room1_mix0628,59,4,0,56,-31,1.11
fold2_room1_mix0628,60,4,0,-139,-13,3.22
fold2_room1_mix0628,60,4,0,107,-33,0.93
fold2_room1_mix0628,60,4,0,126,-31,1.00
fold2_room1_mix0628,61,4,0,-159,-22,1.59
fold2_room1_mix0628,61,4,0,140,-27,1.24
fold2_room1_mix0628,62,4,0,-156,-20,1.81
fold2_room1_mix0628,62,4,0,160,-28,1.52
fold2_room1_mix0628,62,4,0,-85,-19,2.15
fold2_room1_mix0628,63,4,0,174,-16,2.28
fold2_room1_mix0628,63,4,0,-163,-27,2.32
fold2_room1_mix0628,63,4,0,-56,-16,2.06
fold2_room1_mix0628,64,4,0,179,-13,2.84
fold2_room1_mix0628,64,4,0,-45,-15,2.45
fold2_room1_mix0628,65,4,0,177,-11,3.27
fold2_room1_mix0628,65,4,0,-40,-12,2.84
fold2_room1_mix0628,66,4,0,-178,-9,3.57
fold2_room1_mix0628,66,4,0,-29,-9,3.40
fold2_room1_mix0628,67,4,0,173,-8,4.25
fold2_room1_mix0628,67,4,0,-31,-9,3.61
fold2_room1_mix0628,68,4,0,174,-7,4.63
fold2_room1_mix0628,68,4,0,-28,-7,4.30
fold2_room1_mix0628,69,4,0,176,-5,5.88
fold2_room1_mix0628,69,4,0,-25,-7,4.62
fold2_room1_mix0628,70,4,0,175,-4,6.01
fold2_room1_mix0628,70,4,0,-21,-6,4.51
fold2_room1_mix0628,71,4,0,176,-5,6.04
fold2_room1_mix0628,71,4,0,-19,-6,5.22
fold2_room1_mix0628,72,4,0,174,-4,7.30
fold2_room1_mix0628,72,4,0,-18,-5,5.75
fold2_room1_mix0628,73,4,0,175,-3,7.49
fold2_room1_mix0628,73,4,0,-18,-5,5.92
fold2_room1_mix0628,74,4,0,176,-4,7.43
fold2_room1_mix0628,74,4,0,-15,-5,6.54
fold2_room1_mix0628,75,4,0,177,-3,8.37
fold2_room1_mix0628,75,4,0,-14,-4,7.56
fold2_room1_mix0628,76,4,0,178,-4,8.29
fold2_room1_mix0628,76,4,0,-13,-4,7.99
fold2_room1_mix0628,77,4,0,179,-3,8.79
fold2_room1_mix0628,77,4,0,-13,-4,8.58
fold2_room1_mix0628,78,4,0,176,-3,9.30
fold2_room1_mix0628,78,4,0,-12,-3,9.21
fold2_room1_mix0628,79,4,0,-179,-2,10.38
fold2_room1_mix0628,79,4,0,-11,-3,10.15
fold2_room1_mix0628,80,4,0,-179,-4,9.98
fold2_room1_mix0628,80,4,0,-11,-4,10.07
fold2_room1_mix0628,81,4,0,-177,-4,9.52
fold2_room1_mix0628,81,4,0,-10,-3,10.06
fold2_room1_mix0628,82,4,0,-177,-4,9.63
fold2_room1_mix0628,82,4,0,-8,-3,10.42
fold2_room1_mix0628,83,4,0,-175,-4,8.67
fold2_room1_mix0628,83,4,0,-8,-3,8.84
fold2_room1_mix0628,84,4,0,-177,-5,9.86
fold2_room1_mix0628,84,4,0,-7,-3,10.46
fold2_room1_mix0628,87,4,0,-172,-3,8.60
fold2_room1_mix0628,85,4,0,-8,-3,10.41
fold2_room1_mix0628,86,4,0,-9,-3,10.08
fold2_room1_mix0628,88,4,0,-14,-3,10.55
fold2_room1_mix0629,5,4,0,2,0,11.34
fold2_room1_mix0629,6,4,0,3,0,15.71
fold2_room1_mix0629,7,4,0,3,0,18.82
fold2_room1_mix0629,8,4,0,5,0,24.38
fold2_room1_mix0629,9,4,0,3,0,27.07
fold2_room1_mix0629,10,4,0,5,0,29.19
fold2_room1_mix0629,11,4,0,5,-1,33.94
fold2_room1_mix0629,12,4,0,5,0,31.78
fold2_room1_mix0629,13,4,0,4,0,30.65
fold2_room1_mix0629,14,4,0,6,0,32.28
fold2_room1_mix0629,15,4,0,5,0,34.24
fold2_room1_mix0629,16,4,0,6,0,31.33
fold2_room1_mix0629,17,4,0,5,0,34.78
fold2_room1_mix0629,18,4,0,5,0,38.10
fold2_room1_mix0629,19,4,0,5,0,37.07
fold2_room1_mix0629,20,4,0,7,0,40.45
fold2_room1_mix0629,21,4,0,5,0,39.63
fold2_room1_mix0629,22,4,0,6,0,40.29
fold2_room1_mix0629,23,1,0,175,-3,40.48
fold2_room1_mix0629,23,4,0,6,-1,32.24
fold2_room1_mix0629,24,1,0,172,-3,42.08
fold2_room1_mix0629,24,4,0,6,-1,36.22
fold2_room1_mix0629,25,1,0,170,-3,40.38
fold2_room1_mix0629,25,4,0,4,-1,34.28
fold2_room1_mix0629,26,1,0,-179,-2,9.03
fold2_room1_mix0629,26,4,0,4,0,42.93
fold2_room1_mix0629,27,1,0,171,-3,41.46
fold2_room1_mix0629,27,4,0,4,-1,40.34
fold2_room1_mix0629,28,1,0,175,-3,34.85
fold2_room1_mix0629,28,4,0,6,-1,43.45
fold2_room1_mix0629,29,1,0,172,-3,36.44
fold2_room1_mix0629,29,4,0,4,-1,47.60
fold2_room1_mix0629,30,1,0,171,-3,33.05
fold2_room1_mix0629,30,4,0,5,0,44.23
fold2_room1_mix0629,31,1,0,179,-2,3.57
fold2_room1_mix0629,31,4,0,5,0,57.09
fold2_room1_mix0629,32,1,0,170,-3,32.68
fold2_room1_mix0629,32,4,0,5,0,50.09
fold2_room1_mix0629,33,1,0,166,-3,31.19
fold2_room1_mix0629,33,4,0,7,0,44.27
fold2_room1_mix0629,34,1,0,163,-2,33.38
fold2_room1_mix0629,34,4,0,3,-1,51.21
fold2_room1_mix0629,35,1,0,163,-2,31.93
fold2_room1_mix0629,35,4,0,4,0,44.24
fold2_room1_mix0629,36,1,0,166,-2,8.11
fold2_room1_mix0629,36,4,0,5,0,51.68
fold2_room1_mix0629,37,1,0,162,-3,23.50
fold2_room1_mix0629,37,4,0,3,0,48.09
fold2_room1_mix0629,38,1,0,160,-2,21.06
fold2_room1_mix0629,38,4,0,7,0,44.44
fold2_room1_mix0629,39,1,0,157,-2,31.77
fold2_room1_mix0629,39,4,0,1,-1,41.93
fold2_room1_mix0629,40,1,0,156,-2,29.59
fold2_room1_mix0629,40,4,0,3,0,41.21
fold2_room1_mix0629,41,1,0,162,-2,10.53
fold2_room1_mix0629,41,4,0,4,0,51.40
fold2_room1_mix0629,42,1,0,156,-3,23.57
fold2_room1_mix0629,42,4,0,2,0,44.31
fold2_room1_mix0629,43,1,0,153,-2,21.42
fold2_room1_mix0629,43,4,0,5,0,45.67
fold2_room1_mix0629,44,1,0,154,-2,29.81
fold2_room1_mix0629,44,4,0,2,0,42.36
fold2_room1_mix0629,45,1,0,150,-2,23.50
fold2_room1_mix0629,45,4,0,2,0,42.17
fold2_room1_mix0629,46,1,0,150,-2,18.20
fold2_room1_mix0629,46,4,0,4,0,41.33
fold2_room1_mix0629,47,1,0,153,-3,19.04
fold2_room1_mix0629,47,4,0,4,0,38.91
fold2_room1_mix0629,48,1,0,150,-2,23.70
fold2_room1_mix0629,48,4,0,3,0,43.81
fold2_room1_mix0629,49,1,0,147,-2,27.24
fold2_room1_mix0629,49,4,0,1,-1,37.43
fold2_room1_mix0629,50,1,0,145,-2,26.46
fold2_room1_mix0629,50,4,0,6,0,40.39
fold2_room1_mix0629,51,4,0,1,0,40.96
fold2_room1_mix0629,52,4,0,1,-1,30.76
fold2_room1_mix0629,53,4,0,2,-1,29.05
fold2_room1_mix0629,54,4,0,3,-1,25.34
fold2_room1_mix0629,55,4,0,4,-1,24.42
fold2_room1_mix0629,56,4,0,3,-1,23.38
fold2_room1_mix0629,57,4,0,4,-1,21.72
fold2_room1_mix0629,58,4,0,3,-1,20.07
fold2_room1_mix0629,59,4,0,4,-1,19.23
fold2_room1_mix0629,60,4,0,3,-1,17.77
fold2_room1_mix0629,61,4,0,3,-2,16.71
fold2_room1_mix0629,62,4,0,4,-2,14.91
fold2_room1_mix0629,63,4,0,3,-2,14.55
fold2_room1_mix0629,64,4,0,4,-2,13.02
fold2_room1_mix0629,65,4,0,5,-3,11.93
fold2_room1_mix0629,66,4,0,5,-3,10.32
fold2_room1_mix0629,67,4,0,5,-3,10.00
fold2_room1_mix0629,68,4,0,7,-4,9.06
fold2_room1_mix0629,69,4,0,9,-4,7.56
fold2_room1_mix0629,70,4,0,9,-5,6.52
fold2_room1_mix0629,71,4,0,12,-6,5.50
fold2_room1_mix0629,72,4,0,16,-8,4.41
fold2_room1_mix0629,73,4,0,21,-10,3.73
fold2_room1_mix0629,74,4,0,26,-14,2.77
fold2_room1_mix0629,75,4,0,44,-21,2.00
fold2_room1_mix0629,76,4,0,76,-30,1.75
fold2_room1_mix0629,77,4,0,129,-24,1.99
fold2_room1_mix0629,78,4,0,151,-16,2.41
fold2_room1_mix0629,79,4,0,160,-11,3.16
fold2_room1_mix0629,80,4,0,163,-10,3.93
fold2_room1_mix0629,81,4,0,168,-7,5.11
fold2_room1_mix0629,82,4,0,170,-6,5.72
fold2_room1_mix0629,83,4,0,171,-5,6.70
fold2_room1_mix0629,84,4,0,172,-4,7.84
fold2_room1_mix0629,85,4,0,173,-4,8.59
fold2_room1_mix0629,86,4,0,174,-3,9.13
fold2_room1_mix0629,87,4,0,173,-3,9.94
fold2_room1_mix0629,88,4,0,174,-2,11.31
fold2_room1_mix0629,89,4,0,175,-2,12.10
fold2_room1_mix0629,90,4,0,175,-2,13.19
fold2_room1_mix0629,91,4,0,175,-2,14.64
fold2_room1_mix0629,92,4,0,176,-1,14.98
fold2_room1_mix0629,93,4,0,176,-1,16.57
fold2_room1_mix0629,94,4,0,176,-1,17.03
fold2_room1_mix0629,95,4,0,176,-1,18.57
fold2_room1_mix0629,96,4,0,176,-1,18.89
fold2_room1_mix0629,97,4,0,176,0,20.61
fold2_room1_mix0629,98,4,0,176,0,20.44
fold2_room1_mix0629,99,4,0,176,0,21.98
fold2_room1_mix0629,4,4,0,0,1,1.53
fold2_room1_mix0630,1,4,0,178,0,1.01
fold2_room1_mix0630,2,4,0,179,0,1.10
fold2_room1_mix0630,3,4,0,-179,0,4.04
fold2_room1_mix0630,3,4,0,3,0,4.86
fold2_room1_mix0630,4,4,0,-177,-1,10.53
fold2_room1_mix0630,4,4,0,1,-1,16.01
fold2_room1_mix0630,5,4,0,-178,-1,12.05
fold2_room1_mix0630,5,4,0,2,0,19.63
fold2_room1_mix0630,6,4,0,-178,0,13.79
fold2_room1_mix0630,6,4,0,1,0,19.08
fold2_room1_mix0630,7,4,0,-179,-2,23.64
fold2_room1_mix0630,7,4,0,3,-1,36.56
fold2_room1_mix0630,8,4,0,-176,-1,19.89
fold2_room1_mix0630,8,4,0,2,0,30.70
fold2_room1_mix0630,9,4,0,-176,-1,19.38
fold2_room1_mix0630,9,4,0,2,0,31.11
fold2_room1_mix0630,10,4,0,-176,-1,19.36
fold2_room1_mix0630,10,4,0,1,0,29.96
fold2_room1_mix0630,11,4,0,-176,-1,19.48
fold2_room1_mix0630,11,4,0,1,-1,29.57
fold2_room1_mix0630,12,4,0,-176,-1,19.33
fold2_room1_mix0630,12,4,0,1,-1,28.62
fold2_room1_mix0630,13,4,0,-176,-2,19.34
fold2_room1_mix0630,13,4,0,0,-1,29.37
fold2_room1_mix0630,14,4,0,-176,-1,19.10
fold2_room1_mix0630,14,4,0,0,-1,29.84
fold2_room1_mix0630,15,4,0,-175,-1,17.07
fold2_room1_mix0630,15,4,0,2,-1,27.40
fold2_room1_mix0630,16,4,0,-175,-2,16.70
fold2_room1_mix0630,16,4,0,1,-1,27.29
fold2_room1_mix0630,17,4,0,-174,-2,18.18
fold2_room1_mix0630,17,4,0,0,-1,27.23
fold2_room1_mix0630,18,4,0,-173,-2,16.77
fold2_room1_mix0630,18,4,0,0,-2,25.51
fold2_room1_mix0630,19,4,0,-174,-2,15.48
fold2_room1_mix0630,19,4,0,0,-2,25.52
fold2_room1_mix0630,20,4,0,-172,-2,14.84
fold2_room1_mix0630,20,4,0,-1,-2,25.39
fold2_room1_mix0630,21,4,0,-174,-2,14.26
fold2_room1_mix0630,21,4,0,-2,-2,23.31
fold2_room1_mix0630,22,4,0,-173,-3,13.89
fold2_room1_mix0630,22,4,0,-1,-2,23.00
fold2_room1_mix0630,23,4,0,-173,-3,13.68
fold2_room1_mix0630,23,4,0,0,-2,23.69
fold2_room1_mix0630,24,4,0,-172,-2,12.94
fold2_room1_mix0630,24,4,0,0,-2,21.57
fold2_room1_mix0630,25,4,0,-176,-3,14.53
fold2_room1_mix0630,25,4,0,0,-2,24.60
fold2_room1_mix0630,26,4,0,-176,-3,13.76
fold2_room1_mix0630,26,4,0,0,-2,23.16
fold2_room1_mix0630,27,4,0,-175,-3,12.93
fold2_room1_mix0630,27,4,0,1,-2,21.33
fold2_room1_mix0630,28,4,0,-175,-4,13.08
fold2_room1_mix0630,28,4,0,0,-2,22.56
fold2_room1_mix0630,29,4,0,-176,-3,12.44
fold2_room1_mix0630,29,4,0,0,-2,20.54
fold2_room1_mix0630,30,2,0,-53,-5,7.43
fold2_room1_mix0630,30,4,0,-173,-3,11.43
fold2_room1_mix0630,30,4,0,1,-3,20.25
fold2_room1_mix0630,31,2,0,-57,-5,6.96
fold2_room1_mix0630,31,4,0,-176,-4,12.04
fold2_room1_mix0630,31,4,0,2,-3,20.15
fold2_room1_mix0630,32,2,0,-56,-5,6.99
fold2_room1_mix0630,32,4,0,-172,-4,9.40
fold2_room1_mix0630,32,4,0,1,-3,19.01
fold2_room1_mix0630,33,2,0,-54,-4,6.61
fold2_room1_mix0630,33,3,0,119,-5,7.84
fold2_room1_mix0630,33,4,0,-170,-3,12.19
fold2_room1_mix0630,33,4,0,1,-2,19.52
fold2_room1_mix0630,34,3,0,119,-4,11.57
fold2_room1_mix0630,34,4,0,-172,-3,13.18
fold2_room1_mix0630,34,4,0,-3,-4,18.06
fold2_room1_mix0630,35,3,0,119,-4,10.50
fold2_room1_mix0630,35,4,0,-178,-2,13.29
fold2_room1_mix0630,35,4,0,-161,-6,14.18
fold2_room1_mix0630,35,4,0,0,-3,20.06
fold2_room1_mix0630,36,3,0,116,-4,10.33
fold2_room1_mix0630,36,4,0,-173,-2,14.52
fold2_room1_mix0630,36,4,0,-1,-3,18.84
fold2_room1_mix0630,37,3,0,113,-4,9.30
fold2_room1_mix0630,37,4,0,-175,-4,11.75
fold2_room1_mix0630,37,4,0,-2,-3,16.51
fold2_room1_mix0630,38,2,0,-56,-3,7.92
fold2_room1_mix0630,38,3,0,104,-5,9.91
fold2_room1_mix0630,38,4,0,-174,-4,13.48
fold2_room1_mix0630,38,4,0,0,-4,19.01
fold2_room1_mix0630,39,2,0,-58,-4,7.79
fold2_room1_mix0630,39,3,0,106,-5,7.68
fold2_room1_mix0630,39,4,0,-174,-4,11.46
fold2_room1_mix0630,39,4,0,-19,-8,13.26
fold2_room1_mix0630,39,4,0,0,-4,18.43
fold2_room1_mix0630,40,2,0,-57,-4,7.29
fold2_room1_mix0630,40,3,0,118,-5,7.15
fold2_room1_mix0630,40,4,0,-171,-5,10.75
fold2_room1_mix0630,40,4,0,-30,-11,11.91
fold2_room1_mix0630,40,4,0,-1,-4,17.54
fold2_room1_mix0630,41,2,0,-60,-4,6.91
fold2_room1_mix0630,41,4,0,-169,-4,9.31
fold2_room1_mix0630,41,4,0,-19,-8,11.16
fold2_room1_mix0630,41,4,0,0,-3,14.05
fold2_room1_mix0630,42,2,0,-64,-5,5.70
fold2_room1_mix0630,42,4,0,-171,-4,7.74
fold2_room1_mix0630,42,4,0,-24,-8,9.77
fold2_room1_mix0630,42,4,0,0,-3,12.78
fold2_room1_mix0630,43,2,0,-64,-5,5.21
fold2_room1_mix0630,43,4,0,-175,-4,8.01
fold2_room1_mix0630,43,4,0,-158,-7,10.64
fold2_room1_mix0630,43,4,0,-4,-5,9.46
fold2_room1_mix0630,44,3,0,112,-4,11.81
fold2_room1_mix0630,44,4,0,-177,-3,10.40
fold2_room1_mix0630,44,4,0,-145,-11,7.85
fold2_room1_mix0630,44,4,0,-3,-4,11.23
fold2_room1_mix0630,45,3,0,90,-5,10.68
fold2_room1_mix0630,45,4,0,-179,-5,9.19
fold2_room1_mix0630,45,4,0,-65,-14,8.34
fold2_room1_mix0630,45,4,0,0,-4,11.05
fold2_room1_mix0630,46,3,0,105,-5,9.96
fold2_room1_mix0630,46,4,0,-173,-5,10.52
fold2_room1_mix0630,46,4,0,-35,-12,10.15
fold2_room1_mix0630,46,4,0,-2,-5,12.07
fold2_room1_mix0630,47,3,0,88,-5,9.99
fold2_room1_mix0630,47,4,0,-177,-6,9.16
fold2_room1_mix0630,47,4,0,0,-6,9.71
fold2_room1_mix0630,48,2,0,-70,-4,7.88
fold2_room1_mix0630,48,3,0,65,-5,8.43
fold2_room1_mix0630,48,4,0,-174,-8,9.18
fold2_room1_mix0630,48,4,0,0,-7,9.18
fold2_room1_mix0630,49,2,0,-69,-4,8.78
fold2_room1_mix0630,49,3,0,66,-6,7.75
fold2_room1_mix0630,49,4,0,-178,-9,9.19
fold2_room1_mix0630,49,4,0,-87,-27,3.65
fold2_room1_mix0630,49,4,0,-1,-11,6.35
fold2_room1_mix0630,50,2,0,-76,-5,7.65
fold2_room1_mix0630,50,4,0,178,-16,8.50
fold2_room1_mix0630,50,4,0,-118,-42,1.56
fold2_room1_mix0630,50,4,0,-16,-22,4.83
fold2_room1_mix0630,51,2,0,-73,-5,6.51
fold2_room1_mix0630,51,3,0,53,-3,2.65
fold2_room1_mix0630,51,4,0,175,-8,10.10
fold2_room1_mix0630,51,4,0,-142,-36,1.48
fold2_room1_mix0630,51,4,0,-58,-52,3.43
fold2_room1_mix0630,52,2,0,-77,-5,7.31
fold2_room1_mix0630,52,3,0,58,-5,4.72
fold2_room1_mix0630,52,4,0,-176,-10,8.32
fold2_room1_mix0630,52,4,0,-152,-26,2.73
fold2_room1_mix0630,53,4,0,-173,-22,3.05
fold2_room1_mix0630,54,2,0,82,-4,7.52
fold2_room1_mix0630,54,3,0,47,-4,8.78
fold2_room1_mix0630,54,4,0,-159,-15,4.87
fold2_room1_mix0630,54,4,0,153,-24,3.43
fold2_room1_mix0630,55,3,0,57,-4,11.22
fold2_room1_mix0630,55,4,0,-162,-10,4.36
fold2_room1_mix0630,55,4,0,78,-22,3.37
fold2_room1_mix0630,56,2,0,-74,-5,3.03
fold2_room1_mix0630,56,3,0,49,-4,10.07
fold2_room1_mix0630,56,4,0,-160,-8,5.95
fold2_room1_mix0630,56,4,0,89,-14,5.12
fold2_room1_mix0630,57,2,0,-80,-3,5.94
fold2_room1_mix0630,57,3,0,51,-4,12.06
fold2_room1_mix0630,57,4,0,-157,-7,5.28
fold2_room1_mix0630,57,4,0,68,-13,6.18
fold2_room1_mix0630,58,2,0,-83,-4,6.63
fold2_room1_mix0630,58,3,0,41,-4,12.25
fold2_room1_mix0630,58,4,0,-163,-8,5.77
fold2_room1_mix0630,58,4,0,-142,-12,3.18
fold2_room1_mix0630,59,2,0,-90,-4,7.88
fold2_room1_mix0630,59,3,0,47,-3,10.77
fold2_room1_mix0630,59,4,0,-171,-7,6.77
fold2_room1_mix0630,59,4,0,-135,-11,3.22
fold2_room1_mix0630,60,2,0,-95,-3,8.56
fold2_room1_mix0630,60,3,0,35,-3,10.51
fold2_room1_mix0630,60,4,0,177,-5,8.47
fold2_room1_mix0630,60,4,0,-113,-12,3.08
fold2_room1_mix0630,61,2,0,-100,-4,7.84
fold2_room1_mix0630,61,3,0,-26,-7,4.03
fold2_room1_mix0630,61,4,0,-177,-7,7.31
fold2_room1_mix0630,61,4,0,-77,-14,2.25
fold2_room1_mix0630,61,4,0,-4,-12,3.89
fold2_room1_mix0630,62,2,0,-95,-4,7.82
fold2_room1_mix0630,62,4,0,179,-5,7.27
fold2_room1_mix0630,62,4,0,-54,-10,2.37
fold2_room1_mix0630,62,4,0,-13,-7,3.77
fold2_room1_mix0630,63,4,0,179,-3,9.42
fold2_room1_mix0630,63,4,0,-43,-11,2.49
fold2_room1_mix0630,63,4,0,-17,-7,4.07
fold2_room1_mix0630,64,4,0,-178,-2,10.65
fold2_room1_mix0630,64,4,0,-29,-9,3.01
fold2_room1_mix0630,65,4,0,174,-2,10.33
fold2_room1_mix0630,65,4,0,-26,-8,2.93
fold2_room1_mix0630,66,3,0,51,-5,13.62
fold2_room1_mix0630,66,4,0,170,-1,14.28
fold2_room1_mix0630,66,4,0,-18,-5,3.89
fold2_room1_mix0630,67,2,0,-111,-3,6.46
fold2_room1_mix0630,67,3,0,48,-4,13.29
fold2_room1_mix0630,67,4,0,172,-1,14.32
fold2_room1_mix0630,67,4,0,-17,-6,4.13
fold2_room1_mix0630,68,2,0,-126,-2,11.37
fold2_room1_mix0630,68,3,0,43,-3,13.70
fold2_room1_mix0630,68,4,0,166,0,20.54
fold2_room1_mix0630,68,4,0,-22,-5,4.64
fold2_room1_mix0630,68,4,0,-6,-6,5.48
fold2_room1_mix0630,69,2,0,-128,-2,10.38
fold2_room1_mix0630,69,3,0,48,-3,12.86
fold2_room1_mix0630,69,4,0,167,0,19.90
fold2_room1_mix0630,69,4,0,-13,-7,5.58
fold2_room1_mix0630,70,2,0,-127,-2,10.22
fold2_room1_mix0630,70,3,0,39,-2,13.96
fold2_room1_mix0630,70,4,0,170,0,20.74
fold2_room1_mix0630,70,4,0,-12,-7,5.91
fold2_room1_mix0630,71,2,0,-127,-2,10.29
fold2_room1_mix0630,71,3,0,41,-2,14.26
fold2_room1_mix0630,71,4,0,173,0,21.80
fold2_room1_mix0630,71,4,0,-27,-9,6.50
fold2_room1_mix0630,71,4,0,-5,-6,6.73
fold2_room1_mix0630,72,3,0,40,-3,12.35
fold2_room1_mix0630,72,4,0,171,-1,23.07
fold2_room1_mix0630,72,4,0,-11,-3,6.84
fold2_room1_mix0630,73,3,0,4,-3,8.45
fold2_room1_mix0630,73,4,0,176,-1,18.82
fold2_room1_mix0630,73,4,0,-10,-3,7.40
fold2_room1_mix0630,74,4,0,178,0,25.20
fold2_room1_mix0630,74,4,0,-7,-4,8.22
fold2_room1_mix0630,75,4,0,177,0,23.73
fold2_room1_mix0630,75,4,0,-8,-3,9.21
fold2_room1_mix0630,76,2,0,-124,-3,9.80
fold2_room1_mix0630,76,4,0,176,-1,25.06
fold2_room1_mix0630,76,4,0,-6,-3,9.85
fold2_room1_mix0630,77,2,0,-134,-3,11.82
fold2_room1_mix0630,77,3,0,35,-2,19.37
fold2_room1_mix0630,77,4,0,173,0,27.40
fold2_room1_mix0630,77,4,0,-5,-4,9.82
fold2_room1_mix0630,78,2,0,-135,-3,11.96
fold2_room1_mix0630,78,4,0,178,0,27.75
fold2_room1_mix0630,78,4,0,-6,-3,9.75
fold2_room1_mix0630,79,2,0,-131,-3,10.41
fold2_room1_mix0630,79,4,0,178,0,28.61
fold2_room1_mix0630,79,4,0,-8,-4,10.46
fold2_room1_mix0630,80,2,0,-128,-3,8.05
fold2_room1_mix0630,80,4,0,-177,0,33.27
fold2_room1_mix0630,80,4,0,-7,-4,11.90
fold2_room1_mix0630,81,4,0,-179,0,32.56
fold2_room1_mix0630,81,4,0,-5,-4,11.10
fold2_room1_mix0630,82,4,0,179,0,28.75
fold2_room1_mix0630,82,4,0,-6,-3,11.72
fold2_room1_mix0630,83,4,0,-178,0,28.99
fold2_room1_mix0630,83,4,0,-6,-2,12.37
fold2_room1_mix0630,84,4,0,-179,0,29.72
fold2_room1_mix0630,84,4,0,-5,-3,11.75
fold2_room1_mix0630,85,4,0,-178,-1,28.53
fold2_room1_mix0630,85,4,0,-6,-3,12.40
fold2_room1_mix0630,86,4,0,-177,0,29.76
fold2_room1_mix0630,86,4,0,-4,-3,13.74
fold2_room1_mix0630,87,4,0,-176,0,29.64
fold2_room1_mix0630,87,4,0,-3,-2,14.58
fold2_room1_mix0630,88,4,0,-176,0,28.89
fold2_room1_mix0630,88,4,0,-5,-3,13.65
fold2_room1_mix0630,89,4,0,-174,0,30.20
fold2_room1_mix0630,89,4,0,-4,-2,14.66
fold2_room1_mix0630,90,4,0,-175,0,32.75
fold2_room1_mix0630,90,4,0,-3,-2,14.77
fold2_room1_mix0630,91,4,0,-175,0,30.24
fold2_room1_mix0630,91,4,0,-4,-3,15.00
fold2_room1_mix0630,92,4,0,-175,0,32.74
fold2_room1_mix0630,92,4,0,-4,-2,14.46
fold2_room1_mix0630,93,4,0,-176,0,35.83
fold2_room1_mix0630,93,4,0,-3,-2,15.65
fold2_room1_mix0630,94,4,0,-177,0,37.05
fold2_room1_mix0630,94,4,0,-4,-3,15.11
fold2_room1_mix0630,95,4,0,-176,0,35.32
fold2_room1_mix0630,95,4,0,-3,-2,16.44
fold2_room1_mix0630,96,4,0,-176,0,37.01
fold2_room1_mix0630,96,4,0,-2,-2,16.26
fold2_room1_mix0630,97,4,0,-176,0,40.15
fold2_room1_mix0630,97,4,0,-2,-2,18.13
fold2_room1_mix0630,98,4,0,-175,0,38.43
fold2_room1_mix0630,98,4,0,-1,-2,17.55
fold2_room1_mix0630,99,4,0,-176,0,38.81
fold2_room1_mix0630,99,4,0,-1,-2,17.82
fold2_room1_mix0631,2,4,0,-5,0,4.44
fold2_room1_mix0631,3,4,0,-3,0,9.06
fold2_room1_mix0631,4,4,0,-3,-1,14.30
fold2_room1_mix0631,5,4,0,-1,-1,16.12
fold2_room1_mix0631,6,4,0,-4,-1,17.48
fold2_room1_mix0631,7,4,0,-1,-1,24.35
fold2_room1_mix0631,8,4,0,-1,-2,23.23
fold2_room1_mix0631,9,4,0,-1,-1,23.71
fold2_room1_mix0631,10,4,0,-1,-1,21.86
fold2_room1_mix0631,11,4,0,-1,-1,21.83
fold2_room1_mix0631,12,4,0,-1,-1,21.65
fold2_room1_mix0631,13,4,0,-2,-1,21.65
fold2_room1_mix0631,14,4,0,-2,-2,20.86
fold2_room1_mix0631,15,4,0,-2,-1,20.62
fold2_room1_mix0631,16,4,0,-3,-1,19.07
fold2_room1_mix0631,17,4,0,-2,-1,19.16
fold2_room1_mix0631,18,4,0,-3,-1,18.39
fold2_room1_mix0631,19,4,0,-3,-2,17.04
fold2_room1_mix0631,20,4,0,-3,-2,17.96
fold2_room1_mix0631,21,4,0,-3,-1,17.91
fold2_room1_mix0631,22,4,0,-4,-2,16.93
fold2_room1_mix0631,23,4,0,-5,-2,16.47
fold2_room1_mix0631,24,4,0,-4,-2,15.88
fold2_room1_mix0631,25,4,0,-5,-2,14.96
fold2_room1_mix0631,26,4,0,-4,-2,15.40
fold2_room1_mix0631,27,4,0,-4,-2,15.66
fold2_room1_mix0631,28,4,0,-5,-2,14.82
fold2_room1_mix0631,29,4,0,-6,-2,13.65
fold2_room1_mix0631,30,4,0,-6,-2,13.83
fold2_room1_mix0631,31,4,0,-5,-2,13.48
fold2_room1_mix0631,32,4,0,-6,-3,12.75
fold2_room1_mix0631,33,4,0,-6,-3,12.43
fold2_room1_mix0631,34,4,0,-7,-3,11.84
fold2_room1_mix0631,35,4,0,-6,-3,11.08
fold2_room1_mix0631,36,4,0,-6,-3,10.94
fold2_room1_mix0631,37,4,0,-7,-3,10.57
fold2_room1_mix0631,38,4,0,-8,-3,10.01
fold2_room1_mix0631,39,4,0,-8,-3,9.62
fold2_room1_mix0631,40,4,0,-9,-3,9.34
fold2_room1_mix0631,41,4,0,-9,-4,8.55
fold2_room1_mix0631,42,4,0,-10,-4,8.28
fold2_room1_mix0631,43,4,0,-10,-4,8.23
fold2_room1_mix0631,44,4,0,-13,-4,7.67
fold2_room1_mix0631,45,4,0,-12,-4,7.24
fold2_room1_mix0631,46,4,0,-13,-4,6.92
fold2_room1_mix0631,47,4,0,-14,-4,6.77
fold2_room1_mix0631,48,4,0,-16,-5,5.97
fold2_room1_mix0631,49,3,0,-129,-5,10.27
fold2_room1_mix0631,49,4,0,-16,-4,7.13
fold2_room1_mix0631,50,3,0,-127,-5,13.46
fold2_room1_mix0631,50,4,0,-16,-4,6.45
fold2_room1_mix0631,51,3,0,-125,-4,11.84
fold2_room1_mix0631,51,4,0,-17,-5,6.23
fold2_room1_mix0631,52,3,0,-126,-4,11.82
fold2_room1_mix0631,52,4,0,-19,-6,5.94
fold2_room1_mix0631,53,3,0,-127,-4,9.86
fold2_room1_mix0631,53,4,0,-21,-6,5.15
fold2_room1_mix0631,54,3,0,-125,-4,8.80
fold2_room1_mix0631,54,4,0,-25,-6,4.38
fold2_room1_mix0631,55,4,0,-26,-7,3.94
fold2_room1_mix0631,56,4,0,-31,-8,3.46
fold2_room1_mix0631,57,4,0,-35,-8,2.70
fold2_room1_mix0631,58,4,0,-37,-9,2.51
fold2_room1_mix0631,59,4,0,-44,-9,2.33
fold2_room1_mix0631,60,4,0,-48,-9,2.01
fold2_room1_mix0631,61,4,0,-57,-11,1.92
fold2_room1_mix0631,62,3,0,-142,-5,10.01
fold2_room1_mix0631,62,4,0,-68,-10,2.21
fold2_room1_mix0631,63,3,0,-129,-5,13.09
fold2_room1_mix0631,63,4,0,-87,-11,2.25
fold2_room1_mix0631,64,3,0,-130,-5,12.52
fold2_room1_mix0631,64,4,0,-104,-10,2.53
fold2_room1_mix0631,65,3,0,-131,-4,11.69
fold2_room1_mix0631,65,4,0,-116,-9,2.21
fold2_room1_mix0631,66,3,0,-139,-5,10.50
fold2_room1_mix0631,66,4,0,-125,-9,2.38
fold2_room1_mix0631,67,3,0,-138,-4,10.92
fold2_room1_mix0631,67,4,0,-130,-7,2.43
fold2_room1_mix0631,68,3,0,-141,-4,10.08
fold2_room1_mix0631,68,4,0,-139,-6,2.89
fold2_room1_mix0631,69,3,0,-143,-4,9.81
fold2_room1_mix0631,69,4,0,-142,-7,3.10
fold2_room1_mix0631,70,3,0,-143,-4,10.54
fold2_room1_mix0631,70,4,0,-148,-6,3.09
fold2_room1_mix0631,71,3,0,-145,-4,10.51
fold2_room1_mix0631,71,4,0,-149,-5,3.65
fold2_room1_mix0631,72,3,0,-141,-4,10.47
fold2_room1_mix0631,72,4,0,-152,-6,4.10
fold2_room1_mix0631,73,3,0,-149,-3,10.01
fold2_room1_mix0631,73,4,0,-153,-5,4.18
fold2_room1_mix0631,74,3,0,-152,-3,9.00
fold2_room1_mix0631,74,4,0,-155,-5,4.56
fold2_room1_mix0631,75,4,0,-155,-4,4.61
fold2_room1_mix0631,76,4,0,-157,-4,5.26
fold2_room1_mix0631,77,4,0,-158,-4,5.70
fold2_room1_mix0631,78,4,0,-160,-4,6.07
fold2_room1_mix0631,79,4,0,-161,-4,6.60
fold2_room1_mix0631,80,4,0,-161,-3,6.84
fold2_room1_mix0631,81,4,0,-162,-3,7.37
fold2_room1_mix0631,82,4,0,-162,-3,7.32
fold2_room1_mix0631,83,3,0,-149,-5,11.63
fold2_room1_mix0631,83,4,0,-164,-2,8.81
fold2_room1_mix0631,84,3,0,-150,-5,15.50
fold2_room1_mix0631,84,4,0,-164,-2,9.85
fold2_room1_mix0631,85,4,0,-165,-2,8.74
fold2_room1_mix0631,86,4,0,-166,-2,8.68
fold2_room1_mix0631,87,4,0,-168,-2,9.59
fold2_room1_mix0631,88,4,0,-168,-2,9.48
fold2_room1_mix0631,89,4,0,-168,-2,9.71
fold2_room1_mix0631,90,4,0,-168,-2,10.60
fold2_room1_mix0631,91,4,0,-168,-2,10.99
fold2_room1_mix0631,92,4,0,-169,-2,11.24
fold2_room1_mix0631,93,4,0,-169,-1,11.25
fold2_room1_mix0631,94,4,0,-169,-2,11.94
fold2_room1_mix0631,95,4,0,-171,-1,12.83
fold2_room1_mix0631,96,4,0,-170,-1,12.62
fold2_room1_mix0631,97,4,0,-171,-1,13.59
fold2_room1_mix0631,98,4,0,-171,-1,13.92
fold2_room1_mix0631,99,4,0,-173,-1,12.77
fold2_room1_mix0631,1,4,0,-7,0,1.80
fold2_room1_mix0632,41,1,0,-167,-2,14.69
fold2_room1_mix0632,42,1,0,-164,-2,31.60
fold2_room1_mix0632,43,1,0,-170,-2,5.28
fold2_room1_mix0632,44,1,0,-162,-3,19.37
fold2_room1_mix0632,45,1,0,-160,-2,28.41
fold2_room1_mix0632,46,1,0,-155,-2,24.19
fold2_room1_mix0632,47,1,0,-156,-2,24.48
fold2_room1_mix0632,48,1,0,-161,-1,3.17
fold2_room1_mix0632,49,1,0,-153,-2,21.93
fold2_room1_mix0632,50,1,0,-153,-2,17.93
fold2_room1_mix0632,51,1,0,-150,-2,24.62
fold2_room1_mix0632,52,1,0,-152,-2,19.30
fold2_room1_mix0632,54,1,0,-148,-2,18.75
fold2_room1_mix0632,55,1,0,-148,-2,20.07
fold2_room1_mix0632,56,1,0,-144,-2,19.41
fold2_room1_mix0632,57,1,0,-145,-2,11.84
fold2_room1_mix0632,59,1,0,-141,-3,17.60
fold2_room1_mix0632,60,1,0,-132,-3,12.78
fold2_room1_mix0632,61,1,0,-128,-2,10.41
fold2_room1_mix0632,64,1,0,-115,-3,12.28
fold2_room1_mix0632,65,1,0,-95,-4,8.37
fold2_room1_mix0632,66,1,0,-98,-4,6.49
fold2_room1_mix0632,67,1,0,-98,-3,1.60
fold2_room1_mix0632,68,1,0,-86,-4,3.86
fold2_room1_mix0632,69,1,0,-75,-3,8.26
fold2_room1_mix0632,70,1,0,-69,-4,8.86
fold2_room1_mix0632,71,1,0,-66,-3,7.29
fold2_room1_mix0632,73,1,0,-65,-3,3.86
fold2_room1_mix0632,74,1,0,-50,-3,8.94
fold2_room1_mix0632,75,1,0,-51,-3,11.17
fold2_room1_mix0632,76,1,0,-45,-3,10.47
fold2_room1_mix0632,78,1,0,-51,-3,3.96
fold2_room1_mix0632,79,1,0,-39,-3,9.75
fold2_room1_mix0632,80,1,0,-39,-3,12.45
fold2_room1_mix0632,81,1,0,-35,-2,10.16
fold2_room1_mix0632,84,1,0,-30,-2,10.50
fold2_room1_mix0632,85,1,0,-30,-2,16.57
fold2_room1_mix0632,86,1,0,-26,-2,14.61
fold2_room1_mix0632,89,1,0,-27,-2,10.82
fold2_room1_mix0632,90,1,0,-22,-2,16.68
fold2_room1_mix0632,91,1,0,-20,-2,20.24
fold2_room1_mix0632,94,1,0,-19,-2,14.90
fold2_room1_mix0632,95,1,0,-18,-2,18.07
fold2_room1_mix0632,96,1,0,-15,-2,14.87
fold2_room1_mix0633,0,5,0,-49,3,7.02
fold2_room1_mix0633,1,5,0,-49,3,13.82
fold2_room1_mix0633,2,5,0,-58,3,14.38
fold2_room1_mix0633,3,5,0,-48,3,13.85
fold2_room1_mix0633,5,5,0,-56,3,14.96
fold2_room1_mix0633,6,5,0,-58,3,18.10
fold2_room1_mix0633,7,5,0,-55,3,15.26
fold2_room1_mix0633,8,5,0,-56,3,14.63
fold2_room1_mix0633,9,5,0,-56,3,16.11
fold2_room1_mix0633,10,5,0,-56,3,14.36
fold2_room1_mix0633,11,5,0,-59,3,13.90
fold2_room1_mix0633,12,5,0,-55,3,14.81
fold2_room1_mix0633,13,5,0,-54,3,16.08
fold2_room1_mix0633,14,5,0,-54,3,16.00
fold2_room1_mix0633,15,5,0,-56,4,12.39
fold2_room1_mix0633,16,5,0,-58,3,12.27
fold2_room1_mix0633,17,5,0,-57,3,15.54
fold2_room1_mix0633,18,5,0,-57,3,13.76
fold2_room1_mix0633,19,5,0,-58,4,12.24
fold2_room1_mix0633,20,5,0,-55,3,14.61
fold2_room1_mix0633,21,5,0,-58,3,13.17
fold2_room1_mix0633,22,5,0,-60,3,13.77
fold2_room1_mix0633,23,5,0,-58,3,13.32
fold2_room1_mix0633,24,5,0,-56,3,13.51
fold2_room1_mix0633,25,5,0,-57,3,13.96
fold2_room1_mix0633,26,5,0,-57,3,13.59
fold2_room1_mix0633,27,5,0,-61,3,12.74
fold2_room1_mix0633,28,5,0,-57,3,14.58
fold2_room1_mix0633,29,5,0,-58,3,12.93
fold2_room1_mix0633,30,5,0,-58,3,13.59
fold2_room1_mix0633,31,5,0,-60,3,12.39
fold2_room1_mix0633,32,5,0,-59,3,12.62
fold2_room1_mix0633,33,5,0,-54,3,12.97
fold2_room1_mix0633,34,5,0,-56,3,12.55
fold2_room1_mix0633,35,5,0,-61,3,12.89
fold2_room1_mix0633,36,5,0,-56,3,14.28
fold2_room1_mix0633,37,5,0,-55,3,13.37
fold2_room1_mix0633,38,5,0,-58,3,13.88
fold2_room1_mix0633,39,5,0,-57,3,13.47
fold2_room1_mix0633,40,5,0,-55,3,13.57
fold2_room1_mix0633,41,5,0,-56,3,13.66
fold2_room1_mix0633,42,5,0,-57,3,14.45
fold2_room1_mix0633,43,5,0,-58,3,13.90
fold2_room1_mix0633,44,5,0,-54,2,15.26
fold2_room1_mix0633,45,5,0,-56,3,14.08
fold2_room1_mix0633,46,5,0,-58,3,13.63
fold2_room1_mix0633,47,5,0,-51,3,14.82
fold2_room1_mix0633,48,5,0,-55,3,13.63
fold2_room1_mix0633,49,5,0,-55,3,14.00
fold2_room1_mix0633,50,5,0,-52,3,15.32
fold2_room1_mix0633,51,4,0,173,0,2.36
fold2_room1_mix0633,51,5,0,-53,3,14.22
fold2_room1_mix0633,52,4,0,170,-2,8.68
fold2_room1_mix0633,52,5,0,-48,3,15.18
fold2_room1_mix0633,53,4,0,171,-2,6.33
fold2_room1_mix0633,53,5,0,-52,4,13.62
fold2_room1_mix0633,54,4,0,168,-2,10.23
fold2_room1_mix0633,54,5,0,-51,3,14.87
fold2_room1_mix0633,55,4,0,170,-3,9.99
fold2_room1_mix0633,55,5,0,-50,3,15.54
fold2_room1_mix0633,56,4,0,170,-2,11.24
fold2_room1_mix0633,56,5,0,-54,4,14.26
fold2_room1_mix0633,57,4,0,168,-2,10.29
fold2_room1_mix0633,57,5,0,-52,3,15.21
fold2_room1_mix0633,58,4,0,167,-3,10.14
fold2_room1_mix0633,58,5,0,-53,3,15.10
fold2_room1_mix0633,59,4,0,167,-3,9.51
fold2_room1_mix0633,59,5,0,-55,4,14.61
fold2_room1_mix0633,60,4,0,164,-3,9.18
fold2_room1_mix0633,60,5,0,-51,3,15.39
fold2_room1_mix0633,61,4,0,165,-3,8.96
fold2_room1_mix0633,61,5,0,-54,4,14.25
fold2_room1_mix0633,62,4,0,164,-3,8.36
fold2_room1_mix0633,62,5,0,-53,3,15.17
fold2_room1_mix0633,63,4,0,160,-4,7.28
fold2_room1_mix0633,63,5,0,-49,3,15.36
fold2_room1_mix0633,64,4,0,160,-4,6.89
fold2_room1_mix0633,64,5,0,-57,4,14.50
fold2_room1_mix0633,65,4,0,157,-4,6.26
fold2_room1_mix0633,65,5,0,-52,3,15.49
fold2_room1_mix0633,66,4,0,154,-5,5.44
fold2_room1_mix0633,66,5,0,-50,3,15.81
fold2_room1_mix0633,67,4,0,153,-6,4.72
fold2_room1_mix0633,67,5,0,-52,4,14.10
fold2_room1_mix0633,68,4,0,144,-7,3.95
fold2_room1_mix0633,68,5,0,-53,3,16.64
fold2_room1_mix0633,69,4,0,138,-9,3.79
fold2_room1_mix0633,69,5,0,-53,3,15.67
fold2_room1_mix0633,70,4,0,127,-10,3.36
fold2_room1_mix0633,70,5,0,-55,3,16.83
fold2_room1_mix0633,71,4,0,117,-12,2.71
fold2_room1_mix0633,71,5,0,-51,3,15.45
fold2_room1_mix0633,72,4,0,101,-12,2.98
fold2_room1_mix0633,72,5,0,-57,3,14.47
fold2_room1_mix0633,73,4,0,84,-14,2.82
fold2_room1_mix0633,73,5,0,-51,3,15.80
fold2_room1_mix0633,74,4,0,68,-14,2.75
fold2_room1_mix0633,74,5,0,-53,3,14.91
fold2_room1_mix0633,75,4,0,50,-11,2.83
fold2_room1_mix0633,75,5,0,-53,3,13.95
fold2_room1_mix0633,76,4,0,43,-9,3.04
fold2_room1_mix0633,76,5,0,-49,3,15.99
fold2_room1_mix0633,77,4,0,35,-7,3.92
fold2_room1_mix0633,77,5,0,-46,3,15.26
fold2_room1_mix0633,78,4,0,32,-6,4.53
fold2_room1_mix0633,78,5,0,-55,3,15.26
fold2_room1_mix0633,79,4,0,27,-5,4.62
fold2_room1_mix0633,79,5,0,-50,3,14.53
fold2_room1_mix0633,80,4,0,23,-5,5.65
fold2_room1_mix0633,80,5,0,-51,3,13.94
fold2_room1_mix0633,81,4,0,21,-4,5.96
fold2_room1_mix0633,81,5,0,-51,3,14.38
fold2_room1_mix0633,82,4,0,19,-4,6.74
fold2_room1_mix0633,82,5,0,-51,3,15.36
fold2_room1_mix0633,83,4,0,19,-4,7.62
fold2_room1_mix0633,83,5,0,-50,3,14.13
fold2_room1_mix0633,84,4,0,18,-3,7.81
fold2_room1_mix0633,84,5,0,-48,3,15.97
fold2_room1_mix0633,85,4,0,19,-3,9.01
fold2_room1_mix0633,85,5,0,-52,3,14.95
fold2_room1_mix0633,86,4,0,17,-3,9.57
fold2_room1_mix0633,86,5,0,-51,3,15.64
fold2_room1_mix0633,87,4,0,18,-3,10.24
fold2_room1_mix0633,87,5,0,-51,3,14.70
fold2_room1_mix0633,88,4,0,16,-3,11.02
fold2_room1_mix0633,88,5,0,-58,3,14.67
fold2_room1_mix0633,89,4,0,13,-2,11.24
fold2_room1_mix0633,89,5,0,-53,3,16.35
fold2_room1_mix0633,90,4,0,14,-2,11.62
fold2_room1_mix0633,90,5,0,-52,3,15.91
fold2_room1_mix0633,91,4,0,13,-3,5.57
fold2_room1_mix0633,91,5,0,-50,3,15.44
fold2_room1_mix0633,92,4,0,11,-2,6.90
fold2_room1_mix0633,92,5,0,-56,3,15.65
fold2_room1_mix0633,93,4,0,9,-2,7.26
fold2_room1_mix0633,93,5,0,-47,3,15.23
fold2_room1_mix0633,94,4,0,11,-2,9.83
fold2_room1_mix0633,94,5,0,-51,3,16.87
fold2_room1_mix0633,95,5,0,-53,3,14.73
fold2_room1_mix0633,96,5,0,-52,3,15.29
fold2_room1_mix0633,97,5,0,-53,2,15.55
fold2_room1_mix0633,98,5,0,-53,3,15.46
fold2_room1_mix0633,99,5,0,-45,3,14.43
fold2_room1_mix0634,41,2,0,-74,-6,3.32
fold2_room1_mix0634,42,2,0,-71,-7,4.80
fold2_room1_mix0634,43,2,0,-76,-6,5.30
fold2_room1_mix0634,44,2,0,-79,-7,3.43
fold2_room1_mix0634,45,2,0,-79,-6,4.26
fold2_room1_mix0634,50,2,0,-79,-5,6.12
fold2_room1_mix0634,51,2,0,-88,-6,5.18
fold2_room1_mix0634,52,2,0,-87,-6,5.23
fold2_room1_mix0634,53,2,0,-86,-6,4.93
fold2_room1_mix0634,54,2,0,-90,-7,4.21
fold2_room1_mix0634,55,2,0,-90,-7,4.35
fold2_room1_mix0634,61,2,0,-109,-6,5.50
fold2_room1_mix0634,62,2,0,-107,-6,5.95
fold2_room1_mix0634,63,2,0,-110,-6,5.60
fold2_room1_mix0634,64,2,0,-114,-7,4.91
fold2_room1_mix0634,65,2,0,-117,-6,5.74
fold2_room1_mix0634,71,2,0,-124,-6,6.04
fold2_room1_mix0634,72,2,0,-125,-5,6.90
fold2_room1_mix0634,73,2,0,-124,-5,6.71
fold2_room1_mix0634,74,2,0,-126,-6,6.24
fold2_room1_mix0634,75,2,0,-126,-6,6.38
fold2_room1_mix0634,81,2,0,-131,-5,7.53
fold2_room1_mix0634,82,2,0,-131,-5,7.97
fold2_room1_mix0634,83,2,0,-131,-5,8.00
fold2_room1_mix0634,84,2,0,-131,-5,8.33
fold2_room1_mix0634,85,2,0,-130,-5,8.13
fold2_room1_mix0634,86,2,0,-132,-5,7.48
fold2_room1_mix0634,91,2,0,-134,-4,9.02
fold2_room1_mix0634,92,2,0,-135,-4,9.54
fold2_room1_mix0634,93,2,0,-136,-4,9.89
fold2_room1_mix0634,94,2,0,-136,-4,10.25
fold2_room1_mix0634,95,2,0,-133,-4,9.91
fold2_room1_mix0634,96,2,0,-136,-4,9.04
fold2_room1_mix0635,3,4,0,179,0,4.22
fold2_room1_mix0635,4,4,0,178,0,12.45
fold2_room1_mix0635,5,4,0,178,0,16.91
fold2_room1_mix0635,6,4,0,177,0,20.81
fold2_room1_mix0635,7,4,0,175,0,22.93
fold2_room1_mix0635,8,4,0,176,0,32.31
fold2_room1_mix0635,9,4,0,176,0,34.13
fold2_room1_mix0635,10,4,0,176,0,33.33
fold2_room1_mix0635,11,4,0,175,0,34.41
fold2_room1_mix0635,12,4,0,177,0,30.83
fold2_room1_mix0635,13,4,0,178,0,31.95
fold2_room1_mix0635,14,4,0,177,0,31.45
fold2_room1_mix0635,15,4,0,178,0,31.51
fold2_room1_mix0635,16,4,0,176,0,29.58
fold2_room1_mix0635,17,4,0,176,0,31.04
fold2_room1_mix0635,18,4,0,177,0,30.67
fold2_room1_mix0635,19,4,0,177,0,32.19
fold2_room1_mix0635,20,4,0,175,0,31.90
fold2_room1_mix0635,21,4,0,176,0,29.38
fold2_room1_mix0635,22,4,0,176,0,30.60
fold2_room1_mix0635,23,1,0,-171,-1,17.64
fold2_room1_mix0635,23,4,0,175,0,23.85
fold2_room1_mix0635,24,1,0,-172,-2,5.35
fold2_room1_mix0635,24,4,0,171,0,30.87
fold2_room1_mix0635,25,1,0,-165,-2,43.69
fold2_room1_mix0635,25,4,0,172,0,29.43
fold2_room1_mix0635,26,1,0,-162,-2,31.16
fold2_room1_mix0635,26,4,0,176,0,30.94
fold2_room1_mix0635,27,1,0,-164,-2,37.80
fold2_room1_mix0635,27,4,0,174,0,35.57
fold2_room1_mix0635,28,1,0,-166,-2,33.95
fold2_room1_mix0635,28,4,0,174,0,33.11
fold2_room1_mix0635,29,1,0,-163,-2,20.54
fold2_room1_mix0635,29,4,0,174,0,29.57
fold2_room1_mix0635,30,1,0,-158,-2,31.06
fold2_room1_mix0635,30,4,0,173,0,36.80
fold2_room1_mix0635,31,1,0,-160,-2,28.93
fold2_room1_mix0635,31,4,0,172,0,33.64
fold2_room1_mix0635,32,1,0,-163,-2,33.77
fold2_room1_mix0635,32,4,0,175,0,32.01
fold2_room1_mix0635,33,1,0,-157,-1,7.22
fold2_room1_mix0635,33,4,0,172,0,36.82
fold2_room1_mix0635,34,1,0,-156,-2,25.09
fold2_room1_mix0635,34,4,0,173,0,37.87
fold2_room1_mix0635,35,1,0,-161,-2,29.70
fold2_room1_mix0635,35,4,0,173,0,32.55
fold2_room1_mix0635,36,1,0,-160,-2,31.64
fold2_room1_mix0635,36,4,0,170,0,32.94
fold2_room1_mix0635,37,1,0,-161,-2,29.14
fold2_room1_mix0635,37,4,0,174,0,33.30
fold2_room1_mix0635,38,1,0,-159,-2,12.91
fold2_room1_mix0635,38,4,0,173,-1,30.18
fold2_room1_mix0635,39,1,0,-157,-2,28.78
fold2_room1_mix0635,39,4,0,169,0,30.59
fold2_room1_mix0635,40,1,0,-159,-2,28.14
fold2_room1_mix0635,40,4,0,172,0,32.01
fold2_room1_mix0635,41,1,0,-160,-2,32.48
fold2_room1_mix0635,41,4,0,169,-1,29.59
fold2_room1_mix0635,42,1,0,-153,-2,9.29
fold2_room1_mix0635,42,4,0,168,-1,28.50
fold2_room1_mix0635,43,1,0,-156,-3,23.84
fold2_room1_mix0635,43,4,0,173,0,28.70
fold2_room1_mix0635,43,4,0,151,-3,20.34
fold2_room1_mix0635,44,1,0,-155,-2,28.83
fold2_room1_mix0635,44,4,0,179,0,24.87
fold2_room1_mix0635,44,4,0,155,-3,21.12
fold2_room1_mix0635,45,1,0,-155,-2,29.10
fold2_room1_mix0635,45,4,0,170,0,25.20
fold2_room1_mix0635,45,4,0,151,-2,22.43
fold2_room1_mix0635,46,1,0,-155,-2,28.40
fold2_room1_mix0635,46,4,0,170,-1,26.08
fold2_room1_mix0635,47,4,0,175,-1,24.07
fold2_room1_mix0635,47,4,0,152,-2,20.82
fold2_room1_mix0635,48,1,0,-147,-2,19.12
fold2_room1_mix0635,48,4,0,174,-1,21.17
fold2_room1_mix0635,48,4,0,153,-3,18.02
fold2_room1_mix0635,49,1,0,-148,-3,25.05
fold2_room1_mix0635,49,4,0,170,-1,20.04
fold2_room1_mix0635,49,4,0,149,-3,18.68
fold2_room1_mix0635,50,1,0,-146,-2,25.43
fold2_room1_mix0635,50,4,0,175,-2,20.75
fold2_room1_mix0635,50,4,0,147,-4,18.77
fold2_room1_mix0635,51,1,0,-143,-2,11.31
fold2_room1_mix0635,51,4,0,169,-2,18.57
fold2_room1_mix0635,51,4,0,142,-2,18.82
fold2_room1_mix0635,52,1,0,-143,-3,18.15
fold2_room1_mix0635,52,4,0,172,-1,24.17
fold2_room1_mix0635,52,4,0,151,-3,20.02
fold2_room1_mix0635,53,1,0,-139,-2,16.56
fold2_room1_mix0635,53,4,0,177,-3,15.24
fold2_room1_mix0635,53,4,0,138,-2,18.71
fold2_room1_mix0635,54,1,0,-135,-3,15.01
fold2_room1_mix0635,54,4,0,163,-3,17.91
fold2_room1_mix0635,54,4,0,145,-3,19.11
fold2_room1_mix0635,55,1,0,-142,-2,18.06
fold2_room1_mix0635,55,4,0,173,-2,15.54
fold2_room1_mix0635,55,4,0,142,-3,18.14
fold2_room1_mix0635,56,4,0,170,-3,14.74
fold2_room1_mix0635,56,4,0,151,-3,13.59
fold2_room1_mix0635,56,4,0,133,-2,16.36
fold2_room1_mix0635,57,1,0,-122,-3,9.35
fold2_room1_mix0635,57,4,0,159,-5,10.45
fold2_room1_mix0635,57,4,0,126,-2,13.16
fold2_room1_mix0635,58,1,0,-119,-4,11.44
fold2_room1_mix0635,58,4,0,154,-5,10.36
fold2_room1_mix0635,58,4,0,116,-4,12.86
fold2_room1_mix0635,59,1,0,-117,-4,11.93
fold2_room1_mix0635,59,4,0,172,-5,11.75
fold2_room1_mix0635,59,4,0,156,-5,11.74
fold2_room1_mix0635,59,4,0,126,-3,15.08
fold2_room1_mix0635,60,1,0,-120,-3,6.55
fold2_room1_mix0635,60,4,0,154,-4,11.07
fold2_room1_mix0635,60,4,0,138,-2,12.11
fold2_room1_mix0635,60,4,0,118,0,15.42
fold2_room1_mix0635,61,1,0,-101,-4,6.88
fold2_room1_mix0635,61,4,0,160,-5,12.68
fold2_room1_mix0635,61,4,0,143,-7,8.95
fold2_room1_mix0635,61,4,0,121,-5,11.45
fold2_room1_mix0635,62,1,0,-92,-4,7.89
fold2_room1_mix0635,62,4,0,163,-7,10.01
fold2_room1_mix0635,62,4,0,111,-7,9.03
fold2_room1_mix0635,63,1,0,-85,-5,10.22
fold2_room1_mix0635,63,4,0,157,-5,10.16
fold2_room1_mix0635,63,4,0,141,-6,9.84
fold2_room1_mix0635,63,4,0,111,-2,13.32
fold2_room1_mix0635,64,1,0,-76,-4,9.64
fold2_room1_mix0635,64,4,0,159,-9,8.00
fold2_room1_mix0635,64,4,0,121,-5,9.82
fold2_room1_mix0635,65,1,0,-94,-3,3.39
fold2_room1_mix0635,65,4,0,131,-7,7.30
fold2_room1_mix0635,65,4,0,111,-4,9.40
fold2_room1_mix0635,66,1,0,-55,-4,9.82
fold2_room1_mix0635,66,4,0,141,-7,7.32
fold2_room1_mix0635,66,4,0,125,-9,6.36
fold2_room1_mix0635,66,4,0,109,-4,10.24
fold2_room1_mix0635,67,1,0,-46,-3,9.86
fold2_room1_mix0635,67,4,0,109,-9,5.59
fold2_room1_mix0635,67,4,0,78,-5,8.86
fold2_room1_mix0635,68,1,0,-45,-4,12.21
fold2_room1_mix0635,68,4,0,112,-7,7.21
fold2_room1_mix0635,69,1,0,-43,-3,11.34
fold2_room1_mix0635,69,4,0,121,-7,7.84
fold2_room1_mix0635,70,4,0,126,-10,4.38
fold2_room1_mix0635,70,4,0,103,-8,6.18
fold2_room1_mix0635,70,4,0,82,-1,13.40
fold2_room1_mix0635,71,1,0,-32,-3,14.03
fold2_room1_mix0635,71,4,0,133,-6,5.59
fold2_room1_mix0635,71,4,0,110,-9,5.78
fold2_room1_mix0635,71,4,0,69,-1,10.66
fold2_room1_mix0635,72,1,0,-35,-3,13.33
fold2_room1_mix0635,72,4,0,126,-10,5.08
fold2_room1_mix0635,72,4,0,69,-11,5.82
fold2_room1_mix0635,72,4,0,34,-2,13.64
fold2_room1_mix0635,73,4,0,155,-7,5.14
fold2_room1_mix0635,73,4,0,84,-6,6.43
fold2_room1_mix0635,73,4,0,66,-2,11.15
fold2_room1_mix0635,74,4,0,152,-8,4.44
fold2_room1_mix0635,74,4,0,79,-7,5.81
fold2_room1_mix0635,74,4,0,59,-1,12.19
fold2_room1_mix0635,75,4,0,158,-9,4.24
fold2_room1_mix0635,75,4,0,61,-5,7.55
fold2_room1_mix0635,76,4,0,165,-11,4.19
fold2_room1_mix0635,76,4,0,67,-6,7.32
fold2_room1_mix0635,77,4,0,168,-10,3.85
fold2_room1_mix0635,77,4,0,70,-5,7.22
fold2_room1_mix0635,78,4,0,153,-14,2.76
fold2_room1_mix0635,78,4,0,62,-5,8.47
fold2_room1_mix0635,79,4,0,144,-23,2.03
fold2_room1_mix0635,79,4,0,71,-8,6.18
fold2_room1_mix0635,79,4,0,57,0,13.78
fold2_room1_mix0635,80,4,0,112,-32,1.08
fold2_room1_mix0635,80,4,0,69,-12,5.21
fold2_room1_mix0635,80,4,0,54,0,12.83
fold2_room1_mix0635,81,4,0,67,-27,1.39
fold2_room1_mix0635,81,4,0,42,-4,11.68
fold2_room1_mix0635,82,4,0,53,-17,2.65
fold2_room1_mix0635,82,4,0,34,-5,9.65
fold2_room1_mix0635,83,4,0,47,-13,3.53
fold2_room1_mix0635,83,4,0,30,-4,9.97
fold2_room1_mix0635,84,4,0,42,-8,5.73
fold2_room1_mix0635,84,4,0,26,-5,9.14
fold2_room1_mix0635,85,4,0,41,-6,7.26
fold2_room1_mix0635,85,4,0,23,-5,8.22
fold2_room1_mix0635,86,4,0,49,-2,10.73
fold2_room1_mix0635,86,4,0,20,-5,7.10
fold2_room1_mix0635,87,4,0,43,-1,12.15
fold2_room1_mix0635,87,4,0,17,-5,7.14
fold2_room1_mix0635,88,4,0,40,-1,11.79
fold2_room1_mix0635,88,4,0,14,-4,7.36
fold2_room1_mix0635,89,4,0,39,-1,13.00
fold2_room1_mix0635,89,4,0,15,-4,7.98
fold2_room1_mix0635,90,4,0,43,0,14.69
fold2_room1_mix0635,90,4,0,13,-4,7.44
fold2_room1_mix0635,91,4,0,38,-1,13.91
fold2_room1_mix0635,91,4,0,11,-3,8.78
fold2_room1_mix0635,92,4,0,37,0,14.97
fold2_room1_mix0635,92,4,0,12,-3,8.84
fold2_room1_mix0635,93,4,0,34,0,14.71
fold2_room1_mix0635,93,4,0,12,-3,9.38
fold2_room1_mix0635,94,4,0,34,0,14.96
fold2_room1_mix0635,94,4,0,9,-2,10.72
fold2_room1_mix0635,95,4,0,33,0,16.37
fold2_room1_mix0635,95,4,0,10,-3,10.64
fold2_room1_mix0635,96,4,0,30,-1,16.60
fold2_room1_mix0635,96,4,0,9,-2,12.28
fold2_room1_mix0635,97,4,0,28,-1,17.36
fold2_room1_mix0635,97,4,0,9,-2,13.94
fold2_room1_mix0635,98,4,0,28,-1,17.88
fold2_room1_mix0635,98,4,0,9,-2,14.41
fold2_room1_mix0635,99,4,0,30,-1,18.90
fold2_room1_mix0635,99,4,0,8,-2,14.30
fold2_room1_mix0636,0,5,0,55,1,5.09
fold2_room1_mix0636,1,5,0,50,3,5.76
fold2_room1_mix0636,2,5,0,43,3,9.63
fold2_room1_mix0636,3,5,0,47,4,7.29
fold2_room1_mix0636,4,5,0,59,3,10.96
fold2_room1_mix0636,5,5,0,50,3,10.74
fold2_room1_mix0636,6,5,0,54,4,9.26
fold2_room1_mix0636,7,5,0,51,3,11.89
fold2_room1_mix0636,8,5,0,58,3,10.81
fold2_room1_mix0636,9,5,0,55,4,9.84
fold2_room1_mix0636,10,5,0,55,3,10.92
fold2_room1_mix0636,11,5,0,56,2,13.06
fold2_room1_mix0636,12,5,0,51,4,8.92
fold2_room1_mix0636,13,5,0,53,2,11.88
fold2_room1_mix0636,14,5,0,51,3,11.25
fold2_room1_mix0636,15,5,0,51,4,10.41
fold2_room1_mix0636,16,5,0,52,3,11.25
fold2_room1_mix0636,17,5,0,50,3,10.83
fold2_room1_mix0636,18,5,0,54,3,10.69
fold2_room1_mix0636,19,5,0,54,2,12.82
fold2_room1_mix0636,20,5,0,52,4,10.83
fold2_room1_mix0636,21,5,0,50,3,10.61
fold2_room1_mix0636,22,5,0,52,4,10.30
fold2_room1_mix0636,23,5,0,53,3,11.19
fold2_room1_mix0636,24,5,0,53,4,8.99
fold2_room1_mix0636,25,5,0,54,3,11.63
fold2_room1_mix0636,26,5,0,51,3,10.96
fold2_room1_mix0636,27,5,0,53,3,12.10
fold2_room1_mix0636,28,5,0,49,3,10.90
fold2_room1_mix0636,29,5,0,51,3,11.15
fold2_room1_mix0636,30,5,0,50,2,12.83
fold2_room1_mix0636,31,5,0,50,3,11.73
fold2_room1_mix0636,32,5,0,54,3,11.63
fold2_room1_mix0636,33,5,0,49,3,11.65
fold2_room1_mix0636,34,5,0,49,3,11.37
fold2_room1_mix0636,35,5,0,49,3,12.16
fold2_room1_mix0636,36,5,0,50,3,12.56
fold2_room1_mix0636,37,5,0,53,3,10.84
fold2_room1_mix0636,38,5,0,51,3,11.87
fold2_room1_mix0636,39,5,0,47,3,11.85
fold2_room1_mix0636,40,5,0,47,3,11.16
fold2_room1_mix0636,41,5,0,48,3,12.73
fold2_room1_mix0636,42,5,0,43,3,12.52
fold2_room1_mix0636,43,4,0,159,-1,2.27
fold2_room1_mix0636,43,5,0,46,3,12.69
fold2_room1_mix0636,44,4,0,153,-2,2.27
fold2_room1_mix0636,44,5,0,45,3,11.98
fold2_room1_mix0636,45,4,0,153,-3,2.01
fold2_room1_mix0636,45,5,0,46,3,13.20
fold2_room1_mix0636,46,4,0,142,-2,8.63
fold2_room1_mix0636,46,5,0,48,3,13.52
fold2_room1_mix0636,47,4,0,140,-3,8.87
fold2_room1_mix0636,47,5,0,43,3,13.45
fold2_room1_mix0636,48,4,0,131,-2,8.71
fold2_room1_mix0636,48,5,0,46,3,12.48
fold2_room1_mix0636,49,4,0,129,-3,7.57
fold2_room1_mix0636,49,5,0,45,3,14.07
fold2_room1_mix0636,50,4,0,123,-4,8.40
fold2_room1_mix0636,50,5,0,42,3,13.99
fold2_room1_mix0636,51,4,0,118,-3,9.22
fold2_room1_mix0636,51,5,0,43,3,13.92
fold2_room1_mix0636,52,4,0,112,-4,8.33
fold2_room1_mix0636,52,5,0,42,3,13.29
fold2_room1_mix0636,53,4,0,113,-4,8.21
fold2_room1_mix0636,53,5,0,42,3,13.71
fold2_room1_mix0636,54,4,0,109,-4,8.44
fold2_room1_mix0636,54,5,0,41,3,13.17
fold2_room1_mix0636,55,4,0,102,-4,8.71
fold2_room1_mix0636,55,5,0,41,2,14.29
fold2_room1_mix0636,56,4,0,107,-4,6.29
fold2_room1_mix0636,56,5,0,40,3,12.97
fold2_room1_mix0636,57,4,0,101,-3,7.68
fold2_room1_mix0636,57,5,0,40,3,13.70
fold2_room1_mix0636,58,4,0,103,-3,8.51
fold2_room1_mix0636,58,5,0,37,3,13.15
fold2_room1_mix0636,59,4,0,104,-3,9.61
fold2_room1_mix0636,59,5,0,38,3,13.30
fold2_room1_mix0636,60,4,0,125,-2,8.28
fold2_room1_mix0636,60,5,0,40,3,12.76
fold2_room1_mix0636,61,4,0,132,-2,10.98
fold2_room1_mix0636,61,4,0,100,-2,10.25
fold2_room1_mix0636,61,5,0,35,3,12.50
fold2_room1_mix0636,62,4,0,137,-2,10.75
fold2_room1_mix0636,62,4,0,113,-2,10.58
fold2_room1_mix0636,62,5,0,39,3,12.67
fold2_room1_mix0636,63,4,0,130,-2,9.19
fold2_room1_mix0636,63,5,0,38,4,12.05
fold2_room1_mix0636,64,4,0,135,-2,10.73
fold2_room1_mix0636,64,4,0,105,-3,10.81
fold2_room1_mix0636,64,5,0,41,3,12.77
fold2_room1_mix0636,65,4,0,139,-2,10.95
fold2_room1_mix0636,65,4,0,79,-3,11.21
fold2_room1_mix0636,65,5,0,35,3,13.11
fold2_room1_mix0636,66,4,0,136,-3,10.83
fold2_room1_mix0636,66,4,0,67,-4,11.88
fold2_room1_mix0636,66,5,0,36,3,12.04
fold2_room1_mix0636,67,4,0,128,-3,10.76
fold2_room1_mix0636,67,4,0,69,-4,11.11
fold2_room1_mix0636,67,5,0,39,3,12.09
fold2_room1_mix0636,68,4,0,125,-3,9.80
fold2_room1_mix0636,68,4,0,82,-4,10.06
fold2_room1_mix0636,68,5,0,37,3,12.65
fold2_room1_mix0636,69,4,0,117,-4,8.80
fold2_room1_mix0636,69,4,0,85,-5,9.45
fold2_room1_mix0636,69,5,0,32,3,13.23
fold2_room1_mix0636,70,4,0,97,-6,8.67
fold2_room1_mix0636,70,4,0,69,-5,9.56
fold2_room1_mix0636,70,5,0,36,3,12.25
fold2_room1_mix0636,71,4,0,85,-5,8.53
fold2_room1_mix0636,71,4,0,68,-4,9.06
fold2_room1_mix0636,71,5,0,38,3,12.83
fold2_room1_mix0636,72,4,0,68,-4,8.71
fold2_room1_mix0636,72,5,0,35,2,13.01
fold2_room1_mix0636,73,4,0,58,-4,8.77
fold2_room1_mix0636,73,5,0,34,2,12.47
fold2_room1_mix0636,74,4,0,54,-4,9.37
fold2_room1_mix0636,74,5,0,34,2,12.60
fold2_room1_mix0636,75,4,0,50,-3,9.99
fold2_room1_mix0636,75,5,0,33,2,13.50
fold2_room1_mix0636,76,4,0,46,-3,8.59
fold2_room1_mix0636,76,5,0,33,2,12.25
fold2_room1_mix0636,77,4,0,41,-3,8.50
fold2_room1_mix0636,77,5,0,32,2,14.26
fold2_room1_mix0636,78,4,0,33,-2,5.94
fold2_room1_mix0636,78,5,0,35,2,13.07
fold2_room1_mix0636,79,5,0,30,2,12.04
fold2_room1_mix0636,80,5,0,31,2,13.50
fold2_room1_mix0636,81,5,0,35,2,14.85
fold2_room1_mix0636,82,5,0,35,2,13.11
fold2_room1_mix0636,83,5,0,37,1,14.59
fold2_room1_mix0636,84,5,0,34,2,13.82
fold2_room1_mix0636,85,5,0,35,2,13.63
fold2_room1_mix0636,86,5,0,36,2,14.03
fold2_room1_mix0636,87,5,0,35,2,13.13
fold2_room1_mix0636,88,5,0,38,2,13.72
fold2_room1_mix0636,89,5,0,32,2,13.95
fold2_room1_mix0636,90,5,0,33,2,13.63
fold2_room1_mix0636,91,5,0,34,2,13.54
fold2_room1_mix0636,92,5,0,34,2,13.53
fold2_room1_mix0636,93,5,0,33,2,12.72
fold2_room1_mix0636,94,5,0,34,2,13.03
fold2_room1_mix0636,95,5,0,29,2,13.49
fold2_room1_mix0636,96,5,0,34,2,13.50
fold2_room1_mix0636,97,5,0,30,2,13.50
fold2_room1_mix0636,98,5,0,32,2,13.58
fold2_room1_mix0636,99,5,0,35,2,13.19
fold2_room1_mix0637,3,4,0,-177,0,6.39
fold2_room1_mix0637,4,4,0,179,0,11.49
fold2_room1_mix0637,5,4,0,179,0,20.64
fold2_room1_mix0637,6,4,0,178,0,24.83
fold2_room1_mix0637,7,4,0,-179,0,27.71
fold2_room1_mix0637,8,4,0,-179,-1,39.82
fold2_room1_mix0637,9,4,0,-179,-1,39.99
fold2_room1_mix0637,10,4,0,178,-1,37.69
fold2_room1_mix0637,11,4,0,179,0,38.62
fold2_room1_mix0637,12,4,0,178,0,38.39
fold2_room1_mix0637,13,4,0,178,0,38.88
fold2_room1_mix0637,14,4,0,176,0,38.49
fold2_room1_mix0637,15,4,0,178,0,38.23
fold2_room1_mix0637,16,4,0,178,0,37.37
fold2_room1_mix0637,17,4,0,179,0,37.25
fold2_room1_mix0637,18,4,0,177,0,35.24
fold2_room1_mix0637,19,4,0,179,0,35.80
fold2_room1_mix0637,20,4,0,-179,0,34.97
fold2_room1_mix0637,21,4,0,179,0,33.18
fold2_room1_mix0637,22,4,0,179,0,32.08
fold2_room1_mix0637,23,4,0,179,0,30.04
fold2_room1_mix0637,24,4,0,-178,0,30.77
fold2_room1_mix0637,25,4,0,-178,0,30.57
fold2_room1_mix0637,26,4,0,-179,0,30.43
fold2_room1_mix0637,27,4,0,179,0,31.48
fold2_room1_mix0637,28,4,0,-179,0,30.62
fold2_room1_mix0637,29,4,0,-179,-1,28.79
fold2_room1_mix0637,30,4,0,178,-1,29.01
fold2_room1_mix0637,31,4,0,179,-1,27.33
fold2_room1_mix0637,32,4,0,179,-1,27.65
fold2_room1_mix0637,33,4,0,179,0,26.35
fold2_room1_mix0637,34,4,0,178,-1,25.68
fold2_room1_mix0637,35,4,0,178,-1,25.05
fold2_room1_mix0637,36,4,0,179,-1,24.02
fold2_room1_mix0637,37,4,0,178,-1,23.03
fold2_room1_mix0637,38,4,0,178,-1,21.60
fold2_room1_mix0637,39,4,0,178,-1,20.22
fold2_room1_mix0637,40,4,0,178,-1,19.91
fold2_room1_mix0637,41,4,0,178,-1,18.43
fold2_room1_mix0637,42,4,0,177,-1,17.19
fold2_room1_mix0637,43,4,0,178,-1,17.15
fold2_room1_mix0637,44,4,0,178,-2,16.06
fold2_room1_mix0637,45,4,0,178,-2,15.11
fold2_room1_mix0637,46,4,0,177,-2,14.73
fold2_room1_mix0637,47,4,0,177,-3,12.89
fold2_room1_mix0637,48,4,0,177,-3,11.65
fold2_room1_mix0637,49,4,0,177,-3,10.78
fold2_room1_mix0637,50,4,0,176,-3,10.14
fold2_room1_mix0637,51,4,0,177,-3,9.62
fold2_room1_mix0637,52,4,0,176,-4,8.23
fold2_room1_mix0637,53,4,0,175,-5,7.79
fold2_room1_mix0637,54,4,0,173,-6,6.53
fold2_room1_mix0637,55,4,0,174,-7,5.57
fold2_room1_mix0637,56,4,0,172,-8,4.84
fold2_room1_mix0637,57,4,0,169,-11,3.67
fold2_room1_mix0637,58,4,0,165,-16,2.88
fold2_room1_mix0637,59,4,0,155,-23,2.13
fold2_room1_mix0637,60,4,0,123,-43,1.34
fold2_room1_mix0637,61,4,0,58,-42,1.21
fold2_room1_mix0637,62,4,0,24,-25,1.57
fold2_room1_mix0637,63,4,0,14,-18,2.12
fold2_room1_mix0637,64,4,0,12,-12,2.89
fold2_room1_mix0637,65,4,0,9,-11,3.49
fold2_room1_mix0637,66,4,0,8,-9,4.42
fold2_room1_mix0637,67,4,0,7,-7,5.19
fold2_room1_mix0637,68,4,0,6,-6,6.27
fold2_room1_mix0637,69,4,0,5,-5,7.00
fold2_room1_mix0637,70,4,0,5,-5,7.77
fold2_room1_mix0637,71,4,0,5,-5,8.48
fold2_room1_mix0637,72,4,0,4,-4,9.63
fold2_room1_mix0637,73,4,0,4,-4,10.26
fold2_room1_mix0637,74,4,0,4,-4,10.57
fold2_room1_mix0637,75,4,0,3,-4,11.40
fold2_room1_mix0637,76,4,0,3,-3,12.73
fold2_room1_mix0637,77,4,0,3,-3,12.93
fold2_room1_mix0637,78,4,0,3,-3,14.18
fold2_room1_mix0637,79,4,0,3,-3,14.92
fold2_room1_mix0637,80,4,0,4,-2,15.99
fold2_room1_mix0637,81,4,0,4,-2,16.88
fold2_room1_mix0637,82,4,0,3,-2,17.45
fold2_room1_mix0637,83,4,0,4,-2,18.63
fold2_room1_mix0637,84,4,0,4,-2,20.21
fold2_room1_mix0637,85,4,0,4,-2,19.76
fold2_room1_mix0637,86,4,0,4,-2,20.89
fold2_room1_mix0637,87,4,0,4,-2,20.83
fold2_room1_mix0637,88,4,0,4,-2,22.83
fold2_room1_mix0637,89,4,0,4,-2,22.40
fold2_room1_mix0637,90,4,0,4,-2,22.83
fold2_room1_mix0637,91,4,0,4,-2,25.41
fold2_room1_mix0637,92,4,0,3,-2,25.63
fold2_room1_mix0637,93,4,0,3,-2,25.78
fold2_room1_mix0637,94,4,0,4,-2,27.73
fold2_room1_mix0637,95,4,0,3,-2,27.35
fold2_room1_mix0637,96,4,0,3,-1,28.64
fold2_room1_mix0637,97,4,0,3,-1,29.75
fold2_room1_mix0637,98,4,0,2,-1,29.16
fold2_room1_mix0637,99,4,0,3,-1,28.76
fold2_room1_mix0638,2,4,0,-4,0,3.14
fold2_room1_mix0638,3,4,0,0,-1,10.38
fold2_room1_mix0638,4,4,0,-1,-2,11.33
fold2_room1_mix0638,5,4,0,0,-2,13.19
fold2_room1_mix0638,6,4,0,0,-2,18.75
fold2_room1_mix0638,7,4,0,1,-2,24.13
fold2_room1_mix0638,8,4,0,2,-2,23.99
fold2_room1_mix0638,9,0,0,-6,-2,5.17
fold2_room1_mix0638,9,4,0,1,-2,27.04
fold2_room1_mix0638,10,0,0,-9,-2,14.45
fold2_room1_mix0638,10,4,0,0,-2,23.92
fold2_room1_mix0638,11,0,0,-10,-1,23.02
fold2_room1_mix0638,11,4,0,2,-2,23.04
fold2_room1_mix0638,12,0,0,-11,-1,25.28
fold2_room1_mix0638,12,4,0,3,-2,26.58
fold2_room1_mix0638,13,0,0,-12,-2,28.83
fold2_room1_mix0638,13,4,0,1,-2,24.86
fold2_room1_mix0638,14,0,0,-14,-2,32.51
fold2_room1_mix0638,14,4,0,3,-2,24.81
fold2_room1_mix0638,15,0,0,-12,-2,28.26
fold2_room1_mix0638,15,4,0,2,-2,23.19
fold2_room1_mix0638,16,0,0,-12,-1,31.78
fold2_room1_mix0638,16,4,0,1,-2,20.62
fold2_room1_mix0638,17,0,0,-13,-1,29.92
fold2_room1_mix0638,17,4,0,0,-2,21.15
fold2_room1_mix0638,18,0,0,-13,-2,28.66
fold2_room1_mix0638,18,4,0,0,-2,20.94
fold2_room1_mix0638,19,0,0,-12,-2,29.19
fold2_room1_mix0638,19,4,0,0,-2,20.24
fold2_room1_mix0638,20,0,0,-13,-1,31.57
fold2_room1_mix0638,20,4,0,0,-2,19.79
fold2_room1_mix0638,21,0,0,-13,-2,25.65
fold2_room1_mix0638,21,4,0,0,-2,19.84
fold2_room1_mix0638,22,0,0,-12,-2,31.60
fold2_room1_mix0638,22,4,0,0,-2,19.89
fold2_room1_mix0638,23,0,0,-13,-1,32.32
fold2_room1_mix0638,23,4,0,0,-2,19.49
fold2_room1_mix0638,24,0,0,-14,-2,27.61
fold2_room1_mix0638,24,4,0,0,-3,17.90
fold2_room1_mix0638,25,0,0,-15,-2,27.82
fold2_room1_mix0638,25,4,0,0,-2,18.70
fold2_room1_mix0638,26,0,0,-15,-2,26.11
fold2_room1_mix0638,26,4,0,1,-2,16.72
fold2_room1_mix0638,27,0,0,-17,-2,22.36
fold2_room1_mix0638,27,4,0,0,-3,16.90
fold2_room1_mix0638,28,0,0,-17,-2,24.10
fold2_room1_mix0638,28,4,0,0,-3,17.44
fold2_room1_mix0638,29,0,0,-19,-2,19.90
fold2_room1_mix0638,29,4,0,0,-2,16.54
fold2_room1_mix0638,30,0,0,-19,-2,17.11
fold2_room1_mix0638,30,4,0,0,-2,16.24
fold2_room1_mix0638,31,0,0,-21,-2,16.13
fold2_room1_mix0638,31,4,0,0,-2,16.51
fold2_room1_mix0638,32,0,0,-21,-2,16.02
fold2_room1_mix0638,32,4,0,-1,-2,16.52
fold2_room1_mix0638,33,0,0,-23,-3,14.29
fold2_room1_mix0638,33,4,0,-1,-3,16.61
fold2_room1_mix0638,34,0,0,-26,-3,12.92
fold2_room1_mix0638,34,4,0,0,-3,15.62
fold2_room1_mix0638,35,0,0,-30,-3,12.56
fold2_room1_mix0638,35,4,0,0,-3,14.58
fold2_room1_mix0638,36,0,0,-32,-3,12.87
fold2_room1_mix0638,36,4,0,0,-3,14.13
fold2_room1_mix0638,37,0,0,-37,-4,10.78
fold2_room1_mix0638,37,4,0,-2,-3,13.84
fold2_room1_mix0638,38,0,0,-38,-4,11.97
fold2_room1_mix0638,38,4,0,-2,-4,13.81
fold2_room1_mix0638,39,0,0,-48,-5,8.58
fold2_room1_mix0638,39,4,0,-2,-4,14.08
fold2_room1_mix0638,40,0,0,-53,-5,8.15
fold2_room1_mix0638,40,4,0,-2,-4,14.58
fold2_room1_mix0638,41,0,0,-71,-6,10.06
fold2_room1_mix0638,41,4,0,5,-4,14.75
fold2_room1_mix0638,42,0,0,-112,-6,6.02
fold2_room1_mix0638,42,0,0,-90,-6,10.99
fold2_room1_mix0638,42,4,0,2,-5,11.85
fold2_room1_mix0638,43,0,0,-134,-7,5.92
fold2_room1_mix0638,43,4,0,1,-5,13.34
fold2_room1_mix0638,44,0,0,-139,-5,6.98
fold2_room1_mix0638,44,4,0,-175,-2,18.26
fold2_room1_mix0638,44,4,0,3,-6,10.22
fold2_room1_mix0638,45,0,0,-163,-5,7.80
fold2_room1_mix0638,45,4,0,-173,0,23.49
fold2_room1_mix0638,45,4,0,0,-5,10.23
fold2_room1_mix0638,46,0,0,-166,-4,8.24
fold2_room1_mix0638,46,4,0,-177,0,25.08
fold2_room1_mix0638,46,4,0,3,-4,10.71
fold2_room1_mix0638,47,0,0,-177,-4,7.35
fold2_room1_mix0638,47,4,0,-172,0,23.53
fold2_room1_mix0638,47,4,0,2,-4,12.02
fold2_room1_mix0638,48,0,0,-171,-3,10.35
fold2_room1_mix0638,48,0,0,31,-3,23.68
fold2_room1_mix0638,48,4,0,-168,-1,15.65
fold2_room1_mix0638,48,4,0,5,-3,11.07
fold2_room1_mix0638,49,0,0,-170,-2,10.29
fold2_room1_mix0638,49,0,0,37,-4,24.26
fold2_room1_mix0638,49,4,0,-172,0,18.98
fold2_room1_mix0638,49,4,0,5,-4,10.96
fold2_room1_mix0638,50,0,0,-177,-3,8.46
fold2_room1_mix0638,50,0,0,29,-2,20.12
fold2_room1_mix0638,50,4,0,-168,0,17.50
fold2_room1_mix0638,50,4,0,4,-4,10.22
fold2_room1_mix0638,51,0,0,-179,-3,8.26
fold2_room1_mix0638,51,0,0,28,-1,30.46
fold2_room1_mix0638,51,4,0,-156,-7,10.85
fold2_room1_mix0638,51,4,0,6,-4,10.22
fold2_room1_mix0638,52,0,0,176,-3,8.97
fold2_room1_mix0638,52,0,0,34,-2,19.95
fold2_room1_mix0638,52,4,0,-170,-2,15.79
fold2_room1_mix0638,52,4,0,5,-5,10.31
fold2_room1_mix0638,53,0,0,146,-4,10.12
fold2_room1_mix0638,53,0,0,34,-2,16.48
fold2_room1_mix0638,53,4,0,-169,0,21.96
fold2_room1_mix0638,53,4,0,0,-5,10.21
fold2_room1_mix0638,54,0,0,34,-1,21.46
fold2_room1_mix0638,54,4,0,-172,0,20.97
fold2_room1_mix0638,54,4,0,-1,-5,8.34
fold2_room1_mix0638,55,0,0,151,-4,10.56
fold2_room1_mix0638,55,0,0,30,-1,21.58
fold2_room1_mix0638,55,4,0,-171,0,19.19
fold2_room1_mix0638,55,4,0,-2,-5,8.45
fold2_room1_mix0638,56,0,0,153,-3,11.19
fold2_room1_mix0638,56,0,0,32,-2,17.22
fold2_room1_mix0638,56,4,0,-175,0,21.88
fold2_room1_mix0638,56,4,0,-2,-5,7.01
fold2_room1_mix0638,57,0,0,166,-2,10.80
fold2_room1_mix0638,57,0,0,28,-1,23.43
fold2_room1_mix0638,57,4,0,-173,0,20.36
fold2_room1_mix0638,57,4,0,-3,-6,6.41
fold2_room1_mix0638,58,0,0,161,-3,13.20
fold2_room1_mix0638,58,0,0,26,-1,21.93
fold2_room1_mix0638,58,4,0,-172,0,21.74
fold2_room1_mix0638,58,4,0,-3,-6,6.16
fold2_room1_mix0638,59,0,0,25,-1,17.71
fold2_room1_mix0638,59,4,0,-171,1,22.65
fold2_room1_mix0638,59,4,0,-3,-6,5.77
fold2_room1_mix0638,60,0,0,45,-2,12.98
fold2_room1_mix0638,60,0,0,26,-1,20.25
fold2_room1_mix0638,60,4,0,-167,0,19.14
fold2_room1_mix0638,60,4,0,-7,-8,4.49
fold2_room1_mix0638,61,0,0,28,-1,24.87
fold2_room1_mix0638,61,4,0,-7,-7,5.41
fold2_room1_mix0638,62,0,0,23,-1,22.52
fold2_room1_mix0638,62,4,0,-162,0,16.46
fold2_room1_mix0638,62,4,0,-8,-7,4.73
fold2_room1_mix0638,63,0,0,21,-1,26.42
fold2_room1_mix0638,63,4,0,-6,-6,6.35
fold2_room1_mix0638,64,0,0,23,0,26.69
fold2_room1_mix0638,64,4,0,-4,-7,4.74
fold2_room1_mix0638,65,0,0,21,0,30.77
fold2_room1_mix0638,65,4,0,-8,-7,5.37
fold2_room1_mix0638,66,0,0,20,0,31.87
fold2_room1_mix0638,66,4,0,-25,-9,8.90
fold2_room1_mix0638,66,4,0,-7,-7,5.19
fold2_room1_mix0638,67,0,0,20,0,35.09
fold2_room1_mix0638,67,4,0,-14,-10,4.20
fold2_room1_mix0638,68,0,0,18,0,33.91
fold2_room1_mix0638,68,4,0,-18,-12,2.74
fold2_room1_mix0638,69,0,0,19,0,37.93
fold2_room1_mix0638,69,4,0,-16,-10,3.65
fold2_room1_mix0638,70,0,0,19,0,33.27
fold2_room1_mix0638,70,4,0,-24,-16,2.10
fold2_room1_mix0638,71,0,0,18,0,37.88
fold2_room1_mix0638,71,4,0,-25,-15,2.86
fold2_room1_mix0638,72,0,0,19,0,31.59
fold2_room1_mix0638,72,4,0,-139,-14,7.08
fold2_room1_mix0638,72,4,0,-30,-17,2.21
fold2_room1_mix0638,73,0,0,20,0,36.41
fold2_room1_mix0638,73,4,0,-136,-21,4.87
fold2_room1_mix0638,73,4,0,-38,-22,1.50
fold2_room1_mix0638,73,4,0,-25,-13,3.63
fold2_room1_mix0638,74,0,0,15,0,36.43
fold2_room1_mix0638,74,4,0,-148,-17,7.54
fold2_room1_mix0638,74,4,0,-52,-29,1.25
fold2_room1_mix0638,74,4,0,-40,-18,2.94
fold2_room1_mix0638,75,0,0,16,0,35.91
fold2_room1_mix0638,75,4,0,-123,-33,2.76
fold2_room1_mix0638,75,4,0,-69,-35,1.31
fold2_room1_mix0638,75,4,0,-46,-23,3.16
fold2_room1_mix0638,76,0,0,14,0,39.24
fold2_room1_mix0638,76,4,0,-140,-29,3.42
fold2_room1_mix0638,76,4,0,-99,-40,1.23
fold2_room1_mix0638,76,4,0,-57,-30,2.72
fold2_room1_mix0638,77,0,0,13,0,49.27
fold2_room1_mix0638,77,4,0,-142,-29,2.22
fold2_room1_mix0638,77,4,0,-117,-36,1.20
fold2_room1_mix0638,77,4,0,-33,-19,6.83
fold2_room1_mix0638,78,0,0,15,0,40.89
fold2_room1_mix0638,78,4,0,-151,-22,3.10
fold2_room1_mix0638,78,4,0,-133,-29,1.45
fold2_room1_mix0638,78,4,0,-63,-26,4.43
fold2_room1_mix0638,79,0,0,15,0,43.94
fold2_room1_mix0638,79,4,0,-145,-25,2.04
fold2_room1_mix0638,79,4,0,-20,-12,8.63
fold2_room1_mix0638,80,0,0,13,0,41.37
fold2_room1_mix0638,80,4,0,-154,-20,2.38
fold2_room1_mix0638,80,4,0,-39,-19,4.53
fold2_room1_mix0638,81,0,0,13,0,40.69
fold2_room1_mix0638,81,4,0,-152,-19,2.46
fold2_room1_mix0638,81,4,0,-31,-15,4.80
fold2_room1_mix0638,82,0,0,11,0,44.43
fold2_room1_mix0638,82,4,0,-155,-16,3.28
fold2_room1_mix0638,82,4,0,-88,-28,2.38
fold2_room1_mix0638,82,4,0,-35,-12,4.80
fold2_room1_mix0638,83,0,0,13,0,39.03
fold2_room1_mix0638,83,4,0,-159,-16,3.40
fold2_room1_mix0638,83,4,0,-70,-25,2.35
fold2_room1_mix0638,83,4,0,-51,-17,2.73
fold2_room1_mix0638,84,0,0,14,0,39.16
fold2_room1_mix0638,84,4,0,-160,-13,3.98
fold2_room1_mix0638,84,4,0,-65,-20,2.28
fold2_room1_mix0638,85,0,0,14,0,41.96
fold2_room1_mix0638,85,4,0,-162,-11,3.55
fold2_room1_mix0638,85,4,0,-117,-19,2.00
fold2_room1_mix0638,85,4,0,-74,-16,2.55
fold2_room1_mix0638,86,0,0,14,0,39.49
fold2_room1_mix0638,86,4,0,-169,-9,4.64
fold2_room1_mix0638,86,4,0,-129,-15,2.12
fold2_room1_mix0638,86,4,0,-109,-14,1.78
fold2_room1_mix0638,87,0,0,14,0,45.39
fold2_room1_mix0638,87,4,0,-172,-10,3.90
fold2_room1_mix0638,87,4,0,-122,-14,2.18
fold2_room1_mix0638,88,0,0,14,0,46.24
fold2_room1_mix0638,88,4,0,-160,-9,2.74
fold2_room1_mix0638,88,4,0,110,-19,1.50
fold2_room1_mix0638,88,4,0,-161,-29,1.37
fold2_room1_mix0638,89,0,0,13,0,50.85
fold2_room1_mix0638,89,4,0,-160,-9,2.89
fold2_room1_mix0638,89,4,0,104,-20,1.64
fold2_room1_mix0638,90,0,0,16,0,47.00
fold2_room1_mix0638,90,4,0,-161,-7,3.16
fold2_room1_mix0638,90,4,0,50,-15,1.89
fold2_room1_mix0638,91,0,0,16,0,45.92
fold2_room1_mix0638,91,4,0,-161,-8,3.02
fold2_room1_mix0638,91,4,0,37,-11,2.20
fold2_room1_mix0638,91,4,0,5,-10,3.54
fold2_room1_mix0638,92,0,0,13,0,46.77
fold2_room1_mix0638,92,4,0,-163,-7,3.72
fold2_room1_mix0638,92,4,0,28,-12,3.23
fold2_room1_mix0638,93,0,0,13,0,54.11
fold2_room1_mix0638,93,4,0,-163,-7,3.57
fold2_room1_mix0638,93,4,0,29,-10,2.90
fold2_room1_mix0638,93,4,0,5,-7,5.16
fold2_room1_mix0638,94,0,0,13,0,45.79
fold2_room1_mix0638,94,4,0,-163,-7,4.19
fold2_room1_mix0638,94,4,0,22,-9,3.53
fold2_room1_mix0638,94,4,0,6,-6,6.25
fold2_room1_mix0638,95,0,0,11,0,50.24
fold2_room1_mix0638,95,4,0,-164,-7,4.58
fold2_room1_mix0638,95,4,0,12,-7,5.67
fold2_room1_mix0638,96,0,0,13,0,50.23
fold2_room1_mix0638,96,4,0,-164,-6,4.72
fold2_room1_mix0638,96,4,0,5,-4,7.96
fold2_room1_mix0638,97,0,0,11,0,51.45
fold2_room1_mix0638,97,4,0,-167,-6,5.61
fold2_room1_mix0638,97,4,0,6,-4,9.88
fold2_room1_mix0638,98,0,0,9,0,54.85
fold2_room1_mix0638,98,4,0,-168,-6,6.53
fold2_room1_mix0638,98,4,0,10,-3,11.75
fold2_room1_mix0638,99,0,0,10,0,54.35
fold2_room1_mix0638,99,4,0,-167,-6,6.58
fold2_room1_mix0638,99,4,0,7,-4,12.77
fold2_room1_mix0638,1,4,0,-5,0,1.52
fold2_room1_mix0640,3,4,0,-179,0,3.31
fold2_room1_mix0640,4,4,0,178,0,6.84
fold2_room1_mix0640,5,4,0,179,0,22.41
fold2_room1_mix0640,6,4,0,-179,0,23.83
fold2_room1_mix0640,7,4,0,179,0,26.56
fold2_room1_mix0640,8,4,0,178,0,42.41
fold2_room1_mix0640,9,4,0,-178,0,41.36
fold2_room1_mix0640,10,4,0,-179,0,40.39
fold2_room1_mix0640,11,4,0,-179,0,41.05
fold2_room1_mix0640,12,4,0,179,0,40.82
fold2_room1_mix0640,13,4,0,178,0,40.16
fold2_room1_mix0640,14,4,0,-179,0,39.40
fold2_room1_mix0640,15,4,0,-178,0,38.71
fold2_room1_mix0640,16,4,0,-179,0,37.50
fold2_room1_mix0640,17,4,0,-179,0,36.34
fold2_room1_mix0640,18,4,0,-179,0,36.06
fold2_room1_mix0640,19,4,0,-176,0,35.26
fold2_room1_mix0640,20,4,0,-178,0,34.87
fold2_room1_mix0640,21,4,0,-178,0,34.05
fold2_room1_mix0640,22,4,0,-176,0,32.22
fold2_room1_mix0640,23,4,0,-177,0,32.46
fold2_room1_mix0640,24,4,0,-176,0,31.55
fold2_room1_mix0640,25,4,0,-175,0,30.86
fold2_room1_mix0640,26,4,0,-176,0,31.44
fold2_room1_mix0640,27,4,0,-177,0,32.68
fold2_room1_mix0640,28,4,0,-175,0,32.25
fold2_room1_mix0640,29,4,0,-177,0,31.53
fold2_room1_mix0640,30,4,0,-176,0,30.78
fold2_room1_mix0640,31,4,0,-176,0,30.61
fold2_room1_mix0640,32,4,0,-175,0,29.41
fold2_room1_mix0640,33,4,0,-175,0,28.11
fold2_room1_mix0640,34,4,0,-176,-1,28.02
fold2_room1_mix0640,35,4,0,-175,0,27.77
fold2_room1_mix0640,36,4,0,-175,0,26.11
fold2_room1_mix0640,37,4,0,-176,0,25.77
fold2_room1_mix0640,38,4,0,-175,0,23.85
fold2_room1_mix0640,39,4,0,-176,0,23.61
fold2_room1_mix0640,40,4,0,-175,-1,22.64
fold2_room1_mix0640,41,4,0,-174,-1,20.90
fold2_room1_mix0640,42,4,0,-175,-1,20.07
fold2_room1_mix0640,43,4,0,-176,-1,19.50
fold2_room1_mix0640,44,4,0,-175,-1,19.10
fold2_room1_mix0640,45,4,0,-174,-1,17.70
fold2_room1_mix0640,46,4,0,-174,-1,16.43
fold2_room1_mix0640,47,4,0,-174,-1,16.59
fold2_room1_mix0640,48,4,0,-173,-1,15.75
fold2_room1_mix0640,49,4,0,-174,-2,14.29
fold2_room1_mix0640,50,4,0,-173,-2,14.11
fold2_room1_mix0640,51,4,0,-172,-2,12.66
fold2_room1_mix0640,52,4,0,-173,-2,12.08
fold2_room1_mix0640,53,4,0,-172,-2,12.30
fold2_room1_mix0640,54,4,0,-170,-3,10.71
fold2_room1_mix0640,55,4,0,-171,-3,9.30
fold2_room1_mix0640,56,4,0,-168,-3,8.74
fold2_room1_mix0640,57,4,0,-167,-3,7.94
fold2_room1_mix0640,58,4,0,-165,-4,6.68
fold2_room1_mix0640,59,4,0,-163,-5,5.55
fold2_room1_mix0640,60,4,0,-158,-5,4.64
fold2_room1_mix0640,61,4,0,-154,-7,3.62
fold2_room1_mix0640,62,4,0,-146,-9,2.50
fold2_room1_mix0640,63,4,0,-130,-10,1.77
fold2_room1_mix0640,64,4,0,-91,-10,1.33
fold2_room1_mix0640,65,4,0,-54,-8,1.37
fold2_room1_mix0640,66,4,0,-36,-5,1.80
fold2_room1_mix0640,67,4,0,-28,-5,2.58
fold2_room1_mix0640,68,4,0,-23,-4,3.57
fold2_room1_mix0640,69,4,0,-16,-3,4.50
fold2_room1_mix0640,70,4,0,-13,-3,5.06
fold2_room1_mix0640,71,4,0,-10,-2,5.86
fold2_room1_mix0640,72,4,0,-8,-2,7.36
fold2_room1_mix0640,73,4,0,-8,-2,7.64
fold2_room1_mix0640,74,4,0,-7,-2,8.16
fold2_room1_mix0640,75,4,0,-7,-2,9.23
fold2_room1_mix0640,76,4,0,-6,-2,10.00
fold2_room1_mix0640,77,4,0,-6,-2,10.49
fold2_room1_mix0640,78,4,0,-5,-2,11.40
fold2_room1_mix0640,79,4,0,-4,-2,12.54
fold2_room1_mix0640,80,4,0,-4,-2,12.67
fold2_room1_mix0640,81,4,0,-4,-2,13.63
fold2_room1_mix0640,82,4,0,-3,-1,15.44
fold2_room1_mix0640,83,4,0,-3,-2,15.42
fold2_room1_mix0640,84,4,0,-2,-1,16.23
fold2_room1_mix0640,85,4,0,-2,-1,18.52
fold2_room1_mix0640,86,4,0,-1,-1,17.73
fold2_room1_mix0640,87,4,0,-1,-1,19.97
fold2_room1_mix0640,88,4,0,-1,-1,20.78
fold2_room1_mix0640,89,4,0,-1,-1,21.16
fold2_room1_mix0640,90,4,0,0,-1,22.09
fold2_room1_mix0640,91,4,0,0,-1,23.92
fold2_room1_mix0640,92,4,0,0,-1,24.58
fold2_room1_mix0640,93,4,0,0,-1,24.05
fold2_room1_mix0640,94,4,0,0,-1,25.26
fold2_room1_mix0640,95,4,0,0,-1,27.03
fold2_room1_mix0640,96,4,0,0,-1,26.80
fold2_room1_mix0640,97,4,0,-1,-1,28.06
fold2_room1_mix0640,98,4,0,0,0,31.29
fold2_room1_mix0640,99,4,0,0,-1,28.71
fold2_room1_mix0641,3,4,0,-175,0,1.45
fold2_room1_mix0641,4,0,0,-8,-1,2.92
fold2_room1_mix0641,4,4,0,-178,1,2.70
fold2_room1_mix0641,5,0,0,-11,-1,4.94
fold2_room1_mix0641,5,4,0,-175,0,17.31
fold2_room1_mix0641,6,0,0,-9,-1,6.67
fold2_room1_mix0641,6,4,0,-178,0,15.64
fold2_room1_mix0641,7,0,0,-12,-1,23.95
fold2_room1_mix0641,7,4,0,178,0,10.58
fold2_room1_mix0641,8,0,0,-10,-1,18.88
fold2_room1_mix0641,8,4,0,-179,-1,9.90
fold2_room1_mix0641,9,0,0,-10,-1,28.76
fold2_room1_mix0641,9,4,0,178,-1,26.73
fold2_room1_mix0641,10,0,0,-12,-1,34.98
fold2_room1_mix0641,10,4,0,176,0,5.88
fold2_room1_mix0641,11,0,0,-10,-1,43.36
fold2_room1_mix0641,11,4,0,176,0,8.44
fold2_room1_mix0641,12,0,0,-15,-1,34.69
fold2_room1_mix0641,12,4,0,176,-1,27.14
fold2_room1_mix0641,13,0,0,-15,-1,39.74
fold2_room1_mix0641,14,0,0,-14,-1,37.50
fold2_room1_mix0641,14,4,0,175,0,2.34
fold2_room1_mix0641,15,0,0,-16,-1,35.15
fold2_room1_mix0641,15,4,0,172,0,8.14
fold2_room1_mix0641,16,0,0,-20,-2,28.83
fold2_room1_mix0641,16,4,0,169,0,8.83
fold2_room1_mix0641,17,0,0,-18,-2,26.49
fold2_room1_mix0641,17,4,0,174,-1,26.19
fold2_room1_mix0641,18,0,0,-16,-1,32.76
fold2_room1_mix0641,18,4,0,177,-1,25.18
fold2_room1_mix0641,19,0,0,-17,-2,27.74
fold2_room1_mix0641,19,4,0,176,-1,26.53
fold2_room1_mix0641,20,0,0,-18,-2,29.19
fold2_room1_mix0641,20,4,0,175,-1,24.56
fold2_room1_mix0641,21,0,0,-19,-2,27.22
fold2_room1_mix0641,21,4,0,176,-1,25.27
fold2_room1_mix0641,22,0,0,-18,-2,23.67
fold2_room1_mix0641,22,4,0,177,0,28.48
fold2_room1_mix0641,23,0,0,-21,-2,23.62
fold2_room1_mix0641,23,4,0,179,-1,26.97
fold2_room1_mix0641,24,0,0,-23,-2,22.35
fold2_room1_mix0641,24,4,0,179,-1,27.80
fold2_room1_mix0641,25,0,0,-23,-2,20.62
fold2_room1_mix0641,25,4,0,-177,-1,28.77
fold2_room1_mix0641,26,0,0,-23,-2,20.47
fold2_room1_mix0641,26,4,0,-177,0,32.20
fold2_room1_mix0641,27,0,0,-24,-2,19.72
fold2_room1_mix0641,27,4,0,178,0,30.27
fold2_room1_mix0641,28,0,0,-23,-2,20.02
fold2_room1_mix0641,28,4,0,179,0,32.56
fold2_room1_mix0641,29,0,0,-26,-2,17.53
fold2_room1_mix0641,29,4,0,-178,-1,29.57
fold2_room1_mix0641,30,0,0,-24,-2,19.53
fold2_room1_mix0641,30,4,0,-178,0,30.80
fold2_room1_mix0641,31,0,0,-23,-2,18.70
fold2_room1_mix0641,31,4,0,-177,0,29.64
fold2_room1_mix0641,32,0,0,-22,-2,19.79
fold2_room1_mix0641,32,4,0,-179,-1,29.13
fold2_room1_mix0641,33,0,0,-26,-2,17.33
fold2_room1_mix0641,33,4,0,-179,-1,27.49
fold2_room1_mix0641,34,0,0,-30,-2,16.39
fold2_room1_mix0641,34,4,0,-177,-1,28.53
fold2_room1_mix0641,35,0,0,-31,-3,16.04
fold2_room1_mix0641,35,4,0,-179,-1,25.09
fold2_room1_mix0641,36,0,0,-30,-3,16.85
fold2_room1_mix0641,36,4,0,178,-1,25.64
fold2_room1_mix0641,36,4,0,-153,-5,21.98
fold2_room1_mix0641,37,0,0,-32,-2,15.92
fold2_room1_mix0641,37,4,0,-177,-1,24.51
fold2_room1_mix0641,38,0,0,-31,-3,15.38
fold2_room1_mix0641,38,4,0,-176,-1,20.84
fold2_room1_mix0641,39,0,0,-35,-3,12.99
fold2_room1_mix0641,39,4,0,-177,-2,19.01
fold2_room1_mix0641,40,0,0,-37,-3,12.63
fold2_room1_mix0641,40,4,0,-177,-1,20.65
fold2_room1_mix0641,41,0,0,-35,-3,12.23
fold2_room1_mix0641,41,4,0,-177,-2,16.91
fold2_room1_mix0641,42,0,0,-36,-4,10.95
fold2_room1_mix0641,42,4,0,-176,-1,18.97
fold2_room1_mix0641,43,0,0,-38,-4,10.44
fold2_room1_mix0641,43,4,0,-175,-1,21.74
fold2_room1_mix0641,44,0,0,-40,-4,11.39
fold2_room1_mix0641,44,4,0,-172,-2,19.37
fold2_room1_mix0641,45,0,0,-43,-4,11.09
fold2_room1_mix0641,45,4,0,179,-1,20.23
fold2_room1_mix0641,45,4,0,-155,-4,14.76
fold2_room1_mix0641,46,0,0,-48,-5,9.41
fold2_room1_mix0641,46,4,0,-174,-2,17.89
fold2_room1_mix0641,47,0,0,-51,-5,9.02
fold2_room1_mix0641,47,4,0,-176,-2,18.87
fold2_room1_mix0641,48,0,0,-59,-6,8.36
fold2_room1_mix0641,48,4,0,-175,-2,17.69
fold2_room1_mix0641,49,0,0,-77,-7,7.62
fold2_room1_mix0641,49,4,0,-176,-3,17.58
fold2_room1_mix0641,50,0,0,-92,-7,7.19
fold2_room1_mix0641,50,4,0,-179,-3,19.77
fold2_room1_mix0641,51,0,0,-107,-7,6.79
fold2_room1_mix0641,51,4,0,177,-3,18.66
fold2_room1_mix0641,52,0,0,-113,-6,7.56
fold2_room1_mix0641,52,4,0,178,-3,16.63
fold2_room1_mix0641,53,0,0,-122,-6,7.30
fold2_room1_mix0641,53,4,0,177,-3,16.14
fold2_room1_mix0641,54,0,0,-126,-6,7.79
fold2_room1_mix0641,54,4,0,177,-3,16.46
fold2_room1_mix0641,55,0,0,-129,-5,9.23
fold2_room1_mix0641,55,4,0,179,-3,15.27
fold2_room1_mix0641,56,0,0,-134,-5,9.19
fold2_room1_mix0641,56,4,0,-172,-2,14.05
fold2_room1_mix0641,56,4,0,165,-3,15.46
fold2_room1_mix0641,57,0,0,-135,-4,10.79
fold2_room1_mix0641,57,4,0,-169,-1,13.92
fold2_room1_mix0641,57,4,0,154,-3,15.07
fold2_room1_mix0641,58,0,0,-139,-4,11.88
fold2_room1_mix0641,58,4,0,-169,-2,14.71
fold2_room1_mix0641,58,4,0,-152,0,15.17
fold2_room1_mix0641,58,4,0,126,-2,17.45
fold2_room1_mix0641,59,0,0,-141,-3,12.54
fold2_room1_mix0641,59,4,0,-164,-1,14.82
fold2_room1_mix0641,59,4,0,123,-1,17.47
fold2_room1_mix0641,60,0,0,-144,-3,14.27
fold2_room1_mix0641,60,4,0,-168,-2,13.57
fold2_room1_mix0641,60,4,0,-147,0,14.55
fold2_room1_mix0641,60,4,0,130,-2,14.85
fold2_room1_mix0641,61,0,0,-148,-2,13.90
fold2_room1_mix0641,61,4,0,-170,-1,13.63
fold2_room1_mix0641,61,4,0,-132,0,14.02
fold2_room1_mix0641,61,4,0,113,-3,13.11
fold2_room1_mix0641,62,0,0,-147,-2,14.50
fold2_room1_mix0641,62,4,0,-154,0,14.29
fold2_room1_mix0641,62,4,0,-129,0,15.24
fold2_room1_mix0641,62,4,0,128,0,14.49
fold2_room1_mix0641,63,0,0,-153,-2,15.08
fold2_room1_mix0641,63,4,0,-154,0,14.05
fold2_room1_mix0641,63,4,0,-122,0,14.00
fold2_room1_mix0641,63,4,0,122,-1,12.67
fold2_room1_mix0641,64,0,0,-148,-2,10.17
fold2_room1_mix0641,64,4,0,-147,0,15.15
fold2_room1_mix0641,64,4,0,-124,0,15.32
fold2_room1_mix0641,64,4,0,120,-1,14.81
fold2_room1_mix0641,65,4,0,-146,0,15.14
fold2_room1_mix0641,65,4,0,-122,0,14.66
fold2_room1_mix0641,65,4,0,120,-1,15.02
fold2_room1_mix0641,66,4,0,-142,-1,13.78
fold2_room1_mix0641,66,4,0,-118,0,14.26
fold2_room1_mix0641,66,4,0,122,-1,15.43
fold2_room1_mix0641,67,4,0,-145,0,14.44
fold2_room1_mix0641,67,4,0,-121,0,15.30
fold2_room1_mix0641,67,4,0,123,-1,15.57
fold2_room1_mix0641,68,4,0,-144,-1,14.57
fold2_room1_mix0641,68,4,0,-116,0,14.79
fold2_room1_mix0641,68,4,0,124,-1,14.60
fold2_room1_mix0641,69,4,0,-150,-1,14.75
fold2_room1_mix0641,69,4,0,-119,-1,14.59
fold2_room1_mix0641,69,4,0,121,-3,12.19
fold2_room1_mix0641,70,4,0,-139,-1,12.53
fold2_room1_mix0641,70,4,0,-113,0,13.79
fold2_room1_mix0641,70,4,0,124,-1,13.77
fold2_room1_mix0641,71,4,0,-139,-1,10.99
fold2_room1_mix0641,71,4,0,-107,-1,12.26
fold2_room1_mix0641,71,4,0,121,-1,12.64
fold2_room1_mix0641,72,4,0,-137,-1,11.17
fold2_room1_mix0641,72,4,0,-101,-1,11.25
fold2_room1_mix0641,72,4,0,121,-1,12.41
fold2_room1_mix0641,73,4,0,-136,-2,10.65
fold2_room1_mix0641,73,4,0,-98,-2,9.68
fold2_room1_mix0641,73,4,0,120,-1,11.55
fold2_room1_mix0641,74,4,0,-117,-2,9.38
fold2_room1_mix0641,74,4,0,-92,-3,8.72
fold2_room1_mix0641,74,4,0,125,0,12.42
fold2_room1_mix0641,75,4,0,-119,-3,10.32
fold2_room1_mix0641,75,4,0,-90,-4,8.70
fold2_room1_mix0641,75,4,0,121,-1,12.33
fold2_room1_mix0641,76,4,0,-109,-3,9.78
fold2_room1_mix0641,76,4,0,-87,-5,8.33
fold2_room1_mix0641,76,4,0,112,-3,12.08
fold2_room1_mix0641,77,4,0,-86,-4,9.02
fold2_room1_mix0641,77,4,0,109,-2,13.36
fold2_room1_mix0641,78,4,0,-84,-5,9.15
fold2_room1_mix0641,78,4,0,99,-3,13.69
fold2_room1_mix0641,79,4,0,-76,-5,9.18
fold2_room1_mix0641,79,4,0,92,-3,13.22
fold2_room1_mix0641,80,4,0,-76,-5,9.50
fold2_room1_mix0641,80,4,0,82,-4,12.43
fold2_room1_mix0641,81,4,0,-71,-4,9.10
fold2_room1_mix0641,81,4,0,74,-3,13.88
fold2_room1_mix0641,82,4,0,-64,-4,9.38
fold2_room1_mix0641,82,4,0,66,-2,14.29
fold2_room1_mix0641,83,4,0,-66,-5,8.87
fold2_room1_mix0641,83,4,0,59,-2,14.82
fold2_room1_mix0641,84,4,0,-63,-4,9.01
fold2_room1_mix0641,84,4,0,56,-1,15.61
fold2_room1_mix0641,85,4,0,-73,-3,9.71
fold2_room1_mix0641,85,4,0,-49,-3,12.19
fold2_room1_mix0641,85,4,0,48,-1,16.21
fold2_room1_mix0641,86,4,0,-69,-3,9.83
fold2_room1_mix0641,86,4,0,-53,-3,10.80
fold2_room1_mix0641,86,4,0,45,-2,15.68
fold2_room1_mix0641,87,4,0,-67,-4,10.12
fold2_room1_mix0641,87,4,0,-43,-3,12.80
fold2_room1_mix0641,87,4,0,43,-1,16.75
fold2_room1_mix0641,88,4,0,-60,-3,11.30
fold2_room1_mix0641,88,4,0,42,-1,18.42
fold2_room1_mix0641,89,4,0,-66,-3,11.61
fold2_room1_mix0641,89,4,0,-51,-3,12.09
fold2_room1_mix0641,89,4,0,37,-1,19.20
fold2_room1_mix0641,90,4,0,-60,-3,10.99
fold2_room1_mix0641,90,4,0,-39,-2,13.93
fold2_room1_mix0641,90,4,0,33,-1,18.22
fold2_room1_mix0641,91,4,0,-50,-3,12.74
fold2_room1_mix0641,91,4,0,34,0,21.89
fold2_room1_mix0641,92,4,0,-56,-3,12.14
fold2_room1_mix0641,92,4,0,-28,-1,17.14
fold2_room1_mix0641,92,4,0,29,0,20.28
fold2_room1_mix0641,93,4,0,-49,-3,11.93
fold2_room1_mix0641,93,4,0,-32,-1,16.19
fold2_room1_mix0641,93,4,0,27,0,21.04
fold2_room1_mix0641,94,4,0,-49,-3,12.24
fold2_room1_mix0641,94,4,0,-31,-1,17.41
fold2_room1_mix0641,94,4,0,28,0,22.56
fold2_room1_mix0641,95,4,0,-38,-2,15.69
fold2_room1_mix0641,95,4,0,26,0,23.27
fold2_room1_mix0641,96,4,0,-44,-3,13.54
fold2_room1_mix0641,96,4,0,-24,-1,18.60
fold2_room1_mix0641,96,4,0,23,0,23.17
fold2_room1_mix0641,97,4,0,-31,-2,16.76
fold2_room1_mix0641,97,4,0,21,0,24.60
fold2_room1_mix0641,98,4,0,-38,-3,15.99
fold2_room1_mix0641,98,4,0,-17,-1,21.63
fold2_room1_mix0641,98,4,0,19,0,25.91
fold2_room1_mix0641,99,4,0,-29,-2,18.67
fold2_room1_mix0641,99,4,0,18,0,26.16
fold2_room1_mix0642,3,4,0,179,0,5.32
fold2_room1_mix0642,4,4,0,177,0,17.80
fold2_room1_mix0642,5,4,0,178,0,18.33
fold2_room1_mix0642,6,4,0,179,0,21.41
fold2_room1_mix0642,7,4,0,178,0,32.53
fold2_room1_mix0642,8,4,0,178,0,31.67
fold2_room1_mix0642,9,4,0,179,0,32.34
fold2_room1_mix0642,10,4,0,179,0,32.13
fold2_room1_mix0642,11,4,0,178,0,30.35
fold2_room1_mix0642,12,4,0,179,0,30.17
fold2_room1_mix0642,13,4,0,178,0,29.71
fold2_room1_mix0642,14,4,0,179,0,30.51
fold2_room1_mix0642,15,4,0,177,0,29.83
fold2_room1_mix0642,16,4,0,178,0,29.26
fold2_room1_mix0642,17,4,0,177,0,29.89
fold2_room1_mix0642,18,4,0,178,0,30.69
fold2_room1_mix0642,19,4,0,178,0,28.93
fold2_room1_mix0642,20,4,0,178,0,29.28
fold2_room1_mix0642,21,4,0,177,0,27.26
fold2_room1_mix0642,22,4,0,177,0,27.70
fold2_room1_mix0642,23,4,0,177,0,28.42
fold2_room1_mix0642,24,4,0,178,0,28.04
fold2_room1_mix0642,25,4,0,177,-1,27.39
fold2_room1_mix0642,26,4,0,178,0,26.60
fold2_room1_mix0642,27,4,0,179,-1,27.17
fold2_room1_mix0642,28,4,0,179,-1,27.50
fold2_room1_mix0642,29,4,0,178,-1,25.51
fold2_room1_mix0642,30,4,0,178,-1,24.97
fold2_room1_mix0642,31,4,0,178,-1,25.53
fold2_room1_mix0642,32,4,0,178,-1,24.21
fold2_room1_mix0642,33,4,0,177,-1,24.96
fold2_room1_mix0642,34,4,0,178,-1,24.40
fold2_room1_mix0642,35,4,0,178,-1,23.07
fold2_room1_mix0642,36,4,0,178,-1,23.54
fold2_room1_mix0642,37,4,0,178,-1,22.30
fold2_room1_mix0642,38,4,0,176,-1,21.61
fold2_room1_mix0642,39,4,0,176,-1,20.98
fold2_room1_mix0642,40,4,0,176,-1,19.74
fold2_room1_mix0642,41,4,0,176,-1,19.18
fold2_room1_mix0642,42,4,0,176,-1,18.89
fold2_room1_mix0642,43,4,0,175,-1,18.92
fold2_room1_mix0642,44,4,0,175,-1,18.68
fold2_room1_mix0642,45,4,0,174,-1,18.17
fold2_room1_mix0642,46,4,0,175,-1,18.01
fold2_room1_mix0642,47,4,0,174,-1,16.98
fold2_room1_mix0642,48,4,0,174,-2,16.33
fold2_room1_mix0642,49,4,0,173,-1,16.96
fold2_room1_mix0642,50,4,0,174,-2,15.82
fold2_room1_mix0642,51,4,0,173,-2,14.67
fold2_room1_mix0642,52,4,0,172,-2,14.45
fold2_room1_mix0642,53,4,0,171,-2,14.00
fold2_room1_mix0642,54,4,0,171,-2,13.44
fold2_room1_mix0642,55,4,0,171,-3,12.27
fold2_room1_mix0642,56,4,0,170,-3,11.80
fold2_room1_mix0642,57,4,0,171,-3,11.52
fold2_room1_mix0642,58,4,0,170,-3,10.56
fold2_room1_mix0642,59,4,0,169,-4,10.54
fold2_room1_mix0642,60,4,0,167,-4,9.67
fold2_room1_mix0642,61,4,0,167,-4,8.94
fold2_room1_mix0642,62,4,0,167,-4,8.91
fold2_room1_mix0642,63,4,0,166,-5,8.26
fold2_room1_mix0642,64,4,0,165,-5,7.30
fold2_room1_mix0642,65,4,0,165,-5,7.50
fold2_room1_mix0642,66,4,0,163,-6,6.54
fold2_room1_mix0642,67,4,0,162,-7,6.18
fold2_room1_mix0642,68,4,0,161,-7,6.02
fold2_room1_mix0642,69,4,0,158,-8,5.21
fold2_room1_mix0642,70,4,0,157,-8,4.60
fold2_room1_mix0642,71,4,0,157,-10,4.28
fold2_room1_mix0642,72,4,0,152,-12,3.62
fold2_room1_mix0642,73,4,0,149,-13,3.35
fold2_room1_mix0642,74,4,0,142,-15,2.93
fold2_room1_mix0642,75,4,0,135,-17,2.53
fold2_room1_mix0642,76,4,0,124,-20,2.30
fold2_room1_mix0642,77,4,0,104,-23,2.15
fold2_room1_mix0642,78,4,0,91,-24,2.10
fold2_room1_mix0642,79,4,0,74,-24,2.11
fold2_room1_mix0642,80,4,0,59,-22,2.19
fold2_room1_mix0642,81,4,0,49,-18,2.61
fold2_room1_mix0642,82,4,0,39,-15,2.89
fold2_room1_mix0642,83,4,0,34,-13,3.19
fold2_room1_mix0642,84,4,0,30,-11,3.69
fold2_room1_mix0642,85,4,0,25,-10,4.03
fold2_room1_mix0642,86,4,0,23,-9,4.46
fold2_room1_mix0642,87,4,0,21,-8,4.92
fold2_room1_mix0642,88,4,0,19,-8,5.52
fold2_room1_mix0642,89,4,0,18,-7,6.03
fold2_room1_mix0642,90,4,0,16,-6,6.49
fold2_room1_mix0642,91,4,0,16,-6,7.18
fold2_room1_mix0642,92,4,0,15,-6,7.46
fold2_room1_mix0642,93,4,0,14,-5,7.76
fold2_room1_mix0642,94,4,0,13,-5,8.29
fold2_room1_mix0642,95,4,0,13,-5,8.83
fold2_room1_mix0642,96,4,0,12,-5,9.20
fold2_room1_mix0642,97,4,0,12,-4,10.63
fold2_room1_mix0642,98,4,0,11,-4,10.21
fold2_room1_mix0642,99,4,0,11,-4,10.43
fold2_room1_mix0643,10,4,0,16,0,10.96
fold2_room1_mix0643,14,4,0,16,-1,16.26
fold2_room1_mix0643,15,4,0,19,-1,16.75
fold2_room1_mix0643,16,4,0,15,-1,16.82
fold2_room1_mix0643,19,4,0,21,-2,17.86
fold2_room1_mix0643,22,4,0,174,-2,20.10
fold2_room1_mix0643,22,4,0,18,-2,17.51
fold2_room1_mix0643,23,4,0,175,-2,18.25
fold2_room1_mix0643,23,4,0,23,-3,16.40
fold2_room1_mix0643,24,4,0,175,-2,18.20
fold2_room1_mix0643,24,4,0,19,-3,15.91
fold2_room1_mix0643,25,4,0,179,-2,17.67
fold2_room1_mix0643,25,4,0,21,-3,15.62
fold2_room1_mix0643,26,4,0,-176,-2,16.67
fold2_room1_mix0643,26,4,0,22,-3,14.33
fold2_room1_mix0643,27,4,0,-179,-3,16.47
fold2_room1_mix0643,27,4,0,22,-3,15.15
fold2_room1_mix0643,28,4,0,-178,-2,16.85
fold2_room1_mix0643,28,4,0,25,-3,13.78
fold2_room1_mix0643,29,4,0,-175,-3,15.25
fold2_room1_mix0643,29,4,0,28,-3,13.31
fold2_room1_mix0643,30,4,0,-178,-2,15.76
fold2_room1_mix0643,30,4,0,22,-3,12.30
fold2_room1_mix0643,31,4,0,-176,-2,13.76
fold2_room1_mix0643,31,4,0,27,-4,10.88
fold2_room1_mix0643,32,4,0,-178,-2,13.18
fold2_room1_mix0643,32,4,0,27,-3,11.51
fold2_room1_mix0643,33,4,0,-177,-2,13.09
fold2_room1_mix0643,33,4,0,31,-4,11.05
fold2_room1_mix0643,34,4,0,-177,-2,11.97
fold2_room1_mix0643,34,4,0,33,-4,9.95
fold2_room1_mix0643,35,4,0,-177,-3,10.95
fold2_room1_mix0643,35,4,0,29,-4,9.76
fold2_room1_mix0643,36,4,0,-179,-3,9.79
fold2_room1_mix0643,36,4,0,32,-5,9.45
fold2_room1_mix0643,37,4,0,-178,-3,9.32
fold2_room1_mix0643,37,4,0,57,-8,7.85
fold2_room1_mix0643,37,4,0,38,-5,8.73
fold2_room1_mix0643,38,4,0,-177,-3,8.59
fold2_room1_mix0643,38,4,0,43,-7,7.46
fold2_room1_mix0643,38,4,0,28,-5,8.60
fold2_room1_mix0643,39,4,0,-175,-5,7.67
fold2_room1_mix0643,39,4,0,50,-7,7.24
fold2_room1_mix0643,40,3,0,-101,-5,5.51
fold2_room1_mix0643,40,4,0,-177,-5,7.35
fold2_room1_mix0643,40,4,0,50,-6,7.45
fold2_room1_mix0643,41,3,0,-93,-5,8.67
fold2_room1_mix0643,41,4,0,-172,-6,8.46
fold2_room1_mix0643,41,4,0,46,-7,6.97
fold2_room1_mix0643,42,3,0,-96,-5,8.12
fold2_room1_mix0643,42,4,0,-174,-7,6.94
fold2_room1_mix0643,42,4,0,46,-7,7.11
fold2_room1_mix0643,43,3,0,-96,-5,6.04
fold2_room1_mix0643,43,4,0,-170,-9,6.64
fold2_room1_mix0643,43,4,0,55,-11,6.19
fold2_room1_mix0643,44,3,0,-92,-4,6.33
fold2_room1_mix0643,44,4,0,-172,-12,6.11
fold2_room1_mix0643,44,4,0,58,-16,4.73
fold2_room1_mix0643,45,3,0,-90,-4,3.86
fold2_room1_mix0643,45,4,0,173,-26,3.29
fold2_room1_mix0643,45,4,0,94,-25,3.87
fold2_room1_mix0643,46,4,0,127,-56,2.02
fold2_room1_mix0643,46,4,0,72,-42,1.80
fold2_room1_mix0643,46,4,0,70,-18,6.42
fold2_room1_mix0643,47,4,0,102,-44,3.58
fold2_room1_mix0643,47,4,0,43,-22,2.70
fold2_room1_mix0643,48,4,0,106,-9,5.92
fold2_room1_mix0643,48,4,0,31,-15,2.55
fold2_room1_mix0643,49,4,0,114,-8,6.36
fold2_room1_mix0643,49,4,0,27,-13,3.50
fold2_room1_mix0643,50,3,0,-100,-4,10.39
fold2_room1_mix0643,50,4,0,99,-12,5.57
fold2_room1_mix0643,50,4,0,28,-10,4.49
fold2_room1_mix0643,51,3,0,-108,-5,12.70
fold2_room1_mix0643,51,4,0,100,-10,7.49
fold2_room1_mix0643,51,4,0,19,-10,4.67
fold2_room1_mix0643,52,3,0,-106,-4,11.61
fold2_room1_mix0643,52,4,0,118,-8,6.75
fold2_room1_mix0643,52,4,0,20,-9,4.90
fold2_room1_mix0643,53,3,0,-104,-4,11.43
fold2_room1_mix0643,53,4,0,112,-7,8.88
fold2_room1_mix0643,53,4,0,17,-8,6.34
fold2_room1_mix0643,54,3,0,-108,-4,12.91
fold2_room1_mix0643,54,4,0,125,-6,8.93
fold2_room1_mix0643,54,4,0,14,-8,6.77
fold2_room1_mix0643,55,3,0,-110,-4,13.36
fold2_room1_mix0643,55,4,0,131,-6,8.64
fold2_room1_mix0643,55,4,0,16,-7,7.39
fold2_room1_mix0643,56,3,0,-109,-4,13.48
fold2_room1_mix0643,56,4,0,132,-6,7.75
fold2_room1_mix0643,56,4,0,12,-7,6.75
fold2_room1_mix0643,57,3,0,-109,-4,13.14
fold2_room1_mix0643,57,4,0,141,-5,9.38
fold2_room1_mix0643,57,4,0,11,-6,8.34
fold2_room1_mix0643,58,3,0,-109,-4,12.07
fold2_room1_mix0643,58,4,0,147,-5,7.98
fold2_room1_mix0643,58,4,0,7,-5,8.59
fold2_room1_mix0643,59,3,0,-108,-3,4.37
fold2_room1_mix0643,59,4,0,147,-3,9.39
fold2_room1_mix0643,59,4,0,4,-3,9.50
fold2_room1_mix0643,60,4,0,147,-4,8.71
fold2_room1_mix0643,60,4,0,6,-4,9.34
fold2_room1_mix0643,61,4,0,148,-4,9.06
fold2_room1_mix0643,61,4,0,6,-4,9.35
fold2_room1_mix0643,62,4,0,147,-4,8.72
fold2_room1_mix0643,62,4,0,5,-3,9.85
fold2_room1_mix0643,63,3,0,-122,-4,16.25
fold2_room1_mix0643,63,4,0,153,-4,10.12
fold2_room1_mix0643,63,4,0,11,-2,15.01
fold2_room1_mix0643,64,3,0,-123,-4,18.01
fold2_room1_mix0643,64,4,0,155,-3,10.60
fold2_room1_mix0643,64,4,0,9,-2,14.85
fold2_room1_mix0643,65,3,0,-118,-4,15.66
fold2_room1_mix0643,65,4,0,153,-4,12.14
fold2_room1_mix0643,65,4,0,15,-2,17.17
fold2_room1_mix0643,66,4,0,153,-2,11.05
fold2_room1_mix0643,66,4,0,7,-3,13.20
fold2_room1_mix0643,67,4,0,156,-2,10.61
fold2_room1_mix0643,67,4,0,0,-2,13.18
fold2_room1_mix0643,68,4,0,158,-2,13.08
fold2_room1_mix0643,68,4,0,5,-2,15.57
fold2_room1_mix0643,69,4,0,154,-2,12.37
fold2_room1_mix0643,69,4,0,8,-2,14.54
fold2_room1_mix0643,70,4,0,159,-2,13.05
fold2_room1_mix0643,70,4,0,-1,-1,17.09
fold2_room1_mix0643,70,4,0,15,-5,14.86
fold2_room1_mix0643,71,4,0,159,-2,14.73
fold2_room1_mix0643,72,4,0,157,-2,12.84
fold2_room1_mix0643,72,4,0,2,-1,17.53
fold2_room1_mix0643,73,4,0,160,-3,15.75
fold2_room1_mix0643,74,4,0,158,-2,12.29
fold2_room1_mix0643,74,4,0,0,-1,17.97
fold2_room1_mix0643,75,4,0,158,-2,15.55
fold2_room1_mix0643,76,4,0,161,-3,13.47
fold2_room1_mix0643,77,4,0,161,-3,14.41
fold2_room1_mix0643,78,4,0,162,-2,15.60
fold2_room1_mix0643,79,4,0,160,-2,15.53
fold2_room1_mix0643,80,4,0,162,-2,15.07
fold2_room1_mix0643,81,4,0,162,-2,15.61
fold2_room1_mix0643,82,4,0,163,-2,15.27
fold2_room1_mix0643,83,4,0,162,-2,15.64
fold2_room1_mix0643,84,4,0,163,-1,13.78
fold2_room1_mix0643,85,4,0,163,-1,5.19
fold2_room1_mix0643,86,4,0,163,-2,15.56
fold2_room1_mix0643,87,4,0,162,-1,12.85
fold2_room1_mix0643,88,4,0,160,-1,9.66
fold2_room1_mix0643,90,4,0,164,0,4.22
fold2_room1_mix0643,11,4,0,16,0,9.05
fold2_room1_mix0643,12,4,0,19,0,15.87
fold2_room1_mix0643,13,4,0,7,0,10.33
fold2_room1_mix0643,17,4,0,14,-2,19.52
fold2_room1_mix0643,18,4,0,19,-2,18.27
fold2_room1_mix0643,20,4,0,18,-2,19.19
fold2_room1_mix0643,21,4,0,21,-2,18.53
fold2_room1_mix0644,0,5,0,119,3,3.26
fold2_room1_mix0644,1,5,0,117,2,6.06
fold2_room1_mix0644,2,5,0,118,3,6.99
fold2_room1_mix0644,3,5,0,113,2,5.99
fold2_room1_mix0644,5,5,0,118,4,8.48
fold2_room1_mix0644,6,5,0,122,2,12.18
fold2_room1_mix0644,7,5,0,121,3,9.21
fold2_room1_mix0644,8,5,0,115,3,9.11
fold2_room1_mix0644,9,5,0,124,2,12.93
fold2_room1_mix0644,10,5,0,120,4,8.92
fold2_room1_mix0644,11,5,0,121,3,9.40
fold2_room1_mix0644,12,5,0,115,4,8.28
fold2_room1_mix0644,13,5,0,118,3,9.91
fold2_room1_mix0644,14,5,0,122,3,10.67
fold2_room1_mix0644,15,5,0,121,4,8.42
fold2_room1_mix0644,16,5,0,120,4,9.05
fold2_room1_mix0644,17,5,0,121,4,9.21
fold2_room1_mix0644,18,5,0,121,4,9.15
fold2_room1_mix0644,19,5,0,123,3,10.96
fold2_room1_mix0644,20,5,0,121,3,10.02
fold2_room1_mix0644,21,5,0,121,3,9.85
fold2_room1_mix0644,22,5,0,125,3,11.52
fold2_room1_mix0644,23,5,0,123,3,10.28
fold2_room1_mix0644,24,5,0,120,4,8.73
fold2_room1_mix0644,25,5,0,124,3,10.40
fold2_room1_mix0644,26,5,0,123,4,9.85
fold2_room1_mix0644,27,5,0,126,3,11.26
fold2_room1_mix0644,28,5,0,125,3,10.36
fold2_room1_mix0644,29,5,0,125,3,10.31
fold2_room1_mix0644,30,5,0,126,3,10.56
fold2_room1_mix0644,31,5,0,124,3,10.29
fold2_room1_mix0644,32,5,0,127,3,10.38
fold2_room1_mix0644,33,5,0,122,3,10.75
fold2_room1_mix0644,34,5,0,122,3,9.70
fold2_room1_mix0644,35,5,0,122,3,10.80
fold2_room1_mix0644,36,5,0,124,3,11.11
fold2_room1_mix0644,37,5,0,123,3,10.92
fold2_room1_mix0644,38,5,0,121,4,9.74
fold2_room1_mix0644,39,5,0,122,3,10.14
fold2_room1_mix0644,40,5,0,118,3,10.20
fold2_room1_mix0644,41,5,0,122,3,11.13
fold2_room1_mix0644,42,5,0,122,4,9.50
fold2_room1_mix0644,43,5,0,122,3,11.48
fold2_room1_mix0644,44,5,0,123,3,11.11
fold2_room1_mix0644,45,5,0,122,3,10.49
fold2_room1_mix0644,46,5,0,122,3,10.10
fold2_room1_mix0644,47,5,0,122,3,10.51
fold2_room1_mix0644,48,5,0,123,3,9.73
fold2_room1_mix0644,49,5,0,122,3,10.37
fold2_room1_mix0644,50,5,0,125,3,10.14
fold2_room1_mix0644,51,5,0,121,3,11.17
fold2_room1_mix0644,52,5,0,122,3,10.29
fold2_room1_mix0644,53,5,0,122,4,9.49
fold2_room1_mix0644,54,5,0,120,3,11.19
fold2_room1_mix0644,55,5,0,123,3,10.85
fold2_room1_mix0644,56,5,0,122,4,9.88
fold2_room1_mix0644,57,5,0,123,3,10.77
fold2_room1_mix0644,58,5,0,125,3,10.52
fold2_room1_mix0644,59,5,0,125,3,11.80
fold2_room1_mix0644,60,5,0,120,3,10.47
fold2_room1_mix0644,61,5,0,121,3,10.03
fold2_room1_mix0644,62,5,0,122,3,10.61
fold2_room1_mix0644,63,5,0,118,4,9.93
fold2_room1_mix0644,64,5,0,122,3,10.16
fold2_room1_mix0644,65,5,0,122,3,10.19
fold2_room1_mix0644,66,5,0,120,3,10.29
fold2_room1_mix0644,67,5,0,123,3,10.43
fold2_room1_mix0644,68,5,0,122,3,10.57
fold2_room1_mix0644,69,5,0,122,3,10.13
fold2_room1_mix0644,70,5,0,123,3,10.38
fold2_room1_mix0644,71,5,0,122,3,10.15
fold2_room1_mix0644,72,5,0,124,3,10.68
fold2_room1_mix0644,73,5,0,121,3,11.36
fold2_room1_mix0644,74,5,0,124,3,10.82
fold2_room1_mix0644,75,5,0,121,3,10.57
fold2_room1_mix0644,76,5,0,121,3,10.95
fold2_room1_mix0644,77,5,0,122,3,10.29
fold2_room1_mix0644,78,5,0,122,3,10.74
fold2_room1_mix0644,79,5,0,119,3,10.74
fold2_room1_mix0644,80,5,0,124,3,10.20
fold2_room1_mix0644,81,5,0,125,4,9.74
fold2_room1_mix0644,82,5,0,124,3,11.22
fold2_room1_mix0644,83,5,0,123,3,11.16
fold2_room1_mix0644,84,5,0,122,3,10.37
fold2_room1_mix0644,85,5,0,121,3,10.73
fold2_room1_mix0644,86,5,0,119,3,11.56
fold2_room1_mix0644,87,5,0,119,3,10.69
fold2_room1_mix0644,88,5,0,122,3,11.66
fold2_room1_mix0644,89,5,0,120,3,10.49
fold2_room1_mix0644,90,5,0,119,3,10.51
fold2_room1_mix0644,91,5,0,116,3,10.99
fold2_room1_mix0644,92,5,0,121,3,11.10
fold2_room1_mix0644,93,5,0,119,3,10.42
fold2_room1_mix0644,94,5,0,118,3,10.28
fold2_room1_mix0644,95,5,0,121,4,9.59
fold2_room1_mix0644,96,5,0,120,3,11.07
fold2_room1_mix0644,97,5,0,122,4,10.25
fold2_room1_mix0644,98,5,0,120,3,10.49
fold2_room1_mix0644,99,5,0,118,3,11.02
fold2_room1_mix0645,4,4,0,10,0,15.91
fold2_room1_mix0645,7,4,0,39,0,28.23
fold2_room1_mix0645,7,4,0,9,-1,26.30
fold2_room1_mix0645,8,4,0,31,0,30.41
fold2_room1_mix0645,8,4,0,12,0,24.66
fold2_room1_mix0645,11,4,0,151,1,37.98
fold2_room1_mix0645,11,4,0,9,0,26.66
fold2_room1_mix0645,12,4,0,149,1,33.89
fold2_room1_mix0645,12,4,0,24,-1,19.53
fold2_room1_mix0645,12,4,0,5,0,26.57
fold2_room1_mix0645,13,4,0,149,1,32.32
fold2_room1_mix0645,13,4,0,10,0,21.46
fold2_room1_mix0645,14,4,0,152,2,34.58
fold2_room1_mix0645,14,4,0,24,0,20.25
fold2_room1_mix0645,14,4,0,3,0,27.39
fold2_room1_mix0645,15,4,0,132,1,32.26
fold2_room1_mix0645,15,4,0,22,0,20.10
fold2_room1_mix0645,15,4,0,5,0,27.67
fold2_room1_mix0645,17,4,0,62,-1,27.44
fold2_room1_mix0645,17,4,0,9,-1,24.94
fold2_room1_mix0645,18,4,0,39,-1,23.09
fold2_room1_mix0645,18,4,0,20,-1,21.24
fold2_room1_mix0645,18,4,0,4,0,25.82
fold2_room1_mix0645,20,4,0,42,-1,23.70
fold2_room1_mix0645,20,4,0,10,-1,23.44
fold2_room1_mix0645,21,4,0,48,-1,23.72
fold2_room1_mix0645,21,4,0,12,-1,21.41
fold2_room1_mix0645,22,4,0,52,-1,23.10
fold2_room1_mix0645,22,4,0,21,-1,19.38
fold2_room1_mix0645,22,4,0,3,0,24.35
fold2_room1_mix0645,23,4,0,55,-2,21.86
fold2_room1_mix0645,23,4,0,19,-1,18.55
fold2_room1_mix0645,23,4,0,4,-1,21.81
fold2_room1_mix0645,24,4,0,49,-2,21.62
fold2_room1_mix0645,24,4,0,21,-1,18.45
fold2_room1_mix0645,24,4,0,3,-1,22.40
fold2_room1_mix0645,25,4,0,57,-1,21.78
fold2_room1_mix0645,25,4,0,25,-1,17.88
fold2_room1_mix0645,25,4,0,1,-1,22.54
fold2_room1_mix0645,26,4,0,42,-1,17.77
fold2_room1_mix0645,26,4,0,8,-1,18.46
fold2_room1_mix0645,27,4,0,53,-2,19.09
fold2_room1_mix0645,27,4,0,10,-1,19.17
fold2_room1_mix0645,28,4,0,49,-2,18.74
fold2_room1_mix0645,28,4,0,10,-1,18.62
fold2_room1_mix0645,29,4,0,59,-2,17.50
fold2_room1_mix0645,29,4,0,9,-1,16.23
fold2_room1_mix0645,30,4,0,54,-2,17.34
fold2_room1_mix0645,30,4,0,6,-2,16.50
fold2_room1_mix0645,31,4,0,54,-2,16.67
fold2_room1_mix0645,31,4,0,7,-2,14.57
fold2_room1_mix0645,32,4,0,52,-2,16.31
fold2_room1_mix0645,32,4,0,6,-2,14.37
fold2_room1_mix0645,33,4,0,58,-2,16.17
fold2_room1_mix0645,33,4,0,5,-2,13.83
fold2_room1_mix0645,34,4,0,55,-2,15.43
fold2_room1_mix0645,34,4,0,4,-2,12.68
fold2_room1_mix0645,35,4,0,60,-3,14.34
fold2_room1_mix0645,35,4,0,3,-3,11.03
fold2_room1_mix0645,36,4,0,63,-3,12.99
fold2_room1_mix0645,36,4,0,3,-3,9.43
fold2_room1_mix0645,37,4,0,63,-3,13.35
fold2_room1_mix0645,37,4,0,6,-3,9.08
fold2_room1_mix0645,38,4,0,64,-3,12.47
fold2_room1_mix0645,38,4,0,3,-4,9.32
fold2_room1_mix0645,39,0,0,-68,-3,3.31
fold2_room1_mix0645,39,4,0,97,-3,12.22
fold2_room1_mix0645,39,4,0,14,-5,7.75
fold2_room1_mix0645,40,0,0,-57,-3,9.27
fold2_room1_mix0645,40,4,0,118,-4,11.10
fold2_room1_mix0645,40,4,0,35,-4,7.55
fold2_room1_mix0645,40,4,0,16,-6,9.74
fold2_room1_mix0645,41,0,0,-57,-4,7.57
fold2_room1_mix0645,41,4,0,109,-5,9.75
fold2_room1_mix0645,41,4,0,52,-2,9.31
fold2_room1_mix0645,41,4,0,10,-7,8.76
fold2_room1_mix0645,42,0,0,-45,-3,7.57
fold2_room1_mix0645,42,4,0,125,-6,8.56
fold2_room1_mix0645,42,4,0,34,-5,8.78
fold2_room1_mix0645,43,0,0,-58,-4,9.61
fold2_room1_mix0645,43,4,0,63,-4,6.78
fold2_room1_mix0645,43,4,0,36,-3,11.46
fold2_room1_mix0645,44,0,0,-49,-4,11.08
fold2_room1_mix0645,44,4,0,-146,-13,2.61
fold2_room1_mix0645,44,4,0,81,1,12.61
fold2_room1_mix0645,44,4,0,23,-4,9.56
fold2_room1_mix0645,45,0,0,-45,-4,10.56
fold2_room1_mix0645,45,4,0,-159,-9,2.55
fold2_room1_mix0645,45,4,0,97,1,9.85
fold2_room1_mix0645,45,4,0,16,-4,8.97
fold2_room1_mix0645,46,0,0,-40,-4,12.02
fold2_room1_mix0645,46,4,0,-170,-7,3.16
fold2_room1_mix0645,46,4,0,92,0,8.46
fold2_room1_mix0645,46,4,0,21,-3,9.55
fold2_room1_mix0645,47,0,0,-30,-3,11.90
fold2_room1_mix0645,47,4,0,-163,-7,3.51
fold2_room1_mix0645,47,4,0,102,-1,10.42
fold2_room1_mix0645,47,4,0,21,-4,9.78
fold2_room1_mix0645,48,0,0,-36,-3,14.68
fold2_room1_mix0645,48,4,0,-168,-5,3.93
fold2_room1_mix0645,48,4,0,98,0,12.34
fold2_room1_mix0645,48,4,0,21,-4,11.05
fold2_room1_mix0645,49,0,0,-30,-3,16.01
fold2_room1_mix0645,49,4,0,-171,-5,3.25
fold2_room1_mix0645,49,4,0,103,0,9.67
fold2_room1_mix0645,49,4,0,35,-4,9.84
fold2_room1_mix0645,50,0,0,-27,-3,14.91
fold2_room1_mix0645,50,4,0,-174,-3,5.32
fold2_room1_mix0645,50,4,0,103,-1,9.79
fold2_room1_mix0645,50,4,0,36,-3,11.24
fold2_room1_mix0645,51,0,0,-25,-2,16.19
fold2_room1_mix0645,51,4,0,-173,-4,5.83
fold2_room1_mix0645,51,4,0,99,-2,9.86
fold2_room1_mix0645,51,4,0,38,-2,11.93
fold2_room1_mix0645,52,0,0,-25,-3,18.44
fold2_room1_mix0645,52,4,0,-171,-3,7.02
fold2_room1_mix0645,52,4,0,92,-1,11.38
fold2_room1_mix0645,52,4,0,38,-3,12.55
fold2_room1_mix0645,53,0,0,-23,-2,15.13
fold2_room1_mix0645,53,4,0,-172,-2,8.04
fold2_room1_mix0645,53,4,0,99,-2,10.16
fold2_room1_mix0645,53,4,0,43,-2,13.53
fold2_room1_mix0645,54,0,0,-24,-2,15.29
fold2_room1_mix0645,54,4,0,-178,-1,9.18
fold2_room1_mix0645,54,4,0,95,-3,9.62
fold2_room1_mix0645,54,4,0,38,-2,13.21
fold2_room1_mix0645,55,0,0,-22,-2,16.94
fold2_room1_mix0645,55,4,0,-178,-1,10.50
fold2_room1_mix0645,55,4,0,91,-2,10.08
fold2_room1_mix0645,55,4,0,43,-2,14.33
fold2_room1_mix0645,56,0,0,-23,-2,17.87
fold2_room1_mix0645,56,4,0,-176,0,11.14
fold2_room1_mix0645,56,4,0,98,-4,8.85
fold2_room1_mix0645,56,4,0,37,-2,14.44
fold2_room1_mix0645,57,0,0,-21,-2,18.32
fold2_room1_mix0645,57,4,0,-176,0,12.50
fold2_room1_mix0645,57,4,0,96,-2,10.01
fold2_room1_mix0645,57,4,0,42,-1,15.09
fold2_room1_mix0645,58,0,0,-22,-2,19.98
fold2_room1_mix0645,58,4,0,-179,0,15.03
fold2_room1_mix0645,58,4,0,102,-4,9.01
fold2_room1_mix0645,58,4,0,31,-1,16.91
fold2_room1_mix0645,59,0,0,-21,-2,23.12
fold2_room1_mix0645,59,4,0,-177,0,14.70
fold2_room1_mix0645,59,4,0,107,-3,10.03
fold2_room1_mix0645,59,4,0,39,-3,14.96
fold2_room1_mix0645,60,0,0,-22,-2,22.81
fold2_room1_mix0645,60,4,0,179,0,17.40
fold2_room1_mix0645,60,4,0,101,-4,9.77
fold2_room1_mix0645,60,4,0,32,-2,15.58
fold2_room1_mix0645,61,0,0,-17,-2,25.64
fold2_room1_mix0645,61,4,0,179,0,17.99
fold2_room1_mix0645,61,4,0,104,-4,9.51
fold2_room1_mix0645,61,4,0,36,-2,15.29
fold2_room1_mix0645,62,0,0,-16,-1,30.62
fold2_room1_mix0645,62,4,0,178,0,18.42
fold2_room1_mix0645,62,4,0,111,-3,11.17
fold2_room1_mix0645,62,4,0,34,-2,15.80
fold2_room1_mix0645,63,0,0,-14,-1,29.96
fold2_room1_mix0645,63,4,0,-179,0,19.72
fold2_room1_mix0645,63,4,0,108,-3,11.23
fold2_room1_mix0645,63,4,0,37,-2,16.05
fold2_room1_mix0645,64,0,0,-14,-1,29.43
fold2_room1_mix0645,64,4,0,178,0,19.74
fold2_room1_mix0645,64,4,0,109,-2,12.12
fold2_room1_mix0645,64,4,0,39,-2,16.34
fold2_room1_mix0645,65,0,0,-13,-1,35.62
fold2_room1_mix0645,65,4,0,-178,0,19.26
fold2_room1_mix0645,65,4,0,110,-2,12.07
fold2_room1_mix0645,65,4,0,44,-3,13.96
fold2_room1_mix0645,66,0,0,-14,-1,30.08
fold2_room1_mix0645,66,4,0,178,0,19.62
fold2_room1_mix0645,66,4,0,103,-3,10.82
fold2_room1_mix0645,66,4,0,43,-2,14.62
fold2_room1_mix0645,67,0,0,-13,-1,31.85
fold2_room1_mix0645,67,4,0,179,0,19.16
fold2_room1_mix0645,67,4,0,98,-3,10.90
fold2_room1_mix0645,67,4,0,48,-2,13.30
fold2_room1_mix0645,68,0,0,-14,-1,33.38
fold2_room1_mix0645,68,4,0,176,0,22.16
fold2_room1_mix0645,68,4,0,97,-4,10.86
fold2_room1_mix0645,68,4,0,50,-4,12.90
fold2_room1_mix0645,69,0,0,-14,-1,29.98
fold2_room1_mix0645,69,4,0,-179,1,23.41
fold2_room1_mix0645,69,4,0,98,-3,10.23
fold2_room1_mix0645,69,4,0,52,-3,12.70
fold2_room1_mix0645,70,0,0,-11,-1,32.87
fold2_room1_mix0645,70,4,0,179,0,23.54
fold2_room1_mix0645,70,4,0,106,-4,10.38
fold2_room1_mix0645,70,4,0,50,-3,13.15
fold2_room1_mix0645,71,0,0,-12,-1,34.78
fold2_room1_mix0645,71,4,0,175,1,24.83
fold2_room1_mix0645,71,4,0,105,-3,10.66
fold2_room1_mix0645,71,4,0,56,-3,13.45
fold2_room1_mix0645,72,0,0,-13,-1,31.83
fold2_room1_mix0645,72,4,0,179,0,23.78
fold2_room1_mix0645,72,4,0,103,-3,10.56
fold2_room1_mix0645,72,4,0,59,-3,13.21
fold2_room1_mix0645,73,0,0,-10,-1,31.65
fold2_room1_mix0645,73,4,0,175,0,24.94
fold2_room1_mix0645,73,4,0,101,-4,10.39
fold2_room1_mix0645,73,4,0,64,-3,13.52
fold2_room1_mix0645,74,0,0,-9,-1,33.62
fold2_room1_mix0645,74,4,0,174,1,25.37
fold2_room1_mix0645,74,4,0,101,-4,9.45
fold2_room1_mix0645,74,4,0,71,-3,13.39
fold2_room1_mix0645,75,0,0,-9,-1,32.23
fold2_room1_mix0645,75,4,0,174,2,29.20
fold2_room1_mix0645,75,4,0,104,-4,10.24
fold2_room1_mix0645,75,4,0,79,-4,12.13
fold2_room1_mix0645,76,0,0,-9,-1,32.75
fold2_room1_mix0645,76,4,0,177,1,27.42
fold2_room1_mix0645,76,4,0,107,-3,10.50
fold2_room1_mix0645,76,4,0,79,-4,12.81
fold2_room1_mix0645,77,0,0,-12,-1,30.68
fold2_room1_mix0645,77,4,0,175,1,25.92
fold2_room1_mix0645,77,4,0,108,-3,10.71
fold2_room1_mix0645,77,4,0,80,-4,12.74
fold2_room1_mix0645,78,0,0,-11,-1,32.07
fold2_room1_mix0645,78,4,0,179,2,28.08
fold2_room1_mix0645,78,4,0,113,-2,11.30
fold2_room1_mix0645,78,4,0,93,-4,10.76
fold2_room1_mix0645,79,0,0,-8,-1,29.99
fold2_room1_mix0645,79,4,0,171,0,23.13
fold2_room1_mix0645,79,4,0,119,-2,11.81
fold2_room1_mix0645,79,4,0,93,-4,11.97
fold2_room1_mix0645,80,0,0,-9,-1,35.86
fold2_room1_mix0645,80,4,0,166,0,24.67
fold2_room1_mix0645,80,4,0,119,-2,11.59
fold2_room1_mix0645,80,4,0,100,-4,12.04
fold2_room1_mix0645,81,0,0,-9,-1,36.57
fold2_room1_mix0645,81,4,0,166,1,26.53
fold2_room1_mix0645,81,4,0,121,-2,11.54
fold2_room1_mix0645,81,4,0,103,-5,11.72
fold2_room1_mix0645,82,0,0,-10,-1,34.44
fold2_room1_mix0645,82,4,0,165,1,24.20
fold2_room1_mix0645,82,4,0,123,-1,12.30
fold2_room1_mix0645,82,4,0,104,-3,12.49
fold2_room1_mix0645,83,0,0,-11,-1,37.27
fold2_room1_mix0645,83,4,0,167,0,22.66
fold2_room1_mix0645,83,4,0,130,-1,13.28
fold2_room1_mix0645,83,4,0,81,-5,13.19
fold2_room1_mix0645,84,0,0,-11,-1,37.45
fold2_room1_mix0645,84,4,0,160,0,22.56
fold2_room1_mix0645,84,4,0,129,-2,13.04
fold2_room1_mix0645,84,4,0,114,-4,13.48
fold2_room1_mix0645,85,0,0,-13,-1,30.08
fold2_room1_mix0645,85,4,0,161,0,22.62
fold2_room1_mix0645,85,4,0,133,-1,14.20
fold2_room1_mix0645,85,4,0,117,-4,13.43
fold2_room1_mix0645,86,0,0,-9,-1,15.91
fold2_room1_mix0645,86,4,0,156,0,24.08
fold2_room1_mix0645,86,4,0,129,-2,13.74
fold2_room1_mix0645,87,0,0,-8,-1,13.19
fold2_room1_mix0645,87,4,0,156,0,20.42
fold2_room1_mix0645,87,4,0,129,-1,15.21
fold2_room1_mix0645,88,0,0,-6,0,4.58
fold2_room1_mix0645,88,4,0,155,0,23.59
fold2_room1_mix0645,88,4,0,131,-2,14.34
fold2_room1_mix0645,89,4,0,161,-1,20.83
fold2_room1_mix0645,89,4,0,133,-1,15.78
fold2_room1_mix0645,90,4,0,157,0,20.85
fold2_room1_mix0645,90,4,0,135,-1,15.62
fold2_room1_mix0645,91,4,0,160,0,24.19
fold2_room1_mix0645,91,4,0,137,-1,16.51
fold2_room1_mix0645,92,4,0,156,0,23.36
fold2_room1_mix0645,92,4,0,137,-1,16.46
fold2_room1_mix0645,93,4,0,158,0,24.73
fold2_room1_mix0645,93,4,0,139,0,16.87
fold2_room1_mix0645,94,4,0,160,0,26.76
fold2_room1_mix0645,94,4,0,140,-1,17.12
fold2_room1_mix0645,95,4,0,160,0,24.74
fold2_room1_mix0645,95,4,0,143,0,18.30
fold2_room1_mix0645,96,4,0,159,0,26.91
fold2_room1_mix0645,96,4,0,143,0,18.01
fold2_room1_mix0645,97,4,0,163,0,28.96
fold2_room1_mix0645,97,4,0,145,-1,18.75
fold2_room1_mix0645,98,4,0,150,0,21.64
fold2_room1_mix0645,99,4,0,151,0,21.42
fold2_room1_mix0645,5,4,0,10,0,11.53
fold2_room1_mix0645,6,4,0,9,1,10.71
fold2_room1_mix0645,9,4,0,10,0,26.50
fold2_room1_mix0645,10,4,0,10,0,24.96
fold2_room1_mix0645,16,4,0,10,0,22.52
fold2_room1_mix0645,19,4,0,28,-1,18.23
fold2_room1_mix0645,19,4,0,0,0,26.60
fold2_room1_mix0647,0,5,0,83,10,1.76
fold2_room1_mix0647,1,5,0,86,19,1.68
fold2_room1_mix0647,2,5,0,76,19,1.87
fold2_room1_mix0647,3,5,0,80,23,2.08
fold2_room1_mix0647,4,5,0,77,20,2.29
fold2_room1_mix0647,5,5,0,79,21,2.65
fold2_room1_mix0647,6,5,0,78,23,2.68
fold2_room1_mix0647,7,5,0,80,25,2.32
fold2_room1_mix0647,8,5,0,84,23,2.58
fold2_room1_mix0647,9,5,0,83,22,2.72
fold2_room1_mix0647,10,5,0,82,24,2.56
fold2_room1_mix0647,11,5,0,80,24,2.53
fold2_room1_mix0647,12,5,0,78,24,2.44
fold2_room1_mix0647,13,5,0,84,25,2.59
fold2_room1_mix0647,14,5,0,90,23,2.65
fold2_room1_mix0647,15,5,0,82,25,2.55
fold2_room1_mix0647,16,5,0,84,24,2.57
fold2_room1_mix0647,17,5,0,84,23,2.64
fold2_room1_mix0647,18,5,0,82,23,2.62
fold2_room1_mix0647,19,5,0,82,24,2.81
fold2_room1_mix0647,20,5,0,84,25,2.63
fold2_room1_mix0647,21,5,0,81,24,2.63
fold2_room1_mix0647,22,5,0,84,24,2.81
fold2_room1_mix0647,23,5,0,81,24,2.71
fold2_room1_mix0647,24,5,0,80,23,2.72
fold2_room1_mix0647,25,5,0,85,24,2.83
fold2_room1_mix0647,26,5,0,83,24,2.76
fold2_room1_mix0647,27,5,0,81,23,2.83
fold2_room1_mix0647,28,5,0,85,23,2.87
fold2_room1_mix0647,29,5,0,82,23,2.93
fold2_room1_mix0647,30,5,0,82,24,2.76
fold2_room1_mix0647,31,5,0,88,23,2.84
fold2_room1_mix0647,32,5,0,83,21,2.94
fold2_room1_mix0647,33,5,0,87,23,2.90
fold2_room1_mix0647,34,5,0,86,24,2.89
fold2_room1_mix0647,35,5,0,86,23,2.94
fold2_room1_mix0647,36,5,0,87,23,2.91
fold2_room1_mix0647,37,5,0,84,24,3.03
fold2_room1_mix0647,38,5,0,88,27,2.73
fold2_room1_mix0647,39,5,0,89,25,2.81
fold2_room1_mix0647,40,0,0,-96,-4,4.83
fold2_room1_mix0647,40,5,0,89,29,2.36
fold2_room1_mix0647,41,0,0,-95,-4,5.41
fold2_room1_mix0647,41,5,0,87,29,2.29
fold2_room1_mix0647,42,0,0,-94,-4,7.32
fold2_room1_mix0647,42,5,0,89,29,2.13
fold2_room1_mix0647,43,0,0,-85,-4,6.47
fold2_room1_mix0647,43,5,0,88,27,2.43
fold2_room1_mix0647,44,0,0,-83,-4,7.67
fold2_room1_mix0647,44,5,0,86,25,2.39
fold2_room1_mix0647,45,0,0,-79,-4,9.06
fold2_room1_mix0647,45,5,0,89,26,2.17
fold2_room1_mix0647,46,0,0,-64,-4,8.35
fold2_room1_mix0647,46,5,0,84,27,2.12
fold2_room1_mix0647,47,0,0,-64,-4,8.17
fold2_room1_mix0647,47,5,0,87,26,2.14
fold2_room1_mix0647,48,0,0,-61,-4,9.16
fold2_room1_mix0647,48,5,0,89,30,1.95
fold2_room1_mix0647,49,0,0,-54,-3,9.15
fold2_room1_mix0647,49,5,0,85,28,1.83
fold2_room1_mix0647,50,0,0,-56,-4,9.13
fold2_room1_mix0647,50,5,0,85,27,1.97
fold2_room1_mix0647,51,0,0,-54,-4,9.77
fold2_room1_mix0647,51,5,0,87,30,1.69
fold2_room1_mix0647,52,0,0,-50,-3,8.68
fold2_room1_mix0647,52,5,0,85,27,2.13
fold2_room1_mix0647,53,0,0,-50,-3,10.01
fold2_room1_mix0647,53,5,0,82,26,2.03
fold2_room1_mix0647,54,0,0,-45,-3,9.75
fold2_room1_mix0647,54,5,0,84,28,1.95
fold2_room1_mix0647,55,0,0,-45,-3,9.00
fold2_room1_mix0647,55,5,0,86,25,2.10
fold2_room1_mix0647,56,0,0,-39,-3,8.35
fold2_room1_mix0647,56,5,0,91,22,2.61
fold2_room1_mix0647,57,0,0,-39,-3,9.07
fold2_room1_mix0647,57,5,0,92,21,2.75
fold2_room1_mix0647,58,0,0,-36,-2,10.88
fold2_room1_mix0647,58,5,0,92,24,2.20
fold2_room1_mix0647,59,0,0,-35,-2,10.48
fold2_room1_mix0647,59,5,0,90,24,2.18
fold2_room1_mix0647,60,0,0,-35,-2,10.24
fold2_room1_mix0647,60,5,0,92,22,2.47
fold2_room1_mix0647,61,0,0,-36,-2,4.38
fold2_room1_mix0647,61,5,0,94,22,2.50
fold2_room1_mix0647,62,0,0,-32,-2,4.55
fold2_room1_mix0647,62,5,0,92,21,2.56
fold2_room1_mix0647,63,5,0,96,21,2.89
fold2_room1_mix0647,64,5,0,97,18,3.30
fold2_room1_mix0647,65,5,0,88,20,3.03
fold2_room1_mix0647,66,5,0,91,20,3.13
fold2_room1_mix0647,67,5,0,88,21,2.98
fold2_room1_mix0647,68,5,0,92,20,3.12
fold2_room1_mix0647,69,5,0,90,19,3.13
fold2_room1_mix0647,70,5,0,93,21,3.15
fold2_room1_mix0647,71,5,0,88,21,3.07
fold2_room1_mix0647,72,5,0,84,21,3.04
fold2_room1_mix0647,73,5,0,90,21,3.19
fold2_room1_mix0647,74,5,0,86,21,3.15
fold2_room1_mix0647,75,5,0,91,22,3.04
fold2_room1_mix0647,76,5,0,92,21,3.27
fold2_room1_mix0647,77,5,0,91,21,3.07
fold2_room1_mix0647,78,5,0,91,21,3.08
fold2_room1_mix0647,79,5,0,92,20,3.21
fold2_room1_mix0647,80,5,0,85,22,3.14
fold2_room1_mix0647,81,5,0,86,22,3.00
fold2_room1_mix0647,82,5,0,87,21,3.11
fold2_room1_mix0647,83,5,0,83,21,3.09
fold2_room1_mix0647,84,5,0,89,23,3.06
fold2_room1_mix0647,85,5,0,88,23,3.08
fold2_room1_mix0647,86,5,0,85,22,3.17
fold2_room1_mix0647,87,5,0,87,22,3.14
fold2_room1_mix0647,88,5,0,93,21,3.21
fold2_room1_mix0647,89,5,0,87,22,3.21
fold2_room1_mix0647,90,5,0,87,23,2.99
fold2_room1_mix0647,91,5,0,88,22,3.04
fold2_room1_mix0647,92,5,0,93,21,3.21
fold2_room1_mix0647,93,5,0,92,22,3.12
fold2_room1_mix0647,94,5,0,84,22,3.12
fold2_room1_mix0647,95,5,0,89,22,3.19
fold2_room1_mix0647,96,5,0,90,21,3.16
fold2_room1_mix0647,97,5,0,86,20,3.21
fold2_room1_mix0647,98,5,0,88,21,3.25
fold2_room1_mix0647,99,5,0,89,22,3.19
fold2_room1_mix0648,0,5,0,177,4,2.71
fold2_room1_mix0648,2,5,0,179,5,5.10
fold2_room1_mix0648,3,5,0,162,9,3.37
fold2_room1_mix0648,4,5,0,173,4,6.14
fold2_room1_mix0648,5,5,0,173,6,8.12
fold2_room1_mix0648,6,5,0,177,6,8.41
fold2_room1_mix0648,7,5,0,169,7,5.64
fold2_room1_mix0648,8,5,0,176,6,6.88
fold2_room1_mix0648,9,5,0,167,6,7.68
fold2_room1_mix0648,10,5,0,171,7,7.03
fold2_room1_mix0648,11,5,0,179,6,7.02
fold2_room1_mix0648,12,5,0,166,6,7.29
fold2_room1_mix0648,13,5,0,164,7,6.81
fold2_room1_mix0648,14,5,0,175,8,6.28
fold2_room1_mix0648,15,5,0,169,7,6.83
fold2_room1_mix0648,16,5,0,175,11,5.05
fold2_room1_mix0648,17,5,0,174,9,5.88
fold2_room1_mix0648,18,5,0,168,8,6.00
fold2_room1_mix0648,19,5,0,172,11,4.62
fold2_room1_mix0648,20,5,0,175,8,6.10
fold2_room1_mix0648,21,5,0,166,6,7.14
fold2_room1_mix0648,22,5,0,171,9,5.70
fold2_room1_mix0648,23,5,0,179,7,6.71
fold2_room1_mix0648,24,5,0,176,7,6.30
fold2_room1_mix0648,25,5,0,171,8,6.35
fold2_room1_mix0648,26,5,0,166,9,5.38
fold2_room1_mix0648,27,5,0,177,8,6.31
fold2_room1_mix0648,28,5,0,178,8,6.00
fold2_room1_mix0648,29,5,0,173,6,7.09
fold2_room1_mix0648,30,5,0,-179,7,6.85
fold2_room1_mix0648,31,5,0,172,6,8.26
fold2_room1_mix0648,32,5,0,173,10,5.40
fold2_room1_mix0648,33,5,0,-179,6,7.51
fold2_room1_mix0648,34,5,0,169,8,6.24
fold2_room1_mix0648,35,5,0,174,7,7.15
fold2_room1_mix0648,36,4,0,7,-2,7.21
fold2_room1_mix0648,36,5,0,179,5,8.25
fold2_room1_mix0648,37,4,0,13,-2,8.78
fold2_room1_mix0648,37,5,0,177,7,6.43
fold2_room1_mix0648,38,4,0,10,-1,8.65
fold2_room1_mix0648,38,5,0,178,7,6.37
fold2_room1_mix0648,39,4,0,8,-3,11.85
fold2_room1_mix0648,39,5,0,175,8,6.03
fold2_room1_mix0648,40,4,0,10,-2,11.52
fold2_room1_mix0648,40,5,0,177,7,6.46
fold2_room1_mix0648,41,4,0,14,-3,12.51
fold2_room1_mix0648,41,5,0,172,8,5.83
fold2_room1_mix0648,42,4,0,10,-2,12.96
fold2_room1_mix0648,42,5,0,176,7,6.01
fold2_room1_mix0648,43,4,0,9,-2,12.33
fold2_room1_mix0648,43,5,0,177,6,6.41
fold2_room1_mix0648,44,4,0,11,-3,12.02
fold2_room1_mix0648,44,5,0,175,6,6.35
fold2_room1_mix0648,45,4,0,11,-3,11.58
fold2_room1_mix0648,45,5,0,169,5,7.15
fold2_room1_mix0648,46,4,0,12,-3,11.70
fold2_room1_mix0648,46,5,0,176,6,6.40
fold2_room1_mix0648,47,4,0,10,-3,11.06
fold2_room1_mix0648,47,5,0,173,6,5.87
fold2_room1_mix0648,48,4,0,12,-3,10.04
fold2_room1_mix0648,48,5,0,174,7,6.10
fold2_room1_mix0648,49,4,0,11,-3,10.28
fold2_room1_mix0648,49,5,0,171,6,6.88
fold2_room1_mix0648,50,4,0,11,-3,10.16
fold2_room1_mix0648,50,5,0,173,6,6.64
fold2_room1_mix0648,51,4,0,12,-3,9.42
fold2_room1_mix0648,51,5,0,177,6,6.80
fold2_room1_mix0648,52,4,0,15,-3,9.11
fold2_room1_mix0648,52,5,0,171,5,7.63
fold2_room1_mix0648,53,4,0,15,-3,9.51
fold2_room1_mix0648,53,5,0,173,5,8.05
fold2_room1_mix0648,54,4,0,15,-3,8.63
fold2_room1_mix0648,54,5,0,178,5,7.81
fold2_room1_mix0648,55,4,0,16,-4,7.86
fold2_room1_mix0648,55,5,0,171,5,7.64
fold2_room1_mix0648,56,4,0,17,-4,7.85
fold2_room1_mix0648,56,5,0,176,4,8.17
fold2_room1_mix0648,57,4,0,16,-4,7.38
fold2_room1_mix0648,57,5,0,172,5,7.06
fold2_room1_mix0648,58,4,0,20,-4,6.82
fold2_room1_mix0648,58,5,0,171,5,7.20
fold2_room1_mix0648,59,4,0,22,-4,6.85
fold2_room1_mix0648,59,5,0,177,5,7.54
fold2_room1_mix0648,60,4,0,19,-5,6.01
fold2_room1_mix0648,60,5,0,172,5,7.21
fold2_room1_mix0648,61,4,0,18,-4,6.38
fold2_room1_mix0648,61,5,0,172,5,6.91
fold2_room1_mix0648,62,4,0,21,-5,5.61
fold2_room1_mix0648,62,5,0,174,5,7.18
fold2_room1_mix0648,63,4,0,22,-5,5.43
fold2_room1_mix0648,63,5,0,177,5,7.36
fold2_room1_mix0648,64,4,0,24,-5,5.13
fold2_room1_mix0648,64,5,0,176,7,5.86
fold2_room1_mix0648,65,4,0,25,-6,4.77
fold2_room1_mix0648,65,5,0,173,6,6.47
fold2_room1_mix0648,66,4,0,27,-6,4.16
fold2_room1_mix0648,66,5,0,175,6,7.01
fold2_room1_mix0648,67,4,0,30,-6,3.68
fold2_room1_mix0648,67,5,0,176,7,5.73
fold2_room1_mix0648,68,4,0,29,-7,3.49
fold2_room1_mix0648,68,5,0,171,6,6.65
fold2_room1_mix0648,69,4,0,34,-8,3.25
fold2_room1_mix0648,69,5,0,172,6,6.74
fold2_room1_mix0648,70,4,0,36,-8,3.05
fold2_room1_mix0648,70,5,0,175,6,6.56
fold2_room1_mix0648,71,4,0,39,-10,2.60
fold2_room1_mix0648,71,5,0,170,7,6.26
fold2_room1_mix0648,72,4,0,51,-9,2.65
fold2_room1_mix0648,72,5,0,174,6,6.89
fold2_room1_mix0648,73,4,0,60,-10,2.45
fold2_room1_mix0648,73,5,0,169,8,5.62
fold2_room1_mix0648,74,4,0,68,-11,2.20
fold2_room1_mix0648,74,5,0,172,7,5.96
fold2_room1_mix0648,75,4,0,76,-13,2.17
fold2_room1_mix0648,75,5,0,165,8,5.43
fold2_room1_mix0648,76,4,0,86,-13,2.11
fold2_room1_mix0648,76,5,0,169,7,6.03
fold2_room1_mix0648,77,4,0,98,-12,2.22
fold2_room1_mix0648,77,5,0,171,7,6.41
fold2_room1_mix0648,78,4,0,113,-10,2.38
fold2_room1_mix0648,78,5,0,173,8,5.60
fold2_room1_mix0648,79,4,0,123,-8,2.43
fold2_room1_mix0648,79,5,0,166,9,4.94
fold2_room1_mix0648,80,4,0,131,-8,2.47
fold2_room1_mix0648,80,5,0,175,9,5.57
fold2_room1_mix0648,81,4,0,135,-7,2.78
fold2_room1_mix0648,81,5,0,174,7,6.42
fold2_room1_mix0648,82,4,0,140,-6,3.05
fold2_room1_mix0648,82,5,0,174,7,6.39
fold2_room1_mix0648,83,4,0,145,-7,3.02
fold2_room1_mix0648,83,5,0,-179,7,6.54
fold2_room1_mix0648,84,4,0,147,-6,3.20
fold2_room1_mix0648,84,5,0,172,6,8.13
fold2_room1_mix0648,85,4,0,149,-6,3.82
fold2_room1_mix0648,85,5,0,175,6,7.43
fold2_room1_mix0648,86,4,0,151,-5,4.00
fold2_room1_mix0648,86,5,0,177,6,8.45
fold2_room1_mix0648,87,4,0,155,-5,4.23
fold2_room1_mix0648,87,5,0,176,6,7.81
fold2_room1_mix0648,88,4,0,157,-4,4.79
fold2_room1_mix0648,88,5,0,-172,7,6.58
fold2_room1_mix0648,89,4,0,157,-4,5.46
fold2_room1_mix0648,89,5,0,175,6,8.63
fold2_room1_mix0648,90,4,0,159,-4,5.24
fold2_room1_mix0648,90,5,0,178,6,7.49
fold2_room1_mix0648,91,4,0,160,-3,6.28
fold2_room1_mix0648,91,5,0,-176,6,7.88
fold2_room1_mix0648,92,4,0,160,-3,6.56
fold2_room1_mix0648,92,5,0,-178,5,8.62
fold2_room1_mix0648,93,4,0,161,-3,6.84
fold2_room1_mix0648,93,5,0,179,6,8.20
fold2_room1_mix0648,94,4,0,164,-2,7.30
fold2_room1_mix0648,94,5,0,-177,5,8.11
fold2_room1_mix0648,95,4,0,164,-3,6.88
fold2_room1_mix0648,95,5,0,-179,6,7.40
fold2_room1_mix0648,96,4,0,163,-2,7.80
fold2_room1_mix0648,96,5,0,-178,7,6.17
fold2_room1_mix0648,97,4,0,165,-2,7.60
fold2_room1_mix0648,97,5,0,177,5,7.66
fold2_room1_mix0648,98,4,0,166,-2,8.11
fold2_room1_mix0648,98,5,0,-179,5,7.63
fold2_room1_mix0648,99,4,0,165,-2,8.28
fold2_room1_mix0648,99,5,0,178,6,6.59
fold2_room1_mix0649,3,4,0,-177,0,2.54
fold2_room1_mix0649,4,4,0,-178,0,7.48
fold2_room1_mix0649,5,4,0,-176,0,21.73
fold2_room1_mix0649,6,4,0,-175,0,21.45
fold2_room1_mix0649,7,4,0,-176,0,25.74
fold2_room1_mix0649,8,4,0,-174,-1,40.14
fold2_room1_mix0649,9,4,0,-174,-1,42.07
fold2_room1_mix0649,10,4,0,-175,-1,41.60
fold2_room1_mix0649,11,4,0,-174,0,42.10
fold2_room1_mix0649,12,4,0,-175,0,40.85
fold2_room1_mix0649,13,4,0,-175,0,42.94
fold2_room1_mix0649,14,4,0,-175,0,42.34
fold2_room1_mix0649,15,4,0,-172,0,42.48
fold2_room1_mix0649,16,4,0,-173,0,40.60
fold2_room1_mix0649,17,4,0,-173,0,40.94
fold2_room1_mix0649,18,4,0,-173,0,43.15
fold2_room1_mix0649,19,4,0,-172,0,41.80
fold2_room1_mix0649,20,4,0,-174,0,41.17
fold2_room1_mix0649,21,4,0,-172,0,42.32
fold2_room1_mix0649,22,4,0,-172,0,40.86
fold2_room1_mix0649,23,4,0,-172,0,39.09
fold2_room1_mix0649,24,4,0,-170,0,37.56
fold2_room1_mix0649,25,4,0,-169,0,36.32
fold2_room1_mix0649,26,4,0,-170,0,37.71
fold2_room1_mix0649,27,4,0,-171,0,38.60
fold2_room1_mix0649,28,4,0,-170,0,35.70
fold2_room1_mix0649,29,4,0,-169,0,34.52
fold2_room1_mix0649,30,4,0,-169,0,33.62
fold2_room1_mix0649,31,4,0,-169,0,34.14
fold2_room1_mix0649,32,4,0,-169,0,33.10
fold2_room1_mix0649,33,1,0,16,-2,14.77
fold2_room1_mix0649,33,4,0,-170,0,29.80
fold2_room1_mix0649,34,1,0,26,-2,36.35
fold2_room1_mix0649,34,4,0,-172,0,29.14
fold2_room1_mix0649,35,1,0,37,-2,42.29
fold2_room1_mix0649,35,4,0,-172,0,31.22
fold2_room1_mix0649,36,1,0,29,-2,37.02
fold2_room1_mix0649,36,4,0,-174,0,29.87
fold2_room1_mix0649,37,1,0,28,-2,26.25
fold2_room1_mix0649,37,4,0,-171,0,33.14
fold2_room1_mix0649,38,1,0,30,-2,24.48
fold2_room1_mix0649,38,4,0,-172,0,28.40
fold2_room1_mix0649,39,1,0,32,-2,25.56
fold2_room1_mix0649,39,4,0,-174,0,30.17
fold2_room1_mix0649,40,1,0,36,-1,20.96
fold2_room1_mix0649,40,4,0,-172,0,33.95
fold2_room1_mix0649,41,1,0,37,-2,14.28
fold2_room1_mix0649,41,4,0,-172,-1,28.68
fold2_room1_mix0649,42,1,0,33,-2,20.98
fold2_room1_mix0649,42,4,0,-169,0,29.18
fold2_room1_mix0649,43,1,0,35,-2,22.06
fold2_room1_mix0649,43,4,0,-173,0,29.42
fold2_room1_mix0649,44,1,0,35,-2,28.75
fold2_room1_mix0649,44,4,0,-173,0,26.64
fold2_room1_mix0649,45,1,0,41,-2,15.73
fold2_room1_mix0649,45,4,0,-168,-1,31.78
fold2_room1_mix0649,46,4,0,-170,-1,27.77
fold2_room1_mix0649,47,1,0,43,-2,19.90
fold2_room1_mix0649,47,4,0,-167,-1,24.93
fold2_room1_mix0649,48,1,0,45,-2,18.95
fold2_room1_mix0649,48,4,0,-167,0,25.16
fold2_room1_mix0649,49,1,0,49,-2,18.88
fold2_room1_mix0649,49,4,0,-170,-1,22.95
fold2_room1_mix0649,50,1,0,45,-2,16.80
fold2_room1_mix0649,50,4,0,-164,-1,25.25
fold2_room1_mix0649,51,4,0,-163,-1,22.56
fold2_room1_mix0649,52,1,0,58,-3,16.46
fold2_room1_mix0649,52,4,0,-164,-1,21.42
fold2_room1_mix0649,53,1,0,55,-3,16.22
fold2_room1_mix0649,53,4,0,-165,-1,23.42
fold2_room1_mix0649,54,1,0,58,-3,16.72
fold2_room1_mix0649,54,4,0,-166,0,22.10
fold2_room1_mix0649,55,1,0,59,-3,14.41
fold2_room1_mix0649,55,4,0,-162,-1,21.98
fold2_room1_mix0649,56,4,0,-160,-1,20.56
fold2_room1_mix0649,57,1,0,70,-3,14.55
fold2_room1_mix0649,57,4,0,-155,-1,17.17
fold2_room1_mix0649,58,1,0,69,-3,13.54
fold2_room1_mix0649,58,4,0,-161,-1,18.85
fold2_room1_mix0649,59,1,0,77,-3,14.18
fold2_room1_mix0649,59,4,0,-157,0,17.72
fold2_room1_mix0649,60,1,0,76,-3,13.05
fold2_room1_mix0649,60,4,0,-147,-2,16.28
fold2_room1_mix0649,61,4,0,-145,-2,15.77
fold2_room1_mix0649,62,1,0,88,-4,11.81
fold2_room1_mix0649,62,4,0,-141,-2,12.08
fold2_room1_mix0649,63,1,0,89,-4,12.47
fold2_room1_mix0649,63,4,0,-143,-2,15.97
fold2_room1_mix0649,64,4,0,-145,-2,13.44
fold2_room1_mix0649,65,4,0,-132,-2,12.46
fold2_room1_mix0649,66,4,0,-133,-3,10.70
fold2_room1_mix0649,67,4,0,-129,-3,8.83
fold2_room1_mix0649,68,4,0,-127,-3,9.74
fold2_room1_mix0649,69,4,0,-124,-3,9.75
fold2_room1_mix0649,70,4,0,-122,-3,9.21
fold2_room1_mix0649,71,4,0,-119,-4,9.11
fold2_room1_mix0649,72,4,0,-116,-4,8.94
fold2_room1_mix0649,73,4,0,-110,-4,8.32
fold2_room1_mix0649,74,4,0,-105,-4,8.49
fold2_room1_mix0649,75,4,0,-100,-4,8.76
fold2_room1_mix0649,76,4,0,-94,-5,8.73
fold2_room1_mix0649,77,4,0,-89,-5,8.35
fold2_room1_mix0649,78,4,0,-83,-4,9.21
fold2_room1_mix0649,79,4,0,-77,-4,9.14
fold2_room1_mix0649,80,4,0,-70,-4,9.32
fold2_room1_mix0649,81,4,0,-65,-4,9.81
fold2_room1_mix0649,82,4,0,-64,-4,10.16
fold2_room1_mix0649,83,4,0,-56,-4,10.13
fold2_room1_mix0649,84,4,0,-53,-4,10.66
fold2_room1_mix0649,85,4,0,-50,-3,11.43
fold2_room1_mix0649,86,4,0,-47,-3,11.31
fold2_room1_mix0649,87,4,0,-44,-3,11.57
fold2_room1_mix0649,88,4,0,-40,-3,12.90
fold2_room1_mix0649,89,4,0,-39,-2,12.91
fold2_room1_mix0649,90,4,0,-38,-2,13.17
fold2_room1_mix0649,91,4,0,-34,-2,14.67
fold2_room1_mix0649,92,4,0,-35,-2,14.49
fold2_room1_mix0649,93,4,0,-32,-2,14.98
fold2_room1_mix0649,94,4,0,-33,-2,16.50
fold2_room1_mix0649,95,4,0,-31,-2,17.74
fold2_room1_mix0649,96,4,0,-29,-2,18.13
fold2_room1_mix0649,97,4,0,-27,-1,18.79
fold2_room1_mix0649,98,4,0,-25,-1,20.99
fold2_room1_mix0649,99,4,0,-22,-1,20.55
fold2_room1_mix0650,18,1,0,9,-1,14.55
fold2_room1_mix0650,19,4,0,173,0,12.43
fold2_room1_mix0650,20,1,0,16,-2,37.44
fold2_room1_mix0650,20,4,0,174,3,2.44
fold2_room1_mix0650,21,1,0,19,-2,24.79
fold2_room1_mix0650,21,4,0,167,0,5.66
fold2_room1_mix0650,22,1,0,20,-2,28.46
fold2_room1_mix0650,22,4,0,172,0,20.43
fold2_room1_mix0650,23,1,0,20,-2,21.50
fold2_room1_mix0650,23,2,0,96,-5,8.17
fold2_room1_mix0650,23,4,0,172,2,5.02
fold2_room1_mix0650,24,2,0,95,-6,6.67
fold2_room1_mix0650,24,4,0,175,0,22.13
fold2_room1_mix0650,25,1,0,19,-2,23.72
fold2_room1_mix0650,25,2,0,94,-4,9.07
fold2_room1_mix0650,25,4,0,175,-1,16.84
fold2_room1_mix0650,26,1,0,22,-2,20.92
fold2_room1_mix0650,26,2,0,88,-4,10.00
fold2_room1_mix0650,26,4,0,176,0,13.22
fold2_room1_mix0650,27,1,0,19,-2,25.89
fold2_room1_mix0650,27,4,0,174,-1,18.01
fold2_room1_mix0650,28,1,0,19,-2,6.84
fold2_room1_mix0650,28,4,0,179,0,19.40
fold2_room1_mix0650,29,1,0,20,-2,20.23
fold2_room1_mix0650,29,4,0,174,-1,17.05
fold2_room1_mix0650,30,1,0,19,-2,24.13
fold2_room1_mix0650,30,4,0,177,0,23.08
fold2_room1_mix0650,31,1,0,24,-2,21.81
fold2_room1_mix0650,31,4,0,178,0,22.91
fold2_room1_mix0650,32,1,0,25,-2,20.96
fold2_room1_mix0650,32,2,0,97,-3,10.32
fold2_room1_mix0650,32,4,0,175,0,20.20
fold2_room1_mix0650,33,2,0,96,-5,9.02
fold2_room1_mix0650,33,4,0,-176,0,23.21
fold2_room1_mix0650,34,1,0,25,-2,11.94
fold2_room1_mix0650,34,2,0,97,-4,10.14
fold2_room1_mix0650,34,4,0,-179,-1,17.13
fold2_room1_mix0650,35,1,0,27,-2,16.76
fold2_room1_mix0650,35,2,0,98,-5,9.44
fold2_room1_mix0650,35,4,0,173,0,16.82
fold2_room1_mix0650,36,1,0,39,-3,15.89
fold2_room1_mix0650,36,2,0,98,-5,9.27
fold2_room1_mix0650,36,4,0,179,0,17.06
fold2_room1_mix0650,37,1,0,28,-2,15.87
fold2_room1_mix0650,37,2,0,95,-4,8.14
fold2_room1_mix0650,37,4,0,179,0,13.63
fold2_room1_mix0650,38,4,0,-177,-1,16.64
fold2_room1_mix0650,39,1,0,34,-3,16.54
fold2_room1_mix0650,39,4,0,-175,0,19.26
fold2_room1_mix0650,40,1,0,34,-3,19.18
fold2_room1_mix0650,40,4,0,169,0,21.26
fold2_room1_mix0650,41,4,0,178,0,18.13
fold2_room1_mix0650,42,2,0,98,-3,10.00
fold2_room1_mix0650,42,4,0,-179,0,14.95
fold2_room1_mix0650,43,2,0,102,-5,7.13
fold2_room1_mix0650,43,4,0,175,-1,17.81
fold2_room1_mix0650,44,2,0,103,-5,9.07
fold2_room1_mix0650,44,4,0,178,-1,13.87
fold2_room1_mix0650,45,2,0,103,-5,8.85
fold2_room1_mix0650,45,4,0,-175,-2,12.26
fold2_room1_mix0650,46,2,0,103,-6,7.92
fold2_room1_mix0650,46,4,0,-175,-2,13.44
fold2_room1_mix0650,47,2,0,102,-5,8.28
fold2_room1_mix0650,47,4,0,-174,-2,12.69
fold2_room1_mix0650,48,4,0,-174,-3,10.96
fold2_room1_mix0650,49,4,0,-174,-2,10.59
fold2_room1_mix0650,50,4,0,-172,-3,9.76
fold2_room1_mix0650,51,4,0,-172,-3,9.51
fold2_room1_mix0650,52,4,0,-171,-3,8.73
fold2_room1_mix0650,53,2,0,106,-4,8.90
fold2_room1_mix0650,53,4,0,-170,-4,7.36
fold2_room1_mix0650,54,2,0,112,-5,8.24
fold2_room1_mix0650,54,4,0,-169,-5,6.78
fold2_room1_mix0650,55,2,0,113,-5,7.22
fold2_room1_mix0650,55,4,0,-167,-5,5.52
fold2_room1_mix0650,56,2,0,110,-5,8.04
fold2_room1_mix0650,56,4,0,-163,-6,4.82
fold2_room1_mix0650,57,2,0,111,-5,8.36
fold2_room1_mix0650,57,4,0,-161,-7,4.44
fold2_room1_mix0650,58,2,0,110,-5,7.09
fold2_room1_mix0650,58,4,0,-157,-9,3.60
fold2_room1_mix0650,59,4,0,-152,-14,3.21
fold2_room1_mix0650,60,4,0,-139,-16,2.58
fold2_room1_mix0650,61,4,0,-134,-19,2.66
fold2_room1_mix0650,61,4,0,-117,-24,1.53
fold2_room1_mix0650,62,4,0,-134,-16,4.81
fold2_room1_mix0650,62,4,0,-83,-26,1.35
fold2_room1_mix0650,63,2,0,107,-4,9.10
fold2_room1_mix0650,63,4,0,-94,-21,3.57
fold2_room1_mix0650,63,4,0,-57,-21,1.42
fold2_room1_mix0650,64,2,0,115,-4,11.12
fold2_room1_mix0650,64,4,0,-40,-16,1.81
fold2_room1_mix0650,65,2,0,117,-4,10.95
fold2_room1_mix0650,65,4,0,-36,-13,2.80
fold2_room1_mix0650,66,2,0,117,-4,9.66
fold2_room1_mix0650,66,4,0,-58,-20,3.83
fold2_room1_mix0650,66,4,0,-26,-10,2.96
fold2_room1_mix0650,67,2,0,122,-4,8.92
fold2_room1_mix0650,67,4,0,-145,-11,4.96
fold2_room1_mix0650,67,4,0,-19,-8,3.87
fold2_room1_mix0650,68,4,0,-152,-6,5.29
fold2_room1_mix0650,68,4,0,-17,-6,5.24
fold2_room1_mix0650,69,4,0,-156,-5,5.64
fold2_room1_mix0650,69,4,0,-17,-7,4.73
fold2_room1_mix0650,70,4,0,-153,-6,5.26
fold2_room1_mix0650,70,4,0,-13,-6,5.62
fold2_room1_mix0650,71,4,0,-148,-5,5.93
fold2_room1_mix0650,71,4,0,-16,-6,5.55
fold2_room1_mix0650,72,4,0,-144,-5,5.70
fold2_room1_mix0650,72,4,0,-14,-6,5.55
fold2_room1_mix0650,73,4,0,-140,-4,5.34
fold2_room1_mix0650,73,4,0,-12,-6,5.60
fold2_room1_mix0650,74,4,0,-135,-6,4.89
fold2_room1_mix0650,74,4,0,-15,-6,5.53
fold2_room1_mix0650,75,4,0,-125,-6,4.38
fold2_room1_mix0650,75,4,0,-11,-6,5.95
fold2_room1_mix0650,76,4,0,-113,-6,4.90
fold2_room1_mix0650,76,4,0,-11,-5,6.71
fold2_room1_mix0650,77,2,0,120,-4,4.38
fold2_room1_mix0650,77,4,0,-100,-8,4.13
fold2_room1_mix0650,77,4,0,-11,-5,6.16
fold2_room1_mix0650,78,4,0,-91,-7,4.78
fold2_room1_mix0650,78,4,0,-11,-5,7.31
fold2_room1_mix0650,79,4,0,-81,-7,5.23
fold2_room1_mix0650,79,4,0,-11,-4,8.37
fold2_room1_mix0650,80,4,0,-82,-6,5.07
fold2_room1_mix0650,80,4,0,-10,-4,7.85
fold2_room1_mix0650,81,4,0,-64,-6,5.66
fold2_room1_mix0650,81,4,0,-8,-3,9.94
fold2_room1_mix0650,82,4,0,-55,-6,5.82
fold2_room1_mix0650,82,4,0,-6,-3,11.01
fold2_room1_mix0650,83,4,0,-49,-5,6.24
fold2_room1_mix0650,83,4,0,-4,-2,13.23
fold2_room1_mix0650,84,4,0,-49,-5,7.27
fold2_room1_mix0650,84,4,0,-7,-2,13.24
fold2_room1_mix0650,85,4,0,-39,-5,7.51
fold2_room1_mix0650,85,4,0,-6,-2,13.98
fold2_room1_mix0650,86,4,0,-38,-5,7.48
fold2_room1_mix0650,86,4,0,-5,-1,16.17
fold2_room1_mix0650,87,4,0,-34,-5,8.63
fold2_room1_mix0650,87,4,0,-4,-1,16.27
fold2_room1_mix0650,88,4,0,-35,-4,9.97
fold2_room1_mix0650,88,4,0,-5,-1,17.08
fold2_room1_mix0650,89,4,0,-27,-4,9.84
fold2_room1_mix0650,89,4,0,-5,-1,17.67
fold2_room1_mix0650,90,4,0,-26,-3,11.54
fold2_room1_mix0650,90,4,0,-5,-1,17.65
fold2_room1_mix0650,91,4,0,-21,-3,13.42
fold2_room1_mix0650,91,4,0,-4,-1,20.67
fold2_room1_mix0650,92,4,0,-11,-2,18.10
fold2_room1_mix0650,93,4,0,-12,-2,17.84
fold2_room1_mix0650,94,4,0,-11,-2,19.70
fold2_room1_mix0650,95,4,0,-12,-2,19.46
fold2_room1_mix0650,96,4,0,-14,-2,19.73
fold2_room1_mix0650,97,4,0,-10,-2,20.42
fold2_room1_mix0650,98,4,0,-13,-2,21.60
fold2_room1_mix0650,99,4,0,-9,-1,21.03
fold2_room1_mix0651,30,1,0,152,-3,27.06
fold2_room1_mix0651,31,1,0,150,-3,16.86
fold2_room1_mix0651,32,1,0,146,-3,22.22
fold2_room1_mix0651,33,1,0,145,-3,19.51
fold2_room1_mix0651,34,1,0,137,-3,14.05
fold2_room1_mix0651,35,1,0,137,-3,14.33
fold2_room1_mix0651,36,1,0,133,-3,12.94
fold2_room1_mix0651,38,1,0,116,-3,10.23
fold2_room1_mix0651,39,1,0,101,-4,9.57
fold2_room1_mix0651,40,1,0,98,-4,9.09
fold2_room1_mix0651,41,1,0,92,-4,9.51
fold2_room1_mix0651,43,1,0,63,-4,11.47
fold2_room1_mix0651,43,2,0,116,-4,5.45
fold2_room1_mix0651,44,1,0,51,-3,13.53
fold2_room1_mix0651,45,1,0,44,-3,10.96
fold2_room1_mix0651,46,1,0,38,-3,12.61
fold2_room1_mix0651,49,1,0,35,-3,17.55
fold2_room1_mix0651,50,1,0,34,-3,15.04
fold2_room1_mix0651,50,2,0,114,-3,10.42
fold2_room1_mix0651,51,1,0,30,-2,16.52
fold2_room1_mix0651,51,2,0,112,-3,10.41
fold2_room1_mix0651,52,1,0,29,-2,14.20
fold2_room1_mix0651,52,2,0,109,-3,9.42
fold2_room1_mix0651,53,2,0,107,-3,9.12
fold2_room1_mix0651,54,1,0,28,-2,10.64
fold2_room1_mix0651,54,2,0,105,-3,9.41
fold2_room1_mix0651,55,1,0,26,-2,17.27
fold2_room1_mix0651,56,1,0,21,-2,15.01
fold2_room1_mix0651,57,1,0,19,-2,19.09
fold2_room1_mix0651,60,1,0,19,-2,11.35
fold2_room1_mix0651,60,2,0,103,-3,11.36
fold2_room1_mix0651,61,1,0,20,-2,21.70
fold2_room1_mix0651,61,2,0,99,-3,12.45
fold2_room1_mix0651,62,1,0,14,-2,16.19
fold2_room1_mix0651,62,2,0,99,-3,11.57
fold2_room1_mix0651,63,1,0,15,-1,27.34
fold2_room1_mix0651,63,2,0,99,-3,12.25
fold2_room1_mix0651,64,2,0,95,-2,10.42
fold2_room1_mix0651,66,1,0,7,-2,13.50
fold2_room1_mix0651,67,1,0,11,-2,19.42
fold2_room1_mix0651,68,1,0,7,-2,22.83
fold2_room1_mix0651,68,4,0,2,3,2.25
fold2_room1_mix0651,69,2,0,97,-2,11.23
fold2_room1_mix0651,70,2,0,95,-3,14.51
fold2_room1_mix0651,70,4,0,0,0,6.58
fold2_room1_mix0651,71,1,0,9,-1,11.18
fold2_room1_mix0651,71,2,0,92,-2,15.40
fold2_room1_mix0651,71,4,0,7,0,5.04
fold2_room1_mix0651,72,1,0,7,-1,7.41
fold2_room1_mix0651,72,2,0,86,-3,13.81
fold2_room1_mix0651,72,4,0,2,0,12.10
fold2_room1_mix0651,73,1,0,7,-1,19.95
fold2_room1_mix0651,73,2,0,88,-3,14.12
fold2_room1_mix0651,73,4,0,4,0,4.80
fold2_room1_mix0651,74,1,0,10,-1,20.14
fold2_room1_mix0651,74,2,0,88,-2,11.95
fold2_room1_mix0651,75,4,0,1,-3,10.03
fold2_room1_mix0651,76,4,0,3,-4,12.01
fold2_room1_mix0651,77,4,0,7,-3,8.79
fold2_room1_mix0651,78,1,0,8,-1,7.56
fold2_room1_mix0651,78,4,0,4,-3,8.31
fold2_room1_mix0651,79,4,0,10,-4,7.53
fold2_room1_mix0651,80,4,0,7,-8,6.03
fold2_room1_mix0651,81,2,0,92,-3,5.71
fold2_room1_mix0651,81,4,0,12,-12,4.52
fold2_room1_mix0651,82,4,0,21,-18,2.88
fold2_room1_mix0651,83,4,0,32,-27,2.13
fold2_room1_mix0651,84,4,0,70,-41,1.42
fold2_room1_mix0651,85,4,0,137,-34,1.50
fold2_room1_mix0651,86,4,0,157,-22,2.28
fold2_room1_mix0651,87,4,0,164,-14,3.48
fold2_room1_mix0651,88,4,0,165,-11,4.12
fold2_room1_mix0651,89,4,0,167,-9,5.81
fold2_room1_mix0651,90,4,0,172,-6,6.58
fold2_room1_mix0651,91,4,0,173,-4,7.95
fold2_room1_mix0651,92,4,0,174,-4,9.09
fold2_room1_mix0651,93,4,0,173,-3,10.32
fold2_room1_mix0651,94,4,0,174,-3,11.81
fold2_room1_mix0651,95,4,0,174,-2,13.07
fold2_room1_mix0651,96,4,0,176,-2,13.84
fold2_room1_mix0651,97,4,0,176,-2,14.87
fold2_room1_mix0651,98,4,0,177,-2,16.08
fold2_room1_mix0651,99,4,0,177,-1,17.21
fold2_room1_mix0652,3,4,0,177,2,1.61
fold2_room1_mix0652,4,4,0,178,0,15.67
fold2_room1_mix0652,5,4,0,177,0,17.33
fold2_room1_mix0652,6,4,0,177,0,19.86
fold2_room1_mix0652,7,4,0,177,0,24.70
fold2_room1_mix0652,8,4,0,177,0,28.30
fold2_room1_mix0652,9,4,0,178,0,28.07
fold2_room1_mix0652,10,4,0,178,0,27.78
fold2_room1_mix0652,11,4,0,176,0,27.85
fold2_room1_mix0652,12,4,0,177,0,27.11
fold2_room1_mix0652,13,4,0,176,0,26.91
fold2_room1_mix0652,14,4,0,176,0,26.81
fold2_room1_mix0652,15,4,0,176,0,26.32
fold2_room1_mix0652,16,4,0,176,0,25.86
fold2_room1_mix0652,17,4,0,177,0,27.22
fold2_room1_mix0652,18,4,0,176,0,26.58
fold2_room1_mix0652,19,4,0,177,0,26.45
fold2_room1_mix0652,20,4,0,176,0,27.00
fold2_room1_mix0652,21,4,0,176,0,26.22
fold2_room1_mix0652,22,4,0,176,0,24.36
fold2_room1_mix0652,23,4,0,176,0,23.88
fold2_room1_mix0652,24,4,0,177,0,23.34
fold2_room1_mix0652,25,4,0,177,0,22.99
fold2_room1_mix0652,26,4,0,176,0,22.36
fold2_room1_mix0652,27,4,0,177,0,22.94
fold2_room1_mix0652,28,4,0,177,-1,22.35
fold2_room1_mix0652,29,4,0,176,0,21.43
fold2_room1_mix0652,30,4,0,177,0,21.50
fold2_room1_mix0652,31,4,0,177,-1,21.67
fold2_room1_mix0652,32,4,0,178,-1,20.19
fold2_room1_mix0652,33,4,0,177,-1,19.56
fold2_room1_mix0652,34,4,0,177,-1,20.18
fold2_room1_mix0652,35,4,0,177,-1,17.70
fold2_room1_mix0652,36,4,0,176,-1,18.23
fold2_room1_mix0652,37,4,0,176,-1,16.44
fold2_room1_mix0652,38,4,0,175,-1,16.38
fold2_room1_mix0652,39,4,0,176,-1,15.24
fold2_room1_mix0652,40,4,0,177,-2,14.69
fold2_room1_mix0652,41,4,0,177,-2,13.64
fold2_room1_mix0652,42,4,0,177,-2,12.99
fold2_room1_mix0652,43,4,0,177,-2,13.00
fold2_room1_mix0652,44,4,0,176,-3,12.06
fold2_room1_mix0652,45,4,0,176,-3,10.80
fold2_room1_mix0652,46,4,0,176,-3,10.62
fold2_room1_mix0652,47,4,0,-174,-2,11.88
fold2_room1_mix0652,47,4,0,163,-6,5.51
fold2_room1_mix0652,48,4,0,-164,-3,11.35
fold2_room1_mix0652,48,4,0,-179,-3,9.54
fold2_room1_mix0652,48,4,0,161,-7,4.89
fold2_room1_mix0652,49,4,0,-171,-3,9.94
fold2_room1_mix0652,49,4,0,163,-7,4.38
fold2_room1_mix0652,50,4,0,-171,-4,8.90
fold2_room1_mix0652,50,4,0,154,-9,3.81
fold2_room1_mix0652,51,4,0,-169,-5,7.24
fold2_room1_mix0652,51,4,0,148,-12,2.23
fold2_room1_mix0652,52,4,0,-159,-7,5.12
fold2_room1_mix0652,52,4,0,136,-9,2.98
fold2_room1_mix0652,53,4,0,-164,-8,5.16
fold2_room1_mix0652,53,4,0,131,-21,1.46
fold2_room1_mix0652,54,4,0,156,-7,5.35
fold2_room1_mix0652,54,4,0,-63,-30,1.81
fold2_room1_mix0652,55,4,0,152,-9,5.15
fold2_room1_mix0652,55,4,0,123,-17,3.07
fold2_room1_mix0652,55,4,0,-31,-21,1.75
fold2_room1_mix0652,56,4,0,150,-14,4.21
fold2_room1_mix0652,56,4,0,105,-16,2.57
fold2_room1_mix0652,56,4,0,-23,-16,2.16
fold2_room1_mix0652,57,4,0,131,-13,4.27
fold2_room1_mix0652,57,4,0,94,-16,2.38
fold2_room1_mix0652,57,4,0,-7,-14,2.49
fold2_room1_mix0652,58,4,0,105,-14,3.81
fold2_room1_mix0652,58,4,0,63,-14,2.56
fold2_room1_mix0652,58,4,0,-15,-11,2.74
fold2_room1_mix0652,59,4,0,89,-13,3.25
fold2_room1_mix0652,59,4,0,3,-7,4.25
fold2_room1_mix0652,60,4,0,73,-11,4.09
fold2_room1_mix0652,60,4,0,4,-6,5.26
fold2_room1_mix0652,61,4,0,59,-10,4.40
fold2_room1_mix0652,61,4,0,0,-6,5.19
fold2_room1_mix0652,62,4,0,54,-8,5.07
fold2_room1_mix0652,62,4,0,-2,-5,5.46
fold2_room1_mix0652,63,4,0,36,-6,5.20
fold2_room1_mix0652,63,4,0,-5,-5,5.40
fold2_room1_mix0652,64,4,0,34,-6,5.86
fold2_room1_mix0652,64,4,0,-5,-5,6.13
fold2_room1_mix0652,65,4,0,27,-5,5.40
fold2_room1_mix0652,65,4,0,-4,-4,7.62
fold2_room1_mix0652,66,4,0,24,-6,5.39
fold2_room1_mix0652,66,4,0,-3,-3,8.57
fold2_room1_mix0652,67,4,0,20,-5,5.59
fold2_room1_mix0652,67,4,0,-4,-3,8.97
fold2_room1_mix0652,68,4,0,20,-4,6.92
fold2_room1_mix0652,68,4,0,-4,-2,10.02
fold2_room1_mix0652,69,4,0,18,-4,6.74
fold2_room1_mix0652,69,4,0,-3,-2,10.53
fold2_room1_mix0652,70,4,0,20,-5,6.92
fold2_room1_mix0652,70,4,0,-2,-2,11.66
fold2_room1_mix0652,71,4,0,17,-4,8.47
fold2_room1_mix0652,71,4,0,-2,-2,12.14
fold2_room1_mix0652,72,4,0,14,-4,8.64
fold2_room1_mix0652,72,4,0,-2,-2,13.11
fold2_room1_mix0652,73,4,0,3,-3,11.88
fold2_room1_mix0652,74,4,0,5,-2,12.46
fold2_room1_mix0652,75,4,0,2,-2,13.73
fold2_room1_mix0652,76,4,0,4,-2,14.16
fold2_room1_mix0652,77,4,0,4,-2,15.21
fold2_room1_mix0652,78,4,0,4,-2,16.29
fold2_room1_mix0652,79,4,0,4,-2,17.02
fold2_room1_mix0652,80,4,0,3,-2,16.52
fold2_room1_mix0652,81,4,0,3,-2,17.38
fold2_room1_mix0652,82,4,0,4,-2,17.75
fold2_room1_mix0652,83,4,0,3,-2,18.30
fold2_room1_mix0652,84,4,0,4,-1,19.22
fold2_room1_mix0652,85,4,0,4,-1,19.03
fold2_room1_mix0652,86,4,0,4,-2,19.96
fold2_room1_mix0652,87,4,0,4,-1,19.95
fold2_room1_mix0652,88,4,0,4,-2,19.99
fold2_room1_mix0652,89,4,0,3,-2,21.38
fold2_room1_mix0652,90,4,0,4,-1,22.20
fold2_room1_mix0652,91,4,0,4,-1,24.39
fold2_room1_mix0652,92,4,0,4,-1,24.56
fold2_room1_mix0652,93,4,0,4,-1,24.16
fold2_room1_mix0652,94,4,0,4,0,25.98
fold2_room1_mix0652,95,4,0,3,-1,26.18
fold2_room1_mix0652,96,4,0,3,-1,26.01
fold2_room1_mix0652,97,4,0,4,0,28.47
fold2_room1_mix0652,98,4,0,3,-1,27.13
fold2_room1_mix0652,99,4,0,3,-1,26.46
fold2_room1_mix0653,2,4,0,178,1,0.91
fold2_room1_mix0653,3,4,0,-179,1,2.33
fold2_room1_mix0653,3,4,0,-1,0,2.11
fold2_room1_mix0653,4,4,0,-179,1,5.77
fold2_room1_mix0653,4,4,0,-1,1,5.40
fold2_room1_mix0653,5,4,0,-179,0,16.53
fold2_room1_mix0653,5,4,0,0,0,16.89
fold2_room1_mix0653,6,4,0,-179,0,16.92
fold2_room1_mix0653,6,4,0,0,0,17.64
fold2_room1_mix0653,7,4,0,-179,0,21.97
fold2_room1_mix0653,7,4,0,0,0,21.46
fold2_room1_mix0653,8,4,0,-178,0,29.07
fold2_room1_mix0653,8,4,0,1,0,27.97
fold2_room1_mix0653,9,4,0,-178,0,30.93
fold2_room1_mix0653,9,4,0,0,0,31.27
fold2_room1_mix0653,10,4,0,179,0,35.95
fold2_room1_mix0653,10,4,0,0,0,36.45
fold2_room1_mix0653,11,4,0,179,0,39.70
fold2_room1_mix0653,11,4,0,1,0,41.19
fold2_room1_mix0653,12,4,0,179,0,41.32
fold2_room1_mix0653,12,4,0,0,0,40.41
fold2_room1_mix0653,13,4,0,178,0,41.57
fold2_room1_mix0653,13,4,0,0,0,40.59
fold2_room1_mix0653,14,4,0,178,0,40.80
fold2_room1_mix0653,14,4,0,0,0,40.88
fold2_room1_mix0653,15,4,0,177,-1,35.63
fold2_room1_mix0653,15,4,0,-1,0,38.65
fold2_room1_mix0653,16,4,0,179,0,39.63
fold2_room1_mix0653,16,4,0,0,0,37.36
fold2_room1_mix0653,17,4,0,179,0,40.72
fold2_room1_mix0653,17,4,0,-1,0,36.68
fold2_room1_mix0653,18,4,0,-179,0,39.97
fold2_room1_mix0653,18,4,0,0,0,36.82
fold2_room1_mix0653,19,4,0,179,0,43.04
fold2_room1_mix0653,19,4,0,-1,-1,37.15
fold2_room1_mix0653,20,4,0,179,0,41.55
fold2_room1_mix0653,20,4,0,-1,-1,35.25
fold2_room1_mix0653,21,4,0,179,0,41.99
fold2_room1_mix0653,21,4,0,-1,0,35.53
fold2_room1_mix0653,22,4,0,-179,0,39.38
fold2_room1_mix0653,22,4,0,0,0,34.07
fold2_room1_mix0653,23,4,0,-179,0,37.24
fold2_room1_mix0653,23,4,0,-1,0,31.61
fold2_room1_mix0653,24,4,0,-178,0,39.67
fold2_room1_mix0653,24,4,0,-1,-1,31.46
fold2_room1_mix0653,25,4,0,-179,0,37.00
fold2_room1_mix0653,25,4,0,-2,-1,28.93
fold2_room1_mix0653,26,4,0,-179,0,34.79
fold2_room1_mix0653,26,4,0,-1,-1,28.22
fold2_room1_mix0653,27,4,0,178,0,37.50
fold2_room1_mix0653,27,4,0,0,-1,30.09
fold2_room1_mix0653,28,4,0,178,0,39.57
fold2_room1_mix0653,28,4,0,0,-1,27.85
fold2_room1_mix0653,29,4,0,178,0,36.58
fold2_room1_mix0653,29,4,0,-2,-1,25.59
fold2_room1_mix0653,30,4,0,178,0,36.63
fold2_room1_mix0653,30,4,0,0,-1,25.75
fold2_room1_mix0653,31,4,0,177,0,34.06
fold2_room1_mix0653,31,4,0,-2,-1,23.27
fold2_room1_mix0653,32,4,0,178,0,37.04
fold2_room1_mix0653,32,4,0,-2,-2,22.30
fold2_room1_mix0653,33,4,0,178,0,35.39
fold2_room1_mix0653,33,4,0,-2,-2,21.72
fold2_room1_mix0653,34,4,0,179,0,34.57
fold2_room1_mix0653,34,4,0,-3,-2,19.97
fold2_room1_mix0653,35,4,0,-179,0,33.25
fold2_room1_mix0653,35,4,0,-3,-2,19.05
fold2_room1_mix0653,36,4,0,-178,0,32.50
fold2_room1_mix0653,36,4,0,-4,-2,17.59
fold2_room1_mix0653,37,4,0,-178,0,33.23
fold2_room1_mix0653,37,4,0,-5,-2,17.16
fold2_room1_mix0653,38,4,0,-178,0,31.19
fold2_room1_mix0653,38,4,0,-7,-3,15.25
fold2_room1_mix0653,39,4,0,-177,0,31.75
fold2_room1_mix0653,39,4,0,-7,-3,13.70
fold2_room1_mix0653,40,4,0,-177,0,32.44
fold2_room1_mix0653,40,4,0,-8,-3,13.55
fold2_room1_mix0653,41,4,0,-178,0,32.16
fold2_room1_mix0653,41,4,0,-11,-4,12.20
fold2_room1_mix0653,42,4,0,-177,0,28.47
fold2_room1_mix0653,42,4,0,-12,-4,10.90
fold2_room1_mix0653,43,4,0,-179,0,30.77
fold2_room1_mix0653,43,4,0,-16,-5,9.31
fold2_room1_mix0653,44,4,0,179,0,31.98
fold2_room1_mix0653,44,4,0,-20,-6,7.41
fold2_room1_mix0653,45,4,0,-179,0,35.60
fold2_room1_mix0653,45,4,0,-24,-7,6.53
fold2_room1_mix0653,46,4,0,178,1,37.86
fold2_room1_mix0653,46,4,0,-26,-7,5.43
fold2_room1_mix0653,47,4,0,179,1,38.00
fold2_room1_mix0653,47,4,0,-32,-8,4.36
fold2_room1_mix0653,48,4,0,-178,2,39.20
fold2_room1_mix0653,48,4,0,-43,-9,3.74
fold2_room1_mix0653,49,4,0,-177,1,33.88
fold2_room1_mix0653,49,4,0,-68,-10,3.11
fold2_room1_mix0653,50,4,0,-176,0,29.78
fold2_room1_mix0653,50,4,0,-113,-12,2.52
fold2_room1_mix0653,50,4,0,-97,-14,2.52
fold2_room1_mix0653,51,4,0,-178,1,27.79
fold2_room1_mix0653,51,4,0,-127,-8,2.83
fold2_room1_mix0653,52,4,0,-179,1,25.91
fold2_room1_mix0653,52,4,0,-142,-6,3.45
fold2_room1_mix0653,53,4,0,-177,1,24.92
fold2_room1_mix0653,53,4,0,-150,-4,4.68
fold2_room1_mix0653,54,4,0,-178,0,19.73
fold2_room1_mix0653,54,4,0,-156,-4,5.49
fold2_room1_mix0653,55,4,0,-177,0,17.88
fold2_room1_mix0653,55,4,0,-160,-3,6.73
fold2_room1_mix0653,56,4,0,-178,0,20.34
fold2_room1_mix0653,56,4,0,-161,-3,7.65
fold2_room1_mix0653,57,4,0,-179,0,22.44
fold2_room1_mix0653,57,4,0,-164,-2,8.51
fold2_room1_mix0653,58,4,0,-169,-1,13.08
fold2_room1_mix0653,59,4,0,-170,-1,13.29
fold2_room1_mix0653,60,4,0,-170,-1,14.39
fold2_room1_mix0653,61,4,0,-172,-1,14.84
fold2_room1_mix0653,62,4,0,-173,-1,15.50
fold2_room1_mix0653,63,4,0,-173,-1,15.39
fold2_room1_mix0653,64,4,0,-174,-1,15.97
fold2_room1_mix0653,65,4,0,-176,-1,16.64
fold2_room1_mix0653,66,4,0,-177,-1,16.49
fold2_room1_mix0653,67,4,0,-177,-1,15.51
fold2_room1_mix0653,68,4,0,-179,-1,15.45
fold2_room1_mix0653,69,4,0,179,-2,15.18
fold2_room1_mix0653,70,4,0,179,-2,15.00
fold2_room1_mix0653,71,4,0,178,-2,15.22
fold2_room1_mix0653,72,4,0,176,-2,14.85
fold2_room1_mix0653,73,4,0,176,-2,14.49
fold2_room1_mix0653,74,4,0,-177,0,20.40
fold2_room1_mix0653,74,4,0,159,-10,4.42
fold2_room1_mix0653,75,4,0,-177,0,21.42
fold2_room1_mix0653,75,4,0,155,-12,3.53
fold2_room1_mix0653,76,4,0,-179,0,21.20
fold2_room1_mix0653,76,4,0,144,-14,2.40
fold2_room1_mix0653,77,4,0,-179,0,22.81
fold2_room1_mix0653,77,4,0,127,-19,1.68
fold2_room1_mix0653,78,4,0,-179,1,24.16
fold2_room1_mix0653,78,4,0,91,-22,1.41
fold2_room1_mix0653,79,4,0,179,1,21.81
fold2_room1_mix0653,79,4,0,53,-18,1.17
fold2_room1_mix0653,80,4,0,-175,2,25.63
fold2_room1_mix0653,80,4,0,34,-8,2.56
fold2_room1_mix0653,81,4,0,-177,3,25.98
fold2_room1_mix0653,81,4,0,19,-6,2.90
fold2_room1_mix0653,82,4,0,-179,3,27.96
fold2_room1_mix0653,82,4,0,16,-5,3.92
fold2_room1_mix0653,83,4,0,178,2,28.22
fold2_room1_mix0653,83,4,0,13,-4,5.29
fold2_room1_mix0653,84,4,0,178,2,27.49
fold2_room1_mix0653,84,4,0,12,-4,5.78
fold2_room1_mix0653,85,4,0,178,2,27.97
fold2_room1_mix0653,85,4,0,10,-3,7.14
fold2_room1_mix0653,86,4,0,179,1,30.31
fold2_room1_mix0653,86,4,0,9,-3,8.31
fold2_room1_mix0653,87,4,0,179,1,29.65
fold2_room1_mix0653,87,4,0,8,-3,8.62
fold2_room1_mix0653,88,4,0,179,1,27.89
fold2_room1_mix0653,88,4,0,8,-2,9.97
fold2_room1_mix0653,89,4,0,-179,0,30.01
fold2_room1_mix0653,89,4,0,7,-3,10.58
fold2_room1_mix0653,90,4,0,-179,0,30.46
fold2_room1_mix0653,90,4,0,6,-3,11.57
fold2_room1_mix0653,91,4,0,-179,1,30.12
fold2_room1_mix0653,91,4,0,7,-2,13.07
fold2_room1_mix0653,92,4,0,-179,0,30.74
fold2_room1_mix0653,92,4,0,6,-2,13.36
fold2_room1_mix0653,93,4,0,-179,0,30.12
fold2_room1_mix0653,93,4,0,6,-2,13.26
fold2_room1_mix0653,94,4,0,-178,0,33.54
fold2_room1_mix0653,94,4,0,5,-2,15.24
fold2_room1_mix0653,95,4,0,-178,0,30.76
fold2_room1_mix0653,95,4,0,5,-2,15.07
fold2_room1_mix0653,96,4,0,-178,0,32.80
fold2_room1_mix0653,96,4,0,5,-2,16.65
fold2_room1_mix0653,97,4,0,-179,0,32.48
fold2_room1_mix0653,97,4,0,5,-1,19.12
fold2_room1_mix0653,98,4,0,-179,0,33.17
fold2_room1_mix0653,98,4,0,4,-1,20.04
fold2_room1_mix0653,99,4,0,-178,0,33.18
fold2_room1_mix0653,99,4,0,4,-1,19.59
fold2_room1_mix0654,2,4,0,0,0,3.36
fold2_room1_mix0654,3,4,0,3,-1,8.88
fold2_room1_mix0654,4,4,0,2,-1,10.07
fold2_room1_mix0654,5,4,0,3,-1,11.58
fold2_room1_mix0654,6,4,0,3,-1,12.88
fold2_room1_mix0654,7,4,0,4,-2,17.09
fold2_room1_mix0654,8,4,0,4,-2,17.30
fold2_room1_mix0654,9,4,0,3,-2,16.26
fold2_room1_mix0654,10,4,0,4,-2,15.53
fold2_room1_mix0654,11,4,0,5,-2,15.29
fold2_room1_mix0654,12,4,0,4,-2,14.71
fold2_room1_mix0654,13,4,0,6,-2,14.35
fold2_room1_mix0654,14,4,0,5,-2,15.16
fold2_room1_mix0654,15,4,0,5,-2,14.80
fold2_room1_mix0654,16,4,0,5,-2,12.66
fold2_room1_mix0654,17,4,0,4,-3,13.29
fold2_room1_mix0654,18,4,0,5,-3,12.95
fold2_room1_mix0654,19,4,0,4,-3,12.07
fold2_room1_mix0654,20,4,0,5,-3,12.05
fold2_room1_mix0654,21,4,0,5,-3,12.09
fold2_room1_mix0654,22,4,0,5,-3,10.78
fold2_room1_mix0654,23,4,0,5,-3,10.75
fold2_room1_mix0654,24,4,0,3,-3,10.35
fold2_room1_mix0654,25,4,0,4,-3,10.50
fold2_room1_mix0654,26,4,0,5,-3,9.94
fold2_room1_mix0654,27,4,0,6,-3,9.86
fold2_room1_mix0654,28,4,0,6,-3,9.51
fold2_room1_mix0654,29,4,0,6,-4,9.05
fold2_room1_mix0654,30,4,0,6,-4,8.99
fold2_room1_mix0654,31,4,0,6,-3,8.82
fold2_room1_mix0654,32,4,0,6,-4,8.40
fold2_room1_mix0654,33,4,0,7,-3,8.59
fold2_room1_mix0654,34,4,0,7,-3,8.53
fold2_room1_mix0654,35,4,0,5,-4,7.42
fold2_room1_mix0654,36,4,0,6,-4,7.04
fold2_room1_mix0654,37,4,0,7,-4,7.37
fold2_room1_mix0654,38,4,0,6,-4,6.80
fold2_room1_mix0654,39,4,0,7,-4,6.65
fold2_room1_mix0654,40,4,0,7,-5,6.11
fold2_room1_mix0654,41,4,0,8,-5,5.84
fold2_room1_mix0654,42,4,0,6,-5,5.45
fold2_room1_mix0654,43,4,0,7,-6,5.51
fold2_room1_mix0654,44,4,0,8,-6,5.29
fold2_room1_mix0654,45,4,0,9,-6,4.90
fold2_room1_mix0654,46,4,0,9,-6,4.72
fold2_room1_mix0654,47,4,0,10,-6,4.73
fold2_room1_mix0654,48,4,0,10,-7,4.17
fold2_room1_mix0654,49,4,0,12,-7,4.01
fold2_room1_mix0654,50,4,0,13,-7,3.70
fold2_room1_mix0654,51,4,0,13,-7,3.60
fold2_room1_mix0654,52,4,0,16,-8,3.29
fold2_room1_mix0654,53,4,0,17,-7,3.22
fold2_room1_mix0654,54,4,0,18,-8,2.75
fold2_room1_mix0654,55,4,0,22,-9,2.54
fold2_room1_mix0654,56,4,0,23,-9,2.33
fold2_room1_mix0654,57,4,0,25,-10,2.03
fold2_room1_mix0654,58,4,0,28,-12,1.80
fold2_room1_mix0654,59,4,0,32,-13,1.53
fold2_room1_mix0654,60,4,0,38,-14,1.24
fold2_room1_mix0654,61,4,0,44,-16,1.10
fold2_room1_mix0654,62,4,0,60,-20,1.07
fold2_room1_mix0654,63,4,0,76,-22,1.08
fold2_room1_mix0654,64,4,0,96,-23,1.11
fold2_room1_mix0654,65,4,0,113,-21,1.29
fold2_room1_mix0654,66,4,0,125,-17,1.37
fold2_room1_mix0654,67,4,0,137,-15,1.47
fold2_room1_mix0654,68,4,0,143,-13,1.76
fold2_room1_mix0654,69,4,0,147,-12,1.89
fold2_room1_mix0654,70,4,0,151,-10,1.98
fold2_room1_mix0654,71,4,0,155,-10,2.33
fold2_room1_mix0654,72,4,0,158,-9,2.39
fold2_room1_mix0654,73,4,0,160,-8,2.69
fold2_room1_mix0654,74,4,0,162,-7,2.85
fold2_room1_mix0654,75,4,0,164,-7,3.10
fold2_room1_mix0654,76,4,0,165,-6,3.22
fold2_room1_mix0654,77,4,0,166,-6,3.76
fold2_room1_mix0654,78,4,0,167,-6,4.01
fold2_room1_mix0654,79,4,0,167,-5,4.42
fold2_room1_mix0654,80,4,0,168,-5,4.52
fold2_room1_mix0654,81,4,0,169,-5,4.78
fold2_room1_mix0654,82,4,0,169,-4,4.94
fold2_room1_mix0654,83,4,0,170,-5,5.01
fold2_room1_mix0654,84,4,0,170,-4,5.57
fold2_room1_mix0654,85,4,0,171,-4,5.74
fold2_room1_mix0654,86,4,0,171,-4,5.76
fold2_room1_mix0654,87,4,0,171,-4,6.04
fold2_room1_mix0654,88,4,0,172,-4,6.26
fold2_room1_mix0654,89,4,0,172,-3,6.59
fold2_room1_mix0654,90,4,0,172,-3,7.09
fold2_room1_mix0654,91,4,0,173,-3,7.22
fold2_room1_mix0654,92,4,0,173,-3,7.48
fold2_room1_mix0654,93,4,0,174,-3,7.79
fold2_room1_mix0654,94,4,0,173,-3,7.72
fold2_room1_mix0654,95,4,0,174,-3,8.41
fold2_room1_mix0654,96,4,0,174,-2,8.52
fold2_room1_mix0654,97,4,0,174,-3,9.25
fold2_room1_mix0654,98,4,0,175,-2,9.37
fold2_room1_mix0654,99,4,0,176,-2,8.56
fold2_room1_mix0654,1,4,0,-1,0,1.55
fold2_room1_mix0655,36,0,0,-89,-4,7.37
fold2_room1_mix0655,37,0,0,-86,-4,8.70
fold2_room1_mix0655,38,0,0,-87,-4,7.35
fold2_room1_mix0655,39,0,0,-90,-5,8.89
fold2_room1_mix0655,40,0,0,-92,-5,9.85
fold2_room1_mix0655,41,0,0,-91,-4,12.29
fold2_room1_mix0655,42,0,0,-97,-5,10.33
fold2_room1_mix0655,43,0,0,-105,-5,10.88
fold2_room1_mix0655,44,0,0,-116,-4,12.34
fold2_room1_mix0655,45,0,0,-126,-4,11.33
fold2_room1_mix0655,46,0,0,-125,-4,10.99
fold2_room1_mix0655,46,1,0,143,-2,20.89
fold2_room1_mix0655,47,0,0,-126,-4,10.71
fold2_room1_mix0655,47,1,0,145,-2,22.02
fold2_room1_mix0655,48,0,0,-132,-3,12.41
fold2_room1_mix0655,48,1,0,141,-2,20.45
fold2_room1_mix0655,49,0,0,-133,-3,11.53
fold2_room1_mix0655,49,1,0,143,-3,18.98
fold2_room1_mix0655,50,0,0,-138,-2,10.99
fold2_room1_mix0655,50,1,0,127,-3,15.26
fold2_room1_mix0655,51,0,0,-148,-2,13.42
fold2_room1_mix0655,51,1,0,123,-3,13.99
fold2_room1_mix0655,52,0,0,-140,-2,8.30
fold2_room1_mix0655,52,1,0,115,-2,14.94
fold2_room1_mix0655,53,0,0,-142,-2,7.93
fold2_room1_mix0655,53,1,0,108,-3,12.69
fold2_room1_mix0655,54,0,0,-144,-2,8.41
fold2_room1_mix0655,54,1,0,116,-3,10.83
fold2_room1_mix0655,55,0,0,-133,-2,9.06
fold2_room1_mix0655,55,1,0,87,-3,12.43
fold2_room1_mix0655,56,0,0,-141,-2,13.17
fold2_room1_mix0655,56,1,0,73,-3,15.18
fold2_room1_mix0655,57,0,0,-142,-2,14.91
fold2_room1_mix0655,57,1,0,62,-3,14.03
fold2_room1_mix0655,58,0,0,-141,-2,14.46
fold2_room1_mix0655,58,1,0,58,-3,13.37
fold2_room1_mix0655,59,0,0,-147,-2,19.39
fold2_room1_mix0655,60,0,0,-150,-1,6.90
fold2_room1_mix0655,60,1,0,46,-2,15.12
fold2_room1_mix0655,61,0,0,-158,0,10.30
fold2_room1_mix0655,61,1,0,43,-2,20.05
fold2_room1_mix0655,62,0,0,-151,-1,12.92
fold2_room1_mix0655,62,1,0,40,-2,20.18
fold2_room1_mix0655,63,1,0,35,-2,17.97
fold2_room1_mix0655,65,1,0,34,-2,18.06
fold2_room1_mix0655,65,4,0,88,0,1.47
fold2_room1_mix0655,66,1,0,30,-2,18.14
fold2_room1_mix0655,67,1,0,27,-2,16.73
fold2_room1_mix0655,67,4,0,86,0,0.97
fold2_room1_mix0655,68,1,0,28,-2,20.88
fold2_room1_mix0655,70,4,0,69,-1,6.42
fold2_room1_mix0655,71,1,0,25,-2,19.85
fold2_room1_mix0655,72,1,0,22,-2,18.47
fold2_room1_mix0655,72,4,0,81,-1,4.43
fold2_room1_mix0655,73,1,0,21,-2,16.95
fold2_room1_mix0655,73,4,0,79,0,2.20
fold2_room1_mix0655,74,4,0,83,0,1.71
fold2_room1_mix0655,75,4,0,89,-3,5.55
fold2_room1_mix0655,76,1,0,18,-2,14.43
fold2_room1_mix0655,76,4,0,85,-2,4.12
fold2_room1_mix0655,77,1,0,18,-2,19.84
fold2_room1_mix0655,77,4,0,84,2,1.46
fold2_room1_mix0655,78,1,0,18,-1,21.62
fold2_room1_mix0655,78,4,0,80,0,1.71
fold2_room1_mix0655,80,4,0,89,-2,5.96
fold2_room1_mix0655,81,1,0,20,-1,18.50
fold2_room1_mix0655,81,4,0,88,-1,3.04
fold2_room1_mix0655,82,1,0,9,-2,18.33
fold2_room1_mix0655,82,4,0,80,-1,3.58
fold2_room1_mix0655,83,1,0,16,-1,18.41
fold2_room1_mix0655,84,1,0,20,-1,12.66
fold2_room1_mix0655,85,4,0,95,-3,3.93
fold2_room1_mix0655,86,1,0,29,-2,12.12
fold2_room1_mix0655,86,4,0,90,-1,1.75
fold2_room1_mix0655,87,1,0,17,-2,20.00
fold2_room1_mix0655,87,4,0,86,-2,4.59
fold2_room1_mix0655,88,1,0,22,-1,14.24
fold2_room1_mix0655,88,4,0,93,-3,7.91
fold2_room1_mix0655,89,1,0,22,-2,22.12
fold2_room1_mix0655,89,4,0,86,0,1.29
fold2_room1_mix0655,90,4,0,101,-3,2.84
fold2_room1_mix0655,91,1,0,24,-1,7.86
fold2_room1_mix0655,91,4,0,104,-2,6.28
fold2_room1_mix0655,92,1,0,20,-2,14.64
fold2_room1_mix0655,92,4,0,98,-1,2.46
fold2_room1_mix0655,93,1,0,20,-1,16.51
fold2_room1_mix0655,93,4,0,99,-1,4.31
fold2_room1_mix0655,94,1,0,21,-1,15.69
fold2_room1_mix0655,94,4,0,102,-2,4.07
fold2_room1_mix0655,95,4,0,117,-4,5.09
fold2_room1_mix0655,96,4,0,121,-2,9.25
fold2_room1_mix0655,97,1,0,15,0,4.75
fold2_room1_mix0655,97,4,0,118,-2,6.92
fold2_room1_mix0655,98,4,0,117,0,1.94
fold2_room1_mix0655,99,4,0,128,-3,2.27
fold2_room1_mix0655,35,0,0,-87,-4,2.00
fold2_room1_mix0656,2,4,0,179,1,0.77
fold2_room1_mix0656,2,4,0,0,1,0.75
fold2_room1_mix0656,3,4,0,-177,1,2.77
fold2_room1_mix0656,3,4,0,1,1,2.70
fold2_room1_mix0656,4,4,0,-174,0,15.77
fold2_room1_mix0656,4,4,0,1,0,16.08
fold2_room1_mix0656,5,4,0,-174,0,17.70
fold2_room1_mix0656,5,4,0,1,0,16.94
fold2_room1_mix0656,6,4,0,-174,0,24.34
fold2_room1_mix0656,6,4,0,2,0,22.58
fold2_room1_mix0656,7,4,0,-175,0,29.35
fold2_room1_mix0656,7,4,0,3,0,27.40
fold2_room1_mix0656,8,4,0,-174,0,39.02
fold2_room1_mix0656,8,4,0,3,-1,36.06
fold2_room1_mix0656,9,4,0,-175,0,41.88
fold2_room1_mix0656,9,4,0,2,-1,36.83
fold2_room1_mix0656,10,4,0,-174,-1,38.71
fold2_room1_mix0656,10,4,0,2,-1,34.94
fold2_room1_mix0656,11,4,0,-175,0,41.87
fold2_room1_mix0656,11,4,0,2,-1,36.69
fold2_room1_mix0656,12,4,0,-174,0,43.63
fold2_room1_mix0656,12,4,0,3,-1,35.11
fold2_room1_mix0656,13,4,0,-173,0,41.11
fold2_room1_mix0656,13,4,0,2,-1,34.48
fold2_room1_mix0656,14,4,0,-173,0,44.10
fold2_room1_mix0656,14,4,0,2,-1,36.64
fold2_room1_mix0656,15,4,0,-174,0,41.44
fold2_room1_mix0656,15,4,0,4,-1,33.75
fold2_room1_mix0656,16,4,0,-172,0,37.23
fold2_room1_mix0656,16,4,0,3,-1,31.94
fold2_room1_mix0656,17,4,0,-171,0,36.59
fold2_room1_mix0656,17,4,0,3,-2,31.04
fold2_room1_mix0656,18,4,0,-172,0,39.71
fold2_room1_mix0656,18,4,0,4,-2,30.43
fold2_room1_mix0656,19,4,0,-172,0,37.18
fold2_room1_mix0656,19,4,0,3,-2,29.85
fold2_room1_mix0656,20,4,0,-171,0,35.26
fold2_room1_mix0656,20,4,0,4,-1,29.86
fold2_room1_mix0656,21,4,0,-170,0,35.78
fold2_room1_mix0656,21,4,0,5,-2,28.02
fold2_room1_mix0656,22,4,0,-170,-1,35.47
fold2_room1_mix0656,22,4,0,4,-2,29.33
fold2_room1_mix0656,23,4,0,-169,-1,32.73
fold2_room1_mix0656,23,4,0,4,-2,25.65
fold2_room1_mix0656,24,4,0,-169,-1,31.58
fold2_room1_mix0656,24,4,0,1,-2,26.08
fold2_room1_mix0656,25,4,0,-170,-1,34.46
fold2_room1_mix0656,25,4,0,3,-2,26.35
fold2_room1_mix0656,26,4,0,-170,-1,34.04
fold2_room1_mix0656,26,4,0,5,-2,25.63
fold2_room1_mix0656,27,4,0,-170,-1,34.06
fold2_room1_mix0656,27,4,0,4,-2,26.37
fold2_room1_mix0656,28,4,0,-170,-1,32.51
fold2_room1_mix0656,28,4,0,4,-3,24.66
fold2_room1_mix0656,29,4,0,-170,0,35.58
fold2_room1_mix0656,29,4,0,5,-2,24.59
fold2_room1_mix0656,30,4,0,-172,0,36.51
fold2_room1_mix0656,30,4,0,2,-3,24.57
fold2_room1_mix0656,31,4,0,-174,0,36.01
fold2_room1_mix0656,31,4,0,-153,-6,19.77
fold2_room1_mix0656,31,4,0,3,-2,26.15
fold2_room1_mix0656,32,4,0,-175,0,36.39
fold2_room1_mix0656,32,4,0,3,-2,26.81
fold2_room1_mix0656,33,4,0,-171,0,32.95
fold2_room1_mix0656,33,4,0,3,-2,22.57
fold2_room1_mix0656,34,4,0,-176,0,34.34
fold2_room1_mix0656,34,4,0,-158,-4,22.29
fold2_room1_mix0656,34,4,0,2,-2,24.29
fold2_room1_mix0656,35,4,0,-172,-1,32.72
fold2_room1_mix0656,35,4,0,0,-3,22.67
fold2_room1_mix0656,36,4,0,-170,-1,32.52
fold2_room1_mix0656,36,4,0,2,-3,22.17
fold2_room1_mix0656,37,4,0,-171,0,28.60
fold2_room1_mix0656,37,4,0,2,-2,20.23
fold2_room1_mix0656,38,4,0,-169,0,28.31
fold2_room1_mix0656,38,4,0,2,-2,20.45
fold2_room1_mix0656,39,4,0,-169,-1,27.20
fold2_room1_mix0656,39,4,0,2,-1,21.60
fold2_room1_mix0656,40,4,0,-165,-1,24.50
fold2_room1_mix0656,40,4,0,2,-2,17.79
fold2_room1_mix0656,41,4,0,-164,-1,24.65
fold2_room1_mix0656,41,4,0,3,-2,16.95
fold2_room1_mix0656,42,4,0,-163,-1,24.86
fold2_room1_mix0656,42,4,0,2,-3,15.92
fold2_room1_mix0656,43,4,0,-159,-1,22.70
fold2_room1_mix0656,43,4,0,6,-2,15.80
fold2_room1_mix0656,44,4,0,-158,-1,23.23
fold2_room1_mix0656,44,4,0,7,-3,14.06
fold2_room1_mix0656,45,4,0,-160,-1,23.62
fold2_room1_mix0656,45,4,0,3,-3,13.42
fold2_room1_mix0656,46,4,0,-159,-1,23.83
fold2_room1_mix0656,46,4,0,4,-3,13.97
fold2_room1_mix0656,47,4,0,-160,-1,22.74
fold2_room1_mix0656,47,4,0,0,-4,13.14
fold2_room1_mix0656,48,4,0,-157,-1,22.88
fold2_room1_mix0656,48,4,0,1,-4,11.89
fold2_room1_mix0656,49,4,0,-166,-1,22.14
fold2_room1_mix0656,49,4,0,-45,-5,11.30
fold2_room1_mix0656,49,4,0,7,-3,11.73
fold2_room1_mix0656,50,4,0,-170,-1,21.21
fold2_room1_mix0656,50,4,0,-66,-6,9.67
fold2_room1_mix0656,50,4,0,12,-3,10.56
fold2_room1_mix0656,51,4,0,-173,-1,22.48
fold2_room1_mix0656,51,4,0,-80,-6,9.63
fold2_room1_mix0656,51,4,0,11,-4,10.13
fold2_room1_mix0656,52,4,0,-170,-1,21.01
fold2_room1_mix0656,52,4,0,-54,-5,9.40
fold2_room1_mix0656,52,4,0,13,-3,10.04
fold2_room1_mix0656,53,4,0,-164,-1,20.74
fold2_room1_mix0656,53,4,0,-52,-6,8.50
fold2_room1_mix0656,53,4,0,10,-4,9.66
fold2_room1_mix0656,54,4,0,-166,0,22.33
fold2_room1_mix0656,54,4,0,-53,-6,8.14
fold2_room1_mix0656,54,4,0,12,-4,9.51
fold2_room1_mix0656,55,4,0,-158,0,19.36
fold2_room1_mix0656,55,4,0,-40,-6,8.63
fold2_room1_mix0656,55,4,0,11,-4,8.97
fold2_room1_mix0656,56,4,0,-157,0,18.23
fold2_room1_mix0656,56,4,0,-54,-7,7.38
fold2_room1_mix0656,56,4,0,8,-5,7.52
fold2_room1_mix0656,57,4,0,-148,-1,17.19
fold2_room1_mix0656,57,4,0,-27,-6,7.63
fold2_room1_mix0656,57,4,0,2,-5,7.93
fold2_room1_mix0656,58,4,0,-144,-1,14.77
fold2_room1_mix0656,58,4,0,-30,-7,7.36
fold2_room1_mix0656,58,4,0,5,-6,6.46
fold2_room1_mix0656,59,4,0,-153,0,17.06
fold2_room1_mix0656,59,4,0,-62,-8,5.91
fold2_room1_mix0656,59,4,0,2,-7,5.27
fold2_room1_mix0656,60,4,0,-150,-1,15.48
fold2_room1_mix0656,60,4,0,-59,-9,4.84
fold2_room1_mix0656,60,4,0,0,-8,4.99
fold2_room1_mix0656,61,4,0,-148,-1,15.86
fold2_room1_mix0656,61,4,0,-77,-8,4.87
fold2_room1_mix0656,61,4,0,-4,-10,3.36
fold2_room1_mix0656,62,4,0,-158,-1,15.03
fold2_room1_mix0656,62,4,0,-78,-11,3.50
fold2_room1_mix0656,62,4,0,-7,-11,3.31
fold2_room1_mix0656,63,4,0,-140,-2,10.95
fold2_room1_mix0656,63,4,0,-80,-10,3.60
fold2_room1_mix0656,63,4,0,15,-12,3.33
fold2_room1_mix0656,64,4,0,-141,-3,11.61
fold2_room1_mix0656,64,4,0,-98,-10,3.78
fold2_room1_mix0656,64,4,0,13,-13,3.08
fold2_room1_mix0656,65,4,0,-146,-4,10.90
fold2_room1_mix0656,65,4,0,-110,-11,3.40
fold2_room1_mix0656,65,4,0,33,-12,3.77
fold2_room1_mix0656,66,4,0,-137,-7,7.09
fold2_room1_mix0656,66,4,0,-103,-10,4.46
fold2_room1_mix0656,66,4,0,36,-13,3.12
fold2_room1_mix0656,67,4,0,-139,-7,7.05
fold2_room1_mix0656,67,4,0,-105,-9,5.13
fold2_room1_mix0656,67,4,0,43,-12,3.06
fold2_room1_mix0656,68,4,0,-134,-5,7.81
fold2_room1_mix0656,68,4,0,59,-10,3.71
fold2_room1_mix0656,69,4,0,-138,-8,6.35
fold2_room1_mix0656,69,4,0,-97,-10,5.88
fold2_room1_mix0656,69,4,0,58,-11,3.14
fold2_room1_mix0656,70,4,0,-148,-6,7.64
fold2_room1_mix0656,70,4,0,-93,-9,4.30
fold2_room1_mix0656,70,4,0,65,-10,3.77
fold2_room1_mix0656,71,4,0,-136,-5,7.59
fold2_room1_mix0656,71,4,0,-90,-8,4.86
fold2_room1_mix0656,71,4,0,74,-9,4.58
fold2_room1_mix0656,72,4,0,-139,-7,7.70
fold2_room1_mix0656,72,4,0,-86,-7,4.39
fold2_room1_mix0656,72,4,0,93,-10,4.14
fold2_room1_mix0656,73,4,0,167,-8,7.93
fold2_room1_mix0656,73,4,0,-83,-7,4.67
fold2_room1_mix0656,73,4,0,86,-13,4.25
fold2_room1_mix0656,74,4,0,124,-5,7.20
fold2_room1_mix0656,74,4,0,-79,-10,5.07
fold2_room1_mix0656,75,4,0,117,-6,7.27
fold2_room1_mix0656,75,4,0,-82,-9,5.49
fold2_room1_mix0656,76,4,0,127,-4,7.80
fold2_room1_mix0656,76,4,0,-78,-8,5.96
fold2_room1_mix0656,77,4,0,127,-5,7.58
fold2_room1_mix0656,77,4,0,-93,-9,6.06
fold2_room1_mix0656,77,4,0,-53,-9,6.40
fold2_room1_mix0656,78,4,0,136,-6,8.08
fold2_room1_mix0656,78,4,0,-61,-5,8.91
fold2_room1_mix0656,79,4,0,133,-5,7.64
fold2_room1_mix0656,79,4,0,-51,-3,9.80
fold2_room1_mix0656,80,4,0,143,-5,8.67
fold2_room1_mix0656,80,4,0,-45,-3,10.63
fold2_room1_mix0656,81,4,0,148,-5,9.65
fold2_room1_mix0656,81,4,0,-45,-3,11.57
fold2_room1_mix0656,82,4,0,153,-4,11.42
fold2_room1_mix0656,82,4,0,-43,-3,11.12
fold2_room1_mix0656,83,4,0,151,-4,11.46
fold2_room1_mix0656,83,4,0,-39,-3,11.49
fold2_room1_mix0656,84,4,0,151,-3,11.62
fold2_room1_mix0656,84,4,0,-35,-3,12.77
fold2_room1_mix0656,85,4,0,152,-6,10.12
fold2_room1_mix0656,85,4,0,-40,-2,13.11
fold2_room1_mix0656,86,4,0,152,-4,11.60
fold2_room1_mix0656,86,4,0,-34,-2,13.77
fold2_room1_mix0656,87,4,0,164,-4,11.81
fold2_room1_mix0656,87,4,0,143,-5,9.74
fold2_room1_mix0656,87,4,0,-31,-1,16.99
fold2_room1_mix0656,88,4,0,170,-3,11.88
fold2_room1_mix0656,88,4,0,145,-5,9.80
fold2_room1_mix0656,88,4,0,-30,-1,17.45
fold2_room1_mix0656,89,4,0,166,-4,12.25
fold2_room1_mix0656,89,4,0,151,-5,10.38
fold2_room1_mix0656,89,4,0,-29,-1,18.58
fold2_room1_mix0656,90,4,0,157,-5,11.44
fold2_room1_mix0656,90,4,0,-29,-1,19.84
fold2_room1_mix0656,91,4,0,159,-4,12.31
fold2_room1_mix0656,91,4,0,-26,-1,21.48
fold2_room1_mix0656,92,4,0,160,-4,11.98
fold2_room1_mix0656,92,4,0,-27,-2,20.51
fold2_room1_mix0656,93,4,0,162,-3,12.98
fold2_room1_mix0656,93,4,0,-26,-1,20.41
fold2_room1_mix0656,94,4,0,162,-4,13.74
fold2_room1_mix0656,94,4,0,-27,-2,21.46
fold2_room1_mix0656,95,4,0,164,-4,13.86
fold2_room1_mix0656,95,4,0,-27,-2,20.99
fold2_room1_mix0656,96,4,0,163,-3,14.69
fold2_room1_mix0656,96,4,0,-23,-2,22.00
fold2_room1_mix0656,97,4,0,167,-4,15.98
fold2_room1_mix0656,97,4,0,-22,-2,25.09
fold2_room1_mix0656,98,4,0,164,-3,16.29
fold2_room1_mix0656,98,4,0,-22,-2,24.48
fold2_room1_mix0656,99,4,0,166,-3,16.39
fold2_room1_mix0656,99,4,0,-173,-8,13.33
fold2_room1_mix0656,99,4,0,-19,-1,25.77
fold2_room1_mix0657,2,4,0,24,0,3.70
fold2_room1_mix0657,3,4,0,29,-1,9.99
fold2_room1_mix0657,4,4,0,37,-1,10.02
fold2_room1_mix0657,5,4,0,38,-1,11.22
fold2_room1_mix0657,6,4,0,39,-2,12.85
fold2_room1_mix0657,7,4,0,42,-2,16.88
fold2_room1_mix0657,8,4,0,40,-2,16.43
fold2_room1_mix0657,9,4,0,38,-2,17.51
fold2_room1_mix0657,10,4,0,44,-2,16.22
fold2_room1_mix0657,11,4,0,47,-2,15.31
fold2_room1_mix0657,12,4,0,43,-2,14.99
fold2_room1_mix0657,13,4,0,46,-2,16.25
fold2_room1_mix0657,14,4,0,46,-2,15.60
fold2_room1_mix0657,15,4,0,47,-2,16.12
fold2_room1_mix0657,16,4,0,52,-2,14.89
fold2_room1_mix0657,17,4,0,53,-2,14.86
fold2_room1_mix0657,18,4,0,48,-2,14.90
fold2_room1_mix0657,19,4,0,53,-2,15.16
fold2_room1_mix0657,20,4,0,54,-2,15.18
fold2_room1_mix0657,21,4,0,52,-2,14.89
fold2_room1_mix0657,22,4,0,48,-2,15.81
fold2_room1_mix0657,23,4,0,53,-2,15.10
fold2_room1_mix0657,24,4,0,55,-2,14.73
fold2_room1_mix0657,25,4,0,52,-2,15.60
fold2_room1_mix0657,26,4,0,54,-2,15.28
fold2_room1_mix0657,27,4,0,54,-2,14.38
fold2_room1_mix0657,28,4,0,55,-2,14.71
fold2_room1_mix0657,29,4,0,58,-2,14.56
fold2_room1_mix0657,30,4,0,57,-2,13.86
fold2_room1_mix0657,31,4,0,57,-2,14.17
fold2_room1_mix0657,32,4,0,58,-2,13.91
fold2_room1_mix0657,33,4,0,57,-2,14.22
fold2_room1_mix0657,34,4,0,58,-2,14.14
fold2_room1_mix0657,35,4,0,57,-2,14.22
fold2_room1_mix0657,36,4,0,60,-2,13.96
fold2_room1_mix0657,37,4,0,61,-2,13.47
fold2_room1_mix0657,38,4,0,63,-3,13.78
fold2_room1_mix0657,39,4,0,63,-2,14.11
fold2_room1_mix0657,40,4,0,65,-3,13.72
fold2_room1_mix0657,41,4,0,64,-2,14.57
fold2_room1_mix0657,42,4,0,66,-2,14.25
fold2_room1_mix0657,43,4,0,68,-2,13.72
fold2_room1_mix0657,44,4,0,67,-2,13.58
fold2_room1_mix0657,45,4,0,69,-2,14.21
fold2_room1_mix0657,46,4,0,69,-2,13.71
fold2_room1_mix0657,47,4,0,68,-2,14.14
fold2_room1_mix0657,48,4,0,68,-2,13.31
fold2_room1_mix0657,49,4,0,72,-2,13.52
fold2_room1_mix0657,50,4,0,71,-2,13.14
fold2_room1_mix0657,51,4,0,73,-2,13.01
fold2_room1_mix0657,52,4,0,73,-2,13.57
fold2_room1_mix0657,53,4,0,71,-2,13.45
fold2_room1_mix0657,54,4,0,73,-2,13.34
fold2_room1_mix0657,55,4,0,73,-2,13.27
fold2_room1_mix0657,56,4,0,76,-2,12.94
fold2_room1_mix0657,57,4,0,76,-2,13.72
fold2_room1_mix0657,58,4,0,76,-2,13.47
fold2_room1_mix0657,59,4,0,77,-2,12.87
fold2_room1_mix0657,60,4,0,78,-2,13.10
fold2_room1_mix0657,61,4,0,78,-2,13.28
fold2_room1_mix0657,62,4,0,78,-2,12.86
fold2_room1_mix0657,63,4,0,79,-3,12.75
fold2_room1_mix0657,64,4,0,81,-2,12.85
fold2_room1_mix0657,65,4,0,80,-2,13.16
fold2_room1_mix0657,66,4,0,78,-2,12.98
fold2_room1_mix0657,67,4,0,80,-2,12.97
fold2_room1_mix0657,68,4,0,80,-2,12.64
fold2_room1_mix0657,69,4,0,83,-3,12.54
fold2_room1_mix0657,70,4,0,83,-2,12.73
fold2_room1_mix0657,71,4,0,85,-2,12.70
fold2_room1_mix0657,72,4,0,85,-2,12.40
fold2_room1_mix0657,73,4,0,87,-2,12.79
fold2_room1_mix0657,74,4,0,85,-2,12.69
fold2_room1_mix0657,75,4,0,88,-2,11.99
fold2_room1_mix0657,76,4,0,87,-3,11.91
fold2_room1_mix0657,77,4,0,88,-2,12.72
fold2_room1_mix0657,78,4,0,90,-2,12.06
fold2_room1_mix0657,79,4,0,91,-2,12.66
fold2_room1_mix0657,80,4,0,93,-2,12.58
fold2_room1_mix0657,81,4,0,92,-2,12.45
fold2_room1_mix0657,82,4,0,95,-2,12.74
fold2_room1_mix0657,83,4,0,95,-2,12.68
fold2_room1_mix0657,84,4,0,97,-2,12.83
fold2_room1_mix0657,85,4,0,97,-2,12.95
fold2_room1_mix0657,86,4,0,98,-2,12.82
fold2_room1_mix0657,87,4,0,100,-2,13.20
fold2_room1_mix0657,88,4,0,102,-3,12.45
fold2_room1_mix0657,89,4,0,104,-2,13.32
fold2_room1_mix0657,90,4,0,105,-2,13.46
fold2_room1_mix0657,91,4,0,105,-2,13.10
fold2_room1_mix0657,92,4,0,108,-2,13.35
fold2_room1_mix0657,93,4,0,107,-2,13.83
fold2_room1_mix0657,94,4,0,108,-2,13.12
fold2_room1_mix0657,95,4,0,109,-3,13.15
fold2_room1_mix0657,96,4,0,110,-2,13.59
fold2_room1_mix0657,97,4,0,112,-2,13.98
fold2_room1_mix0657,98,4,0,114,-3,13.61
fold2_room1_mix0657,99,4,0,116,-3,13.26
fold2_room1_mix0658,27,4,0,172,0,5.65
fold2_room1_mix0658,30,4,0,171,-1,10.19
fold2_room1_mix0658,31,4,0,170,-1,14.44
fold2_room1_mix0658,32,4,0,166,-1,12.68
fold2_room1_mix0658,33,4,0,169,-1,12.68
fold2_room1_mix0658,34,4,0,168,-1,16.33
fold2_room1_mix0658,35,4,0,168,-1,16.36
fold2_room1_mix0658,36,4,0,171,-1,15.52
fold2_room1_mix0658,37,4,0,171,-1,15.04
fold2_room1_mix0658,38,4,0,171,-1,15.21
fold2_room1_mix0658,39,4,0,168,-2,15.05
fold2_room1_mix0658,40,3,0,38,-3,6.19
fold2_room1_mix0658,40,4,0,172,-2,16.15
fold2_room1_mix0658,41,3,0,36,-4,6.64
fold2_room1_mix0658,41,4,0,172,-2,15.13
fold2_room1_mix0658,42,3,0,41,-3,7.46
fold2_room1_mix0658,42,4,0,174,-2,14.21
fold2_room1_mix0658,43,3,0,45,-3,7.70
fold2_room1_mix0658,43,4,0,172,-3,13.86
fold2_room1_mix0658,44,3,0,42,-4,7.63
fold2_room1_mix0658,44,4,0,173,-3,12.64
fold2_room1_mix0658,45,3,0,43,-4,6.88
fold2_room1_mix0658,45,4,0,175,-3,13.24
fold2_room1_mix0658,46,3,0,49,-4,7.09
fold2_room1_mix0658,46,4,0,174,-3,13.21
fold2_room1_mix0658,47,3,0,44,-4,6.83
fold2_room1_mix0658,47,4,0,172,-2,13.15
fold2_room1_mix0658,48,4,0,172,-2,12.47
fold2_room1_mix0658,49,4,0,173,-2,11.22
fold2_room1_mix0658,50,4,0,170,-2,11.22
fold2_room1_mix0658,51,4,0,169,-2,10.48
fold2_room1_mix0658,52,4,0,168,-3,9.92
fold2_room1_mix0658,53,3,0,113,-5,7.40
fold2_room1_mix0658,53,4,0,169,-3,11.40
fold2_room1_mix0658,54,3,0,120,-5,7.54
fold2_room1_mix0658,54,4,0,171,-4,10.30
fold2_room1_mix0658,55,3,0,123,-5,7.29
fold2_room1_mix0658,55,4,0,171,-4,9.58
fold2_room1_mix0658,56,3,0,130,-6,6.05
fold2_room1_mix0658,56,4,0,169,-4,8.92
fold2_room1_mix0658,57,3,0,137,-5,7.79
fold2_room1_mix0658,57,4,0,170,-4,8.97
fold2_room1_mix0658,58,3,0,141,-5,7.71
fold2_room1_mix0658,58,4,0,168,-4,8.13
fold2_room1_mix0658,59,3,0,145,-5,8.23
fold2_room1_mix0658,59,4,0,166,-4,7.47
fold2_room1_mix0658,60,3,0,148,-5,6.76
fold2_room1_mix0658,60,4,0,167,-5,6.92
fold2_room1_mix0658,61,4,0,158,-5,5.48
fold2_room1_mix0658,62,4,0,154,-5,4.79
fold2_room1_mix0658,63,4,0,148,-6,4.54
fold2_room1_mix0658,64,4,0,142,-7,3.68
fold2_room1_mix0658,65,4,0,132,-8,3.01
fold2_room1_mix0658,66,3,0,164,-4,7.39
fold2_room1_mix0658,66,4,0,127,-7,3.29
fold2_room1_mix0658,67,3,0,151,-4,10.16
fold2_room1_mix0658,67,4,0,116,-8,2.98
fold2_room1_mix0658,68,3,0,141,-4,10.41
fold2_room1_mix0658,68,4,0,110,-7,3.86
fold2_room1_mix0658,69,4,0,85,-6,3.55
fold2_room1_mix0658,70,3,0,159,-4,8.92
fold2_room1_mix0658,70,4,0,83,-9,3.12
fold2_room1_mix0658,71,2,0,144,-3,7.25
fold2_room1_mix0658,71,3,0,152,-4,9.47
fold2_room1_mix0658,71,4,0,66,-8,3.49
fold2_room1_mix0658,72,2,0,156,-3,7.04
fold2_room1_mix0658,72,3,0,154,-4,9.60
fold2_room1_mix0658,72,4,0,56,-5,4.03
fold2_room1_mix0658,73,2,0,148,-3,6.74
fold2_room1_mix0658,73,3,0,157,-4,10.70
fold2_room1_mix0658,73,4,0,38,-5,3.71
fold2_room1_mix0658,74,3,0,160,-3,7.71
fold2_room1_mix0658,74,4,0,35,-3,5.17
fold2_room1_mix0658,75,4,0,32,-4,4.80
fold2_room1_mix0658,76,4,0,25,-3,4.91
fold2_room1_mix0658,77,4,0,23,-3,5.21
fold2_room1_mix0658,78,4,0,22,-3,6.19
fold2_room1_mix0658,79,4,0,22,-3,7.08
fold2_room1_mix0658,80,3,0,162,-4,9.18
fold2_room1_mix0658,80,4,0,18,-3,7.41
fold2_room1_mix0658,81,3,0,163,-4,13.48
fold2_room1_mix0658,81,4,0,17,-2,7.75
fold2_room1_mix0658,82,3,0,160,-4,13.72
fold2_room1_mix0658,82,4,0,15,-1,9.41
fold2_room1_mix0658,83,3,0,159,-4,13.96
fold2_room1_mix0658,83,4,0,15,-1,9.81
fold2_room1_mix0658,84,3,0,164,-4,14.80
fold2_room1_mix0658,84,4,0,14,-1,10.29
fold2_room1_mix0658,85,3,0,163,-4,15.38
fold2_room1_mix0658,85,4,0,13,-1,10.67
fold2_room1_mix0658,86,3,0,161,-3,15.17
fold2_room1_mix0658,86,4,0,11,-1,10.19
fold2_room1_mix0658,87,3,0,163,-3,10.74
fold2_room1_mix0658,87,4,0,11,-1,11.77
fold2_room1_mix0658,88,4,0,11,-1,11.92
fold2_room1_mix0658,89,4,0,11,-1,11.49
fold2_room1_mix0658,90,4,0,11,-1,11.92
fold2_room1_mix0658,91,4,0,12,-1,12.95
fold2_room1_mix0658,92,4,0,13,-1,12.79
fold2_room1_mix0658,93,4,0,11,-1,13.30
fold2_room1_mix0658,94,4,0,11,-1,14.18
fold2_room1_mix0658,95,4,0,8,-1,14.92
fold2_room1_mix0658,96,4,0,8,-1,14.19
fold2_room1_mix0658,97,4,0,9,-1,14.81
fold2_room1_mix0658,98,4,0,8,-1,15.69
fold2_room1_mix0658,99,4,0,7,-1,10.62
fold2_room1_mix0659,18,4,0,0,0,19.49
fold2_room1_mix0659,21,4,0,0,1,13.19
fold2_room1_mix0659,22,4,0,4,0,25.66
fold2_room1_mix0659,23,4,0,1,0,18.34
fold2_room1_mix0659,24,4,0,1,1,13.87
fold2_room1_mix0659,25,4,0,0,0,20.28
fold2_room1_mix0659,26,4,0,0,0,35.36
fold2_room1_mix0659,27,4,0,0,0,11.61
fold2_room1_mix0659,28,4,0,1,0,13.25
fold2_room1_mix0659,29,4,0,1,0,27.94
fold2_room1_mix0659,30,4,0,0,0,32.99
fold2_room1_mix0659,31,4,0,1,0,33.26
fold2_room1_mix0659,32,4,0,0,0,33.28
fold2_room1_mix0659,33,4,0,0,0,29.60
fold2_room1_mix0659,34,4,0,0,0,35.18
fold2_room1_mix0659,35,4,0,0,0,32.96
fold2_room1_mix0659,36,4,0,3,0,33.02
fold2_room1_mix0659,37,4,0,4,0,32.93
fold2_room1_mix0659,38,4,0,1,0,33.52
fold2_room1_mix0659,39,4,0,6,0,29.99
fold2_room1_mix0659,40,4,0,4,0,31.95
fold2_room1_mix0659,41,4,0,3,0,31.31
fold2_room1_mix0659,42,4,0,3,0,28.95
fold2_room1_mix0659,43,4,0,3,0,27.61
fold2_room1_mix0659,44,4,0,4,0,29.08
fold2_room1_mix0659,45,4,0,3,0,27.49
fold2_room1_mix0659,46,4,0,3,0,26.80
fold2_room1_mix0659,47,4,0,4,0,25.87
fold2_room1_mix0659,48,4,0,3,0,24.65
fold2_room1_mix0659,49,4,0,3,-1,22.85
fold2_room1_mix0659,50,4,0,2,-1,22.50
fold2_room1_mix0659,51,4,0,3,-1,21.70
fold2_room1_mix0659,52,4,0,3,-1,22.41
fold2_room1_mix0659,53,4,0,4,-1,21.00
fold2_room1_mix0659,54,4,0,4,-1,20.82
fold2_room1_mix0659,55,4,0,4,-1,18.67
fold2_room1_mix0659,56,4,0,4,-1,18.55
fold2_room1_mix0659,57,4,0,4,-1,18.30
fold2_room1_mix0659,58,4,0,4,-1,17.03
fold2_room1_mix0659,59,4,0,4,-1,16.21
fold2_room1_mix0659,60,4,0,4,-1,15.72
fold2_room1_mix0659,61,4,0,3,-2,13.99
fold2_room1_mix0659,62,4,0,3,-2,12.84
fold2_room1_mix0659,63,4,0,3,-2,12.69
fold2_room1_mix0659,64,4,0,2,-2,11.53
fold2_room1_mix0659,65,4,0,2,-3,10.45
fold2_room1_mix0659,66,4,0,2,-3,9.78
fold2_room1_mix0659,67,4,0,2,-3,8.78
fold2_room1_mix0659,68,4,0,3,-4,7.99
fold2_room1_mix0659,69,4,0,2,-4,7.24
fold2_room1_mix0659,70,4,0,2,-5,6.17
fold2_room1_mix0659,71,4,0,3,-5,5.46
fold2_room1_mix0659,72,4,0,3,-7,4.46
fold2_room1_mix0659,73,4,0,2,-9,3.67
fold2_room1_mix0659,74,4,0,4,-12,2.89
fold2_room1_mix0659,75,4,0,9,-20,1.86
fold2_room1_mix0659,76,4,0,30,-41,0.90
fold2_room1_mix0659,77,4,0,152,-41,1.01
fold2_room1_mix0659,78,4,0,165,-25,1.21
fold2_room1_mix0659,79,4,0,174,-14,2.07
fold2_room1_mix0659,80,4,0,176,-11,3.05
fold2_room1_mix0659,81,4,0,175,-9,3.54
fold2_room1_mix0659,82,4,0,-179,-7,4.24
fold2_room1_mix0659,83,4,0,179,-5,5.30
fold2_room1_mix0659,84,4,0,179,-4,5.86
fold2_room1_mix0659,85,4,0,179,-4,6.62
fold2_room1_mix0659,86,4,0,-179,-3,7.59
fold2_room1_mix0659,87,4,0,178,-3,8.84
fold2_room1_mix0659,88,4,0,179,-2,9.68
fold2_room1_mix0659,89,4,0,178,-2,10.86
fold2_room1_mix0659,90,4,0,178,-2,11.73
fold2_room1_mix0659,91,4,0,178,-1,12.34
fold2_room1_mix0659,92,4,0,178,-1,13.24
fold2_room1_mix0659,93,4,0,178,-1,13.77
fold2_room1_mix0659,94,4,0,178,-1,14.20
fold2_room1_mix0659,95,4,0,178,-1,16.13
fold2_room1_mix0659,96,4,0,178,0,17.15
fold2_room1_mix0659,97,4,0,178,0,17.38
fold2_room1_mix0659,98,4,0,178,0,18.24
fold2_room1_mix0659,99,4,0,177,0,19.53
fold2_room1_mix0660,20,4,0,179,2,0.63
fold2_room1_mix0660,22,3,0,24,-2,8.90
fold2_room1_mix0660,22,4,0,179,1,4.19
fold2_room1_mix0660,23,3,0,31,-2,9.56
fold2_room1_mix0660,23,4,0,-178,1,4.06
fold2_room1_mix0660,24,3,0,32,-1,10.35
fold2_room1_mix0660,24,4,0,-177,1,9.53
fold2_room1_mix0660,24,4,0,-4,2,8.87
fold2_room1_mix0660,25,3,0,35,-2,11.75
fold2_room1_mix0660,25,4,0,-178,0,16.82
fold2_room1_mix0660,25,4,0,0,1,16.55
fold2_room1_mix0660,26,3,0,26,-2,10.16
fold2_room1_mix0660,26,4,0,-172,0,12.88
fold2_room1_mix0660,27,3,0,33,-2,10.64
fold2_room1_mix0660,27,4,0,-173,0,15.88
fold2_room1_mix0660,28,3,0,31,-1,11.10
fold2_room1_mix0660,28,4,0,-174,0,16.72
fold2_room1_mix0660,29,3,0,31,-2,8.31
fold2_room1_mix0660,29,4,0,-176,0,23.05
fold2_room1_mix0660,29,4,0,2,1,25.03
fold2_room1_mix0660,30,3,0,29,-1,9.39
fold2_room1_mix0660,30,4,0,-175,0,18.00
fold2_room1_mix0660,30,4,0,5,1,20.45
fold2_room1_mix0660,31,3,0,33,-1,9.74
fold2_room1_mix0660,31,4,0,-176,0,18.61
fold2_room1_mix0660,31,4,0,5,2,20.43
fold2_room1_mix0660,32,3,0,40,-2,8.72
fold2_room1_mix0660,32,4,0,-176,0,22.80
fold2_room1_mix0660,32,4,0,1,2,23.91
fold2_room1_mix0660,33,4,0,-175,0,20.86
fold2_room1_mix0660,33,4,0,0,0,22.95
fold2_room1_mix0660,34,4,0,-175,1,14.85
fold2_room1_mix0660,34,4,0,3,1,14.99
fold2_room1_mix0660,35,4,0,-174,0,14.41
fold2_room1_mix0660,35,4,0,1,1,15.97
fold2_room1_mix0660,36,4,0,-174,0,13.88
fold2_room1_mix0660,36,4,0,0,0,14.25
fold2_room1_mix0660,37,4,0,-176,0,24.67
fold2_room1_mix0660,37,4,0,2,1,23.76
fold2_room1_mix0660,38,4,0,-176,0,16.83
fold2_room1_mix0660,38,4,0,2,0,15.99
fold2_room1_mix0660,39,3,0,48,-3,5.16
fold2_room1_mix0660,39,4,0,-176,0,21.53
fold2_room1_mix0660,39,4,0,5,0,19.68
fold2_room1_mix0660,40,3,0,66,-3,10.52
fold2_room1_mix0660,40,4,0,-175,0,33.83
fold2_room1_mix0660,40,4,0,1,0,28.81
fold2_room1_mix0660,41,3,0,73,-3,10.79
fold2_room1_mix0660,41,4,0,-172,1,30.58
fold2_room1_mix0660,41,4,0,0,0,24.30
fold2_room1_mix0660,42,3,0,70,-4,10.55
fold2_room1_mix0660,42,4,0,-169,0,30.46
fold2_room1_mix0660,42,4,0,2,0,27.40
fold2_room1_mix0660,43,3,0,74,-4,10.98
fold2_room1_mix0660,43,4,0,-170,0,34.27
fold2_room1_mix0660,43,4,0,-16,-2,22.80
fold2_room1_mix0660,43,4,0,0,0,31.43
fold2_room1_mix0660,44,3,0,73,-4,9.77
fold2_room1_mix0660,44,4,0,-171,0,33.38
fold2_room1_mix0660,44,4,0,1,0,31.63
fold2_room1_mix0660,45,3,0,81,-5,8.58
fold2_room1_mix0660,45,4,0,-171,0,36.16
fold2_room1_mix0660,45,4,0,-3,-2,26.09
fold2_room1_mix0660,46,3,0,90,-4,9.29
fold2_room1_mix0660,46,4,0,-171,0,34.68
fold2_room1_mix0660,46,4,0,-16,-2,22.08
fold2_room1_mix0660,46,4,0,1,0,30.65
fold2_room1_mix0660,47,3,0,90,-5,9.51
fold2_room1_mix0660,47,4,0,-171,0,35.38
fold2_room1_mix0660,47,4,0,-1,-1,27.64
fold2_room1_mix0660,48,3,0,95,-5,8.66
fold2_room1_mix0660,48,4,0,-3,-2,26.15
fold2_room1_mix0660,49,3,0,97,-5,8.96
fold2_room1_mix0660,49,4,0,0,-2,24.82
fold2_room1_mix0660,50,3,0,97,-5,6.52
fold2_room1_mix0660,50,4,0,0,-1,24.89
fold2_room1_mix0660,51,3,0,100,-5,6.32
fold2_room1_mix0660,51,4,0,2,-2,22.15
fold2_room1_mix0660,52,3,0,103,-6,5.56
fold2_room1_mix0660,52,4,0,-172,-1,29.58
fold2_room1_mix0660,52,4,0,2,-2,21.76
fold2_room1_mix0660,53,3,0,96,-7,4.14
fold2_room1_mix0660,53,4,0,-172,-1,26.86
fold2_room1_mix0660,53,4,0,4,-1,20.06
fold2_room1_mix0660,54,3,0,81,-5,4.42
fold2_room1_mix0660,54,4,0,-170,-2,24.59
fold2_room1_mix0660,54,4,0,4,-2,17.16
fold2_room1_mix0660,55,4,0,-172,-2,24.54
fold2_room1_mix0660,55,4,0,8,-3,16.84
fold2_room1_mix0660,56,4,0,-169,-1,23.70
fold2_room1_mix0660,56,4,0,13,-3,13.87
fold2_room1_mix0660,57,4,0,-168,-2,22.45
fold2_room1_mix0660,57,4,0,12,-4,12.83
fold2_room1_mix0660,58,4,0,-167,-1,22.03
fold2_room1_mix0660,58,4,0,10,-4,11.77
fold2_room1_mix0660,59,3,0,100,-4,7.23
fold2_room1_mix0660,59,4,0,-168,-2,22.07
fold2_room1_mix0660,59,4,0,8,-5,11.40
fold2_room1_mix0660,60,3,0,106,-5,9.27
fold2_room1_mix0660,60,4,0,-164,-2,21.43
fold2_room1_mix0660,60,4,0,8,-5,11.93
fold2_room1_mix0660,61,3,0,122,-5,9.15
fold2_room1_mix0660,61,4,0,-163,-2,19.71
fold2_room1_mix0660,61,4,0,6,-5,10.74
fold2_room1_mix0660,62,3,0,121,-5,8.79
fold2_room1_mix0660,62,4,0,-164,-2,17.41
fold2_room1_mix0660,62,4,0,4,-5,8.71
fold2_room1_mix0660,63,3,0,120,-5,6.49
fold2_room1_mix0660,63,4,0,-163,-1,18.05
fold2_room1_mix0660,63,4,0,5,-6,7.65
fold2_room1_mix0660,64,4,0,-162,-1,16.79
fold2_room1_mix0660,64,4,0,11,-7,5.34
fold2_room1_mix0660,65,4,0,-165,0,18.66
fold2_room1_mix0660,65,4,0,18,-8,4.51
fold2_room1_mix0660,66,4,0,-168,0,20.40
fold2_room1_mix0660,66,4,0,23,-9,4.35
fold2_room1_mix0660,67,4,0,-169,-1,19.83
fold2_room1_mix0660,67,4,0,36,-14,3.11
fold2_room1_mix0660,68,4,0,-164,0,20.83
fold2_room1_mix0660,68,4,0,70,-16,1.83
fold2_room1_mix0660,68,4,0,46,-12,3.51
fold2_room1_mix0660,69,4,0,-172,0,20.23
fold2_room1_mix0660,69,4,0,112,-16,2.69
fold2_room1_mix0660,70,4,0,-178,-1,14.30
fold2_room1_mix0660,70,4,0,178,-6,9.97
fold2_room1_mix0660,71,4,0,-178,-4,9.42
fold2_room1_mix0660,71,4,0,-174,-5,8.30
fold2_room1_mix0660,72,4,0,179,-5,8.32
fold2_room1_mix0660,72,4,0,159,-8,3.55
fold2_room1_mix0660,72,4,0,-135,-2,10.81
fold2_room1_mix0660,73,4,0,-179,-5,8.59
fold2_room1_mix0660,73,4,0,164,-6,4.61
fold2_room1_mix0660,73,4,0,-140,-1,12.36
fold2_room1_mix0660,74,4,0,174,-5,7.01
fold2_room1_mix0660,74,4,0,-124,-1,13.44
fold2_room1_mix0660,75,4,0,174,-4,7.12
fold2_room1_mix0660,75,4,0,-110,-2,13.21
fold2_room1_mix0660,76,4,0,174,-3,7.99
fold2_room1_mix0660,76,4,0,-118,-2,14.16
fold2_room1_mix0660,77,4,0,174,-3,9.15
fold2_room1_mix0660,77,4,0,-106,-2,14.03
fold2_room1_mix0660,78,4,0,174,-2,10.22
fold2_room1_mix0660,78,4,0,-113,-2,13.68
fold2_room1_mix0660,79,4,0,175,-3,9.84
fold2_room1_mix0660,79,4,0,-107,-2,13.60
fold2_room1_mix0660,80,4,0,174,-1,11.13
fold2_room1_mix0660,80,4,0,-103,-3,11.68
fold2_room1_mix0660,81,4,0,175,-1,12.34
fold2_room1_mix0660,81,4,0,-103,-3,11.51
fold2_room1_mix0660,82,4,0,172,-1,14.44
fold2_room1_mix0660,82,4,0,-106,-5,9.87
fold2_room1_mix0660,83,4,0,172,-1,14.32
fold2_room1_mix0660,83,4,0,-103,-5,9.73
fold2_room1_mix0660,84,4,0,172,0,16.39
fold2_room1_mix0660,84,4,0,-103,-7,7.85
fold2_room1_mix0660,85,4,0,172,0,17.60
fold2_room1_mix0660,85,4,0,-95,-7,8.47
fold2_room1_mix0660,86,4,0,170,0,17.90
fold2_room1_mix0660,86,4,0,-89,-7,7.77
fold2_room1_mix0660,87,4,0,168,0,17.05
fold2_room1_mix0660,87,4,0,-86,-5,9.12
fold2_room1_mix0660,88,4,0,170,0,19.22
fold2_room1_mix0660,88,4,0,-85,-6,7.98
fold2_room1_mix0660,89,4,0,-176,-1,17.83
fold2_room1_mix0660,89,4,0,-78,-6,8.84
fold2_room1_mix0660,90,4,0,-179,0,20.54
fold2_room1_mix0660,90,4,0,-77,-6,8.74
fold2_room1_mix0660,91,4,0,-178,0,23.93
fold2_room1_mix0660,91,4,0,-72,-6,10.02
fold2_room1_mix0660,92,4,0,-176,0,22.73
fold2_room1_mix0660,92,4,0,-64,-5,10.04
fold2_room1_mix0660,93,4,0,-175,0,21.88
fold2_room1_mix0660,93,4,0,-60,-4,10.67
fold2_room1_mix0660,94,4,0,-178,0,24.42
fold2_room1_mix0660,94,4,0,-57,-4,10.65
fold2_room1_mix0660,95,4,0,-174,0,26.76
fold2_room1_mix0660,95,4,0,-54,-4,11.30
fold2_room1_mix0660,96,4,0,-168,0,22.09
fold2_room1_mix0660,96,4,0,-50,-3,12.19
fold2_room1_mix0660,97,4,0,-167,0,24.37
fold2_room1_mix0660,97,4,0,-50,-3,12.65
fold2_room1_mix0660,98,4,0,-169,0,28.62
fold2_room1_mix0660,98,4,0,-48,-3,13.32
fold2_room1_mix0660,99,4,0,-165,0,23.86
fold2_room1_mix0660,99,4,0,-42,-2,13.68
fold2_room1_mix0662,0,5,0,149,5,2.52
fold2_room1_mix0662,1,5,0,159,4,2.99
fold2_room1_mix0662,2,5,0,147,11,2.49
fold2_room1_mix0662,3,5,0,142,9,3.31
fold2_room1_mix0662,5,5,0,140,8,5.12
fold2_room1_mix0662,6,5,0,148,7,6.54
fold2_room1_mix0662,7,5,0,140,7,5.37
fold2_room1_mix0662,8,5,0,140,8,5.17
fold2_room1_mix0662,9,5,0,138,6,6.57
fold2_room1_mix0662,10,5,0,139,10,4.64
fold2_room1_mix0662,11,5,0,135,12,4.16
fold2_room1_mix0662,12,5,0,134,15,3.76
fold2_room1_mix0662,13,5,0,132,15,3.77
fold2_room1_mix0662,14,5,0,131,12,4.32
fold2_room1_mix0662,15,5,0,133,14,3.81
fold2_room1_mix0662,16,5,0,131,15,3.59
fold2_room1_mix0662,17,5,0,130,12,4.24
fold2_room1_mix0662,18,5,0,128,13,3.95
fold2_room1_mix0662,19,5,0,130,12,4.02
fold2_room1_mix0662,20,5,0,128,15,3.63
fold2_room1_mix0662,21,5,0,122,17,3.27
fold2_room1_mix0662,22,5,0,127,17,3.52
fold2_room1_mix0662,23,5,0,122,14,3.86
fold2_room1_mix0662,24,5,0,121,15,3.59
fold2_room1_mix0662,25,5,0,114,17,3.41
fold2_room1_mix0662,26,5,0,115,17,3.39
fold2_room1_mix0662,27,5,0,115,13,3.85
fold2_room1_mix0662,28,5,0,111,15,3.56
fold2_room1_mix0662,29,5,0,107,18,3.30
fold2_room1_mix0662,30,5,0,102,18,3.35
fold2_room1_mix0662,31,5,0,100,17,3.46
fold2_room1_mix0662,32,5,0,93,20,3.05
fold2_room1_mix0662,33,5,0,92,19,3.17
fold2_room1_mix0662,34,5,0,89,22,2.93
fold2_room1_mix0662,35,5,0,86,22,2.85
fold2_room1_mix0662,36,5,0,86,21,2.85
fold2_room1_mix0662,37,5,0,81,20,2.95
fold2_room1_mix0662,38,5,0,77,22,2.76
fold2_room1_mix0662,39,5,0,80,22,2.78
fold2_room1_mix0662,40,5,0,72,22,2.77
fold2_room1_mix0662,41,5,0,72,20,2.78
fold2_room1_mix0662,42,5,0,68,20,2.79
fold2_room1_mix0662,43,5,0,64,19,2.98
fold2_room1_mix0662,44,5,0,61,19,2.83
fold2_room1_mix0662,45,5,0,62,18,3.11
fold2_room1_mix0662,46,5,0,62,18,2.92
fold2_room1_mix0662,47,5,0,61,16,3.10
fold2_room1_mix0662,48,5,0,58,17,3.11
fold2_room1_mix0662,49,5,0,59,16,3.18
fold2_room1_mix0662,50,5,0,57,17,3.05
fold2_room1_mix0662,51,5,0,54,15,3.33
fold2_room1_mix0662,52,5,0,52,18,3.11
fold2_room1_mix0662,53,5,0,55,18,3.10
fold2_room1_mix0662,54,5,0,50,17,3.22
fold2_room1_mix0662,55,5,0,49,16,3.23
fold2_room1_mix0662,56,5,0,47,15,3.45
fold2_room1_mix0662,57,5,0,45,14,3.53
fold2_room1_mix0662,58,5,0,44,14,3.64
fold2_room1_mix0662,59,5,0,45,13,3.75
fold2_room1_mix0662,60,5,0,43,12,4.08
fold2_room1_mix0662,61,5,0,41,13,3.71
fold2_room1_mix0662,62,5,0,39,12,4.08
fold2_room1_mix0662,63,5,0,40,12,4.12
fold2_room1_mix0662,64,5,0,39,13,3.90
fold2_room1_mix0662,65,5,0,36,10,4.73
fold2_room1_mix0662,66,5,0,37,12,4.05
fold2_room1_mix0662,67,5,0,37,12,4.24
fold2_room1_mix0662,68,5,0,38,11,4.38
fold2_room1_mix0662,69,5,0,36,10,4.52
fold2_room1_mix0662,70,5,0,34,11,4.33
fold2_room1_mix0662,71,5,0,37,13,4.11
fold2_room1_mix0662,72,5,0,35,11,4.32
fold2_room1_mix0662,73,5,0,33,11,4.37
fold2_room1_mix0662,74,5,0,32,10,4.59
fold2_room1_mix0662,75,5,0,34,10,4.72
fold2_room1_mix0662,76,5,0,31,11,4.44
fold2_room1_mix0662,77,5,0,31,11,4.51
fold2_room1_mix0662,78,5,0,32,9,4.99
fold2_room1_mix0662,79,5,0,26,8,5.36
fold2_room1_mix0662,80,5,0,29,10,4.72
fold2_room1_mix0662,81,5,0,29,8,5.44
fold2_room1_mix0662,82,5,0,27,9,5.25
fold2_room1_mix0662,83,5,0,28,9,5.30
fold2_room1_mix0662,84,5,0,23,7,6.13
fold2_room1_mix0662,85,5,0,25,8,5.53
fold2_room1_mix0662,86,5,0,24,8,5.60
fold2_room1_mix0662,87,5,0,22,8,5.90
fold2_room1_mix0662,88,5,0,23,7,6.43
fold2_room1_mix0662,89,5,0,22,7,6.33
fold2_room1_mix0662,90,5,0,22,7,6.40
fold2_room1_mix0662,91,5,0,24,7,6.99
fold2_room1_mix0662,92,5,0,23,7,6.75
fold2_room1_mix0662,93,5,0,23,7,6.13
fold2_room1_mix0662,94,5,0,23,6,6.90
fold2_room1_mix0662,95,5,0,20,6,6.91
fold2_room1_mix0662,96,5,0,23,7,6.22
fold2_room1_mix0662,97,5,0,21,5,7.53
fold2_room1_mix0662,98,5,0,18,6,7.48
fold2_room1_mix0662,99,5,0,21,8,6.13
fold2_room1_mix0664,17,1,0,-176,-2,16.49
fold2_room1_mix0664,18,1,0,-177,-2,40.42
fold2_room1_mix0664,19,1,0,-173,-2,40.28
fold2_room1_mix0664,20,1,0,-169,-2,37.43
fold2_room1_mix0664,21,1,0,-175,-1,3.90
fold2_room1_mix0664,22,1,0,-167,-2,30.41
fold2_room1_mix0664,23,1,0,-171,-2,33.38
fold2_room1_mix0664,24,1,0,-172,-2,45.11
fold2_room1_mix0664,25,1,0,-170,-2,39.06
fold2_room1_mix0664,27,1,0,-171,-2,30.01
fold2_room1_mix0664,28,1,0,-171,-2,33.83
fold2_room1_mix0664,29,1,0,-174,-2,37.83
fold2_room1_mix0664,30,1,0,-170,-2,32.80
fold2_room1_mix0664,32,1,0,-171,-2,6.48
fold2_room1_mix0664,33,1,0,-172,-1,22.39
fold2_room1_mix0664,34,1,0,-170,-2,37.91
fold2_room1_mix0664,35,1,0,-169,-2,31.78
fold2_room1_mix0664,36,1,0,-169,-1,7.53
fold2_room1_mix0664,38,1,0,-169,-2,34.46
fold2_room1_mix0664,39,1,0,-167,-2,29.21
fold2_room1_mix0664,40,1,0,-166,-1,22.39
fold2_room1_mix0664,41,1,0,-166,-2,30.39
fold2_room1_mix0664,43,1,0,-168,-2,21.17
fold2_room1_mix0664,44,1,0,-164,-2,29.55
fold2_room1_mix0664,45,1,0,-165,-2,24.02
fold2_room1_mix0664,46,1,0,-167,-1,3.30
fold2_room1_mix0664,68,4,0,149,1,4.16
fold2_room1_mix0664,69,4,0,144,0,10.73
fold2_room1_mix0664,70,4,0,140,0,17.07
fold2_room1_mix0664,71,4,0,137,-1,19.22
fold2_room1_mix0664,72,4,0,137,-1,19.44
fold2_room1_mix0664,73,4,0,135,-1,19.50
fold2_room1_mix0664,74,4,0,135,0,20.30
fold2_room1_mix0664,75,4,0,134,0,21.04
fold2_room1_mix0664,76,4,0,131,0,20.01
fold2_room1_mix0664,77,4,0,130,-1,19.32
fold2_room1_mix0664,78,4,0,128,0,19.10
fold2_room1_mix0664,79,4,0,127,-1,18.51
fold2_room1_mix0664,80,4,0,124,-1,17.12
fold2_room1_mix0664,81,4,0,121,-1,17.06
fold2_room1_mix0664,82,4,0,121,-1,16.79
fold2_room1_mix0664,83,4,0,118,-1,16.51
fold2_room1_mix0664,84,4,0,115,-1,15.83
fold2_room1_mix0664,85,4,0,111,-1,15.96
fold2_room1_mix0664,86,4,0,104,-2,15.00
fold2_room1_mix0664,87,4,0,97,-2,15.08
fold2_room1_mix0664,88,4,0,93,-2,14.48
fold2_room1_mix0664,89,4,0,91,-2,14.08
fold2_room1_mix0664,90,4,0,87,-2,14.13
fold2_room1_mix0664,91,4,0,84,-2,14.42
fold2_room1_mix0664,92,4,0,79,-2,14.33
fold2_room1_mix0664,93,4,0,78,-2,14.27
fold2_room1_mix0664,94,4,0,73,-2,15.21
fold2_room1_mix0664,95,4,0,70,-2,15.32
fold2_room1_mix0664,96,4,0,69,-2,15.93
fold2_room1_mix0664,97,4,0,64,-2,16.50
fold2_room1_mix0664,98,4,0,61,-2,16.55
fold2_room1_mix0664,99,4,0,61,-2,17.33
fold2_room1_mix0665,61,4,0,170,-2,4.19
fold2_room1_mix0665,62,4,0,169,-1,10.08
fold2_room1_mix0665,63,4,0,168,-1,11.20
fold2_room1_mix0665,64,4,0,168,-2,13.07
fold2_room1_mix0665,65,4,0,168,-2,13.60
fold2_room1_mix0665,66,4,0,167,-1,14.38
fold2_room1_mix0665,67,4,0,163,-2,12.77
fold2_room1_mix0665,68,4,0,162,-2,11.90
fold2_room1_mix0665,69,4,0,161,-3,11.41
fold2_room1_mix0665,70,4,0,162,-4,9.86
fold2_room1_mix0665,71,4,0,157,-3,9.41
fold2_room1_mix0665,72,4,0,156,-4,8.98
fold2_room1_mix0665,73,4,0,154,-4,8.27
fold2_room1_mix0665,74,4,0,151,-5,7.27
fold2_room1_mix0665,75,4,0,146,-5,6.39
fold2_room1_mix0665,76,4,0,142,-6,5.53
fold2_room1_mix0665,77,4,0,137,-7,4.82
fold2_room1_mix0665,78,4,0,131,-9,3.97
fold2_room1_mix0665,79,4,0,121,-11,3.71
fold2_room1_mix0665,80,4,0,106,-13,3.19
fold2_room1_mix0665,81,4,0,92,-13,3.39
fold2_room1_mix0665,82,4,0,76,-12,3.45
fold2_room1_mix0665,83,4,0,60,-10,3.39
fold2_room1_mix0665,84,4,0,49,-9,3.97
fold2_room1_mix0665,85,4,0,40,-7,4.48
fold2_room1_mix0665,86,4,0,34,-6,5.11
fold2_room1_mix0665,87,4,0,31,-6,5.83
fold2_room1_mix0665,88,4,0,27,-5,6.35
fold2_room1_mix0665,89,4,0,25,-5,7.60
fold2_room1_mix0665,90,4,0,23,-4,7.96
fold2_room1_mix0665,91,4,0,21,-4,8.85
fold2_room1_mix0665,92,4,0,21,-3,10.16
fold2_room1_mix0665,93,4,0,19,-3,11.07
fold2_room1_mix0665,94,4,0,19,-3,11.65
fold2_room1_mix0665,95,4,0,19,-3,12.46
fold2_room1_mix0665,96,4,0,15,-3,13.14
fold2_room1_mix0665,97,4,0,15,-3,13.54
fold2_room1_mix0665,98,4,0,15,-2,14.63
fold2_room1_mix0665,99,4,0,15,-2,11.32
fold2_room1_mix0666,3,4,0,-177,0,1.80
fold2_room1_mix0666,4,4,0,-177,0,4.11
fold2_room1_mix0666,5,4,0,-178,0,16.51
fold2_room1_mix0666,6,4,0,-178,0,16.60
fold2_room1_mix0666,7,4,0,-176,0,20.25
fold2_room1_mix0666,8,4,0,-177,0,33.92
fold2_room1_mix0666,9,4,0,-177,0,33.42
fold2_room1_mix0666,10,4,0,-176,0,34.77
fold2_room1_mix0666,11,4,0,-177,0,35.79
fold2_room1_mix0666,12,4,0,-176,0,35.95
fold2_room1_mix0666,13,4,0,-177,0,36.78
fold2_room1_mix0666,14,4,0,-176,0,36.62
fold2_room1_mix0666,15,4,0,-176,0,37.92
fold2_room1_mix0666,16,4,0,-174,0,38.33
fold2_room1_mix0666,17,4,0,-176,0,39.11
fold2_room1_mix0666,18,4,0,-176,0,39.61
fold2_room1_mix0666,19,4,0,-175,0,40.58
fold2_room1_mix0666,20,4,0,-175,0,40.73
fold2_room1_mix0666,21,4,0,-174,0,40.89
fold2_room1_mix0666,22,4,0,-174,0,39.99
fold2_room1_mix0666,23,4,0,-174,0,39.13
fold2_room1_mix0666,24,4,0,-173,0,39.77
fold2_room1_mix0666,25,4,0,-171,0,37.45
fold2_room1_mix0666,26,4,0,-171,0,36.90
fold2_room1_mix0666,27,4,0,-173,0,39.83
fold2_room1_mix0666,28,4,0,-172,0,40.02
fold2_room1_mix0666,29,0,0,-122,-3,2.75
fold2_room1_mix0666,29,4,0,-174,-1,38.55
fold2_room1_mix0666,30,0,0,-123,-4,4.85
fold2_room1_mix0666,30,4,0,-174,0,36.37
fold2_room1_mix0666,31,0,0,-122,-4,6.70
fold2_room1_mix0666,31,4,0,-176,-1,36.09
fold2_room1_mix0666,32,0,0,-123,-4,8.64
fold2_room1_mix0666,32,4,0,-177,-1,32.95
fold2_room1_mix0666,33,0,0,-114,-5,7.28
fold2_room1_mix0666,33,4,0,-176,-1,33.29
fold2_room1_mix0666,34,0,0,-114,-5,7.26
fold2_room1_mix0666,34,4,0,-176,-2,30.38
fold2_room1_mix0666,35,0,0,-115,-5,7.44
fold2_room1_mix0666,35,4,0,-177,-1,29.25
fold2_room1_mix0666,36,0,0,-110,-6,6.35
fold2_room1_mix0666,36,4,0,-176,-1,28.62
fold2_room1_mix0666,37,0,0,-107,-6,6.63
fold2_room1_mix0666,37,4,0,-176,-2,27.15
fold2_room1_mix0666,38,0,0,-100,-6,6.85
fold2_room1_mix0666,38,4,0,-176,-1,28.44
fold2_room1_mix0666,39,0,0,-93,-6,6.91
fold2_room1_mix0666,39,4,0,-174,-2,26.96
fold2_room1_mix0666,40,0,0,-89,-6,6.34
fold2_room1_mix0666,40,4,0,-175,-2,26.25
fold2_room1_mix0666,41,0,0,-82,-6,6.46
fold2_room1_mix0666,41,4,0,-175,-2,25.20
fold2_room1_mix0666,42,0,0,-78,-6,6.17
fold2_room1_mix0666,42,4,0,-175,-3,23.31
fold2_room1_mix0666,43,0,0,-70,-6,6.28
fold2_room1_mix0666,43,4,0,-173,-2,23.94
fold2_room1_mix0666,44,0,0,-72,-6,7.28
fold2_room1_mix0666,44,4,0,-171,-2,28.04
fold2_room1_mix0666,45,0,0,-67,-6,7.47
fold2_room1_mix0666,45,3,0,-115,-4,9.88
fold2_room1_mix0666,45,4,0,-174,-3,23.33
fold2_room1_mix0666,46,0,0,-64,-5,8.71
fold2_room1_mix0666,46,3,0,-100,-3,11.84
fold2_room1_mix0666,46,4,0,-176,-3,19.77
fold2_room1_mix0666,47,0,0,-59,-5,9.33
fold2_room1_mix0666,47,3,0,-93,-4,12.67
fold2_room1_mix0666,47,4,0,-175,-3,20.22
fold2_room1_mix0666,48,0,0,-54,-4,9.35
fold2_room1_mix0666,48,3,0,-100,-4,13.72
fold2_room1_mix0666,48,4,0,-172,-4,19.16
fold2_room1_mix0666,49,0,0,-54,-4,9.99
fold2_room1_mix0666,49,3,0,-86,-3,15.15
fold2_room1_mix0666,49,4,0,-172,-3,15.97
fold2_room1_mix0666,50,0,0,-51,-4,9.90
fold2_room1_mix0666,50,3,0,-85,-2,11.41
fold2_room1_mix0666,50,4,0,-170,-3,16.31
fold2_room1_mix0666,51,0,0,-49,-4,9.52
fold2_room1_mix0666,51,3,0,-71,-2,9.90
fold2_room1_mix0666,51,4,0,-166,-3,14.39
fold2_room1_mix0666,52,0,0,-47,-4,10.12
fold2_room1_mix0666,52,3,0,-87,-4,7.15
fold2_room1_mix0666,52,4,0,-159,-4,12.82
fold2_room1_mix0666,53,0,0,-48,-4,10.16
fold2_room1_mix0666,53,3,0,-90,-4,7.42
fold2_room1_mix0666,53,4,0,-153,-3,12.52
fold2_room1_mix0666,54,0,0,-47,-4,10.86
fold2_room1_mix0666,54,4,0,-145,-3,11.73
fold2_room1_mix0666,55,0,0,-44,-4,11.38
fold2_room1_mix0666,55,4,0,-140,-4,11.21
fold2_room1_mix0666,56,0,0,-43,-3,11.53
fold2_room1_mix0666,56,4,0,-134,-3,10.47
fold2_room1_mix0666,57,0,0,-44,-3,12.16
fold2_room1_mix0666,57,4,0,-131,-3,9.68
fold2_room1_mix0666,58,0,0,-38,-3,12.40
fold2_room1_mix0666,58,4,0,-124,-4,9.40
fold2_room1_mix0666,59,0,0,-38,-3,13.75
fold2_room1_mix0666,59,4,0,-116,-4,8.22
fold2_room1_mix0666,60,0,0,-46,-3,12.06
fold2_room1_mix0666,60,4,0,-104,-5,8.21
fold2_room1_mix0666,61,0,0,-47,-3,12.58
fold2_room1_mix0666,61,4,0,-92,-6,7.94
fold2_room1_mix0666,62,0,0,-46,-3,13.34
fold2_room1_mix0666,62,4,0,-83,-5,7.79
fold2_room1_mix0666,63,0,0,-47,-3,13.74
fold2_room1_mix0666,63,4,0,-74,-5,8.09
fold2_room1_mix0666,64,0,0,-39,-3,15.08
fold2_room1_mix0666,64,4,0,-68,-5,8.39
fold2_room1_mix0666,65,0,0,-34,-2,17.50
fold2_room1_mix0666,65,4,0,-62,-5,8.72
fold2_room1_mix0666,66,0,0,-34,-2,18.16
fold2_room1_mix0666,66,4,0,-60,-5,9.92
fold2_room1_mix0666,67,0,0,-31,-2,18.60
fold2_room1_mix0666,67,4,0,-51,-5,10.37
fold2_room1_mix0666,68,0,0,-26,-2,21.38
fold2_room1_mix0666,68,4,0,-46,-4,11.42
fold2_room1_mix0666,69,0,0,-27,-2,19.26
fold2_room1_mix0666,69,3,0,-98,-3,4.95
fold2_room1_mix0666,69,4,0,-46,-3,12.85
fold2_room1_mix0666,70,0,0,-26,-2,19.99
fold2_room1_mix0666,70,4,0,-44,-4,12.74
fold2_room1_mix0666,71,0,0,-27,-2,19.51
fold2_room1_mix0666,71,4,0,-42,-4,13.24
fold2_room1_mix0666,72,0,0,-25,-2,18.95
fold2_room1_mix0666,72,3,0,-70,-3,4.90
fold2_room1_mix0666,72,4,0,-39,-2,16.14
fold2_room1_mix0666,73,0,0,-25,-2,18.80
fold2_room1_mix0666,73,4,0,-34,-2,16.44
fold2_room1_mix0666,74,0,0,-24,-2,19.42
fold2_room1_mix0666,74,4,0,-32,-2,15.74
fold2_room1_mix0666,75,0,0,-23,-2,20.37
fold2_room1_mix0666,75,4,0,-30,-2,16.76
fold2_room1_mix0666,76,0,0,-22,-2,20.60
fold2_room1_mix0666,76,4,0,-28,-2,17.39
fold2_room1_mix0666,77,0,0,-19,-1,12.28
fold2_room1_mix0666,77,4,0,-28,-2,18.72
fold2_room1_mix0666,78,0,0,-19,-1,7.09
fold2_room1_mix0666,78,4,0,-26,-2,19.62
fold2_room1_mix0666,79,0,0,-17,-1,4.22
fold2_room1_mix0666,79,4,0,-27,-2,19.86
fold2_room1_mix0666,80,4,0,-24,-2,21.13
fold2_room1_mix0666,81,4,0,-22,-1,22.66
fold2_room1_mix0666,82,4,0,-23,-2,22.67
fold2_room1_mix0666,83,4,0,-21,-2,23.72
fold2_room1_mix0666,84,4,0,-19,-1,25.31
fold2_room1_mix0666,85,4,0,-19,-2,25.41
fold2_room1_mix0666,86,4,0,-18,-1,26.08
fold2_room1_mix0666,87,0,0,-12,-1,3.13
fold2_room1_mix0666,87,4,0,-17,-2,26.98
fold2_room1_mix0666,88,0,0,-11,-1,3.50
fold2_room1_mix0666,88,4,0,-16,-1,29.19
fold2_room1_mix0666,89,0,0,-12,-1,3.65
fold2_room1_mix0666,89,4,0,-15,-1,28.29
fold2_room1_mix0666,90,0,0,-11,-1,3.81
fold2_room1_mix0666,90,4,0,-15,-1,29.90
fold2_room1_mix0666,91,0,0,-12,-1,3.50
fold2_room1_mix0666,91,4,0,-14,-1,32.07
fold2_room1_mix0666,92,4,0,-13,-1,31.90
fold2_room1_mix0666,93,4,0,-12,-1,32.33
fold2_room1_mix0666,94,0,0,-10,-1,2.81
fold2_room1_mix0666,94,4,0,-12,-1,36.24
fold2_room1_mix0666,95,0,0,-10,-1,3.05
fold2_room1_mix0666,95,4,0,-11,-1,35.63
fold2_room1_mix0666,96,0,0,-10,-1,3.17
fold2_room1_mix0666,96,4,0,-11,-1,37.27
fold2_room1_mix0666,97,0,0,-10,-1,3.12
fold2_room1_mix0666,97,4,0,-10,-1,39.65
fold2_room1_mix0666,98,4,0,-11,-1,42.10
fold2_room1_mix0666,99,4,0,-10,-1,40.25
fold2_room1_mix0667,0,5,0,47,3,3.50
fold2_room1_mix0667,1,5,0,42,2,11.37
fold2_room1_mix0667,2,5,0,42,2,12.92
fold2_room1_mix0667,3,4,0,-179,0,4.02
fold2_room1_mix0667,3,5,0,51,2,10.25
fold2_room1_mix0667,4,4,0,177,0,13.42
fold2_room1_mix0667,4,5,0,47,2,15.24
fold2_room1_mix0667,5,4,0,174,0,20.76
fold2_room1_mix0667,5,5,0,51,3,13.53
fold2_room1_mix0667,6,4,0,179,0,18.98
fold2_room1_mix0667,6,5,0,46,3,16.48
fold2_room1_mix0667,7,4,0,176,0,19.25
fold2_room1_mix0667,7,5,0,46,2,16.71
fold2_room1_mix0667,8,4,0,175,0,33.20
fold2_room1_mix0667,8,5,0,50,2,15.36
fold2_room1_mix0667,9,4,0,175,0,32.50
fold2_room1_mix0667,9,5,0,48,2,16.59
fold2_room1_mix0667,10,4,0,175,0,33.49
fold2_room1_mix0667,10,5,0,47,2,13.67
fold2_room1_mix0667,11,4,0,176,0,32.13
fold2_room1_mix0667,11,5,0,47,2,15.02
fold2_room1_mix0667,12,4,0,175,-1,34.25
fold2_room1_mix0667,12,5,0,45,2,15.35
fold2_room1_mix0667,13,4,0,176,0,33.00
fold2_room1_mix0667,13,5,0,52,2,15.24
fold2_room1_mix0667,14,4,0,176,0,30.85
fold2_room1_mix0667,14,5,0,48,2,15.84
fold2_room1_mix0667,15,4,0,176,0,30.02
fold2_room1_mix0667,15,5,0,49,2,17.58
fold2_room1_mix0667,16,4,0,177,0,31.89
fold2_room1_mix0667,16,5,0,48,2,14.22
fold2_room1_mix0667,17,4,0,176,0,31.39
fold2_room1_mix0667,17,5,0,47,2,16.21
fold2_room1_mix0667,18,4,0,178,0,30.53
fold2_room1_mix0667,18,5,0,50,1,16.62
fold2_room1_mix0667,19,4,0,177,0,30.54
fold2_room1_mix0667,19,5,0,49,2,15.42
fold2_room1_mix0667,20,4,0,179,0,29.81
fold2_room1_mix0667,20,5,0,47,2,16.84
fold2_room1_mix0667,21,4,0,177,0,29.62
fold2_room1_mix0667,21,5,0,48,2,16.66
fold2_room1_mix0667,22,4,0,179,0,30.19
fold2_room1_mix0667,22,5,0,45,1,15.90
fold2_room1_mix0667,23,4,0,178,0,26.12
fold2_room1_mix0667,23,5,0,49,2,17.00
fold2_room1_mix0667,24,4,0,179,-1,27.40
fold2_room1_mix0667,24,5,0,45,2,14.82
fold2_room1_mix0667,25,4,0,177,-1,29.07
fold2_room1_mix0667,25,5,0,45,2,15.70
fold2_room1_mix0667,26,4,0,177,-1,28.07
fold2_room1_mix0667,26,5,0,47,2,16.27
fold2_room1_mix0667,27,4,0,177,-1,28.95
fold2_room1_mix0667,27,5,0,46,1,16.33
fold2_room1_mix0667,28,4,0,176,-1,29.39
fold2_room1_mix0667,28,5,0,44,2,15.50
fold2_room1_mix0667,29,4,0,175,-1,27.55
fold2_room1_mix0667,29,5,0,47,2,15.85
fold2_room1_mix0667,30,4,0,176,-1,29.46
fold2_room1_mix0667,30,5,0,44,2,15.09
fold2_room1_mix0667,31,4,0,176,-1,30.46
fold2_room1_mix0667,31,5,0,44,2,16.03
fold2_room1_mix0667,32,4,0,178,-1,29.81
fold2_room1_mix0667,32,5,0,47,2,15.38
fold2_room1_mix0667,33,4,0,178,-1,28.55
fold2_room1_mix0667,33,5,0,44,2,16.18
fold2_room1_mix0667,34,4,0,175,-1,27.28
fold2_room1_mix0667,34,5,0,44,2,17.65
fold2_room1_mix0667,35,4,0,178,-1,29.48
fold2_room1_mix0667,35,5,0,45,2,15.56
fold2_room1_mix0667,36,4,0,177,-1,27.92
fold2_room1_mix0667,36,5,0,40,2,16.58
fold2_room1_mix0667,37,4,0,178,-1,27.39
fold2_room1_mix0667,37,5,0,44,2,16.83
fold2_room1_mix0667,38,4,0,177,-1,27.44
fold2_room1_mix0667,38,5,0,40,2,15.71
fold2_room1_mix0667,39,4,0,178,-1,27.10
fold2_room1_mix0667,39,5,0,41,2,16.61
fold2_room1_mix0667,40,4,0,178,-1,25.29
fold2_room1_mix0667,40,5,0,44,2,16.83
fold2_room1_mix0667,41,4,0,177,-1,25.02
fold2_room1_mix0667,41,5,0,42,2,16.72
fold2_room1_mix0667,42,4,0,178,-1,23.28
fold2_room1_mix0667,42,5,0,46,2,16.65
fold2_room1_mix0667,43,4,0,174,-1,23.70
fold2_room1_mix0667,43,5,0,44,2,15.65
fold2_room1_mix0667,44,4,0,176,-1,22.78
fold2_room1_mix0667,44,5,0,44,2,16.06
fold2_room1_mix0667,45,4,0,177,-1,21.29
fold2_room1_mix0667,45,5,0,44,2,16.50
fold2_room1_mix0667,46,4,0,177,-1,21.18
fold2_room1_mix0667,46,5,0,46,2,16.73
fold2_room1_mix0667,47,4,0,176,-1,21.36
fold2_room1_mix0667,47,5,0,44,2,16.65
fold2_room1_mix0667,48,4,0,176,-1,20.98
fold2_room1_mix0667,48,5,0,43,2,15.36
fold2_room1_mix0667,49,4,0,177,-1,20.05
fold2_room1_mix0667,49,5,0,43,2,16.51
fold2_room1_mix0667,50,4,0,175,-1,19.70
fold2_room1_mix0667,50,5,0,43,2,17.36
fold2_room1_mix0667,51,4,0,174,-1,19.26
fold2_room1_mix0667,51,5,0,42,2,16.54
fold2_room1_mix0667,52,4,0,175,-1,18.18
fold2_room1_mix0667,52,5,0,41,2,16.70
fold2_room1_mix0667,53,4,0,175,-2,17.53
fold2_room1_mix0667,53,5,0,40,2,17.35
fold2_room1_mix0667,54,4,0,175,-2,17.00
fold2_room1_mix0667,54,5,0,39,1,16.76
fold2_room1_mix0667,55,4,0,173,-2,16.33
fold2_room1_mix0667,55,5,0,40,2,17.42
fold2_room1_mix0667,56,4,0,175,-2,16.31
fold2_room1_mix0667,56,5,0,38,2,16.19
fold2_room1_mix0667,57,4,0,173,-2,14.95
fold2_room1_mix0667,57,5,0,37,2,17.40
fold2_room1_mix0667,58,4,0,175,-2,13.92
fold2_room1_mix0667,58,5,0,38,2,17.75
fold2_room1_mix0667,59,4,0,173,-2,13.79
fold2_room1_mix0667,59,5,0,35,1,17.08
fold2_room1_mix0667,60,4,0,172,-3,13.12
fold2_room1_mix0667,60,5,0,36,1,17.19
fold2_room1_mix0667,61,4,0,172,-3,12.35
fold2_room1_mix0667,61,5,0,36,2,17.17
fold2_room1_mix0667,62,4,0,172,-3,12.23
fold2_room1_mix0667,62,5,0,34,1,17.28
fold2_room1_mix0667,63,4,0,170,-3,11.03
fold2_room1_mix0667,63,5,0,34,1,17.30
fold2_room1_mix0667,64,4,0,171,-3,10.73
fold2_room1_mix0667,64,5,0,35,1,17.25
fold2_room1_mix0667,65,4,0,171,-4,10.10
fold2_room1_mix0667,65,5,0,35,1,17.79
fold2_room1_mix0667,66,4,0,169,-4,9.36
fold2_room1_mix0667,66,5,0,39,2,17.71
fold2_room1_mix0667,67,4,0,168,-4,8.73
fold2_room1_mix0667,67,5,0,35,1,18.47
fold2_room1_mix0667,68,4,0,168,-4,8.18
fold2_room1_mix0667,68,5,0,35,1,17.83
fold2_room1_mix0667,69,4,0,166,-5,7.47
fold2_room1_mix0667,69,5,0,36,1,18.01
fold2_room1_mix0667,70,4,0,165,-5,7.25
fold2_room1_mix0667,70,5,0,34,1,18.76
fold2_room1_mix0667,71,4,0,162,-5,6.42
fold2_room1_mix0667,71,5,0,36,1,18.78
fold2_room1_mix0667,72,4,0,162,-6,5.67
fold2_room1_mix0667,72,5,0,39,2,17.37
fold2_room1_mix0667,73,4,0,160,-6,5.00
fold2_room1_mix0667,73,5,0,39,2,17.57
fold2_room1_mix0667,74,4,0,156,-8,4.17
fold2_room1_mix0667,74,5,0,39,1,18.36
fold2_room1_mix0667,75,4,0,151,-8,3.75
fold2_room1_mix0667,75,5,0,39,1,18.05
fold2_room1_mix0667,76,4,0,147,-11,3.18
fold2_room1_mix0667,76,5,0,39,2,18.25
fold2_room1_mix0667,77,4,0,138,-13,2.50
fold2_room1_mix0667,77,5,0,46,2,17.47
fold2_room1_mix0667,78,4,0,118,-15,2.24
fold2_room1_mix0667,78,5,0,44,1,17.86
fold2_room1_mix0667,79,4,0,97,-16,2.33
fold2_room1_mix0667,79,5,0,45,1,17.41
fold2_room1_mix0667,80,4,0,75,-15,2.18
fold2_room1_mix0667,80,5,0,46,2,16.75
fold2_room1_mix0667,81,4,0,57,-12,2.43
fold2_room1_mix0667,81,5,0,43,1,18.11
fold2_room1_mix0667,82,4,0,44,-10,2.79
fold2_room1_mix0667,82,5,0,43,1,18.33
fold2_room1_mix0667,83,4,0,32,-7,3.16
fold2_room1_mix0667,83,5,0,40,1,17.72
fold2_room1_mix0667,84,4,0,28,-7,3.50
fold2_room1_mix0667,84,5,0,37,1,17.80
fold2_room1_mix0667,85,4,0,24,-6,4.13
fold2_room1_mix0667,85,5,0,38,1,16.92
fold2_room1_mix0667,86,4,0,20,-5,4.47
fold2_room1_mix0667,86,5,0,36,1,17.48
fold2_room1_mix0667,87,4,0,17,-4,5.33
fold2_room1_mix0667,87,5,0,37,1,17.20
fold2_room1_mix0667,88,4,0,15,-4,5.84
fold2_room1_mix0667,88,5,0,36,1,16.77
fold2_room1_mix0667,89,4,0,14,-3,6.55
fold2_room1_mix0667,89,5,0,36,1,17.34
fold2_room1_mix0667,90,4,0,13,-3,7.06
fold2_room1_mix0667,90,5,0,35,1,17.89
fold2_room1_mix0667,91,4,0,12,-3,8.04
fold2_room1_mix0667,91,5,0,35,1,17.89
fold2_room1_mix0667,92,4,0,11,-3,8.32
fold2_room1_mix0667,92,5,0,34,1,17.04
fold2_room1_mix0667,93,4,0,11,-3,9.22
fold2_room1_mix0667,93,5,0,35,1,17.27
fold2_room1_mix0667,94,4,0,10,-2,9.77
fold2_room1_mix0667,94,5,0,32,1,18.39
fold2_room1_mix0667,95,4,0,9,-2,10.83
fold2_room1_mix0667,95,5,0,34,1,18.43
fold2_room1_mix0667,96,4,0,8,-2,11.42
fold2_room1_mix0667,96,5,0,32,1,17.96
fold2_room1_mix0667,97,4,0,8,-2,12.02
fold2_room1_mix0667,97,5,0,32,1,18.90
fold2_room1_mix0667,98,4,0,8,-2,13.36
fold2_room1_mix0667,98,5,0,30,1,19.66
fold2_room1_mix0667,99,4,0,7,-2,13.05
fold2_room1_mix0667,99,5,0,34,1,18.06
fold2_room1_mix0668,4,4,0,0,0,2.31
fold2_room1_mix0668,5,4,0,2,0,16.09
fold2_room1_mix0668,6,4,0,3,0,15.91
fold2_room1_mix0668,7,4,0,3,0,21.25
fold2_room1_mix0668,8,4,0,3,0,21.41
fold2_room1_mix0668,9,4,0,4,0,31.56
fold2_room1_mix0668,10,4,0,4,0,32.32
fold2_room1_mix0668,11,4,0,4,-1,35.71
fold2_room1_mix0668,12,4,0,4,0,33.32
fold2_room1_mix0668,13,4,0,4,0,36.31
fold2_room1_mix0668,14,4,0,5,0,32.61
fold2_room1_mix0668,15,4,0,4,0,37.56
fold2_room1_mix0668,16,4,0,3,0,32.56
fold2_room1_mix0668,17,4,0,3,0,37.58
fold2_room1_mix0668,18,4,0,4,0,40.83
fold2_room1_mix0668,19,4,0,5,0,38.75
fold2_room1_mix0668,20,4,0,4,0,41.14
fold2_room1_mix0668,21,4,0,4,0,40.98
fold2_room1_mix0668,22,4,0,4,0,42.26
fold2_room1_mix0668,23,4,0,4,0,41.58
fold2_room1_mix0668,24,4,0,4,0,43.50
fold2_room1_mix0668,25,4,0,4,0,44.55
fold2_room1_mix0668,26,4,0,5,0,46.92
fold2_room1_mix0668,27,4,0,4,0,47.30
fold2_room1_mix0668,28,4,0,5,0,49.22
fold2_room1_mix0668,29,4,0,5,0,48.94
fold2_room1_mix0668,30,4,0,4,0,49.76
fold2_room1_mix0668,31,4,0,5,0,49.45
fold2_room1_mix0668,32,4,0,5,0,48.21
fold2_room1_mix0668,33,4,0,6,0,50.46
fold2_room1_mix0668,34,4,0,6,0,53.08
fold2_room1_mix0668,35,4,0,5,0,49.41
fold2_room1_mix0668,36,4,0,6,0,50.52
fold2_room1_mix0668,37,4,0,6,0,53.01
fold2_room1_mix0668,38,4,0,6,0,49.84
fold2_room1_mix0668,39,4,0,6,0,48.84
fold2_room1_mix0668,40,4,0,7,0,48.55
fold2_room1_mix0668,41,4,0,6,0,46.92
fold2_room1_mix0668,42,4,0,7,0,48.69
fold2_room1_mix0668,43,4,0,6,0,46.68
fold2_room1_mix0668,44,4,0,7,0,44.92
fold2_room1_mix0668,45,4,0,8,0,43.24
fold2_room1_mix0668,46,4,0,8,0,42.51
fold2_room1_mix0668,47,4,0,7,0,39.92
fold2_room1_mix0668,48,4,0,7,0,36.69
fold2_room1_mix0668,49,4,0,7,0,35.39
fold2_room1_mix0668,50,4,0,6,0,35.98
fold2_room1_mix0668,51,4,0,6,0,34.79
fold2_room1_mix0668,52,4,0,6,0,33.36
fold2_room1_mix0668,53,4,0,6,0,32.82
fold2_room1_mix0668,54,4,0,5,0,32.12
fold2_room1_mix0668,55,4,0,5,0,30.54
fold2_room1_mix0668,56,4,0,5,-1,29.30
fold2_room1_mix0668,57,4,0,5,-1,27.91
fold2_room1_mix0668,58,4,0,6,-1,26.58
fold2_room1_mix0668,59,4,0,6,-1,25.61
fold2_room1_mix0668,60,4,0,6,-1,23.71
fold2_room1_mix0668,61,4,0,7,-1,22.92
fold2_room1_mix0668,62,4,0,7,-1,21.32
fold2_room1_mix0668,63,4,0,8,-1,19.87
fold2_room1_mix0668,64,4,0,8,-1,19.35
fold2_room1_mix0668,65,4,0,9,-2,17.46
fold2_room1_mix0668,66,4,0,9,-1,17.17
fold2_room1_mix0668,67,4,0,8,-1,16.70
fold2_room1_mix0668,68,4,0,10,-2,15.36
fold2_room1_mix0668,69,4,0,9,-2,14.85
fold2_room1_mix0668,70,4,0,11,-2,13.78
fold2_room1_mix0668,71,4,0,12,-3,12.40
fold2_room1_mix0668,72,4,0,13,-3,11.23
fold2_room1_mix0668,73,4,0,14,-3,10.21
fold2_room1_mix0668,74,4,0,16,-4,9.12
fold2_room1_mix0668,75,4,0,15,-4,8.40
fold2_room1_mix0668,76,4,0,18,-5,7.14
fold2_room1_mix0668,77,4,0,20,-6,6.06
fold2_room1_mix0668,78,4,0,23,-6,5.34
fold2_room1_mix0668,79,4,0,28,-8,4.24
fold2_room1_mix0668,80,4,0,31,-10,3.79
fold2_room1_mix0668,81,4,0,42,-12,2.98
fold2_room1_mix0668,82,4,0,55,-15,2.69
fold2_room1_mix0668,83,4,0,75,-19,2.43
fold2_room1_mix0668,84,4,0,105,-17,2.44
fold2_room1_mix0668,85,4,0,124,-14,2.86
fold2_room1_mix0668,86,4,0,137,-11,3.38
fold2_room1_mix0668,87,4,0,149,-9,3.96
fold2_room1_mix0668,88,4,0,152,-8,4.69
fold2_room1_mix0668,89,4,0,155,-6,5.47
fold2_room1_mix0668,90,4,0,161,-6,6.38
fold2_room1_mix0668,91,4,0,163,-5,7.29
fold2_room1_mix0668,92,4,0,165,-4,7.73
fold2_room1_mix0668,93,4,0,166,-4,8.76
fold2_room1_mix0668,94,4,0,167,-3,9.69
fold2_room1_mix0668,95,4,0,168,-3,10.52
fold2_room1_mix0668,96,4,0,170,-3,11.49
fold2_room1_mix0668,97,4,0,170,-3,12.01
fold2_room1_mix0668,98,4,0,171,-2,13.44
fold2_room1_mix0668,99,4,0,172,-2,13.69
fold2_room1_mix0669,2,5,0,8,1,4.61
fold2_room1_mix0669,3,4,0,10,0,5.89
fold2_room1_mix0669,4,4,0,18,-1,13.85
fold2_room1_mix0669,5,4,0,18,-1,15.20
fold2_room1_mix0669,6,4,0,18,-1,16.05
fold2_room1_mix0669,7,4,0,20,-1,23.09
fold2_room1_mix0669,8,4,0,20,-2,22.08
fold2_room1_mix0669,9,4,0,21,-1,21.03
fold2_room1_mix0669,10,4,0,20,-1,20.12
fold2_room1_mix0669,11,4,0,21,-1,20.14
fold2_room1_mix0669,12,4,0,20,-1,21.10
fold2_room1_mix0669,13,4,0,21,-1,20.34
fold2_room1_mix0669,14,4,0,22,-1,20.68
fold2_room1_mix0669,15,4,0,24,-1,21.36
fold2_room1_mix0669,16,4,0,24,-1,19.83
fold2_room1_mix0669,17,4,0,25,-1,19.89
fold2_room1_mix0669,18,4,0,25,-1,19.77
fold2_room1_mix0669,19,4,0,25,-1,19.62
fold2_room1_mix0669,20,4,0,25,-1,19.59
fold2_room1_mix0669,21,4,0,27,-1,19.08
fold2_room1_mix0669,22,4,0,26,-1,18.20
fold2_room1_mix0669,23,4,0,28,-1,17.84
fold2_room1_mix0669,24,4,0,29,-1,16.93
fold2_room1_mix0669,25,4,0,29,-1,17.35
fold2_room1_mix0669,26,4,0,29,-1,16.64
fold2_room1_mix0669,27,4,0,29,-1,15.58
fold2_room1_mix0669,28,4,0,30,-2,15.61
fold2_room1_mix0669,29,4,0,32,-2,14.69
fold2_room1_mix0669,30,4,0,31,-2,14.45
fold2_room1_mix0669,31,4,0,32,-2,14.86
fold2_room1_mix0669,32,4,0,32,-2,13.89
fold2_room1_mix0669,33,4,0,34,-2,13.65
fold2_room1_mix0669,34,4,0,35,-2,13.75
fold2_room1_mix0669,35,4,0,35,-2,12.94
fold2_room1_mix0669,36,4,0,37,-2,12.97
fold2_room1_mix0669,37,4,0,37,-2,12.93
fold2_room1_mix0669,38,4,0,38,-3,11.89
fold2_room1_mix0669,39,4,0,40,-3,11.97
fold2_room1_mix0669,40,4,0,41,-3,11.64
fold2_room1_mix0669,41,4,0,42,-3,11.09
fold2_room1_mix0669,42,4,0,45,-3,10.52
fold2_room1_mix0669,43,4,0,44,-3,10.20
fold2_room1_mix0669,44,4,0,45,-3,10.21
fold2_room1_mix0669,45,4,0,46,-3,9.98
fold2_room1_mix0669,46,4,0,47,-3,9.81
fold2_room1_mix0669,47,4,0,49,-3,9.83
fold2_room1_mix0669,48,4,0,53,-4,8.78
fold2_room1_mix0669,49,4,0,54,-4,8.46
fold2_room1_mix0669,50,4,0,56,-4,8.59
fold2_room1_mix0669,51,4,0,57,-4,8.54
fold2_room1_mix0669,52,4,0,61,-4,8.79
fold2_room1_mix0669,53,4,0,64,-4,8.77
fold2_room1_mix0669,54,4,0,66,-4,8.38
fold2_room1_mix0669,55,4,0,69,-4,8.40
fold2_room1_mix0669,56,4,0,73,-5,8.13
fold2_room1_mix0669,57,4,0,76,-5,8.14
fold2_room1_mix0669,58,4,0,80,-5,8.03
fold2_room1_mix0669,59,4,0,83,-5,7.88
fold2_room1_mix0669,60,4,0,85,-5,7.86
fold2_room1_mix0669,61,4,0,88,-5,7.81
fold2_room1_mix0669,62,4,0,91,-5,8.03
fold2_room1_mix0669,63,4,0,95,-5,7.94
fold2_room1_mix0669,64,4,0,97,-5,7.93
fold2_room1_mix0669,65,4,0,101,-5,8.08
fold2_room1_mix0669,66,4,0,105,-5,8.22
fold2_room1_mix0669,67,4,0,108,-5,8.02
fold2_room1_mix0669,68,4,0,111,-5,8.27
fold2_room1_mix0669,69,4,0,114,-5,8.32
fold2_room1_mix0669,70,4,0,117,-4,8.46
fold2_room1_mix0669,71,4,0,119,-4,8.98
fold2_room1_mix0669,72,4,0,121,-4,9.04
fold2_room1_mix0669,73,4,0,123,-4,9.12
fold2_room1_mix0669,74,4,0,125,-4,9.01
fold2_room1_mix0669,75,4,0,127,-4,9.25
fold2_room1_mix0669,76,4,0,129,-4,10.02
fold2_room1_mix0669,77,4,0,131,-4,10.08
fold2_room1_mix0669,78,4,0,132,-4,10.29
fold2_room1_mix0669,79,4,0,133,-4,10.60
fold2_room1_mix0669,80,4,0,134,-4,10.73
fold2_room1_mix0669,81,4,0,134,-4,11.05
fold2_room1_mix0669,82,4,0,136,-3,11.29
fold2_room1_mix0669,83,4,0,138,-3,11.31
fold2_room1_mix0669,84,4,0,139,-3,12.02
fold2_room1_mix0669,85,4,0,140,-3,11.93
fold2_room1_mix0669,86,4,0,141,-3,12.06
fold2_room1_mix0669,87,4,0,142,-3,13.19
fold2_room1_mix0669,88,4,0,143,-3,13.19
fold2_room1_mix0669,89,4,0,144,-3,13.27
fold2_room1_mix0669,90,4,0,145,-3,13.71
fold2_room1_mix0669,91,4,0,145,-3,14.08
fold2_room1_mix0669,92,4,0,146,-2,14.41
fold2_room1_mix0669,93,4,0,146,-2,14.69
fold2_room1_mix0669,94,4,0,148,-2,15.04
fold2_room1_mix0669,95,4,0,148,-2,15.65
fold2_room1_mix0669,96,4,0,149,-2,15.54
fold2_room1_mix0669,97,4,0,149,-2,16.40
fold2_room1_mix0669,98,4,0,150,-2,16.48
fold2_room1_mix0669,99,4,0,151,-2,15.09
fold2_room1_mix0670,3,4,0,179,0,3.68
fold2_room1_mix0670,4,4,0,178,0,5.93
fold2_room1_mix0670,5,4,0,179,0,16.86
fold2_room1_mix0670,6,4,0,177,0,18.30
fold2_room1_mix0670,7,4,0,178,0,21.74
fold2_room1_mix0670,8,4,0,178,0,34.47
fold2_room1_mix0670,9,4,0,178,0,32.90
fold2_room1_mix0670,10,4,0,178,0,34.35
fold2_room1_mix0670,11,4,0,176,0,34.08
fold2_room1_mix0670,12,4,0,178,0,34.62
fold2_room1_mix0670,13,4,0,177,0,34.67
fold2_room1_mix0670,14,4,0,177,0,35.12
fold2_room1_mix0670,15,4,0,176,0,34.52
fold2_room1_mix0670,16,4,0,177,0,35.29
fold2_room1_mix0670,17,4,0,176,0,35.50
fold2_room1_mix0670,18,4,0,176,0,36.88
fold2_room1_mix0670,19,4,0,177,0,38.60
fold2_room1_mix0670,20,4,0,177,0,39.48
fold2_room1_mix0670,21,4,0,177,0,38.58
fold2_room1_mix0670,22,4,0,177,0,39.19
fold2_room1_mix0670,23,4,0,176,0,37.99
fold2_room1_mix0670,24,4,0,176,0,39.25
fold2_room1_mix0670,25,4,0,176,0,38.38
fold2_room1_mix0670,26,4,0,176,0,38.51
fold2_room1_mix0670,27,4,0,176,0,38.16
fold2_room1_mix0670,28,4,0,176,0,37.37
fold2_room1_mix0670,29,4,0,176,0,38.19
fold2_room1_mix0670,30,4,0,176,0,37.95
fold2_room1_mix0670,31,4,0,177,0,35.47
fold2_room1_mix0670,32,4,0,176,0,36.34
fold2_room1_mix0670,33,4,0,177,0,35.67
fold2_room1_mix0670,34,4,0,176,0,34.91
fold2_room1_mix0670,35,4,0,177,0,34.51
fold2_room1_mix0670,36,4,0,176,0,33.16
fold2_room1_mix0670,37,4,0,176,0,32.80
fold2_room1_mix0670,38,4,0,176,0,32.51
fold2_room1_mix0670,39,4,0,177,0,30.34
fold2_room1_mix0670,40,4,0,177,0,30.98
fold2_room1_mix0670,41,4,0,177,0,28.79
fold2_room1_mix0670,42,4,0,177,0,27.57
fold2_room1_mix0670,43,4,0,178,0,28.53
fold2_room1_mix0670,44,4,0,178,0,26.17
fold2_room1_mix0670,45,4,0,177,-1,25.72
fold2_room1_mix0670,46,4,0,177,0,25.51
fold2_room1_mix0670,47,4,0,178,-1,24.35
fold2_room1_mix0670,48,1,0,-96,-3,7.17
fold2_room1_mix0670,48,4,0,174,-1,29.07
fold2_room1_mix0670,49,1,0,-97,-4,9.08
fold2_room1_mix0670,49,4,0,173,-1,27.03
fold2_room1_mix0670,50,1,0,-108,-3,9.98
fold2_room1_mix0670,50,4,0,175,0,28.55
fold2_room1_mix0670,51,1,0,-94,-4,11.64
fold2_room1_mix0670,51,4,0,176,0,33.41
fold2_room1_mix0670,52,1,0,-101,-4,10.63
fold2_room1_mix0670,52,4,0,-179,0,28.13
fold2_room1_mix0670,53,1,0,-111,-4,9.29
fold2_room1_mix0670,53,4,0,174,-1,32.57
fold2_room1_mix0670,54,1,0,-111,-4,11.88
fold2_room1_mix0670,54,4,0,174,-1,34.96
fold2_room1_mix0670,55,1,0,-109,-3,6.08
fold2_room1_mix0670,55,4,0,177,-1,26.34
fold2_room1_mix0670,56,1,0,-123,-4,11.82
fold2_room1_mix0670,56,4,0,174,-1,30.05
fold2_room1_mix0670,57,1,0,-121,-4,11.19
fold2_room1_mix0670,57,4,0,170,-1,32.39
fold2_room1_mix0670,58,1,0,-123,-4,10.88
fold2_room1_mix0670,58,4,0,179,-1,27.54
fold2_room1_mix0670,59,1,0,-123,-3,9.37
fold2_room1_mix0670,59,4,0,178,-1,29.41
fold2_room1_mix0670,60,1,0,-126,-4,10.24
fold2_room1_mix0670,60,4,0,175,-1,26.68
fold2_room1_mix0670,61,1,0,-132,-3,12.91
fold2_room1_mix0670,61,4,0,178,-1,21.55
fold2_room1_mix0670,62,1,0,-135,-3,13.51
fold2_room1_mix0670,62,4,0,170,-1,22.75
fold2_room1_mix0670,63,1,0,-135,-3,13.53
fold2_room1_mix0670,63,4,0,-179,-2,22.54
fold2_room1_mix0670,64,1,0,-134,-3,6.05
fold2_room1_mix0670,64,4,0,174,-2,17.24
fold2_room1_mix0670,65,1,0,-138,-3,13.66
fold2_room1_mix0670,65,4,0,171,-2,19.45
fold2_room1_mix0670,66,1,0,-137,-3,15.71
fold2_room1_mix0670,66,4,0,179,-2,16.80
fold2_room1_mix0670,67,1,0,-138,-3,14.74
fold2_room1_mix0670,67,4,0,168,-3,16.33
fold2_room1_mix0670,68,1,0,-140,-3,17.67
fold2_room1_mix0670,68,4,0,175,-2,19.40
fold2_room1_mix0670,69,4,0,174,-4,9.46
fold2_room1_mix0670,70,1,0,-141,-3,11.99
fold2_room1_mix0670,70,4,0,163,-4,11.32
fold2_room1_mix0670,71,1,0,-140,-3,20.15
fold2_room1_mix0670,71,4,0,172,-3,13.88
fold2_room1_mix0670,72,1,0,-143,-3,19.64
fold2_room1_mix0670,72,4,0,167,-5,9.83
fold2_room1_mix0670,73,1,0,-144,-3,8.68
fold2_room1_mix0670,73,4,0,164,-4,7.45
fold2_room1_mix0670,74,4,0,165,-11,4.58
fold2_room1_mix0670,75,1,0,-143,-2,14.01
fold2_room1_mix0670,75,4,0,151,-10,4.38
fold2_room1_mix0670,76,1,0,-154,-3,11.45
fold2_room1_mix0670,76,4,0,155,-8,4.85
fold2_room1_mix0670,77,4,0,150,-21,2.85
fold2_room1_mix0670,78,4,0,117,-35,2.39
fold2_room1_mix0670,79,4,0,93,-43,1.85
fold2_room1_mix0670,80,4,0,48,-29,1.87
fold2_room1_mix0670,81,4,0,28,-17,2.88
fold2_room1_mix0670,82,4,0,19,-14,3.22
fold2_room1_mix0670,83,4,0,17,-12,3.24
fold2_room1_mix0670,84,4,0,17,-10,4.21
fold2_room1_mix0670,85,4,0,14,-8,4.94
fold2_room1_mix0670,86,4,0,11,-7,5.73
fold2_room1_mix0670,87,4,0,9,-6,6.38
fold2_room1_mix0670,88,4,0,8,-5,7.41
fold2_room1_mix0670,89,4,0,7,-5,7.82
fold2_room1_mix0670,90,4,0,6,-5,8.55
fold2_room1_mix0670,91,4,0,7,-3,9.49
fold2_room1_mix0670,92,4,0,7,-4,9.82
fold2_room1_mix0670,93,4,0,6,-3,10.87
fold2_room1_mix0670,94,4,0,7,-3,11.67
fold2_room1_mix0670,95,4,0,5,-3,11.79
fold2_room1_mix0670,96,4,0,5,-3,12.67
fold2_room1_mix0670,97,4,0,6,-2,14.27
fold2_room1_mix0670,98,4,0,5,-2,14.46
fold2_room1_mix0670,99,4,0,6,-3,15.26
fold2_room1_mix0672,36,4,0,173,0,8.15
fold2_room1_mix0672,37,4,0,172,1,4.22
fold2_room1_mix0672,38,4,0,175,0,18.28
fold2_room1_mix0672,39,4,0,175,0,24.13
fold2_room1_mix0672,40,4,0,173,0,28.59
fold2_room1_mix0672,41,4,0,174,0,28.61
fold2_room1_mix0672,42,4,0,173,0,24.04
fold2_room1_mix0672,43,4,0,177,0,28.46
fold2_room1_mix0672,44,4,0,175,0,28.67
fold2_room1_mix0672,45,4,0,179,0,26.02
fold2_room1_mix0672,46,4,0,179,0,25.27
fold2_room1_mix0672,47,4,0,179,0,27.29
fold2_room1_mix0672,48,4,0,177,0,23.87
fold2_room1_mix0672,49,2,0,85,-4,9.60
fold2_room1_mix0672,49,4,0,178,0,24.24
fold2_room1_mix0672,50,2,0,80,-4,10.48
fold2_room1_mix0672,50,4,0,177,0,23.77
fold2_room1_mix0672,51,2,0,80,-4,10.03
fold2_room1_mix0672,51,4,0,-179,0,23.16
fold2_room1_mix0672,52,2,0,80,-4,10.02
fold2_room1_mix0672,52,4,0,177,0,21.39
fold2_room1_mix0672,53,2,0,79,-4,10.42
fold2_room1_mix0672,53,4,0,177,0,20.79
fold2_room1_mix0672,54,2,0,80,-4,10.24
fold2_room1_mix0672,54,4,0,178,-1,20.59
fold2_room1_mix0672,55,4,0,177,-1,19.01
fold2_room1_mix0672,56,4,0,178,-1,18.23
fold2_room1_mix0672,57,4,0,179,-1,17.78
fold2_room1_mix0672,58,4,0,179,-1,16.78
fold2_room1_mix0672,59,2,0,81,-4,10.88
fold2_room1_mix0672,59,4,0,178,-1,15.64
fold2_room1_mix0672,60,2,0,80,-4,11.94
fold2_room1_mix0672,60,4,0,177,-1,14.47
fold2_room1_mix0672,61,2,0,78,-4,11.18
fold2_room1_mix0672,61,4,0,177,-2,13.53
fold2_room1_mix0672,62,2,0,77,-5,11.22
fold2_room1_mix0672,62,4,0,177,-2,12.23
fold2_room1_mix0672,63,2,0,74,-4,11.83
fold2_room1_mix0672,63,4,0,177,-2,12.41
fold2_room1_mix0672,64,4,0,175,-2,10.69
fold2_room1_mix0672,65,4,0,172,-3,9.05
fold2_room1_mix0672,66,4,0,172,-4,8.36
fold2_room1_mix0672,67,4,0,173,-3,7.86
fold2_room1_mix0672,68,2,0,79,-5,5.66
fold2_room1_mix0672,68,4,0,169,-5,6.04
fold2_room1_mix0672,69,2,0,73,-4,11.52
fold2_room1_mix0672,69,4,0,168,-6,5.07
fold2_room1_mix0672,70,2,0,73,-4,12.32
fold2_room1_mix0672,70,4,0,168,-8,4.02
fold2_room1_mix0672,71,2,0,72,-4,11.17
fold2_room1_mix0672,71,4,0,161,-10,3.29
fold2_room1_mix0672,72,2,0,74,-5,11.48
fold2_room1_mix0672,72,4,0,149,-14,2.44
fold2_room1_mix0672,73,2,0,74,-5,13.14
fold2_room1_mix0672,73,4,0,105,-29,1.53
fold2_room1_mix0672,74,4,0,48,-18,1.27
fold2_room1_mix0672,75,4,0,23,-9,1.97
fold2_room1_mix0672,76,4,0,15,-7,3.00
fold2_room1_mix0672,77,4,0,14,-6,3.65
fold2_room1_mix0672,78,2,0,65,-4,8.71
fold2_room1_mix0672,78,4,0,13,-6,4.45
fold2_room1_mix0672,79,2,0,68,-4,12.25
fold2_room1_mix0672,79,4,0,11,-4,5.98
fold2_room1_mix0672,80,2,0,69,-4,11.84
fold2_room1_mix0672,80,4,0,8,-3,6.77
fold2_room1_mix0672,81,2,0,66,-4,11.21
fold2_room1_mix0672,81,4,0,6,-3,7.95
fold2_room1_mix0672,82,2,0,64,-4,11.64
fold2_room1_mix0672,82,4,0,6,-3,9.08
fold2_room1_mix0672,83,2,0,62,-3,12.40
fold2_room1_mix0672,83,4,0,6,-3,9.68
fold2_room1_mix0672,84,4,0,5,-2,10.32
fold2_room1_mix0672,85,4,0,5,-2,11.56
fold2_room1_mix0672,86,4,0,6,-2,12.39
fold2_room1_mix0672,87,4,0,5,-2,13.50
fold2_room1_mix0672,88,2,0,64,-4,12.38
fold2_room1_mix0672,88,4,0,6,-2,13.47
fold2_room1_mix0672,89,2,0,60,-3,14.72
fold2_room1_mix0672,89,4,0,5,-1,15.04
fold2_room1_mix0672,90,2,0,59,-3,13.35
fold2_room1_mix0672,90,4,0,6,-2,15.10
fold2_room1_mix0672,91,2,0,58,-3,12.86
fold2_room1_mix0672,91,4,0,5,-1,16.74
fold2_room1_mix0672,92,4,0,5,-1,18.11
fold2_room1_mix0672,93,4,0,4,-1,19.51
fold2_room1_mix0672,94,4,0,4,-1,19.81
fold2_room1_mix0672,95,4,0,4,-1,22.78
fold2_room1_mix0672,96,4,0,4,-1,22.51
fold2_room1_mix0672,97,4,0,4,0,25.41
fold2_room1_mix0672,98,4,0,5,-1,24.74
fold2_room1_mix0672,99,4,0,4,-1,25.04
fold2_room1_mix0673,0,5,0,-96,3,6.92
fold2_room1_mix0673,1,5,0,-90,4,9.78
fold2_room1_mix0673,2,5,0,-95,5,10.51
fold2_room1_mix0673,3,5,0,-87,5,9.37
fold2_room1_mix0673,4,5,0,-87,4,11.39
fold2_room1_mix0673,5,5,0,-94,5,12.80
fold2_room1_mix0673,6,5,0,-86,4,13.84
fold2_room1_mix0673,7,5,0,-86,5,12.36
fold2_room1_mix0673,8,5,0,-91,5,10.96
fold2_room1_mix0673,9,5,0,-89,5,11.86
fold2_room1_mix0673,10,5,0,-87,6,9.50
fold2_room1_mix0673,11,5,0,-90,5,10.37
fold2_room1_mix0673,12,5,0,-88,7,8.67
fold2_room1_mix0673,13,5,0,-91,6,9.90
fold2_room1_mix0673,14,5,0,-90,5,10.54
fold2_room1_mix0673,15,5,0,-87,6,9.23
fold2_room1_mix0673,16,5,0,-88,7,8.38
fold2_room1_mix0673,17,5,0,-89,5,11.48
fold2_room1_mix0673,18,5,0,-91,6,10.42
fold2_room1_mix0673,19,5,0,-88,5,10.84
fold2_room1_mix0673,20,5,0,-89,5,11.59
fold2_room1_mix0673,21,5,0,-89,5,10.36
fold2_room1_mix0673,22,5,0,-93,5,10.60
fold2_room1_mix0673,23,5,0,-95,5,10.56
fold2_room1_mix0673,24,5,0,-93,5,11.35
fold2_room1_mix0673,25,4,0,-166,0,1.58
fold2_room1_mix0673,25,5,0,-91,5,10.78
fold2_room1_mix0673,26,5,0,-94,5,11.16
fold2_room1_mix0673,27,5,0,-99,5,10.62
fold2_room1_mix0673,28,5,0,-93,5,10.62
fold2_room1_mix0673,29,5,0,-93,5,11.12
fold2_room1_mix0673,30,4,0,-144,-1,6.61
fold2_room1_mix0673,30,5,0,-98,5,10.58
fold2_room1_mix0673,31,5,0,-104,6,9.81
fold2_room1_mix0673,32,4,0,-147,-2,8.78
fold2_room1_mix0673,32,5,0,-98,5,11.56
fold2_room1_mix0673,33,4,0,-139,-2,8.88
fold2_room1_mix0673,33,5,0,-99,5,12.19
fold2_room1_mix0673,34,4,0,-135,-2,12.63
fold2_room1_mix0673,34,5,0,-104,5,11.20
fold2_room1_mix0673,35,4,0,-125,-2,7.45
fold2_room1_mix0673,35,5,0,-105,5,10.68
fold2_room1_mix0673,36,4,0,-124,-3,11.98
fold2_room1_mix0673,36,5,0,-108,5,10.51
fold2_room1_mix0673,37,4,0,-127,-2,12.12
fold2_room1_mix0673,37,5,0,-103,5,9.42
fold2_room1_mix0673,38,4,0,-121,-3,11.77
fold2_room1_mix0673,38,5,0,-108,5,9.96
fold2_room1_mix0673,39,4,0,-120,-3,11.22
fold2_room1_mix0673,39,5,0,-108,5,10.01
fold2_room1_mix0673,40,4,0,-119,-2,13.25
fold2_room1_mix0673,40,5,0,-109,6,9.79
fold2_room1_mix0673,41,4,0,-118,-3,12.40
fold2_room1_mix0673,41,5,0,-109,5,10.08
fold2_room1_mix0673,42,4,0,-116,-3,12.61
fold2_room1_mix0673,42,5,0,-111,6,9.14
fold2_room1_mix0673,43,4,0,-131,-2,13.46
fold2_room1_mix0673,43,4,0,-109,-3,12.38
fold2_room1_mix0673,43,5,0,-110,5,9.50
fold2_room1_mix0673,44,4,0,-124,-2,13.80
fold2_room1_mix0673,44,4,0,-103,-3,12.61
fold2_room1_mix0673,44,5,0,-111,5,10.43
fold2_room1_mix0673,45,4,0,-132,-1,15.10
fold2_room1_mix0673,45,4,0,-101,-3,13.18
fold2_room1_mix0673,45,5,0,-111,6,9.61
fold2_room1_mix0673,46,4,0,-116,-3,14.13
fold2_room1_mix0673,46,4,0,-83,-3,12.70
fold2_room1_mix0673,46,5,0,-111,5,9.80
fold2_room1_mix0673,47,4,0,-122,-2,14.44
fold2_room1_mix0673,47,4,0,-84,-3,12.91
fold2_room1_mix0673,47,5,0,-112,5,9.67
fold2_room1_mix0673,48,4,0,-135,-2,15.17
fold2_room1_mix0673,48,4,0,-71,-3,13.18
fold2_room1_mix0673,48,5,0,-113,5,11.03
fold2_room1_mix0673,49,4,0,-119,-3,14.80
fold2_room1_mix0673,49,4,0,-80,-4,12.71
fold2_room1_mix0673,49,5,0,-112,5,10.28
fold2_room1_mix0673,50,4,0,-116,-2,15.01
fold2_room1_mix0673,50,4,0,-70,-3,12.34
fold2_room1_mix0673,50,5,0,-113,5,10.10
fold2_room1_mix0673,51,4,0,-104,-2,14.28
fold2_room1_mix0673,51,4,0,-71,-3,12.67
fold2_room1_mix0673,51,5,0,-117,5,10.54
fold2_room1_mix0673,52,4,0,-122,-3,15.01
fold2_room1_mix0673,52,4,0,-61,-3,13.72
fold2_room1_mix0673,52,5,0,-116,4,11.19
fold2_room1_mix0673,53,4,0,-146,-2,16.98
fold2_room1_mix0673,53,4,0,-62,-2,14.85
fold2_room1_mix0673,53,5,0,-117,5,10.33
fold2_room1_mix0673,54,4,0,-141,-3,15.75
fold2_room1_mix0673,54,4,0,-63,-3,12.91
fold2_room1_mix0673,54,4,0,-48,-2,16.01
fold2_room1_mix0673,54,5,0,-119,5,9.66
fold2_room1_mix0673,55,4,0,-120,-4,15.08
fold2_room1_mix0673,55,4,0,-59,-3,14.26
fold2_room1_mix0673,55,5,0,-121,5,9.79
fold2_room1_mix0673,56,4,0,-146,-3,16.17
fold2_room1_mix0673,56,4,0,-60,-3,13.46
fold2_room1_mix0673,56,4,0,-44,-1,16.69
fold2_room1_mix0673,56,5,0,-118,5,10.43
fold2_room1_mix0673,57,4,0,-131,-4,15.67
fold2_room1_mix0673,57,4,0,-54,-3,14.11
fold2_room1_mix0673,57,5,0,-121,4,11.41
fold2_room1_mix0673,58,4,0,-113,-4,15.48
fold2_room1_mix0673,58,4,0,-55,-2,14.07
fold2_room1_mix0673,58,5,0,-118,5,9.34
fold2_room1_mix0673,59,4,0,-104,-4,15.69
fold2_room1_mix0673,59,4,0,-53,-2,15.02
fold2_room1_mix0673,59,5,0,-121,5,8.83
fold2_room1_mix0673,60,4,0,-125,-3,15.24
fold2_room1_mix0673,60,4,0,-52,-2,14.63
fold2_room1_mix0673,60,5,0,-117,5,9.31
fold2_room1_mix0673,61,4,0,-128,-3,15.45
fold2_room1_mix0673,61,4,0,-50,-1,15.51
fold2_room1_mix0673,61,5,0,-120,5,9.94
fold2_room1_mix0673,62,4,0,-141,-3,14.53
fold2_room1_mix0673,62,4,0,-51,-2,14.44
fold2_room1_mix0673,62,5,0,-121,5,9.43
fold2_room1_mix0673,63,4,0,-131,-4,15.15
fold2_room1_mix0673,63,4,0,-52,-2,14.36
fold2_room1_mix0673,63,5,0,-124,5,8.88
fold2_room1_mix0673,64,4,0,-143,-3,14.87
fold2_room1_mix0673,64,4,0,-51,-1,15.54
fold2_room1_mix0673,64,5,0,-121,5,9.14
fold2_room1_mix0673,65,4,0,-147,-4,13.91
fold2_room1_mix0673,65,4,0,-55,-2,15.41
fold2_room1_mix0673,65,5,0,-125,4,10.20
fold2_room1_mix0673,66,4,0,-151,-3,13.59
fold2_room1_mix0673,66,4,0,-65,-3,13.11
fold2_room1_mix0673,66,4,0,-46,-1,17.02
fold2_room1_mix0673,66,5,0,-125,5,10.08
fold2_room1_mix0673,67,4,0,-155,-3,12.56
fold2_room1_mix0673,67,4,0,-67,-3,13.10
fold2_room1_mix0673,67,4,0,-52,-1,16.08
fold2_room1_mix0673,67,5,0,-126,4,9.82
fold2_room1_mix0673,68,4,0,-154,-4,11.29
fold2_room1_mix0673,68,4,0,-66,-3,13.25
fold2_room1_mix0673,68,4,0,-47,-1,16.66
fold2_room1_mix0673,68,5,0,-123,4,10.20
fold2_room1_mix0673,69,4,0,-163,-3,10.95
fold2_room1_mix0673,69,4,0,-64,-2,13.24
fold2_room1_mix0673,69,4,0,-49,-1,16.76
fold2_room1_mix0673,69,5,0,-121,5,9.44
fold2_room1_mix0673,70,4,0,-159,-3,11.27
fold2_room1_mix0673,70,4,0,-57,-2,14.27
fold2_room1_mix0673,70,5,0,-124,4,10.04
fold2_room1_mix0673,71,4,0,-161,-3,10.37
fold2_room1_mix0673,71,4,0,-83,-3,12.02
fold2_room1_mix0673,71,4,0,-61,0,16.42
fold2_room1_mix0673,71,5,0,-126,4,10.12
fold2_room1_mix0673,72,4,0,-168,-3,11.39
fold2_room1_mix0673,72,4,0,-116,-3,12.11
fold2_room1_mix0673,72,4,0,-71,-1,16.72
fold2_room1_mix0673,72,5,0,-128,4,10.32
fold2_room1_mix0673,73,4,0,-165,-4,10.44
fold2_room1_mix0673,73,4,0,-100,-4,11.78
fold2_room1_mix0673,73,4,0,-70,-1,16.29
fold2_room1_mix0673,73,5,0,-128,4,10.88
fold2_room1_mix0673,74,4,0,-165,-4,9.41
fold2_room1_mix0673,74,4,0,-70,-1,16.75
fold2_room1_mix0673,74,5,0,-132,4,10.98
fold2_room1_mix0673,75,4,0,-160,-5,9.05
fold2_room1_mix0673,75,4,0,-104,-3,14.28
fold2_room1_mix0673,75,5,0,-132,4,10.45
fold2_room1_mix0673,76,4,0,-164,-4,8.60
fold2_room1_mix0673,76,4,0,-97,-1,14.83
fold2_room1_mix0673,76,5,0,-129,4,10.77
fold2_room1_mix0673,77,4,0,-166,-5,7.13
fold2_room1_mix0673,77,4,0,-106,-2,13.75
fold2_room1_mix0673,77,5,0,-129,4,10.75
fold2_room1_mix0673,78,4,0,-166,-5,7.14
fold2_room1_mix0673,78,4,0,-125,-1,13.16
fold2_room1_mix0673,78,5,0,-130,4,11.82
fold2_room1_mix0673,79,4,0,-168,-6,6.03
fold2_room1_mix0673,79,4,0,-135,-2,11.39
fold2_room1_mix0673,79,5,0,-127,5,9.39
fold2_room1_mix0673,80,4,0,-168,-7,5.59
fold2_room1_mix0673,80,4,0,-146,-4,9.14
fold2_room1_mix0673,80,5,0,-129,4,10.41
fold2_room1_mix0673,81,4,0,-171,-8,4.96
fold2_room1_mix0673,81,4,0,-145,-4,8.90
fold2_room1_mix0673,81,5,0,-130,4,12.19
fold2_room1_mix0673,82,4,0,-164,-8,4.53
fold2_room1_mix0673,82,4,0,-148,-5,7.28
fold2_room1_mix0673,82,5,0,-130,4,11.21
fold2_room1_mix0673,83,4,0,-150,-9,4.41
fold2_room1_mix0673,83,5,0,-128,4,10.56
fold2_room1_mix0673,84,4,0,-121,-14,3.09
fold2_room1_mix0673,84,5,0,-126,4,11.30
fold2_room1_mix0673,85,4,0,-75,-16,2.79
fold2_room1_mix0673,85,5,0,-129,4,10.39
fold2_room1_mix0673,86,4,0,-53,-13,2.64
fold2_room1_mix0673,86,5,0,-129,4,10.83
fold2_room1_mix0673,87,4,0,-55,-3,6.51
fold2_room1_mix0673,87,4,0,-28,-10,2.70
fold2_room1_mix0673,87,5,0,-129,5,9.66
fold2_room1_mix0673,88,4,0,-79,-3,7.97
fold2_room1_mix0673,88,4,0,-21,-7,3.55
fold2_room1_mix0673,88,5,0,-123,4,10.63
fold2_room1_mix0673,89,4,0,-49,-2,8.05
fold2_room1_mix0673,89,4,0,-18,-5,4.39
fold2_room1_mix0673,89,5,0,-133,4,12.34
fold2_room1_mix0673,90,4,0,-47,-2,8.17
fold2_room1_mix0673,90,4,0,-14,-4,4.63
fold2_room1_mix0673,90,5,0,-132,4,11.43
fold2_room1_mix0673,91,4,0,-13,-3,5.99
fold2_room1_mix0673,91,5,0,-132,4,10.85
fold2_room1_mix0673,92,4,0,-140,0,10.76
fold2_room1_mix0673,92,4,0,-10,-3,5.67
fold2_room1_mix0673,92,5,0,-123,5,10.13
fold2_room1_mix0673,93,4,0,-136,0,11.11
fold2_room1_mix0673,93,4,0,-11,-2,6.28
fold2_room1_mix0673,93,5,0,-133,4,12.26
fold2_room1_mix0673,94,4,0,-11,-2,8.05
fold2_room1_mix0673,94,5,0,-129,4,11.11
fold2_room1_mix0673,95,4,0,-9,-2,8.49
fold2_room1_mix0673,95,5,0,-134,4,10.59
fold2_room1_mix0673,96,4,0,-8,-1,9.80
fold2_room1_mix0673,96,5,0,-131,4,12.10
fold2_room1_mix0673,97,4,0,-10,-2,10.50
fold2_room1_mix0673,97,5,0,-131,4,12.07
fold2_room1_mix0673,98,4,0,-8,-2,10.28
fold2_room1_mix0673,98,5,0,-139,3,12.18
fold2_room1_mix0673,99,4,0,-5,-1,10.98
fold2_room1_mix0673,99,5,0,-133,3,11.39
fold2_room1_mix0674,1,4,0,168,0,0.97
fold2_room1_mix0674,2,4,0,167,1,2.35
fold2_room1_mix0674,2,4,0,4,1,2.33
fold2_room1_mix0674,3,4,0,165,0,6.48
fold2_room1_mix0674,3,4,0,3,1,8.38
fold2_room1_mix0674,4,4,0,164,-1,11.18
fold2_room1_mix0674,4,4,0,3,0,17.30
fold2_room1_mix0674,5,4,0,162,-1,13.54
fold2_room1_mix0674,5,4,0,3,0,20.10
fold2_room1_mix0674,6,4,0,160,-1,12.93
fold2_room1_mix0674,6,4,0,2,0,20.25
fold2_room1_mix0674,7,4,0,159,-2,18.87
fold2_room1_mix0674,7,4,0,3,-1,32.07
fold2_room1_mix0674,8,4,0,161,-2,18.91
fold2_room1_mix0674,8,4,0,3,-1,31.86
fold2_room1_mix0674,9,4,0,158,-2,17.65
fold2_room1_mix0674,9,4,0,1,-1,33.20
fold2_room1_mix0674,10,4,0,157,-2,17.67
fold2_room1_mix0674,10,4,0,2,-1,31.69
fold2_room1_mix0674,11,4,0,157,-2,16.72
fold2_room1_mix0674,11,4,0,0,0,33.62
fold2_room1_mix0674,12,4,0,157,-2,16.66
fold2_room1_mix0674,12,4,0,2,-1,32.40
fold2_room1_mix0674,13,4,0,156,-2,16.32
fold2_room1_mix0674,13,4,0,0,-1,32.96
fold2_room1_mix0674,14,4,0,156,-2,16.55
fold2_room1_mix0674,14,4,0,0,0,34.31
fold2_room1_mix0674,15,4,0,157,-2,16.65
fold2_room1_mix0674,15,4,0,3,0,35.64
fold2_room1_mix0674,16,4,0,158,-2,16.37
fold2_room1_mix0674,16,4,0,2,0,34.09
fold2_room1_mix0674,17,4,0,158,-2,15.54
fold2_room1_mix0674,17,4,0,1,0,35.64
fold2_room1_mix0674,18,4,0,159,-3,15.35
fold2_room1_mix0674,18,4,0,3,0,34.15
fold2_room1_mix0674,19,4,0,158,-2,16.02
fold2_room1_mix0674,19,4,0,3,0,35.24
fold2_room1_mix0674,20,3,0,149,-4,9.26
fold2_room1_mix0674,20,4,0,160,-2,16.78
fold2_room1_mix0674,20,4,0,0,0,35.05
fold2_room1_mix0674,21,3,0,142,-4,12.33
fold2_room1_mix0674,21,4,0,161,-1,17.80
fold2_room1_mix0674,21,4,0,0,-1,36.32
fold2_room1_mix0674,22,3,0,139,-3,14.09
fold2_room1_mix0674,22,4,0,161,-1,16.91
fold2_room1_mix0674,22,4,0,0,-1,31.10
fold2_room1_mix0674,23,3,0,138,-3,14.80
fold2_room1_mix0674,23,4,0,160,-1,15.89
fold2_room1_mix0674,23,4,0,0,0,30.02
fold2_room1_mix0674,24,3,0,136,-3,15.09
fold2_room1_mix0674,24,4,0,162,-1,17.09
fold2_room1_mix0674,24,4,0,0,0,32.28
fold2_room1_mix0674,25,3,0,142,-3,15.61
fold2_room1_mix0674,25,4,0,162,-1,16.22
fold2_room1_mix0674,25,4,0,0,0,31.34
fold2_room1_mix0674,26,3,0,141,-3,15.36
fold2_room1_mix0674,26,4,0,162,-1,17.69
fold2_room1_mix0674,26,4,0,1,-1,29.77
fold2_room1_mix0674,27,3,0,139,-3,15.03
fold2_room1_mix0674,27,4,0,162,-1,18.08
fold2_room1_mix0674,27,4,0,0,0,30.62
fold2_room1_mix0674,28,3,0,138,-3,14.17
fold2_room1_mix0674,28,4,0,159,-1,17.38
fold2_room1_mix0674,28,4,0,0,-1,26.86
fold2_room1_mix0674,29,3,0,139,-3,14.44
fold2_room1_mix0674,29,4,0,157,-2,15.82
fold2_room1_mix0674,29,4,0,0,-1,25.83
fold2_room1_mix0674,30,3,0,132,-2,16.08
fold2_room1_mix0674,30,4,0,155,-2,16.36
fold2_room1_mix0674,30,4,0,0,-1,25.81
fold2_room1_mix0674,31,3,0,132,-3,15.17
fold2_room1_mix0674,31,4,0,154,-2,15.03
fold2_room1_mix0674,31,4,0,0,-1,23.90
fold2_room1_mix0674,32,3,0,132,-3,11.90
fold2_room1_mix0674,32,4,0,148,-2,13.84
fold2_room1_mix0674,32,4,0,2,-1,24.11
fold2_room1_mix0674,33,3,0,130,-3,4.27
fold2_room1_mix0674,33,4,0,147,-1,13.91
fold2_room1_mix0674,33,4,0,3,-1,26.08
fold2_room1_mix0674,34,4,0,145,-2,11.79
fold2_room1_mix0674,34,4,0,4,-1,22.66
fold2_room1_mix0674,35,4,0,145,-2,11.44
fold2_room1_mix0674,35,4,0,5,-1,21.99
fold2_room1_mix0674,36,4,0,143,-2,10.73
fold2_room1_mix0674,36,4,0,6,-1,21.30
fold2_room1_mix0674,37,4,0,141,-2,9.90
fold2_room1_mix0674,37,4,0,7,-1,19.95
fold2_room1_mix0674,38,4,0,138,-3,9.56
fold2_room1_mix0674,38,4,0,6,-2,19.85
fold2_room1_mix0674,39,4,0,134,-3,9.39
fold2_room1_mix0674,39,4,0,4,-1,18.17
fold2_room1_mix0674,40,3,0,137,-4,11.84
fold2_room1_mix0674,40,4,0,135,-3,10.42
fold2_room1_mix0674,40,4,0,6,-2,20.11
fold2_room1_mix0674,41,3,0,127,-4,16.55
fold2_room1_mix0674,41,4,0,136,-2,11.91
fold2_room1_mix0674,41,4,0,1,-2,19.89
fold2_room1_mix0674,42,3,0,130,-4,17.73
fold2_room1_mix0674,42,4,0,134,-3,11.45
fold2_room1_mix0674,42,4,0,3,-2,18.89
fold2_room1_mix0674,43,3,0,126,-4,16.35
fold2_room1_mix0674,43,4,0,134,-3,11.54
fold2_room1_mix0674,43,4,0,0,-2,17.81
fold2_room1_mix0674,44,3,0,127,-4,16.38
fold2_room1_mix0674,44,4,0,130,-3,11.58
fold2_room1_mix0674,44,4,0,0,-2,16.82
fold2_room1_mix0674,45,3,0,127,-4,15.23
fold2_room1_mix0674,45,4,0,134,-3,11.22
fold2_room1_mix0674,45,4,0,3,-3,16.92
fold2_room1_mix0674,46,3,0,125,-4,15.53
fold2_room1_mix0674,46,4,0,127,-3,11.08
fold2_room1_mix0674,46,4,0,4,-3,16.04
fold2_room1_mix0674,47,3,0,123,-4,14.87
fold2_room1_mix0674,47,4,0,127,-4,10.77
fold2_room1_mix0674,47,4,0,4,-3,15.36
fold2_room1_mix0674,48,3,0,121,-4,13.51
fold2_room1_mix0674,48,4,0,121,-4,9.97
fold2_room1_mix0674,48,4,0,1,-3,14.64
fold2_room1_mix0674,49,3,0,101,-4,13.51
fold2_room1_mix0674,49,4,0,115,-4,9.86
fold2_room1_mix0674,49,4,0,4,-3,15.13
fold2_room1_mix0674,50,3,0,106,-6,15.63
fold2_room1_mix0674,50,4,0,110,-4,9.42
fold2_room1_mix0674,50,4,0,4,-4,14.39
fold2_room1_mix0674,51,3,0,108,-5,14.91
fold2_room1_mix0674,51,4,0,107,-5,9.51
fold2_room1_mix0674,51,4,0,3,-4,14.60
fold2_room1_mix0674,52,4,0,104,-4,9.12
fold2_room1_mix0674,52,4,0,7,-4,14.11
fold2_room1_mix0674,53,3,0,55,-5,13.77
fold2_room1_mix0674,53,4,0,100,-5,9.27
fold2_room1_mix0674,53,4,0,18,-3,16.75
fold2_room1_mix0674,53,4,0,0,-5,12.40
fold2_room1_mix0674,54,3,0,53,-5,10.16
fold2_room1_mix0674,54,4,0,92,-5,8.69
fold2_room1_mix0674,54,4,0,7,-4,13.64
fold2_room1_mix0674,55,4,0,87,-4,8.60
fold2_room1_mix0674,55,4,0,5,-4,10.51
fold2_room1_mix0674,56,4,0,89,-4,8.93
fold2_room1_mix0674,56,4,0,9,-4,12.10
fold2_room1_mix0674,57,4,0,88,-4,8.70
fold2_room1_mix0674,57,4,0,12,-4,12.46
fold2_room1_mix0674,58,4,0,88,-4,8.96
fold2_room1_mix0674,58,4,0,11,-4,11.51
fold2_room1_mix0674,59,4,0,85,-5,9.41
fold2_room1_mix0674,59,4,0,11,-4,12.10
fold2_room1_mix0674,60,4,0,86,-4,9.63
fold2_room1_mix0674,60,4,0,15,-5,10.30
fold2_room1_mix0674,61,4,0,90,-3,10.00
fold2_room1_mix0674,61,4,0,12,-5,9.46
fold2_room1_mix0674,62,4,0,93,-3,9.48
fold2_room1_mix0674,62,4,0,11,-5,8.61
fold2_room1_mix0674,63,4,0,92,-3,10.58
fold2_room1_mix0674,63,4,0,14,-5,7.89
fold2_room1_mix0674,64,4,0,89,-4,9.55
fold2_room1_mix0674,64,4,0,11,-4,9.51
fold2_room1_mix0674,65,4,0,85,-4,9.84
fold2_room1_mix0674,65,4,0,10,-5,8.67
fold2_room1_mix0674,66,4,0,97,-4,10.73
fold2_room1_mix0674,66,4,0,16,-5,7.82
fold2_room1_mix0674,67,4,0,87,-3,10.80
fold2_room1_mix0674,67,4,0,15,-5,7.45
fold2_room1_mix0674,68,4,0,83,-4,10.75
fold2_room1_mix0674,68,4,0,14,-6,7.25
fold2_room1_mix0674,69,4,0,90,-3,11.00
fold2_room1_mix0674,69,4,0,15,-6,7.00
fold2_room1_mix0674,70,4,0,83,-3,11.29
fold2_room1_mix0674,70,4,0,11,-6,6.61
fold2_room1_mix0674,71,4,0,86,-3,11.29
fold2_room1_mix0674,71,4,0,11,-5,7.29
fold2_room1_mix0674,72,4,0,87,-3,11.36
fold2_room1_mix0674,72,4,0,17,-6,6.07
fold2_room1_mix0674,73,4,0,76,-4,11.02
fold2_room1_mix0674,73,4,0,6,-6,5.59
fold2_room1_mix0674,74,4,0,102,-3,11.36
fold2_room1_mix0674,74,4,0,48,-2,8.07
fold2_room1_mix0674,74,4,0,-8,-7,5.39
fold2_room1_mix0674,75,4,0,85,-4,11.38
fold2_room1_mix0674,75,4,0,8,-6,5.75
fold2_room1_mix0674,76,4,0,108,-4,13.41
fold2_room1_mix0674,76,4,0,-24,-9,3.62
fold2_room1_mix0674,76,4,0,26,-5,6.74
fold2_room1_mix0674,77,4,0,123,-2,15.24
fold2_room1_mix0674,77,4,0,-14,-9,4.08
fold2_room1_mix0674,77,4,0,34,-2,8.80
fold2_room1_mix0674,78,4,0,128,-2,15.78
fold2_room1_mix0674,78,4,0,-25,-13,3.53
fold2_room1_mix0674,78,4,0,48,0,11.14
fold2_room1_mix0674,79,4,0,176,-3,13.80
fold2_room1_mix0674,79,4,0,69,-4,7.03
fold2_room1_mix0674,79,4,0,30,0,11.04
fold2_room1_mix0674,80,4,0,-132,-8,7.82
fold2_room1_mix0674,80,4,0,62,-5,6.12
fold2_room1_mix0674,80,4,0,47,1,11.90
fold2_room1_mix0674,81,4,0,-103,-10,2.91
fold2_room1_mix0674,81,4,0,85,0,9.70
fold2_room1_mix0674,81,4,0,25,2,9.21
fold2_room1_mix0674,82,4,0,-134,-5,6.98
fold2_room1_mix0674,82,4,0,78,-2,7.24
fold2_room1_mix0674,82,4,0,37,2,11.28
fold2_room1_mix0674,83,4,0,-123,-8,4.68
fold2_room1_mix0674,83,4,0,78,-3,7.86
fold2_room1_mix0674,83,4,0,45,1,13.88
fold2_room1_mix0674,84,4,0,-130,-7,4.10
fold2_room1_mix0674,84,4,0,71,-1,9.43
fold2_room1_mix0674,84,4,0,33,1,15.00
fold2_room1_mix0674,85,4,0,-124,-8,2.45
fold2_room1_mix0674,85,4,0,86,3,15.24
fold2_room1_mix0674,85,4,0,20,0,13.21
fold2_room1_mix0674,86,4,0,-133,-8,2.81
fold2_room1_mix0674,86,4,0,63,3,18.44
fold2_room1_mix0674,86,4,0,16,0,13.36
fold2_room1_mix0674,87,4,0,-137,-6,3.12
fold2_room1_mix0674,87,4,0,65,3,18.59
fold2_room1_mix0674,87,4,0,13,0,14.38
fold2_room1_mix0674,88,4,0,-143,-6,4.49
fold2_room1_mix0674,88,4,0,60,1,16.57
fold2_room1_mix0674,88,4,0,18,0,15.87
fold2_room1_mix0674,89,4,0,-143,-6,4.11
fold2_room1_mix0674,89,4,0,58,2,19.00
fold2_room1_mix0674,89,4,0,12,0,17.23
fold2_room1_mix0674,90,4,0,-149,-5,5.21
fold2_room1_mix0674,90,4,0,59,1,17.76
fold2_room1_mix0674,90,4,0,13,0,17.98
fold2_room1_mix0674,91,4,0,-149,-5,6.27
fold2_room1_mix0674,91,4,0,44,1,20.66
fold2_room1_mix0674,91,4,0,10,1,23.10
fold2_room1_mix0674,92,4,0,-154,-5,7.20
fold2_room1_mix0674,92,4,0,50,0,16.72
fold2_room1_mix0674,92,4,0,17,1,22.74
fold2_room1_mix0674,93,4,0,-152,-4,6.02
fold2_room1_mix0674,93,4,0,56,2,17.96
fold2_room1_mix0674,93,4,0,16,1,20.35
fold2_room1_mix0674,94,4,0,-154,-4,7.05
fold2_room1_mix0674,94,4,0,44,1,19.37
fold2_room1_mix0674,94,4,0,22,1,21.63
fold2_room1_mix0674,95,4,0,-159,-4,7.63
fold2_room1_mix0674,95,4,0,45,0,13.97
fold2_room1_mix0674,95,4,0,25,0,21.58
fold2_room1_mix0674,96,4,0,-160,-4,7.57
fold2_room1_mix0674,96,4,0,52,0,14.05
fold2_room1_mix0674,96,4,0,25,0,21.50
fold2_room1_mix0674,97,4,0,-160,-4,8.22
fold2_room1_mix0674,97,4,0,42,0,13.91
fold2_room1_mix0674,97,4,0,22,1,23.93
fold2_room1_mix0674,98,4,0,-164,-3,8.86
fold2_room1_mix0674,98,4,0,48,0,13.68
fold2_room1_mix0674,98,4,0,24,0,21.15
fold2_room1_mix0674,99,4,0,-162,-3,8.45
fold2_room1_mix0674,99,4,0,51,-1,13.50
fold2_room1_mix0674,99,4,0,22,1,21.75
fold2_room1_mix0676,7,4,0,-179,0,5.77
fold2_room1_mix0676,9,4,0,178,0,5.10
fold2_room1_mix0676,11,4,0,177,0,19.80
fold2_room1_mix0676,12,4,0,-179,0,16.48
fold2_room1_mix0676,13,4,0,179,0,16.08
fold2_room1_mix0676,14,4,0,178,0,13.65
fold2_room1_mix0676,15,4,0,179,0,22.66
fold2_room1_mix0676,16,4,0,176,0,20.66
fold2_room1_mix0676,17,4,0,-178,0,18.82
fold2_room1_mix0676,18,4,0,-178,0,21.86
fold2_room1_mix0676,19,4,0,-175,0,24.12
fold2_room1_mix0676,20,4,0,-179,0,22.74
fold2_room1_mix0676,21,4,0,-175,-1,22.46
fold2_room1_mix0676,22,4,0,-178,0,23.19
fold2_room1_mix0676,23,4,0,-174,-1,21.95
fold2_room1_mix0676,24,4,0,-173,-1,21.97
fold2_room1_mix0676,25,4,0,-174,0,20.73
fold2_room1_mix0676,26,4,0,-175,0,20.17
fold2_room1_mix0676,27,4,0,-175,0,20.97
fold2_room1_mix0676,28,4,0,-173,0,20.38
fold2_room1_mix0676,29,4,0,-175,-1,19.90
fold2_room1_mix0676,30,4,0,-172,-1,20.08
fold2_room1_mix0676,31,4,0,-174,-1,19.74
fold2_room1_mix0676,32,4,0,-174,-1,18.42
fold2_room1_mix0676,33,4,0,-174,-1,19.14
fold2_room1_mix0676,34,4,0,-175,-1,18.45
fold2_room1_mix0676,35,4,0,-174,-1,17.62
fold2_room1_mix0676,36,4,0,-172,-1,17.32
fold2_room1_mix0676,37,4,0,-172,-1,16.58
fold2_room1_mix0676,38,4,0,-171,-1,15.93
fold2_room1_mix0676,39,4,0,-173,-1,15.39
fold2_room1_mix0676,40,4,0,-173,-1,15.69
fold2_room1_mix0676,41,4,0,-170,-1,14.71
fold2_room1_mix0676,42,4,0,-169,-2,13.71
fold2_room1_mix0676,43,4,0,-170,-2,13.21
fold2_room1_mix0676,44,4,0,-170,-2,12.72
fold2_room1_mix0676,45,4,0,-170,-2,12.37
fold2_room1_mix0676,46,4,0,-170,-2,12.14
fold2_room1_mix0676,47,4,0,-170,-2,11.89
fold2_room1_mix0676,48,4,0,-170,-2,11.17
fold2_room1_mix0676,49,4,0,-168,-3,10.63
fold2_room1_mix0676,50,4,0,-169,-3,9.75
fold2_room1_mix0676,51,4,0,-167,-3,9.48
fold2_room1_mix0676,52,4,0,-167,-3,9.72
fold2_room1_mix0676,53,4,0,-166,-4,8.57
fold2_room1_mix0676,54,4,0,-165,-4,8.21
fold2_room1_mix0676,55,4,0,-165,-4,8.12
fold2_room1_mix0676,56,4,0,-165,-5,7.71
fold2_room1_mix0676,57,4,0,-164,-5,7.19
fold2_room1_mix0676,58,4,0,-162,-5,6.49
fold2_room1_mix0676,59,4,0,-161,-5,6.14
fold2_room1_mix0676,60,4,0,-160,-5,5.65
fold2_room1_mix0676,61,4,0,-158,-6,5.16
fold2_room1_mix0676,62,4,0,-157,-7,4.58
fold2_room1_mix0676,63,4,0,-155,-8,4.55
fold2_room1_mix0676,64,4,0,-153,-10,3.59
fold2_room1_mix0676,65,4,0,-152,-10,3.62
fold2_room1_mix0676,66,4,0,-149,-11,3.30
fold2_room1_mix0676,67,4,0,-146,-14,2.84
fold2_room1_mix0676,68,4,0,-142,-14,2.86
fold2_room1_mix0676,69,4,0,-136,-18,2.44
fold2_room1_mix0676,70,4,0,-127,-21,2.14
fold2_room1_mix0676,71,4,0,-113,-23,2.07
fold2_room1_mix0676,72,4,0,-97,-23,1.90
fold2_room1_mix0676,73,4,0,-83,-22,2.08
fold2_room1_mix0676,74,4,0,-67,-22,1.94
fold2_room1_mix0676,75,4,0,-55,-21,2.31
fold2_room1_mix0676,76,4,0,-44,-16,2.61
fold2_room1_mix0676,77,4,0,-38,-16,2.78
fold2_room1_mix0676,78,4,0,-33,-13,3.31
fold2_room1_mix0676,79,4,0,-26,-11,3.58
fold2_room1_mix0676,80,4,0,-24,-11,3.88
fold2_room1_mix0676,81,4,0,-21,-9,4.30
fold2_room1_mix0676,82,4,0,-20,-9,4.26
fold2_room1_mix0676,83,4,0,-19,-9,4.78
fold2_room1_mix0676,84,4,0,-17,-7,5.56
fold2_room1_mix0676,85,4,0,-15,-7,5.86
fold2_room1_mix0676,86,4,0,-14,-6,6.16
fold2_room1_mix0676,87,4,0,-12,-6,6.53
fold2_room1_mix0676,88,4,0,-12,-6,6.90
fold2_room1_mix0676,89,4,0,-11,-5,7.82
fold2_room1_mix0676,90,4,0,-11,-6,7.88
fold2_room1_mix0676,91,4,0,-10,-5,8.77
fold2_room1_mix0676,92,4,0,-9,-5,9.18
fold2_room1_mix0676,93,4,0,-9,-5,9.16
fold2_room1_mix0676,94,4,0,-9,-4,10.00
fold2_room1_mix0676,95,4,0,-7,-4,10.43
fold2_room1_mix0676,96,4,0,-7,-4,10.61
fold2_room1_mix0676,97,4,0,-6,-4,11.84
fold2_room1_mix0676,98,4,0,-5,-4,11.79
fold2_room1_mix0676,99,4,0,-5,-4,12.00
fold2_room1_mix0677,1,4,0,169,0,0.97
fold2_room1_mix0677,1,4,0,4,0,1.06
fold2_room1_mix0677,2,4,0,170,1,2.83
fold2_room1_mix0677,2,4,0,2,0,2.10
fold2_room1_mix0677,3,4,0,163,0,13.00
fold2_room1_mix0677,3,4,0,4,0,12.50
fold2_room1_mix0677,4,4,0,162,0,17.34
fold2_room1_mix0677,4,4,0,-3,-1,19.04
fold2_room1_mix0677,5,4,0,161,0,22.84
fold2_room1_mix0677,5,4,0,0,0,22.02
fold2_room1_mix0677,6,4,0,160,-1,23.90
fold2_room1_mix0677,6,4,0,0,-1,25.60
fold2_room1_mix0677,7,4,0,157,-1,33.22
fold2_room1_mix0677,7,4,0,-1,-1,38.18
fold2_room1_mix0677,8,4,0,159,-1,35.13
fold2_room1_mix0677,8,4,0,-1,-1,38.70
fold2_room1_mix0677,9,4,0,160,-2,34.49
fold2_room1_mix0677,9,4,0,-3,-1,39.80
fold2_room1_mix0677,10,4,0,156,-2,32.62
fold2_room1_mix0677,10,4,0,-1,-1,37.73
fold2_room1_mix0677,11,4,0,157,-2,32.25
fold2_room1_mix0677,11,4,0,-2,-1,38.19
fold2_room1_mix0677,12,4,0,157,-2,32.58
fold2_room1_mix0677,12,4,0,-2,-1,37.84
fold2_room1_mix0677,13,4,0,157,-2,32.49
fold2_room1_mix0677,13,4,0,-1,-1,36.49
fold2_room1_mix0677,14,4,0,159,-2,33.46
fold2_room1_mix0677,14,4,0,-1,-1,37.13
fold2_room1_mix0677,15,4,0,156,-2,33.08
fold2_room1_mix0677,15,4,0,-1,-1,35.43
fold2_room1_mix0677,16,4,0,158,-2,32.16
fold2_room1_mix0677,16,4,0,0,-1,34.73
fold2_room1_mix0677,17,4,0,156,-2,30.87
fold2_room1_mix0677,17,4,0,-3,-1,35.84
fold2_room1_mix0677,18,4,0,157,-2,31.58
fold2_room1_mix0677,18,4,0,-2,-1,35.74
fold2_room1_mix0677,19,4,0,156,-2,31.03
fold2_room1_mix0677,19,4,0,-2,-1,36.75
fold2_room1_mix0677,20,4,0,156,-2,30.13
fold2_room1_mix0677,20,4,0,-2,-1,36.64
fold2_room1_mix0677,21,4,0,154,-2,29.24
fold2_room1_mix0677,21,4,0,-2,-1,36.85
fold2_room1_mix0677,22,4,0,155,-2,28.26
fold2_room1_mix0677,22,4,0,-3,-1,35.70
fold2_room1_mix0677,23,4,0,153,-2,26.47
fold2_room1_mix0677,23,4,0,-4,-1,35.03
fold2_room1_mix0677,24,4,0,156,-2,26.68
fold2_room1_mix0677,24,4,0,-4,-1,36.38
fold2_room1_mix0677,25,4,0,154,-3,26.17
fold2_room1_mix0677,25,4,0,-4,-1,35.80
fold2_room1_mix0677,26,4,0,154,-2,25.90
fold2_room1_mix0677,26,4,0,-3,-1,35.17
fold2_room1_mix0677,27,4,0,153,-2,26.17
fold2_room1_mix0677,27,4,0,-4,-1,36.15
fold2_room1_mix0677,28,4,0,154,-2,26.38
fold2_room1_mix0677,28,4,0,-4,-1,37.21
fold2_room1_mix0677,29,4,0,153,-2,25.50
fold2_room1_mix0677,29,4,0,-5,-1,34.86
fold2_room1_mix0677,30,4,0,153,-2,24.86
fold2_room1_mix0677,30,4,0,-7,-1,34.14
fold2_room1_mix0677,31,4,0,151,-2,25.57
fold2_room1_mix0677,31,4,0,-7,-1,34.15
fold2_room1_mix0677,32,4,0,151,-2,25.05
fold2_room1_mix0677,32,4,0,-9,-1,31.58
fold2_room1_mix0677,33,4,0,150,-2,22.72
fold2_room1_mix0677,33,4,0,-10,-1,30.29
fold2_room1_mix0677,34,4,0,149,-2,22.13
fold2_room1_mix0677,34,4,0,-12,-1,26.58
fold2_room1_mix0677,35,4,0,148,-2,20.91
fold2_room1_mix0677,35,4,0,-11,-1,25.48
fold2_room1_mix0677,36,4,0,146,-2,21.42
fold2_room1_mix0677,36,4,0,-14,-1,22.96
fold2_room1_mix0677,37,4,0,141,-2,19.57
fold2_room1_mix0677,37,4,0,-15,-2,20.15
fold2_room1_mix0677,38,4,0,138,-1,19.30
fold2_room1_mix0677,38,4,0,-19,-2,18.94
fold2_room1_mix0677,39,4,0,136,-1,18.23
fold2_room1_mix0677,39,4,0,-21,-2,18.06
fold2_room1_mix0677,40,4,0,134,-1,17.97
fold2_room1_mix0677,40,4,0,-26,-2,16.78
fold2_room1_mix0677,41,4,0,134,-1,18.21
fold2_room1_mix0677,41,4,0,-27,-2,16.82
fold2_room1_mix0677,42,4,0,133,-1,18.25
fold2_room1_mix0677,42,4,0,-32,-2,16.18
fold2_room1_mix0677,43,4,0,127,-2,16.52
fold2_room1_mix0677,43,4,0,-36,-3,14.24
fold2_room1_mix0677,44,4,0,129,-2,17.44
fold2_room1_mix0677,44,4,0,-40,-4,13.87
fold2_room1_mix0677,45,4,0,126,-3,15.72
fold2_room1_mix0677,45,4,0,-44,-4,12.47
fold2_room1_mix0677,46,4,0,120,-3,16.26
fold2_room1_mix0677,46,4,0,-49,-4,12.02
fold2_room1_mix0677,47,4,0,125,-3,15.74
fold2_room1_mix0677,47,4,0,-56,-4,11.26
fold2_room1_mix0677,48,4,0,120,-4,14.12
fold2_room1_mix0677,48,4,0,-65,-5,10.43
fold2_room1_mix0677,49,4,0,121,-3,15.81
fold2_room1_mix0677,49,4,0,-71,-5,9.54
fold2_room1_mix0677,50,4,0,120,-3,16.05
fold2_room1_mix0677,50,4,0,-77,-6,9.15
fold2_room1_mix0677,51,4,0,114,-4,14.32
fold2_room1_mix0677,51,4,0,-85,-6,9.75
fold2_room1_mix0677,52,4,0,106,-5,13.50
fold2_room1_mix0677,52,4,0,-91,-6,11.03
fold2_room1_mix0677,54,4,0,-96,-5,10.67
fold2_room1_mix0677,54,4,0,103,-1,15.60
fold2_room1_mix0677,55,4,0,-97,-5,10.31
fold2_room1_mix0677,55,4,0,106,-1,14.98
fold2_room1_mix0677,56,4,0,-105,-4,11.02
fold2_room1_mix0677,56,4,0,101,-2,14.07
fold2_room1_mix0677,57,4,0,-120,-3,14.70
fold2_room1_mix0677,57,4,0,-102,-5,9.60
fold2_room1_mix0677,57,4,0,103,-3,16.45
fold2_room1_mix0677,58,4,0,-113,-5,10.75
fold2_room1_mix0677,58,4,0,101,-2,15.24
fold2_room1_mix0677,59,4,0,-131,-5,13.06
fold2_room1_mix0677,59,4,0,-111,-6,8.85
fold2_room1_mix0677,59,4,0,97,-3,15.78
fold2_room1_mix0677,60,4,0,-133,-4,12.81
fold2_room1_mix0677,60,4,0,-115,-5,10.42
fold2_room1_mix0677,60,4,0,96,-2,16.14
fold2_room1_mix0677,61,4,0,-135,-3,13.07
fold2_room1_mix0677,61,4,0,-119,-5,9.98
fold2_room1_mix0677,61,4,0,88,-3,15.40
fold2_room1_mix0677,62,4,0,-127,-3,13.12
fold2_room1_mix0677,62,4,0,87,-3,15.57
fold2_room1_mix0677,63,4,0,-128,-4,12.17
fold2_room1_mix0677,63,4,0,84,-3,15.94
fold2_room1_mix0677,64,4,0,-136,-3,12.98
fold2_room1_mix0677,64,4,0,82,-3,14.80
fold2_room1_mix0677,65,4,0,-142,-3,13.70
fold2_room1_mix0677,65,4,0,81,-4,14.65
fold2_room1_mix0677,66,4,0,-140,-3,13.49
fold2_room1_mix0677,66,4,0,85,-4,14.34
fold2_room1_mix0677,67,4,0,-143,-3,14.89
fold2_room1_mix0677,67,4,0,76,-4,13.97
fold2_room1_mix0677,68,4,0,-143,-3,14.76
fold2_room1_mix0677,68,4,0,80,-4,14.04
fold2_room1_mix0677,69,4,0,-145,-3,14.74
fold2_room1_mix0677,69,4,0,66,-5,13.29
fold2_room1_mix0677,70,4,0,-149,-3,16.95
fold2_room1_mix0677,70,4,0,71,-4,14.16
fold2_room1_mix0677,71,4,0,-147,-3,16.16
fold2_room1_mix0677,71,4,0,62,-5,14.20
fold2_room1_mix0677,72,4,0,-150,-2,18.07
fold2_room1_mix0677,72,4,0,57,-4,14.06
fold2_room1_mix0677,73,4,0,-151,-2,19.83
fold2_room1_mix0677,73,4,0,54,-4,14.08
fold2_room1_mix0677,74,4,0,-150,-2,19.90
fold2_room1_mix0677,74,4,0,43,-5,14.40
fold2_room1_mix0677,74,4,0,63,-4,14.70
fold2_room1_mix0677,75,4,0,-149,-2,18.06
fold2_room1_mix0677,75,4,0,51,-4,14.20
fold2_room1_mix0677,76,4,0,-149,-2,21.37
fold2_room1_mix0677,76,4,0,42,-5,16.43
fold2_room1_mix0677,76,4,0,59,-4,16.29
fold2_room1_mix0677,77,4,0,-150,-2,20.71
fold2_room1_mix0677,77,4,0,51,-4,15.60
fold2_room1_mix0677,78,4,0,-151,-2,24.34
fold2_room1_mix0677,78,4,0,58,-4,16.88
fold2_room1_mix0677,79,4,0,-157,-2,24.02
fold2_room1_mix0677,79,4,0,58,-4,18.47
fold2_room1_mix0677,80,4,0,-156,-1,22.79
fold2_room1_mix0677,80,4,0,44,-4,14.89
fold2_room1_mix0677,81,4,0,-156,-1,23.35
fold2_room1_mix0677,81,4,0,43,-4,15.13
fold2_room1_mix0677,82,4,0,-157,-1,26.20
fold2_room1_mix0677,82,4,0,42,-4,16.28
fold2_room1_mix0677,83,4,0,-159,-1,26.90
fold2_room1_mix0677,83,4,0,41,-4,15.52
fold2_room1_mix0677,84,4,0,-161,-1,27.84
fold2_room1_mix0677,84,4,0,39,-4,15.63
fold2_room1_mix0677,85,4,0,-163,-1,27.44
fold2_room1_mix0677,85,4,0,40,-3,16.46
fold2_room1_mix0677,86,4,0,-163,-1,28.65
fold2_room1_mix0677,86,4,0,40,-3,16.35
fold2_room1_mix0677,87,4,0,-163,-1,29.36
fold2_room1_mix0677,87,4,0,39,-3,17.23
fold2_room1_mix0677,88,4,0,-163,0,30.94
fold2_room1_mix0677,88,4,0,39,-3,17.76
fold2_room1_mix0677,89,4,0,-165,0,33.60
fold2_room1_mix0677,89,4,0,38,-3,17.72
fold2_room1_mix0677,90,4,0,-165,0,33.26
fold2_room1_mix0677,90,4,0,38,-3,17.50
fold2_room1_mix0677,91,4,0,-165,0,36.22
fold2_room1_mix0677,91,4,0,35,-3,17.93
fold2_room1_mix0677,92,4,0,-166,0,38.92
fold2_room1_mix0677,92,4,0,34,-3,18.44
fold2_room1_mix0677,93,4,0,-165,0,36.25
fold2_room1_mix0677,93,4,0,32,-3,18.59
fold2_room1_mix0677,94,4,0,-165,0,40.82
fold2_room1_mix0677,94,4,0,32,-3,18.52
fold2_room1_mix0677,95,4,0,-165,0,38.24
fold2_room1_mix0677,95,4,0,30,-3,19.06
fold2_room1_mix0677,96,4,0,-165,0,40.82
fold2_room1_mix0677,96,4,0,28,-3,19.77
fold2_room1_mix0677,97,4,0,-165,0,39.64
fold2_room1_mix0677,97,4,0,28,-3,19.93
fold2_room1_mix0677,98,4,0,-167,0,40.12
fold2_room1_mix0677,98,4,0,28,-3,19.19
fold2_room1_mix0677,99,4,0,-162,-1,39.49
fold2_room1_mix0677,99,4,0,27,-3,22.39
fold2_room1_mix0677,53,4,0,-89,-5,8.93
fold2_room1_mix0677,53,4,0,106,-1,16.69
fold2_room1_mix0678,2,4,0,-179,1,1.33
fold2_room1_mix0678,3,4,0,179,0,3.40
fold2_room1_mix0678,4,4,0,178,0,14.26
fold2_room1_mix0678,5,4,0,176,0,16.26
fold2_room1_mix0678,6,4,0,177,0,19.47
fold2_room1_mix0678,7,4,0,177,0,21.36
fold2_room1_mix0678,8,0,0,-160,-1,20.39
fold2_room1_mix0678,8,4,0,176,0,25.44
fold2_room1_mix0678,9,0,0,-159,-2,14.78
fold2_room1_mix0678,9,4,0,176,-1,24.96
fold2_room1_mix0678,10,0,0,-158,-1,20.36
fold2_room1_mix0678,10,4,0,176,0,21.79
fold2_room1_mix0678,11,0,0,-158,-1,21.73
fold2_room1_mix0678,11,4,0,177,-1,25.10
fold2_room1_mix0678,12,0,0,-159,-1,27.45
fold2_room1_mix0678,12,4,0,178,-1,21.79
fold2_room1_mix0678,13,0,0,-157,-1,23.78
fold2_room1_mix0678,13,4,0,-179,-1,18.40
fold2_room1_mix0678,14,0,0,-158,-1,25.51
fold2_room1_mix0678,14,4,0,-178,-1,18.99
fold2_room1_mix0678,15,0,0,-159,-1,26.93
fold2_room1_mix0678,15,4,0,-178,-1,19.39
fold2_room1_mix0678,16,0,0,-159,-1,25.03
fold2_room1_mix0678,16,4,0,-177,-1,16.56
fold2_room1_mix0678,17,0,0,-158,-1,21.31
fold2_room1_mix0678,17,4,0,-178,-1,20.40
fold2_room1_mix0678,18,0,0,-162,-1,17.08
fold2_room1_mix0678,18,4,0,-177,0,19.77
fold2_room1_mix0678,19,0,0,-160,-1,19.27
fold2_room1_mix0678,19,4,0,-178,-1,19.95
fold2_room1_mix0678,20,0,0,-155,-2,18.28
fold2_room1_mix0678,20,4,0,-178,0,22.25
fold2_room1_mix0678,21,0,0,-155,-1,18.29
fold2_room1_mix0678,21,4,0,-179,0,22.46
fold2_room1_mix0678,22,0,0,-151,-2,17.71
fold2_room1_mix0678,22,4,0,179,0,16.41
fold2_room1_mix0678,23,0,0,-149,-2,14.92
fold2_room1_mix0678,23,4,0,179,0,17.75
fold2_room1_mix0678,24,0,0,-146,-3,15.09
fold2_room1_mix0678,24,4,0,178,0,16.35
fold2_room1_mix0678,25,0,0,-143,-3,12.76
fold2_room1_mix0678,25,4,0,177,0,21.76
fold2_room1_mix0678,26,0,0,-143,-3,12.58
fold2_room1_mix0678,26,4,0,175,0,23.55
fold2_room1_mix0678,27,0,0,-142,-3,12.02
fold2_room1_mix0678,27,4,0,173,0,24.49
fold2_room1_mix0678,28,0,0,-142,-3,12.03
fold2_room1_mix0678,28,4,0,175,0,24.64
fold2_room1_mix0678,29,0,0,-145,-3,11.80
fold2_room1_mix0678,29,4,0,174,0,20.89
fold2_room1_mix0678,30,0,0,-143,-3,11.67
fold2_room1_mix0678,30,4,0,174,0,25.41
fold2_room1_mix0678,31,0,0,-147,-3,12.94
fold2_room1_mix0678,31,4,0,175,0,24.72
fold2_room1_mix0678,32,0,0,-147,-3,13.14
fold2_room1_mix0678,32,4,0,174,-1,23.30
fold2_room1_mix0678,33,0,0,-145,-3,12.89
fold2_room1_mix0678,33,4,0,170,0,27.32
fold2_room1_mix0678,34,0,0,-139,-3,11.89
fold2_room1_mix0678,34,4,0,172,0,25.23
fold2_room1_mix0678,35,0,0,-127,-3,10.33
fold2_room1_mix0678,35,4,0,173,0,24.44
fold2_room1_mix0678,36,0,0,-119,-4,10.25
fold2_room1_mix0678,36,4,0,170,0,25.55
fold2_room1_mix0678,37,0,0,-110,-5,9.59
fold2_room1_mix0678,37,4,0,169,0,25.27
fold2_room1_mix0678,38,0,0,-91,-5,9.80
fold2_room1_mix0678,38,4,0,170,0,23.72
fold2_room1_mix0678,39,0,0,-86,-5,10.17
fold2_room1_mix0678,39,4,0,167,-1,19.65
fold2_room1_mix0678,40,0,0,-74,-5,11.03
fold2_room1_mix0678,40,4,0,171,-1,20.60
fold2_room1_mix0678,41,0,0,-70,-4,12.43
fold2_room1_mix0678,41,4,0,173,-1,19.52
fold2_room1_mix0678,42,0,0,-66,-4,12.77
fold2_room1_mix0678,42,4,0,171,-2,17.54
fold2_room1_mix0678,43,0,0,-64,-4,13.21
fold2_room1_mix0678,43,4,0,172,-1,18.13
fold2_room1_mix0678,44,0,0,-59,-4,13.88
fold2_room1_mix0678,44,4,0,173,-2,15.81
fold2_room1_mix0678,45,0,0,-57,-4,12.73
fold2_room1_mix0678,45,4,0,169,-3,13.46
fold2_room1_mix0678,46,0,0,-54,-3,13.99
fold2_room1_mix0678,46,4,0,171,-3,15.50
fold2_room1_mix0678,47,0,0,-59,-4,12.71
fold2_room1_mix0678,47,4,0,174,-3,13.75
fold2_room1_mix0678,48,0,0,-51,-3,13.28
fold2_room1_mix0678,48,4,0,172,-4,11.63
fold2_room1_mix0678,49,0,0,-53,-3,13.82
fold2_room1_mix0678,49,4,0,171,-3,13.50
fold2_room1_mix0678,50,0,0,-44,-2,14.62
fold2_room1_mix0678,50,4,0,170,-3,14.10
fold2_room1_mix0678,51,0,0,-39,-2,15.20
fold2_room1_mix0678,51,4,0,172,-4,11.61
fold2_room1_mix0678,52,0,0,-36,-2,17.07
fold2_room1_mix0678,52,4,0,171,-3,11.72
fold2_room1_mix0678,53,0,0,-35,-2,17.28
fold2_room1_mix0678,53,4,0,169,-4,11.04
fold2_room1_mix0678,54,0,0,-37,-2,16.27
fold2_room1_mix0678,54,4,0,166,-5,9.86
fold2_room1_mix0678,55,0,0,-27,-2,19.97
fold2_room1_mix0678,55,4,0,166,-5,9.61
fold2_room1_mix0678,56,0,0,-25,-2,17.73
fold2_room1_mix0678,56,4,0,163,-6,8.66
fold2_room1_mix0678,57,0,0,-18,-2,23.17
fold2_room1_mix0678,57,4,0,162,-6,8.36
fold2_room1_mix0678,58,0,0,-21,-2,20.12
fold2_room1_mix0678,58,4,0,156,-8,7.44
fold2_room1_mix0678,59,0,0,-13,-2,23.60
fold2_room1_mix0678,59,4,0,157,-7,7.13
fold2_room1_mix0678,60,0,0,-8,-2,24.76
fold2_room1_mix0678,60,4,0,148,-9,5.38
fold2_room1_mix0678,61,0,0,-12,-2,21.74
fold2_room1_mix0678,61,4,0,135,-14,3.90
fold2_room1_mix0678,62,0,0,-9,-2,22.11
fold2_room1_mix0678,62,4,0,88,-24,2.92
fold2_room1_mix0678,63,0,0,-11,-2,23.64
fold2_room1_mix0678,63,4,0,64,-24,2.73
fold2_room1_mix0678,64,0,0,-11,-2,22.23
fold2_room1_mix0678,64,4,0,45,-19,3.01
fold2_room1_mix0678,65,0,0,-10,-2,25.01
fold2_room1_mix0678,65,4,0,38,-16,3.63
fold2_room1_mix0678,66,0,0,-7,-2,26.02
fold2_room1_mix0678,66,4,0,29,-13,4.50
fold2_room1_mix0678,67,0,0,-6,-2,27.76
fold2_room1_mix0678,67,4,0,22,-10,5.34
fold2_room1_mix0678,68,0,0,-5,-1,29.24
fold2_room1_mix0678,68,4,0,20,-9,6.49
fold2_room1_mix0678,69,0,0,-6,-1,29.28
fold2_room1_mix0678,69,4,0,16,-7,7.63
fold2_room1_mix0678,70,0,0,-5,-1,30.20
fold2_room1_mix0678,70,4,0,12,-5,8.27
fold2_room1_mix0678,71,0,0,-6,-1,30.27
fold2_room1_mix0678,71,4,0,11,-5,8.92
fold2_room1_mix0678,72,0,0,-4,-1,30.75
fold2_room1_mix0678,72,4,0,11,-5,9.68
fold2_room1_mix0678,73,0,0,-5,-1,32.64
fold2_room1_mix0678,73,4,0,9,-4,9.53
fold2_room1_mix0678,74,0,0,-4,-1,33.05
fold2_room1_mix0678,74,4,0,8,-4,10.48
fold2_room1_mix0678,75,0,0,-6,-1,33.82
fold2_room1_mix0678,75,4,0,7,-4,11.67
fold2_room1_mix0678,76,0,0,-6,-1,35.49
fold2_room1_mix0678,76,4,0,6,-3,11.60
fold2_room1_mix0678,77,0,0,-6,-1,34.11
fold2_room1_mix0678,77,4,0,6,-3,11.79
fold2_room1_mix0678,78,0,0,-6,-1,40.39
fold2_room1_mix0678,78,4,0,6,-3,14.21
fold2_room1_mix0678,79,0,0,-5,-1,35.21
fold2_room1_mix0678,79,4,0,7,-3,13.93
fold2_room1_mix0678,80,0,0,-3,0,19.17
fold2_room1_mix0678,80,4,0,9,-3,13.71
fold2_room1_mix0678,81,0,0,-4,0,16.51
fold2_room1_mix0678,81,4,0,8,-3,16.24
fold2_room1_mix0678,82,0,0,-4,0,3.58
fold2_room1_mix0678,82,4,0,7,-3,14.71
fold2_room1_mix0678,83,0,0,-3,0,2.15
fold2_room1_mix0678,83,4,0,7,-3,16.20
fold2_room1_mix0678,84,0,0,-3,0,2.61
fold2_room1_mix0678,84,4,0,9,-3,18.07
fold2_room1_mix0678,85,4,0,8,-2,18.45
fold2_room1_mix0678,86,4,0,7,-2,18.60
fold2_room1_mix0678,87,4,0,8,-2,18.93
fold2_room1_mix0678,88,4,0,8,-2,21.19
fold2_room1_mix0678,89,4,0,8,-2,20.54
fold2_room1_mix0678,90,4,0,8,-2,20.49
fold2_room1_mix0678,91,4,0,8,-2,23.94
fold2_room1_mix0678,92,4,0,8,-2,22.08
fold2_room1_mix0678,93,4,0,7,-2,22.12
fold2_room1_mix0678,94,4,0,7,-1,25.35
fold2_room1_mix0678,95,4,0,6,-1,24.73
fold2_room1_mix0678,96,4,0,5,-2,24.05
fold2_room1_mix0678,97,4,0,5,-1,25.93
fold2_room1_mix0678,98,4,0,5,-2,25.89
fold2_room1_mix0678,99,4,0,5,-1,23.63
fold2_room1_mix0680,3,4,0,-16,0,8.36
fold2_room1_mix0680,4,4,0,-20,-1,14.58
fold2_room1_mix0680,5,4,0,-18,-2,15.55
fold2_room1_mix0680,6,4,0,-21,-2,19.77
fold2_room1_mix0680,7,4,0,-20,-2,28.62
fold2_room1_mix0680,8,4,0,-22,-2,27.11
fold2_room1_mix0680,9,4,0,-17,-2,28.60
fold2_room1_mix0680,10,4,0,-18,-1,27.26
fold2_room1_mix0680,11,4,0,-20,-1,27.86
fold2_room1_mix0680,12,4,0,-20,-1,28.14
fold2_room1_mix0680,13,4,0,-22,-1,26.17
fold2_room1_mix0680,14,4,0,-22,-1,26.55
fold2_room1_mix0680,15,4,0,-24,-1,25.41
fold2_room1_mix0680,16,4,0,-25,-1,23.64
fold2_room1_mix0680,17,4,0,-26,-1,24.45
fold2_room1_mix0680,18,4,0,-23,-1,24.84
fold2_room1_mix0680,19,4,0,-24,-1,23.69
fold2_room1_mix0680,20,4,0,-28,-1,24.63
fold2_room1_mix0680,21,4,0,-25,-1,24.20
fold2_room1_mix0680,22,4,0,-24,-1,23.61
fold2_room1_mix0680,23,4,0,-27,-1,22.84
fold2_room1_mix0680,24,4,0,-27,-1,22.70
fold2_room1_mix0680,25,4,0,-28,-1,23.71
fold2_room1_mix0680,26,4,0,-28,-1,22.63
fold2_room1_mix0680,27,4,0,-28,-1,22.44
fold2_room1_mix0680,28,4,0,-28,-1,22.76
fold2_room1_mix0680,29,4,0,-30,-1,21.24
fold2_room1_mix0680,30,4,0,-29,-1,21.73
fold2_room1_mix0680,31,4,0,-29,-1,21.69
fold2_room1_mix0680,32,4,0,-31,-1,20.64
fold2_room1_mix0680,33,4,0,-31,-1,20.70
fold2_room1_mix0680,34,4,0,-33,-1,19.46
fold2_room1_mix0680,35,4,0,-33,-1,18.89
fold2_room1_mix0680,36,4,0,-33,-1,18.69
fold2_room1_mix0680,37,4,0,-36,-1,18.10
fold2_room1_mix0680,38,4,0,-35,-1,18.13
fold2_room1_mix0680,39,4,0,-36,-1,17.32
fold2_room1_mix0680,40,4,0,-38,-2,16.70
fold2_room1_mix0680,41,4,0,-37,-2,16.96
fold2_room1_mix0680,42,4,0,-38,-2,16.18
fold2_room1_mix0680,43,0,0,-154,-2,2.46
fold2_room1_mix0680,43,4,0,-37,-1,17.50
fold2_room1_mix0680,44,0,0,-153,-2,9.21
fold2_room1_mix0680,44,4,0,-31,-2,17.84
fold2_room1_mix0680,45,0,0,-153,-2,11.73
fold2_room1_mix0680,45,4,0,-35,-2,17.00
fold2_room1_mix0680,46,0,0,-152,-2,18.15
fold2_room1_mix0680,46,4,0,-35,-2,16.96
fold2_room1_mix0680,47,0,0,-148,-2,18.85
fold2_room1_mix0680,47,4,0,-57,-3,17.68
fold2_room1_mix0680,47,4,0,-32,-3,15.78
fold2_room1_mix0680,48,0,0,-149,-2,19.94
fold2_room1_mix0680,48,4,0,-94,-5,17.95
fold2_room1_mix0680,48,4,0,-31,-3,15.29
fold2_room1_mix0680,49,0,0,-141,-3,15.62
fold2_room1_mix0680,49,4,0,-79,-4,16.89
fold2_room1_mix0680,49,4,0,-33,-3,15.67
fold2_room1_mix0680,50,0,0,-143,-3,17.16
fold2_room1_mix0680,50,4,0,-146,-2,19.91
fold2_room1_mix0680,50,4,0,-32,-3,15.12
fold2_room1_mix0680,51,0,0,-142,-3,15.43
fold2_room1_mix0680,51,4,0,-81,-4,16.30
fold2_room1_mix0680,51,4,0,-39,-3,14.41
fold2_room1_mix0680,52,0,0,-137,-3,13.88
fold2_room1_mix0680,52,4,0,-41,-3,14.33
fold2_room1_mix0680,53,0,0,-136,-3,12.43
fold2_room1_mix0680,53,4,0,-47,-3,13.89
fold2_room1_mix0680,54,0,0,-132,-4,12.64
fold2_room1_mix0680,54,4,0,-103,-4,15.59
fold2_room1_mix0680,54,4,0,-56,-4,11.72
fold2_room1_mix0680,54,4,0,-38,-4,13.55
fold2_room1_mix0680,55,0,0,-123,-4,11.56
fold2_room1_mix0680,55,4,0,-56,-3,13.34
fold2_room1_mix0680,55,4,0,-35,-3,13.77
fold2_room1_mix0680,56,0,0,-113,-5,11.04
fold2_room1_mix0680,56,4,0,-92,-3,14.73
fold2_room1_mix0680,56,4,0,-59,-3,11.54
fold2_room1_mix0680,56,4,0,-37,-3,13.39
fold2_room1_mix0680,57,0,0,-105,-5,10.01
fold2_room1_mix0680,57,4,0,-96,-3,15.16
fold2_room1_mix0680,57,4,0,-51,-3,11.27
fold2_room1_mix0680,57,4,0,-32,-3,13.29
fold2_room1_mix0680,58,0,0,-100,-5,9.62
fold2_room1_mix0680,58,4,0,-51,-3,12.55
fold2_room1_mix0680,59,0,0,-93,-5,10.73
fold2_room1_mix0680,59,4,0,-85,-3,14.55
fold2_room1_mix0680,59,4,0,-61,-3,11.15
fold2_room1_mix0680,59,4,0,-42,-3,12.80
fold2_room1_mix0680,60,0,0,-89,-5,10.04
fold2_room1_mix0680,60,4,0,-60,-4,11.93
fold2_room1_mix0680,61,0,0,-91,-6,9.77
fold2_room1_mix0680,61,4,0,-60,-3,11.51
fold2_room1_mix0680,62,0,0,-103,-4,6.50
fold2_room1_mix0680,62,4,0,-63,-4,11.82
fold2_room1_mix0680,63,0,0,-107,-4,5.33
fold2_room1_mix0680,63,4,0,-63,-4,11.70
fold2_room1_mix0680,64,0,0,-112,-3,3.67
fold2_room1_mix0680,64,4,0,-65,-3,11.71
fold2_room1_mix0680,65,4,0,-69,-3,10.94
fold2_room1_mix0680,66,4,0,-71,-3,11.29
fold2_room1_mix0680,67,4,0,-73,-3,11.02
fold2_room1_mix0680,68,4,0,-76,-3,10.78
fold2_room1_mix0680,69,4,0,-80,-4,10.33
fold2_room1_mix0680,70,4,0,-83,-3,10.56
fold2_room1_mix0680,71,4,0,-84,-4,10.19
fold2_room1_mix0680,72,4,0,-87,-4,10.34
fold2_room1_mix0680,73,4,0,-88,-4,10.35
fold2_room1_mix0680,74,4,0,-88,-4,10.03
fold2_room1_mix0680,75,4,0,-92,-4,10.35
fold2_room1_mix0680,76,4,0,-94,-4,10.46
fold2_room1_mix0680,77,4,0,-96,-4,10.59
fold2_room1_mix0680,78,4,0,-99,-4,10.77
fold2_room1_mix0680,79,4,0,-101,-4,10.89
fold2_room1_mix0680,80,4,0,-104,-4,10.37
fold2_room1_mix0680,81,4,0,-105,-3,11.01
fold2_room1_mix0680,82,4,0,-107,-4,10.90
fold2_room1_mix0680,83,4,0,-109,-3,11.09
fold2_room1_mix0680,84,4,0,-111,-4,11.10
fold2_room1_mix0680,85,4,0,-113,-4,11.12
fold2_room1_mix0680,86,4,0,-115,-3,11.30
fold2_room1_mix0680,87,4,0,-115,-3,11.65
fold2_room1_mix0680,88,4,0,-118,-3,11.49
fold2_room1_mix0680,89,4,0,-121,-3,12.15
fold2_room1_mix0680,90,4,0,-120,-3,12.30
fold2_room1_mix0680,91,4,0,-123,-3,12.90
fold2_room1_mix0680,92,4,0,-125,-3,13.34
fold2_room1_mix0680,93,4,0,-124,-3,12.57
fold2_room1_mix0680,94,4,0,-127,-3,13.29
fold2_room1_mix0680,95,4,0,-128,-3,13.59
fold2_room1_mix0680,96,4,0,-128,-3,13.43
fold2_room1_mix0680,97,4,0,-129,-2,14.55
fold2_room1_mix0680,98,4,0,-131,-3,14.26
fold2_room1_mix0680,99,4,0,-132,-3,13.68
fold2_room1_mix0680,1,4,0,-12,-1,2.28
fold2_room1_mix0680,2,4,0,-18,0,1.74
fold2_room1_mix0681,5,4,0,3,0,5.32
fold2_room1_mix0681,6,4,0,2,0,9.24
fold2_room1_mix0681,7,4,0,2,0,11.47
fold2_room1_mix0681,8,4,0,2,0,16.68
fold2_room1_mix0681,9,4,0,1,0,20.13
fold2_room1_mix0681,10,4,0,2,0,24.26
fold2_room1_mix0681,11,4,0,2,-1,24.41
fold2_room1_mix0681,12,4,0,2,0,27.58
fold2_room1_mix0681,13,4,0,2,0,25.01
fold2_room1_mix0681,14,4,0,3,0,27.76
fold2_room1_mix0681,15,4,0,2,0,30.03
fold2_room1_mix0681,16,4,0,2,0,22.21
fold2_room1_mix0681,17,4,0,1,0,27.64
fold2_room1_mix0681,18,4,0,2,0,30.52
fold2_room1_mix0681,19,4,0,2,0,28.63
fold2_room1_mix0681,20,4,0,3,0,29.36
fold2_room1_mix0681,21,4,0,3,0,33.79
fold2_room1_mix0681,22,4,0,3,0,33.27
fold2_room1_mix0681,23,4,0,3,0,32.93
fold2_room1_mix0681,24,4,0,3,0,32.64
fold2_room1_mix0681,25,4,0,3,0,33.29
fold2_room1_mix0681,26,4,0,4,-1,35.40
fold2_room1_mix0681,27,4,0,4,0,36.16
fold2_room1_mix0681,28,4,0,5,0,35.25
fold2_room1_mix0681,29,4,0,5,0,35.19
fold2_room1_mix0681,30,4,0,4,0,34.53
fold2_room1_mix0681,31,4,0,7,0,34.79
fold2_room1_mix0681,32,4,0,5,0,35.63
fold2_room1_mix0681,33,4,0,5,0,35.11
fold2_room1_mix0681,34,4,0,6,0,35.10
fold2_room1_mix0681,35,4,0,5,0,33.08
fold2_room1_mix0681,36,4,0,7,0,34.67
fold2_room1_mix0681,37,4,0,8,0,37.35
fold2_room1_mix0681,38,4,0,7,0,34.97
fold2_room1_mix0681,39,4,0,6,0,33.43
fold2_room1_mix0681,40,4,0,7,0,35.66
fold2_room1_mix0681,41,4,0,6,0,34.09
fold2_room1_mix0681,42,4,0,7,0,31.85
fold2_room1_mix0681,43,4,0,6,0,32.01
fold2_room1_mix0681,44,4,0,7,0,28.95
fold2_room1_mix0681,45,4,0,6,-1,28.12
fold2_room1_mix0681,46,4,0,7,0,26.73
fold2_room1_mix0681,47,4,0,6,-1,26.17
fold2_room1_mix0681,48,4,0,6,-1,25.33
fold2_room1_mix0681,49,4,0,6,-1,24.83
fold2_room1_mix0681,50,4,0,7,-1,25.09
fold2_room1_mix0681,51,4,0,6,-1,25.61
fold2_room1_mix0681,52,4,0,5,-1,24.45
fold2_room1_mix0681,53,4,0,7,-1,24.31
fold2_room1_mix0681,54,4,0,7,-1,25.04
fold2_room1_mix0681,55,4,0,7,-1,24.67
fold2_room1_mix0681,56,4,0,7,-1,25.17
fold2_room1_mix0681,57,4,0,7,-1,23.46
fold2_room1_mix0681,58,4,0,8,-1,23.68
fold2_room1_mix0681,59,4,0,8,-1,23.67
fold2_room1_mix0681,60,4,0,8,-1,22.33
fold2_room1_mix0681,61,4,0,9,-1,22.12
fold2_room1_mix0681,62,4,0,10,-1,21.33
fold2_room1_mix0681,63,4,0,10,-1,22.20
fold2_room1_mix0681,64,4,0,12,-1,20.22
fold2_room1_mix0681,65,4,0,11,-2,18.64
fold2_room1_mix0681,66,4,0,12,-1,17.97
fold2_room1_mix0681,67,4,0,12,-2,17.48
fold2_room1_mix0681,68,4,0,11,-2,15.94
fold2_room1_mix0681,69,4,0,12,-2,15.10
fold2_room1_mix0681,70,4,0,13,-2,13.09
fold2_room1_mix0681,71,4,0,14,-3,13.27
fold2_room1_mix0681,72,4,0,17,-3,12.25
fold2_room1_mix0681,73,4,0,17,-3,11.55
fold2_room1_mix0681,74,4,0,18,-3,10.45
fold2_room1_mix0681,75,4,0,19,-3,10.05
fold2_room1_mix0681,76,4,0,20,-4,8.80
fold2_room1_mix0681,77,4,0,20,-4,8.46
fold2_room1_mix0681,78,4,0,21,-5,7.41
fold2_room1_mix0681,79,4,0,24,-5,6.87
fold2_room1_mix0681,80,4,0,25,-5,6.25
fold2_room1_mix0681,81,4,0,28,-6,5.68
fold2_room1_mix0681,82,4,0,32,-6,5.05
fold2_room1_mix0681,83,4,0,33,-8,4.43
fold2_room1_mix0681,84,4,0,37,-10,3.73
fold2_room1_mix0681,85,4,0,49,-10,3.55
fold2_room1_mix0681,86,4,0,58,-11,3.26
fold2_room1_mix0681,87,4,0,71,-11,3.25
fold2_room1_mix0681,88,4,0,84,-14,2.97
fold2_room1_mix0681,89,4,0,101,-13,3.08
fold2_room1_mix0681,90,4,0,116,-10,3.38
fold2_room1_mix0681,91,4,0,128,-8,3.75
fold2_room1_mix0681,92,4,0,136,-7,4.13
fold2_room1_mix0681,93,4,0,142,-7,4.50
fold2_room1_mix0681,94,4,0,146,-6,4.72
fold2_room1_mix0681,95,4,0,150,-5,5.60
fold2_room1_mix0681,96,4,0,155,-5,6.38
fold2_room1_mix0681,97,4,0,155,-4,6.82
fold2_room1_mix0681,98,4,0,158,-4,7.10
fold2_room1_mix0681,99,4,0,161,-4,7.35
fold2_room1_mix0682,1,4,0,-5,0,1.94
fold2_room1_mix0682,2,4,0,-178,0,4.54
fold2_room1_mix0682,2,4,0,-7,0,4.14
fold2_room1_mix0682,3,4,0,-177,0,7.47
fold2_room1_mix0682,3,4,0,-5,0,6.94
fold2_room1_mix0682,4,4,0,-179,-1,13.78
fold2_room1_mix0682,4,4,0,-6,0,12.89
fold2_room1_mix0682,5,4,0,179,-1,16.86
fold2_room1_mix0682,5,4,0,-3,-1,15.28
fold2_room1_mix0682,6,4,0,-179,-1,18.88
fold2_room1_mix0682,6,4,0,-2,0,17.44
fold2_room1_mix0682,7,4,0,177,-1,27.64
fold2_room1_mix0682,7,4,0,-5,-1,24.34
fold2_room1_mix0682,8,4,0,179,-2,28.58
fold2_room1_mix0682,8,4,0,-2,-1,26.54
fold2_room1_mix0682,9,4,0,179,-2,28.15
fold2_room1_mix0682,9,4,0,-4,-1,26.86
fold2_room1_mix0682,10,4,0,177,-2,28.33
fold2_room1_mix0682,10,4,0,-4,-1,27.23
fold2_room1_mix0682,11,4,0,179,-2,26.51
fold2_room1_mix0682,11,4,0,-6,-1,25.05
fold2_room1_mix0682,12,4,0,178,-2,28.14
fold2_room1_mix0682,12,4,0,-5,-2,23.93
fold2_room1_mix0682,13,4,0,-179,-2,29.14
fold2_room1_mix0682,13,4,0,-2,-1,25.22
fold2_room1_mix0682,14,4,0,179,-2,28.70
fold2_room1_mix0682,14,4,0,-4,-1,25.53
fold2_room1_mix0682,15,4,0,179,-1,29.34
fold2_room1_mix0682,15,4,0,-4,-1,23.68
fold2_room1_mix0682,16,4,0,-177,-1,29.22
fold2_room1_mix0682,16,4,0,-3,-1,24.17
fold2_room1_mix0682,17,4,0,-177,-1,29.55
fold2_room1_mix0682,17,4,0,-2,-1,24.52
fold2_room1_mix0682,18,4,0,-177,-1,29.13
fold2_room1_mix0682,18,4,0,-3,-1,24.79
fold2_room1_mix0682,19,4,0,-178,-2,29.49
fold2_room1_mix0682,19,4,0,-3,-2,24.60
fold2_room1_mix0682,20,4,0,-177,-2,31.22
fold2_room1_mix0682,20,4,0,-2,-2,24.65
fold2_room1_mix0682,21,4,0,-176,-2,29.05
fold2_room1_mix0682,21,4,0,-3,-2,23.01
fold2_room1_mix0682,22,4,0,-176,-1,28.95
fold2_room1_mix0682,22,4,0,-2,-2,22.38
fold2_room1_mix0682,23,4,0,-176,-1,27.70
fold2_room1_mix0682,23,4,0,-4,-2,21.12
fold2_room1_mix0682,24,4,0,-176,-1,28.81
fold2_room1_mix0682,24,4,0,-3,-2,21.69
fold2_room1_mix0682,25,4,0,-177,-2,28.28
fold2_room1_mix0682,25,4,0,-5,-2,21.26
fold2_room1_mix0682,26,4,0,-175,-1,30.86
fold2_room1_mix0682,26,4,0,-4,-2,23.08
fold2_room1_mix0682,27,4,0,-176,-2,29.39
fold2_room1_mix0682,27,4,0,-5,-2,20.89
fold2_room1_mix0682,28,4,0,-174,-2,28.07
fold2_room1_mix0682,28,4,0,-5,-3,17.50
fold2_room1_mix0682,29,4,0,-176,-2,29.42
fold2_room1_mix0682,29,4,0,-5,-3,17.32
fold2_room1_mix0682,30,4,0,-173,-2,29.11
fold2_room1_mix0682,30,4,0,-5,-3,19.56
fold2_room1_mix0682,31,4,0,-173,-2,28.27
fold2_room1_mix0682,31,4,0,-8,-4,15.87
fold2_room1_mix0682,32,4,0,-171,-2,28.95
fold2_room1_mix0682,32,4,0,-8,-4,14.91
fold2_room1_mix0682,33,4,0,-173,-2,30.98
fold2_room1_mix0682,33,4,0,-10,-4,16.28
fold2_room1_mix0682,34,4,0,-173,-1,32.37
fold2_room1_mix0682,34,4,0,-12,-4,15.44
fold2_room1_mix0682,35,4,0,-173,-1,35.01
fold2_room1_mix0682,35,4,0,-15,-4,13.78
fold2_room1_mix0682,36,4,0,-174,0,35.58
fold2_room1_mix0682,36,4,0,-18,-5,12.89
fold2_room1_mix0682,37,4,0,-176,0,35.34
fold2_room1_mix0682,37,4,0,-21,-4,12.52
fold2_room1_mix0682,38,4,0,-176,0,34.75
fold2_room1_mix0682,38,4,0,-22,-4,11.53
fold2_room1_mix0682,39,4,0,-176,0,35.42
fold2_room1_mix0682,39,4,0,-21,-4,12.03
fold2_room1_mix0682,40,4,0,-175,0,35.17
fold2_room1_mix0682,40,4,0,-23,-5,11.06
fold2_room1_mix0682,41,4,0,-174,-1,33.70
fold2_room1_mix0682,41,4,0,-23,-5,10.53
fold2_room1_mix0682,42,4,0,-175,0,36.82
fold2_room1_mix0682,42,4,0,-26,-5,9.59
fold2_room1_mix0682,43,4,0,-175,-1,35.32
fold2_room1_mix0682,43,4,0,-26,-6,9.47
fold2_room1_mix0682,44,4,0,-175,-1,35.67
fold2_room1_mix0682,44,4,0,-29,-7,7.97
fold2_room1_mix0682,45,4,0,-176,0,34.54
fold2_room1_mix0682,45,4,0,-33,-7,6.82
fold2_room1_mix0682,46,4,0,-174,0,33.28
fold2_room1_mix0682,46,4,0,-34,-8,5.28
fold2_room1_mix0682,47,4,0,-177,-1,30.67
fold2_room1_mix0682,47,4,0,-41,-10,4.21
fold2_room1_mix0682,48,4,0,-176,0,32.85
fold2_room1_mix0682,48,4,0,-44,-11,3.73
fold2_room1_mix0682,49,4,0,-174,0,30.24
fold2_room1_mix0682,49,4,0,-56,-15,3.23
fold2_room1_mix0682,50,4,0,-171,0,27.08
fold2_room1_mix0682,50,4,0,-72,-17,3.12
fold2_room1_mix0682,51,4,0,-170,-1,26.71
fold2_room1_mix0682,51,4,0,-91,-20,3.29
fold2_room1_mix0682,52,4,0,-173,-1,30.40
fold2_room1_mix0682,52,4,0,-128,-13,8.58
fold2_room1_mix0682,52,4,0,-96,-17,1.91
fold2_room1_mix0682,53,4,0,-171,-1,28.98
fold2_room1_mix0682,53,4,0,-125,-20,4.83
fold2_room1_mix0682,53,4,0,-106,-16,2.33
fold2_room1_mix0682,54,4,0,-173,-1,32.23
fold2_room1_mix0682,54,4,0,-153,-8,10.19
fold2_room1_mix0682,54,4,0,-115,-15,2.30
fold2_room1_mix0682,55,4,0,-174,-1,26.59
fold2_room1_mix0682,55,4,0,-119,-15,2.44
fold2_room1_mix0682,56,4,0,-170,-2,26.63
fold2_room1_mix0682,56,4,0,-125,-12,2.95
fold2_room1_mix0682,57,4,0,-172,-2,25.60
fold2_room1_mix0682,57,4,0,-132,-11,3.34
fold2_room1_mix0682,58,4,0,-169,-2,22.12
fold2_room1_mix0682,58,4,0,-137,-10,3.76
fold2_room1_mix0682,59,4,0,-172,-1,24.62
fold2_room1_mix0682,59,4,0,-139,-10,4.18
fold2_room1_mix0682,60,4,0,-169,-2,21.57
fold2_room1_mix0682,60,4,0,-142,-9,4.38
fold2_room1_mix0682,61,4,0,-172,-1,24.05
fold2_room1_mix0682,61,4,0,-145,-9,4.80
fold2_room1_mix0682,62,4,0,-172,0,23.83
fold2_room1_mix0682,62,4,0,-149,-7,5.21
fold2_room1_mix0682,63,4,0,-172,-1,22.75
fold2_room1_mix0682,63,4,0,-151,-7,5.57
fold2_room1_mix0682,64,4,0,-170,-1,21.69
fold2_room1_mix0682,64,4,0,-151,-7,5.89
fold2_room1_mix0682,65,4,0,-171,-1,21.71
fold2_room1_mix0682,65,4,0,-153,-6,6.40
fold2_room1_mix0682,66,4,0,-170,-1,19.99
fold2_room1_mix0682,66,4,0,-152,-6,6.36
fold2_room1_mix0682,67,4,0,-170,-1,19.32
fold2_room1_mix0682,67,4,0,-154,-6,6.73
fold2_room1_mix0682,68,4,0,-169,-1,18.85
fold2_room1_mix0682,68,4,0,-153,-6,6.77
fold2_room1_mix0682,69,4,0,-169,-1,18.43
fold2_room1_mix0682,69,4,0,-152,-6,6.89
fold2_room1_mix0682,70,4,0,-168,-1,18.58
fold2_room1_mix0682,70,4,0,-151,-6,7.34
fold2_room1_mix0682,71,4,0,-169,-1,17.11
fold2_room1_mix0682,71,4,0,-152,-6,7.28
fold2_room1_mix0682,72,4,0,-166,-1,17.32
fold2_room1_mix0682,72,4,0,-147,-6,8.13
fold2_room1_mix0682,73,4,0,-168,-1,17.15
fold2_room1_mix0682,73,4,0,-148,-6,7.68
fold2_room1_mix0682,74,4,0,-169,-1,16.44
fold2_room1_mix0682,74,4,0,-143,-6,8.48
fold2_room1_mix0682,75,4,0,-168,-1,17.65
fold2_room1_mix0682,75,4,0,-133,-6,8.04
fold2_room1_mix0682,76,4,0,-166,-2,15.55
fold2_room1_mix0682,76,4,0,-128,-6,8.04
fold2_room1_mix0682,77,4,0,-168,-2,16.30
fold2_room1_mix0682,77,4,0,-119,-7,8.25
fold2_room1_mix0682,78,4,0,-167,-2,17.01
fold2_room1_mix0682,78,4,0,-114,-8,7.29
fold2_room1_mix0682,79,4,0,-167,-2,15.65
fold2_room1_mix0682,79,4,0,-103,-8,7.21
fold2_room1_mix0682,80,4,0,-164,-2,17.04
fold2_room1_mix0682,80,4,0,-149,-4,10.87
fold2_room1_mix0682,80,4,0,-96,-7,7.32
fold2_room1_mix0682,81,4,0,-165,-2,17.98
fold2_room1_mix0682,81,4,0,-150,-5,10.63
fold2_room1_mix0682,81,4,0,-85,-7,7.69
fold2_room1_mix0682,82,4,0,-168,-1,19.10
fold2_room1_mix0682,82,4,0,-144,-6,10.46
fold2_room1_mix0682,82,4,0,-80,-7,7.46
fold2_room1_mix0682,83,4,0,-169,-1,18.96
fold2_room1_mix0682,83,4,0,-128,-7,10.54
fold2_room1_mix0682,83,4,0,-70,-6,8.12
fold2_room1_mix0682,84,4,0,-168,-1,19.32
fold2_room1_mix0682,84,4,0,-66,-6,8.76
fold2_room1_mix0682,85,4,0,-172,-2,19.09
fold2_room1_mix0682,85,4,0,-58,-6,8.61
fold2_room1_mix0682,86,4,0,-170,-2,18.58
fold2_room1_mix0682,86,4,0,-51,-5,9.33
fold2_room1_mix0682,87,4,0,-171,-2,18.45
fold2_room1_mix0682,87,4,0,-46,-4,10.06
fold2_room1_mix0682,88,4,0,-170,-2,18.10
fold2_room1_mix0682,88,4,0,-46,-4,11.32
fold2_room1_mix0682,89,4,0,-169,-3,17.81
fold2_room1_mix0682,89,4,0,-39,-4,12.41
fold2_room1_mix0682,90,4,0,-170,-2,19.00
fold2_room1_mix0682,90,4,0,-39,-3,13.50
fold2_room1_mix0682,91,4,0,-168,-2,17.94
fold2_room1_mix0682,91,4,0,-35,-3,14.03
fold2_room1_mix0682,92,4,0,-168,-2,18.10
fold2_room1_mix0682,92,4,0,-32,-3,14.45
fold2_room1_mix0682,93,4,0,-170,-2,18.87
fold2_room1_mix0682,93,4,0,-30,-3,15.11
fold2_room1_mix0682,94,4,0,-168,-2,20.28
fold2_room1_mix0682,94,4,0,-28,-2,16.38
fold2_room1_mix0682,95,4,0,-170,-2,20.79
fold2_room1_mix0682,95,4,0,-25,-3,15.67
fold2_room1_mix0682,96,4,0,-169,-2,21.17
fold2_room1_mix0682,96,4,0,-25,-3,16.31
fold2_room1_mix0682,97,4,0,-172,-1,22.34
fold2_room1_mix0682,97,4,0,-23,-2,16.98
fold2_room1_mix0682,98,4,0,-173,-1,21.15
fold2_room1_mix0682,98,4,0,-21,-2,16.73
fold2_room1_mix0682,99,4,0,-173,-1,21.40
fold2_room1_mix0682,99,4,0,-21,-2,16.94
fold2_room1_mix0683,65,3,0,-46,-4,5.73
fold2_room1_mix0683,66,3,0,-53,-3,8.66
fold2_room1_mix0683,67,3,0,-54,-3,9.12
fold2_room1_mix0683,68,3,0,-47,-3,5.05
fold2_room1_mix0683,69,3,0,-49,-2,7.09
fold2_room1_mix0683,70,3,0,-49,-2,10.17
fold2_room1_mix0683,71,3,0,-42,-2,9.71
fold2_room1_mix0683,72,3,0,-45,-1,6.17
fold2_room1_mix0684,8,4,0,-169,1,7.45
fold2_room1_mix0684,13,4,0,-170,1,5.15
fold2_room1_mix0684,15,4,0,-166,0,10.72
fold2_room1_mix0684,16,4,0,-167,0,8.41
fold2_room1_mix0684,18,4,0,-168,0,9.49
fold2_room1_mix0684,19,4,0,-162,0,13.10
fold2_room1_mix0684,20,4,0,-164,1,4.30
fold2_room1_mix0684,21,4,0,-166,0,6.57
fold2_room1_mix0684,22,4,0,-167,1,6.49
fold2_room1_mix0684,23,4,0,-164,0,4.32
fold2_room1_mix0684,24,4,0,-167,0,4.91
fold2_room1_mix0684,25,4,0,-164,0,16.64
fold2_room1_mix0684,26,4,0,-164,0,8.83
fold2_room1_mix0684,27,4,0,-164,0,13.27
fold2_room1_mix0684,28,4,0,-160,0,16.46
fold2_room1_mix0684,29,4,0,-155,0,19.69
fold2_room1_mix0684,30,4,0,-156,0,18.72
fold2_room1_mix0684,31,4,0,-155,-1,17.48
fold2_room1_mix0684,32,4,0,-151,0,19.38
fold2_room1_mix0684,33,4,0,-156,0,18.89
fold2_room1_mix0684,34,4,0,-155,0,18.84
fold2_room1_mix0684,35,4,0,-155,0,16.86
fold2_room1_mix0684,36,4,0,-152,0,18.64
fold2_room1_mix0684,37,4,0,-151,0,22.00
fold2_room1_mix0684,38,4,0,-151,0,22.47
fold2_room1_mix0684,39,4,0,-150,0,23.05
fold2_room1_mix0684,40,4,0,-147,0,22.40
fold2_room1_mix0684,41,4,0,-148,0,21.69
fold2_room1_mix0684,42,4,0,-147,0,20.13
fold2_room1_mix0684,43,4,0,-144,0,18.84
fold2_room1_mix0684,44,4,0,-142,0,19.75
fold2_room1_mix0684,45,4,0,-142,0,19.48
fold2_room1_mix0684,46,4,0,-138,0,19.30
fold2_room1_mix0684,47,4,0,-140,0,19.15
fold2_room1_mix0684,48,4,0,-140,0,20.00
fold2_room1_mix0684,49,4,0,-137,0,18.67
fold2_room1_mix0684,50,4,0,-136,0,18.52
fold2_room1_mix0684,51,4,0,-134,0,17.35
fold2_room1_mix0684,52,4,0,-131,0,16.97
fold2_room1_mix0684,53,4,0,-129,0,16.86
fold2_room1_mix0684,54,4,0,-130,0,16.67
fold2_room1_mix0684,55,4,0,-129,-1,16.32
fold2_room1_mix0684,56,4,0,-128,0,17.30
fold2_room1_mix0684,57,4,0,-126,-1,15.45
fold2_room1_mix0684,58,4,0,-124,-1,15.81
fold2_room1_mix0684,59,4,0,-122,0,15.08
fold2_room1_mix0684,60,4,0,-120,-1,14.74
fold2_room1_mix0684,61,4,0,-117,-1,14.05
fold2_room1_mix0684,62,4,0,-116,-1,14.16
fold2_room1_mix0684,63,4,0,-112,-1,13.96
fold2_room1_mix0684,64,4,0,-112,-1,14.35
fold2_room1_mix0684,65,4,0,-108,-1,13.86
fold2_room1_mix0684,66,4,0,-104,-2,13.42
fold2_room1_mix0684,67,4,0,-100,-2,13.42
fold2_room1_mix0684,68,4,0,-97,-2,13.25
fold2_room1_mix0684,69,4,0,-96,-2,13.57
fold2_room1_mix0684,70,4,0,-93,-2,13.44
fold2_room1_mix0684,71,4,0,-92,-2,13.06
fold2_room1_mix0684,72,4,0,-89,-2,13.54
fold2_room1_mix0684,73,4,0,-87,-2,13.30
fold2_room1_mix0684,74,4,0,-85,-2,13.21
fold2_room1_mix0684,75,4,0,-83,-1,13.71
fold2_room1_mix0684,76,4,0,-79,-1,14.59
fold2_room1_mix0684,77,4,0,-77,-1,15.01
fold2_room1_mix0684,78,4,0,-71,-1,15.40
fold2_room1_mix0684,79,4,0,-72,-1,15.34
fold2_room1_mix0684,80,4,0,-66,-1,15.82
fold2_room1_mix0684,81,4,0,-65,-1,15.85
fold2_room1_mix0684,82,4,0,-64,-1,16.29
fold2_room1_mix0684,83,4,0,-61,-1,16.11
fold2_room1_mix0684,84,4,0,-59,-1,17.29
fold2_room1_mix0684,85,4,0,-57,-1,17.39
fold2_room1_mix0684,86,4,0,-53,-1,17.72
fold2_room1_mix0684,87,4,0,-53,-1,17.70
fold2_room1_mix0684,88,4,0,-50,-1,17.98
fold2_room1_mix0684,89,4,0,-51,-1,17.73
fold2_room1_mix0684,90,4,0,-48,-1,18.02
fold2_room1_mix0684,91,4,0,-47,-1,18.41
fold2_room1_mix0684,92,4,0,-46,0,19.52
fold2_room1_mix0684,93,4,0,-43,0,19.77
fold2_room1_mix0684,94,4,0,-43,0,20.53
fold2_room1_mix0684,95,4,0,-44,0,20.88
fold2_room1_mix0684,96,4,0,-40,0,20.89
fold2_room1_mix0684,97,4,0,-39,0,21.89
fold2_room1_mix0684,98,4,0,-38,0,22.88
fold2_room1_mix0684,99,4,0,-36,0,22.38
fold2_room1_mix0684,14,4,0,-163,1,2.80
fold2_room1_mix0684,17,4,0,-165,2,2.09
fold2_room1_mix0685,5,4,0,177,0,7.67
fold2_room1_mix0685,6,4,0,-179,0,20.96
fold2_room1_mix0685,7,4,0,-179,0,25.10
fold2_room1_mix0685,8,4,0,-179,0,22.42
fold2_room1_mix0685,9,4,0,177,0,34.27
fold2_room1_mix0685,10,4,0,177,0,13.36
fold2_room1_mix0685,11,4,0,179,0,39.37
fold2_room1_mix0685,12,4,0,-179,0,36.82
fold2_room1_mix0685,13,4,0,178,0,36.69
fold2_room1_mix0685,14,4,0,178,0,35.52
fold2_room1_mix0685,15,4,0,-178,0,35.99
fold2_room1_mix0685,16,4,0,-179,0,33.34
fold2_room1_mix0685,17,4,0,178,0,33.21
fold2_room1_mix0685,18,4,0,179,0,33.29
fold2_room1_mix0685,19,4,0,177,0,31.91
fold2_room1_mix0685,20,4,0,-179,0,31.39
fold2_room1_mix0685,21,4,0,-178,0,32.61
fold2_room1_mix0685,22,4,0,177,0,31.45
fold2_room1_mix0685,23,4,0,178,0,30.35
fold2_room1_mix0685,24,4,0,178,0,31.62
fold2_room1_mix0685,25,4,0,179,0,29.29
fold2_room1_mix0685,26,4,0,177,0,27.24
fold2_room1_mix0685,27,4,0,179,0,29.98
fold2_room1_mix0685,28,4,0,179,0,27.09
fold2_room1_mix0685,29,4,0,177,0,27.64
fold2_room1_mix0685,30,4,0,179,0,27.53
fold2_room1_mix0685,31,4,0,179,0,27.22
fold2_room1_mix0685,32,4,0,178,0,25.41
fold2_room1_mix0685,33,4,0,177,0,25.99
fold2_room1_mix0685,34,4,0,179,0,24.42
fold2_room1_mix0685,35,4,0,178,0,24.13
fold2_room1_mix0685,36,4,0,177,0,23.41
fold2_room1_mix0685,37,4,0,176,0,23.95
fold2_room1_mix0685,38,4,0,179,0,22.59
fold2_room1_mix0685,39,4,0,176,0,21.67
fold2_room1_mix0685,40,4,0,175,0,22.21
fold2_room1_mix0685,41,4,0,176,0,20.91
fold2_room1_mix0685,42,4,0,175,0,20.11
fold2_room1_mix0685,43,4,0,176,-1,19.64
fold2_room1_mix0685,44,4,0,174,-1,18.61
fold2_room1_mix0685,45,4,0,174,-1,18.61
fold2_room1_mix0685,46,4,0,173,-1,18.30
fold2_room1_mix0685,47,4,0,173,-1,17.43
fold2_room1_mix0685,48,4,0,173,-1,17.40
fold2_room1_mix0685,49,4,0,173,-1,17.16
fold2_room1_mix0685,50,4,0,172,-1,16.65
fold2_room1_mix0685,51,4,0,175,-1,16.03
fold2_room1_mix0685,52,4,0,172,-1,15.39
fold2_room1_mix0685,53,4,0,171,-1,14.97
fold2_room1_mix0685,54,4,0,170,-2,13.97
fold2_room1_mix0685,55,4,0,171,-2,12.91
fold2_room1_mix0685,56,4,0,170,-2,12.98
fold2_room1_mix0685,57,4,0,170,-2,12.30
fold2_room1_mix0685,58,4,0,170,-3,11.31
fold2_room1_mix0685,59,4,0,168,-3,11.04
fold2_room1_mix0685,60,4,0,167,-3,10.01
fold2_room1_mix0685,61,4,0,166,-4,9.26
fold2_room1_mix0685,62,4,0,164,-3,8.91
fold2_room1_mix0685,63,4,0,164,-4,8.53
fold2_room1_mix0685,64,4,0,162,-4,8.03
fold2_room1_mix0685,65,4,0,161,-4,7.04
fold2_room1_mix0685,66,4,0,157,-5,6.38
fold2_room1_mix0685,67,4,0,157,-5,5.65
fold2_room1_mix0685,68,4,0,153,-6,4.84
fold2_room1_mix0685,69,4,0,150,-7,4.35
fold2_room1_mix0685,70,4,0,144,-8,3.79
fold2_room1_mix0685,71,4,0,137,-8,3.07
fold2_room1_mix0685,72,4,0,126,-9,2.80
fold2_room1_mix0685,73,4,0,107,-12,2.44
fold2_room1_mix0685,74,4,0,88,-11,2.41
fold2_room1_mix0685,75,4,0,69,-10,2.44
fold2_room1_mix0685,76,4,0,58,-8,2.58
fold2_room1_mix0685,77,4,0,45,-7,2.94
fold2_room1_mix0685,78,4,0,36,-6,3.37
fold2_room1_mix0685,79,4,0,31,-5,3.91
fold2_room1_mix0685,80,4,0,28,-5,4.43
fold2_room1_mix0685,81,4,0,23,-4,5.01
fold2_room1_mix0685,82,4,0,21,-4,5.40
fold2_room1_mix0685,83,4,0,19,-4,6.41
fold2_room1_mix0685,84,4,0,18,-3,6.69
fold2_room1_mix0685,85,4,0,17,-3,7.56
fold2_room1_mix0685,86,4,0,17,-3,7.92
fold2_room1_mix0685,87,4,0,15,-3,8.46
fold2_room1_mix0685,88,4,0,14,-2,10.13
fold2_room1_mix0685,89,4,0,13,-2,10.29
fold2_room1_mix0685,90,4,0,13,-2,10.95
fold2_room1_mix0685,91,4,0,12,-2,12.37
fold2_room1_mix0685,92,4,0,12,-2,12.24
fold2_room1_mix0685,93,4,0,11,-2,12.80
fold2_room1_mix0685,94,4,0,11,-2,13.56
fold2_room1_mix0685,95,4,0,11,-2,13.82
fold2_room1_mix0685,96,4,0,10,-1,14.71
fold2_room1_mix0685,97,4,0,9,-1,15.21
fold2_room1_mix0685,98,4,0,10,-1,16.35
fold2_room1_mix0685,99,4,0,9,-1,17.17
fold2_room1_mix0686,5,4,0,2,0,4.15
fold2_room1_mix0686,7,4,0,5,0,10.15
fold2_room1_mix0686,9,4,0,2,0,16.82
fold2_room1_mix0686,10,4,0,3,0,5.12
fold2_room1_mix0686,11,4,0,6,0,22.98
fold2_room1_mix0686,12,4,0,7,0,27.22
fold2_room1_mix0686,13,4,0,7,0,22.25
fold2_room1_mix0686,14,4,0,6,0,23.98
fold2_room1_mix0686,15,4,0,9,0,25.78
fold2_room1_mix0686,16,4,0,6,0,33.00
fold2_room1_mix0686,17,4,0,8,0,34.16
fold2_room1_mix0686,18,4,0,6,0,37.82
fold2_room1_mix0686,19,4,0,8,0,40.85
fold2_room1_mix0686,20,4,0,9,0,29.11
fold2_room1_mix0686,21,4,0,7,0,30.64
fold2_room1_mix0686,22,4,0,8,0,41.34
fold2_room1_mix0686,23,4,0,9,0,43.71
fold2_room1_mix0686,24,4,0,10,0,40.93
fold2_room1_mix0686,25,4,0,10,0,46.01
fold2_room1_mix0686,26,4,0,11,0,44.20
fold2_room1_mix0686,27,4,0,10,0,44.88
fold2_room1_mix0686,28,4,0,12,0,42.92
fold2_room1_mix0686,29,4,0,11,0,44.43
fold2_room1_mix0686,30,4,0,11,0,46.56
fold2_room1_mix0686,31,2,0,134,-4,8.77
fold2_room1_mix0686,31,4,0,9,0,47.88
fold2_room1_mix0686,32,2,0,132,-5,7.30
fold2_room1_mix0686,32,4,0,13,0,44.67
fold2_room1_mix0686,33,2,0,129,-5,7.77
fold2_room1_mix0686,33,4,0,9,0,42.29
fold2_room1_mix0686,34,2,0,127,-5,6.75
fold2_room1_mix0686,34,4,0,10,0,41.41
fold2_room1_mix0686,35,2,0,128,-5,6.98
fold2_room1_mix0686,35,4,0,9,0,45.96
fold2_room1_mix0686,36,4,0,10,0,46.01
fold2_room1_mix0686,37,4,0,9,0,46.19
fold2_room1_mix0686,38,4,0,10,0,44.57
fold2_room1_mix0686,39,4,0,12,0,43.22
fold2_room1_mix0686,40,4,0,11,0,44.14
fold2_room1_mix0686,41,2,0,119,-6,6.19
fold2_room1_mix0686,41,4,0,11,0,40.74
fold2_room1_mix0686,42,2,0,116,-5,6.75
fold2_room1_mix0686,42,4,0,12,0,41.97
fold2_room1_mix0686,43,2,0,116,-5,7.71
fold2_room1_mix0686,43,4,0,11,0,42.24
fold2_room1_mix0686,44,2,0,116,-5,8.15
fold2_room1_mix0686,44,4,0,9,0,44.68
fold2_room1_mix0686,45,2,0,109,-6,7.97
fold2_room1_mix0686,45,4,0,8,0,51.89
fold2_room1_mix0686,46,0,0,95,-2,4.31
fold2_room1_mix0686,46,4,0,8,0,44.99
fold2_room1_mix0686,47,0,0,89,-2,5.26
fold2_room1_mix0686,47,4,0,10,0,42.03
fold2_room1_mix0686,48,0,0,97,-2,8.10
fold2_room1_mix0686,48,4,0,10,0,36.78
fold2_room1_mix0686,49,0,0,100,-2,8.78
fold2_room1_mix0686,49,4,0,14,0,34.61
fold2_room1_mix0686,50,0,0,102,-2,11.94
fold2_room1_mix0686,50,4,0,11,0,41.57
fold2_room1_mix0686,51,0,0,105,-2,11.58
fold2_room1_mix0686,51,2,0,103,-6,4.37
fold2_room1_mix0686,51,4,0,14,0,32.57
fold2_room1_mix0686,52,0,0,111,-2,11.33
fold2_room1_mix0686,52,4,0,17,0,30.03
fold2_room1_mix0686,53,0,0,108,-2,13.25
fold2_room1_mix0686,53,4,0,18,0,30.47
fold2_room1_mix0686,54,0,0,123,-2,14.11
fold2_room1_mix0686,54,4,0,19,0,26.89
fold2_room1_mix0686,55,0,0,124,-2,15.58
fold2_room1_mix0686,55,4,0,19,0,26.05
fold2_room1_mix0686,56,0,0,120,-2,16.69
fold2_room1_mix0686,56,4,0,19,0,26.33
fold2_room1_mix0686,57,0,0,129,-2,17.30
fold2_room1_mix0686,57,4,0,20,0,26.88
fold2_room1_mix0686,58,0,0,134,-1,17.66
fold2_room1_mix0686,58,4,0,20,0,25.43
fold2_room1_mix0686,59,0,0,141,-1,18.99
fold2_room1_mix0686,59,4,0,19,0,24.88
fold2_room1_mix0686,60,0,0,143,-1,21.75
fold2_room1_mix0686,60,4,0,21,0,22.47
fold2_room1_mix0686,61,0,0,135,-1,22.11
fold2_room1_mix0686,61,2,0,66,-5,11.71
fold2_room1_mix0686,61,4,0,23,-1,21.83
fold2_room1_mix0686,62,0,0,145,-1,23.64
fold2_room1_mix0686,62,4,0,25,-1,19.03
fold2_room1_mix0686,63,0,0,142,-1,22.78
fold2_room1_mix0686,63,2,0,107,-7,3.51
fold2_room1_mix0686,63,4,0,27,-1,18.56
fold2_room1_mix0686,64,0,0,142,-1,23.36
fold2_room1_mix0686,64,2,0,100,-7,6.23
fold2_room1_mix0686,64,4,0,27,-1,16.70
fold2_room1_mix0686,65,0,0,148,-1,23.66
fold2_room1_mix0686,65,2,0,105,-5,7.75
fold2_room1_mix0686,65,4,0,32,-1,16.37
fold2_room1_mix0686,66,0,0,148,-1,24.11
fold2_room1_mix0686,66,2,0,93,-7,4.44
fold2_room1_mix0686,66,4,0,32,-2,13.79
fold2_room1_mix0686,67,0,0,149,-1,25.18
fold2_room1_mix0686,67,4,0,35,-1,14.22
fold2_room1_mix0686,68,0,0,150,-1,25.02
fold2_room1_mix0686,68,4,0,42,-2,12.45
fold2_room1_mix0686,69,0,0,150,-1,27.87
fold2_room1_mix0686,69,4,0,44,-2,11.85
fold2_room1_mix0686,70,0,0,153,0,27.77
fold2_room1_mix0686,70,4,0,52,-3,10.69
fold2_room1_mix0686,71,0,0,153,0,27.79
fold2_room1_mix0686,71,4,0,54,-3,10.29
fold2_room1_mix0686,72,0,0,152,0,28.33
fold2_room1_mix0686,72,4,0,57,-3,9.53
fold2_room1_mix0686,73,0,0,150,0,28.80
fold2_room1_mix0686,73,4,0,61,-3,9.83
fold2_room1_mix0686,74,0,0,151,0,30.95
fold2_room1_mix0686,74,4,0,64,-3,9.53
fold2_room1_mix0686,75,0,0,154,0,33.29
fold2_room1_mix0686,75,4,0,69,-4,9.15
fold2_room1_mix0686,76,0,0,155,0,33.13
fold2_room1_mix0686,76,4,0,74,-4,9.07
fold2_room1_mix0686,77,0,0,156,0,35.83
fold2_room1_mix0686,77,4,0,79,-4,9.05
fold2_room1_mix0686,78,0,0,156,0,36.51
fold2_room1_mix0686,78,4,0,85,-4,9.23
fold2_room1_mix0686,79,0,0,156,0,35.82
fold2_room1_mix0686,79,4,0,95,-4,8.94
fold2_room1_mix0686,80,0,0,157,0,36.70
fold2_room1_mix0686,80,4,0,97,-4,9.19
fold2_room1_mix0686,81,0,0,158,0,36.44
fold2_room1_mix0686,81,4,0,104,-4,9.53
fold2_room1_mix0686,82,0,0,158,0,37.80
fold2_room1_mix0686,82,4,0,109,-4,9.37
fold2_room1_mix0686,83,0,0,159,0,25.78
fold2_room1_mix0686,83,4,0,114,-3,9.84
fold2_room1_mix0686,84,0,0,159,0,14.23
fold2_room1_mix0686,84,4,0,118,-3,10.60
fold2_room1_mix0686,85,0,0,159,0,20.27
fold2_room1_mix0686,85,4,0,122,-3,11.17
fold2_room1_mix0686,86,0,0,160,0,11.89
fold2_room1_mix0686,86,4,0,126,-3,11.63
fold2_room1_mix0686,87,0,0,159,0,11.49
fold2_room1_mix0686,87,4,0,129,-2,12.28
fold2_room1_mix0686,88,0,0,162,0,5.62
fold2_room1_mix0686,88,4,0,131,-2,13.14
fold2_room1_mix0686,89,0,0,164,0,4.70
fold2_room1_mix0686,89,4,0,134,-2,13.87
fold2_room1_mix0686,90,0,0,165,0,3.19
fold2_room1_mix0686,90,4,0,137,-2,14.53
fold2_room1_mix0686,91,0,0,165,0,2.20
fold2_room1_mix0686,91,4,0,140,-2,15.32
fold2_room1_mix0686,92,4,0,141,-2,15.52
fold2_room1_mix0686,93,4,0,144,-2,16.79
fold2_room1_mix0686,94,4,0,144,-2,17.38
fold2_room1_mix0686,95,4,0,145,-2,17.75
fold2_room1_mix0686,96,4,0,147,-2,18.31
fold2_room1_mix0686,97,4,0,149,-1,19.40
fold2_room1_mix0686,98,4,0,149,-1,20.22
fold2_room1_mix0686,99,4,0,150,-1,20.57
fold2_room1_mix0686,8,4,0,3,0,4.69
fold2_room1_mix0687,0,5,0,161,3,3.83
fold2_room1_mix0687,1,5,0,147,2,7.54
fold2_room1_mix0687,2,5,0,148,2,9.87
fold2_room1_mix0687,3,5,0,155,2,10.92
fold2_room1_mix0687,4,5,0,153,2,8.53
fold2_room1_mix0687,5,5,0,149,2,14.53
fold2_room1_mix0687,6,5,0,147,2,16.83
fold2_room1_mix0687,7,5,0,153,2,18.07
fold2_room1_mix0687,8,5,0,147,1,18.01
fold2_room1_mix0687,9,5,0,155,2,17.61
fold2_room1_mix0687,10,5,0,152,2,16.33
fold2_room1_mix0687,11,5,0,150,1,18.49
fold2_room1_mix0687,12,5,0,150,1,17.24
fold2_room1_mix0687,13,5,0,151,2,15.99
fold2_room1_mix0687,14,5,0,148,1,18.74
fold2_room1_mix0687,15,5,0,151,2,15.41
fold2_room1_mix0687,16,5,0,148,2,14.89
fold2_room1_mix0687,17,5,0,149,2,16.14
fold2_room1_mix0687,18,5,0,154,2,16.96
fold2_room1_mix0687,19,5,0,148,2,15.31
fold2_room1_mix0687,20,5,0,151,1,17.36
fold2_room1_mix0687,21,5,0,151,2,15.54
fold2_room1_mix0687,22,5,0,148,1,17.21
fold2_room1_mix0687,23,5,0,152,2,15.07
fold2_room1_mix0687,24,5,0,148,2,14.84
fold2_room1_mix0687,25,5,0,149,2,14.42
fold2_room1_mix0687,26,5,0,148,2,15.83
fold2_room1_mix0687,27,5,0,145,2,15.51
fold2_room1_mix0687,28,5,0,148,2,15.30
fold2_room1_mix0687,29,5,0,149,2,14.57
fold2_room1_mix0687,30,5,0,144,2,14.69
fold2_room1_mix0687,31,5,0,146,2,15.45
fold2_room1_mix0687,32,5,0,146,2,13.69
fold2_room1_mix0687,33,5,0,144,2,13.03
fold2_room1_mix0687,34,5,0,147,2,13.98
fold2_room1_mix0687,35,5,0,146,2,14.07
fold2_room1_mix0687,36,5,0,145,2,14.30
fold2_room1_mix0687,37,5,0,147,2,14.51
fold2_room1_mix0687,38,5,0,142,2,12.86
fold2_room1_mix0687,39,5,0,144,2,12.88
fold2_room1_mix0687,40,5,0,144,2,13.56
fold2_room1_mix0687,41,5,0,143,3,12.03
fold2_room1_mix0687,42,5,0,146,2,13.08
fold2_room1_mix0687,43,5,0,144,2,12.89
fold2_room1_mix0687,44,5,0,142,2,12.27
fold2_room1_mix0687,45,5,0,142,2,12.53
fold2_room1_mix0687,46,5,0,141,2,13.20
fold2_room1_mix0687,47,5,0,141,3,11.62
fold2_room1_mix0687,48,5,0,139,3,11.57
fold2_room1_mix0687,49,4,0,165,0,1.44
fold2_room1_mix0687,49,5,0,140,3,10.64
fold2_room1_mix0687,50,5,0,138,3,11.47
fold2_room1_mix0687,51,5,0,139,4,10.79
fold2_room1_mix0687,52,4,0,152,0,12.35
fold2_room1_mix0687,52,5,0,133,4,9.50
fold2_room1_mix0687,53,4,0,148,-1,14.30
fold2_room1_mix0687,53,5,0,133,4,9.94
fold2_room1_mix0687,54,4,0,150,-1,12.34
fold2_room1_mix0687,54,5,0,137,4,10.33
fold2_room1_mix0687,55,4,0,151,0,15.21
fold2_room1_mix0687,55,5,0,137,4,10.49
fold2_room1_mix0687,56,4,0,147,-1,17.32
fold2_room1_mix0687,56,5,0,134,5,10.22
fold2_room1_mix0687,57,4,0,142,0,17.65
fold2_room1_mix0687,57,5,0,139,5,10.36
fold2_room1_mix0687,58,4,0,146,-1,16.93
fold2_room1_mix0687,58,5,0,139,5,9.53
fold2_room1_mix0687,59,4,0,145,-1,17.23
fold2_room1_mix0687,59,5,0,137,4,11.88
fold2_room1_mix0687,60,4,0,142,-1,16.95
fold2_room1_mix0687,60,5,0,142,4,11.37
fold2_room1_mix0687,61,4,0,138,-1,15.71
fold2_room1_mix0687,61,5,0,141,5,10.63
fold2_room1_mix0687,62,4,0,138,-1,15.02
fold2_room1_mix0687,62,5,0,143,5,10.83
fold2_room1_mix0687,63,4,0,135,-2,14.12
fold2_room1_mix0687,63,5,0,142,5,10.23
fold2_room1_mix0687,64,4,0,129,-3,12.10
fold2_room1_mix0687,64,5,0,141,4,11.07
fold2_room1_mix0687,65,4,0,126,-2,11.80
fold2_room1_mix0687,65,5,0,146,4,11.68
fold2_room1_mix0687,66,4,0,118,-3,10.79
fold2_room1_mix0687,66,5,0,142,4,10.61
fold2_room1_mix0687,67,4,0,110,-3,10.04
fold2_room1_mix0687,67,5,0,144,5,10.36
fold2_room1_mix0687,68,4,0,103,-4,9.27
fold2_room1_mix0687,68,5,0,144,5,9.67
fold2_room1_mix0687,69,4,0,95,-4,8.42
fold2_room1_mix0687,69,5,0,138,5,9.03
fold2_room1_mix0687,70,4,0,88,-4,8.84
fold2_room1_mix0687,70,5,0,144,4,10.07
fold2_room1_mix0687,71,4,0,87,-4,8.83
fold2_room1_mix0687,71,5,0,137,5,8.22
fold2_room1_mix0687,72,4,0,78,-3,9.62
fold2_room1_mix0687,72,5,0,134,5,8.58
fold2_room1_mix0687,73,4,0,69,-2,9.98
fold2_room1_mix0687,73,5,0,139,5,8.07
fold2_room1_mix0687,74,4,0,63,-2,10.18
fold2_room1_mix0687,74,5,0,140,5,8.15
fold2_room1_mix0687,75,4,0,65,-2,10.46
fold2_room1_mix0687,75,5,0,136,5,8.66
fold2_room1_mix0687,76,4,0,59,-2,11.25
fold2_room1_mix0687,76,5,0,137,5,8.06
fold2_room1_mix0687,77,4,0,52,-1,12.77
fold2_room1_mix0687,77,5,0,134,6,7.64
fold2_room1_mix0687,78,4,0,49,-1,12.96
fold2_room1_mix0687,78,5,0,134,4,9.13
fold2_room1_mix0687,79,4,0,46,-1,13.74
fold2_room1_mix0687,79,5,0,138,4,9.03
fold2_room1_mix0687,80,4,0,44,-1,14.04
fold2_room1_mix0687,80,5,0,131,5,8.57
fold2_room1_mix0687,81,4,0,46,-1,15.28
fold2_room1_mix0687,81,5,0,137,4,9.40
fold2_room1_mix0687,82,4,0,41,0,17.08
fold2_room1_mix0687,82,5,0,136,4,9.31
fold2_room1_mix0687,83,4,0,38,0,19.23
fold2_room1_mix0687,83,5,0,130,4,9.03
fold2_room1_mix0687,84,4,0,36,0,19.43
fold2_room1_mix0687,84,5,0,134,4,10.34
fold2_room1_mix0687,85,4,0,36,0,19.05
fold2_room1_mix0687,85,5,0,130,5,9.19
fold2_room1_mix0687,86,4,0,31,0,20.91
fold2_room1_mix0687,86,5,0,126,4,9.56
fold2_room1_mix0687,87,4,0,32,0,9.95
fold2_room1_mix0687,87,5,0,124,4,8.65
fold2_room1_mix0687,88,4,0,29,0,20.87
fold2_room1_mix0687,88,5,0,123,4,8.67
fold2_room1_mix0687,89,4,0,29,0,17.79
fold2_room1_mix0687,89,5,0,120,5,8.41
fold2_room1_mix0687,90,4,0,30,0,16.99
fold2_room1_mix0687,90,5,0,123,5,8.05
fold2_room1_mix0687,91,4,0,34,0,10.34
fold2_room1_mix0687,91,5,0,121,5,7.55
fold2_room1_mix0687,92,5,0,117,5,8.26
fold2_room1_mix0687,93,5,0,115,5,8.05
fold2_room1_mix0687,94,5,0,115,5,7.35
fold2_room1_mix0687,95,5,0,115,5,7.59
fold2_room1_mix0687,96,5,0,113,5,8.26
fold2_room1_mix0687,97,5,0,112,6,6.89
fold2_room1_mix0687,98,5,0,113,5,7.77
fold2_room1_mix0687,99,5,0,108,6,7.10
fold2_room1_mix0688,37,1,0,131,-2,26.97
fold2_room1_mix0688,38,1,0,131,-2,25.17
fold2_room1_mix0688,39,1,0,126,-2,22.56
fold2_room1_mix0688,40,1,0,123,-2,22.92
fold2_room1_mix0688,41,1,0,124,-2,4.82
fold2_room1_mix0688,42,1,0,118,-3,18.37
fold2_room1_mix0688,43,1,0,119,-2,16.83
fold2_room1_mix0688,43,4,0,163,0,2.02
fold2_room1_mix0688,44,1,0,126,-2,22.47
fold2_room1_mix0688,44,4,0,168,-1,9.11
fold2_room1_mix0688,45,1,0,123,-2,21.30
fold2_room1_mix0688,45,4,0,169,-1,8.25
fold2_room1_mix0688,46,4,0,163,-1,8.63
fold2_room1_mix0688,47,1,0,112,-2,19.03
fold2_room1_mix0688,47,4,0,169,-1,19.14
fold2_room1_mix0688,48,1,0,109,-3,17.30
fold2_room1_mix0688,48,4,0,163,-1,10.30
fold2_room1_mix0688,49,1,0,110,-2,20.06
fold2_room1_mix0688,49,4,0,166,-2,16.12
fold2_room1_mix0688,50,1,0,107,-2,19.59
fold2_room1_mix0688,50,4,0,171,-1,17.27
fold2_room1_mix0688,51,4,0,166,-1,18.55
fold2_room1_mix0688,52,1,0,100,-3,14.16
fold2_room1_mix0688,52,4,0,175,-1,18.59
fold2_room1_mix0688,53,1,0,93,-3,15.19
fold2_room1_mix0688,53,4,0,165,-1,16.95
fold2_room1_mix0688,54,1,0,92,-3,14.99
fold2_room1_mix0688,54,4,0,168,-2,18.68
fold2_room1_mix0688,55,1,0,90,-3,14.92
fold2_room1_mix0688,55,4,0,174,-1,17.52
fold2_room1_mix0688,56,1,0,97,-2,5.63
fold2_room1_mix0688,56,4,0,170,-2,18.38
fold2_room1_mix0688,57,4,0,159,-1,18.26
fold2_room1_mix0688,58,4,0,166,-1,16.25
fold2_room1_mix0688,59,4,0,171,-2,15.28
fold2_room1_mix0688,60,4,0,171,-2,15.04
fold2_room1_mix0688,61,4,0,170,-1,14.07
fold2_room1_mix0688,62,4,0,169,-2,14.15
fold2_room1_mix0688,63,4,0,168,-2,13.36
fold2_room1_mix0688,64,4,0,166,-3,12.20
fold2_room1_mix0688,65,4,0,164,-3,11.85
fold2_room1_mix0688,66,4,0,162,-3,11.24
fold2_room1_mix0688,67,4,0,160,-3,9.94
fold2_room1_mix0688,68,4,0,159,-4,9.52
fold2_room1_mix0688,69,4,0,157,-4,9.03
fold2_room1_mix0688,70,4,0,156,-5,7.42
fold2_room1_mix0688,71,4,0,155,-5,7.13
fold2_room1_mix0688,72,4,0,152,-6,6.79
fold2_room1_mix0688,73,4,0,148,-6,6.14
fold2_room1_mix0688,74,4,0,142,-7,5.20
fold2_room1_mix0688,75,4,0,138,-8,5.25
fold2_room1_mix0688,76,4,0,133,-10,4.47
fold2_room1_mix0688,77,4,0,122,-12,3.92
fold2_room1_mix0688,78,4,0,105,-12,3.72
fold2_room1_mix0688,79,4,0,91,-14,3.61
fold2_room1_mix0688,80,4,0,80,-13,3.99
fold2_room1_mix0688,81,4,0,65,-12,3.68
fold2_room1_mix0688,82,4,0,55,-11,4.39
fold2_room1_mix0688,83,4,0,43,-9,4.55
fold2_room1_mix0688,84,4,0,38,-8,4.90
fold2_room1_mix0688,85,4,0,34,-6,5.92
fold2_room1_mix0688,86,4,0,31,-6,6.02
fold2_room1_mix0688,87,4,0,28,-6,6.90
fold2_room1_mix0688,88,4,0,27,-5,7.88
fold2_room1_mix0688,89,4,0,24,-5,8.23
fold2_room1_mix0688,90,4,0,23,-4,8.81
fold2_room1_mix0688,91,4,0,22,-4,9.99
fold2_room1_mix0688,92,4,0,21,-4,10.81
fold2_room1_mix0688,93,4,0,20,-4,10.99
fold2_room1_mix0688,94,4,0,19,-3,12.21
fold2_room1_mix0688,95,4,0,19,-3,12.87
fold2_room1_mix0688,96,4,0,18,-3,13.33
fold2_room1_mix0688,97,4,0,15,-3,14.32
fold2_room1_mix0688,98,4,0,15,-3,15.62
fold2_room1_mix0688,99,4,0,15,-2,15.76
fold2_room1_mix0689,45,4,0,124,-2,4.10
fold2_room1_mix0689,46,4,0,126,-2,3.35
fold2_room1_mix0689,49,4,0,123,-2,8.30
fold2_room1_mix0689,61,4,0,107,-2,3.12
fold2_room1_mix0689,62,4,0,113,-2,6.72
fold2_room1_mix0689,63,4,0,113,-3,9.92
fold2_room1_mix0689,64,4,0,112,-2,8.06
fold2_room1_mix0689,65,4,0,109,-3,10.88
fold2_room1_mix0689,66,4,0,109,-3,10.21
fold2_room1_mix0689,67,4,0,108,-3,10.91
fold2_room1_mix0689,68,4,0,102,-2,5.10
fold2_room1_mix0689,69,4,0,102,-3,10.70
fold2_room1_mix0689,70,4,0,106,-2,10.10
fold2_room1_mix0689,71,4,0,102,-3,11.42
fold2_room1_mix0689,72,4,0,103,-3,12.08
fold2_room1_mix0689,73,4,0,101,-3,11.89
fold2_room1_mix0689,74,4,0,97,-3,12.31
fold2_room1_mix0689,75,4,0,98,-3,11.09
fold2_room1_mix0689,76,4,0,96,-3,8.29
fold2_room1_mix0689,77,4,0,92,-3,10.32
fold2_room1_mix0689,78,4,0,92,-3,4.66
fold2_room1_mix0689,79,4,0,91,-3,8.91
fold2_room1_mix0689,80,4,0,88,-3,6.95
fold2_room1_mix0689,81,4,0,89,-3,8.98
fold2_room1_mix0689,82,4,0,88,-4,11.13
fold2_room1_mix0689,83,4,0,88,-3,10.94
fold2_room1_mix0689,84,4,0,89,-4,10.61
fold2_room1_mix0689,85,4,0,90,-3,7.22
fold2_room1_mix0689,86,4,0,87,-3,6.19
fold2_room1_mix0689,87,4,0,83,-3,9.73
fold2_room1_mix0689,88,4,0,82,-4,8.58
fold2_room1_mix0689,89,4,0,83,-3,6.42
fold2_room1_mix0689,90,4,0,81,-4,7.39
fold2_room1_mix0689,91,4,0,78,-3,10.26
fold2_room1_mix0689,92,4,0,77,-3,11.04
fold2_room1_mix0689,93,4,0,78,-4,10.04
fold2_room1_mix0689,94,4,0,78,-3,8.03
fold2_room1_mix0689,95,4,0,80,-3,9.01
fold2_room1_mix0689,96,4,0,80,-3,9.91
fold2_room1_mix0689,97,4,0,76,-3,9.47
fold2_room1_mix0689,98,4,0,77,-3,4.53
fold2_room1_mix0689,99,4,0,78,-2,3.91
fold2_room1_mix0690,2,4,0,175,2,1.10
fold2_room1_mix0690,3,4,0,177,0,5.02
fold2_room1_mix0690,4,2,0,35,-3,13.74
fold2_room1_mix0690,4,4,0,174,0,13.18
fold2_room1_mix0690,5,2,0,35,-2,5.93
fold2_room1_mix0690,5,4,0,174,0,17.24
fold2_room1_mix0690,6,4,0,177,0,17.03
fold2_room1_mix0690,7,4,0,176,0,24.39
fold2_room1_mix0690,8,4,0,176,-1,24.10
fold2_room1_mix0690,9,4,0,176,-1,22.65
fold2_room1_mix0690,10,2,0,36,-4,11.43
fold2_room1_mix0690,10,4,0,175,-1,20.40
fold2_room1_mix0690,11,2,0,40,-3,10.96
fold2_room1_mix0690,11,4,0,175,-1,19.44
fold2_room1_mix0690,12,2,0,37,-3,10.34
fold2_room1_mix0690,12,4,0,174,-1,19.81
fold2_room1_mix0690,13,2,0,35,-4,9.62
fold2_room1_mix0690,13,4,0,174,-1,18.41
fold2_room1_mix0690,14,2,0,28,-3,11.41
fold2_room1_mix0690,14,4,0,175,-1,18.90
fold2_room1_mix0690,15,4,0,174,-1,20.77
fold2_room1_mix0690,16,4,0,175,-1,19.03
fold2_room1_mix0690,17,4,0,175,-1,19.80
fold2_room1_mix0690,18,4,0,175,-1,19.84
fold2_room1_mix0690,19,2,0,40,-4,11.11
fold2_room1_mix0690,19,4,0,175,-1,17.01
fold2_room1_mix0690,20,2,0,43,-4,11.41
fold2_room1_mix0690,20,4,0,175,-1,17.76
fold2_room1_mix0690,21,2,0,43,-4,10.43
fold2_room1_mix0690,21,4,0,175,-1,16.49
fold2_room1_mix0690,22,2,0,42,-5,9.10
fold2_room1_mix0690,22,4,0,175,-1,14.89
fold2_room1_mix0690,23,2,0,42,-5,9.90
fold2_room1_mix0690,23,4,0,176,-1,15.22
fold2_room1_mix0690,24,2,0,35,-4,8.64
fold2_room1_mix0690,24,4,0,177,-2,14.32
fold2_room1_mix0690,25,4,0,176,-2,14.42
fold2_room1_mix0690,26,4,0,-175,-2,15.19
fold2_room1_mix0690,26,4,0,163,-2,13.17
fold2_room1_mix0690,27,4,0,-171,-3,12.65
fold2_room1_mix0690,27,4,0,160,-3,11.12
fold2_room1_mix0690,28,2,0,55,-4,10.71
fold2_room1_mix0690,28,4,0,-173,-3,12.74
fold2_room1_mix0690,28,4,0,162,-4,10.53
fold2_room1_mix0690,29,2,0,51,-5,8.97
fold2_room1_mix0690,29,4,0,-174,-3,12.65
fold2_room1_mix0690,29,4,0,165,-4,9.93
fold2_room1_mix0690,30,2,0,52,-5,9.63
fold2_room1_mix0690,30,4,0,-175,-2,12.30
fold2_room1_mix0690,30,4,0,165,-4,8.98
fold2_room1_mix0690,31,2,0,53,-5,8.21
fold2_room1_mix0690,31,4,0,179,-3,10.84
fold2_room1_mix0690,32,2,0,52,-6,8.22
fold2_room1_mix0690,32,4,0,-179,-3,10.20
fold2_room1_mix0690,33,2,0,55,-6,8.53
fold2_room1_mix0690,33,4,0,-179,-3,10.15
fold2_room1_mix0690,34,4,0,170,-5,8.99
fold2_room1_mix0690,34,4,0,-144,-3,11.33
fold2_room1_mix0690,35,4,0,168,-5,8.02
fold2_room1_mix0690,35,4,0,-142,-2,10.15
fold2_room1_mix0690,36,4,0,177,-5,8.81
fold2_room1_mix0690,36,4,0,-163,-7,6.27
fold2_room1_mix0690,37,4,0,164,-5,8.76
fold2_room1_mix0690,37,4,0,-133,-8,5.36
fold2_room1_mix0690,38,2,0,60,-5,6.61
fold2_room1_mix0690,38,4,0,166,-5,8.48
fold2_room1_mix0690,38,4,0,-130,-9,6.19
fold2_room1_mix0690,39,2,0,61,-6,8.00
fold2_room1_mix0690,39,4,0,164,-4,9.68
fold2_room1_mix0690,39,4,0,-126,-12,4.90
fold2_room1_mix0690,40,2,0,57,-6,8.03
fold2_room1_mix0690,40,4,0,164,-4,9.45
fold2_room1_mix0690,40,4,0,-113,-13,4.44
fold2_room1_mix0690,41,2,0,54,-5,8.19
fold2_room1_mix0690,41,4,0,162,-5,8.72
fold2_room1_mix0690,41,4,0,-103,-12,4.75
fold2_room1_mix0690,42,2,0,61,-7,8.09
fold2_room1_mix0690,42,4,0,164,-5,8.85
fold2_room1_mix0690,42,4,0,-91,-15,4.39
fold2_room1_mix0690,43,4,0,162,-6,8.54
fold2_room1_mix0690,43,4,0,-76,-16,4.75
fold2_room1_mix0690,44,4,0,163,-6,8.17
fold2_room1_mix0690,44,4,0,-58,-9,5.62
fold2_room1_mix0690,45,4,0,159,-7,8.53
fold2_room1_mix0690,45,4,0,-63,-9,6.33
fold2_room1_mix0690,46,4,0,155,-7,8.30
fold2_room1_mix0690,46,4,0,-58,-10,5.92
fold2_room1_mix0690,47,2,0,72,-6,5.46
fold2_room1_mix0690,47,4,0,150,-6,7.30
fold2_room1_mix0690,47,4,0,-49,-9,6.14
fold2_room1_mix0690,48,2,0,78,-6,6.16
fold2_room1_mix0690,48,4,0,149,-8,6.12
fold2_room1_mix0690,48,4,0,-50,-10,6.17
fold2_room1_mix0690,49,2,0,82,-6,7.26
fold2_room1_mix0690,49,4,0,145,-8,6.73
fold2_room1_mix0690,49,4,0,-51,-13,5.53
fold2_room1_mix0690,50,2,0,78,-6,7.43
fold2_room1_mix0690,50,4,0,143,-8,5.69
fold2_room1_mix0690,50,4,0,-35,-10,5.93
fold2_room1_mix0690,51,2,0,68,-7,6.88
fold2_room1_mix0690,51,4,0,144,-9,5.83
fold2_room1_mix0690,51,4,0,-35,-8,7.71
fold2_room1_mix0690,52,2,0,70,-6,7.17
fold2_room1_mix0690,52,4,0,149,-8,7.33
fold2_room1_mix0690,52,4,0,133,-11,3.95
fold2_room1_mix0690,52,4,0,-27,-9,6.92
fold2_room1_mix0690,53,4,0,138,-8,6.74
fold2_room1_mix0690,53,4,0,119,-10,4.36
fold2_room1_mix0690,53,4,0,-19,-6,7.51
fold2_room1_mix0690,54,4,0,120,-10,4.72
fold2_room1_mix0690,54,4,0,-24,-4,8.77
fold2_room1_mix0690,55,4,0,124,-9,6.34
fold2_room1_mix0690,55,4,0,106,-11,3.92
fold2_room1_mix0690,55,4,0,-11,-5,9.22
fold2_room1_mix0690,56,4,0,102,-11,4.81
fold2_room1_mix0690,56,4,0,-8,-4,9.73
fold2_room1_mix0690,57,2,0,83,-6,7.07
fold2_room1_mix0690,57,4,0,94,-10,4.20
fold2_room1_mix0690,57,4,0,-2,-5,9.22
fold2_room1_mix0690,58,2,0,92,-7,7.55
fold2_room1_mix0690,58,4,0,94,-11,4.62
fold2_room1_mix0690,58,4,0,-1,-5,9.71
fold2_room1_mix0690,59,2,0,88,-6,7.64
fold2_room1_mix0690,59,4,0,77,-10,4.20
fold2_room1_mix0690,59,4,0,1,-1,13.14
fold2_room1_mix0690,60,2,0,101,-7,6.58
fold2_room1_mix0690,60,4,0,66,-9,3.98
fold2_room1_mix0690,60,4,0,0,0,13.01
fold2_room1_mix0690,61,2,0,103,-7,6.50
fold2_room1_mix0690,61,4,0,58,-8,4.03
fold2_room1_mix0690,61,4,0,-1,0,14.19
fold2_room1_mix0690,62,4,0,47,-9,4.20
fold2_room1_mix0690,62,4,0,-3,0,17.21
fold2_room1_mix0690,63,4,0,45,-8,4.33
fold2_room1_mix0690,63,4,0,0,0,15.83
fold2_room1_mix0690,64,4,0,38,-8,4.52
fold2_room1_mix0690,64,4,0,-2,0,19.07
fold2_room1_mix0690,65,4,0,37,-7,4.62
fold2_room1_mix0690,65,4,0,-4,1,22.60
fold2_room1_mix0690,66,4,0,33,-7,4.81
fold2_room1_mix0690,66,4,0,-3,1,23.38
fold2_room1_mix0690,67,4,0,30,-6,5.68
fold2_room1_mix0690,67,4,0,-7,1,23.82
fold2_room1_mix0690,68,4,0,27,-6,5.99
fold2_room1_mix0690,68,4,0,-5,0,25.16
fold2_room1_mix0690,69,4,0,27,-6,5.98
fold2_room1_mix0690,69,4,0,-4,0,23.13
fold2_room1_mix0690,70,4,0,26,-6,5.97
fold2_room1_mix0690,70,4,0,-7,1,26.23
fold2_room1_mix0690,71,4,0,25,-6,6.42
fold2_room1_mix0690,71,4,0,-2,0,26.52
fold2_room1_mix0690,72,4,0,25,-5,6.76
fold2_room1_mix0690,72,4,0,-2,0,25.89
fold2_room1_mix0690,73,4,0,24,-5,7.22
fold2_room1_mix0690,73,4,0,-4,0,24.78
fold2_room1_mix0690,74,4,0,22,-5,6.99
fold2_room1_mix0690,74,4,0,-4,0,26.47
fold2_room1_mix0690,75,4,0,19,-5,7.93
fold2_room1_mix0690,75,4,0,-1,0,25.96
fold2_room1_mix0690,76,4,0,19,-5,8.15
fold2_room1_mix0690,76,4,0,-4,0,25.11
fold2_room1_mix0690,77,4,0,19,-4,8.96
fold2_room1_mix0690,77,4,0,-4,0,25.20
fold2_room1_mix0690,78,4,0,18,-4,9.57
fold2_room1_mix0690,78,4,0,-4,-1,25.75
fold2_room1_mix0690,79,4,0,18,-4,10.28
fold2_room1_mix0690,79,4,0,-4,0,26.58
fold2_room1_mix0690,80,4,0,16,-4,10.29
fold2_room1_mix0690,80,4,0,-3,-1,24.90
fold2_room1_mix0690,81,4,0,16,-4,10.99
fold2_room1_mix0690,81,4,0,-3,-1,26.85
fold2_room1_mix0690,82,4,0,17,-3,11.49
fold2_room1_mix0690,82,4,0,-4,-1,26.40
fold2_room1_mix0690,83,4,0,16,-4,11.54
fold2_room1_mix0690,83,4,0,-4,0,28.86
fold2_room1_mix0690,84,4,0,15,-3,13.18
fold2_room1_mix0690,84,4,0,-3,-1,26.57
fold2_room1_mix0690,85,4,0,14,-4,12.57
fold2_room1_mix0690,85,4,0,-3,-1,27.29
fold2_room1_mix0690,86,4,0,14,-4,12.73
fold2_room1_mix0690,86,4,0,-5,0,29.74
fold2_room1_mix0690,87,4,0,14,-3,14.69
fold2_room1_mix0690,87,4,0,-3,-1,26.35
fold2_room1_mix0690,88,4,0,14,-3,14.14
fold2_room1_mix0690,88,4,0,-3,-1,25.74
fold2_room1_mix0690,89,4,0,14,-3,14.22
fold2_room1_mix0690,89,4,0,-4,-1,28.76
fold2_room1_mix0690,90,4,0,13,-3,14.57
fold2_room1_mix0690,90,4,0,-4,-1,27.60
fold2_room1_mix0690,91,4,0,12,-3,15.62
fold2_room1_mix0690,91,4,0,-3,-1,27.33
fold2_room1_mix0690,92,4,0,13,-3,16.63
fold2_room1_mix0690,92,4,0,-3,-1,27.23
fold2_room1_mix0690,93,4,0,7,-2,19.16
fold2_room1_mix0690,94,4,0,6,-2,20.34
fold2_room1_mix0690,95,4,0,7,-2,20.50
fold2_room1_mix0690,96,4,0,5,-2,21.02
fold2_room1_mix0690,97,4,0,5,-2,22.12
fold2_room1_mix0690,98,4,0,4,-2,22.22
fold2_room1_mix0690,99,4,0,3,-3,21.07
fold2_room1_mix0692,24,4,0,-175,-1,13.61
fold2_room1_mix0692,25,4,0,179,-1,15.90
fold2_room1_mix0692,26,4,0,-177,-1,17.93
fold2_room1_mix0692,27,4,0,-178,-1,19.50
fold2_room1_mix0692,28,4,0,-176,-1,17.88
fold2_room1_mix0692,29,4,0,-177,-1,17.95
fold2_room1_mix0692,30,4,0,-176,-1,18.24
fold2_room1_mix0692,31,4,0,-178,-1,18.06
fold2_room1_mix0692,32,4,0,-179,-1,17.15
fold2_room1_mix0692,33,4,0,-177,-1,17.11
fold2_room1_mix0692,34,4,0,-179,-1,16.76
fold2_room1_mix0692,35,4,0,-176,-1,16.42
fold2_room1_mix0692,36,4,0,-175,-1,15.93
fold2_room1_mix0692,37,4,0,-174,-1,14.88
fold2_room1_mix0692,38,4,0,-175,-1,14.87
fold2_room1_mix0692,39,4,0,-173,-1,14.49
fold2_room1_mix0692,40,4,0,-173,-1,14.11
fold2_room1_mix0692,41,4,0,-172,-2,12.68
fold2_room1_mix0692,42,4,0,-174,-2,12.73
fold2_room1_mix0692,43,4,0,-175,-2,12.67
fold2_room1_mix0692,44,4,0,-173,-2,12.72
fold2_room1_mix0692,45,4,0,-172,-2,11.60
fold2_room1_mix0692,46,3,0,46,-3,7.85
fold2_room1_mix0692,46,4,0,-172,-2,12.41
fold2_room1_mix0692,47,3,0,53,-3,10.00
fold2_room1_mix0692,47,4,0,-172,-2,11.92
fold2_room1_mix0692,48,3,0,58,-3,11.08
fold2_room1_mix0692,48,4,0,-168,-2,10.82
fold2_room1_mix0692,49,3,0,112,-5,9.09
fold2_room1_mix0692,49,4,0,-169,-2,12.01
fold2_room1_mix0692,50,3,0,62,-3,8.00
fold2_room1_mix0692,50,4,0,-167,-2,10.86
fold2_room1_mix0692,51,3,0,56,-3,4.42
fold2_room1_mix0692,51,4,0,-167,-3,9.39
fold2_room1_mix0692,52,4,0,-167,-3,9.07
fold2_room1_mix0692,53,4,0,-167,-3,8.21
fold2_room1_mix0692,54,3,0,62,-3,8.22
fold2_room1_mix0692,54,4,0,-166,-3,8.59
fold2_room1_mix0692,55,3,0,75,-4,11.15
fold2_room1_mix0692,55,4,0,-166,-3,7.67
fold2_room1_mix0692,56,3,0,83,-4,9.68
fold2_room1_mix0692,56,4,0,-163,-4,6.73
fold2_room1_mix0692,57,3,0,87,-4,9.29
fold2_room1_mix0692,57,4,0,-164,-4,7.02
fold2_room1_mix0692,58,3,0,92,-4,9.59
fold2_room1_mix0692,58,4,0,-163,-5,6.34
fold2_room1_mix0692,59,3,0,100,-4,8.36
fold2_room1_mix0692,59,4,0,-161,-5,5.71
fold2_room1_mix0692,60,3,0,107,-4,6.75
fold2_room1_mix0692,60,4,0,-158,-5,5.13
fold2_room1_mix0692,61,4,0,-156,-7,3.80
fold2_room1_mix0692,62,4,0,-154,-7,3.34
fold2_room1_mix0692,63,4,0,-150,-9,2.84
fold2_room1_mix0692,64,3,0,173,-5,5.79
fold2_room1_mix0692,64,4,0,-144,-11,1.91
fold2_room1_mix0692,65,3,0,134,-5,10.58
fold2_room1_mix0692,65,4,0,-134,-10,1.44
fold2_room1_mix0692,66,3,0,124,-4,9.27
fold2_room1_mix0692,66,4,0,-112,-13,1.03
fold2_room1_mix0692,67,3,0,131,-4,9.57
fold2_room1_mix0692,67,4,0,-84,-10,1.19
fold2_room1_mix0692,68,3,0,127,-4,9.68
fold2_room1_mix0692,68,4,0,-61,-8,1.29
fold2_room1_mix0692,69,3,0,123,-4,9.85
fold2_room1_mix0692,69,4,0,-43,-6,1.59
fold2_room1_mix0692,70,3,0,136,-4,9.73
fold2_room1_mix0692,70,4,0,-37,-7,2.20
fold2_room1_mix0692,71,3,0,-144,-5,6.08
fold2_room1_mix0692,71,4,0,-30,-5,2.72
fold2_room1_mix0692,72,4,0,-21,-4,3.48
fold2_room1_mix0692,73,4,0,-19,-4,3.58
fold2_room1_mix0692,74,4,0,-14,-3,4.18
fold2_room1_mix0692,75,4,0,-12,-3,4.94
fold2_room1_mix0692,76,4,0,-13,-2,5.22
fold2_room1_mix0692,77,3,0,-162,-4,10.15
fold2_room1_mix0692,77,4,0,-13,-2,5.39
fold2_room1_mix0692,78,3,0,-156,-4,11.65
fold2_room1_mix0692,78,4,0,-12,-2,6.03
fold2_room1_mix0692,79,3,0,-155,-4,12.82
fold2_room1_mix0692,79,4,0,-11,-2,6.56
fold2_room1_mix0692,80,3,0,-155,-4,13.15
fold2_room1_mix0692,80,4,0,-11,-2,6.71
fold2_room1_mix0692,81,3,0,-149,-3,13.57
fold2_room1_mix0692,81,4,0,-8,-1,7.85
fold2_room1_mix0692,82,3,0,-147,-3,12.83
fold2_room1_mix0692,82,4,0,-7,-1,8.43
fold2_room1_mix0692,83,3,0,-152,-3,10.70
fold2_room1_mix0692,83,4,0,-8,-1,9.13
fold2_room1_mix0692,84,4,0,-6,-1,9.58
fold2_room1_mix0692,85,4,0,-5,-1,10.70
fold2_room1_mix0692,86,4,0,-5,-2,11.03
fold2_room1_mix0692,87,4,0,-4,-2,10.80
fold2_room1_mix0692,88,4,0,-4,-1,12.32
fold2_room1_mix0692,89,4,0,-5,-1,12.31
fold2_room1_mix0692,90,4,0,-5,-2,12.21
fold2_room1_mix0692,91,4,0,-3,-1,14.54
fold2_room1_mix0692,92,4,0,-5,-1,15.56
fold2_room1_mix0692,93,3,0,-156,-4,4.86
fold2_room1_mix0692,93,4,0,-2,-1,17.51
fold2_room1_mix0692,94,4,0,-3,-1,16.54
fold2_room1_mix0692,95,4,0,-2,-1,15.59
fold2_room1_mix0692,96,4,0,-3,-1,15.47
fold2_room1_mix0692,97,4,0,-3,-1,14.70
fold2_room1_mix0692,98,4,0,-3,-1,16.29
fold2_room1_mix0692,99,4,0,-4,-1,15.29
fold2_room1_mix0693,1,4,0,-179,0,1.43
fold2_room1_mix0693,2,4,0,-178,0,2.94
fold2_room1_mix0693,3,4,0,-176,-1,6.59
fold2_room1_mix0693,4,4,0,-177,-1,10.07
fold2_room1_mix0693,5,4,0,-178,-1,13.57
fold2_room1_mix0693,6,4,0,-177,-1,14.36
fold2_room1_mix0693,7,4,0,-176,-1,18.56
fold2_room1_mix0693,8,4,0,-175,-2,18.26
fold2_room1_mix0693,9,4,0,-176,-1,20.24
fold2_room1_mix0693,10,4,0,-176,-1,17.92
fold2_room1_mix0693,11,4,0,-175,-1,18.49
fold2_room1_mix0693,12,4,0,-174,-1,18.39
fold2_room1_mix0693,13,4,0,-172,-1,17.77
fold2_room1_mix0693,14,4,0,-173,-1,17.45
fold2_room1_mix0693,15,4,0,-172,-2,17.62
fold2_room1_mix0693,16,4,0,-173,-2,16.17
fold2_room1_mix0693,17,4,0,-171,-2,16.35
fold2_room1_mix0693,18,4,0,-171,-2,15.57
fold2_room1_mix0693,19,4,0,-169,-2,15.74
fold2_room1_mix0693,20,4,0,-170,-2,15.92
fold2_room1_mix0693,21,4,0,-169,-2,14.94
fold2_room1_mix0693,22,4,0,-170,-2,14.85
fold2_room1_mix0693,23,4,0,-170,-2,14.76
fold2_room1_mix0693,24,4,0,-170,-2,15.30
fold2_room1_mix0693,25,4,0,-170,-2,15.29
fold2_room1_mix0693,26,4,0,-171,-2,14.07
fold2_room1_mix0693,27,4,0,-168,-2,14.78
fold2_room1_mix0693,28,4,0,-168,-2,13.79
fold2_room1_mix0693,29,4,0,-169,-2,13.32
fold2_room1_mix0693,30,4,0,-166,-2,12.82
fold2_room1_mix0693,31,4,0,-167,-2,13.32
fold2_room1_mix0693,32,4,0,-173,-3,11.12
fold2_room1_mix0693,32,4,0,-152,0,17.89
fold2_room1_mix0693,33,4,0,-170,-3,11.22
fold2_room1_mix0693,33,4,0,-153,0,15.64
fold2_room1_mix0693,34,4,0,-170,-4,10.12
fold2_room1_mix0693,34,4,0,-151,0,16.14
fold2_room1_mix0693,35,4,0,-173,-4,9.31
fold2_room1_mix0693,35,4,0,-149,0,16.68
fold2_room1_mix0693,36,4,0,-169,-4,9.58
fold2_room1_mix0693,36,4,0,-153,-1,13.77
fold2_room1_mix0693,37,4,0,-173,-5,8.76
fold2_room1_mix0693,37,4,0,-149,0,16.19
fold2_room1_mix0693,38,4,0,-170,-5,8.59
fold2_room1_mix0693,38,4,0,-151,0,15.92
fold2_room1_mix0693,39,4,0,-172,-6,7.79
fold2_room1_mix0693,39,4,0,-141,0,16.79
fold2_room1_mix0693,40,4,0,-170,-6,7.27
fold2_room1_mix0693,40,4,0,-138,0,15.58
fold2_room1_mix0693,41,4,0,-169,-6,7.53
fold2_room1_mix0693,41,4,0,-129,-1,14.65
fold2_room1_mix0693,42,4,0,-168,-7,6.69
fold2_room1_mix0693,42,4,0,-125,-1,14.50
fold2_room1_mix0693,43,4,0,-169,-7,6.68
fold2_room1_mix0693,43,4,0,-124,-1,13.74
fold2_room1_mix0693,44,4,0,-165,-8,6.20
fold2_room1_mix0693,44,4,0,-123,-1,14.41
fold2_room1_mix0693,45,4,0,-169,-8,5.35
fold2_room1_mix0693,45,4,0,-119,0,15.55
fold2_room1_mix0693,46,4,0,-169,-9,4.98
fold2_room1_mix0693,46,4,0,-118,0,16.14
fold2_room1_mix0693,47,4,0,-173,-10,4.73
fold2_room1_mix0693,47,4,0,-113,0,16.23
fold2_room1_mix0693,48,4,0,-171,-10,4.49
fold2_room1_mix0693,48,4,0,-115,0,15.85
fold2_room1_mix0693,49,4,0,-170,-9,4.97
fold2_room1_mix0693,49,4,0,-108,0,16.21
fold2_room1_mix0693,50,4,0,-171,-11,3.86
fold2_room1_mix0693,50,4,0,-104,-1,14.93
fold2_room1_mix0693,51,4,0,-171,-10,4.17
fold2_room1_mix0693,51,4,0,-106,-1,14.60
fold2_room1_mix0693,52,4,0,-169,-13,3.36
fold2_room1_mix0693,52,4,0,-102,-1,15.51
fold2_room1_mix0693,53,4,0,-167,-16,2.91
fold2_room1_mix0693,53,4,0,-94,-2,14.70
fold2_room1_mix0693,54,4,0,-163,-17,2.80
fold2_room1_mix0693,54,4,0,-90,-2,14.34
fold2_room1_mix0693,55,4,0,-157,-24,2.16
fold2_room1_mix0693,55,4,0,-82,-3,14.14
fold2_room1_mix0693,56,4,0,-140,-31,1.90
fold2_room1_mix0693,56,4,0,-78,-5,13.87
fold2_room1_mix0693,57,4,0,-128,-42,1.48
fold2_room1_mix0693,57,4,0,-105,-38,1.62
fold2_room1_mix0693,57,4,0,-75,-8,11.76
fold2_room1_mix0693,58,4,0,-103,-43,1.64
fold2_room1_mix0693,58,4,0,-85,-35,1.84
fold2_room1_mix0693,58,4,0,-67,-7,10.36
fold2_room1_mix0693,59,4,0,-65,-37,1.91
fold2_room1_mix0693,59,4,0,-52,-9,8.88
fold2_room1_mix0693,60,4,0,-54,-29,2.57
fold2_room1_mix0693,60,4,0,-42,-12,6.49
fold2_room1_mix0693,61,4,0,-43,-22,3.52
fold2_room1_mix0693,61,4,0,-33,-9,7.53
fold2_room1_mix0693,62,4,0,-37,-17,4.69
fold2_room1_mix0693,63,4,0,-35,-12,5.83
fold2_room1_mix0693,64,4,0,-29,-10,6.50
fold2_room1_mix0693,65,4,0,-30,-8,8.00
fold2_room1_mix0693,66,4,0,-28,-8,7.71
fold2_room1_mix0693,67,4,0,-25,-7,8.05
fold2_room1_mix0693,68,4,0,-22,-7,8.12
fold2_room1_mix0693,69,4,0,-21,-6,10.28
fold2_room1_mix0693,70,4,0,-21,-6,9.69
fold2_room1_mix0693,71,4,0,-18,-6,10.26
fold2_room1_mix0693,72,4,0,-17,-5,10.31
fold2_room1_mix0693,73,4,0,-16,-5,11.61
fold2_room1_mix0693,74,4,0,-16,-5,10.80
fold2_room1_mix0693,75,4,0,-14,-4,12.48
fold2_room1_mix0693,76,4,0,-13,-4,12.30
fold2_room1_mix0693,77,4,0,-12,-4,14.17
fold2_room1_mix0693,78,4,0,-12,-4,14.06
fold2_room1_mix0693,79,4,0,-12,-4,14.52
fold2_room1_mix0693,80,4,0,-12,-4,13.48
fold2_room1_mix0693,81,4,0,-11,-4,14.22
fold2_room1_mix0693,82,4,0,-11,-4,14.66
fold2_room1_mix0693,83,4,0,-11,-4,14.68
fold2_room1_mix0693,84,4,0,-10,-4,14.62
fold2_room1_mix0693,85,4,0,-9,-3,15.75
fold2_room1_mix0693,86,4,0,-10,-4,14.42
fold2_room1_mix0693,87,4,0,-10,-3,16.16
fold2_room1_mix0693,88,4,0,-9,-3,15.95
fold2_room1_mix0693,89,4,0,-9,-3,18.04
fold2_room1_mix0693,90,4,0,-9,-3,16.38
fold2_room1_mix0693,91,4,0,-9,-3,18.49
fold2_room1_mix0693,92,4,0,-9,-3,17.52
fold2_room1_mix0693,93,4,0,-8,-3,17.29
fold2_room1_mix0693,94,4,0,-8,-3,16.77
fold2_room1_mix0693,95,4,0,-8,-3,18.87
fold2_room1_mix0693,96,4,0,-8,-3,18.29
fold2_room1_mix0693,97,4,0,-7,-2,19.22
fold2_room1_mix0693,98,4,0,-8,-2,18.86
fold2_room1_mix0693,99,4,0,-7,-2,17.96
fold2_room1_mix0694,62,4,0,3,-1,6.51
fold2_room1_mix0694,63,4,0,0,-2,9.44
fold2_room1_mix0694,64,4,0,4,-3,10.06
fold2_room1_mix0694,65,4,0,2,-3,10.36
fold2_room1_mix0694,66,4,0,3,-4,9.01
fold2_room1_mix0694,67,4,0,7,-4,9.10
fold2_room1_mix0694,68,4,0,7,-5,7.84
fold2_room1_mix0694,69,4,0,10,-5,6.49
fold2_room1_mix0694,70,4,0,11,-6,5.68
fold2_room1_mix0694,71,4,0,12,-6,4.60
fold2_room1_mix0694,72,4,0,17,-9,3.45
fold2_room1_mix0694,73,4,0,24,-11,2.72
fold2_room1_mix0694,74,4,0,38,-15,1.73
fold2_room1_mix0694,75,4,0,87,-25,1.10
fold2_room1_mix0694,76,4,0,137,-13,1.24
fold2_room1_mix0694,77,4,0,156,-8,1.90
fold2_room1_mix0694,78,4,0,165,-6,2.85
fold2_room1_mix0694,79,4,0,163,-6,3.69
fold2_room1_mix0694,80,4,0,167,-4,4.41
fold2_room1_mix0694,81,4,0,174,-3,5.78
fold2_room1_mix0694,82,4,0,174,-2,6.49
fold2_room1_mix0694,83,4,0,174,-2,7.44
fold2_room1_mix0694,84,4,0,175,-1,8.93
fold2_room1_mix0694,85,4,0,175,-1,9.14
fold2_room1_mix0694,86,4,0,175,-1,10.18
fold2_room1_mix0694,87,4,0,176,-1,7.66
fold2_room1_mix0694,88,4,0,177,-1,9.48
fold2_room1_mix0694,89,4,0,176,0,5.81
fold2_room1_mix0694,90,4,0,176,0,6.58
fold2_room1_mix0694,91,4,0,177,0,3.52
fold2_room1_mix0694,92,4,0,177,0,2.56
fold2_room1_mix0695,5,4,0,176,0,2.19
fold2_room1_mix0695,6,4,0,179,-1,14.77
fold2_room1_mix0695,7,4,0,177,0,10.56
fold2_room1_mix0695,8,4,0,178,0,18.47
fold2_room1_mix0695,9,4,0,179,0,27.81
fold2_room1_mix0695,10,4,0,179,0,29.18
fold2_room1_mix0695,11,4,0,-179,0,35.38
fold2_room1_mix0695,12,4,0,-179,0,40.11
fold2_room1_mix0695,13,4,0,-179,0,35.45
fold2_room1_mix0695,14,4,0,-179,0,39.78
fold2_room1_mix0695,15,4,0,179,0,41.46
fold2_room1_mix0695,16,4,0,-179,-1,39.69
fold2_room1_mix0695,17,4,0,-179,0,42.84
fold2_room1_mix0695,18,4,0,-178,0,42.33
fold2_room1_mix0695,19,4,0,-177,0,41.33
fold2_room1_mix0695,20,4,0,179,0,42.93
fold2_room1_mix0695,21,4,0,179,0,45.27
fold2_room1_mix0695,22,4,0,-177,0,43.08
fold2_room1_mix0695,23,4,0,-178,0,42.66
fold2_room1_mix0695,24,4,0,-178,0,42.07
fold2_room1_mix0695,25,4,0,-178,0,41.14
fold2_room1_mix0695,26,4,0,-175,0,40.77
fold2_room1_mix0695,27,4,0,-178,0,42.18
fold2_room1_mix0695,28,4,0,-178,0,40.13
fold2_room1_mix0695,29,4,0,-177,0,38.36
fold2_room1_mix0695,30,4,0,-176,0,39.07
fold2_room1_mix0695,31,4,0,-176,0,39.30
fold2_room1_mix0695,32,4,0,-175,0,36.58
fold2_room1_mix0695,33,4,0,-174,0,35.51
fold2_room1_mix0695,34,4,0,-175,0,34.28
fold2_room1_mix0695,35,4,0,-175,0,32.39
fold2_room1_mix0695,36,4,0,-173,0,32.72
fold2_room1_mix0695,37,4,0,-175,0,31.91
fold2_room1_mix0695,38,4,0,-174,0,30.48
fold2_room1_mix0695,39,4,0,-175,0,30.14
fold2_room1_mix0695,40,4,0,-176,0,29.82
fold2_room1_mix0695,41,4,0,-175,0,29.87
fold2_room1_mix0695,42,4,0,-175,0,26.59
fold2_room1_mix0695,43,4,0,-174,0,27.31
fold2_room1_mix0695,44,4,0,-175,0,26.56
fold2_room1_mix0695,45,4,0,-175,0,25.58
fold2_room1_mix0695,46,4,0,-174,0,24.54
fold2_room1_mix0695,47,4,0,-174,0,25.58
fold2_room1_mix0695,48,4,0,-173,-1,21.60
fold2_room1_mix0695,49,4,0,-173,0,21.14
fold2_room1_mix0695,50,4,0,-171,-1,20.83
fold2_room1_mix0695,51,4,0,-172,-1,19.13
fold2_room1_mix0695,52,4,0,-172,-1,18.75
fold2_room1_mix0695,53,4,0,-172,-1,17.48
fold2_room1_mix0695,54,4,0,-171,-1,15.77
fold2_room1_mix0695,55,4,0,-170,-1,15.45
fold2_room1_mix0695,56,4,0,-169,-1,14.47
fold2_room1_mix0695,57,4,0,-166,-2,13.37
fold2_room1_mix0695,58,4,0,-166,-2,11.88
fold2_room1_mix0695,59,4,0,-165,-2,11.70
fold2_room1_mix0695,60,4,0,-163,-2,10.66
fold2_room1_mix0695,61,4,0,-161,-3,9.93
fold2_room1_mix0695,62,4,0,-160,-3,8.88
fold2_room1_mix0695,63,4,0,-157,-4,8.21
fold2_room1_mix0695,64,4,0,-153,-5,6.19
fold2_room1_mix0695,65,4,0,-150,-6,5.49
fold2_room1_mix0695,66,4,0,-145,-6,4.94
fold2_room1_mix0695,67,4,0,-139,-8,3.75
fold2_room1_mix0695,68,4,0,-130,-9,3.23
fold2_room1_mix0695,69,4,0,-109,-9,2.75
fold2_room1_mix0695,70,4,0,-89,-9,2.57
fold2_room1_mix0695,71,4,0,-66,-9,2.77
fold2_room1_mix0695,72,4,0,-50,-7,3.21
fold2_room1_mix0695,73,4,0,-39,-6,3.90
fold2_room1_mix0695,74,4,0,-34,-6,4.42
fold2_room1_mix0695,75,4,0,-27,-4,5.17
fold2_room1_mix0695,76,4,0,-23,-4,6.12
fold2_room1_mix0695,77,4,0,-20,-4,6.63
fold2_room1_mix0695,78,4,0,-16,-3,7.51
fold2_room1_mix0695,79,4,0,-15,-3,8.80
fold2_room1_mix0695,80,4,0,-13,-3,9.43
fold2_room1_mix0695,81,4,0,-12,-2,10.62
fold2_room1_mix0695,82,4,0,-11,-2,11.68
fold2_room1_mix0695,83,4,0,-10,-2,12.19
fold2_room1_mix0695,84,4,0,-10,-2,12.81
fold2_room1_mix0695,85,4,0,-9,-2,14.89
fold2_room1_mix0695,86,4,0,-8,-2,14.76
fold2_room1_mix0695,87,4,0,-8,-1,16.60
fold2_room1_mix0695,88,4,0,-7,-1,17.60
fold2_room1_mix0695,89,4,0,-6,-1,18.73
fold2_room1_mix0695,90,4,0,-6,-1,19.28
fold2_room1_mix0695,91,4,0,-4,-1,21.71
fold2_room1_mix0695,92,4,0,-4,-1,21.89
fold2_room1_mix0695,93,4,0,-4,-1,21.89
fold2_room1_mix0695,94,4,0,-4,-1,22.67
fold2_room1_mix0695,95,4,0,-3,-1,25.71
fold2_room1_mix0695,96,4,0,-3,-2,23.94
fold2_room1_mix0695,97,4,0,-3,-1,26.93
fold2_room1_mix0695,98,4,0,-3,-1,27.80
fold2_room1_mix0695,99,4,0,-2,-1,27.43
fold2_room1_mix0696,60,4,0,117,-3,6.61
fold2_room1_mix0696,60,4,0,75,-2,6.67
fold2_room1_mix0696,61,4,0,144,-2,5.76
fold2_room1_mix0696,61,4,0,80,-2,5.46
fold2_room1_mix0696,63,4,0,130,-3,5.61
fold2_room1_mix0696,63,4,0,107,-3,5.78
fold2_room1_mix0696,64,4,0,142,-2,3.65
fold2_room1_mix0696,64,4,0,82,-1,3.95
fold2_room1_mix0696,65,4,0,171,-2,6.39
fold2_room1_mix0696,65,4,0,144,-2,6.89
fold2_room1_mix0696,65,4,0,83,-1,7.31
fold2_room1_mix0696,66,4,0,177,-3,7.90
fold2_room1_mix0696,66,4,0,92,-3,9.99
fold2_room1_mix0696,67,4,0,179,-3,8.01
fold2_room1_mix0696,68,4,0,-174,-2,8.87
fold2_room1_mix0696,69,4,0,-173,-3,8.05
fold2_room1_mix0696,70,4,0,-175,-3,8.25
fold2_room1_mix0696,70,4,0,156,-3,10.69
fold2_room1_mix0696,71,4,0,-171,-3,8.10
fold2_room1_mix0696,72,4,0,-166,-3,7.24
fold2_room1_mix0696,73,4,0,-161,-4,6.23
fold2_room1_mix0696,74,4,0,-154,-5,4.78
fold2_room1_mix0696,75,4,0,-153,-6,4.39
fold2_room1_mix0696,76,4,0,-151,-7,3.93
fold2_room1_mix0696,77,4,0,-142,-9,2.98
fold2_room1_mix0696,78,4,0,-138,-13,2.46
fold2_room1_mix0696,79,4,0,-123,-15,1.91
fold2_room1_mix0696,80,4,0,-90,-16,1.60
fold2_room1_mix0696,81,4,0,-58,-16,1.74
fold2_room1_mix0696,82,4,0,-37,-9,2.35
fold2_room1_mix0696,83,4,0,-29,-8,3.36
fold2_room1_mix0696,84,4,0,-24,-7,3.91
fold2_room1_mix0696,85,4,0,-19,-6,4.44
fold2_room1_mix0696,86,4,0,-16,-5,5.22
fold2_room1_mix0696,87,4,0,-13,-4,5.97
fold2_room1_mix0696,88,4,0,-12,-4,7.03
fold2_room1_mix0696,89,4,0,-12,-4,7.22
fold2_room1_mix0696,90,4,0,-12,-3,8.72
fold2_room1_mix0696,91,4,0,-10,-3,9.13
fold2_room1_mix0696,92,4,0,-10,-3,9.24
fold2_room1_mix0696,93,4,0,-9,-2,9.65
fold2_room1_mix0696,94,4,0,-6,-2,10.10
fold2_room1_mix0696,58,4,0,68,-3,2.58
fold2_room1_mix0697,4,4,0,179,0,3.15
fold2_room1_mix0697,5,4,0,178,0,2.90
fold2_room1_mix0697,6,4,0,177,0,14.47
fold2_room1_mix0697,7,4,0,179,0,17.29
fold2_room1_mix0697,8,4,0,177,0,19.56
fold2_room1_mix0697,9,4,0,178,0,26.09
fold2_room1_mix0697,10,4,0,177,0,27.00
fold2_room1_mix0697,11,4,0,176,0,32.75
fold2_room1_mix0697,12,4,0,175,0,37.60
fold2_room1_mix0697,13,4,0,178,0,33.79
fold2_room1_mix0697,14,0,0,-9,-1,13.27
fold2_room1_mix0697,14,4,0,176,0,34.82
fold2_room1_mix0697,15,0,0,-12,-2,11.74
fold2_room1_mix0697,15,4,0,175,0,37.82
fold2_room1_mix0697,16,0,0,-10,-1,13.19
fold2_room1_mix0697,16,4,0,176,0,37.95
fold2_room1_mix0697,17,0,0,-13,-1,22.14
fold2_room1_mix0697,17,4,0,176,0,33.09
fold2_room1_mix0697,18,0,0,-14,-1,25.03
fold2_room1_mix0697,18,4,0,174,0,33.18
fold2_room1_mix0697,19,0,0,-14,-1,24.64
fold2_room1_mix0697,19,4,0,176,0,29.99
fold2_room1_mix0697,20,0,0,-15,-1,29.34
fold2_room1_mix0697,20,4,0,178,-1,15.16
fold2_room1_mix0697,21,0,0,-18,-2,26.42
fold2_room1_mix0697,21,4,0,178,-1,7.63
fold2_room1_mix0697,22,0,0,-20,-2,24.70
fold2_room1_mix0697,22,4,0,176,-1,20.34
fold2_room1_mix0697,23,0,0,-21,-2,22.10
fold2_room1_mix0697,23,4,0,176,-1,24.02
fold2_room1_mix0697,24,0,0,-19,-2,22.87
fold2_room1_mix0697,24,4,0,177,-2,21.78
fold2_room1_mix0697,25,0,0,-19,-2,24.85
fold2_room1_mix0697,25,4,0,178,-1,27.62
fold2_room1_mix0697,26,0,0,-23,-2,19.77
fold2_room1_mix0697,26,4,0,177,-1,27.95
fold2_room1_mix0697,27,0,0,-19,-2,18.90
fold2_room1_mix0697,27,4,0,177,-1,35.14
fold2_room1_mix0697,28,0,0,-18,-2,19.10
fold2_room1_mix0697,28,4,0,177,0,40.48
fold2_room1_mix0697,29,0,0,-23,-2,15.54
fold2_room1_mix0697,29,4,0,177,0,38.89
fold2_room1_mix0697,30,0,0,-23,-2,15.42
fold2_room1_mix0697,30,4,0,177,-1,37.40
fold2_room1_mix0697,31,0,0,-25,-2,14.02
fold2_room1_mix0697,31,4,0,178,-1,37.58
fold2_room1_mix0697,32,0,0,-25,-2,12.89
fold2_room1_mix0697,32,4,0,178,-1,37.83
fold2_room1_mix0697,33,0,0,-28,-3,11.41
fold2_room1_mix0697,33,4,0,179,-1,34.65
fold2_room1_mix0697,34,0,0,-32,-3,10.52
fold2_room1_mix0697,34,4,0,176,-2,34.20
fold2_room1_mix0697,35,0,0,-35,-3,9.68
fold2_room1_mix0697,35,4,0,177,-1,33.62
fold2_room1_mix0697,36,0,0,-39,-4,8.70
fold2_room1_mix0697,36,4,0,176,-2,32.97
fold2_room1_mix0697,37,0,0,-44,-4,7.82
fold2_room1_mix0697,37,4,0,177,-2,32.92
fold2_room1_mix0697,38,0,0,-46,-5,7.13
fold2_room1_mix0697,38,4,0,175,-1,35.12
fold2_room1_mix0697,39,0,0,-54,-5,7.10
fold2_room1_mix0697,39,4,0,174,-2,35.59
fold2_room1_mix0697,40,0,0,-69,-5,8.48
fold2_room1_mix0697,40,4,0,174,-1,39.28
fold2_room1_mix0697,41,0,0,-81,-6,7.93
fold2_room1_mix0697,41,4,0,176,-1,37.52
fold2_room1_mix0697,42,0,0,-98,-6,7.70
fold2_room1_mix0697,42,4,0,175,-1,35.82
fold2_room1_mix0697,43,0,0,-113,-6,7.37
fold2_room1_mix0697,43,4,0,177,-1,34.57
fold2_room1_mix0697,44,0,0,-121,-6,7.53
fold2_room1_mix0697,44,4,0,177,-2,33.37
fold2_room1_mix0697,45,0,0,-126,-5,7.96
fold2_room1_mix0697,45,4,0,179,-1,30.98
fold2_room1_mix0697,46,0,0,-133,-5,9.22
fold2_room1_mix0697,46,4,0,-178,-1,32.08
fold2_room1_mix0697,47,0,0,-141,-4,10.09
fold2_room1_mix0697,47,4,0,-179,-1,30.94
fold2_room1_mix0697,48,0,0,-142,-4,11.07
fold2_room1_mix0697,48,4,0,-176,-1,31.29
fold2_room1_mix0697,49,0,0,-147,-3,12.40
fold2_room1_mix0697,49,4,0,-176,-1,28.74
fold2_room1_mix0697,50,0,0,-151,-3,13.41
fold2_room1_mix0697,50,4,0,-175,-1,29.10
fold2_room1_mix0697,51,0,0,-151,-3,9.71
fold2_room1_mix0697,51,4,0,179,-1,30.91
fold2_room1_mix0697,52,0,0,-158,-2,8.45
fold2_room1_mix0697,52,4,0,-179,-1,32.13
fold2_room1_mix0697,53,0,0,-157,-2,4.28
fold2_room1_mix0697,53,4,0,-179,0,32.32
fold2_room1_mix0697,54,4,0,-178,0,30.36
fold2_room1_mix0697,55,4,0,-178,0,30.55
fold2_room1_mix0697,56,4,0,-178,0,31.25
fold2_room1_mix0697,57,4,0,179,0,30.44
fold2_room1_mix0697,58,4,0,-179,0,30.81
fold2_room1_mix0697,59,4,0,-179,0,28.48
fold2_room1_mix0697,60,4,0,-179,0,28.93
fold2_room1_mix0697,61,4,0,-179,0,26.10
fold2_room1_mix0697,62,4,0,179,0,24.68
fold2_room1_mix0697,63,4,0,178,0,21.72
fold2_room1_mix0697,64,4,0,179,-1,21.40
fold2_room1_mix0697,65,4,0,178,-1,21.28
fold2_room1_mix0697,66,4,0,178,-1,20.98
fold2_room1_mix0697,67,4,0,178,-1,19.42
fold2_room1_mix0697,68,4,0,-179,-1,19.33
fold2_room1_mix0697,69,4,0,179,-1,18.16
fold2_room1_mix0697,70,4,0,178,-1,18.19
fold2_room1_mix0697,71,4,0,177,-1,17.26
fold2_room1_mix0697,72,4,0,179,-1,16.77
fold2_room1_mix0697,73,4,0,178,-1,15.74
fold2_room1_mix0697,74,4,0,178,-2,14.21
fold2_room1_mix0697,75,4,0,178,-2,12.86
fold2_room1_mix0697,76,4,0,175,-3,12.16
fold2_room1_mix0697,77,4,0,177,-3,10.75
fold2_room1_mix0697,78,4,0,177,-3,9.97
fold2_room1_mix0697,79,4,0,174,-4,8.43
fold2_room1_mix0697,80,4,0,174,-5,7.52
fold2_room1_mix0697,81,4,0,172,-7,5.92
fold2_room1_mix0697,82,4,0,169,-9,4.31
fold2_room1_mix0697,83,4,0,164,-12,3.49
fold2_room1_mix0697,84,4,0,155,-18,2.61
fold2_room1_mix0697,85,4,0,128,-32,1.52
fold2_room1_mix0697,86,4,0,65,-36,1.31
fold2_room1_mix0697,87,4,0,26,-19,1.44
fold2_room1_mix0697,88,4,0,17,-15,2.20
fold2_room1_mix0697,89,4,0,12,-11,3.31
fold2_room1_mix0697,90,4,0,10,-9,4.01
fold2_room1_mix0697,91,4,0,9,-6,5.29
fold2_room1_mix0697,92,4,0,8,-5,6.57
fold2_room1_mix0697,93,4,0,6,-4,7.48
fold2_room1_mix0697,94,4,0,4,-4,8.54
fold2_room1_mix0697,95,4,0,5,-3,10.00
fold2_room1_mix0697,96,4,0,4,-3,10.95
fold2_room1_mix0697,97,4,0,4,-2,11.93
fold2_room1_mix0697,98,4,0,4,-2,12.55
fold2_room1_mix0697,99,4,0,4,-2,14.31
fold2_room1_mix0699,3,4,0,-179,0,3.13
fold2_room1_mix0699,4,4,0,-178,0,15.78
fold2_room1_mix0699,5,4,0,-179,0,16.91
fold2_room1_mix0699,6,4,0,-179,0,20.85
fold2_room1_mix0699,7,4,0,-179,0,29.22
fold2_room1_mix0699,8,4,0,-178,0,32.23
fold2_room1_mix0699,9,4,0,-178,0,32.65
fold2_room1_mix0699,10,4,0,-179,0,31.84
fold2_room1_mix0699,11,4,0,179,0,30.70
fold2_room1_mix0699,12,4,0,-179,0,30.99
fold2_room1_mix0699,13,4,0,179,0,30.08
fold2_room1_mix0699,14,4,0,178,0,30.01
fold2_room1_mix0699,15,4,0,179,0,30.14
fold2_room1_mix0699,16,4,0,179,0,29.31
fold2_room1_mix0699,17,4,0,179,0,29.28
fold2_room1_mix0699,18,4,0,-179,-1,29.60
fold2_room1_mix0699,19,4,0,-179,-1,29.24
fold2_room1_mix0699,20,4,0,179,0,29.71
fold2_room1_mix0699,21,4,0,-179,0,29.24
fold2_room1_mix0699,22,4,0,-179,-1,29.21
fold2_room1_mix0699,23,4,0,179,0,28.16
fold2_room1_mix0699,24,4,0,-179,-1,28.33
fold2_room1_mix0699,25,4,0,179,-1,28.84
fold2_room1_mix0699,26,4,0,-179,-1,28.37
fold2_room1_mix0699,27,4,0,-179,-1,28.19
fold2_room1_mix0699,28,4,0,178,-1,27.82
fold2_room1_mix0699,29,4,0,178,-1,26.43
fold2_room1_mix0699,30,4,0,179,-1,25.84
fold2_room1_mix0699,31,4,0,177,-1,25.18
fold2_room1_mix0699,32,4,0,177,-1,25.21
fold2_room1_mix0699,33,4,0,177,-1,24.56
fold2_room1_mix0699,34,4,0,176,-1,23.37
fold2_room1_mix0699,35,4,0,177,-1,23.23
fold2_room1_mix0699,36,4,0,177,-1,22.56
fold2_room1_mix0699,37,4,0,176,-1,22.22
fold2_room1_mix0699,38,4,0,176,-1,21.24
fold2_room1_mix0699,39,4,0,177,-1,21.08
fold2_room1_mix0699,40,4,0,176,-1,20.82
fold2_room1_mix0699,41,4,0,175,-1,20.35
fold2_room1_mix0699,42,4,0,175,-1,19.69
fold2_room1_mix0699,43,4,0,176,-1,19.41
fold2_room1_mix0699,44,4,0,175,-1,18.38
fold2_room1_mix0699,45,4,0,175,-1,18.01
fold2_room1_mix0699,46,4,0,175,-1,17.77
fold2_room1_mix0699,47,4,0,175,-1,16.93
fold2_room1_mix0699,48,4,0,175,-2,16.07
fold2_room1_mix0699,49,4,0,175,-2,15.20
fold2_room1_mix0699,50,4,0,176,-2,14.04
fold2_room1_mix0699,51,4,0,175,-2,13.92
fold2_room1_mix0699,52,4,0,175,-2,13.11
fold2_room1_mix0699,53,4,0,175,-2,12.73
fold2_room1_mix0699,54,4,0,175,-3,12.07
fold2_room1_mix0699,55,4,0,175,-3,11.41
fold2_room1_mix0699,56,4,0,175,-3,11.11
fold2_room1_mix0699,57,4,0,175,-3,10.50
fold2_room1_mix0699,58,4,0,175,-3,9.82
fold2_room1_mix0699,59,4,0,174,-4,8.98
fold2_room1_mix0699,60,4,0,174,-4,8.62
fold2_room1_mix0699,61,4,0,174,-4,8.23
fold2_room1_mix0699,62,4,0,173,-4,7.86
fold2_room1_mix0699,63,4,0,173,-5,7.23
fold2_room1_mix0699,64,4,0,172,-5,6.53
fold2_room1_mix0699,65,4,0,171,-6,5.78
fold2_room1_mix0699,66,4,0,170,-7,5.35
fold2_room1_mix0699,67,4,0,169,-7,4.64
fold2_room1_mix0699,68,4,0,166,-8,4.28
fold2_room1_mix0699,69,4,0,164,-9,3.63
fold2_room1_mix0699,70,4,0,160,-12,3.11
fold2_room1_mix0699,71,4,0,154,-15,2.48
fold2_room1_mix0699,72,4,0,146,-18,1.88
fold2_room1_mix0699,73,4,0,131,-23,1.62
fold2_room1_mix0699,74,4,0,100,-32,1.40
fold2_room1_mix0699,75,4,0,68,-29,1.37
fold2_room1_mix0699,76,4,0,44,-22,1.62
fold2_room1_mix0699,77,4,0,32,-18,1.96
fold2_room1_mix0699,78,4,0,25,-14,2.53
fold2_room1_mix0699,79,4,0,21,-11,2.93
fold2_room1_mix0699,80,4,0,17,-9,3.39
fold2_room1_mix0699,81,4,0,15,-8,4.25
fold2_room1_mix0699,82,4,0,13,-7,4.56
fold2_room1_mix0699,83,4,0,11,-7,4.71
fold2_room1_mix0699,84,4,0,10,-6,5.77
fold2_room1_mix0699,85,4,0,9,-5,6.04
fold2_room1_mix0699,86,4,0,8,-5,6.56
fold2_room1_mix0699,87,4,0,8,-5,6.84
fold2_room1_mix0699,88,4,0,8,-4,7.60
fold2_room1_mix0699,89,4,0,7,-4,8.26
fold2_room1_mix0699,90,4,0,7,-4,8.58
fold2_room1_mix0699,91,4,0,7,-4,9.12
fold2_room1_mix0699,92,4,0,7,-4,9.73
fold2_room1_mix0699,93,4,0,6,-4,10.04
fold2_room1_mix0699,94,4,0,7,-3,11.01
fold2_room1_mix0699,95,4,0,6,-3,11.23
fold2_room1_mix0699,96,4,0,5,-3,11.83
fold2_room1_mix0699,97,4,0,6,-3,13.40
fold2_room1_mix0699,98,4,0,6,-3,13.46
fold2_room1_mix0699,99,4,0,5,-3,13.13
fold2_room1_mix0700,43,4,0,176,0,4.55
fold2_room1_mix0700,44,4,0,176,0,8.59
fold2_room1_mix0700,45,4,0,172,0,12.52
fold2_room1_mix0700,46,4,0,176,0,15.01
fold2_room1_mix0700,47,4,0,177,0,21.08
fold2_room1_mix0700,48,4,0,-179,0,20.47
fold2_room1_mix0700,49,4,0,179,0,21.69
fold2_room1_mix0700,50,4,0,-177,0,19.88
fold2_room1_mix0700,51,4,0,-179,0,20.20
fold2_room1_mix0700,52,4,0,-179,-1,19.78
fold2_room1_mix0700,53,4,0,-177,0,19.73
fold2_room1_mix0700,54,4,0,-176,-1,17.32
fold2_room1_mix0700,55,4,0,-177,0,17.91
fold2_room1_mix0700,56,4,0,-179,-1,17.48
fold2_room1_mix0700,57,4,0,-178,-1,16.44
fold2_room1_mix0700,58,4,0,-176,-1,15.66
fold2_room1_mix0700,59,4,0,-177,-1,15.80
fold2_room1_mix0700,60,4,0,-175,-1,15.56
fold2_room1_mix0700,61,4,0,-175,-1,14.37
fold2_room1_mix0700,62,4,0,-172,-2,13.13
fold2_room1_mix0700,63,4,0,-172,-2,12.60
fold2_room1_mix0700,64,4,0,-173,-2,11.55
fold2_room1_mix0700,65,4,0,-173,-2,11.48
fold2_room1_mix0700,66,4,0,-171,-3,10.21
fold2_room1_mix0700,67,4,0,-171,-3,9.22
fold2_room1_mix0700,68,4,0,-171,-3,9.17
fold2_room1_mix0700,69,4,0,-169,-4,8.07
fold2_room1_mix0700,70,4,0,-167,-4,7.30
fold2_room1_mix0700,71,4,0,-166,-5,6.59
fold2_room1_mix0700,72,4,0,-166,-5,5.94
fold2_room1_mix0700,73,4,0,-163,-5,5.14
fold2_room1_mix0700,74,4,0,-158,-8,4.11
fold2_room1_mix0700,75,4,0,-155,-9,3.25
fold2_room1_mix0700,76,4,0,-151,-10,2.81
fold2_room1_mix0700,77,4,0,-142,-14,2.31
fold2_room1_mix0700,78,4,0,-128,-20,1.72
fold2_room1_mix0700,79,4,0,-99,-23,1.48
fold2_room1_mix0700,80,4,0,-62,-20,1.38
fold2_room1_mix0700,81,4,0,-41,-13,1.88
fold2_room1_mix0700,82,4,0,-32,-12,2.34
fold2_room1_mix0700,83,4,0,-25,-9,3.29
fold2_room1_mix0700,84,4,0,-21,-8,3.79
fold2_room1_mix0700,85,4,0,-15,-7,4.55
fold2_room1_mix0700,86,4,0,-12,-5,5.20
fold2_room1_mix0700,87,4,0,-10,-5,6.13
fold2_room1_mix0700,88,4,0,-9,-4,6.68
fold2_room1_mix0700,89,4,0,-8,-4,7.82
fold2_room1_mix0700,90,4,0,-7,-4,8.07
fold2_room1_mix0700,91,4,0,-6,-4,9.16
fold2_room1_mix0700,92,4,0,-5,-3,10.10
fold2_room1_mix0700,93,4,0,-4,-3,10.45
fold2_room1_mix0700,94,4,0,-4,-3,11.40
fold2_room1_mix0700,95,4,0,-2,-3,12.73
fold2_room1_mix0700,96,4,0,-3,-3,12.87
fold2_room1_mix0700,97,4,0,-3,-3,13.76
fold2_room1_mix0700,98,4,0,-2,-2,14.67
fold2_room1_mix0700,99,4,0,-3,-2,14.71
fold2_room1_mix0701,48,4,0,-5,-1,16.71
fold2_room1_mix0701,49,4,0,-4,-1,19.90
fold2_room1_mix0701,50,4,0,-5,-1,19.33
fold2_room1_mix0701,51,4,0,-3,-1,19.91
fold2_room1_mix0701,52,2,0,101,-5,6.34
fold2_room1_mix0701,52,4,0,-1,-1,20.36
fold2_room1_mix0701,53,2,0,103,-4,8.73
fold2_room1_mix0701,53,4,0,0,-1,19.75
fold2_room1_mix0701,54,2,0,99,-6,6.46
fold2_room1_mix0701,54,4,0,1,-1,18.15
fold2_room1_mix0701,55,2,0,95,-5,7.74
fold2_room1_mix0701,55,4,0,0,-2,17.27
fold2_room1_mix0701,56,2,0,95,-7,6.32
fold2_room1_mix0701,56,4,0,-3,-2,17.10
fold2_room1_mix0701,57,2,0,96,-6,7.60
fold2_room1_mix0701,57,4,0,-1,-2,16.80
fold2_room1_mix0701,58,4,0,-1,-2,15.30
fold2_room1_mix0701,59,4,0,-3,-2,13.73
fold2_room1_mix0701,60,4,0,-5,-3,12.51
fold2_room1_mix0701,61,4,0,-4,-3,12.16
fold2_room1_mix0701,62,4,0,-4,-3,11.10
fold2_room1_mix0701,63,2,0,97,-4,8.41
fold2_room1_mix0701,63,4,0,-3,-3,10.43
fold2_room1_mix0701,64,2,0,93,-5,8.99
fold2_room1_mix0701,64,4,0,-7,-4,9.29
fold2_room1_mix0701,65,2,0,90,-5,9.36
fold2_room1_mix0701,65,4,0,-8,-5,8.21
fold2_room1_mix0701,66,2,0,88,-5,8.80
fold2_room1_mix0701,66,4,0,-9,-5,6.82
fold2_room1_mix0701,67,2,0,87,-6,8.99
fold2_room1_mix0701,67,4,0,-10,-6,5.83
fold2_room1_mix0701,68,2,0,85,-6,7.80
fold2_room1_mix0701,68,4,0,-11,-6,5.73
fold2_room1_mix0701,69,4,0,-18,-8,4.63
fold2_room1_mix0701,70,4,0,-20,-9,3.78
fold2_room1_mix0701,71,4,0,-27,-11,3.06
fold2_room1_mix0701,72,4,0,-33,-14,2.54
fold2_room1_mix0701,73,2,0,74,-5,8.81
fold2_room1_mix0701,73,4,0,-47,-16,2.03
fold2_room1_mix0701,74,2,0,86,-4,10.24
fold2_room1_mix0701,74,4,0,-73,-21,1.88
fold2_room1_mix0701,75,2,0,83,-4,10.17
fold2_room1_mix0701,75,4,0,-105,-22,1.62
fold2_room1_mix0701,76,2,0,84,-5,8.93
fold2_room1_mix0701,76,4,0,-130,-14,1.84
fold2_room1_mix0701,77,2,0,81,-5,8.76
fold2_room1_mix0701,77,4,0,-143,-13,2.44
fold2_room1_mix0701,78,2,0,76,-5,9.02
fold2_room1_mix0701,78,4,0,-152,-9,3.36
fold2_room1_mix0701,79,4,0,-157,-8,3.98
fold2_room1_mix0701,80,4,0,-161,-7,4.80
fold2_room1_mix0701,81,4,0,-162,-6,5.59
fold2_room1_mix0701,82,4,0,-164,-5,6.27
fold2_room1_mix0701,83,4,0,-168,-5,6.95
fold2_room1_mix0701,84,4,0,-168,-4,8.16
fold2_room1_mix0701,85,4,0,-168,-4,8.97
fold2_room1_mix0701,86,4,0,-170,-3,9.61
fold2_room1_mix0701,87,4,0,-170,-2,10.72
fold2_room1_mix0701,88,4,0,-172,-2,12.07
fold2_room1_mix0701,89,4,0,-172,-2,13.44
fold2_room1_mix0701,90,4,0,-172,-2,13.65
fold2_room1_mix0701,91,4,0,-173,-2,14.15
fold2_room1_mix0701,92,4,0,-173,-1,15.05
fold2_room1_mix0701,93,4,0,-173,-1,15.20
fold2_room1_mix0701,94,4,0,-173,-1,16.56
fold2_room1_mix0701,95,4,0,-174,-1,17.26
fold2_room1_mix0701,96,4,0,-174,-1,17.94
fold2_room1_mix0701,97,4,0,-174,-1,17.34
fold2_room1_mix0701,98,4,0,-175,-1,17.83
fold2_room1_mix0701,99,4,0,-175,-1,18.57
fold2_room1_mix0702,2,4,0,-176,0,3.46
fold2_room1_mix0702,2,4,0,-32,1,3.49
fold2_room1_mix0702,3,4,0,-177,0,7.02
fold2_room1_mix0702,3,4,0,-44,0,5.36
fold2_room1_mix0702,4,4,0,-46,-2,9.74
fold2_room1_mix0702,4,5,0,178,3,11.21
fold2_room1_mix0702,5,4,0,178,-1,15.96
fold2_room1_mix0702,5,4,0,-42,-1,11.53
fold2_room1_mix0702,6,4,0,-179,0,19.53
fold2_room1_mix0702,6,4,0,-38,-1,14.73
fold2_room1_mix0702,7,4,0,-173,-1,28.68
fold2_room1_mix0702,7,4,0,-40,-2,19.48
fold2_room1_mix0702,8,4,0,-177,-2,30.86
fold2_room1_mix0702,8,4,0,-35,-3,20.96
fold2_room1_mix0702,9,4,0,-178,-1,31.49
fold2_room1_mix0702,9,4,0,-39,-2,20.44
fold2_room1_mix0702,10,4,0,-178,-1,30.14
fold2_room1_mix0702,10,4,0,-43,-3,19.49
fold2_room1_mix0702,11,4,0,-178,-1,31.74
fold2_room1_mix0702,11,4,0,-44,-3,17.90
fold2_room1_mix0702,12,4,0,-177,-1,30.96
fold2_room1_mix0702,12,4,0,-43,-3,19.01
fold2_room1_mix0702,13,4,0,-178,-1,33.39
fold2_room1_mix0702,13,4,0,-49,-3,18.15
fold2_room1_mix0702,14,4,0,-177,-1,33.71
fold2_room1_mix0702,14,4,0,-46,-3,18.85
fold2_room1_mix0702,15,4,0,-178,-1,32.31
fold2_room1_mix0702,15,4,0,-50,-3,18.23
fold2_room1_mix0702,16,4,0,-178,-1,30.72
fold2_room1_mix0702,16,4,0,-50,-3,17.84
fold2_room1_mix0702,17,4,0,-176,-1,32.88
fold2_room1_mix0702,17,4,0,-51,-3,17.25
fold2_room1_mix0702,18,4,0,-176,-1,31.95
fold2_room1_mix0702,18,4,0,-55,-4,15.73
fold2_room1_mix0702,19,4,0,-176,-1,29.45
fold2_room1_mix0702,19,4,0,-55,-4,15.85
fold2_room1_mix0702,20,4,0,-175,-1,34.38
fold2_room1_mix0702,20,4,0,-56,-3,16.69
fold2_room1_mix0702,21,4,0,-174,-1,32.37
fold2_room1_mix0702,21,4,0,-57,-4,15.26
fold2_room1_mix0702,22,4,0,-174,0,30.65
fold2_room1_mix0702,22,4,0,-59,-4,14.12
fold2_room1_mix0702,23,4,0,-175,-1,29.06
fold2_room1_mix0702,23,4,0,-60,-4,14.24
fold2_room1_mix0702,24,4,0,-174,-1,29.36
fold2_room1_mix0702,24,4,0,-59,-4,14.43
fold2_room1_mix0702,25,4,0,-172,-1,26.91
fold2_room1_mix0702,25,4,0,-60,-4,14.22
fold2_room1_mix0702,26,4,0,-173,-1,25.23
fold2_room1_mix0702,26,4,0,-61,-4,13.67
fold2_room1_mix0702,27,4,0,-172,-1,25.07
fold2_room1_mix0702,27,4,0,-61,-4,13.79
fold2_room1_mix0702,28,4,0,-170,-1,25.53
fold2_room1_mix0702,28,4,0,-66,-4,13.59
fold2_room1_mix0702,29,4,0,-173,-2,24.96
fold2_room1_mix0702,29,4,0,-64,-4,12.47
fold2_room1_mix0702,30,4,0,-171,-1,25.18
fold2_room1_mix0702,30,4,0,-72,-4,12.61
fold2_room1_mix0702,31,4,0,-174,-1,25.38
fold2_room1_mix0702,31,4,0,-70,-4,12.97
fold2_room1_mix0702,32,4,0,-173,-2,23.01
fold2_room1_mix0702,32,4,0,-74,-3,12.25
fold2_room1_mix0702,33,4,0,-173,-2,23.70
fold2_room1_mix0702,33,4,0,-76,-4,12.24
fold2_room1_mix0702,34,4,0,-173,-2,20.43
fold2_room1_mix0702,34,4,0,-88,-4,11.91
fold2_room1_mix0702,35,4,0,-176,-1,24.44
fold2_room1_mix0702,35,4,0,-154,-3,16.30
fold2_room1_mix0702,35,4,0,-86,-3,12.08
fold2_room1_mix0702,36,4,0,-176,-2,22.24
fold2_room1_mix0702,36,4,0,-86,-3,12.57
fold2_room1_mix0702,37,4,0,-178,-2,21.22
fold2_room1_mix0702,37,4,0,-88,-3,12.09
fold2_room1_mix0702,38,4,0,-175,-2,21.40
fold2_room1_mix0702,38,4,0,-110,-3,15.43
fold2_room1_mix0702,38,4,0,-92,-3,12.44
fold2_room1_mix0702,39,4,0,177,-2,22.26
fold2_room1_mix0702,39,4,0,-93,-3,13.08
fold2_room1_mix0702,40,4,0,178,-2,22.21
fold2_room1_mix0702,40,4,0,-97,-3,12.55
fold2_room1_mix0702,41,4,0,-177,-2,22.39
fold2_room1_mix0702,41,4,0,-122,-2,15.78
fold2_room1_mix0702,41,4,0,-102,-3,12.81
fold2_room1_mix0702,42,4,0,176,-2,22.50
fold2_room1_mix0702,42,4,0,-100,-3,12.93
fold2_room1_mix0702,43,4,0,-173,-2,19.04
fold2_room1_mix0702,43,4,0,-102,-3,12.74
fold2_room1_mix0702,44,4,0,-178,-2,22.00
fold2_room1_mix0702,44,4,0,-132,-2,15.54
fold2_room1_mix0702,44,4,0,-103,-3,12.63
fold2_room1_mix0702,45,4,0,179,-2,20.31
fold2_room1_mix0702,45,4,0,-161,-1,16.13
fold2_room1_mix0702,45,4,0,-106,-2,12.96
fold2_room1_mix0702,46,4,0,171,-2,20.45
fold2_room1_mix0702,46,4,0,-109,-3,13.20
fold2_room1_mix0702,47,4,0,167,-2,19.88
fold2_room1_mix0702,47,4,0,-110,-3,13.11
fold2_room1_mix0702,48,4,0,174,-2,19.92
fold2_room1_mix0702,48,4,0,159,-1,17.84
fold2_room1_mix0702,48,4,0,-110,-3,13.00
fold2_room1_mix0702,49,4,0,168,-2,17.67
fold2_room1_mix0702,49,4,0,-115,-2,13.41
fold2_room1_mix0702,50,4,0,167,-2,18.25
fold2_room1_mix0702,50,4,0,-114,-2,13.22
fold2_room1_mix0702,51,4,0,168,-2,16.05
fold2_room1_mix0702,51,4,0,-114,-2,13.36
fold2_room1_mix0702,52,4,0,173,-2,16.00
fold2_room1_mix0702,52,4,0,-116,-2,13.67
fold2_room1_mix0702,53,4,0,169,-2,15.34
fold2_room1_mix0702,53,4,0,-123,-2,13.25
fold2_room1_mix0702,54,4,0,169,-2,13.82
fold2_room1_mix0702,54,4,0,-125,-2,12.70
fold2_room1_mix0702,55,4,0,172,-3,13.71
fold2_room1_mix0702,55,4,0,-122,-2,13.52
fold2_room1_mix0702,56,4,0,168,-2,13.01
fold2_room1_mix0702,56,4,0,-133,-1,13.68
fold2_room1_mix0702,57,4,0,174,-2,12.29
fold2_room1_mix0702,57,4,0,-127,0,15.37
fold2_room1_mix0702,58,4,0,176,-3,10.97
fold2_room1_mix0702,58,4,0,-132,0,14.57
fold2_room1_mix0702,59,4,0,177,-3,11.02
fold2_room1_mix0702,59,4,0,-136,0,14.88
fold2_room1_mix0702,60,4,0,-179,-3,10.30
fold2_room1_mix0702,60,4,0,-135,-1,13.10
fold2_room1_mix0702,61,4,0,-177,-4,9.92
fold2_room1_mix0702,61,4,0,-140,0,14.48
fold2_room1_mix0702,62,4,0,-175,-4,9.22
fold2_room1_mix0702,62,4,0,-135,-1,13.82
fold2_room1_mix0702,63,4,0,-174,-5,8.07
fold2_room1_mix0702,63,4,0,-138,0,14.13
fold2_room1_mix0702,64,4,0,-169,-5,7.34
fold2_room1_mix0702,64,4,0,-143,-1,12.77
fold2_room1_mix0702,65,4,0,-165,-8,5.92
fold2_room1_mix0702,65,4,0,-140,-1,12.97
fold2_room1_mix0702,66,4,0,-161,-9,4.60
fold2_room1_mix0702,66,4,0,-142,-1,11.32
fold2_room1_mix0702,67,4,0,-149,-8,6.36
fold2_room1_mix0702,68,4,0,-141,-11,3.69
fold2_room1_mix0702,68,4,0,-125,-3,8.40
fold2_room1_mix0702,69,4,0,-138,0,12.11
fold2_room1_mix0702,69,4,0,-106,-12,2.92
fold2_room1_mix0702,70,4,0,-139,0,13.90
fold2_room1_mix0702,70,4,0,-54,-14,2.10
fold2_room1_mix0702,71,4,0,-130,2,14.10
fold2_room1_mix0702,71,4,0,-33,-8,2.57
fold2_room1_mix0702,72,4,0,-141,0,14.51
fold2_room1_mix0702,72,4,0,-25,-6,3.51
fold2_room1_mix0702,73,4,0,-149,0,15.79
fold2_room1_mix0702,73,4,0,-22,-5,4.17
fold2_room1_mix0702,74,4,0,-154,0,16.47
fold2_room1_mix0702,74,4,0,-19,-4,4.74
fold2_room1_mix0702,75,4,0,-154,0,16.87
fold2_room1_mix0702,75,4,0,-14,-4,5.73
fold2_room1_mix0702,76,4,0,-155,1,17.60
fold2_room1_mix0702,76,4,0,2,-4,6.24
fold2_room1_mix0702,76,4,0,-17,-2,6.93
fold2_room1_mix0702,77,4,0,-154,2,17.98
fold2_room1_mix0702,77,4,0,23,-3,8.28
fold2_room1_mix0702,77,4,0,-19,-2,7.45
fold2_room1_mix0702,78,4,0,-154,2,19.09
fold2_room1_mix0702,78,4,0,33,-4,8.38
fold2_room1_mix0702,78,4,0,-18,-2,7.79
fold2_room1_mix0702,79,4,0,-151,1,18.17
fold2_room1_mix0702,79,4,0,37,-4,8.78
fold2_room1_mix0702,79,4,0,-17,-2,9.53
fold2_room1_mix0702,80,4,0,-155,1,19.34
fold2_room1_mix0702,80,4,0,37,-4,8.92
fold2_room1_mix0702,80,4,0,-17,-1,10.00
fold2_room1_mix0702,81,4,0,-148,1,18.65
fold2_room1_mix0702,81,4,0,64,-4,10.27
fold2_room1_mix0702,81,4,0,-15,-1,12.28
fold2_room1_mix0702,82,4,0,-152,1,19.56
fold2_room1_mix0702,82,4,0,66,-5,9.58
fold2_room1_mix0702,82,4,0,-13,-1,13.33
fold2_room1_mix0702,83,4,0,-152,1,19.74
fold2_room1_mix0702,83,4,0,72,-5,9.45
fold2_room1_mix0702,83,4,0,-13,0,15.19
fold2_room1_mix0702,84,4,0,-155,1,21.13
fold2_room1_mix0702,84,4,0,74,-5,8.55
fold2_room1_mix0702,84,4,0,-15,0,16.27
fold2_room1_mix0702,85,4,0,-155,0,20.14
fold2_room1_mix0702,85,4,0,77,-4,10.07
fold2_room1_mix0702,85,4,0,-14,0,17.37
fold2_room1_mix0702,86,4,0,-156,1,23.22
fold2_room1_mix0702,86,4,0,73,-5,10.27
fold2_room1_mix0702,86,4,0,-14,0,16.96
fold2_room1_mix0702,87,4,0,-153,0,23.54
fold2_room1_mix0702,87,4,0,72,-5,9.34
fold2_room1_mix0702,87,4,0,-15,0,19.80
fold2_room1_mix0702,88,4,0,-158,1,26.07
fold2_room1_mix0702,88,4,0,76,-4,10.37
fold2_room1_mix0702,88,4,0,-15,0,19.13
fold2_room1_mix0702,89,4,0,-156,1,24.80
fold2_room1_mix0702,89,4,0,68,-4,11.40
fold2_room1_mix0702,89,4,0,-15,0,21.22
fold2_room1_mix0702,90,4,0,-155,1,26.36
fold2_room1_mix0702,90,4,0,68,-4,11.04
fold2_room1_mix0702,90,4,0,-16,0,20.86
fold2_room1_mix0702,91,4,0,-152,0,25.60
fold2_room1_mix0702,91,4,0,64,-4,11.06
fold2_room1_mix0702,91,4,0,-12,0,22.33
fold2_room1_mix0702,92,4,0,-155,0,23.06
fold2_room1_mix0702,92,4,0,62,-3,12.13
fold2_room1_mix0702,92,4,0,-9,0,24.03
fold2_room1_mix0702,93,4,0,-152,0,25.74
fold2_room1_mix0702,93,4,0,56,-4,11.58
fold2_room1_mix0702,93,4,0,-12,0,22.94
fold2_room1_mix0702,94,4,0,-154,0,25.34
fold2_room1_mix0702,94,4,0,55,-3,12.57
fold2_room1_mix0702,94,4,0,-11,0,22.86
fold2_room1_mix0702,95,4,0,-152,0,23.13
fold2_room1_mix0702,95,4,0,57,-4,12.92
fold2_room1_mix0702,95,4,0,-9,0,26.01
fold2_room1_mix0702,96,4,0,-156,0,25.68
fold2_room1_mix0702,96,4,0,53,-3,13.97
fold2_room1_mix0702,96,4,0,-8,0,25.47
fold2_room1_mix0702,97,4,0,-152,0,23.76
fold2_room1_mix0702,97,4,0,50,-3,12.64
fold2_room1_mix0702,97,4,0,-10,0,27.68
fold2_room1_mix0702,98,4,0,-156,0,25.89
fold2_room1_mix0702,98,4,0,46,-3,14.60
fold2_room1_mix0702,98,4,0,-6,0,28.04
fold2_room1_mix0702,99,4,0,-153,0,24.09
fold2_room1_mix0702,99,4,0,44,-2,16.40
fold2_room1_mix0702,99,4,0,-4,0,29.13
fold2_room1_mix0703,0,5,0,164,4,2.65
fold2_room1_mix0703,1,5,0,167,3,2.21
fold2_room1_mix0703,2,5,0,163,3,7.57
fold2_room1_mix0703,3,5,0,160,4,7.03
fold2_room1_mix0703,5,5,0,159,4,9.60
fold2_room1_mix0703,6,5,0,157,3,11.09
fold2_room1_mix0703,7,5,0,165,4,9.74
fold2_room1_mix0703,8,5,0,161,4,9.53
fold2_room1_mix0703,9,5,0,163,4,11.05
fold2_room1_mix0703,10,5,0,156,5,8.78
fold2_room1_mix0703,11,5,0,154,5,7.78
fold2_room1_mix0703,12,5,0,157,4,9.19
fold2_room1_mix0703,13,5,0,160,5,8.50
fold2_room1_mix0703,14,5,0,157,5,8.43
fold2_room1_mix0703,15,5,0,162,7,7.47
fold2_room1_mix0703,16,5,0,161,6,8.03
fold2_room1_mix0703,17,5,0,161,6,7.59
fold2_room1_mix0703,18,5,0,160,5,8.36
fold2_room1_mix0703,19,5,0,157,7,6.80
fold2_room1_mix0703,20,5,0,157,7,7.14
fold2_room1_mix0703,21,5,0,155,8,6.03
fold2_room1_mix0703,22,5,0,154,6,8.18
fold2_room1_mix0703,23,5,0,159,7,6.71
fold2_room1_mix0703,24,5,0,153,7,6.01
fold2_room1_mix0703,25,5,0,150,7,6.01
fold2_room1_mix0703,26,5,0,144,8,5.61
fold2_room1_mix0703,27,5,0,147,8,5.60
fold2_room1_mix0703,28,5,0,148,7,6.20
fold2_room1_mix0703,29,5,0,145,7,5.84
fold2_room1_mix0703,30,5,0,143,7,5.73
fold2_room1_mix0703,31,5,0,144,7,5.93
fold2_room1_mix0703,32,5,0,143,7,5.61
fold2_room1_mix0703,33,5,0,142,8,5.31
fold2_room1_mix0703,34,5,0,142,8,5.36
fold2_room1_mix0703,35,5,0,142,8,5.01
fold2_room1_mix0703,36,5,0,142,9,5.15
fold2_room1_mix0703,37,5,0,137,9,4.65
fold2_room1_mix0703,38,5,0,137,10,4.68
fold2_room1_mix0703,39,5,0,135,13,3.82
fold2_room1_mix0703,40,5,0,139,11,4.29
fold2_room1_mix0703,41,4,0,172,0,4.29
fold2_room1_mix0703,41,5,0,137,11,4.13
fold2_room1_mix0703,42,4,0,174,0,3.43
fold2_room1_mix0703,42,5,0,134,13,3.69
fold2_room1_mix0703,43,4,0,177,0,12.27
fold2_room1_mix0703,43,5,0,136,13,3.68
fold2_room1_mix0703,44,4,0,172,-1,7.94
fold2_room1_mix0703,44,5,0,136,13,3.79
fold2_room1_mix0703,45,4,0,177,-1,14.73
fold2_room1_mix0703,45,5,0,132,13,3.58
fold2_room1_mix0703,46,4,0,176,-1,16.70
fold2_room1_mix0703,46,5,0,134,12,3.89
fold2_room1_mix0703,47,4,0,-179,-1,15.65
fold2_room1_mix0703,47,5,0,134,13,3.56
fold2_room1_mix0703,48,4,0,178,-1,15.02
fold2_room1_mix0703,48,5,0,134,14,3.32
fold2_room1_mix0703,49,4,0,-178,-2,14.62
fold2_room1_mix0703,49,5,0,133,13,3.65
fold2_room1_mix0703,50,4,0,-178,-1,14.03
fold2_room1_mix0703,50,5,0,134,15,3.37
fold2_room1_mix0703,51,4,0,-178,-1,13.87
fold2_room1_mix0703,51,5,0,127,15,3.37
fold2_room1_mix0703,52,4,0,-176,-2,12.79
fold2_room1_mix0703,52,5,0,131,15,3.37
fold2_room1_mix0703,53,4,0,-175,-2,12.35
fold2_room1_mix0703,53,5,0,130,19,2.94
fold2_room1_mix0703,54,4,0,-177,-2,12.02
fold2_room1_mix0703,54,5,0,130,16,3.34
fold2_room1_mix0703,55,4,0,-176,-2,11.20
fold2_room1_mix0703,55,5,0,125,16,3.09
fold2_room1_mix0703,56,4,0,-175,-2,11.04
fold2_room1_mix0703,56,5,0,128,14,3.42
fold2_room1_mix0703,57,4,0,-173,-2,10.54
fold2_room1_mix0703,57,5,0,128,13,3.73
fold2_room1_mix0703,58,4,0,-172,-2,9.46
fold2_room1_mix0703,58,5,0,121,16,3.17
fold2_room1_mix0703,59,4,0,-172,-2,9.57
fold2_room1_mix0703,59,5,0,122,14,3.38
fold2_room1_mix0703,60,4,0,-169,-3,9.20
fold2_room1_mix0703,60,5,0,123,14,3.57
fold2_room1_mix0703,61,4,0,-169,-3,8.09
fold2_room1_mix0703,61,5,0,121,15,3.31
fold2_room1_mix0703,62,4,0,-167,-3,7.92
fold2_room1_mix0703,62,5,0,119,17,3.20
fold2_room1_mix0703,63,4,0,-165,-3,7.29
fold2_room1_mix0703,63,5,0,122,14,3.56
fold2_room1_mix0703,64,4,0,-164,-3,6.94
fold2_room1_mix0703,64,5,0,118,15,3.44
fold2_room1_mix0703,65,4,0,-162,-4,6.36
fold2_room1_mix0703,65,5,0,109,15,3.41
fold2_room1_mix0703,66,4,0,-160,-5,5.42
fold2_room1_mix0703,66,5,0,103,18,3.01
fold2_room1_mix0703,67,4,0,-159,-4,5.06
fold2_room1_mix0703,67,5,0,106,18,3.16
fold2_room1_mix0703,68,4,0,-155,-5,4.07
fold2_room1_mix0703,68,5,0,98,18,2.99
fold2_room1_mix0703,69,4,0,-152,-7,3.42
fold2_room1_mix0703,69,5,0,101,19,2.93
fold2_room1_mix0703,70,4,0,-150,-7,3.30
fold2_room1_mix0703,70,5,0,95,20,2.91
fold2_room1_mix0703,71,4,0,-145,-9,2.59
fold2_room1_mix0703,71,5,0,94,20,2.77
fold2_room1_mix0703,72,4,0,-136,-9,2.12
fold2_room1_mix0703,72,5,0,87,23,2.52
fold2_room1_mix0703,73,4,0,-121,-12,1.76
fold2_room1_mix0703,73,5,0,90,21,2.72
fold2_room1_mix0703,74,4,0,-99,-13,1.44
fold2_room1_mix0703,74,5,0,87,21,2.43
fold2_room1_mix0703,75,4,0,-81,-11,1.68
fold2_room1_mix0703,75,5,0,84,21,2.52
fold2_room1_mix0703,76,4,0,-61,-9,1.71
fold2_room1_mix0703,76,5,0,75,21,2.38
fold2_room1_mix0703,77,4,0,-46,-8,2.25
fold2_room1_mix0703,77,5,0,84,20,2.51
fold2_room1_mix0703,78,4,0,-38,-7,2.72
fold2_room1_mix0703,78,5,0,76,19,2.64
fold2_room1_mix0703,79,4,0,-31,-7,2.98
fold2_room1_mix0703,79,5,0,66,20,2.42
fold2_room1_mix0703,80,4,0,-24,-5,3.90
fold2_room1_mix0703,80,5,0,71,18,2.65
fold2_room1_mix0703,81,4,0,-22,-5,4.29
fold2_room1_mix0703,81,5,0,73,20,2.52
fold2_room1_mix0703,82,4,0,-17,-4,5.23
fold2_room1_mix0703,82,5,0,66,19,2.65
fold2_room1_mix0703,83,4,0,-14,-4,6.08
fold2_room1_mix0703,83,5,0,66,17,2.74
fold2_room1_mix0703,84,4,0,-13,-3,6.42
fold2_room1_mix0703,84,5,0,67,18,2.70
fold2_room1_mix0703,85,4,0,-11,-4,7.33
fold2_room1_mix0703,85,5,0,63,17,2.83
fold2_room1_mix0703,86,4,0,-9,-3,8.30
fold2_room1_mix0703,86,5,0,59,16,2.92
fold2_room1_mix0703,87,4,0,-9,-3,8.83
fold2_room1_mix0703,87,5,0,66,16,2.86
fold2_room1_mix0703,88,4,0,-8,-3,9.21
fold2_room1_mix0703,88,5,0,61,17,2.84
fold2_room1_mix0703,89,4,0,-6,-3,9.95
fold2_room1_mix0703,89,5,0,61,18,2.73
fold2_room1_mix0703,90,4,0,-6,-3,10.80
fold2_room1_mix0703,90,5,0,61,16,2.91
fold2_room1_mix0703,91,4,0,-5,-2,11.24
fold2_room1_mix0703,91,5,0,60,16,2.87
fold2_room1_mix0703,92,4,0,-5,-2,11.58
fold2_room1_mix0703,92,5,0,58,16,2.86
fold2_room1_mix0703,93,4,0,-5,-3,12.28
fold2_room1_mix0703,93,5,0,56,17,2.82
fold2_room1_mix0703,94,4,0,-3,-2,13.26
fold2_room1_mix0703,94,5,0,52,16,2.96
fold2_room1_mix0703,95,4,0,-4,-2,13.79
fold2_room1_mix0703,95,5,0,48,17,2.78
fold2_room1_mix0703,96,4,0,-3,-2,13.49
fold2_room1_mix0703,96,5,0,47,15,3.11
fold2_room1_mix0703,97,4,0,-4,-2,12.02
fold2_room1_mix0703,97,5,0,48,16,2.96
fold2_room1_mix0703,98,4,0,-5,-2,11.83
fold2_room1_mix0703,98,5,0,50,17,2.79
fold2_room1_mix0703,99,4,0,-3,-2,13.54
fold2_room1_mix0703,99,5,0,43,15,3.37
fold2_room1_mix0704,18,0,0,174,-1,1.66
fold2_room1_mix0704,19,0,0,171,-1,2.18
fold2_room1_mix0704,20,0,0,168,-1,8.91
fold2_room1_mix0704,21,0,0,163,-2,8.37
fold2_room1_mix0704,22,0,0,164,-2,8.50
fold2_room1_mix0704,23,0,0,163,-1,15.98
fold2_room1_mix0704,24,0,0,156,-1,16.76
fold2_room1_mix0704,25,0,0,161,-1,15.28
fold2_room1_mix0704,26,0,0,160,-1,15.32
fold2_room1_mix0704,27,0,0,156,-1,15.95
fold2_room1_mix0704,28,0,0,157,-1,14.65
fold2_room1_mix0704,29,0,0,153,-1,12.79
fold2_room1_mix0704,30,0,0,153,-1,13.73
fold2_room1_mix0704,31,0,0,144,-1,12.77
fold2_room1_mix0704,32,0,0,138,-2,10.19
fold2_room1_mix0704,33,0,0,139,-2,10.28
fold2_room1_mix0704,34,0,0,129,-2,9.72
fold2_room1_mix0704,35,0,0,120,-3,7.78
fold2_room1_mix0704,36,0,0,115,-3,7.67
fold2_room1_mix0704,37,0,0,111,-3,7.95
fold2_room1_mix0704,38,0,0,108,-3,8.13
fold2_room1_mix0704,39,0,0,103,-3,7.52
fold2_room1_mix0704,40,0,0,100,-3,8.13
fold2_room1_mix0704,41,0,0,95,-3,7.99
fold2_room1_mix0704,42,0,0,91,-3,9.96
fold2_room1_mix0704,43,0,0,88,-3,10.45
fold2_room1_mix0704,44,0,0,80,-3,10.95
fold2_room1_mix0704,45,0,0,75,-3,11.02
fold2_room1_mix0704,46,0,0,67,-3,11.46
fold2_room1_mix0704,46,4,0,161,-1,12.20
fold2_room1_mix0704,47,0,0,58,-2,12.01
fold2_room1_mix0704,47,4,0,160,-1,13.40
fold2_room1_mix0704,48,0,0,54,-2,13.11
fold2_room1_mix0704,48,4,0,166,-1,14.95
fold2_room1_mix0704,49,0,0,47,-2,13.33
fold2_room1_mix0704,49,4,0,165,-1,16.52
fold2_room1_mix0704,50,0,0,44,-2,12.97
fold2_room1_mix0704,50,4,0,173,-1,16.42
fold2_room1_mix0704,51,0,0,42,-2,14.10
fold2_room1_mix0704,51,4,0,175,-1,15.22
fold2_room1_mix0704,52,0,0,40,-2,14.18
fold2_room1_mix0704,52,4,0,173,-1,15.12
fold2_room1_mix0704,53,0,0,37,-2,15.02
fold2_room1_mix0704,53,4,0,170,-1,15.71
fold2_room1_mix0704,54,0,0,36,-2,15.13
fold2_room1_mix0704,54,4,0,168,-1,15.14
fold2_room1_mix0704,55,0,0,36,-2,16.21
fold2_room1_mix0704,55,4,0,168,-1,15.32
fold2_room1_mix0704,56,0,0,36,-1,17.13
fold2_room1_mix0704,56,4,0,166,-1,15.85
fold2_room1_mix0704,57,0,0,35,-1,18.72
fold2_room1_mix0704,57,4,0,161,-2,16.27
fold2_room1_mix0704,58,0,0,31,-1,21.76
fold2_room1_mix0704,58,4,0,159,-2,13.90
fold2_room1_mix0704,59,0,0,31,-1,20.68
fold2_room1_mix0704,59,4,0,158,-2,14.63
fold2_room1_mix0704,60,0,0,30,-1,22.27
fold2_room1_mix0704,60,4,0,156,-2,14.04
fold2_room1_mix0704,61,0,0,28,-1,23.20
fold2_room1_mix0704,61,4,0,151,-2,13.16
fold2_room1_mix0704,62,0,0,28,-1,23.37
fold2_room1_mix0704,62,4,0,148,-2,13.19
fold2_room1_mix0704,63,0,0,26,-1,22.75
fold2_room1_mix0704,63,4,0,147,-2,11.97
fold2_room1_mix0704,64,0,0,28,-1,23.45
fold2_room1_mix0704,64,4,0,140,-2,12.88
fold2_room1_mix0704,65,0,0,29,-1,24.21
fold2_room1_mix0704,65,4,0,140,-2,11.91
fold2_room1_mix0704,66,0,0,28,-1,25.66
fold2_room1_mix0704,66,4,0,133,-2,11.42
fold2_room1_mix0704,67,0,0,28,-1,24.84
fold2_room1_mix0704,67,4,0,135,-2,11.33
fold2_room1_mix0704,68,0,0,29,-1,20.93
fold2_room1_mix0704,68,4,0,135,-2,10.60
fold2_room1_mix0704,69,0,0,32,-1,14.61
fold2_room1_mix0704,69,4,0,126,-3,9.48
fold2_room1_mix0704,70,0,0,27,-1,10.23
fold2_room1_mix0704,70,4,0,125,-3,9.63
fold2_room1_mix0704,71,4,0,119,-3,8.88
fold2_room1_mix0704,72,4,0,117,-3,8.86
fold2_room1_mix0704,73,4,0,109,-3,8.29
fold2_room1_mix0704,74,4,0,102,-3,8.13
fold2_room1_mix0704,75,4,0,95,-4,8.22
fold2_room1_mix0704,76,4,0,89,-4,8.11
fold2_room1_mix0704,77,4,0,85,-4,8.34
fold2_room1_mix0704,78,4,0,78,-4,8.73
fold2_room1_mix0704,79,4,0,71,-4,8.90
fold2_room1_mix0704,80,4,0,67,-3,8.80
fold2_room1_mix0704,81,4,0,63,-3,9.29
fold2_room1_mix0704,82,4,0,60,-3,9.78
fold2_room1_mix0704,83,4,0,56,-3,9.85
fold2_room1_mix0704,84,4,0,54,-3,10.43
fold2_room1_mix0704,85,4,0,50,-2,10.94
fold2_room1_mix0704,86,4,0,50,-2,11.78
fold2_room1_mix0704,87,4,0,45,-2,12.22
fold2_room1_mix0704,88,4,0,43,-2,12.93
fold2_room1_mix0704,89,4,0,40,-1,13.79
fold2_room1_mix0704,90,4,0,39,-2,14.57
fold2_room1_mix0704,91,4,0,38,-2,15.16
fold2_room1_mix0704,92,4,0,37,-1,16.41
fold2_room1_mix0704,93,4,0,34,-2,16.66
fold2_room1_mix0704,94,4,0,33,-1,17.50
fold2_room1_mix0704,95,4,0,31,-1,18.10
fold2_room1_mix0704,96,4,0,29,-1,18.56
fold2_room1_mix0704,97,4,0,28,-1,19.51
fold2_room1_mix0704,98,4,0,28,-1,20.42
fold2_room1_mix0704,99,4,0,23,-1,21.61
fold2_room1_mix0705,14,4,0,-4,-2,5.83
fold2_room1_mix0705,15,4,0,-16,-3,7.40
fold2_room1_mix0705,16,4,0,-10,-3,10.76
fold2_room1_mix0705,17,4,0,-9,-3,11.20
fold2_room1_mix0705,18,4,0,-9,-3,9.45
fold2_room1_mix0705,19,4,0,-12,-3,10.03
fold2_room1_mix0705,20,4,0,-13,-3,10.76
fold2_room1_mix0705,21,4,0,-16,-4,10.33
fold2_room1_mix0705,22,4,0,-16,-4,10.19
fold2_room1_mix0705,23,4,0,-18,-4,9.78
fold2_room1_mix0705,24,4,0,-20,-4,9.67
fold2_room1_mix0705,25,4,0,-19,-4,9.13
fold2_room1_mix0705,26,4,0,-21,-4,8.55
fold2_room1_mix0705,27,4,0,-21,-5,8.47
fold2_room1_mix0705,28,4,0,-21,-4,7.47
fold2_room1_mix0705,29,4,0,-21,-4,7.26
fold2_room1_mix0705,30,4,0,-20,-4,6.75
fold2_room1_mix0705,31,4,0,-25,-5,6.06
fold2_room1_mix0705,32,4,0,-27,-5,5.66
fold2_room1_mix0705,33,4,0,-26,-5,5.87
fold2_room1_mix0705,34,4,0,-29,-5,5.07
fold2_room1_mix0705,35,4,0,-33,-6,4.91
fold2_room1_mix0705,36,4,0,-34,-6,4.51
fold2_room1_mix0705,37,4,0,-37,-7,4.27
fold2_room1_mix0705,38,4,0,-39,-6,4.04
fold2_room1_mix0705,39,4,0,-47,-7,3.33
fold2_room1_mix0705,40,4,0,-51,-7,3.71
fold2_room1_mix0705,41,4,0,-56,-7,3.58
fold2_room1_mix0705,42,4,0,-62,-8,3.39
fold2_room1_mix0705,43,4,0,-69,-9,3.06
fold2_room1_mix0705,44,4,0,-77,-10,3.27
fold2_room1_mix0705,45,4,0,-96,-10,2.74
fold2_room1_mix0705,45,4,0,-37,-4,8.93
fold2_room1_mix0705,46,4,0,-114,-9,3.04
fold2_room1_mix0705,46,4,0,-25,-4,9.44
fold2_room1_mix0705,47,4,0,-127,-7,3.10
fold2_room1_mix0705,47,4,0,-24,-6,5.65
fold2_room1_mix0705,48,4,0,-133,-6,3.30
fold2_room1_mix0705,48,4,0,-25,-5,5.54
fold2_room1_mix0705,49,4,0,-133,-6,3.55
fold2_room1_mix0705,49,4,0,-19,-7,4.80
fold2_room1_mix0705,50,4,0,-139,-6,3.82
fold2_room1_mix0705,50,4,0,-20,-6,4.71
fold2_room1_mix0705,51,4,0,-141,-6,4.03
fold2_room1_mix0705,51,4,0,-22,-6,4.51
fold2_room1_mix0705,52,4,0,-142,-5,4.65
fold2_room1_mix0705,52,4,0,-16,-7,4.50
fold2_room1_mix0705,53,4,0,-146,-5,4.76
fold2_room1_mix0705,53,4,0,-20,-8,3.66
fold2_room1_mix0705,54,4,0,-143,-5,5.24
fold2_room1_mix0705,54,4,0,-19,-8,3.81
fold2_room1_mix0705,55,4,0,-144,-6,4.59
fold2_room1_mix0705,55,4,0,-28,-10,2.90
fold2_room1_mix0705,56,4,0,-135,-7,3.60
fold2_room1_mix0705,56,4,0,-52,-15,1.59
fold2_room1_mix0705,57,4,0,-147,-5,4.21
fold2_room1_mix0705,57,4,0,-118,-16,1.51
fold2_room1_mix0705,58,4,0,-148,-8,3.22
fold2_room1_mix0705,59,4,0,-155,-6,3.58
fold2_room1_mix0705,60,4,0,-157,-5,3.75
fold2_room1_mix0705,61,4,0,-160,-4,4.21
fold2_room1_mix0705,62,4,0,-161,-4,4.90
fold2_room1_mix0705,63,4,0,-164,-3,5.16
fold2_room1_mix0705,64,4,0,-164,-2,6.18
fold2_room1_mix0705,65,4,0,-164,-3,6.21
fold2_room1_mix0705,66,4,0,-164,-3,6.76
fold2_room1_mix0705,67,4,0,-165,-2,7.31
fold2_room1_mix0705,68,4,0,-166,-2,8.23
fold2_room1_mix0705,69,4,0,-167,-1,8.68
fold2_room1_mix0705,70,4,0,-166,-1,8.76
fold2_room1_mix0705,71,4,0,-169,-1,9.20
fold2_room1_mix0705,72,4,0,-170,-1,9.40
fold2_room1_mix0705,73,4,0,-168,-1,9.37
fold2_room1_mix0705,74,4,0,-169,-1,4.42
fold2_room1_mix0705,75,4,0,-168,-1,8.41
fold2_room1_mix0705,76,4,0,-169,-1,5.79
fold2_room1_mix0705,76,4,0,-153,-2,5.58
fold2_room1_mix0705,77,4,0,-167,-2,7.31
fold2_room1_mix0705,77,4,0,-19,-3,6.19
fold2_room1_mix0705,78,4,0,-167,-3,7.52
fold2_room1_mix0705,78,4,0,-20,-6,5.18
fold2_room1_mix0705,80,4,0,-157,-8,6.00
fold2_room1_mix0705,80,4,0,-23,-8,3.73
fold2_room1_mix0705,81,4,0,-153,-7,6.87
fold2_room1_mix0705,81,4,0,-31,-12,2.55
fold2_room1_mix0705,82,4,0,-85,-16,4.07
fold2_room1_mix0705,82,4,0,-41,-13,1.92
fold2_room1_mix0705,83,4,0,-139,-6,5.62
fold2_room1_mix0705,83,4,0,-68,-16,1.09
fold2_room1_mix0705,84,4,0,-145,-6,4.88
fold2_room1_mix0705,84,4,0,-98,-16,0.93
fold2_room1_mix0705,85,4,0,-158,-3,6.34
fold2_room1_mix0705,85,4,0,-132,-11,1.66
fold2_room1_mix0705,86,4,0,-149,-7,3.12
fold2_room1_mix0705,87,4,0,-158,-6,3.46
fold2_room1_mix0705,88,4,0,-161,-4,4.06
fold2_room1_mix0705,89,4,0,-161,-4,4.74
fold2_room1_mix0705,90,4,0,-163,-3,5.53
fold2_room1_mix0705,91,4,0,-167,-2,6.44
fold2_room1_mix0705,92,4,0,-166,-2,7.59
fold2_room1_mix0705,93,4,0,-166,-2,6.75
fold2_room1_mix0705,94,4,0,-169,-2,7.17
fold2_room1_mix0705,95,4,0,-171,-1,6.83
fold2_room1_mix0705,96,4,0,-171,-1,2.59
fold2_room1_mix0705,99,4,0,-177,-1,1.77
fold2_room1_mix0705,79,4,0,-23,-8,4.17
fold2_room1_mix0706,3,4,0,177,1,2.62
fold2_room1_mix0706,4,4,0,174,0,10.12
fold2_room1_mix0706,5,4,0,173,0,20.38
fold2_room1_mix0706,6,4,0,173,0,21.49
fold2_room1_mix0706,7,4,0,175,0,25.35
fold2_room1_mix0706,8,4,0,174,0,37.37
fold2_room1_mix0706,9,4,0,174,0,36.59
fold2_room1_mix0706,10,4,0,173,0,35.53
fold2_room1_mix0706,11,4,0,173,0,35.45
fold2_room1_mix0706,12,4,0,174,0,33.94
fold2_room1_mix0706,13,4,0,174,0,32.75
fold2_room1_mix0706,14,4,0,172,0,32.50
fold2_room1_mix0706,15,4,0,174,0,32.37
fold2_room1_mix0706,16,4,0,172,0,31.21
fold2_room1_mix0706,17,4,0,171,0,32.80
fold2_room1_mix0706,18,4,0,172,0,31.18
fold2_room1_mix0706,19,4,0,171,0,30.95
fold2_room1_mix0706,20,4,0,170,0,31.33
fold2_room1_mix0706,21,4,0,171,0,30.83
fold2_room1_mix0706,22,4,0,169,0,29.28
fold2_room1_mix0706,23,4,0,168,0,28.59
fold2_room1_mix0706,24,4,0,169,0,28.87
fold2_room1_mix0706,25,4,0,169,-1,28.13
fold2_room1_mix0706,26,4,0,165,0,27.12
fold2_room1_mix0706,27,4,0,166,0,28.68
fold2_room1_mix0706,28,4,0,165,0,25.85
fold2_room1_mix0706,29,4,0,165,0,26.07
fold2_room1_mix0706,30,4,0,166,-1,24.99
fold2_room1_mix0706,31,4,0,165,-1,24.27
fold2_room1_mix0706,32,4,0,163,0,23.56
fold2_room1_mix0706,33,4,0,161,-1,22.98
fold2_room1_mix0706,34,4,0,163,-1,21.88
fold2_room1_mix0706,35,4,0,163,-1,21.47
fold2_room1_mix0706,36,4,0,160,-1,20.93
fold2_room1_mix0706,37,4,0,159,-1,19.87
fold2_room1_mix0706,38,4,0,159,-1,20.30
fold2_room1_mix0706,39,4,0,160,-1,18.93
fold2_room1_mix0706,40,4,0,158,-1,18.90
fold2_room1_mix0706,41,4,0,159,-1,18.03
fold2_room1_mix0706,42,4,0,155,-1,16.49
fold2_room1_mix0706,43,4,0,154,-1,16.98
fold2_room1_mix0706,44,4,0,152,-1,15.95
fold2_room1_mix0706,45,4,0,151,-2,14.83
fold2_room1_mix0706,46,4,0,149,-2,14.43
fold2_room1_mix0706,47,4,0,148,-2,13.73
fold2_room1_mix0706,48,4,0,148,-2,13.02
fold2_room1_mix0706,49,4,0,146,-2,12.36
fold2_room1_mix0706,50,4,0,144,-3,11.75
fold2_room1_mix0706,51,4,0,142,-3,11.34
fold2_room1_mix0706,52,4,0,139,-3,11.06
fold2_room1_mix0706,53,4,0,137,-3,10.98
fold2_room1_mix0706,54,4,0,133,-3,9.83
fold2_room1_mix0706,55,4,0,130,-3,9.16
fold2_room1_mix0706,56,4,0,128,-4,9.30
fold2_room1_mix0706,57,4,0,125,-4,8.84
fold2_room1_mix0706,58,4,0,120,-4,8.25
fold2_room1_mix0706,59,4,0,112,-4,8.32
fold2_room1_mix0706,60,4,0,105,-4,8.16
fold2_room1_mix0706,61,4,0,95,-4,7.78
fold2_room1_mix0706,62,4,0,89,-5,7.69
fold2_room1_mix0706,63,4,0,84,-5,7.64
fold2_room1_mix0706,64,4,0,77,-4,7.96
fold2_room1_mix0706,65,4,0,70,-3,8.60
fold2_room1_mix0706,66,4,0,64,-3,8.80
fold2_room1_mix0706,67,4,0,60,-3,8.63
fold2_room1_mix0706,68,4,0,56,-3,9.33
fold2_room1_mix0706,69,4,0,52,-3,9.82
fold2_room1_mix0706,70,4,0,49,-3,9.83
fold2_room1_mix0706,71,4,0,46,-3,10.34
fold2_room1_mix0706,72,4,0,44,-2,11.59
fold2_room1_mix0706,73,4,0,41,-2,11.57
fold2_room1_mix0706,74,4,0,40,-2,11.75
fold2_room1_mix0706,75,4,0,37,-2,12.97
fold2_room1_mix0706,76,4,0,35,-2,13.31
fold2_room1_mix0706,77,4,0,34,-2,13.63
fold2_room1_mix0706,78,4,0,32,-2,14.89
fold2_room1_mix0706,79,4,0,30,-2,14.99
fold2_room1_mix0706,80,4,0,29,-2,15.44
fold2_room1_mix0706,81,4,0,27,-2,16.29
fold2_room1_mix0706,82,4,0,27,-2,16.55
fold2_room1_mix0706,83,4,0,24,-1,17.81
fold2_room1_mix0706,84,4,0,23,-1,18.72
fold2_room1_mix0706,85,4,0,23,-1,19.52
fold2_room1_mix0706,86,4,0,21,-1,19.97
fold2_room1_mix0706,87,4,0,20,-1,20.32
fold2_room1_mix0706,88,4,0,20,-1,22.02
fold2_room1_mix0706,89,4,0,19,-1,22.35
fold2_room1_mix0706,90,4,0,18,-1,22.52
fold2_room1_mix0706,91,4,0,18,-1,25.30
fold2_room1_mix0706,92,4,0,18,-1,23.81
fold2_room1_mix0706,93,4,0,18,-1,23.56
fold2_room1_mix0706,94,4,0,18,-1,24.94
fold2_room1_mix0706,95,4,0,17,-1,24.72
fold2_room1_mix0706,96,4,0,17,-1,25.47
fold2_room1_mix0706,97,4,0,16,-1,27.76
fold2_room1_mix0706,98,4,0,17,-1,28.01
fold2_room1_mix0706,99,4,0,16,-1,27.52
fold2_room1_mix0707,11,1,0,-176,-2,30.68
fold2_room1_mix0707,12,1,0,-174,-2,42.07
fold2_room1_mix0707,13,1,0,-170,-2,34.16
fold2_room1_mix0707,14,1,0,-172,-2,4.90
fold2_room1_mix0707,15,1,0,-168,-2,32.36
fold2_room1_mix0707,16,1,0,-171,-2,28.47
fold2_room1_mix0707,17,1,0,-171,-2,38.95
fold2_room1_mix0707,18,1,0,-167,-2,31.34
fold2_room1_mix0707,20,1,0,-171,-2,28.67
fold2_room1_mix0707,21,1,0,-169,-2,30.26
fold2_room1_mix0707,22,1,0,-167,-2,33.33
fold2_room1_mix0707,23,1,0,-168,-1,3.84
fold2_room1_mix0707,24,1,0,-169,-2,16.08
fold2_room1_mix0707,25,1,0,-169,-2,26.86
fold2_room1_mix0707,26,1,0,-165,-2,31.59
fold2_room1_mix0707,27,1,0,-166,-2,30.71
fold2_room1_mix0707,29,1,0,-165,-2,19.27
fold2_room1_mix0707,30,1,0,-168,-2,27.32
fold2_room1_mix0707,31,1,0,-166,-2,33.80
fold2_room1_mix0707,32,1,0,-164,-2,22.54
fold2_room1_mix0707,34,1,0,-158,-2,26.01
fold2_room1_mix0707,35,1,0,-160,-2,25.41
fold2_room1_mix0707,36,1,0,-163,-1,17.48
fold2_room1_mix0707,37,0,0,-19,-2,4.69
fold2_room1_mix0707,38,0,0,-21,-2,6.89
fold2_room1_mix0707,38,1,0,-160,-2,7.25
fold2_room1_mix0707,39,0,0,-22,-2,6.00
fold2_room1_mix0707,39,1,0,-162,-1,12.77
fold2_room1_mix0707,40,0,0,-18,-2,8.47
fold2_room1_mix0707,40,1,0,-162,-1,18.19
fold2_room1_mix0707,41,0,0,-24,-3,11.42
fold2_room1_mix0707,41,4,0,-157,-2,7.56
fold2_room1_mix0707,42,0,0,-24,-2,10.00
fold2_room1_mix0707,43,0,0,-25,-3,10.12
fold2_room1_mix0707,44,0,0,-26,-3,9.18
fold2_room1_mix0707,45,0,0,-25,-3,9.44
fold2_room1_mix0707,46,0,0,-29,-3,8.17
fold2_room1_mix0707,47,0,0,-33,-4,7.89
fold2_room1_mix0707,47,4,0,-52,-3,4.23
fold2_room1_mix0707,48,0,0,-35,-4,7.15
fold2_room1_mix0707,48,4,0,-64,-4,2.16
fold2_room1_mix0707,49,0,0,-41,-4,5.63
fold2_room1_mix0707,50,0,0,-51,-5,6.49
fold2_room1_mix0707,51,0,0,-62,-5,6.61
fold2_room1_mix0707,52,0,0,-73,-6,6.11
fold2_room1_mix0707,53,0,0,-84,-6,7.02
fold2_room1_mix0707,54,0,0,-98,-6,7.54
fold2_room1_mix0707,55,0,0,-98,-6,7.37
fold2_room1_mix0707,56,0,0,-108,-5,8.08
fold2_room1_mix0707,57,0,0,-116,-5,8.32
fold2_room1_mix0707,58,0,0,-121,-5,9.10
fold2_room1_mix0707,59,0,0,-129,-4,10.65
fold2_room1_mix0707,60,0,0,-138,-4,11.03
fold2_room1_mix0707,61,0,0,-138,-4,10.52
fold2_room1_mix0707,62,0,0,-144,-3,11.36
fold2_room1_mix0707,63,0,0,-146,-3,12.44
fold2_room1_mix0707,64,0,0,-148,-3,12.47
fold2_room1_mix0707,65,0,0,-153,-3,13.87
fold2_room1_mix0707,66,0,0,-153,-2,15.17
fold2_room1_mix0707,67,0,0,-156,-2,15.33
fold2_room1_mix0707,68,0,0,-158,-2,15.77
fold2_room1_mix0707,69,0,0,-158,-2,16.93
fold2_room1_mix0707,70,0,0,-159,-2,18.34
fold2_room1_mix0707,71,0,0,-161,-2,17.78
fold2_room1_mix0707,72,0,0,-161,-2,19.55
fold2_room1_mix0707,73,0,0,-162,-2,21.28
fold2_room1_mix0707,74,0,0,-162,-2,21.11
fold2_room1_mix0707,75,0,0,-164,-1,22.16
fold2_room1_mix0707,76,0,0,-165,-1,21.85
fold2_room1_mix0707,77,0,0,-164,-2,20.70
fold2_room1_mix0707,78,0,0,-165,-1,22.42
fold2_room1_mix0707,79,0,0,-165,-1,24.74
fold2_room1_mix0707,80,0,0,-164,-1,24.78
fold2_room1_mix0707,81,0,0,-166,-1,27.23
fold2_room1_mix0707,82,0,0,-165,-1,27.76
fold2_room1_mix0707,83,0,0,-166,-1,29.97
fold2_room1_mix0707,84,0,0,-167,-1,31.60
fold2_room1_mix0707,85,0,0,-167,-1,30.60
fold2_room1_mix0707,86,0,0,-168,-1,32.59
fold2_room1_mix0707,87,0,0,-169,-1,35.18
fold2_room1_mix0707,88,0,0,-168,-1,28.69
fold2_room1_mix0707,89,0,0,-173,0,7.82
fold2_room1_mix0707,90,0,0,-170,0,2.87
fold2_room1_mix0708,6,4,0,-176,0,2.94
fold2_room1_mix0708,7,4,0,179,0,5.83
fold2_room1_mix0708,9,4,0,-177,0,7.51
fold2_room1_mix0708,11,4,0,-179,-1,16.72
fold2_room1_mix0708,12,4,0,-177,-1,15.06
fold2_room1_mix0708,13,4,0,-175,-1,14.46
fold2_room1_mix0708,14,4,0,-177,-1,14.68
fold2_room1_mix0708,15,4,0,-175,-1,15.64
fold2_room1_mix0708,16,4,0,-174,-2,14.77
fold2_room1_mix0708,17,4,0,-174,-1,15.07
fold2_room1_mix0708,18,4,0,-175,-2,13.96
fold2_room1_mix0708,19,4,0,-172,-2,14.34
fold2_room1_mix0708,20,3,0,-118,-5,6.40
fold2_room1_mix0708,20,4,0,-173,-2,14.32
fold2_room1_mix0708,21,4,0,-174,-2,13.36
fold2_room1_mix0708,22,4,0,-173,-2,12.14
fold2_room1_mix0708,23,4,0,-172,-2,12.07
fold2_room1_mix0708,24,3,0,-77,-4,14.40
fold2_room1_mix0708,24,4,0,-171,-3,9.35
fold2_room1_mix0708,25,3,0,-84,-3,13.08
fold2_room1_mix0708,25,4,0,-172,-3,8.66
fold2_room1_mix0708,26,3,0,-86,-3,15.40
fold2_room1_mix0708,26,4,0,-175,-3,8.30
fold2_room1_mix0708,27,3,0,-88,-3,17.29
fold2_room1_mix0708,27,4,0,-173,-3,9.12
fold2_room1_mix0708,28,3,0,-87,-2,17.51
fold2_room1_mix0708,28,4,0,-174,-4,8.50
fold2_room1_mix0708,29,3,0,-86,-2,17.08
fold2_room1_mix0708,29,4,0,-173,-4,8.63
fold2_room1_mix0708,30,3,0,-86,-2,17.27
fold2_room1_mix0708,30,4,0,-174,-4,8.01
fold2_room1_mix0708,31,3,0,-84,-1,11.42
fold2_room1_mix0708,31,4,0,-171,-3,7.50
fold2_room1_mix0708,32,4,0,-167,-4,7.13
fold2_room1_mix0708,33,4,0,-166,-4,7.37
fold2_room1_mix0708,34,4,0,-165,-4,6.59
fold2_room1_mix0708,35,3,0,-93,-4,8.10
fold2_room1_mix0708,35,4,0,-164,-4,6.53
fold2_room1_mix0708,36,3,0,-96,-3,17.38
fold2_room1_mix0708,36,4,0,-166,-4,6.32
fold2_room1_mix0708,37,3,0,-91,-3,15.90
fold2_room1_mix0708,37,4,0,-167,-5,5.47
fold2_room1_mix0708,38,3,0,-97,-3,14.58
fold2_room1_mix0708,38,4,0,-161,-6,5.66
fold2_room1_mix0708,39,3,0,-98,-3,16.40
fold2_room1_mix0708,39,4,0,-161,-7,5.38
fold2_room1_mix0708,40,3,0,-96,-3,16.02
fold2_room1_mix0708,40,4,0,-155,-7,5.64
fold2_room1_mix0708,41,3,0,-96,-3,15.43
fold2_room1_mix0708,41,4,0,-152,-7,4.57
fold2_room1_mix0708,42,3,0,-101,-3,15.28
fold2_room1_mix0708,42,4,0,-152,-8,4.37
fold2_room1_mix0708,43,3,0,-95,0,2.83
fold2_room1_mix0708,43,4,0,-144,-10,2.96
fold2_room1_mix0708,43,4,0,-91,-7,9.08
fold2_room1_mix0708,44,4,0,-131,-12,3.00
fold2_room1_mix0708,45,4,0,-119,-15,1.70
fold2_room1_mix0708,45,4,0,-34,-3,12.16
fold2_room1_mix0708,46,4,0,-94,-15,1.87
fold2_room1_mix0708,46,4,0,-27,0,18.61
fold2_room1_mix0708,47,3,0,-86,-3,10.01
fold2_room1_mix0708,47,4,0,-71,-14,2.03
fold2_room1_mix0708,47,4,0,-46,-5,7.10
fold2_room1_mix0708,48,3,0,-104,-4,13.26
fold2_room1_mix0708,48,4,0,-53,-11,1.96
fold2_room1_mix0708,48,4,0,-24,-1,11.22
fold2_room1_mix0708,49,3,0,-117,-3,15.07
fold2_room1_mix0708,49,4,0,-48,-11,2.63
fold2_room1_mix0708,49,4,0,-18,0,15.84
fold2_room1_mix0708,50,3,0,-117,-3,14.54
fold2_room1_mix0708,50,4,0,-38,-8,2.98
fold2_room1_mix0708,50,4,0,-12,0,16.34
fold2_room1_mix0708,51,3,0,-112,-3,12.43
fold2_room1_mix0708,51,4,0,-34,-8,3.10
fold2_room1_mix0708,51,4,0,-14,-1,12.81
fold2_room1_mix0708,52,4,0,-22,-6,5.95
fold2_room1_mix0708,53,4,0,-21,-6,3.94
fold2_room1_mix0708,53,4,0,-4,-1,12.28
fold2_room1_mix0708,54,4,0,-15,-4,6.22
fold2_room1_mix0708,55,4,0,-13,-4,6.03
fold2_room1_mix0708,56,4,0,-8,-4,7.04
fold2_room1_mix0708,57,4,0,-5,-4,6.64
fold2_room1_mix0708,58,4,0,13,-5,6.31
fold2_room1_mix0708,58,4,0,-9,-3,7.45
fold2_room1_mix0708,59,4,0,10,-5,6.03
fold2_room1_mix0708,59,4,0,-7,-3,7.46
fold2_room1_mix0708,60,4,0,32,-6,5.75
fold2_room1_mix0708,60,4,0,-10,-3,6.39
fold2_room1_mix0708,61,4,0,37,-8,3.81
fold2_room1_mix0708,61,4,0,-11,-3,7.50
fold2_room1_mix0708,62,4,0,50,-9,3.89
fold2_room1_mix0708,62,4,0,-9,-3,8.09
fold2_room1_mix0708,63,4,0,65,-13,2.72
fold2_room1_mix0708,63,4,0,-10,-2,8.58
fold2_room1_mix0708,64,4,0,88,-14,2.27
fold2_room1_mix0708,64,4,0,-9,-2,8.39
fold2_room1_mix0708,65,4,0,104,-14,2.39
fold2_room1_mix0708,65,4,0,-9,-2,10.04
fold2_room1_mix0708,66,4,0,125,-11,2.70
fold2_room1_mix0708,66,4,0,-10,-1,11.50
fold2_room1_mix0708,67,4,0,137,-8,3.30
fold2_room1_mix0708,67,4,0,-8,-1,10.35
fold2_room1_mix0708,68,4,0,142,-6,3.59
fold2_room1_mix0708,68,4,0,-6,-2,10.49
fold2_room1_mix0708,69,4,0,148,-6,4.11
fold2_room1_mix0708,69,4,0,-5,-2,11.03
fold2_room1_mix0708,70,4,0,153,-4,5.09
fold2_room1_mix0708,70,4,0,-2,-2,10.58
fold2_room1_mix0708,71,4,0,156,-4,5.67
fold2_room1_mix0708,71,4,0,-3,-2,11.45
fold2_room1_mix0708,72,4,0,158,-3,6.27
fold2_room1_mix0708,72,4,0,0,-2,10.68
fold2_room1_mix0708,73,4,0,160,-3,6.79
fold2_room1_mix0708,73,4,0,-3,-2,11.69
fold2_room1_mix0708,74,4,0,163,-2,7.71
fold2_room1_mix0708,74,4,0,0,-2,12.15
fold2_room1_mix0708,75,4,0,165,-2,9.22
fold2_room1_mix0708,75,4,0,-2,-2,12.81
fold2_room1_mix0708,76,4,0,166,-1,9.09
fold2_room1_mix0708,76,4,0,-3,-1,12.65
fold2_room1_mix0708,77,4,0,169,-1,9.66
fold2_room1_mix0708,77,4,0,-3,-1,12.71
fold2_room1_mix0708,78,4,0,168,-1,10.86
fold2_room1_mix0708,78,4,0,-4,-1,14.51
fold2_room1_mix0708,79,4,0,169,-1,11.84
fold2_room1_mix0708,79,4,0,-5,0,15.32
fold2_room1_mix0708,80,4,0,171,-1,12.46
fold2_room1_mix0708,80,4,0,-6,-1,15.05
fold2_room1_mix0708,81,4,0,171,0,13.75
fold2_room1_mix0708,81,4,0,-7,0,16.24
fold2_room1_mix0708,82,4,0,172,-1,11.47
fold2_room1_mix0708,82,4,0,-7,-1,12.62
fold2_room1_mix0708,83,4,0,172,0,5.10
fold2_room1_mix0709,9,1,0,-5,-2,22.72
fold2_room1_mix0709,11,1,0,-8,-3,30.05
fold2_room1_mix0709,12,1,0,-6,-3,28.91
fold2_room1_mix0709,13,1,0,-4,-2,31.13
fold2_room1_mix0709,14,1,0,-7,-2,34.66
fold2_room1_mix0709,16,1,0,-3,-2,31.99
fold2_room1_mix0709,17,1,0,-8,-2,33.43
fold2_room1_mix0709,18,1,0,-5,-2,35.67
fold2_room1_mix0709,19,1,0,-8,-2,38.80
fold2_room1_mix0709,21,1,0,-3,-2,31.40
fold2_room1_mix0709,22,1,0,-5,-2,40.77
fold2_room1_mix0709,23,1,0,-2,-2,37.34
fold2_room1_mix0709,24,1,0,-7,-2,37.22
fold2_room1_mix0709,26,1,0,-4,-2,25.20
fold2_room1_mix0709,27,1,0,-5,-2,33.59
fold2_room1_mix0709,28,1,0,-3,-2,33.57
fold2_room1_mix0709,29,1,0,-8,-2,33.37
fold2_room1_mix0709,31,1,0,-4,-3,26.73
fold2_room1_mix0709,32,1,0,-6,-2,34.38
fold2_room1_mix0709,33,1,0,-6,-2,34.32
fold2_room1_mix0709,34,1,0,-11,-2,31.97
fold2_room1_mix0709,36,1,0,-9,-3,27.63
fold2_room1_mix0709,37,1,0,-9,-2,24.93
fold2_room1_mix0709,38,1,0,-7,-2,29.30
fold2_room1_mix0709,39,1,0,-16,-2,28.80
fold2_room1_mix0709,41,1,0,-10,-3,22.89
fold2_room1_mix0709,42,1,0,-12,-2,27.16
fold2_room1_mix0709,43,1,0,-13,-2,28.67
fold2_room1_mix0709,44,1,0,-19,-2,26.92
fold2_room1_mix0709,46,1,0,-16,-3,17.15
fold2_room1_mix0709,47,1,0,-16,-2,21.24
fold2_room1_mix0709,48,1,0,-19,-2,16.92
fold2_room1_mix0710,0,5,0,15,4,2.93
fold2_room1_mix0710,1,5,0,11,4,8.36
fold2_room1_mix0710,2,5,0,11,4,8.43
fold2_room1_mix0710,3,5,0,16,3,7.53
fold2_room1_mix0710,4,5,0,12,4,9.37
fold2_room1_mix0710,5,5,0,15,5,8.87
fold2_room1_mix0710,6,5,0,8,4,10.06
fold2_room1_mix0710,7,5,0,12,5,8.41
fold2_room1_mix0710,8,5,0,14,4,8.69
fold2_room1_mix0710,9,5,0,8,4,9.12
fold2_room1_mix0710,10,5,0,13,5,8.11
fold2_room1_mix0710,11,5,0,13,5,9.03
fold2_room1_mix0710,12,5,0,9,5,8.45
fold2_room1_mix0710,13,5,0,8,6,7.61
fold2_room1_mix0710,14,5,0,14,5,8.06
fold2_room1_mix0710,15,5,0,12,5,8.22
fold2_room1_mix0710,16,5,0,14,6,7.35
fold2_room1_mix0710,17,5,0,14,5,7.45
fold2_room1_mix0710,18,5,0,15,5,7.67
fold2_room1_mix0710,19,5,0,16,6,6.66
fold2_room1_mix0710,20,5,0,15,5,6.95
fold2_room1_mix0710,21,5,0,13,7,6.38
fold2_room1_mix0710,22,5,0,13,6,6.98
fold2_room1_mix0710,23,5,0,17,7,6.07
fold2_room1_mix0710,24,5,0,14,6,6.70
fold2_room1_mix0710,25,5,0,15,7,6.39
fold2_room1_mix0710,26,5,0,18,6,6.83
fold2_room1_mix0710,27,5,0,18,7,6.04
fold2_room1_mix0710,28,5,0,19,6,6.61
fold2_room1_mix0710,29,1,0,106,-2,9.41
fold2_room1_mix0710,29,5,0,21,6,7.40
fold2_room1_mix0710,30,1,0,99,-3,16.36
fold2_room1_mix0710,30,5,0,20,6,6.78
fold2_room1_mix0710,31,1,0,94,-3,15.56
fold2_room1_mix0710,31,5,0,23,6,6.82
fold2_room1_mix0710,32,1,0,94,-3,17.29
fold2_room1_mix0710,32,5,0,24,5,7.10
fold2_room1_mix0710,33,1,0,99,-2,2.98
fold2_room1_mix0710,33,5,0,22,5,7.91
fold2_room1_mix0710,34,1,0,89,-3,16.80
fold2_room1_mix0710,34,5,0,22,4,10.00
fold2_room1_mix0710,35,1,0,76,-3,15.76
fold2_room1_mix0710,35,5,0,24,4,8.50
fold2_room1_mix0710,36,1,0,78,-3,19.62
fold2_room1_mix0710,36,5,0,23,5,7.45
fold2_room1_mix0710,37,1,0,82,-3,10.01
fold2_room1_mix0710,37,5,0,22,5,7.50
fold2_room1_mix0710,38,5,0,23,4,9.21
fold2_room1_mix0710,39,1,0,73,-3,17.85
fold2_room1_mix0710,39,5,0,25,4,8.71
fold2_room1_mix0710,40,1,0,65,-3,16.91
fold2_room1_mix0710,40,5,0,17,4,10.62
fold2_room1_mix0710,41,1,0,66,-3,18.57
fold2_room1_mix0710,41,5,0,19,4,8.91
fold2_room1_mix0710,42,5,0,27,6,7.57
fold2_room1_mix0710,43,1,0,63,-3,16.70
fold2_room1_mix0710,43,5,0,23,4,8.81
fold2_room1_mix0710,44,1,0,58,-3,19.39
fold2_room1_mix0710,44,5,0,22,4,10.19
fold2_room1_mix0710,45,1,0,54,-3,19.59
fold2_room1_mix0710,45,5,0,21,4,8.90
fold2_room1_mix0710,46,1,0,55,-3,22.40
fold2_room1_mix0710,46,5,0,22,4,8.77
fold2_room1_mix0710,47,5,0,25,5,8.18
fold2_room1_mix0710,48,1,0,52,-3,17.48
fold2_room1_mix0710,48,5,0,22,4,8.71
fold2_room1_mix0710,49,1,0,50,-2,24.91
fold2_room1_mix0710,49,5,0,20,4,8.92
fold2_room1_mix0710,50,1,0,48,-2,20.37
fold2_room1_mix0710,50,5,0,21,4,9.42
fold2_room1_mix0710,51,1,0,45,-2,24.28
fold2_room1_mix0710,51,5,0,22,5,7.56
fold2_room1_mix0710,52,5,0,26,6,7.42
fold2_room1_mix0710,53,1,0,45,-2,15.44
fold2_room1_mix0710,53,5,0,20,5,7.46
fold2_room1_mix0710,54,1,0,43,-2,24.78
fold2_room1_mix0710,54,5,0,23,4,8.77
fold2_room1_mix0710,55,1,0,42,-2,21.44
fold2_room1_mix0710,55,5,0,30,4,9.11
fold2_room1_mix0710,56,1,0,40,-2,25.88
fold2_room1_mix0710,56,5,0,21,4,8.68
fold2_room1_mix0710,57,5,0,27,6,7.21
fold2_room1_mix0710,58,1,0,40,-2,15.99
fold2_room1_mix0710,58,5,0,25,4,8.42
fold2_room1_mix0710,59,1,0,37,-2,21.06
fold2_room1_mix0710,59,5,0,24,4,9.75
fold2_room1_mix0710,60,1,0,35,-2,22.35
fold2_room1_mix0710,60,5,0,23,4,8.60
fold2_room1_mix0710,61,1,0,32,-2,30.75
fold2_room1_mix0710,61,5,0,22,4,8.95
fold2_room1_mix0710,62,5,0,26,4,8.68
fold2_room1_mix0710,63,1,0,32,-2,11.56
fold2_room1_mix0710,63,5,0,22,4,8.39
fold2_room1_mix0710,64,5,0,32,7,5.86
fold2_room1_mix0710,65,5,0,28,6,5.99
fold2_room1_mix0710,66,5,0,33,6,6.60
fold2_room1_mix0710,67,5,0,38,7,5.82
fold2_room1_mix0710,68,5,0,36,7,5.67
fold2_room1_mix0710,69,5,0,42,14,3.14
fold2_room1_mix0710,70,5,0,42,14,3.17
fold2_room1_mix0710,71,5,0,46,15,3.33
fold2_room1_mix0710,72,5,0,47,18,2.53
fold2_room1_mix0710,73,5,0,53,19,2.38
fold2_room1_mix0710,74,5,0,51,15,2.89
fold2_room1_mix0710,75,5,0,51,17,2.66
fold2_room1_mix0710,76,5,0,53,17,2.58
fold2_room1_mix0710,77,5,0,55,16,2.87
fold2_room1_mix0710,78,5,0,53,19,2.47
fold2_room1_mix0710,79,5,0,60,19,2.43
fold2_room1_mix0710,80,5,0,61,21,2.29
fold2_room1_mix0710,81,5,0,65,22,2.25
fold2_room1_mix0710,82,5,0,67,23,2.21
fold2_room1_mix0710,83,5,0,69,20,2.56
fold2_room1_mix0710,84,5,0,67,20,2.46
fold2_room1_mix0710,85,5,0,70,20,2.44
fold2_room1_mix0710,86,5,0,72,20,2.53
fold2_room1_mix0710,87,5,0,73,18,2.69
fold2_room1_mix0710,88,5,0,72,18,2.62
fold2_room1_mix0710,89,5,0,74,19,2.49
fold2_room1_mix0710,90,5,0,75,17,2.72
fold2_room1_mix0710,91,5,0,76,18,2.71
fold2_room1_mix0710,92,5,0,82,20,2.62
fold2_room1_mix0710,93,5,0,85,21,2.56
fold2_room1_mix0710,94,5,0,85,20,2.63
fold2_room1_mix0710,95,5,0,87,20,2.65
fold2_room1_mix0710,96,5,0,91,20,2.67
fold2_room1_mix0710,97,5,0,91,21,2.53
fold2_room1_mix0710,98,5,0,91,20,2.62
fold2_room1_mix0710,99,5,0,96,20,2.61
fold2_room1_mix0711,3,4,0,-179,0,1.98
fold2_room1_mix0711,4,4,0,178,0,2.48
fold2_room1_mix0711,5,4,0,177,0,14.29
fold2_room1_mix0711,6,4,0,178,0,14.43
fold2_room1_mix0711,7,4,0,178,0,19.66
fold2_room1_mix0711,8,4,0,177,0,29.52
fold2_room1_mix0711,9,4,0,179,0,29.94
fold2_room1_mix0711,10,4,0,179,0,35.87
fold2_room1_mix0711,11,4,0,177,0,37.25
fold2_room1_mix0711,12,4,0,178,0,37.21
fold2_room1_mix0711,13,4,0,176,0,35.39
fold2_room1_mix0711,14,4,0,178,0,36.34
fold2_room1_mix0711,15,4,0,178,0,37.26
fold2_room1_mix0711,16,4,0,177,0,37.41
fold2_room1_mix0711,17,4,0,178,0,36.05
fold2_room1_mix0711,18,4,0,178,0,38.74
fold2_room1_mix0711,19,4,0,178,0,39.33
fold2_room1_mix0711,20,4,0,177,0,40.43
fold2_room1_mix0711,21,4,0,177,0,39.13
fold2_room1_mix0711,22,4,0,178,0,37.80
fold2_room1_mix0711,23,4,0,178,0,37.78
fold2_room1_mix0711,24,4,0,178,0,38.46
fold2_room1_mix0711,25,4,0,179,-1,37.49
fold2_room1_mix0711,26,4,0,178,0,38.87
fold2_room1_mix0711,27,4,0,177,0,40.43
fold2_room1_mix0711,28,4,0,178,0,39.81
fold2_room1_mix0711,29,4,0,178,0,38.91
fold2_room1_mix0711,30,4,0,178,0,38.33
fold2_room1_mix0711,31,4,0,178,0,37.23
fold2_room1_mix0711,32,4,0,178,0,36.47
fold2_room1_mix0711,33,4,0,179,0,35.48
fold2_room1_mix0711,34,4,0,-179,0,34.78
fold2_room1_mix0711,35,1,0,-162,-2,27.58
fold2_room1_mix0711,35,4,0,177,0,32.54
fold2_room1_mix0711,36,1,0,-162,-2,35.15
fold2_room1_mix0711,36,4,0,176,0,33.21
fold2_room1_mix0711,37,1,0,-161,-2,34.94
fold2_room1_mix0711,37,4,0,176,0,35.36
fold2_room1_mix0711,38,1,0,-165,-2,23.90
fold2_room1_mix0711,38,4,0,176,-1,36.00
fold2_room1_mix0711,39,1,0,-157,-2,30.49
fold2_room1_mix0711,39,4,0,175,0,36.34
fold2_room1_mix0711,40,1,0,-157,-2,25.55
fold2_room1_mix0711,40,4,0,176,0,35.07
fold2_room1_mix0711,41,1,0,-157,-2,30.78
fold2_room1_mix0711,41,4,0,176,0,36.90
fold2_room1_mix0711,42,1,0,-154,-2,23.67
fold2_room1_mix0711,42,4,0,174,0,36.82
fold2_room1_mix0711,43,1,0,-154,-2,21.09
fold2_room1_mix0711,43,4,0,175,0,40.82
fold2_room1_mix0711,44,1,0,-154,-2,24.96
fold2_room1_mix0711,44,4,0,-179,0,38.36
fold2_room1_mix0711,45,1,0,-154,-2,26.67
fold2_room1_mix0711,45,4,0,177,0,32.68
fold2_room1_mix0711,46,1,0,-153,-2,27.05
fold2_room1_mix0711,46,4,0,-178,0,36.42
fold2_room1_mix0711,47,1,0,-152,-1,4.63
fold2_room1_mix0711,47,4,0,177,-1,34.71
fold2_room1_mix0711,48,1,0,-148,-2,18.69
fold2_room1_mix0711,48,4,0,177,0,34.39
fold2_room1_mix0711,49,1,0,-150,-2,22.95
fold2_room1_mix0711,49,4,0,-179,0,30.19
fold2_room1_mix0711,50,1,0,-150,-2,21.28
fold2_room1_mix0711,50,4,0,175,0,32.96
fold2_room1_mix0711,51,1,0,-151,-2,21.10
fold2_room1_mix0711,51,4,0,-179,0,31.92
fold2_room1_mix0711,52,4,0,179,-1,26.99
fold2_room1_mix0711,53,1,0,-144,-2,13.51
fold2_room1_mix0711,53,4,0,176,-1,24.06
fold2_room1_mix0711,54,1,0,-145,-3,15.05
fold2_room1_mix0711,54,4,0,178,0,26.77
fold2_room1_mix0711,55,1,0,-141,-3,18.05
fold2_room1_mix0711,55,4,0,179,-1,25.65
fold2_room1_mix0711,56,1,0,-139,-3,7.80
fold2_room1_mix0711,56,4,0,175,0,21.83
fold2_room1_mix0711,57,1,0,-134,-4,10.67
fold2_room1_mix0711,57,4,0,177,-1,23.75
fold2_room1_mix0711,58,1,0,-133,-3,12.79
fold2_room1_mix0711,58,4,0,179,-1,21.15
fold2_room1_mix0711,59,1,0,-126,-5,7.37
fold2_room1_mix0711,59,4,0,166,-2,18.82
fold2_room1_mix0711,60,1,0,-127,-4,9.15
fold2_room1_mix0711,60,4,0,179,-2,19.17
fold2_room1_mix0711,61,1,0,-126,-3,4.07
fold2_room1_mix0711,61,4,0,161,-3,14.04
fold2_room1_mix0711,62,1,0,-117,-4,7.33
fold2_room1_mix0711,62,4,0,164,-3,15.41
fold2_room1_mix0711,63,1,0,-100,-5,7.68
fold2_room1_mix0711,63,4,0,173,-4,13.33
fold2_room1_mix0711,64,1,0,-99,-5,6.01
fold2_room1_mix0711,64,4,0,153,-4,13.99
fold2_room1_mix0711,65,1,0,-97,-5,6.94
fold2_room1_mix0711,65,4,0,159,-3,14.96
fold2_room1_mix0711,66,4,0,158,-6,8.13
fold2_room1_mix0711,67,1,0,-69,-4,6.61
fold2_room1_mix0711,67,4,0,144,-6,7.41
fold2_room1_mix0711,68,1,0,-63,-5,8.55
fold2_room1_mix0711,68,4,0,139,-9,7.33
fold2_room1_mix0711,69,1,0,-61,-4,8.34
fold2_room1_mix0711,69,4,0,142,-14,5.90
fold2_room1_mix0711,70,1,0,-53,-5,5.79
fold2_room1_mix0711,70,4,0,124,-13,4.24
fold2_room1_mix0711,71,4,0,118,-19,3.83
fold2_room1_mix0711,72,1,0,-34,-4,8.24
fold2_room1_mix0711,72,4,0,92,-23,2.91
fold2_room1_mix0711,73,1,0,-28,-4,11.19
fold2_room1_mix0711,73,4,0,71,-26,2.92
fold2_room1_mix0711,74,1,0,-23,-3,12.11
fold2_room1_mix0711,74,4,0,68,-21,3.37
fold2_room1_mix0711,75,4,0,38,-11,4.53
fold2_room1_mix0711,76,4,0,22,-11,4.58
fold2_room1_mix0711,77,4,0,22,-9,5.35
fold2_room1_mix0711,78,4,0,20,-8,5.38
fold2_room1_mix0711,79,4,0,17,-7,6.03
fold2_room1_mix0711,80,4,0,16,-6,6.93
fold2_room1_mix0711,81,4,0,13,-5,7.66
fold2_room1_mix0711,82,4,0,12,-4,8.61
fold2_room1_mix0711,83,4,0,11,-4,8.72
fold2_room1_mix0711,84,4,0,11,-4,9.21
fold2_room1_mix0711,85,4,0,10,-3,11.01
fold2_room1_mix0711,86,4,0,10,-3,11.10
fold2_room1_mix0711,87,4,0,9,-3,11.19
fold2_room1_mix0711,88,4,0,8,-2,12.92
fold2_room1_mix0711,89,4,0,8,-3,13.45
fold2_room1_mix0711,90,4,0,8,-2,14.39
fold2_room1_mix0711,91,4,0,7,-2,15.73
fold2_room1_mix0711,92,4,0,7,-2,16.24
fold2_room1_mix0711,93,4,0,6,-2,18.02
fold2_room1_mix0711,94,4,0,7,-1,18.77
fold2_room1_mix0711,95,4,0,7,-2,18.85
fold2_room1_mix0711,96,4,0,6,-1,20.94
fold2_room1_mix0711,97,4,0,7,-2,20.82
fold2_room1_mix0711,98,4,0,7,-1,22.16
fold2_room1_mix0711,99,4,0,7,-1,21.94
fold2_room1_mix0712,27,3,0,136,-3,9.70
fold2_room1_mix0712,28,3,0,136,-3,12.03
fold2_room1_mix0712,29,3,0,128,-3,11.66
fold2_room1_mix0712,30,3,0,126,-2,11.35
fold2_room1_mix0712,31,3,0,121,-2,5.40
fold2_room1_mix0712,36,3,0,133,-3,9.64
fold2_room1_mix0712,37,3,0,131,-3,15.23
fold2_room1_mix0712,38,3,0,128,-3,14.90
fold2_room1_mix0712,39,3,0,126,-3,13.50
fold2_room1_mix0712,40,3,0,123,-3,14.01
fold2_room1_mix0712,40,4,0,28,-2,12.51
fold2_room1_mix0712,41,3,0,128,-3,14.54
fold2_room1_mix0712,41,4,0,30,-2,13.17
fold2_room1_mix0712,42,3,0,123,-3,12.20
fold2_room1_mix0712,42,4,0,29,-2,10.67
fold2_room1_mix0712,43,4,0,41,-1,12.08
fold2_room1_mix0712,44,4,0,34,-2,13.81
fold2_room1_mix0712,45,4,0,38,-2,12.57
fold2_room1_mix0712,46,4,0,37,-2,10.85
fold2_room1_mix0712,47,4,0,47,-2,7.92
fold2_room1_mix0712,48,3,0,77,-4,4.51
fold2_room1_mix0712,48,4,0,40,-2,13.24
fold2_room1_mix0712,49,3,0,78,-3,5.37
fold2_room1_mix0712,49,4,0,44,-1,13.40
fold2_room1_mix0712,50,4,0,42,-2,13.74
fold2_room1_mix0712,51,4,0,49,-1,13.85
fold2_room1_mix0712,52,4,0,49,-2,13.27
fold2_room1_mix0712,53,4,0,49,-2,13.64
fold2_room1_mix0712,54,4,0,52,-2,13.04
fold2_room1_mix0712,55,4,0,52,-2,12.79
fold2_room1_mix0712,56,4,0,56,-2,12.25
fold2_room1_mix0712,57,4,0,57,-2,11.87
fold2_room1_mix0712,58,4,0,62,-2,11.34
fold2_room1_mix0712,59,4,0,62,-2,11.92
fold2_room1_mix0712,60,3,0,107,-4,6.54
fold2_room1_mix0712,60,4,0,66,-2,12.53
fold2_room1_mix0712,61,3,0,100,-4,8.98
fold2_room1_mix0712,61,4,0,68,-1,12.89
fold2_room1_mix0712,62,3,0,98,-4,9.64
fold2_room1_mix0712,62,4,0,67,-2,11.96
fold2_room1_mix0712,63,3,0,102,-4,10.41
fold2_room1_mix0712,63,4,0,74,-2,12.24
fold2_room1_mix0712,64,3,0,93,-3,9.97
fold2_room1_mix0712,64,4,0,78,-3,12.18
fold2_room1_mix0712,65,3,0,105,-3,10.09
fold2_room1_mix0712,65,4,0,85,-3,11.70
fold2_room1_mix0712,66,3,0,96,-4,6.30
fold2_room1_mix0712,66,4,0,84,-3,10.87
fold2_room1_mix0712,67,4,0,83,-3,11.04
fold2_room1_mix0712,68,4,0,83,-4,10.35
fold2_room1_mix0712,69,4,0,87,-4,10.50
fold2_room1_mix0712,70,4,0,88,-4,10.17
fold2_room1_mix0712,71,4,0,90,-4,10.58
fold2_room1_mix0712,72,3,0,104,-4,6.90
fold2_room1_mix0712,72,4,0,95,-3,11.85
fold2_room1_mix0712,73,4,0,100,-3,10.64
fold2_room1_mix0712,74,4,0,106,-2,10.71
fold2_room1_mix0712,75,4,0,110,-2,11.32
fold2_room1_mix0712,76,4,0,112,-2,10.78
fold2_room1_mix0712,77,4,0,115,-2,11.21
fold2_room1_mix0712,78,4,0,118,-2,11.21
fold2_room1_mix0712,79,4,0,120,-2,11.61
fold2_room1_mix0712,80,4,0,122,-2,11.53
fold2_room1_mix0712,81,4,0,124,-2,12.22
fold2_room1_mix0712,82,4,0,126,-2,11.97
fold2_room1_mix0712,83,4,0,129,-2,12.43
fold2_room1_mix0712,84,4,0,130,-2,12.21
fold2_room1_mix0712,85,4,0,135,-2,12.83
fold2_room1_mix0712,86,4,0,134,-2,12.41
fold2_room1_mix0712,87,4,0,136,-2,12.75
fold2_room1_mix0712,88,4,0,136,-2,13.46
fold2_room1_mix0712,89,4,0,138,-2,12.97
fold2_room1_mix0712,90,4,0,140,-2,12.97
fold2_room1_mix0712,91,4,0,142,-2,12.83
fold2_room1_mix0712,92,4,0,140,-2,13.78
fold2_room1_mix0712,93,4,0,142,-2,11.23
fold2_room1_mix0712,94,4,0,144,-2,14.11
fold2_room1_mix0712,95,4,0,144,-2,14.55
fold2_room1_mix0712,96,4,0,145,-2,13.38
fold2_room1_mix0712,97,4,0,146,-1,14.74
fold2_room1_mix0712,98,4,0,146,-1,14.05
fold2_room1_mix0712,99,4,0,147,-1,13.07
fold2_room1_mix0714,0,5,0,43,1,6.92
fold2_room1_mix0714,1,5,0,41,1,9.54
fold2_room1_mix0714,2,5,0,42,2,15.43
fold2_room1_mix0714,3,5,0,47,2,13.33
fold2_room1_mix0714,4,5,0,47,2,14.62
fold2_room1_mix0714,5,3,0,16,-3,8.25
fold2_room1_mix0714,5,5,0,46,2,12.07
fold2_room1_mix0714,6,3,0,-6,-3,11.42
fold2_room1_mix0714,6,5,0,45,3,12.43
fold2_room1_mix0714,7,5,0,43,2,15.19
fold2_room1_mix0714,8,5,0,47,2,13.83
fold2_room1_mix0714,9,5,0,36,2,13.70
fold2_room1_mix0714,10,5,0,43,3,12.89
fold2_room1_mix0714,11,5,0,46,2,14.45
fold2_room1_mix0714,12,5,0,40,2,11.81
fold2_room1_mix0714,13,5,0,48,2,13.93
fold2_room1_mix0714,14,5,0,43,2,13.68
fold2_room1_mix0714,15,5,0,44,3,12.12
fold2_room1_mix0714,16,5,0,49,2,13.40
fold2_room1_mix0714,17,5,0,46,3,11.78
fold2_room1_mix0714,18,3,0,26,-3,9.59
fold2_room1_mix0714,18,5,0,44,3,10.74
fold2_room1_mix0714,19,3,0,52,-5,8.66
fold2_room1_mix0714,19,5,0,49,2,13.91
fold2_room1_mix0714,20,3,0,34,-3,11.73
fold2_room1_mix0714,20,5,0,47,3,13.13
fold2_room1_mix0714,21,3,0,33,-4,9.13
fold2_room1_mix0714,21,5,0,50,2,11.40
fold2_room1_mix0714,22,3,0,32,-3,10.74
fold2_room1_mix0714,22,5,0,49,2,13.38
fold2_room1_mix0714,23,3,0,28,-3,9.62
fold2_room1_mix0714,23,5,0,44,3,11.53
fold2_room1_mix0714,24,3,0,32,-3,8.17
fold2_room1_mix0714,24,5,0,50,3,12.15
fold2_room1_mix0714,25,3,0,30,-3,8.54
fold2_room1_mix0714,25,5,0,48,2,12.22
fold2_room1_mix0714,26,3,0,31,-3,9.18
fold2_room1_mix0714,26,4,0,177,0,2.74
fold2_room1_mix0714,26,5,0,46,3,11.53
fold2_room1_mix0714,27,3,0,31,-3,8.99
fold2_room1_mix0714,27,4,0,176,-1,5.82
fold2_room1_mix0714,27,5,0,51,2,12.18
fold2_room1_mix0714,28,3,0,33,-3,7.81
fold2_room1_mix0714,28,4,0,-178,-1,10.51
fold2_room1_mix0714,28,5,0,45,3,11.04
fold2_room1_mix0714,29,3,0,39,-3,7.20
fold2_room1_mix0714,29,4,0,175,0,3.15
fold2_room1_mix0714,29,5,0,52,3,11.77
fold2_room1_mix0714,30,3,0,37,-3,7.03
fold2_room1_mix0714,30,4,0,174,-1,13.96
fold2_room1_mix0714,30,5,0,46,3,11.88
fold2_room1_mix0714,31,3,0,42,-3,7.26
fold2_room1_mix0714,31,4,0,178,-2,14.40
fold2_room1_mix0714,31,5,0,47,3,11.16
fold2_room1_mix0714,32,3,0,59,-5,6.29
fold2_room1_mix0714,32,4,0,-178,-2,15.18
fold2_room1_mix0714,32,5,0,50,3,11.91
fold2_room1_mix0714,33,4,0,-179,-1,16.56
fold2_room1_mix0714,33,5,0,43,3,11.99
fold2_room1_mix0714,34,3,0,81,-5,6.00
fold2_room1_mix0714,34,4,0,-175,-2,17.59
fold2_room1_mix0714,34,5,0,49,3,10.80
fold2_room1_mix0714,35,3,0,79,-5,3.82
fold2_room1_mix0714,35,4,0,-177,-2,17.67
fold2_room1_mix0714,35,5,0,44,3,12.77
fold2_room1_mix0714,36,3,0,96,-5,8.52
fold2_room1_mix0714,36,4,0,-176,-1,17.67
fold2_room1_mix0714,36,5,0,46,3,12.57
fold2_room1_mix0714,37,3,0,106,-8,6.21
fold2_room1_mix0714,37,4,0,-174,-1,18.48
fold2_room1_mix0714,37,5,0,46,4,10.49
fold2_room1_mix0714,38,3,0,125,-9,7.75
fold2_room1_mix0714,38,4,0,-178,-2,16.07
fold2_room1_mix0714,38,5,0,45,3,13.03
fold2_room1_mix0714,39,3,0,128,-8,7.12
fold2_room1_mix0714,39,4,0,-173,-3,13.18
fold2_room1_mix0714,39,5,0,41,3,11.88
fold2_room1_mix0714,40,3,0,132,-7,5.92
fold2_room1_mix0714,40,4,0,-166,-3,13.95
fold2_room1_mix0714,40,5,0,40,3,11.86
fold2_room1_mix0714,41,3,0,133,-7,6.81
fold2_room1_mix0714,41,4,0,-170,-3,12.17
fold2_room1_mix0714,41,5,0,43,3,11.70
fold2_room1_mix0714,42,3,0,135,-8,7.51
fold2_room1_mix0714,42,4,0,-170,-3,10.78
fold2_room1_mix0714,42,5,0,40,3,12.69
fold2_room1_mix0714,43,3,0,142,-7,7.99
fold2_room1_mix0714,43,4,0,-169,-3,11.93
fold2_room1_mix0714,43,5,0,41,2,13.53
fold2_room1_mix0714,44,3,0,140,-7,6.84
fold2_room1_mix0714,44,4,0,-173,-3,11.80
fold2_room1_mix0714,44,5,0,44,3,13.65
fold2_room1_mix0714,45,3,0,156,-7,8.05
fold2_room1_mix0714,45,4,0,-170,-3,11.07
fold2_room1_mix0714,45,5,0,45,3,12.62
fold2_room1_mix0714,46,3,0,152,-6,6.54
fold2_room1_mix0714,46,4,0,-169,-3,10.45
fold2_room1_mix0714,46,5,0,46,3,12.99
fold2_room1_mix0714,47,3,0,149,-5,6.70
fold2_room1_mix0714,47,4,0,-168,-4,8.82
fold2_room1_mix0714,47,5,0,52,4,10.53
fold2_room1_mix0714,48,3,0,134,-7,6.29
fold2_room1_mix0714,48,4,0,-169,-5,7.68
fold2_room1_mix0714,48,4,0,-10,-8,10.44
fold2_room1_mix0714,48,5,0,53,3,12.64
fold2_room1_mix0714,49,3,0,127,-8,4.42
fold2_room1_mix0714,49,4,0,-167,-4,7.34
fold2_room1_mix0714,49,4,0,-7,-6,10.34
fold2_room1_mix0714,49,5,0,56,3,12.16
fold2_room1_mix0714,50,4,0,-165,-5,5.68
fold2_room1_mix0714,50,4,0,-1,-5,8.65
fold2_room1_mix0714,50,5,0,48,4,10.48
fold2_room1_mix0714,51,4,0,-164,-6,4.77
fold2_room1_mix0714,51,5,0,49,4,11.19
fold2_room1_mix0714,52,4,0,-162,-7,4.30
fold2_room1_mix0714,52,4,0,5,-7,6.98
fold2_room1_mix0714,52,5,0,54,4,12.33
fold2_room1_mix0714,53,4,0,-161,-7,4.20
fold2_room1_mix0714,53,4,0,7,-6,6.98
fold2_room1_mix0714,53,5,0,60,4,11.07
fold2_room1_mix0714,54,4,0,-158,-8,3.61
fold2_room1_mix0714,54,4,0,-5,-7,6.02
fold2_room1_mix0714,54,5,0,56,4,10.69
fold2_room1_mix0714,55,4,0,-154,-10,3.11
fold2_room1_mix0714,55,4,0,1,-10,5.52
fold2_room1_mix0714,55,5,0,61,5,11.22
fold2_room1_mix0714,56,4,0,-151,-10,3.02
fold2_room1_mix0714,56,4,0,4,-10,5.04
fold2_room1_mix0714,56,5,0,52,4,10.12
fold2_room1_mix0714,57,4,0,-147,-14,2.23
fold2_room1_mix0714,57,4,0,2,-10,4.86
fold2_room1_mix0714,57,5,0,56,5,10.43
fold2_room1_mix0714,58,4,0,-145,-16,2.01
fold2_room1_mix0714,58,4,0,1,-10,4.93
fold2_room1_mix0714,58,5,0,57,4,10.81
fold2_room1_mix0714,59,4,0,-129,-18,2.15
fold2_room1_mix0714,59,4,0,-103,-33,2.73
fold2_room1_mix0714,59,4,0,8,-8,6.56
fold2_room1_mix0714,59,5,0,50,4,11.61
fold2_room1_mix0714,60,4,0,-123,-25,1.64
fold2_room1_mix0714,60,4,0,8,-15,4.60
fold2_room1_mix0714,60,5,0,55,4,9.90
fold2_room1_mix0714,61,4,0,-96,-31,1.14
fold2_room1_mix0714,61,4,0,4,-19,4.52
fold2_room1_mix0714,61,5,0,60,4,9.90
fold2_room1_mix0714,62,4,0,-72,-27,1.34
fold2_room1_mix0714,62,4,0,1,-11,5.81
fold2_room1_mix0714,62,5,0,56,4,9.50
fold2_room1_mix0714,63,4,0,-62,-22,1.71
fold2_room1_mix0714,63,4,0,1,-12,5.09
fold2_room1_mix0714,63,5,0,66,5,8.73
fold2_room1_mix0714,64,4,0,-45,-16,1.81
fold2_room1_mix0714,64,4,0,15,-8,4.93
fold2_room1_mix0714,64,5,0,56,5,8.66
fold2_room1_mix0714,65,4,0,-43,-15,1.99
fold2_room1_mix0714,65,4,0,-27,-16,2.50
fold2_room1_mix0714,65,4,0,18,-8,5.68
fold2_room1_mix0714,65,5,0,64,5,9.22
fold2_room1_mix0714,66,4,0,-30,-12,2.35
fold2_room1_mix0714,66,4,0,21,-7,4.29
fold2_room1_mix0714,66,5,0,65,5,9.68
fold2_room1_mix0714,67,4,0,61,-9,3.20
fold2_room1_mix0714,67,4,0,-15,-8,3.61
fold2_room1_mix0714,67,5,0,52,4,10.50
fold2_room1_mix0714,68,4,0,63,-10,2.58
fold2_room1_mix0714,68,4,0,-20,-8,4.08
fold2_room1_mix0714,68,5,0,52,5,10.65
fold2_room1_mix0714,69,4,0,72,-10,2.65
fold2_room1_mix0714,69,4,0,-14,-7,4.32
fold2_room1_mix0714,69,5,0,57,4,11.39
fold2_room1_mix0714,70,4,0,88,-10,3.06
fold2_room1_mix0714,70,4,0,-14,-7,4.79
fold2_room1_mix0714,70,5,0,59,4,11.87
fold2_room1_mix0714,71,4,0,108,-9,3.63
fold2_room1_mix0714,71,4,0,-14,-6,5.86
fold2_room1_mix0714,71,5,0,65,4,12.73
fold2_room1_mix0714,72,4,0,124,-7,3.57
fold2_room1_mix0714,72,4,0,-14,-5,6.15
fold2_room1_mix0714,72,5,0,57,4,12.70
fold2_room1_mix0714,73,4,0,130,-6,4.29
fold2_room1_mix0714,73,4,0,-8,-6,6.39
fold2_room1_mix0714,73,5,0,62,5,11.70
fold2_room1_mix0714,74,4,0,136,-6,4.54
fold2_room1_mix0714,74,4,0,-8,-5,6.18
fold2_room1_mix0714,74,5,0,60,4,12.82
fold2_room1_mix0714,75,4,0,139,-6,5.07
fold2_room1_mix0714,75,4,0,-10,-6,6.87
fold2_room1_mix0714,75,5,0,53,3,14.06
fold2_room1_mix0714,76,4,0,147,-4,6.05
fold2_room1_mix0714,76,4,0,-8,-5,7.08
fold2_room1_mix0714,76,5,0,52,3,13.71
fold2_room1_mix0714,77,4,0,150,-4,5.37
fold2_room1_mix0714,77,4,0,-9,-4,8.39
fold2_room1_mix0714,77,5,0,57,3,13.58
fold2_room1_mix0714,78,4,0,151,-4,6.44
fold2_room1_mix0714,78,4,0,-5,-4,7.90
fold2_room1_mix0714,78,5,0,56,3,14.25
fold2_room1_mix0714,79,4,0,153,-4,6.56
fold2_room1_mix0714,79,4,0,-5,-3,8.51
fold2_room1_mix0714,79,5,0,63,4,11.56
fold2_room1_mix0714,80,4,0,154,-3,7.17
fold2_room1_mix0714,80,4,0,-4,-3,9.27
fold2_room1_mix0714,80,5,0,68,4,10.45
fold2_room1_mix0714,81,4,0,157,-4,7.77
fold2_room1_mix0714,81,4,0,-8,-3,9.94
fold2_room1_mix0714,81,5,0,86,5,10.96
fold2_room1_mix0714,82,4,0,159,-3,7.65
fold2_room1_mix0714,82,4,0,-5,-3,10.29
fold2_room1_mix0714,82,5,0,62,4,10.87
fold2_room1_mix0714,83,4,0,160,-3,9.11
fold2_room1_mix0714,83,4,0,-4,-2,11.57
fold2_room1_mix0714,83,5,0,80,5,10.29
fold2_room1_mix0714,84,4,0,160,-3,8.45
fold2_room1_mix0714,84,4,0,-6,-2,10.75
fold2_room1_mix0714,84,5,0,94,6,9.69
fold2_room1_mix0714,85,4,0,162,-3,9.24
fold2_room1_mix0714,85,4,0,-8,-1,12.04
fold2_room1_mix0714,85,5,0,94,5,10.81
fold2_room1_mix0714,86,4,0,164,-2,9.71
fold2_room1_mix0714,86,4,0,-6,-2,11.55
fold2_room1_mix0714,86,5,0,94,5,9.97
fold2_room1_mix0714,87,4,0,163,-3,10.17
fold2_room1_mix0714,87,4,0,-3,-2,12.98
fold2_room1_mix0714,87,5,0,93,4,11.70
fold2_room1_mix0714,88,4,0,164,-3,10.58
fold2_room1_mix0714,88,4,0,-3,-1,13.46
fold2_room1_mix0714,88,5,0,92,5,10.19
fold2_room1_mix0714,89,4,0,166,-3,10.82
fold2_room1_mix0714,89,4,0,-4,-1,15.32
fold2_room1_mix0714,89,5,0,99,5,8.69
fold2_room1_mix0714,90,4,0,166,-3,11.36
fold2_room1_mix0714,90,4,0,-6,-1,14.47
fold2_room1_mix0714,90,5,0,91,5,10.07
fold2_room1_mix0714,91,4,0,168,-2,13.23
fold2_room1_mix0714,91,4,0,-4,-1,14.71
fold2_room1_mix0714,91,5,0,95,4,11.44
fold2_room1_mix0714,92,4,0,164,-1,13.76
fold2_room1_mix0714,92,4,0,6,-1,16.90
fold2_room1_mix0714,92,5,0,98,5,10.49
fold2_room1_mix0714,93,4,0,164,-1,14.15
fold2_room1_mix0714,93,4,0,2,0,17.26
fold2_room1_mix0714,93,5,0,96,5,9.41
fold2_room1_mix0714,94,4,0,168,-1,14.83
fold2_room1_mix0714,94,4,0,0,0,16.69
fold2_room1_mix0714,94,5,0,101,5,8.62
fold2_room1_mix0714,95,4,0,172,-1,14.08
fold2_room1_mix0714,95,4,0,-6,-1,15.25
fold2_room1_mix0714,95,5,0,104,5,9.51
fold2_room1_mix0714,96,4,0,168,0,13.42
fold2_room1_mix0714,96,4,0,5,-1,14.29
fold2_room1_mix0714,96,5,0,94,5,9.11
fold2_room1_mix0714,97,4,0,165,-1,15.03
fold2_room1_mix0714,97,4,0,5,-1,17.83
fold2_room1_mix0714,97,5,0,101,4,9.53
fold2_room1_mix0714,98,4,0,160,-2,13.09
fold2_room1_mix0714,98,5,0,96,3,10.16
fold2_room1_mix0714,99,4,0,161,-2,13.67
fold2_room1_mix0714,99,5,0,95,5,8.86
fold2_room1_mix0715,40,2,0,-98,-4,6.79
fold2_room1_mix0715,41,2,0,-97,-4,6.23
fold2_room1_mix0715,42,2,0,-91,-4,6.50
fold2_room1_mix0715,43,2,0,-92,-4,6.66
fold2_room1_mix0715,44,2,0,-91,-3,6.96
fold2_room1_mix0715,49,2,0,-91,-3,8.35
fold2_room1_mix0715,50,2,0,-86,-3,9.50
fold2_room1_mix0715,51,2,0,-88,-3,8.98
fold2_room1_mix0715,52,2,0,-87,-3,8.74
fold2_room1_mix0715,53,2,0,-87,-3,9.19
fold2_room1_mix0715,58,2,0,-84,-3,8.30
fold2_room1_mix0715,59,2,0,-85,-3,9.56
fold2_room1_mix0715,60,2,0,-83,-2,10.01
fold2_room1_mix0715,61,2,0,-83,-3,9.68
fold2_room1_mix0715,62,2,0,-84,-3,10.24
fold2_room1_mix0715,63,2,0,-80,-3,9.79
fold2_room1_mix0715,68,2,0,-78,-2,9.88
fold2_room1_mix0715,69,2,0,-77,-3,10.41
fold2_room1_mix0715,70,2,0,-78,-2,10.22
fold2_room1_mix0715,71,2,0,-73,-2,11.19
fold2_room1_mix0715,72,2,0,-74,-3,10.42
fold2_room1_mix0715,73,2,0,-73,-3,10.54
fold2_room1_mix0715,78,2,0,-73,-2,9.04
fold2_room1_mix0716,31,1,0,-30,-3,19.33
fold2_room1_mix0716,32,1,0,-30,-3,27.76
fold2_room1_mix0716,34,1,0,-40,-3,23.16
fold2_room1_mix0716,35,1,0,-37,-3,19.55
fold2_room1_mix0716,36,1,0,-36,-3,16.30
fold2_room1_mix0716,37,1,0,-36,-2,23.27
fold2_room1_mix0716,39,1,0,-41,-3,17.71
fold2_room1_mix0716,40,1,0,-39,-3,18.91
fold2_room1_mix0716,41,1,0,-45,-3,16.37
fold2_room1_mix0716,42,1,0,-49,-3,17.32
fold2_room1_mix0716,44,1,0,-50,-3,12.45
fold2_room1_mix0716,45,1,0,-56,-3,13.27
fold2_room1_mix0716,46,1,0,-64,-3,12.81
fold2_room1_mix0716,47,1,0,-68,-3,11.13
fold2_room1_mix0716,49,1,0,-80,-4,9.68
fold2_room1_mix0716,50,1,0,-89,-4,9.64
fold2_room1_mix0716,51,1,0,-95,-4,9.14
fold2_room1_mix0716,52,1,0,-93,-3,7.31
fold2_room1_mix0716,54,1,0,-112,-4,12.61
fold2_room1_mix0716,55,1,0,-118,-4,11.39
fold2_room1_mix0717,3,4,0,-157,0,4.08
fold2_room1_mix0717,4,4,0,-143,-1,11.62
fold2_room1_mix0717,5,4,0,-147,0,13.02
fold2_room1_mix0717,6,4,0,-147,-1,14.35
fold2_room1_mix0717,7,4,0,-142,-1,19.76
fold2_room1_mix0717,8,4,0,-143,-1,20.24
fold2_room1_mix0717,9,4,0,-141,-1,19.04
fold2_room1_mix0717,10,4,0,-141,-1,18.25
fold2_room1_mix0717,11,4,0,-142,-1,18.42
fold2_room1_mix0717,12,4,0,-137,-1,17.60
fold2_room1_mix0717,13,4,0,-137,-1,16.99
fold2_room1_mix0717,14,4,0,-137,-1,16.97
fold2_room1_mix0717,15,4,0,-136,-1,18.04
fold2_room1_mix0717,16,4,0,-133,-1,16.60
fold2_room1_mix0717,17,4,0,-133,-1,16.58
fold2_room1_mix0717,18,4,0,-132,-1,16.65
fold2_room1_mix0717,19,4,0,-130,-1,16.21
fold2_room1_mix0717,20,4,0,-129,-1,15.38
fold2_room1_mix0717,21,4,0,-129,-1,15.71
fold2_room1_mix0717,22,4,0,-127,-1,15.46
fold2_room1_mix0717,23,4,0,-125,-1,15.16
fold2_room1_mix0717,24,4,0,-123,-1,14.87
fold2_room1_mix0717,25,4,0,-124,-1,15.05
fold2_room1_mix0717,26,4,0,-124,-1,14.64
fold2_room1_mix0717,27,4,0,-122,-2,14.09
fold2_room1_mix0717,28,4,0,-121,-2,14.24
fold2_room1_mix0717,29,4,0,-118,-2,13.56
fold2_room1_mix0717,30,4,0,-119,-2,12.89
fold2_room1_mix0717,31,4,0,-119,-2,13.38
fold2_room1_mix0717,32,4,0,-117,-2,13.01
fold2_room1_mix0717,33,4,0,-120,-2,12.79
fold2_room1_mix0717,33,4,0,-81,-2,16.06
fold2_room1_mix0717,34,4,0,-119,-2,12.30
fold2_room1_mix0717,34,4,0,-38,-1,19.70
fold2_room1_mix0717,35,4,0,-119,-2,12.37
fold2_room1_mix0717,35,4,0,-58,-1,18.41
fold2_room1_mix0717,36,4,0,-118,-2,11.92
fold2_room1_mix0717,36,4,0,-37,0,21.12
fold2_room1_mix0717,37,4,0,-117,-2,12.39
fold2_room1_mix0717,37,4,0,-35,0,21.65
fold2_room1_mix0717,38,4,0,-115,-2,12.13
fold2_room1_mix0717,38,4,0,-31,0,23.97
fold2_room1_mix0717,39,4,0,-111,-2,11.81
fold2_room1_mix0717,39,4,0,-17,0,26.95
fold2_room1_mix0717,40,4,0,-112,-2,11.96
fold2_room1_mix0717,40,4,0,-36,0,23.78
fold2_room1_mix0717,41,4,0,-105,-2,11.65
fold2_room1_mix0717,41,4,0,-22,0,24.44
fold2_room1_mix0717,42,4,0,-101,-2,11.47
fold2_room1_mix0717,42,4,0,-24,0,27.62
fold2_room1_mix0717,43,4,0,-101,-3,11.43
fold2_room1_mix0717,43,4,0,-21,0,26.89
fold2_room1_mix0717,44,4,0,-101,-2,11.25
fold2_room1_mix0717,44,4,0,-22,0,26.51
fold2_room1_mix0717,45,4,0,-95,-3,11.23
fold2_room1_mix0717,45,4,0,-21,0,28.67
fold2_room1_mix0717,46,4,0,-95,-3,11.26
fold2_room1_mix0717,46,4,0,-19,0,29.00
fold2_room1_mix0717,47,4,0,-93,-3,11.68
fold2_room1_mix0717,47,4,0,-21,0,28.98
fold2_room1_mix0717,48,4,0,-88,-2,11.21
fold2_room1_mix0717,48,4,0,-19,0,27.97
fold2_room1_mix0717,49,4,0,-86,-3,11.64
fold2_room1_mix0717,49,4,0,-21,0,27.43
fold2_room1_mix0717,50,4,0,-78,-3,11.11
fold2_room1_mix0717,50,4,0,-20,0,28.11
fold2_room1_mix0717,51,4,0,-80,-3,11.38
fold2_room1_mix0717,51,4,0,-14,0,26.74
fold2_room1_mix0717,52,4,0,-75,-3,10.86
fold2_room1_mix0717,52,4,0,-18,0,27.26
fold2_room1_mix0717,53,4,0,-75,-3,11.46
fold2_room1_mix0717,53,4,0,-19,0,26.07
fold2_room1_mix0717,54,4,0,-73,-2,11.80
fold2_room1_mix0717,54,4,0,-19,0,24.85
fold2_room1_mix0717,55,4,0,-73,-3,11.98
fold2_room1_mix0717,55,4,0,-22,0,24.82
fold2_room1_mix0717,56,4,0,-68,-3,11.46
fold2_room1_mix0717,56,4,0,-22,0,23.20
fold2_room1_mix0717,57,4,0,-71,-3,11.84
fold2_room1_mix0717,57,4,0,-21,-1,21.14
fold2_room1_mix0717,58,4,0,-66,-2,11.88
fold2_room1_mix0717,58,4,0,-17,-1,21.09
fold2_room1_mix0717,59,4,0,-64,-3,12.08
fold2_room1_mix0717,59,4,0,-14,-1,19.53
fold2_room1_mix0717,60,4,0,-62,-2,12.50
fold2_room1_mix0717,60,4,0,-16,-1,19.70
fold2_room1_mix0717,61,4,0,-59,-3,12.09
fold2_room1_mix0717,61,4,0,-17,-2,17.87
fold2_room1_mix0717,62,4,0,-58,-3,11.95
fold2_room1_mix0717,62,4,0,-18,-2,16.62
fold2_room1_mix0717,63,4,0,-54,-3,12.01
fold2_room1_mix0717,63,4,0,-18,-2,16.43
fold2_room1_mix0717,64,4,0,-49,-3,11.22
fold2_room1_mix0717,64,4,0,-18,-2,16.05
fold2_room1_mix0717,65,4,0,-50,-3,10.88
fold2_room1_mix0717,65,4,0,-21,-2,14.62
fold2_room1_mix0717,66,4,0,-47,-3,10.40
fold2_room1_mix0717,66,4,0,-23,-2,12.98
fold2_room1_mix0717,67,4,0,-48,-3,9.51
fold2_room1_mix0717,67,4,0,-25,-2,12.02
fold2_room1_mix0717,68,4,0,-49,-4,7.84
fold2_room1_mix0717,68,4,0,-30,-2,11.39
fold2_room1_mix0717,69,4,0,-44,-4,8.28
fold2_room1_mix0717,70,4,0,-53,-5,7.27
fold2_room1_mix0717,71,4,0,-62,-6,5.01
fold2_room1_mix0717,71,4,0,-42,-1,13.45
fold2_room1_mix0717,72,4,0,-75,-7,4.72
fold2_room1_mix0717,72,4,0,-43,-1,14.74
fold2_room1_mix0717,73,4,0,-93,-8,4.03
fold2_room1_mix0717,73,4,0,-45,0,16.31
fold2_room1_mix0717,74,4,0,-120,-7,2.62
fold2_room1_mix0717,74,4,0,-72,-2,8.21
fold2_room1_mix0717,74,4,0,-42,0,16.54
fold2_room1_mix0717,75,4,0,-131,-6,3.06
fold2_room1_mix0717,75,4,0,-47,-1,13.76
fold2_room1_mix0717,76,4,0,-136,-5,3.53
fold2_room1_mix0717,76,4,0,-43,0,14.29
fold2_room1_mix0717,77,4,0,-142,-3,4.18
fold2_room1_mix0717,77,4,0,-42,0,15.37
fold2_room1_mix0717,78,4,0,-147,-3,4.47
fold2_room1_mix0717,78,4,0,-34,0,15.79
fold2_room1_mix0717,79,4,0,-148,-3,5.09
fold2_room1_mix0717,79,4,0,-39,0,15.85
fold2_room1_mix0717,80,4,0,-152,-2,5.75
fold2_room1_mix0717,80,4,0,-33,0,15.79
fold2_room1_mix0717,81,4,0,-153,-2,6.02
fold2_room1_mix0717,81,4,0,-34,0,16.27
fold2_room1_mix0717,82,4,0,-156,-1,7.21
fold2_room1_mix0717,82,4,0,-35,0,18.25
fold2_room1_mix0717,83,4,0,-156,-2,7.86
fold2_room1_mix0717,83,4,0,-39,0,15.81
fold2_room1_mix0717,84,4,0,-158,-1,8.45
fold2_room1_mix0717,84,4,0,-35,0,16.21
fold2_room1_mix0717,85,4,0,-157,-1,9.75
fold2_room1_mix0717,85,4,0,-38,0,16.17
fold2_room1_mix0717,86,4,0,-162,-1,10.59
fold2_room1_mix0717,86,4,0,-35,0,17.65
fold2_room1_mix0717,87,4,0,-160,0,11.91
fold2_room1_mix0717,87,4,0,-38,0,18.37
fold2_room1_mix0717,88,4,0,-165,-1,13.01
fold2_room1_mix0717,88,4,0,-37,0,17.93
fold2_room1_mix0717,89,4,0,-162,0,13.46
fold2_room1_mix0717,89,4,0,-33,0,19.32
fold2_room1_mix0717,90,4,0,-165,0,15.30
fold2_room1_mix0717,90,4,0,-31,0,20.87
fold2_room1_mix0717,91,4,0,-164,0,15.67
fold2_room1_mix0717,91,4,0,-34,0,21.20
fold2_room1_mix0717,92,4,0,-163,0,17.35
fold2_room1_mix0717,92,4,0,-32,0,22.11
fold2_room1_mix0717,93,4,0,-165,0,16.80
fold2_room1_mix0717,93,4,0,-33,0,22.03
fold2_room1_mix0717,94,4,0,-163,0,18.79
fold2_room1_mix0717,94,4,0,-30,0,23.14
fold2_room1_mix0717,95,4,0,-165,0,19.39
fold2_room1_mix0717,95,4,0,-35,0,23.73
fold2_room1_mix0717,96,4,0,-167,0,20.17
fold2_room1_mix0717,96,4,0,-31,0,24.23
fold2_room1_mix0717,97,4,0,-162,0,21.06
fold2_room1_mix0717,97,4,0,-38,0,24.49
fold2_room1_mix0717,98,4,0,-163,0,21.44
fold2_room1_mix0717,98,4,0,-35,0,25.01
fold2_room1_mix0717,99,4,0,-160,-1,21.58
fold2_room1_mix0717,99,4,0,-37,0,24.60
fold2_room1_mix0720,3,4,0,-4,0,7.62
fold2_room1_mix0720,4,4,0,-1,-1,16.40
fold2_room1_mix0720,5,4,0,-1,-1,19.46
fold2_room1_mix0720,6,4,0,-2,-1,22.03
fold2_room1_mix0720,7,4,0,-1,-1,30.37
fold2_room1_mix0720,8,4,0,-2,-1,28.89
fold2_room1_mix0720,9,4,0,-1,-1,29.41
fold2_room1_mix0720,10,4,0,-1,-1,27.31
fold2_room1_mix0720,11,4,0,-1,-1,27.46
fold2_room1_mix0720,12,4,0,-1,-1,27.08
fold2_room1_mix0720,13,4,0,0,-1,25.76
fold2_room1_mix0720,14,4,0,-1,-1,26.38
fold2_room1_mix0720,15,4,0,-1,-1,25.60
fold2_room1_mix0720,16,4,0,0,-1,23.70
fold2_room1_mix0720,17,4,0,0,-1,24.89
fold2_room1_mix0720,18,4,0,-2,-1,24.75
fold2_room1_mix0720,19,4,0,-2,-1,24.17
fold2_room1_mix0720,20,4,0,-1,-1,24.87
fold2_room1_mix0720,21,4,0,-2,-1,24.47
fold2_room1_mix0720,22,4,0,-2,-1,23.60
fold2_room1_mix0720,23,4,0,-2,-1,22.76
fold2_room1_mix0720,24,4,0,-2,-1,22.64
fold2_room1_mix0720,25,4,0,-3,-1,22.78
fold2_room1_mix0720,26,4,0,-3,-1,22.41
fold2_room1_mix0720,27,4,0,-2,-1,21.91
fold2_room1_mix0720,28,4,0,-3,-1,21.18
fold2_room1_mix0720,29,4,0,-3,-1,20.12
fold2_room1_mix0720,30,4,0,-3,-1,20.06
fold2_room1_mix0720,31,4,0,-4,-1,19.77
fold2_room1_mix0720,32,4,0,-4,-1,18.80
fold2_room1_mix0720,33,4,0,-4,-1,18.20
fold2_room1_mix0720,34,4,0,-5,-1,17.44
fold2_room1_mix0720,35,4,0,-5,-1,17.17
fold2_room1_mix0720,36,4,0,-5,-1,16.82
fold2_room1_mix0720,37,4,0,-5,-1,16.36
fold2_room1_mix0720,38,4,0,-5,-2,16.10
fold2_room1_mix0720,39,4,0,-6,-2,15.83
fold2_room1_mix0720,40,4,0,-6,-2,15.12
fold2_room1_mix0720,41,4,0,-6,-2,15.18
fold2_room1_mix0720,42,4,0,-7,-2,14.12
fold2_room1_mix0720,43,4,0,-6,-2,14.36
fold2_room1_mix0720,44,4,0,-6,-2,14.51
fold2_room1_mix0720,45,4,0,-7,-2,13.07
fold2_room1_mix0720,46,4,0,-8,-2,12.90
fold2_room1_mix0720,47,4,0,-8,-3,12.05
fold2_room1_mix0720,48,4,0,-8,-3,10.72
fold2_room1_mix0720,49,4,0,-9,-3,10.65
fold2_room1_mix0720,50,4,0,-9,-3,10.56
fold2_room1_mix0720,51,4,0,-10,-3,9.75
fold2_room1_mix0720,52,4,0,-11,-3,9.54
fold2_room1_mix0720,53,4,0,-11,-4,9.11
fold2_room1_mix0720,54,4,0,-12,-3,8.69
fold2_room1_mix0720,55,4,0,-13,-4,7.82
fold2_room1_mix0720,56,4,0,-13,-4,7.79
fold2_room1_mix0720,57,4,0,-15,-4,7.32
fold2_room1_mix0720,58,4,0,-15,-4,6.84
fold2_room1_mix0720,59,4,0,-16,-4,6.63
fold2_room1_mix0720,60,4,0,-17,-4,6.24
fold2_room1_mix0720,61,4,0,-18,-4,5.59
fold2_room1_mix0720,62,4,0,-21,-5,5.16
fold2_room1_mix0720,63,4,0,-21,-5,5.07
fold2_room1_mix0720,64,4,0,-24,-5,4.18
fold2_room1_mix0720,65,4,0,-24,-5,4.34
fold2_room1_mix0720,66,4,0,-28,-6,3.86
fold2_room1_mix0720,67,4,0,-30,-7,3.42
fold2_room1_mix0720,68,4,0,-34,-7,3.04
fold2_room1_mix0720,69,4,0,-37,-7,2.69
fold2_room1_mix0720,70,4,0,-43,-8,2.44
fold2_room1_mix0720,71,4,0,-48,-8,2.14
fold2_room1_mix0720,72,4,0,-56,-9,1.91
fold2_room1_mix0720,73,4,0,-68,-10,1.85
fold2_room1_mix0720,74,4,0,-82,-11,1.87
fold2_room1_mix0720,75,4,0,-98,-10,1.87
fold2_room1_mix0720,76,4,0,-110,-9,2.04
fold2_room1_mix0720,77,4,0,-120,-7,2.16
fold2_room1_mix0720,78,4,0,-132,-7,2.32
fold2_room1_mix0720,79,4,0,-138,-7,2.57
fold2_room1_mix0720,80,4,0,-142,-6,2.81
fold2_room1_mix0720,81,4,0,-146,-5,3.12
fold2_room1_mix0720,82,4,0,-148,-5,3.35
fold2_room1_mix0720,83,4,0,-151,-5,3.59
fold2_room1_mix0720,84,4,0,-153,-4,4.08
fold2_room1_mix0720,85,4,0,-155,-4,4.29
fold2_room1_mix0720,86,4,0,-157,-4,4.83
fold2_room1_mix0720,87,4,0,-157,-3,5.28
fold2_room1_mix0720,88,4,0,-158,-3,5.52
fold2_room1_mix0720,89,4,0,-160,-3,6.36
fold2_room1_mix0720,90,4,0,-161,-3,6.80
fold2_room1_mix0720,91,4,0,-161,-2,7.14
fold2_room1_mix0720,92,4,0,-163,-2,7.64
fold2_room1_mix0720,93,4,0,-164,-2,7.93
fold2_room1_mix0720,94,4,0,-164,-2,8.46
fold2_room1_mix0720,95,4,0,-165,-2,8.84
fold2_room1_mix0720,96,4,0,-165,-2,8.83
fold2_room1_mix0720,97,4,0,-166,-1,9.84
fold2_room1_mix0720,98,4,0,-167,-2,9.76
fold2_room1_mix0720,99,4,0,-168,-1,9.86
fold2_room1_mix0720,1,4,0,-6,0,1.45
fold2_room1_mix0721,1,4,0,-179,0,1.30
fold2_room1_mix0721,1,4,0,-1,0,1.45
fold2_room1_mix0721,2,4,0,-179,0,1.42
fold2_room1_mix0721,2,4,0,0,1,1.54
fold2_room1_mix0721,3,4,0,-178,1,5.66
fold2_room1_mix0721,3,4,0,-3,0,5.61
fold2_room1_mix0721,4,4,0,178,0,15.33
fold2_room1_mix0721,4,4,0,-5,-1,17.72
fold2_room1_mix0721,5,4,0,-178,0,18.13
fold2_room1_mix0721,5,4,0,-3,0,21.52
fold2_room1_mix0721,6,4,0,-177,0,19.69
fold2_room1_mix0721,6,4,0,-3,0,24.11
fold2_room1_mix0721,7,4,0,-178,0,32.20
fold2_room1_mix0721,7,4,0,-3,0,40.99
fold2_room1_mix0721,8,4,0,-178,-1,32.05
fold2_room1_mix0721,8,4,0,-8,-1,41.13
fold2_room1_mix0721,9,4,0,-178,-1,32.27
fold2_room1_mix0721,9,4,0,-5,-1,43.23
fold2_room1_mix0721,10,4,0,-178,-1,32.84
fold2_room1_mix0721,10,4,0,-6,-1,42.62
fold2_room1_mix0721,11,4,0,-179,0,30.43
fold2_room1_mix0721,11,4,0,-9,0,39.49
fold2_room1_mix0721,12,4,0,-178,0,30.53
fold2_room1_mix0721,12,4,0,-8,0,38.37
fold2_room1_mix0721,13,4,0,-178,0,29.81
fold2_room1_mix0721,13,4,0,-8,0,39.22
fold2_room1_mix0721,14,4,0,-178,-1,29.86
fold2_room1_mix0721,14,4,0,-9,0,40.15
fold2_room1_mix0721,15,4,0,-177,-1,29.24
fold2_room1_mix0721,15,4,0,-8,0,38.56
fold2_room1_mix0721,16,4,0,-177,-1,27.78
fold2_room1_mix0721,16,4,0,-10,-1,37.33
fold2_room1_mix0721,17,4,0,-175,-1,26.82
fold2_room1_mix0721,17,4,0,-17,0,35.66
fold2_room1_mix0721,18,4,0,-177,-1,26.00
fold2_room1_mix0721,18,4,0,-18,0,34.59
fold2_room1_mix0721,19,4,0,-177,-1,25.45
fold2_room1_mix0721,19,4,0,-17,-1,32.84
fold2_room1_mix0721,20,4,0,-178,-1,25.67
fold2_room1_mix0721,20,4,0,-20,0,33.40
fold2_room1_mix0721,21,4,0,-177,-1,24.51
fold2_room1_mix0721,21,4,0,-25,0,30.58
fold2_room1_mix0721,22,4,0,-177,-1,24.71
fold2_room1_mix0721,22,4,0,-23,0,30.17
fold2_room1_mix0721,23,4,0,-177,-1,24.50
fold2_room1_mix0721,23,4,0,-23,0,29.61
fold2_room1_mix0721,24,4,0,-177,-1,23.67
fold2_room1_mix0721,24,4,0,-29,0,27.88
fold2_room1_mix0721,25,4,0,-178,-1,23.05
fold2_room1_mix0721,25,4,0,-32,0,27.18
fold2_room1_mix0721,26,4,0,-177,-1,22.07
fold2_room1_mix0721,26,4,0,-25,0,28.27
fold2_room1_mix0721,27,4,0,-178,-1,21.70
fold2_room1_mix0721,27,4,0,-27,0,27.80
fold2_room1_mix0721,28,4,0,-176,-1,21.23
fold2_room1_mix0721,28,4,0,-30,0,26.05
fold2_room1_mix0721,29,4,0,179,-1,20.97
fold2_room1_mix0721,29,4,0,-35,0,24.11
fold2_room1_mix0721,30,4,0,-179,-1,18.86
fold2_room1_mix0721,30,4,0,-34,0,22.87
fold2_room1_mix0721,31,4,0,-179,-1,20.59
fold2_room1_mix0721,31,4,0,-36,0,23.86
fold2_room1_mix0721,32,4,0,-179,-1,18.90
fold2_room1_mix0721,32,4,0,-37,0,22.55
fold2_room1_mix0721,33,4,0,-179,-1,17.62
fold2_room1_mix0721,33,4,0,-38,0,22.11
fold2_room1_mix0721,34,4,0,179,-1,19.10
fold2_room1_mix0721,34,4,0,-36,0,21.79
fold2_room1_mix0721,35,4,0,179,-1,17.47
fold2_room1_mix0721,35,4,0,-37,0,21.26
fold2_room1_mix0721,36,4,0,179,-1,16.99
fold2_room1_mix0721,36,4,0,-42,0,20.42
fold2_room1_mix0721,37,4,0,178,-1,15.81
fold2_room1_mix0721,37,4,0,-44,-1,19.30
fold2_room1_mix0721,38,4,0,178,-2,14.95
fold2_room1_mix0721,38,4,0,-44,-1,19.04
fold2_room1_mix0721,39,4,0,177,-2,14.38
fold2_room1_mix0721,39,4,0,-49,-1,18.76
fold2_room1_mix0721,40,4,0,177,-2,14.32
fold2_room1_mix0721,40,4,0,-47,-1,18.11
fold2_room1_mix0721,41,4,0,176,-2,13.57
fold2_room1_mix0721,41,4,0,-54,-1,17.29
fold2_room1_mix0721,42,4,0,176,-2,12.95
fold2_room1_mix0721,42,4,0,-52,-1,16.99
fold2_room1_mix0721,43,4,0,175,-3,12.38
fold2_room1_mix0721,43,4,0,-53,-1,16.72
fold2_room1_mix0721,44,4,0,176,-3,11.73
fold2_room1_mix0721,44,4,0,-58,-2,15.55
fold2_room1_mix0721,45,4,0,176,-3,11.65
fold2_room1_mix0721,45,4,0,-62,-2,14.91
fold2_room1_mix0721,46,4,0,174,-4,11.34
fold2_room1_mix0721,46,4,0,-68,-3,13.61
fold2_room1_mix0721,47,4,0,176,-4,9.76
fold2_room1_mix0721,47,4,0,-74,-2,13.86
fold2_room1_mix0721,48,4,0,176,-5,9.26
fold2_room1_mix0721,48,4,0,-73,-2,13.85
fold2_room1_mix0721,49,4,0,172,-6,8.48
fold2_room1_mix0721,49,4,0,-79,-2,13.76
fold2_room1_mix0721,50,4,0,171,-7,7.72
fold2_room1_mix0721,50,4,0,-79,-1,13.94
fold2_room1_mix0721,51,4,0,169,-7,7.03
fold2_room1_mix0721,51,4,0,-82,-1,13.49
fold2_room1_mix0721,52,4,0,168,-9,6.60
fold2_room1_mix0721,52,4,0,-91,-1,13.11
fold2_room1_mix0721,53,4,0,164,-11,5.22
fold2_room1_mix0721,53,4,0,-93,0,14.57
fold2_room1_mix0721,54,4,0,172,-11,6.58
fold2_room1_mix0721,54,4,0,147,-19,2.19
fold2_room1_mix0721,54,4,0,-106,0,15.74
fold2_room1_mix0721,55,4,0,-177,-12,7.79
fold2_room1_mix0721,55,4,0,121,-26,1.33
fold2_room1_mix0721,55,4,0,-105,1,16.43
fold2_room1_mix0721,56,4,0,-154,-9,10.89
fold2_room1_mix0721,56,4,0,84,-29,1.19
fold2_room1_mix0721,56,4,0,-79,-2,12.39
fold2_room1_mix0721,57,4,0,-135,-3,18.62
fold2_room1_mix0721,57,4,0,42,-22,1.39
fold2_room1_mix0721,57,4,0,-22,-5,7.90
fold2_room1_mix0721,58,4,0,-117,0,20.81
fold2_room1_mix0721,58,4,0,21,-17,1.93
fold2_room1_mix0721,58,4,0,0,-10,3.61
fold2_room1_mix0721,59,4,0,-134,0,16.63
fold2_room1_mix0721,59,4,0,5,-11,3.48
fold2_room1_mix0721,60,4,0,-128,0,19.69
fold2_room1_mix0721,60,4,0,10,-12,3.16
fold2_room1_mix0721,60,4,0,-6,-8,5.59
fold2_room1_mix0721,61,4,0,-132,0,21.02
fold2_room1_mix0721,61,4,0,0,-9,4.73
fold2_room1_mix0721,62,4,0,-129,0,22.19
fold2_room1_mix0721,62,4,0,0,-8,5.39
fold2_room1_mix0721,63,4,0,-135,-1,20.02
fold2_room1_mix0721,63,4,0,-18,-7,6.64
fold2_room1_mix0721,63,4,0,6,-6,6.56
fold2_room1_mix0721,64,4,0,-139,-1,18.34
fold2_room1_mix0721,64,4,0,-22,-6,7.60
fold2_room1_mix0721,64,4,0,5,-6,6.92
fold2_room1_mix0721,65,4,0,-144,-1,16.35
fold2_room1_mix0721,65,4,0,-50,-4,10.51
fold2_room1_mix0721,65,4,0,11,-5,7.79
fold2_room1_mix0721,66,4,0,-133,-2,15.13
fold2_room1_mix0721,66,4,0,-22,-5,9.84
fold2_room1_mix0721,66,4,0,7,-5,8.04
fold2_room1_mix0721,67,4,0,-142,-1,17.75
fold2_room1_mix0721,67,4,0,-55,-6,10.14
fold2_room1_mix0721,67,4,0,6,-5,7.84
fold2_room1_mix0721,68,4,0,-138,-1,15.39
fold2_room1_mix0721,68,4,0,-19,-5,10.76
fold2_room1_mix0721,68,4,0,3,-4,9.18
fold2_room1_mix0721,69,4,0,-141,-2,14.96
fold2_room1_mix0721,69,4,0,-57,-6,10.74
fold2_room1_mix0721,69,4,0,6,-3,10.40
fold2_room1_mix0721,70,4,0,-137,-2,15.75
fold2_room1_mix0721,70,4,0,-46,-7,10.75
fold2_room1_mix0721,70,4,0,5,-4,11.68
fold2_room1_mix0721,71,4,0,-151,-2,17.57
fold2_room1_mix0721,71,4,0,-88,-6,10.97
fold2_room1_mix0721,71,4,0,7,-3,12.87
fold2_room1_mix0721,72,4,0,-150,-2,18.64
fold2_room1_mix0721,72,4,0,-82,-7,10.63
fold2_room1_mix0721,72,4,0,10,-4,12.92
fold2_room1_mix0721,73,4,0,-168,-3,19.40
fold2_room1_mix0721,73,4,0,-102,-5,11.29
fold2_room1_mix0721,73,4,0,14,-4,12.23
fold2_room1_mix0721,74,4,0,-148,-2,17.87
fold2_room1_mix0721,74,4,0,-48,-5,13.34
fold2_room1_mix0721,74,4,0,12,-3,13.53
fold2_room1_mix0721,75,4,0,-173,-2,19.61
fold2_room1_mix0721,75,4,0,-94,-4,11.80
fold2_room1_mix0721,75,4,0,17,-4,11.45
fold2_room1_mix0721,76,4,0,-164,-2,17.84
fold2_room1_mix0721,76,4,0,-67,-4,13.59
fold2_room1_mix0721,76,4,0,18,-2,13.81
fold2_room1_mix0721,77,4,0,-179,-2,20.61
fold2_room1_mix0721,77,4,0,-83,-4,13.58
fold2_room1_mix0721,77,4,0,18,-2,14.66
fold2_room1_mix0721,78,4,0,-179,-2,19.92
fold2_room1_mix0721,78,4,0,-74,-4,14.91
fold2_room1_mix0721,78,4,0,21,-2,17.68
fold2_room1_mix0721,79,4,0,172,-2,21.09
fold2_room1_mix0721,79,4,0,-82,-3,14.84
fold2_room1_mix0721,79,4,0,21,-2,16.40
fold2_room1_mix0721,80,4,0,169,-1,22.18
fold2_room1_mix0721,80,4,0,-89,-3,14.41
fold2_room1_mix0721,80,4,0,22,-2,16.67
fold2_room1_mix0721,81,4,0,172,-1,22.58
fold2_room1_mix0721,81,4,0,-86,-4,14.31
fold2_room1_mix0721,81,4,0,21,-2,17.15
fold2_room1_mix0721,82,4,0,-169,-2,19.72
fold2_room1_mix0721,82,4,0,6,-1,20.08
fold2_room1_mix0721,83,4,0,-166,-1,21.44
fold2_room1_mix0721,83,4,0,1,-1,20.71
fold2_room1_mix0721,84,4,0,-144,0,21.31
fold2_room1_mix0721,84,4,0,84,-5,10.40
fold2_room1_mix0721,84,4,0,-12,0,25.02
fold2_room1_mix0721,85,4,0,-144,0,23.12
fold2_room1_mix0721,85,4,0,85,-6,9.49
fold2_room1_mix0721,85,4,0,-11,0,24.97
fold2_room1_mix0721,86,4,0,-145,0,21.79
fold2_room1_mix0721,86,4,0,89,-5,9.39
fold2_room1_mix0721,86,4,0,-12,0,26.83
fold2_room1_mix0721,87,4,0,-146,0,23.63
fold2_room1_mix0721,87,4,0,87,-5,9.52
fold2_room1_mix0721,87,4,0,-14,0,27.05
fold2_room1_mix0721,88,4,0,-147,0,25.84
fold2_room1_mix0721,88,4,0,85,-5,9.61
fold2_room1_mix0721,88,4,0,-16,0,26.52
fold2_room1_mix0721,89,4,0,-148,0,27.38
fold2_room1_mix0721,89,4,0,87,-5,9.85
fold2_room1_mix0721,89,4,0,-12,0,29.06
fold2_room1_mix0721,90,4,0,-147,1,26.07
fold2_room1_mix0721,90,4,0,86,-4,9.84
fold2_room1_mix0721,90,4,0,-12,1,32.04
fold2_room1_mix0721,91,4,0,-147,1,26.91
fold2_room1_mix0721,91,4,0,86,-4,10.00
fold2_room1_mix0721,91,4,0,-13,1,30.25
fold2_room1_mix0721,92,4,0,-148,0,27.20
fold2_room1_mix0721,92,4,0,85,-5,9.98
fold2_room1_mix0721,92,4,0,-9,1,32.65
fold2_room1_mix0721,93,4,0,-150,0,28.57
fold2_room1_mix0721,93,4,0,82,-5,10.18
fold2_room1_mix0721,93,4,0,-9,1,33.62
fold2_room1_mix0721,94,4,0,-149,0,28.68
fold2_room1_mix0721,94,4,0,80,-5,10.16
fold2_room1_mix0721,94,4,0,-8,1,35.19
fold2_room1_mix0721,95,4,0,-151,0,27.26
fold2_room1_mix0721,95,4,0,77,-5,10.56
fold2_room1_mix0721,95,4,0,-5,1,36.73
fold2_room1_mix0721,96,4,0,-152,0,29.79
fold2_room1_mix0721,96,4,0,76,-5,10.55
fold2_room1_mix0721,96,4,0,-6,1,39.48
fold2_room1_mix0721,97,4,0,-154,0,32.73
fold2_room1_mix0721,97,4,0,75,-5,11.92
fold2_room1_mix0721,97,4,0,-5,1,40.48
fold2_room1_mix0721,98,4,0,-152,0,32.74
fold2_room1_mix0721,98,4,0,68,-5,12.05
fold2_room1_mix0721,98,4,0,-2,1,41.08
fold2_room1_mix0721,99,4,0,-153,0,32.25
fold2_room1_mix0721,99,4,0,67,-5,11.96
fold2_room1_mix0721,99,4,0,-1,1,40.67
fold2_room1_mix0722,43,0,0,-93,-4,1.52
fold2_room1_mix0722,44,0,0,-98,-4,3.72
fold2_room1_mix0722,45,0,0,-102,-5,5.76
fold2_room1_mix0722,46,0,0,-106,-5,6.30
fold2_room1_mix0722,47,0,0,-113,-4,8.79
fold2_room1_mix0722,48,0,0,-117,-4,11.04
fold2_room1_mix0722,49,0,0,-129,-4,11.91
fold2_room1_mix0722,50,0,0,-130,-4,11.56
fold2_room1_mix0722,51,0,0,-133,-4,11.85
fold2_room1_mix0722,52,0,0,-141,-3,13.04
fold2_room1_mix0722,53,0,0,-143,-3,13.06
fold2_room1_mix0722,54,0,0,-146,-3,13.82
fold2_room1_mix0722,55,0,0,-148,-3,13.41
fold2_room1_mix0722,56,0,0,-151,-3,14.40
fold2_room1_mix0722,57,0,0,-150,-2,15.57
fold2_room1_mix0722,58,0,0,-154,-2,15.80
fold2_room1_mix0722,59,0,0,-155,-2,17.30
fold2_room1_mix0722,60,0,0,-157,-2,17.28
fold2_room1_mix0722,61,0,0,-157,-2,18.27
fold2_room1_mix0722,62,0,0,-157,-2,20.41
fold2_room1_mix0722,63,0,0,-157,-2,20.12
fold2_room1_mix0722,64,0,0,-157,-2,20.58
fold2_room1_mix0722,65,0,0,-157,-2,21.30
fold2_room1_mix0722,66,0,0,-157,-2,20.26
fold2_room1_mix0722,67,0,0,-159,-2,22.24
fold2_room1_mix0722,68,0,0,-161,-2,22.38
fold2_room1_mix0722,68,4,0,7,-4,3.58
fold2_room1_mix0722,69,0,0,-158,-2,23.28
fold2_room1_mix0722,69,4,0,5,-3,3.45
fold2_room1_mix0722,70,0,0,-160,-2,25.01
fold2_room1_mix0722,70,4,0,6,-5,3.41
fold2_room1_mix0722,71,0,0,-161,-2,24.97
fold2_room1_mix0722,71,4,0,8,-6,5.34
fold2_room1_mix0722,72,0,0,-160,-2,24.99
fold2_room1_mix0722,72,4,0,8,-7,4.92
fold2_room1_mix0722,73,0,0,-162,-1,25.89
fold2_room1_mix0722,73,4,0,13,-9,4.97
fold2_room1_mix0722,74,0,0,-162,-1,25.02
fold2_room1_mix0722,74,4,0,20,-9,3.78
fold2_room1_mix0722,75,0,0,-163,-1,25.11
fold2_room1_mix0722,75,4,0,28,-11,2.85
fold2_room1_mix0722,76,0,0,-166,-1,23.18
fold2_room1_mix0722,76,4,0,56,-14,1.79
fold2_room1_mix0722,77,0,0,-165,-1,22.35
fold2_room1_mix0722,77,4,0,121,-13,1.54
fold2_room1_mix0722,78,0,0,-164,-1,22.48
fold2_room1_mix0722,78,4,0,144,-8,1.98
fold2_room1_mix0722,79,0,0,-166,-1,25.26
fold2_room1_mix0722,79,4,0,158,-7,2.36
fold2_room1_mix0722,80,0,0,-166,-1,25.34
fold2_room1_mix0722,80,4,0,162,-6,3.24
fold2_room1_mix0722,81,0,0,-167,-1,27.84
fold2_room1_mix0722,81,4,0,164,-4,4.05
fold2_room1_mix0722,82,0,0,-166,-1,25.76
fold2_room1_mix0722,82,4,0,165,-3,4.05
fold2_room1_mix0722,83,0,0,-167,-1,24.34
fold2_room1_mix0722,83,4,0,170,-2,5.19
fold2_room1_mix0722,84,0,0,-169,0,4.84
fold2_room1_mix0722,84,4,0,171,-2,6.05
fold2_room1_mix0722,85,0,0,-171,0,2.79
fold2_room1_mix0722,85,4,0,173,-2,6.58
fold2_room1_mix0722,86,0,0,-173,0,1.52
fold2_room1_mix0722,86,4,0,174,-2,7.16
fold2_room1_mix0722,87,4,0,174,-2,8.29
fold2_room1_mix0722,88,4,0,174,-2,7.49
fold2_room1_mix0722,89,4,0,175,-1,5.26
fold2_room1_mix0722,90,4,0,177,-1,3.80
fold2_room1_mix0723,4,4,0,3,0,5.88
fold2_room1_mix0723,5,4,0,4,0,22.32
fold2_room1_mix0723,6,4,0,5,0,22.54
fold2_room1_mix0723,7,4,0,4,0,27.38
fold2_room1_mix0723,8,4,0,4,-1,43.90
fold2_room1_mix0723,9,4,0,5,-1,43.36
fold2_room1_mix0723,10,4,0,5,-1,42.71
fold2_room1_mix0723,11,4,0,6,0,44.19
fold2_room1_mix0723,12,4,0,6,0,44.42
fold2_room1_mix0723,13,4,0,6,-1,43.75
fold2_room1_mix0723,14,4,0,8,0,44.49
fold2_room1_mix0723,15,4,0,6,0,44.55
fold2_room1_mix0723,16,4,0,6,-1,43.34
fold2_room1_mix0723,17,4,0,7,0,45.22
fold2_room1_mix0723,18,4,0,7,0,45.33
fold2_room1_mix0723,19,4,0,6,0,43.84
fold2_room1_mix0723,20,4,0,7,0,44.42
fold2_room1_mix0723,21,4,0,8,0,45.24
fold2_room1_mix0723,22,4,0,7,0,43.26
fold2_room1_mix0723,23,4,0,7,0,41.37
fold2_room1_mix0723,24,4,0,7,0,43.13
fold2_room1_mix0723,25,4,0,7,0,41.87
fold2_room1_mix0723,26,4,0,6,0,40.05
fold2_room1_mix0723,27,4,0,8,0,38.97
fold2_room1_mix0723,28,4,0,8,0,38.25
fold2_room1_mix0723,29,4,0,8,0,37.39
fold2_room1_mix0723,30,4,0,6,0,35.51
fold2_room1_mix0723,31,4,0,9,0,34.34
fold2_room1_mix0723,32,4,0,6,0,34.13
fold2_room1_mix0723,33,4,0,7,0,33.95
fold2_room1_mix0723,34,4,0,8,0,32.17
fold2_room1_mix0723,35,4,0,7,-1,30.24
fold2_room1_mix0723,36,4,0,8,0,31.18
fold2_room1_mix0723,37,4,0,8,0,30.92
fold2_room1_mix0723,38,4,0,7,-1,29.45
fold2_room1_mix0723,39,4,0,9,-1,26.83
fold2_room1_mix0723,40,4,0,8,-1,27.34
fold2_room1_mix0723,41,4,0,9,-1,25.41
fold2_room1_mix0723,42,4,0,8,-1,23.58
fold2_room1_mix0723,43,4,0,8,-1,23.86
fold2_room1_mix0723,44,4,0,9,-1,23.16
fold2_room1_mix0723,45,4,0,9,-1,21.95
fold2_room1_mix0723,46,4,0,11,-1,21.56
fold2_room1_mix0723,47,4,0,11,-1,20.01
fold2_room1_mix0723,48,4,0,12,-1,19.11
fold2_room1_mix0723,49,4,0,12,-1,17.80
fold2_room1_mix0723,50,4,0,12,-1,18.23
fold2_room1_mix0723,51,4,0,13,-1,16.75
fold2_room1_mix0723,52,4,0,14,-1,16.48
fold2_room1_mix0723,53,4,0,14,-2,15.94
fold2_room1_mix0723,54,4,0,15,-2,14.44
fold2_room1_mix0723,55,4,0,14,-2,13.35
fold2_room1_mix0723,56,4,0,17,-2,13.14
fold2_room1_mix0723,57,4,0,17,-2,11.99
fold2_room1_mix0723,58,4,0,18,-3,11.15
fold2_room1_mix0723,59,4,0,19,-3,10.35
fold2_room1_mix0723,60,4,0,22,-3,9.77
fold2_room1_mix0723,61,4,0,21,-3,8.82
fold2_room1_mix0723,62,4,0,25,-4,7.39
fold2_room1_mix0723,63,4,0,27,-4,7.21
fold2_room1_mix0723,64,4,0,30,-5,6.05
fold2_room1_mix0723,65,4,0,33,-6,5.01
fold2_room1_mix0723,66,4,0,37,-6,4.62
fold2_room1_mix0723,67,4,0,42,-8,4.03
fold2_room1_mix0723,68,4,0,53,-7,3.68
fold2_room1_mix0723,69,4,0,69,-9,3.44
fold2_room1_mix0723,70,4,0,82,-10,3.40
fold2_room1_mix0723,71,4,0,101,-10,3.31
fold2_room1_mix0723,72,4,0,115,-7,3.59
fold2_room1_mix0723,73,4,0,127,-6,4.04
fold2_room1_mix0723,74,4,0,135,-6,4.34
fold2_room1_mix0723,75,4,0,141,-5,5.03
fold2_room1_mix0723,76,4,0,145,-5,5.50
fold2_room1_mix0723,77,4,0,149,-4,6.18
fold2_room1_mix0723,78,4,0,153,-4,6.90
fold2_room1_mix0723,79,4,0,156,-4,7.69
fold2_room1_mix0723,80,4,0,158,-3,8.09
fold2_room1_mix0723,81,4,0,159,-3,9.12
fold2_room1_mix0723,82,4,0,161,-3,9.88
fold2_room1_mix0723,83,4,0,162,-3,10.42
fold2_room1_mix0723,84,4,0,163,-2,11.42
fold2_room1_mix0723,85,4,0,164,-2,12.06
fold2_room1_mix0723,86,4,0,166,-2,12.72
fold2_room1_mix0723,87,4,0,166,-2,13.40
fold2_room1_mix0723,88,4,0,166,-2,14.62
fold2_room1_mix0723,89,4,0,167,-1,15.45
fold2_room1_mix0723,90,4,0,167,-1,15.65
fold2_room1_mix0723,91,4,0,168,-1,17.19
fold2_room1_mix0723,92,4,0,169,-1,17.70
fold2_room1_mix0723,93,4,0,169,-1,18.40
fold2_room1_mix0723,94,4,0,170,0,19.57
fold2_room1_mix0723,95,4,0,169,-1,19.49
fold2_room1_mix0723,96,4,0,170,-1,20.02
fold2_room1_mix0723,97,4,0,170,0,21.23
fold2_room1_mix0723,98,4,0,171,0,22.23
fold2_room1_mix0723,99,4,0,171,-1,21.21
fold2_room1_mix0723,3,4,0,0,0,1.39
fold2_room1_mix0724,43,2,0,-93,-3,8.82
fold2_room1_mix0724,44,2,0,-90,-3,9.34
fold2_room1_mix0724,45,2,0,-90,-3,6.60
fold2_room1_mix0724,50,2,0,-88,-3,7.97
fold2_room1_mix0724,51,2,0,-85,-2,10.36
fold2_room1_mix0724,52,2,0,-85,-1,12.20
fold2_room1_mix0724,53,2,0,-85,-1,11.19
fold2_room1_mix0724,54,2,0,-82,-2,10.55
fold2_room1_mix0724,55,2,0,-82,-2,10.21
fold2_room1_mix0724,60,2,0,-79,-2,10.17
fold2_room1_mix0724,61,2,0,-79,-1,12.17
fold2_room1_mix0724,62,2,0,-77,-1,11.43
fold2_room1_mix0724,63,2,0,-77,-1,13.18
fold2_room1_mix0724,64,2,0,-75,-1,12.97
fold2_room1_mix0724,67,2,0,96,-4,4.63
fold2_room1_mix0724,65,2,0,-79,-2,10.77
fold2_room1_mix0725,2,4,0,175,2,0.96
fold2_room1_mix0725,2,4,0,-2,0,0.82
fold2_room1_mix0725,3,4,0,179,1,5.25
fold2_room1_mix0725,3,4,0,1,0,5.05
fold2_room1_mix0725,4,4,0,177,0,17.29
fold2_room1_mix0725,4,4,0,3,0,16.47
fold2_room1_mix0725,5,4,0,178,0,18.59
fold2_room1_mix0725,5,4,0,1,0,16.95
fold2_room1_mix0725,6,4,0,175,0,21.89
fold2_room1_mix0725,6,4,0,1,0,20.57
fold2_room1_mix0725,7,4,0,176,0,31.16
fold2_room1_mix0725,7,4,0,2,0,31.12
fold2_room1_mix0725,8,4,0,175,-1,32.08
fold2_room1_mix0725,8,4,0,3,-1,31.41
fold2_room1_mix0725,9,4,0,176,-1,38.26
fold2_room1_mix0725,9,4,0,3,-1,31.73
fold2_room1_mix0725,10,4,0,177,-1,31.16
fold2_room1_mix0725,10,4,0,3,-1,29.50
fold2_room1_mix0725,11,4,0,175,-1,33.43
fold2_room1_mix0725,11,4,0,3,-1,30.63
fold2_room1_mix0725,12,4,0,177,-1,35.09
fold2_room1_mix0725,12,4,0,2,-1,28.40
fold2_room1_mix0725,13,4,0,178,-1,34.51
fold2_room1_mix0725,13,4,0,3,-1,29.70
fold2_room1_mix0725,14,4,0,178,-1,37.05
fold2_room1_mix0725,14,4,0,3,-1,28.97
fold2_room1_mix0725,15,4,0,177,-1,35.98
fold2_room1_mix0725,15,4,0,2,-1,29.19
fold2_room1_mix0725,16,4,0,178,0,36.18
fold2_room1_mix0725,16,4,0,3,-1,26.72
fold2_room1_mix0725,17,4,0,178,0,43.46
fold2_room1_mix0725,17,4,0,2,-1,31.28
fold2_room1_mix0725,18,4,0,177,0,41.61
fold2_room1_mix0725,18,4,0,2,-1,30.29
fold2_room1_mix0725,19,4,0,177,0,39.49
fold2_room1_mix0725,19,4,0,2,-1,27.75
fold2_room1_mix0725,20,4,0,177,0,40.06
fold2_room1_mix0725,20,4,0,2,-1,30.26
fold2_room1_mix0725,21,4,0,177,-1,35.60
fold2_room1_mix0725,21,4,0,1,-1,26.89
fold2_room1_mix0725,22,4,0,177,0,39.13
fold2_room1_mix0725,22,4,0,2,-1,27.49
fold2_room1_mix0725,23,4,0,177,-1,35.95
fold2_room1_mix0725,23,4,0,2,-1,26.56
fold2_room1_mix0725,24,4,0,176,0,38.08
fold2_room1_mix0725,24,4,0,3,-1,27.78
fold2_room1_mix0725,25,4,0,176,0,37.62
fold2_room1_mix0725,25,4,0,1,-1,27.68
fold2_room1_mix0725,26,4,0,175,-1,33.97
fold2_room1_mix0725,26,4,0,4,-2,25.16
fold2_room1_mix0725,27,4,0,176,-1,33.29
fold2_room1_mix0725,27,4,0,4,-2,24.58
fold2_room1_mix0725,28,4,0,175,-1,31.54
fold2_room1_mix0725,28,4,0,5,-2,23.59
fold2_room1_mix0725,29,4,0,174,-1,30.61
fold2_room1_mix0725,29,4,0,6,-2,21.98
fold2_room1_mix0725,30,4,0,175,-2,29.15
fold2_room1_mix0725,30,4,0,4,-2,22.45
fold2_room1_mix0725,31,4,0,176,-1,26.85
fold2_room1_mix0725,31,4,0,6,-3,19.43
fold2_room1_mix0725,32,4,0,177,-1,25.29
fold2_room1_mix0725,32,4,0,6,-2,20.53
fold2_room1_mix0725,33,4,0,176,-1,26.54
fold2_room1_mix0725,33,4,0,7,-2,19.11
fold2_room1_mix0725,34,4,0,176,-1,24.40
fold2_room1_mix0725,34,4,0,8,-3,17.59
fold2_room1_mix0725,35,4,0,176,-1,25.65
fold2_room1_mix0725,35,4,0,9,-3,16.07
fold2_room1_mix0725,36,4,0,175,0,26.89
fold2_room1_mix0725,36,4,0,12,-3,15.41
fold2_room1_mix0725,37,4,0,172,-1,24.86
fold2_room1_mix0725,37,4,0,9,-3,14.38
fold2_room1_mix0725,38,4,0,174,-1,24.17
fold2_room1_mix0725,38,4,0,10,-4,11.94
fold2_room1_mix0725,39,4,0,171,-1,23.37
fold2_room1_mix0725,39,4,0,19,-4,10.96
fold2_room1_mix0725,39,4,0,3,-3,12.70
fold2_room1_mix0725,40,4,0,172,-1,21.74
fold2_room1_mix0725,40,4,0,21,-5,9.63
fold2_room1_mix0725,40,4,0,3,-3,12.40
fold2_room1_mix0725,41,4,0,170,-1,20.47
fold2_room1_mix0725,41,4,0,10,-4,10.40
fold2_room1_mix0725,42,4,0,170,-1,20.08
fold2_room1_mix0725,42,4,0,11,-4,9.36
fold2_room1_mix0725,43,4,0,169,-2,19.58
fold2_room1_mix0725,43,4,0,8,-4,9.85
fold2_room1_mix0725,44,4,0,169,-2,17.71
fold2_room1_mix0725,44,4,0,11,-4,9.00
fold2_room1_mix0725,45,4,0,166,-2,16.01
fold2_room1_mix0725,45,4,0,20,-6,7.27
fold2_room1_mix0725,45,4,0,4,-5,7.90
fold2_room1_mix0725,46,4,0,166,-2,16.40
fold2_room1_mix0725,46,4,0,12,-6,6.89
fold2_room1_mix0725,47,4,0,161,-3,15.79
fold2_room1_mix0725,47,4,0,15,-7,6.14
fold2_room1_mix0725,48,4,0,163,-2,15.66
fold2_room1_mix0725,48,4,0,28,-8,5.12
fold2_room1_mix0725,48,4,0,7,-7,6.17
fold2_room1_mix0725,49,4,0,160,-3,15.26
fold2_room1_mix0725,49,4,0,34,-9,4.27
fold2_room1_mix0725,49,4,0,8,-7,5.88
fold2_room1_mix0725,50,4,0,156,-3,14.58
fold2_room1_mix0725,50,4,0,36,-10,4.12
fold2_room1_mix0725,50,4,0,12,-9,5.52
fold2_room1_mix0725,51,4,0,154,-5,12.91
fold2_room1_mix0725,51,4,0,45,-13,3.43
fold2_room1_mix0725,51,4,0,9,-10,5.51
fold2_room1_mix0725,52,4,0,150,-5,11.79
fold2_room1_mix0725,52,4,0,78,-15,3.32
fold2_room1_mix0725,52,4,0,10,-9,6.13
fold2_room1_mix0725,53,4,0,147,-7,9.80
fold2_room1_mix0725,53,4,0,92,-16,3.11
fold2_room1_mix0725,53,4,0,7,-11,5.86
fold2_room1_mix0725,54,4,0,148,-8,7.87
fold2_room1_mix0725,54,4,0,114,-15,3.07
fold2_room1_mix0725,54,4,0,6,-10,6.15
fold2_room1_mix0725,55,4,0,141,-8,6.35
fold2_room1_mix0725,55,4,0,121,-12,3.46
fold2_room1_mix0725,55,4,0,8,-11,5.14
fold2_room1_mix0725,56,4,0,150,-9,5.30
fold2_room1_mix0725,56,4,0,132,-10,3.39
fold2_room1_mix0725,56,4,0,10,-7,6.45
fold2_room1_mix0725,57,4,0,156,-8,5.09
fold2_room1_mix0725,57,4,0,137,-9,3.69
fold2_room1_mix0725,57,4,0,12,-7,5.87
fold2_room1_mix0725,58,4,0,162,-8,4.79
fold2_room1_mix0725,58,4,0,138,-9,3.86
fold2_room1_mix0725,58,4,0,7,-6,6.17
fold2_room1_mix0725,59,4,0,150,-7,4.70
fold2_room1_mix0725,59,4,0,81,-14,4.35
fold2_room1_mix0725,59,4,0,1,-6,6.13
fold2_room1_mix0725,60,4,0,146,-7,4.01
fold2_room1_mix0725,60,4,0,2,-7,4.97
fold2_room1_mix0725,61,4,0,149,-6,5.02
fold2_room1_mix0725,61,4,0,8,-7,5.70
fold2_room1_mix0725,62,4,0,152,-6,5.35
fold2_room1_mix0725,62,4,0,-25,-16,4.14
fold2_room1_mix0725,62,4,0,3,-8,5.15
fold2_room1_mix0725,63,4,0,151,-5,5.99
fold2_room1_mix0725,63,4,0,-43,-13,3.30
fold2_room1_mix0725,63,4,0,8,-8,5.61
fold2_room1_mix0725,64,4,0,157,-5,5.76
fold2_room1_mix0725,64,4,0,-41,-13,3.41
fold2_room1_mix0725,64,4,0,-3,-8,4.50
fold2_room1_mix0725,65,4,0,158,-10,4.60
fold2_room1_mix0725,65,4,0,11,-8,4.94
fold2_room1_mix0725,65,4,0,-22,-8,4.35
fold2_room1_mix0725,66,4,0,136,-5,7.49
fold2_room1_mix0725,66,4,0,-86,-16,2.38
fold2_room1_mix0725,66,4,0,-15,-13,4.18
fold2_room1_mix0725,67,4,0,144,-5,6.68
fold2_room1_mix0725,67,4,0,-104,-17,1.95
fold2_room1_mix0725,67,4,0,-5,-12,4.41
fold2_room1_mix0725,68,4,0,156,-3,9.85
fold2_room1_mix0725,68,4,0,-124,-15,1.73
fold2_room1_mix0725,69,4,0,179,-5,6.50
fold2_room1_mix0725,69,4,0,-142,-11,3.31
fold2_room1_mix0725,69,4,0,1,-4,10.65
fold2_room1_mix0725,70,4,0,-157,-6,5.53
fold2_room1_mix0725,70,4,0,159,-8,5.04
fold2_room1_mix0725,70,4,0,3,-4,10.72
fold2_room1_mix0725,71,4,0,-156,-6,5.34
fold2_room1_mix0725,71,4,0,178,-6,6.39
fold2_room1_mix0725,71,4,0,9,-2,12.69
fold2_room1_mix0725,72,4,0,172,-2,11.10
fold2_room1_mix0725,72,4,0,-152,-10,3.15
fold2_room1_mix0725,72,4,0,12,-3,13.12
fold2_room1_mix0725,73,4,0,174,-3,11.13
fold2_room1_mix0725,73,4,0,-156,-8,4.15
fold2_room1_mix0725,73,4,0,9,-1,16.06
fold2_room1_mix0725,74,4,0,168,0,15.09
fold2_room1_mix0725,74,4,0,-161,-9,3.54
fold2_room1_mix0725,74,4,0,10,-1,14.95
fold2_room1_mix0725,75,4,0,173,-2,11.87
fold2_room1_mix0725,75,4,0,-162,-7,4.69
fold2_room1_mix0725,75,4,0,12,-1,16.92
fold2_room1_mix0725,76,4,0,178,-2,11.30
fold2_room1_mix0725,76,4,0,-166,-7,5.42
fold2_room1_mix0725,76,4,0,11,-1,18.77
fold2_room1_mix0725,77,4,0,178,-2,10.66
fold2_room1_mix0725,77,4,0,-166,-7,5.72
fold2_room1_mix0725,77,4,0,12,0,21.07
fold2_room1_mix0725,78,4,0,-175,-4,8.89
fold2_room1_mix0725,78,4,0,14,0,22.14
fold2_room1_mix0725,79,4,0,174,-1,13.81
fold2_room1_mix0725,79,4,0,-168,-6,6.13
fold2_room1_mix0725,79,4,0,12,0,23.55
fold2_room1_mix0725,80,4,0,-175,-3,9.68
fold2_room1_mix0725,80,4,0,11,0,24.22
fold2_room1_mix0725,81,4,0,-175,-3,10.32
fold2_room1_mix0725,81,4,0,12,0,26.57
fold2_room1_mix0725,82,4,0,-176,-2,10.63
fold2_room1_mix0725,82,4,0,11,0,26.07
fold2_room1_mix0725,83,4,0,-174,-3,10.31
fold2_room1_mix0725,83,4,0,10,0,28.04
fold2_room1_mix0725,84,4,0,-177,-2,12.14
fold2_room1_mix0725,84,4,0,10,0,28.99
fold2_room1_mix0725,85,4,0,-178,-2,11.99
fold2_room1_mix0725,85,4,0,9,0,30.40
fold2_room1_mix0725,86,4,0,-178,-1,13.08
fold2_room1_mix0725,86,4,0,8,0,28.78
fold2_room1_mix0725,87,4,0,-178,-1,12.60
fold2_room1_mix0725,87,4,0,10,0,31.98
fold2_room1_mix0725,88,4,0,-177,-2,12.80
fold2_room1_mix0725,88,4,0,9,0,29.75
fold2_room1_mix0725,89,4,0,-177,-1,12.79
fold2_room1_mix0725,89,4,0,10,0,34.36
fold2_room1_mix0725,90,4,0,-177,-2,14.12
fold2_room1_mix0725,90,4,0,9,0,34.30
fold2_room1_mix0725,91,4,0,-178,-1,14.32
fold2_room1_mix0725,91,4,0,9,0,36.55
fold2_room1_mix0725,92,4,0,-179,-1,15.05
fold2_room1_mix0725,92,4,0,8,0,36.01
fold2_room1_mix0725,93,4,0,-178,-1,14.95
fold2_room1_mix0725,93,4,0,9,0,38.67
fold2_room1_mix0725,94,4,0,-179,-1,16.55
fold2_room1_mix0725,94,4,0,8,0,37.90
fold2_room1_mix0725,95,4,0,-178,-1,15.83
fold2_room1_mix0725,95,4,0,9,0,37.03
fold2_room1_mix0725,96,4,0,-177,-1,17.04
fold2_room1_mix0725,96,4,0,9,0,41.14
fold2_room1_mix0725,97,4,0,-178,-1,18.59
fold2_room1_mix0725,97,4,0,9,0,39.77
fold2_room1_mix0725,98,4,0,179,0,19.89
fold2_room1_mix0725,98,4,0,8,0,35.31
fold2_room1_mix0725,99,4,0,-179,0,19.22
fold2_room1_mix0725,99,4,0,10,0,35.43
fold2_room1_mix0725,1,4,0,0,0,0.99
fold2_room1_mix0726,33,0,0,-32,-2,8.33
fold2_room1_mix0726,34,0,0,-34,-2,9.57
fold2_room1_mix0726,35,0,0,-35,-2,9.82
fold2_room1_mix0726,36,0,0,-35,-2,13.84
fold2_room1_mix0726,37,0,0,-34,-2,14.28
fold2_room1_mix0726,38,0,0,-34,-3,13.34
fold2_room1_mix0726,39,0,0,-34,-2,15.15
fold2_room1_mix0726,40,0,0,-38,-3,12.72
fold2_room1_mix0726,41,0,0,-38,-3,14.02
fold2_room1_mix0726,42,0,0,-40,-3,13.20
fold2_room1_mix0726,43,0,0,-43,-3,13.55
fold2_room1_mix0726,44,0,0,-43,-3,12.67
fold2_room1_mix0726,45,0,0,-43,-3,12.96
fold2_room1_mix0726,46,0,0,-44,-3,11.85
fold2_room1_mix0726,47,0,0,-47,-4,10.69
fold2_room1_mix0726,48,0,0,-50,-4,9.75
fold2_room1_mix0726,49,0,0,-52,-4,10.39
fold2_room1_mix0726,50,0,0,-59,-4,10.29
fold2_room1_mix0726,51,0,0,-61,-5,9.99
fold2_room1_mix0726,52,0,0,-72,-5,10.71
fold2_room1_mix0726,53,0,0,-76,-5,10.64
fold2_room1_mix0726,54,0,0,-85,-5,10.71
fold2_room1_mix0726,55,0,0,-94,-5,11.94
fold2_room1_mix0726,56,0,0,-98,-5,11.13
fold2_room1_mix0726,57,0,0,-108,-5,11.49
fold2_room1_mix0726,58,0,0,-110,-5,13.31
fold2_room1_mix0726,59,0,0,-112,-5,12.54
fold2_room1_mix0726,60,0,0,-118,-4,12.72
fold2_room1_mix0726,61,0,0,-122,-4,13.21
fold2_room1_mix0726,62,0,0,-127,-4,13.04
fold2_room1_mix0726,63,0,0,-133,-3,14.05
fold2_room1_mix0726,63,4,0,2,-1,6.07
fold2_room1_mix0726,64,0,0,-138,-3,13.00
fold2_room1_mix0726,64,4,0,0,-1,7.81
fold2_room1_mix0726,65,0,0,-141,-3,15.08
fold2_room1_mix0726,65,4,0,5,-2,20.50
fold2_room1_mix0726,66,0,0,-140,-3,14.43
fold2_room1_mix0726,66,4,0,-1,-2,24.81
fold2_room1_mix0726,67,0,0,-144,-2,16.30
fold2_room1_mix0726,67,4,0,3,-2,26.13
fold2_room1_mix0726,68,0,0,-145,-2,16.72
fold2_room1_mix0726,68,4,0,6,-2,23.96
fold2_room1_mix0726,69,0,0,-146,-2,16.45
fold2_room1_mix0726,69,4,0,5,-2,22.12
fold2_room1_mix0726,70,0,0,-148,-2,17.12
fold2_room1_mix0726,70,4,0,7,-2,22.28
fold2_room1_mix0726,71,0,0,-152,-2,20.11
fold2_room1_mix0726,71,4,0,6,-2,21.59
fold2_room1_mix0726,72,0,0,-151,-2,19.98
fold2_room1_mix0726,72,4,0,4,-3,18.65
fold2_room1_mix0726,73,0,0,-151,-2,19.00
fold2_room1_mix0726,73,4,0,5,-3,18.23
fold2_room1_mix0726,74,0,0,-153,-2,21.04
fold2_room1_mix0726,74,4,0,6,-3,17.46
fold2_room1_mix0726,75,0,0,-152,-2,20.23
fold2_room1_mix0726,75,4,0,5,-3,17.39
fold2_room1_mix0726,76,0,0,-154,-2,20.85
fold2_room1_mix0726,76,4,0,9,-3,16.01
fold2_room1_mix0726,77,0,0,-156,-1,12.73
fold2_room1_mix0726,77,4,0,11,-3,14.68
fold2_room1_mix0726,78,0,0,-154,-1,7.75
fold2_room1_mix0726,78,4,0,12,-2,13.69
fold2_room1_mix0726,79,0,0,-156,-1,8.61
fold2_room1_mix0726,79,4,0,13,-3,12.56
fold2_room1_mix0726,80,4,0,13,-3,11.42
fold2_room1_mix0726,81,4,0,14,-3,9.51
fold2_room1_mix0726,82,4,0,15,-3,9.21
fold2_room1_mix0726,83,4,0,17,-4,7.51
fold2_room1_mix0726,84,4,0,20,-6,5.44
fold2_room1_mix0726,85,4,0,24,-7,4.25
fold2_room1_mix0726,86,4,0,30,-9,3.17
fold2_room1_mix0726,87,4,0,38,-13,2.45
fold2_room1_mix0726,88,4,0,64,-16,1.79
fold2_room1_mix0726,89,4,0,96,-18,1.74
fold2_room1_mix0726,90,4,0,126,-12,2.12
fold2_room1_mix0726,91,4,0,145,-8,2.73
fold2_room1_mix0726,92,4,0,155,-6,3.76
fold2_room1_mix0726,93,4,0,156,-5,4.65
fold2_room1_mix0726,94,4,0,162,-4,5.86
fold2_room1_mix0726,95,4,0,167,-3,6.78
fold2_room1_mix0726,96,4,0,169,-3,8.19
fold2_room1_mix0726,97,4,0,170,-2,9.02
fold2_room1_mix0726,98,4,0,171,-2,10.13
fold2_room1_mix0726,99,4,0,172,-2,10.76
fold2_room1_mix0726,32,0,0,-27,-2,3.30
fold2_room1_mix0727,2,4,0,177,2,0.91
fold2_room1_mix0727,4,4,0,178,-1,8.10
fold2_room1_mix0727,5,4,0,175,-1,10.04
fold2_room1_mix0727,6,4,0,-179,0,11.41
fold2_room1_mix0727,7,4,0,173,0,8.21
fold2_room1_mix0727,8,4,0,177,-1,10.38
fold2_room1_mix0727,9,4,0,176,-1,16.56
fold2_room1_mix0727,10,4,0,-179,-1,15.19
fold2_room1_mix0727,11,4,0,178,-1,13.52
fold2_room1_mix0727,12,4,0,179,-2,14.69
fold2_room1_mix0727,13,4,0,179,-1,14.87
fold2_room1_mix0727,14,4,0,177,-1,14.84
fold2_room1_mix0727,15,4,0,-177,-2,14.24
fold2_room1_mix0727,16,4,0,-178,-2,14.02
fold2_room1_mix0727,17,4,0,-175,-2,13.26
fold2_room1_mix0727,18,4,0,-178,-2,12.37
fold2_room1_mix0727,19,4,0,-176,-2,13.12
fold2_room1_mix0727,20,4,0,179,-2,12.64
fold2_room1_mix0727,21,4,0,-178,-2,12.05
fold2_room1_mix0727,22,4,0,179,-2,12.63
fold2_room1_mix0727,23,4,0,-175,-2,12.54
fold2_room1_mix0727,24,4,0,-175,-2,11.49
fold2_room1_mix0727,25,4,0,-172,-2,12.15
fold2_room1_mix0727,26,4,0,-174,-2,11.82
fold2_room1_mix0727,27,4,0,-173,-2,11.21
fold2_room1_mix0727,28,4,0,-176,-2,10.69
fold2_room1_mix0727,29,4,0,-174,-2,10.55
fold2_room1_mix0727,30,4,0,-174,-2,10.48
fold2_room1_mix0727,31,4,0,-172,-2,9.99
fold2_room1_mix0727,32,4,0,-172,-3,9.77
fold2_room1_mix0727,33,4,0,-177,-3,9.82
fold2_room1_mix0727,34,4,0,-174,-3,8.96
fold2_room1_mix0727,35,4,0,-176,-3,8.94
fold2_room1_mix0727,36,4,0,-175,-3,8.35
fold2_room1_mix0727,37,4,0,-173,-3,8.25
fold2_room1_mix0727,38,4,0,-173,-4,8.06
fold2_room1_mix0727,39,2,0,-98,-3,10.10
fold2_room1_mix0727,39,4,0,-174,-4,8.07
fold2_room1_mix0727,40,2,0,-93,-2,11.74
fold2_room1_mix0727,40,4,0,-175,-4,7.66
fold2_room1_mix0727,41,2,0,-99,-2,10.41
fold2_room1_mix0727,41,4,0,-176,-5,7.70
fold2_room1_mix0727,42,2,0,-98,-1,10.39
fold2_room1_mix0727,42,4,0,-173,-5,7.48
fold2_room1_mix0727,43,2,0,-98,-1,10.99
fold2_room1_mix0727,43,4,0,-173,-5,6.68
fold2_room1_mix0727,44,2,0,96,-1,2.46
fold2_room1_mix0727,44,4,0,-173,-5,5.79
fold2_room1_mix0727,45,4,0,-174,-6,4.88
fold2_room1_mix0727,45,4,0,6,-3,12.78
fold2_room1_mix0727,46,4,0,-171,-6,4.92
fold2_room1_mix0727,46,4,0,-1,-3,12.66
fold2_room1_mix0727,47,4,0,-169,-8,4.71
fold2_room1_mix0727,47,4,0,-4,-3,12.67
fold2_room1_mix0727,48,2,0,-82,-1,12.45
fold2_room1_mix0727,48,4,0,-174,-8,4.23
fold2_room1_mix0727,48,4,0,-4,-3,11.76
fold2_room1_mix0727,49,2,0,-92,0,11.85
fold2_room1_mix0727,49,4,0,-173,-9,3.92
fold2_room1_mix0727,49,4,0,-7,-3,11.88
fold2_room1_mix0727,50,2,0,-99,-1,11.44
fold2_room1_mix0727,50,4,0,-166,-10,3.48
fold2_room1_mix0727,50,4,0,-8,-3,11.46
fold2_room1_mix0727,51,2,0,-95,-2,10.51
fold2_room1_mix0727,51,4,0,-167,-10,3.31
fold2_room1_mix0727,51,4,0,-11,-3,10.99
fold2_room1_mix0727,52,2,0,-98,-1,12.22
fold2_room1_mix0727,52,4,0,-162,-12,2.51
fold2_room1_mix0727,52,4,0,-13,-5,7.62
fold2_room1_mix0727,53,2,0,104,-3,15.11
fold2_room1_mix0727,53,4,0,-163,-13,2.51
fold2_room1_mix0727,53,4,0,-19,-6,7.90
fold2_room1_mix0727,54,2,0,111,-3,9.51
fold2_room1_mix0727,54,4,0,-153,-15,1.85
fold2_room1_mix0727,54,4,0,-17,-5,6.52
fold2_room1_mix0727,55,4,0,-158,-16,1.65
fold2_room1_mix0727,55,4,0,-140,-18,1.85
fold2_room1_mix0727,55,4,0,-19,-4,6.25
fold2_room1_mix0727,56,2,0,108,-3,5.35
fold2_room1_mix0727,56,4,0,-138,-18,1.00
fold2_room1_mix0727,56,4,0,-24,-4,5.06
fold2_room1_mix0727,57,4,0,-141,-18,1.06
fold2_room1_mix0727,57,4,0,-59,-13,3.12
fold2_room1_mix0727,58,2,0,-87,-2,5.44
fold2_room1_mix0727,58,4,0,-117,-24,0.76
fold2_room1_mix0727,58,4,0,-33,-4,5.53
fold2_room1_mix0727,59,2,0,-89,-1,4.60
fold2_room1_mix0727,59,4,0,-67,-28,0.52
fold2_room1_mix0727,59,4,0,-17,1,7.64
fold2_room1_mix0727,60,2,0,-103,-2,9.63
fold2_room1_mix0727,60,4,0,-64,-23,0.88
fold2_room1_mix0727,60,4,0,-46,-17,1.04
fold2_room1_mix0727,60,4,0,-14,-2,5.51
fold2_room1_mix0727,61,2,0,-97,-2,9.22
fold2_room1_mix0727,61,4,0,-142,-14,1.81
fold2_room1_mix0727,61,4,0,-34,-12,1.61
fold2_room1_mix0727,61,4,0,-17,-4,4.06
fold2_room1_mix0727,62,2,0,-95,-2,9.13
fold2_room1_mix0727,62,4,0,-154,-10,2.42
fold2_room1_mix0727,62,4,0,-21,-7,3.21
fold2_room1_mix0727,63,2,0,98,-4,9.73
fold2_room1_mix0727,63,4,0,-158,-9,3.12
fold2_room1_mix0727,63,4,0,-18,-7,3.66
fold2_room1_mix0727,64,2,0,95,-3,9.67
fold2_room1_mix0727,64,4,0,-164,-6,3.77
fold2_room1_mix0727,64,4,0,-15,-6,3.95
fold2_room1_mix0727,65,2,0,110,-3,7.81
fold2_room1_mix0727,65,4,0,179,-7,3.54
fold2_room1_mix0727,65,4,0,-16,-6,3.63
fold2_room1_mix0727,66,4,0,178,-6,4.24
fold2_room1_mix0727,66,4,0,-16,-6,4.03
fold2_room1_mix0727,67,4,0,169,-7,4.22
fold2_room1_mix0727,67,4,0,-13,-6,4.14
fold2_room1_mix0727,68,4,0,162,-9,3.61
fold2_room1_mix0727,68,4,0,-11,-5,4.36
fold2_room1_mix0727,69,4,0,155,-12,2.86
fold2_room1_mix0727,69,4,0,-10,-5,4.67
fold2_room1_mix0727,70,4,0,139,-16,2.27
fold2_room1_mix0727,70,4,0,20,-21,2.27
fold2_room1_mix0727,70,4,0,-7,-5,5.80
fold2_room1_mix0727,71,4,0,118,-25,1.42
fold2_room1_mix0727,71,4,0,-3,-7,5.85
fold2_room1_mix0727,72,2,0,93,-2,7.52
fold2_room1_mix0727,72,4,0,99,-25,1.46
fold2_room1_mix0727,72,4,0,50,-20,2.73
fold2_room1_mix0727,72,4,0,-5,-4,7.21
fold2_room1_mix0727,73,2,0,104,-4,4.30
fold2_room1_mix0727,73,4,0,99,-25,1.56
fold2_room1_mix0727,73,4,0,21,-15,4.08
fold2_room1_mix0727,73,4,0,-7,-4,7.38
fold2_room1_mix0727,74,4,0,80,-21,1.87
fold2_room1_mix0727,74,4,0,16,-12,4.15
fold2_room1_mix0727,74,4,0,-5,-5,6.46
fold2_room1_mix0727,75,4,0,49,-20,1.47
fold2_room1_mix0727,75,4,0,-3,-5,6.78
fold2_room1_mix0727,76,2,0,93,-3,8.97
fold2_room1_mix0727,76,4,0,46,-18,2.05
fold2_room1_mix0727,76,4,0,0,-6,6.29
fold2_room1_mix0727,77,4,0,35,-16,2.22
fold2_room1_mix0727,77,4,0,0,-6,5.93
fold2_room1_mix0727,78,4,0,29,-13,2.91
fold2_room1_mix0727,78,4,0,-4,-4,7.64
fold2_room1_mix0727,79,4,0,24,-11,3.12
fold2_room1_mix0727,79,4,0,-1,-3,8.11
fold2_room1_mix0727,80,4,0,20,-11,3.24
fold2_room1_mix0727,80,4,0,-4,-3,7.80
fold2_room1_mix0727,81,4,0,2,-5,6.87
fold2_room1_mix0727,82,2,0,90,-3,2.59
fold2_room1_mix0727,82,4,0,5,-4,7.31
fold2_room1_mix0727,83,2,0,58,-4,4.18
fold2_room1_mix0727,83,4,0,6,-4,7.34
fold2_room1_mix0727,84,2,0,63,-2,10.82
fold2_room1_mix0727,84,4,0,18,-7,5.37
fold2_room1_mix0727,84,4,0,1,-3,9.77
fold2_room1_mix0727,85,2,0,63,-2,10.99
fold2_room1_mix0727,85,4,0,5,-3,8.31
fold2_room1_mix0727,86,2,0,62,-2,11.36
fold2_room1_mix0727,86,4,0,16,-6,6.30
fold2_room1_mix0727,86,4,0,1,-2,10.67
fold2_room1_mix0727,87,2,0,55,-3,5.02
fold2_room1_mix0727,87,4,0,7,-3,9.66
fold2_room1_mix0727,88,4,0,3,-3,9.68
fold2_room1_mix0727,89,4,0,2,-3,10.78
fold2_room1_mix0727,90,4,0,2,-3,10.54
fold2_room1_mix0727,91,4,0,3,-2,11.21
fold2_room1_mix0727,92,4,0,2,-2,11.04
fold2_room1_mix0727,93,4,0,4,-2,11.16
fold2_room1_mix0727,94,4,0,3,-2,10.94
fold2_room1_mix0727,95,4,0,1,-2,10.91
fold2_room1_mix0727,96,4,0,2,-2,11.38
fold2_room1_mix0727,97,4,0,1,-2,12.89
fold2_room1_mix0727,98,4,0,1,-2,12.08
fold2_room1_mix0727,99,4,0,2,-1,13.57
fold2_room1_mix0728,10,4,0,157,1,7.93
fold2_room1_mix0728,10,4,0,2,0,7.63
fold2_room1_mix0728,11,4,0,156,2,17.46
fold2_room1_mix0728,11,4,0,4,1,15.14
fold2_room1_mix0728,12,4,0,167,3,9.86
fold2_room1_mix0728,12,4,0,3,2,7.96
fold2_room1_mix0728,13,4,0,149,1,16.89
fold2_room1_mix0728,13,4,0,4,1,15.65
fold2_room1_mix0728,14,4,0,161,0,40.28
fold2_room1_mix0728,14,4,0,3,0,32.06
fold2_room1_mix0728,15,4,0,154,0,32.70
fold2_room1_mix0728,15,4,0,0,0,26.73
fold2_room1_mix0728,16,4,0,152,0,31.63
fold2_room1_mix0728,16,4,0,0,0,27.46
fold2_room1_mix0728,17,4,0,159,0,37.22
fold2_room1_mix0728,17,4,0,0,0,27.10
fold2_room1_mix0728,18,4,0,159,0,40.46
fold2_room1_mix0728,18,4,0,-1,0,32.50
fold2_room1_mix0728,19,4,0,158,0,34.78
fold2_room1_mix0728,19,4,0,0,-1,27.88
fold2_room1_mix0728,20,4,0,156,-1,37.65
fold2_room1_mix0728,20,4,0,0,-1,31.59
fold2_room1_mix0728,21,4,0,157,-1,34.89
fold2_room1_mix0728,21,4,0,-2,-1,29.27
fold2_room1_mix0728,22,4,0,160,-1,31.73
fold2_room1_mix0728,22,4,0,0,-1,28.11
fold2_room1_mix0728,23,4,0,152,-2,29.44
fold2_room1_mix0728,23,4,0,0,-1,25.71
fold2_room1_mix0728,24,4,0,156,-2,31.00
fold2_room1_mix0728,24,4,0,0,-1,28.01
fold2_room1_mix0728,25,4,0,156,-1,29.58
fold2_room1_mix0728,25,4,0,-3,-1,25.19
fold2_room1_mix0728,26,4,0,152,-1,28.69
fold2_room1_mix0728,26,4,0,0,-2,22.98
fold2_room1_mix0728,27,4,0,155,-1,31.01
fold2_room1_mix0728,27,4,0,0,-2,24.31
fold2_room1_mix0728,28,4,0,154,-2,29.19
fold2_room1_mix0728,28,4,0,1,-2,25.07
fold2_room1_mix0728,29,4,0,159,-1,29.15
fold2_room1_mix0728,29,4,0,0,-1,23.66
fold2_room1_mix0728,30,4,0,167,-1,30.49
fold2_room1_mix0728,30,4,0,2,-2,23.64
fold2_room1_mix0728,31,4,0,160,-1,28.62
fold2_room1_mix0728,31,4,0,2,-2,22.18
fold2_room1_mix0728,32,4,0,165,-1,28.04
fold2_room1_mix0728,32,4,0,0,-2,23.63
fold2_room1_mix0728,33,4,0,165,-1,27.54
fold2_room1_mix0728,33,4,0,-1,-2,21.22
fold2_room1_mix0728,34,4,0,156,-1,25.51
fold2_room1_mix0728,34,4,0,0,-2,19.01
fold2_room1_mix0728,35,4,0,149,-2,22.90
fold2_room1_mix0728,35,4,0,-3,-2,18.48
fold2_room1_mix0728,36,4,0,160,-1,22.77
fold2_room1_mix0728,36,4,0,-1,-2,17.52
fold2_room1_mix0728,37,4,0,159,-1,20.56
fold2_room1_mix0728,37,4,0,-8,-2,15.95
fold2_room1_mix0728,38,4,0,156,-2,20.62
fold2_room1_mix0728,38,4,0,-10,-3,14.47
fold2_room1_mix0728,39,4,0,157,-1,21.22
fold2_room1_mix0728,39,4,0,-10,-2,13.28
fold2_room1_mix0728,40,4,0,158,-1,20.80
fold2_room1_mix0728,40,4,0,-18,-4,8.60
fold2_room1_mix0728,40,4,0,-2,-1,15.09
fold2_room1_mix0728,41,4,0,156,-2,18.41
fold2_room1_mix0728,41,4,0,-21,-5,7.28
fold2_room1_mix0728,41,4,0,-5,-2,13.22
fold2_room1_mix0728,42,4,0,159,-2,19.17
fold2_room1_mix0728,42,4,0,-25,-6,5.75
fold2_room1_mix0728,42,4,0,-5,-2,13.34
fold2_room1_mix0728,43,4,0,155,-2,18.90
fold2_room1_mix0728,43,4,0,-31,-7,4.61
fold2_room1_mix0728,43,4,0,-9,-2,12.30
fold2_room1_mix0728,44,4,0,153,-2,17.93
fold2_room1_mix0728,44,4,0,-36,-9,3.44
fold2_room1_mix0728,44,4,0,-15,-3,11.38
fold2_room1_mix0728,45,4,0,152,-2,17.02
fold2_room1_mix0728,45,4,0,-48,-12,2.38
fold2_room1_mix0728,45,4,0,-22,-4,10.68
fold2_room1_mix0728,46,4,0,155,-3,17.36
fold2_room1_mix0728,46,4,0,-67,-18,2.19
fold2_room1_mix0728,46,4,0,-14,-2,18.47
fold2_room1_mix0728,47,4,0,149,-2,17.55
fold2_room1_mix0728,47,4,0,-99,-18,2.33
fold2_room1_mix0728,47,4,0,-35,-5,13.17
fold2_room1_mix0728,48,4,0,157,-2,17.54
fold2_room1_mix0728,48,4,0,-120,-11,3.97
fold2_room1_mix0728,49,4,0,157,-3,13.83
fold2_room1_mix0728,49,4,0,-137,-11,2.94
fold2_room1_mix0728,49,4,0,-28,-2,15.21
fold2_room1_mix0728,50,4,0,-177,-6,8.15
fold2_room1_mix0728,50,4,0,2,0,23.13
fold2_room1_mix0728,51,4,0,-166,-5,6.95
fold2_room1_mix0728,51,4,0,125,-5,9.14
fold2_room1_mix0728,51,4,0,-8,0,17.15
fold2_room1_mix0728,52,4,0,-169,-3,8.54
fold2_room1_mix0728,52,4,0,81,-2,11.16
fold2_room1_mix0728,52,4,0,-7,1,19.03
fold2_room1_mix0728,53,4,0,-164,-4,7.14
fold2_room1_mix0728,53,4,0,96,-2,12.11
fold2_room1_mix0728,53,4,0,-11,0,18.39
fold2_room1_mix0728,54,4,0,-165,-3,7.63
fold2_room1_mix0728,54,4,0,78,-1,13.06
fold2_room1_mix0728,54,4,0,-8,0,16.69
fold2_room1_mix0728,55,4,0,-168,-3,7.75
fold2_room1_mix0728,55,4,0,102,0,12.67
fold2_room1_mix0728,55,4,0,-8,0,16.62
fold2_room1_mix0728,56,4,0,-171,-3,9.02
fold2_room1_mix0728,56,4,0,103,-2,12.30
fold2_room1_mix0728,56,4,0,-10,0,17.58
fold2_room1_mix0728,57,4,0,-170,-2,9.43
fold2_room1_mix0728,57,4,0,80,-2,11.66
fold2_room1_mix0728,57,4,0,-6,1,17.29
fold2_room1_mix0728,58,4,0,-173,-2,10.70
fold2_room1_mix0728,58,4,0,87,-2,11.44
fold2_room1_mix0728,58,4,0,-4,0,16.79
fold2_room1_mix0728,59,4,0,-168,-2,11.54
fold2_room1_mix0728,59,4,0,68,-2,11.08
fold2_room1_mix0728,59,4,0,-5,0,17.26
fold2_room1_mix0728,60,3,0,84,-5,6.24
fold2_room1_mix0728,60,4,0,-172,-2,16.29
fold2_room1_mix0728,60,4,0,70,-4,11.32
fold2_room1_mix0728,60,4,0,-17,-2,12.53
fold2_room1_mix0728,61,3,0,73,-9,7.27
fold2_room1_mix0728,61,4,0,-168,-2,15.89
fold2_room1_mix0728,61,4,0,74,-7,9.76
fold2_room1_mix0728,61,4,0,-12,-1,12.67
fold2_room1_mix0728,62,3,0,99,-8,9.63
fold2_room1_mix0728,62,4,0,-178,-2,19.99
fold2_room1_mix0728,62,4,0,-12,-3,11.38
fold2_room1_mix0728,63,3,0,97,-8,10.80
fold2_room1_mix0728,63,4,0,171,-1,21.53
fold2_room1_mix0728,63,4,0,-13,-4,8.63
fold2_room1_mix0728,64,3,0,78,-9,7.52
fold2_room1_mix0728,64,4,0,165,-1,28.08
fold2_room1_mix0728,64,4,0,-14,-6,8.84
fold2_room1_mix0728,65,3,0,91,-11,6.92
fold2_room1_mix0728,65,4,0,168,-1,27.07
fold2_room1_mix0728,65,4,0,-19,-8,6.16
fold2_room1_mix0728,66,3,0,91,-10,9.79
fold2_room1_mix0728,66,4,0,159,-1,29.53
fold2_room1_mix0728,66,4,0,-37,-10,4.53
fold2_room1_mix0728,67,3,0,76,-9,8.47
fold2_room1_mix0728,67,4,0,151,1,35.72
fold2_room1_mix0728,67,4,0,-132,-15,3.49
fold2_room1_mix0728,67,4,0,-90,-19,3.38
fold2_room1_mix0728,68,3,0,87,-9,10.04
fold2_room1_mix0728,68,4,0,157,0,29.10
fold2_room1_mix0728,68,4,0,-130,-14,2.33
fold2_room1_mix0728,69,3,0,60,-7,8.97
fold2_room1_mix0728,69,4,0,176,-1,17.85
fold2_room1_mix0728,69,4,0,-148,-10,4.57
fold2_room1_mix0728,69,4,0,102,-12,6.68
fold2_room1_mix0728,70,2,0,91,-2,4.56
fold2_room1_mix0728,70,3,0,74,-7,8.55
fold2_room1_mix0728,70,4,0,-174,-2,16.25
fold2_room1_mix0728,70,4,0,-152,-8,5.55
fold2_room1_mix0728,70,4,0,119,-6,8.06
fold2_room1_mix0728,71,2,0,81,-3,7.16
fold2_room1_mix0728,71,3,0,61,-6,7.58
fold2_room1_mix0728,71,4,0,-163,-2,14.10
fold2_room1_mix0728,71,4,0,171,-5,6.65
fold2_room1_mix0728,72,3,0,105,-7,7.59
fold2_room1_mix0728,72,4,0,-162,0,17.53
fold2_room1_mix0728,72,4,0,161,-6,7.99
fold2_room1_mix0728,72,4,0,102,-5,7.73
fold2_room1_mix0728,73,3,0,79,-9,6.51
fold2_room1_mix0728,73,4,0,-158,0,17.97
fold2_room1_mix0728,73,4,0,100,-7,7.52
fold2_room1_mix0728,73,4,0,72,0,13.72
fold2_room1_mix0728,74,3,0,58,-5,8.66
fold2_room1_mix0728,74,4,0,-159,0,15.37
fold2_room1_mix0728,74,4,0,111,-3,9.91
fold2_room1_mix0728,74,4,0,73,-1,11.52
fold2_room1_mix0728,75,3,0,58,-6,9.44
fold2_room1_mix0728,75,4,0,-157,0,14.51
fold2_room1_mix0728,75,4,0,89,-3,10.10
fold2_room1_mix0728,75,4,0,57,0,14.23
fold2_room1_mix0728,76,3,0,69,-7,5.83
fold2_room1_mix0728,76,4,0,-158,0,17.40
fold2_room1_mix0728,76,4,0,86,-1,13.03
fold2_room1_mix0728,77,4,0,-167,0,17.59
fold2_room1_mix0728,77,4,0,123,-1,13.41
fold2_room1_mix0728,77,4,0,69,-1,14.34
fold2_room1_mix0728,78,4,0,-166,0,17.54
fold2_room1_mix0728,78,4,0,119,-1,14.89
fold2_room1_mix0728,78,4,0,58,-2,14.74
fold2_room1_mix0728,79,4,0,-163,0,18.59
fold2_room1_mix0728,79,4,0,125,-2,13.91
fold2_room1_mix0728,79,4,0,78,-2,15.56
fold2_room1_mix0728,80,4,0,-170,0,18.88
fold2_room1_mix0728,80,4,0,107,-3,12.73
fold2_room1_mix0728,80,4,0,58,-1,15.78
fold2_room1_mix0728,81,4,0,-170,0,20.83
fold2_room1_mix0728,81,4,0,162,0,18.86
fold2_room1_mix0728,81,4,0,67,-2,14.64
fold2_room1_mix0728,82,4,0,-168,0,21.45
fold2_room1_mix0728,82,4,0,114,-1,16.00
fold2_room1_mix0728,82,4,0,62,-1,15.33
fold2_room1_mix0728,83,4,0,-177,0,22.15
fold2_room1_mix0728,83,4,0,63,-3,14.61
fold2_room1_mix0728,84,4,0,-171,0,23.22
fold2_room1_mix0728,84,4,0,123,0,17.40
fold2_room1_mix0728,84,4,0,58,-2,15.58
fold2_room1_mix0728,85,4,0,-170,0,25.02
fold2_room1_mix0728,85,4,0,77,-2,16.63
fold2_room1_mix0728,85,4,0,60,-2,15.21
fold2_room1_mix0728,86,4,0,-174,0,22.60
fold2_room1_mix0728,86,4,0,57,-2,13.77
fold2_room1_mix0728,87,4,0,-173,1,27.85
fold2_room1_mix0728,87,4,0,161,-1,19.01
fold2_room1_mix0728,87,4,0,58,-2,15.19
fold2_room1_mix0728,88,4,0,-175,1,29.90
fold2_room1_mix0728,88,4,0,80,-2,15.98
fold2_room1_mix0728,88,4,0,53,-1,17.22
fold2_room1_mix0728,89,4,0,-176,0,28.62
fold2_room1_mix0728,89,4,0,163,0,19.50
fold2_room1_mix0728,89,4,0,60,-1,17.50
fold2_room1_mix0728,90,4,0,-177,2,31.13
fold2_room1_mix0728,90,4,0,72,0,17.51
fold2_room1_mix0728,90,4,0,49,0,18.46
fold2_room1_mix0728,91,4,0,176,1,32.06
fold2_room1_mix0728,91,4,0,74,-1,16.94
fold2_room1_mix0728,91,4,0,45,0,20.00
fold2_room1_mix0728,92,4,0,177,1,30.32
fold2_room1_mix0728,92,4,0,80,-2,17.37
fold2_room1_mix0728,92,4,0,44,-1,18.64
fold2_room1_mix0728,93,4,0,169,1,31.23
fold2_room1_mix0728,93,4,0,62,-2,16.35
fold2_room1_mix0728,93,4,0,44,0,19.90
fold2_room1_mix0728,94,4,0,175,1,33.57
fold2_room1_mix0728,94,4,0,38,0,19.64
fold2_room1_mix0728,95,4,0,170,1,32.28
fold2_room1_mix0728,95,4,0,88,-2,18.76
fold2_room1_mix0728,95,4,0,45,0,18.99
fold2_room1_mix0728,96,4,0,144,0,28.23
fold2_room1_mix0728,96,4,0,44,0,19.26
fold2_room1_mix0728,97,4,0,163,0,31.72
fold2_room1_mix0728,97,4,0,77,-1,21.00
fold2_room1_mix0728,97,4,0,46,0,21.00
fold2_room1_mix0728,98,4,0,163,0,29.01
fold2_room1_mix0728,98,4,0,138,0,22.37
fold2_room1_mix0728,98,4,0,53,0,22.55
fold2_room1_mix0728,99,4,0,134,0,24.73
fold2_room1_mix0728,99,4,0,81,0,20.94
fold2_room1_mix0728,99,4,0,52,0,21.18
fold2_room1_mix0728,9,4,0,-1,1,6.30
fold2_room1_mix0729,27,4,0,-174,0,3.62
fold2_room1_mix0729,28,4,0,-176,0,6.99
fold2_room1_mix0729,29,4,0,-177,0,17.02
fold2_room1_mix0729,30,4,0,-173,0,25.39
fold2_room1_mix0729,31,4,0,-172,0,26.18
fold2_room1_mix0729,32,4,0,-170,0,25.74
fold2_room1_mix0729,33,4,0,-171,-1,27.05
fold2_room1_mix0729,34,4,0,-169,0,25.60
fold2_room1_mix0729,35,4,0,-167,0,26.47
fold2_room1_mix0729,36,4,0,-167,0,25.25
fold2_room1_mix0729,37,4,0,-167,0,24.96
fold2_room1_mix0729,38,4,0,-164,0,23.56
fold2_room1_mix0729,39,4,0,-164,0,23.28
fold2_room1_mix0729,40,4,0,-164,0,22.63
fold2_room1_mix0729,41,4,0,-165,0,22.00
fold2_room1_mix0729,42,4,0,-163,0,22.03
fold2_room1_mix0729,43,4,0,-162,0,22.10
fold2_room1_mix0729,44,4,0,-163,0,21.07
fold2_room1_mix0729,45,4,0,-161,-1,19.50
fold2_room1_mix0729,46,4,0,-161,-1,19.43
fold2_room1_mix0729,47,4,0,-159,-1,18.23
fold2_room1_mix0729,48,4,0,-158,-1,17.32
fold2_room1_mix0729,49,4,0,-159,-1,16.91
fold2_room1_mix0729,50,4,0,-157,-1,16.73
fold2_room1_mix0729,51,4,0,-157,-2,15.17
fold2_room1_mix0729,52,4,0,-156,-2,14.95
fold2_room1_mix0729,53,4,0,-154,-2,13.66
fold2_room1_mix0729,54,4,0,-154,-2,13.54
fold2_room1_mix0729,55,4,0,-151,-2,13.01
fold2_room1_mix0729,56,4,0,-152,-2,12.35
fold2_room1_mix0729,57,4,0,-149,-3,11.33
fold2_room1_mix0729,58,4,0,-147,-2,11.42
fold2_room1_mix0729,59,4,0,-143,-3,10.30
fold2_room1_mix0729,60,4,0,-142,-3,10.28
fold2_room1_mix0729,61,4,0,-135,-3,9.54
fold2_room1_mix0729,62,4,0,-132,-3,8.90
fold2_room1_mix0729,63,4,0,-129,-4,8.61
fold2_room1_mix0729,64,4,0,-126,-4,8.16
fold2_room1_mix0729,65,4,0,-120,-4,8.18
fold2_room1_mix0729,66,4,0,-116,-4,7.69
fold2_room1_mix0729,67,4,0,-110,-5,7.26
fold2_room1_mix0729,68,4,0,-106,-5,7.38
fold2_room1_mix0729,69,4,0,-99,-5,7.19
fold2_room1_mix0729,70,4,0,-92,-5,7.31
fold2_room1_mix0729,71,4,0,-87,-5,7.41
fold2_room1_mix0729,72,4,0,-83,-4,7.99
fold2_room1_mix0729,73,4,0,-76,-5,8.15
fold2_room1_mix0729,74,4,0,-69,-5,8.26
fold2_room1_mix0729,75,4,0,-65,-4,8.57
fold2_room1_mix0729,76,4,0,-60,-4,8.60
fold2_room1_mix0729,77,4,0,-56,-4,8.60
fold2_room1_mix0729,78,4,0,-52,-3,9.54
fold2_room1_mix0729,79,4,0,-47,-3,9.74
fold2_room1_mix0729,80,4,0,-46,-3,9.82
fold2_room1_mix0729,81,4,0,-42,-3,10.57
fold2_room1_mix0729,82,4,0,-39,-3,11.40
fold2_room1_mix0729,83,4,0,-39,-3,11.98
fold2_room1_mix0729,84,4,0,-35,-2,12.76
fold2_room1_mix0729,85,4,0,-32,-3,13.64
fold2_room1_mix0729,86,4,0,-29,-2,14.20
fold2_room1_mix0729,87,4,0,-27,-2,15.62
fold2_room1_mix0729,88,4,0,-27,-2,15.61
fold2_room1_mix0729,89,4,0,-24,-1,17.08
fold2_room1_mix0729,90,4,0,-24,-1,17.40
fold2_room1_mix0729,91,4,0,-24,-1,18.66
fold2_room1_mix0729,92,4,0,-21,-1,18.91
fold2_room1_mix0729,93,4,0,-20,-1,18.88
fold2_room1_mix0729,94,4,0,-22,-1,19.91
fold2_room1_mix0729,95,4,0,-19,-1,21.48
fold2_room1_mix0729,96,4,0,-19,-1,21.59
fold2_room1_mix0729,97,4,0,-17,-1,22.95
fold2_room1_mix0729,98,4,0,-17,-1,23.29
fold2_room1_mix0729,99,4,0,-16,-1,23.68
fold2_room1_mix0730,8,1,0,3,-3,17.93
fold2_room1_mix0730,9,1,0,8,-2,3.98
fold2_room1_mix0730,10,1,0,9,-3,28.85
fold2_room1_mix0730,12,0,0,3,0,4.18
fold2_room1_mix0730,13,1,0,1,-3,3.18
fold2_room1_mix0730,15,1,0,6,-1,3.83
fold2_room1_mix0730,17,1,0,3,-4,8.82
fold2_room1_mix0730,18,1,0,2,-2,8.56
fold2_room1_mix0730,19,1,0,12,-2,10.11
fold2_room1_mix0730,20,1,0,10,-2,14.83
fold2_room1_mix0730,22,1,0,9,-3,17.15
fold2_room1_mix0730,23,1,0,7,-2,15.28
fold2_room1_mix0730,24,1,0,11,-2,19.60
fold2_room1_mix0730,25,1,0,8,-2,21.55
fold2_room1_mix0730,27,1,0,11,-2,14.70
fold2_room1_mix0730,28,1,0,7,-2,22.05
fold2_room1_mix0730,29,1,0,11,-2,15.98
fold2_room1_mix0730,29,4,0,176,6,2.16
fold2_room1_mix0730,30,1,0,5,-2,24.42
fold2_room1_mix0730,32,1,0,12,-2,13.80
fold2_room1_mix0730,33,1,0,9,-2,20.11
fold2_room1_mix0730,34,1,0,9,-2,22.97
fold2_room1_mix0730,35,1,0,9,-2,15.92
fold2_room1_mix0730,37,1,0,15,-2,15.94
fold2_room1_mix0730,38,1,0,11,-2,22.89
fold2_room1_mix0730,39,1,0,10,-2,25.98
fold2_room1_mix0730,40,1,0,16,-2,16.13
fold2_room1_mix0730,42,1,0,18,-2,24.33
fold2_room1_mix0730,43,1,0,14,-2,24.76
fold2_room1_mix0730,44,1,0,16,-2,28.96
fold2_room1_mix0730,45,1,0,13,-2,3.81
fold2_room1_mix0730,46,1,0,19,-2,8.37
fold2_room1_mix0730,47,1,0,18,-2,26.00
fold2_room1_mix0730,47,4,0,179,0,6.94
fold2_room1_mix0730,48,1,0,19,-2,23.61
fold2_room1_mix0730,48,4,0,177,1,4.69
fold2_room1_mix0730,49,1,0,21,-2,25.40
fold2_room1_mix0730,49,4,0,178,1,7.39
fold2_room1_mix0730,51,1,0,22,-2,17.54
fold2_room1_mix0730,51,4,0,177,0,11.94
fold2_room1_mix0730,52,4,0,-174,0,14.28
fold2_room1_mix0730,53,4,0,-171,0,10.31
fold2_room1_mix0730,54,4,0,-171,-1,13.85
fold2_room1_mix0730,55,4,0,-167,-1,14.23
fold2_room1_mix0730,56,4,0,-168,-1,20.01
fold2_room1_mix0730,57,4,0,-161,-1,15.96
fold2_room1_mix0730,58,4,0,-153,-1,17.71
fold2_room1_mix0730,59,4,0,-155,-1,18.57
fold2_room1_mix0730,60,4,0,-155,-1,16.54
fold2_room1_mix0730,61,4,0,-154,-1,16.43
fold2_room1_mix0730,62,4,0,-153,-1,17.49
fold2_room1_mix0730,63,4,0,-156,-1,17.31
fold2_room1_mix0730,64,4,0,-152,0,16.99
fold2_room1_mix0730,65,4,0,-151,-1,15.01
fold2_room1_mix0730,66,4,0,-152,-1,15.69
fold2_room1_mix0730,67,4,0,-151,-1,15.20
fold2_room1_mix0730,68,4,0,-148,-1,13.69
fold2_room1_mix0730,69,4,0,-143,-1,13.71
fold2_room1_mix0730,70,4,0,-145,-1,13.19
fold2_room1_mix0730,71,4,0,-143,-2,12.73
fold2_room1_mix0730,72,4,0,-143,-2,13.48
fold2_room1_mix0730,73,4,0,-144,-2,12.23
fold2_room1_mix0730,74,4,0,-137,-2,11.65
fold2_room1_mix0730,75,4,0,-137,-2,12.15
fold2_room1_mix0730,76,4,0,-137,-3,11.16
fold2_room1_mix0730,77,4,0,-128,-3,10.40
fold2_room1_mix0730,78,4,0,-129,-3,10.55
fold2_room1_mix0730,79,4,0,-126,-3,10.15
fold2_room1_mix0730,80,4,0,-123,-4,10.16
fold2_room1_mix0730,81,4,0,-118,-3,9.91
fold2_room1_mix0730,82,4,0,-114,-3,9.46
fold2_room1_mix0730,83,4,0,-108,-4,9.23
fold2_room1_mix0730,84,4,0,-103,-4,8.38
fold2_room1_mix0730,85,4,0,-99,-4,8.77
fold2_room1_mix0730,86,4,0,-95,-4,8.25
fold2_room1_mix0730,87,4,0,-91,-4,8.16
fold2_room1_mix0730,88,4,0,-88,-4,8.22
fold2_room1_mix0730,89,4,0,-84,-4,8.23
fold2_room1_mix0730,90,4,0,-81,-4,9.15
fold2_room1_mix0730,91,4,0,-76,-4,10.02
fold2_room1_mix0730,92,4,0,-73,-4,10.11
fold2_room1_mix0730,93,4,0,-68,-4,10.36
fold2_room1_mix0730,94,4,0,-64,-3,11.22
fold2_room1_mix0730,95,4,0,-62,-3,12.19
fold2_room1_mix0730,96,4,0,-57,-3,11.83
fold2_room1_mix0730,97,4,0,-52,-3,12.47
fold2_room1_mix0730,98,4,0,-50,-3,13.02
fold2_room1_mix0730,99,4,0,-48,-2,13.49
fold2_room1_mix0731,0,5,0,104,2,5.26
fold2_room1_mix0731,1,5,0,111,2,13.45
fold2_room1_mix0731,2,4,0,-176,0,2.56
fold2_room1_mix0731,2,5,0,118,2,9.58
fold2_room1_mix0731,3,4,0,-177,0,6.81
fold2_room1_mix0731,3,5,0,98,3,8.60
fold2_room1_mix0731,4,4,0,-176,0,16.45
fold2_room1_mix0731,4,5,0,106,3,9.88
fold2_room1_mix0731,5,4,0,-179,0,16.69
fold2_room1_mix0731,5,5,0,117,3,13.12
fold2_room1_mix0731,6,4,0,-179,0,17.65
fold2_room1_mix0731,6,5,0,109,2,17.08
fold2_room1_mix0731,7,4,0,179,0,21.81
fold2_room1_mix0731,7,5,0,108,2,14.34
fold2_room1_mix0731,8,4,0,-179,0,28.29
fold2_room1_mix0731,8,5,0,113,2,13.25
fold2_room1_mix0731,9,4,0,179,0,26.63
fold2_room1_mix0731,9,5,0,106,3,14.12
fold2_room1_mix0731,10,4,0,179,0,25.18
fold2_room1_mix0731,10,5,0,110,3,13.13
fold2_room1_mix0731,11,4,0,-179,0,25.91
fold2_room1_mix0731,11,5,0,108,3,11.44
fold2_room1_mix0731,12,4,0,-179,0,24.87
fold2_room1_mix0731,12,5,0,109,3,12.02
fold2_room1_mix0731,13,4,0,179,0,24.74
fold2_room1_mix0731,13,5,0,106,3,12.36
fold2_room1_mix0731,14,4,0,-179,0,24.25
fold2_room1_mix0731,14,5,0,114,3,13.64
fold2_room1_mix0731,15,4,0,-179,0,23.46
fold2_room1_mix0731,15,5,0,112,2,13.96
fold2_room1_mix0731,16,4,0,-179,0,22.20
fold2_room1_mix0731,16,5,0,108,3,12.08
fold2_room1_mix0731,17,4,0,-177,0,22.78
fold2_room1_mix0731,17,5,0,110,3,12.68
fold2_room1_mix0731,18,4,0,-178,0,23.35
fold2_room1_mix0731,18,5,0,109,3,12.93
fold2_room1_mix0731,19,4,0,-177,0,22.95
fold2_room1_mix0731,19,5,0,107,3,13.35
fold2_room1_mix0731,20,4,0,-176,0,22.76
fold2_room1_mix0731,20,5,0,105,2,13.02
fold2_room1_mix0731,21,4,0,-177,-1,21.61
fold2_room1_mix0731,21,5,0,107,2,12.81
fold2_room1_mix0731,22,4,0,-176,-1,21.56
fold2_room1_mix0731,22,5,0,109,3,13.56
fold2_room1_mix0731,23,4,0,-177,-1,20.50
fold2_room1_mix0731,23,5,0,105,3,13.19
fold2_room1_mix0731,24,4,0,-177,-1,20.64
fold2_room1_mix0731,24,5,0,108,3,11.21
fold2_room1_mix0731,25,4,0,-177,0,21.66
fold2_room1_mix0731,25,5,0,108,3,13.19
fold2_room1_mix0731,26,4,0,-177,-1,20.12
fold2_room1_mix0731,26,5,0,105,2,14.06
fold2_room1_mix0731,27,4,0,-177,-1,20.06
fold2_room1_mix0731,27,5,0,111,3,13.09
fold2_room1_mix0731,28,4,0,-176,-1,19.88
fold2_room1_mix0731,28,5,0,111,3,12.95
fold2_room1_mix0731,29,4,0,-176,-1,19.09
fold2_room1_mix0731,29,5,0,110,3,13.52
fold2_room1_mix0731,30,4,0,-175,-1,19.87
fold2_room1_mix0731,30,5,0,108,3,12.74
fold2_room1_mix0731,31,4,0,-175,-1,19.59
fold2_room1_mix0731,31,5,0,113,2,14.21
fold2_room1_mix0731,32,4,0,-177,-1,18.75
fold2_room1_mix0731,32,5,0,110,3,13.48
fold2_room1_mix0731,33,4,0,-175,-1,17.02
fold2_room1_mix0731,33,5,0,110,3,13.19
fold2_room1_mix0731,34,4,0,-172,-1,17.13
fold2_room1_mix0731,34,5,0,112,2,13.73
fold2_room1_mix0731,35,4,0,-173,-1,17.05
fold2_room1_mix0731,35,5,0,112,3,13.23
fold2_room1_mix0731,36,4,0,-172,-1,16.43
fold2_room1_mix0731,36,5,0,112,3,13.17
fold2_room1_mix0731,37,4,0,-171,-1,16.14
fold2_room1_mix0731,37,5,0,113,3,13.17
fold2_room1_mix0731,38,4,0,-172,-1,14.83
fold2_room1_mix0731,38,5,0,115,3,14.51
fold2_room1_mix0731,39,4,0,-171,-1,15.04
fold2_room1_mix0731,39,5,0,113,3,13.70
fold2_room1_mix0731,40,4,0,-171,-1,14.60
fold2_room1_mix0731,40,5,0,112,3,13.23
fold2_room1_mix0731,41,4,0,-171,-2,14.08
fold2_room1_mix0731,41,5,0,113,3,13.70
fold2_room1_mix0731,42,4,0,-170,-2,13.00
fold2_room1_mix0731,42,5,0,109,3,13.53
fold2_room1_mix0731,43,4,0,-168,-2,12.88
fold2_room1_mix0731,43,5,0,110,3,12.80
fold2_room1_mix0731,44,4,0,-168,-2,12.02
fold2_room1_mix0731,44,5,0,110,3,12.99
fold2_room1_mix0731,45,4,0,-167,-3,11.19
fold2_room1_mix0731,45,5,0,109,2,13.65
fold2_room1_mix0731,46,4,0,-166,-3,10.75
fold2_room1_mix0731,46,5,0,109,2,13.63
fold2_room1_mix0731,47,4,0,-166,-3,10.32
fold2_room1_mix0731,47,5,0,107,2,13.50
fold2_room1_mix0731,48,4,0,-164,-3,9.19
fold2_room1_mix0731,48,5,0,108,3,12.84
fold2_room1_mix0731,49,4,0,-162,-3,8.24
fold2_room1_mix0731,49,5,0,110,2,12.82
fold2_room1_mix0731,50,4,0,-160,-3,8.33
fold2_room1_mix0731,50,5,0,106,2,13.99
fold2_room1_mix0731,51,4,0,-159,-4,7.53
fold2_room1_mix0731,51,5,0,110,2,13.70
fold2_room1_mix0731,52,4,0,-157,-4,6.57
fold2_room1_mix0731,52,5,0,112,2,14.32
fold2_room1_mix0731,53,4,0,-155,-5,6.22
fold2_room1_mix0731,53,5,0,112,2,13.81
fold2_room1_mix0731,54,4,0,-154,-5,5.38
fold2_room1_mix0731,54,5,0,107,2,14.97
fold2_room1_mix0731,55,4,0,-152,-5,4.76
fold2_room1_mix0731,55,5,0,113,2,14.22
fold2_room1_mix0731,56,4,0,-149,-6,4.45
fold2_room1_mix0731,56,5,0,113,2,12.78
fold2_room1_mix0731,57,4,0,-146,-8,3.73
fold2_room1_mix0731,57,5,0,111,2,15.08
fold2_room1_mix0731,58,4,0,-144,-8,3.15
fold2_room1_mix0731,58,5,0,107,2,14.87
fold2_room1_mix0731,59,4,0,-139,-10,3.08
fold2_room1_mix0731,59,5,0,112,2,13.97
fold2_room1_mix0731,60,4,0,-129,-13,2.51
fold2_room1_mix0731,60,5,0,113,2,13.97
fold2_room1_mix0731,61,4,0,-115,-14,2.23
fold2_room1_mix0731,61,5,0,114,2,14.71
fold2_room1_mix0731,62,4,0,-95,-14,2.28
fold2_room1_mix0731,62,5,0,114,2,13.99
fold2_room1_mix0731,63,4,0,-76,-14,2.35
fold2_room1_mix0731,63,5,0,111,2,13.87
fold2_room1_mix0731,64,4,0,-61,-12,2.56
fold2_room1_mix0731,64,5,0,118,2,13.88
fold2_room1_mix0731,65,4,0,-50,-11,2.85
fold2_room1_mix0731,65,5,0,110,2,13.60
fold2_room1_mix0731,66,4,0,-42,-9,3.14
fold2_room1_mix0731,66,5,0,99,2,13.58
fold2_room1_mix0731,67,4,0,-36,-8,3.60
fold2_room1_mix0731,67,5,0,107,2,13.67
fold2_room1_mix0731,68,4,0,-30,-8,3.96
fold2_room1_mix0731,68,5,0,108,2,12.76
fold2_room1_mix0731,69,4,0,-27,-6,4.37
fold2_room1_mix0731,69,5,0,105,2,13.55
fold2_room1_mix0731,70,4,0,-25,-6,4.79
fold2_room1_mix0731,70,5,0,108,2,14.52
fold2_room1_mix0731,71,4,0,-21,-5,5.43
fold2_room1_mix0731,71,5,0,102,2,14.54
fold2_room1_mix0731,72,4,0,-19,-5,6.17
fold2_room1_mix0731,72,5,0,105,2,13.15
fold2_room1_mix0731,73,4,0,-19,-4,6.49
fold2_room1_mix0731,73,5,0,111,2,14.91
fold2_room1_mix0731,74,4,0,-17,-4,7.25
fold2_room1_mix0731,74,5,0,111,2,15.00
fold2_room1_mix0731,75,4,0,-16,-4,8.16
fold2_room1_mix0731,75,5,0,109,2,13.71
fold2_room1_mix0731,76,4,0,-14,-4,9.15
fold2_room1_mix0731,76,5,0,110,2,15.29
fold2_room1_mix0731,77,4,0,-13,-3,9.74
fold2_room1_mix0731,77,5,0,102,2,15.32
fold2_room1_mix0731,78,4,0,-12,-3,10.38
fold2_room1_mix0731,78,5,0,104,2,15.53
fold2_room1_mix0731,79,4,0,-11,-3,11.06
fold2_room1_mix0731,79,5,0,109,1,16.12
fold2_room1_mix0731,80,4,0,-11,-3,11.73
fold2_room1_mix0731,80,5,0,112,2,16.22
fold2_room1_mix0731,81,4,0,-10,-3,12.27
fold2_room1_mix0731,81,5,0,107,2,15.44
fold2_room1_mix0731,82,4,0,-9,-2,13.58
fold2_room1_mix0731,82,5,0,107,1,16.53
fold2_room1_mix0731,83,4,0,-9,-2,13.86
fold2_room1_mix0731,83,5,0,111,2,16.07
fold2_room1_mix0731,84,4,0,-9,-2,14.87
fold2_room1_mix0731,84,5,0,110,1,16.35
fold2_room1_mix0731,85,4,0,-9,-2,16.35
fold2_room1_mix0731,85,5,0,108,1,16.18
fold2_room1_mix0731,86,4,0,-8,-2,16.56
fold2_room1_mix0731,86,5,0,110,1,17.13
fold2_room1_mix0731,87,4,0,-7,-2,16.92
fold2_room1_mix0731,87,5,0,111,1,17.09
fold2_room1_mix0731,88,4,0,-7,-2,18.32
fold2_room1_mix0731,88,5,0,113,2,16.07
fold2_room1_mix0731,89,4,0,-7,-2,18.60
fold2_room1_mix0731,89,5,0,107,1,17.15
fold2_room1_mix0731,90,4,0,-5,-1,19.92
fold2_room1_mix0731,90,5,0,108,1,17.35
fold2_room1_mix0731,91,4,0,-6,-2,21.23
fold2_room1_mix0731,91,5,0,107,1,16.67
fold2_room1_mix0731,92,4,0,-5,-1,21.01
fold2_room1_mix0731,92,5,0,106,2,16.48
fold2_room1_mix0731,93,4,0,-4,-1,21.03
fold2_room1_mix0731,93,5,0,107,1,16.81
fold2_room1_mix0731,94,4,0,-6,-1,22.50
fold2_room1_mix0731,94,5,0,106,2,15.66
fold2_room1_mix0731,95,4,0,-3,-1,22.95
fold2_room1_mix0731,95,5,0,102,1,17.00
fold2_room1_mix0731,96,4,0,-3,-1,23.85
fold2_room1_mix0731,96,5,0,106,1,17.73
fold2_room1_mix0731,97,4,0,-4,-1,24.11
fold2_room1_mix0731,97,5,0,104,2,15.78
fold2_room1_mix0731,98,4,0,-2,-1,25.86
fold2_room1_mix0731,98,5,0,103,1,16.50
fold2_room1_mix0731,99,4,0,-3,-1,24.98
fold2_room1_mix0731,99,5,0,108,2,16.28
fold2_room1_mix0732,3,4,0,141,0,4.50
fold2_room1_mix0732,4,4,0,133,0,11.45
fold2_room1_mix0732,5,4,0,131,0,11.60
fold2_room1_mix0732,6,4,0,135,0,14.06
fold2_room1_mix0732,7,4,0,130,-1,20.44
fold2_room1_mix0732,8,4,0,134,-1,18.93
fold2_room1_mix0732,9,4,0,132,-1,19.87
fold2_room1_mix0732,10,4,0,128,-1,20.25
fold2_room1_mix0732,11,4,0,127,-2,16.75
fold2_room1_mix0732,12,4,0,129,-1,17.45
fold2_room1_mix0732,13,4,0,126,-1,17.60
fold2_room1_mix0732,14,4,0,125,-1,18.17
fold2_room1_mix0732,15,4,0,122,-1,18.74
fold2_room1_mix0732,16,4,0,122,-1,17.88
fold2_room1_mix0732,17,4,0,124,-2,17.32
fold2_room1_mix0732,18,4,0,123,-1,19.11
fold2_room1_mix0732,19,4,0,122,-2,18.43
fold2_room1_mix0732,20,4,0,124,-2,17.18
fold2_room1_mix0732,20,4,0,40,0,28.61
fold2_room1_mix0732,21,4,0,119,-2,16.96
fold2_room1_mix0732,22,4,0,123,-1,19.51
fold2_room1_mix0732,23,4,0,121,-1,17.61
fold2_room1_mix0732,23,4,0,20,1,32.45
fold2_room1_mix0732,24,4,0,123,-2,17.29
fold2_room1_mix0732,24,4,0,30,0,30.51
fold2_room1_mix0732,25,4,0,125,-1,17.76
fold2_room1_mix0732,25,4,0,68,0,26.41
fold2_room1_mix0732,26,4,0,118,-2,17.30
fold2_room1_mix0732,26,4,0,24,0,30.87
fold2_room1_mix0732,27,4,0,123,-1,17.01
fold2_room1_mix0732,27,4,0,54,0,27.34
fold2_room1_mix0732,28,4,0,124,-1,17.49
fold2_room1_mix0732,28,4,0,24,0,32.81
fold2_room1_mix0732,29,4,0,117,-2,16.82
fold2_room1_mix0732,29,4,0,16,0,29.47
fold2_room1_mix0732,30,4,0,122,-2,17.38
fold2_room1_mix0732,30,4,0,35,0,30.58
fold2_room1_mix0732,31,4,0,118,-2,18.37
fold2_room1_mix0732,31,4,0,9,0,35.80
fold2_room1_mix0732,32,4,0,121,-2,16.77
fold2_room1_mix0732,32,4,0,18,0,33.00
fold2_room1_mix0732,33,4,0,117,-2,16.92
fold2_room1_mix0732,33,4,0,7,0,33.22
fold2_room1_mix0732,34,4,0,119,-2,17.25
fold2_room1_mix0732,34,4,0,15,1,38.39
fold2_room1_mix0732,35,4,0,124,-2,17.53
fold2_room1_mix0732,35,4,0,26,0,27.52
fold2_room1_mix0732,36,3,0,-24,-4,3.82
fold2_room1_mix0732,36,4,0,119,-1,16.75
fold2_room1_mix0732,36,4,0,7,1,36.47
fold2_room1_mix0732,37,4,0,113,-2,17.57
fold2_room1_mix0732,37,4,0,9,1,33.29
fold2_room1_mix0732,38,4,0,120,-2,17.27
fold2_room1_mix0732,38,4,0,9,0,34.32
fold2_room1_mix0732,39,4,0,112,-2,17.59
fold2_room1_mix0732,39,4,0,1,0,36.53
fold2_room1_mix0732,40,4,0,112,-2,16.87
fold2_room1_mix0732,40,4,0,8,0,35.43
fold2_room1_mix0732,41,3,0,-55,-4,6.17
fold2_room1_mix0732,41,4,0,112,-2,16.36
fold2_room1_mix0732,41,4,0,11,1,34.64
fold2_room1_mix0732,42,3,0,-54,-4,9.56
fold2_room1_mix0732,42,4,0,111,-3,15.38
fold2_room1_mix0732,42,4,0,9,0,31.30
fold2_room1_mix0732,43,3,0,-61,-4,8.36
fold2_room1_mix0732,43,4,0,112,-4,15.24
fold2_room1_mix0732,43,4,0,15,0,27.30
fold2_room1_mix0732,44,3,0,-61,-4,7.23
fold2_room1_mix0732,44,4,0,110,-3,15.79
fold2_room1_mix0732,44,4,0,9,0,32.84
fold2_room1_mix0732,45,3,0,-61,-4,7.37
fold2_room1_mix0732,45,4,0,109,-4,15.56
fold2_room1_mix0732,45,4,0,13,0,31.12
fold2_room1_mix0732,46,3,0,-68,-5,7.36
fold2_room1_mix0732,46,4,0,109,-5,15.19
fold2_room1_mix0732,46,4,0,10,-1,31.50
fold2_room1_mix0732,47,3,0,-78,-5,7.22
fold2_room1_mix0732,47,4,0,111,-5,14.76
fold2_room1_mix0732,47,4,0,12,0,30.89
fold2_room1_mix0732,48,3,0,-79,-5,7.32
fold2_room1_mix0732,48,4,0,118,-5,13.81
fold2_room1_mix0732,48,4,0,32,0,25.82
fold2_room1_mix0732,49,3,0,-73,-5,6.78
fold2_room1_mix0732,49,4,0,118,-4,14.39
fold2_room1_mix0732,49,4,0,26,0,28.97
fold2_room1_mix0732,50,3,0,-78,-5,5.29
fold2_room1_mix0732,50,4,0,109,-4,14.26
fold2_room1_mix0732,50,4,0,22,0,27.44
fold2_room1_mix0732,51,4,0,107,-3,16.70
fold2_room1_mix0732,51,4,0,30,0,27.71
fold2_room1_mix0732,52,4,0,104,-3,15.93
fold2_room1_mix0732,52,4,0,7,0,32.31
fold2_room1_mix0732,53,4,0,112,-3,17.62
fold2_room1_mix0732,53,4,0,93,-3,14.45
fold2_room1_mix0732,53,4,0,7,0,30.26
fold2_room1_mix0732,54,3,0,-126,-5,6.37
fold2_room1_mix0732,54,4,0,115,-3,16.93
fold2_room1_mix0732,54,4,0,100,-2,16.68
fold2_room1_mix0732,54,4,0,14,0,31.98
fold2_room1_mix0732,55,3,0,-125,-5,11.40
fold2_room1_mix0732,55,4,0,120,-3,15.42
fold2_room1_mix0732,55,4,0,101,-4,14.85
fold2_room1_mix0732,55,4,0,11,0,32.60
fold2_room1_mix0732,56,3,0,-128,-5,9.76
fold2_room1_mix0732,56,4,0,120,-3,14.51
fold2_room1_mix0732,56,4,0,97,-4,14.48
fold2_room1_mix0732,56,4,0,15,-1,28.05
fold2_room1_mix0732,57,3,0,-128,-5,9.01
fold2_room1_mix0732,57,4,0,126,-2,13.89
fold2_room1_mix0732,57,4,0,92,-4,13.45
fold2_room1_mix0732,57,4,0,12,0,28.11
fold2_room1_mix0732,58,3,0,-128,-5,9.15
fold2_room1_mix0732,58,4,0,124,-2,13.29
fold2_room1_mix0732,58,4,0,93,-5,13.15
fold2_room1_mix0732,58,4,0,12,-1,25.73
fold2_room1_mix0732,59,3,0,-131,-5,9.55
fold2_room1_mix0732,59,4,0,125,-2,12.57
fold2_room1_mix0732,59,4,0,87,-5,12.26
fold2_room1_mix0732,59,4,0,14,-1,20.45
fold2_room1_mix0732,60,3,0,-132,-5,9.76
fold2_room1_mix0732,60,4,0,122,-3,13.29
fold2_room1_mix0732,60,4,0,78,-5,12.34
fold2_room1_mix0732,60,4,0,14,-2,21.23
fold2_room1_mix0732,61,3,0,-130,-5,8.78
fold2_room1_mix0732,61,4,0,118,-3,13.04
fold2_room1_mix0732,61,4,0,74,-6,12.03
fold2_room1_mix0732,61,4,0,13,-2,19.57
fold2_room1_mix0732,62,3,0,-136,-4,12.14
fold2_room1_mix0732,62,4,0,115,-3,12.71
fold2_room1_mix0732,62,4,0,86,-5,12.06
fold2_room1_mix0732,62,4,0,14,-2,17.95
fold2_room1_mix0732,63,3,0,-136,-4,9.10
fold2_room1_mix0732,63,4,0,102,-4,15.03
fold2_room1_mix0732,63,4,0,62,-4,14.60
fold2_room1_mix0732,63,4,0,12,-2,20.12
fold2_room1_mix0732,64,4,0,98,-3,17.53
fold2_room1_mix0732,64,4,0,68,-3,15.25
fold2_room1_mix0732,64,4,0,10,0,21.97
fold2_room1_mix0732,65,4,0,92,-2,17.87
fold2_room1_mix0732,65,4,0,64,-3,15.12
fold2_room1_mix0732,65,4,0,10,-1,21.08
fold2_room1_mix0732,66,4,0,91,-3,18.68
fold2_room1_mix0732,66,4,0,53,-3,15.57
fold2_room1_mix0732,66,4,0,9,-1,20.63
fold2_room1_mix0732,67,4,0,90,-3,17.96
fold2_room1_mix0732,67,4,0,62,-3,14.48
fold2_room1_mix0732,67,4,0,6,-1,19.44
fold2_room1_mix0732,68,3,0,-147,-4,8.71
fold2_room1_mix0732,68,4,0,88,-3,18.52
fold2_room1_mix0732,68,4,0,49,-2,16.46
fold2_room1_mix0732,68,4,0,9,0,20.61
fold2_room1_mix0732,69,3,0,-143,-4,14.45
fold2_room1_mix0732,69,4,0,80,-2,17.65
fold2_room1_mix0732,69,4,0,52,-2,16.94
fold2_room1_mix0732,69,4,0,5,-1,19.71
fold2_room1_mix0732,70,3,0,-142,-4,14.09
fold2_room1_mix0732,70,4,0,81,-2,18.27
fold2_room1_mix0732,70,4,0,55,-2,18.14
fold2_room1_mix0732,70,4,0,4,-1,19.77
fold2_room1_mix0732,71,3,0,-146,-4,14.26
fold2_room1_mix0732,71,4,0,77,-2,14.99
fold2_room1_mix0732,71,4,0,44,-2,15.08
fold2_room1_mix0732,71,4,0,3,-1,14.61
fold2_room1_mix0732,72,3,0,-145,-4,14.02
fold2_room1_mix0732,72,4,0,79,-2,16.24
fold2_room1_mix0732,72,4,0,50,-2,16.04
fold2_room1_mix0732,72,4,0,2,-1,16.80
fold2_room1_mix0732,73,3,0,-147,-4,15.06
fold2_room1_mix0732,73,4,0,78,-2,14.55
fold2_room1_mix0732,73,4,0,52,-2,14.54
fold2_room1_mix0732,73,4,0,0,-1,14.78
fold2_room1_mix0732,74,3,0,-148,-4,15.19
fold2_room1_mix0732,74,4,0,73,-2,14.88
fold2_room1_mix0732,74,4,0,41,-1,15.55
fold2_room1_mix0732,74,4,0,0,-1,13.87
fold2_room1_mix0732,75,3,0,-143,-4,12.51
fold2_room1_mix0732,75,4,0,76,-3,15.21
fold2_room1_mix0732,75,4,0,47,-3,15.18
fold2_room1_mix0732,75,4,0,-1,-2,14.19
fold2_room1_mix0732,76,3,0,-148,-4,4.73
fold2_room1_mix0732,76,4,0,68,-1,16.27
fold2_room1_mix0732,76,4,0,31,-2,12.92
fold2_room1_mix0732,76,4,0,0,-2,12.39
fold2_room1_mix0732,77,4,0,73,-1,17.21
fold2_room1_mix0732,77,4,0,30,-3,12.60
fold2_room1_mix0732,77,4,0,-5,-3,11.57
fold2_room1_mix0732,78,4,0,79,-1,17.96
fold2_room1_mix0732,78,4,0,26,-3,11.11
fold2_room1_mix0732,78,4,0,0,-4,10.15
fold2_room1_mix0732,79,4,0,75,-1,17.90
fold2_room1_mix0732,79,4,0,25,-4,10.86
fold2_room1_mix0732,79,4,0,-2,-5,9.37
fold2_room1_mix0732,80,4,0,81,-1,16.14
fold2_room1_mix0732,80,4,0,24,-3,9.31
fold2_room1_mix0732,80,4,0,-2,-5,7.62
fold2_room1_mix0732,81,4,0,82,-1,16.43
fold2_room1_mix0732,81,4,0,7,-5,7.39
fold2_room1_mix0732,82,3,0,-164,-4,6.70
fold2_room1_mix0732,82,4,0,88,-1,16.38
fold2_room1_mix0732,82,4,0,21,-4,8.60
fold2_room1_mix0732,82,4,0,-4,-6,7.08
fold2_room1_mix0732,83,4,0,92,0,16.31
fold2_room1_mix0732,83,4,0,39,-1,10.25
fold2_room1_mix0732,83,4,0,-15,-7,5.12
fold2_room1_mix0732,84,3,0,-148,-4,12.22
fold2_room1_mix0732,84,4,0,89,-1,17.39
fold2_room1_mix0732,84,4,0,-4,-9,5.35
fold2_room1_mix0732,85,3,0,-154,-3,14.48
fold2_room1_mix0732,85,4,0,92,-1,16.71
fold2_room1_mix0732,85,4,0,-23,-12,4.14
fold2_room1_mix0732,85,4,0,-7,-9,4.87
fold2_room1_mix0732,86,3,0,-154,-3,13.52
fold2_room1_mix0732,86,4,0,94,0,16.31
fold2_room1_mix0732,86,4,0,-19,-12,3.89
fold2_room1_mix0732,87,3,0,-155,-3,14.10
fold2_room1_mix0732,87,4,0,97,0,20.72
fold2_room1_mix0732,87,4,0,-48,-19,2.55
fold2_room1_mix0732,87,4,0,-22,-13,3.51
fold2_room1_mix0732,88,3,0,-152,-4,16.20
fold2_room1_mix0732,88,4,0,104,-3,10.46
fold2_room1_mix0732,88,4,0,-71,-18,2.04
fold2_room1_mix0732,89,3,0,-149,-4,11.59
fold2_room1_mix0732,89,4,0,-126,-11,3.97
fold2_room1_mix0732,89,4,0,99,5,15.91
fold2_room1_mix0732,90,3,0,-157,-3,6.45
fold2_room1_mix0732,90,4,0,-147,-9,2.70
fold2_room1_mix0732,90,4,0,109,5,15.49
fold2_room1_mix0732,91,4,0,-151,-8,1.99
fold2_room1_mix0732,91,4,0,142,-4,3.52
fold2_room1_mix0732,91,4,0,105,4,12.10
fold2_room1_mix0732,92,3,0,-154,-3,3.47
fold2_room1_mix0732,92,4,0,-159,-4,2.99
fold2_room1_mix0732,92,4,0,160,-2,4.29
fold2_room1_mix0732,92,4,0,100,5,14.05
fold2_room1_mix0732,93,4,0,-153,-4,2.52
fold2_room1_mix0732,93,4,0,78,4,13.42
fold2_room1_mix0732,94,4,0,-155,-4,2.75
fold2_room1_mix0732,94,4,0,98,4,14.18
fold2_room1_mix0732,95,3,0,-159,-3,4.06
fold2_room1_mix0732,95,4,0,-151,-2,3.75
fold2_room1_mix0732,95,4,0,102,5,13.99
fold2_room1_mix0732,95,4,0,85,2,15.65
fold2_room1_mix0732,96,4,0,-151,-2,4.77
fold2_room1_mix0732,96,4,0,110,4,14.29
fold2_room1_mix0732,96,4,0,82,3,17.24
fold2_room1_mix0732,97,4,0,-162,-1,6.94
fold2_room1_mix0732,97,4,0,113,3,15.70
fold2_room1_mix0732,97,4,0,81,2,18.94
fold2_room1_mix0732,98,4,0,-157,-2,6.40
fold2_room1_mix0732,98,4,0,111,2,15.77
fold2_room1_mix0732,98,4,0,68,1,17.76
fold2_room1_mix0732,99,4,0,-160,-1,7.75
fold2_room1_mix0732,99,4,0,115,2,15.58
fold2_room1_mix0732,99,4,0,67,0,17.25
fold2_room1_mix0733,14,0,0,-165,-1,2.67
fold2_room1_mix0733,15,0,0,-164,-1,5.33
fold2_room1_mix0733,16,0,0,-160,-2,9.85
fold2_room1_mix0733,17,0,0,-160,-2,14.77
fold2_room1_mix0733,18,0,0,-160,-1,16.37
fold2_room1_mix0733,19,0,0,-156,-2,17.01
fold2_room1_mix0733,20,0,0,-156,-2,18.25
fold2_room1_mix0733,21,0,0,-156,-2,18.29
fold2_room1_mix0733,22,0,0,-156,-2,19.13
fold2_room1_mix0733,23,0,0,-157,-2,18.12
fold2_room1_mix0733,24,0,0,-159,-2,19.23
fold2_room1_mix0733,25,0,0,-153,-2,19.38
fold2_room1_mix0733,26,0,0,-158,-2,18.19
fold2_room1_mix0733,27,0,0,-156,-2,17.10
fold2_room1_mix0733,28,0,0,-155,-2,17.92
fold2_room1_mix0733,29,0,0,-158,-2,17.56
fold2_room1_mix0733,30,0,0,-156,-2,16.22
fold2_room1_mix0733,31,0,0,-156,-2,16.09
fold2_room1_mix0733,32,0,0,-154,-2,16.32
fold2_room1_mix0733,33,0,0,-153,-2,17.26
fold2_room1_mix0733,34,0,0,-154,-2,16.93
fold2_room1_mix0733,35,0,0,-155,-2,18.12
fold2_room1_mix0733,36,0,0,-154,-2,18.57
fold2_room1_mix0733,37,0,0,-150,-2,16.98
fold2_room1_mix0733,38,0,0,-153,-2,17.38
fold2_room1_mix0733,39,0,0,-150,-3,16.40
fold2_room1_mix0733,40,0,0,-151,-3,16.81
fold2_room1_mix0733,41,0,0,-149,-3,15.83
fold2_room1_mix0733,42,0,0,-147,-3,16.23
fold2_room1_mix0733,43,0,0,-146,-3,15.48
fold2_room1_mix0733,44,0,0,-142,-3,15.43
fold2_room1_mix0733,45,0,0,-145,-3,16.51
fold2_room1_mix0733,46,0,0,-142,-3,16.35
fold2_room1_mix0733,47,0,0,-140,-3,15.29
fold2_room1_mix0733,47,4,0,178,-2,4.51
fold2_room1_mix0733,48,0,0,-132,-4,14.29
fold2_room1_mix0733,48,4,0,-177,-3,9.20
fold2_room1_mix0733,49,0,0,-131,-4,14.17
fold2_room1_mix0733,49,4,0,-178,-3,9.75
fold2_room1_mix0733,50,0,0,-132,-4,13.14
fold2_room1_mix0733,50,4,0,-179,-3,14.05
fold2_room1_mix0733,51,0,0,-131,-4,13.77
fold2_room1_mix0733,51,4,0,-177,-4,13.33
fold2_room1_mix0733,52,0,0,-126,-4,13.03
fold2_room1_mix0733,52,4,0,-175,-4,12.56
fold2_room1_mix0733,53,0,0,-124,-4,12.49
fold2_room1_mix0733,53,4,0,-177,-4,11.48
fold2_room1_mix0733,54,0,0,-117,-5,11.77
fold2_room1_mix0733,54,4,0,-178,-4,11.61
fold2_room1_mix0733,55,0,0,-108,-5,11.44
fold2_room1_mix0733,55,4,0,-176,-5,9.74
fold2_room1_mix0733,56,0,0,-103,-6,10.89
fold2_room1_mix0733,56,4,0,-175,-5,9.16
fold2_room1_mix0733,57,0,0,-100,-6,10.48
fold2_room1_mix0733,57,4,0,-171,-6,7.16
fold2_room1_mix0733,58,0,0,-92,-6,10.58
fold2_room1_mix0733,58,4,0,-169,-7,5.91
fold2_room1_mix0733,59,0,0,-89,-6,9.37
fold2_room1_mix0733,59,4,0,-171,-9,4.56
fold2_room1_mix0733,60,0,0,-83,-6,9.72
fold2_room1_mix0733,60,4,0,-163,-11,3.77
fold2_room1_mix0733,61,0,0,-77,-6,9.34
fold2_room1_mix0733,61,4,0,-158,-15,3.25
fold2_room1_mix0733,62,0,0,-78,-7,9.48
fold2_room1_mix0733,62,4,0,-136,-25,2.48
fold2_room1_mix0733,63,0,0,-75,-6,9.43
fold2_room1_mix0733,63,4,0,-89,-39,2.48
fold2_room1_mix0733,63,4,0,-53,-36,2.33
fold2_room1_mix0733,64,0,0,-74,-5,9.65
fold2_room1_mix0733,64,4,0,-27,-19,2.36
fold2_room1_mix0733,65,0,0,-72,-5,10.27
fold2_room1_mix0733,65,4,0,-18,-13,3.35
fold2_room1_mix0733,66,0,0,-65,-4,11.67
fold2_room1_mix0733,66,4,0,-16,-10,4.88
fold2_room1_mix0733,67,0,0,-77,-4,9.97
fold2_room1_mix0733,67,2,0,-112,-4,6.36
fold2_room1_mix0733,67,4,0,-13,-8,5.30
fold2_room1_mix0733,68,0,0,-69,-4,10.88
fold2_room1_mix0733,68,2,0,-104,-4,3.37
fold2_room1_mix0733,68,4,0,-11,-7,6.13
fold2_room1_mix0733,69,0,0,-61,-3,12.52
fold2_room1_mix0733,69,4,0,-12,-5,7.42
fold2_room1_mix0733,70,4,0,-32,-5,8.66
fold2_room1_mix0733,70,4,0,-9,-5,8.75
fold2_room1_mix0733,71,4,0,-34,-5,9.68
fold2_room1_mix0733,71,4,0,-9,-4,9.59
fold2_room1_mix0733,72,4,0,-33,-5,10.11
fold2_room1_mix0733,72,4,0,-7,-4,10.67
fold2_room1_mix0733,73,4,0,-41,-5,9.99
fold2_room1_mix0733,73,4,0,-9,-4,10.56
fold2_room1_mix0733,74,4,0,-58,-5,10.63
fold2_room1_mix0733,74,4,0,-8,-3,11.55
fold2_room1_mix0733,75,2,0,-108,-4,5.87
fold2_room1_mix0733,75,4,0,-62,-5,12.38
fold2_room1_mix0733,75,4,0,-14,-4,13.19
fold2_room1_mix0733,76,2,0,-114,-4,7.35
fold2_room1_mix0733,76,4,0,-61,-5,11.36
fold2_room1_mix0733,76,4,0,-8,-2,13.83
fold2_room1_mix0733,77,2,0,-117,-4,8.30
fold2_room1_mix0733,77,4,0,-55,-6,10.74
fold2_room1_mix0733,77,4,0,-11,-3,14.01
fold2_room1_mix0733,78,2,0,-119,-4,8.76
fold2_room1_mix0733,78,4,0,-57,-5,11.22
fold2_room1_mix0733,78,4,0,-36,-3,13.47
fold2_room1_mix0733,79,2,0,-114,-4,8.49
fold2_room1_mix0733,79,4,0,-68,-4,12.02
fold2_room1_mix0733,79,4,0,-47,-2,14.91
fold2_room1_mix0733,80,2,0,-117,-4,6.88
fold2_room1_mix0733,80,4,0,-81,-3,10.60
fold2_room1_mix0733,80,4,0,-63,-3,11.77
fold2_room1_mix0733,81,4,0,-94,-4,10.52
fold2_room1_mix0733,82,4,0,-104,-4,10.89
fold2_room1_mix0733,82,4,0,-81,-4,13.22
fold2_room1_mix0733,83,4,0,-110,-3,10.83
fold2_room1_mix0733,83,4,0,-95,-4,12.20
fold2_room1_mix0733,84,4,0,-118,-4,9.73
fold2_room1_mix0733,85,4,0,-118,-3,9.05
fold2_room1_mix0733,86,4,0,-120,-3,10.93
fold2_room1_mix0733,87,4,0,-123,-2,10.90
fold2_room1_mix0733,90,4,0,-130,-1,3.97
fold2_room1_mix0733,91,4,0,-134,-1,7.30
fold2_room1_mix0734,3,4,0,-171,2,0.84
fold2_room1_mix0734,4,4,0,-166,0,10.41
fold2_room1_mix0734,4,4,0,-2,0,16.10
fold2_room1_mix0734,5,4,0,-166,0,11.82
fold2_room1_mix0734,5,4,0,0,0,16.47
fold2_room1_mix0734,6,4,0,-166,0,12.76
fold2_room1_mix0734,6,4,0,0,0,17.99
fold2_room1_mix0734,7,4,0,-162,-1,19.41
fold2_room1_mix0734,7,4,0,0,0,32.82
fold2_room1_mix0734,8,4,0,-162,-1,19.70
fold2_room1_mix0734,8,4,0,1,-1,33.18
fold2_room1_mix0734,9,4,0,-162,-1,19.52
fold2_room1_mix0734,9,4,0,2,0,32.83
fold2_room1_mix0734,10,4,0,-158,-2,19.14
fold2_room1_mix0734,10,4,0,1,0,33.15
fold2_room1_mix0734,11,4,0,-158,-2,18.11
fold2_room1_mix0734,11,4,0,2,0,34.29
fold2_room1_mix0734,12,4,0,-160,-2,18.54
fold2_room1_mix0734,12,4,0,4,0,33.39
fold2_room1_mix0734,13,4,0,-159,-2,17.39
fold2_room1_mix0734,13,4,0,4,0,32.32
fold2_room1_mix0734,14,4,0,-156,-2,17.60
fold2_room1_mix0734,14,4,0,3,0,34.61
fold2_room1_mix0734,15,4,0,-158,-2,18.85
fold2_room1_mix0734,15,4,0,3,0,34.98
fold2_room1_mix0734,16,4,0,-155,-2,16.55
fold2_room1_mix0734,16,4,0,3,0,33.17
fold2_room1_mix0734,17,4,0,-155,-2,17.63
fold2_room1_mix0734,17,4,0,1,0,37.75
fold2_room1_mix0734,18,4,0,-155,-2,18.03
fold2_room1_mix0734,18,4,0,2,0,38.90
fold2_room1_mix0734,19,4,0,-156,-2,17.25
fold2_room1_mix0734,19,4,0,2,0,35.90
fold2_room1_mix0734,20,4,0,-152,-2,17.98
fold2_room1_mix0734,20,4,0,1,0,40.26
fold2_room1_mix0734,21,4,0,-153,-2,18.72
fold2_room1_mix0734,21,4,0,0,0,41.96
fold2_room1_mix0734,22,4,0,-153,-2,18.56
fold2_room1_mix0734,22,4,0,1,0,39.43
fold2_room1_mix0734,23,4,0,-151,-2,18.38
fold2_room1_mix0734,23,4,0,-1,0,41.43
fold2_room1_mix0734,24,4,0,-150,-1,18.03
fold2_room1_mix0734,24,4,0,0,0,39.46
fold2_room1_mix0734,25,4,0,-150,-1,17.53
fold2_room1_mix0734,25,4,0,0,0,38.23
fold2_room1_mix0734,26,4,0,-149,-1,16.69
fold2_room1_mix0734,26,4,0,0,0,38.08
fold2_room1_mix0734,27,4,0,-149,-1,16.75
fold2_room1_mix0734,27,4,0,0,0,36.27
fold2_room1_mix0734,28,4,0,-148,-1,17.00
fold2_room1_mix0734,28,4,0,1,0,37.89
fold2_room1_mix0734,29,4,0,-149,-1,16.65
fold2_room1_mix0734,29,4,0,1,0,35.23
fold2_room1_mix0734,30,4,0,-146,-1,16.58
fold2_room1_mix0734,30,4,0,0,0,36.61
fold2_room1_mix0734,31,4,0,-147,-1,17.90
fold2_room1_mix0734,31,4,0,1,0,36.06
fold2_room1_mix0734,32,4,0,-147,-1,15.25
fold2_room1_mix0734,32,4,0,2,0,33.03
fold2_room1_mix0734,33,4,0,-144,-1,14.78
fold2_room1_mix0734,33,4,0,1,0,33.75
fold2_room1_mix0734,34,4,0,-146,-1,14.47
fold2_room1_mix0734,34,4,0,3,0,31.32
fold2_room1_mix0734,35,4,0,-145,0,14.23
fold2_room1_mix0734,35,4,0,0,1,30.63
fold2_room1_mix0734,36,4,0,-143,-1,15.19
fold2_room1_mix0734,36,4,0,0,0,35.52
fold2_room1_mix0734,37,4,0,-142,-1,13.79
fold2_room1_mix0734,37,4,0,-1,0,35.10
fold2_room1_mix0734,38,4,0,-142,-1,14.25
fold2_room1_mix0734,38,4,0,-2,0,33.88
fold2_room1_mix0734,39,4,0,-138,-1,15.92
fold2_room1_mix0734,39,4,0,-3,0,38.03
fold2_room1_mix0734,40,4,0,-139,-1,12.64
fold2_room1_mix0734,40,4,0,-4,0,30.75
fold2_room1_mix0734,41,4,0,-142,0,12.54
fold2_room1_mix0734,41,4,0,0,0,29.48
fold2_room1_mix0734,42,4,0,-138,-1,11.68
fold2_room1_mix0734,42,4,0,-8,0,27.30
fold2_room1_mix0734,43,4,0,-138,-1,13.05
fold2_room1_mix0734,43,4,0,-106,-2,15.98
fold2_room1_mix0734,43,4,0,-8,0,34.12
fold2_room1_mix0734,44,4,0,-137,-1,13.46
fold2_room1_mix0734,44,4,0,-100,-3,16.08
fold2_room1_mix0734,44,4,0,-5,0,31.73
fold2_room1_mix0734,45,4,0,-138,-1,11.69
fold2_room1_mix0734,45,4,0,-5,0,25.41
fold2_room1_mix0734,46,4,0,-136,-1,11.76
fold2_room1_mix0734,46,4,0,-6,0,24.73
fold2_room1_mix0734,47,4,0,-135,-1,13.13
fold2_room1_mix0734,47,4,0,-117,-3,12.16
fold2_room1_mix0734,47,4,0,-5,0,30.43
fold2_room1_mix0734,48,4,0,-130,-2,11.23
fold2_room1_mix0734,48,4,0,-4,0,27.22
fold2_room1_mix0734,49,4,0,-134,-2,11.71
fold2_room1_mix0734,49,4,0,-106,-4,12.43
fold2_room1_mix0734,49,4,0,-5,0,26.54
fold2_room1_mix0734,50,4,0,-132,-2,10.74
fold2_room1_mix0734,50,4,0,-39,-3,15.38
fold2_room1_mix0734,50,4,0,-3,0,24.42
fold2_room1_mix0734,51,4,0,-135,-2,10.92
fold2_room1_mix0734,51,4,0,-114,-4,10.23
fold2_room1_mix0734,51,4,0,-5,0,22.69
fold2_room1_mix0734,52,4,0,-131,-2,9.64
fold2_room1_mix0734,52,4,0,-2,-1,18.71
fold2_room1_mix0734,53,4,0,-131,-2,9.46
fold2_room1_mix0734,53,4,0,0,-1,17.88
fold2_room1_mix0734,54,4,0,-131,-2,9.35
fold2_room1_mix0734,54,4,0,1,-1,16.66
fold2_room1_mix0734,55,4,0,-128,-2,9.95
fold2_room1_mix0734,55,4,0,-7,-1,16.81
fold2_room1_mix0734,56,4,0,-128,-2,9.65
fold2_room1_mix0734,56,4,0,-9,-1,16.52
fold2_room1_mix0734,57,1,0,35,-2,25.64
fold2_room1_mix0734,57,4,0,-118,-5,8.19
fold2_room1_mix0734,57,4,0,-3,-2,15.12
fold2_room1_mix0734,58,1,0,31,-2,27.53
fold2_room1_mix0734,58,4,0,-132,-2,10.89
fold2_room1_mix0734,58,4,0,-106,-10,7.24
fold2_room1_mix0734,58,4,0,0,-2,15.84
fold2_room1_mix0734,59,1,0,39,-2,24.28
fold2_room1_mix0734,59,4,0,-127,-1,10.02
fold2_room1_mix0734,59,4,0,-59,-6,9.18
fold2_room1_mix0734,59,4,0,-4,-2,14.73
fold2_room1_mix0734,60,1,0,43,-2,13.39
fold2_room1_mix0734,60,4,0,-123,-3,9.11
fold2_room1_mix0734,60,4,0,-75,-6,8.64
fold2_room1_mix0734,60,4,0,-9,-2,17.02
fold2_room1_mix0734,61,1,0,34,-2,22.95
fold2_room1_mix0734,61,4,0,-123,-3,10.05
fold2_room1_mix0734,61,4,0,-101,-9,5.86
fold2_room1_mix0734,61,4,0,1,-3,14.75
fold2_room1_mix0734,62,1,0,29,-2,23.83
fold2_room1_mix0734,62,4,0,-131,-2,11.68
fold2_room1_mix0734,62,4,0,-109,-8,6.93
fold2_room1_mix0734,62,4,0,0,-3,15.12
fold2_room1_mix0734,63,1,0,27,-1,28.26
fold2_room1_mix0734,63,4,0,-125,-2,12.42
fold2_room1_mix0734,63,4,0,-95,-9,7.08
fold2_room1_mix0734,63,4,0,-4,-3,15.73
fold2_room1_mix0734,64,1,0,33,-2,19.42
fold2_room1_mix0734,64,4,0,-120,-4,11.54
fold2_room1_mix0734,64,4,0,-92,-9,6.75
fold2_room1_mix0734,64,4,0,-7,-4,15.67
fold2_room1_mix0734,65,4,0,-113,-5,9.90
fold2_room1_mix0734,65,4,0,-98,-9,6.71
fold2_room1_mix0734,65,4,0,4,-5,12.76
fold2_room1_mix0734,66,1,0,27,-2,22.47
fold2_room1_mix0734,66,4,0,-104,-5,9.46
fold2_room1_mix0734,66,4,0,-86,-10,5.15
fold2_room1_mix0734,66,4,0,3,-4,13.46
fold2_room1_mix0734,67,1,0,24,-2,18.87
fold2_room1_mix0734,67,4,0,-112,-3,12.50
fold2_room1_mix0734,67,4,0,-83,-9,6.01
fold2_room1_mix0734,67,4,0,-5,-6,11.37
fold2_room1_mix0734,68,1,0,24,-2,26.87
fold2_room1_mix0734,68,4,0,-84,-8,8.92
fold2_room1_mix0734,68,4,0,0,-5,14.28
fold2_room1_mix0734,69,1,0,27,-2,20.76
fold2_room1_mix0734,69,4,0,-157,-8,13.10
fold2_room1_mix0734,69,4,0,-78,-8,8.24
fold2_room1_mix0734,69,4,0,-4,-6,13.36
fold2_room1_mix0734,70,4,0,-166,-12,7.54
fold2_room1_mix0734,70,4,0,-103,-11,5.64
fold2_room1_mix0734,70,4,0,-50,-7,12.23
fold2_room1_mix0734,71,1,0,27,-2,25.58
fold2_room1_mix0734,71,4,0,-133,-12,9.17
fold2_room1_mix0734,71,4,0,-88,-8,7.55
fold2_room1_mix0734,71,4,0,-11,-4,17.36
fold2_room1_mix0734,72,1,0,15,-2,23.35
fold2_room1_mix0734,72,4,0,156,-11,6.33
fold2_room1_mix0734,72,4,0,-77,-7,6.95
fold2_room1_mix0734,72,4,0,-27,-6,10.25
fold2_room1_mix0734,73,1,0,15,-2,31.43
fold2_room1_mix0734,73,4,0,174,-8,9.70
fold2_room1_mix0734,73,4,0,-85,-8,7.35
fold2_room1_mix0734,73,4,0,-43,-6,10.69
fold2_room1_mix0734,74,1,0,13,-2,20.07
fold2_room1_mix0734,74,4,0,177,-6,11.00
fold2_room1_mix0734,74,4,0,-79,-6,8.40
fold2_room1_mix0734,74,4,0,-16,-6,10.82
fold2_room1_mix0734,75,4,0,176,-7,9.73
fold2_room1_mix0734,75,4,0,-90,-6,8.81
fold2_room1_mix0734,75,4,0,-46,-5,11.28
fold2_room1_mix0734,76,1,0,21,-2,27.69
fold2_room1_mix0734,76,4,0,-175,-6,10.19
fold2_room1_mix0734,76,4,0,-91,-6,7.91
fold2_room1_mix0734,76,4,0,-40,-5,11.00
fold2_room1_mix0734,77,1,0,10,-2,23.14
fold2_room1_mix0734,77,4,0,159,-5,9.68
fold2_room1_mix0734,77,4,0,-80,-5,7.20
fold2_room1_mix0734,77,4,0,-25,-7,8.42
fold2_room1_mix0734,78,1,0,10,-2,26.99
fold2_room1_mix0734,78,4,0,176,-7,8.61
fold2_room1_mix0734,78,4,0,-92,-7,7.27
fold2_room1_mix0734,78,4,0,-37,-5,9.95
fold2_room1_mix0734,79,1,0,9,-2,29.68
fold2_room1_mix0734,79,4,0,-178,-6,10.88
fold2_room1_mix0734,79,4,0,-85,-5,8.32
fold2_room1_mix0734,79,4,0,-22,-5,9.91
fold2_room1_mix0734,80,4,0,173,-5,13.45
fold2_room1_mix0734,80,4,0,-87,-6,9.41
fold2_room1_mix0734,80,4,0,-46,-6,11.59
fold2_room1_mix0734,81,1,0,18,-2,20.73
fold2_room1_mix0734,81,4,0,170,-4,13.16
fold2_room1_mix0734,81,4,0,-94,-6,8.64
fold2_room1_mix0734,81,4,0,-42,-5,11.78
fold2_room1_mix0734,82,1,0,13,-2,20.71
fold2_room1_mix0734,82,4,0,161,-6,12.68
fold2_room1_mix0734,82,4,0,-76,-4,9.15
fold2_room1_mix0734,82,4,0,-22,-5,13.23
fold2_room1_mix0734,83,1,0,16,-2,23.76
fold2_room1_mix0734,83,4,0,173,-5,13.97
fold2_room1_mix0734,83,4,0,-82,-5,9.31
fold2_room1_mix0734,83,4,0,-49,-5,11.35
fold2_room1_mix0734,84,1,0,8,-2,26.08
fold2_room1_mix0734,84,4,0,173,-2,16.29
fold2_room1_mix0734,84,4,0,-79,-4,8.83
fold2_room1_mix0734,84,4,0,-25,-5,10.85
fold2_room1_mix0734,85,4,0,-169,-3,17.03
fold2_room1_mix0734,85,4,0,-73,-6,8.60
fold2_room1_mix0734,85,4,0,-30,-5,13.07
fold2_room1_mix0734,86,1,0,20,-2,11.09
fold2_room1_mix0734,86,4,0,-172,-2,17.96
fold2_room1_mix0734,86,4,0,-73,-6,8.82
fold2_room1_mix0734,86,4,0,-24,-3,14.87
fold2_room1_mix0734,87,1,0,17,-2,17.39
fold2_room1_mix0734,87,4,0,-179,0,20.16
fold2_room1_mix0734,87,4,0,-75,-3,10.16
fold2_room1_mix0734,87,4,0,-33,-4,13.71
fold2_room1_mix0734,88,1,0,16,-2,21.91
fold2_room1_mix0734,88,4,0,-176,-1,17.65
fold2_room1_mix0734,88,4,0,-78,-4,9.78
fold2_room1_mix0734,88,4,0,-34,-4,12.09
fold2_room1_mix0734,89,1,0,18,-2,27.94
fold2_room1_mix0734,89,4,0,-175,-1,18.93
fold2_room1_mix0734,89,4,0,-74,-4,9.08
fold2_room1_mix0734,89,4,0,-17,-4,12.81
fold2_room1_mix0734,90,4,0,-177,-1,23.36
fold2_room1_mix0734,90,4,0,-73,-4,10.51
fold2_room1_mix0734,90,4,0,-22,-4,16.27
fold2_room1_mix0734,91,4,0,-163,-2,23.72
fold2_room1_mix0734,91,4,0,-67,-5,12.07
fold2_room1_mix0734,91,4,0,-14,-3,22.32
fold2_room1_mix0734,92,1,0,14,-1,6.31
fold2_room1_mix0734,92,4,0,-178,0,24.36
fold2_room1_mix0734,92,4,0,-67,-2,12.74
fold2_room1_mix0734,92,4,0,-11,-1,17.80
fold2_room1_mix0734,93,1,0,12,-2,18.93
fold2_room1_mix0734,93,4,0,178,0,23.92
fold2_room1_mix0734,93,4,0,-63,-2,13.37
fold2_room1_mix0734,93,4,0,-12,-1,18.74
fold2_room1_mix0734,94,1,0,14,0,6.42
fold2_room1_mix0734,94,4,0,-175,0,28.02
fold2_room1_mix0734,94,4,0,-61,-1,15.82
fold2_room1_mix0734,94,4,0,-7,-1,23.34
fold2_room1_mix0734,95,4,0,-165,0,28.16
fold2_room1_mix0734,95,4,0,-57,-3,14.44
fold2_room1_mix0734,95,4,0,-26,-3,19.08
fold2_room1_mix0734,96,4,0,-169,-1,28.15
fold2_room1_mix0734,96,4,0,-62,-4,14.87
fold2_room1_mix0734,96,4,0,-31,-3,17.93
fold2_room1_mix0734,97,1,0,14,0,4.30
fold2_room1_mix0734,97,4,0,175,0,31.16
fold2_room1_mix0734,97,4,0,-64,-3,14.91
fold2_room1_mix0734,97,4,0,-20,-2,19.75
fold2_room1_mix0734,98,4,0,-169,-1,25.81
fold2_room1_mix0734,98,4,0,-55,-4,13.33
fold2_room1_mix0734,98,4,0,-25,-3,18.75
fold2_room1_mix0734,99,4,0,-171,0,27.48
fold2_room1_mix0734,99,4,0,-54,-3,13.79
fold2_room1_mix0734,99,4,0,-30,-2,18.55
fold2_room1_mix0735,25,4,0,-172,0,3.76
fold2_room1_mix0735,32,4,0,-175,0,6.66
fold2_room1_mix0735,33,4,0,-168,0,3.59
fold2_room1_mix0735,34,4,0,-174,1,2.72
fold2_room1_mix0735,35,4,0,-173,0,2.69
fold2_room1_mix0735,36,4,0,-169,0,12.99
fold2_room1_mix0735,37,4,0,-169,0,10.36
fold2_room1_mix0735,38,4,0,-166,0,19.11
fold2_room1_mix0735,39,4,0,-168,0,16.65
fold2_room1_mix0735,40,4,0,-168,0,20.43
fold2_room1_mix0735,41,4,0,-165,0,18.95
fold2_room1_mix0735,42,4,0,-164,-1,17.31
fold2_room1_mix0735,43,4,0,-167,0,18.98
fold2_room1_mix0735,44,4,0,-164,0,19.05
fold2_room1_mix0735,45,4,0,-163,0,19.20
fold2_room1_mix0735,46,4,0,-162,0,19.30
fold2_room1_mix0735,47,4,0,-160,-1,18.16
fold2_room1_mix0735,48,4,0,-160,0,17.99
fold2_room1_mix0735,49,4,0,-158,0,16.84
fold2_room1_mix0735,50,4,0,-155,-1,16.54
fold2_room1_mix0735,51,4,0,-155,-1,15.67
fold2_room1_mix0735,52,4,0,-153,-1,14.98
fold2_room1_mix0735,53,4,0,-151,-1,15.50
fold2_room1_mix0735,54,4,0,-150,-1,13.58
fold2_room1_mix0735,55,4,0,-148,-1,13.52
fold2_room1_mix0735,56,4,0,-147,-1,14.15
fold2_room1_mix0735,57,4,0,-143,-2,12.27
fold2_room1_mix0735,58,4,0,-141,-2,12.20
fold2_room1_mix0735,59,4,0,-141,-2,12.00
fold2_room1_mix0735,60,4,0,-139,-3,11.17
fold2_room1_mix0735,61,4,0,-137,-3,10.09
fold2_room1_mix0735,62,4,0,-134,-3,10.03
fold2_room1_mix0735,63,4,0,-132,-3,8.98
fold2_room1_mix0735,64,4,0,-129,-3,8.52
fold2_room1_mix0735,65,4,0,-126,-4,7.97
fold2_room1_mix0735,66,4,0,-122,-4,7.76
fold2_room1_mix0735,67,4,0,-119,-5,7.48
fold2_room1_mix0735,68,4,0,-118,-5,6.93
fold2_room1_mix0735,69,4,0,-111,-6,7.30
fold2_room1_mix0735,70,4,0,-107,-6,6.84
fold2_room1_mix0735,71,4,0,-101,-6,7.09
fold2_room1_mix0735,72,4,0,-95,-5,7.86
fold2_room1_mix0735,73,4,0,-90,-6,7.41
fold2_room1_mix0735,74,4,0,-86,-6,7.42
fold2_room1_mix0735,75,4,0,-80,-5,8.06
fold2_room1_mix0735,76,4,0,-74,-6,7.87
fold2_room1_mix0735,77,4,0,-68,-5,8.02
fold2_room1_mix0735,78,4,0,-64,-5,8.03
fold2_room1_mix0735,79,4,0,-60,-5,8.34
fold2_room1_mix0735,80,4,0,-57,-4,8.49
fold2_room1_mix0735,81,4,0,-54,-5,9.02
fold2_room1_mix0735,82,4,0,-50,-4,9.90
fold2_room1_mix0735,83,4,0,-45,-4,10.05
fold2_room1_mix0735,84,4,0,-43,-4,10.25
fold2_room1_mix0735,85,4,0,-40,-3,11.68
fold2_room1_mix0735,86,4,0,-38,-4,11.21
fold2_room1_mix0735,87,4,0,-38,-3,11.56
fold2_room1_mix0735,88,4,0,-34,-3,13.52
fold2_room1_mix0735,89,4,0,-33,-3,12.89
fold2_room1_mix0735,90,4,0,-32,-3,14.01
fold2_room1_mix0735,91,4,0,-30,-3,15.24
fold2_room1_mix0735,92,4,0,-27,-2,15.32
fold2_room1_mix0735,93,4,0,-26,-2,15.85
fold2_room1_mix0735,94,4,0,-27,-2,16.34
fold2_room1_mix0735,95,4,0,-25,-2,17.57
fold2_room1_mix0735,96,4,0,-23,-2,18.56
fold2_room1_mix0735,97,4,0,-22,-2,19.07
fold2_room1_mix0735,98,4,0,-21,-1,19.65
fold2_room1_mix0735,99,4,0,-20,-1,19.47
fold2_room1_mix0736,15,1,0,9,-2,17.56
fold2_room1_mix0736,16,1,0,14,-2,32.41
fold2_room1_mix0736,17,1,0,13,-2,32.78
fold2_room1_mix0736,17,4,0,174,1,2.09
fold2_room1_mix0736,18,1,0,12,-2,37.09
fold2_room1_mix0736,18,4,0,178,1,4.96
fold2_room1_mix0736,19,1,0,8,-2,34.39
fold2_room1_mix0736,19,4,0,169,0,5.02
fold2_room1_mix0736,20,1,0,10,-2,34.07
fold2_room1_mix0736,20,4,0,176,0,7.74
fold2_room1_mix0736,21,1,0,13,-2,29.38
fold2_room1_mix0736,21,4,0,173,0,11.46
fold2_room1_mix0736,22,1,0,15,-1,32.13
fold2_room1_mix0736,22,4,0,175,0,12.00
fold2_room1_mix0736,23,4,0,-176,0,16.43
fold2_room1_mix0736,24,1,0,16,-2,26.51
fold2_room1_mix0736,24,4,0,171,0,17.67
fold2_room1_mix0736,25,1,0,16,-2,27.97
fold2_room1_mix0736,25,4,0,176,0,18.08
fold2_room1_mix0736,26,1,0,17,-2,25.51
fold2_room1_mix0736,26,4,0,177,0,16.79
fold2_room1_mix0736,27,1,0,17,-2,27.01
fold2_room1_mix0736,27,4,0,176,0,12.17
fold2_room1_mix0736,28,4,0,-178,0,13.01
fold2_room1_mix0736,29,1,0,20,-2,23.46
fold2_room1_mix0736,29,4,0,179,0,13.78
fold2_room1_mix0736,30,1,0,21,-2,26.13
fold2_room1_mix0736,30,4,0,170,0,13.71
fold2_room1_mix0736,31,1,0,20,-2,25.29
fold2_room1_mix0736,31,4,0,-179,0,16.10
fold2_room1_mix0736,32,1,0,19,-2,8.84
fold2_room1_mix0736,32,4,0,-176,0,15.59
fold2_room1_mix0736,33,1,0,18,-2,23.62
fold2_room1_mix0736,33,4,0,174,-1,15.48
fold2_room1_mix0736,34,1,0,22,-2,21.55
fold2_room1_mix0736,34,4,0,179,0,11.93
fold2_room1_mix0736,35,1,0,26,-2,21.45
fold2_room1_mix0736,35,4,0,174,0,15.35
fold2_room1_mix0736,36,1,0,23,-2,22.75
fold2_room1_mix0736,36,4,0,175,0,13.30
fold2_room1_mix0736,37,4,0,-178,-1,12.19
fold2_room1_mix0736,38,1,0,29,-2,19.15
fold2_room1_mix0736,38,4,0,176,0,12.62
fold2_room1_mix0736,39,4,0,179,-1,13.32
fold2_room1_mix0736,40,4,0,-178,-1,13.06
fold2_room1_mix0736,41,4,0,-172,-2,12.62
fold2_room1_mix0736,42,4,0,-174,-2,10.37
fold2_room1_mix0736,43,4,0,-173,-3,9.92
fold2_room1_mix0736,44,4,0,-169,-2,9.65
fold2_room1_mix0736,45,4,0,-170,-3,8.28
fold2_room1_mix0736,46,4,0,-170,-3,8.61
fold2_room1_mix0736,47,4,0,-172,-3,7.75
fold2_room1_mix0736,48,4,0,-169,-4,6.77
fold2_room1_mix0736,49,4,0,-169,-5,6.63
fold2_room1_mix0736,50,4,0,-170,-4,6.65
fold2_room1_mix0736,51,4,0,-167,-5,5.54
fold2_room1_mix0736,52,4,0,-166,-6,4.69
fold2_room1_mix0736,53,4,0,-167,-6,5.31
fold2_room1_mix0736,54,4,0,-161,-7,4.32
fold2_room1_mix0736,55,4,0,-161,-10,3.64
fold2_room1_mix0736,56,4,0,-161,-10,3.56
fold2_room1_mix0736,57,4,0,-154,-12,2.96
fold2_room1_mix0736,58,4,0,-151,-16,2.13
fold2_room1_mix0736,59,4,0,-142,-18,2.08
fold2_room1_mix0736,60,4,0,-128,-27,1.45
fold2_room1_mix0736,61,4,0,-103,-32,1.37
fold2_room1_mix0736,62,4,0,-85,-30,1.24
fold2_room1_mix0736,63,4,0,-57,-28,1.33
fold2_room1_mix0736,64,4,0,-44,-21,1.77
fold2_room1_mix0736,65,4,0,-34,-17,2.13
fold2_room1_mix0736,66,4,0,-26,-14,2.92
fold2_room1_mix0736,67,4,0,-22,-12,2.95
fold2_room1_mix0736,68,4,0,-18,-10,3.34
fold2_room1_mix0736,69,4,0,-14,-8,4.16
fold2_room1_mix0736,70,4,0,-12,-7,4.51
fold2_room1_mix0736,71,4,0,-12,-8,4.25
fold2_room1_mix0736,72,4,0,-9,-6,5.23
fold2_room1_mix0736,73,4,0,-8,-6,5.74
fold2_room1_mix0736,74,4,0,-7,-6,5.97
fold2_room1_mix0736,75,4,0,-7,-5,6.92
fold2_room1_mix0736,76,4,0,-7,-5,6.89
fold2_room1_mix0736,77,4,0,-5,-4,7.23
fold2_room1_mix0736,78,4,0,-3,-4,8.24
fold2_room1_mix0736,79,4,0,-4,-4,7.60
fold2_room1_mix0736,80,4,0,-3,-3,8.31
fold2_room1_mix0736,81,4,0,-4,-3,8.45
fold2_room1_mix0736,82,4,0,-3,-3,9.04
fold2_room1_mix0736,83,4,0,-3,-3,10.05
fold2_room1_mix0736,84,4,0,-3,-3,10.27
fold2_room1_mix0736,85,4,0,-3,-3,10.33
fold2_room1_mix0736,86,4,0,-3,-2,10.92
fold2_room1_mix0736,87,4,0,-3,-2,11.66
fold2_room1_mix0736,88,4,0,-2,-2,12.49
fold2_room1_mix0736,89,4,0,-4,-2,12.19
fold2_room1_mix0736,90,4,0,-2,-2,12.42
fold2_room1_mix0736,91,4,0,-2,-2,14.02
fold2_room1_mix0736,92,4,0,-2,-2,13.20
fold2_room1_mix0736,93,4,0,-2,-2,13.50
fold2_room1_mix0736,94,4,0,-3,-2,15.23
fold2_room1_mix0736,95,4,0,-1,-2,14.49
fold2_room1_mix0736,96,4,0,0,-1,15.73
fold2_room1_mix0736,97,4,0,0,-2,16.10
fold2_room1_mix0736,98,4,0,-3,-2,15.83
fold2_room1_mix0736,99,4,0,-2,-1,15.20
fold2_room1_mix0737,0,5,0,130,2,4.97
fold2_room1_mix0737,1,5,0,132,3,7.51
fold2_room1_mix0737,2,5,0,128,4,6.43
fold2_room1_mix0737,3,5,0,117,3,7.73
fold2_room1_mix0737,4,5,0,130,5,6.84
fold2_room1_mix0737,5,5,0,135,3,9.95
fold2_room1_mix0737,6,5,0,130,2,11.84
fold2_room1_mix0737,7,5,0,132,3,9.94
fold2_room1_mix0737,8,5,0,126,3,9.02
fold2_room1_mix0737,9,5,0,136,3,10.29
fold2_room1_mix0737,10,5,0,136,5,7.66
fold2_room1_mix0737,11,5,0,128,5,7.82
fold2_room1_mix0737,12,5,0,138,4,8.88
fold2_room1_mix0737,13,5,0,133,5,7.67
fold2_room1_mix0737,14,5,0,132,3,9.87
fold2_room1_mix0737,15,5,0,133,5,8.04
fold2_room1_mix0737,16,5,0,134,5,7.84
fold2_room1_mix0737,17,5,0,130,4,8.92
fold2_room1_mix0737,18,5,0,136,5,7.65
fold2_room1_mix0737,19,5,0,138,4,8.79
fold2_room1_mix0737,20,5,0,129,5,7.36
fold2_room1_mix0737,21,5,0,130,4,8.46
fold2_room1_mix0737,22,5,0,136,4,9.85
fold2_room1_mix0737,23,5,0,133,4,8.47
fold2_room1_mix0737,24,5,0,134,5,7.71
fold2_room1_mix0737,25,5,0,129,4,9.02
fold2_room1_mix0737,26,5,0,131,5,8.18
fold2_room1_mix0737,27,5,0,137,4,8.80
fold2_room1_mix0737,28,5,0,132,4,8.69
fold2_room1_mix0737,29,5,0,128,5,7.96
fold2_room1_mix0737,30,5,0,133,4,9.38
fold2_room1_mix0737,31,5,0,129,3,10.11
fold2_room1_mix0737,32,5,0,127,4,8.56
fold2_room1_mix0737,33,5,0,131,4,9.56
fold2_room1_mix0737,34,5,0,128,4,8.24
fold2_room1_mix0737,35,5,0,132,4,9.66
fold2_room1_mix0737,36,5,0,127,4,9.26
fold2_room1_mix0737,37,5,0,129,4,8.87
fold2_room1_mix0737,38,5,0,136,4,8.68
fold2_room1_mix0737,39,5,0,134,3,10.23
fold2_room1_mix0737,40,5,0,127,4,8.89
fold2_room1_mix0737,41,5,0,134,5,8.70
fold2_room1_mix0737,42,5,0,136,5,8.40
fold2_room1_mix0737,43,5,0,129,4,8.69
fold2_room1_mix0737,44,5,0,129,4,9.45
fold2_room1_mix0737,45,4,0,-163,-1,10.37
fold2_room1_mix0737,45,5,0,130,4,8.96
fold2_room1_mix0737,46,5,0,132,4,9.38
fold2_room1_mix0737,47,4,0,-159,-1,13.15
fold2_room1_mix0737,47,5,0,132,4,9.33
fold2_room1_mix0737,48,4,0,-152,0,10.76
fold2_room1_mix0737,48,5,0,128,5,7.81
fold2_room1_mix0737,49,4,0,-144,0,13.86
fold2_room1_mix0737,49,5,0,133,4,9.44
fold2_room1_mix0737,50,4,0,-157,0,10.01
fold2_room1_mix0737,50,5,0,133,4,8.76
fold2_room1_mix0737,51,4,0,-154,-1,18.16
fold2_room1_mix0737,51,5,0,134,4,8.20
fold2_room1_mix0737,52,4,0,-145,0,13.20
fold2_room1_mix0737,52,5,0,133,4,8.58
fold2_room1_mix0737,53,4,0,-139,0,11.03
fold2_room1_mix0737,53,5,0,129,4,9.53
fold2_room1_mix0737,54,4,0,-138,-1,16.77
fold2_room1_mix0737,54,5,0,132,4,8.37
fold2_room1_mix0737,55,4,0,-144,0,16.74
fold2_room1_mix0737,55,5,0,133,4,8.68
fold2_room1_mix0737,56,4,0,-142,0,15.71
fold2_room1_mix0737,56,5,0,130,5,7.72
fold2_room1_mix0737,57,4,0,-134,-1,16.05
fold2_room1_mix0737,57,5,0,128,4,8.25
fold2_room1_mix0737,58,4,0,-127,-1,15.03
fold2_room1_mix0737,58,5,0,132,4,8.55
fold2_room1_mix0737,59,4,0,-129,-1,16.18
fold2_room1_mix0737,59,5,0,132,5,8.39
fold2_room1_mix0737,60,4,0,-126,-1,16.30
fold2_room1_mix0737,60,5,0,127,5,8.49
fold2_room1_mix0737,61,4,0,-122,-1,15.01
fold2_room1_mix0737,61,5,0,129,4,8.68
fold2_room1_mix0737,62,4,0,-123,-1,15.49
fold2_room1_mix0737,62,5,0,132,5,7.43
fold2_room1_mix0737,63,4,0,-122,-1,15.93
fold2_room1_mix0737,63,5,0,129,4,9.40
fold2_room1_mix0737,64,4,0,-119,-2,15.28
fold2_room1_mix0737,64,5,0,132,5,8.90
fold2_room1_mix0737,65,4,0,-116,-1,15.44
fold2_room1_mix0737,65,5,0,130,4,8.66
fold2_room1_mix0737,66,4,0,-114,-1,15.60
fold2_room1_mix0737,66,5,0,130,5,8.13
fold2_room1_mix0737,67,4,0,-117,-2,15.39
fold2_room1_mix0737,67,5,0,130,5,8.42
fold2_room1_mix0737,68,4,0,-116,-2,15.28
fold2_room1_mix0737,68,5,0,128,5,8.88
fold2_room1_mix0737,69,4,0,-114,-2,15.36
fold2_room1_mix0737,69,5,0,132,4,9.13
fold2_room1_mix0737,70,4,0,-112,-2,15.04
fold2_room1_mix0737,70,5,0,133,5,8.86
fold2_room1_mix0737,71,4,0,-111,-2,14.77
fold2_room1_mix0737,71,5,0,131,4,9.23
fold2_room1_mix0737,72,4,0,-109,-2,14.65
fold2_room1_mix0737,72,5,0,129,5,9.04
fold2_room1_mix0737,73,4,0,-107,-2,14.56
fold2_room1_mix0737,73,5,0,131,4,9.19
fold2_room1_mix0737,74,4,0,-106,-2,14.59
fold2_room1_mix0737,74,5,0,132,5,8.68
fold2_room1_mix0737,75,4,0,-103,-2,14.67
fold2_room1_mix0737,75,5,0,129,5,8.46
fold2_room1_mix0737,76,4,0,-103,-2,14.57
fold2_room1_mix0737,76,5,0,130,4,9.57
fold2_room1_mix0737,77,4,0,-99,-2,14.44
fold2_room1_mix0737,77,5,0,131,4,9.26
fold2_room1_mix0737,78,4,0,-97,-2,14.43
fold2_room1_mix0737,78,5,0,135,5,9.15
fold2_room1_mix0737,79,4,0,-93,-2,14.55
fold2_room1_mix0737,79,5,0,132,4,9.59
fold2_room1_mix0737,80,4,0,-92,-2,13.97
fold2_room1_mix0737,80,5,0,131,4,8.73
fold2_room1_mix0737,81,4,0,-91,-2,14.24
fold2_room1_mix0737,81,5,0,133,4,10.16
fold2_room1_mix0737,82,4,0,-89,-2,14.35
fold2_room1_mix0737,82,5,0,135,4,8.87
fold2_room1_mix0737,83,4,0,-88,-2,14.11
fold2_room1_mix0737,83,5,0,135,4,8.93
fold2_room1_mix0737,84,4,0,-84,-2,13.88
fold2_room1_mix0737,84,5,0,134,4,9.53
fold2_room1_mix0737,85,4,0,-80,-2,14.42
fold2_room1_mix0737,85,5,0,133,4,10.07
fold2_room1_mix0737,86,4,0,-81,-2,14.06
fold2_room1_mix0737,86,5,0,134,4,9.61
fold2_room1_mix0737,87,4,0,-81,-2,14.33
fold2_room1_mix0737,87,5,0,133,4,10.08
fold2_room1_mix0737,88,4,0,-79,-2,14.01
fold2_room1_mix0737,88,5,0,133,4,9.32
fold2_room1_mix0737,89,4,0,-74,-1,15.05
fold2_room1_mix0737,89,5,0,133,4,9.49
fold2_room1_mix0737,90,4,0,-74,-1,15.04
fold2_room1_mix0737,90,5,0,135,4,9.75
fold2_room1_mix0737,91,4,0,-72,-1,15.89
fold2_room1_mix0737,91,5,0,133,4,8.69
fold2_room1_mix0737,92,4,0,-70,-1,15.96
fold2_room1_mix0737,92,5,0,135,4,9.57
fold2_room1_mix0737,93,4,0,-68,-1,15.78
fold2_room1_mix0737,93,5,0,133,4,9.30
fold2_room1_mix0737,94,4,0,-65,-1,15.96
fold2_room1_mix0737,94,5,0,136,4,9.46
fold2_room1_mix0737,95,4,0,-65,-2,15.73
fold2_room1_mix0737,95,5,0,135,4,10.07
fold2_room1_mix0737,96,4,0,-62,-1,16.41
fold2_room1_mix0737,96,5,0,133,5,8.45
fold2_room1_mix0737,97,4,0,-62,-1,17.13
fold2_room1_mix0737,97,5,0,138,4,10.23
fold2_room1_mix0737,98,4,0,-60,-2,17.22
fold2_room1_mix0737,98,5,0,136,4,9.39
fold2_room1_mix0737,99,4,0,-57,-1,17.38
fold2_room1_mix0737,99,5,0,135,4,9.53
fold2_room1_mix0739,4,4,0,-1,0,14.74
fold2_room1_mix0739,5,4,0,-2,0,15.45
fold2_room1_mix0739,6,4,0,-2,-1,18.02
fold2_room1_mix0739,7,4,0,-1,-1,28.12
fold2_room1_mix0739,8,4,0,-1,-1,31.45
fold2_room1_mix0739,9,4,0,-2,-1,30.09
fold2_room1_mix0739,10,4,0,-2,-1,29.45
fold2_room1_mix0739,11,4,0,-1,-1,30.08
fold2_room1_mix0739,12,4,0,-1,-1,30.83
fold2_room1_mix0739,13,4,0,-1,0,30.06
fold2_room1_mix0739,14,4,0,-1,0,31.71
fold2_room1_mix0739,15,4,0,-1,0,31.29
fold2_room1_mix0739,16,4,0,-1,0,30.60
fold2_room1_mix0739,17,4,0,-2,0,31.69
fold2_room1_mix0739,18,4,0,-3,0,31.00
fold2_room1_mix0739,19,4,0,-3,0,30.60
fold2_room1_mix0739,20,4,0,-3,0,32.85
fold2_room1_mix0739,21,4,0,-4,0,32.13
fold2_room1_mix0739,22,4,0,-4,0,31.05
fold2_room1_mix0739,23,4,0,-5,0,30.80
fold2_room1_mix0739,24,4,0,-6,0,30.40
fold2_room1_mix0739,25,4,0,-5,0,31.15
fold2_room1_mix0739,26,4,0,-6,0,29.87
fold2_room1_mix0739,27,4,0,-5,0,29.77
fold2_room1_mix0739,28,4,0,-19,0,27.71
fold2_room1_mix0739,28,4,0,0,-1,29.03
fold2_room1_mix0739,29,4,0,-5,-1,28.24
fold2_room1_mix0739,30,4,0,-21,0,27.84
fold2_room1_mix0739,30,4,0,0,-1,28.38
fold2_room1_mix0739,31,4,0,-21,-1,25.22
fold2_room1_mix0739,31,4,0,0,-1,26.54
fold2_room1_mix0739,32,4,0,-21,0,25.71
fold2_room1_mix0739,32,4,0,0,-1,26.94
fold2_room1_mix0739,33,4,0,-19,0,26.56
fold2_room1_mix0739,33,4,0,0,-1,27.16
fold2_room1_mix0739,34,4,0,-21,-1,23.94
fold2_room1_mix0739,34,4,0,0,-1,26.00
fold2_room1_mix0739,35,4,0,-22,-1,22.88
fold2_room1_mix0739,35,4,0,0,-1,25.25
fold2_room1_mix0739,36,4,0,-21,0,24.72
fold2_room1_mix0739,36,4,0,0,-1,25.82
fold2_room1_mix0739,37,4,0,-19,-1,23.29
fold2_room1_mix0739,37,4,0,0,0,25.68
fold2_room1_mix0739,38,4,0,-18,0,24.49
fold2_room1_mix0739,38,4,0,0,-1,25.46
fold2_room1_mix0739,39,4,0,-21,0,24.47
fold2_room1_mix0739,39,4,0,0,-1,25.40
fold2_room1_mix0739,40,4,0,-25,-1,23.40
fold2_room1_mix0739,40,4,0,1,-1,25.66
fold2_room1_mix0739,41,4,0,-31,0,23.01
fold2_room1_mix0739,41,4,0,2,-1,24.42
fold2_room1_mix0739,42,4,0,-32,-1,21.00
fold2_room1_mix0739,42,4,0,3,0,24.39
fold2_room1_mix0739,43,4,0,-35,-1,19.82
fold2_room1_mix0739,43,4,0,1,-1,23.52
fold2_room1_mix0739,44,4,0,-37,-1,18.06
fold2_room1_mix0739,44,4,0,2,-1,22.36
fold2_room1_mix0739,45,4,0,-36,-1,18.13
fold2_room1_mix0739,45,4,0,1,0,22.99
fold2_room1_mix0739,46,4,0,-34,-1,19.69
fold2_room1_mix0739,46,4,0,1,-1,23.50
fold2_room1_mix0739,47,4,0,-38,-1,17.36
fold2_room1_mix0739,47,4,0,2,-1,22.00
fold2_room1_mix0739,48,4,0,-42,-2,15.06
fold2_room1_mix0739,48,4,0,1,0,21.25
fold2_room1_mix0739,49,4,0,-45,-1,14.96
fold2_room1_mix0739,49,4,0,1,-1,19.66
fold2_room1_mix0739,50,4,0,-46,-2,13.59
fold2_room1_mix0739,50,4,0,0,-1,19.35
fold2_room1_mix0739,51,4,0,-55,-2,13.08
fold2_room1_mix0739,51,4,0,0,-1,16.62
fold2_room1_mix0739,52,4,0,-59,-2,13.16
fold2_room1_mix0739,52,4,0,-1,-1,15.94
fold2_room1_mix0739,53,4,0,-60,-2,12.13
fold2_room1_mix0739,53,4,0,0,-1,15.93
fold2_room1_mix0739,54,4,0,-60,-2,12.50
fold2_room1_mix0739,54,4,0,1,-2,14.29
fold2_room1_mix0739,55,4,0,-65,-2,12.56
fold2_room1_mix0739,55,4,0,2,-2,13.47
fold2_room1_mix0739,56,4,0,-65,-2,11.79
fold2_room1_mix0739,56,4,0,1,-2,12.97
fold2_room1_mix0739,57,4,0,-80,-3,11.08
fold2_room1_mix0739,57,4,0,0,-2,12.37
fold2_room1_mix0739,58,4,0,-83,-3,10.24
fold2_room1_mix0739,58,4,0,3,-3,10.94
fold2_room1_mix0739,59,4,0,-85,-3,10.62
fold2_room1_mix0739,59,4,0,1,-3,10.75
fold2_room1_mix0739,60,4,0,-89,-3,9.88
fold2_room1_mix0739,60,4,0,0,-4,9.24
fold2_room1_mix0739,61,4,0,-94,-4,9.28
fold2_room1_mix0739,61,4,0,1,-4,8.40
fold2_room1_mix0739,62,4,0,-95,-4,9.52
fold2_room1_mix0739,62,4,0,2,-5,8.32
fold2_room1_mix0739,63,4,0,-106,-3,9.46
fold2_room1_mix0739,63,4,0,0,-5,7.69
fold2_room1_mix0739,64,4,0,-116,-3,10.01
fold2_room1_mix0739,64,4,0,0,-6,7.16
fold2_room1_mix0739,65,4,0,-113,-3,10.92
fold2_room1_mix0739,65,4,0,1,-6,6.84
fold2_room1_mix0739,66,4,0,-125,-2,11.04
fold2_room1_mix0739,66,4,0,-2,-7,6.10
fold2_room1_mix0739,67,4,0,-125,-2,10.92
fold2_room1_mix0739,67,4,0,-2,-8,5.24
fold2_room1_mix0739,68,4,0,-129,-1,11.65
fold2_room1_mix0739,68,4,0,-2,-8,4.83
fold2_room1_mix0739,69,4,0,-130,-1,11.90
fold2_room1_mix0739,69,4,0,-3,-8,4.49
fold2_room1_mix0739,70,4,0,-130,-1,12.95
fold2_room1_mix0739,70,4,0,0,-8,4.35
fold2_room1_mix0739,71,4,0,-136,0,15.60
fold2_room1_mix0739,71,4,0,1,-8,3.97
fold2_room1_mix0739,72,4,0,-138,0,16.09
fold2_room1_mix0739,72,4,0,3,-9,3.53
fold2_room1_mix0739,73,4,0,-143,0,17.12
fold2_room1_mix0739,73,4,0,1,-9,3.83
fold2_room1_mix0739,74,4,0,-143,1,19.50
fold2_room1_mix0739,74,4,0,4,-10,3.09
fold2_room1_mix0739,75,4,0,-147,1,21.59
fold2_room1_mix0739,75,4,0,5,-11,3.11
fold2_room1_mix0739,76,4,0,-147,1,23.56
fold2_room1_mix0739,76,4,0,7,-14,2.59
fold2_room1_mix0739,77,4,0,-150,2,26.65
fold2_room1_mix0739,77,4,0,10,-16,2.37
fold2_room1_mix0739,78,4,0,-150,2,30.69
fold2_room1_mix0739,78,4,0,17,-22,2.10
fold2_room1_mix0739,79,4,0,-152,1,28.82
fold2_room1_mix0739,79,4,0,22,-26,1.99
fold2_room1_mix0739,80,4,0,-156,0,28.41
fold2_room1_mix0739,80,4,0,36,-38,1.85
fold2_room1_mix0739,81,4,0,-161,-8,19.86
fold2_room1_mix0739,81,4,0,65,-52,1.84
fold2_room1_mix0739,82,4,0,-172,-14,10.65
fold2_room1_mix0739,82,4,0,125,-41,0.79
fold2_room1_mix0739,82,4,0,-133,-38,7.39
fold2_room1_mix0739,83,4,0,-172,-11,9.84
fold2_room1_mix0739,83,4,0,142,-30,1.18
fold2_room1_mix0739,83,4,0,-137,-19,9.61
fold2_room1_mix0739,84,4,0,-174,-14,7.07
fold2_room1_mix0739,84,4,0,153,-25,1.50
fold2_room1_mix0739,84,4,0,-137,-10,13.89
fold2_room1_mix0739,85,4,0,-176,-9,7.16
fold2_room1_mix0739,85,4,0,158,-19,1.71
fold2_room1_mix0739,85,4,0,-130,-1,19.05
fold2_room1_mix0739,86,4,0,-178,-10,6.27
fold2_room1_mix0739,86,4,0,160,-18,2.02
fold2_room1_mix0739,86,4,0,-133,-1,20.64
fold2_room1_mix0739,87,4,0,-177,-9,5.99
fold2_room1_mix0739,87,4,0,165,-15,2.73
fold2_room1_mix0739,87,4,0,-134,-1,19.79
fold2_room1_mix0739,88,4,0,-176,-8,6.34
fold2_room1_mix0739,88,4,0,167,-13,3.05
fold2_room1_mix0739,88,4,0,-133,0,22.53
fold2_room1_mix0739,89,4,0,-175,-6,7.87
fold2_room1_mix0739,89,4,0,167,-12,3.15
fold2_room1_mix0739,89,4,0,-137,0,23.37
fold2_room1_mix0739,90,4,0,177,-9,5.57
fold2_room1_mix0739,90,4,0,-140,0,22.46
fold2_room1_mix0739,91,4,0,-172,-5,9.85
fold2_room1_mix0739,91,4,0,171,-11,3.88
fold2_room1_mix0739,91,4,0,-146,0,21.12
fold2_room1_mix0739,92,4,0,178,-8,6.26
fold2_room1_mix0739,92,4,0,-142,0,22.52
fold2_room1_mix0739,93,4,0,179,-7,6.76
fold2_room1_mix0739,93,4,0,-149,0,20.29
fold2_room1_mix0739,94,4,0,179,-7,7.35
fold2_room1_mix0739,94,4,0,-150,0,22.49
fold2_room1_mix0739,95,4,0,179,-6,7.41
fold2_room1_mix0739,95,4,0,-149,0,23.12
fold2_room1_mix0739,96,4,0,-179,-5,9.06
fold2_room1_mix0739,96,4,0,-153,0,21.27
fold2_room1_mix0739,97,4,0,179,-5,8.63
fold2_room1_mix0739,97,4,0,-156,0,22.54
fold2_room1_mix0739,98,4,0,-179,-5,8.09
fold2_room1_mix0739,98,4,0,-154,0,21.99
fold2_room1_mix0739,99,4,0,-179,-5,8.38
fold2_room1_mix0739,99,4,0,-154,0,20.52
fold2_room1_mix0739,3,4,0,-3,1,1.72
fold2_room1_mix0740,1,4,0,-179,0,1.43
fold2_room1_mix0740,1,4,0,-4,0,1.47
fold2_room1_mix0740,2,4,0,-177,0,1.84
fold2_room1_mix0740,2,4,0,-1,1,2.00
fold2_room1_mix0740,3,4,0,-173,0,5.02
fold2_room1_mix0740,3,4,0,-3,0,5.50
fold2_room1_mix0740,4,4,0,-173,-2,13.92
fold2_room1_mix0740,4,4,0,-11,-2,12.92
fold2_room1_mix0740,5,4,0,-173,0,18.03
fold2_room1_mix0740,5,4,0,-7,-1,15.20
fold2_room1_mix0740,6,4,0,-174,-1,16.30
fold2_room1_mix0740,6,4,0,-5,-1,15.40
fold2_room1_mix0740,7,4,0,-173,-1,26.97
fold2_room1_mix0740,7,4,0,-7,-2,22.66
fold2_room1_mix0740,8,4,0,-172,-1,28.33
fold2_room1_mix0740,8,4,0,-6,-3,21.63
fold2_room1_mix0740,9,4,0,-174,-1,25.11
fold2_room1_mix0740,9,4,0,-9,-2,20.58
fold2_room1_mix0740,10,4,0,-173,-1,26.44
fold2_room1_mix0740,10,4,0,-9,-3,19.93
fold2_room1_mix0740,11,4,0,-173,-1,26.26
fold2_room1_mix0740,11,4,0,-10,-3,18.17
fold2_room1_mix0740,12,4,0,-171,-1,26.94
fold2_room1_mix0740,12,4,0,-10,-2,17.82
fold2_room1_mix0740,13,4,0,-171,-1,28.57
fold2_room1_mix0740,13,4,0,-11,-2,19.03
fold2_room1_mix0740,14,4,0,-171,-1,28.75
fold2_room1_mix0740,14,4,0,-11,-3,18.50
fold2_room1_mix0740,15,4,0,-174,-2,24.62
fold2_room1_mix0740,15,4,0,-12,-3,15.96
fold2_room1_mix0740,16,4,0,-172,-2,25.04
fold2_room1_mix0740,16,4,0,-13,-3,16.36
fold2_room1_mix0740,17,4,0,-172,-2,23.72
fold2_room1_mix0740,17,4,0,-14,-3,15.61
fold2_room1_mix0740,18,4,0,-173,-2,22.78
fold2_room1_mix0740,18,4,0,-14,-3,15.50
fold2_room1_mix0740,19,4,0,-174,-2,21.91
fold2_room1_mix0740,19,4,0,-15,-3,14.95
fold2_room1_mix0740,20,4,0,-174,-2,22.79
fold2_room1_mix0740,20,4,0,-18,-3,15.10
fold2_room1_mix0740,21,4,0,-173,-2,21.47
fold2_room1_mix0740,21,4,0,-16,-3,14.54
fold2_room1_mix0740,22,4,0,-174,-2,20.65
fold2_room1_mix0740,22,4,0,-19,-3,13.20
fold2_room1_mix0740,23,4,0,-173,-2,19.23
fold2_room1_mix0740,23,4,0,-18,-3,11.96
fold2_room1_mix0740,24,4,0,-171,-2,18.57
fold2_room1_mix0740,24,4,0,-22,-3,11.91
fold2_room1_mix0740,25,4,0,-172,-2,18.07
fold2_room1_mix0740,25,4,0,-23,-3,10.90
fold2_room1_mix0740,26,4,0,-170,-2,17.23
fold2_room1_mix0740,26,4,0,-23,-3,10.50
fold2_room1_mix0740,27,4,0,-172,-2,17.47
fold2_room1_mix0740,27,4,0,-26,-3,10.67
fold2_room1_mix0740,28,4,0,-170,-1,18.52
fold2_room1_mix0740,28,4,0,-27,-3,10.54
fold2_room1_mix0740,29,4,0,-172,-1,16.56
fold2_room1_mix0740,29,4,0,-27,-3,10.11
fold2_room1_mix0740,30,4,0,-172,-2,16.66
fold2_room1_mix0740,30,4,0,-31,-4,9.03
fold2_room1_mix0740,31,4,0,-170,-1,17.05
fold2_room1_mix0740,31,4,0,-31,-3,9.24
fold2_room1_mix0740,32,4,0,-171,-1,16.25
fold2_room1_mix0740,32,4,0,-32,-3,8.99
fold2_room1_mix0740,33,4,0,-172,-1,16.64
fold2_room1_mix0740,33,4,0,-36,-4,8.06
fold2_room1_mix0740,34,4,0,-171,-1,15.75
fold2_room1_mix0740,34,4,0,-40,-5,6.97
fold2_room1_mix0740,35,4,0,-171,-1,14.79
fold2_room1_mix0740,35,4,0,-43,-5,6.57
fold2_room1_mix0740,36,4,0,-170,-1,14.27
fold2_room1_mix0740,36,4,0,-54,-7,6.05
fold2_room1_mix0740,36,4,0,-37,-5,5.95
fold2_room1_mix0740,37,4,0,-170,-1,13.54
fold2_room1_mix0740,37,4,0,-44,-5,5.62
fold2_room1_mix0740,38,4,0,-172,-2,12.52
fold2_room1_mix0740,38,4,0,-60,-6,5.86
fold2_room1_mix0740,38,4,0,-43,-5,5.24
fold2_room1_mix0740,39,4,0,-172,-2,13.10
fold2_room1_mix0740,39,4,0,-67,-6,5.90
fold2_room1_mix0740,39,4,0,-48,-6,5.16
fold2_room1_mix0740,40,4,0,-172,-2,12.98
fold2_room1_mix0740,40,4,0,-69,-6,5.52
fold2_room1_mix0740,40,4,0,-52,-6,4.95
fold2_room1_mix0740,41,4,0,-172,-2,11.84
fold2_room1_mix0740,41,4,0,-64,-6,5.02
fold2_room1_mix0740,42,4,0,-174,-2,11.68
fold2_room1_mix0740,42,4,0,-71,-6,5.14
fold2_room1_mix0740,42,4,0,-54,-6,4.76
fold2_room1_mix0740,43,4,0,-171,-2,11.83
fold2_room1_mix0740,43,4,0,-78,-6,5.17
fold2_room1_mix0740,43,4,0,-60,-7,4.56
fold2_room1_mix0740,44,4,0,-169,-2,12.19
fold2_room1_mix0740,44,4,0,-74,-6,4.97
fold2_room1_mix0740,45,4,0,-171,-2,11.77
fold2_room1_mix0740,45,4,0,-76,-7,4.91
fold2_room1_mix0740,46,4,0,-168,-3,11.25
fold2_room1_mix0740,46,4,0,-82,-7,4.90
fold2_room1_mix0740,47,4,0,-168,-3,10.67
fold2_room1_mix0740,47,4,0,-86,-8,4.53
fold2_room1_mix0740,48,4,0,-168,-3,9.25
fold2_room1_mix0740,48,4,0,-92,-8,4.49
fold2_room1_mix0740,49,4,0,-168,-4,8.57
fold2_room1_mix0740,49,4,0,-108,-7,4.58
fold2_room1_mix0740,50,4,0,-165,-4,8.78
fold2_room1_mix0740,50,4,0,-117,-7,4.90
fold2_room1_mix0740,51,4,0,-172,-5,7.66
fold2_room1_mix0740,51,4,0,-126,-6,5.16
fold2_room1_mix0740,52,4,0,-161,-5,6.70
fold2_room1_mix0740,52,4,0,-120,-6,5.27
fold2_room1_mix0740,53,4,0,-160,-6,6.66
fold2_room1_mix0740,53,4,0,-132,-6,5.24
fold2_room1_mix0740,54,4,0,-157,-6,6.16
fold2_room1_mix0740,54,4,0,-132,-7,5.07
fold2_room1_mix0740,55,4,0,-152,-6,5.60
fold2_room1_mix0740,55,4,0,-134,-6,4.99
fold2_room1_mix0740,56,4,0,-140,-6,5.24
fold2_room1_mix0740,57,4,0,-136,-6,4.89
fold2_room1_mix0740,58,4,0,-143,-4,6.10
fold2_room1_mix0740,58,4,0,-128,-7,4.59
fold2_room1_mix0740,59,4,0,-135,-6,5.20
fold2_room1_mix0740,60,4,0,-142,-3,6.75
fold2_room1_mix0740,60,4,0,-126,-7,4.26
fold2_room1_mix0740,61,4,0,-144,-1,9.09
fold2_room1_mix0740,61,4,0,-117,-7,4.16
fold2_room1_mix0740,62,4,0,-144,-1,10.79
fold2_room1_mix0740,62,4,0,-104,-8,3.85
fold2_room1_mix0740,63,4,0,-150,0,13.00
fold2_room1_mix0740,63,4,0,-98,-7,4.03
fold2_room1_mix0740,64,4,0,-154,0,14.47
fold2_room1_mix0740,64,4,0,-94,-7,4.38
fold2_room1_mix0740,65,4,0,-150,0,14.42
fold2_room1_mix0740,65,4,0,-81,-7,3.97
fold2_room1_mix0740,66,4,0,-154,0,16.03
fold2_room1_mix0740,66,4,0,-74,-7,4.38
fold2_room1_mix0740,67,4,0,-155,0,15.90
fold2_room1_mix0740,67,4,0,-69,-6,4.77
fold2_room1_mix0740,68,4,0,-154,0,15.44
fold2_room1_mix0740,68,4,0,-58,-5,4.71
fold2_room1_mix0740,69,4,0,-154,-1,13.54
fold2_room1_mix0740,69,4,0,-66,-5,5.03
fold2_room1_mix0740,69,4,0,-48,-4,4.94
fold2_room1_mix0740,70,4,0,-155,-1,15.10
fold2_room1_mix0740,70,4,0,-63,-6,5.58
fold2_room1_mix0740,70,4,0,-45,-4,6.00
fold2_room1_mix0740,71,4,0,-156,-1,14.74
fold2_room1_mix0740,71,4,0,-61,-6,5.75
fold2_room1_mix0740,71,4,0,-43,-3,6.29
fold2_room1_mix0740,72,4,0,-155,-2,14.20
fold2_room1_mix0740,72,4,0,-40,-4,6.59
fold2_room1_mix0740,73,4,0,-155,-1,13.39
fold2_room1_mix0740,73,4,0,-36,-4,6.46
fold2_room1_mix0740,74,4,0,-160,-2,13.91
fold2_room1_mix0740,74,4,0,-33,-4,6.57
fold2_room1_mix0740,75,4,0,-160,-1,13.74
fold2_room1_mix0740,75,4,0,-31,-4,7.09
fold2_room1_mix0740,76,4,0,-161,-1,14.89
fold2_room1_mix0740,76,4,0,-29,-4,7.79
fold2_room1_mix0740,77,4,0,-160,-1,15.87
fold2_room1_mix0740,77,4,0,-27,-3,8.28
fold2_room1_mix0740,78,4,0,-161,-1,15.26
fold2_room1_mix0740,78,4,0,-26,-3,8.92
fold2_room1_mix0740,79,4,0,-161,-1,16.49
fold2_room1_mix0740,79,4,0,-24,-3,9.74
fold2_room1_mix0740,80,4,0,-163,-1,16.91
fold2_room1_mix0740,80,4,0,-24,-3,9.73
fold2_room1_mix0740,81,4,0,-162,0,16.55
fold2_room1_mix0740,81,4,0,-24,-3,10.25
fold2_room1_mix0740,82,4,0,-162,-1,17.85
fold2_room1_mix0740,82,4,0,-23,-3,10.28
fold2_room1_mix0740,83,4,0,-162,-1,18.33
fold2_room1_mix0740,83,4,0,-21,-3,11.04
fold2_room1_mix0740,84,4,0,-163,-1,18.09
fold2_room1_mix0740,84,4,0,-21,-3,11.85
fold2_room1_mix0740,85,4,0,-164,0,19.40
fold2_room1_mix0740,85,4,0,-19,-3,12.26
fold2_room1_mix0740,86,4,0,-163,-1,17.98
fold2_room1_mix0740,86,4,0,-18,-2,12.80
fold2_room1_mix0740,87,4,0,-165,-1,18.68
fold2_room1_mix0740,87,4,0,-17,-2,13.80
fold2_room1_mix0740,88,4,0,-166,-1,19.24
fold2_room1_mix0740,88,4,0,-16,-2,14.43
fold2_room1_mix0740,89,4,0,-164,-1,18.13
fold2_room1_mix0740,89,4,0,-16,-2,14.02
fold2_room1_mix0740,90,4,0,-165,-1,19.08
fold2_room1_mix0740,90,4,0,-15,-2,15.21
fold2_room1_mix0740,91,4,0,-165,-1,20.07
fold2_room1_mix0740,91,4,0,-14,-2,15.56
fold2_room1_mix0740,92,4,0,-164,-1,19.95
fold2_room1_mix0740,92,4,0,-14,-2,16.13
fold2_room1_mix0740,93,4,0,-165,-1,20.50
fold2_room1_mix0740,93,4,0,-13,-2,15.92
fold2_room1_mix0740,94,4,0,-164,-1,19.90
fold2_room1_mix0740,94,4,0,-13,-2,16.19
fold2_room1_mix0740,95,4,0,-164,-1,21.45
fold2_room1_mix0740,95,4,0,-13,-2,16.71
fold2_room1_mix0740,96,4,0,-165,0,21.47
fold2_room1_mix0740,96,4,0,-11,-2,16.55
fold2_room1_mix0740,97,4,0,-164,-1,21.39
fold2_room1_mix0740,97,4,0,-11,-2,17.66
fold2_room1_mix0740,98,4,0,-165,-1,21.97
fold2_room1_mix0740,98,4,0,-11,-2,18.63
fold2_room1_mix0740,99,4,0,-165,-1,20.78
fold2_room1_mix0740,99,4,0,-9,-2,18.03
fold2_room1_mix0741,1,6,0,172,-2,0.76
fold2_room1_mix0741,3,4,0,172,0,6.95
fold2_room1_mix0741,4,4,0,170,0,18.07
fold2_room1_mix0741,5,4,0,164,0,18.70
fold2_room1_mix0741,6,4,0,168,0,23.42
fold2_room1_mix0741,7,4,0,163,0,27.78
fold2_room1_mix0741,8,4,0,164,0,30.74
fold2_room1_mix0741,9,4,0,163,0,30.02
fold2_room1_mix0741,10,4,0,163,0,29.15
fold2_room1_mix0741,11,4,0,159,0,28.35
fold2_room1_mix0741,12,4,0,158,-1,27.20
fold2_room1_mix0741,13,4,0,159,0,26.72
fold2_room1_mix0741,14,4,0,157,0,28.85
fold2_room1_mix0741,15,4,0,158,0,28.39
fold2_room1_mix0741,16,4,0,156,-1,26.71
fold2_room1_mix0741,17,4,0,157,0,28.31
fold2_room1_mix0741,18,4,0,156,-1,27.17
fold2_room1_mix0741,19,4,0,156,-1,27.13
fold2_room1_mix0741,20,4,0,155,-1,28.04
fold2_room1_mix0741,21,4,0,155,-1,26.52
fold2_room1_mix0741,22,4,0,153,-1,26.02
fold2_room1_mix0741,23,4,0,152,-1,26.21
fold2_room1_mix0741,24,4,0,152,-1,25.94
fold2_room1_mix0741,25,4,0,152,-1,25.22
fold2_room1_mix0741,26,4,0,150,-1,25.44
fold2_room1_mix0741,27,4,0,150,-1,25.34
fold2_room1_mix0741,28,4,0,148,-1,25.28
fold2_room1_mix0741,29,4,0,148,-1,23.41
fold2_room1_mix0741,30,4,0,149,-1,24.55
fold2_room1_mix0741,31,4,0,149,-1,24.29
fold2_room1_mix0741,32,4,0,148,-1,23.36
fold2_room1_mix0741,33,4,0,145,-1,22.26
fold2_room1_mix0741,34,4,0,146,-1,22.86
fold2_room1_mix0741,35,4,0,146,-1,22.69
fold2_room1_mix0741,36,4,0,145,-1,22.02
fold2_room1_mix0741,37,4,0,145,-1,21.33
fold2_room1_mix0741,38,4,0,143,-1,21.37
fold2_room1_mix0741,39,4,0,142,-1,20.47
fold2_room1_mix0741,40,4,0,143,-1,20.92
fold2_room1_mix0741,41,4,0,141,-1,19.95
fold2_room1_mix0741,42,4,0,142,-1,19.83
fold2_room1_mix0741,43,4,0,141,-1,20.00
fold2_room1_mix0741,44,4,0,140,-1,19.61
fold2_room1_mix0741,45,4,0,139,-1,19.17
fold2_room1_mix0741,46,4,0,139,-1,19.51
fold2_room1_mix0741,47,4,0,138,-1,18.73
fold2_room1_mix0741,48,4,0,137,-1,17.83
fold2_room1_mix0741,49,4,0,136,-2,17.16
fold2_room1_mix0741,50,4,0,133,-2,16.97
fold2_room1_mix0741,51,3,0,-95,-5,5.57
fold2_room1_mix0741,51,4,0,132,-2,16.94
fold2_room1_mix0741,52,3,0,-95,-5,9.65
fold2_room1_mix0741,52,4,0,132,-2,16.60
fold2_room1_mix0741,53,3,0,-96,-5,9.68
fold2_room1_mix0741,53,4,0,132,-2,15.40
fold2_room1_mix0741,54,3,0,-82,-4,7.24
fold2_room1_mix0741,54,4,0,132,-2,15.00
fold2_room1_mix0741,55,4,0,127,-2,16.90
fold2_room1_mix0741,56,4,0,127,-2,17.51
fold2_room1_mix0741,57,3,0,-69,-4,12.51
fold2_room1_mix0741,57,4,0,126,-2,15.19
fold2_room1_mix0741,58,3,0,-90,-5,11.86
fold2_room1_mix0741,58,4,0,127,-2,15.21
fold2_room1_mix0741,59,3,0,-91,-9,12.63
fold2_room1_mix0741,59,4,0,131,-2,17.25
fold2_room1_mix0741,60,3,0,-92,-7,11.41
fold2_room1_mix0741,60,4,0,131,-2,15.88
fold2_room1_mix0741,61,3,0,-89,-5,10.49
fold2_room1_mix0741,61,4,0,129,-3,15.44
fold2_room1_mix0741,62,3,0,-69,-4,11.16
fold2_room1_mix0741,62,4,0,129,-3,16.32
fold2_room1_mix0741,63,3,0,-65,-5,10.99
fold2_room1_mix0741,63,4,0,127,-3,13.91
fold2_room1_mix0741,64,3,0,-69,-4,10.79
fold2_room1_mix0741,64,4,0,124,-3,12.98
fold2_room1_mix0741,65,3,0,-68,-3,9.52
fold2_room1_mix0741,65,4,0,121,-3,12.23
fold2_room1_mix0741,66,3,0,-61,-4,8.78
fold2_room1_mix0741,66,4,0,116,-3,13.04
fold2_room1_mix0741,67,3,0,-63,-4,10.83
fold2_room1_mix0741,67,4,0,111,-3,12.96
fold2_room1_mix0741,68,3,0,-61,-3,11.38
fold2_room1_mix0741,68,4,0,109,-3,12.10
fold2_room1_mix0741,69,3,0,-58,-4,10.41
fold2_room1_mix0741,69,4,0,106,-3,12.56
fold2_room1_mix0741,70,3,0,-59,-3,10.94
fold2_room1_mix0741,70,4,0,101,-2,12.79
fold2_room1_mix0741,71,3,0,-61,-3,11.08
fold2_room1_mix0741,71,4,0,97,-3,11.96
fold2_room1_mix0741,72,3,0,-65,-3,11.02
fold2_room1_mix0741,72,4,0,94,-3,12.36
fold2_room1_mix0741,73,3,0,-60,-3,9.38
fold2_room1_mix0741,73,4,0,91,-3,12.14
fold2_room1_mix0741,74,3,0,-64,-3,8.33
fold2_room1_mix0741,74,4,0,89,-3,11.73
fold2_room1_mix0741,75,3,0,-65,-3,7.08
fold2_room1_mix0741,75,4,0,85,-3,11.89
fold2_room1_mix0741,76,3,0,-64,-3,4.62
fold2_room1_mix0741,76,4,0,82,-2,12.67
fold2_room1_mix0741,77,3,0,-58,-3,14.79
fold2_room1_mix0741,77,4,0,86,-3,10.99
fold2_room1_mix0741,78,3,0,-54,-3,14.60
fold2_room1_mix0741,78,4,0,84,-3,11.48
fold2_room1_mix0741,79,3,0,-51,-3,13.47
fold2_room1_mix0741,79,4,0,85,-3,11.30
fold2_room1_mix0741,80,3,0,-54,-3,12.89
fold2_room1_mix0741,80,4,0,81,-3,12.15
fold2_room1_mix0741,81,3,0,-48,-3,12.95
fold2_room1_mix0741,81,4,0,80,-3,11.75
fold2_room1_mix0741,82,3,0,-47,-3,12.80
fold2_room1_mix0741,82,4,0,80,-3,12.15
fold2_room1_mix0741,83,3,0,-49,-3,12.62
fold2_room1_mix0741,83,4,0,81,-3,12.26
fold2_room1_mix0741,84,3,0,-49,-2,12.14
fold2_room1_mix0741,84,4,0,73,-2,12.70
fold2_room1_mix0741,85,3,0,-46,-2,3.06
fold2_room1_mix0741,85,4,0,69,-2,14.83
fold2_room1_mix0741,86,4,0,68,-2,15.14
fold2_room1_mix0741,87,4,0,65,-2,15.22
fold2_room1_mix0741,88,4,0,65,-2,14.50
fold2_room1_mix0741,89,4,0,64,-2,15.99
fold2_room1_mix0741,90,4,0,60,-2,16.28
fold2_room1_mix0741,91,4,0,59,-2,17.00
fold2_room1_mix0741,92,4,0,57,-2,17.42
fold2_room1_mix0741,93,4,0,55,-2,17.56
fold2_room1_mix0741,94,4,0,54,-2,18.78
fold2_room1_mix0741,95,4,0,53,-2,17.97
fold2_room1_mix0741,96,4,0,51,-2,18.51
fold2_room1_mix0741,97,4,0,50,-2,19.29
fold2_room1_mix0741,98,4,0,48,-2,19.28
fold2_room1_mix0741,99,4,0,46,-2,19.04
fold2_room1_mix0742,5,4,0,-178,1,11.40
fold2_room1_mix0742,5,4,0,0,1,12.06
fold2_room1_mix0742,6,4,0,-179,0,18.73
fold2_room1_mix0742,6,4,0,2,0,18.96
fold2_room1_mix0742,7,4,0,-179,1,22.90
fold2_room1_mix0742,7,4,0,3,0,23.28
fold2_room1_mix0742,8,4,0,-179,1,28.75
fold2_room1_mix0742,8,4,0,2,0,25.84
fold2_room1_mix0742,9,4,0,-179,0,38.15
fold2_room1_mix0742,9,4,0,3,0,36.97
fold2_room1_mix0742,10,4,0,179,0,37.06
fold2_room1_mix0742,10,4,0,1,0,36.42
fold2_room1_mix0742,11,4,0,178,0,39.86
fold2_room1_mix0742,11,4,0,2,0,40.49
fold2_room1_mix0742,12,4,0,178,0,40.10
fold2_room1_mix0742,12,4,0,1,0,35.29
fold2_room1_mix0742,13,4,0,178,0,39.60
fold2_room1_mix0742,13,4,0,1,0,37.30
fold2_room1_mix0742,14,4,0,178,0,38.62
fold2_room1_mix0742,14,4,0,2,0,38.05
fold2_room1_mix0742,15,4,0,177,0,40.35
fold2_room1_mix0742,15,4,0,0,-1,35.20
fold2_room1_mix0742,16,4,0,176,0,43.49
fold2_room1_mix0742,16,4,0,1,0,35.83
fold2_room1_mix0742,17,4,0,178,0,39.30
fold2_room1_mix0742,17,4,0,1,0,37.54
fold2_room1_mix0742,18,4,0,177,0,42.49
fold2_room1_mix0742,18,4,0,1,-1,35.95
fold2_room1_mix0742,19,4,0,177,0,41.41
fold2_room1_mix0742,19,4,0,2,0,38.86
fold2_room1_mix0742,20,4,0,176,0,44.16
fold2_room1_mix0742,20,4,0,2,0,37.46
fold2_room1_mix0742,21,4,0,177,0,40.76
fold2_room1_mix0742,21,4,0,2,0,36.36
fold2_room1_mix0742,22,4,0,177,0,39.92
fold2_room1_mix0742,22,4,0,1,0,34.77
fold2_room1_mix0742,23,4,0,178,0,34.09
fold2_room1_mix0742,23,4,0,4,-1,31.68
fold2_room1_mix0742,24,4,0,177,0,32.50
fold2_room1_mix0742,24,4,0,3,-1,30.19
fold2_room1_mix0742,25,4,0,179,0,30.76
fold2_room1_mix0742,25,4,0,4,-1,28.37
fold2_room1_mix0742,26,4,0,176,0,32.18
fold2_room1_mix0742,26,4,0,3,-1,26.32
fold2_room1_mix0742,27,4,0,178,-1,28.59
fold2_room1_mix0742,27,4,0,3,-1,27.11
fold2_room1_mix0742,28,4,0,176,0,31.20
fold2_room1_mix0742,28,4,0,4,-2,23.43
fold2_room1_mix0742,29,4,0,177,0,29.38
fold2_room1_mix0742,29,4,0,5,-2,22.05
fold2_room1_mix0742,30,4,0,177,0,30.17
fold2_room1_mix0742,30,4,0,5,-2,22.63
fold2_room1_mix0742,31,4,0,178,0,28.28
fold2_room1_mix0742,31,4,0,5,-2,21.94
fold2_room1_mix0742,32,4,0,178,0,28.42
fold2_room1_mix0742,32,4,0,4,-2,21.29
fold2_room1_mix0742,33,4,0,177,-1,26.29
fold2_room1_mix0742,33,4,0,7,-2,20.01
fold2_room1_mix0742,34,4,0,177,-1,27.41
fold2_room1_mix0742,34,4,0,7,-2,19.93
fold2_room1_mix0742,35,4,0,178,-1,25.63
fold2_room1_mix0742,35,4,0,6,-2,19.91
fold2_room1_mix0742,36,4,0,179,-1,23.89
fold2_room1_mix0742,36,4,0,8,-2,17.51
fold2_room1_mix0742,37,4,0,179,-1,21.40
fold2_room1_mix0742,37,4,0,7,-2,15.23
fold2_room1_mix0742,38,4,0,-178,-1,22.43
fold2_room1_mix0742,38,4,0,10,-3,14.91
fold2_room1_mix0742,39,4,0,-178,-1,21.84
fold2_room1_mix0742,39,4,0,10,-3,14.37
fold2_room1_mix0742,40,4,0,-179,0,26.83
fold2_room1_mix0742,40,4,0,9,-3,14.94
fold2_room1_mix0742,41,4,0,179,-1,24.25
fold2_room1_mix0742,41,4,0,11,-3,13.20
fold2_room1_mix0742,42,4,0,179,0,26.83
fold2_room1_mix0742,42,4,0,11,-4,11.77
fold2_room1_mix0742,43,4,0,177,0,24.74
fold2_room1_mix0742,43,4,0,11,-4,11.49
fold2_room1_mix0742,44,4,0,177,0,24.15
fold2_room1_mix0742,44,4,0,14,-5,9.95
fold2_room1_mix0742,45,4,0,175,0,24.20
fold2_room1_mix0742,45,4,0,15,-5,8.69
fold2_room1_mix0742,46,4,0,174,0,24.98
fold2_room1_mix0742,46,4,0,20,-5,7.39
fold2_room1_mix0742,47,4,0,176,0,25.78
fold2_room1_mix0742,47,4,0,19,-6,7.11
fold2_room1_mix0742,48,4,0,174,0,28.79
fold2_room1_mix0742,48,4,0,23,-7,5.49
fold2_room1_mix0742,49,4,0,173,1,28.45
fold2_room1_mix0742,49,4,0,29,-7,4.70
fold2_room1_mix0742,50,4,0,171,0,26.85
fold2_room1_mix0742,50,4,0,36,-9,4.02
fold2_room1_mix0742,51,4,0,164,1,27.53
fold2_room1_mix0742,51,4,0,51,-11,3.12
fold2_room1_mix0742,52,4,0,159,1,24.61
fold2_room1_mix0742,52,4,0,88,-12,2.75
fold2_room1_mix0742,52,4,0,70,-12,2.94
fold2_room1_mix0742,53,4,0,166,1,24.25
fold2_room1_mix0742,53,4,0,106,-11,2.59
fold2_room1_mix0742,54,4,0,171,0,22.97
fold2_room1_mix0742,54,4,0,127,-9,2.92
fold2_room1_mix0742,55,4,0,172,0,19.65
fold2_room1_mix0742,55,4,0,138,-6,3.76
fold2_room1_mix0742,56,4,0,176,0,19.15
fold2_room1_mix0742,56,4,0,148,-5,4.44
fold2_room1_mix0742,57,4,0,172,0,18.89
fold2_room1_mix0742,57,4,0,152,-4,5.52
fold2_room1_mix0742,58,4,0,172,-1,16.37
fold2_room1_mix0742,58,4,0,154,-3,6.58
fold2_room1_mix0742,59,4,0,164,-2,10.35
fold2_room1_mix0742,60,4,0,166,-1,10.83
fold2_room1_mix0742,61,4,0,168,-1,11.11
fold2_room1_mix0742,62,4,0,168,-1,10.77
fold2_room1_mix0742,63,4,0,169,-2,10.40
fold2_room1_mix0742,64,4,0,170,-2,9.75
fold2_room1_mix0742,65,4,0,171,-2,10.07
fold2_room1_mix0742,66,4,0,169,-3,8.92
fold2_room1_mix0742,67,4,0,168,-4,8.50
fold2_room1_mix0742,68,4,0,165,-6,8.37
fold2_room1_mix0742,69,4,0,165,-4,12.57
fold2_room1_mix0742,69,4,0,146,-21,1.83
fold2_room1_mix0742,70,4,0,162,-6,14.08
fold2_room1_mix0742,70,4,0,103,-35,1.16
fold2_room1_mix0742,71,4,0,168,-1,16.38
fold2_room1_mix0742,71,4,0,45,-27,1.47
fold2_room1_mix0742,72,4,0,169,0,19.18
fold2_room1_mix0742,72,4,0,31,-20,1.79
fold2_room1_mix0742,73,4,0,169,0,20.75
fold2_room1_mix0742,73,4,0,20,-14,2.79
fold2_room1_mix0742,74,4,0,170,0,22.59
fold2_room1_mix0742,74,4,0,15,-11,3.45
fold2_room1_mix0742,75,4,0,170,0,24.31
fold2_room1_mix0742,75,4,0,15,-8,4.70
fold2_room1_mix0742,76,4,0,171,0,24.16
fold2_room1_mix0742,76,4,0,12,-6,5.72
fold2_room1_mix0742,77,4,0,172,0,24.85
fold2_room1_mix0742,77,4,0,8,-6,6.38
fold2_room1_mix0742,78,4,0,172,0,25.13
fold2_room1_mix0742,78,4,0,9,-4,8.24
fold2_room1_mix0742,79,4,0,174,0,24.58
fold2_room1_mix0742,79,4,0,9,-3,10.02
fold2_room1_mix0742,80,4,0,173,0,24.05
fold2_room1_mix0742,80,4,0,8,-2,11.12
fold2_room1_mix0742,81,4,0,175,0,26.91
fold2_room1_mix0742,81,4,0,7,-2,11.58
fold2_room1_mix0742,82,4,0,173,0,27.52
fold2_room1_mix0742,82,4,0,4,-2,11.87
fold2_room1_mix0742,83,4,0,173,0,31.14
fold2_room1_mix0742,83,4,0,5,-2,14.11
fold2_room1_mix0742,84,4,0,172,0,31.89
fold2_room1_mix0742,84,4,0,5,-2,14.38
fold2_room1_mix0742,85,4,0,174,0,31.61
fold2_room1_mix0742,85,4,0,6,-2,15.78
fold2_room1_mix0742,86,4,0,173,0,30.59
fold2_room1_mix0742,86,4,0,6,-2,16.03
fold2_room1_mix0742,87,4,0,174,0,33.98
fold2_room1_mix0742,87,4,0,6,-2,16.92
fold2_room1_mix0742,88,4,0,174,0,33.86
fold2_room1_mix0742,88,4,0,6,-1,18.45
fold2_room1_mix0742,89,4,0,175,0,35.38
fold2_room1_mix0742,89,4,0,6,-2,19.34
fold2_room1_mix0742,90,4,0,176,0,35.70
fold2_room1_mix0742,90,4,0,5,-1,18.81
fold2_room1_mix0742,91,4,0,176,0,45.31
fold2_room1_mix0742,91,4,0,5,-1,23.93
fold2_room1_mix0742,92,4,0,176,0,38.52
fold2_room1_mix0742,92,4,0,5,-1,19.73
fold2_room1_mix0742,93,4,0,176,0,36.39
fold2_room1_mix0742,93,4,0,4,-1,19.87
fold2_room1_mix0742,94,4,0,176,0,37.02
fold2_room1_mix0742,94,4,0,5,-1,21.58
fold2_room1_mix0742,95,4,0,176,0,38.87
fold2_room1_mix0742,95,4,0,5,-1,20.95
fold2_room1_mix0742,96,4,0,177,0,36.72
fold2_room1_mix0742,96,4,0,4,-1,20.68
fold2_room1_mix0742,97,4,0,175,0,42.78
fold2_room1_mix0742,97,4,0,6,-1,23.06
fold2_room1_mix0742,98,4,0,176,0,37.28
fold2_room1_mix0742,98,4,0,5,-1,23.26
fold2_room1_mix0742,99,4,0,175,0,43.12
fold2_room1_mix0742,99,4,0,5,0,26.59
fold2_room1_mix0742,4,4,0,0,2,3.37
fold2_room1_mix0743,0,5,0,2,6,1.89
fold2_room1_mix0743,1,5,0,2,5,4.15
fold2_room1_mix0743,2,4,0,176,0,2.04
fold2_room1_mix0743,2,4,0,1,0,1.86
fold2_room1_mix0743,2,5,0,0,6,4.31
fold2_room1_mix0743,3,4,0,177,1,4.80
fold2_room1_mix0743,3,4,0,1,1,4.70
fold2_room1_mix0743,3,5,0,0,8,2.63
fold2_room1_mix0743,4,4,0,177,0,18.06
fold2_room1_mix0743,4,4,0,3,0,17.85
fold2_room1_mix0743,4,5,0,2,6,4.72
fold2_room1_mix0743,5,4,0,178,0,17.91
fold2_room1_mix0743,5,4,0,4,0,17.66
fold2_room1_mix0743,5,5,0,0,6,7.35
fold2_room1_mix0743,6,4,0,175,0,23.18
fold2_room1_mix0743,6,4,0,2,0,23.02
fold2_room1_mix0743,6,5,0,-6,6,6.13
fold2_room1_mix0743,7,4,0,175,-1,31.31
fold2_room1_mix0743,7,4,0,3,0,33.63
fold2_room1_mix0743,7,5,0,0,7,5.09
fold2_room1_mix0743,8,4,0,176,-1,36.53
fold2_room1_mix0743,8,4,0,6,0,39.61
fold2_room1_mix0743,8,5,0,-3,5,6.32
fold2_room1_mix0743,9,4,0,173,0,39.24
fold2_room1_mix0743,9,4,0,5,-1,39.50
fold2_room1_mix0743,9,5,0,-5,7,5.12
fold2_room1_mix0743,10,4,0,175,-2,35.51
fold2_room1_mix0743,10,4,0,3,-1,37.20
fold2_room1_mix0743,10,5,0,-5,8,4.28
fold2_room1_mix0743,11,4,0,174,-1,35.39
fold2_room1_mix0743,11,4,0,4,0,38.78
fold2_room1_mix0743,11,5,0,-2,5,7.26
fold2_room1_mix0743,12,4,0,175,-1,32.97
fold2_room1_mix0743,12,4,0,2,0,36.61
fold2_room1_mix0743,12,5,0,-4,7,5.64
fold2_room1_mix0743,13,4,0,176,-1,33.30
fold2_room1_mix0743,13,4,0,2,-1,35.34
fold2_room1_mix0743,13,5,0,-3,8,4.77
fold2_room1_mix0743,14,4,0,174,-2,34.27
fold2_room1_mix0743,14,4,0,3,-1,36.03
fold2_room1_mix0743,14,5,0,-3,6,6.04
fold2_room1_mix0743,15,4,0,174,-1,36.60
fold2_room1_mix0743,15,4,0,2,-1,37.38
fold2_room1_mix0743,15,5,0,-3,8,4.71
fold2_room1_mix0743,16,4,0,175,-2,31.23
fold2_room1_mix0743,16,4,0,1,-1,33.51
fold2_room1_mix0743,16,5,0,-5,8,4.93
fold2_room1_mix0743,17,4,0,174,-1,34.75
fold2_room1_mix0743,17,4,0,2,-1,37.01
fold2_room1_mix0743,17,5,0,-1,7,6.17
fold2_room1_mix0743,18,4,0,175,-2,33.73
fold2_room1_mix0743,18,4,0,1,-1,35.49
fold2_room1_mix0743,18,5,0,0,7,5.81
fold2_room1_mix0743,19,4,0,173,-1,34.85
fold2_room1_mix0743,19,4,0,1,-1,33.47
fold2_room1_mix0743,19,5,0,-3,7,4.79
fold2_room1_mix0743,20,4,0,173,-2,29.87
fold2_room1_mix0743,20,4,0,1,-1,32.40
fold2_room1_mix0743,20,5,0,-1,6,6.20
fold2_room1_mix0743,21,4,0,174,-2,33.04
fold2_room1_mix0743,21,4,0,2,-1,34.67
fold2_room1_mix0743,21,5,0,0,6,6.38
fold2_room1_mix0743,22,4,0,174,-2,28.96
fold2_room1_mix0743,22,4,0,1,-1,31.80
fold2_room1_mix0743,22,5,0,1,6,6.08
fold2_room1_mix0743,23,4,0,177,-2,29.45
fold2_room1_mix0743,23,4,0,1,-1,32.25
fold2_room1_mix0743,23,5,0,-2,7,5.19
fold2_room1_mix0743,24,4,0,173,-2,27.80
fold2_room1_mix0743,24,4,0,0,-1,32.11
fold2_room1_mix0743,24,5,0,1,5,7.37
fold2_room1_mix0743,25,4,0,173,-2,28.84
fold2_room1_mix0743,25,4,0,1,-1,32.16
fold2_room1_mix0743,25,5,0,-3,8,5.02
fold2_room1_mix0743,26,4,0,174,-2,28.29
fold2_room1_mix0743,26,4,0,2,-1,31.71
fold2_room1_mix0743,26,5,0,1,7,5.11
fold2_room1_mix0743,27,4,0,175,-2,30.95
fold2_room1_mix0743,27,4,0,2,-1,33.19
fold2_room1_mix0743,27,5,0,0,7,5.72
fold2_room1_mix0743,28,4,0,174,-2,27.81
fold2_room1_mix0743,28,4,0,0,-1,30.50
fold2_room1_mix0743,28,5,0,-2,8,4.69
fold2_room1_mix0743,29,4,0,175,-2,31.34
fold2_room1_mix0743,29,4,0,1,-1,31.92
fold2_room1_mix0743,29,5,0,-1,9,3.98
fold2_room1_mix0743,30,4,0,173,-1,28.89
fold2_room1_mix0743,30,4,0,2,0,31.73
fold2_room1_mix0743,30,5,0,1,6,5.41
fold2_room1_mix0743,31,4,0,173,-2,29.48
fold2_room1_mix0743,31,4,0,2,-1,31.96
fold2_room1_mix0743,31,5,0,1,7,5.13
fold2_room1_mix0743,32,4,0,175,-1,32.07
fold2_room1_mix0743,32,4,0,2,-1,30.73
fold2_room1_mix0743,32,5,0,2,8,4.30
fold2_room1_mix0743,33,4,0,173,-1,32.51
fold2_room1_mix0743,33,4,0,1,0,33.06
fold2_room1_mix0743,33,5,0,1,6,5.77
fold2_room1_mix0743,34,4,0,174,-1,29.02
fold2_room1_mix0743,34,4,0,2,0,29.58
fold2_room1_mix0743,34,5,0,1,8,4.53
fold2_room1_mix0743,35,4,0,172,-1,30.27
fold2_room1_mix0743,35,4,0,3,0,30.15
fold2_room1_mix0743,35,5,0,0,9,3.93
fold2_room1_mix0743,36,4,0,174,-1,28.55
fold2_room1_mix0743,36,4,0,2,-1,28.62
fold2_room1_mix0743,36,5,0,1,6,5.76
fold2_room1_mix0743,37,4,0,171,-1,31.08
fold2_room1_mix0743,37,4,0,3,0,28.25
fold2_room1_mix0743,37,5,0,6,7,5.24
fold2_room1_mix0743,38,4,0,170,-1,31.49
fold2_room1_mix0743,38,4,0,2,0,29.88
fold2_room1_mix0743,38,5,0,5,8,4.28
fold2_room1_mix0743,39,4,0,171,-1,28.97
fold2_room1_mix0743,39,4,0,3,0,29.22
fold2_room1_mix0743,39,5,0,3,7,4.58
fold2_room1_mix0743,40,4,0,169,-1,29.16
fold2_room1_mix0743,40,4,0,5,0,30.04
fold2_room1_mix0743,40,5,0,5,7,5.15
fold2_room1_mix0743,41,4,0,169,-1,30.35
fold2_room1_mix0743,41,4,0,4,-1,30.56
fold2_room1_mix0743,41,5,0,5,10,3.82
fold2_room1_mix0743,42,4,0,164,-2,27.21
fold2_room1_mix0743,42,4,0,3,-1,27.75
fold2_room1_mix0743,42,5,0,8,8,4.52
fold2_room1_mix0743,43,4,0,166,-1,27.77
fold2_room1_mix0743,43,4,0,3,-1,28.88
fold2_room1_mix0743,43,5,0,7,7,5.48
fold2_room1_mix0743,44,4,0,165,-1,25.49
fold2_room1_mix0743,44,4,0,4,-1,26.11
fold2_room1_mix0743,44,5,0,5,9,4.28
fold2_room1_mix0743,45,4,0,165,-1,25.82
fold2_room1_mix0743,45,4,0,7,-1,25.32
fold2_room1_mix0743,45,5,0,10,7,5.20
fold2_room1_mix0743,46,4,0,163,-2,24.68
fold2_room1_mix0743,46,4,0,5,-2,24.85
fold2_room1_mix0743,46,5,0,12,6,5.91
fold2_room1_mix0743,47,4,0,159,-2,22.52
fold2_room1_mix0743,47,4,0,5,-2,25.37
fold2_room1_mix0743,47,5,0,9,8,4.77
fold2_room1_mix0743,48,4,0,160,-2,22.02
fold2_room1_mix0743,48,4,0,5,-2,22.03
fold2_room1_mix0743,48,5,0,11,8,4.93
fold2_room1_mix0743,49,4,0,168,-1,23.58
fold2_room1_mix0743,49,4,0,55,-3,22.17
fold2_room1_mix0743,49,4,0,-3,-2,21.03
fold2_room1_mix0743,49,5,0,11,6,5.90
fold2_room1_mix0743,50,4,0,163,-2,20.97
fold2_room1_mix0743,50,4,0,26,-3,20.32
fold2_room1_mix0743,50,4,0,0,-3,22.05
fold2_room1_mix0743,50,5,0,12,6,6.22
fold2_room1_mix0743,51,4,0,166,-1,21.67
fold2_room1_mix0743,51,4,0,59,-2,20.61
fold2_room1_mix0743,51,4,0,-2,-2,19.84
fold2_room1_mix0743,51,5,0,11,8,4.63
fold2_room1_mix0743,52,4,0,165,-1,20.98
fold2_room1_mix0743,52,4,0,52,-3,18.89
fold2_room1_mix0743,52,4,0,2,-2,20.33
fold2_room1_mix0743,52,5,0,11,7,5.51
fold2_room1_mix0743,53,4,0,160,-1,20.54
fold2_room1_mix0743,53,4,0,33,-3,18.18
fold2_room1_mix0743,53,4,0,7,-2,22.24
fold2_room1_mix0743,53,5,0,13,6,5.93
fold2_room1_mix0743,54,4,0,163,-1,20.29
fold2_room1_mix0743,54,4,0,50,-3,18.99
fold2_room1_mix0743,54,4,0,3,-2,20.76
fold2_room1_mix0743,54,5,0,12,6,6.47
fold2_room1_mix0743,55,4,0,163,-2,19.31
fold2_room1_mix0743,55,4,0,51,-2,19.08
fold2_room1_mix0743,55,4,0,8,-1,21.00
fold2_room1_mix0743,55,5,0,10,6,5.88
fold2_room1_mix0743,56,4,0,158,-2,18.02
fold2_room1_mix0743,56,4,0,34,-2,19.03
fold2_room1_mix0743,56,4,0,6,-1,22.00
fold2_room1_mix0743,56,5,0,10,5,6.46
fold2_room1_mix0743,57,4,0,150,-2,17.04
fold2_room1_mix0743,57,4,0,33,-3,17.27
fold2_room1_mix0743,57,4,0,4,-1,20.07
fold2_room1_mix0743,57,5,0,7,7,5.68
fold2_room1_mix0743,58,4,0,154,-2,16.02
fold2_room1_mix0743,58,4,0,41,-3,16.91
fold2_room1_mix0743,58,4,0,2,-1,19.44
fold2_room1_mix0743,58,5,0,12,6,6.22
fold2_room1_mix0743,59,4,0,146,-3,14.79
fold2_room1_mix0743,59,4,0,30,-3,16.19
fold2_room1_mix0743,59,4,0,2,-2,18.14
fold2_room1_mix0743,59,5,0,7,6,6.23
fold2_room1_mix0743,60,4,0,139,-3,13.50
fold2_room1_mix0743,60,4,0,24,-3,13.81
fold2_room1_mix0743,60,4,0,5,-2,16.18
fold2_room1_mix0743,60,5,0,10,6,5.75
fold2_room1_mix0743,61,4,0,148,-2,15.45
fold2_room1_mix0743,61,4,0,92,-1,16.36
fold2_room1_mix0743,61,4,0,-9,-3,13.81
fold2_room1_mix0743,61,5,0,9,8,4.73
fold2_room1_mix0743,62,4,0,130,-2,13.18
fold2_room1_mix0743,62,4,0,37,-4,11.81
fold2_room1_mix0743,62,4,0,0,-3,13.42
fold2_room1_mix0743,62,5,0,9,6,6.31
fold2_room1_mix0743,63,4,0,126,-2,13.78
fold2_room1_mix0743,63,4,0,44,-3,12.35
fold2_room1_mix0743,63,4,0,-4,-4,11.46
fold2_room1_mix0743,63,5,0,9,6,6.67
fold2_room1_mix0743,64,4,0,124,-2,13.22
fold2_room1_mix0743,64,4,0,38,-4,11.62
fold2_room1_mix0743,64,4,0,-1,-4,11.77
fold2_room1_mix0743,64,5,0,5,8,4.72
fold2_room1_mix0743,65,4,0,119,-2,12.68
fold2_room1_mix0743,65,4,0,9,-4,10.19
fold2_room1_mix0743,65,5,0,9,6,5.90
fold2_room1_mix0743,66,4,0,112,-2,12.67
fold2_room1_mix0743,66,4,0,6,-5,9.20
fold2_room1_mix0743,66,5,0,9,6,6.34
fold2_room1_mix0743,67,4,0,102,-3,12.91
fold2_room1_mix0743,67,4,0,6,-5,9.36
fold2_room1_mix0743,67,5,0,4,8,5.08
fold2_room1_mix0743,68,4,0,102,-2,13.31
fold2_room1_mix0743,68,4,0,7,-5,9.25
fold2_room1_mix0743,68,5,0,4,5,7.29
fold2_room1_mix0743,69,4,0,105,-2,13.34
fold2_room1_mix0743,69,4,0,6,-5,9.14
fold2_room1_mix0743,69,5,0,6,6,6.33
fold2_room1_mix0743,70,4,0,88,-2,12.74
fold2_room1_mix0743,70,4,0,5,-5,8.94
fold2_room1_mix0743,70,5,0,10,7,5.83
fold2_room1_mix0743,71,4,0,81,-2,12.96
fold2_room1_mix0743,71,4,0,4,-6,8.01
fold2_room1_mix0743,71,5,0,5,6,6.60
fold2_room1_mix0743,72,4,0,79,-1,12.60
fold2_room1_mix0743,72,4,0,0,-5,7.90
fold2_room1_mix0743,72,5,0,7,6,7.10
fold2_room1_mix0743,73,4,0,74,-1,13.30
fold2_room1_mix0743,73,4,0,5,-6,6.79
fold2_room1_mix0743,73,5,0,4,7,5.79
fold2_room1_mix0743,74,4,0,65,0,13.04
fold2_room1_mix0743,74,4,0,0,-7,5.84
fold2_room1_mix0743,74,5,0,6,7,5.77
fold2_room1_mix0743,75,4,0,61,0,13.57
fold2_room1_mix0743,75,4,0,-4,-6,6.15
fold2_room1_mix0743,75,5,0,5,7,6.39
fold2_room1_mix0743,76,4,0,57,0,14.95
fold2_room1_mix0743,76,4,0,-10,-6,5.96
fold2_room1_mix0743,76,5,0,2,6,6.26
fold2_room1_mix0743,77,4,0,55,0,14.07
fold2_room1_mix0743,77,4,0,-3,-6,5.83
fold2_room1_mix0743,77,5,0,3,6,6.85
fold2_room1_mix0743,78,4,0,58,0,14.70
fold2_room1_mix0743,78,4,0,-2,-6,5.70
fold2_room1_mix0743,78,5,0,6,7,6.23
fold2_room1_mix0743,79,4,0,61,0,16.76
fold2_room1_mix0743,79,4,0,-5,-8,4.77
fold2_room1_mix0743,79,5,0,0,7,6.08
fold2_room1_mix0743,80,4,0,57,0,16.88
fold2_room1_mix0743,80,4,0,-1,-7,5.12
fold2_room1_mix0743,80,5,0,3,6,6.68
fold2_room1_mix0743,81,4,0,52,0,15.01
fold2_room1_mix0743,81,4,0,-2,-7,5.19
fold2_room1_mix0743,81,5,0,5,5,8.02
fold2_room1_mix0743,82,4,0,61,-2,12.45
fold2_room1_mix0743,82,4,0,-21,-11,3.28
fold2_room1_mix0743,82,4,0,18,-3,7.64
fold2_room1_mix0743,82,5,0,4,5,7.89
fold2_room1_mix0743,83,4,0,60,-5,10.25
fold2_room1_mix0743,83,4,0,-21,-13,2.77
fold2_room1_mix0743,83,4,0,29,-2,9.19
fold2_room1_mix0743,83,5,0,-3,6,6.67
fold2_room1_mix0743,84,4,0,-33,-16,2.18
fold2_room1_mix0743,84,4,0,31,0,14.82
fold2_room1_mix0743,84,5,0,0,4,9.41
fold2_room1_mix0743,85,4,0,-41,-18,1.90
fold2_room1_mix0743,85,4,0,25,0,15.12
fold2_room1_mix0743,85,5,0,-2,4,8.52
fold2_room1_mix0743,86,4,0,-99,-28,4.15
fold2_room1_mix0743,86,4,0,-54,-23,1.40
fold2_room1_mix0743,86,4,0,27,0,18.08
fold2_room1_mix0743,86,5,0,0,4,9.34
fold2_room1_mix0743,87,4,0,-104,-26,3.53
fold2_room1_mix0743,87,4,0,-73,-28,1.24
fold2_room1_mix0743,87,4,0,29,0,20.95
fold2_room1_mix0743,87,5,0,-1,4,9.76
fold2_room1_mix0743,88,4,0,-109,-21,2.56
fold2_room1_mix0743,88,4,0,-91,-27,1.21
fold2_room1_mix0743,88,4,0,29,0,25.44
fold2_room1_mix0743,88,5,0,-1,4,10.21
fold2_room1_mix0743,89,4,0,-121,-22,1.84
fold2_room1_mix0743,89,4,0,30,0,25.72
fold2_room1_mix0743,89,5,0,-3,4,10.18
fold2_room1_mix0743,90,4,0,-135,-17,2.10
fold2_room1_mix0743,90,4,0,31,2,24.58
fold2_room1_mix0743,90,5,0,2,3,10.29
fold2_room1_mix0743,91,4,0,-141,-14,2.45
fold2_room1_mix0743,91,4,0,35,2,27.16
fold2_room1_mix0743,91,5,0,-8,4,9.78
fold2_room1_mix0743,92,4,0,-148,-13,2.67
fold2_room1_mix0743,92,4,0,32,1,27.78
fold2_room1_mix0743,92,5,0,-6,3,9.71
fold2_room1_mix0743,93,4,0,-154,-11,3.30
fold2_room1_mix0743,93,4,0,30,1,25.12
fold2_room1_mix0743,93,5,0,-3,4,8.95
fold2_room1_mix0743,94,4,0,-156,-9,3.79
fold2_room1_mix0743,94,4,0,34,2,26.65
fold2_room1_mix0743,94,5,0,-4,4,8.79
fold2_room1_mix0743,95,4,0,-159,-9,4.16
fold2_room1_mix0743,95,4,0,30,1,28.41
fold2_room1_mix0743,95,5,0,-5,3,9.42
fold2_room1_mix0743,96,4,0,-163,-8,4.78
fold2_room1_mix0743,96,4,0,29,0,29.77
fold2_room1_mix0743,96,5,0,0,3,8.67
fold2_room1_mix0743,97,4,0,-164,-7,5.03
fold2_room1_mix0743,97,4,0,23,0,29.22
fold2_room1_mix0743,97,5,0,-1,4,9.27
fold2_room1_mix0743,98,4,0,-167,-6,5.63
fold2_room1_mix0743,98,4,0,21,0,30.90
fold2_room1_mix0743,98,5,0,-1,4,8.11
fold2_room1_mix0743,99,4,0,-170,-6,5.99
fold2_room1_mix0743,99,4,0,20,0,32.74
fold2_room1_mix0743,99,5,0,-2,4,7.21
fold2_room1_mix0744,4,4,0,176,0,2.26
fold2_room1_mix0744,5,4,0,174,0,17.84
fold2_room1_mix0744,6,4,0,171,0,20.50
fold2_room1_mix0744,7,4,0,174,0,23.82
fold2_room1_mix0744,8,4,0,172,0,27.67
fold2_room1_mix0744,9,4,0,171,-1,37.55
fold2_room1_mix0744,10,4,0,170,-1,37.71
fold2_room1_mix0744,11,4,0,169,0,40.61
fold2_room1_mix0744,12,4,0,168,0,40.30
fold2_room1_mix0744,13,4,0,168,0,38.50
fold2_room1_mix0744,14,4,0,168,0,40.42
fold2_room1_mix0744,15,4,0,168,0,41.19
fold2_room1_mix0744,16,4,0,167,0,39.96
fold2_room1_mix0744,17,4,0,167,0,40.80
fold2_room1_mix0744,18,4,0,166,0,39.91
fold2_room1_mix0744,19,4,0,167,0,41.29
fold2_room1_mix0744,20,4,0,168,0,40.78
fold2_room1_mix0744,21,4,0,167,0,41.29
fold2_room1_mix0744,22,4,0,166,0,40.29
fold2_room1_mix0744,23,4,0,168,0,38.26
fold2_room1_mix0744,24,4,0,167,0,38.79
fold2_room1_mix0744,25,4,0,168,0,40.88
fold2_room1_mix0744,26,4,0,166,0,38.67
fold2_room1_mix0744,27,4,0,168,0,38.70
fold2_room1_mix0744,28,4,0,165,0,38.41
fold2_room1_mix0744,29,4,0,165,0,38.15
fold2_room1_mix0744,30,4,0,165,0,35.43
fold2_room1_mix0744,31,4,0,168,0,34.75
fold2_room1_mix0744,32,4,0,168,0,34.38
fold2_room1_mix0744,33,4,0,166,0,33.42
fold2_room1_mix0744,34,4,0,163,0,31.74
fold2_room1_mix0744,35,4,0,166,0,32.35
fold2_room1_mix0744,36,4,0,163,0,32.42
fold2_room1_mix0744,37,4,0,162,0,30.55
fold2_room1_mix0744,38,4,0,162,0,30.31
fold2_room1_mix0744,39,4,0,162,0,31.04
fold2_room1_mix0744,40,4,0,159,0,28.78
fold2_room1_mix0744,41,4,0,159,0,28.52
fold2_room1_mix0744,42,4,0,159,0,28.97
fold2_room1_mix0744,43,4,0,159,-1,27.91
fold2_room1_mix0744,44,4,0,157,-1,27.78
fold2_room1_mix0744,45,4,0,158,-1,26.54
fold2_room1_mix0744,46,4,0,157,-1,25.89
fold2_room1_mix0744,47,4,0,156,-1,26.38
fold2_room1_mix0744,48,4,0,154,-1,24.47
fold2_room1_mix0744,49,4,0,153,-1,23.50
fold2_room1_mix0744,50,4,0,150,-1,22.75
fold2_room1_mix0744,51,4,0,150,-1,22.01
fold2_room1_mix0744,52,4,0,148,-1,21.38
fold2_room1_mix0744,53,4,0,147,-1,19.92
fold2_room1_mix0744,54,4,0,147,-1,19.59
fold2_room1_mix0744,55,4,0,145,-1,18.37
fold2_room1_mix0744,56,4,0,145,-1,18.77
fold2_room1_mix0744,57,4,0,143,-1,17.39
fold2_room1_mix0744,58,4,0,142,-2,17.58
fold2_room1_mix0744,59,4,0,140,-2,16.38
fold2_room1_mix0744,60,4,0,136,-2,15.92
fold2_room1_mix0744,61,4,0,135,-2,14.94
fold2_room1_mix0744,62,4,0,135,-2,14.61
fold2_room1_mix0744,63,4,0,131,-2,13.69
fold2_room1_mix0744,64,4,0,129,-2,13.40
fold2_room1_mix0744,65,4,0,128,-3,13.14
fold2_room1_mix0744,66,4,0,125,-3,12.71
fold2_room1_mix0744,67,4,0,123,-3,12.43
fold2_room1_mix0744,68,4,0,120,-3,12.25
fold2_room1_mix0744,69,4,0,116,-3,12.13
fold2_room1_mix0744,70,4,0,110,-3,11.78
fold2_room1_mix0744,71,4,0,105,-3,11.84
fold2_room1_mix0744,72,4,0,99,-3,11.35
fold2_room1_mix0744,73,4,0,95,-3,11.63
fold2_room1_mix0744,74,4,0,90,-3,11.06
fold2_room1_mix0744,75,4,0,85,-3,11.37
fold2_room1_mix0744,76,4,0,83,-3,11.93
fold2_room1_mix0744,77,4,0,78,-3,11.70
fold2_room1_mix0744,78,4,0,73,-3,11.98
fold2_room1_mix0744,79,4,0,69,-2,12.51
fold2_room1_mix0744,80,4,0,65,-2,12.77
fold2_room1_mix0744,81,4,0,62,-2,13.07
fold2_room1_mix0744,82,4,0,60,-2,13.57
fold2_room1_mix0744,83,4,0,56,-2,13.91
fold2_room1_mix0744,84,4,0,56,-2,14.05
fold2_room1_mix0744,85,4,0,53,-2,14.56
fold2_room1_mix0744,86,4,0,51,-2,15.71
fold2_room1_mix0744,87,4,0,48,-2,16.09
fold2_room1_mix0744,88,4,0,46,-2,16.26
fold2_room1_mix0744,89,4,0,44,-2,17.01
fold2_room1_mix0744,90,4,0,42,-2,17.59
fold2_room1_mix0744,91,4,0,39,-2,18.46
fold2_room1_mix0744,92,4,0,38,-2,19.50
fold2_room1_mix0744,93,4,0,35,-2,19.73
fold2_room1_mix0744,94,4,0,34,-1,20.60
fold2_room1_mix0744,95,4,0,33,-1,22.15
fold2_room1_mix0744,96,4,0,31,-1,22.22
fold2_room1_mix0744,97,4,0,31,-1,22.72
fold2_room1_mix0744,98,4,0,31,-1,24.83
fold2_room1_mix0744,99,4,0,28,-1,24.01
fold2_room1_mix0745,12,4,0,5,-1,3.91
fold2_room1_mix0745,13,4,0,1,-1,5.18
fold2_room1_mix0745,14,4,0,2,-2,9.06
fold2_room1_mix0745,15,4,0,4,-3,11.52
fold2_room1_mix0745,16,4,0,6,-3,12.40
fold2_room1_mix0745,17,4,0,6,-3,13.02
fold2_room1_mix0745,18,4,0,9,-3,11.75
fold2_room1_mix0745,19,4,0,8,-3,11.82
fold2_room1_mix0745,20,4,0,4,-3,12.27
fold2_room1_mix0745,21,4,0,5,-3,11.60
fold2_room1_mix0745,22,4,0,5,-3,10.73
fold2_room1_mix0745,23,4,0,4,-3,10.90
fold2_room1_mix0745,24,4,0,1,-3,11.58
fold2_room1_mix0745,25,4,0,4,-3,11.59
fold2_room1_mix0745,26,4,0,7,-4,10.39
fold2_room1_mix0745,27,4,0,0,-4,11.15
fold2_room1_mix0745,28,4,0,4,-4,10.77
fold2_room1_mix0745,29,4,0,6,-4,9.41
fold2_room1_mix0745,30,4,0,9,-4,9.46
fold2_room1_mix0745,31,4,0,-14,-4,9.65
fold2_room1_mix0745,31,4,0,15,-3,9.59
fold2_room1_mix0745,32,4,0,-17,-4,8.92
fold2_room1_mix0745,32,4,0,10,-3,9.42
fold2_room1_mix0745,33,4,0,-26,-5,8.31
fold2_room1_mix0745,33,4,0,16,-4,8.76
fold2_room1_mix0745,34,4,0,-22,-4,9.05
fold2_room1_mix0745,34,4,0,16,-3,8.82
fold2_room1_mix0745,35,4,0,-29,-4,8.37
fold2_room1_mix0745,35,4,0,21,-4,7.80
fold2_room1_mix0745,36,4,0,-34,-3,8.64
fold2_room1_mix0745,36,4,0,21,-4,7.43
fold2_room1_mix0745,37,4,0,-28,-4,7.86
fold2_room1_mix0745,37,4,0,21,-4,7.40
fold2_room1_mix0745,38,4,0,-32,-4,8.82
fold2_room1_mix0745,38,4,0,21,-4,7.07
fold2_room1_mix0745,39,4,0,-51,-2,9.08
fold2_room1_mix0745,39,4,0,23,-4,6.17
fold2_room1_mix0745,40,4,0,-72,-4,8.63
fold2_room1_mix0745,40,4,0,25,-5,6.19
fold2_room1_mix0745,41,4,0,-22,-5,7.40
fold2_room1_mix0745,41,4,0,25,-5,5.83
fold2_room1_mix0745,42,4,0,-39,-2,8.83
fold2_room1_mix0745,42,4,0,29,-5,5.39
fold2_room1_mix0745,43,4,0,6,-6,6.39
fold2_room1_mix0745,43,4,0,29,-5,5.26
fold2_room1_mix0745,44,4,0,-38,-5,7.93
fold2_room1_mix0745,44,4,0,29,-6,4.84
fold2_room1_mix0745,45,4,0,-7,-6,5.93
fold2_room1_mix0745,45,4,0,35,-5,4.68
fold2_room1_mix0745,46,4,0,9,-8,5.54
fold2_room1_mix0745,46,4,0,33,-7,4.30
fold2_room1_mix0745,47,4,0,33,-7,4.24
fold2_room1_mix0745,48,4,0,41,-8,4.15
fold2_room1_mix0745,49,4,0,52,-8,4.41
fold2_room1_mix0745,50,4,0,67,-10,3.10
fold2_room1_mix0745,50,4,0,43,-6,6.35
fold2_room1_mix0745,51,4,0,74,-8,3.51
fold2_room1_mix0745,52,4,0,83,-8,3.61
fold2_room1_mix0745,53,4,0,96,-8,3.32
fold2_room1_mix0745,54,4,0,106,-7,3.45
fold2_room1_mix0745,55,4,0,116,-7,3.42
fold2_room1_mix0745,56,4,0,125,-7,3.33
fold2_room1_mix0745,57,4,0,130,-6,3.76
fold2_room1_mix0745,58,4,0,137,-7,3.72
fold2_room1_mix0745,59,4,0,141,-6,3.71
fold2_room1_mix0745,60,4,0,146,-6,4.19
fold2_room1_mix0745,61,4,0,146,-6,3.94
fold2_room1_mix0745,61,4,0,174,-6,6.50
fold2_room1_mix0745,62,4,0,153,-6,4.70
fold2_room1_mix0745,63,4,0,156,-5,5.00
fold2_room1_mix0745,64,4,0,155,-5,4.75
fold2_room1_mix0745,65,4,0,155,-5,5.38
fold2_room1_mix0745,66,4,0,157,-5,5.60
fold2_room1_mix0745,67,4,0,157,-4,6.19
fold2_room1_mix0745,68,4,0,157,-4,6.38
fold2_room1_mix0745,69,4,0,159,-4,6.74
fold2_room1_mix0745,70,4,0,161,-4,6.47
fold2_room1_mix0745,71,4,0,163,-4,7.03
fold2_room1_mix0745,72,4,0,163,-4,7.39
fold2_room1_mix0745,73,4,0,162,-3,7.86
fold2_room1_mix0745,74,4,0,162,-3,8.39
fold2_room1_mix0745,75,4,0,166,-3,8.35
fold2_room1_mix0745,76,4,0,164,-3,8.63
fold2_room1_mix0745,77,4,0,166,-2,8.88
fold2_room1_mix0745,78,4,0,165,-2,9.25
fold2_room1_mix0745,79,4,0,167,-2,9.18
fold2_room1_mix0745,80,4,0,167,-2,9.36
fold2_room1_mix0745,81,4,0,166,-2,9.94
fold2_room1_mix0745,82,4,0,168,-2,10.74
fold2_room1_mix0745,83,4,0,169,-2,10.60
fold2_room1_mix0745,84,4,0,168,-1,11.13
fold2_room1_mix0745,85,4,0,170,-2,10.97
fold2_room1_mix0745,86,4,0,171,-1,11.24
fold2_room1_mix0745,87,4,0,170,-2,11.27
fold2_room1_mix0745,88,4,0,170,-2,11.78
fold2_room1_mix0745,89,4,0,171,-1,12.71
fold2_room1_mix0745,90,4,0,170,-1,12.39
fold2_room1_mix0745,91,4,0,171,-1,12.78
fold2_room1_mix0745,92,4,0,169,-1,13.07
fold2_room1_mix0745,93,4,0,171,-1,13.10
fold2_room1_mix0745,94,4,0,170,-2,13.17
fold2_room1_mix0745,95,4,0,171,-2,8.63
fold2_room1_mix0745,96,4,0,171,-1,7.78
fold2_room1_mix0745,97,4,0,173,-2,11.64
fold2_room1_mix0745,98,4,0,173,-1,6.90
fold2_room1_mix0745,99,4,0,172,-1,6.83
fold2_room1_mix0747,23,4,0,-142,0,10.37
fold2_room1_mix0747,24,4,0,-143,-1,9.55
fold2_room1_mix0747,25,4,0,-144,-1,15.04
fold2_room1_mix0747,26,4,0,-146,-1,9.02
fold2_room1_mix0747,27,4,0,-140,-1,18.89
fold2_room1_mix0747,28,4,0,-136,-1,17.42
fold2_room1_mix0747,29,4,0,-132,-1,18.84
fold2_room1_mix0747,30,4,0,-135,-1,20.27
fold2_room1_mix0747,31,4,0,-136,-1,20.66
fold2_room1_mix0747,32,4,0,-131,-1,19.61
fold2_room1_mix0747,33,4,0,-129,-1,19.72
fold2_room1_mix0747,34,4,0,-129,-1,19.21
fold2_room1_mix0747,35,4,0,-128,-1,19.14
fold2_room1_mix0747,36,4,0,-125,-1,18.19
fold2_room1_mix0747,37,4,0,-125,-1,18.32
fold2_room1_mix0747,38,4,0,-123,-1,18.32
fold2_room1_mix0747,39,3,0,-36,-3,9.46
fold2_room1_mix0747,39,4,0,-126,-1,18.31
fold2_room1_mix0747,40,3,0,-34,-3,11.99
fold2_room1_mix0747,40,4,0,-123,-1,17.11
fold2_room1_mix0747,41,3,0,-43,-3,8.05
fold2_room1_mix0747,41,4,0,-122,-2,15.54
fold2_room1_mix0747,42,3,0,-45,-3,10.43
fold2_room1_mix0747,42,4,0,-125,-2,17.39
fold2_room1_mix0747,43,3,0,-44,-3,10.90
fold2_room1_mix0747,43,4,0,-125,-2,16.79
fold2_room1_mix0747,44,3,0,-49,-3,8.63
fold2_room1_mix0747,44,4,0,-120,-1,14.90
fold2_room1_mix0747,45,3,0,-47,-3,8.00
fold2_room1_mix0747,45,4,0,-117,-1,15.49
fold2_room1_mix0747,46,3,0,-49,-3,7.83
fold2_room1_mix0747,46,4,0,-116,-2,15.40
fold2_room1_mix0747,47,3,0,-47,-3,8.61
fold2_room1_mix0747,47,4,0,-115,-1,14.63
fold2_room1_mix0747,48,3,0,-50,-3,5.00
fold2_room1_mix0747,48,4,0,-114,-1,15.51
fold2_room1_mix0747,49,3,0,-47,-3,3.52
fold2_room1_mix0747,49,4,0,-111,0,17.24
fold2_room1_mix0747,50,4,0,-107,-1,17.08
fold2_room1_mix0747,51,4,0,-105,-1,16.91
fold2_room1_mix0747,52,4,0,-104,-1,16.09
fold2_room1_mix0747,53,4,0,-103,-2,16.03
fold2_room1_mix0747,54,4,0,-99,-2,15.54
fold2_room1_mix0747,55,4,0,-101,-2,15.72
fold2_room1_mix0747,56,3,0,-72,-4,7.21
fold2_room1_mix0747,56,4,0,-96,-2,16.22
fold2_room1_mix0747,57,3,0,-80,-4,8.56
fold2_room1_mix0747,57,4,0,-97,-3,14.97
fold2_room1_mix0747,58,3,0,-81,-4,8.19
fold2_room1_mix0747,58,4,0,-94,-3,13.92
fold2_room1_mix0747,59,3,0,-80,-4,5.58
fold2_room1_mix0747,59,4,0,-93,-3,15.20
fold2_room1_mix0747,60,3,0,-85,-5,9.95
fold2_room1_mix0747,60,4,0,-90,-3,14.60
fold2_room1_mix0747,61,3,0,-86,-5,7.67
fold2_room1_mix0747,61,4,0,-85,-4,13.54
fold2_room1_mix0747,62,4,0,-87,-3,15.21
fold2_room1_mix0747,63,4,0,-83,-2,15.89
fold2_room1_mix0747,64,4,0,-86,-3,16.23
fold2_room1_mix0747,65,4,0,-81,-2,15.24
fold2_room1_mix0747,66,4,0,-84,-2,15.42
fold2_room1_mix0747,67,4,0,-82,-2,16.07
fold2_room1_mix0747,68,4,0,-82,-2,16.13
fold2_room1_mix0747,69,4,0,-81,-2,15.72
fold2_room1_mix0747,70,4,0,-79,-2,15.87
fold2_room1_mix0747,71,4,0,-78,-2,15.79
fold2_room1_mix0747,72,4,0,-77,-2,16.45
fold2_room1_mix0747,73,4,0,-76,-2,15.78
fold2_room1_mix0747,74,3,0,-106,-5,6.27
fold2_room1_mix0747,74,4,0,-76,-3,16.65
fold2_room1_mix0747,75,3,0,-104,-5,8.73
fold2_room1_mix0747,75,4,0,-76,-3,16.82
fold2_room1_mix0747,76,3,0,-100,-4,7.39
fold2_room1_mix0747,76,4,0,-73,-3,15.67
fold2_room1_mix0747,77,4,0,-70,-2,16.49
fold2_room1_mix0747,78,3,0,-102,-5,2.46
fold2_room1_mix0747,78,4,0,-70,-3,17.97
fold2_room1_mix0747,79,3,0,-107,-4,6.37
fold2_room1_mix0747,79,4,0,-69,-3,18.36
fold2_room1_mix0747,80,3,0,-110,-5,8.14
fold2_room1_mix0747,80,4,0,-66,-3,17.56
fold2_room1_mix0747,81,3,0,-113,-4,8.95
fold2_room1_mix0747,81,4,0,-64,-3,17.48
fold2_room1_mix0747,82,3,0,-117,-4,9.41
fold2_room1_mix0747,82,4,0,-63,-3,19.20
fold2_room1_mix0747,83,3,0,-115,-5,7.73
fold2_room1_mix0747,83,4,0,-63,-3,18.33
fold2_room1_mix0747,84,3,0,-119,-4,7.51
fold2_room1_mix0747,84,4,0,-59,-3,20.86
fold2_room1_mix0747,85,3,0,-120,-4,7.74
fold2_room1_mix0747,85,4,0,-59,-2,21.08
fold2_room1_mix0747,86,3,0,-120,-4,7.18
fold2_room1_mix0747,86,4,0,-58,-2,21.22
fold2_room1_mix0747,87,3,0,-121,-4,6.10
fold2_room1_mix0747,87,4,0,-57,-2,22.33
fold2_room1_mix0747,88,3,0,-120,-4,4.75
fold2_room1_mix0747,88,4,0,-56,-1,23.31
fold2_room1_mix0747,89,4,0,-61,-1,19.96
fold2_room1_mix0747,90,4,0,-58,-1,20.52
fold2_room1_mix0747,91,4,0,-58,-1,20.22
fold2_room1_mix0747,92,4,0,-55,-1,20.65
fold2_room1_mix0747,93,3,0,-133,-4,10.99
fold2_room1_mix0747,93,4,0,-59,-1,21.76
fold2_room1_mix0747,94,3,0,-132,-4,11.20
fold2_room1_mix0747,94,4,0,-58,-2,20.93
fold2_room1_mix0747,95,4,0,-55,-1,19.12
fold2_room1_mix0747,96,4,0,-54,-1,18.94
fold2_room1_mix0747,97,4,0,-62,-1,5.34
fold2_room1_mix0747,98,4,0,-52,-1,15.34
fold2_room1_mix0747,99,4,0,-56,-1,8.40
fold2_room1_mix0748,53,4,0,0,-1,9.68
fold2_room1_mix0748,54,4,0,4,-1,17.14
fold2_room1_mix0748,55,4,0,3,-1,16.95
fold2_room1_mix0748,56,4,0,6,-1,19.32
fold2_room1_mix0748,57,4,0,6,-1,19.28
fold2_room1_mix0748,58,4,0,8,-1,18.92
fold2_room1_mix0748,59,4,0,10,-1,18.01
fold2_room1_mix0748,60,4,0,7,-2,17.24
fold2_room1_mix0748,61,4,0,8,-1,16.21
fold2_room1_mix0748,62,4,0,8,-2,16.30
fold2_room1_mix0748,63,4,0,10,-2,14.59
fold2_room1_mix0748,64,4,0,9,-2,13.68
fold2_room1_mix0748,65,4,0,11,-2,13.32
fold2_room1_mix0748,66,4,0,11,-3,11.91
fold2_room1_mix0748,67,4,0,13,-3,11.07
fold2_room1_mix0748,68,4,0,15,-3,9.96
fold2_room1_mix0748,69,4,0,14,-3,9.10
fold2_room1_mix0748,70,4,0,18,-4,8.50
fold2_room1_mix0748,71,4,0,18,-4,6.95
fold2_room1_mix0748,72,4,0,21,-5,6.05
fold2_room1_mix0748,73,4,0,25,-6,5.05
fold2_room1_mix0748,74,4,0,28,-8,3.98
fold2_room1_mix0748,75,4,0,31,-9,3.53
fold2_room1_mix0748,76,4,0,42,-10,2.90
fold2_room1_mix0748,77,4,0,63,-14,2.15
fold2_room1_mix0748,78,4,0,82,-15,2.18
fold2_room1_mix0748,79,4,0,115,-11,2.36
fold2_room1_mix0748,80,4,0,132,-9,2.65
fold2_room1_mix0748,81,4,0,146,-6,3.34
fold2_room1_mix0748,82,4,0,151,-6,4.13
fold2_room1_mix0748,83,4,0,155,-5,4.85
fold2_room1_mix0748,84,4,0,158,-4,5.76
fold2_room1_mix0748,85,4,0,162,-4,6.60
fold2_room1_mix0748,86,4,0,164,-3,7.53
fold2_room1_mix0748,87,4,0,167,-3,8.33
fold2_room1_mix0748,88,4,0,168,-2,9.37
fold2_room1_mix0748,89,4,0,169,-2,10.39
fold2_room1_mix0748,90,4,0,169,-2,10.93
fold2_room1_mix0748,91,4,0,170,-2,11.95
fold2_room1_mix0748,92,4,0,170,-1,12.94
fold2_room1_mix0748,93,4,0,172,-1,13.68
fold2_room1_mix0748,94,4,0,171,-1,14.09
fold2_room1_mix0748,95,4,0,171,-1,15.82
fold2_room1_mix0748,96,4,0,172,-1,15.93
fold2_room1_mix0748,97,4,0,172,0,17.15
fold2_room1_mix0748,98,4,0,172,-1,17.47
fold2_room1_mix0748,99,4,0,172,0,17.98
fold2_room1_mix0749,24,4,0,177,0,5.41
fold2_room1_mix0749,25,4,0,175,0,13.33
fold2_room1_mix0749,26,4,0,178,0,8.12
fold2_room1_mix0749,27,4,0,179,0,15.39
fold2_room1_mix0749,28,4,0,178,0,17.55
fold2_room1_mix0749,29,4,0,178,-1,16.80
fold2_room1_mix0749,30,4,0,-177,0,12.24
fold2_room1_mix0749,31,4,0,-178,-1,17.72
fold2_room1_mix0749,32,4,0,-175,-1,18.25
fold2_room1_mix0749,33,4,0,-179,-1,18.57
fold2_room1_mix0749,34,4,0,-176,0,18.15
fold2_room1_mix0749,34,4,0,-9,-1,20.37
fold2_room1_mix0749,35,4,0,-175,-1,18.10
fold2_room1_mix0749,35,4,0,-14,-1,21.27
fold2_room1_mix0749,36,4,0,-173,-1,18.67
fold2_room1_mix0749,36,4,0,-13,-1,22.11
fold2_room1_mix0749,37,4,0,-174,-1,17.20
fold2_room1_mix0749,37,4,0,-9,-1,20.65
fold2_room1_mix0749,38,4,0,-176,-1,17.69
fold2_room1_mix0749,38,4,0,-8,-1,21.46
fold2_room1_mix0749,39,4,0,-174,-2,15.29
fold2_room1_mix0749,39,4,0,-8,-2,16.99
fold2_room1_mix0749,40,4,0,-174,-2,15.65
fold2_room1_mix0749,40,4,0,-11,-1,18.96
fold2_room1_mix0749,41,4,0,-173,-1,16.80
fold2_room1_mix0749,41,4,0,-7,-1,18.60
fold2_room1_mix0749,42,4,0,-175,-1,15.70
fold2_room1_mix0749,42,4,0,-9,-2,15.33
fold2_room1_mix0749,43,4,0,-176,-1,18.14
fold2_room1_mix0749,43,4,0,-8,-2,17.39
fold2_room1_mix0749,44,4,0,-175,-2,15.44
fold2_room1_mix0749,44,4,0,-8,-2,15.40
fold2_room1_mix0749,45,4,0,-175,-1,14.69
fold2_room1_mix0749,45,4,0,-10,-2,13.94
fold2_room1_mix0749,46,4,0,-173,-1,15.48
fold2_room1_mix0749,46,4,0,-8,-2,13.74
fold2_room1_mix0749,47,4,0,-173,-2,13.72
fold2_room1_mix0749,47,4,0,-7,-3,13.09
fold2_room1_mix0749,48,4,0,-170,-2,12.05
fold2_room1_mix0749,48,4,0,-7,-3,11.27
fold2_room1_mix0749,49,4,0,-173,-2,12.64
fold2_room1_mix0749,49,4,0,-10,-3,10.41
fold2_room1_mix0749,50,4,0,-170,-3,10.79
fold2_room1_mix0749,50,4,0,-10,-4,9.50
fold2_room1_mix0749,51,4,0,-173,-2,10.86
fold2_room1_mix0749,51,4,0,-13,-4,8.81
fold2_room1_mix0749,52,4,0,-169,-3,10.16
fold2_room1_mix0749,52,4,0,-12,-4,8.05
fold2_room1_mix0749,53,4,0,-172,-3,9.58
fold2_room1_mix0749,53,4,0,-16,-5,6.99
fold2_room1_mix0749,54,4,0,-167,-3,8.86
fold2_room1_mix0749,54,4,0,-17,-6,6.32
fold2_room1_mix0749,55,4,0,-169,-3,9.23
fold2_room1_mix0749,55,4,0,-20,-7,5.12
fold2_room1_mix0749,56,4,0,-168,-3,8.40
fold2_room1_mix0749,56,4,0,-20,-7,4.98
fold2_room1_mix0749,57,4,0,-165,-4,8.76
fold2_room1_mix0749,57,4,0,-24,-9,3.96
fold2_room1_mix0749,58,4,0,-163,-4,7.56
fold2_room1_mix0749,58,4,0,-28,-10,3.02
fold2_room1_mix0749,59,4,0,-166,-4,7.47
fold2_room1_mix0749,59,4,0,-38,-11,2.70
fold2_room1_mix0749,60,4,0,-152,-3,6.90
fold2_room1_mix0749,60,4,0,-53,-12,2.08
fold2_room1_mix0749,61,4,0,-158,-5,5.52
fold2_room1_mix0749,61,4,0,-96,-15,1.66
fold2_room1_mix0749,62,4,0,-163,-5,5.35
fold2_room1_mix0749,62,4,0,-122,-12,1.91
fold2_room1_mix0749,63,4,0,-169,-6,4.57
fold2_room1_mix0749,63,4,0,-141,-9,2.50
fold2_room1_mix0749,64,4,0,-154,-7,3.56
fold2_room1_mix0749,65,4,0,-160,-6,4.08
fold2_room1_mix0749,66,4,0,-162,-5,4.32
fold2_room1_mix0749,67,4,0,-165,-5,4.92
fold2_room1_mix0749,68,4,0,-166,-5,4.78
fold2_room1_mix0749,69,4,0,-166,-6,4.58
fold2_room1_mix0749,70,4,0,-164,-6,4.40
fold2_room1_mix0749,71,4,0,-162,-7,4.29
fold2_room1_mix0749,72,4,0,-159,-7,4.31
fold2_room1_mix0749,73,4,0,-156,-8,3.66
fold2_room1_mix0749,74,4,0,-162,-4,5.78
fold2_room1_mix0749,74,4,0,-144,-12,1.86
fold2_room1_mix0749,75,4,0,-161,-3,7.46
fold2_room1_mix0749,75,4,0,-132,-15,1.63
fold2_room1_mix0749,76,4,0,-157,-2,7.77
fold2_room1_mix0749,76,4,0,-102,-19,1.27
fold2_room1_mix0749,77,4,0,-124,-9,4.14
fold2_room1_mix0749,77,4,0,-65,-16,1.09
fold2_room1_mix0749,78,4,0,-87,-14,3.42
fold2_room1_mix0749,78,4,0,-47,-11,1.62
fold2_room1_mix0749,80,4,0,-157,-3,7.13
fold2_room1_mix0749,80,4,0,-27,-8,2.55
fold2_room1_mix0749,81,4,0,-169,-1,9.64
fold2_room1_mix0749,81,4,0,-25,-6,3.07
fold2_room1_mix0749,82,4,0,-170,-1,9.43
fold2_room1_mix0749,82,4,0,-22,-7,3.42
fold2_room1_mix0749,84,4,0,-173,0,13.09
fold2_room1_mix0749,84,4,0,-15,-6,4.21
fold2_room1_mix0749,85,4,0,-176,0,10.96
fold2_room1_mix0749,85,4,0,-13,-4,4.96
fold2_room1_mix0749,86,4,0,-176,0,12.87
fold2_room1_mix0749,86,4,0,-12,-5,5.06
fold2_room1_mix0749,87,4,0,-174,-2,10.23
fold2_room1_mix0749,87,4,0,-11,-4,5.58
fold2_room1_mix0749,88,4,0,-174,-1,12.21
fold2_room1_mix0749,88,4,0,-9,-4,6.41
fold2_room1_mix0749,89,4,0,-173,-3,10.42
fold2_room1_mix0749,89,4,0,-9,-3,6.76
fold2_room1_mix0749,93,4,0,-7,-2,8.21
fold2_room1_mix0749,95,4,0,-4,-3,9.52
fold2_room1_mix0749,96,4,0,-4,-2,10.04
fold2_room1_mix0749,97,4,0,-4,-2,10.18
fold2_room1_mix0749,98,4,0,-3,-2,11.26
fold2_room1_mix0749,99,4,0,-3,-2,11.11
fold2_room1_mix0749,79,4,0,-35,-9,1.97
fold2_room1_mix0749,83,4,0,-15,-6,4.09
fold2_room1_mix0749,90,4,0,-9,-3,6.60
fold2_room1_mix0749,91,4,0,-7,-2,7.97
fold2_room1_mix0749,92,4,0,-7,-2,8.42
fold2_room1_mix0749,94,4,0,-7,-2,9.27
fold2_room1_mix0750,36,4,0,-6,-1,12.97
fold2_room1_mix0750,37,4,0,-5,0,15.53
fold2_room1_mix0750,38,4,0,-5,-1,19.07
fold2_room1_mix0750,39,4,0,-3,-1,19.67
fold2_room1_mix0750,40,4,0,-3,-1,21.11
fold2_room1_mix0750,41,4,0,-2,-1,19.71
fold2_room1_mix0750,42,4,0,-1,-2,19.34
fold2_room1_mix0750,43,4,0,-2,-1,19.74
fold2_room1_mix0750,44,4,0,-1,-1,18.65
fold2_room1_mix0750,45,4,0,-1,-2,17.35
fold2_room1_mix0750,46,4,0,-3,-2,16.53
fold2_room1_mix0750,47,4,0,-4,-2,15.53
fold2_room1_mix0750,48,4,0,-5,-2,14.75
fold2_room1_mix0750,49,4,0,-5,-2,14.03
fold2_room1_mix0750,50,4,0,-9,-2,13.51
fold2_room1_mix0750,51,4,0,-8,-3,13.11
fold2_room1_mix0750,52,4,0,-9,-3,11.89
fold2_room1_mix0750,53,4,0,-8,-3,11.47
fold2_room1_mix0750,54,4,0,-9,-3,11.00
fold2_room1_mix0750,55,4,0,-11,-3,11.14
fold2_room1_mix0750,56,4,0,-10,-3,9.84
fold2_room1_mix0750,57,4,0,-13,-4,9.15
fold2_room1_mix0750,58,4,0,-15,-3,8.62
fold2_room1_mix0750,59,4,0,-15,-4,7.95
fold2_room1_mix0750,60,4,0,-17,-4,7.13
fold2_room1_mix0750,61,4,0,-18,-4,6.21
fold2_room1_mix0750,62,4,0,-21,-5,5.80
fold2_room1_mix0750,63,4,0,-25,-5,5.14
fold2_room1_mix0750,64,4,0,-30,-6,4.12
fold2_room1_mix0750,65,4,0,-31,-6,3.95
fold2_room1_mix0750,66,4,0,-38,-8,3.14
fold2_room1_mix0750,67,4,0,-46,-9,2.74
fold2_room1_mix0750,68,4,0,-62,-10,2.39
fold2_room1_mix0750,69,4,0,-79,-11,2.24
fold2_room1_mix0750,70,4,0,-98,-10,2.24
fold2_room1_mix0750,71,4,0,-113,-9,2.39
fold2_room1_mix0750,72,4,0,-128,-7,2.62
fold2_room1_mix0750,73,4,0,-138,-6,3.06
fold2_room1_mix0750,74,4,0,-144,-6,3.68
fold2_room1_mix0750,75,4,0,-148,-5,4.31
fold2_room1_mix0750,76,4,0,-152,-4,4.88
fold2_room1_mix0750,77,4,0,-154,-4,5.25
fold2_room1_mix0750,78,4,0,-157,-3,6.41
fold2_room1_mix0750,79,4,0,-159,-3,7.20
fold2_room1_mix0750,80,4,0,-160,-2,7.67
fold2_room1_mix0750,81,4,0,-161,-2,8.66
fold2_room1_mix0750,82,4,0,-163,-2,9.35
fold2_room1_mix0750,83,4,0,-163,-2,10.20
fold2_room1_mix0750,84,4,0,-164,-1,11.02
fold2_room1_mix0750,85,4,0,-166,-1,11.49
fold2_room1_mix0750,86,4,0,-166,-1,11.88
fold2_room1_mix0750,87,4,0,-166,-1,12.68
fold2_room1_mix0750,88,4,0,-168,0,13.83
fold2_room1_mix0750,89,4,0,-168,-1,13.99
fold2_room1_mix0750,90,4,0,-169,-1,14.37
fold2_room1_mix0750,91,4,0,-170,-1,15.59
fold2_room1_mix0750,92,4,0,-170,0,16.04
fold2_room1_mix0750,93,4,0,-170,-1,16.20
fold2_room1_mix0750,94,4,0,-170,0,17.44
fold2_room1_mix0750,95,4,0,-171,0,18.08
fold2_room1_mix0750,96,4,0,-171,0,18.09
fold2_room1_mix0750,97,4,0,-172,0,18.65
fold2_room1_mix0750,98,4,0,-173,0,18.14
fold2_room1_mix0750,99,4,0,-173,0,18.57
fold2_room1_mix0752,30,4,0,148,-1,8.13
fold2_room1_mix0752,31,4,0,148,-2,15.49
fold2_room1_mix0752,32,4,0,149,-2,15.27
fold2_room1_mix0752,33,4,0,146,-2,16.35
fold2_room1_mix0752,34,4,0,145,-2,18.60
fold2_room1_mix0752,35,4,0,145,-2,17.31
fold2_room1_mix0752,36,4,0,160,-2,16.00
fold2_room1_mix0752,36,4,0,137,-2,17.75
fold2_room1_mix0752,37,4,0,142,-2,17.66
fold2_room1_mix0752,38,4,0,151,-2,16.92
fold2_room1_mix0752,38,4,0,127,-2,18.85
fold2_room1_mix0752,39,4,0,158,-2,14.43
fold2_room1_mix0752,39,4,0,135,-2,16.57
fold2_room1_mix0752,40,4,0,157,-2,14.69
fold2_room1_mix0752,40,4,0,139,-1,17.17
fold2_room1_mix0752,40,4,0,121,-2,17.24
fold2_room1_mix0752,41,4,0,156,-2,14.49
fold2_room1_mix0752,41,4,0,130,-2,15.82
fold2_room1_mix0752,42,4,0,153,-2,14.01
fold2_room1_mix0752,42,4,0,133,-1,15.57
fold2_room1_mix0752,42,4,0,115,-3,14.92
fold2_room1_mix0752,43,4,0,148,-3,13.96
fold2_room1_mix0752,43,4,0,131,-1,16.00
fold2_room1_mix0752,43,4,0,112,-4,15.22
fold2_room1_mix0752,44,4,0,158,-2,13.56
fold2_room1_mix0752,44,4,0,130,-1,15.11
fold2_room1_mix0752,44,4,0,101,-4,14.54
fold2_room1_mix0752,45,4,0,154,-3,12.94
fold2_room1_mix0752,45,4,0,130,-2,14.68
fold2_room1_mix0752,45,4,0,99,-5,14.11
fold2_room1_mix0752,46,4,0,151,-3,12.76
fold2_room1_mix0752,46,4,0,128,-1,14.55
fold2_room1_mix0752,46,4,0,88,-4,15.20
fold2_room1_mix0752,47,4,0,161,-3,12.53
fold2_room1_mix0752,47,4,0,125,-2,13.15
fold2_room1_mix0752,47,4,0,86,-3,14.82
fold2_room1_mix0752,48,4,0,155,-3,11.81
fold2_room1_mix0752,48,4,0,123,-2,12.95
fold2_room1_mix0752,48,4,0,77,-3,15.05
fold2_room1_mix0752,49,4,0,166,-2,11.68
fold2_room1_mix0752,49,4,0,120,-2,12.26
fold2_room1_mix0752,49,4,0,77,-2,14.69
fold2_room1_mix0752,50,4,0,161,-2,11.12
fold2_room1_mix0752,50,4,0,117,-2,12.08
fold2_room1_mix0752,50,4,0,57,-1,15.60
fold2_room1_mix0752,51,4,0,155,-3,10.62
fold2_room1_mix0752,51,4,0,114,-2,11.66
fold2_room1_mix0752,51,4,0,67,-2,14.57
fold2_room1_mix0752,52,4,0,160,-3,9.03
fold2_room1_mix0752,52,4,0,106,-2,10.94
fold2_room1_mix0752,52,4,0,45,-1,14.59
fold2_room1_mix0752,53,4,0,165,-2,9.19
fold2_room1_mix0752,53,4,0,112,-2,10.55
fold2_room1_mix0752,53,4,0,43,-1,13.81
fold2_room1_mix0752,54,4,0,166,-4,8.35
fold2_room1_mix0752,54,4,0,101,-3,10.37
fold2_room1_mix0752,54,4,0,49,-2,13.67
fold2_room1_mix0752,55,4,0,155,-4,6.77
fold2_room1_mix0752,55,4,0,104,-2,10.13
fold2_room1_mix0752,55,4,0,37,-1,12.14
fold2_room1_mix0752,56,4,0,151,-6,6.40
fold2_room1_mix0752,56,4,0,99,-3,9.85
fold2_room1_mix0752,56,4,0,15,-3,10.73
fold2_room1_mix0752,57,4,0,132,-5,6.94
fold2_room1_mix0752,57,4,0,93,-3,9.91
fold2_room1_mix0752,57,4,0,20,-5,8.91
fold2_room1_mix0752,58,2,0,7,-4,2.92
fold2_room1_mix0752,58,4,0,114,-5,7.27
fold2_room1_mix0752,58,4,0,82,-4,8.34
fold2_room1_mix0752,58,4,0,32,-4,8.14
fold2_room1_mix0752,59,2,0,25,-5,5.81
fold2_room1_mix0752,59,4,0,108,-3,9.15
fold2_room1_mix0752,59,4,0,87,-4,8.37
fold2_room1_mix0752,59,4,0,32,-6,6.32
fold2_room1_mix0752,60,2,0,30,-3,9.27
fold2_room1_mix0752,60,4,0,94,-2,10.30
fold2_room1_mix0752,60,4,0,71,-5,7.65
fold2_room1_mix0752,60,4,0,30,-6,7.28
fold2_room1_mix0752,61,2,0,28,-3,10.16
fold2_room1_mix0752,61,4,0,85,-1,11.77
fold2_room1_mix0752,61,4,0,62,-5,6.75
fold2_room1_mix0752,61,4,0,27,-5,7.83
fold2_room1_mix0752,62,2,0,18,-3,8.44
fold2_room1_mix0752,62,4,0,84,0,13.13
fold2_room1_mix0752,62,4,0,48,-5,6.69
fold2_room1_mix0752,62,4,0,28,-6,7.14
fold2_room1_mix0752,63,4,0,80,0,14.76
fold2_room1_mix0752,63,4,0,47,-4,6.83
fold2_room1_mix0752,63,4,0,28,-5,6.01
fold2_room1_mix0752,64,4,0,69,1,15.23
fold2_room1_mix0752,64,4,0,38,-4,7.17
fold2_room1_mix0752,64,4,0,22,-5,7.20
fold2_room1_mix0752,65,4,0,65,0,15.70
fold2_room1_mix0752,65,4,0,29,-4,7.63
fold2_room1_mix0752,66,4,0,51,0,15.19
fold2_room1_mix0752,66,4,0,25,-4,8.35
fold2_room1_mix0752,67,4,0,46,0,14.52
fold2_room1_mix0752,67,4,0,23,-3,8.67
fold2_room1_mix0752,68,2,0,29,-3,9.96
fold2_room1_mix0752,68,4,0,45,-1,14.09
fold2_room1_mix0752,68,4,0,25,-3,9.37
fold2_room1_mix0752,69,2,0,23,-3,11.05
fold2_room1_mix0752,69,4,0,44,0,13.81
fold2_room1_mix0752,69,4,0,24,-3,9.17
fold2_room1_mix0752,70,2,0,21,-3,10.45
fold2_room1_mix0752,70,4,0,29,-1,11.30
fold2_room1_mix0752,71,2,0,14,-2,13.02
fold2_room1_mix0752,71,4,0,46,0,12.25
fold2_room1_mix0752,71,4,0,25,-2,9.98
fold2_room1_mix0752,72,2,0,12,-2,9.66
fold2_room1_mix0752,72,4,0,45,-1,11.74
fold2_room1_mix0752,72,4,0,24,-2,9.99
fold2_room1_mix0752,73,4,0,54,-4,8.93
fold2_room1_mix0752,73,4,0,25,-3,9.94
fold2_room1_mix0752,74,4,0,55,-5,6.57
fold2_room1_mix0752,74,4,0,26,-2,10.70
fold2_room1_mix0752,75,4,0,62,-5,7.53
fold2_room1_mix0752,75,4,0,25,-2,12.16
fold2_room1_mix0752,76,4,0,65,-6,6.62
fold2_room1_mix0752,76,4,0,28,-3,11.79
fold2_room1_mix0752,77,4,0,70,-9,4.95
fold2_room1_mix0752,77,4,0,26,-2,12.73
fold2_room1_mix0752,78,4,0,81,-10,4.76
fold2_room1_mix0752,78,4,0,28,-2,14.32
fold2_room1_mix0752,79,4,0,85,-11,3.92
fold2_room1_mix0752,79,4,0,59,-4,9.02
fold2_room1_mix0752,79,4,0,33,-3,13.07
fold2_room1_mix0752,80,4,0,96,-9,4.62
fold2_room1_mix0752,80,4,0,77,-6,7.23
fold2_room1_mix0752,80,4,0,37,-4,12.61
fold2_room1_mix0752,81,4,0,107,-13,3.32
fold2_room1_mix0752,81,4,0,43,-1,18.36
fold2_room1_mix0752,81,4,0,27,-5,12.87
fold2_room1_mix0752,82,4,0,113,-11,3.19
fold2_room1_mix0752,82,4,0,57,-2,14.19
fold2_room1_mix0752,82,4,0,29,-3,14.88
fold2_room1_mix0752,83,4,0,114,-8,5.73
fold2_room1_mix0752,83,4,0,51,-3,14.13
fold2_room1_mix0752,84,4,0,128,-8,4.21
fold2_room1_mix0752,84,4,0,90,-4,11.77
fold2_room1_mix0752,84,4,0,68,-5,12.50
fold2_room1_mix0752,85,4,0,129,-6,7.03
fold2_room1_mix0752,85,4,0,102,-6,11.16
fold2_room1_mix0752,86,4,0,130,-6,7.61
fold2_room1_mix0752,87,4,0,139,-6,7.06
fold2_room1_mix0752,88,4,0,141,-6,7.19
fold2_room1_mix0752,89,4,0,144,-5,6.67
fold2_room1_mix0752,90,4,0,145,-5,7.57
fold2_room1_mix0752,91,4,0,149,-4,7.86
fold2_room1_mix0752,92,4,0,150,-5,7.83
fold2_room1_mix0752,93,4,0,152,-5,7.61
fold2_room1_mix0752,94,4,0,154,-4,8.68
fold2_room1_mix0752,95,4,0,155,-3,9.00
fold2_room1_mix0752,96,4,0,155,-3,9.12
fold2_room1_mix0752,97,4,0,158,-3,9.86
fold2_room1_mix0752,98,4,0,157,-3,10.25
fold2_room1_mix0752,99,4,0,159,-3,9.57
fold2_room1_mix0753,20,1,0,-7,-2,14.29
fold2_room1_mix0753,21,1,0,-6,-3,36.01
fold2_room1_mix0753,22,1,0,-6,-2,35.75
fold2_room1_mix0753,24,1,0,-12,-3,28.24
fold2_room1_mix0753,24,4,0,179,0,5.96
fold2_room1_mix0753,25,1,0,-11,-2,24.86
fold2_room1_mix0753,26,1,0,-7,-2,24.18
fold2_room1_mix0753,27,1,0,-14,-2,29.74
fold2_room1_mix0753,28,1,0,-7,-2,4.89
fold2_room1_mix0753,28,4,0,-175,0,15.03
fold2_room1_mix0753,28,4,0,-8,-1,10.82
fold2_room1_mix0753,29,1,0,-11,-3,31.33
fold2_room1_mix0753,30,1,0,-13,-2,26.27
fold2_room1_mix0753,31,1,0,-15,-2,30.56
fold2_room1_mix0753,31,4,0,-174,1,13.40
fold2_room1_mix0753,31,4,0,2,-1,9.25
fold2_room1_mix0753,32,1,0,-18,-3,18.00
fold2_room1_mix0753,32,4,0,-171,0,12.59
fold2_room1_mix0753,32,4,0,-18,-4,6.78
fold2_room1_mix0753,33,1,0,-18,-3,20.45
fold2_room1_mix0753,33,4,0,-174,0,9.42
fold2_room1_mix0753,34,1,0,-15,-3,25.33
fold2_room1_mix0753,34,4,0,-172,0,11.49
fold2_room1_mix0753,34,4,0,-7,-5,4.93
fold2_room1_mix0753,35,1,0,-14,-3,21.71
fold2_room1_mix0753,35,4,0,-175,0,12.28
fold2_room1_mix0753,35,4,0,-5,-3,6.15
fold2_room1_mix0753,36,1,0,-22,-3,20.67
fold2_room1_mix0753,36,4,0,-177,1,10.63
fold2_room1_mix0753,37,4,0,-165,-4,13.49
fold2_room1_mix0753,37,4,0,-27,-13,3.21
fold2_room1_mix0753,38,1,0,-19,-3,23.20
fold2_room1_mix0753,38,4,0,-170,0,14.90
fold2_room1_mix0753,38,4,0,-48,-14,3.72
fold2_room1_mix0753,38,4,0,-19,-7,3.99
fold2_room1_mix0753,39,1,0,-24,-3,18.30
fold2_room1_mix0753,39,4,0,-172,0,14.10
fold2_room1_mix0753,39,4,0,-38,-12,4.24
fold2_room1_mix0753,39,4,0,-11,-4,5.81
fold2_room1_mix0753,40,1,0,-26,-3,18.32
fold2_room1_mix0753,40,4,0,-164,-4,11.88
fold2_room1_mix0753,40,4,0,-36,-14,2.46
fold2_room1_mix0753,41,1,0,-39,-3,12.82
fold2_room1_mix0753,41,4,0,-167,-1,10.47
fold2_room1_mix0753,41,4,0,-140,-11,3.20
fold2_room1_mix0753,41,4,0,-50,-12,2.58
fold2_room1_mix0753,42,4,0,-154,-8,6.70
fold2_room1_mix0753,42,4,0,-140,-16,2.12
fold2_room1_mix0753,42,4,0,-121,-21,1.82
fold2_room1_mix0753,43,1,0,-25,-3,19.75
fold2_room1_mix0753,43,4,0,-159,-7,9.37
fold2_room1_mix0753,43,4,0,-140,-16,2.02
fold2_room1_mix0753,43,4,0,-97,-27,1.92
fold2_room1_mix0753,44,1,0,-29,-3,12.56
fold2_room1_mix0753,44,4,0,-156,-5,7.81
fold2_room1_mix0753,45,1,0,-43,-3,12.04
fold2_room1_mix0753,45,4,0,-152,-6,4.39
fold2_room1_mix0753,46,4,0,-158,-3,7.94
fold2_room1_mix0753,46,4,0,-133,-8,3.69
fold2_room1_mix0753,47,1,0,-36,-3,10.56
fold2_room1_mix0753,47,4,0,-167,-2,11.05
fold2_room1_mix0753,48,1,0,-51,-3,7.31
fold2_room1_mix0753,48,4,0,-168,0,9.59
fold2_room1_mix0753,48,4,0,-154,-4,3.63
fold2_room1_mix0753,48,4,0,-139,-8,2.40
fold2_room1_mix0753,49,1,0,-60,-5,6.85
fold2_room1_mix0753,49,4,0,-158,-5,5.70
fold2_room1_mix0753,50,1,0,-65,-5,6.77
fold2_room1_mix0753,50,4,0,-170,-3,9.72
fold2_room1_mix0753,51,4,0,-161,-1,6.74
fold2_room1_mix0753,51,4,0,-121,-8,2.54
fold2_room1_mix0753,52,1,0,-82,-4,4.92
fold2_room1_mix0753,52,4,0,-159,-4,6.09
fold2_room1_mix0753,52,4,0,-137,-7,4.02
fold2_room1_mix0753,53,1,0,-92,-6,6.40
fold2_room1_mix0753,53,4,0,-168,-4,8.13
fold2_room1_mix0753,54,1,0,-105,-5,5.11
fold2_room1_mix0753,54,4,0,-164,-1,9.00
fold2_room1_mix0753,54,4,0,-111,-7,4.01
fold2_room1_mix0753,55,1,0,-103,-4,3.83
fold2_room1_mix0753,55,4,0,-166,0,8.69
fold2_room1_mix0753,55,4,0,-136,-3,6.27
fold2_room1_mix0753,56,4,0,-157,-1,10.33
fold2_room1_mix0753,56,4,0,-80,-9,3.27
fold2_room1_mix0753,57,1,0,-136,-4,5.40
fold2_room1_mix0753,57,4,0,-142,-6,6.47
fold2_room1_mix0753,57,4,0,-96,-10,2.92
fold2_room1_mix0753,58,1,0,-136,-4,8.13
fold2_room1_mix0753,58,4,0,-168,0,10.18
fold2_room1_mix0753,58,4,0,-137,-5,4.17
fold2_room1_mix0753,58,4,0,-103,-8,3.76
fold2_room1_mix0753,59,1,0,-142,-4,7.54
fold2_room1_mix0753,59,4,0,-146,-4,7.89
fold2_room1_mix0753,59,4,0,-96,-8,3.32
fold2_room1_mix0753,60,4,0,-134,-3,4.57
fold2_room1_mix0753,60,4,0,-62,-4,3.19
fold2_room1_mix0753,61,1,0,-135,-4,7.30
fold2_room1_mix0753,61,4,0,-164,0,6.47
fold2_room1_mix0753,61,4,0,-35,-3,4.00
fold2_room1_mix0753,62,1,0,-156,-3,10.52
fold2_room1_mix0753,62,4,0,-139,-3,7.52
fold2_room1_mix0753,62,4,0,-69,-5,4.23
fold2_room1_mix0753,62,4,0,-46,-5,4.72
fold2_room1_mix0753,63,1,0,-151,-3,11.50
fold2_room1_mix0753,63,4,0,-119,-3,3.50
fold2_room1_mix0753,63,4,0,-81,-4,2.64
fold2_room1_mix0753,63,4,0,-43,-2,3.23
fold2_room1_mix0753,64,1,0,-155,-3,12.03
fold2_room1_mix0753,64,4,0,-78,-6,3.59
fold2_room1_mix0753,64,4,0,-48,-5,3.99
fold2_room1_mix0753,65,4,0,-40,-5,6.25
fold2_room1_mix0753,66,1,0,-153,-3,9.67
fold2_room1_mix0753,66,4,0,-100,-5,3.84
fold2_room1_mix0753,66,4,0,-72,-5,3.28
fold2_room1_mix0753,66,4,0,-39,-3,4.15
fold2_room1_mix0753,67,1,0,-160,-3,14.58
fold2_room1_mix0753,67,4,0,-136,-3,6.66
fold2_room1_mix0753,67,4,0,-60,-3,5.39
fold2_room1_mix0753,67,4,0,-35,-3,6.99
fold2_room1_mix0753,68,1,0,-161,-2,16.07
fold2_room1_mix0753,68,4,0,-53,-4,5.00
fold2_room1_mix0753,68,4,0,-36,-3,5.63
fold2_room1_mix0753,69,1,0,-158,-3,16.17
fold2_room1_mix0753,69,4,0,-26,-2,2.89
fold2_room1_mix0753,70,4,0,-28,-2,8.43
fold2_room1_mix0753,71,1,0,-157,-2,8.86
fold2_room1_mix0753,71,4,0,-37,-3,3.33
fold2_room1_mix0753,72,1,0,-161,-2,15.92
fold2_room1_mix0753,72,4,0,-30,-3,7.71
fold2_room1_mix0753,73,1,0,-165,-2,20.78
fold2_room1_mix0753,73,4,0,-31,-3,4.93
fold2_room1_mix0753,74,1,0,-159,-2,14.77
fold2_room1_mix0753,74,4,0,-29,-2,2.65
fold2_room1_mix0753,75,4,0,-19,-1,8.39
fold2_room1_mix0753,76,1,0,-163,-2,11.83
fold2_room1_mix0753,76,4,0,-26,-2,3.93
fold2_room1_mix0753,77,1,0,-163,-2,23.89
fold2_room1_mix0753,77,4,0,-23,-2,2.43
fold2_room1_mix0753,78,1,0,-164,-2,22.01
fold2_room1_mix0753,78,4,0,-27,-2,9.23
fold2_room1_mix0753,79,1,0,-162,-2,15.88
fold2_room1_mix0753,81,4,0,-16,-1,11.44
fold2_room1_mix0753,82,4,0,-15,0,12.56
fold2_room1_mix0753,83,4,0,-20,-1,9.64
fold2_room1_mix0753,84,4,0,-20,0,7.80
fold2_room1_mix0753,86,4,0,-16,-1,4.26
fold2_room1_mix0754,32,2,0,-37,-4,7.21
fold2_room1_mix0754,33,2,0,-38,-2,10.66
fold2_room1_mix0754,34,2,0,-38,-2,11.31
fold2_room1_mix0754,34,4,0,169,0,7.05
fold2_room1_mix0754,35,2,0,-41,-2,10.17
fold2_room1_mix0754,35,4,0,174,0,11.35
fold2_room1_mix0754,36,2,0,-38,-2,10.97
fold2_room1_mix0754,36,4,0,170,-1,13.70
fold2_room1_mix0754,37,2,0,-38,-2,11.56
fold2_room1_mix0754,37,4,0,173,-1,18.32
fold2_room1_mix0754,38,4,0,175,-1,18.58
fold2_room1_mix0754,39,4,0,175,0,20.96
fold2_room1_mix0754,40,4,0,176,0,19.75
fold2_room1_mix0754,41,4,0,176,-1,19.94
fold2_room1_mix0754,42,2,0,-42,-2,10.63
fold2_room1_mix0754,42,4,0,174,-1,18.75
fold2_room1_mix0754,43,2,0,-46,-2,12.02
fold2_room1_mix0754,43,4,0,174,0,19.05
fold2_room1_mix0754,44,2,0,-46,-2,10.45
fold2_room1_mix0754,44,4,0,171,-1,18.24
fold2_room1_mix0754,45,2,0,-43,-3,10.10
fold2_room1_mix0754,45,4,0,174,-1,17.70
fold2_room1_mix0754,46,2,0,-46,-2,10.91
fold2_room1_mix0754,46,4,0,174,-1,17.65
fold2_room1_mix0754,47,2,0,-44,-3,10.71
fold2_room1_mix0754,47,4,0,174,0,18.24
fold2_room1_mix0754,48,4,0,177,-1,17.07
fold2_room1_mix0754,49,4,0,176,-1,16.59
fold2_room1_mix0754,50,4,0,178,-1,16.56
fold2_room1_mix0754,51,4,0,-179,-1,15.50
fold2_room1_mix0754,52,4,0,179,-1,15.76
fold2_room1_mix0754,53,2,0,-59,-4,8.43
fold2_room1_mix0754,53,4,0,178,-1,15.47
fold2_room1_mix0754,54,2,0,-60,-3,8.06
fold2_room1_mix0754,54,4,0,178,-2,14.43
fold2_room1_mix0754,55,2,0,-64,-3,8.54
fold2_room1_mix0754,55,4,0,179,-2,13.47
fold2_room1_mix0754,56,2,0,-67,-4,8.06
fold2_room1_mix0754,56,4,0,179,-2,12.89
fold2_room1_mix0754,57,2,0,-73,-4,7.95
fold2_room1_mix0754,57,4,0,177,-2,13.35
fold2_room1_mix0754,58,2,0,-79,-4,6.85
fold2_room1_mix0754,58,4,0,179,-2,12.57
fold2_room1_mix0754,59,4,0,179,-2,12.60
fold2_room1_mix0754,60,4,0,179,-2,11.61
fold2_room1_mix0754,61,4,0,-179,-2,10.61
fold2_room1_mix0754,62,4,0,178,-2,10.75
fold2_room1_mix0754,63,2,0,-91,-4,7.60
fold2_room1_mix0754,63,4,0,178,-3,10.41
fold2_room1_mix0754,64,2,0,-100,-5,7.49
fold2_room1_mix0754,64,4,0,179,-3,9.74
fold2_room1_mix0754,65,2,0,-102,-5,7.12
fold2_room1_mix0754,65,4,0,177,-4,9.12
fold2_room1_mix0754,66,2,0,-106,-5,6.62
fold2_room1_mix0754,66,4,0,177,-3,8.50
fold2_room1_mix0754,67,2,0,-100,-6,6.61
fold2_room1_mix0754,67,4,0,179,-4,7.86
fold2_room1_mix0754,68,2,0,-105,-5,6.41
fold2_room1_mix0754,68,4,0,178,-4,7.62
fold2_room1_mix0754,69,4,0,179,-4,7.24
fold2_room1_mix0754,70,4,0,178,-5,5.92
fold2_room1_mix0754,71,4,0,175,-5,5.55
fold2_room1_mix0754,72,4,0,177,-6,4.76
fold2_room1_mix0754,73,4,0,175,-7,4.29
fold2_room1_mix0754,74,4,0,175,-8,3.59
fold2_room1_mix0754,75,4,0,174,-9,3.33
fold2_room1_mix0754,76,4,0,172,-11,2.85
fold2_room1_mix0754,77,4,0,168,-13,2.20
fold2_room1_mix0754,78,4,0,162,-17,1.83
fold2_room1_mix0754,79,4,0,150,-21,1.24
fold2_room1_mix0754,80,4,0,119,-38,0.77
fold2_room1_mix0754,81,4,0,58,-35,0.71
fold2_room1_mix0754,82,4,0,30,-22,0.97
fold2_room1_mix0754,83,4,0,20,-16,1.50
fold2_room1_mix0754,84,4,0,14,-12,2.19
fold2_room1_mix0754,85,4,0,13,-10,2.60
fold2_room1_mix0754,86,4,0,10,-8,3.00
fold2_room1_mix0754,87,4,0,8,-7,3.59
fold2_room1_mix0754,88,4,0,6,-6,4.06
fold2_room1_mix0754,89,4,0,5,-5,4.46
fold2_room1_mix0754,90,4,0,4,-5,4.81
fold2_room1_mix0754,91,4,0,4,-4,5.63
fold2_room1_mix0754,92,4,0,4,-4,5.79
fold2_room1_mix0754,93,4,0,3,-4,6.19
fold2_room1_mix0754,94,4,0,5,-3,7.24
fold2_room1_mix0754,95,4,0,5,-3,7.74
fold2_room1_mix0754,96,4,0,4,-3,8.20
fold2_room1_mix0754,97,4,0,5,-3,8.98
fold2_room1_mix0754,98,4,0,5,-3,9.78
fold2_room1_mix0754,99,4,0,4,-2,10.03
fold2_room1_mix0755,1,4,0,-1,0,1.88
fold2_room1_mix0755,2,4,0,177,2,5.33
fold2_room1_mix0755,2,4,0,0,1,4.81
fold2_room1_mix0755,3,4,0,177,0,9.85
fold2_room1_mix0755,3,4,0,0,0,9.61
fold2_room1_mix0755,4,4,0,176,-1,14.73
fold2_room1_mix0755,4,4,0,2,0,15.22
fold2_room1_mix0755,5,4,0,177,0,18.14
fold2_room1_mix0755,5,4,0,1,0,16.70
fold2_room1_mix0755,6,4,0,177,0,23.15
fold2_room1_mix0755,6,4,0,2,0,20.41
fold2_room1_mix0755,7,4,0,176,-1,28.35
fold2_room1_mix0755,7,4,0,3,-1,25.42
fold2_room1_mix0755,8,4,0,177,0,33.40
fold2_room1_mix0755,8,4,0,3,-1,26.40
fold2_room1_mix0755,9,4,0,176,0,33.51
fold2_room1_mix0755,9,4,0,2,-1,26.15
fold2_room1_mix0755,10,4,0,176,0,31.07
fold2_room1_mix0755,10,4,0,3,-1,23.68
fold2_room1_mix0755,11,4,0,177,0,32.73
fold2_room1_mix0755,11,4,0,3,-1,24.36
fold2_room1_mix0755,12,4,0,177,0,33.80
fold2_room1_mix0755,12,4,0,2,-1,22.98
fold2_room1_mix0755,13,4,0,179,0,33.10
fold2_room1_mix0755,13,4,0,3,-2,22.30
fold2_room1_mix0755,14,4,0,177,0,35.09
fold2_room1_mix0755,14,4,0,3,-1,22.74
fold2_room1_mix0755,15,4,0,177,0,35.58
fold2_room1_mix0755,15,4,0,3,-2,21.70
fold2_room1_mix0755,16,4,0,178,0,34.04
fold2_room1_mix0755,16,4,0,3,-2,20.93
fold2_room1_mix0755,17,4,0,178,0,34.64
fold2_room1_mix0755,17,4,0,2,-2,20.54
fold2_room1_mix0755,18,4,0,178,0,32.37
fold2_room1_mix0755,18,4,0,3,-2,19.16
fold2_room1_mix0755,19,4,0,179,0,32.74
fold2_room1_mix0755,19,4,0,3,-2,18.72
fold2_room1_mix0755,20,4,0,179,0,33.16
fold2_room1_mix0755,20,4,0,3,-2,18.87
fold2_room1_mix0755,21,4,0,178,0,34.30
fold2_room1_mix0755,21,4,0,3,-2,19.34
fold2_room1_mix0755,22,4,0,177,0,32.21
fold2_room1_mix0755,22,4,0,3,-2,19.31
fold2_room1_mix0755,23,4,0,177,0,31.42
fold2_room1_mix0755,23,4,0,3,-2,17.33
fold2_room1_mix0755,24,4,0,178,0,30.32
fold2_room1_mix0755,24,4,0,3,-2,16.84
fold2_room1_mix0755,25,4,0,177,0,29.94
fold2_room1_mix0755,25,4,0,4,-2,16.77
fold2_room1_mix0755,26,4,0,176,0,31.84
fold2_room1_mix0755,26,4,0,3,-2,15.87
fold2_room1_mix0755,27,4,0,178,0,32.78
fold2_room1_mix0755,27,4,0,4,-3,16.57
fold2_room1_mix0755,28,4,0,178,0,31.45
fold2_room1_mix0755,28,4,0,4,-3,15.00
fold2_room1_mix0755,29,4,0,177,0,32.86
fold2_room1_mix0755,29,4,0,3,-3,14.37
fold2_room1_mix0755,30,4,0,178,0,31.38
fold2_room1_mix0755,30,4,0,4,-3,13.92
fold2_room1_mix0755,31,4,0,178,0,33.49
fold2_room1_mix0755,31,4,0,3,-3,13.32
fold2_room1_mix0755,32,4,0,179,0,32.40
fold2_room1_mix0755,32,4,0,3,-3,13.11
fold2_room1_mix0755,33,4,0,177,0,32.30
fold2_room1_mix0755,33,4,0,3,-3,12.79
fold2_room1_mix0755,34,4,0,177,0,32.68
fold2_room1_mix0755,34,4,0,4,-3,12.93
fold2_room1_mix0755,35,4,0,178,0,30.64
fold2_room1_mix0755,35,4,0,3,-3,12.26
fold2_room1_mix0755,36,4,0,177,0,29.66
fold2_room1_mix0755,36,4,0,3,-3,11.38
fold2_room1_mix0755,37,4,0,178,0,30.58
fold2_room1_mix0755,37,4,0,3,-4,10.77
fold2_room1_mix0755,38,4,0,178,0,29.93
fold2_room1_mix0755,38,4,0,4,-4,10.45
fold2_room1_mix0755,39,4,0,177,0,28.31
fold2_room1_mix0755,39,4,0,4,-4,9.49
fold2_room1_mix0755,40,4,0,178,0,29.50
fold2_room1_mix0755,40,4,0,4,-4,9.59
fold2_room1_mix0755,41,4,0,178,0,29.99
fold2_room1_mix0755,41,4,0,4,-4,9.39
fold2_room1_mix0755,42,4,0,177,0,28.17
fold2_room1_mix0755,42,4,0,5,-5,8.86
fold2_room1_mix0755,43,4,0,179,0,31.52
fold2_room1_mix0755,43,4,0,4,-5,8.71
fold2_room1_mix0755,44,4,0,178,0,31.67
fold2_room1_mix0755,44,4,0,3,-5,8.13
fold2_room1_mix0755,45,4,0,178,0,30.56
fold2_room1_mix0755,45,4,0,3,-5,7.27
fold2_room1_mix0755,46,4,0,178,0,30.80
fold2_room1_mix0755,46,4,0,2,-6,7.17
fold2_room1_mix0755,47,4,0,177,0,32.45
fold2_room1_mix0755,47,4,0,3,-6,6.80
fold2_room1_mix0755,48,4,0,177,0,31.87
fold2_room1_mix0755,48,4,0,3,-6,6.26
fold2_room1_mix0755,49,4,0,175,0,30.32
fold2_room1_mix0755,49,4,0,3,-6,5.85
fold2_room1_mix0755,50,4,0,174,1,30.02
fold2_room1_mix0755,50,4,0,3,-7,5.29
fold2_room1_mix0755,51,4,0,173,0,30.02
fold2_room1_mix0755,51,4,0,3,-7,4.99
fold2_room1_mix0755,52,4,0,174,0,29.68
fold2_room1_mix0755,52,4,0,5,-7,4.83
fold2_room1_mix0755,53,4,0,172,0,27.25
fold2_room1_mix0755,53,4,0,5,-8,4.01
fold2_room1_mix0755,54,4,0,173,0,28.39
fold2_room1_mix0755,54,4,0,6,-8,3.84
fold2_room1_mix0755,55,4,0,171,1,27.38
fold2_room1_mix0755,55,4,0,9,-9,3.18
fold2_room1_mix0755,56,4,0,170,1,27.83
fold2_room1_mix0755,56,4,0,13,-10,2.90
fold2_room1_mix0755,57,4,0,170,1,27.22
fold2_room1_mix0755,57,4,0,16,-10,2.55
fold2_room1_mix0755,58,4,0,171,1,25.85
fold2_room1_mix0755,58,4,0,19,-11,2.09
fold2_room1_mix0755,59,4,0,171,2,24.20
fold2_room1_mix0755,59,4,0,26,-11,1.78
fold2_room1_mix0755,60,4,0,169,2,24.16
fold2_room1_mix0755,60,4,0,47,-12,1.15
fold2_room1_mix0755,60,4,0,28,-12,1.65
fold2_room1_mix0755,61,4,0,163,1,20.70
fold2_room1_mix0755,61,4,0,68,-17,0.81
fold2_room1_mix0755,61,4,0,37,-14,1.55
fold2_room1_mix0755,62,4,0,159,0,15.84
fold2_room1_mix0755,62,4,0,106,-16,0.86
fold2_room1_mix0755,62,4,0,82,-19,1.15
fold2_room1_mix0755,63,4,0,168,1,15.32
fold2_room1_mix0755,63,4,0,128,-13,1.21
fold2_room1_mix0755,64,4,0,170,0,12.08
fold2_room1_mix0755,64,4,0,145,-9,1.63
fold2_room1_mix0755,65,4,0,171,0,11.24
fold2_room1_mix0755,65,4,0,153,-6,2.10
fold2_room1_mix0755,66,4,0,174,0,11.10
fold2_room1_mix0755,66,4,0,158,-6,2.31
fold2_room1_mix0755,67,4,0,166,-3,4.82
fold2_room1_mix0755,68,4,0,168,-3,4.49
fold2_room1_mix0755,69,4,0,169,-3,4.51
fold2_room1_mix0755,70,4,0,172,-2,4.93
fold2_room1_mix0755,71,4,0,173,-3,4.40
fold2_room1_mix0755,72,4,0,173,-3,4.84
fold2_room1_mix0755,73,4,0,173,-3,4.48
fold2_room1_mix0755,74,4,0,171,-5,3.96
fold2_room1_mix0755,75,4,0,166,-6,3.63
fold2_room1_mix0755,76,4,0,171,-2,5.47
fold2_room1_mix0755,76,4,0,129,-21,0.38
fold2_room1_mix0755,77,4,0,169,-1,4.80
fold2_room1_mix0755,77,4,0,57,-23,0.26
fold2_room1_mix0755,78,4,0,170,-1,4.57
fold2_room1_mix0755,78,4,0,26,-11,0.58
fold2_room1_mix0755,79,4,0,174,-2,4.61
fold2_room1_mix0755,79,4,0,12,-7,1.42
fold2_room1_mix0755,80,4,0,173,0,7.82
fold2_room1_mix0755,80,4,0,7,-5,2.22
fold2_room1_mix0755,81,4,0,174,-1,8.16
fold2_room1_mix0755,81,4,0,6,-5,2.75
fold2_room1_mix0755,82,4,0,174,-1,9.27
fold2_room1_mix0755,82,4,0,4,-5,3.38
fold2_room1_mix0755,83,4,0,175,0,9.91
fold2_room1_mix0755,83,4,0,3,-4,4.31
fold2_room1_mix0755,84,4,0,176,0,10.03
fold2_room1_mix0755,84,4,0,3,-4,4.80
fold2_room1_mix0755,85,4,0,178,-1,9.68
fold2_room1_mix0755,85,4,0,3,-4,5.30
fold2_room1_mix0755,86,4,0,177,-1,9.82
fold2_room1_mix0755,86,4,0,3,-4,5.97
fold2_room1_mix0755,87,4,0,177,-2,8.84
fold2_room1_mix0755,87,4,0,3,-3,6.90
fold2_room1_mix0755,88,4,0,179,-2,9.12
fold2_room1_mix0755,88,4,0,3,-3,7.86
fold2_room1_mix0755,89,4,0,179,-2,9.17
fold2_room1_mix0755,89,4,0,2,-2,8.86
fold2_room1_mix0755,90,4,0,-179,-2,8.89
fold2_room1_mix0755,90,4,0,3,-2,9.84
fold2_room1_mix0755,91,4,0,-179,-2,9.48
fold2_room1_mix0755,91,4,0,3,-2,9.67
fold2_room1_mix0755,92,4,0,179,-2,9.43
fold2_room1_mix0755,92,4,0,2,-1,11.67
fold2_room1_mix0755,93,4,0,-179,-2,9.78
fold2_room1_mix0755,93,4,0,2,-1,11.94
fold2_room1_mix0755,94,4,0,-179,-2,10.53
fold2_room1_mix0755,94,4,0,2,-1,12.93
fold2_room1_mix0755,95,4,0,179,-2,10.78
fold2_room1_mix0755,95,4,0,1,-1,14.08
fold2_room1_mix0755,96,4,0,179,-2,11.35
fold2_room1_mix0755,96,4,0,2,-1,15.96
fold2_room1_mix0755,97,4,0,179,-2,12.13
fold2_room1_mix0755,97,4,0,2,-1,17.07
fold2_room1_mix0755,98,4,0,178,-2,12.21
fold2_room1_mix0755,98,4,0,2,-1,17.38
fold2_room1_mix0755,99,4,0,179,-2,12.66
fold2_room1_mix0755,99,4,0,1,-1,18.93
fold2_room1_mix0756,29,4,0,170,-1,6.91
fold2_room1_mix0756,30,4,0,174,-1,7.18
fold2_room1_mix0756,31,4,0,170,-1,10.86
fold2_room1_mix0756,32,4,0,173,-1,14.08
fold2_room1_mix0756,33,4,0,175,-1,15.46
fold2_room1_mix0756,34,4,0,173,-1,7.96
fold2_room1_mix0756,35,4,0,172,-1,14.29
fold2_room1_mix0756,36,4,0,175,-2,15.83
fold2_room1_mix0756,37,4,0,177,-2,15.56
fold2_room1_mix0756,38,4,0,174,-1,14.23
fold2_room1_mix0756,39,4,0,173,-1,15.06
fold2_room1_mix0756,40,4,0,176,-2,15.31
fold2_room1_mix0756,41,4,0,179,-2,15.68
fold2_room1_mix0756,42,4,0,175,-2,14.09
fold2_room1_mix0756,43,4,0,176,-2,14.96
fold2_room1_mix0756,44,4,0,176,-2,14.70
fold2_room1_mix0756,45,4,0,177,-2,14.43
fold2_room1_mix0756,46,4,0,178,-2,14.29
fold2_room1_mix0756,47,4,0,176,-2,14.03
fold2_room1_mix0756,48,4,0,176,-2,13.43
fold2_room1_mix0756,49,4,0,176,-2,13.40
fold2_room1_mix0756,50,4,0,174,-2,11.99
fold2_room1_mix0756,51,4,0,176,-2,11.55
fold2_room1_mix0756,52,4,0,-179,-2,11.69
fold2_room1_mix0756,53,1,0,140,-2,20.32
fold2_room1_mix0756,53,4,0,-173,-3,11.83
fold2_room1_mix0756,53,4,0,164,-3,11.76
fold2_room1_mix0756,54,1,0,149,-2,28.25
fold2_room1_mix0756,54,4,0,177,-4,9.98
fold2_room1_mix0756,55,1,0,150,-2,38.59
fold2_room1_mix0756,55,4,0,179,-3,9.93
fold2_room1_mix0756,56,1,0,138,-2,15.66
fold2_room1_mix0756,56,4,0,179,-2,9.96
fold2_room1_mix0756,57,1,0,142,-2,20.88
fold2_room1_mix0756,57,4,0,179,-4,10.11
fold2_room1_mix0756,58,1,0,152,-2,34.23
fold2_room1_mix0756,58,4,0,-179,-5,9.64
fold2_room1_mix0756,59,1,0,152,-2,35.69
fold2_room1_mix0756,59,4,0,179,-5,9.58
fold2_room1_mix0756,60,1,0,150,-2,24.00
fold2_room1_mix0756,60,4,0,-178,-4,9.66
fold2_room1_mix0756,61,1,0,156,-2,6.90
fold2_room1_mix0756,61,4,0,177,-5,7.80
fold2_room1_mix0756,61,4,0,-154,-1,16.18
fold2_room1_mix0756,62,1,0,156,-2,30.09
fold2_room1_mix0756,62,4,0,178,-7,8.27
fold2_room1_mix0756,63,1,0,156,-2,28.83
fold2_room1_mix0756,63,4,0,178,-6,7.84
fold2_room1_mix0756,64,1,0,157,-2,30.00
fold2_room1_mix0756,64,4,0,176,-6,7.72
fold2_room1_mix0756,65,1,0,157,-2,9.54
fold2_room1_mix0756,65,4,0,-179,-5,6.91
fold2_room1_mix0756,66,1,0,159,-2,5.10
fold2_room1_mix0756,66,4,0,167,-9,4.25
fold2_room1_mix0756,66,4,0,-171,-8,6.74
fold2_room1_mix0756,67,1,0,158,-2,28.63
fold2_room1_mix0756,67,4,0,171,-13,5.19
fold2_room1_mix0756,68,1,0,155,-2,20.15
fold2_room1_mix0756,68,4,0,-147,-4,10.47
fold2_room1_mix0756,68,4,0,-172,-9,5.93
fold2_room1_mix0756,68,4,0,139,-12,4.64
fold2_room1_mix0756,69,1,0,154,-2,20.78
fold2_room1_mix0756,69,4,0,-143,-5,7.53
fold2_room1_mix0756,69,4,0,-176,-8,5.14
fold2_room1_mix0756,69,4,0,141,-10,4.80
fold2_room1_mix0756,70,1,0,150,-3,12.58
fold2_room1_mix0756,70,4,0,-138,-8,7.65
fold2_room1_mix0756,70,4,0,177,-17,3.70
fold2_room1_mix0756,70,4,0,132,-14,2.76
fold2_room1_mix0756,71,1,0,154,-3,6.31
fold2_room1_mix0756,71,4,0,-136,-15,8.12
fold2_room1_mix0756,71,4,0,149,-31,2.87
fold2_room1_mix0756,71,4,0,124,-19,2.12
fold2_room1_mix0756,72,1,0,154,-3,16.94
fold2_room1_mix0756,72,4,0,-121,-13,6.72
fold2_room1_mix0756,72,4,0,145,-32,3.02
fold2_room1_mix0756,72,4,0,112,-19,2.01
fold2_room1_mix0756,73,1,0,142,-3,12.50
fold2_room1_mix0756,73,4,0,-107,-12,6.84
fold2_room1_mix0756,73,4,0,123,-39,2.16
fold2_room1_mix0756,73,4,0,106,-19,1.71
fold2_room1_mix0756,74,1,0,138,-3,12.38
fold2_room1_mix0756,74,4,0,-73,-59,2.98
fold2_room1_mix0756,74,4,0,115,-51,1.61
fold2_room1_mix0756,74,4,0,111,-25,2.83
fold2_room1_mix0756,75,1,0,143,-3,9.05
fold2_room1_mix0756,75,4,0,-82,-37,3.43
fold2_room1_mix0756,75,4,0,98,-70,1.45
fold2_room1_mix0756,75,4,0,98,-34,1.39
fold2_room1_mix0756,76,1,0,150,-5,9.77
fold2_room1_mix0756,76,4,0,-58,-36,2.79
fold2_room1_mix0756,76,4,0,41,-55,1.42
fold2_room1_mix0756,76,4,0,71,-28,1.55
fold2_room1_mix0756,77,1,0,152,-3,25.61
fold2_room1_mix0756,77,4,0,-86,-10,5.63
fold2_room1_mix0756,77,4,0,31,-34,1.86
fold2_room1_mix0756,77,4,0,54,-23,0.54
fold2_room1_mix0756,78,4,0,-47,-28,3.09
fold2_room1_mix0756,78,4,0,-10,-41,1.80
fold2_room1_mix0756,78,4,0,45,-23,1.62
fold2_room1_mix0756,79,4,0,-63,-24,3.37
fold2_room1_mix0756,79,4,0,-28,-30,2.21
fold2_room1_mix0756,79,4,0,41,-19,1.82
fold2_room1_mix0756,80,4,0,-70,-15,4.13
fold2_room1_mix0756,80,4,0,-4,-20,2.79
fold2_room1_mix0756,80,4,0,36,-18,1.55
fold2_room1_mix0756,81,4,0,-56,-17,2.10
fold2_room1_mix0756,81,4,0,-18,-16,2.43
fold2_room1_mix0756,81,4,0,27,-12,2.30
fold2_room1_mix0756,82,4,0,-48,-15,3.69
fold2_room1_mix0756,82,4,0,30,-12,3.38
fold2_room1_mix0756,83,4,0,-53,-14,3.38
fold2_room1_mix0756,83,4,0,-11,-14,4.56
fold2_room1_mix0756,83,4,0,22,-13,3.19
fold2_room1_mix0756,84,4,0,-43,-13,3.66
fold2_room1_mix0756,84,4,0,21,-9,5.92
fold2_room1_mix0756,85,4,0,-51,-8,4.77
fold2_room1_mix0756,85,4,0,15,-9,4.81
fold2_room1_mix0756,86,4,0,-51,-9,4.45
fold2_room1_mix0756,86,4,0,11,-8,5.03
fold2_room1_mix0756,87,4,0,-51,-7,5.25
fold2_room1_mix0756,87,4,0,-16,-6,6.88
fold2_room1_mix0756,87,4,0,8,-5,6.66
fold2_room1_mix0756,88,4,0,-53,-6,6.79
fold2_room1_mix0756,88,4,0,-13,-7,7.05
fold2_room1_mix0756,88,4,0,8,-6,7.00
fold2_room1_mix0756,89,4,0,-47,-7,5.42
fold2_room1_mix0756,89,4,0,-18,-6,7.39
fold2_room1_mix0756,89,4,0,7,-5,8.12
fold2_room1_mix0756,90,4,0,-46,-5,7.01
fold2_room1_mix0756,90,4,0,2,-4,8.50
fold2_room1_mix0756,91,4,0,-40,-5,7.34
fold2_room1_mix0756,91,4,0,-7,-4,9.66
fold2_room1_mix0756,91,4,0,9,-4,9.17
fold2_room1_mix0756,92,4,0,-40,-5,7.86
fold2_room1_mix0756,92,4,0,1,-3,10.27
fold2_room1_mix0756,93,4,0,-34,-4,8.28
fold2_room1_mix0756,93,4,0,3,-3,10.90
fold2_room1_mix0756,94,4,0,-33,-4,9.05
fold2_room1_mix0756,94,4,0,3,-3,12.27
fold2_room1_mix0756,95,4,0,-28,-4,10.06
fold2_room1_mix0756,95,4,0,2,-3,12.30
fold2_room1_mix0756,96,4,0,-27,-4,9.66
fold2_room1_mix0756,96,4,0,4,-3,12.79
fold2_room1_mix0756,97,4,0,-23,-3,10.45
fold2_room1_mix0756,97,4,0,3,-2,14.35
fold2_room1_mix0756,98,4,0,-24,-4,10.67
fold2_room1_mix0756,98,4,0,4,-2,14.19
fold2_room1_mix0756,99,4,0,-18,-3,10.95
fold2_room1_mix0756,99,4,0,3,-2,13.51
fold2_room1_mix0757,1,4,0,173,0,1.09
fold2_room1_mix0757,2,4,0,174,0,2.32
fold2_room1_mix0757,3,4,0,168,0,10.19
fold2_room1_mix0757,4,4,0,167,0,11.93
fold2_room1_mix0757,5,4,0,166,0,13.71
fold2_room1_mix0757,6,4,0,166,0,14.65
fold2_room1_mix0757,7,4,0,166,0,19.93
fold2_room1_mix0757,8,4,0,165,-1,20.04
fold2_room1_mix0757,9,4,0,167,-1,19.23
fold2_room1_mix0757,10,4,0,165,-1,18.62
fold2_room1_mix0757,11,4,0,163,-1,18.23
fold2_room1_mix0757,12,4,0,165,-1,18.52
fold2_room1_mix0757,13,4,0,165,-1,18.72
fold2_room1_mix0757,14,4,0,165,-1,19.84
fold2_room1_mix0757,15,3,0,12,-3,12.60
fold2_room1_mix0757,15,4,0,165,-1,15.93
fold2_room1_mix0757,16,3,0,7,-2,11.99
fold2_room1_mix0757,16,4,0,166,-1,14.23
fold2_room1_mix0757,17,3,0,6,-2,11.23
fold2_room1_mix0757,17,4,0,165,-1,14.26
fold2_room1_mix0757,18,3,0,6,-2,10.81
fold2_room1_mix0757,18,4,0,165,-1,14.84
fold2_room1_mix0757,19,3,0,10,-2,11.35
fold2_room1_mix0757,19,4,0,164,-1,13.17
fold2_room1_mix0757,20,3,0,8,-2,10.67
fold2_room1_mix0757,20,4,0,166,-1,13.11
fold2_room1_mix0757,21,3,0,14,-2,10.31
fold2_room1_mix0757,21,4,0,167,-1,13.53
fold2_room1_mix0757,22,3,0,14,-2,9.68
fold2_room1_mix0757,22,4,0,166,-1,12.91
fold2_room1_mix0757,23,3,0,8,-2,7.83
fold2_room1_mix0757,23,4,0,165,-1,12.93
fold2_room1_mix0757,24,3,0,6,-2,4.45
fold2_room1_mix0757,24,4,0,165,-1,13.72
fold2_room1_mix0757,25,4,0,167,-1,13.49
fold2_room1_mix0757,26,4,0,163,-1,14.99
fold2_room1_mix0757,27,4,0,164,-1,15.10
fold2_room1_mix0757,28,3,0,24,-3,7.21
fold2_room1_mix0757,28,4,0,164,-1,13.62
fold2_room1_mix0757,29,3,0,30,-2,11.89
fold2_room1_mix0757,29,4,0,166,-1,13.17
fold2_room1_mix0757,30,3,0,31,-3,10.45
fold2_room1_mix0757,30,4,0,165,-1,12.87
fold2_room1_mix0757,31,3,0,38,-3,9.88
fold2_room1_mix0757,31,4,0,167,-1,13.55
fold2_room1_mix0757,32,3,0,39,-3,9.20
fold2_room1_mix0757,32,4,0,166,-2,12.69
fold2_room1_mix0757,33,3,0,48,-4,6.93
fold2_room1_mix0757,33,4,0,169,-3,11.34
fold2_room1_mix0757,34,3,0,42,-4,7.37
fold2_room1_mix0757,34,4,0,168,-3,11.28
fold2_room1_mix0757,35,3,0,77,-4,8.84
fold2_room1_mix0757,35,4,0,169,-3,12.39
fold2_room1_mix0757,36,3,0,57,-4,6.33
fold2_room1_mix0757,36,4,0,169,-3,12.00
fold2_room1_mix0757,37,3,0,46,-4,4.85
fold2_room1_mix0757,37,4,0,166,-3,11.49
fold2_room1_mix0757,38,4,0,162,-2,11.90
fold2_room1_mix0757,39,4,0,162,-3,12.12
fold2_room1_mix0757,40,4,0,158,-3,12.01
fold2_room1_mix0757,41,4,0,157,-3,11.44
fold2_room1_mix0757,42,3,0,45,-3,10.32
fold2_room1_mix0757,42,4,0,159,-2,12.37
fold2_room1_mix0757,43,3,0,41,-3,10.99
fold2_room1_mix0757,43,4,0,160,-2,11.31
fold2_room1_mix0757,44,3,0,45,-3,10.26
fold2_room1_mix0757,44,4,0,159,-3,9.93
fold2_room1_mix0757,45,3,0,50,-4,8.63
fold2_room1_mix0757,45,4,0,160,-3,10.41
fold2_room1_mix0757,46,3,0,51,-4,8.48
fold2_room1_mix0757,46,4,0,160,-3,10.42
fold2_room1_mix0757,47,3,0,51,-4,8.62
fold2_room1_mix0757,47,4,0,158,-4,10.80
fold2_room1_mix0757,48,3,0,52,-4,8.23
fold2_room1_mix0757,48,4,0,158,-4,9.41
fold2_room1_mix0757,49,3,0,76,-5,6.75
fold2_room1_mix0757,49,4,0,159,-4,10.79
fold2_room1_mix0757,50,3,0,104,-5,8.09
fold2_room1_mix0757,50,4,0,160,-4,9.94
fold2_room1_mix0757,51,3,0,99,-5,6.83
fold2_room1_mix0757,51,4,0,158,-4,9.79
fold2_room1_mix0757,52,4,0,154,-4,9.20
fold2_room1_mix0757,53,4,0,151,-4,8.86
fold2_room1_mix0757,54,4,0,147,-4,8.22
fold2_room1_mix0757,55,3,0,81,-4,9.14
fold2_room1_mix0757,55,4,0,147,-4,9.17
fold2_room1_mix0757,56,3,0,98,-6,7.64
fold2_room1_mix0757,56,4,0,145,-4,8.59
fold2_room1_mix0757,57,3,0,97,-5,8.26
fold2_room1_mix0757,57,4,0,146,-4,8.67
fold2_room1_mix0757,58,3,0,107,-5,8.55
fold2_room1_mix0757,58,4,0,147,-4,8.88
fold2_room1_mix0757,59,3,0,114,-5,8.06
fold2_room1_mix0757,59,4,0,147,-5,8.96
fold2_room1_mix0757,60,3,0,121,-5,7.64
fold2_room1_mix0757,60,4,0,145,-5,7.70
fold2_room1_mix0757,61,3,0,118,-5,8.81
fold2_room1_mix0757,61,4,0,146,-5,8.15
fold2_room1_mix0757,62,4,0,144,-5,7.09
fold2_room1_mix0757,63,4,0,141,-5,6.68
fold2_room1_mix0757,64,4,0,140,-5,6.78
fold2_room1_mix0757,65,4,0,135,-5,6.66
fold2_room1_mix0757,66,4,0,132,-5,6.38
fold2_room1_mix0757,67,4,0,130,-5,6.06
fold2_room1_mix0757,68,4,0,127,-5,5.70
fold2_room1_mix0757,69,4,0,127,-5,5.62
fold2_room1_mix0757,70,4,0,123,-6,5.44
fold2_room1_mix0757,71,4,0,121,-5,5.26
fold2_room1_mix0757,72,4,0,118,-6,4.88
fold2_room1_mix0757,73,4,0,116,-7,5.02
fold2_room1_mix0757,74,4,0,114,-7,4.82
fold2_room1_mix0757,75,4,0,110,-7,4.94
fold2_room1_mix0757,76,4,0,106,-8,4.93
fold2_room1_mix0757,77,4,0,103,-7,5.12
fold2_room1_mix0757,78,4,0,97,-7,5.27
fold2_room1_mix0757,79,4,0,93,-8,5.32
fold2_room1_mix0757,80,4,0,91,-9,5.12
fold2_room1_mix0757,81,4,0,90,-9,5.11
fold2_room1_mix0757,82,4,0,87,-9,5.18
fold2_room1_mix0757,83,4,0,83,-8,5.20
fold2_room1_mix0757,84,4,0,80,-8,5.67
fold2_room1_mix0757,85,4,0,74,-8,5.33
fold2_room1_mix0757,86,4,0,70,-7,5.35
fold2_room1_mix0757,87,4,0,66,-6,5.59
fold2_room1_mix0757,88,4,0,64,-7,5.50
fold2_room1_mix0757,89,4,0,61,-6,5.49
fold2_room1_mix0757,90,4,0,58,-6,5.94
fold2_room1_mix0757,91,4,0,56,-6,5.68
fold2_room1_mix0757,92,4,0,55,-6,5.88
fold2_room1_mix0757,93,4,0,53,-5,6.06
fold2_room1_mix0757,94,4,0,50,-6,5.99
fold2_room1_mix0757,95,4,0,47,-6,6.22
fold2_room1_mix0757,96,4,0,46,-5,6.43
fold2_room1_mix0757,97,4,0,43,-5,6.66
fold2_room1_mix0757,98,4,0,41,-5,7.04
fold2_room1_mix0757,99,4,0,38,-5,6.27
fold2_room1_mix0758,0,5,0,-86,4,7.87
fold2_room1_mix0758,1,5,0,-84,4,9.95
fold2_room1_mix0758,2,5,0,-95,4,11.59
fold2_room1_mix0758,3,4,0,-51,-1,7.33
fold2_room1_mix0758,3,4,0,-35,0,9.01
fold2_room1_mix0758,3,5,0,-79,4,11.24
fold2_room1_mix0758,4,4,0,-178,1,19.14
fold2_room1_mix0758,4,4,0,-50,-1,10.90
fold2_room1_mix0758,4,5,0,-82,5,8.69
fold2_room1_mix0758,5,4,0,-149,0,17.24
fold2_room1_mix0758,5,4,0,-45,-2,12.08
fold2_room1_mix0758,5,5,0,-84,5,14.80
fold2_room1_mix0758,6,4,0,-147,0,18.24
fold2_room1_mix0758,6,4,0,-43,-2,13.37
fold2_room1_mix0758,6,5,0,-75,4,19.01
fold2_room1_mix0758,7,4,0,-162,0,31.52
fold2_room1_mix0758,7,4,0,-43,-2,22.09
fold2_room1_mix0758,7,5,0,-73,4,17.43
fold2_room1_mix0758,8,4,0,-158,-1,32.67
fold2_room1_mix0758,8,4,0,-43,-2,21.58
fold2_room1_mix0758,8,5,0,-73,5,15.93
fold2_room1_mix0758,9,4,0,-151,-1,29.80
fold2_room1_mix0758,9,4,0,-43,-3,21.43
fold2_room1_mix0758,9,5,0,-80,4,18.36
fold2_room1_mix0758,10,4,0,-167,0,33.37
fold2_room1_mix0758,10,4,0,-47,-3,19.64
fold2_room1_mix0758,10,5,0,-74,5,14.56
fold2_room1_mix0758,11,4,0,-177,-1,35.91
fold2_room1_mix0758,11,4,0,-48,-3,19.18
fold2_room1_mix0758,11,5,0,-68,4,16.42
fold2_room1_mix0758,12,4,0,-175,-1,33.32
fold2_room1_mix0758,12,4,0,-46,-3,18.95
fold2_room1_mix0758,12,5,0,-72,4,18.77
fold2_room1_mix0758,13,4,0,-174,0,34.10
fold2_room1_mix0758,13,4,0,-51,-3,18.45
fold2_room1_mix0758,13,5,0,-73,4,16.45
fold2_room1_mix0758,14,4,0,-176,-2,34.39
fold2_room1_mix0758,14,4,0,-49,-4,19.06
fold2_room1_mix0758,14,5,0,-71,5,16.06
fold2_room1_mix0758,15,4,0,-174,-1,34.60
fold2_room1_mix0758,15,4,0,-48,-3,19.26
fold2_room1_mix0758,15,5,0,-70,4,17.81
fold2_room1_mix0758,16,4,0,-177,-1,34.49
fold2_room1_mix0758,16,4,0,-49,-3,17.05
fold2_room1_mix0758,16,5,0,-72,4,17.17
fold2_room1_mix0758,17,4,0,-172,-1,32.66
fold2_room1_mix0758,17,4,0,-54,-4,17.02
fold2_room1_mix0758,17,5,0,-67,4,16.50
fold2_room1_mix0758,18,4,0,-175,-2,34.86
fold2_room1_mix0758,18,4,0,-50,-4,18.03
fold2_room1_mix0758,18,5,0,-68,5,15.18
fold2_room1_mix0758,19,4,0,-175,-1,32.23
fold2_room1_mix0758,19,4,0,-51,-4,16.66
fold2_room1_mix0758,19,5,0,-70,3,20.09
fold2_room1_mix0758,20,4,0,-174,-2,33.73
fold2_room1_mix0758,20,4,0,-54,-4,17.77
fold2_room1_mix0758,20,5,0,-66,4,16.69
fold2_room1_mix0758,21,4,0,-175,-2,32.31
fold2_room1_mix0758,21,4,0,-53,-4,17.81
fold2_room1_mix0758,21,5,0,-66,4,16.08
fold2_room1_mix0758,22,4,0,-173,-1,34.99
fold2_room1_mix0758,22,4,0,-55,-4,17.65
fold2_room1_mix0758,22,5,0,-69,4,17.67
fold2_room1_mix0758,23,4,0,-169,-1,32.62
fold2_room1_mix0758,23,4,0,-56,-4,17.41
fold2_room1_mix0758,23,5,0,-71,5,15.48
fold2_room1_mix0758,24,4,0,-173,-1,32.43
fold2_room1_mix0758,24,4,0,-54,-4,16.79
fold2_room1_mix0758,24,5,0,-67,4,16.45
fold2_room1_mix0758,25,4,0,-170,-2,30.40
fold2_room1_mix0758,25,4,0,-56,-3,17.94
fold2_room1_mix0758,25,5,0,-68,3,19.54
fold2_room1_mix0758,26,4,0,-178,-1,30.96
fold2_room1_mix0758,26,4,0,-63,-5,14.40
fold2_room1_mix0758,26,4,0,-48,-2,19.43
fold2_room1_mix0758,26,5,0,-66,4,16.98
fold2_room1_mix0758,27,4,0,-172,-1,30.17
fold2_room1_mix0758,27,4,0,-57,-3,16.95
fold2_room1_mix0758,27,5,0,-64,4,15.95
fold2_room1_mix0758,28,4,0,-168,-1,31.53
fold2_room1_mix0758,28,4,0,-60,-4,15.72
fold2_room1_mix0758,28,5,0,-67,4,19.28
fold2_room1_mix0758,29,4,0,-167,-1,31.59
fold2_room1_mix0758,29,4,0,-62,-4,14.61
fold2_room1_mix0758,29,5,0,-67,4,17.23
fold2_room1_mix0758,30,4,0,-174,-2,29.73
fold2_room1_mix0758,30,4,0,-68,-6,12.29
fold2_room1_mix0758,30,4,0,-52,-3,17.24
fold2_room1_mix0758,30,5,0,-64,4,18.56
fold2_room1_mix0758,31,4,0,-170,-1,32.71
fold2_room1_mix0758,31,4,0,-70,-5,13.10
fold2_room1_mix0758,31,4,0,-55,-3,17.97
fold2_room1_mix0758,31,5,0,-68,4,18.32
fold2_room1_mix0758,32,4,0,-173,-1,31.88
fold2_room1_mix0758,32,4,0,-69,-5,11.67
fold2_room1_mix0758,32,4,0,-50,-3,17.93
fold2_room1_mix0758,32,5,0,-65,3,21.47
fold2_room1_mix0758,33,4,0,-168,-1,33.37
fold2_room1_mix0758,33,4,0,-63,-4,15.43
fold2_room1_mix0758,33,5,0,-65,4,19.59
fold2_room1_mix0758,34,4,0,-173,-1,30.66
fold2_room1_mix0758,34,4,0,-70,-5,12.21
fold2_room1_mix0758,34,4,0,-54,-3,16.54
fold2_room1_mix0758,34,5,0,-63,4,17.89
fold2_room1_mix0758,35,4,0,-166,-1,33.10
fold2_room1_mix0758,35,4,0,-64,-4,15.48
fold2_room1_mix0758,35,5,0,-65,4,19.10
fold2_room1_mix0758,36,4,0,-168,0,33.12
fold2_room1_mix0758,36,4,0,-62,-3,15.94
fold2_room1_mix0758,36,5,0,-63,4,18.11
fold2_room1_mix0758,37,4,0,-169,-1,32.85
fold2_room1_mix0758,37,4,0,-74,-5,13.11
fold2_room1_mix0758,37,4,0,-59,-3,16.81
fold2_room1_mix0758,37,5,0,-64,3,19.12
fold2_room1_mix0758,38,4,0,-168,0,34.66
fold2_room1_mix0758,38,4,0,-75,-5,12.98
fold2_room1_mix0758,38,4,0,-59,-3,17.82
fold2_room1_mix0758,38,5,0,-62,3,21.09
fold2_room1_mix0758,39,4,0,-167,-1,32.79
fold2_room1_mix0758,39,4,0,-68,-4,15.34
fold2_room1_mix0758,39,5,0,-65,3,19.35
fold2_room1_mix0758,40,4,0,-174,-1,34.13
fold2_room1_mix0758,40,4,0,-78,-5,13.56
fold2_room1_mix0758,40,4,0,-61,-3,17.15
fold2_room1_mix0758,40,5,0,-66,4,18.06
fold2_room1_mix0758,41,4,0,-170,-1,34.22
fold2_room1_mix0758,41,4,0,-74,-4,14.98
fold2_room1_mix0758,41,5,0,-66,3,19.37
fold2_room1_mix0758,42,4,0,-171,-1,31.33
fold2_room1_mix0758,42,4,0,-70,-4,15.11
fold2_room1_mix0758,42,5,0,-62,4,16.35
fold2_room1_mix0758,43,4,0,-171,-1,31.99
fold2_room1_mix0758,43,4,0,-74,-4,15.02
fold2_room1_mix0758,43,5,0,-63,3,18.28
fold2_room1_mix0758,44,4,0,-176,-1,30.24
fold2_room1_mix0758,44,4,0,-72,-4,15.41
fold2_room1_mix0758,44,5,0,-63,3,20.02
fold2_room1_mix0758,45,4,0,-176,-2,28.20
fold2_room1_mix0758,45,4,0,-72,-4,15.38
fold2_room1_mix0758,45,5,0,-62,3,18.09
fold2_room1_mix0758,46,4,0,-175,-2,29.34
fold2_room1_mix0758,46,4,0,-79,-4,15.39
fold2_room1_mix0758,46,5,0,-61,3,19.93
fold2_room1_mix0758,47,4,0,-175,-2,28.91
fold2_room1_mix0758,47,4,0,-79,-4,15.39
fold2_room1_mix0758,47,5,0,-60,3,19.15
fold2_room1_mix0758,48,4,0,-175,-2,26.56
fold2_room1_mix0758,48,4,0,-89,-4,13.86
fold2_room1_mix0758,48,4,0,-71,-3,17.18
fold2_room1_mix0758,48,5,0,-63,3,19.79
fold2_room1_mix0758,49,4,0,-173,-2,26.29
fold2_room1_mix0758,49,4,0,-85,-3,15.34
fold2_room1_mix0758,49,5,0,-66,4,18.65
fold2_room1_mix0758,50,4,0,179,-2,24.73
fold2_room1_mix0758,50,4,0,-86,-4,13.41
fold2_room1_mix0758,50,4,0,-70,-3,16.72
fold2_room1_mix0758,50,5,0,-60,3,17.55
fold2_room1_mix0758,51,4,0,-173,-2,23.50
fold2_room1_mix0758,51,4,0,-89,-3,15.76
fold2_room1_mix0758,51,5,0,-61,3,19.79
fold2_room1_mix0758,52,4,0,-178,-2,23.13
fold2_room1_mix0758,52,4,0,-82,-4,15.31
fold2_room1_mix0758,52,5,0,-61,3,18.66
fold2_room1_mix0758,53,4,0,-175,-2,22.64
fold2_room1_mix0758,53,4,0,-134,-2,18.26
fold2_room1_mix0758,53,4,0,-88,-4,15.58
fold2_room1_mix0758,53,5,0,-61,3,18.78
fold2_room1_mix0758,54,4,0,-174,-2,20.23
fold2_room1_mix0758,54,4,0,-123,-2,16.83
fold2_room1_mix0758,54,4,0,-82,-3,16.34
fold2_room1_mix0758,54,5,0,-58,3,17.47
fold2_room1_mix0758,55,4,0,-172,-2,20.04
fold2_room1_mix0758,55,4,0,-100,-2,15.40
fold2_room1_mix0758,55,4,0,-82,-3,15.89
fold2_room1_mix0758,55,5,0,-58,3,17.58
fold2_room1_mix0758,56,4,0,-178,-2,17.77
fold2_room1_mix0758,56,4,0,-87,-3,16.21
fold2_room1_mix0758,56,5,0,-58,3,17.64
fold2_room1_mix0758,57,4,0,171,-3,15.68
fold2_room1_mix0758,57,4,0,-99,-3,14.84
fold2_room1_mix0758,57,5,0,-61,3,19.07
fold2_room1_mix0758,58,4,0,166,-2,15.56
fold2_room1_mix0758,58,4,0,-89,-3,16.36
fold2_room1_mix0758,58,5,0,-61,3,16.96
fold2_room1_mix0758,59,4,0,159,-3,14.38
fold2_room1_mix0758,59,4,0,-98,-2,15.65
fold2_room1_mix0758,59,5,0,-61,3,16.67
fold2_room1_mix0758,60,1,0,148,-2,27.07
fold2_room1_mix0758,60,4,0,171,-5,13.23
fold2_room1_mix0758,60,4,0,-85,-3,15.75
fold2_room1_mix0758,60,5,0,-58,3,17.89
fold2_room1_mix0758,61,1,0,148,-2,31.03
fold2_room1_mix0758,61,4,0,-166,-6,12.91
fold2_room1_mix0758,61,4,0,-140,-5,12.40
fold2_room1_mix0758,61,4,0,-73,-3,16.40
fold2_room1_mix0758,61,5,0,-58,3,16.01
fold2_room1_mix0758,62,1,0,154,-2,38.60
fold2_room1_mix0758,62,4,0,-163,-7,11.21
fold2_room1_mix0758,62,4,0,-138,-4,11.08
fold2_room1_mix0758,62,4,0,-79,-3,17.15
fold2_room1_mix0758,62,5,0,-58,3,16.47
fold2_room1_mix0758,63,1,0,150,-2,26.43
fold2_room1_mix0758,63,4,0,172,-6,9.59
fold2_room1_mix0758,63,4,0,-93,-1,16.57
fold2_room1_mix0758,63,5,0,-56,3,16.71
fold2_room1_mix0758,64,1,0,155,-2,31.34
fold2_room1_mix0758,64,4,0,-171,-9,11.19
fold2_room1_mix0758,64,4,0,-132,-6,11.66
fold2_room1_mix0758,64,4,0,-84,-3,19.05
fold2_room1_mix0758,64,5,0,-58,3,19.11
fold2_room1_mix0758,65,1,0,155,-2,35.30
fold2_room1_mix0758,65,4,0,175,-12,7.65
fold2_room1_mix0758,65,4,0,-158,-10,8.31
fold2_room1_mix0758,65,4,0,-82,-3,16.91
fold2_room1_mix0758,65,5,0,-63,3,16.11
fold2_room1_mix0758,66,1,0,153,-2,38.58
fold2_room1_mix0758,66,4,0,-177,-13,6.11
fold2_room1_mix0758,66,4,0,-150,-8,7.15
fold2_room1_mix0758,66,4,0,-79,-2,14.10
fold2_room1_mix0758,66,5,0,-58,3,15.59
fold2_room1_mix0758,67,1,0,151,-2,37.15
fold2_room1_mix0758,67,4,0,-156,-10,8.11
fold2_room1_mix0758,67,4,0,-137,-6,9.32
fold2_room1_mix0758,67,4,0,-101,-4,15.75
fold2_room1_mix0758,67,5,0,-59,3,17.41
fold2_room1_mix0758,68,1,0,147,-1,8.82
fold2_room1_mix0758,68,4,0,96,-12,4.87
fold2_room1_mix0758,68,5,0,-60,3,16.31
fold2_room1_mix0758,69,1,0,147,-2,28.68
fold2_room1_mix0758,69,4,0,-114,-4,9.82
fold2_room1_mix0758,69,4,0,84,-11,4.99
fold2_room1_mix0758,69,5,0,-59,3,16.70
fold2_room1_mix0758,70,1,0,148,-2,33.49
fold2_room1_mix0758,70,4,0,-134,-5,7.20
fold2_room1_mix0758,70,5,0,-64,3,17.24
fold2_room1_mix0758,71,1,0,158,-1,36.66
fold2_room1_mix0758,71,4,0,-14,-10,8.22
fold2_room1_mix0758,71,5,0,-64,4,16.08
fold2_room1_mix0758,72,1,0,147,-2,27.30
fold2_room1_mix0758,72,4,0,-120,-3,9.41
fold2_room1_mix0758,72,4,0,-92,-4,7.40
fold2_room1_mix0758,72,4,0,-6,-4,8.92
fold2_room1_mix0758,72,5,0,-64,3,15.96
fold2_room1_mix0758,73,1,0,168,-1,2.39
fold2_room1_mix0758,73,4,0,-102,-1,12.39
fold2_room1_mix0758,73,4,0,29,-5,7.27
fold2_room1_mix0758,73,5,0,-66,3,16.51
fold2_room1_mix0758,74,1,0,159,-2,35.96
fold2_room1_mix0758,74,4,0,-121,-4,8.82
fold2_room1_mix0758,74,4,0,-73,-6,6.11
fold2_room1_mix0758,74,4,0,9,-5,7.87
fold2_room1_mix0758,74,5,0,-62,4,13.43
fold2_room1_mix0758,75,1,0,157,-2,37.35
fold2_room1_mix0758,75,4,0,-136,-3,7.84
fold2_room1_mix0758,75,4,0,-92,-5,5.42
fold2_room1_mix0758,75,4,0,7,-3,7.08
fold2_room1_mix0758,75,5,0,-60,4,14.64
fold2_room1_mix0758,76,1,0,163,-2,40.86
fold2_room1_mix0758,76,4,0,-133,-4,7.06
fold2_room1_mix0758,76,4,0,14,-3,7.76
fold2_room1_mix0758,76,5,0,-61,3,20.77
fold2_room1_mix0758,77,1,0,160,-2,17.36
fold2_room1_mix0758,77,4,0,-124,0,4.42
fold2_room1_mix0758,77,4,0,11,-1,3.75
fold2_room1_mix0758,77,5,0,-67,2,18.50
fold2_room1_mix0758,78,1,0,158,-2,25.98
fold2_room1_mix0758,78,2,0,61,-3,2.54
fold2_room1_mix0758,78,4,0,-134,-2,8.79
fold2_room1_mix0758,78,4,0,-73,-4,6.10
fold2_room1_mix0758,78,4,0,3,-2,9.46
fold2_room1_mix0758,78,5,0,-66,4,15.96
fold2_room1_mix0758,79,1,0,162,-2,39.48
fold2_room1_mix0758,79,4,0,-139,-4,9.78
fold2_room1_mix0758,79,4,0,7,-3,11.39
fold2_room1_mix0758,79,5,0,-63,4,17.05
fold2_room1_mix0758,80,1,0,160,-2,36.93
fold2_room1_mix0758,80,4,0,-136,-2,8.44
fold2_room1_mix0758,80,4,0,-73,-2,7.25
fold2_room1_mix0758,80,4,0,0,-1,10.46
fold2_room1_mix0758,80,5,0,-61,3,18.56
fold2_room1_mix0758,81,1,0,161,-2,41.27
fold2_room1_mix0758,81,4,0,-144,-3,10.09
fold2_room1_mix0758,81,4,0,-93,-4,8.85
fold2_room1_mix0758,81,4,0,-3,-3,12.67
fold2_room1_mix0758,81,5,0,-71,5,14.30
fold2_room1_mix0758,82,1,0,170,-1,7.14
fold2_room1_mix0758,82,4,0,-144,-3,14.50
fold2_room1_mix0758,82,4,0,-24,-2,17.16
fold2_room1_mix0758,82,4,0,-8,-2,21.85
fold2_room1_mix0758,82,5,0,-62,3,16.43
fold2_room1_mix0758,83,1,0,158,-2,28.39
fold2_room1_mix0758,83,4,0,-140,-2,11.26
fold2_room1_mix0758,83,4,0,-86,-3,9.50
fold2_room1_mix0758,83,4,0,-17,-1,14.99
fold2_room1_mix0758,83,5,0,-64,3,17.62
fold2_room1_mix0758,84,1,0,161,-2,37.99
fold2_room1_mix0758,84,4,0,-148,-3,12.21
fold2_room1_mix0758,84,4,0,-97,-3,11.39
fold2_room1_mix0758,84,4,0,-17,-1,17.80
fold2_room1_mix0758,84,5,0,-69,4,14.98
fold2_room1_mix0758,85,1,0,162,-2,35.91
fold2_room1_mix0758,85,4,0,-137,-3,16.24
fold2_room1_mix0758,85,4,0,-77,-4,15.84
fold2_room1_mix0758,85,4,0,-18,-2,24.58
fold2_room1_mix0758,85,5,0,-60,4,15.88
fold2_room1_mix0758,86,1,0,160,-1,28.98
fold2_room1_mix0758,86,4,0,-150,-3,14.01
fold2_room1_mix0758,86,4,0,-123,-3,13.45
fold2_room1_mix0758,86,4,0,-25,-1,22.94
fold2_room1_mix0758,86,5,0,-62,3,18.41
fold2_room1_mix0758,87,1,0,171,0,3.16
fold2_room1_mix0758,87,4,0,-136,-1,14.92
fold2_room1_mix0758,87,4,0,-44,-2,15.40
fold2_room1_mix0758,87,4,0,-15,-1,22.71
fold2_room1_mix0758,87,5,0,-75,4,16.88
fold2_room1_mix0758,88,1,0,161,-1,22.84
fold2_room1_mix0758,88,4,0,-139,-2,19.26
fold2_room1_mix0758,88,4,0,-93,-3,17.56
fold2_room1_mix0758,88,4,0,-29,-1,29.07
fold2_room1_mix0758,88,5,0,-59,3,16.09
fold2_room1_mix0758,89,1,0,164,-2,34.16
fold2_room1_mix0758,89,4,0,-156,-3,13.90
fold2_room1_mix0758,89,4,0,-134,-3,12.98
fold2_room1_mix0758,89,4,0,-13,-1,22.31
fold2_room1_mix0758,89,5,0,-64,3,19.34
fold2_room1_mix0758,90,1,0,164,-1,27.87
fold2_room1_mix0758,90,4,0,-144,-2,17.12
fold2_room1_mix0758,90,4,0,-91,-2,16.91
fold2_room1_mix0758,90,4,0,-23,-1,26.71
fold2_room1_mix0758,90,5,0,-69,4,17.28
fold2_room1_mix0758,91,1,0,166,0,6.05
fold2_room1_mix0758,91,4,0,-144,-2,17.69
fold2_room1_mix0758,91,4,0,-118,-1,16.94
fold2_room1_mix0758,91,4,0,-31,0,28.92
fold2_room1_mix0758,91,5,0,-69,4,18.75
fold2_room1_mix0758,92,1,0,170,0,7.50
fold2_room1_mix0758,92,4,0,-149,-4,12.82
fold2_room1_mix0758,92,4,0,-119,-3,13.74
fold2_room1_mix0758,92,4,0,-25,0,24.41
fold2_room1_mix0758,92,5,0,-62,3,18.07
fold2_room1_mix0758,93,4,0,-142,-2,22.00
fold2_room1_mix0758,93,4,0,-114,-1,22.58
fold2_room1_mix0758,93,4,0,-28,0,40.00
fold2_room1_mix0758,93,5,0,-73,4,15.54
fold2_room1_mix0758,94,4,0,-140,-2,22.28
fold2_room1_mix0758,94,4,0,-86,-3,20.41
fold2_room1_mix0758,94,4,0,-30,0,34.95
fold2_room1_mix0758,94,5,0,-60,3,16.79
fold2_room1_mix0758,95,4,0,-135,-2,18.32
fold2_room1_mix0758,95,4,0,-85,-3,16.63
fold2_room1_mix0758,95,4,0,-19,0,31.62
fold2_room1_mix0758,95,5,0,-58,3,18.65
fold2_room1_mix0758,96,4,0,-131,-1,20.90
fold2_room1_mix0758,96,4,0,-94,-1,22.22
fold2_room1_mix0758,96,4,0,-29,0,36.07
fold2_room1_mix0758,96,5,0,-57,2,19.49
fold2_room1_mix0758,97,4,0,-135,-1,22.67
fold2_room1_mix0758,97,4,0,-118,-2,20.15
fold2_room1_mix0758,97,4,0,-26,0,33.51
fold2_room1_mix0758,97,5,0,-62,3,17.96
fold2_room1_mix0758,98,4,0,-129,-1,19.14
fold2_room1_mix0758,98,4,0,-17,0,39.07
fold2_room1_mix0758,98,5,0,-58,3,16.35
fold2_room1_mix0758,99,4,0,-125,-2,17.98
fold2_room1_mix0758,99,4,0,-20,0,32.16
fold2_room1_mix0758,99,5,0,-54,4,16.05
fold2_room1_mix0759,4,4,0,-179,0,17.38
fold2_room1_mix0759,5,4,0,177,0,18.52
fold2_room1_mix0759,6,4,0,179,0,19.94
fold2_room1_mix0759,7,4,0,177,0,28.96
fold2_room1_mix0759,8,4,0,178,0,31.94
fold2_room1_mix0759,9,4,0,178,0,32.22
fold2_room1_mix0759,10,4,0,178,0,31.60
fold2_room1_mix0759,11,4,0,178,0,30.65
fold2_room1_mix0759,12,4,0,179,0,30.98
fold2_room1_mix0759,13,4,0,179,0,28.37
fold2_room1_mix0759,14,4,0,177,0,29.14
fold2_room1_mix0759,15,4,0,-179,0,27.76
fold2_room1_mix0759,16,4,0,179,0,27.43
fold2_room1_mix0759,17,4,0,179,0,28.60
fold2_room1_mix0759,18,4,0,178,0,27.44
fold2_room1_mix0759,19,4,0,178,-1,27.87
fold2_room1_mix0759,20,4,0,179,0,28.06
fold2_room1_mix0759,21,4,0,177,-1,26.67
fold2_room1_mix0759,22,4,0,177,-1,25.59
fold2_room1_mix0759,23,4,0,176,0,24.38
fold2_room1_mix0759,24,4,0,176,-1,24.46
fold2_room1_mix0759,25,4,0,175,0,24.27
fold2_room1_mix0759,26,4,0,174,0,23.50
fold2_room1_mix0759,27,4,0,174,-1,23.67
fold2_room1_mix0759,28,4,0,174,-1,22.95
fold2_room1_mix0759,29,4,0,175,-1,22.15
fold2_room1_mix0759,30,4,0,173,-1,21.50
fold2_room1_mix0759,31,4,0,172,-1,22.21
fold2_room1_mix0759,32,4,0,172,-1,21.29
fold2_room1_mix0759,33,4,0,170,-1,20.47
fold2_room1_mix0759,34,4,0,170,-1,20.01
fold2_room1_mix0759,35,4,0,171,-1,19.77
fold2_room1_mix0759,36,4,0,172,-1,18.80
fold2_room1_mix0759,37,4,0,170,-1,18.42
fold2_room1_mix0759,38,4,0,171,-1,17.20
fold2_room1_mix0759,39,4,0,170,-1,16.55
fold2_room1_mix0759,40,4,0,171,-1,16.37
fold2_room1_mix0759,41,4,0,169,-2,15.46
fold2_room1_mix0759,42,4,0,171,-2,14.73
fold2_room1_mix0759,43,4,0,172,-2,14.88
fold2_room1_mix0759,44,4,0,171,-2,13.95
fold2_room1_mix0759,45,4,0,169,-2,13.95
fold2_room1_mix0759,46,4,0,169,-2,13.48
fold2_room1_mix0759,47,4,0,170,-2,12.86
fold2_room1_mix0759,48,4,0,168,-2,11.84
fold2_room1_mix0759,49,4,0,168,-3,11.92
fold2_room1_mix0759,50,4,0,168,-3,11.34
fold2_room1_mix0759,51,4,0,167,-3,11.12
fold2_room1_mix0759,52,4,0,166,-3,10.83
fold2_room1_mix0759,53,4,0,165,-3,10.29
fold2_room1_mix0759,54,4,0,162,-4,9.36
fold2_room1_mix0759,55,4,0,161,-4,8.80
fold2_room1_mix0759,56,4,0,161,-4,8.56
fold2_room1_mix0759,57,4,0,159,-4,8.20
fold2_room1_mix0759,58,4,0,156,-5,6.83
fold2_room1_mix0759,59,4,0,154,-4,6.77
fold2_room1_mix0759,60,4,0,153,-5,6.07
fold2_room1_mix0759,61,4,0,148,-6,5.34
fold2_room1_mix0759,62,4,0,144,-6,4.84
fold2_room1_mix0759,63,4,0,139,-6,4.53
fold2_room1_mix0759,64,4,0,133,-7,4.02
fold2_room1_mix0759,65,4,0,126,-8,3.61
fold2_room1_mix0759,66,4,0,114,-8,3.27
fold2_room1_mix0759,67,4,0,100,-9,3.21
fold2_room1_mix0759,68,4,0,89,-10,3.11
fold2_room1_mix0759,69,4,0,76,-9,3.29
fold2_room1_mix0759,70,4,0,65,-7,3.28
fold2_room1_mix0759,71,4,0,56,-7,3.50
fold2_room1_mix0759,72,4,0,48,-6,3.74
fold2_room1_mix0759,73,4,0,43,-5,3.98
fold2_room1_mix0759,74,4,0,37,-5,4.41
fold2_room1_mix0759,75,4,0,34,-5,4.71
fold2_room1_mix0759,76,4,0,30,-4,5.17
fold2_room1_mix0759,77,4,0,27,-4,5.76
fold2_room1_mix0759,78,4,0,26,-3,6.23
fold2_room1_mix0759,79,4,0,24,-3,6.99
fold2_room1_mix0759,80,4,0,22,-3,7.48
fold2_room1_mix0759,81,4,0,22,-3,8.07
fold2_room1_mix0759,82,4,0,20,-3,8.06
fold2_room1_mix0759,83,4,0,19,-3,9.17
fold2_room1_mix0759,84,4,0,18,-2,9.99
fold2_room1_mix0759,85,4,0,17,-2,10.30
fold2_room1_mix0759,86,4,0,16,-3,10.31
fold2_room1_mix0759,87,4,0,15,-2,11.09
fold2_room1_mix0759,88,4,0,15,-2,12.09
fold2_room1_mix0759,89,4,0,14,-2,12.35
fold2_room1_mix0759,90,4,0,13,-2,12.48
fold2_room1_mix0759,91,4,0,13,-2,13.70
fold2_room1_mix0759,92,4,0,13,-2,13.84
fold2_room1_mix0759,93,4,0,12,-2,13.68
fold2_room1_mix0759,94,4,0,12,-2,14.55
fold2_room1_mix0759,95,4,0,11,-2,14.94
fold2_room1_mix0759,96,4,0,11,-2,15.31
fold2_room1_mix0759,97,4,0,11,-1,17.49
fold2_room1_mix0759,98,4,0,11,-1,17.28
fold2_room1_mix0759,99,4,0,10,-1,17.67
fold2_room1_mix0760,23,2,0,-81,-4,7.09
fold2_room1_mix0760,24,2,0,-86,-5,4.83
fold2_room1_mix0760,29,2,0,-88,-4,6.83
fold2_room1_mix0760,30,2,0,-89,-5,5.94
fold2_room1_mix0760,31,2,0,-85,-4,7.03
fold2_room1_mix0760,32,2,0,-84,-5,5.70
fold2_room1_mix0760,33,2,0,-89,-5,5.06
fold2_room1_mix0760,34,2,0,-87,-5,4.69
fold2_room1_mix0760,39,2,0,-89,-4,6.85
fold2_room1_mix0760,40,2,0,-90,-4,6.57
fold2_room1_mix0760,41,2,0,-89,-4,6.31
fold2_room1_mix0760,42,2,0,-90,-5,5.82
fold2_room1_mix0760,43,2,0,-91,-5,5.37
fold2_room1_mix0760,44,2,0,-90,-4,4.40
fold2_room1_mix0760,49,2,0,-95,-5,6.10
fold2_room1_mix0760,50,2,0,-94,-5,6.64
fold2_room1_mix0760,51,2,0,-96,-5,5.80
fold2_room1_mix0760,52,2,0,-97,-6,5.43
fold2_room1_mix0760,53,2,0,-98,-5,5.83
fold2_room1_mix0760,59,2,0,-102,-5,6.52
fold2_room1_mix0760,60,2,0,-105,-5,6.81
fold2_room1_mix0760,61,2,0,-108,-5,6.77
fold2_room1_mix0760,62,2,0,-107,-5,6.28
fold2_room1_mix0760,63,2,0,-105,-5,6.16
fold2_room1_mix0760,68,2,0,-105,-4,6.77
fold2_room1_mix0760,69,2,0,-112,-5,7.14
fold2_room1_mix0760,70,2,0,-109,-5,6.76
fold2_room1_mix0760,71,2,0,-111,-5,6.55
fold2_room1_mix0760,72,2,0,-112,-5,6.17
fold2_room1_mix0760,73,2,0,-110,-5,5.67
fold2_room1_mix0760,78,2,0,-112,-4,6.64
fold2_room1_mix0760,79,2,0,-116,-5,6.95
fold2_room1_mix0760,80,2,0,-117,-5,7.11
fold2_room1_mix0760,81,2,0,-117,-5,6.49
fold2_room1_mix0761,78,4,0,96,-2,2.13
fold2_room1_mix0762,14,3,0,-156,-5,10.43
fold2_room1_mix0762,15,3,0,-157,-4,10.42
fold2_room1_mix0762,16,3,0,-155,-4,11.01
fold2_room1_mix0762,17,3,0,-162,-4,10.27
fold2_room1_mix0762,18,3,0,-159,-3,10.64
fold2_room1_mix0762,23,3,0,-153,-4,8.50
fold2_room1_mix0762,24,3,0,-159,-4,12.99
fold2_room1_mix0762,25,3,0,-154,-3,11.89
fold2_room1_mix0762,26,3,0,-157,-4,12.58
fold2_room1_mix0762,27,3,0,-156,-4,11.30
fold2_room1_mix0762,28,3,0,-159,-3,11.41
fold2_room1_mix0762,29,3,0,-153,-4,11.27
fold2_room1_mix0762,30,3,0,-153,-4,7.14
fold2_room1_mix0762,31,3,0,-156,-3,3.28
fold2_room1_mix0762,34,3,0,-151,-4,7.72
fold2_room1_mix0762,35,3,0,-151,-3,9.62
fold2_room1_mix0762,36,3,0,-151,-4,12.03
fold2_room1_mix0762,37,3,0,-147,-4,10.40
fold2_room1_mix0762,38,3,0,-141,-4,11.83
fold2_room1_mix0762,39,3,0,-142,-4,12.20
fold2_room1_mix0762,40,3,0,-145,-4,11.40
fold2_room1_mix0762,41,3,0,-120,-5,8.52
fold2_room1_mix0762,42,3,0,-132,-4,4.14
fold2_room1_mix0762,45,3,0,-136,-4,8.95
fold2_room1_mix0762,46,3,0,-134,-4,13.21
fold2_room1_mix0762,46,4,0,-7,-2,5.26
fold2_room1_mix0762,47,3,0,-126,-5,9.31
fold2_room1_mix0762,47,4,0,-4,-1,6.49
fold2_room1_mix0762,48,3,0,-125,-5,10.50
fold2_room1_mix0762,48,4,0,-7,-2,7.42
fold2_room1_mix0762,49,3,0,-120,-6,7.64
fold2_room1_mix0762,49,4,0,-9,-2,7.22
fold2_room1_mix0762,50,3,0,-113,-6,7.54
fold2_room1_mix0762,50,4,0,-8,-3,6.18
fold2_room1_mix0762,51,3,0,-111,-6,6.99
fold2_room1_mix0762,51,4,0,-6,-2,6.24
fold2_room1_mix0762,52,3,0,-92,-7,5.35
fold2_room1_mix0762,52,4,0,0,-1,4.42
fold2_room1_mix0762,53,3,0,-85,-6,6.15
fold2_room1_mix0762,53,4,0,-1,-2,4.68
fold2_room1_mix0762,54,3,0,-87,-6,3.74
fold2_room1_mix0762,54,4,0,-4,-2,5.16
fold2_room1_mix0762,55,3,0,-74,-5,3.67
fold2_room1_mix0762,55,4,0,-3,-2,7.39
fold2_room1_mix0762,56,4,0,-7,-3,7.54
fold2_room1_mix0762,57,3,0,-67,-6,7.13
fold2_room1_mix0762,57,4,0,-4,-3,8.73
fold2_room1_mix0762,58,3,0,-57,-5,7.03
fold2_room1_mix0762,58,4,0,-5,-3,7.42
fold2_room1_mix0762,59,3,0,-55,-5,6.11
fold2_room1_mix0762,59,4,0,-6,-3,8.06
fold2_room1_mix0762,60,3,0,-52,-5,5.58
fold2_room1_mix0762,60,4,0,-4,-4,7.69
fold2_room1_mix0762,61,3,0,-49,-5,6.27
fold2_room1_mix0762,61,4,0,-5,-4,5.96
fold2_room1_mix0762,62,3,0,-45,-4,6.96
fold2_room1_mix0762,62,4,0,-9,-6,5.87
fold2_room1_mix0762,63,3,0,-42,-5,6.65
fold2_room1_mix0762,63,4,0,-14,-8,4.79
fold2_room1_mix0762,64,3,0,-36,-4,6.06
fold2_room1_mix0762,64,4,0,-23,-9,3.51
fold2_room1_mix0762,65,3,0,-36,-4,6.51
fold2_room1_mix0762,65,4,0,-33,-12,2.91
fold2_room1_mix0762,66,4,0,-54,-11,2.08
fold2_room1_mix0762,67,4,0,-78,-13,1.90
fold2_room1_mix0762,68,4,0,-106,-11,1.54
fold2_room1_mix0762,69,4,0,-131,-7,1.93
fold2_room1_mix0762,70,4,0,-141,-7,2.41
fold2_room1_mix0762,71,4,0,-148,-6,2.97
fold2_room1_mix0762,72,4,0,-152,-5,3.61
fold2_room1_mix0762,73,4,0,-156,-5,4.06
fold2_room1_mix0762,74,4,0,-158,-4,4.41
fold2_room1_mix0762,75,4,0,-161,-3,5.33
fold2_room1_mix0762,76,4,0,-163,-3,6.10
fold2_room1_mix0762,77,4,0,-164,-3,6.53
fold2_room1_mix0762,78,4,0,-166,-3,7.08
fold2_room1_mix0762,79,4,0,-168,-2,7.33
fold2_room1_mix0762,80,4,0,-168,-2,8.71
fold2_room1_mix0762,81,4,0,-169,-1,8.83
fold2_room1_mix0762,82,4,0,-172,-1,9.72
fold2_room1_mix0762,83,4,0,-171,-2,9.90
fold2_room1_mix0762,84,4,0,-170,-2,10.62
fold2_room1_mix0762,85,4,0,-171,-1,11.61
fold2_room1_mix0762,86,4,0,-171,-1,11.71
fold2_room1_mix0762,87,4,0,-171,-1,11.81
fold2_room1_mix0762,88,4,0,-172,-1,13.81
fold2_room1_mix0762,89,4,0,-173,-1,13.27
fold2_room1_mix0762,90,4,0,-173,-1,14.15
fold2_room1_mix0762,91,4,0,-174,-1,14.68
fold2_room1_mix0762,92,4,0,-175,-1,11.56
fold2_room1_mix0762,93,4,0,-174,-1,13.74
fold2_room1_mix0762,94,4,0,-174,-1,14.02
fold2_room1_mix0762,95,4,0,-174,-1,11.20
fold2_room1_mix0762,96,4,0,-173,0,9.18
fold2_room1_mix0762,97,4,0,-175,0,3.14
fold2_room1_mix0763,36,1,0,160,-2,15.58
fold2_room1_mix0763,37,1,0,166,-2,34.62
fold2_room1_mix0763,38,1,0,171,-2,4.29
fold2_room1_mix0763,39,1,0,164,-2,33.55
fold2_room1_mix0763,40,1,0,166,-2,31.08
fold2_room1_mix0763,40,4,0,167,0,3.25
fold2_room1_mix0763,41,1,0,163,-1,38.52
fold2_room1_mix0763,41,4,0,166,0,1.98
fold2_room1_mix0763,42,1,0,173,-1,4.37
fold2_room1_mix0763,42,4,0,174,0,3.33
fold2_room1_mix0763,43,1,0,166,-2,26.50
fold2_room1_mix0763,43,4,0,173,-1,10.07
fold2_room1_mix0763,44,1,0,160,-2,30.75
fold2_room1_mix0763,44,4,0,171,-1,15.92
fold2_room1_mix0763,45,1,0,158,-2,29.85
fold2_room1_mix0763,45,4,0,172,0,1.76
fold2_room1_mix0763,46,1,0,163,-1,30.65
fold2_room1_mix0763,46,4,0,174,0,3.53
fold2_room1_mix0763,47,1,0,173,-1,3.33
fold2_room1_mix0763,47,4,0,175,-1,22.03
fold2_room1_mix0763,48,1,0,154,-2,21.63
fold2_room1_mix0763,48,4,0,171,-2,16.73
fold2_room1_mix0763,49,1,0,150,-2,19.58
fold2_room1_mix0763,49,4,0,165,-1,15.16
fold2_room1_mix0763,50,1,0,150,-2,22.00
fold2_room1_mix0763,50,4,0,175,-1,18.33
fold2_room1_mix0763,51,1,0,156,-1,5.72
fold2_room1_mix0763,51,4,0,171,-1,16.86
fold2_room1_mix0763,52,1,0,144,-3,15.54
fold2_room1_mix0763,52,4,0,167,-1,17.76
fold2_room1_mix0763,53,1,0,138,-2,14.72
fold2_room1_mix0763,53,4,0,174,-2,15.50
fold2_room1_mix0763,54,1,0,128,-3,11.38
fold2_room1_mix0763,54,4,0,176,-1,15.11
fold2_room1_mix0763,55,1,0,127,-2,14.83
fold2_room1_mix0763,55,4,0,174,-1,13.53
fold2_room1_mix0763,56,4,0,-178,-2,14.64
fold2_room1_mix0763,57,1,0,102,-3,7.30
fold2_room1_mix0763,57,4,0,-174,-2,12.93
fold2_room1_mix0763,58,1,0,98,-4,12.40
fold2_room1_mix0763,58,4,0,176,-2,11.22
fold2_room1_mix0763,59,1,0,80,-4,11.63
fold2_room1_mix0763,59,4,0,-176,-1,13.26
fold2_room1_mix0763,60,1,0,86,-4,9.91
fold2_room1_mix0763,60,4,0,176,-1,12.72
fold2_room1_mix0763,61,4,0,-178,-2,12.55
fold2_room1_mix0763,62,1,0,54,-3,13.68
fold2_room1_mix0763,62,4,0,-178,-2,10.67
fold2_room1_mix0763,63,1,0,43,-3,13.92
fold2_room1_mix0763,63,4,0,166,-2,14.47
fold2_room1_mix0763,64,1,0,41,-3,14.15
fold2_room1_mix0763,64,4,0,175,-3,10.46
fold2_room1_mix0763,65,1,0,59,-4,8.30
fold2_room1_mix0763,65,4,0,177,-2,10.42
fold2_room1_mix0763,66,4,0,173,-2,12.60
fold2_room1_mix0763,67,1,0,33,-2,19.04
fold2_room1_mix0763,67,4,0,176,-2,10.99
fold2_room1_mix0763,68,1,0,34,-3,16.60
fold2_room1_mix0763,68,4,0,171,-4,10.76
fold2_room1_mix0763,69,1,0,27,-2,17.33
fold2_room1_mix0763,69,4,0,174,-3,11.71
fold2_room1_mix0763,70,4,0,178,-3,10.27
fold2_room1_mix0763,71,4,0,169,-4,9.17
fold2_room1_mix0763,72,1,0,26,-2,16.19
fold2_room1_mix0763,72,4,0,174,-3,8.25
fold2_room1_mix0763,73,1,0,26,-2,18.47
fold2_room1_mix0763,73,4,0,172,-4,6.93
fold2_room1_mix0763,74,1,0,24,-2,15.92
fold2_room1_mix0763,74,4,0,170,-4,9.25
fold2_room1_mix0763,75,4,0,172,-5,6.75
fold2_room1_mix0763,76,4,0,159,-6,6.44
fold2_room1_mix0763,77,1,0,32,-2,23.07
fold2_room1_mix0763,77,4,0,161,-5,5.09
fold2_room1_mix0763,78,1,0,33,-3,21.82
fold2_room1_mix0763,78,4,0,166,-7,4.67
fold2_room1_mix0763,79,1,0,70,-5,19.08
fold2_room1_mix0763,79,4,0,148,-8,4.74
fold2_room1_mix0763,80,4,0,139,-11,2.63
fold2_room1_mix0763,81,4,0,129,-13,2.41
fold2_room1_mix0763,81,4,0,89,-16,3.63
fold2_room1_mix0763,82,1,0,49,-3,14.32
fold2_room1_mix0763,82,4,0,119,-10,2.42
fold2_room1_mix0763,82,4,0,92,-13,2.93
fold2_room1_mix0763,83,1,0,50,-3,11.41
fold2_room1_mix0763,83,4,0,98,-12,2.26
fold2_room1_mix0763,84,1,0,41,-4,11.56
fold2_room1_mix0763,84,4,0,52,-10,2.33
fold2_room1_mix0763,84,4,0,14,-5,5.96
fold2_room1_mix0763,85,4,0,41,-8,3.44
fold2_room1_mix0763,85,4,0,20,-8,4.70
fold2_room1_mix0763,86,4,0,23,-8,2.97
fold2_room1_mix0763,87,4,0,19,-4,5.34
fold2_room1_mix0763,88,4,0,20,-5,5.14
fold2_room1_mix0763,89,4,0,15,-4,5.12
fold2_room1_mix0763,90,4,0,14,-3,6.30
fold2_room1_mix0763,91,4,0,13,-3,6.37
fold2_room1_mix0763,92,4,0,13,-3,6.85
fold2_room1_mix0763,93,4,0,12,-3,7.76
fold2_room1_mix0763,94,4,0,11,-2,7.62
fold2_room1_mix0763,95,4,0,12,-2,8.77
fold2_room1_mix0763,96,4,0,12,-2,9.49
fold2_room1_mix0763,97,4,0,11,-2,9.66
fold2_room1_mix0763,98,4,0,10,-2,10.78
fold2_room1_mix0763,99,4,0,8,-2,10.96
fold2_room1_mix0764,6,4,0,-178,1,7.54
fold2_room1_mix0764,7,4,0,-176,0,11.25
fold2_room1_mix0764,8,4,0,-176,0,13.37
fold2_room1_mix0764,9,4,0,-179,0,14.45
fold2_room1_mix0764,10,4,0,-175,0,23.02
fold2_room1_mix0764,11,4,0,-171,0,33.82
fold2_room1_mix0764,12,4,0,-173,0,29.65
fold2_room1_mix0764,13,4,0,-171,0,31.54
fold2_room1_mix0764,14,4,0,-174,0,31.99
fold2_room1_mix0764,15,4,0,-174,0,30.82
fold2_room1_mix0764,16,4,0,-173,0,29.26
fold2_room1_mix0764,17,4,0,-171,0,31.17
fold2_room1_mix0764,18,4,0,-171,0,30.09
fold2_room1_mix0764,19,4,0,-174,0,30.69
fold2_room1_mix0764,20,4,0,-171,0,29.58
fold2_room1_mix0764,21,4,0,-170,0,31.19
fold2_room1_mix0764,22,4,0,-171,0,29.36
fold2_room1_mix0764,23,4,0,-169,0,26.88
fold2_room1_mix0764,24,4,0,-169,0,27.25
fold2_room1_mix0764,25,4,0,-168,0,26.71
fold2_room1_mix0764,26,4,0,-168,0,25.00
fold2_room1_mix0764,27,4,0,-169,0,26.47
fold2_room1_mix0764,28,4,0,-167,0,26.07
fold2_room1_mix0764,29,4,0,-168,0,24.41
fold2_room1_mix0764,30,4,0,-167,0,24.73
fold2_room1_mix0764,31,4,0,-165,-1,23.11
fold2_room1_mix0764,32,4,0,-167,0,23.91
fold2_room1_mix0764,33,4,0,-165,0,23.01
fold2_room1_mix0764,34,4,0,-167,0,21.98
fold2_room1_mix0764,35,4,0,-164,0,21.54
fold2_room1_mix0764,36,4,0,-166,0,20.91
fold2_room1_mix0764,37,4,0,-164,0,21.30
fold2_room1_mix0764,38,4,0,-164,0,20.08
fold2_room1_mix0764,39,4,0,-164,0,20.75
fold2_room1_mix0764,40,3,0,-92,-4,8.87
fold2_room1_mix0764,40,4,0,-164,-1,21.44
fold2_room1_mix0764,41,3,0,-92,-5,11.56
fold2_room1_mix0764,41,4,0,-160,-1,17.62
fold2_room1_mix0764,42,3,0,-92,-4,10.43
fold2_room1_mix0764,42,4,0,-164,-1,18.15
fold2_room1_mix0764,43,3,0,-89,-3,3.81
fold2_room1_mix0764,43,4,0,-161,0,18.77
fold2_room1_mix0764,44,4,0,-159,-1,18.19
fold2_room1_mix0764,45,4,0,-156,-1,17.21
fold2_room1_mix0764,46,4,0,-157,-1,15.93
fold2_room1_mix0764,47,4,0,-157,-1,16.33
fold2_room1_mix0764,48,3,0,-118,-4,9.90
fold2_room1_mix0764,48,4,0,-154,-1,16.74
fold2_room1_mix0764,49,3,0,-116,-4,15.07
fold2_room1_mix0764,49,4,0,-155,-1,14.45
fold2_room1_mix0764,50,3,0,-113,-4,13.13
fold2_room1_mix0764,50,4,0,-153,-2,13.96
fold2_room1_mix0764,51,3,0,-114,-4,12.67
fold2_room1_mix0764,51,4,0,-152,-2,12.83
fold2_room1_mix0764,52,3,0,-114,-4,15.48
fold2_room1_mix0764,52,4,0,-152,-1,13.26
fold2_room1_mix0764,53,3,0,-110,-4,14.34
fold2_room1_mix0764,53,4,0,-152,-2,13.28
fold2_room1_mix0764,54,3,0,-109,-4,10.99
fold2_room1_mix0764,54,4,0,-148,-3,12.27
fold2_room1_mix0764,55,3,0,-105,-3,9.99
fold2_room1_mix0764,55,4,0,-148,-2,11.52
fold2_room1_mix0764,56,3,0,-112,-3,4.64
fold2_room1_mix0764,56,4,0,-143,-2,10.76
fold2_room1_mix0764,57,4,0,-144,-2,11.25
fold2_room1_mix0764,58,4,0,-142,-2,9.88
fold2_room1_mix0764,59,4,0,-139,-2,9.73
fold2_room1_mix0764,60,3,0,-123,-4,11.38
fold2_room1_mix0764,60,4,0,-141,-3,10.92
fold2_room1_mix0764,61,3,0,-124,-4,14.56
fold2_room1_mix0764,61,4,0,-139,-3,11.10
fold2_room1_mix0764,62,3,0,-130,-4,15.11
fold2_room1_mix0764,62,4,0,-136,-3,10.46
fold2_room1_mix0764,63,3,0,-128,-4,12.40
fold2_room1_mix0764,63,4,0,-132,-3,10.29
fold2_room1_mix0764,64,3,0,-128,-4,12.63
fold2_room1_mix0764,64,4,0,-127,-3,9.45
fold2_room1_mix0764,65,3,0,-129,-4,13.55
fold2_room1_mix0764,65,4,0,-120,-4,8.12
fold2_room1_mix0764,66,3,0,-125,-4,11.24
fold2_room1_mix0764,66,4,0,-117,-5,7.85
fold2_room1_mix0764,67,3,0,-129,-3,5.53
fold2_room1_mix0764,67,4,0,-112,-5,7.07
fold2_room1_mix0764,68,4,0,-103,-5,7.09
fold2_room1_mix0764,69,4,0,-96,-5,6.89
fold2_room1_mix0764,70,4,0,-89,-5,6.60
fold2_room1_mix0764,71,4,0,-85,-5,6.83
fold2_room1_mix0764,72,3,0,-151,-4,7.77
fold2_room1_mix0764,72,4,0,-84,-6,7.97
fold2_room1_mix0764,73,3,0,-141,-4,9.29
fold2_room1_mix0764,73,4,0,-76,-5,8.34
fold2_room1_mix0764,74,3,0,-141,-4,12.59
fold2_room1_mix0764,74,4,0,-72,-5,7.81
fold2_room1_mix0764,75,3,0,-145,-3,13.29
fold2_room1_mix0764,75,4,0,-68,-5,7.70
fold2_room1_mix0764,76,3,0,-147,-3,12.14
fold2_room1_mix0764,76,4,0,-63,-4,8.26
fold2_room1_mix0764,77,3,0,-144,-3,14.19
fold2_room1_mix0764,77,4,0,-58,-3,8.63
fold2_room1_mix0764,78,3,0,-137,-3,12.23
fold2_room1_mix0764,78,4,0,-52,-3,8.64
fold2_room1_mix0764,79,3,0,-136,-3,7.40
fold2_room1_mix0764,79,4,0,-49,-3,8.66
fold2_room1_mix0764,80,4,0,-47,-3,8.67
fold2_room1_mix0764,81,4,0,-42,-3,9.41
fold2_room1_mix0764,82,4,0,-42,-3,9.32
fold2_room1_mix0764,83,4,0,-39,-3,9.65
fold2_room1_mix0764,84,3,0,-147,-4,10.69
fold2_room1_mix0764,84,4,0,-40,-3,11.71
fold2_room1_mix0764,85,3,0,-144,-3,17.09
fold2_room1_mix0764,85,4,0,-38,-2,13.72
fold2_room1_mix0764,86,3,0,-149,-3,17.09
fold2_room1_mix0764,86,4,0,-35,-2,13.20
fold2_room1_mix0764,87,3,0,-147,-3,15.57
fold2_room1_mix0764,87,4,0,-31,-2,15.44
fold2_room1_mix0764,88,3,0,-151,-3,18.06
fold2_room1_mix0764,88,4,0,-31,-1,16.39
fold2_room1_mix0764,89,3,0,-149,-3,17.06
fold2_room1_mix0764,89,4,0,-29,-1,16.52
fold2_room1_mix0764,90,3,0,-137,-3,11.34
fold2_room1_mix0764,90,4,0,-27,-1,16.26
fold2_room1_mix0764,91,3,0,-144,-2,3.99
fold2_room1_mix0764,91,4,0,-26,-1,18.82
fold2_room1_mix0764,92,4,0,-24,-1,17.70
fold2_room1_mix0764,93,4,0,-23,-1,17.14
fold2_room1_mix0764,94,4,0,-23,-1,17.55
fold2_room1_mix0764,95,4,0,-21,-1,17.96
fold2_room1_mix0764,96,4,0,-20,-1,18.12
fold2_room1_mix0764,97,4,0,-18,-1,20.35
fold2_room1_mix0764,98,4,0,-17,-1,20.20
fold2_room1_mix0764,99,4,0,-15,-1,20.56
fold2_room1_mix0765,3,4,0,-177,0,1.59
fold2_room1_mix0765,4,4,0,-178,0,5.34
fold2_room1_mix0765,5,4,0,179,0,17.79
fold2_room1_mix0765,6,4,0,-178,0,17.43
fold2_room1_mix0765,7,4,0,179,0,22.79
fold2_room1_mix0765,8,4,0,-177,0,31.83
fold2_room1_mix0765,9,4,0,179,0,34.00
fold2_room1_mix0765,10,4,0,-177,0,37.64
fold2_room1_mix0765,11,4,0,-178,0,39.01
fold2_room1_mix0765,12,4,0,-179,-1,38.02
fold2_room1_mix0765,13,4,0,-179,-1,36.40
fold2_room1_mix0765,14,4,0,-179,0,40.23
fold2_room1_mix0765,15,4,0,-178,-1,38.70
fold2_room1_mix0765,16,4,0,-178,0,40.88
fold2_room1_mix0765,17,4,0,-177,0,38.55
fold2_room1_mix0765,18,4,0,-179,0,43.64
fold2_room1_mix0765,19,4,0,179,0,43.46
fold2_room1_mix0765,20,4,0,-179,0,42.60
fold2_room1_mix0765,21,4,0,-177,0,41.64
fold2_room1_mix0765,22,3,0,19,-3,8.78
fold2_room1_mix0765,22,4,0,-178,0,36.12
fold2_room1_mix0765,23,3,0,18,-2,10.63
fold2_room1_mix0765,23,4,0,179,0,29.59
fold2_room1_mix0765,24,3,0,13,-2,10.67
fold2_room1_mix0765,24,4,0,-176,0,29.79
fold2_room1_mix0765,25,3,0,21,-2,10.68
fold2_room1_mix0765,25,4,0,-178,0,29.66
fold2_room1_mix0765,26,3,0,22,-2,10.32
fold2_room1_mix0765,26,4,0,-178,0,29.99
fold2_room1_mix0765,27,3,0,20,-2,10.98
fold2_room1_mix0765,27,4,0,-178,0,31.39
fold2_room1_mix0765,28,3,0,18,-2,9.91
fold2_room1_mix0765,28,4,0,-178,0,29.75
fold2_room1_mix0765,29,3,0,22,-2,8.63
fold2_room1_mix0765,29,4,0,-177,0,30.87
fold2_room1_mix0765,30,3,0,17,-2,9.69
fold2_room1_mix0765,30,4,0,-177,0,29.25
fold2_room1_mix0765,31,4,0,-178,0,36.15
fold2_room1_mix0765,32,4,0,-176,0,33.54
fold2_room1_mix0765,33,3,0,23,-2,5.40
fold2_room1_mix0765,33,4,0,-176,0,32.17
fold2_room1_mix0765,34,3,0,28,-2,7.31
fold2_room1_mix0765,34,4,0,-176,0,32.92
fold2_room1_mix0765,35,3,0,33,-2,9.63
fold2_room1_mix0765,35,4,0,-175,0,30.18
fold2_room1_mix0765,36,3,0,33,-2,9.59
fold2_room1_mix0765,36,4,0,-176,0,31.12
fold2_room1_mix0765,37,3,0,42,-2,8.23
fold2_room1_mix0765,37,4,0,-174,0,31.30
fold2_room1_mix0765,38,3,0,39,-3,6.17
fold2_room1_mix0765,38,4,0,-172,0,29.68
fold2_room1_mix0765,39,4,0,-174,0,31.73
fold2_room1_mix0765,40,4,0,-174,0,33.50
fold2_room1_mix0765,41,3,0,47,-3,10.57
fold2_room1_mix0765,41,4,0,-173,0,29.91
fold2_room1_mix0765,42,3,0,54,-4,8.88
fold2_room1_mix0765,42,4,0,-174,0,30.47
fold2_room1_mix0765,43,3,0,54,-4,9.16
fold2_room1_mix0765,43,4,0,-175,0,31.87
fold2_room1_mix0765,44,3,0,47,-4,8.07
fold2_room1_mix0765,44,4,0,-174,0,29.92
fold2_room1_mix0765,45,3,0,53,-5,8.04
fold2_room1_mix0765,45,4,0,-173,0,29.75
fold2_room1_mix0765,46,3,0,72,-6,7.42
fold2_room1_mix0765,46,4,0,-174,0,31.56
fold2_room1_mix0765,47,3,0,70,-7,6.85
fold2_room1_mix0765,47,4,0,-174,0,30.65
fold2_room1_mix0765,48,3,0,77,-7,6.87
fold2_room1_mix0765,48,4,0,-174,0,32.51
fold2_room1_mix0765,49,3,0,88,-7,5.76
fold2_room1_mix0765,49,4,0,-172,0,28.98
fold2_room1_mix0765,50,3,0,100,-8,6.73
fold2_room1_mix0765,50,4,0,-173,0,31.05
fold2_room1_mix0765,51,3,0,104,-7,7.39
fold2_room1_mix0765,51,4,0,-174,0,31.59
fold2_room1_mix0765,52,3,0,111,-7,7.08
fold2_room1_mix0765,52,4,0,-171,0,29.96
fold2_room1_mix0765,53,4,0,-172,0,25.69
fold2_room1_mix0765,54,4,0,-172,-1,24.85
fold2_room1_mix0765,55,4,0,-173,-1,23.60
fold2_room1_mix0765,56,4,0,-175,-1,23.99
fold2_room1_mix0765,57,4,0,-176,-1,22.55
fold2_room1_mix0765,58,4,0,-174,0,21.72
fold2_room1_mix0765,59,4,0,-175,-1,22.28
fold2_room1_mix0765,60,4,0,-174,-1,20.55
fold2_room1_mix0765,61,4,0,-173,0,19.85
fold2_room1_mix0765,62,4,0,-172,-1,18.88
fold2_room1_mix0765,63,4,0,-172,-1,18.50
fold2_room1_mix0765,64,4,0,-173,-1,17.13
fold2_room1_mix0765,65,4,0,-173,-1,15.82
fold2_room1_mix0765,66,4,0,-173,-1,16.00
fold2_room1_mix0765,67,4,0,-171,-1,15.43
fold2_room1_mix0765,68,4,0,-171,-1,14.69
fold2_room1_mix0765,69,4,0,-170,-2,14.01
fold2_room1_mix0765,70,4,0,-171,-2,13.04
fold2_room1_mix0765,71,4,0,-169,-2,11.81
fold2_room1_mix0765,72,4,0,-170,-2,11.66
fold2_room1_mix0765,73,4,0,-169,-3,10.84
fold2_room1_mix0765,74,4,0,-167,-3,9.92
fold2_room1_mix0765,75,4,0,-166,-3,9.79
fold2_room1_mix0765,76,4,0,-166,-4,8.57
fold2_room1_mix0765,77,4,0,-164,-4,8.02
fold2_room1_mix0765,78,4,0,-160,-5,7.07
fold2_room1_mix0765,79,4,0,-158,-6,5.96
fold2_room1_mix0765,80,4,0,-155,-7,4.70
fold2_room1_mix0765,81,4,0,-152,-9,4.24
fold2_room1_mix0765,82,4,0,-148,-11,3.36
fold2_room1_mix0765,83,4,0,-143,-12,3.05
fold2_room1_mix0765,84,4,0,-134,-16,2.46
fold2_room1_mix0765,85,4,0,-118,-20,2.23
fold2_room1_mix0765,86,4,0,-96,-22,1.93
fold2_room1_mix0765,87,4,0,-67,-20,1.95
fold2_room1_mix0765,88,4,0,-48,-15,2.31
fold2_room1_mix0765,89,4,0,-36,-12,2.82
fold2_room1_mix0765,90,4,0,-30,-10,3.56
fold2_room1_mix0765,91,4,0,-24,-9,4.08
fold2_room1_mix0765,92,4,0,-20,-8,4.44
fold2_room1_mix0765,93,4,0,-16,-6,5.30
fold2_room1_mix0765,94,4,0,-13,-5,6.36
fold2_room1_mix0765,95,4,0,-12,-5,6.62
fold2_room1_mix0765,96,4,0,-11,-5,7.44
fold2_room1_mix0765,97,4,0,-10,-4,8.34
fold2_room1_mix0765,98,4,0,-9,-4,9.00
fold2_room1_mix0765,99,4,0,-8,-4,9.33
fold2_room1_mix0766,3,4,0,-176,1,3.38
fold2_room1_mix0766,4,4,0,-174,0,15.67
fold2_room1_mix0766,5,4,0,-173,0,17.84
fold2_room1_mix0766,6,4,0,-173,0,17.93
fold2_room1_mix0766,7,4,0,-173,0,26.73
fold2_room1_mix0766,8,4,0,-171,0,26.12
fold2_room1_mix0766,9,4,0,-172,0,25.53
fold2_room1_mix0766,10,4,0,-171,0,25.24
fold2_room1_mix0766,11,4,0,-172,0,25.52
fold2_room1_mix0766,12,4,0,-172,0,24.18
fold2_room1_mix0766,13,4,0,-172,0,24.58
fold2_room1_mix0766,14,4,0,-172,0,23.97
fold2_room1_mix0766,15,4,0,-172,-1,22.67
fold2_room1_mix0766,16,4,0,-171,0,23.18
fold2_room1_mix0766,17,4,0,-169,0,23.67
fold2_room1_mix0766,18,4,0,-170,-1,22.96
fold2_room1_mix0766,19,4,0,-169,-1,22.32
fold2_room1_mix0766,20,1,0,-4,-2,12.75
fold2_room1_mix0766,20,4,0,-169,0,24.32
fold2_room1_mix0766,21,1,0,-5,-2,32.39
fold2_room1_mix0766,21,4,0,-171,0,21.64
fold2_room1_mix0766,22,1,0,-1,-2,34.31
fold2_room1_mix0766,22,4,0,-170,-1,22.09
fold2_room1_mix0766,23,4,0,-169,0,24.56
fold2_room1_mix0766,24,1,0,-5,-3,27.77
fold2_room1_mix0766,24,4,0,-166,-1,23.93
fold2_room1_mix0766,25,1,0,-7,-2,33.08
fold2_room1_mix0766,25,4,0,-171,-1,22.12
fold2_room1_mix0766,26,1,0,-7,-2,33.72
fold2_room1_mix0766,26,4,0,-170,-1,24.17
fold2_room1_mix0766,27,1,0,-10,-2,26.69
fold2_room1_mix0766,27,4,0,-168,-2,25.72
fold2_room1_mix0766,28,1,0,-7,-1,5.89
fold2_room1_mix0766,28,4,0,-167,-1,26.20
fold2_room1_mix0766,29,1,0,-8,-2,29.25
fold2_room1_mix0766,29,4,0,-168,-2,22.92
fold2_room1_mix0766,30,1,0,-8,-2,26.85
fold2_room1_mix0766,30,4,0,-169,-2,22.84
fold2_room1_mix0766,31,1,0,-11,-2,29.36
fold2_room1_mix0766,31,4,0,-168,-1,20.50
fold2_room1_mix0766,32,1,0,-10,-1,4.80
fold2_room1_mix0766,32,4,0,-163,-1,22.75
fold2_room1_mix0766,33,1,0,-20,-3,25.22
fold2_room1_mix0766,33,4,0,-168,-1,22.66
fold2_room1_mix0766,34,1,0,-16,-2,24.33
fold2_room1_mix0766,34,4,0,-165,-1,19.15
fold2_room1_mix0766,35,1,0,-15,-2,20.01
fold2_room1_mix0766,35,4,0,-164,-2,18.29
fold2_room1_mix0766,36,1,0,-20,-2,23.96
fold2_room1_mix0766,36,4,0,-168,-1,22.14
fold2_room1_mix0766,37,4,0,-163,-1,19.15
fold2_room1_mix0766,38,1,0,-22,-3,14.12
fold2_room1_mix0766,38,4,0,-167,-2,16.83
fold2_room1_mix0766,39,1,0,-26,-3,13.04
fold2_room1_mix0766,39,4,0,-169,-1,20.24
fold2_room1_mix0766,40,1,0,-32,-3,12.50
fold2_room1_mix0766,40,4,0,-164,-1,18.26
fold2_room1_mix0766,41,1,0,-24,-3,4.14
fold2_room1_mix0766,41,4,0,-165,-1,19.09
fold2_room1_mix0766,42,1,0,-48,-3,9.82
fold2_room1_mix0766,42,4,0,-169,-2,19.10
fold2_room1_mix0766,43,1,0,-55,-5,7.63
fold2_room1_mix0766,43,4,0,-163,-2,16.27
fold2_room1_mix0766,44,1,0,-63,-6,4.82
fold2_room1_mix0766,44,4,0,-169,-3,20.36
fold2_room1_mix0766,45,1,0,-86,-6,4.24
fold2_room1_mix0766,45,4,0,-171,-2,18.48
fold2_room1_mix0766,46,4,0,-162,-1,17.02
fold2_room1_mix0766,47,1,0,-125,-5,3.83
fold2_room1_mix0766,47,4,0,-169,-3,13.62
fold2_room1_mix0766,48,1,0,-141,-4,2.33
fold2_room1_mix0766,48,4,0,-160,-2,11.32
fold2_room1_mix0766,49,1,0,-142,-5,4.04
fold2_room1_mix0766,49,4,0,-165,-3,15.37
fold2_room1_mix0766,50,1,0,-148,-4,9.43
fold2_room1_mix0766,50,4,0,-170,-3,14.73
fold2_room1_mix0766,51,4,0,-155,-3,11.43
fold2_room1_mix0766,52,1,0,-152,-4,4.95
fold2_room1_mix0766,52,4,0,-162,-3,13.30
fold2_room1_mix0766,53,1,0,-166,-3,5.15
fold2_room1_mix0766,53,4,0,-160,-3,12.45
fold2_room1_mix0766,54,1,0,-157,-3,16.59
fold2_room1_mix0766,54,4,0,-153,-4,12.79
fold2_room1_mix0766,55,1,0,-159,-3,10.08
fold2_room1_mix0766,55,4,0,-158,-3,12.10
fold2_room1_mix0766,56,4,0,-145,-3,10.59
fold2_room1_mix0766,57,1,0,-163,-2,7.85
fold2_room1_mix0766,57,4,0,-148,-4,9.88
fold2_room1_mix0766,58,1,0,-165,-2,9.25
fold2_room1_mix0766,58,4,0,-156,-3,10.38
fold2_room1_mix0766,59,1,0,-166,-2,17.38
fold2_room1_mix0766,59,4,0,-141,-5,11.30
fold2_room1_mix0766,60,1,0,-169,-2,8.36
fold2_room1_mix0766,60,4,0,-138,-4,8.53
fold2_room1_mix0766,61,1,0,-170,-2,2.17
fold2_room1_mix0766,61,4,0,-134,-5,8.32
fold2_room1_mix0766,62,1,0,-172,-2,8.42
fold2_room1_mix0766,62,4,0,-132,-6,8.67
fold2_room1_mix0766,63,1,0,-162,-2,14.48
fold2_room1_mix0766,63,4,0,-139,-5,8.81
fold2_room1_mix0766,64,1,0,-169,-2,17.18
fold2_room1_mix0766,64,4,0,-132,-5,8.39
fold2_room1_mix0766,65,1,0,-170,-1,2.96
fold2_room1_mix0766,65,4,0,-126,-7,7.05
fold2_room1_mix0766,66,4,0,-126,-6,6.40
fold2_room1_mix0766,67,1,0,-165,-2,17.74
fold2_room1_mix0766,67,4,0,-123,-7,7.03
fold2_room1_mix0766,68,1,0,-162,-2,16.63
fold2_room1_mix0766,68,4,0,-125,-6,7.69
fold2_room1_mix0766,69,1,0,-158,-2,16.01
fold2_room1_mix0766,69,4,0,-126,-8,7.08
fold2_room1_mix0766,70,1,0,-164,-1,3.56
fold2_room1_mix0766,70,4,0,-113,-8,5.79
fold2_room1_mix0766,71,4,0,-107,-9,4.82
fold2_room1_mix0766,72,1,0,-150,-2,12.53
fold2_room1_mix0766,72,4,0,-100,-9,6.59
fold2_room1_mix0766,73,1,0,-152,-2,6.17
fold2_room1_mix0766,73,4,0,-109,-8,6.01
fold2_room1_mix0766,74,1,0,-129,-3,6.40
fold2_room1_mix0766,74,4,0,-100,-10,5.12
fold2_room1_mix0766,75,4,0,-90,-11,5.73
fold2_room1_mix0766,76,4,0,-85,-9,6.04
fold2_room1_mix0766,77,4,0,-83,-7,5.65
fold2_room1_mix0766,78,4,0,-79,-7,6.46
fold2_room1_mix0766,79,4,0,-74,-7,5.60
fold2_room1_mix0766,80,4,0,-70,-6,5.91
fold2_room1_mix0766,81,4,0,-66,-6,6.32
fold2_room1_mix0766,82,4,0,-61,-6,5.75
fold2_room1_mix0766,83,4,0,-59,-6,6.27
fold2_room1_mix0766,84,4,0,-57,-5,7.02
fold2_room1_mix0766,85,4,0,-54,-6,6.95
fold2_room1_mix0766,86,4,0,-50,-5,7.06
fold2_room1_mix0766,87,4,0,-48,-5,7.72
fold2_room1_mix0766,88,4,0,-45,-5,7.92
fold2_room1_mix0766,89,4,0,-43,-4,8.45
fold2_room1_mix0766,90,4,0,-40,-5,8.45
fold2_room1_mix0766,91,4,0,-39,-4,9.13
fold2_room1_mix0766,92,4,0,-35,-4,9.21
fold2_room1_mix0766,93,4,0,-35,-4,9.46
fold2_room1_mix0766,94,4,0,-34,-4,10.58
fold2_room1_mix0766,95,4,0,-31,-3,10.41
fold2_room1_mix0766,96,4,0,-30,-3,11.06
fold2_room1_mix0766,97,4,0,-27,-3,12.28
fold2_room1_mix0766,98,4,0,-25,-3,11.93
fold2_room1_mix0766,99,4,0,-26,-3,10.96
fold2_room1_mix0767,6,4,0,175,0,2.92
fold2_room1_mix0767,7,4,0,171,0,8.60
fold2_room1_mix0767,9,4,0,169,0,7.71
fold2_room1_mix0767,10,4,0,172,0,5.50
fold2_room1_mix0767,13,4,0,174,0,26.93
fold2_room1_mix0767,14,4,0,176,0,31.96
fold2_room1_mix0767,15,4,0,174,0,20.63
fold2_room1_mix0767,16,4,0,173,0,36.41
fold2_room1_mix0767,17,4,0,178,0,33.27
fold2_room1_mix0767,18,4,0,177,0,34.75
fold2_room1_mix0767,19,4,0,176,0,31.47
fold2_room1_mix0767,20,4,0,175,0,33.88
fold2_room1_mix0767,21,4,0,176,0,27.31
fold2_room1_mix0767,22,4,0,176,0,27.53
fold2_room1_mix0767,23,4,0,177,0,31.96
fold2_room1_mix0767,24,4,0,176,0,29.61
fold2_room1_mix0767,25,4,0,179,0,31.97
fold2_room1_mix0767,26,4,0,178,0,30.17
fold2_room1_mix0767,27,4,0,179,0,31.15
fold2_room1_mix0767,28,4,0,178,0,30.07
fold2_room1_mix0767,29,4,0,179,0,28.21
fold2_room1_mix0767,30,4,0,-179,0,27.20
fold2_room1_mix0767,31,4,0,-177,0,29.82
fold2_room1_mix0767,32,4,0,179,0,28.56
fold2_room1_mix0767,33,4,0,-178,0,28.10
fold2_room1_mix0767,34,4,0,-179,0,27.51
fold2_room1_mix0767,35,4,0,-178,0,25.98
fold2_room1_mix0767,36,4,0,-179,0,25.62
fold2_room1_mix0767,37,4,0,-178,0,27.51
fold2_room1_mix0767,38,4,0,-178,0,25.42
fold2_room1_mix0767,39,4,0,-178,0,26.29
fold2_room1_mix0767,40,4,0,179,0,26.47
fold2_room1_mix0767,41,4,0,-179,0,24.75
fold2_room1_mix0767,42,4,0,-178,0,23.53
fold2_room1_mix0767,43,4,0,-178,0,23.04
fold2_room1_mix0767,44,4,0,-177,0,22.38
fold2_room1_mix0767,45,4,0,-178,0,22.07
fold2_room1_mix0767,46,4,0,-175,0,20.91
fold2_room1_mix0767,47,4,0,-176,0,22.47
fold2_room1_mix0767,48,4,0,-179,0,21.23
fold2_room1_mix0767,49,4,0,-178,0,21.47
fold2_room1_mix0767,50,4,0,-177,-1,20.45
fold2_room1_mix0767,51,4,0,-177,-1,18.34
fold2_room1_mix0767,52,4,0,-177,-1,17.43
fold2_room1_mix0767,53,4,0,-170,-1,18.14
fold2_room1_mix0767,53,4,0,168,-1,15.63
fold2_room1_mix0767,54,4,0,-169,-1,15.58
fold2_room1_mix0767,54,4,0,169,-2,13.90
fold2_room1_mix0767,55,4,0,-169,-2,14.74
fold2_room1_mix0767,55,4,0,165,-2,13.86
fold2_room1_mix0767,56,4,0,-167,-2,13.12
fold2_room1_mix0767,56,4,0,166,-2,13.42
fold2_room1_mix0767,57,4,0,-168,-2,12.97
fold2_room1_mix0767,57,4,0,165,-2,13.10
fold2_room1_mix0767,58,4,0,-156,-2,13.21
fold2_room1_mix0767,58,4,0,-174,-3,10.26
fold2_room1_mix0767,58,4,0,161,-3,10.42
fold2_room1_mix0767,59,4,0,-153,-2,12.05
fold2_room1_mix0767,59,4,0,-172,-3,9.32
fold2_room1_mix0767,59,4,0,155,-2,10.13
fold2_room1_mix0767,60,4,0,-151,-2,11.29
fold2_room1_mix0767,60,4,0,-171,-4,8.29
fold2_room1_mix0767,60,4,0,152,-5,6.40
fold2_room1_mix0767,61,4,0,-150,-3,9.17
fold2_room1_mix0767,61,4,0,-173,-4,7.38
fold2_room1_mix0767,61,4,0,143,-3,8.27
fold2_room1_mix0767,62,4,0,-148,-2,9.76
fold2_room1_mix0767,62,4,0,-178,-5,6.72
fold2_room1_mix0767,62,4,0,147,-5,5.74
fold2_room1_mix0767,63,4,0,173,-5,7.53
fold2_room1_mix0767,63,4,0,-158,-7,5.56
fold2_room1_mix0767,64,4,0,162,-6,6.38
fold2_room1_mix0767,64,4,0,-143,-9,4.49
fold2_room1_mix0767,65,4,0,153,-7,5.53
fold2_room1_mix0767,65,4,0,137,-8,4.16
fold2_room1_mix0767,65,4,0,-123,-12,3.45
fold2_room1_mix0767,66,4,0,135,-8,4.75
fold2_room1_mix0767,66,4,0,118,-10,3.41
fold2_room1_mix0767,66,4,0,-106,-14,2.70
fold2_room1_mix0767,67,4,0,109,-11,3.91
fold2_room1_mix0767,67,4,0,-67,-16,2.80
fold2_room1_mix0767,68,4,0,82,-10,3.44
fold2_room1_mix0767,68,4,0,24,-12,3.66
fold2_room1_mix0767,68,4,0,-44,-10,2.76
fold2_room1_mix0767,69,4,0,82,-9,4.93
fold2_room1_mix0767,69,4,0,14,-13,4.66
fold2_room1_mix0767,69,4,0,-40,-8,4.05
fold2_room1_mix0767,71,4,0,60,-7,5.89
fold2_room1_mix0767,71,4,0,-19,-6,5.04
fold2_room1_mix0767,73,4,0,-6,-4,8.15
fold2_room1_mix0767,73,4,0,-6,-4,7.26
fold2_room1_mix0767,74,4,0,34,-3,8.69
fold2_room1_mix0767,74,4,0,1,-5,6.36
fold2_room1_mix0767,74,4,0,-15,-3,7.18
fold2_room1_mix0767,75,4,0,29,-3,9.72
fold2_room1_mix0767,75,4,0,0,-4,7.43
fold2_room1_mix0767,75,4,0,-14,-3,8.40
fold2_room1_mix0767,76,4,0,26,-3,9.92
fold2_room1_mix0767,76,4,0,2,-4,7.80
fold2_room1_mix0767,76,4,0,-14,-2,9.61
fold2_room1_mix0767,77,4,0,25,-3,10.82
fold2_room1_mix0767,77,4,0,-5,-3,9.47
fold2_room1_mix0767,78,4,0,10,-2,11.08
fold2_room1_mix0767,78,4,0,-12,-2,10.83
fold2_room1_mix0767,79,4,0,3,-2,12.49
fold2_room1_mix0767,80,4,0,2,-2,13.09
fold2_room1_mix0767,81,4,0,3,-2,13.65
fold2_room1_mix0767,82,4,0,1,-2,14.79
fold2_room1_mix0767,83,4,0,1,-2,15.68
fold2_room1_mix0767,84,4,0,1,-2,16.66
fold2_room1_mix0767,85,4,0,1,-1,18.46
fold2_room1_mix0767,86,4,0,2,-2,18.45
fold2_room1_mix0767,87,4,0,2,-1,20.04
fold2_room1_mix0767,88,4,0,1,-1,21.13
fold2_room1_mix0767,89,4,0,2,-1,21.07
fold2_room1_mix0767,90,4,0,0,-1,21.31
fold2_room1_mix0767,91,4,0,1,-1,22.26
fold2_room1_mix0767,92,4,0,2,-1,22.86
fold2_room1_mix0767,93,4,0,1,-1,22.54
fold2_room1_mix0767,94,4,0,0,-1,22.82
fold2_room1_mix0767,95,4,0,1,-1,26.02
fold2_room1_mix0767,96,4,0,1,-1,26.26
fold2_room1_mix0767,97,4,0,1,0,25.84
fold2_room1_mix0767,98,4,0,0,0,28.40
fold2_room1_mix0767,99,4,0,0,-1,27.42
fold2_room1_mix0767,12,4,0,174,1,2.38
fold2_room1_mix0767,70,4,0,45,-10,3.98
fold2_room1_mix0767,70,4,0,-33,-7,4.38
fold2_room1_mix0767,72,4,0,20,-7,4.87
fold2_room1_mix0767,72,4,0,-18,-4,6.22
fold2_room1_mix0768,0,5,0,26,2,4.31
fold2_room1_mix0768,1,5,0,24,2,7.12
fold2_room1_mix0768,2,5,0,15,2,12.50
fold2_room1_mix0768,3,5,0,18,3,10.09
fold2_room1_mix0768,4,5,0,19,3,10.34
fold2_room1_mix0768,5,5,0,27,3,12.71
fold2_room1_mix0768,6,5,0,20,2,13.67
fold2_room1_mix0768,7,5,0,21,3,13.48
fold2_room1_mix0768,8,5,0,20,3,11.90
fold2_room1_mix0768,9,5,0,21,3,12.28
fold2_room1_mix0768,10,5,0,22,3,12.18
fold2_room1_mix0768,11,5,0,21,3,13.02
fold2_room1_mix0768,12,5,0,17,3,13.56
fold2_room1_mix0768,13,5,0,25,3,12.32
fold2_room1_mix0768,14,5,0,23,3,12.95
fold2_room1_mix0768,15,5,0,21,3,12.70
fold2_room1_mix0768,16,5,0,25,3,11.91
fold2_room1_mix0768,17,5,0,24,2,13.26
fold2_room1_mix0768,18,5,0,21,4,10.89
fold2_room1_mix0768,19,5,0,23,3,12.01
fold2_room1_mix0768,20,5,0,21,2,14.22
fold2_room1_mix0768,21,5,0,22,3,12.66
fold2_room1_mix0768,22,5,0,23,4,10.62
fold2_room1_mix0768,23,5,0,26,3,12.51
fold2_room1_mix0768,24,5,0,24,4,9.49
fold2_room1_mix0768,25,5,0,28,4,11.62
fold2_room1_mix0768,26,5,0,25,3,11.20
fold2_room1_mix0768,27,5,0,25,3,11.58
fold2_room1_mix0768,28,5,0,23,4,11.28
fold2_room1_mix0768,29,5,0,27,3,11.35
fold2_room1_mix0768,30,5,0,24,3,11.44
fold2_room1_mix0768,31,5,0,27,3,13.25
fold2_room1_mix0768,32,5,0,26,3,12.09
fold2_room1_mix0768,33,5,0,24,3,11.54
fold2_room1_mix0768,34,5,0,25,4,10.61
fold2_room1_mix0768,35,5,0,27,2,13.65
fold2_room1_mix0768,36,5,0,26,3,12.91
fold2_room1_mix0768,37,5,0,26,3,11.59
fold2_room1_mix0768,38,5,0,30,3,11.50
fold2_room1_mix0768,39,5,0,23,2,13.45
fold2_room1_mix0768,40,5,0,28,3,11.99
fold2_room1_mix0768,41,5,0,24,3,13.74
fold2_room1_mix0768,42,5,0,23,3,13.32
fold2_room1_mix0768,43,5,0,30,3,12.43
fold2_room1_mix0768,44,5,0,27,3,13.00
fold2_room1_mix0768,45,5,0,22,3,12.37
fold2_room1_mix0768,46,4,0,2,0,6.90
fold2_room1_mix0768,46,5,0,26,3,12.67
fold2_room1_mix0768,47,5,0,25,3,13.55
fold2_room1_mix0768,48,4,0,-1,0,10.65
fold2_room1_mix0768,48,5,0,27,2,12.98
fold2_room1_mix0768,49,4,0,-1,0,13.03
fold2_room1_mix0768,49,5,0,25,2,13.72
fold2_room1_mix0768,50,4,0,2,-1,15.53
fold2_room1_mix0768,50,5,0,23,2,13.08
fold2_room1_mix0768,51,4,0,-1,-1,17.68
fold2_room1_mix0768,51,5,0,24,3,11.80
fold2_room1_mix0768,52,4,0,0,-1,17.35
fold2_room1_mix0768,52,5,0,25,2,13.84
fold2_room1_mix0768,53,4,0,0,-1,18.63
fold2_room1_mix0768,53,5,0,23,2,13.13
fold2_room1_mix0768,54,4,0,0,-2,17.11
fold2_room1_mix0768,54,5,0,24,3,12.07
fold2_room1_mix0768,55,4,0,3,-1,16.44
fold2_room1_mix0768,55,5,0,21,2,13.62
fold2_room1_mix0768,56,4,0,3,-1,15.86
fold2_room1_mix0768,56,5,0,24,2,12.99
fold2_room1_mix0768,57,4,0,0,-2,14.97
fold2_room1_mix0768,57,5,0,25,2,13.67
fold2_room1_mix0768,58,4,0,2,-2,14.18
fold2_room1_mix0768,58,5,0,24,2,12.72
fold2_room1_mix0768,59,4,0,3,-2,14.24
fold2_room1_mix0768,59,5,0,25,3,11.17
fold2_room1_mix0768,60,4,0,0,-2,12.73
fold2_room1_mix0768,60,5,0,26,3,12.83
fold2_room1_mix0768,61,4,0,0,-2,12.82
fold2_room1_mix0768,61,5,0,26,2,12.77
fold2_room1_mix0768,62,4,0,2,-2,12.71
fold2_room1_mix0768,62,5,0,28,2,13.12
fold2_room1_mix0768,63,4,0,0,-2,12.75
fold2_room1_mix0768,63,5,0,23,3,12.84
fold2_room1_mix0768,64,4,0,-1,-3,11.55
fold2_room1_mix0768,64,5,0,25,3,13.02
fold2_room1_mix0768,65,4,0,0,-2,10.88
fold2_room1_mix0768,65,5,0,25,2,14.36
fold2_room1_mix0768,66,4,0,0,-3,10.80
fold2_room1_mix0768,66,5,0,27,2,13.21
fold2_room1_mix0768,67,4,0,1,-3,10.25
fold2_room1_mix0768,67,5,0,25,2,13.43
fold2_room1_mix0768,68,4,0,0,-3,10.11
fold2_room1_mix0768,68,5,0,26,3,12.82
fold2_room1_mix0768,69,4,0,-2,-3,9.51
fold2_room1_mix0768,69,5,0,26,3,12.80
fold2_room1_mix0768,70,4,0,-2,-3,8.78
fold2_room1_mix0768,70,5,0,27,3,12.13
fold2_room1_mix0768,71,4,0,-3,-4,8.65
fold2_room1_mix0768,71,5,0,24,3,12.68
fold2_room1_mix0768,72,4,0,-1,-4,8.11
fold2_room1_mix0768,72,5,0,27,3,11.65
fold2_room1_mix0768,73,4,0,-3,-4,7.19
fold2_room1_mix0768,73,5,0,25,3,12.55
fold2_room1_mix0768,74,4,0,-4,-5,6.73
fold2_room1_mix0768,74,5,0,25,2,13.81
fold2_room1_mix0768,75,4,0,-5,-5,6.56
fold2_room1_mix0768,75,5,0,24,3,11.55
fold2_room1_mix0768,76,4,0,-5,-5,5.89
fold2_room1_mix0768,76,5,0,25,3,12.92
fold2_room1_mix0768,77,4,0,-5,-6,5.17
fold2_room1_mix0768,77,5,0,24,2,13.53
fold2_room1_mix0768,78,4,0,-6,-6,4.63
fold2_room1_mix0768,78,5,0,26,3,13.20
fold2_room1_mix0768,79,4,0,-7,-6,4.29
fold2_room1_mix0768,79,5,0,27,3,12.04
fold2_room1_mix0768,80,4,0,-9,-7,3.74
fold2_room1_mix0768,80,5,0,28,3,12.19
fold2_room1_mix0768,81,4,0,-12,-7,3.44
fold2_room1_mix0768,81,5,0,25,3,12.66
fold2_room1_mix0768,82,4,0,-14,-9,2.78
fold2_room1_mix0768,82,5,0,25,3,12.81
fold2_room1_mix0768,83,4,0,-15,-10,2.38
fold2_room1_mix0768,83,5,0,26,3,12.61
fold2_room1_mix0768,84,4,0,-18,-12,2.20
fold2_room1_mix0768,84,5,0,25,3,12.37
fold2_room1_mix0768,85,4,0,-23,-15,1.72
fold2_room1_mix0768,85,5,0,26,3,12.76
fold2_room1_mix0768,86,4,0,-31,-20,1.29
fold2_room1_mix0768,86,5,0,25,3,12.17
fold2_room1_mix0768,87,4,0,-46,-27,1.01
fold2_room1_mix0768,87,5,0,26,3,12.93
fold2_room1_mix0768,88,4,0,-80,-36,0.86
fold2_room1_mix0768,88,5,0,26,3,12.73
fold2_room1_mix0768,89,4,0,-128,-28,0.80
fold2_room1_mix0768,89,5,0,24,4,12.41
fold2_room1_mix0768,90,4,0,-148,-18,1.29
fold2_room1_mix0768,90,5,0,26,4,12.37
fold2_room1_mix0768,91,4,0,-153,-15,1.52
fold2_room1_mix0768,91,5,0,27,4,11.42
fold2_room1_mix0768,92,4,0,-159,-14,2.03
fold2_room1_mix0768,92,5,0,31,4,12.01
fold2_room1_mix0768,93,4,0,-164,-11,2.30
fold2_room1_mix0768,93,5,0,25,4,11.55
fold2_room1_mix0768,94,4,0,-165,-10,2.73
fold2_room1_mix0768,94,5,0,27,3,12.81
fold2_room1_mix0768,95,4,0,-168,-8,3.14
fold2_room1_mix0768,95,5,0,28,4,10.59
fold2_room1_mix0768,96,4,0,-171,-6,3.70
fold2_room1_mix0768,96,5,0,28,3,12.26
fold2_room1_mix0768,97,4,0,-172,-6,3.96
fold2_room1_mix0768,97,5,0,30,4,10.61
fold2_room1_mix0768,98,4,0,-172,-6,4.43
fold2_room1_mix0768,98,5,0,28,4,10.97
fold2_room1_mix0768,99,4,0,-172,-5,5.06
fold2_room1_mix0768,99,5,0,28,4,10.71
fold2_room1_mix0769,20,4,0,-178,0,10.23
fold2_room1_mix0769,21,4,0,-178,-1,12.48
fold2_room1_mix0769,22,4,0,-177,-1,16.79
fold2_room1_mix0769,23,4,0,-174,-1,16.05
fold2_room1_mix0769,24,4,0,-175,-1,16.59
fold2_room1_mix0769,25,4,0,-177,-1,16.93
fold2_room1_mix0769,26,4,0,-174,-1,16.11
fold2_room1_mix0769,27,4,0,-172,-1,17.32
fold2_room1_mix0769,28,3,0,73,-5,4.08
fold2_room1_mix0769,28,4,0,-171,-2,17.13
fold2_room1_mix0769,29,3,0,71,-3,4.28
fold2_room1_mix0769,29,4,0,-173,-2,15.84
fold2_room1_mix0769,30,3,0,72,-3,4.27
fold2_room1_mix0769,30,4,0,-171,-1,15.83
fold2_room1_mix0769,31,3,0,85,-3,5.22
fold2_room1_mix0769,31,4,0,-169,-2,14.80
fold2_room1_mix0769,32,4,0,-168,-3,13.01
fold2_room1_mix0769,33,4,0,-168,-2,13.11
fold2_room1_mix0769,34,4,0,-167,-3,11.21
fold2_room1_mix0769,35,4,0,-164,-3,10.83
fold2_room1_mix0769,36,4,0,-163,-3,9.68
fold2_room1_mix0769,37,4,0,-162,-3,10.16
fold2_room1_mix0769,38,4,0,-162,-3,8.78
fold2_room1_mix0769,39,4,0,-159,-3,8.13
fold2_room1_mix0769,40,3,0,48,-3,10.34
fold2_room1_mix0769,40,4,0,-159,-3,9.68
fold2_room1_mix0769,41,3,0,49,-3,9.34
fold2_room1_mix0769,41,4,0,-159,-3,8.17
fold2_room1_mix0769,42,3,0,47,-3,7.21
fold2_room1_mix0769,42,4,0,-157,-3,7.10
fold2_room1_mix0769,43,3,0,42,-4,5.62
fold2_room1_mix0769,43,4,0,-155,-2,8.30
fold2_room1_mix0769,44,3,0,50,-4,7.98
fold2_room1_mix0769,44,4,0,-154,-4,6.40
fold2_room1_mix0769,45,3,0,21,-5,4.81
fold2_room1_mix0769,45,4,0,-151,-3,5.22
fold2_room1_mix0769,45,4,0,-31,0,13.40
fold2_room1_mix0769,46,3,0,46,-4,9.43
fold2_room1_mix0769,46,4,0,-145,-3,5.26
fold2_room1_mix0769,46,4,0,-18,0,16.87
fold2_room1_mix0769,47,3,0,44,-5,7.00
fold2_room1_mix0769,47,4,0,-139,-4,4.63
fold2_room1_mix0769,47,4,0,-6,1,21.64
fold2_room1_mix0769,48,3,0,60,-5,8.39
fold2_room1_mix0769,48,4,0,-129,-5,4.32
fold2_room1_mix0769,48,4,0,-13,1,19.16
fold2_room1_mix0769,49,3,0,60,-5,6.23
fold2_room1_mix0769,49,4,0,-97,-7,2.99
fold2_room1_mix0769,49,4,0,-23,2,17.11
fold2_room1_mix0769,50,4,0,-78,-7,2.96
fold2_room1_mix0769,50,4,0,-40,0,14.69
fold2_room1_mix0769,51,3,0,82,-5,6.86
fold2_room1_mix0769,51,4,0,-61,-6,3.06
fold2_room1_mix0769,51,4,0,-14,2,20.20
fold2_room1_mix0769,52,4,0,-48,-5,3.78
fold2_room1_mix0769,52,4,0,-9,0,16.93
fold2_room1_mix0769,53,3,0,102,-7,5.33
fold2_room1_mix0769,53,4,0,-41,-4,4.32
fold2_room1_mix0769,53,4,0,-15,0,18.17
fold2_room1_mix0769,54,4,0,-35,-4,4.57
fold2_room1_mix0769,54,4,0,-10,0,16.74
fold2_room1_mix0769,55,4,0,-30,-4,5.14
fold2_room1_mix0769,55,4,0,-6,0,14.78
fold2_room1_mix0769,56,4,0,-25,-4,6.01
fold2_room1_mix0769,56,4,0,-8,-1,13.99
fold2_room1_mix0769,57,4,0,-17,-2,8.78
fold2_room1_mix0769,58,4,0,-14,-2,8.69
fold2_room1_mix0769,59,3,0,86,-4,8.24
fold2_room1_mix0769,59,4,0,-13,-2,10.09
fold2_room1_mix0769,60,3,0,100,-5,10.74
fold2_room1_mix0769,60,4,0,-14,-2,10.18
fold2_room1_mix0769,61,3,0,95,-5,10.28
fold2_room1_mix0769,61,4,0,-13,-2,10.17
fold2_room1_mix0769,62,3,0,90,-4,9.94
fold2_room1_mix0769,62,4,0,-12,-2,10.27
fold2_room1_mix0769,63,3,0,94,-5,8.90
fold2_room1_mix0769,63,4,0,-11,-3,10.62
fold2_room1_mix0769,64,3,0,88,-5,10.41
fold2_room1_mix0769,64,4,0,-12,-3,10.93
fold2_room1_mix0769,65,3,0,97,-5,9.96
fold2_room1_mix0769,65,4,0,-11,-3,11.42
fold2_room1_mix0769,66,3,0,102,-5,10.27
fold2_room1_mix0769,66,4,0,-13,-3,11.88
fold2_room1_mix0769,67,3,0,100,-5,9.39
fold2_room1_mix0769,67,4,0,-13,-3,9.80
fold2_room1_mix0769,68,3,0,103,-5,7.90
fold2_room1_mix0769,68,4,0,-16,-3,9.51
fold2_room1_mix0769,69,3,0,99,-5,7.42
fold2_room1_mix0769,69,4,0,-18,-4,9.10
fold2_room1_mix0769,70,3,0,98,-5,7.69
fold2_room1_mix0769,70,4,0,-22,-3,8.81
fold2_room1_mix0769,71,3,0,96,-6,6.79
fold2_room1_mix0769,71,4,0,-25,-4,7.35
fold2_room1_mix0769,72,4,0,-39,-7,3.70
fold2_room1_mix0769,72,4,0,-17,0,13.58
fold2_room1_mix0769,73,4,0,-48,-10,2.05
fold2_room1_mix0769,73,4,0,-22,-1,11.03
fold2_room1_mix0769,74,4,0,-50,-8,2.96
fold2_room1_mix0769,74,4,0,-18,0,12.72
fold2_room1_mix0769,75,4,0,-81,-13,1.93
fold2_room1_mix0769,75,4,0,-14,0,17.81
fold2_room1_mix0769,76,4,0,-95,-11,1.96
fold2_room1_mix0769,76,4,0,-34,-2,11.32
fold2_room1_mix0769,77,4,0,-116,-11,1.80
fold2_room1_mix0769,77,4,0,-14,0,16.12
fold2_room1_mix0769,78,4,0,-131,-8,2.49
fold2_room1_mix0769,78,4,0,-17,0,14.84
fold2_room1_mix0769,79,4,0,-141,-7,3.01
fold2_room1_mix0769,80,4,0,-144,-6,3.52
fold2_room1_mix0769,80,4,0,-50,-5,11.05
fold2_room1_mix0769,81,4,0,-149,-5,5.62
fold2_room1_mix0769,82,4,0,-153,-5,5.08
fold2_room1_mix0769,83,4,0,-153,-4,6.04
fold2_room1_mix0769,84,4,0,-159,-4,6.32
fold2_room1_mix0769,85,4,0,-159,-3,7.36
fold2_room1_mix0769,86,4,0,-162,-2,8.64
fold2_room1_mix0769,87,4,0,-164,-2,8.78
fold2_room1_mix0769,88,4,0,-166,-2,10.35
fold2_room1_mix0769,89,4,0,-165,-1,10.30
fold2_room1_mix0769,90,4,0,-168,-1,11.00
fold2_room1_mix0769,91,4,0,-168,-1,12.39
fold2_room1_mix0769,92,4,0,-169,-1,12.33
fold2_room1_mix0769,93,4,0,-169,-1,12.26
fold2_room1_mix0769,94,4,0,-169,-1,13.11
fold2_room1_mix0769,95,4,0,-171,-1,14.08
fold2_room1_mix0769,96,4,0,-170,0,14.26
fold2_room1_mix0769,97,4,0,-170,0,15.85
fold2_room1_mix0769,98,4,0,-171,0,16.70
fold2_room1_mix0769,99,4,0,-172,0,16.49
fold2_room1_mix0770,49,4,0,-176,-2,1.59
fold2_room1_mix0770,50,4,0,-177,-1,2.04
fold2_room1_mix0770,52,4,0,-170,-1,7.44
fold2_room1_mix0770,53,4,0,-172,-2,8.66
fold2_room1_mix0770,54,4,0,-172,-2,9.63
fold2_room1_mix0770,55,4,0,-168,-2,9.63
fold2_room1_mix0770,56,4,0,-166,-2,9.72
fold2_room1_mix0770,57,4,0,-166,-3,8.51
fold2_room1_mix0770,58,4,0,-164,-3,7.92
fold2_room1_mix0770,58,4,0,-13,-5,11.41
fold2_room1_mix0770,59,4,0,-164,-3,8.07
fold2_room1_mix0770,60,4,0,-161,-4,7.06
fold2_room1_mix0770,61,4,0,-160,-5,5.62
fold2_room1_mix0770,61,4,0,-9,-6,9.04
fold2_room1_mix0770,62,4,0,-161,-5,6.01
fold2_room1_mix0770,62,4,0,-5,-6,9.38
fold2_room1_mix0770,63,4,0,-156,-4,6.16
fold2_room1_mix0770,63,4,0,-4,-5,7.38
fold2_room1_mix0770,64,4,0,-154,-5,5.88
fold2_room1_mix0770,64,4,0,-2,-6,7.55
fold2_room1_mix0770,65,4,0,-155,-6,5.19
fold2_room1_mix0770,65,4,0,0,-8,5.85
fold2_room1_mix0770,66,4,0,-153,-6,5.33
fold2_room1_mix0770,66,4,0,1,-8,5.48
fold2_room1_mix0770,67,4,0,-150,-8,4.95
fold2_room1_mix0770,67,4,0,6,-11,4.32
fold2_room1_mix0770,68,4,0,-142,-10,4.53
fold2_room1_mix0770,68,4,0,17,-12,3.52
fold2_room1_mix0770,69,4,0,-135,-13,3.49
fold2_room1_mix0770,69,4,0,34,-13,2.82
fold2_room1_mix0770,70,4,0,-133,-18,3.05
fold2_room1_mix0770,70,4,0,62,-23,1.61
fold2_room1_mix0770,71,4,0,-126,-15,2.49
fold2_room1_mix0770,71,4,0,108,-27,1.21
fold2_room1_mix0770,72,4,0,-127,-12,2.48
fold2_room1_mix0770,72,4,0,134,-28,1.63
fold2_room1_mix0770,73,4,0,-120,-16,1.50
fold2_room1_mix0770,74,4,0,-176,-20,1.90
fold2_room1_mix0770,74,4,0,-88,-17,2.13
fold2_room1_mix0770,75,4,0,176,-11,3.59
fold2_room1_mix0770,75,4,0,-70,-14,2.31
fold2_room1_mix0770,76,4,0,-169,-9,4.27
fold2_room1_mix0770,76,4,0,-60,-12,2.39
fold2_room1_mix0770,77,4,0,-174,-5,5.25
fold2_room1_mix0770,77,4,0,-52,-11,2.50
fold2_room1_mix0770,78,4,0,165,-4,6.13
fold2_room1_mix0770,78,4,0,-45,-8,3.00
fold2_room1_mix0770,79,4,0,167,-3,7.70
fold2_room1_mix0770,79,4,0,-39,-8,3.51
fold2_room1_mix0770,80,4,0,172,-2,8.27
fold2_room1_mix0770,80,4,0,-34,-7,4.13
fold2_room1_mix0770,81,4,0,177,-1,9.51
fold2_room1_mix0770,81,4,0,-31,-6,4.60
fold2_room1_mix0770,82,4,0,-177,-2,9.38
fold2_room1_mix0770,82,4,0,-27,-5,5.40
fold2_room1_mix0770,83,4,0,-174,-3,9.47
fold2_room1_mix0770,83,4,0,-25,-5,6.15
fold2_room1_mix0770,84,4,0,177,-1,10.38
fold2_room1_mix0770,84,4,0,-23,-4,6.28
fold2_room1_mix0770,85,4,0,-175,-4,9.97
fold2_room1_mix0770,85,4,0,-23,-5,6.71
fold2_room1_mix0770,86,4,0,-168,-4,9.82
fold2_room1_mix0770,86,4,0,-21,-5,7.11
fold2_room1_mix0770,87,4,0,-164,-5,9.84
fold2_room1_mix0770,87,4,0,-19,-4,7.63
fold2_room1_mix0770,88,4,0,-18,-4,7.88
fold2_room1_mix0770,89,4,0,-16,-4,8.46
fold2_room1_mix0770,90,4,0,-15,-3,9.18
fold2_room1_mix0770,91,4,0,-15,-3,9.53
fold2_room1_mix0770,92,4,0,-12,-3,10.45
fold2_room1_mix0770,93,4,0,-14,-3,10.57
fold2_room1_mix0770,94,4,0,-13,-3,10.00
fold2_room1_mix0770,95,4,0,-14,-3,10.88
fold2_room1_mix0770,96,4,0,-13,-2,11.54
fold2_room1_mix0770,97,4,0,-14,-2,7.76
fold2_room1_mix0770,98,4,0,-12,-2,5.57
fold2_room1_mix0771,3,4,0,-173,0,4.83
fold2_room1_mix0771,4,4,0,-169,0,17.17
fold2_room1_mix0771,5,4,0,-167,0,19.51
fold2_room1_mix0771,6,4,0,-167,0,22.32
fold2_room1_mix0771,7,4,0,-168,0,26.82
fold2_room1_mix0771,8,4,0,-165,0,35.88
fold2_room1_mix0771,9,4,0,-168,0,37.11
fold2_room1_mix0771,10,4,0,-167,0,36.75
fold2_room1_mix0771,11,4,0,-166,0,37.08
fold2_room1_mix0771,12,4,0,-166,0,37.24
fold2_room1_mix0771,13,4,0,-166,0,35.62
fold2_room1_mix0771,14,4,0,-164,0,36.42
fold2_room1_mix0771,15,4,0,-164,0,35.54
fold2_room1_mix0771,16,4,0,-161,0,32.74
fold2_room1_mix0771,17,4,0,-163,0,33.23
fold2_room1_mix0771,18,4,0,-161,0,31.96
fold2_room1_mix0771,19,4,0,-161,0,31.12
fold2_room1_mix0771,20,4,0,-161,0,33.60
fold2_room1_mix0771,21,4,0,-160,0,31.88
fold2_room1_mix0771,22,4,0,-159,0,30.31
fold2_room1_mix0771,23,4,0,-159,0,30.13
fold2_room1_mix0771,24,4,0,-157,-1,29.25
fold2_room1_mix0771,25,4,0,-156,-1,29.35
fold2_room1_mix0771,26,4,0,-156,0,29.14
fold2_room1_mix0771,27,4,0,-157,0,29.57
fold2_room1_mix0771,28,4,0,-155,-1,28.66
fold2_room1_mix0771,29,4,0,-155,-1,28.30
fold2_room1_mix0771,30,4,0,-156,-1,29.22
fold2_room1_mix0771,31,4,0,-155,-1,28.26
fold2_room1_mix0771,32,4,0,-155,-1,28.43
fold2_room1_mix0771,33,4,0,-155,-1,30.00
fold2_room1_mix0771,34,4,0,-154,-1,28.53
fold2_room1_mix0771,35,4,0,-153,-1,27.72
fold2_room1_mix0771,36,4,0,-152,-1,28.48
fold2_room1_mix0771,37,4,0,-151,-1,28.41
fold2_room1_mix0771,38,4,0,-149,-1,26.97
fold2_room1_mix0771,39,4,0,-148,-1,26.03
fold2_room1_mix0771,40,4,0,-149,-1,26.64
fold2_room1_mix0771,41,4,0,-147,-1,25.12
fold2_room1_mix0771,42,4,0,-148,-1,24.90
fold2_room1_mix0771,43,4,0,-148,-1,24.95
fold2_room1_mix0771,44,4,0,-147,-1,24.30
fold2_room1_mix0771,45,4,0,-147,-1,24.01
fold2_room1_mix0771,46,4,0,-147,-1,24.21
fold2_room1_mix0771,47,4,0,-145,-1,22.61
fold2_room1_mix0771,48,4,0,-145,-1,22.24
fold2_room1_mix0771,49,4,0,-145,-1,22.33
fold2_room1_mix0771,50,4,0,-144,-1,21.81
fold2_room1_mix0771,51,4,0,-143,-1,21.48
fold2_room1_mix0771,52,4,0,-143,-1,21.07
fold2_room1_mix0771,53,4,0,-142,-1,20.33
fold2_room1_mix0771,54,4,0,-140,-1,19.82
fold2_room1_mix0771,55,4,0,-139,-1,19.01
fold2_room1_mix0771,56,4,0,-138,-1,19.11
fold2_room1_mix0771,57,4,0,-138,-1,18.84
fold2_room1_mix0771,58,4,0,-135,-1,17.96
fold2_room1_mix0771,59,4,0,-134,-1,18.29
fold2_room1_mix0771,60,4,0,-133,-1,17.64
fold2_room1_mix0771,61,4,0,-132,-2,17.28
fold2_room1_mix0771,62,4,0,-130,-2,17.19
fold2_room1_mix0771,63,4,0,-131,-2,17.14
fold2_room1_mix0771,64,4,0,-130,-2,16.90
fold2_room1_mix0771,65,4,0,-128,-2,16.37
fold2_room1_mix0771,66,4,0,-126,-2,16.00
fold2_room1_mix0771,67,4,0,-124,-2,14.96
fold2_room1_mix0771,68,4,0,-122,-2,14.83
fold2_room1_mix0771,69,4,0,-121,-2,14.49
fold2_room1_mix0771,70,4,0,-119,-3,13.80
fold2_room1_mix0771,71,4,0,-119,-3,13.99
fold2_room1_mix0771,72,4,0,-118,-3,14.19
fold2_room1_mix0771,73,4,0,-116,-3,14.00
fold2_room1_mix0771,74,4,0,-114,-3,13.93
fold2_room1_mix0771,75,4,0,-114,-3,14.19
fold2_room1_mix0771,76,4,0,-111,-3,13.63
fold2_room1_mix0771,77,4,0,-110,-3,13.66
fold2_room1_mix0771,78,4,0,-108,-3,13.47
fold2_room1_mix0771,79,4,0,-105,-4,13.08
fold2_room1_mix0771,80,4,0,-103,-4,13.16
fold2_room1_mix0771,81,4,0,-101,-4,13.07
fold2_room1_mix0771,82,4,0,-99,-4,12.60
fold2_room1_mix0771,83,4,0,-97,-4,12.67
fold2_room1_mix0771,84,4,0,-94,-4,13.19
fold2_room1_mix0771,85,4,0,-93,-4,12.81
fold2_room1_mix0771,86,4,0,-91,-4,12.74
fold2_room1_mix0771,87,4,0,-89,-4,12.62
fold2_room1_mix0771,88,4,0,-88,-4,12.84
fold2_room1_mix0771,89,4,0,-86,-3,12.97
fold2_room1_mix0771,90,4,0,-83,-4,13.01
fold2_room1_mix0771,91,4,0,-82,-3,13.66
fold2_room1_mix0771,92,4,0,-80,-3,13.30
fold2_room1_mix0771,93,4,0,-78,-3,13.46
fold2_room1_mix0771,94,4,0,-79,-3,14.16
fold2_room1_mix0771,95,4,0,-75,-3,13.92
fold2_room1_mix0771,96,4,0,-73,-3,14.16
fold2_room1_mix0771,97,4,0,-71,-3,15.22
fold2_room1_mix0771,98,4,0,-68,-3,14.62
fold2_room1_mix0771,99,4,0,-66,-3,14.86
fold2_room1_mix0772,40,3,0,79,-4,7.01
fold2_room1_mix0772,41,3,0,82,-3,13.62
fold2_room1_mix0772,42,3,0,82,-3,12.77
fold2_room1_mix0772,43,3,0,77,-3,10.83
fold2_room1_mix0772,44,3,0,79,-4,8.95
fold2_room1_mix0772,45,3,0,76,-3,10.57
fold2_room1_mix0772,46,3,0,74,-3,10.18
fold2_room1_mix0772,47,3,0,75,-3,9.31
fold2_room1_mix0772,48,3,0,69,-4,4.93
fold2_room1_mix0772,50,4,0,-8,-2,7.82
fold2_room1_mix0772,51,1,0,160,-1,12.00
fold2_room1_mix0772,51,4,0,-8,-2,7.40
fold2_room1_mix0772,52,1,0,155,-2,28.79
fold2_room1_mix0772,53,1,0,151,-2,30.20
fold2_room1_mix0772,53,4,0,-8,-1,4.89
fold2_room1_mix0772,54,1,0,146,-2,27.84
fold2_room1_mix0772,54,3,0,80,-2,3.66
fold2_room1_mix0772,55,1,0,153,-2,3.24
fold2_room1_mix0772,55,3,0,75,-3,11.84
fold2_room1_mix0772,55,4,0,-18,-3,11.14
fold2_room1_mix0772,56,1,0,151,-2,23.25
fold2_room1_mix0772,56,3,0,68,-1,7.13
fold2_room1_mix0772,56,4,0,-13,0,4.15
fold2_room1_mix0772,57,1,0,143,-2,24.16
fold2_room1_mix0772,57,3,0,81,-1,4.47
fold2_room1_mix0772,57,4,0,14,-3,6.01
fold2_room1_mix0772,58,1,0,147,-2,22.80
fold2_room1_mix0772,58,3,0,76,-1,5.06
fold2_room1_mix0772,58,4,0,-10,-2,8.80
fold2_room1_mix0772,59,1,0,137,-2,17.91
fold2_room1_mix0772,60,1,0,147,-2,5.35
fold2_room1_mix0772,60,4,0,-31,-7,2.43
fold2_room1_mix0772,61,1,0,139,-3,16.39
fold2_room1_mix0772,61,4,0,-26,-3,3.30
fold2_room1_mix0772,62,1,0,136,-3,18.33
fold2_room1_mix0772,63,1,0,134,-3,20.54
fold2_room1_mix0772,63,4,0,-34,-4,4.41
fold2_room1_mix0772,64,1,0,122,-3,11.18
fold2_room1_mix0772,64,4,0,-60,-4,3.04
fold2_room1_mix0772,64,4,0,-43,-1,3.65
fold2_room1_mix0772,65,4,0,-51,-11,2.75
fold2_room1_mix0772,66,1,0,110,-3,10.68
fold2_room1_mix0772,66,4,0,-70,-9,1.63
fold2_room1_mix0772,67,1,0,105,-4,13.74
fold2_room1_mix0772,67,4,0,-59,-6,2.60
fold2_room1_mix0772,68,1,0,106,-3,14.20
fold2_room1_mix0772,68,4,0,-70,-11,3.55
fold2_room1_mix0772,69,1,0,99,-4,12.16
fold2_room1_mix0772,69,4,0,-83,-6,3.33
fold2_room1_mix0772,70,1,0,103,-3,1.91
fold2_room1_mix0772,70,3,0,53,-4,7.55
fold2_room1_mix0772,70,4,0,-122,-10,2.92
fold2_room1_mix0772,71,1,0,80,-4,15.14
fold2_room1_mix0772,71,4,0,-125,-7,2.85
fold2_room1_mix0772,72,1,0,81,-4,14.78
fold2_room1_mix0772,72,4,0,-109,-7,2.87
fold2_room1_mix0772,73,1,0,69,-3,17.59
fold2_room1_mix0772,73,4,0,-126,-8,2.83
fold2_room1_mix0772,74,1,0,66,-3,10.61
fold2_room1_mix0772,74,4,0,-130,-3,4.79
fold2_room1_mix0772,75,4,0,-147,-5,3.96
fold2_room1_mix0772,76,1,0,57,-3,14.42
fold2_room1_mix0772,76,4,0,-147,-3,1.36
fold2_room1_mix0772,77,1,0,48,-3,11.30
fold2_room1_mix0772,77,4,0,-154,-4,4.80
fold2_room1_mix0772,78,1,0,46,-2,13.61
fold2_room1_mix0772,78,4,0,-157,-4,1.85
fold2_room1_mix0772,79,1,0,42,-3,13.12
fold2_room1_mix0772,79,4,0,-168,-1,3.39
fold2_room1_mix0772,80,4,0,-166,-1,2.88
fold2_room1_mix0772,81,4,0,-168,-2,7.17
fold2_room1_mix0772,82,4,0,-164,-2,10.35
fold2_room1_mix0772,83,4,0,-165,-2,8.12
fold2_room1_mix0772,84,4,0,-167,-2,9.64
fold2_room1_mix0772,85,4,0,-165,-2,12.06
fold2_room1_mix0772,86,4,0,-167,-2,11.36
fold2_room1_mix0772,87,4,0,-168,-1,7.43
fold2_room1_mix0772,88,4,0,-169,0,3.80
fold2_room1_mix0772,89,4,0,-165,-1,10.17
fold2_room1_mix0773,23,2,0,96,-4,6.97
fold2_room1_mix0773,24,2,0,95,-4,7.79
fold2_room1_mix0773,25,2,0,92,-5,6.80
fold2_room1_mix0773,31,2,0,97,-4,7.28
fold2_room1_mix0773,32,2,0,94,-4,9.86
fold2_room1_mix0773,33,2,0,94,-5,7.47
fold2_room1_mix0773,34,2,0,94,-5,7.74
fold2_room1_mix0773,35,2,0,91,-5,6.35
fold2_room1_mix0773,41,2,0,93,-5,6.89
fold2_room1_mix0773,42,2,0,91,-5,7.24
fold2_room1_mix0773,43,2,0,91,-5,8.03
fold2_room1_mix0773,44,2,0,88,-5,8.30
fold2_room1_mix0773,45,2,0,87,-5,7.34
fold2_room1_mix0773,51,2,0,-93,-2,7.78
fold2_room1_mix0773,52,2,0,-114,-4,9.39
fold2_room1_mix0773,53,2,0,-109,-4,8.91
fold2_room1_mix0773,54,2,0,-100,-3,8.91
fold2_room1_mix0773,55,2,0,-106,-2,9.97
fold2_room1_mix0773,56,2,0,-109,-2,10.67
fold2_room1_mix0773,61,2,0,-106,-3,5.83
fold2_room1_mix0773,62,2,0,-106,-2,10.28
fold2_room1_mix0773,63,2,0,-109,-2,9.99
fold2_room1_mix0773,64,2,0,-115,-2,11.39
fold2_room1_mix0773,65,2,0,-117,-3,10.31
fold2_room1_mix0773,66,2,0,-116,-3,10.69
fold2_room1_mix0773,67,2,0,-114,-2,9.40
fold2_room1_mix0773,72,2,0,-115,-3,9.84
fold2_room1_mix0773,73,2,0,-118,-2,11.04
fold2_room1_mix0773,74,2,0,-117,-2,11.22
fold2_room1_mix0773,75,2,0,-119,-2,11.74
fold2_room1_mix0773,76,2,0,-120,-1,12.91
fold2_room1_mix0773,77,2,0,-114,-1,10.02
fold2_room1_mix0773,77,4,0,-1,-1,3.92
fold2_room1_mix0773,78,4,0,1,-3,5.72
fold2_room1_mix0773,79,4,0,9,-4,4.98
fold2_room1_mix0773,80,4,0,10,-4,5.03
fold2_room1_mix0773,81,4,0,15,-6,4.51
fold2_room1_mix0773,82,4,0,16,-9,4.02
fold2_room1_mix0773,83,4,0,25,-9,2.97
fold2_room1_mix0773,84,4,0,58,-15,1.98
fold2_room1_mix0773,85,4,0,129,-12,1.68
fold2_room1_mix0773,86,4,0,143,-10,2.12
fold2_room1_mix0773,87,4,0,156,-5,3.31
fold2_room1_mix0773,88,4,0,161,-4,4.48
fold2_room1_mix0773,89,4,0,163,-4,5.52
fold2_room1_mix0773,90,4,0,168,-2,6.97
fold2_room1_mix0773,91,4,0,170,-2,7.31
fold2_room1_mix0773,92,4,0,173,-2,8.90
fold2_room1_mix0773,93,4,0,174,-1,10.61
fold2_room1_mix0773,94,4,0,174,0,11.15
fold2_room1_mix0773,95,4,0,174,0,10.91
fold2_room1_mix0773,96,4,0,175,0,10.42
fold2_room1_mix0774,4,4,0,175,-1,9.36
fold2_room1_mix0774,5,4,0,176,0,14.29
fold2_room1_mix0774,6,4,0,-176,-1,12.91
fold2_room1_mix0774,7,4,0,173,-1,18.34
fold2_room1_mix0774,7,4,0,3,-1,19.34
fold2_room1_mix0774,8,4,0,-179,-1,20.59
fold2_room1_mix0774,9,4,0,175,-1,20.63
fold2_room1_mix0774,10,4,0,175,-1,19.34
fold2_room1_mix0774,11,4,0,175,-1,19.82
fold2_room1_mix0774,11,4,0,1,-1,22.92
fold2_room1_mix0774,12,4,0,172,-1,20.22
fold2_room1_mix0774,13,4,0,178,-1,17.50
fold2_room1_mix0774,14,4,0,175,-1,19.62
fold2_room1_mix0774,15,4,0,174,-1,17.46
fold2_room1_mix0774,16,4,0,177,-1,17.39
fold2_room1_mix0774,17,4,0,179,-1,17.40
fold2_room1_mix0774,18,4,0,176,-1,17.02
fold2_room1_mix0774,19,4,0,176,-1,16.70
fold2_room1_mix0774,20,4,0,176,-1,17.51
fold2_room1_mix0774,21,4,0,178,-2,15.22
fold2_room1_mix0774,22,4,0,176,-1,16.34
fold2_room1_mix0774,23,4,0,177,-2,14.19
fold2_room1_mix0774,24,4,0,178,-2,14.25
fold2_room1_mix0774,25,4,0,178,-2,13.51
fold2_room1_mix0774,25,4,0,0,-1,19.43
fold2_room1_mix0774,26,4,0,175,-2,12.36
fold2_room1_mix0774,26,4,0,0,-2,17.49
fold2_room1_mix0774,27,4,0,177,-3,11.72
fold2_room1_mix0774,27,4,0,0,-2,16.74
fold2_room1_mix0774,28,4,0,176,-3,11.96
fold2_room1_mix0774,28,4,0,0,-2,17.37
fold2_room1_mix0774,29,4,0,175,-3,11.56
fold2_room1_mix0774,29,4,0,-3,-2,17.55
fold2_room1_mix0774,30,4,0,175,-3,10.85
fold2_room1_mix0774,30,4,0,1,-2,14.54
fold2_room1_mix0774,31,4,0,174,-3,11.19
fold2_room1_mix0774,31,4,0,1,-2,14.81
fold2_room1_mix0774,32,4,0,176,-3,10.20
fold2_room1_mix0774,32,4,0,0,-3,13.84
fold2_room1_mix0774,33,4,0,174,-4,10.04
fold2_room1_mix0774,33,4,0,-1,-3,14.10
fold2_room1_mix0774,34,4,0,173,-4,8.83
fold2_room1_mix0774,34,4,0,2,-3,12.00
fold2_room1_mix0774,35,4,0,173,-4,9.24
fold2_room1_mix0774,35,4,0,0,-3,14.13
fold2_room1_mix0774,36,4,0,173,-4,9.16
fold2_room1_mix0774,36,4,0,3,-3,13.62
fold2_room1_mix0774,37,4,0,171,-4,8.46
fold2_room1_mix0774,37,4,0,4,-3,12.36
fold2_room1_mix0774,38,4,0,173,-4,7.96
fold2_room1_mix0774,38,4,0,5,-3,12.27
fold2_room1_mix0774,39,4,0,170,-4,7.79
fold2_room1_mix0774,39,4,0,5,-3,11.59
fold2_room1_mix0774,40,4,0,172,-5,7.08
fold2_room1_mix0774,40,4,0,5,-4,10.31
fold2_room1_mix0774,41,4,0,170,-6,6.68
fold2_room1_mix0774,41,4,0,2,-4,10.18
fold2_room1_mix0774,42,4,0,167,-6,5.98
fold2_room1_mix0774,42,4,0,4,-5,9.10
fold2_room1_mix0774,43,4,0,169,-7,5.29
fold2_room1_mix0774,43,4,0,7,-5,9.40
fold2_room1_mix0774,44,4,0,164,-7,4.85
fold2_room1_mix0774,44,4,0,3,-5,8.08
fold2_room1_mix0774,45,4,0,165,-8,4.62
fold2_room1_mix0774,45,4,0,1,-5,8.06
fold2_room1_mix0774,46,4,0,162,-8,4.78
fold2_room1_mix0774,46,4,0,6,-5,8.04
fold2_room1_mix0774,47,4,0,160,-10,3.93
fold2_room1_mix0774,47,4,0,8,-6,7.06
fold2_room1_mix0774,48,4,0,157,-11,3.50
fold2_room1_mix0774,48,4,0,7,-5,7.54
fold2_room1_mix0774,49,4,0,151,-13,3.23
fold2_room1_mix0774,49,4,0,2,-6,6.93
fold2_room1_mix0774,50,4,0,146,-15,2.95
fold2_room1_mix0774,50,4,0,10,-7,6.42
fold2_room1_mix0774,51,4,0,132,-17,2.32
fold2_room1_mix0774,51,4,0,15,-9,5.35
fold2_room1_mix0774,52,4,0,121,-18,2.09
fold2_room1_mix0774,52,4,0,7,-8,5.43
fold2_room1_mix0774,53,4,0,96,-20,1.65
fold2_room1_mix0774,53,4,0,14,-8,5.22
fold2_room1_mix0774,54,4,0,78,-18,1.77
fold2_room1_mix0774,54,4,0,13,-9,4.42
fold2_room1_mix0774,55,4,0,59,-18,2.03
fold2_room1_mix0774,55,4,0,12,-8,4.78
fold2_room1_mix0774,56,4,0,66,-17,1.73
fold2_room1_mix0774,56,4,0,43,-13,2.54
fold2_room1_mix0774,56,4,0,19,-8,4.02
fold2_room1_mix0774,57,4,0,86,-17,1.76
fold2_room1_mix0774,57,4,0,36,-12,2.58
fold2_room1_mix0774,57,4,0,13,-8,4.01
fold2_room1_mix0774,58,4,0,112,-15,2.02
fold2_room1_mix0774,58,4,0,26,-10,3.03
fold2_room1_mix0774,58,4,0,9,-7,4.21
fold2_room1_mix0774,59,4,0,125,-13,2.04
fold2_room1_mix0774,59,4,0,16,-7,4.03
fold2_room1_mix0774,60,4,0,140,-10,2.66
fold2_room1_mix0774,60,4,0,15,-6,4.39
fold2_room1_mix0774,61,4,0,148,-9,2.86
fold2_room1_mix0774,61,4,0,14,-6,4.41
fold2_room1_mix0774,62,4,0,151,-8,3.25
fold2_room1_mix0774,62,4,0,16,-5,4.67
fold2_room1_mix0774,63,4,0,157,-6,3.98
fold2_room1_mix0774,63,4,0,14,-4,5.26
fold2_room1_mix0774,64,4,0,163,-6,4.16
fold2_room1_mix0774,64,4,0,14,-5,4.72
fold2_room1_mix0774,65,4,0,166,-5,4.75
fold2_room1_mix0774,65,4,0,13,-5,5.80
fold2_room1_mix0774,66,4,0,166,-5,5.17
fold2_room1_mix0774,66,4,0,12,-5,5.96
fold2_room1_mix0774,67,4,0,170,-4,5.42
fold2_room1_mix0774,67,4,0,12,-4,6.28
fold2_room1_mix0774,68,4,0,170,-4,5.63
fold2_room1_mix0774,68,4,0,11,-4,6.49
fold2_room1_mix0774,69,4,0,170,-4,6.23
fold2_room1_mix0774,69,4,0,11,-4,7.19
fold2_room1_mix0774,70,4,0,176,-4,6.70
fold2_room1_mix0774,70,4,0,11,-4,7.84
fold2_room1_mix0774,71,4,0,175,-4,7.26
fold2_room1_mix0774,71,4,0,10,-4,8.45
fold2_room1_mix0774,72,4,0,174,-4,7.32
fold2_room1_mix0774,72,4,0,11,-4,8.48
fold2_room1_mix0774,73,4,0,177,-4,7.21
fold2_room1_mix0774,73,4,0,10,-4,8.73
fold2_room1_mix0774,74,4,0,176,-3,8.10
fold2_room1_mix0774,74,4,0,10,-4,9.06
fold2_room1_mix0774,75,4,0,175,-4,7.84
fold2_room1_mix0774,75,4,0,8,-3,9.52
fold2_room1_mix0774,76,4,0,177,-3,8.01
fold2_room1_mix0774,76,4,0,9,-3,9.55
fold2_room1_mix0774,77,4,0,177,-4,8.13
fold2_room1_mix0774,77,4,0,8,-3,9.84
fold2_room1_mix0774,78,4,0,176,-3,9.20
fold2_room1_mix0774,78,4,0,9,-3,11.30
fold2_room1_mix0774,79,4,0,176,-3,9.63
fold2_room1_mix0774,79,4,0,9,-3,11.80
fold2_room1_mix0774,80,4,0,176,-3,10.05
fold2_room1_mix0774,80,4,0,8,-3,12.09
fold2_room1_mix0774,81,4,0,175,-3,10.55
fold2_room1_mix0774,81,4,0,9,-3,12.85
fold2_room1_mix0774,82,4,0,177,-3,10.71
fold2_room1_mix0774,82,4,0,7,-3,13.72
fold2_room1_mix0774,83,4,0,177,-3,11.22
fold2_room1_mix0774,83,4,0,7,-3,13.91
fold2_room1_mix0774,84,4,0,176,-3,11.86
fold2_room1_mix0774,84,4,0,6,-3,14.10
fold2_room1_mix0774,85,4,0,177,-2,12.09
fold2_room1_mix0774,85,4,0,7,-3,14.10
fold2_room1_mix0774,86,4,0,176,-2,12.91
fold2_room1_mix0774,86,4,0,6,-2,15.23
fold2_room1_mix0774,87,4,0,175,-2,13.57
fold2_room1_mix0774,87,4,0,5,-2,15.20
fold2_room1_mix0774,88,4,0,175,-2,14.04
fold2_room1_mix0774,88,4,0,5,-2,16.01
fold2_room1_mix0774,89,4,0,176,-2,14.78
fold2_room1_mix0774,89,4,0,5,-2,17.09
fold2_room1_mix0774,90,4,0,174,-2,13.98
fold2_room1_mix0774,90,4,0,4,-2,17.42
fold2_room1_mix0774,91,4,0,173,-1,15.01
fold2_room1_mix0774,91,4,0,5,-2,17.01
fold2_room1_mix0774,92,4,0,175,-1,17.01
fold2_room1_mix0774,92,4,0,5,-2,18.38
fold2_room1_mix0774,93,4,0,173,-1,15.67
fold2_room1_mix0774,93,4,0,4,-1,18.75
fold2_room1_mix0774,94,4,0,170,-4,15.94
fold2_room1_mix0774,94,4,0,5,-2,18.26
fold2_room1_mix0774,95,4,0,172,-3,17.00
fold2_room1_mix0774,95,4,0,3,-2,18.73
fold2_room1_mix0774,99,4,0,174,-2,19.19
fold2_room1_mix0774,99,4,0,7,-1,19.81
fold2_room1_mix0774,96,4,0,5,-1,18.48
fold2_room1_mix0774,97,4,0,5,-1,20.27
fold2_room1_mix0774,98,4,0,5,-1,18.17
fold2_room1_mix0775,3,4,0,-168,-1,8.04
fold2_room1_mix0775,4,4,0,-164,-2,8.53
fold2_room1_mix0775,5,4,0,-168,-1,9.49
fold2_room1_mix0775,6,4,0,-168,-1,12.48
fold2_room1_mix0775,7,4,0,-165,-2,13.12
fold2_room1_mix0775,8,4,0,-162,-2,13.28
fold2_room1_mix0775,9,4,0,-163,-2,12.87
fold2_room1_mix0775,10,4,0,-162,-2,11.73
fold2_room1_mix0775,11,4,0,-162,-2,12.28
fold2_room1_mix0775,12,4,0,-161,-2,11.64
fold2_room1_mix0775,13,4,0,-162,-3,11.42
fold2_room1_mix0775,14,4,0,-161,-3,10.68
fold2_room1_mix0775,15,4,0,-160,-3,10.15
fold2_room1_mix0775,16,4,0,-154,-3,9.59
fold2_room1_mix0775,17,4,0,-157,-3,8.83
fold2_room1_mix0775,18,4,0,-155,-3,8.71
fold2_room1_mix0775,19,4,0,-158,-3,9.42
fold2_room1_mix0775,20,4,0,-154,-3,8.63
fold2_room1_mix0775,21,4,0,-154,-4,8.48
fold2_room1_mix0775,22,4,0,-155,-4,8.12
fold2_room1_mix0775,23,4,0,-154,-4,7.92
fold2_room1_mix0775,24,4,0,-154,-4,7.89
fold2_room1_mix0775,25,4,0,-155,-4,8.15
fold2_room1_mix0775,26,4,0,-153,-4,7.34
fold2_room1_mix0775,27,4,0,-152,-4,6.89
fold2_room1_mix0775,28,4,0,-151,-4,7.33
fold2_room1_mix0775,29,4,0,-151,-4,6.73
fold2_room1_mix0775,30,4,0,-150,-5,6.01
fold2_room1_mix0775,31,4,0,-148,-5,6.32
fold2_room1_mix0775,32,4,0,-151,-4,6.15
fold2_room1_mix0775,33,4,0,-146,-5,6.47
fold2_room1_mix0775,34,4,0,-147,-5,5.82
fold2_room1_mix0775,35,4,0,-149,-6,4.77
fold2_room1_mix0775,35,4,0,-70,-5,10.57
fold2_room1_mix0775,36,4,0,-145,-6,5.55
fold2_room1_mix0775,37,4,0,-146,-6,4.64
fold2_room1_mix0775,38,4,0,-145,-6,5.06
fold2_room1_mix0775,39,3,0,-152,-6,12.21
fold2_room1_mix0775,39,4,0,-141,-6,5.62
fold2_room1_mix0775,39,4,0,-103,-5,11.51
fold2_room1_mix0775,40,3,0,-160,-6,9.58
fold2_room1_mix0775,40,4,0,-141,-5,5.32
fold2_room1_mix0775,40,4,0,-120,-6,8.03
fold2_room1_mix0775,41,3,0,-148,-6,10.81
fold2_room1_mix0775,41,4,0,-139,-6,5.89
fold2_room1_mix0775,41,4,0,-23,-2,19.05
fold2_room1_mix0775,42,3,0,-162,-6,8.37
fold2_room1_mix0775,42,4,0,-133,-6,5.33
fold2_room1_mix0775,42,4,0,-54,-5,11.96
fold2_room1_mix0775,43,3,0,-158,-6,3.08
fold2_room1_mix0775,43,4,0,-131,-6,4.47
fold2_room1_mix0775,43,4,0,-65,-4,11.17
fold2_room1_mix0775,44,3,0,-153,-5,15.30
fold2_room1_mix0775,44,4,0,-123,-7,6.24
fold2_room1_mix0775,45,3,0,-158,-7,11.75
fold2_room1_mix0775,45,4,0,-132,-7,6.11
fold2_room1_mix0775,45,4,0,-77,-6,13.55
fold2_room1_mix0775,46,3,0,-158,-6,10.91
fold2_room1_mix0775,46,4,0,-125,-7,5.46
fold2_room1_mix0775,46,4,0,-53,-4,13.50
fold2_room1_mix0775,47,3,0,-157,-5,10.69
fold2_room1_mix0775,47,4,0,-121,-7,5.27
fold2_room1_mix0775,47,4,0,-37,-3,15.79
fold2_room1_mix0775,48,3,0,-155,-6,8.59
fold2_room1_mix0775,48,4,0,-115,-9,4.11
fold2_room1_mix0775,48,4,0,-45,-3,14.20
fold2_room1_mix0775,49,3,0,-166,-5,11.71
fold2_room1_mix0775,49,4,0,-111,-9,4.18
fold2_room1_mix0775,49,4,0,-33,-1,19.80
fold2_room1_mix0775,50,3,0,-173,-5,11.91
fold2_room1_mix0775,50,4,0,-105,-10,4.15
fold2_room1_mix0775,50,4,0,-31,-3,17.42
fold2_room1_mix0775,51,3,0,-160,-5,8.31
fold2_room1_mix0775,51,4,0,-102,-12,4.13
fold2_room1_mix0775,51,4,0,-26,-3,21.36
fold2_room1_mix0775,52,3,0,-163,-5,12.16
fold2_room1_mix0775,52,4,0,-100,-11,4.27
fold2_room1_mix0775,52,4,0,-38,-3,16.34
fold2_room1_mix0775,53,3,0,-170,-5,3.95
fold2_room1_mix0775,53,4,0,-93,-12,4.47
fold2_room1_mix0775,53,4,0,-71,-8,9.44
fold2_room1_mix0775,54,4,0,-86,-8,5.78
fold2_room1_mix0775,55,4,0,-85,-11,4.26
fold2_room1_mix0775,55,4,0,-57,-5,12.98
fold2_room1_mix0775,56,4,0,-80,-10,4.62
fold2_room1_mix0775,57,4,0,-73,-9,5.19
fold2_room1_mix0775,58,3,0,-138,-6,8.78
fold2_room1_mix0775,58,4,0,-80,-10,5.97
fold2_room1_mix0775,59,3,0,-112,-6,10.38
fold2_room1_mix0775,59,4,0,-74,-11,5.32
fold2_room1_mix0775,60,3,0,-110,-6,7.37
fold2_room1_mix0775,60,4,0,-72,-10,5.27
fold2_room1_mix0775,61,3,0,-103,-6,6.21
fold2_room1_mix0775,61,4,0,-68,-10,4.88
fold2_room1_mix0775,62,3,0,-104,-6,7.15
fold2_room1_mix0775,62,4,0,-59,-9,5.02
fold2_room1_mix0775,63,3,0,-86,-7,10.16
fold2_room1_mix0775,63,4,0,-64,-10,5.64
fold2_room1_mix0775,64,3,0,-92,-7,6.67
fold2_room1_mix0775,64,4,0,-53,-9,4.79
fold2_room1_mix0775,65,3,0,-80,-6,7.20
fold2_room1_mix0775,65,4,0,-51,-9,5.56
fold2_room1_mix0775,66,3,0,-89,-6,6.29
fold2_room1_mix0775,66,4,0,-51,-9,5.12
fold2_room1_mix0775,67,3,0,-76,-7,4.93
fold2_room1_mix0775,67,4,0,-48,-8,4.87
fold2_room1_mix0775,68,3,0,-68,-5,5.69
fold2_room1_mix0775,68,4,0,-46,-9,5.04
fold2_room1_mix0775,69,3,0,-69,-6,5.58
fold2_room1_mix0775,69,4,0,-48,-8,4.90
fold2_room1_mix0775,70,3,0,-68,-6,2.35
fold2_room1_mix0775,70,4,0,-49,-8,5.08
fold2_room1_mix0775,71,4,0,-49,-9,5.13
fold2_room1_mix0775,72,3,0,-80,-5,4.93
fold2_room1_mix0775,72,4,0,-51,-9,5.16
fold2_room1_mix0775,73,4,0,-59,-8,5.72
fold2_room1_mix0775,73,4,0,-38,-5,8.28
fold2_room1_mix0775,74,4,0,-92,-8,6.34
fold2_room1_mix0775,74,4,0,-40,-6,6.74
fold2_room1_mix0775,75,4,0,-97,-9,5.91
fold2_room1_mix0775,75,4,0,-37,-7,6.40
fold2_room1_mix0775,76,4,0,-117,-6,6.64
fold2_room1_mix0775,76,4,0,-35,-6,6.34
fold2_room1_mix0775,77,4,0,-114,-7,6.68
fold2_room1_mix0775,77,4,0,-30,-5,8.13
fold2_room1_mix0775,78,3,0,-39,-4,6.95
fold2_room1_mix0775,78,4,0,-123,-8,6.57
fold2_room1_mix0775,78,4,0,-27,-6,8.15
fold2_room1_mix0775,79,3,0,-44,-4,9.81
fold2_room1_mix0775,79,4,0,-130,-6,7.06
fold2_room1_mix0775,79,4,0,-28,-5,7.98
fold2_room1_mix0775,80,3,0,-43,-4,8.88
fold2_room1_mix0775,80,4,0,-134,-6,7.23
fold2_room1_mix0775,80,4,0,-25,-5,8.15
fold2_room1_mix0775,81,3,0,-44,-4,8.54
fold2_room1_mix0775,81,4,0,-134,-6,8.25
fold2_room1_mix0775,81,4,0,-25,-5,8.44
fold2_room1_mix0775,82,3,0,-42,-4,10.37
fold2_room1_mix0775,82,4,0,-140,-5,8.77
fold2_room1_mix0775,82,4,0,-27,-4,8.84
fold2_room1_mix0775,83,3,0,-40,-4,10.55
fold2_room1_mix0775,83,4,0,-139,-5,8.87
fold2_room1_mix0775,83,4,0,-24,-5,9.37
fold2_room1_mix0775,84,3,0,-39,-4,6.30
fold2_room1_mix0775,84,4,0,-136,-6,8.54
fold2_room1_mix0775,84,4,0,-26,-4,8.91
fold2_room1_mix0775,85,4,0,-145,-4,10.61
fold2_room1_mix0775,85,4,0,-25,-5,9.19
fold2_room1_mix0775,86,3,0,-74,-6,8.16
fold2_room1_mix0775,86,4,0,-145,-4,12.41
fold2_room1_mix0775,86,4,0,-24,-4,11.54
fold2_room1_mix0775,87,3,0,-90,-6,6.05
fold2_room1_mix0775,87,4,0,-143,-4,12.93
fold2_room1_mix0775,87,4,0,-25,-5,11.13
fold2_room1_mix0775,88,4,0,-148,-3,12.33
fold2_room1_mix0775,88,4,0,-24,-4,10.25
fold2_room1_mix0775,89,4,0,-149,-3,12.69
fold2_room1_mix0775,89,4,0,-24,-4,10.23
fold2_room1_mix0775,90,4,0,-147,-3,14.46
fold2_room1_mix0775,90,4,0,-26,-4,10.62
fold2_room1_mix0775,91,4,0,-143,-3,13.68
fold2_room1_mix0775,91,4,0,-25,-4,10.80
fold2_room1_mix0775,92,4,0,-140,-3,13.72
fold2_room1_mix0775,92,4,0,-25,-4,11.01
fold2_room1_mix0775,93,4,0,-149,-2,15.09
fold2_room1_mix0775,93,4,0,-25,-4,10.80
fold2_room1_mix0775,94,4,0,-145,-4,13.50
fold2_room1_mix0775,94,4,0,-24,-4,10.52
fold2_room1_mix0775,95,4,0,-156,-3,14.33
fold2_room1_mix0775,95,4,0,-23,-4,11.48
fold2_room1_mix0775,96,4,0,-151,-3,14.67
fold2_room1_mix0775,96,4,0,-23,-4,11.48
fold2_room1_mix0775,97,4,0,-156,-1,17.26
fold2_room1_mix0775,97,4,0,-22,-3,12.43
fold2_room1_mix0775,98,4,0,-155,-2,15.08
fold2_room1_mix0775,98,4,0,-21,-4,11.35
fold2_room1_mix0775,99,4,0,-157,-3,13.43
fold2_room1_mix0775,99,4,0,-21,-4,11.57
fold2_room1_mix0776,17,4,0,29,0,4.41
fold2_room1_mix0776,19,4,0,42,0,9.85
fold2_room1_mix0776,20,4,0,37,-1,15.20
fold2_room1_mix0776,21,4,0,34,0,18.00
fold2_room1_mix0776,22,4,0,36,-1,20.95
fold2_room1_mix0776,23,4,0,38,-1,18.20
fold2_room1_mix0776,24,4,0,38,0,14.15
fold2_room1_mix0776,25,4,0,34,-1,23.23
fold2_room1_mix0776,26,4,0,39,-1,19.39
fold2_room1_mix0776,27,4,0,35,-1,20.34
fold2_room1_mix0776,28,4,0,40,-1,19.45
fold2_room1_mix0776,29,4,0,36,-2,19.54
fold2_room1_mix0776,30,4,0,37,-1,19.07
fold2_room1_mix0776,31,4,0,41,-2,19.09
fold2_room1_mix0776,32,4,0,42,-1,18.37
fold2_room1_mix0776,33,4,0,42,-1,18.40
fold2_room1_mix0776,34,4,0,42,-1,14.01
fold2_room1_mix0776,35,4,0,48,-1,7.91
fold2_room1_mix0776,36,4,0,47,0,11.35
fold2_room1_mix0776,37,4,0,48,-1,12.72
fold2_room1_mix0776,38,4,0,44,-2,14.82
fold2_room1_mix0776,39,4,0,43,-2,16.61
fold2_room1_mix0776,40,4,0,55,-3,14.92
fold2_room1_mix0776,40,4,0,30,-1,19.34
fold2_room1_mix0776,41,4,0,57,-2,14.96
fold2_room1_mix0776,41,4,0,32,-1,19.99
fold2_room1_mix0776,42,4,0,57,-3,15.01
fold2_room1_mix0776,42,4,0,28,-1,20.50
fold2_room1_mix0776,43,4,0,59,-2,16.75
fold2_room1_mix0776,43,4,0,18,0,25.08
fold2_room1_mix0776,44,4,0,68,-2,16.23
fold2_room1_mix0776,44,4,0,48,-2,15.58
fold2_room1_mix0776,44,4,0,12,0,23.04
fold2_room1_mix0776,45,4,0,58,-2,16.04
fold2_room1_mix0776,45,4,0,14,0,24.10
fold2_room1_mix0776,46,4,0,69,-3,15.95
fold2_room1_mix0776,46,4,0,51,-2,14.80
fold2_room1_mix0776,46,4,0,7,-1,22.70
fold2_room1_mix0776,47,4,0,62,-2,14.85
fold2_room1_mix0776,47,4,0,10,0,23.68
fold2_room1_mix0776,48,4,0,62,-2,14.62
fold2_room1_mix0776,48,4,0,6,-1,21.96
fold2_room1_mix0776,49,4,0,65,-2,14.72
fold2_room1_mix0776,49,4,0,3,0,23.92
fold2_room1_mix0776,50,4,0,92,-2,15.55
fold2_room1_mix0776,50,4,0,60,-2,14.35
fold2_room1_mix0776,50,4,0,0,0,22.10
fold2_room1_mix0776,51,4,0,116,-3,14.87
fold2_room1_mix0776,51,4,0,64,-2,14.11
fold2_room1_mix0776,51,4,0,-5,-1,20.10
fold2_room1_mix0776,52,4,0,126,-3,17.26
fold2_room1_mix0776,52,4,0,56,-2,14.62
fold2_room1_mix0776,52,4,0,-3,-2,19.01
fold2_room1_mix0776,53,4,0,98,-2,17.96
fold2_room1_mix0776,53,4,0,48,-2,14.95
fold2_room1_mix0776,53,4,0,0,-1,17.35
fold2_room1_mix0776,54,4,0,98,-2,16.78
fold2_room1_mix0776,54,4,0,52,-2,14.65
fold2_room1_mix0776,54,4,0,-1,-1,16.85
fold2_room1_mix0776,55,4,0,76,-3,16.08
fold2_room1_mix0776,55,4,0,49,-2,13.75
fold2_room1_mix0776,55,4,0,5,-2,15.64
fold2_room1_mix0776,56,4,0,84,-3,16.83
fold2_room1_mix0776,56,4,0,48,-3,13.25
fold2_room1_mix0776,56,4,0,6,-3,14.01
fold2_room1_mix0776,57,4,0,110,-3,16.66
fold2_room1_mix0776,57,4,0,53,-3,12.41
fold2_room1_mix0776,57,4,0,0,-4,10.89
fold2_room1_mix0776,58,4,0,96,-3,14.59
fold2_room1_mix0776,58,4,0,55,-3,11.64
fold2_room1_mix0776,58,4,0,-5,-5,9.29
fold2_room1_mix0776,59,4,0,110,-3,15.76
fold2_room1_mix0776,59,4,0,63,-3,13.12
fold2_room1_mix0776,59,4,0,-8,-6,8.62
fold2_room1_mix0776,60,4,0,90,-4,13.16
fold2_room1_mix0776,60,4,0,18,-8,7.31
fold2_room1_mix0776,60,4,0,-3,-7,7.32
fold2_room1_mix0776,61,4,0,100,-4,13.51
fold2_room1_mix0776,61,4,0,40,-6,7.96
fold2_room1_mix0776,61,4,0,-9,-8,5.92
fold2_room1_mix0776,62,4,0,98,-5,12.04
fold2_room1_mix0776,62,4,0,0,-11,5.74
fold2_room1_mix0776,62,4,0,-15,-9,5.59
fold2_room1_mix0776,63,4,0,108,-3,13.44
fold2_room1_mix0776,63,4,0,-15,-16,4.40
fold2_room1_mix0776,64,4,0,102,-3,12.32
fold2_room1_mix0776,64,4,0,-35,-17,3.86
fold2_room1_mix0776,65,4,0,105,-2,15.24
fold2_room1_mix0776,65,4,0,-64,-18,3.68
fold2_room1_mix0776,66,4,0,102,-5,11.40
fold2_room1_mix0776,66,4,0,100,-6,9.42
fold2_room1_mix0776,67,4,0,116,-4,11.68
fold2_room1_mix0776,67,4,0,-105,-13,3.27
fold2_room1_mix0776,68,4,0,152,-7,8.74
fold2_room1_mix0776,68,4,0,-125,-9,3.94
fold2_room1_mix0776,68,4,0,118,-1,10.91
fold2_room1_mix0776,69,4,0,-158,-8,6.22
fold2_room1_mix0776,69,4,0,137,-4,7.96
fold2_room1_mix0776,69,4,0,102,0,13.26
fold2_room1_mix0776,70,4,0,-146,-7,4.72
fold2_room1_mix0776,70,4,0,118,0,11.71
fold2_room1_mix0776,71,4,0,-156,-5,6.13
fold2_room1_mix0776,71,4,0,100,0,12.81
fold2_room1_mix0776,72,4,0,-153,-4,6.35
fold2_room1_mix0776,72,4,0,99,0,13.11
fold2_room1_mix0776,73,4,0,-149,-4,5.54
fold2_room1_mix0776,73,4,0,105,0,13.53
fold2_room1_mix0776,74,4,0,-150,-4,6.35
fold2_room1_mix0776,74,4,0,105,0,13.92
fold2_room1_mix0776,75,4,0,-152,-4,7.27
fold2_room1_mix0776,75,4,0,127,0,15.45
fold2_room1_mix0776,75,4,0,108,-2,14.90
fold2_room1_mix0776,76,4,0,-156,-3,8.30
fold2_room1_mix0776,76,4,0,122,0,15.80
fold2_room1_mix0776,76,4,0,100,-1,15.31
fold2_room1_mix0776,77,4,0,-157,-2,9.44
fold2_room1_mix0776,77,4,0,138,0,15.82
fold2_room1_mix0776,77,4,0,106,0,16.29
fold2_room1_mix0776,78,4,0,-176,-3,11.50
fold2_room1_mix0776,78,4,0,114,-1,16.50
fold2_room1_mix0776,79,4,0,-174,-3,11.60
fold2_room1_mix0776,79,4,0,116,-1,16.90
fold2_room1_mix0776,80,4,0,-169,-2,10.69
fold2_room1_mix0776,80,4,0,116,0,17.20
fold2_room1_mix0776,81,4,0,-175,-2,12.88
fold2_room1_mix0776,81,4,0,121,-1,19.32
fold2_room1_mix0776,82,4,0,-169,-2,12.83
fold2_room1_mix0776,82,4,0,116,0,19.24
fold2_room1_mix0776,83,4,0,-170,-2,12.97
fold2_room1_mix0776,83,4,0,133,0,20.30
fold2_room1_mix0776,84,4,0,-173,-1,15.30
fold2_room1_mix0776,84,4,0,137,0,20.88
fold2_room1_mix0776,85,4,0,-174,0,16.35
fold2_room1_mix0776,85,4,0,142,0,21.51
fold2_room1_mix0776,86,4,0,-175,-1,15.28
fold2_room1_mix0776,86,4,0,141,0,20.59
fold2_room1_mix0776,87,4,0,179,-1,16.68
fold2_room1_mix0776,87,4,0,146,0,20.49
fold2_room1_mix0776,88,4,0,178,-1,18.08
fold2_room1_mix0776,88,4,0,147,-1,20.41
fold2_room1_mix0776,89,4,0,168,-1,18.10
fold2_room1_mix0776,89,4,0,147,-1,19.48
fold2_room1_mix0776,90,4,0,158,-1,18.53
fold2_room1_mix0776,91,4,0,155,-1,18.68
fold2_room1_mix0776,92,4,0,154,-1,18.68
fold2_room1_mix0776,93,4,0,156,-1,18.74
fold2_room1_mix0776,94,4,0,152,0,15.82
fold2_room1_mix0776,95,4,0,156,0,7.78
fold2_room1_mix0776,97,4,0,150,0,10.88
fold2_room1_mix0776,99,4,0,146,-1,10.84
fold2_room1_mix0776,98,4,0,148,1,3.70
fold2_room1_mix0777,3,4,0,178,2,1.36
fold2_room1_mix0777,4,4,0,-179,0,14.00
fold2_room1_mix0777,5,4,0,-179,0,16.14
fold2_room1_mix0777,6,4,0,179,0,20.54
fold2_room1_mix0777,7,4,0,179,0,24.52
fold2_room1_mix0777,8,4,0,178,0,32.12
fold2_room1_mix0777,9,4,0,179,0,31.97
fold2_room1_mix0777,10,4,0,178,0,31.55
fold2_room1_mix0777,11,4,0,178,0,31.30
fold2_room1_mix0777,12,4,0,177,0,31.60
fold2_room1_mix0777,13,4,0,177,0,30.73
fold2_room1_mix0777,14,4,0,178,0,31.40
fold2_room1_mix0777,15,4,0,177,0,30.37
fold2_room1_mix0777,16,4,0,177,0,29.81
fold2_room1_mix0777,17,4,0,177,0,30.31
fold2_room1_mix0777,18,4,0,177,0,30.26
fold2_room1_mix0777,19,4,0,177,0,30.47
fold2_room1_mix0777,20,4,0,177,0,30.11
fold2_room1_mix0777,21,4,0,177,0,29.99
fold2_room1_mix0777,22,4,0,177,0,30.01
fold2_room1_mix0777,23,4,0,177,0,28.48
fold2_room1_mix0777,24,4,0,176,-1,28.79
fold2_room1_mix0777,25,4,0,177,-1,28.23
fold2_room1_mix0777,26,4,0,177,-1,27.75
fold2_room1_mix0777,27,4,0,176,0,28.23
fold2_room1_mix0777,28,4,0,176,-1,27.60
fold2_room1_mix0777,29,4,0,176,-1,26.24
fold2_room1_mix0777,30,4,0,176,-1,26.47
fold2_room1_mix0777,31,4,0,176,-1,25.46
fold2_room1_mix0777,32,4,0,176,-1,24.20
fold2_room1_mix0777,33,4,0,175,-1,23.92
fold2_room1_mix0777,34,4,0,175,-1,24.26
fold2_room1_mix0777,35,4,0,175,-1,23.22
fold2_room1_mix0777,36,4,0,175,-1,22.12
fold2_room1_mix0777,37,4,0,175,-1,21.56
fold2_room1_mix0777,38,4,0,175,-1,21.03
fold2_room1_mix0777,39,4,0,175,-1,20.88
fold2_room1_mix0777,40,4,0,174,-1,21.52
fold2_room1_mix0777,41,4,0,174,-1,20.15
fold2_room1_mix0777,42,4,0,172,-1,19.48
fold2_room1_mix0777,43,4,0,173,-1,20.22
fold2_room1_mix0777,44,4,0,173,-1,19.25
fold2_room1_mix0777,45,4,0,173,-1,18.53
fold2_room1_mix0777,46,4,0,173,-1,18.73
fold2_room1_mix0777,47,4,0,174,-1,17.52
fold2_room1_mix0777,48,4,0,173,-1,16.79
fold2_room1_mix0777,49,4,0,172,-2,15.67
fold2_room1_mix0777,50,4,0,173,-2,15.33
fold2_room1_mix0777,51,4,0,173,-2,14.32
fold2_room1_mix0777,52,4,0,173,-2,14.24
fold2_room1_mix0777,53,4,0,171,-2,13.62
fold2_room1_mix0777,54,4,0,172,-2,12.77
fold2_room1_mix0777,55,4,0,171,-2,11.99
fold2_room1_mix0777,56,4,0,171,-2,12.52
fold2_room1_mix0777,57,4,0,170,-3,11.36
fold2_room1_mix0777,58,4,0,170,-3,10.80
fold2_room1_mix0777,59,4,0,170,-3,10.85
fold2_room1_mix0777,60,4,0,169,-3,9.97
fold2_room1_mix0777,61,4,0,168,-3,9.47
fold2_room1_mix0777,62,4,0,167,-3,8.95
fold2_room1_mix0777,63,4,0,166,-4,8.55
fold2_room1_mix0777,64,4,0,165,-4,7.58
fold2_room1_mix0777,65,4,0,163,-4,7.18
fold2_room1_mix0777,66,4,0,162,-5,6.49
fold2_room1_mix0777,67,4,0,161,-5,6.26
fold2_room1_mix0777,68,4,0,159,-5,5.48
fold2_room1_mix0777,69,4,0,156,-6,4.70
fold2_room1_mix0777,70,4,0,153,-6,4.37
fold2_room1_mix0777,71,4,0,147,-7,3.73
fold2_room1_mix0777,72,4,0,143,-7,3.22
fold2_room1_mix0777,73,4,0,135,-8,2.64
fold2_room1_mix0777,74,4,0,122,-8,2.16
fold2_room1_mix0777,75,4,0,103,-9,2.24
fold2_room1_mix0777,76,4,0,86,-9,2.24
fold2_room1_mix0777,77,4,0,65,-8,2.11
fold2_room1_mix0777,78,4,0,55,-6,2.21
fold2_room1_mix0777,79,4,0,42,-5,2.58
fold2_room1_mix0777,80,4,0,35,-5,2.85
fold2_room1_mix0777,81,4,0,31,-4,3.44
fold2_room1_mix0777,82,4,0,29,-4,3.84
fold2_room1_mix0777,83,4,0,24,-3,4.43
fold2_room1_mix0777,84,4,0,20,-3,4.60
fold2_room1_mix0777,85,4,0,19,-3,5.32
fold2_room1_mix0777,86,4,0,18,-3,5.86
fold2_room1_mix0777,87,4,0,16,-2,6.20
fold2_room1_mix0777,88,4,0,16,-2,7.11
fold2_room1_mix0777,89,4,0,15,-2,7.51
fold2_room1_mix0777,90,4,0,15,-2,7.98
fold2_room1_mix0777,91,4,0,13,-2,9.09
fold2_room1_mix0777,92,4,0,13,-2,9.36
fold2_room1_mix0777,93,4,0,12,-2,9.64
fold2_room1_mix0777,94,4,0,12,-2,10.90
fold2_room1_mix0777,95,4,0,11,-2,11.17
fold2_room1_mix0777,96,4,0,10,-2,11.43
fold2_room1_mix0777,97,4,0,9,-1,12.35
fold2_room1_mix0777,98,4,0,9,-2,12.82
fold2_room1_mix0777,99,4,0,10,-2,12.82
fold2_room1_mix0778,3,4,0,179,1,3.33
fold2_room1_mix0778,4,4,0,-179,0,21.38
fold2_room1_mix0778,5,4,0,-177,0,20.66
fold2_room1_mix0778,6,4,0,-176,0,23.60
fold2_room1_mix0778,7,4,0,-178,0,35.92
fold2_room1_mix0778,8,4,0,-176,0,38.24
fold2_room1_mix0778,9,4,0,-179,0,37.68
fold2_room1_mix0778,10,4,0,-176,0,34.82
fold2_room1_mix0778,11,4,0,-177,0,37.44
fold2_room1_mix0778,12,4,0,-177,0,36.21
fold2_room1_mix0778,13,4,0,-178,0,34.13
fold2_room1_mix0778,14,4,0,-176,0,35.03
fold2_room1_mix0778,15,4,0,-176,0,32.29
fold2_room1_mix0778,16,4,0,-177,0,29.49
fold2_room1_mix0778,17,4,0,-178,0,32.11
fold2_room1_mix0778,18,4,0,-175,0,31.86
fold2_room1_mix0778,19,4,0,-178,0,32.11
fold2_room1_mix0778,20,4,0,-177,0,33.65
fold2_room1_mix0778,21,4,0,-176,0,30.88
fold2_room1_mix0778,22,4,0,-176,0,31.65
fold2_room1_mix0778,23,4,0,-176,0,31.02
fold2_room1_mix0778,24,4,0,-174,0,31.02
fold2_room1_mix0778,25,4,0,-175,0,30.21
fold2_room1_mix0778,26,4,0,-176,0,29.37
fold2_room1_mix0778,27,4,0,-176,0,29.97
fold2_room1_mix0778,28,4,0,-178,0,29.17
fold2_room1_mix0778,29,4,0,-176,0,26.87
fold2_room1_mix0778,30,4,0,-177,0,27.75
fold2_room1_mix0778,31,4,0,-176,-1,27.79
fold2_room1_mix0778,32,4,0,-175,0,25.35
fold2_room1_mix0778,33,4,0,-177,-1,25.34
fold2_room1_mix0778,34,4,0,-177,0,25.60
fold2_room1_mix0778,35,4,0,-177,0,24.07
fold2_room1_mix0778,36,4,0,-177,0,24.40
fold2_room1_mix0778,37,4,0,-176,-1,22.89
fold2_room1_mix0778,38,4,0,-177,0,22.64
fold2_room1_mix0778,39,4,0,-176,-1,21.45
fold2_room1_mix0778,40,4,0,-176,-1,20.42
fold2_room1_mix0778,41,4,0,-176,-1,20.11
fold2_room1_mix0778,42,4,0,-177,-1,19.19
fold2_room1_mix0778,43,4,0,-176,-1,18.48
fold2_room1_mix0778,44,4,0,-178,-1,19.71
fold2_room1_mix0778,45,4,0,-177,-1,18.33
fold2_room1_mix0778,46,4,0,-178,-1,18.17
fold2_room1_mix0778,47,4,0,-177,-1,17.49
fold2_room1_mix0778,48,4,0,-177,-1,16.52
fold2_room1_mix0778,49,4,0,-176,-1,16.76
fold2_room1_mix0778,50,4,0,-177,-2,15.58
fold2_room1_mix0778,51,4,0,-177,-2,14.49
fold2_room1_mix0778,52,4,0,-177,-2,14.58
fold2_room1_mix0778,53,4,0,-176,-2,13.37
fold2_room1_mix0778,54,4,0,-175,-2,13.12
fold2_room1_mix0778,55,4,0,-176,-2,12.21
fold2_room1_mix0778,56,4,0,-176,-3,11.64
fold2_room1_mix0778,57,4,0,-175,-3,10.52
fold2_room1_mix0778,58,4,0,-177,-3,9.95
fold2_room1_mix0778,59,4,0,-174,-3,9.75
fold2_room1_mix0778,60,4,0,-174,-4,9.18
fold2_room1_mix0778,61,4,0,-174,-4,7.85
fold2_room1_mix0778,62,4,0,-174,-4,7.93
fold2_room1_mix0778,63,4,0,-172,-5,7.17
fold2_room1_mix0778,64,4,0,-171,-6,6.17
fold2_room1_mix0778,65,4,0,-171,-6,5.75
fold2_room1_mix0778,66,4,0,-170,-7,5.28
fold2_room1_mix0778,67,4,0,-170,-9,4.33
fold2_room1_mix0778,68,4,0,-170,-10,4.12
fold2_room1_mix0778,69,4,0,-168,-12,3.50
fold2_room1_mix0778,70,4,0,-166,-15,2.98
fold2_room1_mix0778,71,4,0,-162,-20,2.25
fold2_room1_mix0778,72,4,0,-156,-26,1.93
fold2_room1_mix0778,73,4,0,-142,-39,1.39
fold2_room1_mix0778,74,4,0,-104,-53,1.08
fold2_room1_mix0778,75,4,0,-49,-47,1.17
fold2_room1_mix0778,76,4,0,-26,-33,1.56
fold2_room1_mix0778,77,4,0,-20,-27,1.99
fold2_room1_mix0778,78,4,0,-15,-20,2.62
fold2_room1_mix0778,79,4,0,-10,-17,2.98
fold2_room1_mix0778,80,4,0,-8,-14,3.46
fold2_room1_mix0778,81,4,0,-7,-12,3.88
fold2_room1_mix0778,82,4,0,-5,-11,4.42
fold2_room1_mix0778,83,4,0,-5,-9,4.84
fold2_room1_mix0778,84,4,0,-4,-9,5.54
fold2_room1_mix0778,85,4,0,-4,-8,5.87
fold2_room1_mix0778,86,4,0,-3,-7,6.18
fold2_room1_mix0778,87,4,0,-3,-7,6.84
fold2_room1_mix0778,88,4,0,-2,-7,7.31
fold2_room1_mix0778,89,4,0,-3,-6,7.69
fold2_room1_mix0778,90,4,0,-2,-6,8.39
fold2_room1_mix0778,91,4,0,-2,-5,9.20
fold2_room1_mix0778,92,4,0,-1,-5,9.95
fold2_room1_mix0778,93,4,0,-1,-5,10.08
fold2_room1_mix0778,94,4,0,0,-4,11.21
fold2_room1_mix0778,95,4,0,0,-4,11.56
fold2_room1_mix0778,96,4,0,0,-4,12.11
fold2_room1_mix0778,97,4,0,0,-4,13.90
fold2_room1_mix0778,98,4,0,0,-4,14.03
fold2_room1_mix0778,99,4,0,0,-4,13.37
fold2_room1_mix0779,5,4,0,-173,0,3.61
fold2_room1_mix0779,6,4,0,-176,0,7.17
fold2_room1_mix0779,7,4,0,178,0,10.95
fold2_room1_mix0779,8,4,0,-177,0,12.55
fold2_room1_mix0779,9,4,0,-173,-1,18.82
fold2_room1_mix0779,10,4,0,-174,-1,18.15
fold2_room1_mix0779,11,4,0,-177,0,22.33
fold2_room1_mix0779,12,4,0,-176,-1,21.64
fold2_room1_mix0779,13,4,0,-174,-1,20.61
fold2_room1_mix0779,14,4,0,-173,0,21.56
fold2_room1_mix0779,15,4,0,-174,-1,21.71
fold2_room1_mix0779,16,4,0,-175,-1,21.44
fold2_room1_mix0779,17,4,0,-176,0,21.63
fold2_room1_mix0779,18,4,0,-174,-1,19.66
fold2_room1_mix0779,19,4,0,-173,0,22.07
fold2_room1_mix0779,20,4,0,-174,0,21.89
fold2_room1_mix0779,21,4,0,-175,0,22.40
fold2_room1_mix0779,22,4,0,-174,-1,20.88
fold2_room1_mix0779,23,4,0,-174,-1,19.25
fold2_room1_mix0779,24,4,0,-173,-1,20.43
fold2_room1_mix0779,25,4,0,-176,-1,22.45
fold2_room1_mix0779,26,4,0,-175,-1,20.93
fold2_room1_mix0779,27,4,0,-176,-1,21.43
fold2_room1_mix0779,28,4,0,-176,-1,22.21
fold2_room1_mix0779,29,4,0,-175,-1,22.85
fold2_room1_mix0779,30,4,0,-175,-1,21.10
fold2_room1_mix0779,31,4,0,-176,-1,21.24
fold2_room1_mix0779,32,4,0,-175,-1,20.93
fold2_room1_mix0779,33,4,0,-175,-1,20.96
fold2_room1_mix0779,34,4,0,-175,-1,20.20
fold2_room1_mix0779,35,4,0,-175,-1,20.75
fold2_room1_mix0779,36,4,0,-177,-1,21.00
fold2_room1_mix0779,37,4,0,-174,-1,20.66
fold2_room1_mix0779,38,4,0,-175,-1,19.83
fold2_room1_mix0779,39,4,0,-175,-1,20.94
fold2_room1_mix0779,40,4,0,-176,-1,23.71
fold2_room1_mix0779,41,3,0,-126,-5,4.50
fold2_room1_mix0779,41,4,0,-173,-1,20.68
fold2_room1_mix0779,42,3,0,-128,-5,12.22
fold2_room1_mix0779,42,4,0,-172,-1,19.48
fold2_room1_mix0779,43,3,0,-130,-6,11.33
fold2_room1_mix0779,43,4,0,-176,-2,17.84
fold2_room1_mix0779,44,3,0,-128,-5,11.60
fold2_room1_mix0779,44,4,0,-176,-2,17.06
fold2_room1_mix0779,45,3,0,-129,-6,9.85
fold2_room1_mix0779,45,4,0,-178,-2,17.37
fold2_room1_mix0779,46,3,0,-127,-7,9.42
fold2_room1_mix0779,46,4,0,-176,-2,14.66
fold2_room1_mix0779,47,3,0,-121,-7,9.87
fold2_room1_mix0779,47,4,0,-177,-2,15.78
fold2_room1_mix0779,48,3,0,-122,-6,9.43
fold2_room1_mix0779,48,4,0,-178,-2,14.62
fold2_room1_mix0779,49,3,0,-124,-6,9.30
fold2_room1_mix0779,49,4,0,-179,-2,16.13
fold2_room1_mix0779,50,3,0,-124,-6,9.50
fold2_room1_mix0779,50,4,0,-178,-2,15.12
fold2_room1_mix0779,51,3,0,-125,-6,10.47
fold2_room1_mix0779,51,4,0,-178,-2,15.05
fold2_room1_mix0779,52,3,0,-118,-6,9.69
fold2_room1_mix0779,52,4,0,179,-1,16.00
fold2_room1_mix0779,53,3,0,-116,-5,9.79
fold2_room1_mix0779,53,4,0,179,-1,16.07
fold2_room1_mix0779,54,3,0,-112,-5,7.83
fold2_room1_mix0779,54,4,0,-178,-1,15.21
fold2_room1_mix0779,55,3,0,-113,-5,9.13
fold2_room1_mix0779,55,4,0,-179,-1,16.94
fold2_room1_mix0779,56,3,0,-114,-5,9.62
fold2_room1_mix0779,56,4,0,-178,-1,15.69
fold2_room1_mix0779,57,3,0,-106,-5,9.59
fold2_room1_mix0779,57,4,0,-177,-2,14.61
fold2_room1_mix0779,58,3,0,-97,-5,8.37
fold2_room1_mix0779,58,4,0,-177,-2,13.90
fold2_room1_mix0779,59,3,0,-98,-5,7.64
fold2_room1_mix0779,59,4,0,-177,-2,14.68
fold2_room1_mix0779,60,3,0,-93,-5,7.58
fold2_room1_mix0779,60,4,0,-178,-2,13.67
fold2_room1_mix0779,61,3,0,-89,-5,8.52
fold2_room1_mix0779,61,4,0,-178,-2,13.38
fold2_room1_mix0779,62,3,0,-71,-5,10.75
fold2_room1_mix0779,62,4,0,-177,-2,12.66
fold2_room1_mix0779,63,3,0,-66,-5,9.24
fold2_room1_mix0779,63,4,0,-176,-2,11.99
fold2_room1_mix0779,64,3,0,-64,-5,8.66
fold2_room1_mix0779,64,4,0,-178,-2,11.08
fold2_room1_mix0779,65,3,0,-101,-6,3.77
fold2_room1_mix0779,65,4,0,-173,-1,11.35
fold2_room1_mix0779,66,4,0,-170,-3,10.08
fold2_room1_mix0779,67,4,0,-172,-3,10.50
fold2_room1_mix0779,68,4,0,-169,-3,9.54
fold2_room1_mix0779,69,4,0,-171,-3,9.03
fold2_room1_mix0779,70,4,0,-169,-3,8.75
fold2_room1_mix0779,71,4,0,-169,-3,8.56
fold2_room1_mix0779,72,4,0,-168,-3,7.68
fold2_room1_mix0779,73,4,0,-169,-3,7.60
fold2_room1_mix0779,74,4,0,-167,-4,6.64
fold2_room1_mix0779,75,4,0,-166,-4,7.13
fold2_room1_mix0779,76,4,0,-165,-4,6.43
fold2_room1_mix0779,77,4,0,-164,-5,5.56
fold2_room1_mix0779,78,4,0,-166,-4,6.00
fold2_room1_mix0779,79,4,0,-163,-5,5.25
fold2_room1_mix0779,80,4,0,-161,-6,4.58
fold2_room1_mix0779,81,4,0,-162,-6,4.89
fold2_room1_mix0779,82,4,0,-158,-7,3.94
fold2_room1_mix0779,83,4,0,-156,-7,3.68
fold2_room1_mix0779,84,4,0,-152,-8,3.33
fold2_room1_mix0779,85,4,0,-149,-8,3.20
fold2_room1_mix0779,86,4,0,-140,-10,2.24
fold2_room1_mix0779,87,4,0,-128,-10,1.91
fold2_room1_mix0779,88,4,0,-108,-11,1.55
fold2_room1_mix0779,89,4,0,-79,-10,1.55
fold2_room1_mix0779,90,4,0,-56,-8,1.99
fold2_room1_mix0779,91,4,0,-43,-7,2.15
fold2_room1_mix0779,92,4,0,-34,-6,2.49
fold2_room1_mix0779,93,4,0,-29,-5,2.91
fold2_room1_mix0779,94,4,0,-25,-5,3.25
fold2_room1_mix0779,95,4,0,-19,-5,3.53
fold2_room1_mix0779,96,4,0,-17,-4,3.84
fold2_room1_mix0779,97,4,0,-14,-4,4.48
fold2_room1_mix0779,98,4,0,-13,-4,4.67
fold2_room1_mix0779,99,4,0,-11,-3,5.40
fold2_room1_mix0780,0,5,0,106,0,4.53
fold2_room1_mix0780,1,5,0,105,1,13.13
fold2_room1_mix0780,2,5,0,107,1,13.54
fold2_room1_mix0780,3,4,0,0,0,7.36
fold2_room1_mix0780,3,5,0,100,1,12.30
fold2_room1_mix0780,4,4,0,4,0,18.21
fold2_room1_mix0780,4,5,0,96,1,17.80
fold2_room1_mix0780,5,4,0,6,0,19.59
fold2_room1_mix0780,5,5,0,106,1,17.48
fold2_room1_mix0780,6,4,0,3,-1,22.86
fold2_room1_mix0780,6,5,0,99,1,19.63
fold2_room1_mix0780,7,4,0,5,-1,31.67
fold2_room1_mix0780,7,5,0,101,1,18.99
fold2_room1_mix0780,8,4,0,5,-1,32.97
fold2_room1_mix0780,8,5,0,99,1,17.68
fold2_room1_mix0780,9,4,0,6,-1,32.00
fold2_room1_mix0780,9,5,0,96,1,18.85
fold2_room1_mix0780,10,4,0,3,-1,30.25
fold2_room1_mix0780,10,5,0,104,1,17.22
fold2_room1_mix0780,11,4,0,5,-1,31.35
fold2_room1_mix0780,11,5,0,102,1,16.89
fold2_room1_mix0780,12,4,0,4,-1,31.65
fold2_room1_mix0780,12,5,0,101,1,17.40
fold2_room1_mix0780,13,4,0,5,-1,32.82
fold2_room1_mix0780,13,5,0,97,2,15.13
fold2_room1_mix0780,14,4,0,5,-1,32.50
fold2_room1_mix0780,14,5,0,106,1,17.27
fold2_room1_mix0780,15,4,0,4,-1,32.14
fold2_room1_mix0780,15,5,0,104,1,17.16
fold2_room1_mix0780,16,4,0,5,-1,30.98
fold2_room1_mix0780,16,5,0,104,1,16.64
fold2_room1_mix0780,17,4,0,3,-1,31.96
fold2_room1_mix0780,17,5,0,103,2,15.50
fold2_room1_mix0780,18,4,0,6,-1,32.30
fold2_room1_mix0780,18,5,0,102,1,16.87
fold2_room1_mix0780,19,4,0,1,-1,29.71
fold2_room1_mix0780,19,5,0,104,1,17.81
fold2_room1_mix0780,20,4,0,3,-1,30.08
fold2_room1_mix0780,20,5,0,106,2,15.73
fold2_room1_mix0780,21,4,0,5,-1,29.88
fold2_room1_mix0780,21,5,0,102,2,15.60
fold2_room1_mix0780,22,4,0,4,-1,29.50
fold2_room1_mix0780,22,5,0,105,2,16.52
fold2_room1_mix0780,23,4,0,3,-1,28.20
fold2_room1_mix0780,23,5,0,108,1,16.75
fold2_room1_mix0780,24,4,0,3,-1,27.94
fold2_room1_mix0780,24,5,0,105,2,15.74
fold2_room1_mix0780,25,4,0,3,-1,27.96
fold2_room1_mix0780,25,5,0,107,2,16.75
fold2_room1_mix0780,26,4,0,2,-1,27.82
fold2_room1_mix0780,26,5,0,104,2,16.47
fold2_room1_mix0780,27,4,0,4,-1,26.36
fold2_room1_mix0780,27,5,0,104,2,16.42
fold2_room1_mix0780,28,4,0,3,-1,26.02
fold2_room1_mix0780,28,5,0,110,2,16.38
fold2_room1_mix0780,29,4,0,4,-1,24.77
fold2_room1_mix0780,29,5,0,107,2,15.88
fold2_room1_mix0780,30,4,0,5,-1,24.91
fold2_room1_mix0780,30,5,0,106,2,15.75
fold2_room1_mix0780,31,4,0,5,-1,23.91
fold2_room1_mix0780,31,5,0,107,1,17.24
fold2_room1_mix0780,32,4,0,5,-1,23.27
fold2_room1_mix0780,32,5,0,108,2,16.52
fold2_room1_mix0780,33,4,0,4,-1,22.50
fold2_room1_mix0780,33,5,0,106,2,15.80
fold2_room1_mix0780,34,4,0,6,-1,22.35
fold2_room1_mix0780,34,5,0,106,2,16.74
fold2_room1_mix0780,35,4,0,4,-1,21.60
fold2_room1_mix0780,35,5,0,106,1,17.28
fold2_room1_mix0780,36,4,0,6,-1,21.22
fold2_room1_mix0780,36,5,0,106,2,16.72
fold2_room1_mix0780,37,4,0,6,-1,20.63
fold2_room1_mix0780,37,5,0,108,2,16.22
fold2_room1_mix0780,38,4,0,5,-1,19.71
fold2_room1_mix0780,38,5,0,108,2,17.13
fold2_room1_mix0780,39,4,0,5,-1,19.21
fold2_room1_mix0780,39,5,0,107,1,17.20
fold2_room1_mix0780,40,4,0,7,-1,19.36
fold2_room1_mix0780,40,5,0,108,2,15.99
fold2_room1_mix0780,41,4,0,6,-2,17.85
fold2_room1_mix0780,41,5,0,110,2,16.94
fold2_room1_mix0780,42,4,0,5,-2,16.85
fold2_room1_mix0780,42,5,0,111,2,16.70
fold2_room1_mix0780,43,4,0,5,-2,16.35
fold2_room1_mix0780,43,5,0,111,2,16.17
fold2_room1_mix0780,44,4,0,3,-2,15.73
fold2_room1_mix0780,44,5,0,110,1,17.02
fold2_room1_mix0780,45,4,0,6,-2,14.99
fold2_room1_mix0780,45,5,0,109,2,16.41
fold2_room1_mix0780,46,4,0,5,-2,14.83
fold2_room1_mix0780,46,5,0,113,2,16.30
fold2_room1_mix0780,47,4,0,5,-2,14.23
fold2_room1_mix0780,47,5,0,110,1,17.28
fold2_room1_mix0780,48,4,0,5,-3,13.33
fold2_room1_mix0780,48,5,0,112,2,16.60
fold2_room1_mix0780,49,4,0,5,-3,13.04
fold2_room1_mix0780,49,5,0,110,2,15.26
fold2_room1_mix0780,50,4,0,6,-2,12.88
fold2_room1_mix0780,50,5,0,109,2,15.94
fold2_room1_mix0780,51,4,0,6,-3,11.51
fold2_room1_mix0780,51,5,0,109,2,16.68
fold2_room1_mix0780,52,4,0,6,-3,11.34
fold2_room1_mix0780,52,5,0,112,2,15.79
fold2_room1_mix0780,53,4,0,7,-3,10.93
fold2_room1_mix0780,53,5,0,108,2,16.00
fold2_room1_mix0780,54,4,0,7,-3,10.13
fold2_room1_mix0780,54,5,0,109,2,16.52
fold2_room1_mix0780,55,4,0,6,-3,9.84
fold2_room1_mix0780,55,5,0,109,2,16.17
fold2_room1_mix0780,56,4,0,6,-4,9.05
fold2_room1_mix0780,56,5,0,110,2,15.96
fold2_room1_mix0780,57,4,0,6,-4,8.24
fold2_room1_mix0780,57,5,0,108,2,16.60
fold2_room1_mix0780,58,4,0,5,-4,7.71
fold2_room1_mix0780,58,5,0,111,2,16.77
fold2_room1_mix0780,59,4,0,6,-5,6.63
fold2_room1_mix0780,59,5,0,103,2,15.41
fold2_room1_mix0780,60,4,0,7,-5,6.19
fold2_room1_mix0780,60,5,0,112,2,16.63
fold2_room1_mix0780,61,4,0,6,-5,5.73
fold2_room1_mix0780,61,5,0,107,2,15.99
fold2_room1_mix0780,62,4,0,6,-6,5.05
fold2_room1_mix0780,62,5,0,112,2,16.12
fold2_room1_mix0780,63,4,0,7,-7,4.39
fold2_room1_mix0780,63,5,0,105,2,15.51
fold2_room1_mix0780,64,4,0,8,-8,3.78
fold2_room1_mix0780,64,5,0,113,1,16.29
fold2_room1_mix0780,65,4,0,9,-8,3.35
fold2_room1_mix0780,65,5,0,107,2,15.22
fold2_room1_mix0780,66,4,0,11,-9,2.98
fold2_room1_mix0780,66,5,0,110,2,16.21
fold2_room1_mix0780,67,4,0,14,-11,2.41
fold2_room1_mix0780,67,5,0,110,1,16.54
fold2_room1_mix0780,68,4,0,17,-13,2.05
fold2_room1_mix0780,68,5,0,105,2,14.26
fold2_room1_mix0780,69,4,0,23,-16,1.60
fold2_room1_mix0780,69,5,0,105,2,14.68
fold2_room1_mix0780,70,4,0,31,-21,1.26
fold2_room1_mix0780,70,5,0,106,1,16.25
fold2_room1_mix0780,71,4,0,54,-32,1.00
fold2_room1_mix0780,71,5,0,107,2,15.46
fold2_room1_mix0780,72,4,0,95,-37,0.89
fold2_room1_mix0780,72,5,0,105,2,15.00
fold2_room1_mix0780,73,4,0,136,-27,1.11
fold2_room1_mix0780,73,5,0,110,2,15.48
fold2_room1_mix0780,74,4,0,151,-21,1.47
fold2_room1_mix0780,74,5,0,111,2,14.57
fold2_room1_mix0780,75,4,0,162,-14,1.92
fold2_room1_mix0780,75,5,0,111,2,14.67
fold2_room1_mix0780,76,4,0,164,-13,2.29
fold2_room1_mix0780,76,5,0,111,2,15.95
fold2_room1_mix0780,77,4,0,168,-9,2.89
fold2_room1_mix0780,77,5,0,115,2,15.35
fold2_room1_mix0780,78,4,0,170,-8,3.03
fold2_room1_mix0780,78,5,0,111,2,15.31
fold2_room1_mix0780,79,4,0,172,-7,3.59
fold2_room1_mix0780,79,5,0,113,2,15.42
fold2_room1_mix0780,80,4,0,174,-6,3.86
fold2_room1_mix0780,80,5,0,115,2,16.09
fold2_room1_mix0780,81,4,0,175,-5,4.24
fold2_room1_mix0780,81,5,0,114,2,14.87
fold2_room1_mix0780,82,4,0,175,-5,4.49
fold2_room1_mix0780,82,5,0,108,2,15.08
fold2_room1_mix0780,83,4,0,175,-5,5.11
fold2_room1_mix0780,83,5,0,109,2,16.23
fold2_room1_mix0780,84,4,0,176,-4,5.60
fold2_room1_mix0780,84,5,0,109,3,14.97
fold2_room1_mix0780,85,4,0,176,-4,6.20
fold2_room1_mix0780,85,5,0,104,2,14.78
fold2_room1_mix0780,86,4,0,175,-4,6.74
fold2_room1_mix0780,86,5,0,111,2,15.77
fold2_room1_mix0780,87,4,0,176,-3,6.89
fold2_room1_mix0780,87,5,0,106,2,15.76
fold2_room1_mix0780,88,4,0,175,-3,7.40
fold2_room1_mix0780,88,5,0,109,3,15.27
fold2_room1_mix0780,89,4,0,176,-3,8.01
fold2_room1_mix0780,89,5,0,105,3,16.09
fold2_room1_mix0780,90,4,0,177,-3,8.49
fold2_room1_mix0780,90,5,0,108,2,15.93
fold2_room1_mix0780,91,4,0,176,-3,8.52
fold2_room1_mix0780,91,5,0,104,2,15.72
fold2_room1_mix0780,92,4,0,176,-3,9.00
fold2_room1_mix0780,92,5,0,106,2,16.36
fold2_room1_mix0780,93,4,0,176,-2,9.60
fold2_room1_mix0780,93,5,0,104,3,15.62
fold2_room1_mix0780,94,4,0,177,-3,9.83
fold2_room1_mix0780,94,5,0,104,3,15.10
fold2_room1_mix0780,95,4,0,176,-2,10.81
fold2_room1_mix0780,95,5,0,106,2,16.32
fold2_room1_mix0780,96,4,0,177,-2,11.41
fold2_room1_mix0780,96,5,0,106,2,16.55
fold2_room1_mix0780,97,4,0,177,-2,11.61
fold2_room1_mix0780,97,5,0,102,2,16.62
fold2_room1_mix0780,98,4,0,177,-2,12.35
fold2_room1_mix0780,98,5,0,103,2,16.34
fold2_room1_mix0780,99,4,0,179,-2,12.16
fold2_room1_mix0780,99,5,0,101,2,16.17
fold2_room1_mix0781,0,5,0,-96,5,3.91
fold2_room1_mix0781,1,5,0,-97,6,7.21
fold2_room1_mix0781,2,5,0,-94,6,6.53
fold2_room1_mix0781,3,5,0,-91,6,5.15
fold2_room1_mix0781,4,4,0,-174,0,4.49
fold2_room1_mix0781,4,5,0,-95,7,7.98
fold2_room1_mix0781,5,5,0,-97,6,9.67
fold2_room1_mix0781,6,4,0,-173,0,5.37
fold2_room1_mix0781,6,5,0,-95,6,12.18
fold2_room1_mix0781,7,4,0,-174,0,15.39
fold2_room1_mix0781,7,5,0,-94,7,8.62
fold2_room1_mix0781,8,4,0,-171,1,8.45
fold2_room1_mix0781,8,5,0,-96,7,9.71
fold2_room1_mix0781,9,4,0,-169,0,21.47
fold2_room1_mix0781,9,5,0,-92,7,10.17
fold2_room1_mix0781,10,4,0,-175,0,17.31
fold2_room1_mix0781,10,5,0,-94,7,8.48
fold2_room1_mix0781,11,4,0,-167,0,19.44
fold2_room1_mix0781,11,5,0,-95,8,7.59
fold2_room1_mix0781,12,4,0,-167,0,26.42
fold2_room1_mix0781,12,5,0,-89,8,8.45
fold2_room1_mix0781,13,4,0,-170,0,21.83
fold2_room1_mix0781,13,5,0,-94,7,8.40
fold2_room1_mix0781,14,4,0,-169,0,23.90
fold2_room1_mix0781,14,5,0,-95,7,8.48
fold2_room1_mix0781,15,4,0,-166,0,27.89
fold2_room1_mix0781,15,5,0,-90,8,8.18
fold2_room1_mix0781,16,4,0,-169,0,19.90
fold2_room1_mix0781,16,5,0,-87,8,7.23
fold2_room1_mix0781,17,4,0,-168,0,22.99
fold2_room1_mix0781,17,5,0,-93,7,8.58
fold2_room1_mix0781,18,4,0,-167,0,25.50
fold2_room1_mix0781,18,5,0,-89,7,9.10
fold2_room1_mix0781,19,4,0,-171,0,28.96
fold2_room1_mix0781,19,5,0,-90,7,8.68
fold2_room1_mix0781,20,4,0,-165,0,26.70
fold2_room1_mix0781,20,5,0,-92,7,8.73
fold2_room1_mix0781,21,4,0,-173,0,31.10
fold2_room1_mix0781,21,5,0,-90,7,9.31
fold2_room1_mix0781,22,4,0,-169,0,29.16
fold2_room1_mix0781,22,5,0,-92,7,10.27
fold2_room1_mix0781,23,4,0,-170,0,27.09
fold2_room1_mix0781,23,5,0,-94,7,9.04
fold2_room1_mix0781,24,4,0,-172,0,33.86
fold2_room1_mix0781,24,5,0,-94,7,8.91
fold2_room1_mix0781,25,4,0,-170,0,30.85
fold2_room1_mix0781,25,5,0,-91,7,9.59
fold2_room1_mix0781,26,4,0,-167,0,35.05
fold2_room1_mix0781,26,5,0,-93,7,8.23
fold2_room1_mix0781,27,4,0,-165,0,35.84
fold2_room1_mix0781,27,5,0,-91,7,8.49
fold2_room1_mix0781,28,4,0,-171,0,35.90
fold2_room1_mix0781,28,5,0,-93,7,9.05
fold2_room1_mix0781,29,4,0,-167,0,39.63
fold2_room1_mix0781,29,5,0,-92,7,7.63
fold2_room1_mix0781,30,4,0,-169,0,39.68
fold2_room1_mix0781,30,5,0,-90,7,8.82
fold2_room1_mix0781,31,4,0,-168,0,39.47
fold2_room1_mix0781,31,5,0,-92,7,9.43
fold2_room1_mix0781,32,4,0,-168,0,40.04
fold2_room1_mix0781,32,5,0,-92,7,8.12
fold2_room1_mix0781,33,4,0,-169,0,40.22
fold2_room1_mix0781,33,5,0,-92,7,9.72
fold2_room1_mix0781,34,4,0,-169,0,41.86
fold2_room1_mix0781,34,5,0,-91,7,8.24
fold2_room1_mix0781,35,4,0,-169,0,42.42
fold2_room1_mix0781,35,5,0,-91,7,8.62
fold2_room1_mix0781,36,4,0,-169,0,42.56
fold2_room1_mix0781,36,5,0,-90,7,8.88
fold2_room1_mix0781,37,4,0,-171,0,42.59
fold2_room1_mix0781,37,5,0,-90,7,9.49
fold2_room1_mix0781,38,4,0,-171,0,45.25
fold2_room1_mix0781,38,5,0,-91,7,9.54
fold2_room1_mix0781,39,4,0,-172,0,42.50
fold2_room1_mix0781,39,5,0,-90,7,9.34
fold2_room1_mix0781,40,4,0,-170,0,43.24
fold2_room1_mix0781,40,5,0,-91,7,8.92
fold2_room1_mix0781,41,4,0,-172,0,43.81
fold2_room1_mix0781,41,5,0,-90,7,9.66
fold2_room1_mix0781,42,4,0,-173,0,40.44
fold2_room1_mix0781,42,5,0,-90,7,9.38
fold2_room1_mix0781,43,4,0,-171,0,40.30
fold2_room1_mix0781,43,5,0,-90,7,9.24
fold2_room1_mix0781,44,4,0,-172,0,40.32
fold2_room1_mix0781,44,5,0,-90,7,9.47
fold2_room1_mix0781,45,4,0,-168,0,36.61
fold2_room1_mix0781,45,5,0,-90,7,9.01
fold2_room1_mix0781,46,4,0,-169,0,35.74
fold2_room1_mix0781,46,5,0,-91,7,9.98
fold2_room1_mix0781,47,4,0,-170,0,36.38
fold2_room1_mix0781,47,5,0,-91,6,9.85
fold2_room1_mix0781,48,4,0,-170,0,35.45
fold2_room1_mix0781,48,5,0,-89,7,7.94
fold2_room1_mix0781,49,4,0,-170,0,33.14
fold2_room1_mix0781,49,5,0,-93,6,9.70
fold2_room1_mix0781,50,4,0,-169,0,32.83
fold2_room1_mix0781,50,5,0,-89,7,9.68
fold2_room1_mix0781,51,4,0,-168,0,31.34
fold2_room1_mix0781,51,5,0,-89,6,9.42
fold2_room1_mix0781,52,4,0,-169,0,31.83
fold2_room1_mix0781,52,5,0,-91,6,8.98
fold2_room1_mix0781,53,4,0,-168,0,30.52
fold2_room1_mix0781,53,5,0,-91,7,9.09
fold2_room1_mix0781,54,4,0,-166,0,30.27
fold2_room1_mix0781,54,5,0,-89,6,9.48
fold2_room1_mix0781,55,4,0,-163,0,27.85
fold2_room1_mix0781,55,5,0,-93,6,9.85
fold2_room1_mix0781,56,4,0,-165,0,28.85
fold2_room1_mix0781,56,5,0,-91,6,9.01
fold2_room1_mix0781,57,4,0,-165,0,26.39
fold2_room1_mix0781,57,5,0,-90,6,10.08
fold2_room1_mix0781,58,4,0,-162,0,25.46
fold2_room1_mix0781,58,5,0,-91,6,9.63
fold2_room1_mix0781,59,4,0,-162,0,24.91
fold2_room1_mix0781,59,5,0,-94,7,9.71
fold2_room1_mix0781,60,4,0,-161,0,23.08
fold2_room1_mix0781,60,5,0,-92,6,9.40
fold2_room1_mix0781,61,4,0,-157,0,23.12
fold2_room1_mix0781,61,5,0,-93,7,8.91
fold2_room1_mix0781,62,4,0,-157,-1,20.94
fold2_room1_mix0781,62,5,0,-94,6,9.65
fold2_room1_mix0781,63,4,0,-151,-1,20.09
fold2_room1_mix0781,63,5,0,-93,7,9.11
fold2_room1_mix0781,64,4,0,-150,-1,19.75
fold2_room1_mix0781,64,5,0,-92,7,8.66
fold2_room1_mix0781,65,4,0,-150,-1,18.25
fold2_room1_mix0781,65,5,0,-95,6,9.56
fold2_room1_mix0781,66,4,0,-150,-1,16.88
fold2_room1_mix0781,66,5,0,-92,7,9.32
fold2_room1_mix0781,67,4,0,-146,-1,16.74
fold2_room1_mix0781,67,5,0,-94,6,9.68
fold2_room1_mix0781,68,4,0,-142,-1,15.99
fold2_room1_mix0781,68,5,0,-95,7,9.32
fold2_room1_mix0781,69,4,0,-139,-2,15.02
fold2_room1_mix0781,69,5,0,-93,6,9.51
fold2_room1_mix0781,70,4,0,-138,-2,15.17
fold2_room1_mix0781,70,5,0,-93,6,10.93
fold2_room1_mix0781,71,4,0,-134,-3,13.26
fold2_room1_mix0781,71,5,0,-93,6,10.33
fold2_room1_mix0781,72,4,0,-129,-3,13.39
fold2_room1_mix0781,72,5,0,-94,7,8.94
fold2_room1_mix0781,73,4,0,-127,-3,12.91
fold2_room1_mix0781,73,5,0,-93,6,10.65
fold2_room1_mix0781,74,4,0,-124,-3,12.12
fold2_room1_mix0781,74,5,0,-93,6,9.52
fold2_room1_mix0781,75,4,0,-119,-3,12.12
fold2_room1_mix0781,75,5,0,-94,6,9.39
fold2_room1_mix0781,76,4,0,-114,-3,11.90
fold2_room1_mix0781,76,5,0,-92,6,9.65
fold2_room1_mix0781,77,4,0,-109,-3,11.63
fold2_room1_mix0781,77,5,0,-92,6,8.79
fold2_room1_mix0781,78,4,0,-105,-4,10.53
fold2_room1_mix0781,78,5,0,-92,6,9.00
fold2_room1_mix0781,79,4,0,-99,-4,10.63
fold2_room1_mix0781,79,5,0,-92,6,9.88
fold2_room1_mix0781,80,4,0,-94,-4,10.84
fold2_room1_mix0781,80,5,0,-91,6,8.41
fold2_room1_mix0781,81,4,0,-88,-3,11.29
fold2_room1_mix0781,81,5,0,-92,6,9.30
fold2_room1_mix0781,82,4,0,-85,-3,10.96
fold2_room1_mix0781,82,5,0,-94,5,9.55
fold2_room1_mix0781,83,4,0,-80,-3,11.38
fold2_room1_mix0781,83,5,0,-90,5,9.72
fold2_room1_mix0781,84,4,0,-72,-2,11.96
fold2_room1_mix0781,84,5,0,-92,5,9.15
fold2_room1_mix0781,85,4,0,-69,-3,12.59
fold2_room1_mix0781,85,5,0,-98,5,9.69
fold2_room1_mix0781,86,4,0,-65,-3,12.90
fold2_room1_mix0781,86,5,0,-91,5,10.67
fold2_room1_mix0781,87,4,0,-61,-3,13.86
fold2_room1_mix0781,87,5,0,-91,5,10.20
fold2_room1_mix0781,88,4,0,-56,-2,14.57
fold2_room1_mix0781,88,5,0,-92,6,9.29
fold2_room1_mix0781,89,4,0,-53,-2,15.31
fold2_room1_mix0781,89,5,0,-91,5,10.49
fold2_room1_mix0781,90,4,0,-50,-2,15.93
fold2_room1_mix0781,90,5,0,-92,5,9.57
fold2_room1_mix0781,91,4,0,-49,-2,16.49
fold2_room1_mix0781,91,5,0,-97,5,9.82
fold2_room1_mix0781,92,4,0,-47,-2,17.09
fold2_room1_mix0781,92,5,0,-91,5,10.03
fold2_room1_mix0781,93,4,0,-45,-2,17.88
fold2_room1_mix0781,93,5,0,-92,5,10.02
fold2_room1_mix0781,94,4,0,-42,-2,18.78
fold2_room1_mix0781,94,5,0,-94,5,9.67
fold2_room1_mix0781,95,4,0,-42,-1,19.14
fold2_room1_mix0781,95,5,0,-92,5,9.87
fold2_room1_mix0781,96,4,0,-39,-1,20.03
fold2_room1_mix0781,96,5,0,-91,6,8.80
fold2_room1_mix0781,97,4,0,-35,-1,21.74
fold2_room1_mix0781,97,5,0,-92,5,10.20
fold2_room1_mix0781,98,4,0,-32,-1,22.10
fold2_room1_mix0781,98,5,0,-91,5,10.70
fold2_room1_mix0781,99,4,0,-33,-1,22.96
fold2_room1_mix0781,99,5,0,-91,5,10.44
fold2_room1_mix0782,25,4,0,18,-2,8.00
fold2_room1_mix0782,26,4,0,16,-3,8.94
fold2_room1_mix0782,27,4,0,20,-3,10.76
fold2_room1_mix0782,28,4,0,24,-3,11.56
fold2_room1_mix0782,29,4,0,44,-7,11.80
fold2_room1_mix0782,29,4,0,27,-3,11.34
fold2_room1_mix0782,32,4,0,159,-5,12.68
fold2_room1_mix0782,32,4,0,36,-2,13.54
fold2_room1_mix0782,33,4,0,-179,-3,13.97
fold2_room1_mix0782,33,4,0,30,-4,12.32
fold2_room1_mix0782,34,4,0,-174,-3,11.61
fold2_room1_mix0782,34,4,0,31,-3,12.36
fold2_room1_mix0782,35,4,0,-172,-2,12.19
fold2_room1_mix0782,35,4,0,36,-3,10.96
fold2_room1_mix0782,36,4,0,-172,-3,10.97
fold2_room1_mix0782,36,4,0,36,-5,9.66
fold2_room1_mix0782,37,4,0,-171,-3,10.79
fold2_room1_mix0782,37,4,0,44,-4,10.48
fold2_room1_mix0782,38,4,0,-171,-4,9.51
fold2_room1_mix0782,38,4,0,53,-6,9.20
fold2_room1_mix0782,39,4,0,-169,-4,9.76
fold2_room1_mix0782,39,4,0,44,-5,10.09
fold2_room1_mix0782,40,4,0,-169,-4,8.83
fold2_room1_mix0782,40,4,0,53,-6,9.64
fold2_room1_mix0782,41,4,0,-164,-4,7.09
fold2_room1_mix0782,41,4,0,44,-6,7.73
fold2_room1_mix0782,42,4,0,-166,-7,6.24
fold2_room1_mix0782,42,4,0,55,-7,7.63
fold2_room1_mix0782,43,4,0,-157,-7,5.26
fold2_room1_mix0782,43,4,0,52,-8,7.08
fold2_room1_mix0782,44,4,0,-155,-10,3.73
fold2_room1_mix0782,44,4,0,43,-7,8.06
fold2_room1_mix0782,45,4,0,-139,-17,2.40
fold2_room1_mix0782,45,4,0,47,-6,9.39
fold2_room1_mix0782,46,4,0,-105,-26,1.48
fold2_room1_mix0782,46,4,0,27,-17,7.09
fold2_room1_mix0782,46,4,0,65,-11,6.94
fold2_room1_mix0782,47,4,0,-64,-23,1.92
fold2_room1_mix0782,47,4,0,-37,-22,2.97
fold2_room1_mix0782,47,4,0,62,-8,6.63
fold2_room1_mix0782,48,4,0,62,-19,3.70
fold2_room1_mix0782,48,4,0,21,-12,4.58
fold2_room1_mix0782,49,4,0,96,-8,5.65
fold2_room1_mix0782,49,4,0,9,-11,4.40
fold2_room1_mix0782,49,4,0,-6,-11,4.00
fold2_room1_mix0782,50,4,0,95,-9,5.12
fold2_room1_mix0782,50,4,0,-3,-10,4.33
fold2_room1_mix0782,51,4,0,103,-7,6.11
fold2_room1_mix0782,51,4,0,41,-6,6.01
fold2_room1_mix0782,51,4,0,-9,-8,5.17
fold2_room1_mix0782,52,4,0,115,-5,7.18
fold2_room1_mix0782,52,4,0,-5,-6,5.92
fold2_room1_mix0782,53,4,0,116,-5,7.01
fold2_room1_mix0782,53,4,0,-8,-6,6.87
fold2_room1_mix0782,54,4,0,123,-5,7.61
fold2_room1_mix0782,54,4,0,-19,-6,7.92
fold2_room1_mix0782,54,4,0,-2,-5,8.54
fold2_room1_mix0782,55,4,0,126,-4,9.62
fold2_room1_mix0782,55,4,0,-5,-5,8.56
fold2_room1_mix0782,56,4,0,128,-4,9.73
fold2_room1_mix0782,56,4,0,-3,-5,10.09
fold2_room1_mix0782,57,4,0,131,-4,9.57
fold2_room1_mix0782,57,4,0,-8,-5,10.12
fold2_room1_mix0782,58,4,0,136,-4,9.50
fold2_room1_mix0782,58,4,0,-4,-4,12.13
fold2_room1_mix0782,59,4,0,137,-3,10.53
fold2_room1_mix0782,59,4,0,-5,-4,13.07
fold2_room1_mix0782,60,4,0,142,-3,10.00
fold2_room1_mix0782,60,4,0,0,-4,13.44
fold2_room1_mix0782,61,4,0,140,-4,11.01
fold2_room1_mix0782,61,4,0,5,-3,14.45
fold2_room1_mix0782,62,4,0,145,-4,10.61
fold2_room1_mix0782,63,4,0,145,-4,10.47
fold2_room1_mix0782,64,4,0,141,-4,11.89
fold2_room1_mix0782,65,4,0,139,-2,11.07
fold2_room1_mix0782,66,0,0,73,-1,9.03
fold2_room1_mix0782,66,4,0,143,-4,11.21
fold2_room1_mix0782,67,0,0,75,-2,8.34
fold2_room1_mix0782,67,4,0,143,-3,4.21
fold2_room1_mix0782,68,0,0,93,-2,11.94
fold2_room1_mix0782,68,4,0,143,-3,6.78
fold2_room1_mix0782,69,0,0,96,-2,12.80
fold2_room1_mix0782,69,4,0,140,-2,5.26
fold2_room1_mix0782,70,0,0,100,-2,13.36
fold2_room1_mix0782,70,4,0,137,-3,8.87
fold2_room1_mix0782,71,0,0,106,-2,15.15
fold2_room1_mix0782,71,4,0,146,-1,3.72
fold2_room1_mix0782,72,0,0,112,-2,17.06
fold2_room1_mix0782,72,4,0,151,-1,4.52
fold2_room1_mix0782,73,0,0,122,-1,17.71
fold2_room1_mix0782,73,4,0,156,-1,2.64
fold2_room1_mix0782,74,0,0,124,-1,20.06
fold2_room1_mix0782,74,4,0,150,-1,3.37
fold2_room1_mix0782,75,0,0,127,-1,20.43
fold2_room1_mix0782,76,0,0,132,-1,21.99
fold2_room1_mix0782,76,4,0,155,-1,10.45
fold2_room1_mix0782,77,0,0,138,-1,21.32
fold2_room1_mix0782,78,0,0,135,-1,21.95
fold2_room1_mix0782,79,0,0,140,-1,21.68
fold2_room1_mix0782,80,0,0,143,-1,22.88
fold2_room1_mix0782,81,0,0,145,-1,23.78
fold2_room1_mix0782,82,0,0,148,-1,26.74
fold2_room1_mix0782,83,0,0,150,-1,25.78
fold2_room1_mix0782,84,0,0,152,-1,28.86
fold2_room1_mix0782,85,0,0,156,0,30.21
fold2_room1_mix0782,86,0,0,154,0,29.88
fold2_room1_mix0782,87,0,0,156,0,31.29
fold2_room1_mix0782,88,0,0,156,0,31.86
fold2_room1_mix0782,89,0,0,157,0,32.96
fold2_room1_mix0782,90,0,0,158,0,30.61
fold2_room1_mix0782,91,0,0,158,0,33.81
fold2_room1_mix0782,92,0,0,159,0,36.52
fold2_room1_mix0782,93,0,0,161,0,35.92
fold2_room1_mix0782,94,0,0,165,0,8.54
fold2_room1_mix0782,95,0,0,166,0,5.18
fold2_room1_mix0782,30,4,0,30,-3,13.62
fold2_room1_mix0782,31,4,0,28,-2,10.94
fold2_room1_mix0784,59,4,0,5,-3,5.77
fold2_room1_mix0784,60,4,0,2,-3,6.61
fold2_room1_mix0784,61,4,0,3,-3,7.71
fold2_room1_mix0784,62,4,0,2,-4,6.12
fold2_room1_mix0784,63,4,0,5,-5,7.59
fold2_room1_mix0784,64,4,0,9,-5,6.02
fold2_room1_mix0784,65,4,0,11,-6,5.15
fold2_room1_mix0784,66,4,0,8,-7,4.46
fold2_room1_mix0784,67,4,0,14,-9,3.39
fold2_room1_mix0784,68,4,0,24,-12,2.39
fold2_room1_mix0784,69,4,0,38,-16,1.78
fold2_room1_mix0784,70,4,0,87,-29,1.00
fold2_room1_mix0784,71,4,0,137,-16,1.35
fold2_room1_mix0784,72,4,0,154,-11,1.87
fold2_room1_mix0784,73,4,0,164,-8,2.71
fold2_room1_mix0784,74,4,0,164,-7,3.48
fold2_room1_mix0784,75,4,0,167,-5,4.40
fold2_room1_mix0784,76,4,0,171,-3,5.23
fold2_room1_mix0784,77,4,0,173,-3,6.05
fold2_room1_mix0784,78,4,0,174,-2,6.91
fold2_room1_mix0784,79,4,0,174,-2,8.09
fold2_room1_mix0784,80,4,0,174,-2,7.97
fold2_room1_mix0784,81,4,0,175,-1,8.69
fold2_room1_mix0784,82,4,0,177,-1,4.25
fold2_room1_mix0784,83,4,0,179,-1,2.36
fold2_room1_mix0785,38,4,0,-32,-1,6.02
fold2_room1_mix0785,39,4,0,-31,-1,6.43
fold2_room1_mix0785,40,4,0,-32,-1,8.00
fold2_room1_mix0785,41,4,0,-31,-2,12.94
fold2_room1_mix0785,42,4,0,-36,-2,12.64
fold2_room1_mix0785,43,4,0,-35,-2,14.63
fold2_room1_mix0785,44,4,0,-35,-2,13.89
fold2_room1_mix0785,45,4,0,-37,-2,15.57
fold2_room1_mix0785,46,4,0,-36,-2,15.63
fold2_room1_mix0785,47,4,0,-46,-2,15.69
fold2_room1_mix0785,48,4,0,-44,-2,14.63
fold2_room1_mix0785,49,4,0,-46,-2,15.16
fold2_room1_mix0785,50,4,0,-49,-2,15.05
fold2_room1_mix0785,51,4,0,-54,-2,14.98
fold2_room1_mix0785,52,4,0,-55,-2,14.40
fold2_room1_mix0785,53,4,0,-54,-2,13.69
fold2_room1_mix0785,54,4,0,-58,-2,12.98
fold2_room1_mix0785,55,4,0,-62,-2,13.18
fold2_room1_mix0785,56,4,0,-61,-2,13.51
fold2_room1_mix0785,57,4,0,-65,-3,12.61
fold2_room1_mix0785,58,4,0,-76,-3,12.24
fold2_room1_mix0785,59,4,0,-73,-3,12.58
fold2_room1_mix0785,60,4,0,-79,-3,12.70
fold2_room1_mix0785,61,4,0,-83,-3,12.54
fold2_room1_mix0785,62,4,0,-86,-3,12.67
fold2_room1_mix0785,63,4,0,-91,-3,12.29
fold2_room1_mix0785,64,4,0,-95,-3,12.44
fold2_room1_mix0785,65,4,0,-96,-3,13.26
fold2_room1_mix0785,66,4,0,-101,-3,13.19
fold2_room1_mix0785,67,4,0,-103,-3,13.19
fold2_room1_mix0785,68,4,0,-110,-3,13.23
fold2_room1_mix0785,69,4,0,-112,-2,13.87
fold2_room1_mix0785,70,4,0,-115,-2,14.42
fold2_room1_mix0785,71,4,0,-119,-2,14.18
fold2_room1_mix0785,72,4,0,-120,-2,14.51
fold2_room1_mix0785,73,4,0,-122,-1,14.74
fold2_room1_mix0785,74,4,0,-127,-2,15.04
fold2_room1_mix0785,75,4,0,-128,-1,15.33
fold2_room1_mix0785,76,4,0,-128,-1,15.46
fold2_room1_mix0785,77,4,0,-131,-1,15.98
fold2_room1_mix0785,78,4,0,-133,-1,15.97
fold2_room1_mix0785,79,4,0,-136,-1,15.85
fold2_room1_mix0785,80,4,0,-136,-1,16.49
fold2_room1_mix0785,81,4,0,-137,-1,17.52
fold2_room1_mix0785,82,4,0,-138,-1,18.27
fold2_room1_mix0785,83,4,0,-140,-1,17.38
fold2_room1_mix0785,84,4,0,-139,0,17.94
fold2_room1_mix0785,85,4,0,-140,-1,18.91
fold2_room1_mix0785,86,4,0,-139,0,19.23
fold2_room1_mix0785,87,4,0,-144,0,10.61
fold2_room1_mix0785,88,4,0,-144,0,6.91
fold2_room1_mix0786,43,4,0,-1,-1,12.66
fold2_room1_mix0786,44,4,0,-3,-1,16.25
fold2_room1_mix0786,45,4,0,-5,-1,15.76
fold2_room1_mix0786,46,4,0,-4,-2,16.31
fold2_room1_mix0786,47,4,0,-3,-2,16.36
fold2_room1_mix0786,48,4,0,-4,-2,14.79
fold2_room1_mix0786,49,4,0,-5,-3,13.79
fold2_room1_mix0786,50,4,0,-6,-3,12.90
fold2_room1_mix0786,51,4,0,-6,-3,10.71
fold2_room1_mix0786,52,4,0,-9,-4,10.17
fold2_room1_mix0786,53,4,0,-10,-4,8.92
fold2_room1_mix0786,54,4,0,-10,-5,7.39
fold2_room1_mix0786,55,4,0,-14,-6,6.61
fold2_room1_mix0786,56,4,0,-18,-7,5.30
fold2_room1_mix0786,57,4,0,-25,-9,3.89
fold2_room1_mix0786,58,4,0,-28,-12,3.32
fold2_room1_mix0786,59,4,0,-39,-18,2.38
fold2_room1_mix0786,60,4,0,-71,-26,1.89
fold2_room1_mix0786,61,4,0,-110,-22,1.85
fold2_room1_mix0786,62,4,0,-139,-15,2.14
fold2_room1_mix0786,63,4,0,-146,-11,2.87
fold2_room1_mix0786,64,4,0,-155,-8,3.97
fold2_room1_mix0786,65,4,0,-159,-7,4.75
fold2_room1_mix0786,66,4,0,-162,-6,5.52
fold2_room1_mix0786,67,4,0,-165,-4,6.75
fold2_room1_mix0786,68,4,0,-166,-4,7.51
fold2_room1_mix0786,69,4,0,-169,-3,9.39
fold2_room1_mix0786,70,4,0,-169,-3,10.09
fold2_room1_mix0786,71,4,0,-170,-2,11.02
fold2_room1_mix0786,72,4,0,-172,-2,12.59
fold2_room1_mix0786,73,4,0,-170,-2,13.21
fold2_room1_mix0786,74,4,0,-171,-2,13.65
fold2_room1_mix0786,75,4,0,-173,-1,15.16
fold2_room1_mix0786,76,4,0,-173,-1,15.63
fold2_room1_mix0786,77,4,0,-174,-1,16.76
fold2_room1_mix0786,78,4,0,-174,-1,16.58
fold2_room1_mix0786,79,4,0,-176,-1,12.95
fold2_room1_mix0786,80,4,0,-177,0,3.06
fold2_room1_mix0786,42,4,0,-5,-1,4.48
fold2_room1_mix0787,28,0,0,0,-1,4.09
fold2_room1_mix0787,29,0,0,-2,-1,20.76
fold2_room1_mix0787,30,0,0,0,-1,19.01
fold2_room1_mix0787,31,0,0,-2,-1,24.77
fold2_room1_mix0787,32,0,0,-2,-1,25.86
fold2_room1_mix0787,33,0,0,0,0,41.30
fold2_room1_mix0787,34,0,0,1,-1,32.77
fold2_room1_mix0787,35,0,0,1,-1,33.32
fold2_room1_mix0787,36,0,0,4,-1,33.18
fold2_room1_mix0787,37,0,0,3,-1,31.47
fold2_room1_mix0787,38,0,0,4,-1,32.70
fold2_room1_mix0787,39,0,0,3,-1,35.57
fold2_room1_mix0787,40,0,0,4,-1,36.10
fold2_room1_mix0787,41,0,0,4,-1,31.14
fold2_room1_mix0787,42,0,0,3,-1,30.32
fold2_room1_mix0787,43,0,0,2,-1,24.34
fold2_room1_mix0787,44,0,0,2,-1,21.36
fold2_room1_mix0787,45,0,0,4,-2,18.20
fold2_room1_mix0787,46,0,0,3,-2,20.74
fold2_room1_mix0787,47,0,0,7,-2,18.90
fold2_room1_mix0787,48,0,0,7,-2,18.01
fold2_room1_mix0787,48,4,0,1,-1,15.94
fold2_room1_mix0787,49,0,0,5,-2,18.37
fold2_room1_mix0787,49,4,0,0,0,12.31
fold2_room1_mix0787,50,0,0,8,-1,22.46
fold2_room1_mix0787,50,4,0,9,-1,18.32
fold2_room1_mix0787,51,0,0,8,-2,21.05
fold2_room1_mix0787,51,4,0,9,-2,20.01
fold2_room1_mix0787,52,0,0,11,-1,23.93
fold2_room1_mix0787,52,4,0,0,-2,20.50
fold2_room1_mix0787,53,0,0,19,-1,20.48
fold2_room1_mix0787,53,4,0,1,-2,19.46
fold2_room1_mix0787,54,0,0,18,-1,18.65
fold2_room1_mix0787,54,4,0,1,-3,20.21
fold2_room1_mix0787,55,0,0,20,-2,16.32
fold2_room1_mix0787,55,4,0,-3,-3,19.57
fold2_room1_mix0787,56,0,0,20,-2,15.74
fold2_room1_mix0787,56,4,0,-2,-2,20.53
fold2_room1_mix0787,57,0,0,21,-2,12.35
fold2_room1_mix0787,57,4,0,-1,-3,18.29
fold2_room1_mix0787,58,0,0,23,-2,10.38
fold2_room1_mix0787,58,4,0,0,-3,17.61
fold2_room1_mix0787,59,0,0,31,-3,9.78
fold2_room1_mix0787,59,4,0,0,-2,18.81
fold2_room1_mix0787,60,0,0,45,-3,8.29
fold2_room1_mix0787,60,4,0,0,-2,17.28
fold2_room1_mix0787,61,0,0,61,-4,6.70
fold2_room1_mix0787,61,4,0,1,-2,15.92
fold2_room1_mix0787,62,0,0,72,-4,6.82
fold2_room1_mix0787,62,4,0,10,-3,15.17
fold2_room1_mix0787,63,0,0,87,-4,6.70
fold2_room1_mix0787,63,4,0,0,-4,12.70
fold2_room1_mix0787,64,0,0,103,-4,6.09
fold2_room1_mix0787,64,4,0,1,-4,12.54
fold2_room1_mix0787,65,0,0,119,-4,6.16
fold2_room1_mix0787,65,4,0,0,-4,12.24
fold2_room1_mix0787,66,0,0,122,-4,6.71
fold2_room1_mix0787,66,4,0,0,-4,10.95
fold2_room1_mix0787,67,0,0,131,-3,7.43
fold2_room1_mix0787,67,4,0,-2,-5,10.75
fold2_room1_mix0787,68,0,0,135,-3,8.67
fold2_room1_mix0787,68,4,0,-4,-4,10.99
fold2_room1_mix0787,69,0,0,137,-3,8.43
fold2_room1_mix0787,69,4,0,-1,-3,11.40
fold2_room1_mix0787,70,0,0,144,-3,9.62
fold2_room1_mix0787,70,4,0,-4,-4,10.24
fold2_room1_mix0787,71,0,0,148,-2,10.47
fold2_room1_mix0787,71,4,0,-5,-3,10.82
fold2_room1_mix0787,72,0,0,144,-2,4.70
fold2_room1_mix0787,72,4,0,-7,-4,10.11
fold2_room1_mix0787,73,0,0,151,-2,4.24
fold2_room1_mix0787,73,4,0,-5,-3,9.78
fold2_room1_mix0787,74,4,0,-5,-4,8.88
fold2_room1_mix0787,75,4,0,-4,-4,8.38
fold2_room1_mix0787,76,4,0,-5,-5,6.58
fold2_room1_mix0787,77,4,0,-5,-5,6.36
fold2_room1_mix0787,78,4,0,-6,-5,5.71
fold2_room1_mix0787,79,4,0,-7,-6,5.09
fold2_room1_mix0787,80,4,0,-11,-8,3.95
fold2_room1_mix0787,81,4,0,-12,-8,3.61
fold2_room1_mix0787,82,4,0,-16,-11,3.04
fold2_room1_mix0787,83,4,0,-22,-14,2.46
fold2_room1_mix0787,84,4,0,-29,-17,1.74
fold2_room1_mix0787,85,4,0,-38,-23,1.26
fold2_room1_mix0787,86,4,0,-64,-35,0.90
fold2_room1_mix0787,87,4,0,-115,-32,0.79
fold2_room1_mix0787,88,4,0,-142,-20,1.09
fold2_room1_mix0787,89,4,0,-152,-14,1.69
fold2_room1_mix0787,90,4,0,-159,-11,2.32
fold2_room1_mix0787,91,4,0,-163,-10,2.99
fold2_room1_mix0787,92,4,0,-165,-8,3.35
fold2_room1_mix0787,93,4,0,-167,-6,4.09
fold2_room1_mix0787,94,4,0,-168,-6,4.44
fold2_room1_mix0787,95,4,0,-170,-5,5.15
fold2_room1_mix0787,96,4,0,-170,-4,5.61
fold2_room1_mix0787,97,4,0,-171,-4,6.60
fold2_room1_mix0787,98,4,0,-173,-3,7.46
fold2_room1_mix0787,99,4,0,-174,-3,8.07
fold2_room1_mix0788,0,5,0,-27,3,6.01
fold2_room1_mix0788,1,5,0,-14,2,5.32
fold2_room1_mix0788,2,4,0,-176,1,1.07
fold2_room1_mix0788,2,5,0,-29,3,12.73
fold2_room1_mix0788,3,4,0,-175,0,4.66
fold2_room1_mix0788,3,5,0,-23,4,9.07
fold2_room1_mix0788,4,4,0,-174,-1,8.47
fold2_room1_mix0788,4,5,0,-29,4,7.66
fold2_room1_mix0788,5,4,0,-177,0,9.22
fold2_room1_mix0788,5,5,0,-33,3,16.01
fold2_room1_mix0788,6,4,0,-176,0,9.93
fold2_room1_mix0788,6,5,0,-31,3,15.56
fold2_room1_mix0788,7,4,0,-176,0,12.99
fold2_room1_mix0788,7,5,0,-37,4,13.92
fold2_room1_mix0788,8,4,0,-175,-1,13.52
fold2_room1_mix0788,8,5,0,-30,3,12.89
fold2_room1_mix0788,9,4,0,-175,-1,12.85
fold2_room1_mix0788,9,5,0,-34,4,12.92
fold2_room1_mix0788,10,4,0,-175,-1,11.07
fold2_room1_mix0788,10,5,0,-36,4,11.98
fold2_room1_mix0788,11,4,0,-177,-1,12.57
fold2_room1_mix0788,11,5,0,-38,4,12.58
fold2_room1_mix0788,12,4,0,-175,-1,11.81
fold2_room1_mix0788,12,5,0,-35,4,12.75
fold2_room1_mix0788,13,4,0,-175,-1,11.26
fold2_room1_mix0788,13,5,0,-40,4,11.86
fold2_room1_mix0788,14,4,0,-177,0,12.35
fold2_room1_mix0788,14,5,0,-36,4,12.67
fold2_room1_mix0788,15,4,0,-176,-1,11.79
fold2_room1_mix0788,15,5,0,-39,4,12.97
fold2_room1_mix0788,16,4,0,-174,-1,11.09
fold2_room1_mix0788,16,5,0,-36,4,11.92
fold2_room1_mix0788,17,4,0,-175,-1,11.38
fold2_room1_mix0788,17,5,0,-38,4,14.43
fold2_room1_mix0788,18,4,0,-173,-2,11.17
fold2_room1_mix0788,18,5,0,-42,4,13.29
fold2_room1_mix0788,19,4,0,-175,-1,10.51
fold2_room1_mix0788,19,5,0,-39,5,11.58
fold2_room1_mix0788,20,4,0,-175,-1,10.84
fold2_room1_mix0788,20,5,0,-38,4,13.67
fold2_room1_mix0788,21,4,0,-174,-2,10.25
fold2_room1_mix0788,21,5,0,-39,4,14.29
fold2_room1_mix0788,22,4,0,-173,-2,10.40
fold2_room1_mix0788,22,5,0,-35,4,13.11
fold2_room1_mix0788,23,4,0,-173,-2,9.46
fold2_room1_mix0788,23,5,0,-41,4,14.13
fold2_room1_mix0788,24,4,0,-173,-2,9.25
fold2_room1_mix0788,24,5,0,-42,4,13.48
fold2_room1_mix0788,25,4,0,-172,-2,10.43
fold2_room1_mix0788,25,5,0,-39,4,13.15
fold2_room1_mix0788,26,4,0,-172,-2,9.30
fold2_room1_mix0788,26,5,0,-39,5,12.75
fold2_room1_mix0788,27,4,0,-173,-2,9.81
fold2_room1_mix0788,27,5,0,-44,4,14.18
fold2_room1_mix0788,28,4,0,-172,-2,9.64
fold2_room1_mix0788,28,5,0,-40,4,13.78
fold2_room1_mix0788,29,4,0,-171,-3,8.61
fold2_room1_mix0788,29,5,0,-40,4,12.86
fold2_room1_mix0788,30,4,0,-173,-2,9.39
fold2_room1_mix0788,30,5,0,-48,4,13.10
fold2_room1_mix0788,31,4,0,-169,-2,9.12
fold2_room1_mix0788,31,5,0,-42,4,14.54
fold2_room1_mix0788,32,4,0,-169,-2,8.75
fold2_room1_mix0788,32,5,0,-44,5,11.90
fold2_room1_mix0788,33,4,0,-166,-3,8.30
fold2_room1_mix0788,33,5,0,-48,4,13.70
fold2_room1_mix0788,34,4,0,-167,-3,8.28
fold2_room1_mix0788,34,5,0,-47,4,12.89
fold2_room1_mix0788,35,4,0,-168,-2,8.14
fold2_room1_mix0788,35,5,0,-38,5,11.17
fold2_room1_mix0788,36,4,0,-165,-3,7.30
fold2_room1_mix0788,36,5,0,-45,4,13.04
fold2_room1_mix0788,37,4,0,-166,-3,7.41
fold2_room1_mix0788,37,5,0,-47,5,12.26
fold2_room1_mix0788,38,4,0,-163,-4,6.80
fold2_room1_mix0788,38,5,0,-47,5,11.77
fold2_room1_mix0788,39,4,0,-161,-4,6.03
fold2_room1_mix0788,39,5,0,-43,4,12.66
fold2_room1_mix0788,40,4,0,-163,-4,6.26
fold2_room1_mix0788,40,5,0,-47,5,11.71
fold2_room1_mix0788,41,4,0,-158,-6,5.13
fold2_room1_mix0788,41,5,0,-44,4,12.73
fold2_room1_mix0788,42,4,0,-156,-7,4.48
fold2_room1_mix0788,42,5,0,-49,4,12.22
fold2_room1_mix0788,43,4,0,-154,-6,4.49
fold2_room1_mix0788,43,5,0,-47,4,12.57
fold2_room1_mix0788,44,4,0,-152,-7,4.38
fold2_room1_mix0788,44,5,0,-47,4,13.27
fold2_room1_mix0788,45,4,0,-148,-8,4.15
fold2_room1_mix0788,45,5,0,-49,5,11.51
fold2_room1_mix0788,46,4,0,-157,-8,4.39
fold2_room1_mix0788,46,4,0,-128,-9,4.11
fold2_room1_mix0788,46,5,0,-55,4,11.88
fold2_room1_mix0788,47,4,0,-164,-7,4.87
fold2_room1_mix0788,47,4,0,-138,-11,2.65
fold2_room1_mix0788,47,4,0,-122,-10,3.50
fold2_room1_mix0788,47,5,0,-52,4,13.23
fold2_room1_mix0788,48,4,0,-167,-7,5.17
fold2_room1_mix0788,48,4,0,-144,-10,3.56
fold2_room1_mix0788,48,4,0,-106,-14,3.23
fold2_room1_mix0788,48,5,0,-56,5,9.81
fold2_room1_mix0788,49,4,0,-167,-6,4.53
fold2_room1_mix0788,49,4,0,-99,-12,1.96
fold2_room1_mix0788,49,4,0,-83,-12,2.72
fold2_room1_mix0788,49,5,0,-57,4,11.51
fold2_room1_mix0788,50,4,0,-173,-6,4.07
fold2_room1_mix0788,50,4,0,-73,-11,2.40
fold2_room1_mix0788,50,5,0,-58,5,11.13
fold2_room1_mix0788,51,4,0,-172,-7,3.76
fold2_room1_mix0788,51,4,0,-67,-11,2.47
fold2_room1_mix0788,51,5,0,-54,5,9.70
fold2_room1_mix0788,52,4,0,-170,-8,3.44
fold2_room1_mix0788,52,4,0,-54,-10,2.75
fold2_room1_mix0788,52,5,0,-57,5,10.78
fold2_room1_mix0788,53,4,0,-169,-10,3.08
fold2_room1_mix0788,53,4,0,-47,-10,2.86
fold2_room1_mix0788,53,5,0,-56,5,10.18
fold2_room1_mix0788,54,4,0,-166,-15,2.93
fold2_room1_mix0788,54,4,0,-42,-12,3.16
fold2_room1_mix0788,54,5,0,-58,5,10.05
fold2_room1_mix0788,55,4,0,-166,-17,3.14
fold2_room1_mix0788,55,4,0,-41,-15,2.93
fold2_room1_mix0788,55,5,0,-57,4,11.55
fold2_room1_mix0788,56,4,0,-164,-22,3.17
fold2_room1_mix0788,56,4,0,-56,-29,2.07
fold2_room1_mix0788,56,4,0,-36,-18,2.96
fold2_room1_mix0788,56,5,0,-62,4,10.85
fold2_room1_mix0788,57,4,0,-168,-19,4.65
fold2_room1_mix0788,57,4,0,-36,-23,2.62
fold2_room1_mix0788,57,5,0,-58,4,10.59
fold2_room1_mix0788,58,4,0,-168,-18,5.86
fold2_room1_mix0788,58,4,0,-39,-30,1.74
fold2_room1_mix0788,58,4,0,-24,-16,4.30
fold2_room1_mix0788,58,5,0,-64,3,11.62
fold2_room1_mix0788,59,4,0,-171,-12,7.67
fold2_room1_mix0788,59,4,0,-29,-18,2.94
fold2_room1_mix0788,59,5,0,-58,4,10.86
fold2_room1_mix0788,60,4,0,-168,-11,7.47
fold2_room1_mix0788,60,4,0,-25,-17,3.13
fold2_room1_mix0788,60,5,0,-63,4,10.46
fold2_room1_mix0788,61,4,0,-167,-9,8.85
fold2_room1_mix0788,61,4,0,-22,-15,3.45
fold2_room1_mix0788,61,5,0,-59,4,10.71
fold2_room1_mix0788,62,4,0,-170,-8,9.70
fold2_room1_mix0788,62,4,0,-21,-14,3.65
fold2_room1_mix0788,62,5,0,-72,4,11.12
fold2_room1_mix0788,63,4,0,-168,-7,9.67
fold2_room1_mix0788,63,4,0,-21,-12,4.02
fold2_room1_mix0788,63,5,0,-58,3,12.03
fold2_room1_mix0788,64,4,0,-167,-7,9.76
fold2_room1_mix0788,64,4,0,-19,-12,4.24
fold2_room1_mix0788,64,5,0,-63,4,10.39
fold2_room1_mix0788,65,4,0,-167,-6,9.49
fold2_room1_mix0788,65,4,0,-18,-10,4.18
fold2_room1_mix0788,65,5,0,-70,4,11.25
fold2_room1_mix0788,66,4,0,-159,-6,7.84
fold2_room1_mix0788,66,4,0,-17,-9,4.85
fold2_room1_mix0788,66,5,0,-67,4,10.41
fold2_room1_mix0788,67,4,0,-155,-6,7.75
fold2_room1_mix0788,67,4,0,-16,-9,5.12
fold2_room1_mix0788,67,5,0,-56,4,10.09
fold2_room1_mix0788,68,4,0,-156,-6,6.53
fold2_room1_mix0788,68,4,0,-13,-7,5.23
fold2_room1_mix0788,68,5,0,-55,4,11.35
fold2_room1_mix0788,69,4,0,-152,-7,6.34
fold2_room1_mix0788,69,4,0,-14,-7,6.28
fold2_room1_mix0788,69,5,0,-63,5,10.64
fold2_room1_mix0788,70,4,0,-154,-6,7.07
fold2_room1_mix0788,70,4,0,-12,-7,6.13
fold2_room1_mix0788,70,5,0,-65,5,9.46
fold2_room1_mix0788,71,4,0,-145,-7,5.26
fold2_room1_mix0788,71,4,0,-12,-6,6.56
fold2_room1_mix0788,71,5,0,-61,5,10.04
fold2_room1_mix0788,72,4,0,-142,-8,4.87
fold2_room1_mix0788,72,4,0,-14,-6,6.68
fold2_room1_mix0788,72,5,0,-66,6,8.47
fold2_room1_mix0788,73,4,0,-141,-8,5.33
fold2_room1_mix0788,73,4,0,-11,-6,7.27
fold2_room1_mix0788,73,5,0,-66,6,7.92
fold2_room1_mix0788,74,4,0,-127,-13,4.07
fold2_room1_mix0788,74,4,0,-9,-7,6.50
fold2_room1_mix0788,74,5,0,-66,5,10.24
fold2_room1_mix0788,75,4,0,-118,-16,3.52
fold2_room1_mix0788,75,4,0,-10,-6,7.76
fold2_room1_mix0788,75,5,0,-58,5,9.79
fold2_room1_mix0788,76,4,0,-96,-15,3.40
fold2_room1_mix0788,76,4,0,-8,-6,8.27
fold2_room1_mix0788,76,5,0,-63,5,8.66
fold2_room1_mix0788,77,4,0,-90,-14,3.79
fold2_room1_mix0788,77,4,0,-8,-6,7.76
fold2_room1_mix0788,77,5,0,-58,6,8.68
fold2_room1_mix0788,78,4,0,-70,-15,3.54
fold2_room1_mix0788,78,4,0,-8,-6,9.14
fold2_room1_mix0788,78,5,0,-56,6,9.49
fold2_room1_mix0788,79,4,0,-65,-14,3.33
fold2_room1_mix0788,79,4,0,-9,-5,9.35
fold2_room1_mix0788,79,5,0,-52,5,10.21
fold2_room1_mix0788,80,4,0,-60,-13,3.70
fold2_room1_mix0788,80,4,0,-8,-5,10.38
fold2_room1_mix0788,80,5,0,-54,6,8.68
fold2_room1_mix0788,81,4,0,-57,-11,3.93
fold2_room1_mix0788,81,4,0,-8,-5,10.15
fold2_room1_mix0788,81,5,0,-51,5,10.19
fold2_room1_mix0788,82,4,0,-54,-11,3.94
fold2_room1_mix0788,82,4,0,-9,-4,10.96
fold2_room1_mix0788,82,5,0,-56,5,10.10
fold2_room1_mix0788,83,4,0,-54,-9,5.14
fold2_room1_mix0788,83,4,0,-8,-4,10.64
fold2_room1_mix0788,83,5,0,-46,5,9.17
fold2_room1_mix0788,84,4,0,-48,-8,5.16
fold2_room1_mix0788,84,4,0,-8,-5,10.39
fold2_room1_mix0788,84,5,0,-52,6,9.25
fold2_room1_mix0788,85,4,0,-42,-8,5.45
fold2_room1_mix0788,85,4,0,-7,-4,10.43
fold2_room1_mix0788,85,5,0,-55,6,10.02
fold2_room1_mix0788,86,4,0,-28,-8,5.49
fold2_room1_mix0788,86,4,0,-4,-4,11.32
fold2_room1_mix0788,86,5,0,-50,5,10.70
fold2_room1_mix0788,87,4,0,-26,-8,5.77
fold2_room1_mix0788,87,4,0,-4,-4,11.55
fold2_room1_mix0788,87,5,0,-44,4,12.25
fold2_room1_mix0788,88,4,0,-29,-7,6.33
fold2_room1_mix0788,88,4,0,-7,-3,13.97
fold2_room1_mix0788,88,5,0,-48,5,9.70
fold2_room1_mix0788,89,4,0,-15,-4,11.30
fold2_room1_mix0788,89,5,0,-41,4,11.06
fold2_room1_mix0788,90,4,0,-24,-6,7.34
fold2_room1_mix0788,90,4,0,-6,-3,14.43
fold2_room1_mix0788,90,5,0,-40,4,12.25
fold2_room1_mix0788,91,4,0,-12,-4,12.43
fold2_room1_mix0788,91,5,0,-42,4,11.54
fold2_room1_mix0788,92,4,0,-12,-3,12.97
fold2_room1_mix0788,92,5,0,-39,4,11.85
fold2_room1_mix0788,93,4,0,-10,-3,12.43
fold2_room1_mix0788,93,5,0,-38,4,12.78
fold2_room1_mix0788,94,4,0,-10,-4,12.28
fold2_room1_mix0788,94,5,0,-43,4,12.37
fold2_room1_mix0788,95,4,0,-10,-3,12.62
fold2_room1_mix0788,95,5,0,-39,3,14.04
fold2_room1_mix0788,96,4,0,-9,-3,14.49
fold2_room1_mix0788,96,5,0,-38,4,11.92
fold2_room1_mix0788,97,4,0,-9,-3,14.70
fold2_room1_mix0788,97,5,0,-42,4,11.08
fold2_room1_mix0788,98,4,0,-7,-3,13.43
fold2_room1_mix0788,98,5,0,-40,4,12.19
fold2_room1_mix0788,99,4,0,-6,-2,14.36
fold2_room1_mix0788,99,5,0,-39,4,11.88
fold2_room1_mix0789,8,1,0,7,-2,24.91
fold2_room1_mix0789,9,1,0,10,-2,40.39
fold2_room1_mix0789,10,1,0,8,-2,37.60
fold2_room1_mix0789,12,1,0,8,-2,34.17
fold2_room1_mix0789,13,1,0,11,-2,32.55
fold2_room1_mix0789,14,1,0,11,-2,36.84
fold2_room1_mix0789,15,1,0,9,-2,36.81
fold2_room1_mix0789,17,1,0,11,-2,32.68
fold2_room1_mix0789,18,1,0,10,-2,33.96
fold2_room1_mix0789,19,1,0,10,-2,32.65
fold2_room1_mix0789,20,1,0,10,-2,34.05
fold2_room1_mix0789,22,1,0,9,-2,24.69
fold2_room1_mix0789,23,1,0,8,-2,34.86
fold2_room1_mix0789,24,1,0,11,-2,36.29
fold2_room1_mix0789,25,1,0,9,-2,31.91
fold2_room1_mix0789,27,1,0,8,-2,29.82
fold2_room1_mix0789,28,1,0,11,-2,32.94
fold2_room1_mix0789,29,1,0,13,-2,32.80
fold2_room1_mix0789,30,1,0,9,-2,35.57
fold2_room1_mix0789,32,1,0,9,-2,26.51
fold2_room1_mix0789,33,1,0,11,-2,31.42
fold2_room1_mix0789,34,1,0,15,-2,30.51
fold2_room1_mix0789,35,1,0,12,-2,34.18
fold2_room1_mix0789,37,1,0,13,-2,28.49
fold2_room1_mix0789,38,1,0,11,-2,30.47
fold2_room1_mix0789,39,1,0,15,-2,27.82
fold2_room1_mix0789,40,1,0,14,-2,34.13
fold2_room1_mix0789,42,1,0,13,-2,21.65
fold2_room1_mix0789,43,1,0,14,-2,29.54
fold2_room1_mix0789,44,1,0,19,-2,24.17
fold2_room1_mix0789,45,1,0,17,-2,30.86
fold2_room1_mix0789,47,1,0,17,-2,20.59
fold2_room1_mix0789,48,1,0,16,-2,30.47
fold2_room1_mix0789,49,1,0,21,-2,23.42
fold2_room1_mix0789,50,1,0,22,-2,26.57
fold2_room1_mix0789,52,1,0,23,-3,19.49
fold2_room1_mix0789,53,1,0,21,-2,27.36
fold2_room1_mix0789,54,1,0,29,-2,19.43
fold2_room1_mix0789,55,1,0,27,-3,21.31
fold2_room1_mix0790,9,4,0,-8,-2,6.87
fold2_room1_mix0790,10,4,0,-10,-1,7.54
fold2_room1_mix0790,13,4,0,-9,-2,10.47
fold2_room1_mix0790,14,4,0,-10,-2,7.26
fold2_room1_mix0790,15,4,0,-12,-3,8.88
fold2_room1_mix0790,16,4,0,-11,-3,9.68
fold2_room1_mix0790,17,4,0,-14,-3,12.80
fold2_room1_mix0790,18,4,0,-17,-3,12.85
fold2_room1_mix0790,19,4,0,-17,-3,13.26
fold2_room1_mix0790,20,4,0,-14,-3,13.49
fold2_room1_mix0790,21,4,0,-15,-4,12.72
fold2_room1_mix0790,22,4,0,-17,-3,14.15
fold2_room1_mix0790,23,4,0,-15,-3,13.70
fold2_room1_mix0790,24,4,0,-18,-3,12.99
fold2_room1_mix0790,25,4,0,-15,-3,13.24
fold2_room1_mix0790,26,4,0,-16,-3,12.69
fold2_room1_mix0790,27,4,0,-17,-4,11.86
fold2_room1_mix0790,28,4,0,-13,-3,12.15
fold2_room1_mix0790,29,4,0,-17,-4,11.83
fold2_room1_mix0790,30,4,0,-17,-4,10.83
fold2_room1_mix0790,31,4,0,-16,-4,10.93
fold2_room1_mix0790,32,4,0,-15,-4,10.45
fold2_room1_mix0790,33,4,0,-16,-4,10.43
fold2_room1_mix0790,34,4,0,-16,-4,10.24
fold2_room1_mix0790,35,4,0,-17,-4,9.92
fold2_room1_mix0790,36,4,0,-16,-4,9.12
fold2_room1_mix0790,37,4,0,-20,-4,9.41
fold2_room1_mix0790,38,4,0,-18,-4,9.38
fold2_room1_mix0790,39,4,0,-20,-4,9.43
fold2_room1_mix0790,40,4,0,-18,-4,8.82
fold2_room1_mix0790,41,4,0,-19,-4,8.79
fold2_room1_mix0790,42,4,0,-20,-5,8.00
fold2_room1_mix0790,43,4,0,-22,-5,8.02
fold2_room1_mix0790,44,4,0,-23,-5,7.57
fold2_room1_mix0790,45,4,0,-23,-5,7.45
fold2_room1_mix0790,46,4,0,-23,-5,7.17
fold2_room1_mix0790,47,4,0,-27,-5,7.39
fold2_room1_mix0790,48,4,0,-25,-6,6.43
fold2_room1_mix0790,49,4,0,-27,-5,6.44
fold2_room1_mix0790,50,4,0,-26,-6,5.81
fold2_room1_mix0790,51,4,0,-28,-6,5.81
fold2_room1_mix0790,52,4,0,-28,-6,5.40
fold2_room1_mix0790,53,4,0,-28,-7,5.30
fold2_room1_mix0790,54,4,0,-31,-6,5.29
fold2_room1_mix0790,55,4,0,-33,-7,4.91
fold2_room1_mix0790,56,4,0,-34,-8,4.68
fold2_room1_mix0790,57,4,0,-36,-9,4.60
fold2_room1_mix0790,58,4,0,-38,-9,4.44
fold2_room1_mix0790,59,4,0,-36,-9,4.28
fold2_room1_mix0790,60,4,0,-45,-11,3.91
fold2_room1_mix0790,61,4,0,-46,-11,3.71
fold2_room1_mix0790,62,4,0,-49,-11,3.52
fold2_room1_mix0790,63,4,0,-53,-12,3.58
fold2_room1_mix0790,64,4,0,-60,-12,3.38
fold2_room1_mix0790,65,4,0,-63,-12,3.52
fold2_room1_mix0790,66,4,0,-69,-12,3.48
fold2_room1_mix0790,67,4,0,-76,-12,3.48
fold2_room1_mix0790,68,4,0,-81,-13,3.25
fold2_room1_mix0790,69,4,0,-85,-13,3.37
fold2_room1_mix0790,70,4,0,-90,-14,3.28
fold2_room1_mix0790,71,4,0,-96,-13,3.61
fold2_room1_mix0790,72,4,0,-101,-14,3.36
fold2_room1_mix0790,73,4,0,-105,-13,3.48
fold2_room1_mix0790,74,4,0,-111,-12,3.65
fold2_room1_mix0790,75,4,0,-118,-11,3.62
fold2_room1_mix0790,76,4,0,-122,-12,3.63
fold2_room1_mix0790,77,4,0,-126,-11,3.81
fold2_room1_mix0790,78,4,0,-130,-11,3.70
fold2_room1_mix0790,79,4,0,-133,-10,4.18
fold2_room1_mix0790,80,4,0,-134,-10,4.00
fold2_room1_mix0790,81,4,0,-136,-10,4.41
fold2_room1_mix0790,82,4,0,-139,-9,4.60
fold2_room1_mix0790,83,4,0,-143,-8,5.10
fold2_room1_mix0790,84,4,0,-144,-8,4.95
fold2_room1_mix0790,85,4,0,-145,-7,5.42
fold2_room1_mix0790,86,4,0,-146,-7,5.50
fold2_room1_mix0790,87,4,0,-147,-7,5.74
fold2_room1_mix0790,88,4,0,-150,-7,5.74
fold2_room1_mix0790,89,4,0,-150,-6,5.95
fold2_room1_mix0790,90,4,0,-151,-7,5.96
fold2_room1_mix0790,91,4,0,-152,-6,6.41
fold2_room1_mix0790,92,4,0,-152,-6,6.60
fold2_room1_mix0790,93,4,0,-151,-6,6.67
fold2_room1_mix0790,94,4,0,-154,-5,6.86
fold2_room1_mix0790,95,4,0,-155,-5,7.38
fold2_room1_mix0790,96,4,0,-155,-5,7.59
fold2_room1_mix0790,97,4,0,-155,-4,8.18
fold2_room1_mix0790,98,4,0,-157,-5,8.12
fold2_room1_mix0790,99,4,0,-159,-4,8.42
fold2_room1_mix0791,2,4,0,-177,2,3.58
fold2_room1_mix0791,2,4,0,-12,0,2.63
fold2_room1_mix0791,3,4,0,-15,0,8.02
fold2_room1_mix0791,5,0,0,-1,-1,10.15
fold2_room1_mix0791,5,4,0,-14,-1,13.38
fold2_room1_mix0791,6,0,0,1,-1,25.63
fold2_room1_mix0791,6,4,0,-164,-1,18.45
fold2_room1_mix0791,6,4,0,-17,-1,16.92
fold2_room1_mix0791,7,0,0,4,-1,11.05
fold2_room1_mix0791,7,4,0,-177,-1,30.24
fold2_room1_mix0791,7,4,0,-19,-2,26.41
fold2_room1_mix0791,8,0,0,4,0,37.56
fold2_room1_mix0791,8,4,0,-164,-1,31.19
fold2_room1_mix0791,8,4,0,-17,-2,22.85
fold2_room1_mix0791,9,0,0,4,0,72.07
fold2_room1_mix0791,9,4,0,-18,-3,24.30
fold2_room1_mix0791,10,0,0,2,0,60.16
fold2_room1_mix0791,10,4,0,-168,-2,30.19
fold2_room1_mix0791,10,4,0,-19,-3,23.73
fold2_room1_mix0791,11,0,0,0,0,72.85
fold2_room1_mix0791,11,4,0,-13,-2,25.72
fold2_room1_mix0791,12,0,0,1,0,73.82
fold2_room1_mix0791,12,4,0,-11,-2,25.60
fold2_room1_mix0791,13,0,0,0,0,73.40
fold2_room1_mix0791,13,4,0,-15,-3,24.58
fold2_room1_mix0791,14,0,0,3,0,73.63
fold2_room1_mix0791,14,4,0,-10,-1,20.58
fold2_room1_mix0791,15,0,0,6,0,67.77
fold2_room1_mix0791,15,4,0,-6,-2,20.88
fold2_room1_mix0791,16,0,0,1,0,63.57
fold2_room1_mix0791,16,4,0,-174,-3,22.16
fold2_room1_mix0791,16,4,0,-6,-2,20.18
fold2_room1_mix0791,17,0,0,3,0,68.17
fold2_room1_mix0791,17,4,0,-9,-2,20.39
fold2_room1_mix0791,18,0,0,3,0,63.34
fold2_room1_mix0791,18,4,0,-178,-1,29.54
fold2_room1_mix0791,18,4,0,-9,-3,18.47
fold2_room1_mix0791,19,0,0,3,0,53.16
fold2_room1_mix0791,19,4,0,-173,-3,24.73
fold2_room1_mix0791,19,4,0,-9,-3,20.71
fold2_room1_mix0791,20,0,0,5,0,63.25
fold2_room1_mix0791,20,4,0,-173,-1,27.90
fold2_room1_mix0791,20,4,0,-15,-4,17.86
fold2_room1_mix0791,21,0,0,2,-1,48.30
fold2_room1_mix0791,21,4,0,-16,-4,16.46
fold2_room1_mix0791,22,0,0,4,-1,48.58
fold2_room1_mix0791,22,4,0,-168,-2,26.41
fold2_room1_mix0791,22,4,0,-17,-4,17.51
fold2_room1_mix0791,23,0,0,5,-1,47.16
fold2_room1_mix0791,23,4,0,-169,-3,29.46
fold2_room1_mix0791,23,4,0,-17,-4,20.28
fold2_room1_mix0791,24,0,0,2,-1,47.54
fold2_room1_mix0791,24,4,0,-18,-3,19.72
fold2_room1_mix0791,25,0,0,3,-1,47.50
fold2_room1_mix0791,25,4,0,-25,-3,22.13
fold2_room1_mix0791,26,0,0,3,-1,47.58
fold2_room1_mix0791,26,4,0,-166,-1,33.02
fold2_room1_mix0791,26,4,0,-22,-3,20.93
fold2_room1_mix0791,27,0,0,6,-1,46.97
fold2_room1_mix0791,27,4,0,-22,-3,19.98
fold2_room1_mix0791,28,0,0,7,-1,38.28
fold2_room1_mix0791,28,4,0,-174,-1,29.61
fold2_room1_mix0791,28,4,0,-23,-4,17.24
fold2_room1_mix0791,29,0,0,7,-1,36.60
fold2_room1_mix0791,29,4,0,-171,-1,25.33
fold2_room1_mix0791,29,4,0,-24,-5,14.10
fold2_room1_mix0791,30,0,0,3,-1,37.00
fold2_room1_mix0791,30,4,0,-176,-1,27.63
fold2_room1_mix0791,30,4,0,-21,-4,15.83
fold2_room1_mix0791,31,0,0,6,-1,27.49
fold2_room1_mix0791,31,4,0,-174,-1,27.17
fold2_room1_mix0791,31,4,0,-17,-5,14.98
fold2_room1_mix0791,32,0,0,4,-1,29.40
fold2_room1_mix0791,32,4,0,174,-1,25.55
fold2_room1_mix0791,32,4,0,-21,-4,14.02
fold2_room1_mix0791,33,0,0,8,-1,27.09
fold2_room1_mix0791,33,4,0,-178,-1,26.32
fold2_room1_mix0791,33,4,0,-16,-5,13.21
fold2_room1_mix0791,34,0,0,12,-2,20.58
fold2_room1_mix0791,34,4,0,175,-1,24.48
fold2_room1_mix0791,34,4,0,-21,-5,12.38
fold2_room1_mix0791,35,0,0,15,-2,16.03
fold2_room1_mix0791,35,4,0,-178,0,27.87
fold2_room1_mix0791,35,4,0,-21,-5,12.63
fold2_room1_mix0791,36,0,0,21,-2,12.66
fold2_room1_mix0791,36,4,0,-178,-1,27.48
fold2_room1_mix0791,36,4,0,-24,-5,13.86
fold2_room1_mix0791,37,0,0,30,-3,8.81
fold2_room1_mix0791,37,4,0,-174,0,29.39
fold2_room1_mix0791,37,4,0,-25,-5,13.48
fold2_room1_mix0791,38,0,0,37,-3,5.98
fold2_room1_mix0791,38,4,0,-169,-2,25.24
fold2_room1_mix0791,38,4,0,-24,-7,10.17
fold2_room1_mix0791,39,0,0,36,-3,6.22
fold2_room1_mix0791,39,4,0,-174,-2,25.64
fold2_room1_mix0791,39,4,0,-38,-11,9.37
fold2_room1_mix0791,40,0,0,57,-4,4.80
fold2_room1_mix0791,40,4,0,-148,-3,23.08
fold2_room1_mix0791,40,4,0,-52,-9,9.84
fold2_room1_mix0791,41,0,0,82,-5,5.05
fold2_room1_mix0791,41,4,0,-132,-3,20.64
fold2_room1_mix0791,41,4,0,-59,-5,12.71
fold2_room1_mix0791,42,0,0,105,-5,5.23
fold2_room1_mix0791,42,4,0,-160,-2,24.48
fold2_room1_mix0791,42,4,0,-61,-8,8.87
fold2_room1_mix0791,43,0,0,108,-5,5.33
fold2_room1_mix0791,43,4,0,-175,-5,19.08
fold2_room1_mix0791,43,4,0,-61,-9,8.46
fold2_room1_mix0791,44,0,0,126,-4,6.55
fold2_room1_mix0791,44,4,0,-177,-4,17.85
fold2_room1_mix0791,44,4,0,-64,-7,9.16
fold2_room1_mix0791,45,0,0,136,-4,7.01
fold2_room1_mix0791,45,4,0,177,-4,18.82
fold2_room1_mix0791,45,4,0,-75,-6,9.67
fold2_room1_mix0791,45,4,0,-55,-5,10.73
fold2_room1_mix0791,46,0,0,142,-3,8.16
fold2_room1_mix0791,46,4,0,176,-5,14.99
fold2_room1_mix0791,46,4,0,-70,-7,9.21
fold2_room1_mix0791,47,0,0,145,-3,7.01
fold2_room1_mix0791,47,4,0,176,-5,16.05
fold2_room1_mix0791,47,4,0,-67,-6,9.42
fold2_room1_mix0791,48,0,0,145,-4,6.43
fold2_room1_mix0791,48,4,0,168,-5,13.70
fold2_room1_mix0791,48,4,0,-95,-6,9.92
fold2_room1_mix0791,48,4,0,-68,-5,11.20
fold2_room1_mix0791,49,0,0,158,-3,8.64
fold2_room1_mix0791,49,4,0,172,-6,15.45
fold2_room1_mix0791,49,4,0,-95,-8,10.53
fold2_room1_mix0791,49,4,0,-64,-5,11.34
fold2_room1_mix0791,50,0,0,157,-4,8.06
fold2_room1_mix0791,50,4,0,173,-5,15.11
fold2_room1_mix0791,50,4,0,-112,-7,11.37
fold2_room1_mix0791,50,4,0,-69,-5,11.38
fold2_room1_mix0791,51,0,0,167,-4,8.71
fold2_room1_mix0791,51,4,0,172,-5,14.66
fold2_room1_mix0791,51,4,0,-158,-6,12.60
fold2_room1_mix0791,51,4,0,-62,-5,10.81
fold2_room1_mix0791,52,0,0,-178,-3,8.07
fold2_room1_mix0791,52,4,0,169,-6,13.25
fold2_room1_mix0791,52,4,0,-172,-4,13.76
fold2_room1_mix0791,52,4,0,-70,-5,11.90
fold2_room1_mix0791,53,0,0,176,-3,9.77
fold2_room1_mix0791,53,4,0,171,-4,13.77
fold2_room1_mix0791,53,4,0,-67,-4,11.49
fold2_room1_mix0791,54,0,0,-179,-2,11.51
fold2_room1_mix0791,54,4,0,174,-5,12.71
fold2_room1_mix0791,54,4,0,-74,-5,10.15
fold2_room1_mix0791,55,0,0,-175,-3,11.64
fold2_room1_mix0791,55,4,0,172,-4,13.74
fold2_room1_mix0791,55,4,0,-77,-5,9.06
fold2_room1_mix0791,56,0,0,-169,-2,12.98
fold2_room1_mix0791,56,4,0,174,-4,12.30
fold2_room1_mix0791,56,4,0,-91,-7,7.82
fold2_room1_mix0791,57,0,0,-167,-2,13.30
fold2_room1_mix0791,57,4,0,171,-3,12.90
fold2_room1_mix0791,57,4,0,-79,-5,8.34
fold2_room1_mix0791,58,0,0,-173,-2,9.78
fold2_room1_mix0791,58,4,0,179,-3,14.07
fold2_room1_mix0791,58,4,0,-93,-5,9.02
fold2_room1_mix0791,59,0,0,-179,-2,7.95
fold2_room1_mix0791,59,4,0,-177,-3,15.09
fold2_room1_mix0791,59,4,0,-91,-5,8.40
fold2_room1_mix0791,60,4,0,-175,-2,13.63
fold2_room1_mix0791,60,4,0,-99,-6,7.52
fold2_room1_mix0791,61,4,0,-175,-3,13.67
fold2_room1_mix0791,61,4,0,-104,-5,8.39
fold2_room1_mix0791,62,4,0,-172,-3,12.61
fold2_room1_mix0791,62,4,0,-118,-5,7.88
fold2_room1_mix0791,63,4,0,-172,-4,10.83
fold2_room1_mix0791,63,4,0,-111,-4,9.33
fold2_room1_mix0791,64,0,0,-171,-2,8.14
fold2_room1_mix0791,64,4,0,-173,-4,9.35
fold2_room1_mix0791,64,4,0,-126,-4,8.57
fold2_room1_mix0791,65,4,0,-172,-4,9.63
fold2_room1_mix0791,65,4,0,-126,-4,8.48
fold2_room1_mix0791,66,4,0,-171,-5,7.90
fold2_room1_mix0791,66,4,0,-128,-4,8.54
fold2_room1_mix0791,67,4,0,-168,-6,6.69
fold2_room1_mix0791,67,4,0,-138,-3,8.71
fold2_room1_mix0791,68,4,0,-166,-9,4.79
fold2_room1_mix0791,68,4,0,-135,-3,8.96
fold2_room1_mix0791,69,4,0,-162,-10,4.61
fold2_room1_mix0791,69,4,0,-140,-4,7.58
fold2_room1_mix0791,70,4,0,-149,-8,5.34
fold2_room1_mix0791,70,4,0,-137,-19,1.81
fold2_room1_mix0791,70,4,0,-121,-15,3.31
fold2_room1_mix0791,71,4,0,-140,-3,8.42
fold2_room1_mix0791,71,4,0,-50,-17,1.93
fold2_room1_mix0791,72,4,0,-143,0,10.37
fold2_room1_mix0791,72,4,0,-27,-10,2.12
fold2_room1_mix0791,73,0,0,2,-1,5.01
fold2_room1_mix0791,73,4,0,-141,-1,8.64
fold2_room1_mix0791,73,4,0,-21,-7,3.14
fold2_room1_mix0791,74,0,0,3,-1,20.84
fold2_room1_mix0791,74,4,0,-140,-2,9.33
fold2_room1_mix0791,74,4,0,-17,-6,3.91
fold2_room1_mix0791,75,0,0,3,0,9.89
fold2_room1_mix0791,75,4,0,-145,-2,10.20
fold2_room1_mix0791,75,4,0,-17,-6,4.51
fold2_room1_mix0791,76,0,0,3,0,5.02
fold2_room1_mix0791,76,4,0,-149,-1,11.79
fold2_room1_mix0791,76,4,0,-14,-4,6.00
fold2_room1_mix0791,77,0,0,3,0,7.08
fold2_room1_mix0791,77,4,0,-149,0,11.69
fold2_room1_mix0791,77,4,0,-11,-3,6.82
fold2_room1_mix0791,78,0,0,2,0,11.82
fold2_room1_mix0791,78,4,0,-150,-1,12.50
fold2_room1_mix0791,78,4,0,-11,-3,7.58
fold2_room1_mix0791,79,0,0,3,0,6.01
fold2_room1_mix0791,79,4,0,-151,-1,12.14
fold2_room1_mix0791,79,4,0,-11,-3,8.44
fold2_room1_mix0791,80,0,0,2,0,5.48
fold2_room1_mix0791,80,4,0,-152,-2,11.74
fold2_room1_mix0791,80,4,0,-10,-3,9.38
fold2_room1_mix0791,81,0,0,3,0,4.96
fold2_room1_mix0791,81,4,0,-149,-2,12.38
fold2_room1_mix0791,81,4,0,-9,-3,10.21
fold2_room1_mix0791,82,0,0,2,0,3.46
fold2_room1_mix0791,82,4,0,-153,-2,12.94
fold2_room1_mix0791,82,4,0,-10,-2,11.53
fold2_room1_mix0791,83,0,0,3,0,2.09
fold2_room1_mix0791,83,4,0,-155,-2,12.15
fold2_room1_mix0791,83,4,0,-9,-2,11.40
fold2_room1_mix0791,84,0,0,2,0,2.52
fold2_room1_mix0791,84,4,0,-154,-2,12.25
fold2_room1_mix0791,84,4,0,-8,-2,12.08
fold2_room1_mix0791,85,4,0,-155,-2,14.45
fold2_room1_mix0791,85,4,0,-7,-2,13.50
fold2_room1_mix0791,86,0,0,1,0,4.13
fold2_room1_mix0791,86,4,0,-153,-2,13.34
fold2_room1_mix0791,86,4,0,-7,-2,13.79
fold2_room1_mix0791,87,0,0,2,0,3.06
fold2_room1_mix0791,87,4,0,-153,-1,15.72
fold2_room1_mix0791,87,4,0,-7,-2,14.87
fold2_room1_mix0791,88,0,0,2,0,7.47
fold2_room1_mix0791,88,4,0,-153,-2,14.91
fold2_room1_mix0791,88,4,0,-7,-2,16.39
fold2_room1_mix0791,89,0,0,2,0,4.17
fold2_room1_mix0791,89,4,0,-152,-1,15.98
fold2_room1_mix0791,89,4,0,-6,-1,17.30
fold2_room1_mix0791,90,0,0,2,0,6.42
fold2_room1_mix0791,90,4,0,-154,-2,15.09
fold2_room1_mix0791,90,4,0,-6,-1,17.59
fold2_room1_mix0791,91,0,0,2,0,3.71
fold2_room1_mix0791,91,4,0,-155,-1,16.88
fold2_room1_mix0791,91,4,0,-6,-1,17.71
fold2_room1_mix0791,92,4,0,-155,-2,17.24
fold2_room1_mix0791,92,4,0,-5,-1,19.63
fold2_room1_mix0791,93,0,0,2,0,5.26
fold2_room1_mix0791,93,4,0,-155,-1,17.00
fold2_room1_mix0791,93,4,0,-7,-1,20.93
fold2_room1_mix0791,94,0,0,2,0,4.54
fold2_room1_mix0791,94,4,0,-158,-1,19.26
fold2_room1_mix0791,94,4,0,-6,-1,22.36
fold2_room1_mix0791,95,4,0,-156,-1,18.34
fold2_room1_mix0791,95,4,0,-6,-1,20.98
fold2_room1_mix0791,96,0,0,2,0,3.91
fold2_room1_mix0791,96,4,0,-159,-2,19.47
fold2_room1_mix0791,96,4,0,-6,-1,24.41
fold2_room1_mix0791,97,0,0,3,0,2.31
fold2_room1_mix0791,97,4,0,-155,-1,20.40
fold2_room1_mix0791,97,4,0,-5,0,25.23
fold2_room1_mix0791,98,4,0,-159,-2,20.75
fold2_room1_mix0791,98,4,0,-3,0,28.33
fold2_room1_mix0791,99,0,0,3,0,2.92
fold2_room1_mix0791,99,4,0,-158,-3,17.22
fold2_room1_mix0791,99,4,0,-3,0,29.60
fold2_room1_mix0791,4,4,0,-16,-1,11.62
fold2_room1_mix0792,0,5,0,-91,3,5.61
fold2_room1_mix0792,2,5,0,-96,4,8.24
fold2_room1_mix0792,3,5,0,-87,5,7.64
fold2_room1_mix0792,6,5,0,-93,4,13.35
fold2_room1_mix0792,7,5,0,-91,4,10.04
fold2_room1_mix0792,8,5,0,-97,4,10.54
fold2_room1_mix0792,9,5,0,-77,4,13.41
fold2_room1_mix0792,10,5,0,-88,3,13.21
fold2_room1_mix0792,11,5,0,-86,5,10.62
fold2_room1_mix0792,12,5,0,-91,4,11.54
fold2_room1_mix0792,13,5,0,-83,3,9.27
fold2_room1_mix0792,14,5,0,-93,4,11.62
fold2_room1_mix0792,15,5,0,-80,4,11.91
fold2_room1_mix0792,16,5,0,-86,4,11.06
fold2_room1_mix0792,17,5,0,-81,4,12.34
fold2_room1_mix0792,18,5,0,-87,4,13.73
fold2_room1_mix0792,19,5,0,-89,4,9.33
fold2_room1_mix0792,20,5,0,-89,4,11.96
fold2_room1_mix0792,21,5,0,-81,4,12.08
fold2_room1_mix0792,22,5,0,-93,4,5.55
fold2_room1_mix0792,23,5,0,-84,4,11.25
fold2_room1_mix0792,24,5,0,-89,4,10.86
fold2_room1_mix0792,25,5,0,-76,4,11.93
fold2_room1_mix0792,26,5,0,-83,4,12.03
fold2_room1_mix0792,27,5,0,-78,5,10.55
fold2_room1_mix0792,28,5,0,-79,4,10.60
fold2_room1_mix0792,29,5,0,-81,4,11.90
fold2_room1_mix0792,30,5,0,-79,4,12.44
fold2_room1_mix0792,31,5,0,-83,4,11.12
fold2_room1_mix0792,32,5,0,-83,4,12.25
fold2_room1_mix0792,33,5,0,-74,3,12.50
fold2_room1_mix0792,34,5,0,-77,4,11.98
fold2_room1_mix0792,35,5,0,-79,4,11.77
fold2_room1_mix0792,36,5,0,-73,4,12.24
fold2_room1_mix0792,37,5,0,-73,4,12.04
fold2_room1_mix0792,38,5,0,-74,4,12.06
fold2_room1_mix0792,39,5,0,-70,4,11.99
fold2_room1_mix0792,40,4,0,173,-1,2.32
fold2_room1_mix0792,40,5,0,-76,4,11.27
fold2_room1_mix0792,41,4,0,172,-1,5.65
fold2_room1_mix0792,41,5,0,-69,4,12.59
fold2_room1_mix0792,42,4,0,175,0,12.26
fold2_room1_mix0792,42,5,0,-69,5,11.57
fold2_room1_mix0792,43,4,0,176,-1,12.53
fold2_room1_mix0792,43,5,0,-70,5,11.95
fold2_room1_mix0792,44,4,0,175,-1,15.76
fold2_room1_mix0792,44,5,0,-72,5,11.25
fold2_room1_mix0792,45,4,0,174,-1,15.90
fold2_room1_mix0792,45,5,0,-61,5,12.24
fold2_room1_mix0792,46,4,0,174,-1,15.78
fold2_room1_mix0792,46,5,0,-60,4,11.81
fold2_room1_mix0792,47,4,0,174,-2,14.78
fold2_room1_mix0792,47,5,0,-65,5,11.35
fold2_room1_mix0792,48,4,0,177,-2,13.99
fold2_room1_mix0792,48,5,0,-64,5,11.91
fold2_room1_mix0792,49,4,0,174,-2,13.81
fold2_room1_mix0792,49,5,0,-61,4,12.51
fold2_room1_mix0792,50,4,0,175,-2,13.18
fold2_room1_mix0792,50,5,0,-63,4,12.52
fold2_room1_mix0792,51,4,0,173,-2,11.84
fold2_room1_mix0792,51,5,0,-62,4,12.59
fold2_room1_mix0792,52,4,0,172,-2,11.73
fold2_room1_mix0792,52,5,0,-62,4,12.24
fold2_room1_mix0792,53,4,0,172,-2,11.25
fold2_room1_mix0792,53,5,0,-64,4,13.31
fold2_room1_mix0792,54,4,0,173,-2,9.97
fold2_room1_mix0792,54,5,0,-66,5,12.80
fold2_room1_mix0792,55,4,0,172,-2,10.11
fold2_room1_mix0792,55,5,0,-62,4,12.67
fold2_room1_mix0792,56,4,0,172,-3,8.92
fold2_room1_mix0792,56,5,0,-64,4,12.67
fold2_room1_mix0792,57,4,0,169,-3,7.87
fold2_room1_mix0792,57,5,0,-62,4,13.51
fold2_room1_mix0792,58,4,0,169,-4,6.89
fold2_room1_mix0792,58,5,0,-58,4,13.87
fold2_room1_mix0792,59,4,0,168,-4,5.67
fold2_room1_mix0792,59,5,0,-61,5,12.12
fold2_room1_mix0792,60,4,0,167,-5,4.89
fold2_room1_mix0792,60,5,0,-65,4,12.32
fold2_room1_mix0792,61,4,0,166,-6,4.10
fold2_room1_mix0792,61,5,0,-67,4,14.23
fold2_room1_mix0792,62,4,0,161,-8,3.45
fold2_room1_mix0792,62,5,0,-63,4,13.34
fold2_room1_mix0792,63,4,0,154,-11,2.70
fold2_room1_mix0792,63,5,0,-58,4,12.65
fold2_room1_mix0792,64,4,0,140,-14,2.14
fold2_room1_mix0792,64,5,0,-58,4,14.58
fold2_room1_mix0792,65,4,0,100,-20,1.53
fold2_room1_mix0792,65,5,0,-61,4,13.49
fold2_room1_mix0792,66,4,0,58,-15,1.44
fold2_room1_mix0792,66,5,0,-60,4,14.45
fold2_room1_mix0792,67,4,0,34,-9,1.82
fold2_room1_mix0792,67,5,0,-55,4,12.45
fold2_room1_mix0792,68,4,0,25,-7,2.35
fold2_room1_mix0792,68,5,0,-55,4,12.47
fold2_room1_mix0792,69,4,0,19,-5,3.33
fold2_room1_mix0792,69,5,0,-59,4,14.13
fold2_room1_mix0792,70,4,0,17,-5,3.52
fold2_room1_mix0792,70,5,0,-59,4,12.95
fold2_room1_mix0792,71,4,0,13,-4,4.50
fold2_room1_mix0792,71,5,0,-58,4,12.73
fold2_room1_mix0792,72,4,0,10,-3,5.08
fold2_room1_mix0792,72,5,0,-59,4,13.95
fold2_room1_mix0792,73,4,0,8,-3,6.01
fold2_room1_mix0792,73,5,0,-59,3,13.72
fold2_room1_mix0792,74,4,0,9,-3,7.06
fold2_room1_mix0792,74,5,0,-55,3,14.20
fold2_room1_mix0792,75,4,0,8,-2,8.07
fold2_room1_mix0792,75,5,0,-53,4,12.48
fold2_room1_mix0792,76,4,0,8,-2,8.75
fold2_room1_mix0792,76,5,0,-54,4,13.41
fold2_room1_mix0792,77,4,0,7,-2,9.71
fold2_room1_mix0792,77,5,0,-54,3,14.76
fold2_room1_mix0792,78,4,0,8,-2,10.44
fold2_room1_mix0792,78,5,0,-50,3,13.80
fold2_room1_mix0792,79,4,0,7,-1,11.23
fold2_room1_mix0792,79,5,0,-50,3,14.33
fold2_room1_mix0792,80,4,0,6,-1,11.75
fold2_room1_mix0792,80,5,0,-51,3,14.25
fold2_room1_mix0792,81,4,0,7,-1,12.51
fold2_room1_mix0792,81,5,0,-54,3,15.06
fold2_room1_mix0792,82,4,0,6,-1,12.40
fold2_room1_mix0792,82,5,0,-47,3,16.47
fold2_room1_mix0792,83,4,0,7,-1,12.98
fold2_room1_mix0792,83,5,0,-50,3,14.67
fold2_room1_mix0792,84,4,0,5,-1,13.25
fold2_room1_mix0792,84,5,0,-52,3,14.16
fold2_room1_mix0792,85,4,0,5,-1,14.63
fold2_room1_mix0792,85,5,0,-48,3,15.19
fold2_room1_mix0792,86,4,0,6,-1,14.30
fold2_room1_mix0792,86,5,0,-44,3,15.27
fold2_room1_mix0792,87,4,0,5,-1,13.75
fold2_room1_mix0792,87,5,0,-44,3,15.12
fold2_room1_mix0792,88,4,0,4,0,6.15
fold2_room1_mix0792,88,5,0,-43,3,15.58
fold2_room1_mix0792,89,4,0,6,0,5.70
fold2_room1_mix0792,89,5,0,-45,3,15.54
fold2_room1_mix0792,90,5,0,-44,3,16.12
fold2_room1_mix0792,91,5,0,-43,3,14.64
fold2_room1_mix0792,92,5,0,-39,3,14.88
fold2_room1_mix0792,93,5,0,-43,3,14.95
fold2_room1_mix0792,94,5,0,-41,3,14.74
fold2_room1_mix0792,95,5,0,-34,3,15.90
fold2_room1_mix0792,96,5,0,-40,3,14.86
fold2_room1_mix0792,97,5,0,-42,3,14.80
fold2_room1_mix0792,98,5,0,-42,2,16.46
fold2_room1_mix0792,99,5,0,-40,3,14.84
fold2_room1_mix0793,11,0,0,176,-1,1.79
fold2_room1_mix0793,12,0,0,175,-1,3.18
fold2_room1_mix0793,13,0,0,171,-1,9.80
fold2_room1_mix0793,14,0,0,168,-2,9.81
fold2_room1_mix0793,15,0,0,169,-1,18.59
fold2_room1_mix0793,16,0,0,167,-1,19.23
fold2_room1_mix0793,17,0,0,163,-1,19.01
fold2_room1_mix0793,18,0,0,161,-1,19.29
fold2_room1_mix0793,19,0,0,158,-1,18.00
fold2_room1_mix0793,20,0,0,156,-1,17.62
fold2_room1_mix0793,21,0,0,157,-1,22.50
fold2_room1_mix0793,22,0,0,153,-1,20.17
fold2_room1_mix0793,22,2,0,94,-4,8.68
fold2_room1_mix0793,23,0,0,157,-1,21.02
fold2_room1_mix0793,23,2,0,98,-4,9.29
fold2_room1_mix0793,24,0,0,160,-1,19.35
fold2_room1_mix0793,24,2,0,90,-3,9.43
fold2_room1_mix0793,25,0,0,154,-1,19.24
fold2_room1_mix0793,25,2,0,86,-4,5.71
fold2_room1_mix0793,26,0,0,155,-1,21.71
fold2_room1_mix0793,27,0,0,155,-1,18.14
fold2_room1_mix0793,28,0,0,145,-1,16.64
fold2_room1_mix0793,29,0,0,144,-1,19.51
fold2_room1_mix0793,29,2,0,94,-5,4.29
fold2_room1_mix0793,30,0,0,140,-1,14.21
fold2_room1_mix0793,30,2,0,94,-3,10.57
fold2_room1_mix0793,31,0,0,142,-1,17.10
fold2_room1_mix0793,31,2,0,87,-3,10.97
fold2_room1_mix0793,32,0,0,141,-1,15.88
fold2_room1_mix0793,32,2,0,101,-4,9.26
fold2_room1_mix0793,33,0,0,139,-1,14.30
fold2_room1_mix0793,33,2,0,88,-3,11.13
fold2_room1_mix0793,34,0,0,137,-2,13.56
fold2_room1_mix0793,34,2,0,92,-3,11.72
fold2_room1_mix0793,35,0,0,133,-2,13.43
fold2_room1_mix0793,35,2,0,94,-5,7.23
fold2_room1_mix0793,36,0,0,125,-2,13.38
fold2_room1_mix0793,37,0,0,116,-2,13.42
fold2_room1_mix0793,38,0,0,112,-2,12.80
fold2_room1_mix0793,39,0,0,107,-2,11.24
fold2_room1_mix0793,40,0,0,101,-3,12.23
fold2_room1_mix0793,41,0,0,99,-3,12.21
fold2_room1_mix0793,42,0,0,98,-3,13.71
fold2_room1_mix0793,42,2,0,84,-5,3.81
fold2_room1_mix0793,43,0,0,90,-3,14.40
fold2_room1_mix0793,44,0,0,85,-3,15.03
fold2_room1_mix0793,45,0,0,78,-2,16.47
fold2_room1_mix0793,46,0,0,72,-2,17.19
fold2_room1_mix0793,47,0,0,69,-2,17.47
fold2_room1_mix0793,48,0,0,61,-2,19.83
fold2_room1_mix0793,49,0,0,54,-2,20.91
fold2_room1_mix0793,49,4,0,2,-1,11.35
fold2_room1_mix0793,50,0,0,50,-2,21.47
fold2_room1_mix0793,51,0,0,48,-2,20.85
fold2_room1_mix0793,52,0,0,36,-1,22.62
fold2_room1_mix0793,52,2,0,81,-4,13.43
fold2_room1_mix0793,52,4,0,5,-1,11.99
fold2_room1_mix0793,53,0,0,39,-1,22.82
fold2_room1_mix0793,53,2,0,81,-4,15.08
fold2_room1_mix0793,54,0,0,35,-1,23.93
fold2_room1_mix0793,54,2,0,94,-5,11.12
fold2_room1_mix0793,54,4,0,-2,0,7.07
fold2_room1_mix0793,55,0,0,36,-1,24.14
fold2_room1_mix0793,55,2,0,76,-5,11.13
fold2_room1_mix0793,56,0,0,35,-1,25.68
fold2_room1_mix0793,56,2,0,74,-5,6.66
fold2_room1_mix0793,56,4,0,0,-1,10.62
fold2_room1_mix0793,57,0,0,33,-1,26.88
fold2_room1_mix0793,57,4,0,4,-1,17.39
fold2_room1_mix0793,58,0,0,30,-1,23.81
fold2_room1_mix0793,58,4,0,2,0,17.75
fold2_room1_mix0793,59,0,0,30,-1,26.65
fold2_room1_mix0793,59,4,0,3,-1,19.10
fold2_room1_mix0793,60,0,0,29,-1,26.63
fold2_room1_mix0793,60,2,0,81,-5,4.29
fold2_room1_mix0793,60,4,0,4,-1,17.33
fold2_room1_mix0793,61,0,0,26,-1,27.81
fold2_room1_mix0793,61,2,0,82,-4,7.99
fold2_room1_mix0793,61,4,0,2,-2,16.07
fold2_room1_mix0793,62,0,0,25,-1,27.44
fold2_room1_mix0793,62,2,0,84,-4,8.48
fold2_room1_mix0793,62,4,0,2,-2,16.29
fold2_room1_mix0793,63,0,0,25,-1,27.16
fold2_room1_mix0793,63,2,0,86,-4,8.07
fold2_room1_mix0793,63,4,0,2,-2,17.20
fold2_room1_mix0793,64,0,0,23,-1,25.63
fold2_room1_mix0793,64,4,0,3,-2,16.77
fold2_room1_mix0793,65,0,0,21,-1,28.79
fold2_room1_mix0793,65,4,0,2,-2,14.84
fold2_room1_mix0793,66,0,0,20,-1,5.81
fold2_room1_mix0793,66,4,0,6,-2,14.43
fold2_room1_mix0793,67,0,0,20,-1,6.72
fold2_room1_mix0793,67,4,0,4,-2,13.60
fold2_room1_mix0793,68,4,0,3,-3,11.34
fold2_room1_mix0793,69,4,0,4,-2,11.83
fold2_room1_mix0793,70,4,0,3,-3,10.90
fold2_room1_mix0793,71,4,0,2,-3,10.38
fold2_room1_mix0793,72,4,0,4,-3,9.32
fold2_room1_mix0793,73,4,0,7,-3,8.51
fold2_room1_mix0793,74,4,0,4,-4,7.40
fold2_room1_mix0793,75,4,0,6,-4,6.77
fold2_room1_mix0793,76,4,0,5,-5,5.86
fold2_room1_mix0793,77,4,0,8,-7,4.45
fold2_room1_mix0793,78,4,0,8,-7,4.31
fold2_room1_mix0793,79,4,0,8,-9,3.15
fold2_room1_mix0793,80,4,0,11,-11,2.62
fold2_room1_mix0793,81,4,0,20,-15,1.76
fold2_room1_mix0793,82,4,0,35,-25,0.94
fold2_room1_mix0793,83,4,0,82,-44,0.47
fold2_room1_mix0793,84,4,0,147,-24,0.77
fold2_room1_mix0793,85,4,0,160,-14,1.36
fold2_room1_mix0793,86,4,0,169,-10,2.32
fold2_room1_mix0793,87,4,0,169,-9,3.02
fold2_room1_mix0793,88,0,0,165,-1,7.48
fold2_room1_mix0793,88,4,0,171,-6,3.64
fold2_room1_mix0793,89,4,0,175,-5,4.50
fold2_room1_mix0793,90,4,0,176,-4,5.23
fold2_room1_mix0793,91,4,0,176,-3,6.02
fold2_room1_mix0793,92,4,0,177,-3,6.23
fold2_room1_mix0793,93,4,0,177,-3,7.23
fold2_room1_mix0793,94,4,0,177,-2,8.37
fold2_room1_mix0793,95,4,0,177,-2,9.33
fold2_room1_mix0793,96,4,0,177,-2,9.96
fold2_room1_mix0793,97,4,0,178,-1,11.47
fold2_room1_mix0793,98,4,0,178,-1,11.50
fold2_room1_mix0793,99,4,0,178,-1,12.41
fold2_room1_mix0794,1,4,0,-173,0,1.66
fold2_room1_mix0794,1,4,0,-4,0,1.48
fold2_room1_mix0794,2,4,0,-170,0,2.24
fold2_room1_mix0794,2,4,0,-8,0,2.13
fold2_room1_mix0794,3,4,0,-169,0,6.07
fold2_room1_mix0794,3,4,0,-7,0,5.60
fold2_room1_mix0794,4,4,0,-164,-1,14.10
fold2_room1_mix0794,4,4,0,-6,-1,13.27
fold2_room1_mix0794,5,4,0,-165,0,15.39
fold2_room1_mix0794,5,4,0,-4,-1,14.14
fold2_room1_mix0794,6,4,0,-164,0,18.27
fold2_room1_mix0794,6,4,0,-5,-1,17.10
fold2_room1_mix0794,7,4,0,-164,-1,25.16
fold2_room1_mix0794,7,4,0,-4,-2,25.27
fold2_room1_mix0794,8,4,0,-163,-1,24.71
fold2_room1_mix0794,8,4,0,-4,-2,23.76
fold2_room1_mix0794,9,4,0,-163,-1,24.56
fold2_room1_mix0794,9,4,0,-5,-2,24.63
fold2_room1_mix0794,10,4,0,-159,-1,23.50
fold2_room1_mix0794,10,4,0,-4,-1,22.94
fold2_room1_mix0794,11,4,0,-158,0,23.22
fold2_room1_mix0794,11,4,0,-4,-1,22.59
fold2_room1_mix0794,12,4,0,-157,-1,24.01
fold2_room1_mix0794,12,4,0,-4,-1,22.78
fold2_room1_mix0794,13,4,0,-156,0,21.36
fold2_room1_mix0794,13,4,0,-4,-1,20.97
fold2_room1_mix0794,14,4,0,-160,0,24.46
fold2_room1_mix0794,14,4,0,-5,-1,22.47
fold2_room1_mix0794,15,4,0,-159,-1,22.61
fold2_room1_mix0794,15,4,0,-5,-1,21.92
fold2_room1_mix0794,16,4,0,-158,0,22.87
fold2_room1_mix0794,16,4,0,-6,-1,20.46
fold2_room1_mix0794,17,4,0,-157,0,22.41
fold2_room1_mix0794,17,4,0,-6,-1,20.86
fold2_room1_mix0794,18,4,0,-156,0,22.97
fold2_room1_mix0794,18,4,0,-7,-1,20.24
fold2_room1_mix0794,19,4,0,-157,-1,21.52
fold2_room1_mix0794,19,4,0,-8,-1,19.17
fold2_room1_mix0794,20,4,0,-157,0,22.08
fold2_room1_mix0794,20,4,0,-9,-1,18.79
fold2_room1_mix0794,21,4,0,-154,-1,20.55
fold2_room1_mix0794,21,4,0,-8,-2,17.72
fold2_room1_mix0794,22,4,0,-155,-1,19.85
fold2_room1_mix0794,22,4,0,-9,-2,17.08
fold2_room1_mix0794,23,4,0,-159,-1,20.53
fold2_room1_mix0794,23,4,0,-10,-2,16.25
fold2_room1_mix0794,24,4,0,-156,-1,18.28
fold2_room1_mix0794,24,4,0,-8,-2,15.88
fold2_room1_mix0794,25,4,0,-153,-1,18.25
fold2_room1_mix0794,25,4,0,-10,-2,15.29
fold2_room1_mix0794,26,4,0,-153,-1,17.17
fold2_room1_mix0794,26,4,0,-8,-2,14.49
fold2_room1_mix0794,27,4,0,-151,-1,17.36
fold2_room1_mix0794,27,4,0,-9,-2,14.00
fold2_room1_mix0794,28,4,0,-151,-1,16.03
fold2_room1_mix0794,28,4,0,-11,-2,13.37
fold2_room1_mix0794,29,4,0,-149,-1,15.55
fold2_room1_mix0794,29,4,0,-11,-3,12.50
fold2_room1_mix0794,30,4,0,-147,-1,14.99
fold2_room1_mix0794,30,4,0,-12,-3,12.08
fold2_room1_mix0794,31,4,0,-145,-2,14.47
fold2_room1_mix0794,31,4,0,-11,-3,11.69
fold2_room1_mix0794,32,4,0,-140,-2,12.76
fold2_room1_mix0794,32,4,0,-12,-3,10.28
fold2_room1_mix0794,33,4,0,-140,-2,13.29
fold2_room1_mix0794,33,4,0,-12,-4,10.22
fold2_room1_mix0794,34,4,0,-144,-2,12.64
fold2_room1_mix0794,34,4,0,-14,-4,9.92
fold2_room1_mix0794,35,4,0,-138,-1,12.83
fold2_room1_mix0794,35,4,0,-14,-4,9.09
fold2_room1_mix0794,36,4,0,-139,-1,12.71
fold2_room1_mix0794,36,4,0,-18,-5,7.45
fold2_room1_mix0794,37,4,0,-141,-1,12.12
fold2_room1_mix0794,37,4,0,-18,-5,6.90
fold2_room1_mix0794,38,4,0,-137,-1,12.83
fold2_room1_mix0794,38,4,0,-20,-5,6.29
fold2_room1_mix0794,39,4,0,-139,-1,13.25
fold2_room1_mix0794,39,4,0,-21,-6,5.60
fold2_room1_mix0794,40,4,0,-138,-1,13.83
fold2_room1_mix0794,40,4,0,-25,-6,5.40
fold2_room1_mix0794,41,4,0,-141,0,14.56
fold2_room1_mix0794,41,4,0,-27,-6,4.94
fold2_room1_mix0794,42,4,0,-140,0,16.27
fold2_room1_mix0794,42,4,0,-33,-6,4.76
fold2_room1_mix0794,43,4,0,-141,0,17.10
fold2_room1_mix0794,43,4,0,-47,-9,2.91
fold2_room1_mix0794,43,4,0,-27,-4,7.19
fold2_room1_mix0794,44,4,0,-134,0,17.00
fold2_room1_mix0794,44,4,0,-61,-10,2.51
fold2_room1_mix0794,44,4,0,-36,-3,8.93
fold2_room1_mix0794,45,4,0,-138,0,15.29
fold2_room1_mix0794,45,4,0,-86,-11,2.29
fold2_room1_mix0794,45,4,0,-51,-4,8.00
fold2_room1_mix0794,46,4,0,-144,0,15.78
fold2_room1_mix0794,46,4,0,-100,-10,2.27
fold2_room1_mix0794,46,4,0,-65,-2,10.16
fold2_room1_mix0794,47,4,0,-149,0,14.75
fold2_room1_mix0794,47,4,0,-114,-8,2.68
fold2_room1_mix0794,47,4,0,-79,-2,9.18
fold2_room1_mix0794,48,4,0,-145,-3,9.22
fold2_room1_mix0794,48,4,0,-123,-7,2.96
fold2_room1_mix0794,48,4,0,-76,0,11.82
fold2_room1_mix0794,49,4,0,-140,-6,4.97
fold2_room1_mix0794,49,4,0,-69,0,13.67
fold2_room1_mix0794,50,4,0,-144,-6,5.00
fold2_room1_mix0794,50,4,0,-109,0,11.85
fold2_room1_mix0794,51,4,0,-146,-5,5.42
fold2_room1_mix0794,51,4,0,-92,0,13.28
fold2_room1_mix0794,52,4,0,-149,-5,5.29
fold2_room1_mix0794,52,4,0,-73,0,13.76
fold2_room1_mix0794,53,4,0,-152,-5,5.38
fold2_room1_mix0794,53,4,0,-70,-1,13.33
fold2_room1_mix0794,54,4,0,-154,-5,6.19
fold2_room1_mix0794,54,4,0,-82,-2,13.44
fold2_room1_mix0794,55,4,0,-158,-4,7.14
fold2_room1_mix0794,55,4,0,-67,-3,11.31
fold2_room1_mix0794,56,4,0,-160,-4,7.76
fold2_room1_mix0794,56,4,0,-67,-4,10.49
fold2_room1_mix0794,57,4,0,-162,-4,8.72
fold2_room1_mix0794,57,4,0,-71,-5,9.64
fold2_room1_mix0794,58,4,0,-164,-3,9.58
fold2_room1_mix0794,58,4,0,-70,-4,10.48
fold2_room1_mix0794,59,4,0,-164,-3,9.10
fold2_room1_mix0794,59,4,0,-58,-4,9.38
fold2_room1_mix0794,60,4,0,-169,-3,10.05
fold2_room1_mix0794,60,4,0,-140,-4,9.33
fold2_room1_mix0794,60,4,0,-52,-3,10.97
fold2_room1_mix0794,61,4,0,-167,-4,8.75
fold2_room1_mix0794,61,4,0,-117,-3,10.80
fold2_room1_mix0794,61,4,0,-43,-2,12.18
fold2_room1_mix0794,62,4,0,-169,-3,10.30
fold2_room1_mix0794,62,4,0,-132,-4,9.95
fold2_room1_mix0794,62,4,0,-40,-2,14.26
fold2_room1_mix0794,63,4,0,-169,-3,9.94
fold2_room1_mix0794,63,4,0,-95,-4,10.24
fold2_room1_mix0794,63,4,0,-40,-2,13.73
fold2_room1_mix0794,64,4,0,-167,-3,10.35
fold2_room1_mix0794,64,4,0,-86,-4,10.06
fold2_room1_mix0794,64,4,0,-39,-2,16.90
fold2_room1_mix0794,65,4,0,-170,-3,10.80
fold2_room1_mix0794,65,4,0,-96,-4,9.24
fold2_room1_mix0794,65,4,0,-27,-2,18.92
fold2_room1_mix0794,66,4,0,-170,-3,11.85
fold2_room1_mix0794,66,4,0,-88,-4,10.53
fold2_room1_mix0794,66,4,0,-28,-1,19.03
fold2_room1_mix0794,67,4,0,-171,-2,12.15
fold2_room1_mix0794,67,4,0,-90,-5,9.75
fold2_room1_mix0794,67,4,0,-30,-1,18.63
fold2_room1_mix0794,68,4,0,-172,-2,12.75
fold2_room1_mix0794,68,4,0,-86,-3,10.95
fold2_room1_mix0794,68,4,0,-29,-1,19.42
fold2_room1_mix0794,69,4,0,-170,-2,12.91
fold2_room1_mix0794,69,4,0,-76,-3,11.13
fold2_room1_mix0794,69,4,0,-23,-1,21.19
fold2_room1_mix0794,70,4,0,-168,-2,13.65
fold2_room1_mix0794,70,4,0,-68,-3,12.00
fold2_room1_mix0794,70,4,0,-19,-1,20.95
fold2_room1_mix0794,71,4,0,-168,-2,14.31
fold2_room1_mix0794,71,4,0,-72,-4,11.35
fold2_room1_mix0794,71,4,0,-22,-1,21.04
fold2_room1_mix0794,72,4,0,-166,-2,14.37
fold2_room1_mix0794,72,4,0,-69,-4,11.55
fold2_room1_mix0794,72,4,0,-20,-1,21.27
fold2_room1_mix0794,73,4,0,-167,-2,16.03
fold2_room1_mix0794,73,4,0,-72,-5,11.74
fold2_room1_mix0794,73,4,0,-14,-2,22.26
fold2_room1_mix0794,74,4,0,-168,-2,17.16
fold2_room1_mix0794,74,4,0,-73,-5,11.34
fold2_room1_mix0794,74,4,0,-14,-2,21.92
fold2_room1_mix0794,75,4,0,-171,-2,18.10
fold2_room1_mix0794,75,4,0,-69,-4,11.42
fold2_room1_mix0794,75,4,0,-11,-2,21.22
fold2_room1_mix0794,76,4,0,-171,-2,18.69
fold2_room1_mix0794,76,4,0,-68,-5,11.34
fold2_room1_mix0794,76,4,0,-8,-2,23.88
fold2_room1_mix0794,77,4,0,-174,-2,18.37
fold2_room1_mix0794,77,4,0,-60,-4,11.27
fold2_room1_mix0794,77,4,0,-4,-2,22.58
fold2_room1_mix0794,78,4,0,-175,-1,20.00
fold2_room1_mix0794,78,4,0,-69,-4,10.86
fold2_room1_mix0794,78,4,0,2,-2,22.60
fold2_room1_mix0794,79,4,0,-175,-1,20.19
fold2_room1_mix0794,79,4,0,-68,-5,10.60
fold2_room1_mix0794,79,4,0,1,-2,20.41
fold2_room1_mix0794,80,4,0,-169,-1,19.95
fold2_room1_mix0794,80,4,0,-66,-5,10.46
fold2_room1_mix0794,80,4,0,3,-2,20.53
fold2_room1_mix0794,81,4,0,-160,0,19.03
fold2_room1_mix0794,81,4,0,-45,-6,9.91
fold2_room1_mix0794,81,4,0,-1,-2,17.33
fold2_room1_mix0794,82,4,0,-158,-1,19.17
fold2_room1_mix0794,82,4,0,-38,-6,8.85
fold2_room1_mix0794,82,4,0,-1,-2,17.05
fold2_room1_mix0794,83,4,0,-151,0,18.43
fold2_room1_mix0794,83,4,0,5,-7,7.06
fold2_room1_mix0794,83,4,0,-10,-2,15.02
fold2_room1_mix0794,84,4,0,-152,0,19.14
fold2_room1_mix0794,84,4,0,-8,-5,9.24
fold2_room1_mix0794,85,4,0,-151,-1,17.29
fold2_room1_mix0794,85,4,0,0,-6,8.26
fold2_room1_mix0794,86,4,0,-153,-1,20.63
fold2_room1_mix0794,86,4,0,26,-9,4.35
fold2_room1_mix0794,86,4,0,-9,-4,12.13
fold2_room1_mix0794,87,4,0,-157,-2,21.37
fold2_room1_mix0794,87,4,0,29,-16,4.32
fold2_room1_mix0794,87,4,0,-2,-7,10.31
fold2_room1_mix0794,88,4,0,-160,-1,24.29
fold2_room1_mix0794,88,4,0,67,-21,2.55
fold2_room1_mix0794,88,4,0,-12,-4,17.13
fold2_room1_mix0794,89,4,0,-164,-1,21.85
fold2_room1_mix0794,89,4,0,124,-21,1.98
fold2_room1_mix0794,89,4,0,-17,0,22.21
fold2_room1_mix0794,90,4,0,-167,-1,20.61
fold2_room1_mix0794,90,4,0,137,-14,2.04
fold2_room1_mix0794,90,4,0,-20,1,30.17
fold2_room1_mix0794,91,4,0,-162,0,19.22
fold2_room1_mix0794,91,4,0,150,-10,3.11
fold2_room1_mix0794,91,4,0,-21,0,23.90
fold2_room1_mix0794,92,4,0,-167,0,18.76
fold2_room1_mix0794,92,4,0,158,-9,3.47
fold2_room1_mix0794,92,4,0,-23,0,25.74
fold2_room1_mix0794,93,4,0,-165,0,18.31
fold2_room1_mix0794,93,4,0,160,-8,4.37
fold2_room1_mix0794,93,4,0,-25,0,25.01
fold2_room1_mix0794,94,4,0,-166,-1,16.05
fold2_room1_mix0794,94,4,0,167,-7,5.34
fold2_room1_mix0794,94,4,0,-23,0,23.81
fold2_room1_mix0794,95,4,0,-168,0,17.26
fold2_room1_mix0794,95,4,0,176,-6,6.09
fold2_room1_mix0794,95,4,0,-24,0,24.10
fold2_room1_mix0794,96,4,0,-170,0,19.47
fold2_room1_mix0794,96,4,0,174,-5,7.25
fold2_room1_mix0794,96,4,0,-26,0,22.91
fold2_room1_mix0794,97,4,0,-177,-2,14.46
fold2_room1_mix0794,97,4,0,-23,0,23.02
fold2_room1_mix0794,98,4,0,-177,-2,14.21
fold2_room1_mix0794,98,4,0,-21,0,23.44
fold2_room1_mix0794,99,4,0,-176,-1,15.43
fold2_room1_mix0794,99,4,0,-21,0,23.11
fold2_room1_mix0795,4,4,0,-1,0,5.05
fold2_room1_mix0795,5,4,0,1,-1,21.43
fold2_room1_mix0795,6,4,0,0,-1,21.98
fold2_room1_mix0795,7,4,0,0,0,24.60
fold2_room1_mix0795,8,4,0,0,-1,40.32
fold2_room1_mix0795,9,4,0,0,-1,41.92
fold2_room1_mix0795,10,4,0,1,-1,42.04
fold2_room1_mix0795,11,4,0,0,-1,43.70
fold2_room1_mix0795,12,4,0,1,-1,43.08
fold2_room1_mix0795,13,4,0,2,-1,43.17
fold2_room1_mix0795,14,4,0,0,0,43.44
fold2_room1_mix0795,15,4,0,0,-1,42.47
fold2_room1_mix0795,16,4,0,0,-1,43.53
fold2_room1_mix0795,17,4,0,0,-1,42.34
fold2_room1_mix0795,18,4,0,0,-1,43.49
fold2_room1_mix0795,19,4,0,0,-1,43.71
fold2_room1_mix0795,20,4,0,1,-1,44.32
fold2_room1_mix0795,21,4,0,0,-1,44.41
fold2_room1_mix0795,22,4,0,0,0,43.12
fold2_room1_mix0795,23,4,0,0,0,42.27
fold2_room1_mix0795,24,4,0,0,0,43.65
fold2_room1_mix0795,25,4,0,-2,0,42.71
fold2_room1_mix0795,26,4,0,0,0,43.31
fold2_room1_mix0795,27,4,0,-1,0,43.50
fold2_room1_mix0795,28,4,0,0,0,43.22
fold2_room1_mix0795,29,4,0,0,0,43.29
fold2_room1_mix0795,30,4,0,0,0,42.25
fold2_room1_mix0795,31,4,0,0,0,40.73
fold2_room1_mix0795,32,4,0,0,0,40.35
fold2_room1_mix0795,33,4,0,0,0,39.47
fold2_room1_mix0795,34,4,0,0,0,39.37
fold2_room1_mix0795,35,4,0,-1,0,37.26
fold2_room1_mix0795,36,4,0,0,0,37.07
fold2_room1_mix0795,37,4,0,0,0,36.51
fold2_room1_mix0795,38,4,0,-1,0,34.12
fold2_room1_mix0795,39,4,0,-1,0,34.01
fold2_room1_mix0795,40,4,0,-1,0,33.95
fold2_room1_mix0795,41,4,0,-2,0,32.40
fold2_room1_mix0795,42,4,0,-1,0,31.71
fold2_room1_mix0795,43,4,0,-2,0,32.20
fold2_room1_mix0795,44,4,0,-3,0,31.21
fold2_room1_mix0795,45,4,0,-2,-1,30.29
fold2_room1_mix0795,46,4,0,-3,-1,30.09
fold2_room1_mix0795,47,4,0,-3,-1,30.10
fold2_room1_mix0795,48,4,0,-3,-1,28.04
fold2_room1_mix0795,49,4,0,-3,-1,27.59
fold2_room1_mix0795,50,4,0,-3,0,27.98
fold2_room1_mix0795,51,4,0,-4,-1,27.00
fold2_room1_mix0795,52,4,0,-4,-1,25.98
fold2_room1_mix0795,53,4,0,-4,-1,25.67
fold2_room1_mix0795,54,4,0,-5,-1,24.95
fold2_room1_mix0795,55,4,0,-5,-1,23.72
fold2_room1_mix0795,56,4,0,-5,-1,23.67
fold2_room1_mix0795,57,4,0,-6,-1,22.79
fold2_room1_mix0795,58,4,0,-7,-1,20.83
fold2_room1_mix0795,59,4,0,-8,-1,20.80
fold2_room1_mix0795,60,4,0,-8,-1,20.04
fold2_room1_mix0795,61,4,0,-8,-1,19.15
fold2_room1_mix0795,62,4,0,-9,-1,18.76
fold2_room1_mix0795,63,4,0,-10,-1,18.02
fold2_room1_mix0795,64,4,0,-10,-1,17.12
fold2_room1_mix0795,65,4,0,-10,-1,17.07
fold2_room1_mix0795,66,4,0,-11,-1,17.08
fold2_room1_mix0795,67,4,0,-11,-1,15.71
fold2_room1_mix0795,68,4,0,-12,-1,14.98
fold2_room1_mix0795,69,4,0,-13,-1,14.94
fold2_room1_mix0795,70,4,0,-14,-2,14.31
fold2_room1_mix0795,71,4,0,-15,-2,13.67
fold2_room1_mix0795,72,4,0,-17,-2,13.15
fold2_room1_mix0795,73,4,0,-18,-2,12.07
fold2_room1_mix0795,74,4,0,-19,-3,10.79
fold2_room1_mix0795,75,4,0,-20,-3,10.37
fold2_room1_mix0795,76,4,0,-21,-3,9.86
fold2_room1_mix0795,77,4,0,-23,-3,9.00
fold2_room1_mix0795,78,4,0,-24,-3,8.15
fold2_room1_mix0795,79,4,0,-25,-4,7.61
fold2_room1_mix0795,80,4,0,-27,-4,7.24
fold2_room1_mix0795,81,4,0,-31,-4,6.03
fold2_room1_mix0795,82,4,0,-33,-4,5.79
fold2_room1_mix0795,83,4,0,-34,-5,5.18
fold2_room1_mix0795,84,4,0,-39,-6,4.26
fold2_room1_mix0795,85,4,0,-45,-6,3.95
fold2_room1_mix0795,86,4,0,-52,-7,3.60
fold2_room1_mix0795,87,4,0,-59,-8,3.21
fold2_room1_mix0795,88,4,0,-70,-9,3.31
fold2_room1_mix0795,89,4,0,-83,-11,3.08
fold2_room1_mix0795,90,4,0,-99,-10,3.08
fold2_room1_mix0795,91,4,0,-110,-8,3.35
fold2_room1_mix0795,92,4,0,-121,-7,3.79
fold2_room1_mix0795,93,4,0,-132,-7,3.95
fold2_room1_mix0795,94,4,0,-137,-6,4.38
fold2_room1_mix0795,95,4,0,-141,-6,5.02
fold2_room1_mix0795,96,4,0,-144,-5,5.32
fold2_room1_mix0795,97,4,0,-148,-4,5.78
fold2_room1_mix0795,98,4,0,-150,-4,6.29
fold2_room1_mix0795,99,4,0,-151,-4,6.66
fold2_room1_mix0796,2,4,0,174,1,0.70
fold2_room1_mix0796,3,4,0,173,-1,6.64
fold2_room1_mix0796,4,4,0,170,-2,8.00
fold2_room1_mix0796,5,4,0,169,-1,9.11
fold2_room1_mix0796,6,4,0,170,-2,10.70
fold2_room1_mix0796,7,4,0,169,-2,12.72
fold2_room1_mix0796,8,4,0,170,-2,12.66
fold2_room1_mix0796,9,4,0,169,-2,11.92
fold2_room1_mix0796,10,4,0,168,-2,11.88
fold2_room1_mix0796,11,4,0,169,-2,11.47
fold2_room1_mix0796,12,4,0,170,-2,12.66
fold2_room1_mix0796,13,4,0,168,-3,11.25
fold2_room1_mix0796,14,4,0,167,-3,10.79
fold2_room1_mix0796,15,4,0,168,-3,10.31
fold2_room1_mix0796,16,4,0,168,-3,9.94
fold2_room1_mix0796,17,4,0,167,-3,9.50
fold2_room1_mix0796,18,4,0,167,-4,8.74
fold2_room1_mix0796,19,4,0,168,-4,8.84
fold2_room1_mix0796,20,4,0,167,-4,9.28
fold2_room1_mix0796,21,4,0,166,-4,7.92
fold2_room1_mix0796,22,4,0,167,-4,8.37
fold2_room1_mix0796,23,4,0,165,-4,8.57
fold2_room1_mix0796,24,4,0,166,-4,7.78
fold2_room1_mix0796,25,4,0,164,-5,7.34
fold2_room1_mix0796,26,4,0,163,-4,8.35
fold2_room1_mix0796,27,4,0,164,-5,7.15
fold2_room1_mix0796,28,4,0,163,-5,7.36
fold2_room1_mix0796,29,4,0,163,-5,6.72
fold2_room1_mix0796,30,4,0,162,-5,8.25
fold2_room1_mix0796,31,4,0,161,-5,6.45
fold2_room1_mix0796,32,4,0,161,-5,7.74
fold2_room1_mix0796,33,4,0,160,-6,6.25
fold2_room1_mix0796,34,4,0,159,-6,6.62
fold2_room1_mix0796,35,4,0,161,-6,5.96
fold2_room1_mix0796,35,4,0,2,-1,23.75
fold2_room1_mix0796,36,4,0,159,-6,5.90
fold2_room1_mix0796,37,4,0,156,-7,7.05
fold2_room1_mix0796,38,4,0,158,-6,5.41
fold2_room1_mix0796,39,4,0,154,-6,7.20
fold2_room1_mix0796,40,4,0,154,-7,5.04
fold2_room1_mix0796,41,4,0,153,-7,5.04
fold2_room1_mix0796,42,4,0,152,-7,4.46
fold2_room1_mix0796,42,4,0,34,-4,16.44
fold2_room1_mix0796,43,4,0,147,-8,5.51
fold2_room1_mix0796,44,4,0,146,-8,5.38
fold2_room1_mix0796,45,4,0,148,-8,4.48
fold2_room1_mix0796,45,4,0,10,-1,20.34
fold2_room1_mix0796,46,4,0,144,-9,3.80
fold2_room1_mix0796,46,4,0,10,-1,20.31
fold2_room1_mix0796,47,4,0,144,-9,3.92
fold2_room1_mix0796,47,4,0,9,-1,18.97
fold2_room1_mix0796,48,4,0,140,-10,3.43
fold2_room1_mix0796,48,4,0,10,-1,18.71
fold2_room1_mix0796,49,4,0,134,-11,2.98
fold2_room1_mix0796,49,4,0,13,-2,17.05
fold2_room1_mix0796,50,4,0,131,-12,3.10
fold2_room1_mix0796,50,4,0,11,-1,18.96
fold2_room1_mix0796,51,4,0,124,-11,2.84
fold2_room1_mix0796,51,4,0,8,0,19.31
fold2_room1_mix0796,52,4,0,116,-12,2.68
fold2_room1_mix0796,52,4,0,18,0,17.42
fold2_room1_mix0796,53,4,0,104,-14,2.55
fold2_room1_mix0796,53,4,0,13,0,18.28
fold2_room1_mix0796,54,4,0,95,-14,2.62
fold2_room1_mix0796,54,4,0,9,0,19.68
fold2_room1_mix0796,55,4,0,85,-13,2.51
fold2_room1_mix0796,55,4,0,12,0,17.46
fold2_room1_mix0796,56,4,0,74,-13,2.36
fold2_room1_mix0796,56,4,0,22,-1,14.11
fold2_room1_mix0796,57,4,0,64,-12,2.24
fold2_room1_mix0796,57,4,0,15,0,13.72
fold2_room1_mix0796,58,4,0,54,-10,2.84
fold2_room1_mix0796,58,4,0,12,0,14.24
fold2_room1_mix0796,59,4,0,57,-11,2.55
fold2_room1_mix0796,59,4,0,40,-8,3.34
fold2_room1_mix0796,59,4,0,11,0,12.52
fold2_room1_mix0796,60,4,0,45,-9,2.67
fold2_room1_mix0796,60,4,0,13,-1,11.47
fold2_room1_mix0796,61,4,0,40,-9,3.04
fold2_room1_mix0796,61,4,0,10,0,11.67
fold2_room1_mix0796,62,4,0,36,-8,3.14
fold2_room1_mix0796,62,4,0,11,-1,10.62
fold2_room1_mix0796,63,4,0,35,-8,3.47
fold2_room1_mix0796,63,4,0,12,-1,10.42
fold2_room1_mix0796,64,4,0,32,-7,3.47
fold2_room1_mix0796,64,4,0,10,-1,9.44
fold2_room1_mix0796,65,4,0,21,-5,5.72
fold2_room1_mix0796,66,4,0,19,-5,5.67
fold2_room1_mix0796,67,4,0,17,-5,5.65
fold2_room1_mix0796,68,4,0,18,-6,4.83
fold2_room1_mix0796,69,4,0,35,-16,2.02
fold2_room1_mix0796,69,4,0,14,-5,7.22
fold2_room1_mix0796,70,4,0,79,-24,1.32
fold2_room1_mix0796,70,4,0,10,-4,7.69
fold2_room1_mix0796,71,4,0,119,-20,1.53
fold2_room1_mix0796,71,4,0,11,-4,6.53
fold2_room1_mix0796,72,4,0,141,-13,2.15
fold2_room1_mix0796,72,4,0,12,-4,6.20
fold2_room1_mix0796,73,4,0,157,-12,2.45
fold2_room1_mix0796,73,4,0,16,-6,5.69
fold2_room1_mix0796,74,4,0,160,-9,3.39
fold2_room1_mix0796,74,4,0,16,-6,5.82
fold2_room1_mix0796,75,4,0,163,-9,3.88
fold2_room1_mix0796,75,4,0,17,-6,6.15
fold2_room1_mix0796,76,4,0,167,-7,4.45
fold2_room1_mix0796,76,4,0,16,-5,6.08
fold2_room1_mix0796,77,4,0,169,-5,5.19
fold2_room1_mix0796,77,4,0,15,-5,6.04
fold2_room1_mix0796,78,4,0,171,-4,6.08
fold2_room1_mix0796,78,4,0,16,-6,5.81
fold2_room1_mix0796,79,4,0,170,-4,6.51
fold2_room1_mix0796,79,4,0,15,-5,6.03
fold2_room1_mix0796,80,4,0,172,-3,7.29
fold2_room1_mix0796,80,4,0,13,-4,6.99
fold2_room1_mix0796,81,4,0,175,-2,8.34
fold2_room1_mix0796,81,4,0,13,-5,6.80
fold2_room1_mix0796,82,4,0,175,-2,8.69
fold2_room1_mix0796,82,4,0,14,-5,6.97
fold2_room1_mix0796,83,4,0,178,-1,9.44
fold2_room1_mix0796,83,4,0,13,-4,7.15
fold2_room1_mix0796,84,4,0,178,-1,10.74
fold2_room1_mix0796,84,4,0,13,-4,8.22
fold2_room1_mix0796,85,4,0,179,-1,10.78
fold2_room1_mix0796,85,4,0,12,-4,7.60
fold2_room1_mix0796,86,4,0,179,-1,12.17
fold2_room1_mix0796,86,4,0,12,-4,7.87
fold2_room1_mix0796,87,4,0,-179,-1,12.60
fold2_room1_mix0796,87,4,0,11,-4,8.45
fold2_room1_mix0796,88,4,0,178,-1,13.74
fold2_room1_mix0796,88,4,0,10,-4,9.02
fold2_room1_mix0796,89,4,0,179,0,15.50
fold2_room1_mix0796,89,4,0,10,-4,8.90
fold2_room1_mix0796,90,4,0,177,0,16.54
fold2_room1_mix0796,90,4,0,10,-3,9.61
fold2_room1_mix0796,91,4,0,177,0,17.88
fold2_room1_mix0796,91,4,0,10,-4,9.50
fold2_room1_mix0796,92,4,0,176,0,17.09
fold2_room1_mix0796,92,4,0,10,-3,10.43
fold2_room1_mix0796,93,4,0,175,0,18.70
fold2_room1_mix0796,93,4,0,10,-3,10.60
fold2_room1_mix0796,94,4,0,173,0,19.83
fold2_room1_mix0796,94,4,0,10,-3,10.68
fold2_room1_mix0796,95,4,0,174,0,19.96
fold2_room1_mix0796,95,4,0,10,-3,10.85
fold2_room1_mix0796,96,4,0,174,0,19.79
fold2_room1_mix0796,96,4,0,9,-3,11.56
fold2_room1_mix0796,97,4,0,175,0,22.39
fold2_room1_mix0796,97,4,0,10,-3,11.65
fold2_room1_mix0796,98,4,0,174,0,23.75
fold2_room1_mix0796,98,4,0,10,-3,11.52
fold2_room1_mix0796,99,4,0,177,0,25.54
fold2_room1_mix0796,99,4,0,7,-4,11.02
fold2_room1_mix0797,45,4,0,9,0,9.27
fold2_room1_mix0797,46,4,0,9,-1,9.70
fold2_room1_mix0797,47,4,0,10,-2,11.94
fold2_room1_mix0797,48,4,0,8,-1,14.13
fold2_room1_mix0797,49,4,0,11,-2,11.60
fold2_room1_mix0797,50,4,0,9,-2,12.72
fold2_room1_mix0797,51,4,0,12,-2,12.23
fold2_room1_mix0797,52,4,0,14,-2,12.17
fold2_room1_mix0797,53,4,0,16,-2,12.07
fold2_room1_mix0797,54,4,0,15,-3,10.64
fold2_room1_mix0797,55,4,0,16,-3,10.28
fold2_room1_mix0797,56,4,0,16,-3,9.89
fold2_room1_mix0797,57,4,0,18,-3,9.16
fold2_room1_mix0797,58,4,0,19,-3,8.55
fold2_room1_mix0797,59,4,0,21,-4,8.01
fold2_room1_mix0797,60,4,0,23,-4,7.32
fold2_room1_mix0797,61,4,0,25,-4,6.51
fold2_room1_mix0797,62,4,0,25,-5,5.91
fold2_room1_mix0797,63,4,0,28,-4,5.45
fold2_room1_mix0797,64,4,0,29,-6,4.91
fold2_room1_mix0797,65,4,0,32,-5,4.52
fold2_room1_mix0797,66,4,0,39,-6,3.93
fold2_room1_mix0797,67,4,0,45,-7,3.26
fold2_room1_mix0797,68,4,0,57,-8,3.25
fold2_room1_mix0797,69,4,0,71,-10,2.90
fold2_room1_mix0797,70,4,0,86,-10,2.95
fold2_room1_mix0797,71,4,0,105,-10,2.92
fold2_room1_mix0797,72,4,0,119,-7,3.17
fold2_room1_mix0797,73,4,0,132,-6,3.39
fold2_room1_mix0797,74,4,0,139,-5,3.89
fold2_room1_mix0797,75,4,0,144,-4,4.53
fold2_room1_mix0797,76,4,0,147,-4,5.31
fold2_room1_mix0797,77,4,0,151,-4,5.40
fold2_room1_mix0797,78,4,0,154,-4,5.97
fold2_room1_mix0797,79,4,0,155,-3,6.71
fold2_room1_mix0797,80,4,0,158,-3,7.26
fold2_room1_mix0797,81,4,0,159,-2,8.36
fold2_room1_mix0797,82,4,0,160,-2,8.65
fold2_room1_mix0797,83,4,0,162,-2,9.25
fold2_room1_mix0797,84,4,0,163,-2,10.32
fold2_room1_mix0797,85,4,0,164,-2,10.92
fold2_room1_mix0797,86,4,0,166,-2,11.34
fold2_room1_mix0797,87,4,0,167,-2,11.58
fold2_room1_mix0797,88,4,0,166,-1,12.35
fold2_room1_mix0797,89,4,0,167,-1,13.18
fold2_room1_mix0797,90,4,0,168,-1,12.91
fold2_room1_mix0797,91,4,0,167,-1,13.27
fold2_room1_mix0797,92,4,0,168,-2,13.26
fold2_room1_mix0797,93,4,0,169,-1,12.16
fold2_room1_mix0797,94,4,0,169,-1,11.64
fold2_room1_mix0797,95,4,0,169,-1,12.15
fold2_room1_mix0797,96,4,0,172,0,3.40
fold2_room1_mix0797,44,4,0,8,0,4.76
fold2_room1_mix0798,3,4,0,177,0,1.32
fold2_room1_mix0798,4,4,0,175,0,4.63
fold2_room1_mix0798,5,4,0,172,0,16.92
fold2_room1_mix0798,6,4,0,172,0,18.64
fold2_room1_mix0798,7,4,0,173,0,22.90
fold2_room1_mix0798,8,4,0,171,0,33.59
fold2_room1_mix0798,9,4,0,171,0,35.65
fold2_room1_mix0798,10,4,0,171,0,38.65
fold2_room1_mix0798,11,4,0,170,0,37.93
fold2_room1_mix0798,12,3,0,-3,-3,5.64
fold2_room1_mix0798,12,4,0,167,0,30.45
fold2_room1_mix0798,13,3,0,19,-2,12.59
fold2_room1_mix0798,13,4,0,166,0,31.14
fold2_room1_mix0798,14,3,0,25,-2,13.69
fold2_room1_mix0798,14,4,0,168,0,27.98
fold2_room1_mix0798,15,3,0,22,-1,11.95
fold2_room1_mix0798,15,4,0,168,0,24.76
fold2_room1_mix0798,16,3,0,20,-1,12.56
fold2_room1_mix0798,16,4,0,168,0,25.14
fold2_room1_mix0798,17,3,0,21,-1,13.16
fold2_room1_mix0798,17,4,0,167,0,24.45
fold2_room1_mix0798,18,3,0,18,-1,12.66
fold2_room1_mix0798,18,4,0,168,0,23.10
fold2_room1_mix0798,19,3,0,19,-1,11.52
fold2_room1_mix0798,19,4,0,167,0,23.78
fold2_room1_mix0798,20,3,0,15,-1,11.19
fold2_room1_mix0798,20,4,0,167,0,25.73
fold2_room1_mix0798,21,3,0,12,-1,9.90
fold2_room1_mix0798,21,4,0,168,0,27.21
fold2_room1_mix0798,22,3,0,9,-1,6.09
fold2_room1_mix0798,22,4,0,168,0,27.51
fold2_room1_mix0798,23,4,0,166,0,31.21
fold2_room1_mix0798,24,3,0,26,-2,12.58
fold2_room1_mix0798,24,4,0,163,0,26.34
fold2_room1_mix0798,25,3,0,27,-2,12.49
fold2_room1_mix0798,25,4,0,165,0,27.46
fold2_room1_mix0798,26,3,0,25,-1,14.06
fold2_room1_mix0798,26,4,0,166,0,24.75
fold2_room1_mix0798,27,3,0,29,-1,12.04
fold2_room1_mix0798,27,4,0,164,0,25.64
fold2_room1_mix0798,28,3,0,33,-2,10.52
fold2_room1_mix0798,28,4,0,164,0,26.52
fold2_room1_mix0798,29,3,0,32,-2,11.45
fold2_room1_mix0798,29,4,0,164,0,26.32
fold2_room1_mix0798,30,3,0,32,-2,10.86
fold2_room1_mix0798,30,4,0,166,0,26.56
fold2_room1_mix0798,31,3,0,35,-2,9.07
fold2_room1_mix0798,31,4,0,166,0,25.63
fold2_room1_mix0798,32,3,0,37,-2,8.62
fold2_room1_mix0798,32,4,0,166,0,25.77
fold2_room1_mix0798,33,3,0,27,-3,4.84
fold2_room1_mix0798,33,4,0,164,0,26.19
fold2_room1_mix0798,34,4,0,164,0,26.19
fold2_room1_mix0798,35,3,0,36,-3,9.86
fold2_room1_mix0798,35,4,0,164,0,25.29
fold2_room1_mix0798,36,3,0,44,-3,10.52
fold2_room1_mix0798,36,4,0,162,0,25.11
fold2_room1_mix0798,37,3,0,49,-3,10.83
fold2_room1_mix0798,37,4,0,161,0,26.64
fold2_room1_mix0798,38,3,0,50,-3,9.92
fold2_room1_mix0798,38,4,0,162,0,25.53
fold2_room1_mix0798,39,3,0,62,-5,3.80
fold2_room1_mix0798,39,4,0,158,0,25.83
fold2_room1_mix0798,40,4,0,159,0,26.47
fold2_room1_mix0798,41,4,0,156,0,26.31
fold2_room1_mix0798,42,4,0,155,-1,23.41
fold2_room1_mix0798,43,4,0,153,0,23.29
fold2_room1_mix0798,44,4,0,152,0,22.14
fold2_room1_mix0798,45,4,0,150,-1,21.47
fold2_room1_mix0798,46,4,0,149,-1,20.52
fold2_room1_mix0798,47,4,0,148,-1,19.36
fold2_room1_mix0798,48,4,0,146,-1,17.73
fold2_room1_mix0798,49,4,0,144,-1,17.48
fold2_room1_mix0798,50,4,0,140,-2,16.02
fold2_room1_mix0798,51,4,0,139,-2,15.57
fold2_room1_mix0798,52,4,0,135,-2,14.70
fold2_room1_mix0798,53,4,0,133,-2,13.89
fold2_room1_mix0798,54,4,0,131,-3,12.97
fold2_room1_mix0798,55,4,0,128,-3,12.82
fold2_room1_mix0798,56,4,0,126,-3,12.09
fold2_room1_mix0798,57,4,0,122,-3,12.24
fold2_room1_mix0798,58,4,0,117,-3,11.77
fold2_room1_mix0798,59,4,0,112,-3,12.10
fold2_room1_mix0798,60,4,0,104,-3,11.60
fold2_room1_mix0798,61,4,0,97,-3,11.15
fold2_room1_mix0798,62,4,0,91,-3,10.85
fold2_room1_mix0798,63,4,0,86,-4,10.64
fold2_room1_mix0798,64,4,0,82,-3,10.79
fold2_room1_mix0798,65,4,0,76,-3,11.38
fold2_room1_mix0798,66,4,0,69,-2,11.80
fold2_room1_mix0798,67,4,0,66,-3,11.99
fold2_room1_mix0798,68,4,0,62,-2,12.65
fold2_room1_mix0798,69,4,0,58,-2,13.35
fold2_room1_mix0798,70,4,0,56,-2,13.38
fold2_room1_mix0798,71,4,0,53,-2,13.65
fold2_room1_mix0798,72,4,0,51,-2,14.26
fold2_room1_mix0798,73,4,0,47,-2,15.29
fold2_room1_mix0798,74,4,0,46,-2,15.29
fold2_room1_mix0798,75,4,0,43,-2,16.31
fold2_room1_mix0798,76,4,0,43,-2,16.46
fold2_room1_mix0798,77,4,0,39,-2,17.52
fold2_room1_mix0798,78,4,0,38,-1,18.48
fold2_room1_mix0798,79,4,0,37,-1,19.11
fold2_room1_mix0798,80,4,0,34,-1,19.28
fold2_room1_mix0798,81,4,0,33,-1,20.10
fold2_room1_mix0798,82,4,0,33,-1,20.27
fold2_room1_mix0798,83,4,0,32,-1,21.22
fold2_room1_mix0798,84,4,0,31,-1,22.28
fold2_room1_mix0798,85,4,0,30,-1,23.34
fold2_room1_mix0798,86,4,0,28,-1,23.16
fold2_room1_mix0798,87,4,0,27,-1,24.46
fold2_room1_mix0798,88,4,0,25,-1,25.02
fold2_room1_mix0798,89,4,0,25,-1,26.02
fold2_room1_mix0798,90,4,0,24,-1,25.30
fold2_room1_mix0798,91,4,0,24,-1,27.37
fold2_room1_mix0798,92,4,0,22,-1,27.50
fold2_room1_mix0798,93,4,0,22,-1,28.63
fold2_room1_mix0798,94,4,0,20,0,28.38
fold2_room1_mix0798,95,4,0,21,0,29.56
fold2_room1_mix0798,96,4,0,21,0,28.70
fold2_room1_mix0798,97,4,0,21,0,30.45
fold2_room1_mix0798,98,4,0,20,0,30.95
fold2_room1_mix0798,99,4,0,21,0,30.75
fold2_room1_mix0799,36,3,0,38,-3,5.65
fold2_room1_mix0799,36,4,0,0,-1,13.20
fold2_room1_mix0799,37,3,0,40,-3,8.61
fold2_room1_mix0799,37,4,0,8,-2,17.15
fold2_room1_mix0799,38,3,0,38,-3,7.45
fold2_room1_mix0799,38,4,0,8,-2,18.43
fold2_room1_mix0799,39,3,0,40,-4,6.80
fold2_room1_mix0799,39,4,0,11,-2,19.30
fold2_room1_mix0799,40,3,0,39,-4,6.14
fold2_room1_mix0799,40,4,0,10,-3,22.89
fold2_room1_mix0799,41,3,0,104,-7,6.93
fold2_room1_mix0799,41,4,0,7,-3,24.81
fold2_room1_mix0799,42,3,0,72,-8,5.78
fold2_room1_mix0799,42,4,0,11,-2,23.75
fold2_room1_mix0799,43,0,0,-158,-3,2.99
fold2_room1_mix0799,43,3,0,42,-4,6.18
fold2_room1_mix0799,43,4,0,9,-1,27.91
fold2_room1_mix0799,44,0,0,-151,-3,7.18
fold2_room1_mix0799,44,4,0,10,-1,25.50
fold2_room1_mix0799,45,0,0,-150,-3,6.77
fold2_room1_mix0799,45,3,0,38,-3,8.41
fold2_room1_mix0799,45,4,0,8,-2,26.63
fold2_room1_mix0799,46,0,0,-151,-3,7.67
fold2_room1_mix0799,46,3,0,47,-4,9.06
fold2_room1_mix0799,46,4,0,10,-2,28.43
fold2_room1_mix0799,47,0,0,-149,-3,10.32
fold2_room1_mix0799,47,3,0,47,-4,9.12
fold2_room1_mix0799,47,4,0,11,-2,27.26
fold2_room1_mix0799,48,0,0,-148,-3,11.62
fold2_room1_mix0799,48,3,0,48,-5,7.42
fold2_room1_mix0799,48,4,0,11,-4,25.00
fold2_room1_mix0799,49,0,0,-152,-3,11.00
fold2_room1_mix0799,49,3,0,52,-5,7.21
fold2_room1_mix0799,49,4,0,9,-3,22.11
fold2_room1_mix0799,50,0,0,-149,-3,14.62
fold2_room1_mix0799,50,3,0,54,-5,6.98
fold2_room1_mix0799,50,4,0,9,-4,17.87
fold2_room1_mix0799,51,0,0,-153,-3,13.97
fold2_room1_mix0799,51,3,0,52,-5,6.78
fold2_room1_mix0799,51,4,0,11,-4,19.27
fold2_room1_mix0799,52,0,0,-155,-2,14.99
fold2_room1_mix0799,52,3,0,58,-5,7.80
fold2_room1_mix0799,52,4,0,11,-3,18.82
fold2_room1_mix0799,53,0,0,-153,-2,16.01
fold2_room1_mix0799,53,3,0,49,-5,6.57
fold2_room1_mix0799,53,4,0,7,-3,17.81
fold2_room1_mix0799,54,0,0,-154,-2,18.05
fold2_room1_mix0799,54,3,0,48,-5,5.89
fold2_room1_mix0799,54,4,0,6,-2,16.18
fold2_room1_mix0799,55,0,0,-151,-3,17.70
fold2_room1_mix0799,55,3,0,47,-5,5.08
fold2_room1_mix0799,55,4,0,176,-3,19.10
fold2_room1_mix0799,55,4,0,3,-2,19.72
fold2_room1_mix0799,56,0,0,-152,-2,19.69
fold2_room1_mix0799,56,3,0,80,-9,7.19
fold2_room1_mix0799,56,4,0,177,-3,24.18
fold2_room1_mix0799,56,4,0,5,-3,23.24
fold2_room1_mix0799,57,0,0,-153,-2,16.97
fold2_room1_mix0799,57,3,0,68,-5,8.84
fold2_room1_mix0799,57,4,0,6,-3,19.41
fold2_room1_mix0799,58,0,0,-152,-2,19.40
fold2_room1_mix0799,58,3,0,75,-6,8.49
fold2_room1_mix0799,58,4,0,7,-3,23.46
fold2_room1_mix0799,59,0,0,-155,-2,19.02
fold2_room1_mix0799,59,3,0,89,-6,7.62
fold2_room1_mix0799,59,4,0,8,-4,22.83
fold2_room1_mix0799,60,0,0,-155,-3,18.32
fold2_room1_mix0799,60,3,0,93,-7,7.10
fold2_room1_mix0799,60,4,0,10,-4,20.42
fold2_room1_mix0799,61,0,0,-149,-3,15.78
fold2_room1_mix0799,61,3,0,92,-7,7.45
fold2_room1_mix0799,61,4,0,7,-4,22.21
fold2_room1_mix0799,62,0,0,-154,-3,17.35
fold2_room1_mix0799,62,3,0,98,-7,7.31
fold2_room1_mix0799,62,4,0,7,-4,20.03
fold2_room1_mix0799,63,0,0,-155,-3,18.92
fold2_room1_mix0799,63,3,0,123,-7,6.99
fold2_room1_mix0799,63,4,0,4,-4,15.85
fold2_room1_mix0799,64,0,0,-152,-3,18.07
fold2_room1_mix0799,64,3,0,120,-7,6.23
fold2_room1_mix0799,64,4,0,2,-4,19.49
fold2_room1_mix0799,65,0,0,-158,-2,23.02
fold2_room1_mix0799,65,3,0,122,-8,5.76
fold2_room1_mix0799,65,4,0,3,-3,16.70
fold2_room1_mix0799,66,0,0,-160,-2,23.97
fold2_room1_mix0799,66,3,0,130,-8,4.87
fold2_room1_mix0799,66,4,0,5,-3,14.31
fold2_room1_mix0799,67,0,0,-155,-2,22.48
fold2_room1_mix0799,67,4,0,4,-2,14.54
fold2_room1_mix0799,68,0,0,-158,-2,22.97
fold2_room1_mix0799,68,3,0,124,-6,8.79
fold2_room1_mix0799,68,4,0,7,-4,11.81
fold2_room1_mix0799,69,0,0,-159,-2,24.58
fold2_room1_mix0799,69,3,0,126,-6,8.39
fold2_room1_mix0799,69,4,0,4,-3,14.55
fold2_room1_mix0799,70,0,0,-160,-1,25.04
fold2_room1_mix0799,70,3,0,130,-5,8.97
fold2_room1_mix0799,70,4,0,3,-5,12.04
fold2_room1_mix0799,71,0,0,-162,-1,27.78
fold2_room1_mix0799,71,3,0,129,-5,8.51
fold2_room1_mix0799,71,4,0,3,-4,12.29
fold2_room1_mix0799,72,0,0,-162,-1,26.86
fold2_room1_mix0799,72,3,0,135,-5,8.73
fold2_room1_mix0799,72,4,0,3,-5,10.89
fold2_room1_mix0799,73,0,0,-164,-1,29.16
fold2_room1_mix0799,73,3,0,136,-5,8.93
fold2_room1_mix0799,73,4,0,4,-5,11.81
fold2_room1_mix0799,74,0,0,-163,-1,32.16
fold2_room1_mix0799,74,3,0,142,-5,9.20
fold2_room1_mix0799,74,4,0,4,-6,8.74
fold2_room1_mix0799,75,0,0,-164,-1,35.22
fold2_room1_mix0799,75,3,0,142,-4,8.69
fold2_room1_mix0799,75,4,0,2,-8,6.56
fold2_room1_mix0799,76,0,0,-169,-1,39.33
fold2_room1_mix0799,76,3,0,145,-5,7.23
fold2_room1_mix0799,76,4,0,7,-7,5.52
fold2_room1_mix0799,77,0,0,-169,-1,33.01
fold2_room1_mix0799,77,4,0,21,-13,2.95
fold2_room1_mix0799,78,0,0,-169,-1,31.59
fold2_room1_mix0799,78,4,0,51,-22,1.83
fold2_room1_mix0799,79,0,0,-168,-1,30.75
fold2_room1_mix0799,79,4,0,107,-25,1.71
fold2_room1_mix0799,80,0,0,-170,-1,32.09
fold2_room1_mix0799,80,3,0,156,-3,11.25
fold2_room1_mix0799,80,4,0,124,-21,2.14
fold2_room1_mix0799,81,0,0,-173,-1,31.92
fold2_room1_mix0799,81,3,0,151,-4,14.85
fold2_room1_mix0799,81,4,0,132,-16,2.66
fold2_room1_mix0799,82,0,0,-171,-1,29.78
fold2_room1_mix0799,82,3,0,151,-4,14.42
fold2_room1_mix0799,82,4,0,154,-12,3.63
fold2_room1_mix0799,83,0,0,-172,-1,31.66
fold2_room1_mix0799,83,3,0,149,-4,15.25
fold2_room1_mix0799,83,4,0,158,-8,4.70
fold2_room1_mix0799,84,0,0,-169,-1,34.40
fold2_room1_mix0799,84,4,0,165,-7,4.38
fold2_room1_mix0799,85,0,0,-169,-1,33.27
fold2_room1_mix0799,85,4,0,172,-6,5.25
fold2_room1_mix0799,86,0,0,-171,-1,40.44
fold2_room1_mix0799,86,4,0,173,-5,6.10
fold2_room1_mix0799,87,0,0,-170,-1,41.36
fold2_room1_mix0799,87,4,0,174,-4,6.22
fold2_room1_mix0799,88,0,0,-169,-1,44.74
fold2_room1_mix0799,88,4,0,179,-4,6.67
fold2_room1_mix0799,89,0,0,-171,-1,47.56
fold2_room1_mix0799,89,4,0,175,-4,7.00
fold2_room1_mix0799,90,0,0,-168,-1,43.35
fold2_room1_mix0799,90,4,0,175,-3,7.55
fold2_room1_mix0799,91,0,0,-169,0,25.41
fold2_room1_mix0799,91,4,0,175,-2,8.53
fold2_room1_mix0799,92,0,0,-169,0,23.32
fold2_room1_mix0799,92,4,0,175,-3,9.55
fold2_room1_mix0799,93,0,0,-171,0,3.83
fold2_room1_mix0799,93,4,0,174,-3,9.84
fold2_room1_mix0799,94,0,0,-171,0,3.02
fold2_room1_mix0799,94,4,0,175,-2,10.63
fold2_room1_mix0799,95,0,0,-171,0,1.75
fold2_room1_mix0799,95,4,0,174,-2,11.61
fold2_room1_mix0799,96,4,0,174,-2,11.27
fold2_room1_mix0799,97,4,0,174,-2,12.63
fold2_room1_mix0799,98,4,0,175,-2,13.40
fold2_room1_mix0799,99,4,0,173,-2,13.43
fold2_room1_mix0800,21,1,0,14,-2,11.77
fold2_room1_mix0800,22,1,0,14,-2,39.12
fold2_room1_mix0800,22,4,0,172,0,2.78
fold2_room1_mix0800,23,1,0,19,-2,36.40
fold2_room1_mix0800,24,1,0,20,-2,29.02
fold2_room1_mix0800,25,4,0,175,-1,3.03
fold2_room1_mix0800,26,1,0,20,-2,24.73
fold2_room1_mix0800,26,4,0,169,-1,5.10
fold2_room1_mix0800,27,1,0,15,-2,28.68
fold2_room1_mix0800,27,4,0,165,-1,1.16
fold2_room1_mix0800,28,1,0,15,-2,35.14
fold2_room1_mix0800,28,4,0,170,-2,3.94
fold2_room1_mix0800,29,1,0,19,-2,20.12
fold2_room1_mix0800,29,4,0,177,-1,5.66
fold2_room1_mix0800,30,4,0,171,-2,10.84
fold2_room1_mix0800,31,1,0,18,-2,26.46
fold2_room1_mix0800,31,4,0,168,-3,10.87
fold2_room1_mix0800,32,1,0,19,-2,21.83
fold2_room1_mix0800,32,4,0,172,-3,10.79
fold2_room1_mix0800,33,1,0,18,-2,27.03
fold2_room1_mix0800,33,4,0,174,-3,10.87
fold2_room1_mix0800,34,4,0,173,-3,10.07
fold2_room1_mix0800,35,1,0,27,-2,19.30
fold2_room1_mix0800,35,4,0,175,-3,9.69
fold2_room1_mix0800,36,1,0,21,-2,25.86
fold2_room1_mix0800,36,4,0,176,-3,7.39
fold2_room1_mix0800,37,1,0,32,-2,19.95
fold2_room1_mix0800,37,4,0,173,-4,9.18
fold2_room1_mix0800,38,1,0,28,-2,23.38
fold2_room1_mix0800,38,4,0,171,-3,9.32
fold2_room1_mix0800,39,4,0,171,-5,5.53
fold2_room1_mix0800,40,1,0,31,-3,15.90
fold2_room1_mix0800,40,4,0,166,-7,7.33
fold2_room1_mix0800,41,1,0,36,-3,17.92
fold2_room1_mix0800,41,4,0,161,-6,7.79
fold2_room1_mix0800,42,1,0,36,-2,18.58
fold2_room1_mix0800,42,4,0,164,-8,5.71
fold2_room1_mix0800,43,1,0,47,-3,15.00
fold2_room1_mix0800,43,4,0,155,-7,6.73
fold2_room1_mix0800,44,4,0,172,-7,10.20
fold2_room1_mix0800,44,4,0,100,-24,1.79
fold2_room1_mix0800,45,1,0,34,-2,20.27
fold2_room1_mix0800,45,4,0,169,-1,12.74
fold2_room1_mix0800,45,4,0,150,-13,3.08
fold2_room1_mix0800,45,4,0,107,-19,1.89
fold2_room1_mix0800,46,1,0,37,-3,16.71
fold2_room1_mix0800,46,4,0,169,-1,14.60
fold2_room1_mix0800,46,4,0,154,-10,4.22
fold2_room1_mix0800,46,4,0,96,-16,3.15
fold2_room1_mix0800,47,1,0,32,-2,17.58
fold2_room1_mix0800,47,4,0,-178,0,15.62
fold2_room1_mix0800,47,4,0,161,-8,4.55
fold2_room1_mix0800,47,4,0,79,-15,2.64
fold2_room1_mix0800,48,1,0,32,-3,12.21
fold2_room1_mix0800,48,4,0,-156,-1,9.43
fold2_room1_mix0800,48,4,0,41,-16,2.03
fold2_room1_mix0800,49,1,0,32,-3,16.27
fold2_room1_mix0800,49,4,0,-169,-10,4.93
fold2_room1_mix0800,49,4,0,27,-14,3.63
fold2_room1_mix0800,50,1,0,36,-3,18.80
fold2_room1_mix0800,50,4,0,-169,-4,6.64
fold2_room1_mix0800,50,4,0,177,-14,2.71
fold2_room1_mix0800,50,4,0,36,-14,2.35
fold2_room1_mix0800,51,1,0,37,-3,15.84
fold2_room1_mix0800,51,4,0,-177,-7,4.65
fold2_room1_mix0800,51,4,0,42,-10,3.24
fold2_room1_mix0800,52,1,0,41,-3,16.42
fold2_room1_mix0800,52,4,0,-168,-8,5.01
fold2_room1_mix0800,52,4,0,36,-10,4.91
fold2_room1_mix0800,53,4,0,-145,-9,3.45
fold2_room1_mix0800,53,4,0,16,-10,4.10
fold2_room1_mix0800,54,1,0,44,-4,13.40
fold2_room1_mix0800,54,4,0,-152,-12,3.80
fold2_room1_mix0800,54,4,0,20,-8,7.15
fold2_room1_mix0800,55,1,0,52,-4,13.71
fold2_room1_mix0800,55,4,0,-115,-15,2.59
fold2_room1_mix0800,55,4,0,18,-8,5.65
fold2_room1_mix0800,56,4,0,-82,-20,1.76
fold2_room1_mix0800,56,4,0,-51,-18,2.87
fold2_room1_mix0800,56,4,0,8,-5,6.50
fold2_room1_mix0800,57,4,0,-54,-12,2.32
fold2_room1_mix0800,57,4,0,-1,-4,7.31
fold2_room1_mix0800,58,4,0,-38,-10,3.26
fold2_room1_mix0800,58,4,0,2,-4,6.97
fold2_room1_mix0800,59,4,0,-29,-9,3.61
fold2_room1_mix0800,59,4,0,6,-2,8.82
fold2_room1_mix0800,60,4,0,-30,-6,4.23
fold2_room1_mix0800,60,4,0,3,-2,10.27
fold2_room1_mix0800,61,4,0,-27,-6,4.79
fold2_room1_mix0800,61,4,0,-1,-3,9.59
fold2_room1_mix0800,62,4,0,-22,-5,4.85
fold2_room1_mix0800,62,4,0,-4,-2,9.00
fold2_room1_mix0800,63,4,0,-22,-4,6.26
fold2_room1_mix0800,63,4,0,-1,-2,11.65
fold2_room1_mix0800,64,4,0,-25,-5,5.89
fold2_room1_mix0800,64,4,0,-8,-3,10.05
fold2_room1_mix0800,65,4,0,-39,-4,6.51
fold2_room1_mix0800,65,4,0,-12,-2,10.02
fold2_room1_mix0800,66,4,0,-36,-4,6.81
fold2_room1_mix0800,66,4,0,-9,-1,11.52
fold2_room1_mix0800,67,4,0,-44,-4,7.09
fold2_room1_mix0800,67,4,0,-14,-1,12.00
fold2_room1_mix0800,68,4,0,-55,-4,7.39
fold2_room1_mix0800,68,4,0,-14,0,12.87
fold2_room1_mix0800,69,4,0,-54,-5,7.07
fold2_room1_mix0800,69,4,0,-10,0,14.84
fold2_room1_mix0800,70,4,0,-59,-4,7.65
fold2_room1_mix0800,70,4,0,-17,0,13.12
fold2_room1_mix0800,71,4,0,-64,-4,8.49
fold2_room1_mix0800,71,4,0,-31,-1,12.58
fold2_room1_mix0800,71,4,0,-14,0,15.15
fold2_room1_mix0800,72,4,0,-84,-4,8.76
fold2_room1_mix0800,72,4,0,-18,0,15.60
fold2_room1_mix0800,73,4,0,-76,-3,8.88
fold2_room1_mix0800,73,4,0,-18,0,17.72
fold2_room1_mix0800,74,4,0,-88,-4,8.81
fold2_room1_mix0800,74,4,0,-18,0,16.22
fold2_room1_mix0800,75,4,0,-92,-4,9.15
fold2_room1_mix0800,75,4,0,-18,0,17.60
fold2_room1_mix0800,76,4,0,-97,-3,9.21
fold2_room1_mix0800,76,4,0,-20,0,18.02
fold2_room1_mix0800,77,4,0,-97,-3,9.11
fold2_room1_mix0800,77,4,0,-20,0,17.74
fold2_room1_mix0800,78,4,0,-104,-3,9.70
fold2_room1_mix0800,78,4,0,-25,0,18.71
fold2_room1_mix0800,79,4,0,-104,-3,9.62
fold2_room1_mix0800,79,4,0,-33,-1,17.08
fold2_room1_mix0800,80,4,0,-109,-3,9.33
fold2_room1_mix0800,80,4,0,-28,-1,17.98
fold2_room1_mix0800,81,4,0,-108,-3,10.15
fold2_room1_mix0800,81,4,0,-50,-2,15.59
fold2_room1_mix0800,82,4,0,-114,-2,10.84
fold2_room1_mix0800,82,4,0,-70,-3,14.60
fold2_room1_mix0800,83,4,0,-117,-2,11.29
fold2_room1_mix0800,83,4,0,-75,-2,15.11
fold2_room1_mix0800,84,4,0,-116,-1,12.20
fold2_room1_mix0800,84,4,0,-73,-2,15.96
fold2_room1_mix0800,85,4,0,-120,-1,12.94
fold2_room1_mix0800,85,4,0,-99,-3,14.84
fold2_room1_mix0800,86,4,0,-120,-1,14.00
fold2_room1_mix0800,87,4,0,-122,-2,13.10
fold2_room1_mix0800,88,4,0,-124,-1,15.01
fold2_room1_mix0800,89,4,0,-127,-1,14.37
fold2_room1_mix0800,90,4,0,-127,-1,14.34
fold2_room1_mix0800,91,4,0,-129,0,15.83
fold2_room1_mix0800,92,4,0,-128,0,15.75
fold2_room1_mix0800,93,4,0,-131,0,16.28
fold2_room1_mix0800,94,4,0,-133,0,15.88
fold2_room1_mix0800,95,4,0,-131,0,15.46
fold2_room1_mix0800,96,4,0,-134,0,10.86
fold2_room1_mix0800,97,4,0,-135,0,11.33
fold2_room1_mix0800,99,4,0,-136,0,3.66
fold2_room1_mix0801,6,4,0,-179,0,2.46
fold2_room1_mix0801,7,4,0,-178,0,13.73
fold2_room1_mix0801,8,4,0,-178,0,13.21
fold2_room1_mix0801,9,4,0,-179,0,15.55
fold2_room1_mix0801,10,4,0,-177,0,14.44
fold2_room1_mix0801,11,4,0,-177,0,22.20
fold2_room1_mix0801,12,4,0,-178,0,24.70
fold2_room1_mix0801,13,4,0,-178,0,24.99
fold2_room1_mix0801,14,4,0,-176,0,22.29
fold2_room1_mix0801,15,4,0,-177,0,25.04
fold2_room1_mix0801,16,4,0,-176,0,29.41
fold2_room1_mix0801,17,4,0,-177,0,12.21
fold2_room1_mix0801,18,4,0,-177,0,29.48
fold2_room1_mix0801,19,4,0,-176,0,27.37
fold2_room1_mix0801,20,4,0,-176,0,28.53
fold2_room1_mix0801,21,4,0,-176,0,21.00
fold2_room1_mix0801,22,4,0,-177,0,33.73
fold2_room1_mix0801,23,4,0,-176,0,27.42
fold2_room1_mix0801,24,4,0,-175,0,23.90
fold2_room1_mix0801,25,4,0,-175,0,26.45
fold2_room1_mix0801,26,4,0,-175,0,31.75
fold2_room1_mix0801,27,4,0,-176,0,36.38
fold2_room1_mix0801,28,4,0,-175,0,37.88
fold2_room1_mix0801,29,4,0,-175,0,38.35
fold2_room1_mix0801,30,4,0,-174,0,36.87
fold2_room1_mix0801,31,4,0,-175,0,38.86
fold2_room1_mix0801,32,4,0,-174,0,42.62
fold2_room1_mix0801,33,4,0,-175,0,45.32
fold2_room1_mix0801,34,4,0,-175,0,40.28
fold2_room1_mix0801,35,4,0,-173,0,45.32
fold2_room1_mix0801,36,4,0,-175,0,46.45
fold2_room1_mix0801,37,4,0,-175,0,45.75
fold2_room1_mix0801,38,4,0,-174,0,44.80
fold2_room1_mix0801,39,4,0,-173,0,48.08
fold2_room1_mix0801,40,4,0,-173,0,47.38
fold2_room1_mix0801,41,4,0,-173,0,47.48
fold2_room1_mix0801,42,4,0,-173,0,45.27
fold2_room1_mix0801,43,4,0,-171,0,45.37
fold2_room1_mix0801,44,4,0,-172,0,44.74
fold2_room1_mix0801,45,4,0,-171,0,44.38
fold2_room1_mix0801,46,4,0,-171,0,43.91
fold2_room1_mix0801,47,4,0,-170,0,44.03
fold2_room1_mix0801,48,4,0,-169,0,42.36
fold2_room1_mix0801,49,4,0,-169,0,40.21
fold2_room1_mix0801,50,4,0,-167,0,39.19
fold2_room1_mix0801,51,4,0,-167,0,38.98
fold2_room1_mix0801,52,4,0,-165,0,35.54
fold2_room1_mix0801,53,4,0,-167,0,35.23
fold2_room1_mix0801,54,4,0,-165,0,34.65
fold2_room1_mix0801,55,4,0,-165,0,33.97
fold2_room1_mix0801,56,4,0,-166,0,33.28
fold2_room1_mix0801,57,4,0,-163,0,33.19
fold2_room1_mix0801,58,4,0,-161,0,31.63
fold2_room1_mix0801,59,4,0,-161,0,30.81
fold2_room1_mix0801,60,4,0,-159,0,31.87
fold2_room1_mix0801,61,4,0,-159,0,30.09
fold2_room1_mix0801,62,4,0,-157,0,28.22
fold2_room1_mix0801,63,4,0,-157,0,27.62
fold2_room1_mix0801,64,4,0,-155,0,25.35
fold2_room1_mix0801,65,4,0,-155,0,23.96
fold2_room1_mix0801,66,4,0,-153,0,22.65
fold2_room1_mix0801,67,4,0,-151,0,22.10
fold2_room1_mix0801,68,4,0,-150,0,21.15
fold2_room1_mix0801,69,4,0,-151,-1,19.96
fold2_room1_mix0801,70,4,0,-151,-1,20.16
fold2_room1_mix0801,71,4,0,-149,-1,18.81
fold2_room1_mix0801,72,4,0,-147,-1,17.59
fold2_room1_mix0801,73,4,0,-145,-1,16.19
fold2_room1_mix0801,74,4,0,-143,-1,15.74
fold2_room1_mix0801,75,4,0,-144,-2,14.79
fold2_room1_mix0801,76,4,0,-138,-2,14.01
fold2_room1_mix0801,77,4,0,-137,-2,12.77
fold2_room1_mix0801,78,4,0,-134,-2,12.69
fold2_room1_mix0801,79,4,0,-132,-2,12.14
fold2_room1_mix0801,80,4,0,-128,-3,11.08
fold2_room1_mix0801,81,4,0,-124,-3,10.41
fold2_room1_mix0801,82,4,0,-121,-3,10.33
fold2_room1_mix0801,83,4,0,-118,-4,10.19
fold2_room1_mix0801,84,4,0,-113,-4,9.38
fold2_room1_mix0801,85,4,0,-108,-4,9.44
fold2_room1_mix0801,86,4,0,-102,-4,9.56
fold2_room1_mix0801,87,4,0,-97,-4,9.38
fold2_room1_mix0801,88,4,0,-91,-5,9.10
fold2_room1_mix0801,89,4,0,-86,-4,9.67
fold2_room1_mix0801,90,4,0,-81,-4,10.31
fold2_room1_mix0801,91,4,0,-75,-4,10.69
fold2_room1_mix0801,92,4,0,-70,-4,11.30
fold2_room1_mix0801,93,4,0,-64,-4,11.03
fold2_room1_mix0801,94,4,0,-59,-3,11.66
fold2_room1_mix0801,95,4,0,-55,-3,12.59
fold2_room1_mix0801,96,4,0,-52,-3,12.48
fold2_room1_mix0801,97,4,0,-47,-3,13.42
fold2_room1_mix0801,98,4,0,-44,-2,14.28
fold2_room1_mix0801,99,4,0,-41,-3,14.99
fold2_room1_mix0802,10,1,0,177,-1,9.74
fold2_room1_mix0802,12,1,0,-179,-2,19.57
fold2_room1_mix0802,13,1,0,173,-2,25.94
fold2_room1_mix0802,14,1,0,-177,-2,34.99
fold2_room1_mix0802,15,1,0,-178,-2,30.38
fold2_room1_mix0802,16,1,0,-175,-1,6.32
fold2_room1_mix0802,17,1,0,-179,-2,21.97
fold2_room1_mix0802,18,1,0,-176,-2,20.89
fold2_room1_mix0802,18,4,0,173,1,1.32
fold2_room1_mix0802,19,1,0,-173,-2,33.35
fold2_room1_mix0802,20,1,0,-175,-2,31.95
fold2_room1_mix0802,20,4,0,166,0,2.11
fold2_room1_mix0802,21,1,0,-173,-1,2.85
fold2_room1_mix0802,21,4,0,169,-2,11.97
fold2_room1_mix0802,22,1,0,-172,-2,29.69
fold2_room1_mix0802,22,4,0,164,-1,5.84
fold2_room1_mix0802,22,4,0,131,-4,6.41
fold2_room1_mix0802,23,1,0,-177,-2,37.67
fold2_room1_mix0802,23,4,0,166,-2,4.62
fold2_room1_mix0802,24,1,0,-170,-2,34.36
fold2_room1_mix0802,24,4,0,172,-1,10.11
fold2_room1_mix0802,24,4,0,134,-4,10.39
fold2_room1_mix0802,25,1,0,-172,-2,35.12
fold2_room1_mix0802,25,4,0,161,-1,2.48
fold2_room1_mix0802,26,1,0,-172,-2,6.32
fold2_room1_mix0802,26,4,0,172,-3,12.64
fold2_room1_mix0802,27,1,0,-168,-2,25.46
fold2_room1_mix0802,27,4,0,175,-3,18.34
fold2_room1_mix0802,27,4,0,149,-4,17.94
fold2_room1_mix0802,28,1,0,-170,-2,35.48
fold2_room1_mix0802,28,4,0,178,-2,9.79
fold2_room1_mix0802,28,4,0,141,-5,10.14
fold2_room1_mix0802,29,1,0,-165,-2,32.77
fold2_room1_mix0802,29,4,0,175,-4,12.26
fold2_room1_mix0802,29,4,0,138,-5,16.06
fold2_room1_mix0802,30,1,0,-168,-2,34.24
fold2_room1_mix0802,30,4,0,172,-3,10.93
fold2_room1_mix0802,30,4,0,134,-4,12.46
fold2_room1_mix0802,31,1,0,-168,-2,13.39
fold2_room1_mix0802,31,4,0,176,-3,11.18
fold2_room1_mix0802,31,4,0,152,-6,12.40
fold2_room1_mix0802,32,1,0,-163,-2,24.17
fold2_room1_mix0802,32,4,0,174,-4,11.96
fold2_room1_mix0802,32,4,0,151,-5,13.00
fold2_room1_mix0802,33,1,0,-165,-2,37.78
fold2_room1_mix0802,33,4,0,178,-3,6.66
fold2_room1_mix0802,33,4,0,129,-6,8.35
fold2_room1_mix0802,34,1,0,-164,-2,33.83
fold2_room1_mix0802,34,4,0,178,-4,8.12
fold2_room1_mix0802,34,4,0,109,-7,12.37
fold2_room1_mix0802,35,1,0,-166,-2,32.72
fold2_room1_mix0802,35,4,0,173,-5,6.79
fold2_room1_mix0802,35,4,0,103,-4,11.47
fold2_room1_mix0802,36,1,0,-168,-3,21.98
fold2_room1_mix0802,36,4,0,173,-4,5.57
fold2_room1_mix0802,36,4,0,71,-5,9.85
fold2_room1_mix0802,37,1,0,-165,-3,17.19
fold2_room1_mix0802,37,4,0,178,-8,5.13
fold2_room1_mix0802,37,4,0,149,-9,8.47
fold2_room1_mix0802,38,1,0,-160,-3,22.15
fold2_room1_mix0802,38,4,0,173,-9,4.18
fold2_room1_mix0802,38,4,0,126,-12,7.20
fold2_room1_mix0802,39,1,0,-164,-3,21.42
fold2_room1_mix0802,39,4,0,164,-10,3.51
fold2_room1_mix0802,39,4,0,108,-8,8.56
fold2_room1_mix0802,40,1,0,-162,-3,16.91
fold2_room1_mix0802,40,4,0,161,-14,3.12
fold2_room1_mix0802,40,4,0,104,-10,9.79
fold2_room1_mix0802,41,1,0,-166,-3,8.61
fold2_room1_mix0802,41,4,0,148,-33,1.48
fold2_room1_mix0802,41,4,0,94,-13,14.19
fold2_room1_mix0802,42,4,0,128,-60,0.79
fold2_room1_mix0802,42,4,0,80,-31,10.85
fold2_room1_mix0802,43,1,0,-143,-4,8.16
fold2_room1_mix0802,43,4,0,44,-45,1.15
fold2_room1_mix0802,43,4,0,41,-25,5.17
fold2_room1_mix0802,44,1,0,-147,-5,9.88
fold2_room1_mix0802,44,4,0,34,-33,1.55
fold2_room1_mix0802,44,4,0,35,-14,5.90
fold2_room1_mix0802,45,1,0,-156,-3,13.85
fold2_room1_mix0802,45,4,0,42,-22,4.25
fold2_room1_mix0802,45,4,0,38,-19,4.67
fold2_room1_mix0802,46,1,0,-151,-3,9.09
fold2_room1_mix0802,46,4,0,28,-15,4.23
fold2_room1_mix0802,47,4,0,88,-7,11.19
fold2_room1_mix0802,47,4,0,17,-12,4.27
fold2_room1_mix0802,48,1,0,-153,-3,18.45
fold2_room1_mix0802,48,4,0,80,-12,10.44
fold2_room1_mix0802,48,4,0,21,-15,3.76
fold2_room1_mix0802,49,1,0,-151,-3,22.15
fold2_room1_mix0802,49,4,0,118,-8,12.06
fold2_room1_mix0802,49,4,0,16,-13,3.21
fold2_room1_mix0802,50,1,0,-150,-3,18.88
fold2_room1_mix0802,50,4,0,82,-6,13.49
fold2_room1_mix0802,50,4,0,15,-9,4.42
fold2_room1_mix0802,51,1,0,-151,-3,23.04
fold2_room1_mix0802,51,4,0,56,-6,13.14
fold2_room1_mix0802,51,4,0,17,-8,5.34
fold2_room1_mix0802,52,4,0,80,-6,12.94
fold2_room1_mix0802,52,4,0,9,-7,6.04
fold2_room1_mix0802,53,1,0,-144,-3,16.91
fold2_room1_mix0802,53,4,0,93,-5,13.58
fold2_room1_mix0802,53,4,0,14,-8,5.46
fold2_room1_mix0802,54,1,0,-145,-3,19.14
fold2_room1_mix0802,54,4,0,118,-6,13.37
fold2_room1_mix0802,54,4,0,14,-9,5.63
fold2_room1_mix0802,55,1,0,-141,-3,16.60
fold2_room1_mix0802,55,4,0,12,-7,6.39
fold2_room1_mix0802,56,1,0,-141,-3,16.87
fold2_room1_mix0802,56,4,0,49,-6,12.31
fold2_room1_mix0802,56,4,0,12,-6,8.25
fold2_room1_mix0802,57,4,0,60,-5,14.48
fold2_room1_mix0802,57,4,0,9,-5,9.45
fold2_room1_mix0802,58,1,0,-127,-3,8.59
fold2_room1_mix0802,58,4,0,68,-6,14.52
fold2_room1_mix0802,58,4,0,8,-7,8.17
fold2_room1_mix0802,59,4,0,91,-2,16.43
fold2_room1_mix0802,59,4,0,8,-4,9.43
fold2_room1_mix0802,60,4,0,62,-1,16.50
fold2_room1_mix0802,60,4,0,6,-4,9.16
fold2_room1_mix0802,61,4,0,92,0,17.68
fold2_room1_mix0802,61,4,0,6,-3,8.73
fold2_room1_mix0802,62,4,0,90,-2,15.94
fold2_room1_mix0802,62,4,0,7,-4,7.64
fold2_room1_mix0802,63,4,0,79,-1,15.43
fold2_room1_mix0802,63,4,0,6,-4,8.34
fold2_room1_mix0802,64,4,0,88,-1,15.75
fold2_room1_mix0802,64,4,0,6,-4,8.24
fold2_room1_mix0802,65,4,0,101,-2,15.30
fold2_room1_mix0802,65,4,0,5,-5,7.14
fold2_room1_mix0802,66,4,0,99,-2,15.06
fold2_room1_mix0802,66,4,0,3,-5,7.11
fold2_room1_mix0802,67,4,0,92,-3,15.71
fold2_room1_mix0802,67,4,0,2,-6,6.79
fold2_room1_mix0802,68,4,0,96,-3,14.78
fold2_room1_mix0802,68,4,0,-2,-7,6.29
fold2_room1_mix0802,69,4,0,97,-1,14.96
fold2_room1_mix0802,69,4,0,-2,-7,5.61
fold2_room1_mix0802,70,4,0,86,-2,15.34
fold2_room1_mix0802,70,4,0,-5,-9,4.97
fold2_room1_mix0802,71,4,0,92,-2,14.49
fold2_room1_mix0802,71,4,0,-7,-9,4.45
fold2_room1_mix0802,72,4,0,84,-3,13.46
fold2_room1_mix0802,72,4,0,-25,-12,3.16
fold2_room1_mix0802,72,4,0,-8,-12,3.95
fold2_room1_mix0802,73,4,0,98,-4,12.97
fold2_room1_mix0802,73,4,0,-28,-16,2.28
fold2_room1_mix0802,73,4,0,-8,-17,2.86
fold2_room1_mix0802,74,4,0,95,-7,10.68
fold2_room1_mix0802,74,4,0,-46,-25,1.21
fold2_room1_mix0802,74,4,0,-6,-17,3.81
fold2_room1_mix0802,75,4,0,95,-40,4.22
fold2_room1_mix0802,75,4,0,-77,-32,0.96
fold2_room1_mix0802,75,4,0,37,-8,10.79
fold2_room1_mix0802,76,4,0,-119,-29,1.16
fold2_room1_mix0802,76,4,0,51,-3,12.33
fold2_room1_mix0802,77,4,0,-164,-21,2.43
fold2_room1_mix0802,77,4,0,-137,-21,1.08
fold2_room1_mix0802,77,4,0,63,0,15.17
fold2_room1_mix0802,78,4,0,-157,-17,2.39
fold2_room1_mix0802,78,4,0,85,-2,11.67
fold2_room1_mix0802,79,4,0,-161,-13,2.58
fold2_room1_mix0802,79,4,0,-177,-12,4.16
fold2_room1_mix0802,79,4,0,91,-1,17.52
fold2_room1_mix0802,80,4,0,-152,-13,2.35
fold2_room1_mix0802,80,4,0,168,-10,5.77
fold2_room1_mix0802,80,4,0,98,-1,17.22
fold2_room1_mix0802,81,4,0,-161,-10,3.20
fold2_room1_mix0802,81,4,0,162,-7,6.68
fold2_room1_mix0802,81,4,0,91,-1,16.05
fold2_room1_mix0802,82,4,0,-164,-8,3.54
fold2_room1_mix0802,82,4,0,111,0,11.88
fold2_room1_mix0802,82,4,0,70,-3,13.18
fold2_room1_mix0802,83,4,0,-165,-8,3.58
fold2_room1_mix0802,83,4,0,146,-4,8.76
fold2_room1_mix0802,83,4,0,92,-3,14.38
fold2_room1_mix0802,84,4,0,-165,-6,4.22
fold2_room1_mix0802,84,4,0,120,0,12.52
fold2_room1_mix0802,84,4,0,77,-1,13.92
fold2_room1_mix0802,85,4,0,-169,-5,5.39
fold2_room1_mix0802,85,4,0,116,0,14.11
fold2_room1_mix0802,85,4,0,82,-4,12.81
fold2_room1_mix0802,86,4,0,-168,-5,4.91
fold2_room1_mix0802,86,4,0,108,0,12.10
fold2_room1_mix0802,86,4,0,71,-2,12.77
fold2_room1_mix0802,87,4,0,-170,-4,5.98
fold2_room1_mix0802,87,4,0,114,0,12.98
fold2_room1_mix0802,87,4,0,89,-3,13.24
fold2_room1_mix0802,88,4,0,-169,-3,7.31
fold2_room1_mix0802,88,4,0,124,0,12.79
fold2_room1_mix0802,88,4,0,91,-2,12.74
fold2_room1_mix0802,89,4,0,-173,-3,7.13
fold2_room1_mix0802,89,4,0,110,0,12.34
fold2_room1_mix0802,89,4,0,81,-3,12.33
fold2_room1_mix0802,90,4,0,-175,-3,8.60
fold2_room1_mix0802,90,4,0,116,0,13.39
fold2_room1_mix0802,91,4,0,-175,-2,10.88
fold2_room1_mix0802,91,4,0,106,-1,14.29
fold2_room1_mix0802,92,4,0,-177,-2,8.92
fold2_room1_mix0802,92,4,0,112,0,13.87
fold2_room1_mix0802,93,4,0,178,-2,10.06
fold2_room1_mix0802,93,4,0,107,0,14.14
fold2_room1_mix0802,94,4,0,-178,-2,11.46
fold2_room1_mix0802,94,4,0,101,0,14.45
fold2_room1_mix0802,94,4,0,125,-2,14.99
fold2_room1_mix0802,95,4,0,-179,-1,10.88
fold2_room1_mix0802,95,4,0,113,0,14.82
fold2_room1_mix0802,95,4,0,161,-3,13.28
fold2_room1_mix0802,96,4,0,175,-2,12.04
fold2_room1_mix0802,96,4,0,114,0,15.75
fold2_room1_mix0802,96,4,0,153,-4,12.93
fold2_room1_mix0802,97,4,0,179,-2,11.97
fold2_room1_mix0802,97,4,0,113,0,16.63
fold2_room1_mix0802,98,4,0,-179,-2,11.06
fold2_room1_mix0802,98,4,0,117,0,16.37
fold2_room1_mix0802,98,4,0,152,-4,13.95
fold2_room1_mix0802,99,4,0,173,-2,12.37
fold2_room1_mix0802,99,4,0,119,0,16.48
fold2_room1_mix0802,99,4,0,154,-4,13.24
fold2_room1_mix0803,3,4,0,178,1,2.38
fold2_room1_mix0803,4,4,0,-178,0,15.15
fold2_room1_mix0803,5,3,0,156,-4,9.67
fold2_room1_mix0803,5,4,0,-178,0,15.86
fold2_room1_mix0803,6,3,0,154,-4,19.42
fold2_room1_mix0803,6,4,0,179,0,17.50
fold2_room1_mix0803,7,3,0,155,-3,18.20
fold2_room1_mix0803,7,4,0,-179,0,18.62
fold2_room1_mix0803,8,3,0,150,-3,17.40
fold2_room1_mix0803,8,4,0,179,0,24.29
fold2_room1_mix0803,9,3,0,156,-3,17.86
fold2_room1_mix0803,9,4,0,-178,0,25.51
fold2_room1_mix0803,10,3,0,159,-3,15.32
fold2_room1_mix0803,10,4,0,179,0,24.83
fold2_room1_mix0803,11,4,0,-179,0,29.82
fold2_room1_mix0803,12,4,0,178,0,24.20
fold2_room1_mix0803,13,4,0,178,0,24.12
fold2_room1_mix0803,14,3,0,154,-4,17.40
fold2_room1_mix0803,14,4,0,176,0,28.17
fold2_room1_mix0803,15,3,0,152,-4,17.82
fold2_room1_mix0803,15,4,0,176,0,25.14
fold2_room1_mix0803,16,3,0,150,-3,17.17
fold2_room1_mix0803,16,4,0,176,0,23.17
fold2_room1_mix0803,17,3,0,151,-3,17.10
fold2_room1_mix0803,17,4,0,176,0,24.59
fold2_room1_mix0803,18,3,0,148,-3,16.84
fold2_room1_mix0803,18,4,0,179,0,25.31
fold2_room1_mix0803,19,3,0,147,-3,17.34
fold2_room1_mix0803,19,4,0,178,0,24.96
fold2_room1_mix0803,20,3,0,150,-3,16.48
fold2_room1_mix0803,20,4,0,177,0,23.60
fold2_room1_mix0803,21,3,0,147,-3,15.69
fold2_room1_mix0803,21,4,0,178,0,23.50
fold2_room1_mix0803,22,3,0,148,-3,16.43
fold2_room1_mix0803,22,3,0,147,-3,16.52
fold2_room1_mix0803,22,4,0,178,0,22.11
fold2_room1_mix0803,23,3,0,156,-3,12.85
fold2_room1_mix0803,23,4,0,179,0,23.49
fold2_room1_mix0803,24,4,0,178,0,21.93
fold2_room1_mix0803,25,4,0,177,0,20.51
fold2_room1_mix0803,26,4,0,177,0,20.64
fold2_room1_mix0803,27,4,0,172,0,24.58
fold2_room1_mix0803,28,3,0,152,-3,13.92
fold2_room1_mix0803,28,4,0,174,0,23.61
fold2_room1_mix0803,29,3,0,148,-3,15.64
fold2_room1_mix0803,29,4,0,175,0,22.35
fold2_room1_mix0803,30,3,0,146,-3,16.21
fold2_room1_mix0803,30,4,0,175,0,24.64
fold2_room1_mix0803,31,3,0,141,-3,15.41
fold2_room1_mix0803,31,4,0,175,0,23.56
fold2_room1_mix0803,32,3,0,141,-3,14.78
fold2_room1_mix0803,32,4,0,177,0,22.85
fold2_room1_mix0803,33,3,0,137,-3,14.45
fold2_room1_mix0803,33,4,0,175,0,23.82
fold2_room1_mix0803,34,3,0,134,-4,13.68
fold2_room1_mix0803,34,4,0,177,0,21.81
fold2_room1_mix0803,35,3,0,130,-3,11.91
fold2_room1_mix0803,35,3,0,129,-3,11.88
fold2_room1_mix0803,35,4,0,177,0,21.84
fold2_room1_mix0803,36,3,0,134,-3,12.05
fold2_room1_mix0803,36,4,0,177,0,21.87
fold2_room1_mix0803,37,3,0,136,-3,4.03
fold2_room1_mix0803,37,4,0,176,0,20.83
fold2_room1_mix0803,38,4,0,176,-1,17.46
fold2_room1_mix0803,39,4,0,175,0,15.59
fold2_room1_mix0803,40,4,0,173,-1,16.70
fold2_room1_mix0803,41,3,0,136,-4,10.76
fold2_room1_mix0803,41,4,0,170,0,18.76
fold2_room1_mix0803,42,3,0,129,-4,13.63
fold2_room1_mix0803,42,4,0,171,0,16.68
fold2_room1_mix0803,43,3,0,131,-4,13.81
fold2_room1_mix0803,43,4,0,170,0,18.35
fold2_room1_mix0803,44,3,0,128,-4,12.92
fold2_room1_mix0803,44,4,0,170,0,16.51
fold2_room1_mix0803,45,3,0,125,-4,11.69
fold2_room1_mix0803,45,4,0,170,0,16.18
fold2_room1_mix0803,46,3,0,124,-4,11.92
fold2_room1_mix0803,46,4,0,171,-1,15.64
fold2_room1_mix0803,47,3,0,126,-4,12.65
fold2_room1_mix0803,47,4,0,173,-1,14.52
fold2_room1_mix0803,48,3,0,118,-4,11.41
fold2_room1_mix0803,48,4,0,172,-1,14.25
fold2_room1_mix0803,49,3,0,124,-4,10.70
fold2_room1_mix0803,49,4,0,171,-1,12.51
fold2_room1_mix0803,50,3,0,98,-4,6.60
fold2_room1_mix0803,50,4,0,171,0,14.66
fold2_room1_mix0803,51,3,0,58,-3,7.84
fold2_room1_mix0803,51,4,0,171,0,14.62
fold2_room1_mix0803,52,0,0,8,-1,4.19
fold2_room1_mix0803,52,3,0,58,-3,5.39
fold2_room1_mix0803,52,4,0,169,0,12.75
fold2_room1_mix0803,53,0,0,10,-1,16.11
fold2_room1_mix0803,53,3,0,72,-4,4.70
fold2_room1_mix0803,53,4,0,168,-1,11.94
fold2_room1_mix0803,54,0,0,14,-1,14.19
fold2_room1_mix0803,54,3,0,44,-3,5.61
fold2_room1_mix0803,54,4,0,167,-1,10.45
fold2_room1_mix0803,55,0,0,16,-1,13.86
fold2_room1_mix0803,55,3,0,57,-3,6.87
fold2_room1_mix0803,55,4,0,169,-1,9.49
fold2_room1_mix0803,56,0,0,15,-1,23.85
fold2_room1_mix0803,56,3,0,59,-4,8.10
fold2_room1_mix0803,56,4,0,170,-2,10.57
fold2_room1_mix0803,57,0,0,19,-1,19.94
fold2_room1_mix0803,57,3,0,53,-3,8.09
fold2_room1_mix0803,57,4,0,170,-1,10.75
fold2_room1_mix0803,58,0,0,24,-1,17.34
fold2_room1_mix0803,58,3,0,70,-4,8.18
fold2_room1_mix0803,58,4,0,170,-2,9.73
fold2_room1_mix0803,59,0,0,22,-1,20.94
fold2_room1_mix0803,59,3,0,57,-3,8.19
fold2_room1_mix0803,59,4,0,169,-2,10.00
fold2_room1_mix0803,60,0,0,24,-1,17.86
fold2_room1_mix0803,60,3,0,58,-4,8.33
fold2_room1_mix0803,60,4,0,168,-2,9.29
fold2_room1_mix0803,61,0,0,24,-1,14.93
fold2_room1_mix0803,61,3,0,50,-3,7.55
fold2_room1_mix0803,61,4,0,169,-3,8.44
fold2_room1_mix0803,62,0,0,25,-1,15.66
fold2_room1_mix0803,62,3,0,47,-3,6.71
fold2_room1_mix0803,62,4,0,162,-3,7.44
fold2_room1_mix0803,63,0,0,26,-1,16.43
fold2_room1_mix0803,63,3,0,40,-2,7.04
fold2_room1_mix0803,63,4,0,157,-4,6.50
fold2_room1_mix0803,64,0,0,30,-1,15.25
fold2_room1_mix0803,64,3,0,42,-2,8.86
fold2_room1_mix0803,64,4,0,145,-6,5.39
fold2_room1_mix0803,65,0,0,36,-1,13.49
fold2_room1_mix0803,65,3,0,38,-3,6.95
fold2_room1_mix0803,65,4,0,124,-7,4.42
fold2_room1_mix0803,66,0,0,41,-2,13.08
fold2_room1_mix0803,66,3,0,33,-3,5.28
fold2_room1_mix0803,66,4,0,105,-9,4.43
fold2_room1_mix0803,67,0,0,49,-2,12.15
fold2_room1_mix0803,67,3,0,39,-3,4.83
fold2_room1_mix0803,67,4,0,93,-6,4.73
fold2_room1_mix0803,68,0,0,56,-2,12.33
fold2_room1_mix0803,68,3,0,57,-5,4.07
fold2_room1_mix0803,68,4,0,74,-7,4.64
fold2_room1_mix0803,69,0,0,80,-2,10.62
fold2_room1_mix0803,69,3,0,72,-5,4.84
fold2_room1_mix0803,69,4,0,62,-5,4.26
fold2_room1_mix0803,70,0,0,88,-3,9.49
fold2_room1_mix0803,70,3,0,77,-5,5.88
fold2_room1_mix0803,70,4,0,49,-5,4.53
fold2_room1_mix0803,71,0,0,98,-3,9.12
fold2_room1_mix0803,71,3,0,85,-6,6.51
fold2_room1_mix0803,71,4,0,42,-4,5.00
fold2_room1_mix0803,72,0,0,99,-3,9.77
fold2_room1_mix0803,72,3,0,84,-6,6.44
fold2_room1_mix0803,72,4,0,40,-3,5.13
fold2_room1_mix0803,73,0,0,107,-2,10.59
fold2_room1_mix0803,73,3,0,78,-5,6.90
fold2_room1_mix0803,73,4,0,37,-3,5.74
fold2_room1_mix0803,74,0,0,117,-2,10.92
fold2_room1_mix0803,74,3,0,105,-6,5.11
fold2_room1_mix0803,74,4,0,28,-2,6.30
fold2_room1_mix0803,75,0,0,121,-2,12.45
fold2_room1_mix0803,75,4,0,25,0,6.59
fold2_room1_mix0803,76,0,0,124,-2,12.38
fold2_room1_mix0803,76,4,0,24,0,7.23
fold2_room1_mix0803,77,0,0,128,-2,12.17
fold2_room1_mix0803,77,4,0,21,0,7.38
fold2_room1_mix0803,78,0,0,129,-2,12.70
fold2_room1_mix0803,78,4,0,20,-1,8.06
fold2_room1_mix0803,79,0,0,136,-2,15.07
fold2_room1_mix0803,79,4,0,19,-1,8.51
fold2_room1_mix0803,80,0,0,130,-2,15.38
fold2_room1_mix0803,80,4,0,19,-1,9.91
fold2_room1_mix0803,81,0,0,137,-1,17.01
fold2_room1_mix0803,81,4,0,38,0,10.86
fold2_room1_mix0803,81,4,0,14,0,8.95
fold2_room1_mix0803,82,0,0,141,-1,17.33
fold2_room1_mix0803,82,4,0,35,0,12.77
fold2_room1_mix0803,82,4,0,12,0,11.20
fold2_room1_mix0803,83,0,0,144,-1,18.66
fold2_room1_mix0803,83,4,0,15,-1,12.03
fold2_room1_mix0803,84,0,0,146,-1,18.69
fold2_room1_mix0803,84,4,0,13,0,11.87
fold2_room1_mix0803,85,0,0,150,-1,19.14
fold2_room1_mix0803,85,4,0,13,-1,12.91
fold2_room1_mix0803,86,0,0,150,-1,21.57
fold2_room1_mix0803,86,4,0,13,0,14.70
fold2_room1_mix0803,87,0,0,152,-1,23.92
fold2_room1_mix0803,87,4,0,11,0,14.85
fold2_room1_mix0803,88,0,0,153,-1,22.60
fold2_room1_mix0803,88,4,0,11,0,16.31
fold2_room1_mix0803,89,0,0,152,-1,23.72
fold2_room1_mix0803,89,4,0,10,0,17.05
fold2_room1_mix0803,90,0,0,152,-1,27.40
fold2_room1_mix0803,90,4,0,12,-1,17.97
fold2_room1_mix0803,91,0,0,154,-1,25.02
fold2_room1_mix0803,91,4,0,9,0,19.07
fold2_room1_mix0803,92,0,0,155,-1,26.67
fold2_room1_mix0803,92,4,0,10,0,19.78
fold2_room1_mix0803,93,0,0,155,-1,27.24
fold2_room1_mix0803,93,4,0,10,0,18.58
fold2_room1_mix0803,94,0,0,157,-1,26.98
fold2_room1_mix0803,94,4,0,8,0,19.94
fold2_room1_mix0803,95,0,0,157,-1,29.78
fold2_room1_mix0803,95,4,0,9,0,19.47
fold2_room1_mix0803,96,0,0,163,0,6.19
fold2_room1_mix0803,96,4,0,7,0,20.61
fold2_room1_mix0803,97,0,0,161,0,2.79
fold2_room1_mix0803,97,4,0,7,0,22.33
fold2_room1_mix0803,98,4,0,7,0,22.34
fold2_room1_mix0803,99,4,0,8,0,21.41
fold2_room1_mix0804,17,1,0,-51,-3,22.39
fold2_room1_mix0804,18,1,0,-47,-3,19.89
fold2_room1_mix0804,19,1,0,-57,-3,16.42
fold2_room1_mix0804,21,1,0,-48,-3,19.00
fold2_room1_mix0804,22,1,0,-53,-3,14.71
fold2_room1_mix0804,23,1,0,-62,-3,15.63
fold2_room1_mix0804,24,1,0,-59,-3,18.14
fold2_room1_mix0804,26,1,0,-60,-3,16.09
fold2_room1_mix0804,27,1,0,-63,-3,15.37
fold2_room1_mix0804,28,1,0,-76,-3,13.98
fold2_room1_mix0804,29,1,0,-75,-4,13.23
fold2_room1_mix0804,31,1,0,-74,-3,12.13
fold2_room1_mix0804,32,1,0,-87,-4,13.18
fold2_room1_mix0804,33,1,0,-90,-4,11.36
fold2_room1_mix0804,34,1,0,-92,-4,11.87
fold2_room1_mix0804,36,1,0,-94,-4,9.34
fold2_room1_mix0804,37,1,0,-96,-3,9.09
fold2_room1_mix0804,38,1,0,-103,-4,11.68
fold2_room1_mix0804,39,1,0,-108,-4,13.10
fold2_room1_mix0804,40,1,0,-107,-3,6.15
fold2_room1_mix0804,41,1,0,-111,-3,8.07
fold2_room1_mix0804,42,1,0,-114,-3,12.35
fold2_room1_mix0804,43,1,0,-116,-3,13.17
fold2_room1_mix0804,44,1,0,-125,-3,14.87
fold2_room1_mix0804,45,1,0,-118,-3,3.25
fold2_room1_mix0804,46,1,0,-126,-3,7.65
fold2_room1_mix0804,47,1,0,-128,-2,14.12
fold2_room1_mix0804,48,1,0,-132,-3,17.80
fold2_room1_mix0804,49,1,0,-132,-2,12.58
fold2_room1_mix0804,50,1,0,-135,-3,10.84
fold2_room1_mix0804,52,1,0,-137,-3,20.79
fold2_room1_mix0804,53,1,0,-139,-3,21.81
fold2_room1_mix0804,53,4,0,-175,-1,6.78
fold2_room1_mix0804,54,1,0,-139,-2,16.77
fold2_room1_mix0804,54,4,0,-172,-3,6.86
fold2_room1_mix0804,55,1,0,-141,-2,17.79
fold2_room1_mix0804,56,4,0,-179,-2,8.26
fold2_room1_mix0804,57,1,0,-140,-2,18.09
fold2_room1_mix0804,57,4,0,-176,-2,14.13
fold2_room1_mix0804,58,1,0,-144,-2,20.17
fold2_room1_mix0804,58,4,0,-172,-3,7.07
fold2_room1_mix0804,59,1,0,-143,-2,22.32
fold2_room1_mix0804,59,4,0,-175,-3,8.39
fold2_room1_mix0804,60,1,0,-145,-2,22.51
fold2_room1_mix0804,60,4,0,173,-2,2.25
fold2_room1_mix0804,61,4,0,-168,-4,6.98
fold2_room1_mix0804,62,1,0,-142,-2,19.02
fold2_room1_mix0804,62,4,0,-170,-4,9.45
fold2_room1_mix0804,63,1,0,-146,-2,19.55
fold2_room1_mix0804,63,4,0,-169,-4,6.58
fold2_room1_mix0804,64,1,0,-145,-2,23.40
fold2_room1_mix0804,64,4,0,-174,-5,5.42
fold2_room1_mix0804,65,4,0,-162,-6,4.14
fold2_room1_mix0804,66,4,0,-158,-10,3.30
fold2_room1_mix0804,67,4,0,-151,-15,2.66
fold2_room1_mix0804,68,4,0,-143,-19,2.17
fold2_room1_mix0804,69,4,0,-123,-27,1.85
fold2_room1_mix0804,70,4,0,-78,-33,1.10
fold2_room1_mix0804,71,4,0,-41,-18,1.60
fold2_room1_mix0804,72,4,0,-30,-15,1.79
fold2_room1_mix0804,73,4,0,-24,-11,2.75
fold2_room1_mix0804,74,4,0,-22,-9,3.33
fold2_room1_mix0804,75,4,0,-16,-7,4.38
fold2_room1_mix0804,76,4,0,-13,-6,5.15
fold2_room1_mix0804,77,4,0,-10,-5,6.19
fold2_room1_mix0804,78,4,0,-8,-5,7.54
fold2_room1_mix0804,79,4,0,-8,-4,8.43
fold2_room1_mix0804,80,4,0,-7,-4,9.12
fold2_room1_mix0804,81,4,0,-6,-3,10.58
fold2_room1_mix0804,82,4,0,-7,-3,10.65
fold2_room1_mix0804,83,4,0,-6,-3,11.49
fold2_room1_mix0804,84,4,0,-6,-3,12.07
fold2_room1_mix0804,85,4,0,-5,-3,13.63
fold2_room1_mix0804,86,4,0,-6,-3,12.80
fold2_room1_mix0804,87,4,0,-6,-2,13.02
fold2_room1_mix0804,88,4,0,-6,-2,13.14
fold2_room1_mix0804,89,4,0,-4,-2,7.22
fold2_room1_mix0804,91,4,0,-4,-1,6.42
fold2_room1_mix0805,2,5,0,-172,6,3.57
fold2_room1_mix0805,3,4,0,1,3,3.78
fold2_room1_mix0805,3,5,0,-170,8,3.48
fold2_room1_mix0805,4,4,0,0,0,17.56
fold2_room1_mix0805,5,4,0,1,0,15.84
fold2_room1_mix0805,5,5,0,-170,7,6.74
fold2_room1_mix0805,6,4,0,1,0,17.31
fold2_room1_mix0805,6,5,0,-168,8,6.35
fold2_room1_mix0805,7,4,0,3,0,20.95
fold2_room1_mix0805,7,5,0,-169,8,5.71
fold2_room1_mix0805,8,4,0,2,0,30.44
fold2_room1_mix0805,8,5,0,-172,7,5.92
fold2_room1_mix0805,9,4,0,3,0,35.05
fold2_room1_mix0805,9,5,0,-173,7,6.36
fold2_room1_mix0805,10,4,0,3,0,29.46
fold2_room1_mix0805,10,5,0,-173,7,6.27
fold2_room1_mix0805,11,4,0,3,0,26.39
fold2_room1_mix0805,11,5,0,-172,10,5.10
fold2_room1_mix0805,12,4,0,3,0,28.31
fold2_room1_mix0805,12,5,0,-172,8,5.79
fold2_room1_mix0805,13,4,0,3,1,29.12
fold2_room1_mix0805,13,5,0,-171,7,6.40
fold2_room1_mix0805,14,4,0,5,0,38.53
fold2_room1_mix0805,14,5,0,-171,7,6.54
fold2_room1_mix0805,15,4,0,5,1,31.94
fold2_room1_mix0805,15,5,0,-168,7,6.59
fold2_room1_mix0805,16,4,0,3,0,33.28
fold2_room1_mix0805,16,5,0,-172,7,6.39
fold2_room1_mix0805,17,4,0,5,0,36.42
fold2_room1_mix0805,17,5,0,-173,7,6.74
fold2_room1_mix0805,18,4,0,4,1,37.27
fold2_room1_mix0805,18,5,0,-174,6,5.84
fold2_room1_mix0805,19,4,0,6,0,34.14
fold2_room1_mix0805,19,5,0,-170,8,5.92
fold2_room1_mix0805,20,4,0,6,0,35.21
fold2_room1_mix0805,20,5,0,-174,8,6.43
fold2_room1_mix0805,21,4,0,4,0,33.01
fold2_room1_mix0805,21,5,0,-174,7,7.15
fold2_room1_mix0805,22,4,0,6,0,31.79
fold2_room1_mix0805,22,5,0,-172,6,7.39
fold2_room1_mix0805,23,4,0,6,0,34.08
fold2_room1_mix0805,23,5,0,-171,6,7.39
fold2_room1_mix0805,24,4,0,7,0,36.24
fold2_room1_mix0805,24,5,0,-174,6,7.48
fold2_room1_mix0805,25,4,0,8,0,34.28
fold2_room1_mix0805,25,5,0,-175,7,6.97
fold2_room1_mix0805,26,4,0,9,0,34.94
fold2_room1_mix0805,26,5,0,-174,7,7.24
fold2_room1_mix0805,27,4,0,11,0,35.43
fold2_room1_mix0805,27,5,0,-174,9,6.08
fold2_room1_mix0805,28,4,0,8,0,31.16
fold2_room1_mix0805,28,5,0,-176,7,6.82
fold2_room1_mix0805,29,4,0,9,0,31.66
fold2_room1_mix0805,29,5,0,-176,7,7.56
fold2_room1_mix0805,30,4,0,11,0,31.60
fold2_room1_mix0805,30,5,0,-174,7,6.73
fold2_room1_mix0805,31,4,0,12,0,30.49
fold2_room1_mix0805,31,5,0,-170,7,6.91
fold2_room1_mix0805,32,4,0,11,0,31.03
fold2_room1_mix0805,32,5,0,-176,7,7.18
fold2_room1_mix0805,33,4,0,11,0,29.12
fold2_room1_mix0805,33,5,0,-176,7,6.85
fold2_room1_mix0805,34,4,0,12,0,29.33
fold2_room1_mix0805,34,5,0,-174,7,7.56
fold2_room1_mix0805,35,4,0,16,0,29.30
fold2_room1_mix0805,35,5,0,-175,9,5.72
fold2_room1_mix0805,36,4,0,13,0,26.66
fold2_room1_mix0805,36,5,0,-174,8,6.58
fold2_room1_mix0805,37,4,0,14,-1,26.91
fold2_room1_mix0805,37,5,0,-176,7,7.26
fold2_room1_mix0805,38,4,0,16,-1,26.07
fold2_room1_mix0805,38,5,0,-175,8,6.86
fold2_room1_mix0805,39,4,0,17,-1,24.16
fold2_room1_mix0805,39,5,0,-171,8,6.40
fold2_room1_mix0805,40,4,0,17,-1,24.24
fold2_room1_mix0805,40,5,0,-176,7,7.45
fold2_room1_mix0805,41,4,0,16,-1,23.23
fold2_room1_mix0805,41,5,0,-176,8,6.62
fold2_room1_mix0805,42,4,0,14,-2,22.65
fold2_room1_mix0805,42,5,0,-176,7,6.94
fold2_room1_mix0805,43,4,0,18,-1,23.39
fold2_room1_mix0805,43,5,0,-174,9,5.77
fold2_room1_mix0805,44,4,0,17,-1,22.27
fold2_room1_mix0805,44,5,0,-175,9,6.04
fold2_room1_mix0805,45,4,0,20,-1,22.06
fold2_room1_mix0805,45,5,0,-176,9,6.07
fold2_room1_mix0805,46,4,0,22,-1,21.62
fold2_room1_mix0805,46,5,0,-176,8,6.35
fold2_room1_mix0805,47,4,0,22,-1,20.08
fold2_room1_mix0805,47,5,0,-172,8,6.25
fold2_room1_mix0805,48,4,0,24,-1,19.00
fold2_room1_mix0805,48,5,0,-176,9,6.27
fold2_room1_mix0805,49,4,0,24,-1,18.85
fold2_room1_mix0805,49,5,0,-177,9,5.87
fold2_room1_mix0805,50,4,0,24,-1,18.86
fold2_room1_mix0805,50,5,0,-173,9,5.71
fold2_room1_mix0805,51,4,0,27,-1,18.24
fold2_room1_mix0805,51,5,0,-176,10,5.39
fold2_room1_mix0805,52,4,0,27,-2,17.35
fold2_room1_mix0805,52,5,0,-176,9,6.00
fold2_room1_mix0805,53,4,0,29,-1,17.41
fold2_room1_mix0805,53,5,0,-176,10,5.73
fold2_room1_mix0805,54,4,0,30,-2,16.63
fold2_room1_mix0805,54,5,0,-176,9,5.60
fold2_room1_mix0805,55,4,0,31,-2,15.42
fold2_room1_mix0805,55,5,0,-168,10,5.31
fold2_room1_mix0805,56,4,0,35,-2,14.83
fold2_room1_mix0805,56,5,0,-178,9,5.88
fold2_room1_mix0805,57,4,0,35,-2,13.43
fold2_room1_mix0805,57,5,0,-175,10,5.35
fold2_room1_mix0805,58,4,0,37,-2,13.95
fold2_room1_mix0805,58,5,0,-175,11,5.04
fold2_room1_mix0805,59,4,0,41,-2,13.37
fold2_room1_mix0805,59,5,0,-174,11,4.92
fold2_room1_mix0805,60,4,0,42,-2,13.08
fold2_room1_mix0805,60,5,0,-175,11,5.24
fold2_room1_mix0805,61,4,0,46,-3,12.26
fold2_room1_mix0805,61,5,0,179,12,4.41
fold2_room1_mix0805,62,4,0,47,-3,11.85
fold2_room1_mix0805,62,5,0,-174,11,5.13
fold2_room1_mix0805,63,4,0,47,-3,11.59
fold2_room1_mix0805,63,5,0,-170,11,4.80
fold2_room1_mix0805,64,4,0,52,-3,10.74
fold2_room1_mix0805,64,5,0,179,10,5.16
fold2_room1_mix0805,65,4,0,54,-3,10.10
fold2_room1_mix0805,65,5,0,-174,12,4.67
fold2_room1_mix0805,66,4,0,58,-4,9.93
fold2_room1_mix0805,66,5,0,-176,12,4.31
fold2_room1_mix0805,67,4,0,59,-4,9.46
fold2_room1_mix0805,67,5,0,-173,12,4.34
fold2_room1_mix0805,68,4,0,61,-4,9.45
fold2_room1_mix0805,68,5,0,-177,13,4.19
fold2_room1_mix0805,69,4,0,65,-4,8.70
fold2_room1_mix0805,69,5,0,177,13,4.09
fold2_room1_mix0805,70,4,0,67,-5,8.49
fold2_room1_mix0805,70,5,0,-172,12,4.36
fold2_room1_mix0805,71,4,0,72,-5,8.55
fold2_room1_mix0805,71,5,0,-176,13,3.89
fold2_room1_mix0805,72,4,0,77,-5,8.70
fold2_room1_mix0805,72,5,0,178,13,3.96
fold2_room1_mix0805,73,4,0,82,-6,8.30
fold2_room1_mix0805,73,5,0,-176,12,4.35
fold2_room1_mix0805,74,4,0,86,-6,8.66
fold2_room1_mix0805,74,5,0,-173,12,4.28
fold2_room1_mix0805,75,4,0,92,-7,8.66
fold2_room1_mix0805,75,5,0,-177,11,4.42
fold2_room1_mix0805,76,4,0,96,-6,8.80
fold2_room1_mix0805,76,5,0,-176,12,4.24
fold2_room1_mix0805,77,4,0,101,-6,8.84
fold2_room1_mix0805,77,5,0,173,14,3.58
fold2_room1_mix0805,78,4,0,105,-5,9.31
fold2_room1_mix0805,78,5,0,-175,12,4.45
fold2_room1_mix0805,79,4,0,112,-5,9.37
fold2_room1_mix0805,79,5,0,-176,14,3.78
fold2_room1_mix0805,80,4,0,117,-5,9.15
fold2_room1_mix0805,80,5,0,175,12,4.35
fold2_room1_mix0805,81,4,0,119,-5,9.56
fold2_room1_mix0805,81,5,0,-176,14,3.71
fold2_room1_mix0805,82,4,0,124,-4,10.29
fold2_room1_mix0805,82,5,0,-170,15,3.46
fold2_room1_mix0805,83,4,0,127,-4,10.16
fold2_room1_mix0805,83,5,0,-172,14,3.87
fold2_room1_mix0805,84,4,0,131,-4,10.71
fold2_room1_mix0805,84,5,0,-175,14,3.67
fold2_room1_mix0805,85,4,0,133,-4,10.66
fold2_room1_mix0805,85,5,0,177,14,3.57
fold2_room1_mix0805,86,4,0,133,-4,11.45
fold2_room1_mix0805,86,5,0,-166,13,4.24
fold2_room1_mix0805,87,4,0,138,-3,11.83
fold2_room1_mix0805,87,5,0,-173,13,4.06
fold2_room1_mix0805,88,4,0,141,-3,12.66
fold2_room1_mix0805,88,5,0,177,12,4.56
fold2_room1_mix0805,89,4,0,142,-3,12.60
fold2_room1_mix0805,89,5,0,-175,13,3.95
fold2_room1_mix0805,90,4,0,142,-3,13.30
fold2_room1_mix0805,90,5,0,-172,12,4.37
fold2_room1_mix0805,91,4,0,144,-3,14.35
fold2_room1_mix0805,91,5,0,-179,13,4.18
fold2_room1_mix0805,92,4,0,144,-3,14.66
fold2_room1_mix0805,92,5,0,-177,14,3.70
fold2_room1_mix0805,93,4,0,147,-3,14.96
fold2_room1_mix0805,93,5,0,179,16,3.34
fold2_room1_mix0805,94,4,0,148,-2,16.07
fold2_room1_mix0805,94,5,0,-176,14,3.62
fold2_room1_mix0805,95,4,0,147,-2,16.35
fold2_room1_mix0805,95,5,0,-173,14,3.66
fold2_room1_mix0805,96,4,0,150,-2,16.79
fold2_room1_mix0805,96,5,0,-179,14,3.94
fold2_room1_mix0805,97,4,0,151,-1,18.17
fold2_room1_mix0805,97,5,0,-170,14,3.59
fold2_room1_mix0805,98,4,0,152,-1,18.52
fold2_room1_mix0805,98,5,0,-165,14,4.01
fold2_room1_mix0805,99,4,0,155,-1,17.69
fold2_room1_mix0805,99,5,0,-178,14,3.86
fold2_room1_mix0805,0,5,0,-167,5,1.28
fold2_room1_mix0806,0,5,0,10,2,4.05
fold2_room1_mix0806,1,5,0,9,2,12.83
fold2_room1_mix0806,2,5,0,11,2,14.28
fold2_room1_mix0806,3,5,0,11,2,10.18
fold2_room1_mix0806,4,5,0,10,2,13.96
fold2_room1_mix0806,5,5,0,9,2,14.79
fold2_room1_mix0806,6,5,0,4,1,21.07
fold2_room1_mix0806,7,5,0,7,3,14.33
fold2_room1_mix0806,8,5,0,12,2,16.82
fold2_room1_mix0806,9,5,0,10,2,16.19
fold2_room1_mix0806,10,5,0,12,2,17.74
fold2_room1_mix0806,11,5,0,15,2,15.49
fold2_room1_mix0806,12,5,0,10,2,16.67
fold2_room1_mix0806,13,5,0,13,2,14.65
fold2_room1_mix0806,14,5,0,13,2,15.00
fold2_room1_mix0806,15,5,0,16,2,15.77
fold2_room1_mix0806,16,5,0,14,2,14.44
fold2_room1_mix0806,17,5,0,15,2,16.12
fold2_room1_mix0806,18,5,0,13,2,15.13
fold2_room1_mix0806,19,5,0,13,3,14.54
fold2_room1_mix0806,20,5,0,17,2,15.98
fold2_room1_mix0806,21,5,0,16,2,16.31
fold2_room1_mix0806,22,5,0,18,2,16.24
fold2_room1_mix0806,23,5,0,15,2,14.93
fold2_room1_mix0806,24,5,0,12,2,15.62
fold2_room1_mix0806,25,5,0,16,2,16.22
fold2_room1_mix0806,26,5,0,15,2,16.36
fold2_room1_mix0806,27,5,0,14,2,14.93
fold2_room1_mix0806,28,5,0,14,2,17.20
fold2_room1_mix0806,29,5,0,15,3,15.09
fold2_room1_mix0806,30,5,0,16,2,15.40
fold2_room1_mix0806,31,5,0,16,2,16.77
fold2_room1_mix0806,32,5,0,15,2,15.08
fold2_room1_mix0806,33,5,0,16,2,17.42
fold2_room1_mix0806,34,5,0,16,2,15.62
fold2_room1_mix0806,35,5,0,17,2,13.56
fold2_room1_mix0806,36,5,0,14,2,15.87
fold2_room1_mix0806,37,5,0,13,2,15.86
fold2_room1_mix0806,38,4,0,-6,0,6.50
fold2_room1_mix0806,38,5,0,18,3,13.69
fold2_room1_mix0806,39,4,0,-4,-1,11.08
fold2_room1_mix0806,39,5,0,17,2,14.06
fold2_room1_mix0806,40,4,0,-3,-1,18.27
fold2_room1_mix0806,40,5,0,13,2,15.42
fold2_room1_mix0806,41,4,0,-4,-2,21.05
fold2_room1_mix0806,41,5,0,16,2,15.21
fold2_room1_mix0806,42,4,0,-7,-2,23.96
fold2_room1_mix0806,42,5,0,15,2,14.34
fold2_room1_mix0806,43,4,0,-8,-1,22.65
fold2_room1_mix0806,43,5,0,11,2,13.59
fold2_room1_mix0806,44,4,0,-7,-1,24.15
fold2_room1_mix0806,44,5,0,13,2,13.05
fold2_room1_mix0806,45,4,0,-6,-2,22.06
fold2_room1_mix0806,45,5,0,15,2,14.13
fold2_room1_mix0806,46,4,0,-4,-2,21.13
fold2_room1_mix0806,46,5,0,12,2,14.10
fold2_room1_mix0806,47,4,0,-6,-2,19.85
fold2_room1_mix0806,47,5,0,14,2,15.61
fold2_room1_mix0806,48,4,0,-6,-1,19.80
fold2_room1_mix0806,48,5,0,13,2,14.99
fold2_room1_mix0806,49,4,0,-7,-2,18.07
fold2_room1_mix0806,49,5,0,12,2,15.22
fold2_room1_mix0806,50,4,0,-7,-2,17.18
fold2_room1_mix0806,50,5,0,12,2,15.05
fold2_room1_mix0806,51,4,0,-12,-2,16.41
fold2_room1_mix0806,51,5,0,12,2,14.15
fold2_room1_mix0806,52,4,0,-10,-2,14.86
fold2_room1_mix0806,52,5,0,12,2,14.81
fold2_room1_mix0806,53,4,0,-12,-3,14.41
fold2_room1_mix0806,53,5,0,10,2,15.17
fold2_room1_mix0806,54,4,0,-13,-3,12.89
fold2_room1_mix0806,54,5,0,14,2,14.24
fold2_room1_mix0806,55,4,0,-13,-3,10.76
fold2_room1_mix0806,55,5,0,14,2,15.15
fold2_room1_mix0806,56,4,0,-16,-3,10.30
fold2_room1_mix0806,56,5,0,13,2,14.90
fold2_room1_mix0806,57,4,0,-17,-3,9.73
fold2_room1_mix0806,57,5,0,15,2,13.46
fold2_room1_mix0806,58,4,0,-20,-4,8.50
fold2_room1_mix0806,58,5,0,16,3,13.69
fold2_room1_mix0806,59,4,0,-22,-4,7.28
fold2_room1_mix0806,59,5,0,13,3,13.19
fold2_room1_mix0806,60,4,0,-28,-4,6.09
fold2_room1_mix0806,60,5,0,14,2,14.10
fold2_room1_mix0806,61,4,0,-28,-5,5.92
fold2_room1_mix0806,61,5,0,15,3,12.65
fold2_room1_mix0806,62,4,0,-34,-5,4.86
fold2_room1_mix0806,62,5,0,17,3,12.35
fold2_room1_mix0806,63,4,0,-40,-7,4.18
fold2_room1_mix0806,63,5,0,16,3,11.26
fold2_room1_mix0806,64,4,0,-52,-9,3.52
fold2_room1_mix0806,64,5,0,16,4,10.36
fold2_room1_mix0806,65,4,0,-66,-9,3.58
fold2_room1_mix0806,65,5,0,18,3,10.68
fold2_room1_mix0806,66,4,0,-82,-10,3.54
fold2_room1_mix0806,66,5,0,17,3,11.10
fold2_room1_mix0806,67,4,0,-97,-10,3.45
fold2_room1_mix0806,67,5,0,7,3,11.62
fold2_room1_mix0806,68,4,0,-115,-9,3.67
fold2_room1_mix0806,68,5,0,12,4,11.02
fold2_room1_mix0806,69,4,0,-126,-8,3.87
fold2_room1_mix0806,69,5,0,17,3,10.96
fold2_room1_mix0806,70,4,0,-139,-7,4.41
fold2_room1_mix0806,70,5,0,15,4,9.90
fold2_room1_mix0806,71,4,0,-145,-7,5.13
fold2_room1_mix0806,71,5,0,14,3,11.98
fold2_room1_mix0806,72,4,0,-147,-6,5.87
fold2_room1_mix0806,72,5,0,15,3,11.65
fold2_room1_mix0806,73,4,0,-153,-4,6.67
fold2_room1_mix0806,73,5,0,16,3,11.49
fold2_room1_mix0806,74,4,0,-155,-4,7.24
fold2_room1_mix0806,74,5,0,17,3,12.72
fold2_room1_mix0806,75,4,0,-157,-3,8.64
fold2_room1_mix0806,75,5,0,12,4,10.99
fold2_room1_mix0806,76,4,0,-158,-3,8.91
fold2_room1_mix0806,76,5,0,15,3,12.03
fold2_room1_mix0806,77,4,0,-160,-3,9.66
fold2_room1_mix0806,77,5,0,15,3,12.33
fold2_room1_mix0806,78,4,0,-161,-2,10.94
fold2_room1_mix0806,78,5,0,15,3,12.26
fold2_room1_mix0806,79,4,0,-163,-2,12.46
fold2_room1_mix0806,79,5,0,13,3,14.36
fold2_room1_mix0806,80,4,0,-163,-2,11.97
fold2_room1_mix0806,80,5,0,17,3,12.16
fold2_room1_mix0806,81,4,0,-164,-2,13.21
fold2_room1_mix0806,81,5,0,14,3,12.41
fold2_room1_mix0806,82,4,0,-165,-2,14.86
fold2_room1_mix0806,82,5,0,15,2,14.14
fold2_room1_mix0806,83,4,0,-165,-2,14.84
fold2_room1_mix0806,83,5,0,13,3,13.25
fold2_room1_mix0806,84,4,0,-166,-1,15.96
fold2_room1_mix0806,84,5,0,16,3,12.57
fold2_room1_mix0806,85,4,0,-167,-1,17.26
fold2_room1_mix0806,85,5,0,14,3,13.28
fold2_room1_mix0806,86,4,0,-168,-1,18.28
fold2_room1_mix0806,86,5,0,16,3,14.93
fold2_room1_mix0806,87,4,0,-169,-1,18.58
fold2_room1_mix0806,87,5,0,14,3,15.37
fold2_room1_mix0806,88,4,0,-169,-1,20.38
fold2_room1_mix0806,88,5,0,16,3,15.02
fold2_room1_mix0806,89,4,0,-170,-1,20.42
fold2_room1_mix0806,89,5,0,15,3,14.93
fold2_room1_mix0806,90,4,0,-170,-1,19.92
fold2_room1_mix0806,90,5,0,16,3,15.26
fold2_room1_mix0806,91,4,0,-171,-1,19.09
fold2_room1_mix0806,91,5,0,14,3,13.66
fold2_room1_mix0806,92,4,0,-173,0,7.49
fold2_room1_mix0806,92,5,0,16,2,16.03
fold2_room1_mix0806,93,4,0,-173,0,3.83
fold2_room1_mix0806,93,5,0,16,2,15.43
fold2_room1_mix0806,94,5,0,16,2,15.12
fold2_room1_mix0806,95,5,0,16,2,18.13
fold2_room1_mix0806,96,5,0,18,2,15.59
fold2_room1_mix0806,97,5,0,17,2,15.18
fold2_room1_mix0806,98,5,0,15,3,14.10
fold2_room1_mix0806,99,5,0,14,3,14.40
fold2_room1_mix0807,1,4,0,173,0,2.81
fold2_room1_mix0807,3,4,0,171,0,5.49
fold2_room1_mix0807,4,4,0,169,0,18.17
fold2_room1_mix0807,5,4,0,168,0,19.70
fold2_room1_mix0807,6,4,0,169,0,23.40
fold2_room1_mix0807,7,4,0,165,0,29.68
fold2_room1_mix0807,8,4,0,166,0,35.47
fold2_room1_mix0807,9,4,0,169,0,34.15
fold2_room1_mix0807,9,4,0,4,0,50.47
fold2_room1_mix0807,10,4,0,168,0,31.64
fold2_room1_mix0807,10,4,0,6,0,45.86
fold2_room1_mix0807,11,4,0,166,0,31.52
fold2_room1_mix0807,11,4,0,8,0,42.19
fold2_room1_mix0807,12,4,0,165,0,29.49
fold2_room1_mix0807,12,4,0,4,0,42.12
fold2_room1_mix0807,13,4,0,167,0,27.51
fold2_room1_mix0807,13,4,0,5,0,40.02
fold2_room1_mix0807,14,4,0,165,0,28.64
fold2_room1_mix0807,14,4,0,3,0,39.40
fold2_room1_mix0807,15,4,0,164,0,26.27
fold2_room1_mix0807,15,4,0,5,0,37.57
fold2_room1_mix0807,16,4,0,164,0,24.40
fold2_room1_mix0807,16,4,0,5,0,34.79
fold2_room1_mix0807,17,4,0,163,-1,25.33
fold2_room1_mix0807,17,4,0,5,0,35.69
fold2_room1_mix0807,18,4,0,164,-1,24.40
fold2_room1_mix0807,18,4,0,5,0,36.12
fold2_room1_mix0807,19,4,0,163,-1,22.77
fold2_room1_mix0807,19,4,0,4,0,31.22
fold2_room1_mix0807,20,4,0,159,-1,23.51
fold2_room1_mix0807,20,4,0,7,0,32.27
fold2_room1_mix0807,21,4,0,161,-1,22.86
fold2_room1_mix0807,21,4,0,8,0,32.31
fold2_room1_mix0807,22,4,0,161,-1,23.07
fold2_room1_mix0807,22,4,0,6,0,29.94
fold2_room1_mix0807,23,4,0,159,-1,21.92
fold2_room1_mix0807,23,4,0,7,0,28.22
fold2_room1_mix0807,24,4,0,158,-1,22.23
fold2_room1_mix0807,24,4,0,8,0,29.97
fold2_room1_mix0807,25,4,0,153,-2,21.64
fold2_room1_mix0807,25,4,0,8,0,30.45
fold2_room1_mix0807,26,4,0,153,-1,20.46
fold2_room1_mix0807,26,4,0,7,0,27.60
fold2_room1_mix0807,27,4,0,151,-1,20.45
fold2_room1_mix0807,27,4,0,11,0,28.22
fold2_room1_mix0807,28,4,0,152,-1,19.49
fold2_room1_mix0807,28,4,0,10,0,27.81
fold2_room1_mix0807,29,4,0,149,-1,18.25
fold2_room1_mix0807,29,4,0,12,0,25.79
fold2_room1_mix0807,30,4,0,150,-2,19.36
fold2_room1_mix0807,30,4,0,13,0,27.52
fold2_room1_mix0807,31,4,0,145,-2,17.33
fold2_room1_mix0807,31,4,0,12,-1,24.47
fold2_room1_mix0807,32,2,0,136,-4,7.30
fold2_room1_mix0807,32,4,0,143,-2,17.35
fold2_room1_mix0807,32,4,0,13,-1,22.90
fold2_room1_mix0807,33,2,0,136,-5,7.32
fold2_room1_mix0807,33,4,0,142,-2,16.56
fold2_room1_mix0807,33,4,0,19,-1,23.29
fold2_room1_mix0807,34,2,0,133,-5,6.46
fold2_room1_mix0807,34,4,0,136,-4,14.11
fold2_room1_mix0807,34,4,0,16,-1,19.76
fold2_room1_mix0807,35,2,0,132,-5,6.11
fold2_room1_mix0807,35,4,0,135,-3,15.02
fold2_room1_mix0807,35,4,0,14,-1,19.52
fold2_room1_mix0807,36,2,0,136,-5,5.45
fold2_room1_mix0807,36,4,0,125,-4,12.63
fold2_room1_mix0807,36,4,0,16,-2,16.87
fold2_room1_mix0807,37,4,0,130,-4,12.55
fold2_room1_mix0807,37,4,0,19,-3,15.44
fold2_room1_mix0807,38,4,0,127,-4,11.50
fold2_room1_mix0807,38,4,0,11,-3,14.93
fold2_room1_mix0807,39,4,0,127,-3,13.33
fold2_room1_mix0807,39,4,0,74,-6,10.78
fold2_room1_mix0807,39,4,0,16,-2,14.82
fold2_room1_mix0807,40,4,0,131,-2,15.67
fold2_room1_mix0807,40,4,0,82,-5,11.62
fold2_room1_mix0807,40,4,0,12,-2,15.57
fold2_room1_mix0807,41,4,0,128,-2,15.41
fold2_room1_mix0807,41,4,0,72,-5,11.70
fold2_room1_mix0807,41,4,0,11,-3,12.84
fold2_room1_mix0807,42,2,0,119,-5,7.26
fold2_room1_mix0807,42,4,0,108,-3,13.83
fold2_room1_mix0807,42,4,0,16,-3,12.40
fold2_room1_mix0807,43,2,0,119,-5,8.04
fold2_room1_mix0807,43,4,0,106,-2,15.26
fold2_room1_mix0807,43,4,0,46,-4,10.85
fold2_room1_mix0807,43,4,0,12,-4,9.96
fold2_room1_mix0807,44,2,0,121,-5,9.32
fold2_room1_mix0807,44,4,0,98,-3,14.31
fold2_room1_mix0807,44,4,0,12,-4,9.86
fold2_room1_mix0807,45,2,0,122,-6,8.19
fold2_room1_mix0807,45,4,0,88,-2,14.72
fold2_room1_mix0807,45,4,0,12,-5,8.69
fold2_room1_mix0807,46,2,0,116,-6,8.05
fold2_room1_mix0807,46,4,0,86,-2,15.61
fold2_room1_mix0807,46,4,0,10,-5,8.55
fold2_room1_mix0807,47,2,0,112,-5,2.50
fold2_room1_mix0807,47,4,0,86,-2,15.56
fold2_room1_mix0807,47,4,0,14,-6,7.09
fold2_room1_mix0807,48,4,0,88,-3,13.46
fold2_room1_mix0807,48,4,0,11,-5,7.81
fold2_room1_mix0807,49,4,0,80,-2,13.36
fold2_room1_mix0807,49,4,0,14,-6,7.21
fold2_room1_mix0807,50,4,0,77,-2,13.20
fold2_room1_mix0807,50,4,0,13,-6,6.66
fold2_room1_mix0807,51,4,0,77,-2,13.29
fold2_room1_mix0807,51,4,0,12,-7,6.10
fold2_room1_mix0807,52,4,0,76,-2,14.14
fold2_room1_mix0807,52,4,0,13,-7,5.85
fold2_room1_mix0807,53,4,0,82,-1,15.58
fold2_room1_mix0807,53,4,0,15,-9,4.23
fold2_room1_mix0807,54,4,0,77,-2,14.30
fold2_room1_mix0807,54,4,0,16,-11,3.45
fold2_room1_mix0807,55,4,0,64,0,16.13
fold2_room1_mix0807,55,4,0,20,-13,2.87
fold2_room1_mix0807,56,2,0,95,-5,3.33
fold2_room1_mix0807,56,4,0,75,-2,15.60
fold2_room1_mix0807,56,4,0,27,-15,2.36
fold2_room1_mix0807,57,4,0,78,-15,4.97
fold2_room1_mix0807,57,4,0,48,-21,1.68
fold2_room1_mix0807,57,4,0,39,-9,6.70
fold2_room1_mix0807,58,4,0,116,-26,1.12
fold2_room1_mix0807,58,4,0,93,-17,3.21
fold2_room1_mix0807,58,4,0,50,-2,14.25
fold2_room1_mix0807,59,4,0,138,-16,2.22
fold2_room1_mix0807,59,4,0,43,0,15.17
fold2_room1_mix0807,60,4,0,154,-13,2.72
fold2_room1_mix0807,60,4,0,82,0,13.70
fold2_room1_mix0807,61,4,0,157,-8,3.95
fold2_room1_mix0807,61,4,0,35,-2,17.32
fold2_room1_mix0807,62,4,0,161,-7,3.95
fold2_room1_mix0807,62,4,0,33,-1,21.44
fold2_room1_mix0807,63,4,0,167,-7,4.23
fold2_room1_mix0807,63,4,0,32,-1,20.66
fold2_room1_mix0807,64,4,0,170,-5,5.09
fold2_room1_mix0807,64,4,0,33,-1,20.54
fold2_room1_mix0807,65,4,0,171,-5,5.37
fold2_room1_mix0807,65,4,0,32,-2,20.87
fold2_room1_mix0807,66,4,0,170,-4,5.86
fold2_room1_mix0807,66,4,0,30,-1,21.10
fold2_room1_mix0807,67,4,0,170,-4,6.56
fold2_room1_mix0807,67,4,0,28,-1,24.07
fold2_room1_mix0807,68,4,0,172,-4,7.59
fold2_room1_mix0807,68,4,0,26,-1,26.90
fold2_room1_mix0807,69,4,0,168,-2,9.77
fold2_room1_mix0807,69,4,0,22,0,25.04
fold2_room1_mix0807,70,4,0,173,-2,9.51
fold2_room1_mix0807,70,4,0,22,0,26.30
fold2_room1_mix0807,71,4,0,172,-2,10.71
fold2_room1_mix0807,71,4,0,19,0,28.86
fold2_room1_mix0807,72,4,0,172,-2,10.87
fold2_room1_mix0807,72,4,0,19,0,31.15
fold2_room1_mix0807,73,4,0,170,-1,11.12
fold2_room1_mix0807,73,4,0,12,0,24.74
fold2_room1_mix0807,74,4,0,173,-1,11.70
fold2_room1_mix0807,74,4,0,19,0,30.00
fold2_room1_mix0807,75,4,0,172,-2,11.74
fold2_room1_mix0807,75,4,0,10,0,27.07
fold2_room1_mix0807,76,4,0,171,-2,11.88
fold2_room1_mix0807,76,4,0,11,0,25.54
fold2_room1_mix0807,77,4,0,171,-2,12.31
fold2_room1_mix0807,77,4,0,10,0,26.48
fold2_room1_mix0807,78,4,0,173,-2,13.11
fold2_room1_mix0807,78,4,0,11,0,27.93
fold2_room1_mix0807,79,4,0,171,-2,13.37
fold2_room1_mix0807,79,4,0,11,0,27.83
fold2_room1_mix0807,80,4,0,172,-2,14.11
fold2_room1_mix0807,80,4,0,10,0,31.14
fold2_room1_mix0807,81,4,0,172,-2,14.95
fold2_room1_mix0807,81,4,0,10,0,31.26
fold2_room1_mix0807,82,4,0,172,-2,15.81
fold2_room1_mix0807,82,4,0,11,0,30.71
fold2_room1_mix0807,83,4,0,171,-1,16.86
fold2_room1_mix0807,83,4,0,10,0,32.61
fold2_room1_mix0807,84,4,0,172,-2,17.22
fold2_room1_mix0807,84,4,0,10,0,36.72
fold2_room1_mix0807,85,4,0,170,-1,17.72
fold2_room1_mix0807,85,4,0,10,0,36.53
fold2_room1_mix0807,86,4,0,172,-1,18.43
fold2_room1_mix0807,86,4,0,10,0,38.24
fold2_room1_mix0807,87,4,0,172,-2,18.31
fold2_room1_mix0807,87,4,0,10,0,35.63
fold2_room1_mix0807,88,4,0,173,-1,20.80
fold2_room1_mix0807,88,4,0,10,0,38.99
fold2_room1_mix0807,89,4,0,172,-1,21.46
fold2_room1_mix0807,89,4,0,11,0,36.51
fold2_room1_mix0807,90,4,0,174,-1,20.75
fold2_room1_mix0807,90,4,0,11,0,38.23
fold2_room1_mix0807,91,4,0,172,-1,23.97
fold2_room1_mix0807,91,4,0,11,0,42.76
fold2_room1_mix0807,92,4,0,173,-1,24.99
fold2_room1_mix0807,92,4,0,11,0,39.11
fold2_room1_mix0807,93,4,0,174,-2,25.49
fold2_room1_mix0807,93,4,0,12,0,40.10
fold2_room1_mix0807,94,4,0,175,-2,26.37
fold2_room1_mix0807,94,4,0,12,0,41.60
fold2_room1_mix0807,95,4,0,174,-2,27.37
fold2_room1_mix0807,95,4,0,12,0,38.67
fold2_room1_mix0807,96,4,0,173,-1,28.83
fold2_room1_mix0807,96,4,0,12,0,38.42
fold2_room1_mix0807,97,4,0,173,-1,31.79
fold2_room1_mix0807,97,4,0,12,0,42.28
fold2_room1_mix0807,98,4,0,173,-1,31.77
fold2_room1_mix0807,98,4,0,11,0,40.57
fold2_room1_mix0807,99,4,0,172,-1,30.98
fold2_room1_mix0807,99,4,0,12,0,41.49
fold2_room1_mix0809,26,4,0,175,-1,15.59
fold2_room1_mix0809,27,4,0,171,-1,18.82
fold2_room1_mix0809,28,4,0,175,-1,15.73
fold2_room1_mix0809,29,4,0,174,-1,11.62
fold2_room1_mix0809,30,4,0,178,-1,21.34
fold2_room1_mix0809,31,4,0,177,0,21.71
fold2_room1_mix0809,32,4,0,175,0,21.06
fold2_room1_mix0809,33,4,0,176,0,21.92
fold2_room1_mix0809,34,4,0,176,0,21.15
fold2_room1_mix0809,35,4,0,175,-1,20.04
fold2_room1_mix0809,36,4,0,175,-1,20.47
fold2_room1_mix0809,37,4,0,177,-1,21.01
fold2_room1_mix0809,38,4,0,175,-1,19.58
fold2_room1_mix0809,39,4,0,176,0,19.28
fold2_room1_mix0809,40,4,0,176,0,19.84
fold2_room1_mix0809,41,4,0,178,-1,17.96
fold2_room1_mix0809,42,4,0,178,-1,18.18
fold2_room1_mix0809,43,4,0,-179,-1,17.63
fold2_room1_mix0809,44,4,0,178,-1,16.26
fold2_room1_mix0809,45,4,0,-179,-1,16.84
fold2_room1_mix0809,46,4,0,179,-1,16.75
fold2_room1_mix0809,47,4,0,-177,-1,15.53
fold2_room1_mix0809,48,4,0,-177,-2,14.58
fold2_room1_mix0809,49,4,0,-179,-2,15.12
fold2_room1_mix0809,50,4,0,179,-2,14.24
fold2_room1_mix0809,51,4,0,179,-2,13.82
fold2_room1_mix0809,52,4,0,179,-2,13.67
fold2_room1_mix0809,53,4,0,179,-2,13.15
fold2_room1_mix0809,54,4,0,179,-2,12.58
fold2_room1_mix0809,55,4,0,-179,-2,11.54
fold2_room1_mix0809,56,4,0,-178,-2,11.95
fold2_room1_mix0809,57,4,0,-179,-2,11.36
fold2_room1_mix0809,58,4,0,-179,-3,10.46
fold2_room1_mix0809,59,4,0,179,-3,10.93
fold2_room1_mix0809,60,4,0,-179,-3,9.89
fold2_room1_mix0809,61,4,0,178,-3,9.19
fold2_room1_mix0809,62,4,0,178,-3,9.27
fold2_room1_mix0809,63,4,0,177,-4,8.56
fold2_room1_mix0809,64,4,0,179,-4,7.85
fold2_room1_mix0809,65,4,0,176,-4,7.38
fold2_room1_mix0809,66,4,0,176,-4,7.05
fold2_room1_mix0809,67,4,0,175,-5,6.24
fold2_room1_mix0809,68,4,0,175,-5,6.05
fold2_room1_mix0809,69,4,0,171,-6,5.33
fold2_room1_mix0809,70,4,0,172,-6,4.79
fold2_room1_mix0809,71,4,0,170,-6,4.61
fold2_room1_mix0809,72,4,0,169,-7,3.96
fold2_room1_mix0809,73,4,0,166,-8,3.36
fold2_room1_mix0809,74,4,0,164,-9,2.71
fold2_room1_mix0809,75,4,0,158,-10,2.26
fold2_room1_mix0809,76,4,0,151,-11,1.64
fold2_room1_mix0809,77,4,0,137,-12,1.18
fold2_room1_mix0809,78,4,0,100,-15,0.97
fold2_room1_mix0809,79,4,0,63,-12,0.83
fold2_room1_mix0809,80,4,0,44,-8,1.01
fold2_room1_mix0809,81,4,0,29,-6,1.42
fold2_room1_mix0809,82,4,0,22,-5,2.00
fold2_room1_mix0809,83,4,0,20,-4,2.37
fold2_room1_mix0809,84,4,0,16,-4,2.83
fold2_room1_mix0809,85,4,0,13,-4,3.23
fold2_room1_mix0809,86,4,0,11,-3,3.63
fold2_room1_mix0809,87,4,0,9,-3,3.85
fold2_room1_mix0809,88,4,0,9,-3,4.63
fold2_room1_mix0809,89,4,0,7,-3,4.51
fold2_room1_mix0809,90,4,0,8,-3,5.29
fold2_room1_mix0809,91,4,0,9,-2,5.85
fold2_room1_mix0809,92,4,0,8,-2,6.35
fold2_room1_mix0809,93,4,0,6,-2,6.65
fold2_room1_mix0809,94,4,0,7,-2,7.28
fold2_room1_mix0809,95,4,0,7,-2,7.74
fold2_room1_mix0809,96,4,0,6,-2,8.39
fold2_room1_mix0809,97,4,0,6,-2,9.26
fold2_room1_mix0809,98,4,0,7,-2,9.88
fold2_room1_mix0809,99,4,0,6,-2,10.08
fold2_room1_mix0809,23,4,0,173,0,2.87
fold2_room1_mix0810,6,4,0,-167,0,21.81
fold2_room1_mix0810,7,4,0,-167,0,20.36
fold2_room1_mix0810,8,4,0,-169,0,25.81
fold2_room1_mix0810,9,4,0,-165,0,24.20
fold2_room1_mix0810,10,4,0,-167,0,19.94
fold2_room1_mix0810,11,4,0,-166,0,39.28
fold2_room1_mix0810,12,4,0,-159,0,37.18
fold2_room1_mix0810,13,4,0,-161,0,26.44
fold2_room1_mix0810,14,4,0,-160,0,37.31
fold2_room1_mix0810,15,4,0,-164,0,31.71
fold2_room1_mix0810,16,4,0,-162,0,36.09
fold2_room1_mix0810,17,4,0,-160,0,36.13
fold2_room1_mix0810,18,4,0,-160,0,36.30
fold2_room1_mix0810,19,4,0,-159,0,33.63
fold2_room1_mix0810,20,4,0,-160,0,34.38
fold2_room1_mix0810,21,4,0,-158,0,34.03
fold2_room1_mix0810,22,4,0,-156,0,34.73
fold2_room1_mix0810,23,4,0,-151,0,29.24
fold2_room1_mix0810,24,4,0,-153,0,28.89
fold2_room1_mix0810,25,4,0,-154,0,29.04
fold2_room1_mix0810,26,4,0,-150,0,29.04
fold2_room1_mix0810,27,4,0,-153,0,29.77
fold2_room1_mix0810,28,4,0,-152,0,30.41
fold2_room1_mix0810,29,4,0,-153,0,29.11
fold2_room1_mix0810,30,4,0,-149,0,29.00
fold2_room1_mix0810,31,4,0,-149,0,29.04
fold2_room1_mix0810,32,4,0,-150,0,28.22
fold2_room1_mix0810,33,4,0,-148,0,28.41
fold2_room1_mix0810,34,4,0,-149,0,27.35
fold2_room1_mix0810,35,4,0,-149,0,27.59
fold2_room1_mix0810,36,4,0,-149,0,27.95
fold2_room1_mix0810,37,4,0,-149,0,27.69
fold2_room1_mix0810,38,4,0,-146,0,27.12
fold2_room1_mix0810,39,4,0,-145,0,26.23
fold2_room1_mix0810,40,4,0,-145,0,27.81
fold2_room1_mix0810,41,4,0,-143,0,25.03
fold2_room1_mix0810,42,4,0,-141,0,23.80
fold2_room1_mix0810,43,4,0,-143,0,23.90
fold2_room1_mix0810,44,4,0,-141,0,23.22
fold2_room1_mix0810,45,4,0,-143,0,24.16
fold2_room1_mix0810,46,4,0,-141,0,23.57
fold2_room1_mix0810,47,4,0,-144,0,23.52
fold2_room1_mix0810,48,4,0,-143,0,23.57
fold2_room1_mix0810,49,4,0,-140,0,22.41
fold2_room1_mix0810,50,4,0,-138,0,21.96
fold2_room1_mix0810,51,4,0,-136,-1,20.94
fold2_room1_mix0810,52,4,0,-136,0,21.46
fold2_room1_mix0810,53,4,0,-133,0,20.87
fold2_room1_mix0810,54,4,0,-134,0,20.07
fold2_room1_mix0810,55,4,0,-131,0,19.33
fold2_room1_mix0810,56,4,0,-130,-1,19.36
fold2_room1_mix0810,57,4,0,-130,-1,18.67
fold2_room1_mix0810,58,4,0,-126,-1,18.27
fold2_room1_mix0810,59,4,0,-125,-1,17.88
fold2_room1_mix0810,60,4,0,-124,-1,17.49
fold2_room1_mix0810,61,4,0,-122,-1,17.55
fold2_room1_mix0810,62,4,0,-121,-1,17.09
fold2_room1_mix0810,63,4,0,-120,-1,16.84
fold2_room1_mix0810,64,4,0,-120,-1,16.84
fold2_room1_mix0810,65,4,0,-116,-1,16.27
fold2_room1_mix0810,66,4,0,-116,-1,16.25
fold2_room1_mix0810,67,4,0,-115,-1,15.99
fold2_room1_mix0810,68,4,0,-113,-1,15.73
fold2_room1_mix0810,69,4,0,-111,-2,15.63
fold2_room1_mix0810,70,4,0,-110,-2,15.30
fold2_room1_mix0810,71,4,0,-107,-2,15.03
fold2_room1_mix0810,72,4,0,-106,-2,15.27
fold2_room1_mix0810,73,4,0,-104,-2,14.25
fold2_room1_mix0810,74,4,0,-103,-2,14.40
fold2_room1_mix0810,75,4,0,-100,-2,14.47
fold2_room1_mix0810,76,4,0,-98,-3,14.26
fold2_room1_mix0810,77,4,0,-96,-2,13.88
fold2_room1_mix0810,78,4,0,-93,-2,14.19
fold2_room1_mix0810,79,4,0,-94,-3,13.73
fold2_room1_mix0810,80,4,0,-90,-3,13.82
fold2_room1_mix0810,81,4,0,-89,-2,13.69
fold2_room1_mix0810,82,4,0,-87,-2,13.72
fold2_room1_mix0810,83,4,0,-85,-3,13.85
fold2_room1_mix0810,84,4,0,-83,-3,13.93
fold2_room1_mix0810,85,4,0,-81,-3,14.37
fold2_room1_mix0810,86,4,0,-81,-2,14.12
fold2_room1_mix0810,87,4,0,-78,-2,14.24
fold2_room1_mix0810,88,4,0,-78,-2,14.94
fold2_room1_mix0810,89,4,0,-76,-2,15.07
fold2_room1_mix0810,90,4,0,-74,-2,15.06
fold2_room1_mix0810,91,4,0,-71,-2,16.25
fold2_room1_mix0810,92,4,0,-71,-2,16.34
fold2_room1_mix0810,93,4,0,-68,-2,16.15
fold2_room1_mix0810,94,4,0,-66,-2,16.61
fold2_room1_mix0810,95,4,0,-65,-2,16.48
fold2_room1_mix0810,96,4,0,-63,-2,17.36
fold2_room1_mix0810,97,4,0,-61,-2,18.07
fold2_room1_mix0810,98,4,0,-60,-2,18.41
fold2_room1_mix0810,99,4,0,-55,-2,18.85
fold2_room1_mix0811,2,4,0,-149,0,2.51
fold2_room1_mix0811,3,4,0,-141,0,7.60
fold2_room1_mix0811,4,4,0,-141,-1,9.70
fold2_room1_mix0811,5,4,0,-141,0,9.79
fold2_room1_mix0811,6,4,0,-143,0,14.08
fold2_room1_mix0811,7,4,0,-139,-1,15.88
fold2_room1_mix0811,8,4,0,-141,-1,17.07
fold2_room1_mix0811,9,4,0,-140,-1,17.02
fold2_room1_mix0811,10,4,0,-140,-1,18.42
fold2_room1_mix0811,11,4,0,-138,0,19.23
fold2_room1_mix0811,12,4,0,-140,-1,19.12
fold2_room1_mix0811,13,4,0,-136,-1,17.23
fold2_room1_mix0811,14,4,0,-138,-1,17.43
fold2_room1_mix0811,15,4,0,-134,0,16.44
fold2_room1_mix0811,16,4,0,-133,-1,15.88
fold2_room1_mix0811,17,4,0,-131,0,15.87
fold2_room1_mix0811,18,4,0,-151,-1,19.70
fold2_room1_mix0811,18,4,0,-129,-1,15.65
fold2_room1_mix0811,19,4,0,-153,0,18.78
fold2_room1_mix0811,19,4,0,-132,-1,15.99
fold2_room1_mix0811,20,4,0,-148,0,20.18
fold2_room1_mix0811,20,4,0,-128,-1,15.59
fold2_room1_mix0811,21,4,0,-133,-1,16.31
fold2_room1_mix0811,22,4,0,-132,-1,16.48
fold2_room1_mix0811,23,4,0,-146,0,19.27
fold2_room1_mix0811,23,4,0,-128,-1,14.82
fold2_room1_mix0811,24,4,0,-147,-1,20.08
fold2_room1_mix0811,24,4,0,-129,-2,15.01
fold2_room1_mix0811,25,4,0,-152,0,21.78
fold2_room1_mix0811,25,4,0,-129,-2,15.30
fold2_room1_mix0811,26,4,0,-157,0,24.38
fold2_room1_mix0811,26,4,0,-130,-2,16.40
fold2_room1_mix0811,27,4,0,-167,0,26.23
fold2_room1_mix0811,27,4,0,-148,0,21.30
fold2_room1_mix0811,27,4,0,-126,-3,14.21
fold2_room1_mix0811,28,4,0,-168,0,27.90
fold2_room1_mix0811,28,4,0,-132,-2,16.04
fold2_room1_mix0811,29,4,0,-174,0,28.27
fold2_room1_mix0811,29,4,0,-158,0,24.42
fold2_room1_mix0811,29,4,0,-125,-4,11.42
fold2_room1_mix0811,30,4,0,-179,0,35.12
fold2_room1_mix0811,30,4,0,-163,0,28.16
fold2_room1_mix0811,30,4,0,-126,-4,13.43
fold2_room1_mix0811,31,4,0,179,0,31.66
fold2_room1_mix0811,31,4,0,-128,-4,13.00
fold2_room1_mix0811,32,4,0,174,0,31.31
fold2_room1_mix0811,32,4,0,-121,-4,12.94
fold2_room1_mix0811,33,4,0,174,0,34.94
fold2_room1_mix0811,33,4,0,-116,-5,12.20
fold2_room1_mix0811,34,4,0,171,0,35.50
fold2_room1_mix0811,34,4,0,-110,-5,10.99
fold2_room1_mix0811,35,4,0,169,0,33.43
fold2_room1_mix0811,35,4,0,-105,-5,11.93
fold2_room1_mix0811,36,4,0,169,0,34.20
fold2_room1_mix0811,36,4,0,-108,-4,11.68
fold2_room1_mix0811,37,4,0,172,0,32.38
fold2_room1_mix0811,37,4,0,-101,-4,11.92
fold2_room1_mix0811,38,4,0,169,0,33.58
fold2_room1_mix0811,38,4,0,-103,-4,12.45
fold2_room1_mix0811,39,4,0,168,0,31.61
fold2_room1_mix0811,39,4,0,-100,-4,12.47
fold2_room1_mix0811,40,4,0,169,0,29.78
fold2_room1_mix0811,40,4,0,-97,-4,12.31
fold2_room1_mix0811,41,4,0,169,0,28.50
fold2_room1_mix0811,41,4,0,-100,-3,12.88
fold2_room1_mix0811,42,4,0,169,0,28.63
fold2_room1_mix0811,42,4,0,-95,-4,12.14
fold2_room1_mix0811,43,4,0,168,-1,29.24
fold2_room1_mix0811,43,4,0,-94,-4,12.09
fold2_room1_mix0811,44,4,0,169,-1,28.37
fold2_room1_mix0811,44,4,0,-93,-4,12.09
fold2_room1_mix0811,45,4,0,171,-1,26.79
fold2_room1_mix0811,45,4,0,-90,-4,12.78
fold2_room1_mix0811,46,4,0,170,-1,26.17
fold2_room1_mix0811,46,4,0,-95,-4,12.32
fold2_room1_mix0811,47,4,0,170,-1,24.56
fold2_room1_mix0811,47,4,0,-82,-4,11.88
fold2_room1_mix0811,48,4,0,167,-1,22.63
fold2_room1_mix0811,48,4,0,-87,-4,11.52
fold2_room1_mix0811,49,4,0,169,-1,21.65
fold2_room1_mix0811,49,4,0,-89,-3,12.32
fold2_room1_mix0811,50,4,0,166,-2,20.93
fold2_room1_mix0811,50,4,0,-88,-3,12.41
fold2_room1_mix0811,51,4,0,163,-2,18.82
fold2_room1_mix0811,51,4,0,-88,-3,12.90
fold2_room1_mix0811,52,4,0,155,-2,16.71
fold2_room1_mix0811,52,4,0,-85,-2,14.29
fold2_room1_mix0811,53,4,0,156,-3,16.37
fold2_room1_mix0811,53,4,0,-73,-2,14.18
fold2_room1_mix0811,54,4,0,147,-3,13.96
fold2_room1_mix0811,54,4,0,-78,-1,14.41
fold2_room1_mix0811,55,4,0,142,-3,13.20
fold2_room1_mix0811,55,4,0,-72,-1,14.23
fold2_room1_mix0811,56,0,0,-36,-2,8.49
fold2_room1_mix0811,56,4,0,139,-3,13.22
fold2_room1_mix0811,56,4,0,-60,-1,14.97
fold2_room1_mix0811,57,0,0,-29,-2,6.56
fold2_room1_mix0811,57,4,0,133,-3,11.95
fold2_room1_mix0811,57,4,0,-65,0,15.21
fold2_room1_mix0811,58,0,0,-39,-3,9.46
fold2_room1_mix0811,58,4,0,129,-2,12.09
fold2_room1_mix0811,58,4,0,-74,-2,12.83
fold2_room1_mix0811,59,0,0,-37,-2,13.10
fold2_room1_mix0811,59,4,0,125,-3,11.42
fold2_room1_mix0811,59,4,0,-73,-2,11.70
fold2_room1_mix0811,60,0,0,-37,-2,12.58
fold2_room1_mix0811,60,4,0,123,-2,11.30
fold2_room1_mix0811,60,4,0,-67,-2,11.26
fold2_room1_mix0811,61,0,0,-41,-3,14.95
fold2_room1_mix0811,61,4,0,120,-2,10.63
fold2_room1_mix0811,61,4,0,-68,-3,10.82
fold2_room1_mix0811,62,0,0,-38,-3,17.63
fold2_room1_mix0811,62,4,0,117,-3,10.27
fold2_room1_mix0811,62,4,0,-55,-4,9.75
fold2_room1_mix0811,63,0,0,-45,-3,13.91
fold2_room1_mix0811,63,4,0,109,-2,9.85
fold2_room1_mix0811,64,0,0,-39,-3,19.45
fold2_room1_mix0811,64,4,0,102,-4,9.07
fold2_room1_mix0811,64,4,0,-64,-5,8.85
fold2_room1_mix0811,65,0,0,-36,-2,20.06
fold2_room1_mix0811,65,4,0,98,-3,8.44
fold2_room1_mix0811,66,0,0,-34,-2,22.17
fold2_room1_mix0811,66,4,0,77,-5,6.62
fold2_room1_mix0811,66,4,0,95,-2,8.87
fold2_room1_mix0811,66,4,0,-56,0,12.96
fold2_room1_mix0811,67,0,0,-24,-2,30.91
fold2_room1_mix0811,67,4,0,71,-5,6.55
fold2_room1_mix0811,67,4,0,91,-2,8.91
fold2_room1_mix0811,67,4,0,-53,-1,12.59
fold2_room1_mix0811,68,0,0,-24,-2,30.24
fold2_room1_mix0811,68,4,0,64,-4,6.22
fold2_room1_mix0811,68,4,0,83,-2,9.09
fold2_room1_mix0811,68,4,0,-49,0,16.08
fold2_room1_mix0811,69,0,0,-26,-2,28.46
fold2_room1_mix0811,69,4,0,62,-4,6.61
fold2_room1_mix0811,69,4,0,77,-2,9.05
fold2_room1_mix0811,69,4,0,-28,0,14.32
fold2_room1_mix0811,70,0,0,-25,-2,26.77
fold2_room1_mix0811,70,4,0,55,-4,6.31
fold2_room1_mix0811,70,4,0,71,-2,9.16
fold2_room1_mix0811,70,4,0,-42,1,19.80
fold2_room1_mix0811,71,0,0,-22,-1,29.79
fold2_room1_mix0811,71,4,0,59,-3,8.19
fold2_room1_mix0811,71,4,0,-36,0,17.33
fold2_room1_mix0811,72,0,0,-23,-2,28.37
fold2_room1_mix0811,72,4,0,55,-3,8.64
fold2_room1_mix0811,72,4,0,-27,0,18.55
fold2_room1_mix0811,73,0,0,-18,-1,34.71
fold2_room1_mix0811,73,4,0,53,-3,8.79
fold2_room1_mix0811,73,4,0,-22,0,19.85
fold2_room1_mix0811,74,0,0,-19,-1,33.81
fold2_room1_mix0811,74,4,0,49,-2,8.85
fold2_room1_mix0811,74,4,0,-30,0,19.84
fold2_room1_mix0811,75,0,0,-17,-1,37.70
fold2_room1_mix0811,75,4,0,47,-2,9.67
fold2_room1_mix0811,75,4,0,-25,0,18.67
fold2_room1_mix0811,76,0,0,-16,-1,35.73
fold2_room1_mix0811,76,4,0,-14,-3,11.87
fold2_room1_mix0811,76,4,0,48,-2,11.78
fold2_room1_mix0811,76,4,0,20,-1,14.70
fold2_room1_mix0811,77,0,0,-18,-1,33.03
fold2_room1_mix0811,77,4,0,9,-3,11.58
fold2_room1_mix0811,77,4,0,11,-2,13.32
fold2_room1_mix0811,78,0,0,-17,-1,38.44
fold2_room1_mix0811,78,4,0,15,-4,11.11
fold2_room1_mix0811,78,4,0,43,-2,12.50
fold2_room1_mix0811,78,4,0,-2,-1,15.89
fold2_room1_mix0811,79,0,0,-15,-1,34.48
fold2_room1_mix0811,79,4,0,17,-3,12.15
fold2_room1_mix0811,79,4,0,11,-2,14.23
fold2_room1_mix0811,80,0,0,-15,-1,42.08
fold2_room1_mix0811,80,4,0,12,-4,11.32
fold2_room1_mix0811,80,4,0,4,-2,15.03
fold2_room1_mix0811,81,0,0,-12,-1,46.74
fold2_room1_mix0811,81,4,0,-31,-3,11.91
fold2_room1_mix0811,81,4,0,35,-1,14.37
fold2_room1_mix0811,81,4,0,13,-1,17.92
fold2_room1_mix0811,82,0,0,-13,-1,56.13
fold2_room1_mix0811,82,4,0,-21,-4,12.10
fold2_room1_mix0811,82,4,0,33,-1,15.42
fold2_room1_mix0811,82,4,0,3,-1,20.29
fold2_room1_mix0811,83,0,0,-13,-1,49.16
fold2_room1_mix0811,83,4,0,23,-3,12.73
fold2_room1_mix0811,83,4,0,-11,0,23.62
fold2_room1_mix0811,84,0,0,-12,-1,61.50
fold2_room1_mix0811,84,4,0,-6,-4,13.21
fold2_room1_mix0811,84,4,0,-2,-2,17.95
fold2_room1_mix0811,85,0,0,-15,-1,52.10
fold2_room1_mix0811,85,4,0,16,-3,14.48
fold2_room1_mix0811,85,4,0,-6,0,24.37
fold2_room1_mix0811,86,0,0,-12,-1,72.12
fold2_room1_mix0811,86,4,0,18,-2,16.21
fold2_room1_mix0811,86,4,0,-1,-1,23.11
fold2_room1_mix0811,87,0,0,-12,-1,75.35
fold2_room1_mix0811,87,4,0,16,-2,16.88
fold2_room1_mix0811,87,4,0,-2,0,24.03
fold2_room1_mix0811,88,0,0,-15,-1,66.72
fold2_room1_mix0811,88,4,0,18,-2,17.46
fold2_room1_mix0811,88,4,0,-2,0,25.16
fold2_room1_mix0811,89,0,0,-12,-1,78.29
fold2_room1_mix0811,89,4,0,18,-2,19.24
fold2_room1_mix0811,89,4,0,-1,0,25.65
fold2_room1_mix0811,90,0,0,-13,-1,69.35
fold2_room1_mix0811,90,4,0,2,-1,23.07
fold2_room1_mix0811,91,0,0,-11,-1,70.44
fold2_room1_mix0811,91,4,0,-7,-2,20.94
fold2_room1_mix0811,91,4,0,-5,-1,24.03
fold2_room1_mix0811,92,0,0,-11,-1,59.93
fold2_room1_mix0811,92,4,0,-19,-2,21.85
fold2_room1_mix0811,92,4,0,11,-2,21.62
fold2_room1_mix0811,92,4,0,-3,-1,27.69
fold2_room1_mix0811,93,0,0,-11,0,27.17
fold2_room1_mix0811,93,4,0,-17,-1,22.80
fold2_room1_mix0811,93,4,0,-13,-1,25.60
fold2_room1_mix0811,94,0,0,-9,0,8.60
fold2_room1_mix0811,94,4,0,-13,-1,22.58
fold2_room1_mix0811,94,4,0,-14,-1,25.14
fold2_room1_mix0811,95,0,0,-8,0,4.92
fold2_room1_mix0811,95,4,0,-18,-1,22.48
fold2_room1_mix0811,95,4,0,-14,-1,25.95
fold2_room1_mix0811,96,0,0,-9,0,8.48
fold2_room1_mix0811,96,4,0,-24,-1,22.47
fold2_room1_mix0811,96,4,0,-17,-1,27.48
fold2_room1_mix0811,97,0,0,-8,0,3.75
fold2_room1_mix0811,97,4,0,-28,-1,22.86
fold2_room1_mix0811,97,4,0,-21,-1,27.06
fold2_room1_mix0811,98,0,0,-8,0,5.50
fold2_room1_mix0811,98,4,0,-17,-2,22.56
fold2_room1_mix0811,98,4,0,-17,-1,25.84
fold2_room1_mix0811,99,0,0,-6,0,5.18
fold2_room1_mix0811,99,4,0,-21,-2,22.06
fold2_room1_mix0811,99,4,0,2,-1,27.46
fold2_room1_mix0812,0,5,0,29,11,1.76
fold2_room1_mix0812,1,5,0,31,17,1.87
fold2_room1_mix0812,2,5,0,23,14,2.57
fold2_room1_mix0812,3,5,0,38,14,2.59
fold2_room1_mix0812,4,5,0,34,11,3.48
fold2_room1_mix0812,5,5,0,45,11,4.08
fold2_room1_mix0812,6,5,0,42,15,3.38
fold2_room1_mix0812,7,5,0,42,15,3.16
fold2_room1_mix0812,8,5,0,46,14,3.41
fold2_room1_mix0812,9,5,0,46,16,3.12
fold2_room1_mix0812,10,5,0,47,17,2.95
fold2_room1_mix0812,11,5,0,48,17,2.92
fold2_room1_mix0812,12,5,0,48,16,2.91
fold2_room1_mix0812,13,5,0,51,17,2.87
fold2_room1_mix0812,14,5,0,56,19,2.72
fold2_room1_mix0812,15,5,0,50,20,2.57
fold2_room1_mix0812,16,5,0,50,20,2.62
fold2_room1_mix0812,17,4,0,-3,0,13.51
fold2_room1_mix0812,17,5,0,56,21,2.51
fold2_room1_mix0812,18,5,0,60,21,2.56
fold2_room1_mix0812,19,5,0,72,22,2.55
fold2_room1_mix0812,20,4,0,-2,-1,19.79
fold2_room1_mix0812,20,5,0,67,23,2.22
fold2_room1_mix0812,21,5,0,68,22,2.45
fold2_room1_mix0812,22,4,0,8,0,19.55
fold2_room1_mix0812,22,5,0,76,23,2.31
fold2_room1_mix0812,23,4,0,5,-1,13.03
fold2_room1_mix0812,23,5,0,81,20,2.54
fold2_room1_mix0812,24,4,0,4,-2,16.33
fold2_room1_mix0812,24,5,0,89,20,2.62
fold2_room1_mix0812,25,4,0,3,-2,21.55
fold2_room1_mix0812,25,5,0,83,23,2.26
fold2_room1_mix0812,26,4,0,3,-3,19.59
fold2_room1_mix0812,26,5,0,90,21,2.44
fold2_room1_mix0812,27,4,0,9,-2,18.67
fold2_room1_mix0812,27,5,0,91,20,2.53
fold2_room1_mix0812,28,4,0,3,-2,19.57
fold2_room1_mix0812,28,5,0,98,22,2.39
fold2_room1_mix0812,29,4,0,3,-3,20.94
fold2_room1_mix0812,29,5,0,103,20,2.70
fold2_room1_mix0812,30,4,0,5,-2,18.94
fold2_room1_mix0812,30,5,0,104,20,2.77
fold2_room1_mix0812,31,4,0,1,-3,18.43
fold2_room1_mix0812,31,5,0,101,18,2.90
fold2_room1_mix0812,32,4,0,2,-2,19.43
fold2_room1_mix0812,32,5,0,112,16,3.37
fold2_room1_mix0812,33,4,0,0,-3,19.43
fold2_room1_mix0812,33,5,0,109,20,2.75
fold2_room1_mix0812,34,4,0,2,-3,18.00
fold2_room1_mix0812,34,5,0,111,18,3.16
fold2_room1_mix0812,35,4,0,3,-3,15.82
fold2_room1_mix0812,35,5,0,114,18,3.13
fold2_room1_mix0812,36,4,0,2,-3,13.47
fold2_room1_mix0812,36,5,0,117,17,3.29
fold2_room1_mix0812,37,4,0,4,-4,12.33
fold2_room1_mix0812,37,5,0,119,16,3.72
fold2_room1_mix0812,38,4,0,4,-3,12.16
fold2_room1_mix0812,38,5,0,124,13,4.08
fold2_room1_mix0812,39,4,0,3,-3,11.52
fold2_room1_mix0812,39,5,0,125,12,4.39
fold2_room1_mix0812,40,4,0,3,-4,10.40
fold2_room1_mix0812,40,5,0,127,10,4.98
fold2_room1_mix0812,41,4,0,6,-5,7.99
fold2_room1_mix0812,41,5,0,128,11,4.52
fold2_room1_mix0812,42,4,0,7,-5,7.66
fold2_room1_mix0812,42,5,0,130,11,4.57
fold2_room1_mix0812,43,4,0,10,-7,6.24
fold2_room1_mix0812,43,5,0,137,9,4.99
fold2_room1_mix0812,44,4,0,12,-10,4.78
fold2_room1_mix0812,44,5,0,136,10,4.72
fold2_room1_mix0812,45,4,0,14,-13,3.76
fold2_room1_mix0812,45,5,0,137,9,5.06
fold2_room1_mix0812,46,4,0,38,-24,2.69
fold2_room1_mix0812,46,5,0,136,10,4.83
fold2_room1_mix0812,47,4,0,110,-40,1.90
fold2_room1_mix0812,47,4,0,80,-44,2.12
fold2_room1_mix0812,47,5,0,137,10,5.15
fold2_room1_mix0812,48,4,0,146,-24,2.31
fold2_room1_mix0812,48,5,0,137,11,5.16
fold2_room1_mix0812,49,4,0,161,-16,2.89
fold2_room1_mix0812,49,5,0,138,11,5.20
fold2_room1_mix0812,50,4,0,168,-12,2.93
fold2_room1_mix0812,50,4,0,0,-9,9.11
fold2_room1_mix0812,50,5,0,134,10,5.55
fold2_room1_mix0812,51,4,0,170,-8,4.21
fold2_room1_mix0812,51,4,0,-3,-3,12.56
fold2_room1_mix0812,51,5,0,143,9,5.89
fold2_room1_mix0812,52,4,0,-179,-6,5.27
fold2_room1_mix0812,52,4,0,5,-3,8.75
fold2_room1_mix0812,52,5,0,145,10,5.37
fold2_room1_mix0812,53,4,0,175,-5,6.06
fold2_room1_mix0812,53,4,0,5,-3,10.94
fold2_room1_mix0812,53,5,0,145,9,5.59
fold2_room1_mix0812,54,4,0,177,-3,7.57
fold2_room1_mix0812,54,4,0,3,-3,7.95
fold2_room1_mix0812,54,5,0,143,10,5.10
fold2_room1_mix0812,55,4,0,178,-4,7.07
fold2_room1_mix0812,55,4,0,3,-4,6.92
fold2_room1_mix0812,55,5,0,146,9,5.38
fold2_room1_mix0812,56,4,0,178,-4,7.55
fold2_room1_mix0812,56,4,0,6,-5,6.63
fold2_room1_mix0812,56,5,0,147,9,5.31
fold2_room1_mix0812,57,4,0,179,-3,8.07
fold2_room1_mix0812,57,4,0,7,-4,6.35
fold2_room1_mix0812,57,5,0,148,9,5.48
fold2_room1_mix0812,58,4,0,-179,-3,7.74
fold2_room1_mix0812,58,4,0,8,-6,5.17
fold2_room1_mix0812,58,5,0,146,10,4.99
fold2_room1_mix0812,59,4,0,-178,-3,7.65
fold2_room1_mix0812,59,4,0,13,-7,4.51
fold2_room1_mix0812,59,5,0,151,8,5.86
fold2_room1_mix0812,60,4,0,177,-3,9.89
fold2_room1_mix0812,60,4,0,17,-9,3.56
fold2_room1_mix0812,60,5,0,151,9,5.31
fold2_room1_mix0812,61,4,0,179,-5,7.55
fold2_room1_mix0812,61,4,0,23,-11,2.93
fold2_room1_mix0812,61,5,0,146,11,4.87
fold2_room1_mix0812,62,4,0,168,-7,8.50
fold2_room1_mix0812,62,4,0,58,-19,1.43
fold2_room1_mix0812,62,4,0,26,-10,5.51
fold2_room1_mix0812,62,5,0,148,11,5.00
fold2_room1_mix0812,63,4,0,173,-4,11.24
fold2_room1_mix0812,63,4,0,118,-21,1.54
fold2_room1_mix0812,63,4,0,81,-25,2.18
fold2_room1_mix0812,63,5,0,143,11,4.98
fold2_room1_mix0812,64,4,0,175,-3,10.51
fold2_room1_mix0812,64,4,0,137,-18,2.32
fold2_room1_mix0812,64,5,0,147,11,5.35
fold2_room1_mix0812,65,4,0,172,-4,8.85
fold2_room1_mix0812,65,4,0,155,-8,3.17
fold2_room1_mix0812,65,5,0,148,11,5.46
fold2_room1_mix0812,66,4,0,177,-4,7.70
fold2_room1_mix0812,66,4,0,162,-7,3.61
fold2_room1_mix0812,66,4,0,13,-4,9.86
fold2_room1_mix0812,66,5,0,145,11,5.29
fold2_room1_mix0812,67,4,0,176,-3,8.19
fold2_room1_mix0812,67,4,0,161,-5,4.81
fold2_room1_mix0812,67,4,0,6,-1,13.20
fold2_room1_mix0812,67,5,0,147,10,5.30
fold2_room1_mix0812,68,4,0,172,-4,6.91
fold2_room1_mix0812,68,4,0,7,-1,12.11
fold2_room1_mix0812,68,5,0,148,10,5.28
fold2_room1_mix0812,69,4,0,172,-2,7.95
fold2_room1_mix0812,69,4,0,5,-1,11.78
fold2_room1_mix0812,69,5,0,152,9,5.62
fold2_room1_mix0812,70,4,0,172,-1,7.82
fold2_room1_mix0812,70,4,0,7,-1,9.45
fold2_room1_mix0812,70,5,0,146,11,4.27
fold2_room1_mix0812,71,4,0,174,-2,8.51
fold2_room1_mix0812,71,4,0,9,-2,9.27
fold2_room1_mix0812,71,5,0,142,11,4.90
fold2_room1_mix0812,72,4,0,-179,-1,10.60
fold2_room1_mix0812,72,4,0,8,-5,6.72
fold2_room1_mix0812,72,5,0,151,9,5.47
fold2_room1_mix0812,73,4,0,177,-2,10.78
fold2_room1_mix0812,73,4,0,7,-6,5.78
fold2_room1_mix0812,73,5,0,154,9,5.47
fold2_room1_mix0812,74,4,0,176,-3,10.01
fold2_room1_mix0812,74,4,0,9,-9,3.92
fold2_room1_mix0812,74,5,0,149,10,4.98
fold2_room1_mix0812,75,4,0,174,-5,12.25
fold2_room1_mix0812,75,4,0,147,-19,3.56
fold2_room1_mix0812,75,4,0,25,-13,2.57
fold2_room1_mix0812,75,5,0,156,8,5.20
fold2_room1_mix0812,76,4,0,171,-6,12.70
fold2_room1_mix0812,76,4,0,134,-25,2.20
fold2_room1_mix0812,76,4,0,59,-30,1.09
fold2_room1_mix0812,76,5,0,149,10,5.64
fold2_room1_mix0812,77,4,0,173,-4,10.76
fold2_room1_mix0812,77,4,0,143,-22,1.89
fold2_room1_mix0812,77,5,0,152,9,6.08
fold2_room1_mix0812,78,4,0,166,-7,7.80
fold2_room1_mix0812,78,5,0,151,10,5.63
fold2_room1_mix0812,79,4,0,171,-6,8.58
fold2_room1_mix0812,79,5,0,150,10,5.90
fold2_room1_mix0812,80,4,0,172,-4,9.37
fold2_room1_mix0812,80,5,0,151,8,6.68
fold2_room1_mix0812,81,4,0,174,-2,11.55
fold2_room1_mix0812,81,5,0,163,8,7.41
fold2_room1_mix0812,82,4,0,176,-2,11.71
fold2_room1_mix0812,82,5,0,161,8,7.17
fold2_room1_mix0812,83,4,0,176,0,12.35
fold2_room1_mix0812,83,5,0,151,9,6.55
fold2_room1_mix0812,84,4,0,176,0,13.40
fold2_room1_mix0812,84,5,0,158,8,6.31
fold2_room1_mix0812,85,4,0,177,0,15.12
fold2_room1_mix0812,85,5,0,164,7,7.45
fold2_room1_mix0812,86,4,0,177,0,15.00
fold2_room1_mix0812,86,5,0,162,6,8.24
fold2_room1_mix0812,87,4,0,177,-1,14.96
fold2_room1_mix0812,87,5,0,162,6,7.98
fold2_room1_mix0812,88,4,0,177,0,15.96
fold2_room1_mix0812,88,5,0,159,6,7.61
fold2_room1_mix0812,89,4,0,177,0,16.88
fold2_room1_mix0812,89,5,0,166,7,7.74
fold2_room1_mix0812,90,4,0,177,0,16.75
fold2_room1_mix0812,90,5,0,166,6,8.70
fold2_room1_mix0812,91,4,0,176,-1,17.29
fold2_room1_mix0812,91,5,0,167,5,8.88
fold2_room1_mix0812,92,4,0,177,-1,16.60
fold2_room1_mix0812,92,5,0,168,5,9.05
fold2_room1_mix0812,93,4,0,175,0,17.16
fold2_room1_mix0812,93,5,0,166,5,8.91
fold2_room1_mix0812,94,4,0,176,0,18.10
fold2_room1_mix0812,94,5,0,164,6,8.05
fold2_room1_mix0812,95,4,0,176,0,3.51
fold2_room1_mix0812,95,5,0,165,5,8.42
fold2_room1_mix0812,96,5,0,165,4,9.87
fold2_room1_mix0812,97,4,0,176,1,2.58
fold2_room1_mix0812,97,5,0,168,5,8.38
fold2_room1_mix0812,98,5,0,164,4,10.00
fold2_room1_mix0812,99,5,0,167,5,9.10
fold2_room1_mix0813,45,4,0,-38,-1,3.78
fold2_room1_mix0813,46,4,0,-45,-2,7.68
fold2_room1_mix0813,47,3,0,-101,-4,8.26
fold2_room1_mix0813,47,4,0,-47,-2,5.89
fold2_room1_mix0813,48,3,0,-97,-4,8.29
fold2_room1_mix0813,48,4,0,-44,-3,3.25
fold2_room1_mix0813,49,3,0,-89,-4,5.30
fold2_room1_mix0813,49,4,0,-44,-2,9.22
fold2_room1_mix0813,50,4,0,-48,-3,12.06
fold2_room1_mix0813,51,4,0,-49,-2,12.20
fold2_room1_mix0813,52,4,0,-49,-3,9.69
fold2_room1_mix0813,53,4,0,-53,-3,9.91
fold2_room1_mix0813,54,3,0,-103,-4,6.34
fold2_room1_mix0813,54,4,0,-60,-4,9.93
fold2_room1_mix0813,55,3,0,-103,-4,8.62
fold2_room1_mix0813,55,4,0,-60,-3,10.20
fold2_room1_mix0813,56,3,0,-110,-4,10.08
fold2_room1_mix0813,56,4,0,-68,-3,9.36
fold2_room1_mix0813,57,3,0,-106,-5,5.17
fold2_room1_mix0813,57,4,0,-77,-3,8.96
fold2_room1_mix0813,58,4,0,-72,-3,9.55
fold2_room1_mix0813,59,4,0,-79,-2,9.59
fold2_room1_mix0813,59,4,0,-59,-1,12.16
fold2_room1_mix0813,60,4,0,-90,-4,8.70
fold2_room1_mix0813,60,4,0,-58,-3,11.38
fold2_room1_mix0813,61,4,0,-98,-3,8.67
fold2_room1_mix0813,61,4,0,-82,-3,8.45
fold2_room1_mix0813,61,4,0,-30,-1,13.24
fold2_room1_mix0813,62,4,0,-109,-4,7.99
fold2_room1_mix0813,62,4,0,-29,-3,12.26
fold2_room1_mix0813,63,4,0,-119,-3,7.79
fold2_room1_mix0813,63,4,0,-99,-4,7.95
fold2_room1_mix0813,63,4,0,-24,-2,10.77
fold2_room1_mix0813,64,4,0,-124,-2,10.03
fold2_room1_mix0813,64,4,0,-70,-4,9.91
fold2_room1_mix0813,64,4,0,-28,-3,11.60
fold2_room1_mix0813,65,4,0,-132,-2,9.19
fold2_room1_mix0813,65,4,0,-16,-4,8.23
fold2_room1_mix0813,66,4,0,-134,-2,9.94
fold2_room1_mix0813,66,4,0,-8,-5,8.22
fold2_room1_mix0813,67,4,0,-135,-2,9.69
fold2_room1_mix0813,67,4,0,-9,-5,8.18
fold2_room1_mix0813,68,3,0,-121,-4,9.17
fold2_room1_mix0813,68,4,0,-133,-3,9.78
fold2_room1_mix0813,68,4,0,-14,-5,9.00
fold2_room1_mix0813,69,3,0,-121,-4,11.25
fold2_room1_mix0813,69,4,0,-135,-2,7.20
fold2_room1_mix0813,69,4,0,-1,-3,6.75
fold2_room1_mix0813,70,3,0,-118,-4,10.89
fold2_room1_mix0813,70,4,0,-134,-4,5.13
fold2_room1_mix0813,70,4,0,-5,-5,4.60
fold2_room1_mix0813,71,3,0,-119,-4,9.80
fold2_room1_mix0813,71,4,0,-132,-7,6.30
fold2_room1_mix0813,71,4,0,-3,-9,4.72
fold2_room1_mix0813,72,3,0,-120,-4,9.30
fold2_room1_mix0813,72,4,0,21,-16,2.67
fold2_room1_mix0813,73,3,0,-121,-3,7.38
fold2_room1_mix0813,73,4,0,55,-34,1.76
fold2_room1_mix0813,74,3,0,-112,-3,4.46
fold2_room1_mix0813,74,4,0,130,-27,1.93
fold2_room1_mix0813,75,3,0,-117,-3,5.82
fold2_room1_mix0813,75,4,0,155,-19,1.77
fold2_room1_mix0813,75,4,0,-178,-13,6.54
fold2_room1_mix0813,76,4,0,170,-13,3.80
fold2_room1_mix0813,77,4,0,165,-9,4.18
fold2_room1_mix0813,78,4,0,169,-9,4.13
fold2_room1_mix0813,79,4,0,171,-6,5.15
fold2_room1_mix0813,80,4,0,174,-4,6.59
fold2_room1_mix0813,81,4,0,177,-4,7.35
fold2_room1_mix0813,82,4,0,175,-3,8.08
fold2_room1_mix0813,83,4,0,175,-3,8.59
fold2_room1_mix0813,84,4,0,176,-3,8.71
fold2_room1_mix0813,85,4,0,176,-2,6.80
fold2_room1_mix0814,0,5,0,-56,5,4.47
fold2_room1_mix0814,1,5,0,-71,5,7.89
fold2_room1_mix0814,2,5,0,-71,5,9.46
fold2_room1_mix0814,3,5,0,-67,6,7.16
fold2_room1_mix0814,4,5,0,-61,7,5.09
fold2_room1_mix0814,5,5,0,-68,5,10.69
fold2_room1_mix0814,6,5,0,-62,4,14.54
fold2_room1_mix0814,7,5,0,-63,6,9.10
fold2_room1_mix0814,8,5,0,-64,5,9.71
fold2_room1_mix0814,9,5,0,-64,4,12.05
fold2_room1_mix0814,10,5,0,-64,6,8.80
fold2_room1_mix0814,11,5,0,-65,5,10.64
fold2_room1_mix0814,12,5,0,-61,5,9.73
fold2_room1_mix0814,13,5,0,-70,5,11.01
fold2_room1_mix0814,14,5,0,-63,5,9.80
fold2_room1_mix0814,15,5,0,-64,6,8.75
fold2_room1_mix0814,16,5,0,-64,6,8.29
fold2_room1_mix0814,17,5,0,-64,5,10.87
fold2_room1_mix0814,18,5,0,-64,5,9.60
fold2_room1_mix0814,19,5,0,-62,5,10.61
fold2_room1_mix0814,20,5,0,-60,5,10.82
fold2_room1_mix0814,21,5,0,-64,5,10.11
fold2_room1_mix0814,22,5,0,-66,5,10.79
fold2_room1_mix0814,23,5,0,-61,5,9.99
fold2_room1_mix0814,24,5,0,-62,6,8.89
fold2_room1_mix0814,25,5,0,-61,5,11.83
fold2_room1_mix0814,26,5,0,-63,6,9.39
fold2_room1_mix0814,27,5,0,-70,6,9.65
fold2_room1_mix0814,28,4,0,-5,-1,8.07
fold2_room1_mix0814,28,5,0,-61,5,9.81
fold2_room1_mix0814,29,4,0,2,-1,15.58
fold2_room1_mix0814,29,5,0,-64,6,8.68
fold2_room1_mix0814,30,4,0,2,-1,17.44
fold2_room1_mix0814,30,5,0,-68,5,9.82
fold2_room1_mix0814,31,4,0,1,-2,17.65
fold2_room1_mix0814,31,5,0,-68,6,9.13
fold2_room1_mix0814,32,4,0,4,-3,21.94
fold2_room1_mix0814,32,5,0,-65,6,8.55
fold2_room1_mix0814,33,4,0,4,-2,16.70
fold2_room1_mix0814,33,5,0,-65,5,9.69
fold2_room1_mix0814,34,4,0,5,-2,21.79
fold2_room1_mix0814,34,5,0,-68,6,8.32
fold2_room1_mix0814,35,4,0,10,-2,23.11
fold2_room1_mix0814,35,5,0,-67,6,8.67
fold2_room1_mix0814,36,4,0,5,-2,25.06
fold2_room1_mix0814,36,5,0,-66,5,9.25
fold2_room1_mix0814,37,4,0,7,-2,24.09
fold2_room1_mix0814,37,5,0,-68,5,8.82
fold2_room1_mix0814,38,4,0,8,-2,23.82
fold2_room1_mix0814,38,5,0,-69,5,10.34
fold2_room1_mix0814,39,4,0,6,-2,24.76
fold2_room1_mix0814,39,5,0,-67,5,9.87
fold2_room1_mix0814,40,4,0,5,-2,24.49
fold2_room1_mix0814,40,5,0,-68,6,8.22
fold2_room1_mix0814,41,4,0,7,-1,23.77
fold2_room1_mix0814,41,5,0,-70,5,9.33
fold2_room1_mix0814,42,4,0,7,-2,22.42
fold2_room1_mix0814,42,5,0,-70,6,8.87
fold2_room1_mix0814,43,4,0,7,-1,22.22
fold2_room1_mix0814,43,5,0,-67,5,9.60
fold2_room1_mix0814,44,4,0,5,-1,21.78
fold2_room1_mix0814,44,5,0,-63,5,9.27
fold2_room1_mix0814,45,4,0,7,-2,20.25
fold2_room1_mix0814,45,5,0,-66,5,9.33
fold2_room1_mix0814,46,4,0,5,-1,21.43
fold2_room1_mix0814,46,5,0,-72,5,10.27
fold2_room1_mix0814,47,4,0,8,-1,20.91
fold2_room1_mix0814,47,5,0,-66,5,9.33
fold2_room1_mix0814,48,4,0,6,-1,19.47
fold2_room1_mix0814,48,5,0,-65,6,7.48
fold2_room1_mix0814,49,4,0,5,-1,18.52
fold2_room1_mix0814,49,5,0,-66,5,9.73
fold2_room1_mix0814,50,4,0,6,-1,18.09
fold2_room1_mix0814,50,5,0,-67,5,9.43
fold2_room1_mix0814,51,4,0,4,-1,17.73
fold2_room1_mix0814,51,5,0,-71,6,9.42
fold2_room1_mix0814,52,4,0,7,-2,17.14
fold2_room1_mix0814,52,5,0,-70,6,9.01
fold2_room1_mix0814,53,4,0,6,-2,16.26
fold2_room1_mix0814,53,5,0,-67,6,9.08
fold2_room1_mix0814,54,4,0,7,-2,14.67
fold2_room1_mix0814,54,5,0,-70,6,8.80
fold2_room1_mix0814,55,4,0,9,-1,15.46
fold2_room1_mix0814,55,5,0,-71,5,9.66
fold2_room1_mix0814,56,4,0,10,-2,14.66
fold2_room1_mix0814,56,5,0,-68,5,9.32
fold2_room1_mix0814,57,4,0,9,-2,13.91
fold2_room1_mix0814,57,5,0,-70,6,9.53
fold2_room1_mix0814,58,4,0,11,-2,14.11
fold2_room1_mix0814,58,5,0,-73,6,9.42
fold2_room1_mix0814,59,4,0,12,-2,13.64
fold2_room1_mix0814,59,5,0,-71,5,9.46
fold2_room1_mix0814,60,4,0,12,-2,12.77
fold2_room1_mix0814,60,5,0,-74,6,9.05
fold2_room1_mix0814,61,4,0,12,-2,12.04
fold2_room1_mix0814,61,5,0,-66,5,9.78
fold2_room1_mix0814,62,4,0,13,-3,11.30
fold2_room1_mix0814,62,5,0,-65,6,9.11
fold2_room1_mix0814,63,4,0,13,-3,10.38
fold2_room1_mix0814,63,5,0,-69,5,9.92
fold2_room1_mix0814,64,4,0,13,-3,9.75
fold2_room1_mix0814,64,5,0,-72,6,8.90
fold2_room1_mix0814,65,4,0,12,-4,9.61
fold2_room1_mix0814,65,5,0,-66,5,10.15
fold2_room1_mix0814,66,4,0,17,-4,8.84
fold2_room1_mix0814,66,5,0,-69,6,8.96
fold2_room1_mix0814,67,4,0,18,-4,8.05
fold2_room1_mix0814,67,5,0,-61,6,8.96
fold2_room1_mix0814,68,4,0,17,-4,7.25
fold2_room1_mix0814,68,5,0,-60,5,10.15
fold2_room1_mix0814,69,4,0,19,-4,6.97
fold2_room1_mix0814,69,5,0,-64,5,9.90
fold2_room1_mix0814,70,4,0,20,-5,6.13
fold2_room1_mix0814,70,5,0,-60,5,10.19
fold2_room1_mix0814,71,4,0,22,-5,5.54
fold2_room1_mix0814,71,5,0,-62,5,10.86
fold2_room1_mix0814,72,4,0,24,-5,5.52
fold2_room1_mix0814,72,5,0,-65,5,9.09
fold2_room1_mix0814,73,4,0,24,-6,4.82
fold2_room1_mix0814,73,5,0,-59,5,10.53
fold2_room1_mix0814,74,4,0,27,-8,3.88
fold2_room1_mix0814,74,5,0,-69,6,8.66
fold2_room1_mix0814,75,4,0,29,-8,3.70
fold2_room1_mix0814,75,5,0,-66,5,9.07
fold2_room1_mix0814,76,4,0,34,-10,3.12
fold2_room1_mix0814,76,5,0,-65,5,9.23
fold2_room1_mix0814,77,4,0,42,-12,2.63
fold2_room1_mix0814,77,5,0,-68,6,8.26
fold2_room1_mix0814,78,4,0,53,-13,2.45
fold2_room1_mix0814,78,5,0,-65,5,9.39
fold2_room1_mix0814,79,4,0,65,-16,2.11
fold2_room1_mix0814,79,5,0,-62,6,8.99
fold2_room1_mix0814,80,4,0,75,-18,2.17
fold2_room1_mix0814,80,5,0,-67,7,7.18
fold2_room1_mix0814,81,4,0,95,-17,2.25
fold2_room1_mix0814,81,5,0,-68,6,8.75
fold2_room1_mix0814,82,4,0,112,-15,2.28
fold2_room1_mix0814,82,5,0,-72,6,8.77
fold2_room1_mix0814,83,4,0,124,-13,2.63
fold2_room1_mix0814,83,5,0,-67,6,9.66
fold2_room1_mix0814,84,4,0,133,-10,3.00
fold2_room1_mix0814,84,5,0,-70,5,10.43
fold2_room1_mix0814,85,4,0,137,-9,3.38
fold2_room1_mix0814,85,5,0,-69,6,9.22
fold2_room1_mix0814,86,4,0,143,-8,3.84
fold2_room1_mix0814,86,5,0,-71,5,9.88
fold2_room1_mix0814,87,4,0,148,-8,3.90
fold2_room1_mix0814,87,5,0,-74,6,9.77
fold2_room1_mix0814,88,4,0,149,-6,4.64
fold2_room1_mix0814,88,5,0,-74,7,7.98
fold2_room1_mix0814,89,4,0,154,-6,4.84
fold2_room1_mix0814,89,5,0,-71,5,9.87
fold2_room1_mix0814,90,4,0,156,-6,5.43
fold2_room1_mix0814,90,5,0,-75,6,9.01
fold2_room1_mix0814,91,4,0,158,-4,6.53
fold2_room1_mix0814,91,5,0,-73,6,8.52
fold2_room1_mix0814,92,4,0,158,-4,6.56
fold2_room1_mix0814,92,5,0,-71,6,8.73
fold2_room1_mix0814,93,4,0,159,-4,7.41
fold2_room1_mix0814,93,5,0,-68,6,8.83
fold2_room1_mix0814,94,4,0,160,-3,8.11
fold2_room1_mix0814,94,5,0,-66,5,10.05
fold2_room1_mix0814,95,4,0,163,-3,8.48
fold2_room1_mix0814,95,5,0,-66,6,9.78
fold2_room1_mix0814,96,4,0,163,-3,9.45
fold2_room1_mix0814,96,5,0,-67,6,8.14
fold2_room1_mix0814,97,4,0,165,-3,10.44
fold2_room1_mix0814,97,5,0,-71,5,10.38
fold2_room1_mix0814,98,4,0,164,-3,10.69
fold2_room1_mix0814,98,5,0,-76,6,9.06
fold2_room1_mix0814,99,4,0,165,-3,10.83
fold2_room1_mix0814,99,5,0,-67,6,8.88
fold2_room1_mix0815,1,4,0,-179,0,1.73
fold2_room1_mix0815,3,4,0,-178,0,6.65
fold2_room1_mix0815,4,4,0,176,0,20.16
fold2_room1_mix0815,5,4,0,179,0,20.98
fold2_room1_mix0815,6,4,0,-179,0,26.93
fold2_room1_mix0815,7,4,0,177,0,30.59
fold2_room1_mix0815,8,4,0,178,0,40.71
fold2_room1_mix0815,9,4,0,177,0,39.80
fold2_room1_mix0815,10,4,0,178,0,39.34
fold2_room1_mix0815,11,4,0,177,0,40.70
fold2_room1_mix0815,12,4,0,177,0,38.75
fold2_room1_mix0815,13,4,0,178,0,38.57
fold2_room1_mix0815,14,4,0,-179,0,37.37
fold2_room1_mix0815,15,4,0,179,0,35.92
fold2_room1_mix0815,16,4,0,179,0,36.06
fold2_room1_mix0815,17,4,0,179,0,37.85
fold2_room1_mix0815,18,4,0,-179,0,37.55
fold2_room1_mix0815,19,4,0,-179,0,34.98
fold2_room1_mix0815,20,4,0,179,0,34.31
fold2_room1_mix0815,21,4,0,-179,0,34.06
fold2_room1_mix0815,22,4,0,-179,0,31.92
fold2_room1_mix0815,23,4,0,-179,0,31.72
fold2_room1_mix0815,24,4,0,-178,0,31.54
fold2_room1_mix0815,25,4,0,179,0,33.39
fold2_room1_mix0815,26,4,0,-179,0,31.95
fold2_room1_mix0815,27,4,0,-179,0,31.50
fold2_room1_mix0815,28,4,0,-178,0,31.63
fold2_room1_mix0815,29,4,0,-178,0,29.45
fold2_room1_mix0815,30,4,0,-179,0,30.97
fold2_room1_mix0815,31,4,0,-177,0,30.29
fold2_room1_mix0815,32,4,0,179,0,28.41
fold2_room1_mix0815,33,4,0,177,0,30.00
fold2_room1_mix0815,34,4,0,-179,0,28.56
fold2_room1_mix0815,35,4,0,179,0,28.84
fold2_room1_mix0815,36,4,0,179,0,28.40
fold2_room1_mix0815,37,4,0,178,0,28.09
fold2_room1_mix0815,38,4,0,178,0,28.18
fold2_room1_mix0815,39,4,0,178,0,26.06
fold2_room1_mix0815,40,4,0,178,0,26.55
fold2_room1_mix0815,41,4,0,179,0,24.25
fold2_room1_mix0815,42,4,0,179,-1,24.18
fold2_room1_mix0815,43,4,0,-179,0,24.68
fold2_room1_mix0815,44,4,0,179,-1,23.88
fold2_room1_mix0815,45,4,0,179,-1,21.90
fold2_room1_mix0815,46,4,0,179,-1,22.98
fold2_room1_mix0815,47,4,0,-178,-1,21.74
fold2_room1_mix0815,48,4,0,179,-1,20.43
fold2_room1_mix0815,49,4,0,179,-1,20.09
fold2_room1_mix0815,50,4,0,179,-1,19.82
fold2_room1_mix0815,51,4,0,179,-1,18.98
fold2_room1_mix0815,52,4,0,178,-1,19.35
fold2_room1_mix0815,53,4,0,178,-1,18.03
fold2_room1_mix0815,54,4,0,178,-1,17.56
fold2_room1_mix0815,55,4,0,177,-1,16.68
fold2_room1_mix0815,56,4,0,179,-1,16.67
fold2_room1_mix0815,57,4,0,178,-1,15.40
fold2_room1_mix0815,58,4,0,178,-2,15.04
fold2_room1_mix0815,59,4,0,176,-2,15.19
fold2_room1_mix0815,60,4,0,177,-2,14.25
fold2_room1_mix0815,61,4,0,178,-2,12.26
fold2_room1_mix0815,62,4,0,177,-2,13.06
fold2_room1_mix0815,63,4,0,175,-3,11.86
fold2_room1_mix0815,64,4,0,175,-3,10.84
fold2_room1_mix0815,65,4,0,175,-3,10.13
fold2_room1_mix0815,66,4,0,174,-4,9.83
fold2_room1_mix0815,67,4,0,174,-4,9.17
fold2_room1_mix0815,68,4,0,174,-4,9.28
fold2_room1_mix0815,69,4,0,174,-4,7.76
fold2_room1_mix0815,70,4,0,174,-5,7.60
fold2_room1_mix0815,71,4,0,173,-5,6.84
fold2_room1_mix0815,72,4,0,174,-6,6.12
fold2_room1_mix0815,73,4,0,171,-7,5.47
fold2_room1_mix0815,74,4,0,171,-8,4.69
fold2_room1_mix0815,75,4,0,171,-9,4.25
fold2_room1_mix0815,76,4,0,168,-11,3.54
fold2_room1_mix0815,77,4,0,167,-13,3.12
fold2_room1_mix0815,78,4,0,163,-16,2.72
fold2_room1_mix0815,79,4,0,158,-19,2.17
fold2_room1_mix0815,80,4,0,147,-25,1.69
fold2_room1_mix0815,81,4,0,127,-38,1.31
fold2_room1_mix0815,82,4,0,93,-43,1.25
fold2_room1_mix0815,83,4,0,51,-37,1.37
fold2_room1_mix0815,84,4,0,28,-25,1.64
fold2_room1_mix0815,85,4,0,21,-20,2.14
fold2_room1_mix0815,86,4,0,18,-17,2.62
fold2_room1_mix0815,87,4,0,14,-13,3.17
fold2_room1_mix0815,88,4,0,12,-11,3.82
fold2_room1_mix0815,89,4,0,10,-10,4.07
fold2_room1_mix0815,90,4,0,8,-8,4.80
fold2_room1_mix0815,91,4,0,9,-7,5.45
fold2_room1_mix0815,92,4,0,7,-7,5.90
fold2_room1_mix0815,93,4,0,7,-6,6.33
fold2_room1_mix0815,94,4,0,8,-6,7.06
fold2_room1_mix0815,95,4,0,7,-6,7.58
fold2_room1_mix0815,96,4,0,6,-6,7.62
fold2_room1_mix0815,97,4,0,5,-5,8.29
fold2_room1_mix0815,98,4,0,5,-5,9.22
fold2_room1_mix0815,99,4,0,6,-5,9.27
fold2_room1_mix0816,1,4,0,-6,0,2.09
fold2_room1_mix0816,2,4,0,-7,0,3.90
fold2_room1_mix0816,3,4,0,-9,-1,10.59
fold2_room1_mix0816,4,4,0,-9,-2,10.53
fold2_room1_mix0816,5,4,0,-8,-1,11.61
fold2_room1_mix0816,6,4,0,-10,-2,14.41
fold2_room1_mix0816,7,4,0,-10,-2,18.37
fold2_room1_mix0816,8,4,0,-7,-2,18.46
fold2_room1_mix0816,9,4,0,-11,-2,18.33
fold2_room1_mix0816,10,4,0,-10,-2,18.75
fold2_room1_mix0816,11,4,0,-10,-2,18.70
fold2_room1_mix0816,12,4,0,-9,-2,18.89
fold2_room1_mix0816,13,4,0,-9,-2,17.37
fold2_room1_mix0816,14,4,0,-12,-2,17.77
fold2_room1_mix0816,15,4,0,-11,-2,17.28
fold2_room1_mix0816,16,4,0,-13,-2,16.57
fold2_room1_mix0816,17,4,0,-12,-2,16.94
fold2_room1_mix0816,18,4,0,-12,-2,16.86
fold2_room1_mix0816,19,4,0,-12,-2,16.11
fold2_room1_mix0816,20,4,0,-13,-2,16.18
fold2_room1_mix0816,21,4,0,-13,-2,16.09
fold2_room1_mix0816,22,4,0,-12,-2,15.11
fold2_room1_mix0816,23,4,0,-13,-2,14.81
fold2_room1_mix0816,24,4,0,-12,-2,15.30
fold2_room1_mix0816,25,4,0,-14,-2,14.78
fold2_room1_mix0816,26,4,0,-12,-2,14.97
fold2_room1_mix0816,27,4,0,-15,-3,14.12
fold2_room1_mix0816,28,4,0,-14,-3,14.42
fold2_room1_mix0816,29,4,0,-14,-3,12.29
fold2_room1_mix0816,30,4,0,-13,-3,12.69
fold2_room1_mix0816,31,4,0,-14,-3,12.74
fold2_room1_mix0816,32,4,0,-15,-3,12.02
fold2_room1_mix0816,33,4,0,-15,-3,12.08
fold2_room1_mix0816,34,4,0,-16,-3,12.58
fold2_room1_mix0816,35,4,0,-15,-3,12.00
fold2_room1_mix0816,36,3,0,82,-4,9.14
fold2_room1_mix0816,36,4,0,-17,-3,13.97
fold2_room1_mix0816,37,3,0,82,-4,12.68
fold2_room1_mix0816,37,4,0,-15,-3,14.27
fold2_room1_mix0816,38,3,0,80,-4,10.85
fold2_room1_mix0816,38,4,0,-14,-3,14.36
fold2_room1_mix0816,39,3,0,86,-4,10.76
fold2_room1_mix0816,39,4,0,-16,-3,14.34
fold2_room1_mix0816,40,3,0,83,-4,10.72
fold2_room1_mix0816,40,4,0,-18,-3,13.86
fold2_room1_mix0816,41,3,0,85,-5,10.24
fold2_room1_mix0816,41,4,0,-17,-4,13.46
fold2_room1_mix0816,42,3,0,86,-5,9.73
fold2_room1_mix0816,42,4,0,-19,-4,13.93
fold2_room1_mix0816,43,3,0,92,-4,10.57
fold2_room1_mix0816,43,4,0,-21,-4,12.10
fold2_room1_mix0816,44,3,0,99,-4,8.62
fold2_room1_mix0816,44,4,0,-22,-4,11.60
fold2_room1_mix0816,45,3,0,90,-4,7.55
fold2_room1_mix0816,45,4,0,-23,-4,10.63
fold2_room1_mix0816,46,4,0,-24,-4,9.04
fold2_room1_mix0816,47,4,0,-24,-4,9.28
fold2_room1_mix0816,48,3,0,95,-5,12.36
fold2_room1_mix0816,48,4,0,-26,-4,9.87
fold2_room1_mix0816,49,3,0,93,-5,12.33
fold2_room1_mix0816,49,4,0,-24,-4,10.13
fold2_room1_mix0816,50,3,0,94,-5,11.30
fold2_room1_mix0816,50,4,0,-22,-5,10.89
fold2_room1_mix0816,51,3,0,95,-5,10.49
fold2_room1_mix0816,51,4,0,-26,-5,9.62
fold2_room1_mix0816,52,3,0,97,-5,10.98
fold2_room1_mix0816,52,4,0,-25,-5,10.55
fold2_room1_mix0816,53,3,0,100,-5,10.61
fold2_room1_mix0816,53,4,0,-24,-5,10.50
fold2_room1_mix0816,54,3,0,102,-5,9.63
fold2_room1_mix0816,54,4,0,-26,-6,8.96
fold2_room1_mix0816,55,3,0,120,-5,9.88
fold2_room1_mix0816,55,4,0,-31,-7,8.05
fold2_room1_mix0816,56,3,0,114,-5,7.94
fold2_room1_mix0816,56,4,0,-33,-6,6.73
fold2_room1_mix0816,57,3,0,122,-4,8.09
fold2_room1_mix0816,57,4,0,-35,-6,6.63
fold2_room1_mix0816,58,4,0,-35,-6,6.09
fold2_room1_mix0816,59,3,0,-171,-7,8.12
fold2_room1_mix0816,59,4,0,-40,-6,6.24
fold2_room1_mix0816,60,3,0,119,-4,13.85
fold2_room1_mix0816,60,4,0,-42,-7,6.57
fold2_room1_mix0816,61,3,0,114,-5,12.14
fold2_room1_mix0816,61,4,0,-37,-6,6.63
fold2_room1_mix0816,62,3,0,114,-4,11.73
fold2_room1_mix0816,62,4,0,-39,-7,6.92
fold2_room1_mix0816,63,3,0,116,-5,11.73
fold2_room1_mix0816,63,4,0,-41,-7,6.95
fold2_room1_mix0816,64,3,0,113,-5,10.33
fold2_room1_mix0816,64,4,0,-43,-8,5.82
fold2_room1_mix0816,65,3,0,120,-5,10.97
fold2_room1_mix0816,65,4,0,-43,-7,6.23
fold2_room1_mix0816,66,3,0,127,-5,11.17
fold2_room1_mix0816,66,4,0,-49,-7,6.18
fold2_room1_mix0816,67,3,0,127,-5,9.92
fold2_room1_mix0816,67,4,0,-49,-7,4.94
fold2_room1_mix0816,68,3,0,130,-5,11.30
fold2_room1_mix0816,68,4,0,-54,-8,5.03
fold2_room1_mix0816,69,4,0,-52,-8,4.93
fold2_room1_mix0816,70,3,0,14,-6,11.56
fold2_room1_mix0816,70,4,0,-52,-7,5.00
fold2_room1_mix0816,71,3,0,2,-4,13.45
fold2_room1_mix0816,71,4,0,-58,-8,4.71
fold2_room1_mix0816,72,3,0,75,-5,15.83
fold2_room1_mix0816,72,4,0,-63,-8,4.81
fold2_room1_mix0816,73,3,0,122,-5,13.89
fold2_room1_mix0816,73,4,0,-67,-9,4.74
fold2_room1_mix0816,74,3,0,120,-4,12.65
fold2_room1_mix0816,74,4,0,-71,-9,4.92
fold2_room1_mix0816,75,3,0,132,-4,13.25
fold2_room1_mix0816,75,4,0,-81,-11,4.44
fold2_room1_mix0816,76,3,0,128,-4,4.31
fold2_room1_mix0816,76,4,0,-82,-13,3.61
fold2_room1_mix0816,77,3,0,130,-4,10.69
fold2_room1_mix0816,77,4,0,-85,-13,3.65
fold2_room1_mix0816,78,3,0,143,-4,12.11
fold2_room1_mix0816,78,4,0,-92,-13,3.45
fold2_room1_mix0816,79,3,0,130,-4,5.76
fold2_room1_mix0816,79,4,0,-90,-13,3.52
fold2_room1_mix0816,80,4,0,-89,-12,3.30
fold2_room1_mix0816,81,4,0,-91,-11,3.90
fold2_room1_mix0816,82,4,0,-94,-9,4.21
fold2_room1_mix0816,83,4,0,-99,-9,4.14
fold2_room1_mix0816,84,4,0,-103,-9,4.12
fold2_room1_mix0816,85,4,0,-106,-9,4.15
fold2_room1_mix0816,86,4,0,-110,-8,4.19
fold2_room1_mix0816,87,4,0,-113,-8,4.23
fold2_room1_mix0816,88,4,0,-116,-8,4.16
fold2_room1_mix0816,89,4,0,-119,-8,4.18
fold2_room1_mix0816,90,4,0,-122,-8,4.25
fold2_room1_mix0816,91,4,0,-124,-8,4.27
fold2_room1_mix0816,92,4,0,-127,-8,4.43
fold2_room1_mix0816,93,4,0,-128,-7,4.46
fold2_room1_mix0816,94,4,0,-131,-8,4.60
fold2_room1_mix0816,95,4,0,-135,-7,4.99
fold2_room1_mix0816,96,4,0,-134,-7,4.94
fold2_room1_mix0816,97,4,0,-134,-7,5.05
fold2_room1_mix0816,98,4,0,-135,-7,5.43
fold2_room1_mix0816,99,4,0,-136,-7,4.95
fold2_room1_mix0817,0,5,0,-90,3,6.92
fold2_room1_mix0817,1,5,0,-92,4,12.18
fold2_room1_mix0817,2,5,0,-91,4,12.15
fold2_room1_mix0817,3,4,0,-177,0,7.12
fold2_room1_mix0817,3,5,0,-85,4,9.54
fold2_room1_mix0817,4,4,0,178,1,5.35
fold2_room1_mix0817,4,5,0,-86,5,11.22
fold2_room1_mix0817,5,4,0,-179,0,21.65
fold2_room1_mix0817,5,5,0,-88,6,12.81
fold2_room1_mix0817,6,4,0,177,0,21.95
fold2_room1_mix0817,6,5,0,-84,5,15.70
fold2_room1_mix0817,7,4,0,177,0,25.70
fold2_room1_mix0817,7,5,0,-87,6,11.31
fold2_room1_mix0817,8,4,0,174,0,42.54
fold2_room1_mix0817,8,5,0,-89,5,11.89
fold2_room1_mix0817,9,4,0,-179,0,37.40
fold2_room1_mix0817,9,5,0,-81,5,13.86
fold2_room1_mix0817,10,4,0,177,0,36.94
fold2_room1_mix0817,10,5,0,-86,6,10.94
fold2_room1_mix0817,11,4,0,179,0,39.99
fold2_room1_mix0817,11,5,0,-90,6,11.45
fold2_room1_mix0817,12,4,0,177,0,37.21
fold2_room1_mix0817,12,5,0,-83,6,12.07
fold2_room1_mix0817,13,4,0,-178,0,39.18
fold2_room1_mix0817,13,5,0,-87,6,10.60
fold2_room1_mix0817,14,4,0,-179,0,41.28
fold2_room1_mix0817,14,5,0,-85,6,11.83
fold2_room1_mix0817,15,4,0,178,0,35.73
fold2_room1_mix0817,15,5,0,-82,5,12.52
fold2_room1_mix0817,16,4,0,179,0,37.88
fold2_room1_mix0817,16,5,0,-87,6,9.84
fold2_room1_mix0817,17,4,0,178,0,37.00
fold2_room1_mix0817,17,5,0,-81,5,11.31
fold2_room1_mix0817,18,4,0,179,0,36.48
fold2_room1_mix0817,18,5,0,-84,5,12.91
fold2_room1_mix0817,19,4,0,179,0,33.86
fold2_room1_mix0817,19,5,0,-86,5,12.75
fold2_room1_mix0817,20,4,0,-177,0,31.62
fold2_room1_mix0817,20,5,0,-83,5,12.39
fold2_room1_mix0817,21,4,0,-178,0,34.42
fold2_room1_mix0817,21,5,0,-87,5,12.32
fold2_room1_mix0817,22,4,0,178,0,33.24
fold2_room1_mix0817,22,5,0,-85,5,12.67
fold2_room1_mix0817,23,4,0,179,0,30.28
fold2_room1_mix0817,23,5,0,-87,5,11.21
fold2_room1_mix0817,24,4,0,-178,0,30.52
fold2_room1_mix0817,24,5,0,-88,6,11.25
fold2_room1_mix0817,25,4,0,-179,0,32.64
fold2_room1_mix0817,25,5,0,-88,5,13.07
fold2_room1_mix0817,26,4,0,178,0,31.07
fold2_room1_mix0817,26,5,0,-83,5,11.46
fold2_room1_mix0817,27,4,0,179,0,29.61
fold2_room1_mix0817,27,5,0,-89,6,11.21
fold2_room1_mix0817,28,4,0,179,0,29.52
fold2_room1_mix0817,28,5,0,-85,5,12.41
fold2_room1_mix0817,29,4,0,179,0,28.55
fold2_room1_mix0817,29,5,0,-90,6,10.61
fold2_room1_mix0817,30,4,0,178,0,29.34
fold2_room1_mix0817,30,5,0,-89,6,11.12
fold2_room1_mix0817,31,4,0,177,0,26.85
fold2_room1_mix0817,31,5,0,-88,5,12.48
fold2_room1_mix0817,32,4,0,178,0,25.99
fold2_room1_mix0817,32,5,0,-90,6,11.05
fold2_room1_mix0817,33,4,0,177,0,26.04
fold2_room1_mix0817,33,5,0,-89,6,11.79
fold2_room1_mix0817,34,4,0,178,0,24.65
fold2_room1_mix0817,34,5,0,-89,5,11.81
fold2_room1_mix0817,35,4,0,-179,0,23.99
fold2_room1_mix0817,35,5,0,-91,5,11.96
fold2_room1_mix0817,36,4,0,179,0,22.29
fold2_room1_mix0817,36,5,0,-89,5,11.39
fold2_room1_mix0817,37,4,0,-177,0,22.44
fold2_room1_mix0817,37,5,0,-92,6,10.70
fold2_room1_mix0817,38,4,0,-178,-1,20.77
fold2_room1_mix0817,38,5,0,-93,5,12.96
fold2_room1_mix0817,39,4,0,179,0,21.15
fold2_room1_mix0817,39,5,0,-94,5,11.46
fold2_room1_mix0817,40,4,0,-179,0,20.95
fold2_room1_mix0817,40,5,0,-94,6,11.08
fold2_room1_mix0817,41,4,0,-178,0,19.49
fold2_room1_mix0817,41,5,0,-94,5,11.85
fold2_room1_mix0817,42,4,0,-179,-1,18.01
fold2_room1_mix0817,42,5,0,-94,6,11.41
fold2_room1_mix0817,43,4,0,-178,-1,18.20
fold2_room1_mix0817,43,5,0,-90,6,11.27
fold2_room1_mix0817,44,4,0,-179,-1,17.76
fold2_room1_mix0817,44,5,0,-92,5,11.79
fold2_room1_mix0817,45,4,0,-177,-1,16.45
fold2_room1_mix0817,45,5,0,-91,6,11.25
fold2_room1_mix0817,46,4,0,-178,-1,15.98
fold2_room1_mix0817,46,5,0,-91,5,12.09
fold2_room1_mix0817,47,4,0,-179,-1,14.81
fold2_room1_mix0817,47,5,0,-89,5,12.62
fold2_room1_mix0817,48,4,0,-176,-2,13.00
fold2_room1_mix0817,48,5,0,-90,6,10.66
fold2_room1_mix0817,49,4,0,-175,-2,12.48
fold2_room1_mix0817,49,5,0,-89,5,11.90
fold2_room1_mix0817,50,4,0,-175,-2,11.53
fold2_room1_mix0817,50,5,0,-89,5,12.67
fold2_room1_mix0817,51,4,0,-174,-3,10.85
fold2_room1_mix0817,51,5,0,-90,4,12.92
fold2_room1_mix0817,52,4,0,-173,-3,10.38
fold2_room1_mix0817,52,5,0,-86,5,12.30
fold2_room1_mix0817,53,4,0,-172,-3,10.07
fold2_room1_mix0817,53,5,0,-90,5,12.70
fold2_room1_mix0817,54,4,0,-173,-3,8.27
fold2_room1_mix0817,54,5,0,-87,4,13.64
fold2_room1_mix0817,55,4,0,-170,-4,7.47
fold2_room1_mix0817,55,5,0,-87,5,12.24
fold2_room1_mix0817,56,4,0,-167,-5,7.28
fold2_room1_mix0817,56,5,0,-95,5,12.13
fold2_room1_mix0817,57,4,0,-164,-5,5.30
fold2_room1_mix0817,57,5,0,-94,4,13.32
fold2_room1_mix0817,58,4,0,-163,-6,4.54
fold2_room1_mix0817,58,5,0,-89,5,12.46
fold2_room1_mix0817,59,4,0,-159,-8,3.93
fold2_room1_mix0817,59,5,0,-84,5,12.70
fold2_room1_mix0817,60,4,0,-154,-11,3.17
fold2_room1_mix0817,60,5,0,-83,4,12.63
fold2_room1_mix0817,61,4,0,-147,-16,2.36
fold2_room1_mix0817,61,5,0,-88,5,11.98
fold2_room1_mix0817,62,4,0,-128,-23,1.83
fold2_room1_mix0817,62,5,0,-88,4,12.97
fold2_room1_mix0817,63,4,0,-79,-26,1.37
fold2_room1_mix0817,63,5,0,-85,4,13.27
fold2_room1_mix0817,64,4,0,-47,-17,1.58
fold2_room1_mix0817,64,5,0,-88,4,12.50
fold2_room1_mix0817,65,4,0,-32,-11,2.07
fold2_room1_mix0817,65,5,0,-90,4,11.89
fold2_room1_mix0817,66,4,0,-25,-10,2.90
fold2_room1_mix0817,66,5,0,-85,4,13.48
fold2_room1_mix0817,67,4,0,-21,-8,3.66
fold2_room1_mix0817,67,5,0,-87,4,12.39
fold2_room1_mix0817,68,4,0,-16,-7,4.19
fold2_room1_mix0817,68,5,0,-84,4,11.68
fold2_room1_mix0817,69,4,0,-12,-5,5.33
fold2_room1_mix0817,69,5,0,-84,4,12.36
fold2_room1_mix0817,70,4,0,-9,-4,6.16
fold2_room1_mix0817,70,5,0,-89,4,12.19
fold2_room1_mix0817,71,4,0,-8,-4,6.89
fold2_room1_mix0817,71,5,0,-77,4,12.54
fold2_room1_mix0817,72,4,0,-6,-4,8.34
fold2_room1_mix0817,72,5,0,-79,4,12.73
fold2_room1_mix0817,73,4,0,-4,-3,9.10
fold2_room1_mix0817,73,5,0,-79,4,13.33
fold2_room1_mix0817,74,4,0,-5,-3,8.98
fold2_room1_mix0817,74,5,0,-86,4,12.95
fold2_room1_mix0817,75,4,0,-4,-3,10.70
fold2_room1_mix0817,75,5,0,-85,4,13.05
fold2_room1_mix0817,76,4,0,-3,-3,10.86
fold2_room1_mix0817,76,5,0,-86,4,13.44
fold2_room1_mix0817,77,4,0,-2,-3,11.90
fold2_room1_mix0817,77,5,0,-86,4,12.38
fold2_room1_mix0817,78,4,0,-1,-3,12.93
fold2_room1_mix0817,78,5,0,-90,4,13.27
fold2_room1_mix0817,79,4,0,-2,-2,13.53
fold2_room1_mix0817,79,5,0,-87,4,13.84
fold2_room1_mix0817,80,4,0,-1,-2,13.83
fold2_room1_mix0817,80,5,0,-92,4,12.79
fold2_room1_mix0817,81,4,0,-1,-2,15.08
fold2_room1_mix0817,81,5,0,-89,4,12.77
fold2_room1_mix0817,82,4,0,-1,-2,16.51
fold2_room1_mix0817,82,5,0,-89,4,14.84
fold2_room1_mix0817,83,4,0,0,-2,17.56
fold2_room1_mix0817,83,5,0,-85,4,14.00
fold2_room1_mix0817,84,4,0,-1,-1,18.04
fold2_room1_mix0817,84,5,0,-87,4,13.04
fold2_room1_mix0817,85,4,0,0,-2,19.54
fold2_room1_mix0817,85,5,0,-89,4,14.20
fold2_room1_mix0817,86,4,0,0,-1,20.55
fold2_room1_mix0817,86,5,0,-87,4,14.83
fold2_room1_mix0817,87,4,0,0,-1,21.81
fold2_room1_mix0817,87,5,0,-83,4,13.04
fold2_room1_mix0817,88,4,0,0,-1,23.71
fold2_room1_mix0817,88,5,0,-90,4,13.16
fold2_room1_mix0817,89,4,0,1,-1,22.92
fold2_room1_mix0817,89,5,0,-88,4,14.48
fold2_room1_mix0817,90,4,0,0,-1,22.79
fold2_room1_mix0817,90,5,0,-87,4,13.52
fold2_room1_mix0817,91,4,0,1,-1,26.12
fold2_room1_mix0817,91,5,0,-85,4,13.57
fold2_room1_mix0817,92,4,0,0,-1,25.22
fold2_room1_mix0817,92,5,0,-84,4,14.04
fold2_room1_mix0817,93,4,0,-1,-1,25.29
fold2_room1_mix0817,93,5,0,-87,4,12.79
fold2_room1_mix0817,94,4,0,1,-2,27.33
fold2_room1_mix0817,94,5,0,-89,4,13.50
fold2_room1_mix0817,95,4,0,1,-1,28.23
fold2_room1_mix0817,95,5,0,-84,4,14.67
fold2_room1_mix0817,96,4,0,0,-1,28.17
fold2_room1_mix0817,96,5,0,-89,4,14.16
fold2_room1_mix0817,97,4,0,1,-1,30.67
fold2_room1_mix0817,97,5,0,-87,4,14.02
fold2_room1_mix0817,98,4,0,2,-1,31.95
fold2_room1_mix0817,98,5,0,-82,4,14.73
fold2_room1_mix0817,99,4,0,3,-1,29.66
fold2_room1_mix0817,99,5,0,-86,4,14.93
fold2_room1_mix0819,3,4,0,-1,0,3.83
fold2_room1_mix0819,4,4,0,0,0,15.39
fold2_room1_mix0819,5,4,0,-1,0,14.33
fold2_room1_mix0819,6,4,0,0,0,16.80
fold2_room1_mix0819,7,4,0,0,0,19.78
fold2_room1_mix0819,8,4,0,0,0,23.41
fold2_room1_mix0819,9,4,0,0,0,23.17
fold2_room1_mix0819,10,4,0,0,0,21.18
fold2_room1_mix0819,11,4,0,0,0,21.82
fold2_room1_mix0819,12,4,0,0,-1,21.52
fold2_room1_mix0819,13,4,0,-1,-1,19.31
fold2_room1_mix0819,14,4,0,-1,-1,20.10
fold2_room1_mix0819,15,4,0,-1,-1,19.43
fold2_room1_mix0819,16,4,0,-1,-1,19.52
fold2_room1_mix0819,17,4,0,-2,-1,19.68
fold2_room1_mix0819,18,4,0,-2,-1,19.08
fold2_room1_mix0819,19,4,0,-1,-1,18.88
fold2_room1_mix0819,20,4,0,-2,-1,18.84
fold2_room1_mix0819,21,4,0,-2,-1,17.10
fold2_room1_mix0819,22,4,0,-2,-1,17.99
fold2_room1_mix0819,23,4,0,-2,-1,17.47
fold2_room1_mix0819,24,4,0,-1,-1,18.23
fold2_room1_mix0819,25,4,0,-2,-1,18.20
fold2_room1_mix0819,26,4,0,-1,-1,17.81
fold2_room1_mix0819,27,4,0,-1,-1,18.82
fold2_room1_mix0819,28,4,0,0,-1,19.55
fold2_room1_mix0819,29,4,0,-1,-1,19.95
fold2_room1_mix0819,30,4,0,-1,-1,18.89
fold2_room1_mix0819,31,4,0,-1,-1,19.54
fold2_room1_mix0819,32,4,0,0,-1,20.57
fold2_room1_mix0819,33,4,0,-1,-1,19.86
fold2_room1_mix0819,34,4,0,0,-1,19.94
fold2_room1_mix0819,35,4,0,-2,-1,19.72
fold2_room1_mix0819,36,4,0,-1,-1,19.22
fold2_room1_mix0819,37,4,0,-1,-1,18.51
fold2_room1_mix0819,38,4,0,-1,-1,18.25
fold2_room1_mix0819,39,4,0,0,-1,16.68
fold2_room1_mix0819,40,4,0,0,-1,16.39
fold2_room1_mix0819,41,4,0,0,-1,15.84
fold2_room1_mix0819,42,4,0,0,-1,15.69
fold2_room1_mix0819,43,4,0,-1,-1,16.13
fold2_room1_mix0819,44,4,0,0,-1,16.09
fold2_room1_mix0819,45,4,0,0,-1,15.57
fold2_room1_mix0819,46,4,0,0,-1,15.28
fold2_room1_mix0819,47,4,0,0,-1,14.05
fold2_room1_mix0819,48,4,0,0,-1,13.89
fold2_room1_mix0819,49,4,0,0,-1,14.02
fold2_room1_mix0819,50,4,0,0,-2,13.09
fold2_room1_mix0819,51,4,0,0,-2,12.80
fold2_room1_mix0819,52,4,0,0,-2,13.07
fold2_room1_mix0819,53,4,0,-1,-2,12.11
fold2_room1_mix0819,54,4,0,-1,-2,11.30
fold2_room1_mix0819,55,4,0,-2,-2,11.04
fold2_room1_mix0819,56,4,0,-2,-2,10.64
fold2_room1_mix0819,57,4,0,-2,-2,10.23
fold2_room1_mix0819,58,4,0,-2,-2,10.06
fold2_room1_mix0819,59,4,0,-2,-2,10.00
fold2_room1_mix0819,60,4,0,-1,-2,10.11
fold2_room1_mix0819,61,4,0,-2,-2,9.70
fold2_room1_mix0819,62,4,0,-3,-2,9.81
fold2_room1_mix0819,63,4,0,-2,-3,9.55
fold2_room1_mix0819,64,2,0,-57,-3,11.23
fold2_room1_mix0819,64,4,0,-1,-3,8.89
fold2_room1_mix0819,65,2,0,-53,-2,12.46
fold2_room1_mix0819,65,4,0,-1,-3,9.49
fold2_room1_mix0819,66,2,0,-50,-1,11.82
fold2_room1_mix0819,66,4,0,-2,-3,8.72
fold2_room1_mix0819,67,4,0,-4,-3,7.96
fold2_room1_mix0819,68,4,0,-3,-3,8.58
fold2_room1_mix0819,69,4,0,-5,-3,7.59
fold2_room1_mix0819,70,4,0,-5,-4,7.29
fold2_room1_mix0819,71,4,0,-8,-4,7.03
fold2_room1_mix0819,72,2,0,-52,-2,13.48
fold2_room1_mix0819,72,4,0,-6,-5,6.29
fold2_room1_mix0819,73,2,0,-54,-1,14.78
fold2_room1_mix0819,73,4,0,-6,-5,5.90
fold2_room1_mix0819,74,2,0,-50,-1,12.86
fold2_room1_mix0819,74,4,0,-7,-4,5.73
fold2_room1_mix0819,75,2,0,-51,-2,12.66
fold2_room1_mix0819,75,4,0,-9,-5,5.47
fold2_room1_mix0819,76,2,0,-50,-1,13.40
fold2_room1_mix0819,76,4,0,-8,-5,5.33
fold2_room1_mix0819,77,4,0,-10,-6,4.62
fold2_room1_mix0819,78,4,0,-14,-7,4.12
fold2_room1_mix0819,79,4,0,-13,-7,3.65
fold2_room1_mix0819,80,4,0,-18,-9,3.14
fold2_room1_mix0819,81,4,0,-18,-10,3.17
fold2_room1_mix0819,82,2,0,-51,-2,12.11
fold2_room1_mix0819,82,4,0,-18,-10,2.90
fold2_room1_mix0819,83,2,0,-50,-1,14.09
fold2_room1_mix0819,83,4,0,-23,-10,2.54
fold2_room1_mix0819,84,2,0,-48,-2,11.62
fold2_room1_mix0819,84,4,0,-27,-12,2.43
fold2_room1_mix0819,85,2,0,-47,-2,10.98
fold2_room1_mix0819,85,4,0,-31,-14,2.02
fold2_room1_mix0819,86,4,0,-39,-18,1.71
fold2_room1_mix0819,87,4,0,-49,-24,1.47
fold2_room1_mix0819,88,4,0,-61,-29,1.42
fold2_room1_mix0819,89,4,0,-78,-37,1.13
fold2_room1_mix0819,90,4,0,-107,-37,1.01
fold2_room1_mix0819,91,4,0,-127,-31,1.23
fold2_room1_mix0819,92,4,0,-136,-25,1.36
fold2_room1_mix0819,93,4,0,-146,-20,1.72
fold2_room1_mix0819,94,4,0,-151,-18,2.03
fold2_room1_mix0819,95,4,0,-154,-14,2.60
fold2_room1_mix0819,96,4,0,-157,-13,2.82
fold2_room1_mix0819,97,4,0,-160,-12,3.22
fold2_room1_mix0819,98,4,0,-162,-11,3.18
fold2_room1_mix0819,99,4,0,-163,-10,3.31
fold2_room1_mix0819,2,4,0,-5,0,1.28
fold2_room1_mix0820,1,4,0,174,0,0.69
fold2_room1_mix0820,2,4,0,177,0,2.48
fold2_room1_mix0820,3,4,0,174,0,8.11
fold2_room1_mix0820,4,4,0,170,-1,9.02
fold2_room1_mix0820,5,4,0,168,0,11.17
fold2_room1_mix0820,6,4,0,171,-1,12.39
fold2_room1_mix0820,7,3,0,-128,-5,17.86
fold2_room1_mix0820,7,4,0,168,-1,14.19
fold2_room1_mix0820,8,3,0,-110,-4,15.75
fold2_room1_mix0820,8,4,0,168,-2,13.34
fold2_room1_mix0820,9,3,0,-106,-3,8.19
fold2_room1_mix0820,9,4,0,168,-1,13.05
fold2_room1_mix0820,10,4,0,167,-1,14.74
fold2_room1_mix0820,11,4,0,168,-1,13.03
fold2_room1_mix0820,12,4,0,166,-2,12.78
fold2_room1_mix0820,13,4,0,167,-1,13.19
fold2_room1_mix0820,14,3,0,-124,-4,12.16
fold2_room1_mix0820,14,4,0,164,-1,11.87
fold2_room1_mix0820,15,3,0,-124,-4,17.76
fold2_room1_mix0820,15,4,0,163,-1,11.73
fold2_room1_mix0820,16,3,0,-124,-4,18.04
fold2_room1_mix0820,16,4,0,163,-2,10.51
fold2_room1_mix0820,17,3,0,-121,-4,16.02
fold2_room1_mix0820,17,4,0,162,-2,10.46
fold2_room1_mix0820,18,3,0,-117,-3,16.85
fold2_room1_mix0820,18,4,0,160,-1,11.11
fold2_room1_mix0820,19,3,0,-118,-3,17.82
fold2_room1_mix0820,19,4,0,161,-2,10.67
fold2_room1_mix0820,20,3,0,-117,-4,15.68
fold2_room1_mix0820,20,4,0,159,-2,10.04
fold2_room1_mix0820,21,3,0,-115,-3,16.91
fold2_room1_mix0820,21,4,0,158,-2,10.29
fold2_room1_mix0820,22,3,0,-111,-3,14.60
fold2_room1_mix0820,22,4,0,159,-2,10.22
fold2_room1_mix0820,23,3,0,-105,-3,12.55
fold2_room1_mix0820,23,4,0,159,-2,9.61
fold2_room1_mix0820,24,3,0,-104,-2,7.53
fold2_room1_mix0820,24,4,0,161,-2,9.36
fold2_room1_mix0820,25,4,0,159,-2,9.74
fold2_room1_mix0820,26,4,0,160,-3,9.71
fold2_room1_mix0820,27,3,0,-116,-4,10.72
fold2_room1_mix0820,27,4,0,162,-3,9.57
fold2_room1_mix0820,28,3,0,-104,-4,18.68
fold2_room1_mix0820,28,4,0,156,-2,8.97
fold2_room1_mix0820,29,3,0,-102,-4,16.08
fold2_room1_mix0820,29,4,0,157,-3,8.19
fold2_room1_mix0820,30,3,0,-109,-4,13.98
fold2_room1_mix0820,30,4,0,155,-3,7.89
fold2_room1_mix0820,31,3,0,-102,-4,14.05
fold2_room1_mix0820,31,4,0,153,-3,8.13
fold2_room1_mix0820,32,3,0,-98,-4,14.19
fold2_room1_mix0820,32,4,0,154,-3,8.40
fold2_room1_mix0820,33,3,0,-100,-4,15.01
fold2_room1_mix0820,33,4,0,153,-3,9.02
fold2_room1_mix0820,34,3,0,-95,-3,15.19
fold2_room1_mix0820,34,4,0,152,-3,8.57
fold2_room1_mix0820,35,3,0,-93,-3,12.39
fold2_room1_mix0820,35,4,0,152,-4,8.55
fold2_room1_mix0820,36,3,0,-92,-3,10.65
fold2_room1_mix0820,36,4,0,153,-4,9.01
fold2_room1_mix0820,37,3,0,-91,-3,10.69
fold2_room1_mix0820,37,4,0,146,-3,8.08
fold2_room1_mix0820,38,4,0,139,-4,6.77
fold2_room1_mix0820,39,4,0,153,-3,9.88
fold2_room1_mix0820,39,4,0,131,-7,5.06
fold2_room1_mix0820,40,4,0,155,-2,8.48
fold2_room1_mix0820,40,4,0,132,-6,4.46
fold2_room1_mix0820,40,4,0,117,-5,4.80
fold2_room1_mix0820,41,3,0,-65,-3,8.53
fold2_room1_mix0820,41,4,0,156,-2,10.71
fold2_room1_mix0820,41,4,0,134,-6,5.21
fold2_room1_mix0820,41,4,0,117,-6,4.51
fold2_room1_mix0820,42,3,0,-67,-3,18.20
fold2_room1_mix0820,42,4,0,149,0,9.98
fold2_room1_mix0820,42,4,0,120,-4,4.50
fold2_room1_mix0820,42,4,0,97,-5,3.70
fold2_room1_mix0820,43,3,0,-57,-3,16.02
fold2_room1_mix0820,43,4,0,156,-1,10.02
fold2_room1_mix0820,43,4,0,137,-4,6.11
fold2_room1_mix0820,43,4,0,104,-5,4.22
fold2_room1_mix0820,44,3,0,-64,-3,16.94
fold2_room1_mix0820,44,4,0,152,0,11.09
fold2_room1_mix0820,44,4,0,135,-3,5.81
fold2_room1_mix0820,44,4,0,96,-5,4.38
fold2_room1_mix0820,45,3,0,-65,-3,15.59
fold2_room1_mix0820,45,4,0,150,0,11.38
fold2_room1_mix0820,45,4,0,133,-3,5.85
fold2_room1_mix0820,45,4,0,81,-4,4.88
fold2_room1_mix0820,46,3,0,-60,-2,17.13
fold2_room1_mix0820,46,4,0,147,-1,8.83
fold2_room1_mix0820,46,4,0,131,-3,5.61
fold2_room1_mix0820,46,4,0,70,-4,5.60
fold2_room1_mix0820,47,3,0,-62,-2,17.08
fold2_room1_mix0820,47,4,0,156,-1,8.81
fold2_room1_mix0820,47,4,0,133,-3,5.09
fold2_room1_mix0820,47,4,0,59,-3,4.52
fold2_room1_mix0820,48,3,0,-58,-2,15.26
fold2_room1_mix0820,48,4,0,159,-1,7.85
fold2_room1_mix0820,48,4,0,137,-3,5.24
fold2_room1_mix0820,48,4,0,50,-3,4.81
fold2_room1_mix0820,49,3,0,-57,-2,13.10
fold2_room1_mix0820,49,4,0,158,-2,6.64
fold2_room1_mix0820,49,4,0,109,-7,4.88
fold2_room1_mix0820,49,4,0,42,-3,5.27
fold2_room1_mix0820,50,3,0,-57,-2,11.67
fold2_room1_mix0820,50,4,0,162,-1,6.38
fold2_room1_mix0820,50,4,0,79,-5,4.79
fold2_room1_mix0820,50,4,0,32,-1,6.53
fold2_room1_mix0820,51,3,0,-55,-2,5.25
fold2_room1_mix0820,51,4,0,166,-1,6.32
fold2_room1_mix0820,51,4,0,36,-3,5.15
fold2_room1_mix0820,52,4,0,169,-1,6.92
fold2_room1_mix0820,52,4,0,32,-4,5.14
fold2_room1_mix0820,53,4,0,171,-1,6.30
fold2_room1_mix0820,53,4,0,29,-3,5.28
fold2_room1_mix0820,54,4,0,175,-1,6.06
fold2_room1_mix0820,54,4,0,30,-3,5.15
fold2_room1_mix0820,55,3,0,-50,-3,12.39
fold2_room1_mix0820,55,4,0,172,-2,5.66
fold2_room1_mix0820,55,4,0,26,-3,5.75
fold2_room1_mix0820,56,3,0,-55,-2,7.60
fold2_room1_mix0820,56,4,0,179,-1,5.49
fold2_room1_mix0820,56,4,0,23,-1,6.12
fold2_room1_mix0820,57,3,0,-48,-2,6.24
fold2_room1_mix0820,57,4,0,-179,-2,4.94
fold2_room1_mix0820,57,4,0,22,-1,6.46
fold2_room1_mix0820,58,4,0,-174,-2,4.94
fold2_room1_mix0820,58,4,0,23,-2,5.90
fold2_room1_mix0820,59,4,0,-172,-4,4.59
fold2_room1_mix0820,59,4,0,21,-3,6.23
fold2_room1_mix0820,60,4,0,-164,-7,3.63
fold2_room1_mix0820,60,4,0,22,-2,6.62
fold2_room1_mix0820,61,3,0,-65,-4,4.74
fold2_room1_mix0820,61,4,0,-164,-8,3.24
fold2_room1_mix0820,61,4,0,22,-1,7.05
fold2_room1_mix0820,62,3,0,-61,-3,12.09
fold2_room1_mix0820,62,4,0,-156,-17,1.98
fold2_room1_mix0820,62,4,0,24,-2,7.26
fold2_room1_mix0820,63,3,0,-52,-3,16.07
fold2_room1_mix0820,63,4,0,-113,-32,1.04
fold2_room1_mix0820,63,4,0,20,0,9.05
fold2_room1_mix0820,64,3,0,-50,-3,16.13
fold2_room1_mix0820,64,4,0,-52,-27,1.13
fold2_room1_mix0820,64,4,0,20,1,10.22
fold2_room1_mix0820,65,3,0,-45,-2,13.23
fold2_room1_mix0820,65,4,0,-33,-19,1.66
fold2_room1_mix0820,65,4,0,18,0,10.74
fold2_room1_mix0820,66,3,0,-48,-2,5.24
fold2_room1_mix0820,66,4,0,-26,-10,2.64
fold2_room1_mix0820,66,4,0,19,0,10.96
fold2_room1_mix0820,67,4,0,-18,-9,2.92
fold2_room1_mix0820,67,4,0,18,0,10.26
fold2_room1_mix0820,68,4,0,-11,-9,3.40
fold2_room1_mix0820,68,4,0,15,-2,9.95
fold2_room1_mix0820,69,4,0,-8,-5,4.36
fold2_room1_mix0820,69,4,0,14,-1,10.54
fold2_room1_mix0820,70,4,0,-7,-5,5.08
fold2_room1_mix0820,70,4,0,11,-1,10.99
fold2_room1_mix0820,71,4,0,-6,-6,4.99
fold2_room1_mix0820,71,4,0,12,-1,11.79
fold2_room1_mix0820,72,4,0,6,-2,9.97
fold2_room1_mix0820,73,4,0,4,-3,10.02
fold2_room1_mix0820,74,4,0,4,-2,10.69
fold2_room1_mix0820,75,4,0,5,-2,10.93
fold2_room1_mix0820,76,4,0,3,-2,11.67
fold2_room1_mix0820,77,4,0,4,-2,13.05
fold2_room1_mix0820,78,4,0,3,-2,13.16
fold2_room1_mix0820,79,4,0,3,-2,13.62
fold2_room1_mix0820,80,4,0,3,-2,13.83
fold2_room1_mix0820,81,4,0,3,-2,14.11
fold2_room1_mix0820,82,4,0,3,-2,14.46
fold2_room1_mix0820,83,4,0,4,-2,14.55
fold2_room1_mix0820,84,4,0,3,-2,15.79
fold2_room1_mix0820,85,4,0,3,-2,16.27
fold2_room1_mix0820,86,4,0,2,-2,16.95
fold2_room1_mix0820,87,4,0,3,-2,17.77
fold2_room1_mix0820,88,4,0,3,-2,17.80
fold2_room1_mix0820,89,4,0,3,-1,18.65
fold2_room1_mix0820,90,4,0,3,-1,20.28
fold2_room1_mix0820,91,4,0,4,-1,19.85
fold2_room1_mix0820,92,4,0,2,-1,20.45
fold2_room1_mix0820,93,4,0,3,-1,20.65
fold2_room1_mix0820,94,4,0,2,-1,19.92
fold2_room1_mix0820,95,4,0,3,-1,21.00
fold2_room1_mix0820,96,4,0,3,-1,21.99
fold2_room1_mix0820,97,4,0,3,-1,23.38
fold2_room1_mix0820,98,4,0,4,-1,23.72
fold2_room1_mix0820,99,4,0,3,-1,21.78
fold2_room1_mix0821,2,4,0,-5,0,2.73
fold2_room1_mix0821,3,4,0,-7,0,6.17
fold2_room1_mix0821,4,4,0,-4,0,17.97
fold2_room1_mix0821,5,4,0,-5,-1,18.35
fold2_room1_mix0821,6,4,0,-6,0,22.01
fold2_room1_mix0821,7,4,0,-6,-1,32.92
fold2_room1_mix0821,8,4,0,-6,-1,34.85
fold2_room1_mix0821,9,4,0,-7,-1,33.52
fold2_room1_mix0821,10,4,0,-8,-1,33.43
fold2_room1_mix0821,11,4,0,-8,-1,34.28
fold2_room1_mix0821,12,4,0,-6,-1,34.19
fold2_room1_mix0821,13,1,0,168,-3,33.25
fold2_room1_mix0821,13,4,0,-7,-1,32.31
fold2_room1_mix0821,14,1,0,167,-3,37.50
fold2_room1_mix0821,14,4,0,-7,-2,31.82
fold2_room1_mix0821,15,1,0,166,-3,23.07
fold2_room1_mix0821,15,4,0,-7,-1,31.06
fold2_room1_mix0821,16,1,0,171,-4,28.52
fold2_room1_mix0821,16,4,0,-5,-1,31.63
fold2_room1_mix0821,17,1,0,164,-3,35.86
fold2_room1_mix0821,17,4,0,-8,-1,35.29
fold2_room1_mix0821,18,1,0,165,-3,31.41
fold2_room1_mix0821,18,4,0,-9,-2,33.45
fold2_room1_mix0821,19,1,0,164,-2,36.61
fold2_room1_mix0821,19,4,0,-8,-2,34.56
fold2_room1_mix0821,20,1,0,165,-2,20.24
fold2_room1_mix0821,20,4,0,-28,-1,38.12
fold2_room1_mix0821,20,4,0,-12,-2,34.18
fold2_room1_mix0821,21,1,0,167,-3,14.64
fold2_room1_mix0821,21,4,0,-172,0,50.19
fold2_room1_mix0821,21,4,0,-1,-2,37.75
fold2_room1_mix0821,22,1,0,163,-3,32.61
fold2_room1_mix0821,22,4,0,-4,-2,36.05
fold2_room1_mix0821,23,1,0,162,-2,29.79
fold2_room1_mix0821,23,4,0,-37,-1,34.26
fold2_room1_mix0821,23,4,0,-9,-1,33.93
fold2_room1_mix0821,24,1,0,162,-3,35.99
fold2_room1_mix0821,24,4,0,-170,0,46.01
fold2_room1_mix0821,24,4,0,-5,-3,30.99
fold2_room1_mix0821,25,1,0,160,-3,23.88
fold2_room1_mix0821,25,4,0,-157,0,46.61
fold2_room1_mix0821,25,4,0,-16,-3,32.21
fold2_room1_mix0821,26,4,0,-148,-1,41.55
fold2_room1_mix0821,26,4,0,-24,-2,33.58
fold2_room1_mix0821,27,1,0,155,-3,29.17
fold2_room1_mix0821,27,4,0,-16,-2,33.32
fold2_room1_mix0821,28,1,0,157,-2,30.57
fold2_room1_mix0821,28,4,0,-159,0,36.21
fold2_room1_mix0821,28,4,0,-14,-2,29.46
fold2_room1_mix0821,29,1,0,157,-3,34.87
fold2_room1_mix0821,29,4,0,-163,0,40.55
fold2_room1_mix0821,29,4,0,-10,-3,28.07
fold2_room1_mix0821,30,1,0,152,-2,21.13
fold2_room1_mix0821,30,4,0,-160,0,38.80
fold2_room1_mix0821,30,4,0,-26,-2,22.75
fold2_room1_mix0821,31,4,0,-116,-2,33.33
fold2_room1_mix0821,31,4,0,-30,-3,27.60
fold2_room1_mix0821,32,1,0,153,-3,29.73
fold2_room1_mix0821,32,4,0,-150,0,38.70
fold2_room1_mix0821,32,4,0,-25,-2,25.92
fold2_room1_mix0821,33,1,0,156,-2,30.21
fold2_room1_mix0821,33,4,0,-163,0,34.61
fold2_room1_mix0821,33,4,0,-21,-2,24.79
fold2_room1_mix0821,34,1,0,153,-2,34.99
fold2_room1_mix0821,34,4,0,-161,0,35.82
fold2_room1_mix0821,34,4,0,-19,-2,22.15
fold2_room1_mix0821,35,1,0,155,-2,20.44
fold2_room1_mix0821,35,4,0,-165,0,30.20
fold2_room1_mix0821,35,4,0,-31,-2,16.73
fold2_room1_mix0821,36,4,0,-148,0,33.28
fold2_room1_mix0821,36,4,0,-51,-3,17.00
fold2_room1_mix0821,36,4,0,-28,-2,20.73
fold2_room1_mix0821,37,1,0,147,-2,26.16
fold2_room1_mix0821,37,4,0,-155,0,35.68
fold2_room1_mix0821,37,4,0,-52,-3,17.18
fold2_room1_mix0821,37,4,0,-29,-2,23.71
fold2_room1_mix0821,38,1,0,151,-2,25.29
fold2_room1_mix0821,38,4,0,-168,-1,26.83
fold2_room1_mix0821,38,4,0,-49,-2,16.62
fold2_room1_mix0821,38,4,0,-29,-2,19.66
fold2_room1_mix0821,39,1,0,148,-2,29.50
fold2_room1_mix0821,39,4,0,-167,0,28.52
fold2_room1_mix0821,39,4,0,-42,-2,16.00
fold2_room1_mix0821,39,4,0,-24,-2,19.77
fold2_room1_mix0821,40,1,0,144,-3,16.70
fold2_room1_mix0821,40,4,0,-158,0,26.18
fold2_room1_mix0821,40,4,0,-53,-3,13.67
fold2_room1_mix0821,40,4,0,-37,-3,15.14
fold2_room1_mix0821,41,4,0,-147,0,26.83
fold2_room1_mix0821,41,4,0,-62,-4,12.79
fold2_room1_mix0821,41,4,0,-31,-2,17.09
fold2_room1_mix0821,42,1,0,142,-2,22.71
fold2_room1_mix0821,42,4,0,-146,0,28.78
fold2_room1_mix0821,42,4,0,-74,-4,14.18
fold2_room1_mix0821,42,4,0,-33,-3,18.90
fold2_room1_mix0821,43,1,0,146,-3,20.33
fold2_room1_mix0821,43,4,0,-165,-1,25.37
fold2_room1_mix0821,43,4,0,-63,-2,15.07
fold2_room1_mix0821,43,4,0,-22,-3,16.85
fold2_room1_mix0821,44,1,0,144,-2,23.21
fold2_room1_mix0821,44,4,0,-165,0,28.22
fold2_room1_mix0821,44,4,0,-61,-3,14.11
fold2_room1_mix0821,44,4,0,-32,-4,15.84
fold2_room1_mix0821,45,1,0,145,-2,17.87
fold2_room1_mix0821,45,4,0,-158,-1,26.33
fold2_room1_mix0821,45,4,0,-63,-3,15.11
fold2_room1_mix0821,45,4,0,-31,-3,17.14
fold2_room1_mix0821,46,4,0,-132,0,25.09
fold2_room1_mix0821,46,4,0,-64,-5,11.58
fold2_room1_mix0821,46,4,0,-11,-3,16.15
fold2_room1_mix0821,47,1,0,138,-2,17.37
fold2_room1_mix0821,47,4,0,-148,0,29.49
fold2_room1_mix0821,47,4,0,-80,-2,13.76
fold2_room1_mix0821,47,4,0,-19,-3,18.18
fold2_room1_mix0821,48,1,0,138,-3,14.49
fold2_room1_mix0821,48,4,0,-163,-1,23.76
fold2_room1_mix0821,48,4,0,-65,-2,14.71
fold2_room1_mix0821,48,4,0,-25,-3,16.64
fold2_room1_mix0821,49,1,0,136,-3,19.01
fold2_room1_mix0821,49,4,0,-161,0,22.84
fold2_room1_mix0821,49,4,0,-68,-1,13.40
fold2_room1_mix0821,49,4,0,-32,-2,13.78
fold2_room1_mix0821,50,1,0,140,-2,19.88
fold2_room1_mix0821,50,4,0,-158,-1,21.33
fold2_room1_mix0821,50,4,0,-78,-2,14.05
fold2_room1_mix0821,50,4,0,-32,-3,15.76
fold2_room1_mix0821,51,4,0,-149,0,21.77
fold2_room1_mix0821,51,4,0,-32,-4,12.48
fold2_room1_mix0821,51,4,0,-4,-2,14.47
fold2_room1_mix0821,52,1,0,128,-3,17.22
fold2_room1_mix0821,52,4,0,-156,0,23.58
fold2_room1_mix0821,52,4,0,-91,-2,12.14
fold2_room1_mix0821,52,4,0,-21,-2,15.55
fold2_room1_mix0821,53,1,0,127,-3,14.81
fold2_room1_mix0821,53,4,0,-167,0,23.18
fold2_room1_mix0821,53,4,0,-114,-2,15.07
fold2_room1_mix0821,53,4,0,-19,-2,17.97
fold2_room1_mix0821,54,1,0,128,-3,17.67
fold2_room1_mix0821,54,4,0,-154,0,21.19
fold2_room1_mix0821,54,4,0,-44,-1,12.54
fold2_room1_mix0821,54,4,0,-26,-2,12.90
fold2_room1_mix0821,55,4,0,-147,0,20.31
fold2_room1_mix0821,55,4,0,-17,-2,13.46
fold2_room1_mix0821,56,4,0,-153,0,27.66
fold2_room1_mix0821,56,4,0,-11,-3,12.36
fold2_room1_mix0821,57,4,0,-146,0,23.24
fold2_room1_mix0821,57,4,0,-3,-3,12.27
fold2_room1_mix0821,58,4,0,-147,0,28.13
fold2_room1_mix0821,58,4,0,-5,-4,12.09
fold2_room1_mix0821,59,4,0,-146,0,27.31
fold2_room1_mix0821,59,4,0,-1,-4,11.07
fold2_room1_mix0821,60,4,0,-143,0,24.20
fold2_room1_mix0821,60,4,0,1,-4,11.16
fold2_room1_mix0821,61,4,0,-146,0,26.08
fold2_room1_mix0821,61,4,0,0,-4,10.34
fold2_room1_mix0821,62,4,0,-145,0,24.89
fold2_room1_mix0821,62,4,0,1,-4,10.61
fold2_room1_mix0821,63,4,0,-145,0,23.38
fold2_room1_mix0821,63,4,0,2,-5,9.74
fold2_room1_mix0821,64,4,0,-146,1,27.99
fold2_room1_mix0821,64,4,0,1,-5,9.68
fold2_room1_mix0821,65,4,0,-149,0,24.99
fold2_room1_mix0821,65,4,0,5,-5,8.94
fold2_room1_mix0821,66,4,0,-150,1,26.18
fold2_room1_mix0821,66,4,0,4,-5,8.90
fold2_room1_mix0821,67,4,0,-148,1,28.58
fold2_room1_mix0821,67,4,0,4,-5,8.02
fold2_room1_mix0821,68,4,0,-144,2,28.10
fold2_room1_mix0821,68,4,0,8,-6,7.37
fold2_room1_mix0821,69,4,0,-148,1,27.45
fold2_room1_mix0821,69,4,0,8,-6,6.99
fold2_room1_mix0821,70,4,0,-147,2,30.71
fold2_room1_mix0821,70,4,0,11,-6,6.33
fold2_room1_mix0821,71,4,0,-151,1,30.92
fold2_room1_mix0821,71,4,0,9,-7,6.57
fold2_room1_mix0821,72,4,0,-134,2,28.06
fold2_room1_mix0821,72,4,0,13,-8,4.99
fold2_room1_mix0821,73,4,0,-150,1,27.63
fold2_room1_mix0821,73,4,0,14,-8,5.58
fold2_room1_mix0821,74,4,0,-149,3,28.04
fold2_room1_mix0821,74,4,0,17,-9,4.21
fold2_room1_mix0821,75,4,0,-137,2,25.89
fold2_room1_mix0821,75,4,0,23,-10,3.41
fold2_room1_mix0821,78,4,0,175,-2,19.24
fold2_room1_mix0821,78,4,0,62,-19,1.51
fold2_room1_mix0821,78,4,0,38,-11,3.76
fold2_room1_mix0821,79,4,0,155,-7,13.41
fold2_room1_mix0821,79,4,0,94,-20,1.52
fold2_room1_mix0821,79,4,0,67,-18,3.19
fold2_room1_mix0821,80,4,0,171,-7,11.61
fold2_room1_mix0821,80,4,0,126,-15,1.59
fold2_room1_mix0821,81,4,0,174,-4,10.15
fold2_room1_mix0821,81,4,0,142,-10,2.09
fold2_room1_mix0821,82,4,0,175,-5,8.58
fold2_room1_mix0821,82,4,0,150,-8,2.40
fold2_room1_mix0821,83,4,0,171,-6,6.16
fold2_room1_mix0821,83,4,0,154,-7,2.95
fold2_room1_mix0821,83,4,0,-154,2,14.11
fold2_room1_mix0821,84,4,0,164,-6,4.57
fold2_room1_mix0821,84,4,0,-147,3,17.10
fold2_room1_mix0821,85,4,0,175,-3,7.33
fold2_room1_mix0821,86,4,0,167,-5,5.50
fold2_room1_mix0821,86,4,0,-163,0,12.05
fold2_room1_mix0821,87,4,0,168,-4,5.44
fold2_room1_mix0821,87,4,0,-161,0,12.47
fold2_room1_mix0821,88,4,0,172,-3,6.79
fold2_room1_mix0821,88,4,0,-166,-1,10.96
fold2_room1_mix0821,89,4,0,171,-3,7.02
fold2_room1_mix0821,89,4,0,-164,0,11.84
fold2_room1_mix0821,90,4,0,173,-2,7.79
fold2_room1_mix0821,90,4,0,-165,-1,12.54
fold2_room1_mix0821,91,4,0,179,-2,9.65
fold2_room1_mix0821,92,4,0,174,-2,8.80
fold2_room1_mix0821,92,4,0,-166,0,13.69
fold2_room1_mix0821,93,4,0,-179,-1,10.64
fold2_room1_mix0821,94,4,0,-178,0,12.49
fold2_room1_mix0821,95,4,0,-178,-1,12.37
fold2_room1_mix0821,96,4,0,-177,0,13.71
fold2_room1_mix0821,97,4,0,-177,0,15.24
fold2_room1_mix0821,98,4,0,-177,0,14.78
fold2_room1_mix0821,99,4,0,-177,0,15.01
fold2_room1_mix0821,1,4,0,-4,-1,2.60
fold2_room1_mix0821,76,4,0,24,-11,3.28
fold2_room1_mix0821,77,4,0,40,-17,1.67
fold2_room1_mix0821,77,4,0,10,-6,7.18
fold2_room1_mix0822,1,4,0,-178,1,1.06
fold2_room1_mix0822,1,4,0,-2,1,1.04
fold2_room1_mix0822,2,4,0,-178,1,1.05
fold2_room1_mix0822,3,4,0,-172,0,5.31
fold2_room1_mix0822,3,4,0,-3,0,5.31
fold2_room1_mix0822,4,4,0,-170,0,13.40
fold2_room1_mix0822,4,4,0,1,-1,11.04
fold2_room1_mix0822,5,4,0,-167,0,15.22
fold2_room1_mix0822,5,4,0,3,-1,11.75
fold2_room1_mix0822,6,4,0,-167,-1,17.03
fold2_room1_mix0822,6,4,0,1,-1,16.14
fold2_room1_mix0822,7,4,0,-165,-1,23.83
fold2_room1_mix0822,7,4,0,5,-2,18.28
fold2_room1_mix0822,8,4,0,-168,-1,25.73
fold2_room1_mix0822,8,4,0,3,-3,17.61
fold2_room1_mix0822,9,4,0,-166,-1,26.17
fold2_room1_mix0822,9,4,0,0,-3,17.57
fold2_room1_mix0822,10,4,0,-169,0,29.13
fold2_room1_mix0822,10,4,0,0,-3,18.72
fold2_room1_mix0822,11,4,0,-171,-1,26.70
fold2_room1_mix0822,11,4,0,-5,-3,16.07
fold2_room1_mix0822,12,4,0,-169,0,33.41
fold2_room1_mix0822,12,4,0,-6,-3,17.40
fold2_room1_mix0822,13,0,0,-11,-1,26.38
fold2_room1_mix0822,13,4,0,-167,-1,29.20
fold2_room1_mix0822,13,4,0,-4,-4,17.58
fold2_room1_mix0822,14,0,0,-11,-1,28.52
fold2_room1_mix0822,14,4,0,-174,-2,27.79
fold2_room1_mix0822,14,4,0,-11,-4,18.55
fold2_room1_mix0822,15,0,0,-14,-1,35.28
fold2_room1_mix0822,15,4,0,-170,-2,25.79
fold2_room1_mix0822,15,4,0,-6,-4,19.68
fold2_room1_mix0822,16,0,0,-12,-1,42.52
fold2_room1_mix0822,16,4,0,-171,-1,24.14
fold2_room1_mix0822,16,4,0,-13,-3,18.63
fold2_room1_mix0822,17,0,0,-14,-1,40.76
fold2_room1_mix0822,17,4,0,-169,-2,23.49
fold2_room1_mix0822,17,4,0,-16,-3,18.24
fold2_room1_mix0822,18,0,0,-16,-1,38.83
fold2_room1_mix0822,18,4,0,-170,-1,20.76
fold2_room1_mix0822,18,4,0,-15,-3,16.36
fold2_room1_mix0822,19,0,0,-17,-1,40.05
fold2_room1_mix0822,19,4,0,-172,-1,21.44
fold2_room1_mix0822,19,4,0,-20,-3,16.25
fold2_room1_mix0822,20,0,0,-15,-1,45.94
fold2_room1_mix0822,20,4,0,-170,-1,22.14
fold2_room1_mix0822,20,4,0,-16,-3,16.37
fold2_room1_mix0822,21,0,0,-15,-1,42.16
fold2_room1_mix0822,21,4,0,-168,-1,21.11
fold2_room1_mix0822,21,4,0,-15,-3,17.95
fold2_room1_mix0822,22,0,0,-14,-1,35.62
fold2_room1_mix0822,22,4,0,-167,-2,19.41
fold2_room1_mix0822,22,4,0,-14,-3,17.63
fold2_room1_mix0822,23,0,0,-11,0,47.09
fold2_room1_mix0822,23,4,0,-163,-1,18.85
fold2_room1_mix0822,23,4,0,-16,-4,12.55
fold2_room1_mix0822,24,0,0,-12,-1,37.40
fold2_room1_mix0822,24,4,0,-167,-2,18.43
fold2_room1_mix0822,24,4,0,-39,-6,11.49
fold2_room1_mix0822,25,0,0,-10,-1,44.38
fold2_room1_mix0822,25,4,0,-168,-1,18.75
fold2_room1_mix0822,25,4,0,-48,-6,10.97
fold2_room1_mix0822,26,0,0,-15,-1,43.57
fold2_room1_mix0822,26,4,0,-169,-1,17.85
fold2_room1_mix0822,26,4,0,-32,-5,11.85
fold2_room1_mix0822,27,0,0,-14,-1,35.90
fold2_room1_mix0822,27,4,0,-170,-1,17.53
fold2_room1_mix0822,27,4,0,-49,-5,11.97
fold2_room1_mix0822,28,0,0,-14,-1,39.62
fold2_room1_mix0822,28,4,0,-168,-2,16.24
fold2_room1_mix0822,28,4,0,-13,-3,15.34
fold2_room1_mix0822,29,0,0,-16,-1,35.62
fold2_room1_mix0822,29,4,0,-167,-1,15.84
fold2_room1_mix0822,29,4,0,-23,-3,11.58
fold2_room1_mix0822,30,0,0,-16,-1,32.14
fold2_room1_mix0822,30,4,0,-169,-1,15.07
fold2_room1_mix0822,30,4,0,-21,-3,11.82
fold2_room1_mix0822,31,0,0,-13,-1,35.70
fold2_room1_mix0822,31,4,0,-160,-2,13.18
fold2_room1_mix0822,31,4,0,-5,-2,15.44
fold2_room1_mix0822,32,0,0,-13,-1,35.22
fold2_room1_mix0822,32,4,0,-163,-1,14.49
fold2_room1_mix0822,32,4,0,-24,-3,11.78
fold2_room1_mix0822,33,0,0,-9,-1,33.89
fold2_room1_mix0822,33,4,0,-155,-2,13.62
fold2_room1_mix0822,33,4,0,-7,-3,11.97
fold2_room1_mix0822,34,0,0,-10,-1,33.09
fold2_room1_mix0822,34,4,0,-152,-2,14.27
fold2_room1_mix0822,34,4,0,-11,-2,12.24
fold2_room1_mix0822,35,0,0,-9,-1,35.33
fold2_room1_mix0822,35,4,0,-147,-1,14.09
fold2_room1_mix0822,35,4,0,-14,-2,13.27
fold2_room1_mix0822,36,0,0,-7,0,38.60
fold2_room1_mix0822,36,4,0,-147,-2,13.49
fold2_room1_mix0822,36,4,0,-4,-3,12.36
fold2_room1_mix0822,37,0,0,-7,-1,40.44
fold2_room1_mix0822,37,4,0,-142,-2,12.05
fold2_room1_mix0822,37,4,0,-7,-3,10.88
fold2_room1_mix0822,38,0,0,-10,-1,34.22
fold2_room1_mix0822,38,4,0,-139,-1,12.17
fold2_room1_mix0822,38,4,0,-23,-3,11.27
fold2_room1_mix0822,39,0,0,-17,-1,31.10
fold2_room1_mix0822,39,4,0,-135,-2,10.58
fold2_room1_mix0822,39,4,0,-2,-3,11.08
fold2_room1_mix0822,40,0,0,-22,-1,24.29
fold2_room1_mix0822,40,4,0,-140,0,13.67
fold2_room1_mix0822,40,4,0,-121,-4,7.46
fold2_room1_mix0822,40,4,0,-8,-2,12.02
fold2_room1_mix0822,41,0,0,-20,-1,24.36
fold2_room1_mix0822,41,4,0,-144,0,14.30
fold2_room1_mix0822,41,4,0,-110,-5,7.36
fold2_room1_mix0822,41,4,0,-10,-2,13.22
fold2_room1_mix0822,42,0,0,-25,-1,24.03
fold2_room1_mix0822,42,4,0,-140,-1,11.76
fold2_room1_mix0822,42,4,0,-99,-6,6.62
fold2_room1_mix0822,42,4,0,0,-1,13.51
fold2_room1_mix0822,43,0,0,-20,-1,24.19
fold2_room1_mix0822,43,4,0,-140,0,11.87
fold2_room1_mix0822,43,4,0,-103,-4,6.89
fold2_room1_mix0822,43,4,0,10,-1,13.71
fold2_room1_mix0822,44,0,0,-26,-2,21.48
fold2_room1_mix0822,44,4,0,-139,-1,11.94
fold2_room1_mix0822,44,4,0,-102,-4,6.88
fold2_room1_mix0822,44,4,0,0,-2,12.98
fold2_room1_mix0822,45,0,0,-24,-2,23.85
fold2_room1_mix0822,45,4,0,-137,-1,11.33
fold2_room1_mix0822,45,4,0,-94,-3,6.66
fold2_room1_mix0822,45,4,0,-8,-1,13.61
fold2_room1_mix0822,46,0,0,-25,-2,22.85
fold2_room1_mix0822,46,4,0,-121,-2,8.70
fold2_room1_mix0822,46,4,0,-86,-3,6.28
fold2_room1_mix0822,46,4,0,-3,-1,11.69
fold2_room1_mix0822,47,0,0,-22,-2,25.32
fold2_room1_mix0822,47,4,0,-117,-2,9.89
fold2_room1_mix0822,47,4,0,-84,-3,6.77
fold2_room1_mix0822,47,4,0,-1,-2,12.01
fold2_room1_mix0822,48,0,0,-32,-2,23.34
fold2_room1_mix0822,48,4,0,-112,-2,9.04
fold2_room1_mix0822,48,4,0,-81,-3,6.47
fold2_room1_mix0822,48,4,0,-3,-1,12.62
fold2_room1_mix0822,49,0,0,-24,-2,23.93
fold2_room1_mix0822,49,4,0,-86,-4,6.81
fold2_room1_mix0822,49,4,0,2,-1,12.81
fold2_room1_mix0822,50,0,0,-25,-2,24.23
fold2_room1_mix0822,50,4,0,-101,-4,7.85
fold2_room1_mix0822,50,4,0,-79,-4,6.36
fold2_room1_mix0822,50,4,0,-4,-1,13.06
fold2_room1_mix0822,51,0,0,-22,-2,28.19
fold2_room1_mix0822,51,1,0,-91,-3,3.70
fold2_room1_mix0822,51,4,0,-98,-4,8.12
fold2_room1_mix0822,51,4,0,-80,-3,7.68
fold2_room1_mix0822,51,4,0,5,0,16.94
fold2_room1_mix0822,52,0,0,-20,-2,27.37
fold2_room1_mix0822,52,1,0,-94,-3,2.95
fold2_room1_mix0822,52,4,0,-100,-5,8.66
fold2_room1_mix0822,52,4,0,-79,-4,8.57
fold2_room1_mix0822,52,4,0,9,0,19.68
fold2_room1_mix0822,53,0,0,-25,-2,28.21
fold2_room1_mix0822,53,1,0,-95,-4,5.50
fold2_room1_mix0822,53,4,0,-109,-5,7.93
fold2_room1_mix0822,53,4,0,-77,-4,8.68
fold2_room1_mix0822,53,4,0,-7,0,19.06
fold2_room1_mix0822,54,0,0,-30,-2,27.75
fold2_room1_mix0822,54,1,0,-89,-3,1.13
fold2_room1_mix0822,54,4,0,-104,-3,10.20
fold2_room1_mix0822,54,4,0,-62,-3,9.69
fold2_room1_mix0822,54,4,0,-19,-1,15.67
fold2_room1_mix0822,55,0,0,-27,-2,28.54
fold2_room1_mix0822,55,1,0,-104,-3,3.43
fold2_room1_mix0822,55,4,0,-134,-2,10.88
fold2_room1_mix0822,55,4,0,-60,-2,10.20
fold2_room1_mix0822,55,4,0,-18,-2,15.37
fold2_room1_mix0822,56,0,0,-37,-2,23.00
fold2_room1_mix0822,56,1,0,-117,-4,6.95
fold2_room1_mix0822,56,4,0,-128,-3,10.16
fold2_room1_mix0822,56,4,0,-55,-2,9.79
fold2_room1_mix0822,56,4,0,-17,-2,15.00
fold2_room1_mix0822,57,0,0,-31,-2,30.11
fold2_room1_mix0822,57,1,0,-118,-4,6.55
fold2_room1_mix0822,57,4,0,-132,-4,10.47
fold2_room1_mix0822,57,4,0,-58,-3,9.82
fold2_room1_mix0822,57,4,0,-14,-2,17.13
fold2_room1_mix0822,58,0,0,-34,-2,27.78
fold2_room1_mix0822,58,1,0,-125,-4,8.39
fold2_room1_mix0822,58,4,0,-139,-3,11.51
fold2_room1_mix0822,58,4,0,-70,-4,9.72
fold2_room1_mix0822,58,4,0,-18,-3,19.42
fold2_room1_mix0822,59,0,0,-14,-1,38.32
fold2_room1_mix0822,59,1,0,-124,-4,3.73
fold2_room1_mix0822,59,4,0,48,-6,4.58
fold2_room1_mix0822,59,4,0,-11,-1,13.57
fold2_room1_mix0822,60,0,0,-8,-1,44.02
fold2_room1_mix0822,60,1,0,-122,-4,8.05
fold2_room1_mix0822,60,4,0,-154,-5,10.90
fold2_room1_mix0822,60,4,0,-26,-6,8.29
fold2_room1_mix0822,60,4,0,2,-4,12.12
fold2_room1_mix0822,61,0,0,-13,-1,46.90
fold2_room1_mix0822,61,1,0,-137,-3,10.72
fold2_room1_mix0822,61,4,0,-166,-2,11.92
fold2_room1_mix0822,61,4,0,48,-5,6.66
fold2_room1_mix0822,61,4,0,-12,-3,11.84
fold2_room1_mix0822,62,0,0,-9,-1,50.32
fold2_room1_mix0822,62,1,0,-139,-3,11.00
fold2_room1_mix0822,62,4,0,-157,-7,9.47
fold2_room1_mix0822,62,4,0,-22,-5,8.49
fold2_room1_mix0822,62,4,0,-1,-4,13.44
fold2_room1_mix0822,63,0,0,-6,-1,52.04
fold2_room1_mix0822,63,1,0,-140,-3,10.94
fold2_room1_mix0822,63,4,0,-145,-6,9.65
fold2_room1_mix0822,63,4,0,-38,-5,8.99
fold2_room1_mix0822,63,4,0,7,-3,13.97
fold2_room1_mix0822,64,0,0,-8,0,55.78
fold2_room1_mix0822,64,1,0,-137,-3,6.58
fold2_room1_mix0822,64,4,0,-178,-3,10.10
fold2_room1_mix0822,64,4,0,38,-5,5.53
fold2_room1_mix0822,64,4,0,1,-3,9.72
fold2_room1_mix0822,65,0,0,-5,-1,34.32
fold2_room1_mix0822,65,4,0,145,-6,10.47
fold2_room1_mix0822,65,4,0,42,-9,4.14
fold2_room1_mix0822,65,4,0,-3,-5,10.84
fold2_room1_mix0822,66,0,0,-4,-1,48.39
fold2_room1_mix0822,66,1,0,-149,-3,16.33
fold2_room1_mix0822,66,4,0,-175,-2,13.54
fold2_room1_mix0822,66,4,0,57,-7,4.39
fold2_room1_mix0822,66,4,0,4,-4,10.54
fold2_room1_mix0822,67,0,0,-4,-1,59.71
fold2_room1_mix0822,67,1,0,-148,-3,15.88
fold2_room1_mix0822,67,4,0,-167,-2,12.02
fold2_room1_mix0822,67,4,0,11,-4,8.46
fold2_room1_mix0822,68,0,0,-4,-1,39.52
fold2_room1_mix0822,68,1,0,-150,-3,16.64
fold2_room1_mix0822,68,4,0,-168,-3,15.29
fold2_room1_mix0822,68,4,0,26,-10,5.90
fold2_room1_mix0822,68,4,0,11,-4,10.51
fold2_room1_mix0822,69,0,0,-2,-1,29.83
fold2_room1_mix0822,69,1,0,-149,-3,9.80
fold2_room1_mix0822,69,4,0,-172,-2,13.31
fold2_room1_mix0822,69,4,0,59,-9,3.44
fold2_room1_mix0822,69,4,0,15,-2,11.07
fold2_room1_mix0822,70,0,0,-8,-1,10.88
fold2_room1_mix0822,70,4,0,130,-14,3.91
fold2_room1_mix0822,70,4,0,84,-18,2.13
fold2_room1_mix0822,70,4,0,1,0,23.54
fold2_room1_mix0822,71,0,0,-3,-1,38.86
fold2_room1_mix0822,71,1,0,-151,-3,17.72
fold2_room1_mix0822,71,4,0,174,-4,14.00
fold2_room1_mix0822,71,4,0,74,-11,3.54
fold2_room1_mix0822,71,4,0,10,-2,14.97
fold2_room1_mix0822,72,0,0,-3,-1,33.05
fold2_room1_mix0822,72,1,0,-154,-3,18.45
fold2_room1_mix0822,72,4,0,-179,-4,11.45
fold2_room1_mix0822,72,4,0,52,-9,5.96
fold2_room1_mix0822,72,4,0,20,-5,10.69
fold2_room1_mix0822,73,0,0,-2,-1,28.51
fold2_room1_mix0822,73,1,0,-155,-3,16.30
fold2_room1_mix0822,73,4,0,170,-5,11.06
fold2_room1_mix0822,73,4,0,79,-14,4.43
fold2_room1_mix0822,73,4,0,12,-2,19.29
fold2_room1_mix0822,74,0,0,-5,-1,28.10
fold2_room1_mix0822,74,1,0,-152,-3,12.75
fold2_room1_mix0822,74,4,0,173,0,11.18
fold2_room1_mix0822,74,4,0,115,-6,3.99
fold2_room1_mix0822,74,4,0,15,0,19.06
fold2_room1_mix0822,75,0,0,-3,-1,9.18
fold2_room1_mix0822,75,4,0,156,-12,6.81
fold2_room1_mix0822,75,4,0,129,-19,2.07
fold2_room1_mix0822,75,4,0,10,-4,20.91
fold2_room1_mix0822,76,0,0,-3,-1,35.26
fold2_room1_mix0822,76,1,0,-156,-2,18.86
fold2_room1_mix0822,76,4,0,171,-5,12.80
fold2_room1_mix0822,76,4,0,114,-15,3.48
fold2_room1_mix0822,76,4,0,5,0,27.69
fold2_room1_mix0822,77,0,0,-2,-1,39.66
fold2_room1_mix0822,77,1,0,-156,-2,22.00
fold2_room1_mix0822,77,4,0,-172,-2,14.34
fold2_room1_mix0822,77,4,0,168,-7,5.52
fold2_room1_mix0822,77,4,0,13,-4,13.45
fold2_room1_mix0822,78,0,0,-5,-1,15.90
fold2_room1_mix0822,78,1,0,-159,-2,18.19
fold2_room1_mix0822,78,4,0,-171,-1,14.95
fold2_room1_mix0822,78,4,0,133,-12,3.31
fold2_room1_mix0822,78,4,0,4,0,27.02
fold2_room1_mix0822,79,0,0,-2,-1,24.67
fold2_room1_mix0822,79,1,0,-161,-2,17.81
fold2_room1_mix0822,79,4,0,-170,-1,13.06
fold2_room1_mix0822,79,4,0,162,-9,4.24
fold2_room1_mix0822,79,4,0,6,0,22.37
fold2_room1_mix0822,80,0,0,-5,-1,12.86
fold2_room1_mix0822,80,4,0,173,-8,7.08
fold2_room1_mix0822,80,4,0,148,-16,2.21
fold2_room1_mix0822,80,4,0,0,0,36.23
fold2_room1_mix0822,81,0,0,-4,-1,13.49
fold2_room1_mix0822,81,1,0,-157,-2,21.76
fold2_room1_mix0822,81,4,0,160,-5,8.57
fold2_room1_mix0822,81,4,0,138,-8,4.23
fold2_room1_mix0822,81,4,0,-4,2,47.04
fold2_room1_mix0822,82,0,0,-2,-1,16.54
fold2_room1_mix0822,82,1,0,-159,-2,22.43
fold2_room1_mix0822,82,4,0,-168,-3,9.48
fold2_room1_mix0822,82,4,0,170,-8,4.47
fold2_room1_mix0822,82,4,0,16,-1,20.19
fold2_room1_mix0822,83,0,0,-5,-1,10.12
fold2_room1_mix0822,83,1,0,-158,-2,21.24
fold2_room1_mix0822,83,4,0,173,-3,9.34
fold2_room1_mix0822,83,4,0,145,-8,4.30
fold2_room1_mix0822,83,4,0,-3,2,47.86
fold2_room1_mix0822,84,0,0,-1,-1,12.99
fold2_room1_mix0822,84,1,0,-159,-2,21.67
fold2_room1_mix0822,84,4,0,-169,-2,10.82
fold2_room1_mix0822,84,4,0,0,2,41.72
fold2_room1_mix0822,85,0,0,-2,-1,12.28
fold2_room1_mix0822,85,4,0,175,-5,10.52
fold2_room1_mix0822,85,4,0,151,-11,3.47
fold2_room1_mix0822,85,4,0,-2,1,54.32
fold2_room1_mix0822,86,0,0,-2,-1,8.49
fold2_room1_mix0822,86,4,0,169,-5,8.32
fold2_room1_mix0822,86,4,0,148,-9,3.73
fold2_room1_mix0822,86,4,0,-6,3,62.47
fold2_room1_mix0822,87,0,0,-2,-1,9.11
fold2_room1_mix0822,87,4,0,172,-5,8.61
fold2_room1_mix0822,87,4,0,156,-8,4.85
fold2_room1_mix0822,87,4,0,-3,2,52.60
fold2_room1_mix0822,88,0,0,-3,-1,7.34
fold2_room1_mix0822,88,4,0,161,-6,5.23
fold2_room1_mix0822,88,4,0,-8,3,59.45
fold2_room1_mix0822,89,0,0,-1,0,7.22
fold2_room1_mix0822,89,4,0,161,-7,5.75
fold2_room1_mix0822,89,4,0,-9,2,55.95
fold2_room1_mix0822,90,0,0,-2,-1,15.36
fold2_room1_mix0822,90,4,0,175,-5,8.09
fold2_room1_mix0822,90,4,0,159,-8,4.51
fold2_room1_mix0822,90,4,0,-7,2,58.60
fold2_room1_mix0822,91,0,0,-1,0,8.70
fold2_room1_mix0822,91,4,0,163,-6,5.54
fold2_room1_mix0822,91,4,0,-9,2,45.58
fold2_room1_mix0822,92,0,0,0,0,14.26
fold2_room1_mix0822,92,4,0,166,-5,6.07
fold2_room1_mix0822,92,4,0,0,0,30.34
fold2_room1_mix0822,93,0,0,-3,0,23.38
fold2_room1_mix0822,93,4,0,166,-6,5.59
fold2_room1_mix0822,93,4,0,-2,2,41.28
fold2_room1_mix0822,94,4,0,168,-7,4.87
fold2_room1_mix0822,95,0,0,0,0,11.07
fold2_room1_mix0822,95,4,0,165,-5,8.98
fold2_room1_mix0822,96,0,0,0,0,6.99
fold2_room1_mix0822,96,4,0,168,-4,6.11
fold2_room1_mix0822,96,4,0,9,1,35.77
fold2_room1_mix0822,97,0,0,0,0,9.54
fold2_room1_mix0822,97,4,0,169,-6,5.61
fold2_room1_mix0822,98,0,0,-1,0,7.94
fold2_room1_mix0822,98,4,0,171,-5,6.86
fold2_room1_mix0822,98,4,0,-4,1,46.32
fold2_room1_mix0822,99,0,0,-1,0,5.38
fold2_room1_mix0822,99,4,0,169,-6,5.38
fold2_room1_mix0823,7,4,0,0,0,8.36
fold2_room1_mix0823,8,4,0,-1,0,3.66
fold2_room1_mix0823,9,4,0,-2,0,5.21
fold2_room1_mix0823,10,4,0,0,0,3.62
fold2_room1_mix0823,11,4,0,-2,0,13.18
fold2_room1_mix0823,12,4,0,-2,0,20.19
fold2_room1_mix0823,13,4,0,-2,0,8.86
fold2_room1_mix0823,14,4,0,0,0,13.02
fold2_room1_mix0823,15,4,0,-3,0,10.91
fold2_room1_mix0823,16,4,0,-2,0,10.27
fold2_room1_mix0823,17,4,0,1,0,16.80
fold2_room1_mix0823,18,4,0,0,0,28.89
fold2_room1_mix0823,19,4,0,-1,0,16.14
fold2_room1_mix0823,20,4,0,0,0,27.42
fold2_room1_mix0823,21,2,0,-61,-3,4.64
fold2_room1_mix0823,21,4,0,2,0,26.16
fold2_room1_mix0823,22,2,0,-51,-2,14.59
fold2_room1_mix0823,22,4,0,3,0,37.37
fold2_room1_mix0823,23,2,0,-53,-2,8.01
fold2_room1_mix0823,23,4,0,3,0,31.36
fold2_room1_mix0823,24,4,0,-1,0,26.44
fold2_room1_mix0823,25,4,0,0,0,38.36
fold2_room1_mix0823,26,4,0,-1,0,26.30
fold2_room1_mix0823,27,2,0,-59,-2,12.46
fold2_room1_mix0823,27,4,0,2,0,37.78
fold2_room1_mix0823,28,2,0,-60,-2,14.16
fold2_room1_mix0823,28,4,0,0,0,43.29
fold2_room1_mix0823,29,2,0,-55,-2,13.81
fold2_room1_mix0823,29,4,0,2,0,44.38
fold2_room1_mix0823,30,2,0,-58,-1,13.92
fold2_room1_mix0823,30,4,0,2,0,37.95
fold2_room1_mix0823,31,2,0,-59,-1,13.76
fold2_room1_mix0823,31,4,0,0,0,45.95
fold2_room1_mix0823,32,2,0,-54,-1,13.77
fold2_room1_mix0823,32,4,0,1,0,41.75
fold2_room1_mix0823,33,4,0,-1,-1,49.67
fold2_room1_mix0823,34,4,0,-1,0,47.40
fold2_room1_mix0823,35,4,0,-3,0,51.51
fold2_room1_mix0823,36,2,0,-61,-2,12.63
fold2_room1_mix0823,36,4,0,0,-1,51.44
fold2_room1_mix0823,37,2,0,-62,-1,14.35
fold2_room1_mix0823,37,4,0,2,0,51.50
fold2_room1_mix0823,38,2,0,-59,-1,14.33
fold2_room1_mix0823,38,4,0,0,0,53.39
fold2_room1_mix0823,39,2,0,-61,-1,14.04
fold2_room1_mix0823,39,4,0,0,0,54.11
fold2_room1_mix0823,40,2,0,-61,-1,14.47
fold2_room1_mix0823,40,4,0,0,0,53.91
fold2_room1_mix0823,41,2,0,-62,-2,12.98
fold2_room1_mix0823,41,4,0,2,0,51.64
fold2_room1_mix0823,42,4,0,1,0,52.97
fold2_room1_mix0823,43,4,0,-1,0,51.18
fold2_room1_mix0823,44,4,0,-2,0,49.35
fold2_room1_mix0823,45,2,0,-66,-2,12.91
fold2_room1_mix0823,45,4,0,2,0,46.66
fold2_room1_mix0823,46,2,0,-69,-1,14.91
fold2_room1_mix0823,46,4,0,0,0,41.78
fold2_room1_mix0823,47,2,0,-70,-1,14.79
fold2_room1_mix0823,47,4,0,1,0,40.73
fold2_room1_mix0823,48,2,0,-71,-1,14.70
fold2_room1_mix0823,48,4,0,0,0,38.19
fold2_room1_mix0823,49,2,0,-73,-1,14.90
fold2_room1_mix0823,49,4,0,0,0,37.86
fold2_room1_mix0823,50,2,0,-73,-1,13.33
fold2_room1_mix0823,50,4,0,0,0,37.48
fold2_room1_mix0823,51,4,0,-1,0,37.74
fold2_room1_mix0823,52,4,0,-5,0,36.50
fold2_room1_mix0823,53,4,0,-5,0,34.22
fold2_room1_mix0823,54,2,0,-73,-2,7.84
fold2_room1_mix0823,54,4,0,-3,-1,34.33
fold2_room1_mix0823,55,2,0,-82,-2,14.09
fold2_room1_mix0823,55,4,0,-4,0,31.94
fold2_room1_mix0823,56,2,0,-83,-1,13.73
fold2_room1_mix0823,56,4,0,-2,-1,30.03
fold2_room1_mix0823,57,2,0,-85,-1,13.93
fold2_room1_mix0823,57,4,0,-2,-1,29.40
fold2_room1_mix0823,58,2,0,-82,-1,13.79
fold2_room1_mix0823,58,4,0,-3,-1,27.97
fold2_room1_mix0823,59,2,0,-85,-2,13.16
fold2_room1_mix0823,59,4,0,-3,0,28.36
fold2_room1_mix0823,60,4,0,-8,0,25.06
fold2_room1_mix0823,61,4,0,-9,0,23.81
fold2_room1_mix0823,62,4,0,-8,0,21.65
fold2_room1_mix0823,63,4,0,-7,-1,20.19
fold2_room1_mix0823,64,2,0,-95,-2,13.96
fold2_room1_mix0823,64,4,0,-8,-1,19.25
fold2_room1_mix0823,65,2,0,-94,-1,14.01
fold2_room1_mix0823,65,4,0,-7,-1,18.54
fold2_room1_mix0823,66,2,0,-99,-2,13.69
fold2_room1_mix0823,66,4,0,-7,-1,17.76
fold2_room1_mix0823,67,2,0,-98,-2,13.87
fold2_room1_mix0823,67,4,0,-9,-2,16.54
fold2_room1_mix0823,68,2,0,-96,-2,13.72
fold2_room1_mix0823,68,4,0,-11,-2,15.63
fold2_room1_mix0823,69,4,0,-15,-2,13.67
fold2_room1_mix0823,70,4,0,-19,-3,11.38
fold2_room1_mix0823,71,4,0,-20,-2,10.48
fold2_room1_mix0823,72,4,0,-22,-3,10.51
fold2_room1_mix0823,73,4,0,-27,-4,8.89
fold2_room1_mix0823,74,4,0,-30,-4,7.11
fold2_room1_mix0823,75,4,0,-35,-5,5.97
fold2_room1_mix0823,76,4,0,-41,-5,5.15
fold2_room1_mix0823,77,4,0,-48,-7,4.00
fold2_room1_mix0823,78,4,0,-58,-7,3.68
fold2_room1_mix0823,79,2,0,-96,-1,4.32
fold2_room1_mix0823,79,4,0,-78,-10,3.33
fold2_room1_mix0823,80,4,0,-94,-10,3.33
fold2_room1_mix0823,81,4,0,-111,-8,3.55
fold2_room1_mix0823,82,4,0,-122,-7,3.80
fold2_room1_mix0823,83,4,0,-135,-6,4.75
fold2_room1_mix0823,84,4,0,-143,-5,5.67
fold2_room1_mix0823,85,4,0,-147,-4,6.41
fold2_room1_mix0823,86,4,0,-150,-4,7.32
fold2_room1_mix0823,87,4,0,-154,-3,8.37
fold2_room1_mix0823,88,4,0,-157,-2,9.11
fold2_room1_mix0823,89,4,0,-158,-2,10.50
fold2_room1_mix0823,90,4,0,-160,-2,11.18
fold2_room1_mix0823,91,4,0,-162,-2,12.31
fold2_room1_mix0823,92,4,0,-163,-2,13.20
fold2_room1_mix0823,93,4,0,-163,-2,13.74
fold2_room1_mix0823,94,4,0,-164,-1,14.83
fold2_room1_mix0823,95,4,0,-165,-1,15.83
fold2_room1_mix0823,96,4,0,-165,-1,16.67
fold2_room1_mix0823,97,4,0,-167,-1,18.63
fold2_room1_mix0823,98,4,0,-168,-1,20.03
fold2_room1_mix0823,99,4,0,-169,0,21.76
fold2_room1_mix0824,1,4,0,-174,0,1.11
fold2_room1_mix0824,2,4,0,-173,0,1.21
fold2_room1_mix0824,3,4,0,-167,0,5.86
fold2_room1_mix0824,3,4,0,-152,3,6.31
fold2_room1_mix0824,3,4,0,-4,1,6.20
fold2_room1_mix0824,4,4,0,-161,-1,13.43
fold2_room1_mix0824,4,4,0,-2,0,17.99
fold2_room1_mix0824,5,4,0,-163,-1,15.66
fold2_room1_mix0824,5,4,0,-1,0,20.40
fold2_room1_mix0824,6,4,0,-160,-1,16.35
fold2_room1_mix0824,6,4,0,-2,0,21.77
fold2_room1_mix0824,7,4,0,-159,-1,22.33
fold2_room1_mix0824,7,4,0,0,-1,30.55
fold2_room1_mix0824,8,4,0,-158,-1,22.46
fold2_room1_mix0824,8,4,0,0,-1,31.55
fold2_room1_mix0824,9,4,0,-160,-2,23.80
fold2_room1_mix0824,9,4,0,1,-1,37.24
fold2_room1_mix0824,10,4,0,-157,0,19.88
fold2_room1_mix0824,10,4,0,2,0,29.55
fold2_room1_mix0824,11,4,0,-155,0,20.53
fold2_room1_mix0824,11,4,0,-1,0,29.86
fold2_room1_mix0824,12,3,0,123,-4,8.88
fold2_room1_mix0824,12,4,0,-156,-1,22.83
fold2_room1_mix0824,12,4,0,0,0,36.66
fold2_room1_mix0824,13,3,0,116,-3,10.80
fold2_room1_mix0824,13,4,0,-155,-1,22.10
fold2_room1_mix0824,13,4,0,0,0,36.58
fold2_room1_mix0824,14,3,0,111,-3,10.77
fold2_room1_mix0824,14,4,0,-152,-1,18.24
fold2_room1_mix0824,14,4,0,-4,0,35.33
fold2_room1_mix0824,15,3,0,98,-3,9.39
fold2_room1_mix0824,15,4,0,-156,-1,21.34
fold2_room1_mix0824,15,4,0,-2,0,38.27
fold2_room1_mix0824,16,3,0,99,-3,8.95
fold2_room1_mix0824,16,4,0,-150,-2,19.15
fold2_room1_mix0824,16,4,0,-1,0,42.16
fold2_room1_mix0824,17,3,0,96,-3,8.80
fold2_room1_mix0824,17,4,0,-151,-1,19.18
fold2_room1_mix0824,17,4,0,-3,0,40.99
fold2_room1_mix0824,18,3,0,94,-3,5.67
fold2_room1_mix0824,18,4,0,-154,-1,16.85
fold2_room1_mix0824,18,4,0,-2,0,33.45
fold2_room1_mix0824,19,4,0,-150,0,17.04
fold2_room1_mix0824,19,4,0,-2,0,37.39
fold2_room1_mix0824,20,3,0,112,-4,7.63
fold2_room1_mix0824,20,4,0,-153,0,17.38
fold2_room1_mix0824,20,4,0,-1,0,33.17
fold2_room1_mix0824,21,3,0,115,-4,11.35
fold2_room1_mix0824,21,4,0,-154,-1,20.53
fold2_room1_mix0824,21,4,0,-1,0,43.53
fold2_room1_mix0824,22,3,0,113,-4,12.09
fold2_room1_mix0824,22,4,0,-144,-2,18.67
fold2_room1_mix0824,22,4,0,-5,0,42.97
fold2_room1_mix0824,23,3,0,114,-4,12.88
fold2_room1_mix0824,23,4,0,-143,-1,19.00
fold2_room1_mix0824,23,4,0,-11,0,41.64
fold2_room1_mix0824,24,3,0,107,-4,12.73
fold2_room1_mix0824,24,4,0,-140,-2,20.51
fold2_room1_mix0824,24,4,0,-13,0,45.49
fold2_room1_mix0824,25,3,0,107,-4,11.48
fold2_room1_mix0824,25,4,0,-151,0,24.12
fold2_room1_mix0824,25,4,0,-134,-3,18.04
fold2_room1_mix0824,25,4,0,-7,0,43.09
fold2_room1_mix0824,26,3,0,110,-4,11.08
fold2_room1_mix0824,26,4,0,-147,-1,23.20
fold2_room1_mix0824,26,4,0,-132,-4,18.94
fold2_room1_mix0824,26,4,0,-8,-1,44.42
fold2_room1_mix0824,27,3,0,115,-4,12.76
fold2_room1_mix0824,27,4,0,-147,0,24.66
fold2_room1_mix0824,27,4,0,-128,-4,20.10
fold2_room1_mix0824,27,4,0,-8,-1,45.97
fold2_room1_mix0824,28,3,0,111,-5,10.65
fold2_room1_mix0824,28,4,0,-147,-1,22.69
fold2_room1_mix0824,28,4,0,-128,-4,19.24
fold2_room1_mix0824,28,4,0,-6,0,46.80
fold2_room1_mix0824,29,3,0,108,-5,11.98
fold2_room1_mix0824,29,4,0,-146,-1,22.63
fold2_room1_mix0824,29,4,0,-104,-6,20.51
fold2_room1_mix0824,29,4,0,-5,-1,44.23
fold2_room1_mix0824,30,3,0,116,-5,12.69
fold2_room1_mix0824,30,4,0,-144,0,21.00
fold2_room1_mix0824,30,4,0,-104,-4,19.01
fold2_room1_mix0824,30,4,0,-8,-1,40.34
fold2_room1_mix0824,31,2,0,-68,-2,13.15
fold2_room1_mix0824,31,3,0,103,-5,11.21
fold2_room1_mix0824,31,4,0,-138,-1,18.41
fold2_room1_mix0824,31,4,0,-2,-1,38.99
fold2_room1_mix0824,32,2,0,-66,-2,13.59
fold2_room1_mix0824,32,3,0,99,-5,10.23
fold2_room1_mix0824,32,4,0,-144,0,22.64
fold2_room1_mix0824,32,4,0,-128,-4,14.68
fold2_room1_mix0824,32,4,0,-3,-1,36.76
fold2_room1_mix0824,33,2,0,-66,-1,12.81
fold2_room1_mix0824,33,3,0,97,-5,10.27
fold2_room1_mix0824,33,4,0,-146,0,22.31
fold2_room1_mix0824,33,4,0,-128,-3,13.73
fold2_room1_mix0824,33,4,0,-3,-2,33.07
fold2_room1_mix0824,34,2,0,-64,-1,13.69
fold2_room1_mix0824,34,3,0,103,-4,10.10
fold2_room1_mix0824,34,4,0,-145,0,20.68
fold2_room1_mix0824,34,4,0,-129,-3,13.31
fold2_room1_mix0824,34,4,0,-4,-2,31.71
fold2_room1_mix0824,35,2,0,-66,-1,12.45
fold2_room1_mix0824,35,3,0,97,-4,10.27
fold2_room1_mix0824,35,4,0,-143,0,19.20
fold2_room1_mix0824,35,4,0,-124,-3,12.30
fold2_room1_mix0824,35,4,0,-5,-2,30.03
fold2_room1_mix0824,36,4,0,-127,-1,13.31
fold2_room1_mix0824,36,4,0,-11,-1,28.96
fold2_room1_mix0824,37,4,0,-123,-1,11.32
fold2_room1_mix0824,37,4,0,-12,0,28.57
fold2_room1_mix0824,38,4,0,-122,-1,11.91
fold2_room1_mix0824,38,4,0,-12,0,27.95
fold2_room1_mix0824,39,4,0,-118,-1,12.23
fold2_room1_mix0824,39,4,0,-8,0,27.05
fold2_room1_mix0824,40,2,0,-65,-2,4.77
fold2_room1_mix0824,40,4,0,-116,-2,11.95
fold2_room1_mix0824,40,4,0,-4,0,25.92
fold2_room1_mix0824,41,2,0,-70,-1,13.51
fold2_room1_mix0824,41,4,0,-114,-2,11.82
fold2_room1_mix0824,41,4,0,-6,0,27.92
fold2_room1_mix0824,42,2,0,-70,-1,14.11
fold2_room1_mix0824,42,4,0,-110,-3,11.13
fold2_room1_mix0824,42,4,0,-7,0,26.16
fold2_room1_mix0824,43,2,0,-74,-1,12.32
fold2_room1_mix0824,43,4,0,-117,-2,12.50
fold2_room1_mix0824,43,4,0,-74,-5,11.59
fold2_room1_mix0824,43,4,0,-9,-1,25.37
fold2_room1_mix0824,44,2,0,-78,-1,12.74
fold2_room1_mix0824,44,4,0,-118,0,13.94
fold2_room1_mix0824,44,4,0,-103,-4,9.76
fold2_room1_mix0824,44,4,0,-10,-1,23.08
fold2_room1_mix0824,45,2,0,-73,-1,13.58
fold2_room1_mix0824,45,4,0,-122,0,14.48
fold2_room1_mix0824,45,4,0,-100,-4,9.16
fold2_room1_mix0824,45,4,0,-9,-1,22.82
fold2_room1_mix0824,46,4,0,-113,0,13.54
fold2_room1_mix0824,46,4,0,-94,-4,9.09
fold2_room1_mix0824,46,4,0,-5,-1,23.30
fold2_room1_mix0824,47,4,0,-103,-2,10.97
fold2_room1_mix0824,47,4,0,-5,-1,25.25
fold2_room1_mix0824,48,4,0,-97,-2,10.71
fold2_room1_mix0824,48,4,0,-6,-1,24.46
fold2_room1_mix0824,49,4,0,-94,-2,12.06
fold2_room1_mix0824,49,4,0,-7,-1,25.11
fold2_room1_mix0824,50,4,0,-91,-2,12.11
fold2_room1_mix0824,50,4,0,-6,-1,24.90
fold2_room1_mix0824,51,2,0,-83,-1,13.05
fold2_room1_mix0824,51,4,0,-86,-3,12.46
fold2_room1_mix0824,51,4,0,-8,-1,25.45
fold2_room1_mix0824,52,2,0,-82,-1,12.82
fold2_room1_mix0824,52,4,0,-93,-1,15.05
fold2_room1_mix0824,52,4,0,-76,-3,10.87
fold2_room1_mix0824,52,4,0,-11,-1,23.04
fold2_room1_mix0824,53,2,0,-84,-1,12.71
fold2_room1_mix0824,53,4,0,-92,-1,14.63
fold2_room1_mix0824,53,4,0,-70,-3,11.00
fold2_room1_mix0824,53,4,0,-9,-1,21.65
fold2_room1_mix0824,54,2,0,-83,-1,12.84
fold2_room1_mix0824,54,4,0,-87,-2,14.11
fold2_room1_mix0824,54,4,0,-70,-3,10.58
fold2_room1_mix0824,54,4,0,-8,-2,19.52
fold2_room1_mix0824,55,2,0,-84,-1,13.23
fold2_room1_mix0824,55,4,0,-97,0,15.39
fold2_room1_mix0824,55,4,0,-64,-2,11.47
fold2_room1_mix0824,55,4,0,-18,-2,19.05
fold2_room1_mix0824,56,4,0,-77,-1,13.95
fold2_room1_mix0824,56,4,0,-55,-3,11.48
fold2_room1_mix0824,56,4,0,-13,-3,16.55
fold2_room1_mix0824,57,4,0,-66,-3,11.81
fold2_room1_mix0824,57,4,0,-12,-3,17.54
fold2_room1_mix0824,58,4,0,-64,-3,11.88
fold2_room1_mix0824,58,4,0,-17,-2,16.38
fold2_room1_mix0824,59,4,0,-70,-1,14.38
fold2_room1_mix0824,59,4,0,-54,-3,11.43
fold2_room1_mix0824,59,4,0,-16,-2,16.75
fold2_room1_mix0824,60,4,0,-69,-1,13.69
fold2_room1_mix0824,60,4,0,-47,-3,11.86
fold2_room1_mix0824,60,4,0,-16,-2,16.09
fold2_room1_mix0824,61,2,0,-89,-1,13.37
fold2_room1_mix0824,61,4,0,-77,-1,15.10
fold2_room1_mix0824,61,4,0,-48,-3,11.49
fold2_room1_mix0824,61,4,0,-16,-2,15.37
fold2_room1_mix0824,62,2,0,-92,-1,13.34
fold2_room1_mix0824,62,4,0,-70,-1,13.64
fold2_room1_mix0824,62,4,0,-45,-3,11.75
fold2_room1_mix0824,62,4,0,-21,-2,14.63
fold2_room1_mix0824,63,2,0,-93,0,13.05
fold2_room1_mix0824,63,4,0,-76,-1,13.73
fold2_room1_mix0824,63,4,0,-44,-3,11.20
fold2_room1_mix0824,63,4,0,-17,-2,14.80
fold2_room1_mix0824,64,4,0,-61,0,13.47
fold2_room1_mix0824,64,4,0,-28,-3,11.82
fold2_room1_mix0824,65,4,0,-61,-1,13.57
fold2_room1_mix0824,65,4,0,-40,-3,11.48
fold2_room1_mix0824,65,4,0,-24,-3,13.60
fold2_room1_mix0824,66,4,0,-58,-1,12.57
fold2_room1_mix0824,66,4,0,-29,-2,12.66
fold2_room1_mix0824,67,4,0,-57,-1,13.46
fold2_room1_mix0824,67,4,0,-31,-2,12.64
fold2_room1_mix0824,68,4,0,-55,-2,12.51
fold2_room1_mix0824,68,4,0,-33,-2,12.31
fold2_room1_mix0824,69,4,0,-38,-2,12.11
fold2_room1_mix0824,70,4,0,-49,-3,10.98
fold2_room1_mix0824,70,4,0,-28,-2,13.96
fold2_room1_mix0824,71,2,0,-89,-2,8.74
fold2_room1_mix0824,71,4,0,-42,-2,11.25
fold2_room1_mix0824,72,2,0,-90,-2,9.09
fold2_room1_mix0824,72,4,0,-42,-2,10.27
fold2_room1_mix0824,73,2,0,-81,-3,9.77
fold2_room1_mix0824,73,4,0,-63,-2,9.81
fold2_room1_mix0824,73,4,0,-48,-4,7.27
fold2_room1_mix0824,73,4,0,-26,0,15.39
fold2_room1_mix0824,74,2,0,-87,-2,15.20
fold2_room1_mix0824,74,4,0,-67,-3,8.16
fold2_room1_mix0824,74,4,0,-51,-4,6.40
fold2_room1_mix0824,74,4,0,-29,0,14.46
fold2_room1_mix0824,75,2,0,-65,-3,15.71
fold2_room1_mix0824,75,4,0,-67,-4,6.38
fold2_room1_mix0824,75,4,0,-51,-5,5.64
fold2_room1_mix0824,75,4,0,-28,0,14.74
fold2_room1_mix0824,76,4,0,-93,-4,8.55
fold2_room1_mix0824,76,4,0,-56,-6,5.47
fold2_room1_mix0824,76,4,0,-28,0,18.46
fold2_room1_mix0824,77,4,0,-112,-2,10.40
fold2_room1_mix0824,77,4,0,-51,-5,6.22
fold2_room1_mix0824,77,4,0,-30,-1,12.13
fold2_room1_mix0824,78,4,0,-108,-4,8.11
fold2_room1_mix0824,78,4,0,-48,-4,8.43
fold2_room1_mix0824,78,4,0,-26,-1,15.70
fold2_room1_mix0824,79,4,0,-117,-4,8.87
fold2_room1_mix0824,79,4,0,-53,-4,7.66
fold2_room1_mix0824,79,4,0,-26,-1,13.98
fold2_room1_mix0824,80,4,0,-121,-4,6.86
fold2_room1_mix0824,80,4,0,-30,-2,10.23
fold2_room1_mix0824,81,4,0,-125,-3,6.89
fold2_room1_mix0824,81,4,0,-24,-2,10.39
fold2_room1_mix0824,82,2,0,-84,-3,6.29
fold2_room1_mix0824,82,4,0,-134,-2,7.11
fold2_room1_mix0824,82,4,0,-27,-3,9.74
fold2_room1_mix0824,83,2,0,-98,-3,5.76
fold2_room1_mix0824,83,4,0,-141,-3,7.36
fold2_room1_mix0824,83,4,0,-45,-4,8.37
fold2_room1_mix0824,83,4,0,-18,-2,10.34
fold2_room1_mix0824,84,2,0,-80,-2,8.91
fold2_room1_mix0824,84,4,0,-141,-4,7.48
fold2_room1_mix0824,84,4,0,-48,-5,7.46
fold2_room1_mix0824,84,4,0,-18,-4,8.76
fold2_room1_mix0824,85,2,0,-95,-1,12.22
fold2_room1_mix0824,85,4,0,-143,-5,7.09
fold2_room1_mix0824,85,4,0,-61,-6,6.37
fold2_room1_mix0824,85,4,0,-17,-3,10.94
fold2_room1_mix0824,86,2,0,-101,-1,11.66
fold2_room1_mix0824,86,4,0,-142,-6,5.42
fold2_room1_mix0824,86,4,0,-103,-7,4.79
fold2_room1_mix0824,86,4,0,-28,-2,10.17
fold2_room1_mix0824,87,4,0,-154,-6,5.79
fold2_room1_mix0824,87,4,0,-138,-9,3.83
fold2_room1_mix0824,87,4,0,-34,0,17.53
fold2_room1_mix0824,88,4,0,-153,-6,5.38
fold2_room1_mix0824,88,4,0,-34,1,17.41
fold2_room1_mix0824,89,4,0,-157,-4,5.70
fold2_room1_mix0824,89,4,0,-34,1,20.95
fold2_room1_mix0824,90,4,0,-168,-5,5.93
fold2_room1_mix0824,90,4,0,-33,1,21.48
fold2_room1_mix0824,91,4,0,-171,-4,5.86
fold2_room1_mix0824,91,4,0,-31,0,19.91
fold2_room1_mix0824,92,4,0,-167,-4,6.96
fold2_room1_mix0824,92,4,0,-29,0,23.19
fold2_room1_mix0824,93,4,0,-169,-3,7.56
fold2_room1_mix0824,93,4,0,-27,0,22.02
fold2_room1_mix0824,94,4,0,-170,-2,8.11
fold2_room1_mix0824,94,4,0,-27,0,21.04
fold2_room1_mix0824,95,4,0,-171,-2,9.40
fold2_room1_mix0824,95,4,0,-26,0,20.73
fold2_room1_mix0824,96,4,0,-164,-1,10.87
fold2_room1_mix0824,96,4,0,-83,0,16.60
fold2_room1_mix0824,96,4,0,-26,0,24.89
fold2_room1_mix0824,97,4,0,-163,0,13.90
fold2_room1_mix0824,97,4,0,-137,-1,14.13
fold2_room1_mix0824,97,4,0,-26,0,24.22
fold2_room1_mix0824,98,4,0,-166,-1,13.03
fold2_room1_mix0824,98,4,0,-59,0,18.49
fold2_room1_mix0824,98,4,0,-25,0,26.54
fold2_room1_mix0824,99,4,0,-167,-1,13.10
fold2_room1_mix0824,99,4,0,-139,0,15.76
fold2_room1_mix0824,99,4,0,-23,0,24.03
fold2_room1_mix0825,44,4,0,178,0,10.52
fold2_room1_mix0825,45,4,0,176,-1,11.86
fold2_room1_mix0825,46,4,0,-179,0,15.31
fold2_room1_mix0825,47,4,0,179,-1,17.07
fold2_room1_mix0825,48,4,0,-178,-1,19.05
fold2_room1_mix0825,49,4,0,-178,-1,18.71
fold2_room1_mix0825,50,4,0,-177,-1,18.00
fold2_room1_mix0825,51,4,0,-176,-1,17.11
fold2_room1_mix0825,52,4,0,-174,-2,15.90
fold2_room1_mix0825,53,4,0,-175,-2,14.99
fold2_room1_mix0825,54,4,0,-176,-2,13.81
fold2_room1_mix0825,55,4,0,-177,-2,12.74
fold2_room1_mix0825,56,4,0,-175,-3,12.02
fold2_room1_mix0825,57,4,0,-174,-3,11.66
fold2_room1_mix0825,58,4,0,-174,-3,9.89
fold2_room1_mix0825,59,4,0,-175,-4,8.97
fold2_room1_mix0825,60,4,0,-172,-4,8.09
fold2_room1_mix0825,61,4,0,-171,-5,6.77
fold2_room1_mix0825,62,4,0,-168,-8,5.31
fold2_room1_mix0825,63,4,0,-166,-12,3.84
fold2_room1_mix0825,64,4,0,-155,-20,2.67
fold2_room1_mix0825,65,4,0,-117,-37,1.67
fold2_room1_mix0825,66,4,0,-37,-27,1.86
fold2_room1_mix0825,67,4,0,-19,-16,2.64
fold2_room1_mix0825,68,4,0,-16,-13,3.34
fold2_room1_mix0825,69,4,0,-12,-10,4.67
fold2_room1_mix0825,70,4,0,-9,-9,5.45
fold2_room1_mix0825,71,4,0,-7,-7,6.47
fold2_room1_mix0825,72,4,0,-2,-5,7.72
fold2_room1_mix0825,73,4,0,-2,-5,9.12
fold2_room1_mix0825,74,4,0,-2,-4,10.20
fold2_room1_mix0825,75,4,0,-2,-4,10.68
fold2_room1_mix0825,76,4,0,-2,-3,11.69
fold2_room1_mix0825,77,4,0,-2,-3,12.48
fold2_room1_mix0825,78,4,0,-2,-2,13.78
fold2_room1_mix0825,79,4,0,-1,-3,13.43
fold2_room1_mix0825,80,4,0,-2,-3,14.68
fold2_room1_mix0825,81,4,0,-3,-3,15.01
fold2_room1_mix0825,82,4,0,-1,-2,16.18
fold2_room1_mix0825,83,4,0,-1,-2,18.01
fold2_room1_mix0825,84,4,0,-1,-1,18.94
fold2_room1_mix0825,85,4,0,0,-2,18.87
fold2_room1_mix0825,86,4,0,-1,-1,6.93
fold2_room1_mix0825,87,4,0,0,-1,19.33
fold2_room1_mix0826,54,4,0,-3,-2,4.39
fold2_room1_mix0826,55,4,0,-8,-3,6.55
fold2_room1_mix0826,56,4,0,-4,-3,7.50
fold2_room1_mix0826,57,4,0,-6,-3,8.15
fold2_room1_mix0826,58,4,0,-8,-4,7.97
fold2_room1_mix0826,59,4,0,-9,-4,8.86
fold2_room1_mix0826,60,4,0,-7,-4,8.72
fold2_room1_mix0826,61,4,0,-9,-5,7.86
fold2_room1_mix0826,62,4,0,-10,-5,7.36
fold2_room1_mix0826,63,4,0,-10,-5,7.00
fold2_room1_mix0826,64,4,0,-10,-5,6.73
fold2_room1_mix0826,65,4,0,-11,-5,6.00
fold2_room1_mix0826,66,4,0,-14,-7,5.43
fold2_room1_mix0826,67,4,0,-16,-7,5.01
fold2_room1_mix0826,68,4,0,-17,-8,4.36
fold2_room1_mix0826,69,4,0,-20,-8,4.06
fold2_room1_mix0826,70,4,0,-24,-9,3.34
fold2_room1_mix0826,71,4,0,-28,-11,2.89
fold2_room1_mix0826,72,4,0,-33,-13,2.57
fold2_room1_mix0826,73,4,0,-43,-14,2.06
fold2_room1_mix0826,74,4,0,-55,-19,1.81
fold2_room1_mix0826,75,4,0,-76,-23,1.67
fold2_room1_mix0826,76,4,0,-95,-22,1.73
fold2_room1_mix0826,77,4,0,-115,-19,1.84
fold2_room1_mix0826,78,4,0,-133,-15,2.15
fold2_room1_mix0826,79,4,0,-141,-13,2.72
fold2_room1_mix0826,80,4,0,-149,-11,3.20
fold2_room1_mix0826,81,4,0,-154,-9,3.72
fold2_room1_mix0826,82,4,0,-155,-8,4.14
fold2_room1_mix0826,83,4,0,-157,-7,4.47
fold2_room1_mix0826,84,4,0,-160,-6,4.84
fold2_room1_mix0826,85,4,0,-161,-6,5.25
fold2_room1_mix0826,86,4,0,-162,-5,5.65
fold2_room1_mix0826,87,4,0,-164,-5,6.34
fold2_room1_mix0826,88,4,0,-165,-4,6.93
fold2_room1_mix0826,89,4,0,-166,-4,7.43
fold2_room1_mix0826,90,4,0,-166,-4,7.84
fold2_room1_mix0826,91,4,0,-168,-3,8.50
fold2_room1_mix0826,92,4,0,-170,-3,9.08
fold2_room1_mix0826,93,4,0,-169,-3,9.56
fold2_room1_mix0826,94,4,0,-171,-3,9.52
fold2_room1_mix0826,95,4,0,-171,-3,10.32
fold2_room1_mix0826,96,4,0,-171,-3,9.48
fold2_room1_mix0826,97,4,0,-173,-2,9.64
fold2_room1_mix0826,98,4,0,-173,-2,5.13
fold2_room1_mix0826,99,4,0,-173,-2,3.29
fold2_room1_mix0827,2,4,0,178,0,0.56
fold2_room1_mix0827,3,4,0,-178,0,3.39
fold2_room1_mix0827,4,4,0,-179,1,7.45
fold2_room1_mix0827,4,4,0,0,1,7.39
fold2_room1_mix0827,5,4,0,-176,0,17.79
fold2_room1_mix0827,5,4,0,-2,0,19.46
fold2_room1_mix0827,6,4,0,-178,-1,17.68
fold2_room1_mix0827,6,4,0,1,-1,18.97
fold2_room1_mix0827,7,4,0,-176,0,24.77
fold2_room1_mix0827,7,4,0,3,0,28.20
fold2_room1_mix0827,8,4,0,-176,0,35.18
fold2_room1_mix0827,8,4,0,1,0,39.12
fold2_room1_mix0827,9,4,0,-177,0,38.98
fold2_room1_mix0827,9,4,0,0,-1,41.57
fold2_room1_mix0827,10,4,0,-175,-1,37.12
fold2_room1_mix0827,10,4,0,3,-1,44.66
fold2_room1_mix0827,11,4,0,-176,0,43.85
fold2_room1_mix0827,11,4,0,0,-1,49.76
fold2_room1_mix0827,12,4,0,-176,0,42.23
fold2_room1_mix0827,12,4,0,0,0,45.59
fold2_room1_mix0827,13,4,0,-176,0,42.45
fold2_room1_mix0827,13,4,0,0,0,44.21
fold2_room1_mix0827,14,4,0,-175,0,42.25
fold2_room1_mix0827,14,4,0,0,0,45.66
fold2_room1_mix0827,15,4,0,-176,0,43.61
fold2_room1_mix0827,15,4,0,0,0,45.00
fold2_room1_mix0827,16,4,0,-176,0,44.62
fold2_room1_mix0827,16,4,0,1,0,43.88
fold2_room1_mix0827,17,4,0,-177,0,41.26
fold2_room1_mix0827,17,4,0,1,0,44.16
fold2_room1_mix0827,18,4,0,-175,0,44.03
fold2_room1_mix0827,18,4,0,0,0,43.44
fold2_room1_mix0827,19,4,0,-177,0,42.13
fold2_room1_mix0827,19,4,0,0,0,42.56
fold2_room1_mix0827,20,4,0,-175,0,47.41
fold2_room1_mix0827,20,4,0,1,0,43.59
fold2_room1_mix0827,21,4,0,-176,0,46.03
fold2_room1_mix0827,21,4,0,0,0,44.78
fold2_room1_mix0827,22,4,0,-175,0,45.56
fold2_room1_mix0827,22,4,0,0,0,44.29
fold2_room1_mix0827,23,4,0,-175,-1,41.56
fold2_room1_mix0827,23,4,0,0,-1,40.52
fold2_room1_mix0827,24,4,0,-174,0,44.02
fold2_room1_mix0827,24,4,0,0,-1,41.76
fold2_room1_mix0827,25,4,0,-175,-1,43.46
fold2_room1_mix0827,25,4,0,-2,-1,40.93
fold2_room1_mix0827,26,4,0,-176,-1,40.70
fold2_room1_mix0827,26,4,0,-2,0,43.47
fold2_room1_mix0827,27,4,0,-178,-1,43.50
fold2_room1_mix0827,27,4,0,-2,0,44.96
fold2_room1_mix0827,28,4,0,-176,0,43.66
fold2_room1_mix0827,28,4,0,-1,-1,42.27
fold2_room1_mix0827,29,4,0,-176,-1,39.00
fold2_room1_mix0827,29,4,0,-2,-1,40.35
fold2_room1_mix0827,30,4,0,-177,-1,41.02
fold2_room1_mix0827,30,4,0,-2,-1,41.73
fold2_room1_mix0827,31,4,0,-175,-1,40.62
fold2_room1_mix0827,31,4,0,-4,-1,39.12
fold2_room1_mix0827,32,4,0,-174,-1,39.95
fold2_room1_mix0827,32,4,0,-3,-1,39.15
fold2_room1_mix0827,33,4,0,-175,-1,40.03
fold2_room1_mix0827,33,4,0,-3,-1,40.30
fold2_room1_mix0827,34,4,0,-174,-1,41.35
fold2_room1_mix0827,34,4,0,-2,-1,39.05
fold2_room1_mix0827,35,4,0,-175,-1,37.70
fold2_room1_mix0827,35,4,0,-4,-1,36.37
fold2_room1_mix0827,36,4,0,-175,-1,36.57
fold2_room1_mix0827,36,4,0,-4,-1,36.90
fold2_room1_mix0827,37,4,0,-176,-1,36.04
fold2_room1_mix0827,37,4,0,-4,0,36.19
fold2_room1_mix0827,38,4,0,-177,0,35.46
fold2_room1_mix0827,38,4,0,-4,0,35.53
fold2_room1_mix0827,39,4,0,-177,-1,34.87
fold2_room1_mix0827,39,4,0,-6,-1,35.45
fold2_room1_mix0827,40,4,0,-176,-1,33.54
fold2_room1_mix0827,40,4,0,-5,0,35.09
fold2_room1_mix0827,41,4,0,-177,-1,33.35
fold2_room1_mix0827,41,4,0,-4,0,36.67
fold2_room1_mix0827,42,4,0,-177,-1,30.24
fold2_room1_mix0827,42,4,0,-3,0,34.19
fold2_room1_mix0827,43,4,0,-176,-1,29.98
fold2_room1_mix0827,43,4,0,-3,-1,34.85
fold2_room1_mix0827,44,4,0,-176,-1,29.46
fold2_room1_mix0827,44,4,0,-3,0,35.24
fold2_room1_mix0827,45,4,0,-175,-1,31.23
fold2_room1_mix0827,45,4,0,-3,0,36.53
fold2_room1_mix0827,46,4,0,-175,-1,28.38
fold2_room1_mix0827,46,4,0,-3,0,35.40
fold2_room1_mix0827,47,4,0,-175,-1,26.45
fold2_room1_mix0827,47,4,0,-4,0,33.55
fold2_room1_mix0827,48,4,0,-175,-1,23.54
fold2_room1_mix0827,48,4,0,-3,0,32.97
fold2_room1_mix0827,49,4,0,-174,-1,23.24
fold2_room1_mix0827,49,4,0,-3,0,33.20
fold2_room1_mix0827,50,4,0,-176,-1,23.30
fold2_room1_mix0827,50,4,0,-4,0,34.17
fold2_room1_mix0827,51,4,0,-175,-1,22.54
fold2_room1_mix0827,51,4,0,-4,0,33.48
fold2_room1_mix0827,52,4,0,-175,-1,21.43
fold2_room1_mix0827,52,4,0,-4,0,33.09
fold2_room1_mix0827,53,4,0,-176,-1,21.92
fold2_room1_mix0827,53,4,0,-5,0,33.22
fold2_room1_mix0827,54,4,0,-175,-1,19.68
fold2_room1_mix0827,54,4,0,-8,0,30.01
fold2_room1_mix0827,55,4,0,-175,-1,20.48
fold2_room1_mix0827,55,4,0,-6,0,31.02
fold2_room1_mix0827,56,4,0,-174,-2,19.36
fold2_room1_mix0827,56,4,0,-10,0,28.35
fold2_room1_mix0827,57,4,0,-173,-2,18.20
fold2_room1_mix0827,57,4,0,-10,0,27.38
fold2_room1_mix0827,58,4,0,-173,-2,16.51
fold2_room1_mix0827,58,4,0,-12,0,25.59
fold2_room1_mix0827,59,4,0,-175,-2,16.53
fold2_room1_mix0827,59,4,0,-14,0,25.07
fold2_room1_mix0827,60,4,0,-173,-2,14.75
fold2_room1_mix0827,60,4,0,-19,-1,21.66
fold2_room1_mix0827,61,4,0,-175,-2,14.00
fold2_room1_mix0827,61,4,0,-18,-1,21.07
fold2_room1_mix0827,62,4,0,-175,-2,13.93
fold2_room1_mix0827,62,4,0,-21,-1,19.80
fold2_room1_mix0827,63,4,0,-176,-2,12.69
fold2_room1_mix0827,63,4,0,-23,-1,18.78
fold2_room1_mix0827,64,4,0,-175,-2,12.90
fold2_room1_mix0827,64,4,0,-25,-1,17.58
fold2_room1_mix0827,65,4,0,-176,-2,11.93
fold2_room1_mix0827,65,4,0,-27,-1,16.67
fold2_room1_mix0827,66,4,0,-177,-3,11.04
fold2_room1_mix0827,66,4,0,-29,-1,16.74
fold2_room1_mix0827,67,4,0,-176,-3,10.29
fold2_room1_mix0827,67,4,0,-31,-2,14.49
fold2_room1_mix0827,68,4,0,-176,-4,9.33
fold2_room1_mix0827,68,4,0,-37,-2,13.18
fold2_room1_mix0827,69,4,0,-176,-4,9.29
fold2_room1_mix0827,69,4,0,-39,-2,13.51
fold2_room1_mix0827,70,4,0,-172,-4,7.66
fold2_room1_mix0827,70,4,0,-39,-2,11.99
fold2_room1_mix0827,71,4,0,-175,-5,7.25
fold2_room1_mix0827,71,4,0,-42,-2,11.52
fold2_room1_mix0827,72,4,0,-174,-5,7.18
fold2_room1_mix0827,72,4,0,-49,-3,11.27
fold2_room1_mix0827,73,4,0,-168,-6,5.80
fold2_room1_mix0827,73,4,0,-55,-3,9.70
fold2_room1_mix0827,74,4,0,-169,-7,5.39
fold2_room1_mix0827,74,4,0,-57,-3,9.70
fold2_room1_mix0827,75,4,0,-169,-8,4.76
fold2_room1_mix0827,75,4,0,-63,-4,9.01
fold2_room1_mix0827,76,4,0,-166,-8,4.45
fold2_room1_mix0827,76,4,0,-68,-4,8.08
fold2_room1_mix0827,77,4,0,-164,-9,4.12
fold2_room1_mix0827,77,4,0,-76,-5,7.72
fold2_room1_mix0827,78,4,0,-159,-10,3.83
fold2_room1_mix0827,78,4,0,-93,-9,5.47
fold2_room1_mix0827,78,4,0,-77,-5,7.77
fold2_room1_mix0827,79,4,0,-151,-11,3.37
fold2_room1_mix0827,79,4,0,-113,-12,3.54
fold2_room1_mix0827,79,4,0,-86,-5,6.85
fold2_room1_mix0827,80,4,0,-127,-12,3.17
fold2_room1_mix0827,80,4,0,-97,-14,2.74
fold2_room1_mix0827,80,4,0,-79,-6,5.75
fold2_room1_mix0827,81,4,0,-102,-8,4.76
fold2_room1_mix0827,81,4,0,-71,-11,2.98
fold2_room1_mix0827,82,4,0,-103,-5,6.96
fold2_room1_mix0827,82,4,0,-50,-10,2.89
fold2_room1_mix0827,83,4,0,-110,-2,9.08
fold2_room1_mix0827,83,4,0,-40,-10,2.50
fold2_room1_mix0827,84,4,0,-119,-2,8.89
fold2_room1_mix0827,84,4,0,-36,-8,3.03
fold2_room1_mix0827,85,4,0,-119,-1,10.32
fold2_room1_mix0827,85,4,0,-29,-8,3.39
fold2_room1_mix0827,86,4,0,-124,-1,10.21
fold2_room1_mix0827,86,4,0,-26,-8,3.43
fold2_room1_mix0827,87,4,0,-126,-1,11.26
fold2_room1_mix0827,87,4,0,-24,-7,4.06
fold2_room1_mix0827,88,4,0,-135,0,12.15
fold2_room1_mix0827,88,4,0,-20,-6,5.16
fold2_room1_mix0827,89,4,0,-135,0,11.85
fold2_room1_mix0827,89,4,0,-20,-5,5.59
fold2_room1_mix0827,90,4,0,-136,0,12.05
fold2_room1_mix0827,90,4,0,-16,-5,5.96
fold2_room1_mix0827,91,4,0,-140,0,12.52
fold2_room1_mix0827,91,4,0,-16,-4,6.60
fold2_room1_mix0827,92,4,0,-141,0,13.18
fold2_room1_mix0827,92,4,0,-13,-4,7.09
fold2_room1_mix0827,93,4,0,-145,0,14.07
fold2_room1_mix0827,93,4,0,-12,-3,7.67
fold2_room1_mix0827,94,4,0,-146,0,14.69
fold2_room1_mix0827,94,4,0,-11,-4,8.45
fold2_room1_mix0827,95,4,0,-149,0,15.52
fold2_room1_mix0827,95,4,0,-8,-4,8.16
fold2_room1_mix0827,96,4,0,-151,-1,14.86
fold2_room1_mix0827,96,4,0,-9,-3,9.10
fold2_room1_mix0827,97,4,0,-152,-1,16.13
fold2_room1_mix0827,97,4,0,-9,-3,9.54
fold2_room1_mix0827,98,4,0,-153,-1,18.87
fold2_room1_mix0827,98,4,0,-7,-3,11.47
fold2_room1_mix0827,99,4,0,-156,-1,19.62
fold2_room1_mix0827,99,4,0,-6,-3,11.86
fold2_room1_mix0828,0,5,0,-6,4,2.75
fold2_room1_mix0828,1,5,0,-12,4,5.38
fold2_room1_mix0828,2,5,0,-12,4,6.38
fold2_room1_mix0828,3,5,0,-7,4,5.09
fold2_room1_mix0828,4,5,0,-6,4,7.69
fold2_room1_mix0828,5,5,0,-11,5,7.73
fold2_room1_mix0828,6,5,0,-12,4,8.88
fold2_room1_mix0828,7,5,0,-10,5,7.37
fold2_room1_mix0828,8,5,0,-9,5,7.68
fold2_room1_mix0828,9,5,0,-13,5,8.08
fold2_room1_mix0828,10,5,0,-12,6,6.65
fold2_room1_mix0828,11,5,0,-11,6,6.90
fold2_room1_mix0828,12,5,0,-10,5,7.98
fold2_room1_mix0828,13,5,0,-11,6,6.87
fold2_room1_mix0828,14,5,0,-10,5,7.78
fold2_room1_mix0828,15,5,0,-10,6,6.62
fold2_room1_mix0828,16,5,0,-9,6,6.89
fold2_room1_mix0828,17,5,0,-12,5,7.79
fold2_room1_mix0828,18,5,0,-11,6,7.31
fold2_room1_mix0828,19,5,0,-8,6,6.82
fold2_room1_mix0828,20,5,0,-11,6,7.10
fold2_room1_mix0828,21,5,0,-10,7,6.18
fold2_room1_mix0828,22,5,0,-11,5,7.63
fold2_room1_mix0828,23,5,0,-8,6,6.72
fold2_room1_mix0828,24,5,0,-6,6,6.55
fold2_room1_mix0828,25,5,0,-13,6,6.65
fold2_room1_mix0828,26,5,0,-11,7,6.32
fold2_room1_mix0828,27,5,0,-7,6,7.01
fold2_room1_mix0828,28,5,0,-6,5,7.48
fold2_room1_mix0828,29,5,0,-9,7,6.11
fold2_room1_mix0828,30,5,0,-9,5,8.16
fold2_room1_mix0828,31,5,0,-8,6,6.79
fold2_room1_mix0828,32,5,0,-5,7,6.36
fold2_room1_mix0828,33,5,0,-10,5,7.85
fold2_room1_mix0828,34,5,0,-10,7,6.98
fold2_room1_mix0828,35,5,0,-7,6,7.19
fold2_room1_mix0828,36,5,0,-8,6,7.35
fold2_room1_mix0828,37,5,0,-8,6,7.39
fold2_room1_mix0828,38,5,0,-8,5,8.18
fold2_room1_mix0828,39,5,0,-10,6,7.42
fold2_room1_mix0828,40,5,0,-5,5,7.73
fold2_room1_mix0828,41,5,0,-10,6,7.41
fold2_room1_mix0828,42,5,0,-10,6,7.54
fold2_room1_mix0828,43,5,0,-5,6,7.03
fold2_room1_mix0828,44,5,0,-8,6,6.99
fold2_room1_mix0828,45,5,0,-9,7,6.28
fold2_room1_mix0828,46,5,0,-8,5,8.65
fold2_room1_mix0828,47,5,0,-8,6,7.47
fold2_room1_mix0828,48,5,0,-4,6,7.52
fold2_room1_mix0828,49,5,0,-11,6,7.84
fold2_room1_mix0828,50,5,0,-10,6,7.36
fold2_room1_mix0828,51,5,0,-6,6,6.87
fold2_room1_mix0828,52,5,0,-9,5,8.56
fold2_room1_mix0828,53,5,0,-10,7,6.84
fold2_room1_mix0828,54,5,0,-9,5,8.00
fold2_room1_mix0828,55,5,0,-9,6,7.05
fold2_room1_mix0828,56,5,0,-6,7,6.77
fold2_room1_mix0828,57,5,0,-10,5,8.22
fold2_room1_mix0828,58,5,0,-12,6,7.16
fold2_room1_mix0828,59,5,0,-6,6,7.31
fold2_room1_mix0828,60,5,0,-10,6,7.26
fold2_room1_mix0828,61,5,0,-9,7,6.48
fold2_room1_mix0828,62,5,0,-8,5,8.50
fold2_room1_mix0828,63,5,0,-9,5,7.76
fold2_room1_mix0828,64,5,0,-7,6,7.57
fold2_room1_mix0828,65,5,0,-10,5,8.24
fold2_room1_mix0828,66,5,0,-10,6,7.66
fold2_room1_mix0828,67,5,0,-6,6,7.19
fold2_room1_mix0828,68,5,0,-12,6,7.09
fold2_room1_mix0828,69,5,0,-10,6,7.23
fold2_room1_mix0828,70,5,0,-8,5,8.81
fold2_room1_mix0828,71,5,0,-9,5,8.25
fold2_room1_mix0828,72,5,0,-5,5,7.92
fold2_room1_mix0828,73,5,0,-10,5,8.22
fold2_room1_mix0828,74,5,0,-11,7,6.97
fold2_room1_mix0828,75,5,0,-4,6,7.74
fold2_room1_mix0828,76,5,0,-8,6,7.56
fold2_room1_mix0828,77,5,0,-10,6,7.52
fold2_room1_mix0828,78,5,0,-8,5,8.28
fold2_room1_mix0828,79,5,0,-8,6,7.51
fold2_room1_mix0828,80,5,0,-7,7,6.59
fold2_room1_mix0828,81,5,0,-9,5,9.16
fold2_room1_mix0828,82,5,0,-10,6,7.23
fold2_room1_mix0828,83,5,0,-5,6,7.15
fold2_room1_mix0828,84,5,0,-9,6,6.97
fold2_room1_mix0828,85,5,0,-9,6,7.91
fold2_room1_mix0828,86,5,0,-7,5,8.69
fold2_room1_mix0828,87,5,0,-9,5,7.98
fold2_room1_mix0828,88,5,0,-5,6,7.56
fold2_room1_mix0828,89,5,0,-9,5,8.57
fold2_room1_mix0828,90,5,0,-10,6,7.90
fold2_room1_mix0828,91,5,0,-5,6,7.65
fold2_room1_mix0828,92,5,0,-10,6,7.07
fold2_room1_mix0828,93,5,0,-11,7,6.86
fold2_room1_mix0828,94,5,0,-7,5,8.79
fold2_room1_mix0828,95,5,0,-8,5,8.25
fold2_room1_mix0828,96,5,0,-5,6,7.35
fold2_room1_mix0828,97,5,0,-10,5,8.84
fold2_room1_mix0828,98,5,0,-10,6,7.55
fold2_room1_mix0828,99,5,0,-5,6,7.42
fold2_room1_mix0829,8,4,0,4,0,29.67
fold2_room1_mix0829,9,4,0,5,0,33.18
fold2_room1_mix0829,10,4,0,5,0,22.16
fold2_room1_mix0829,11,4,0,4,0,38.56
fold2_room1_mix0829,12,4,0,5,0,34.43
fold2_room1_mix0829,13,4,0,6,0,35.54
fold2_room1_mix0829,14,4,0,7,0,34.95
fold2_room1_mix0829,15,4,0,5,0,36.25
fold2_room1_mix0829,16,4,0,7,0,35.23
fold2_room1_mix0829,17,4,0,5,0,35.25
fold2_room1_mix0829,18,4,0,10,0,35.75
fold2_room1_mix0829,19,4,0,8,0,33.36
fold2_room1_mix0829,20,4,0,8,0,32.85
fold2_room1_mix0829,21,4,0,6,0,35.19
fold2_room1_mix0829,22,4,0,8,-1,32.73
fold2_room1_mix0829,23,4,0,7,0,31.53
fold2_room1_mix0829,24,4,0,6,-1,31.16
fold2_room1_mix0829,25,4,0,4,-1,31.24
fold2_room1_mix0829,26,4,0,7,-1,29.68
fold2_room1_mix0829,27,4,0,9,0,31.02
fold2_room1_mix0829,28,4,0,4,-1,28.38
fold2_room1_mix0829,29,4,0,7,-1,26.94
fold2_room1_mix0829,30,4,0,9,-1,26.51
fold2_room1_mix0829,31,4,0,8,-1,25.12
fold2_room1_mix0829,32,4,0,7,-1,24.38
fold2_room1_mix0829,33,4,0,10,-1,22.99
fold2_room1_mix0829,34,4,0,10,-1,22.37
fold2_room1_mix0829,35,4,0,11,-1,21.56
fold2_room1_mix0829,36,4,0,11,-1,20.96
fold2_room1_mix0829,37,4,0,12,-1,21.05
fold2_room1_mix0829,38,4,0,13,-1,20.97
fold2_room1_mix0829,39,4,0,14,-1,19.26
fold2_room1_mix0829,40,4,0,15,-1,18.03
fold2_room1_mix0829,41,4,0,14,-1,18.60
fold2_room1_mix0829,42,4,0,15,-1,17.10
fold2_room1_mix0829,43,4,0,15,-1,17.10
fold2_room1_mix0829,44,4,0,15,-1,16.08
fold2_room1_mix0829,45,4,0,17,-2,14.22
fold2_room1_mix0829,46,4,0,19,-2,14.38
fold2_room1_mix0829,47,4,0,19,-2,13.57
fold2_room1_mix0829,48,4,0,21,-2,12.19
fold2_room1_mix0829,49,4,0,21,-2,11.42
fold2_room1_mix0829,50,4,0,22,-2,11.11
fold2_room1_mix0829,51,4,0,23,-3,10.74
fold2_room1_mix0829,52,4,0,27,-3,9.13
fold2_room1_mix0829,53,4,0,27,-3,8.74
fold2_room1_mix0829,54,4,0,30,-3,8.01
fold2_room1_mix0829,55,4,0,32,-4,6.92
fold2_room1_mix0829,56,4,0,37,-4,6.08
fold2_room1_mix0829,57,4,0,40,-4,5.77
fold2_room1_mix0829,58,4,0,46,-5,5.00
fold2_room1_mix0829,59,4,0,57,-5,4.70
fold2_room1_mix0829,60,4,0,71,-6,4.36
fold2_room1_mix0829,61,4,0,82,-7,4.29
fold2_room1_mix0829,62,4,0,95,-7,4.32
fold2_room1_mix0829,63,4,0,109,-6,4.60
fold2_room1_mix0829,64,4,0,118,-5,4.62
fold2_room1_mix0829,65,4,0,128,-4,5.08
fold2_room1_mix0829,66,4,0,133,-4,5.77
fold2_room1_mix0829,67,4,0,137,-3,6.08
fold2_room1_mix0829,68,4,0,142,-3,6.84
fold2_room1_mix0829,69,4,0,145,-3,7.34
fold2_room1_mix0829,70,4,0,148,-3,8.02
fold2_room1_mix0829,71,4,0,152,-2,8.64
fold2_room1_mix0829,72,4,0,154,-2,9.60
fold2_room1_mix0829,73,4,0,157,-2,10.16
fold2_room1_mix0829,74,4,0,158,-2,10.70
fold2_room1_mix0829,75,4,0,160,-2,11.59
fold2_room1_mix0829,76,4,0,160,-2,12.08
fold2_room1_mix0829,77,4,0,162,-2,12.81
fold2_room1_mix0829,78,4,0,163,-2,13.19
fold2_room1_mix0829,79,4,0,163,-1,14.15
fold2_room1_mix0829,80,4,0,164,-1,14.51
fold2_room1_mix0829,81,4,0,165,-1,15.29
fold2_room1_mix0829,82,4,0,165,-1,16.96
fold2_room1_mix0829,83,4,0,166,0,17.71
fold2_room1_mix0829,84,4,0,166,0,18.13
fold2_room1_mix0829,85,4,0,167,0,19.71
fold2_room1_mix0829,86,4,0,168,0,20.35
fold2_room1_mix0829,87,4,0,168,0,19.99
fold2_room1_mix0829,88,4,0,168,0,21.04
fold2_room1_mix0829,89,4,0,169,0,21.66
fold2_room1_mix0829,90,4,0,169,0,21.98
fold2_room1_mix0829,91,4,0,170,0,23.29
fold2_room1_mix0829,92,4,0,170,0,24.00
fold2_room1_mix0829,93,4,0,169,0,24.26
fold2_room1_mix0829,94,4,0,170,0,25.22
fold2_room1_mix0829,95,4,0,170,0,26.14
fold2_room1_mix0829,96,4,0,170,0,26.08
fold2_room1_mix0829,97,4,0,171,0,27.70
fold2_room1_mix0829,98,4,0,171,0,28.47
fold2_room1_mix0829,99,4,0,171,0,29.09
fold2_room1_mix0829,6,4,0,5,0,9.21
fold2_room1_mix0829,7,4,0,5,0,14.88
fold2_room1_mix0830,2,5,0,-177,2,7.86
fold2_room1_mix0830,11,4,0,-170,0,10.60
fold2_room1_mix0830,12,4,0,-172,0,12.00
fold2_room1_mix0830,13,4,0,-168,-1,12.76
fold2_room1_mix0830,14,4,0,-164,0,16.61
fold2_room1_mix0830,15,4,0,-167,-1,16.41
fold2_room1_mix0830,16,4,0,-166,-1,18.86
fold2_room1_mix0830,17,4,0,-164,-1,18.99
fold2_room1_mix0830,18,4,0,-164,-1,17.24
fold2_room1_mix0830,19,4,0,-161,-1,16.51
fold2_room1_mix0830,20,4,0,-159,-1,16.22
fold2_room1_mix0830,21,4,0,-160,-1,17.23
fold2_room1_mix0830,22,3,0,-145,-4,5.67
fold2_room1_mix0830,22,4,0,-158,-2,17.43
fold2_room1_mix0830,23,3,0,-148,-3,5.17
fold2_room1_mix0830,23,4,0,-159,-2,17.62
fold2_room1_mix0830,24,3,0,-155,-4,6.22
fold2_room1_mix0830,24,4,0,-156,-2,16.50
fold2_room1_mix0830,25,3,0,-142,-4,15.88
fold2_room1_mix0830,25,4,0,-152,-1,15.26
fold2_room1_mix0830,26,3,0,-151,-3,14.57
fold2_room1_mix0830,26,4,0,-153,-1,14.03
fold2_room1_mix0830,27,3,0,-156,-3,12.32
fold2_room1_mix0830,27,4,0,-149,-1,12.97
fold2_room1_mix0830,28,3,0,-148,-3,10.31
fold2_room1_mix0830,28,4,0,-153,-1,11.21
fold2_room1_mix0830,28,4,0,-129,-1,15.75
fold2_room1_mix0830,29,3,0,-147,-3,10.84
fold2_room1_mix0830,29,4,0,-141,-1,10.54
fold2_room1_mix0830,30,3,0,-157,-3,2.83
fold2_room1_mix0830,30,4,0,-144,-1,10.36
fold2_room1_mix0830,31,4,0,-145,-2,8.91
fold2_room1_mix0830,31,4,0,-28,0,16.85
fold2_room1_mix0830,32,4,0,-145,-3,7.89
fold2_room1_mix0830,32,4,0,-49,-2,13.01
fold2_room1_mix0830,33,4,0,-138,-3,7.63
fold2_room1_mix0830,33,4,0,-29,-2,12.90
fold2_room1_mix0830,34,4,0,-138,-3,6.66
fold2_room1_mix0830,34,4,0,-30,-3,10.48
fold2_room1_mix0830,35,4,0,-133,-3,6.17
fold2_room1_mix0830,35,4,0,-35,-2,11.50
fold2_room1_mix0830,36,4,0,-128,-4,5.98
fold2_room1_mix0830,36,4,0,-14,-1,14.22
fold2_room1_mix0830,37,4,0,-125,-5,5.29
fold2_room1_mix0830,37,4,0,-15,-1,12.81
fold2_room1_mix0830,38,4,0,-118,-5,5.10
fold2_room1_mix0830,38,4,0,-15,0,14.78
fold2_room1_mix0830,39,4,0,-112,-6,5.15
fold2_room1_mix0830,39,4,0,-10,-1,15.48
fold2_room1_mix0830,40,3,0,-106,-6,3.47
fold2_room1_mix0830,40,4,0,-105,-4,6.89
fold2_room1_mix0830,40,4,0,-22,0,16.20
fold2_room1_mix0830,41,3,0,-124,-5,9.44
fold2_room1_mix0830,41,4,0,-110,-4,7.92
fold2_room1_mix0830,41,4,0,-83,-5,6.24
fold2_room1_mix0830,41,4,0,-6,0,18.87
fold2_room1_mix0830,42,3,0,-137,-5,11.25
fold2_room1_mix0830,42,4,0,-125,-4,9.42
fold2_room1_mix0830,42,4,0,-69,-6,5.53
fold2_room1_mix0830,42,4,0,-9,-1,17.28
fold2_room1_mix0830,43,3,0,-137,-5,11.30
fold2_room1_mix0830,43,4,0,-93,-5,8.11
fold2_room1_mix0830,43,4,0,-71,-7,5.80
fold2_room1_mix0830,43,4,0,-12,-2,17.91
fold2_room1_mix0830,44,3,0,-131,-4,10.50
fold2_room1_mix0830,44,4,0,-128,-3,10.43
fold2_room1_mix0830,44,4,0,-57,-5,5.87
fold2_room1_mix0830,44,4,0,-18,-4,10.77
fold2_room1_mix0830,45,3,0,-131,-5,9.62
fold2_room1_mix0830,45,4,0,-115,-2,10.35
fold2_room1_mix0830,45,4,0,-57,-5,5.07
fold2_room1_mix0830,45,4,0,-5,-1,15.62
fold2_room1_mix0830,46,4,0,-134,-1,11.29
fold2_room1_mix0830,46,4,0,-49,-5,5.59
fold2_room1_mix0830,46,4,0,-18,-2,14.22
fold2_room1_mix0830,47,4,0,-129,-1,11.26
fold2_room1_mix0830,47,4,0,-43,-5,5.18
fold2_room1_mix0830,47,4,0,-19,-3,11.10
fold2_room1_mix0830,48,4,0,-144,-1,11.47
fold2_room1_mix0830,48,4,0,-38,-5,5.79
fold2_room1_mix0830,48,4,0,-21,-3,10.27
fold2_room1_mix0830,49,4,0,-149,-1,10.75
fold2_room1_mix0830,49,4,0,-38,-4,5.76
fold2_room1_mix0830,49,4,0,-22,-3,10.05
fold2_room1_mix0830,50,2,0,85,-3,4.97
fold2_room1_mix0830,50,4,0,-139,-2,11.24
fold2_room1_mix0830,50,4,0,-34,-5,5.91
fold2_room1_mix0830,50,4,0,-19,-3,9.45
fold2_room1_mix0830,51,2,0,78,-3,10.47
fold2_room1_mix0830,51,4,0,-150,-1,10.70
fold2_room1_mix0830,51,4,0,-35,-3,5.52
fold2_room1_mix0830,51,4,0,-16,-3,8.96
fold2_room1_mix0830,52,2,0,84,-3,7.90
fold2_room1_mix0830,52,4,0,-151,-2,9.73
fold2_room1_mix0830,52,4,0,-37,-4,5.12
fold2_room1_mix0830,52,4,0,-17,-3,9.15
fold2_room1_mix0830,53,2,0,83,-4,7.39
fold2_room1_mix0830,53,4,0,-153,-3,9.05
fold2_room1_mix0830,53,4,0,-33,-5,5.28
fold2_room1_mix0830,53,4,0,-16,-3,9.38
fold2_room1_mix0830,54,2,0,89,-4,6.35
fold2_room1_mix0830,54,4,0,-140,-3,7.54
fold2_room1_mix0830,54,4,0,-35,-6,4.43
fold2_room1_mix0830,54,4,0,-18,-4,8.18
fold2_room1_mix0830,55,4,0,-141,-4,7.04
fold2_room1_mix0830,55,4,0,-36,-8,3.64
fold2_room1_mix0830,55,4,0,-17,-6,7.12
fold2_room1_mix0830,56,4,0,-133,-5,5.88
fold2_room1_mix0830,56,4,0,-22,-6,6.04
fold2_room1_mix0830,57,4,0,-135,-4,6.97
fold2_room1_mix0830,57,4,0,-32,-8,3.61
fold2_room1_mix0830,57,4,0,-17,-6,6.43
fold2_room1_mix0830,58,4,0,-128,-6,5.88
fold2_room1_mix0830,58,4,0,-39,-10,2.62
fold2_room1_mix0830,58,4,0,-16,-7,6.09
fold2_room1_mix0830,59,4,0,-116,-8,6.29
fold2_room1_mix0830,59,4,0,-52,-15,2.24
fold2_room1_mix0830,59,4,0,-23,-7,7.72
fold2_room1_mix0830,60,2,0,89,-3,7.04
fold2_room1_mix0830,60,4,0,-120,-10,5.37
fold2_room1_mix0830,60,4,0,-82,-23,1.28
fold2_room1_mix0830,60,4,0,-28,-7,8.16
fold2_room1_mix0830,61,2,0,101,-3,10.91
fold2_room1_mix0830,61,4,0,-140,-9,5.88
fold2_room1_mix0830,61,4,0,-109,-19,1.87
fold2_room1_mix0830,61,4,0,-13,-3,11.73
fold2_room1_mix0830,62,2,0,120,-4,9.23
fold2_room1_mix0830,62,4,0,-141,-11,3.27
fold2_room1_mix0830,62,4,0,-73,-8,4.80
fold2_room1_mix0830,62,4,0,-22,-3,8.80
fold2_room1_mix0830,63,2,0,122,-3,7.24
fold2_room1_mix0830,63,4,0,-149,-10,3.44
fold2_room1_mix0830,63,4,0,-44,-3,7.23
fold2_room1_mix0830,63,4,0,-18,-2,10.27
fold2_room1_mix0830,64,2,0,116,-3,8.32
fold2_room1_mix0830,64,4,0,-150,-12,2.82
fold2_room1_mix0830,64,4,0,-45,-4,6.68
fold2_room1_mix0830,64,4,0,-19,-1,11.43
fold2_room1_mix0830,65,4,0,-154,-9,3.31
fold2_room1_mix0830,65,4,0,-39,-4,7.26
fold2_room1_mix0830,65,4,0,-22,-2,10.93
fold2_room1_mix0830,66,4,0,-157,-9,3.91
fold2_room1_mix0830,66,4,0,-29,-3,8.88
fold2_room1_mix0830,67,4,0,-162,-7,3.91
fold2_room1_mix0830,67,4,0,-28,-2,9.96
fold2_room1_mix0830,68,4,0,-161,-7,4.10
fold2_room1_mix0830,68,4,0,-26,-3,10.98
fold2_room1_mix0830,69,4,0,-165,-7,5.08
fold2_room1_mix0830,69,4,0,-25,-3,10.28
fold2_room1_mix0830,70,4,0,-163,-5,5.64
fold2_room1_mix0830,70,4,0,-24,-2,11.38
fold2_room1_mix0830,71,4,0,-166,-4,6.78
fold2_room1_mix0830,71,4,0,-25,-2,11.80
fold2_room1_mix0830,72,4,0,-168,-4,7.39
fold2_room1_mix0830,72,4,0,-24,-2,12.80
fold2_room1_mix0830,73,4,0,-168,-3,8.11
fold2_room1_mix0830,73,4,0,-24,-1,12.92
fold2_room1_mix0830,74,4,0,-168,-3,8.23
fold2_room1_mix0830,74,4,0,-23,-1,13.55
fold2_room1_mix0830,75,4,0,-169,-4,8.34
fold2_room1_mix0830,75,4,0,-23,-2,15.36
fold2_room1_mix0830,76,4,0,-170,-3,10.12
fold2_room1_mix0830,76,4,0,-21,-1,14.73
fold2_room1_mix0830,77,4,0,-170,-3,9.71
fold2_room1_mix0830,77,4,0,-21,-1,15.30
fold2_room1_mix0830,78,4,0,-171,-2,11.10
fold2_room1_mix0830,78,4,0,-20,-1,15.99
fold2_room1_mix0830,79,4,0,-170,-3,10.04
fold2_room1_mix0830,79,4,0,-23,-1,14.60
fold2_room1_mix0830,80,4,0,-171,-2,12.43
fold2_room1_mix0830,80,4,0,-22,-1,16.81
fold2_room1_mix0830,81,4,0,-171,-1,12.94
fold2_room1_mix0830,81,4,0,-22,-1,17.30
fold2_room1_mix0830,82,4,0,-172,0,6.96
fold2_room1_mix0830,83,4,0,-169,-1,9.88
fold2_room1_mix0830,83,4,0,-33,-1,12.21
fold2_room1_mix0830,84,4,0,-172,0,5.38
fold2_room1_mix0831,2,4,0,-1,0,1.69
fold2_room1_mix0831,3,4,0,-3,0,5.82
fold2_room1_mix0831,4,4,0,1,-1,13.08
fold2_room1_mix0831,5,4,0,3,-1,14.48
fold2_room1_mix0831,6,4,0,2,-1,16.88
fold2_room1_mix0831,7,4,0,1,-2,23.34
fold2_room1_mix0831,8,4,0,3,-2,21.09
fold2_room1_mix0831,9,4,0,0,-2,22.15
fold2_room1_mix0831,10,4,0,0,-2,19.08
fold2_room1_mix0831,11,4,0,0,-2,19.99
fold2_room1_mix0831,12,4,0,0,-2,19.29
fold2_room1_mix0831,13,4,0,-3,-2,19.94
fold2_room1_mix0831,14,4,0,-1,-2,19.43
fold2_room1_mix0831,15,4,0,0,-2,19.41
fold2_room1_mix0831,16,4,0,-1,-3,15.48
fold2_room1_mix0831,17,4,0,-5,-3,16.32
fold2_room1_mix0831,18,4,0,-3,-3,15.27
fold2_room1_mix0831,19,4,0,-4,-2,15.52
fold2_room1_mix0831,20,4,0,-3,-3,15.53
fold2_room1_mix0831,21,4,0,-3,-2,15.38
fold2_room1_mix0831,22,4,0,-3,-3,15.26
fold2_room1_mix0831,23,4,0,-2,-2,14.79
fold2_room1_mix0831,24,4,0,-1,-2,14.07
fold2_room1_mix0831,25,4,0,-2,-3,14.30
fold2_room1_mix0831,26,4,0,-4,-3,13.24
fold2_room1_mix0831,27,4,0,-3,-3,12.91
fold2_room1_mix0831,28,4,0,-2,-3,11.66
fold2_room1_mix0831,29,4,0,-3,-3,12.16
fold2_room1_mix0831,30,4,0,-4,-3,12.08
fold2_room1_mix0831,31,4,0,-3,-3,11.96
fold2_room1_mix0831,32,4,0,-3,-4,10.50
fold2_room1_mix0831,33,4,0,-4,-3,11.30
fold2_room1_mix0831,34,4,0,-3,-4,10.31
fold2_room1_mix0831,35,4,0,-3,-4,10.82
fold2_room1_mix0831,36,4,0,-4,-4,10.96
fold2_room1_mix0831,37,4,0,-4,-4,10.99
fold2_room1_mix0831,38,4,0,-4,-5,10.78
fold2_room1_mix0831,39,4,0,-4,-5,10.67
fold2_room1_mix0831,40,4,0,-17,-12,2.63
fold2_room1_mix0831,40,4,0,0,-2,13.46
fold2_room1_mix0831,41,4,0,-22,-15,1.97
fold2_room1_mix0831,41,4,0,-4,-3,11.83
fold2_room1_mix0831,42,4,0,-27,-18,1.61
fold2_room1_mix0831,42,4,0,-1,-2,14.23
fold2_room1_mix0831,43,4,0,-33,-21,1.35
fold2_room1_mix0831,43,4,0,-3,-2,14.92
fold2_room1_mix0831,44,4,0,-42,-27,0.92
fold2_room1_mix0831,44,4,0,-5,-5,13.36
fold2_room1_mix0831,45,4,0,-57,-35,0.78
fold2_room1_mix0831,45,4,0,-2,-7,14.02
fold2_room1_mix0831,46,4,0,-106,-37,0.89
fold2_room1_mix0831,46,4,0,0,-7,14.76
fold2_room1_mix0831,47,4,0,-138,-28,1.06
fold2_room1_mix0831,47,4,0,-1,-7,15.13
fold2_room1_mix0831,48,4,0,-149,-24,1.31
fold2_room1_mix0831,48,4,0,0,-7,13.03
fold2_room1_mix0831,49,4,0,-156,-21,1.56
fold2_room1_mix0831,49,4,0,0,-8,11.41
fold2_room1_mix0831,50,4,0,-160,-17,2.05
fold2_room1_mix0831,50,4,0,-1,-7,11.62
fold2_room1_mix0831,51,4,0,-162,-15,2.39
fold2_room1_mix0831,51,4,0,-1,-5,10.17
fold2_room1_mix0831,52,4,0,-166,-12,2.82
fold2_room1_mix0831,52,4,0,-1,-5,8.79
fold2_room1_mix0831,53,4,0,-168,-10,3.37
fold2_room1_mix0831,53,4,0,1,-5,7.58
fold2_room1_mix0831,54,4,0,-170,-9,3.76
fold2_room1_mix0831,54,4,0,1,-6,7.36
fold2_room1_mix0831,55,4,0,-171,-7,4.46
fold2_room1_mix0831,55,4,0,2,-7,6.66
fold2_room1_mix0831,56,4,0,-172,-7,4.92
fold2_room1_mix0831,56,4,0,2,-8,5.67
fold2_room1_mix0831,57,4,0,-172,-6,5.38
fold2_room1_mix0831,57,4,0,1,-8,5.36
fold2_room1_mix0831,58,4,0,-174,-6,5.65
fold2_room1_mix0831,58,4,0,2,-9,5.00
fold2_room1_mix0831,59,4,0,-173,-6,5.79
fold2_room1_mix0831,59,4,0,6,-9,4.48
fold2_room1_mix0831,60,4,0,-175,-6,6.47
fold2_room1_mix0831,60,4,0,4,-10,3.97
fold2_room1_mix0831,61,4,0,-173,-7,6.25
fold2_room1_mix0831,61,4,0,6,-12,3.40
fold2_room1_mix0831,62,4,0,-176,-9,5.86
fold2_room1_mix0831,62,4,0,12,-17,2.66
fold2_room1_mix0831,63,4,0,-176,-14,7.00
fold2_room1_mix0831,63,4,0,17,-24,2.15
fold2_room1_mix0831,64,4,0,-177,-24,6.18
fold2_room1_mix0831,64,4,0,33,-42,1.51
fold2_room1_mix0831,65,4,0,-174,-21,6.88
fold2_room1_mix0831,65,4,0,105,-58,1.37
fold2_room1_mix0831,66,4,0,-175,-16,7.65
fold2_room1_mix0831,66,4,0,149,-45,1.80
fold2_room1_mix0831,67,4,0,-173,-12,6.46
fold2_room1_mix0831,67,4,0,168,-34,2.38
fold2_room1_mix0831,68,4,0,-175,-11,6.74
fold2_room1_mix0831,68,4,0,169,-19,2.64
fold2_room1_mix0831,68,4,0,-1,-11,7.74
fold2_room1_mix0831,69,4,0,-175,-11,6.90
fold2_room1_mix0831,69,4,0,170,-18,2.80
fold2_room1_mix0831,69,4,0,-6,-11,7.75
fold2_room1_mix0831,70,4,0,178,-12,5.20
fold2_room1_mix0831,70,4,0,0,-8,8.13
fold2_room1_mix0831,71,4,0,178,-9,5.68
fold2_room1_mix0831,71,4,0,-1,-7,8.10
fold2_room1_mix0831,72,4,0,178,-8,5.75
fold2_room1_mix0831,72,4,0,-1,-8,7.71
fold2_room1_mix0831,73,4,0,178,-7,6.76
fold2_room1_mix0831,73,4,0,-7,-7,7.59
fold2_room1_mix0831,74,4,0,178,-7,6.78
fold2_room1_mix0831,74,4,0,-4,-8,6.49
fold2_room1_mix0831,75,4,0,-176,-5,6.77
fold2_room1_mix0831,75,4,0,-7,-7,5.72
fold2_room1_mix0831,76,4,0,-175,-4,8.07
fold2_room1_mix0831,76,4,0,-6,-6,5.86
fold2_room1_mix0831,77,4,0,-176,-4,8.41
fold2_room1_mix0831,77,4,0,-7,-7,5.23
fold2_room1_mix0831,78,4,0,-177,-4,8.51
fold2_room1_mix0831,78,4,0,-7,-7,5.35
fold2_room1_mix0831,79,4,0,-178,-4,9.50
fold2_room1_mix0831,79,4,0,-9,-8,4.80
fold2_room1_mix0831,80,4,0,-178,-3,9.55
fold2_room1_mix0831,80,4,0,-9,-8,4.56
fold2_room1_mix0831,81,4,0,-179,-3,11.24
fold2_room1_mix0831,81,4,0,-10,-8,4.42
fold2_room1_mix0831,82,4,0,179,-3,11.29
fold2_room1_mix0831,82,4,0,-12,-9,3.85
fold2_room1_mix0831,83,4,0,-179,-2,12.02
fold2_room1_mix0831,83,4,0,-15,-9,3.56
fold2_room1_mix0831,84,4,0,178,-2,13.63
fold2_room1_mix0831,84,4,0,-18,-10,3.15
fold2_room1_mix0831,85,4,0,179,-1,15.23
fold2_room1_mix0831,85,4,0,-23,-12,2.55
fold2_room1_mix0831,86,4,0,179,-2,13.75
fold2_room1_mix0831,86,4,0,-28,-13,2.06
fold2_room1_mix0831,87,4,0,179,-2,13.51
fold2_room1_mix0831,87,4,0,-39,-15,1.60
fold2_room1_mix0831,88,4,0,-177,-3,13.15
fold2_room1_mix0831,88,4,0,-52,-20,1.18
fold2_room1_mix0831,89,4,0,-174,-2,13.47
fold2_room1_mix0831,89,4,0,-89,-24,1.04
fold2_room1_mix0831,90,4,0,-179,-3,10.71
fold2_room1_mix0831,90,4,0,-127,-17,1.41
fold2_room1_mix0831,91,4,0,-179,-4,11.76
fold2_room1_mix0831,91,4,0,-150,-13,2.58
fold2_room1_mix0831,92,4,0,-178,-3,11.22
fold2_room1_mix0831,92,4,0,-158,-10,3.02
fold2_room1_mix0831,93,4,0,-177,-2,11.77
fold2_room1_mix0831,93,4,0,-160,-8,3.14
fold2_room1_mix0831,94,4,0,-170,-6,6.68
fold2_room1_mix0831,95,4,0,-171,-4,7.99
fold2_room1_mix0831,96,4,0,-173,-4,7.93
fold2_room1_mix0831,97,4,0,-175,-3,10.27
fold2_room1_mix0831,98,4,0,-174,-3,9.86
fold2_room1_mix0831,99,4,0,-174,-3,10.63
fold2_room1_mix0832,2,4,0,2,1,4.10
fold2_room1_mix0832,3,4,0,2,0,7.71
fold2_room1_mix0832,4,4,0,6,-1,13.82
fold2_room1_mix0832,5,4,0,5,-1,14.97
fold2_room1_mix0832,6,4,0,6,-1,17.03
fold2_room1_mix0832,7,4,0,6,-2,23.16
fold2_room1_mix0832,8,4,0,7,-2,23.30
fold2_room1_mix0832,9,4,0,6,-2,23.34
fold2_room1_mix0832,10,4,0,6,-1,22.94
fold2_room1_mix0832,11,4,0,6,-2,22.02
fold2_room1_mix0832,12,4,0,7,-1,22.04
fold2_room1_mix0832,13,4,0,6,-1,21.42
fold2_room1_mix0832,14,4,0,7,-1,21.21
fold2_room1_mix0832,15,4,0,5,-2,20.23
fold2_room1_mix0832,16,4,0,7,-2,19.34
fold2_room1_mix0832,17,4,0,8,-2,18.96
fold2_room1_mix0832,18,4,0,6,-2,18.14
fold2_room1_mix0832,19,4,0,7,-2,18.30
fold2_room1_mix0832,20,4,0,6,-2,17.78
fold2_room1_mix0832,21,4,0,8,-2,15.86
fold2_room1_mix0832,22,4,0,6,-2,16.36
fold2_room1_mix0832,23,4,0,8,-2,16.44
fold2_room1_mix0832,24,4,0,7,-2,15.71
fold2_room1_mix0832,25,4,0,7,-2,15.05
fold2_room1_mix0832,26,4,0,7,-2,15.36
fold2_room1_mix0832,27,4,0,8,-2,15.04
fold2_room1_mix0832,28,4,0,10,-2,14.62
fold2_room1_mix0832,29,4,0,9,-2,14.04
fold2_room1_mix0832,30,4,0,8,-3,13.97
fold2_room1_mix0832,31,4,0,8,-2,13.87
fold2_room1_mix0832,32,4,0,9,-2,13.36
fold2_room1_mix0832,33,4,0,9,-3,13.39
fold2_room1_mix0832,34,4,0,9,-3,12.86
fold2_room1_mix0832,35,4,0,10,-3,12.30
fold2_room1_mix0832,36,4,0,10,-3,12.41
fold2_room1_mix0832,37,4,0,13,-3,11.66
fold2_room1_mix0832,38,0,0,172,-1,2.26
fold2_room1_mix0832,38,4,0,12,-3,11.86
fold2_room1_mix0832,39,0,0,168,-1,4.64
fold2_room1_mix0832,39,4,0,13,-3,11.42
fold2_room1_mix0832,40,0,0,162,-1,10.17
fold2_room1_mix0832,40,4,0,9,-3,10.55
fold2_room1_mix0832,41,0,0,168,-1,14.72
fold2_room1_mix0832,41,4,0,7,-3,10.15
fold2_room1_mix0832,42,0,0,166,-1,15.30
fold2_room1_mix0832,42,4,0,9,-3,10.37
fold2_room1_mix0832,43,0,0,169,-1,22.78
fold2_room1_mix0832,43,4,0,8,-3,10.59
fold2_room1_mix0832,44,0,0,166,-1,24.67
fold2_room1_mix0832,44,4,0,8,-3,10.57
fold2_room1_mix0832,45,0,0,168,-1,24.67
fold2_room1_mix0832,45,4,0,9,-3,10.11
fold2_room1_mix0832,46,0,0,171,-1,22.84
fold2_room1_mix0832,46,4,0,10,-3,10.12
fold2_room1_mix0832,47,0,0,172,-1,23.55
fold2_room1_mix0832,47,4,0,9,-3,10.64
fold2_room1_mix0832,48,0,0,-178,-1,21.22
fold2_room1_mix0832,48,4,0,6,-4,8.85
fold2_room1_mix0832,49,0,0,-177,-2,22.86
fold2_room1_mix0832,49,4,0,10,-4,9.23
fold2_room1_mix0832,50,0,0,-164,-2,19.41
fold2_room1_mix0832,50,4,0,12,-4,8.83
fold2_room1_mix0832,51,0,0,-151,-2,16.97
fold2_room1_mix0832,51,4,0,14,-4,8.93
fold2_room1_mix0832,52,0,0,-158,-2,18.05
fold2_room1_mix0832,52,4,0,14,-4,9.00
fold2_room1_mix0832,53,0,0,168,-2,18.16
fold2_room1_mix0832,53,4,0,17,-4,7.26
fold2_room1_mix0832,54,0,0,-175,-2,22.30
fold2_room1_mix0832,54,0,0,168,-2,17.26
fold2_room1_mix0832,54,4,0,15,-4,7.47
fold2_room1_mix0832,55,0,0,-175,-2,17.28
fold2_room1_mix0832,55,4,0,11,-5,6.61
fold2_room1_mix0832,56,0,0,-164,-2,23.24
fold2_room1_mix0832,56,0,0,174,-2,13.27
fold2_room1_mix0832,56,4,0,14,-5,6.85
fold2_room1_mix0832,57,0,0,-169,-2,20.85
fold2_room1_mix0832,57,0,0,170,-2,13.32
fold2_room1_mix0832,57,4,0,10,-6,6.33
fold2_room1_mix0832,58,0,0,-155,-3,10.05
fold2_room1_mix0832,58,4,0,15,-6,6.03
fold2_room1_mix0832,59,0,0,-145,-5,8.72
fold2_room1_mix0832,59,3,0,99,-5,3.04
fold2_room1_mix0832,59,4,0,10,-5,7.09
fold2_room1_mix0832,60,0,0,-154,-5,8.06
fold2_room1_mix0832,60,4,0,16,-7,4.88
fold2_room1_mix0832,61,0,0,-134,-5,7.61
fold2_room1_mix0832,61,4,0,17,-6,4.95
fold2_room1_mix0832,62,0,0,-103,-6,7.41
fold2_room1_mix0832,62,4,0,15,-11,4.21
fold2_room1_mix0832,63,0,0,-98,-6,7.70
fold2_room1_mix0832,63,4,0,16,-9,4.39
fold2_room1_mix0832,64,0,0,-88,-6,7.59
fold2_room1_mix0832,64,4,0,25,-8,3.77
fold2_room1_mix0832,65,0,0,-77,-6,8.71
fold2_room1_mix0832,65,4,0,28,-10,3.74
fold2_room1_mix0832,66,0,0,-66,-5,8.40
fold2_room1_mix0832,66,4,0,31,-9,3.54
fold2_room1_mix0832,67,0,0,-61,-5,8.17
fold2_room1_mix0832,67,4,0,32,-9,3.62
fold2_room1_mix0832,68,0,0,-59,-5,8.49
fold2_room1_mix0832,68,4,0,34,-10,3.62
fold2_room1_mix0832,69,0,0,-57,-5,8.04
fold2_room1_mix0832,69,4,0,38,-9,3.56
fold2_room1_mix0832,70,0,0,-51,-4,8.96
fold2_room1_mix0832,70,4,0,40,-12,3.50
fold2_room1_mix0832,71,0,0,-42,-3,9.56
fold2_room1_mix0832,71,4,0,46,-12,3.13
fold2_room1_mix0832,72,0,0,-37,-3,9.82
fold2_room1_mix0832,72,4,0,56,-13,3.02
fold2_room1_mix0832,73,0,0,-38,-3,9.72
fold2_room1_mix0832,73,4,0,67,-12,2.87
fold2_room1_mix0832,74,0,0,-32,-2,10.88
fold2_room1_mix0832,74,4,0,78,-12,2.72
fold2_room1_mix0832,75,0,0,-28,-2,11.07
fold2_room1_mix0832,75,4,0,85,-11,3.15
fold2_room1_mix0832,76,0,0,-25,-2,11.97
fold2_room1_mix0832,76,4,0,93,-10,3.46
fold2_room1_mix0832,77,0,0,-22,-2,13.29
fold2_room1_mix0832,77,4,0,103,-10,3.40
fold2_room1_mix0832,78,0,0,-20,-2,14.33
fold2_room1_mix0832,78,4,0,113,-9,3.31
fold2_room1_mix0832,79,0,0,-21,-2,14.38
fold2_room1_mix0832,79,4,0,120,-9,3.32
fold2_room1_mix0832,80,0,0,-20,-2,14.66
fold2_room1_mix0832,80,4,0,125,-8,3.22
fold2_room1_mix0832,81,0,0,-20,-1,16.13
fold2_room1_mix0832,81,4,0,129,-8,3.55
fold2_room1_mix0832,82,0,0,-21,-2,16.22
fold2_room1_mix0832,82,4,0,134,-7,3.49
fold2_room1_mix0832,83,0,0,-20,-2,17.77
fold2_room1_mix0832,83,4,0,137,-7,3.74
fold2_room1_mix0832,84,0,0,-19,-1,18.92
fold2_room1_mix0832,84,4,0,139,-7,4.02
fold2_room1_mix0832,85,0,0,-19,-1,18.43
fold2_room1_mix0832,85,4,0,142,-7,3.93
fold2_room1_mix0832,86,0,0,-20,-1,19.96
fold2_room1_mix0832,86,4,0,145,-7,3.98
fold2_room1_mix0832,87,0,0,-24,-2,18.98
fold2_room1_mix0832,87,4,0,146,-6,4.37
fold2_room1_mix0832,88,0,0,-24,-2,18.78
fold2_room1_mix0832,88,4,0,149,-6,4.36
fold2_room1_mix0832,89,0,0,-24,-2,18.95
fold2_room1_mix0832,89,4,0,150,-5,4.69
fold2_room1_mix0832,90,0,0,-22,-2,18.89
fold2_room1_mix0832,90,4,0,151,-5,5.13
fold2_room1_mix0832,91,0,0,-26,-2,15.78
fold2_room1_mix0832,91,4,0,150,-6,5.26
fold2_room1_mix0832,92,0,0,-23,-2,16.86
fold2_room1_mix0832,92,4,0,153,-5,5.36
fold2_room1_mix0832,93,0,0,-22,-2,17.50
fold2_room1_mix0832,93,4,0,154,-5,5.52
fold2_room1_mix0832,94,0,0,-37,-3,11.65
fold2_room1_mix0832,94,4,0,155,-4,6.05
fold2_room1_mix0832,95,4,0,157,-5,6.22
fold2_room1_mix0832,96,4,0,158,-4,6.60
fold2_room1_mix0832,97,4,0,159,-4,6.96
fold2_room1_mix0832,98,4,0,162,-4,6.92
fold2_room1_mix0832,99,4,0,162,-4,6.81
fold2_room1_mix0832,1,4,0,-3,1,1.53
fold2_room1_mix0833,6,4,0,8,0,17.04
fold2_room1_mix0833,7,4,0,11,0,18.39
fold2_room1_mix0833,8,4,0,11,0,23.41
fold2_room1_mix0833,9,4,0,10,0,27.82
fold2_room1_mix0833,10,4,0,11,0,30.98
fold2_room1_mix0833,11,4,0,12,0,38.81
fold2_room1_mix0833,12,4,0,14,0,34.95
fold2_room1_mix0833,13,4,0,15,0,39.35
fold2_room1_mix0833,14,4,0,13,0,38.27
fold2_room1_mix0833,15,4,0,16,0,42.67
fold2_room1_mix0833,16,4,0,14,0,43.67
fold2_room1_mix0833,17,4,0,14,0,42.78
fold2_room1_mix0833,18,4,0,15,0,45.02
fold2_room1_mix0833,19,4,0,16,0,45.33
fold2_room1_mix0833,20,4,0,18,0,46.59
fold2_room1_mix0833,21,4,0,17,0,49.79
fold2_room1_mix0833,22,4,0,15,0,49.53
fold2_room1_mix0833,23,4,0,16,0,47.37
fold2_room1_mix0833,24,4,0,16,0,47.59
fold2_room1_mix0833,25,4,0,14,0,46.62
fold2_room1_mix0833,26,4,0,16,0,47.35
fold2_room1_mix0833,27,4,0,15,0,46.83
fold2_room1_mix0833,28,4,0,18,0,46.38
fold2_room1_mix0833,29,4,0,15,0,46.24
fold2_room1_mix0833,30,4,0,16,0,45.22
fold2_room1_mix0833,31,4,0,20,0,46.09
fold2_room1_mix0833,32,4,0,18,0,44.23
fold2_room1_mix0833,33,4,0,19,0,43.15
fold2_room1_mix0833,34,4,0,19,0,45.61
fold2_room1_mix0833,35,4,0,19,0,43.64
fold2_room1_mix0833,36,4,0,22,0,41.58
fold2_room1_mix0833,37,4,0,21,0,40.42
fold2_room1_mix0833,38,4,0,21,0,38.72
fold2_room1_mix0833,39,4,0,22,0,36.74
fold2_room1_mix0833,40,4,0,22,0,36.28
fold2_room1_mix0833,41,4,0,22,0,35.33
fold2_room1_mix0833,42,4,0,23,0,33.05
fold2_room1_mix0833,43,4,0,24,0,31.90
fold2_room1_mix0833,44,4,0,24,0,32.26
fold2_room1_mix0833,45,4,0,23,0,30.71
fold2_room1_mix0833,46,4,0,24,0,30.78
fold2_room1_mix0833,47,4,0,26,0,30.04
fold2_room1_mix0833,48,4,0,26,0,28.68
fold2_room1_mix0833,49,4,0,28,0,27.29
fold2_room1_mix0833,50,4,0,28,0,26.05
fold2_room1_mix0833,51,4,0,29,-1,24.75
fold2_room1_mix0833,52,4,0,31,-1,24.37
fold2_room1_mix0833,53,4,0,32,-1,22.88
fold2_room1_mix0833,54,4,0,35,-1,22.26
fold2_room1_mix0833,55,4,0,35,-1,21.21
fold2_room1_mix0833,56,4,0,37,-1,19.81
fold2_room1_mix0833,57,4,0,40,-1,19.57
fold2_room1_mix0833,58,4,0,40,-1,18.47
fold2_room1_mix0833,59,4,0,43,-1,17.87
fold2_room1_mix0833,60,4,0,45,-1,17.56
fold2_room1_mix0833,61,4,0,46,-1,17.15
fold2_room1_mix0833,62,4,0,49,-1,16.45
fold2_room1_mix0833,63,4,0,51,-1,16.57
fold2_room1_mix0833,64,4,0,54,-1,15.77
fold2_room1_mix0833,65,4,0,58,-2,14.55
fold2_room1_mix0833,66,4,0,59,-2,14.55
fold2_room1_mix0833,67,4,0,64,-2,13.94
fold2_room1_mix0833,68,4,0,67,-2,13.75
fold2_room1_mix0833,69,4,0,70,-2,13.69
fold2_room1_mix0833,70,4,0,73,-2,13.46
fold2_room1_mix0833,71,4,0,78,-3,13.31
fold2_room1_mix0833,72,4,0,81,-3,13.30
fold2_room1_mix0833,73,4,0,83,-3,13.26
fold2_room1_mix0833,74,4,0,88,-3,12.97
fold2_room1_mix0833,75,4,0,93,-3,12.74
fold2_room1_mix0833,76,4,0,98,-3,13.39
fold2_room1_mix0833,77,4,0,103,-3,13.61
fold2_room1_mix0833,78,4,0,108,-2,14.16
fold2_room1_mix0833,79,4,0,112,-2,14.23
fold2_room1_mix0833,80,4,0,115,-2,14.03
fold2_room1_mix0833,81,4,0,117,-2,14.40
fold2_room1_mix0833,82,4,0,120,-2,15.04
fold2_room1_mix0833,83,4,0,123,-2,15.14
fold2_room1_mix0833,84,4,0,125,-2,15.85
fold2_room1_mix0833,85,4,0,129,-2,16.65
fold2_room1_mix0833,86,4,0,130,-2,16.81
fold2_room1_mix0833,87,4,0,133,-2,17.69
fold2_room1_mix0833,88,4,0,134,-1,18.10
fold2_room1_mix0833,89,4,0,137,-1,18.63
fold2_room1_mix0833,90,4,0,136,-1,18.47
fold2_room1_mix0833,91,4,0,138,-1,19.09
fold2_room1_mix0833,92,4,0,140,-1,20.01
fold2_room1_mix0833,93,4,0,141,-1,20.89
fold2_room1_mix0833,94,4,0,142,-1,21.10
fold2_room1_mix0833,95,4,0,144,-1,22.72
fold2_room1_mix0833,96,4,0,146,-1,22.33
fold2_room1_mix0833,97,4,0,148,-1,24.08
fold2_room1_mix0833,98,4,0,150,0,24.70
fold2_room1_mix0833,99,4,0,150,-1,24.44
fold2_room1_mix0833,5,4,0,6,1,2.11
fold2_room1_mix0834,0,5,0,-46,3,9.27
fold2_room1_mix0834,1,5,0,-37,2,22.77
fold2_room1_mix0834,2,4,0,-178,2,0.79
fold2_room1_mix0834,2,5,0,-57,3,17.34
fold2_room1_mix0834,3,4,0,-178,1,3.65
fold2_room1_mix0834,3,5,0,-40,3,16.05
fold2_room1_mix0834,4,4,0,-177,0,11.11
fold2_room1_mix0834,4,5,0,-54,2,29.75
fold2_room1_mix0834,5,4,0,-179,0,12.25
fold2_room1_mix0834,5,5,0,-52,3,20.27
fold2_room1_mix0834,6,4,0,-176,0,12.47
fold2_room1_mix0834,6,5,0,-47,3,20.03
fold2_room1_mix0834,7,4,0,-177,0,20.39
fold2_room1_mix0834,7,5,0,-45,4,17.33
fold2_room1_mix0834,8,4,0,-179,-1,20.35
fold2_room1_mix0834,8,5,0,-52,3,17.98
fold2_room1_mix0834,9,4,0,-174,-1,22.13
fold2_room1_mix0834,9,5,0,-44,3,19.79
fold2_room1_mix0834,10,4,0,-177,-1,20.40
fold2_room1_mix0834,10,5,0,-52,4,14.45
fold2_room1_mix0834,11,4,0,-177,0,19.83
fold2_room1_mix0834,11,5,0,-46,3,18.43
fold2_room1_mix0834,12,4,0,-178,-1,20.47
fold2_room1_mix0834,12,5,0,-49,4,16.20
fold2_room1_mix0834,13,4,0,-175,-1,19.79
fold2_room1_mix0834,13,5,0,-50,4,14.84
fold2_room1_mix0834,14,4,0,-178,-1,19.56
fold2_room1_mix0834,14,5,0,-56,3,18.10
fold2_room1_mix0834,15,4,0,-176,-1,18.38
fold2_room1_mix0834,15,5,0,-46,4,15.40
fold2_room1_mix0834,16,4,0,-176,-1,17.79
fold2_room1_mix0834,16,5,0,-53,3,16.55
fold2_room1_mix0834,17,4,0,-175,-1,18.53
fold2_room1_mix0834,17,5,0,-56,3,16.19
fold2_room1_mix0834,18,4,0,-176,-1,17.91
fold2_room1_mix0834,18,5,0,-51,3,16.47
fold2_room1_mix0834,19,4,0,-174,-1,17.08
fold2_room1_mix0834,19,5,0,-54,4,15.63
fold2_room1_mix0834,20,4,0,-175,-1,17.42
fold2_room1_mix0834,20,5,0,-52,4,15.75
fold2_room1_mix0834,21,4,0,-174,-1,16.54
fold2_room1_mix0834,21,5,0,-53,3,15.38
fold2_room1_mix0834,22,4,0,-173,-1,16.34
fold2_room1_mix0834,22,5,0,-53,3,18.12
fold2_room1_mix0834,23,4,0,-172,-1,15.73
fold2_room1_mix0834,23,5,0,-52,4,15.56
fold2_room1_mix0834,24,4,0,-171,-1,15.39
fold2_room1_mix0834,24,5,0,-50,3,16.15
fold2_room1_mix0834,25,4,0,-169,-2,14.20
fold2_room1_mix0834,25,5,0,-52,3,16.41
fold2_room1_mix0834,26,4,0,-171,-1,14.67
fold2_room1_mix0834,26,5,0,-52,3,16.20
fold2_room1_mix0834,27,4,0,-169,-2,14.13
fold2_room1_mix0834,27,5,0,-52,3,17.01
fold2_room1_mix0834,28,4,0,-167,-2,13.20
fold2_room1_mix0834,28,5,0,-48,3,16.26
fold2_room1_mix0834,29,4,0,-166,-2,12.42
fold2_room1_mix0834,29,5,0,-47,3,16.82
fold2_room1_mix0834,30,4,0,-169,-2,12.63
fold2_room1_mix0834,30,5,0,-50,3,17.66
fold2_room1_mix0834,31,4,0,-167,-2,12.55
fold2_room1_mix0834,31,5,0,-45,3,15.92
fold2_room1_mix0834,32,4,0,-166,-2,11.87
fold2_room1_mix0834,32,5,0,-48,3,17.77
fold2_room1_mix0834,33,4,0,-163,-3,10.83
fold2_room1_mix0834,33,5,0,-47,3,17.28
fold2_room1_mix0834,34,4,0,-164,-3,10.50
fold2_room1_mix0834,34,5,0,-49,3,17.22
fold2_room1_mix0834,35,4,0,-162,-3,10.04
fold2_room1_mix0834,35,5,0,-50,3,16.95
fold2_room1_mix0834,36,4,0,-161,-3,9.91
fold2_room1_mix0834,36,5,0,-51,3,17.47
fold2_room1_mix0834,37,4,0,-161,-4,9.11
fold2_room1_mix0834,37,5,0,-52,3,17.33
fold2_room1_mix0834,38,4,0,-158,-3,8.34
fold2_room1_mix0834,38,5,0,-50,3,17.70
fold2_room1_mix0834,39,4,0,-157,-3,8.31
fold2_room1_mix0834,39,5,0,-52,3,16.62
fold2_room1_mix0834,40,4,0,-156,-4,7.41
fold2_room1_mix0834,40,5,0,-46,3,16.93
fold2_room1_mix0834,41,4,0,-153,-4,7.06
fold2_room1_mix0834,41,5,0,-51,3,17.26
fold2_room1_mix0834,42,4,0,-152,-5,6.97
fold2_room1_mix0834,42,5,0,-54,3,16.05
fold2_room1_mix0834,43,4,0,-151,-5,6.31
fold2_room1_mix0834,43,5,0,-52,3,17.06
fold2_room1_mix0834,44,4,0,-149,-6,5.76
fold2_room1_mix0834,44,5,0,-50,3,17.81
fold2_room1_mix0834,45,4,0,-143,-7,5.19
fold2_room1_mix0834,45,5,0,-52,3,16.72
fold2_room1_mix0834,46,4,0,-145,-7,5.16
fold2_room1_mix0834,46,5,0,-53,3,18.48
fold2_room1_mix0834,47,4,0,-139,-8,4.60
fold2_room1_mix0834,47,5,0,-50,3,17.04
fold2_room1_mix0834,48,4,0,-132,-9,4.34
fold2_room1_mix0834,48,5,0,-54,2,19.06
fold2_room1_mix0834,49,4,0,-121,-9,4.61
fold2_room1_mix0834,49,5,0,-53,3,18.55
fold2_room1_mix0834,50,4,0,-120,-6,6.37
fold2_room1_mix0834,50,4,0,-100,-10,3.56
fold2_room1_mix0834,50,5,0,-55,3,17.90
fold2_room1_mix0834,51,4,0,-123,-4,9.08
fold2_room1_mix0834,51,4,0,-90,-10,3.71
fold2_room1_mix0834,51,5,0,-59,3,17.40
fold2_room1_mix0834,52,4,0,-81,-9,4.01
fold2_room1_mix0834,52,5,0,-58,3,17.71
fold2_room1_mix0834,53,4,0,-68,-9,4.17
fold2_room1_mix0834,53,5,0,-55,3,16.40
fold2_room1_mix0834,54,4,0,-59,-8,4.39
fold2_room1_mix0834,54,5,0,-57,3,16.91
fold2_room1_mix0834,55,4,0,-81,-7,6.89
fold2_room1_mix0834,55,4,0,-50,-8,3.93
fold2_room1_mix0834,55,5,0,-57,3,17.50
fold2_room1_mix0834,56,4,0,-94,-9,6.99
fold2_room1_mix0834,56,4,0,-42,-8,4.48
fold2_room1_mix0834,56,5,0,-54,3,16.19
fold2_room1_mix0834,57,4,0,-149,-3,11.10
fold2_room1_mix0834,57,4,0,-38,-7,4.74
fold2_room1_mix0834,57,5,0,-56,3,15.21
fold2_room1_mix0834,58,4,0,-163,-2,13.11
fold2_room1_mix0834,58,4,0,-32,-6,5.31
fold2_room1_mix0834,58,5,0,-56,3,14.71
fold2_room1_mix0834,59,4,0,-161,-2,13.17
fold2_room1_mix0834,59,4,0,-28,-5,6.61
fold2_room1_mix0834,59,5,0,-57,3,15.58
fold2_room1_mix0834,60,4,0,-168,-2,14.67
fold2_room1_mix0834,60,4,0,-28,-6,6.28
fold2_room1_mix0834,60,5,0,-55,3,13.80
fold2_room1_mix0834,61,4,0,-159,-1,12.29
fold2_room1_mix0834,61,4,0,-25,-4,6.66
fold2_room1_mix0834,61,5,0,-52,3,14.27
fold2_room1_mix0834,62,4,0,-161,-1,13.13
fold2_room1_mix0834,62,4,0,-25,-4,7.43
fold2_room1_mix0834,62,5,0,-53,3,16.25
fold2_room1_mix0834,63,4,0,-160,-1,12.42
fold2_room1_mix0834,63,4,0,-22,-4,7.73
fold2_room1_mix0834,63,5,0,-53,3,14.81
fold2_room1_mix0834,64,4,0,-162,-1,11.83
fold2_room1_mix0834,64,4,0,-22,-3,7.89
fold2_room1_mix0834,64,5,0,-49,3,14.96
fold2_room1_mix0834,65,4,0,-156,-2,11.05
fold2_room1_mix0834,65,4,0,-21,-3,8.52
fold2_room1_mix0834,65,5,0,-48,3,16.04
fold2_room1_mix0834,66,4,0,-152,-2,11.18
fold2_room1_mix0834,66,4,0,-22,-3,8.68
fold2_room1_mix0834,66,5,0,-58,3,15.66
fold2_room1_mix0834,67,4,0,-144,-2,10.43
fold2_room1_mix0834,67,4,0,-20,-3,8.96
fold2_room1_mix0834,67,5,0,-56,3,15.32
fold2_room1_mix0834,68,4,0,-141,-2,10.52
fold2_room1_mix0834,68,4,0,-20,-3,9.44
fold2_room1_mix0834,68,5,0,-58,3,14.77
fold2_room1_mix0834,69,4,0,-136,-2,10.44
fold2_room1_mix0834,69,4,0,-21,-3,10.05
fold2_room1_mix0834,69,5,0,-58,3,14.95
fold2_room1_mix0834,70,4,0,-135,-3,9.88
fold2_room1_mix0834,70,4,0,-21,-3,9.96
fold2_room1_mix0834,70,5,0,-59,3,15.32
fold2_room1_mix0834,71,4,0,-130,-2,11.28
fold2_room1_mix0834,71,4,0,-19,-3,11.04
fold2_room1_mix0834,71,5,0,-60,4,14.54
fold2_room1_mix0834,72,4,0,-115,-2,11.38
fold2_room1_mix0834,72,4,0,-17,-3,11.43
fold2_room1_mix0834,72,5,0,-58,4,13.56
fold2_room1_mix0834,73,4,0,-109,-2,10.45
fold2_room1_mix0834,73,4,0,-18,-2,10.77
fold2_room1_mix0834,73,5,0,-56,3,15.27
fold2_room1_mix0834,74,4,0,-106,-2,9.34
fold2_room1_mix0834,74,4,0,-16,-2,12.03
fold2_room1_mix0834,74,5,0,-53,3,14.51
fold2_room1_mix0834,75,4,0,-100,-3,9.18
fold2_room1_mix0834,75,4,0,-14,-2,12.46
fold2_room1_mix0834,75,5,0,-58,3,13.88
fold2_room1_mix0834,76,4,0,-99,-3,9.66
fold2_room1_mix0834,76,4,0,-12,-2,13.08
fold2_room1_mix0834,76,5,0,-52,3,14.13
fold2_room1_mix0834,77,4,0,-90,-3,9.19
fold2_room1_mix0834,77,4,0,-12,-2,13.74
fold2_room1_mix0834,77,5,0,-53,3,13.91
fold2_room1_mix0834,78,4,0,-88,-3,8.71
fold2_room1_mix0834,78,4,0,-11,-2,14.44
fold2_room1_mix0834,78,5,0,-54,3,15.28
fold2_room1_mix0834,79,4,0,-85,-2,10.32
fold2_room1_mix0834,79,4,0,-12,-1,14.73
fold2_room1_mix0834,79,5,0,-51,3,14.60
fold2_room1_mix0834,80,4,0,-67,-3,9.81
fold2_room1_mix0834,80,4,0,-8,-1,17.01
fold2_room1_mix0834,80,5,0,-53,3,14.88
fold2_room1_mix0834,81,4,0,-57,-2,11.86
fold2_room1_mix0834,81,4,0,-10,-1,16.69
fold2_room1_mix0834,81,5,0,-55,4,13.92
fold2_room1_mix0834,82,4,0,-55,-3,10.83
fold2_room1_mix0834,82,4,0,-8,-1,18.48
fold2_room1_mix0834,82,5,0,-55,3,14.79
fold2_room1_mix0834,83,4,0,-47,-2,11.33
fold2_room1_mix0834,83,4,0,-10,-1,17.36
fold2_room1_mix0834,83,5,0,-51,3,14.67
fold2_room1_mix0834,84,4,0,-45,-2,12.27
fold2_room1_mix0834,84,4,0,-7,-1,19.14
fold2_room1_mix0834,84,5,0,-48,3,15.91
fold2_room1_mix0834,85,4,0,-42,-3,13.14
fold2_room1_mix0834,85,4,0,-7,-1,19.94
fold2_room1_mix0834,85,5,0,-58,3,14.56
fold2_room1_mix0834,86,4,0,-38,-3,13.30
fold2_room1_mix0834,86,4,0,-8,-1,20.35
fold2_room1_mix0834,86,5,0,-56,3,16.52
fold2_room1_mix0834,87,4,0,-36,-2,14.98
fold2_room1_mix0834,87,4,0,-5,-1,20.02
fold2_room1_mix0834,87,5,0,-49,3,17.05
fold2_room1_mix0834,88,4,0,-35,-2,15.60
fold2_room1_mix0834,88,4,0,-6,0,22.10
fold2_room1_mix0834,88,5,0,-53,3,17.13
fold2_room1_mix0834,89,4,0,-27,-2,17.09
fold2_room1_mix0834,89,4,0,-7,-1,21.52
fold2_room1_mix0834,89,5,0,-54,3,14.95
fold2_room1_mix0834,90,4,0,-30,-2,18.23
fold2_room1_mix0834,90,4,0,-4,-2,22.50
fold2_room1_mix0834,90,5,0,-55,3,16.24
fold2_room1_mix0834,91,4,0,-23,-2,18.38
fold2_room1_mix0834,91,4,0,-3,-2,22.83
fold2_room1_mix0834,91,5,0,-51,3,15.90
fold2_room1_mix0834,92,4,0,-26,-2,17.81
fold2_room1_mix0834,92,4,0,-5,-1,22.54
fold2_room1_mix0834,92,5,0,-52,3,16.53
fold2_room1_mix0834,93,4,0,-26,-2,19.10
fold2_room1_mix0834,93,4,0,-6,-1,22.17
fold2_room1_mix0834,93,5,0,-47,3,16.01
fold2_room1_mix0834,94,4,0,-11,-2,22.56
fold2_room1_mix0834,94,5,0,-53,3,15.36
fold2_room1_mix0834,95,4,0,-11,-2,21.79
fold2_room1_mix0834,95,5,0,-48,3,15.45
fold2_room1_mix0834,96,4,0,-10,-1,23.52
fold2_room1_mix0834,96,5,0,-53,3,17.08
fold2_room1_mix0834,97,4,0,-11,-1,24.35
fold2_room1_mix0834,97,5,0,-48,3,16.17
fold2_room1_mix0834,98,4,0,-9,-1,22.39
fold2_room1_mix0834,98,5,0,-50,3,15.55
fold2_room1_mix0834,99,4,0,-10,-1,21.78
fold2_room1_mix0834,99,5,0,-49,3,16.74
fold2_room1_mix0835,2,4,0,-179,3,1.04
fold2_room1_mix0835,3,4,0,-179,1,2.33
fold2_room1_mix0835,4,4,0,-178,0,17.30
fold2_room1_mix0835,5,4,0,-176,0,19.34
fold2_room1_mix0835,6,4,0,-178,0,21.87
fold2_room1_mix0835,7,4,0,-179,0,31.92
fold2_room1_mix0835,8,4,0,-178,0,30.59
fold2_room1_mix0835,9,4,0,-178,0,29.70
fold2_room1_mix0835,10,4,0,-179,0,30.01
fold2_room1_mix0835,11,4,0,178,0,30.25
fold2_room1_mix0835,12,4,0,-179,0,28.37
fold2_room1_mix0835,13,4,0,179,0,27.34
fold2_room1_mix0835,14,4,0,179,0,28.40
fold2_room1_mix0835,15,4,0,179,0,28.94
fold2_room1_mix0835,16,4,0,-178,0,26.73
fold2_room1_mix0835,17,4,0,-178,0,27.37
fold2_room1_mix0835,18,4,0,-178,0,26.92
fold2_room1_mix0835,19,4,0,-178,0,27.88
fold2_room1_mix0835,20,4,0,-178,0,26.96
fold2_room1_mix0835,21,4,0,-177,0,26.53
fold2_room1_mix0835,22,4,0,-177,0,27.67
fold2_room1_mix0835,23,4,0,-178,0,27.04
fold2_room1_mix0835,24,4,0,-177,0,25.77
fold2_room1_mix0835,25,4,0,-177,0,25.74
fold2_room1_mix0835,26,4,0,-178,0,25.21
fold2_room1_mix0835,27,4,0,-178,0,24.33
fold2_room1_mix0835,28,4,0,-177,0,25.52
fold2_room1_mix0835,29,4,0,-178,0,24.59
fold2_room1_mix0835,30,4,0,-177,0,24.62
fold2_room1_mix0835,31,4,0,-176,0,24.64
fold2_room1_mix0835,32,4,0,-177,0,23.30
fold2_room1_mix0835,33,4,0,-177,0,23.63
fold2_room1_mix0835,34,4,0,-176,0,22.95
fold2_room1_mix0835,35,4,0,-177,0,22.42
fold2_room1_mix0835,36,4,0,-178,0,21.59
fold2_room1_mix0835,37,4,0,-178,0,20.09
fold2_room1_mix0835,38,4,0,-178,0,20.06
fold2_room1_mix0835,39,4,0,-178,0,20.04
fold2_room1_mix0835,40,4,0,-177,-1,18.85
fold2_room1_mix0835,41,4,0,-177,-1,18.58
fold2_room1_mix0835,42,4,0,-177,-1,18.21
fold2_room1_mix0835,43,4,0,-176,-1,18.41
fold2_room1_mix0835,44,4,0,-176,-1,17.83
fold2_room1_mix0835,45,4,0,-176,-1,17.54
fold2_room1_mix0835,46,4,0,-177,-1,17.63
fold2_room1_mix0835,47,4,0,-176,-1,17.04
fold2_room1_mix0835,48,4,0,-176,-1,15.17
fold2_room1_mix0835,49,4,0,-174,-1,15.34
fold2_room1_mix0835,50,4,0,-177,-2,14.68
fold2_room1_mix0835,51,4,0,-175,-1,14.96
fold2_room1_mix0835,52,4,0,-177,-1,15.72
fold2_room1_mix0835,53,0,0,12,-1,2.68
fold2_room1_mix0835,53,4,0,-175,-1,15.50
fold2_room1_mix0835,54,0,0,13,-1,8.48
fold2_room1_mix0835,54,4,0,-177,-1,16.14
fold2_room1_mix0835,55,0,0,10,-1,8.99
fold2_room1_mix0835,55,4,0,-175,-1,14.84
fold2_room1_mix0835,56,0,0,20,-1,10.27
fold2_room1_mix0835,56,4,0,-176,-2,12.76
fold2_room1_mix0835,57,0,0,23,-1,11.42
fold2_room1_mix0835,57,1,0,153,-3,12.58
fold2_room1_mix0835,57,4,0,-174,-2,11.78
fold2_room1_mix0835,58,0,0,23,-1,12.43
fold2_room1_mix0835,58,1,0,142,-3,14.20
fold2_room1_mix0835,58,4,0,-174,-3,11.12
fold2_room1_mix0835,59,0,0,26,-1,11.98
fold2_room1_mix0835,59,1,0,136,-4,10.13
fold2_room1_mix0835,59,4,0,-176,-3,13.14
fold2_room1_mix0835,60,0,0,37,-2,11.29
fold2_room1_mix0835,60,1,0,133,-4,7.75
fold2_room1_mix0835,60,4,0,-173,-2,12.56
fold2_room1_mix0835,61,0,0,43,-2,8.34
fold2_room1_mix0835,61,1,0,127,-4,11.08
fold2_room1_mix0835,61,4,0,-170,-3,10.90
fold2_room1_mix0835,62,0,0,65,-2,7.92
fold2_room1_mix0835,62,1,0,108,-4,8.71
fold2_room1_mix0835,62,4,0,-174,-3,11.11
fold2_room1_mix0835,63,0,0,65,-2,6.78
fold2_room1_mix0835,63,1,0,102,-4,8.96
fold2_room1_mix0835,63,4,0,-171,-3,9.81
fold2_room1_mix0835,64,0,0,82,-3,5.03
fold2_room1_mix0835,64,1,0,112,-4,7.67
fold2_room1_mix0835,64,4,0,-168,-3,10.77
fold2_room1_mix0835,65,0,0,107,-3,7.30
fold2_room1_mix0835,65,1,0,105,-4,7.33
fold2_room1_mix0835,65,4,0,-169,-2,10.23
fold2_room1_mix0835,66,0,0,104,-3,6.39
fold2_room1_mix0835,66,1,0,60,-4,10.91
fold2_room1_mix0835,66,4,0,-172,-3,7.65
fold2_room1_mix0835,67,0,0,122,-3,5.21
fold2_room1_mix0835,67,1,0,49,-3,11.00
fold2_room1_mix0835,67,4,0,-169,-4,9.49
fold2_room1_mix0835,68,0,0,105,-3,5.06
fold2_room1_mix0835,68,1,0,47,-4,12.57
fold2_room1_mix0835,68,4,0,-174,-3,7.66
fold2_room1_mix0835,69,0,0,134,-3,5.43
fold2_room1_mix0835,69,4,0,-166,-6,7.53
fold2_room1_mix0835,70,0,0,127,-3,5.69
fold2_room1_mix0835,70,1,0,43,-4,12.55
fold2_room1_mix0835,70,4,0,-166,-3,9.21
fold2_room1_mix0835,71,0,0,135,-2,4.54
fold2_room1_mix0835,71,1,0,35,-3,15.40
fold2_room1_mix0835,71,4,0,-169,-4,6.84
fold2_room1_mix0835,72,0,0,142,-2,6.47
fold2_room1_mix0835,72,1,0,35,-3,12.74
fold2_room1_mix0835,72,4,0,-169,-7,6.30
fold2_room1_mix0835,73,0,0,141,-2,3.66
fold2_room1_mix0835,73,1,0,30,-3,15.91
fold2_room1_mix0835,73,4,0,-173,-7,6.10
fold2_room1_mix0835,73,4,0,-1,-2,13.56
fold2_room1_mix0835,74,4,0,-158,-11,3.38
fold2_room1_mix0835,74,4,0,171,-19,4.19
fold2_room1_mix0835,74,4,0,21,-1,16.01
fold2_room1_mix0835,75,1,0,29,-3,13.87
fold2_room1_mix0835,75,4,0,-161,-9,4.87
fold2_room1_mix0835,75,4,0,22,-8,10.35
fold2_room1_mix0835,76,0,0,150,-1,3.16
fold2_room1_mix0835,76,1,0,23,-3,15.03
fold2_room1_mix0835,76,4,0,-161,-14,3.41
fold2_room1_mix0835,76,4,0,17,-5,8.04
fold2_room1_mix0835,77,1,0,17,-3,17.07
fold2_room1_mix0835,77,4,0,-160,-22,2.92
fold2_room1_mix0835,77,4,0,25,-2,10.86
fold2_room1_mix0835,78,1,0,20,-3,17.55
fold2_room1_mix0835,78,4,0,-135,-19,4.03
fold2_room1_mix0835,78,4,0,5,-4,11.94
fold2_room1_mix0835,79,4,0,-114,-33,1.57
fold2_room1_mix0835,79,4,0,-40,-33,5.52
fold2_room1_mix0835,79,4,0,6,-3,16.68
fold2_room1_mix0835,80,1,0,26,-3,12.99
fold2_room1_mix0835,80,4,0,-81,-42,1.44
fold2_room1_mix0835,80,4,0,18,-7,11.37
fold2_room1_mix0835,81,1,0,18,-3,12.30
fold2_room1_mix0835,81,3,0,32,-5,2.78
fold2_room1_mix0835,81,4,0,-70,-38,0.88
fold2_room1_mix0835,81,4,0,-91,-40,0.75
fold2_room1_mix0835,81,4,0,5,-8,13.26
fold2_room1_mix0835,82,1,0,4,-2,2.47
fold2_room1_mix0835,82,4,0,-47,-33,1.24
fold2_room1_mix0835,82,4,0,10,-5,18.95
fold2_room1_mix0835,83,4,0,-40,-27,1.78
fold2_room1_mix0835,83,4,0,0,-4,23.19
fold2_room1_mix0835,84,4,0,-31,-21,2.93
fold2_room1_mix0835,84,4,0,3,-4,16.93
fold2_room1_mix0835,85,1,0,11,-2,5.07
fold2_room1_mix0835,85,4,0,-30,-21,1.81
fold2_room1_mix0835,85,4,0,1,-2,18.12
fold2_room1_mix0835,86,1,0,8,-2,6.31
fold2_room1_mix0835,86,4,0,-28,-17,2.78
fold2_room1_mix0835,86,4,0,0,-3,19.89
fold2_room1_mix0835,87,1,0,7,-2,3.99
fold2_room1_mix0835,87,4,0,-24,-14,3.03
fold2_room1_mix0835,87,4,0,7,-2,18.84
fold2_room1_mix0835,88,4,0,-19,-12,3.91
fold2_room1_mix0835,88,4,0,9,-2,18.39
fold2_room1_mix0835,89,4,0,-16,-12,4.27
fold2_room1_mix0835,89,4,0,5,-3,18.24
fold2_room1_mix0835,90,1,0,8,-2,4.82
fold2_room1_mix0835,90,4,0,-16,-10,4.85
fold2_room1_mix0835,90,4,0,5,-2,19.53
fold2_room1_mix0835,91,1,0,4,-2,7.80
fold2_room1_mix0835,91,4,0,-11,-7,9.43
fold2_room1_mix0835,92,1,0,5,-2,5.17
fold2_room1_mix0835,92,4,0,-12,-8,6.27
fold2_room1_mix0835,92,4,0,6,-1,21.69
fold2_room1_mix0835,93,4,0,-3,-5,10.25
fold2_room1_mix0835,94,4,0,-10,-7,6.67
fold2_room1_mix0835,94,4,0,5,-2,16.84
fold2_room1_mix0835,95,4,0,-4,-5,13.37
fold2_room1_mix0835,96,1,0,3,-1,2.59
fold2_room1_mix0835,96,4,0,-4,-4,11.89
fold2_room1_mix0835,97,4,0,-2,-4,13.19
fold2_room1_mix0835,98,4,0,-2,-5,13.68
fold2_room1_mix0835,99,4,0,-3,-4,12.45
fold2_room1_mix0836,1,4,0,-2,0,1.97
fold2_room1_mix0836,3,4,0,0,0,9.06
fold2_room1_mix0836,4,4,0,-2,-1,14.87
fold2_room1_mix0836,5,4,0,-1,-1,16.02
fold2_room1_mix0836,6,4,0,-1,0,18.11
fold2_room1_mix0836,7,4,0,0,-1,25.71
fold2_room1_mix0836,8,4,0,-1,-1,24.89
fold2_room1_mix0836,9,4,0,0,-1,24.47
fold2_room1_mix0836,10,4,0,0,-1,22.81
fold2_room1_mix0836,11,4,0,0,-1,22.28
fold2_room1_mix0836,12,4,0,0,-1,23.48
fold2_room1_mix0836,13,4,0,0,-1,23.34
fold2_room1_mix0836,14,4,0,0,-1,22.86
fold2_room1_mix0836,15,4,0,0,-1,22.48
fold2_room1_mix0836,16,4,0,-1,-1,20.75
fold2_room1_mix0836,17,4,0,0,-1,21.04
fold2_room1_mix0836,18,4,0,0,-1,20.55
fold2_room1_mix0836,19,4,0,0,-1,19.23
fold2_room1_mix0836,20,4,0,-1,-1,21.06
fold2_room1_mix0836,21,4,0,-2,-1,19.66
fold2_room1_mix0836,22,4,0,-2,-1,19.32
fold2_room1_mix0836,23,4,0,-3,-2,18.68
fold2_room1_mix0836,24,4,0,-3,-2,17.71
fold2_room1_mix0836,25,4,0,-2,-2,17.35
fold2_room1_mix0836,26,4,0,-2,-2,17.85
fold2_room1_mix0836,27,4,0,-4,-2,16.49
fold2_room1_mix0836,28,4,0,-2,-2,17.61
fold2_room1_mix0836,29,4,0,-3,-2,16.43
fold2_room1_mix0836,30,4,0,-4,-2,16.99
fold2_room1_mix0836,31,4,0,-3,-2,16.52
fold2_room1_mix0836,32,4,0,-4,-2,15.61
fold2_room1_mix0836,33,4,0,-4,-2,15.74
fold2_room1_mix0836,34,4,0,-4,-2,15.68
fold2_room1_mix0836,35,4,0,-5,-2,13.92
fold2_room1_mix0836,36,4,0,-4,-2,14.61
fold2_room1_mix0836,37,4,0,-6,-2,13.63
fold2_room1_mix0836,38,4,0,-5,-2,13.42
fold2_room1_mix0836,39,4,0,-4,-2,13.91
fold2_room1_mix0836,40,4,0,-5,-2,13.15
fold2_room1_mix0836,41,4,0,-5,-3,12.43
fold2_room1_mix0836,42,4,0,-6,-3,11.85
fold2_room1_mix0836,43,4,0,-6,-3,11.22
fold2_room1_mix0836,44,4,0,-6,-3,11.05
fold2_room1_mix0836,45,4,0,-6,-3,10.55
fold2_room1_mix0836,46,4,0,-7,-3,10.39
fold2_room1_mix0836,47,4,0,-6,-3,10.50
fold2_room1_mix0836,48,4,0,-7,-3,9.28
fold2_room1_mix0836,49,4,0,-7,-4,9.57
fold2_room1_mix0836,50,4,0,-6,-3,9.48
fold2_room1_mix0836,51,4,0,-9,-4,8.60
fold2_room1_mix0836,52,4,0,-8,-4,8.85
fold2_room1_mix0836,53,4,0,-9,-4,8.59
fold2_room1_mix0836,54,4,0,-10,-4,7.81
fold2_room1_mix0836,55,4,0,-10,-4,8.21
fold2_room1_mix0836,56,4,0,-10,-4,7.59
fold2_room1_mix0836,57,4,0,-11,-4,7.05
fold2_room1_mix0836,58,4,0,-11,-4,7.03
fold2_room1_mix0836,59,4,0,-12,-4,6.45
fold2_room1_mix0836,60,4,0,-12,-4,6.42
fold2_room1_mix0836,61,4,0,-13,-5,5.74
fold2_room1_mix0836,62,4,0,-16,-5,5.73
fold2_room1_mix0836,63,4,0,-15,-5,5.49
fold2_room1_mix0836,64,4,0,-17,-6,4.92
fold2_room1_mix0836,65,4,0,-18,-6,4.73
fold2_room1_mix0836,66,4,0,-18,-6,4.88
fold2_room1_mix0836,67,4,0,-20,-7,4.04
fold2_room1_mix0836,68,4,0,-19,-6,4.45
fold2_room1_mix0836,69,4,0,-22,-7,3.85
fold2_room1_mix0836,70,4,0,-23,-7,3.70
fold2_room1_mix0836,71,4,0,-25,-7,3.49
fold2_room1_mix0836,72,4,0,-28,-8,3.04
fold2_room1_mix0836,73,4,0,-29,-9,2.69
fold2_room1_mix0836,74,4,0,-32,-9,2.43
fold2_room1_mix0836,75,4,0,-36,-10,2.21
fold2_room1_mix0836,76,4,0,-40,-10,2.11
fold2_room1_mix0836,77,4,0,-43,-10,1.93
fold2_room1_mix0836,78,4,0,-49,-12,1.78
fold2_room1_mix0836,79,4,0,-55,-12,1.74
fold2_room1_mix0836,80,4,0,-65,-12,1.58
fold2_room1_mix0836,81,4,0,-79,-13,1.62
fold2_room1_mix0836,82,4,0,-90,-13,1.63
fold2_room1_mix0836,83,4,0,-103,-13,1.61
fold2_room1_mix0836,84,4,0,-112,-12,1.85
fold2_room1_mix0836,85,4,0,-124,-11,1.87
fold2_room1_mix0836,86,4,0,-133,-10,1.99
fold2_room1_mix0836,87,4,0,-137,-9,2.19
fold2_room1_mix0836,88,4,0,-142,-8,2.36
fold2_room1_mix0836,89,4,0,-144,-8,2.48
fold2_room1_mix0836,90,4,0,-147,-7,2.75
fold2_room1_mix0836,91,4,0,-150,-7,2.83
fold2_room1_mix0836,92,4,0,-152,-7,2.92
fold2_room1_mix0836,93,4,0,-153,-6,3.19
fold2_room1_mix0836,94,4,0,-155,-6,3.65
fold2_room1_mix0836,95,4,0,-157,-5,4.09
fold2_room1_mix0836,96,4,0,-157,-4,4.18
fold2_room1_mix0836,97,4,0,-159,-5,4.61
fold2_room1_mix0836,98,4,0,-159,-4,4.81
fold2_room1_mix0836,99,4,0,-161,-5,4.56
fold2_room1_mix0836,2,4,0,-4,1,3.16
fold2_room1_mix0838,3,4,0,-23,1,5.99
fold2_room1_mix0838,4,4,0,-23,0,16.43
fold2_room1_mix0838,5,4,0,-25,0,18.11
fold2_room1_mix0838,6,4,0,-25,0,21.49
fold2_room1_mix0838,7,4,0,-25,0,26.87
fold2_room1_mix0838,8,4,0,-26,0,33.30
fold2_room1_mix0838,9,4,0,-26,-1,33.42
fold2_room1_mix0838,10,4,0,-26,0,33.50
fold2_room1_mix0838,11,4,0,-27,0,32.65
fold2_room1_mix0838,12,4,0,-26,-1,33.31
fold2_room1_mix0838,13,4,0,-26,0,32.66
fold2_room1_mix0838,14,4,0,-28,0,32.99
fold2_room1_mix0838,15,4,0,-28,0,32.52
fold2_room1_mix0838,16,4,0,-26,0,32.81
fold2_room1_mix0838,17,4,0,-27,-1,34.40
fold2_room1_mix0838,18,4,0,-25,0,33.90
fold2_room1_mix0838,19,0,0,-176,-2,5.58
fold2_room1_mix0838,19,4,0,-23,-1,35.62
fold2_room1_mix0838,20,0,0,-172,-2,11.74
fold2_room1_mix0838,20,4,0,-22,0,35.73
fold2_room1_mix0838,21,0,0,-169,-2,16.84
fold2_room1_mix0838,21,4,0,-21,-1,35.03
fold2_room1_mix0838,22,0,0,-173,-2,15.53
fold2_room1_mix0838,22,4,0,-22,0,35.32
fold2_room1_mix0838,23,0,0,-170,-2,28.35
fold2_room1_mix0838,23,4,0,-23,-1,31.03
fold2_room1_mix0838,24,0,0,-170,-2,32.71
fold2_room1_mix0838,24,4,0,-23,-1,29.97
fold2_room1_mix0838,25,0,0,-171,-2,31.11
fold2_room1_mix0838,25,4,0,-22,-1,30.63
fold2_room1_mix0838,26,0,0,-171,-2,32.53
fold2_room1_mix0838,26,4,0,-20,-1,29.19
fold2_room1_mix0838,27,0,0,-170,-2,32.38
fold2_room1_mix0838,27,4,0,-21,-2,29.83
fold2_room1_mix0838,28,0,0,-167,-2,28.59
fold2_room1_mix0838,28,4,0,-20,-2,29.13
fold2_room1_mix0838,29,0,0,-162,-2,28.56
fold2_room1_mix0838,29,4,0,-22,-2,28.19
fold2_room1_mix0838,30,0,0,-164,-2,30.32
fold2_room1_mix0838,30,4,0,-25,-2,28.22
fold2_room1_mix0838,31,0,0,-161,-2,28.25
fold2_room1_mix0838,31,4,0,-23,-2,27.05
fold2_room1_mix0838,32,0,0,-156,-2,25.88
fold2_room1_mix0838,32,4,0,-26,-3,26.99
fold2_room1_mix0838,33,0,0,-157,-2,24.46
fold2_room1_mix0838,33,4,0,-25,-3,26.45
fold2_room1_mix0838,34,0,0,-155,-2,23.99
fold2_room1_mix0838,34,4,0,-27,-3,24.97
fold2_room1_mix0838,35,0,0,-154,-2,26.24
fold2_room1_mix0838,35,4,0,-54,-5,25.08
fold2_room1_mix0838,35,4,0,-24,-3,25.49
fold2_room1_mix0838,36,0,0,-156,-2,26.45
fold2_room1_mix0838,36,4,0,-29,-3,25.24
fold2_room1_mix0838,37,0,0,-156,-2,25.82
fold2_room1_mix0838,37,3,0,-148,-5,9.52
fold2_room1_mix0838,37,4,0,-30,-3,28.36
fold2_room1_mix0838,38,0,0,-156,-2,23.04
fold2_room1_mix0838,38,3,0,-145,-5,12.90
fold2_room1_mix0838,38,4,0,-30,-3,27.74
fold2_room1_mix0838,39,0,0,-155,-2,24.55
fold2_room1_mix0838,39,3,0,-145,-5,11.67
fold2_room1_mix0838,39,4,0,-28,-3,26.71
fold2_room1_mix0838,40,0,0,-158,-2,25.00
fold2_room1_mix0838,40,3,0,-141,-4,11.75
fold2_room1_mix0838,40,4,0,-28,-2,29.49
fold2_room1_mix0838,41,0,0,-159,-2,25.94
fold2_room1_mix0838,41,3,0,-138,-5,13.81
fold2_room1_mix0838,41,4,0,-26,-3,29.56
fold2_room1_mix0838,42,0,0,-158,-2,26.15
fold2_room1_mix0838,42,3,0,-133,-5,12.28
fold2_room1_mix0838,42,4,0,-25,-3,27.24
fold2_room1_mix0838,43,0,0,-155,-2,24.29
fold2_room1_mix0838,43,3,0,-132,-4,12.09
fold2_room1_mix0838,43,4,0,-29,-3,28.40
fold2_room1_mix0838,44,0,0,-153,-2,23.63
fold2_room1_mix0838,44,3,0,-129,-4,10.89
fold2_room1_mix0838,44,4,0,-32,-2,29.09
fold2_room1_mix0838,45,0,0,-151,-2,22.27
fold2_room1_mix0838,45,3,0,-126,-4,10.40
fold2_room1_mix0838,45,4,0,-32,-3,29.14
fold2_room1_mix0838,46,0,0,-154,-2,21.68
fold2_room1_mix0838,46,3,0,-133,-4,10.31
fold2_room1_mix0838,46,4,0,-33,-3,28.55
fold2_room1_mix0838,47,0,0,-152,-2,22.56
fold2_room1_mix0838,47,3,0,-129,-5,7.43
fold2_room1_mix0838,47,4,0,-74,-1,31.49
fold2_room1_mix0838,47,4,0,-38,-2,24.77
fold2_room1_mix0838,48,0,0,-151,-3,20.69
fold2_room1_mix0838,48,3,0,-128,-5,6.18
fold2_room1_mix0838,48,4,0,-38,-2,26.81
fold2_room1_mix0838,49,0,0,-147,-3,19.88
fold2_room1_mix0838,49,3,0,-128,-5,4.76
fold2_room1_mix0838,49,4,0,-75,-1,33.31
fold2_room1_mix0838,49,4,0,-40,-2,24.74
fold2_room1_mix0838,50,0,0,-149,-3,21.43
fold2_room1_mix0838,50,4,0,-68,0,29.60
fold2_room1_mix0838,50,4,0,-42,-2,23.31
fold2_room1_mix0838,51,0,0,-148,-3,21.29
fold2_room1_mix0838,51,4,0,-107,0,27.61
fold2_room1_mix0838,51,4,0,-58,-2,19.83
fold2_room1_mix0838,51,4,0,-40,-2,22.21
fold2_room1_mix0838,52,0,0,-145,-3,21.91
fold2_room1_mix0838,52,4,0,-136,0,28.55
fold2_room1_mix0838,52,4,0,-62,-2,17.87
fold2_room1_mix0838,52,4,0,-40,-2,19.49
fold2_room1_mix0838,53,0,0,-140,-3,18.42
fold2_room1_mix0838,53,4,0,-126,-1,23.24
fold2_room1_mix0838,53,4,0,-69,-3,16.32
fold2_room1_mix0838,53,4,0,-44,-2,18.28
fold2_room1_mix0838,54,0,0,-133,-4,15.52
fold2_room1_mix0838,54,4,0,-118,-1,21.94
fold2_room1_mix0838,54,4,0,-69,-2,17.00
fold2_room1_mix0838,54,4,0,-45,-2,19.03
fold2_room1_mix0838,55,0,0,-134,-4,18.18
fold2_room1_mix0838,55,3,0,-108,-5,10.03
fold2_room1_mix0838,55,4,0,-113,-2,26.01
fold2_room1_mix0838,55,4,0,-68,-3,18.71
fold2_room1_mix0838,55,4,0,-42,-3,20.93
fold2_room1_mix0838,56,0,0,-131,-4,16.37
fold2_room1_mix0838,56,3,0,-100,-5,8.57
fold2_room1_mix0838,56,4,0,-102,-2,23.74
fold2_room1_mix0838,56,4,0,-66,-3,17.88
fold2_room1_mix0838,56,4,0,-46,-3,18.19
fold2_room1_mix0838,57,0,0,-128,-4,15.49
fold2_room1_mix0838,57,3,0,-101,-5,7.41
fold2_room1_mix0838,57,4,0,-112,-3,22.46
fold2_room1_mix0838,57,4,0,-64,-3,16.33
fold2_room1_mix0838,57,4,0,-44,-3,16.86
fold2_room1_mix0838,58,0,0,-125,-5,14.56
fold2_room1_mix0838,58,3,0,-102,-5,7.40
fold2_room1_mix0838,58,4,0,-91,-3,22.22
fold2_room1_mix0838,58,4,0,-63,-3,17.11
fold2_room1_mix0838,58,4,0,-46,-3,17.71
fold2_room1_mix0838,59,0,0,-125,-5,13.09
fold2_room1_mix0838,59,3,0,-98,-6,9.61
fold2_room1_mix0838,59,4,0,-95,-2,22.01
fold2_room1_mix0838,59,4,0,-63,-3,16.08
fold2_room1_mix0838,59,4,0,-44,-3,17.31
fold2_room1_mix0838,60,0,0,-122,-5,11.46
fold2_room1_mix0838,60,3,0,-99,-6,8.74
fold2_room1_mix0838,60,4,0,-102,-3,21.24
fold2_room1_mix0838,60,4,0,-63,-3,15.72
fold2_room1_mix0838,60,4,0,-42,-3,16.86
fold2_room1_mix0838,61,0,0,-116,-6,11.50
fold2_room1_mix0838,61,4,0,-68,-2,16.43
fold2_room1_mix0838,61,4,0,-44,-1,16.93
fold2_room1_mix0838,62,0,0,-114,-6,10.69
fold2_room1_mix0838,62,4,0,-106,-3,18.77
fold2_room1_mix0838,62,4,0,-72,-4,13.91
fold2_room1_mix0838,62,4,0,-52,-3,15.32
fold2_room1_mix0838,63,0,0,-121,-5,8.15
fold2_room1_mix0838,63,4,0,-70,-2,15.81
fold2_room1_mix0838,64,0,0,-126,-4,7.30
fold2_room1_mix0838,64,4,0,-72,-2,13.66
fold2_room1_mix0838,65,0,0,-129,-3,2.76
fold2_room1_mix0838,65,4,0,-75,-2,14.90
fold2_room1_mix0838,66,0,0,-127,-3,2.62
fold2_room1_mix0838,66,4,0,-78,-2,15.90
fold2_room1_mix0838,67,4,0,-80,-2,15.17
fold2_room1_mix0838,68,4,0,-83,-2,15.18
fold2_room1_mix0838,69,4,0,-85,-2,14.48
fold2_room1_mix0838,70,4,0,-86,-2,14.36
fold2_room1_mix0838,71,4,0,-87,-1,14.05
fold2_room1_mix0838,72,4,0,-89,-1,14.29
fold2_room1_mix0838,73,4,0,-91,-2,14.12
fold2_room1_mix0838,74,4,0,-93,-1,14.06
fold2_room1_mix0838,75,4,0,-97,-1,14.39
fold2_room1_mix0838,76,4,0,-99,-1,14.37
fold2_room1_mix0838,77,4,0,-102,-2,14.25
fold2_room1_mix0838,78,4,0,-104,-2,14.80
fold2_room1_mix0838,79,4,0,-107,-2,14.31
fold2_room1_mix0838,80,4,0,-108,-2,14.83
fold2_room1_mix0838,81,4,0,-110,-1,15.16
fold2_room1_mix0838,82,4,0,-111,-2,15.13
fold2_room1_mix0838,83,4,0,-112,-2,15.38
fold2_room1_mix0838,84,4,0,-114,-1,15.68
fold2_room1_mix0838,85,4,0,-115,-1,15.78
fold2_room1_mix0838,86,4,0,-116,-2,16.22
fold2_room1_mix0838,87,4,0,-117,-1,16.25
fold2_room1_mix0838,88,4,0,-117,-1,16.78
fold2_room1_mix0838,89,4,0,-119,-1,17.27
fold2_room1_mix0838,90,4,0,-119,-1,17.20
fold2_room1_mix0838,91,4,0,-120,-1,17.36
fold2_room1_mix0838,92,4,0,-121,-2,17.16
fold2_room1_mix0838,93,4,0,-122,-1,17.17
fold2_room1_mix0838,94,4,0,-123,-1,18.02
fold2_room1_mix0838,95,4,0,-124,-2,17.87
fold2_room1_mix0838,96,4,0,-126,-2,18.39
fold2_room1_mix0838,97,4,0,-127,-1,19.66
fold2_room1_mix0838,98,4,0,-128,-2,19.81
fold2_room1_mix0838,99,4,0,-130,-2,20.46
fold2_room1_mix0838,1,4,0,-18,0,2.25
fold2_room1_mix0838,2,4,0,-14,1,1.20
fold2_room1_mix0839,0,5,0,54,7,2.70
fold2_room1_mix0839,1,5,0,45,6,4.24
fold2_room1_mix0839,2,4,0,-9,3,1.21
fold2_room1_mix0839,2,5,0,44,8,3.97
fold2_room1_mix0839,3,4,0,-10,0,5.97
fold2_room1_mix0839,3,5,0,53,10,3.25
fold2_room1_mix0839,4,4,0,-7,0,17.48
fold2_room1_mix0839,4,5,0,49,10,3.97
fold2_room1_mix0839,5,4,0,-10,0,14.77
fold2_room1_mix0839,5,5,0,42,11,4.18
fold2_room1_mix0839,6,4,0,-7,0,23.70
fold2_room1_mix0839,6,5,0,50,9,5.38
fold2_room1_mix0839,7,4,0,-9,-1,30.07
fold2_room1_mix0839,7,5,0,46,13,3.38
fold2_room1_mix0839,8,4,0,-8,-1,29.87
fold2_room1_mix0839,8,5,0,42,9,4.96
fold2_room1_mix0839,9,4,0,-5,-1,30.76
fold2_room1_mix0839,9,5,0,46,12,3.72
fold2_room1_mix0839,10,4,0,-6,-1,30.99
fold2_room1_mix0839,10,5,0,48,14,3.34
fold2_room1_mix0839,11,2,0,37,-3,15.68
fold2_room1_mix0839,11,4,0,-11,-1,28.03
fold2_room1_mix0839,11,5,0,47,11,3.92
fold2_room1_mix0839,12,2,0,31,-3,14.77
fold2_room1_mix0839,12,4,0,-13,-1,26.15
fold2_room1_mix0839,12,5,0,50,11,3.95
fold2_room1_mix0839,13,2,0,40,-3,14.19
fold2_room1_mix0839,13,4,0,-12,-1,27.19
fold2_room1_mix0839,13,5,0,50,10,3.95
fold2_room1_mix0839,14,2,0,24,-2,9.03
fold2_room1_mix0839,14,4,0,-12,-2,27.92
fold2_room1_mix0839,14,5,0,49,10,4.21
fold2_room1_mix0839,15,4,0,-26,-2,26.96
fold2_room1_mix0839,15,4,0,-6,-1,26.73
fold2_room1_mix0839,15,5,0,52,13,3.62
fold2_room1_mix0839,16,4,0,-36,-2,26.96
fold2_room1_mix0839,16,4,0,-9,-1,25.40
fold2_room1_mix0839,16,5,0,46,11,3.67
fold2_room1_mix0839,17,4,0,-32,-1,26.39
fold2_room1_mix0839,17,4,0,-4,-1,26.49
fold2_room1_mix0839,17,5,0,54,11,4.04
fold2_room1_mix0839,18,4,0,-30,-1,26.33
fold2_room1_mix0839,18,4,0,0,-1,26.31
fold2_room1_mix0839,18,5,0,50,12,3.64
fold2_room1_mix0839,19,2,0,44,-4,11.97
fold2_room1_mix0839,19,4,0,-24,-1,27.17
fold2_room1_mix0839,19,4,0,-7,-1,25.27
fold2_room1_mix0839,19,5,0,58,10,3.95
fold2_room1_mix0839,20,2,0,42,-4,13.81
fold2_room1_mix0839,20,4,0,-12,-1,25.43
fold2_room1_mix0839,20,5,0,52,9,4.58
fold2_room1_mix0839,21,2,0,45,-4,12.18
fold2_room1_mix0839,21,4,0,-12,-1,25.63
fold2_room1_mix0839,21,5,0,56,10,4.57
fold2_room1_mix0839,22,2,0,47,-4,11.43
fold2_room1_mix0839,22,4,0,-14,-1,25.69
fold2_room1_mix0839,22,5,0,59,8,5.12
fold2_room1_mix0839,23,2,0,35,-3,17.19
fold2_room1_mix0839,23,4,0,-12,-1,24.94
fold2_room1_mix0839,23,5,0,57,10,4.01
fold2_room1_mix0839,24,4,0,-28,-1,23.85
fold2_room1_mix0839,24,4,0,-7,-1,22.60
fold2_room1_mix0839,24,5,0,52,10,4.89
fold2_room1_mix0839,25,4,0,-14,-1,22.78
fold2_room1_mix0839,25,5,0,53,8,4.90
fold2_room1_mix0839,26,4,0,-35,-1,24.04
fold2_room1_mix0839,26,4,0,-4,-2,22.18
fold2_room1_mix0839,26,5,0,57,10,4.09
fold2_room1_mix0839,27,4,0,-31,-1,24.04
fold2_room1_mix0839,27,4,0,-4,-2,23.02
fold2_room1_mix0839,27,5,0,53,9,4.57
fold2_room1_mix0839,28,2,0,56,-5,9.62
fold2_room1_mix0839,28,4,0,-28,-1,23.93
fold2_room1_mix0839,28,4,0,-8,-2,20.83
fold2_room1_mix0839,28,5,0,57,9,4.71
fold2_room1_mix0839,29,2,0,50,-5,11.74
fold2_room1_mix0839,29,4,0,-26,-1,23.10
fold2_room1_mix0839,29,4,0,-8,-2,19.55
fold2_room1_mix0839,29,5,0,59,8,5.06
fold2_room1_mix0839,30,2,0,44,-5,12.25
fold2_room1_mix0839,30,4,0,-29,0,23.03
fold2_room1_mix0839,30,4,0,-10,-2,19.03
fold2_room1_mix0839,30,5,0,60,8,6.05
fold2_room1_mix0839,31,2,0,49,-5,11.33
fold2_room1_mix0839,31,4,0,-28,-1,21.34
fold2_room1_mix0839,31,4,0,-9,-2,18.89
fold2_room1_mix0839,31,5,0,56,8,5.85
fold2_room1_mix0839,32,2,0,48,-4,11.27
fold2_room1_mix0839,32,4,0,-16,-1,19.32
fold2_room1_mix0839,32,5,0,56,8,5.10
fold2_room1_mix0839,33,2,0,47,-4,11.73
fold2_room1_mix0839,33,4,0,-18,-1,17.90
fold2_room1_mix0839,33,5,0,55,7,6.26
fold2_room1_mix0839,34,4,0,-34,-1,18.23
fold2_room1_mix0839,34,4,0,-9,-2,15.04
fold2_room1_mix0839,34,5,0,55,9,4.54
fold2_room1_mix0839,35,4,0,-37,-1,16.40
fold2_room1_mix0839,35,4,0,-8,-2,13.43
fold2_room1_mix0839,35,5,0,59,10,4.12
fold2_room1_mix0839,36,4,0,-35,-1,15.03
fold2_room1_mix0839,36,4,0,-7,-2,12.64
fold2_room1_mix0839,36,5,0,55,10,4.14
fold2_room1_mix0839,37,4,0,-36,-1,14.78
fold2_room1_mix0839,37,4,0,-8,-2,12.39
fold2_room1_mix0839,37,5,0,58,10,4.08
fold2_room1_mix0839,38,2,0,57,-5,8.36
fold2_room1_mix0839,38,4,0,-34,-1,14.13
fold2_room1_mix0839,38,4,0,-12,-2,10.55
fold2_room1_mix0839,38,5,0,59,8,4.96
fold2_room1_mix0839,39,2,0,57,-6,10.77
fold2_room1_mix0839,39,4,0,-38,-1,13.88
fold2_room1_mix0839,39,4,0,-14,-3,9.24
fold2_room1_mix0839,39,5,0,58,9,4.95
fold2_room1_mix0839,40,2,0,59,-6,9.14
fold2_room1_mix0839,40,4,0,-37,-3,10.60
fold2_room1_mix0839,40,4,0,-16,-3,9.35
fold2_room1_mix0839,40,5,0,56,7,5.52
fold2_room1_mix0839,41,2,0,41,-4,2.98
fold2_room1_mix0839,41,4,0,-48,-5,8.34
fold2_room1_mix0839,41,4,0,-20,-4,7.64
fold2_room1_mix0839,41,5,0,56,10,4.61
fold2_room1_mix0839,42,2,0,51,-4,11.94
fold2_room1_mix0839,42,4,0,-52,-7,8.56
fold2_room1_mix0839,42,4,0,-22,-6,6.97
fold2_room1_mix0839,42,5,0,55,7,5.78
fold2_room1_mix0839,43,4,0,-69,-10,5.15
fold2_room1_mix0839,43,4,0,-21,-6,7.38
fold2_room1_mix0839,43,5,0,59,8,5.43
fold2_room1_mix0839,44,4,0,-87,-14,3.74
fold2_room1_mix0839,44,4,0,-32,-8,5.21
fold2_room1_mix0839,44,4,0,-15,-4,10.48
fold2_room1_mix0839,44,5,0,49,9,4.49
fold2_room1_mix0839,45,4,0,-100,-14,3.15
fold2_room1_mix0839,45,4,0,-17,-4,8.67
fold2_room1_mix0839,45,5,0,66,13,3.36
fold2_room1_mix0839,46,4,0,-133,-12,3.65
fold2_room1_mix0839,46,4,0,-23,-8,5.58
fold2_room1_mix0839,46,5,0,62,10,4.47
fold2_room1_mix0839,47,4,0,-134,-12,4.80
fold2_room1_mix0839,47,4,0,-47,-16,3.01
fold2_room1_mix0839,47,4,0,-25,-11,4.43
fold2_room1_mix0839,47,5,0,60,12,3.46
fold2_room1_mix0839,48,2,0,67,-5,7.07
fold2_room1_mix0839,48,4,0,-137,-10,5.38
fold2_room1_mix0839,48,4,0,-99,-27,1.89
fold2_room1_mix0839,48,4,0,-46,-18,4.12
fold2_room1_mix0839,48,5,0,62,11,3.71
fold2_room1_mix0839,49,2,0,50,-6,4.42
fold2_room1_mix0839,49,4,0,-139,-14,2.87
fold2_room1_mix0839,49,4,0,-122,-19,2.77
fold2_room1_mix0839,49,4,0,-32,-11,6.61
fold2_room1_mix0839,49,5,0,74,12,4.38
fold2_room1_mix0839,50,4,0,-153,-9,5.04
fold2_room1_mix0839,50,4,0,-123,-12,4.01
fold2_room1_mix0839,50,5,0,71,14,4.14
fold2_room1_mix0839,51,2,0,64,-4,9.63
fold2_room1_mix0839,51,4,0,-155,-9,5.13
fold2_room1_mix0839,51,4,0,-67,-10,6.94
fold2_room1_mix0839,51,5,0,78,13,3.93
fold2_room1_mix0839,52,4,0,-158,-9,6.24
fold2_room1_mix0839,52,4,0,-90,-10,8.00
fold2_room1_mix0839,52,5,0,76,15,4.62
fold2_room1_mix0839,53,4,0,-160,-6,6.64
fold2_room1_mix0839,53,4,0,-95,-5,10.34
fold2_room1_mix0839,53,5,0,97,15,4.67
fold2_room1_mix0839,54,4,0,-163,-5,8.09
fold2_room1_mix0839,54,4,0,-89,-5,9.68
fold2_room1_mix0839,54,5,0,91,16,4.27
fold2_room1_mix0839,55,4,0,-166,-4,9.80
fold2_room1_mix0839,55,4,0,-94,-6,8.83
fold2_room1_mix0839,55,5,0,80,13,4.90
fold2_room1_mix0839,56,4,0,-168,-2,9.59
fold2_room1_mix0839,56,4,0,-97,-5,9.55
fold2_room1_mix0839,56,5,0,90,15,4.67
fold2_room1_mix0839,57,4,0,-169,-2,10.83
fold2_room1_mix0839,57,4,0,-96,-5,9.61
fold2_room1_mix0839,57,5,0,99,17,4.03
fold2_room1_mix0839,58,4,0,-172,-1,13.61
fold2_room1_mix0839,58,4,0,-103,-5,8.22
fold2_room1_mix0839,58,5,0,70,13,4.30
fold2_room1_mix0839,59,4,0,-171,-1,12.26
fold2_room1_mix0839,59,4,0,-82,-3,10.65
fold2_room1_mix0839,59,5,0,72,14,4.04
fold2_room1_mix0839,60,4,0,-172,0,14.40
fold2_room1_mix0839,60,4,0,-105,-3,9.95
fold2_room1_mix0839,60,5,0,77,18,3.56
fold2_room1_mix0839,61,4,0,-173,0,15.81
fold2_room1_mix0839,61,4,0,-96,-4,9.51
fold2_room1_mix0839,61,5,0,75,16,4.03
fold2_room1_mix0839,62,4,0,-174,0,17.53
fold2_room1_mix0839,62,4,0,-103,-4,9.80
fold2_room1_mix0839,62,5,0,81,16,4.29
fold2_room1_mix0839,63,4,0,-176,0,17.13
fold2_room1_mix0839,63,4,0,-105,-4,9.94
fold2_room1_mix0839,63,5,0,83,19,3.56
fold2_room1_mix0839,64,4,0,-179,1,19.92
fold2_room1_mix0839,64,4,0,-106,-4,9.73
fold2_room1_mix0839,64,5,0,74,16,3.86
fold2_room1_mix0839,65,4,0,-174,0,19.64
fold2_room1_mix0839,65,4,0,-113,-4,10.01
fold2_room1_mix0839,65,5,0,82,18,3.76
fold2_room1_mix0839,66,4,0,-177,0,20.76
fold2_room1_mix0839,66,4,0,-118,-3,10.57
fold2_room1_mix0839,66,5,0,82,19,3.77
fold2_room1_mix0839,67,4,0,-178,0,21.49
fold2_room1_mix0839,67,4,0,-122,-3,10.42
fold2_room1_mix0839,67,5,0,75,18,3.52
fold2_room1_mix0839,68,4,0,178,1,25.73
fold2_room1_mix0839,68,4,0,-125,-4,9.26
fold2_room1_mix0839,68,5,0,73,17,3.75
fold2_room1_mix0839,69,4,0,177,1,22.83
fold2_room1_mix0839,69,4,0,-122,-3,9.88
fold2_room1_mix0839,69,5,0,74,18,3.45
fold2_room1_mix0839,70,4,0,176,2,24.64
fold2_room1_mix0839,70,4,0,-125,-3,9.66
fold2_room1_mix0839,70,5,0,82,21,3.53
fold2_room1_mix0839,71,4,0,176,1,25.52
fold2_room1_mix0839,71,4,0,-132,-4,8.75
fold2_room1_mix0839,71,5,0,66,18,2.97
fold2_room1_mix0839,72,4,0,178,0,25.80
fold2_room1_mix0839,72,4,0,-127,-4,10.26
fold2_room1_mix0839,72,5,0,69,19,3.15
fold2_room1_mix0839,73,4,0,178,1,25.40
fold2_room1_mix0839,73,4,0,-128,-4,8.74
fold2_room1_mix0839,73,5,0,76,23,3.06
fold2_room1_mix0839,74,4,0,178,1,28.48
fold2_room1_mix0839,74,4,0,-130,-5,8.96
fold2_room1_mix0839,74,5,0,67,21,2.68
fold2_room1_mix0839,75,4,0,179,0,26.60
fold2_room1_mix0839,75,4,0,-128,-4,9.75
fold2_room1_mix0839,75,5,0,73,19,3.38
fold2_room1_mix0839,76,4,0,178,1,28.45
fold2_room1_mix0839,76,4,0,-129,-4,9.52
fold2_room1_mix0839,76,5,0,69,22,3.09
fold2_room1_mix0839,77,4,0,179,1,27.94
fold2_room1_mix0839,77,4,0,-131,-3,10.32
fold2_room1_mix0839,77,5,0,65,19,2.98
fold2_room1_mix0839,78,4,0,-178,0,28.59
fold2_room1_mix0839,78,4,0,-130,-3,11.03
fold2_room1_mix0839,78,5,0,69,20,3.09
fold2_room1_mix0839,79,4,0,-177,1,27.12
fold2_room1_mix0839,79,4,0,-132,-3,10.62
fold2_room1_mix0839,79,5,0,70,20,3.18
fold2_room1_mix0839,80,4,0,179,1,29.16
fold2_room1_mix0839,80,4,0,-134,-3,10.48
fold2_room1_mix0839,80,5,0,66,19,2.97
fold2_room1_mix0839,81,4,0,-169,0,28.60
fold2_room1_mix0839,81,4,0,-133,-3,12.01
fold2_room1_mix0839,81,5,0,65,17,3.40
fold2_room1_mix0839,82,4,0,-179,0,29.31
fold2_room1_mix0839,82,4,0,-132,-2,13.10
fold2_room1_mix0839,82,5,0,66,18,3.52
fold2_room1_mix0839,83,4,0,-178,1,30.45
fold2_room1_mix0839,83,4,0,-136,-3,12.24
fold2_room1_mix0839,83,5,0,66,18,3.36
fold2_room1_mix0839,84,4,0,-177,0,30.94
fold2_room1_mix0839,84,4,0,-135,-2,12.86
fold2_room1_mix0839,84,5,0,67,17,3.59
fold2_room1_mix0839,85,4,0,-177,0,29.53
fold2_room1_mix0839,85,4,0,-138,-2,14.16
fold2_room1_mix0839,85,5,0,64,15,3.65
fold2_room1_mix0839,86,4,0,-177,1,31.80
fold2_room1_mix0839,86,4,0,-140,-2,13.93
fold2_room1_mix0839,86,5,0,64,16,3.82
fold2_room1_mix0839,87,4,0,-176,0,39.51
fold2_room1_mix0839,87,4,0,-149,-1,19.73
fold2_room1_mix0839,87,5,0,61,16,3.38
fold2_room1_mix0839,88,4,0,-178,0,33.79
fold2_room1_mix0839,88,4,0,-142,-2,15.63
fold2_room1_mix0839,88,5,0,66,16,3.78
fold2_room1_mix0839,89,4,0,-172,0,34.41
fold2_room1_mix0839,89,4,0,-145,-2,16.08
fold2_room1_mix0839,89,5,0,55,14,3.77
fold2_room1_mix0839,90,4,0,-178,1,36.94
fold2_room1_mix0839,90,4,0,-146,-2,15.23
fold2_room1_mix0839,90,5,0,56,14,3.59
fold2_room1_mix0839,91,4,0,-173,0,33.35
fold2_room1_mix0839,91,4,0,-146,-2,17.01
fold2_room1_mix0839,91,5,0,69,15,3.91
fold2_room1_mix0839,92,4,0,-176,0,34.48
fold2_room1_mix0839,92,4,0,-145,-2,15.99
fold2_room1_mix0839,92,5,0,56,16,3.49
fold2_room1_mix0839,93,4,0,-177,1,38.93
fold2_room1_mix0839,93,4,0,-148,-1,17.11
fold2_room1_mix0839,93,5,0,57,14,3.72
fold2_room1_mix0839,94,4,0,-176,0,37.85
fold2_room1_mix0839,94,4,0,-145,-1,19.74
fold2_room1_mix0839,94,5,0,59,11,4.71
fold2_room1_mix0839,95,4,0,-176,0,35.95
fold2_room1_mix0839,95,4,0,-149,-2,17.81
fold2_room1_mix0839,95,5,0,61,13,4.08
fold2_room1_mix0839,96,4,0,-173,1,37.12
fold2_room1_mix0839,96,4,0,-151,0,19.68
fold2_room1_mix0839,96,5,0,65,14,3.94
fold2_room1_mix0839,97,4,0,-175,1,41.30
fold2_room1_mix0839,97,4,0,-151,-1,20.41
fold2_room1_mix0839,97,5,0,58,13,4.12
fold2_room1_mix0839,98,4,0,-175,0,39.31
fold2_room1_mix0839,98,4,0,-152,0,23.61
fold2_room1_mix0839,98,5,0,60,13,4.34
fold2_room1_mix0839,99,4,0,-174,0,38.57
fold2_room1_mix0839,99,4,0,-152,-1,19.91
fold2_room1_mix0839,99,5,0,61,12,4.14
fold2_room1_mix0842,31,0,0,173,-1,3.67
fold2_room1_mix0842,32,0,0,162,-1,10.65
fold2_room1_mix0842,33,0,0,163,-1,9.03
fold2_room1_mix0842,34,0,0,159,-1,13.50
fold2_room1_mix0842,35,0,0,155,-1,27.39
fold2_room1_mix0842,36,0,0,158,-1,21.24
fold2_room1_mix0842,37,0,0,158,-1,26.67
fold2_room1_mix0842,38,0,0,153,-1,27.94
fold2_room1_mix0842,39,0,0,152,-1,27.66
fold2_room1_mix0842,39,4,0,0,0,8.74
fold2_room1_mix0842,40,0,0,149,-1,28.24
fold2_room1_mix0842,41,0,0,146,-1,23.77
fold2_room1_mix0842,41,4,0,-2,0,8.27
fold2_room1_mix0842,42,0,0,146,-1,25.29
fold2_room1_mix0842,42,4,0,-4,-3,14.53
fold2_room1_mix0842,43,0,0,147,-1,26.70
fold2_room1_mix0842,43,4,0,-4,-2,12.68
fold2_room1_mix0842,44,0,0,142,-1,23.14
fold2_room1_mix0842,44,4,0,-2,-2,13.04
fold2_room1_mix0842,45,0,0,142,-1,21.72
fold2_room1_mix0842,45,4,0,0,-3,13.57
fold2_room1_mix0842,46,0,0,140,-1,20.00
fold2_room1_mix0842,46,4,0,1,-3,13.86
fold2_room1_mix0842,47,0,0,135,-2,15.72
fold2_room1_mix0842,47,4,0,1,-3,13.68
fold2_room1_mix0842,48,0,0,134,-1,16.52
fold2_room1_mix0842,48,4,0,2,-4,12.03
fold2_room1_mix0842,49,0,0,134,-2,15.04
fold2_room1_mix0842,49,4,0,-1,-4,12.36
fold2_room1_mix0842,50,0,0,133,-2,14.50
fold2_room1_mix0842,50,4,0,-1,-3,11.74
fold2_room1_mix0842,51,0,0,133,-2,14.75
fold2_room1_mix0842,51,4,0,0,-3,11.43
fold2_room1_mix0842,52,0,0,134,-2,15.32
fold2_room1_mix0842,52,4,0,-4,-4,10.54
fold2_room1_mix0842,53,0,0,130,-2,13.81
fold2_room1_mix0842,53,4,0,-4,-4,10.44
fold2_room1_mix0842,54,0,0,130,-2,14.21
fold2_room1_mix0842,54,4,0,-4,-4,10.25
fold2_room1_mix0842,55,0,0,127,-2,13.83
fold2_room1_mix0842,55,4,0,-6,-4,9.89
fold2_room1_mix0842,56,0,0,124,-2,13.58
fold2_room1_mix0842,56,4,0,-8,-4,9.10
fold2_room1_mix0842,57,0,0,122,-2,12.79
fold2_room1_mix0842,57,4,0,-8,-4,8.68
fold2_room1_mix0842,58,0,0,118,-2,11.79
fold2_room1_mix0842,58,4,0,-9,-4,7.92
fold2_room1_mix0842,59,0,0,117,-2,11.98
fold2_room1_mix0842,59,4,0,-9,-4,7.37
fold2_room1_mix0842,60,0,0,111,-2,11.00
fold2_room1_mix0842,60,4,0,-13,-4,6.49
fold2_room1_mix0842,61,0,0,108,-2,10.20
fold2_room1_mix0842,61,4,0,-11,-4,6.27
fold2_room1_mix0842,62,0,0,105,-2,10.88
fold2_room1_mix0842,62,4,0,-11,-4,5.78
fold2_room1_mix0842,63,0,0,97,-2,11.07
fold2_room1_mix0842,63,4,0,-13,-6,5.44
fold2_room1_mix0842,64,0,0,95,-2,10.46
fold2_room1_mix0842,64,4,0,-13,-7,4.74
fold2_room1_mix0842,65,0,0,97,-2,11.12
fold2_room1_mix0842,65,4,0,-15,-7,4.47
fold2_room1_mix0842,66,0,0,91,-2,12.16
fold2_room1_mix0842,66,4,0,-13,-7,4.48
fold2_room1_mix0842,67,0,0,84,-2,11.83
fold2_room1_mix0842,67,4,0,-17,-7,4.05
fold2_room1_mix0842,68,0,0,95,-2,8.04
fold2_room1_mix0842,68,4,0,-22,-8,3.47
fold2_room1_mix0842,69,0,0,103,-2,8.38
fold2_room1_mix0842,69,4,0,-20,-8,3.29
fold2_room1_mix0842,70,4,0,-23,-9,3.02
fold2_room1_mix0842,71,4,0,-24,-12,2.74
fold2_room1_mix0842,72,4,0,-29,-12,2.41
fold2_room1_mix0842,73,4,0,-35,-15,1.90
fold2_room1_mix0842,74,4,0,-43,-19,1.64
fold2_room1_mix0842,75,4,0,-54,-22,1.43
fold2_room1_mix0842,76,4,0,-72,-26,1.40
fold2_room1_mix0842,77,4,0,-94,-27,1.29
fold2_room1_mix0842,78,4,0,-116,-23,1.33
fold2_room1_mix0842,79,4,0,-131,-18,1.49
fold2_room1_mix0842,80,4,0,-141,-17,1.88
fold2_room1_mix0842,81,4,0,-149,-15,2.20
fold2_room1_mix0842,82,0,0,170,-1,5.43
fold2_room1_mix0842,82,4,0,-151,-12,2.45
fold2_room1_mix0842,83,0,0,171,-1,2.15
fold2_room1_mix0842,83,4,0,-155,-11,2.68
fold2_room1_mix0842,84,0,0,170,0,4.03
fold2_room1_mix0842,84,4,0,-157,-10,2.99
fold2_room1_mix0842,85,4,0,-159,-8,3.08
fold2_room1_mix0842,86,4,0,-162,-8,3.37
fold2_room1_mix0842,87,4,0,-162,-7,3.88
fold2_room1_mix0842,88,4,0,-164,-7,4.26
fold2_room1_mix0842,89,4,0,-165,-6,4.78
fold2_room1_mix0842,90,4,0,-165,-6,5.02
fold2_room1_mix0842,91,4,0,-167,-5,5.59
fold2_room1_mix0842,92,4,0,-168,-5,5.91
fold2_room1_mix0842,93,4,0,-168,-5,6.40
fold2_room1_mix0842,94,4,0,-169,-4,6.95
fold2_room1_mix0842,95,4,0,-170,-4,7.54
fold2_room1_mix0842,96,4,0,-170,-3,7.89
fold2_room1_mix0842,97,4,0,-170,-3,8.08
fold2_room1_mix0842,98,4,0,-172,-3,8.80
fold2_room1_mix0842,99,4,0,-172,-3,9.26
fold2_room1_mix0844,52,4,0,-12,-3,8.04
fold2_room1_mix0844,53,4,0,-13,-3,5.86
fold2_room1_mix0844,54,4,0,-12,-3,9.30
fold2_room1_mix0844,55,4,0,-14,-2,8.86
fold2_room1_mix0844,56,4,0,-16,-4,8.71
fold2_room1_mix0844,57,4,0,-17,-3,9.54
fold2_room1_mix0844,58,4,0,-20,-4,8.91
fold2_room1_mix0844,59,4,0,-21,-5,8.91
fold2_room1_mix0844,60,4,0,-23,-5,8.54
fold2_room1_mix0844,61,4,0,-25,-5,7.82
fold2_room1_mix0844,62,4,0,-22,-5,7.63
fold2_room1_mix0844,63,4,0,-24,-5,7.16
fold2_room1_mix0844,64,4,0,-26,-5,6.53
fold2_room1_mix0844,65,4,0,-29,-6,5.99
fold2_room1_mix0844,66,4,0,-35,-5,5.61
fold2_room1_mix0844,67,4,0,-36,-6,5.37
fold2_room1_mix0844,68,4,0,-39,-6,4.91
fold2_room1_mix0844,69,4,0,-47,-7,4.51
fold2_room1_mix0844,70,4,0,-54,-7,4.00
fold2_room1_mix0844,71,4,0,-61,-9,3.92
fold2_room1_mix0844,72,4,0,-71,-9,3.57
fold2_room1_mix0844,73,4,0,-82,-11,3.70
fold2_room1_mix0844,74,4,0,-90,-11,3.58
fold2_room1_mix0844,75,4,0,-102,-11,3.40
fold2_room1_mix0844,76,4,0,-110,-10,3.52
fold2_room1_mix0844,77,4,0,-121,-9,3.89
fold2_room1_mix0844,78,4,0,-129,-8,4.10
fold2_room1_mix0844,79,4,0,-135,-7,4.68
fold2_room1_mix0844,80,4,0,-139,-6,5.20
fold2_room1_mix0844,81,4,0,-141,-6,5.54
fold2_room1_mix0844,82,4,0,-147,-5,5.99
fold2_room1_mix0844,83,4,0,-146,-5,6.38
fold2_room1_mix0844,84,4,0,-149,-5,6.58
fold2_room1_mix0844,85,4,0,-151,-4,7.39
fold2_room1_mix0844,86,4,0,-153,-4,7.71
fold2_room1_mix0844,87,4,0,-154,-4,8.54
fold2_room1_mix0844,88,4,0,-155,-4,8.37
fold2_room1_mix0844,89,4,0,-157,-3,9.52
fold2_room1_mix0844,90,4,0,-158,-3,9.26
fold2_room1_mix0844,91,4,0,-158,-3,9.99
fold2_room1_mix0844,92,4,0,-159,-3,10.47
fold2_room1_mix0844,93,4,0,-160,-2,10.84
fold2_room1_mix0844,94,4,0,-162,-2,9.32
fold2_room1_mix0844,95,4,0,-163,-2,5.11
fold2_room1_mix0844,96,4,0,-163,-2,8.27
fold2_room1_mix0844,98,4,0,-167,-1,2.43
fold2_room1_mix0845,23,4,0,140,0,4.97
fold2_room1_mix0845,24,4,0,136,-1,13.17
fold2_room1_mix0845,25,4,0,138,-1,5.98
fold2_room1_mix0845,26,4,0,135,-1,14.95
fold2_room1_mix0845,27,4,0,133,-1,17.52
fold2_room1_mix0845,28,4,0,133,-1,16.23
fold2_room1_mix0845,29,4,0,134,-2,16.49
fold2_room1_mix0845,30,4,0,135,-2,18.01
fold2_room1_mix0845,31,4,0,134,-2,18.88
fold2_room1_mix0845,32,4,0,133,-2,18.34
fold2_room1_mix0845,33,4,0,132,-2,19.01
fold2_room1_mix0845,34,4,0,135,-2,19.02
fold2_room1_mix0845,35,4,0,133,-2,18.92
fold2_room1_mix0845,36,4,0,130,-2,18.54
fold2_room1_mix0845,37,4,0,127,-2,17.79
fold2_room1_mix0845,38,4,0,127,-2,18.09
fold2_room1_mix0845,39,4,0,120,-2,17.38
fold2_room1_mix0845,40,4,0,131,-1,18.19
fold2_room1_mix0845,40,4,0,103,-3,17.69
fold2_room1_mix0845,41,4,0,129,-1,18.02
fold2_room1_mix0845,41,4,0,88,-3,17.46
fold2_room1_mix0845,42,4,0,143,-2,18.43
fold2_room1_mix0845,42,4,0,126,-1,19.71
fold2_room1_mix0845,42,4,0,88,-3,19.16
fold2_room1_mix0845,43,4,0,147,-1,18.18
fold2_room1_mix0845,43,4,0,125,0,18.91
fold2_room1_mix0845,43,4,0,86,-3,17.68
fold2_room1_mix0845,44,4,0,129,-1,18.15
fold2_room1_mix0845,44,4,0,70,-3,18.26
fold2_room1_mix0845,45,4,0,138,0,18.86
fold2_room1_mix0845,45,4,0,114,-1,16.66
fold2_room1_mix0845,45,4,0,24,-2,16.67
fold2_room1_mix0845,46,4,0,141,-1,18.92
fold2_room1_mix0845,46,4,0,115,-1,17.52
fold2_room1_mix0845,46,4,0,37,-3,16.59
fold2_room1_mix0845,47,3,0,59,-3,8.81
fold2_room1_mix0845,47,4,0,126,-1,17.05
fold2_room1_mix0845,47,4,0,90,-3,15.96
fold2_room1_mix0845,48,3,0,52,-3,10.62
fold2_room1_mix0845,48,4,0,126,-1,16.86
fold2_room1_mix0845,48,4,0,107,-3,15.63
fold2_room1_mix0845,49,3,0,57,-4,10.84
fold2_room1_mix0845,49,4,0,122,-2,16.73
fold2_room1_mix0845,49,4,0,101,-4,16.39
fold2_room1_mix0845,50,3,0,66,-4,10.29
fold2_room1_mix0845,50,4,0,129,-4,17.19
fold2_room1_mix0845,50,4,0,106,-3,15.58
fold2_room1_mix0845,51,3,0,72,-5,9.26
fold2_room1_mix0845,51,4,0,113,-3,16.18
fold2_room1_mix0845,51,4,0,91,-4,16.01
fold2_room1_mix0845,52,3,0,73,-5,9.81
fold2_room1_mix0845,52,4,0,121,-4,17.79
fold2_room1_mix0845,52,4,0,102,-3,15.86
fold2_room1_mix0845,52,4,0,53,-4,16.59
fold2_room1_mix0845,53,3,0,80,-7,8.85
fold2_room1_mix0845,53,4,0,105,-4,14.61
fold2_room1_mix0845,53,4,0,17,-2,15.63
fold2_room1_mix0845,54,4,0,112,-5,15.42
fold2_room1_mix0845,54,4,0,85,-4,15.33
fold2_room1_mix0845,54,4,0,17,-4,14.80
fold2_room1_mix0845,55,4,0,102,-3,16.00
fold2_room1_mix0845,55,4,0,-3,-3,13.56
fold2_room1_mix0845,56,4,0,114,-3,17.47
fold2_room1_mix0845,56,4,0,90,-2,15.85
fold2_room1_mix0845,56,4,0,-7,-4,11.73
fold2_room1_mix0845,57,4,0,109,-2,16.50
fold2_room1_mix0845,57,4,0,62,-3,13.24
fold2_room1_mix0845,57,4,0,1,-3,11.71
fold2_room1_mix0845,58,3,0,103,-5,6.26
fold2_room1_mix0845,58,4,0,113,-2,18.72
fold2_room1_mix0845,58,4,0,68,-3,14.10
fold2_room1_mix0845,58,4,0,-3,-4,11.21
fold2_room1_mix0845,59,4,0,109,-1,17.12
fold2_room1_mix0845,59,4,0,4,-2,12.44
fold2_room1_mix0845,60,3,0,130,-5,7.68
fold2_room1_mix0845,60,4,0,121,0,20.97
fold2_room1_mix0845,60,4,0,96,-1,14.83
fold2_room1_mix0845,60,4,0,2,-4,11.94
fold2_room1_mix0845,61,0,0,-176,-1,7.30
fold2_room1_mix0845,61,3,0,119,-6,7.90
fold2_room1_mix0845,61,4,0,124,-1,18.02
fold2_room1_mix0845,61,4,0,82,0,14.47
fold2_room1_mix0845,61,4,0,4,-3,13.86
fold2_room1_mix0845,62,0,0,-176,-1,12.88
fold2_room1_mix0845,62,3,0,107,-6,6.06
fold2_room1_mix0845,62,4,0,122,0,18.87
fold2_room1_mix0845,62,4,0,100,-1,13.23
fold2_room1_mix0845,62,4,0,2,-4,11.00
fold2_room1_mix0845,63,0,0,-179,-1,16.23
fold2_room1_mix0845,63,3,0,125,-5,9.90
fold2_room1_mix0845,63,4,0,109,-1,14.65
fold2_room1_mix0845,63,4,0,7,-5,10.12
fold2_room1_mix0845,64,0,0,-176,-1,20.45
fold2_room1_mix0845,64,3,0,130,-5,8.92
fold2_room1_mix0845,64,4,0,116,-1,16.44
fold2_room1_mix0845,64,4,0,83,-1,14.39
fold2_room1_mix0845,64,4,0,8,-4,11.15
fold2_room1_mix0845,65,0,0,-177,-1,27.82
fold2_room1_mix0845,65,4,0,118,0,16.57
fold2_room1_mix0845,65,4,0,91,0,12.79
fold2_room1_mix0845,65,4,0,-5,-6,7.74
fold2_room1_mix0845,66,0,0,-178,-1,42.73
fold2_room1_mix0845,66,4,0,104,-1,15.08
fold2_room1_mix0845,66,4,0,49,-3,8.61
fold2_room1_mix0845,66,4,0,0,-8,4.84
fold2_room1_mix0845,67,0,0,-175,-1,26.97
fold2_room1_mix0845,67,4,0,117,0,16.62
fold2_room1_mix0845,67,4,0,10,-9,5.31
fold2_room1_mix0845,68,0,0,-177,-1,42.46
fold2_room1_mix0845,68,4,0,100,0,15.76
fold2_room1_mix0845,68,4,0,6,-10,4.41
fold2_room1_mix0845,69,0,0,-173,-1,60.72
fold2_room1_mix0845,69,4,0,90,-2,14.45
fold2_room1_mix0845,69,4,0,-26,-17,2.02
fold2_room1_mix0845,69,4,0,0,-12,3.63
fold2_room1_mix0845,70,0,0,-177,-1,45.57
fold2_room1_mix0845,70,4,0,84,-14,6.06
fold2_room1_mix0845,70,4,0,-52,-18,1.10
fold2_room1_mix0845,70,4,0,39,-5,7.92
fold2_room1_mix0845,71,0,0,-176,-1,48.67
fold2_room1_mix0845,71,4,0,-82,-19,1.07
fold2_room1_mix0845,71,4,0,79,0,12.33
fold2_room1_mix0845,72,0,0,-176,-1,57.88
fold2_room1_mix0845,72,4,0,179,-11,4.04
fold2_room1_mix0845,72,4,0,-122,-14,1.29
fold2_room1_mix0845,72,4,0,105,-1,8.28
fold2_room1_mix0845,73,0,0,178,-1,40.54
fold2_room1_mix0845,73,4,0,-162,-11,2.38
fold2_room1_mix0845,73,4,0,-144,-11,1.53
fold2_room1_mix0845,73,4,0,98,5,15.77
fold2_room1_mix0845,74,0,0,-178,-1,48.77
fold2_room1_mix0845,74,4,0,-158,-8,2.79
fold2_room1_mix0845,74,4,0,100,2,14.17
fold2_room1_mix0845,75,0,0,-177,-1,44.32
fold2_room1_mix0845,75,4,0,-164,-8,3.00
fold2_room1_mix0845,75,4,0,82,-1,15.41
fold2_room1_mix0845,76,0,0,-179,-1,55.04
fold2_room1_mix0845,76,4,0,-168,-5,3.91
fold2_room1_mix0845,76,4,0,75,-2,14.15
fold2_room1_mix0845,77,0,0,-176,-1,46.55
fold2_room1_mix0845,77,4,0,-174,-5,4.67
fold2_room1_mix0845,77,4,0,82,-2,14.81
fold2_room1_mix0845,78,0,0,-175,-1,44.18
fold2_room1_mix0845,78,4,0,-173,-5,5.00
fold2_room1_mix0845,78,4,0,74,-3,16.38
fold2_room1_mix0845,79,0,0,-177,-1,46.28
fold2_room1_mix0845,79,4,0,-176,-2,6.16
fold2_room1_mix0845,79,4,0,118,0,11.35
fold2_room1_mix0845,79,4,0,59,-2,13.94
fold2_room1_mix0845,80,0,0,-177,-1,48.31
fold2_room1_mix0845,80,4,0,-173,-3,7.00
fold2_room1_mix0845,80,4,0,109,-3,9.60
fold2_room1_mix0845,80,4,0,55,-2,14.28
fold2_room1_mix0845,81,0,0,-176,-1,43.60
fold2_room1_mix0845,81,4,0,-172,-4,7.02
fold2_room1_mix0845,81,4,0,114,-2,12.55
fold2_room1_mix0845,81,4,0,59,-2,17.54
fold2_room1_mix0845,82,0,0,-175,-1,42.13
fold2_room1_mix0845,82,4,0,-173,-2,8.60
fold2_room1_mix0845,82,4,0,83,0,13.87
fold2_room1_mix0845,82,4,0,57,-2,14.90
fold2_room1_mix0845,83,0,0,-175,-1,46.39
fold2_room1_mix0845,83,4,0,-174,-2,9.58
fold2_room1_mix0845,83,4,0,118,-1,12.75
fold2_room1_mix0845,83,4,0,59,-1,16.99
fold2_room1_mix0845,84,0,0,-174,-1,40.04
fold2_room1_mix0845,84,4,0,-172,-3,9.86
fold2_room1_mix0845,84,4,0,129,-2,12.05
fold2_room1_mix0845,84,4,0,56,-2,15.90
fold2_room1_mix0845,85,0,0,-174,-1,50.65
fold2_room1_mix0845,85,4,0,-174,-2,10.68
fold2_room1_mix0845,85,4,0,154,-1,14.56
fold2_room1_mix0845,85,4,0,54,-2,16.69
fold2_room1_mix0845,86,0,0,-177,-1,57.30
fold2_room1_mix0845,86,4,0,179,-2,11.90
fold2_room1_mix0845,86,4,0,163,-2,14.12
fold2_room1_mix0845,86,4,0,50,-2,19.61
fold2_room1_mix0845,87,0,0,-175,-1,50.50
fold2_room1_mix0845,87,4,0,177,-1,13.28
fold2_room1_mix0845,87,4,0,48,-2,17.68
fold2_room1_mix0845,88,0,0,-175,-1,62.45
fold2_room1_mix0845,88,4,0,-175,-1,13.38
fold2_room1_mix0845,88,4,0,48,-1,19.42
fold2_room1_mix0845,89,0,0,-177,-1,58.90
fold2_room1_mix0845,89,4,0,-173,0,10.66
fold2_room1_mix0845,89,4,0,49,0,14.40
fold2_room1_mix0845,90,0,0,-177,0,17.58
fold2_room1_mix0845,90,4,0,179,-1,15.02
fold2_room1_mix0845,90,4,0,92,-1,16.19
fold2_room1_mix0845,90,4,0,46,0,20.99
fold2_room1_mix0845,91,0,0,-177,0,15.91
fold2_room1_mix0845,91,4,0,-179,-1,16.02
fold2_room1_mix0845,91,4,0,64,-1,16.55
fold2_room1_mix0845,91,4,0,48,-1,19.67
fold2_room1_mix0845,92,0,0,-177,0,5.66
fold2_room1_mix0845,92,4,0,178,-1,16.40
fold2_room1_mix0845,92,4,0,148,-2,17.37
fold2_room1_mix0845,92,4,0,49,-1,21.74
fold2_room1_mix0845,93,0,0,-179,0,2.33
fold2_room1_mix0845,93,4,0,179,-1,17.15
fold2_room1_mix0845,93,4,0,68,-2,17.82
fold2_room1_mix0845,93,4,0,49,-1,21.16
fold2_room1_mix0845,94,4,0,171,-1,19.85
fold2_room1_mix0845,94,4,0,70,-3,21.35
fold2_room1_mix0845,94,4,0,44,0,25.30
fold2_room1_mix0845,95,0,0,-179,0,2.65
fold2_room1_mix0845,95,4,0,168,-1,18.17
fold2_room1_mix0845,95,4,0,48,-1,21.08
fold2_room1_mix0845,96,4,0,168,-1,19.95
fold2_room1_mix0845,96,4,0,45,-1,23.53
fold2_room1_mix0845,97,4,0,166,0,20.81
fold2_room1_mix0845,97,4,0,56,0,23.95
fold2_room1_mix0845,98,4,0,156,0,18.53
fold2_room1_mix0845,98,4,0,78,-1,20.56
fold2_room1_mix0845,99,4,0,158,-1,17.94
fold2_room1_mix0845,99,4,0,96,-2,19.62
fold2_room1_mix0846,30,4,0,-178,0,3.32
fold2_room1_mix0846,32,4,0,-179,0,6.28
fold2_room1_mix0846,36,4,0,-178,0,6.31
fold2_room1_mix0846,39,4,0,-173,0,20.08
fold2_room1_mix0846,40,4,0,-178,0,4.78
fold2_room1_mix0846,41,4,0,-178,0,17.72
fold2_room1_mix0846,42,4,0,-178,0,20.92
fold2_room1_mix0846,43,4,0,-178,0,27.73
fold2_room1_mix0846,44,4,0,-175,0,32.82
fold2_room1_mix0846,45,4,0,-172,0,30.34
fold2_room1_mix0846,46,4,0,-176,0,28.85
fold2_room1_mix0846,47,4,0,-173,0,29.73
fold2_room1_mix0846,48,4,0,-175,0,30.69
fold2_room1_mix0846,49,4,0,-174,0,31.19
fold2_room1_mix0846,50,4,0,-172,0,27.15
fold2_room1_mix0846,51,4,0,-172,0,27.94
fold2_room1_mix0846,52,4,0,-173,0,28.77
fold2_room1_mix0846,53,4,0,-171,0,25.40
fold2_room1_mix0846,54,4,0,-171,0,25.56
fold2_room1_mix0846,55,4,0,-170,0,25.83
fold2_room1_mix0846,56,4,0,-169,0,24.87
fold2_room1_mix0846,57,4,0,-168,0,23.03
fold2_room1_mix0846,58,4,0,-169,0,21.91
fold2_room1_mix0846,59,4,0,-167,0,22.09
fold2_room1_mix0846,60,4,0,-165,0,21.57
fold2_room1_mix0846,61,4,0,-165,0,20.78
fold2_room1_mix0846,62,4,0,-164,0,20.14
fold2_room1_mix0846,63,4,0,-163,0,19.42
fold2_room1_mix0846,64,4,0,-163,-1,17.71
fold2_room1_mix0846,65,4,0,-163,-1,17.57
fold2_room1_mix0846,66,4,0,-162,-1,17.25
fold2_room1_mix0846,67,4,0,-160,-1,16.05
fold2_room1_mix0846,68,4,0,-160,-1,16.03
fold2_room1_mix0846,69,4,0,-159,-1,14.83
fold2_room1_mix0846,70,4,0,-156,-2,13.87
fold2_room1_mix0846,71,4,0,-155,-2,13.14
fold2_room1_mix0846,72,4,0,-154,-2,12.66
fold2_room1_mix0846,73,4,0,-150,-2,11.95
fold2_room1_mix0846,74,4,0,-149,-2,11.03
fold2_room1_mix0846,75,4,0,-144,-3,9.79
fold2_room1_mix0846,76,4,0,-143,-3,9.96
fold2_room1_mix0846,77,4,0,-142,-3,9.38
fold2_room1_mix0846,78,4,0,-136,-3,8.12
fold2_room1_mix0846,79,4,0,-134,-3,7.81
fold2_room1_mix0846,80,4,0,-130,-4,7.29
fold2_room1_mix0846,81,4,0,-126,-4,6.87
fold2_room1_mix0846,82,4,0,-119,-5,6.13
fold2_room1_mix0846,83,4,0,-115,-4,5.96
fold2_room1_mix0846,84,4,0,-106,-4,6.00
fold2_room1_mix0846,85,4,0,-97,-5,6.30
fold2_room1_mix0846,86,4,0,-89,-5,6.23
fold2_room1_mix0846,87,4,0,-81,-5,6.27
fold2_room1_mix0846,88,4,0,-72,-4,6.89
fold2_room1_mix0846,89,4,0,-63,-4,7.32
fold2_room1_mix0846,90,4,0,-55,-4,7.34
fold2_room1_mix0846,91,4,0,-49,-4,7.45
fold2_room1_mix0846,92,4,0,-44,-3,8.71
fold2_room1_mix0846,93,4,0,-41,-3,8.86
fold2_room1_mix0846,94,4,0,-36,-3,9.26
fold2_room1_mix0846,95,4,0,-33,-2,10.16
fold2_room1_mix0846,96,4,0,-31,-2,10.90
fold2_room1_mix0846,97,4,0,-27,-2,11.52
fold2_room1_mix0846,98,4,0,-26,-2,12.08
fold2_room1_mix0846,99,4,0,-22,-2,13.16
fold2_room1_mix0847,3,4,0,179,1,2.02
fold2_room1_mix0847,4,4,0,179,0,16.91
fold2_room1_mix0847,5,4,0,178,0,19.47
fold2_room1_mix0847,6,4,0,179,0,22.44
fold2_room1_mix0847,7,4,0,178,0,28.26
fold2_room1_mix0847,8,4,0,178,0,31.08
fold2_room1_mix0847,9,4,0,177,0,29.90
fold2_room1_mix0847,10,4,0,178,0,30.12
fold2_room1_mix0847,11,4,0,177,0,29.02
fold2_room1_mix0847,12,4,0,176,0,29.72
fold2_room1_mix0847,13,4,0,176,0,29.13
fold2_room1_mix0847,14,4,0,177,0,30.82
fold2_room1_mix0847,15,4,0,176,-1,29.09
fold2_room1_mix0847,16,4,0,176,-1,27.71
fold2_room1_mix0847,17,4,0,175,0,28.41
fold2_room1_mix0847,18,4,0,176,0,28.88
fold2_room1_mix0847,19,4,0,176,0,28.91
fold2_room1_mix0847,20,4,0,175,0,28.37
fold2_room1_mix0847,21,4,0,174,-1,27.81
fold2_room1_mix0847,22,4,0,175,-1,27.39
fold2_room1_mix0847,23,4,0,174,-1,25.56
fold2_room1_mix0847,24,4,0,174,-1,25.18
fold2_room1_mix0847,25,4,0,173,-1,24.91
fold2_room1_mix0847,26,4,0,173,-1,24.92
fold2_room1_mix0847,27,4,0,171,-1,23.76
fold2_room1_mix0847,28,4,0,172,-1,23.13
fold2_room1_mix0847,29,4,0,172,-1,22.15
fold2_room1_mix0847,30,4,0,172,-1,22.01
fold2_room1_mix0847,31,4,0,171,-1,21.47
fold2_room1_mix0847,32,4,0,172,-1,20.87
fold2_room1_mix0847,33,4,0,170,-1,20.91
fold2_room1_mix0847,34,4,0,171,-1,20.43
fold2_room1_mix0847,35,4,0,170,-1,19.96
fold2_room1_mix0847,36,4,0,170,-1,18.90
fold2_room1_mix0847,37,4,0,170,-1,17.98
fold2_room1_mix0847,38,4,0,169,-1,17.90
fold2_room1_mix0847,39,4,0,169,-1,16.87
fold2_room1_mix0847,40,4,0,167,-1,16.22
fold2_room1_mix0847,41,4,0,167,-2,15.23
fold2_room1_mix0847,42,4,0,166,-2,14.51
fold2_room1_mix0847,43,4,0,165,-2,14.02
fold2_room1_mix0847,44,4,0,165,-2,12.91
fold2_room1_mix0847,45,4,0,165,-2,12.70
fold2_room1_mix0847,46,4,0,165,-2,12.53
fold2_room1_mix0847,47,4,0,164,-3,11.38
fold2_room1_mix0847,48,4,0,163,-3,10.48
fold2_room1_mix0847,49,4,0,163,-3,10.44
fold2_room1_mix0847,50,4,0,162,-4,9.79
fold2_room1_mix0847,51,4,0,160,-4,9.24
fold2_room1_mix0847,52,4,0,160,-4,8.53
fold2_room1_mix0847,53,4,0,158,-4,8.35
fold2_room1_mix0847,54,4,0,156,-4,7.67
fold2_room1_mix0847,55,4,0,153,-5,7.06
fold2_room1_mix0847,56,4,0,152,-5,6.27
fold2_room1_mix0847,57,4,0,150,-5,5.84
fold2_room1_mix0847,58,4,0,146,-6,4.99
fold2_room1_mix0847,59,4,0,142,-7,4.56
fold2_room1_mix0847,60,4,0,135,-7,3.99
fold2_room1_mix0847,61,4,0,124,-8,3.48
fold2_room1_mix0847,62,4,0,109,-9,3.35
fold2_room1_mix0847,63,4,0,94,-10,3.34
fold2_room1_mix0847,64,4,0,83,-10,3.16
fold2_room1_mix0847,65,4,0,70,-8,3.44
fold2_room1_mix0847,66,4,0,61,-7,3.55
fold2_room1_mix0847,67,4,0,51,-6,3.76
fold2_room1_mix0847,68,4,0,43,-5,3.92
fold2_room1_mix0847,69,4,0,37,-5,4.62
fold2_room1_mix0847,70,4,0,34,-4,5.05
fold2_room1_mix0847,71,4,0,30,-5,5.60
fold2_room1_mix0847,72,4,0,27,-4,6.06
fold2_room1_mix0847,73,4,0,25,-3,7.00
fold2_room1_mix0847,74,4,0,24,-3,7.46
fold2_room1_mix0847,75,4,0,23,-3,7.91
fold2_room1_mix0847,76,4,0,21,-3,8.57
fold2_room1_mix0847,77,4,0,19,-3,9.19
fold2_room1_mix0847,78,4,0,18,-3,9.87
fold2_room1_mix0847,79,4,0,17,-3,10.28
fold2_room1_mix0847,80,4,0,16,-3,10.74
fold2_room1_mix0847,81,4,0,15,-2,11.56
fold2_room1_mix0847,82,4,0,15,-2,11.98
fold2_room1_mix0847,83,4,0,14,-2,12.78
fold2_room1_mix0847,84,4,0,14,-2,13.46
fold2_room1_mix0847,85,4,0,13,-2,13.71
fold2_room1_mix0847,86,4,0,13,-2,14.40
fold2_room1_mix0847,87,4,0,12,-2,14.78
fold2_room1_mix0847,88,4,0,12,-2,15.66
fold2_room1_mix0847,89,4,0,11,-2,16.19
fold2_room1_mix0847,90,4,0,11,-2,16.37
fold2_room1_mix0847,91,4,0,11,-2,17.40
fold2_room1_mix0847,92,4,0,11,-2,17.24
fold2_room1_mix0847,93,4,0,11,-1,17.47
fold2_room1_mix0847,94,4,0,11,-1,19.23
fold2_room1_mix0847,95,4,0,11,-1,19.28
fold2_room1_mix0847,96,4,0,10,-1,19.67
fold2_room1_mix0847,97,4,0,10,-1,21.72
fold2_room1_mix0847,98,4,0,10,-1,22.09
fold2_room1_mix0847,99,4,0,9,-1,21.76
fold2_room1_mix0848,4,4,0,-176,0,17.71
fold2_room1_mix0848,4,4,0,0,-1,13.63
fold2_room1_mix0848,5,4,0,-176,0,23.21
fold2_room1_mix0848,5,4,0,0,0,18.27
fold2_room1_mix0848,6,4,0,-175,0,21.66
fold2_room1_mix0848,6,4,0,0,0,18.51
fold2_room1_mix0848,7,4,0,-176,0,36.65
fold2_room1_mix0848,7,4,0,1,-1,29.00
fold2_room1_mix0848,8,4,0,-174,0,35.55
fold2_room1_mix0848,8,4,0,0,-1,28.72
fold2_room1_mix0848,9,4,0,-176,0,36.05
fold2_room1_mix0848,9,4,0,0,-1,28.32
fold2_room1_mix0848,10,4,0,-176,0,36.30
fold2_room1_mix0848,10,4,0,0,-1,28.53
fold2_room1_mix0848,14,4,0,-1,-1,26.29
fold2_room1_mix0848,16,4,0,-3,-2,24.77
fold2_room1_mix0848,25,4,0,-6,-2,20.46
fold2_room1_mix0848,26,4,0,-174,-2,25.75
fold2_room1_mix0848,26,4,0,-4,-2,19.76
fold2_room1_mix0848,27,4,0,-5,-2,19.38
fold2_room1_mix0848,28,4,0,-6,-2,19.42
fold2_room1_mix0848,29,4,0,-5,-2,17.04
fold2_room1_mix0848,32,4,0,-176,-1,23.57
fold2_room1_mix0848,32,4,0,-7,-2,16.00
fold2_room1_mix0848,33,4,0,-176,-2,22.15
fold2_room1_mix0848,33,4,0,-7,-2,15.86
fold2_room1_mix0848,34,4,0,-172,-1,21.85
fold2_room1_mix0848,34,4,0,-6,-3,14.22
fold2_room1_mix0848,35,4,0,-175,-1,20.31
fold2_room1_mix0848,35,4,0,-7,-2,13.77
fold2_room1_mix0848,36,4,0,-175,-1,21.24
fold2_room1_mix0848,36,4,0,-6,-3,13.18
fold2_room1_mix0848,37,4,0,-177,-1,20.25
fold2_room1_mix0848,37,4,0,-7,-3,12.88
fold2_room1_mix0848,38,4,0,-176,-1,19.10
fold2_room1_mix0848,38,4,0,-7,-3,11.56
fold2_room1_mix0848,39,4,0,-177,-1,18.64
fold2_room1_mix0848,39,4,0,-8,-3,11.15
fold2_room1_mix0848,40,4,0,-176,-1,17.57
fold2_room1_mix0848,40,4,0,-9,-3,10.93
fold2_room1_mix0848,41,4,0,-176,-2,17.19
fold2_room1_mix0848,41,4,0,-10,-4,9.51
fold2_room1_mix0848,42,4,0,-174,-1,17.13
fold2_room1_mix0848,42,4,0,-11,-4,9.10
fold2_room1_mix0848,43,4,0,-175,-2,15.34
fold2_room1_mix0848,43,4,0,-12,-5,7.98
fold2_room1_mix0848,44,4,0,-173,-1,17.39
fold2_room1_mix0848,44,4,0,-12,-5,8.03
fold2_room1_mix0848,45,4,0,-172,-2,14.92
fold2_room1_mix0848,45,4,0,-13,-5,7.02
fold2_room1_mix0848,46,4,0,-172,-2,13.88
fold2_room1_mix0848,46,4,0,-14,-6,6.41
fold2_room1_mix0848,47,4,0,-171,-2,14.03
fold2_room1_mix0848,47,4,0,-15,-6,6.31
fold2_room1_mix0848,48,4,0,-173,-2,13.00
fold2_room1_mix0848,48,4,0,-16,-6,5.80
fold2_room1_mix0848,49,4,0,-172,-3,11.76
fold2_room1_mix0848,49,4,0,-18,-7,4.95
fold2_room1_mix0848,50,4,0,-172,-2,12.11
fold2_room1_mix0848,50,4,0,-17,-8,4.67
fold2_room1_mix0848,51,4,0,-170,-3,12.75
fold2_room1_mix0848,51,4,0,-18,-9,4.41
fold2_room1_mix0848,52,4,0,-170,-3,13.46
fold2_room1_mix0848,52,4,0,-23,-10,3.90
fold2_room1_mix0848,53,4,0,-169,-3,13.36
fold2_room1_mix0848,53,4,0,-26,-11,3.45
fold2_room1_mix0848,54,4,0,-169,-2,15.28
fold2_room1_mix0848,54,4,0,-31,-12,3.14
fold2_room1_mix0848,55,4,0,-168,-3,15.23
fold2_room1_mix0848,55,4,0,-34,-15,2.60
fold2_room1_mix0848,56,4,0,-166,-3,14.65
fold2_room1_mix0848,56,4,0,-37,-15,2.47
fold2_room1_mix0848,57,4,0,-164,-4,14.94
fold2_room1_mix0848,57,4,0,-49,-20,2.14
fold2_room1_mix0848,58,4,0,-162,-5,13.16
fold2_room1_mix0848,58,4,0,-68,-23,1.77
fold2_room1_mix0848,59,4,0,-158,-6,12.80
fold2_room1_mix0848,59,4,0,-92,-23,1.91
fold2_room1_mix0848,60,4,0,-161,-6,11.23
fold2_room1_mix0848,60,4,0,-111,-20,2.15
fold2_room1_mix0848,61,4,0,-161,-8,8.36
fold2_room1_mix0848,61,4,0,-126,-18,2.22
fold2_room1_mix0848,62,4,0,-160,-9,7.37
fold2_room1_mix0848,62,4,0,-138,-15,2.66
fold2_room1_mix0848,63,4,0,-149,-11,4.42
fold2_room1_mix0848,64,4,0,-155,-10,4.27
fold2_room1_mix0848,64,4,0,-131,-10,4.65
fold2_room1_mix0848,65,4,0,-158,-10,4.56
fold2_room1_mix0848,65,4,0,-125,-11,4.64
fold2_room1_mix0848,66,4,0,-159,-10,4.38
fold2_room1_mix0848,66,4,0,-102,-12,4.92
fold2_room1_mix0848,67,4,0,-161,-8,4.77
fold2_room1_mix0848,67,4,0,-89,-11,5.10
fold2_room1_mix0848,68,4,0,-165,-8,5.29
fold2_room1_mix0848,68,4,0,-73,-11,4.39
fold2_room1_mix0848,69,4,0,-166,-7,5.37
fold2_room1_mix0848,69,4,0,-60,-11,3.91
fold2_room1_mix0848,70,4,0,-169,-7,5.58
fold2_room1_mix0848,70,4,0,-48,-10,3.51
fold2_room1_mix0848,71,4,0,-170,-6,6.02
fold2_room1_mix0848,71,4,0,-41,-7,4.50
fold2_room1_mix0848,72,4,0,-166,-6,5.85
fold2_room1_mix0848,72,4,0,-37,-7,4.75
fold2_room1_mix0848,73,4,0,-169,-6,6.47
fold2_room1_mix0848,73,4,0,-35,-7,5.30
fold2_room1_mix0848,74,4,0,-170,-5,6.84
fold2_room1_mix0848,74,4,0,-32,-6,5.85
fold2_room1_mix0848,75,4,0,-168,-5,7.01
fold2_room1_mix0848,75,4,0,-29,-5,6.64
fold2_room1_mix0848,76,4,0,-168,-5,7.53
fold2_room1_mix0848,76,4,0,-29,-5,6.81
fold2_room1_mix0848,77,4,0,-170,-4,8.62
fold2_room1_mix0848,77,4,0,-26,-5,7.90
fold2_room1_mix0848,78,4,0,-170,-4,8.44
fold2_room1_mix0848,78,4,0,-27,-4,8.63
fold2_room1_mix0848,79,4,0,-170,-4,9.00
fold2_room1_mix0848,79,4,0,-26,-3,9.42
fold2_room1_mix0848,80,4,0,-171,-4,9.58
fold2_room1_mix0848,80,4,0,-23,-3,10.84
fold2_room1_mix0848,81,4,0,-172,-3,10.39
fold2_room1_mix0848,81,4,0,-24,-3,11.30
fold2_room1_mix0848,82,4,0,-172,-3,9.81
fold2_room1_mix0848,82,4,0,-21,-2,11.36
fold2_room1_mix0848,83,4,0,-171,-3,10.33
fold2_room1_mix0848,83,4,0,-19,-2,11.63
fold2_room1_mix0848,84,4,0,-172,-3,11.51
fold2_room1_mix0848,84,4,0,-17,-2,13.84
fold2_room1_mix0848,85,4,0,-171,-3,11.44
fold2_room1_mix0848,85,4,0,-17,-2,12.86
fold2_room1_mix0848,86,4,0,-172,-3,11.92
fold2_room1_mix0848,86,4,0,-16,-2,15.01
fold2_room1_mix0848,87,4,0,-173,-3,12.81
fold2_room1_mix0848,87,4,0,-13,-2,15.86
fold2_room1_mix0848,88,4,0,-173,-3,13.79
fold2_room1_mix0848,88,4,0,-12,-2,16.61
fold2_room1_mix0848,89,4,0,-174,-2,15.08
fold2_room1_mix0848,89,4,0,-11,-1,18.14
fold2_room1_mix0848,90,4,0,-174,-2,15.90
fold2_room1_mix0848,90,4,0,-9,-1,20.27
fold2_room1_mix0848,91,4,0,-174,-2,16.54
fold2_room1_mix0848,91,4,0,-13,-1,19.80
fold2_room1_mix0848,92,4,0,-175,-2,16.36
fold2_room1_mix0848,92,4,0,-11,-1,21.52
fold2_room1_mix0848,93,4,0,-174,-1,16.89
fold2_room1_mix0848,93,4,0,-10,-1,21.68
fold2_room1_mix0848,94,4,0,-174,-2,16.39
fold2_room1_mix0848,94,4,0,-10,-1,21.35
fold2_room1_mix0848,95,4,0,-174,-2,16.83
fold2_room1_mix0848,95,4,0,-8,-1,22.12
fold2_room1_mix0848,96,4,0,-174,-1,17.37
fold2_room1_mix0848,96,4,0,-8,-1,23.87
fold2_room1_mix0848,97,4,0,-175,-1,19.30
fold2_room1_mix0848,97,4,0,-6,-1,24.28
fold2_room1_mix0848,98,4,0,-175,-1,18.08
fold2_room1_mix0848,98,4,0,-6,-1,23.08
fold2_room1_mix0848,99,4,0,-175,-1,17.43
fold2_room1_mix0848,99,4,0,-6,-1,21.97
fold2_room1_mix0848,3,4,0,-4,0,3.47
fold2_room1_mix0848,11,4,0,0,-1,29.22
fold2_room1_mix0848,12,4,0,1,-1,28.81
fold2_room1_mix0848,13,4,0,0,-1,27.81
fold2_room1_mix0848,15,4,0,-1,-1,26.24
fold2_room1_mix0848,17,4,0,-2,-1,25.12
fold2_room1_mix0848,18,4,0,-2,-1,23.49
fold2_room1_mix0848,19,4,0,-3,-1,22.44
fold2_room1_mix0848,20,4,0,-2,-2,23.95
fold2_room1_mix0848,21,4,0,-3,-2,22.29
fold2_room1_mix0848,22,4,0,-4,-2,19.80
fold2_room1_mix0848,23,4,0,-5,-2,19.86
fold2_room1_mix0848,24,4,0,-4,-2,20.68
fold2_room1_mix0848,30,4,0,-6,-2,17.54
fold2_room1_mix0848,31,4,0,-6,-2,17.36
fold2_room1_mix0849,7,4,0,1,0,3.96
fold2_room1_mix0849,11,4,0,2,0,11.32
fold2_room1_mix0849,12,4,0,0,0,9.05
fold2_room1_mix0849,13,4,0,-1,0,11.94
fold2_room1_mix0849,14,4,0,0,0,19.63
fold2_room1_mix0849,15,4,0,-3,0,12.54
fold2_room1_mix0849,16,4,0,-3,0,22.05
fold2_room1_mix0849,18,4,0,0,0,11.64
fold2_room1_mix0849,19,4,0,-2,0,20.25
fold2_room1_mix0849,20,4,0,0,0,32.45
fold2_room1_mix0849,22,4,0,0,0,34.78
fold2_room1_mix0849,23,4,0,-1,0,35.51
fold2_room1_mix0849,24,4,0,-2,0,38.28
fold2_room1_mix0849,25,4,0,0,0,40.64
fold2_room1_mix0849,26,4,0,0,-1,42.53
fold2_room1_mix0849,27,4,0,-1,0,44.18
fold2_room1_mix0849,28,4,0,1,0,43.19
fold2_room1_mix0849,29,4,0,0,0,43.63
fold2_room1_mix0849,30,4,0,-1,0,42.74
fold2_room1_mix0849,31,4,0,1,0,44.90
fold2_room1_mix0849,32,4,0,0,0,46.41
fold2_room1_mix0849,33,4,0,0,0,44.13
fold2_room1_mix0849,34,4,0,0,0,44.78
fold2_room1_mix0849,35,4,0,-1,0,43.36
fold2_room1_mix0849,36,4,0,2,0,46.79
fold2_room1_mix0849,37,4,0,0,0,45.40
fold2_room1_mix0849,38,4,0,0,0,46.17
fold2_room1_mix0849,39,4,0,2,0,46.42
fold2_room1_mix0849,40,4,0,4,0,44.77
fold2_room1_mix0849,41,4,0,1,0,42.16
fold2_room1_mix0849,42,4,0,3,0,40.36
fold2_room1_mix0849,43,4,0,3,0,38.98
fold2_room1_mix0849,44,4,0,-1,0,38.62
fold2_room1_mix0849,45,4,0,0,0,35.96
fold2_room1_mix0849,46,4,0,0,0,34.39
fold2_room1_mix0849,47,4,0,0,0,36.37
fold2_room1_mix0849,48,4,0,2,0,35.48
fold2_room1_mix0849,49,4,0,0,0,33.19
fold2_room1_mix0849,50,4,0,0,0,32.23
fold2_room1_mix0849,51,4,0,0,0,33.84
fold2_room1_mix0849,52,4,0,1,0,32.79
fold2_room1_mix0849,53,4,0,-1,0,30.28
fold2_room1_mix0849,54,4,0,0,0,30.35
fold2_room1_mix0849,55,4,0,1,0,29.56
fold2_room1_mix0849,56,4,0,2,0,26.88
fold2_room1_mix0849,57,4,0,0,0,26.77
fold2_room1_mix0849,58,4,0,0,0,25.39
fold2_room1_mix0849,59,4,0,2,0,25.22
fold2_room1_mix0849,60,4,0,1,0,23.53
fold2_room1_mix0849,61,4,0,1,0,21.85
fold2_room1_mix0849,62,4,0,0,-1,20.88
fold2_room1_mix0849,63,4,0,1,-1,20.79
fold2_room1_mix0849,64,4,0,0,-1,19.13
fold2_room1_mix0849,65,4,0,0,-1,18.55
fold2_room1_mix0849,66,4,0,-1,-1,17.86
fold2_room1_mix0849,67,4,0,0,-1,17.56
fold2_room1_mix0849,68,4,0,-1,-1,16.75
fold2_room1_mix0849,69,4,0,-2,-1,15.95
fold2_room1_mix0849,70,4,0,-2,-1,15.33
fold2_room1_mix0849,71,4,0,-2,-1,14.13
fold2_room1_mix0849,72,4,0,-3,-2,13.45
fold2_room1_mix0849,73,4,0,-3,-2,12.91
fold2_room1_mix0849,74,4,0,-4,-2,11.58
fold2_room1_mix0849,75,4,0,-5,-2,10.79
fold2_room1_mix0849,76,4,0,-5,-2,10.57
fold2_room1_mix0849,77,4,0,-7,-3,9.08
fold2_room1_mix0849,78,4,0,-7,-3,8.47
fold2_room1_mix0849,79,4,0,-9,-4,7.32
fold2_room1_mix0849,80,4,0,-9,-4,6.33
fold2_room1_mix0849,81,4,0,-12,-5,5.24
fold2_room1_mix0849,82,4,0,-16,-6,4.30
fold2_room1_mix0849,83,4,0,-21,-7,3.56
fold2_room1_mix0849,84,4,0,-25,-9,2.75
fold2_room1_mix0849,85,4,0,-36,-11,1.95
fold2_room1_mix0849,86,4,0,-54,-14,1.52
fold2_room1_mix0849,87,4,0,-95,-17,1.31
fold2_room1_mix0849,88,4,0,-124,-12,1.48
fold2_room1_mix0849,89,4,0,-144,-7,2.04
fold2_room1_mix0849,90,4,0,-152,-6,2.76
fold2_room1_mix0849,91,4,0,-155,-5,3.71
fold2_room1_mix0849,92,4,0,-161,-4,4.49
fold2_room1_mix0849,93,4,0,-163,-4,5.22
fold2_room1_mix0849,94,4,0,-164,-3,5.77
fold2_room1_mix0849,95,4,0,-168,-2,7.17
fold2_room1_mix0849,96,4,0,-168,-2,7.46
fold2_room1_mix0849,97,4,0,-169,-2,8.48
fold2_room1_mix0849,98,4,0,-170,-2,9.21
fold2_room1_mix0849,99,4,0,-171,-2,10.21
fold2_room1_mix0849,21,4,0,-1,0,8.20
fold2_room1_mix0850,25,4,0,172,0,5.13
fold2_room1_mix0850,27,4,0,175,0,19.85
fold2_room1_mix0850,28,4,0,175,0,18.15
fold2_room1_mix0850,29,4,0,173,-1,19.35
fold2_room1_mix0850,30,4,0,173,-1,20.93
fold2_room1_mix0850,31,4,0,173,-1,20.74
fold2_room1_mix0850,32,4,0,174,-1,20.90
fold2_room1_mix0850,33,4,0,175,-1,20.35
fold2_room1_mix0850,34,4,0,175,-1,20.14
fold2_room1_mix0850,35,4,0,175,-1,19.33
fold2_room1_mix0850,36,4,0,175,-1,19.28
fold2_room1_mix0850,37,4,0,176,-1,18.69
fold2_room1_mix0850,38,4,0,176,-1,18.49
fold2_room1_mix0850,39,4,0,174,-1,17.71
fold2_room1_mix0850,40,4,0,177,-1,17.98
fold2_room1_mix0850,41,4,0,177,-1,16.76
fold2_room1_mix0850,42,4,0,177,-1,16.03
fold2_room1_mix0850,43,4,0,176,-2,15.16
fold2_room1_mix0850,44,4,0,175,-1,14.79
fold2_room1_mix0850,45,4,0,176,-2,13.76
fold2_room1_mix0850,46,4,0,174,-2,13.61
fold2_room1_mix0850,47,4,0,174,-2,12.50
fold2_room1_mix0850,48,4,0,173,-2,11.75
fold2_room1_mix0850,49,4,0,174,-2,11.49
fold2_room1_mix0850,50,4,0,174,-3,10.19
fold2_room1_mix0850,51,4,0,172,-3,9.49
fold2_room1_mix0850,52,4,0,174,-3,9.61
fold2_room1_mix0850,53,4,0,174,-4,8.74
fold2_room1_mix0850,54,4,0,173,-5,7.78
fold2_room1_mix0850,55,4,0,172,-5,7.38
fold2_room1_mix0850,56,4,0,171,-5,7.08
fold2_room1_mix0850,57,4,0,171,-6,6.44
fold2_room1_mix0850,58,4,0,169,-6,6.00
fold2_room1_mix0850,59,4,0,168,-7,5.20
fold2_room1_mix0850,60,4,0,166,-9,4.57
fold2_room1_mix0850,61,4,0,165,-11,3.86
fold2_room1_mix0850,62,4,0,163,-12,3.63
fold2_room1_mix0850,63,4,0,158,-16,2.94
fold2_room1_mix0850,64,4,0,152,-19,2.59
fold2_room1_mix0850,65,4,0,139,-26,1.94
fold2_room1_mix0850,66,4,0,119,-31,1.66
fold2_room1_mix0850,67,4,0,91,-34,1.54
fold2_room1_mix0850,68,4,0,59,-30,1.67
fold2_room1_mix0850,69,4,0,40,-24,1.97
fold2_room1_mix0850,70,4,0,28,-20,2.32
fold2_room1_mix0850,71,4,0,24,-15,2.93
fold2_room1_mix0850,72,4,0,20,-13,3.45
fold2_room1_mix0850,73,4,0,17,-11,3.76
fold2_room1_mix0850,74,4,0,15,-10,4.31
fold2_room1_mix0850,75,4,0,13,-9,4.94
fold2_room1_mix0850,76,4,0,12,-8,5.52
fold2_room1_mix0850,77,4,0,11,-7,6.01
fold2_room1_mix0850,78,4,0,11,-6,6.97
fold2_room1_mix0850,79,4,0,11,-6,7.24
fold2_room1_mix0850,80,4,0,11,-5,7.74
fold2_room1_mix0850,81,4,0,10,-6,8.32
fold2_room1_mix0850,82,4,0,9,-5,9.01
fold2_room1_mix0850,83,4,0,9,-5,9.60
fold2_room1_mix0850,84,4,0,9,-4,10.30
fold2_room1_mix0850,85,4,0,9,-4,10.69
fold2_room1_mix0850,86,4,0,9,-4,11.25
fold2_room1_mix0850,87,4,0,8,-4,12.24
fold2_room1_mix0850,88,4,0,8,-3,13.41
fold2_room1_mix0850,89,4,0,7,-3,13.19
fold2_room1_mix0850,90,4,0,7,-3,13.81
fold2_room1_mix0850,91,4,0,7,-3,15.05
fold2_room1_mix0850,92,4,0,7,-3,14.66
fold2_room1_mix0850,93,4,0,6,-3,15.20
fold2_room1_mix0850,94,4,0,7,-3,16.64
fold2_room1_mix0850,95,4,0,6,-3,15.95
fold2_room1_mix0850,96,4,0,7,-2,17.12
fold2_room1_mix0850,97,4,0,7,-2,18.92
fold2_room1_mix0850,98,4,0,7,-2,18.92
fold2_room1_mix0850,99,4,0,6,-3,17.81
fold2_room1_mix0851,5,4,0,0,1,4.85
fold2_room1_mix0851,6,4,0,2,0,11.97
fold2_room1_mix0851,7,4,0,2,0,18.11
fold2_room1_mix0851,8,4,0,3,0,21.86
fold2_room1_mix0851,9,4,0,2,0,28.79
fold2_room1_mix0851,10,4,0,4,0,27.81
fold2_room1_mix0851,11,4,0,5,-1,33.57
fold2_room1_mix0851,12,4,0,5,0,36.72
fold2_room1_mix0851,13,4,0,4,0,32.68
fold2_room1_mix0851,14,4,0,6,0,34.39
fold2_room1_mix0851,15,4,0,5,0,31.76
fold2_room1_mix0851,16,4,0,5,0,32.19
fold2_room1_mix0851,17,4,0,4,0,31.61
fold2_room1_mix0851,18,4,0,5,0,31.47
fold2_room1_mix0851,19,4,0,5,0,33.06
fold2_room1_mix0851,20,4,0,5,0,33.90
fold2_room1_mix0851,21,4,0,6,0,39.07
fold2_room1_mix0851,22,4,0,4,0,34.01
fold2_room1_mix0851,23,4,0,5,0,39.56
fold2_room1_mix0851,24,4,0,5,0,39.34
fold2_room1_mix0851,25,4,0,5,0,39.80
fold2_room1_mix0851,26,4,0,5,-1,41.84
fold2_room1_mix0851,27,4,0,5,0,43.49
fold2_room1_mix0851,28,4,0,6,0,47.28
fold2_room1_mix0851,29,4,0,5,0,45.40
fold2_room1_mix0851,30,4,0,6,0,47.31
fold2_room1_mix0851,31,4,0,6,0,49.25
fold2_room1_mix0851,32,4,0,5,0,47.96
fold2_room1_mix0851,33,4,0,6,0,47.91
fold2_room1_mix0851,34,1,0,-177,-2,18.33
fold2_room1_mix0851,34,4,0,7,0,41.38
fold2_room1_mix0851,35,1,0,175,-3,42.68
fold2_room1_mix0851,35,4,0,7,0,38.80
fold2_room1_mix0851,36,1,0,177,-3,41.56
fold2_room1_mix0851,36,4,0,8,-1,42.35
fold2_room1_mix0851,37,1,0,170,-3,32.61
fold2_room1_mix0851,37,4,0,6,0,43.81
fold2_room1_mix0851,38,1,0,176,-3,20.96
fold2_room1_mix0851,38,4,0,7,0,46.17
fold2_room1_mix0851,39,1,0,173,-2,41.24
fold2_room1_mix0851,39,4,0,7,0,45.69
fold2_room1_mix0851,40,1,0,174,-2,27.64
fold2_room1_mix0851,40,4,0,8,0,41.99
fold2_room1_mix0851,41,1,0,172,-2,38.18
fold2_room1_mix0851,41,4,0,6,0,44.47
fold2_room1_mix0851,42,1,0,177,-1,4.54
fold2_room1_mix0851,42,4,0,6,0,52.91
fold2_room1_mix0851,43,1,0,171,-3,32.80
fold2_room1_mix0851,43,4,0,4,0,44.79
fold2_room1_mix0851,44,1,0,167,-2,30.13
fold2_room1_mix0851,44,4,0,6,0,49.09
fold2_room1_mix0851,45,1,0,165,-2,30.40
fold2_room1_mix0851,45,4,0,5,0,46.78
fold2_room1_mix0851,46,1,0,165,-2,30.61
fold2_room1_mix0851,46,4,0,5,1,45.51
fold2_room1_mix0851,47,4,0,5,0,52.63
fold2_room1_mix0851,48,1,0,160,-2,18.80
fold2_room1_mix0851,48,4,0,4,0,47.80
fold2_room1_mix0851,49,1,0,161,-3,21.74
fold2_room1_mix0851,49,4,0,6,0,47.54
fold2_room1_mix0851,50,1,0,161,-3,26.16
fold2_room1_mix0851,50,4,0,5,0,50.26
fold2_room1_mix0851,51,1,0,164,-2,7.57
fold2_room1_mix0851,51,4,0,7,0,52.93
fold2_room1_mix0851,52,1,0,158,-3,21.78
fold2_room1_mix0851,52,4,0,6,0,47.69
fold2_room1_mix0851,53,1,0,154,-3,16.58
fold2_room1_mix0851,53,4,0,7,0,50.48
fold2_room1_mix0851,54,1,0,145,-3,14.66
fold2_room1_mix0851,54,4,0,6,0,46.90
fold2_room1_mix0851,55,1,0,139,-3,14.70
fold2_room1_mix0851,55,4,0,6,0,50.26
fold2_room1_mix0851,56,4,0,4,0,42.56
fold2_room1_mix0851,57,1,0,118,-3,6.72
fold2_room1_mix0851,57,4,0,4,0,30.33
fold2_room1_mix0851,58,1,0,109,-5,9.68
fold2_room1_mix0851,58,4,0,7,0,38.18
fold2_room1_mix0851,59,1,0,95,-4,8.41
fold2_room1_mix0851,59,4,0,7,0,33.21
fold2_room1_mix0851,60,1,0,85,-4,9.41
fold2_room1_mix0851,60,4,0,7,0,34.61
fold2_room1_mix0851,61,4,0,9,0,34.11
fold2_room1_mix0851,62,1,0,54,-4,10.11
fold2_room1_mix0851,62,4,0,3,0,26.56
fold2_room1_mix0851,63,1,0,38,-4,13.48
fold2_room1_mix0851,63,4,0,9,0,29.65
fold2_room1_mix0851,64,1,0,38,-3,8.75
fold2_room1_mix0851,64,4,0,5,0,25.44
fold2_room1_mix0851,65,4,0,6,0,21.72
fold2_room1_mix0851,66,4,0,6,-1,20.69
fold2_room1_mix0851,67,1,0,29,-3,15.44
fold2_room1_mix0851,67,4,0,4,0,22.35
fold2_room1_mix0851,68,1,0,26,-3,17.72
fold2_room1_mix0851,68,4,0,5,0,19.74
fold2_room1_mix0851,69,1,0,23,-2,10.54
fold2_room1_mix0851,69,4,0,7,0,26.48
fold2_room1_mix0851,70,4,0,5,0,18.74
fold2_room1_mix0851,71,4,0,6,-1,22.80
fold2_room1_mix0851,72,1,0,15,-2,16.71
fold2_room1_mix0851,72,4,0,6,0,20.68
fold2_room1_mix0851,73,1,0,16,-3,23.36
fold2_room1_mix0851,73,4,0,5,0,18.87
fold2_room1_mix0851,74,1,0,14,-2,12.38
fold2_room1_mix0851,74,4,0,5,0,21.47
fold2_room1_mix0851,75,4,0,9,0,17.45
fold2_room1_mix0851,76,4,0,5,-1,15.60
fold2_room1_mix0851,77,1,0,9,-2,15.95
fold2_room1_mix0851,77,4,0,5,0,16.63
fold2_room1_mix0851,78,1,0,10,-2,23.53
fold2_room1_mix0851,78,4,0,4,0,15.03
fold2_room1_mix0851,79,1,0,10,-2,17.27
fold2_room1_mix0851,79,4,0,7,0,16.09
fold2_room1_mix0851,80,4,0,9,-1,13.61
fold2_room1_mix0851,81,4,0,4,-2,11.43
fold2_room1_mix0851,82,1,0,7,-2,13.32
fold2_room1_mix0851,82,4,0,7,-1,10.79
fold2_room1_mix0851,83,1,0,4,-2,24.29
fold2_room1_mix0851,83,4,0,6,-2,10.36
fold2_room1_mix0851,84,1,0,7,-2,20.75
fold2_room1_mix0851,84,4,0,7,-1,9.87
fold2_room1_mix0851,85,4,0,18,-5,6.64
fold2_room1_mix0851,86,4,0,25,-6,5.39
fold2_room1_mix0851,87,4,0,38,-9,3.15
fold2_room1_mix0851,88,4,0,54,-10,2.69
fold2_room1_mix0851,89,4,0,77,-13,2.41
fold2_room1_mix0851,90,4,0,114,-12,2.33
fold2_room1_mix0851,91,4,0,136,-7,3.02
fold2_room1_mix0851,92,4,0,149,-6,3.36
fold2_room1_mix0851,93,4,0,151,-5,4.52
fold2_room1_mix0851,94,4,0,156,-3,5.53
fold2_room1_mix0851,95,4,0,162,-3,6.01
fold2_room1_mix0851,96,4,0,165,-3,6.91
fold2_room1_mix0851,97,4,0,167,-2,7.93
fold2_room1_mix0851,98,4,0,167,-2,8.72
fold2_room1_mix0851,99,4,0,169,-2,9.37
fold2_room1_mix0851,4,4,0,-1,0,1.77
fold2_room1_mix0852,3,4,0,-179,0,4.89
fold2_room1_mix0852,4,4,0,179,0,9.10
fold2_room1_mix0852,5,4,0,179,-1,19.72
fold2_room1_mix0852,6,4,0,-179,0,20.59
fold2_room1_mix0852,7,4,0,-177,0,24.10
fold2_room1_mix0852,8,4,0,179,-1,39.33
fold2_room1_mix0852,9,4,0,-179,-1,39.68
fold2_room1_mix0852,10,4,0,-179,0,38.36
fold2_room1_mix0852,11,4,0,179,0,40.13
fold2_room1_mix0852,12,4,0,179,0,39.70
fold2_room1_mix0852,13,4,0,179,0,39.47
fold2_room1_mix0852,14,4,0,178,0,39.91
fold2_room1_mix0852,15,4,0,179,0,39.92
fold2_room1_mix0852,16,4,0,179,0,37.25
fold2_room1_mix0852,17,4,0,179,-1,38.18
fold2_room1_mix0852,18,4,0,179,0,40.06
fold2_room1_mix0852,19,4,0,179,0,38.08
fold2_room1_mix0852,20,4,0,178,0,39.10
fold2_room1_mix0852,21,4,0,-179,0,38.02
fold2_room1_mix0852,22,4,0,178,0,36.76
fold2_room1_mix0852,23,4,0,179,0,35.24
fold2_room1_mix0852,24,4,0,-179,0,35.90
fold2_room1_mix0852,25,4,0,-178,0,35.31
fold2_room1_mix0852,26,4,0,-178,0,34.11
fold2_room1_mix0852,27,4,0,-179,0,35.11
fold2_room1_mix0852,28,4,0,-177,0,31.47
fold2_room1_mix0852,29,4,0,-177,0,32.13
fold2_room1_mix0852,30,4,0,-179,0,31.32
fold2_room1_mix0852,31,4,0,-177,0,29.59
fold2_room1_mix0852,32,4,0,-177,0,29.52
fold2_room1_mix0852,33,4,0,-175,0,29.70
fold2_room1_mix0852,34,4,0,-177,0,29.06
fold2_room1_mix0852,35,4,0,-175,0,27.73
fold2_room1_mix0852,36,4,0,-176,0,28.06
fold2_room1_mix0852,37,4,0,-176,0,27.12
fold2_room1_mix0852,38,4,0,-177,0,25.80
fold2_room1_mix0852,39,4,0,-177,0,24.73
fold2_room1_mix0852,40,4,0,-179,-1,24.37
fold2_room1_mix0852,41,4,0,-178,-1,22.42
fold2_room1_mix0852,42,4,0,-177,-1,22.25
fold2_room1_mix0852,43,4,0,-177,-1,22.69
fold2_room1_mix0852,44,4,0,-177,-1,21.25
fold2_room1_mix0852,45,4,0,-177,-1,20.08
fold2_room1_mix0852,46,4,0,-176,-1,20.37
fold2_room1_mix0852,47,4,0,-176,-1,18.83
fold2_room1_mix0852,48,4,0,-177,-1,17.53
fold2_room1_mix0852,49,4,0,-176,-1,16.36
fold2_room1_mix0852,50,4,0,-176,-2,15.63
fold2_room1_mix0852,51,4,0,-176,-2,14.93
fold2_room1_mix0852,52,4,0,-176,-2,14.43
fold2_room1_mix0852,53,4,0,-175,-2,13.59
fold2_room1_mix0852,54,4,0,-176,-3,11.74
fold2_room1_mix0852,55,4,0,-175,-3,11.18
fold2_room1_mix0852,56,4,0,-174,-3,11.12
fold2_room1_mix0852,57,4,0,-172,-3,9.73
fold2_room1_mix0852,58,4,0,-171,-4,8.42
fold2_room1_mix0852,59,4,0,-171,-4,8.14
fold2_room1_mix0852,60,4,0,-168,-5,6.52
fold2_room1_mix0852,61,4,0,-166,-6,5.76
fold2_room1_mix0852,62,4,0,-164,-8,4.45
fold2_room1_mix0852,63,4,0,-162,-10,3.79
fold2_room1_mix0852,64,4,0,-155,-14,2.81
fold2_room1_mix0852,65,4,0,-145,-19,2.11
fold2_room1_mix0852,66,4,0,-116,-32,1.33
fold2_room1_mix0852,67,4,0,-59,-32,1.08
fold2_room1_mix0852,68,4,0,-36,-20,1.52
fold2_room1_mix0852,69,4,0,-26,-15,2.06
fold2_room1_mix0852,70,4,0,-19,-11,3.05
fold2_room1_mix0852,71,4,0,-14,-9,3.83
fold2_room1_mix0852,72,4,0,-11,-7,4.76
fold2_room1_mix0852,73,4,0,-8,-6,5.40
fold2_room1_mix0852,74,4,0,-6,-5,6.24
fold2_room1_mix0852,75,4,0,-5,-5,7.05
fold2_room1_mix0852,76,4,0,-5,-5,7.60
fold2_room1_mix0852,77,4,0,-4,-4,8.32
fold2_room1_mix0852,78,4,0,-4,-4,9.66
fold2_room1_mix0852,79,4,0,-3,-4,10.14
fold2_room1_mix0852,80,4,0,-3,-3,10.79
fold2_room1_mix0852,81,4,0,-3,-3,11.28
fold2_room1_mix0852,82,4,0,-3,-3,12.19
fold2_room1_mix0852,83,4,0,-2,-3,13.10
fold2_room1_mix0852,84,4,0,-2,-3,14.16
fold2_room1_mix0852,85,4,0,-2,-2,15.00
fold2_room1_mix0852,86,4,0,-2,-2,15.78
fold2_room1_mix0852,87,4,0,-1,-2,16.68
fold2_room1_mix0852,88,4,0,0,-2,18.85
fold2_room1_mix0852,89,4,0,0,-2,18.82
fold2_room1_mix0852,90,4,0,0,-2,19.39
fold2_room1_mix0852,91,4,0,0,-2,21.92
fold2_room1_mix0852,92,4,0,0,-2,20.84
fold2_room1_mix0852,93,4,0,0,-2,21.54
fold2_room1_mix0852,94,4,0,0,-2,23.30
fold2_room1_mix0852,95,4,0,0,-2,22.67
fold2_room1_mix0852,96,4,0,0,-2,23.98
fold2_room1_mix0852,97,4,0,1,-2,26.12
fold2_room1_mix0852,98,4,0,1,-2,27.64
fold2_room1_mix0852,99,4,0,1,-1,26.09
fold2_room1_mix0853,2,5,0,127,2,13.10
fold2_room1_mix0853,3,5,0,114,1,14.02
fold2_room1_mix0853,5,5,0,117,0,18.14
fold2_room1_mix0853,6,5,0,113,1,17.44
fold2_room1_mix0853,7,5,0,110,1,16.90
fold2_room1_mix0853,8,5,0,117,0,17.05
fold2_room1_mix0853,9,5,0,114,1,16.75
fold2_room1_mix0853,10,5,0,111,1,15.78
fold2_room1_mix0853,11,5,0,111,1,18.53
fold2_room1_mix0853,12,5,0,116,1,15.52
fold2_room1_mix0853,13,5,0,111,1,16.83
fold2_room1_mix0853,14,5,0,116,1,16.03
fold2_room1_mix0853,15,5,0,118,2,14.02
fold2_room1_mix0853,16,5,0,107,1,14.77
fold2_room1_mix0853,17,5,0,116,2,14.21
fold2_room1_mix0853,18,5,0,112,2,14.17
fold2_room1_mix0853,19,5,0,105,1,17.56
fold2_room1_mix0853,20,5,0,113,3,10.80
fold2_room1_mix0853,21,5,0,112,2,13.36
fold2_room1_mix0853,22,5,0,110,2,14.19
fold2_room1_mix0853,23,4,0,-175,-3,5.98
fold2_room1_mix0853,23,5,0,121,2,14.14
fold2_room1_mix0853,24,4,0,-176,-3,8.03
fold2_room1_mix0853,24,5,0,110,2,13.15
fold2_room1_mix0853,25,4,0,-174,-3,9.70
fold2_room1_mix0853,25,5,0,111,3,12.21
fold2_room1_mix0853,26,4,0,-168,-3,8.35
fold2_room1_mix0853,26,5,0,110,2,13.90
fold2_room1_mix0853,27,4,0,-168,-3,8.74
fold2_room1_mix0853,27,5,0,113,2,13.76
fold2_room1_mix0853,28,1,0,11,-2,9.14
fold2_room1_mix0853,28,4,0,-171,-4,8.10
fold2_room1_mix0853,28,5,0,109,3,11.33
fold2_room1_mix0853,29,1,0,16,-2,27.48
fold2_room1_mix0853,29,4,0,-171,-4,8.00
fold2_room1_mix0853,29,5,0,111,3,13.02
fold2_room1_mix0853,30,1,0,14,-2,26.85
fold2_room1_mix0853,30,4,0,-169,-5,8.10
fold2_room1_mix0853,30,5,0,111,2,13.43
fold2_room1_mix0853,31,1,0,23,-3,27.98
fold2_room1_mix0853,31,4,0,-164,-5,5.67
fold2_room1_mix0853,31,5,0,122,2,14.87
fold2_room1_mix0853,32,1,0,19,-3,20.47
fold2_room1_mix0853,32,4,0,-160,-6,6.10
fold2_room1_mix0853,32,5,0,111,2,14.32
fold2_room1_mix0853,33,1,0,13,-2,23.48
fold2_room1_mix0853,33,4,0,-162,-5,5.48
fold2_room1_mix0853,33,5,0,110,3,12.75
fold2_room1_mix0853,34,1,0,18,-2,25.35
fold2_room1_mix0853,34,4,0,-156,-9,5.57
fold2_room1_mix0853,34,5,0,117,2,14.39
fold2_room1_mix0853,35,1,0,19,-2,25.14
fold2_room1_mix0853,35,4,0,-156,-9,5.79
fold2_room1_mix0853,35,5,0,115,2,15.42
fold2_room1_mix0853,36,1,0,16,-3,18.74
fold2_room1_mix0853,36,4,0,-139,-15,3.64
fold2_room1_mix0853,36,5,0,121,5,8.97
fold2_room1_mix0853,37,1,0,17,-3,5.03
fold2_room1_mix0853,37,4,0,-138,-19,3.72
fold2_room1_mix0853,37,5,0,118,2,15.37
fold2_room1_mix0853,38,1,0,17,-3,18.52
fold2_room1_mix0853,38,4,0,-130,-18,2.89
fold2_room1_mix0853,38,4,0,-26,-15,7.22
fold2_room1_mix0853,38,5,0,112,3,12.55
fold2_room1_mix0853,39,1,0,8,-3,15.24
fold2_room1_mix0853,39,4,0,-128,-21,3.42
fold2_room1_mix0853,39,5,0,123,2,16.20
fold2_room1_mix0853,40,1,0,13,-3,17.99
fold2_room1_mix0853,40,4,0,-102,-23,2.82
fold2_room1_mix0853,40,5,0,115,2,15.96
fold2_room1_mix0853,41,1,0,19,-3,15.79
fold2_room1_mix0853,41,4,0,-76,-18,3.10
fold2_room1_mix0853,41,5,0,113,2,14.47
fold2_room1_mix0853,42,4,0,-52,-21,2.03
fold2_room1_mix0853,42,4,0,-20,-14,4.83
fold2_room1_mix0853,42,5,0,114,2,16.53
fold2_room1_mix0853,43,1,0,27,-3,17.02
fold2_room1_mix0853,43,4,0,-61,-23,2.61
fold2_room1_mix0853,43,4,0,-9,-8,9.05
fold2_room1_mix0853,43,5,0,120,2,16.50
fold2_room1_mix0853,44,1,0,32,-4,15.98
fold2_room1_mix0853,44,4,0,-55,-15,2.80
fold2_room1_mix0853,44,4,0,-29,-11,4.76
fold2_room1_mix0853,44,5,0,113,2,15.69
fold2_room1_mix0853,45,1,0,30,-3,18.60
fold2_room1_mix0853,45,4,0,-39,-15,2.94
fold2_room1_mix0853,45,5,0,111,2,16.00
fold2_room1_mix0853,46,1,0,23,-4,14.58
fold2_room1_mix0853,46,4,0,-28,-12,4.12
fold2_room1_mix0853,46,5,0,117,1,19.00
fold2_room1_mix0853,47,4,0,-20,-8,5.10
fold2_room1_mix0853,47,5,0,121,2,17.72
fold2_room1_mix0853,48,1,0,55,-4,14.61
fold2_room1_mix0853,48,4,0,-24,-9,4.57
fold2_room1_mix0853,48,5,0,113,1,17.25
fold2_room1_mix0853,49,1,0,53,-5,12.78
fold2_room1_mix0853,49,4,0,-12,-6,6.66
fold2_room1_mix0853,49,5,0,117,1,17.78
fold2_room1_mix0853,50,1,0,65,-5,10.09
fold2_room1_mix0853,50,4,0,-21,-6,5.80
fold2_room1_mix0853,50,5,0,110,2,17.37
fold2_room1_mix0853,51,1,0,65,-5,10.71
fold2_room1_mix0853,51,4,0,-17,-7,6.55
fold2_room1_mix0853,51,5,0,116,1,18.00
fold2_room1_mix0853,52,4,0,-6,-5,8.28
fold2_room1_mix0853,52,5,0,116,2,17.23
fold2_room1_mix0853,53,1,0,79,-5,8.76
fold2_room1_mix0853,53,4,0,-13,-6,5.41
fold2_room1_mix0853,53,5,0,104,2,14.64
fold2_room1_mix0853,54,1,0,98,-5,10.78
fold2_room1_mix0853,54,4,0,-15,-8,5.91
fold2_room1_mix0853,54,5,0,109,1,14.86
fold2_room1_mix0853,55,1,0,104,-5,9.80
fold2_room1_mix0853,55,4,0,-7,-6,5.66
fold2_room1_mix0853,55,5,0,120,1,17.50
fold2_room1_mix0853,56,1,0,110,-5,11.29
fold2_room1_mix0853,56,4,0,-8,-7,6.91
fold2_room1_mix0853,56,5,0,108,1,17.71
fold2_room1_mix0853,57,1,0,109,-5,8.26
fold2_room1_mix0853,57,4,0,-5,-6,6.04
fold2_room1_mix0853,57,5,0,110,2,14.06
fold2_room1_mix0853,58,4,0,2,-6,5.98
fold2_room1_mix0853,58,5,0,99,2,16.66
fold2_room1_mix0853,59,1,0,138,-4,9.97
fold2_room1_mix0853,59,4,0,1,-7,6.53
fold2_room1_mix0853,59,5,0,102,2,16.56
fold2_room1_mix0853,60,1,0,138,-4,13.93
fold2_room1_mix0853,60,4,0,-1,-6,6.86
fold2_room1_mix0853,60,5,0,115,2,15.13
fold2_room1_mix0853,61,1,0,133,-4,13.32
fold2_room1_mix0853,61,4,0,0,-7,5.88
fold2_room1_mix0853,61,5,0,100,2,17.00
fold2_room1_mix0853,62,1,0,141,-4,13.45
fold2_room1_mix0853,62,4,0,3,-9,5.52
fold2_room1_mix0853,62,5,0,110,1,15.60
fold2_room1_mix0853,63,4,0,21,-10,3.60
fold2_room1_mix0853,63,5,0,121,2,14.12
fold2_room1_mix0853,64,1,0,143,-3,7.73
fold2_room1_mix0853,64,4,0,9,-13,2.56
fold2_room1_mix0853,64,5,0,91,2,16.01
fold2_room1_mix0853,65,1,0,149,-4,11.82
fold2_room1_mix0853,65,4,0,23,-16,2.60
fold2_room1_mix0853,65,5,0,118,2,15.72
fold2_room1_mix0853,66,1,0,143,-3,9.18
fold2_room1_mix0853,66,4,0,38,-20,1.93
fold2_room1_mix0853,66,5,0,105,2,14.61
fold2_room1_mix0853,67,1,0,147,-4,12.80
fold2_room1_mix0853,67,4,0,37,-33,1.71
fold2_room1_mix0853,67,5,0,111,2,16.24
fold2_room1_mix0853,68,4,0,135,-26,1.63
fold2_room1_mix0853,68,5,0,127,2,15.24
fold2_room1_mix0853,69,4,0,146,-20,1.79
fold2_room1_mix0853,69,5,0,120,2,13.44
fold2_room1_mix0853,70,1,0,157,-2,5.28
fold2_room1_mix0853,70,4,0,160,-18,2.46
fold2_room1_mix0853,70,5,0,114,3,13.81
fold2_room1_mix0853,71,1,0,158,-3,18.64
fold2_room1_mix0853,71,4,0,164,-14,3.19
fold2_room1_mix0853,71,5,0,125,2,15.32
fold2_room1_mix0853,72,1,0,158,-3,17.62
fold2_room1_mix0853,72,4,0,165,-15,3.30
fold2_room1_mix0853,72,5,0,115,2,15.94
fold2_room1_mix0853,73,1,0,156,-3,12.33
fold2_room1_mix0853,73,4,0,156,-8,4.82
fold2_room1_mix0853,73,5,0,118,3,12.25
fold2_room1_mix0853,74,4,0,164,-8,3.96
fold2_room1_mix0853,74,4,0,143,-13,4.96
fold2_room1_mix0853,74,5,0,117,2,16.10
fold2_room1_mix0853,75,1,0,155,-3,18.95
fold2_room1_mix0853,75,4,0,164,-10,5.00
fold2_room1_mix0853,75,5,0,130,2,14.86
fold2_room1_mix0853,76,1,0,162,-3,24.10
fold2_room1_mix0853,76,4,0,176,-5,5.26
fold2_room1_mix0853,76,5,0,113,3,12.44
fold2_room1_mix0853,77,1,0,159,-3,26.34
fold2_room1_mix0853,77,4,0,168,-8,5.49
fold2_room1_mix0853,77,5,0,115,2,16.77
fold2_room1_mix0853,78,1,0,161,-3,24.49
fold2_room1_mix0853,78,4,0,171,-5,6.58
fold2_room1_mix0853,78,4,0,151,-9,6.40
fold2_room1_mix0853,78,5,0,120,2,16.65
fold2_room1_mix0853,79,1,0,164,-3,4.13
fold2_room1_mix0853,79,4,0,171,-4,6.61
fold2_room1_mix0853,79,5,0,121,3,14.12
fold2_room1_mix0853,80,4,0,165,-6,6.73
fold2_room1_mix0853,80,5,0,118,2,16.56
fold2_room1_mix0853,81,1,0,161,-3,23.89
fold2_room1_mix0853,81,4,0,176,-4,6.32
fold2_room1_mix0853,81,4,0,130,-8,7.70
fold2_room1_mix0853,81,5,0,121,2,19.09
fold2_room1_mix0853,82,1,0,163,-3,30.14
fold2_room1_mix0853,82,4,0,179,-3,6.23
fold2_room1_mix0853,82,5,0,117,3,16.71
fold2_room1_mix0853,83,1,0,167,-3,20.32
fold2_room1_mix0853,83,4,0,173,-5,8.78
fold2_room1_mix0853,83,5,0,112,2,17.06
fold2_room1_mix0853,84,1,0,163,-2,16.00
fold2_room1_mix0853,84,4,0,174,-3,5.64
fold2_room1_mix0853,84,5,0,116,3,16.90
fold2_room1_mix0853,85,4,0,165,-4,7.73
fold2_room1_mix0853,85,5,0,115,3,12.54
fold2_room1_mix0853,86,4,0,168,-4,9.78
fold2_room1_mix0853,86,5,0,91,3,15.57
fold2_room1_mix0853,87,4,0,158,-4,8.71
fold2_room1_mix0853,87,5,0,79,3,13.85
fold2_room1_mix0853,88,4,0,167,-3,9.24
fold2_room1_mix0853,88,5,0,82,3,12.84
fold2_room1_mix0853,89,4,0,166,-2,10.74
fold2_room1_mix0853,89,5,0,95,4,10.98
fold2_room1_mix0853,90,4,0,169,-2,9.47
fold2_room1_mix0853,90,5,0,63,3,13.08
fold2_room1_mix0853,91,4,0,168,-2,9.23
fold2_room1_mix0853,91,5,0,71,2,13.92
fold2_room1_mix0853,92,4,0,172,-2,11.39
fold2_room1_mix0853,92,5,0,61,3,13.49
fold2_room1_mix0853,93,4,0,171,-2,11.80
fold2_room1_mix0853,93,5,0,68,3,12.47
fold2_room1_mix0853,94,4,0,176,0,3.91
fold2_room1_mix0853,94,5,0,75,3,13.07
fold2_room1_mix0853,95,5,0,61,3,12.92
fold2_room1_mix0853,96,4,0,178,-1,1.15
fold2_room1_mix0853,96,5,0,64,2,15.09
fold2_room1_mix0853,97,5,0,59,2,12.29
fold2_room1_mix0853,98,5,0,68,2,11.76
fold2_room1_mix0853,99,5,0,57,2,13.06
fold2_room1_mix0853,0,5,0,116,1,3.75
fold2_room1_mix0853,1,5,0,132,0,5.23
fold2_room1_mix0854,36,1,0,69,-2,8.14
fold2_room1_mix0854,37,1,0,79,-4,12.73
fold2_room1_mix0854,38,1,0,83,-4,12.03
fold2_room1_mix0854,39,1,0,84,-3,2.61
fold2_room1_mix0854,40,1,0,92,-4,13.83
fold2_room1_mix0854,41,1,0,100,-4,11.45
fold2_room1_mix0854,42,1,0,110,-3,11.60
fold2_room1_mix0854,43,1,0,113,-3,12.39
fold2_room1_mix0854,45,1,0,123,-3,13.72
fold2_room1_mix0854,46,1,0,127,-3,13.69
fold2_room1_mix0854,47,1,0,126,-3,12.25
fold2_room1_mix0854,48,1,0,131,-3,13.31
fold2_room1_mix0854,50,1,0,136,-3,11.77
fold2_room1_mix0854,51,1,0,138,-3,13.57
fold2_room1_mix0854,52,1,0,137,-3,14.98
fold2_room1_mix0854,53,1,0,140,-3,13.81
fold2_room1_mix0854,55,1,0,142,-3,10.10
fold2_room1_mix0854,56,1,0,143,-3,16.29
fold2_room1_mix0854,57,1,0,145,-2,15.87
fold2_room1_mix0854,58,1,0,148,-2,19.63
fold2_room1_mix0854,59,1,0,143,-3,10.35
fold2_room1_mix0854,60,1,0,151,-3,9.21
fold2_room1_mix0854,61,1,0,149,-2,16.36
fold2_room1_mix0854,62,1,0,153,-2,18.19
fold2_room1_mix0854,63,1,0,154,-2,17.86
fold2_room1_mix0854,64,1,0,154,-2,5.85
fold2_room1_mix0854,75,4,0,1,-1,5.77
fold2_room1_mix0854,76,4,0,3,-1,14.06
fold2_room1_mix0854,77,4,0,6,-2,14.12
fold2_room1_mix0854,78,4,0,3,-2,13.54
fold2_room1_mix0854,79,4,0,6,-3,13.07
fold2_room1_mix0854,80,4,0,10,-3,12.10
fold2_room1_mix0854,81,4,0,7,-3,10.62
fold2_room1_mix0854,82,4,0,11,-4,9.85
fold2_room1_mix0854,83,4,0,11,-4,8.34
fold2_room1_mix0854,84,4,0,14,-5,6.87
fold2_room1_mix0854,85,4,0,15,-7,5.49
fold2_room1_mix0854,86,4,0,20,-9,3.98
fold2_room1_mix0854,87,4,0,28,-13,3.10
fold2_room1_mix0854,88,4,0,45,-19,2.29
fold2_room1_mix0854,89,4,0,85,-25,1.71
fold2_room1_mix0854,90,4,0,127,-19,2.08
fold2_room1_mix0854,91,4,0,148,-13,2.68
fold2_room1_mix0854,92,4,0,157,-9,3.49
fold2_room1_mix0854,93,4,0,160,-8,4.17
fold2_room1_mix0854,94,4,0,165,-6,5.15
fold2_room1_mix0854,95,4,0,168,-5,6.24
fold2_room1_mix0854,96,4,0,171,-4,7.01
fold2_room1_mix0854,97,4,0,172,-3,8.28
fold2_room1_mix0854,98,4,0,172,-2,9.16
fold2_room1_mix0854,99,4,0,173,-2,10.42
fold2_room1_mix0855,0,5,0,-149,5,3.09
fold2_room1_mix0855,2,5,0,-138,6,4.27
fold2_room1_mix0855,3,5,0,-142,8,3.55
fold2_room1_mix0855,5,5,0,-138,8,5.17
fold2_room1_mix0855,6,5,0,-137,7,6.18
fold2_room1_mix0855,7,5,0,-138,10,4.53
fold2_room1_mix0855,8,4,0,12,2,15.02
fold2_room1_mix0855,8,5,0,-141,8,4.82
fold2_room1_mix0855,9,5,0,-142,9,4.77
fold2_room1_mix0855,10,4,0,13,1,19.95
fold2_room1_mix0855,10,5,0,-139,10,4.36
fold2_room1_mix0855,11,4,0,13,0,24.12
fold2_room1_mix0855,11,5,0,-142,12,3.62
fold2_room1_mix0855,12,4,0,22,1,23.23
fold2_room1_mix0855,12,5,0,-142,10,4.17
fold2_room1_mix0855,13,4,0,12,0,25.53
fold2_room1_mix0855,13,5,0,-138,9,4.20
fold2_room1_mix0855,14,4,0,23,0,21.28
fold2_room1_mix0855,14,5,0,-142,11,3.85
fold2_room1_mix0855,15,4,0,26,0,22.99
fold2_room1_mix0855,15,5,0,-138,12,3.62
fold2_room1_mix0855,16,4,0,20,0,27.41
fold2_room1_mix0855,16,5,0,-139,12,3.45
fold2_room1_mix0855,17,4,0,20,0,28.47
fold2_room1_mix0855,17,5,0,-140,11,3.75
fold2_room1_mix0855,18,4,0,18,-1,27.94
fold2_room1_mix0855,18,5,0,-137,11,4.04
fold2_room1_mix0855,19,4,0,21,-1,28.04
fold2_room1_mix0855,19,5,0,-138,11,3.94
fold2_room1_mix0855,20,4,0,13,-1,31.38
fold2_room1_mix0855,20,5,0,-143,10,4.06
fold2_room1_mix0855,21,4,0,17,-1,28.95
fold2_room1_mix0855,21,5,0,-137,11,3.66
fold2_room1_mix0855,22,4,0,15,-1,26.90
fold2_room1_mix0855,22,5,0,-141,9,4.69
fold2_room1_mix0855,23,4,0,16,-2,26.58
fold2_room1_mix0855,23,5,0,-144,11,3.98
fold2_room1_mix0855,24,4,0,16,-2,25.79
fold2_room1_mix0855,24,5,0,-142,10,4.09
fold2_room1_mix0855,25,4,0,17,-2,25.46
fold2_room1_mix0855,25,5,0,-143,10,4.21
fold2_room1_mix0855,26,4,0,13,-2,26.37
fold2_room1_mix0855,26,5,0,-144,10,4.15
fold2_room1_mix0855,27,4,0,16,-2,24.91
fold2_room1_mix0855,27,5,0,-143,10,4.14
fold2_room1_mix0855,28,4,0,17,-2,24.56
fold2_room1_mix0855,28,5,0,-146,10,4.39
fold2_room1_mix0855,29,4,0,16,-2,24.64
fold2_room1_mix0855,29,5,0,-143,10,4.16
fold2_room1_mix0855,30,4,0,16,-2,24.06
fold2_room1_mix0855,30,5,0,-143,9,4.78
fold2_room1_mix0855,31,4,0,17,-2,24.09
fold2_room1_mix0855,31,5,0,-145,9,4.71
fold2_room1_mix0855,32,4,0,20,-2,22.84
fold2_room1_mix0855,32,5,0,-144,10,4.21
fold2_room1_mix0855,33,4,0,18,-2,21.54
fold2_room1_mix0855,33,5,0,-144,9,4.55
fold2_room1_mix0855,34,4,0,21,-2,22.05
fold2_room1_mix0855,34,5,0,-144,9,4.91
fold2_room1_mix0855,35,4,0,25,-2,21.05
fold2_room1_mix0855,35,5,0,-145,8,4.93
fold2_room1_mix0855,36,1,0,55,-3,12.65
fold2_room1_mix0855,36,4,0,22,-2,19.58
fold2_room1_mix0855,36,5,0,-147,8,5.40
fold2_room1_mix0855,37,1,0,73,-4,9.95
fold2_room1_mix0855,37,4,0,23,-2,18.25
fold2_room1_mix0855,37,5,0,-145,8,5.33
fold2_room1_mix0855,38,1,0,92,-4,11.34
fold2_room1_mix0855,38,4,0,27,-2,20.23
fold2_room1_mix0855,38,5,0,-145,7,5.62
fold2_room1_mix0855,39,1,0,85,-4,11.25
fold2_room1_mix0855,39,4,0,22,-3,17.35
fold2_room1_mix0855,39,5,0,-147,7,5.67
fold2_room1_mix0855,40,1,0,94,-4,14.46
fold2_room1_mix0855,40,4,0,23,-3,19.59
fold2_room1_mix0855,40,5,0,-148,6,6.49
fold2_room1_mix0855,41,1,0,131,-3,12.27
fold2_room1_mix0855,41,4,0,22,-3,18.68
fold2_room1_mix0855,41,5,0,-148,6,6.40
fold2_room1_mix0855,42,1,0,146,-3,13.90
fold2_room1_mix0855,42,4,0,24,-3,18.23
fold2_room1_mix0855,42,5,0,-147,7,6.21
fold2_room1_mix0855,43,1,0,139,-3,13.63
fold2_room1_mix0855,43,4,0,22,-3,18.50
fold2_room1_mix0855,43,5,0,-147,7,5.36
fold2_room1_mix0855,44,1,0,132,-3,9.72
fold2_room1_mix0855,44,4,0,23,-3,18.02
fold2_room1_mix0855,44,5,0,-148,7,5.78
fold2_room1_mix0855,45,1,0,145,-4,11.20
fold2_room1_mix0855,45,4,0,23,-2,18.87
fold2_room1_mix0855,45,5,0,-145,7,5.58
fold2_room1_mix0855,46,1,0,154,-3,17.58
fold2_room1_mix0855,46,4,0,25,-2,21.23
fold2_room1_mix0855,46,5,0,-141,8,5.08
fold2_room1_mix0855,47,1,0,156,-3,18.41
fold2_room1_mix0855,47,4,0,22,-3,19.00
fold2_room1_mix0855,47,5,0,-140,8,5.39
fold2_room1_mix0855,48,1,0,155,-3,19.31
fold2_room1_mix0855,48,4,0,25,-3,17.74
fold2_room1_mix0855,48,5,0,-142,9,4.72
fold2_room1_mix0855,49,1,0,155,-3,17.51
fold2_room1_mix0855,49,4,0,22,-4,14.02
fold2_room1_mix0855,49,5,0,-135,9,4.52
fold2_room1_mix0855,50,4,0,30,-3,14.07
fold2_room1_mix0855,50,5,0,-141,7,5.63
fold2_room1_mix0855,51,1,0,162,-3,20.30
fold2_room1_mix0855,51,4,0,32,-4,14.37
fold2_room1_mix0855,51,5,0,-139,9,4.41
fold2_room1_mix0855,52,1,0,163,-3,27.54
fold2_room1_mix0855,52,4,0,24,-4,13.45
fold2_room1_mix0855,52,5,0,-138,9,4.56
fold2_room1_mix0855,53,1,0,160,-2,25.96
fold2_room1_mix0855,53,4,0,33,-4,13.07
fold2_room1_mix0855,53,5,0,-138,9,4.62
fold2_room1_mix0855,54,1,0,160,-2,26.48
fold2_room1_mix0855,54,4,0,32,-4,13.64
fold2_room1_mix0855,54,5,0,-138,9,4.19
fold2_room1_mix0855,55,1,0,170,-2,4.98
fold2_room1_mix0855,55,4,0,43,-4,10.53
fold2_room1_mix0855,55,5,0,-136,10,4.07
fold2_room1_mix0855,56,1,0,158,-3,23.90
fold2_room1_mix0855,56,4,0,32,-4,11.28
fold2_room1_mix0855,56,5,0,-132,10,4.05
fold2_room1_mix0855,57,1,0,164,-2,30.46
fold2_room1_mix0855,57,4,0,34,-5,10.05
fold2_room1_mix0855,57,5,0,-142,10,4.32
fold2_room1_mix0855,58,1,0,159,-2,30.47
fold2_room1_mix0855,58,4,0,35,-6,9.69
fold2_room1_mix0855,58,5,0,-134,10,4.30
fold2_room1_mix0855,59,1,0,155,-2,29.45
fold2_room1_mix0855,59,4,0,36,-5,9.83
fold2_room1_mix0855,59,5,0,-142,9,4.65
fold2_room1_mix0855,60,1,0,157,-2,8.40
fold2_room1_mix0855,60,4,0,56,-7,7.35
fold2_room1_mix0855,60,5,0,-140,9,4.71
fold2_room1_mix0855,61,1,0,156,-3,17.38
fold2_room1_mix0855,61,4,0,49,-6,7.24
fold2_room1_mix0855,61,5,0,-138,9,4.78
fold2_room1_mix0855,62,1,0,164,-2,18.82
fold2_room1_mix0855,62,4,0,55,-6,6.40
fold2_room1_mix0855,62,5,0,-141,10,4.27
fold2_room1_mix0855,63,1,0,159,-2,23.40
fold2_room1_mix0855,63,4,0,52,-6,6.81
fold2_room1_mix0855,63,5,0,-139,11,4.26
fold2_room1_mix0855,64,1,0,160,-2,18.92
fold2_room1_mix0855,64,4,0,65,-7,6.41
fold2_room1_mix0855,64,5,0,-133,11,3.73
fold2_room1_mix0855,65,1,0,155,-3,7.41
fold2_room1_mix0855,65,4,0,81,-9,5.72
fold2_room1_mix0855,65,5,0,-132,12,3.82
fold2_room1_mix0855,66,4,0,82,-10,6.22
fold2_room1_mix0855,66,5,0,-135,10,4.16
fold2_room1_mix0855,67,1,0,172,-2,8.93
fold2_room1_mix0855,67,4,0,97,-9,6.28
fold2_room1_mix0855,67,5,0,-130,12,3.27
fold2_room1_mix0855,68,1,0,157,-2,22.46
fold2_room1_mix0855,68,4,0,76,-7,6.42
fold2_room1_mix0855,68,5,0,-138,12,3.93
fold2_room1_mix0855,69,1,0,153,-2,9.15
fold2_room1_mix0855,69,4,0,98,-7,6.03
fold2_room1_mix0855,69,5,0,-132,12,3.48
fold2_room1_mix0855,70,1,0,156,-2,7.11
fold2_room1_mix0855,70,4,0,110,-5,6.27
fold2_room1_mix0855,70,5,0,-130,13,3.23
fold2_room1_mix0855,71,4,0,112,-5,8.08
fold2_room1_mix0855,71,5,0,-131,12,3.51
fold2_room1_mix0855,72,1,0,163,-1,6.56
fold2_room1_mix0855,72,4,0,117,-5,9.56
fold2_room1_mix0855,72,5,0,-129,11,3.66
fold2_room1_mix0855,73,1,0,162,-2,13.18
fold2_room1_mix0855,73,4,0,125,-4,9.15
fold2_room1_mix0855,73,5,0,-128,15,3.15
fold2_room1_mix0855,74,4,0,120,-4,9.63
fold2_room1_mix0855,74,5,0,-126,12,3.85
fold2_room1_mix0855,75,1,0,167,-1,5.49
fold2_room1_mix0855,75,4,0,130,-2,12.08
fold2_room1_mix0855,75,5,0,-126,14,2.99
fold2_room1_mix0855,76,4,0,131,-3,11.77
fold2_room1_mix0855,76,5,0,-124,13,3.78
fold2_room1_mix0855,77,4,0,138,-3,14.30
fold2_room1_mix0855,77,5,0,-133,12,3.99
fold2_room1_mix0855,78,4,0,141,-2,13.20
fold2_room1_mix0855,78,5,0,-124,15,3.47
fold2_room1_mix0855,79,4,0,144,-2,13.42
fold2_room1_mix0855,79,5,0,-125,13,3.92
fold2_room1_mix0855,80,4,0,148,-2,16.70
fold2_room1_mix0855,80,5,0,-132,16,2.92
fold2_room1_mix0855,81,4,0,143,-1,15.07
fold2_room1_mix0855,81,5,0,-130,13,3.89
fold2_room1_mix0855,82,4,0,150,-1,15.76
fold2_room1_mix0855,82,5,0,-126,14,3.69
fold2_room1_mix0855,83,4,0,153,-1,15.00
fold2_room1_mix0855,83,5,0,-128,15,3.37
fold2_room1_mix0855,84,4,0,152,-1,15.71
fold2_room1_mix0855,84,5,0,-131,12,4.24
fold2_room1_mix0855,85,4,0,157,-1,17.07
fold2_room1_mix0855,85,5,0,-130,17,2.80
fold2_room1_mix0855,86,4,0,155,-1,18.22
fold2_room1_mix0855,86,5,0,-128,16,3.09
fold2_room1_mix0855,87,4,0,153,-1,18.34
fold2_room1_mix0855,87,5,0,-125,13,4.02
fold2_room1_mix0855,88,4,0,157,-1,18.80
fold2_room1_mix0855,88,5,0,-133,14,3.57
fold2_room1_mix0855,89,4,0,157,-1,17.23
fold2_room1_mix0855,89,5,0,-129,14,3.60
fold2_room1_mix0855,90,4,0,157,-1,18.85
fold2_room1_mix0855,90,5,0,-128,13,3.80
fold2_room1_mix0855,91,4,0,159,-1,20.01
fold2_room1_mix0855,91,5,0,-134,14,3.28
fold2_room1_mix0855,92,4,0,158,-1,20.03
fold2_room1_mix0855,92,5,0,-130,13,3.65
fold2_room1_mix0855,93,4,0,161,-1,19.26
fold2_room1_mix0855,93,5,0,-132,13,3.66
fold2_room1_mix0855,94,4,0,159,-1,20.39
fold2_room1_mix0855,94,5,0,-130,14,3.57
fold2_room1_mix0855,95,4,0,160,-1,21.61
fold2_room1_mix0855,95,5,0,-131,12,3.90
fold2_room1_mix0855,96,4,0,158,-1,21.33
fold2_room1_mix0855,96,5,0,-135,15,3.06
fold2_room1_mix0855,97,4,0,160,0,21.05
fold2_room1_mix0855,97,5,0,-130,13,3.74
fold2_room1_mix0855,98,4,0,160,0,22.53
fold2_room1_mix0855,98,5,0,-131,12,3.91
fold2_room1_mix0855,99,4,0,160,-1,20.98
fold2_room1_mix0855,99,5,0,-133,13,3.60
fold2_room1_mix0855,4,5,0,-144,5,1.41
fold2_room1_mix0856,3,4,0,-11,1,3.75
fold2_room1_mix0856,4,4,0,-12,0,12.51
fold2_room1_mix0856,5,4,0,-13,-1,16.64
fold2_room1_mix0856,6,4,0,-14,-1,19.33
fold2_room1_mix0856,7,4,0,-13,-1,24.82
fold2_room1_mix0856,8,4,0,-12,-1,31.78
fold2_room1_mix0856,9,4,0,-16,-1,30.91
fold2_room1_mix0856,10,4,0,-15,-1,29.96
fold2_room1_mix0856,11,4,0,-16,-1,30.19
fold2_room1_mix0856,12,4,0,-16,-1,30.75
fold2_room1_mix0856,13,4,0,-16,-1,29.35
fold2_room1_mix0856,14,4,0,-18,-1,30.78
fold2_room1_mix0856,15,4,0,-20,-1,29.69
fold2_room1_mix0856,16,4,0,-19,-1,29.30
fold2_room1_mix0856,17,4,0,-22,-1,28.77
fold2_room1_mix0856,18,4,0,-25,-1,28.42
fold2_room1_mix0856,19,4,0,-24,-1,28.44
fold2_room1_mix0856,20,4,0,-24,-1,29.42
fold2_room1_mix0856,21,4,0,-25,-1,28.22
fold2_room1_mix0856,22,4,0,-25,-1,28.27
fold2_room1_mix0856,23,4,0,-27,-1,27.38
fold2_room1_mix0856,24,4,0,-28,-1,27.35
fold2_room1_mix0856,25,4,0,-28,-1,26.90
fold2_room1_mix0856,26,4,0,-29,-1,26.30
fold2_room1_mix0856,27,4,0,-30,-1,26.68
fold2_room1_mix0856,28,4,0,-32,-1,25.45
fold2_room1_mix0856,29,4,0,-33,-1,24.92
fold2_room1_mix0856,30,4,0,-34,0,24.84
fold2_room1_mix0856,31,4,0,-35,0,24.23
fold2_room1_mix0856,32,4,0,-35,0,24.13
fold2_room1_mix0856,33,4,0,-36,0,23.83
fold2_room1_mix0856,34,4,0,-37,-1,23.08
fold2_room1_mix0856,35,4,0,-37,0,23.26
fold2_room1_mix0856,36,4,0,-37,0,23.04
fold2_room1_mix0856,37,4,0,-38,0,22.72
fold2_room1_mix0856,38,4,0,-39,0,22.26
fold2_room1_mix0856,39,4,0,-40,0,21.35
fold2_room1_mix0856,40,4,0,-41,-1,21.00
fold2_room1_mix0856,41,4,0,-44,-1,20.15
fold2_room1_mix0856,42,4,0,-46,-1,18.85
fold2_room1_mix0856,43,4,0,-47,-1,18.48
fold2_room1_mix0856,44,4,0,-49,-1,17.61
fold2_room1_mix0856,45,4,0,-52,-1,17.28
fold2_room1_mix0856,46,4,0,-55,-1,16.58
fold2_room1_mix0856,47,4,0,-55,-2,16.20
fold2_room1_mix0856,48,4,0,-55,-1,15.81
fold2_room1_mix0856,49,4,0,-57,-2,15.41
fold2_room1_mix0856,50,4,0,-59,-2,14.94
fold2_room1_mix0856,51,4,0,-60,-2,14.94
fold2_room1_mix0856,52,4,0,-63,-2,14.83
fold2_room1_mix0856,53,4,0,-65,-2,14.52
fold2_room1_mix0856,54,4,0,-66,-2,14.10
fold2_room1_mix0856,55,4,0,-70,-2,13.52
fold2_room1_mix0856,56,4,0,-73,-2,13.50
fold2_room1_mix0856,57,4,0,-75,-2,13.29
fold2_room1_mix0856,58,4,0,-78,-2,12.94
fold2_room1_mix0856,59,4,0,-80,-2,12.66
fold2_room1_mix0856,60,4,0,-82,-2,12.85
fold2_room1_mix0856,61,4,0,-84,-2,12.27
fold2_room1_mix0856,62,4,0,-85,-2,12.22
fold2_room1_mix0856,63,4,0,-88,-2,12.32
fold2_room1_mix0856,64,4,0,-90,-2,12.29
fold2_room1_mix0856,65,4,0,-92,-2,12.42
fold2_room1_mix0856,66,4,0,-97,-2,12.55
fold2_room1_mix0856,67,4,0,-99,-2,12.56
fold2_room1_mix0856,68,4,0,-103,-2,12.81
fold2_room1_mix0856,69,4,0,-106,-2,13.06
fold2_room1_mix0856,70,4,0,-108,-2,13.21
fold2_room1_mix0856,71,4,0,-111,-2,13.36
fold2_room1_mix0856,72,4,0,-113,-2,13.73
fold2_room1_mix0856,73,4,0,-116,-2,14.25
fold2_room1_mix0856,74,4,0,-117,-2,13.89
fold2_room1_mix0856,75,4,0,-119,-2,14.51
fold2_room1_mix0856,76,4,0,-121,-2,15.04
fold2_room1_mix0856,77,4,0,-122,-2,15.08
fold2_room1_mix0856,78,4,0,-124,-2,15.82
fold2_room1_mix0856,79,4,0,-125,-2,16.07
fold2_room1_mix0856,80,4,0,-126,-2,16.33
fold2_room1_mix0856,81,4,0,-127,-2,16.49
fold2_room1_mix0856,82,4,0,-128,-2,16.67
fold2_room1_mix0856,83,4,0,-129,-2,17.22
fold2_room1_mix0856,84,4,0,-132,-1,17.95
fold2_room1_mix0856,85,4,0,-134,-1,18.19
fold2_room1_mix0856,86,4,0,-135,-1,18.80
fold2_room1_mix0856,87,4,0,-136,-1,18.82
fold2_room1_mix0856,88,4,0,-138,-1,19.80
fold2_room1_mix0856,89,4,0,-139,-1,20.48
fold2_room1_mix0856,90,4,0,-139,-1,20.80
fold2_room1_mix0856,91,4,0,-140,-1,21.79
fold2_room1_mix0856,92,4,0,-140,-1,22.01
fold2_room1_mix0856,93,4,0,-141,-1,21.66
fold2_room1_mix0856,94,4,0,-140,-1,22.40
fold2_room1_mix0856,95,4,0,-141,-1,22.72
fold2_room1_mix0856,96,4,0,-143,-1,23.46
fold2_room1_mix0856,97,4,0,-143,-1,24.16
fold2_room1_mix0856,98,4,0,-143,-1,24.44
fold2_room1_mix0856,99,4,0,-145,-1,25.22
fold2_room1_mix0856,2,4,0,-11,0,1.10
fold2_room1_mix0857,20,0,0,-175,-2,1.54
fold2_room1_mix0857,21,0,0,-177,-1,3.46
fold2_room1_mix0857,22,0,0,179,-1,11.23
fold2_room1_mix0857,23,0,0,178,-1,19.91
fold2_room1_mix0857,24,0,0,178,-1,21.79
fold2_room1_mix0857,25,0,0,178,0,43.40
fold2_room1_mix0857,26,0,0,176,0,45.77
fold2_room1_mix0857,27,0,0,177,0,44.05
fold2_room1_mix0857,28,0,0,178,0,43.38
fold2_room1_mix0857,29,0,0,176,-1,38.08
fold2_room1_mix0857,29,4,0,-50,-1,5.67
fold2_room1_mix0857,30,0,0,177,0,42.35
fold2_room1_mix0857,30,4,0,-45,0,3.59
fold2_room1_mix0857,31,0,0,176,-1,41.86
fold2_room1_mix0857,31,4,0,-48,-1,6.51
fold2_room1_mix0857,32,0,0,176,-1,43.79
fold2_room1_mix0857,32,4,0,-51,0,8.22
fold2_room1_mix0857,33,0,0,174,-1,37.94
fold2_room1_mix0857,33,4,0,-51,-1,8.32
fold2_room1_mix0857,34,0,0,177,-1,31.42
fold2_room1_mix0857,34,4,0,-49,-1,8.04
fold2_room1_mix0857,35,0,0,176,-1,39.89
fold2_room1_mix0857,35,4,0,-55,-2,11.30
fold2_room1_mix0857,36,0,0,176,-1,34.93
fold2_room1_mix0857,36,4,0,-54,-2,11.98
fold2_room1_mix0857,37,0,0,176,-1,34.02
fold2_room1_mix0857,37,4,0,-53,-3,11.36
fold2_room1_mix0857,38,0,0,-177,-1,28.62
fold2_room1_mix0857,38,4,0,-66,-2,10.50
fold2_room1_mix0857,38,4,0,-45,-2,11.78
fold2_room1_mix0857,39,0,0,173,-1,29.51
fold2_room1_mix0857,39,4,0,-76,-2,10.98
fold2_room1_mix0857,39,4,0,-46,-2,12.01
fold2_room1_mix0857,40,0,0,175,-1,28.48
fold2_room1_mix0857,40,4,0,-81,-2,10.75
fold2_room1_mix0857,40,4,0,-42,-2,12.20
fold2_room1_mix0857,41,0,0,177,-1,30.26
fold2_room1_mix0857,41,4,0,-71,-2,11.06
fold2_room1_mix0857,41,4,0,-48,-2,12.51
fold2_room1_mix0857,42,0,0,178,-1,29.12
fold2_room1_mix0857,42,4,0,-111,-1,12.28
fold2_room1_mix0857,42,4,0,-86,-3,9.09
fold2_room1_mix0857,42,4,0,-21,-2,12.58
fold2_room1_mix0857,43,0,0,-177,-1,30.13
fold2_room1_mix0857,43,4,0,-105,0,11.38
fold2_room1_mix0857,43,4,0,-84,-2,9.01
fold2_room1_mix0857,43,4,0,-26,-2,11.46
fold2_room1_mix0857,44,0,0,173,-1,29.10
fold2_room1_mix0857,44,4,0,-109,-1,12.88
fold2_room1_mix0857,44,4,0,-77,-3,9.58
fold2_room1_mix0857,44,4,0,-27,-2,12.67
fold2_room1_mix0857,45,0,0,173,-1,33.19
fold2_room1_mix0857,45,4,0,-112,0,13.28
fold2_room1_mix0857,45,4,0,-85,-3,9.48
fold2_room1_mix0857,45,4,0,-24,-3,11.00
fold2_room1_mix0857,46,0,0,176,-1,30.86
fold2_room1_mix0857,46,4,0,-123,0,13.16
fold2_room1_mix0857,46,4,0,-40,-3,9.64
fold2_room1_mix0857,46,4,0,-17,-3,10.10
fold2_room1_mix0857,47,0,0,178,-1,30.58
fold2_room1_mix0857,47,4,0,-116,1,4.61
fold2_room1_mix0857,47,4,0,-20,-1,3.85
fold2_room1_mix0857,48,0,0,169,-1,35.71
fold2_room1_mix0857,48,4,0,-136,0,13.68
fold2_room1_mix0857,48,4,0,0,-3,8.51
fold2_room1_mix0857,49,0,0,167,-1,32.58
fold2_room1_mix0857,49,4,0,-136,0,13.88
fold2_room1_mix0857,49,4,0,-4,-4,8.98
fold2_room1_mix0857,50,0,0,167,-1,26.88
fold2_room1_mix0857,50,4,0,-143,-2,10.27
fold2_room1_mix0857,50,4,0,15,-5,7.10
fold2_room1_mix0857,51,0,0,163,-1,23.94
fold2_room1_mix0857,51,4,0,-132,-1,10.16
fold2_room1_mix0857,51,4,0,15,-5,6.26
fold2_room1_mix0857,52,0,0,162,-1,23.24
fold2_room1_mix0857,52,4,0,-136,-3,12.59
fold2_room1_mix0857,52,4,0,23,-5,6.91
fold2_room1_mix0857,53,0,0,160,-1,22.99
fold2_room1_mix0857,53,4,0,-146,-2,11.39
fold2_room1_mix0857,53,4,0,28,-5,6.87
fold2_room1_mix0857,54,0,0,154,-1,21.24
fold2_room1_mix0857,54,4,0,-158,-2,14.42
fold2_room1_mix0857,54,4,0,31,-7,6.45
fold2_room1_mix0857,55,0,0,149,-1,17.77
fold2_room1_mix0857,55,4,0,-147,0,14.33
fold2_room1_mix0857,55,4,0,31,-6,5.93
fold2_room1_mix0857,56,0,0,159,-1,16.05
fold2_room1_mix0857,56,4,0,31,-6,6.10
fold2_room1_mix0857,57,0,0,151,-1,13.05
fold2_room1_mix0857,57,4,0,38,-8,5.32
fold2_room1_mix0857,58,0,0,163,-1,10.00
fold2_room1_mix0857,58,4,0,41,-9,4.29
fold2_room1_mix0857,59,4,0,50,-7,4.41
fold2_room1_mix0857,60,4,0,64,-9,3.89
fold2_room1_mix0857,61,4,0,78,-9,3.63
fold2_room1_mix0857,62,4,0,89,-10,3.02
fold2_room1_mix0857,63,4,0,99,-10,2.80
fold2_room1_mix0857,64,4,0,113,-8,2.90
fold2_room1_mix0857,65,0,0,172,0,5.30
fold2_room1_mix0857,65,4,0,119,-7,3.04
fold2_room1_mix0857,66,0,0,175,0,5.96
fold2_room1_mix0857,66,4,0,131,-6,3.32
fold2_room1_mix0857,67,0,0,174,0,8.30
fold2_room1_mix0857,67,4,0,136,-5,3.64
fold2_room1_mix0857,68,0,0,174,0,4.07
fold2_room1_mix0857,68,4,0,139,-4,3.92
fold2_room1_mix0857,69,0,0,175,0,9.50
fold2_room1_mix0857,69,4,0,143,-4,4.65
fold2_room1_mix0857,70,0,0,175,0,5.79
fold2_room1_mix0857,70,4,0,146,-4,5.05
fold2_room1_mix0857,71,0,0,175,0,8.05
fold2_room1_mix0857,71,4,0,148,-4,6.02
fold2_room1_mix0857,72,0,0,176,0,3.93
fold2_room1_mix0857,72,4,0,151,-3,6.86
fold2_room1_mix0857,73,0,0,177,0,2.92
fold2_room1_mix0857,73,4,0,152,-3,6.83
fold2_room1_mix0857,74,0,0,178,0,2.49
fold2_room1_mix0857,74,4,0,154,-3,7.63
fold2_room1_mix0857,75,0,0,178,0,2.24
fold2_room1_mix0857,75,4,0,156,-3,8.35
fold2_room1_mix0857,76,4,0,156,-3,8.73
fold2_room1_mix0857,77,4,0,158,-3,9.16
fold2_room1_mix0857,78,4,0,159,-3,9.76
fold2_room1_mix0857,79,4,0,161,-2,10.62
fold2_room1_mix0857,80,4,0,162,-2,9.91
fold2_room1_mix0857,81,4,0,163,-2,10.59
fold2_room1_mix0857,82,4,0,163,-2,11.23
fold2_room1_mix0857,83,4,0,164,-2,11.54
fold2_room1_mix0857,84,4,0,167,-2,8.80
fold2_room1_mix0857,85,4,0,168,-1,5.39
fold2_room1_mix0857,86,4,0,169,-1,2.13
fold2_room1_mix0858,19,1,0,-7,-2,32.19
fold2_room1_mix0858,20,1,0,-7,-3,7.72
fold2_room1_mix0858,21,1,0,-16,-3,23.38
fold2_room1_mix0858,22,1,0,-6,-2,30.02
fold2_room1_mix0858,23,1,0,-8,-2,27.87
fold2_room1_mix0858,24,1,0,-8,-2,32.09
fold2_room1_mix0858,25,1,0,-7,-1,3.75
fold2_room1_mix0858,26,1,0,-12,-2,29.39
fold2_room1_mix0858,27,1,0,-13,-2,31.77
fold2_room1_mix0858,28,1,0,-12,-2,31.85
fold2_room1_mix0858,29,1,0,-12,-2,34.72
fold2_room1_mix0858,31,1,0,-13,-2,27.75
fold2_room1_mix0858,32,1,0,-14,-2,35.03
fold2_room1_mix0858,33,1,0,-11,-2,34.14
fold2_room1_mix0858,34,1,0,-17,-2,30.20
fold2_room1_mix0858,36,1,0,-14,-2,22.91
fold2_room1_mix0858,37,1,0,-17,-3,30.07
fold2_room1_mix0858,38,1,0,-16,-2,34.77
fold2_room1_mix0858,39,1,0,-21,-2,27.34
fold2_room1_mix0858,41,1,0,-17,-2,19.63
fold2_room1_mix0858,42,1,0,-21,-3,26.77
fold2_room1_mix0858,43,1,0,-24,-2,29.55
fold2_room1_mix0858,44,1,0,-24,-2,20.87
fold2_room1_mix0858,46,1,0,-26,-2,22.05
fold2_room1_mix0859,11,1,0,171,-2,17.05
fold2_room1_mix0859,12,1,0,163,-2,32.61
fold2_room1_mix0859,13,1,0,165,-2,36.88
fold2_room1_mix0859,14,1,0,166,-2,29.60
fold2_room1_mix0859,15,1,0,167,-2,29.47
fold2_room1_mix0859,16,1,0,162,-2,25.22
fold2_room1_mix0859,17,1,0,163,-2,26.89
fold2_room1_mix0859,18,1,0,159,-2,30.57
fold2_room1_mix0859,19,1,0,166,-2,5.94
fold2_room1_mix0859,20,1,0,157,-2,25.45
fold2_room1_mix0859,21,1,0,163,-2,25.30
fold2_room1_mix0859,22,1,0,158,-2,23.95
fold2_room1_mix0859,23,1,0,154,-2,24.54
fold2_room1_mix0859,25,1,0,153,-2,24.52
fold2_room1_mix0859,26,1,0,145,-2,22.11
fold2_room1_mix0859,27,1,0,150,-2,28.16
fold2_room1_mix0859,28,1,0,145,-2,18.18
fold2_room1_mix0859,30,1,0,142,-2,15.48
fold2_room1_mix0859,30,4,0,73,0,8.75
fold2_room1_mix0859,31,1,0,134,-3,16.61
fold2_room1_mix0859,32,1,0,131,-2,15.85
fold2_room1_mix0859,33,1,0,125,-2,15.06
fold2_room1_mix0859,35,1,0,115,-4,12.70
fold2_room1_mix0859,36,1,0,104,-3,11.51
fold2_room1_mix0859,37,1,0,102,-4,11.92
fold2_room1_mix0859,38,1,0,104,-3,2.26
fold2_room1_mix0859,38,4,0,67,0,4.94
fold2_room1_mix0859,39,1,0,90,-4,12.66
fold2_room1_mix0859,40,1,0,80,-4,14.10
fold2_room1_mix0859,40,4,0,55,0,6.36
fold2_room1_mix0859,41,4,0,59,0,14.94
fold2_room1_mix0859,42,4,0,55,-2,11.75
fold2_room1_mix0859,43,4,0,64,-1,10.93
fold2_room1_mix0859,44,4,0,58,-2,12.12
fold2_room1_mix0859,45,4,0,57,-3,13.31
fold2_room1_mix0859,46,4,0,62,-2,14.44
fold2_room1_mix0859,47,4,0,63,-2,14.07
fold2_room1_mix0859,48,4,0,68,-3,12.99
fold2_room1_mix0859,49,4,0,67,-3,14.00
fold2_room1_mix0859,50,4,0,72,-3,13.70
fold2_room1_mix0859,51,4,0,74,-2,14.74
fold2_room1_mix0859,52,4,0,73,-3,14.22
fold2_room1_mix0859,53,4,0,74,-3,14.26
fold2_room1_mix0859,54,4,0,75,-3,14.08
fold2_room1_mix0859,55,4,0,77,-3,14.03
fold2_room1_mix0859,56,4,0,79,-3,13.45
fold2_room1_mix0859,57,4,0,77,-3,13.64
fold2_room1_mix0859,58,4,0,79,-3,13.24
fold2_room1_mix0859,59,4,0,80,-3,13.58
fold2_room1_mix0859,60,4,0,78,-2,13.29
fold2_room1_mix0859,61,4,0,81,-3,12.80
fold2_room1_mix0859,62,4,0,81,-3,12.95
fold2_room1_mix0859,63,4,0,80,-3,13.19
fold2_room1_mix0859,64,4,0,83,-3,12.60
fold2_room1_mix0859,65,4,0,83,-3,13.19
fold2_room1_mix0859,66,4,0,83,-3,12.79
fold2_room1_mix0859,67,4,0,84,-3,12.56
fold2_room1_mix0859,68,4,0,82,-3,12.85
fold2_room1_mix0859,69,4,0,86,-3,12.61
fold2_room1_mix0859,70,4,0,90,-3,12.55
fold2_room1_mix0859,71,4,0,88,-3,12.94
fold2_room1_mix0859,72,4,0,88,-3,12.74
fold2_room1_mix0859,73,4,0,94,-3,12.91
fold2_room1_mix0859,74,4,0,93,-3,12.64
fold2_room1_mix0859,75,4,0,96,-3,12.74
fold2_room1_mix0859,76,4,0,100,-3,12.68
fold2_room1_mix0859,77,4,0,99,-3,12.40
fold2_room1_mix0859,78,4,0,102,-2,12.73
fold2_room1_mix0859,79,4,0,105,-3,12.79
fold2_room1_mix0859,80,4,0,106,-2,12.33
fold2_room1_mix0859,81,4,0,108,-2,12.89
fold2_room1_mix0859,82,4,0,110,-2,12.84
fold2_room1_mix0859,83,4,0,110,-2,12.85
fold2_room1_mix0859,84,4,0,111,-2,13.03
fold2_room1_mix0859,85,4,0,114,-2,13.31
fold2_room1_mix0859,86,4,0,116,-3,13.42
fold2_room1_mix0859,87,4,0,115,-2,13.01
fold2_room1_mix0859,88,4,0,118,-3,13.94
fold2_room1_mix0859,89,4,0,118,-2,13.93
fold2_room1_mix0859,90,4,0,120,-3,13.51
fold2_room1_mix0859,91,4,0,121,-2,14.53
fold2_room1_mix0859,92,4,0,120,-2,13.74
fold2_room1_mix0859,93,4,0,120,-2,14.07
fold2_room1_mix0859,94,4,0,124,-2,14.61
fold2_room1_mix0859,95,4,0,123,-2,12.90
fold2_room1_mix0859,96,4,0,125,-2,13.54
fold2_room1_mix0859,97,4,0,126,-2,14.68
fold2_room1_mix0859,98,4,0,130,-2,11.02
fold2_room1_mix0859,99,4,0,129,-2,11.45
fold2_room1_mix0860,0,5,0,-154,9,1.54
fold2_room1_mix0860,3,4,0,-179,3,1.23
fold2_room1_mix0860,3,5,0,-141,11,2.40
fold2_room1_mix0860,4,4,0,-178,2,3.97
fold2_room1_mix0860,5,4,0,179,2,2.06
fold2_room1_mix0860,5,5,0,-137,11,4.14
fold2_room1_mix0860,6,4,0,179,2,5.06
fold2_room1_mix0860,6,5,0,-141,10,4.75
fold2_room1_mix0860,7,4,0,179,1,12.86
fold2_room1_mix0860,7,5,0,-139,13,3.13
fold2_room1_mix0860,8,4,0,-177,0,19.46
fold2_room1_mix0860,8,5,0,-139,11,3.93
fold2_room1_mix0860,9,4,0,-177,0,24.75
fold2_room1_mix0860,9,5,0,-140,13,3.66
fold2_room1_mix0860,10,4,0,-178,0,26.98
fold2_room1_mix0860,10,5,0,-136,16,3.12
fold2_room1_mix0860,11,4,0,-177,0,28.16
fold2_room1_mix0860,11,5,0,-136,16,3.00
fold2_room1_mix0860,12,4,0,-176,0,27.96
fold2_room1_mix0860,12,5,0,-136,17,2.82
fold2_room1_mix0860,13,4,0,-175,0,30.95
fold2_room1_mix0860,13,5,0,-133,15,3.14
fold2_room1_mix0860,14,4,0,-176,0,30.33
fold2_room1_mix0860,14,5,0,-128,16,3.09
fold2_room1_mix0860,15,4,0,-174,0,29.75
fold2_room1_mix0860,15,5,0,-131,18,2.77
fold2_room1_mix0860,16,4,0,-176,0,29.70
fold2_room1_mix0860,16,5,0,-125,15,2.96
fold2_room1_mix0860,17,4,0,-176,0,29.27
fold2_room1_mix0860,17,5,0,-123,14,3.34
fold2_room1_mix0860,18,4,0,-174,0,29.83
fold2_room1_mix0860,18,5,0,-122,16,2.99
fold2_room1_mix0860,19,4,0,-178,0,29.67
fold2_room1_mix0860,19,5,0,-118,18,2.51
fold2_room1_mix0860,20,4,0,-178,0,29.44
fold2_room1_mix0860,20,5,0,-119,19,2.50
fold2_room1_mix0860,21,4,0,-177,0,30.55
fold2_room1_mix0860,21,5,0,-118,21,2.36
fold2_room1_mix0860,22,4,0,-179,0,29.89
fold2_room1_mix0860,22,5,0,-110,19,2.57
fold2_room1_mix0860,23,4,0,-179,0,28.53
fold2_room1_mix0860,23,5,0,-109,18,2.67
fold2_room1_mix0860,24,4,0,-178,0,29.63
fold2_room1_mix0860,24,5,0,-111,21,2.24
fold2_room1_mix0860,25,4,0,179,0,28.12
fold2_room1_mix0860,25,5,0,-107,21,2.19
fold2_room1_mix0860,26,4,0,-177,0,27.35
fold2_room1_mix0860,26,5,0,-107,20,2.45
fold2_room1_mix0860,27,4,0,-179,0,27.91
fold2_room1_mix0860,27,5,0,-101,22,2.25
fold2_room1_mix0860,28,4,0,-179,0,29.11
fold2_room1_mix0860,28,5,0,-104,22,2.14
fold2_room1_mix0860,29,4,0,179,0,27.57
fold2_room1_mix0860,29,5,0,-100,21,2.32
fold2_room1_mix0860,30,4,0,179,0,27.14
fold2_room1_mix0860,30,5,0,-99,23,2.16
fold2_room1_mix0860,31,4,0,179,0,27.46
fold2_room1_mix0860,31,5,0,-95,21,2.25
fold2_room1_mix0860,32,4,0,178,-1,25.84
fold2_room1_mix0860,32,5,0,-94,20,2.36
fold2_room1_mix0860,33,4,0,179,0,24.67
fold2_room1_mix0860,33,5,0,-94,23,2.09
fold2_room1_mix0860,34,4,0,178,0,25.04
fold2_room1_mix0860,34,5,0,-94,23,1.97
fold2_room1_mix0860,35,4,0,179,0,23.54
fold2_room1_mix0860,35,5,0,-89,22,2.13
fold2_room1_mix0860,36,4,0,177,0,23.71
fold2_room1_mix0860,36,5,0,-87,22,2.22
fold2_room1_mix0860,37,4,0,177,0,23.38
fold2_room1_mix0860,37,5,0,-88,23,2.07
fold2_room1_mix0860,38,4,0,177,0,21.52
fold2_room1_mix0860,38,5,0,-87,23,2.02
fold2_room1_mix0860,39,4,0,179,0,21.02
fold2_room1_mix0860,39,5,0,-83,24,2.09
fold2_room1_mix0860,40,4,0,177,0,22.48
fold2_room1_mix0860,40,5,0,-77,22,2.18
fold2_room1_mix0860,41,4,0,178,0,20.58
fold2_room1_mix0860,41,5,0,-81,23,2.10
fold2_room1_mix0860,42,4,0,179,-1,20.90
fold2_room1_mix0860,42,5,0,-79,24,2.03
fold2_room1_mix0860,43,4,0,177,0,20.26
fold2_room1_mix0860,43,5,0,-81,25,1.93
fold2_room1_mix0860,44,4,0,179,-1,18.61
fold2_room1_mix0860,44,5,0,-80,26,1.92
fold2_room1_mix0860,45,4,0,178,-1,18.97
fold2_room1_mix0860,45,5,0,-69,22,2.22
fold2_room1_mix0860,46,4,0,179,-1,18.47
fold2_room1_mix0860,46,5,0,-69,22,2.23
fold2_room1_mix0860,47,4,0,178,-1,17.69
fold2_room1_mix0860,47,5,0,-65,21,2.24
fold2_room1_mix0860,48,4,0,179,0,17.44
fold2_room1_mix0860,48,5,0,-64,21,2.36
fold2_room1_mix0860,49,4,0,178,-1,16.96
fold2_room1_mix0860,49,5,0,-53,18,2.67
fold2_room1_mix0860,50,4,0,-178,-1,15.25
fold2_room1_mix0860,50,5,0,-57,19,2.45
fold2_room1_mix0860,51,4,0,-179,-1,14.97
fold2_room1_mix0860,51,5,0,-53,18,2.60
fold2_room1_mix0860,52,4,0,-179,-1,14.36
fold2_room1_mix0860,52,5,0,-50,17,2.68
fold2_room1_mix0860,53,2,0,102,-5,8.96
fold2_room1_mix0860,53,4,0,-178,-2,13.30
fold2_room1_mix0860,53,5,0,-56,19,2.62
fold2_room1_mix0860,54,2,0,101,-6,8.73
fold2_room1_mix0860,54,4,0,-176,-2,12.16
fold2_room1_mix0860,54,5,0,-55,20,2.62
fold2_room1_mix0860,55,2,0,101,-7,6.63
fold2_room1_mix0860,55,4,0,-176,-3,11.26
fold2_room1_mix0860,55,5,0,-57,18,2.70
fold2_room1_mix0860,56,2,0,96,-8,6.32
fold2_room1_mix0860,56,4,0,-174,-3,10.47
fold2_room1_mix0860,56,5,0,-60,20,2.63
fold2_room1_mix0860,57,2,0,98,-8,6.22
fold2_room1_mix0860,57,4,0,-173,-3,10.50
fold2_room1_mix0860,57,5,0,-54,19,2.99
fold2_room1_mix0860,58,2,0,100,-7,6.61
fold2_room1_mix0860,58,4,0,-171,-4,9.23
fold2_room1_mix0860,58,5,0,-53,18,3.06
fold2_room1_mix0860,59,4,0,-171,-3,8.74
fold2_room1_mix0860,59,5,0,-43,19,2.64
fold2_room1_mix0860,60,4,0,-169,-2,9.04
fold2_room1_mix0860,60,5,0,-42,18,2.86
fold2_room1_mix0860,61,4,0,-166,-3,7.73
fold2_room1_mix0860,61,5,0,-43,16,2.86
fold2_room1_mix0860,62,4,0,-163,-3,7.02
fold2_room1_mix0860,62,5,0,-41,16,3.04
fold2_room1_mix0860,63,4,0,-162,-3,6.46
fold2_room1_mix0860,63,5,0,-37,16,3.03
fold2_room1_mix0860,64,2,0,97,-6,7.68
fold2_room1_mix0860,64,4,0,-158,-4,5.38
fold2_room1_mix0860,64,5,0,-36,14,3.25
fold2_room1_mix0860,65,2,0,98,-7,7.18
fold2_room1_mix0860,65,4,0,-160,-4,5.05
fold2_room1_mix0860,65,5,0,-47,17,3.03
fold2_room1_mix0860,66,2,0,99,-8,6.63
fold2_room1_mix0860,66,4,0,-154,-5,3.97
fold2_room1_mix0860,66,5,0,-40,15,3.42
fold2_room1_mix0860,67,2,0,96,-8,6.84
fold2_room1_mix0860,67,4,0,-151,-6,3.58
fold2_room1_mix0860,67,5,0,-34,14,3.42
fold2_room1_mix0860,68,2,0,96,-8,6.67
fold2_room1_mix0860,68,4,0,-149,-7,3.07
fold2_room1_mix0860,68,5,0,-48,16,3.34
fold2_room1_mix0860,69,2,0,95,-7,5.96
fold2_room1_mix0860,69,4,0,-140,-9,2.53
fold2_room1_mix0860,69,5,0,-39,14,3.72
fold2_room1_mix0860,70,4,0,-136,-10,2.25
fold2_room1_mix0860,70,5,0,-31,13,3.54
fold2_room1_mix0860,71,4,0,-118,-10,2.05
fold2_room1_mix0860,71,5,0,-38,16,3.33
fold2_room1_mix0860,72,4,0,-101,-10,1.80
fold2_room1_mix0860,72,5,0,-37,16,3.33
fold2_room1_mix0860,73,4,0,-88,-9,2.30
fold2_room1_mix0860,73,5,0,-34,13,3.91
fold2_room1_mix0860,74,2,0,90,-5,8.05
fold2_room1_mix0860,74,4,0,-73,-7,2.33
fold2_room1_mix0860,74,5,0,-32,14,3.82
fold2_room1_mix0860,75,2,0,95,-5,9.89
fold2_room1_mix0860,75,4,0,-57,-8,2.24
fold2_room1_mix0860,75,5,0,-38,14,3.56
fold2_room1_mix0860,76,2,0,93,-6,9.27
fold2_room1_mix0860,76,4,0,-50,-6,2.93
fold2_room1_mix0860,76,5,0,-31,12,3.85
fold2_room1_mix0860,77,2,0,95,-7,8.81
fold2_room1_mix0860,77,4,0,-38,-6,3.51
fold2_room1_mix0860,77,5,0,-30,11,3.95
fold2_room1_mix0860,78,2,0,96,-6,8.75
fold2_room1_mix0860,78,4,0,-32,-6,3.67
fold2_room1_mix0860,78,5,0,-39,13,3.66
fold2_room1_mix0860,79,2,0,92,-7,8.61
fold2_room1_mix0860,79,4,0,-27,-5,4.61
fold2_room1_mix0860,79,5,0,-32,11,3.78
fold2_room1_mix0860,80,4,0,-22,-4,4.78
fold2_room1_mix0860,80,5,0,-24,10,4.24
fold2_room1_mix0860,81,4,0,-18,-4,5.52
fold2_room1_mix0860,81,5,0,-31,12,3.58
fold2_room1_mix0860,82,4,0,-19,-4,5.94
fold2_room1_mix0860,82,5,0,-26,13,3.75
fold2_room1_mix0860,83,4,0,-16,-3,6.84
fold2_room1_mix0860,83,5,0,-25,11,3.78
fold2_room1_mix0860,84,4,0,-14,-2,7.60
fold2_room1_mix0860,84,5,0,-27,11,3.80
fold2_room1_mix0860,85,2,0,93,-6,8.65
fold2_room1_mix0860,85,4,0,-15,-3,7.95
fold2_room1_mix0860,85,5,0,-22,11,4.38
fold2_room1_mix0860,86,2,0,90,-6,8.66
fold2_room1_mix0860,86,4,0,-12,-2,9.06
fold2_room1_mix0860,86,5,0,-24,10,4.26
fold2_room1_mix0860,87,2,0,92,-7,8.01
fold2_room1_mix0860,87,4,0,-10,-2,10.11
fold2_room1_mix0860,87,5,0,-21,10,4.26
fold2_room1_mix0860,88,2,0,89,-7,8.69
fold2_room1_mix0860,88,4,0,-10,-3,10.85
fold2_room1_mix0860,88,5,0,-22,10,4.40
fold2_room1_mix0860,89,2,0,88,-7,8.50
fold2_room1_mix0860,89,4,0,-9,-2,11.21
fold2_room1_mix0860,89,5,0,-23,9,4.42
fold2_room1_mix0860,90,2,0,89,-7,7.53
fold2_room1_mix0860,90,4,0,-8,-2,12.33
fold2_room1_mix0860,90,5,0,-19,9,4.32
fold2_room1_mix0860,91,4,0,-8,-2,13.04
fold2_room1_mix0860,91,5,0,-21,9,4.54
fold2_room1_mix0860,92,4,0,-7,-2,13.74
fold2_room1_mix0860,92,5,0,-20,9,4.67
fold2_room1_mix0860,93,4,0,-6,-2,14.06
fold2_room1_mix0860,93,5,0,-19,9,4.47
fold2_room1_mix0860,94,4,0,-6,-2,15.08
fold2_room1_mix0860,94,5,0,-21,9,4.65
fold2_room1_mix0860,95,4,0,-7,-2,15.21
fold2_room1_mix0860,95,5,0,-18,9,4.82
fold2_room1_mix0860,96,4,0,-6,-2,15.81
fold2_room1_mix0860,96,5,0,-19,8,5.66
fold2_room1_mix0860,97,4,0,-5,-1,17.44
fold2_room1_mix0860,97,5,0,-22,8,5.19
fold2_room1_mix0860,98,4,0,-6,-2,16.84
fold2_room1_mix0860,98,5,0,-16,7,6.14
fold2_room1_mix0860,99,4,0,-5,-2,16.94
fold2_room1_mix0860,99,5,0,-20,9,5.35
fold2_room1_mix0860,2,5,0,-145,9,1.39
fold2_room1_mix0861,32,4,0,-35,-1,7.77
fold2_room1_mix0861,34,4,0,-38,-1,13.12
fold2_room1_mix0861,35,4,0,-37,-1,11.67
fold2_room1_mix0861,36,4,0,-36,-2,12.17
fold2_room1_mix0861,37,4,0,-34,-1,16.21
fold2_room1_mix0861,38,4,0,-34,-2,15.18
fold2_room1_mix0861,39,4,0,-37,-2,15.07
fold2_room1_mix0861,40,4,0,-36,-1,17.14
fold2_room1_mix0861,41,4,0,-41,-2,15.94
fold2_room1_mix0861,42,4,0,-42,-2,15.67
fold2_room1_mix0861,43,4,0,-42,-2,15.83
fold2_room1_mix0861,44,4,0,-44,-2,15.96
fold2_room1_mix0861,45,4,0,-44,-2,15.11
fold2_room1_mix0861,46,4,0,-44,-2,15.60
fold2_room1_mix0861,47,4,0,-47,-2,14.38
fold2_room1_mix0861,48,4,0,-48,-2,14.86
fold2_room1_mix0861,49,4,0,-50,-2,14.24
fold2_room1_mix0861,50,4,0,-52,-3,13.25
fold2_room1_mix0861,51,4,0,-55,-3,12.80
fold2_room1_mix0861,52,4,0,-52,-3,12.42
fold2_room1_mix0861,53,4,0,-57,-3,11.64
fold2_room1_mix0861,54,4,0,-57,-3,11.50
fold2_room1_mix0861,55,4,0,-59,-3,11.06
fold2_room1_mix0861,56,4,0,-61,-3,10.95
fold2_room1_mix0861,57,4,0,-64,-3,10.87
fold2_room1_mix0861,58,4,0,-67,-3,10.20
fold2_room1_mix0861,59,4,0,-66,-3,10.71
fold2_room1_mix0861,60,4,0,-71,-3,10.48
fold2_room1_mix0861,61,4,0,-75,-4,9.67
fold2_room1_mix0861,62,4,0,-79,-3,10.12
fold2_room1_mix0861,63,4,0,-85,-3,9.40
fold2_room1_mix0861,64,4,0,-87,-4,9.43
fold2_room1_mix0861,65,4,0,-90,-3,9.64
fold2_room1_mix0861,66,4,0,-90,-4,9.32
fold2_room1_mix0861,67,4,0,-94,-4,9.26
fold2_room1_mix0861,68,4,0,-97,-4,9.20
fold2_room1_mix0861,69,4,0,-100,-3,9.43
fold2_room1_mix0861,70,4,0,-104,-3,9.36
fold2_room1_mix0861,71,4,0,-105,-3,9.35
fold2_room1_mix0861,72,4,0,-109,-3,10.50
fold2_room1_mix0861,73,4,0,-110,-3,10.21
fold2_room1_mix0861,74,4,0,-112,-3,10.23
fold2_room1_mix0861,75,4,0,-114,-2,11.21
fold2_room1_mix0861,76,4,0,-118,-3,11.25
fold2_room1_mix0861,77,4,0,-119,-3,10.95
fold2_room1_mix0861,78,4,0,-122,-3,11.50
fold2_room1_mix0861,79,4,0,-125,-3,11.92
fold2_room1_mix0861,80,4,0,-128,-3,12.29
fold2_room1_mix0861,81,4,0,-130,-2,12.88
fold2_room1_mix0861,82,4,0,-132,-2,12.98
fold2_room1_mix0861,83,4,0,-133,-2,13.72
fold2_room1_mix0861,84,4,0,-134,-2,13.82
fold2_room1_mix0861,85,4,0,-138,-2,14.36
fold2_room1_mix0861,86,4,0,-139,-2,14.45
fold2_room1_mix0861,87,4,0,-140,-2,14.33
fold2_room1_mix0861,88,4,0,-141,-1,15.29
fold2_room1_mix0861,89,4,0,-141,-2,15.87
fold2_room1_mix0861,90,4,0,-143,-1,15.76
fold2_room1_mix0861,91,4,0,-144,-1,16.73
fold2_room1_mix0861,92,4,0,-143,-1,16.34
fold2_room1_mix0861,93,4,0,-144,-1,16.25
fold2_room1_mix0861,94,4,0,-146,-1,17.30
fold2_room1_mix0861,95,4,0,-146,-1,16.80
fold2_room1_mix0861,96,4,0,-146,-1,17.47
fold2_room1_mix0861,97,4,0,-147,0,12.54
fold2_room1_mix0861,98,4,0,-150,0,4.92
fold2_room1_mix0861,99,4,0,-149,0,2.71
fold2_room1_mix0862,2,5,0,0,2,3.88
fold2_room1_mix0862,8,4,0,-17,0,9.87
fold2_room1_mix0862,10,4,0,-18,-1,17.36
fold2_room1_mix0862,11,4,0,-22,0,14.51
fold2_room1_mix0862,12,4,0,-18,0,14.26
fold2_room1_mix0862,13,4,0,-18,0,26.99
fold2_room1_mix0862,14,4,0,-20,0,25.88
fold2_room1_mix0862,15,4,0,-21,0,22.01
fold2_room1_mix0862,16,4,0,-21,0,23.52
fold2_room1_mix0862,17,4,0,-22,0,23.13
fold2_room1_mix0862,18,4,0,-18,0,26.71
fold2_room1_mix0862,19,4,0,-23,0,23.56
fold2_room1_mix0862,20,4,0,-23,-1,24.24
fold2_room1_mix0862,21,4,0,-23,-1,24.62
fold2_room1_mix0862,22,4,0,-22,-1,24.13
fold2_room1_mix0862,23,4,0,-22,-1,23.32
fold2_room1_mix0862,24,4,0,-20,-1,24.90
fold2_room1_mix0862,25,4,0,-24,-1,23.93
fold2_room1_mix0862,26,4,0,-24,-1,23.01
fold2_room1_mix0862,27,4,0,-24,-1,23.07
fold2_room1_mix0862,28,4,0,-27,-1,22.90
fold2_room1_mix0862,29,4,0,-28,-1,20.72
fold2_room1_mix0862,30,4,0,-29,-1,21.21
fold2_room1_mix0862,31,4,0,-29,-1,20.31
fold2_room1_mix0862,32,4,0,-32,-1,19.65
fold2_room1_mix0862,33,4,0,-32,-1,19.36
fold2_room1_mix0862,34,4,0,-36,-1,19.03
fold2_room1_mix0862,35,4,0,-34,-1,18.10
fold2_room1_mix0862,36,4,0,-37,-1,17.49
fold2_room1_mix0862,37,4,0,-38,-1,17.55
fold2_room1_mix0862,38,4,0,-40,-1,16.27
fold2_room1_mix0862,39,4,0,-44,-1,15.99
fold2_room1_mix0862,40,4,0,-44,-1,16.17
fold2_room1_mix0862,41,4,0,-47,-2,14.99
fold2_room1_mix0862,42,4,0,-52,-2,13.83
fold2_room1_mix0862,43,4,0,-56,-2,12.91
fold2_room1_mix0862,43,4,0,-36,-1,17.58
fold2_room1_mix0862,44,4,0,-59,-2,11.89
fold2_room1_mix0862,44,4,0,-30,-1,15.71
fold2_room1_mix0862,45,4,0,-64,-2,11.19
fold2_room1_mix0862,45,4,0,-30,0,17.62
fold2_room1_mix0862,46,4,0,-68,-3,10.35
fold2_room1_mix0862,46,4,0,-26,0,18.80
fold2_room1_mix0862,47,4,0,-69,-3,9.84
fold2_room1_mix0862,47,4,0,-23,0,18.58
fold2_room1_mix0862,48,4,0,-73,-3,9.61
fold2_room1_mix0862,48,4,0,-21,0,17.35
fold2_room1_mix0862,49,4,0,-87,-2,10.98
fold2_room1_mix0862,49,4,0,-65,-3,9.49
fold2_room1_mix0862,49,4,0,-18,0,16.44
fold2_room1_mix0862,50,4,0,-83,-3,9.88
fold2_room1_mix0862,50,4,0,-17,-1,18.41
fold2_room1_mix0862,51,4,0,-77,-3,9.84
fold2_room1_mix0862,51,4,0,-22,0,17.18
fold2_room1_mix0862,52,4,0,-88,-2,11.28
fold2_room1_mix0862,52,4,0,-72,-3,9.51
fold2_room1_mix0862,52,4,0,-21,0,17.19
fold2_room1_mix0862,53,4,0,-92,-2,11.18
fold2_room1_mix0862,53,4,0,-74,-2,9.95
fold2_room1_mix0862,53,4,0,-26,0,17.06
fold2_room1_mix0862,54,4,0,-105,-2,11.68
fold2_room1_mix0862,54,4,0,-72,-4,9.06
fold2_room1_mix0862,54,4,0,-18,-2,14.54
fold2_room1_mix0862,55,4,0,-113,-1,11.75
fold2_room1_mix0862,55,4,0,-41,-4,9.01
fold2_room1_mix0862,55,4,0,-20,-3,11.34
fold2_room1_mix0862,56,4,0,-121,-1,13.12
fold2_room1_mix0862,56,4,0,-44,-4,9.60
fold2_room1_mix0862,56,4,0,-22,-3,11.48
fold2_room1_mix0862,57,4,0,-121,-1,12.20
fold2_room1_mix0862,57,4,0,-23,-4,9.35
fold2_room1_mix0862,58,4,0,-122,-1,11.14
fold2_room1_mix0862,58,4,0,-18,-5,7.78
fold2_room1_mix0862,59,4,0,-125,-1,11.40
fold2_room1_mix0862,59,4,0,-15,-5,7.39
fold2_room1_mix0862,60,4,0,-127,-1,11.05
fold2_room1_mix0862,60,4,0,-12,-5,7.31
fold2_room1_mix0862,61,4,0,-127,-1,10.58
fold2_room1_mix0862,61,4,0,-13,-6,6.20
fold2_room1_mix0862,62,4,0,-130,-2,10.65
fold2_room1_mix0862,62,4,0,-12,-6,5.87
fold2_room1_mix0862,63,4,0,-130,-1,10.38
fold2_room1_mix0862,63,4,0,-14,-7,4.91
fold2_room1_mix0862,64,4,0,-130,-1,11.72
fold2_room1_mix0862,64,4,0,-18,-7,4.91
fold2_room1_mix0862,65,4,0,-131,-1,12.11
fold2_room1_mix0862,65,4,0,-17,-8,4.59
fold2_room1_mix0862,66,4,0,-130,-2,13.12
fold2_room1_mix0862,66,4,0,-27,-10,3.70
fold2_room1_mix0862,67,4,0,-131,-1,11.85
fold2_room1_mix0862,67,4,0,-31,-11,2.97
fold2_room1_mix0862,68,4,0,-133,-1,14.87
fold2_room1_mix0862,68,4,0,-56,-16,2.52
fold2_room1_mix0862,69,4,0,-134,-2,11.60
fold2_room1_mix0862,69,4,0,-100,-18,1.96
fold2_room1_mix0862,69,4,0,-79,-15,2.91
fold2_room1_mix0862,70,4,0,-138,-5,8.86
fold2_room1_mix0862,70,4,0,-116,-11,3.83
fold2_room1_mix0862,71,4,0,-136,-8,5.26
fold2_room1_mix0862,72,4,0,-141,-7,6.16
fold2_room1_mix0862,73,4,0,-147,-6,6.27
fold2_room1_mix0862,74,4,0,-151,-5,7.04
fold2_room1_mix0862,75,4,0,-152,-4,7.33
fold2_room1_mix0862,76,4,0,-155,-4,7.47
fold2_room1_mix0862,77,4,0,-155,-3,8.87
fold2_room1_mix0862,78,4,0,-157,-2,10.64
fold2_room1_mix0862,79,4,0,-159,-2,10.22
fold2_room1_mix0862,80,4,0,-160,-2,11.29
fold2_room1_mix0862,81,4,0,-161,-1,12.82
fold2_room1_mix0862,82,4,0,-163,-1,13.01
fold2_room1_mix0862,83,4,0,-163,-1,13.69
fold2_room1_mix0862,84,4,0,-163,-1,14.20
fold2_room1_mix0862,85,4,0,-165,-1,15.02
fold2_room1_mix0862,86,4,0,-165,-1,14.89
fold2_room1_mix0862,87,4,0,-167,0,15.93
fold2_room1_mix0862,88,4,0,-167,0,17.38
fold2_room1_mix0862,89,4,0,-169,0,17.63
fold2_room1_mix0862,90,4,0,-167,0,18.04
fold2_room1_mix0862,91,4,0,-166,0,19.12
fold2_room1_mix0862,92,4,0,-167,-1,19.20
fold2_room1_mix0862,93,4,0,-165,0,20.82
fold2_room1_mix0862,94,4,0,-166,0,21.55
fold2_room1_mix0862,95,4,0,-167,0,21.54
fold2_room1_mix0862,96,4,0,-167,0,22.14
fold2_room1_mix0862,97,4,0,-168,0,23.45
fold2_room1_mix0862,98,4,0,-169,0,23.90
fold2_room1_mix0862,99,4,0,-169,0,22.39
fold2_room1_mix0862,5,4,0,-24,0,6.00
fold2_room1_mix0863,31,2,0,-91,-3,2.85
fold2_room1_mix0863,32,2,0,-87,-3,5.21
fold2_room1_mix0863,33,2,0,-87,-2,8.29
fold2_room1_mix0863,34,2,0,-85,-2,8.34
fold2_room1_mix0863,40,2,0,-86,-2,7.19
fold2_room1_mix0863,41,2,0,-85,-2,9.89
fold2_room1_mix0863,42,2,0,-85,-1,10.10
fold2_room1_mix0863,43,2,0,-85,-2,9.89
fold2_room1_mix0863,44,2,0,-83,-2,10.58
fold2_room1_mix0863,49,4,0,5,0,5.77
fold2_room1_mix0863,50,2,0,-79,-2,7.52
fold2_room1_mix0863,51,2,0,-78,-2,10.51
fold2_room1_mix0863,51,4,0,0,0,4.47
fold2_room1_mix0863,52,2,0,-81,-1,11.80
fold2_room1_mix0863,52,4,0,0,0,8.49
fold2_room1_mix0863,53,2,0,-77,-1,12.92
fold2_room1_mix0863,53,4,0,0,-1,9.05
fold2_room1_mix0863,54,2,0,-75,-1,12.44
fold2_room1_mix0863,54,4,0,0,0,8.93
fold2_room1_mix0863,55,2,0,-76,-1,4.57
fold2_room1_mix0863,55,4,0,0,-2,9.24
fold2_room1_mix0863,56,4,0,7,-2,12.02
fold2_room1_mix0863,57,4,0,8,-2,11.26
fold2_room1_mix0863,58,4,0,9,-3,10.01
fold2_room1_mix0863,59,4,0,16,-3,9.40
fold2_room1_mix0863,60,2,0,-69,-1,9.29
fold2_room1_mix0863,60,4,0,13,-4,9.70
fold2_room1_mix0863,61,2,0,-75,-1,10.60
fold2_room1_mix0863,61,4,0,18,-4,7.67
fold2_room1_mix0863,62,2,0,-72,-1,12.05
fold2_room1_mix0863,62,4,0,19,-5,7.00
fold2_room1_mix0863,63,2,0,-70,-1,13.04
fold2_room1_mix0863,63,4,0,24,-6,7.19
fold2_room1_mix0863,64,2,0,-72,-1,12.80
fold2_room1_mix0863,64,4,0,47,-12,3.20
fold2_room1_mix0863,64,4,0,19,-5,7.48
fold2_room1_mix0863,65,2,0,-74,-1,7.85
fold2_room1_mix0863,65,4,0,77,-15,2.32
fold2_room1_mix0863,65,4,0,21,-4,8.32
fold2_room1_mix0863,66,4,0,108,-15,2.07
fold2_room1_mix0863,66,4,0,23,-6,8.18
fold2_room1_mix0863,67,4,0,125,-11,2.09
fold2_room1_mix0863,67,4,0,2,-3,8.70
fold2_room1_mix0863,68,4,0,136,-9,2.98
fold2_room1_mix0863,68,4,0,3,-3,8.39
fold2_room1_mix0863,69,4,0,148,-7,2.82
fold2_room1_mix0863,69,4,0,51,-11,3.76
fold2_room1_mix0863,69,4,0,3,-3,7.19
fold2_room1_mix0863,70,4,0,156,-5,3.69
fold2_room1_mix0863,70,4,0,4,-4,5.61
fold2_room1_mix0863,71,4,0,153,-4,4.89
fold2_room1_mix0863,71,4,0,7,-4,6.14
fold2_room1_mix0863,72,4,0,159,-3,5.58
fold2_room1_mix0863,72,4,0,6,-4,6.10
fold2_room1_mix0863,73,4,0,163,-3,6.28
fold2_room1_mix0863,73,4,0,6,-4,5.87
fold2_room1_mix0863,74,4,0,166,-3,6.66
fold2_room1_mix0863,74,4,0,6,-4,6.06
fold2_room1_mix0863,75,4,0,167,-3,7.49
fold2_room1_mix0863,75,4,0,3,-4,6.78
fold2_room1_mix0863,76,4,0,167,-4,7.57
fold2_room1_mix0863,76,4,0,4,-5,6.43
fold2_room1_mix0863,77,4,0,167,-8,6.03
fold2_room1_mix0863,77,4,0,1,-5,5.77
fold2_room1_mix0863,82,4,0,6,-9,4.15
fold2_room1_mix0863,83,4,0,8,-11,3.30
fold2_room1_mix0863,84,4,0,14,-14,3.04
fold2_room1_mix0863,85,4,0,20,-18,2.58
fold2_room1_mix0863,86,4,0,30,-25,1.82
fold2_room1_mix0863,87,4,0,50,-39,1.30
fold2_room1_mix0863,88,4,0,134,-33,2.31
fold2_room1_mix0863,88,4,0,105,-44,0.98
fold2_room1_mix0863,89,4,0,155,-25,2.78
fold2_room1_mix0863,89,4,0,136,-35,1.28
fold2_room1_mix0863,90,4,0,157,-22,2.07
fold2_room1_mix0863,91,4,0,162,-15,2.90
fold2_room1_mix0863,92,4,0,164,-15,2.79
fold2_room1_mix0863,93,4,0,168,-11,3.29
fold2_room1_mix0863,94,4,0,170,-9,3.93
fold2_room1_mix0863,95,4,0,172,-8,4.13
fold2_room1_mix0863,96,4,0,174,-7,4.49
fold2_room1_mix0863,97,4,0,174,-6,4.74
fold2_room1_mix0863,98,4,0,174,-6,5.35
fold2_room1_mix0863,99,4,0,174,-5,5.68
fold2_room1_mix0863,45,2,0,-85,-1,1.57
fold2_room1_mix0863,78,4,0,2,-5,6.16
fold2_room1_mix0863,79,4,0,4,-6,5.20
fold2_room1_mix0863,80,4,0,5,-7,5.05
fold2_room1_mix0863,81,4,0,3,-7,4.40
fold2_room1_mix0864,3,4,0,179,0,1.61
fold2_room1_mix0864,4,4,0,178,0,3.97
fold2_room1_mix0864,5,4,0,178,0,19.69
fold2_room1_mix0864,6,4,0,177,0,20.67
fold2_room1_mix0864,7,4,0,179,0,23.81
fold2_room1_mix0864,8,4,0,177,0,35.16
fold2_room1_mix0864,9,4,0,179,0,37.86
fold2_room1_mix0864,10,4,0,178,0,41.72
fold2_room1_mix0864,11,4,0,177,0,40.02
fold2_room1_mix0864,12,4,0,177,0,40.53
fold2_room1_mix0864,13,4,0,178,0,39.39
fold2_room1_mix0864,14,4,0,177,0,40.04
fold2_room1_mix0864,15,4,0,178,0,39.74
fold2_room1_mix0864,16,4,0,179,0,39.31
fold2_room1_mix0864,17,4,0,178,0,37.96
fold2_room1_mix0864,18,4,0,176,0,39.51
fold2_room1_mix0864,19,4,0,176,0,39.73
fold2_room1_mix0864,20,4,0,177,0,39.74
fold2_room1_mix0864,21,4,0,178,0,39.32
fold2_room1_mix0864,22,4,0,177,0,37.93
fold2_room1_mix0864,23,4,0,177,0,35.53
fold2_room1_mix0864,24,4,0,179,0,36.51
fold2_room1_mix0864,25,4,0,179,0,34.25
fold2_room1_mix0864,26,4,0,-179,0,34.38
fold2_room1_mix0864,27,4,0,178,0,34.37
fold2_room1_mix0864,28,4,0,179,0,33.09
fold2_room1_mix0864,29,4,0,-179,0,33.21
fold2_room1_mix0864,30,4,0,179,0,32.86
fold2_room1_mix0864,31,4,0,179,0,32.97
fold2_room1_mix0864,32,4,0,-179,0,33.21
fold2_room1_mix0864,33,4,0,179,0,33.49
fold2_room1_mix0864,34,4,0,178,0,32.36
fold2_room1_mix0864,35,4,0,178,0,36.01
fold2_room1_mix0864,36,4,0,177,0,38.85
fold2_room1_mix0864,37,0,0,-60,-4,3.34
fold2_room1_mix0864,37,4,0,177,0,40.19
fold2_room1_mix0864,38,0,0,-64,-4,6.24
fold2_room1_mix0864,38,4,0,177,0,34.02
fold2_room1_mix0864,39,0,0,-60,-4,8.21
fold2_room1_mix0864,39,4,0,177,0,33.35
fold2_room1_mix0864,40,0,0,-57,-4,10.70
fold2_room1_mix0864,40,4,0,176,0,33.85
fold2_room1_mix0864,41,0,0,-57,-4,11.54
fold2_room1_mix0864,41,4,0,175,-1,30.33
fold2_room1_mix0864,42,0,0,-47,-3,12.27
fold2_room1_mix0864,42,4,0,176,0,28.74
fold2_room1_mix0864,43,0,0,-45,-3,13.07
fold2_room1_mix0864,43,4,0,175,-1,28.25
fold2_room1_mix0864,44,0,0,-50,-4,12.06
fold2_room1_mix0864,44,4,0,177,-1,27.04
fold2_room1_mix0864,45,0,0,-47,-3,13.01
fold2_room1_mix0864,45,4,0,176,-1,25.70
fold2_room1_mix0864,46,0,0,-45,-3,14.11
fold2_room1_mix0864,46,4,0,175,-1,23.71
fold2_room1_mix0864,47,0,0,-44,-3,13.74
fold2_room1_mix0864,47,4,0,175,-1,22.24
fold2_room1_mix0864,48,0,0,-41,-3,15.01
fold2_room1_mix0864,48,4,0,174,-1,21.12
fold2_room1_mix0864,49,0,0,-39,-3,15.52
fold2_room1_mix0864,49,4,0,177,-2,19.14
fold2_room1_mix0864,50,0,0,-36,-3,17.05
fold2_room1_mix0864,50,4,0,175,-2,19.79
fold2_room1_mix0864,51,0,0,-36,-2,17.02
fold2_room1_mix0864,51,4,0,179,-2,18.45
fold2_room1_mix0864,52,0,0,-36,-2,18.04
fold2_room1_mix0864,52,4,0,175,-2,17.95
fold2_room1_mix0864,53,0,0,-35,-2,18.27
fold2_room1_mix0864,53,4,0,175,-2,17.25
fold2_room1_mix0864,54,0,0,-34,-2,19.87
fold2_room1_mix0864,54,4,0,177,-2,15.66
fold2_room1_mix0864,55,0,0,-32,-2,19.88
fold2_room1_mix0864,55,4,0,172,-3,14.37
fold2_room1_mix0864,56,0,0,-33,-2,20.31
fold2_room1_mix0864,56,4,0,172,-3,14.18
fold2_room1_mix0864,57,0,0,-34,-2,19.72
fold2_room1_mix0864,57,4,0,169,-2,13.89
fold2_room1_mix0864,58,0,0,-34,-2,20.93
fold2_room1_mix0864,58,4,0,169,-3,12.44
fold2_room1_mix0864,59,0,0,-30,-2,22.79
fold2_room1_mix0864,59,4,0,168,-3,11.91
fold2_room1_mix0864,60,0,0,-29,-2,22.90
fold2_room1_mix0864,60,4,0,168,-3,11.65
fold2_room1_mix0864,61,0,0,-30,-2,23.37
fold2_room1_mix0864,61,4,0,167,-3,10.20
fold2_room1_mix0864,62,0,0,-27,-2,23.92
fold2_room1_mix0864,62,4,0,163,-4,10.01
fold2_room1_mix0864,63,0,0,-26,-2,24.93
fold2_room1_mix0864,63,4,0,160,-4,9.07
fold2_room1_mix0864,64,0,0,-25,-2,26.19
fold2_room1_mix0864,64,4,0,155,-4,7.51
fold2_room1_mix0864,65,0,0,-25,-2,25.57
fold2_room1_mix0864,65,4,0,151,-5,6.23
fold2_room1_mix0864,66,0,0,-24,-2,25.67
fold2_room1_mix0864,66,4,0,147,-5,6.07
fold2_room1_mix0864,67,0,0,-23,-1,26.44
fold2_room1_mix0864,67,4,0,144,-6,4.65
fold2_room1_mix0864,68,0,0,-21,-1,27.29
fold2_room1_mix0864,68,4,0,137,-8,3.84
fold2_room1_mix0864,69,0,0,-21,-1,28.27
fold2_room1_mix0864,69,4,0,123,-8,3.87
fold2_room1_mix0864,70,0,0,-21,-1,28.86
fold2_room1_mix0864,70,4,0,98,-10,3.27
fold2_room1_mix0864,71,0,0,-21,-1,27.16
fold2_room1_mix0864,71,4,0,82,-9,2.70
fold2_room1_mix0864,72,0,0,-20,-1,29.67
fold2_room1_mix0864,72,4,0,62,-7,2.87
fold2_room1_mix0864,73,0,0,-22,-1,28.12
fold2_room1_mix0864,73,4,0,46,-6,3.55
fold2_room1_mix0864,74,0,0,-19,-1,31.74
fold2_room1_mix0864,74,4,0,34,-5,4.39
fold2_room1_mix0864,75,0,0,-17,-1,33.68
fold2_room1_mix0864,75,4,0,29,-4,5.52
fold2_room1_mix0864,76,0,0,-15,-1,35.07
fold2_room1_mix0864,76,4,0,26,-3,6.09
fold2_room1_mix0864,77,0,0,-15,-1,38.18
fold2_room1_mix0864,77,4,0,22,-3,6.65
fold2_room1_mix0864,78,0,0,-13,-1,39.42
fold2_room1_mix0864,78,4,0,18,-2,7.65
fold2_room1_mix0864,79,0,0,-15,-1,36.97
fold2_room1_mix0864,79,4,0,16,-2,8.18
fold2_room1_mix0864,80,0,0,-15,-1,39.92
fold2_room1_mix0864,80,4,0,14,-2,8.63
fold2_room1_mix0864,81,0,0,-15,-1,38.79
fold2_room1_mix0864,81,4,0,13,-2,10.06
fold2_room1_mix0864,82,0,0,-15,-1,41.94
fold2_room1_mix0864,82,4,0,13,-2,10.46
fold2_room1_mix0864,83,0,0,-16,-1,39.59
fold2_room1_mix0864,83,4,0,11,-2,10.30
fold2_room1_mix0864,84,0,0,-16,-1,38.91
fold2_room1_mix0864,84,4,0,11,-2,11.83
fold2_room1_mix0864,85,0,0,-16,-1,32.87
fold2_room1_mix0864,85,4,0,12,-1,13.19
fold2_room1_mix0864,86,0,0,-16,-1,25.30
fold2_room1_mix0864,86,4,0,11,-1,13.40
fold2_room1_mix0864,87,0,0,-13,0,29.45
fold2_room1_mix0864,87,4,0,12,-1,14.70
fold2_room1_mix0864,88,0,0,-12,0,15.42
fold2_room1_mix0864,88,4,0,10,-1,15.78
fold2_room1_mix0864,89,0,0,-13,0,11.49
fold2_room1_mix0864,89,4,0,10,-1,16.28
fold2_room1_mix0864,90,0,0,-12,0,10.16
fold2_room1_mix0864,90,4,0,10,0,17.49
fold2_room1_mix0864,91,0,0,-12,0,8.23
fold2_room1_mix0864,91,4,0,10,0,19.42
fold2_room1_mix0864,92,0,0,-13,0,6.31
fold2_room1_mix0864,92,4,0,9,0,20.31
fold2_room1_mix0864,93,0,0,-13,0,4.62
fold2_room1_mix0864,93,4,0,9,0,20.91
fold2_room1_mix0864,94,0,0,-12,0,3.92
fold2_room1_mix0864,94,4,0,9,0,22.81
fold2_room1_mix0864,95,4,0,9,0,23.80
fold2_room1_mix0864,96,4,0,8,0,25.43
fold2_room1_mix0864,97,4,0,9,0,26.18
fold2_room1_mix0864,98,4,0,9,0,28.67
fold2_room1_mix0864,99,4,0,8,0,26.67
fold2_room1_mix0865,25,3,0,161,-5,7.86
fold2_room1_mix0865,26,3,0,150,-4,13.39
fold2_room1_mix0865,27,3,0,156,-4,13.61
fold2_room1_mix0865,28,3,0,153,-3,11.45
fold2_room1_mix0865,29,3,0,149,-3,11.22
fold2_room1_mix0865,30,3,0,149,-3,11.53
fold2_room1_mix0865,31,3,0,142,-3,10.57
fold2_room1_mix0865,32,3,0,140,-3,10.61
fold2_room1_mix0865,32,3,0,138,-3,10.63
fold2_room1_mix0865,33,3,0,138,-4,9.13
fold2_room1_mix0865,33,3,0,136,-4,9.11
fold2_room1_mix0865,34,3,0,146,-3,6.55
fold2_room1_mix0865,38,3,0,123,-5,10.31
fold2_room1_mix0865,39,3,0,114,-5,7.02
fold2_room1_mix0865,40,3,0,100,-5,7.32
fold2_room1_mix0865,41,3,0,91,-7,5.47
fold2_room1_mix0865,42,3,0,77,-6,5.97
fold2_room1_mix0865,43,3,0,58,-5,6.97
fold2_room1_mix0865,44,3,0,56,-5,6.50
fold2_room1_mix0865,45,3,0,60,-5,7.13
fold2_room1_mix0865,46,3,0,51,-5,4.00
fold2_room1_mix0865,47,3,0,42,-4,3.82
fold2_room1_mix0865,51,3,0,39,-3,9.75
fold2_room1_mix0865,52,3,0,32,-2,9.85
fold2_room1_mix0865,53,3,0,31,-2,10.46
fold2_room1_mix0865,54,3,0,28,-2,10.25
fold2_room1_mix0865,55,3,0,26,-2,10.39
fold2_room1_mix0865,56,3,0,25,-2,11.14
fold2_room1_mix0865,57,3,0,23,-2,10.91
fold2_room1_mix0865,58,3,0,19,-2,4.95
fold2_room1_mix0865,64,3,0,18,-2,9.90
fold2_room1_mix0865,65,3,0,17,-2,11.57
fold2_room1_mix0865,66,3,0,19,-1,14.86
fold2_room1_mix0865,67,3,0,19,-1,14.69
fold2_room1_mix0865,68,3,0,17,-1,14.68
fold2_room1_mix0865,69,3,0,12,-1,15.75
fold2_room1_mix0865,70,3,0,14,-1,14.01
fold2_room1_mix0865,71,3,0,10,-1,10.75
fold2_room1_mix0865,77,3,0,15,-2,10.96
fold2_room1_mix0865,78,3,0,11,-2,12.89
fold2_room1_mix0865,79,3,0,11,-1,15.29
fold2_room1_mix0866,49,4,0,7,-1,6.56
fold2_room1_mix0866,50,4,0,9,-2,10.74
fold2_room1_mix0866,51,4,0,12,-2,6.68
fold2_room1_mix0866,52,4,0,16,-2,11.14
fold2_room1_mix0866,53,4,0,14,-2,11.20
fold2_room1_mix0866,54,4,0,15,-2,11.42
fold2_room1_mix0866,55,4,0,13,-3,10.49
fold2_room1_mix0866,56,4,0,17,-2,10.31
fold2_room1_mix0866,57,4,0,17,-3,10.04
fold2_room1_mix0866,58,4,0,18,-2,9.85
fold2_room1_mix0866,59,4,0,20,-3,8.95
fold2_room1_mix0866,60,4,0,20,-3,8.18
fold2_room1_mix0866,61,4,0,22,-4,7.68
fold2_room1_mix0866,62,4,0,24,-4,6.92
fold2_room1_mix0866,63,4,0,23,-4,6.47
fold2_room1_mix0866,64,4,0,28,-4,5.76
fold2_room1_mix0866,65,4,0,27,-5,5.30
fold2_room1_mix0866,66,4,0,29,-4,4.92
fold2_room1_mix0866,67,4,0,31,-5,4.28
fold2_room1_mix0866,68,4,0,34,-6,3.87
fold2_room1_mix0866,69,4,0,40,-7,3.45
fold2_room1_mix0866,70,4,0,49,-7,3.06
fold2_room1_mix0866,71,4,0,62,-8,2.72
fold2_room1_mix0866,72,4,0,76,-8,2.58
fold2_room1_mix0866,73,4,0,96,-8,2.59
fold2_room1_mix0866,74,4,0,113,-7,2.64
fold2_room1_mix0866,75,4,0,126,-5,2.88
fold2_room1_mix0866,76,4,0,137,-4,3.07
fold2_room1_mix0866,77,4,0,143,-4,3.72
fold2_room1_mix0866,78,4,0,146,-3,4.25
fold2_room1_mix0866,79,4,0,150,-3,4.55
fold2_room1_mix0866,80,4,0,152,-3,5.46
fold2_room1_mix0866,81,4,0,154,-3,5.94
fold2_room1_mix0866,82,4,0,156,-2,6.55
fold2_room1_mix0866,83,4,0,160,-2,6.70
fold2_room1_mix0866,84,4,0,160,-2,7.76
fold2_room1_mix0866,85,4,0,161,-2,8.27
fold2_room1_mix0866,86,4,0,163,-2,8.51
fold2_room1_mix0866,87,4,0,163,-2,9.44
fold2_room1_mix0866,88,4,0,165,-1,9.97
fold2_room1_mix0866,89,4,0,166,-1,10.87
fold2_room1_mix0866,90,4,0,167,-1,11.04
fold2_room1_mix0866,91,4,0,168,-1,11.65
fold2_room1_mix0866,92,4,0,168,-1,12.38
fold2_room1_mix0866,93,4,0,168,-1,12.67
fold2_room1_mix0866,94,4,0,168,-1,12.59
fold2_room1_mix0866,95,4,0,168,-1,12.91
fold2_room1_mix0866,96,4,0,169,-1,12.23
fold2_room1_mix0866,97,4,0,168,-1,13.87
fold2_room1_mix0866,98,4,0,170,-1,13.45
fold2_room1_mix0866,99,4,0,170,-1,12.19
fold2_room1_mix0867,42,4,0,15,-2,3.72
fold2_room1_mix0867,43,4,0,20,-2,6.17
fold2_room1_mix0867,44,4,0,24,-3,6.86
fold2_room1_mix0867,45,4,0,21,-3,8.46
fold2_room1_mix0867,46,4,0,23,-4,9.11
fold2_room1_mix0867,47,4,0,39,-4,8.44
fold2_room1_mix0867,47,4,0,13,-4,8.82
fold2_room1_mix0867,48,4,0,43,-4,8.83
fold2_room1_mix0867,48,4,0,18,-4,8.85
fold2_room1_mix0867,49,4,0,47,-4,8.40
fold2_room1_mix0867,49,4,0,23,-4,8.67
fold2_room1_mix0867,50,4,0,32,-4,8.48
fold2_room1_mix0867,51,4,0,32,-5,8.03
fold2_room1_mix0867,52,4,0,25,-6,7.38
fold2_room1_mix0867,53,4,0,53,-7,6.99
fold2_room1_mix0867,53,4,0,22,-6,7.34
fold2_room1_mix0867,54,4,0,70,-7,6.73
fold2_room1_mix0867,54,4,0,14,-7,7.23
fold2_room1_mix0867,55,4,0,81,-7,7.47
fold2_room1_mix0867,55,4,0,11,-7,6.80
fold2_room1_mix0867,56,4,0,82,-7,7.02
fold2_room1_mix0867,56,4,0,5,-8,6.53
fold2_room1_mix0867,57,4,0,88,-7,7.87
fold2_room1_mix0867,57,4,0,3,-10,5.59
fold2_room1_mix0867,58,4,0,113,-6,8.63
fold2_room1_mix0867,58,4,0,2,-11,4.70
fold2_room1_mix0867,59,4,0,111,-7,8.64
fold2_room1_mix0867,59,4,0,0,-11,4.93
fold2_room1_mix0867,60,4,0,120,-5,8.63
fold2_room1_mix0867,60,4,0,2,-10,4.59
fold2_room1_mix0867,61,4,0,121,-6,9.03
fold2_room1_mix0867,61,4,0,1,-11,4.78
fold2_room1_mix0867,62,4,0,128,-5,9.85
fold2_room1_mix0867,62,4,0,1,-11,4.36
fold2_room1_mix0867,63,4,0,131,-6,9.31
fold2_room1_mix0867,63,4,0,-2,-12,3.98
fold2_room1_mix0867,64,4,0,129,-6,9.76
fold2_room1_mix0867,64,4,0,-6,-13,3.66
fold2_room1_mix0867,65,4,0,129,-5,10.03
fold2_room1_mix0867,65,4,0,-9,-15,3.10
fold2_room1_mix0867,66,4,0,119,-6,9.68
fold2_room1_mix0867,66,4,0,-14,-17,2.85
fold2_room1_mix0867,67,4,0,125,-6,10.32
fold2_room1_mix0867,67,4,0,-21,-21,2.58
fold2_room1_mix0867,68,4,0,117,-7,9.52
fold2_room1_mix0867,68,4,0,-31,-28,1.78
fold2_room1_mix0867,69,4,0,127,-9,9.81
fold2_room1_mix0867,69,4,0,-42,-43,1.39
fold2_room1_mix0867,70,4,0,122,-17,7.38
fold2_room1_mix0867,70,4,0,-93,-47,0.97
fold2_room1_mix0867,70,4,0,-111,-59,1.58
fold2_room1_mix0867,71,4,0,157,-24,5.24
fold2_room1_mix0867,71,4,0,-127,-36,1.19
fold2_room1_mix0867,71,4,0,174,-43,3.87
fold2_room1_mix0867,72,4,0,-164,-17,3.69
fold2_room1_mix0867,72,4,0,-142,-26,1.31
fold2_room1_mix0867,72,4,0,128,-12,8.33
fold2_room1_mix0867,73,4,0,-151,-19,2.24
fold2_room1_mix0867,73,4,0,130,-4,12.10
fold2_room1_mix0867,74,4,0,-172,-14,3.94
fold2_room1_mix0867,74,4,0,-156,-18,2.44
fold2_room1_mix0867,74,4,0,171,-12,7.05
fold2_room1_mix0867,75,4,0,-172,-11,5.18
fold2_room1_mix0867,76,4,0,-165,-12,3.62
fold2_room1_mix0867,76,4,0,164,-6,9.93
fold2_room1_mix0867,77,4,0,-171,-10,5.34
fold2_room1_mix0867,78,4,0,-173,-9,5.32
fold2_room1_mix0867,79,4,0,-173,-7,5.97
fold2_room1_mix0867,80,4,0,-173,-7,5.65
fold2_room1_mix0867,81,4,0,-173,-6,6.25
fold2_room1_mix0867,82,4,0,-171,-7,5.61
fold2_room1_mix0867,83,4,0,-171,-6,6.09
fold2_room1_mix0867,84,4,0,-172,-6,6.66
fold2_room1_mix0867,85,4,0,-171,-5,6.87
fold2_room1_mix0867,86,4,0,-172,-5,7.09
fold2_room1_mix0867,87,4,0,-173,-5,7.39
fold2_room1_mix0867,88,4,0,-173,-5,7.83
fold2_room1_mix0867,89,4,0,-172,-4,8.09
fold2_room1_mix0867,90,4,0,-174,-4,8.34
fold2_room1_mix0867,91,4,0,-175,-4,8.83
fold2_room1_mix0867,92,4,0,-176,-4,8.90
fold2_room1_mix0867,93,4,0,-175,-4,9.61
fold2_room1_mix0867,94,4,0,-175,-4,9.79
fold2_room1_mix0867,95,4,0,-176,-3,10.74
fold2_room1_mix0867,96,4,0,-176,-3,10.75
fold2_room1_mix0867,97,4,0,-176,-3,11.12
fold2_room1_mix0867,98,4,0,-176,-3,10.92
fold2_room1_mix0867,99,4,0,-174,-3,10.70
fold2_room1_mix0868,4,4,0,-178,0,7.81
fold2_room1_mix0868,5,4,0,-179,0,10.06
fold2_room1_mix0868,6,4,0,177,0,11.10
fold2_room1_mix0868,7,4,0,179,0,19.04
fold2_room1_mix0868,8,4,0,-179,-1,15.19
fold2_room1_mix0868,9,4,0,-178,-1,16.50
fold2_room1_mix0868,10,4,0,179,-1,17.92
fold2_room1_mix0868,11,4,0,177,-1,19.96
fold2_room1_mix0868,12,4,0,-178,0,20.48
fold2_room1_mix0868,13,4,0,179,0,19.17
fold2_room1_mix0868,14,4,0,-179,0,21.73
fold2_room1_mix0868,15,4,0,177,-1,17.91
fold2_room1_mix0868,16,4,0,-179,-1,19.95
fold2_room1_mix0868,17,4,0,-179,0,19.61
fold2_room1_mix0868,18,4,0,179,-1,18.42
fold2_room1_mix0868,19,4,0,177,-1,17.38
fold2_room1_mix0868,20,4,0,179,-1,18.31
fold2_room1_mix0868,21,4,0,178,-1,17.85
fold2_room1_mix0868,22,4,0,178,-1,17.08
fold2_room1_mix0868,23,4,0,178,-1,15.06
fold2_room1_mix0868,24,4,0,179,-1,15.42
fold2_room1_mix0868,25,4,0,177,-1,15.88
fold2_room1_mix0868,26,4,0,178,-1,16.58
fold2_room1_mix0868,27,4,0,178,-1,16.16
fold2_room1_mix0868,28,4,0,178,-1,16.00
fold2_room1_mix0868,29,4,0,179,-1,15.26
fold2_room1_mix0868,30,4,0,-179,-2,15.31
fold2_room1_mix0868,31,4,0,-179,-2,14.19
fold2_room1_mix0868,32,4,0,-178,-2,14.16
fold2_room1_mix0868,33,4,0,179,-2,14.61
fold2_room1_mix0868,34,4,0,179,-2,13.47
fold2_room1_mix0868,35,4,0,178,-2,12.26
fold2_room1_mix0868,36,4,0,179,-2,12.58
fold2_room1_mix0868,37,4,0,178,-2,12.50
fold2_room1_mix0868,38,4,0,179,-2,11.64
fold2_room1_mix0868,39,4,0,179,-2,11.44
fold2_room1_mix0868,40,4,0,179,-3,10.66
fold2_room1_mix0868,41,4,0,179,-3,10.05
fold2_room1_mix0868,42,4,0,-179,-3,9.91
fold2_room1_mix0868,43,4,0,179,-3,9.20
fold2_room1_mix0868,44,4,0,-178,-3,8.71
fold2_room1_mix0868,45,4,0,-179,-4,8.24
fold2_room1_mix0868,46,4,0,178,-4,8.01
fold2_room1_mix0868,47,4,0,-179,-4,7.87
fold2_room1_mix0868,48,4,0,179,-4,7.12
fold2_room1_mix0868,49,4,0,177,-5,6.70
fold2_room1_mix0868,50,4,0,179,-5,5.85
fold2_room1_mix0868,51,4,0,-179,-6,5.62
fold2_room1_mix0868,52,4,0,178,-7,4.85
fold2_room1_mix0868,53,4,0,177,-8,4.68
fold2_room1_mix0868,54,4,0,176,-9,4.09
fold2_room1_mix0868,55,4,0,175,-11,3.61
fold2_room1_mix0868,56,4,0,174,-14,3.12
fold2_room1_mix0868,57,4,0,169,-20,2.49
fold2_room1_mix0868,58,4,0,162,-29,1.94
fold2_room1_mix0868,59,4,0,134,-44,1.46
fold2_room1_mix0868,60,4,0,60,-52,1.17
fold2_room1_mix0868,61,4,0,23,-41,1.42
fold2_room1_mix0868,62,4,0,16,-31,1.64
fold2_room1_mix0868,63,4,0,13,-22,2.13
fold2_room1_mix0868,64,4,0,10,-18,2.67
fold2_room1_mix0868,65,4,0,8,-14,3.40
fold2_room1_mix0868,66,4,0,7,-12,3.72
fold2_room1_mix0868,67,4,0,7,-9,4.38
fold2_room1_mix0868,68,4,0,5,-8,4.84
fold2_room1_mix0868,69,4,0,6,-8,5.31
fold2_room1_mix0868,70,4,0,5,-8,5.72
fold2_room1_mix0868,71,4,0,4,-7,6.15
fold2_room1_mix0868,72,4,0,5,-6,6.71
fold2_room1_mix0868,73,4,0,5,-6,7.14
fold2_room1_mix0868,74,4,0,4,-6,7.09
fold2_room1_mix0868,75,4,0,5,-5,7.88
fold2_room1_mix0868,76,4,0,4,-5,8.29
fold2_room1_mix0868,77,4,0,4,-5,8.61
fold2_room1_mix0868,78,4,0,3,-5,9.02
fold2_room1_mix0868,79,4,0,4,-4,9.44
fold2_room1_mix0868,80,4,0,4,-4,10.09
fold2_room1_mix0868,81,4,0,4,-4,10.44
fold2_room1_mix0868,82,4,0,3,-4,10.99
fold2_room1_mix0868,83,4,0,4,-4,11.55
fold2_room1_mix0868,84,4,0,4,-3,12.57
fold2_room1_mix0868,85,4,0,4,-3,13.11
fold2_room1_mix0868,86,4,0,3,-3,13.36
fold2_room1_mix0868,87,4,0,3,-3,14.21
fold2_room1_mix0868,88,4,0,4,-3,15.29
fold2_room1_mix0868,89,4,0,3,-3,15.49
fold2_room1_mix0868,90,4,0,2,-3,15.42
fold2_room1_mix0868,91,4,0,4,-2,16.32
fold2_room1_mix0868,92,4,0,3,-2,16.08
fold2_room1_mix0868,93,4,0,2,-2,16.43
fold2_room1_mix0868,94,4,0,3,-2,16.52
fold2_room1_mix0868,95,4,0,3,-2,17.32
fold2_room1_mix0868,96,4,0,4,-2,17.46
fold2_room1_mix0868,97,4,0,3,-2,19.56
fold2_room1_mix0868,98,4,0,4,-2,18.50
fold2_room1_mix0868,99,4,0,5,-2,20.46
fold2_room1_mix0869,2,4,0,162,1,1.23
fold2_room1_mix0869,3,4,0,154,0,9.77
fold2_room1_mix0869,3,4,0,3,0,13.40
fold2_room1_mix0869,4,4,0,166,0,12.51
fold2_room1_mix0869,4,4,0,143,-2,9.89
fold2_room1_mix0869,4,4,0,5,0,13.76
fold2_room1_mix0869,5,4,0,165,0,15.36
fold2_room1_mix0869,5,4,0,145,-2,11.69
fold2_room1_mix0869,5,4,0,7,0,16.90
fold2_room1_mix0869,6,4,0,169,1,19.93
fold2_room1_mix0869,6,4,0,142,-2,13.16
fold2_room1_mix0869,6,4,0,6,0,18.40
fold2_room1_mix0869,7,4,0,171,0,23.69
fold2_room1_mix0869,7,4,0,139,-2,15.88
fold2_room1_mix0869,7,4,0,5,-1,21.83
fold2_room1_mix0869,8,4,0,169,0,25.93
fold2_room1_mix0869,8,4,0,146,-3,16.34
fold2_room1_mix0869,8,4,0,8,-1,20.86
fold2_room1_mix0869,9,4,0,168,0,24.13
fold2_room1_mix0869,9,4,0,143,-3,15.21
fold2_room1_mix0869,9,4,0,7,-1,20.04
fold2_room1_mix0869,10,4,0,169,0,23.73
fold2_room1_mix0869,10,4,0,140,-3,15.76
fold2_room1_mix0869,10,4,0,7,-1,20.04
fold2_room1_mix0869,11,4,0,162,0,23.64
fold2_room1_mix0869,11,4,0,141,-2,16.11
fold2_room1_mix0869,11,4,0,4,-1,21.57
fold2_room1_mix0869,12,4,0,164,0,21.82
fold2_room1_mix0869,12,4,0,143,-2,14.73
fold2_room1_mix0869,12,4,0,9,-1,18.56
fold2_room1_mix0869,13,4,0,163,0,22.36
fold2_room1_mix0869,13,4,0,141,-3,14.93
fold2_room1_mix0869,13,4,0,8,-1,20.24
fold2_room1_mix0869,14,4,0,158,0,21.44
fold2_room1_mix0869,14,4,0,139,-3,14.96
fold2_room1_mix0869,14,4,0,9,-1,18.82
fold2_room1_mix0869,15,4,0,159,0,21.00
fold2_room1_mix0869,15,4,0,136,-3,13.54
fold2_room1_mix0869,15,4,0,8,-1,17.30
fold2_room1_mix0869,16,4,0,161,-1,19.55
fold2_room1_mix0869,16,4,0,137,-2,14.46
fold2_room1_mix0869,16,4,0,9,-1,17.29
fold2_room1_mix0869,17,4,0,160,0,20.14
fold2_room1_mix0869,17,4,0,135,-2,14.58
fold2_room1_mix0869,17,4,0,9,-2,16.52
fold2_room1_mix0869,18,4,0,163,0,19.59
fold2_room1_mix0869,18,4,0,132,-2,13.82
fold2_room1_mix0869,18,4,0,12,-2,14.11
fold2_room1_mix0869,19,4,0,159,-1,17.72
fold2_room1_mix0869,19,4,0,132,-2,14.04
fold2_room1_mix0869,19,4,0,9,-2,15.30
fold2_room1_mix0869,20,4,0,158,-1,16.93
fold2_room1_mix0869,20,4,0,129,-2,13.70
fold2_room1_mix0869,20,4,0,10,-2,14.13
fold2_room1_mix0869,21,4,0,151,-1,16.77
fold2_room1_mix0869,21,4,0,131,-2,14.17
fold2_room1_mix0869,21,4,0,14,-2,14.09
fold2_room1_mix0869,22,4,0,156,-1,16.70
fold2_room1_mix0869,22,4,0,129,-3,12.82
fold2_room1_mix0869,22,4,0,10,-2,14.13
fold2_room1_mix0869,23,4,0,147,-1,16.11
fold2_room1_mix0869,23,4,0,129,-2,13.68
fold2_room1_mix0869,23,4,0,11,-2,13.47
fold2_room1_mix0869,24,4,0,151,-1,16.51
fold2_room1_mix0869,24,4,0,132,-2,14.31
fold2_room1_mix0869,24,4,0,10,-3,12.88
fold2_room1_mix0869,25,4,0,147,-1,16.98
fold2_room1_mix0869,25,4,0,130,-2,14.06
fold2_room1_mix0869,25,4,0,12,-3,11.58
fold2_room1_mix0869,26,4,0,149,-1,16.83
fold2_room1_mix0869,26,4,0,127,-1,14.42
fold2_room1_mix0869,26,4,0,9,-4,10.65
fold2_room1_mix0869,27,4,0,147,-1,16.89
fold2_room1_mix0869,27,4,0,132,-1,14.92
fold2_room1_mix0869,27,4,0,14,-3,11.42
fold2_room1_mix0869,28,4,0,138,-2,15.49
fold2_room1_mix0869,28,4,0,10,-4,10.71
fold2_room1_mix0869,29,4,0,135,-1,14.82
fold2_room1_mix0869,29,4,0,11,-3,10.96
fold2_room1_mix0869,30,4,0,133,-1,14.77
fold2_room1_mix0869,30,4,0,12,-4,10.01
fold2_room1_mix0869,31,4,0,135,-1,14.93
fold2_room1_mix0869,31,4,0,8,-4,10.10
fold2_room1_mix0869,32,4,0,128,-1,14.35
fold2_room1_mix0869,32,4,0,10,-4,9.40
fold2_room1_mix0869,33,4,0,127,-2,13.98
fold2_room1_mix0869,33,4,0,8,-4,9.02
fold2_room1_mix0869,34,4,0,124,-2,14.17
fold2_room1_mix0869,34,4,0,8,-5,8.55
fold2_room1_mix0869,35,4,0,120,-2,13.55
fold2_room1_mix0869,35,4,0,6,-5,8.39
fold2_room1_mix0869,36,4,0,119,-2,13.54
fold2_room1_mix0869,36,4,0,5,-5,8.17
fold2_room1_mix0869,37,4,0,111,-2,13.17
fold2_room1_mix0869,37,4,0,10,-5,7.76
fold2_room1_mix0869,38,4,0,110,-2,12.91
fold2_room1_mix0869,38,4,0,12,-4,8.12
fold2_room1_mix0869,39,4,0,107,-2,12.69
fold2_room1_mix0869,39,4,0,12,-5,7.10
fold2_room1_mix0869,40,4,0,103,-3,12.21
fold2_room1_mix0869,40,4,0,17,-6,6.76
fold2_room1_mix0869,41,4,0,113,-2,13.11
fold2_room1_mix0869,41,4,0,94,-3,10.73
fold2_room1_mix0869,41,4,0,11,-5,6.77
fold2_room1_mix0869,42,4,0,97,-2,11.66
fold2_room1_mix0869,42,4,0,16,-6,6.39
fold2_room1_mix0869,43,4,0,97,-2,11.43
fold2_room1_mix0869,43,4,0,15,-6,6.19
fold2_room1_mix0869,44,4,0,96,-3,11.02
fold2_room1_mix0869,44,4,0,14,-7,5.98
fold2_room1_mix0869,45,4,0,93,-2,11.17
fold2_room1_mix0869,45,4,0,15,-6,6.23
fold2_room1_mix0869,46,4,0,91,-2,11.17
fold2_room1_mix0869,46,4,0,15,-6,5.92
fold2_room1_mix0869,47,4,0,89,-2,10.81
fold2_room1_mix0869,47,4,0,13,-6,6.25
fold2_room1_mix0869,48,4,0,89,-2,10.57
fold2_room1_mix0869,48,4,0,13,-6,6.27
fold2_room1_mix0869,49,4,0,88,-2,10.81
fold2_room1_mix0869,49,4,0,14,-7,6.01
fold2_room1_mix0869,50,4,0,90,-2,10.91
fold2_room1_mix0869,50,4,0,14,-7,5.56
fold2_room1_mix0869,51,4,0,91,-2,10.99
fold2_room1_mix0869,51,4,0,18,-7,6.11
fold2_room1_mix0869,52,4,0,87,-2,10.76
fold2_room1_mix0869,52,4,0,19,-7,5.92
fold2_room1_mix0869,53,4,0,85,-2,11.35
fold2_room1_mix0869,53,4,0,25,-7,5.84
fold2_room1_mix0869,54,4,0,88,-2,10.97
fold2_room1_mix0869,54,4,0,22,-7,5.92
fold2_room1_mix0869,55,4,0,83,-2,10.85
fold2_room1_mix0869,55,4,0,27,-8,5.72
fold2_room1_mix0869,56,4,0,86,-3,11.65
fold2_room1_mix0869,56,4,0,31,-8,5.52
fold2_room1_mix0869,57,4,0,98,-2,12.52
fold2_room1_mix0869,57,4,0,78,-2,10.90
fold2_room1_mix0869,57,4,0,30,-8,5.77
fold2_room1_mix0869,58,4,0,101,-3,12.51
fold2_room1_mix0869,58,4,0,78,-2,10.51
fold2_room1_mix0869,58,4,0,40,-8,6.10
fold2_room1_mix0869,59,4,0,112,-2,11.81
fold2_room1_mix0869,59,4,0,79,-2,9.71
fold2_room1_mix0869,59,4,0,42,-7,5.75
fold2_room1_mix0869,60,4,0,132,-3,12.24
fold2_room1_mix0869,60,4,0,82,-2,10.51
fold2_room1_mix0869,60,4,0,50,-6,7.23
fold2_room1_mix0869,61,4,0,134,-4,11.30
fold2_room1_mix0869,61,4,0,84,-2,10.63
fold2_room1_mix0869,61,4,0,37,-4,10.49
fold2_room1_mix0869,62,4,0,141,-5,9.88
fold2_room1_mix0869,62,4,0,90,-3,10.43
fold2_room1_mix0869,62,4,0,40,-3,12.70
fold2_room1_mix0869,63,4,0,139,-5,9.30
fold2_room1_mix0869,63,4,0,96,-3,10.05
fold2_room1_mix0869,63,4,0,32,-3,13.04
fold2_room1_mix0869,64,4,0,137,-6,7.55
fold2_room1_mix0869,64,4,0,106,-2,10.15
fold2_room1_mix0869,64,4,0,27,-2,15.47
fold2_room1_mix0869,65,4,0,147,-6,7.52
fold2_room1_mix0869,65,4,0,114,-2,10.24
fold2_room1_mix0869,65,4,0,25,-2,16.68
fold2_room1_mix0869,66,4,0,146,-7,5.76
fold2_room1_mix0869,66,4,0,120,-2,9.75
fold2_room1_mix0869,66,4,0,27,-2,14.88
fold2_room1_mix0869,67,4,0,148,-7,5.34
fold2_room1_mix0869,67,4,0,124,-1,10.08
fold2_room1_mix0869,67,4,0,36,-2,16.04
fold2_room1_mix0869,68,4,0,147,-7,4.85
fold2_room1_mix0869,68,4,0,129,-2,9.12
fold2_room1_mix0869,68,4,0,33,-2,16.30
fold2_room1_mix0869,69,4,0,149,-8,4.34
fold2_room1_mix0869,69,4,0,132,-4,7.69
fold2_room1_mix0869,69,4,0,45,-3,15.86
fold2_room1_mix0869,70,4,0,148,-8,3.98
fold2_room1_mix0869,70,4,0,131,-4,7.72
fold2_room1_mix0869,70,4,0,40,-3,15.96
fold2_room1_mix0869,71,4,0,148,-8,3.55
fold2_room1_mix0869,71,4,0,124,-2,9.30
fold2_room1_mix0869,71,4,0,40,-2,16.31
fold2_room1_mix0869,72,4,0,146,-9,3.45
fold2_room1_mix0869,72,4,0,118,-3,8.54
fold2_room1_mix0869,72,4,0,43,-2,16.07
fold2_room1_mix0869,73,4,0,154,-10,3.31
fold2_room1_mix0869,73,4,0,107,-4,8.62
fold2_room1_mix0869,73,4,0,43,-3,14.90
fold2_room1_mix0869,74,4,0,156,-8,3.37
fold2_room1_mix0869,74,4,0,92,-3,9.27
fold2_room1_mix0869,74,4,0,43,-2,13.13
fold2_room1_mix0869,75,4,0,159,-7,4.06
fold2_room1_mix0869,75,4,0,71,-2,9.26
fold2_room1_mix0869,75,4,0,43,-2,12.41
fold2_room1_mix0869,76,4,0,157,-6,4.95
fold2_room1_mix0869,76,4,0,65,-3,9.53
fold2_room1_mix0869,76,4,0,38,-2,13.25
fold2_room1_mix0869,77,4,0,160,-5,5.62
fold2_room1_mix0869,77,4,0,58,-2,10.33
fold2_room1_mix0869,77,4,0,36,-2,13.58
fold2_room1_mix0869,78,4,0,158,-5,5.51
fold2_room1_mix0869,78,4,0,54,-2,10.85
fold2_room1_mix0869,78,4,0,36,-2,14.37
fold2_room1_mix0869,79,4,0,159,-5,5.89
fold2_room1_mix0869,79,4,0,51,-2,10.99
fold2_room1_mix0869,79,4,0,31,-3,11.66
fold2_room1_mix0869,80,4,0,162,-5,6.44
fold2_room1_mix0869,80,4,0,46,-2,11.46
fold2_room1_mix0869,80,4,0,31,-2,14.10
fold2_room1_mix0869,81,4,0,164,-5,6.63
fold2_room1_mix0869,81,4,0,47,-2,11.68
fold2_room1_mix0869,81,4,0,28,-1,16.62
fold2_room1_mix0869,82,4,0,163,-4,7.23
fold2_room1_mix0869,82,4,0,43,-1,11.81
fold2_room1_mix0869,82,4,0,27,-1,15.65
fold2_room1_mix0869,83,4,0,165,-4,7.79
fold2_room1_mix0869,83,4,0,45,-2,12.34
fold2_room1_mix0869,83,4,0,27,-1,16.10
fold2_room1_mix0869,84,4,0,164,-4,8.40
fold2_room1_mix0869,84,4,0,32,-1,16.70
fold2_room1_mix0869,85,4,0,166,-4,8.64
fold2_room1_mix0869,85,4,0,32,-1,16.01
fold2_room1_mix0869,86,4,0,168,-4,8.60
fold2_room1_mix0869,86,4,0,40,-2,13.44
fold2_room1_mix0869,86,4,0,25,0,21.65
fold2_room1_mix0869,87,4,0,166,-4,9.01
fold2_room1_mix0869,87,4,0,31,-1,17.99
fold2_room1_mix0869,88,4,0,170,-4,8.94
fold2_room1_mix0869,88,4,0,32,0,19.26
fold2_room1_mix0869,89,4,0,171,-3,9.93
fold2_room1_mix0869,89,4,0,37,0,16.75
fold2_room1_mix0869,89,4,0,21,0,26.71
fold2_room1_mix0869,90,4,0,170,-3,10.88
fold2_room1_mix0869,90,4,0,29,0,21.77
fold2_room1_mix0869,91,4,0,170,-3,10.63
fold2_room1_mix0869,91,4,0,28,0,22.12
fold2_room1_mix0869,92,4,0,171,-2,11.02
fold2_room1_mix0869,92,4,0,27,0,22.87
fold2_room1_mix0869,93,4,0,170,-2,12.45
fold2_room1_mix0869,93,4,0,27,0,22.64
fold2_room1_mix0869,94,4,0,170,-2,12.08
fold2_room1_mix0869,94,4,0,29,0,22.37
fold2_room1_mix0869,95,4,0,171,-2,12.46
fold2_room1_mix0869,95,4,0,24,0,23.02
fold2_room1_mix0869,96,4,0,169,-2,13.69
fold2_room1_mix0869,96,4,0,25,0,24.38
fold2_room1_mix0869,97,4,0,170,-1,15.37
fold2_room1_mix0869,97,4,0,22,0,25.47
fold2_room1_mix0869,98,4,0,167,-1,16.55
fold2_room1_mix0869,98,4,0,22,0,23.11
fold2_room1_mix0869,99,4,0,171,-1,13.65
fold2_room1_mix0869,99,4,0,20,0,23.91
fold2_room1_mix0870,3,4,0,15,0,2.37
fold2_room1_mix0870,3,5,0,177,2,3.09
fold2_room1_mix0870,4,4,0,23,-2,2.67
fold2_room1_mix0870,5,4,0,27,0,2.85
fold2_room1_mix0870,7,4,0,25,-1,7.75
fold2_room1_mix0870,8,4,0,32,0,2.29
fold2_room1_mix0870,9,4,0,32,-1,5.58
fold2_room1_mix0870,10,4,0,29,-2,13.56
fold2_room1_mix0870,11,4,0,28,-2,16.75
fold2_room1_mix0870,12,4,0,30,-1,14.27
fold2_room1_mix0870,13,4,0,29,-2,17.32
fold2_room1_mix0870,14,4,0,32,-2,19.35
fold2_room1_mix0870,15,4,0,28,-2,19.26
fold2_room1_mix0870,16,4,0,30,-2,18.65
fold2_room1_mix0870,17,4,0,31,-2,19.21
fold2_room1_mix0870,18,4,0,32,-2,16.98
fold2_room1_mix0870,19,4,0,30,-2,17.93
fold2_room1_mix0870,20,4,0,30,-2,17.96
fold2_room1_mix0870,21,4,0,27,-2,16.35
fold2_room1_mix0870,22,4,0,33,-2,16.58
fold2_room1_mix0870,23,4,0,32,-2,16.81
fold2_room1_mix0870,24,4,0,33,-2,16.30
fold2_room1_mix0870,25,4,0,50,-3,16.90
fold2_room1_mix0870,25,4,0,33,-3,15.84
fold2_room1_mix0870,25,4,0,10,-2,18.26
fold2_room1_mix0870,26,4,0,65,-3,17.14
fold2_room1_mix0870,26,4,0,27,-2,15.20
fold2_room1_mix0870,26,4,0,5,-2,16.21
fold2_room1_mix0870,27,4,0,57,-3,17.47
fold2_room1_mix0870,27,4,0,29,-3,15.68
fold2_room1_mix0870,27,4,0,11,-3,16.93
fold2_room1_mix0870,28,4,0,58,-2,18.07
fold2_room1_mix0870,28,4,0,27,-3,15.10
fold2_room1_mix0870,28,4,0,2,-2,15.50
fold2_room1_mix0870,29,4,0,61,-3,17.14
fold2_room1_mix0870,29,4,0,28,-3,14.31
fold2_room1_mix0870,29,4,0,2,-3,15.54
fold2_room1_mix0870,30,4,0,73,-3,16.97
fold2_room1_mix0870,30,4,0,38,-4,13.25
fold2_room1_mix0870,30,4,0,-3,-3,13.60
fold2_room1_mix0870,31,4,0,67,-3,15.94
fold2_room1_mix0870,31,4,0,19,-4,12.85
fold2_room1_mix0870,31,4,0,0,-4,13.44
fold2_room1_mix0870,32,4,0,75,-3,15.90
fold2_room1_mix0870,32,4,0,19,-5,10.68
fold2_room1_mix0870,32,4,0,-3,-4,11.14
fold2_room1_mix0870,33,4,0,67,-3,15.62
fold2_room1_mix0870,33,4,0,17,-5,11.56
fold2_room1_mix0870,33,4,0,-4,-5,11.16
fold2_room1_mix0870,34,4,0,80,-3,14.85
fold2_room1_mix0870,34,4,0,3,-6,9.00
fold2_room1_mix0870,35,4,0,69,-3,14.83
fold2_room1_mix0870,35,4,0,-4,-6,9.52
fold2_room1_mix0870,36,4,0,82,-3,15.64
fold2_room1_mix0870,36,4,0,-4,-6,9.01
fold2_room1_mix0870,37,4,0,68,-3,15.16
fold2_room1_mix0870,37,4,0,-8,-7,8.09
fold2_room1_mix0870,38,4,0,82,-3,14.84
fold2_room1_mix0870,38,4,0,-7,-7,7.42
fold2_room1_mix0870,39,4,0,89,-3,13.99
fold2_room1_mix0870,39,4,0,-10,-7,6.90
fold2_room1_mix0870,40,4,0,89,-3,13.47
fold2_room1_mix0870,40,4,0,-13,-7,5.88
fold2_room1_mix0870,41,4,0,85,-3,13.26
fold2_room1_mix0870,41,4,0,-19,-8,5.52
fold2_room1_mix0870,42,4,0,96,-4,12.30
fold2_room1_mix0870,42,4,0,-19,-8,5.22
fold2_room1_mix0870,43,4,0,103,-4,11.99
fold2_room1_mix0870,43,4,0,-23,-9,4.55
fold2_room1_mix0870,44,4,0,97,-3,12.55
fold2_room1_mix0870,44,4,0,-31,-9,4.53
fold2_room1_mix0870,45,4,0,99,-2,12.58
fold2_room1_mix0870,45,4,0,-37,-10,4.01
fold2_room1_mix0870,46,4,0,94,-2,12.90
fold2_room1_mix0870,46,4,0,-56,-12,3.00
fold2_room1_mix0870,46,4,0,-31,-11,5.46
fold2_room1_mix0870,47,4,0,101,-3,12.80
fold2_room1_mix0870,47,4,0,-64,-14,2.77
fold2_room1_mix0870,48,4,0,95,-9,8.84
fold2_room1_mix0870,48,4,0,92,-4,9.97
fold2_room1_mix0870,49,4,0,100,-6,10.48
fold2_room1_mix0870,49,4,0,98,-5,9.74
fold2_room1_mix0870,50,4,0,-98,-13,4.76
fold2_room1_mix0870,50,4,0,103,0,12.51
fold2_room1_mix0870,52,4,0,-124,-10,4.44
fold2_room1_mix0870,52,4,0,102,-1,13.39
fold2_room1_mix0870,53,4,0,-127,-7,4.12
fold2_room1_mix0870,53,4,0,110,-1,10.54
fold2_room1_mix0870,54,4,0,-129,-6,4.12
fold2_room1_mix0870,54,4,0,103,-1,11.70
fold2_room1_mix0870,55,4,0,-137,-6,4.44
fold2_room1_mix0870,55,4,0,104,-2,10.68
fold2_room1_mix0870,55,4,0,86,0,14.64
fold2_room1_mix0870,56,4,0,-138,-7,3.90
fold2_room1_mix0870,56,4,0,105,0,12.11
fold2_room1_mix0870,56,4,0,86,-3,11.79
fold2_room1_mix0870,57,4,0,-138,-6,4.39
fold2_room1_mix0870,57,4,0,99,-1,12.82
fold2_room1_mix0870,58,4,0,-139,-5,5.25
fold2_room1_mix0870,58,4,0,100,-1,14.25
fold2_room1_mix0870,59,4,0,-143,-5,5.33
fold2_room1_mix0870,59,4,0,103,0,13.96
fold2_room1_mix0870,59,4,0,83,-2,14.18
fold2_room1_mix0870,60,4,0,-147,-4,6.15
fold2_room1_mix0870,60,4,0,102,0,14.22
fold2_room1_mix0870,60,4,0,85,-2,13.30
fold2_room1_mix0870,61,4,0,-145,-3,6.81
fold2_room1_mix0870,61,4,0,98,0,14.89
fold2_room1_mix0870,62,4,0,-149,-4,7.19
fold2_room1_mix0870,62,4,0,138,-1,13.32
fold2_room1_mix0870,62,4,0,101,-2,14.29
fold2_room1_mix0870,63,4,0,-149,-3,7.22
fold2_room1_mix0870,63,4,0,124,0,14.83
fold2_room1_mix0870,63,4,0,96,-1,15.70
fold2_room1_mix0870,64,4,0,-152,-3,8.01
fold2_room1_mix0870,64,4,0,145,-1,13.42
fold2_room1_mix0870,64,4,0,102,-1,14.66
fold2_room1_mix0870,65,4,0,-154,-3,8.92
fold2_room1_mix0870,65,4,0,143,-1,15.29
fold2_room1_mix0870,65,4,0,107,-2,16.16
fold2_room1_mix0870,66,4,0,-160,-3,9.09
fold2_room1_mix0870,66,4,0,161,-1,13.43
fold2_room1_mix0870,66,4,0,117,-1,16.75
fold2_room1_mix0870,67,4,0,-160,-2,10.20
fold2_room1_mix0870,67,4,0,164,-1,14.17
fold2_room1_mix0870,67,4,0,119,-1,17.68
fold2_room1_mix0870,68,4,0,-162,-2,10.30
fold2_room1_mix0870,68,4,0,134,0,16.07
fold2_room1_mix0870,68,4,0,114,-1,17.23
fold2_room1_mix0870,69,4,0,-172,-2,12.19
fold2_room1_mix0870,69,4,0,121,-1,17.08
fold2_room1_mix0870,70,4,0,-171,-3,13.02
fold2_room1_mix0870,70,4,0,124,-2,17.77
fold2_room1_mix0870,71,4,0,-172,-2,14.32
fold2_room1_mix0870,71,4,0,132,-1,19.36
fold2_room1_mix0870,72,4,0,-172,-2,13.44
fold2_room1_mix0870,72,4,0,141,-1,18.21
fold2_room1_mix0870,73,4,0,-173,-2,14.84
fold2_room1_mix0870,73,4,0,141,-1,19.90
fold2_room1_mix0870,74,4,0,-172,-2,14.42
fold2_room1_mix0870,74,4,0,160,-1,16.38
fold2_room1_mix0870,74,4,0,141,-1,19.58
fold2_room1_mix0870,75,4,0,-179,-2,14.49
fold2_room1_mix0870,75,4,0,148,-1,18.45
fold2_room1_mix0870,76,4,0,175,-1,15.90
fold2_room1_mix0870,76,4,0,153,-1,18.10
fold2_room1_mix0870,77,4,0,162,-1,13.59
fold2_room1_mix0870,78,4,0,165,-1,14.16
fold2_room1_mix0870,79,4,0,162,0,6.97
fold2_room1_mix0870,80,4,0,166,0,6.16
fold2_room1_mix0870,81,4,0,156,0,7.16
fold2_room1_mix0870,51,4,0,-105,-10,3.64
fold2_room1_mix0870,51,4,0,107,-1,12.38
fold2_room1_mix0871,14,3,0,11,-4,5.03
fold2_room1_mix0871,15,3,0,29,-3,13.71
fold2_room1_mix0871,16,3,0,28,-2,12.17
fold2_room1_mix0871,17,3,0,26,-2,13.81
fold2_room1_mix0871,18,3,0,29,-2,12.18
fold2_room1_mix0871,19,3,0,36,-2,11.48
fold2_room1_mix0871,20,3,0,13,-1,13.31
fold2_room1_mix0871,21,3,0,1,-2,12.30
fold2_room1_mix0871,22,3,0,-14,-1,11.76
fold2_room1_mix0871,23,3,0,-20,-2,9.74
fold2_room1_mix0871,24,3,0,-40,-3,9.16
fold2_room1_mix0871,25,3,0,-50,-3,8.52
fold2_room1_mix0871,26,3,0,-51,-3,6.44
fold2_room1_mix0871,27,3,0,-60,-4,5.86
fold2_room1_mix0871,28,3,0,-11,-2,10.28
fold2_room1_mix0871,29,3,0,10,-2,11.13
fold2_room1_mix0871,30,3,0,21,-2,11.40
fold2_room1_mix0871,31,3,0,32,-2,9.78
fold2_room1_mix0871,32,3,0,-2,-3,9.01
fold2_room1_mix0871,33,3,0,10,-2,9.32
fold2_room1_mix0871,34,3,0,20,-2,10.11
fold2_room1_mix0871,35,3,0,35,-2,11.09
fold2_room1_mix0871,36,3,0,27,-2,9.24
fold2_room1_mix0871,39,3,0,-76,-5,3.96
fold2_room1_mix0871,40,3,0,-98,-6,3.87
fold2_room1_mix0871,41,3,0,-96,-5,5.09
fold2_room1_mix0871,43,3,0,-102,-8,5.50
fold2_room1_mix0871,44,3,0,-87,-8,5.32
fold2_room1_mix0871,45,3,0,-84,-8,5.42
fold2_room1_mix0871,46,3,0,-95,-8,4.89
fold2_room1_mix0871,47,3,0,-106,-8,6.52
fold2_room1_mix0871,48,3,0,-119,-8,7.36
fold2_room1_mix0871,49,3,0,-108,-9,5.08
fold2_room1_mix0871,50,3,0,-106,-11,3.30
fold2_room1_mix0871,50,4,0,-5,-3,9.20
fold2_room1_mix0871,51,4,0,-14,-3,8.52
fold2_room1_mix0871,52,4,0,-5,-4,11.58
fold2_room1_mix0871,53,3,0,-135,-7,3.22
fold2_room1_mix0871,53,4,0,-12,-3,10.66
fold2_room1_mix0871,54,3,0,-133,-7,3.67
fold2_room1_mix0871,54,4,0,-10,-3,13.90
fold2_room1_mix0871,55,4,0,-5,-3,14.29
fold2_room1_mix0871,56,4,0,-1,-2,14.96
fold2_room1_mix0871,57,4,0,-5,-2,14.40
fold2_room1_mix0871,58,3,0,-143,-5,8.33
fold2_room1_mix0871,58,4,0,-3,-3,12.08
fold2_room1_mix0871,59,3,0,-142,-5,11.97
fold2_room1_mix0871,59,4,0,-5,-3,12.38
fold2_room1_mix0871,60,3,0,-145,-5,7.64
fold2_room1_mix0871,60,4,0,-5,-3,11.50
fold2_room1_mix0871,61,3,0,-147,-4,10.54
fold2_room1_mix0871,61,4,0,-5,-3,7.94
fold2_room1_mix0871,62,3,0,-148,-4,10.60
fold2_room1_mix0871,62,4,0,-11,-4,8.36
fold2_room1_mix0871,63,3,0,-151,-4,12.76
fold2_room1_mix0871,63,4,0,-10,-4,6.97
fold2_room1_mix0871,64,3,0,-150,-4,10.75
fold2_room1_mix0871,64,4,0,-11,-5,5.69
fold2_room1_mix0871,65,3,0,-153,-4,9.62
fold2_room1_mix0871,65,4,0,-16,-6,5.46
fold2_room1_mix0871,66,3,0,-158,-4,11.93
fold2_room1_mix0871,66,4,0,-19,-7,4.97
fold2_room1_mix0871,67,4,0,-26,-11,3.42
fold2_room1_mix0871,68,4,0,-47,-10,2.60
fold2_room1_mix0871,69,4,0,-91,-13,1.70
fold2_room1_mix0871,70,4,0,-128,-11,2.00
fold2_room1_mix0871,71,4,0,-147,-7,2.65
fold2_room1_mix0871,72,4,0,-155,-6,3.49
fold2_room1_mix0871,73,4,0,-160,-5,4.14
fold2_room1_mix0871,74,4,0,-163,-4,5.01
fold2_room1_mix0871,75,4,0,-165,-4,5.98
fold2_room1_mix0871,76,4,0,-168,-3,7.05
fold2_room1_mix0871,77,4,0,-170,-3,7.57
fold2_room1_mix0871,78,4,0,-172,-2,9.46
fold2_room1_mix0871,79,4,0,-171,-2,9.91
fold2_room1_mix0871,80,4,0,-172,-2,9.69
fold2_room1_mix0871,81,4,0,-170,-1,11.05
fold2_room1_mix0871,82,4,0,-172,-1,12.25
fold2_room1_mix0871,83,4,0,-174,-1,12.70
fold2_room1_mix0871,84,4,0,-175,-1,13.78
fold2_room1_mix0871,85,4,0,-174,-1,13.60
fold2_room1_mix0871,86,4,0,-174,-1,14.43
fold2_room1_mix0871,87,4,0,-174,0,15.41
fold2_room1_mix0871,88,4,0,-173,0,15.79
fold2_room1_mix0871,89,4,0,-173,0,17.43
fold2_room1_mix0871,90,4,0,-175,0,11.24
fold2_room1_mix0871,92,4,0,-176,0,4.04
fold2_room1_mix0871,42,3,0,-99,-9,8.43
fold2_room1_mix0872,0,5,0,-75,5,5.11
fold2_room1_mix0872,1,5,0,-92,5,12.05
fold2_room1_mix0872,2,4,0,175,0,2.65
fold2_room1_mix0872,2,4,0,-1,0,2.74
fold2_room1_mix0872,2,5,0,-90,6,8.69
fold2_room1_mix0872,3,4,0,177,0,8.80
fold2_room1_mix0872,3,4,0,1,0,10.17
fold2_room1_mix0872,3,5,0,-82,7,5.32
fold2_room1_mix0872,4,4,0,-179,0,16.29
fold2_room1_mix0872,4,4,0,-14,0,17.30
fold2_room1_mix0872,4,5,0,-74,7,6.44
fold2_room1_mix0872,5,4,0,178,0,15.55
fold2_room1_mix0872,5,4,0,0,0,19.25
fold2_room1_mix0872,5,5,0,-87,5,14.17
fold2_room1_mix0872,6,4,0,174,0,19.94
fold2_room1_mix0872,6,4,0,-5,-1,20.29
fold2_room1_mix0872,6,5,0,-82,6,12.74
fold2_room1_mix0872,7,4,0,177,0,26.58
fold2_room1_mix0872,7,4,0,-6,0,32.38
fold2_room1_mix0872,7,5,0,-79,7,8.26
fold2_room1_mix0872,8,4,0,178,0,26.84
fold2_room1_mix0872,8,4,0,0,0,34.19
fold2_room1_mix0872,8,5,0,-91,7,9.70
fold2_room1_mix0872,9,4,0,-179,0,24.88
fold2_room1_mix0872,9,4,0,-1,0,34.01
fold2_room1_mix0872,9,5,0,-80,6,11.21
fold2_room1_mix0872,10,4,0,178,0,22.92
fold2_room1_mix0872,10,4,0,-4,0,34.82
fold2_room1_mix0872,10,5,0,-83,7,10.39
fold2_room1_mix0872,11,4,0,-179,0,24.54
fold2_room1_mix0872,11,4,0,-5,0,38.52
fold2_room1_mix0872,11,5,0,-85,6,9.82
fold2_room1_mix0872,12,4,0,179,0,23.23
fold2_room1_mix0872,12,4,0,-1,0,36.41
fold2_room1_mix0872,12,5,0,-83,7,8.93
fold2_room1_mix0872,13,4,0,-179,0,22.40
fold2_room1_mix0872,13,4,0,-3,1,39.29
fold2_room1_mix0872,13,5,0,-86,6,11.11
fold2_room1_mix0872,14,4,0,-179,0,21.09
fold2_room1_mix0872,14,4,0,-2,0,39.18
fold2_room1_mix0872,14,5,0,-82,6,9.92
fold2_room1_mix0872,15,4,0,-177,0,19.94
fold2_room1_mix0872,15,4,0,-1,1,44.47
fold2_room1_mix0872,15,5,0,-83,7,9.09
fold2_room1_mix0872,16,4,0,-177,0,20.10
fold2_room1_mix0872,16,4,0,-6,1,43.80
fold2_room1_mix0872,16,5,0,-86,7,8.92
fold2_room1_mix0872,17,4,0,-179,0,20.68
fold2_room1_mix0872,17,4,0,-1,1,45.85
fold2_room1_mix0872,17,5,0,-85,6,9.03
fold2_room1_mix0872,18,4,0,-177,0,19.98
fold2_room1_mix0872,18,4,0,-5,1,40.83
fold2_room1_mix0872,18,5,0,-83,6,10.18
fold2_room1_mix0872,19,4,0,-177,0,18.74
fold2_room1_mix0872,19,4,0,-6,1,45.47
fold2_room1_mix0872,19,5,0,-81,6,9.27
fold2_room1_mix0872,20,4,0,-177,0,18.51
fold2_room1_mix0872,20,4,0,-4,1,47.37
fold2_room1_mix0872,20,5,0,-76,7,9.19
fold2_room1_mix0872,21,4,0,-178,-1,18.34
fold2_room1_mix0872,21,4,0,-5,1,42.06
fold2_room1_mix0872,21,5,0,-75,5,11.88
fold2_room1_mix0872,22,4,0,-176,-1,16.46
fold2_room1_mix0872,22,4,0,-4,1,41.17
fold2_room1_mix0872,22,5,0,-79,6,9.69
fold2_room1_mix0872,23,4,0,-175,-1,14.94
fold2_room1_mix0872,23,4,0,-6,1,43.33
fold2_room1_mix0872,23,5,0,-80,6,9.51
fold2_room1_mix0872,24,4,0,-175,-2,15.86
fold2_room1_mix0872,24,4,0,-6,1,43.75
fold2_room1_mix0872,24,5,0,-80,6,9.73
fold2_room1_mix0872,25,4,0,-172,-1,14.59
fold2_room1_mix0872,25,4,0,-9,0,41.16
fold2_room1_mix0872,25,5,0,-80,6,11.44
fold2_room1_mix0872,26,4,0,-172,-1,14.36
fold2_room1_mix0872,26,4,0,-6,1,40.23
fold2_room1_mix0872,26,5,0,-78,6,10.42
fold2_room1_mix0872,27,4,0,-170,-2,13.18
fold2_room1_mix0872,27,4,0,-10,0,38.99
fold2_room1_mix0872,27,5,0,-79,6,9.66
fold2_room1_mix0872,28,4,0,-171,-2,12.73
fold2_room1_mix0872,28,4,0,-6,0,38.58
fold2_room1_mix0872,28,5,0,-79,6,10.24
fold2_room1_mix0872,29,4,0,-171,-2,11.16
fold2_room1_mix0872,29,4,0,-7,0,35.72
fold2_room1_mix0872,29,5,0,-79,6,11.68
fold2_room1_mix0872,30,4,0,-168,-2,10.15
fold2_room1_mix0872,30,4,0,-11,0,33.72
fold2_room1_mix0872,30,5,0,-87,6,10.25
fold2_room1_mix0872,31,4,0,-167,-2,10.27
fold2_room1_mix0872,31,4,0,-11,0,32.69
fold2_room1_mix0872,31,5,0,-79,6,10.03
fold2_room1_mix0872,32,4,0,-164,-3,8.71
fold2_room1_mix0872,32,4,0,-7,0,30.98
fold2_room1_mix0872,32,5,0,-80,6,9.89
fold2_room1_mix0872,33,4,0,-163,-4,7.84
fold2_room1_mix0872,33,4,0,-8,0,29.49
fold2_room1_mix0872,33,5,0,-81,6,9.81
fold2_room1_mix0872,34,4,0,-162,-4,6.94
fold2_room1_mix0872,34,4,0,-12,0,25.52
fold2_room1_mix0872,34,5,0,-80,6,11.16
fold2_room1_mix0872,35,4,0,-157,-5,5.79
fold2_room1_mix0872,35,4,0,-13,0,23.72
fold2_room1_mix0872,35,5,0,-77,6,9.75
fold2_room1_mix0872,36,4,0,-154,-5,4.96
fold2_room1_mix0872,36,4,0,-12,0,23.14
fold2_room1_mix0872,36,5,0,-79,6,9.50
fold2_room1_mix0872,37,4,0,-152,-6,4.72
fold2_room1_mix0872,37,4,0,-16,-1,22.54
fold2_room1_mix0872,37,5,0,-77,6,12.01
fold2_room1_mix0872,38,4,0,-146,-6,3.82
fold2_room1_mix0872,38,4,0,-16,0,21.34
fold2_room1_mix0872,38,5,0,-79,6,10.88
fold2_room1_mix0872,39,4,0,-144,-9,3.29
fold2_room1_mix0872,39,4,0,-15,-1,20.78
fold2_room1_mix0872,39,5,0,-76,6,9.65
fold2_room1_mix0872,40,4,0,-138,-9,3.04
fold2_room1_mix0872,40,4,0,-17,0,20.84
fold2_room1_mix0872,40,5,0,-78,6,10.89
fold2_room1_mix0872,41,4,0,-133,-5,4.63
fold2_room1_mix0872,41,4,0,-107,-12,2.08
fold2_room1_mix0872,41,4,0,-17,0,22.53
fold2_room1_mix0872,41,5,0,-83,7,11.30
fold2_room1_mix0872,42,4,0,-113,-6,3.41
fold2_room1_mix0872,42,4,0,-78,-10,1.89
fold2_room1_mix0872,42,4,0,-20,0,18.76
fold2_room1_mix0872,42,5,0,-79,7,10.85
fold2_room1_mix0872,43,4,0,-104,-6,4.33
fold2_room1_mix0872,43,4,0,-57,-8,2.29
fold2_room1_mix0872,43,4,0,-13,0,19.89
fold2_room1_mix0872,43,5,0,-75,6,11.62
fold2_room1_mix0872,44,4,0,-46,-6,3.58
fold2_room1_mix0872,44,4,0,-10,0,19.38
fold2_room1_mix0872,44,5,0,-79,6,10.94
fold2_room1_mix0872,45,4,0,-49,-5,5.19
fold2_room1_mix0872,45,4,0,-31,-6,3.69
fold2_room1_mix0872,45,4,0,-12,0,17.18
fold2_room1_mix0872,45,5,0,-78,6,11.80
fold2_room1_mix0872,46,4,0,-29,-4,5.00
fold2_room1_mix0872,46,4,0,-6,0,20.91
fold2_room1_mix0872,46,5,0,-79,6,10.18
fold2_room1_mix0872,47,4,0,-16,-3,9.57
fold2_room1_mix0872,47,5,0,-76,6,10.39
fold2_room1_mix0872,48,4,0,-24,-4,6.13
fold2_room1_mix0872,48,4,0,-6,-1,17.08
fold2_room1_mix0872,48,5,0,-74,6,9.15
fold2_room1_mix0872,49,4,0,-16,-3,10.62
fold2_room1_mix0872,49,5,0,-74,6,9.88
fold2_room1_mix0872,50,4,0,-10,-2,10.28
fold2_room1_mix0872,50,5,0,-78,6,10.13
fold2_room1_mix0872,51,4,0,-11,-2,10.29
fold2_room1_mix0872,51,5,0,-73,5,10.17
fold2_room1_mix0872,52,4,0,-12,-2,10.89
fold2_room1_mix0872,52,5,0,-75,7,8.52
fold2_room1_mix0872,53,4,0,-9,-2,10.81
fold2_room1_mix0872,53,5,0,-74,5,11.34
fold2_room1_mix0872,54,4,0,-7,-2,11.24
fold2_room1_mix0872,54,5,0,-74,6,9.74
fold2_room1_mix0872,55,4,0,-8,-2,10.18
fold2_room1_mix0872,55,5,0,-77,6,9.01
fold2_room1_mix0872,56,4,0,-8,-2,10.50
fold2_room1_mix0872,56,5,0,-70,5,10.36
fold2_room1_mix0872,57,4,0,-7,-2,10.92
fold2_room1_mix0872,57,5,0,-76,5,10.72
fold2_room1_mix0872,58,4,0,-7,-2,11.55
fold2_room1_mix0872,58,5,0,-76,5,9.72
fold2_room1_mix0872,59,4,0,-7,-2,13.07
fold2_room1_mix0872,59,5,0,-73,5,9.70
fold2_room1_mix0872,60,4,0,-15,-11,3.89
fold2_room1_mix0872,60,4,0,-5,0,18.39
fold2_room1_mix0872,60,5,0,-71,5,9.25
fold2_room1_mix0872,61,4,0,-26,-15,2.45
fold2_room1_mix0872,61,4,0,-5,0,19.91
fold2_room1_mix0872,61,5,0,-74,5,10.27
fold2_room1_mix0872,62,4,0,-42,-20,1.72
fold2_room1_mix0872,62,4,0,-6,0,20.83
fold2_room1_mix0872,62,5,0,-71,5,10.00
fold2_room1_mix0872,63,4,0,-69,-25,1.30
fold2_room1_mix0872,63,4,0,-4,0,19.13
fold2_room1_mix0872,63,5,0,-75,5,8.78
fold2_room1_mix0872,64,4,0,-126,-21,1.68
fold2_room1_mix0872,64,4,0,-2,0,20.71
fold2_room1_mix0872,64,5,0,-65,6,8.96
fold2_room1_mix0872,65,4,0,-144,-13,2.10
fold2_room1_mix0872,65,4,0,-2,0,23.54
fold2_room1_mix0872,65,5,0,-74,6,8.70
fold2_room1_mix0872,66,4,0,-157,-11,2.86
fold2_room1_mix0872,66,4,0,-5,0,21.89
fold2_room1_mix0872,66,5,0,-73,5,9.53
fold2_room1_mix0872,67,4,0,-162,-10,3.02
fold2_room1_mix0872,67,4,0,-4,0,24.01
fold2_room1_mix0872,67,5,0,-65,5,9.39
fold2_room1_mix0872,68,4,0,-165,-8,4.14
fold2_room1_mix0872,68,4,0,-6,0,22.48
fold2_room1_mix0872,68,5,0,-67,6,9.21
fold2_room1_mix0872,69,4,0,-168,-7,4.81
fold2_room1_mix0872,69,4,0,-6,0,23.13
fold2_room1_mix0872,69,5,0,-68,5,12.04
fold2_room1_mix0872,70,4,0,-169,-6,6.07
fold2_room1_mix0872,70,4,0,-6,0,21.36
fold2_room1_mix0872,70,5,0,-69,5,10.44
fold2_room1_mix0872,71,4,0,-171,-5,6.11
fold2_room1_mix0872,71,4,0,-4,0,25.32
fold2_room1_mix0872,71,5,0,-82,6,8.86
fold2_room1_mix0872,72,4,0,-173,-5,7.36
fold2_room1_mix0872,72,4,0,-5,0,24.58
fold2_room1_mix0872,72,5,0,-71,5,9.95
fold2_room1_mix0872,73,4,0,-173,-4,9.65
fold2_room1_mix0872,73,4,0,-5,0,21.46
fold2_room1_mix0872,73,5,0,-68,5,11.09
fold2_room1_mix0872,74,4,0,-173,-3,9.70
fold2_room1_mix0872,74,4,0,-4,0,28.50
fold2_room1_mix0872,74,5,0,-74,5,10.84
fold2_room1_mix0872,75,4,0,-173,-3,13.09
fold2_room1_mix0872,75,4,0,-5,0,28.01
fold2_room1_mix0872,75,5,0,-75,5,10.81
fold2_room1_mix0872,76,4,0,-173,-3,12.19
fold2_room1_mix0872,76,4,0,-3,0,29.15
fold2_room1_mix0872,76,5,0,-75,5,10.94
fold2_room1_mix0872,77,4,0,-174,-2,13.69
fold2_room1_mix0872,77,4,0,-2,0,31.02
fold2_room1_mix0872,77,5,0,-73,5,11.80
fold2_room1_mix0872,78,4,0,-175,-2,15.25
fold2_room1_mix0872,78,4,0,-2,0,29.11
fold2_room1_mix0872,78,5,0,-72,5,11.19
fold2_room1_mix0872,79,4,0,-177,-2,16.10
fold2_room1_mix0872,79,4,0,-3,0,27.76
fold2_room1_mix0872,79,5,0,-74,5,10.95
fold2_room1_mix0872,80,4,0,-177,-2,16.05
fold2_room1_mix0872,80,4,0,-3,0,29.74
fold2_room1_mix0872,80,5,0,-73,6,10.28
fold2_room1_mix0872,81,4,0,-178,-2,18.57
fold2_room1_mix0872,81,4,0,-4,0,29.21
fold2_room1_mix0872,81,5,0,-72,5,11.95
fold2_room1_mix0872,82,4,0,-178,-1,18.94
fold2_room1_mix0872,82,4,0,-4,0,30.77
fold2_room1_mix0872,82,5,0,-75,5,13.30
fold2_room1_mix0872,83,4,0,-179,-1,20.63
fold2_room1_mix0872,83,4,0,-3,0,31.63
fold2_room1_mix0872,83,5,0,-77,5,11.22
fold2_room1_mix0872,84,4,0,-179,-1,22.28
fold2_room1_mix0872,84,4,0,-5,0,34.60
fold2_room1_mix0872,84,5,0,-76,6,10.82
fold2_room1_mix0872,85,4,0,-178,-1,25.17
fold2_room1_mix0872,85,4,0,-4,0,32.32
fold2_room1_mix0872,85,5,0,-75,5,13.47
fold2_room1_mix0872,86,4,0,178,0,25.42
fold2_room1_mix0872,86,4,0,-3,0,36.82
fold2_room1_mix0872,86,5,0,-76,5,11.87
fold2_room1_mix0872,87,4,0,177,0,28.88
fold2_room1_mix0872,87,4,0,0,0,39.94
fold2_room1_mix0872,87,5,0,-78,6,11.45
fold2_room1_mix0872,88,4,0,177,-1,27.37
fold2_room1_mix0872,88,4,0,-1,0,43.89
fold2_room1_mix0872,88,5,0,-78,6,10.47
fold2_room1_mix0872,89,4,0,-179,-1,28.15
fold2_room1_mix0872,89,4,0,-1,0,41.61
fold2_room1_mix0872,89,5,0,-78,5,12.77
fold2_room1_mix0872,90,4,0,178,-1,31.85
fold2_room1_mix0872,90,4,0,-2,0,48.24
fold2_room1_mix0872,90,5,0,-80,6,11.98
fold2_room1_mix0872,91,4,0,179,0,33.66
fold2_room1_mix0872,91,4,0,-3,0,47.84
fold2_room1_mix0872,91,5,0,-83,6,10.87
fold2_room1_mix0872,92,4,0,177,0,32.08
fold2_room1_mix0872,92,4,0,-2,0,44.91
fold2_room1_mix0872,92,5,0,-81,6,11.54
fold2_room1_mix0872,93,4,0,179,0,35.23
fold2_room1_mix0872,93,4,0,-4,1,47.18
fold2_room1_mix0872,93,5,0,-80,6,11.32
fold2_room1_mix0872,94,4,0,177,-1,36.17
fold2_room1_mix0872,94,4,0,0,0,51.47
fold2_room1_mix0872,94,5,0,-79,6,11.48
fold2_room1_mix0872,95,4,0,179,0,38.36
fold2_room1_mix0872,95,4,0,-3,0,43.90
fold2_room1_mix0872,95,5,0,-80,6,11.46
fold2_room1_mix0872,96,4,0,-179,0,38.75
fold2_room1_mix0872,96,4,0,-5,0,43.99
fold2_room1_mix0872,96,5,0,-82,6,11.51
fold2_room1_mix0872,97,4,0,179,0,41.43
fold2_room1_mix0872,97,4,0,-1,1,50.18
fold2_room1_mix0872,97,5,0,-81,6,10.98
fold2_room1_mix0872,98,4,0,-178,0,47.88
fold2_room1_mix0872,98,4,0,-4,0,46.15
fold2_room1_mix0872,98,5,0,-80,5,12.67
fold2_room1_mix0872,99,4,0,-177,0,42.37
fold2_room1_mix0872,99,4,0,-4,0,45.45
fold2_room1_mix0872,99,5,0,-86,6,10.08
fold2_room1_mix0873,4,4,0,-2,0,8.10
fold2_room1_mix0873,5,4,0,0,0,16.25
fold2_room1_mix0873,6,4,0,0,0,22.48
fold2_room1_mix0873,7,4,0,2,0,25.17
fold2_room1_mix0873,8,4,0,2,0,34.19
fold2_room1_mix0873,9,4,0,0,0,36.49
fold2_room1_mix0873,10,4,0,2,0,37.56
fold2_room1_mix0873,11,4,0,3,0,40.44
fold2_room1_mix0873,12,4,0,3,0,38.65
fold2_room1_mix0873,13,4,0,1,-1,34.95
fold2_room1_mix0873,14,4,0,2,0,35.92
fold2_room1_mix0873,15,4,0,3,0,38.05
fold2_room1_mix0873,16,0,0,177,-2,2.11
fold2_room1_mix0873,16,4,0,1,-1,38.13
fold2_room1_mix0873,17,0,0,171,-2,8.76
fold2_room1_mix0873,17,4,0,0,0,38.77
fold2_room1_mix0873,18,0,0,172,-1,13.72
fold2_room1_mix0873,18,4,0,0,-1,36.11
fold2_room1_mix0873,19,0,0,172,-2,15.76
fold2_room1_mix0873,19,4,0,0,-1,37.24
fold2_room1_mix0873,20,0,0,170,-1,28.82
fold2_room1_mix0873,20,4,0,1,-1,39.85
fold2_room1_mix0873,21,0,0,171,-1,32.79
fold2_room1_mix0873,21,4,0,0,0,38.63
fold2_room1_mix0873,22,0,0,171,-1,33.50
fold2_room1_mix0873,22,4,0,0,-1,36.74
fold2_room1_mix0873,23,0,0,170,-1,31.75
fold2_room1_mix0873,23,4,0,0,-1,37.90
fold2_room1_mix0873,24,0,0,173,-1,36.09
fold2_room1_mix0873,24,4,0,0,-1,38.05
fold2_room1_mix0873,25,0,0,171,-1,39.77
fold2_room1_mix0873,25,4,0,0,-1,34.04
fold2_room1_mix0873,26,0,0,169,-1,38.13
fold2_room1_mix0873,26,4,0,1,-1,33.64
fold2_room1_mix0873,27,0,0,169,-1,38.51
fold2_room1_mix0873,27,4,0,2,-1,34.93
fold2_room1_mix0873,28,0,0,169,-1,38.47
fold2_room1_mix0873,28,4,0,2,-1,32.01
fold2_room1_mix0873,29,0,0,168,-1,30.97
fold2_room1_mix0873,29,4,0,3,-1,32.12
fold2_room1_mix0873,30,0,0,167,-1,34.05
fold2_room1_mix0873,30,4,0,1,-1,31.31
fold2_room1_mix0873,31,0,0,170,-1,29.10
fold2_room1_mix0873,31,4,0,1,-1,30.48
fold2_room1_mix0873,32,0,0,168,-1,26.26
fold2_room1_mix0873,32,4,0,0,-1,29.67
fold2_room1_mix0873,33,0,0,167,-2,23.94
fold2_room1_mix0873,33,4,0,3,-1,30.04
fold2_room1_mix0873,34,0,0,167,-2,23.79
fold2_room1_mix0873,34,4,0,2,-1,28.57
fold2_room1_mix0873,35,0,0,167,-2,23.36
fold2_room1_mix0873,35,4,0,3,-1,28.46
fold2_room1_mix0873,36,0,0,163,-2,18.42
fold2_room1_mix0873,36,4,0,3,-1,27.11
fold2_room1_mix0873,37,0,0,163,-2,19.75
fold2_room1_mix0873,37,4,0,1,-1,26.84
fold2_room1_mix0873,38,0,0,160,-2,19.11
fold2_room1_mix0873,38,4,0,2,-1,25.53
fold2_room1_mix0873,39,0,0,153,-2,15.61
fold2_room1_mix0873,39,4,0,2,-1,25.45
fold2_room1_mix0873,40,0,0,150,-2,15.53
fold2_room1_mix0873,40,4,0,0,-1,24.79
fold2_room1_mix0873,41,0,0,157,-1,5.75
fold2_room1_mix0873,41,4,0,-2,-1,23.46
fold2_room1_mix0873,42,0,0,161,-1,4.55
fold2_room1_mix0873,42,4,0,-6,-1,21.98
fold2_room1_mix0873,43,0,0,164,-1,2.93
fold2_room1_mix0873,43,4,0,-6,-1,22.06
fold2_room1_mix0873,44,4,0,-5,-1,19.61
fold2_room1_mix0873,45,4,0,-6,-1,18.43
fold2_room1_mix0873,46,4,0,-7,-1,18.67
fold2_room1_mix0873,47,4,0,-8,-2,16.95
fold2_room1_mix0873,48,4,0,-8,-2,15.44
fold2_room1_mix0873,49,4,0,-10,-2,14.64
fold2_room1_mix0873,50,4,0,-11,-2,13.72
fold2_room1_mix0873,51,4,0,-11,-2,13.08
fold2_room1_mix0873,52,4,0,-12,-2,12.48
fold2_room1_mix0873,53,4,0,-14,-3,11.40
fold2_room1_mix0873,54,4,0,-17,-3,10.36
fold2_room1_mix0873,55,4,0,-17,-3,9.56
fold2_room1_mix0873,56,4,0,-21,-3,8.59
fold2_room1_mix0873,57,4,0,-21,-3,8.00
fold2_room1_mix0873,58,4,0,-24,-3,6.98
fold2_room1_mix0873,59,4,0,-27,-4,6.24
fold2_room1_mix0873,60,4,0,-32,-4,5.17
fold2_room1_mix0873,61,4,0,-37,-5,4.35
fold2_room1_mix0873,62,0,0,177,-1,6.06
fold2_room1_mix0873,62,4,0,-41,-6,3.72
fold2_room1_mix0873,63,4,0,-48,-8,3.23
fold2_room1_mix0873,64,4,0,-62,-9,2.83
fold2_room1_mix0873,65,4,0,-80,-10,2.96
fold2_room1_mix0873,66,4,0,-98,-9,2.74
fold2_room1_mix0873,67,4,0,-113,-7,3.05
fold2_room1_mix0873,68,4,0,-124,-7,3.32
fold2_room1_mix0873,69,4,0,-135,-5,3.74
fold2_room1_mix0873,70,0,0,177,-1,1.92
fold2_room1_mix0873,70,4,0,-140,-5,4.41
fold2_room1_mix0873,71,4,0,-146,-4,5.22
fold2_room1_mix0873,72,0,0,177,-1,1.87
fold2_room1_mix0873,72,4,0,-150,-4,5.96
fold2_room1_mix0873,73,4,0,-151,-3,6.43
fold2_room1_mix0873,74,0,0,177,-1,2.14
fold2_room1_mix0873,74,4,0,-154,-3,6.88
fold2_room1_mix0873,75,4,0,-156,-3,8.03
fold2_room1_mix0873,76,4,0,-157,-3,8.47
fold2_room1_mix0873,77,4,0,-159,-2,9.48
fold2_room1_mix0873,78,4,0,-160,-2,10.40
fold2_room1_mix0873,79,4,0,-161,-2,10.73
fold2_room1_mix0873,80,4,0,-162,-1,11.41
fold2_room1_mix0873,81,4,0,-164,-1,12.62
fold2_room1_mix0873,82,4,0,-164,-1,12.89
fold2_room1_mix0873,83,4,0,-166,-1,13.92
fold2_room1_mix0873,84,4,0,-167,-1,14.79
fold2_room1_mix0873,85,4,0,-168,-1,15.47
fold2_room1_mix0873,86,4,0,-168,-1,16.40
fold2_room1_mix0873,87,4,0,-169,-1,16.75
fold2_room1_mix0873,88,4,0,-169,0,18.63
fold2_room1_mix0873,89,4,0,-169,-1,18.70
fold2_room1_mix0873,90,4,0,-170,0,19.46
fold2_room1_mix0873,91,4,0,-171,0,21.11
fold2_room1_mix0873,92,4,0,-171,0,20.88
fold2_room1_mix0873,93,4,0,-172,0,21.97
fold2_room1_mix0873,94,4,0,-172,0,23.55
fold2_room1_mix0873,95,4,0,-173,0,23.96
fold2_room1_mix0873,96,4,0,-173,0,24.55
fold2_room1_mix0873,97,4,0,-173,0,25.62
fold2_room1_mix0873,98,4,0,-173,0,24.91
fold2_room1_mix0873,99,4,0,-174,0,25.61
fold2_room1_mix0874,4,4,0,176,-1,8.96
fold2_room1_mix0874,5,4,0,175,0,11.28
fold2_room1_mix0874,6,4,0,175,-1,12.49
fold2_room1_mix0874,7,4,0,177,-1,17.11
fold2_room1_mix0874,8,4,0,176,-2,16.28
fold2_room1_mix0874,9,4,0,175,-1,17.72
fold2_room1_mix0874,10,4,0,175,-1,16.38
fold2_room1_mix0874,11,4,0,175,-2,16.03
fold2_room1_mix0874,12,4,0,177,-1,16.30
fold2_room1_mix0874,13,4,0,176,-1,15.87
fold2_room1_mix0874,14,4,0,176,-2,16.38
fold2_room1_mix0874,15,4,0,176,-2,14.91
fold2_room1_mix0874,16,4,0,174,-2,13.95
fold2_room1_mix0874,17,4,0,170,-2,13.33
fold2_room1_mix0874,18,4,0,174,-2,12.65
fold2_room1_mix0874,19,4,0,173,-2,12.32
fold2_room1_mix0874,20,4,0,173,-2,11.99
fold2_room1_mix0874,21,4,0,172,-3,10.47
fold2_room1_mix0874,22,4,0,173,-3,10.93
fold2_room1_mix0874,23,4,0,174,-3,10.07
fold2_room1_mix0874,24,4,0,171,-3,9.82
fold2_room1_mix0874,25,4,0,172,-3,10.07
fold2_room1_mix0874,26,4,0,170,-3,9.18
fold2_room1_mix0874,27,4,0,170,-4,8.37
fold2_room1_mix0874,28,4,0,170,-4,7.99
fold2_room1_mix0874,29,4,0,169,-5,7.40
fold2_room1_mix0874,30,4,0,167,-5,7.03
fold2_room1_mix0874,31,4,0,168,-5,6.32
fold2_room1_mix0874,32,4,0,166,-6,5.85
fold2_room1_mix0874,33,4,0,167,-7,5.52
fold2_room1_mix0874,34,4,0,167,-9,4.96
fold2_room1_mix0874,35,4,0,162,-9,4.41
fold2_room1_mix0874,36,4,0,164,-10,4.62
fold2_room1_mix0874,37,4,0,175,-10,6.99
fold2_room1_mix0874,37,4,0,155,-13,3.59
fold2_room1_mix0874,38,4,0,171,-10,7.42
fold2_room1_mix0874,38,4,0,146,-16,2.98
fold2_room1_mix0874,39,4,0,167,-13,8.10
fold2_room1_mix0874,39,4,0,134,-21,2.41
fold2_room1_mix0874,40,4,0,159,-17,7.78
fold2_room1_mix0874,40,4,0,116,-26,2.06
fold2_room1_mix0874,41,4,0,174,-10,11.28
fold2_room1_mix0874,41,4,0,102,-28,2.02
fold2_room1_mix0874,42,4,0,-179,-8,10.96
fold2_room1_mix0874,42,4,0,65,-26,2.23
fold2_room1_mix0874,43,4,0,178,-3,11.76
fold2_room1_mix0874,43,4,0,44,-17,2.61
fold2_room1_mix0874,44,4,0,-175,-3,11.35
fold2_room1_mix0874,44,4,0,36,-15,3.22
fold2_room1_mix0874,45,4,0,173,-4,9.81
fold2_room1_mix0874,45,4,0,27,-12,3.46
fold2_room1_mix0874,46,4,0,176,-4,11.26
fold2_room1_mix0874,46,4,0,22,-11,3.93
fold2_room1_mix0874,47,4,0,171,-4,9.81
fold2_room1_mix0874,47,4,0,20,-9,4.37
fold2_room1_mix0874,48,4,0,174,-3,10.94
fold2_room1_mix0874,48,4,0,17,-8,4.89
fold2_room1_mix0874,49,4,0,172,-3,9.82
fold2_room1_mix0874,49,4,0,14,-7,5.59
fold2_room1_mix0874,50,4,0,175,-4,9.64
fold2_room1_mix0874,50,4,0,12,-6,6.21
fold2_room1_mix0874,51,4,0,175,-4,9.42
fold2_room1_mix0874,51,4,0,11,-6,6.25
fold2_room1_mix0874,52,4,0,179,-3,9.42
fold2_room1_mix0874,52,4,0,10,-6,6.81
fold2_room1_mix0874,53,4,0,175,-3,10.06
fold2_room1_mix0874,53,4,0,9,-5,7.22
fold2_room1_mix0874,54,4,0,177,-3,10.13
fold2_room1_mix0874,54,4,0,9,-5,7.75
fold2_room1_mix0874,55,4,0,179,-3,9.21
fold2_room1_mix0874,55,4,0,8,-5,8.04
fold2_room1_mix0874,56,4,0,-179,-4,9.32
fold2_room1_mix0874,56,4,0,8,-5,8.38
fold2_room1_mix0874,57,4,0,179,-4,9.68
fold2_room1_mix0874,57,4,0,7,-5,8.98
fold2_room1_mix0874,58,4,0,-178,-4,8.92
fold2_room1_mix0874,58,4,0,7,-4,9.37
fold2_room1_mix0874,59,4,0,-179,-4,9.24
fold2_room1_mix0874,59,4,0,7,-4,10.01
fold2_room1_mix0874,60,4,0,-179,-4,9.65
fold2_room1_mix0874,60,4,0,5,-4,10.25
fold2_room1_mix0874,61,4,0,177,-4,8.40
fold2_room1_mix0874,61,4,0,4,-4,10.88
fold2_room1_mix0874,62,4,0,-179,-4,8.54
fold2_room1_mix0874,62,4,0,4,-3,10.83
fold2_room1_mix0874,63,4,0,-179,-4,7.99
fold2_room1_mix0874,63,4,0,2,-3,10.88
fold2_room1_mix0874,64,4,0,-178,-4,7.46
fold2_room1_mix0874,64,4,0,3,-3,10.83
fold2_room1_mix0874,65,4,0,-178,-5,6.51
fold2_room1_mix0874,65,4,0,4,-3,11.64
fold2_room1_mix0874,66,4,0,-177,-5,6.98
fold2_room1_mix0874,66,4,0,1,-3,11.82
fold2_room1_mix0874,67,4,0,-176,-5,7.06
fold2_room1_mix0874,67,4,0,1,-3,12.00
fold2_room1_mix0874,68,4,0,-173,-6,5.55
fold2_room1_mix0874,68,4,0,2,-3,11.95
fold2_room1_mix0874,69,4,0,-172,-6,5.52
fold2_room1_mix0874,69,4,0,0,-6,9.23
fold2_room1_mix0874,70,4,0,-169,-6,6.11
fold2_room1_mix0874,70,4,0,2,-4,12.15
fold2_room1_mix0874,71,4,0,-169,-7,5.22
fold2_room1_mix0874,72,4,0,-167,-6,5.46
fold2_room1_mix0874,73,4,0,-166,-6,4.35
fold2_room1_mix0874,74,4,0,-164,-7,4.90
fold2_room1_mix0874,75,4,0,-164,-7,4.63
fold2_room1_mix0874,76,4,0,-166,-9,4.47
fold2_room1_mix0874,77,4,0,-166,-9,3.40
fold2_room1_mix0874,78,4,0,-162,-10,3.33
fold2_room1_mix0874,79,4,0,-159,-12,2.57
fold2_room1_mix0874,80,4,0,-157,-12,2.51
fold2_room1_mix0874,81,4,0,-156,-12,2.32
fold2_room1_mix0874,82,4,0,-148,-13,1.86
fold2_room1_mix0874,83,4,0,-147,-12,1.78
fold2_room1_mix0874,84,4,0,-133,-14,1.22
fold2_room1_mix0874,85,4,0,-112,-16,0.90
fold2_room1_mix0874,86,4,0,-87,-17,0.99
fold2_room1_mix0874,87,4,0,-62,-12,1.26
fold2_room1_mix0874,88,4,0,-52,-13,1.16
fold2_room1_mix0874,89,4,0,-39,-9,1.84
fold2_room1_mix0874,90,4,0,-33,-9,2.27
fold2_room1_mix0874,91,4,0,-25,-7,2.58
fold2_room1_mix0874,92,4,0,-21,-8,2.89
fold2_room1_mix0874,93,4,0,-20,-7,2.66
fold2_room1_mix0874,94,4,0,-13,-7,2.98
fold2_room1_mix0874,95,4,0,-11,-6,3.16
fold2_room1_mix0874,96,4,0,-13,-6,3.23
fold2_room1_mix0874,97,4,0,-12,-6,4.09
fold2_room1_mix0874,98,4,0,-10,-6,3.99
fold2_room1_mix0874,99,4,0,-11,-6,3.61
fold2_room1_mix0875,32,3,0,151,-4,10.13
fold2_room1_mix0875,33,3,0,147,-4,5.16
fold2_room1_mix0875,37,3,0,118,-3,10.20
fold2_room1_mix0875,38,3,0,119,-3,14.73
fold2_room1_mix0875,39,3,0,119,-3,10.45
fold2_room1_mix0875,39,4,0,174,-1,12.39
fold2_room1_mix0875,40,4,0,162,-1,8.24
fold2_room1_mix0875,41,4,0,168,-1,11.57
fold2_room1_mix0875,42,4,0,168,-1,14.75
fold2_room1_mix0875,43,4,0,164,-1,14.82
fold2_room1_mix0875,44,3,0,120,-3,5.87
fold2_room1_mix0875,44,4,0,168,-1,17.68
fold2_room1_mix0875,45,4,0,168,-1,15.74
fold2_room1_mix0875,46,4,0,174,-2,16.73
fold2_room1_mix0875,47,4,0,169,-2,16.06
fold2_room1_mix0875,48,4,0,176,-1,14.78
fold2_room1_mix0875,49,3,0,106,-3,9.43
fold2_room1_mix0875,49,4,0,173,-1,17.26
fold2_room1_mix0875,50,3,0,104,-3,13.14
fold2_room1_mix0875,50,4,0,175,-2,16.44
fold2_room1_mix0875,51,3,0,110,-3,14.17
fold2_room1_mix0875,51,4,0,175,-2,14.16
fold2_room1_mix0875,52,3,0,103,-3,13.09
fold2_room1_mix0875,52,4,0,175,-2,14.17
fold2_room1_mix0875,53,3,0,96,-3,13.18
fold2_room1_mix0875,53,4,0,171,-2,14.24
fold2_room1_mix0875,54,3,0,95,-3,13.29
fold2_room1_mix0875,54,4,0,176,-3,12.73
fold2_room1_mix0875,55,3,0,92,-3,12.92
fold2_room1_mix0875,55,4,0,177,-2,12.71
fold2_room1_mix0875,56,3,0,85,-3,11.62
fold2_room1_mix0875,56,4,0,176,-2,12.23
fold2_room1_mix0875,57,4,0,176,-2,11.87
fold2_room1_mix0875,58,4,0,172,-2,11.28
fold2_room1_mix0875,59,4,0,174,-3,9.73
fold2_room1_mix0875,60,4,0,170,-3,9.79
fold2_room1_mix0875,61,3,0,105,-3,11.17
fold2_room1_mix0875,61,4,0,169,-2,9.82
fold2_room1_mix0875,62,3,0,83,-3,11.07
fold2_room1_mix0875,62,4,0,167,-2,9.38
fold2_room1_mix0875,63,3,0,91,-2,12.88
fold2_room1_mix0875,63,4,0,161,-3,8.78
fold2_room1_mix0875,64,3,0,84,-2,12.44
fold2_room1_mix0875,64,4,0,162,-4,7.35
fold2_room1_mix0875,65,3,0,77,-2,13.73
fold2_room1_mix0875,65,4,0,161,-4,7.32
fold2_room1_mix0875,66,3,0,74,-2,13.47
fold2_room1_mix0875,66,4,0,162,-3,7.45
fold2_room1_mix0875,67,3,0,73,-2,13.61
fold2_room1_mix0875,67,4,0,164,-3,6.59
fold2_room1_mix0875,68,3,0,72,-2,12.26
fold2_room1_mix0875,68,4,0,162,-3,6.75
fold2_room1_mix0875,69,3,0,82,-2,8.18
fold2_room1_mix0875,69,4,0,161,-4,6.08
fold2_room1_mix0875,70,4,0,159,-5,5.09
fold2_room1_mix0875,71,4,0,151,-6,5.00
fold2_room1_mix0875,72,4,0,149,-8,4.07
fold2_room1_mix0875,73,3,0,61,-3,10.13
fold2_room1_mix0875,73,4,0,144,-7,4.05
fold2_room1_mix0875,74,3,0,52,-2,13.31
fold2_room1_mix0875,74,4,0,139,-6,3.42
fold2_room1_mix0875,75,3,0,58,-2,13.97
fold2_room1_mix0875,75,4,0,134,-6,3.55
fold2_room1_mix0875,76,3,0,61,-2,12.15
fold2_room1_mix0875,76,4,0,116,-8,2.91
fold2_room1_mix0875,77,3,0,55,-2,9.48
fold2_room1_mix0875,77,4,0,92,-9,2.77
fold2_room1_mix0875,78,3,0,45,-2,5.12
fold2_room1_mix0875,78,4,0,64,-8,2.63
fold2_room1_mix0875,79,4,0,49,-7,2.89
fold2_room1_mix0875,80,4,0,39,-7,3.14
fold2_room1_mix0875,81,4,0,33,-6,3.64
fold2_room1_mix0875,82,4,0,32,-5,3.92
fold2_room1_mix0875,83,4,0,29,-5,4.34
fold2_room1_mix0875,84,4,0,25,-4,4.75
fold2_room1_mix0875,85,4,0,21,-4,5.40
fold2_room1_mix0875,86,4,0,22,-3,5.88
fold2_room1_mix0875,87,4,0,20,-3,6.33
fold2_room1_mix0875,88,4,0,18,-3,7.28
fold2_room1_mix0875,89,4,0,17,-3,7.94
fold2_room1_mix0875,90,4,0,16,-2,8.14
fold2_room1_mix0875,91,4,0,16,-2,8.78
fold2_room1_mix0875,92,4,0,16,-2,9.39
fold2_room1_mix0875,93,4,0,14,-2,9.71
fold2_room1_mix0875,94,4,0,14,-2,10.10
fold2_room1_mix0875,95,4,0,13,-2,10.88
fold2_room1_mix0875,96,4,0,12,-2,11.22
fold2_room1_mix0875,97,4,0,12,-2,11.78
fold2_room1_mix0875,98,4,0,10,-2,12.27
fold2_room1_mix0875,99,4,0,10,-2,12.78
fold2_room1_mix0876,20,2,0,111,-5,6.96
fold2_room1_mix0876,21,2,0,106,-6,7.00
fold2_room1_mix0876,22,2,0,106,-6,5.90
fold2_room1_mix0876,23,2,0,101,-6,7.20
fold2_room1_mix0876,24,2,0,100,-6,7.88
fold2_room1_mix0876,27,0,0,123,-1,8.19
fold2_room1_mix0876,28,0,0,134,-1,9.10
fold2_room1_mix0876,29,0,0,127,-1,11.22
fold2_room1_mix0876,30,0,0,126,-2,9.28
fold2_room1_mix0876,30,2,0,98,-5,6.77
fold2_room1_mix0876,31,0,0,117,-2,11.63
fold2_room1_mix0876,31,2,0,93,-4,6.20
fold2_room1_mix0876,32,0,0,122,-2,11.82
fold2_room1_mix0876,32,2,0,98,-6,5.73
fold2_room1_mix0876,33,0,0,119,-2,14.65
fold2_room1_mix0876,33,2,0,95,-6,2.40
fold2_room1_mix0876,34,0,0,110,-2,13.46
fold2_room1_mix0876,34,2,0,92,-5,3.97
fold2_room1_mix0876,35,0,0,110,-2,13.11
fold2_room1_mix0876,36,0,0,109,-2,11.98
fold2_room1_mix0876,37,0,0,103,-3,10.73
fold2_room1_mix0876,38,0,0,100,-3,10.62
fold2_room1_mix0876,39,0,0,104,-2,11.49
fold2_room1_mix0876,39,2,0,95,-6,2.93
fold2_room1_mix0876,40,0,0,103,-2,10.07
fold2_room1_mix0876,40,2,0,94,-6,4.91
fold2_room1_mix0876,41,0,0,98,-3,10.93
fold2_room1_mix0876,42,0,0,101,-3,11.48
fold2_room1_mix0876,43,0,0,101,-2,13.10
fold2_room1_mix0876,44,0,0,100,-2,13.75
fold2_room1_mix0876,45,0,0,95,-2,13.83
fold2_room1_mix0876,46,0,0,90,-2,14.45
fold2_room1_mix0876,47,0,0,88,-2,15.52
fold2_room1_mix0876,48,0,0,83,-2,14.83
fold2_room1_mix0876,49,0,0,89,-2,14.79
fold2_room1_mix0876,49,2,0,93,-4,11.05
fold2_room1_mix0876,50,0,0,85,-2,15.50
fold2_room1_mix0876,50,2,0,90,-5,11.32
fold2_room1_mix0876,51,0,0,84,-2,18.24
fold2_room1_mix0876,51,2,0,89,-5,9.98
fold2_room1_mix0876,52,0,0,84,-2,16.86
fold2_room1_mix0876,52,2,0,87,-4,12.51
fold2_room1_mix0876,53,0,0,77,-2,16.21
fold2_room1_mix0876,53,2,0,86,-3,12.92
fold2_room1_mix0876,54,0,0,76,-2,16.53
fold2_room1_mix0876,54,2,0,82,-3,12.91
fold2_room1_mix0876,55,0,0,60,-2,20.24
fold2_room1_mix0876,56,0,0,63,-2,19.75
fold2_room1_mix0876,57,0,0,55,-1,21.78
fold2_room1_mix0876,58,0,0,56,-1,20.67
fold2_room1_mix0876,59,0,0,57,-1,21.52
fold2_room1_mix0876,60,0,0,56,-1,20.28
fold2_room1_mix0876,60,2,0,78,-3,11.48
fold2_room1_mix0876,61,0,0,52,-2,20.66
fold2_room1_mix0876,61,2,0,79,-3,14.43
fold2_room1_mix0876,62,0,0,54,-2,21.63
fold2_room1_mix0876,62,2,0,82,-4,15.64
fold2_room1_mix0876,63,0,0,54,-2,19.09
fold2_room1_mix0876,63,2,0,83,-4,15.61
fold2_room1_mix0876,64,0,0,56,-1,15.03
fold2_room1_mix0876,64,2,0,82,-4,12.60
fold2_room1_mix0876,69,2,0,74,-4,13.31
fold2_room1_mix0876,70,2,0,69,-4,12.30
fold2_room1_mix0877,43,0,0,7,-1,6.78
fold2_room1_mix0877,44,0,0,7,-1,6.31
fold2_room1_mix0877,45,0,0,8,-1,6.98
fold2_room1_mix0877,46,0,0,8,-1,12.94
fold2_room1_mix0877,47,0,0,8,-1,14.70
fold2_room1_mix0877,48,0,0,12,-1,14.29
fold2_room1_mix0877,49,0,0,13,-1,15.09
fold2_room1_mix0877,50,0,0,18,-1,14.61
fold2_room1_mix0877,51,0,0,17,-1,14.10
fold2_room1_mix0877,52,0,0,17,-1,14.55
fold2_room1_mix0877,53,0,0,18,-1,13.58
fold2_room1_mix0877,54,0,0,17,-1,14.03
fold2_room1_mix0877,55,0,0,17,-2,12.45
fold2_room1_mix0877,56,0,0,20,-2,12.00
fold2_room1_mix0877,57,0,0,21,-2,12.24
fold2_room1_mix0877,58,0,0,24,-2,11.67
fold2_room1_mix0877,59,0,0,24,-2,12.03
fold2_room1_mix0877,60,0,0,27,-2,12.00
fold2_room1_mix0877,61,0,0,27,-2,12.48
fold2_room1_mix0877,62,0,0,28,-2,12.04
fold2_room1_mix0877,63,0,0,28,-2,11.39
fold2_room1_mix0877,64,0,0,36,-3,9.52
fold2_room1_mix0877,65,0,0,35,-2,10.10
fold2_room1_mix0877,66,0,0,41,-3,8.76
fold2_room1_mix0877,67,0,0,43,-3,8.87
fold2_room1_mix0877,68,0,0,55,-3,2.96
fold2_room1_mix0877,79,4,0,-160,-3,5.95
fold2_room1_mix0877,80,4,0,-156,-2,6.45
fold2_room1_mix0877,81,4,0,-145,-2,9.17
fold2_room1_mix0877,82,4,0,-147,-3,8.19
fold2_room1_mix0877,83,4,0,-140,-5,7.54
fold2_room1_mix0877,84,4,0,-132,-5,7.16
fold2_room1_mix0877,85,4,0,-128,-6,7.39
fold2_room1_mix0877,86,4,0,-122,-6,7.09
fold2_room1_mix0877,87,4,0,-114,-6,7.48
fold2_room1_mix0877,88,4,0,-106,-6,7.11
fold2_room1_mix0877,89,4,0,-95,-6,6.61
fold2_room1_mix0877,90,4,0,-90,-7,5.57
fold2_room1_mix0877,91,4,0,-85,-6,6.02
fold2_room1_mix0877,92,4,0,-77,-6,6.04
fold2_room1_mix0877,93,4,0,-70,-6,6.14
fold2_room1_mix0877,94,4,0,-60,-6,6.50
fold2_room1_mix0877,95,4,0,-56,-5,7.14
fold2_room1_mix0877,96,4,0,-55,-4,7.25
fold2_room1_mix0877,97,4,0,-46,-4,8.45
fold2_room1_mix0877,98,4,0,-43,-4,8.42
fold2_room1_mix0877,99,4,0,-38,-4,8.34
fold2_room1_mix0878,13,4,0,-176,0,2.48
fold2_room1_mix0878,14,4,0,179,-1,12.88
fold2_room1_mix0878,15,4,0,177,0,12.72
fold2_room1_mix0878,16,4,0,-176,-1,16.14
fold2_room1_mix0878,17,4,0,-177,-1,18.04
fold2_room1_mix0878,18,4,0,-176,-1,16.90
fold2_room1_mix0878,19,4,0,-174,-2,16.09
fold2_room1_mix0878,20,4,0,-173,-1,16.76
fold2_room1_mix0878,21,4,0,-173,-1,15.88
fold2_room1_mix0878,22,4,0,-173,-1,16.05
fold2_room1_mix0878,23,4,0,-172,-2,15.90
fold2_room1_mix0878,24,4,0,-170,-1,15.86
fold2_room1_mix0878,25,4,0,-171,-1,15.38
fold2_room1_mix0878,26,4,0,-169,-1,15.14
fold2_room1_mix0878,27,4,0,-170,-1,14.82
fold2_room1_mix0878,28,4,0,-169,-1,14.89
fold2_room1_mix0878,29,4,0,-168,-2,13.92
fold2_room1_mix0878,30,4,0,-168,-2,13.81
fold2_room1_mix0878,31,4,0,-168,-1,13.84
fold2_room1_mix0878,32,4,0,-167,-2,12.64
fold2_room1_mix0878,33,4,0,-168,-2,12.62
fold2_room1_mix0878,34,4,0,-168,-3,11.48
fold2_room1_mix0878,35,4,0,-167,-3,10.80
fold2_room1_mix0878,36,4,0,-168,-2,11.03
fold2_room1_mix0878,37,4,0,-166,-2,10.49
fold2_room1_mix0878,38,4,0,-166,-2,10.40
fold2_room1_mix0878,39,4,0,-166,-3,9.63
fold2_room1_mix0878,40,1,0,-131,-2,13.55
fold2_room1_mix0878,40,4,0,-164,-4,9.88
fold2_room1_mix0878,41,1,0,-123,-4,13.32
fold2_room1_mix0878,41,4,0,-168,-4,10.29
fold2_room1_mix0878,42,1,0,-124,-4,12.27
fold2_room1_mix0878,42,4,0,-163,-3,10.29
fold2_room1_mix0878,43,1,0,-125,-3,11.36
fold2_room1_mix0878,43,4,0,-167,-4,10.33
fold2_room1_mix0878,44,1,0,-117,-4,9.42
fold2_room1_mix0878,44,4,0,-171,-4,11.53
fold2_room1_mix0878,45,1,0,-117,-4,11.50
fold2_room1_mix0878,45,4,0,-160,-4,8.73
fold2_room1_mix0878,46,1,0,-111,-4,9.08
fold2_room1_mix0878,46,4,0,-171,-4,11.96
fold2_room1_mix0878,47,1,0,-107,-5,10.02
fold2_room1_mix0878,47,4,0,-168,-4,11.62
fold2_room1_mix0878,48,1,0,-112,-4,6.12
fold2_room1_mix0878,48,4,0,-160,-4,7.86
fold2_room1_mix0878,49,1,0,-101,-5,8.38
fold2_room1_mix0878,49,4,0,-172,-4,11.42
fold2_room1_mix0878,50,1,0,-93,-5,9.08
fold2_room1_mix0878,50,4,0,-153,-5,7.81
fold2_room1_mix0878,51,1,0,-92,-5,8.23
fold2_room1_mix0878,51,4,0,-167,-5,7.88
fold2_room1_mix0878,52,1,0,-83,-5,10.07
fold2_room1_mix0878,52,4,0,-173,-5,10.15
fold2_room1_mix0878,53,1,0,-96,-3,2.61
fold2_room1_mix0878,53,4,0,-153,-7,4.30
fold2_room1_mix0878,54,1,0,-70,-4,8.47
fold2_room1_mix0878,54,4,0,-164,-6,6.77
fold2_room1_mix0878,55,1,0,-65,-4,9.04
fold2_room1_mix0878,55,4,0,-150,-7,4.82
fold2_room1_mix0878,56,1,0,-65,-4,8.31
fold2_room1_mix0878,56,4,0,-152,-11,4.11
fold2_room1_mix0878,57,1,0,-58,-4,9.84
fold2_room1_mix0878,57,4,0,-164,-6,7.11
fold2_room1_mix0878,58,4,0,-131,-15,3.08
fold2_room1_mix0878,59,1,0,-50,-4,8.44
fold2_room1_mix0878,59,4,0,-154,-12,4.29
fold2_room1_mix0878,60,1,0,-48,-3,10.73
fold2_room1_mix0878,60,4,0,-134,-11,3.36
fold2_room1_mix0878,61,1,0,-53,-3,10.05
fold2_room1_mix0878,61,4,0,-122,-17,2.91
fold2_room1_mix0878,62,1,0,-45,-3,11.56
fold2_room1_mix0878,62,4,0,-132,-12,4.53
fold2_room1_mix0878,63,4,0,-73,-16,3.14
fold2_room1_mix0878,64,1,0,-43,-3,8.26
fold2_room1_mix0878,64,4,0,-51,-13,3.24
fold2_room1_mix0878,65,1,0,-41,-3,12.56
fold2_room1_mix0878,65,4,0,-49,-11,3.28
fold2_room1_mix0878,66,1,0,-41,-3,10.68
fold2_room1_mix0878,66,4,0,-49,-14,3.27
fold2_room1_mix0878,67,1,0,-40,-3,12.09
fold2_room1_mix0878,67,4,0,-29,-9,3.97
fold2_room1_mix0878,68,4,0,-31,-8,4.00
fold2_room1_mix0878,69,1,0,-42,-3,6.17
fold2_room1_mix0878,69,4,0,-27,-7,4.57
fold2_room1_mix0878,70,1,0,-32,-3,10.70
fold2_room1_mix0878,70,4,0,-25,-5,3.98
fold2_room1_mix0878,71,1,0,-31,-3,14.06
fold2_room1_mix0878,71,4,0,-25,-8,4.12
fold2_room1_mix0878,72,1,0,-31,-3,11.98
fold2_room1_mix0878,72,4,0,-18,-6,5.16
fold2_room1_mix0878,73,4,0,-17,-6,5.26
fold2_room1_mix0878,74,1,0,-37,-3,8.65
fold2_room1_mix0878,74,4,0,-19,-6,5.44
fold2_room1_mix0878,75,1,0,-27,-2,8.31
fold2_room1_mix0878,75,4,0,-19,-4,4.56
fold2_room1_mix0878,76,1,0,-28,-2,11.82
fold2_room1_mix0878,76,4,0,-23,-6,4.82
fold2_room1_mix0878,77,1,0,-33,-3,15.31
fold2_room1_mix0878,77,4,0,-14,-5,5.87
fold2_room1_mix0878,78,4,0,-14,-3,6.82
fold2_room1_mix0878,79,1,0,-32,-3,8.29
fold2_room1_mix0878,79,4,0,-14,-4,7.09
fold2_room1_mix0878,80,1,0,-28,-2,10.22
fold2_room1_mix0878,80,4,0,-13,-3,6.41
fold2_room1_mix0878,81,1,0,-26,-2,12.92
fold2_room1_mix0878,81,4,0,-16,-3,6.57
fold2_room1_mix0878,82,1,0,-29,-2,16.67
fold2_room1_mix0878,82,4,0,-12,-4,7.88
fold2_room1_mix0878,83,4,0,-10,-2,7.75
fold2_room1_mix0878,84,1,0,-26,-2,9.12
fold2_room1_mix0878,84,4,0,-13,-4,7.72
fold2_room1_mix0878,85,1,0,-22,-2,9.40
fold2_room1_mix0878,85,4,0,-12,-3,7.30
fold2_room1_mix0878,86,1,0,-23,-2,13.87
fold2_room1_mix0878,86,4,0,-13,-3,6.77
fold2_room1_mix0878,87,1,0,-26,-2,20.56
fold2_room1_mix0878,87,4,0,-12,-4,7.60
fold2_room1_mix0878,88,4,0,-8,-2,8.45
fold2_room1_mix0878,89,1,0,-25,-2,9.85
fold2_room1_mix0878,89,4,0,-11,-3,9.10
fold2_room1_mix0878,90,1,0,-18,-2,11.55
fold2_room1_mix0878,90,4,0,-10,-3,8.91
fold2_room1_mix0878,91,1,0,-18,-2,15.09
fold2_room1_mix0878,91,4,0,-10,-2,8.82
fold2_room1_mix0878,92,1,0,-24,-2,20.78
fold2_room1_mix0878,92,4,0,-12,-4,9.39
fold2_room1_mix0878,93,4,0,-8,-2,10.42
fold2_room1_mix0878,94,1,0,-21,-2,8.13
fold2_room1_mix0878,94,4,0,-9,-1,11.41
fold2_room1_mix0878,95,1,0,-19,-2,10.37
fold2_room1_mix0878,95,4,0,-9,-2,10.17
fold2_room1_mix0878,96,1,0,-20,-2,13.52
fold2_room1_mix0878,96,4,0,-8,-1,11.35
fold2_room1_mix0878,97,1,0,-19,-2,20.98
fold2_room1_mix0878,97,4,0,-13,-3,9.60
fold2_room1_mix0878,98,4,0,-6,-2,11.36
fold2_room1_mix0878,99,4,0,-7,-1,8.38
fold2_room1_mix0879,5,4,0,-9,-1,19.61
fold2_room1_mix0879,6,4,0,-8,-1,19.73
fold2_room1_mix0879,7,4,0,-8,-1,23.51
fold2_room1_mix0879,8,4,0,-9,0,25.35
fold2_room1_mix0879,9,4,0,-10,-1,39.56
fold2_room1_mix0879,10,4,0,-11,-1,39.42
fold2_room1_mix0879,11,4,0,-12,-1,42.56
fold2_room1_mix0879,12,4,0,-11,-1,44.06
fold2_room1_mix0879,13,4,0,-13,-1,43.23
fold2_room1_mix0879,14,4,0,-12,-1,43.88
fold2_room1_mix0879,15,4,0,-15,-1,44.67
fold2_room1_mix0879,16,4,0,-13,-1,41.13
fold2_room1_mix0879,17,4,0,-14,-1,41.69
fold2_room1_mix0879,18,4,0,-15,0,44.64
fold2_room1_mix0879,19,4,0,-14,-1,43.41
fold2_room1_mix0879,20,4,0,-11,0,45.48
fold2_room1_mix0879,21,4,0,-13,0,45.72
fold2_room1_mix0879,22,4,0,-16,0,42.29
fold2_room1_mix0879,23,4,0,-13,0,41.23
fold2_room1_mix0879,24,4,0,-17,0,40.75
fold2_room1_mix0879,25,4,0,-16,-1,39.50
fold2_room1_mix0879,26,4,0,-17,0,40.56
fold2_room1_mix0879,27,4,0,-17,0,40.23
fold2_room1_mix0879,28,4,0,-14,0,40.49
fold2_room1_mix0879,29,4,0,-16,0,39.61
fold2_room1_mix0879,30,4,0,-16,0,36.94
fold2_room1_mix0879,31,4,0,-16,-1,36.53
fold2_room1_mix0879,32,4,0,-17,0,35.21
fold2_room1_mix0879,33,4,0,-16,-1,34.61
fold2_room1_mix0879,34,4,0,-17,0,33.90
fold2_room1_mix0879,35,4,0,-18,0,32.57
fold2_room1_mix0879,36,4,0,-19,0,33.12
fold2_room1_mix0879,37,4,0,-19,0,33.85
fold2_room1_mix0879,38,4,0,-19,0,33.01
fold2_room1_mix0879,39,4,0,-20,0,30.82
fold2_room1_mix0879,40,4,0,-22,0,30.94
fold2_room1_mix0879,41,4,0,-20,0,29.60
fold2_room1_mix0879,42,4,0,-21,0,29.43
fold2_room1_mix0879,43,4,0,-24,-1,28.23
fold2_room1_mix0879,44,4,0,-25,0,28.17
fold2_room1_mix0879,45,4,0,-23,-1,27.35
fold2_room1_mix0879,46,4,0,-23,-1,26.70
fold2_room1_mix0879,47,4,0,-24,-1,26.31
fold2_room1_mix0879,48,4,0,-25,0,24.86
fold2_room1_mix0879,49,4,0,-27,-1,23.54
fold2_room1_mix0879,50,4,0,-29,0,22.97
fold2_room1_mix0879,51,4,0,-30,-1,22.19
fold2_room1_mix0879,52,4,0,-30,0,21.64
fold2_room1_mix0879,53,4,0,-33,0,21.31
fold2_room1_mix0879,54,4,0,-36,0,20.04
fold2_room1_mix0879,55,4,0,-36,-1,18.54
fold2_room1_mix0879,56,4,0,-38,-1,18.73
fold2_room1_mix0879,57,4,0,-42,-1,17.91
fold2_room1_mix0879,58,4,0,-42,-1,17.14
fold2_room1_mix0879,59,4,0,-45,-1,17.32
fold2_room1_mix0879,60,4,0,-47,-1,16.47
fold2_room1_mix0879,61,4,0,-51,-1,15.01
fold2_room1_mix0879,62,4,0,-55,-2,13.88
fold2_room1_mix0879,63,4,0,-58,-2,13.27
fold2_room1_mix0879,64,4,0,-59,-2,13.08
fold2_room1_mix0879,65,4,0,-62,-2,13.02
fold2_room1_mix0879,66,4,0,-64,-2,12.82
fold2_room1_mix0879,67,4,0,-65,-3,12.29
fold2_room1_mix0879,68,4,0,-69,-2,12.07
fold2_room1_mix0879,69,4,0,-74,-2,11.85
fold2_room1_mix0879,70,4,0,-78,-2,11.53
fold2_room1_mix0879,71,4,0,-82,-2,11.52
fold2_room1_mix0879,72,4,0,-84,-2,11.31
fold2_room1_mix0879,73,4,0,-88,-2,10.96
fold2_room1_mix0879,74,4,0,-91,-2,10.78
fold2_room1_mix0879,75,4,0,-95,-2,10.87
fold2_room1_mix0879,76,4,0,-99,-2,11.73
fold2_room1_mix0879,77,4,0,-104,-2,11.46
fold2_room1_mix0879,78,4,0,-108,-3,11.49
fold2_room1_mix0879,79,4,0,-112,-3,12.25
fold2_room1_mix0879,80,4,0,-115,-3,12.08
fold2_room1_mix0879,81,4,0,-119,-3,12.58
fold2_room1_mix0879,82,4,0,-122,-3,13.29
fold2_room1_mix0879,83,4,0,-124,-2,13.77
fold2_room1_mix0879,84,4,0,-126,-2,14.08
fold2_room1_mix0879,85,4,0,-127,-2,14.84
fold2_room1_mix0879,86,4,0,-128,-2,14.80
fold2_room1_mix0879,87,4,0,-130,-2,15.54
fold2_room1_mix0879,88,4,0,-132,-2,16.47
fold2_room1_mix0879,89,4,0,-134,-2,16.60
fold2_room1_mix0879,90,4,0,-135,-2,17.54
fold2_room1_mix0879,91,4,0,-138,-1,18.41
fold2_room1_mix0879,92,4,0,-138,-1,18.60
fold2_room1_mix0879,93,4,0,-140,-1,19.32
fold2_room1_mix0879,94,4,0,-140,-1,19.31
fold2_room1_mix0879,95,4,0,-141,-1,20.93
fold2_room1_mix0879,96,4,0,-143,-1,21.45
fold2_room1_mix0879,97,4,0,-143,-1,20.68
fold2_room1_mix0879,98,4,0,-145,-1,22.76
fold2_room1_mix0879,99,4,0,-146,-1,22.65
fold2_room1_mix0881,4,4,0,178,0,14.77
fold2_room1_mix0881,5,4,0,178,0,16.27
fold2_room1_mix0881,6,4,0,179,0,20.08
fold2_room1_mix0881,7,4,0,177,0,25.53
fold2_room1_mix0881,8,4,0,177,0,31.41
fold2_room1_mix0881,9,4,0,178,0,31.17
fold2_room1_mix0881,10,4,0,177,0,31.81
fold2_room1_mix0881,11,4,0,177,0,31.99
fold2_room1_mix0881,12,4,0,177,0,30.26
fold2_room1_mix0881,13,4,0,177,0,30.71
fold2_room1_mix0881,14,4,0,177,0,31.62
fold2_room1_mix0881,15,4,0,177,0,30.61
fold2_room1_mix0881,16,4,0,176,0,29.76
fold2_room1_mix0881,17,4,0,177,0,30.14
fold2_room1_mix0881,18,4,0,177,0,29.77
fold2_room1_mix0881,19,4,0,177,0,29.58
fold2_room1_mix0881,20,4,0,176,0,30.26
fold2_room1_mix0881,21,4,0,176,0,30.46
fold2_room1_mix0881,22,4,0,177,0,29.48
fold2_room1_mix0881,23,4,0,176,0,28.88
fold2_room1_mix0881,24,4,0,176,-1,28.65
fold2_room1_mix0881,25,4,0,177,0,28.88
fold2_room1_mix0881,26,4,0,176,-1,28.29
fold2_room1_mix0881,27,4,0,175,0,29.27
fold2_room1_mix0881,28,4,0,177,-1,28.58
fold2_room1_mix0881,29,4,0,176,-1,27.90
fold2_room1_mix0881,30,4,0,175,-1,28.36
fold2_room1_mix0881,31,4,0,175,-1,27.40
fold2_room1_mix0881,32,4,0,176,-1,26.62
fold2_room1_mix0881,33,4,0,174,-1,26.63
fold2_room1_mix0881,34,4,0,174,-1,26.11
fold2_room1_mix0881,35,4,0,174,-1,25.01
fold2_room1_mix0881,36,4,0,175,-1,24.43
fold2_room1_mix0881,37,4,0,174,-1,23.95
fold2_room1_mix0881,38,4,0,172,-1,22.71
fold2_room1_mix0881,39,4,0,172,-1,22.15
fold2_room1_mix0881,40,4,0,172,-1,21.36
fold2_room1_mix0881,41,4,0,171,-1,20.84
fold2_room1_mix0881,42,4,0,171,-1,20.58
fold2_room1_mix0881,43,4,0,171,-1,20.81
fold2_room1_mix0881,44,4,0,171,-1,20.02
fold2_room1_mix0881,45,4,0,169,-1,19.72
fold2_room1_mix0881,46,4,0,168,-1,19.87
fold2_room1_mix0881,47,4,0,169,-1,19.19
fold2_room1_mix0881,48,4,0,169,-1,18.05
fold2_room1_mix0881,49,4,0,167,-1,17.84
fold2_room1_mix0881,50,4,0,167,-1,17.09
fold2_room1_mix0881,51,4,0,168,-2,16.15
fold2_room1_mix0881,52,4,0,166,-2,15.82
fold2_room1_mix0881,53,4,0,166,-2,15.05
fold2_room1_mix0881,54,4,0,166,-2,14.42
fold2_room1_mix0881,55,4,0,166,-3,13.11
fold2_room1_mix0881,56,4,0,165,-2,13.44
fold2_room1_mix0881,57,4,0,165,-3,12.48
fold2_room1_mix0881,58,4,0,164,-3,12.25
fold2_room1_mix0881,59,4,0,164,-3,11.86
fold2_room1_mix0881,60,4,0,163,-3,11.08
fold2_room1_mix0881,61,4,0,161,-3,10.30
fold2_room1_mix0881,62,4,0,160,-3,10.31
fold2_room1_mix0881,63,4,0,159,-4,9.70
fold2_room1_mix0881,64,4,0,158,-4,9.21
fold2_room1_mix0881,65,4,0,157,-4,8.61
fold2_room1_mix0881,66,4,0,157,-5,8.25
fold2_room1_mix0881,67,4,0,155,-5,7.97
fold2_room1_mix0881,68,4,0,154,-5,7.30
fold2_room1_mix0881,69,4,0,151,-5,6.97
fold2_room1_mix0881,70,4,0,149,-5,6.36
fold2_room1_mix0881,71,4,0,146,-6,5.63
fold2_room1_mix0881,72,4,0,143,-6,5.29
fold2_room1_mix0881,73,4,0,139,-7,4.89
fold2_room1_mix0881,74,4,0,133,-8,4.22
fold2_room1_mix0881,75,4,0,128,-7,4.24
fold2_room1_mix0881,76,4,0,120,-8,3.80
fold2_room1_mix0881,77,4,0,108,-9,3.50
fold2_room1_mix0881,78,4,0,96,-10,3.72
fold2_room1_mix0881,79,4,0,88,-11,3.43
fold2_room1_mix0881,80,4,0,77,-10,3.49
fold2_room1_mix0881,81,4,0,68,-8,3.72
fold2_room1_mix0881,82,4,0,58,-7,3.70
fold2_room1_mix0881,83,4,0,50,-7,3.97
fold2_room1_mix0881,84,4,0,44,-6,4.40
fold2_room1_mix0881,85,4,0,40,-6,4.80
fold2_room1_mix0881,86,4,0,37,-5,5.12
fold2_room1_mix0881,87,4,0,32,-5,5.47
fold2_room1_mix0881,88,4,0,31,-4,6.12
fold2_room1_mix0881,89,4,0,28,-4,6.53
fold2_room1_mix0881,90,4,0,26,-4,7.02
fold2_room1_mix0881,91,4,0,25,-4,7.77
fold2_room1_mix0881,92,4,0,23,-3,8.34
fold2_room1_mix0881,93,4,0,22,-4,8.54
fold2_room1_mix0881,94,4,0,21,-3,9.39
fold2_room1_mix0881,95,4,0,19,-3,9.39
fold2_room1_mix0881,96,4,0,18,-3,10.14
fold2_room1_mix0881,97,4,0,17,-3,11.49
fold2_room1_mix0881,98,4,0,16,-3,11.26
fold2_room1_mix0881,99,4,0,16,-3,11.27
fold2_room1_mix0881,3,4,0,178,2,0.99
fold2_room1_mix0882,1,4,0,-178,0,0.95
fold2_room1_mix0882,2,4,0,-177,1,2.13
fold2_room1_mix0882,3,4,0,-174,0,8.23
fold2_room1_mix0882,4,4,0,-176,-1,9.31
fold2_room1_mix0882,5,4,0,-175,0,10.67
fold2_room1_mix0882,6,4,0,-178,0,11.79
fold2_room1_mix0882,7,4,0,-176,-1,17.91
fold2_room1_mix0882,8,4,0,-177,-1,15.86
fold2_room1_mix0882,9,4,0,-174,-1,14.91
fold2_room1_mix0882,10,4,0,-176,-1,14.49
fold2_room1_mix0882,11,4,0,-177,-1,16.44
fold2_room1_mix0882,12,4,0,-177,-1,17.63
fold2_room1_mix0882,13,4,0,-175,-1,15.98
fold2_room1_mix0882,14,4,0,-175,-1,17.74
fold2_room1_mix0882,15,4,0,-175,-1,15.29
fold2_room1_mix0882,16,4,0,-174,-2,13.58
fold2_room1_mix0882,17,4,0,-174,-2,12.62
fold2_room1_mix0882,18,4,0,-174,-2,13.91
fold2_room1_mix0882,19,4,0,-175,-2,11.68
fold2_room1_mix0882,20,4,0,-174,-2,12.04
fold2_room1_mix0882,21,4,0,-173,-3,11.26
fold2_room1_mix0882,22,4,0,-172,-2,10.19
fold2_room1_mix0882,23,4,0,-171,-3,10.40
fold2_room1_mix0882,24,4,0,-171,-3,10.87
fold2_room1_mix0882,25,4,0,-170,-3,9.45
fold2_room1_mix0882,26,4,0,-169,-3,9.13
fold2_room1_mix0882,27,4,0,-171,-3,10.48
fold2_room1_mix0882,28,4,0,-170,-3,9.51
fold2_room1_mix0882,29,4,0,-171,-3,9.92
fold2_room1_mix0882,30,4,0,-169,-3,11.18
fold2_room1_mix0882,31,4,0,-169,-3,9.08
fold2_room1_mix0882,32,4,0,-168,-3,11.21
fold2_room1_mix0882,33,4,0,-168,-3,9.38
fold2_room1_mix0882,34,4,0,-167,-4,7.77
fold2_room1_mix0882,35,4,0,-168,-4,9.71
fold2_room1_mix0882,36,4,0,-166,-4,7.15
fold2_room1_mix0882,37,4,0,-167,-4,7.05
fold2_room1_mix0882,37,4,0,0,0,30.59
fold2_room1_mix0882,38,4,0,-163,-4,6.74
fold2_room1_mix0882,38,4,0,-5,-1,25.74
fold2_room1_mix0882,39,4,0,-164,-5,6.83
fold2_room1_mix0882,39,4,0,0,0,33.15
fold2_room1_mix0882,40,4,0,-165,-5,6.68
fold2_room1_mix0882,40,4,0,1,0,33.65
fold2_room1_mix0882,41,4,0,-163,-5,6.23
fold2_room1_mix0882,41,4,0,3,0,33.99
fold2_room1_mix0882,42,4,0,-161,-5,5.63
fold2_room1_mix0882,42,4,0,2,0,32.13
fold2_room1_mix0882,43,4,0,-163,-5,5.53
fold2_room1_mix0882,43,4,0,5,0,32.98
fold2_room1_mix0882,44,4,0,-162,-5,5.46
fold2_room1_mix0882,44,4,0,7,0,33.92
fold2_room1_mix0882,45,4,0,-160,-5,5.03
fold2_room1_mix0882,45,4,0,5,0,32.45
fold2_room1_mix0882,46,4,0,-159,-6,5.05
fold2_room1_mix0882,46,4,0,4,0,32.03
fold2_room1_mix0882,47,4,0,-157,-6,4.83
fold2_room1_mix0882,47,4,0,2,-1,29.91
fold2_room1_mix0882,48,4,0,-157,-6,4.40
fold2_room1_mix0882,48,4,0,5,0,30.36
fold2_room1_mix0882,49,4,0,-155,-7,4.06
fold2_room1_mix0882,49,4,0,5,0,29.74
fold2_room1_mix0882,50,4,0,-152,-7,3.69
fold2_room1_mix0882,50,4,0,6,-1,25.81
fold2_room1_mix0882,51,4,0,-151,-7,3.46
fold2_room1_mix0882,51,4,0,2,-1,26.28
fold2_room1_mix0882,52,4,0,-147,-8,2.82
fold2_room1_mix0882,52,4,0,4,0,24.92
fold2_room1_mix0882,53,4,0,-144,-8,2.59
fold2_room1_mix0882,53,4,0,-1,0,23.63
fold2_room1_mix0882,54,4,0,-140,-8,2.33
fold2_room1_mix0882,54,4,0,4,0,21.52
fold2_room1_mix0882,55,4,0,-138,-9,2.16
fold2_room1_mix0882,55,4,0,-3,0,23.06
fold2_room1_mix0882,56,4,0,-132,-10,1.90
fold2_room1_mix0882,56,4,0,0,0,20.48
fold2_room1_mix0882,57,4,0,-127,-10,1.70
fold2_room1_mix0882,57,4,0,0,1,22.18
fold2_room1_mix0882,58,4,0,-119,-10,1.60
fold2_room1_mix0882,58,4,0,-2,2,20.18
fold2_room1_mix0882,59,4,0,-105,-10,1.61
fold2_room1_mix0882,59,4,0,-6,2,20.76
fold2_room1_mix0882,60,4,0,-93,-11,1.66
fold2_room1_mix0882,60,4,0,-1,1,20.11
fold2_room1_mix0882,61,4,0,-78,-10,1.66
fold2_room1_mix0882,61,4,0,-8,2,21.61
fold2_room1_mix0882,62,4,0,-67,-9,1.73
fold2_room1_mix0882,62,4,0,-5,2,18.45
fold2_room1_mix0882,63,4,0,-55,-8,1.94
fold2_room1_mix0882,63,4,0,-7,2,17.00
fold2_room1_mix0882,64,4,0,-51,-7,2.17
fold2_room1_mix0882,64,4,0,-6,1,13.93
fold2_room1_mix0882,65,4,0,-41,-6,2.38
fold2_room1_mix0882,65,4,0,-12,0,10.14
fold2_room1_mix0882,66,4,0,-38,-7,2.52
fold2_room1_mix0882,66,4,0,-11,-1,8.48
fold2_room1_mix0882,67,4,0,-32,-6,2.55
fold2_room1_mix0882,67,4,0,-13,0,7.69
fold2_room1_mix0882,68,4,0,-20,-4,4.18
fold2_room1_mix0882,69,4,0,-20,-4,4.04
fold2_room1_mix0882,70,4,0,-16,-4,4.21
fold2_room1_mix0882,71,4,0,-14,-4,4.28
fold2_room1_mix0882,72,4,0,18,-5,5.58
fold2_room1_mix0882,72,4,0,-16,-4,4.51
fold2_room1_mix0882,73,4,0,60,-2,9.18
fold2_room1_mix0882,73,4,0,-14,-4,4.37
fold2_room1_mix0882,74,4,0,60,-2,9.43
fold2_room1_mix0882,74,4,0,-12,-4,4.60
fold2_room1_mix0882,75,4,0,67,-3,9.20
fold2_room1_mix0882,75,4,0,-10,-4,5.14
fold2_room1_mix0882,76,4,0,66,-3,9.88
fold2_room1_mix0882,76,4,0,-9,-4,5.47
fold2_room1_mix0882,77,4,0,72,-3,10.29
fold2_room1_mix0882,77,4,0,-9,-4,6.04
fold2_room1_mix0882,78,4,0,71,-3,10.18
fold2_room1_mix0882,78,4,0,-8,-4,6.08
fold2_room1_mix0882,79,4,0,70,-3,9.97
fold2_room1_mix0882,79,4,0,-7,-4,6.34
fold2_room1_mix0882,80,4,0,72,-2,10.87
fold2_room1_mix0882,80,4,0,-8,-4,6.34
fold2_room1_mix0882,81,4,0,76,-3,10.10
fold2_room1_mix0882,81,4,0,-6,-3,6.67
fold2_room1_mix0882,82,4,0,79,-3,10.19
fold2_room1_mix0882,82,4,0,-4,-3,7.19
fold2_room1_mix0882,83,4,0,84,-3,9.98
fold2_room1_mix0882,83,4,0,-5,-3,7.46
fold2_room1_mix0882,84,4,0,93,-2,10.81
fold2_room1_mix0882,84,4,0,-3,-3,7.45
fold2_room1_mix0882,85,4,0,86,-2,10.96
fold2_room1_mix0882,85,4,0,-2,-3,7.68
fold2_room1_mix0882,86,4,0,94,-3,10.48
fold2_room1_mix0882,86,4,0,-4,-3,8.51
fold2_room1_mix0882,87,4,0,101,-2,10.90
fold2_room1_mix0882,87,4,0,-4,-3,8.16
fold2_room1_mix0882,88,4,0,101,-2,10.89
fold2_room1_mix0882,88,4,0,-3,-3,8.47
fold2_room1_mix0882,89,4,0,110,-2,11.62
fold2_room1_mix0882,89,4,0,-2,-3,8.70
fold2_room1_mix0882,90,4,0,117,-2,11.94
fold2_room1_mix0882,90,4,0,-2,-3,8.78
fold2_room1_mix0882,91,4,0,122,-2,12.72
fold2_room1_mix0882,91,4,0,0,-3,9.28
fold2_room1_mix0882,92,4,0,124,-1,12.28
fold2_room1_mix0882,92,4,0,-2,-3,9.49
fold2_room1_mix0882,93,4,0,130,-1,12.51
fold2_room1_mix0882,93,4,0,-2,-3,9.37
fold2_room1_mix0882,94,4,0,134,-1,13.53
fold2_room1_mix0882,94,4,0,-1,-3,9.34
fold2_room1_mix0882,95,4,0,135,-1,13.37
fold2_room1_mix0882,95,4,0,-1,-3,9.77
fold2_room1_mix0882,96,4,0,140,-2,13.42
fold2_room1_mix0882,96,4,0,-3,-3,10.07
fold2_room1_mix0882,97,4,0,141,-1,15.86
fold2_room1_mix0882,97,4,0,-2,-2,10.15
fold2_room1_mix0882,98,4,0,143,-1,15.78
fold2_room1_mix0882,98,4,0,-3,-3,10.92
fold2_room1_mix0882,99,4,0,140,-1,15.62
fold2_room1_mix0882,99,4,0,-3,-3,10.31
fold2_room1_mix0883,27,0,0,174,0,1.80
fold2_room1_mix0883,28,0,0,164,-1,13.89
fold2_room1_mix0883,29,0,0,166,-1,16.12
fold2_room1_mix0883,30,0,0,163,-1,23.45
fold2_room1_mix0883,31,0,0,165,-1,27.74
fold2_room1_mix0883,32,0,0,162,-1,27.61
fold2_room1_mix0883,33,0,0,162,-1,25.78
fold2_room1_mix0883,34,0,0,163,-1,27.22
fold2_room1_mix0883,35,0,0,163,-1,25.91
fold2_room1_mix0883,36,0,0,159,-1,23.87
fold2_room1_mix0883,37,0,0,160,-1,22.83
fold2_room1_mix0883,38,0,0,158,-1,23.13
fold2_room1_mix0883,39,0,0,161,-1,22.54
fold2_room1_mix0883,40,0,0,158,-1,21.24
fold2_room1_mix0883,41,0,0,149,-1,21.02
fold2_room1_mix0883,42,0,0,155,-1,21.51
fold2_room1_mix0883,43,0,0,145,-1,18.05
fold2_room1_mix0883,44,0,0,154,-1,20.42
fold2_room1_mix0883,45,0,0,149,-1,18.11
fold2_room1_mix0883,46,0,0,150,-1,18.66
fold2_room1_mix0883,47,0,0,150,-1,18.37
fold2_room1_mix0883,48,0,0,140,-1,17.17
fold2_room1_mix0883,49,0,0,137,-1,16.24
fold2_room1_mix0883,50,0,0,137,-1,16.23
fold2_room1_mix0883,51,0,0,127,-2,15.40
fold2_room1_mix0883,52,0,0,121,-2,14.48
fold2_room1_mix0883,53,0,0,119,-2,13.30
fold2_room1_mix0883,54,0,0,111,-2,12.45
fold2_room1_mix0883,55,0,0,98,-2,12.92
fold2_room1_mix0883,56,0,0,103,-2,13.74
fold2_room1_mix0883,57,0,0,105,-1,5.40
fold2_room1_mix0883,58,0,0,104,-1,3.85
fold2_room1_mix0884,22,4,0,-158,0,3.28
fold2_room1_mix0884,23,4,0,-146,-1,10.67
fold2_room1_mix0884,24,4,0,-143,-2,11.95
fold2_room1_mix0884,25,4,0,-143,-1,17.34
fold2_room1_mix0884,26,4,0,-142,-1,15.05
fold2_room1_mix0884,27,4,0,-139,-2,16.31
fold2_room1_mix0884,28,4,0,-141,-1,17.39
fold2_room1_mix0884,29,4,0,-137,-1,16.58
fold2_room1_mix0884,30,4,0,-135,-2,16.80
fold2_room1_mix0884,31,4,0,-137,-1,15.96
fold2_room1_mix0884,32,4,0,-135,-1,16.29
fold2_room1_mix0884,33,4,0,-132,-1,16.42
fold2_room1_mix0884,34,4,0,-133,-1,16.61
fold2_room1_mix0884,35,4,0,-129,-1,16.23
fold2_room1_mix0884,36,4,0,-130,-1,15.77
fold2_room1_mix0884,37,4,0,-130,-1,16.35
fold2_room1_mix0884,38,4,0,-129,-1,15.52
fold2_room1_mix0884,38,4,0,-108,-2,16.61
fold2_room1_mix0884,39,4,0,-125,-1,14.99
fold2_room1_mix0884,40,4,0,-127,-1,15.34
fold2_room1_mix0884,40,4,0,-111,-2,16.40
fold2_room1_mix0884,41,4,0,-128,0,15.38
fold2_room1_mix0884,41,4,0,-110,-1,16.02
fold2_room1_mix0884,42,4,0,-127,0,15.47
fold2_room1_mix0884,42,4,0,-103,-1,16.49
fold2_room1_mix0884,43,4,0,-126,0,15.24
fold2_room1_mix0884,43,4,0,-105,-1,16.25
fold2_room1_mix0884,44,4,0,-127,0,16.04
fold2_room1_mix0884,44,4,0,-80,-1,17.28
fold2_room1_mix0884,45,4,0,-128,0,16.05
fold2_room1_mix0884,45,4,0,-67,-1,17.71
fold2_room1_mix0884,46,4,0,-129,0,16.25
fold2_room1_mix0884,46,4,0,-60,-1,18.44
fold2_room1_mix0884,47,4,0,-125,-1,15.64
fold2_room1_mix0884,47,4,0,-29,-1,18.35
fold2_room1_mix0884,48,4,0,-127,-1,15.52
fold2_room1_mix0884,48,4,0,-34,-2,16.73
fold2_room1_mix0884,49,4,0,-126,-1,15.90
fold2_room1_mix0884,49,4,0,-25,-1,19.13
fold2_room1_mix0884,50,4,0,-121,-1,14.77
fold2_room1_mix0884,50,4,0,-19,-2,17.32
fold2_room1_mix0884,51,4,0,-122,0,17.89
fold2_room1_mix0884,51,4,0,-98,-2,14.76
fold2_room1_mix0884,51,4,0,-23,-2,17.46
fold2_room1_mix0884,52,4,0,-124,0,17.75
fold2_room1_mix0884,52,4,0,-96,-3,14.12
fold2_room1_mix0884,52,4,0,-20,-2,17.40
fold2_room1_mix0884,53,4,0,-126,0,18.14
fold2_room1_mix0884,53,4,0,-46,-4,13.63
fold2_room1_mix0884,53,4,0,-16,-2,16.84
fold2_room1_mix0884,54,4,0,-126,0,18.49
fold2_room1_mix0884,54,4,0,-49,-4,12.78
fold2_room1_mix0884,54,4,0,-16,-2,15.95
fold2_room1_mix0884,55,4,0,-124,0,16.61
fold2_room1_mix0884,55,4,0,-8,-3,12.81
fold2_room1_mix0884,56,4,0,-121,0,16.71
fold2_room1_mix0884,56,4,0,-9,-4,12.26
fold2_room1_mix0884,57,4,0,-125,0,16.17
fold2_room1_mix0884,57,4,0,-8,-4,12.11
fold2_room1_mix0884,58,4,0,-116,0,14.94
fold2_room1_mix0884,58,4,0,-3,-4,11.08
fold2_room1_mix0884,59,4,0,-114,0,16.05
fold2_room1_mix0884,59,4,0,-5,-4,11.71
fold2_room1_mix0884,60,4,0,-111,0,16.04
fold2_room1_mix0884,60,4,0,-5,-4,11.35
fold2_room1_mix0884,61,4,0,-113,0,15.31
fold2_room1_mix0884,61,4,0,-2,-4,10.44
fold2_room1_mix0884,62,4,0,-111,0,14.93
fold2_room1_mix0884,62,4,0,-5,-5,9.59
fold2_room1_mix0884,63,4,0,-106,0,14.39
fold2_room1_mix0884,63,4,0,-1,-5,9.11
fold2_room1_mix0884,64,4,0,-108,0,15.33
fold2_room1_mix0884,64,4,0,-3,-5,8.08
fold2_room1_mix0884,65,4,0,-102,0,14.25
fold2_room1_mix0884,65,4,0,-5,-6,7.63
fold2_room1_mix0884,66,4,0,-98,0,13.80
fold2_room1_mix0884,66,4,0,-2,-7,6.42
fold2_room1_mix0884,67,4,0,-96,0,14.43
fold2_room1_mix0884,67,4,0,0,-7,5.89
fold2_room1_mix0884,68,4,0,-94,0,14.94
fold2_room1_mix0884,68,4,0,1,-8,4.77
fold2_room1_mix0884,69,4,0,-95,0,14.32
fold2_room1_mix0884,69,4,0,1,-9,4.14
fold2_room1_mix0884,70,4,0,-94,1,15.23
fold2_room1_mix0884,70,4,0,2,-9,3.88
fold2_room1_mix0884,71,4,0,-77,1,15.37
fold2_room1_mix0884,71,4,0,7,-11,2.85
fold2_room1_mix0884,72,4,0,-69,1,16.59
fold2_room1_mix0884,72,4,0,10,-13,2.51
fold2_room1_mix0884,73,4,0,-66,0,14.24
fold2_room1_mix0884,73,4,0,13,-14,2.05
fold2_room1_mix0884,74,4,0,29,-20,1.84
fold2_room1_mix0884,74,4,0,-43,-3,9.58
fold2_room1_mix0884,75,4,0,88,-27,1.17
fold2_room1_mix0884,75,4,0,-56,-2,12.51
fold2_room1_mix0884,76,4,0,136,-19,1.40
fold2_room1_mix0884,76,4,0,-51,0,11.86
fold2_room1_mix0884,77,4,0,153,-12,2.05
fold2_room1_mix0884,77,4,0,-56,2,11.72
fold2_room1_mix0884,78,4,0,166,-10,2.57
fold2_room1_mix0884,78,4,0,-68,0,11.64
fold2_room1_mix0884,79,4,0,162,-8,2.91
fold2_room1_mix0884,79,4,0,-61,-1,12.25
fold2_room1_mix0884,80,4,0,168,-7,3.67
fold2_room1_mix0884,80,4,0,-61,-1,11.80
fold2_room1_mix0884,81,4,0,175,-5,4.94
fold2_room1_mix0884,81,4,0,-64,-2,12.00
fold2_room1_mix0884,82,4,0,178,-4,5.44
fold2_room1_mix0884,82,4,0,-64,-2,11.35
fold2_room1_mix0884,83,4,0,178,-4,6.03
fold2_room1_mix0884,83,4,0,-65,-2,11.49
fold2_room1_mix0884,84,4,0,179,-4,6.86
fold2_room1_mix0884,84,4,0,-67,-3,12.33
fold2_room1_mix0884,85,4,0,-179,-3,7.85
fold2_room1_mix0884,85,4,0,-56,-3,12.29
fold2_room1_mix0884,86,4,0,-177,-2,9.46
fold2_room1_mix0884,86,4,0,-58,-3,11.97
fold2_room1_mix0884,87,4,0,176,-2,9.51
fold2_room1_mix0884,87,4,0,-156,-3,10.74
fold2_room1_mix0884,87,4,0,-58,-2,13.12
fold2_room1_mix0884,88,4,0,178,-2,9.53
fold2_room1_mix0884,88,4,0,-54,-1,13.86
fold2_room1_mix0884,89,4,0,178,-3,9.52
fold2_room1_mix0884,89,4,0,-47,-1,14.33
fold2_room1_mix0884,90,4,0,178,-2,10.11
fold2_room1_mix0884,90,4,0,-46,-1,14.93
fold2_room1_mix0884,91,4,0,178,-2,11.04
fold2_room1_mix0884,91,4,0,-47,-1,16.91
fold2_room1_mix0884,92,4,0,179,-2,11.48
fold2_room1_mix0884,92,4,0,-49,-1,17.81
fold2_room1_mix0884,93,4,0,177,-2,11.08
fold2_room1_mix0884,93,4,0,-44,0,18.35
fold2_room1_mix0884,94,4,0,175,-1,14.36
fold2_room1_mix0884,94,4,0,-49,0,18.24
fold2_room1_mix0884,95,4,0,175,-1,14.34
fold2_room1_mix0884,95,4,0,-52,0,17.98
fold2_room1_mix0884,96,4,0,175,0,15.26
fold2_room1_mix0884,96,4,0,-57,0,18.45
fold2_room1_mix0884,97,4,0,175,0,15.18
fold2_room1_mix0884,97,4,0,-50,0,19.77
fold2_room1_mix0884,98,4,0,176,0,16.87
fold2_room1_mix0884,98,4,0,-58,0,19.01
fold2_room1_mix0884,99,4,0,178,0,17.35
fold2_room1_mix0884,99,4,0,-58,0,20.24
fold2_room1_mix0886,38,3,0,118,-3,9.31
fold2_room1_mix0886,39,3,0,115,-3,10.61
fold2_room1_mix0886,40,3,0,111,-2,10.60
fold2_room1_mix0886,41,3,0,106,-2,10.89
fold2_room1_mix0886,42,3,0,106,-2,11.38
fold2_room1_mix0886,43,3,0,103,-2,11.90
fold2_room1_mix0886,44,3,0,97,-1,5.50
fold2_room1_mix0886,48,4,0,141,-1,4.83
fold2_room1_mix0886,49,4,0,136,-2,13.54
fold2_room1_mix0886,50,3,0,102,-3,8.19
fold2_room1_mix0886,50,4,0,135,-2,12.30
fold2_room1_mix0886,51,3,0,102,-3,12.89
fold2_room1_mix0886,51,4,0,133,-1,14.10
fold2_room1_mix0886,52,3,0,101,-3,14.09
fold2_room1_mix0886,52,4,0,138,-2,12.75
fold2_room1_mix0886,53,3,0,98,-3,12.76
fold2_room1_mix0886,53,4,0,135,-2,13.66
fold2_room1_mix0886,54,3,0,99,-3,12.71
fold2_room1_mix0886,54,4,0,131,-2,13.47
fold2_room1_mix0886,55,3,0,97,-3,13.23
fold2_room1_mix0886,55,4,0,130,-2,13.65
fold2_room1_mix0886,56,3,0,98,-2,5.88
fold2_room1_mix0886,56,4,0,130,-2,13.42
fold2_room1_mix0886,57,4,0,127,-2,12.61
fold2_room1_mix0886,58,4,0,123,-2,13.69
fold2_room1_mix0886,59,4,0,121,-2,13.62
fold2_room1_mix0886,60,4,0,121,-2,12.88
fold2_room1_mix0886,61,4,0,118,-2,12.80
fold2_room1_mix0886,62,3,0,82,-3,7.56
fold2_room1_mix0886,62,4,0,122,-2,12.57
fold2_room1_mix0886,63,3,0,87,-3,12.26
fold2_room1_mix0886,63,4,0,119,-2,12.82
fold2_room1_mix0886,64,3,0,97,-3,12.34
fold2_room1_mix0886,64,4,0,117,-2,12.38
fold2_room1_mix0886,65,3,0,91,-3,13.07
fold2_room1_mix0886,65,4,0,117,-3,11.17
fold2_room1_mix0886,66,3,0,86,-3,11.70
fold2_room1_mix0886,66,4,0,116,-3,11.61
fold2_room1_mix0886,67,3,0,83,-3,11.11
fold2_room1_mix0886,67,4,0,108,-4,10.81
fold2_room1_mix0886,68,3,0,96,-3,8.76
fold2_room1_mix0886,68,4,0,108,-4,11.39
fold2_room1_mix0886,69,4,0,107,-3,11.44
fold2_room1_mix0886,70,4,0,104,-3,11.60
fold2_room1_mix0886,71,4,0,95,-4,11.85
fold2_room1_mix0886,72,4,0,92,-4,12.68
fold2_room1_mix0886,73,4,0,89,-4,12.52
fold2_room1_mix0886,74,4,0,89,-3,13.02
fold2_room1_mix0886,75,3,0,77,-4,6.33
fold2_room1_mix0886,75,4,0,86,-3,12.89
fold2_room1_mix0886,76,3,0,68,-3,7.35
fold2_room1_mix0886,76,4,0,84,-2,13.36
fold2_room1_mix0886,77,3,0,64,-3,8.25
fold2_room1_mix0886,77,4,0,82,-3,12.17
fold2_room1_mix0886,78,3,0,58,-3,8.72
fold2_room1_mix0886,78,4,0,83,-2,12.29
fold2_room1_mix0886,79,3,0,59,-3,9.26
fold2_room1_mix0886,79,4,0,79,-3,12.63
fold2_room1_mix0886,80,3,0,56,-3,7.00
fold2_room1_mix0886,80,4,0,78,-3,12.87
fold2_room1_mix0886,81,4,0,75,-3,12.53
fold2_room1_mix0886,82,4,0,73,-2,12.29
fold2_room1_mix0886,83,4,0,71,-3,12.26
fold2_room1_mix0886,84,4,0,70,-3,12.96
fold2_room1_mix0886,85,4,0,75,-2,8.86
fold2_room1_mix0886,86,4,0,75,-2,7.15
fold2_room1_mix0886,87,4,0,76,-2,5.44
fold2_room1_mix0886,89,4,0,73,-2,5.44
fold2_room1_mix0886,90,4,0,69,-2,7.97
fold2_room1_mix0886,91,4,0,69,-2,6.99
fold2_room1_mix0886,92,4,0,65,-2,7.20
fold2_room1_mix0886,93,4,0,70,-2,4.04
fold2_room1_mix0886,94,4,0,62,-2,9.44
fold2_room1_mix0886,95,4,0,61,-2,7.24
fold2_room1_mix0886,96,4,0,57,-2,8.36
fold2_room1_mix0886,97,4,0,60,-2,7.81
fold2_room1_mix0887,0,5,0,-142,7,1.54
fold2_room1_mix0887,1,5,0,-132,8,2.15
fold2_room1_mix0887,2,4,0,-1,2,3.90
fold2_room1_mix0887,2,5,0,-122,10,2.92
fold2_room1_mix0887,3,4,0,1,0,7.43
fold2_room1_mix0887,3,5,0,-131,10,2.74
fold2_room1_mix0887,4,4,0,-168,0,17.54
fold2_room1_mix0887,4,4,0,4,0,18.60
fold2_room1_mix0887,4,5,0,-124,8,1.79
fold2_room1_mix0887,5,4,0,6,-1,17.98
fold2_room1_mix0887,5,5,0,-128,10,4.70
fold2_room1_mix0887,6,4,0,4,0,20.52
fold2_room1_mix0887,6,5,0,-128,10,4.91
fold2_room1_mix0887,7,4,0,4,-1,28.43
fold2_room1_mix0887,7,5,0,-124,12,3.90
fold2_room1_mix0887,8,4,0,3,-2,28.81
fold2_room1_mix0887,8,5,0,-127,11,4.15
fold2_room1_mix0887,9,4,0,5,-1,29.58
fold2_room1_mix0887,9,5,0,-127,11,4.31
fold2_room1_mix0887,10,4,0,6,-1,27.86
fold2_room1_mix0887,10,5,0,-124,13,3.66
fold2_room1_mix0887,11,4,0,2,-1,27.61
fold2_room1_mix0887,11,5,0,-121,13,3.49
fold2_room1_mix0887,12,4,0,6,-1,28.05
fold2_room1_mix0887,12,5,0,-122,14,3.28
fold2_room1_mix0887,13,4,0,7,-1,28.36
fold2_room1_mix0887,13,5,0,-122,12,4.02
fold2_room1_mix0887,14,4,0,6,-1,28.14
fold2_room1_mix0887,14,5,0,-123,14,3.34
fold2_room1_mix0887,15,4,0,6,-1,27.14
fold2_room1_mix0887,15,5,0,-124,13,3.48
fold2_room1_mix0887,16,4,0,5,-1,25.58
fold2_room1_mix0887,16,5,0,-121,12,3.83
fold2_room1_mix0887,17,4,0,5,-1,26.36
fold2_room1_mix0887,17,5,0,-122,13,3.47
fold2_room1_mix0887,18,4,0,6,-1,27.76
fold2_room1_mix0887,18,5,0,-121,12,3.83
fold2_room1_mix0887,19,4,0,6,-1,24.55
fold2_room1_mix0887,19,5,0,-118,13,3.34
fold2_room1_mix0887,20,4,0,4,-2,25.76
fold2_room1_mix0887,20,5,0,-121,13,3.67
fold2_room1_mix0887,21,4,0,6,-1,24.54
fold2_room1_mix0887,21,5,0,-120,13,3.52
fold2_room1_mix0887,22,4,0,6,-1,23.85
fold2_room1_mix0887,22,5,0,-119,12,3.88
fold2_room1_mix0887,23,4,0,4,-2,20.98
fold2_room1_mix0887,23,5,0,-125,12,3.85
fold2_room1_mix0887,24,4,0,6,-2,21.81
fold2_room1_mix0887,24,5,0,-125,13,3.67
fold2_room1_mix0887,25,4,0,4,-2,20.41
fold2_room1_mix0887,25,5,0,-119,13,3.68
fold2_room1_mix0887,26,4,0,5,-2,19.59
fold2_room1_mix0887,26,5,0,-120,13,3.59
fold2_room1_mix0887,27,4,0,3,-2,19.30
fold2_room1_mix0887,27,5,0,-125,12,4.07
fold2_room1_mix0887,28,4,0,7,-2,19.94
fold2_room1_mix0887,28,5,0,-126,13,3.53
fold2_room1_mix0887,29,4,0,5,-2,19.20
fold2_room1_mix0887,29,5,0,-125,15,3.31
fold2_room1_mix0887,30,4,0,6,-2,18.42
fold2_room1_mix0887,30,5,0,-126,13,3.63
fold2_room1_mix0887,31,4,0,6,-2,17.23
fold2_room1_mix0887,31,5,0,-125,13,3.75
fold2_room1_mix0887,32,4,0,9,-2,18.46
fold2_room1_mix0887,32,5,0,-128,13,3.57
fold2_room1_mix0887,33,4,0,6,-2,17.62
fold2_room1_mix0887,33,5,0,-126,12,3.88
fold2_room1_mix0887,34,4,0,6,-2,17.06
fold2_room1_mix0887,34,5,0,-129,11,4.09
fold2_room1_mix0887,35,4,0,5,-2,16.59
fold2_room1_mix0887,35,5,0,-129,12,3.96
fold2_room1_mix0887,36,4,0,4,-2,15.82
fold2_room1_mix0887,36,5,0,-125,12,4.19
fold2_room1_mix0887,37,4,0,7,-3,15.32
fold2_room1_mix0887,37,5,0,-126,12,3.82
fold2_room1_mix0887,38,4,0,6,-3,15.66
fold2_room1_mix0887,38,5,0,-127,12,4.03
fold2_room1_mix0887,39,4,0,4,-3,13.15
fold2_room1_mix0887,39,5,0,-127,12,3.96
fold2_room1_mix0887,40,4,0,5,-3,13.10
fold2_room1_mix0887,40,5,0,-126,12,4.02
fold2_room1_mix0887,41,4,0,6,-3,12.42
fold2_room1_mix0887,41,5,0,-125,12,3.89
fold2_room1_mix0887,42,4,0,6,-3,11.79
fold2_room1_mix0887,42,5,0,-127,12,3.83
fold2_room1_mix0887,43,4,0,7,-3,12.26
fold2_room1_mix0887,43,5,0,-124,12,3.74
fold2_room1_mix0887,44,4,0,7,-4,11.80
fold2_room1_mix0887,44,5,0,-125,13,3.56
fold2_room1_mix0887,45,4,0,7,-4,11.49
fold2_room1_mix0887,45,5,0,-126,12,3.90
fold2_room1_mix0887,46,4,0,9,-4,11.67
fold2_room1_mix0887,46,5,0,-124,15,3.05
fold2_room1_mix0887,47,4,0,11,-4,10.51
fold2_room1_mix0887,47,5,0,-125,16,2.96
fold2_room1_mix0887,48,4,0,14,-4,9.42
fold2_room1_mix0887,48,5,0,-122,15,2.87
fold2_room1_mix0887,49,4,0,13,-5,8.98
fold2_room1_mix0887,49,5,0,-125,16,2.98
fold2_room1_mix0887,50,4,0,14,-5,8.85
fold2_room1_mix0887,50,5,0,-126,13,3.47
fold2_room1_mix0887,51,4,0,12,-4,7.84
fold2_room1_mix0887,51,5,0,-125,13,3.53
fold2_room1_mix0887,52,4,0,-175,-4,15.81
fold2_room1_mix0887,52,4,0,13,-5,7.92
fold2_room1_mix0887,52,5,0,-126,13,3.40
fold2_room1_mix0887,53,4,0,-167,-1,18.65
fold2_room1_mix0887,53,4,0,15,-5,7.53
fold2_room1_mix0887,53,5,0,-128,13,3.47
fold2_room1_mix0887,54,4,0,-166,-5,14.30
fold2_room1_mix0887,54,4,0,15,-6,6.94
fold2_room1_mix0887,54,5,0,-127,11,4.00
fold2_room1_mix0887,55,4,0,-166,-4,13.80
fold2_room1_mix0887,55,4,0,18,-6,6.65
fold2_room1_mix0887,55,5,0,-125,13,3.37
fold2_room1_mix0887,56,4,0,-175,-5,13.55
fold2_room1_mix0887,56,4,0,18,-6,6.26
fold2_room1_mix0887,56,5,0,-125,13,3.40
fold2_room1_mix0887,57,4,0,-169,-2,14.77
fold2_room1_mix0887,57,4,0,18,-6,6.20
fold2_room1_mix0887,57,5,0,-124,12,3.57
fold2_room1_mix0887,58,4,0,-160,-6,12.97
fold2_room1_mix0887,58,4,0,20,-7,5.84
fold2_room1_mix0887,58,5,0,-128,12,3.62
fold2_room1_mix0887,59,4,0,-163,-1,17.40
fold2_room1_mix0887,59,4,0,20,-8,4.96
fold2_room1_mix0887,59,5,0,-124,12,3.64
fold2_room1_mix0887,60,4,0,-160,-1,18.07
fold2_room1_mix0887,60,4,0,21,-7,4.66
fold2_room1_mix0887,60,5,0,-127,13,3.55
fold2_room1_mix0887,61,4,0,-164,0,17.91
fold2_room1_mix0887,61,4,0,22,-7,4.30
fold2_room1_mix0887,61,5,0,-127,12,3.66
fold2_room1_mix0887,62,4,0,-163,0,18.25
fold2_room1_mix0887,62,4,0,21,-8,3.82
fold2_room1_mix0887,62,5,0,-130,13,3.47
fold2_room1_mix0887,63,4,0,-161,0,18.06
fold2_room1_mix0887,63,4,0,24,-9,3.69
fold2_room1_mix0887,63,5,0,-126,13,3.43
fold2_room1_mix0887,64,4,0,-165,0,15.94
fold2_room1_mix0887,64,4,0,27,-9,3.27
fold2_room1_mix0887,64,5,0,-119,13,3.39
fold2_room1_mix0887,65,4,0,-156,0,15.36
fold2_room1_mix0887,65,4,0,29,-9,2.99
fold2_room1_mix0887,65,5,0,-122,15,3.09
fold2_room1_mix0887,66,4,0,-164,0,14.99
fold2_room1_mix0887,66,4,0,33,-10,2.54
fold2_room1_mix0887,66,5,0,-123,14,3.28
fold2_room1_mix0887,67,4,0,-156,0,14.24
fold2_room1_mix0887,67,4,0,38,-9,2.55
fold2_room1_mix0887,67,5,0,-119,14,3.12
fold2_room1_mix0887,68,4,0,159,-9,7.92
fold2_room1_mix0887,68,4,0,48,-11,2.27
fold2_room1_mix0887,68,5,0,-121,14,3.27
fold2_room1_mix0887,69,4,0,154,-5,9.01
fold2_room1_mix0887,69,4,0,60,-12,1.92
fold2_room1_mix0887,69,5,0,-125,13,3.56
fold2_room1_mix0887,70,4,0,114,-12,5.89
fold2_room1_mix0887,70,4,0,73,-14,1.91
fold2_room1_mix0887,70,5,0,-125,12,4.16
fold2_room1_mix0887,71,4,0,109,-10,5.47
fold2_room1_mix0887,71,4,0,84,-12,2.11
fold2_room1_mix0887,71,5,0,-127,14,3.31
fold2_room1_mix0887,72,4,0,128,-8,6.16
fold2_room1_mix0887,72,4,0,94,-13,2.18
fold2_room1_mix0887,72,5,0,-126,13,3.58
fold2_room1_mix0887,73,4,0,164,-5,8.89
fold2_room1_mix0887,73,4,0,114,-11,2.39
fold2_room1_mix0887,73,5,0,-128,13,3.88
fold2_room1_mix0887,74,4,0,129,-10,2.85
fold2_room1_mix0887,74,5,0,-131,14,3.65
fold2_room1_mix0887,75,4,0,141,-9,3.59
fold2_room1_mix0887,75,5,0,-124,16,3.31
fold2_room1_mix0887,76,4,0,141,-6,3.27
fold2_room1_mix0887,76,5,0,-122,14,3.51
fold2_room1_mix0887,77,4,0,143,-7,3.16
fold2_room1_mix0887,77,5,0,-122,14,3.61
fold2_room1_mix0887,78,4,0,153,-7,3.85
fold2_room1_mix0887,78,4,0,-65,-4,8.89
fold2_room1_mix0887,78,5,0,-127,13,4.11
fold2_room1_mix0887,79,4,0,159,-6,4.54
fold2_room1_mix0887,79,4,0,-72,-5,7.91
fold2_room1_mix0887,79,5,0,-126,13,4.32
fold2_room1_mix0887,80,4,0,161,-5,5.02
fold2_room1_mix0887,80,4,0,-72,-4,8.89
fold2_room1_mix0887,80,5,0,-125,13,4.49
fold2_room1_mix0887,81,4,0,161,-5,5.33
fold2_room1_mix0887,81,4,0,-72,-4,9.02
fold2_room1_mix0887,81,5,0,-127,13,4.17
fold2_room1_mix0887,82,4,0,163,-5,5.96
fold2_room1_mix0887,82,4,0,-64,-3,10.72
fold2_room1_mix0887,82,5,0,-126,12,4.43
fold2_room1_mix0887,83,4,0,167,-5,5.91
fold2_room1_mix0887,83,4,0,-54,-1,13.09
fold2_room1_mix0887,83,5,0,-125,13,4.11
fold2_room1_mix0887,84,4,0,166,-6,6.29
fold2_room1_mix0887,84,4,0,-47,-1,13.46
fold2_room1_mix0887,84,5,0,-127,12,4.48
fold2_room1_mix0887,85,4,0,168,-5,6.72
fold2_room1_mix0887,85,4,0,-54,-2,13.01
fold2_room1_mix0887,85,5,0,-125,12,4.39
fold2_room1_mix0887,86,4,0,167,-5,7.37
fold2_room1_mix0887,86,4,0,-51,-1,13.61
fold2_room1_mix0887,86,5,0,-118,13,4.00
fold2_room1_mix0887,87,4,0,169,-5,7.32
fold2_room1_mix0887,87,4,0,-48,0,16.71
fold2_room1_mix0887,87,5,0,-124,12,4.05
fold2_room1_mix0887,88,4,0,170,-5,7.94
fold2_room1_mix0887,88,4,0,-42,0,17.87
fold2_room1_mix0887,88,5,0,-119,12,4.12
fold2_room1_mix0887,89,4,0,173,-4,8.11
fold2_room1_mix0887,89,4,0,-40,0,17.28
fold2_room1_mix0887,89,5,0,-124,13,4.25
fold2_room1_mix0887,90,4,0,174,-4,8.01
fold2_room1_mix0887,90,4,0,-37,0,18.97
fold2_room1_mix0887,90,5,0,-123,12,4.26
fold2_room1_mix0887,91,4,0,175,-4,8.30
fold2_room1_mix0887,91,4,0,-37,0,19.64
fold2_room1_mix0887,91,5,0,-123,11,4.29
fold2_room1_mix0887,92,4,0,172,-4,8.86
fold2_room1_mix0887,92,4,0,-29,0,20.91
fold2_room1_mix0887,92,5,0,-115,13,3.66
fold2_room1_mix0887,93,4,0,175,-4,8.23
fold2_room1_mix0887,93,4,0,-32,0,22.42
fold2_room1_mix0887,93,5,0,-125,11,4.18
fold2_room1_mix0887,94,4,0,174,-4,8.77
fold2_room1_mix0887,94,4,0,-29,0,22.73
fold2_room1_mix0887,94,5,0,-119,11,4.13
fold2_room1_mix0887,95,4,0,174,-4,9.56
fold2_room1_mix0887,95,4,0,-30,0,23.96
fold2_room1_mix0887,95,5,0,-120,12,4.06
fold2_room1_mix0887,96,4,0,174,-3,9.93
fold2_room1_mix0887,96,4,0,-29,0,26.42
fold2_room1_mix0887,96,5,0,-119,12,3.87
fold2_room1_mix0887,97,4,0,174,-3,10.10
fold2_room1_mix0887,97,4,0,-28,0,26.17
fold2_room1_mix0887,97,5,0,-126,12,3.88
fold2_room1_mix0887,98,4,0,175,-3,10.67
fold2_room1_mix0887,98,4,0,-27,0,27.10
fold2_room1_mix0887,98,5,0,-121,12,3.86
fold2_room1_mix0887,99,4,0,176,-3,10.53
fold2_room1_mix0887,99,4,0,-25,0,27.33
fold2_room1_mix0887,99,5,0,-119,13,3.45
fold2_room1_mix0888,2,4,0,179,1,1.36
fold2_room1_mix0888,3,4,0,-179,1,4.85
fold2_room1_mix0888,4,4,0,-177,0,18.47
fold2_room1_mix0888,5,4,0,-176,0,19.47
fold2_room1_mix0888,6,4,0,-179,0,24.32
fold2_room1_mix0888,7,4,0,-179,0,32.48
fold2_room1_mix0888,8,4,0,-178,0,32.44
fold2_room1_mix0888,9,4,0,-179,0,32.43
fold2_room1_mix0888,10,4,0,-178,0,30.59
fold2_room1_mix0888,11,4,0,179,0,30.58
fold2_room1_mix0888,12,4,0,179,0,29.45
fold2_room1_mix0888,13,4,0,-178,0,30.18
fold2_room1_mix0888,14,4,0,-179,0,30.55
fold2_room1_mix0888,15,4,0,179,0,28.16
fold2_room1_mix0888,16,4,0,-179,0,27.35
fold2_room1_mix0888,17,4,0,-179,0,28.96
fold2_room1_mix0888,18,4,0,-178,0,27.08
fold2_room1_mix0888,19,4,0,-179,0,27.56
fold2_room1_mix0888,20,4,0,179,0,28.44
fold2_room1_mix0888,21,4,0,-179,0,25.91
fold2_room1_mix0888,22,4,0,179,0,25.89
fold2_room1_mix0888,23,4,0,-179,0,24.72
fold2_room1_mix0888,24,4,0,-179,0,27.11
fold2_room1_mix0888,25,3,0,-137,-5,16.27
fold2_room1_mix0888,25,4,0,178,0,25.96
fold2_room1_mix0888,26,3,0,-142,-4,16.38
fold2_room1_mix0888,26,4,0,179,-1,22.19
fold2_room1_mix0888,27,3,0,-140,-4,17.27
fold2_room1_mix0888,27,4,0,179,-1,21.82
fold2_room1_mix0888,28,3,0,-141,-4,14.63
fold2_room1_mix0888,28,4,0,179,-1,21.85
fold2_room1_mix0888,29,3,0,-140,-4,13.26
fold2_room1_mix0888,29,4,0,178,-1,20.94
fold2_room1_mix0888,30,3,0,-137,-3,12.99
fold2_room1_mix0888,30,4,0,178,-1,21.09
fold2_room1_mix0888,31,3,0,-134,-3,12.88
fold2_room1_mix0888,31,4,0,177,-1,20.90
fold2_room1_mix0888,32,3,0,-122,-4,11.40
fold2_room1_mix0888,32,4,0,177,-1,20.44
fold2_room1_mix0888,33,3,0,-122,-4,10.77
fold2_room1_mix0888,33,4,0,177,-1,20.04
fold2_room1_mix0888,34,3,0,-115,-4,10.32
fold2_room1_mix0888,34,4,0,177,-1,19.76
fold2_room1_mix0888,35,3,0,-109,-4,9.35
fold2_room1_mix0888,35,4,0,177,0,20.00
fold2_room1_mix0888,36,3,0,-113,-3,3.69
fold2_room1_mix0888,36,4,0,178,0,21.21
fold2_room1_mix0888,37,4,0,-179,0,20.39
fold2_room1_mix0888,38,4,0,178,0,19.85
fold2_room1_mix0888,39,3,0,-130,-5,5.65
fold2_room1_mix0888,39,4,0,179,0,20.20
fold2_room1_mix0888,40,3,0,-121,-5,17.18
fold2_room1_mix0888,40,4,0,178,0,19.35
fold2_room1_mix0888,41,3,0,-121,-4,16.79
fold2_room1_mix0888,41,4,0,176,0,18.05
fold2_room1_mix0888,42,3,0,-128,-4,14.90
fold2_room1_mix0888,42,4,0,177,-1,17.33
fold2_room1_mix0888,43,3,0,-123,-4,9.98
fold2_room1_mix0888,43,4,0,177,-1,17.63
fold2_room1_mix0888,44,3,0,-118,-4,13.57
fold2_room1_mix0888,44,4,0,177,-1,16.09
fold2_room1_mix0888,45,3,0,-131,-4,15.88
fold2_room1_mix0888,45,4,0,-179,-1,15.84
fold2_room1_mix0888,46,3,0,-124,-4,17.30
fold2_room1_mix0888,46,4,0,175,-1,14.88
fold2_room1_mix0888,47,3,0,-126,-4,14.92
fold2_room1_mix0888,47,4,0,178,-1,15.23
fold2_room1_mix0888,48,3,0,-117,-4,13.37
fold2_room1_mix0888,48,4,0,176,-1,14.02
fold2_room1_mix0888,49,3,0,-111,-3,14.00
fold2_room1_mix0888,49,4,0,175,-1,14.38
fold2_room1_mix0888,50,3,0,-102,-3,11.84
fold2_room1_mix0888,50,4,0,174,-1,12.43
fold2_room1_mix0888,51,3,0,-104,-3,12.64
fold2_room1_mix0888,51,4,0,175,-1,12.69
fold2_room1_mix0888,52,3,0,-117,-3,13.95
fold2_room1_mix0888,52,4,0,175,-1,13.03
fold2_room1_mix0888,53,3,0,-123,-3,12.50
fold2_room1_mix0888,53,4,0,178,-2,12.27
fold2_room1_mix0888,54,3,0,-137,-3,8.21
fold2_room1_mix0888,54,4,0,178,-2,11.49
fold2_room1_mix0888,55,4,0,179,-3,10.33
fold2_room1_mix0888,56,4,0,-178,-3,10.01
fold2_room1_mix0888,57,4,0,-178,-3,9.07
fold2_room1_mix0888,58,4,0,-179,-4,7.71
fold2_room1_mix0888,59,3,0,-102,-4,14.06
fold2_room1_mix0888,59,4,0,178,-3,8.47
fold2_room1_mix0888,60,3,0,-107,-4,16.34
fold2_room1_mix0888,60,4,0,-177,-2,8.84
fold2_room1_mix0888,61,4,0,-176,-4,7.02
fold2_room1_mix0888,62,4,0,-178,-6,6.00
fold2_room1_mix0888,63,4,0,-177,-6,5.14
fold2_room1_mix0888,64,4,0,178,-7,4.11
fold2_room1_mix0888,65,4,0,177,-9,3.80
fold2_room1_mix0888,66,4,0,173,-12,2.71
fold2_room1_mix0888,67,4,0,166,-14,2.27
fold2_room1_mix0888,68,4,0,159,-18,1.86
fold2_room1_mix0888,69,4,0,144,-29,1.11
fold2_room1_mix0888,70,4,0,98,-47,0.80
fold2_room1_mix0888,71,4,0,39,-31,0.98
fold2_room1_mix0888,72,4,0,20,-21,1.33
fold2_room1_mix0888,73,4,0,11,-15,1.91
fold2_room1_mix0888,74,4,0,10,-12,2.29
fold2_room1_mix0888,75,4,0,8,-10,2.89
fold2_room1_mix0888,76,4,0,6,-8,3.45
fold2_room1_mix0888,77,4,0,5,-7,4.02
fold2_room1_mix0888,78,4,0,4,-6,4.63
fold2_room1_mix0888,79,4,0,3,-5,4.97
fold2_room1_mix0888,80,4,0,3,-5,5.40
fold2_room1_mix0888,81,4,0,3,-5,5.69
fold2_room1_mix0888,82,4,0,2,-4,6.01
fold2_room1_mix0888,83,4,0,2,-4,6.65
fold2_room1_mix0888,84,4,0,3,-4,7.45
fold2_room1_mix0888,85,4,0,2,-4,7.79
fold2_room1_mix0888,86,4,0,3,-3,8.51
fold2_room1_mix0888,87,4,0,2,-3,9.01
fold2_room1_mix0888,88,4,0,2,-3,9.41
fold2_room1_mix0888,89,4,0,2,-3,10.23
fold2_room1_mix0888,90,4,0,2,-3,10.81
fold2_room1_mix0888,91,4,0,3,-3,11.77
fold2_room1_mix0888,92,4,0,2,-3,11.96
fold2_room1_mix0888,93,4,0,3,-3,12.45
fold2_room1_mix0888,94,4,0,3,-2,13.57
fold2_room1_mix0888,95,4,0,3,-2,13.47
fold2_room1_mix0888,96,4,0,2,-2,13.66
fold2_room1_mix0888,97,4,0,3,-2,16.27
fold2_room1_mix0888,98,4,0,3,-2,15.27
fold2_room1_mix0888,99,4,0,2,-2,15.25
fold2_room1_mix0889,0,5,0,27,5,3.10
fold2_room1_mix0889,1,5,0,32,4,4.83
fold2_room1_mix0889,2,5,0,30,5,6.09
fold2_room1_mix0889,3,5,0,30,8,3.69
fold2_room1_mix0889,4,5,0,34,9,4.11
fold2_room1_mix0889,5,5,0,30,8,5.14
fold2_room1_mix0889,6,5,0,32,7,6.85
fold2_room1_mix0889,7,5,0,35,10,4.88
fold2_room1_mix0889,8,5,0,34,9,4.81
fold2_room1_mix0889,9,5,0,31,7,6.00
fold2_room1_mix0889,10,5,0,32,10,4.89
fold2_room1_mix0889,11,5,0,31,10,4.48
fold2_room1_mix0889,12,5,0,32,11,4.30
fold2_room1_mix0889,13,5,0,30,10,4.91
fold2_room1_mix0889,14,5,0,32,11,4.30
fold2_room1_mix0889,15,5,0,30,11,4.30
fold2_room1_mix0889,16,5,0,31,12,4.20
fold2_room1_mix0889,17,5,0,33,12,3.90
fold2_room1_mix0889,18,5,0,35,12,3.82
fold2_room1_mix0889,19,5,0,35,11,4.52
fold2_room1_mix0889,20,5,0,33,11,4.35
fold2_room1_mix0889,21,5,0,33,12,3.89
fold2_room1_mix0889,22,5,0,34,12,4.19
fold2_room1_mix0889,23,5,0,34,11,4.14
fold2_room1_mix0889,24,5,0,33,13,3.67
fold2_room1_mix0889,25,5,0,33,11,4.48
fold2_room1_mix0889,26,5,0,35,13,3.71
fold2_room1_mix0889,27,5,0,34,11,4.20
fold2_room1_mix0889,28,5,0,34,12,3.88
fold2_room1_mix0889,29,5,0,32,11,4.33
fold2_room1_mix0889,30,5,0,31,13,3.75
fold2_room1_mix0889,31,5,0,35,12,3.88
fold2_room1_mix0889,32,5,0,34,12,4.04
fold2_room1_mix0889,33,5,0,31,12,3.75
fold2_room1_mix0889,34,5,0,35,13,3.56
fold2_room1_mix0889,35,5,0,38,13,3.74
fold2_room1_mix0889,36,5,0,35,13,3.63
fold2_room1_mix0889,37,5,0,34,13,3.63
fold2_room1_mix0889,38,5,0,34,13,3.73
fold2_room1_mix0889,39,5,0,35,14,3.47
fold2_room1_mix0889,40,5,0,35,13,3.70
fold2_room1_mix0889,41,5,0,35,11,4.19
fold2_room1_mix0889,42,5,0,34,12,3.72
fold2_room1_mix0889,43,5,0,35,12,3.96
fold2_room1_mix0889,44,5,0,34,13,3.70
fold2_room1_mix0889,45,5,0,35,11,4.07
fold2_room1_mix0889,46,5,0,36,12,3.82
fold2_room1_mix0889,47,5,0,35,12,3.85
fold2_room1_mix0889,48,5,0,36,11,3.92
fold2_room1_mix0889,49,5,0,38,13,3.56
fold2_room1_mix0889,50,5,0,37,11,3.95
fold2_room1_mix0889,51,5,0,37,11,4.07
fold2_room1_mix0889,52,5,0,36,12,3.72
fold2_room1_mix0889,53,5,0,36,12,3.74
fold2_room1_mix0889,54,5,0,37,11,3.92
fold2_room1_mix0889,55,4,0,-58,-1,5.28
fold2_room1_mix0889,55,5,0,34,12,3.89
fold2_room1_mix0889,56,4,0,-54,-1,6.57
fold2_room1_mix0889,56,5,0,36,13,3.43
fold2_room1_mix0889,57,4,0,-56,-1,10.70
fold2_room1_mix0889,57,5,0,32,11,4.04
fold2_room1_mix0889,58,4,0,-58,-1,10.31
fold2_room1_mix0889,58,5,0,35,13,3.53
fold2_room1_mix0889,59,4,0,-55,-2,12.92
fold2_room1_mix0889,59,5,0,36,12,3.76
fold2_room1_mix0889,60,4,0,-61,-2,11.69
fold2_room1_mix0889,60,5,0,34,12,3.70
fold2_room1_mix0889,61,4,0,-61,-2,12.54
fold2_room1_mix0889,61,5,0,36,13,3.37
fold2_room1_mix0889,62,4,0,-60,-2,12.21
fold2_room1_mix0889,62,5,0,39,13,3.39
fold2_room1_mix0889,63,4,0,-67,-2,12.24
fold2_room1_mix0889,63,5,0,35,12,3.94
fold2_room1_mix0889,64,4,0,-67,-2,12.37
fold2_room1_mix0889,64,5,0,38,13,3.60
fold2_room1_mix0889,65,4,0,-72,-2,12.27
fold2_room1_mix0889,65,5,0,35,13,3.52
fold2_room1_mix0889,66,4,0,-76,-2,11.74
fold2_room1_mix0889,66,5,0,35,11,4.02
fold2_room1_mix0889,67,4,0,-79,-2,11.34
fold2_room1_mix0889,67,5,0,37,13,3.60
fold2_room1_mix0889,68,4,0,-83,-2,11.06
fold2_room1_mix0889,68,5,0,37,11,3.97
fold2_room1_mix0889,69,4,0,-84,-2,11.11
fold2_room1_mix0889,69,5,0,37,10,4.25
fold2_room1_mix0889,70,4,0,-88,-2,10.46
fold2_room1_mix0889,70,5,0,37,12,3.67
fold2_room1_mix0889,71,4,0,-89,-2,10.65
fold2_room1_mix0889,71,5,0,36,13,3.76
fold2_room1_mix0889,72,4,0,-94,-2,10.21
fold2_room1_mix0889,72,5,0,36,12,3.91
fold2_room1_mix0889,73,4,0,-95,-2,10.34
fold2_room1_mix0889,73,5,0,38,14,3.57
fold2_room1_mix0889,74,4,0,-99,-2,9.78
fold2_room1_mix0889,74,5,0,36,11,4.16
fold2_room1_mix0889,75,4,0,-101,-2,10.35
fold2_room1_mix0889,75,5,0,37,11,3.93
fold2_room1_mix0889,76,4,0,-104,-2,10.86
fold2_room1_mix0889,76,5,0,36,11,4.21
fold2_room1_mix0889,77,4,0,-108,-2,10.20
fold2_room1_mix0889,77,5,0,38,11,4.18
fold2_room1_mix0889,78,4,0,-111,-1,10.94
fold2_room1_mix0889,78,5,0,38,11,3.90
fold2_room1_mix0889,79,4,0,-115,-2,11.29
fold2_room1_mix0889,79,5,0,34,9,4.55
fold2_room1_mix0889,80,4,0,-118,-1,10.66
fold2_room1_mix0889,80,5,0,36,11,4.22
fold2_room1_mix0889,81,4,0,-122,-1,7.34
fold2_room1_mix0889,81,5,0,36,12,3.80
fold2_room1_mix0889,82,4,0,-124,-1,9.72
fold2_room1_mix0889,82,5,0,34,11,4.32
fold2_room1_mix0889,83,4,0,-123,-1,10.39
fold2_room1_mix0889,83,5,0,33,8,5.13
fold2_room1_mix0889,84,4,0,-123,-1,7.08
fold2_room1_mix0889,84,5,0,33,10,4.31
fold2_room1_mix0889,85,4,0,-127,-1,6.67
fold2_room1_mix0889,85,5,0,33,10,4.48
fold2_room1_mix0889,86,4,0,-128,0,4.24
fold2_room1_mix0889,86,5,0,33,10,4.71
fold2_room1_mix0889,87,5,0,29,9,5.01
fold2_room1_mix0889,88,5,0,31,9,5.11
fold2_room1_mix0889,89,5,0,32,10,4.93
fold2_room1_mix0889,90,5,0,31,9,5.06
fold2_room1_mix0889,91,5,0,33,9,5.09
fold2_room1_mix0889,92,5,0,31,9,5.22
fold2_room1_mix0889,93,5,0,31,9,5.17
fold2_room1_mix0889,94,5,0,32,9,4.81
fold2_room1_mix0889,95,5,0,31,9,5.06
fold2_room1_mix0889,96,5,0,32,9,4.89
fold2_room1_mix0889,97,5,0,29,8,5.52
fold2_room1_mix0889,98,5,0,31,8,5.26
fold2_room1_mix0889,99,5,0,31,9,5.10
fold2_room1_mix0892,33,4,0,3,0,9.43
fold2_room1_mix0892,34,4,0,6,0,15.52
fold2_room1_mix0892,35,4,0,6,-1,20.63
fold2_room1_mix0892,36,4,0,7,-1,19.68
fold2_room1_mix0892,37,4,0,6,-1,19.76
fold2_room1_mix0892,38,4,0,5,-1,18.96
fold2_room1_mix0892,39,4,0,9,-1,20.10
fold2_room1_mix0892,40,4,0,9,-1,20.00
fold2_room1_mix0892,41,4,0,10,-2,18.06
fold2_room1_mix0892,42,4,0,11,-2,17.55
fold2_room1_mix0892,43,4,0,9,-2,16.89
fold2_room1_mix0892,44,4,0,10,-2,16.07
fold2_room1_mix0892,45,4,0,9,-2,15.53
fold2_room1_mix0892,46,4,0,10,-2,14.79
fold2_room1_mix0892,47,4,0,12,-2,13.82
fold2_room1_mix0892,48,4,0,16,-2,13.57
fold2_room1_mix0892,49,4,0,12,-2,12.33
fold2_room1_mix0892,50,4,0,13,-2,12.12
fold2_room1_mix0892,51,4,0,16,-3,10.78
fold2_room1_mix0892,52,4,0,17,-3,10.36
fold2_room1_mix0892,53,4,0,18,-3,9.77
fold2_room1_mix0892,54,4,0,18,-3,9.01
fold2_room1_mix0892,55,4,0,20,-4,7.99
fold2_room1_mix0892,56,4,0,22,-4,7.77
fold2_room1_mix0892,57,4,0,22,-4,6.59
fold2_room1_mix0892,58,4,0,25,-4,6.16
fold2_room1_mix0892,59,4,0,27,-4,5.30
fold2_room1_mix0892,60,4,0,29,-6,4.69
fold2_room1_mix0892,61,4,0,32,-6,4.14
fold2_room1_mix0892,62,4,0,36,-7,3.95
fold2_room1_mix0892,63,4,0,47,-7,3.60
fold2_room1_mix0892,64,4,0,60,-8,3.01
fold2_room1_mix0892,65,3,0,-123,-5,11.43
fold2_room1_mix0892,65,4,0,82,-9,3.69
fold2_room1_mix0892,66,3,0,-124,-4,14.85
fold2_room1_mix0892,66,4,0,99,-8,3.58
fold2_room1_mix0892,67,3,0,-129,-4,15.03
fold2_room1_mix0892,67,4,0,117,-7,3.62
fold2_room1_mix0892,68,3,0,-128,-4,14.92
fold2_room1_mix0892,68,4,0,127,-7,4.12
fold2_room1_mix0892,69,3,0,-130,-4,8.74
fold2_room1_mix0892,69,4,0,139,-6,4.24
fold2_room1_mix0892,70,3,0,-122,-4,12.78
fold2_room1_mix0892,70,4,0,143,-4,5.13
fold2_room1_mix0892,71,3,0,-126,-4,13.12
fold2_room1_mix0892,71,4,0,150,-4,5.41
fold2_room1_mix0892,72,3,0,-124,-3,12.78
fold2_room1_mix0892,72,4,0,152,-3,6.06
fold2_room1_mix0892,73,3,0,-131,-3,13.30
fold2_room1_mix0892,73,4,0,157,-3,6.29
fold2_room1_mix0892,74,4,0,159,-3,7.09
fold2_room1_mix0892,75,4,0,160,-3,6.92
fold2_room1_mix0892,76,4,0,161,-2,8.12
fold2_room1_mix0892,77,4,0,162,-3,8.57
fold2_room1_mix0892,78,3,0,-132,-4,17.11
fold2_room1_mix0892,78,4,0,161,-2,10.14
fold2_room1_mix0892,79,3,0,-131,-4,16.13
fold2_room1_mix0892,79,4,0,162,-2,10.32
fold2_room1_mix0892,80,3,0,-132,-4,17.92
fold2_room1_mix0892,80,4,0,164,-2,10.89
fold2_room1_mix0892,81,3,0,-128,-3,15.39
fold2_room1_mix0892,81,4,0,165,-2,11.42
fold2_room1_mix0892,82,3,0,-125,-3,17.49
fold2_room1_mix0892,82,4,0,166,-2,10.49
fold2_room1_mix0892,83,3,0,-124,-3,18.29
fold2_room1_mix0892,83,4,0,166,-1,11.33
fold2_room1_mix0892,84,4,0,169,-1,11.90
fold2_room1_mix0892,85,4,0,169,-2,12.25
fold2_room1_mix0892,86,4,0,168,-2,13.50
fold2_room1_mix0892,87,4,0,169,-1,14.55
fold2_room1_mix0892,88,4,0,170,-1,15.03
fold2_room1_mix0892,89,4,0,171,-1,15.82
fold2_room1_mix0892,90,4,0,172,-1,16.76
fold2_room1_mix0892,91,4,0,171,-1,17.59
fold2_room1_mix0892,92,4,0,172,-1,17.70
fold2_room1_mix0892,93,4,0,171,-1,17.46
fold2_room1_mix0892,94,4,0,173,0,13.78
fold2_room1_mix0892,95,4,0,171,0,18.00
fold2_room1_mix0892,96,4,0,171,0,15.37
fold2_room1_mix0892,97,4,0,171,0,8.15
fold2_room1_mix0892,98,4,0,173,0,4.24
fold2_room1_mix0893,1,4,0,-179,0,0.80
fold2_room1_mix0893,2,4,0,179,2,1.22
fold2_room1_mix0893,3,4,0,-174,0,6.48
fold2_room1_mix0893,4,4,0,-175,0,11.66
fold2_room1_mix0893,5,4,0,-176,0,13.56
fold2_room1_mix0893,6,4,0,-176,0,15.16
fold2_room1_mix0893,7,4,0,-174,0,20.61
fold2_room1_mix0893,8,4,0,-173,-1,20.25
fold2_room1_mix0893,9,4,0,-175,0,19.66
fold2_room1_mix0893,10,4,0,-175,-1,19.10
fold2_room1_mix0893,11,4,0,-173,-1,18.38
fold2_room1_mix0893,12,4,0,-174,-1,18.06
fold2_room1_mix0893,13,4,0,-172,-1,17.73
fold2_room1_mix0893,14,4,0,-172,-1,17.23
fold2_room1_mix0893,15,4,0,-171,-1,17.78
fold2_room1_mix0893,16,4,0,-170,-1,16.25
fold2_room1_mix0893,17,4,0,-170,-1,16.43
fold2_room1_mix0893,18,4,0,-170,-1,16.05
fold2_room1_mix0893,19,4,0,-169,-1,15.67
fold2_room1_mix0893,20,4,0,-169,-1,15.56
fold2_room1_mix0893,21,4,0,-168,-1,15.42
fold2_room1_mix0893,22,4,0,-168,-1,14.21
fold2_room1_mix0893,23,4,0,-168,-1,13.20
fold2_room1_mix0893,24,4,0,-166,-1,12.53
fold2_room1_mix0893,25,4,0,-166,-1,12.63
fold2_room1_mix0893,26,4,0,-166,-2,11.74
fold2_room1_mix0893,27,4,0,-166,-2,11.89
fold2_room1_mix0893,28,4,0,-166,-2,11.22
fold2_room1_mix0893,29,4,0,-165,-2,11.02
fold2_room1_mix0893,30,4,0,-164,-2,10.72
fold2_room1_mix0893,31,4,0,-164,-2,10.35
fold2_room1_mix0893,32,4,0,-161,-3,9.29
fold2_room1_mix0893,33,4,0,-161,-3,8.98
fold2_room1_mix0893,34,4,0,-170,-5,7.20
fold2_room1_mix0893,34,4,0,-149,-1,11.17
fold2_room1_mix0893,35,4,0,-167,-6,6.28
fold2_room1_mix0893,35,4,0,-147,-1,11.29
fold2_room1_mix0893,36,4,0,-167,-6,5.95
fold2_room1_mix0893,36,4,0,-145,-2,8.93
fold2_room1_mix0893,37,4,0,-165,-7,5.36
fold2_room1_mix0893,37,4,0,-143,-2,8.68
fold2_room1_mix0893,38,4,0,-160,-8,5.13
fold2_room1_mix0893,38,4,0,-139,-3,7.38
fold2_room1_mix0893,39,4,0,-165,-5,7.92
fold2_room1_mix0893,39,4,0,-141,-7,4.52
fold2_room1_mix0893,40,4,0,-172,-2,9.37
fold2_room1_mix0893,40,4,0,-126,-9,2.75
fold2_room1_mix0893,41,4,0,-166,-3,8.36
fold2_room1_mix0893,41,4,0,-63,-12,2.02
fold2_room1_mix0893,42,4,0,-169,-2,7.82
fold2_room1_mix0893,42,4,0,-70,-9,2.77
fold2_room1_mix0893,42,4,0,-45,-8,2.10
fold2_room1_mix0893,43,4,0,-160,-3,7.28
fold2_room1_mix0893,43,4,0,-136,-5,4.31
fold2_room1_mix0893,43,4,0,-40,-8,2.37
fold2_room1_mix0893,44,4,0,-151,-3,6.34
fold2_room1_mix0893,44,4,0,-131,-7,3.64
fold2_room1_mix0893,44,4,0,-33,-7,2.89
fold2_room1_mix0893,45,4,0,-140,-5,5.22
fold2_room1_mix0893,45,4,0,-32,-8,2.72
fold2_room1_mix0893,46,4,0,-135,-5,5.83
fold2_room1_mix0893,46,4,0,-84,-11,3.42
fold2_room1_mix0893,46,4,0,-33,-8,2.61
fold2_room1_mix0893,47,4,0,-133,-4,7.21
fold2_room1_mix0893,47,4,0,-75,-11,3.22
fold2_room1_mix0893,47,4,0,-28,-6,3.19
fold2_room1_mix0893,48,4,0,-138,-2,8.47
fold2_room1_mix0893,48,4,0,-75,-11,2.37
fold2_room1_mix0893,48,4,0,-28,-6,3.38
fold2_room1_mix0893,49,4,0,-127,-3,8.65
fold2_room1_mix0893,49,4,0,-66,-10,2.49
fold2_room1_mix0893,49,4,0,-24,-6,3.76
fold2_room1_mix0893,50,4,0,-111,-5,7.41
fold2_room1_mix0893,50,4,0,-52,-10,2.62
fold2_room1_mix0893,50,4,0,-19,-5,5.02
fold2_room1_mix0893,51,4,0,-58,-7,5.12
fold2_room1_mix0893,51,4,0,-34,-7,4.13
fold2_room1_mix0893,51,4,0,-14,-4,6.38
fold2_room1_mix0893,52,4,0,-37,-6,4.61
fold2_room1_mix0893,52,4,0,-7,-3,7.36
fold2_room1_mix0893,53,4,0,-43,-7,4.10
fold2_room1_mix0893,53,4,0,-14,-3,8.17
fold2_room1_mix0893,54,4,0,-37,-8,3.25
fold2_room1_mix0893,54,4,0,-13,-2,9.66
fold2_room1_mix0893,55,4,0,-23,-4,7.12
fold2_room1_mix0893,56,4,0,-33,-7,4.33
fold2_room1_mix0893,56,4,0,-15,-3,9.05
fold2_room1_mix0893,57,4,0,-20,-4,8.16
fold2_room1_mix0893,58,4,0,-18,-4,8.37
fold2_room1_mix0893,59,4,0,-16,-3,9.93
fold2_room1_mix0893,60,4,0,-15,-3,10.20
fold2_room1_mix0893,61,4,0,-14,-3,10.54
fold2_room1_mix0893,62,4,0,-15,-3,10.58
fold2_room1_mix0893,63,4,0,-13,-2,11.23
fold2_room1_mix0893,64,4,0,-12,-2,11.57
fold2_room1_mix0893,65,4,0,-11,-2,13.58
fold2_room1_mix0893,66,4,0,-10,-2,13.77
fold2_room1_mix0893,67,4,0,-10,-2,14.29
fold2_room1_mix0893,68,4,0,-10,-2,14.27
fold2_room1_mix0893,69,4,0,-9,-2,14.79
fold2_room1_mix0893,70,4,0,-8,-2,14.98
fold2_room1_mix0893,71,4,0,-8,-2,16.08
fold2_room1_mix0893,72,4,0,-7,-2,16.14
fold2_room1_mix0893,73,4,0,-7,-2,16.93
fold2_room1_mix0893,74,4,0,-8,-2,15.87
fold2_room1_mix0893,75,4,0,-7,-2,16.16
fold2_room1_mix0893,76,4,0,-7,-2,17.16
fold2_room1_mix0893,77,4,0,-6,-1,19.06
fold2_room1_mix0893,78,4,0,-7,-1,18.75
fold2_room1_mix0893,79,4,0,-6,-2,19.85
fold2_room1_mix0893,80,4,0,-6,-1,19.36
fold2_room1_mix0893,81,4,0,-6,-1,20.43
fold2_room1_mix0893,82,4,0,-6,-2,19.80
fold2_room1_mix0893,83,4,0,-6,-1,20.70
fold2_room1_mix0893,84,4,0,-6,-1,20.92
fold2_room1_mix0893,85,4,0,-5,-1,21.84
fold2_room1_mix0893,86,4,0,-5,-1,21.96
fold2_room1_mix0893,87,4,0,-5,-1,23.13
fold2_room1_mix0893,88,4,0,-4,-1,23.00
fold2_room1_mix0893,89,4,0,-4,-1,23.72
fold2_room1_mix0893,90,4,0,-5,-1,23.46
fold2_room1_mix0893,91,4,0,-4,-1,25.77
fold2_room1_mix0893,92,4,0,-4,-1,25.92
fold2_room1_mix0893,93,4,0,-5,0,26.07
fold2_room1_mix0893,94,4,0,-5,-1,25.10
fold2_room1_mix0893,95,4,0,-4,0,27.16
fold2_room1_mix0893,96,4,0,-5,0,26.83
fold2_room1_mix0893,97,4,0,-4,0,28.86
fold2_room1_mix0893,98,4,0,-4,-1,28.45
fold2_room1_mix0893,99,4,0,-3,0,26.63
fold2_room1_mix0894,19,4,0,-6,-2,8.32
fold2_room1_mix0894,20,4,0,-6,-2,9.27
fold2_room1_mix0894,21,4,0,-7,-3,11.38
fold2_room1_mix0894,22,4,0,-3,-2,10.53
fold2_room1_mix0894,23,4,0,0,-3,12.19
fold2_room1_mix0894,24,4,0,-3,-3,11.32
fold2_room1_mix0894,25,4,0,-4,-3,11.45
fold2_room1_mix0894,26,4,0,-3,-3,10.83
fold2_room1_mix0894,27,4,0,-4,-3,10.57
fold2_room1_mix0894,28,4,0,-4,-4,9.78
fold2_room1_mix0894,29,4,0,-5,-3,9.53
fold2_room1_mix0894,30,4,0,-6,-4,9.31
fold2_room1_mix0894,31,4,0,-6,-3,8.67
fold2_room1_mix0894,32,4,0,-8,-4,8.03
fold2_room1_mix0894,33,4,0,-8,-4,7.50
fold2_room1_mix0894,34,4,0,-9,-5,6.99
fold2_room1_mix0894,35,4,0,-9,-4,6.64
fold2_room1_mix0894,36,4,0,-9,-5,5.98
fold2_room1_mix0894,37,4,0,-9,-5,5.57
fold2_room1_mix0894,38,4,0,-11,-4,5.33
fold2_room1_mix0894,39,4,0,-13,-5,4.71
fold2_room1_mix0894,40,4,0,-12,-5,4.61
fold2_room1_mix0894,41,4,0,-17,-6,3.94
fold2_room1_mix0894,42,4,0,-18,-7,3.47
fold2_room1_mix0894,43,4,0,-22,-7,3.06
fold2_room1_mix0894,44,4,0,-27,-8,2.30
fold2_room1_mix0894,45,4,0,-34,-10,1.88
fold2_room1_mix0894,46,4,0,-46,-10,1.39
fold2_room1_mix0894,47,4,0,-69,-11,1.20
fold2_room1_mix0894,48,4,0,-106,-10,0.91
fold2_room1_mix0894,49,4,0,-128,-9,1.27
fold2_room1_mix0894,50,4,0,-144,-6,1.72
fold2_room1_mix0894,51,4,0,-149,-5,2.12
fold2_room1_mix0894,52,4,0,-154,-5,2.65
fold2_room1_mix0894,53,4,0,-159,-5,2.95
fold2_room1_mix0894,54,4,0,-162,-4,3.33
fold2_room1_mix0894,55,4,0,-163,-4,3.31
fold2_room1_mix0894,56,4,0,-167,-4,3.99
fold2_room1_mix0894,57,4,0,-166,-3,4.40
fold2_room1_mix0894,58,4,0,-167,-3,4.61
fold2_room1_mix0894,59,4,0,-169,-3,5.34
fold2_room1_mix0894,60,4,0,-169,-3,5.74
fold2_room1_mix0894,61,4,0,-170,-2,5.99
fold2_room1_mix0894,62,4,0,-171,-2,6.02
fold2_room1_mix0894,63,4,0,-171,-2,6.51
fold2_room1_mix0894,64,4,0,-171,-3,6.30
fold2_room1_mix0894,65,4,0,-170,-3,5.30
fold2_room1_mix0894,66,4,0,-169,-5,4.59
fold2_room1_mix0894,67,4,0,-165,-6,3.35
fold2_room1_mix0894,68,4,0,-155,-8,2.48
fold2_room1_mix0894,69,4,0,-155,-7,3.89
fold2_room1_mix0894,69,4,0,-119,-16,0.86
fold2_room1_mix0894,71,4,0,-35,-8,1.30
fold2_room1_mix0894,72,4,0,-167,-1,4.71
fold2_room1_mix0894,72,4,0,-22,-5,1.92
fold2_room1_mix0894,73,4,0,-170,-1,6.33
fold2_room1_mix0894,73,4,0,-21,-5,2.76
fold2_room1_mix0894,74,4,0,-178,-1,6.75
fold2_room1_mix0894,74,4,0,-18,-5,2.85
fold2_room1_mix0894,75,4,0,-175,0,6.84
fold2_room1_mix0894,75,4,0,-12,-3,3.57
fold2_room1_mix0894,76,4,0,-177,0,8.39
fold2_room1_mix0894,76,4,0,-11,-3,4.35
fold2_room1_mix0894,78,4,0,-7,-3,6.08
fold2_room1_mix0894,81,4,0,-8,-2,6.77
fold2_room1_mix0894,82,4,0,-7,-2,7.32
fold2_room1_mix0894,83,4,0,-7,-1,7.22
fold2_room1_mix0894,70,4,0,-52,-14,0.88
fold2_room1_mix0894,77,4,0,-10,-3,4.61
fold2_room1_mix0894,79,4,0,-10,-2,5.56
fold2_room1_mix0894,80,4,0,-9,-2,6.33
fold2_room1_mix0895,2,4,0,176,0,1.04
fold2_room1_mix0895,3,4,0,-178,0,5.77
fold2_room1_mix0895,4,4,0,175,0,15.99
fold2_room1_mix0895,5,4,0,177,0,15.81
fold2_room1_mix0895,6,4,0,178,0,18.96
fold2_room1_mix0895,7,4,0,-179,-1,25.17
fold2_room1_mix0895,8,4,0,177,-1,25.74
fold2_room1_mix0895,9,4,0,177,0,26.30
fold2_room1_mix0895,10,4,0,179,0,23.67
fold2_room1_mix0895,11,4,0,179,0,23.27
fold2_room1_mix0895,12,4,0,177,0,23.66
fold2_room1_mix0895,13,4,0,178,0,21.90
fold2_room1_mix0895,14,4,0,176,0,22.69
fold2_room1_mix0895,15,4,0,179,-1,21.93
fold2_room1_mix0895,16,4,0,178,-1,20.82
fold2_room1_mix0895,17,4,0,176,0,21.15
fold2_room1_mix0895,18,4,0,177,-1,20.57
fold2_room1_mix0895,19,4,0,178,-1,20.10
fold2_room1_mix0895,20,4,0,177,0,20.83
fold2_room1_mix0895,21,4,0,177,-1,19.33
fold2_room1_mix0895,22,4,0,177,-1,19.03
fold2_room1_mix0895,23,4,0,176,-1,17.68
fold2_room1_mix0895,24,4,0,179,-1,17.20
fold2_room1_mix0895,25,4,0,179,-1,16.66
fold2_room1_mix0895,26,4,0,178,-1,16.04
fold2_room1_mix0895,27,4,0,178,-1,16.62
fold2_room1_mix0895,28,4,0,177,-1,16.46
fold2_room1_mix0895,29,4,0,179,-2,14.57
fold2_room1_mix0895,30,4,0,178,-2,13.98
fold2_room1_mix0895,31,4,0,177,-2,14.21
fold2_room1_mix0895,32,4,0,177,-2,13.61
fold2_room1_mix0895,33,4,0,177,-2,13.41
fold2_room1_mix0895,34,4,0,177,-2,12.88
fold2_room1_mix0895,35,4,0,177,-2,12.83
fold2_room1_mix0895,36,4,0,175,-2,12.93
fold2_room1_mix0895,37,4,0,177,-2,11.52
fold2_room1_mix0895,38,4,0,176,-2,11.59
fold2_room1_mix0895,39,4,0,174,-2,11.61
fold2_room1_mix0895,40,4,0,175,-3,10.78
fold2_room1_mix0895,41,4,0,177,-3,10.76
fold2_room1_mix0895,42,4,0,173,-3,9.79
fold2_room1_mix0895,43,4,0,173,-3,9.52
fold2_room1_mix0895,44,4,0,174,-3,9.46
fold2_room1_mix0895,45,4,0,173,-3,8.72
fold2_room1_mix0895,46,4,0,172,-4,8.18
fold2_room1_mix0895,47,4,0,170,-4,7.89
fold2_room1_mix0895,48,4,0,171,-4,7.16
fold2_room1_mix0895,49,4,0,169,-4,6.90
fold2_room1_mix0895,50,4,0,169,-4,6.36
fold2_room1_mix0895,51,4,0,167,-5,6.01
fold2_room1_mix0895,52,4,0,165,-5,5.56
fold2_room1_mix0895,53,4,0,164,-6,5.35
fold2_room1_mix0895,54,4,0,161,-7,4.26
fold2_room1_mix0895,55,4,0,158,-7,3.88
fold2_room1_mix0895,56,4,0,155,-7,3.17
fold2_room1_mix0895,57,4,0,153,-9,2.84
fold2_room1_mix0895,58,4,0,146,-9,2.36
fold2_room1_mix0895,59,4,0,140,-10,1.90
fold2_room1_mix0895,60,4,0,122,-10,1.74
fold2_room1_mix0895,61,4,0,93,-10,1.43
fold2_room1_mix0895,62,4,0,70,-8,1.50
fold2_room1_mix0895,63,4,0,54,-6,1.61
fold2_room1_mix0895,64,4,0,44,-5,1.77
fold2_room1_mix0895,65,4,0,33,-4,2.12
fold2_room1_mix0895,66,4,0,29,-4,2.41
fold2_room1_mix0895,67,4,0,25,-4,2.96
fold2_room1_mix0895,68,4,0,22,-3,3.41
fold2_room1_mix0895,69,4,0,19,-3,3.47
fold2_room1_mix0895,70,4,0,16,-3,3.99
fold2_room1_mix0895,71,4,0,16,-2,4.36
fold2_room1_mix0895,72,4,0,15,-2,5.12
fold2_room1_mix0895,73,4,0,13,-2,5.57
fold2_room1_mix0895,74,4,0,12,-2,5.66
fold2_room1_mix0895,75,4,0,13,-2,6.40
fold2_room1_mix0895,76,4,0,11,-2,7.07
fold2_room1_mix0895,77,4,0,10,-2,7.15
fold2_room1_mix0895,78,4,0,11,-2,8.02
fold2_room1_mix0895,79,4,0,10,-2,8.14
fold2_room1_mix0895,80,4,0,9,-2,8.55
fold2_room1_mix0895,81,4,0,9,-2,9.21
fold2_room1_mix0895,82,4,0,8,-2,9.31
fold2_room1_mix0895,83,4,0,7,-2,9.83
fold2_room1_mix0895,84,4,0,8,-2,10.71
fold2_room1_mix0895,85,4,0,7,-2,10.80
fold2_room1_mix0895,86,4,0,6,-2,11.44
fold2_room1_mix0895,87,4,0,7,-2,11.74
fold2_room1_mix0895,88,4,0,8,-1,12.55
fold2_room1_mix0895,89,4,0,7,-1,12.92
fold2_room1_mix0895,90,4,0,7,-1,12.91
fold2_room1_mix0895,91,4,0,8,-1,14.42
fold2_room1_mix0895,92,4,0,7,-1,14.83
fold2_room1_mix0895,93,4,0,6,-1,13.80
fold2_room1_mix0895,94,4,0,6,-1,14.80
fold2_room1_mix0895,95,4,0,6,-1,14.81
fold2_room1_mix0895,96,4,0,6,-1,15.41
fold2_room1_mix0895,97,4,0,7,-1,16.61
fold2_room1_mix0895,98,4,0,5,-1,16.83
fold2_room1_mix0895,99,4,0,5,-1,16.72
fold2_room1_mix0896,0,5,0,-162,5,3.21
fold2_room1_mix0896,1,5,0,-163,4,3.88
fold2_room1_mix0896,2,4,0,179,1,1.92
fold2_room1_mix0896,2,4,0,0,2,2.25
fold2_room1_mix0896,2,5,0,-157,4,6.34
fold2_room1_mix0896,3,4,0,-176,1,6.82
fold2_room1_mix0896,3,4,0,1,2,6.77
fold2_room1_mix0896,3,5,0,-163,6,3.14
fold2_room1_mix0896,4,4,0,-174,0,17.43
fold2_room1_mix0896,4,4,0,1,0,16.65
fold2_room1_mix0896,5,4,0,-175,0,16.89
fold2_room1_mix0896,5,4,0,3,0,17.14
fold2_room1_mix0896,5,5,0,-160,5,8.05
fold2_room1_mix0896,6,4,0,-178,0,23.08
fold2_room1_mix0896,6,4,0,4,0,21.81
fold2_room1_mix0896,6,5,0,-156,5,8.43
fold2_room1_mix0896,7,4,0,-177,-1,30.01
fold2_room1_mix0896,7,4,0,4,0,28.88
fold2_room1_mix0896,7,5,0,-157,5,7.87
fold2_room1_mix0896,8,4,0,-175,-1,32.68
fold2_room1_mix0896,8,4,0,4,0,31.57
fold2_room1_mix0896,8,5,0,-160,5,6.21
fold2_room1_mix0896,9,4,0,-174,-1,29.79
fold2_room1_mix0896,9,4,0,3,-1,26.83
fold2_room1_mix0896,9,5,0,-158,5,8.00
fold2_room1_mix0896,10,4,0,-175,-1,29.57
fold2_room1_mix0896,10,4,0,5,-1,28.48
fold2_room1_mix0896,10,5,0,-158,5,7.24
fold2_room1_mix0896,11,4,0,-175,0,31.34
fold2_room1_mix0896,11,4,0,4,-1,28.19
fold2_room1_mix0896,11,5,0,-155,5,6.91
fold2_room1_mix0896,12,4,0,-176,-1,27.85
fold2_room1_mix0896,12,4,0,4,-1,24.88
fold2_room1_mix0896,12,5,0,-152,5,6.83
fold2_room1_mix0896,13,4,0,-174,-1,28.97
fold2_room1_mix0896,13,4,0,4,-1,25.73
fold2_room1_mix0896,13,5,0,-159,6,6.65
fold2_room1_mix0896,14,4,0,-174,-1,30.92
fold2_room1_mix0896,14,4,0,2,-1,26.31
fold2_room1_mix0896,14,5,0,-156,6,7.11
fold2_room1_mix0896,15,4,0,-175,-1,29.18
fold2_room1_mix0896,15,4,0,4,-2,24.87
fold2_room1_mix0896,15,5,0,-151,6,7.22
fold2_room1_mix0896,16,4,0,-171,-1,27.21
fold2_room1_mix0896,16,4,0,2,-2,23.58
fold2_room1_mix0896,16,5,0,-156,6,6.08
fold2_room1_mix0896,17,4,0,-172,-1,28.47
fold2_room1_mix0896,17,4,0,1,-1,23.27
fold2_room1_mix0896,17,5,0,-157,6,6.78
fold2_room1_mix0896,18,4,0,-172,-1,29.32
fold2_room1_mix0896,18,4,0,1,-1,23.07
fold2_room1_mix0896,18,5,0,-157,6,6.78
fold2_room1_mix0896,19,4,0,-171,-1,28.78
fold2_room1_mix0896,19,4,0,0,-2,21.59
fold2_room1_mix0896,19,5,0,-155,6,6.05
fold2_room1_mix0896,20,4,0,-172,-1,27.50
fold2_room1_mix0896,20,4,0,1,-2,20.52
fold2_room1_mix0896,20,5,0,-154,6,7.15
fold2_room1_mix0896,21,4,0,-169,-1,27.08
fold2_room1_mix0896,21,4,0,0,-2,20.17
fold2_room1_mix0896,21,5,0,-153,5,7.43
fold2_room1_mix0896,22,4,0,-170,-1,26.36
fold2_room1_mix0896,22,4,0,1,-1,20.55
fold2_room1_mix0896,22,5,0,-157,6,6.80
fold2_room1_mix0896,23,4,0,-170,-1,23.39
fold2_room1_mix0896,23,4,0,0,-2,17.60
fold2_room1_mix0896,23,5,0,-156,5,7.86
fold2_room1_mix0896,24,4,0,-169,-1,23.98
fold2_room1_mix0896,24,4,0,1,-2,18.20
fold2_room1_mix0896,24,5,0,-155,6,7.22
fold2_room1_mix0896,25,4,0,-168,-1,23.22
fold2_room1_mix0896,25,4,0,0,-2,16.95
fold2_room1_mix0896,25,5,0,-157,5,7.43
fold2_room1_mix0896,26,4,0,-167,-1,21.53
fold2_room1_mix0896,26,4,0,1,-2,16.00
fold2_room1_mix0896,26,5,0,-159,6,7.24
fold2_room1_mix0896,27,4,0,-167,-1,22.97
fold2_room1_mix0896,27,4,0,-1,-2,17.08
fold2_room1_mix0896,27,5,0,-157,6,7.42
fold2_room1_mix0896,28,4,0,-166,-1,21.27
fold2_room1_mix0896,28,4,0,0,-2,15.71
fold2_room1_mix0896,28,5,0,-158,6,7.44
fold2_room1_mix0896,29,4,0,-165,-1,20.15
fold2_room1_mix0896,29,4,0,0,-2,13.99
fold2_room1_mix0896,29,5,0,-158,6,7.18
fold2_room1_mix0896,30,4,0,-165,-1,20.96
fold2_room1_mix0896,30,4,0,-2,-2,14.37
fold2_room1_mix0896,30,5,0,-158,5,7.67
fold2_room1_mix0896,31,4,0,-162,-1,18.80
fold2_room1_mix0896,31,4,0,0,-3,13.49
fold2_room1_mix0896,31,5,0,-155,5,7.85
fold2_room1_mix0896,32,4,0,-159,-1,18.16
fold2_room1_mix0896,32,4,0,-1,-3,12.29
fold2_room1_mix0896,32,5,0,-158,7,6.73
fold2_room1_mix0896,33,4,0,-158,-1,19.65
fold2_room1_mix0896,33,4,0,0,-3,11.81
fold2_room1_mix0896,33,5,0,-159,6,7.72
fold2_room1_mix0896,34,4,0,-162,-1,19.12
fold2_room1_mix0896,34,4,0,0,-3,11.93
fold2_room1_mix0896,34,5,0,-158,6,7.40
fold2_room1_mix0896,35,4,0,-158,-1,18.12
fold2_room1_mix0896,35,4,0,-1,-4,11.21
fold2_room1_mix0896,35,5,0,-158,6,6.47
fold2_room1_mix0896,36,4,0,-155,-2,15.39
fold2_room1_mix0896,36,4,0,0,-4,9.93
fold2_room1_mix0896,36,5,0,-158,6,7.28
fold2_room1_mix0896,37,4,0,-152,-2,15.03
fold2_room1_mix0896,37,4,0,2,-4,9.60
fold2_room1_mix0896,37,5,0,-157,6,6.78
fold2_room1_mix0896,38,4,0,-148,-1,13.60
fold2_room1_mix0896,38,4,0,2,-4,8.25
fold2_room1_mix0896,38,5,0,-160,7,6.56
fold2_room1_mix0896,39,4,0,-145,-2,13.32
fold2_room1_mix0896,39,4,0,7,-5,8.37
fold2_room1_mix0896,39,5,0,-154,6,6.86
fold2_room1_mix0896,40,4,0,-144,-2,12.17
fold2_room1_mix0896,40,4,0,8,-5,7.73
fold2_room1_mix0896,40,5,0,-157,6,6.97
fold2_room1_mix0896,41,4,0,-139,-2,12.67
fold2_room1_mix0896,41,4,0,9,-6,6.17
fold2_room1_mix0896,41,5,0,-159,6,7.50
fold2_room1_mix0896,42,4,0,-126,-2,11.09
fold2_room1_mix0896,42,4,0,12,-7,5.17
fold2_room1_mix0896,42,5,0,-160,7,6.57
fold2_room1_mix0896,43,4,0,-138,-2,12.05
fold2_room1_mix0896,43,4,0,12,-6,5.62
fold2_room1_mix0896,43,5,0,-156,6,6.90
fold2_room1_mix0896,44,4,0,-117,-3,9.82
fold2_room1_mix0896,44,4,0,17,-8,4.45
fold2_room1_mix0896,44,5,0,-160,6,6.83
fold2_room1_mix0896,45,4,0,-127,-1,11.90
fold2_room1_mix0896,45,4,0,16,-7,3.96
fold2_room1_mix0896,45,5,0,-156,6,6.48
fold2_room1_mix0896,46,4,0,-101,0,10.70
fold2_room1_mix0896,46,4,0,21,-9,2.98
fold2_room1_mix0896,46,5,0,-160,6,7.05
fold2_room1_mix0896,47,4,0,-106,0,12.01
fold2_room1_mix0896,47,4,0,22,-9,2.85
fold2_room1_mix0896,47,5,0,-154,6,7.31
fold2_room1_mix0896,48,4,0,-105,1,12.96
fold2_room1_mix0896,48,4,0,31,-9,2.31
fold2_room1_mix0896,48,5,0,-157,7,6.36
fold2_room1_mix0896,49,4,0,-74,-2,8.76
fold2_room1_mix0896,49,4,0,45,-14,1.47
fold2_room1_mix0896,49,4,0,26,-11,2.41
fold2_room1_mix0896,49,5,0,-156,7,6.54
fold2_room1_mix0896,50,4,0,67,-13,1.74
fold2_room1_mix0896,50,4,0,-50,-3,6.14
fold2_room1_mix0896,50,5,0,-157,7,8.58
fold2_room1_mix0896,51,4,0,103,-13,1.56
fold2_room1_mix0896,51,4,0,-67,-1,8.69
fold2_room1_mix0896,51,5,0,-154,7,7.78
fold2_room1_mix0896,52,4,0,133,-8,2.06
fold2_room1_mix0896,52,4,0,-39,-1,8.71
fold2_room1_mix0896,52,5,0,-154,8,7.16
fold2_room1_mix0896,53,4,0,174,-7,4.17
fold2_room1_mix0896,53,4,0,143,-7,2.25
fold2_room1_mix0896,53,4,0,-55,-2,7.70
fold2_room1_mix0896,53,5,0,-155,7,8.20
fold2_room1_mix0896,54,4,0,173,-7,4.01
fold2_room1_mix0896,54,4,0,147,-5,2.75
fold2_room1_mix0896,54,4,0,-55,-2,6.69
fold2_room1_mix0896,54,5,0,-157,7,8.91
fold2_room1_mix0896,55,4,0,161,-6,3.86
fold2_room1_mix0896,55,4,0,-53,-2,9.59
fold2_room1_mix0896,55,5,0,-153,7,9.45
fold2_room1_mix0896,56,4,0,167,-6,4.42
fold2_room1_mix0896,56,4,0,-48,-1,10.90
fold2_room1_mix0896,56,5,0,-155,7,9.42
fold2_room1_mix0896,57,4,0,172,-5,5.14
fold2_room1_mix0896,57,4,0,-52,-1,11.16
fold2_room1_mix0896,57,5,0,-155,8,9.09
fold2_room1_mix0896,58,4,0,175,-5,6.17
fold2_room1_mix0896,58,4,0,-47,-1,12.48
fold2_room1_mix0896,58,5,0,-156,7,8.78
fold2_room1_mix0896,59,4,0,176,-4,7.58
fold2_room1_mix0896,59,4,0,-45,-1,13.60
fold2_room1_mix0896,59,5,0,-155,7,8.44
fold2_room1_mix0896,60,4,0,176,-4,6.78
fold2_room1_mix0896,60,4,0,-42,-1,13.67
fold2_room1_mix0896,60,5,0,-156,7,8.78
fold2_room1_mix0896,61,4,0,177,-3,7.70
fold2_room1_mix0896,61,4,0,-37,0,14.65
fold2_room1_mix0896,61,5,0,-154,6,9.45
fold2_room1_mix0896,62,4,0,-179,-4,6.88
fold2_room1_mix0896,62,4,0,-31,-2,12.10
fold2_room1_mix0896,62,5,0,-157,7,8.50
fold2_room1_mix0896,63,4,0,178,-4,7.52
fold2_room1_mix0896,63,4,0,-40,-1,14.30
fold2_room1_mix0896,63,5,0,-152,6,8.51
fold2_room1_mix0896,64,4,0,177,-4,7.72
fold2_room1_mix0896,64,4,0,-34,-1,13.78
fold2_room1_mix0896,64,5,0,-157,6,7.81
fold2_room1_mix0896,65,4,0,-177,-4,8.07
fold2_room1_mix0896,65,4,0,-30,-1,15.13
fold2_room1_mix0896,65,5,0,-158,6,8.56
fold2_room1_mix0896,66,4,0,-176,-3,8.34
fold2_room1_mix0896,66,4,0,-32,0,14.89
fold2_room1_mix0896,66,5,0,-156,6,8.48
fold2_room1_mix0896,67,4,0,178,-4,8.38
fold2_room1_mix0896,67,4,0,-27,0,15.94
fold2_room1_mix0896,67,5,0,-156,6,7.90
fold2_room1_mix0896,68,4,0,-179,-4,9.00
fold2_room1_mix0896,68,4,0,-28,-1,17.74
fold2_room1_mix0896,68,5,0,-156,6,8.38
fold2_room1_mix0896,69,4,0,-177,-2,12.58
fold2_room1_mix0896,69,4,0,-32,0,21.97
fold2_room1_mix0896,69,5,0,-154,5,8.28
fold2_room1_mix0896,70,4,0,-178,-3,10.11
fold2_room1_mix0896,70,4,0,-24,0,19.31
fold2_room1_mix0896,70,5,0,-158,6,7.91
fold2_room1_mix0896,71,4,0,179,-2,11.76
fold2_room1_mix0896,71,4,0,-27,0,19.59
fold2_room1_mix0896,71,5,0,-154,5,8.71
fold2_room1_mix0896,72,4,0,-179,-3,11.98
fold2_room1_mix0896,72,4,0,-21,-1,20.51
fold2_room1_mix0896,72,5,0,-157,5,8.47
fold2_room1_mix0896,73,4,0,179,-2,12.55
fold2_room1_mix0896,73,4,0,-23,0,20.07
fold2_room1_mix0896,73,5,0,-157,5,8.55
fold2_room1_mix0896,74,4,0,177,-2,14.42
fold2_room1_mix0896,74,4,0,-25,0,26.13
fold2_room1_mix0896,74,5,0,-157,6,7.83
fold2_room1_mix0896,75,4,0,177,-2,15.74
fold2_room1_mix0896,75,4,0,-17,0,25.37
fold2_room1_mix0896,75,5,0,-156,5,8.48
fold2_room1_mix0896,76,4,0,-178,-2,15.65
fold2_room1_mix0896,76,4,0,-19,0,25.73
fold2_room1_mix0896,76,5,0,-156,5,8.39
fold2_room1_mix0896,77,4,0,178,-2,16.33
fold2_room1_mix0896,77,4,0,-20,0,28.59
fold2_room1_mix0896,77,5,0,-155,6,7.00
fold2_room1_mix0896,78,4,0,-179,-2,16.70
fold2_room1_mix0896,78,4,0,-17,0,26.44
fold2_room1_mix0896,78,5,0,-155,6,7.32
fold2_room1_mix0896,79,4,0,179,-2,17.26
fold2_room1_mix0896,79,4,0,-16,0,30.97
fold2_room1_mix0896,79,5,0,-155,6,7.98
fold2_room1_mix0896,80,4,0,177,-2,17.27
fold2_room1_mix0896,80,4,0,-16,0,29.88
fold2_room1_mix0896,80,5,0,-158,6,7.41
fold2_room1_mix0896,81,4,0,177,-2,19.00
fold2_room1_mix0896,81,4,0,-17,0,30.15
fold2_room1_mix0896,81,5,0,-155,7,7.10
fold2_room1_mix0896,82,4,0,177,-2,19.49
fold2_room1_mix0896,82,4,0,-16,0,32.59
fold2_room1_mix0896,82,5,0,-153,6,7.71
fold2_room1_mix0896,83,4,0,175,0,21.32
fold2_room1_mix0896,83,4,0,-14,0,33.57
fold2_room1_mix0896,83,5,0,-151,7,6.73
fold2_room1_mix0896,84,4,0,177,-2,23.41
fold2_room1_mix0896,84,4,0,-14,0,34.56
fold2_room1_mix0896,84,5,0,-157,6,7.48
fold2_room1_mix0896,85,4,0,176,0,26.44
fold2_room1_mix0896,85,4,0,-11,0,41.80
fold2_room1_mix0896,85,5,0,-154,6,7.37
fold2_room1_mix0896,86,4,0,178,0,25.13
fold2_room1_mix0896,86,4,0,-9,0,39.24
fold2_room1_mix0896,86,5,0,-153,7,7.58
fold2_room1_mix0896,87,4,0,175,0,23.43
fold2_room1_mix0896,87,4,0,-12,0,34.24
fold2_room1_mix0896,87,5,0,-149,6,7.24
fold2_room1_mix0896,88,4,0,176,0,26.76
fold2_room1_mix0896,88,4,0,-9,0,40.16
fold2_room1_mix0896,88,5,0,-152,6,7.76
fold2_room1_mix0896,89,4,0,175,0,25.54
fold2_room1_mix0896,89,4,0,-10,0,38.43
fold2_room1_mix0896,89,5,0,-153,7,6.70
fold2_room1_mix0896,90,4,0,175,0,27.42
fold2_room1_mix0896,90,4,0,-10,0,41.23
fold2_room1_mix0896,90,5,0,-154,7,7.21
fold2_room1_mix0896,91,4,0,176,0,27.16
fold2_room1_mix0896,91,4,0,-10,0,38.81
fold2_room1_mix0896,91,5,0,-150,7,7.56
fold2_room1_mix0896,92,4,0,175,0,26.00
fold2_room1_mix0896,92,4,0,-9,0,39.77
fold2_room1_mix0896,92,5,0,-150,6,7.38
fold2_room1_mix0896,93,4,0,176,0,25.87
fold2_room1_mix0896,93,4,0,-7,0,39.64
fold2_room1_mix0896,93,5,0,-150,7,7.18
fold2_room1_mix0896,94,4,0,177,0,30.39
fold2_room1_mix0896,94,4,0,-7,0,46.81
fold2_room1_mix0896,94,5,0,-150,6,7.45
fold2_room1_mix0896,95,4,0,177,0,27.49
fold2_room1_mix0896,95,4,0,-7,0,40.50
fold2_room1_mix0896,95,5,0,-147,6,8.03
fold2_room1_mix0896,96,4,0,178,0,29.96
fold2_room1_mix0896,96,4,0,-4,0,50.87
fold2_room1_mix0896,96,5,0,-151,6,7.32
fold2_room1_mix0896,97,4,0,178,0,31.16
fold2_room1_mix0896,97,4,0,-6,0,47.96
fold2_room1_mix0896,97,5,0,-149,6,7.63
fold2_room1_mix0896,98,4,0,178,0,29.20
fold2_room1_mix0896,98,4,0,-4,1,47.21
fold2_room1_mix0896,98,5,0,-150,6,8.29
fold2_room1_mix0896,99,4,0,178,0,32.04
fold2_room1_mix0896,99,4,0,-3,0,52.39
fold2_room1_mix0896,99,5,0,-152,7,6.94
fold2_room1_mix0897,30,2,0,-114,-2,8.57
fold2_room1_mix0897,31,2,0,-108,-2,8.91
fold2_room1_mix0897,32,2,0,-107,-1,10.45
fold2_room1_mix0897,33,2,0,-102,-1,10.49
fold2_room1_mix0897,34,2,0,-99,-1,10.03
fold2_room1_mix0897,40,2,0,-102,-1,11.46
fold2_room1_mix0897,41,2,0,-98,-1,11.58
fold2_room1_mix0897,42,2,0,-99,-1,11.69
fold2_room1_mix0897,43,2,0,-97,-1,11.86
fold2_room1_mix0897,44,2,0,-97,-2,9.97
fold2_room1_mix0897,50,2,0,-90,-1,12.22
fold2_room1_mix0897,51,2,0,-90,-1,12.75
fold2_room1_mix0897,52,2,0,-88,-1,12.56
fold2_room1_mix0897,53,2,0,-89,-1,11.87
fold2_room1_mix0897,54,2,0,-88,-1,10.25
fold2_room1_mix0897,59,2,0,-89,-2,7.62
fold2_room1_mix0897,60,2,0,-88,-1,11.54
fold2_room1_mix0897,61,2,0,-85,-1,12.25
fold2_room1_mix0897,62,2,0,-85,-1,12.94
fold2_room1_mix0897,63,2,0,-84,-1,12.40
fold2_room1_mix0897,64,2,0,-86,-1,9.73
fold2_room1_mix0898,52,4,0,-1,0,13.86
fold2_room1_mix0898,53,4,0,-3,-1,18.15
fold2_room1_mix0898,54,4,0,1,-1,21.26
fold2_room1_mix0898,55,4,0,0,-1,21.59
fold2_room1_mix0898,56,4,0,2,-1,20.55
fold2_room1_mix0898,57,4,0,2,-1,21.11
fold2_room1_mix0898,58,4,0,3,-1,21.56
fold2_room1_mix0898,59,0,0,-85,-4,3.96
fold2_room1_mix0898,59,4,0,-1,-2,20.46
fold2_room1_mix0898,60,0,0,-84,-5,7.06
fold2_room1_mix0898,60,4,0,0,-2,17.83
fold2_room1_mix0898,61,0,0,-76,-5,7.17
fold2_room1_mix0898,61,4,0,0,-2,16.93
fold2_room1_mix0898,62,0,0,-73,-5,9.83
fold2_room1_mix0898,62,4,0,-1,-3,15.55
fold2_room1_mix0898,63,0,0,-68,-5,11.86
fold2_room1_mix0898,63,4,0,-2,-4,15.21
fold2_room1_mix0898,64,0,0,-71,-5,12.26
fold2_room1_mix0898,64,4,0,0,-4,13.34
fold2_room1_mix0898,65,0,0,-61,-4,13.20
fold2_room1_mix0898,65,4,0,-3,-4,13.60
fold2_room1_mix0898,66,0,0,-57,-4,14.66
fold2_room1_mix0898,66,4,0,-4,-5,12.09
fold2_room1_mix0898,67,0,0,-57,-4,14.03
fold2_room1_mix0898,67,4,0,-7,-6,10.69
fold2_room1_mix0898,68,0,0,-52,-3,15.18
fold2_room1_mix0898,68,4,0,-157,-9,10.52
fold2_room1_mix0898,68,4,0,-5,-5,10.32
fold2_room1_mix0898,69,0,0,-53,-4,15.66
fold2_room1_mix0898,69,4,0,-157,-9,10.77
fold2_room1_mix0898,69,4,0,-5,-5,10.07
fold2_room1_mix0898,70,0,0,-55,-4,13.70
fold2_room1_mix0898,70,4,0,-7,-5,9.03
fold2_room1_mix0898,71,0,0,-52,-4,13.61
fold2_room1_mix0898,71,4,0,-10,-7,6.46
fold2_room1_mix0898,72,0,0,-52,-4,13.45
fold2_room1_mix0898,72,4,0,-152,-12,7.07
fold2_room1_mix0898,72,4,0,-19,-11,3.96
fold2_room1_mix0898,72,4,0,-4,-7,7.96
fold2_room1_mix0898,73,0,0,-48,-4,13.25
fold2_room1_mix0898,73,4,0,-139,-17,5.11
fold2_room1_mix0898,73,4,0,-27,-14,2.96
fold2_room1_mix0898,73,4,0,-8,-8,7.06
fold2_room1_mix0898,74,0,0,-45,-4,12.47
fold2_room1_mix0898,74,4,0,-108,-28,2.99
fold2_room1_mix0898,74,4,0,-39,-21,2.09
fold2_room1_mix0898,74,4,0,-17,-10,6.46
fold2_room1_mix0898,75,0,0,-46,-4,12.34
fold2_room1_mix0898,75,4,0,-137,-20,2.71
fold2_room1_mix0898,75,4,0,-95,-31,1.51
fold2_room1_mix0898,75,4,0,-42,-21,4.19
fold2_room1_mix0898,76,0,0,-44,-4,13.16
fold2_room1_mix0898,76,4,0,-149,-15,3.13
fold2_room1_mix0898,76,4,0,-130,-23,1.88
fold2_room1_mix0898,76,4,0,-87,-27,4.18
fold2_room1_mix0898,77,0,0,-41,-3,13.99
fold2_room1_mix0898,77,4,0,-151,-11,3.67
fold2_room1_mix0898,78,0,0,-37,-3,14.69
fold2_room1_mix0898,78,4,0,-160,-8,4.40
fold2_room1_mix0898,79,0,0,-37,-3,16.58
fold2_room1_mix0898,79,4,0,-165,-8,5.30
fold2_room1_mix0898,80,0,0,-35,-3,18.10
fold2_room1_mix0898,80,4,0,-167,-6,6.16
fold2_room1_mix0898,81,0,0,-34,-2,17.78
fold2_room1_mix0898,81,4,0,-169,-5,7.15
fold2_room1_mix0898,82,0,0,-31,-2,20.24
fold2_room1_mix0898,82,4,0,-171,-5,7.70
fold2_room1_mix0898,83,0,0,-33,-2,20.09
fold2_room1_mix0898,83,4,0,-173,-4,9.48
fold2_room1_mix0898,84,0,0,-32,-2,20.26
fold2_room1_mix0898,84,4,0,-174,-3,10.67
fold2_room1_mix0898,85,0,0,-29,-2,21.00
fold2_room1_mix0898,85,4,0,-174,-3,10.54
fold2_room1_mix0898,86,0,0,-27,-2,18.69
fold2_room1_mix0898,86,4,0,-176,-2,12.37
fold2_room1_mix0898,87,0,0,-29,-1,8.67
fold2_room1_mix0898,87,4,0,-175,-2,13.83
fold2_room1_mix0898,88,0,0,-28,-1,3.67
fold2_room1_mix0898,88,4,0,-175,-2,14.99
fold2_room1_mix0898,89,4,0,-175,-2,15.42
fold2_room1_mix0898,90,4,0,-176,-1,16.06
fold2_room1_mix0898,91,4,0,-176,-1,18.15
fold2_room1_mix0898,92,4,0,-176,-1,19.00
fold2_room1_mix0898,93,4,0,-177,0,19.50
fold2_room1_mix0898,94,4,0,-176,0,20.47
fold2_room1_mix0898,95,4,0,-176,-1,19.22
fold2_room1_mix0898,96,4,0,-179,-1,19.92
fold2_room1_mix0898,97,4,0,-178,0,18.81
fold2_room1_mix0898,98,4,0,-179,0,10.48
fold2_room1_mix0899,3,4,0,174,0,1.34
fold2_room1_mix0899,4,4,0,172,-1,8.42
fold2_room1_mix0899,5,4,0,175,-1,9.65
fold2_room1_mix0899,6,4,0,172,-1,9.56
fold2_room1_mix0899,7,4,0,174,-1,13.90
fold2_room1_mix0899,8,4,0,173,-2,14.20
fold2_room1_mix0899,9,4,0,173,-2,14.81
fold2_room1_mix0899,10,4,0,171,-2,14.22
fold2_room1_mix0899,11,4,0,172,-2,13.94
fold2_room1_mix0899,12,4,0,170,-2,12.84
fold2_room1_mix0899,13,4,0,174,-2,11.92
fold2_room1_mix0899,14,4,0,170,-2,12.84
fold2_room1_mix0899,15,4,0,170,-3,12.05
fold2_room1_mix0899,16,4,0,172,-2,11.43
fold2_room1_mix0899,17,4,0,171,-2,11.71
fold2_room1_mix0899,18,4,0,170,-2,11.27
fold2_room1_mix0899,19,4,0,171,-2,11.10
fold2_room1_mix0899,20,4,0,168,-3,10.68
fold2_room1_mix0899,21,4,0,167,-3,10.18
fold2_room1_mix0899,22,4,0,166,-3,10.56
fold2_room1_mix0899,23,4,0,165,-3,10.04
fold2_room1_mix0899,24,4,0,166,-3,10.08
fold2_room1_mix0899,25,4,0,165,-3,9.94
fold2_room1_mix0899,26,4,0,163,-3,9.72
fold2_room1_mix0899,27,4,0,164,-3,8.95
fold2_room1_mix0899,28,4,0,161,-4,8.71
fold2_room1_mix0899,29,4,0,164,-4,8.26
fold2_room1_mix0899,30,4,0,163,-3,8.57
fold2_room1_mix0899,31,4,0,164,-4,8.01
fold2_room1_mix0899,32,4,0,-175,-2,11.20
fold2_room1_mix0899,32,4,0,164,-5,7.20
fold2_room1_mix0899,32,4,0,147,-5,7.08
fold2_room1_mix0899,33,4,0,-177,-1,12.56
fold2_room1_mix0899,33,4,0,165,-4,7.81
fold2_room1_mix0899,33,4,0,150,-5,6.77
fold2_room1_mix0899,34,4,0,176,-3,9.04
fold2_room1_mix0899,34,4,0,148,-5,6.67
fold2_room1_mix0899,35,4,0,-175,-2,10.25
fold2_room1_mix0899,35,4,0,164,-5,6.21
fold2_room1_mix0899,35,4,0,147,-5,6.33
fold2_room1_mix0899,36,4,0,-168,-2,11.28
fold2_room1_mix0899,36,4,0,166,-5,6.50
fold2_room1_mix0899,36,4,0,146,-5,5.49
fold2_room1_mix0899,37,4,0,-177,-1,11.29
fold2_room1_mix0899,37,4,0,164,-4,6.68
fold2_room1_mix0899,37,4,0,144,-6,4.95
fold2_room1_mix0899,38,4,0,177,-4,7.69
fold2_room1_mix0899,38,4,0,126,-7,5.34
fold2_room1_mix0899,39,4,0,-177,-4,8.70
fold2_room1_mix0899,39,4,0,133,-7,4.58
fold2_room1_mix0899,40,4,0,176,-4,6.83
fold2_room1_mix0899,40,4,0,113,-8,4.17
fold2_room1_mix0899,41,4,0,-177,-5,6.45
fold2_room1_mix0899,41,4,0,98,-8,4.75
fold2_room1_mix0899,42,4,0,-168,-4,6.11
fold2_room1_mix0899,42,4,0,89,-8,3.91
fold2_room1_mix0899,43,4,0,-175,-5,5.87
fold2_room1_mix0899,43,4,0,73,-8,4.22
fold2_room1_mix0899,44,4,0,-171,-6,5.20
fold2_room1_mix0899,44,4,0,70,-8,3.62
fold2_room1_mix0899,45,4,0,-166,-7,4.90
fold2_room1_mix0899,45,4,0,177,-8,4.56
fold2_room1_mix0899,45,4,0,60,-6,4.68
fold2_room1_mix0899,46,4,0,-159,-7,4.53
fold2_room1_mix0899,46,4,0,162,-12,4.12
fold2_room1_mix0899,46,4,0,50,-8,4.17
fold2_room1_mix0899,47,4,0,-156,-8,4.26
fold2_room1_mix0899,47,4,0,42,-7,4.66
fold2_room1_mix0899,48,4,0,-149,-12,3.00
fold2_room1_mix0899,48,4,0,56,-18,3.95
fold2_room1_mix0899,48,4,0,39,-7,4.73
fold2_room1_mix0899,49,4,0,-134,-23,1.90
fold2_room1_mix0899,49,4,0,40,-11,5.05
fold2_room1_mix0899,50,4,0,-97,-33,0.85
fold2_room1_mix0899,50,4,0,53,-12,5.70
fold2_room1_mix0899,50,4,0,29,-8,6.97
fold2_room1_mix0899,51,4,0,-62,-29,0.72
fold2_room1_mix0899,51,4,0,44,-9,5.84
fold2_room1_mix0899,51,4,0,17,-5,7.71
fold2_room1_mix0899,52,4,0,-46,-23,1.15
fold2_room1_mix0899,52,4,0,27,-7,5.98
fold2_room1_mix0899,52,4,0,10,-4,8.00
fold2_room1_mix0899,53,4,0,-36,-20,1.60
fold2_room1_mix0899,53,4,0,20,-4,8.29
fold2_room1_mix0899,54,4,0,-25,-14,2.63
fold2_room1_mix0899,54,4,0,18,-5,6.98
fold2_room1_mix0899,55,4,0,-8,-12,4.11
fold2_room1_mix0899,55,4,0,15,-4,7.80
fold2_room1_mix0899,56,4,0,7,-5,6.77
fold2_room1_mix0899,57,4,0,6,-4,7.27
fold2_room1_mix0899,58,4,0,8,-4,7.79
fold2_room1_mix0899,59,4,0,23,-3,8.71
fold2_room1_mix0899,59,4,0,3,-3,8.45
fold2_room1_mix0899,60,4,0,5,-3,8.79
fold2_room1_mix0899,61,4,0,4,-3,9.76
fold2_room1_mix0899,62,4,0,5,-2,10.31
fold2_room1_mix0899,63,4,0,5,-2,11.44
fold2_room1_mix0899,64,4,0,4,-2,11.63
fold2_room1_mix0899,65,4,0,4,-2,12.47
fold2_room1_mix0899,66,4,0,3,-2,13.39
fold2_room1_mix0899,67,4,0,5,-2,14.26
fold2_room1_mix0899,68,4,0,4,-2,13.79
fold2_room1_mix0899,69,4,0,4,-2,14.34
fold2_room1_mix0899,70,4,0,2,-2,14.60
fold2_room1_mix0899,71,4,0,3,-2,15.31
fold2_room1_mix0899,72,4,0,4,-2,15.13
fold2_room1_mix0899,73,4,0,3,-2,15.87
fold2_room1_mix0899,74,4,0,2,-2,15.53
fold2_room1_mix0899,75,4,0,3,-2,16.56
fold2_room1_mix0899,76,4,0,3,-2,15.48
fold2_room1_mix0899,77,4,0,2,-1,14.71
fold2_room1_mix0899,78,4,0,3,-1,8.49
fold2_room1_mix0899,79,4,0,6,-1,9.73
fold2_room1_mix0899,80,4,0,0,-1,7.75
fold2_room1_mix0899,81,4,0,2,-1,12.89
fold2_room1_mix0899,83,4,0,1,-1,6.81
fold2_room1_mix0900,7,4,0,-2,-1,21.33
fold2_room1_mix0900,8,4,0,-3,0,16.67
fold2_room1_mix0900,9,4,0,0,0,12.61
fold2_room1_mix0900,10,4,0,1,-1,18.64
fold2_room1_mix0900,11,4,0,-2,-1,32.03
fold2_room1_mix0900,12,4,0,0,0,19.23
fold2_room1_mix0900,13,4,0,-1,-1,18.77
fold2_room1_mix0900,14,4,0,0,-1,33.13
fold2_room1_mix0900,15,4,0,-2,-1,35.94
fold2_room1_mix0900,16,4,0,0,-1,34.08
fold2_room1_mix0900,17,4,0,0,-1,41.11
fold2_room1_mix0900,18,4,0,0,-1,42.47
fold2_room1_mix0900,19,4,0,1,-1,45.31
fold2_room1_mix0900,20,4,0,0,-1,47.01
fold2_room1_mix0900,21,4,0,0,-1,44.93
fold2_room1_mix0900,22,4,0,-1,0,45.57
fold2_room1_mix0900,23,4,0,1,0,43.96
fold2_room1_mix0900,24,4,0,-1,0,44.89
fold2_room1_mix0900,25,4,0,-2,-1,43.25
fold2_room1_mix0900,26,4,0,-2,0,43.92
fold2_room1_mix0900,27,4,0,0,0,45.95
fold2_room1_mix0900,28,4,0,0,-1,45.70
fold2_room1_mix0900,29,4,0,-2,-1,42.79
fold2_room1_mix0900,30,4,0,0,0,40.39
fold2_room1_mix0900,31,4,0,0,0,42.96
fold2_room1_mix0900,32,2,0,-132,-5,6.44
fold2_room1_mix0900,32,4,0,1,0,42.84
fold2_room1_mix0900,33,2,0,-118,-4,9.89
fold2_room1_mix0900,33,4,0,1,0,42.39
fold2_room1_mix0900,34,2,0,-115,-3,8.39
fold2_room1_mix0900,34,4,0,4,0,38.24
fold2_room1_mix0900,35,4,0,1,0,41.07
fold2_room1_mix0900,36,4,0,0,0,40.73
fold2_room1_mix0900,37,4,0,0,0,39.10
fold2_room1_mix0900,38,4,0,2,0,37.83
fold2_room1_mix0900,39,4,0,0,0,36.37
fold2_room1_mix0900,40,2,0,-109,-4,8.03
fold2_room1_mix0900,40,4,0,1,0,37.23
fold2_room1_mix0900,41,2,0,-106,-3,10.26
fold2_room1_mix0900,41,4,0,0,0,35.64
fold2_room1_mix0900,42,2,0,-102,-3,9.84
fold2_room1_mix0900,42,4,0,0,-1,35.91
fold2_room1_mix0900,43,2,0,-94,-4,8.65
fold2_room1_mix0900,43,4,0,-2,-1,35.50
fold2_room1_mix0900,44,2,0,-90,-4,8.59
fold2_room1_mix0900,44,4,0,-1,0,35.00
fold2_room1_mix0900,45,4,0,-4,0,34.02
fold2_room1_mix0900,46,4,0,-5,0,32.26
fold2_room1_mix0900,47,4,0,-6,0,32.13
fold2_room1_mix0900,48,4,0,-3,-1,30.77
fold2_room1_mix0900,49,4,0,-4,-1,29.09
fold2_room1_mix0900,50,2,0,-93,-3,9.98
fold2_room1_mix0900,50,4,0,-2,-1,28.71
fold2_room1_mix0900,51,2,0,-83,-3,10.13
fold2_room1_mix0900,51,4,0,-2,0,28.87
fold2_room1_mix0900,52,2,0,-82,-4,8.94
fold2_room1_mix0900,52,4,0,0,0,27.07
fold2_room1_mix0900,53,2,0,-82,-4,9.12
fold2_room1_mix0900,53,4,0,-3,0,25.77
fold2_room1_mix0900,54,2,0,-76,-4,9.29
fold2_room1_mix0900,54,4,0,-2,0,25.12
fold2_room1_mix0900,55,4,0,-5,-1,23.04
fold2_room1_mix0900,56,4,0,-7,-1,21.63
fold2_room1_mix0900,57,4,0,-4,-1,20.93
fold2_room1_mix0900,58,4,0,-3,-1,20.50
fold2_room1_mix0900,59,4,0,-4,-1,19.89
fold2_room1_mix0900,60,4,0,-4,-1,19.40
fold2_room1_mix0900,61,4,0,-4,-1,18.03
fold2_room1_mix0900,62,4,0,-7,-1,16.86
fold2_room1_mix0900,63,4,0,-7,-1,16.33
fold2_room1_mix0900,64,4,0,-9,-2,15.28
fold2_room1_mix0900,65,4,0,-8,-2,14.49
fold2_room1_mix0900,66,4,0,-10,-2,13.27
fold2_room1_mix0900,67,4,0,-11,-3,12.13
fold2_room1_mix0900,68,4,0,-12,-3,11.94
fold2_room1_mix0900,69,4,0,-13,-3,11.02
fold2_room1_mix0900,70,4,0,-14,-3,9.98
fold2_room1_mix0900,71,4,0,-16,-4,8.93
fold2_room1_mix0900,72,4,0,-19,-4,8.95
fold2_room1_mix0900,73,4,0,-21,-4,7.96
fold2_room1_mix0900,74,4,0,-24,-5,6.68
fold2_room1_mix0900,75,4,0,-26,-5,6.16
fold2_room1_mix0900,76,4,0,-28,-6,5.57
fold2_room1_mix0900,77,4,0,-33,-8,4.75
fold2_room1_mix0900,78,4,0,-39,-8,4.02
fold2_room1_mix0900,79,4,0,-47,-10,3.55
fold2_room1_mix0900,80,4,0,-54,-11,3.38
fold2_room1_mix0900,81,4,0,-66,-13,3.14
fold2_room1_mix0900,82,4,0,-81,-16,2.96
fold2_room1_mix0900,83,4,0,-97,-16,3.15
fold2_room1_mix0900,84,4,0,-112,-14,3.30
fold2_room1_mix0900,85,4,0,-123,-13,3.60
fold2_room1_mix0900,86,4,0,-135,-11,3.90
fold2_room1_mix0900,87,4,0,-141,-10,4.34
fold2_room1_mix0900,88,4,0,-146,-9,5.24
fold2_room1_mix0900,89,4,0,-149,-8,5.82
fold2_room1_mix0900,90,4,0,-152,-7,6.17
fold2_room1_mix0900,91,4,0,-154,-6,7.04
fold2_room1_mix0900,92,4,0,-156,-5,7.74
fold2_room1_mix0900,93,4,0,-158,-5,8.05
fold2_room1_mix0900,94,4,0,-158,-5,8.83
fold2_room1_mix0900,95,4,0,-160,-4,9.71
fold2_room1_mix0900,96,4,0,-161,-4,10.75
fold2_room1_mix0900,97,4,0,-162,-3,11.55
fold2_room1_mix0900,98,4,0,-164,-3,11.90
fold2_room1_mix0900,99,4,0,-165,-3,13.09
fold2_room1_mix0900,6,4,0,0,-1,3.53
fold2_room1_mix0902,3,4,0,4,0,10.53
fold2_room1_mix0902,4,4,0,6,-1,12.78
fold2_room1_mix0902,5,4,0,7,-1,14.87
fold2_room1_mix0902,6,4,0,7,-1,16.68
fold2_room1_mix0902,7,4,0,8,-1,22.35
fold2_room1_mix0902,8,4,0,8,-1,22.58
fold2_room1_mix0902,9,4,0,7,-1,21.70
fold2_room1_mix0902,10,4,0,8,-1,20.81
fold2_room1_mix0902,11,4,0,8,-1,20.90
fold2_room1_mix0902,12,4,0,7,-1,20.21
fold2_room1_mix0902,13,4,0,8,-1,20.49
fold2_room1_mix0902,14,4,0,7,-1,20.29
fold2_room1_mix0902,15,4,0,7,-1,19.54
fold2_room1_mix0902,16,4,0,8,-1,18.92
fold2_room1_mix0902,17,4,0,8,-1,18.18
fold2_room1_mix0902,18,4,0,8,-2,17.92
fold2_room1_mix0902,19,4,0,8,-2,17.44
fold2_room1_mix0902,20,4,0,8,-2,18.22
fold2_room1_mix0902,21,4,0,8,-2,17.67
fold2_room1_mix0902,22,4,0,8,-2,16.98
fold2_room1_mix0902,23,4,0,9,-2,16.53
fold2_room1_mix0902,24,2,0,51,-6,7.08
fold2_room1_mix0902,24,4,0,10,-2,15.74
fold2_room1_mix0902,25,2,0,38,-5,7.64
fold2_room1_mix0902,25,4,0,10,-2,15.74
fold2_room1_mix0902,26,4,0,9,-2,16.66
fold2_room1_mix0902,27,4,0,9,-2,14.75
fold2_room1_mix0902,28,4,0,9,-2,15.87
fold2_room1_mix0902,29,4,0,9,-2,14.76
fold2_room1_mix0902,30,4,0,9,-2,13.59
fold2_room1_mix0902,31,2,0,35,-4,9.08
fold2_room1_mix0902,31,4,0,11,-2,14.19
fold2_room1_mix0902,32,2,0,41,-5,7.66
fold2_room1_mix0902,32,4,0,10,-3,13.07
fold2_room1_mix0902,33,2,0,39,-5,7.50
fold2_room1_mix0902,33,4,0,9,-3,12.07
fold2_room1_mix0902,34,2,0,40,-5,7.18
fold2_room1_mix0902,34,4,0,9,-3,12.54
fold2_room1_mix0902,35,2,0,43,-6,6.71
fold2_room1_mix0902,35,4,0,9,-3,11.63
fold2_room1_mix0902,36,4,0,9,-3,11.91
fold2_room1_mix0902,37,4,0,9,-3,10.80
fold2_room1_mix0902,38,4,0,10,-3,10.60
fold2_room1_mix0902,39,4,0,11,-3,10.07
fold2_room1_mix0902,40,4,0,12,-3,10.07
fold2_room1_mix0902,41,2,0,60,-8,4.69
fold2_room1_mix0902,41,4,0,12,-4,8.90
fold2_room1_mix0902,42,2,0,57,-8,4.87
fold2_room1_mix0902,42,4,0,13,-4,8.85
fold2_room1_mix0902,43,2,0,59,-8,5.10
fold2_room1_mix0902,43,4,0,13,-4,8.97
fold2_room1_mix0902,44,2,0,60,-8,5.04
fold2_room1_mix0902,44,4,0,13,-4,8.50
fold2_room1_mix0902,45,2,0,67,-9,4.89
fold2_room1_mix0902,45,4,0,12,-5,8.34
fold2_room1_mix0902,46,2,0,70,-9,4.34
fold2_room1_mix0902,46,4,0,13,-4,8.21
fold2_room1_mix0902,47,4,0,15,-5,7.14
fold2_room1_mix0902,48,4,0,15,-5,6.53
fold2_room1_mix0902,49,4,0,17,-5,6.05
fold2_room1_mix0902,50,4,0,18,-5,5.81
fold2_room1_mix0902,51,2,0,98,-8,5.56
fold2_room1_mix0902,51,4,0,18,-5,5.39
fold2_room1_mix0902,52,2,0,94,-9,4.47
fold2_room1_mix0902,52,4,0,18,-5,5.28
fold2_room1_mix0902,53,2,0,92,-9,3.89
fold2_room1_mix0902,53,4,0,19,-5,5.02
fold2_room1_mix0902,54,2,0,85,-10,4.55
fold2_room1_mix0902,54,4,0,19,-6,4.76
fold2_room1_mix0902,55,2,0,96,-10,4.45
fold2_room1_mix0902,55,4,0,21,-6,4.57
fold2_room1_mix0902,56,2,0,101,-9,4.48
fold2_room1_mix0902,56,4,0,22,-6,4.34
fold2_room1_mix0902,57,4,0,24,-6,3.92
fold2_room1_mix0902,58,4,0,28,-7,3.66
fold2_room1_mix0902,59,4,0,30,-7,3.18
fold2_room1_mix0902,60,4,0,34,-8,3.05
fold2_room1_mix0902,61,2,0,98,-7,1.53
fold2_room1_mix0902,61,4,0,36,-8,2.60
fold2_room1_mix0902,62,2,0,115,-7,5.45
fold2_room1_mix0902,62,4,0,40,-8,2.54
fold2_room1_mix0902,63,2,0,118,-8,5.33
fold2_room1_mix0902,63,4,0,41,-9,2.18
fold2_room1_mix0902,64,2,0,127,-8,5.44
fold2_room1_mix0902,64,4,0,47,-9,2.18
fold2_room1_mix0902,65,2,0,124,-8,5.52
fold2_room1_mix0902,65,4,0,58,-10,2.13
fold2_room1_mix0902,66,2,0,121,-8,5.54
fold2_room1_mix0902,66,4,0,68,-12,2.12
fold2_room1_mix0902,67,4,0,81,-15,2.06
fold2_room1_mix0902,68,4,0,91,-12,2.37
fold2_room1_mix0902,69,4,0,101,-12,2.36
fold2_room1_mix0902,70,4,0,111,-10,2.50
fold2_room1_mix0902,71,4,0,120,-9,2.54
fold2_room1_mix0902,72,2,0,133,-6,6.20
fold2_room1_mix0902,72,4,0,127,-8,2.70
fold2_room1_mix0902,73,2,0,131,-6,6.37
fold2_room1_mix0902,73,4,0,131,-7,2.93
fold2_room1_mix0902,74,2,0,128,-6,5.90
fold2_room1_mix0902,74,4,0,139,-7,3.06
fold2_room1_mix0902,75,2,0,132,-6,6.44
fold2_room1_mix0902,75,4,0,141,-7,3.34
fold2_room1_mix0902,76,2,0,134,-6,6.80
fold2_room1_mix0902,76,4,0,146,-5,3.74
fold2_room1_mix0902,77,4,0,148,-6,3.92
fold2_room1_mix0902,78,4,0,150,-6,4.27
fold2_room1_mix0902,79,4,0,151,-5,4.49
fold2_room1_mix0902,80,4,0,153,-5,4.87
fold2_room1_mix0902,81,4,0,154,-5,5.04
fold2_room1_mix0902,82,4,0,156,-5,5.32
fold2_room1_mix0902,83,4,0,157,-4,5.70
fold2_room1_mix0902,84,4,0,158,-4,6.05
fold2_room1_mix0902,85,4,0,158,-4,6.45
fold2_room1_mix0902,86,4,0,160,-4,6.56
fold2_room1_mix0902,87,4,0,161,-4,7.14
fold2_room1_mix0902,88,4,0,162,-4,7.28
fold2_room1_mix0902,89,4,0,163,-3,7.54
fold2_room1_mix0902,90,4,0,164,-3,8.02
fold2_room1_mix0902,91,4,0,164,-3,8.04
fold2_room1_mix0902,92,4,0,165,-3,8.75
fold2_room1_mix0902,93,4,0,165,-3,8.79
fold2_room1_mix0902,94,4,0,167,-3,9.31
fold2_room1_mix0902,95,2,0,149,-4,2.39
fold2_room1_mix0902,95,4,0,166,-2,10.16
fold2_room1_mix0902,96,4,0,168,-2,9.88
fold2_room1_mix0902,97,4,0,168,-2,10.64
fold2_room1_mix0902,98,4,0,168,-2,10.65
fold2_room1_mix0902,99,4,0,168,-2,10.31
fold2_room1_mix0902,1,4,0,-1,0,1.35
fold2_room1_mix0902,2,4,0,0,1,2.71
fold2_room1_mix0903,5,4,0,0,0,11.77
fold2_room1_mix0903,6,4,0,0,0,17.65
fold2_room1_mix0903,7,4,0,3,0,22.88
fold2_room1_mix0903,8,4,0,5,-1,30.94
fold2_room1_mix0903,9,4,0,5,0,32.90
fold2_room1_mix0903,10,4,0,2,0,32.07
fold2_room1_mix0903,11,4,0,6,0,34.88
fold2_room1_mix0903,12,4,0,5,0,33.44
fold2_room1_mix0903,13,4,0,4,0,32.68
fold2_room1_mix0903,14,4,0,3,0,34.89
fold2_room1_mix0903,15,4,0,4,-1,33.74
fold2_room1_mix0903,16,4,0,2,-1,32.20
fold2_room1_mix0903,17,4,0,2,0,35.04
fold2_room1_mix0903,18,4,0,3,0,35.13
fold2_room1_mix0903,19,4,0,2,0,33.54
fold2_room1_mix0903,20,4,0,2,-1,32.86
fold2_room1_mix0903,21,4,0,2,-1,33.39
fold2_room1_mix0903,22,4,0,2,-1,32.01
fold2_room1_mix0903,23,4,0,2,-1,29.26
fold2_room1_mix0903,24,4,0,4,-1,29.01
fold2_room1_mix0903,25,4,0,2,-1,29.24
fold2_room1_mix0903,26,4,0,4,-1,27.14
fold2_room1_mix0903,27,4,0,5,-1,27.76
fold2_room1_mix0903,28,4,0,4,-1,27.14
fold2_room1_mix0903,29,4,0,4,-1,26.12
fold2_room1_mix0903,30,4,0,5,-1,25.39
fold2_room1_mix0903,31,4,0,4,-1,24.94
fold2_room1_mix0903,32,4,0,6,-1,24.33
fold2_room1_mix0903,33,4,0,6,-1,25.06
fold2_room1_mix0903,34,4,0,5,-1,23.70
fold2_room1_mix0903,35,4,0,5,-1,23.62
fold2_room1_mix0903,36,4,0,6,-1,21.57
fold2_room1_mix0903,37,4,0,6,-1,22.63
fold2_room1_mix0903,38,4,0,8,-1,21.30
fold2_room1_mix0903,39,4,0,6,-1,20.02
fold2_room1_mix0903,40,4,0,6,-1,18.66
fold2_room1_mix0903,41,4,0,5,-1,17.83
fold2_room1_mix0903,42,4,0,7,-1,15.90
fold2_room1_mix0903,43,4,0,7,-2,16.36
fold2_room1_mix0903,44,4,0,7,-2,15.61
fold2_room1_mix0903,45,4,0,6,-2,14.40
fold2_room1_mix0903,46,4,0,8,-2,14.14
fold2_room1_mix0903,47,4,0,8,-2,13.58
fold2_room1_mix0903,48,4,0,8,-2,11.88
fold2_room1_mix0903,49,4,0,8,-2,11.93
fold2_room1_mix0903,50,4,0,8,-3,10.91
fold2_room1_mix0903,51,4,0,10,-3,10.66
fold2_room1_mix0903,52,4,0,10,-3,9.70
fold2_room1_mix0903,53,4,0,11,-3,8.94
fold2_room1_mix0903,54,4,0,11,-4,8.23
fold2_room1_mix0903,55,4,0,13,-4,7.63
fold2_room1_mix0903,56,4,0,14,-4,6.86
fold2_room1_mix0903,57,4,0,15,-4,6.41
fold2_room1_mix0903,58,4,0,17,-5,5.21
fold2_room1_mix0903,59,4,0,19,-5,4.83
fold2_room1_mix0903,60,4,0,22,-5,4.09
fold2_room1_mix0903,61,4,0,25,-7,3.27
fold2_room1_mix0903,62,4,0,32,-8,2.49
fold2_room1_mix0903,63,4,0,39,-9,2.13
fold2_room1_mix0903,64,4,0,59,-11,1.68
fold2_room1_mix0903,65,4,0,84,-12,1.70
fold2_room1_mix0903,66,4,0,115,-10,1.64
fold2_room1_mix0903,67,4,0,134,-7,1.90
fold2_room1_mix0903,68,4,0,146,-5,2.35
fold2_room1_mix0903,69,4,0,152,-5,3.04
fold2_room1_mix0903,70,4,0,154,-4,3.69
fold2_room1_mix0903,71,4,0,159,-3,4.33
fold2_room1_mix0903,72,4,0,162,-3,4.76
fold2_room1_mix0903,73,4,0,165,-3,5.64
fold2_room1_mix0903,74,4,0,166,-2,5.84
fold2_room1_mix0903,75,4,0,167,-2,6.82
fold2_room1_mix0903,76,4,0,168,-2,7.15
fold2_room1_mix0903,77,4,0,169,-2,7.82
fold2_room1_mix0903,78,4,0,169,-2,8.46
fold2_room1_mix0903,79,4,0,170,-1,9.29
fold2_room1_mix0903,80,4,0,171,-1,9.80
fold2_room1_mix0903,81,4,0,172,-1,10.72
fold2_room1_mix0903,82,4,0,172,-1,10.60
fold2_room1_mix0903,83,4,0,173,-1,12.20
fold2_room1_mix0903,84,4,0,173,-1,12.46
fold2_room1_mix0903,85,4,0,173,-1,12.94
fold2_room1_mix0903,86,4,0,172,0,14.32
fold2_room1_mix0903,87,4,0,173,0,15.00
fold2_room1_mix0903,88,4,0,173,0,15.10
fold2_room1_mix0903,89,4,0,173,0,16.59
fold2_room1_mix0903,90,4,0,173,0,16.04
fold2_room1_mix0903,91,4,0,173,0,17.58
fold2_room1_mix0903,92,4,0,174,0,17.85
fold2_room1_mix0903,93,4,0,175,0,18.13
fold2_room1_mix0903,94,4,0,174,0,19.21
fold2_room1_mix0903,95,4,0,174,0,19.70
fold2_room1_mix0903,96,4,0,174,0,20.39
fold2_room1_mix0903,97,4,0,175,0,22.78
fold2_room1_mix0903,98,4,0,174,0,22.12
fold2_room1_mix0903,99,4,0,175,0,24.06
fold2_room1_mix0904,0,5,0,-92,6,3.55
fold2_room1_mix0904,1,5,0,-95,6,6.78
fold2_room1_mix0904,2,4,0,165,0,2.26
fold2_room1_mix0904,2,5,0,-92,7,4.71
fold2_room1_mix0904,3,4,0,163,0,9.93
fold2_room1_mix0904,3,5,0,-87,8,3.06
fold2_room1_mix0904,4,4,0,160,-1,14.50
fold2_room1_mix0904,4,5,0,-91,8,6.28
fold2_room1_mix0904,5,4,0,157,-1,14.93
fold2_room1_mix0904,5,5,0,-93,7,7.02
fold2_room1_mix0904,6,4,0,157,-1,15.38
fold2_room1_mix0904,6,5,0,-85,7,7.51
fold2_room1_mix0904,7,4,0,152,-1,23.15
fold2_room1_mix0904,7,5,0,-85,9,4.66
fold2_room1_mix0904,8,4,0,156,-1,24.07
fold2_room1_mix0904,8,5,0,-89,8,5.65
fold2_room1_mix0904,9,4,0,155,-1,22.45
fold2_room1_mix0904,9,5,0,-85,8,6.28
fold2_room1_mix0904,10,4,0,151,-1,22.60
fold2_room1_mix0904,10,5,0,-88,8,4.75
fold2_room1_mix0904,11,4,0,150,-1,22.53
fold2_room1_mix0904,11,5,0,-86,9,4.38
fold2_room1_mix0904,12,4,0,146,-1,21.52
fold2_room1_mix0904,12,5,0,-84,8,4.97
fold2_room1_mix0904,13,4,0,148,-1,22.14
fold2_room1_mix0904,13,5,0,-86,8,5.03
fold2_room1_mix0904,14,4,0,145,-1,22.65
fold2_room1_mix0904,14,5,0,-87,9,4.81
fold2_room1_mix0904,15,4,0,144,-2,21.43
fold2_room1_mix0904,15,5,0,-87,9,4.17
fold2_room1_mix0904,16,4,0,146,-2,22.37
fold2_room1_mix0904,16,5,0,-85,8,4.91
fold2_room1_mix0904,17,4,0,144,-1,22.13
fold2_room1_mix0904,17,5,0,-84,8,4.95
fold2_room1_mix0904,18,4,0,146,-2,22.43
fold2_room1_mix0904,18,5,0,-86,8,5.74
fold2_room1_mix0904,19,4,0,144,-1,22.92
fold2_room1_mix0904,19,5,0,-86,8,5.50
fold2_room1_mix0904,20,4,0,143,-1,22.55
fold2_room1_mix0904,20,5,0,-86,9,4.52
fold2_room1_mix0904,21,4,0,140,-1,21.36
fold2_room1_mix0904,21,5,0,-86,9,4.97
fold2_room1_mix0904,22,4,0,142,-1,20.77
fold2_room1_mix0904,22,5,0,-87,8,5.37
fold2_room1_mix0904,23,4,0,140,-1,20.64
fold2_room1_mix0904,23,5,0,-85,9,4.93
fold2_room1_mix0904,24,4,0,141,-1,19.82
fold2_room1_mix0904,24,5,0,-89,9,4.96
fold2_room1_mix0904,25,4,0,141,-1,20.93
fold2_room1_mix0904,25,5,0,-88,8,5.75
fold2_room1_mix0904,26,4,0,141,-1,19.94
fold2_room1_mix0904,26,5,0,-88,9,5.02
fold2_room1_mix0904,27,4,0,141,-1,20.09
fold2_room1_mix0904,27,5,0,-90,9,5.30
fold2_room1_mix0904,28,4,0,138,-1,20.01
fold2_room1_mix0904,28,5,0,-89,9,5.58
fold2_room1_mix0904,29,4,0,140,-1,19.66
fold2_room1_mix0904,29,5,0,-92,9,5.08
fold2_room1_mix0904,30,4,0,141,-1,20.03
fold2_room1_mix0904,30,5,0,-89,8,5.76
fold2_room1_mix0904,31,4,0,136,-1,18.61
fold2_room1_mix0904,31,5,0,-90,9,5.22
fold2_room1_mix0904,32,4,0,138,-1,18.94
fold2_room1_mix0904,32,5,0,-90,9,6.01
fold2_room1_mix0904,33,4,0,136,-1,19.54
fold2_room1_mix0904,33,5,0,-91,9,5.57
fold2_room1_mix0904,34,4,0,137,-1,18.90
fold2_room1_mix0904,34,5,0,-90,9,5.09
fold2_room1_mix0904,35,4,0,138,-1,17.74
fold2_room1_mix0904,35,5,0,-88,9,5.55
fold2_room1_mix0904,36,4,0,135,-1,17.50
fold2_room1_mix0904,36,5,0,-90,10,5.01
fold2_room1_mix0904,37,4,0,134,-1,17.67
fold2_room1_mix0904,37,5,0,-89,9,5.25
fold2_room1_mix0904,38,4,0,135,-1,16.77
fold2_room1_mix0904,38,5,0,-89,9,6.00
fold2_room1_mix0904,39,4,0,133,-1,17.00
fold2_room1_mix0904,39,5,0,-90,11,4.34
fold2_room1_mix0904,40,4,0,130,-1,16.15
fold2_room1_mix0904,40,5,0,-88,10,4.88
fold2_room1_mix0904,41,4,0,130,-1,16.26
fold2_room1_mix0904,41,5,0,-88,9,5.35
fold2_room1_mix0904,42,4,0,127,-1,16.34
fold2_room1_mix0904,42,5,0,-88,9,5.32
fold2_room1_mix0904,43,4,0,127,-1,15.57
fold2_room1_mix0904,43,5,0,-88,9,5.23
fold2_room1_mix0904,44,4,0,126,-1,15.43
fold2_room1_mix0904,44,5,0,-87,9,5.18
fold2_room1_mix0904,45,4,0,123,-1,15.06
fold2_room1_mix0904,45,5,0,-85,9,5.62
fold2_room1_mix0904,46,4,0,123,-2,14.79
fold2_room1_mix0904,46,5,0,-86,9,5.46
fold2_room1_mix0904,47,4,0,121,-2,14.76
fold2_room1_mix0904,47,5,0,-84,9,4.72
fold2_room1_mix0904,48,4,0,122,-2,15.21
fold2_room1_mix0904,48,5,0,-85,9,4.95
fold2_room1_mix0904,49,4,0,121,-2,15.27
fold2_room1_mix0904,49,5,0,-85,10,4.88
fold2_room1_mix0904,50,0,0,-13,-2,2.93
fold2_room1_mix0904,50,4,0,118,-1,15.52
fold2_room1_mix0904,50,5,0,-79,10,4.61
fold2_room1_mix0904,51,0,0,-24,-2,9.60
fold2_room1_mix0904,51,4,0,121,-2,15.40
fold2_room1_mix0904,51,5,0,-86,10,3.87
fold2_room1_mix0904,52,0,0,-23,-2,17.14
fold2_room1_mix0904,52,4,0,121,-2,15.62
fold2_room1_mix0904,52,5,0,-90,11,3.76
fold2_room1_mix0904,53,0,0,-23,-2,22.40
fold2_room1_mix0904,53,4,0,120,-2,15.57
fold2_room1_mix0904,53,5,0,-88,10,3.54
fold2_room1_mix0904,54,0,0,-26,-2,23.00
fold2_room1_mix0904,54,4,0,118,-2,15.49
fold2_room1_mix0904,54,5,0,-88,10,3.80
fold2_room1_mix0904,55,0,0,-31,-3,20.21
fold2_room1_mix0904,55,4,0,116,-2,14.61
fold2_room1_mix0904,55,5,0,-89,9,3.79
fold2_room1_mix0904,56,0,0,-40,-4,12.87
fold2_room1_mix0904,56,4,0,113,-2,14.67
fold2_room1_mix0904,56,5,0,-89,8,4.12
fold2_room1_mix0904,57,0,0,-42,-4,13.19
fold2_room1_mix0904,57,4,0,113,-3,14.44
fold2_room1_mix0904,57,5,0,-88,8,4.32
fold2_room1_mix0904,58,0,0,-50,-5,10.36
fold2_room1_mix0904,58,4,0,124,-2,14.65
fold2_room1_mix0904,58,4,0,103,-2,13.93
fold2_room1_mix0904,58,5,0,-90,8,4.19
fold2_room1_mix0904,59,0,0,-65,-5,9.73
fold2_room1_mix0904,59,4,0,106,-3,13.59
fold2_room1_mix0904,59,5,0,-88,8,4.29
fold2_room1_mix0904,60,0,0,-87,-6,9.15
fold2_room1_mix0904,60,4,0,106,-3,13.71
fold2_room1_mix0904,60,5,0,-90,8,3.99
fold2_room1_mix0904,61,0,0,-106,-6,8.66
fold2_room1_mix0904,61,4,0,105,-3,14.06
fold2_room1_mix0904,61,5,0,-89,8,3.96
fold2_room1_mix0904,62,0,0,-122,-5,9.26
fold2_room1_mix0904,62,4,0,112,-3,14.62
fold2_room1_mix0904,62,4,0,93,-3,12.97
fold2_room1_mix0904,62,5,0,-88,8,3.83
fold2_room1_mix0904,63,0,0,-132,-5,9.42
fold2_room1_mix0904,63,4,0,117,-1,15.48
fold2_room1_mix0904,63,4,0,86,-2,13.43
fold2_room1_mix0904,63,5,0,-92,8,3.40
fold2_room1_mix0904,64,0,0,-143,-4,10.69
fold2_room1_mix0904,64,4,0,104,-2,16.37
fold2_room1_mix0904,64,4,0,83,-3,14.56
fold2_room1_mix0904,64,5,0,-89,7,3.95
fold2_room1_mix0904,65,0,0,-151,-3,11.58
fold2_room1_mix0904,65,4,0,109,-2,16.04
fold2_room1_mix0904,65,4,0,81,-3,14.05
fold2_room1_mix0904,65,5,0,-91,8,3.78
fold2_room1_mix0904,66,0,0,-155,-3,12.31
fold2_room1_mix0904,66,4,0,102,-3,16.15
fold2_room1_mix0904,66,4,0,81,-3,14.69
fold2_room1_mix0904,66,5,0,-89,8,3.39
fold2_room1_mix0904,67,0,0,-158,-3,13.46
fold2_room1_mix0904,67,4,0,105,-3,16.79
fold2_room1_mix0904,67,4,0,77,-3,15.08
fold2_room1_mix0904,67,5,0,-90,8,3.56
fold2_room1_mix0904,68,0,0,-161,-2,16.57
fold2_room1_mix0904,68,4,0,107,-3,16.58
fold2_room1_mix0904,68,4,0,77,-3,15.00
fold2_room1_mix0904,68,5,0,-92,8,3.86
fold2_room1_mix0904,69,0,0,-161,-2,14.36
fold2_room1_mix0904,69,4,0,102,-3,17.24
fold2_room1_mix0904,69,4,0,71,-3,15.58
fold2_room1_mix0904,69,5,0,-90,7,4.02
fold2_room1_mix0904,70,0,0,-158,-2,13.57
fold2_room1_mix0904,70,4,0,111,-4,15.53
fold2_room1_mix0904,70,4,0,76,-4,12.92
fold2_room1_mix0904,70,4,0,57,-1,19.48
fold2_room1_mix0904,70,5,0,-90,8,4.14
fold2_room1_mix0904,71,0,0,-163,-2,18.41
fold2_room1_mix0904,71,4,0,94,-4,15.17
fold2_room1_mix0904,71,4,0,77,-4,12.89
fold2_room1_mix0904,71,4,0,63,0,19.49
fold2_room1_mix0904,71,5,0,-87,8,3.59
fold2_room1_mix0904,72,0,0,-161,-1,5.60
fold2_room1_mix0904,72,4,0,83,-5,12.92
fold2_room1_mix0904,72,4,0,51,0,23.17
fold2_room1_mix0904,72,5,0,-89,7,4.67
fold2_room1_mix0904,73,0,0,-159,-1,4.85
fold2_room1_mix0904,73,4,0,78,-5,12.86
fold2_room1_mix0904,73,4,0,60,0,22.40
fold2_room1_mix0904,73,5,0,-91,8,4.45
fold2_room1_mix0904,74,0,0,-157,-1,3.19
fold2_room1_mix0904,74,4,0,77,-4,12.92
fold2_room1_mix0904,74,4,0,54,0,23.13
fold2_room1_mix0904,74,5,0,-92,8,4.45
fold2_room1_mix0904,75,4,0,82,-4,12.48
fold2_room1_mix0904,75,4,0,48,0,23.89
fold2_room1_mix0904,75,5,0,-90,9,4.35
fold2_room1_mix0904,76,4,0,77,-4,13.40
fold2_room1_mix0904,76,4,0,53,0,22.98
fold2_room1_mix0904,76,5,0,-88,8,4.72
fold2_room1_mix0904,77,4,0,78,-4,13.01
fold2_room1_mix0904,77,4,0,47,0,24.27
fold2_room1_mix0904,77,5,0,-87,9,4.67
fold2_room1_mix0904,78,4,0,78,-4,13.05
fold2_room1_mix0904,78,4,0,48,0,25.01
fold2_room1_mix0904,78,5,0,-93,9,5.13
fold2_room1_mix0904,79,4,0,78,-3,13.11
fold2_room1_mix0904,79,4,0,54,0,21.91
fold2_room1_mix0904,79,5,0,-84,9,4.88
fold2_room1_mix0904,80,4,0,80,-4,12.92
fold2_room1_mix0904,80,4,0,43,0,27.07
fold2_room1_mix0904,80,5,0,-85,10,4.13
fold2_room1_mix0904,81,4,0,75,-3,13.54
fold2_room1_mix0904,81,4,0,53,0,23.47
fold2_room1_mix0904,81,5,0,-89,8,5.10
fold2_room1_mix0904,82,4,0,76,-3,13.14
fold2_room1_mix0904,82,4,0,44,0,24.87
fold2_room1_mix0904,82,5,0,-87,8,5.73
fold2_room1_mix0904,83,4,0,78,-3,13.06
fold2_room1_mix0904,83,4,0,40,0,26.13
fold2_room1_mix0904,83,5,0,-90,9,5.12
fold2_room1_mix0904,84,4,0,74,-3,13.86
fold2_room1_mix0904,84,4,0,54,-1,20.75
fold2_room1_mix0904,84,5,0,-87,8,5.68
fold2_room1_mix0904,85,4,0,75,-3,13.36
fold2_room1_mix0904,85,4,0,43,0,24.98
fold2_room1_mix0904,85,5,0,-81,8,5.02
fold2_room1_mix0904,86,4,0,73,-3,12.89
fold2_room1_mix0904,86,4,0,39,0,25.74
fold2_room1_mix0904,86,5,0,-88,8,5.43
fold2_room1_mix0904,87,4,0,71,-3,13.49
fold2_room1_mix0904,87,4,0,49,0,21.90
fold2_room1_mix0904,87,5,0,-85,10,4.26
fold2_room1_mix0904,88,4,0,71,-3,14.03
fold2_room1_mix0904,88,4,0,50,0,22.36
fold2_room1_mix0904,88,5,0,-87,9,4.73
fold2_room1_mix0904,89,4,0,70,-3,14.22
fold2_room1_mix0904,89,4,0,50,0,22.68
fold2_room1_mix0904,89,5,0,-89,8,5.47
fold2_room1_mix0904,90,4,0,69,-2,14.76
fold2_room1_mix0904,90,4,0,51,-1,21.34
fold2_room1_mix0904,90,5,0,-86,8,5.19
fold2_room1_mix0904,91,4,0,69,-2,14.89
fold2_room1_mix0904,91,4,0,51,0,21.54
fold2_room1_mix0904,91,5,0,-87,9,4.51
fold2_room1_mix0904,92,4,0,62,-2,17.15
fold2_room1_mix0904,92,5,0,-86,9,4.60
fold2_room1_mix0904,93,4,0,62,-2,17.15
fold2_room1_mix0904,93,5,0,-83,8,5.40
fold2_room1_mix0904,94,4,0,60,-2,18.68
fold2_room1_mix0904,94,5,0,-86,8,5.24
fold2_room1_mix0904,95,4,0,57,-2,17.82
fold2_room1_mix0904,95,5,0,-84,8,4.91
fold2_room1_mix0904,96,4,0,58,-2,17.98
fold2_room1_mix0904,96,5,0,-82,9,4.84
fold2_room1_mix0904,97,4,0,57,-2,18.98
fold2_room1_mix0904,97,5,0,-83,8,5.37
fold2_room1_mix0904,98,4,0,55,-2,18.45
fold2_room1_mix0904,98,5,0,-82,8,5.22
fold2_room1_mix0904,99,4,0,56,-2,17.83
fold2_room1_mix0904,99,5,0,-82,9,4.91
fold2_room1_mix0905,31,3,0,90,-4,9.69
fold2_room1_mix0905,32,3,0,88,-3,4.07
fold2_room1_mix0905,37,3,0,88,-3,7.54
fold2_room1_mix0905,38,3,0,91,-3,12.40
fold2_room1_mix0905,39,3,0,97,-3,12.15
fold2_room1_mix0905,40,3,0,101,-3,9.92
fold2_room1_mix0905,41,3,0,100,-3,9.98
fold2_room1_mix0905,42,3,0,103,-3,10.47
fold2_room1_mix0905,43,3,0,104,-3,11.47
fold2_room1_mix0905,44,3,0,104,-3,7.26
fold2_room1_mix0905,50,3,0,116,-3,9.78
fold2_room1_mix0905,51,3,0,123,-3,13.87
fold2_room1_mix0905,52,3,0,114,-3,10.88
fold2_room1_mix0905,52,4,0,-2,-1,11.23
fold2_room1_mix0905,53,3,0,114,-3,7.67
fold2_room1_mix0905,53,4,0,-1,-1,14.81
fold2_room1_mix0905,54,3,0,116,-3,10.90
fold2_room1_mix0905,54,4,0,0,-2,12.84
fold2_room1_mix0905,55,3,0,120,-3,10.03
fold2_room1_mix0905,55,4,0,1,-2,16.43
fold2_room1_mix0905,56,3,0,119,-4,8.42
fold2_room1_mix0905,56,4,0,2,-3,14.25
fold2_room1_mix0905,57,4,0,3,-3,12.36
fold2_room1_mix0905,58,4,0,2,-3,12.41
fold2_room1_mix0905,59,4,0,5,-2,11.45
fold2_room1_mix0905,60,4,0,4,-2,10.33
fold2_room1_mix0905,61,4,0,5,-3,10.69
fold2_room1_mix0905,62,3,0,128,-4,7.57
fold2_room1_mix0905,62,4,0,6,-3,9.82
fold2_room1_mix0905,63,3,0,132,-4,12.74
fold2_room1_mix0905,63,4,0,4,-3,9.97
fold2_room1_mix0905,64,3,0,137,-4,11.91
fold2_room1_mix0905,64,4,0,8,-4,8.47
fold2_room1_mix0905,65,3,0,135,-3,10.66
fold2_room1_mix0905,65,4,0,5,-4,7.57
fold2_room1_mix0905,66,3,0,135,-4,8.72
fold2_room1_mix0905,66,4,0,9,-5,6.92
fold2_room1_mix0905,67,3,0,137,-3,10.11
fold2_room1_mix0905,67,4,0,11,-6,5.79
fold2_room1_mix0905,68,3,0,139,-4,9.04
fold2_room1_mix0905,68,4,0,9,-6,5.28
fold2_room1_mix0905,69,3,0,147,-4,7.37
fold2_room1_mix0905,69,4,0,9,-8,4.19
fold2_room1_mix0905,70,4,0,10,-10,3.37
fold2_room1_mix0905,71,4,0,15,-14,2.46
fold2_room1_mix0905,72,4,0,25,-19,1.70
fold2_room1_mix0905,73,4,0,43,-31,1.06
fold2_room1_mix0905,74,4,0,94,-40,0.82
fold2_room1_mix0905,75,4,0,143,-24,1.15
fold2_room1_mix0905,76,4,0,158,-16,1.66
fold2_room1_mix0905,77,4,0,163,-11,2.46
fold2_room1_mix0905,78,4,0,165,-10,3.27
fold2_room1_mix0905,79,4,0,170,-7,4.10
fold2_room1_mix0905,80,4,0,171,-6,5.03
fold2_room1_mix0905,81,4,0,173,-5,5.21
fold2_room1_mix0905,82,4,0,175,-4,6.27
fold2_room1_mix0905,83,4,0,175,-4,6.98
fold2_room1_mix0905,84,4,0,174,-4,7.95
fold2_room1_mix0905,85,4,0,175,-3,8.04
fold2_room1_mix0905,86,4,0,176,-3,9.52
fold2_room1_mix0905,87,4,0,175,-2,10.01
fold2_room1_mix0905,88,4,0,175,-2,11.13
fold2_room1_mix0905,89,4,0,176,-2,11.84
fold2_room1_mix0905,90,4,0,176,-2,11.84
fold2_room1_mix0905,91,4,0,175,-2,12.27
fold2_room1_mix0905,92,4,0,177,-1,13.31
fold2_room1_mix0905,93,4,0,177,-2,12.36
fold2_room1_mix0905,94,4,0,178,-1,14.67
fold2_room1_mix0905,95,4,0,178,-1,15.40
fold2_room1_mix0905,96,4,0,176,-1,14.72
fold2_room1_mix0905,97,4,0,176,0,3.79
fold2_room1_mix0905,98,4,0,177,0,2.42
fold2_room1_mix0906,0,5,0,-28,3,3.64
fold2_room1_mix0906,1,5,0,-26,3,4.08
fold2_room1_mix0906,2,5,0,-29,3,10.32
fold2_room1_mix0906,3,5,0,-26,3,8.62
fold2_room1_mix0906,5,5,0,-30,3,11.77
fold2_room1_mix0906,6,5,0,-35,3,14.26
fold2_room1_mix0906,7,5,0,-35,4,9.21
fold2_room1_mix0906,8,5,0,-34,3,12.03
fold2_room1_mix0906,9,5,0,-30,4,10.26
fold2_room1_mix0906,10,5,0,-33,5,8.60
fold2_room1_mix0906,11,5,0,-40,4,9.77
fold2_room1_mix0906,12,5,0,-34,5,8.80
fold2_room1_mix0906,13,5,0,-33,4,9.71
fold2_room1_mix0906,14,5,0,-38,6,8.31
fold2_room1_mix0906,15,5,0,-34,8,5.35
fold2_room1_mix0906,16,5,0,-35,7,5.93
fold2_room1_mix0906,17,5,0,-36,7,6.25
fold2_room1_mix0906,18,5,0,-41,7,6.27
fold2_room1_mix0906,19,5,0,-40,6,6.71
fold2_room1_mix0906,20,5,0,-39,8,4.71
fold2_room1_mix0906,21,5,0,-42,7,6.48
fold2_room1_mix0906,22,5,0,-42,5,8.08
fold2_room1_mix0906,23,5,0,-42,8,5.32
fold2_room1_mix0906,24,5,0,-46,8,5.41
fold2_room1_mix0906,25,5,0,-42,7,6.10
fold2_room1_mix0906,26,5,0,-44,8,5.05
fold2_room1_mix0906,27,5,0,-50,7,6.09
fold2_room1_mix0906,28,5,0,-43,9,4.23
fold2_room1_mix0906,29,5,0,-44,9,4.48
fold2_room1_mix0906,30,5,0,-47,9,4.24
fold2_room1_mix0906,31,5,0,-50,9,4.59
fold2_room1_mix0906,32,5,0,-51,8,5.48
fold2_room1_mix0906,33,5,0,-51,10,3.78
fold2_room1_mix0906,34,5,0,-51,10,3.89
fold2_room1_mix0906,35,5,0,-51,9,4.29
fold2_room1_mix0906,36,5,0,-59,12,3.10
fold2_room1_mix0906,37,5,0,-58,9,4.43
fold2_room1_mix0906,38,5,0,-62,9,4.27
fold2_room1_mix0906,39,5,0,-63,11,3.33
fold2_room1_mix0906,40,5,0,-68,9,4.41
fold2_room1_mix0906,41,5,0,-72,9,4.17
fold2_room1_mix0906,42,5,0,-67,10,3.92
fold2_room1_mix0906,43,5,0,-70,9,4.76
fold2_room1_mix0906,44,5,0,-75,10,4.00
fold2_room1_mix0906,45,5,0,-78,10,3.87
fold2_room1_mix0906,46,5,0,-76,11,3.69
fold2_room1_mix0906,47,5,0,-79,12,3.17
fold2_room1_mix0906,48,5,0,-79,11,3.30
fold2_room1_mix0906,49,5,0,-86,11,3.33
fold2_room1_mix0906,50,5,0,-86,10,4.08
fold2_room1_mix0906,51,5,0,-91,11,3.59
fold2_room1_mix0906,52,5,0,-93,11,3.22
fold2_room1_mix0906,53,5,0,-92,12,3.01
fold2_room1_mix0906,54,4,0,154,-1,6.79
fold2_room1_mix0906,54,5,0,-94,13,2.83
fold2_room1_mix0906,55,4,0,158,-2,6.26
fold2_room1_mix0906,55,5,0,-98,13,2.58
fold2_room1_mix0906,56,4,0,167,-2,9.07
fold2_room1_mix0906,56,4,0,144,-1,10.24
fold2_room1_mix0906,56,5,0,-97,13,2.78
fold2_room1_mix0906,57,4,0,166,-2,11.66
fold2_room1_mix0906,57,4,0,147,-2,13.56
fold2_room1_mix0906,57,5,0,-97,12,2.94
fold2_room1_mix0906,58,4,0,161,-2,11.30
fold2_room1_mix0906,58,4,0,136,-1,14.05
fold2_room1_mix0906,58,5,0,-100,14,2.35
fold2_room1_mix0906,59,4,0,165,-2,11.94
fold2_room1_mix0906,59,4,0,115,0,16.97
fold2_room1_mix0906,59,5,0,-101,12,2.90
fold2_room1_mix0906,60,4,0,165,-2,11.07
fold2_room1_mix0906,60,4,0,129,0,14.74
fold2_room1_mix0906,60,5,0,-100,13,2.85
fold2_room1_mix0906,61,4,0,167,-4,10.62
fold2_room1_mix0906,61,4,0,109,0,16.01
fold2_room1_mix0906,61,5,0,-102,14,2.54
fold2_room1_mix0906,62,4,0,168,-3,11.00
fold2_room1_mix0906,62,4,0,115,0,16.28
fold2_room1_mix0906,62,5,0,-105,12,3.18
fold2_room1_mix0906,63,4,0,170,-3,10.93
fold2_room1_mix0906,63,4,0,107,0,15.93
fold2_room1_mix0906,63,5,0,-108,13,2.68
fold2_room1_mix0906,64,4,0,171,-3,10.34
fold2_room1_mix0906,64,4,0,105,-1,15.74
fold2_room1_mix0906,64,5,0,-107,12,3.07
fold2_room1_mix0906,65,4,0,168,-3,9.59
fold2_room1_mix0906,65,4,0,99,0,16.33
fold2_room1_mix0906,65,5,0,-108,11,3.14
fold2_room1_mix0906,66,4,0,160,-4,8.95
fold2_room1_mix0906,66,4,0,114,0,13.63
fold2_room1_mix0906,66,5,0,-106,12,3.07
fold2_room1_mix0906,67,4,0,170,-4,8.60
fold2_room1_mix0906,67,4,0,86,0,15.55
fold2_room1_mix0906,67,5,0,-112,12,2.89
fold2_room1_mix0906,68,4,0,165,-4,8.10
fold2_room1_mix0906,68,4,0,90,0,14.14
fold2_room1_mix0906,68,5,0,-110,10,3.48
fold2_room1_mix0906,69,4,0,161,-4,7.84
fold2_room1_mix0906,69,4,0,104,0,13.57
fold2_room1_mix0906,69,5,0,-113,10,3.98
fold2_room1_mix0906,70,4,0,161,-5,7.42
fold2_room1_mix0906,70,4,0,98,0,13.72
fold2_room1_mix0906,70,5,0,-116,10,3.71
fold2_room1_mix0906,71,4,0,159,-5,6.89
fold2_room1_mix0906,71,4,0,102,0,13.28
fold2_room1_mix0906,71,5,0,-118,10,3.69
fold2_room1_mix0906,72,4,0,158,-6,5.92
fold2_room1_mix0906,72,4,0,92,0,13.31
fold2_room1_mix0906,72,5,0,-119,9,4.33
fold2_room1_mix0906,73,4,0,158,-6,6.07
fold2_room1_mix0906,73,4,0,103,-1,11.78
fold2_room1_mix0906,73,5,0,-116,9,4.21
fold2_room1_mix0906,74,4,0,156,-6,5.41
fold2_room1_mix0906,74,4,0,119,-2,9.94
fold2_room1_mix0906,74,5,0,-120,10,3.85
fold2_room1_mix0906,75,4,0,153,-6,4.70
fold2_room1_mix0906,75,4,0,115,0,10.99
fold2_room1_mix0906,75,5,0,-119,11,3.63
fold2_room1_mix0906,76,4,0,150,-7,4.69
fold2_room1_mix0906,76,4,0,121,-1,9.90
fold2_room1_mix0906,76,5,0,-117,9,4.31
fold2_room1_mix0906,77,4,0,149,-7,4.18
fold2_room1_mix0906,77,4,0,124,-3,8.32
fold2_room1_mix0906,77,5,0,-123,10,3.68
fold2_room1_mix0906,78,4,0,140,-7,4.03
fold2_room1_mix0906,78,4,0,122,-3,7.40
fold2_room1_mix0906,78,5,0,-121,10,3.83
fold2_room1_mix0906,79,4,0,127,-7,4.50
fold2_room1_mix0906,79,5,0,-123,10,3.44
fold2_room1_mix0906,80,4,0,117,-6,4.13
fold2_room1_mix0906,80,5,0,-124,10,3.72
fold2_room1_mix0906,81,4,0,98,-8,3.80
fold2_room1_mix0906,81,5,0,-122,10,3.83
fold2_room1_mix0906,82,4,0,82,-8,3.77
fold2_room1_mix0906,82,5,0,-121,10,3.57
fold2_room1_mix0906,83,4,0,69,-7,3.94
fold2_room1_mix0906,83,5,0,-120,11,3.65
fold2_room1_mix0906,84,4,0,58,-6,3.96
fold2_room1_mix0906,84,5,0,-119,10,3.71
fold2_room1_mix0906,85,4,0,62,-2,6.04
fold2_room1_mix0906,85,4,0,43,-4,4.13
fold2_room1_mix0906,85,5,0,-124,11,3.58
fold2_room1_mix0906,86,4,0,53,-2,6.80
fold2_room1_mix0906,86,4,0,36,-4,4.11
fold2_room1_mix0906,86,5,0,-124,10,4.03
fold2_room1_mix0906,87,4,0,39,-3,5.11
fold2_room1_mix0906,87,5,0,-125,10,3.57
fold2_room1_mix0906,88,4,0,35,-3,5.27
fold2_room1_mix0906,88,5,0,-126,9,4.47
fold2_room1_mix0906,89,4,0,42,-3,8.06
fold2_room1_mix0906,89,4,0,25,-3,5.88
fold2_room1_mix0906,89,5,0,-128,9,4.17
fold2_room1_mix0906,90,4,0,24,-2,6.41
fold2_room1_mix0906,90,5,0,-128,8,4.14
fold2_room1_mix0906,91,4,0,23,-2,7.56
fold2_room1_mix0906,91,5,0,-128,8,4.45
fold2_room1_mix0906,92,4,0,21,-2,8.14
fold2_room1_mix0906,92,5,0,-129,8,4.36
fold2_room1_mix0906,93,4,0,21,-2,8.68
fold2_room1_mix0906,93,5,0,-131,8,4.61
fold2_room1_mix0906,94,4,0,21,-1,10.03
fold2_room1_mix0906,94,5,0,-128,8,4.46
fold2_room1_mix0906,95,4,0,21,-1,10.63
fold2_room1_mix0906,95,5,0,-128,8,4.64
fold2_room1_mix0906,96,4,0,20,-1,11.24
fold2_room1_mix0906,96,5,0,-130,7,4.76
fold2_room1_mix0906,97,4,0,16,-1,12.09
fold2_room1_mix0906,97,5,0,-128,7,4.89
fold2_room1_mix0906,98,4,0,16,-1,12.91
fold2_room1_mix0906,98,5,0,-130,7,5.29
fold2_room1_mix0906,99,4,0,13,-1,13.05
fold2_room1_mix0906,99,5,0,-129,7,5.05
fold2_room1_mix0907,3,4,0,-14,0,5.95
fold2_room1_mix0907,4,4,0,-14,0,14.93
fold2_room1_mix0907,5,4,0,-16,0,20.02
fold2_room1_mix0907,6,4,0,-16,0,21.29
fold2_room1_mix0907,7,4,0,-16,0,27.52
fold2_room1_mix0907,8,4,0,-15,0,40.37
fold2_room1_mix0907,9,4,0,-17,-1,38.60
fold2_room1_mix0907,10,4,0,-17,-1,37.36
fold2_room1_mix0907,11,4,0,-18,0,38.08
fold2_room1_mix0907,12,4,0,-19,-1,37.70
fold2_room1_mix0907,13,4,0,-17,-1,37.43
fold2_room1_mix0907,14,4,0,-19,0,38.01
fold2_room1_mix0907,15,4,0,-19,-1,37.45
fold2_room1_mix0907,16,4,0,-18,-1,37.24
fold2_room1_mix0907,17,4,0,-20,0,36.76
fold2_room1_mix0907,18,4,0,-20,-1,36.12
fold2_room1_mix0907,19,4,0,-21,-1,35.90
fold2_room1_mix0907,20,4,0,-20,0,37.23
fold2_room1_mix0907,21,4,0,-22,0,36.66
fold2_room1_mix0907,22,4,0,-22,-1,34.85
fold2_room1_mix0907,23,4,0,-22,-1,34.33
fold2_room1_mix0907,24,3,0,-56,-3,9.12
fold2_room1_mix0907,24,4,0,-22,0,33.23
fold2_room1_mix0907,25,3,0,-59,-4,9.67
fold2_room1_mix0907,25,4,0,-20,-1,29.42
fold2_room1_mix0907,26,3,0,-62,-4,8.53
fold2_room1_mix0907,26,4,0,-22,-1,30.11
fold2_room1_mix0907,27,3,0,-66,-5,6.59
fold2_room1_mix0907,27,4,0,-20,-1,32.08
fold2_room1_mix0907,28,3,0,-64,-5,6.34
fold2_room1_mix0907,28,4,0,-19,-1,31.59
fold2_room1_mix0907,29,3,0,-64,-5,6.43
fold2_room1_mix0907,29,4,0,-21,-1,30.23
fold2_room1_mix0907,30,1,0,-8,-2,8.31
fold2_room1_mix0907,30,3,0,-61,-4,4.34
fold2_room1_mix0907,30,4,0,-23,0,24.89
fold2_room1_mix0907,31,1,0,-17,-2,12.91
fold2_room1_mix0907,31,3,0,-65,-4,5.59
fold2_room1_mix0907,31,4,0,-20,0,29.32
fold2_room1_mix0907,32,1,0,-22,-3,18.27
fold2_room1_mix0907,32,3,0,-70,-4,5.88
fold2_room1_mix0907,32,4,0,-19,0,30.58
fold2_room1_mix0907,33,4,0,-28,0,29.01
fold2_room1_mix0907,34,1,0,-21,-3,22.20
fold2_room1_mix0907,34,4,0,-22,0,30.54
fold2_room1_mix0907,35,1,0,-27,-3,20.20
fold2_room1_mix0907,35,3,0,-60,-6,3.94
fold2_room1_mix0907,35,4,0,-18,1,33.14
fold2_room1_mix0907,36,1,0,-27,-2,15.69
fold2_room1_mix0907,36,3,0,-65,-5,4.93
fold2_room1_mix0907,36,4,0,-21,0,29.48
fold2_room1_mix0907,37,3,0,-104,-5,8.65
fold2_room1_mix0907,37,4,0,-21,0,37.35
fold2_room1_mix0907,38,3,0,-112,-5,10.87
fold2_room1_mix0907,38,4,0,-28,0,32.65
fold2_room1_mix0907,39,1,0,-26,-2,10.64
fold2_room1_mix0907,39,3,0,-107,-5,5.62
fold2_room1_mix0907,39,4,0,-30,0,25.89
fold2_room1_mix0907,40,1,0,-26,-3,12.72
fold2_room1_mix0907,40,3,0,-100,-5,4.88
fold2_room1_mix0907,40,4,0,-25,0,32.15
fold2_room1_mix0907,41,1,0,-34,-2,9.78
fold2_room1_mix0907,41,3,0,-110,-4,5.21
fold2_room1_mix0907,41,4,0,-25,0,33.84
fold2_room1_mix0907,42,3,0,-108,-5,8.40
fold2_room1_mix0907,42,4,0,-29,-1,29.87
fold2_room1_mix0907,43,1,0,-32,-3,14.73
fold2_room1_mix0907,43,3,0,-104,-5,5.87
fold2_room1_mix0907,43,4,0,-25,0,32.92
fold2_room1_mix0907,44,1,0,-34,-3,14.25
fold2_room1_mix0907,44,3,0,-111,-5,4.97
fold2_room1_mix0907,44,4,0,-31,0,26.92
fold2_room1_mix0907,45,1,0,-36,-3,13.26
fold2_room1_mix0907,45,3,0,-107,-5,5.14
fold2_room1_mix0907,45,4,0,-29,0,29.15
fold2_room1_mix0907,46,1,0,-41,-3,14.42
fold2_room1_mix0907,46,3,0,-103,-4,6.11
fold2_room1_mix0907,46,4,0,-22,1,37.99
fold2_room1_mix0907,47,3,0,-134,-5,10.54
fold2_room1_mix0907,47,4,0,-38,-1,23.66
fold2_room1_mix0907,48,1,0,-59,-3,8.21
fold2_room1_mix0907,48,3,0,-133,-5,6.28
fold2_room1_mix0907,48,4,0,-30,-1,24.30
fold2_room1_mix0907,49,1,0,-65,-4,7.33
fold2_room1_mix0907,49,3,0,-122,-5,3.37
fold2_room1_mix0907,49,4,0,-24,0,31.73
fold2_room1_mix0907,50,1,0,-84,-3,7.41
fold2_room1_mix0907,50,3,0,-138,-5,6.25
fold2_room1_mix0907,50,4,0,-31,0,27.34
fold2_room1_mix0907,51,1,0,-85,-3,2.68
fold2_room1_mix0907,51,4,0,-38,0,31.22
fold2_room1_mix0907,52,1,0,-80,-3,6.12
fold2_room1_mix0907,52,4,0,-32,0,29.44
fold2_room1_mix0907,53,1,0,-112,-3,8.30
fold2_room1_mix0907,53,4,0,-43,0,26.12
fold2_room1_mix0907,54,1,0,-123,-4,8.26
fold2_room1_mix0907,54,4,0,-32,0,34.06
fold2_room1_mix0907,55,1,0,-128,-3,9.06
fold2_room1_mix0907,55,4,0,-42,0,27.73
fold2_room1_mix0907,56,4,0,-50,0,22.82
fold2_room1_mix0907,57,1,0,-120,-3,7.17
fold2_room1_mix0907,57,4,0,-33,0,30.12
fold2_room1_mix0907,58,1,0,-140,-2,9.72
fold2_room1_mix0907,58,4,0,-54,0,24.52
fold2_room1_mix0907,59,1,0,-144,-3,14.51
fold2_room1_mix0907,59,4,0,-42,0,26.65
fold2_room1_mix0907,60,1,0,-145,-2,17.50
fold2_room1_mix0907,60,4,0,-47,-1,29.22
fold2_room1_mix0907,61,4,0,-56,-2,19.83
fold2_room1_mix0907,62,1,0,-135,-2,7.75
fold2_room1_mix0907,62,4,0,-49,0,23.24
fold2_room1_mix0907,63,1,0,-151,-2,11.48
fold2_room1_mix0907,63,4,0,-72,0,20.63
fold2_room1_mix0907,63,4,0,-52,-1,22.66
fold2_room1_mix0907,64,4,0,-61,-1,19.25
fold2_room1_mix0907,65,4,0,-63,-2,19.46
fold2_room1_mix0907,66,4,0,-73,-2,16.99
fold2_room1_mix0907,67,4,0,-69,-2,14.82
fold2_room1_mix0907,68,4,0,-73,-2,15.30
fold2_room1_mix0907,69,4,0,-78,-2,15.31
fold2_room1_mix0907,70,4,0,-77,-2,13.93
fold2_room1_mix0907,71,4,0,-80,-2,14.21
fold2_room1_mix0907,72,4,0,-84,-2,13.91
fold2_room1_mix0907,73,4,0,-84,-2,13.25
fold2_room1_mix0907,74,4,0,-85,-3,13.07
fold2_room1_mix0907,75,4,0,-88,-2,12.66
fold2_room1_mix0907,76,4,0,-88,-2,12.86
fold2_room1_mix0907,77,4,0,-91,-2,12.75
fold2_room1_mix0907,78,4,0,-94,-2,12.79
fold2_room1_mix0907,79,4,0,-96,-2,12.93
fold2_room1_mix0907,80,4,0,-98,-2,13.06
fold2_room1_mix0907,81,4,0,-101,-2,12.84
fold2_room1_mix0907,82,4,0,-103,-2,13.53
fold2_room1_mix0907,83,4,0,-105,-2,13.50
fold2_room1_mix0907,84,4,0,-109,-2,13.99
fold2_room1_mix0907,85,4,0,-110,-2,14.42
fold2_room1_mix0907,86,4,0,-112,-2,14.06
fold2_room1_mix0907,87,4,0,-114,-2,15.03
fold2_room1_mix0907,88,4,0,-116,-1,15.40
fold2_room1_mix0907,89,4,0,-117,-2,14.77
fold2_room1_mix0907,90,4,0,-119,-2,15.23
fold2_room1_mix0907,91,4,0,-121,-1,15.80
fold2_room1_mix0907,92,4,0,-122,-2,16.01
fold2_room1_mix0907,93,4,0,-124,-2,16.49
fold2_room1_mix0907,94,4,0,-124,-1,16.60
fold2_room1_mix0907,95,4,0,-125,-1,17.48
fold2_room1_mix0907,96,4,0,-127,-1,18.10
fold2_room1_mix0907,97,4,0,-128,-1,18.17
fold2_room1_mix0907,98,4,0,-127,-1,18.47
fold2_room1_mix0907,99,4,0,-128,-1,17.79
fold2_room1_mix0908,34,4,0,-172,-1,5.23
fold2_room1_mix0908,36,4,0,-175,-2,6.68
fold2_room1_mix0908,37,4,0,-177,-1,7.83
fold2_room1_mix0908,38,0,0,-166,-2,4.14
fold2_room1_mix0908,38,4,0,-175,-2,8.84
fold2_room1_mix0908,39,0,0,-160,-2,9.16
fold2_room1_mix0908,39,4,0,-173,-2,9.50
fold2_room1_mix0908,40,0,0,-159,-2,9.38
fold2_room1_mix0908,40,4,0,-172,-2,9.65
fold2_room1_mix0908,41,0,0,-156,-2,16.49
fold2_room1_mix0908,41,4,0,-170,-2,10.21
fold2_room1_mix0908,42,0,0,-152,-2,17.50
fold2_room1_mix0908,42,4,0,-172,-3,9.76
fold2_room1_mix0908,43,0,0,-150,-3,14.28
fold2_room1_mix0908,43,4,0,-170,-3,9.62
fold2_room1_mix0908,44,0,0,-149,-3,15.23
fold2_room1_mix0908,44,4,0,-170,-3,9.43
fold2_room1_mix0908,45,0,0,-144,-3,14.10
fold2_room1_mix0908,45,4,0,-168,-3,9.36
fold2_room1_mix0908,46,0,0,-144,-3,13.71
fold2_room1_mix0908,46,4,0,-164,-3,8.98
fold2_room1_mix0908,47,0,0,-137,-3,12.44
fold2_room1_mix0908,47,4,0,-166,-3,9.07
fold2_room1_mix0908,48,0,0,-138,-3,11.42
fold2_room1_mix0908,48,4,0,-165,-3,8.45
fold2_room1_mix0908,49,0,0,-138,-3,11.69
fold2_room1_mix0908,49,4,0,-162,-4,7.98
fold2_room1_mix0908,50,0,0,-141,-3,12.73
fold2_room1_mix0908,50,4,0,-163,-4,8.20
fold2_room1_mix0908,51,0,0,-139,-3,12.85
fold2_room1_mix0908,51,4,0,-163,-4,7.72
fold2_room1_mix0908,52,0,0,-139,-3,11.81
fold2_room1_mix0908,52,4,0,-165,-3,8.16
fold2_room1_mix0908,53,0,0,-127,-4,9.87
fold2_room1_mix0908,53,4,0,-163,-4,7.57
fold2_room1_mix0908,54,0,0,-120,-5,9.43
fold2_room1_mix0908,54,4,0,-164,-3,6.73
fold2_room1_mix0908,55,0,0,-107,-6,8.02
fold2_room1_mix0908,55,4,0,-165,-5,6.22
fold2_room1_mix0908,56,0,0,-103,-6,8.19
fold2_room1_mix0908,56,4,0,-158,-4,5.23
fold2_room1_mix0908,57,0,0,-99,-6,7.82
fold2_room1_mix0908,57,4,0,-162,-4,5.87
fold2_room1_mix0908,58,0,0,-96,-7,7.18
fold2_room1_mix0908,58,4,0,-155,-5,4.82
fold2_room1_mix0908,59,0,0,-87,-6,7.85
fold2_room1_mix0908,59,4,0,-148,-4,4.54
fold2_room1_mix0908,60,0,0,-75,-6,7.20
fold2_room1_mix0908,60,4,0,-153,-5,4.72
fold2_room1_mix0908,61,0,0,-68,-6,7.52
fold2_room1_mix0908,61,4,0,-150,-6,3.85
fold2_room1_mix0908,62,0,0,-78,-6,7.64
fold2_room1_mix0908,62,4,0,-147,-6,3.84
fold2_room1_mix0908,63,0,0,-79,-5,4.81
fold2_room1_mix0908,63,4,0,-140,-8,3.64
fold2_room1_mix0908,64,0,0,-87,-5,6.41
fold2_room1_mix0908,64,4,0,-130,-7,3.46
fold2_room1_mix0908,65,0,0,-98,-4,5.32
fold2_room1_mix0908,65,4,0,-120,-9,3.34
fold2_room1_mix0908,66,0,0,-100,-4,2.91
fold2_room1_mix0908,66,4,0,-109,-9,3.05
fold2_room1_mix0908,67,0,0,-100,-4,4.49
fold2_room1_mix0908,67,4,0,-96,-8,3.09
fold2_room1_mix0908,68,0,0,-104,-4,2.30
fold2_room1_mix0908,68,4,0,-88,-8,3.02
fold2_room1_mix0908,69,4,0,-76,-8,2.87
fold2_room1_mix0908,70,4,0,-67,-7,3.05
fold2_room1_mix0908,71,4,0,-57,-7,3.26
fold2_room1_mix0908,72,4,0,-49,-5,3.88
fold2_room1_mix0908,73,4,0,-45,-5,4.02
fold2_room1_mix0908,74,4,0,-39,-5,4.12
fold2_room1_mix0908,75,4,0,-35,-4,4.74
fold2_room1_mix0908,76,4,0,-32,-4,5.03
fold2_room1_mix0908,77,4,0,-31,-4,5.06
fold2_room1_mix0908,78,4,0,-26,-4,5.98
fold2_room1_mix0908,79,4,0,-25,-4,6.26
fold2_room1_mix0908,80,4,0,-23,-3,6.59
fold2_room1_mix0908,81,4,0,-21,-3,6.94
fold2_room1_mix0908,82,4,0,-19,-3,7.18
fold2_room1_mix0908,83,4,0,-19,-3,7.96
fold2_room1_mix0908,84,4,0,-19,-3,8.19
fold2_room1_mix0908,85,4,0,-16,-3,8.78
fold2_room1_mix0908,86,4,0,-15,-3,9.04
fold2_room1_mix0908,87,4,0,-16,-3,9.30
fold2_room1_mix0908,88,4,0,-14,-3,10.44
fold2_room1_mix0908,89,4,0,-15,-2,10.23
fold2_room1_mix0908,90,4,0,-15,-2,10.74
fold2_room1_mix0908,91,4,0,-14,-2,11.61
fold2_room1_mix0908,92,4,0,-13,-2,11.48
fold2_room1_mix0908,93,4,0,-13,-2,11.88
fold2_room1_mix0908,94,4,0,-12,-2,11.75
fold2_room1_mix0908,95,4,0,-12,-2,12.39
fold2_room1_mix0908,96,4,0,-14,-2,3.95
fold2_room1_mix0908,97,4,0,-14,-2,5.19
fold2_room1_mix0909,1,4,0,-179,0,1.11
fold2_room1_mix0909,1,4,0,0,0,1.08
fold2_room1_mix0909,2,4,0,-178,1,1.51
fold2_room1_mix0909,2,4,0,-1,1,1.29
fold2_room1_mix0909,3,4,0,-176,1,4.52
fold2_room1_mix0909,3,4,0,-1,1,4.45
fold2_room1_mix0909,4,4,0,-175,0,16.94
fold2_room1_mix0909,4,4,0,-2,-1,13.68
fold2_room1_mix0909,5,4,0,-175,0,18.19
fold2_room1_mix0909,5,4,0,-2,-1,13.81
fold2_room1_mix0909,6,4,0,-176,0,20.73
fold2_room1_mix0909,6,4,0,-3,0,17.74
fold2_room1_mix0909,7,4,0,-176,0,34.74
fold2_room1_mix0909,7,4,0,-1,-1,26.71
fold2_room1_mix0909,8,4,0,-174,0,31.69
fold2_room1_mix0909,8,4,0,-2,-1,25.13
fold2_room1_mix0909,9,4,0,-175,0,31.57
fold2_room1_mix0909,9,4,0,-2,-1,25.73
fold2_room1_mix0909,10,4,0,-176,0,31.46
fold2_room1_mix0909,10,4,0,-3,-1,26.65
fold2_room1_mix0909,11,4,0,-176,0,30.59
fold2_room1_mix0909,11,4,0,-3,-1,26.63
fold2_room1_mix0909,12,4,0,-176,0,29.89
fold2_room1_mix0909,12,4,0,-3,-1,25.03
fold2_room1_mix0909,13,4,0,-175,0,28.40
fold2_room1_mix0909,13,4,0,-2,-1,24.94
fold2_room1_mix0909,14,4,0,-174,0,26.70
fold2_room1_mix0909,14,4,0,-3,-1,23.74
fold2_room1_mix0909,15,4,0,-174,-1,27.22
fold2_room1_mix0909,15,4,0,-3,-2,23.06
fold2_room1_mix0909,16,4,0,-173,-1,24.68
fold2_room1_mix0909,16,4,0,-2,-2,21.87
fold2_room1_mix0909,17,4,0,-176,-1,25.01
fold2_room1_mix0909,17,4,0,-1,-1,21.97
fold2_room1_mix0909,18,4,0,-174,-1,23.43
fold2_room1_mix0909,18,4,0,-1,-2,21.03
fold2_room1_mix0909,19,4,0,-174,-1,21.58
fold2_room1_mix0909,19,4,0,-2,-2,20.28
fold2_room1_mix0909,20,4,0,-175,-1,22.31
fold2_room1_mix0909,20,4,0,-2,-2,21.08
fold2_room1_mix0909,21,4,0,-174,-1,20.58
fold2_room1_mix0909,21,4,0,-2,-2,19.39
fold2_room1_mix0909,22,4,0,-173,-2,19.93
fold2_room1_mix0909,22,4,0,-3,-2,18.66
fold2_room1_mix0909,23,4,0,-174,-2,18.13
fold2_room1_mix0909,23,4,0,-4,-2,18.50
fold2_room1_mix0909,24,4,0,-172,-2,17.03
fold2_room1_mix0909,24,4,0,-6,-2,16.82
fold2_room1_mix0909,25,4,0,-171,-2,16.23
fold2_room1_mix0909,25,4,0,-5,-2,17.18
fold2_room1_mix0909,26,4,0,-173,-2,14.75
fold2_room1_mix0909,26,4,0,-7,-2,15.00
fold2_room1_mix0909,27,4,0,-171,-2,14.56
fold2_room1_mix0909,27,4,0,-9,-2,14.77
fold2_room1_mix0909,28,4,0,-172,-3,12.85
fold2_room1_mix0909,28,4,0,-9,-3,13.96
fold2_room1_mix0909,29,4,0,-173,-2,11.77
fold2_room1_mix0909,29,4,0,-9,-2,12.82
fold2_room1_mix0909,30,4,0,-175,-3,11.28
fold2_room1_mix0909,30,4,0,-13,-3,12.23
fold2_room1_mix0909,31,4,0,-174,-3,9.72
fold2_room1_mix0909,31,4,0,-12,-3,10.95
fold2_room1_mix0909,32,4,0,-174,-4,9.24
fold2_room1_mix0909,32,4,0,-18,-4,9.50
fold2_room1_mix0909,33,4,0,-168,-4,7.97
fold2_room1_mix0909,33,4,0,-29,-5,8.20
fold2_room1_mix0909,33,4,0,-11,-4,10.26
fold2_room1_mix0909,34,4,0,-175,-6,6.90
fold2_room1_mix0909,34,4,0,-33,-6,7.13
fold2_room1_mix0909,34,4,0,-13,-5,9.10
fold2_room1_mix0909,35,4,0,-173,-5,6.61
fold2_room1_mix0909,35,4,0,-36,-6,6.92
fold2_room1_mix0909,35,4,0,-13,-4,8.81
fold2_room1_mix0909,36,4,0,-177,-8,5.98
fold2_room1_mix0909,36,4,0,-43,-7,6.64
fold2_room1_mix0909,36,4,0,-18,-6,7.91
fold2_room1_mix0909,37,4,0,-177,-8,5.19
fold2_room1_mix0909,37,4,0,-42,-7,5.82
fold2_room1_mix0909,37,4,0,-21,-6,6.90
fold2_room1_mix0909,38,4,0,179,-10,4.79
fold2_room1_mix0909,38,4,0,-50,-8,4.68
fold2_room1_mix0909,38,4,0,-26,-8,6.01
fold2_room1_mix0909,39,4,0,177,-14,4.41
fold2_room1_mix0909,39,4,0,-57,-12,3.96
fold2_room1_mix0909,39,4,0,-32,-8,6.94
fold2_room1_mix0909,40,4,0,176,-22,3.85
fold2_room1_mix0909,40,4,0,-63,-17,3.08
fold2_room1_mix0909,40,4,0,-39,-11,5.69
fold2_room1_mix0909,41,4,0,-82,-67,1.71
fold2_room1_mix0909,41,4,0,-29,-9,7.26
fold2_room1_mix0909,42,4,0,-98,-39,2.43
fold2_room1_mix0909,42,4,0,-29,-10,5.62
fold2_room1_mix0909,43,4,0,-122,-16,3.05
fold2_room1_mix0909,43,4,0,-33,-11,3.29
fold2_room1_mix0909,43,4,0,-16,-8,5.14
fold2_room1_mix0909,44,4,0,-126,-12,4.15
fold2_room1_mix0909,44,4,0,-35,-10,3.24
fold2_room1_mix0909,44,4,0,-8,-8,6.51
fold2_room1_mix0909,45,4,0,-132,-9,4.07
fold2_room1_mix0909,45,4,0,-17,-6,5.86
fold2_room1_mix0909,46,4,0,-141,-6,4.86
fold2_room1_mix0909,46,4,0,-14,-6,5.99
fold2_room1_mix0909,47,4,0,-143,-6,5.22
fold2_room1_mix0909,47,4,0,-10,-5,6.69
fold2_room1_mix0909,48,4,0,-145,-6,5.34
fold2_room1_mix0909,48,4,0,-10,-5,6.97
fold2_room1_mix0909,49,4,0,-150,-5,5.59
fold2_room1_mix0909,49,4,0,-7,-4,8.27
fold2_room1_mix0909,50,4,0,-152,-4,5.84
fold2_room1_mix0909,50,4,0,-4,-4,8.12
fold2_room1_mix0909,51,4,0,-154,-4,6.62
fold2_room1_mix0909,51,4,0,-5,-4,8.72
fold2_room1_mix0909,52,4,0,-155,-3,7.53
fold2_room1_mix0909,52,4,0,-2,-3,9.53
fold2_room1_mix0909,53,4,0,-156,-4,8.07
fold2_room1_mix0909,53,4,0,-3,-4,9.17
fold2_room1_mix0909,54,4,0,-158,-3,8.49
fold2_room1_mix0909,54,4,0,-2,-3,9.31
fold2_room1_mix0909,55,4,0,-160,-2,9.39
fold2_room1_mix0909,55,4,0,0,-3,10.90
fold2_room1_mix0909,56,4,0,-162,-3,9.93
fold2_room1_mix0909,56,4,0,0,-4,9.56
fold2_room1_mix0909,57,4,0,-161,-2,10.94
fold2_room1_mix0909,57,4,0,4,-4,10.25
fold2_room1_mix0909,58,4,0,-163,-2,11.56
fold2_room1_mix0909,58,4,0,1,-4,10.83
fold2_room1_mix0909,59,4,0,-165,-2,12.47
fold2_room1_mix0909,59,4,0,3,-4,10.00
fold2_room1_mix0909,60,4,0,-165,-2,12.08
fold2_room1_mix0909,60,4,0,6,-5,8.65
fold2_room1_mix0909,61,4,0,-162,-2,12.06
fold2_room1_mix0909,61,4,0,7,-5,9.09
fold2_room1_mix0909,62,4,0,-163,-2,13.13
fold2_room1_mix0909,62,4,0,7,-6,8.26
fold2_room1_mix0909,63,4,0,-164,-1,13.20
fold2_room1_mix0909,63,4,0,8,-5,9.25
fold2_room1_mix0909,64,4,0,-164,-1,12.69
fold2_room1_mix0909,64,4,0,9,-5,8.62
fold2_room1_mix0909,65,4,0,-165,0,15.10
fold2_room1_mix0909,65,4,0,13,-4,9.68
fold2_room1_mix0909,66,4,0,-166,0,15.92
fold2_room1_mix0909,66,4,0,14,-5,9.46
fold2_room1_mix0909,67,4,0,-167,0,16.91
fold2_room1_mix0909,67,4,0,16,-5,8.92
fold2_room1_mix0909,68,4,0,-169,0,19.12
fold2_room1_mix0909,68,4,0,31,-10,3.51
fold2_room1_mix0909,68,4,0,11,-2,14.94
fold2_room1_mix0909,69,4,0,-170,0,19.19
fold2_room1_mix0909,69,4,0,44,-10,2.89
fold2_room1_mix0909,69,4,0,8,0,19.14
fold2_room1_mix0909,70,4,0,-172,0,21.66
fold2_room1_mix0909,70,4,0,52,-14,1.90
fold2_room1_mix0909,70,4,0,10,1,21.74
fold2_room1_mix0909,71,4,0,-175,0,21.08
fold2_room1_mix0909,71,4,0,71,-15,1.67
fold2_room1_mix0909,71,4,0,10,1,25.99
fold2_room1_mix0909,72,4,0,-174,1,22.19
fold2_room1_mix0909,72,4,0,88,-17,1.26
fold2_room1_mix0909,72,4,0,11,1,22.94
fold2_room1_mix0909,73,4,0,-175,1,23.21
fold2_room1_mix0909,73,4,0,108,-14,1.57
fold2_room1_mix0909,73,4,0,8,1,24.11
fold2_room1_mix0909,74,4,0,-175,1,24.73
fold2_room1_mix0909,74,4,0,125,-13,1.88
fold2_room1_mix0909,74,4,0,6,1,26.72
fold2_room1_mix0909,75,4,0,-175,1,23.32
fold2_room1_mix0909,75,4,0,135,-11,1.93
fold2_room1_mix0909,75,4,0,4,0,23.45
fold2_room1_mix0909,76,4,0,-174,1,22.04
fold2_room1_mix0909,76,4,0,146,-11,1.95
fold2_room1_mix0909,76,4,0,4,0,22.98
fold2_room1_mix0909,77,4,0,-173,0,20.94
fold2_room1_mix0909,77,4,0,150,-9,2.39
fold2_room1_mix0909,77,4,0,3,0,24.19
fold2_room1_mix0909,78,4,0,-173,0,21.18
fold2_room1_mix0909,78,4,0,151,-9,2.56
fold2_room1_mix0909,78,4,0,3,0,23.69
fold2_room1_mix0909,79,4,0,-175,0,19.82
fold2_room1_mix0909,79,4,0,153,-9,2.77
fold2_room1_mix0909,79,4,0,3,0,23.34
fold2_room1_mix0909,80,4,0,-175,0,19.12
fold2_room1_mix0909,80,4,0,156,-8,2.83
fold2_room1_mix0909,80,4,0,2,0,22.61
fold2_room1_mix0909,81,4,0,-176,0,16.79
fold2_room1_mix0909,81,4,0,158,-7,3.36
fold2_room1_mix0909,81,4,0,2,0,23.73
fold2_room1_mix0909,82,4,0,-175,0,16.72
fold2_room1_mix0909,82,4,0,161,-7,3.37
fold2_room1_mix0909,82,4,0,4,0,20.86
fold2_room1_mix0909,83,4,0,-174,0,18.37
fold2_room1_mix0909,83,4,0,164,-7,3.65
fold2_room1_mix0909,83,4,0,3,0,22.11
fold2_room1_mix0909,84,4,0,-173,0,16.21
fold2_room1_mix0909,84,4,0,166,-6,4.21
fold2_room1_mix0909,84,4,0,6,0,21.89
fold2_room1_mix0909,85,4,0,-173,0,16.10
fold2_room1_mix0909,85,4,0,167,-6,4.58
fold2_room1_mix0909,85,4,0,4,-1,21.25
fold2_room1_mix0909,86,4,0,-173,0,17.40
fold2_room1_mix0909,86,4,0,167,-6,5.07
fold2_room1_mix0909,86,4,0,4,-1,21.64
fold2_room1_mix0909,87,4,0,-173,0,19.42
fold2_room1_mix0909,87,4,0,169,-5,5.75
fold2_room1_mix0909,88,4,0,-174,0,19.02
fold2_room1_mix0909,88,4,0,169,-5,5.73
fold2_room1_mix0909,89,4,0,-174,0,18.85
fold2_room1_mix0909,89,4,0,170,-4,6.64
fold2_room1_mix0909,90,4,0,-173,0,19.68
fold2_room1_mix0909,90,4,0,171,-4,6.53
fold2_room1_mix0909,91,4,0,177,-1,13.52
fold2_room1_mix0909,92,4,0,-174,0,18.88
fold2_room1_mix0909,92,4,0,169,-4,6.67
fold2_room1_mix0909,93,4,0,-174,0,20.12
fold2_room1_mix0909,93,4,0,170,-4,6.99
fold2_room1_mix0909,94,4,0,178,-1,13.85
fold2_room1_mix0909,95,4,0,178,-1,14.22
fold2_room1_mix0909,96,4,0,179,-1,14.88
fold2_room1_mix0909,97,4,0,179,-1,15.89
fold2_room1_mix0909,97,4,0,0,0,26.76
fold2_room1_mix0909,98,4,0,179,-1,16.81
fold2_room1_mix0909,99,4,0,178,-1,15.89
fold2_room1_mix0910,68,4,0,-6,-1,5.72
fold2_room1_mix0910,69,4,0,-2,-1,10.43
fold2_room1_mix0910,70,4,0,-2,-2,11.79
fold2_room1_mix0910,71,4,0,-3,-2,12.39
fold2_room1_mix0910,72,4,0,-3,-2,12.47
fold2_room1_mix0910,73,4,0,-4,-3,12.06
fold2_room1_mix0910,74,4,0,-4,-4,10.30
fold2_room1_mix0910,75,4,0,-4,-4,9.87
fold2_room1_mix0910,76,4,0,-6,-4,8.87
fold2_room1_mix0910,77,4,0,-7,-5,7.59
fold2_room1_mix0910,78,4,0,-8,-5,6.63
fold2_room1_mix0910,79,4,0,-13,-7,4.99
fold2_room1_mix0910,80,4,0,-16,-10,3.75
fold2_room1_mix0910,81,4,0,-19,-13,3.05
fold2_room1_mix0910,82,4,0,-30,-19,2.26
fold2_room1_mix0910,83,4,0,-56,-33,1.65
fold2_room1_mix0910,84,4,0,-104,-33,1.43
fold2_room1_mix0910,85,4,0,-137,-22,1.82
fold2_room1_mix0910,86,4,0,-149,-15,2.47
fold2_room1_mix0910,87,4,0,-158,-10,3.46
fold2_room1_mix0910,88,4,0,-161,-10,4.30
fold2_room1_mix0910,89,4,0,-165,-7,5.21
fold2_room1_mix0910,90,4,0,-167,-5,6.34
fold2_room1_mix0910,91,4,0,-168,-5,7.16
fold2_room1_mix0910,92,4,0,-169,-4,7.99
fold2_room1_mix0910,93,4,0,-172,-3,9.41
fold2_room1_mix0910,94,4,0,-172,-3,10.73
fold2_room1_mix0910,95,4,0,-173,-2,11.51
fold2_room1_mix0910,96,4,0,-173,-2,12.46
fold2_room1_mix0910,97,4,0,-173,-1,13.36
fold2_room1_mix0910,98,4,0,-174,-1,14.05
fold2_room1_mix0910,99,4,0,-176,-1,9.24
fold2_room1_mix0911,11,4,0,167,0,4.93
fold2_room1_mix0911,12,4,0,174,3,3.09
fold2_room1_mix0911,19,4,0,167,2,5.09
fold2_room1_mix0911,20,4,0,173,0,14.71
fold2_room1_mix0911,21,4,0,169,0,6.00
fold2_room1_mix0911,22,4,0,172,0,11.47
fold2_room1_mix0911,23,4,0,167,0,13.12
fold2_room1_mix0911,24,4,0,167,1,6.33
fold2_room1_mix0911,25,4,0,175,-1,19.52
fold2_room1_mix0911,26,4,0,171,-1,15.77
fold2_room1_mix0911,27,4,0,170,0,21.22
fold2_room1_mix0911,28,4,0,169,-1,20.45
fold2_room1_mix0911,29,4,0,168,-1,22.04
fold2_room1_mix0911,30,4,0,173,-1,21.66
fold2_room1_mix0911,31,4,0,171,-1,20.74
fold2_room1_mix0911,32,4,0,172,-1,20.96
fold2_room1_mix0911,33,4,0,171,-1,21.74
fold2_room1_mix0911,34,4,0,168,-1,19.38
fold2_room1_mix0911,35,4,0,170,-1,18.85
fold2_room1_mix0911,36,4,0,170,-1,17.35
fold2_room1_mix0911,37,4,0,170,0,19.10
fold2_room1_mix0911,38,4,0,170,-1,17.00
fold2_room1_mix0911,39,4,0,168,-1,16.22
fold2_room1_mix0911,40,4,0,171,-1,16.24
fold2_room1_mix0911,41,4,0,174,-2,14.29
fold2_room1_mix0911,42,4,0,169,-2,14.27
fold2_room1_mix0911,43,4,0,169,-1,14.68
fold2_room1_mix0911,44,4,0,171,-2,13.26
fold2_room1_mix0911,45,4,0,168,-2,13.48
fold2_room1_mix0911,46,4,0,167,-2,12.99
fold2_room1_mix0911,47,4,0,165,-3,11.61
fold2_room1_mix0911,48,4,0,164,-3,10.98
fold2_room1_mix0911,49,4,0,166,-3,11.37
fold2_room1_mix0911,50,4,0,164,-3,10.85
fold2_room1_mix0911,51,4,0,164,-4,9.37
fold2_room1_mix0911,52,4,0,164,-4,9.01
fold2_room1_mix0911,53,4,0,161,-4,8.51
fold2_room1_mix0911,54,4,0,161,-5,7.41
fold2_room1_mix0911,55,4,0,160,-5,7.97
fold2_room1_mix0911,56,4,0,158,-5,7.27
fold2_room1_mix0911,57,4,0,154,-5,6.56
fold2_room1_mix0911,58,4,0,154,-6,5.85
fold2_room1_mix0911,59,4,0,150,-7,5.18
fold2_room1_mix0911,60,4,0,145,-8,4.49
fold2_room1_mix0911,61,4,0,139,-9,4.00
fold2_room1_mix0911,62,4,0,130,-9,3.63
fold2_room1_mix0911,63,4,0,117,-11,3.26
fold2_room1_mix0911,64,4,0,104,-11,3.30
fold2_room1_mix0911,65,4,0,91,-13,3.44
fold2_room1_mix0911,66,4,0,81,-11,3.70
fold2_room1_mix0911,67,4,0,67,-11,3.50
fold2_room1_mix0911,68,4,0,58,-9,4.00
fold2_room1_mix0911,69,4,0,47,-8,4.07
fold2_room1_mix0911,70,4,0,42,-7,4.53
fold2_room1_mix0911,71,4,0,36,-6,5.09
fold2_room1_mix0911,72,4,0,31,-6,5.99
fold2_room1_mix0911,73,4,0,29,-5,6.16
fold2_room1_mix0911,74,4,0,26,-5,6.22
fold2_room1_mix0911,75,4,0,23,-5,6.96
fold2_room1_mix0911,76,4,0,24,-4,7.31
fold2_room1_mix0911,77,4,0,22,-4,8.17
fold2_room1_mix0911,78,4,0,21,-4,8.65
fold2_room1_mix0911,79,4,0,20,-3,9.05
fold2_room1_mix0911,80,4,0,18,-3,9.78
fold2_room1_mix0911,81,4,0,16,-3,10.83
fold2_room1_mix0911,82,4,0,15,-3,10.70
fold2_room1_mix0911,83,4,0,15,-3,11.49
fold2_room1_mix0911,84,4,0,15,-2,12.51
fold2_room1_mix0911,85,4,0,15,-2,13.32
fold2_room1_mix0911,86,4,0,14,-2,13.82
fold2_room1_mix0911,87,4,0,15,-2,14.17
fold2_room1_mix0911,88,4,0,13,-2,15.33
fold2_room1_mix0911,89,4,0,12,-2,15.65
fold2_room1_mix0911,90,4,0,12,-2,15.86
fold2_room1_mix0911,91,4,0,13,-2,17.21
fold2_room1_mix0911,92,4,0,13,-2,16.78
fold2_room1_mix0911,93,4,0,11,-2,18.53
fold2_room1_mix0911,94,4,0,11,-2,18.97
fold2_room1_mix0911,95,4,0,12,-2,18.34
fold2_room1_mix0911,96,4,0,10,-1,20.24
fold2_room1_mix0911,97,4,0,11,-1,21.15
fold2_room1_mix0911,98,4,0,13,-1,21.64
fold2_room1_mix0911,99,4,0,12,-1,20.07
fold2_room1_mix0912,28,4,0,172,-1,11.73
fold2_room1_mix0912,30,4,0,177,-1,8.06
fold2_room1_mix0912,31,4,0,175,-1,11.19
fold2_room1_mix0912,32,4,0,173,-2,14.41
fold2_room1_mix0912,33,4,0,174,-2,15.64
fold2_room1_mix0912,34,4,0,175,-2,16.47
fold2_room1_mix0912,35,4,0,173,-2,15.71
fold2_room1_mix0912,36,4,0,173,-2,15.09
fold2_room1_mix0912,37,4,0,174,-2,15.29
fold2_room1_mix0912,38,4,0,173,-2,16.02
fold2_room1_mix0912,39,4,0,172,-2,15.50
fold2_room1_mix0912,40,4,0,172,-2,13.87
fold2_room1_mix0912,41,4,0,169,-2,13.29
fold2_room1_mix0912,42,4,0,168,-3,12.58
fold2_room1_mix0912,43,4,0,172,-3,12.20
fold2_room1_mix0912,44,4,0,168,-3,11.33
fold2_room1_mix0912,45,4,0,169,-3,10.74
fold2_room1_mix0912,46,4,0,171,-3,10.95
fold2_room1_mix0912,47,4,0,168,-3,10.66
fold2_room1_mix0912,48,4,0,171,-4,9.19
fold2_room1_mix0912,49,4,0,169,-4,8.67
fold2_room1_mix0912,50,4,0,166,-4,8.55
fold2_room1_mix0912,51,4,0,166,-5,8.16
fold2_room1_mix0912,52,4,0,166,-5,8.16
fold2_room1_mix0912,53,4,0,162,-5,6.77
fold2_room1_mix0912,54,4,0,162,-5,6.69
fold2_room1_mix0912,55,4,0,159,-7,5.60
fold2_room1_mix0912,56,4,0,156,-8,4.72
fold2_room1_mix0912,57,1,0,-10,-2,16.98
fold2_room1_mix0912,57,4,0,153,-9,4.98
fold2_room1_mix0912,58,1,0,-18,-3,21.43
fold2_room1_mix0912,58,4,0,151,-10,4.71
fold2_room1_mix0912,59,1,0,-21,-3,19.24
fold2_room1_mix0912,59,4,0,149,-8,5.25
fold2_room1_mix0912,60,1,0,-17,-3,22.00
fold2_room1_mix0912,60,4,0,149,-8,6.57
fold2_room1_mix0912,60,4,0,126,-12,8.73
fold2_room1_mix0912,61,4,0,115,-12,3.48
fold2_room1_mix0912,61,4,0,20,-5,12.45
fold2_room1_mix0912,62,1,0,-6,-3,17.85
fold2_room1_mix0912,62,4,0,105,-11,4.00
fold2_room1_mix0912,62,4,0,82,-9,7.45
fold2_room1_mix0912,63,1,0,-12,-3,17.32
fold2_room1_mix0912,63,4,0,78,-10,4.25
fold2_room1_mix0912,63,4,0,14,-1,15.22
fold2_room1_mix0912,64,1,0,-12,-2,21.55
fold2_room1_mix0912,64,4,0,81,-10,4.13
fold2_room1_mix0912,64,4,0,64,-9,4.03
fold2_room1_mix0912,64,4,0,39,-5,7.98
fold2_room1_mix0912,65,1,0,-9,-2,15.99
fold2_room1_mix0912,65,4,0,75,-7,6.46
fold2_room1_mix0912,65,4,0,33,-6,6.52
fold2_room1_mix0912,65,4,0,9,-1,13.80
fold2_room1_mix0912,66,4,0,34,-7,4.02
fold2_room1_mix0912,66,4,0,10,-1,13.16
fold2_room1_mix0912,67,1,0,-4,-2,20.10
fold2_room1_mix0912,67,4,0,36,-6,4.31
fold2_room1_mix0912,67,4,0,5,0,13.25
fold2_room1_mix0912,68,1,0,-7,-2,19.57
fold2_room1_mix0912,68,4,0,24,-4,5.45
fold2_room1_mix0912,68,4,0,6,-1,11.22
fold2_room1_mix0912,69,1,0,-6,-2,21.48
fold2_room1_mix0912,69,4,0,22,-4,7.88
fold2_room1_mix0912,70,1,0,-7,-2,18.56
fold2_room1_mix0912,70,4,0,14,-3,8.17
fold2_room1_mix0912,71,4,0,2,-4,8.52
fold2_room1_mix0912,72,1,0,-8,-2,25.82
fold2_room1_mix0912,72,4,0,12,-3,7.79
fold2_room1_mix0912,73,1,0,-9,-2,24.47
fold2_room1_mix0912,73,4,0,5,-3,10.36
fold2_room1_mix0912,74,1,0,-8,-2,30.56
fold2_room1_mix0912,74,4,0,11,-3,8.74
fold2_room1_mix0912,75,1,0,-14,-2,21.62
fold2_room1_mix0912,75,4,0,7,-2,10.52
fold2_room1_mix0912,76,4,0,-2,-3,11.86
fold2_room1_mix0912,77,1,0,-9,-2,28.26
fold2_room1_mix0912,77,4,0,0,-2,10.02
fold2_room1_mix0912,78,1,0,-13,-2,25.95
fold2_room1_mix0912,78,4,0,-5,-3,15.27
fold2_room1_mix0912,79,1,0,-8,-2,30.89
fold2_room1_mix0912,79,4,0,-5,-3,11.78
fold2_room1_mix0912,80,1,0,-14,-2,14.15
fold2_room1_mix0912,80,4,0,1,-2,14.00
fold2_room1_mix0912,81,4,0,-57,-2,13.72
fold2_room1_mix0912,81,4,0,8,-4,11.90
fold2_room1_mix0912,82,1,0,-11,-2,24.97
fold2_room1_mix0912,82,4,0,-60,-3,12.19
fold2_room1_mix0912,82,4,0,3,-4,12.58
fold2_room1_mix0912,83,1,0,-13,-2,25.21
fold2_room1_mix0912,83,4,0,-46,0,18.07
fold2_room1_mix0912,83,4,0,-5,-3,13.50
fold2_room1_mix0912,83,4,0,12,-4,11.22
fold2_room1_mix0912,84,4,0,-57,0,17.41
fold2_room1_mix0912,84,4,0,-31,0,17.24
fold2_room1_mix0912,84,4,0,1,-2,16.46
fold2_room1_mix0912,85,4,0,-71,-2,12.39
fold2_room1_mix0912,85,4,0,-9,-3,14.41
fold2_room1_mix0912,86,4,0,-72,-1,14.14
fold2_room1_mix0912,86,4,0,-12,-2,15.40
fold2_room1_mix0912,87,4,0,-81,-2,13.36
fold2_room1_mix0912,87,4,0,-12,-2,17.35
fold2_room1_mix0912,88,4,0,-86,-3,13.15
fold2_room1_mix0912,88,4,0,-11,-3,17.66
fold2_room1_mix0912,89,4,0,-89,-2,12.99
fold2_room1_mix0912,89,4,0,-32,-2,16.04
fold2_room1_mix0912,90,4,0,-90,-2,13.80
fold2_room1_mix0912,90,4,0,-26,-3,17.73
fold2_room1_mix0912,91,4,0,-94,-2,14.07
fold2_room1_mix0912,91,4,0,-27,-2,18.99
fold2_room1_mix0912,92,4,0,-97,-2,14.02
fold2_room1_mix0912,92,4,0,-32,-3,18.20
fold2_room1_mix0912,93,4,0,-92,-1,14.72
fold2_room1_mix0912,93,4,0,-71,-3,15.61
fold2_room1_mix0912,94,4,0,-106,-1,14.97
fold2_room1_mix0912,94,4,0,-61,-3,17.23
fold2_room1_mix0912,95,4,0,-104,-2,15.09
fold2_room1_mix0912,95,4,0,-30,-2,19.54
fold2_room1_mix0912,96,4,0,-102,-1,14.46
fold2_room1_mix0912,96,4,0,-30,-2,18.46
fold2_room1_mix0912,97,4,0,-110,-1,15.07
fold2_room1_mix0912,97,4,0,-37,-2,18.58
fold2_room1_mix0912,98,4,0,-110,-2,15.74
fold2_room1_mix0912,99,4,0,-116,-1,16.00
fold2_room1_mix0912,99,4,0,-66,-2,17.86
fold2_room1_mix0913,4,4,0,5,0,14.25
fold2_room1_mix0913,5,4,0,10,0,17.30
fold2_room1_mix0913,6,4,0,10,0,20.69
fold2_room1_mix0913,7,4,0,11,0,24.96
fold2_room1_mix0913,8,4,0,13,0,33.90
fold2_room1_mix0913,9,4,0,12,-1,34.12
fold2_room1_mix0913,10,4,0,12,0,32.43
fold2_room1_mix0913,11,4,0,15,0,33.73
fold2_room1_mix0913,12,4,0,16,0,33.88
fold2_room1_mix0913,13,4,0,11,0,32.29
fold2_room1_mix0913,14,4,0,12,0,34.51
fold2_room1_mix0913,15,4,0,12,0,34.25
fold2_room1_mix0913,16,4,0,12,0,32.22
fold2_room1_mix0913,17,4,0,13,0,33.83
fold2_room1_mix0913,18,4,0,13,0,32.51
fold2_room1_mix0913,19,4,0,12,-1,31.06
fold2_room1_mix0913,20,4,0,13,-1,31.87
fold2_room1_mix0913,21,4,0,12,-1,30.85
fold2_room1_mix0913,22,4,0,14,0,30.21
fold2_room1_mix0913,23,4,0,13,-1,28.46
fold2_room1_mix0913,24,4,0,16,-1,29.02
fold2_room1_mix0913,25,4,0,15,-1,28.63
fold2_room1_mix0913,26,4,0,15,-1,27.14
fold2_room1_mix0913,27,4,0,16,-1,27.82
fold2_room1_mix0913,28,4,0,16,-1,27.54
fold2_room1_mix0913,29,4,0,15,-1,25.15
fold2_room1_mix0913,30,4,0,16,-1,26.11
fold2_room1_mix0913,31,4,0,19,-1,24.95
fold2_room1_mix0913,32,4,0,18,-1,23.67
fold2_room1_mix0913,33,4,0,19,-1,24.10
fold2_room1_mix0913,34,4,0,19,-1,23.55
fold2_room1_mix0913,35,4,0,21,-1,23.01
fold2_room1_mix0913,36,4,0,20,-1,22.57
fold2_room1_mix0913,37,4,0,20,-1,22.56
fold2_room1_mix0913,38,4,0,22,-1,22.76
fold2_room1_mix0913,39,4,0,22,-1,21.59
fold2_room1_mix0913,40,4,0,24,-1,21.66
fold2_room1_mix0913,41,4,0,24,-1,20.46
fold2_room1_mix0913,42,4,0,24,-1,19.82
fold2_room1_mix0913,43,4,0,26,-1,19.60
fold2_room1_mix0913,44,4,0,27,-1,19.27
fold2_room1_mix0913,45,4,0,25,-1,17.37
fold2_room1_mix0913,46,4,0,26,-1,17.91
fold2_room1_mix0913,47,4,0,28,-1,16.54
fold2_room1_mix0913,48,4,0,29,-2,15.84
fold2_room1_mix0913,49,4,0,28,-2,14.80
fold2_room1_mix0913,50,4,0,29,-2,14.84
fold2_room1_mix0913,51,4,0,32,-2,14.05
fold2_room1_mix0913,52,4,0,32,-2,14.02
fold2_room1_mix0913,53,4,0,32,-2,13.45
fold2_room1_mix0913,54,4,0,34,-2,12.58
fold2_room1_mix0913,55,4,0,35,-2,12.01
fold2_room1_mix0913,56,4,0,38,-3,11.66
fold2_room1_mix0913,57,4,0,39,-3,11.27
fold2_room1_mix0913,58,4,0,40,-3,10.71
fold2_room1_mix0913,59,4,0,42,-3,10.45
fold2_room1_mix0913,60,4,0,46,-3,9.94
fold2_room1_mix0913,61,4,0,47,-3,9.20
fold2_room1_mix0913,62,4,0,50,-3,9.50
fold2_room1_mix0913,63,4,0,52,-3,9.19
fold2_room1_mix0913,64,4,0,55,-4,8.85
fold2_room1_mix0913,65,4,0,59,-3,8.90
fold2_room1_mix0913,66,4,0,64,-4,8.50
fold2_room1_mix0913,67,4,0,69,-4,8.34
fold2_room1_mix0913,68,4,0,74,-4,8.03
fold2_room1_mix0913,69,4,0,78,-4,8.02
fold2_room1_mix0913,70,4,0,83,-4,7.91
fold2_room1_mix0913,71,4,0,87,-4,7.79
fold2_room1_mix0913,72,4,0,92,-4,8.05
fold2_room1_mix0913,73,4,0,96,-3,8.10
fold2_room1_mix0913,74,4,0,103,-3,8.05
fold2_room1_mix0913,75,4,0,108,-3,8.57
fold2_room1_mix0913,76,4,0,113,-3,8.45
fold2_room1_mix0913,77,4,0,117,-3,8.36
fold2_room1_mix0913,78,4,0,120,-3,9.03
fold2_room1_mix0913,79,4,0,123,-3,9.05
fold2_room1_mix0913,80,4,0,126,-3,9.44
fold2_room1_mix0913,81,4,0,128,-3,9.78
fold2_room1_mix0913,82,4,0,130,-3,10.03
fold2_room1_mix0913,83,4,0,132,-3,10.31
fold2_room1_mix0913,84,4,0,135,-2,11.24
fold2_room1_mix0913,85,4,0,137,-2,11.27
fold2_room1_mix0913,86,4,0,140,-2,12.16
fold2_room1_mix0913,87,4,0,140,-2,12.44
fold2_room1_mix0913,88,4,0,141,-2,13.02
fold2_room1_mix0913,89,4,0,143,-2,12.98
fold2_room1_mix0913,90,4,0,145,-2,13.27
fold2_room1_mix0913,91,4,0,147,-1,14.66
fold2_room1_mix0913,92,4,0,149,-1,14.71
fold2_room1_mix0913,93,4,0,149,-2,14.03
fold2_room1_mix0913,94,4,0,150,-1,16.00
fold2_room1_mix0913,95,4,0,151,-1,16.31
fold2_room1_mix0913,96,4,0,152,-1,16.40
fold2_room1_mix0913,97,4,0,153,-1,17.40
fold2_room1_mix0913,98,4,0,154,-1,17.47
fold2_room1_mix0913,99,4,0,155,-1,17.94
fold2_room1_mix0913,3,4,0,0,2,1.87
fold2_room1_mix0914,1,0,0,-2,0,10.07
fold2_room1_mix0914,3,4,0,-1,0,2.81
fold2_room1_mix0914,4,4,0,1,-2,9.88
fold2_room1_mix0914,5,4,0,5,-2,9.47
fold2_room1_mix0914,6,4,0,4,-2,11.17
fold2_room1_mix0914,7,4,0,4,-2,14.61
fold2_room1_mix0914,8,4,0,2,-3,15.10
fold2_room1_mix0914,9,4,0,1,-3,14.24
fold2_room1_mix0914,10,4,0,3,-3,15.12
fold2_room1_mix0914,11,4,0,5,-2,15.80
fold2_room1_mix0914,12,4,0,4,-3,14.81
fold2_room1_mix0914,13,4,0,3,-3,15.04
fold2_room1_mix0914,14,4,0,6,-3,15.74
fold2_room1_mix0914,15,4,0,5,-3,14.40
fold2_room1_mix0914,16,4,0,5,-3,13.60
fold2_room1_mix0914,17,4,0,5,-2,14.15
fold2_room1_mix0914,18,4,0,7,-3,13.57
fold2_room1_mix0914,19,4,0,6,-3,14.07
fold2_room1_mix0914,20,4,0,6,-3,14.64
fold2_room1_mix0914,21,4,0,4,-3,13.95
fold2_room1_mix0914,22,4,0,7,-3,13.10
fold2_room1_mix0914,23,4,0,6,-3,12.89
fold2_room1_mix0914,24,4,0,5,-3,13.16
fold2_room1_mix0914,25,4,0,5,-3,12.71
fold2_room1_mix0914,26,4,0,6,-3,12.19
fold2_room1_mix0914,27,4,0,7,-3,11.56
fold2_room1_mix0914,28,4,0,8,-3,10.98
fold2_room1_mix0914,29,4,0,9,-3,10.46
fold2_room1_mix0914,30,4,0,11,-4,10.14
fold2_room1_mix0914,31,4,0,12,-4,9.71
fold2_room1_mix0914,32,4,0,14,-4,8.72
fold2_room1_mix0914,33,4,0,14,-4,8.07
fold2_room1_mix0914,34,4,0,15,-5,7.90
fold2_room1_mix0914,35,4,0,17,-4,7.41
fold2_room1_mix0914,36,4,0,17,-5,6.16
fold2_room1_mix0914,37,4,0,20,-5,5.80
fold2_room1_mix0914,38,4,0,20,-6,5.13
fold2_room1_mix0914,39,4,0,38,-9,3.63
fold2_room1_mix0914,39,4,0,14,-6,5.85
fold2_room1_mix0914,40,4,0,49,-9,3.63
fold2_room1_mix0914,40,4,0,13,-7,5.72
fold2_room1_mix0914,41,4,0,61,-13,2.53
fold2_room1_mix0914,41,4,0,8,-7,6.29
fold2_room1_mix0914,42,4,0,84,-14,2.36
fold2_room1_mix0914,42,4,0,27,-9,5.39
fold2_room1_mix0914,42,4,0,5,-7,5.37
fold2_room1_mix0914,43,4,0,108,-13,2.35
fold2_room1_mix0914,43,4,0,6,-6,5.56
fold2_room1_mix0914,44,4,0,123,-10,2.81
fold2_room1_mix0914,44,4,0,7,-6,5.41
fold2_room1_mix0914,45,4,0,136,-7,3.09
fold2_room1_mix0914,45,4,0,14,-7,4.27
fold2_room1_mix0914,46,4,0,138,-6,3.97
fold2_room1_mix0914,46,4,0,25,-9,3.35
fold2_room1_mix0914,47,4,0,142,-5,4.58
fold2_room1_mix0914,47,4,0,86,-10,3.59
fold2_room1_mix0914,47,4,0,35,-8,3.24
fold2_room1_mix0914,48,4,0,148,-5,4.74
fold2_room1_mix0914,48,4,0,102,-10,3.07
fold2_room1_mix0914,48,4,0,46,-10,2.67
fold2_room1_mix0914,49,4,0,152,-3,6.47
fold2_room1_mix0914,49,4,0,131,-5,4.23
fold2_room1_mix0914,49,4,0,73,-10,2.29
fold2_room1_mix0914,50,4,0,148,-4,5.66
fold2_room1_mix0914,50,4,0,94,-12,2.16
fold2_room1_mix0914,51,4,0,155,-3,7.13
fold2_room1_mix0914,51,4,0,115,-10,2.57
fold2_room1_mix0914,52,4,0,157,-2,7.61
fold2_room1_mix0914,52,4,0,125,-9,2.64
fold2_room1_mix0914,53,4,0,164,-2,8.67
fold2_room1_mix0914,53,4,0,140,-6,3.30
fold2_room1_mix0914,54,4,0,161,-1,8.62
fold2_room1_mix0914,54,4,0,139,-9,2.20
fold2_room1_mix0914,55,4,0,161,-1,9.50
fold2_room1_mix0914,55,4,0,143,-8,2.63
fold2_room1_mix0914,56,4,0,157,-3,7.59
fold2_room1_mix0914,57,4,0,159,-3,7.78
fold2_room1_mix0914,58,3,0,112,-4,9.69
fold2_room1_mix0914,58,4,0,161,-2,8.83
fold2_room1_mix0914,59,3,0,108,-4,9.48
fold2_room1_mix0914,59,4,0,166,-1,8.66
fold2_room1_mix0914,60,3,0,112,-4,8.90
fold2_room1_mix0914,60,4,0,167,-1,8.78
fold2_room1_mix0914,61,3,0,110,-5,7.32
fold2_room1_mix0914,61,4,0,171,-1,8.15
fold2_room1_mix0914,62,3,0,109,-5,7.70
fold2_room1_mix0914,62,4,0,170,-1,9.24
fold2_room1_mix0914,63,3,0,123,-5,9.17
fold2_room1_mix0914,63,4,0,170,-1,10.10
fold2_room1_mix0914,64,3,0,128,-5,8.53
fold2_room1_mix0914,64,4,0,171,-1,9.99
fold2_room1_mix0914,65,3,0,126,-5,8.90
fold2_room1_mix0914,65,4,0,173,-1,11.38
fold2_room1_mix0914,66,3,0,138,-4,10.42
fold2_room1_mix0914,66,4,0,174,-1,10.99
fold2_room1_mix0914,67,3,0,146,-5,9.36
fold2_room1_mix0914,67,4,0,174,0,11.76
fold2_room1_mix0914,68,4,0,174,0,12.96
fold2_room1_mix0914,69,4,0,173,-1,11.25
fold2_room1_mix0914,70,4,0,172,0,13.32
fold2_room1_mix0914,71,4,0,174,0,12.65
fold2_room1_mix0914,72,3,0,132,-4,8.03
fold2_room1_mix0914,72,4,0,176,0,13.08
fold2_room1_mix0914,73,3,0,133,-4,13.10
fold2_room1_mix0914,73,4,0,175,0,14.82
fold2_room1_mix0914,74,3,0,136,-4,12.75
fold2_room1_mix0914,74,4,0,175,0,13.43
fold2_room1_mix0914,75,3,0,140,-4,11.64
fold2_room1_mix0914,75,4,0,-179,0,13.13
fold2_room1_mix0914,76,3,0,136,-4,10.84
fold2_room1_mix0914,76,4,0,-179,0,13.01
fold2_room1_mix0914,77,3,0,135,-4,11.78
fold2_room1_mix0914,77,4,0,-177,0,12.98
fold2_room1_mix0914,78,3,0,133,-4,10.88
fold2_room1_mix0914,78,4,0,-176,0,13.07
fold2_room1_mix0914,79,3,0,137,-4,10.55
fold2_room1_mix0914,79,4,0,-172,0,11.53
fold2_room1_mix0914,80,4,0,174,2,16.04
fold2_room1_mix0914,80,4,0,-153,-2,7.88
fold2_room1_mix0914,81,4,0,162,1,20.44
fold2_room1_mix0914,81,4,0,-143,-5,6.08
fold2_room1_mix0914,82,4,0,167,0,17.95
fold2_room1_mix0914,82,4,0,-135,-8,4.20
fold2_room1_mix0914,83,4,0,164,0,19.09
fold2_room1_mix0914,83,4,0,-129,-9,3.74
fold2_room1_mix0914,84,4,0,165,0,18.03
fold2_room1_mix0914,84,4,0,-108,-10,2.99
fold2_room1_mix0914,85,4,0,170,0,17.49
fold2_room1_mix0914,85,4,0,-98,-10,2.68
fold2_room1_mix0914,86,4,0,174,1,15.73
fold2_room1_mix0914,86,4,0,-83,-10,2.52
fold2_room1_mix0914,87,4,0,179,0,16.97
fold2_room1_mix0914,87,4,0,-63,-10,2.82
fold2_room1_mix0914,88,4,0,178,0,16.57
fold2_room1_mix0914,88,4,0,-53,-8,3.25
fold2_room1_mix0914,89,4,0,-179,0,17.16
fold2_room1_mix0914,89,4,0,-44,-6,4.03
fold2_room1_mix0914,90,4,0,178,0,17.86
fold2_room1_mix0914,90,4,0,-38,-5,4.92
fold2_room1_mix0914,91,4,0,-179,0,19.59
fold2_room1_mix0914,91,4,0,-32,-5,5.78
fold2_room1_mix0914,92,4,0,177,0,19.51
fold2_room1_mix0914,92,4,0,-26,-4,6.42
fold2_room1_mix0914,93,4,0,176,0,19.77
fold2_room1_mix0914,93,4,0,-23,-3,7.11
fold2_room1_mix0914,94,4,0,173,0,19.46
fold2_room1_mix0914,94,4,0,-21,-3,8.07
fold2_room1_mix0914,95,4,0,175,0,19.86
fold2_room1_mix0914,95,4,0,-19,-3,9.45
fold2_room1_mix0914,96,4,0,177,0,20.80
fold2_room1_mix0914,96,4,0,-17,-2,11.34
fold2_room1_mix0914,97,4,0,176,0,21.07
fold2_room1_mix0914,97,4,0,-15,-2,12.73
fold2_room1_mix0914,98,4,0,179,-1,17.86
fold2_room1_mix0914,98,4,0,-16,-2,11.91
fold2_room1_mix0914,99,4,0,-179,0,19.76
fold2_room1_mix0914,99,4,0,-14,-1,13.16
fold2_room1_mix0914,2,4,0,-1,1,1.00
fold2_room1_mix0915,1,4,0,168,0,0.48
fold2_room1_mix0915,2,4,0,166,0,2.82
fold2_room1_mix0915,2,4,0,4,1,3.01
fold2_room1_mix0915,3,4,0,160,-1,11.04
fold2_room1_mix0915,3,4,0,4,0,13.71
fold2_room1_mix0915,4,4,0,162,-1,13.41
fold2_room1_mix0915,4,4,0,5,-1,14.73
fold2_room1_mix0915,5,4,0,162,-1,16.05
fold2_room1_mix0915,5,4,0,2,-1,17.26
fold2_room1_mix0915,6,4,0,161,-1,17.36
fold2_room1_mix0915,6,4,0,3,0,21.04
fold2_room1_mix0915,7,4,0,156,-1,22.59
fold2_room1_mix0915,7,4,0,4,-1,22.38
fold2_room1_mix0915,8,4,0,158,-2,21.27
fold2_room1_mix0915,8,4,0,4,-2,23.34
fold2_room1_mix0915,9,4,0,156,-1,24.16
fold2_room1_mix0915,9,4,0,4,-1,22.74
fold2_room1_mix0915,10,4,0,152,-1,20.66
fold2_room1_mix0915,10,4,0,1,-1,21.99
fold2_room1_mix0915,11,4,0,154,-1,21.28
fold2_room1_mix0915,11,4,0,3,-1,21.78
fold2_room1_mix0915,12,4,0,152,-1,20.57
fold2_room1_mix0915,12,4,0,1,-1,21.11
fold2_room1_mix0915,13,4,0,150,-1,20.32
fold2_room1_mix0915,13,4,0,2,-1,21.36
fold2_room1_mix0915,14,4,0,149,-2,19.16
fold2_room1_mix0915,14,4,0,3,-1,19.56
fold2_room1_mix0915,15,4,0,149,-1,20.23
fold2_room1_mix0915,15,4,0,6,-1,20.44
fold2_room1_mix0915,16,4,0,157,-1,21.96
fold2_room1_mix0915,16,4,0,139,-2,18.22
fold2_room1_mix0915,16,4,0,0,-2,17.44
fold2_room1_mix0915,17,4,0,150,-1,20.01
fold2_room1_mix0915,17,4,0,6,-2,19.97
fold2_room1_mix0915,18,4,0,146,-2,18.98
fold2_room1_mix0915,18,4,0,4,-2,17.25
fold2_room1_mix0915,19,4,0,149,-1,18.82
fold2_room1_mix0915,19,4,0,5,-2,17.69
fold2_room1_mix0915,20,4,0,142,-2,19.59
fold2_room1_mix0915,20,4,0,2,-2,17.39
fold2_room1_mix0915,21,4,0,146,-2,18.58
fold2_room1_mix0915,21,4,0,4,-1,17.95
fold2_room1_mix0915,22,4,0,143,-1,18.85
fold2_room1_mix0915,22,4,0,4,-1,17.03
fold2_room1_mix0915,23,4,0,144,-1,19.43
fold2_room1_mix0915,23,4,0,4,-1,16.00
fold2_room1_mix0915,24,4,0,141,-1,17.56
fold2_room1_mix0915,24,4,0,3,-2,15.51
fold2_room1_mix0915,25,4,0,145,-1,17.24
fold2_room1_mix0915,25,4,0,5,-1,13.78
fold2_room1_mix0915,26,4,0,139,-1,17.39
fold2_room1_mix0915,26,4,0,5,-2,12.50
fold2_room1_mix0915,27,4,0,144,-2,16.00
fold2_room1_mix0915,27,4,0,6,-2,11.81
fold2_room1_mix0915,28,4,0,136,-1,15.97
fold2_room1_mix0915,28,4,0,0,-3,10.96
fold2_room1_mix0915,29,4,0,135,-1,15.51
fold2_room1_mix0915,29,4,0,-2,-4,9.33
fold2_room1_mix0915,30,4,0,133,-2,14.48
fold2_room1_mix0915,30,4,0,-4,-4,9.55
fold2_room1_mix0915,31,4,0,132,-1,15.08
fold2_room1_mix0915,31,4,0,0,-4,8.94
fold2_room1_mix0915,32,4,0,129,-2,14.47
fold2_room1_mix0915,32,4,0,-2,-5,8.48
fold2_room1_mix0915,33,4,0,132,-1,14.33
fold2_room1_mix0915,33,4,0,-4,-4,8.13
fold2_room1_mix0915,34,4,0,128,-2,14.15
fold2_room1_mix0915,34,4,0,-7,-6,7.64
fold2_room1_mix0915,35,4,0,126,-2,13.27
fold2_room1_mix0915,35,4,0,-6,-7,6.55
fold2_room1_mix0915,36,4,0,124,-2,14.35
fold2_room1_mix0915,36,4,0,-5,-8,5.92
fold2_room1_mix0915,37,4,0,123,-3,12.39
fold2_room1_mix0915,37,4,0,-6,-10,4.92
fold2_room1_mix0915,38,4,0,121,-3,12.28
fold2_room1_mix0915,38,4,0,-12,-11,4.47
fold2_room1_mix0915,39,4,0,123,-3,12.62
fold2_room1_mix0915,39,4,0,-16,-12,4.22
fold2_room1_mix0915,40,4,0,119,-3,12.54
fold2_room1_mix0915,40,4,0,-14,-12,4.42
fold2_room1_mix0915,41,4,0,116,-4,10.68
fold2_room1_mix0915,41,4,0,-20,-14,3.60
fold2_room1_mix0915,42,4,0,112,-3,11.92
fold2_room1_mix0915,42,4,0,88,-12,8.14
fold2_room1_mix0915,42,4,0,-20,-17,3.03
fold2_room1_mix0915,43,4,0,107,-3,11.66
fold2_room1_mix0915,43,4,0,124,-4,10.41
fold2_room1_mix0915,43,4,0,-34,-22,2.71
fold2_room1_mix0915,44,4,0,99,-3,10.68
fold2_room1_mix0915,44,4,0,122,-1,13.54
fold2_room1_mix0915,44,4,0,-60,-24,2.18
fold2_room1_mix0915,45,4,0,99,-4,10.52
fold2_room1_mix0915,45,4,0,123,-1,12.58
fold2_room1_mix0915,45,4,0,-86,-25,1.83
fold2_room1_mix0915,46,4,0,98,-5,9.20
fold2_room1_mix0915,46,4,0,123,-3,11.36
fold2_room1_mix0915,46,4,0,-112,-22,2.37
fold2_room1_mix0915,47,4,0,106,-15,5.57
fold2_room1_mix0915,47,4,0,125,-2,12.49
fold2_room1_mix0915,47,4,0,141,-12,5.93
fold2_room1_mix0915,48,4,0,-112,-20,2.46
fold2_room1_mix0915,48,4,0,119,-1,10.65
fold2_room1_mix0915,49,4,0,-122,-16,2.42
fold2_room1_mix0915,49,4,0,118,-2,9.44
fold2_room1_mix0915,50,4,0,-132,-14,2.59
fold2_room1_mix0915,50,4,0,115,-2,8.94
fold2_room1_mix0915,51,4,0,-135,-10,2.66
fold2_room1_mix0915,51,4,0,109,-1,10.01
fold2_room1_mix0915,52,4,0,-138,-10,2.78
fold2_room1_mix0915,52,4,0,110,-1,10.09
fold2_room1_mix0915,53,4,0,-141,-10,3.10
fold2_room1_mix0915,53,4,0,106,-1,10.01
fold2_room1_mix0915,54,4,0,-143,-9,3.38
fold2_room1_mix0915,54,4,0,103,-1,10.26
fold2_room1_mix0915,55,4,0,-145,-8,3.48
fold2_room1_mix0915,55,4,0,104,-1,10.24
fold2_room1_mix0915,56,4,0,-149,-8,3.95
fold2_room1_mix0915,56,4,0,97,-1,10.77
fold2_room1_mix0915,57,4,0,-149,-7,4.35
fold2_room1_mix0915,57,4,0,95,-1,11.00
fold2_room1_mix0915,58,4,0,-150,-6,4.47
fold2_room1_mix0915,58,4,0,96,0,11.46
fold2_room1_mix0915,59,4,0,-155,-7,4.81
fold2_room1_mix0915,59,4,0,94,0,11.82
fold2_room1_mix0915,60,4,0,-158,-6,5.51
fold2_room1_mix0915,60,4,0,93,0,12.46
fold2_room1_mix0915,61,4,0,-159,-5,5.77
fold2_room1_mix0915,61,4,0,88,0,12.05
fold2_room1_mix0915,62,4,0,-161,-5,6.45
fold2_room1_mix0915,62,4,0,84,0,12.81
fold2_room1_mix0915,63,4,0,-165,-5,7.21
fold2_room1_mix0915,63,4,0,80,0,13.12
fold2_room1_mix0915,64,4,0,-164,-4,8.11
fold2_room1_mix0915,64,4,0,81,0,13.42
fold2_room1_mix0915,65,4,0,-168,-4,8.21
fold2_room1_mix0915,65,4,0,76,-1,13.66
fold2_room1_mix0915,66,4,0,-168,-4,7.83
fold2_room1_mix0915,66,4,0,75,0,13.81
fold2_room1_mix0915,67,4,0,-169,-3,8.51
fold2_room1_mix0915,67,4,0,69,-1,13.82
fold2_room1_mix0915,68,4,0,-169,-3,9.59
fold2_room1_mix0915,68,4,0,69,-1,14.41
fold2_room1_mix0915,69,4,0,-169,-3,9.37
fold2_room1_mix0915,69,4,0,64,-1,14.37
fold2_room1_mix0915,70,4,0,-168,-3,9.89
fold2_room1_mix0915,70,4,0,62,-1,14.47
fold2_room1_mix0915,71,4,0,-168,-3,10.65
fold2_room1_mix0915,71,4,0,59,-1,15.47
fold2_room1_mix0915,72,4,0,-169,-3,11.83
fold2_room1_mix0915,72,4,0,57,-1,15.08
fold2_room1_mix0915,73,4,0,-170,-3,11.72
fold2_room1_mix0915,73,4,0,55,-1,15.99
fold2_room1_mix0915,74,4,0,-171,-2,12.32
fold2_room1_mix0915,74,4,0,56,-1,15.90
fold2_room1_mix0915,75,4,0,-170,-3,12.39
fold2_room1_mix0915,75,4,0,52,-1,16.42
fold2_room1_mix0915,76,4,0,-170,-3,12.55
fold2_room1_mix0915,76,4,0,49,-1,17.90
fold2_room1_mix0915,77,4,0,-171,-3,13.49
fold2_room1_mix0915,77,4,0,47,-1,17.41
fold2_room1_mix0915,78,4,0,-170,-3,13.49
fold2_room1_mix0915,78,4,0,44,-1,18.32
fold2_room1_mix0915,79,4,0,-170,-3,14.08
fold2_room1_mix0915,79,4,0,42,-1,19.24
fold2_room1_mix0915,80,4,0,-172,-2,15.36
fold2_room1_mix0915,80,4,0,41,-1,18.57
fold2_room1_mix0915,81,4,0,-170,-2,14.73
fold2_room1_mix0915,81,4,0,40,-1,19.00
fold2_room1_mix0915,82,4,0,-171,-2,14.93
fold2_room1_mix0915,82,4,0,38,-1,18.90
fold2_room1_mix0915,83,4,0,-171,-2,16.34
fold2_room1_mix0915,83,4,0,37,-1,18.48
fold2_room1_mix0915,84,4,0,-172,-2,16.44
fold2_room1_mix0915,84,4,0,37,-1,18.99
fold2_room1_mix0915,85,4,0,-172,-2,15.56
fold2_room1_mix0915,85,4,0,35,-1,19.03
fold2_room1_mix0915,86,4,0,-172,-2,15.86
fold2_room1_mix0915,86,4,0,35,-1,18.23
fold2_room1_mix0915,87,4,0,-175,-2,17.76
fold2_room1_mix0915,87,4,0,33,-1,19.61
fold2_room1_mix0915,88,4,0,-175,-2,18.01
fold2_room1_mix0915,88,4,0,34,-1,19.35
fold2_room1_mix0915,89,4,0,-175,-2,19.88
fold2_room1_mix0915,89,4,0,31,-1,20.45
fold2_room1_mix0915,90,4,0,-176,-2,20.09
fold2_room1_mix0915,90,4,0,31,-1,20.45
fold2_room1_mix0915,91,4,0,-177,-2,21.15
fold2_room1_mix0915,91,4,0,31,-1,20.67
fold2_room1_mix0915,92,4,0,-176,-2,20.51
fold2_room1_mix0915,92,4,0,32,-1,21.46
fold2_room1_mix0915,93,4,0,-177,-2,21.35
fold2_room1_mix0915,93,4,0,30,-1,21.21
fold2_room1_mix0915,94,4,0,-177,-2,20.99
fold2_room1_mix0915,94,4,0,31,-1,20.59
fold2_room1_mix0915,95,4,0,-178,-2,22.55
fold2_room1_mix0915,95,4,0,30,-2,20.40
fold2_room1_mix0915,96,4,0,-177,-2,25.37
fold2_room1_mix0915,96,4,0,31,-2,21.13
fold2_room1_mix0915,97,4,0,-179,-2,24.79
fold2_room1_mix0915,97,4,0,28,-2,21.18
fold2_room1_mix0915,98,4,0,-179,-2,24.38
fold2_room1_mix0915,98,4,0,28,-2,21.14
fold2_room1_mix0915,99,4,0,-177,-2,22.43
fold2_room1_mix0915,99,4,0,28,-2,20.30
fold2_room1_mix0916,4,4,0,5,1,6.50
fold2_room1_mix0916,5,4,0,5,0,12.52
fold2_room1_mix0916,6,4,0,6,0,15.46
fold2_room1_mix0916,7,4,0,21,1,19.62
fold2_room1_mix0916,7,4,0,4,0,18.78
fold2_room1_mix0916,8,4,0,7,0,27.62
fold2_room1_mix0916,9,4,0,7,0,24.17
fold2_room1_mix0916,10,4,0,8,0,28.78
fold2_room1_mix0916,11,4,0,23,0,27.72
fold2_room1_mix0916,11,4,0,5,0,30.32
fold2_room1_mix0916,12,1,0,174,-2,15.16
fold2_room1_mix0916,12,4,0,24,0,25.11
fold2_room1_mix0916,12,4,0,8,0,28.17
fold2_room1_mix0916,13,1,0,169,-3,34.31
fold2_room1_mix0916,13,4,0,12,-1,27.61
fold2_room1_mix0916,14,1,0,177,-3,11.28
fold2_room1_mix0916,14,4,0,11,0,29.90
fold2_room1_mix0916,15,1,0,174,-3,32.48
fold2_room1_mix0916,15,4,0,12,0,26.01
fold2_room1_mix0916,16,1,0,174,-3,34.85
fold2_room1_mix0916,16,4,0,166,0,29.02
fold2_room1_mix0916,16,4,0,12,-1,28.38
fold2_room1_mix0916,17,1,0,174,-3,33.22
fold2_room1_mix0916,17,4,0,171,1,36.29
fold2_room1_mix0916,17,4,0,13,-2,30.68
fold2_room1_mix0916,18,1,0,169,-2,38.29
fold2_room1_mix0916,18,4,0,161,0,25.11
fold2_room1_mix0916,18,4,0,13,-1,26.76
fold2_room1_mix0916,19,1,0,176,-2,5.44
fold2_room1_mix0916,19,4,0,14,-2,29.34
fold2_room1_mix0916,20,1,0,172,-3,30.35
fold2_room1_mix0916,20,4,0,11,-1,32.30
fold2_room1_mix0916,21,1,0,169,-3,31.57
fold2_room1_mix0916,21,4,0,174,0,30.92
fold2_room1_mix0916,21,4,0,11,-1,27.83
fold2_room1_mix0916,22,1,0,166,-3,34.50
fold2_room1_mix0916,22,4,0,172,0,33.40
fold2_room1_mix0916,22,4,0,12,-2,30.34
fold2_room1_mix0916,23,1,0,167,-2,30.13
fold2_room1_mix0916,23,4,0,176,0,31.88
fold2_room1_mix0916,23,4,0,12,-1,27.74
fold2_room1_mix0916,24,1,0,169,-2,8.74
fold2_room1_mix0916,24,3,0,146,-3,14.14
fold2_room1_mix0916,24,4,0,173,1,28.32
fold2_room1_mix0916,24,4,0,7,-1,21.97
fold2_room1_mix0916,25,1,0,165,-2,15.43
fold2_room1_mix0916,25,3,0,76,-1,11.20
fold2_room1_mix0916,25,4,0,176,1,27.02
fold2_room1_mix0916,25,4,0,6,-1,21.73
fold2_room1_mix0916,26,1,0,165,-3,19.08
fold2_room1_mix0916,26,4,0,-179,2,24.63
fold2_room1_mix0916,26,4,0,10,-1,22.30
fold2_room1_mix0916,27,1,0,164,-2,21.78
fold2_room1_mix0916,27,3,0,120,-1,7.25
fold2_room1_mix0916,27,4,0,169,1,26.86
fold2_room1_mix0916,27,4,0,10,-2,22.41
fold2_room1_mix0916,28,1,0,164,-2,3.46
fold2_room1_mix0916,28,3,0,99,-3,16.82
fold2_room1_mix0916,28,4,0,173,1,28.64
fold2_room1_mix0916,28,4,0,7,-2,23.29
fold2_room1_mix0916,29,1,0,162,-3,15.75
fold2_room1_mix0916,29,3,0,98,-2,11.25
fold2_room1_mix0916,29,4,0,176,3,29.67
fold2_room1_mix0916,29,4,0,11,0,19.96
fold2_room1_mix0916,30,1,0,164,-3,18.98
fold2_room1_mix0916,30,3,0,82,-1,9.41
fold2_room1_mix0916,30,4,0,172,3,29.69
fold2_room1_mix0916,30,4,0,12,-1,19.67
fold2_room1_mix0916,31,1,0,159,-3,12.59
fold2_room1_mix0916,31,3,0,48,-2,11.28
fold2_room1_mix0916,31,4,0,176,1,26.84
fold2_room1_mix0916,31,4,0,11,-1,20.45
fold2_room1_mix0916,32,1,0,148,-3,19.84
fold2_room1_mix0916,32,3,0,108,-1,5.68
fold2_room1_mix0916,32,4,0,-179,3,33.27
fold2_room1_mix0916,32,4,0,11,0,21.29
fold2_room1_mix0916,33,3,0,100,-3,11.95
fold2_room1_mix0916,33,4,0,9,-1,26.18
fold2_room1_mix0916,34,1,0,138,-3,11.26
fold2_room1_mix0916,34,3,0,90,-1,7.00
fold2_room1_mix0916,34,4,0,178,2,26.91
fold2_room1_mix0916,34,4,0,8,-2,19.07
fold2_room1_mix0916,35,1,0,135,-3,16.56
fold2_room1_mix0916,35,3,0,109,-1,7.01
fold2_room1_mix0916,35,4,0,176,2,27.35
fold2_room1_mix0916,35,4,0,9,-2,16.42
fold2_room1_mix0916,36,3,0,93,-3,11.98
fold2_room1_mix0916,36,4,0,13,-1,23.95
fold2_room1_mix0916,37,4,0,9,-2,19.77
fold2_room1_mix0916,38,4,0,26,-1,15.04
fold2_room1_mix0916,38,4,0,3,-2,15.77
fold2_room1_mix0916,39,3,0,64,-5,7.34
fold2_room1_mix0916,39,4,0,31,-2,15.83
fold2_room1_mix0916,39,4,0,1,-2,15.13
fold2_room1_mix0916,40,3,0,42,-4,7.91
fold2_room1_mix0916,40,4,0,23,-2,18.00
fold2_room1_mix0916,40,4,0,3,-2,17.44
fold2_room1_mix0916,41,3,0,50,-4,8.65
fold2_room1_mix0916,41,4,0,23,-3,14.59
fold2_room1_mix0916,41,4,0,0,-2,15.49
fold2_room1_mix0916,42,3,0,58,-4,7.55
fold2_room1_mix0916,42,4,0,32,-3,11.73
fold2_room1_mix0916,42,4,0,0,-3,12.52
fold2_room1_mix0916,43,3,0,52,-4,7.50
fold2_room1_mix0916,43,4,0,30,-3,12.49
fold2_room1_mix0916,43,4,0,0,-3,13.87
fold2_room1_mix0916,44,3,0,25,-4,8.34
fold2_room1_mix0916,44,4,0,31,-4,10.62
fold2_room1_mix0916,44,4,0,0,-3,12.83
fold2_room1_mix0916,45,3,0,37,-4,8.83
fold2_room1_mix0916,45,4,0,39,-4,8.62
fold2_room1_mix0916,45,4,0,1,-4,9.26
fold2_room1_mix0916,46,3,0,47,-5,7.90
fold2_room1_mix0916,46,4,0,49,-6,8.28
fold2_room1_mix0916,46,4,0,-1,-4,9.96
fold2_room1_mix0916,47,3,0,19,-3,8.34
fold2_room1_mix0916,47,4,0,55,-8,6.19
fold2_room1_mix0916,47,4,0,-1,-4,8.19
fold2_room1_mix0916,48,3,0,21,-4,4.42
fold2_room1_mix0916,48,4,0,64,-8,4.82
fold2_room1_mix0916,48,4,0,-1,-4,6.97
fold2_room1_mix0916,49,4,0,71,-8,5.27
fold2_room1_mix0916,49,4,0,0,-6,5.66
fold2_room1_mix0916,50,4,0,89,-7,6.79
fold2_room1_mix0916,50,4,0,0,-8,4.60
fold2_room1_mix0916,51,4,0,103,-8,5.85
fold2_room1_mix0916,51,4,0,-13,-9,4.07
fold2_room1_mix0916,51,4,0,8,-9,4.15
fold2_room1_mix0916,52,4,0,108,-5,8.21
fold2_room1_mix0916,52,4,0,-5,-14,2.96
fold2_room1_mix0916,53,4,0,111,-6,7.28
fold2_room1_mix0916,53,4,0,-29,-16,2.02
fold2_room1_mix0916,53,4,0,-11,-18,2.75
fold2_room1_mix0916,54,4,0,113,-4,8.84
fold2_room1_mix0916,54,4,0,-49,-24,0.97
fold2_room1_mix0916,54,4,0,4,-23,3.00
fold2_room1_mix0916,55,4,0,119,-13,6.90
fold2_room1_mix0916,55,4,0,-100,-28,0.91
fold2_room1_mix0916,55,4,0,51,-8,8.70
fold2_room1_mix0916,56,4,0,174,-12,5.13
fold2_room1_mix0916,56,4,0,-124,-23,1.20
fold2_room1_mix0916,56,4,0,105,-5,8.97
fold2_room1_mix0916,57,3,0,142,-6,11.64
fold2_room1_mix0916,57,4,0,-166,-17,3.46
fold2_room1_mix0916,57,4,0,171,-18,3.15
fold2_room1_mix0916,57,4,0,89,-9,7.85
fold2_room1_mix0916,58,4,0,-166,-12,3.59
fold2_room1_mix0916,58,4,0,79,-2,6.72
fold2_room1_mix0916,58,4,0,56,-7,8.34
fold2_room1_mix0916,59,3,0,24,-4,12.68
fold2_room1_mix0916,59,4,0,-155,-5,5.85
fold2_room1_mix0916,59,4,0,69,-2,8.55
fold2_room1_mix0916,59,4,0,87,-3,10.43
fold2_room1_mix0916,60,3,0,37,-3,11.37
fold2_room1_mix0916,60,4,0,-156,-3,7.10
fold2_room1_mix0916,60,4,0,95,-2,9.40
fold2_room1_mix0916,61,3,0,35,-5,7.84
fold2_room1_mix0916,61,4,0,-163,-2,7.80
fold2_room1_mix0916,61,4,0,101,-1,9.20
fold2_room1_mix0916,62,4,0,-166,-1,7.22
fold2_room1_mix0916,62,4,0,89,-1,7.50
fold2_room1_mix0916,63,3,0,35,-4,7.58
fold2_room1_mix0916,63,4,0,-159,0,8.50
fold2_room1_mix0916,63,4,0,87,0,8.75
fold2_room1_mix0916,64,4,0,-161,0,9.60
fold2_room1_mix0916,64,4,0,98,0,9.80
fold2_room1_mix0916,65,3,0,5,-4,8.73
fold2_room1_mix0916,65,4,0,-158,-1,11.50
fold2_room1_mix0916,65,4,0,143,0,12.29
fold2_room1_mix0916,65,4,0,110,-2,10.48
fold2_room1_mix0916,66,3,0,10,-4,9.15
fold2_room1_mix0916,66,4,0,-161,0,11.15
fold2_room1_mix0916,66,4,0,143,0,11.44
fold2_room1_mix0916,66,4,0,114,-1,10.49
fold2_room1_mix0916,67,3,0,14,-2,9.52
fold2_room1_mix0916,67,4,0,-166,-1,11.94
fold2_room1_mix0916,67,4,0,142,0,10.74
fold2_room1_mix0916,67,4,0,121,0,9.51
fold2_room1_mix0916,68,3,0,28,-3,11.06
fold2_room1_mix0916,68,4,0,-173,0,13.93
fold2_room1_mix0916,68,4,0,167,-1,10.53
fold2_room1_mix0916,68,4,0,121,-1,10.78
fold2_room1_mix0916,69,4,0,-177,-1,13.75
fold2_room1_mix0916,69,4,0,125,-1,11.18
fold2_room1_mix0916,70,4,0,-174,-1,14.76
fold2_room1_mix0916,70,4,0,164,-1,13.23
fold2_room1_mix0916,70,4,0,126,-2,10.97
fold2_room1_mix0916,71,4,0,176,-1,14.73
fold2_room1_mix0916,71,4,0,129,-1,11.67
fold2_room1_mix0916,72,4,0,179,-2,14.53
fold2_room1_mix0916,72,4,0,128,-2,11.41
fold2_room1_mix0916,73,4,0,177,-1,15.95
fold2_room1_mix0916,73,4,0,133,-1,11.36
fold2_room1_mix0916,74,4,0,-175,0,17.70
fold2_room1_mix0916,74,4,0,165,0,15.19
fold2_room1_mix0916,74,4,0,134,-1,11.62
fold2_room1_mix0916,75,4,0,177,-1,18.01
fold2_room1_mix0916,75,4,0,139,-1,11.95
fold2_room1_mix0916,76,4,0,178,0,19.06
fold2_room1_mix0916,76,4,0,139,-1,12.53
fold2_room1_mix0916,77,4,0,177,-1,19.09
fold2_room1_mix0916,77,4,0,143,-1,12.45
fold2_room1_mix0916,78,4,0,178,-1,19.96
fold2_room1_mix0916,78,4,0,143,-1,13.46
fold2_room1_mix0916,79,4,0,179,0,21.68
fold2_room1_mix0916,79,4,0,146,-1,13.29
fold2_room1_mix0916,80,4,0,-173,0,24.67
fold2_room1_mix0916,80,4,0,169,0,18.30
fold2_room1_mix0916,80,4,0,148,-1,13.28
fold2_room1_mix0916,81,4,0,179,0,24.43
fold2_room1_mix0916,81,4,0,149,-1,14.16
fold2_room1_mix0916,82,4,0,-172,0,28.43
fold2_room1_mix0916,82,4,0,169,0,20.21
fold2_room1_mix0916,82,4,0,150,-1,14.42
fold2_room1_mix0916,83,4,0,179,0,23.90
fold2_room1_mix0916,83,4,0,151,-1,14.69
fold2_room1_mix0916,84,4,0,179,0,24.90
fold2_room1_mix0916,84,4,0,150,-1,15.23
fold2_room1_mix0916,85,4,0,179,0,26.33
fold2_room1_mix0916,85,4,0,151,-1,15.82
fold2_room1_mix0916,86,4,0,178,0,25.34
fold2_room1_mix0916,86,4,0,154,-1,16.10
fold2_room1_mix0916,87,4,0,178,0,24.84
fold2_room1_mix0916,87,4,0,154,-1,16.25
fold2_room1_mix0916,88,4,0,177,-1,25.08
fold2_room1_mix0916,88,4,0,157,-1,17.25
fold2_room1_mix0916,89,4,0,178,0,26.49
fold2_room1_mix0916,89,4,0,158,-1,17.55
fold2_room1_mix0916,90,4,0,178,0,27.04
fold2_room1_mix0916,90,4,0,158,-1,18.36
fold2_room1_mix0916,91,4,0,178,-1,26.94
fold2_room1_mix0916,91,4,0,159,-1,19.01
fold2_room1_mix0916,92,4,0,178,0,28.74
fold2_room1_mix0916,92,4,0,160,-1,18.40
fold2_room1_mix0916,93,4,0,178,0,29.19
fold2_room1_mix0916,93,4,0,161,-1,18.63
fold2_room1_mix0916,94,4,0,178,0,32.20
fold2_room1_mix0916,94,4,0,162,-1,19.21
fold2_room1_mix0916,95,4,0,179,0,32.76
fold2_room1_mix0916,95,4,0,161,-1,19.36
fold2_room1_mix0916,96,4,0,178,0,31.56
fold2_room1_mix0916,96,4,0,162,-1,19.83
fold2_room1_mix0916,97,4,0,174,0,29.39
fold2_room1_mix0916,98,4,0,174,0,29.64
fold2_room1_mix0916,99,4,0,174,0,28.84
fold2_room1_mix0917,0,5,0,53,1,6.09
fold2_room1_mix0917,1,5,0,57,1,8.85
fold2_room1_mix0917,2,5,0,51,2,13.38
fold2_room1_mix0917,3,5,0,53,2,12.06
fold2_room1_mix0917,4,5,0,55,2,14.85
fold2_room1_mix0917,5,5,0,54,2,13.86
fold2_room1_mix0917,6,5,0,52,3,13.56
fold2_room1_mix0917,7,5,0,56,2,15.99
fold2_room1_mix0917,8,5,0,58,2,13.52
fold2_room1_mix0917,9,5,0,55,2,14.44
fold2_room1_mix0917,10,5,0,54,2,14.49
fold2_room1_mix0917,11,5,0,52,3,12.98
fold2_room1_mix0917,12,5,0,53,3,12.03
fold2_room1_mix0917,13,5,0,53,2,14.88
fold2_room1_mix0917,14,5,0,55,3,11.52
fold2_room1_mix0917,15,5,0,54,2,13.11
fold2_room1_mix0917,16,5,0,54,2,14.62
fold2_room1_mix0917,17,5,0,53,3,11.37
fold2_room1_mix0917,18,5,0,57,3,12.10
fold2_room1_mix0917,19,5,0,56,2,13.32
fold2_room1_mix0917,20,5,0,53,2,13.71
fold2_room1_mix0917,21,5,0,55,2,14.04
fold2_room1_mix0917,22,5,0,59,2,13.64
fold2_room1_mix0917,23,5,0,58,3,12.26
fold2_room1_mix0917,24,5,0,55,2,13.48
fold2_room1_mix0917,25,5,0,56,3,12.70
fold2_room1_mix0917,26,5,0,57,2,12.76
fold2_room1_mix0917,27,5,0,59,2,13.19
fold2_room1_mix0917,28,5,0,59,2,12.48
fold2_room1_mix0917,29,5,0,57,2,14.28
fold2_room1_mix0917,30,5,0,58,3,11.94
fold2_room1_mix0917,31,5,0,58,3,12.19
fold2_room1_mix0917,32,5,0,58,2,14.65
fold2_room1_mix0917,33,5,0,58,3,12.28
fold2_room1_mix0917,34,5,0,61,3,12.10
fold2_room1_mix0917,35,5,0,59,2,14.36
fold2_room1_mix0917,36,5,0,61,2,13.54
fold2_room1_mix0917,37,5,0,59,2,14.33
fold2_room1_mix0917,38,5,0,60,2,13.41
fold2_room1_mix0917,39,5,0,61,2,13.88
fold2_room1_mix0917,40,5,0,59,2,14.34
fold2_room1_mix0917,41,5,0,61,2,13.71
fold2_room1_mix0917,42,5,0,64,3,12.98
fold2_room1_mix0917,43,5,0,60,2,13.66
fold2_room1_mix0917,44,5,0,60,2,13.35
fold2_room1_mix0917,45,5,0,60,2,14.07
fold2_room1_mix0917,46,5,0,62,2,14.07
fold2_room1_mix0917,47,5,0,63,3,12.12
fold2_room1_mix0917,48,5,0,59,2,14.33
fold2_room1_mix0917,49,5,0,59,2,13.48
fold2_room1_mix0917,50,5,0,58,3,12.77
fold2_room1_mix0917,51,5,0,60,2,14.85
fold2_room1_mix0917,52,5,0,59,2,14.54
fold2_room1_mix0917,53,5,0,58,2,15.12
fold2_room1_mix0917,54,4,0,176,0,5.94
fold2_room1_mix0917,54,5,0,58,2,14.37
fold2_room1_mix0917,55,4,0,177,0,11.50
fold2_room1_mix0917,55,5,0,58,2,14.66
fold2_room1_mix0917,56,4,0,178,0,17.57
fold2_room1_mix0917,56,5,0,59,2,13.86
fold2_room1_mix0917,57,4,0,-179,0,16.79
fold2_room1_mix0917,57,5,0,60,3,13.13
fold2_room1_mix0917,58,4,0,-179,0,16.60
fold2_room1_mix0917,58,5,0,57,3,13.48
fold2_room1_mix0917,59,4,0,179,0,16.97
fold2_room1_mix0917,59,5,0,58,2,13.75
fold2_room1_mix0917,60,4,0,-178,-1,16.50
fold2_room1_mix0917,60,5,0,59,2,14.03
fold2_room1_mix0917,61,4,0,-179,-1,16.15
fold2_room1_mix0917,61,5,0,57,3,13.63
fold2_room1_mix0917,62,4,0,-178,-1,15.62
fold2_room1_mix0917,62,5,0,54,2,13.49
fold2_room1_mix0917,63,4,0,177,-1,14.52
fold2_room1_mix0917,63,5,0,61,3,12.58
fold2_room1_mix0917,64,4,0,178,-2,13.92
fold2_room1_mix0917,64,5,0,60,2,13.57
fold2_room1_mix0917,65,4,0,-177,-2,13.10
fold2_room1_mix0917,65,5,0,61,2,13.54
fold2_room1_mix0917,66,4,0,-174,-2,11.75
fold2_room1_mix0917,66,5,0,62,3,12.48
fold2_room1_mix0917,67,4,0,-177,-2,11.21
fold2_room1_mix0917,67,5,0,58,2,13.71
fold2_room1_mix0917,68,4,0,-172,-3,9.90
fold2_room1_mix0917,68,5,0,58,2,13.12
fold2_room1_mix0917,69,4,0,-175,-3,8.40
fold2_room1_mix0917,69,5,0,57,2,14.09
fold2_room1_mix0917,70,4,0,-173,-3,8.15
fold2_room1_mix0917,70,5,0,57,2,13.19
fold2_room1_mix0917,71,4,0,-174,-4,7.18
fold2_room1_mix0917,71,5,0,55,2,13.06
fold2_room1_mix0917,72,4,0,-171,-5,6.16
fold2_room1_mix0917,72,5,0,55,2,13.76
fold2_room1_mix0917,73,4,0,-167,-6,5.74
fold2_room1_mix0917,73,5,0,53,2,13.02
fold2_room1_mix0917,74,4,0,-166,-10,3.89
fold2_room1_mix0917,74,5,0,59,3,12.70
fold2_room1_mix0917,75,4,0,-160,-11,3.49
fold2_room1_mix0917,75,5,0,51,2,12.79
fold2_room1_mix0917,76,4,0,-153,-14,2.88
fold2_room1_mix0917,76,5,0,57,3,12.11
fold2_room1_mix0917,77,4,0,-119,-26,1.47
fold2_room1_mix0917,77,5,0,57,2,13.79
fold2_room1_mix0917,78,4,0,-59,-23,1.33
fold2_room1_mix0917,78,5,0,55,2,13.04
fold2_room1_mix0917,79,4,0,-34,-15,1.58
fold2_room1_mix0917,79,5,0,61,2,12.62
fold2_room1_mix0917,80,4,0,-24,-10,2.32
fold2_room1_mix0917,80,5,0,51,2,12.85
fold2_room1_mix0917,81,4,0,-20,-10,2.82
fold2_room1_mix0917,81,5,0,51,2,13.13
fold2_room1_mix0917,82,4,0,-15,-8,4.18
fold2_room1_mix0917,82,5,0,57,2,12.91
fold2_room1_mix0917,83,4,0,-12,-6,5.09
fold2_room1_mix0917,83,5,0,51,2,13.45
fold2_room1_mix0917,84,4,0,-8,-4,6.20
fold2_room1_mix0917,84,5,0,56,2,12.62
fold2_room1_mix0917,85,4,0,-6,-4,7.20
fold2_room1_mix0917,85,5,0,54,2,13.28
fold2_room1_mix0917,86,4,0,-4,-3,8.61
fold2_room1_mix0917,86,5,0,51,2,13.24
fold2_room1_mix0917,87,4,0,-4,-3,9.31
fold2_room1_mix0917,87,5,0,54,2,12.57
fold2_room1_mix0917,88,4,0,-3,-3,10.13
fold2_room1_mix0917,88,5,0,48,2,13.45
fold2_room1_mix0917,89,4,0,-3,-2,11.15
fold2_room1_mix0917,89,5,0,52,2,12.78
fold2_room1_mix0917,90,4,0,-2,-3,12.03
fold2_room1_mix0917,90,5,0,57,2,13.72
fold2_room1_mix0917,91,4,0,-1,-2,13.37
fold2_room1_mix0917,91,5,0,53,2,14.44
fold2_room1_mix0917,92,4,0,-1,-2,13.74
fold2_room1_mix0917,92,5,0,58,2,12.95
fold2_room1_mix0917,93,4,0,0,-2,13.96
fold2_room1_mix0917,93,5,0,59,2,14.04
fold2_room1_mix0917,94,4,0,0,-2,15.09
fold2_room1_mix0917,94,5,0,51,2,13.29
fold2_room1_mix0917,95,4,0,0,-2,16.35
fold2_room1_mix0917,95,5,0,55,2,14.10
fold2_room1_mix0917,96,4,0,0,-2,16.79
fold2_room1_mix0917,96,5,0,58,2,14.22
fold2_room1_mix0917,97,4,0,0,-2,18.55
fold2_room1_mix0917,97,5,0,54,2,13.83
fold2_room1_mix0917,98,4,0,0,-2,18.67
fold2_room1_mix0917,98,5,0,56,2,14.09
fold2_room1_mix0917,99,4,0,0,-1,20.34
fold2_room1_mix0917,99,5,0,57,2,15.06
fold2_room1_mix0918,34,4,0,-4,-1,6.30
fold2_room1_mix0918,35,4,0,-8,-1,6.39
fold2_room1_mix0918,36,4,0,-6,-2,10.33
fold2_room1_mix0918,37,4,0,-4,-3,11.44
fold2_room1_mix0918,38,4,0,-7,-3,11.85
fold2_room1_mix0918,39,4,0,-8,-3,11.43
fold2_room1_mix0918,40,4,0,-8,-3,10.67
fold2_room1_mix0918,41,4,0,-7,-3,10.54
fold2_room1_mix0918,42,4,0,-9,-4,9.58
fold2_room1_mix0918,43,4,0,-11,-4,8.74
fold2_room1_mix0918,44,4,0,-12,-5,7.64
fold2_room1_mix0918,45,4,0,-15,-5,6.36
fold2_room1_mix0918,46,4,0,-20,-6,5.01
fold2_room1_mix0918,47,4,0,-23,-7,4.22
fold2_room1_mix0918,48,4,0,-30,-10,3.05
fold2_room1_mix0918,49,4,0,-43,-11,2.66
fold2_room1_mix0918,50,4,0,-60,-14,2.00
fold2_room1_mix0918,51,4,0,-99,-14,1.74
fold2_room1_mix0918,52,4,0,-126,-11,1.69
fold2_room1_mix0918,53,4,0,-146,-6,2.57
fold2_room1_mix0918,54,4,0,-153,-5,3.47
fold2_room1_mix0918,55,4,0,-157,-4,4.30
fold2_room1_mix0918,56,4,0,-160,-3,5.16
fold2_room1_mix0918,57,4,0,-162,-3,6.05
fold2_room1_mix0918,58,4,0,-165,-3,6.74
fold2_room1_mix0918,59,4,0,-168,-2,8.07
fold2_room1_mix0918,60,4,0,-169,-2,9.29
fold2_room1_mix0918,61,4,0,-168,-2,10.05
fold2_room1_mix0918,62,4,0,-170,-1,10.98
fold2_room1_mix0918,63,4,0,-172,-1,12.01
fold2_room1_mix0918,64,4,0,-173,-1,12.06
fold2_room1_mix0918,65,4,0,-173,-1,12.87
fold2_room1_mix0918,66,4,0,-175,-1,12.97
fold2_room1_mix0918,67,4,0,-174,-1,12.72
fold2_room1_mix0918,68,4,0,-174,-1,12.99
fold2_room1_mix0918,69,4,0,-173,-1,13.05
fold2_room1_mix0918,70,4,0,-176,-1,13.25
fold2_room1_mix0918,71,4,0,-175,-1,12.87
fold2_room1_mix0918,72,4,0,-175,-1,13.27
fold2_room1_mix0918,73,4,0,-173,-1,11.92
fold2_room1_mix0918,74,4,0,-173,-2,10.80
fold2_room1_mix0918,75,4,0,-174,-2,9.74
fold2_room1_mix0918,76,4,0,-171,-3,8.58
fold2_room1_mix0918,77,4,0,-170,-3,7.51
fold2_room1_mix0918,78,4,0,-168,-5,6.11
fold2_room1_mix0918,79,4,0,-165,-7,5.01
fold2_room1_mix0918,80,4,0,-160,-8,3.43
fold2_room1_mix0918,81,4,0,-149,-10,2.60
fold2_room1_mix0918,82,4,0,-114,-15,1.55
fold2_room1_mix0918,83,4,0,-62,-14,1.22
fold2_room1_mix0918,84,4,0,-38,-12,1.32
fold2_room1_mix0918,85,4,0,-26,-8,2.06
fold2_room1_mix0918,86,4,0,-21,-8,2.59
fold2_room1_mix0918,87,4,0,-15,-6,3.55
fold2_room1_mix0918,88,4,0,-12,-5,4.20
fold2_room1_mix0918,89,4,0,-7,-3,5.55
fold2_room1_mix0918,90,4,0,-4,-3,6.30
fold2_room1_mix0918,91,4,0,-3,-2,7.44
fold2_room1_mix0918,92,4,0,-4,-2,7.29
fold2_room1_mix0918,93,4,0,-4,-2,7.81
fold2_room1_mix0918,94,4,0,-3,-2,8.93
fold2_room1_mix0918,95,4,0,-3,-2,9.89
fold2_room1_mix0918,96,4,0,-5,-1,11.63
fold2_room1_mix0918,97,4,0,-3,-1,11.53
fold2_room1_mix0918,98,4,0,-6,-1,10.64
fold2_room1_mix0918,99,4,0,-8,0,3.51
fold2_room1_mix0919,51,4,0,-4,0,7.89
fold2_room1_mix0919,52,4,0,-5,0,5.97
fold2_room1_mix0919,53,4,0,-2,-1,13.83
fold2_room1_mix0919,54,4,0,0,-1,14.56
fold2_room1_mix0919,55,4,0,-2,-2,14.86
fold2_room1_mix0919,56,4,0,-4,-2,13.79
fold2_room1_mix0919,57,4,0,0,-2,13.73
fold2_room1_mix0919,58,4,0,-3,-2,13.48
fold2_room1_mix0919,59,4,0,0,-2,12.40
fold2_room1_mix0919,60,4,0,-1,-3,11.62
fold2_room1_mix0919,61,4,0,0,-3,11.25
fold2_room1_mix0919,62,4,0,-2,-3,10.15
fold2_room1_mix0919,63,4,0,-2,-4,9.41
fold2_room1_mix0919,64,4,0,-3,-4,8.91
fold2_room1_mix0919,65,4,0,-4,-4,7.68
fold2_room1_mix0919,66,4,0,-5,-5,6.46
fold2_room1_mix0919,67,4,0,-7,-5,5.87
fold2_room1_mix0919,68,4,0,-9,-6,5.00
fold2_room1_mix0919,69,4,0,-12,-8,4.01
fold2_room1_mix0919,70,4,0,-16,-9,3.31
fold2_room1_mix0919,71,4,0,-20,-12,2.65
fold2_room1_mix0919,72,4,0,-31,-17,1.85
fold2_room1_mix0919,73,4,0,-58,-28,1.17
fold2_room1_mix0919,74,4,0,-109,-27,1.12
fold2_room1_mix0919,75,4,0,-141,-16,1.40
fold2_room1_mix0919,76,4,0,-152,-11,2.05
fold2_room1_mix0919,77,4,0,-159,-9,3.03
fold2_room1_mix0919,78,4,0,-163,-7,3.78
fold2_room1_mix0919,79,4,0,-166,-5,4.59
fold2_room1_mix0919,80,4,0,-168,-5,5.34
fold2_room1_mix0919,81,4,0,-170,-4,6.15
fold2_room1_mix0919,82,4,0,-172,-3,6.93
fold2_room1_mix0919,83,4,0,-172,-3,8.17
fold2_room1_mix0919,84,4,0,-172,-3,8.40
fold2_room1_mix0919,85,4,0,-173,-2,9.50
fold2_room1_mix0919,86,4,0,-174,-2,10.48
fold2_room1_mix0919,87,4,0,-175,-2,11.50
fold2_room1_mix0919,88,4,0,-176,-1,12.36
fold2_room1_mix0919,89,4,0,-175,-1,12.90
fold2_room1_mix0919,90,4,0,-175,-1,13.29
fold2_room1_mix0919,91,4,0,-176,-1,14.44
fold2_room1_mix0919,92,4,0,-174,-1,13.76
fold2_room1_mix0919,93,4,0,-175,-1,15.48
fold2_room1_mix0919,94,4,0,-175,-1,16.15
fold2_room1_mix0919,95,4,0,-176,0,13.75
fold2_room1_mix0919,96,4,0,-177,0,4.73
fold2_room1_mix0920,5,4,0,178,1,1.39
fold2_room1_mix0920,7,4,0,178,0,3.38
fold2_room1_mix0920,8,4,0,179,0,4.96
fold2_room1_mix0920,9,4,0,-179,0,13.31
fold2_room1_mix0920,10,4,0,179,0,13.71
fold2_room1_mix0920,11,4,0,-179,0,16.19
fold2_room1_mix0920,12,4,0,-179,0,20.26
fold2_room1_mix0920,13,4,0,-179,0,18.29
fold2_room1_mix0920,14,4,0,-179,0,19.80
fold2_room1_mix0920,15,4,0,179,0,22.26
fold2_room1_mix0920,16,4,0,-178,0,21.68
fold2_room1_mix0920,17,4,0,179,0,24.78
fold2_room1_mix0920,18,4,0,179,0,22.92
fold2_room1_mix0920,19,4,0,-179,0,22.58
fold2_room1_mix0920,20,4,0,-178,0,24.53
fold2_room1_mix0920,21,4,0,-178,0,25.18
fold2_room1_mix0920,22,4,0,179,0,27.18
fold2_room1_mix0920,23,4,0,-178,0,25.36
fold2_room1_mix0920,24,4,0,-179,0,22.21
fold2_room1_mix0920,25,4,0,-179,0,26.02
fold2_room1_mix0920,26,4,0,-179,0,24.99
fold2_room1_mix0920,27,4,0,179,0,24.41
fold2_room1_mix0920,28,4,0,179,0,27.65
fold2_room1_mix0920,29,4,0,-179,0,26.81
fold2_room1_mix0920,30,4,0,-179,0,26.91
fold2_room1_mix0920,31,4,0,-179,0,24.78
fold2_room1_mix0920,32,4,0,-179,0,24.53
fold2_room1_mix0920,33,4,0,-179,0,27.74
fold2_room1_mix0920,34,4,0,179,0,26.14
fold2_room1_mix0920,35,4,0,178,0,26.05
fold2_room1_mix0920,36,4,0,-179,0,29.64
fold2_room1_mix0920,37,4,0,179,0,30.90
fold2_room1_mix0920,38,4,0,179,0,27.52
fold2_room1_mix0920,39,4,0,178,0,33.54
fold2_room1_mix0920,40,4,0,179,0,27.29
fold2_room1_mix0920,41,4,0,-179,0,28.92
fold2_room1_mix0920,42,4,0,-179,0,28.32
fold2_room1_mix0920,43,4,0,-179,0,29.52
fold2_room1_mix0920,44,4,0,-178,0,29.20
fold2_room1_mix0920,45,4,0,-177,0,29.06
fold2_room1_mix0920,46,4,0,-178,0,29.75
fold2_room1_mix0920,47,4,0,-177,0,28.64
fold2_room1_mix0920,48,4,0,-177,0,27.76
fold2_room1_mix0920,49,4,0,-178,0,29.07
fold2_room1_mix0920,50,4,0,-178,0,29.15
fold2_room1_mix0920,51,4,0,-177,0,28.01
fold2_room1_mix0920,52,4,0,-177,0,27.84
fold2_room1_mix0920,53,4,0,-177,0,28.31
fold2_room1_mix0920,54,4,0,-178,0,28.31
fold2_room1_mix0920,55,4,0,-178,0,26.51
fold2_room1_mix0920,56,4,0,-177,0,22.99
fold2_room1_mix0920,57,4,0,-177,0,24.19
fold2_room1_mix0920,58,4,0,-176,0,23.08
fold2_room1_mix0920,59,4,0,-176,0,22.56
fold2_room1_mix0920,60,4,0,-176,0,23.86
fold2_room1_mix0920,61,4,0,-175,0,23.28
fold2_room1_mix0920,62,4,0,-175,0,23.73
fold2_room1_mix0920,63,4,0,-175,0,21.26
fold2_room1_mix0920,64,4,0,-175,0,22.08
fold2_room1_mix0920,65,4,0,-175,0,20.91
fold2_room1_mix0920,66,4,0,-174,0,20.53
fold2_room1_mix0920,67,4,0,-175,0,20.70
fold2_room1_mix0920,68,4,0,-174,-1,19.28
fold2_room1_mix0920,69,4,0,-174,-1,18.69
fold2_room1_mix0920,70,4,0,-174,-1,18.25
fold2_room1_mix0920,71,4,0,-173,-1,16.19
fold2_room1_mix0920,72,4,0,-174,-1,15.15
fold2_room1_mix0920,73,4,0,-171,-2,14.02
fold2_room1_mix0920,74,4,0,-171,-2,12.31
fold2_room1_mix0920,75,4,0,-171,-2,11.03
fold2_room1_mix0920,76,4,0,-168,-3,9.83
fold2_room1_mix0920,77,4,0,-167,-3,8.91
fold2_room1_mix0920,78,4,0,-165,-5,7.04
fold2_room1_mix0920,79,4,0,-162,-7,5.32
fold2_room1_mix0920,80,4,0,-157,-9,4.33
fold2_room1_mix0920,81,4,0,-144,-15,3.12
fold2_room1_mix0920,82,4,0,-118,-22,2.04
fold2_room1_mix0920,83,4,0,-81,-24,1.62
fold2_room1_mix0920,84,4,0,-47,-17,2.01
fold2_room1_mix0920,85,4,0,-32,-11,2.88
fold2_room1_mix0920,86,4,0,-24,-10,3.58
fold2_room1_mix0920,87,4,0,-18,-7,4.51
fold2_room1_mix0920,88,4,0,-14,-5,5.58
fold2_room1_mix0920,89,4,0,-10,-4,6.83
fold2_room1_mix0920,90,4,0,-8,-4,7.79
fold2_room1_mix0920,91,4,0,-5,-3,9.48
fold2_room1_mix0920,92,4,0,-4,-3,10.52
fold2_room1_mix0920,93,4,0,-4,-2,11.99
fold2_room1_mix0920,94,4,0,-4,-2,12.59
fold2_room1_mix0920,95,4,0,-3,-2,12.92
fold2_room1_mix0920,96,4,0,-3,-2,13.78
fold2_room1_mix0920,97,4,0,-2,-2,14.84
fold2_room1_mix0920,98,4,0,-2,-1,15.50
fold2_room1_mix0920,99,4,0,0,-1,16.84
fold2_room1_mix0920,4,4,0,-178,1,1.17
fold2_room1_mix0921,53,3,0,-88,-4,2.24
fold2_room1_mix0921,54,3,0,-84,-4,1.72
fold2_room1_mix0921,55,3,0,-94,-4,2.37
fold2_room1_mix0921,62,3,0,-87,-4,8.21
fold2_room1_mix0921,62,4,0,169,-1,9.15
fold2_room1_mix0921,63,3,0,-83,-4,11.09
fold2_room1_mix0921,63,4,0,173,-1,7.22
fold2_room1_mix0921,64,3,0,-85,-4,12.07
fold2_room1_mix0921,64,4,0,172,-2,11.56
fold2_room1_mix0921,65,3,0,-88,-3,11.96
fold2_room1_mix0921,65,4,0,170,-2,11.67
fold2_room1_mix0921,66,3,0,-92,-3,9.07
fold2_room1_mix0921,66,4,0,170,-3,10.55
fold2_room1_mix0921,67,3,0,-86,-5,10.52
fold2_room1_mix0921,67,4,0,172,-4,10.82
fold2_room1_mix0921,68,3,0,-86,-4,10.44
fold2_room1_mix0921,68,4,0,171,-4,9.34
fold2_room1_mix0921,69,3,0,-88,-3,11.61
fold2_room1_mix0921,69,4,0,172,-4,9.43
fold2_room1_mix0921,70,3,0,-89,-3,7.21
fold2_room1_mix0921,70,4,0,170,-4,10.14
fold2_room1_mix0921,71,3,0,-86,-3,4.30
fold2_room1_mix0921,71,4,0,172,-4,10.91
fold2_room1_mix0921,72,4,0,174,-3,11.18
fold2_room1_mix0921,73,4,0,172,-4,10.46
fold2_room1_mix0921,74,3,0,-98,-4,3.72
fold2_room1_mix0921,74,4,0,170,-3,10.23
fold2_room1_mix0921,75,4,0,171,-4,10.33
fold2_room1_mix0921,76,4,0,171,-4,9.48
fold2_room1_mix0921,77,4,0,172,-4,8.48
fold2_room1_mix0921,78,4,0,170,-4,7.73
fold2_room1_mix0921,79,4,0,173,-5,6.88
fold2_room1_mix0921,80,4,0,170,-5,6.17
fold2_room1_mix0921,81,4,0,166,-6,4.96
fold2_room1_mix0921,82,4,0,162,-8,4.02
fold2_room1_mix0921,83,3,0,-118,-4,16.26
fold2_room1_mix0921,83,4,0,157,-8,4.35
fold2_room1_mix0921,84,3,0,-121,-4,19.22
fold2_room1_mix0921,84,4,0,161,-8,4.16
fold2_room1_mix0921,85,3,0,-123,-3,15.30
fold2_room1_mix0921,85,4,0,146,-11,2.95
fold2_room1_mix0921,86,3,0,-126,-3,14.31
fold2_room1_mix0921,86,4,0,127,-12,2.44
fold2_room1_mix0921,87,3,0,-122,-3,15.27
fold2_room1_mix0921,87,4,0,101,-11,2.00
fold2_room1_mix0921,88,3,0,-125,-3,13.69
fold2_room1_mix0921,88,4,0,62,-8,1.89
fold2_room1_mix0921,89,3,0,-126,-3,13.82
fold2_room1_mix0921,89,4,0,39,-7,2.22
fold2_room1_mix0921,90,3,0,-132,-3,11.71
fold2_room1_mix0921,90,4,0,20,-5,2.82
fold2_room1_mix0921,91,4,0,18,-5,3.31
fold2_room1_mix0921,92,4,0,18,-4,3.46
fold2_room1_mix0921,93,4,0,14,-4,3.97
fold2_room1_mix0921,94,4,0,12,-3,4.83
fold2_room1_mix0921,95,4,0,12,-3,6.13
fold2_room1_mix0921,96,4,0,8,-2,6.43
fold2_room1_mix0921,97,4,0,8,-3,6.97
fold2_room1_mix0921,98,4,0,9,-2,7.83
fold2_room1_mix0921,99,4,0,9,-2,8.80
fold2_room1_mix0922,6,4,0,1,0,6.12
fold2_room1_mix0922,7,4,0,0,0,17.88
fold2_room1_mix0922,8,4,0,0,0,16.64
fold2_room1_mix0922,9,4,0,1,0,26.58
fold2_room1_mix0922,10,4,0,-1,0,26.30
fold2_room1_mix0922,11,4,0,1,0,34.33
fold2_room1_mix0922,12,4,0,0,0,35.27
fold2_room1_mix0922,13,4,0,-1,0,36.26
fold2_room1_mix0922,14,4,0,0,0,33.79
fold2_room1_mix0922,15,4,0,0,0,37.49
fold2_room1_mix0922,16,4,0,-1,0,35.60
fold2_room1_mix0922,17,4,0,0,0,36.87
fold2_room1_mix0922,18,4,0,0,0,36.65
fold2_room1_mix0922,19,4,0,0,0,41.57
fold2_room1_mix0922,20,4,0,-1,0,41.30
fold2_room1_mix0922,21,4,0,0,0,40.67
fold2_room1_mix0922,22,4,0,0,0,41.26
fold2_room1_mix0922,23,4,0,0,0,39.96
fold2_room1_mix0922,24,4,0,-1,0,39.19
fold2_room1_mix0922,25,4,0,0,0,42.47
fold2_room1_mix0922,26,4,0,-1,0,41.78
fold2_room1_mix0922,27,4,0,-1,0,43.57
fold2_room1_mix0922,28,4,0,0,0,47.85
fold2_room1_mix0922,29,4,0,-2,0,44.62
fold2_room1_mix0922,30,4,0,-1,0,45.65
fold2_room1_mix0922,31,4,0,0,0,47.41
fold2_room1_mix0922,32,4,0,-2,0,46.56
fold2_room1_mix0922,33,4,0,-1,0,47.88
fold2_room1_mix0922,34,4,0,-1,0,48.74
fold2_room1_mix0922,35,4,0,0,0,48.24
fold2_room1_mix0922,36,4,0,-1,0,50.68
fold2_room1_mix0922,37,4,0,0,0,49.80
fold2_room1_mix0922,38,4,0,0,0,51.90
fold2_room1_mix0922,39,4,0,0,0,52.56
fold2_room1_mix0922,40,4,0,0,0,50.73
fold2_room1_mix0922,41,4,0,0,0,50.55
fold2_room1_mix0922,42,4,0,0,0,49.69
fold2_room1_mix0922,43,4,0,-1,0,46.77
fold2_room1_mix0922,44,4,0,-2,0,47.59
fold2_room1_mix0922,45,4,0,-2,0,46.95
fold2_room1_mix0922,46,4,0,-1,0,45.19
fold2_room1_mix0922,47,4,0,-3,0,47.82
fold2_room1_mix0922,48,4,0,0,0,44.82
fold2_room1_mix0922,49,4,0,-2,0,44.06
fold2_room1_mix0922,50,4,0,0,0,39.62
fold2_room1_mix0922,51,4,0,-1,0,40.37
fold2_room1_mix0922,52,4,0,0,0,37.80
fold2_room1_mix0922,53,4,0,0,0,38.01
fold2_room1_mix0922,54,4,0,0,0,36.65
fold2_room1_mix0922,55,4,0,0,0,34.96
fold2_room1_mix0922,56,4,0,0,0,32.32
fold2_room1_mix0922,57,4,0,-2,0,32.36
fold2_room1_mix0922,58,4,0,-2,0,30.34
fold2_room1_mix0922,59,4,0,-2,0,28.66
fold2_room1_mix0922,60,4,0,-2,0,29.18
fold2_room1_mix0922,61,4,0,-5,0,27.68
fold2_room1_mix0922,62,4,0,-4,0,25.17
fold2_room1_mix0922,63,4,0,-5,0,23.98
fold2_room1_mix0922,64,4,0,-5,0,23.53
fold2_room1_mix0922,65,4,0,-6,-1,22.51
fold2_room1_mix0922,66,4,0,-6,0,21.96
fold2_room1_mix0922,67,4,0,-8,-1,21.06
fold2_room1_mix0922,68,4,0,-9,-1,19.09
fold2_room1_mix0922,69,4,0,-9,-1,18.92
fold2_room1_mix0922,70,4,0,-9,-1,17.76
fold2_room1_mix0922,71,4,0,-9,-1,16.30
fold2_room1_mix0922,72,4,0,-9,-1,15.87
fold2_room1_mix0922,73,4,0,-12,-1,15.13
fold2_room1_mix0922,74,4,0,-12,-2,13.55
fold2_room1_mix0922,75,4,0,-14,-2,12.63
fold2_room1_mix0922,76,4,0,-16,-2,11.67
fold2_room1_mix0922,77,4,0,-17,-3,10.90
fold2_room1_mix0922,78,4,0,-20,-3,9.71
fold2_room1_mix0922,79,4,0,-21,-3,8.85
fold2_room1_mix0922,80,4,0,-24,-4,7.84
fold2_room1_mix0922,81,4,0,-28,-4,6.50
fold2_room1_mix0922,82,4,0,-31,-5,5.24
fold2_room1_mix0922,83,4,0,-36,-6,4.55
fold2_room1_mix0922,84,4,0,-43,-8,3.70
fold2_room1_mix0922,85,4,0,-54,-11,3.17
fold2_room1_mix0922,86,4,0,-68,-10,3.15
fold2_room1_mix0922,87,4,0,-87,-12,3.00
fold2_room1_mix0922,88,4,0,-106,-10,3.12
fold2_room1_mix0922,89,4,0,-123,-8,3.37
fold2_room1_mix0922,90,4,0,-135,-6,4.19
fold2_room1_mix0922,91,4,0,-143,-7,4.68
fold2_room1_mix0922,92,4,0,-148,-5,5.48
fold2_room1_mix0922,93,4,0,-151,-5,6.15
fold2_room1_mix0922,94,4,0,-155,-4,7.03
fold2_room1_mix0922,95,4,0,-157,-3,7.91
fold2_room1_mix0922,96,4,0,-158,-3,8.75
fold2_room1_mix0922,97,4,0,-160,-2,9.67
fold2_room1_mix0922,98,4,0,-161,-2,10.69
fold2_room1_mix0922,99,4,0,-163,-2,11.97
fold2_room1_mix0923,42,3,0,-78,-4,10.65
fold2_room1_mix0923,43,3,0,-80,-4,6.61
fold2_room1_mix0923,44,3,0,-84,-5,5.87
fold2_room1_mix0923,45,3,0,-81,-4,4.85
fold2_room1_mix0923,46,3,0,-84,-4,2.83
fold2_room1_mix0923,47,3,0,-88,-3,2.31
fold2_room1_mix0923,49,3,0,-87,-3,2.47
fold2_room1_mix0923,59,3,0,-111,-4,8.11
fold2_room1_mix0923,60,3,0,-109,-5,10.65
fold2_room1_mix0923,61,3,0,-102,-4,8.30
fold2_room1_mix0923,63,3,0,-111,-4,8.59
fold2_room1_mix0923,64,3,0,-112,-4,8.73
fold2_room1_mix0923,65,3,0,-109,-4,9.96
fold2_room1_mix0923,66,3,0,-114,-4,6.42
fold2_room1_mix0923,67,3,0,-109,-3,5.60
fold2_room1_mix0923,68,3,0,-115,-4,4.21
fold2_room1_mix0923,79,3,0,-136,-4,12.03
fold2_room1_mix0923,80,3,0,-133,-4,13.70
fold2_room1_mix0923,81,3,0,-129,-4,3.87
fold2_room1_mix0924,69,4,0,5,-1,10.29
fold2_room1_mix0924,70,4,0,2,-1,12.28
fold2_room1_mix0924,71,4,0,9,-1,16.12
fold2_room1_mix0924,72,4,0,10,-2,16.58
fold2_room1_mix0924,73,4,0,12,-2,16.81
fold2_room1_mix0924,74,4,0,12,-2,15.76
fold2_room1_mix0924,75,4,0,16,-3,13.99
fold2_room1_mix0924,76,4,0,16,-3,13.02
fold2_room1_mix0924,77,4,0,17,-3,11.52
fold2_room1_mix0924,78,4,0,22,-4,9.83
fold2_room1_mix0924,79,4,0,24,-4,8.82
fold2_room1_mix0924,80,4,0,26,-5,7.10
fold2_room1_mix0924,81,4,0,29,-5,5.82
fold2_room1_mix0924,82,4,0,38,-9,4.48
fold2_room1_mix0924,83,4,0,46,-10,3.68
fold2_room1_mix0924,84,4,0,67,-12,3.08
fold2_room1_mix0924,85,4,0,87,-12,3.19
fold2_room1_mix0924,86,4,0,112,-11,3.28
fold2_room1_mix0924,87,4,0,128,-10,3.54
fold2_room1_mix0924,88,4,0,141,-6,4.49
fold2_room1_mix0924,89,4,0,146,-6,5.75
fold2_room1_mix0924,90,4,0,151,-5,6.48
fold2_room1_mix0924,91,4,0,156,-4,7.26
fold2_room1_mix0924,92,4,0,159,-3,8.48
fold2_room1_mix0924,93,4,0,161,-3,9.46
fold2_room1_mix0924,94,4,0,164,-2,10.79
fold2_room1_mix0924,95,4,0,165,-2,11.77
fold2_room1_mix0924,96,4,0,167,-2,12.75
fold2_room1_mix0924,97,4,0,168,-2,14.20
fold2_room1_mix0924,98,4,0,168,-1,15.12
fold2_room1_mix0924,99,4,0,170,-1,16.29
fold2_room1_mix0925,0,5,0,157,7,2.05
fold2_room1_mix0925,1,5,0,152,9,2.07
fold2_room1_mix0925,2,5,0,149,10,2.67
fold2_room1_mix0925,3,5,0,142,10,2.70
fold2_room1_mix0925,4,5,0,140,11,3.00
fold2_room1_mix0925,5,5,0,140,14,3.42
fold2_room1_mix0925,6,5,0,139,11,4.15
fold2_room1_mix0925,7,5,0,142,12,3.71
fold2_room1_mix0925,8,5,0,141,14,3.52
fold2_room1_mix0925,9,5,0,137,12,3.85
fold2_room1_mix0925,10,5,0,140,13,3.55
fold2_room1_mix0925,11,5,0,141,14,3.50
fold2_room1_mix0925,12,5,0,139,13,3.57
fold2_room1_mix0925,13,5,0,142,14,3.65
fold2_room1_mix0925,14,5,0,143,11,4.15
fold2_room1_mix0925,15,5,0,142,13,3.83
fold2_room1_mix0925,16,5,0,140,14,3.77
fold2_room1_mix0925,17,5,0,143,12,4.04
fold2_room1_mix0925,18,5,0,141,13,3.64
fold2_room1_mix0925,19,5,0,138,14,3.58
fold2_room1_mix0925,20,5,0,141,13,3.87
fold2_room1_mix0925,21,5,0,140,14,3.63
fold2_room1_mix0925,22,5,0,140,13,4.06
fold2_room1_mix0925,23,5,0,141,13,3.99
fold2_room1_mix0925,24,5,0,141,14,3.72
fold2_room1_mix0925,25,5,0,143,14,3.75
fold2_room1_mix0925,26,5,0,140,13,3.88
fold2_room1_mix0925,27,5,0,145,13,3.93
fold2_room1_mix0925,28,5,0,145,12,4.25
fold2_room1_mix0925,29,5,0,142,13,3.96
fold2_room1_mix0925,30,5,0,143,13,4.00
fold2_room1_mix0925,31,5,0,144,12,4.12
fold2_room1_mix0925,32,5,0,144,13,4.11
fold2_room1_mix0925,33,5,0,145,12,4.17
fold2_room1_mix0925,34,5,0,143,12,4.27
fold2_room1_mix0925,35,5,0,145,13,4.03
fold2_room1_mix0925,36,5,0,146,11,4.55
fold2_room1_mix0925,37,5,0,144,12,4.19
fold2_room1_mix0925,38,5,0,147,11,4.54
fold2_room1_mix0925,39,5,0,146,11,4.40
fold2_room1_mix0925,40,5,0,143,12,4.24
fold2_room1_mix0925,41,5,0,148,11,4.70
fold2_room1_mix0925,42,4,0,169,1,14.37
fold2_room1_mix0925,42,5,0,145,12,4.25
fold2_room1_mix0925,43,4,0,167,1,10.57
fold2_room1_mix0925,43,5,0,144,13,3.99
fold2_room1_mix0925,44,4,0,171,0,16.26
fold2_room1_mix0925,44,5,0,144,13,3.98
fold2_room1_mix0925,45,4,0,171,0,20.59
fold2_room1_mix0925,45,5,0,142,13,4.00
fold2_room1_mix0925,46,4,0,168,0,20.86
fold2_room1_mix0925,46,5,0,139,14,3.71
fold2_room1_mix0925,47,4,0,167,-1,19.28
fold2_room1_mix0925,47,5,0,145,12,4.04
fold2_room1_mix0925,48,4,0,170,0,21.66
fold2_room1_mix0925,48,5,0,142,14,3.64
fold2_room1_mix0925,49,4,0,174,0,20.93
fold2_room1_mix0925,49,5,0,145,13,4.14
fold2_room1_mix0925,50,4,0,174,0,20.47
fold2_room1_mix0925,50,5,0,144,12,4.09
fold2_room1_mix0925,51,4,0,177,0,19.09
fold2_room1_mix0925,51,5,0,144,12,4.09
fold2_room1_mix0925,52,4,0,175,0,20.05
fold2_room1_mix0925,52,5,0,145,12,4.03
fold2_room1_mix0925,53,4,0,176,0,19.49
fold2_room1_mix0925,53,5,0,144,13,4.02
fold2_room1_mix0925,54,4,0,177,0,18.80
fold2_room1_mix0925,54,5,0,143,13,4.01
fold2_room1_mix0925,55,4,0,178,0,18.46
fold2_room1_mix0925,55,5,0,145,13,4.22
fold2_room1_mix0925,56,4,0,177,0,17.61
fold2_room1_mix0925,56,5,0,142,13,3.96
fold2_room1_mix0925,57,4,0,178,0,17.46
fold2_room1_mix0925,57,5,0,140,12,4.26
fold2_room1_mix0925,58,4,0,178,-1,15.79
fold2_room1_mix0925,58,5,0,140,14,3.80
fold2_room1_mix0925,59,4,0,-177,-1,16.02
fold2_room1_mix0925,59,5,0,143,14,3.86
fold2_room1_mix0925,60,4,0,-178,-1,14.75
fold2_room1_mix0925,60,5,0,141,13,3.98
fold2_room1_mix0925,61,4,0,-179,-1,14.42
fold2_room1_mix0925,61,5,0,141,13,4.06
fold2_room1_mix0925,62,4,0,-178,-1,14.12
fold2_room1_mix0925,62,5,0,141,15,3.77
fold2_room1_mix0925,63,4,0,-178,-1,12.80
fold2_room1_mix0925,63,5,0,141,14,3.77
fold2_room1_mix0925,64,4,0,-177,-2,11.91
fold2_room1_mix0925,64,5,0,137,15,3.59
fold2_room1_mix0925,65,4,0,-178,-2,11.53
fold2_room1_mix0925,65,5,0,141,14,4.00
fold2_room1_mix0925,66,4,0,-179,-2,10.47
fold2_room1_mix0925,66,5,0,141,13,4.10
fold2_room1_mix0925,67,4,0,-178,-3,9.88
fold2_room1_mix0925,67,5,0,139,14,3.92
fold2_room1_mix0925,68,4,0,-172,-3,8.64
fold2_room1_mix0925,68,5,0,140,12,4.27
fold2_room1_mix0925,69,4,0,-174,-4,7.15
fold2_room1_mix0925,69,5,0,138,13,4.17
fold2_room1_mix0925,70,4,0,-174,-4,6.19
fold2_room1_mix0925,70,5,0,141,13,4.09
fold2_room1_mix0925,71,4,0,-172,-5,5.49
fold2_room1_mix0925,71,5,0,140,12,4.29
fold2_room1_mix0925,72,4,0,-169,-7,4.39
fold2_room1_mix0925,72,5,0,139,11,4.55
fold2_room1_mix0925,73,4,0,-165,-9,3.42
fold2_room1_mix0925,73,5,0,139,12,4.59
fold2_room1_mix0925,74,4,0,-156,-15,2.31
fold2_room1_mix0925,74,5,0,145,13,4.39
fold2_room1_mix0925,75,4,0,-130,-28,1.23
fold2_room1_mix0925,75,5,0,146,12,4.33
fold2_room1_mix0925,76,4,0,-57,-32,0.97
fold2_room1_mix0925,76,5,0,144,12,4.14
fold2_room1_mix0925,77,4,0,-31,-17,1.35
fold2_room1_mix0925,77,5,0,147,10,4.81
fold2_room1_mix0925,78,4,0,-21,-11,2.22
fold2_room1_mix0925,78,5,0,153,9,5.35
fold2_room1_mix0925,79,4,0,-16,-9,2.87
fold2_room1_mix0925,79,5,0,150,10,4.91
fold2_room1_mix0925,80,4,0,-12,-8,4.01
fold2_room1_mix0925,80,5,0,149,8,5.68
fold2_room1_mix0925,81,4,0,-9,-6,5.08
fold2_room1_mix0925,81,5,0,146,9,5.13
fold2_room1_mix0925,82,4,0,-4,-5,5.99
fold2_room1_mix0925,82,5,0,147,10,4.71
fold2_room1_mix0925,83,4,0,-3,-4,7.25
fold2_room1_mix0925,83,5,0,145,9,5.12
fold2_room1_mix0925,84,4,0,-4,-3,8.05
fold2_room1_mix0925,84,5,0,148,10,4.95
fold2_room1_mix0925,85,4,0,-2,-3,10.00
fold2_room1_mix0925,85,5,0,144,10,4.69
fold2_room1_mix0925,86,4,0,-2,-2,10.40
fold2_room1_mix0925,86,5,0,143,10,4.95
fold2_room1_mix0925,87,4,0,-2,-2,11.47
fold2_room1_mix0925,87,5,0,147,10,4.83
fold2_room1_mix0925,88,4,0,-1,-2,12.39
fold2_room1_mix0925,88,5,0,144,10,4.90
fold2_room1_mix0925,89,4,0,-2,-1,13.11
fold2_room1_mix0925,89,5,0,146,8,5.66
fold2_room1_mix0925,90,4,0,-1,-2,14.96
fold2_room1_mix0925,90,5,0,144,9,5.00
fold2_room1_mix0925,91,4,0,-1,-2,15.05
fold2_room1_mix0925,91,5,0,142,10,4.96
fold2_room1_mix0925,92,4,0,-1,-1,15.89
fold2_room1_mix0925,92,5,0,144,8,5.33
fold2_room1_mix0925,93,4,0,-2,-1,17.01
fold2_room1_mix0925,93,5,0,141,9,5.10
fold2_room1_mix0925,94,4,0,-1,-1,18.98
fold2_room1_mix0925,94,5,0,146,11,4.92
fold2_room1_mix0925,95,4,0,0,-1,19.14
fold2_room1_mix0925,95,5,0,145,11,4.64
fold2_room1_mix0925,96,4,0,0,-1,21.14
fold2_room1_mix0925,96,5,0,142,10,4.86
fold2_room1_mix0925,97,4,0,-1,-1,20.76
fold2_room1_mix0925,97,5,0,140,11,4.68
fold2_room1_mix0925,98,4,0,-1,-1,21.95
fold2_room1_mix0925,98,5,0,145,10,4.91
fold2_room1_mix0925,99,4,0,0,-1,22.85
fold2_room1_mix0925,99,5,0,142,12,4.36
fold2_room1_mix0926,40,0,0,30,-1,10.87
fold2_room1_mix0926,41,0,0,35,-1,10.95
fold2_room1_mix0926,42,0,0,37,-1,11.89
fold2_room1_mix0926,43,0,0,37,-1,21.16
fold2_room1_mix0926,44,0,0,36,-1,21.27
fold2_room1_mix0926,45,0,0,41,-1,18.01
fold2_room1_mix0926,46,0,0,46,-1,18.87
fold2_room1_mix0926,47,0,0,49,-1,16.75
fold2_room1_mix0926,48,0,0,57,-2,15.46
fold2_room1_mix0926,49,0,0,71,-2,13.71
fold2_room1_mix0926,50,0,0,72,-2,14.29
fold2_room1_mix0926,51,0,0,83,-2,14.76
fold2_room1_mix0926,52,0,0,89,-2,13.82
fold2_room1_mix0926,53,0,0,96,-2,13.41
fold2_room1_mix0926,54,0,0,101,-2,14.00
fold2_room1_mix0926,55,0,0,99,-2,14.82
fold2_room1_mix0926,56,0,0,104,-2,14.76
fold2_room1_mix0926,57,0,0,108,-2,14.62
fold2_room1_mix0926,58,0,0,115,-2,14.51
fold2_room1_mix0926,59,0,0,127,-2,15.48
fold2_room1_mix0926,60,0,0,120,-2,21.01
fold2_room1_mix0926,61,0,0,119,-2,19.08
fold2_room1_mix0926,62,0,0,127,-2,18.49
fold2_room1_mix0926,63,0,0,135,-1,24.47
fold2_room1_mix0926,64,0,0,127,-1,20.37
fold2_room1_mix0926,65,0,0,132,-1,18.89
fold2_room1_mix0926,65,4,0,-4,-2,6.16
fold2_room1_mix0926,66,0,0,134,-1,19.34
fold2_room1_mix0926,66,4,0,8,-2,5.80
fold2_room1_mix0926,67,0,0,137,-1,19.55
fold2_room1_mix0926,67,4,0,18,-1,10.25
fold2_room1_mix0926,68,0,0,137,-1,20.75
fold2_room1_mix0926,68,4,0,15,-2,8.02
fold2_room1_mix0926,69,0,0,141,-1,22.77
fold2_room1_mix0926,69,4,0,10,-2,10.34
fold2_room1_mix0926,70,0,0,142,-1,24.28
fold2_room1_mix0926,70,4,0,6,-2,10.04
fold2_room1_mix0926,71,0,0,146,-1,27.64
fold2_room1_mix0926,71,4,0,7,-2,10.65
fold2_room1_mix0926,72,0,0,143,-1,27.86
fold2_room1_mix0926,72,4,0,3,-2,10.20
fold2_room1_mix0926,73,0,0,145,-1,24.57
fold2_room1_mix0926,73,4,0,4,-2,10.67
fold2_room1_mix0926,74,0,0,148,-1,25.62
fold2_room1_mix0926,74,4,0,0,-3,9.85
fold2_room1_mix0926,75,0,0,144,-1,24.64
fold2_room1_mix0926,75,4,0,-6,-3,9.26
fold2_room1_mix0926,76,0,0,145,0,12.21
fold2_room1_mix0926,76,4,0,-12,-5,8.05
fold2_room1_mix0926,77,0,0,152,0,4.44
fold2_room1_mix0926,77,4,0,-14,-4,8.12
fold2_room1_mix0926,78,4,0,-14,-4,7.65
fold2_room1_mix0926,79,4,0,-20,-5,6.47
fold2_room1_mix0926,80,4,0,-22,-7,4.91
fold2_room1_mix0926,81,4,0,-28,-5,5.30
fold2_room1_mix0926,82,4,0,-32,-8,4.30
fold2_room1_mix0926,83,4,0,-37,-9,3.13
fold2_room1_mix0926,84,4,0,-49,-10,2.87
fold2_room1_mix0926,85,4,0,-66,-12,2.55
fold2_room1_mix0926,86,4,0,-84,-12,2.15
fold2_room1_mix0926,87,4,0,-105,-13,2.18
fold2_room1_mix0926,88,4,0,-113,-10,2.82
fold2_room1_mix0926,89,4,0,-124,-8,3.17
fold2_room1_mix0926,90,4,0,-139,-8,3.39
fold2_room1_mix0926,91,4,0,-145,-6,4.70
fold2_room1_mix0926,92,4,0,-149,-5,5.07
fold2_room1_mix0926,93,4,0,-152,-5,5.40
fold2_room1_mix0926,94,4,0,-155,-5,5.12
fold2_room1_mix0926,95,4,0,-158,-5,6.03
fold2_room1_mix0926,96,4,0,-158,-4,6.31
fold2_room1_mix0926,97,4,0,-160,-4,7.12
fold2_room1_mix0926,98,4,0,-162,-4,7.75
fold2_room1_mix0926,99,4,0,-163,-3,8.39
fold2_room1_mix0927,1,4,0,-179,0,1.20
fold2_room1_mix0927,1,4,0,0,0,1.11
fold2_room1_mix0927,2,4,0,-178,1,1.31
fold2_room1_mix0927,2,4,0,0,2,1.26
fold2_room1_mix0927,3,4,0,-178,1,4.59
fold2_room1_mix0927,3,4,0,-2,1,4.13
fold2_room1_mix0927,4,4,0,-175,0,15.76
fold2_room1_mix0927,4,4,0,-1,-1,13.38
fold2_room1_mix0927,5,4,0,-176,0,18.48
fold2_room1_mix0927,5,4,0,-2,0,15.77
fold2_room1_mix0927,6,4,0,-177,0,17.09
fold2_room1_mix0927,6,4,0,-1,0,15.20
fold2_room1_mix0927,7,4,0,-175,0,30.98
fold2_room1_mix0927,7,4,0,-2,-1,25.93
fold2_room1_mix0927,8,4,0,-174,0,29.33
fold2_room1_mix0927,8,4,0,-1,-1,24.16
fold2_room1_mix0927,9,4,0,-174,0,27.49
fold2_room1_mix0927,9,4,0,-3,-2,22.83
fold2_room1_mix0927,10,4,0,-175,0,26.94
fold2_room1_mix0927,10,4,0,-1,-1,23.24
fold2_room1_mix0927,11,4,0,-175,0,28.43
fold2_room1_mix0927,11,4,0,-3,-1,23.71
fold2_room1_mix0927,12,4,0,-173,-1,26.16
fold2_room1_mix0927,12,4,0,-2,-2,21.86
fold2_room1_mix0927,13,4,0,-175,-1,26.18
fold2_room1_mix0927,13,4,0,-2,-1,23.63
fold2_room1_mix0927,14,4,0,-175,-1,27.83
fold2_room1_mix0927,14,4,0,-2,-1,24.17
fold2_room1_mix0927,15,4,0,-175,-1,26.52
fold2_room1_mix0927,15,4,0,-4,-2,22.56
fold2_room1_mix0927,16,4,0,-174,-1,25.09
fold2_room1_mix0927,16,4,0,-1,-2,21.74
fold2_room1_mix0927,17,4,0,-175,-1,25.03
fold2_room1_mix0927,17,4,0,-4,-2,22.29
fold2_room1_mix0927,18,4,0,-174,-1,25.02
fold2_room1_mix0927,18,4,0,-3,-2,21.45
fold2_room1_mix0927,19,4,0,-174,-1,23.10
fold2_room1_mix0927,19,4,0,-2,-2,20.78
fold2_room1_mix0927,20,4,0,-174,-2,21.95
fold2_room1_mix0927,20,4,0,-2,-2,21.33
fold2_room1_mix0927,21,4,0,-173,-2,20.55
fold2_room1_mix0927,21,4,0,-2,-2,20.61
fold2_room1_mix0927,22,4,0,-173,-2,18.22
fold2_room1_mix0927,22,4,0,-2,-2,18.25
fold2_room1_mix0927,23,4,0,-174,-2,18.32
fold2_room1_mix0927,23,4,0,-3,-2,18.38
fold2_room1_mix0927,24,4,0,-173,-2,17.70
fold2_room1_mix0927,24,4,0,-2,-2,18.53
fold2_room1_mix0927,25,4,0,-172,-2,16.46
fold2_room1_mix0927,25,4,0,-4,-2,17.84
fold2_room1_mix0927,26,4,0,-174,-2,15.47
fold2_room1_mix0927,26,4,0,-5,-2,17.60
fold2_room1_mix0927,27,4,0,-173,-2,16.37
fold2_room1_mix0927,27,4,0,-4,-2,18.36
fold2_room1_mix0927,28,4,0,-173,-2,14.95
fold2_room1_mix0927,28,4,0,-4,-2,17.24
fold2_room1_mix0927,29,4,0,-173,-2,14.43
fold2_room1_mix0927,29,4,0,-3,-2,17.70
fold2_room1_mix0927,30,4,0,-174,-2,14.45
fold2_room1_mix0927,30,4,0,-5,-2,17.53
fold2_room1_mix0927,31,4,0,-173,-2,13.22
fold2_room1_mix0927,31,4,0,-5,-2,16.47
fold2_room1_mix0927,32,4,0,-172,-2,12.17
fold2_room1_mix0927,32,4,0,-6,-2,15.31
fold2_room1_mix0927,33,4,0,-173,-2,11.50
fold2_room1_mix0927,33,4,0,-9,-2,14.41
fold2_room1_mix0927,34,4,0,-172,-3,10.58
fold2_room1_mix0927,34,4,0,-7,-2,13.55
fold2_room1_mix0927,35,4,0,-173,-2,10.58
fold2_room1_mix0927,35,4,0,-7,-2,13.34
fold2_room1_mix0927,36,4,0,-173,-3,9.71
fold2_room1_mix0927,36,4,0,-7,-2,13.19
fold2_room1_mix0927,37,4,0,-174,-2,10.02
fold2_room1_mix0927,37,4,0,-7,-2,12.47
fold2_room1_mix0927,38,4,0,-176,-3,9.15
fold2_room1_mix0927,38,4,0,-9,-2,12.19
fold2_room1_mix0927,39,4,0,-175,-3,8.81
fold2_room1_mix0927,39,4,0,-9,-3,12.13
fold2_room1_mix0927,40,4,0,-176,-4,8.36
fold2_room1_mix0927,40,4,0,-10,-3,11.31
fold2_room1_mix0927,41,4,0,-176,-4,8.00
fold2_room1_mix0927,41,4,0,-9,-3,11.19
fold2_room1_mix0927,42,4,0,-175,-5,6.81
fold2_room1_mix0927,42,4,0,-11,-4,10.41
fold2_room1_mix0927,43,4,0,-173,-5,6.42
fold2_room1_mix0927,43,4,0,-10,-3,10.81
fold2_room1_mix0927,44,4,0,-174,-7,5.35
fold2_room1_mix0927,44,4,0,-14,-4,9.43
fold2_room1_mix0927,45,4,0,-175,-8,4.91
fold2_room1_mix0927,45,4,0,-14,-4,10.58
fold2_room1_mix0927,46,4,0,-173,-8,4.34
fold2_room1_mix0927,46,4,0,-21,-3,10.81
fold2_room1_mix0927,46,4,0,-6,-4,10.02
fold2_room1_mix0927,47,4,0,-172,-10,4.13
fold2_room1_mix0927,47,4,0,-17,-4,10.10
fold2_room1_mix0927,48,4,0,-173,-12,3.43
fold2_room1_mix0927,48,4,0,-16,-5,9.48
fold2_room1_mix0927,49,4,0,-173,-14,3.14
fold2_room1_mix0927,49,4,0,-17,-5,10.23
fold2_room1_mix0927,50,4,0,-165,-19,2.34
fold2_room1_mix0927,50,4,0,-45,-10,9.96
fold2_room1_mix0927,50,4,0,-22,-8,8.80
fold2_room1_mix0927,51,4,0,-155,-26,1.75
fold2_room1_mix0927,51,4,0,-18,-9,11.06
fold2_room1_mix0927,52,4,0,-126,-45,1.18
fold2_room1_mix0927,52,4,0,-23,-15,9.27
fold2_room1_mix0927,52,4,0,-10,-7,12.72
fold2_room1_mix0927,53,4,0,-59,-45,1.33
fold2_room1_mix0927,53,4,0,-12,-10,9.22
fold2_room1_mix0927,54,4,0,-32,-27,1.58
fold2_room1_mix0927,54,4,0,-10,-7,9.01
fold2_room1_mix0927,55,4,0,-17,-12,5.88
fold2_room1_mix0927,56,4,0,-11,-11,5.58
fold2_room1_mix0927,57,4,0,-9,-9,6.19
fold2_room1_mix0927,58,4,0,-8,-9,5.87
fold2_room1_mix0927,59,4,0,-7,-7,5.94
fold2_room1_mix0927,60,4,0,-7,-8,5.79
fold2_room1_mix0927,61,4,0,-7,-7,5.73
fold2_room1_mix0927,62,4,0,-7,-7,5.84
fold2_room1_mix0927,63,4,0,-7,-7,6.09
fold2_room1_mix0927,64,4,0,-8,-7,6.02
fold2_room1_mix0927,65,4,0,-8,-7,6.25
fold2_room1_mix0927,66,4,0,-8,-7,6.28
fold2_room1_mix0927,67,4,0,-9,-7,6.77
fold2_room1_mix0927,68,4,0,-9,-7,7.72
fold2_room1_mix0927,69,4,0,-15,-18,1.73
fold2_room1_mix0927,69,4,0,-9,-2,10.22
fold2_room1_mix0927,70,4,0,-21,-19,1.41
fold2_room1_mix0927,70,4,0,-8,-2,10.89
fold2_room1_mix0927,71,4,0,-29,-23,1.01
fold2_room1_mix0927,71,4,0,-9,-1,10.61
fold2_room1_mix0927,72,4,0,-41,-26,0.85
fold2_room1_mix0927,72,4,0,-7,-2,10.28
fold2_room1_mix0927,73,4,0,-63,-29,0.65
fold2_room1_mix0927,73,4,0,-7,-2,10.16
fold2_room1_mix0927,74,4,0,-93,-30,0.60
fold2_room1_mix0927,74,4,0,-4,-2,10.23
fold2_room1_mix0927,75,4,0,-124,-25,0.66
fold2_room1_mix0927,75,4,0,-8,-3,9.43
fold2_room1_mix0927,76,4,0,-141,-16,1.03
fold2_room1_mix0927,76,4,0,-9,-3,8.88
fold2_room1_mix0927,77,4,0,-152,-14,1.46
fold2_room1_mix0927,77,4,0,-14,-3,8.89
fold2_room1_mix0927,78,4,0,-154,-12,1.78
fold2_room1_mix0927,78,4,0,-15,-4,8.36
fold2_room1_mix0927,79,4,0,-162,-12,1.94
fold2_room1_mix0927,79,4,0,-33,-5,7.03
fold2_room1_mix0927,79,4,0,-13,-3,10.81
fold2_room1_mix0927,80,4,0,-157,-14,1.93
fold2_room1_mix0927,80,4,0,-44,-6,5.87
fold2_room1_mix0927,80,4,0,-12,-3,11.61
fold2_room1_mix0927,81,4,0,-164,-12,2.42
fold2_room1_mix0927,81,4,0,-92,-14,3.07
fold2_room1_mix0927,81,4,0,-9,-1,13.35
fold2_room1_mix0927,82,4,0,-168,-12,2.19
fold2_room1_mix0927,82,4,0,-104,-14,3.09
fold2_room1_mix0927,82,4,0,-10,-2,12.54
fold2_room1_mix0927,83,4,0,-170,-11,2.51
fold2_room1_mix0927,83,4,0,-106,-13,2.67
fold2_room1_mix0927,83,4,0,-9,-1,12.99
fold2_room1_mix0927,84,4,0,-170,-9,4.13
fold2_room1_mix0927,84,4,0,-107,-14,3.47
fold2_room1_mix0927,84,4,0,-8,-2,16.34
fold2_room1_mix0927,85,4,0,-169,-9,4.42
fold2_room1_mix0927,85,4,0,-124,-13,2.47
fold2_room1_mix0927,85,4,0,-11,-2,16.02
fold2_room1_mix0927,86,4,0,-169,-9,3.98
fold2_room1_mix0927,86,4,0,-114,-12,3.15
fold2_room1_mix0927,86,4,0,-4,-1,18.02
fold2_room1_mix0927,87,4,0,-173,-9,3.81
fold2_room1_mix0927,87,4,0,-133,-8,4.16
fold2_room1_mix0927,87,4,0,-9,-1,17.00
fold2_room1_mix0927,88,4,0,-172,-7,6.18
fold2_room1_mix0927,88,4,0,-143,-10,3.00
fold2_room1_mix0927,88,4,0,-14,-2,18.12
fold2_room1_mix0927,89,4,0,-173,-7,4.49
fold2_room1_mix0927,89,4,0,-133,-8,3.89
fold2_room1_mix0927,89,4,0,-8,0,19.82
fold2_room1_mix0927,90,4,0,-174,-6,5.97
fold2_room1_mix0927,90,4,0,-156,-9,3.63
fold2_room1_mix0927,90,4,0,-18,-2,19.35
fold2_room1_mix0927,91,4,0,-171,-7,5.55
fold2_room1_mix0927,91,4,0,-147,-7,4.59
fold2_room1_mix0927,91,4,0,-15,-2,20.84
fold2_room1_mix0927,92,4,0,-170,-6,6.31
fold2_room1_mix0927,92,4,0,-148,-8,3.92
fold2_room1_mix0927,92,4,0,-13,-1,24.28
fold2_room1_mix0927,93,4,0,-172,-6,6.33
fold2_room1_mix0927,93,4,0,-152,-8,4.24
fold2_room1_mix0927,93,4,0,-16,-1,22.55
fold2_room1_mix0927,94,4,0,-172,-6,6.73
fold2_room1_mix0927,94,4,0,-151,-8,4.02
fold2_room1_mix0927,94,4,0,-7,-1,27.82
fold2_room1_mix0927,95,4,0,-170,-6,6.32
fold2_room1_mix0927,95,4,0,-155,-9,3.75
fold2_room1_mix0927,95,4,0,-8,-1,28.43
fold2_room1_mix0927,96,4,0,-175,-5,7.84
fold2_room1_mix0927,96,4,0,-158,-8,3.88
fold2_room1_mix0927,96,4,0,-5,0,30.77
fold2_room1_mix0927,97,4,0,-169,-6,6.56
fold2_room1_mix0927,97,4,0,-3,0,33.37
fold2_room1_mix0927,98,4,0,-174,-6,7.00
fold2_room1_mix0927,98,4,0,-5,0,35.39
fold2_room1_mix0927,99,4,0,-172,-6,6.23
fold2_room1_mix0927,99,4,0,-2,0,33.25
fold2_room1_mix0928,11,4,0,179,0,7.84
fold2_room1_mix0928,12,4,0,-179,1,4.51
fold2_room1_mix0928,13,4,0,-177,1,3.03
fold2_room1_mix0928,14,4,0,-178,1,4.02
fold2_room1_mix0928,16,4,0,-177,0,11.60
fold2_room1_mix0928,17,4,0,-179,0,4.63
fold2_room1_mix0928,18,4,0,-173,0,22.69
fold2_room1_mix0928,19,4,0,-177,0,14.13
fold2_room1_mix0928,20,4,0,-175,0,22.10
fold2_room1_mix0928,21,1,0,35,-2,20.86
fold2_room1_mix0928,21,4,0,179,0,22.04
fold2_room1_mix0928,22,1,0,36,-2,23.93
fold2_room1_mix0928,22,4,0,-179,0,14.69
fold2_room1_mix0928,23,1,0,42,-3,22.85
fold2_room1_mix0928,23,4,0,-179,0,17.71
fold2_room1_mix0928,24,1,0,42,-2,6.25
fold2_room1_mix0928,24,4,0,-174,0,23.28
fold2_room1_mix0928,25,1,0,38,-3,18.77
fold2_room1_mix0928,25,4,0,179,0,20.28
fold2_room1_mix0928,26,1,0,38,-2,23.40
fold2_room1_mix0928,26,4,0,176,-1,19.69
fold2_room1_mix0928,27,1,0,46,-3,20.05
fold2_room1_mix0928,27,4,0,-179,-1,20.70
fold2_room1_mix0928,28,1,0,37,-3,19.07
fold2_room1_mix0928,28,4,0,-178,0,24.41
fold2_room1_mix0928,29,4,0,-173,-1,19.39
fold2_room1_mix0928,30,1,0,46,-3,16.47
fold2_room1_mix0928,30,4,0,-171,-1,19.48
fold2_room1_mix0928,31,1,0,44,-3,18.54
fold2_room1_mix0928,31,4,0,178,0,23.15
fold2_room1_mix0928,32,1,0,51,-3,18.09
fold2_room1_mix0928,32,4,0,-172,-1,17.51
fold2_room1_mix0928,33,1,0,41,-3,14.32
fold2_room1_mix0928,33,4,0,-176,0,24.38
fold2_room1_mix0928,34,4,0,-171,-1,16.65
fold2_room1_mix0928,35,1,0,54,-3,12.71
fold2_room1_mix0928,35,4,0,-168,-1,15.45
fold2_room1_mix0928,36,1,0,51,-3,14.83
fold2_room1_mix0928,36,4,0,175,0,20.73
fold2_room1_mix0928,37,1,0,59,-3,15.43
fold2_room1_mix0928,37,4,0,-172,-1,14.70
fold2_room1_mix0928,38,1,0,49,-3,13.23
fold2_room1_mix0928,38,4,0,-168,0,18.06
fold2_room1_mix0928,39,4,0,-167,-2,11.75
fold2_room1_mix0928,40,1,0,66,-3,15.05
fold2_room1_mix0928,40,4,0,-167,-1,13.06
fold2_room1_mix0928,41,1,0,60,-3,13.37
fold2_room1_mix0928,41,4,0,-176,-1,16.66
fold2_room1_mix0928,42,1,0,69,-3,16.12
fold2_room1_mix0928,42,4,0,-172,-3,8.87
fold2_room1_mix0928,42,4,0,-5,-2,15.96
fold2_room1_mix0928,43,1,0,76,-4,10.86
fold2_room1_mix0928,43,4,0,-158,-2,13.55
fold2_room1_mix0928,44,4,0,-155,-6,5.96
fold2_room1_mix0928,44,4,0,-10,-1,21.73
fold2_room1_mix0928,45,1,0,77,-4,16.11
fold2_room1_mix0928,45,4,0,-154,-6,5.55
fold2_room1_mix0928,45,4,0,-3,-1,20.92
fold2_room1_mix0928,46,1,0,69,-4,11.65
fold2_room1_mix0928,46,4,0,-153,-4,9.58
fold2_room1_mix0928,46,4,0,-135,-6,9.22
fold2_room1_mix0928,47,1,0,76,-3,14.71
fold2_room1_mix0928,47,4,0,-147,-8,4.20
fold2_room1_mix0928,47,4,0,4,0,24.91
fold2_room1_mix0928,48,1,0,71,-4,9.96
fold2_room1_mix0928,48,4,0,-105,-9,3.96
fold2_room1_mix0928,48,4,0,-58,-6,7.75
fold2_room1_mix0928,49,4,0,-80,-16,3.48
fold2_room1_mix0928,49,4,0,-14,-2,20.37
fold2_room1_mix0928,50,1,0,88,-3,12.91
fold2_room1_mix0928,50,4,0,-83,-13,2.91
fold2_room1_mix0928,50,4,0,-11,1,23.31
fold2_room1_mix0928,51,1,0,84,-4,10.20
fold2_room1_mix0928,51,4,0,-74,-6,4.84
fold2_room1_mix0928,51,4,0,-48,-5,7.80
fold2_room1_mix0928,52,1,0,92,-4,10.02
fold2_room1_mix0928,52,4,0,-61,-10,3.65
fold2_room1_mix0928,52,4,0,-2,0,20.64
fold2_room1_mix0928,53,1,0,74,-4,9.72
fold2_room1_mix0928,53,4,0,-112,-6,6.89
fold2_room1_mix0928,53,4,0,-46,-4,5.83
fold2_room1_mix0928,53,4,0,-12,-2,13.28
fold2_room1_mix0928,54,4,0,-33,-6,7.01
fold2_room1_mix0928,55,1,0,105,-3,8.45
fold2_room1_mix0928,55,4,0,-53,-5,5.85
fold2_room1_mix0928,55,4,0,-23,-3,10.33
fold2_room1_mix0928,56,1,0,103,-4,11.34
fold2_room1_mix0928,56,4,0,-25,-3,8.38
fold2_room1_mix0928,57,1,0,106,-3,8.94
fold2_room1_mix0928,57,4,0,-23,-4,9.34
fold2_room1_mix0928,58,1,0,91,-4,9.63
fold2_room1_mix0928,58,4,0,-22,-2,9.07
fold2_room1_mix0928,59,4,0,-12,-3,10.96
fold2_room1_mix0928,60,1,0,120,-3,10.59
fold2_room1_mix0928,60,4,0,-13,-2,10.03
fold2_room1_mix0928,61,1,0,116,-4,12.42
fold2_room1_mix0928,61,4,0,-7,-2,11.30
fold2_room1_mix0928,62,1,0,119,-3,8.77
fold2_room1_mix0928,62,4,0,-7,-3,11.90
fold2_room1_mix0928,63,1,0,102,-4,12.27
fold2_room1_mix0928,63,4,0,-12,-2,8.98
fold2_room1_mix0928,64,4,0,27,-11,4.88
fold2_room1_mix0928,64,4,0,0,-2,13.16
fold2_room1_mix0928,65,1,0,136,-3,12.04
fold2_room1_mix0928,65,4,0,0,-5,8.56
fold2_room1_mix0928,66,1,0,130,-3,15.14
fold2_room1_mix0928,66,4,0,-2,-3,10.08
fold2_room1_mix0928,67,1,0,135,-3,11.85
fold2_room1_mix0928,67,4,0,30,-9,5.05
fold2_room1_mix0928,67,4,0,-4,-1,14.52
fold2_room1_mix0928,68,1,0,131,-3,14.83
fold2_room1_mix0928,68,4,0,-14,-1,17.80
fold2_room1_mix0928,69,4,0,151,-11,5.12
fold2_room1_mix0928,69,4,0,-3,-2,19.14
fold2_room1_mix0928,70,1,0,144,-3,19.36
fold2_room1_mix0928,70,4,0,145,-10,4.56
fold2_room1_mix0928,70,4,0,-4,-1,20.48
fold2_room1_mix0928,71,1,0,137,-3,19.80
fold2_room1_mix0928,71,4,0,170,-6,6.47
fold2_room1_mix0928,71,4,0,-8,0,20.26
fold2_room1_mix0928,72,1,0,141,-3,19.90
fold2_room1_mix0928,72,4,0,150,-9,5.86
fold2_room1_mix0928,72,4,0,-8,0,26.55
fold2_room1_mix0928,73,1,0,144,-3,16.82
fold2_room1_mix0928,73,4,0,-179,-4,8.04
fold2_room1_mix0928,73,4,0,-4,0,21.73
fold2_room1_mix0928,74,4,0,173,-4,7.31
fold2_room1_mix0928,74,4,0,-5,0,23.20
fold2_room1_mix0928,75,1,0,144,-3,19.77
fold2_room1_mix0928,75,4,0,163,-4,8.04
fold2_room1_mix0928,75,4,0,-4,0,30.10
fold2_room1_mix0928,76,1,0,143,-3,20.31
fold2_room1_mix0928,76,4,0,179,-4,8.02
fold2_room1_mix0928,76,4,0,-6,0,26.65
fold2_room1_mix0928,77,1,0,143,-2,22.19
fold2_room1_mix0928,77,4,0,177,-3,8.41
fold2_room1_mix0928,77,4,0,-8,0,31.13
fold2_room1_mix0928,78,1,0,147,-3,11.82
fold2_room1_mix0928,78,4,0,177,-2,10.91
fold2_room1_mix0928,78,4,0,0,1,31.86
fold2_room1_mix0928,79,4,0,170,-2,10.89
fold2_room1_mix0928,79,4,0,-4,0,27.50
fold2_room1_mix0928,80,4,0,168,-2,10.55
fold2_room1_mix0928,80,4,0,0,0,29.77
fold2_room1_mix0928,81,4,0,172,-1,13.45
fold2_room1_mix0928,81,4,0,0,1,31.12
fold2_room1_mix0928,82,4,0,171,-2,13.36
fold2_room1_mix0928,83,4,0,167,-1,13.43
fold2_room1_mix0928,84,4,0,171,-1,13.75
fold2_room1_mix0928,85,4,0,170,-1,17.00
fold2_room1_mix0928,86,4,0,168,-1,16.24
fold2_room1_mix0928,87,4,0,171,-1,16.34
fold2_room1_mix0928,88,4,0,171,0,18.16
fold2_room1_mix0928,89,4,0,170,-1,17.28
fold2_room1_mix0928,90,4,0,173,0,17.40
fold2_room1_mix0928,91,4,0,172,0,18.10
fold2_room1_mix0928,92,4,0,172,0,13.95
fold2_room1_mix0928,93,4,0,174,0,11.19
fold2_room1_mix0929,4,4,0,2,0,3.94
fold2_room1_mix0929,5,4,0,2,0,16.97
fold2_room1_mix0929,6,4,0,4,0,17.72
fold2_room1_mix0929,7,4,0,4,0,19.36
fold2_room1_mix0929,8,4,0,4,0,31.82
fold2_room1_mix0929,9,4,0,5,0,34.19
fold2_room1_mix0929,10,4,0,6,0,34.44
fold2_room1_mix0929,11,4,0,5,0,35.13
fold2_room1_mix0929,12,4,0,5,0,36.90
fold2_room1_mix0929,13,4,0,5,0,34.95
fold2_room1_mix0929,14,4,0,6,0,34.59
fold2_room1_mix0929,15,4,0,5,0,35.03
fold2_room1_mix0929,16,4,0,5,0,36.54
fold2_room1_mix0929,17,4,0,5,0,33.99
fold2_room1_mix0929,18,4,0,5,0,35.27
fold2_room1_mix0929,19,4,0,5,0,36.48
fold2_room1_mix0929,20,4,0,5,0,36.63
fold2_room1_mix0929,21,4,0,5,0,35.49
fold2_room1_mix0929,22,4,0,4,0,33.96
fold2_room1_mix0929,23,4,0,5,0,30.33
fold2_room1_mix0929,24,4,0,5,0,30.02
fold2_room1_mix0929,25,4,0,2,-1,26.14
fold2_room1_mix0929,26,4,0,4,-1,26.71
fold2_room1_mix0929,27,4,0,5,-1,27.69
fold2_room1_mix0929,28,4,0,4,-1,26.79
fold2_room1_mix0929,29,4,0,5,-1,25.56
fold2_room1_mix0929,30,4,0,5,-1,26.18
fold2_room1_mix0929,31,4,0,5,-1,27.05
fold2_room1_mix0929,32,4,0,5,-1,28.41
fold2_room1_mix0929,33,4,0,5,-1,26.76
fold2_room1_mix0929,34,4,0,6,-1,26.15
fold2_room1_mix0929,35,4,0,5,-1,25.57
fold2_room1_mix0929,36,4,0,6,-1,24.63
fold2_room1_mix0929,37,4,0,7,-1,24.58
fold2_room1_mix0929,38,4,0,6,-1,24.22
fold2_room1_mix0929,39,4,0,8,-1,24.14
fold2_room1_mix0929,40,4,0,8,-1,25.02
fold2_room1_mix0929,41,4,0,9,-1,24.10
fold2_room1_mix0929,42,4,0,8,-1,21.97
fold2_room1_mix0929,43,4,0,8,-1,20.41
fold2_room1_mix0929,44,4,0,9,-2,19.02
fold2_room1_mix0929,45,4,0,10,-2,17.59
fold2_room1_mix0929,46,4,0,11,-2,17.80
fold2_room1_mix0929,47,4,0,11,-2,15.74
fold2_room1_mix0929,48,4,0,11,-2,14.58
fold2_room1_mix0929,49,4,0,12,-3,12.29
fold2_room1_mix0929,50,4,0,12,-3,12.02
fold2_room1_mix0929,51,4,0,15,-3,10.86
fold2_room1_mix0929,52,4,0,16,-3,9.55
fold2_room1_mix0929,53,4,0,18,-4,7.90
fold2_room1_mix0929,54,4,0,20,-4,7.05
fold2_room1_mix0929,55,4,0,22,-5,6.02
fold2_room1_mix0929,56,4,0,26,-6,4.79
fold2_room1_mix0929,57,4,0,32,-8,4.33
fold2_room1_mix0929,58,4,0,41,-10,3.42
fold2_room1_mix0929,59,4,0,57,-11,2.80
fold2_room1_mix0929,60,4,0,79,-13,2.73
fold2_room1_mix0929,61,4,0,101,-11,3.04
fold2_room1_mix0929,62,4,0,120,-9,3.35
fold2_room1_mix0929,63,4,0,135,-6,4.19
fold2_room1_mix0929,64,4,0,146,-5,4.60
fold2_room1_mix0929,65,4,0,150,-5,5.34
fold2_room1_mix0929,66,4,0,153,-4,6.16
fold2_room1_mix0929,67,4,0,158,-4,6.61
fold2_room1_mix0929,68,4,0,160,-3,7.42
fold2_room1_mix0929,69,4,0,161,-2,8.42
fold2_room1_mix0929,70,4,0,165,-2,9.07
fold2_room1_mix0929,71,4,0,166,-2,9.76
fold2_room1_mix0929,72,4,0,166,-2,11.07
fold2_room1_mix0929,73,4,0,168,-2,11.25
fold2_room1_mix0929,74,4,0,168,-1,12.32
fold2_room1_mix0929,75,4,0,169,-1,13.28
fold2_room1_mix0929,76,4,0,170,-1,13.65
fold2_room1_mix0929,77,4,0,171,-1,14.36
fold2_room1_mix0929,78,4,0,171,-1,15.01
fold2_room1_mix0929,79,4,0,172,-1,15.92
fold2_room1_mix0929,80,4,0,172,-1,16.62
fold2_room1_mix0929,81,4,0,172,-1,16.84
fold2_room1_mix0929,82,4,0,172,-1,17.48
fold2_room1_mix0929,83,4,0,172,0,18.91
fold2_room1_mix0929,84,4,0,172,-1,18.65
fold2_room1_mix0929,85,4,0,172,0,18.98
fold2_room1_mix0929,86,4,0,173,0,19.70
fold2_room1_mix0929,87,4,0,172,0,20.85
fold2_room1_mix0929,88,4,0,172,0,21.53
fold2_room1_mix0929,89,4,0,173,0,20.42
fold2_room1_mix0929,90,4,0,173,0,20.97
fold2_room1_mix0929,91,4,0,173,0,22.48
fold2_room1_mix0929,92,4,0,174,0,21.50
fold2_room1_mix0929,93,4,0,173,0,22.37
fold2_room1_mix0929,94,4,0,174,0,22.78
fold2_room1_mix0929,95,4,0,174,0,24.32
fold2_room1_mix0929,96,4,0,175,0,24.28
fold2_room1_mix0929,97,4,0,175,0,23.55
fold2_room1_mix0929,98,4,0,175,0,25.09
fold2_room1_mix0929,99,4,0,176,0,25.09
fold2_room1_mix0929,3,4,0,-1,0,1.56
fold2_room1_mix0930,55,4,0,165,-2,3.13
fold2_room1_mix0930,56,4,0,161,-3,9.36
fold2_room1_mix0930,57,4,0,159,-3,8.96
fold2_room1_mix0930,58,4,0,158,-4,7.81
fold2_room1_mix0930,59,4,0,170,-4,8.22
fold2_room1_mix0930,59,4,0,113,-3,9.69
fold2_room1_mix0930,60,4,0,168,-3,8.69
fold2_room1_mix0930,60,4,0,133,-3,9.37
fold2_room1_mix0930,61,3,0,114,-7,3.28
fold2_room1_mix0930,61,4,0,166,-4,10.35
fold2_room1_mix0930,61,4,0,113,-3,11.64
fold2_room1_mix0930,62,3,0,116,-5,10.99
fold2_room1_mix0930,62,4,0,151,-4,12.72
fold2_room1_mix0930,62,4,0,131,-4,11.72
fold2_room1_mix0930,63,3,0,130,-5,9.14
fold2_room1_mix0930,63,4,0,168,-2,14.06
fold2_room1_mix0930,63,4,0,145,-5,10.13
fold2_room1_mix0930,63,4,0,108,-5,10.60
fold2_room1_mix0930,64,3,0,111,-5,8.12
fold2_room1_mix0930,64,4,0,159,-4,9.50
fold2_room1_mix0930,64,4,0,127,-4,9.68
fold2_room1_mix0930,65,3,0,80,-5,6.82
fold2_room1_mix0930,65,4,0,171,-3,8.24
fold2_room1_mix0930,65,4,0,120,-4,8.29
fold2_room1_mix0930,66,3,0,111,-5,8.89
fold2_room1_mix0930,66,4,0,175,-3,11.37
fold2_room1_mix0930,66,4,0,105,-5,10.99
fold2_room1_mix0930,67,3,0,112,-5,9.23
fold2_room1_mix0930,67,4,0,178,-2,9.04
fold2_room1_mix0930,67,4,0,111,-5,9.02
fold2_room1_mix0930,68,3,0,141,-5,9.73
fold2_room1_mix0930,68,4,0,177,-3,8.66
fold2_room1_mix0930,68,4,0,107,-5,9.01
fold2_room1_mix0930,69,3,0,120,-6,5.20
fold2_room1_mix0930,69,4,0,-171,-4,8.93
fold2_room1_mix0930,69,4,0,100,-5,11.44
fold2_room1_mix0930,70,4,0,-166,-3,7.49
fold2_room1_mix0930,70,4,0,173,-5,8.55
fold2_room1_mix0930,71,4,0,-155,-3,6.69
fold2_room1_mix0930,72,4,0,-156,-4,6.36
fold2_room1_mix0930,73,4,0,-154,-4,5.78
fold2_room1_mix0930,74,4,0,-153,-5,4.99
fold2_room1_mix0930,75,4,0,-155,-6,4.73
fold2_room1_mix0930,76,4,0,-150,-6,4.35
fold2_room1_mix0930,77,4,0,-147,-8,3.97
fold2_room1_mix0930,78,4,0,-140,-13,3.48
fold2_room1_mix0930,79,4,0,-131,-14,3.46
fold2_room1_mix0930,80,4,0,-117,-14,1.98
fold2_room1_mix0930,81,4,0,-92,-13,2.12
fold2_room1_mix0930,81,4,0,-69,-13,4.17
fold2_room1_mix0930,82,4,0,-70,-14,1.63
fold2_room1_mix0930,82,4,0,-18,-6,6.80
fold2_room1_mix0930,83,3,0,157,-6,7.85
fold2_room1_mix0930,83,4,0,-48,-10,2.27
fold2_room1_mix0930,83,4,0,-3,-4,7.97
fold2_room1_mix0930,84,3,0,144,-5,5.81
fold2_room1_mix0930,84,4,0,-39,-8,2.92
fold2_room1_mix0930,84,4,0,-18,-6,5.73
fold2_room1_mix0930,85,3,0,157,-5,5.76
fold2_room1_mix0930,85,4,0,-35,-8,3.86
fold2_room1_mix0930,86,3,0,154,-5,4.56
fold2_room1_mix0930,86,4,0,-28,-6,4.98
fold2_room1_mix0930,87,3,0,156,-4,10.01
fold2_room1_mix0930,87,4,0,-28,-6,4.81
fold2_room1_mix0930,88,3,0,161,-4,9.89
fold2_room1_mix0930,88,4,0,-23,-6,5.46
fold2_room1_mix0930,89,3,0,159,-4,10.79
fold2_room1_mix0930,89,4,0,-23,-5,5.59
fold2_room1_mix0930,90,3,0,164,-4,9.39
fold2_room1_mix0930,90,4,0,-22,-5,6.23
fold2_room1_mix0930,91,3,0,162,-3,6.99
fold2_room1_mix0930,91,4,0,-20,-4,6.72
fold2_room1_mix0930,92,3,0,160,-4,5.79
fold2_room1_mix0930,92,4,0,-20,-4,7.44
fold2_room1_mix0930,93,4,0,-17,-3,8.07
fold2_room1_mix0930,94,4,0,-14,-2,8.70
fold2_room1_mix0930,95,4,0,-14,-2,10.05
fold2_room1_mix0930,96,4,0,-13,-3,9.56
fold2_room1_mix0930,97,4,0,-10,-3,10.12
fold2_room1_mix0930,98,4,0,-9,-2,10.18
fold2_room1_mix0930,99,4,0,-9,-3,10.70
fold2_room1_mix0931,3,4,0,-1,0,4.57
fold2_room1_mix0931,4,4,0,0,0,11.74
fold2_room1_mix0931,5,4,0,1,0,22.02
fold2_room1_mix0931,6,4,0,0,0,22.95
fold2_room1_mix0931,7,4,0,2,0,29.05
fold2_room1_mix0931,8,4,0,2,0,42.80
fold2_room1_mix0931,9,4,0,0,-1,41.77
fold2_room1_mix0931,10,4,0,2,-1,41.67
fold2_room1_mix0931,11,4,0,3,0,43.66
fold2_room1_mix0931,12,4,0,2,0,43.07
fold2_room1_mix0931,13,4,0,3,-1,43.02
fold2_room1_mix0931,14,4,0,1,0,42.26
fold2_room1_mix0931,15,4,0,1,0,41.93
fold2_room1_mix0931,16,4,0,2,0,38.95
fold2_room1_mix0931,17,4,0,1,0,39.40
fold2_room1_mix0931,18,4,0,1,0,38.07
fold2_room1_mix0931,19,4,0,2,0,36.41
fold2_room1_mix0931,20,4,0,1,0,36.30
fold2_room1_mix0931,21,4,0,2,0,35.10
fold2_room1_mix0931,22,4,0,1,0,33.84
fold2_room1_mix0931,23,4,0,2,-1,31.75
fold2_room1_mix0931,24,4,0,1,0,33.27
fold2_room1_mix0931,25,4,0,0,-1,32.19
fold2_room1_mix0931,26,4,0,0,-1,32.52
fold2_room1_mix0931,27,4,0,1,-1,32.40
fold2_room1_mix0931,28,4,0,0,-1,31.73
fold2_room1_mix0931,29,4,0,0,-1,31.05
fold2_room1_mix0931,30,4,0,0,-1,31.26
fold2_room1_mix0931,31,4,0,-1,-1,28.97
fold2_room1_mix0931,32,4,0,0,-1,28.96
fold2_room1_mix0931,33,4,0,0,-1,28.32
fold2_room1_mix0931,34,4,0,0,-1,27.18
fold2_room1_mix0931,35,4,0,0,-1,25.93
fold2_room1_mix0931,36,4,0,0,-1,24.74
fold2_room1_mix0931,37,4,0,0,-1,25.12
fold2_room1_mix0931,38,4,0,0,-1,23.03
fold2_room1_mix0931,39,4,0,0,-1,21.55
fold2_room1_mix0931,40,4,0,0,-1,22.54
fold2_room1_mix0931,41,4,0,-1,-1,20.18
fold2_room1_mix0931,42,4,0,-1,-1,19.59
fold2_room1_mix0931,43,4,0,-1,-1,19.39
fold2_room1_mix0931,44,4,0,-1,-1,17.74
fold2_room1_mix0931,45,4,0,-3,-1,17.41
fold2_room1_mix0931,46,4,0,-3,-1,17.69
fold2_room1_mix0931,47,4,0,-4,-1,16.22
fold2_room1_mix0931,48,4,0,-4,-2,14.79
fold2_room1_mix0931,49,4,0,-5,-2,13.92
fold2_room1_mix0931,50,4,0,-6,-2,13.36
fold2_room1_mix0931,51,4,0,-7,-2,12.17
fold2_room1_mix0931,52,4,0,-7,-2,12.14
fold2_room1_mix0931,53,4,0,-8,-3,11.20
fold2_room1_mix0931,54,4,0,-11,-3,9.56
fold2_room1_mix0931,55,4,0,-11,-3,9.33
fold2_room1_mix0931,56,4,0,-12,-3,8.64
fold2_room1_mix0931,57,4,0,-13,-4,7.64
fold2_room1_mix0931,58,4,0,-16,-4,6.65
fold2_room1_mix0931,59,4,0,-17,-4,6.15
fold2_room1_mix0931,60,4,0,-21,-5,5.02
fold2_room1_mix0931,61,4,0,-24,-6,4.15
fold2_room1_mix0931,62,4,0,-30,-7,3.43
fold2_room1_mix0931,63,4,0,-36,-9,2.84
fold2_room1_mix0931,64,4,0,-46,-11,2.26
fold2_room1_mix0931,65,4,0,-63,-14,2.04
fold2_room1_mix0931,66,4,0,-88,-16,1.95
fold2_room1_mix0931,67,4,0,-113,-13,1.90
fold2_room1_mix0931,68,4,0,-131,-10,2.28
fold2_room1_mix0931,69,4,0,-140,-8,2.87
fold2_room1_mix0931,70,4,0,-148,-7,3.51
fold2_room1_mix0931,71,4,0,-154,-6,4.11
fold2_room1_mix0931,72,4,0,-156,-5,4.98
fold2_room1_mix0931,73,4,0,-158,-5,5.36
fold2_room1_mix0931,74,4,0,-162,-4,6.15
fold2_room1_mix0931,75,4,0,-162,-4,6.95
fold2_room1_mix0931,76,4,0,-163,-3,7.63
fold2_room1_mix0931,77,4,0,-164,-3,8.10
fold2_room1_mix0931,78,4,0,-165,-2,9.47
fold2_room1_mix0931,79,4,0,-166,-2,9.96
fold2_room1_mix0931,80,4,0,-167,-2,10.72
fold2_room1_mix0931,81,4,0,-168,-1,11.76
fold2_room1_mix0931,82,4,0,-169,-1,12.62
fold2_room1_mix0931,83,4,0,-170,-2,12.78
fold2_room1_mix0931,84,4,0,-170,-1,13.82
fold2_room1_mix0931,85,4,0,-171,-1,14.22
fold2_room1_mix0931,86,4,0,-172,-1,14.85
fold2_room1_mix0931,87,4,0,-172,-1,15.72
fold2_room1_mix0931,88,4,0,-173,0,17.78
fold2_room1_mix0931,89,4,0,-172,0,17.67
fold2_room1_mix0931,90,4,0,-174,0,18.90
fold2_room1_mix0931,91,4,0,-174,0,20.71
fold2_room1_mix0931,92,4,0,-174,0,20.86
fold2_room1_mix0931,93,4,0,-175,0,21.32
fold2_room1_mix0931,94,4,0,-175,0,22.55
fold2_room1_mix0931,95,4,0,-175,0,22.27
fold2_room1_mix0931,96,4,0,-175,0,23.18
fold2_room1_mix0931,97,4,0,-176,0,25.08
fold2_room1_mix0931,98,4,0,-176,0,24.51
fold2_room1_mix0931,99,4,0,-176,0,24.97
fold2_room1_mix0932,4,4,0,-179,0,15.97
fold2_room1_mix0932,4,4,0,-7,0,14.38
fold2_room1_mix0932,6,4,0,179,0,19.44
fold2_room1_mix0932,6,4,0,-5,0,16.45
fold2_room1_mix0932,7,4,0,177,0,30.10
fold2_room1_mix0932,7,4,0,-6,0,24.33
fold2_room1_mix0932,9,4,0,179,0,34.87
fold2_room1_mix0932,9,4,0,-6,0,28.16
fold2_room1_mix0932,10,4,0,178,0,31.08
fold2_room1_mix0932,10,4,0,-7,-1,25.26
fold2_room1_mix0932,11,4,0,175,0,40.09
fold2_room1_mix0932,11,4,0,-5,0,27.44
fold2_room1_mix0932,12,4,0,174,0,35.36
fold2_room1_mix0932,12,4,0,-4,-1,28.04
fold2_room1_mix0932,13,4,0,174,0,34.22
fold2_room1_mix0932,13,4,0,-4,0,25.97
fold2_room1_mix0932,14,4,0,177,-1,34.45
fold2_room1_mix0932,14,4,0,-4,-1,26.83
fold2_room1_mix0932,15,4,0,175,0,34.81
fold2_room1_mix0932,15,4,0,-1,-1,26.18
fold2_room1_mix0932,16,4,0,174,-1,29.06
fold2_room1_mix0932,16,4,0,-3,-1,24.62
fold2_room1_mix0932,17,4,0,177,-1,31.41
fold2_room1_mix0932,17,4,0,-4,-1,24.25
fold2_room1_mix0932,18,4,0,177,-1,27.99
fold2_room1_mix0932,18,4,0,-5,-1,23.35
fold2_room1_mix0932,19,4,0,177,-1,26.60
fold2_room1_mix0932,19,4,0,-4,-2,21.93
fold2_room1_mix0932,20,4,0,175,-1,27.87
fold2_room1_mix0932,20,4,0,-5,-1,21.31
fold2_room1_mix0932,21,4,0,176,-1,28.34
fold2_room1_mix0932,21,4,0,-5,-2,20.33
fold2_room1_mix0932,22,4,0,176,-1,28.04
fold2_room1_mix0932,22,4,0,-6,-2,18.73
fold2_room1_mix0932,23,4,0,176,-2,25.12
fold2_room1_mix0932,23,4,0,-7,-2,18.07
fold2_room1_mix0932,24,4,0,177,-1,26.44
fold2_room1_mix0932,24,4,0,-9,-2,17.76
fold2_room1_mix0932,25,4,0,177,-2,24.80
fold2_room1_mix0932,25,4,0,-9,-2,17.37
fold2_room1_mix0932,26,4,0,178,-2,23.94
fold2_room1_mix0932,26,4,0,-10,-2,15.83
fold2_room1_mix0932,27,4,0,177,-2,24.18
fold2_room1_mix0932,27,4,0,-12,-2,16.60
fold2_room1_mix0932,28,4,0,176,-2,22.50
fold2_room1_mix0932,28,4,0,-11,-2,15.36
fold2_room1_mix0932,29,4,0,178,-2,19.31
fold2_room1_mix0932,29,4,0,-12,-2,13.52
fold2_room1_mix0932,30,4,0,175,-2,19.43
fold2_room1_mix0932,30,4,0,-15,-3,13.34
fold2_room1_mix0932,31,4,0,176,-2,19.81
fold2_room1_mix0932,31,4,0,-17,-3,12.15
fold2_room1_mix0932,32,4,0,177,-2,18.62
fold2_room1_mix0932,32,4,0,-19,-3,11.35
fold2_room1_mix0932,33,4,0,176,-2,18.42
fold2_room1_mix0932,33,4,0,-18,-4,10.97
fold2_room1_mix0932,34,4,0,175,-2,16.11
fold2_room1_mix0932,34,4,0,-23,-4,9.73
fold2_room1_mix0932,35,4,0,175,-2,16.07
fold2_room1_mix0932,35,4,0,-24,-4,9.49
fold2_room1_mix0932,36,4,0,176,-2,14.29
fold2_room1_mix0932,36,4,0,-26,-4,8.82
fold2_room1_mix0932,37,4,0,173,-3,12.99
fold2_room1_mix0932,37,4,0,-30,-5,7.67
fold2_room1_mix0932,38,4,0,172,-3,12.30
fold2_room1_mix0932,38,4,0,-32,-5,6.98
fold2_room1_mix0932,39,4,0,169,-3,12.47
fold2_room1_mix0932,39,4,0,-38,-7,6.46
fold2_room1_mix0932,40,4,0,172,-3,12.25
fold2_room1_mix0932,40,4,0,-41,-6,6.47
fold2_room1_mix0932,41,4,0,170,-4,10.82
fold2_room1_mix0932,41,4,0,-43,-7,5.48
fold2_room1_mix0932,42,4,0,170,-3,9.83
fold2_room1_mix0932,42,4,0,-48,-7,5.37
fold2_room1_mix0932,43,4,0,168,-4,9.08
fold2_room1_mix0932,43,4,0,-57,-8,5.19
fold2_room1_mix0932,44,4,0,168,-3,8.95
fold2_room1_mix0932,44,4,0,-66,-8,4.99
fold2_room1_mix0932,45,4,0,166,-4,8.79
fold2_room1_mix0932,45,4,0,-82,-9,4.85
fold2_room1_mix0932,46,4,0,154,-5,7.86
fold2_room1_mix0932,46,4,0,-92,-8,5.15
fold2_room1_mix0932,47,4,0,155,-5,7.56
fold2_room1_mix0932,47,4,0,-117,-8,4.59
fold2_room1_mix0932,47,4,0,-99,-8,5.70
fold2_room1_mix0932,48,4,0,149,-6,6.20
fold2_room1_mix0932,48,4,0,-127,-8,4.64
fold2_room1_mix0932,48,4,0,-110,-7,6.09
fold2_room1_mix0932,49,4,0,-144,-5,4.94
fold2_room1_mix0932,49,4,0,-140,-7,5.17
fold2_room1_mix0932,50,4,0,-127,-5,5.19
fold2_room1_mix0932,50,4,0,125,-6,5.36
fold2_room1_mix0932,51,4,0,-145,-5,5.84
fold2_room1_mix0932,51,4,0,112,-10,3.97
fold2_room1_mix0932,52,4,0,-141,-3,7.39
fold2_room1_mix0932,52,4,0,103,-12,3.01
fold2_room1_mix0932,53,4,0,-149,-4,5.63
fold2_room1_mix0932,53,4,0,82,-10,2.88
fold2_room1_mix0932,53,4,0,29,-10,4.24
fold2_room1_mix0932,54,4,0,-149,-5,6.06
fold2_room1_mix0932,54,4,0,63,-11,2.63
fold2_room1_mix0932,54,4,0,36,-9,3.72
fold2_room1_mix0932,55,4,0,-154,-4,7.43
fold2_room1_mix0932,55,4,0,40,-9,2.97
fold2_room1_mix0932,55,4,0,14,-6,5.73
fold2_room1_mix0932,56,4,0,-152,-3,7.34
fold2_room1_mix0932,56,4,0,34,-9,2.79
fold2_room1_mix0932,56,4,0,13,-6,5.70
fold2_room1_mix0932,57,4,0,-152,-3,8.35
fold2_room1_mix0932,57,4,0,24,-6,4.99
fold2_room1_mix0932,58,4,0,-153,-2,8.41
fold2_room1_mix0932,58,4,0,19,-5,5.36
fold2_room1_mix0932,59,4,0,-154,-2,9.14
fold2_room1_mix0932,59,4,0,15,-5,5.94
fold2_room1_mix0932,60,4,0,-155,-2,9.85
fold2_room1_mix0932,60,4,0,15,-4,6.59
fold2_room1_mix0932,61,4,0,-157,-2,9.43
fold2_room1_mix0932,61,4,0,11,-3,7.79
fold2_room1_mix0932,62,4,0,-159,-1,10.51
fold2_room1_mix0932,62,4,0,10,-3,8.03
fold2_room1_mix0932,63,4,0,-160,-1,11.44
fold2_room1_mix0932,63,4,0,8,-4,7.89
fold2_room1_mix0932,64,4,0,-161,-1,11.20
fold2_room1_mix0932,64,4,0,8,-4,8.16
fold2_room1_mix0932,65,4,0,-162,-1,12.28
fold2_room1_mix0932,65,4,0,7,-4,9.26
fold2_room1_mix0932,66,4,0,-162,-2,11.11
fold2_room1_mix0932,66,4,0,7,-3,9.36
fold2_room1_mix0932,67,4,0,-165,-1,13.39
fold2_room1_mix0932,67,4,0,6,-4,9.37
fold2_room1_mix0932,68,4,0,-165,-1,13.80
fold2_room1_mix0932,68,4,0,6,-2,11.44
fold2_room1_mix0932,69,4,0,-166,-1,14.17
fold2_room1_mix0932,69,4,0,6,-3,10.70
fold2_room1_mix0932,70,4,0,-167,-1,14.53
fold2_room1_mix0932,70,4,0,7,-3,11.34
fold2_room1_mix0932,71,4,0,-168,-1,15.51
fold2_room1_mix0932,71,4,0,5,-3,12.52
fold2_room1_mix0932,72,4,0,-166,-1,15.60
fold2_room1_mix0932,72,4,0,6,-2,14.40
fold2_room1_mix0932,73,4,0,-168,-1,16.34
fold2_room1_mix0932,73,4,0,6,-2,14.52
fold2_room1_mix0932,74,4,0,-168,-1,15.00
fold2_room1_mix0932,74,4,0,5,-2,15.04
fold2_room1_mix0932,75,4,0,-168,-1,17.51
fold2_room1_mix0932,75,4,0,7,-2,15.66
fold2_room1_mix0932,76,4,0,-170,-1,18.06
fold2_room1_mix0932,76,4,0,5,-2,17.28
fold2_room1_mix0932,77,4,0,-169,-1,17.58
fold2_room1_mix0932,77,4,0,5,-2,16.46
fold2_room1_mix0932,78,4,0,-169,0,18.96
fold2_room1_mix0932,78,4,0,4,-1,18.79
fold2_room1_mix0932,79,4,0,-169,0,21.13
fold2_room1_mix0932,79,4,0,4,-1,20.32
fold2_room1_mix0932,80,4,0,-170,0,18.89
fold2_room1_mix0932,80,4,0,4,-1,17.84
fold2_room1_mix0932,81,4,0,-169,-1,20.99
fold2_room1_mix0932,81,4,0,3,-1,20.37
fold2_room1_mix0932,82,4,0,-169,0,18.07
fold2_room1_mix0932,82,4,0,3,-1,17.51
fold2_room1_mix0932,83,4,0,-169,0,19.77
fold2_room1_mix0932,83,4,0,2,0,20.14
fold2_room1_mix0932,84,4,0,-169,0,21.34
fold2_room1_mix0932,84,4,0,3,0,21.10
fold2_room1_mix0932,85,4,0,-168,0,22.82
fold2_room1_mix0932,85,4,0,2,0,25.77
fold2_room1_mix0932,86,4,0,-168,0,20.74
fold2_room1_mix0932,86,4,0,4,0,22.40
fold2_room1_mix0932,87,4,0,-168,0,22.57
fold2_room1_mix0932,87,4,0,4,0,22.92
fold2_room1_mix0932,88,4,0,-172,0,21.66
fold2_room1_mix0932,89,4,0,-171,0,25.78
fold2_room1_mix0932,89,4,0,2,0,25.66
fold2_room1_mix0932,90,4,0,-172,1,5.05
fold2_room1_mix0932,91,4,0,-172,0,25.48
fold2_room1_mix0932,93,4,0,-173,1,11.60
fold2_room1_mix0932,94,4,0,-172,2,2.12
fold2_room1_mix0932,5,4,0,-7,0,14.50
fold2_room1_mix0932,8,4,0,-8,0,27.32
fold2_room1_mix0933,56,0,0,-136,-4,5.63
fold2_room1_mix0933,57,0,0,-130,-4,5.55
fold2_room1_mix0933,58,0,0,-126,-5,5.68
fold2_room1_mix0933,59,0,0,-122,-5,8.34
fold2_room1_mix0933,60,0,0,-121,-5,8.91
fold2_room1_mix0933,61,0,0,-113,-5,9.03
fold2_room1_mix0933,62,0,0,-105,-5,8.82
fold2_room1_mix0933,63,0,0,-102,-5,9.32
fold2_room1_mix0933,64,0,0,-101,-6,9.17
fold2_room1_mix0933,65,0,0,-94,-6,8.98
fold2_room1_mix0933,66,0,0,-89,-5,10.12
fold2_room1_mix0933,67,0,0,-86,-5,9.56
fold2_room1_mix0933,68,0,0,-83,-5,9.64
fold2_room1_mix0933,69,0,0,-78,-5,9.75
fold2_room1_mix0933,70,0,0,-69,-5,9.56
fold2_room1_mix0933,71,0,0,-68,-5,9.87
fold2_room1_mix0933,72,0,0,-63,-4,10.62
fold2_room1_mix0933,73,0,0,-60,-4,10.58
fold2_room1_mix0933,74,0,0,-58,-4,11.21
fold2_room1_mix0933,75,0,0,-56,-4,11.35
fold2_room1_mix0933,76,0,0,-53,-4,11.82
fold2_room1_mix0933,77,0,0,-52,-3,11.86
fold2_room1_mix0933,78,0,0,-48,-3,12.55
fold2_room1_mix0933,79,0,0,-46,-3,12.37
fold2_room1_mix0933,80,0,0,-46,-3,12.48
fold2_room1_mix0933,81,0,0,-42,-3,13.54
fold2_room1_mix0933,82,0,0,-40,-3,13.78
fold2_room1_mix0933,83,0,0,-39,-3,13.72
fold2_room1_mix0933,84,0,0,-38,-3,13.49
fold2_room1_mix0933,84,4,0,74,-4,2.47
fold2_room1_mix0933,85,0,0,-36,-3,14.30
fold2_room1_mix0933,85,4,0,66,-3,5.12
fold2_room1_mix0933,86,0,0,-32,-2,14.32
fold2_room1_mix0933,86,4,0,64,-3,8.43
fold2_room1_mix0933,87,0,0,-34,-2,14.69
fold2_room1_mix0933,87,4,0,72,-3,5.85
fold2_room1_mix0933,88,0,0,-35,-2,15.21
fold2_room1_mix0933,88,4,0,76,-3,4.49
fold2_room1_mix0933,89,0,0,-36,-3,13.47
fold2_room1_mix0933,89,4,0,78,-3,8.08
fold2_room1_mix0933,90,0,0,-40,-2,8.29
fold2_room1_mix0933,90,4,0,88,-3,7.33
fold2_room1_mix0933,91,0,0,-38,-2,3.95
fold2_room1_mix0933,91,4,0,96,-3,8.92
fold2_room1_mix0933,92,4,0,98,-3,9.43
fold2_room1_mix0933,93,4,0,107,-3,9.21
fold2_room1_mix0933,94,4,0,114,-2,10.63
fold2_room1_mix0933,95,4,0,121,-2,9.33
fold2_room1_mix0933,54,0,0,-153,-3,1.91
fold2_room1_mix0935,1,4,0,176,1,1.03
fold2_room1_mix0935,2,4,0,173,1,0.34
fold2_room1_mix0935,3,4,0,176,1,3.97
fold2_room1_mix0935,4,4,0,176,0,16.20
fold2_room1_mix0935,5,4,0,178,0,15.54
fold2_room1_mix0935,5,4,0,12,0,21.68
fold2_room1_mix0935,6,4,0,176,0,20.18
fold2_room1_mix0935,6,4,0,8,0,24.62
fold2_room1_mix0935,7,4,0,175,0,23.24
fold2_room1_mix0935,7,4,0,10,0,30.46
fold2_room1_mix0935,8,4,0,174,0,30.25
fold2_room1_mix0935,8,4,0,8,0,43.76
fold2_room1_mix0935,9,4,0,176,0,29.80
fold2_room1_mix0935,9,4,0,7,0,41.67
fold2_room1_mix0935,10,4,0,174,0,28.19
fold2_room1_mix0935,10,4,0,8,0,40.96
fold2_room1_mix0935,11,4,0,176,0,27.95
fold2_room1_mix0935,11,4,0,7,0,39.13
fold2_room1_mix0935,12,4,0,176,0,26.46
fold2_room1_mix0935,12,4,0,6,0,37.75
fold2_room1_mix0935,13,4,0,175,0,25.63
fold2_room1_mix0935,13,4,0,7,0,37.67
fold2_room1_mix0935,14,4,0,176,0,26.29
fold2_room1_mix0935,14,4,0,8,0,37.50
fold2_room1_mix0935,15,4,0,175,-1,24.72
fold2_room1_mix0935,15,4,0,9,0,34.75
fold2_room1_mix0935,16,4,0,176,-1,23.61
fold2_room1_mix0935,16,4,0,8,0,34.65
fold2_room1_mix0935,17,4,0,175,0,24.41
fold2_room1_mix0935,17,4,0,8,0,35.49
fold2_room1_mix0935,18,4,0,176,-1,23.27
fold2_room1_mix0935,18,4,0,10,0,33.42
fold2_room1_mix0935,19,4,0,174,-1,24.58
fold2_room1_mix0935,19,4,0,9,0,32.14
fold2_room1_mix0935,20,4,0,177,-1,23.37
fold2_room1_mix0935,20,4,0,11,0,31.29
fold2_room1_mix0935,21,4,0,175,-1,25.21
fold2_room1_mix0935,21,4,0,12,-1,29.99
fold2_room1_mix0935,22,4,0,176,-1,22.56
fold2_room1_mix0935,22,4,0,14,0,28.09
fold2_room1_mix0935,23,4,0,172,-1,22.72
fold2_room1_mix0935,23,4,0,16,0,24.73
fold2_room1_mix0935,24,4,0,175,-2,22.74
fold2_room1_mix0935,24,4,0,15,-1,26.69
fold2_room1_mix0935,25,4,0,175,-2,22.02
fold2_room1_mix0935,25,4,0,15,-1,24.60
fold2_room1_mix0935,26,4,0,174,-2,20.73
fold2_room1_mix0935,26,4,0,17,-1,24.10
fold2_room1_mix0935,27,4,0,173,-2,20.86
fold2_room1_mix0935,27,4,0,17,-1,24.43
fold2_room1_mix0935,28,4,0,176,-2,20.78
fold2_room1_mix0935,28,4,0,15,-1,23.85
fold2_room1_mix0935,29,4,0,172,-2,19.40
fold2_room1_mix0935,29,4,0,15,-1,22.10
fold2_room1_mix0935,30,4,0,176,-2,18.65
fold2_room1_mix0935,30,4,0,16,-1,22.84
fold2_room1_mix0935,31,4,0,174,-2,19.25
fold2_room1_mix0935,31,4,0,18,-1,21.21
fold2_room1_mix0935,32,4,0,176,-2,16.90
fold2_room1_mix0935,32,4,0,19,-1,21.13
fold2_room1_mix0935,33,4,0,174,-2,17.97
fold2_room1_mix0935,33,4,0,18,0,20.51
fold2_room1_mix0935,34,4,0,176,-2,16.40
fold2_room1_mix0935,34,4,0,25,0,19.07
fold2_room1_mix0935,35,4,0,176,-2,15.71
fold2_room1_mix0935,35,4,0,27,-1,18.35
fold2_room1_mix0935,36,4,0,176,-3,14.92
fold2_room1_mix0935,36,4,0,33,-1,17.60
fold2_room1_mix0935,37,4,0,177,-3,14.30
fold2_room1_mix0935,37,4,0,33,-1,16.32
fold2_room1_mix0935,38,4,0,179,-3,12.85
fold2_room1_mix0935,38,4,0,161,-2,15.21
fold2_room1_mix0935,38,4,0,34,-1,16.87
fold2_room1_mix0935,39,4,0,172,-3,13.58
fold2_room1_mix0935,39,4,0,35,-1,16.13
fold2_room1_mix0935,40,4,0,-178,-4,11.24
fold2_room1_mix0935,40,4,0,159,-3,13.12
fold2_room1_mix0935,40,4,0,43,-1,14.91
fold2_room1_mix0935,41,4,0,174,-4,11.42
fold2_room1_mix0935,41,4,0,37,-1,14.40
fold2_room1_mix0935,42,4,0,176,-4,9.95
fold2_room1_mix0935,42,4,0,40,-1,13.29
fold2_room1_mix0935,43,4,0,177,-4,9.72
fold2_room1_mix0935,43,4,0,42,-2,12.83
fold2_room1_mix0935,44,4,0,177,-5,8.65
fold2_room1_mix0935,44,4,0,46,-2,12.02
fold2_room1_mix0935,45,4,0,176,-4,8.78
fold2_room1_mix0935,45,4,0,54,-2,11.22
fold2_room1_mix0935,46,4,0,172,-4,9.71
fold2_room1_mix0935,46,4,0,59,-3,10.82
fold2_room1_mix0935,47,4,0,171,-4,8.66
fold2_room1_mix0935,47,4,0,68,-3,10.08
fold2_room1_mix0935,48,4,0,176,-5,7.46
fold2_room1_mix0935,48,4,0,65,-3,9.86
fold2_room1_mix0935,49,4,0,175,-6,6.65
fold2_room1_mix0935,49,4,0,75,-3,9.06
fold2_room1_mix0935,50,4,0,175,-6,6.15
fold2_room1_mix0935,50,4,0,90,-3,9.44
fold2_room1_mix0935,51,4,0,171,-7,5.39
fold2_room1_mix0935,51,4,0,94,-3,9.43
fold2_room1_mix0935,52,4,0,169,-8,4.98
fold2_room1_mix0935,52,4,0,101,-3,9.30
fold2_room1_mix0935,53,4,0,164,-9,4.32
fold2_room1_mix0935,53,4,0,111,-3,8.96
fold2_room1_mix0935,54,4,0,162,-12,3.65
fold2_room1_mix0935,54,4,0,119,-4,8.97
fold2_room1_mix0935,55,4,0,155,-13,3.35
fold2_room1_mix0935,55,4,0,113,-4,9.21
fold2_room1_mix0935,56,4,0,138,-19,2.27
fold2_room1_mix0935,56,4,0,111,-5,8.36
fold2_room1_mix0935,57,4,0,123,-22,2.88
fold2_room1_mix0935,57,4,0,101,-24,2.00
fold2_room1_mix0935,57,4,0,93,-9,6.90
fold2_room1_mix0935,58,4,0,117,-11,5.37
fold2_room1_mix0935,58,4,0,69,-16,2.82
fold2_room1_mix0935,59,4,0,122,-2,10.21
fold2_room1_mix0935,59,4,0,48,-12,2.81
fold2_room1_mix0935,60,4,0,122,-1,9.58
fold2_room1_mix0935,60,4,0,35,-11,2.85
fold2_room1_mix0935,61,4,0,125,-2,9.63
fold2_room1_mix0935,61,4,0,28,-7,3.63
fold2_room1_mix0935,62,4,0,118,-1,12.69
fold2_room1_mix0935,62,4,0,26,-6,4.23
fold2_room1_mix0935,63,4,0,128,-1,14.24
fold2_room1_mix0935,63,4,0,22,-6,4.81
fold2_room1_mix0935,64,4,0,128,-1,16.38
fold2_room1_mix0935,64,4,0,19,-6,5.14
fold2_room1_mix0935,65,4,0,134,-1,17.29
fold2_room1_mix0935,65,4,0,17,-5,6.07
fold2_room1_mix0935,66,4,0,134,-1,16.21
fold2_room1_mix0935,66,4,0,16,-4,6.59
fold2_room1_mix0935,67,4,0,134,-1,14.71
fold2_room1_mix0935,67,4,0,15,-4,7.19
fold2_room1_mix0935,68,4,0,139,-1,16.49
fold2_room1_mix0935,68,4,0,13,-4,7.98
fold2_room1_mix0935,69,4,0,147,-1,17.81
fold2_room1_mix0935,69,4,0,11,-4,8.62
fold2_room1_mix0935,70,4,0,144,-1,16.58
fold2_room1_mix0935,70,4,0,10,-3,9.20
fold2_room1_mix0935,71,4,0,144,-1,16.53
fold2_room1_mix0935,71,4,0,10,-3,10.43
fold2_room1_mix0935,72,4,0,148,-1,17.34
fold2_room1_mix0935,72,4,0,9,-2,11.06
fold2_room1_mix0935,73,4,0,149,-1,18.13
fold2_room1_mix0935,73,4,0,10,-2,12.26
fold2_room1_mix0935,74,4,0,148,-1,18.47
fold2_room1_mix0935,74,4,0,8,-2,12.10
fold2_room1_mix0935,75,4,0,152,-1,19.38
fold2_room1_mix0935,75,4,0,8,-2,13.36
fold2_room1_mix0935,76,4,0,151,-1,19.81
fold2_room1_mix0935,76,4,0,8,-2,13.48
fold2_room1_mix0935,77,4,0,151,-1,20.28
fold2_room1_mix0935,77,4,0,8,-2,14.14
fold2_room1_mix0935,78,4,0,152,-1,19.76
fold2_room1_mix0935,78,4,0,8,-2,14.99
fold2_room1_mix0935,79,4,0,153,-1,21.15
fold2_room1_mix0935,79,4,0,8,-2,15.55
fold2_room1_mix0935,80,4,0,153,-1,20.97
fold2_room1_mix0935,80,4,0,8,-1,16.12
fold2_room1_mix0935,81,4,0,152,-1,22.82
fold2_room1_mix0935,81,4,0,7,-1,17.64
fold2_room1_mix0935,82,4,0,153,-1,23.11
fold2_room1_mix0935,82,4,0,6,-1,17.90
fold2_room1_mix0935,83,4,0,155,0,24.87
fold2_room1_mix0935,83,4,0,6,-1,19.31
fold2_room1_mix0935,84,4,0,156,0,26.13
fold2_room1_mix0935,84,4,0,7,-1,20.50
fold2_room1_mix0935,85,4,0,160,0,28.00
fold2_room1_mix0935,85,4,0,7,-1,20.66
fold2_room1_mix0935,86,4,0,159,0,26.40
fold2_room1_mix0935,86,4,0,7,-1,21.24
fold2_room1_mix0935,87,4,0,158,0,27.80
fold2_room1_mix0935,87,4,0,8,0,22.62
fold2_room1_mix0935,88,4,0,160,0,30.36
fold2_room1_mix0935,88,4,0,7,-1,23.02
fold2_room1_mix0935,89,4,0,161,0,29.46
fold2_room1_mix0935,89,4,0,8,-1,23.16
fold2_room1_mix0935,90,4,0,160,0,31.40
fold2_room1_mix0935,90,4,0,8,-1,23.65
fold2_room1_mix0935,91,4,0,161,0,33.44
fold2_room1_mix0935,91,4,0,7,0,26.35
fold2_room1_mix0935,92,4,0,164,0,33.18
fold2_room1_mix0935,92,4,0,8,-1,24.20
fold2_room1_mix0935,93,4,0,163,0,32.70
fold2_room1_mix0935,93,4,0,7,0,24.44
fold2_room1_mix0935,94,4,0,164,0,34.32
fold2_room1_mix0935,94,4,0,7,0,27.83
fold2_room1_mix0935,95,4,0,164,0,35.82
fold2_room1_mix0935,95,4,0,6,0,27.98
fold2_room1_mix0935,96,4,0,166,0,35.66
fold2_room1_mix0935,96,4,0,7,0,28.71
fold2_room1_mix0935,97,4,0,167,0,38.07
fold2_room1_mix0935,97,4,0,7,0,29.73
fold2_room1_mix0935,98,4,0,165,0,39.22
fold2_room1_mix0935,98,4,0,7,0,29.79
fold2_room1_mix0935,99,4,0,166,0,34.77
fold2_room1_mix0935,99,4,0,7,0,31.57
fold2_room1_mix0936,18,4,0,-179,0,6.86
fold2_room1_mix0936,19,4,0,-177,0,11.45
fold2_room1_mix0936,20,4,0,-175,0,15.23
fold2_room1_mix0936,21,4,0,-172,-1,13.19
fold2_room1_mix0936,22,4,0,-176,0,20.61
fold2_room1_mix0936,23,4,0,-170,-1,21.12
fold2_room1_mix0936,24,4,0,-169,0,21.77
fold2_room1_mix0936,25,4,0,-165,-1,21.30
fold2_room1_mix0936,26,4,0,-165,-1,20.13
fold2_room1_mix0936,27,4,0,-166,-1,20.12
fold2_room1_mix0936,28,4,0,-164,0,19.55
fold2_room1_mix0936,29,4,0,-165,-1,18.43
fold2_room1_mix0936,30,4,0,-162,-1,17.80
fold2_room1_mix0936,31,4,0,-161,-1,17.61
fold2_room1_mix0936,32,4,0,-160,-1,16.63
fold2_room1_mix0936,33,4,0,-161,-1,15.91
fold2_room1_mix0936,34,4,0,-157,-1,15.99
fold2_room1_mix0936,35,4,0,-159,-1,15.54
fold2_room1_mix0936,36,4,0,-155,-1,15.23
fold2_room1_mix0936,37,4,0,-149,-1,14.63
fold2_room1_mix0936,38,4,0,-150,-1,13.47
fold2_room1_mix0936,39,4,0,-164,-1,13.17
fold2_room1_mix0936,39,4,0,-138,-1,14.13
fold2_room1_mix0936,40,4,0,-164,-2,12.48
fold2_room1_mix0936,40,4,0,-130,-2,13.63
fold2_room1_mix0936,41,4,0,-168,-3,11.11
fold2_room1_mix0936,41,4,0,-119,-2,13.90
fold2_room1_mix0936,42,4,0,-164,-3,10.97
fold2_room1_mix0936,42,4,0,-127,-1,14.18
fold2_room1_mix0936,43,4,0,-164,-3,10.84
fold2_room1_mix0936,43,4,0,-120,-1,14.61
fold2_room1_mix0936,44,4,0,-160,-3,10.58
fold2_room1_mix0936,44,4,0,-122,-2,12.92
fold2_room1_mix0936,45,4,0,-170,-3,10.29
fold2_room1_mix0936,45,4,0,-110,-1,13.35
fold2_room1_mix0936,46,4,0,-170,-3,10.45
fold2_room1_mix0936,46,4,0,-97,-2,13.53
fold2_room1_mix0936,47,4,0,-170,-3,9.69
fold2_room1_mix0936,47,4,0,-106,-2,13.02
fold2_room1_mix0936,48,4,0,-169,-5,8.41
fold2_room1_mix0936,48,4,0,-93,-2,12.86
fold2_room1_mix0936,49,4,0,-172,-4,8.37
fold2_room1_mix0936,49,4,0,-79,-2,13.07
fold2_room1_mix0936,50,4,0,-170,-5,7.57
fold2_room1_mix0936,50,4,0,-70,-2,12.33
fold2_room1_mix0936,51,4,0,-168,-5,6.80
fold2_room1_mix0936,51,4,0,-74,-2,13.16
fold2_room1_mix0936,52,4,0,-168,-6,6.38
fold2_room1_mix0936,52,4,0,-71,-2,13.72
fold2_room1_mix0936,53,4,0,-167,-7,6.01
fold2_room1_mix0936,53,4,0,-74,-3,12.05
fold2_room1_mix0936,54,4,0,-165,-8,4.83
fold2_room1_mix0936,54,4,0,-68,-2,12.98
fold2_room1_mix0936,55,4,0,-165,-9,4.76
fold2_room1_mix0936,55,4,0,-74,-2,12.73
fold2_room1_mix0936,56,4,0,-159,-12,3.76
fold2_room1_mix0936,56,4,0,-80,-2,13.26
fold2_room1_mix0936,57,4,0,-153,-13,3.36
fold2_room1_mix0936,57,4,0,-80,-2,13.03
fold2_room1_mix0936,58,4,0,-148,-15,2.84
fold2_room1_mix0936,58,4,0,-93,-2,12.99
fold2_room1_mix0936,59,4,0,-142,-18,2.53
fold2_room1_mix0936,59,4,0,-71,-1,15.02
fold2_room1_mix0936,60,4,0,-133,-20,2.49
fold2_room1_mix0936,60,4,0,-69,-2,14.73
fold2_room1_mix0936,61,4,0,-111,-23,2.28
fold2_room1_mix0936,61,4,0,-50,-2,15.11
fold2_room1_mix0936,62,4,0,-97,-23,2.97
fold2_room1_mix0936,62,4,0,-51,-5,11.86
fold2_room1_mix0936,63,4,0,-79,-22,3.41
fold2_room1_mix0936,63,4,0,-54,-6,9.27
fold2_room1_mix0936,64,4,0,-71,-15,5.52
fold2_room1_mix0936,64,4,0,-47,-16,4.34
fold2_room1_mix0936,65,4,0,-57,-12,6.11
fold2_room1_mix0936,65,4,0,-39,-12,5.54
fold2_room1_mix0936,66,4,0,-36,-11,5.38
fold2_room1_mix0936,67,4,0,-31,-8,5.96
fold2_room1_mix0936,68,4,0,-31,-8,5.90
fold2_room1_mix0936,69,4,0,-23,-8,6.42
fold2_room1_mix0936,70,4,0,-22,-6,7.21
fold2_room1_mix0936,71,4,0,-20,-6,7.65
fold2_room1_mix0936,72,4,0,-17,-5,8.44
fold2_room1_mix0936,73,4,0,-16,-5,7.83
fold2_room1_mix0936,74,4,0,-15,-5,8.27
fold2_room1_mix0936,75,4,0,-13,-4,9.67
fold2_room1_mix0936,76,4,0,-12,-5,9.49
fold2_room1_mix0936,77,4,0,-11,-5,9.37
fold2_room1_mix0936,78,4,0,-10,-4,10.43
fold2_room1_mix0936,79,4,0,-9,-4,11.08
fold2_room1_mix0936,80,4,0,-9,-4,11.16
fold2_room1_mix0936,81,4,0,-8,-4,11.99
fold2_room1_mix0936,82,4,0,-8,-4,12.51
fold2_room1_mix0936,83,4,0,-7,-4,12.72
fold2_room1_mix0936,84,4,0,-8,-3,13.70
fold2_room1_mix0936,85,4,0,-6,-3,14.18
fold2_room1_mix0936,86,4,0,-8,-3,14.34
fold2_room1_mix0936,87,4,0,-7,-3,14.77
fold2_room1_mix0936,88,4,0,-6,-3,16.16
fold2_room1_mix0936,89,4,0,-5,-3,16.03
fold2_room1_mix0936,90,4,0,-5,-3,16.08
fold2_room1_mix0936,91,4,0,-5,-3,17.91
fold2_room1_mix0936,92,4,0,-3,-3,17.96
fold2_room1_mix0936,93,4,0,-5,-3,17.49
fold2_room1_mix0936,94,4,0,-5,-2,18.45
fold2_room1_mix0936,95,4,0,-3,-2,18.73
fold2_room1_mix0936,96,4,0,-5,-2,18.34
fold2_room1_mix0936,97,4,0,-4,-2,18.47
fold2_room1_mix0936,98,4,0,-5,-1,18.40
fold2_room1_mix0936,99,4,0,-4,-2,17.73
fold2_room1_mix0937,0,5,0,-53,9,1.94
fold2_room1_mix0937,1,4,0,174,2,0.38
fold2_room1_mix0937,1,5,0,-59,10,2.14
fold2_room1_mix0937,2,4,0,176,2,0.90
fold2_room1_mix0937,2,5,0,-66,13,2.38
fold2_room1_mix0937,3,4,0,173,1,6.07
fold2_room1_mix0937,3,4,0,-1,2,6.59
fold2_room1_mix0937,3,5,0,-61,15,1.53
fold2_room1_mix0937,4,4,0,176,0,18.73
fold2_room1_mix0937,4,4,0,-5,0,19.62
fold2_room1_mix0937,4,5,0,-74,13,1.41
fold2_room1_mix0937,5,4,0,174,0,15.43
fold2_room1_mix0937,5,4,0,-2,0,15.70
fold2_room1_mix0937,5,5,0,-62,12,3.84
fold2_room1_mix0937,6,4,0,172,0,21.85
fold2_room1_mix0937,6,4,0,-1,0,21.39
fold2_room1_mix0937,6,5,0,-60,11,4.11
fold2_room1_mix0937,7,4,0,171,0,28.22
fold2_room1_mix0937,7,4,0,-3,0,31.94
fold2_room1_mix0937,7,5,0,-59,12,3.40
fold2_room1_mix0937,8,4,0,175,0,30.22
fold2_room1_mix0937,8,4,0,-1,0,35.19
fold2_room1_mix0937,8,5,0,-71,13,3.39
fold2_room1_mix0937,9,4,0,173,0,30.55
fold2_room1_mix0937,9,4,0,0,0,34.49
fold2_room1_mix0937,9,5,0,-60,12,3.84
fold2_room1_mix0937,10,4,0,170,-1,27.62
fold2_room1_mix0937,10,4,0,0,0,31.13
fold2_room1_mix0937,10,5,0,-65,12,3.57
fold2_room1_mix0937,11,4,0,173,0,31.10
fold2_room1_mix0937,11,4,0,-2,0,33.78
fold2_room1_mix0937,11,5,0,-69,13,3.44
fold2_room1_mix0937,12,4,0,171,-1,28.78
fold2_room1_mix0937,12,4,0,-1,0,30.96
fold2_room1_mix0937,12,5,0,-68,11,3.49
fold2_room1_mix0937,13,4,0,172,-1,27.88
fold2_room1_mix0937,13,4,0,-2,0,34.55
fold2_room1_mix0937,13,5,0,-74,11,4.13
fold2_room1_mix0937,14,4,0,175,-1,28.84
fold2_room1_mix0937,14,4,0,0,-1,34.99
fold2_room1_mix0937,14,5,0,-74,11,3.65
fold2_room1_mix0937,15,4,0,172,0,27.25
fold2_room1_mix0937,15,4,0,-5,-1,36.01
fold2_room1_mix0937,15,5,0,-68,12,3.50
fold2_room1_mix0937,16,4,0,170,-1,24.98
fold2_room1_mix0937,16,4,0,-3,0,33.56
fold2_room1_mix0937,16,5,0,-73,13,3.16
fold2_room1_mix0937,17,4,0,169,0,25.03
fold2_room1_mix0937,17,4,0,-7,0,33.81
fold2_room1_mix0937,17,5,0,-75,13,3.45
fold2_room1_mix0937,18,4,0,172,-1,24.42
fold2_room1_mix0937,18,4,0,-5,0,34.19
fold2_room1_mix0937,18,5,0,-75,11,3.86
fold2_room1_mix0937,19,4,0,172,-1,26.06
fold2_room1_mix0937,19,4,0,0,0,42.09
fold2_room1_mix0937,19,5,0,-78,11,3.47
fold2_room1_mix0937,20,4,0,169,-1,25.22
fold2_room1_mix0937,20,4,0,-8,0,34.56
fold2_room1_mix0937,20,5,0,-78,12,3.80
fold2_room1_mix0937,21,4,0,173,-1,26.65
fold2_room1_mix0937,21,4,0,-3,0,39.60
fold2_room1_mix0937,21,5,0,-78,12,3.67
fold2_room1_mix0937,22,4,0,173,-1,26.80
fold2_room1_mix0937,22,4,0,-3,-1,36.86
fold2_room1_mix0937,22,5,0,-81,11,4.17
fold2_room1_mix0937,23,4,0,170,-1,25.51
fold2_room1_mix0937,23,4,0,-4,-1,36.75
fold2_room1_mix0937,23,5,0,-82,12,3.77
fold2_room1_mix0937,24,4,0,171,-1,24.82
fold2_room1_mix0937,24,4,0,-3,-1,37.54
fold2_room1_mix0937,24,5,0,-85,12,3.83
fold2_room1_mix0937,25,4,0,171,-1,24.59
fold2_room1_mix0937,25,4,0,-6,0,35.97
fold2_room1_mix0937,25,5,0,-85,12,3.55
fold2_room1_mix0937,26,4,0,169,0,23.30
fold2_room1_mix0937,26,4,0,-4,0,32.68
fold2_room1_mix0937,26,5,0,-83,11,3.96
fold2_room1_mix0937,27,4,0,168,-1,24.89
fold2_room1_mix0937,27,4,0,-7,0,33.33
fold2_room1_mix0937,27,5,0,-84,11,4.04
fold2_room1_mix0937,28,4,0,170,-1,20.55
fold2_room1_mix0937,28,4,0,-9,0,30.24
fold2_room1_mix0937,28,5,0,-87,11,3.93
fold2_room1_mix0937,29,4,0,171,-1,23.14
fold2_room1_mix0937,29,4,0,-7,0,33.24
fold2_room1_mix0937,29,5,0,-85,12,3.73
fold2_room1_mix0937,30,4,0,172,-1,20.93
fold2_room1_mix0937,30,4,0,-8,0,30.80
fold2_room1_mix0937,30,5,0,-85,11,3.80
fold2_room1_mix0937,31,4,0,172,-1,18.10
fold2_room1_mix0937,31,4,0,-7,0,28.72
fold2_room1_mix0937,31,5,0,-89,11,3.83
fold2_room1_mix0937,32,4,0,172,-1,17.96
fold2_room1_mix0937,32,4,0,-10,0,30.24
fold2_room1_mix0937,32,5,0,-89,11,3.98
fold2_room1_mix0937,33,4,0,172,-1,18.54
fold2_room1_mix0937,33,4,0,-10,0,29.96
fold2_room1_mix0937,33,5,0,-87,10,4.21
fold2_room1_mix0937,34,4,0,168,-1,14.59
fold2_room1_mix0937,34,4,0,-12,0,27.24
fold2_room1_mix0937,34,5,0,-86,11,4.00
fold2_room1_mix0937,35,4,0,172,-2,14.22
fold2_room1_mix0937,35,4,0,-13,0,24.58
fold2_room1_mix0937,35,5,0,-87,10,4.00
fold2_room1_mix0937,36,4,0,167,-3,12.85
fold2_room1_mix0937,36,4,0,-14,0,23.35
fold2_room1_mix0937,36,5,0,-87,9,4.94
fold2_room1_mix0937,37,4,0,171,-3,12.39
fold2_room1_mix0937,37,4,0,-14,-1,27.52
fold2_room1_mix0937,37,5,0,-100,9,4.91
fold2_room1_mix0937,38,3,0,-77,-4,9.53
fold2_room1_mix0937,38,4,0,169,-2,12.01
fold2_room1_mix0937,38,4,0,-9,-1,27.41
fold2_room1_mix0937,38,5,0,-100,9,4.96
fold2_room1_mix0937,39,3,0,-53,-3,12.17
fold2_room1_mix0937,39,4,0,170,-2,11.80
fold2_room1_mix0937,39,4,0,-9,-2,23.55
fold2_room1_mix0937,39,5,0,-91,9,5.16
fold2_room1_mix0937,40,3,0,-166,-4,21.36
fold2_room1_mix0937,40,4,0,170,-3,11.16
fold2_room1_mix0937,40,4,0,-14,-2,21.79
fold2_room1_mix0937,40,5,0,-94,9,4.71
fold2_room1_mix0937,41,3,0,-158,-2,16.61
fold2_room1_mix0937,41,4,0,171,-3,9.75
fold2_room1_mix0937,41,4,0,-18,-2,20.67
fold2_room1_mix0937,41,5,0,-101,9,4.96
fold2_room1_mix0937,42,3,0,-93,-3,20.34
fold2_room1_mix0937,42,4,0,164,-5,9.30
fold2_room1_mix0937,42,4,0,-12,-2,20.08
fold2_room1_mix0937,42,5,0,-103,9,5.20
fold2_room1_mix0937,43,3,0,-62,-2,13.54
fold2_room1_mix0937,43,4,0,167,-5,8.84
fold2_room1_mix0937,43,4,0,-15,-2,18.93
fold2_room1_mix0937,43,5,0,-103,9,4.76
fold2_room1_mix0937,44,3,0,-54,-1,10.91
fold2_room1_mix0937,44,4,0,164,-6,7.79
fold2_room1_mix0937,44,4,0,-13,-2,16.47
fold2_room1_mix0937,44,5,0,-105,9,5.23
fold2_room1_mix0937,45,3,0,-52,-2,11.14
fold2_room1_mix0937,45,4,0,161,-8,6.54
fold2_room1_mix0937,45,4,0,-18,-2,18.14
fold2_room1_mix0937,45,5,0,-101,9,5.33
fold2_room1_mix0937,46,3,0,-58,-2,9.51
fold2_room1_mix0937,46,4,0,155,-7,5.91
fold2_room1_mix0937,46,4,0,-19,-2,16.40
fold2_room1_mix0937,46,5,0,-103,9,4.66
fold2_room1_mix0937,47,3,0,-46,-1,10.01
fold2_room1_mix0937,47,4,0,154,-9,5.37
fold2_room1_mix0937,47,4,0,-17,-2,17.06
fold2_room1_mix0937,47,5,0,-100,9,4.76
fold2_room1_mix0937,48,3,0,-52,-1,8.51
fold2_room1_mix0937,48,4,0,149,-10,4.84
fold2_room1_mix0937,48,4,0,-20,-3,18.41
fold2_room1_mix0937,48,5,0,-104,8,5.06
fold2_room1_mix0937,49,3,0,-56,-1,7.82
fold2_room1_mix0937,49,4,0,144,-10,4.37
fold2_room1_mix0937,49,4,0,-15,-2,18.17
fold2_room1_mix0937,49,5,0,-110,8,4.90
fold2_room1_mix0937,50,3,0,-55,-1,6.91
fold2_room1_mix0937,50,4,0,133,-13,4.13
fold2_room1_mix0937,50,4,0,116,-15,4.20
fold2_room1_mix0937,50,4,0,-19,-3,17.23
fold2_room1_mix0937,50,5,0,-105,9,4.13
fold2_room1_mix0937,51,3,0,-60,-2,5.28
fold2_room1_mix0937,51,4,0,124,-13,5.14
fold2_room1_mix0937,51,4,0,103,-17,4.19
fold2_room1_mix0937,51,4,0,-17,-3,19.89
fold2_room1_mix0937,51,5,0,-105,10,4.18
fold2_room1_mix0937,52,4,0,93,-15,3.63
fold2_room1_mix0937,52,4,0,76,-14,5.25
fold2_room1_mix0937,52,4,0,-18,-2,21.31
fold2_room1_mix0937,52,5,0,-108,10,4.00
fold2_room1_mix0937,53,4,0,77,-16,3.03
fold2_room1_mix0937,53,4,0,-11,-4,14.33
fold2_room1_mix0937,53,5,0,-110,10,4.28
fold2_room1_mix0937,54,4,0,64,-12,3.20
fold2_room1_mix0937,54,4,0,-12,-5,11.36
fold2_room1_mix0937,54,5,0,-115,9,4.80
fold2_room1_mix0937,55,3,0,-70,-3,8.19
fold2_room1_mix0937,55,4,0,62,-14,3.42
fold2_room1_mix0937,55,4,0,-13,-6,10.94
fold2_room1_mix0937,55,5,0,-114,9,4.96
fold2_room1_mix0937,56,3,0,-69,-3,12.68
fold2_room1_mix0937,56,4,0,54,-11,4.55
fold2_room1_mix0937,56,4,0,-8,-6,10.96
fold2_room1_mix0937,56,5,0,-113,10,4.31
fold2_room1_mix0937,57,3,0,-69,-3,10.42
fold2_room1_mix0937,57,4,0,41,-9,4.57
fold2_room1_mix0937,57,4,0,-18,-5,9.68
fold2_room1_mix0937,57,5,0,-120,9,4.79
fold2_room1_mix0937,58,3,0,-75,-4,9.39
fold2_room1_mix0937,58,4,0,-53,-9,5.45
fold2_room1_mix0937,58,4,0,10,-6,8.81
fold2_room1_mix0937,58,5,0,-119,10,4.74
fold2_room1_mix0937,59,3,0,-79,-4,9.22
fold2_room1_mix0937,59,4,0,-51,-7,5.66
fold2_room1_mix0937,59,4,0,9,-5,8.96
fold2_room1_mix0937,59,5,0,-116,10,4.22
fold2_room1_mix0937,60,3,0,-74,-4,10.52
fold2_room1_mix0937,60,4,0,-59,-5,6.57
fold2_room1_mix0937,60,4,0,12,-4,8.59
fold2_room1_mix0937,60,5,0,-122,9,4.80
fold2_room1_mix0937,61,4,0,-63,-4,7.78
fold2_room1_mix0937,61,4,0,6,-6,7.75
fold2_room1_mix0937,61,5,0,-117,10,4.61
fold2_room1_mix0937,62,4,0,-74,-3,10.23
fold2_room1_mix0937,62,4,0,14,-5,8.36
fold2_room1_mix0937,62,5,0,-116,9,4.42
fold2_room1_mix0937,63,4,0,-85,-3,8.97
fold2_room1_mix0937,63,4,0,13,-4,8.82
fold2_room1_mix0937,63,5,0,-121,9,4.71
fold2_room1_mix0937,64,4,0,-74,-3,7.34
fold2_room1_mix0937,64,4,0,13,-4,8.15
fold2_room1_mix0937,64,5,0,-116,9,4.36
fold2_room1_mix0937,65,4,0,-78,-4,8.24
fold2_room1_mix0937,65,4,0,16,-3,11.15
fold2_room1_mix0937,65,5,0,-124,9,4.78
fold2_room1_mix0937,66,4,0,-71,-6,7.07
fold2_room1_mix0937,66,4,0,22,-1,15.04
fold2_room1_mix0937,66,4,0,3,-4,10.19
fold2_room1_mix0937,66,5,0,-125,9,4.40
fold2_room1_mix0937,67,4,0,-90,-5,8.24
fold2_room1_mix0937,67,4,0,20,-2,12.93
fold2_room1_mix0937,67,4,0,2,-4,9.67
fold2_room1_mix0937,67,5,0,-126,8,5.40
fold2_room1_mix0937,68,4,0,-92,-4,9.03
fold2_room1_mix0937,68,4,0,13,-3,11.77
fold2_room1_mix0937,68,5,0,-128,9,4.62
fold2_room1_mix0937,69,4,0,-98,-5,8.20
fold2_room1_mix0937,69,4,0,13,-3,12.61
fold2_room1_mix0937,69,5,0,-133,8,5.30
fold2_room1_mix0937,70,4,0,-107,-5,8.45
fold2_room1_mix0937,70,4,0,10,-3,12.28
fold2_room1_mix0937,70,5,0,-129,7,5.80
fold2_room1_mix0937,71,4,0,-116,-5,8.09
fold2_room1_mix0937,71,4,0,7,-3,12.03
fold2_room1_mix0937,71,5,0,-131,8,5.32
fold2_room1_mix0937,72,4,0,-122,-4,8.49
fold2_room1_mix0937,72,4,0,9,-2,12.69
fold2_room1_mix0937,72,5,0,-129,8,5.48
fold2_room1_mix0937,73,4,0,-125,-3,8.99
fold2_room1_mix0937,73,4,0,8,-2,11.71
fold2_room1_mix0937,73,5,0,-135,7,6.03
fold2_room1_mix0937,74,4,0,-126,-4,8.32
fold2_room1_mix0937,74,4,0,8,-2,13.87
fold2_room1_mix0937,74,5,0,-135,8,5.62
fold2_room1_mix0937,75,4,0,-132,-4,8.67
fold2_room1_mix0937,75,4,0,8,-2,13.37
fold2_room1_mix0937,75,5,0,-135,7,5.25
fold2_room1_mix0937,76,4,0,-134,-3,8.40
fold2_room1_mix0937,76,4,0,9,-3,11.95
fold2_room1_mix0937,76,5,0,-133,8,5.43
fold2_room1_mix0937,77,4,0,-138,-3,9.23
fold2_room1_mix0937,77,4,0,4,-2,13.75
fold2_room1_mix0937,77,5,0,-132,7,5.62
fold2_room1_mix0937,78,4,0,-137,-3,9.30
fold2_room1_mix0937,78,4,0,11,-1,16.31
fold2_room1_mix0937,78,4,0,-3,-2,16.98
fold2_room1_mix0937,78,5,0,-136,7,5.71
fold2_room1_mix0937,79,4,0,-136,-3,9.16
fold2_room1_mix0937,79,4,0,5,-1,16.78
fold2_room1_mix0937,79,5,0,-140,7,6.02
fold2_room1_mix0937,80,4,0,-139,-3,10.07
fold2_room1_mix0937,80,4,0,7,-1,17.06
fold2_room1_mix0937,80,5,0,-136,7,5.85
fold2_room1_mix0937,81,4,0,-142,-3,10.46
fold2_room1_mix0937,81,4,0,6,-1,18.46
fold2_room1_mix0937,81,5,0,-135,7,6.02
fold2_room1_mix0937,82,4,0,-140,-2,10.28
fold2_room1_mix0937,82,4,0,7,0,17.95
fold2_room1_mix0937,82,5,0,-136,7,5.62
fold2_room1_mix0937,83,4,0,-141,-2,11.45
fold2_room1_mix0937,83,4,0,14,0,18.13
fold2_room1_mix0937,83,4,0,-1,-1,19.55
fold2_room1_mix0937,83,5,0,-138,6,7.03
fold2_room1_mix0937,84,4,0,-140,-1,13.09
fold2_room1_mix0937,84,4,0,1,0,20.43
fold2_room1_mix0937,84,5,0,-138,6,7.02
fold2_room1_mix0937,85,4,0,-145,-3,11.55
fold2_room1_mix0937,85,4,0,5,0,19.56
fold2_room1_mix0937,85,5,0,-144,6,7.21
fold2_room1_mix0937,86,4,0,-146,-2,12.70
fold2_room1_mix0937,86,4,0,6,-1,19.02
fold2_room1_mix0937,86,5,0,-143,6,7.60
fold2_room1_mix0937,87,4,0,-147,-2,13.24
fold2_room1_mix0937,87,4,0,6,-1,18.93
fold2_room1_mix0937,87,5,0,-142,6,7.21
fold2_room1_mix0937,88,4,0,-150,-2,14.12
fold2_room1_mix0937,88,4,0,7,-1,19.18
fold2_room1_mix0937,88,5,0,-145,6,6.95
fold2_room1_mix0937,89,4,0,-152,-2,15.50
fold2_room1_mix0937,89,4,0,5,-1,20.89
fold2_room1_mix0937,89,5,0,-146,5,8.10
fold2_room1_mix0937,90,4,0,-151,-2,15.26
fold2_room1_mix0937,90,4,0,4,0,23.09
fold2_room1_mix0937,90,5,0,-144,6,7.76
fold2_room1_mix0937,91,4,0,-154,-2,16.24
fold2_room1_mix0937,91,4,0,4,0,22.86
fold2_room1_mix0937,91,5,0,-147,5,7.47
fold2_room1_mix0937,92,4,0,-153,-1,16.43
fold2_room1_mix0937,92,4,0,4,0,23.31
fold2_room1_mix0937,92,5,0,-147,5,8.63
fold2_room1_mix0937,93,4,0,-152,-1,17.47
fold2_room1_mix0937,93,4,0,5,0,28.13
fold2_room1_mix0937,93,5,0,-148,5,8.25
fold2_room1_mix0937,94,4,0,-152,-2,17.70
fold2_room1_mix0937,94,4,0,4,0,29.28
fold2_room1_mix0937,94,5,0,-147,5,7.86
fold2_room1_mix0937,95,4,0,-153,-2,17.46
fold2_room1_mix0937,95,4,0,4,0,27.74
fold2_room1_mix0937,95,5,0,-147,5,7.65
fold2_room1_mix0937,96,4,0,-152,-1,17.84
fold2_room1_mix0937,96,4,0,5,0,27.21
fold2_room1_mix0937,96,5,0,-147,5,7.71
fold2_room1_mix0937,97,4,0,-153,-1,19.80
fold2_room1_mix0937,97,4,0,6,0,29.32
fold2_room1_mix0937,97,5,0,-150,5,8.23
fold2_room1_mix0937,98,4,0,-154,-1,19.13
fold2_room1_mix0937,98,4,0,5,0,31.04
fold2_room1_mix0937,98,5,0,-148,5,8.50
fold2_room1_mix0937,99,4,0,-154,-1,19.97
fold2_room1_mix0937,99,4,0,5,0,30.69
fold2_room1_mix0937,99,5,0,-149,5,7.70
fold2_room1_mix0938,3,4,0,-178,1,5.20
fold2_room1_mix0938,4,4,0,-178,0,17.22
fold2_room1_mix0938,5,4,0,179,0,18.84
fold2_room1_mix0938,6,4,0,179,0,22.66
fold2_room1_mix0938,7,4,0,179,0,30.83
fold2_room1_mix0938,8,4,0,178,0,31.24
fold2_room1_mix0938,9,4,0,178,0,30.81
fold2_room1_mix0938,10,4,0,179,0,30.35
fold2_room1_mix0938,11,4,0,178,0,29.54
fold2_room1_mix0938,12,4,0,177,0,29.43
fold2_room1_mix0938,13,4,0,178,0,28.60
fold2_room1_mix0938,14,4,0,177,0,29.33
fold2_room1_mix0938,15,4,0,178,-1,28.51
fold2_room1_mix0938,16,4,0,178,-1,27.62
fold2_room1_mix0938,17,4,0,178,0,28.45
fold2_room1_mix0938,18,4,0,177,-1,28.16
fold2_room1_mix0938,19,4,0,178,0,28.33
fold2_room1_mix0938,20,4,0,177,0,28.25
fold2_room1_mix0938,21,4,0,177,0,27.92
fold2_room1_mix0938,22,4,0,178,0,26.86
fold2_room1_mix0938,23,4,0,178,0,26.16
fold2_room1_mix0938,24,4,0,178,-1,25.49
fold2_room1_mix0938,25,1,0,-161,-2,15.76
fold2_room1_mix0938,25,4,0,178,-1,25.20
fold2_room1_mix0938,26,1,0,-159,-2,27.52
fold2_room1_mix0938,26,4,0,177,-1,25.20
fold2_room1_mix0938,27,1,0,-156,-2,27.36
fold2_room1_mix0938,27,4,0,178,-1,27.22
fold2_room1_mix0938,28,1,0,-156,-2,8.36
fold2_room1_mix0938,28,4,0,175,-1,27.83
fold2_room1_mix0938,29,1,0,-147,-3,19.29
fold2_room1_mix0938,29,4,0,177,-1,25.90
fold2_room1_mix0938,30,1,0,-149,-2,23.27
fold2_room1_mix0938,30,4,0,178,0,30.59
fold2_room1_mix0938,31,1,0,-149,-2,18.34
fold2_room1_mix0938,31,4,0,175,-1,26.50
fold2_room1_mix0938,32,1,0,-152,-2,21.82
fold2_room1_mix0938,32,4,0,179,-1,29.21
fold2_room1_mix0938,33,1,0,-150,-1,7.14
fold2_room1_mix0938,33,4,0,177,-1,29.40
fold2_room1_mix0938,34,1,0,-143,-3,13.50
fold2_room1_mix0938,34,4,0,178,-2,26.75
fold2_room1_mix0938,35,1,0,-145,-3,17.15
fold2_room1_mix0938,35,4,0,-177,-1,27.76
fold2_room1_mix0938,36,1,0,-140,-3,12.35
fold2_room1_mix0938,36,4,0,178,-1,27.91
fold2_room1_mix0938,37,1,0,-145,-3,13.31
fold2_room1_mix0938,37,4,0,-179,-1,27.56
fold2_room1_mix0938,38,4,0,177,-1,25.69
fold2_room1_mix0938,39,1,0,-127,-4,6.53
fold2_room1_mix0938,39,4,0,175,-2,21.92
fold2_room1_mix0938,40,1,0,-119,-5,5.95
fold2_room1_mix0938,40,4,0,171,-2,24.06
fold2_room1_mix0938,41,1,0,-115,-5,6.02
fold2_room1_mix0938,41,4,0,177,-2,26.18
fold2_room1_mix0938,42,1,0,-108,-6,1.76
fold2_room1_mix0938,42,4,0,171,-1,16.75
fold2_room1_mix0938,43,1,0,-114,-4,2.16
fold2_room1_mix0938,43,4,0,177,-1,21.56
fold2_room1_mix0938,44,1,0,-71,-5,5.67
fold2_room1_mix0938,44,4,0,174,-1,23.21
fold2_room1_mix0938,45,1,0,-55,-5,6.19
fold2_room1_mix0938,45,4,0,165,-2,21.71
fold2_room1_mix0938,46,1,0,-53,-5,6.37
fold2_room1_mix0938,46,4,0,177,-1,24.49
fold2_room1_mix0938,47,1,0,-62,-6,3.82
fold2_room1_mix0938,47,4,0,169,-2,16.11
fold2_room1_mix0938,48,1,0,-47,-3,5.94
fold2_room1_mix0938,48,4,0,168,-2,14.74
fold2_room1_mix0938,49,1,0,-35,-3,10.65
fold2_room1_mix0938,49,4,0,175,-1,14.94
fold2_room1_mix0938,50,1,0,-30,-4,10.04
fold2_room1_mix0938,50,4,0,167,-3,15.38
fold2_room1_mix0938,51,1,0,-30,-3,12.47
fold2_room1_mix0938,51,4,0,173,-3,14.02
fold2_room1_mix0938,52,4,0,170,-3,13.59
fold2_room1_mix0938,53,4,0,170,-3,13.70
fold2_room1_mix0938,54,1,0,-26,-3,15.41
fold2_room1_mix0938,54,4,0,172,-3,11.40
fold2_room1_mix0938,55,1,0,-26,-3,11.96
fold2_room1_mix0938,55,4,0,168,-3,12.49
fold2_room1_mix0938,56,1,0,-24,-3,15.46
fold2_room1_mix0938,56,4,0,168,-4,12.41
fold2_room1_mix0938,57,4,0,166,-5,10.21
fold2_room1_mix0938,58,4,0,166,-5,9.24
fold2_room1_mix0938,59,4,0,166,-5,8.27
fold2_room1_mix0938,60,4,0,163,-5,7.72
fold2_room1_mix0938,61,4,0,160,-6,6.99
fold2_room1_mix0938,62,4,0,162,-6,5.78
fold2_room1_mix0938,63,4,0,156,-6,5.38
fold2_room1_mix0938,64,4,0,155,-7,4.33
fold2_room1_mix0938,65,4,0,151,-8,3.79
fold2_room1_mix0938,66,4,0,143,-10,3.17
fold2_room1_mix0938,67,4,0,139,-10,2.54
fold2_room1_mix0938,68,4,0,124,-11,2.13
fold2_room1_mix0938,69,4,0,99,-12,1.78
fold2_room1_mix0938,70,4,0,74,-12,1.71
fold2_room1_mix0938,71,4,0,55,-9,1.83
fold2_room1_mix0938,72,4,0,42,-7,2.20
fold2_room1_mix0938,73,4,0,30,-6,2.76
fold2_room1_mix0938,74,4,0,28,-5,3.18
fold2_room1_mix0938,75,4,0,24,-5,3.71
fold2_room1_mix0938,76,4,0,21,-4,4.16
fold2_room1_mix0938,77,4,0,18,-4,4.66
fold2_room1_mix0938,78,4,0,15,-3,5.40
fold2_room1_mix0938,79,4,0,15,-3,6.05
fold2_room1_mix0938,80,4,0,13,-3,6.42
fold2_room1_mix0938,81,4,0,12,-2,7.16
fold2_room1_mix0938,82,4,0,12,-2,7.76
fold2_room1_mix0938,83,4,0,11,-3,7.85
fold2_room1_mix0938,84,4,0,10,-2,9.10
fold2_room1_mix0938,85,4,0,9,-2,9.32
fold2_room1_mix0938,86,4,0,9,-2,9.78
fold2_room1_mix0938,87,4,0,9,-2,10.60
fold2_room1_mix0938,88,4,0,9,-2,10.79
fold2_room1_mix0938,89,4,0,8,-2,11.69
fold2_room1_mix0938,90,4,0,8,-2,12.25
fold2_room1_mix0938,91,4,0,8,-2,13.77
fold2_room1_mix0938,92,4,0,8,-2,13.74
fold2_room1_mix0938,93,4,0,8,-1,13.47
fold2_room1_mix0938,94,4,0,7,-1,14.66
fold2_room1_mix0938,95,4,0,7,-1,14.94
fold2_room1_mix0938,96,4,0,6,-1,15.05
fold2_room1_mix0938,97,4,0,7,-1,17.50
fold2_room1_mix0938,98,4,0,6,-1,17.59
fold2_room1_mix0938,99,4,0,6,-2,16.11
fold2_room1_mix0939,3,4,0,-37,4,5.61
fold2_room1_mix0939,3,4,0,-18,2,5.43
fold2_room1_mix0939,4,4,0,-37,0,13.65
fold2_room1_mix0939,4,4,0,-8,0,14.19
fold2_room1_mix0939,5,4,0,-35,0,15.27
fold2_room1_mix0939,5,4,0,-9,0,15.81
fold2_room1_mix0939,6,4,0,-39,1,18.08
fold2_room1_mix0939,6,4,0,-13,0,17.80
fold2_room1_mix0939,7,4,0,-37,0,26.52
fold2_room1_mix0939,7,4,0,-9,-1,25.65
fold2_room1_mix0939,8,4,0,-37,0,26.47
fold2_room1_mix0939,8,4,0,-14,-1,24.26
fold2_room1_mix0939,9,4,0,-41,0,24.54
fold2_room1_mix0939,9,4,0,-9,-1,24.97
fold2_room1_mix0939,10,4,0,-45,0,23.44
fold2_room1_mix0939,10,4,0,-12,-1,24.27
fold2_room1_mix0939,11,4,0,-42,0,24.13
fold2_room1_mix0939,11,4,0,-11,0,24.48
fold2_room1_mix0939,12,4,0,-45,0,23.16
fold2_room1_mix0939,12,4,0,-8,-1,24.00
fold2_room1_mix0939,13,4,0,-49,0,22.47
fold2_room1_mix0939,13,4,0,-10,-1,23.54
fold2_room1_mix0939,14,4,0,-49,0,22.15
fold2_room1_mix0939,14,4,0,-10,0,24.15
fold2_room1_mix0939,15,4,0,-46,0,23.13
fold2_room1_mix0939,15,4,0,-13,-1,23.26
fold2_room1_mix0939,16,4,0,-48,-1,19.77
fold2_room1_mix0939,16,4,0,-9,0,23.49
fold2_room1_mix0939,17,4,0,-48,-1,19.60
fold2_room1_mix0939,17,4,0,-12,0,23.99
fold2_room1_mix0939,18,4,0,-52,-1,18.90
fold2_room1_mix0939,18,4,0,-9,0,23.70
fold2_room1_mix0939,19,4,0,-55,-1,18.37
fold2_room1_mix0939,19,4,0,-9,0,21.97
fold2_room1_mix0939,20,4,0,-55,-1,17.90
fold2_room1_mix0939,20,4,0,-10,0,23.33
fold2_room1_mix0939,21,4,0,-59,-1,17.55
fold2_room1_mix0939,21,4,0,-9,0,23.56
fold2_room1_mix0939,22,4,0,-57,-1,17.41
fold2_room1_mix0939,22,4,0,-11,0,22.00
fold2_room1_mix0939,23,4,0,-67,-1,17.04
fold2_room1_mix0939,23,4,0,-11,0,20.75
fold2_room1_mix0939,24,4,0,-65,-1,16.14
fold2_room1_mix0939,24,4,0,-9,-1,20.30
fold2_room1_mix0939,25,4,0,-67,-1,16.39
fold2_room1_mix0939,25,4,0,-10,0,20.65
fold2_room1_mix0939,26,4,0,-64,-1,15.39
fold2_room1_mix0939,26,4,0,-11,0,20.98
fold2_room1_mix0939,27,4,0,-69,-1,17.47
fold2_room1_mix0939,27,4,0,-10,-1,19.77
fold2_room1_mix0939,28,4,0,-79,-1,16.55
fold2_room1_mix0939,28,4,0,-8,-1,20.02
fold2_room1_mix0939,29,4,0,-82,-1,15.35
fold2_room1_mix0939,29,4,0,-10,-1,19.29
fold2_room1_mix0939,30,4,0,-76,-1,15.35
fold2_room1_mix0939,30,4,0,-10,-1,19.37
fold2_room1_mix0939,31,4,0,-84,-1,15.12
fold2_room1_mix0939,31,4,0,-10,-1,19.20
fold2_room1_mix0939,32,4,0,-85,-1,14.81
fold2_room1_mix0939,32,4,0,-8,-1,18.27
fold2_room1_mix0939,33,4,0,-86,-1,14.73
fold2_room1_mix0939,33,4,0,-9,-1,19.25
fold2_room1_mix0939,34,4,0,-85,-1,14.98
fold2_room1_mix0939,34,4,0,-7,-1,19.18
fold2_room1_mix0939,35,4,0,-83,-1,15.24
fold2_room1_mix0939,35,4,0,-10,-1,18.67
fold2_room1_mix0939,36,4,0,-83,-1,15.11
fold2_room1_mix0939,36,4,0,-8,-1,18.43
fold2_room1_mix0939,37,4,0,-87,-1,13.98
fold2_room1_mix0939,37,4,0,-6,-1,18.42
fold2_room1_mix0939,38,4,0,-85,-1,13.28
fold2_room1_mix0939,38,4,0,-9,-1,17.17
fold2_room1_mix0939,39,4,0,-88,-1,14.00
fold2_room1_mix0939,39,4,0,-12,-2,17.43
fold2_room1_mix0939,40,4,0,-87,-1,14.32
fold2_room1_mix0939,40,4,0,-12,-2,15.81
fold2_room1_mix0939,41,4,0,-96,-1,14.36
fold2_room1_mix0939,41,4,0,-12,-2,14.23
fold2_room1_mix0939,42,4,0,-98,-1,14.19
fold2_room1_mix0939,42,4,0,-12,-2,13.66
fold2_room1_mix0939,43,4,0,-98,-1,16.11
fold2_room1_mix0939,43,4,0,-12,-3,13.59
fold2_room1_mix0939,44,4,0,-101,-1,14.29
fold2_room1_mix0939,44,4,0,-7,-3,12.71
fold2_room1_mix0939,45,4,0,-112,0,16.22
fold2_room1_mix0939,45,4,0,-7,-4,11.95
fold2_room1_mix0939,46,4,0,-110,-1,14.93
fold2_room1_mix0939,46,4,0,-9,-4,10.80
fold2_room1_mix0939,47,4,0,-112,-1,13.88
fold2_room1_mix0939,47,4,0,-7,-5,9.47
fold2_room1_mix0939,48,4,0,-114,-1,13.99
fold2_room1_mix0939,48,4,0,-5,-5,8.10
fold2_room1_mix0939,49,4,0,-116,-1,14.19
fold2_room1_mix0939,49,4,0,-7,-6,7.63
fold2_room1_mix0939,50,4,0,-120,-1,12.71
fold2_room1_mix0939,50,4,0,-7,-6,7.03
fold2_room1_mix0939,51,4,0,-124,-1,12.54
fold2_room1_mix0939,51,4,0,-8,-6,6.60
fold2_room1_mix0939,52,4,0,-122,-1,12.40
fold2_room1_mix0939,52,4,0,-9,-7,5.31
fold2_room1_mix0939,53,4,0,-125,0,14.13
fold2_room1_mix0939,53,4,0,-8,-8,4.92
fold2_room1_mix0939,54,4,0,-123,0,14.74
fold2_room1_mix0939,54,4,0,-10,-9,4.19
fold2_room1_mix0939,55,4,0,-126,0,15.97
fold2_room1_mix0939,55,4,0,-12,-10,3.56
fold2_room1_mix0939,56,4,0,-128,0,18.48
fold2_room1_mix0939,56,4,0,-14,-13,2.95
fold2_room1_mix0939,57,4,0,-132,0,19.22
fold2_room1_mix0939,57,4,0,-18,-15,2.68
fold2_room1_mix0939,58,4,0,-134,0,22.15
fold2_room1_mix0939,58,4,0,-26,-19,2.50
fold2_room1_mix0939,59,4,0,-133,0,22.42
fold2_room1_mix0939,59,4,0,-49,-27,2.30
fold2_room1_mix0939,60,4,0,-134,-2,20.87
fold2_room1_mix0939,60,4,0,-95,-38,1.21
fold2_room1_mix0939,60,4,0,-73,-30,3.44
fold2_room1_mix0939,61,4,0,-141,-5,12.63
fold2_room1_mix0939,61,4,0,-132,-30,1.32
fold2_room1_mix0939,61,4,0,-106,-16,6.87
fold2_room1_mix0939,62,4,0,-144,-9,8.47
fold2_room1_mix0939,62,4,0,-145,-25,1.81
fold2_room1_mix0939,62,4,0,-115,-8,11.60
fold2_room1_mix0939,63,4,0,-152,-16,3.50
fold2_room1_mix0939,63,4,0,-119,-2,17.27
fold2_room1_mix0939,64,4,0,-158,-14,3.89
fold2_room1_mix0939,64,4,0,-126,-2,18.43
fold2_room1_mix0939,65,4,0,-162,-12,4.35
fold2_room1_mix0939,65,4,0,-123,-1,20.49
fold2_room1_mix0939,66,4,0,-163,-11,4.79
fold2_room1_mix0939,66,4,0,-129,0,23.88
fold2_room1_mix0939,67,4,0,-166,-11,4.33
fold2_room1_mix0939,67,4,0,-128,0,21.30
fold2_room1_mix0939,68,4,0,-166,-9,5.57
fold2_room1_mix0939,68,4,0,-132,0,21.60
fold2_room1_mix0939,69,4,0,-167,-8,6.21
fold2_room1_mix0939,69,4,0,-130,0,23.42
fold2_room1_mix0939,70,4,0,-170,-7,6.90
fold2_room1_mix0939,70,4,0,-129,0,21.77
fold2_room1_mix0939,71,4,0,-170,-6,7.77
fold2_room1_mix0939,71,4,0,-136,1,25.48
fold2_room1_mix0939,72,4,0,-170,-5,8.60
fold2_room1_mix0939,72,4,0,-137,1,24.24
fold2_room1_mix0939,73,4,0,-172,-4,9.30
fold2_room1_mix0939,73,4,0,-134,0,22.99
fold2_room1_mix0939,74,4,0,-172,-4,10.93
fold2_room1_mix0939,74,4,0,-132,0,21.76
fold2_room1_mix0939,75,4,0,-174,-4,9.57
fold2_room1_mix0939,75,4,0,-139,1,24.63
fold2_room1_mix0939,76,4,0,-175,-3,12.02
fold2_room1_mix0939,76,4,0,-142,0,24.51
fold2_room1_mix0939,77,4,0,-175,-3,11.95
fold2_room1_mix0939,77,4,0,-140,1,25.84
fold2_room1_mix0939,78,4,0,-175,-3,13.51
fold2_room1_mix0939,78,4,0,-141,0,23.21
fold2_room1_mix0939,79,4,0,-175,-2,14.91
fold2_room1_mix0939,79,4,0,-142,0,23.53
fold2_room1_mix0939,80,4,0,-176,-2,15.85
fold2_room1_mix0939,80,4,0,-143,0,24.21
fold2_room1_mix0939,81,4,0,-177,-2,17.15
fold2_room1_mix0939,81,4,0,-143,0,23.99
fold2_room1_mix0939,82,4,0,-175,-2,18.11
fold2_room1_mix0939,82,4,0,-144,0,24.07
fold2_room1_mix0939,83,4,0,-177,-1,18.46
fold2_room1_mix0939,83,4,0,-142,0,23.47
fold2_room1_mix0939,84,4,0,-177,-1,21.34
fold2_room1_mix0939,84,4,0,-143,0,24.84
fold2_room1_mix0939,85,4,0,-177,-1,21.68
fold2_room1_mix0939,85,4,0,-143,0,23.68
fold2_room1_mix0939,86,4,0,-179,-1,22.64
fold2_room1_mix0939,86,4,0,-143,0,23.75
fold2_room1_mix0939,87,4,0,-178,-1,24.65
fold2_room1_mix0939,87,4,0,-144,0,25.18
fold2_room1_mix0939,88,4,0,-178,-1,24.85
fold2_room1_mix0939,88,4,0,-144,0,24.70
fold2_room1_mix0939,89,4,0,-179,-1,24.56
fold2_room1_mix0939,89,4,0,-143,0,23.95
fold2_room1_mix0939,90,4,0,-179,0,24.89
fold2_room1_mix0939,90,4,0,-141,0,24.27
fold2_room1_mix0939,91,4,0,-179,-1,26.07
fold2_room1_mix0939,91,4,0,-143,0,24.67
fold2_room1_mix0939,92,4,0,-179,0,27.62
fold2_room1_mix0939,92,4,0,-144,0,24.67
fold2_room1_mix0939,93,4,0,-179,0,28.65
fold2_room1_mix0939,93,4,0,-145,0,25.47
fold2_room1_mix0939,94,4,0,179,0,28.77
fold2_room1_mix0939,94,4,0,-144,0,25.58
fold2_room1_mix0939,95,4,0,-178,0,28.88
fold2_room1_mix0939,95,4,0,-146,0,26.16
fold2_room1_mix0939,96,4,0,-178,0,28.99
fold2_room1_mix0939,96,4,0,-148,0,27.07
fold2_room1_mix0939,97,4,0,179,0,31.55
fold2_room1_mix0939,97,4,0,-150,0,28.81
fold2_room1_mix0939,98,4,0,-179,0,32.02
fold2_room1_mix0939,98,4,0,-149,0,28.36
fold2_room1_mix0939,99,4,0,-179,0,30.26
fold2_room1_mix0939,99,4,0,-152,0,28.77
fold2_room1_mix0939,2,4,0,-18,2,1.47
fold2_room1_mix0940,4,4,0,0,0,12.62
fold2_room1_mix0940,5,4,0,0,0,14.28
fold2_room1_mix0940,6,4,0,1,0,20.22
fold2_room1_mix0940,7,4,0,2,0,24.68
fold2_room1_mix0940,8,4,0,2,-1,31.56
fold2_room1_mix0940,9,4,0,3,-1,35.80
fold2_room1_mix0940,10,4,0,4,-1,34.41
fold2_room1_mix0940,11,4,0,4,0,34.84
fold2_room1_mix0940,12,4,0,4,-1,34.94
fold2_room1_mix0940,13,4,0,4,0,33.38
fold2_room1_mix0940,14,4,0,5,0,33.47
fold2_room1_mix0940,15,4,0,4,0,33.07
fold2_room1_mix0940,16,4,0,3,0,31.86
fold2_room1_mix0940,17,4,0,4,0,32.32
fold2_room1_mix0940,18,4,0,3,-1,32.24
fold2_room1_mix0940,19,4,0,3,-1,31.43
fold2_room1_mix0940,20,4,0,2,-1,32.32
fold2_room1_mix0940,21,4,0,2,-1,31.83
fold2_room1_mix0940,22,4,0,2,-1,31.04
fold2_room1_mix0940,23,4,0,2,-1,30.57
fold2_room1_mix0940,24,4,0,2,-1,31.19
fold2_room1_mix0940,25,4,0,1,-1,32.20
fold2_room1_mix0940,26,4,0,1,-1,31.37
fold2_room1_mix0940,27,4,0,2,-1,32.14
fold2_room1_mix0940,28,4,0,0,-1,31.57
fold2_room1_mix0940,29,4,0,1,-1,30.91
fold2_room1_mix0940,30,4,0,1,-1,31.26
fold2_room1_mix0940,31,4,0,1,-1,30.59
fold2_room1_mix0940,32,4,0,1,-1,29.39
fold2_room1_mix0940,33,4,0,1,-1,30.39
fold2_room1_mix0940,34,4,0,1,-1,28.44
fold2_room1_mix0940,35,4,0,0,-1,28.27
fold2_room1_mix0940,36,4,0,0,-1,26.61
fold2_room1_mix0940,37,4,0,0,-1,26.33
fold2_room1_mix0940,38,4,0,1,-1,26.25
fold2_room1_mix0940,39,4,0,0,-1,24.96
fold2_room1_mix0940,40,4,0,0,-1,24.38
fold2_room1_mix0940,41,4,0,0,-1,23.60
fold2_room1_mix0940,42,4,0,0,-1,22.72
fold2_room1_mix0940,43,4,0,0,-1,22.34
fold2_room1_mix0940,44,4,0,0,-1,21.94
fold2_room1_mix0940,45,4,0,0,-1,21.29
fold2_room1_mix0940,46,4,0,0,-1,21.35
fold2_room1_mix0940,47,4,0,0,-1,20.06
fold2_room1_mix0940,48,4,0,0,-1,19.60
fold2_room1_mix0940,49,4,0,0,-1,18.68
fold2_room1_mix0940,50,4,0,0,-1,17.87
fold2_room1_mix0940,51,4,0,0,-1,17.10
fold2_room1_mix0940,52,4,0,0,-1,16.16
fold2_room1_mix0940,53,4,0,-1,-1,15.65
fold2_room1_mix0940,54,4,0,0,-2,14.88
fold2_room1_mix0940,55,4,0,-1,-2,14.44
fold2_room1_mix0940,56,4,0,-1,-2,14.11
fold2_room1_mix0940,57,4,0,-1,-2,13.22
fold2_room1_mix0940,58,4,0,-1,-2,12.68
fold2_room1_mix0940,59,4,0,-1,-2,12.65
fold2_room1_mix0940,60,4,0,-1,-3,11.51
fold2_room1_mix0940,61,4,0,-1,-3,10.62
fold2_room1_mix0940,62,4,0,-1,-3,10.33
fold2_room1_mix0940,63,4,0,-2,-3,9.84
fold2_room1_mix0940,64,4,0,-1,-4,8.93
fold2_room1_mix0940,65,4,0,-2,-4,8.27
fold2_room1_mix0940,66,4,0,-2,-4,8.00
fold2_room1_mix0940,67,4,0,-3,-5,7.30
fold2_room1_mix0940,68,4,0,-4,-5,6.71
fold2_room1_mix0940,69,4,0,-4,-5,6.12
fold2_room1_mix0940,70,4,0,-5,-6,5.88
fold2_room1_mix0940,71,4,0,-5,-7,5.20
fold2_room1_mix0940,72,4,0,-7,-8,4.49
fold2_room1_mix0940,73,4,0,-8,-8,4.22
fold2_room1_mix0940,74,4,0,-8,-9,3.77
fold2_room1_mix0940,75,4,0,-10,-10,3.27
fold2_room1_mix0940,76,4,0,-12,-13,2.74
fold2_room1_mix0940,77,4,0,-16,-15,2.29
fold2_room1_mix0940,78,4,0,-23,-18,1.87
fold2_room1_mix0940,79,4,0,-33,-25,1.25
fold2_room1_mix0940,80,4,0,-49,-38,0.96
fold2_room1_mix0940,81,4,0,-91,-46,0.90
fold2_room1_mix0940,82,4,0,-134,-34,1.12
fold2_room1_mix0940,83,4,0,-150,-23,1.48
fold2_room1_mix0940,84,4,0,-157,-18,1.98
fold2_room1_mix0940,85,4,0,-163,-16,2.51
fold2_room1_mix0940,86,4,0,-165,-13,3.00
fold2_room1_mix0940,87,4,0,-167,-11,3.44
fold2_room1_mix0940,88,4,0,-169,-9,3.98
fold2_room1_mix0940,89,4,0,-171,-8,4.36
fold2_room1_mix0940,90,4,0,-171,-8,4.55
fold2_room1_mix0940,91,4,0,-171,-7,5.13
fold2_room1_mix0940,92,4,0,-173,-6,5.84
fold2_room1_mix0940,93,4,0,-173,-5,6.02
fold2_room1_mix0940,94,4,0,-173,-5,7.05
fold2_room1_mix0940,95,4,0,-174,-4,7.25
fold2_room1_mix0940,96,4,0,-175,-4,8.04
fold2_room1_mix0940,97,4,0,-174,-4,8.80
fold2_room1_mix0940,98,4,0,-175,-4,9.08
fold2_room1_mix0940,99,4,0,-176,-3,9.38
fold2_room1_mix0940,3,4,0,-3,1,2.16
fold2_room1_mix0941,4,4,0,-6,-1,15.78
fold2_room1_mix0941,5,4,0,-5,-1,19.55
fold2_room1_mix0941,6,4,0,-7,-1,21.43
fold2_room1_mix0941,7,4,0,-6,-1,29.86
fold2_room1_mix0941,8,4,0,-5,-1,29.94
fold2_room1_mix0941,9,4,0,-6,-1,30.42
fold2_room1_mix0941,10,4,0,-7,-1,28.17
fold2_room1_mix0941,11,4,0,-7,-1,29.31
fold2_room1_mix0941,12,4,0,-8,-1,27.57
fold2_room1_mix0941,13,4,0,-8,-1,27.64
fold2_room1_mix0941,14,4,0,-9,-1,28.63
fold2_room1_mix0941,15,4,0,-8,-1,28.26
fold2_room1_mix0941,16,4,0,-9,-1,24.75
fold2_room1_mix0941,17,4,0,-10,-1,26.34
fold2_room1_mix0941,18,4,0,-11,-1,25.89
fold2_room1_mix0941,19,4,0,-11,-1,25.51
fold2_room1_mix0941,20,4,0,-11,-1,25.70
fold2_room1_mix0941,21,4,0,-13,-1,25.03
fold2_room1_mix0941,22,4,0,-12,-1,23.96
fold2_room1_mix0941,23,4,0,-14,-1,22.14
fold2_room1_mix0941,24,4,0,-16,-1,21.98
fold2_room1_mix0941,25,4,0,-15,-1,21.77
fold2_room1_mix0941,26,4,0,-16,-1,21.15
fold2_room1_mix0941,27,4,0,-15,-1,21.65
fold2_room1_mix0941,28,4,0,-16,-1,21.83
fold2_room1_mix0941,29,4,0,-16,-1,20.58
fold2_room1_mix0941,30,4,0,-16,-1,20.10
fold2_room1_mix0941,31,4,0,-18,-1,19.81
fold2_room1_mix0941,32,4,0,-18,-1,19.41
fold2_room1_mix0941,33,4,0,-17,-1,19.05
fold2_room1_mix0941,34,4,0,-20,-1,18.57
fold2_room1_mix0941,35,4,0,-19,-1,18.16
fold2_room1_mix0941,36,4,0,-20,-1,17.46
fold2_room1_mix0941,37,4,0,-22,-1,16.57
fold2_room1_mix0941,38,4,0,-22,-1,16.24
fold2_room1_mix0941,39,4,0,-23,-1,14.88
fold2_room1_mix0941,40,4,0,-26,-2,14.11
fold2_room1_mix0941,41,4,0,-25,-2,14.15
fold2_room1_mix0941,42,4,0,-27,-2,13.65
fold2_room1_mix0941,43,4,0,-28,-2,13.22
fold2_room1_mix0941,44,4,0,-29,-2,12.83
fold2_room1_mix0941,45,4,0,-32,-2,11.90
fold2_room1_mix0941,46,4,0,-31,-2,12.18
fold2_room1_mix0941,47,4,0,-32,-3,11.78
fold2_room1_mix0941,48,4,0,-34,-3,10.36
fold2_room1_mix0941,49,4,0,-34,-3,10.20
fold2_room1_mix0941,50,4,0,-35,-3,9.61
fold2_room1_mix0941,51,4,0,-36,-3,8.77
fold2_room1_mix0941,52,4,0,-38,-3,9.20
fold2_room1_mix0941,53,4,0,-40,-4,8.69
fold2_room1_mix0941,54,4,0,-41,-4,7.91
fold2_room1_mix0941,55,4,0,-43,-4,7.75
fold2_room1_mix0941,56,4,0,-44,-4,7.65
fold2_room1_mix0941,57,4,0,-47,-4,7.17
fold2_room1_mix0941,58,4,0,-49,-5,6.89
fold2_room1_mix0941,59,4,0,-51,-5,6.34
fold2_room1_mix0941,60,4,0,-53,-5,6.03
fold2_room1_mix0941,61,4,0,-56,-5,5.78
fold2_room1_mix0941,62,4,0,-60,-5,5.78
fold2_room1_mix0941,63,4,0,-64,-6,5.31
fold2_room1_mix0941,64,4,0,-70,-6,5.20
fold2_room1_mix0941,65,4,0,-76,-6,5.40
fold2_room1_mix0941,66,4,0,-83,-6,5.49
fold2_room1_mix0941,67,4,0,-88,-7,5.34
fold2_room1_mix0941,68,4,0,-93,-6,5.46
fold2_room1_mix0941,69,4,0,-98,-6,5.59
fold2_room1_mix0941,70,4,0,-104,-6,5.61
fold2_room1_mix0941,71,4,0,-110,-6,5.92
fold2_room1_mix0941,72,4,0,-114,-5,5.91
fold2_room1_mix0941,73,4,0,-119,-5,6.10
fold2_room1_mix0941,74,4,0,-123,-5,5.96
fold2_room1_mix0941,75,4,0,-126,-5,6.16
fold2_room1_mix0941,76,4,0,-130,-5,6.95
fold2_room1_mix0941,77,4,0,-132,-4,6.84
fold2_room1_mix0941,78,4,0,-135,-4,7.27
fold2_room1_mix0941,79,4,0,-137,-4,7.58
fold2_room1_mix0941,80,4,0,-139,-4,7.50
fold2_room1_mix0941,81,4,0,-140,-4,8.47
fold2_room1_mix0941,82,4,0,-143,-4,8.73
fold2_room1_mix0941,83,4,0,-143,-4,9.29
fold2_room1_mix0941,84,4,0,-143,-3,10.09
fold2_room1_mix0941,85,4,0,-145,-3,10.13
fold2_room1_mix0941,86,4,0,-146,-3,10.24
fold2_room1_mix0941,87,4,0,-147,-3,10.63
fold2_room1_mix0941,88,4,0,-148,-3,11.28
fold2_room1_mix0941,89,4,0,-149,-3,11.46
fold2_room1_mix0941,90,4,0,-150,-2,12.33
fold2_room1_mix0941,91,4,0,-151,-2,12.49
fold2_room1_mix0941,92,4,0,-151,-2,12.84
fold2_room1_mix0941,93,4,0,-152,-2,13.11
fold2_room1_mix0941,94,4,0,-153,-2,13.98
fold2_room1_mix0941,95,4,0,-154,-2,14.14
fold2_room1_mix0941,96,4,0,-155,-2,14.66
fold2_room1_mix0941,97,4,0,-155,-1,16.79
fold2_room1_mix0941,98,4,0,-156,-1,16.37
fold2_room1_mix0941,99,4,0,-157,-1,16.23
fold2_room1_mix0941,3,4,0,-8,1,3.68
fold2_room1_mix0942,58,4,0,-3,-2,6.78
fold2_room1_mix0942,59,4,0,-6,-1,11.28
fold2_room1_mix0942,60,4,0,-3,-1,14.67
fold2_room1_mix0942,61,4,0,-1,-1,22.48
fold2_room1_mix0942,62,4,0,-2,-1,20.85
fold2_room1_mix0942,63,4,0,-2,-1,22.68
fold2_room1_mix0942,64,4,0,-1,-1,21.84
fold2_room1_mix0942,65,4,0,-1,-1,20.96
fold2_room1_mix0942,66,4,0,0,-1,20.72
fold2_room1_mix0942,67,4,0,2,-1,19.85
fold2_room1_mix0942,68,4,0,0,-2,18.39
fold2_room1_mix0942,69,4,0,2,-2,17.81
fold2_room1_mix0942,70,4,0,0,-2,17.05
fold2_room1_mix0942,71,4,0,0,-2,15.80
fold2_room1_mix0942,72,4,0,-2,-2,15.13
fold2_room1_mix0942,73,4,0,0,-3,13.57
fold2_room1_mix0942,74,4,0,-4,-3,13.00
fold2_room1_mix0942,75,4,0,-2,-3,12.36
fold2_room1_mix0942,76,4,0,-5,-3,11.82
fold2_room1_mix0942,77,4,0,-4,-3,10.65
fold2_room1_mix0942,78,4,0,-6,-3,10.46
fold2_room1_mix0942,79,4,0,-7,-4,9.43
fold2_room1_mix0942,80,4,0,-8,-4,8.14
fold2_room1_mix0942,81,4,0,-9,-5,6.64
fold2_room1_mix0942,82,4,0,-11,-6,5.76
fold2_room1_mix0942,83,4,0,-15,-7,4.95
fold2_room1_mix0942,84,4,0,-20,-7,3.92
fold2_room1_mix0942,85,4,0,-27,-9,2.99
fold2_room1_mix0942,86,4,0,-34,-11,2.35
fold2_room1_mix0942,87,4,0,-50,-16,1.76
fold2_room1_mix0942,88,4,0,-84,-19,1.52
fold2_room1_mix0942,89,4,0,-118,-16,1.53
fold2_room1_mix0942,90,4,0,-141,-9,2.03
fold2_room1_mix0942,91,4,0,-149,-8,3.02
fold2_room1_mix0942,92,4,0,-156,-7,3.89
fold2_room1_mix0942,93,4,0,-160,-5,4.54
fold2_room1_mix0942,94,4,0,-162,-5,5.50
fold2_room1_mix0942,95,4,0,-164,-4,6.36
fold2_room1_mix0942,96,4,0,-167,-3,7.13
fold2_room1_mix0942,97,4,0,-168,-3,8.11
fold2_room1_mix0942,98,4,0,-168,-3,8.38
fold2_room1_mix0942,99,4,0,-169,-2,9.91
fold2_room1_mix0943,4,4,0,-1,0,2.27
fold2_room1_mix0943,5,4,0,0,0,18.46
fold2_room1_mix0943,6,3,0,-39,-2,7.88
fold2_room1_mix0943,6,4,0,1,-1,17.21
fold2_room1_mix0943,7,3,0,-37,-2,10.47
fold2_room1_mix0943,7,4,0,0,-1,16.34
fold2_room1_mix0943,8,3,0,-39,-2,10.65
fold2_room1_mix0943,8,4,0,1,0,19.25
fold2_room1_mix0943,9,3,0,-41,-2,7.57
fold2_room1_mix0943,9,4,0,1,0,26.90
fold2_room1_mix0943,10,3,0,-41,-1,2.90
fold2_room1_mix0943,10,4,0,0,0,32.19
fold2_room1_mix0943,11,4,0,1,-1,32.33
fold2_room1_mix0943,12,4,0,0,0,37.46
fold2_room1_mix0943,13,3,0,-42,-2,8.70
fold2_room1_mix0943,13,4,0,2,0,32.70
fold2_room1_mix0943,14,3,0,-43,-2,10.43
fold2_room1_mix0943,14,4,0,1,-1,32.46
fold2_room1_mix0943,15,3,0,-45,-2,10.98
fold2_room1_mix0943,15,4,0,2,0,30.25
fold2_room1_mix0943,16,3,0,-46,-2,10.33
fold2_room1_mix0943,16,4,0,0,0,29.52
fold2_room1_mix0943,17,3,0,-48,-2,10.53
fold2_room1_mix0943,17,4,0,0,-1,30.10
fold2_room1_mix0943,18,3,0,-50,-2,11.70
fold2_room1_mix0943,18,4,0,1,-1,29.73
fold2_room1_mix0943,19,3,0,-47,-2,11.00
fold2_room1_mix0943,19,4,0,1,0,28.29
fold2_room1_mix0943,20,3,0,-50,-2,10.47
fold2_room1_mix0943,20,4,0,1,0,27.98
fold2_room1_mix0943,21,3,0,-51,-2,8.52
fold2_room1_mix0943,21,4,0,0,0,30.72
fold2_room1_mix0943,22,3,0,-49,-2,5.73
fold2_room1_mix0943,22,4,0,0,0,31.79
fold2_room1_mix0943,23,4,0,1,0,37.29
fold2_room1_mix0943,24,4,0,0,0,38.92
fold2_room1_mix0943,25,4,0,1,0,38.54
fold2_room1_mix0943,26,3,0,-53,-3,7.97
fold2_room1_mix0943,26,4,0,1,-1,34.70
fold2_room1_mix0943,27,3,0,-48,-3,12.34
fold2_room1_mix0943,27,4,0,1,0,34.51
fold2_room1_mix0943,28,3,0,-50,-2,11.78
fold2_room1_mix0943,28,4,0,2,0,33.16
fold2_room1_mix0943,29,3,0,-50,-2,10.51
fold2_room1_mix0943,29,4,0,1,0,31.96
fold2_room1_mix0943,30,3,0,-55,-3,9.92
fold2_room1_mix0943,30,4,0,0,0,34.43
fold2_room1_mix0943,31,3,0,-59,-3,10.19
fold2_room1_mix0943,31,4,0,0,0,31.62
fold2_room1_mix0943,32,3,0,-59,-3,5.17
fold2_room1_mix0943,32,4,0,0,0,33.05
fold2_room1_mix0943,33,4,0,0,-1,36.23
fold2_room1_mix0943,34,4,0,0,0,36.15
fold2_room1_mix0943,35,4,0,-1,0,36.05
fold2_room1_mix0943,36,4,0,0,0,40.21
fold2_room1_mix0943,37,4,0,0,0,40.74
fold2_room1_mix0943,38,3,0,-68,-4,3.79
fold2_room1_mix0943,38,4,0,0,0,37.88
fold2_room1_mix0943,39,3,0,-64,-4,11.94
fold2_room1_mix0943,39,4,0,1,0,37.53
fold2_room1_mix0943,40,3,0,-63,-3,11.02
fold2_room1_mix0943,40,4,0,1,0,34.51
fold2_room1_mix0943,41,3,0,-68,-3,10.53
fold2_room1_mix0943,41,4,0,0,0,33.85
fold2_room1_mix0943,42,3,0,-72,-3,10.23
fold2_room1_mix0943,42,4,0,-1,0,32.91
fold2_room1_mix0943,43,3,0,-74,-4,9.84
fold2_room1_mix0943,43,4,0,-1,-1,30.89
fold2_room1_mix0943,44,3,0,-78,-3,11.05
fold2_room1_mix0943,44,4,0,-1,0,30.74
fold2_room1_mix0943,45,3,0,-76,-3,11.23
fold2_room1_mix0943,45,4,0,-1,-1,30.15
fold2_room1_mix0943,46,3,0,-73,-3,8.97
fold2_room1_mix0943,46,4,0,-1,-1,29.43
fold2_room1_mix0943,47,3,0,-78,-3,8.02
fold2_room1_mix0943,47,4,0,0,-1,29.28
fold2_room1_mix0943,48,3,0,-77,-3,6.47
fold2_room1_mix0943,48,4,0,0,0,28.19
fold2_room1_mix0943,49,3,0,-77,-4,2.39
fold2_room1_mix0943,49,4,0,-1,0,31.63
fold2_room1_mix0943,50,4,0,0,0,31.41
fold2_room1_mix0943,51,3,0,-91,-4,12.71
fold2_room1_mix0943,51,4,0,0,0,27.50
fold2_room1_mix0943,52,3,0,-93,-5,11.51
fold2_room1_mix0943,52,4,0,-1,-1,26.75
fold2_room1_mix0943,53,3,0,-89,-5,10.74
fold2_room1_mix0943,53,4,0,0,-1,25.68
fold2_room1_mix0943,54,3,0,-89,-4,10.25
fold2_room1_mix0943,54,4,0,-1,-1,24.29
fold2_room1_mix0943,55,3,0,-93,-4,10.46
fold2_room1_mix0943,55,4,0,0,-1,23.81
fold2_room1_mix0943,56,3,0,-88,-3,3.67
fold2_room1_mix0943,56,4,0,-1,-1,25.95
fold2_room1_mix0943,57,4,0,-3,-1,23.44
fold2_room1_mix0943,58,4,0,-3,-1,22.19
fold2_room1_mix0943,59,4,0,-4,-1,18.05
fold2_room1_mix0943,60,4,0,-3,-1,21.17
fold2_room1_mix0943,61,4,0,-4,-1,20.05
fold2_room1_mix0943,62,4,0,-4,-1,18.32
fold2_room1_mix0943,63,4,0,-4,-1,18.32
fold2_room1_mix0943,64,4,0,-5,-1,16.63
fold2_room1_mix0943,65,4,0,-6,-1,15.04
fold2_room1_mix0943,66,4,0,-7,-1,15.65
fold2_room1_mix0943,67,4,0,-7,-1,13.50
fold2_room1_mix0943,68,4,0,-8,-2,13.07
fold2_room1_mix0943,69,4,0,-8,-2,13.35
fold2_room1_mix0943,70,4,0,-8,-3,11.86
fold2_room1_mix0943,71,4,0,-9,-3,11.47
fold2_room1_mix0943,72,4,0,-10,-3,10.75
fold2_room1_mix0943,73,4,0,-10,-3,9.65
fold2_room1_mix0943,74,4,0,-13,-4,8.93
fold2_room1_mix0943,75,4,0,-15,-4,8.18
fold2_room1_mix0943,76,4,0,-16,-4,7.66
fold2_room1_mix0943,77,4,0,-17,-5,6.24
fold2_room1_mix0943,78,4,0,-21,-5,5.82
fold2_room1_mix0943,79,4,0,-26,-6,4.63
fold2_room1_mix0943,80,4,0,-29,-8,3.98
fold2_room1_mix0943,81,4,0,-35,-9,3.12
fold2_room1_mix0943,82,4,0,-43,-11,2.56
fold2_room1_mix0943,83,4,0,-57,-14,2.17
fold2_room1_mix0943,84,4,0,-81,-16,2.10
fold2_room1_mix0943,85,4,0,-111,-14,2.17
fold2_room1_mix0943,86,4,0,-130,-10,2.46
fold2_room1_mix0943,87,4,0,-140,-8,3.30
fold2_room1_mix0943,88,4,0,-148,-7,3.95
fold2_room1_mix0943,89,4,0,-153,-7,4.51
fold2_room1_mix0943,90,4,0,-156,-5,5.16
fold2_room1_mix0943,91,4,0,-159,-4,6.07
fold2_room1_mix0943,92,4,0,-161,-4,6.83
fold2_room1_mix0943,93,4,0,-162,-3,7.27
fold2_room1_mix0943,94,4,0,-163,-3,8.15
fold2_room1_mix0943,95,4,0,-163,-3,8.87
fold2_room1_mix0943,96,4,0,-165,-2,9.90
fold2_room1_mix0943,97,4,0,-167,-2,10.88
fold2_room1_mix0943,98,4,0,-167,-1,11.92
fold2_room1_mix0943,99,4,0,-169,-1,12.37
fold2_room1_mix0945,4,4,0,179,1,12.84
fold2_room1_mix0945,4,4,0,0,0,11.22
fold2_room1_mix0945,5,4,0,177,0,19.54
fold2_room1_mix0945,5,4,0,1,0,17.08
fold2_room1_mix0945,6,4,0,178,1,23.41
fold2_room1_mix0945,6,4,0,1,0,20.02
fold2_room1_mix0945,7,4,0,177,0,28.72
fold2_room1_mix0945,7,4,0,4,0,24.75
fold2_room1_mix0945,8,1,0,-17,-3,11.27
fold2_room1_mix0945,8,4,0,177,0,27.74
fold2_room1_mix0945,8,4,0,2,0,25.93
fold2_room1_mix0945,9,1,0,-3,-3,45.65
fold2_room1_mix0945,9,4,0,175,0,27.57
fold2_room1_mix0945,9,4,0,4,-1,23.39
fold2_room1_mix0945,10,1,0,-10,-4,32.22
fold2_room1_mix0945,10,4,0,175,0,42.30
fold2_room1_mix0945,10,4,0,4,-1,28.94
fold2_room1_mix0945,11,1,0,-13,-3,35.09
fold2_room1_mix0945,11,4,0,175,0,29.42
fold2_room1_mix0945,11,4,0,3,0,21.34
fold2_room1_mix0945,12,1,0,-8,-3,38.03
fold2_room1_mix0945,12,3,0,99,0,2.42
fold2_room1_mix0945,12,4,0,176,0,38.00
fold2_room1_mix0945,12,4,0,3,0,26.79
fold2_room1_mix0945,13,1,0,-7,-3,35.13
fold2_room1_mix0945,13,3,0,115,-2,5.06
fold2_room1_mix0945,13,4,0,176,1,42.65
fold2_room1_mix0945,13,4,0,3,-1,23.16
fold2_room1_mix0945,14,1,0,-7,-2,9.48
fold2_room1_mix0945,14,3,0,126,-3,16.07
fold2_room1_mix0945,14,4,0,172,1,39.76
fold2_room1_mix0945,14,4,0,3,0,23.45
fold2_room1_mix0945,15,1,0,-8,-3,16.10
fold2_room1_mix0945,15,3,0,128,-2,13.50
fold2_room1_mix0945,15,4,0,173,1,29.04
fold2_room1_mix0945,15,4,0,0,0,21.07
fold2_room1_mix0945,16,1,0,-15,-2,14.84
fold2_room1_mix0945,16,3,0,120,-1,10.76
fold2_room1_mix0945,16,4,0,174,0,27.46
fold2_room1_mix0945,16,4,0,-1,-1,15.27
fold2_room1_mix0945,17,1,0,-11,-2,28.84
fold2_room1_mix0945,17,3,0,120,-2,6.99
fold2_room1_mix0945,17,4,0,173,1,37.48
fold2_room1_mix0945,17,4,0,1,0,18.96
fold2_room1_mix0945,18,1,0,-2,-3,14.94
fold2_room1_mix0945,18,3,0,122,-1,13.21
fold2_room1_mix0945,18,4,0,177,2,28.97
fold2_room1_mix0945,18,4,0,-6,0,14.37
fold2_room1_mix0945,19,3,0,125,-3,13.94
fold2_room1_mix0945,19,4,0,172,1,30.45
fold2_room1_mix0945,19,4,0,-2,-1,16.49
fold2_room1_mix0945,20,1,0,-7,-2,24.74
fold2_room1_mix0945,20,3,0,112,-2,6.03
fold2_room1_mix0945,20,4,0,170,2,30.20
fold2_room1_mix0945,20,4,0,2,0,17.91
fold2_room1_mix0945,21,1,0,-14,-2,20.43
fold2_room1_mix0945,21,3,0,122,-1,5.45
fold2_room1_mix0945,21,4,0,175,3,20.54
fold2_room1_mix0945,21,4,0,-3,0,8.41
fold2_room1_mix0945,22,1,0,-15,-2,24.04
fold2_room1_mix0945,22,3,0,116,-2,4.88
fold2_room1_mix0945,22,4,0,172,1,29.36
fold2_room1_mix0945,22,4,0,1,-1,13.85
fold2_room1_mix0945,23,1,0,-14,-2,30.84
fold2_room1_mix0945,23,4,0,173,2,24.61
fold2_room1_mix0945,23,4,0,2,0,12.30
fold2_room1_mix0945,24,1,0,-19,-3,11.60
fold2_room1_mix0945,24,3,0,123,-3,12.50
fold2_room1_mix0945,24,4,0,175,0,29.47
fold2_room1_mix0945,24,4,0,-2,-1,14.33
fold2_room1_mix0945,25,1,0,-12,-3,29.86
fold2_room1_mix0945,25,3,0,118,-2,9.42
fold2_room1_mix0945,25,4,0,171,2,37.75
fold2_room1_mix0945,25,4,0,1,0,20.05
fold2_room1_mix0945,26,1,0,-10,-3,26.69
fold2_room1_mix0945,26,3,0,112,-2,8.03
fold2_room1_mix0945,26,4,0,177,2,36.39
fold2_room1_mix0945,26,4,0,0,0,19.19
fold2_room1_mix0945,27,1,0,-14,-3,22.87
fold2_room1_mix0945,27,3,0,115,-2,10.71
fold2_room1_mix0945,27,4,0,176,1,38.14
fold2_room1_mix0945,27,4,0,0,-1,18.70
fold2_room1_mix0945,28,3,0,108,-3,14.20
fold2_room1_mix0945,28,4,0,169,1,44.23
fold2_room1_mix0945,28,4,0,3,0,30.07
fold2_room1_mix0945,29,3,0,112,-2,15.93
fold2_room1_mix0945,29,4,0,171,0,33.53
fold2_room1_mix0945,29,4,0,1,-2,16.65
fold2_room1_mix0945,30,1,0,-22,-3,10.72
fold2_room1_mix0945,30,3,0,107,-2,11.20
fold2_room1_mix0945,30,4,0,175,0,32.10
fold2_room1_mix0945,30,4,0,1,-1,17.17
fold2_room1_mix0945,31,1,0,-27,-3,10.92
fold2_room1_mix0945,31,3,0,104,-2,10.71
fold2_room1_mix0945,31,4,0,176,0,37.94
fold2_room1_mix0945,31,4,0,3,-1,22.57
fold2_room1_mix0945,32,1,0,-31,-3,11.89
fold2_room1_mix0945,32,3,0,99,-2,10.10
fold2_room1_mix0945,32,4,0,175,0,34.27
fold2_room1_mix0945,32,4,0,0,-1,18.80
fold2_room1_mix0945,33,3,0,91,-3,14.51
fold2_room1_mix0945,33,4,0,172,0,32.80
fold2_room1_mix0945,33,4,0,3,-1,21.67
fold2_room1_mix0945,34,1,0,-26,-3,13.83
fold2_room1_mix0945,34,3,0,83,-2,7.60
fold2_room1_mix0945,34,4,0,176,1,32.85
fold2_room1_mix0945,34,4,0,1,0,19.78
fold2_room1_mix0945,35,1,0,-38,-4,14.73
fold2_room1_mix0945,35,3,0,80,-1,6.68
fold2_room1_mix0945,35,4,0,175,0,26.24
fold2_room1_mix0945,35,4,0,2,-1,14.32
fold2_room1_mix0945,36,1,0,-35,-3,15.31
fold2_room1_mix0945,36,3,0,81,-1,5.66
fold2_room1_mix0945,36,4,0,170,1,35.19
fold2_room1_mix0945,36,4,0,5,0,19.94
fold2_room1_mix0945,37,1,0,-32,-3,14.98
fold2_room1_mix0945,37,3,0,78,-2,12.15
fold2_room1_mix0945,37,4,0,172,1,29.85
fold2_room1_mix0945,37,4,0,7,0,16.68
fold2_room1_mix0945,38,3,0,88,-3,13.00
fold2_room1_mix0945,38,4,0,171,0,26.02
fold2_room1_mix0945,38,4,0,7,-1,13.29
fold2_room1_mix0945,39,1,0,-27,-3,10.46
fold2_room1_mix0945,39,3,0,80,-2,9.16
fold2_room1_mix0945,39,4,0,170,0,23.45
fold2_room1_mix0945,39,4,0,4,0,14.25
fold2_room1_mix0945,40,1,0,-42,-4,9.85
fold2_room1_mix0945,40,3,0,90,-2,9.63
fold2_room1_mix0945,40,4,0,168,0,28.74
fold2_room1_mix0945,40,4,0,1,-1,12.63
fold2_room1_mix0945,41,1,0,-42,-4,9.21
fold2_room1_mix0945,41,3,0,84,-2,9.08
fold2_room1_mix0945,41,4,0,172,0,25.34
fold2_room1_mix0945,41,4,0,2,-2,11.95
fold2_room1_mix0945,42,3,0,73,-2,13.78
fold2_room1_mix0945,42,4,0,179,1,26.02
fold2_room1_mix0945,42,4,0,1,0,16.35
fold2_room1_mix0945,43,3,0,80,-3,12.96
fold2_room1_mix0945,43,4,0,173,0,22.95
fold2_room1_mix0945,43,4,0,1,-2,10.62
fold2_room1_mix0945,44,1,0,-52,-4,7.95
fold2_room1_mix0945,44,3,0,76,-2,6.42
fold2_room1_mix0945,44,4,0,171,0,20.41
fold2_room1_mix0945,44,4,0,2,-2,10.36
fold2_room1_mix0945,45,1,0,-75,-5,7.38
fold2_room1_mix0945,45,3,0,71,-1,4.29
fold2_room1_mix0945,45,4,0,178,0,25.03
fold2_room1_mix0945,45,4,0,2,0,13.14
fold2_room1_mix0945,46,1,0,-86,-5,6.64
fold2_room1_mix0945,46,3,0,81,-1,2.48
fold2_room1_mix0945,46,4,0,175,0,24.24
fold2_room1_mix0945,46,4,0,2,-1,11.42
fold2_room1_mix0945,47,1,0,-84,-4,2.61
fold2_room1_mix0945,47,4,0,176,1,26.08
fold2_room1_mix0945,47,4,0,5,0,15.71
fold2_room1_mix0945,48,4,0,173,-1,19.91
fold2_room1_mix0945,48,4,0,-4,-3,9.92
fold2_room1_mix0945,49,1,0,-105,-5,10.44
fold2_room1_mix0945,49,4,0,170,-2,20.89
fold2_room1_mix0945,49,4,0,5,-2,13.23
fold2_room1_mix0945,50,1,0,-118,-5,10.38
fold2_room1_mix0945,50,3,0,77,-2,3.78
fold2_room1_mix0945,50,4,0,171,0,23.03
fold2_room1_mix0945,50,4,0,6,0,16.57
fold2_room1_mix0945,51,1,0,-121,-5,9.71
fold2_room1_mix0945,51,4,0,176,-1,23.82
fold2_room1_mix0945,51,4,0,3,-2,12.73
fold2_room1_mix0945,52,1,0,-108,-5,3.66
fold2_room1_mix0945,52,3,0,60,-2,14.33
fold2_room1_mix0945,52,4,0,169,-1,25.62
fold2_room1_mix0945,52,4,0,7,-2,14.85
fold2_room1_mix0945,53,3,0,55,-2,15.19
fold2_room1_mix0945,53,4,0,176,-3,15.72
fold2_room1_mix0945,53,4,0,1,-2,10.01
fold2_room1_mix0945,54,1,0,-134,-3,7.02
fold2_room1_mix0945,54,3,0,57,-1,8.69
fold2_room1_mix0945,54,4,0,178,-1,15.80
fold2_room1_mix0945,54,4,0,4,0,12.22
fold2_room1_mix0945,55,1,0,-141,-3,10.43
fold2_room1_mix0945,55,3,0,59,-1,6.86
fold2_room1_mix0945,55,4,0,177,-1,18.65
fold2_room1_mix0945,55,4,0,10,-1,10.96
fold2_room1_mix0945,56,1,0,-142,-3,9.17
fold2_room1_mix0945,56,4,0,-179,-1,17.96
fold2_room1_mix0945,56,4,0,2,-2,10.25
fold2_room1_mix0945,57,1,0,-141,-4,3.68
fold2_room1_mix0945,57,4,0,173,-5,11.98
fold2_room1_mix0945,57,4,0,3,-6,7.12
fold2_room1_mix0945,58,1,0,-146,-4,13.03
fold2_room1_mix0945,58,4,0,172,-3,10.35
fold2_room1_mix0945,58,4,0,5,-6,6.25
fold2_room1_mix0945,59,1,0,-149,-3,20.22
fold2_room1_mix0945,59,4,0,176,-4,10.04
fold2_room1_mix0945,59,4,0,15,-6,5.33
fold2_room1_mix0945,60,1,0,-149,-3,22.27
fold2_room1_mix0945,60,4,0,172,-5,10.90
fold2_room1_mix0945,60,4,0,20,-5,7.28
fold2_room1_mix0945,61,1,0,-150,-3,16.65
fold2_room1_mix0945,61,4,0,178,-2,11.79
fold2_room1_mix0945,61,4,0,14,-4,7.31
fold2_room1_mix0945,62,1,0,-151,-4,6.63
fold2_room1_mix0945,62,4,0,169,-5,13.42
fold2_room1_mix0945,62,4,0,76,-19,3.25
fold2_room1_mix0945,62,4,0,23,-11,4.59
fold2_room1_mix0945,63,1,0,-156,-4,15.48
fold2_room1_mix0945,63,4,0,164,-3,8.37
fold2_room1_mix0945,63,4,0,25,-6,4.64
fold2_room1_mix0945,64,1,0,-155,-3,17.21
fold2_room1_mix0945,64,4,0,-179,-2,8.06
fold2_room1_mix0945,64,4,0,79,-14,1.84
fold2_room1_mix0945,64,4,0,36,-8,2.07
fold2_room1_mix0945,65,1,0,-158,-3,23.71
fold2_room1_mix0945,65,4,0,168,-4,10.16
fold2_room1_mix0945,65,4,0,94,-16,3.42
fold2_room1_mix0945,65,4,0,36,-9,2.91
fold2_room1_mix0945,66,1,0,-160,-3,17.45
fold2_room1_mix0945,66,4,0,173,-2,9.44
fold2_room1_mix0945,66,4,0,124,-13,2.58
fold2_room1_mix0945,66,4,0,29,-5,4.71
fold2_room1_mix0945,67,1,0,-160,-3,3.56
fold2_room1_mix0945,67,4,0,164,-9,9.52
fold2_room1_mix0945,67,4,0,16,-19,2.37
fold2_room1_mix0945,68,4,0,163,-11,5.82
fold2_room1_mix0945,68,4,0,-8,-25,1.65
fold2_room1_mix0945,68,4,0,8,-14,2.16
fold2_room1_mix0945,69,4,0,161,-11,7.53
fold2_room1_mix0945,69,4,0,-17,-25,1.74
fold2_room1_mix0945,69,4,0,-2,-18,2.51
fold2_room1_mix0945,70,4,0,162,-9,7.95
fold2_room1_mix0945,70,4,0,-52,-35,1.10
fold2_room1_mix0945,70,4,0,-14,-29,1.91
fold2_room1_mix0945,71,4,0,141,-13,6.41
fold2_room1_mix0945,71,4,0,-75,-44,0.92
fold2_room1_mix0945,71,4,0,-26,-37,2.02
fold2_room1_mix0945,72,4,0,148,-12,7.86
fold2_room1_mix0945,72,4,0,-120,-43,0.95
fold2_room1_mix0945,72,4,0,-115,-66,1.68
fold2_room1_mix0945,73,4,0,172,-11,8.90
fold2_room1_mix0945,73,4,0,-141,-31,1.04
fold2_room1_mix0945,74,4,0,174,-14,5.75
fold2_room1_mix0945,74,4,0,-151,-29,2.30
fold2_room1_mix0945,75,4,0,-178,-12,5.96
fold2_room1_mix0945,75,4,0,-156,-21,2.09
fold2_room1_mix0945,75,4,0,27,-23,5.67
fold2_room1_mix0945,76,4,0,-169,-13,4.46
fold2_room1_mix0945,76,4,0,33,-16,6.60
fold2_room1_mix0945,77,4,0,-170,-14,4.35
fold2_room1_mix0945,77,4,0,24,-12,7.19
fold2_room1_mix0945,78,4,0,-170,-10,5.99
fold2_room1_mix0945,78,4,0,28,-13,8.00
fold2_room1_mix0945,79,4,0,-178,-9,6.15
fold2_room1_mix0945,79,4,0,18,-7,11.05
fold2_room1_mix0945,80,4,0,-174,-8,5.88
fold2_room1_mix0945,80,4,0,27,-8,8.58
fold2_room1_mix0945,81,4,0,-172,-8,7.13
fold2_room1_mix0945,81,4,0,18,-7,11.00
fold2_room1_mix0945,82,4,0,-171,-8,7.48
fold2_room1_mix0945,82,4,0,23,-8,10.65
fold2_room1_mix0945,83,4,0,-174,-6,8.41
fold2_room1_mix0945,83,4,0,16,-7,10.99
fold2_room1_mix0945,84,4,0,-173,-6,9.16
fold2_room1_mix0945,84,4,0,18,-6,11.76
fold2_room1_mix0945,85,4,0,-173,-6,9.61
fold2_room1_mix0945,85,4,0,19,-6,12.73
fold2_room1_mix0945,86,4,0,-177,-4,10.81
fold2_room1_mix0945,86,4,0,19,-5,13.57
fold2_room1_mix0945,87,4,0,-176,-5,10.70
fold2_room1_mix0945,87,4,0,17,-4,16.37
fold2_room1_mix0945,88,4,0,-176,-5,11.42
fold2_room1_mix0945,88,4,0,19,-4,16.27
fold2_room1_mix0945,89,4,0,-177,-3,12.94
fold2_room1_mix0945,89,4,0,17,-3,19.06
fold2_room1_mix0945,90,4,0,-176,-4,11.63
fold2_room1_mix0945,90,4,0,14,-2,17.79
fold2_room1_mix0945,91,4,0,-177,-4,12.94
fold2_room1_mix0945,91,4,0,16,-2,18.41
fold2_room1_mix0945,92,4,0,-178,-3,14.01
fold2_room1_mix0945,92,4,0,16,-2,18.97
fold2_room1_mix0945,93,4,0,-178,-3,13.47
fold2_room1_mix0945,93,4,0,15,-3,18.70
fold2_room1_mix0945,94,4,0,-177,-3,15.81
fold2_room1_mix0945,94,4,0,12,-2,23.27
fold2_room1_mix0945,95,4,0,-177,-3,15.82
fold2_room1_mix0945,95,4,0,12,-2,23.03
fold2_room1_mix0945,96,4,0,-178,-2,16.47
fold2_room1_mix0945,96,4,0,10,-2,22.30
fold2_room1_mix0945,97,4,0,-178,-2,18.09
fold2_room1_mix0945,97,4,0,11,-2,24.16
fold2_room1_mix0945,98,4,0,-178,-2,19.74
fold2_room1_mix0945,99,4,0,179,-1,19.95
fold2_room1_mix0945,3,4,0,-3,1,2.01
fold2_room1_mix0946,4,4,0,-179,0,2.37
fold2_room1_mix0946,5,4,0,178,0,8.09
fold2_room1_mix0946,6,4,0,178,0,14.49
fold2_room1_mix0946,7,4,0,177,0,16.30
fold2_room1_mix0946,8,4,0,177,0,19.74
fold2_room1_mix0946,9,4,0,177,0,26.38
fold2_room1_mix0946,10,4,0,178,-1,30.09
fold2_room1_mix0946,11,4,0,176,0,29.53
fold2_room1_mix0946,12,4,0,178,0,31.61
fold2_room1_mix0946,13,4,0,177,0,32.53
fold2_room1_mix0946,14,4,0,177,0,30.74
fold2_room1_mix0946,15,4,0,178,0,30.98
fold2_room1_mix0946,16,4,0,177,0,29.57
fold2_room1_mix0946,17,4,0,177,0,35.60
fold2_room1_mix0946,18,4,0,177,0,36.42
fold2_room1_mix0946,19,4,0,177,0,37.23
fold2_room1_mix0946,20,4,0,177,0,33.84
fold2_room1_mix0946,21,4,0,177,0,40.14
fold2_room1_mix0946,22,4,0,178,0,39.93
fold2_room1_mix0946,23,4,0,178,0,40.38
fold2_room1_mix0946,24,4,0,178,0,39.43
fold2_room1_mix0946,25,4,0,178,0,40.42
fold2_room1_mix0946,26,4,0,-179,0,40.97
fold2_room1_mix0946,27,4,0,178,0,42.27
fold2_room1_mix0946,28,4,0,179,0,41.50
fold2_room1_mix0946,29,4,0,179,0,43.33
fold2_room1_mix0946,30,2,0,-96,-3,4.33
fold2_room1_mix0946,30,4,0,177,0,48.28
fold2_room1_mix0946,31,2,0,-88,-2,12.94
fold2_room1_mix0946,31,4,0,178,0,42.77
fold2_room1_mix0946,32,2,0,-91,-2,14.34
fold2_room1_mix0946,32,4,0,178,0,43.45
fold2_room1_mix0946,33,2,0,-85,-1,15.01
fold2_room1_mix0946,33,4,0,178,0,41.12
fold2_room1_mix0946,34,2,0,-89,-1,15.09
fold2_room1_mix0946,34,4,0,179,0,41.10
fold2_room1_mix0946,35,4,0,-178,0,42.15
fold2_room1_mix0946,36,4,0,-179,0,36.78
fold2_room1_mix0946,37,4,0,178,0,36.35
fold2_room1_mix0946,38,4,0,-179,0,34.51
fold2_room1_mix0946,39,4,0,178,0,33.22
fold2_room1_mix0946,40,2,0,-92,-1,15.46
fold2_room1_mix0946,40,4,0,175,0,32.13
fold2_room1_mix0946,41,2,0,-87,-1,15.58
fold2_room1_mix0946,41,4,0,177,0,32.56
fold2_room1_mix0946,42,2,0,-90,-1,15.22
fold2_room1_mix0946,42,4,0,177,-1,31.94
fold2_room1_mix0946,43,2,0,-89,-1,15.34
fold2_room1_mix0946,43,4,0,178,-1,30.94
fold2_room1_mix0946,44,2,0,-89,-1,15.79
fold2_room1_mix0946,44,4,0,177,-1,28.84
fold2_room1_mix0946,45,4,0,177,0,27.74
fold2_room1_mix0946,46,4,0,179,-1,25.47
fold2_room1_mix0946,47,4,0,178,-1,24.53
fold2_room1_mix0946,48,4,0,179,-1,23.45
fold2_room1_mix0946,49,4,0,178,-1,21.57
fold2_room1_mix0946,50,2,0,-93,-1,14.79
fold2_room1_mix0946,50,4,0,174,-1,20.51
fold2_room1_mix0946,51,2,0,-91,-1,15.08
fold2_room1_mix0946,51,4,0,175,-1,19.40
fold2_room1_mix0946,52,2,0,-93,-1,15.08
fold2_room1_mix0946,52,4,0,177,-2,17.65
fold2_room1_mix0946,53,2,0,-96,-1,15.38
fold2_room1_mix0946,53,4,0,177,-3,15.71
fold2_room1_mix0946,54,2,0,-94,-1,15.35
fold2_room1_mix0946,54,4,0,176,-3,14.19
fold2_room1_mix0946,55,4,0,175,-2,12.93
fold2_room1_mix0946,56,4,0,176,-3,10.94
fold2_room1_mix0946,57,4,0,174,-4,9.73
fold2_room1_mix0946,58,4,0,171,-4,8.42
fold2_room1_mix0946,59,4,0,168,-5,7.23
fold2_room1_mix0946,60,2,0,-98,-2,14.13
fold2_room1_mix0946,60,4,0,167,-6,5.94
fold2_room1_mix0946,61,2,0,-100,-1,13.76
fold2_room1_mix0946,61,4,0,165,-8,4.48
fold2_room1_mix0946,62,2,0,-103,-2,13.31
fold2_room1_mix0946,62,4,0,156,-13,3.17
fold2_room1_mix0946,63,2,0,-100,-2,13.40
fold2_room1_mix0946,63,4,0,133,-25,2.40
fold2_room1_mix0946,64,2,0,-98,-2,13.21
fold2_room1_mix0946,64,4,0,66,-27,1.69
fold2_room1_mix0946,65,4,0,29,-14,2.09
fold2_room1_mix0946,66,4,0,18,-11,2.61
fold2_room1_mix0946,67,4,0,14,-7,3.71
fold2_room1_mix0946,68,4,0,13,-6,4.88
fold2_room1_mix0946,69,4,0,10,-5,6.12
fold2_room1_mix0946,70,2,0,-102,-2,13.32
fold2_room1_mix0946,70,4,0,9,-5,7.20
fold2_room1_mix0946,71,2,0,-100,-2,12.73
fold2_room1_mix0946,71,4,0,8,-4,8.29
fold2_room1_mix0946,72,2,0,-94,-1,15.37
fold2_room1_mix0946,72,4,0,6,-3,9.66
fold2_room1_mix0946,73,2,0,-96,-1,15.08
fold2_room1_mix0946,73,4,0,6,-3,10.93
fold2_room1_mix0946,74,2,0,-90,-2,14.98
fold2_room1_mix0946,74,4,0,5,-3,11.16
fold2_room1_mix0946,75,4,0,4,-3,12.01
fold2_room1_mix0946,76,4,0,3,-3,12.80
fold2_room1_mix0946,77,4,0,3,-2,13.40
fold2_room1_mix0946,78,4,0,3,-2,14.44
fold2_room1_mix0946,79,2,0,-99,-2,12.41
fold2_room1_mix0946,79,4,0,5,-2,17.06
fold2_room1_mix0946,80,2,0,-100,-2,15.22
fold2_room1_mix0946,80,4,0,4,-2,17.53
fold2_room1_mix0946,81,2,0,-101,-1,14.85
fold2_room1_mix0946,81,4,0,4,-2,18.60
fold2_room1_mix0946,82,2,0,-102,-1,15.46
fold2_room1_mix0946,82,4,0,4,-2,20.73
fold2_room1_mix0946,83,2,0,-100,-1,16.06
fold2_room1_mix0946,83,4,0,3,-2,20.89
fold2_room1_mix0946,84,2,0,-94,-2,16.28
fold2_room1_mix0946,84,4,0,4,-1,22.50
fold2_room1_mix0946,85,4,0,3,-1,24.13
fold2_room1_mix0946,86,4,0,1,-1,23.59
fold2_room1_mix0946,87,4,0,2,-1,23.62
fold2_room1_mix0946,88,4,0,3,-1,26.89
fold2_room1_mix0946,89,4,0,3,-1,27.52
fold2_room1_mix0946,90,4,0,3,-1,29.38
fold2_room1_mix0946,91,4,0,4,-1,30.88
fold2_room1_mix0946,92,4,0,3,-1,31.34
fold2_room1_mix0946,93,4,0,3,-1,32.57
fold2_room1_mix0946,94,4,0,3,-1,31.19
fold2_room1_mix0946,95,4,0,2,-1,31.83
fold2_room1_mix0946,96,4,0,2,-1,31.82
fold2_room1_mix0946,97,4,0,3,0,34.81
fold2_room1_mix0946,98,4,0,4,0,38.64
fold2_room1_mix0946,99,4,0,3,-1,35.11
fold2_room1_mix0947,55,4,0,176,-1,7.66
fold2_room1_mix0947,56,4,0,175,-1,9.76
fold2_room1_mix0947,57,4,0,174,-1,13.66
fold2_room1_mix0947,58,4,0,172,-1,14.15
fold2_room1_mix0947,59,4,0,171,-1,15.16
fold2_room1_mix0947,60,4,0,174,-1,15.31
fold2_room1_mix0947,61,4,0,174,-1,14.77
fold2_room1_mix0947,62,4,0,175,-2,14.04
fold2_room1_mix0947,63,4,0,173,-2,14.17
fold2_room1_mix0947,64,4,0,173,-2,12.87
fold2_room1_mix0947,65,4,0,172,-2,11.93
fold2_room1_mix0947,66,4,0,171,-2,11.57
fold2_room1_mix0947,67,4,0,169,-3,10.67
fold2_room1_mix0947,68,4,0,168,-3,9.81
fold2_room1_mix0947,69,4,0,165,-3,8.66
fold2_room1_mix0947,70,4,0,166,-4,7.90
fold2_room1_mix0947,71,4,0,161,-4,6.95
fold2_room1_mix0947,72,4,0,159,-5,5.57
fold2_room1_mix0947,73,4,0,158,-5,4.75
fold2_room1_mix0947,74,4,0,154,-7,3.81
fold2_room1_mix0947,75,4,0,145,-8,3.07
fold2_room1_mix0947,76,4,0,135,-10,2.50
fold2_room1_mix0947,77,4,0,112,-14,2.09
fold2_room1_mix0947,78,4,0,80,-12,1.76
fold2_room1_mix0947,79,4,0,52,-7,1.86
fold2_room1_mix0947,80,4,0,37,-6,2.38
fold2_room1_mix0947,81,4,0,25,-4,3.33
fold2_room1_mix0947,82,4,0,23,-4,4.06
fold2_room1_mix0947,83,4,0,19,-3,4.72
fold2_room1_mix0947,84,4,0,16,-3,5.83
fold2_room1_mix0947,85,4,0,15,-3,6.70
fold2_room1_mix0947,86,4,0,13,-2,7.98
fold2_room1_mix0947,87,4,0,12,-2,9.04
fold2_room1_mix0947,88,4,0,12,-2,9.99
fold2_room1_mix0947,89,4,0,11,-2,10.81
fold2_room1_mix0947,90,4,0,9,-1,11.93
fold2_room1_mix0947,91,4,0,10,-1,12.33
fold2_room1_mix0947,92,4,0,10,-1,13.25
fold2_room1_mix0947,93,4,0,9,-1,13.86
fold2_room1_mix0947,94,4,0,9,-1,14.37
fold2_room1_mix0947,95,4,0,8,-1,14.89
fold2_room1_mix0947,96,4,0,8,-1,14.16
fold2_room1_mix0947,97,4,0,7,-1,16.11
fold2_room1_mix0947,98,4,0,6,-1,10.94
fold2_room1_mix0948,1,4,0,-177,0,1.08
fold2_room1_mix0948,3,4,0,-174,1,4.04
fold2_room1_mix0948,3,4,0,-4,1,3.88
fold2_room1_mix0948,4,4,0,-173,0,16.71
fold2_room1_mix0948,4,4,0,1,0,20.92
fold2_room1_mix0948,5,4,0,-172,0,14.84
fold2_room1_mix0948,5,4,0,1,1,18.54
fold2_room1_mix0948,6,4,0,-172,0,18.36
fold2_room1_mix0948,6,4,0,0,0,23.86
fold2_room1_mix0948,7,4,0,-169,0,29.50
fold2_room1_mix0948,7,4,0,1,0,42.09
fold2_room1_mix0948,8,4,0,-169,0,28.61
fold2_room1_mix0948,8,4,0,0,0,42.86
fold2_room1_mix0948,9,4,0,-169,-1,31.70
fold2_room1_mix0948,9,4,0,1,0,48.50
fold2_room1_mix0948,10,4,0,-172,0,31.07
fold2_room1_mix0948,10,4,0,1,0,47.14
fold2_room1_mix0948,11,4,0,-164,0,29.59
fold2_room1_mix0948,11,4,0,-2,0,39.86
fold2_room1_mix0948,12,4,0,-166,0,27.93
fold2_room1_mix0948,12,4,0,0,0,39.38
fold2_room1_mix0948,13,4,0,-164,-1,26.89
fold2_room1_mix0948,13,4,0,0,0,39.63
fold2_room1_mix0948,14,4,0,-163,-1,27.38
fold2_room1_mix0948,14,4,0,0,0,38.44
fold2_room1_mix0948,15,4,0,-161,-1,25.81
fold2_room1_mix0948,15,4,0,0,0,35.89
fold2_room1_mix0948,16,4,0,-164,0,27.01
fold2_room1_mix0948,16,4,0,0,0,36.86
fold2_room1_mix0948,17,4,0,-162,-1,26.72
fold2_room1_mix0948,17,4,0,0,0,36.23
fold2_room1_mix0948,18,4,0,-162,-1,26.76
fold2_room1_mix0948,18,4,0,0,0,36.73
fold2_room1_mix0948,19,4,0,-159,0,23.99
fold2_room1_mix0948,19,4,0,0,0,29.19
fold2_room1_mix0948,20,4,0,-161,0,24.85
fold2_room1_mix0948,20,4,0,0,0,34.92
fold2_room1_mix0948,21,4,0,-159,0,26.02
fold2_room1_mix0948,21,4,0,0,0,33.42
fold2_room1_mix0948,22,4,0,-160,0,25.90
fold2_room1_mix0948,22,4,0,-2,0,31.74
fold2_room1_mix0948,23,4,0,-170,0,29.59
fold2_room1_mix0948,23,4,0,-155,0,20.68
fold2_room1_mix0948,23,4,0,-1,0,31.48
fold2_room1_mix0948,24,4,0,-162,0,25.68
fold2_room1_mix0948,24,4,0,0,0,34.22
fold2_room1_mix0948,25,4,0,-169,0,30.95
fold2_room1_mix0948,25,4,0,-153,-1,20.44
fold2_room1_mix0948,25,4,0,-2,0,32.62
fold2_room1_mix0948,26,4,0,-164,-1,25.22
fold2_room1_mix0948,26,4,0,0,0,35.55
fold2_room1_mix0948,27,4,0,-160,0,26.42
fold2_room1_mix0948,27,4,0,0,0,33.52
fold2_room1_mix0948,28,4,0,-170,0,31.55
fold2_room1_mix0948,28,4,0,-154,-1,19.77
fold2_room1_mix0948,28,4,0,-2,0,34.34
fold2_room1_mix0948,29,4,0,-162,-1,24.22
fold2_room1_mix0948,29,4,0,0,0,34.14
fold2_room1_mix0948,30,4,0,-174,0,29.67
fold2_room1_mix0948,30,4,0,-152,-2,17.66
fold2_room1_mix0948,30,4,0,-1,0,29.86
fold2_room1_mix0948,31,4,0,-161,-1,22.75
fold2_room1_mix0948,31,4,0,1,0,32.64
fold2_room1_mix0948,32,4,0,-169,0,27.68
fold2_room1_mix0948,32,4,0,-152,-1,18.06
fold2_room1_mix0948,32,4,0,-1,0,31.10
fold2_room1_mix0948,33,4,0,-169,0,28.66
fold2_room1_mix0948,33,4,0,-152,-1,18.16
fold2_room1_mix0948,33,4,0,0,0,33.32
fold2_room1_mix0948,34,4,0,-173,0,27.78
fold2_room1_mix0948,34,4,0,-153,-1,17.45
fold2_room1_mix0948,34,4,0,1,0,31.84
fold2_room1_mix0948,35,4,0,-170,0,26.65
fold2_room1_mix0948,35,4,0,-150,-1,17.43
fold2_room1_mix0948,35,4,0,0,0,31.30
fold2_room1_mix0948,36,4,0,-175,0,25.55
fold2_room1_mix0948,36,4,0,-151,-1,16.83
fold2_room1_mix0948,36,4,0,0,0,31.15
fold2_room1_mix0948,37,4,0,-175,0,25.26
fold2_room1_mix0948,37,4,0,-150,-1,16.80
fold2_room1_mix0948,37,4,0,0,0,32.21
fold2_room1_mix0948,38,4,0,-176,0,26.53
fold2_room1_mix0948,38,4,0,-149,-2,16.07
fold2_room1_mix0948,38,4,0,1,0,33.36
fold2_room1_mix0948,39,4,0,-178,0,25.23
fold2_room1_mix0948,39,4,0,-148,-1,15.43
fold2_room1_mix0948,39,4,0,3,0,29.12
fold2_room1_mix0948,40,4,0,179,0,24.74
fold2_room1_mix0948,40,4,0,-147,-2,15.66
fold2_room1_mix0948,40,4,0,2,0,29.50
fold2_room1_mix0948,41,4,0,179,0,23.46
fold2_room1_mix0948,41,4,0,-147,-2,14.66
fold2_room1_mix0948,41,4,0,4,0,31.72
fold2_room1_mix0948,42,4,0,-177,0,22.99
fold2_room1_mix0948,42,4,0,-146,-2,14.48
fold2_room1_mix0948,42,4,0,5,0,32.54
fold2_room1_mix0948,43,4,0,-175,0,21.97
fold2_room1_mix0948,43,4,0,-147,-2,14.67
fold2_room1_mix0948,43,4,0,3,0,31.24
fold2_room1_mix0948,44,4,0,-178,0,23.95
fold2_room1_mix0948,44,4,0,-147,-2,14.70
fold2_room1_mix0948,44,4,0,3,0,30.77
fold2_room1_mix0948,45,4,0,-176,0,22.12
fold2_room1_mix0948,45,4,0,-147,-2,14.72
fold2_room1_mix0948,45,4,0,4,0,29.55
fold2_room1_mix0948,46,4,0,-176,0,22.34
fold2_room1_mix0948,46,4,0,-148,-2,14.67
fold2_room1_mix0948,46,4,0,3,0,31.38
fold2_room1_mix0948,47,4,0,-177,0,20.32
fold2_room1_mix0948,47,4,0,-145,-2,14.85
fold2_room1_mix0948,47,4,0,3,0,26.65
fold2_room1_mix0948,48,4,0,-175,0,19.67
fold2_room1_mix0948,48,4,0,-146,-2,14.37
fold2_room1_mix0948,48,4,0,4,0,26.51
fold2_room1_mix0948,49,4,0,-179,-1,15.38
fold2_room1_mix0948,49,4,0,-130,-2,14.97
fold2_room1_mix0948,49,4,0,7,0,23.94
fold2_room1_mix0948,50,4,0,-175,-1,15.53
fold2_room1_mix0948,50,4,0,-136,-2,14.00
fold2_room1_mix0948,50,4,0,8,-1,23.18
fold2_room1_mix0948,51,4,0,179,-2,13.91
fold2_room1_mix0948,51,4,0,-125,-2,14.03
fold2_room1_mix0948,51,4,0,9,-1,21.18
fold2_room1_mix0948,52,4,0,-176,-2,12.64
fold2_room1_mix0948,52,4,0,-130,-2,13.55
fold2_room1_mix0948,52,4,0,4,-1,21.95
fold2_room1_mix0948,53,4,0,-175,-3,11.42
fold2_room1_mix0948,53,4,0,-106,-3,13.42
fold2_room1_mix0948,53,4,0,5,-1,21.44
fold2_room1_mix0948,54,4,0,174,-3,11.46
fold2_room1_mix0948,54,4,0,-137,-2,12.86
fold2_room1_mix0948,54,4,0,1,-1,20.20
fold2_room1_mix0948,55,4,0,171,-4,9.18
fold2_room1_mix0948,55,4,0,-130,-1,12.60
fold2_room1_mix0948,55,4,0,-3,-1,20.02
fold2_room1_mix0948,56,4,0,172,-5,8.39
fold2_room1_mix0948,56,4,0,-133,-1,13.49
fold2_room1_mix0948,56,4,0,1,-2,19.44
fold2_room1_mix0948,57,4,0,165,-6,6.45
fold2_room1_mix0948,57,4,0,-128,-1,11.76
fold2_room1_mix0948,57,4,0,0,-1,18.28
fold2_room1_mix0948,58,4,0,167,-6,6.64
fold2_room1_mix0948,58,4,0,-126,-2,12.14
fold2_room1_mix0948,58,4,0,9,-2,18.46
fold2_room1_mix0948,59,4,0,166,-7,5.29
fold2_room1_mix0948,59,4,0,-128,-1,12.43
fold2_room1_mix0948,59,4,0,4,-3,16.35
fold2_room1_mix0948,60,4,0,163,-10,4.29
fold2_room1_mix0948,60,4,0,-120,-1,11.97
fold2_room1_mix0948,60,4,0,9,-3,16.78
fold2_room1_mix0948,61,4,0,159,-11,3.66
fold2_room1_mix0948,61,4,0,-126,-1,12.89
fold2_room1_mix0948,61,4,0,0,-4,15.49
fold2_room1_mix0948,62,4,0,153,-12,3.28
fold2_room1_mix0948,62,4,0,-129,-1,12.27
fold2_room1_mix0948,62,4,0,-3,-4,14.81
fold2_room1_mix0948,63,4,0,149,-15,2.35
fold2_room1_mix0948,63,4,0,-120,-1,13.06
fold2_room1_mix0948,63,4,0,6,-4,15.52
fold2_room1_mix0948,64,4,0,141,-20,1.49
fold2_room1_mix0948,64,4,0,-119,-1,14.45
fold2_room1_mix0948,64,4,0,7,-6,13.13
fold2_room1_mix0948,65,4,0,101,-31,1.11
fold2_room1_mix0948,65,4,0,-93,-6,11.41
fold2_room1_mix0948,65,4,0,11,-9,9.72
fold2_room1_mix0948,66,4,0,17,-39,4.47
fold2_room1_mix0948,66,4,0,-13,-24,6.21
fold2_room1_mix0948,66,4,0,-12,-7,11.81
fold2_room1_mix0948,67,4,0,-14,-22,6.44
fold2_room1_mix0948,67,4,0,11,-18,4.18
fold2_room1_mix0948,67,4,0,-10,-5,10.20
fold2_room1_mix0948,68,4,0,-77,-6,9.27
fold2_room1_mix0948,68,4,0,0,-11,5.24
fold2_room1_mix0948,69,4,0,-80,-6,8.59
fold2_room1_mix0948,69,4,0,-10,-10,5.70
fold2_room1_mix0948,69,4,0,5,-8,6.06
fold2_room1_mix0948,70,4,0,-85,-4,10.76
fold2_room1_mix0948,70,4,0,-1,-7,7.08
fold2_room1_mix0948,71,4,0,-91,-3,10.48
fold2_room1_mix0948,71,4,0,2,-6,6.49
fold2_room1_mix0948,72,4,0,-92,-4,10.92
fold2_room1_mix0948,72,4,0,0,-6,7.33
fold2_room1_mix0948,73,4,0,-78,-5,9.40
fold2_room1_mix0948,73,4,0,0,-6,7.24
fold2_room1_mix0948,74,4,0,-73,-5,9.07
fold2_room1_mix0948,74,4,0,0,-7,6.19
fold2_room1_mix0948,75,4,0,-65,-4,7.81
fold2_room1_mix0948,75,4,0,-2,-6,6.72
fold2_room1_mix0948,76,4,0,-65,-6,5.53
fold2_room1_mix0948,76,4,0,-8,-6,7.49
fold2_room1_mix0948,77,4,0,-69,-7,4.56
fold2_room1_mix0948,77,4,0,-7,-6,7.25
fold2_room1_mix0948,78,4,0,-107,-7,3.82
fold2_room1_mix0948,78,4,0,-44,-7,5.54
fold2_room1_mix0948,78,4,0,0,0,14.04
fold2_room1_mix0948,79,4,0,-133,-8,3.36
fold2_room1_mix0948,79,4,0,-82,-3,5.76
fold2_room1_mix0948,79,4,0,8,1,17.25
fold2_room1_mix0948,80,4,0,-140,-6,3.53
fold2_room1_mix0948,80,4,0,-86,-3,6.77
fold2_room1_mix0948,80,4,0,-1,1,15.92
fold2_room1_mix0948,81,4,0,-149,-7,4.01
fold2_room1_mix0948,81,4,0,-65,-3,8.11
fold2_room1_mix0948,81,4,0,4,0,19.57
fold2_room1_mix0948,82,4,0,-153,-7,4.77
fold2_room1_mix0948,82,4,0,-65,-2,10.14
fold2_room1_mix0948,82,4,0,6,0,19.08
fold2_room1_mix0948,83,4,0,-157,-6,4.88
fold2_room1_mix0948,83,4,0,-65,-2,10.49
fold2_room1_mix0948,83,4,0,3,-1,17.86
fold2_room1_mix0948,84,4,0,-162,-5,6.05
fold2_room1_mix0948,84,4,0,-68,-3,10.59
fold2_room1_mix0948,84,4,0,4,0,20.39
fold2_room1_mix0948,85,4,0,-167,-5,6.51
fold2_room1_mix0948,85,4,0,-67,-4,10.32
fold2_room1_mix0948,85,4,0,0,-1,17.79
fold2_room1_mix0948,86,4,0,-171,-5,6.94
fold2_room1_mix0948,86,4,0,-75,-4,10.08
fold2_room1_mix0948,86,4,0,1,-1,19.83
fold2_room1_mix0948,87,4,0,-168,-4,7.48
fold2_room1_mix0948,87,4,0,-82,-4,9.89
fold2_room1_mix0948,87,4,0,2,0,20.18
fold2_room1_mix0948,88,4,0,-170,-4,9.19
fold2_room1_mix0948,88,4,0,-77,-4,10.34
fold2_room1_mix0948,88,4,0,1,0,21.10
fold2_room1_mix0948,89,4,0,-176,-3,10.71
fold2_room1_mix0948,89,4,0,-69,-4,10.61
fold2_room1_mix0948,89,4,0,0,0,23.81
fold2_room1_mix0948,90,4,0,-175,-3,11.16
fold2_room1_mix0948,90,4,0,-69,-4,10.88
fold2_room1_mix0948,90,4,0,1,0,23.82
fold2_room1_mix0948,91,4,0,-173,-3,13.13
fold2_room1_mix0948,91,4,0,-63,-5,11.26
fold2_room1_mix0948,91,4,0,1,0,28.77
fold2_room1_mix0948,92,4,0,-171,-3,11.98
fold2_room1_mix0948,92,4,0,-68,-5,10.31
fold2_room1_mix0948,92,4,0,4,0,33.81
fold2_room1_mix0948,93,4,0,-171,-2,13.53
fold2_room1_mix0948,93,4,0,-62,-4,10.98
fold2_room1_mix0948,93,4,0,2,0,31.58
fold2_room1_mix0948,94,4,0,-170,-2,14.80
fold2_room1_mix0948,94,4,0,-57,-4,11.71
fold2_room1_mix0948,94,4,0,2,0,34.33
fold2_room1_mix0948,95,4,0,-167,-2,15.97
fold2_room1_mix0948,95,4,0,-57,-4,11.89
fold2_room1_mix0948,95,4,0,2,0,35.22
fold2_room1_mix0948,96,4,0,-166,-2,17.44
fold2_room1_mix0948,96,4,0,-54,-5,11.83
fold2_room1_mix0948,96,4,0,2,0,35.15
fold2_room1_mix0948,97,4,0,-168,-1,19.55
fold2_room1_mix0948,97,4,0,-53,-4,13.17
fold2_room1_mix0948,97,4,0,3,0,37.01
fold2_room1_mix0948,98,4,0,-166,-2,19.76
fold2_room1_mix0948,98,4,0,-51,-4,13.78
fold2_room1_mix0948,98,4,0,0,0,35.18
fold2_room1_mix0948,99,4,0,-167,-2,20.24
fold2_room1_mix0948,99,4,0,-44,-3,15.03
fold2_room1_mix0948,99,4,0,1,0,34.56
fold2_room1_mix0950,28,1,0,166,-3,4.71
fold2_room1_mix0950,30,1,0,155,-2,29.45
fold2_room1_mix0950,31,1,0,156,-2,29.23
fold2_room1_mix0950,32,1,0,159,-2,34.47
fold2_room1_mix0950,33,1,0,161,-2,4.49
fold2_room1_mix0950,34,1,0,155,-2,26.87
fold2_room1_mix0950,35,1,0,157,-2,25.71
fold2_room1_mix0950,36,1,0,152,-1,32.19
fold2_room1_mix0950,37,1,0,151,-2,25.17
fold2_room1_mix0950,39,1,0,145,-2,28.14
fold2_room1_mix0950,40,1,0,146,-2,19.33
fold2_room1_mix0950,41,1,0,145,-2,28.65
fold2_room1_mix0950,41,4,0,-4,0,1.86
fold2_room1_mix0950,42,4,0,-15,-1,7.93
fold2_room1_mix0950,43,1,0,130,-3,19.86
fold2_room1_mix0950,44,1,0,139,-2,20.96
fold2_room1_mix0950,44,4,0,-2,-3,9.75
fold2_room1_mix0950,45,1,0,132,-2,20.78
fold2_room1_mix0950,45,4,0,-17,-2,7.65
fold2_room1_mix0950,46,1,0,125,-2,20.44
fold2_room1_mix0950,46,4,0,-12,-4,5.70
fold2_room1_mix0950,47,4,0,-18,-3,11.60
fold2_room1_mix0950,48,1,0,102,-3,8.68
fold2_room1_mix0950,48,4,0,-18,-2,8.34
fold2_room1_mix0950,49,1,0,105,-3,14.50
fold2_room1_mix0950,49,4,0,-13,-4,5.32
fold2_room1_mix0950,50,1,0,95,-3,15.32
fold2_room1_mix0950,50,4,0,-22,-2,8.86
fold2_room1_mix0950,51,1,0,69,-3,13.69
fold2_room1_mix0950,51,4,0,-16,-2,7.41
fold2_room1_mix0950,52,4,0,-19,-4,9.30
fold2_room1_mix0950,53,1,0,80,-3,10.64
fold2_room1_mix0950,53,4,0,-25,-3,7.43
fold2_room1_mix0950,54,1,0,58,-3,16.01
fold2_room1_mix0950,54,4,0,-23,-4,7.58
fold2_room1_mix0950,55,1,0,55,-3,17.69
fold2_room1_mix0950,55,4,0,-16,-4,7.42
fold2_room1_mix0950,56,1,0,64,-3,12.24
fold2_room1_mix0950,56,4,0,-24,-2,5.97
fold2_room1_mix0950,57,4,0,-20,-6,5.87
fold2_room1_mix0950,58,1,0,50,-2,13.40
fold2_room1_mix0950,58,4,0,-30,-5,5.20
fold2_room1_mix0950,59,1,0,36,-3,18.04
fold2_room1_mix0950,59,4,0,-20,-4,5.74
fold2_room1_mix0950,60,1,0,32,-3,13.90
fold2_room1_mix0950,60,4,0,-17,-5,5.46
fold2_room1_mix0950,61,4,0,-29,-5,4.97
fold2_room1_mix0950,62,4,0,-30,-8,3.65
fold2_room1_mix0950,63,1,0,35,-2,10.66
fold2_room1_mix0950,63,4,0,-42,-7,3.20
fold2_room1_mix0950,64,1,0,23,-3,14.86
fold2_room1_mix0950,64,4,0,-47,-8,2.97
fold2_room1_mix0950,65,1,0,3,-3,7.34
fold2_room1_mix0950,65,4,0,-47,-9,2.65
fold2_room1_mix0950,66,4,0,-69,-11,3.03
fold2_room1_mix0950,67,4,0,-71,-15,2.29
fold2_room1_mix0950,68,4,0,-75,-14,2.33
fold2_room1_mix0950,69,4,0,-93,-10,2.21
fold2_room1_mix0950,70,4,0,-106,-12,2.22
fold2_room1_mix0950,71,4,0,-124,-11,2.81
fold2_room1_mix0950,72,4,0,-134,-8,3.16
fold2_room1_mix0950,73,1,0,8,-2,10.51
fold2_room1_mix0950,73,4,0,-139,-7,3.39
fold2_room1_mix0950,74,1,0,17,-3,20.19
fold2_room1_mix0950,74,4,0,-139,-7,3.24
fold2_room1_mix0950,75,4,0,-146,-6,4.46
fold2_room1_mix0950,76,4,0,-149,-6,4.73
fold2_room1_mix0950,77,4,0,-151,-6,4.87
fold2_room1_mix0950,78,4,0,-153,-5,5.58
fold2_room1_mix0950,79,4,0,-156,-5,6.57
fold2_room1_mix0950,80,4,0,-157,-4,6.61
fold2_room1_mix0950,81,4,0,-159,-4,7.24
fold2_room1_mix0950,82,4,0,-160,-3,8.43
fold2_room1_mix0950,83,4,0,-162,-3,8.65
fold2_room1_mix0950,84,4,0,-163,-3,9.04
fold2_room1_mix0950,85,4,0,-164,-2,9.72
fold2_room1_mix0950,86,4,0,-163,-2,10.30
fold2_room1_mix0950,87,4,0,-165,-2,10.32
fold2_room1_mix0950,88,4,0,-166,-2,11.12
fold2_room1_mix0950,89,4,0,-165,-2,10.91
fold2_room1_mix0950,90,4,0,-167,-2,11.24
fold2_room1_mix0950,91,4,0,-168,-2,12.04
fold2_room1_mix0950,92,4,0,-170,-2,13.21
fold2_room1_mix0950,93,4,0,-170,-1,13.18
fold2_room1_mix0950,94,4,0,-168,-2,12.63
fold2_room1_mix0950,95,4,0,-170,-1,14.96
fold2_room1_mix0950,96,4,0,-168,-2,14.30
fold2_room1_mix0950,97,4,0,-169,-2,12.30
fold2_room1_mix0950,98,4,0,-168,-2,14.96
fold2_room1_mix0950,99,4,0,-168,-1,13.78
fold2_room1_mix0952,52,2,0,111,-5,5.46
fold2_room1_mix0952,53,2,0,111,-7,5.01
fold2_room1_mix0952,54,2,0,114,-6,5.79
fold2_room1_mix0952,58,1,0,-57,-3,10.05
fold2_room1_mix0952,59,1,0,-56,-4,11.16
fold2_room1_mix0952,60,1,0,-59,-4,8.10
fold2_room1_mix0952,61,1,0,-64,-4,9.46
fold2_room1_mix0952,61,2,0,106,-6,3.91
fold2_room1_mix0952,62,1,0,-72,-4,3.00
fold2_room1_mix0952,62,2,0,112,-5,5.39
fold2_room1_mix0952,63,1,0,-72,-4,8.50
fold2_room1_mix0952,63,2,0,126,-5,6.41
fold2_room1_mix0952,64,1,0,-105,-4,10.19
fold2_room1_mix0952,64,2,0,112,-6,5.66
fold2_room1_mix0952,65,1,0,-110,-4,8.29
fold2_room1_mix0952,65,2,0,104,-4,1.68
fold2_room1_mix0952,66,1,0,-121,-4,11.33
fold2_room1_mix0952,67,1,0,-129,-4,10.05
fold2_room1_mix0952,69,1,0,-133,-3,11.24
fold2_room1_mix0952,70,1,0,-147,-3,14.69
fold2_room1_mix0952,70,2,0,109,-5,4.41
fold2_room1_mix0952,71,1,0,-148,-2,17.21
fold2_room1_mix0952,71,2,0,122,-4,7.21
fold2_room1_mix0952,72,1,0,-153,-2,18.41
fold2_room1_mix0952,72,2,0,115,-4,7.34
fold2_room1_mix0952,73,2,0,112,-5,4.56
fold2_room1_mix0952,74,1,0,-153,-3,9.72
fold2_room1_mix0952,74,2,0,118,-4,8.11
fold2_room1_mix0952,75,1,0,-158,-3,19.03
fold2_room1_mix0952,76,1,0,-156,-2,19.59
fold2_room1_mix0952,77,1,0,-157,-2,20.89
fold2_room1_mix0952,78,1,0,-158,-2,18.61
fold2_room1_mix0952,79,2,0,123,-4,8.11
fold2_room1_mix0952,80,1,0,-159,-2,15.29
fold2_room1_mix0952,80,2,0,114,-4,9.37
fold2_room1_mix0952,81,1,0,-159,-2,23.60
fold2_room1_mix0952,81,2,0,115,-3,10.30
fold2_room1_mix0952,82,1,0,-162,-2,18.88
fold2_room1_mix0952,82,2,0,116,-3,10.63
fold2_room1_mix0952,83,1,0,-159,-2,22.48
fold2_room1_mix0952,83,2,0,119,-3,9.70
fold2_room1_mix0952,84,1,0,-166,-1,2.51
fold2_room1_mix0952,84,2,0,120,-3,10.01
fold2_room1_mix0953,0,5,0,-22,4,3.10
fold2_room1_mix0953,1,5,0,-29,4,13.70
fold2_room1_mix0953,2,4,0,177,1,1.56
fold2_room1_mix0953,2,5,0,-22,4,9.40
fold2_room1_mix0953,3,4,0,175,0,5.94
fold2_room1_mix0953,3,5,0,-29,4,7.14
fold2_room1_mix0953,4,4,0,178,0,14.56
fold2_room1_mix0953,4,5,0,-18,5,12.23
fold2_room1_mix0953,5,4,0,174,0,15.81
fold2_room1_mix0953,5,5,0,-20,5,10.30
fold2_room1_mix0953,6,4,0,176,0,17.72
fold2_room1_mix0953,6,5,0,-27,4,11.50
fold2_room1_mix0953,7,4,0,175,-2,25.66
fold2_room1_mix0953,7,4,0,5,-1,32.12
fold2_room1_mix0953,7,5,0,-24,4,10.68
fold2_room1_mix0953,8,4,0,173,-1,25.49
fold2_room1_mix0953,8,4,0,9,0,32.37
fold2_room1_mix0953,8,5,0,-15,5,8.55
fold2_room1_mix0953,9,4,0,175,0,26.71
fold2_room1_mix0953,9,5,0,-26,5,9.97
fold2_room1_mix0953,10,4,0,176,-1,23.08
fold2_room1_mix0953,10,5,0,-24,5,8.03
fold2_room1_mix0953,11,4,0,173,-1,22.74
fold2_room1_mix0953,11,4,0,5,0,30.38
fold2_room1_mix0953,11,5,0,-22,5,8.55
fold2_room1_mix0953,12,4,0,175,0,24.05
fold2_room1_mix0953,12,4,0,6,0,29.78
fold2_room1_mix0953,12,5,0,-22,5,9.47
fold2_room1_mix0953,13,4,0,174,0,25.38
fold2_room1_mix0953,13,5,0,-23,6,7.63
fold2_room1_mix0953,14,4,0,174,-1,25.00
fold2_room1_mix0953,14,5,0,-26,5,8.29
fold2_room1_mix0953,15,4,0,175,-1,22.59
fold2_room1_mix0953,15,4,0,4,0,32.16
fold2_room1_mix0953,15,5,0,-25,5,8.94
fold2_room1_mix0953,16,4,0,174,-1,21.98
fold2_room1_mix0953,16,4,0,2,0,31.78
fold2_room1_mix0953,16,5,0,-24,6,7.50
fold2_room1_mix0953,17,4,0,176,0,23.28
fold2_room1_mix0953,17,5,0,-24,5,8.96
fold2_room1_mix0953,18,4,0,174,-1,23.22
fold2_room1_mix0953,18,4,0,3,0,31.75
fold2_room1_mix0953,18,5,0,-29,5,7.86
fold2_room1_mix0953,19,4,0,173,-1,24.27
fold2_room1_mix0953,19,4,0,0,0,34.13
fold2_room1_mix0953,19,5,0,-28,5,9.01
fold2_room1_mix0953,20,4,0,176,-1,23.47
fold2_room1_mix0953,20,4,0,1,0,33.92
fold2_room1_mix0953,20,5,0,-25,5,8.27
fold2_room1_mix0953,21,4,0,172,-1,23.93
fold2_room1_mix0953,21,4,0,3,0,29.39
fold2_room1_mix0953,21,5,0,-28,6,7.05
fold2_room1_mix0953,22,4,0,175,-2,23.40
fold2_room1_mix0953,22,4,0,3,-1,30.79
fold2_room1_mix0953,22,5,0,-31,5,8.75
fold2_room1_mix0953,23,4,0,175,-2,23.66
fold2_room1_mix0953,23,4,0,1,-1,28.16
fold2_room1_mix0953,23,5,0,-29,6,7.45
fold2_room1_mix0953,24,4,0,175,-1,22.44
fold2_room1_mix0953,24,4,0,2,0,29.76
fold2_room1_mix0953,24,5,0,-28,6,6.90
fold2_room1_mix0953,25,4,0,173,-1,22.67
fold2_room1_mix0953,25,4,0,0,0,29.30
fold2_room1_mix0953,25,5,0,-33,5,8.50
fold2_room1_mix0953,26,4,0,176,-1,23.57
fold2_room1_mix0953,26,4,0,1,0,33.55
fold2_room1_mix0953,26,5,0,-31,6,7.75
fold2_room1_mix0953,27,4,0,173,-1,24.51
fold2_room1_mix0953,27,4,0,0,-1,34.17
fold2_room1_mix0953,27,5,0,-31,7,6.56
fold2_room1_mix0953,28,4,0,174,-1,23.95
fold2_room1_mix0953,28,4,0,1,0,33.80
fold2_room1_mix0953,28,5,0,-31,6,6.72
fold2_room1_mix0953,29,4,0,174,-1,24.49
fold2_room1_mix0953,29,4,0,2,0,30.45
fold2_room1_mix0953,29,5,0,-30,7,6.00
fold2_room1_mix0953,30,4,0,174,-1,21.21
fold2_room1_mix0953,30,4,0,3,0,33.99
fold2_room1_mix0953,30,5,0,-34,6,7.12
fold2_room1_mix0953,31,4,0,174,-1,23.23
fold2_room1_mix0953,31,4,0,0,0,31.92
fold2_room1_mix0953,31,5,0,-31,6,8.44
fold2_room1_mix0953,32,4,0,173,-1,23.91
fold2_room1_mix0953,32,4,0,-1,-1,32.66
fold2_room1_mix0953,32,5,0,-31,6,7.80
fold2_room1_mix0953,33,4,0,174,-1,22.27
fold2_room1_mix0953,33,4,0,1,0,34.10
fold2_room1_mix0953,33,5,0,-32,5,8.15
fold2_room1_mix0953,34,4,0,173,-1,20.33
fold2_room1_mix0953,34,4,0,2,0,31.99
fold2_room1_mix0953,34,5,0,-33,6,7.35
fold2_room1_mix0953,35,4,0,173,-1,18.94
fold2_room1_mix0953,35,4,0,1,0,32.94
fold2_room1_mix0953,35,5,0,-35,5,8.56
fold2_room1_mix0953,36,4,0,175,-1,20.15
fold2_room1_mix0953,36,4,0,3,-1,31.78
fold2_room1_mix0953,36,5,0,-33,6,7.51
fold2_room1_mix0953,37,4,0,173,-1,18.88
fold2_room1_mix0953,37,4,0,4,-1,29.59
fold2_room1_mix0953,37,5,0,-34,5,7.93
fold2_room1_mix0953,38,4,0,176,-1,18.14
fold2_room1_mix0953,38,5,0,-37,5,8.40
fold2_room1_mix0953,39,4,0,176,-2,16.67
fold2_room1_mix0953,39,4,0,5,0,31.00
fold2_room1_mix0953,39,5,0,-36,6,7.71
fold2_room1_mix0953,40,4,0,175,-1,21.09
fold2_room1_mix0953,40,4,0,14,-1,34.01
fold2_room1_mix0953,40,5,0,-39,6,7.71
fold2_room1_mix0953,41,4,0,174,-2,17.37
fold2_room1_mix0953,41,4,0,11,-1,34.17
fold2_room1_mix0953,41,5,0,-38,5,8.39
fold2_room1_mix0953,42,4,0,177,-2,16.07
fold2_room1_mix0953,42,4,0,18,-2,36.87
fold2_room1_mix0953,42,5,0,-39,6,6.98
fold2_room1_mix0953,43,4,0,178,-2,15.13
fold2_room1_mix0953,43,4,0,11,-1,27.90
fold2_room1_mix0953,43,5,0,-40,6,7.39
fold2_room1_mix0953,44,4,0,-175,-1,15.81
fold2_room1_mix0953,44,4,0,17,-2,34.28
fold2_room1_mix0953,44,5,0,-42,6,6.99
fold2_room1_mix0953,45,4,0,-179,-2,15.27
fold2_room1_mix0953,45,4,0,15,-2,26.28
fold2_room1_mix0953,45,5,0,-42,7,5.80
fold2_room1_mix0953,46,4,0,177,-2,14.80
fold2_room1_mix0953,46,4,0,13,-2,25.02
fold2_room1_mix0953,46,5,0,-46,6,7.24
fold2_room1_mix0953,47,4,0,177,-3,14.50
fold2_room1_mix0953,47,4,0,17,-2,26.18
fold2_room1_mix0953,47,5,0,-43,6,7.46
fold2_room1_mix0953,48,4,0,176,-2,13.92
fold2_room1_mix0953,48,4,0,17,-2,23.75
fold2_room1_mix0953,48,5,0,-45,6,6.55
fold2_room1_mix0953,49,4,0,178,-3,13.35
fold2_room1_mix0953,49,4,0,18,-2,23.78
fold2_room1_mix0953,49,5,0,-40,6,7.80
fold2_room1_mix0953,50,4,0,178,-3,13.02
fold2_room1_mix0953,50,4,0,22,-2,22.54
fold2_room1_mix0953,50,5,0,-49,6,6.39
fold2_room1_mix0953,51,4,0,177,-3,12.10
fold2_room1_mix0953,51,4,0,22,-2,20.87
fold2_room1_mix0953,51,5,0,-46,6,7.30
fold2_room1_mix0953,52,4,0,177,-2,11.88
fold2_room1_mix0953,52,4,0,26,-2,19.93
fold2_room1_mix0953,52,5,0,-49,7,6.06
fold2_room1_mix0953,53,4,0,175,-3,11.69
fold2_room1_mix0953,53,4,0,34,-2,21.18
fold2_room1_mix0953,53,5,0,-51,7,5.19
fold2_room1_mix0953,54,4,0,177,-4,10.37
fold2_room1_mix0953,54,4,0,30,-1,22.63
fold2_room1_mix0953,54,5,0,-56,7,6.36
fold2_room1_mix0953,55,4,0,-178,-3,11.88
fold2_room1_mix0953,55,4,0,34,-3,16.34
fold2_room1_mix0953,55,5,0,-52,7,5.67
fold2_room1_mix0953,56,4,0,-178,-3,10.06
fold2_room1_mix0953,56,4,0,33,-1,21.54
fold2_room1_mix0953,56,5,0,-58,8,5.04
fold2_room1_mix0953,57,4,0,-179,-4,9.13
fold2_room1_mix0953,57,4,0,45,-1,18.17
fold2_room1_mix0953,57,5,0,-54,7,5.89
fold2_room1_mix0953,58,4,0,-178,-4,9.18
fold2_room1_mix0953,58,4,0,36,-1,21.08
fold2_room1_mix0953,58,5,0,-58,8,5.33
fold2_room1_mix0953,59,4,0,179,-4,9.16
fold2_room1_mix0953,59,4,0,39,-1,20.69
fold2_room1_mix0953,59,5,0,-60,8,5.12
fold2_room1_mix0953,60,4,0,174,-4,8.59
fold2_room1_mix0953,60,4,0,41,-1,21.49
fold2_room1_mix0953,60,5,0,-60,8,4.71
fold2_room1_mix0953,61,4,0,175,-5,7.61
fold2_room1_mix0953,61,4,0,44,-1,20.21
fold2_room1_mix0953,61,5,0,-61,9,4.31
fold2_room1_mix0953,62,4,0,175,-4,8.04
fold2_room1_mix0953,62,4,0,40,-1,19.75
fold2_room1_mix0953,62,5,0,-65,8,5.21
fold2_room1_mix0953,63,4,0,173,-5,6.80
fold2_room1_mix0953,63,4,0,46,-1,18.24
fold2_room1_mix0953,63,5,0,-58,9,5.15
fold2_room1_mix0953,64,4,0,175,-6,5.90
fold2_room1_mix0953,64,4,0,52,-2,15.11
fold2_room1_mix0953,64,5,0,-61,9,4.54
fold2_room1_mix0953,65,4,0,173,-6,6.01
fold2_room1_mix0953,65,4,0,55,-1,16.22
fold2_room1_mix0953,65,5,0,-63,9,4.90
fold2_room1_mix0953,66,4,0,177,-6,5.13
fold2_room1_mix0953,66,4,0,56,-1,14.97
fold2_room1_mix0953,66,5,0,-62,10,4.31
fold2_room1_mix0953,67,4,0,170,-7,4.61
fold2_room1_mix0953,67,4,0,56,0,16.50
fold2_room1_mix0953,67,5,0,-66,9,4.92
fold2_room1_mix0953,68,4,0,168,-7,4.15
fold2_room1_mix0953,68,4,0,61,0,15.27
fold2_room1_mix0953,68,5,0,-64,10,4.46
fold2_room1_mix0953,69,4,0,162,-8,3.97
fold2_room1_mix0953,69,4,0,61,-1,15.59
fold2_room1_mix0953,69,5,0,-67,11,4.00
fold2_room1_mix0953,70,4,0,163,-7,4.12
fold2_room1_mix0953,70,4,0,67,0,15.68
fold2_room1_mix0953,70,5,0,-67,9,4.92
fold2_room1_mix0953,71,4,0,161,-8,3.43
fold2_room1_mix0953,71,4,0,62,-1,15.31
fold2_room1_mix0953,71,5,0,-66,10,4.53
fold2_room1_mix0953,72,4,0,156,-9,3.26
fold2_room1_mix0953,72,4,0,72,0,15.91
fold2_room1_mix0953,72,5,0,-66,10,4.17
fold2_room1_mix0953,73,4,0,161,-12,2.81
fold2_room1_mix0953,73,4,0,104,0,13.63
fold2_room1_mix0953,73,5,0,-65,10,4.83
fold2_room1_mix0953,74,4,0,156,-11,2.39
fold2_room1_mix0953,74,4,0,86,0,14.25
fold2_room1_mix0953,74,5,0,-68,11,4.18
fold2_room1_mix0953,75,4,0,152,-14,2.17
fold2_room1_mix0953,75,4,0,112,1,13.48
fold2_room1_mix0953,75,5,0,-70,12,3.76
fold2_room1_mix0953,76,4,0,145,-15,1.90
fold2_room1_mix0953,76,4,0,115,1,12.63
fold2_room1_mix0953,76,5,0,-70,11,4.50
fold2_room1_mix0953,77,4,0,136,-16,1.88
fold2_room1_mix0953,77,4,0,110,0,11.46
fold2_room1_mix0953,77,5,0,-75,13,3.64
fold2_room1_mix0953,78,4,0,115,-21,1.41
fold2_room1_mix0953,78,4,0,97,-1,10.57
fold2_room1_mix0953,78,5,0,-73,10,4.51
fold2_room1_mix0953,79,4,0,89,-20,1.75
fold2_room1_mix0953,79,4,0,72,-7,6.51
fold2_room1_mix0953,79,5,0,-71,10,4.65
fold2_room1_mix0953,80,4,0,85,-10,4.46
fold2_room1_mix0953,80,4,0,55,-14,2.15
fold2_room1_mix0953,80,5,0,-76,12,4.32
fold2_room1_mix0953,81,4,0,92,-5,5.84
fold2_room1_mix0953,81,4,0,45,-10,1.93
fold2_room1_mix0953,81,5,0,-66,10,4.75
fold2_room1_mix0953,82,4,0,93,-2,7.71
fold2_room1_mix0953,82,4,0,33,-9,2.40
fold2_room1_mix0953,82,5,0,-63,10,4.60
fold2_room1_mix0953,83,4,0,87,-1,8.71
fold2_room1_mix0953,83,4,0,30,-8,2.48
fold2_room1_mix0953,83,5,0,-64,10,4.90
fold2_room1_mix0953,84,4,0,97,-2,9.74
fold2_room1_mix0953,84,4,0,26,-7,2.76
fold2_room1_mix0953,84,5,0,-68,11,4.25
fold2_room1_mix0953,85,4,0,83,-2,11.21
fold2_room1_mix0953,85,4,0,23,-7,3.06
fold2_room1_mix0953,85,5,0,-75,12,4.25
fold2_room1_mix0953,86,4,0,99,-2,10.31
fold2_room1_mix0953,86,4,0,19,-6,3.17
fold2_room1_mix0953,86,5,0,-71,10,4.57
fold2_room1_mix0953,87,4,0,117,-2,12.11
fold2_room1_mix0953,87,4,0,17,-6,3.69
fold2_room1_mix0953,87,5,0,-70,12,3.79
fold2_room1_mix0953,88,4,0,111,-2,11.56
fold2_room1_mix0953,88,4,0,17,-5,4.35
fold2_room1_mix0953,88,5,0,-72,14,3.30
fold2_room1_mix0953,89,4,0,136,-2,11.98
fold2_room1_mix0953,89,4,0,16,-5,4.61
fold2_room1_mix0953,89,5,0,-67,10,4.40
fold2_room1_mix0953,90,4,0,142,-1,14.79
fold2_room1_mix0953,90,4,0,14,-6,4.67
fold2_room1_mix0953,90,5,0,-73,10,4.40
fold2_room1_mix0953,91,4,0,145,-1,14.90
fold2_room1_mix0953,91,4,0,13,-5,5.36
fold2_room1_mix0953,91,5,0,-80,12,3.65
fold2_room1_mix0953,92,4,0,141,-1,14.38
fold2_room1_mix0953,92,4,0,14,-5,5.75
fold2_room1_mix0953,92,5,0,-78,13,3.46
fold2_room1_mix0953,93,4,0,144,-1,14.30
fold2_room1_mix0953,93,4,0,13,-5,6.14
fold2_room1_mix0953,93,5,0,-85,14,3.49
fold2_room1_mix0953,94,4,0,144,-2,13.57
fold2_room1_mix0953,94,4,0,12,-4,6.74
fold2_room1_mix0953,94,5,0,-84,11,4.03
fold2_room1_mix0953,95,4,0,139,-2,13.33
fold2_room1_mix0953,95,4,0,11,-5,6.94
fold2_room1_mix0953,95,5,0,-89,13,3.61
fold2_room1_mix0953,96,4,0,140,-2,14.39
fold2_room1_mix0953,96,4,0,11,-5,7.13
fold2_room1_mix0953,96,5,0,-88,13,3.51
fold2_room1_mix0953,97,4,0,146,-2,13.81
fold2_room1_mix0953,97,4,0,10,-4,8.07
fold2_room1_mix0953,97,5,0,-90,12,3.60
fold2_room1_mix0953,98,4,0,149,-2,15.68
fold2_room1_mix0953,98,4,0,10,-5,7.43
fold2_room1_mix0953,98,5,0,-89,14,3.31
fold2_room1_mix0953,99,4,0,151,-2,16.16
fold2_room1_mix0953,99,4,0,9,-4,8.63
fold2_room1_mix0953,99,5,0,-91,11,4.11
fold2_room1_mix0954,4,4,0,-179,0,2.71
fold2_room1_mix0954,5,4,0,178,0,10.80
fold2_room1_mix0954,6,4,0,177,0,9.82
fold2_room1_mix0954,7,4,0,179,0,15.39
fold2_room1_mix0954,8,4,0,179,0,19.62
fold2_room1_mix0954,9,4,0,178,0,23.94
fold2_room1_mix0954,10,4,0,177,0,27.00
fold2_room1_mix0954,11,4,0,177,0,29.76
fold2_room1_mix0954,12,4,0,177,0,30.79
fold2_room1_mix0954,13,4,0,177,0,30.87
fold2_room1_mix0954,14,4,0,177,0,30.92
fold2_room1_mix0954,15,4,0,177,0,33.60
fold2_room1_mix0954,16,4,0,178,0,34.55
fold2_room1_mix0954,17,4,0,178,0,32.36
fold2_room1_mix0954,18,4,0,178,0,34.82
fold2_room1_mix0954,19,4,0,178,0,36.33
fold2_room1_mix0954,20,4,0,178,0,37.06
fold2_room1_mix0954,21,4,0,178,0,37.05
fold2_room1_mix0954,22,4,0,178,0,37.03
fold2_room1_mix0954,23,4,0,178,0,37.19
fold2_room1_mix0954,24,4,0,178,0,37.10
fold2_room1_mix0954,25,4,0,179,0,38.90
fold2_room1_mix0954,26,4,0,179,0,39.31
fold2_room1_mix0954,27,4,0,179,0,41.44
fold2_room1_mix0954,28,4,0,-179,0,41.36
fold2_room1_mix0954,29,4,0,-179,0,40.77
fold2_room1_mix0954,30,4,0,-179,0,41.19
fold2_room1_mix0954,31,4,0,179,0,41.70
fold2_room1_mix0954,32,4,0,-179,0,41.20
fold2_room1_mix0954,33,4,0,-179,0,40.96
fold2_room1_mix0954,34,4,0,179,0,41.79
fold2_room1_mix0954,35,4,0,179,0,41.35
fold2_room1_mix0954,36,4,0,-179,0,40.14
fold2_room1_mix0954,37,4,0,-179,0,40.03
fold2_room1_mix0954,38,4,0,-179,0,40.20
fold2_room1_mix0954,39,4,0,-179,0,39.37
fold2_room1_mix0954,40,4,0,-179,0,39.11
fold2_room1_mix0954,41,4,0,-179,0,38.83
fold2_room1_mix0954,42,4,0,-178,0,38.59
fold2_room1_mix0954,43,4,0,-179,0,37.17
fold2_room1_mix0954,44,4,0,-179,0,36.84
fold2_room1_mix0954,45,4,0,-178,0,36.72
fold2_room1_mix0954,46,4,0,-177,0,35.16
fold2_room1_mix0954,47,4,0,-177,0,34.92
fold2_room1_mix0954,48,4,0,-177,0,32.62
fold2_room1_mix0954,49,4,0,-177,0,32.06
fold2_room1_mix0954,50,4,0,-177,0,31.91
fold2_room1_mix0954,51,4,0,-175,0,31.03
fold2_room1_mix0954,52,4,0,-176,0,30.11
fold2_room1_mix0954,53,4,0,-175,0,29.25
fold2_room1_mix0954,54,4,0,-175,0,28.48
fold2_room1_mix0954,55,4,0,-177,0,27.56
fold2_room1_mix0954,56,4,0,-176,0,27.22
fold2_room1_mix0954,57,4,0,-175,-1,26.34
fold2_room1_mix0954,58,4,0,-176,-1,24.76
fold2_room1_mix0954,59,4,0,-174,-1,24.18
fold2_room1_mix0954,60,4,0,-175,-1,24.37
fold2_room1_mix0954,61,4,0,-174,-1,23.36
fold2_room1_mix0954,62,4,0,-173,-1,21.49
fold2_room1_mix0954,63,4,0,-174,-1,21.16
fold2_room1_mix0954,64,4,0,-173,-1,20.39
fold2_room1_mix0954,65,4,0,-172,-1,19.66
fold2_room1_mix0954,66,4,0,-172,-1,19.36
fold2_room1_mix0954,67,4,0,-172,-1,18.15
fold2_room1_mix0954,68,4,0,-172,-1,17.05
fold2_room1_mix0954,69,4,0,-171,-2,15.84
fold2_room1_mix0954,70,4,0,-170,-1,16.01
fold2_room1_mix0954,71,4,0,-170,-1,15.59
fold2_room1_mix0954,72,4,0,-169,-2,14.71
fold2_room1_mix0954,73,4,0,-168,-2,13.77
fold2_room1_mix0954,74,4,0,-167,-3,12.41
fold2_room1_mix0954,75,4,0,-166,-3,11.44
fold2_room1_mix0954,76,4,0,-163,-3,10.91
fold2_room1_mix0954,77,4,0,-163,-3,9.83
fold2_room1_mix0954,78,4,0,-161,-3,9.38
fold2_room1_mix0954,79,4,0,-160,-4,8.81
fold2_room1_mix0954,80,4,0,-158,-4,7.91
fold2_room1_mix0954,81,4,0,-154,-5,6.06
fold2_room1_mix0954,82,4,0,-152,-6,5.41
fold2_room1_mix0954,83,4,0,-149,-6,4.71
fold2_room1_mix0954,84,4,0,-145,-8,3.94
fold2_room1_mix0954,85,4,0,-139,-9,3.39
fold2_room1_mix0954,86,4,0,-128,-12,2.81
fold2_room1_mix0954,87,4,0,-111,-14,2.50
fold2_room1_mix0954,88,4,0,-92,-14,2.42
fold2_room1_mix0954,89,4,0,-68,-13,2.54
fold2_room1_mix0954,90,4,0,-48,-10,2.75
fold2_room1_mix0954,91,4,0,-41,-9,3.55
fold2_room1_mix0954,92,4,0,-34,-8,4.07
fold2_room1_mix0954,93,4,0,-27,-6,4.71
fold2_room1_mix0954,94,4,0,-23,-5,5.47
fold2_room1_mix0954,95,4,0,-19,-5,6.23
fold2_room1_mix0954,96,4,0,-17,-4,7.00
fold2_room1_mix0954,97,4,0,-15,-4,7.84
fold2_room1_mix0954,98,4,0,-14,-3,9.31
fold2_room1_mix0954,99,4,0,-12,-3,9.82
fold2_room1_mix0955,46,4,0,-9,0,7.45
fold2_room1_mix0955,47,4,0,-8,-1,15.17
fold2_room1_mix0955,48,4,0,-7,-1,17.47
fold2_room1_mix0955,49,4,0,-7,-1,19.27
fold2_room1_mix0955,50,4,0,-7,-1,19.96
fold2_room1_mix0955,51,4,0,-8,-1,19.70
fold2_room1_mix0955,52,4,0,-10,-1,19.35
fold2_room1_mix0955,53,4,0,-8,-2,18.12
fold2_room1_mix0955,54,4,0,-11,-2,16.17
fold2_room1_mix0955,55,4,0,-9,-2,14.99
fold2_room1_mix0955,56,4,0,-12,-3,13.68
fold2_room1_mix0955,57,4,0,-13,-3,13.88
fold2_room1_mix0955,58,4,0,-17,-3,12.36
fold2_room1_mix0955,59,4,0,-17,-4,11.06
fold2_room1_mix0955,60,4,0,-17,-4,10.31
fold2_room1_mix0955,61,4,0,-22,-4,9.70
fold2_room1_mix0955,62,4,0,-23,-4,9.35
fold2_room1_mix0955,63,4,0,-26,-5,8.06
fold2_room1_mix0955,64,4,0,-33,-6,6.89
fold2_room1_mix0955,65,4,0,-32,-6,5.84
fold2_room1_mix0955,66,4,0,-41,-7,5.23
fold2_room1_mix0955,67,4,0,-48,-9,4.20
fold2_room1_mix0955,68,4,0,-58,-10,3.79
fold2_room1_mix0955,69,4,0,-75,-11,3.94
fold2_room1_mix0955,70,4,0,-88,-11,3.85
fold2_room1_mix0955,71,4,0,-106,-10,3.69
fold2_room1_mix0955,72,4,0,-114,-10,4.05
fold2_room1_mix0955,73,4,0,-128,-9,4.58
fold2_room1_mix0955,74,4,0,-135,-8,5.28
fold2_room1_mix0955,75,4,0,-143,-6,6.09
fold2_room1_mix0955,76,4,0,-147,-5,6.99
fold2_room1_mix0955,77,4,0,-150,-5,7.81
fold2_room1_mix0955,78,4,0,-154,-4,8.75
fold2_room1_mix0955,79,4,0,-155,-4,9.51
fold2_room1_mix0955,80,4,0,-158,-3,10.36
fold2_room1_mix0955,81,4,0,-159,-3,10.77
fold2_room1_mix0955,82,4,0,-160,-3,12.10
fold2_room1_mix0955,83,4,0,-161,-3,12.20
fold2_room1_mix0955,84,4,0,-161,-2,13.76
fold2_room1_mix0955,85,4,0,-161,-2,14.13
fold2_room1_mix0955,86,4,0,-162,-2,14.63
fold2_room1_mix0955,87,4,0,-165,-2,16.04
fold2_room1_mix0955,88,4,0,-166,-1,17.20
fold2_room1_mix0955,89,4,0,-166,-1,18.69
fold2_room1_mix0955,90,4,0,-166,-1,18.62
fold2_room1_mix0955,91,4,0,-166,-1,19.36
fold2_room1_mix0955,92,4,0,-168,-1,16.45
fold2_room1_mix0955,93,4,0,-167,-1,14.85
fold2_room1_mix0955,94,4,0,-170,0,3.66
fold2_room1_mix0956,38,1,0,13,-2,17.16
fold2_room1_mix0956,39,1,0,16,-2,33.69
fold2_room1_mix0956,40,1,0,15,-2,29.79
fold2_room1_mix0956,41,1,0,18,-2,25.39
fold2_room1_mix0956,42,1,0,13,-2,27.28
fold2_room1_mix0956,43,1,0,11,-2,28.22
fold2_room1_mix0956,44,1,0,16,-2,25.54
fold2_room1_mix0956,45,1,0,15,-1,30.33
fold2_room1_mix0956,47,1,0,19,-2,26.15
fold2_room1_mix0956,48,1,0,18,-2,26.54
fold2_room1_mix0956,49,1,0,17,-2,28.23
fold2_room1_mix0956,51,1,0,17,-2,27.02
fold2_room1_mix0956,52,1,0,22,-2,25.18
fold2_room1_mix0956,53,1,0,26,-2,23.44
fold2_room1_mix0956,54,1,0,22,-2,23.26
fold2_room1_mix0956,55,1,0,21,-2,22.25
fold2_room1_mix0956,56,1,0,31,-2,20.79
fold2_room1_mix0956,57,1,0,32,-3,19.56
fold2_room1_mix0956,58,1,0,31,-2,20.81
fold2_room1_mix0956,60,1,0,38,-3,16.89
fold2_room1_mix0956,61,1,0,39,-3,18.59
fold2_room1_mix0956,62,1,0,46,-3,14.42
fold2_room1_mix0956,63,1,0,38,-3,15.60
fold2_room1_mix0956,64,1,0,43,-3,15.80
fold2_room1_mix0956,65,1,0,61,-4,11.27
fold2_room1_mix0956,66,1,0,67,-4,9.51
fold2_room1_mix0956,66,4,0,48,-1,6.60
fold2_room1_mix0956,67,1,0,74,-5,10.46
fold2_room1_mix0956,68,4,0,53,-2,7.52
fold2_room1_mix0956,69,1,0,90,-5,9.75
fold2_room1_mix0956,70,1,0,99,-4,12.02
fold2_room1_mix0956,70,4,0,68,-3,6.31
fold2_room1_mix0956,71,1,0,112,-4,9.85
fold2_room1_mix0956,71,4,0,70,0,1.58
fold2_room1_mix0956,72,1,0,114,-4,9.55
fold2_room1_mix0956,73,4,0,59,-2,11.53
fold2_room1_mix0956,74,1,0,136,-4,8.68
fold2_room1_mix0956,74,4,0,69,0,2.98
fold2_room1_mix0956,75,1,0,134,-3,13.26
fold2_room1_mix0956,76,1,0,144,-3,13.35
fold2_room1_mix0956,76,4,0,62,-3,12.30
fold2_room1_mix0956,77,4,0,59,0,3.83
fold2_room1_mix0956,78,1,0,138,-3,14.19
fold2_room1_mix0956,79,1,0,154,-3,9.58
fold2_room1_mix0956,79,4,0,55,-1,12.74
fold2_room1_mix0956,80,1,0,153,-3,15.73
fold2_room1_mix0956,80,4,0,63,0,4.93
fold2_room1_mix0956,81,1,0,147,-3,18.11
fold2_room1_mix0956,82,4,0,64,-2,12.30
fold2_room1_mix0956,83,1,0,157,-3,17.01
fold2_room1_mix0956,83,4,0,78,0,8.24
fold2_room1_mix0956,84,1,0,161,-2,13.91
fold2_room1_mix0956,84,4,0,76,-2,9.54
fold2_room1_mix0956,85,1,0,162,-3,20.21
fold2_room1_mix0956,85,4,0,68,-2,8.54
fold2_room1_mix0956,86,1,0,153,-2,18.77
fold2_room1_mix0956,87,4,0,81,-3,10.53
fold2_room1_mix0956,88,1,0,166,-2,15.88
fold2_room1_mix0956,88,4,0,75,-2,9.57
fold2_room1_mix0956,88,4,0,74,-2,9.52
fold2_room1_mix0956,89,1,0,158,-3,23.71
fold2_room1_mix0956,89,4,0,86,0,2.38
fold2_room1_mix0956,90,1,0,169,-2,20.23
fold2_room1_mix0956,90,4,0,74,-3,6.31
fold2_room1_mix0956,90,4,0,74,-2,6.50
fold2_room1_mix0956,91,1,0,165,-2,10.77
fold2_room1_mix0956,91,4,0,78,0,1.08
fold2_room1_mix0956,92,4,0,90,-3,10.78
fold2_room1_mix0956,93,4,0,97,-2,13.79
fold2_room1_mix0956,94,4,0,99,-2,13.05
fold2_room1_mix0956,95,4,0,99,-3,12.46
fold2_room1_mix0956,96,4,0,102,-3,13.68
fold2_room1_mix0956,97,4,0,108,-3,14.15
fold2_room1_mix0956,98,4,0,112,-3,14.43
fold2_room1_mix0956,99,4,0,114,-2,15.12
fold2_room1_mix0957,0,5,0,157,3,3.71
fold2_room1_mix0957,1,5,0,156,2,8.53
fold2_room1_mix0957,2,5,0,152,2,8.15
fold2_room1_mix0957,3,4,0,-3,1,2.07
fold2_room1_mix0957,3,5,0,146,1,10.31
fold2_room1_mix0957,4,4,0,3,0,11.24
fold2_room1_mix0957,4,5,0,146,2,16.88
fold2_room1_mix0957,5,4,0,6,0,19.37
fold2_room1_mix0957,5,5,0,149,2,17.98
fold2_room1_mix0957,6,4,0,2,0,17.16
fold2_room1_mix0957,6,5,0,144,1,20.26
fold2_room1_mix0957,7,4,0,0,0,17.59
fold2_room1_mix0957,7,5,0,145,2,15.32
fold2_room1_mix0957,8,4,0,2,0,24.99
fold2_room1_mix0957,8,5,0,145,1,18.37
fold2_room1_mix0957,9,4,0,4,-1,32.16
fold2_room1_mix0957,9,5,0,143,1,19.58
fold2_room1_mix0957,10,4,0,7,-1,34.25
fold2_room1_mix0957,10,5,0,145,2,15.44
fold2_room1_mix0957,11,4,0,3,0,30.04
fold2_room1_mix0957,11,5,0,148,2,17.61
fold2_room1_mix0957,12,4,0,4,0,28.83
fold2_room1_mix0957,12,5,0,144,1,17.92
fold2_room1_mix0957,13,4,0,3,0,31.08
fold2_room1_mix0957,13,5,0,148,2,15.05
fold2_room1_mix0957,14,4,0,9,-1,35.19
fold2_room1_mix0957,14,5,0,142,2,17.89
fold2_room1_mix0957,15,4,0,5,0,32.76
fold2_room1_mix0957,15,5,0,147,2,16.08
fold2_room1_mix0957,16,4,0,4,-1,32.33
fold2_room1_mix0957,16,5,0,147,2,16.23
fold2_room1_mix0957,17,4,0,8,0,33.54
fold2_room1_mix0957,17,5,0,141,2,16.23
fold2_room1_mix0957,18,4,0,4,-1,33.78
fold2_room1_mix0957,18,5,0,145,2,15.58
fold2_room1_mix0957,19,4,0,6,-1,31.64
fold2_room1_mix0957,19,5,0,144,2,15.54
fold2_room1_mix0957,20,4,0,4,-1,33.00
fold2_room1_mix0957,20,5,0,142,2,15.47
fold2_room1_mix0957,21,4,0,3,0,32.46
fold2_room1_mix0957,21,5,0,146,2,13.97
fold2_room1_mix0957,22,4,0,5,-1,31.92
fold2_room1_mix0957,22,5,0,141,2,16.75
fold2_room1_mix0957,23,4,0,3,-1,32.91
fold2_room1_mix0957,23,5,0,144,2,13.29
fold2_room1_mix0957,24,4,0,1,-1,31.58
fold2_room1_mix0957,24,5,0,140,2,14.29
fold2_room1_mix0957,25,4,0,3,-1,32.10
fold2_room1_mix0957,25,5,0,140,2,15.72
fold2_room1_mix0957,26,4,0,2,-1,32.41
fold2_room1_mix0957,26,5,0,141,2,13.05
fold2_room1_mix0957,27,4,0,2,-1,31.96
fold2_room1_mix0957,27,5,0,141,2,14.24
fold2_room1_mix0957,28,4,0,2,-1,32.43
fold2_room1_mix0957,28,5,0,140,2,15.03
fold2_room1_mix0957,29,4,0,2,-1,31.42
fold2_room1_mix0957,29,5,0,142,3,12.79
fold2_room1_mix0957,30,4,0,3,-1,31.70
fold2_room1_mix0957,30,5,0,140,2,14.54
fold2_room1_mix0957,31,4,0,0,-1,31.80
fold2_room1_mix0957,31,5,0,140,2,13.21
fold2_room1_mix0957,32,4,0,0,-1,31.01
fold2_room1_mix0957,32,5,0,139,3,12.67
fold2_room1_mix0957,33,4,0,2,-1,31.05
fold2_room1_mix0957,33,5,0,140,3,13.94
fold2_room1_mix0957,34,4,0,0,-2,28.62
fold2_room1_mix0957,34,5,0,141,3,11.79
fold2_room1_mix0957,35,4,0,0,-1,29.12
fold2_room1_mix0957,35,5,0,138,3,12.20
fold2_room1_mix0957,36,4,0,0,-1,29.31
fold2_room1_mix0957,36,5,0,136,3,12.50
fold2_room1_mix0957,37,4,0,0,-1,28.09
fold2_room1_mix0957,37,5,0,141,3,11.49
fold2_room1_mix0957,38,4,0,1,-2,27.28
fold2_room1_mix0957,38,5,0,138,3,13.00
fold2_room1_mix0957,39,4,0,0,-1,27.36
fold2_room1_mix0957,39,5,0,138,3,11.10
fold2_room1_mix0957,40,4,0,0,-1,25.65
fold2_room1_mix0957,40,5,0,139,3,10.77
fold2_room1_mix0957,41,4,0,1,-1,24.68
fold2_room1_mix0957,41,5,0,138,3,12.56
fold2_room1_mix0957,42,4,0,0,-1,24.21
fold2_room1_mix0957,42,5,0,141,3,11.83
fold2_room1_mix0957,43,4,0,0,-1,22.92
fold2_room1_mix0957,43,5,0,137,3,10.95
fold2_room1_mix0957,44,4,0,0,-1,22.71
fold2_room1_mix0957,44,5,0,136,3,11.99
fold2_room1_mix0957,45,4,0,0,-1,21.97
fold2_room1_mix0957,45,5,0,139,3,10.71
fold2_room1_mix0957,46,4,0,0,-1,21.25
fold2_room1_mix0957,46,5,0,136,3,12.69
fold2_room1_mix0957,47,4,0,0,-1,21.49
fold2_room1_mix0957,47,5,0,137,3,10.30
fold2_room1_mix0957,48,4,0,0,-1,19.21
fold2_room1_mix0957,48,5,0,138,3,10.32
fold2_room1_mix0957,49,4,0,1,-1,19.17
fold2_room1_mix0957,49,5,0,133,3,10.54
fold2_room1_mix0957,50,4,0,0,-1,19.16
fold2_room1_mix0957,50,5,0,138,4,9.29
fold2_room1_mix0957,51,4,0,0,-2,17.12
fold2_room1_mix0957,51,5,0,133,4,9.45
fold2_room1_mix0957,52,4,0,0,-2,17.24
fold2_room1_mix0957,52,5,0,136,4,9.84
fold2_room1_mix0957,53,4,0,0,-2,16.34
fold2_room1_mix0957,53,5,0,137,4,8.53
fold2_room1_mix0957,54,4,0,-1,-2,15.87
fold2_room1_mix0957,54,5,0,133,3,10.07
fold2_room1_mix0957,55,4,0,-1,-2,15.05
fold2_room1_mix0957,55,5,0,134,4,8.34
fold2_room1_mix0957,56,4,0,-2,-2,14.40
fold2_room1_mix0957,56,5,0,136,4,8.47
fold2_room1_mix0957,57,4,0,0,-2,13.64
fold2_room1_mix0957,57,5,0,133,4,9.01
fold2_room1_mix0957,58,4,0,0,-2,13.21
fold2_room1_mix0957,58,5,0,135,4,8.54
fold2_room1_mix0957,59,4,0,-2,-3,12.36
fold2_room1_mix0957,59,5,0,135,4,8.80
fold2_room1_mix0957,60,4,0,-1,-3,11.94
fold2_room1_mix0957,60,5,0,134,4,9.14
fold2_room1_mix0957,61,4,0,-1,-3,11.01
fold2_room1_mix0957,61,5,0,137,4,8.56
fold2_room1_mix0957,62,4,0,-1,-3,10.78
fold2_room1_mix0957,62,5,0,134,4,9.28
fold2_room1_mix0957,63,4,0,-1,-3,10.23
fold2_room1_mix0957,63,5,0,133,5,7.82
fold2_room1_mix0957,64,4,0,-2,-3,9.60
fold2_room1_mix0957,64,5,0,136,4,8.62
fold2_room1_mix0957,65,4,0,-4,-4,8.72
fold2_room1_mix0957,65,5,0,130,4,8.87
fold2_room1_mix0957,66,4,0,-4,-4,8.47
fold2_room1_mix0957,66,5,0,130,5,8.04
fold2_room1_mix0957,67,4,0,-5,-4,7.47
fold2_room1_mix0957,67,5,0,125,5,7.64
fold2_room1_mix0957,68,4,0,-5,-5,6.79
fold2_room1_mix0957,68,5,0,125,5,8.08
fold2_room1_mix0957,69,4,0,-6,-5,6.26
fold2_room1_mix0957,69,5,0,125,6,7.36
fold2_room1_mix0957,70,4,0,-9,-6,5.54
fold2_room1_mix0957,70,5,0,123,4,9.28
fold2_room1_mix0957,71,4,0,-10,-7,4.75
fold2_room1_mix0957,71,5,0,124,5,7.23
fold2_room1_mix0957,72,4,0,-13,-8,4.09
fold2_room1_mix0957,72,5,0,134,4,9.00
fold2_room1_mix0957,73,4,0,-16,-10,3.47
fold2_room1_mix0957,73,5,0,126,4,8.42
fold2_room1_mix0957,74,4,0,-18,-10,2.92
fold2_room1_mix0957,74,5,0,127,4,9.03
fold2_room1_mix0957,75,4,0,-23,-12,2.38
fold2_room1_mix0957,75,5,0,132,4,8.21
fold2_room1_mix0957,76,4,0,-29,-15,2.03
fold2_room1_mix0957,76,5,0,123,5,7.96
fold2_room1_mix0957,77,4,0,-38,-19,1.50
fold2_room1_mix0957,77,5,0,125,5,7.00
fold2_room1_mix0957,78,4,0,-49,-25,1.18
fold2_room1_mix0957,78,5,0,123,4,8.21
fold2_room1_mix0957,79,4,0,-75,-34,0.95
fold2_room1_mix0957,79,5,0,122,5,6.94
fold2_room1_mix0957,80,4,0,-115,-29,1.12
fold2_room1_mix0957,80,5,0,130,5,7.79
fold2_room1_mix0957,81,4,0,-136,-20,1.50
fold2_room1_mix0957,81,5,0,123,5,7.37
fold2_room1_mix0957,82,4,0,-146,-16,1.89
fold2_room1_mix0957,82,5,0,124,5,7.12
fold2_room1_mix0957,83,4,0,-153,-13,2.40
fold2_room1_mix0957,83,5,0,126,5,7.28
fold2_room1_mix0957,84,4,0,-158,-11,2.91
fold2_room1_mix0957,84,5,0,125,5,8.13
fold2_room1_mix0957,85,4,0,-161,-10,3.23
fold2_room1_mix0957,85,5,0,123,6,6.94
fold2_room1_mix0957,86,4,0,-165,-7,3.78
fold2_room1_mix0957,86,5,0,115,5,7.99
fold2_room1_mix0957,87,4,0,-168,-7,4.32
fold2_room1_mix0957,87,5,0,106,7,5.96
fold2_room1_mix0957,88,4,0,-169,-7,4.31
fold2_room1_mix0957,88,5,0,106,6,6.68
fold2_room1_mix0957,89,4,0,-168,-6,5.16
fold2_room1_mix0957,89,5,0,111,6,7.07
fold2_room1_mix0957,90,4,0,-170,-5,5.79
fold2_room1_mix0957,90,5,0,107,6,6.49
fold2_room1_mix0957,91,4,0,-170,-5,6.11
fold2_room1_mix0957,91,5,0,107,6,6.54
fold2_room1_mix0957,92,4,0,-171,-4,6.48
fold2_room1_mix0957,92,5,0,105,6,6.44
fold2_room1_mix0957,93,4,0,-172,-4,6.86
fold2_room1_mix0957,93,5,0,107,6,6.28
fold2_room1_mix0957,94,4,0,-172,-3,7.77
fold2_room1_mix0957,94,5,0,101,5,7.33
fold2_room1_mix0957,95,4,0,-173,-3,8.31
fold2_room1_mix0957,95,5,0,104,7,5.86
fold2_room1_mix0957,96,4,0,-173,-3,8.78
fold2_room1_mix0957,96,5,0,101,7,6.12
fold2_room1_mix0957,97,4,0,-173,-3,9.29
fold2_room1_mix0957,97,5,0,106,6,6.49
fold2_room1_mix0957,98,4,0,-174,-3,10.22
fold2_room1_mix0957,98,5,0,105,7,5.69
fold2_room1_mix0957,99,4,0,-174,-3,10.09
fold2_room1_mix0957,99,5,0,100,6,6.57
fold2_room1_mix0958,2,4,0,-178,0,3.38
fold2_room1_mix0958,3,4,0,-177,0,7.36
fold2_room1_mix0958,4,4,0,-178,0,9.74
fold2_room1_mix0958,5,4,0,-179,0,10.70
fold2_room1_mix0958,6,4,0,-175,0,13.18
fold2_room1_mix0958,7,4,0,-175,-1,16.61
fold2_room1_mix0958,8,4,0,-176,-1,17.04
fold2_room1_mix0958,9,4,0,-176,-1,17.47
fold2_room1_mix0958,10,4,0,-176,-1,16.35
fold2_room1_mix0958,11,4,0,-175,-1,15.45
fold2_room1_mix0958,12,4,0,-175,-1,14.64
fold2_room1_mix0958,13,4,0,-172,-1,14.31
fold2_room1_mix0958,14,4,0,-173,-2,13.06
fold2_room1_mix0958,15,4,0,-172,-2,12.86
fold2_room1_mix0958,16,4,0,-174,-2,12.39
fold2_room1_mix0958,17,4,0,-172,-2,11.79
fold2_room1_mix0958,18,4,0,-173,-2,11.51
fold2_room1_mix0958,19,4,0,-174,-2,11.47
fold2_room1_mix0958,20,4,0,-174,-2,11.44
fold2_room1_mix0958,21,4,0,-176,-2,11.09
fold2_room1_mix0958,22,4,0,-172,-2,11.31
fold2_room1_mix0958,23,4,0,-177,-3,9.13
fold2_room1_mix0958,23,4,0,-150,-2,12.44
fold2_room1_mix0958,24,4,0,-176,-3,7.94
fold2_room1_mix0958,24,4,0,-141,-2,12.37
fold2_room1_mix0958,25,4,0,-173,-3,8.34
fold2_room1_mix0958,25,4,0,-142,-1,14.34
fold2_room1_mix0958,26,4,0,-179,-4,7.68
fold2_room1_mix0958,26,4,0,-133,0,15.43
fold2_room1_mix0958,27,4,0,-179,-4,6.97
fold2_room1_mix0958,27,4,0,-134,0,15.17
fold2_room1_mix0958,28,4,0,178,-5,6.74
fold2_room1_mix0958,28,4,0,-127,0,14.32
fold2_room1_mix0958,29,4,0,177,-5,6.95
fold2_room1_mix0958,29,4,0,-103,-2,14.43
fold2_room1_mix0958,30,4,0,178,-6,5.92
fold2_room1_mix0958,30,4,0,-121,-2,12.78
fold2_room1_mix0958,31,4,0,176,-7,6.01
fold2_room1_mix0958,31,4,0,-122,-3,12.42
fold2_room1_mix0958,32,4,0,175,-6,6.00
fold2_room1_mix0958,32,4,0,-121,-1,12.84
fold2_room1_mix0958,33,4,0,176,-7,5.95
fold2_room1_mix0958,33,4,0,-116,-3,11.90
fold2_room1_mix0958,34,4,0,173,-8,5.14
fold2_room1_mix0958,34,4,0,-122,-2,11.84
fold2_room1_mix0958,35,4,0,169,-8,4.71
fold2_room1_mix0958,35,4,0,-118,-2,11.09
fold2_room1_mix0958,36,4,0,171,-10,4.08
fold2_room1_mix0958,36,4,0,-118,-3,11.34
fold2_room1_mix0958,37,4,0,165,-10,3.81
fold2_room1_mix0958,37,4,0,-123,-2,11.24
fold2_room1_mix0958,38,4,0,166,-13,3.21
fold2_room1_mix0958,38,4,0,-123,-2,12.19
fold2_room1_mix0958,39,4,0,161,-13,2.78
fold2_room1_mix0958,39,4,0,-126,-2,11.29
fold2_room1_mix0958,40,4,0,161,-16,2.46
fold2_room1_mix0958,40,4,0,-125,-2,10.98
fold2_room1_mix0958,41,4,0,156,-20,2.29
fold2_room1_mix0958,41,4,0,-121,-3,11.12
fold2_room1_mix0958,42,4,0,149,-26,1.51
fold2_room1_mix0958,42,4,0,-121,0,13.44
fold2_room1_mix0958,43,4,0,140,-34,1.22
fold2_room1_mix0958,43,4,0,-113,-2,13.24
fold2_room1_mix0958,44,4,0,111,-46,1.07
fold2_room1_mix0958,44,4,0,-93,-4,13.57
fold2_room1_mix0958,45,4,0,102,-61,2.74
fold2_room1_mix0958,45,4,0,64,-45,0.80
fold2_room1_mix0958,45,4,0,-89,-7,10.11
fold2_room1_mix0958,46,4,0,-103,-10,9.16
fold2_room1_mix0958,46,4,0,22,-34,1.49
fold2_room1_mix0958,46,4,0,-13,-18,4.99
fold2_room1_mix0958,47,4,0,-95,-8,8.81
fold2_room1_mix0958,47,4,0,15,-23,2.43
fold2_room1_mix0958,48,4,0,-73,-7,9.23
fold2_room1_mix0958,48,4,0,18,-22,2.17
fold2_room1_mix0958,48,4,0,2,-16,3.31
fold2_room1_mix0958,49,4,0,-90,-7,8.61
fold2_room1_mix0958,49,4,0,13,-16,3.18
fold2_room1_mix0958,49,4,0,-3,-11,4.51
fold2_room1_mix0958,50,4,0,-115,-5,8.73
fold2_room1_mix0958,50,4,0,11,-15,3.21
fold2_room1_mix0958,51,4,0,-104,-6,8.23
fold2_room1_mix0958,51,4,0,6,-10,4.54
fold2_room1_mix0958,52,4,0,-97,-8,7.08
fold2_room1_mix0958,52,4,0,6,-9,4.85
fold2_room1_mix0958,53,4,0,-115,-6,7.69
fold2_room1_mix0958,53,4,0,2,-8,5.04
fold2_room1_mix0958,54,4,0,-100,-7,7.03
fold2_room1_mix0958,54,4,0,5,-8,5.84
fold2_room1_mix0958,55,4,0,-95,-7,6.93
fold2_room1_mix0958,55,4,0,4,-7,6.28
fold2_room1_mix0958,56,4,0,-100,-6,7.41
fold2_room1_mix0958,56,4,0,3,-7,6.01
fold2_room1_mix0958,57,4,0,-85,-6,7.64
fold2_room1_mix0958,57,4,0,3,-7,6.49
fold2_room1_mix0958,58,4,0,-100,-5,8.07
fold2_room1_mix0958,58,4,0,2,-7,6.58
fold2_room1_mix0958,59,4,0,-86,-6,7.29
fold2_room1_mix0958,59,4,0,0,-6,7.01
fold2_room1_mix0958,60,4,0,-94,-6,7.73
fold2_room1_mix0958,60,4,0,0,-7,6.65
fold2_room1_mix0958,61,4,0,-80,-6,7.38
fold2_room1_mix0958,61,4,0,2,-7,7.23
fold2_room1_mix0958,62,4,0,-87,-7,6.85
fold2_room1_mix0958,62,4,0,0,-6,8.17
fold2_room1_mix0958,63,4,0,-83,-6,6.66
fold2_room1_mix0958,63,4,0,0,-5,8.84
fold2_room1_mix0958,64,4,0,-84,-6,7.66
fold2_room1_mix0958,64,4,0,0,-5,8.76
fold2_room1_mix0958,65,4,0,-80,-6,7.52
fold2_room1_mix0958,65,4,0,-2,-4,10.03
fold2_room1_mix0958,66,4,0,-74,-6,7.33
fold2_room1_mix0958,66,4,0,-3,-4,10.62
fold2_room1_mix0958,67,4,0,-69,-5,8.32
fold2_room1_mix0958,67,4,0,-2,-4,11.37
fold2_room1_mix0958,68,4,0,-67,-5,8.70
fold2_room1_mix0958,68,4,0,-2,-4,10.72
fold2_room1_mix0958,69,4,0,-62,-5,8.72
fold2_room1_mix0958,69,4,0,-3,-3,11.76
fold2_room1_mix0958,70,4,0,-62,-4,8.75
fold2_room1_mix0958,70,4,0,-2,-3,12.47
fold2_room1_mix0958,71,4,0,-59,-5,8.35
fold2_room1_mix0958,71,4,0,-1,-3,12.62
fold2_room1_mix0958,72,4,0,-59,-4,9.04
fold2_room1_mix0958,72,4,0,-2,-3,12.05
fold2_room1_mix0958,73,4,0,-61,-4,9.27
fold2_room1_mix0958,73,4,0,-2,-3,13.25
fold2_room1_mix0958,74,4,0,-59,-5,8.69
fold2_room1_mix0958,74,4,0,-1,-3,13.16
fold2_room1_mix0958,75,4,0,-55,-6,7.73
fold2_room1_mix0958,75,4,0,-4,-3,13.22
fold2_room1_mix0958,76,4,0,-55,-5,8.28
fold2_room1_mix0958,76,4,0,-1,-2,14.21
fold2_room1_mix0958,77,4,0,-56,-4,8.75
fold2_room1_mix0958,77,4,0,-2,-2,15.05
fold2_room1_mix0958,78,4,0,-54,-5,8.26
fold2_room1_mix0958,78,4,0,-4,-2,14.87
fold2_room1_mix0958,79,4,0,-58,-4,8.03
fold2_room1_mix0958,79,4,0,-5,-1,16.43
fold2_room1_mix0958,80,4,0,-54,-4,8.26
fold2_room1_mix0958,80,4,0,-3,-1,15.95
fold2_room1_mix0958,81,4,0,-55,-5,7.69
fold2_room1_mix0958,81,4,0,-15,-2,14.92
fold2_room1_mix0958,82,4,0,-57,-6,7.05
fold2_room1_mix0958,82,4,0,-8,-1,16.68
fold2_room1_mix0958,83,4,0,-59,-5,8.00
fold2_room1_mix0958,83,4,0,-32,-3,13.26
fold2_room1_mix0958,83,4,0,-10,-1,20.16
fold2_room1_mix0958,84,4,0,-59,-5,9.48
fold2_room1_mix0958,84,4,0,-11,-1,20.67
fold2_room1_mix0958,85,4,0,-69,-5,9.17
fold2_room1_mix0958,85,4,0,-13,-1,21.41
fold2_room1_mix0958,86,4,0,-69,-5,10.20
fold2_room1_mix0958,86,4,0,-16,-1,20.96
fold2_room1_mix0958,87,4,0,-78,-4,10.34
fold2_room1_mix0958,87,4,0,-14,-1,21.94
fold2_room1_mix0958,88,4,0,-93,-5,9.57
fold2_room1_mix0958,88,4,0,-14,-2,18.53
fold2_room1_mix0958,89,4,0,-94,-5,10.77
fold2_room1_mix0958,89,4,0,-63,-6,11.26
fold2_room1_mix0958,89,4,0,-14,-1,22.92
fold2_room1_mix0958,90,4,0,-100,-5,11.04
fold2_room1_mix0958,90,4,0,-71,-7,10.49
fold2_room1_mix0958,90,4,0,-15,-1,23.96
fold2_room1_mix0958,91,4,0,-102,-5,10.78
fold2_room1_mix0958,91,4,0,-81,-7,10.25
fold2_room1_mix0958,91,4,0,-16,-2,23.57
fold2_room1_mix0958,92,4,0,-114,-4,12.11
fold2_room1_mix0958,92,4,0,-68,-6,10.51
fold2_room1_mix0958,92,4,0,-14,-1,24.42
fold2_room1_mix0958,93,4,0,-120,-4,12.86
fold2_room1_mix0958,93,4,0,-81,-6,10.84
fold2_room1_mix0958,93,4,0,-14,-1,23.94
fold2_room1_mix0958,94,4,0,-121,-4,13.08
fold2_room1_mix0958,94,4,0,-84,-5,11.40
fold2_room1_mix0958,94,4,0,-16,-2,22.45
fold2_room1_mix0958,95,4,0,-128,-4,13.54
fold2_room1_mix0958,95,4,0,-64,-4,12.60
fold2_room1_mix0958,95,4,0,-10,-1,25.88
fold2_room1_mix0958,96,4,0,-127,-3,14.95
fold2_room1_mix0958,96,4,0,-38,-3,16.68
fold2_room1_mix0958,96,4,0,-10,-1,25.02
fold2_room1_mix0958,97,4,0,-127,-3,15.15
fold2_room1_mix0958,97,4,0,-58,-4,15.61
fold2_room1_mix0958,97,4,0,-15,-1,25.72
fold2_room1_mix0958,98,4,0,-129,-3,15.13
fold2_room1_mix0958,98,4,0,-29,-2,17.74
fold2_room1_mix0958,98,4,0,-13,-2,24.01
fold2_room1_mix0958,99,4,0,-129,-4,14.37
fold2_room1_mix0958,99,4,0,-68,-5,12.88
fold2_room1_mix0958,99,4,0,-14,-2,22.84
fold2_room1_mix0959,0,5,0,-149,4,3.63
fold2_room1_mix0959,1,5,0,-159,3,8.70
fold2_room1_mix0959,2,5,0,-151,3,8.45
fold2_room1_mix0959,3,4,0,1,1,3.37
fold2_room1_mix0959,3,5,0,-143,3,11.61
fold2_room1_mix0959,4,4,0,2,0,8.22
fold2_room1_mix0959,4,5,0,-156,3,4.86
fold2_room1_mix0959,5,4,0,2,0,17.62
fold2_room1_mix0959,5,5,0,-148,3,12.07
fold2_room1_mix0959,6,4,0,1,0,24.08
fold2_room1_mix0959,6,5,0,-141,3,13.44
fold2_room1_mix0959,7,4,0,0,0,19.00
fold2_room1_mix0959,7,5,0,-147,3,12.79
fold2_room1_mix0959,8,4,0,1,0,46.16
fold2_room1_mix0959,8,5,0,-148,3,9.48
fold2_room1_mix0959,9,4,0,2,0,43.84
fold2_room1_mix0959,9,5,0,-143,3,13.03
fold2_room1_mix0959,10,4,0,1,0,38.25
fold2_room1_mix0959,10,5,0,-144,4,11.22
fold2_room1_mix0959,11,4,0,0,0,40.07
fold2_room1_mix0959,11,5,0,-144,3,11.79
fold2_room1_mix0959,12,4,0,2,0,42.83
fold2_room1_mix0959,12,5,0,-140,4,11.79
fold2_room1_mix0959,13,4,0,0,0,39.27
fold2_room1_mix0959,13,5,0,-143,3,10.92
fold2_room1_mix0959,14,4,0,0,0,42.58
fold2_room1_mix0959,14,5,0,-141,4,11.97
fold2_room1_mix0959,15,4,0,0,0,38.23
fold2_room1_mix0959,15,5,0,-143,3,12.74
fold2_room1_mix0959,16,4,0,0,0,40.96
fold2_room1_mix0959,16,5,0,-147,4,10.88
fold2_room1_mix0959,17,4,0,0,0,39.22
fold2_room1_mix0959,17,5,0,-146,3,11.15
fold2_room1_mix0959,18,4,0,0,0,39.97
fold2_room1_mix0959,18,5,0,-145,3,12.09
fold2_room1_mix0959,19,4,0,0,0,36.56
fold2_room1_mix0959,19,5,0,-139,4,12.45
fold2_room1_mix0959,20,4,0,0,0,35.66
fold2_room1_mix0959,20,5,0,-143,4,11.81
fold2_room1_mix0959,21,4,0,0,0,34.89
fold2_room1_mix0959,21,5,0,-141,3,12.08
fold2_room1_mix0959,22,4,0,0,0,35.25
fold2_room1_mix0959,22,5,0,-142,4,11.85
fold2_room1_mix0959,23,4,0,0,0,31.71
fold2_room1_mix0959,23,5,0,-142,4,11.72
fold2_room1_mix0959,24,4,0,0,0,33.27
fold2_room1_mix0959,24,5,0,-144,4,11.64
fold2_room1_mix0959,25,4,0,0,0,35.39
fold2_room1_mix0959,25,5,0,-141,4,11.83
fold2_room1_mix0959,26,4,0,0,0,32.85
fold2_room1_mix0959,26,5,0,-142,4,11.78
fold2_room1_mix0959,27,4,0,-2,0,34.56
fold2_room1_mix0959,27,5,0,-144,3,11.53
fold2_room1_mix0959,28,4,0,0,0,31.56
fold2_room1_mix0959,28,5,0,-136,5,10.31
fold2_room1_mix0959,29,4,0,0,0,31.50
fold2_room1_mix0959,29,5,0,-137,4,11.15
fold2_room1_mix0959,30,4,0,0,0,30.23
fold2_room1_mix0959,30,5,0,-143,4,11.27
fold2_room1_mix0959,31,4,0,-1,-1,29.97
fold2_room1_mix0959,31,5,0,-142,4,11.07
fold2_room1_mix0959,32,4,0,0,0,31.26
fold2_room1_mix0959,32,5,0,-132,5,8.95
fold2_room1_mix0959,33,4,0,0,-1,28.79
fold2_room1_mix0959,33,5,0,-138,4,10.71
fold2_room1_mix0959,34,4,0,0,-1,28.07
fold2_room1_mix0959,34,5,0,-143,4,11.38
fold2_room1_mix0959,35,4,0,-1,-1,27.41
fold2_room1_mix0959,35,5,0,-141,4,10.65
fold2_room1_mix0959,36,4,0,0,-1,26.39
fold2_room1_mix0959,36,5,0,-138,5,9.62
fold2_room1_mix0959,37,4,0,1,-1,25.07
fold2_room1_mix0959,37,5,0,-134,4,10.54
fold2_room1_mix0959,38,4,0,0,-1,24.22
fold2_room1_mix0959,38,5,0,-140,4,10.44
fold2_room1_mix0959,39,4,0,-1,-1,24.07
fold2_room1_mix0959,39,5,0,-143,4,9.97
fold2_room1_mix0959,40,4,0,0,-1,23.86
fold2_room1_mix0959,40,5,0,-134,5,9.43
fold2_room1_mix0959,41,4,0,-1,-1,22.22
fold2_room1_mix0959,41,5,0,-140,4,10.23
fold2_room1_mix0959,42,4,0,1,-1,21.92
fold2_room1_mix0959,42,5,0,-138,5,9.82
fold2_room1_mix0959,43,4,0,0,-1,21.91
fold2_room1_mix0959,43,5,0,-138,5,9.82
fold2_room1_mix0959,44,4,0,0,-1,20.70
fold2_room1_mix0959,44,5,0,-138,5,9.49
fold2_room1_mix0959,45,4,0,1,-1,19.81
fold2_room1_mix0959,45,5,0,-135,5,10.24
fold2_room1_mix0959,46,4,0,-1,-1,18.83
fold2_room1_mix0959,46,5,0,-141,5,10.01
fold2_room1_mix0959,47,4,0,0,-1,18.53
fold2_room1_mix0959,47,5,0,-139,5,10.14
fold2_room1_mix0959,48,4,0,0,-1,17.53
fold2_room1_mix0959,48,5,0,-135,6,8.28
fold2_room1_mix0959,49,4,0,-2,-1,16.00
fold2_room1_mix0959,49,5,0,-140,5,9.39
fold2_room1_mix0959,50,4,0,-1,-1,16.20
fold2_room1_mix0959,50,5,0,-138,5,9.41
fold2_room1_mix0959,51,4,0,-3,-2,15.62
fold2_room1_mix0959,51,5,0,-135,5,9.51
fold2_room1_mix0959,52,4,0,-3,-2,14.62
fold2_room1_mix0959,52,5,0,-137,5,9.18
fold2_room1_mix0959,53,4,0,-3,-2,13.90
fold2_room1_mix0959,53,5,0,-134,5,9.25
fold2_room1_mix0959,54,4,0,-3,-2,13.21
fold2_room1_mix0959,54,5,0,-134,5,9.56
fold2_room1_mix0959,55,4,0,-4,-2,12.05
fold2_room1_mix0959,55,5,0,-138,5,9.23
fold2_room1_mix0959,56,4,0,-4,-3,11.59
fold2_room1_mix0959,56,5,0,-135,5,8.42
fold2_room1_mix0959,57,4,0,-5,-3,11.06
fold2_room1_mix0959,57,5,0,-134,5,9.22
fold2_room1_mix0959,58,4,0,-7,-3,10.42
fold2_room1_mix0959,58,5,0,-135,5,8.88
fold2_room1_mix0959,59,4,0,-7,-3,9.49
fold2_room1_mix0959,59,5,0,-135,5,8.88
fold2_room1_mix0959,60,4,0,-8,-3,9.20
fold2_room1_mix0959,60,5,0,-135,5,9.41
fold2_room1_mix0959,61,4,0,-8,-4,8.55
fold2_room1_mix0959,61,5,0,-132,5,9.22
fold2_room1_mix0959,62,4,0,-9,-4,7.77
fold2_room1_mix0959,62,5,0,-132,6,8.43
fold2_room1_mix0959,63,4,0,-10,-4,6.61
fold2_room1_mix0959,63,5,0,-136,5,9.89
fold2_room1_mix0959,64,4,0,-10,-5,5.90
fold2_room1_mix0959,64,5,0,-130,6,8.61
fold2_room1_mix0959,65,4,0,-12,-5,5.39
fold2_room1_mix0959,65,5,0,-133,5,9.34
fold2_room1_mix0959,66,4,0,-14,-6,4.47
fold2_room1_mix0959,66,5,0,-134,5,9.60
fold2_room1_mix0959,67,4,0,-14,-7,4.14
fold2_room1_mix0959,67,5,0,-130,5,9.80
fold2_room1_mix0959,68,4,0,-17,-7,3.64
fold2_room1_mix0959,68,5,0,-136,5,10.19
fold2_room1_mix0959,69,4,0,-20,-9,3.17
fold2_room1_mix0959,69,5,0,-133,5,10.25
fold2_room1_mix0959,70,4,0,-25,-13,2.55
fold2_room1_mix0959,70,5,0,-132,6,10.21
fold2_room1_mix0959,71,0,0,-19,-2,6.44
fold2_room1_mix0959,71,4,0,-38,-20,1.69
fold2_room1_mix0959,71,5,0,-132,7,9.04
fold2_room1_mix0959,72,4,0,-52,-26,1.37
fold2_room1_mix0959,72,5,0,-130,7,8.90
fold2_room1_mix0959,73,0,0,-13,-2,1.90
fold2_room1_mix0959,73,4,0,-86,-29,1.15
fold2_room1_mix0959,73,5,0,-131,6,9.08
fold2_room1_mix0959,74,0,0,-12,-2,25.76
fold2_room1_mix0959,74,4,0,-123,-24,1.23
fold2_room1_mix0959,74,5,0,-133,7,8.47
fold2_room1_mix0959,75,0,0,-12,-1,29.25
fold2_room1_mix0959,75,4,0,-139,-15,1.67
fold2_room1_mix0959,75,5,0,-131,8,7.07
fold2_room1_mix0959,76,0,0,-14,-1,25.03
fold2_room1_mix0959,76,4,0,-146,-14,2.04
fold2_room1_mix0959,76,5,0,-134,8,7.33
fold2_room1_mix0959,77,0,0,-13,-1,33.02
fold2_room1_mix0959,77,4,0,-154,-12,2.76
fold2_room1_mix0959,77,5,0,-133,7,8.46
fold2_room1_mix0959,78,0,0,-14,-1,33.58
fold2_room1_mix0959,78,4,0,-160,-9,3.42
fold2_room1_mix0959,78,5,0,-130,8,7.34
fold2_room1_mix0959,79,0,0,-16,-1,31.23
fold2_room1_mix0959,79,4,0,-161,-8,3.82
fold2_room1_mix0959,79,5,0,-135,7,7.97
fold2_room1_mix0959,80,0,0,-9,-1,42.37
fold2_room1_mix0959,80,4,0,-163,-7,3.92
fold2_room1_mix0959,80,5,0,-121,9,6.28
fold2_room1_mix0959,81,0,0,-13,-1,36.55
fold2_room1_mix0959,81,4,0,-167,-6,4.66
fold2_room1_mix0959,81,5,0,-129,7,7.38
fold2_room1_mix0959,82,0,0,-18,-1,34.58
fold2_room1_mix0959,82,4,0,-169,-5,4.99
fold2_room1_mix0959,82,5,0,-128,8,7.05
fold2_room1_mix0959,83,0,0,-16,-1,37.85
fold2_room1_mix0959,83,4,0,-169,-5,5.17
fold2_room1_mix0959,83,5,0,-125,9,6.54
fold2_room1_mix0959,84,0,0,-15,-1,38.31
fold2_room1_mix0959,84,4,0,-170,-4,5.94
fold2_room1_mix0959,84,5,0,-121,9,6.53
fold2_room1_mix0959,85,0,0,-17,-1,42.42
fold2_room1_mix0959,85,4,0,-171,-4,6.87
fold2_room1_mix0959,85,5,0,-129,8,7.50
fold2_room1_mix0959,86,0,0,-15,-1,44.66
fold2_room1_mix0959,86,4,0,-172,-3,7.31
fold2_room1_mix0959,86,5,0,-128,8,7.18
fold2_room1_mix0959,87,0,0,-14,-1,42.81
fold2_room1_mix0959,87,4,0,-173,-3,7.75
fold2_room1_mix0959,87,5,0,-124,8,7.03
fold2_room1_mix0959,88,0,0,-14,-1,40.03
fold2_room1_mix0959,88,4,0,-173,-3,9.23
fold2_room1_mix0959,88,5,0,-119,7,7.21
fold2_room1_mix0959,89,0,0,-14,-1,42.83
fold2_room1_mix0959,89,4,0,-175,-2,9.42
fold2_room1_mix0959,89,5,0,-110,8,6.69
fold2_room1_mix0959,90,0,0,-11,-1,45.42
fold2_room1_mix0959,90,4,0,-175,-3,10.19
fold2_room1_mix0959,90,5,0,-106,9,5.98
fold2_room1_mix0959,91,0,0,-14,-1,40.95
fold2_room1_mix0959,91,4,0,-175,-2,11.34
fold2_room1_mix0959,91,5,0,-100,8,6.34
fold2_room1_mix0959,92,0,0,-12,-1,45.66
fold2_room1_mix0959,92,4,0,-174,-2,11.39
fold2_room1_mix0959,92,5,0,-106,9,5.86
fold2_room1_mix0959,93,0,0,-9,0,52.76
fold2_room1_mix0959,93,4,0,-174,-2,11.79
fold2_room1_mix0959,93,5,0,-103,9,6.61
fold2_room1_mix0959,94,0,0,-9,-1,46.21
fold2_room1_mix0959,94,4,0,-175,-2,13.09
fold2_room1_mix0959,94,5,0,-104,9,6.18
fold2_room1_mix0959,95,0,0,-12,-1,49.25
fold2_room1_mix0959,95,4,0,-176,-1,14.26
fold2_room1_mix0959,95,5,0,-108,8,6.27
fold2_room1_mix0959,96,0,0,-10,-1,57.43
fold2_room1_mix0959,96,4,0,-175,-2,14.09
fold2_room1_mix0959,96,5,0,-113,9,6.17
fold2_room1_mix0959,97,0,0,-11,-1,54.42
fold2_room1_mix0959,97,4,0,-176,-1,15.33
fold2_room1_mix0959,97,5,0,-112,9,6.04
fold2_room1_mix0959,98,0,0,-13,-1,36.83
fold2_room1_mix0959,98,4,0,-176,-1,16.07
fold2_room1_mix0959,98,5,0,-97,10,5.85
fold2_room1_mix0959,99,0,0,-7,-1,26.82
fold2_room1_mix0959,99,4,0,-176,-1,16.26
fold2_room1_mix0959,99,5,0,-95,13,5.20
fold2_room1_mix0960,43,2,0,86,-6,6.16
fold2_room1_mix0960,44,2,0,86,-7,5.76
fold2_room1_mix0960,45,2,0,90,-6,6.14
fold2_room1_mix0960,50,3,0,73,-4,5.66
fold2_room1_mix0960,51,2,0,83,-6,6.22
fold2_room1_mix0960,52,2,0,86,-5,8.59
fold2_room1_mix0960,53,2,0,91,-6,6.44
fold2_room1_mix0960,54,2,0,79,-6,6.56
fold2_room1_mix0960,55,2,0,81,-6,7.45
fold2_room1_mix0960,56,2,0,84,-5,5.13
fold2_room1_mix0960,61,2,0,74,-6,5.75
fold2_room1_mix0960,62,2,0,75,-5,8.00
fold2_room1_mix0960,63,2,0,82,-5,7.32
fold2_room1_mix0960,63,3,0,44,-3,7.77
fold2_room1_mix0960,64,2,0,80,-6,7.53
fold2_room1_mix0960,64,3,0,22,-4,5.13
fold2_room1_mix0960,65,2,0,79,-5,9.08
fold2_room1_mix0960,66,2,0,78,-5,6.78
fold2_room1_mix0960,67,3,0,36,-3,8.36
fold2_room1_mix0960,72,2,0,74,-5,9.10
fold2_room1_mix0960,73,2,0,71,-5,8.96
fold2_room1_mix0960,74,2,0,68,-5,9.31
fold2_room1_mix0960,75,2,0,69,-4,10.87
fold2_room1_mix0960,76,2,0,65,-4,9.73
fold2_room1_mix0960,82,2,0,65,-4,9.70
fold2_room1_mix0960,83,2,0,64,-4,10.48
fold2_room1_mix0960,84,2,0,66,-4,10.00
fold2_room1_mix0960,85,2,0,61,-4,11.29
fold2_room1_mix0960,86,2,0,66,-4,10.32
fold2_room1_mix0960,92,2,0,64,-4,9.21
fold2_room1_mix0960,93,2,0,61,-4,10.35
fold2_room1_mix0960,94,2,0,66,-4,9.48
fold2_room1_mix0960,95,2,0,55,-5,7.13
fold2_room1_mix0961,31,1,0,-99,-3,12.72
fold2_room1_mix0961,33,1,0,-89,-4,12.55
fold2_room1_mix0961,34,1,0,-89,-4,10.41
fold2_room1_mix0961,35,1,0,-80,-4,9.42
fold2_room1_mix0961,36,1,0,-85,-4,11.14
fold2_room1_mix0961,37,1,0,-85,-2,2.27
fold2_room1_mix0961,38,1,0,-64,-4,14.36
fold2_room1_mix0961,39,1,0,-63,-4,11.84
fold2_room1_mix0961,40,1,0,-60,-3,14.91
fold2_room1_mix0961,41,1,0,-56,-3,11.32
fold2_room1_mix0961,43,1,0,-48,-3,15.98
fold2_room1_mix0961,44,1,0,-45,-3,15.27
fold2_room1_mix0961,45,1,0,-49,-3,15.91
fold2_room1_mix0961,47,1,0,-49,-3,14.42
fold2_room1_mix0961,48,1,0,-43,-3,18.18
fold2_room1_mix0961,49,1,0,-35,-3,15.70
fold2_room1_mix0961,50,1,0,-33,-3,22.15
fold2_room1_mix0961,52,1,0,-37,-3,15.33
fold2_room1_mix0961,53,1,0,-32,-3,22.21
fold2_room1_mix0961,54,1,0,-31,-3,19.87
fold2_room1_mix0961,55,1,0,-29,-2,22.91
fold2_room1_mix0961,57,1,0,-30,-2,12.36
fold2_room1_mix0961,58,1,0,-28,-2,24.36
fold2_room1_mix0961,59,1,0,-29,-2,22.65
fold2_room1_mix0961,60,1,0,-27,-2,20.24
fold2_room1_mix0961,62,1,0,-24,-2,13.38
fold2_room1_mix0961,63,1,0,-22,-2,29.99
fold2_room1_mix0961,64,1,0,-24,-2,22.87
fold2_room1_mix0961,67,1,0,-22,-2,14.94
fold2_room1_mix0961,68,1,0,-19,-2,24.57
fold2_room1_mix0961,69,1,0,-18,-2,24.29
fold2_room1_mix0961,72,1,0,-19,-2,17.30
fold2_room1_mix0961,73,1,0,-18,-2,22.92
fold2_room1_mix0961,74,1,0,-14,-2,26.20
fold2_room1_mix0961,74,4,0,89,4,0.78
fold2_room1_mix0961,75,1,0,-12,-1,2.84
fold2_room1_mix0961,76,1,0,-9,-2,5.66
fold2_room1_mix0961,77,1,0,-18,-2,19.93
fold2_room1_mix0961,78,1,0,-16,-2,16.54
fold2_room1_mix0961,81,4,0,80,-2,8.45
fold2_room1_mix0961,82,4,0,80,0,3.85
fold2_room1_mix0961,83,4,0,79,0,2.19
fold2_room1_mix0961,84,4,0,78,0,2.53
fold2_room1_mix0963,2,4,0,167,3,0.34
fold2_room1_mix0963,3,4,0,172,0,1.03
fold2_room1_mix0963,3,4,0,9,1,1.33
fold2_room1_mix0963,4,4,0,177,-1,9.35
fold2_room1_mix0963,4,4,0,155,0,11.67
fold2_room1_mix0963,4,4,0,22,1,13.25
fold2_room1_mix0963,5,4,0,167,0,12.71
fold2_room1_mix0963,5,4,0,18,0,14.77
fold2_room1_mix0963,6,4,0,168,0,13.39
fold2_room1_mix0963,6,4,0,23,0,14.92
fold2_room1_mix0963,7,4,0,175,0,20.37
fold2_room1_mix0963,7,4,0,156,0,21.58
fold2_room1_mix0963,7,4,0,19,1,25.88
fold2_room1_mix0963,8,4,0,171,-1,21.56
fold2_room1_mix0963,8,4,0,23,0,24.77
fold2_room1_mix0963,9,4,0,172,-1,21.59
fold2_room1_mix0963,9,4,0,22,0,24.33
fold2_room1_mix0963,10,4,0,171,0,22.26
fold2_room1_mix0963,10,4,0,23,0,23.94
fold2_room1_mix0963,11,4,0,172,-1,21.65
fold2_room1_mix0963,11,4,0,25,0,23.80
fold2_room1_mix0963,12,4,0,171,-1,21.06
fold2_room1_mix0963,12,4,0,30,0,22.59
fold2_room1_mix0963,13,4,0,-178,-1,21.79
fold2_room1_mix0963,13,4,0,165,0,22.05
fold2_room1_mix0963,13,4,0,25,0,22.62
fold2_room1_mix0963,14,4,0,178,-1,21.56
fold2_room1_mix0963,14,4,0,151,-1,20.57
fold2_room1_mix0963,14,4,0,29,0,22.39
fold2_room1_mix0963,15,4,0,179,-1,21.12
fold2_room1_mix0963,15,4,0,159,-1,21.30
fold2_room1_mix0963,15,4,0,24,0,23.80
fold2_room1_mix0963,16,4,0,172,-1,21.36
fold2_room1_mix0963,16,4,0,33,0,22.17
fold2_room1_mix0963,17,4,0,177,-2,20.95
fold2_room1_mix0963,17,4,0,156,-1,21.08
fold2_room1_mix0963,17,4,0,33,0,22.68
fold2_room1_mix0963,18,4,0,175,-1,21.45
fold2_room1_mix0963,18,4,0,160,0,20.65
fold2_room1_mix0963,18,4,0,31,0,21.98
fold2_room1_mix0963,19,4,0,-178,-1,19.14
fold2_room1_mix0963,19,4,0,157,-1,19.35
fold2_room1_mix0963,19,4,0,34,0,20.50
fold2_room1_mix0963,20,4,0,-179,-2,20.21
fold2_room1_mix0963,20,4,0,153,-1,20.40
fold2_room1_mix0963,20,4,0,29,0,22.40
fold2_room1_mix0963,21,4,0,177,-1,20.10
fold2_room1_mix0963,21,4,0,159,-1,19.67
fold2_room1_mix0963,21,4,0,35,-1,20.91
fold2_room1_mix0963,22,4,0,-178,-2,16.18
fold2_room1_mix0963,22,4,0,153,-1,17.16
fold2_room1_mix0963,22,4,0,33,0,21.06
fold2_room1_mix0963,23,4,0,177,-2,17.76
fold2_room1_mix0963,23,4,0,161,-1,19.22
fold2_room1_mix0963,23,4,0,33,0,21.44
fold2_room1_mix0963,24,4,0,169,-2,18.06
fold2_room1_mix0963,24,4,0,40,0,20.54
fold2_room1_mix0963,25,4,0,171,-2,18.46
fold2_room1_mix0963,25,4,0,35,-1,21.40
fold2_room1_mix0963,26,4,0,178,-2,15.85
fold2_room1_mix0963,26,4,0,156,-1,18.19
fold2_room1_mix0963,26,4,0,32,0,20.57
fold2_room1_mix0963,27,4,0,174,-3,17.02
fold2_room1_mix0963,27,4,0,159,-1,19.07
fold2_room1_mix0963,27,4,0,35,-1,21.04
fold2_room1_mix0963,28,4,0,177,-2,15.66
fold2_room1_mix0963,28,4,0,158,-1,17.75
fold2_room1_mix0963,28,4,0,32,-1,20.61
fold2_room1_mix0963,29,4,0,176,-3,14.77
fold2_room1_mix0963,29,4,0,158,-1,17.49
fold2_room1_mix0963,29,4,0,40,-1,19.66
fold2_room1_mix0963,30,4,0,175,-3,14.28
fold2_room1_mix0963,30,4,0,155,-1,17.72
fold2_room1_mix0963,30,4,0,31,-1,20.98
fold2_room1_mix0963,31,4,0,176,-2,15.48
fold2_room1_mix0963,31,4,0,160,-1,17.52
fold2_room1_mix0963,31,4,0,35,-1,20.49
fold2_room1_mix0963,32,4,0,176,-2,13.84
fold2_room1_mix0963,32,4,0,155,-1,15.96
fold2_room1_mix0963,32,4,0,45,-1,18.83
fold2_room1_mix0963,33,4,0,175,-2,14.65
fold2_room1_mix0963,33,4,0,154,-1,17.54
fold2_room1_mix0963,33,4,0,36,-1,20.28
fold2_room1_mix0963,34,4,0,174,-2,13.34
fold2_room1_mix0963,34,4,0,154,-1,15.84
fold2_room1_mix0963,34,4,0,46,-1,18.38
fold2_room1_mix0963,35,4,0,175,-3,12.88
fold2_room1_mix0963,35,4,0,157,-1,16.29
fold2_room1_mix0963,35,4,0,53,-1,17.68
fold2_room1_mix0963,36,4,0,171,-3,12.76
fold2_room1_mix0963,36,4,0,154,-1,16.52
fold2_room1_mix0963,36,4,0,44,-1,19.30
fold2_room1_mix0963,37,4,0,170,-3,10.66
fold2_room1_mix0963,37,4,0,154,-1,14.66
fold2_room1_mix0963,37,4,0,50,-1,18.43
fold2_room1_mix0963,38,4,0,171,-4,9.23
fold2_room1_mix0963,38,4,0,155,-2,12.94
fold2_room1_mix0963,38,4,0,56,-1,17.36
fold2_room1_mix0963,39,4,0,163,-3,10.90
fold2_room1_mix0963,39,4,0,53,-1,17.30
fold2_room1_mix0963,40,4,0,164,-3,9.52
fold2_room1_mix0963,40,4,0,71,-2,15.39
fold2_room1_mix0963,41,4,0,169,-6,5.85
fold2_room1_mix0963,41,4,0,153,-2,11.06
fold2_room1_mix0963,41,4,0,57,-2,14.97
fold2_room1_mix0963,42,4,0,169,-6,5.81
fold2_room1_mix0963,42,4,0,154,-2,10.88
fold2_room1_mix0963,42,4,0,67,-3,13.78
fold2_room1_mix0963,43,4,0,159,-7,6.41
fold2_room1_mix0963,43,4,0,84,-3,13.74
fold2_room1_mix0963,44,4,0,155,-8,6.90
fold2_room1_mix0963,44,4,0,66,-9,7.71
fold2_room1_mix0963,45,4,0,153,-3,9.50
fold2_room1_mix0963,45,4,0,138,-6,8.55
fold2_room1_mix0963,45,4,0,45,-12,4.22
fold2_room1_mix0963,46,4,0,158,-2,9.53
fold2_room1_mix0963,46,4,0,134,-2,10.22
fold2_room1_mix0963,46,4,0,26,-8,5.10
fold2_room1_mix0963,47,4,0,155,-3,8.42
fold2_room1_mix0963,47,4,0,136,-2,9.94
fold2_room1_mix0963,47,4,0,15,-7,5.79
fold2_room1_mix0963,48,4,0,151,-4,6.78
fold2_room1_mix0963,48,4,0,125,-1,11.32
fold2_room1_mix0963,48,4,0,14,-6,6.15
fold2_room1_mix0963,49,4,0,154,-4,7.64
fold2_room1_mix0963,49,4,0,125,0,12.74
fold2_room1_mix0963,49,4,0,9,-5,6.56
fold2_room1_mix0963,50,4,0,155,-4,6.82
fold2_room1_mix0963,50,4,0,127,0,12.50
fold2_room1_mix0963,50,4,0,7,-4,7.48
fold2_room1_mix0963,51,4,0,155,-6,5.42
fold2_room1_mix0963,51,4,0,126,0,13.86
fold2_room1_mix0963,51,4,0,6,-4,7.41
fold2_room1_mix0963,52,4,0,161,-7,5.40
fold2_room1_mix0963,52,4,0,129,-1,13.71
fold2_room1_mix0963,52,4,0,8,-5,7.74
fold2_room1_mix0963,53,4,0,159,-8,4.37
fold2_room1_mix0963,53,4,0,130,0,12.77
fold2_room1_mix0963,53,4,0,10,-5,7.45
fold2_room1_mix0963,54,4,0,157,-8,4.20
fold2_room1_mix0963,54,4,0,129,-1,11.24
fold2_room1_mix0963,54,4,0,11,-4,8.07
fold2_room1_mix0963,55,4,0,157,-10,3.60
fold2_room1_mix0963,55,4,0,128,-1,11.44
fold2_room1_mix0963,55,4,0,16,-5,8.02
fold2_room1_mix0963,56,4,0,152,-11,3.18
fold2_room1_mix0963,56,4,0,125,-2,10.19
fold2_room1_mix0963,56,4,0,13,-5,7.67
fold2_room1_mix0963,57,4,0,149,-13,2.83
fold2_room1_mix0963,57,4,0,123,-2,10.56
fold2_room1_mix0963,57,4,0,16,-6,7.86
fold2_room1_mix0963,58,4,0,148,-14,2.85
fold2_room1_mix0963,58,4,0,125,-4,9.20
fold2_room1_mix0963,58,4,0,19,-7,8.04
fold2_room1_mix0963,59,4,0,137,-17,2.92
fold2_room1_mix0963,59,4,0,122,-7,8.10
fold2_room1_mix0963,59,4,0,54,-15,6.07
fold2_room1_mix0963,60,4,0,122,-21,3.36
fold2_room1_mix0963,60,4,0,105,-13,5.83
fold2_room1_mix0963,60,4,0,46,-13,6.43
fold2_room1_mix0963,61,4,0,96,-17,4.87
fold2_room1_mix0963,61,4,0,40,-12,6.80
fold2_room1_mix0963,62,4,0,101,-12,6.98
fold2_room1_mix0963,62,4,0,75,-15,4.05
fold2_room1_mix0963,62,4,0,30,-9,6.38
fold2_room1_mix0963,63,4,0,93,-10,8.54
fold2_room1_mix0963,63,4,0,55,-15,3.32
fold2_room1_mix0963,63,4,0,31,-9,6.01
fold2_room1_mix0963,64,4,0,90,-8,10.34
fold2_room1_mix0963,64,4,0,33,-11,4.98
fold2_room1_mix0963,65,4,0,81,-6,11.09
fold2_room1_mix0963,65,4,0,28,-10,5.62
fold2_room1_mix0963,66,4,0,84,-4,13.51
fold2_room1_mix0963,66,4,0,25,-8,5.54
fold2_room1_mix0963,67,4,0,88,-2,15.79
fold2_room1_mix0963,67,4,0,24,-9,5.14
fold2_room1_mix0963,68,4,0,77,-4,13.88
fold2_room1_mix0963,68,4,0,20,-7,6.59
fold2_room1_mix0963,69,4,0,79,-3,13.40
fold2_room1_mix0963,69,4,0,18,-6,7.04
fold2_room1_mix0963,70,4,0,90,-4,12.68
fold2_room1_mix0963,70,4,0,15,-6,7.94
fold2_room1_mix0963,71,4,0,84,-4,13.12
fold2_room1_mix0963,71,4,0,15,-5,8.81
fold2_room1_mix0963,72,4,0,82,-4,12.46
fold2_room1_mix0963,72,4,0,14,-5,9.39
fold2_room1_mix0963,73,4,0,88,-3,13.74
fold2_room1_mix0963,73,4,0,14,-5,9.02
fold2_room1_mix0963,74,4,0,87,-3,12.91
fold2_room1_mix0963,74,4,0,13,-4,10.03
fold2_room1_mix0963,75,4,0,88,-3,13.24
fold2_room1_mix0963,75,4,0,13,-4,10.44
fold2_room1_mix0963,76,4,0,87,-3,12.82
fold2_room1_mix0963,76,4,0,13,-4,10.66
fold2_room1_mix0963,77,4,0,89,-3,13.46
fold2_room1_mix0963,77,4,0,11,-3,12.22
fold2_room1_mix0963,78,4,0,86,-3,14.61
fold2_room1_mix0963,78,4,0,11,-3,12.33
fold2_room1_mix0963,79,4,0,79,-3,13.83
fold2_room1_mix0963,79,4,0,11,-3,12.78
fold2_room1_mix0963,80,4,0,92,-3,13.57
fold2_room1_mix0963,80,4,0,9,-3,13.34
fold2_room1_mix0963,81,4,0,87,-3,13.87
fold2_room1_mix0963,81,4,0,9,-2,14.33
fold2_room1_mix0963,82,4,0,89,-4,13.25
fold2_room1_mix0963,82,4,0,8,-2,14.37
fold2_room1_mix0963,83,4,0,95,-3,13.06
fold2_room1_mix0963,83,4,0,8,-2,14.47
fold2_room1_mix0963,84,4,0,97,-3,13.94
fold2_room1_mix0963,84,4,0,8,-2,16.25
fold2_room1_mix0963,85,4,0,94,-3,13.68
fold2_room1_mix0963,85,4,0,9,-2,15.66
fold2_room1_mix0963,86,4,0,94,-3,13.20
fold2_room1_mix0963,86,4,0,8,-2,15.32
fold2_room1_mix0963,87,4,0,95,-3,13.51
fold2_room1_mix0963,87,4,0,8,-1,16.70
fold2_room1_mix0963,88,4,0,94,-3,13.49
fold2_room1_mix0963,88,4,0,9,-1,16.39
fold2_room1_mix0963,89,4,0,97,-3,13.72
fold2_room1_mix0963,89,4,0,9,-2,16.70
fold2_room1_mix0963,90,4,0,98,-3,13.78
fold2_room1_mix0963,90,4,0,8,-1,18.38
fold2_room1_mix0963,91,4,0,98,-2,14.53
fold2_room1_mix0963,91,4,0,8,-1,19.34
fold2_room1_mix0963,92,4,0,99,-2,13.85
fold2_room1_mix0963,92,4,0,9,-1,18.57
fold2_room1_mix0963,93,4,0,101,-2,14.25
fold2_room1_mix0963,93,4,0,8,-1,18.98
fold2_room1_mix0963,94,4,0,102,-2,13.92
fold2_room1_mix0963,94,4,0,9,-1,19.02
fold2_room1_mix0963,95,4,0,101,-2,13.72
fold2_room1_mix0963,95,4,0,9,-1,19.32
fold2_room1_mix0963,96,4,0,107,-2,13.94
fold2_room1_mix0963,96,4,0,10,-1,19.77
fold2_room1_mix0963,97,4,0,108,-2,15.01
fold2_room1_mix0963,97,4,0,11,-1,21.35
fold2_room1_mix0963,98,4,0,107,-3,14.32
fold2_room1_mix0963,98,4,0,11,-1,20.43
fold2_room1_mix0963,99,4,0,110,-2,13.58
fold2_room1_mix0963,99,4,0,11,-1,19.66
fold2_room1_mix0964,0,5,0,-61,2,9.66
fold2_room1_mix0964,1,5,0,-62,4,10.21
fold2_room1_mix0964,2,5,0,-58,3,13.64
fold2_room1_mix0964,3,5,0,-55,3,14.34
fold2_room1_mix0964,4,5,0,-50,3,13.80
fold2_room1_mix0964,5,5,0,-59,4,13.69
fold2_room1_mix0964,6,5,0,-63,3,17.61
fold2_room1_mix0964,7,5,0,-51,3,15.57
fold2_room1_mix0964,8,5,0,-59,2,17.14
fold2_room1_mix0964,9,5,0,-61,3,15.77
fold2_room1_mix0964,10,5,0,-60,3,14.01
fold2_room1_mix0964,11,5,0,-58,2,17.20
fold2_room1_mix0964,12,5,0,-63,3,17.01
fold2_room1_mix0964,13,5,0,-63,3,14.45
fold2_room1_mix0964,14,5,0,-59,3,17.12
fold2_room1_mix0964,15,5,0,-66,3,13.71
fold2_room1_mix0964,16,5,0,-63,3,15.74
fold2_room1_mix0964,17,5,0,-61,3,14.69
fold2_room1_mix0964,18,5,0,-67,3,14.79
fold2_room1_mix0964,19,5,0,-64,3,13.82
fold2_room1_mix0964,20,5,0,-64,3,14.30
fold2_room1_mix0964,21,5,0,-68,3,15.11
fold2_room1_mix0964,22,5,0,-66,3,15.35
fold2_room1_mix0964,23,5,0,-65,4,12.46
fold2_room1_mix0964,24,5,0,-62,3,15.29
fold2_room1_mix0964,25,5,0,-64,3,15.24
fold2_room1_mix0964,26,5,0,-68,3,14.28
fold2_room1_mix0964,27,5,0,-68,3,14.16
fold2_room1_mix0964,28,5,0,-65,3,16.22
fold2_room1_mix0964,29,5,0,-67,4,14.60
fold2_room1_mix0964,30,5,0,-63,2,18.38
fold2_room1_mix0964,31,5,0,-66,4,14.01
fold2_room1_mix0964,32,5,0,-67,3,14.95
fold2_room1_mix0964,33,5,0,-62,3,16.18
fold2_room1_mix0964,34,4,0,0,-1,8.31
fold2_room1_mix0964,34,5,0,-65,4,14.78
fold2_room1_mix0964,35,5,0,-68,3,14.23
fold2_room1_mix0964,36,5,0,-67,3,15.23
fold2_room1_mix0964,37,4,0,6,-2,12.79
fold2_room1_mix0964,37,5,0,-70,3,15.55
fold2_room1_mix0964,38,4,0,5,-3,15.56
fold2_room1_mix0964,38,5,0,-63,3,16.51
fold2_room1_mix0964,39,4,0,4,-3,12.26
fold2_room1_mix0964,39,5,0,-69,4,13.56
fold2_room1_mix0964,40,4,0,0,-2,12.62
fold2_room1_mix0964,40,5,0,-68,3,16.52
fold2_room1_mix0964,41,4,0,1,-2,12.57
fold2_room1_mix0964,41,5,0,-64,3,16.42
fold2_room1_mix0964,42,4,0,2,-3,13.29
fold2_room1_mix0964,42,5,0,-68,3,15.28
fold2_room1_mix0964,43,4,0,5,-3,12.93
fold2_room1_mix0964,43,5,0,-68,3,14.51
fold2_room1_mix0964,44,4,0,2,-3,12.46
fold2_room1_mix0964,44,5,0,-66,3,15.49
fold2_room1_mix0964,45,4,0,0,-3,10.82
fold2_room1_mix0964,45,5,0,-63,3,15.24
fold2_room1_mix0964,46,4,0,4,-4,9.95
fold2_room1_mix0964,46,5,0,-67,3,15.56
fold2_room1_mix0964,47,4,0,3,-5,8.47
fold2_room1_mix0964,47,5,0,-70,3,14.30
fold2_room1_mix0964,48,4,0,6,-5,7.24
fold2_room1_mix0964,48,5,0,-72,3,15.31
fold2_room1_mix0964,49,4,0,4,-6,6.64
fold2_room1_mix0964,49,5,0,-68,3,15.31
fold2_room1_mix0964,50,4,0,4,-7,5.63
fold2_room1_mix0964,50,5,0,-73,3,15.19
fold2_room1_mix0964,51,4,0,170,-6,9.67
fold2_room1_mix0964,51,4,0,7,-8,5.02
fold2_room1_mix0964,51,5,0,-77,4,13.85
fold2_room1_mix0964,52,4,0,13,-10,3.97
fold2_room1_mix0964,52,5,0,-69,3,14.25
fold2_room1_mix0964,53,4,0,21,-13,3.55
fold2_room1_mix0964,53,5,0,-71,4,13.74
fold2_room1_mix0964,54,4,0,112,-21,3.70
fold2_room1_mix0964,54,4,0,37,-16,1.81
fold2_room1_mix0964,54,5,0,-78,4,14.07
fold2_room1_mix0964,55,4,0,148,-12,4.68
fold2_room1_mix0964,55,4,0,90,-25,0.85
fold2_room1_mix0964,55,4,0,71,-24,1.64
fold2_room1_mix0964,55,5,0,-75,5,12.69
fold2_room1_mix0964,56,4,0,163,-8,4.61
fold2_room1_mix0964,56,4,0,141,-16,1.52
fold2_room1_mix0964,56,5,0,-74,5,15.04
fold2_room1_mix0964,57,4,0,159,-9,2.91
fold2_room1_mix0964,57,5,0,-76,5,14.23
fold2_room1_mix0964,58,4,0,166,-7,4.06
fold2_room1_mix0964,58,5,0,-78,5,14.60
fold2_room1_mix0964,59,4,0,169,-4,4.81
fold2_room1_mix0964,59,5,0,-82,5,15.26
fold2_room1_mix0964,60,4,0,171,-3,5.08
fold2_room1_mix0964,60,5,0,-74,5,13.94
fold2_room1_mix0964,61,4,0,174,-3,5.98
fold2_room1_mix0964,61,5,0,-76,5,13.69
fold2_room1_mix0964,62,4,0,173,-3,6.53
fold2_room1_mix0964,62,5,0,-80,4,15.90
fold2_room1_mix0964,63,4,0,176,-2,7.67
fold2_room1_mix0964,63,5,0,-83,5,12.06
fold2_room1_mix0964,64,4,0,177,-2,8.23
fold2_room1_mix0964,64,5,0,-78,4,14.05
fold2_room1_mix0964,65,4,0,176,-1,8.63
fold2_room1_mix0964,65,5,0,-78,4,12.85
fold2_room1_mix0964,66,4,0,177,-2,8.99
fold2_room1_mix0964,66,5,0,-80,5,12.59
fold2_room1_mix0964,67,4,0,179,-1,9.22
fold2_room1_mix0964,67,5,0,-82,5,12.72
fold2_room1_mix0964,68,4,0,178,-2,9.20
fold2_room1_mix0964,68,5,0,-84,5,11.60
fold2_room1_mix0964,69,4,0,-179,-2,8.69
fold2_room1_mix0964,69,5,0,-81,5,13.56
fold2_room1_mix0964,70,4,0,-179,-2,8.30
fold2_room1_mix0964,70,5,0,-85,5,12.85
fold2_room1_mix0964,71,4,0,-174,-3,7.81
fold2_room1_mix0964,71,5,0,-85,6,10.64
fold2_room1_mix0964,72,4,0,-172,-5,6.55
fold2_room1_mix0964,72,5,0,-84,4,13.92
fold2_room1_mix0964,73,4,0,-166,-5,5.98
fold2_room1_mix0964,73,5,0,-81,5,12.01
fold2_room1_mix0964,74,4,0,-155,-8,4.30
fold2_room1_mix0964,74,5,0,-83,5,11.35
fold2_room1_mix0964,75,4,0,-130,-11,2.62
fold2_room1_mix0964,75,5,0,-83,4,12.87
fold2_room1_mix0964,76,4,0,-110,-8,3.02
fold2_room1_mix0964,76,4,0,-94,-12,1.50
fold2_room1_mix0964,76,5,0,-83,5,12.11
fold2_room1_mix0964,77,4,0,-66,-11,1.79
fold2_room1_mix0964,77,5,0,-78,5,12.62
fold2_room1_mix0964,78,4,0,-42,-9,1.72
fold2_room1_mix0964,78,5,0,-82,4,13.70
fold2_room1_mix0964,79,4,0,-32,-7,2.51
fold2_room1_mix0964,79,5,0,-82,5,11.62
fold2_room1_mix0964,80,4,0,-25,-6,3.15
fold2_room1_mix0964,80,5,0,-76,4,13.76
fold2_room1_mix0964,81,4,0,-17,-5,4.57
fold2_room1_mix0964,81,5,0,-82,5,12.09
fold2_room1_mix0964,82,4,0,-14,-4,5.08
fold2_room1_mix0964,82,5,0,-83,4,13.21
fold2_room1_mix0964,83,4,0,-12,-3,5.93
fold2_room1_mix0964,83,5,0,-81,4,13.03
fold2_room1_mix0964,84,4,0,-7,-2,6.61
fold2_room1_mix0964,84,5,0,-82,4,12.33
fold2_room1_mix0964,85,4,0,-8,-2,8.03
fold2_room1_mix0964,85,5,0,-76,4,13.78
fold2_room1_mix0964,86,4,0,-6,-2,8.78
fold2_room1_mix0964,86,5,0,-83,4,14.43
fold2_room1_mix0964,87,4,0,-5,-1,9.96
fold2_room1_mix0964,87,5,0,-83,5,11.12
fold2_room1_mix0964,88,4,0,-5,-1,10.75
fold2_room1_mix0964,88,5,0,-86,3,15.03
fold2_room1_mix0964,89,4,0,-6,-1,12.17
fold2_room1_mix0964,89,5,0,-86,4,13.37
fold2_room1_mix0964,90,4,0,-5,-1,12.29
fold2_room1_mix0964,90,5,0,-84,4,13.41
fold2_room1_mix0964,91,4,0,-7,-1,13.64
fold2_room1_mix0964,91,5,0,-86,4,14.30
fold2_room1_mix0964,92,4,0,-2,-1,15.34
fold2_room1_mix0964,92,5,0,-87,4,12.98
fold2_room1_mix0964,93,4,0,-3,-1,15.55
fold2_room1_mix0964,93,5,0,-84,4,12.69
fold2_room1_mix0964,94,4,0,-5,-1,15.26
fold2_room1_mix0964,94,5,0,-89,4,14.23
fold2_room1_mix0964,95,4,0,-1,0,14.70
fold2_room1_mix0964,95,5,0,-85,4,13.17
fold2_room1_mix0964,96,4,0,-3,0,11.82
fold2_room1_mix0964,96,5,0,-88,4,14.94
fold2_room1_mix0964,97,4,0,-11,0,4.86
fold2_room1_mix0964,97,5,0,-89,4,13.50
fold2_room1_mix0964,98,5,0,-86,4,13.46
fold2_room1_mix0964,99,5,0,-90,4,12.61
fold2_room1_mix0965,2,4,0,-6,0,4.65
fold2_room1_mix0965,3,4,0,-7,0,10.06
fold2_room1_mix0965,4,4,0,-5,-1,11.92
fold2_room1_mix0965,5,4,0,-6,-1,14.39
fold2_room1_mix0965,6,4,0,-10,-1,16.30
fold2_room1_mix0965,7,4,0,-6,-2,21.39
fold2_room1_mix0965,8,4,0,-4,-2,20.18
fold2_room1_mix0965,9,4,0,-3,-2,20.25
fold2_room1_mix0965,10,4,0,-2,-1,20.39
fold2_room1_mix0965,11,4,0,-1,-2,19.62
fold2_room1_mix0965,12,4,0,-1,-2,17.47
fold2_room1_mix0965,13,4,0,-3,-2,19.38
fold2_room1_mix0965,14,4,0,-3,-2,18.54
fold2_room1_mix0965,15,4,0,-4,-2,18.11
fold2_room1_mix0965,16,4,0,-3,-2,16.39
fold2_room1_mix0965,17,4,0,-5,-2,16.28
fold2_room1_mix0965,18,4,0,-5,-2,15.85
fold2_room1_mix0965,19,4,0,-6,-2,15.31
fold2_room1_mix0965,20,4,0,-7,-2,16.26
fold2_room1_mix0965,21,4,0,-8,-3,15.23
fold2_room1_mix0965,22,4,0,-5,-3,14.00
fold2_room1_mix0965,23,4,0,-8,-3,13.81
fold2_room1_mix0965,24,4,0,-9,-3,13.16
fold2_room1_mix0965,25,4,0,-10,-3,12.91
fold2_room1_mix0965,26,4,0,-10,-3,13.51
fold2_room1_mix0965,27,4,0,-9,-3,12.74
fold2_room1_mix0965,28,4,0,-9,-3,12.68
fold2_room1_mix0965,29,4,0,-11,-3,12.34
fold2_room1_mix0965,30,4,0,-9,-3,12.16
fold2_room1_mix0965,31,4,0,-10,-3,11.85
fold2_room1_mix0965,32,4,0,-12,-3,11.16
fold2_room1_mix0965,33,4,0,-8,-3,11.49
fold2_room1_mix0965,34,4,0,-11,-4,10.77
fold2_room1_mix0965,35,4,0,-9,-4,10.37
fold2_room1_mix0965,36,4,0,-10,-4,10.28
fold2_room1_mix0965,37,4,0,-10,-4,9.49
fold2_room1_mix0965,38,4,0,-11,-4,8.95
fold2_room1_mix0965,39,4,0,-12,-4,8.68
fold2_room1_mix0965,40,4,0,-13,-4,8.44
fold2_room1_mix0965,41,4,0,-14,-5,7.99
fold2_room1_mix0965,42,4,0,-15,-5,7.82
fold2_room1_mix0965,43,4,0,-14,-5,7.77
fold2_room1_mix0965,44,4,0,-16,-5,6.96
fold2_room1_mix0965,45,4,0,-18,-6,6.94
fold2_room1_mix0965,46,4,0,-17,-6,6.64
fold2_room1_mix0965,47,4,0,-18,-6,6.38
fold2_room1_mix0965,48,4,0,-20,-7,5.68
fold2_room1_mix0965,49,3,0,-108,-6,3.28
fold2_room1_mix0965,49,4,0,-20,-6,6.43
fold2_room1_mix0965,50,3,0,-112,-5,10.03
fold2_room1_mix0965,50,4,0,-22,-6,6.11
fold2_room1_mix0965,51,3,0,-113,-5,11.41
fold2_room1_mix0965,51,4,0,-20,-7,5.77
fold2_room1_mix0965,52,3,0,-104,-4,9.78
fold2_room1_mix0965,52,4,0,-20,-7,5.27
fold2_room1_mix0965,53,3,0,-103,-5,9.01
fold2_room1_mix0965,53,4,0,-23,-7,5.37
fold2_room1_mix0965,54,3,0,-106,-5,10.85
fold2_room1_mix0965,54,4,0,-25,-8,4.94
fold2_room1_mix0965,55,3,0,-102,-4,10.38
fold2_room1_mix0965,55,4,0,-26,-9,4.77
fold2_room1_mix0965,56,3,0,-93,-4,8.69
fold2_room1_mix0965,56,4,0,-30,-10,4.25
fold2_room1_mix0965,57,3,0,-104,-4,9.47
fold2_room1_mix0965,57,4,0,-31,-10,4.10
fold2_room1_mix0965,58,3,0,-95,-4,7.09
fold2_room1_mix0965,58,4,0,-34,-12,3.57
fold2_room1_mix0965,59,4,0,-37,-12,3.22
fold2_room1_mix0965,60,4,0,-38,-14,3.13
fold2_room1_mix0965,61,3,0,-103,-5,8.25
fold2_room1_mix0965,61,4,0,-40,-13,3.32
fold2_room1_mix0965,62,3,0,-100,-5,11.83
fold2_room1_mix0965,62,4,0,-43,-13,3.19
fold2_room1_mix0965,63,3,0,-97,-5,9.71
fold2_room1_mix0965,63,4,0,-46,-16,2.95
fold2_room1_mix0965,64,3,0,-98,-5,8.92
fold2_room1_mix0965,64,4,0,-55,-17,2.92
fold2_room1_mix0965,65,3,0,-96,-5,8.51
fold2_room1_mix0965,65,4,0,-63,-20,2.52
fold2_room1_mix0965,66,3,0,-96,-6,8.61
fold2_room1_mix0965,66,4,0,-67,-19,2.66
fold2_room1_mix0965,67,3,0,-95,-5,7.72
fold2_room1_mix0965,67,4,0,-82,-20,2.33
fold2_room1_mix0965,68,3,0,-95,-5,8.15
fold2_room1_mix0965,68,4,0,-90,-20,2.56
fold2_room1_mix0965,69,3,0,-99,-5,8.38
fold2_room1_mix0965,69,4,0,-100,-19,2.48
fold2_room1_mix0965,70,3,0,-100,-5,8.59
fold2_room1_mix0965,70,4,0,-107,-18,2.48
fold2_room1_mix0965,71,3,0,-104,-5,10.34
fold2_room1_mix0965,71,4,0,-119,-18,2.67
fold2_room1_mix0965,72,3,0,-103,-5,9.20
fold2_room1_mix0965,72,4,0,-126,-17,2.77
fold2_room1_mix0965,73,3,0,-105,-5,9.08
fold2_room1_mix0965,73,4,0,-130,-15,2.79
fold2_room1_mix0965,74,3,0,-102,-5,8.54
fold2_room1_mix0965,74,4,0,-133,-14,2.94
fold2_room1_mix0965,75,3,0,-101,-4,3.30
fold2_room1_mix0965,75,4,0,-138,-13,2.70
fold2_room1_mix0965,76,4,0,-141,-13,3.06
fold2_room1_mix0965,77,4,0,-144,-12,3.54
fold2_room1_mix0965,78,4,0,-147,-11,3.58
fold2_room1_mix0965,79,4,0,-149,-10,3.69
fold2_room1_mix0965,80,4,0,-150,-10,3.93
fold2_room1_mix0965,81,4,0,-150,-9,4.38
fold2_room1_mix0965,82,4,0,-152,-9,4.49
fold2_room1_mix0965,83,4,0,-153,-8,4.78
fold2_room1_mix0965,84,4,0,-155,-7,5.63
fold2_room1_mix0965,85,4,0,-155,-7,5.36
fold2_room1_mix0965,86,4,0,-158,-6,5.78
fold2_room1_mix0965,87,4,0,-158,-6,6.58
fold2_room1_mix0965,88,4,0,-159,-6,6.53
fold2_room1_mix0965,89,4,0,-157,-5,6.85
fold2_room1_mix0965,90,4,0,-159,-5,7.42
fold2_room1_mix0965,91,4,0,-161,-5,7.58
fold2_room1_mix0965,92,4,0,-161,-5,7.77
fold2_room1_mix0965,93,4,0,-161,-5,8.04
fold2_room1_mix0965,94,4,0,-162,-4,8.28
fold2_room1_mix0965,95,4,0,-161,-5,8.56
fold2_room1_mix0965,96,4,0,-161,-4,8.89
fold2_room1_mix0965,97,4,0,-162,-4,9.55
fold2_room1_mix0965,98,4,0,-162,-4,9.77
fold2_room1_mix0965,99,4,0,-164,-4,8.86
fold2_room1_mix0965,1,4,0,-8,1,1.08
fold2_room1_mix0966,1,4,0,-176,0,1.65
fold2_room1_mix0966,2,4,0,-172,1,2.34
fold2_room1_mix0966,2,5,0,-179,2,2.82
fold2_room1_mix0966,3,4,0,-177,0,4.22
fold2_room1_mix0966,4,4,0,-175,0,12.81
fold2_room1_mix0966,5,4,0,-176,0,12.40
fold2_room1_mix0966,6,4,0,-174,0,14.39
fold2_room1_mix0966,7,4,0,-174,0,16.77
fold2_room1_mix0966,8,4,0,-172,0,20.01
fold2_room1_mix0966,9,4,0,-173,0,18.49
fold2_room1_mix0966,10,4,0,-172,0,17.45
fold2_room1_mix0966,11,4,0,-173,0,18.47
fold2_room1_mix0966,12,1,0,-179,-2,14.93
fold2_room1_mix0966,12,4,0,-174,0,19.43
fold2_room1_mix0966,13,1,0,167,-2,31.22
fold2_room1_mix0966,13,4,0,-177,0,15.87
fold2_room1_mix0966,14,1,0,169,-2,34.67
fold2_room1_mix0966,14,4,0,-175,0,17.97
fold2_room1_mix0966,15,1,0,176,-1,8.73
fold2_room1_mix0966,15,4,0,-172,0,19.52
fold2_room1_mix0966,16,1,0,168,-2,30.31
fold2_room1_mix0966,16,4,0,-175,0,19.04
fold2_room1_mix0966,17,1,0,169,-2,32.16
fold2_room1_mix0966,17,4,0,-178,0,18.99
fold2_room1_mix0966,18,1,0,165,-1,39.21
fold2_room1_mix0966,18,4,0,-175,0,19.11
fold2_room1_mix0966,19,1,0,166,-1,35.76
fold2_room1_mix0966,19,4,0,-174,0,19.12
fold2_room1_mix0966,20,1,0,174,-1,4.93
fold2_room1_mix0966,20,4,0,-171,0,21.96
fold2_room1_mix0966,21,1,0,168,-2,30.16
fold2_room1_mix0966,21,4,0,-171,0,23.56
fold2_room1_mix0966,22,1,0,164,-1,30.82
fold2_room1_mix0966,22,4,0,-178,0,19.58
fold2_room1_mix0966,23,1,0,159,-1,31.63
fold2_room1_mix0966,23,4,0,-171,-1,19.59
fold2_room1_mix0966,24,1,0,162,-2,32.73
fold2_room1_mix0966,24,4,0,-173,0,22.04
fold2_room1_mix0966,25,1,0,169,-1,3.20
fold2_room1_mix0966,25,4,0,-172,0,22.32
fold2_room1_mix0966,26,1,0,163,-2,21.46
fold2_room1_mix0966,26,4,0,-169,0,20.97
fold2_room1_mix0966,27,1,0,161,-1,22.08
fold2_room1_mix0966,27,4,0,-176,0,20.31
fold2_room1_mix0966,28,1,0,157,-2,30.23
fold2_room1_mix0966,28,4,0,-165,-1,21.02
fold2_room1_mix0966,29,1,0,159,-2,28.05
fold2_room1_mix0966,29,4,0,-173,0,21.83
fold2_room1_mix0966,30,1,0,167,-1,3.60
fold2_room1_mix0966,30,4,0,-170,0,24.11
fold2_room1_mix0966,31,1,0,159,-2,18.91
fold2_room1_mix0966,31,4,0,-168,0,24.69
fold2_room1_mix0966,32,1,0,154,-2,17.44
fold2_room1_mix0966,32,4,0,-172,0,24.37
fold2_room1_mix0966,33,1,0,150,-2,24.17
fold2_room1_mix0966,33,4,0,-167,0,25.06
fold2_room1_mix0966,34,1,0,154,-2,27.17
fold2_room1_mix0966,34,4,0,-173,0,23.85
fold2_room1_mix0966,35,1,0,157,-2,11.49
fold2_room1_mix0966,35,4,0,-167,0,22.19
fold2_room1_mix0966,36,1,0,157,-2,16.44
fold2_room1_mix0966,36,4,0,-171,0,22.22
fold2_room1_mix0966,37,1,0,151,-2,19.90
fold2_room1_mix0966,37,4,0,-172,0,21.58
fold2_room1_mix0966,38,1,0,146,-2,18.91
fold2_room1_mix0966,38,4,0,-164,0,20.82
fold2_room1_mix0966,39,1,0,149,-2,22.08
fold2_room1_mix0966,39,4,0,-172,-1,19.79
fold2_room1_mix0966,40,1,0,152,-2,9.83
fold2_room1_mix0966,40,4,0,-166,0,19.02
fold2_room1_mix0966,41,1,0,153,-2,10.20
fold2_room1_mix0966,41,4,0,-167,-1,15.98
fold2_room1_mix0966,42,1,0,144,-2,17.96
fold2_room1_mix0966,42,4,0,-170,-1,16.87
fold2_room1_mix0966,43,1,0,143,-2,17.72
fold2_room1_mix0966,43,4,0,-162,-1,17.61
fold2_room1_mix0966,44,4,0,-169,-1,15.83
fold2_room1_mix0966,45,4,0,-158,-2,14.87
fold2_room1_mix0966,46,4,0,-160,-2,14.20
fold2_room1_mix0966,47,4,0,-158,-2,10.96
fold2_room1_mix0966,48,4,0,-158,-3,10.94
fold2_room1_mix0966,49,4,0,-159,-2,10.69
fold2_room1_mix0966,50,4,0,-159,-2,9.88
fold2_room1_mix0966,51,4,0,-158,-3,9.33
fold2_room1_mix0966,52,4,0,-156,-3,9.15
fold2_room1_mix0966,53,4,0,-156,-3,9.04
fold2_room1_mix0966,54,4,0,-155,-3,8.23
fold2_room1_mix0966,55,4,0,-154,-3,7.86
fold2_room1_mix0966,56,4,0,-152,-4,7.82
fold2_room1_mix0966,57,4,0,-151,-3,7.36
fold2_room1_mix0966,58,4,0,-149,-4,6.62
fold2_room1_mix0966,59,4,0,-149,-4,6.75
fold2_room1_mix0966,60,4,0,-146,-5,5.61
fold2_room1_mix0966,61,4,0,-147,-5,5.45
fold2_room1_mix0966,62,4,0,-141,-6,5.06
fold2_room1_mix0966,63,4,0,-138,-7,4.19
fold2_room1_mix0966,64,4,0,-135,-7,3.92
fold2_room1_mix0966,65,4,0,-128,-7,3.91
fold2_room1_mix0966,66,4,0,-121,-7,3.58
fold2_room1_mix0966,67,4,0,-111,-7,3.29
fold2_room1_mix0966,68,4,0,-100,-9,3.14
fold2_room1_mix0966,69,4,0,-94,-9,3.22
fold2_room1_mix0966,70,4,0,-87,-9,3.27
fold2_room1_mix0966,71,4,0,-78,-8,3.53
fold2_room1_mix0966,72,4,0,-68,-7,3.92
fold2_room1_mix0966,73,4,0,-57,-7,3.51
fold2_room1_mix0966,74,4,0,-49,-6,3.79
fold2_room1_mix0966,75,4,0,-45,-6,4.15
fold2_room1_mix0966,76,4,0,-37,-5,4.61
fold2_room1_mix0966,77,4,0,-36,-5,4.71
fold2_room1_mix0966,78,4,0,-34,-5,5.01
fold2_room1_mix0966,79,4,0,-30,-4,5.61
fold2_room1_mix0966,80,4,0,-26,-4,5.79
fold2_room1_mix0966,81,4,0,-25,-3,6.67
fold2_room1_mix0966,82,4,0,-23,-3,6.79
fold2_room1_mix0966,83,4,0,-22,-3,7.15
fold2_room1_mix0966,84,4,0,-21,-3,7.65
fold2_room1_mix0966,85,4,0,-20,-3,8.22
fold2_room1_mix0966,86,4,0,-18,-3,8.99
fold2_room1_mix0966,87,4,0,-17,-3,9.03
fold2_room1_mix0966,88,4,0,-16,-2,10.14
fold2_room1_mix0966,89,4,0,-14,-2,10.54
fold2_room1_mix0966,90,4,0,-14,-2,10.57
fold2_room1_mix0966,91,4,0,-13,-2,11.81
fold2_room1_mix0966,92,4,0,-12,-2,11.83
fold2_room1_mix0966,93,4,0,-12,-2,12.00
fold2_room1_mix0966,94,4,0,-12,-1,12.56
fold2_room1_mix0966,95,4,0,-11,-2,13.16
fold2_room1_mix0966,96,4,0,-10,-2,13.55
fold2_room1_mix0966,97,4,0,-10,-1,14.72
fold2_room1_mix0966,98,4,0,-10,-1,14.67
fold2_room1_mix0966,99,4,0,-8,-1,14.06
fold2_room1_mix0967,3,4,0,-179,1,3.91
fold2_room1_mix0967,4,4,0,-179,0,17.79
fold2_room1_mix0967,5,4,0,179,0,18.99
fold2_room1_mix0967,6,4,0,-178,0,22.62
fold2_room1_mix0967,7,4,0,178,0,32.21
fold2_room1_mix0967,8,4,0,179,0,30.96
fold2_room1_mix0967,9,4,0,-179,0,29.56
fold2_room1_mix0967,10,4,0,179,0,29.12
fold2_room1_mix0967,11,4,0,178,0,30.33
fold2_room1_mix0967,12,4,0,178,0,27.91
fold2_room1_mix0967,13,4,0,178,0,27.63
fold2_room1_mix0967,14,4,0,179,0,28.80
fold2_room1_mix0967,15,4,0,179,0,27.90
fold2_room1_mix0967,16,4,0,178,0,26.77
fold2_room1_mix0967,17,4,0,178,0,27.90
fold2_room1_mix0967,18,4,0,179,0,26.26
fold2_room1_mix0967,19,4,0,179,0,24.89
fold2_room1_mix0967,20,4,0,179,0,26.59
fold2_room1_mix0967,21,4,0,179,0,25.08
fold2_room1_mix0967,22,4,0,179,0,24.04
fold2_room1_mix0967,23,4,0,178,0,24.44
fold2_room1_mix0967,24,4,0,179,0,24.50
fold2_room1_mix0967,25,4,0,179,-1,23.63
fold2_room1_mix0967,26,4,0,178,0,23.73
fold2_room1_mix0967,27,4,0,178,0,23.10
fold2_room1_mix0967,28,4,0,179,-1,22.78
fold2_room1_mix0967,29,4,0,178,-1,20.97
fold2_room1_mix0967,30,4,0,179,-1,21.40
fold2_room1_mix0967,31,4,0,177,-1,20.94
fold2_room1_mix0967,32,4,0,179,-1,19.77
fold2_room1_mix0967,33,4,0,178,-1,20.11
fold2_room1_mix0967,34,4,0,-179,-1,19.79
fold2_room1_mix0967,35,4,0,178,-1,18.96
fold2_room1_mix0967,36,4,0,179,-1,19.91
fold2_room1_mix0967,37,4,0,178,-1,18.05
fold2_room1_mix0967,38,4,0,178,-1,18.15
fold2_room1_mix0967,39,4,0,178,-1,18.10
fold2_room1_mix0967,40,4,0,178,-1,17.21
fold2_room1_mix0967,41,4,0,178,-1,16.54
fold2_room1_mix0967,42,4,0,178,-1,15.70
fold2_room1_mix0967,43,4,0,178,-1,15.65
fold2_room1_mix0967,44,4,0,178,-1,15.67
fold2_room1_mix0967,45,4,0,178,-2,13.88
fold2_room1_mix0967,46,4,0,179,-2,14.15
fold2_room1_mix0967,47,4,0,178,-2,13.04
fold2_room1_mix0967,48,4,0,178,-2,12.67
fold2_room1_mix0967,49,4,0,177,-2,12.51
fold2_room1_mix0967,50,4,0,177,-2,11.45
fold2_room1_mix0967,51,4,0,177,-2,11.21
fold2_room1_mix0967,52,4,0,177,-3,10.88
fold2_room1_mix0967,53,4,0,177,-3,10.20
fold2_room1_mix0967,54,4,0,177,-3,10.01
fold2_room1_mix0967,55,4,0,177,-3,9.93
fold2_room1_mix0967,56,4,0,176,-3,8.78
fold2_room1_mix0967,57,4,0,177,-4,8.57
fold2_room1_mix0967,58,4,0,177,-4,7.92
fold2_room1_mix0967,59,4,0,176,-4,7.80
fold2_room1_mix0967,60,4,0,175,-5,6.71
fold2_room1_mix0967,61,4,0,175,-5,6.21
fold2_room1_mix0967,62,4,0,174,-5,5.87
fold2_room1_mix0967,63,4,0,174,-6,5.28
fold2_room1_mix0967,64,4,0,174,-7,4.54
fold2_room1_mix0967,65,4,0,170,-7,4.30
fold2_room1_mix0967,66,4,0,168,-9,3.65
fold2_room1_mix0967,67,4,0,166,-11,3.15
fold2_room1_mix0967,68,4,0,163,-12,2.79
fold2_room1_mix0967,69,4,0,157,-14,2.01
fold2_room1_mix0967,70,4,0,148,-18,1.65
fold2_room1_mix0967,71,4,0,131,-24,1.38
fold2_room1_mix0967,72,4,0,96,-34,1.06
fold2_room1_mix0967,73,4,0,57,-28,1.08
fold2_room1_mix0967,74,4,0,33,-19,1.33
fold2_room1_mix0967,75,4,0,24,-14,1.83
fold2_room1_mix0967,76,4,0,19,-12,2.25
fold2_room1_mix0967,77,4,0,15,-10,2.66
fold2_room1_mix0967,78,4,0,13,-8,3.16
fold2_room1_mix0967,79,4,0,12,-7,3.77
fold2_room1_mix0967,80,4,0,8,-6,4.09
fold2_room1_mix0967,81,4,0,8,-6,4.41
fold2_room1_mix0967,82,4,0,7,-5,5.13
fold2_room1_mix0967,83,4,0,7,-5,5.21
fold2_room1_mix0967,84,4,0,6,-4,6.20
fold2_room1_mix0967,85,4,0,6,-4,6.35
fold2_room1_mix0967,86,4,0,6,-4,6.89
fold2_room1_mix0967,87,4,0,6,-4,7.59
fold2_room1_mix0967,88,4,0,6,-4,7.78
fold2_room1_mix0967,89,4,0,5,-4,8.32
fold2_room1_mix0967,90,4,0,5,-3,8.98
fold2_room1_mix0967,91,4,0,5,-3,9.75
fold2_room1_mix0967,92,4,0,5,-3,9.72
fold2_room1_mix0967,93,4,0,4,-3,10.27
fold2_room1_mix0967,94,4,0,4,-3,11.06
fold2_room1_mix0967,95,4,0,5,-3,11.67
fold2_room1_mix0967,96,4,0,4,-3,11.75
fold2_room1_mix0967,97,4,0,5,-2,13.64
fold2_room1_mix0967,98,4,0,4,-2,12.98
fold2_room1_mix0967,99,4,0,4,-3,12.53
fold2_room1_mix0968,0,5,0,-9,3,2.73
fold2_room1_mix0968,1,5,0,-10,2,15.60
fold2_room1_mix0968,2,4,0,176,1,0.57
fold2_room1_mix0968,2,4,0,0,0,0.49
fold2_room1_mix0968,2,5,0,-5,2,11.15
fold2_room1_mix0968,3,4,0,178,1,5.06
fold2_room1_mix0968,3,4,0,2,1,5.11
fold2_room1_mix0968,3,5,0,-19,3,7.65
fold2_room1_mix0968,4,4,0,178,0,17.70
fold2_room1_mix0968,4,4,0,1,0,18.78
fold2_room1_mix0968,4,5,0,-9,2,12.50
fold2_room1_mix0968,5,4,0,178,0,19.05
fold2_room1_mix0968,5,4,0,2,0,20.50
fold2_room1_mix0968,5,5,0,-7,3,9.04
fold2_room1_mix0968,6,4,0,175,0,22.33
fold2_room1_mix0968,6,4,0,2,0,22.99
fold2_room1_mix0968,6,5,0,-20,2,15.02
fold2_room1_mix0968,7,4,0,177,-1,23.38
fold2_room1_mix0968,7,4,0,1,0,25.34
fold2_room1_mix0968,7,5,0,-18,3,15.99
fold2_room1_mix0968,8,4,0,174,-1,34.33
fold2_room1_mix0968,8,4,0,4,0,39.19
fold2_room1_mix0968,8,5,0,-14,3,11.40
fold2_room1_mix0968,9,4,0,178,-2,29.66
fold2_room1_mix0968,9,4,0,2,-1,33.01
fold2_room1_mix0968,9,5,0,-18,3,13.44
fold2_room1_mix0968,10,4,0,178,-1,34.27
fold2_room1_mix0968,10,4,0,1,-1,33.57
fold2_room1_mix0968,10,5,0,-15,3,11.72
fold2_room1_mix0968,11,4,0,175,-2,33.37
fold2_room1_mix0968,11,4,0,1,0,33.74
fold2_room1_mix0968,11,5,0,-19,2,13.54
fold2_room1_mix0968,12,4,0,175,-2,28.93
fold2_room1_mix0968,12,4,0,0,-1,31.94
fold2_room1_mix0968,12,5,0,-20,3,14.49
fold2_room1_mix0968,13,4,0,178,-1,31.93
fold2_room1_mix0968,13,4,0,0,0,33.19
fold2_room1_mix0968,13,5,0,-14,4,10.46
fold2_room1_mix0968,14,4,0,177,-1,32.71
fold2_room1_mix0968,14,4,0,1,-1,32.84
fold2_room1_mix0968,14,5,0,-21,3,13.87
fold2_room1_mix0968,15,4,0,176,-1,29.37
fold2_room1_mix0968,15,4,0,1,-1,29.42
fold2_room1_mix0968,15,5,0,-17,2,16.58
fold2_room1_mix0968,16,4,0,177,-2,31.29
fold2_room1_mix0968,16,4,0,0,-1,29.41
fold2_room1_mix0968,16,5,0,-19,3,12.81
fold2_room1_mix0968,17,4,0,177,-1,30.78
fold2_room1_mix0968,17,4,0,1,-1,29.43
fold2_room1_mix0968,17,5,0,-18,2,15.92
fold2_room1_mix0968,18,4,0,177,-1,34.10
fold2_room1_mix0968,18,4,0,2,-1,31.15
fold2_room1_mix0968,18,5,0,-18,3,14.22
fold2_room1_mix0968,19,4,0,179,-1,33.67
fold2_room1_mix0968,19,4,0,2,-1,29.38
fold2_room1_mix0968,19,5,0,-19,3,13.60
fold2_room1_mix0968,20,4,0,176,-1,29.98
fold2_room1_mix0968,20,4,0,1,0,28.60
fold2_room1_mix0968,20,5,0,-18,2,15.00
fold2_room1_mix0968,21,4,0,177,-1,28.14
fold2_room1_mix0968,21,4,0,1,0,28.83
fold2_room1_mix0968,21,5,0,-17,3,13.30
fold2_room1_mix0968,22,4,0,177,-1,29.38
fold2_room1_mix0968,22,4,0,1,0,27.99
fold2_room1_mix0968,22,5,0,-23,3,13.79
fold2_room1_mix0968,23,4,0,177,-1,26.75
fold2_room1_mix0968,23,4,0,1,-1,26.28
fold2_room1_mix0968,23,5,0,-18,3,15.58
fold2_room1_mix0968,24,4,0,175,-2,26.69
fold2_room1_mix0968,24,4,0,0,-1,24.92
fold2_room1_mix0968,24,5,0,-18,3,14.79
fold2_room1_mix0968,25,4,0,175,-1,26.67
fold2_room1_mix0968,25,4,0,0,-1,25.87
fold2_room1_mix0968,25,5,0,-17,3,15.49
fold2_room1_mix0968,26,4,0,175,-1,25.09
fold2_room1_mix0968,26,4,0,0,-1,24.04
fold2_room1_mix0968,26,5,0,-18,3,16.01
fold2_room1_mix0968,27,4,0,174,-1,24.62
fold2_room1_mix0968,27,4,0,0,-1,23.35
fold2_room1_mix0968,27,5,0,-17,3,16.02
fold2_room1_mix0968,28,4,0,174,-1,24.89
fold2_room1_mix0968,28,4,0,0,-2,22.41
fold2_room1_mix0968,28,5,0,-18,3,15.76
fold2_room1_mix0968,29,4,0,177,-2,21.70
fold2_room1_mix0968,29,4,0,-1,-2,20.62
fold2_room1_mix0968,29,5,0,-14,3,13.29
fold2_room1_mix0968,30,4,0,176,-2,20.69
fold2_room1_mix0968,30,4,0,-3,-2,19.96
fold2_room1_mix0968,30,5,0,-15,3,15.58
fold2_room1_mix0968,31,4,0,177,-2,19.21
fold2_room1_mix0968,31,4,0,-4,-2,18.99
fold2_room1_mix0968,31,5,0,-16,3,16.41
fold2_room1_mix0968,32,4,0,177,-2,19.02
fold2_room1_mix0968,32,4,0,-11,-4,13.02
fold2_room1_mix0968,32,4,0,4,-3,20.80
fold2_room1_mix0968,32,5,0,-16,3,15.49
fold2_room1_mix0968,33,4,0,177,-2,18.54
fold2_room1_mix0968,33,4,0,-5,-3,15.71
fold2_room1_mix0968,33,5,0,-16,3,16.37
fold2_room1_mix0968,34,4,0,176,-3,16.51
fold2_room1_mix0968,34,4,0,-16,-4,9.93
fold2_room1_mix0968,34,4,0,1,-2,20.47
fold2_room1_mix0968,34,5,0,-16,3,16.55
fold2_room1_mix0968,35,4,0,175,-3,17.39
fold2_room1_mix0968,35,4,0,-10,-4,11.71
fold2_room1_mix0968,35,5,0,-17,3,15.54
fold2_room1_mix0968,36,4,0,175,-3,16.43
fold2_room1_mix0968,36,4,0,-22,-6,6.26
fold2_room1_mix0968,36,4,0,1,-2,16.59
fold2_room1_mix0968,36,5,0,-16,3,16.27
fold2_room1_mix0968,37,4,0,174,-2,20.20
fold2_room1_mix0968,37,4,0,-25,-8,4.60
fold2_room1_mix0968,37,4,0,-1,-3,14.53
fold2_room1_mix0968,37,5,0,-15,3,15.02
fold2_room1_mix0968,38,4,0,174,-2,20.32
fold2_room1_mix0968,38,4,0,-33,-11,3.64
fold2_room1_mix0968,38,4,0,-1,-3,14.27
fold2_room1_mix0968,38,5,0,-17,3,16.87
fold2_room1_mix0968,39,4,0,176,-1,21.73
fold2_room1_mix0968,39,4,0,-44,-15,2.77
fold2_room1_mix0968,39,4,0,1,-3,16.26
fold2_room1_mix0968,39,5,0,-18,3,16.36
fold2_room1_mix0968,40,4,0,176,0,25.01
fold2_room1_mix0968,40,4,0,-67,-19,2.19
fold2_room1_mix0968,40,4,0,3,-3,17.37
fold2_room1_mix0968,40,5,0,-19,3,15.64
fold2_room1_mix0968,41,4,0,176,0,25.08
fold2_room1_mix0968,41,4,0,-106,-20,2.25
fold2_room1_mix0968,41,4,0,-8,-5,13.37
fold2_room1_mix0968,41,5,0,-19,3,15.44
fold2_room1_mix0968,42,4,0,177,0,24.08
fold2_room1_mix0968,42,4,0,-129,-16,2.18
fold2_room1_mix0968,42,4,0,-3,-2,18.15
fold2_room1_mix0968,42,5,0,-22,3,14.94
fold2_room1_mix0968,43,4,0,175,0,21.26
fold2_room1_mix0968,43,4,0,-147,-11,2.57
fold2_room1_mix0968,43,4,0,-6,-4,12.37
fold2_room1_mix0968,43,5,0,-20,3,15.40
fold2_room1_mix0968,44,4,0,-172,-3,10.43
fold2_room1_mix0968,44,4,0,-150,-6,5.64
fold2_room1_mix0968,44,4,0,0,-2,16.39
fold2_room1_mix0968,44,5,0,-18,3,17.14
fold2_room1_mix0968,45,4,0,-170,-5,7.46
fold2_room1_mix0968,45,4,0,2,-1,16.17
fold2_room1_mix0968,45,5,0,-18,3,13.20
fold2_room1_mix0968,46,4,0,-169,-4,9.01
fold2_room1_mix0968,46,4,0,165,-4,8.49
fold2_room1_mix0968,46,4,0,0,-1,18.96
fold2_room1_mix0968,46,5,0,-22,3,16.35
fold2_room1_mix0968,47,4,0,-173,-3,9.31
fold2_room1_mix0968,47,4,0,143,-4,8.53
fold2_room1_mix0968,47,4,0,8,0,18.71
fold2_room1_mix0968,47,5,0,-19,3,17.21
fold2_room1_mix0968,48,4,0,-171,-4,8.00
fold2_room1_mix0968,48,4,0,141,-3,10.90
fold2_room1_mix0968,48,4,0,4,0,18.86
fold2_room1_mix0968,48,5,0,-19,3,14.36
fold2_room1_mix0968,49,4,0,-174,-4,8.96
fold2_room1_mix0968,49,4,0,144,-4,9.27
fold2_room1_mix0968,49,4,0,8,-1,17.48
fold2_room1_mix0968,49,5,0,-23,3,14.57
fold2_room1_mix0968,50,4,0,-173,-4,8.06
fold2_room1_mix0968,50,4,0,145,-3,10.27
fold2_room1_mix0968,50,4,0,13,-2,15.62
fold2_room1_mix0968,50,5,0,-22,3,13.34
fold2_room1_mix0968,51,4,0,-172,-4,9.92
fold2_room1_mix0968,51,4,0,139,-3,11.35
fold2_room1_mix0968,51,4,0,17,-1,18.51
fold2_room1_mix0968,51,5,0,-21,3,13.92
fold2_room1_mix0968,52,4,0,-174,-2,11.42
fold2_room1_mix0968,52,4,0,130,-3,10.12
fold2_room1_mix0968,52,4,0,14,-2,16.47
fold2_room1_mix0968,52,5,0,-18,3,14.29
fold2_room1_mix0968,53,4,0,-176,-2,14.74
fold2_room1_mix0968,53,4,0,125,-4,10.81
fold2_room1_mix0968,53,4,0,14,-2,19.21
fold2_room1_mix0968,53,5,0,-23,3,10.96
fold2_room1_mix0968,54,4,0,-179,-1,15.03
fold2_room1_mix0968,54,4,0,126,-4,10.34
fold2_room1_mix0968,54,4,0,11,-1,20.35
fold2_room1_mix0968,54,5,0,-23,3,12.46
fold2_room1_mix0968,55,4,0,179,0,17.03
fold2_room1_mix0968,55,4,0,116,-4,9.96
fold2_room1_mix0968,55,4,0,6,-1,17.93
fold2_room1_mix0968,55,5,0,-16,3,13.99
fold2_room1_mix0968,56,4,0,-177,0,19.96
fold2_room1_mix0968,56,4,0,124,-5,10.11
fold2_room1_mix0968,56,4,0,12,-2,18.04
fold2_room1_mix0968,56,5,0,-20,4,10.75
fold2_room1_mix0968,57,4,0,-176,0,20.20
fold2_room1_mix0968,57,4,0,117,-5,10.37
fold2_room1_mix0968,57,4,0,6,-2,17.87
fold2_room1_mix0968,57,5,0,-17,3,12.66
fold2_room1_mix0968,58,4,0,-177,0,19.70
fold2_room1_mix0968,58,4,0,119,-6,9.20
fold2_room1_mix0968,58,4,0,8,-3,15.40
fold2_room1_mix0968,58,5,0,-16,3,12.82
fold2_room1_mix0968,59,4,0,179,0,20.24
fold2_room1_mix0968,59,4,0,108,-7,7.97
fold2_room1_mix0968,59,4,0,7,-2,16.28
fold2_room1_mix0968,59,5,0,-17,4,10.97
fold2_room1_mix0968,60,4,0,-179,0,20.16
fold2_room1_mix0968,60,4,0,109,-7,8.30
fold2_room1_mix0968,60,4,0,7,-3,14.74
fold2_room1_mix0968,60,5,0,-15,3,12.94
fold2_room1_mix0968,61,4,0,-178,0,20.91
fold2_room1_mix0968,61,4,0,96,-7,7.82
fold2_room1_mix0968,61,4,0,7,-2,14.77
fold2_room1_mix0968,61,5,0,-14,4,8.76
fold2_room1_mix0968,62,4,0,-173,0,23.46
fold2_room1_mix0968,62,4,0,98,-7,8.22
fold2_room1_mix0968,62,4,0,4,-2,16.14
fold2_room1_mix0968,62,5,0,-3,4,11.21
fold2_room1_mix0968,63,4,0,-179,0,23.93
fold2_room1_mix0968,63,4,0,86,-8,7.35
fold2_room1_mix0968,63,4,0,8,-2,15.77
fold2_room1_mix0968,63,5,0,-11,3,11.94
fold2_room1_mix0968,64,4,0,175,0,25.70
fold2_room1_mix0968,64,4,0,80,-7,8.18
fold2_room1_mix0968,64,4,0,9,-2,15.55
fold2_room1_mix0968,64,5,0,-14,4,10.46
fold2_room1_mix0968,65,4,0,171,0,23.97
fold2_room1_mix0968,65,4,0,71,-6,8.39
fold2_room1_mix0968,65,4,0,6,-2,16.65
fold2_room1_mix0968,65,5,0,-15,4,11.27
fold2_room1_mix0968,66,4,0,167,0,25.10
fold2_room1_mix0968,66,4,0,60,-7,7.92
fold2_room1_mix0968,66,4,0,11,-3,14.96
fold2_room1_mix0968,66,5,0,-10,4,11.73
fold2_room1_mix0968,67,4,0,155,0,24.60
fold2_room1_mix0968,67,4,0,56,-7,7.86
fold2_room1_mix0968,67,4,0,11,-2,14.61
fold2_room1_mix0968,67,5,0,-12,3,12.01
fold2_room1_mix0968,68,4,0,157,0,24.77
fold2_room1_mix0968,68,4,0,57,-6,8.80
fold2_room1_mix0968,68,4,0,12,-3,14.09
fold2_room1_mix0968,68,5,0,-11,3,12.04
fold2_room1_mix0968,69,4,0,157,0,25.80
fold2_room1_mix0968,69,4,0,55,-5,8.88
fold2_room1_mix0968,69,4,0,11,-3,12.16
fold2_room1_mix0968,69,5,0,-17,4,11.29
fold2_room1_mix0968,70,4,0,144,0,21.40
fold2_room1_mix0968,70,4,0,52,-5,8.55
fold2_room1_mix0968,70,4,0,12,-2,13.33
fold2_room1_mix0968,70,5,0,-14,3,12.37
fold2_room1_mix0968,71,4,0,109,-2,19.09
fold2_room1_mix0968,71,4,0,43,-5,7.47
fold2_room1_mix0968,71,4,0,11,-3,11.74
fold2_room1_mix0968,71,5,0,-13,3,12.85
fold2_room1_mix0968,72,4,0,111,-2,18.44
fold2_room1_mix0968,72,4,0,38,-5,7.05
fold2_room1_mix0968,72,4,0,16,-3,11.82
fold2_room1_mix0968,72,5,0,-16,4,12.19
fold2_room1_mix0968,73,4,0,86,-1,15.07
fold2_room1_mix0968,73,4,0,23,-4,8.89
fold2_room1_mix0968,73,5,0,-15,3,12.10
fold2_room1_mix0968,74,4,0,89,-3,14.12
fold2_room1_mix0968,74,4,0,19,-5,8.26
fold2_room1_mix0968,74,5,0,-11,3,13.11
fold2_room1_mix0968,75,4,0,86,-1,16.20
fold2_room1_mix0968,75,4,0,18,-5,7.54
fold2_room1_mix0968,75,5,0,-19,3,11.77
fold2_room1_mix0968,76,4,0,96,-1,15.03
fold2_room1_mix0968,76,4,0,22,-6,7.35
fold2_room1_mix0968,76,5,0,-15,2,13.73
fold2_room1_mix0968,77,4,0,87,-4,10.13
fold2_room1_mix0968,77,4,0,23,-5,9.39
fold2_room1_mix0968,77,5,0,-17,3,10.94
fold2_room1_mix0968,78,4,0,103,-6,9.16
fold2_room1_mix0968,78,4,0,23,-4,10.50
fold2_room1_mix0968,78,5,0,-20,2,12.77
fold2_room1_mix0968,79,4,0,94,-13,5.11
fold2_room1_mix0968,79,4,0,21,-3,12.58
fold2_room1_mix0968,79,5,0,-14,2,12.92
fold2_room1_mix0968,80,4,0,93,-17,4.12
fold2_room1_mix0968,80,4,0,23,-3,14.61
fold2_room1_mix0968,80,5,0,-18,3,12.28
fold2_room1_mix0968,81,4,0,104,-20,3.43
fold2_room1_mix0968,81,4,0,39,-3,14.59
fold2_room1_mix0968,81,4,0,19,-4,17.64
fold2_room1_mix0968,81,5,0,-21,3,14.40
fold2_room1_mix0968,82,4,0,122,-18,3.72
fold2_room1_mix0968,82,4,0,94,-17,5.38
fold2_room1_mix0968,82,4,0,19,-4,21.58
fold2_room1_mix0968,82,5,0,-20,3,13.28
fold2_room1_mix0968,83,4,0,130,-16,2.78
fold2_room1_mix0968,83,4,0,56,-5,13.78
fold2_room1_mix0968,83,4,0,15,-3,18.48
fold2_room1_mix0968,83,5,0,-18,3,13.39
fold2_room1_mix0968,84,4,0,142,-14,3.69
fold2_room1_mix0968,84,4,0,117,-11,7.97
fold2_room1_mix0968,84,4,0,15,-3,23.83
fold2_room1_mix0968,84,5,0,-19,3,14.07
fold2_room1_mix0968,85,4,0,143,-12,3.37
fold2_room1_mix0968,85,4,0,99,-6,12.67
fold2_room1_mix0968,85,4,0,13,-2,21.07
fold2_room1_mix0968,85,5,0,-23,3,13.28
fold2_room1_mix0968,86,4,0,147,-9,5.47
fold2_room1_mix0968,86,4,0,20,-2,22.05
fold2_room1_mix0968,86,5,0,-19,2,14.60
fold2_room1_mix0968,87,4,0,151,-7,7.14
fold2_room1_mix0968,87,4,0,17,-2,22.14
fold2_room1_mix0968,87,5,0,-15,2,15.22
fold2_room1_mix0968,88,4,0,156,-7,6.17
fold2_room1_mix0968,88,4,0,23,-2,22.79
fold2_room1_mix0968,88,5,0,-25,3,13.08
fold2_room1_mix0968,89,4,0,158,-6,6.93
fold2_room1_mix0968,89,4,0,19,-1,24.28
fold2_room1_mix0968,89,5,0,-19,2,14.52
fold2_room1_mix0968,90,4,0,153,-6,9.42
fold2_room1_mix0968,90,4,0,17,-3,21.58
fold2_room1_mix0968,90,5,0,-16,2,14.13
fold2_room1_mix0968,91,4,0,157,-4,9.14
fold2_room1_mix0968,91,4,0,17,-2,22.42
fold2_room1_mix0968,91,5,0,-18,3,14.49
fold2_room1_mix0968,92,4,0,160,-5,8.56
fold2_room1_mix0968,92,4,0,16,-1,25.68
fold2_room1_mix0968,92,5,0,-23,3,15.39
fold2_room1_mix0968,93,4,0,159,-4,10.48
fold2_room1_mix0968,93,4,0,16,-1,20.85
fold2_room1_mix0968,93,5,0,-15,3,11.84
fold2_room1_mix0968,94,4,0,160,-3,11.44
fold2_room1_mix0968,94,4,0,14,-1,22.77
fold2_room1_mix0968,94,5,0,-16,2,16.29
fold2_room1_mix0968,95,4,0,161,-4,12.96
fold2_room1_mix0968,95,4,0,15,-1,25.18
fold2_room1_mix0968,95,5,0,-19,3,15.06
fold2_room1_mix0968,96,4,0,165,-3,12.07
fold2_room1_mix0968,96,4,0,13,-1,24.43
fold2_room1_mix0968,96,5,0,-16,3,14.57
fold2_room1_mix0968,97,4,0,166,-4,10.51
fold2_room1_mix0968,97,4,0,12,-1,25.30
fold2_room1_mix0968,97,5,0,-17,3,16.45
fold2_room1_mix0968,98,4,0,166,-3,11.88
fold2_room1_mix0968,98,4,0,11,-1,28.37
fold2_room1_mix0968,98,5,0,-23,3,16.83
fold2_room1_mix0968,99,4,0,167,-3,12.14
fold2_room1_mix0968,99,4,0,10,0,30.37
fold2_room1_mix0968,99,5,0,-18,3,16.47
fold2_room1_mix0969,21,2,0,-73,-3,6.45
fold2_room1_mix0969,22,2,0,-55,-2,10.46
fold2_room1_mix0969,23,2,0,-58,-1,12.65
fold2_room1_mix0969,24,2,0,-57,-1,13.21
fold2_room1_mix0969,25,2,0,-55,-1,13.18
fold2_room1_mix0969,30,3,0,-130,-4,5.30
fold2_room1_mix0969,31,2,0,-69,-1,11.90
fold2_room1_mix0969,31,3,0,-129,-3,10.54
fold2_room1_mix0969,32,2,0,-67,-1,13.62
fold2_room1_mix0969,32,3,0,-121,-3,9.28
fold2_room1_mix0969,33,2,0,-73,0,14.20
fold2_room1_mix0969,33,3,0,-120,-4,8.44
fold2_room1_mix0969,34,2,0,-72,0,14.06
fold2_room1_mix0969,34,4,0,-2,0,5.69
fold2_room1_mix0969,35,2,0,-68,0,14.74
fold2_room1_mix0969,36,2,0,-70,-1,12.18
fold2_room1_mix0969,38,3,0,-126,-4,10.98
fold2_room1_mix0969,39,3,0,-121,-4,15.62
fold2_room1_mix0969,40,3,0,-121,-3,16.92
fold2_room1_mix0969,40,4,0,0,0,11.20
fold2_room1_mix0969,41,3,0,-119,-3,16.32
fold2_room1_mix0969,41,4,0,2,0,6.49
fold2_room1_mix0969,42,2,0,-73,-1,13.23
fold2_room1_mix0969,42,3,0,-116,-3,13.80
fold2_room1_mix0969,42,4,0,8,0,8.04
fold2_room1_mix0969,43,2,0,-71,0,13.88
fold2_room1_mix0969,43,3,0,-116,-4,16.19
fold2_room1_mix0969,43,4,0,0,0,10.55
fold2_room1_mix0969,44,2,0,-71,0,13.66
fold2_room1_mix0969,44,3,0,-113,-3,16.54
fold2_room1_mix0969,44,4,0,5,0,8.31
fold2_room1_mix0969,45,2,0,-70,-1,13.36
fold2_room1_mix0969,45,3,0,-113,-3,16.19
fold2_room1_mix0969,45,4,0,4,-1,12.90
fold2_room1_mix0969,46,2,0,-74,-1,12.81
fold2_room1_mix0969,46,3,0,-107,-3,14.42
fold2_room1_mix0969,46,4,0,3,0,10.76
fold2_room1_mix0969,47,3,0,-105,-3,12.38
fold2_room1_mix0969,47,4,0,3,-1,12.49
fold2_room1_mix0969,48,3,0,-94,-2,9.03
fold2_room1_mix0969,48,4,0,0,-1,15.76
fold2_room1_mix0969,49,3,0,-88,-3,5.81
fold2_room1_mix0969,49,4,0,1,-1,16.27
fold2_room1_mix0969,50,3,0,-85,-3,4.74
fold2_room1_mix0969,50,4,0,0,-2,16.87
fold2_room1_mix0969,51,4,0,-3,-1,23.38
fold2_room1_mix0969,52,2,0,-76,-1,11.87
fold2_room1_mix0969,52,3,0,-81,-3,2.64
fold2_room1_mix0969,52,4,0,3,-1,22.55
fold2_room1_mix0969,53,2,0,-77,-1,13.44
fold2_room1_mix0969,53,4,0,-7,-2,19.95
fold2_room1_mix0969,54,2,0,-77,-1,13.61
fold2_room1_mix0969,54,4,0,-9,-2,22.02
fold2_room1_mix0969,55,2,0,-78,-1,14.47
fold2_room1_mix0969,55,4,0,-10,-2,19.84
fold2_room1_mix0969,56,2,0,-79,-1,15.12
fold2_room1_mix0969,56,4,0,-7,-2,18.61
fold2_room1_mix0969,57,2,0,-78,-1,9.75
fold2_room1_mix0969,57,3,0,-87,-4,8.79
fold2_room1_mix0969,57,4,0,-11,-1,18.63
fold2_room1_mix0969,58,3,0,-87,-3,12.19
fold2_room1_mix0969,58,4,0,-11,-1,17.17
fold2_room1_mix0969,59,3,0,-93,-4,11.09
fold2_room1_mix0969,59,4,0,-4,-2,15.83
fold2_room1_mix0969,60,3,0,-90,-4,9.31
fold2_room1_mix0969,60,4,0,-5,-2,17.90
fold2_room1_mix0969,61,3,0,-84,-4,12.24
fold2_room1_mix0969,61,4,0,-5,-2,16.46
fold2_room1_mix0969,62,3,0,-89,-4,13.56
fold2_room1_mix0969,62,4,0,0,-1,18.64
fold2_room1_mix0969,63,3,0,-92,-4,12.24
fold2_room1_mix0969,63,4,0,4,-1,17.28
fold2_room1_mix0969,64,3,0,-87,-3,9.60
fold2_room1_mix0969,64,4,0,5,-1,17.09
fold2_room1_mix0969,65,3,0,-91,-3,9.02
fold2_room1_mix0969,65,4,0,1,-1,17.71
fold2_room1_mix0969,66,3,0,-84,-3,7.99
fold2_room1_mix0969,66,4,0,0,-2,15.34
fold2_room1_mix0969,67,3,0,-78,-3,7.92
fold2_room1_mix0969,67,4,0,-27,-2,15.78
fold2_room1_mix0969,67,4,0,-9,-2,14.33
fold2_room1_mix0969,67,4,0,13,-3,13.26
fold2_room1_mix0969,68,3,0,-79,-3,7.74
fold2_room1_mix0969,68,4,0,-27,-2,13.80
fold2_room1_mix0969,68,4,0,-9,-2,13.17
fold2_room1_mix0969,68,4,0,21,-2,13.10
fold2_room1_mix0969,69,3,0,-74,-3,8.17
fold2_room1_mix0969,69,4,0,-36,-3,13.60
fold2_room1_mix0969,69,4,0,-15,-3,12.53
fold2_room1_mix0969,69,4,0,18,-4,11.59
fold2_room1_mix0969,70,3,0,-65,-3,8.30
fold2_room1_mix0969,70,4,0,-32,-3,12.54
fold2_room1_mix0969,70,4,0,15,-3,11.92
fold2_room1_mix0969,71,4,0,-44,-3,11.30
fold2_room1_mix0969,71,4,0,14,-4,12.67
fold2_room1_mix0969,72,4,0,-46,-4,10.88
fold2_room1_mix0969,72,4,0,20,-5,10.92
fold2_room1_mix0969,73,4,0,-58,-1,12.15
fold2_room1_mix0969,73,4,0,-12,-4,9.53
fold2_room1_mix0969,73,4,0,10,-5,8.12
fold2_room1_mix0969,74,4,0,-60,-1,11.38
fold2_room1_mix0969,74,4,0,-15,-4,9.12
fold2_room1_mix0969,74,4,0,13,-5,7.49
fold2_room1_mix0969,75,4,0,-63,-2,10.46
fold2_room1_mix0969,75,4,0,-28,-4,9.17
fold2_room1_mix0969,75,4,0,11,-6,7.76
fold2_room1_mix0969,76,3,0,-50,-3,9.02
fold2_room1_mix0969,76,4,0,-59,-3,9.65
fold2_room1_mix0969,76,4,0,-43,-3,8.75
fold2_room1_mix0969,76,4,0,30,-3,9.15
fold2_room1_mix0969,77,3,0,-57,-3,12.36
fold2_room1_mix0969,77,4,0,-61,-2,10.57
fold2_room1_mix0969,77,4,0,-35,-2,10.60
fold2_room1_mix0969,77,4,0,23,-5,7.78
fold2_room1_mix0969,78,3,0,-55,-3,11.17
fold2_room1_mix0969,78,4,0,-76,-4,9.45
fold2_room1_mix0969,78,4,0,-39,-3,9.45
fold2_room1_mix0969,78,4,0,28,-5,8.39
fold2_room1_mix0969,79,3,0,-43,-3,10.97
fold2_room1_mix0969,79,4,0,-81,-4,8.49
fold2_room1_mix0969,79,4,0,-34,-4,8.69
fold2_room1_mix0969,79,4,0,32,-5,7.05
fold2_room1_mix0969,80,3,0,-37,-3,14.14
fold2_room1_mix0969,80,4,0,-81,-3,8.76
fold2_room1_mix0969,80,4,0,-40,-4,7.37
fold2_room1_mix0969,80,4,0,41,-6,5.24
fold2_room1_mix0969,81,3,0,-38,-3,13.39
fold2_room1_mix0969,81,4,0,-89,-3,8.53
fold2_room1_mix0969,81,4,0,-42,-4,7.62
fold2_room1_mix0969,81,4,0,36,-5,6.08
fold2_room1_mix0969,82,3,0,-41,-1,2.81
fold2_room1_mix0969,82,4,0,-108,-3,8.19
fold2_room1_mix0969,82,4,0,-63,-5,7.06
fold2_room1_mix0969,82,4,0,42,-7,4.48
fold2_room1_mix0969,83,3,0,-43,-1,1.83
fold2_room1_mix0969,83,4,0,-119,-2,8.05
fold2_room1_mix0969,83,4,0,34,-8,3.97
fold2_room1_mix0969,84,2,0,-82,0,4.13
fold2_room1_mix0969,84,4,0,-120,-3,6.88
fold2_room1_mix0969,84,4,0,0,-8,5.05
fold2_room1_mix0969,84,4,0,39,-9,2.84
fold2_room1_mix0969,85,2,0,-85,-1,5.05
fold2_room1_mix0969,85,4,0,-126,-3,8.75
fold2_room1_mix0969,85,4,0,42,-9,3.41
fold2_room1_mix0969,86,2,0,-88,0,2.83
fold2_room1_mix0969,86,4,0,-128,-2,9.73
fold2_room1_mix0969,86,4,0,54,-11,2.85
fold2_room1_mix0969,87,4,0,-128,-3,8.44
fold2_room1_mix0969,87,4,0,66,-13,2.33
fold2_room1_mix0969,88,4,0,-134,-2,11.28
fold2_room1_mix0969,88,4,0,78,-13,2.30
fold2_room1_mix0969,89,4,0,-130,-1,10.59
fold2_room1_mix0969,89,4,0,82,-14,2.54
fold2_room1_mix0969,89,4,0,106,-13,1.88
fold2_room1_mix0969,90,4,0,-128,0,11.40
fold2_room1_mix0969,90,4,0,94,-15,2.63
fold2_room1_mix0969,90,4,0,116,-13,1.64
fold2_room1_mix0969,91,4,0,-137,0,13.59
fold2_room1_mix0969,91,4,0,123,-10,3.68
fold2_room1_mix0969,92,4,0,-138,0,13.32
fold2_room1_mix0969,92,4,0,132,-9,3.55
fold2_room1_mix0969,93,4,0,-137,0,12.99
fold2_room1_mix0969,93,4,0,-162,-5,7.67
fold2_room1_mix0969,93,4,0,135,-9,2.49
fold2_room1_mix0969,94,4,0,-140,1,15.66
fold2_room1_mix0969,94,4,0,-176,-4,7.76
fold2_room1_mix0969,94,4,0,136,-9,2.85
fold2_room1_mix0969,95,4,0,-137,1,17.35
fold2_room1_mix0969,95,4,0,147,-7,4.42
fold2_room1_mix0969,96,4,0,-140,2,19.11
fold2_room1_mix0969,96,4,0,150,-6,4.70
fold2_room1_mix0969,97,4,0,-142,2,18.08
fold2_room1_mix0969,97,4,0,153,-5,5.22
fold2_room1_mix0969,98,4,0,-141,2,18.40
fold2_room1_mix0969,98,4,0,157,-5,5.52
fold2_room1_mix0969,99,4,0,-146,2,17.29
fold2_room1_mix0969,99,4,0,160,-4,5.72
fold2_room1_mix0969,37,4,0,1,0,5.25
fold2_room1_mix0970,2,5,0,-42,2,13.82
fold2_room1_mix0970,3,5,0,-34,2,15.87
fold2_room1_mix0970,5,5,0,-48,2,18.45
fold2_room1_mix0970,6,5,0,-57,2,22.17
fold2_room1_mix0970,7,5,0,-65,1,24.39
fold2_room1_mix0970,8,5,0,-55,2,18.37
fold2_room1_mix0970,9,5,0,-46,2,18.62
fold2_room1_mix0970,10,5,0,-55,2,18.84
fold2_room1_mix0970,11,5,0,-57,2,18.15
fold2_room1_mix0970,12,5,0,-53,3,17.61
fold2_room1_mix0970,13,5,0,-49,2,19.82
fold2_room1_mix0970,14,5,0,-60,3,17.60
fold2_room1_mix0970,15,5,0,-57,3,16.98
fold2_room1_mix0970,16,5,0,-61,2,17.16
fold2_room1_mix0970,17,4,0,-145,0,6.90
fold2_room1_mix0970,17,5,0,-51,3,14.85
fold2_room1_mix0970,18,5,0,-57,3,16.69
fold2_room1_mix0970,19,5,0,-54,3,17.31
fold2_room1_mix0970,20,5,0,-58,3,18.45
fold2_room1_mix0970,21,4,0,-153,0,6.45
fold2_room1_mix0970,21,5,0,-52,3,16.05
fold2_room1_mix0970,22,4,0,-145,0,10.05
fold2_room1_mix0970,22,5,0,-52,3,15.55
fold2_room1_mix0970,23,4,0,-144,-2,16.14
fold2_room1_mix0970,23,5,0,-58,3,16.07
fold2_room1_mix0970,24,4,0,-137,-1,16.85
fold2_room1_mix0970,24,5,0,-55,3,15.51
fold2_room1_mix0970,25,4,0,-133,-1,15.44
fold2_room1_mix0970,25,5,0,-51,4,14.19
fold2_room1_mix0970,26,4,0,-133,-1,14.74
fold2_room1_mix0970,26,5,0,-54,3,15.97
fold2_room1_mix0970,27,4,0,-133,-1,16.49
fold2_room1_mix0970,27,5,0,-56,4,14.95
fold2_room1_mix0970,28,4,0,-133,0,16.50
fold2_room1_mix0970,28,5,0,-50,4,14.08
fold2_room1_mix0970,29,4,0,-132,-1,15.99
fold2_room1_mix0970,29,5,0,-59,4,15.86
fold2_room1_mix0970,30,4,0,-131,0,16.00
fold2_room1_mix0970,30,5,0,-54,3,16.20
fold2_room1_mix0970,31,4,0,-131,0,15.76
fold2_room1_mix0970,31,5,0,-54,4,15.07
fold2_room1_mix0970,32,4,0,-129,0,15.41
fold2_room1_mix0970,32,5,0,-58,4,13.89
fold2_room1_mix0970,33,4,0,-129,0,15.61
fold2_room1_mix0970,33,5,0,-53,4,14.94
fold2_room1_mix0970,34,4,0,-129,0,15.22
fold2_room1_mix0970,34,5,0,-57,4,14.92
fold2_room1_mix0970,35,4,0,-130,0,15.41
fold2_room1_mix0970,35,5,0,-59,3,16.97
fold2_room1_mix0970,36,4,0,-128,-1,15.31
fold2_room1_mix0970,36,5,0,-52,4,15.98
fold2_room1_mix0970,37,4,0,-127,-1,15.03
fold2_room1_mix0970,37,5,0,-58,4,14.16
fold2_room1_mix0970,38,4,0,-127,-1,14.02
fold2_room1_mix0970,38,5,0,-55,4,14.62
fold2_room1_mix0970,39,4,0,-125,-1,14.51
fold2_room1_mix0970,39,5,0,-57,3,15.35
fold2_room1_mix0970,40,4,0,-125,-1,14.84
fold2_room1_mix0970,40,5,0,-57,4,13.57
fold2_room1_mix0970,41,4,0,-126,-1,14.43
fold2_room1_mix0970,41,5,0,-54,4,14.64
fold2_room1_mix0970,42,4,0,-125,-1,14.25
fold2_room1_mix0970,42,5,0,-57,3,15.04
fold2_room1_mix0970,43,4,0,-123,-1,14.20
fold2_room1_mix0970,43,5,0,-54,4,14.71
fold2_room1_mix0970,44,4,0,-123,-1,13.79
fold2_room1_mix0970,44,5,0,-52,4,14.29
fold2_room1_mix0970,45,4,0,-121,-1,12.93
fold2_room1_mix0970,45,5,0,-54,3,15.34
fold2_room1_mix0970,46,4,0,-120,-1,13.80
fold2_room1_mix0970,46,5,0,-55,4,13.92
fold2_room1_mix0970,47,4,0,-120,-1,13.30
fold2_room1_mix0970,47,5,0,-58,3,14.87
fold2_room1_mix0970,48,4,0,-120,-1,13.07
fold2_room1_mix0970,48,5,0,-56,3,15.72
fold2_room1_mix0970,49,4,0,-118,-1,12.84
fold2_room1_mix0970,49,5,0,-55,4,14.43
fold2_room1_mix0970,50,4,0,-118,-2,12.56
fold2_room1_mix0970,50,5,0,-55,4,14.64
fold2_room1_mix0970,51,4,0,-116,-1,13.06
fold2_room1_mix0970,51,5,0,-54,3,15.20
fold2_room1_mix0970,52,4,0,-115,-1,12.30
fold2_room1_mix0970,52,5,0,-52,4,14.36
fold2_room1_mix0970,53,4,0,-116,-2,12.27
fold2_room1_mix0970,53,5,0,-59,4,12.88
fold2_room1_mix0970,54,4,0,-113,-1,12.24
fold2_room1_mix0970,54,5,0,-52,4,13.74
fold2_room1_mix0970,55,4,0,-111,-2,11.81
fold2_room1_mix0970,55,5,0,-52,3,16.79
fold2_room1_mix0970,56,4,0,-110,-2,12.12
fold2_room1_mix0970,56,5,0,-55,3,15.85
fold2_room1_mix0970,57,4,0,-108,-1,11.57
fold2_room1_mix0970,57,5,0,-52,4,14.08
fold2_room1_mix0970,58,4,0,-107,-2,11.38
fold2_room1_mix0970,58,5,0,-54,3,15.28
fold2_room1_mix0970,59,4,0,-106,-2,11.71
fold2_room1_mix0970,59,5,0,-50,3,17.09
fold2_room1_mix0970,60,4,0,-101,-3,11.10
fold2_room1_mix0970,60,5,0,-50,3,16.62
fold2_room1_mix0970,61,4,0,-102,-3,10.94
fold2_room1_mix0970,61,5,0,-58,3,14.69
fold2_room1_mix0970,62,4,0,-103,-2,11.10
fold2_room1_mix0970,62,5,0,-50,3,16.23
fold2_room1_mix0970,63,4,0,-99,-3,10.79
fold2_room1_mix0970,63,5,0,-49,3,17.36
fold2_room1_mix0970,64,4,0,-97,-2,10.85
fold2_room1_mix0970,64,5,0,-54,3,16.32
fold2_room1_mix0970,65,4,0,-94,-2,10.85
fold2_room1_mix0970,65,5,0,-50,4,13.21
fold2_room1_mix0970,66,4,0,-91,-3,10.25
fold2_room1_mix0970,66,5,0,-53,3,14.01
fold2_room1_mix0970,67,4,0,-92,-2,11.37
fold2_room1_mix0970,67,5,0,-51,3,17.37
fold2_room1_mix0970,68,4,0,-91,-2,10.84
fold2_room1_mix0970,68,5,0,-48,3,16.14
fold2_room1_mix0970,69,4,0,-88,-3,10.50
fold2_room1_mix0970,69,5,0,-57,4,13.00
fold2_room1_mix0970,70,4,0,-87,-2,11.39
fold2_room1_mix0970,70,5,0,-51,4,13.04
fold2_room1_mix0970,71,4,0,-86,-2,10.92
fold2_room1_mix0970,71,5,0,-50,3,17.38
fold2_room1_mix0970,72,4,0,-84,-3,10.79
fold2_room1_mix0970,72,5,0,-55,3,14.09
fold2_room1_mix0970,73,4,0,-83,-2,11.32
fold2_room1_mix0970,73,5,0,-53,4,13.86
fold2_room1_mix0970,74,4,0,-81,-2,10.56
fold2_room1_mix0970,74,5,0,-49,3,16.01
fold2_room1_mix0970,75,4,0,-80,-3,12.26
fold2_room1_mix0970,75,5,0,-54,4,12.37
fold2_room1_mix0970,76,4,0,-81,-2,11.14
fold2_room1_mix0970,76,5,0,-53,4,12.43
fold2_room1_mix0970,77,4,0,-78,-2,10.50
fold2_room1_mix0970,77,5,0,-55,4,15.73
fold2_room1_mix0970,78,4,0,-79,-2,11.81
fold2_room1_mix0970,78,5,0,-53,4,13.92
fold2_room1_mix0970,79,4,0,-75,-2,11.18
fold2_room1_mix0970,79,5,0,-53,3,14.34
fold2_room1_mix0970,80,4,0,-74,-2,11.22
fold2_room1_mix0970,80,5,0,-58,3,14.55
fold2_room1_mix0970,81,4,0,-73,-2,11.87
fold2_room1_mix0970,81,5,0,-58,4,13.87
fold2_room1_mix0970,82,4,0,-71,-2,11.43
fold2_room1_mix0970,82,5,0,-54,4,13.41
fold2_room1_mix0970,83,4,0,-71,-2,12.22
fold2_room1_mix0970,83,5,0,-59,3,15.10
fold2_room1_mix0970,84,4,0,-69,-1,12.08
fold2_room1_mix0970,84,5,0,-56,4,12.33
fold2_room1_mix0970,85,4,0,-67,-2,11.89
fold2_room1_mix0970,85,5,0,-60,4,11.72
fold2_room1_mix0970,86,4,0,-69,-1,12.22
fold2_room1_mix0970,86,5,0,-61,4,12.17
fold2_room1_mix0970,87,4,0,-65,-2,12.39
fold2_room1_mix0970,87,5,0,-59,4,14.25
fold2_room1_mix0970,88,4,0,-64,-2,12.79
fold2_room1_mix0970,88,5,0,-59,4,12.94
fold2_room1_mix0970,89,4,0,-64,-2,12.77
fold2_room1_mix0970,89,5,0,-59,4,11.83
fold2_room1_mix0970,90,4,0,-63,-2,12.92
fold2_room1_mix0970,90,5,0,-59,4,13.66
fold2_room1_mix0970,91,4,0,-62,-2,13.75
fold2_room1_mix0970,91,5,0,-62,4,11.71
fold2_room1_mix0970,92,4,0,-63,-1,13.56
fold2_room1_mix0970,92,5,0,-61,4,12.44
fold2_room1_mix0970,93,4,0,-60,-2,13.16
fold2_room1_mix0970,93,5,0,-61,4,13.11
fold2_room1_mix0970,94,4,0,-60,-2,15.15
fold2_room1_mix0970,94,5,0,-64,4,10.52
fold2_room1_mix0970,95,4,0,-59,-2,14.15
fold2_room1_mix0970,95,5,0,-63,4,11.52
fold2_room1_mix0970,96,4,0,-57,-2,14.62
fold2_room1_mix0970,96,5,0,-65,4,12.33
fold2_room1_mix0970,97,4,0,-57,-2,15.23
fold2_room1_mix0970,97,5,0,-65,5,10.01
fold2_room1_mix0970,98,4,0,-54,-2,14.80
fold2_room1_mix0970,98,5,0,-62,4,10.31
fold2_room1_mix0970,99,4,0,-53,-2,15.19
fold2_room1_mix0970,99,5,0,-63,4,12.64
fold2_room1_mix0971,25,1,0,51,-2,12.15
fold2_room1_mix0971,26,1,0,48,-2,22.35
fold2_room1_mix0971,28,1,0,65,-3,19.06
fold2_room1_mix0971,29,1,0,66,-3,18.10
fold2_room1_mix0971,30,1,0,69,-3,17.43
fold2_room1_mix0971,31,1,0,65,-2,19.29
fold2_room1_mix0971,32,1,0,71,-3,18.01
fold2_room1_mix0971,33,1,0,76,-3,16.56
fold2_room1_mix0971,34,1,0,80,-3,13.42
fold2_room1_mix0971,35,1,0,86,-3,16.09
fold2_room1_mix0971,37,1,0,89,-3,13.10
fold2_room1_mix0971,38,1,0,92,-3,14.87
fold2_room1_mix0971,39,1,0,91,-3,14.29
fold2_room1_mix0971,40,1,0,94,-3,16.82
fold2_room1_mix0971,42,1,0,99,-3,11.14
fold2_room1_mix0971,43,1,0,104,-3,15.29
fold2_room1_mix0971,44,1,0,107,-3,16.38
fold2_room1_mix0971,45,1,0,103,-3,13.29
fold2_room1_mix0971,46,1,0,102,-3,16.84
fold2_room1_mix0971,47,1,0,111,-3,16.53
fold2_room1_mix0971,48,1,0,111,-3,16.38
fold2_room1_mix0971,49,1,0,113,-3,17.59
fold2_room1_mix0971,51,1,0,119,-2,12.50
fold2_room1_mix0971,52,1,0,124,-2,19.68
fold2_room1_mix0971,53,1,0,129,-2,20.96
fold2_room1_mix0971,53,4,0,-6,-1,9.12
fold2_room1_mix0971,54,1,0,128,-2,17.50
fold2_room1_mix0971,55,4,0,-8,-1,13.70
fold2_room1_mix0971,56,1,0,132,-2,14.68
fold2_room1_mix0971,56,4,0,-14,-3,13.42
fold2_room1_mix0971,57,1,0,132,-2,19.64
fold2_room1_mix0971,58,1,0,139,-2,18.46
fold2_room1_mix0971,58,4,0,-7,-3,11.85
fold2_room1_mix0971,60,1,0,117,-3,14.08
fold2_room1_mix0971,61,1,0,142,-2,16.07
fold2_room1_mix0971,61,4,0,0,-2,15.40
fold2_room1_mix0971,62,1,0,141,-2,25.58
fold2_room1_mix0971,62,4,0,-15,-1,5.57
fold2_room1_mix0971,63,1,0,141,-2,30.37
fold2_room1_mix0971,63,4,0,-3,-3,8.78
fold2_room1_mix0971,64,4,0,-8,-2,14.85
fold2_room1_mix0971,65,1,0,140,-2,16.54
fold2_room1_mix0971,65,4,0,-9,-3,8.39
fold2_room1_mix0971,66,1,0,144,-2,29.98
fold2_room1_mix0971,66,4,0,-2,-3,12.79
fold2_room1_mix0971,67,1,0,145,-2,23.18
fold2_room1_mix0971,67,4,0,-5,-2,12.68
fold2_room1_mix0971,68,1,0,140,-2,22.28
fold2_room1_mix0971,68,4,0,-4,-2,9.75
fold2_room1_mix0971,69,4,0,-6,-2,13.19
fold2_room1_mix0971,70,1,0,141,-2,17.28
fold2_room1_mix0971,70,4,0,-6,-2,10.72
fold2_room1_mix0971,71,1,0,144,-2,30.04
fold2_room1_mix0971,71,4,0,0,-3,11.19
fold2_room1_mix0971,72,1,0,146,-2,25.04
fold2_room1_mix0971,72,4,0,-2,-3,13.35
fold2_room1_mix0971,73,4,0,-5,-3,10.93
fold2_room1_mix0971,74,4,0,-3,-3,14.23
fold2_room1_mix0971,75,1,0,148,-2,17.44
fold2_room1_mix0971,75,4,0,-6,-3,10.73
fold2_room1_mix0971,76,1,0,145,-2,22.71
fold2_room1_mix0971,76,4,0,-6,-3,9.54
fold2_room1_mix0971,77,1,0,142,-2,28.10
fold2_room1_mix0971,77,4,0,-4,-4,10.28
fold2_room1_mix0971,78,4,0,-10,-4,8.35
fold2_room1_mix0971,79,4,0,-10,-4,6.50
fold2_room1_mix0971,80,4,0,-11,-4,6.60
fold2_room1_mix0971,81,4,0,-13,-5,5.35
fold2_room1_mix0971,82,4,0,-15,-6,5.29
fold2_room1_mix0971,83,4,0,-21,-6,4.03
fold2_room1_mix0971,84,4,0,-25,-8,2.63
fold2_room1_mix0971,85,4,0,-30,-8,2.81
fold2_room1_mix0971,86,4,0,-41,-10,1.63
fold2_room1_mix0971,87,4,0,-55,-12,1.33
fold2_room1_mix0971,88,4,0,-80,-12,1.40
fold2_room1_mix0971,89,4,0,-115,-10,1.07
fold2_room1_mix0971,90,4,0,-136,-7,1.62
fold2_room1_mix0971,91,4,0,-147,-6,2.46
fold2_room1_mix0971,92,4,0,-151,-5,2.64
fold2_room1_mix0971,93,4,0,-156,-4,3.85
fold2_room1_mix0971,94,4,0,-158,-3,4.21
fold2_room1_mix0971,95,4,0,-161,-3,4.58
fold2_room1_mix0971,96,4,0,-164,-2,5.25
fold2_room1_mix0971,97,4,0,-166,-2,5.72
fold2_room1_mix0971,98,4,0,-166,-2,6.57
fold2_room1_mix0971,99,4,0,-168,-1,7.75
fold2_room1_mix0971,59,4,0,-8,-1,5.21
fold2_room1_mix0972,42,4,0,-179,0,4.58
fold2_room1_mix0972,43,4,0,-171,-1,13.80
fold2_room1_mix0972,44,4,0,-167,-1,15.77
fold2_room1_mix0972,45,4,0,-164,-1,15.51
fold2_room1_mix0972,46,4,0,-162,-1,16.49
fold2_room1_mix0972,47,4,0,-164,-1,17.02
fold2_room1_mix0972,48,4,0,-163,-1,16.55
fold2_room1_mix0972,49,4,0,-162,-1,15.36
fold2_room1_mix0972,50,4,0,-158,-1,14.88
fold2_room1_mix0972,51,4,0,-160,-1,14.48
fold2_room1_mix0972,52,4,0,-159,-2,13.28
fold2_room1_mix0972,53,4,0,-156,-2,12.36
fold2_room1_mix0972,54,4,0,-153,-2,11.27
fold2_room1_mix0972,55,4,0,-152,-3,9.96
fold2_room1_mix0972,56,4,0,-150,-3,9.99
fold2_room1_mix0972,57,4,0,-147,-3,9.43
fold2_room1_mix0972,58,4,0,-139,-4,8.38
fold2_room1_mix0972,59,4,0,-133,-4,7.92
fold2_room1_mix0972,60,4,0,-124,-5,6.51
fold2_room1_mix0972,61,4,0,-116,-5,6.45
fold2_room1_mix0972,62,4,0,-103,-6,5.31
fold2_room1_mix0972,63,4,0,-94,-7,5.12
fold2_room1_mix0972,64,4,0,-88,-7,5.01
fold2_room1_mix0972,65,3,0,-82,-5,11.16
fold2_room1_mix0972,65,4,0,-80,-7,5.55
fold2_room1_mix0972,66,3,0,-86,-5,9.16
fold2_room1_mix0972,66,4,0,-72,-6,5.87
fold2_room1_mix0972,67,3,0,-86,-5,9.36
fold2_room1_mix0972,67,4,0,-60,-5,6.04
fold2_room1_mix0972,68,3,0,-93,-5,8.85
fold2_room1_mix0972,68,4,0,-50,-5,6.93
fold2_room1_mix0972,69,3,0,-92,-4,9.50
fold2_room1_mix0972,69,4,0,-45,-4,7.52
fold2_room1_mix0972,70,3,0,-91,-5,9.63
fold2_room1_mix0972,70,4,0,-46,-5,7.50
fold2_room1_mix0972,71,3,0,-93,-5,9.42
fold2_room1_mix0972,71,4,0,-38,-4,7.72
fold2_room1_mix0972,72,3,0,-94,-5,8.77
fold2_room1_mix0972,72,4,0,-34,-3,9.06
fold2_room1_mix0972,73,3,0,-95,-4,6.48
fold2_room1_mix0972,73,4,0,-31,-3,10.89
fold2_room1_mix0972,74,3,0,-96,-4,7.75
fold2_room1_mix0972,74,4,0,-29,-3,11.98
fold2_room1_mix0972,75,3,0,-93,-4,7.44
fold2_room1_mix0972,75,4,0,-25,-3,12.95
fold2_room1_mix0972,76,3,0,-89,-4,8.18
fold2_room1_mix0972,76,4,0,-25,-3,13.82
fold2_room1_mix0972,77,3,0,-86,-4,7.35
fold2_room1_mix0972,77,4,0,-24,-3,14.13
fold2_room1_mix0972,78,3,0,-83,-4,7.60
fold2_room1_mix0972,78,4,0,-23,-3,16.02
fold2_room1_mix0972,79,3,0,-92,-4,7.66
fold2_room1_mix0972,79,4,0,-25,-2,18.49
fold2_room1_mix0972,80,3,0,-102,-4,8.04
fold2_room1_mix0972,80,4,0,-23,-3,19.69
fold2_room1_mix0972,81,3,0,-110,-4,9.22
fold2_room1_mix0972,81,4,0,-22,-3,21.47
fold2_room1_mix0972,82,3,0,-111,-4,8.76
fold2_room1_mix0972,82,4,0,-22,-3,21.58
fold2_room1_mix0972,83,3,0,-104,-4,5.13
fold2_room1_mix0972,83,4,0,-17,-2,22.86
fold2_room1_mix0972,84,4,0,-19,-2,24.61
fold2_room1_mix0972,85,4,0,-18,-2,21.23
fold2_room1_mix0972,87,3,0,-131,-4,11.59
fold2_room1_mix0972,88,3,0,-129,-4,15.77
fold2_room1_mix0972,89,3,0,-128,-4,13.76
fold2_room1_mix0972,90,3,0,-127,-4,13.23
fold2_room1_mix0972,91,3,0,-130,-3,10.94
fold2_room1_mix0972,86,4,0,-21,-1,7.98
fold2_room1_mix0973,11,1,0,18,-2,43.41
fold2_room1_mix0973,12,1,0,19,-2,28.45
fold2_room1_mix0973,13,1,0,18,-2,32.80
fold2_room1_mix0973,14,1,0,20,-2,33.06
fold2_room1_mix0973,16,1,0,19,-2,32.84
fold2_room1_mix0973,17,1,0,19,-2,26.69
fold2_room1_mix0973,18,1,0,21,-2,35.55
fold2_room1_mix0973,20,1,0,22,-2,28.95
fold2_room1_mix0973,21,1,0,21,-2,32.61
fold2_room1_mix0973,22,1,0,23,-2,27.02
fold2_room1_mix0973,23,1,0,24,-2,32.45
fold2_room1_mix0973,25,1,0,26,-2,19.55
fold2_room1_mix0973,26,1,0,25,-2,31.35
fold2_room1_mix0973,27,1,0,25,-2,32.28
fold2_room1_mix0973,28,1,0,24,-2,25.88
fold2_room1_mix0973,30,1,0,33,-2,27.22
fold2_room1_mix0973,31,1,0,28,-2,30.81
fold2_room1_mix0973,32,1,0,29,-2,30.39
fold2_room1_mix0973,33,1,0,32,-2,12.72
fold2_room1_mix0973,35,1,0,34,-2,24.40
fold2_room1_mix0973,36,1,0,37,-3,21.10
fold2_room1_mix0973,37,1,0,32,-2,24.65
fold2_room1_mix0973,37,4,0,-2,-2,7.15
fold2_room1_mix0973,39,1,0,32,-2,19.88
fold2_room1_mix0973,40,1,0,36,-2,27.20
fold2_room1_mix0973,40,4,0,-4,-2,6.65
fold2_room1_mix0973,41,1,0,44,-3,18.48
fold2_room1_mix0973,41,4,0,-10,-2,7.67
fold2_room1_mix0973,42,1,0,41,-3,22.87
fold2_room1_mix0973,42,4,0,7,0,2.39
fold2_room1_mix0973,43,4,0,-9,-3,13.56
fold2_room1_mix0973,44,1,0,41,-3,12.48
fold2_room1_mix0973,44,4,0,-5,-3,9.61
fold2_room1_mix0973,45,1,0,41,-2,18.75
fold2_room1_mix0973,45,4,0,3,-4,10.85
fold2_room1_mix0973,46,1,0,51,-3,15.35
fold2_room1_mix0973,46,4,0,-17,-3,12.98
fold2_room1_mix0973,47,1,0,43,-3,19.35
fold2_room1_mix0973,47,4,0,4,-3,5.38
fold2_room1_mix0973,48,4,0,-7,-4,11.12
fold2_room1_mix0973,49,1,0,53,-3,13.63
fold2_room1_mix0973,49,4,0,-7,-3,11.60
fold2_room1_mix0973,50,1,0,58,-3,16.86
fold2_room1_mix0973,50,4,0,3,-4,8.28
fold2_room1_mix0973,51,1,0,63,-4,15.70
fold2_room1_mix0973,51,4,0,-14,-4,10.26
fold2_room1_mix0973,52,1,0,49,-3,17.13
fold2_room1_mix0973,52,4,0,3,-3,8.79
fold2_room1_mix0973,53,4,0,-8,-6,7.87
fold2_room1_mix0973,54,1,0,85,-4,10.15
fold2_room1_mix0973,54,4,0,-13,-4,6.81
fold2_room1_mix0973,55,1,0,77,-4,13.06
fold2_room1_mix0973,55,4,0,0,-5,8.03
fold2_room1_mix0973,56,1,0,82,-4,12.85
fold2_room1_mix0973,56,4,0,-5,-6,7.06
fold2_room1_mix0973,57,1,0,74,-4,10.82
fold2_room1_mix0973,57,4,0,-13,-6,6.00
fold2_room1_mix0973,58,4,0,-16,-10,4.90
fold2_room1_mix0973,59,1,0,97,-4,10.13
fold2_room1_mix0973,59,4,0,-39,-10,3.88
fold2_room1_mix0973,60,1,0,93,-4,10.94
fold2_room1_mix0973,60,4,0,-9,-7,5.31
fold2_room1_mix0973,61,1,0,94,-4,9.52
fold2_room1_mix0973,61,4,0,-17,-12,3.81
fold2_room1_mix0973,62,1,0,99,-3,3.23
fold2_room1_mix0973,62,4,0,-35,-18,2.65
fold2_room1_mix0973,63,4,0,-33,-19,2.59
fold2_room1_mix0973,64,1,0,111,-3,5.94
fold2_room1_mix0973,64,4,0,-50,-25,1.60
fold2_room1_mix0973,65,1,0,133,-4,6.41
fold2_room1_mix0973,65,4,0,-64,-30,1.36
fold2_room1_mix0973,66,1,0,146,-4,7.58
fold2_room1_mix0973,66,4,0,-127,-50,2.38
fold2_room1_mix0973,66,4,0,-107,-37,1.79
fold2_room1_mix0973,66,4,0,-85,-32,1.16
fold2_room1_mix0973,67,1,0,106,-3,1.64
fold2_room1_mix0973,67,4,0,-130,-29,1.43
fold2_room1_mix0973,68,4,0,-146,-22,2.18
fold2_room1_mix0973,69,4,0,-155,-17,3.12
fold2_room1_mix0973,70,4,0,-158,-15,3.33
fold2_room1_mix0973,71,4,0,-161,-13,3.94
fold2_room1_mix0973,72,4,0,-163,-11,5.32
fold2_room1_mix0973,73,4,0,-164,-9,5.10
fold2_room1_mix0973,74,4,0,-168,-8,5.69
fold2_room1_mix0973,75,4,0,-167,-7,6.75
fold2_room1_mix0973,76,4,0,-169,-7,7.02
fold2_room1_mix0973,77,4,0,-172,-6,7.55
fold2_room1_mix0973,78,4,0,-171,-5,8.17
fold2_room1_mix0973,79,4,0,-170,-5,9.00
fold2_room1_mix0973,80,4,0,-173,-4,9.39
fold2_room1_mix0973,81,4,0,-172,-4,10.29
fold2_room1_mix0973,82,4,0,-173,-3,11.09
fold2_room1_mix0973,83,4,0,-174,-3,11.72
fold2_room1_mix0973,84,4,0,-173,-3,12.05
fold2_room1_mix0973,85,4,0,-174,-3,12.90
fold2_room1_mix0973,86,4,0,-175,-3,13.13
fold2_room1_mix0973,87,4,0,-174,-2,14.18
fold2_room1_mix0973,88,4,0,-175,-2,15.45
fold2_room1_mix0973,89,4,0,-175,-2,15.84
fold2_room1_mix0973,90,4,0,-175,-1,16.05
fold2_room1_mix0973,91,4,0,-175,-1,17.89
fold2_room1_mix0973,92,4,0,-175,-1,17.82
fold2_room1_mix0973,93,4,0,-177,-1,17.43
fold2_room1_mix0973,94,4,0,-176,-1,18.36
fold2_room1_mix0973,95,4,0,-176,-1,17.90
fold2_room1_mix0973,96,4,0,-178,0,16.55
fold2_room1_mix0973,97,4,0,-176,-1,18.26
fold2_room1_mix0973,98,4,0,-177,0,6.86
fold2_room1_mix0973,99,4,0,-176,0,3.36
fold2_room1_mix0974,8,4,0,175,0,10.49
fold2_room1_mix0974,9,4,0,173,1,4.53
fold2_room1_mix0974,11,4,0,170,0,19.37
fold2_room1_mix0974,12,4,0,175,0,22.99
fold2_room1_mix0974,13,4,0,176,0,22.25
fold2_room1_mix0974,14,4,0,176,0,23.85
fold2_room1_mix0974,15,4,0,179,0,24.41
fold2_room1_mix0974,16,4,0,176,0,23.82
fold2_room1_mix0974,17,4,0,177,0,24.87
fold2_room1_mix0974,18,4,0,178,0,24.49
fold2_room1_mix0974,19,4,0,178,0,24.06
fold2_room1_mix0974,20,4,0,177,0,24.99
fold2_room1_mix0974,21,4,0,178,-1,23.80
fold2_room1_mix0974,22,4,0,178,0,24.10
fold2_room1_mix0974,23,4,0,179,0,21.85
fold2_room1_mix0974,24,4,0,-179,0,21.97
fold2_room1_mix0974,25,1,0,-10,-2,13.27
fold2_room1_mix0974,25,4,0,177,0,22.22
fold2_room1_mix0974,26,1,0,-24,-3,22.10
fold2_room1_mix0974,26,4,0,174,0,22.32
fold2_room1_mix0974,27,1,0,-21,-3,22.63
fold2_room1_mix0974,27,4,0,175,-1,22.81
fold2_room1_mix0974,28,1,0,-22,-2,25.96
fold2_room1_mix0974,28,4,0,176,0,23.76
fold2_room1_mix0974,29,1,0,-21,-2,5.92
fold2_room1_mix0974,29,4,0,178,-1,23.35
fold2_room1_mix0974,30,1,0,-23,-3,24.43
fold2_room1_mix0974,30,4,0,170,0,28.55
fold2_room1_mix0974,31,1,0,-26,-3,22.62
fold2_room1_mix0974,31,4,0,171,-1,25.01
fold2_room1_mix0974,32,1,0,-27,-2,19.47
fold2_room1_mix0974,32,4,0,178,-1,25.51
fold2_room1_mix0974,33,1,0,-32,-2,21.78
fold2_room1_mix0974,33,4,0,175,0,26.44
fold2_room1_mix0974,34,4,0,176,0,21.81
fold2_room1_mix0974,35,1,0,-30,-3,22.15
fold2_room1_mix0974,35,4,0,173,-1,22.47
fold2_room1_mix0974,36,1,0,-30,-3,23.46
fold2_room1_mix0974,36,4,0,167,0,26.61
fold2_room1_mix0974,37,1,0,-39,-3,18.25
fold2_room1_mix0974,37,4,0,177,-1,22.03
fold2_room1_mix0974,38,1,0,-38,-2,18.66
fold2_room1_mix0974,38,4,0,171,0,26.73
fold2_room1_mix0974,39,1,0,-41,-2,11.98
fold2_room1_mix0974,39,4,0,172,-1,20.40
fold2_room1_mix0974,40,1,0,-43,-3,17.56
fold2_room1_mix0974,40,4,0,179,0,21.71
fold2_room1_mix0974,41,1,0,-42,-3,12.48
fold2_room1_mix0974,41,4,0,167,-1,25.28
fold2_room1_mix0974,42,1,0,-46,-3,14.30
fold2_room1_mix0974,42,4,0,175,-1,21.39
fold2_room1_mix0974,43,1,0,-42,-3,5.73
fold2_room1_mix0974,43,4,0,173,0,21.29
fold2_room1_mix0974,44,1,0,-46,-3,12.85
fold2_room1_mix0974,44,4,0,164,0,21.32
fold2_room1_mix0974,45,1,0,-55,-3,12.69
fold2_room1_mix0974,45,4,0,177,0,20.69
fold2_room1_mix0974,46,1,0,-58,-4,9.45
fold2_room1_mix0974,46,4,0,168,0,25.04
fold2_room1_mix0974,47,1,0,-62,-4,10.39
fold2_room1_mix0974,47,4,0,166,0,27.07
fold2_room1_mix0974,48,4,0,179,0,15.10
fold2_room1_mix0974,49,1,0,-88,-4,7.21
fold2_room1_mix0974,49,4,0,168,-2,20.44
fold2_room1_mix0974,50,1,0,-97,-5,6.82
fold2_room1_mix0974,50,4,0,-177,-1,17.92
fold2_room1_mix0974,51,1,0,-107,-5,7.56
fold2_room1_mix0974,51,4,0,169,-1,22.37
fold2_room1_mix0974,52,1,0,-111,-5,8.70
fold2_room1_mix0974,52,4,0,161,0,25.79
fold2_room1_mix0974,53,1,0,-106,-4,3.45
fold2_room1_mix0974,53,4,0,178,-1,15.44
fold2_room1_mix0974,54,1,0,-122,-3,7.20
fold2_room1_mix0974,54,4,0,170,-1,18.12
fold2_room1_mix0974,55,1,0,-129,-3,9.62
fold2_room1_mix0974,55,4,0,-176,-1,14.12
fold2_room1_mix0974,56,1,0,-136,-4,10.52
fold2_room1_mix0974,56,4,0,177,-2,15.99
fold2_room1_mix0974,57,1,0,-138,-3,12.63
fold2_room1_mix0974,57,4,0,165,-3,14.53
fold2_room1_mix0974,58,4,0,176,-3,10.92
fold2_room1_mix0974,59,1,0,-142,-2,11.03
fold2_room1_mix0974,59,4,0,176,-2,13.51
fold2_room1_mix0974,60,1,0,-148,-2,12.99
fold2_room1_mix0974,60,4,0,179,-3,11.01
fold2_room1_mix0974,61,1,0,-146,-3,17.01
fold2_room1_mix0974,61,4,0,171,-5,10.16
fold2_room1_mix0974,62,1,0,-147,-2,17.50
fold2_room1_mix0974,62,4,0,-177,-3,11.11
fold2_room1_mix0974,63,4,0,175,-4,8.81
fold2_room1_mix0974,64,1,0,-149,-2,10.48
fold2_room1_mix0974,64,4,0,179,-2,10.50
fold2_room1_mix0974,65,1,0,-155,-2,11.89
fold2_room1_mix0974,65,4,0,-177,-2,8.55
fold2_room1_mix0974,66,1,0,-152,-2,20.26
fold2_room1_mix0974,66,4,0,168,-6,8.28
fold2_room1_mix0974,67,1,0,-155,-2,20.53
fold2_room1_mix0974,67,4,0,-177,-3,10.63
fold2_room1_mix0974,68,1,0,-159,-1,1.95
fold2_room1_mix0974,68,4,0,178,-3,7.35
fold2_room1_mix0974,69,1,0,-153,-2,8.83
fold2_room1_mix0974,69,4,0,175,-6,6.25
fold2_room1_mix0974,70,1,0,-157,-2,16.16
fold2_room1_mix0974,70,4,0,177,-3,6.18
fold2_room1_mix0974,71,1,0,-154,-2,25.08
fold2_room1_mix0974,71,4,0,169,-5,6.27
fold2_room1_mix0974,72,1,0,-159,-2,22.35
fold2_room1_mix0974,72,4,0,176,-4,7.39
fold2_room1_mix0974,73,1,0,-163,-1,1.85
fold2_room1_mix0974,73,4,0,170,-7,4.02
fold2_room1_mix0974,74,4,0,169,-7,3.95
fold2_room1_mix0974,75,1,0,-162,-2,15.16
fold2_room1_mix0974,75,4,0,162,-7,3.41
fold2_room1_mix0974,76,1,0,-166,-2,22.40
fold2_room1_mix0974,76,4,0,155,-7,3.66
fold2_room1_mix0974,77,4,0,156,-10,2.41
fold2_room1_mix0974,78,4,0,151,-10,1.90
fold2_room1_mix0974,79,4,0,141,-14,1.51
fold2_room1_mix0974,80,4,0,126,-18,0.95
fold2_room1_mix0974,81,4,0,95,-24,0.80
fold2_room1_mix0974,82,4,0,46,-15,1.07
fold2_room1_mix0974,83,4,0,29,-9,1.24
fold2_room1_mix0974,84,4,0,20,-6,1.95
fold2_room1_mix0974,85,4,0,19,-6,2.35
fold2_room1_mix0974,86,4,0,17,-5,2.38
fold2_room1_mix0974,87,4,0,13,-4,3.22
fold2_room1_mix0974,88,4,0,11,-4,3.75
fold2_room1_mix0974,89,4,0,9,-3,3.80
fold2_room1_mix0974,90,4,0,7,-3,4.35
fold2_room1_mix0974,91,4,0,7,-3,4.60
fold2_room1_mix0974,92,4,0,7,-2,5.03
fold2_room1_mix0974,93,4,0,6,-2,5.36
fold2_room1_mix0974,94,4,0,5,-3,5.69
fold2_room1_mix0974,95,4,0,5,-2,5.96
fold2_room1_mix0974,96,4,0,5,-2,6.00
fold2_room1_mix0974,97,4,0,5,-2,6.93
fold2_room1_mix0974,98,4,0,5,-2,7.53
fold2_room1_mix0974,99,4,0,6,-2,7.39
fold2_room1_mix0975,14,2,0,-47,-3,7.52
fold2_room1_mix0975,19,2,0,-49,-2,9.87
fold2_room1_mix0975,20,2,0,-41,-3,10.25
fold2_room1_mix0975,21,2,0,-44,-3,10.31
fold2_room1_mix0975,22,2,0,-45,-3,10.44
fold2_room1_mix0975,23,2,0,-45,-3,10.00
fold2_room1_mix0975,28,2,0,-51,-2,10.19
fold2_room1_mix0975,29,2,0,-50,-3,11.21
fold2_room1_mix0975,30,2,0,-48,-3,10.44
fold2_room1_mix0975,31,2,0,-52,-3,9.54
fold2_room1_mix0975,32,2,0,-49,-3,9.70
fold2_room1_mix0975,33,2,0,-50,-3,9.28
fold2_room1_mix0975,38,2,0,-55,-3,9.47
fold2_room1_mix0975,39,2,0,-57,-3,10.01
fold2_room1_mix0975,40,2,0,-57,-3,9.06
fold2_room1_mix0975,41,2,0,-59,-3,8.99
fold2_room1_mix0975,42,2,0,-63,-4,8.38
fold2_room1_mix0975,47,2,0,-70,-3,8.51
fold2_room1_mix0975,48,2,0,-73,-3,9.22
fold2_room1_mix0975,49,2,0,-75,-4,7.89
fold2_room1_mix0975,50,2,0,-75,-3,8.88
fold2_room1_mix0975,51,2,0,-76,-4,8.31
fold2_room1_mix0975,52,2,0,-80,-3,9.21
fold2_room1_mix0975,56,2,0,-95,-3,8.07
fold2_room1_mix0975,57,2,0,-97,-4,8.67
fold2_room1_mix0975,58,2,0,-97,-4,8.84
fold2_room1_mix0975,59,2,0,-97,-4,7.26
fold2_room1_mix0976,1,4,0,-177,0,1.67
fold2_room1_mix0976,3,4,0,-178,2,3.36
fold2_room1_mix0976,4,4,0,-179,0,10.95
fold2_room1_mix0976,5,4,0,-178,0,19.30
fold2_room1_mix0976,6,4,0,-179,0,21.80
fold2_room1_mix0976,7,4,0,-178,0,26.94
fold2_room1_mix0976,8,4,0,-178,0,36.22
fold2_room1_mix0976,9,4,0,-178,0,36.26
fold2_room1_mix0976,10,4,0,-178,0,36.31
fold2_room1_mix0976,11,4,0,-178,0,36.77
fold2_room1_mix0976,12,4,0,-178,0,36.02
fold2_room1_mix0976,13,4,0,-178,0,35.26
fold2_room1_mix0976,14,4,0,-177,0,36.35
fold2_room1_mix0976,15,4,0,-177,0,36.14
fold2_room1_mix0976,16,4,0,-176,0,35.55
fold2_room1_mix0976,17,4,0,-177,0,35.72
fold2_room1_mix0976,18,4,0,-176,0,34.99
fold2_room1_mix0976,19,4,0,-176,0,34.12
fold2_room1_mix0976,20,4,0,-176,0,33.68
fold2_room1_mix0976,21,4,0,-175,0,34.07
fold2_room1_mix0976,22,4,0,-175,0,32.85
fold2_room1_mix0976,23,4,0,-174,0,31.49
fold2_room1_mix0976,24,4,0,-174,0,31.78
fold2_room1_mix0976,25,4,0,-174,0,32.67
fold2_room1_mix0976,26,4,0,-174,0,32.26
fold2_room1_mix0976,27,4,0,-174,0,32.64
fold2_room1_mix0976,28,4,0,-173,0,32.39
fold2_room1_mix0976,29,4,0,-173,0,31.45
fold2_room1_mix0976,30,4,0,-174,0,32.73
fold2_room1_mix0976,31,4,0,-172,0,31.65
fold2_room1_mix0976,32,4,0,-173,0,31.38
fold2_room1_mix0976,33,4,0,-173,0,32.09
fold2_room1_mix0976,34,4,0,-172,0,31.31
fold2_room1_mix0976,35,4,0,-172,0,30.53
fold2_room1_mix0976,36,4,0,-172,0,29.53
fold2_room1_mix0976,37,4,0,-172,0,29.10
fold2_room1_mix0976,38,4,0,-172,0,28.76
fold2_room1_mix0976,39,4,0,-171,0,28.50
fold2_room1_mix0976,40,4,0,-170,0,28.38
fold2_room1_mix0976,41,4,0,-170,0,28.26
fold2_room1_mix0976,42,4,0,-170,-1,27.69
fold2_room1_mix0976,43,4,0,-168,-1,26.64
fold2_room1_mix0976,44,4,0,-168,-1,25.24
fold2_room1_mix0976,45,4,0,-168,0,24.92
fold2_room1_mix0976,46,4,0,-169,0,24.60
fold2_room1_mix0976,47,4,0,-167,-1,23.17
fold2_room1_mix0976,48,4,0,-167,-1,22.04
fold2_room1_mix0976,49,4,0,-167,-1,21.50
fold2_room1_mix0976,50,4,0,-167,-1,21.63
fold2_room1_mix0976,51,4,0,-167,-1,21.05
fold2_room1_mix0976,52,4,0,-167,0,20.66
fold2_room1_mix0976,53,4,0,-167,-1,20.29
fold2_room1_mix0976,54,4,0,-166,-1,19.76
fold2_room1_mix0976,55,4,0,-166,-1,18.49
fold2_room1_mix0976,56,4,0,-165,-1,17.77
fold2_room1_mix0976,57,4,0,-164,-1,17.30
fold2_room1_mix0976,58,4,0,-164,-1,17.22
fold2_room1_mix0976,59,4,0,-162,-1,17.19
fold2_room1_mix0976,60,4,0,-160,-2,15.75
fold2_room1_mix0976,61,4,0,-159,-1,15.42
fold2_room1_mix0976,62,4,0,-159,-2,15.26
fold2_room1_mix0976,63,4,0,-158,-2,14.50
fold2_room1_mix0976,64,4,0,-158,-2,13.75
fold2_room1_mix0976,65,4,0,-155,-2,12.53
fold2_room1_mix0976,66,4,0,-155,-2,12.18
fold2_room1_mix0976,67,4,0,-152,-2,11.81
fold2_room1_mix0976,68,4,0,-151,-2,11.03
fold2_room1_mix0976,69,4,0,-151,-3,10.42
fold2_room1_mix0976,70,4,0,-149,-3,9.92
fold2_room1_mix0976,71,4,0,-145,-3,8.94
fold2_room1_mix0976,72,4,0,-166,-5,7.80
fold2_room1_mix0976,72,4,0,-147,-6,6.39
fold2_room1_mix0976,72,4,0,-128,-1,12.03
fold2_room1_mix0976,73,4,0,-167,-4,8.87
fold2_room1_mix0976,73,4,0,-138,-4,8.33
fold2_room1_mix0976,74,4,0,-178,-5,7.82
fold2_room1_mix0976,74,4,0,-144,-6,5.58
fold2_room1_mix0976,74,4,0,-127,-2,9.75
fold2_room1_mix0976,75,4,0,-174,-5,7.68
fold2_room1_mix0976,75,4,0,-137,-7,5.22
fold2_room1_mix0976,75,4,0,-121,-3,8.78
fold2_room1_mix0976,76,4,0,-169,-5,8.87
fold2_room1_mix0976,76,4,0,-144,-6,5.52
fold2_room1_mix0976,76,4,0,-116,-6,6.75
fold2_room1_mix0976,77,4,0,-170,-5,9.51
fold2_room1_mix0976,77,4,0,-136,-7,5.56
fold2_room1_mix0976,77,4,0,-116,-6,6.42
fold2_room1_mix0976,78,4,0,-167,-4,10.55
fold2_room1_mix0976,78,4,0,-126,-7,5.70
fold2_room1_mix0976,78,4,0,-109,-7,5.64
fold2_room1_mix0976,79,4,0,174,-5,9.92
fold2_room1_mix0976,79,4,0,-137,-8,5.90
fold2_room1_mix0976,79,4,0,-107,-9,4.89
fold2_room1_mix0976,80,4,0,177,-5,9.28
fold2_room1_mix0976,80,4,0,-158,-7,6.30
fold2_room1_mix0976,80,4,0,-90,-9,4.97
fold2_room1_mix0976,81,4,0,-172,-4,10.11
fold2_room1_mix0976,81,4,0,-130,-8,6.33
fold2_room1_mix0976,81,4,0,-81,-9,5.00
fold2_room1_mix0976,82,4,0,-176,-6,7.21
fold2_room1_mix0976,82,4,0,-99,-10,5.55
fold2_room1_mix0976,82,4,0,-72,-10,4.31
fold2_room1_mix0976,83,4,0,-171,-6,6.85
fold2_room1_mix0976,83,4,0,-67,-9,4.88
fold2_room1_mix0976,84,4,0,-171,-7,6.05
fold2_room1_mix0976,84,4,0,-57,-7,5.70
fold2_room1_mix0976,85,4,0,-174,-8,5.33
fold2_room1_mix0976,85,4,0,-54,-7,5.75
fold2_room1_mix0976,86,4,0,-173,-10,4.67
fold2_room1_mix0976,86,4,0,-49,-7,6.49
fold2_room1_mix0976,87,4,0,-174,-13,4.31
fold2_room1_mix0976,87,4,0,-53,-9,5.55
fold2_room1_mix0976,88,4,0,-167,-27,3.14
fold2_room1_mix0976,88,4,0,-38,-10,5.37
fold2_room1_mix0976,89,4,0,-36,-39,2.71
fold2_room1_mix0976,89,4,0,-32,-7,6.35
fold2_room1_mix0976,90,4,0,-24,-8,5.66
fold2_room1_mix0976,91,4,0,-20,-7,6.90
fold2_room1_mix0976,92,4,0,-20,-6,7.36
fold2_room1_mix0976,93,4,0,-17,-5,8.17
fold2_room1_mix0976,94,4,0,-15,-4,10.21
fold2_room1_mix0976,95,4,0,-14,-4,9.87
fold2_room1_mix0976,96,4,0,-15,-4,10.46
fold2_room1_mix0976,97,4,0,-14,-3,12.15
fold2_room1_mix0976,98,4,0,-13,-3,11.60
fold2_room1_mix0976,99,4,0,-12,-3,11.95
fold2_room1_mix0977,47,4,0,76,-3,7.54
fold2_room1_mix0977,47,4,0,54,-3,7.73
fold2_room1_mix0977,48,4,0,77,-2,6.77
fold2_room1_mix0977,49,4,0,68,-3,10.51
fold2_room1_mix0977,50,4,0,62,-4,9.30
fold2_room1_mix0977,51,4,0,53,-3,11.66
fold2_room1_mix0977,52,4,0,55,-4,8.87
fold2_room1_mix0977,53,4,0,108,-2,14.14
fold2_room1_mix0977,53,4,0,45,-4,10.83
fold2_room1_mix0977,53,4,0,25,-3,10.58
fold2_room1_mix0977,54,4,0,60,-4,11.39
fold2_room1_mix0977,54,4,0,26,-4,9.62
fold2_room1_mix0977,55,4,0,70,-4,11.88
fold2_room1_mix0977,55,4,0,26,-4,10.05
fold2_room1_mix0977,56,4,0,53,-6,10.44
fold2_room1_mix0977,56,4,0,25,-5,9.17
fold2_room1_mix0977,57,4,0,84,-5,12.26
fold2_room1_mix0977,57,4,0,22,-6,8.23
fold2_room1_mix0977,58,4,0,25,-6,7.49
fold2_room1_mix0977,59,4,0,55,-7,9.40
fold2_room1_mix0977,59,4,0,21,-7,6.38
fold2_room1_mix0977,60,4,0,31,-6,6.47
fold2_room1_mix0977,61,4,0,60,-7,7.99
fold2_room1_mix0977,61,4,0,28,-7,5.60
fold2_room1_mix0977,62,4,0,35,-8,5.29
fold2_room1_mix0977,63,4,0,69,-7,8.01
fold2_room1_mix0977,63,4,0,30,-9,4.64
fold2_room1_mix0977,64,4,0,51,-9,4.52
fold2_room1_mix0977,65,4,0,74,-10,5.23
fold2_room1_mix0977,65,4,0,53,-11,3.79
fold2_room1_mix0977,66,4,0,78,-12,3.71
fold2_room1_mix0977,67,4,0,93,-11,3.94
fold2_room1_mix0977,68,4,0,110,-12,3.56
fold2_room1_mix0977,69,4,0,122,-9,3.87
fold2_room1_mix0977,70,4,0,131,-8,3.73
fold2_room1_mix0977,71,4,0,137,-7,4.35
fold2_room1_mix0977,72,4,0,144,-6,4.86
fold2_room1_mix0977,73,4,0,147,-6,5.15
fold2_room1_mix0977,74,4,0,151,-6,5.33
fold2_room1_mix0977,75,4,0,154,-5,5.81
fold2_room1_mix0977,76,4,0,157,-5,6.33
fold2_room1_mix0977,77,4,0,159,-4,6.85
fold2_room1_mix0977,78,4,0,162,-4,7.33
fold2_room1_mix0977,79,4,0,162,-3,8.08
fold2_room1_mix0977,80,4,0,163,-3,8.51
fold2_room1_mix0977,81,4,0,164,-3,7.44
fold2_room1_mix0977,82,4,0,166,-3,9.31
fold2_room1_mix0977,83,4,0,170,-3,8.20
fold2_room1_mix0977,84,4,0,168,-2,5.90
fold2_room1_mix0977,85,4,0,169,-2,5.82
fold2_room1_mix0977,86,4,0,170,-2,5.99
fold2_room1_mix0977,87,4,0,173,-2,2.69
fold2_room1_mix0977,89,4,0,173,-1,3.34
fold2_room1_mix0977,88,4,0,172,-1,2.27
fold2_room1_mix0979,1,4,0,-177,1,1.14
fold2_room1_mix0979,2,4,0,178,2,0.50
fold2_room1_mix0979,3,4,0,-177,1,4.44
fold2_room1_mix0979,4,4,0,-175,0,16.39
fold2_room1_mix0979,5,4,0,-172,0,17.58
fold2_room1_mix0979,6,4,0,-172,0,18.90
fold2_room1_mix0979,7,4,0,-175,0,27.99
fold2_room1_mix0979,8,4,0,-173,0,27.58
fold2_room1_mix0979,9,4,0,-172,0,27.50
fold2_room1_mix0979,9,4,0,-9,-1,38.17
fold2_room1_mix0979,10,4,0,-172,0,26.16
fold2_room1_mix0979,10,4,0,-2,0,39.03
fold2_room1_mix0979,11,4,0,-172,0,24.98
fold2_room1_mix0979,12,4,0,-173,0,25.30
fold2_room1_mix0979,12,4,0,-6,0,35.75
fold2_room1_mix0979,13,4,0,-171,0,24.26
fold2_room1_mix0979,13,4,0,-2,0,38.79
fold2_room1_mix0979,14,4,0,-168,-1,22.94
fold2_room1_mix0979,14,4,0,-1,0,37.85
fold2_room1_mix0979,15,4,0,-169,-1,22.95
fold2_room1_mix0979,15,4,0,-3,-1,36.03
fold2_room1_mix0979,16,4,0,-168,-1,20.75
fold2_room1_mix0979,16,4,0,-1,0,36.93
fold2_room1_mix0979,17,4,0,-167,-1,20.02
fold2_room1_mix0979,17,4,0,-2,0,36.48
fold2_room1_mix0979,18,4,0,-166,-1,19.77
fold2_room1_mix0979,18,4,0,0,0,37.32
fold2_room1_mix0979,19,4,0,-166,-1,19.35
fold2_room1_mix0979,19,4,0,-1,0,35.51
fold2_room1_mix0979,20,4,0,-165,-1,19.99
fold2_room1_mix0979,20,4,0,-1,0,37.78
fold2_room1_mix0979,21,4,0,-165,-1,18.67
fold2_room1_mix0979,21,4,0,0,0,36.64
fold2_room1_mix0979,22,4,0,-164,-1,17.83
fold2_room1_mix0979,22,4,0,0,0,36.40
fold2_room1_mix0979,23,4,0,-163,-1,16.60
fold2_room1_mix0979,23,4,0,0,0,35.98
fold2_room1_mix0979,24,4,0,-164,-2,16.33
fold2_room1_mix0979,24,4,0,0,0,35.98
fold2_room1_mix0979,25,4,0,-161,-2,16.11
fold2_room1_mix0979,25,4,0,2,0,37.43
fold2_room1_mix0979,26,4,0,-165,-2,17.00
fold2_room1_mix0979,26,4,0,3,0,34.38
fold2_room1_mix0979,27,4,0,-161,-2,14.42
fold2_room1_mix0979,27,4,0,2,0,36.36
fold2_room1_mix0979,28,4,0,-161,-2,14.75
fold2_room1_mix0979,28,4,0,2,0,36.08
fold2_room1_mix0979,29,4,0,-160,-2,14.33
fold2_room1_mix0979,29,4,0,5,0,33.03
fold2_room1_mix0979,30,4,0,-155,-2,12.69
fold2_room1_mix0979,30,4,0,4,0,29.03
fold2_room1_mix0979,31,4,0,-152,-2,11.96
fold2_room1_mix0979,31,4,0,5,0,31.12
fold2_room1_mix0979,32,4,0,-151,-3,10.41
fold2_room1_mix0979,32,4,0,1,0,31.47
fold2_room1_mix0979,33,4,0,-149,-3,10.32
fold2_room1_mix0979,33,4,0,4,0,31.13
fold2_room1_mix0979,34,4,0,-147,-2,8.56
fold2_room1_mix0979,34,4,0,6,0,24.14
fold2_room1_mix0979,35,4,0,-142,-3,7.06
fold2_room1_mix0979,35,4,0,4,0,22.35
fold2_room1_mix0979,36,4,0,-142,-3,7.07
fold2_room1_mix0979,36,4,0,5,0,26.22
fold2_room1_mix0979,37,4,0,-138,-4,5.70
fold2_room1_mix0979,37,4,0,1,0,23.88
fold2_room1_mix0979,38,4,0,-135,-4,5.19
fold2_room1_mix0979,38,4,0,3,-1,21.66
fold2_room1_mix0979,39,4,0,-131,-5,4.58
fold2_room1_mix0979,39,4,0,3,0,22.98
fold2_room1_mix0979,40,4,0,-129,-5,4.57
fold2_room1_mix0979,40,4,0,-1,0,26.23
fold2_room1_mix0979,41,4,0,-119,-7,4.44
fold2_room1_mix0979,41,4,0,-44,-4,13.21
fold2_room1_mix0979,41,4,0,-1,-1,25.36
fold2_room1_mix0979,42,4,0,-121,-6,5.25
fold2_room1_mix0979,42,4,0,-38,-2,13.97
fold2_room1_mix0979,42,4,0,0,0,28.33
fold2_room1_mix0979,43,4,0,-116,-5,6.69
fold2_room1_mix0979,43,4,0,-59,-6,9.16
fold2_room1_mix0979,43,4,0,6,0,30.00
fold2_room1_mix0979,44,4,0,-144,-3,11.46
fold2_room1_mix0979,44,4,0,-61,-9,5.49
fold2_room1_mix0979,44,4,0,7,0,33.15
fold2_room1_mix0979,45,4,0,-139,-2,11.66
fold2_room1_mix0979,45,4,0,-54,-8,5.76
fold2_room1_mix0979,45,4,0,8,0,32.60
fold2_room1_mix0979,46,4,0,-155,-2,14.96
fold2_room1_mix0979,46,4,0,-52,-8,5.05
fold2_room1_mix0979,46,4,0,8,0,32.52
fold2_room1_mix0979,47,4,0,-158,-1,15.96
fold2_room1_mix0979,47,4,0,-52,-8,4.10
fold2_room1_mix0979,47,4,0,9,0,33.16
fold2_room1_mix0979,48,4,0,-162,-1,17.64
fold2_room1_mix0979,48,4,0,-45,-7,4.52
fold2_room1_mix0979,48,4,0,5,0,32.17
fold2_room1_mix0979,49,4,0,-169,-2,17.29
fold2_room1_mix0979,49,4,0,-42,-7,5.06
fold2_room1_mix0979,49,4,0,4,0,30.16
fold2_room1_mix0979,50,4,0,177,-2,15.11
fold2_room1_mix0979,50,4,0,-38,-6,5.09
fold2_room1_mix0979,50,4,0,8,0,27.94
fold2_room1_mix0979,51,4,0,170,-2,14.33
fold2_room1_mix0979,51,4,0,-34,-6,5.79
fold2_room1_mix0979,51,4,0,4,0,24.69
fold2_room1_mix0979,52,4,0,175,-1,17.45
fold2_room1_mix0979,52,4,0,-30,-5,6.73
fold2_room1_mix0979,52,4,0,1,-1,24.72
fold2_room1_mix0979,53,4,0,163,-2,18.33
fold2_room1_mix0979,53,4,0,-28,-5,7.41
fold2_room1_mix0979,53,4,0,0,-2,20.30
fold2_room1_mix0979,54,4,0,159,-2,16.47
fold2_room1_mix0979,54,4,0,-27,-4,7.64
fold2_room1_mix0979,54,4,0,0,-1,21.80
fold2_room1_mix0979,55,4,0,139,-3,14.77
fold2_room1_mix0979,55,4,0,-27,-4,7.95
fold2_room1_mix0979,55,4,0,0,-2,17.39
fold2_room1_mix0979,56,4,0,136,-3,14.23
fold2_room1_mix0979,56,4,0,-24,-3,8.72
fold2_room1_mix0979,56,4,0,1,-2,17.43
fold2_room1_mix0979,57,4,0,124,-4,14.02
fold2_room1_mix0979,57,4,0,-22,-3,9.48
fold2_room1_mix0979,57,4,0,0,-3,15.74
fold2_room1_mix0979,58,4,0,121,-4,13.44
fold2_room1_mix0979,58,4,0,-25,-3,9.48
fold2_room1_mix0979,58,4,0,5,-3,16.22
fold2_room1_mix0979,59,4,0,107,-4,12.99
fold2_room1_mix0979,59,4,0,-21,-3,10.11
fold2_room1_mix0979,59,4,0,0,-3,15.04
fold2_room1_mix0979,60,4,0,96,-4,12.10
fold2_room1_mix0979,60,4,0,-18,-3,10.50
fold2_room1_mix0979,60,4,0,0,-3,14.90
fold2_room1_mix0979,61,4,0,96,-4,11.73
fold2_room1_mix0979,61,4,0,-17,-3,10.18
fold2_room1_mix0979,61,4,0,0,-3,13.57
fold2_room1_mix0979,62,4,0,99,-4,11.43
fold2_room1_mix0979,62,4,0,-17,-3,9.61
fold2_room1_mix0979,62,4,0,3,-3,12.90
fold2_room1_mix0979,63,4,0,89,-4,11.10
fold2_room1_mix0979,63,4,0,-14,-4,9.22
fold2_room1_mix0979,63,4,0,2,-4,11.85
fold2_room1_mix0979,64,4,0,96,-4,11.00
fold2_room1_mix0979,64,4,0,-12,-4,9.08
fold2_room1_mix0979,64,4,0,4,-4,10.83
fold2_room1_mix0979,65,4,0,86,-4,11.12
fold2_room1_mix0979,65,4,0,-14,-4,9.00
fold2_room1_mix0979,65,4,0,2,-5,10.15
fold2_room1_mix0979,66,4,0,91,-4,11.82
fold2_room1_mix0979,66,4,0,-10,-5,7.97
fold2_room1_mix0979,66,4,0,5,-5,8.73
fold2_room1_mix0979,67,4,0,93,-3,11.20
fold2_room1_mix0979,67,4,0,-11,-4,7.82
fold2_room1_mix0979,67,4,0,4,-5,8.31
fold2_room1_mix0979,68,4,0,87,-4,12.24
fold2_room1_mix0979,68,4,0,-10,-6,7.00
fold2_room1_mix0979,68,4,0,5,-7,6.72
fold2_room1_mix0979,69,4,0,93,-3,13.12
fold2_room1_mix0979,69,4,0,-12,-7,5.51
fold2_room1_mix0979,69,4,0,6,-8,5.78
fold2_room1_mix0979,70,4,0,94,-4,12.55
fold2_room1_mix0979,70,4,0,-16,-9,3.65
fold2_room1_mix0979,70,4,0,7,-10,5.39
fold2_room1_mix0979,71,4,0,91,-5,11.10
fold2_room1_mix0979,71,4,0,-29,-12,2.40
fold2_room1_mix0979,71,4,0,10,-7,7.77
fold2_room1_mix0979,73,4,0,-142,-15,1.45
fold2_room1_mix0979,73,4,0,93,-6,6.01
fold2_room1_mix0979,73,4,0,12,0,15.27
fold2_room1_mix0979,74,4,0,-169,-8,2.90
fold2_room1_mix0979,74,4,0,163,-7,3.22
fold2_room1_mix0979,74,4,0,21,1,14.66
fold2_room1_mix0979,75,4,0,-176,-6,3.37
fold2_room1_mix0979,75,4,0,35,0,8.73
fold2_room1_mix0979,75,4,0,6,0,15.33
fold2_room1_mix0979,76,4,0,-164,-6,2.84
fold2_room1_mix0979,76,4,0,84,3,12.17
fold2_room1_mix0979,76,4,0,16,0,19.12
fold2_room1_mix0979,77,4,0,-163,-5,4.08
fold2_room1_mix0979,77,4,0,59,1,13.52
fold2_room1_mix0979,77,4,0,9,0,19.78
fold2_room1_mix0979,78,4,0,-161,-4,4.91
fold2_room1_mix0979,78,4,0,67,2,15.79
fold2_room1_mix0979,78,4,0,5,0,20.18
fold2_room1_mix0979,79,4,0,-168,-4,5.42
fold2_room1_mix0979,79,4,0,75,1,16.52
fold2_room1_mix0979,79,4,0,5,0,21.31
fold2_room1_mix0979,80,4,0,-168,-3,5.62
fold2_room1_mix0979,80,4,0,80,2,16.69
fold2_room1_mix0979,80,4,0,10,0,19.90
fold2_room1_mix0979,81,4,0,-167,-3,7.87
fold2_room1_mix0979,81,4,0,58,0,17.44
fold2_room1_mix0979,81,4,0,4,0,22.20
fold2_room1_mix0979,82,4,0,-164,-2,7.90
fold2_room1_mix0979,82,4,0,57,1,17.44
fold2_room1_mix0979,82,4,0,1,0,21.92
fold2_room1_mix0979,83,4,0,-167,-2,7.52
fold2_room1_mix0979,83,4,0,68,1,16.86
fold2_room1_mix0979,83,4,0,8,0,20.74
fold2_room1_mix0979,84,4,0,-167,-1,9.32
fold2_room1_mix0979,84,4,0,43,1,18.83
fold2_room1_mix0979,84,4,0,3,0,21.54
fold2_room1_mix0979,85,4,0,-167,-1,9.87
fold2_room1_mix0979,85,4,0,50,0,18.39
fold2_room1_mix0979,85,4,0,-1,0,22.30
fold2_room1_mix0979,86,4,0,-171,0,10.76
fold2_room1_mix0979,86,4,0,40,1,19.13
fold2_room1_mix0979,86,4,0,0,0,20.81
fold2_room1_mix0979,87,4,0,-176,0,11.88
fold2_room1_mix0979,87,4,0,11,0,20.21
fold2_room1_mix0979,88,4,0,-172,0,12.56
fold2_room1_mix0979,88,4,0,31,1,20.51
fold2_room1_mix0979,88,4,0,2,0,22.65
fold2_room1_mix0979,89,4,0,178,0,13.64
fold2_room1_mix0979,89,4,0,7,0,20.93
fold2_room1_mix0979,90,4,0,-178,0,14.64
fold2_room1_mix0979,90,4,0,22,0,22.31
fold2_room1_mix0979,90,4,0,1,0,22.97
fold2_room1_mix0979,91,4,0,179,0,15.44
fold2_room1_mix0979,91,4,0,7,0,24.88
fold2_room1_mix0979,92,4,0,178,0,15.98
fold2_room1_mix0979,92,4,0,15,0,25.01
fold2_room1_mix0979,92,4,0,0,0,26.72
fold2_room1_mix0979,93,4,0,178,0,15.94
fold2_room1_mix0979,93,4,0,7,0,26.21
fold2_room1_mix0979,94,4,0,-177,0,17.99
fold2_room1_mix0979,94,4,0,17,0,25.80
fold2_room1_mix0979,94,4,0,0,0,28.09
fold2_room1_mix0979,95,4,0,177,0,18.24
fold2_room1_mix0979,95,4,0,6,0,26.62
fold2_room1_mix0979,96,4,0,-179,-1,18.41
fold2_room1_mix0979,96,4,0,6,0,27.76
fold2_room1_mix0979,97,4,0,-179,0,21.46
fold2_room1_mix0979,97,4,0,5,0,30.50
fold2_room1_mix0979,98,4,0,179,0,21.78
fold2_room1_mix0979,98,4,0,4,0,29.42
fold2_room1_mix0979,99,4,0,177,-1,19.73
fold2_room1_mix0979,99,4,0,4,0,28.35
fold2_room1_mix0979,72,4,0,16,-18,3.15
fold2_room1_mix0979,72,4,0,11,-2,15.95
fold2_room1_mix0980,4,4,0,-1,0,6.99
fold2_room1_mix0980,5,4,0,0,0,22.16
fold2_room1_mix0980,6,4,0,1,0,23.05
fold2_room1_mix0980,7,4,0,-1,-1,26.44
fold2_room1_mix0980,8,4,0,1,-1,43.82
fold2_room1_mix0980,9,4,0,0,-1,43.38
fold2_room1_mix0980,10,4,0,1,-1,43.44
fold2_room1_mix0980,11,4,0,0,-1,45.40
fold2_room1_mix0980,12,4,0,0,-1,44.59
fold2_room1_mix0980,13,4,0,0,-1,45.58
fold2_room1_mix0980,14,4,0,0,-1,44.36
fold2_room1_mix0980,15,4,0,0,-1,43.61
fold2_room1_mix0980,16,4,0,0,-1,44.01
fold2_room1_mix0980,17,4,0,0,-1,44.66
fold2_room1_mix0980,18,4,0,0,-1,43.27
fold2_room1_mix0980,19,4,0,0,-1,43.23
fold2_room1_mix0980,20,4,0,0,0,45.17
fold2_room1_mix0980,21,4,0,0,0,44.14
fold2_room1_mix0980,22,4,0,0,0,41.73
fold2_room1_mix0980,23,4,0,-1,-1,39.09
fold2_room1_mix0980,24,4,0,0,0,41.48
fold2_room1_mix0980,25,4,0,-2,-1,38.19
fold2_room1_mix0980,26,4,0,0,-1,37.47
fold2_room1_mix0980,27,4,0,0,-1,37.71
fold2_room1_mix0980,28,4,0,-1,-1,36.62
fold2_room1_mix0980,29,4,0,-1,0,36.36
fold2_room1_mix0980,30,4,0,-2,0,34.32
fold2_room1_mix0980,31,4,0,-2,-1,32.73
fold2_room1_mix0980,32,4,0,-2,0,33.65
fold2_room1_mix0980,33,4,0,-3,0,31.92
fold2_room1_mix0980,34,4,0,-3,-1,31.72
fold2_room1_mix0980,35,4,0,-3,-1,30.33
fold2_room1_mix0980,36,4,0,-3,-1,29.58
fold2_room1_mix0980,37,4,0,-5,-1,29.81
fold2_room1_mix0980,38,4,0,-4,-1,27.15
fold2_room1_mix0980,39,4,0,-4,-1,26.01
fold2_room1_mix0980,40,4,0,-3,-1,26.39
fold2_room1_mix0980,41,4,0,-7,-1,23.52
fold2_room1_mix0980,42,4,0,-5,-1,22.47
fold2_room1_mix0980,43,4,0,-9,-1,21.94
fold2_room1_mix0980,44,4,0,-8,-1,21.05
fold2_room1_mix0980,45,4,0,-8,-1,19.87
fold2_room1_mix0980,46,4,0,-9,-1,19.07
fold2_room1_mix0980,47,4,0,-10,-1,18.29
fold2_room1_mix0980,48,4,0,-11,-1,17.18
fold2_room1_mix0980,49,4,0,-11,-1,15.78
fold2_room1_mix0980,50,4,0,-13,-2,15.35
fold2_room1_mix0980,51,4,0,-15,-2,14.35
fold2_room1_mix0980,52,4,0,-16,-2,13.83
fold2_room1_mix0980,53,4,0,-18,-2,13.16
fold2_room1_mix0980,54,4,0,-20,-3,11.35
fold2_room1_mix0980,55,4,0,-21,-3,10.93
fold2_room1_mix0980,56,4,0,-24,-3,10.17
fold2_room1_mix0980,57,4,0,-25,-3,8.99
fold2_room1_mix0980,58,4,0,-28,-4,8.32
fold2_room1_mix0980,59,4,0,-32,-4,7.34
fold2_room1_mix0980,60,4,0,-37,-5,6.41
fold2_room1_mix0980,61,4,0,-38,-5,5.77
fold2_room1_mix0980,62,4,0,-45,-5,4.96
fold2_room1_mix0980,63,4,0,-50,-6,4.58
fold2_room1_mix0980,64,4,0,-60,-7,3.92
fold2_room1_mix0980,65,4,0,-71,-8,3.94
fold2_room1_mix0980,66,4,0,-86,-9,3.85
fold2_room1_mix0980,67,4,0,-101,-8,3.93
fold2_room1_mix0980,68,4,0,-111,-8,4.24
fold2_room1_mix0980,69,4,0,-123,-7,4.64
fold2_room1_mix0980,70,4,0,-132,-7,4.91
fold2_room1_mix0980,71,4,0,-139,-6,5.47
fold2_room1_mix0980,72,4,0,-143,-5,6.33
fold2_room1_mix0980,73,4,0,-145,-5,6.78
fold2_room1_mix0980,74,4,0,-150,-4,7.25
fold2_room1_mix0980,75,4,0,-152,-4,8.40
fold2_room1_mix0980,76,4,0,-153,-3,9.10
fold2_room1_mix0980,77,4,0,-155,-3,9.63
fold2_room1_mix0980,78,4,0,-157,-3,10.66
fold2_room1_mix0980,79,4,0,-158,-2,11.22
fold2_room1_mix0980,80,4,0,-159,-2,11.91
fold2_room1_mix0980,81,4,0,-159,-2,12.47
fold2_room1_mix0980,82,4,0,-160,-2,13.58
fold2_room1_mix0980,83,4,0,-161,-2,13.94
fold2_room1_mix0980,84,4,0,-162,-2,15.35
fold2_room1_mix0980,85,4,0,-164,-1,16.61
fold2_room1_mix0980,86,4,0,-164,-1,17.17
fold2_room1_mix0980,87,4,0,-165,-1,18.10
fold2_room1_mix0980,88,4,0,-166,-1,19.79
fold2_room1_mix0980,89,4,0,-166,-1,19.94
fold2_room1_mix0980,90,4,0,-167,-1,20.38
fold2_room1_mix0980,91,4,0,-167,-1,22.10
fold2_room1_mix0980,92,4,0,-168,-1,22.20
fold2_room1_mix0980,93,4,0,-169,-1,23.69
fold2_room1_mix0980,94,4,0,-169,0,24.80
fold2_room1_mix0980,95,4,0,-169,-1,24.86
fold2_room1_mix0980,96,4,0,-170,-1,25.99
fold2_room1_mix0980,97,4,0,-170,0,25.78
fold2_room1_mix0980,98,4,0,-171,0,26.84
fold2_room1_mix0980,99,4,0,-172,0,26.99
fold2_room1_mix0980,3,4,0,-6,0,1.86
fold2_room1_mix0981,1,4,0,166,0,0.37
fold2_room1_mix0981,2,4,0,172,0,1.69
fold2_room1_mix0981,2,4,0,8,1,1.68
fold2_room1_mix0981,3,4,0,176,0,7.10
fold2_room1_mix0981,3,4,0,18,0,6.91
fold2_room1_mix0981,4,4,0,172,-2,10.77
fold2_room1_mix0981,4,4,0,19,-1,10.55
fold2_room1_mix0981,5,4,0,172,-1,13.43
fold2_room1_mix0981,5,4,0,20,-1,11.80
fold2_room1_mix0981,6,4,0,172,-1,13.73
fold2_room1_mix0981,6,4,0,24,-1,12.90
fold2_room1_mix0981,7,4,0,173,-2,19.79
fold2_room1_mix0981,7,4,0,24,-1,19.07
fold2_room1_mix0981,8,4,0,173,-2,20.84
fold2_room1_mix0981,8,4,0,26,-1,19.24
fold2_room1_mix0981,9,4,0,172,-2,19.86
fold2_room1_mix0981,9,4,0,24,-1,19.20
fold2_room1_mix0981,10,4,0,174,-2,20.80
fold2_room1_mix0981,10,4,0,28,-1,19.73
fold2_room1_mix0981,11,4,0,174,-2,20.57
fold2_room1_mix0981,11,4,0,25,-1,19.49
fold2_room1_mix0981,12,4,0,173,-2,19.59
fold2_room1_mix0981,12,4,0,26,-1,18.73
fold2_room1_mix0981,13,4,0,175,-2,19.41
fold2_room1_mix0981,13,4,0,29,-1,18.47
fold2_room1_mix0981,14,4,0,174,-3,19.60
fold2_room1_mix0981,14,4,0,25,-1,18.93
fold2_room1_mix0981,15,4,0,176,-2,18.77
fold2_room1_mix0981,15,4,0,31,-1,17.08
fold2_room1_mix0981,16,4,0,175,-3,18.00
fold2_room1_mix0981,16,4,0,33,-1,17.18
fold2_room1_mix0981,17,4,0,173,-3,17.94
fold2_room1_mix0981,17,4,0,29,-1,16.72
fold2_room1_mix0981,18,4,0,174,-3,18.02
fold2_room1_mix0981,18,4,0,33,-2,16.28
fold2_room1_mix0981,19,4,0,175,-2,17.36
fold2_room1_mix0981,19,4,0,29,-1,15.65
fold2_room1_mix0981,20,4,0,-178,-3,18.35
fold2_room1_mix0981,20,4,0,157,-4,17.83
fold2_room1_mix0981,20,4,0,28,-2,15.75
fold2_room1_mix0981,21,4,0,-179,-3,17.43
fold2_room1_mix0981,21,4,0,162,-3,17.68
fold2_room1_mix0981,21,4,0,32,-2,14.59
fold2_room1_mix0981,22,4,0,179,-3,17.63
fold2_room1_mix0981,22,4,0,158,-4,17.59
fold2_room1_mix0981,22,4,0,32,-2,14.79
fold2_room1_mix0981,23,4,0,177,-3,16.40
fold2_room1_mix0981,23,4,0,107,-5,14.80
fold2_room1_mix0981,23,4,0,28,-1,14.88
fold2_room1_mix0981,24,4,0,176,-2,16.24
fold2_room1_mix0981,24,4,0,64,-4,13.34
fold2_room1_mix0981,24,4,0,24,-1,15.36
fold2_room1_mix0981,25,4,0,177,-3,15.11
fold2_room1_mix0981,25,4,0,54,-3,12.65
fold2_room1_mix0981,25,4,0,30,-2,15.05
fold2_room1_mix0981,26,4,0,176,-3,15.11
fold2_room1_mix0981,26,4,0,61,-3,13.77
fold2_room1_mix0981,26,4,0,30,-2,14.43
fold2_room1_mix0981,27,4,0,176,-3,15.16
fold2_room1_mix0981,27,4,0,104,-4,14.80
fold2_room1_mix0981,27,4,0,36,-2,13.42
fold2_room1_mix0981,28,4,0,176,-2,15.32
fold2_room1_mix0981,28,4,0,59,-4,13.16
fold2_room1_mix0981,28,4,0,31,-2,13.96
fold2_room1_mix0981,29,4,0,177,-3,14.45
fold2_room1_mix0981,29,4,0,100,-5,14.44
fold2_room1_mix0981,29,4,0,38,-2,13.39
fold2_room1_mix0981,30,4,0,178,-3,13.70
fold2_room1_mix0981,30,4,0,100,-5,13.58
fold2_room1_mix0981,30,4,0,38,-2,12.77
fold2_room1_mix0981,31,4,0,-179,-3,13.06
fold2_room1_mix0981,31,4,0,93,-6,12.43
fold2_room1_mix0981,31,4,0,44,-3,11.63
fold2_room1_mix0981,32,4,0,179,-3,12.75
fold2_room1_mix0981,32,4,0,115,-4,13.75
fold2_room1_mix0981,32,4,0,43,-2,12.21
fold2_room1_mix0981,33,4,0,179,-3,12.69
fold2_room1_mix0981,33,4,0,122,-5,13.68
fold2_room1_mix0981,33,4,0,48,-3,12.19
fold2_room1_mix0981,34,4,0,-179,-3,11.50
fold2_room1_mix0981,34,4,0,99,-6,12.14
fold2_room1_mix0981,34,4,0,56,-3,11.75
fold2_room1_mix0981,35,4,0,-179,-4,11.14
fold2_room1_mix0981,35,4,0,151,-3,13.62
fold2_room1_mix0981,35,4,0,59,-3,12.21
fold2_room1_mix0981,36,4,0,177,-3,12.13
fold2_room1_mix0981,36,4,0,87,-6,11.42
fold2_room1_mix0981,36,4,0,55,-3,12.06
fold2_room1_mix0981,37,4,0,-179,-3,11.26
fold2_room1_mix0981,37,4,0,74,-6,10.64
fold2_room1_mix0981,37,4,0,58,-3,11.28
fold2_room1_mix0981,38,4,0,175,-4,10.26
fold2_room1_mix0981,38,4,0,111,-6,11.00
fold2_room1_mix0981,38,4,0,67,-4,11.53
fold2_room1_mix0981,39,4,0,177,-4,10.12
fold2_room1_mix0981,39,4,0,131,-5,11.27
fold2_room1_mix0981,39,4,0,71,-3,11.76
fold2_room1_mix0981,40,4,0,173,-4,9.75
fold2_room1_mix0981,40,4,0,119,-5,10.88
fold2_room1_mix0981,40,4,0,79,-3,11.79
fold2_room1_mix0981,41,4,0,176,-5,8.40
fold2_room1_mix0981,41,4,0,150,-5,10.20
fold2_room1_mix0981,41,4,0,82,-4,10.68
fold2_room1_mix0981,42,4,0,176,-5,9.37
fold2_room1_mix0981,42,4,0,84,-3,11.06
fold2_room1_mix0981,43,4,0,-178,-5,7.33
fold2_room1_mix0981,43,4,0,130,-5,9.82
fold2_room1_mix0981,43,4,0,78,-3,9.96
fold2_room1_mix0981,44,4,0,-179,-5,7.24
fold2_room1_mix0981,44,4,0,153,-5,9.76
fold2_room1_mix0981,44,4,0,78,-3,10.15
fold2_room1_mix0981,45,4,0,-175,-6,6.17
fold2_room1_mix0981,45,4,0,81,-4,8.81
fold2_room1_mix0981,46,4,0,-177,-6,6.78
fold2_room1_mix0981,46,4,0,138,-5,8.95
fold2_room1_mix0981,46,4,0,88,-3,9.92
fold2_room1_mix0981,47,4,0,-176,-7,5.72
fold2_room1_mix0981,47,4,0,106,-6,8.28
fold2_room1_mix0981,47,4,0,88,-4,8.14
fold2_room1_mix0981,48,4,0,179,-8,5.59
fold2_room1_mix0981,48,4,0,143,-6,7.23
fold2_room1_mix0981,48,4,0,100,-3,8.83
fold2_room1_mix0981,49,4,0,-179,-8,4.91
fold2_room1_mix0981,49,4,0,106,-5,8.15
fold2_room1_mix0981,49,4,0,87,-4,8.01
fold2_room1_mix0981,50,4,0,177,-10,4.57
fold2_room1_mix0981,50,4,0,118,-6,7.09
fold2_room1_mix0981,50,4,0,94,-4,7.70
fold2_room1_mix0981,51,4,0,172,-11,4.58
fold2_room1_mix0981,51,4,0,130,-8,6.05
fold2_room1_mix0981,51,4,0,91,-5,8.24
fold2_room1_mix0981,52,4,0,179,-12,4.31
fold2_room1_mix0981,52,4,0,110,-5,9.41
fold2_room1_mix0981,52,4,0,87,-5,7.90
fold2_room1_mix0981,53,4,0,171,-15,3.71
fold2_room1_mix0981,53,4,0,121,-7,7.43
fold2_room1_mix0981,53,4,0,97,-5,8.78
fold2_room1_mix0981,54,4,0,154,-16,3.53
fold2_room1_mix0981,54,4,0,124,-10,5.44
fold2_room1_mix0981,54,4,0,104,-5,8.60
fold2_room1_mix0981,55,4,0,143,-16,3.58
fold2_room1_mix0981,55,4,0,125,-10,4.98
fold2_room1_mix0981,55,4,0,110,-5,8.77
fold2_room1_mix0981,56,4,0,116,-12,5.21
fold2_room1_mix0981,57,4,0,111,-12,4.64
fold2_room1_mix0981,58,4,0,97,-11,4.92
fold2_room1_mix0981,59,4,0,105,-6,7.35
fold2_room1_mix0981,59,4,0,78,-14,3.66
fold2_room1_mix0981,60,4,0,108,-4,8.31
fold2_room1_mix0981,60,4,0,64,-13,3.33
fold2_room1_mix0981,61,4,0,112,-2,9.69
fold2_room1_mix0981,61,4,0,48,-11,3.34
fold2_room1_mix0981,62,4,0,115,-2,10.43
fold2_room1_mix0981,62,4,0,39,-10,3.56
fold2_room1_mix0981,63,4,0,116,-2,11.03
fold2_room1_mix0981,63,4,0,36,-10,3.59
fold2_room1_mix0981,64,4,0,117,-2,11.72
fold2_room1_mix0981,64,4,0,33,-9,4.21
fold2_room1_mix0981,65,4,0,120,-2,12.35
fold2_room1_mix0981,65,4,0,26,-8,4.90
fold2_room1_mix0981,66,4,0,126,-2,12.06
fold2_room1_mix0981,66,4,0,25,-8,4.69
fold2_room1_mix0981,67,4,0,125,-2,11.16
fold2_room1_mix0981,67,4,0,23,-7,5.09
fold2_room1_mix0981,68,4,0,127,-3,10.93
fold2_room1_mix0981,68,4,0,23,-7,5.38
fold2_room1_mix0981,69,4,0,135,-2,11.04
fold2_room1_mix0981,69,4,0,21,-7,5.66
fold2_room1_mix0981,70,4,0,134,-2,10.97
fold2_room1_mix0981,70,4,0,20,-6,6.32
fold2_room1_mix0981,71,4,0,135,-2,11.02
fold2_room1_mix0981,71,4,0,18,-6,6.56
fold2_room1_mix0981,72,4,0,140,-2,10.36
fold2_room1_mix0981,72,4,0,18,-5,7.24
fold2_room1_mix0981,73,4,0,142,-2,10.34
fold2_room1_mix0981,73,4,0,15,-5,7.80
fold2_room1_mix0981,74,4,0,143,-3,10.30
fold2_room1_mix0981,74,4,0,14,-5,8.03
fold2_room1_mix0981,75,4,0,152,-3,8.99
fold2_room1_mix0981,75,4,0,14,-4,9.53
fold2_room1_mix0981,76,4,0,164,-4,8.70
fold2_room1_mix0981,76,4,0,29,-4,10.23
fold2_room1_mix0981,76,4,0,6,-3,9.69
fold2_room1_mix0981,77,4,0,165,-3,8.53
fold2_room1_mix0981,77,4,0,28,-4,10.50
fold2_room1_mix0981,77,4,0,4,-3,9.66
fold2_room1_mix0981,78,4,0,154,-3,10.15
fold2_room1_mix0981,78,4,0,-25,-8,7.95
fold2_room1_mix0981,78,4,0,17,-3,10.47
fold2_room1_mix0981,79,4,0,152,-2,12.51
fold2_room1_mix0981,79,4,0,-67,-12,4.76
fold2_room1_mix0981,79,4,0,20,-3,12.64
fold2_room1_mix0981,80,4,0,150,-1,11.69
fold2_room1_mix0981,80,4,0,-98,-12,4.21
fold2_room1_mix0981,80,4,0,19,-3,11.51
fold2_room1_mix0981,81,4,0,152,-1,12.08
fold2_room1_mix0981,81,4,0,-99,-13,3.83
fold2_room1_mix0981,81,4,0,18,-3,12.53
fold2_room1_mix0981,82,4,0,158,-2,12.77
fold2_room1_mix0981,82,4,0,-101,-12,3.88
fold2_room1_mix0981,82,4,0,20,-3,13.14
fold2_room1_mix0981,83,4,0,152,-1,13.61
fold2_room1_mix0981,83,4,0,-98,-14,2.90
fold2_room1_mix0981,83,4,0,17,-3,11.63
fold2_room1_mix0981,84,4,0,154,-1,13.68
fold2_room1_mix0981,84,4,0,-98,-13,3.00
fold2_room1_mix0981,84,4,0,16,-2,13.33
fold2_room1_mix0981,85,4,0,166,-2,13.46
fold2_room1_mix0981,85,4,0,-83,-12,3.61
fold2_room1_mix0981,85,4,0,18,-2,14.76
fold2_room1_mix0981,86,4,0,164,-1,15.18
fold2_room1_mix0981,86,4,0,-77,-11,3.80
fold2_room1_mix0981,86,4,0,16,-2,15.59
fold2_room1_mix0981,87,4,0,162,-1,14.17
fold2_room1_mix0981,87,4,0,-74,-11,3.76
fold2_room1_mix0981,87,4,0,15,-1,17.42
fold2_room1_mix0981,88,4,0,164,-1,15.88
fold2_room1_mix0981,88,4,0,-70,-11,3.54
fold2_room1_mix0981,88,4,0,16,-1,17.11
fold2_room1_mix0981,89,4,0,166,-1,16.89
fold2_room1_mix0981,89,4,0,-63,-10,3.66
fold2_room1_mix0981,89,4,0,15,-1,17.00
fold2_room1_mix0981,90,4,0,162,-1,16.15
fold2_room1_mix0981,90,4,0,-58,-10,3.98
fold2_room1_mix0981,90,4,0,16,-1,18.65
fold2_room1_mix0981,91,4,0,160,-1,16.47
fold2_room1_mix0981,91,4,0,-50,-9,4.68
fold2_room1_mix0981,91,4,0,16,0,22.93
fold2_room1_mix0981,92,4,0,162,-1,16.95
fold2_room1_mix0981,92,4,0,-50,-9,4.63
fold2_room1_mix0981,92,4,0,16,0,21.88
fold2_room1_mix0981,93,4,0,159,-1,17.12
fold2_room1_mix0981,93,4,0,-46,-8,5.52
fold2_room1_mix0981,93,4,0,14,0,21.74
fold2_room1_mix0981,94,4,0,160,-1,16.86
fold2_room1_mix0981,94,4,0,-42,-8,5.60
fold2_room1_mix0981,94,4,0,15,-1,20.41
fold2_room1_mix0981,95,4,0,159,-2,15.95
fold2_room1_mix0981,95,4,0,-38,-8,5.75
fold2_room1_mix0981,95,4,0,16,-1,22.83
fold2_room1_mix0981,96,4,0,160,-1,16.98
fold2_room1_mix0981,96,4,0,-36,-7,6.66
fold2_room1_mix0981,96,4,0,14,0,24.58
fold2_room1_mix0981,97,4,0,159,-1,18.11
fold2_room1_mix0981,97,4,0,-31,-7,7.11
fold2_room1_mix0981,97,4,0,14,-1,22.37
fold2_room1_mix0981,98,4,0,159,-2,16.58
fold2_room1_mix0981,98,4,0,-25,-7,7.39
fold2_room1_mix0981,98,4,0,13,-1,22.36
fold2_room1_mix0981,99,4,0,158,-2,15.71
fold2_room1_mix0981,99,4,0,-25,-6,7.82
fold2_room1_mix0981,99,4,0,11,-1,20.64
fold2_room1_mix0982,25,4,0,-13,-2,18.82
fold2_room1_mix0982,26,4,0,-10,-1,20.79
fold2_room1_mix0982,27,4,0,-5,-1,23.17
fold2_room1_mix0982,28,4,0,-4,-2,22.93
fold2_room1_mix0982,29,4,0,-7,-1,23.35
fold2_room1_mix0982,30,4,0,-11,-1,23.57
fold2_room1_mix0982,31,4,0,-10,-1,23.49
fold2_room1_mix0982,32,4,0,-15,-1,22.31
fold2_room1_mix0982,33,4,0,-9,-2,22.20
fold2_room1_mix0982,34,4,0,-16,-2,19.58
fold2_room1_mix0982,35,4,0,-17,-1,20.27
fold2_room1_mix0982,36,4,0,-18,-1,21.12
fold2_room1_mix0982,37,4,0,-21,-1,20.34
fold2_room1_mix0982,38,4,0,-22,-1,20.46
fold2_room1_mix0982,39,4,0,-25,-1,20.21
fold2_room1_mix0982,40,4,0,-23,-1,21.57
fold2_room1_mix0982,41,4,0,-39,-1,19.06
fold2_room1_mix0982,41,4,0,-19,-1,22.42
fold2_room1_mix0982,42,4,0,-41,-1,18.19
fold2_room1_mix0982,42,4,0,-9,-1,22.44
fold2_room1_mix0982,43,4,0,-56,-1,16.52
fold2_room1_mix0982,43,4,0,-40,-2,17.89
fold2_room1_mix0982,43,4,0,-7,-1,23.06
fold2_room1_mix0982,44,4,0,-57,-2,15.04
fold2_room1_mix0982,44,4,0,-28,-1,17.77
fold2_room1_mix0982,44,4,0,-7,-1,21.91
fold2_room1_mix0982,45,4,0,-59,-2,13.25
fold2_room1_mix0982,45,4,0,-24,-1,17.66
fold2_room1_mix0982,45,4,0,-6,0,21.55
fold2_room1_mix0982,46,4,0,-62,-2,13.74
fold2_room1_mix0982,46,4,0,-31,-1,16.53
fold2_room1_mix0982,46,4,0,-7,-1,21.28
fold2_room1_mix0982,47,4,0,-66,-2,13.35
fold2_room1_mix0982,47,4,0,-9,-1,17.32
fold2_room1_mix0982,48,4,0,-66,-2,12.67
fold2_room1_mix0982,48,4,0,-17,-1,16.78
fold2_room1_mix0982,49,4,0,-67,-2,12.80
fold2_room1_mix0982,49,4,0,-44,-3,13.68
fold2_room1_mix0982,49,4,0,-10,-1,20.68
fold2_room1_mix0982,50,4,0,-79,-2,11.96
fold2_room1_mix0982,50,4,0,-7,-1,15.78
fold2_room1_mix0982,51,4,0,-80,-2,12.79
fold2_room1_mix0982,51,4,0,-15,-2,15.59
fold2_room1_mix0982,52,4,0,-100,-2,13.40
fold2_room1_mix0982,52,4,0,-11,-1,16.51
fold2_room1_mix0982,53,4,0,-101,-2,12.70
fold2_room1_mix0982,53,4,0,0,-2,14.96
fold2_room1_mix0982,54,4,0,-114,-2,13.09
fold2_room1_mix0982,54,4,0,1,-2,13.50
fold2_room1_mix0982,55,4,0,-117,-2,13.51
fold2_room1_mix0982,55,4,0,1,-4,12.43
fold2_room1_mix0982,56,4,0,-109,-2,14.90
fold2_room1_mix0982,56,4,0,0,-3,13.41
fold2_room1_mix0982,57,4,0,-125,-2,14.60
fold2_room1_mix0982,57,4,0,0,-4,12.35
fold2_room1_mix0982,58,4,0,-116,-2,13.88
fold2_room1_mix0982,58,4,0,6,-4,11.65
fold2_room1_mix0982,59,4,0,-128,-2,14.45
fold2_room1_mix0982,59,4,0,10,-4,10.89
fold2_room1_mix0982,60,4,0,-124,-2,14.48
fold2_room1_mix0982,60,4,0,13,-5,10.43
fold2_room1_mix0982,61,4,0,-132,-2,14.00
fold2_room1_mix0982,61,4,0,13,-5,9.40
fold2_room1_mix0982,62,4,0,-131,-1,14.89
fold2_room1_mix0982,62,4,0,16,-5,10.39
fold2_room1_mix0982,63,4,0,-136,-1,14.37
fold2_room1_mix0982,63,4,0,13,-5,9.27
fold2_room1_mix0982,64,4,0,-129,-2,14.43
fold2_room1_mix0982,64,4,0,15,-6,9.26
fold2_room1_mix0982,65,4,0,-133,-2,14.96
fold2_room1_mix0982,65,4,0,15,-5,9.50
fold2_room1_mix0982,66,4,0,-135,-2,14.29
fold2_room1_mix0982,66,4,0,16,-6,8.33
fold2_room1_mix0982,67,4,0,-132,-1,13.72
fold2_room1_mix0982,67,4,0,17,-6,7.53
fold2_room1_mix0982,68,4,0,-136,-2,13.33
fold2_room1_mix0982,68,4,0,15,-7,6.90
fold2_room1_mix0982,69,4,0,-116,-5,12.33
fold2_room1_mix0982,69,4,0,18,-6,6.85
fold2_room1_mix0982,73,4,0,-22,-5,9.96
fold2_room1_mix0982,73,4,0,21,-8,4.65
fold2_room1_mix0982,76,4,0,3,-8,7.01
fold2_room1_mix0982,76,4,0,22,-10,3.96
fold2_room1_mix0982,77,4,0,20,-11,4.52
fold2_room1_mix0982,78,4,0,26,-13,4.19
fold2_room1_mix0982,79,4,0,30,-13,3.60
fold2_room1_mix0982,80,4,0,35,-14,3.09
fold2_room1_mix0982,81,4,0,39,-16,3.03
fold2_room1_mix0982,82,4,0,44,-19,2.54
fold2_room1_mix0982,83,4,0,52,-20,2.36
fold2_room1_mix0982,84,4,0,63,-22,2.19
fold2_room1_mix0982,85,4,0,77,-25,1.92
fold2_room1_mix0982,86,4,0,91,-26,1.76
fold2_room1_mix0982,87,4,0,106,-24,2.07
fold2_room1_mix0982,88,4,0,115,-21,2.25
fold2_room1_mix0982,89,4,0,130,-19,2.42
fold2_room1_mix0982,90,4,0,134,-17,2.54
fold2_room1_mix0982,91,4,0,141,-15,3.04
fold2_room1_mix0982,92,4,0,144,-14,2.97
fold2_room1_mix0982,93,4,0,147,-13,3.50
fold2_room1_mix0982,94,4,0,150,-12,3.65
fold2_room1_mix0982,95,4,0,153,-11,3.94
fold2_room1_mix0982,96,4,0,155,-11,4.39
fold2_room1_mix0982,97,4,0,155,-10,4.98
fold2_room1_mix0982,98,4,0,158,-9,5.13
fold2_room1_mix0982,99,4,0,159,-8,5.38
fold2_room1_mix0982,70,4,0,17,-7,6.38
fold2_room1_mix0982,71,4,0,19,-7,5.80
fold2_room1_mix0982,72,4,0,19,-7,5.44
fold2_room1_mix0982,74,4,0,21,-8,4.53
fold2_room1_mix0982,75,4,0,22,-9,4.21
fold2_room1_mix0982,24,4,0,-10,-2,9.34
fold2_room1_mix0983,14,0,0,-164,-2,2.75
fold2_room1_mix0983,15,0,0,-158,-2,5.77
fold2_room1_mix0983,16,0,0,-156,-2,11.12
fold2_room1_mix0983,17,0,0,-153,-2,10.60
fold2_room1_mix0983,18,0,0,-156,-2,9.65
fold2_room1_mix0983,19,0,0,-154,-2,17.49
fold2_room1_mix0983,20,0,0,-154,-2,17.83
fold2_room1_mix0983,21,0,0,-152,-2,19.01
fold2_room1_mix0983,22,0,0,-150,-2,17.50
fold2_room1_mix0983,23,0,0,-147,-3,15.87
fold2_room1_mix0983,24,0,0,-149,-2,17.04
fold2_room1_mix0983,25,0,0,-145,-3,15.41
fold2_room1_mix0983,26,0,0,-146,-3,14.58
fold2_room1_mix0983,27,0,0,-146,-3,14.35
fold2_room1_mix0983,28,0,0,-146,-3,14.55
fold2_room1_mix0983,29,0,0,-141,-3,13.05
fold2_room1_mix0983,30,0,0,-140,-3,13.07
fold2_room1_mix0983,31,0,0,-142,-3,13.71
fold2_room1_mix0983,32,0,0,-141,-3,13.39
fold2_room1_mix0983,33,0,0,-137,-4,12.46
fold2_room1_mix0983,34,0,0,-137,-3,12.16
fold2_room1_mix0983,35,0,0,-132,-4,11.73
fold2_room1_mix0983,36,0,0,-129,-4,11.79
fold2_room1_mix0983,37,0,0,-126,-4,10.78
fold2_room1_mix0983,37,3,0,-145,-4,8.40
fold2_room1_mix0983,38,0,0,-122,-5,10.56
fold2_room1_mix0983,38,3,0,-150,-3,12.59
fold2_room1_mix0983,39,0,0,-121,-4,10.77
fold2_room1_mix0983,39,3,0,-147,-3,11.15
fold2_room1_mix0983,40,0,0,-113,-5,10.19
fold2_room1_mix0983,40,3,0,-148,-3,12.73
fold2_room1_mix0983,41,0,0,-112,-5,10.16
fold2_room1_mix0983,41,3,0,-142,-3,11.92
fold2_room1_mix0983,42,0,0,-109,-5,10.30
fold2_room1_mix0983,42,3,0,-137,-3,10.55
fold2_room1_mix0983,43,0,0,-103,-5,11.66
fold2_room1_mix0983,43,3,0,-130,-3,11.23
fold2_room1_mix0983,44,0,0,-101,-5,10.96
fold2_room1_mix0983,44,3,0,-125,-3,10.47
fold2_room1_mix0983,45,0,0,-97,-5,11.29
fold2_room1_mix0983,45,3,0,-126,-3,11.62
fold2_room1_mix0983,46,0,0,-93,-5,12.27
fold2_room1_mix0983,46,3,0,-125,-4,11.11
fold2_room1_mix0983,47,0,0,-91,-5,11.88
fold2_room1_mix0983,47,3,0,-139,-3,9.77
fold2_room1_mix0983,48,0,0,-84,-5,12.36
fold2_room1_mix0983,48,3,0,-126,-3,7.63
fold2_room1_mix0983,49,0,0,-81,-5,13.31
fold2_room1_mix0983,49,3,0,-149,-3,7.86
fold2_room1_mix0983,50,0,0,-71,-5,12.24
fold2_room1_mix0983,50,3,0,-140,-3,7.40
fold2_room1_mix0983,51,0,0,-70,-5,12.82
fold2_room1_mix0983,51,3,0,-141,-3,8.26
fold2_room1_mix0983,52,0,0,-69,-5,13.10
fold2_room1_mix0983,52,3,0,-132,-2,4.39
fold2_room1_mix0983,53,0,0,-64,-4,13.33
fold2_room1_mix0983,54,0,0,-62,-4,13.29
fold2_room1_mix0983,55,0,0,-68,-4,9.53
fold2_room1_mix0983,55,3,0,-125,-4,12.96
fold2_room1_mix0983,56,0,0,-71,-3,2.91
fold2_room1_mix0983,56,3,0,-120,-4,12.26
fold2_room1_mix0983,57,3,0,-110,-4,11.15
fold2_room1_mix0983,58,3,0,-100,-5,9.47
fold2_room1_mix0983,59,3,0,-101,-4,9.24
fold2_room1_mix0983,60,3,0,-89,-5,9.13
fold2_room1_mix0983,61,3,0,-91,-5,9.17
fold2_room1_mix0983,62,3,0,-87,-4,8.86
fold2_room1_mix0983,63,3,0,-90,-4,8.83
fold2_room1_mix0983,64,3,0,-87,-4,7.72
fold2_room1_mix0983,65,3,0,-78,-4,8.42
fold2_room1_mix0983,66,3,0,-72,-4,9.37
fold2_room1_mix0983,67,3,0,-62,-3,6.86
fold2_room1_mix0983,68,3,0,-64,-3,5.16
fold2_room1_mix0983,69,3,0,-62,-3,6.72
fold2_room1_mix0983,70,3,0,-53,-3,6.91
fold2_room1_mix0983,71,3,0,-53,-3,8.40
fold2_room1_mix0983,72,3,0,-49,-3,7.91
fold2_room1_mix0983,73,3,0,-41,-2,13.97
fold2_room1_mix0983,74,3,0,-40,-2,13.01
fold2_room1_mix0983,75,3,0,-39,-2,11.61
fold2_room1_mix0983,76,3,0,-39,-2,10.33
fold2_room1_mix0983,77,3,0,-38,-2,11.14
fold2_room1_mix0983,78,3,0,-29,-2,11.47
fold2_room1_mix0983,79,3,0,-36,-2,11.58
fold2_room1_mix0983,80,3,0,-30,-2,10.46
fold2_room1_mix0983,81,3,0,-27,-1,10.36
fold2_room1_mix0983,82,3,0,-33,-2,10.88
fold2_room1_mix0983,83,3,0,-27,-1,10.04
fold2_room1_mix0983,84,3,0,-29,-1,10.94
fold2_room1_mix0983,85,3,0,-25,-1,8.14
fold2_room1_mix0983,86,3,0,-27,-1,9.71
fold2_room1_mix0983,87,3,0,-27,-1,10.39
fold2_room1_mix0983,88,3,0,-25,-1,11.58
fold2_room1_mix0984,3,4,0,178,0,1.67
fold2_room1_mix0984,4,4,0,176,0,17.91
fold2_room1_mix0984,5,4,0,175,0,19.70
fold2_room1_mix0984,6,4,0,176,0,21.78
fold2_room1_mix0984,7,4,0,177,0,31.25
fold2_room1_mix0984,8,4,0,174,0,36.75
fold2_room1_mix0984,9,4,0,176,0,36.77
fold2_room1_mix0984,10,4,0,175,0,35.73
fold2_room1_mix0984,11,4,0,176,0,34.52
fold2_room1_mix0984,12,4,0,175,0,35.15
fold2_room1_mix0984,13,4,0,175,0,32.78
fold2_room1_mix0984,14,4,0,175,0,33.38
fold2_room1_mix0984,15,4,0,177,0,34.02
fold2_room1_mix0984,16,4,0,176,0,33.55
fold2_room1_mix0984,17,4,0,176,0,33.59
fold2_room1_mix0984,18,4,0,176,0,34.64
fold2_room1_mix0984,19,4,0,177,0,34.43
fold2_room1_mix0984,20,4,0,175,0,34.81
fold2_room1_mix0984,21,4,0,175,0,34.71
fold2_room1_mix0984,22,4,0,174,0,33.27
fold2_room1_mix0984,23,4,0,175,0,33.93
fold2_room1_mix0984,24,4,0,175,-1,32.48
fold2_room1_mix0984,25,4,0,176,-1,32.75
fold2_room1_mix0984,26,4,0,173,0,30.78
fold2_room1_mix0984,27,4,0,173,0,31.98
fold2_room1_mix0984,28,4,0,173,0,31.00
fold2_room1_mix0984,29,4,0,172,0,29.82
fold2_room1_mix0984,30,4,0,173,0,30.38
fold2_room1_mix0984,31,4,0,173,0,30.76
fold2_room1_mix0984,32,4,0,173,0,29.85
fold2_room1_mix0984,33,4,0,172,0,29.45
fold2_room1_mix0984,34,4,0,171,0,30.49
fold2_room1_mix0984,35,4,0,172,0,29.50
fold2_room1_mix0984,36,4,0,169,0,29.42
fold2_room1_mix0984,37,4,0,169,0,28.59
fold2_room1_mix0984,38,4,0,169,0,30.35
fold2_room1_mix0984,39,4,0,169,0,29.13
fold2_room1_mix0984,40,4,0,170,0,29.23
fold2_room1_mix0984,41,4,0,171,0,29.51
fold2_room1_mix0984,42,4,0,169,0,27.17
fold2_room1_mix0984,43,4,0,171,0,26.95
fold2_room1_mix0984,44,4,0,171,0,27.19
fold2_room1_mix0984,45,4,0,171,0,26.07
fold2_room1_mix0984,46,4,0,170,0,26.55
fold2_room1_mix0984,47,4,0,170,-1,24.66
fold2_room1_mix0984,48,4,0,169,0,25.20
fold2_room1_mix0984,49,4,0,170,-1,25.30
fold2_room1_mix0984,50,4,0,168,-1,24.03
fold2_room1_mix0984,51,4,0,167,-1,23.07
fold2_room1_mix0984,52,4,0,169,-1,22.39
fold2_room1_mix0984,53,4,0,167,-1,21.01
fold2_room1_mix0984,54,4,0,167,-1,20.42
fold2_room1_mix0984,55,4,0,166,-1,19.79
fold2_room1_mix0984,56,4,0,166,-1,19.48
fold2_room1_mix0984,57,4,0,166,-1,19.16
fold2_room1_mix0984,58,4,0,164,-1,18.18
fold2_room1_mix0984,59,4,0,164,-2,17.79
fold2_room1_mix0984,60,4,0,162,-2,17.08
fold2_room1_mix0984,61,4,0,162,-2,15.85
fold2_room1_mix0984,62,4,0,162,-2,15.92
fold2_room1_mix0984,63,4,0,162,-3,15.10
fold2_room1_mix0984,64,4,0,161,-3,14.38
fold2_room1_mix0984,65,4,0,161,-3,13.53
fold2_room1_mix0984,66,4,0,160,-3,13.31
fold2_room1_mix0984,67,4,0,160,-3,13.22
fold2_room1_mix0984,68,4,0,159,-3,13.27
fold2_room1_mix0984,69,4,0,158,-3,12.27
fold2_room1_mix0984,70,4,0,156,-3,12.11
fold2_room1_mix0984,71,4,0,156,-3,11.80
fold2_room1_mix0984,72,4,0,156,-3,11.50
fold2_room1_mix0984,73,4,0,154,-4,10.83
fold2_room1_mix0984,74,4,0,154,-4,10.11
fold2_room1_mix0984,75,4,0,162,-5,8.85
fold2_room1_mix0984,75,4,0,140,-3,9.53
fold2_room1_mix0984,76,4,0,160,-5,8.49
fold2_room1_mix0984,76,4,0,137,-4,9.00
fold2_room1_mix0984,77,4,0,162,-6,8.10
fold2_room1_mix0984,77,4,0,131,-5,8.21
fold2_room1_mix0984,78,4,0,161,-7,7.21
fold2_room1_mix0984,78,4,0,127,-5,7.61
fold2_room1_mix0984,79,4,0,157,-8,5.80
fold2_room1_mix0984,79,4,0,126,-5,7.59
fold2_room1_mix0984,80,4,0,154,-9,5.86
fold2_room1_mix0984,80,4,0,126,-7,5.94
fold2_room1_mix0984,81,4,0,140,-14,3.43
fold2_room1_mix0984,81,4,0,112,-7,6.62
fold2_room1_mix0984,82,4,0,125,-15,4.09
fold2_room1_mix0984,82,4,0,97,-15,4.00
fold2_room1_mix0984,83,4,0,115,-12,5.04
fold2_room1_mix0984,83,4,0,70,-14,3.13
fold2_room1_mix0984,84,4,0,123,-8,6.15
fold2_room1_mix0984,84,4,0,52,-10,3.70
fold2_room1_mix0984,85,4,0,99,-8,4.67
fold2_room1_mix0984,85,4,0,41,-8,3.96
fold2_room1_mix0984,86,4,0,98,-9,5.50
fold2_room1_mix0984,86,4,0,29,-8,4.21
fold2_room1_mix0984,87,4,0,85,-7,5.82
fold2_room1_mix0984,87,4,0,32,-8,4.15
fold2_room1_mix0984,88,4,0,76,-6,6.16
fold2_room1_mix0984,88,4,0,27,-7,4.71
fold2_room1_mix0984,89,4,0,73,-7,5.83
fold2_room1_mix0984,89,4,0,23,-6,5.42
fold2_room1_mix0984,90,4,0,67,-6,6.19
fold2_room1_mix0984,90,4,0,22,-6,5.93
fold2_room1_mix0984,91,4,0,66,-6,6.10
fold2_room1_mix0984,91,4,0,19,-5,6.85
fold2_room1_mix0984,92,4,0,64,-6,6.73
fold2_room1_mix0984,92,4,0,18,-4,7.64
fold2_room1_mix0984,93,4,0,58,-6,6.30
fold2_room1_mix0984,93,4,0,16,-4,8.36
fold2_room1_mix0984,94,4,0,55,-5,7.24
fold2_room1_mix0984,94,4,0,15,-3,9.58
fold2_room1_mix0984,95,4,0,52,-5,7.40
fold2_room1_mix0984,95,4,0,16,-3,9.54
fold2_room1_mix0984,96,4,0,50,-5,7.39
fold2_room1_mix0984,96,4,0,13,-3,10.32
fold2_room1_mix0984,97,4,0,44,-5,7.60
fold2_room1_mix0984,97,4,0,11,-2,11.97
fold2_room1_mix0984,98,4,0,39,-5,7.58
fold2_room1_mix0984,98,4,0,11,-2,12.25
fold2_room1_mix0984,99,4,0,32,-5,7.71
fold2_room1_mix0984,99,4,0,10,-2,13.76
fold2_room1_mix0985,44,2,0,-109,-3,7.00
fold2_room1_mix0985,45,2,0,-98,-3,7.15
fold2_room1_mix0985,46,2,0,-97,-2,10.03
fold2_room1_mix0985,47,2,0,-97,-2,9.96
fold2_room1_mix0985,48,2,0,-90,-2,9.54
fold2_room1_mix0985,54,2,0,-88,-2,10.79
fold2_room1_mix0985,55,2,0,-88,-2,10.29
fold2_room1_mix0985,56,2,0,-89,-2,11.46
fold2_room1_mix0985,57,2,0,-86,-1,12.47
fold2_room1_mix0985,57,4,0,5,-1,6.80
fold2_room1_mix0985,58,2,0,-88,-1,13.04
fold2_room1_mix0985,58,4,0,7,-1,9.70
fold2_room1_mix0985,59,2,0,-87,-2,9.32
fold2_room1_mix0985,59,4,0,5,-1,12.82
fold2_room1_mix0985,60,4,0,4,-2,13.69
fold2_room1_mix0985,61,4,0,5,-1,14.28
fold2_room1_mix0985,62,4,0,10,-2,13.80
fold2_room1_mix0985,63,4,0,15,-2,13.01
fold2_room1_mix0985,64,4,0,15,-3,11.87
fold2_room1_mix0985,65,2,0,-83,-1,10.40
fold2_room1_mix0985,65,4,0,20,-2,11.58
fold2_room1_mix0985,66,2,0,-80,-1,13.08
fold2_room1_mix0985,66,4,0,18,-3,10.70
fold2_room1_mix0985,67,2,0,-77,-1,14.01
fold2_room1_mix0985,67,4,0,19,-3,10.01
fold2_room1_mix0985,68,2,0,-76,-1,14.23
fold2_room1_mix0985,68,4,0,21,-3,8.62
fold2_room1_mix0985,69,2,0,-74,-1,14.03
fold2_room1_mix0985,69,4,0,23,-3,8.48
fold2_room1_mix0985,70,2,0,-78,-1,11.92
fold2_room1_mix0985,70,4,0,25,-4,7.37
fold2_room1_mix0985,71,4,0,29,-4,6.08
fold2_room1_mix0985,72,4,0,31,-4,4.98
fold2_room1_mix0985,73,4,0,33,-5,4.48
fold2_room1_mix0985,74,4,0,42,-6,3.89
fold2_room1_mix0985,75,4,0,52,-6,3.50
fold2_room1_mix0985,76,2,0,-68,-1,13.05
fold2_room1_mix0985,76,4,0,71,-7,2.83
fold2_room1_mix0985,77,2,0,-69,-1,15.66
fold2_room1_mix0985,77,4,0,84,-9,2.68
fold2_room1_mix0985,78,2,0,-65,-1,14.70
fold2_room1_mix0985,78,4,0,106,-8,2.95
fold2_room1_mix0985,79,2,0,-63,-1,14.85
fold2_room1_mix0985,79,4,0,123,-6,3.12
fold2_room1_mix0985,80,2,0,-63,-1,15.02
fold2_room1_mix0985,80,4,0,133,-5,3.67
fold2_room1_mix0985,81,2,0,-67,-1,13.35
fold2_room1_mix0985,81,4,0,142,-4,4.41
fold2_room1_mix0985,82,4,0,147,-4,5.21
fold2_room1_mix0985,83,4,0,151,-3,5.90
fold2_room1_mix0985,84,4,0,154,-3,6.12
fold2_room1_mix0985,85,4,0,156,-2,7.13
fold2_room1_mix0985,86,4,0,158,-2,8.24
fold2_room1_mix0985,87,4,0,160,-2,8.79
fold2_room1_mix0985,88,4,0,162,-2,9.68
fold2_room1_mix0985,89,4,0,164,-2,10.18
fold2_room1_mix0985,90,4,0,165,-1,11.08
fold2_room1_mix0985,91,4,0,166,-1,11.89
fold2_room1_mix0985,92,4,0,166,-1,12.53
fold2_room1_mix0985,93,4,0,167,-1,13.12
fold2_room1_mix0985,94,4,0,168,-1,13.94
fold2_room1_mix0985,95,4,0,168,-1,13.12
fold2_room1_mix0985,96,4,0,168,-1,14.93
fold2_room1_mix0985,97,4,0,169,-1,15.75
fold2_room1_mix0985,98,4,0,170,0,4.25
fold2_room1_mix0986,4,4,0,175,0,4.51
fold2_room1_mix0986,5,4,0,173,0,16.54
fold2_room1_mix0986,6,4,0,173,0,17.72
fold2_room1_mix0986,7,4,0,173,0,22.06
fold2_room1_mix0986,8,4,0,172,0,33.63
fold2_room1_mix0986,9,4,0,173,0,34.65
fold2_room1_mix0986,10,4,0,172,0,35.81
fold2_room1_mix0986,11,4,0,170,0,35.46
fold2_room1_mix0986,12,4,0,170,0,36.59
fold2_room1_mix0986,13,4,0,171,0,36.11
fold2_room1_mix0986,14,4,0,171,0,36.09
fold2_room1_mix0986,15,4,0,169,0,38.67
fold2_room1_mix0986,16,4,0,170,0,37.29
fold2_room1_mix0986,17,4,0,169,0,36.98
fold2_room1_mix0986,18,4,0,168,0,38.00
fold2_room1_mix0986,19,4,0,167,0,38.98
fold2_room1_mix0986,20,4,0,167,0,39.45
fold2_room1_mix0986,21,4,0,167,0,39.08
fold2_room1_mix0986,22,4,0,167,0,38.84
fold2_room1_mix0986,23,4,0,166,0,38.50
fold2_room1_mix0986,24,4,0,167,0,38.70
fold2_room1_mix0986,25,4,0,167,0,37.78
fold2_room1_mix0986,26,4,0,165,0,38.37
fold2_room1_mix0986,27,4,0,164,0,38.18
fold2_room1_mix0986,28,4,0,165,0,38.13
fold2_room1_mix0986,29,4,0,165,0,37.22
fold2_room1_mix0986,30,4,0,165,0,38.15
fold2_room1_mix0986,31,4,0,164,0,36.83
fold2_room1_mix0986,32,4,0,164,0,35.70
fold2_room1_mix0986,33,4,0,164,0,35.90
fold2_room1_mix0986,34,4,0,165,0,34.91
fold2_room1_mix0986,35,4,0,166,0,34.67
fold2_room1_mix0986,36,4,0,164,0,33.46
fold2_room1_mix0986,37,4,0,164,0,32.25
fold2_room1_mix0986,38,4,0,165,0,32.07
fold2_room1_mix0986,39,1,0,-172,-2,19.10
fold2_room1_mix0986,39,4,0,163,0,29.30
fold2_room1_mix0986,40,1,0,-169,-3,32.62
fold2_room1_mix0986,40,4,0,163,0,29.47
fold2_room1_mix0986,41,1,0,-168,-2,32.94
fold2_room1_mix0986,41,4,0,164,0,31.14
fold2_room1_mix0986,42,1,0,-167,-2,18.07
fold2_room1_mix0986,42,4,0,160,-1,30.97
fold2_room1_mix0986,43,1,0,-162,-3,30.24
fold2_room1_mix0986,43,4,0,161,-1,31.72
fold2_room1_mix0986,44,1,0,-162,-2,22.62
fold2_room1_mix0986,44,4,0,162,0,29.77
fold2_room1_mix0986,45,1,0,-165,-2,26.64
fold2_room1_mix0986,45,4,0,165,-1,32.29
fold2_room1_mix0986,46,1,0,-160,-2,15.84
fold2_room1_mix0986,46,4,0,160,-1,33.08
fold2_room1_mix0986,47,1,0,-154,-3,18.92
fold2_room1_mix0986,47,4,0,162,0,34.99
fold2_room1_mix0986,48,1,0,-158,-2,25.92
fold2_room1_mix0986,48,4,0,164,-1,31.83
fold2_room1_mix0986,49,1,0,-157,-2,25.06
fold2_room1_mix0986,49,4,0,158,-1,26.64
fold2_room1_mix0986,50,1,0,-157,-2,21.48
fold2_room1_mix0986,50,4,0,165,0,34.17
fold2_room1_mix0986,51,4,0,156,-1,30.02
fold2_room1_mix0986,52,1,0,-154,-2,16.59
fold2_room1_mix0986,52,4,0,156,-2,23.25
fold2_room1_mix0986,53,1,0,-152,-3,14.60
fold2_room1_mix0986,53,4,0,162,-1,26.42
fold2_room1_mix0986,54,1,0,-150,-3,16.26
fold2_room1_mix0986,54,4,0,156,-2,24.92
fold2_room1_mix0986,55,1,0,-147,-3,7.30
fold2_room1_mix0986,55,4,0,149,-1,22.55
fold2_room1_mix0986,56,1,0,-145,-3,11.70
fold2_room1_mix0986,56,4,0,157,-1,28.14
fold2_room1_mix0986,57,1,0,-137,-3,9.83
fold2_room1_mix0986,57,4,0,156,-2,22.89
fold2_room1_mix0986,58,1,0,-127,-5,6.32
fold2_room1_mix0986,58,4,0,140,-2,18.75
fold2_room1_mix0986,59,1,0,-128,-5,8.68
fold2_room1_mix0986,59,4,0,155,-2,25.81
fold2_room1_mix0986,60,4,0,142,-2,18.49
fold2_room1_mix0986,61,1,0,-68,-5,6.77
fold2_room1_mix0986,61,4,0,140,-2,16.83
fold2_room1_mix0986,62,1,0,-49,-5,6.96
fold2_room1_mix0986,62,4,0,146,-3,17.79
fold2_room1_mix0986,63,1,0,-52,-5,6.95
fold2_room1_mix0986,63,4,0,138,-3,16.86
fold2_room1_mix0986,64,4,0,118,-2,13.01
fold2_room1_mix0986,65,4,0,131,-3,14.09
fold2_room1_mix0986,66,4,0,128,-3,13.94
fold2_room1_mix0986,67,4,0,128,-3,13.52
fold2_room1_mix0986,68,4,0,124,-3,13.11
fold2_room1_mix0986,69,4,0,122,-3,12.77
fold2_room1_mix0986,70,4,0,124,-3,12.80
fold2_room1_mix0986,71,4,0,119,-3,12.22
fold2_room1_mix0986,72,4,0,115,-3,11.71
fold2_room1_mix0986,73,4,0,109,-4,11.45
fold2_room1_mix0986,74,4,0,104,-4,11.29
fold2_room1_mix0986,75,4,0,101,-4,11.08
fold2_room1_mix0986,76,4,0,96,-4,11.03
fold2_room1_mix0986,77,4,0,90,-4,10.52
fold2_room1_mix0986,78,4,0,87,-4,10.90
fold2_room1_mix0986,79,4,0,83,-4,10.81
fold2_room1_mix0986,80,4,0,79,-3,11.26
fold2_room1_mix0986,81,4,0,73,-3,11.43
fold2_room1_mix0986,82,4,0,70,-3,11.86
fold2_room1_mix0986,83,4,0,67,-3,11.99
fold2_room1_mix0986,84,4,0,64,-3,12.51
fold2_room1_mix0986,85,4,0,62,-2,12.96
fold2_room1_mix0986,86,4,0,59,-2,13.02
fold2_room1_mix0986,87,4,0,57,-3,13.37
fold2_room1_mix0986,88,4,0,56,-2,13.77
fold2_room1_mix0986,89,4,0,52,-2,14.54
fold2_room1_mix0986,90,4,0,52,-2,15.29
fold2_room1_mix0986,91,4,0,49,-2,15.68
fold2_room1_mix0986,92,4,0,46,-2,16.16
fold2_room1_mix0986,93,4,0,45,-2,16.74
fold2_room1_mix0986,94,4,0,42,-2,17.41
fold2_room1_mix0986,95,4,0,40,-2,18.26
fold2_room1_mix0986,96,4,0,38,-2,18.94
fold2_room1_mix0986,97,4,0,36,-1,20.28
fold2_room1_mix0986,98,4,0,35,-1,21.29
fold2_room1_mix0986,99,4,0,33,-1,20.65
fold2_room1_mix0987,30,0,0,-22,-2,6.68
fold2_room1_mix0987,31,0,0,-25,-2,7.81
fold2_room1_mix0987,32,0,0,-33,-3,6.25
fold2_room1_mix0987,33,0,0,-33,-3,11.00
fold2_room1_mix0987,34,0,0,-34,-3,10.95
fold2_room1_mix0987,35,0,0,-35,-3,10.08
fold2_room1_mix0987,36,0,0,-34,-3,9.23
fold2_room1_mix0987,37,0,0,-35,-3,8.63
fold2_room1_mix0987,38,0,0,-37,-4,8.57
fold2_room1_mix0987,39,0,0,-38,-4,9.45
fold2_room1_mix0987,40,0,0,-42,-4,8.82
fold2_room1_mix0987,41,0,0,-45,-4,9.57
fold2_room1_mix0987,42,0,0,-50,-4,9.10
fold2_room1_mix0987,43,0,0,-60,-5,8.08
fold2_room1_mix0987,44,0,0,-65,-6,7.71
fold2_room1_mix0987,45,0,0,-74,-6,8.28
fold2_room1_mix0987,46,0,0,-82,-6,9.25
fold2_room1_mix0987,47,0,0,-89,-6,9.18
fold2_room1_mix0987,48,0,0,-101,-6,8.90
fold2_room1_mix0987,49,0,0,-111,-5,10.10
fold2_room1_mix0987,50,0,0,-97,-6,11.49
fold2_room1_mix0987,50,2,0,-99,-5,4.27
fold2_room1_mix0987,51,0,0,-107,-6,10.32
fold2_room1_mix0987,51,2,0,-104,-6,4.08
fold2_room1_mix0987,52,0,0,-116,-5,11.13
fold2_room1_mix0987,52,2,0,-105,-9,2.57
fold2_room1_mix0987,53,0,0,-125,-5,9.08
fold2_room1_mix0987,54,0,0,-131,-5,10.01
fold2_room1_mix0987,55,0,0,-134,-4,11.20
fold2_room1_mix0987,56,0,0,-142,-4,10.74
fold2_room1_mix0987,57,0,0,-146,-3,11.34
fold2_room1_mix0987,58,0,0,-150,-3,13.08
fold2_room1_mix0987,59,0,0,-153,-3,13.72
fold2_room1_mix0987,60,0,0,-155,-3,14.53
fold2_room1_mix0987,61,0,0,-157,-2,15.09
fold2_room1_mix0987,62,0,0,-158,-2,15.57
fold2_room1_mix0987,63,0,0,-158,-2,16.26
fold2_room1_mix0987,64,0,0,-163,-1,5.25
fold2_room1_mix0987,65,0,0,-163,0,2.62
fold2_room1_mix0988,4,4,0,-9,0,13.95
fold2_room1_mix0988,5,4,0,-9,0,18.35
fold2_room1_mix0988,6,4,0,-8,0,22.67
fold2_room1_mix0988,7,4,0,-7,0,27.20
fold2_room1_mix0988,8,4,0,-5,0,36.79
fold2_room1_mix0988,9,4,0,-9,0,39.11
fold2_room1_mix0988,10,4,0,-6,0,38.96
fold2_room1_mix0988,11,4,0,-6,0,41.35
fold2_room1_mix0988,12,4,0,-5,0,40.77
fold2_room1_mix0988,13,4,0,-8,0,38.95
fold2_room1_mix0988,14,4,0,-6,-1,41.04
fold2_room1_mix0988,15,4,0,-7,-1,39.13
fold2_room1_mix0988,16,4,0,-6,-1,37.23
fold2_room1_mix0988,17,4,0,-5,-1,39.32
fold2_room1_mix0988,18,4,0,-6,-1,36.86
fold2_room1_mix0988,19,4,0,-6,0,35.84
fold2_room1_mix0988,20,4,0,-6,-1,35.07
fold2_room1_mix0988,21,4,0,-7,0,34.80
fold2_room1_mix0988,22,4,0,-6,-1,34.54
fold2_room1_mix0988,23,4,0,-8,0,32.33
fold2_room1_mix0988,24,4,0,-8,0,33.33
fold2_room1_mix0988,25,4,0,-11,-1,33.92
fold2_room1_mix0988,26,4,0,-10,-1,32.64
fold2_room1_mix0988,27,4,0,-11,0,33.93
fold2_room1_mix0988,28,4,0,-11,-1,33.00
fold2_room1_mix0988,29,4,0,-11,0,32.42
fold2_room1_mix0988,30,1,0,2,-2,14.36
fold2_room1_mix0988,30,4,0,-10,-1,25.48
fold2_room1_mix0988,31,1,0,2,-3,38.48
fold2_room1_mix0988,31,4,0,-9,-1,28.36
fold2_room1_mix0988,32,4,0,-9,0,35.66
fold2_room1_mix0988,33,1,0,-1,-3,26.82
fold2_room1_mix0988,33,4,0,-8,-2,31.58
fold2_room1_mix0988,34,1,0,1,-3,34.22
fold2_room1_mix0988,34,4,0,-8,-1,26.59
fold2_room1_mix0988,35,1,0,1,-2,35.63
fold2_room1_mix0988,35,4,0,-7,-1,28.87
fold2_room1_mix0988,36,1,0,3,-2,36.06
fold2_room1_mix0988,36,4,0,-6,-1,28.13
fold2_room1_mix0988,37,1,0,1,-1,6.99
fold2_room1_mix0988,37,4,0,-9,0,35.96
fold2_room1_mix0988,38,1,0,8,-1,5.39
fold2_room1_mix0988,38,4,0,-9,0,34.61
fold2_room1_mix0988,39,1,0,4,-2,33.47
fold2_room1_mix0988,39,4,0,-8,0,28.05
fold2_room1_mix0988,40,1,0,8,-2,28.36
fold2_room1_mix0988,40,4,0,-9,-1,26.99
fold2_room1_mix0988,41,1,0,5,-2,33.58
fold2_room1_mix0988,41,4,0,-7,-1,24.80
fold2_room1_mix0988,42,1,0,7,-2,21.34
fold2_room1_mix0988,42,4,0,-9,-1,27.42
fold2_room1_mix0988,43,4,0,-18,-1,31.34
fold2_room1_mix0988,44,1,0,12,-2,29.05
fold2_room1_mix0988,44,4,0,-14,-1,24.61
fold2_room1_mix0988,45,1,0,13,-2,26.23
fold2_room1_mix0988,45,4,0,-11,-1,21.84
fold2_room1_mix0988,46,1,0,12,-2,29.22
fold2_room1_mix0988,46,4,0,-11,-1,22.55
fold2_room1_mix0988,47,1,0,11,-2,23.75
fold2_room1_mix0988,47,4,0,-13,-1,21.91
fold2_room1_mix0988,48,4,0,-25,-1,26.24
fold2_room1_mix0988,49,1,0,18,-3,20.17
fold2_room1_mix0988,49,4,0,-20,-1,21.69
fold2_room1_mix0988,50,1,0,21,-3,17.63
fold2_room1_mix0988,50,4,0,-15,-1,21.56
fold2_room1_mix0988,51,1,0,26,-3,15.80
fold2_room1_mix0988,51,4,0,-23,-1,20.04
fold2_room1_mix0988,52,1,0,29,-3,10.80
fold2_room1_mix0988,52,3,0,125,-4,5.47
fold2_room1_mix0988,52,4,0,-17,0,21.72
fold2_room1_mix0988,53,3,0,118,-5,10.55
fold2_room1_mix0988,53,4,0,-174,-1,24.80
fold2_room1_mix0988,53,4,0,-18,-2,17.77
fold2_room1_mix0988,54,3,0,133,-4,12.33
fold2_room1_mix0988,54,4,0,-17,-2,17.37
fold2_room1_mix0988,55,3,0,132,-5,8.64
fold2_room1_mix0988,55,4,0,-20,-5,12.01
fold2_room1_mix0988,56,1,0,44,-4,6.47
fold2_room1_mix0988,56,3,0,124,-4,5.80
fold2_room1_mix0988,56,4,0,-176,-1,20.53
fold2_room1_mix0988,56,4,0,-29,-4,12.03
fold2_room1_mix0988,57,1,0,52,-4,3.42
fold2_room1_mix0988,57,3,0,130,-4,5.75
fold2_room1_mix0988,57,4,0,-22,-2,12.43
fold2_room1_mix0988,58,3,0,116,-5,10.15
fold2_room1_mix0988,58,4,0,-176,0,22.86
fold2_room1_mix0988,58,4,0,-23,-3,12.75
fold2_room1_mix0988,59,3,0,120,-6,9.30
fold2_room1_mix0988,59,4,0,-162,-1,24.84
fold2_room1_mix0988,59,4,0,-32,-5,12.38
fold2_room1_mix0988,60,1,0,108,-5,6.66
fold2_room1_mix0988,60,3,0,144,-4,6.37
fold2_room1_mix0988,60,4,0,-35,-2,11.22
fold2_room1_mix0988,61,1,0,129,-5,7.80
fold2_room1_mix0988,61,3,0,92,-5,4.44
fold2_room1_mix0988,61,4,0,-39,-5,11.59
fold2_room1_mix0988,62,1,0,136,-5,8.55
fold2_room1_mix0988,62,3,0,125,-4,5.88
fold2_room1_mix0988,62,4,0,-170,0,21.44
fold2_room1_mix0988,62,4,0,-23,-4,12.20
fold2_room1_mix0988,63,1,0,117,-4,5.89
fold2_room1_mix0988,63,3,0,102,-4,9.30
fold2_room1_mix0988,63,4,0,-42,-3,11.69
fold2_room1_mix0988,64,3,0,82,-6,7.08
fold2_room1_mix0988,64,4,0,-38,-4,12.63
fold2_room1_mix0988,65,3,0,88,-6,7.29
fold2_room1_mix0988,65,4,0,-143,-4,13.96
fold2_room1_mix0988,65,4,0,-39,-4,11.00
fold2_room1_mix0988,66,1,0,141,-3,2.79
fold2_room1_mix0988,66,3,0,89,-5,6.54
fold2_room1_mix0988,66,4,0,-161,-3,14.39
fold2_room1_mix0988,66,4,0,-36,-4,11.22
fold2_room1_mix0988,67,3,0,81,-6,7.09
fold2_room1_mix0988,67,4,0,-32,-4,14.26
fold2_room1_mix0988,68,3,0,96,-5,7.66
fold2_room1_mix0988,68,4,0,-155,-4,12.65
fold2_room1_mix0988,68,4,0,-41,-4,13.11
fold2_room1_mix0988,69,3,0,91,-5,9.11
fold2_room1_mix0988,69,4,0,-155,-3,18.46
fold2_room1_mix0988,69,4,0,-34,-3,15.08
fold2_room1_mix0988,70,3,0,69,-5,9.12
fold2_room1_mix0988,70,4,0,-46,-5,14.00
fold2_room1_mix0988,71,1,0,163,-2,5.90
fold2_room1_mix0988,71,3,0,50,-3,5.82
fold2_room1_mix0988,71,4,0,-76,-5,11.85
fold2_room1_mix0988,71,4,0,-42,-3,11.16
fold2_room1_mix0988,72,1,0,163,-2,9.30
fold2_room1_mix0988,72,4,0,-159,-5,15.95
fold2_room1_mix0988,72,4,0,-39,-3,14.67
fold2_room1_mix0988,73,3,0,61,-4,11.15
fold2_room1_mix0988,73,4,0,-43,-3,14.13
fold2_room1_mix0988,74,3,0,51,-3,11.57
fold2_room1_mix0988,74,4,0,-124,-6,13.29
fold2_room1_mix0988,74,4,0,-39,-3,12.13
fold2_room1_mix0988,75,3,0,53,-4,10.59
fold2_room1_mix0988,75,4,0,-42,-3,14.41
fold2_room1_mix0988,76,3,0,54,-4,8.64
fold2_room1_mix0988,76,4,0,-108,-7,14.78
fold2_room1_mix0988,76,4,0,-38,-3,12.34
fold2_room1_mix0988,77,3,0,46,-4,9.24
fold2_room1_mix0988,77,4,0,-116,-5,14.67
fold2_room1_mix0988,77,4,0,-40,-2,13.97
fold2_room1_mix0988,78,3,0,46,-4,9.37
fold2_room1_mix0988,78,4,0,-117,-8,14.09
fold2_room1_mix0988,78,4,0,-49,-4,13.25
fold2_room1_mix0988,79,3,0,21,-4,7.64
fold2_room1_mix0988,79,4,0,-139,-6,10.37
fold2_room1_mix0988,79,4,0,-76,-5,9.09
fold2_room1_mix0988,79,4,0,-53,-3,10.78
fold2_room1_mix0988,80,3,0,-65,-5,6.61
fold2_room1_mix0988,80,4,0,-138,-6,11.00
fold2_room1_mix0988,80,4,0,-71,-5,9.11
fold2_room1_mix0988,80,4,0,-56,-4,10.13
fold2_room1_mix0988,81,4,0,-69,-4,9.91
fold2_room1_mix0988,82,4,0,-72,-5,9.14
fold2_room1_mix0988,83,3,0,44,-4,6.53
fold2_room1_mix0988,83,4,0,-75,-4,10.51
fold2_room1_mix0988,84,3,0,39,-3,10.90
fold2_room1_mix0988,84,4,0,-75,-4,11.66
fold2_room1_mix0988,85,3,0,41,-3,11.26
fold2_room1_mix0988,85,4,0,-74,-4,11.37
fold2_room1_mix0988,86,3,0,42,-3,11.91
fold2_room1_mix0988,86,4,0,-80,-4,11.74
fold2_room1_mix0988,87,3,0,40,-4,11.04
fold2_room1_mix0988,87,4,0,-85,-4,11.21
fold2_room1_mix0988,88,3,0,38,-3,12.21
fold2_room1_mix0988,88,4,0,-84,-4,11.03
fold2_room1_mix0988,89,3,0,41,-3,12.80
fold2_room1_mix0988,89,4,0,-92,-4,11.57
fold2_room1_mix0988,90,3,0,44,-4,9.88
fold2_room1_mix0988,90,4,0,-95,-4,11.30
fold2_room1_mix0988,91,3,0,40,-3,9.73
fold2_room1_mix0988,91,4,0,-99,-4,10.90
fold2_room1_mix0988,92,4,0,-100,-3,12.14
fold2_room1_mix0988,93,4,0,-104,-3,10.06
fold2_room1_mix0988,94,4,0,-108,-3,11.07
fold2_room1_mix0988,95,4,0,-108,-3,12.16
fold2_room1_mix0988,96,4,0,-110,-3,11.95
fold2_room1_mix0988,97,4,0,-115,-3,12.82
fold2_room1_mix0988,98,4,0,-118,-3,12.54
fold2_room1_mix0988,99,4,0,-119,-3,13.07
fold2_room1_mix0988,3,4,0,-13,0,3.90
fold2_room1_mix0989,4,4,0,24,-1,12.68
fold2_room1_mix0989,5,4,0,31,-1,14.98
fold2_room1_mix0989,6,4,0,27,-1,16.57
fold2_room1_mix0989,7,4,0,32,-1,26.04
fold2_room1_mix0989,8,4,0,29,-1,28.31
fold2_room1_mix0989,9,4,0,29,-1,28.46
fold2_room1_mix0989,10,4,0,29,-1,28.28
fold2_room1_mix0989,11,4,0,31,-1,25.69
fold2_room1_mix0989,12,4,0,32,-1,26.62
fold2_room1_mix0989,13,4,0,27,-2,25.92
fold2_room1_mix0989,14,4,0,31,-2,26.14
fold2_room1_mix0989,15,4,0,33,-1,24.74
fold2_room1_mix0989,16,4,0,31,-2,25.12
fold2_room1_mix0989,17,4,0,29,-1,25.63
fold2_room1_mix0989,18,4,0,31,-1,24.68
fold2_room1_mix0989,19,4,0,34,-1,23.71
fold2_room1_mix0989,20,4,0,34,-1,24.64
fold2_room1_mix0989,21,4,0,35,-1,23.98
fold2_room1_mix0989,22,4,0,35,-1,22.86
fold2_room1_mix0989,23,4,0,36,-1,21.96
fold2_room1_mix0989,24,4,0,36,-1,21.91
fold2_room1_mix0989,25,4,0,37,-1,22.48
fold2_room1_mix0989,26,4,0,39,-1,21.78
fold2_room1_mix0989,27,4,0,39,-1,20.98
fold2_room1_mix0989,28,4,0,40,-1,21.03
fold2_room1_mix0989,29,4,0,41,-1,20.64
fold2_room1_mix0989,30,4,0,41,-1,20.58
fold2_room1_mix0989,31,4,0,43,-1,21.27
fold2_room1_mix0989,32,4,0,44,-1,20.15
fold2_room1_mix0989,33,4,0,43,-1,20.36
fold2_room1_mix0989,34,4,0,46,-1,19.60
fold2_room1_mix0989,35,4,0,46,-1,19.05
fold2_room1_mix0989,36,4,0,48,-1,18.57
fold2_room1_mix0989,37,4,0,49,-1,18.45
fold2_room1_mix0989,38,4,0,49,-2,17.51
fold2_room1_mix0989,39,4,0,50,-1,17.39
fold2_room1_mix0989,40,4,0,50,-2,16.83
fold2_room1_mix0989,41,4,0,54,-2,16.14
fold2_room1_mix0989,42,4,0,55,-2,15.93
fold2_room1_mix0989,43,4,0,58,-2,14.72
fold2_room1_mix0989,44,4,0,58,-2,15.10
fold2_room1_mix0989,45,4,0,60,-2,14.70
fold2_room1_mix0989,46,4,0,60,-2,14.71
fold2_room1_mix0989,47,4,0,60,-2,15.56
fold2_room1_mix0989,48,4,0,63,-3,14.60
fold2_room1_mix0989,49,4,0,62,-2,14.99
fold2_room1_mix0989,50,4,0,63,-2,14.31
fold2_room1_mix0989,51,4,0,66,-3,13.49
fold2_room1_mix0989,52,4,0,69,-3,14.40
fold2_room1_mix0989,53,4,0,72,-3,14.24
fold2_room1_mix0989,54,4,0,74,-3,13.62
fold2_room1_mix0989,55,4,0,77,-3,13.95
fold2_room1_mix0989,56,4,0,80,-4,13.86
fold2_room1_mix0989,57,4,0,82,-4,14.00
fold2_room1_mix0989,58,4,0,83,-4,13.58
fold2_room1_mix0989,59,4,0,85,-4,13.53
fold2_room1_mix0989,60,4,0,86,-4,13.57
fold2_room1_mix0989,61,3,0,-70,-5,2.94
fold2_room1_mix0989,61,4,0,86,-4,14.67
fold2_room1_mix0989,62,3,0,-75,-4,9.26
fold2_room1_mix0989,62,4,0,85,-3,13.63
fold2_room1_mix0989,63,3,0,-61,-4,10.83
fold2_room1_mix0989,63,4,0,85,-4,12.93
fold2_room1_mix0989,64,3,0,-71,-4,10.96
fold2_room1_mix0989,64,4,0,90,-4,11.33
fold2_room1_mix0989,65,3,0,-65,-4,11.06
fold2_room1_mix0989,65,4,0,89,-4,12.83
fold2_room1_mix0989,66,3,0,-52,-3,11.91
fold2_room1_mix0989,66,4,0,86,-4,12.12
fold2_room1_mix0989,67,4,0,99,-5,13.21
fold2_room1_mix0989,68,3,0,-54,-3,12.02
fold2_room1_mix0989,68,4,0,95,-4,12.35
fold2_room1_mix0989,69,3,0,-53,-3,11.77
fold2_room1_mix0989,69,4,0,95,-4,11.74
fold2_room1_mix0989,70,3,0,-46,-3,9.82
fold2_room1_mix0989,70,4,0,104,-5,12.66
fold2_room1_mix0989,71,3,0,-45,-3,10.95
fold2_room1_mix0989,71,4,0,103,-4,12.38
fold2_room1_mix0989,72,3,0,-19,-3,12.74
fold2_room1_mix0989,72,4,0,108,-3,12.44
fold2_room1_mix0989,73,3,0,-26,-3,11.60
fold2_room1_mix0989,73,4,0,109,-3,12.04
fold2_room1_mix0989,74,3,0,-28,-3,11.11
fold2_room1_mix0989,74,4,0,108,-3,12.19
fold2_room1_mix0989,75,3,0,-29,-2,3.50
fold2_room1_mix0989,75,4,0,110,-3,13.49
fold2_room1_mix0989,76,4,0,112,-3,14.46
fold2_room1_mix0989,77,4,0,114,-3,15.02
fold2_room1_mix0989,78,4,0,114,-3,15.21
fold2_room1_mix0989,79,4,0,117,-3,15.70
fold2_room1_mix0989,80,4,0,118,-2,16.18
fold2_room1_mix0989,81,4,0,120,-2,16.19
fold2_room1_mix0989,82,4,0,118,-3,17.59
fold2_room1_mix0989,83,3,0,-40,-3,11.70
fold2_room1_mix0989,83,4,0,120,-2,14.96
fold2_room1_mix0989,84,3,0,-35,-3,12.55
fold2_room1_mix0989,84,4,0,121,-2,15.46
fold2_room1_mix0989,85,3,0,-37,-3,12.73
fold2_room1_mix0989,85,4,0,123,-3,14.38
fold2_room1_mix0989,86,3,0,-35,-3,12.43
fold2_room1_mix0989,86,4,0,123,-2,14.00
fold2_room1_mix0989,87,3,0,-28,-2,14.73
fold2_room1_mix0989,87,4,0,118,-2,14.39
fold2_room1_mix0989,88,3,0,-36,-3,14.67
fold2_room1_mix0989,88,4,0,123,-2,14.31
fold2_room1_mix0989,89,3,0,-32,-2,10.40
fold2_room1_mix0989,89,4,0,130,-2,14.92
fold2_room1_mix0989,90,3,0,-31,-2,9.84
fold2_room1_mix0989,90,4,0,127,-2,15.18
fold2_room1_mix0989,91,3,0,-27,-2,8.53
fold2_room1_mix0989,91,4,0,131,-1,15.65
fold2_room1_mix0989,92,3,0,-27,-2,8.14
fold2_room1_mix0989,92,4,0,133,-2,16.23
fold2_room1_mix0989,93,4,0,131,-2,17.58
fold2_room1_mix0989,94,4,0,133,-2,17.47
fold2_room1_mix0989,95,4,0,133,-2,17.78
fold2_room1_mix0989,96,4,0,134,-2,19.08
fold2_room1_mix0989,97,4,0,134,-2,20.17
fold2_room1_mix0989,98,4,0,134,-2,19.79
fold2_room1_mix0989,99,4,0,138,-2,19.16
fold2_room1_mix0990,22,1,0,-177,-1,12.10
fold2_room1_mix0990,23,1,0,-177,-2,32.70
fold2_room1_mix0990,24,1,0,-178,-2,32.08
fold2_room1_mix0990,25,1,0,-175,-2,4.78
fold2_room1_mix0990,26,1,0,-175,-3,27.24
fold2_room1_mix0990,27,1,0,-172,-2,27.76
fold2_room1_mix0990,28,1,0,-172,-2,32.01
fold2_room1_mix0990,29,1,0,-169,-2,30.55
fold2_room1_mix0990,30,1,0,-171,-1,2.31
fold2_room1_mix0990,31,1,0,-164,-2,23.67
fold2_room1_mix0990,32,1,0,-167,-2,33.34
fold2_room1_mix0990,33,1,0,-167,-2,28.95
fold2_room1_mix0990,34,1,0,-164,-2,22.51
fold2_room1_mix0990,36,1,0,-164,-3,23.56
fold2_room1_mix0990,37,1,0,-162,-3,21.27
fold2_room1_mix0990,38,1,0,-158,-2,20.39
fold2_room1_mix0990,39,1,0,-156,-3,15.53
fold2_room1_mix0990,40,4,0,6,-2,7.18
fold2_room1_mix0990,41,1,0,-152,-3,14.21
fold2_room1_mix0990,42,1,0,-145,-4,10.86
fold2_room1_mix0990,42,4,0,-4,-4,7.22
fold2_room1_mix0990,43,1,0,-141,-4,10.01
fold2_room1_mix0990,44,1,0,-135,-5,7.29
fold2_room1_mix0990,44,4,0,6,-3,11.32
fold2_room1_mix0990,45,4,0,11,-1,11.09
fold2_room1_mix0990,46,1,0,-126,-5,7.76
fold2_room1_mix0990,46,4,0,13,-3,10.82
fold2_room1_mix0990,47,1,0,-115,-6,5.71
fold2_room1_mix0990,47,4,0,-2,-5,6.67
fold2_room1_mix0990,48,1,0,-99,-6,5.53
fold2_room1_mix0990,48,4,0,15,-5,10.55
fold2_room1_mix0990,49,1,0,-86,-7,5.09
fold2_room1_mix0990,49,4,0,20,-3,7.13
fold2_room1_mix0990,50,4,0,13,-1,11.82
fold2_room1_mix0990,51,1,0,-64,-5,5.91
fold2_room1_mix0990,51,4,0,16,-3,9.29
fold2_room1_mix0990,52,1,0,-57,-5,5.27
fold2_room1_mix0990,52,4,0,4,-4,7.13
fold2_room1_mix0990,53,1,0,-53,-5,6.72
fold2_room1_mix0990,53,4,0,17,-3,12.26
fold2_room1_mix0990,54,1,0,-43,-5,7.43
fold2_room1_mix0990,54,4,0,14,-3,8.68
fold2_room1_mix0990,55,4,0,11,-3,8.76
fold2_room1_mix0990,56,4,0,6,-2,11.92
fold2_room1_mix0990,57,1,0,-31,-3,7.50
fold2_room1_mix0990,57,4,0,6,-2,9.23
fold2_room1_mix0990,58,1,0,-27,-3,11.67
fold2_room1_mix0990,58,4,0,13,-3,8.98
fold2_room1_mix0990,59,1,0,-26,-3,8.86
fold2_room1_mix0990,59,4,0,2,-2,8.98
fold2_room1_mix0990,60,4,0,11,-1,11.72
fold2_room1_mix0990,61,4,0,10,-3,9.73
fold2_room1_mix0990,62,1,0,-24,-3,8.95
fold2_room1_mix0990,62,4,0,14,-2,9.42
fold2_room1_mix0990,63,4,0,8,-2,8.73
fold2_room1_mix0990,64,4,0,7,-3,8.18
fold2_room1_mix0990,65,4,0,14,-3,8.27
fold2_room1_mix0990,66,4,0,11,-4,6.81
fold2_room1_mix0990,67,4,0,12,-5,6.30
fold2_room1_mix0990,68,4,0,14,-4,5.96
fold2_room1_mix0990,69,4,0,15,-5,5.58
fold2_room1_mix0990,70,4,0,17,-4,4.73
fold2_room1_mix0990,71,4,0,19,-5,4.20
fold2_room1_mix0990,72,4,0,22,-4,4.27
fold2_room1_mix0990,73,4,0,23,-5,3.13
fold2_room1_mix0990,74,4,0,27,-7,2.76
fold2_room1_mix0990,75,4,0,31,-7,2.35
fold2_room1_mix0990,76,4,0,37,-9,1.86
fold2_room1_mix0990,77,4,0,49,-9,1.40
fold2_room1_mix0990,78,4,0,64,-10,1.15
fold2_room1_mix0990,79,4,0,84,-10,1.00
fold2_room1_mix0990,80,4,0,114,-8,1.06
fold2_room1_mix0990,81,4,0,131,-6,1.28
fold2_room1_mix0990,82,4,0,142,-5,1.63
fold2_room1_mix0990,83,4,0,147,-5,1.87
fold2_room1_mix0990,84,4,0,149,-5,2.22
fold2_room1_mix0990,85,4,0,154,-4,2.78
fold2_room1_mix0990,86,4,0,156,-4,2.93
fold2_room1_mix0990,87,4,0,159,-3,3.38
fold2_room1_mix0990,88,4,0,162,-3,3.97
fold2_room1_mix0990,89,4,0,163,-2,3.93
fold2_room1_mix0990,90,4,0,165,-2,4.62
fold2_room1_mix0990,91,4,0,165,-2,5.89
fold2_room1_mix0990,92,4,0,164,-2,5.84
fold2_room1_mix0990,93,4,0,168,-2,6.91
fold2_room1_mix0990,94,4,0,169,-2,7.13
fold2_room1_mix0990,95,4,0,169,-1,7.52
fold2_room1_mix0990,96,4,0,169,-1,8.20
fold2_room1_mix0990,97,4,0,170,-1,8.63
fold2_room1_mix0990,98,4,0,171,-1,9.68
fold2_room1_mix0990,99,4,0,170,-1,9.11
fold2_room1_mix0991,55,4,0,-2,-1,11.52
fold2_room1_mix0991,56,4,0,0,-1,10.65
fold2_room1_mix0991,57,4,0,-2,-2,13.48
fold2_room1_mix0991,58,4,0,-1,-2,12.58
fold2_room1_mix0991,59,4,0,1,-2,13.45
fold2_room1_mix0991,60,4,0,-2,-3,13.21
fold2_room1_mix0991,61,4,0,-3,-3,12.88
fold2_room1_mix0991,62,4,0,-1,-3,11.93
fold2_room1_mix0991,63,4,0,-4,-4,11.18
fold2_room1_mix0991,64,4,0,-3,-3,11.27
fold2_room1_mix0991,65,4,0,-5,-4,10.41
fold2_room1_mix0991,66,4,0,-1,-4,10.19
fold2_room1_mix0991,67,4,0,-2,-4,9.50
fold2_room1_mix0991,68,4,0,-3,-4,8.90
fold2_room1_mix0991,69,4,0,-5,-5,8.60
fold2_room1_mix0991,70,4,0,-5,-5,7.53
fold2_room1_mix0991,71,4,0,-6,-6,7.18
fold2_room1_mix0991,72,4,0,-9,-6,6.33
fold2_room1_mix0991,73,4,0,-8,-6,5.59
fold2_room1_mix0991,74,4,0,-9,-7,5.06
fold2_room1_mix0991,75,4,0,-13,-8,4.66
fold2_room1_mix0991,76,4,0,-16,-10,3.61
fold2_room1_mix0991,77,4,0,-16,-11,3.38
fold2_room1_mix0991,78,4,0,-21,-14,2.76
fold2_room1_mix0991,79,4,0,-26,-20,2.10
fold2_room1_mix0991,80,4,0,-34,-26,1.72
fold2_room1_mix0991,81,4,0,-48,-37,1.43
fold2_room1_mix0991,82,4,0,-94,-44,1.25
fold2_room1_mix0991,83,4,0,-130,-36,1.50
fold2_room1_mix0991,84,4,0,-147,-26,1.80
fold2_room1_mix0991,85,4,0,-153,-19,2.50
fold2_room1_mix0991,86,4,0,-159,-17,3.01
fold2_room1_mix0991,87,4,0,-163,-13,3.63
fold2_room1_mix0991,88,4,0,-164,-12,4.28
fold2_room1_mix0991,89,4,0,-166,-10,4.52
fold2_room1_mix0991,90,4,0,-167,-8,5.34
fold2_room1_mix0991,91,4,0,-168,-8,5.76
fold2_room1_mix0991,92,4,0,-169,-7,6.34
fold2_room1_mix0991,93,4,0,-170,-6,7.18
fold2_room1_mix0991,94,4,0,-172,-5,7.80
fold2_room1_mix0991,95,4,0,-172,-4,8.72
fold2_room1_mix0991,96,4,0,-173,-4,9.59
fold2_room1_mix0991,97,4,0,-173,-3,10.18
fold2_room1_mix0991,98,4,0,-174,-3,10.51
fold2_room1_mix0991,99,4,0,-175,-3,11.26
fold2_room1_mix0992,36,4,0,-177,-1,11.16
fold2_room1_mix0992,37,4,0,-174,0,15.00
fold2_room1_mix0992,38,4,0,-173,-1,17.97
fold2_room1_mix0992,39,4,0,-174,-1,16.95
fold2_room1_mix0992,40,4,0,-176,-1,19.05
fold2_room1_mix0992,41,4,0,-173,-1,18.05
fold2_room1_mix0992,42,4,0,-174,-1,16.75
fold2_room1_mix0992,43,4,0,-172,-1,17.70
fold2_room1_mix0992,44,4,0,-172,-1,15.99
fold2_room1_mix0992,45,4,0,-171,-2,15.15
fold2_room1_mix0992,46,4,0,-169,-2,14.80
fold2_room1_mix0992,47,4,0,-170,-2,14.46
fold2_room1_mix0992,48,4,0,-169,-2,13.23
fold2_room1_mix0992,49,4,0,-167,-2,12.27
fold2_room1_mix0992,50,4,0,-167,-2,11.96
fold2_room1_mix0992,51,4,0,-167,-3,11.35
fold2_room1_mix0992,52,4,0,-166,-3,10.95
fold2_room1_mix0992,53,4,0,-166,-3,10.11
fold2_room1_mix0992,54,4,0,-163,-4,8.92
fold2_room1_mix0992,55,4,0,-162,-3,9.10
fold2_room1_mix0992,56,4,0,-160,-4,8.04
fold2_room1_mix0992,57,4,0,-159,-4,7.44
fold2_room1_mix0992,58,4,0,-159,-4,6.95
fold2_room1_mix0992,59,4,0,-157,-5,6.48
fold2_room1_mix0992,60,4,0,-155,-5,5.76
fold2_room1_mix0992,61,4,0,-150,-6,4.66
fold2_room1_mix0992,62,4,0,-150,-7,4.33
fold2_room1_mix0992,63,4,0,-145,-9,3.43
fold2_room1_mix0992,64,4,0,-138,-11,3.31
fold2_room1_mix0992,65,4,0,-129,-12,3.01
fold2_room1_mix0992,66,4,0,-122,-15,2.79
fold2_room1_mix0992,67,4,0,-102,-16,2.75
fold2_room1_mix0992,68,4,0,-86,-16,2.54
fold2_room1_mix0992,69,4,0,-70,-17,2.77
fold2_room1_mix0992,70,4,0,-55,-14,2.97
fold2_room1_mix0992,71,4,0,-44,-12,3.56
fold2_room1_mix0992,72,4,0,-37,-10,3.89
fold2_room1_mix0992,73,4,0,-31,-9,4.45
fold2_room1_mix0992,74,4,0,-26,-8,5.07
fold2_room1_mix0992,75,4,0,-23,-7,5.41
fold2_room1_mix0992,76,4,0,-19,-6,6.25
fold2_room1_mix0992,77,4,0,-18,-6,6.79
fold2_room1_mix0992,78,4,0,-16,-5,7.60
fold2_room1_mix0992,79,4,0,-14,-5,8.45
fold2_room1_mix0992,80,4,0,-12,-4,9.20
fold2_room1_mix0992,81,4,0,-12,-4,9.95
fold2_room1_mix0992,82,4,0,-10,-4,10.65
fold2_room1_mix0992,83,4,0,-10,-4,11.05
fold2_room1_mix0992,84,4,0,-9,-4,11.97
fold2_room1_mix0992,85,4,0,-9,-4,12.57
fold2_room1_mix0992,86,4,0,-9,-3,13.28
fold2_room1_mix0992,87,4,0,-8,-3,14.02
fold2_room1_mix0992,88,4,0,-7,-3,15.03
fold2_room1_mix0992,89,4,0,-9,-3,15.28
fold2_room1_mix0992,90,4,0,-9,-2,15.43
fold2_room1_mix0992,91,4,0,-9,-2,17.20
fold2_room1_mix0992,92,4,0,-6,-2,17.07
fold2_room1_mix0992,93,4,0,-8,-2,16.92
fold2_room1_mix0992,94,4,0,-7,-2,17.70
fold2_room1_mix0992,95,4,0,-5,-2,18.10
fold2_room1_mix0992,96,4,0,-6,-2,14.78
fold2_room1_mix0992,97,4,0,-7,-2,10.32
fold2_room1_mix0992,98,4,0,-7,-1,15.68
fold2_room1_mix0993,0,5,0,-146,3,4.94
fold2_room1_mix0993,1,5,0,-143,3,9.49
fold2_room1_mix0993,2,5,0,-140,3,9.40
fold2_room1_mix0993,3,5,0,-131,3,10.53
fold2_room1_mix0993,5,5,0,-141,3,12.26
fold2_room1_mix0993,6,5,0,-137,3,14.46
fold2_room1_mix0993,7,5,0,-136,3,10.95
fold2_room1_mix0993,8,5,0,-139,3,11.14
fold2_room1_mix0993,9,5,0,-138,3,13.82
fold2_room1_mix0993,10,5,0,-134,3,13.41
fold2_room1_mix0993,11,5,0,-140,3,12.18
fold2_room1_mix0993,12,5,0,-138,3,12.05
fold2_room1_mix0993,13,5,0,-134,3,12.87
fold2_room1_mix0993,14,5,0,-142,2,14.71
fold2_room1_mix0993,15,5,0,-137,3,11.64
fold2_room1_mix0993,16,5,0,-137,3,11.78
fold2_room1_mix0993,17,5,0,-140,3,13.42
fold2_room1_mix0993,18,4,0,159,-1,19.79
fold2_room1_mix0993,18,4,0,52,-1,20.04
fold2_room1_mix0993,18,5,0,-137,3,12.52
fold2_room1_mix0993,19,4,0,41,-2,18.06
fold2_room1_mix0993,19,5,0,-138,3,12.21
fold2_room1_mix0993,20,4,0,33,-2,20.37
fold2_room1_mix0993,20,5,0,-142,3,13.49
fold2_room1_mix0993,21,4,0,34,-2,22.23
fold2_room1_mix0993,21,5,0,-145,4,11.56
fold2_room1_mix0993,22,4,0,163,-2,22.63
fold2_room1_mix0993,22,4,0,31,-2,21.98
fold2_room1_mix0993,22,5,0,-144,4,12.11
fold2_room1_mix0993,23,4,0,172,-2,21.93
fold2_room1_mix0993,23,4,0,36,-2,19.31
fold2_room1_mix0993,23,5,0,-148,3,13.22
fold2_room1_mix0993,24,4,0,164,-2,21.33
fold2_room1_mix0993,24,4,0,34,-2,20.49
fold2_room1_mix0993,24,5,0,-145,4,11.02
fold2_room1_mix0993,25,4,0,168,-2,22.27
fold2_room1_mix0993,25,4,0,24,-2,21.51
fold2_room1_mix0993,25,5,0,-147,3,12.10
fold2_room1_mix0993,26,4,0,172,-2,20.15
fold2_room1_mix0993,26,4,0,32,-2,19.17
fold2_room1_mix0993,26,5,0,-143,3,13.44
fold2_room1_mix0993,27,4,0,170,-2,19.97
fold2_room1_mix0993,27,4,0,31,-2,19.98
fold2_room1_mix0993,27,5,0,-146,4,11.40
fold2_room1_mix0993,28,4,0,177,-1,18.92
fold2_room1_mix0993,28,4,0,32,-2,18.03
fold2_room1_mix0993,28,5,0,-151,4,11.43
fold2_room1_mix0993,29,4,0,171,-3,17.26
fold2_room1_mix0993,29,4,0,42,-1,19.99
fold2_room1_mix0993,29,5,0,-146,4,11.17
fold2_room1_mix0993,30,4,0,175,-2,17.50
fold2_room1_mix0993,30,4,0,38,0,20.55
fold2_room1_mix0993,30,5,0,-145,4,11.48
fold2_room1_mix0993,31,4,0,177,-2,15.56
fold2_room1_mix0993,31,4,0,44,-1,19.41
fold2_room1_mix0993,31,5,0,-148,3,12.98
fold2_room1_mix0993,32,4,0,176,-2,15.23
fold2_room1_mix0993,32,4,0,39,0,19.04
fold2_room1_mix0993,32,5,0,-148,4,11.36
fold2_room1_mix0993,33,4,0,178,-2,14.47
fold2_room1_mix0993,33,4,0,43,0,17.57
fold2_room1_mix0993,33,5,0,-149,4,11.33
fold2_room1_mix0993,34,4,0,175,-2,14.49
fold2_room1_mix0993,34,4,0,40,0,17.63
fold2_room1_mix0993,34,5,0,-149,4,11.45
fold2_room1_mix0993,35,4,0,176,-3,12.25
fold2_room1_mix0993,35,4,0,39,0,16.36
fold2_room1_mix0993,35,5,0,-147,4,10.91
fold2_room1_mix0993,36,4,0,170,-2,13.12
fold2_room1_mix0993,36,4,0,42,0,15.23
fold2_room1_mix0993,36,5,0,-150,4,10.75
fold2_room1_mix0993,37,4,0,179,-3,11.64
fold2_room1_mix0993,37,4,0,43,-1,15.92
fold2_room1_mix0993,37,5,0,-151,4,11.80
fold2_room1_mix0993,38,4,0,174,-3,11.31
fold2_room1_mix0993,38,4,0,45,0,15.63
fold2_room1_mix0993,38,5,0,-150,4,11.79
fold2_room1_mix0993,39,4,0,173,-3,10.57
fold2_room1_mix0993,39,4,0,43,-1,15.64
fold2_room1_mix0993,39,5,0,-150,4,11.42
fold2_room1_mix0993,40,4,0,177,-3,9.39
fold2_room1_mix0993,40,4,0,47,-1,14.51
fold2_room1_mix0993,40,5,0,-150,4,11.94
fold2_room1_mix0993,41,4,0,177,-4,7.89
fold2_room1_mix0993,41,4,0,52,-1,12.90
fold2_room1_mix0993,41,5,0,-150,3,13.32
fold2_room1_mix0993,42,4,0,172,-5,7.20
fold2_room1_mix0993,42,4,0,57,-2,12.88
fold2_room1_mix0993,42,5,0,-149,3,12.81
fold2_room1_mix0993,43,4,0,175,-5,6.50
fold2_room1_mix0993,43,4,0,48,-1,12.85
fold2_room1_mix0993,43,5,0,-149,4,11.43
fold2_room1_mix0993,44,4,0,174,-6,5.89
fold2_room1_mix0993,44,4,0,60,0,13.01
fold2_room1_mix0993,44,5,0,-152,4,11.28
fold2_room1_mix0993,45,4,0,168,-7,4.18
fold2_room1_mix0993,45,4,0,67,-2,10.88
fold2_room1_mix0993,45,5,0,-148,4,12.48
fold2_room1_mix0993,46,4,0,161,-8,4.27
fold2_room1_mix0993,46,4,0,62,-2,11.71
fold2_room1_mix0993,46,5,0,-147,4,13.80
fold2_room1_mix0993,47,4,0,148,-11,2.84
fold2_room1_mix0993,47,4,0,60,-1,11.39
fold2_room1_mix0993,47,5,0,-149,4,12.01
fold2_room1_mix0993,48,4,0,105,-13,2.02
fold2_room1_mix0993,48,4,0,58,0,9.23
fold2_room1_mix0993,48,5,0,-143,4,11.36
fold2_room1_mix0993,49,4,0,76,-3,3.55
fold2_room1_mix0993,49,4,0,62,-8,1.66
fold2_room1_mix0993,49,4,0,43,-1,5.94
fold2_room1_mix0993,49,5,0,-148,4,11.46
fold2_room1_mix0993,50,4,0,71,3,7.14
fold2_room1_mix0993,50,4,0,33,-3,2.87
fold2_room1_mix0993,50,5,0,-149,4,11.29
fold2_room1_mix0993,51,4,0,113,0,8.27
fold2_room1_mix0993,51,4,0,24,-3,4.16
fold2_room1_mix0993,51,5,0,-145,4,11.63
fold2_room1_mix0993,52,4,0,80,0,9.36
fold2_room1_mix0993,52,4,0,22,-3,4.24
fold2_room1_mix0993,52,5,0,-152,4,12.98
fold2_room1_mix0993,53,4,0,95,-1,10.23
fold2_room1_mix0993,53,4,0,19,-3,5.01
fold2_room1_mix0993,53,5,0,-151,3,14.22
fold2_room1_mix0993,54,4,0,113,-1,11.39
fold2_room1_mix0993,54,4,0,17,-3,5.69
fold2_room1_mix0993,54,5,0,-149,3,13.64
fold2_room1_mix0993,55,4,0,90,-1,11.92
fold2_room1_mix0993,55,4,0,14,-3,6.54
fold2_room1_mix0993,55,5,0,-154,3,13.03
fold2_room1_mix0993,56,4,0,111,-1,12.88
fold2_room1_mix0993,56,4,0,14,-3,6.45
fold2_room1_mix0993,56,5,0,-152,3,14.34
fold2_room1_mix0993,57,4,0,119,-1,12.78
fold2_room1_mix0993,57,4,0,13,-2,7.22
fold2_room1_mix0993,57,5,0,-150,3,14.67
fold2_room1_mix0993,58,4,0,117,-1,12.37
fold2_room1_mix0993,58,4,0,13,-2,8.51
fold2_room1_mix0993,58,5,0,-147,3,14.99
fold2_room1_mix0993,59,4,0,124,-1,13.82
fold2_room1_mix0993,59,4,0,13,-3,8.66
fold2_room1_mix0993,59,5,0,-145,4,12.71
fold2_room1_mix0993,60,4,0,120,0,14.80
fold2_room1_mix0993,60,4,0,11,-2,9.02
fold2_room1_mix0993,60,5,0,-153,3,13.79
fold2_room1_mix0993,61,4,0,127,0,14.25
fold2_room1_mix0993,61,4,0,10,-2,10.37
fold2_room1_mix0993,61,5,0,-151,3,15.12
fold2_room1_mix0993,62,4,0,131,-1,14.61
fold2_room1_mix0993,62,4,0,10,-2,10.64
fold2_room1_mix0993,62,5,0,-147,3,14.87
fold2_room1_mix0993,63,4,0,133,-1,14.44
fold2_room1_mix0993,63,4,0,7,-2,12.11
fold2_room1_mix0993,63,5,0,-149,3,13.06
fold2_room1_mix0993,64,4,0,134,-1,16.01
fold2_room1_mix0993,64,4,0,10,-2,12.45
fold2_room1_mix0993,64,5,0,-148,3,14.65
fold2_room1_mix0993,65,4,0,138,0,16.56
fold2_room1_mix0993,65,4,0,8,-1,12.90
fold2_room1_mix0993,65,5,0,-152,3,15.33
fold2_room1_mix0993,66,4,0,141,-1,16.51
fold2_room1_mix0993,66,4,0,8,-1,13.99
fold2_room1_mix0993,66,5,0,-153,3,14.52
fold2_room1_mix0993,67,4,0,142,0,16.76
fold2_room1_mix0993,67,4,0,7,-1,14.83
fold2_room1_mix0993,67,5,0,-152,3,14.78
fold2_room1_mix0993,68,4,0,142,-1,15.95
fold2_room1_mix0993,68,4,0,8,-1,15.72
fold2_room1_mix0993,68,5,0,-152,3,15.84
fold2_room1_mix0993,69,4,0,146,0,19.19
fold2_room1_mix0993,69,4,0,8,-1,16.98
fold2_room1_mix0993,69,5,0,-155,3,14.78
fold2_room1_mix0993,70,4,0,147,-1,18.70
fold2_room1_mix0993,70,4,0,10,-1,17.87
fold2_room1_mix0993,70,5,0,-151,3,15.75
fold2_room1_mix0993,71,4,0,150,0,18.88
fold2_room1_mix0993,71,4,0,13,-1,17.87
fold2_room1_mix0993,71,5,0,-155,3,15.74
fold2_room1_mix0993,72,4,0,152,-1,20.81
fold2_room1_mix0993,72,4,0,10,-2,18.68
fold2_room1_mix0993,72,5,0,-154,3,16.62
fold2_room1_mix0993,73,4,0,156,0,21.59
fold2_room1_mix0993,73,4,0,10,-1,21.12
fold2_room1_mix0993,73,5,0,-153,3,16.45
fold2_room1_mix0993,74,4,0,157,-1,21.47
fold2_room1_mix0993,74,4,0,14,-1,22.73
fold2_room1_mix0993,74,5,0,-151,3,15.65
fold2_room1_mix0993,75,4,0,153,-2,19.55
fold2_room1_mix0993,75,4,0,16,-1,20.49
fold2_room1_mix0993,75,5,0,-155,3,16.87
fold2_room1_mix0993,76,4,0,155,0,20.97
fold2_room1_mix0993,76,4,0,13,0,22.26
fold2_room1_mix0993,76,5,0,-152,3,14.36
fold2_room1_mix0993,77,4,0,155,0,20.22
fold2_room1_mix0993,77,4,0,10,0,21.69
fold2_room1_mix0993,77,4,0,46,0,21.66
fold2_room1_mix0993,77,5,0,-152,3,16.48
fold2_room1_mix0993,78,4,0,149,0,21.43
fold2_room1_mix0993,78,4,0,24,0,21.50
fold2_room1_mix0993,78,5,0,-155,3,19.14
fold2_room1_mix0993,79,4,0,164,2,5.96
fold2_room1_mix0993,79,5,0,-155,3,15.97
fold2_room1_mix0993,80,5,0,-156,2,18.93
fold2_room1_mix0993,81,5,0,-152,2,18.51
fold2_room1_mix0993,82,5,0,-155,2,19.03
fold2_room1_mix0993,83,5,0,-154,2,18.65
fold2_room1_mix0993,84,5,0,-154,2,17.66
fold2_room1_mix0993,85,5,0,-157,2,17.95
fold2_room1_mix0993,86,5,0,-152,2,19.64
fold2_room1_mix0993,87,5,0,-155,2,18.17
fold2_room1_mix0993,88,5,0,-155,2,17.16
fold2_room1_mix0993,89,5,0,-152,2,18.59
fold2_room1_mix0993,90,5,0,-154,2,16.68
fold2_room1_mix0993,91,5,0,-154,2,18.13
fold2_room1_mix0993,92,5,0,-152,2,16.54
fold2_room1_mix0993,93,5,0,-156,2,17.12
fold2_room1_mix0993,94,5,0,-155,2,18.73
fold2_room1_mix0993,95,5,0,-152,2,18.16
fold2_room1_mix0993,96,5,0,-154,2,16.51
fold2_room1_mix0993,97,5,0,-155,2,18.98
fold2_room1_mix0993,98,5,0,-155,2,16.99
fold2_room1_mix0993,99,5,0,-152,2,15.61
fold2_room1_mix0994,59,3,0,99,-4,3.38
fold2_room1_mix0994,60,3,0,103,-4,2.53
fold2_room1_mix0994,62,3,0,111,-4,8.19
fold2_room1_mix0994,63,3,0,113,-4,13.32
fold2_room1_mix0994,64,3,0,126,-4,11.83
fold2_room1_mix0994,65,3,0,124,-4,10.09
fold2_room1_mix0994,66,3,0,126,-3,9.63
fold2_room1_mix0994,67,3,0,132,-4,9.02
fold2_room1_mix0994,68,3,0,125,-4,7.20
fold2_room1_mix0994,69,3,0,136,-3,8.34
fold2_room1_mix0994,70,3,0,135,-3,5.97
fold2_room1_mix0994,71,3,0,132,-4,4.41
fold2_room1_mix0994,73,3,0,145,-3,8.84
fold2_room1_mix0994,74,3,0,141,-4,10.66
fold2_room1_mix0994,75,3,0,140,-3,10.90
fold2_room1_mix0994,76,3,0,145,-3,10.54
fold2_room1_mix0994,77,3,0,144,-3,10.78
fold2_room1_mix0994,78,3,0,145,-3,10.75
fold2_room1_mix0994,79,3,0,143,-3,8.70
fold2_room1_mix0994,80,3,0,144,-2,5.53
fold2_room1_mix0994,84,3,0,150,-3,9.43
fold2_room1_mix0994,85,3,0,148,-3,11.93
fold2_room1_mix0994,86,3,0,151,-3,12.91
fold2_room1_mix0994,87,3,0,150,-3,11.84
fold2_room1_mix0994,88,3,0,149,-3,12.01
fold2_room1_mix0994,94,3,0,160,-4,6.44
fold2_room1_mix0994,95,3,0,150,-3,10.85
fold2_room1_mix0995,12,2,0,-144,-5,5.57
fold2_room1_mix0995,13,2,0,-136,-5,7.62
fold2_room1_mix0995,14,2,0,-132,-4,7.70
fold2_room1_mix0995,15,2,0,-134,-4,7.37
fold2_room1_mix0995,20,2,0,-130,-4,6.27
fold2_room1_mix0995,21,2,0,-129,-4,8.50
fold2_room1_mix0995,22,2,0,-129,-3,9.43
fold2_room1_mix0995,23,2,0,-130,-3,8.64
fold2_room1_mix0995,24,2,0,-133,-4,8.01
fold2_room1_mix0995,25,2,0,-132,-4,8.54
fold2_room1_mix0995,30,0,0,-165,-1,2.07
fold2_room1_mix0995,30,2,0,-122,-4,3.19
fold2_room1_mix0995,31,2,0,-126,-4,7.24
fold2_room1_mix0995,32,0,0,-161,-2,5.37
fold2_room1_mix0995,32,2,0,-124,-3,7.40
fold2_room1_mix0995,33,2,0,-128,-4,7.65
fold2_room1_mix0995,34,2,0,-126,-4,6.85
fold2_room1_mix0995,35,0,0,-157,-2,2.90
fold2_room1_mix0995,35,2,0,-127,-4,6.50
fold2_room1_mix0995,36,0,0,-154,-2,14.93
fold2_room1_mix0995,37,0,0,-157,-2,12.93
fold2_room1_mix0995,38,0,0,-156,-2,17.94
fold2_room1_mix0995,39,0,0,-157,-2,17.68
fold2_room1_mix0995,40,0,0,-158,-2,19.11
fold2_room1_mix0995,41,0,0,-157,-2,17.83
fold2_room1_mix0995,41,2,0,-111,-5,4.60
fold2_room1_mix0995,42,0,0,-157,-2,15.92
fold2_room1_mix0995,42,2,0,-113,-4,5.46
fold2_room1_mix0995,43,0,0,-159,-2,15.03
fold2_room1_mix0995,43,2,0,-113,-5,4.56
fold2_room1_mix0995,44,0,0,-152,-2,16.05
fold2_room1_mix0995,44,2,0,-110,-4,4.59
fold2_room1_mix0995,45,0,0,-150,-2,14.17
fold2_room1_mix0995,45,2,0,-110,-5,4.28
fold2_room1_mix0995,46,0,0,-153,-2,14.88
fold2_room1_mix0995,47,0,0,-151,-2,16.67
fold2_room1_mix0995,48,0,0,-149,-2,17.23
fold2_room1_mix0995,49,0,0,-150,-2,15.99
fold2_room1_mix0995,50,0,0,-144,-2,4.49
fold2_room1_mix0995,51,0,0,-150,-1,4.70
fold2_room1_mix0995,51,2,0,-96,-6,3.60
fold2_room1_mix0995,52,2,0,-93,-5,1.89
fold2_room1_mix0995,55,4,0,1,0,13.90
fold2_room1_mix0995,56,4,0,3,-1,15.33
fold2_room1_mix0995,57,4,0,4,0,15.76
fold2_room1_mix0995,58,4,0,6,-1,17.62
fold2_room1_mix0995,59,4,0,7,-2,16.12
fold2_room1_mix0995,60,4,0,6,-2,16.17
fold2_room1_mix0995,61,4,0,7,-2,15.11
fold2_room1_mix0995,62,4,0,8,-3,13.28
fold2_room1_mix0995,63,4,0,9,-3,12.77
fold2_room1_mix0995,64,4,0,9,-3,12.14
fold2_room1_mix0995,65,4,0,11,-3,10.92
fold2_room1_mix0995,66,4,0,11,-3,9.98
fold2_room1_mix0995,67,4,0,13,-3,8.84
fold2_room1_mix0995,68,4,0,12,-4,7.52
fold2_room1_mix0995,69,4,0,17,-5,6.09
fold2_room1_mix0995,70,4,0,21,-6,4.53
fold2_room1_mix0995,71,4,0,27,-7,3.75
fold2_room1_mix0995,72,4,0,30,-11,3.03
fold2_room1_mix0995,73,4,0,49,-15,2.09
fold2_room1_mix0995,74,4,0,80,-18,1.83
fold2_room1_mix0995,75,4,0,121,-14,1.98
fold2_room1_mix0995,76,4,0,141,-8,2.42
fold2_room1_mix0995,77,4,0,152,-6,3.72
fold2_room1_mix0995,78,4,0,155,-5,4.22
fold2_room1_mix0995,79,4,0,160,-4,5.54
fold2_room1_mix0995,80,4,0,165,-3,6.44
fold2_room1_mix0995,81,4,0,167,-3,7.46
fold2_room1_mix0995,82,4,0,168,-2,8.36
fold2_room1_mix0995,83,4,0,170,-2,9.50
fold2_room1_mix0995,84,4,0,171,-2,10.20
fold2_room1_mix0995,85,4,0,172,-1,11.33
fold2_room1_mix0995,86,4,0,173,-1,12.28
fold2_room1_mix0995,87,4,0,173,-1,12.82
fold2_room1_mix0995,88,4,0,173,-1,13.64
fold2_room1_mix0995,89,4,0,175,-1,14.99
fold2_room1_mix0995,90,4,0,175,-1,14.78
fold2_room1_mix0995,91,4,0,175,-1,15.96
fold2_room1_mix0995,92,4,0,176,0,13.83
fold2_room1_mix0995,93,4,0,176,0,5.97
fold2_room1_mix0996,41,1,0,-9,-3,38.29
fold2_room1_mix0996,42,1,0,-5,-2,33.39
fold2_room1_mix0996,43,1,0,-8,-3,28.73
fold2_room1_mix0996,45,1,0,-14,-3,26.70
fold2_room1_mix0996,46,1,0,-11,-2,26.83
fold2_room1_mix0996,47,1,0,-11,-2,28.70
fold2_room1_mix0996,48,1,0,-13,-2,31.84
fold2_room1_mix0996,50,1,0,-18,-2,26.84
fold2_room1_mix0996,51,1,0,-15,-2,25.83
fold2_room1_mix0996,52,1,0,-18,-2,24.95
fold2_room1_mix0996,53,1,0,-17,-2,25.46
fold2_room1_mix0996,55,1,0,-21,-2,23.70
fold2_room1_mix0996,56,1,0,-20,-3,23.82
fold2_room1_mix0996,57,1,0,-24,-2,22.27
fold2_room1_mix0996,58,1,0,-29,-2,18.13
fold2_room1_mix0996,60,1,0,-29,-3,15.90
fold2_room1_mix0996,61,1,0,-32,-3,16.59
fold2_room1_mix0996,62,1,0,-36,-3,13.02
fold2_room1_mix0996,63,1,0,-45,-3,10.61
fold2_room1_mix0996,65,1,0,-46,-3,10.77
fold2_room1_mix0996,66,1,0,-54,-4,8.68
fold2_room1_mix0996,67,1,0,-63,-4,5.41
fold2_room1_mix0996,68,1,0,-61,-4,3.21
fold2_room1_mix0996,70,1,0,-94,-4,5.02
fold2_room1_mix0996,71,1,0,-110,-5,6.69
fold2_room1_mix0996,72,1,0,-121,-3,4.68
fold2_room1_mix0998,3,4,0,-179,0,3.70
fold2_room1_mix0998,4,4,0,-179,0,17.62
fold2_room1_mix0998,5,4,0,-179,0,17.98
fold2_room1_mix0998,6,4,0,-179,0,21.19
fold2_room1_mix0998,7,4,0,178,0,31.36
fold2_room1_mix0998,8,4,0,179,0,31.65
fold2_room1_mix0998,9,4,0,178,0,31.56
fold2_room1_mix0998,10,4,0,178,0,29.93
fold2_room1_mix0998,11,4,0,178,0,29.94
fold2_room1_mix0998,12,4,0,177,0,28.89
fold2_room1_mix0998,13,4,0,178,0,28.66
fold2_room1_mix0998,14,4,0,178,0,29.68
fold2_room1_mix0998,15,4,0,178,0,28.17
fold2_room1_mix0998,16,4,0,178,0,28.08
fold2_room1_mix0998,17,4,0,-179,0,29.29
fold2_room1_mix0998,18,4,0,179,0,28.38
fold2_room1_mix0998,19,4,0,-179,0,27.52
fold2_room1_mix0998,20,4,0,178,0,28.41
fold2_room1_mix0998,21,4,0,179,0,26.54
fold2_room1_mix0998,22,4,0,-179,0,25.66
fold2_room1_mix0998,23,4,0,-179,0,25.45
fold2_room1_mix0998,24,4,0,-179,-1,25.06
fold2_room1_mix0998,25,4,0,-179,0,25.71
fold2_room1_mix0998,26,4,0,-179,0,25.15
fold2_room1_mix0998,27,4,0,-179,0,26.34
fold2_room1_mix0998,28,4,0,-178,0,25.52
fold2_room1_mix0998,29,4,0,-179,-1,23.71
fold2_room1_mix0998,30,4,0,-177,0,23.70
fold2_room1_mix0998,31,4,0,-178,-1,23.88
fold2_room1_mix0998,32,4,0,-178,-1,22.15
fold2_room1_mix0998,33,4,0,-177,-1,22.52
fold2_room1_mix0998,34,3,0,23,-3,5.04
fold2_room1_mix0998,34,4,0,-177,0,20.31
fold2_room1_mix0998,35,4,0,-176,0,25.30
fold2_room1_mix0998,36,3,0,45,-3,10.12
fold2_room1_mix0998,36,4,0,-177,0,20.10
fold2_room1_mix0998,37,3,0,34,-3,7.48
fold2_room1_mix0998,37,4,0,-176,-1,18.67
fold2_room1_mix0998,38,4,0,-175,0,20.96
fold2_room1_mix0998,39,4,0,-174,-1,17.24
fold2_room1_mix0998,40,4,0,-175,-1,17.70
fold2_room1_mix0998,41,3,0,35,-3,6.88
fold2_room1_mix0998,41,4,0,-175,0,17.85
fold2_room1_mix0998,42,3,0,35,-4,6.60
fold2_room1_mix0998,42,4,0,-173,-1,17.77
fold2_room1_mix0998,43,3,0,35,-3,7.39
fold2_room1_mix0998,43,4,0,-173,-1,18.25
fold2_room1_mix0998,44,3,0,37,-3,7.13
fold2_room1_mix0998,44,4,0,-173,-1,17.74
fold2_room1_mix0998,45,3,0,40,-4,6.70
fold2_room1_mix0998,45,4,0,-168,-2,15.52
fold2_room1_mix0998,46,3,0,41,-4,7.06
fold2_room1_mix0998,46,4,0,-169,-2,17.73
fold2_room1_mix0998,47,3,0,42,-4,6.94
fold2_room1_mix0998,47,4,0,-169,-2,14.39
fold2_room1_mix0998,48,4,0,-169,-2,13.40
fold2_room1_mix0998,49,3,0,74,-9,5.52
fold2_room1_mix0998,49,4,0,-164,-2,13.81
fold2_room1_mix0998,50,3,0,77,-8,5.77
fold2_room1_mix0998,50,4,0,-163,-2,10.47
fold2_room1_mix0998,51,4,0,-162,-4,7.41
fold2_room1_mix0998,52,4,0,-175,-5,8.90
fold2_room1_mix0998,52,4,0,-150,-5,6.66
fold2_room1_mix0998,53,4,0,-177,-6,7.21
fold2_room1_mix0998,53,4,0,-157,-7,4.80
fold2_room1_mix0998,53,4,0,-136,-6,5.43
fold2_room1_mix0998,54,3,0,93,-7,7.31
fold2_room1_mix0998,54,4,0,178,-6,9.66
fold2_room1_mix0998,54,4,0,-138,-11,3.23
fold2_room1_mix0998,55,3,0,110,-8,6.78
fold2_room1_mix0998,55,4,0,176,-3,14.68
fold2_room1_mix0998,55,4,0,-138,-11,4.19
fold2_room1_mix0998,55,4,0,-122,-14,2.87
fold2_room1_mix0998,56,3,0,127,-7,7.19
fold2_room1_mix0998,56,4,0,173,-3,13.07
fold2_room1_mix0998,56,4,0,-144,-9,5.05
fold2_room1_mix0998,56,4,0,-114,-15,2.76
fold2_room1_mix0998,57,3,0,138,-7,7.47
fold2_room1_mix0998,57,4,0,178,-4,13.64
fold2_room1_mix0998,57,4,0,-117,-13,4.52
fold2_room1_mix0998,57,4,0,-72,-13,3.44
fold2_room1_mix0998,58,3,0,144,-7,7.71
fold2_room1_mix0998,58,4,0,176,-4,12.86
fold2_room1_mix0998,58,4,0,-73,-16,3.74
fold2_room1_mix0998,58,4,0,-53,-12,3.64
fold2_room1_mix0998,59,3,0,141,-7,7.05
fold2_room1_mix0998,59,4,0,178,-5,11.25
fold2_room1_mix0998,59,4,0,-74,-15,4.81
fold2_room1_mix0998,59,4,0,-44,-11,4.16
fold2_room1_mix0998,60,3,0,149,-6,7.71
fold2_room1_mix0998,60,4,0,-179,-6,9.81
fold2_room1_mix0998,60,4,0,-42,-9,5.69
fold2_room1_mix0998,61,3,0,149,-7,6.99
fold2_room1_mix0998,61,4,0,-178,-6,7.72
fold2_room1_mix0998,61,4,0,-37,-7,5.67
fold2_room1_mix0998,62,3,0,158,-6,7.56
fold2_room1_mix0998,62,4,0,-178,-7,7.18
fold2_room1_mix0998,62,4,0,-34,-7,6.25
fold2_room1_mix0998,63,3,0,166,-5,8.76
fold2_room1_mix0998,63,4,0,-178,-6,7.29
fold2_room1_mix0998,63,4,0,-27,-6,7.66
fold2_room1_mix0998,64,3,0,174,-4,7.12
fold2_room1_mix0998,64,4,0,179,-7,5.29
fold2_room1_mix0998,64,4,0,-22,-4,8.40
fold2_room1_mix0998,65,4,0,170,-7,5.01
fold2_room1_mix0998,65,4,0,-21,-3,11.69
fold2_room1_mix0998,66,4,0,163,-8,4.61
fold2_room1_mix0998,66,4,0,-18,-3,11.92
fold2_room1_mix0998,67,4,0,161,-9,4.35
fold2_room1_mix0998,67,4,0,-19,-3,11.48
fold2_room1_mix0998,68,3,0,163,-3,7.00
fold2_room1_mix0998,68,4,0,159,-11,4.03
fold2_room1_mix0998,68,4,0,-18,-4,11.97
fold2_room1_mix0998,69,3,0,156,-3,11.51
fold2_room1_mix0998,69,4,0,155,-12,3.29
fold2_room1_mix0998,69,4,0,-18,-3,12.08
fold2_room1_mix0998,70,3,0,159,-4,9.28
fold2_room1_mix0998,70,4,0,158,-11,3.43
fold2_room1_mix0998,70,4,0,-19,-4,12.87
fold2_room1_mix0998,71,3,0,165,-3,5.95
fold2_room1_mix0998,71,4,0,146,-12,3.01
fold2_room1_mix0998,71,4,0,-16,-1,15.34
fold2_room1_mix0998,72,3,0,162,-3,10.18
fold2_room1_mix0998,72,4,0,141,-15,2.27
fold2_room1_mix0998,72,4,0,-23,-1,13.73
fold2_room1_mix0998,73,3,0,163,-4,10.52
fold2_room1_mix0998,73,4,0,129,-17,1.74
fold2_room1_mix0998,73,4,0,85,-19,3.16
fold2_room1_mix0998,73,4,0,-24,0,13.89
fold2_room1_mix0998,74,3,0,157,-4,14.50
fold2_room1_mix0998,74,4,0,104,-23,1.42
fold2_room1_mix0998,74,4,0,53,-25,4.10
fold2_room1_mix0998,74,4,0,-15,-1,13.36
fold2_room1_mix0998,75,3,0,159,-3,14.81
fold2_room1_mix0998,75,4,0,73,-24,1.69
fold2_room1_mix0998,75,4,0,-7,-7,8.96
fold2_room1_mix0998,76,3,0,174,-3,12.78
fold2_room1_mix0998,76,4,0,42,-18,1.58
fold2_room1_mix0998,76,4,0,-13,-4,11.48
fold2_room1_mix0998,77,3,0,165,-3,9.65
fold2_room1_mix0998,77,4,0,29,-14,2.48
fold2_room1_mix0998,77,4,0,-7,-4,12.47
fold2_room1_mix0998,78,4,0,25,-12,2.93
fold2_room1_mix0998,78,4,0,-3,-3,13.22
fold2_room1_mix0998,79,4,0,20,-10,2.91
fold2_room1_mix0998,79,4,0,-3,-3,12.73
fold2_room1_mix0998,80,4,0,4,-5,9.31
fold2_room1_mix0998,81,4,0,2,-3,10.99
fold2_room1_mix0998,82,3,0,170,-4,10.29
fold2_room1_mix0998,82,4,0,8,-10,3.12
fold2_room1_mix0998,82,4,0,-7,-1,16.38
fold2_room1_mix0998,83,3,0,171,-3,11.10
fold2_room1_mix0998,83,4,0,7,-10,3.01
fold2_room1_mix0998,83,4,0,-9,0,16.59
fold2_room1_mix0998,84,3,0,177,-2,2.90
fold2_room1_mix0998,84,4,0,10,-9,3.07
fold2_room1_mix0998,84,4,0,-7,0,22.09
fold2_room1_mix0998,85,3,0,168,-3,13.84
fold2_room1_mix0998,85,4,0,5,-9,3.44
fold2_room1_mix0998,85,4,0,-9,-1,18.72
fold2_room1_mix0998,86,3,0,168,-3,13.81
fold2_room1_mix0998,86,4,0,-5,-4,13.03
fold2_room1_mix0998,87,3,0,167,-4,14.75
fold2_room1_mix0998,87,4,0,-4,-3,13.60
fold2_room1_mix0998,88,3,0,169,-3,14.65
fold2_room1_mix0998,88,4,0,-5,-3,14.31
fold2_room1_mix0998,89,3,0,167,-3,15.42
fold2_room1_mix0998,89,4,0,-7,-3,15.12
fold2_room1_mix0998,90,4,0,-1,-2,17.53
fold2_room1_mix0998,91,4,0,0,-2,16.99
fold2_room1_mix0998,92,4,0,0,-2,17.11
fold2_room1_mix0998,93,4,0,1,-2,15.48
fold2_room1_mix0998,94,4,0,2,-1,17.58
fold2_room1_mix0998,95,4,0,1,-1,17.93
fold2_room1_mix0998,96,4,0,1,-2,17.69
fold2_room1_mix0998,97,4,0,1,-1,19.89
fold2_room1_mix0998,98,4,0,1,-1,19.41
fold2_room1_mix0998,99,4,0,2,-1,18.74
fold2_room1_mix0999,35,0,0,-140,-3,5.44
fold2_room1_mix0999,36,0,0,-142,-5,5.28
fold2_room1_mix0999,37,0,0,-138,-5,6.54
fold2_room1_mix0999,38,0,0,-123,-5,9.10
fold2_room1_mix0999,39,0,0,-129,-4,10.52
fold2_room1_mix0999,42,0,0,-39,-4,10.85
fold2_room1_mix0999,43,0,0,-37,-3,11.21
fold2_room1_mix0999,44,0,0,-44,-3,11.27
fold2_room1_mix0999,45,0,0,-44,-3,10.74
fold2_room1_mix0999,46,0,0,-31,-3,13.67
fold2_room1_mix0999,47,0,0,-23,-2,13.26
fold2_room1_mix0999,48,0,0,-19,-3,12.57
fold2_room1_mix0999,48,4,0,154,-1,7.11
fold2_room1_mix0999,49,0,0,-16,-2,13.72
fold2_room1_mix0999,49,4,0,146,-2,9.23
fold2_room1_mix0999,50,0,0,-23,-3,14.05
fold2_room1_mix0999,50,4,0,140,-1,9.55
fold2_room1_mix0999,51,0,0,-17,-2,14.11
fold2_room1_mix0999,51,4,0,144,-2,12.94
fold2_room1_mix0999,52,0,0,-26,-3,11.87
fold2_room1_mix0999,52,4,0,148,-3,11.57
fold2_room1_mix0999,53,0,0,-10,-2,13.84
fold2_room1_mix0999,53,4,0,141,-2,13.04
fold2_room1_mix0999,54,0,0,-17,-3,13.98
fold2_room1_mix0999,54,4,0,139,-3,12.30
fold2_room1_mix0999,55,0,0,-22,-3,12.19
fold2_room1_mix0999,55,4,0,137,-3,11.72
fold2_room1_mix0999,56,0,0,-14,-2,13.58
fold2_room1_mix0999,56,4,0,138,-3,11.55
fold2_room1_mix0999,57,0,0,-7,-2,14.16
fold2_room1_mix0999,57,4,0,133,-3,10.88
fold2_room1_mix0999,58,0,0,-4,-2,15.68
fold2_room1_mix0999,58,4,0,129,-3,10.80
fold2_room1_mix0999,59,0,0,0,-2,16.09
fold2_room1_mix0999,59,4,0,127,-3,11.18
fold2_room1_mix0999,60,0,0,0,-2,15.69
fold2_room1_mix0999,60,4,0,119,-3,10.56
fold2_room1_mix0999,61,0,0,-9,-2,16.96
fold2_room1_mix0999,61,4,0,111,-3,10.82
fold2_room1_mix0999,62,0,0,-8,-2,19.19
fold2_room1_mix0999,62,4,0,97,-5,10.89
fold2_room1_mix0999,63,0,0,-7,-2,16.86
fold2_room1_mix0999,63,4,0,102,-3,10.73
fold2_room1_mix0999,64,0,0,-3,-2,16.80
fold2_room1_mix0999,64,4,0,86,-4,10.32
fold2_room1_mix0999,65,0,0,1,-2,16.66
fold2_room1_mix0999,65,4,0,82,-3,9.72
fold2_room1_mix0999,66,0,0,20,-2,14.67
fold2_room1_mix0999,66,4,0,84,-4,9.14
fold2_room1_mix0999,66,4,0,66,-4,9.29
fold2_room1_mix0999,67,0,0,51,-3,12.40
fold2_room1_mix0999,67,4,0,77,-3,9.48
fold2_room1_mix0999,67,4,0,57,-3,9.85
fold2_room1_mix0999,68,0,0,93,-4,11.66
fold2_room1_mix0999,68,0,0,62,-3,10.64
fold2_room1_mix0999,68,4,0,61,-2,10.19
fold2_room1_mix0999,69,0,0,108,-3,12.00
fold2_room1_mix0999,69,0,0,66,-3,10.82
fold2_room1_mix0999,69,4,0,58,-2,10.51
fold2_room1_mix0999,70,0,0,126,-3,12.48
fold2_room1_mix0999,70,0,0,86,-3,10.51
fold2_room1_mix0999,70,4,0,56,-3,9.34
fold2_room1_mix0999,71,0,0,129,-3,12.32
fold2_room1_mix0999,71,0,0,96,-3,9.89
fold2_room1_mix0999,71,4,0,53,-2,10.30
fold2_room1_mix0999,72,0,0,131,-2,12.17
fold2_room1_mix0999,72,0,0,103,-3,9.61
fold2_room1_mix0999,72,4,0,45,-2,8.10
fold2_room1_mix0999,73,0,0,129,-2,11.63
fold2_room1_mix0999,73,0,0,101,-3,9.33
fold2_room1_mix0999,73,4,0,50,-2,9.93
fold2_room1_mix0999,74,0,0,133,-2,11.63
fold2_room1_mix0999,74,0,0,106,-3,9.30
fold2_room1_mix0999,74,4,0,44,-1,5.55
fold2_room1_mix0999,75,0,0,132,-2,10.91
fold2_room1_mix0999,75,0,0,99,-3,9.46
fold2_room1_mix0999,75,4,0,43,0,6.44
fold2_room1_mix0999,76,0,0,118,-2,9.22
fold2_room1_mix0999,76,4,0,37,-1,9.97
fold2_room1_mix0999,77,0,0,125,-3,13.54
fold2_room1_mix0999,77,0,0,94,-3,11.19
fold2_room1_mix0999,77,4,0,27,-1,10.10
fold2_room1_mix0999,78,0,0,123,-2,13.90
fold2_room1_mix0999,78,0,0,107,-2,12.37
fold2_room1_mix0999,78,4,0,26,-2,9.87
fold2_room1_mix0999,79,0,0,123,-2,11.18
fold2_room1_mix0999,79,4,0,30,-2,8.11
fold2_room1_mix0999,80,0,0,135,-2,14.48
fold2_room1_mix0999,80,4,0,25,-2,6.88
fold2_room1_mix0999,81,0,0,138,-2,15.11
fold2_room1_mix0999,81,4,0,18,-3,7.68
fold2_room1_mix0999,82,0,0,138,-2,15.03
fold2_room1_mix0999,82,4,0,20,-3,6.85
fold2_room1_mix0999,83,0,0,156,-1,9.25
fold2_room1_mix0999,83,0,0,136,-1,8.15
fold2_room1_mix0999,83,4,0,18,-6,5.45
fold2_room1_mix0999,84,0,0,160,-1,8.02
fold2_room1_mix0999,84,0,0,141,-1,7.46
fold2_room1_mix0999,84,4,0,17,-7,4.76
fold2_room1_mix0999,85,0,0,145,0,7.94
fold2_room1_mix0999,85,4,0,25,-9,3.01
fold2_room1_mix0999,86,4,0,36,-9,2.64
fold2_room1_mix0999,87,4,0,58,-11,1.52
fold2_room1_mix0999,88,4,0,106,-12,1.41
fold2_room1_mix0999,89,4,0,130,-9,1.65
fold2_room1_mix0999,90,4,0,149,-7,2.07
fold2_room1_mix0999,91,4,0,158,-5,2.43
fold2_room1_mix0999,92,4,0,157,-5,2.92
fold2_room1_mix0999,93,4,0,162,-4,3.63
fold2_room1_mix0999,94,4,0,167,-4,4.02
fold2_room1_mix0999,95,4,0,169,-3,4.84
fold2_room1_mix0999,96,4,0,172,-3,4.99
fold2_room1_mix0999,97,4,0,172,-3,6.08
fold2_room1_mix0999,98,4,0,171,-2,6.42
fold2_room1_mix0999,99,4,0,172,-2,6.67
fold2_room1_mix0999,41,0,0,-38,-4,12.77
fold2_room1_mix1000,0,5,0,76,2,4.49
fold2_room1_mix1000,1,5,0,72,3,9.86
fold2_room1_mix1000,2,4,0,177,0,3.20
fold2_room1_mix1000,2,4,0,-4,0,3.10
fold2_room1_mix1000,2,5,0,73,4,8.90
fold2_room1_mix1000,3,4,0,174,1,8.33
fold2_room1_mix1000,3,4,0,0,1,7.61
fold2_room1_mix1000,3,5,0,90,3,6.36
fold2_room1_mix1000,4,4,0,175,1,13.48
fold2_room1_mix1000,4,4,0,-1,1,11.20
fold2_room1_mix1000,4,5,0,88,3,10.80
fold2_room1_mix1000,5,4,0,177,0,24.28
fold2_room1_mix1000,5,4,0,0,0,23.02
fold2_room1_mix1000,5,5,0,88,3,10.99
fold2_room1_mix1000,6,4,0,173,0,26.42
fold2_room1_mix1000,6,4,0,-1,0,23.52
fold2_room1_mix1000,6,5,0,93,2,14.74
fold2_room1_mix1000,7,4,0,175,0,27.55
fold2_room1_mix1000,7,4,0,0,0,26.02
fold2_room1_mix1000,7,5,0,89,3,13.38
fold2_room1_mix1000,8,4,0,175,0,44.34
fold2_room1_mix1000,8,4,0,0,0,39.07
fold2_room1_mix1000,8,5,0,91,4,9.68
fold2_room1_mix1000,9,4,0,177,-1,41.65
fold2_room1_mix1000,9,4,0,0,0,37.83
fold2_room1_mix1000,9,5,0,94,4,10.64
fold2_room1_mix1000,10,4,0,175,0,42.30
fold2_room1_mix1000,10,4,0,0,0,36.89
fold2_room1_mix1000,10,5,0,85,4,10.23
fold2_room1_mix1000,11,4,0,172,0,42.94
fold2_room1_mix1000,11,4,0,-1,-1,35.44
fold2_room1_mix1000,11,5,0,94,3,12.43
fold2_room1_mix1000,12,4,0,174,0,42.22
fold2_room1_mix1000,12,4,0,0,-1,34.81
fold2_room1_mix1000,12,5,0,95,3,12.35
fold2_room1_mix1000,13,4,0,178,0,41.83
fold2_room1_mix1000,13,4,0,-2,-1,32.92
fold2_room1_mix1000,13,5,0,93,3,12.07
fold2_room1_mix1000,14,4,0,175,0,41.66
fold2_room1_mix1000,14,4,0,0,0,35.33
fold2_room1_mix1000,14,5,0,97,4,11.57
fold2_room1_mix1000,15,4,0,177,0,45.31
fold2_room1_mix1000,15,4,0,-1,-1,32.85
fold2_room1_mix1000,15,5,0,100,3,13.63
fold2_room1_mix1000,16,4,0,172,-1,40.51
fold2_room1_mix1000,16,4,0,-4,-1,33.80
fold2_room1_mix1000,16,5,0,96,3,12.88
fold2_room1_mix1000,17,4,0,177,0,43.02
fold2_room1_mix1000,17,4,0,-2,-1,32.78
fold2_room1_mix1000,17,5,0,96,4,12.16
fold2_room1_mix1000,18,4,0,177,0,45.40
fold2_room1_mix1000,18,4,0,-4,-1,32.97
fold2_room1_mix1000,18,5,0,97,3,14.27
fold2_room1_mix1000,19,4,0,175,0,41.38
fold2_room1_mix1000,19,4,0,-4,-1,33.12
fold2_room1_mix1000,19,5,0,94,2,14.40
fold2_room1_mix1000,20,4,0,174,0,47.40
fold2_room1_mix1000,20,4,0,-5,-1,34.63
fold2_room1_mix1000,20,5,0,96,3,14.10
fold2_room1_mix1000,21,4,0,174,0,45.48
fold2_room1_mix1000,21,4,0,-5,-1,34.71
fold2_room1_mix1000,21,5,0,94,4,11.25
fold2_room1_mix1000,22,4,0,176,0,44.68
fold2_room1_mix1000,22,4,0,-5,-1,32.96
fold2_room1_mix1000,22,5,0,92,3,12.83
fold2_room1_mix1000,23,4,0,175,0,48.76
fold2_room1_mix1000,23,4,0,-4,-1,33.34
fold2_room1_mix1000,23,5,0,88,3,12.97
fold2_room1_mix1000,24,4,0,174,0,45.98
fold2_room1_mix1000,24,4,0,-7,-1,34.74
fold2_room1_mix1000,24,5,0,94,4,12.35
fold2_room1_mix1000,25,4,0,173,0,48.00
fold2_room1_mix1000,25,4,0,-7,-2,32.72
fold2_room1_mix1000,25,5,0,92,3,12.78
fold2_room1_mix1000,26,4,0,174,0,48.40
fold2_room1_mix1000,26,4,0,-7,-1,33.14
fold2_room1_mix1000,26,5,0,88,3,12.40
fold2_room1_mix1000,27,4,0,173,0,44.57
fold2_room1_mix1000,27,4,0,-7,-1,31.53
fold2_room1_mix1000,27,5,0,95,4,11.90
fold2_room1_mix1000,28,4,0,172,-1,42.82
fold2_room1_mix1000,28,4,0,-8,-1,31.58
fold2_room1_mix1000,28,5,0,92,3,13.97
fold2_room1_mix1000,29,4,0,171,-1,41.60
fold2_room1_mix1000,29,4,0,-5,-2,29.98
fold2_room1_mix1000,29,5,0,92,4,11.46
fold2_room1_mix1000,30,4,0,167,-1,38.38
fold2_room1_mix1000,30,4,0,-8,-1,30.07
fold2_room1_mix1000,30,5,0,91,4,13.01
fold2_room1_mix1000,31,4,0,168,0,39.38
fold2_room1_mix1000,31,4,0,-10,-2,28.50
fold2_room1_mix1000,31,5,0,90,3,15.36
fold2_room1_mix1000,32,4,0,169,-1,37.28
fold2_room1_mix1000,32,4,0,-8,-2,30.03
fold2_room1_mix1000,32,5,0,94,4,12.02
fold2_room1_mix1000,33,4,0,167,-2,34.57
fold2_room1_mix1000,33,4,0,-8,-2,27.28
fold2_room1_mix1000,33,5,0,92,4,12.43
fold2_room1_mix1000,34,4,0,168,-1,40.22
fold2_room1_mix1000,34,4,0,-10,-2,28.59
fold2_room1_mix1000,34,5,0,90,4,13.42
fold2_room1_mix1000,35,4,0,164,-1,33.23
fold2_room1_mix1000,35,4,0,-7,-1,26.90
fold2_room1_mix1000,35,5,0,92,3,13.34
fold2_room1_mix1000,36,4,0,164,-1,30.74
fold2_room1_mix1000,36,4,0,-8,-2,24.65
fold2_room1_mix1000,36,5,0,90,3,15.01
fold2_room1_mix1000,37,4,0,164,-1,32.89
fold2_room1_mix1000,37,4,0,-9,-2,24.34
fold2_room1_mix1000,37,5,0,89,4,10.45
fold2_room1_mix1000,38,4,0,163,-1,29.94
fold2_room1_mix1000,38,4,0,-7,-2,23.68
fold2_room1_mix1000,38,5,0,92,4,13.45
fold2_room1_mix1000,39,4,0,167,-1,32.99
fold2_room1_mix1000,39,4,0,-7,-2,24.32
fold2_room1_mix1000,39,5,0,90,3,14.79
fold2_room1_mix1000,40,4,0,165,-1,32.21
fold2_room1_mix1000,40,4,0,-8,-2,22.16
fold2_room1_mix1000,40,5,0,87,4,11.75
fold2_room1_mix1000,41,4,0,163,-1,28.89
fold2_room1_mix1000,41,4,0,-6,-2,21.19
fold2_room1_mix1000,41,5,0,88,4,12.37
fold2_room1_mix1000,42,4,0,168,-1,30.41
fold2_room1_mix1000,42,4,0,-2,-2,22.82
fold2_room1_mix1000,42,5,0,86,3,13.09
fold2_room1_mix1000,43,4,0,166,0,27.91
fold2_room1_mix1000,43,4,0,8,-4,18.86
fold2_room1_mix1000,43,4,0,-9,-1,23.20
fold2_room1_mix1000,43,5,0,91,4,12.28
fold2_room1_mix1000,44,4,0,166,0,29.37
fold2_room1_mix1000,44,4,0,1,-2,21.27
fold2_room1_mix1000,44,5,0,88,3,14.56
fold2_room1_mix1000,45,4,0,165,0,27.95
fold2_room1_mix1000,45,4,0,-1,-2,20.94
fold2_room1_mix1000,45,5,0,86,4,12.86
fold2_room1_mix1000,46,4,0,167,0,26.96
fold2_room1_mix1000,46,4,0,8,-4,17.13
fold2_room1_mix1000,46,4,0,-7,-1,21.42
fold2_room1_mix1000,46,5,0,91,4,12.03
fold2_room1_mix1000,47,4,0,168,-1,25.52
fold2_room1_mix1000,47,4,0,13,-4,17.65
fold2_room1_mix1000,47,4,0,-6,-1,22.69
fold2_room1_mix1000,47,5,0,88,3,15.18
fold2_room1_mix1000,48,4,0,169,0,28.66
fold2_room1_mix1000,48,4,0,140,-3,18.04
fold2_room1_mix1000,48,4,0,-8,-1,22.60
fold2_room1_mix1000,48,5,0,88,4,12.50
fold2_room1_mix1000,49,4,0,162,-1,22.00
fold2_room1_mix1000,49,4,0,3,-2,19.72
fold2_room1_mix1000,49,5,0,91,4,12.72
fold2_room1_mix1000,50,4,0,159,-1,23.03
fold2_room1_mix1000,50,4,0,-1,-2,19.59
fold2_room1_mix1000,50,5,0,86,3,13.17
fold2_room1_mix1000,51,4,0,159,-1,22.68
fold2_room1_mix1000,51,4,0,10,-3,16.01
fold2_room1_mix1000,51,4,0,-6,-2,19.75
fold2_room1_mix1000,51,5,0,91,3,13.39
fold2_room1_mix1000,52,4,0,153,-1,20.55
fold2_room1_mix1000,52,4,0,15,-3,15.39
fold2_room1_mix1000,52,4,0,-5,-1,19.51
fold2_room1_mix1000,52,5,0,91,4,13.00
fold2_room1_mix1000,53,4,0,156,0,21.34
fold2_room1_mix1000,53,4,0,24,-4,14.90
fold2_room1_mix1000,53,4,0,-8,-1,20.31
fold2_room1_mix1000,53,5,0,87,4,11.40
fold2_room1_mix1000,54,4,0,148,-1,20.82
fold2_room1_mix1000,54,4,0,0,-2,17.19
fold2_room1_mix1000,54,5,0,90,3,13.82
fold2_room1_mix1000,55,4,0,145,-2,19.18
fold2_room1_mix1000,55,4,0,0,-2,16.70
fold2_room1_mix1000,55,5,0,87,3,14.56
fold2_room1_mix1000,56,4,0,129,-1,19.65
fold2_room1_mix1000,56,4,0,-3,-2,15.53
fold2_room1_mix1000,56,5,0,88,3,12.71
fold2_room1_mix1000,57,4,0,134,-2,18.46
fold2_room1_mix1000,57,4,0,-5,-3,15.13
fold2_room1_mix1000,57,5,0,88,3,12.51
fold2_room1_mix1000,58,4,0,125,-2,18.13
fold2_room1_mix1000,58,4,0,-7,-2,15.32
fold2_room1_mix1000,58,5,0,85,3,13.36
fold2_room1_mix1000,59,4,0,132,-1,19.20
fold2_room1_mix1000,59,4,0,-22,-3,12.33
fold2_room1_mix1000,59,5,0,87,4,12.29
fold2_room1_mix1000,60,4,0,107,-2,17.29
fold2_room1_mix1000,60,4,0,-35,-3,11.72
fold2_room1_mix1000,60,4,0,-18,-2,14.96
fold2_room1_mix1000,60,5,0,90,3,14.95
fold2_room1_mix1000,61,2,0,122,-4,9.67
fold2_room1_mix1000,61,4,0,118,-1,20.07
fold2_room1_mix1000,61,4,0,-31,-3,11.14
fold2_room1_mix1000,61,4,0,-11,-1,16.34
fold2_room1_mix1000,61,5,0,88,2,15.28
fold2_room1_mix1000,62,2,0,120,-4,10.59
fold2_room1_mix1000,62,4,0,108,-1,20.94
fold2_room1_mix1000,62,4,0,-37,-3,13.37
fold2_room1_mix1000,62,4,0,-15,-1,16.87
fold2_room1_mix1000,62,5,0,88,3,14.69
fold2_room1_mix1000,63,2,0,120,-4,11.44
fold2_room1_mix1000,63,4,0,101,-2,17.88
fold2_room1_mix1000,63,4,0,-42,-2,12.50
fold2_room1_mix1000,63,4,0,-8,0,18.58
fold2_room1_mix1000,63,5,0,84,2,15.71
fold2_room1_mix1000,64,2,0,118,-3,12.28
fold2_room1_mix1000,64,4,0,101,-2,17.03
fold2_room1_mix1000,64,4,0,-45,-3,9.51
fold2_room1_mix1000,64,4,0,-11,0,17.22
fold2_room1_mix1000,64,5,0,87,2,14.75
fold2_room1_mix1000,65,4,0,67,-4,14.58
fold2_room1_mix1000,65,4,0,-50,-3,11.16
fold2_room1_mix1000,65,4,0,-31,-1,16.59
fold2_room1_mix1000,65,5,0,88,3,13.75
fold2_room1_mix1000,66,4,0,-51,-3,9.92
fold2_room1_mix1000,66,4,0,11,0,17.92
fold2_room1_mix1000,66,5,0,81,3,15.78
fold2_room1_mix1000,67,4,0,-55,-5,9.20
fold2_room1_mix1000,67,4,0,43,0,17.95
fold2_room1_mix1000,67,5,0,88,3,16.43
fold2_room1_mix1000,68,4,0,-55,-4,9.76
fold2_room1_mix1000,68,4,0,44,0,17.73
fold2_room1_mix1000,68,5,0,90,4,14.49
fold2_room1_mix1000,69,4,0,-57,-3,10.65
fold2_room1_mix1000,69,4,0,34,0,19.16
fold2_room1_mix1000,69,5,0,85,4,12.90
fold2_room1_mix1000,70,2,0,125,-4,8.33
fold2_room1_mix1000,70,4,0,-62,-4,9.21
fold2_room1_mix1000,70,4,0,-35,-1,13.96
fold2_room1_mix1000,70,4,0,21,-1,16.53
fold2_room1_mix1000,70,5,0,91,2,16.36
fold2_room1_mix1000,71,2,0,120,-3,14.34
fold2_room1_mix1000,71,4,0,-55,-3,11.58
fold2_room1_mix1000,71,4,0,28,-2,15.97
fold2_room1_mix1000,71,5,0,83,3,14.67
fold2_room1_mix1000,72,2,0,124,-4,14.58
fold2_room1_mix1000,72,4,0,-60,-3,11.03
fold2_room1_mix1000,72,4,0,34,-1,18.31
fold2_room1_mix1000,72,5,0,86,3,13.43
fold2_room1_mix1000,73,2,0,127,-3,16.51
fold2_room1_mix1000,73,4,0,-64,-4,9.76
fold2_room1_mix1000,73,4,0,-26,-1,16.32
fold2_room1_mix1000,73,4,0,25,-2,16.86
fold2_room1_mix1000,73,5,0,86,3,12.96
fold2_room1_mix1000,74,2,0,125,-3,17.16
fold2_room1_mix1000,74,4,0,-66,-3,10.90
fold2_room1_mix1000,74,4,0,24,-1,19.37
fold2_room1_mix1000,74,5,0,80,2,13.84
fold2_room1_mix1000,75,2,0,131,-3,9.14
fold2_room1_mix1000,75,4,0,-71,-4,9.78
fold2_room1_mix1000,75,4,0,21,-2,19.85
fold2_room1_mix1000,75,5,0,82,2,15.80
fold2_room1_mix1000,76,4,0,-75,-5,8.40
fold2_room1_mix1000,76,4,0,23,0,21.39
fold2_room1_mix1000,76,5,0,85,3,13.65
fold2_room1_mix1000,77,4,0,-77,-4,9.28
fold2_room1_mix1000,77,4,0,20,0,22.20
fold2_room1_mix1000,77,5,0,80,3,14.81
fold2_room1_mix1000,78,4,0,-82,-5,8.77
fold2_room1_mix1000,78,4,0,17,-1,23.15
fold2_room1_mix1000,78,5,0,82,3,14.20
fold2_room1_mix1000,79,4,0,-86,-4,9.08
fold2_room1_mix1000,79,4,0,19,0,23.93
fold2_room1_mix1000,79,5,0,81,3,15.49
fold2_room1_mix1000,80,4,0,-88,-4,8.87
fold2_room1_mix1000,80,4,0,20,0,24.61
fold2_room1_mix1000,80,5,0,80,3,16.09
fold2_room1_mix1000,81,2,0,125,-4,7.44
fold2_room1_mix1000,81,4,0,-89,-4,9.57
fold2_room1_mix1000,81,4,0,13,-1,21.84
fold2_room1_mix1000,81,5,0,85,3,14.63
fold2_room1_mix1000,82,4,0,-98,-4,9.52
fold2_room1_mix1000,82,4,0,11,-1,25.21
fold2_room1_mix1000,82,5,0,76,3,16.41
fold2_room1_mix1000,83,4,0,-103,-4,9.23
fold2_room1_mix1000,83,4,0,12,0,27.62
fold2_room1_mix1000,83,5,0,80,3,18.49
fold2_room1_mix1000,84,4,0,-104,-4,9.43
fold2_room1_mix1000,84,4,0,7,-1,24.53
fold2_room1_mix1000,84,5,0,81,3,17.55
fold2_room1_mix1000,85,4,0,-111,-4,9.21
fold2_room1_mix1000,85,4,0,4,0,26.57
fold2_room1_mix1000,85,5,0,77,3,15.31
fold2_room1_mix1000,86,4,0,-111,-4,9.13
fold2_room1_mix1000,86,4,0,13,0,29.23
fold2_room1_mix1000,86,5,0,80,3,18.19
fold2_room1_mix1000,87,4,0,-113,-3,9.54
fold2_room1_mix1000,87,4,0,6,0,26.75
fold2_room1_mix1000,87,5,0,82,2,18.52
fold2_room1_mix1000,88,4,0,-119,-3,10.04
fold2_room1_mix1000,88,4,0,8,0,30.19
fold2_room1_mix1000,88,5,0,79,3,15.32
fold2_room1_mix1000,89,4,0,-120,-3,9.78
fold2_room1_mix1000,89,4,0,11,0,30.05
fold2_room1_mix1000,89,5,0,86,3,14.67
fold2_room1_mix1000,90,4,0,-122,-3,10.14
fold2_room1_mix1000,90,4,0,8,0,30.05
fold2_room1_mix1000,90,5,0,77,3,16.73
fold2_room1_mix1000,91,4,0,-123,-3,10.68
fold2_room1_mix1000,91,4,0,6,0,31.61
fold2_room1_mix1000,91,5,0,77,3,16.11
fold2_room1_mix1000,92,4,0,-125,-3,10.48
fold2_room1_mix1000,92,4,0,9,0,32.32
fold2_room1_mix1000,92,5,0,84,3,17.22
fold2_room1_mix1000,93,4,0,-125,-2,11.37
fold2_room1_mix1000,93,4,0,6,0,32.47
fold2_room1_mix1000,93,5,0,76,3,16.16
fold2_room1_mix1000,94,4,0,-128,-2,11.67
fold2_room1_mix1000,94,4,0,7,0,33.94
fold2_room1_mix1000,94,5,0,81,3,15.72
fold2_room1_mix1000,95,4,0,-129,-2,11.68
fold2_room1_mix1000,95,4,0,5,0,33.55
fold2_room1_mix1000,95,5,0,78,2,17.93
fold2_room1_mix1000,96,4,0,-133,-3,12.02
fold2_room1_mix1000,96,4,0,8,0,36.91
fold2_room1_mix1000,96,5,0,79,3,16.70
fold2_room1_mix1000,97,4,0,-135,-3,12.40
fold2_room1_mix1000,97,4,0,9,0,34.57
fold2_room1_mix1000,97,5,0,84,3,14.86
fold2_room1_mix1000,98,4,0,-134,-3,12.43
fold2_room1_mix1000,98,4,0,7,0,38.18
fold2_room1_mix1000,98,5,0,78,2,15.84
fold2_room1_mix1000,99,4,0,-137,-2,12.73
fold2_room1_mix1000,99,4,0,11,0,38.98
fold2_room1_mix1000,99,5,0,78,3,15.68
fold2_room1_mix1001,4,4,0,2,1,9.74
fold2_room1_mix1001,5,4,0,3,0,18.91
fold2_room1_mix1001,6,4,0,3,0,21.22
fold2_room1_mix1001,7,4,0,3,0,25.91
fold2_room1_mix1001,8,4,0,4,0,37.13
fold2_room1_mix1001,9,4,0,4,0,37.11
fold2_room1_mix1001,10,4,0,3,0,38.03
fold2_room1_mix1001,11,4,0,4,0,38.37
fold2_room1_mix1001,12,4,0,4,0,39.58
fold2_room1_mix1001,13,4,0,3,0,39.87
fold2_room1_mix1001,14,4,0,4,0,41.03
fold2_room1_mix1001,15,4,0,4,0,40.51
fold2_room1_mix1001,16,4,0,4,0,38.68
fold2_room1_mix1001,17,4,0,4,0,38.27
fold2_room1_mix1001,18,4,0,4,0,37.42
fold2_room1_mix1001,19,4,0,4,0,34.93
fold2_room1_mix1001,20,4,0,4,0,34.30
fold2_room1_mix1001,21,4,0,4,0,34.06
fold2_room1_mix1001,22,4,0,4,0,32.82
fold2_room1_mix1001,23,4,0,4,0,31.15
fold2_room1_mix1001,24,4,0,4,0,31.85
fold2_room1_mix1001,25,4,0,3,-1,30.25
fold2_room1_mix1001,26,4,0,4,-1,30.86
fold2_room1_mix1001,27,4,0,4,0,31.66
fold2_room1_mix1001,28,4,0,3,-1,29.21
fold2_room1_mix1001,29,4,0,4,-1,30.62
fold2_room1_mix1001,30,4,0,5,0,31.62
fold2_room1_mix1001,31,4,0,3,0,29.81
fold2_room1_mix1001,32,4,0,3,0,31.66
fold2_room1_mix1001,33,4,0,4,0,30.81
fold2_room1_mix1001,34,4,0,3,0,29.23
fold2_room1_mix1001,35,4,0,3,-1,28.39
fold2_room1_mix1001,36,4,0,4,-1,25.57
fold2_room1_mix1001,37,4,0,4,-1,25.66
fold2_room1_mix1001,38,4,0,4,-1,24.21
fold2_room1_mix1001,39,4,0,5,-1,23.33
fold2_room1_mix1001,40,4,0,5,-1,22.62
fold2_room1_mix1001,41,4,0,5,-1,22.13
fold2_room1_mix1001,42,4,0,5,-1,20.98
fold2_room1_mix1001,43,4,0,6,-1,20.93
fold2_room1_mix1001,44,4,0,5,-1,19.86
fold2_room1_mix1001,45,2,0,108,-5,7.13
fold2_room1_mix1001,45,4,0,6,-1,19.55
fold2_room1_mix1001,46,2,0,101,-6,6.59
fold2_room1_mix1001,46,4,0,5,-1,19.73
fold2_room1_mix1001,47,2,0,89,-5,5.58
fold2_room1_mix1001,47,4,0,7,-2,18.78
fold2_room1_mix1001,48,4,0,6,-2,16.69
fold2_room1_mix1001,49,4,0,7,-2,15.36
fold2_room1_mix1001,50,4,0,8,-2,13.83
fold2_room1_mix1001,51,4,0,8,-2,13.34
fold2_room1_mix1001,52,2,0,106,-5,6.89
fold2_room1_mix1001,52,4,0,9,-3,12.77
fold2_room1_mix1001,53,2,0,109,-5,7.14
fold2_room1_mix1001,53,4,0,9,-3,11.71
fold2_room1_mix1001,54,2,0,99,-6,6.98
fold2_room1_mix1001,54,4,0,9,-4,10.47
fold2_room1_mix1001,55,2,0,102,-5,8.27
fold2_room1_mix1001,55,4,0,26,-5,8.26
fold2_room1_mix1001,55,4,0,4,-3,10.04
fold2_room1_mix1001,56,2,0,105,-6,8.02
fold2_room1_mix1001,56,4,0,24,-6,6.77
fold2_room1_mix1001,56,4,0,3,-3,9.95
fold2_room1_mix1001,57,2,0,99,-5,8.23
fold2_room1_mix1001,57,4,0,29,-7,5.89
fold2_room1_mix1001,57,4,0,3,-3,9.56
fold2_room1_mix1001,58,4,0,35,-9,4.21
fold2_room1_mix1001,58,4,0,2,-3,8.53
fold2_room1_mix1001,59,4,0,40,-10,4.04
fold2_room1_mix1001,59,4,0,3,-3,8.91
fold2_room1_mix1001,60,4,0,45,-11,3.46
fold2_room1_mix1001,60,4,0,5,-5,7.89
fold2_room1_mix1001,61,4,0,54,-15,2.31
fold2_room1_mix1001,61,4,0,3,-4,8.56
fold2_room1_mix1001,62,2,0,96,-4,7.53
fold2_room1_mix1001,62,4,0,64,-16,2.23
fold2_room1_mix1001,62,4,0,3,-4,8.49
fold2_room1_mix1001,63,2,0,105,-4,8.59
fold2_room1_mix1001,63,4,0,94,-16,2.16
fold2_room1_mix1001,63,4,0,6,-4,7.40
fold2_room1_mix1001,64,2,0,91,-5,7.65
fold2_room1_mix1001,64,4,0,127,-14,2.27
fold2_room1_mix1001,64,4,0,7,-5,7.34
fold2_room1_mix1001,65,2,0,95,-5,6.73
fold2_room1_mix1001,65,4,0,139,-11,2.52
fold2_room1_mix1001,65,4,0,8,-4,6.61
fold2_room1_mix1001,66,2,0,97,-5,6.37
fold2_room1_mix1001,66,4,0,146,-9,3.25
fold2_room1_mix1001,66,4,0,5,-6,6.16
fold2_room1_mix1001,67,4,0,149,-9,3.68
fold2_room1_mix1001,67,4,0,2,-7,6.20
fold2_room1_mix1001,68,4,0,155,-7,4.66
fold2_room1_mix1001,68,4,0,5,-8,5.44
fold2_room1_mix1001,69,4,0,156,-6,5.53
fold2_room1_mix1001,69,4,0,-1,-10,4.39
fold2_room1_mix1001,70,4,0,160,-5,6.51
fold2_room1_mix1001,70,4,0,-4,-11,4.02
fold2_room1_mix1001,71,4,0,161,-4,7.25
fold2_room1_mix1001,71,4,0,-10,-15,3.13
fold2_room1_mix1001,72,2,0,99,-5,6.43
fold2_room1_mix1001,72,4,0,161,-5,7.30
fold2_room1_mix1001,72,4,0,-29,-15,2.68
fold2_room1_mix1001,72,4,0,-13,-15,3.22
fold2_room1_mix1001,73,4,0,159,-4,6.62
fold2_room1_mix1001,73,4,0,-54,-21,2.15
fold2_room1_mix1001,73,4,0,-26,-25,2.36
fold2_room1_mix1001,74,2,0,89,-4,3.46
fold2_room1_mix1001,74,4,0,160,-2,7.53
fold2_room1_mix1001,74,4,0,-95,-25,1.49
fold2_room1_mix1001,74,4,0,-4,-21,2.36
fold2_room1_mix1001,75,2,0,97,-3,4.94
fold2_room1_mix1001,75,4,0,177,-3,6.27
fold2_room1_mix1001,75,4,0,37,-14,2.64
fold2_room1_mix1001,76,2,0,98,-4,5.73
fold2_room1_mix1001,76,4,0,-179,-3,6.48
fold2_room1_mix1001,76,4,0,38,-10,2.89
fold2_room1_mix1001,77,2,0,86,-4,6.25
fold2_room1_mix1001,77,4,0,-167,-3,5.95
fold2_room1_mix1001,77,4,0,42,-8,3.27
fold2_room1_mix1001,78,2,0,90,-4,2.58
fold2_room1_mix1001,78,4,0,-171,-3,6.55
fold2_room1_mix1001,78,4,0,108,-13,3.65
fold2_room1_mix1001,78,4,0,58,-7,3.62
fold2_room1_mix1001,79,4,0,-172,-3,6.74
fold2_room1_mix1001,79,4,0,101,-12,3.53
fold2_room1_mix1001,79,4,0,59,-6,3.72
fold2_room1_mix1001,80,4,0,-174,-4,6.63
fold2_room1_mix1001,80,4,0,154,-8,3.95
fold2_room1_mix1001,80,4,0,68,-7,3.04
fold2_room1_mix1001,81,4,0,176,-5,6.42
fold2_room1_mix1001,81,4,0,77,-9,2.91
fold2_room1_mix1001,82,4,0,177,-4,7.27
fold2_room1_mix1001,82,4,0,88,-9,2.74
fold2_room1_mix1001,83,4,0,178,-3,7.97
fold2_room1_mix1001,83,4,0,101,-10,2.77
fold2_room1_mix1001,84,4,0,178,-2,9.62
fold2_room1_mix1001,84,4,0,113,-8,2.93
fold2_room1_mix1001,85,4,0,175,-1,11.54
fold2_room1_mix1001,85,4,0,125,-7,3.26
fold2_room1_mix1001,86,4,0,175,-1,12.42
fold2_room1_mix1001,86,4,0,131,-7,3.39
fold2_room1_mix1001,87,4,0,173,-1,12.65
fold2_room1_mix1001,87,4,0,137,-6,3.80
fold2_room1_mix1001,88,4,0,172,0,15.17
fold2_room1_mix1001,88,4,0,144,-5,4.43
fold2_room1_mix1001,89,4,0,171,0,15.49
fold2_room1_mix1001,89,4,0,144,-6,4.51
fold2_room1_mix1001,90,4,0,173,0,17.14
fold2_room1_mix1001,90,4,0,150,-5,5.01
fold2_room1_mix1001,91,4,0,174,0,17.77
fold2_room1_mix1001,91,4,0,151,-5,5.37
fold2_room1_mix1001,92,4,0,174,0,17.79
fold2_room1_mix1001,92,4,0,154,-5,5.45
fold2_room1_mix1001,93,4,0,175,0,19.59
fold2_room1_mix1001,93,4,0,158,-4,6.01
fold2_room1_mix1001,94,4,0,171,-1,16.97
fold2_room1_mix1001,95,4,0,171,-1,17.41
fold2_room1_mix1001,96,4,0,171,-1,19.31
fold2_room1_mix1001,97,4,0,172,-1,20.64
fold2_room1_mix1001,98,4,0,171,-1,20.74
fold2_room1_mix1001,99,4,0,172,-1,20.45
fold2_room1_mix1001,1,4,0,0,0,2.43
fold2_room1_mix1001,2,4,0,-3,1,0.98
fold2_room1_mix1001,3,4,0,-3,2,1.72
fold2_room1_mix1002,38,2,0,-91,-3,5.10
fold2_room1_mix1002,39,2,0,-87,-3,7.60
fold2_room1_mix1002,40,2,0,-86,-3,7.02
fold2_room1_mix1002,41,2,0,-86,-2,8.84
fold2_room1_mix1002,42,2,0,-87,-3,7.30
fold2_room1_mix1002,43,4,0,156,0,7.56
fold2_room1_mix1002,44,4,0,157,-1,9.88
fold2_room1_mix1002,45,4,0,158,-1,13.20
fold2_room1_mix1002,46,4,0,156,-1,17.46
fold2_room1_mix1002,47,4,0,154,-1,18.75
fold2_room1_mix1002,48,2,0,-77,-3,9.24
fold2_room1_mix1002,48,4,0,156,-1,17.79
fold2_room1_mix1002,49,2,0,-79,-2,9.85
fold2_room1_mix1002,49,4,0,155,-1,18.72
fold2_room1_mix1002,50,2,0,-72,-3,8.08
fold2_room1_mix1002,50,4,0,170,0,18.37
fold2_room1_mix1002,50,4,0,146,-1,16.06
fold2_room1_mix1002,51,2,0,-69,-3,9.08
fold2_room1_mix1002,51,4,0,172,-1,18.14
fold2_room1_mix1002,51,4,0,145,-1,16.37
fold2_room1_mix1002,52,2,0,-78,-2,1.92
fold2_room1_mix1002,52,4,0,178,-1,17.46
fold2_room1_mix1002,52,4,0,155,-1,16.43
fold2_room1_mix1002,52,4,0,134,-1,16.72
fold2_room1_mix1002,53,4,0,-178,-1,17.11
fold2_room1_mix1002,53,4,0,159,-2,15.67
fold2_room1_mix1002,53,4,0,133,-1,16.44
fold2_room1_mix1002,54,4,0,179,-2,15.07
fold2_room1_mix1002,54,4,0,162,-2,15.21
fold2_room1_mix1002,54,4,0,129,-1,17.08
fold2_room1_mix1002,55,4,0,173,-2,15.40
fold2_room1_mix1002,55,4,0,119,-1,17.77
fold2_room1_mix1002,56,4,0,174,-2,14.89
fold2_room1_mix1002,56,4,0,158,-1,15.78
fold2_room1_mix1002,56,4,0,126,-1,17.96
fold2_room1_mix1002,57,2,0,-86,-3,5.13
fold2_room1_mix1002,57,4,0,172,-2,13.59
fold2_room1_mix1002,57,4,0,106,-2,16.28
fold2_room1_mix1002,58,2,0,-95,-3,8.52
fold2_room1_mix1002,58,4,0,168,-2,13.14
fold2_room1_mix1002,58,4,0,105,-2,14.64
fold2_room1_mix1002,59,2,0,-96,-2,7.75
fold2_room1_mix1002,59,4,0,166,-2,12.81
fold2_room1_mix1002,59,4,0,106,-2,14.83
fold2_room1_mix1002,60,4,0,167,-3,11.43
fold2_room1_mix1002,60,4,0,98,-2,15.33
fold2_room1_mix1002,61,4,0,166,-3,10.23
fold2_room1_mix1002,61,4,0,97,-2,13.76
fold2_room1_mix1002,62,4,0,166,-3,9.30
fold2_room1_mix1002,62,4,0,96,-2,13.83
fold2_room1_mix1002,63,4,0,163,-4,7.98
fold2_room1_mix1002,63,4,0,100,-1,13.45
fold2_room1_mix1002,64,4,0,159,-5,6.14
fold2_room1_mix1002,64,4,0,95,-1,12.67
fold2_room1_mix1002,65,4,0,156,-7,5.95
fold2_room1_mix1002,65,4,0,96,-1,13.96
fold2_room1_mix1002,66,4,0,146,-7,5.16
fold2_room1_mix1002,66,4,0,85,-1,13.21
fold2_room1_mix1002,67,4,0,135,-9,4.45
fold2_room1_mix1002,67,4,0,86,-1,13.66
fold2_room1_mix1002,68,4,0,119,-8,4.34
fold2_room1_mix1002,68,4,0,83,0,14.98
fold2_room1_mix1002,69,4,0,103,-9,4.29
fold2_room1_mix1002,69,4,0,76,-1,13.97
fold2_room1_mix1002,70,4,0,86,-8,4.21
fold2_room1_mix1002,70,4,0,65,0,14.27
fold2_room1_mix1002,71,4,0,72,-6,6.21
fold2_room1_mix1002,72,4,0,62,-5,6.37
fold2_room1_mix1002,73,4,0,52,-3,7.09
fold2_room1_mix1002,74,4,0,55,-1,8.95
fold2_room1_mix1002,74,4,0,36,-4,6.19
fold2_room1_mix1002,75,4,0,37,-3,7.77
fold2_room1_mix1002,76,4,0,35,-2,8.40
fold2_room1_mix1002,77,4,0,45,0,13.12
fold2_room1_mix1002,77,4,0,27,-3,7.40
fold2_room1_mix1002,78,4,0,28,-2,10.17
fold2_room1_mix1002,79,4,0,27,-2,10.89
fold2_room1_mix1002,80,4,0,25,-2,11.67
fold2_room1_mix1002,81,4,0,24,-2,12.59
fold2_room1_mix1002,82,4,0,23,-1,13.73
fold2_room1_mix1002,83,4,0,23,-1,14.71
fold2_room1_mix1002,84,4,0,21,-1,15.22
fold2_room1_mix1002,85,4,0,17,-1,16.16
fold2_room1_mix1002,86,4,0,16,-1,16.63
fold2_room1_mix1002,87,4,0,15,-1,16.47
fold2_room1_mix1002,88,4,0,13,-1,17.69
fold2_room1_mix1002,89,4,0,15,-1,17.91
fold2_room1_mix1002,90,4,0,13,-1,16.03
fold2_room1_mix1002,91,4,0,14,-1,17.28
fold2_room1_mix1002,92,4,0,13,-1,18.47
fold2_room1_mix1002,93,4,0,13,-1,6.96
fold2_room1_mix1002,94,4,0,15,-1,11.76
fold2_room1_mix1002,95,4,0,14,0,7.03
fold2_room1_mix1003,1,4,0,177,0,1.06
fold2_room1_mix1003,1,4,0,2,0,1.18
fold2_room1_mix1003,2,4,0,179,1,1.64
fold2_room1_mix1003,2,4,0,2,0,1.71
fold2_room1_mix1003,3,4,0,177,1,5.60
fold2_room1_mix1003,3,4,0,2,1,5.54
fold2_room1_mix1003,4,4,0,178,0,13.53
fold2_room1_mix1003,4,4,0,3,0,15.60
fold2_room1_mix1003,5,4,0,179,0,15.84
fold2_room1_mix1003,5,4,0,4,0,17.09
fold2_room1_mix1003,6,4,0,178,0,16.39
fold2_room1_mix1003,6,4,0,4,0,18.50
fold2_room1_mix1003,7,4,0,177,-1,25.38
fold2_room1_mix1003,7,4,0,5,-1,29.00
fold2_room1_mix1003,8,4,0,178,-1,25.53
fold2_room1_mix1003,8,4,0,5,-1,29.16
fold2_room1_mix1003,9,4,0,177,-1,24.65
fold2_room1_mix1003,9,4,0,7,-1,28.54
fold2_room1_mix1003,10,4,0,176,-1,25.50
fold2_room1_mix1003,10,4,0,6,-1,28.93
fold2_room1_mix1003,11,4,0,176,-1,26.30
fold2_room1_mix1003,11,4,0,6,-1,29.99
fold2_room1_mix1003,12,4,0,177,-1,26.09
fold2_room1_mix1003,12,4,0,8,-1,28.87
fold2_room1_mix1003,13,4,0,177,-1,27.03
fold2_room1_mix1003,13,4,0,8,-1,27.82
fold2_room1_mix1003,14,4,0,177,-1,23.56
fold2_room1_mix1003,14,4,0,8,-2,26.78
fold2_room1_mix1003,15,2,0,86,-3,7.55
fold2_room1_mix1003,15,4,0,177,-1,23.80
fold2_room1_mix1003,15,4,0,9,-1,26.09
fold2_room1_mix1003,16,4,0,177,-1,22.07
fold2_room1_mix1003,16,4,0,8,-1,26.69
fold2_room1_mix1003,17,4,0,178,-2,22.70
fold2_room1_mix1003,17,4,0,7,-2,25.00
fold2_room1_mix1003,18,4,0,176,-2,19.63
fold2_room1_mix1003,18,4,0,8,-1,25.30
fold2_room1_mix1003,19,4,0,177,-2,22.01
fold2_room1_mix1003,19,4,0,8,-1,25.46
fold2_room1_mix1003,20,4,0,177,-2,22.45
fold2_room1_mix1003,20,4,0,8,-2,26.15
fold2_room1_mix1003,21,4,0,177,-1,21.74
fold2_room1_mix1003,21,4,0,11,-1,26.20
fold2_room1_mix1003,22,2,0,72,-4,2.49
fold2_room1_mix1003,22,4,0,176,-1,20.63
fold2_room1_mix1003,22,4,0,11,0,27.57
fold2_room1_mix1003,23,2,0,94,-4,5.95
fold2_room1_mix1003,23,4,0,177,-1,19.05
fold2_room1_mix1003,23,4,0,9,0,25.44
fold2_room1_mix1003,24,2,0,78,-4,6.17
fold2_room1_mix1003,24,4,0,178,-1,19.72
fold2_room1_mix1003,24,4,0,11,0,25.46
fold2_room1_mix1003,25,2,0,101,-4,6.10
fold2_room1_mix1003,25,4,0,179,-2,18.65
fold2_room1_mix1003,25,4,0,9,0,25.79
fold2_room1_mix1003,26,2,0,88,-3,5.31
fold2_room1_mix1003,26,4,0,178,-2,17.54
fold2_room1_mix1003,26,4,0,10,-1,23.45
fold2_room1_mix1003,27,4,0,177,-2,16.24
fold2_room1_mix1003,27,4,0,10,-2,20.96
fold2_room1_mix1003,28,4,0,178,-2,17.51
fold2_room1_mix1003,28,4,0,7,-1,23.92
fold2_room1_mix1003,29,4,0,176,-2,16.75
fold2_room1_mix1003,29,4,0,10,-2,20.60
fold2_room1_mix1003,30,4,0,177,-2,17.19
fold2_room1_mix1003,30,4,0,9,-2,23.01
fold2_room1_mix1003,31,2,0,110,-3,8.71
fold2_room1_mix1003,31,4,0,178,-1,16.96
fold2_room1_mix1003,31,4,0,10,-2,19.31
fold2_room1_mix1003,32,2,0,116,-3,9.57
fold2_room1_mix1003,32,4,0,174,-2,18.64
fold2_room1_mix1003,32,4,0,9,-2,22.11
fold2_room1_mix1003,33,2,0,118,-3,9.32
fold2_room1_mix1003,33,4,0,177,-1,18.46
fold2_room1_mix1003,33,4,0,9,-1,21.07
fold2_room1_mix1003,34,2,0,120,-4,8.59
fold2_room1_mix1003,34,4,0,178,-1,16.84
fold2_room1_mix1003,34,4,0,12,-2,17.73
fold2_room1_mix1003,35,2,0,110,-4,9.29
fold2_room1_mix1003,35,4,0,177,-2,13.95
fold2_room1_mix1003,35,4,0,9,-2,16.87
fold2_room1_mix1003,36,2,0,114,-4,8.41
fold2_room1_mix1003,36,4,0,172,-1,15.62
fold2_room1_mix1003,36,4,0,12,-2,16.90
fold2_room1_mix1003,37,4,0,170,-4,14.20
fold2_room1_mix1003,37,4,0,14,-3,18.63
fold2_room1_mix1003,38,4,0,173,-4,12.79
fold2_room1_mix1003,38,4,0,13,-2,17.94
fold2_room1_mix1003,39,4,0,171,-3,12.68
fold2_room1_mix1003,39,4,0,14,-2,17.01
fold2_room1_mix1003,40,4,0,169,-4,11.51
fold2_room1_mix1003,40,4,0,16,-3,16.66
fold2_room1_mix1003,41,2,0,112,-3,9.06
fold2_room1_mix1003,41,4,0,173,-3,11.99
fold2_room1_mix1003,41,4,0,15,-3,14.51
fold2_room1_mix1003,42,2,0,107,-4,10.24
fold2_room1_mix1003,42,4,0,174,-4,11.12
fold2_room1_mix1003,42,4,0,16,-2,15.95
fold2_room1_mix1003,43,2,0,105,-4,9.47
fold2_room1_mix1003,43,4,0,172,-4,10.27
fold2_room1_mix1003,43,4,0,15,-2,15.12
fold2_room1_mix1003,44,2,0,101,-4,9.61
fold2_room1_mix1003,44,4,0,179,-4,10.54
fold2_room1_mix1003,44,4,0,162,-6,9.49
fold2_room1_mix1003,44,4,0,15,-2,15.02
fold2_room1_mix1003,45,2,0,99,-4,10.99
fold2_room1_mix1003,45,4,0,178,-5,10.01
fold2_room1_mix1003,45,4,0,162,-6,9.82
fold2_room1_mix1003,45,4,0,13,-2,14.72
fold2_room1_mix1003,46,2,0,98,-5,10.17
fold2_room1_mix1003,46,4,0,175,-5,8.63
fold2_room1_mix1003,46,4,0,158,-5,9.13
fold2_room1_mix1003,46,4,0,17,-2,13.22
fold2_room1_mix1003,47,4,0,168,-7,7.62
fold2_room1_mix1003,47,4,0,17,-2,13.20
fold2_room1_mix1003,48,4,0,172,-6,7.30
fold2_room1_mix1003,48,4,0,156,-7,7.44
fold2_room1_mix1003,48,4,0,17,-3,11.49
fold2_room1_mix1003,49,4,0,163,-8,6.83
fold2_room1_mix1003,49,4,0,21,-3,11.97
fold2_room1_mix1003,50,4,0,168,-6,6.78
fold2_room1_mix1003,50,4,0,151,-9,6.87
fold2_room1_mix1003,50,4,0,22,-3,11.73
fold2_room1_mix1003,51,2,0,85,-3,10.04
fold2_room1_mix1003,51,4,0,163,-9,5.62
fold2_room1_mix1003,51,4,0,20,-4,9.86
fold2_room1_mix1003,52,2,0,96,-4,10.70
fold2_room1_mix1003,52,4,0,169,-7,6.96
fold2_room1_mix1003,52,4,0,152,-13,4.11
fold2_room1_mix1003,52,4,0,16,-4,9.80
fold2_room1_mix1003,53,2,0,88,-4,11.36
fold2_room1_mix1003,53,4,0,163,-8,6.22
fold2_room1_mix1003,53,4,0,143,-15,3.86
fold2_room1_mix1003,53,4,0,21,-6,8.19
fold2_room1_mix1003,54,2,0,98,-4,10.47
fold2_room1_mix1003,54,4,0,163,-9,6.05
fold2_room1_mix1003,54,4,0,122,-19,3.36
fold2_room1_mix1003,54,4,0,16,-6,8.76
fold2_room1_mix1003,55,2,0,90,-4,11.34
fold2_room1_mix1003,55,4,0,158,-11,6.25
fold2_room1_mix1003,55,4,0,97,-23,2.67
fold2_room1_mix1003,55,4,0,24,-8,7.87
fold2_room1_mix1003,56,2,0,90,-4,9.82
fold2_room1_mix1003,56,4,0,141,-14,5.62
fold2_room1_mix1003,56,4,0,68,-20,2.48
fold2_room1_mix1003,56,4,0,17,-9,6.20
fold2_room1_mix1003,57,4,0,131,-10,7.62
fold2_room1_mix1003,57,4,0,46,-16,2.62
fold2_room1_mix1003,57,4,0,20,-8,5.89
fold2_room1_mix1003,58,4,0,158,-6,9.78
fold2_room1_mix1003,58,4,0,33,-16,2.93
fold2_room1_mix1003,58,4,0,15,-10,5.09
fold2_room1_mix1003,59,4,0,156,-6,9.17
fold2_room1_mix1003,59,4,0,20,-10,4.40
fold2_room1_mix1003,60,4,0,158,-5,9.68
fold2_room1_mix1003,60,4,0,18,-8,5.11
fold2_room1_mix1003,61,4,0,157,-5,10.40
fold2_room1_mix1003,61,4,0,21,-9,4.82
fold2_room1_mix1003,62,2,0,91,-3,11.18
fold2_room1_mix1003,62,4,0,154,-4,9.71
fold2_room1_mix1003,62,4,0,19,-7,5.03
fold2_room1_mix1003,63,2,0,89,-4,10.67
fold2_room1_mix1003,63,4,0,163,-3,11.06
fold2_room1_mix1003,63,4,0,21,-7,4.93
fold2_room1_mix1003,64,2,0,87,-4,9.47
fold2_room1_mix1003,64,4,0,163,-4,9.79
fold2_room1_mix1003,64,4,0,18,-7,4.87
fold2_room1_mix1003,65,2,0,88,-3,11.85
fold2_room1_mix1003,65,4,0,164,-4,9.30
fold2_room1_mix1003,65,4,0,19,-7,5.23
fold2_room1_mix1003,66,2,0,90,-3,8.26
fold2_room1_mix1003,66,4,0,164,-5,8.77
fold2_room1_mix1003,66,4,0,24,-9,4.51
fold2_room1_mix1003,67,4,0,164,-4,9.91
fold2_room1_mix1003,67,4,0,27,-8,4.84
fold2_room1_mix1003,68,4,0,162,-4,9.41
fold2_room1_mix1003,68,4,0,24,-7,5.48
fold2_room1_mix1003,69,4,0,159,-5,8.19
fold2_room1_mix1003,69,4,0,38,-11,3.86
fold2_room1_mix1003,69,4,0,21,-7,6.20
fold2_room1_mix1003,70,4,0,157,-5,7.41
fold2_room1_mix1003,70,4,0,41,-11,3.75
fold2_room1_mix1003,70,4,0,23,-7,5.63
fold2_room1_mix1003,71,2,0,81,-3,8.97
fold2_room1_mix1003,71,4,0,169,-6,7.25
fold2_room1_mix1003,71,4,0,47,-11,3.92
fold2_room1_mix1003,71,4,0,29,-7,6.07
fold2_room1_mix1003,72,2,0,93,-3,9.20
fold2_room1_mix1003,72,4,0,166,-6,6.93
fold2_room1_mix1003,72,4,0,51,-13,3.66
fold2_room1_mix1003,72,4,0,30,-7,6.14
fold2_room1_mix1003,73,2,0,82,-3,9.66
fold2_room1_mix1003,73,4,0,165,-8,5.35
fold2_room1_mix1003,73,4,0,77,-17,3.62
fold2_room1_mix1003,73,4,0,33,-7,6.15
fold2_room1_mix1003,74,2,0,88,-3,10.25
fold2_room1_mix1003,74,4,0,164,-10,4.82
fold2_room1_mix1003,74,4,0,84,-17,3.45
fold2_room1_mix1003,74,4,0,38,-8,5.23
fold2_room1_mix1003,75,2,0,95,-4,10.32
fold2_room1_mix1003,75,4,0,166,-9,4.54
fold2_room1_mix1003,75,4,0,105,-15,3.56
fold2_room1_mix1003,75,4,0,54,-9,4.57
fold2_room1_mix1003,76,2,0,92,-2,2.64
fold2_room1_mix1003,76,4,0,164,-10,4.64
fold2_room1_mix1003,76,4,0,129,-14,3.04
fold2_room1_mix1003,76,4,0,36,-8,7.05
fold2_room1_mix1003,77,4,0,160,-12,4.19
fold2_room1_mix1003,77,4,0,137,-14,2.76
fold2_room1_mix1003,77,4,0,36,-8,8.25
fold2_room1_mix1003,78,4,0,152,-13,3.41
fold2_room1_mix1003,78,4,0,135,-12,2.97
fold2_room1_mix1003,78,4,0,42,-9,7.42
fold2_room1_mix1003,79,4,0,153,-10,5.61
fold2_room1_mix1003,79,4,0,137,-14,2.43
fold2_room1_mix1003,79,4,0,88,-14,5.84
fold2_room1_mix1003,80,4,0,142,-13,4.05
fold2_room1_mix1003,80,4,0,117,-19,1.85
fold2_room1_mix1003,80,4,0,56,-13,6.04
fold2_room1_mix1003,81,4,0,139,-10,6.23
fold2_room1_mix1003,81,4,0,79,-20,1.43
fold2_room1_mix1003,81,4,0,41,-11,4.79
fold2_room1_mix1003,82,4,0,145,-8,6.67
fold2_room1_mix1003,82,4,0,53,-16,1.63
fold2_room1_mix1003,82,4,0,31,-9,4.69
fold2_room1_mix1003,83,2,0,89,-3,4.14
fold2_room1_mix1003,83,4,0,150,-6,7.47
fold2_room1_mix1003,83,4,0,42,-11,2.58
fold2_room1_mix1003,83,4,0,26,-7,6.31
fold2_room1_mix1003,84,4,0,153,-5,9.49
fold2_room1_mix1003,84,4,0,26,-8,5.18
fold2_room1_mix1003,85,4,0,152,-6,9.57
fold2_room1_mix1003,85,4,0,26,-10,4.41
fold2_room1_mix1003,86,4,0,152,-5,9.29
fold2_room1_mix1003,86,4,0,19,-7,5.79
fold2_room1_mix1003,87,4,0,155,-3,11.62
fold2_room1_mix1003,87,4,0,20,-7,5.80
fold2_room1_mix1003,88,4,0,153,-5,8.96
fold2_room1_mix1003,88,4,0,17,-6,6.71
fold2_room1_mix1003,89,4,0,152,-5,8.80
fold2_room1_mix1003,89,4,0,17,-7,6.76
fold2_room1_mix1003,90,4,0,153,-5,7.56
fold2_room1_mix1003,90,4,0,15,-6,6.99
fold2_room1_mix1003,91,4,0,154,-5,7.68
fold2_room1_mix1003,91,4,0,14,-6,7.21
fold2_room1_mix1003,92,4,0,152,-5,8.63
fold2_room1_mix1003,92,4,0,15,-5,7.59
fold2_room1_mix1003,93,4,0,153,-5,8.55
fold2_room1_mix1003,93,4,0,13,-5,8.17
fold2_room1_mix1003,94,2,0,81,-4,3.79
fold2_room1_mix1003,94,4,0,154,-5,8.96
fold2_room1_mix1003,94,4,0,11,-5,9.77
fold2_room1_mix1003,95,4,0,155,-4,9.60
fold2_room1_mix1003,95,4,0,12,-5,9.70
fold2_room1_mix1003,96,4,0,158,-4,10.13
fold2_room1_mix1003,96,4,0,9,-3,13.41
fold2_room1_mix1003,97,4,0,158,-4,10.96
fold2_room1_mix1003,97,4,0,10,-4,12.71
fold2_room1_mix1003,98,4,0,158,-4,10.84
fold2_room1_mix1003,98,4,0,10,-4,12.07
fold2_room1_mix1003,99,4,0,160,-3,10.78
fold2_room1_mix1003,99,4,0,9,-3,13.40
fold2_room1_mix1004,0,5,0,-94,3,6.20
fold2_room1_mix1004,1,5,0,-100,2,11.63
fold2_room1_mix1004,2,5,0,-95,3,11.55
fold2_room1_mix1004,3,5,0,-92,4,12.69
fold2_room1_mix1004,5,5,0,-86,3,17.26
fold2_room1_mix1004,6,5,0,-92,3,17.69
fold2_room1_mix1004,7,5,0,-86,2,13.29
fold2_room1_mix1004,8,5,0,-88,3,13.31
fold2_room1_mix1004,9,5,0,-84,3,16.50
fold2_room1_mix1004,10,5,0,-89,3,15.17
fold2_room1_mix1004,11,5,0,-86,3,14.56
fold2_room1_mix1004,12,5,0,-86,4,13.54
fold2_room1_mix1004,13,5,0,-86,2,15.48
fold2_room1_mix1004,14,5,0,-93,3,14.52
fold2_room1_mix1004,15,5,0,-87,4,13.09
fold2_room1_mix1004,16,5,0,-90,3,13.77
fold2_room1_mix1004,17,5,0,-88,3,14.51
fold2_room1_mix1004,18,5,0,-86,4,14.49
fold2_room1_mix1004,19,5,0,-88,3,14.67
fold2_room1_mix1004,20,5,0,-91,3,13.87
fold2_room1_mix1004,21,5,0,-87,4,13.98
fold2_room1_mix1004,22,5,0,-91,3,15.05
fold2_room1_mix1004,23,5,0,-91,4,12.62
fold2_room1_mix1004,24,5,0,-86,3,13.95
fold2_room1_mix1004,25,5,0,-86,3,14.02
fold2_room1_mix1004,26,5,0,-88,4,14.03
fold2_room1_mix1004,27,5,0,-90,4,14.31
fold2_room1_mix1004,28,5,0,-91,4,13.56
fold2_room1_mix1004,29,5,0,-87,3,14.58
fold2_room1_mix1004,30,5,0,-89,3,14.80
fold2_room1_mix1004,31,5,0,-90,3,14.78
fold2_room1_mix1004,32,5,0,-87,3,15.47
fold2_room1_mix1004,33,5,0,-89,3,14.58
fold2_room1_mix1004,34,5,0,-88,4,14.16
fold2_room1_mix1004,35,5,0,-90,3,14.19
fold2_room1_mix1004,36,5,0,-91,4,14.44
fold2_room1_mix1004,37,5,0,-90,3,14.33
fold2_room1_mix1004,38,5,0,-92,3,15.49
fold2_room1_mix1004,39,5,0,-88,4,14.86
fold2_room1_mix1004,40,5,0,-92,3,15.59
fold2_room1_mix1004,41,5,0,-91,4,14.79
fold2_room1_mix1004,42,5,0,-90,3,14.23
fold2_room1_mix1004,43,5,0,-91,3,15.68
fold2_room1_mix1004,44,5,0,-92,3,14.68
fold2_room1_mix1004,45,5,0,-86,3,14.82
fold2_room1_mix1004,46,5,0,-90,3,15.82
fold2_room1_mix1004,47,5,0,-92,3,14.47
fold2_room1_mix1004,48,5,0,-89,4,13.43
fold2_room1_mix1004,49,5,0,-89,3,15.33
fold2_room1_mix1004,50,5,0,-93,3,14.66
fold2_room1_mix1004,51,5,0,-89,3,16.22
fold2_room1_mix1004,52,5,0,-90,3,15.36
fold2_room1_mix1004,53,5,0,-91,4,13.56
fold2_room1_mix1004,54,4,0,-47,-3,7.79
fold2_room1_mix1004,54,4,0,-30,-2,8.26
fold2_room1_mix1004,54,5,0,-91,4,14.56
fold2_room1_mix1004,55,4,0,-32,-1,10.78
fold2_room1_mix1004,55,4,0,-16,-1,11.23
fold2_room1_mix1004,55,5,0,-90,4,14.48
fold2_room1_mix1004,56,4,0,-41,-2,13.33
fold2_room1_mix1004,56,4,0,-22,-1,14.49
fold2_room1_mix1004,56,5,0,-92,4,14.54
fold2_room1_mix1004,57,4,0,-26,-1,12.08
fold2_room1_mix1004,57,4,0,-8,0,12.55
fold2_room1_mix1004,57,5,0,-94,3,15.84
fold2_room1_mix1004,58,4,0,-75,0,16.86
fold2_room1_mix1004,58,4,0,-37,-2,14.40
fold2_room1_mix1004,58,4,0,-2,-1,16.84
fold2_room1_mix1004,58,5,0,-93,4,15.06
fold2_room1_mix1004,59,4,0,-66,0,17.71
fold2_room1_mix1004,59,4,0,-50,-1,14.99
fold2_room1_mix1004,59,4,0,-12,0,17.11
fold2_room1_mix1004,59,5,0,-92,4,14.30
fold2_room1_mix1004,60,4,0,-54,0,17.37
fold2_room1_mix1004,60,4,0,-31,-1,14.86
fold2_room1_mix1004,60,4,0,-7,-1,16.01
fold2_room1_mix1004,60,5,0,-92,4,13.35
fold2_room1_mix1004,61,4,0,-111,0,18.49
fold2_room1_mix1004,61,4,0,-4,-1,14.72
fold2_room1_mix1004,61,5,0,-94,4,14.07
fold2_room1_mix1004,62,4,0,-69,0,17.56
fold2_room1_mix1004,62,4,0,0,-1,13.94
fold2_room1_mix1004,62,5,0,-94,4,15.49
fold2_room1_mix1004,63,4,0,0,-1,14.05
fold2_room1_mix1004,63,5,0,-96,4,14.78
fold2_room1_mix1004,64,4,0,-75,0,19.64
fold2_room1_mix1004,64,4,0,-23,-1,13.52
fold2_room1_mix1004,64,4,0,6,-2,14.74
fold2_room1_mix1004,64,5,0,-93,4,14.14
fold2_room1_mix1004,65,4,0,-95,0,19.19
fold2_room1_mix1004,65,4,0,-5,-2,14.18
fold2_room1_mix1004,65,5,0,-98,4,15.33
fold2_room1_mix1004,66,4,0,-132,0,17.43
fold2_room1_mix1004,66,4,0,4,-4,10.54
fold2_room1_mix1004,66,5,0,-95,4,14.18
fold2_room1_mix1004,67,4,0,-37,0,15.98
fold2_room1_mix1004,67,4,0,4,-3,10.80
fold2_room1_mix1004,67,5,0,-97,4,15.55
fold2_room1_mix1004,68,4,0,-117,0,17.69
fold2_room1_mix1004,68,4,0,10,-5,9.89
fold2_room1_mix1004,68,5,0,-94,4,14.45
fold2_room1_mix1004,69,4,0,-122,-1,15.53
fold2_room1_mix1004,69,4,0,9,-4,9.48
fold2_room1_mix1004,69,5,0,-96,4,15.28
fold2_room1_mix1004,70,4,0,-41,-2,12.16
fold2_room1_mix1004,70,4,0,6,-5,7.89
fold2_room1_mix1004,70,5,0,-96,3,17.03
fold2_room1_mix1004,71,4,0,-118,0,14.14
fold2_room1_mix1004,71,4,0,15,-5,7.10
fold2_room1_mix1004,71,5,0,-90,4,15.54
fold2_room1_mix1004,72,4,0,21,-5,7.02
fold2_room1_mix1004,72,5,0,-97,4,15.31
fold2_room1_mix1004,73,4,0,19,-5,6.43
fold2_room1_mix1004,73,5,0,-91,3,17.22
fold2_room1_mix1004,74,4,0,-26,-5,8.67
fold2_room1_mix1004,74,4,0,18,-6,5.19
fold2_room1_mix1004,74,5,0,-94,4,15.73
fold2_room1_mix1004,75,4,0,18,-7,5.02
fold2_room1_mix1004,75,5,0,-90,4,16.30
fold2_room1_mix1004,76,4,0,25,-12,3.93
fold2_room1_mix1004,76,5,0,-90,4,15.14
fold2_room1_mix1004,77,4,0,40,-15,3.16
fold2_room1_mix1004,77,5,0,-90,4,15.83
fold2_room1_mix1004,78,4,0,57,-12,2.61
fold2_room1_mix1004,78,5,0,-94,3,15.81
fold2_room1_mix1004,79,4,0,93,-14,2.14
fold2_room1_mix1004,79,4,0,71,-11,3.81
fold2_room1_mix1004,79,5,0,-95,4,14.84
fold2_room1_mix1004,80,4,0,120,-10,2.33
fold2_room1_mix1004,80,5,0,-86,4,15.20
fold2_room1_mix1004,81,4,0,135,-9,2.51
fold2_room1_mix1004,81,5,0,-89,4,16.46
fold2_room1_mix1004,82,4,0,146,-7,2.99
fold2_room1_mix1004,82,5,0,-102,4,16.76
fold2_room1_mix1004,83,4,0,155,-5,3.40
fold2_room1_mix1004,83,5,0,-103,3,17.80
fold2_room1_mix1004,84,4,0,161,-4,4.17
fold2_room1_mix1004,84,5,0,-97,4,14.77
fold2_room1_mix1004,85,4,0,161,-3,4.86
fold2_room1_mix1004,85,5,0,-98,4,15.08
fold2_room1_mix1004,86,4,0,163,-3,5.04
fold2_room1_mix1004,86,5,0,-93,4,16.99
fold2_room1_mix1004,87,4,0,167,-3,6.18
fold2_room1_mix1004,87,5,0,-97,4,13.35
fold2_room1_mix1004,88,4,0,170,-2,7.61
fold2_room1_mix1004,88,5,0,-95,4,15.09
fold2_room1_mix1004,89,4,0,172,-2,6.75
fold2_room1_mix1004,89,4,0,-168,-3,9.18
fold2_room1_mix1004,89,5,0,-100,4,15.59
fold2_room1_mix1004,90,4,0,171,-2,8.01
fold2_room1_mix1004,90,4,0,-135,-2,10.31
fold2_room1_mix1004,90,5,0,-93,4,13.33
fold2_room1_mix1004,91,4,0,172,-1,10.02
fold2_room1_mix1004,91,4,0,-138,-3,11.29
fold2_room1_mix1004,91,5,0,-100,4,14.59
fold2_room1_mix1004,92,4,0,171,-1,9.39
fold2_room1_mix1004,92,4,0,-162,-3,9.83
fold2_room1_mix1004,92,5,0,-95,4,14.48
fold2_room1_mix1004,93,4,0,169,-2,10.43
fold2_room1_mix1004,93,4,0,-138,-3,11.31
fold2_room1_mix1004,93,5,0,-99,4,14.86
fold2_room1_mix1004,94,4,0,170,-1,11.91
fold2_room1_mix1004,94,4,0,-143,-2,12.30
fold2_room1_mix1004,94,5,0,-97,4,15.09
fold2_room1_mix1004,95,4,0,171,-1,12.40
fold2_room1_mix1004,95,4,0,-138,-3,12.05
fold2_room1_mix1004,95,5,0,-96,4,13.85
fold2_room1_mix1004,96,4,0,173,-1,13.45
fold2_room1_mix1004,96,4,0,-119,-2,13.62
fold2_room1_mix1004,96,5,0,-95,4,14.42
fold2_room1_mix1004,97,4,0,172,-1,14.54
fold2_room1_mix1004,97,4,0,-105,-2,15.25
fold2_room1_mix1004,97,5,0,-100,4,13.95
fold2_room1_mix1004,98,4,0,172,-1,14.79
fold2_room1_mix1004,98,4,0,-91,-1,16.09
fold2_room1_mix1004,98,5,0,-95,4,13.60
fold2_room1_mix1004,99,4,0,172,0,14.94
fold2_room1_mix1004,99,4,0,-91,-1,15.23
fold2_room1_mix1004,99,5,0,-95,4,14.17
fold2_room1_mix1006,0,5,0,-168,5,2.17
fold2_room1_mix1006,1,5,0,-178,3,2.35
fold2_room1_mix1006,2,5,0,-166,4,6.77
fold2_room1_mix1006,3,5,0,-161,7,3.69
fold2_room1_mix1006,4,5,0,179,3,2.80
fold2_room1_mix1006,5,5,0,-177,5,8.61
fold2_room1_mix1006,6,5,0,-168,5,8.58
fold2_room1_mix1006,7,5,0,-172,5,8.36
fold2_room1_mix1006,8,5,0,-174,5,7.74
fold2_room1_mix1006,9,5,0,-172,4,9.48
fold2_room1_mix1006,10,5,0,-171,10,5.07
fold2_room1_mix1006,11,5,0,-172,5,8.39
fold2_room1_mix1006,12,5,0,-166,6,7.02
fold2_room1_mix1006,13,5,0,-176,9,5.50
fold2_room1_mix1006,14,5,0,-170,4,9.59
fold2_room1_mix1006,15,4,0,13,0,10.51
fold2_room1_mix1006,15,5,0,-171,5,8.90
fold2_room1_mix1006,16,4,0,2,0,16.76
fold2_room1_mix1006,16,5,0,-175,8,5.66
fold2_room1_mix1006,17,4,0,1,0,15.42
fold2_room1_mix1006,17,5,0,-173,5,8.37
fold2_room1_mix1006,18,4,0,8,-1,24.87
fold2_room1_mix1006,18,5,0,-170,6,6.71
fold2_room1_mix1006,19,4,0,2,-1,29.31
fold2_room1_mix1006,19,5,0,-173,7,7.00
fold2_room1_mix1006,20,4,0,4,-1,23.25
fold2_room1_mix1006,20,5,0,-166,4,8.48
fold2_room1_mix1006,21,4,0,5,-1,23.55
fold2_room1_mix1006,21,5,0,-175,5,7.60
fold2_room1_mix1006,22,4,0,6,-1,23.65
fold2_room1_mix1006,22,5,0,-170,5,8.81
fold2_room1_mix1006,23,4,0,3,-2,20.08
fold2_room1_mix1006,23,5,0,-173,5,8.90
fold2_room1_mix1006,24,4,0,4,-2,21.31
fold2_room1_mix1006,24,5,0,-174,5,7.97
fold2_room1_mix1006,25,4,0,2,-3,18.68
fold2_room1_mix1006,25,5,0,-173,4,8.82
fold2_room1_mix1006,26,4,0,4,-2,18.54
fold2_room1_mix1006,26,5,0,-175,7,6.23
fold2_room1_mix1006,27,4,0,2,-2,16.28
fold2_room1_mix1006,27,5,0,-171,4,9.33
fold2_room1_mix1006,28,4,0,1,-2,15.57
fold2_room1_mix1006,28,5,0,-168,4,9.09
fold2_room1_mix1006,29,4,0,3,-3,13.94
fold2_room1_mix1006,29,5,0,-176,5,7.23
fold2_room1_mix1006,30,4,0,1,-3,14.50
fold2_room1_mix1006,30,5,0,-171,4,9.85
fold2_room1_mix1006,31,4,0,2,-2,12.96
fold2_room1_mix1006,31,5,0,-168,4,9.96
fold2_room1_mix1006,32,4,0,3,-3,12.39
fold2_room1_mix1006,32,5,0,-175,5,7.52
fold2_room1_mix1006,33,4,0,2,-4,11.04
fold2_room1_mix1006,33,5,0,-170,4,9.42
fold2_room1_mix1006,34,4,0,3,-4,10.29
fold2_room1_mix1006,34,5,0,-174,4,8.67
fold2_room1_mix1006,35,4,0,5,-4,9.50
fold2_room1_mix1006,35,5,0,-174,4,8.24
fold2_room1_mix1006,36,4,0,6,-6,6.68
fold2_room1_mix1006,36,5,0,-165,3,10.52
fold2_room1_mix1006,37,4,0,7,-9,5.26
fold2_room1_mix1006,37,5,0,-171,3,9.81
fold2_room1_mix1006,38,4,0,8,-13,4.36
fold2_room1_mix1006,38,5,0,-172,3,9.09
fold2_room1_mix1006,39,4,0,18,-20,3.02
fold2_room1_mix1006,39,5,0,-169,3,9.49
fold2_room1_mix1006,40,4,0,53,-41,1.60
fold2_room1_mix1006,40,4,0,22,-27,5.25
fold2_room1_mix1006,40,5,0,-171,4,8.38
fold2_room1_mix1006,41,4,0,138,-39,1.44
fold2_room1_mix1006,41,4,0,68,-47,2.95
fold2_room1_mix1006,41,5,0,-169,4,9.19
fold2_room1_mix1006,42,4,0,152,-24,2.31
fold2_room1_mix1006,42,4,0,135,-36,4.21
fold2_room1_mix1006,42,5,0,-168,6,6.22
fold2_room1_mix1006,43,4,0,164,-18,3.25
fold2_room1_mix1006,43,5,0,-169,4,9.50
fold2_room1_mix1006,44,4,0,171,-9,3.99
fold2_room1_mix1006,44,5,0,-165,4,9.56
fold2_room1_mix1006,45,4,0,168,-9,4.27
fold2_room1_mix1006,45,5,0,-171,6,6.63
fold2_room1_mix1006,46,4,0,174,-7,5.81
fold2_room1_mix1006,46,4,0,-2,-7,15.66
fold2_room1_mix1006,46,5,0,-170,4,9.59
fold2_room1_mix1006,47,4,0,176,-5,7.26
fold2_room1_mix1006,47,4,0,2,-6,16.01
fold2_room1_mix1006,47,5,0,-169,4,9.99
fold2_room1_mix1006,48,4,0,174,-5,8.04
fold2_room1_mix1006,48,4,0,3,-2,22.21
fold2_room1_mix1006,48,5,0,-173,5,6.82
fold2_room1_mix1006,49,4,0,176,-4,9.08
fold2_room1_mix1006,49,4,0,0,-2,21.22
fold2_room1_mix1006,49,5,0,-170,4,9.99
fold2_room1_mix1006,50,4,0,177,-4,10.67
fold2_room1_mix1006,50,4,0,0,-2,22.82
fold2_room1_mix1006,50,5,0,-171,4,9.33
fold2_room1_mix1006,51,4,0,178,-2,12.80
fold2_room1_mix1006,51,4,0,1,-1,26.70
fold2_room1_mix1006,51,5,0,-174,5,7.70
fold2_room1_mix1006,52,4,0,-179,-2,13.98
fold2_room1_mix1006,52,4,0,0,-1,25.39
fold2_room1_mix1006,52,5,0,-168,4,10.49
fold2_room1_mix1006,53,4,0,179,-1,15.74
fold2_room1_mix1006,53,4,0,3,-1,19.86
fold2_room1_mix1006,53,5,0,-173,4,9.08
fold2_room1_mix1006,54,4,0,179,-2,16.18
fold2_room1_mix1006,54,4,0,2,0,25.46
fold2_room1_mix1006,54,5,0,-171,4,8.77
fold2_room1_mix1006,55,4,0,179,-1,17.94
fold2_room1_mix1006,55,4,0,0,-1,25.68
fold2_room1_mix1006,55,5,0,-168,4,10.16
fold2_room1_mix1006,56,4,0,179,-1,19.64
fold2_room1_mix1006,56,4,0,2,-1,24.15
fold2_room1_mix1006,56,5,0,-170,4,8.21
fold2_room1_mix1006,57,4,0,-178,0,18.71
fold2_room1_mix1006,57,4,0,3,-2,17.75
fold2_room1_mix1006,57,5,0,-172,4,9.85
fold2_room1_mix1006,58,4,0,-179,-1,17.55
fold2_room1_mix1006,58,4,0,4,-2,16.46
fold2_room1_mix1006,58,5,0,-171,6,6.63
fold2_room1_mix1006,59,4,0,-177,-1,19.11
fold2_room1_mix1006,59,4,0,3,-3,16.20
fold2_room1_mix1006,59,5,0,-169,4,8.37
fold2_room1_mix1006,60,4,0,-175,-2,15.89
fold2_room1_mix1006,60,4,0,4,-3,12.55
fold2_room1_mix1006,60,5,0,-167,4,9.06
fold2_room1_mix1006,61,4,0,-176,-2,16.60
fold2_room1_mix1006,61,4,0,5,-3,13.28
fold2_room1_mix1006,61,5,0,-172,6,5.90
fold2_room1_mix1006,62,4,0,-175,-2,16.23
fold2_room1_mix1006,62,4,0,4,-3,12.38
fold2_room1_mix1006,62,5,0,-170,4,8.30
fold2_room1_mix1006,63,4,0,-176,-2,16.49
fold2_room1_mix1006,63,4,0,7,-3,12.41
fold2_room1_mix1006,63,5,0,-168,4,8.14
fold2_room1_mix1006,64,4,0,-174,-2,18.01
fold2_room1_mix1006,64,4,0,6,-4,11.81
fold2_room1_mix1006,64,5,0,-173,6,5.71
fold2_room1_mix1006,65,4,0,-173,-3,15.53
fold2_room1_mix1006,65,4,0,5,-5,9.16
fold2_room1_mix1006,65,5,0,-170,4,8.80
fold2_room1_mix1006,66,4,0,6,-5,9.27
fold2_room1_mix1006,66,5,0,-171,4,9.04
fold2_room1_mix1006,67,4,0,-177,-4,15.37
fold2_room1_mix1006,67,4,0,8,-6,7.80
fold2_room1_mix1006,67,5,0,-171,5,6.73
fold2_room1_mix1006,68,4,0,11,-8,6.33
fold2_room1_mix1006,68,5,0,-170,4,9.04
fold2_room1_mix1006,69,4,0,15,-10,5.87
fold2_room1_mix1006,69,5,0,-175,4,7.74
fold2_room1_mix1006,70,4,0,21,-16,3.54
fold2_room1_mix1006,70,5,0,-173,5,7.63
fold2_room1_mix1006,71,4,0,140,-35,5.24
fold2_room1_mix1006,71,4,0,41,-29,2.49
fold2_room1_mix1006,71,5,0,-166,4,8.80
fold2_room1_mix1006,72,4,0,159,-23,4.80
fold2_room1_mix1006,72,4,0,110,-41,0.88
fold2_room1_mix1006,72,4,0,35,-21,5.71
fold2_room1_mix1006,72,5,0,-173,5,7.59
fold2_room1_mix1006,73,4,0,177,-8,13.02
fold2_room1_mix1006,73,4,0,145,-28,1.75
fold2_room1_mix1006,73,5,0,-170,5,8.69
fold2_room1_mix1006,74,4,0,178,-9,9.20
fold2_room1_mix1006,74,4,0,159,-17,3.08
fold2_room1_mix1006,74,5,0,-170,6,7.65
fold2_room1_mix1006,75,4,0,171,-10,6.58
fold2_room1_mix1006,75,5,0,-170,5,8.09
fold2_room1_mix1006,76,4,0,172,-8,5.84
fold2_room1_mix1006,76,5,0,-165,5,8.86
fold2_room1_mix1006,77,4,0,175,-5,7.97
fold2_room1_mix1006,77,5,0,-173,8,6.07
fold2_room1_mix1006,78,4,0,176,-4,8.56
fold2_room1_mix1006,78,5,0,-168,5,8.66
fold2_room1_mix1006,79,4,0,176,-4,8.76
fold2_room1_mix1006,79,5,0,-167,5,9.29
fold2_room1_mix1006,80,4,0,178,-2,9.53
fold2_room1_mix1006,80,5,0,-169,7,6.87
fold2_room1_mix1006,81,4,0,178,-3,10.69
fold2_room1_mix1006,81,5,0,-171,5,9.36
fold2_room1_mix1006,82,4,0,177,-3,11.78
fold2_room1_mix1006,82,5,0,-168,6,8.18
fold2_room1_mix1006,83,4,0,177,-1,13.44
fold2_room1_mix1006,83,5,0,-168,6,7.40
fold2_room1_mix1006,84,4,0,178,-2,13.63
fold2_room1_mix1006,84,5,0,-166,5,9.19
fold2_room1_mix1006,85,4,0,177,-1,14.75
fold2_room1_mix1006,85,5,0,-171,6,8.85
fold2_room1_mix1006,86,4,0,177,-1,14.88
fold2_room1_mix1006,86,5,0,-169,6,7.82
fold2_room1_mix1006,87,4,0,177,-1,15.37
fold2_room1_mix1006,87,5,0,-166,6,9.20
fold2_room1_mix1006,88,4,0,177,-1,17.09
fold2_room1_mix1006,88,5,0,-173,5,9.01
fold2_room1_mix1006,89,4,0,177,0,17.65
fold2_room1_mix1006,89,5,0,-172,6,8.57
fold2_room1_mix1006,90,4,0,177,0,18.84
fold2_room1_mix1006,90,5,0,-169,8,6.10
fold2_room1_mix1006,91,4,0,177,0,18.42
fold2_room1_mix1006,91,5,0,-172,6,9.25
fold2_room1_mix1006,92,4,0,176,-1,18.24
fold2_room1_mix1006,92,5,0,-171,6,8.83
fold2_room1_mix1006,93,4,0,177,0,20.03
fold2_room1_mix1006,93,5,0,-175,8,6.84
fold2_room1_mix1006,94,4,0,177,0,21.16
fold2_room1_mix1006,94,5,0,-172,6,8.46
fold2_room1_mix1006,95,4,0,176,0,21.96
fold2_room1_mix1006,95,5,0,-165,6,8.87
fold2_room1_mix1006,96,4,0,176,0,20.96
fold2_room1_mix1006,96,5,0,-172,7,7.84
fold2_room1_mix1006,97,4,0,176,0,18.30
fold2_room1_mix1006,97,5,0,-170,6,8.74
fold2_room1_mix1006,98,4,0,175,0,13.46
fold2_room1_mix1006,98,5,0,-172,5,10.84
fold2_room1_mix1006,99,4,0,175,0,8.75
fold2_room1_mix1006,99,5,0,-171,6,8.30
fold2_room1_mix1007,3,4,0,-167,0,3.40
fold2_room1_mix1007,4,4,0,-178,0,11.07
fold2_room1_mix1007,4,4,0,-147,0,11.90
fold2_room1_mix1007,5,4,0,-175,-1,11.13
fold2_room1_mix1007,5,4,0,-153,0,12.19
fold2_room1_mix1007,6,4,0,-168,-1,15.12
fold2_room1_mix1007,6,4,0,-148,0,14.89
fold2_room1_mix1007,7,4,0,-163,0,22.23
fold2_room1_mix1007,8,4,0,-176,0,24.04
fold2_room1_mix1007,8,4,0,-148,0,24.54
fold2_room1_mix1007,9,4,0,-178,-1,22.41
fold2_room1_mix1007,9,4,0,-146,0,25.67
fold2_room1_mix1007,10,4,0,-173,-1,21.66
fold2_room1_mix1007,10,4,0,-146,0,25.18
fold2_room1_mix1007,11,4,0,-175,-1,21.49
fold2_room1_mix1007,11,4,0,-142,0,23.26
fold2_room1_mix1007,12,4,0,-167,-1,21.15
fold2_room1_mix1007,12,4,0,-144,0,22.78
fold2_room1_mix1007,13,4,0,-175,-1,20.92
fold2_room1_mix1007,13,4,0,-143,0,23.26
fold2_room1_mix1007,14,4,0,-166,-1,21.77
fold2_room1_mix1007,14,4,0,-143,0,22.66
fold2_room1_mix1007,15,4,0,-179,-1,21.16
fold2_room1_mix1007,15,4,0,-137,-1,20.57
fold2_room1_mix1007,16,4,0,-169,-1,22.41
fold2_room1_mix1007,16,4,0,-142,-1,21.87
fold2_room1_mix1007,17,4,0,-173,-1,22.08
fold2_room1_mix1007,17,4,0,-138,0,21.87
fold2_room1_mix1007,18,4,0,-173,-1,21.19
fold2_room1_mix1007,18,4,0,-139,-1,19.73
fold2_room1_mix1007,19,4,0,-168,-1,23.10
fold2_room1_mix1007,19,4,0,-142,0,24.76
fold2_room1_mix1007,20,4,0,-177,-1,20.47
fold2_room1_mix1007,20,4,0,-134,-1,19.17
fold2_room1_mix1007,21,1,0,-156,-2,21.64
fold2_room1_mix1007,21,4,0,-176,-2,26.85
fold2_room1_mix1007,21,4,0,-160,0,26.08
fold2_room1_mix1007,21,4,0,-139,0,27.97
fold2_room1_mix1007,22,1,0,-158,-3,24.23
fold2_room1_mix1007,22,4,0,-167,-3,20.24
fold2_room1_mix1007,22,4,0,-145,0,21.97
fold2_room1_mix1007,23,1,0,-158,-2,32.37
fold2_room1_mix1007,23,4,0,-174,-3,21.82
fold2_room1_mix1007,23,4,0,-142,0,23.01
fold2_room1_mix1007,24,1,0,-158,-2,33.62
fold2_room1_mix1007,24,4,0,-167,-3,18.36
fold2_room1_mix1007,24,4,0,-146,0,21.31
fold2_room1_mix1007,25,1,0,-155,-2,9.83
fold2_room1_mix1007,25,4,0,-171,-1,19.94
fold2_room1_mix1007,25,4,0,-132,0,22.94
fold2_room1_mix1007,26,1,0,-152,-2,24.59
fold2_room1_mix1007,26,4,0,-177,-4,24.14
fold2_room1_mix1007,26,4,0,-140,-1,26.84
fold2_room1_mix1007,27,1,0,-154,-2,25.83
fold2_room1_mix1007,27,4,0,-179,-4,22.20
fold2_room1_mix1007,27,4,0,-145,0,25.52
fold2_room1_mix1007,28,1,0,-156,-2,26.13
fold2_room1_mix1007,28,4,0,-175,-4,20.48
fold2_room1_mix1007,28,4,0,-141,-1,24.11
fold2_room1_mix1007,29,1,0,-153,-2,29.97
fold2_room1_mix1007,29,4,0,-171,-2,23.75
fold2_room1_mix1007,29,4,0,-143,0,24.95
fold2_room1_mix1007,30,1,0,-155,-1,6.12
fold2_room1_mix1007,30,4,0,-175,-2,21.84
fold2_room1_mix1007,30,4,0,-160,0,23.31
fold2_room1_mix1007,30,4,0,-121,-1,22.50
fold2_room1_mix1007,31,1,0,-151,-2,23.14
fold2_room1_mix1007,31,4,0,-170,-3,27.42
fold2_room1_mix1007,31,4,0,-141,0,28.86
fold2_room1_mix1007,32,1,0,-148,-2,24.87
fold2_room1_mix1007,32,4,0,-171,-3,20.61
fold2_room1_mix1007,32,4,0,-142,0,23.99
fold2_room1_mix1007,33,1,0,-151,-2,23.87
fold2_room1_mix1007,33,4,0,-174,-4,23.14
fold2_room1_mix1007,33,4,0,-142,-1,25.11
fold2_room1_mix1007,34,1,0,-151,-2,25.36
fold2_room1_mix1007,34,4,0,-167,-2,25.55
fold2_room1_mix1007,34,4,0,-145,-1,25.05
fold2_room1_mix1007,35,1,0,-145,-2,3.68
fold2_room1_mix1007,35,4,0,-173,-2,18.69
fold2_room1_mix1007,35,4,0,-157,0,18.83
fold2_room1_mix1007,35,4,0,-130,-1,18.78
fold2_room1_mix1007,36,1,0,-146,-3,18.71
fold2_room1_mix1007,36,4,0,-172,-3,26.28
fold2_room1_mix1007,36,4,0,-143,-1,27.41
fold2_room1_mix1007,37,1,0,-141,-3,19.12
fold2_room1_mix1007,37,4,0,-177,-3,25.31
fold2_room1_mix1007,37,4,0,-148,0,27.92
fold2_room1_mix1007,38,1,0,-139,-3,17.15
fold2_room1_mix1007,38,4,0,-167,-3,24.24
fold2_room1_mix1007,38,4,0,-141,-1,23.60
fold2_room1_mix1007,39,1,0,-138,-2,18.01
fold2_room1_mix1007,39,4,0,-153,-1,25.82
fold2_room1_mix1007,40,4,0,-169,-1,18.18
fold2_room1_mix1007,40,4,0,-154,-1,16.54
fold2_room1_mix1007,40,4,0,-131,0,18.16
fold2_room1_mix1007,41,1,0,-129,-3,13.37
fold2_room1_mix1007,41,4,0,-173,-3,22.65
fold2_room1_mix1007,41,4,0,-148,-1,24.01
fold2_room1_mix1007,42,1,0,-121,-4,12.02
fold2_room1_mix1007,42,4,0,-162,-2,23.58
fold2_room1_mix1007,43,1,0,-117,-4,11.50
fold2_room1_mix1007,43,4,0,-155,-3,21.05
fold2_room1_mix1007,44,1,0,-115,-4,13.66
fold2_room1_mix1007,44,4,0,-158,-2,27.44
fold2_room1_mix1007,45,4,0,-166,-2,19.52
fold2_room1_mix1007,45,4,0,-111,-3,16.43
fold2_room1_mix1007,46,1,0,-97,-4,9.22
fold2_room1_mix1007,46,4,0,-177,-3,26.28
fold2_room1_mix1007,46,4,0,-157,-3,22.00
fold2_room1_mix1007,46,4,0,-142,-2,21.74
fold2_room1_mix1007,47,1,0,-90,-5,9.70
fold2_room1_mix1007,47,4,0,171,-1,22.99
fold2_room1_mix1007,47,4,0,-139,-2,14.14
fold2_room1_mix1007,47,4,0,-117,-4,10.81
fold2_room1_mix1007,48,1,0,-84,-5,9.72
fold2_room1_mix1007,48,4,0,-177,-3,18.78
fold2_room1_mix1007,48,4,0,-159,-3,15.44
fold2_room1_mix1007,48,4,0,-128,-3,14.46
fold2_room1_mix1007,49,1,0,-75,-4,10.41
fold2_room1_mix1007,49,4,0,-158,-2,21.62
fold2_room1_mix1007,50,4,0,177,-1,17.08
fold2_room1_mix1007,50,4,0,-145,-1,12.87
fold2_room1_mix1007,50,4,0,-113,-2,11.34
fold2_room1_mix1007,51,1,0,-61,-4,10.17
fold2_room1_mix1007,51,4,0,-161,-2,17.56
fold2_room1_mix1007,52,1,0,-51,-3,10.99
fold2_room1_mix1007,52,4,0,176,-2,15.05
fold2_room1_mix1007,52,4,0,-151,-4,10.25
fold2_room1_mix1007,52,4,0,-109,-1,13.03
fold2_room1_mix1007,53,1,0,-53,-4,11.35
fold2_room1_mix1007,53,4,0,179,-4,13.37
fold2_room1_mix1007,53,4,0,-151,-4,10.35
fold2_room1_mix1007,53,4,0,-135,-2,12.36
fold2_room1_mix1007,54,1,0,-45,-3,11.83
fold2_room1_mix1007,54,4,0,-156,-2,17.18
fold2_room1_mix1007,55,4,0,-166,-1,12.69
fold2_room1_mix1007,55,4,0,-146,-3,9.02
fold2_room1_mix1007,55,4,0,-108,-1,11.88
fold2_room1_mix1007,56,1,0,-61,-3,5.22
fold2_room1_mix1007,56,4,0,-167,-2,10.54
fold2_room1_mix1007,56,4,0,-145,-2,10.17
fold2_room1_mix1007,57,1,0,-37,-2,13.93
fold2_room1_mix1007,57,4,0,-175,-1,13.95
fold2_room1_mix1007,57,4,0,-135,-5,9.63
fold2_room1_mix1007,57,4,0,-87,-1,14.00
fold2_room1_mix1007,58,1,0,-38,-3,16.93
fold2_room1_mix1007,58,4,0,-176,-2,11.30
fold2_room1_mix1007,58,4,0,-137,-5,7.93
fold2_room1_mix1007,58,4,0,-86,-1,11.75
fold2_room1_mix1007,59,1,0,-37,-3,15.66
fold2_room1_mix1007,59,4,0,-162,0,10.81
fold2_room1_mix1007,59,4,0,-135,-1,11.46
fold2_room1_mix1007,60,4,0,-171,0,11.54
fold2_room1_mix1007,60,4,0,-116,-4,8.14
fold2_room1_mix1007,60,4,0,-98,-1,11.39
fold2_room1_mix1007,61,4,0,-161,-2,9.87
fold2_room1_mix1007,61,4,0,-110,-5,7.68
fold2_room1_mix1007,61,4,0,-66,-1,12.94
fold2_room1_mix1007,62,1,0,-31,-2,17.26
fold2_room1_mix1007,62,4,0,-162,-2,10.97
fold2_room1_mix1007,62,4,0,-113,-7,6.97
fold2_room1_mix1007,62,4,0,-85,-3,10.61
fold2_room1_mix1007,63,1,0,-29,-3,17.78
fold2_room1_mix1007,63,4,0,-169,-3,8.27
fold2_room1_mix1007,63,4,0,-90,-7,6.49
fold2_room1_mix1007,63,4,0,-54,-1,10.77
fold2_room1_mix1007,64,1,0,-30,-2,19.25
fold2_room1_mix1007,64,4,0,-165,-2,8.47
fold2_room1_mix1007,64,4,0,-106,-7,5.81
fold2_room1_mix1007,64,4,0,-42,0,13.46
fold2_room1_mix1007,65,1,0,-30,-2,16.16
fold2_room1_mix1007,65,4,0,-161,-2,10.34
fold2_room1_mix1007,65,4,0,-87,-8,6.81
fold2_room1_mix1007,65,4,0,-53,-1,11.77
fold2_room1_mix1007,66,4,0,-163,-2,8.00
fold2_room1_mix1007,66,4,0,-86,-4,7.41
fold2_room1_mix1007,66,4,0,-51,-1,12.02
fold2_room1_mix1007,67,1,0,-28,-2,18.46
fold2_room1_mix1007,67,4,0,-161,-4,6.37
fold2_room1_mix1007,67,4,0,-89,-8,5.56
fold2_room1_mix1007,67,4,0,-48,-1,10.68
fold2_room1_mix1007,68,1,0,-28,-3,20.15
fold2_room1_mix1007,68,4,0,-168,-4,5.93
fold2_room1_mix1007,68,4,0,-54,-7,5.86
fold2_room1_mix1007,68,4,0,-33,0,13.95
fold2_room1_mix1007,69,1,0,-30,-2,16.76
fold2_room1_mix1007,69,4,0,-159,-4,6.63
fold2_room1_mix1007,69,4,0,-31,-2,10.11
fold2_room1_mix1007,70,4,0,-158,-3,5.95
fold2_room1_mix1007,70,4,0,-129,-4,5.72
fold2_room1_mix1007,70,4,0,-70,0,10.95
fold2_room1_mix1007,71,4,0,-170,-4,6.88
fold2_room1_mix1007,71,4,0,-142,-6,5.73
fold2_room1_mix1007,71,4,0,-57,-1,11.49
fold2_room1_mix1007,72,4,0,-165,-5,5.86
fold2_room1_mix1007,72,4,0,-145,-6,5.51
fold2_room1_mix1007,72,4,0,-72,-1,11.74
fold2_room1_mix1007,73,4,0,-152,-7,4.27
fold2_room1_mix1007,73,4,0,-74,0,13.92
fold2_room1_mix1007,74,4,0,-152,-7,4.08
fold2_room1_mix1007,74,4,0,-86,-1,11.45
fold2_room1_mix1007,75,4,0,-144,-7,4.04
fold2_room1_mix1007,75,4,0,-99,-1,9.91
fold2_room1_mix1007,76,4,0,-146,-7,3.59
fold2_room1_mix1007,76,4,0,-117,-2,9.01
fold2_room1_mix1007,77,4,0,-144,-8,3.41
fold2_room1_mix1007,77,4,0,-100,0,10.89
fold2_room1_mix1007,78,4,0,-138,-7,2.98
fold2_room1_mix1007,78,4,0,-99,-3,8.23
fold2_room1_mix1007,79,4,0,-141,-8,3.06
fold2_room1_mix1007,79,4,0,-104,-1,9.40
fold2_room1_mix1007,80,4,0,-135,-8,2.96
fold2_room1_mix1007,80,4,0,-98,-2,8.28
fold2_room1_mix1007,81,4,0,-132,-9,2.67
fold2_room1_mix1007,81,4,0,-71,0,13.08
fold2_room1_mix1007,82,4,0,-126,-8,2.61
fold2_room1_mix1007,82,4,0,-99,-3,6.09
fold2_room1_mix1007,83,4,0,-118,-8,2.63
fold2_room1_mix1007,83,4,0,-91,-3,5.83
fold2_room1_mix1007,84,4,0,-104,-7,2.67
fold2_room1_mix1007,84,4,0,-83,-4,4.75
fold2_room1_mix1007,85,4,0,-87,-7,3.38
fold2_room1_mix1007,86,4,0,-78,-5,3.35
fold2_room1_mix1007,87,4,0,-63,-5,3.48
fold2_room1_mix1007,88,4,0,-53,-4,3.59
fold2_room1_mix1007,89,4,0,-47,-4,3.86
fold2_room1_mix1007,90,4,0,-38,-3,4.44
fold2_room1_mix1007,91,4,0,-34,-3,4.99
fold2_room1_mix1007,92,4,0,-29,-3,5.29
fold2_room1_mix1007,93,4,0,-27,-2,6.45
fold2_room1_mix1007,94,4,0,-26,-2,6.69
fold2_room1_mix1007,95,4,0,-24,-2,7.02
fold2_room1_mix1007,96,4,0,-22,-2,6.97
fold2_room1_mix1007,97,4,0,-21,-2,8.06
fold2_room1_mix1007,98,4,0,-18,-2,8.64
fold2_room1_mix1007,99,4,0,-16,-2,8.96
fold2_room1_mix1008,4,4,0,178,0,3.33
fold2_room1_mix1008,5,4,0,177,0,11.95
fold2_room1_mix1008,6,4,0,177,0,15.98
fold2_room1_mix1008,7,4,0,177,0,21.50
fold2_room1_mix1008,8,4,0,176,0,29.29
fold2_room1_mix1008,9,4,0,177,0,27.51
fold2_room1_mix1008,10,0,0,-165,-1,12.02
fold2_room1_mix1008,10,4,0,178,0,31.04
fold2_room1_mix1008,11,0,0,-162,-1,10.28
fold2_room1_mix1008,11,4,0,177,0,33.57
fold2_room1_mix1008,12,0,0,-164,-1,15.14
fold2_room1_mix1008,12,4,0,177,0,25.94
fold2_room1_mix1008,13,0,0,-161,-1,37.39
fold2_room1_mix1008,13,4,0,179,0,23.53
fold2_room1_mix1008,14,0,0,-161,-1,48.39
fold2_room1_mix1008,14,4,0,177,-1,12.15
fold2_room1_mix1008,15,0,0,-160,-1,45.25
fold2_room1_mix1008,15,4,0,-179,-1,4.54
fold2_room1_mix1008,16,0,0,-161,-1,44.39
fold2_room1_mix1008,16,4,0,-174,-1,1.03
fold2_room1_mix1008,17,0,0,-160,-1,49.92
fold2_room1_mix1008,17,4,0,-177,-1,1.94
fold2_room1_mix1008,18,0,0,-161,-1,42.83
fold2_room1_mix1008,18,4,0,179,-1,2.81
fold2_room1_mix1008,19,0,0,-163,-1,47.87
fold2_room1_mix1008,19,4,0,179,-1,4.17
fold2_room1_mix1008,20,0,0,-161,-1,46.03
fold2_room1_mix1008,20,4,0,-179,0,1.15
fold2_room1_mix1008,21,0,0,-161,-1,38.16
fold2_room1_mix1008,22,0,0,-159,-1,38.45
fold2_room1_mix1008,22,4,0,178,-1,1.53
fold2_room1_mix1008,23,0,0,-159,-1,29.55
fold2_room1_mix1008,23,4,0,179,0,2.10
fold2_room1_mix1008,24,0,0,-159,-1,31.38
fold2_room1_mix1008,24,4,0,-179,-1,6.34
fold2_room1_mix1008,25,0,0,-160,-1,34.82
fold2_room1_mix1008,26,0,0,-159,-1,27.89
fold2_room1_mix1008,26,4,0,177,0,11.38
fold2_room1_mix1008,27,0,0,-161,-1,27.68
fold2_room1_mix1008,27,4,0,177,0,36.93
fold2_room1_mix1008,28,0,0,-162,-1,31.30
fold2_room1_mix1008,28,4,0,178,-1,33.60
fold2_room1_mix1008,29,0,0,-160,-1,26.08
fold2_room1_mix1008,29,4,0,179,-1,36.79
fold2_room1_mix1008,30,0,0,-158,-1,23.41
fold2_room1_mix1008,30,4,0,178,-1,33.46
fold2_room1_mix1008,31,0,0,-157,-1,24.24
fold2_room1_mix1008,31,4,0,177,-1,28.06
fold2_room1_mix1008,32,0,0,-160,-2,23.99
fold2_room1_mix1008,32,4,0,176,-1,33.03
fold2_room1_mix1008,33,0,0,-157,-2,21.35
fold2_room1_mix1008,33,4,0,177,-1,33.02
fold2_room1_mix1008,34,0,0,-157,-2,20.89
fold2_room1_mix1008,34,4,0,177,-1,35.59
fold2_room1_mix1008,35,0,0,-154,-2,18.36
fold2_room1_mix1008,35,4,0,177,-1,36.20
fold2_room1_mix1008,36,0,0,-154,-2,18.02
fold2_room1_mix1008,36,4,0,179,0,37.32
fold2_room1_mix1008,37,0,0,-155,-2,19.28
fold2_room1_mix1008,37,4,0,-179,-1,37.25
fold2_room1_mix1008,38,0,0,-154,-2,18.55
fold2_room1_mix1008,38,4,0,-179,0,34.77
fold2_room1_mix1008,39,0,0,-154,-2,19.24
fold2_room1_mix1008,39,4,0,-179,-1,31.30
fold2_room1_mix1008,40,0,0,-153,-2,19.56
fold2_room1_mix1008,40,4,0,-179,-1,30.30
fold2_room1_mix1008,41,0,0,-151,-2,21.39
fold2_room1_mix1008,41,4,0,-179,-1,27.48
fold2_room1_mix1008,42,0,0,-150,-2,20.24
fold2_room1_mix1008,42,4,0,-179,-1,26.36
fold2_room1_mix1008,43,0,0,-154,-2,19.34
fold2_room1_mix1008,43,4,0,-179,0,29.46
fold2_room1_mix1008,44,0,0,-158,-2,19.18
fold2_room1_mix1008,44,4,0,-179,-1,29.98
fold2_room1_mix1008,45,0,0,-157,-1,11.44
fold2_room1_mix1008,45,4,0,-178,-1,30.88
fold2_room1_mix1008,46,0,0,-162,-1,7.28
fold2_room1_mix1008,46,4,0,179,-1,30.74
fold2_room1_mix1008,47,0,0,-163,-1,2.62
fold2_room1_mix1008,47,4,0,178,-1,30.18
fold2_room1_mix1008,48,4,0,178,-1,28.53
fold2_room1_mix1008,49,4,0,176,-1,26.73
fold2_room1_mix1008,50,4,0,176,-1,27.50
fold2_room1_mix1008,51,4,0,175,-1,25.67
fold2_room1_mix1008,52,4,0,174,-1,24.61
fold2_room1_mix1008,53,4,0,173,-1,24.36
fold2_room1_mix1008,54,4,0,171,0,23.75
fold2_room1_mix1008,55,4,0,172,-1,22.49
fold2_room1_mix1008,56,4,0,171,-1,22.58
fold2_room1_mix1008,57,4,0,170,-1,21.14
fold2_room1_mix1008,58,4,0,170,-1,20.28
fold2_room1_mix1008,59,4,0,168,-1,18.92
fold2_room1_mix1008,60,4,0,170,-1,18.79
fold2_room1_mix1008,61,4,0,170,-2,17.62
fold2_room1_mix1008,62,4,0,168,-2,15.68
fold2_room1_mix1008,63,4,0,167,-2,16.09
fold2_room1_mix1008,64,4,0,166,-3,14.50
fold2_room1_mix1008,65,4,0,165,-3,12.81
fold2_room1_mix1008,66,4,0,164,-3,12.14
fold2_room1_mix1008,67,4,0,162,-3,12.43
fold2_room1_mix1008,68,4,0,159,-4,10.72
fold2_room1_mix1008,69,0,0,-165,-1,3.17
fold2_room1_mix1008,69,4,0,158,-4,10.30
fold2_room1_mix1008,70,4,0,157,-4,9.77
fold2_room1_mix1008,71,4,0,155,-5,8.33
fold2_room1_mix1008,72,4,0,151,-6,6.93
fold2_room1_mix1008,73,4,0,147,-6,6.55
fold2_room1_mix1008,74,4,0,142,-7,5.54
fold2_room1_mix1008,75,4,0,137,-8,4.65
fold2_room1_mix1008,76,4,0,130,-9,3.93
fold2_room1_mix1008,77,4,0,116,-11,3.75
fold2_room1_mix1008,78,4,0,99,-13,3.27
fold2_room1_mix1008,79,4,0,86,-14,3.24
fold2_room1_mix1008,80,4,0,69,-13,3.39
fold2_room1_mix1008,81,4,0,55,-10,3.60
fold2_room1_mix1008,82,4,0,42,-7,4.41
fold2_room1_mix1008,83,4,0,36,-7,4.81
fold2_room1_mix1008,84,4,0,32,-6,5.43
fold2_room1_mix1008,85,4,0,30,-5,6.48
fold2_room1_mix1008,86,4,0,24,-5,7.07
fold2_room1_mix1008,87,4,0,23,-4,7.91
fold2_room1_mix1008,88,4,0,20,-4,8.88
fold2_room1_mix1008,89,4,0,18,-3,9.68
fold2_room1_mix1008,90,4,0,18,-3,10.37
fold2_room1_mix1008,91,4,0,16,-3,11.35
fold2_room1_mix1008,92,4,0,15,-3,12.52
fold2_room1_mix1008,93,4,0,14,-3,13.32
fold2_room1_mix1008,94,4,0,13,-3,13.85
fold2_room1_mix1008,95,4,0,13,-2,15.05
fold2_room1_mix1008,96,4,0,12,-2,15.33
fold2_room1_mix1008,97,4,0,11,-2,16.48
fold2_room1_mix1008,98,4,0,11,-2,18.34
fold2_room1_mix1008,99,4,0,10,-2,18.77
fold2_room1_mix1009,3,4,0,2,1,1.74
fold2_room1_mix1009,4,4,0,8,0,17.03
fold2_room1_mix1009,5,4,0,7,0,17.76
fold2_room1_mix1009,6,4,0,7,0,19.37
fold2_room1_mix1009,7,4,0,8,0,26.70
fold2_room1_mix1009,8,4,0,9,-1,32.95
fold2_room1_mix1009,9,4,0,9,-1,31.51
fold2_room1_mix1009,10,4,0,9,-1,31.29
fold2_room1_mix1009,11,4,0,9,-1,31.77
fold2_room1_mix1009,12,4,0,10,-1,31.92
fold2_room1_mix1009,13,4,0,9,-1,32.19
fold2_room1_mix1009,14,4,0,9,0,33.44
fold2_room1_mix1009,15,4,0,8,0,32.78
fold2_room1_mix1009,16,4,0,8,-1,31.39
fold2_room1_mix1009,17,4,0,9,0,32.23
fold2_room1_mix1009,18,4,0,8,0,31.72
fold2_room1_mix1009,19,4,0,8,0,32.27
fold2_room1_mix1009,20,4,0,8,-1,31.69
fold2_room1_mix1009,21,4,0,8,-1,31.43
fold2_room1_mix1009,22,4,0,7,-1,29.53
fold2_room1_mix1009,23,4,0,8,-1,29.19
fold2_room1_mix1009,24,4,0,7,-1,26.78
fold2_room1_mix1009,25,4,0,6,-1,27.00
fold2_room1_mix1009,26,4,0,6,-1,26.68
fold2_room1_mix1009,27,3,0,50,-4,8.44
fold2_room1_mix1009,27,4,0,5,-1,26.88
fold2_room1_mix1009,28,3,0,44,-3,9.76
fold2_room1_mix1009,28,4,0,6,-1,29.93
fold2_room1_mix1009,29,3,0,66,-4,6.80
fold2_room1_mix1009,29,4,0,8,0,26.91
fold2_room1_mix1009,30,4,0,10,-2,25.04
fold2_room1_mix1009,31,2,0,95,-7,2.02
fold2_room1_mix1009,31,3,0,42,-3,6.50
fold2_room1_mix1009,31,4,0,8,-1,29.41
fold2_room1_mix1009,32,0,0,139,-2,2.72
fold2_room1_mix1009,32,4,0,6,-2,24.17
fold2_room1_mix1009,33,0,0,145,-2,2.98
fold2_room1_mix1009,33,3,0,43,-4,4.70
fold2_room1_mix1009,33,4,0,2,0,31.42
fold2_room1_mix1009,34,0,0,136,-2,8.64
fold2_room1_mix1009,34,4,0,4,-1,27.25
fold2_room1_mix1009,35,0,0,139,-2,8.88
fold2_room1_mix1009,35,4,0,3,-2,22.97
fold2_room1_mix1009,36,0,0,137,-2,5.91
fold2_room1_mix1009,36,3,0,33,-2,10.81
fold2_room1_mix1009,36,4,0,16,-7,15.83
fold2_room1_mix1009,36,4,0,0,0,23.61
fold2_room1_mix1009,37,0,0,124,-2,12.51
fold2_room1_mix1009,37,4,0,41,-9,13.23
fold2_room1_mix1009,37,4,0,1,-1,24.39
fold2_room1_mix1009,38,0,0,116,-4,8.93
fold2_room1_mix1009,38,3,0,47,-3,7.70
fold2_room1_mix1009,38,4,0,-1,0,21.64
fold2_room1_mix1009,39,0,0,109,-3,6.07
fold2_room1_mix1009,39,3,0,64,-4,11.71
fold2_room1_mix1009,39,4,0,-6,-2,18.95
fold2_room1_mix1009,40,0,0,130,-3,3.31
fold2_room1_mix1009,40,3,0,65,-3,13.42
fold2_room1_mix1009,40,4,0,98,-22,5.37
fold2_room1_mix1009,40,4,0,-15,-5,15.91
fold2_room1_mix1009,41,0,0,133,-3,2.61
fold2_room1_mix1009,41,3,0,54,-4,11.10
fold2_room1_mix1009,41,4,0,143,-14,5.92
fold2_room1_mix1009,41,4,0,-43,-10,7.09
fold2_room1_mix1009,41,4,0,4,-3,16.96
fold2_room1_mix1009,42,0,0,135,-2,3.15
fold2_room1_mix1009,42,3,0,58,-3,8.91
fold2_room1_mix1009,42,4,0,176,-9,4.29
fold2_room1_mix1009,42,4,0,18,0,19.50
fold2_room1_mix1009,43,0,0,138,-3,4.63
fold2_room1_mix1009,43,3,0,47,-2,7.12
fold2_room1_mix1009,43,4,0,173,-4,7.33
fold2_room1_mix1009,43,4,0,25,-1,23.14
fold2_room1_mix1009,44,0,0,126,-3,4.23
fold2_room1_mix1009,44,1,0,103,-2,3.04
fold2_room1_mix1009,44,4,0,-177,-1,7.37
fold2_room1_mix1009,44,4,0,33,0,21.74
fold2_room1_mix1009,45,0,0,147,-3,3.33
fold2_room1_mix1009,45,0,0,126,-3,3.90
fold2_room1_mix1009,45,4,0,-176,-2,7.01
fold2_room1_mix1009,45,4,0,42,1,22.92
fold2_room1_mix1009,45,4,0,27,0,26.60
fold2_room1_mix1009,46,4,0,175,0,9.97
fold2_room1_mix1009,46,4,0,22,1,33.24
fold2_room1_mix1009,47,0,0,79,-3,7.31
fold2_room1_mix1009,47,3,0,54,-5,6.36
fold2_room1_mix1009,47,4,0,-176,-2,10.28
fold2_room1_mix1009,47,4,0,21,0,34.91
fold2_room1_mix1009,48,0,0,75,-2,6.09
fold2_room1_mix1009,48,3,0,67,-4,11.71
fold2_room1_mix1009,48,4,0,-178,-3,11.06
fold2_room1_mix1009,48,4,0,11,0,34.74
fold2_room1_mix1009,49,0,0,104,-2,5.92
fold2_room1_mix1009,49,0,0,87,-2,6.09
fold2_room1_mix1009,49,3,0,71,-3,13.66
fold2_room1_mix1009,49,4,0,-177,-1,12.65
fold2_room1_mix1009,49,4,0,18,0,24.81
fold2_room1_mix1009,50,0,0,96,-2,7.33
fold2_room1_mix1009,50,3,0,55,-4,10.74
fold2_room1_mix1009,50,4,0,21,-1,25.57
fold2_room1_mix1009,51,0,0,93,-2,8.68
fold2_room1_mix1009,51,3,0,61,-4,11.78
fold2_room1_mix1009,51,4,0,19,0,26.17
fold2_room1_mix1009,52,0,0,113,-3,6.51
fold2_room1_mix1009,52,0,0,90,-2,6.31
fold2_room1_mix1009,52,3,0,62,-3,11.86
fold2_room1_mix1009,52,4,0,12,0,25.07
fold2_room1_mix1009,53,0,0,99,-2,8.58
fold2_room1_mix1009,53,3,0,51,-4,9.24
fold2_room1_mix1009,53,4,0,11,0,26.27
fold2_room1_mix1009,54,0,0,87,-2,9.71
fold2_room1_mix1009,54,3,0,57,-4,7.87
fold2_room1_mix1009,54,4,0,13,1,27.82
fold2_room1_mix1009,55,0,0,111,-2,8.56
fold2_room1_mix1009,55,0,0,76,-2,9.37
fold2_room1_mix1009,55,4,0,15,1,27.37
fold2_room1_mix1009,56,0,0,98,-2,11.74
fold2_room1_mix1009,56,0,0,78,-2,11.23
fold2_room1_mix1009,56,4,0,176,0,23.63
fold2_room1_mix1009,56,4,0,13,0,24.92
fold2_room1_mix1009,57,0,0,74,-2,12.06
fold2_room1_mix1009,57,4,0,14,0,26.12
fold2_room1_mix1009,58,0,0,89,-2,12.54
fold2_room1_mix1009,58,0,0,72,-2,13.29
fold2_room1_mix1009,58,4,0,10,0,25.73
fold2_room1_mix1009,59,0,0,99,-2,14.02
fold2_room1_mix1009,59,0,0,79,-2,13.36
fold2_room1_mix1009,59,3,0,76,-3,6.43
fold2_room1_mix1009,59,4,0,163,2,26.86
fold2_room1_mix1009,59,4,0,12,1,26.91
fold2_room1_mix1009,60,0,0,81,-2,14.08
fold2_room1_mix1009,60,3,0,61,-3,12.82
fold2_room1_mix1009,60,4,0,6,1,24.31
fold2_room1_mix1009,61,0,0,69,-1,17.58
fold2_room1_mix1009,61,3,0,75,-3,13.73
fold2_room1_mix1009,61,4,0,6,0,26.51
fold2_room1_mix1009,62,0,0,65,-2,16.67
fold2_room1_mix1009,62,3,0,71,-3,13.03
fold2_room1_mix1009,62,4,0,9,0,24.05
fold2_room1_mix1009,63,0,0,59,-1,16.38
fold2_room1_mix1009,63,3,0,62,-4,11.87
fold2_room1_mix1009,63,4,0,9,0,23.54
fold2_room1_mix1009,64,0,0,55,-1,20.86
fold2_room1_mix1009,64,3,0,72,-4,14.04
fold2_room1_mix1009,64,4,0,13,0,22.52
fold2_room1_mix1009,65,0,0,47,-1,23.83
fold2_room1_mix1009,65,3,0,65,-3,12.34
fold2_room1_mix1009,65,4,0,17,0,21.99
fold2_room1_mix1009,66,0,0,46,-1,22.24
fold2_room1_mix1009,66,3,0,67,-3,10.04
fold2_room1_mix1009,66,4,0,20,0,23.23
fold2_room1_mix1009,67,0,0,37,-1,27.55
fold2_room1_mix1009,67,3,0,60,-3,7.37
fold2_room1_mix1009,67,4,0,22,0,24.72
fold2_room1_mix1009,68,0,0,32,-1,26.99
fold2_room1_mix1009,68,3,0,60,-3,4.94
fold2_room1_mix1009,68,4,0,23,0,22.33
fold2_room1_mix1009,69,0,0,36,-1,26.51
fold2_room1_mix1009,69,4,0,105,2,29.58
fold2_room1_mix1009,69,4,0,34,0,21.09
fold2_room1_mix1009,70,0,0,34,-1,28.28
fold2_room1_mix1009,70,4,0,134,3,30.11
fold2_room1_mix1009,70,4,0,46,0,16.45
fold2_room1_mix1009,70,4,0,28,0,20.97
fold2_room1_mix1009,71,0,0,34,0,29.83
fold2_room1_mix1009,71,4,0,136,1,24.37
fold2_room1_mix1009,71,4,0,69,0,15.10
fold2_room1_mix1009,71,4,0,38,0,19.89
fold2_room1_mix1009,72,0,0,34,0,27.99
fold2_room1_mix1009,72,3,0,95,-3,9.66
fold2_room1_mix1009,72,4,0,136,4,35.25
fold2_room1_mix1009,72,4,0,28,0,21.64
fold2_room1_mix1009,73,0,0,33,0,30.45
fold2_room1_mix1009,73,3,0,98,-4,6.34
fold2_room1_mix1009,73,4,0,144,1,26.86
fold2_room1_mix1009,73,4,0,65,0,15.11
fold2_room1_mix1009,73,4,0,42,0,19.50
fold2_room1_mix1009,74,0,0,32,0,29.70
fold2_room1_mix1009,74,3,0,103,-4,11.42
fold2_room1_mix1009,74,4,0,147,3,33.18
fold2_room1_mix1009,74,4,0,57,0,15.84
fold2_room1_mix1009,74,4,0,38,0,20.59
fold2_room1_mix1009,75,0,0,31,0,29.17
fold2_room1_mix1009,75,3,0,101,-4,9.50
fold2_room1_mix1009,75,4,0,142,5,37.49
fold2_room1_mix1009,75,4,0,31,0,17.76
fold2_room1_mix1009,76,0,0,33,0,27.38
fold2_room1_mix1009,76,3,0,98,-4,8.22
fold2_room1_mix1009,76,4,0,148,3,31.84
fold2_room1_mix1009,76,4,0,76,-1,11.37
fold2_room1_mix1009,76,4,0,61,0,16.19
fold2_room1_mix1009,77,0,0,32,0,29.32
fold2_room1_mix1009,77,3,0,95,-2,4.25
fold2_room1_mix1009,77,4,0,129,3,29.67
fold2_room1_mix1009,77,4,0,76,0,12.20
fold2_room1_mix1009,77,4,0,58,0,14.29
fold2_room1_mix1009,78,0,0,29,-1,29.95
fold2_room1_mix1009,78,3,0,94,-4,4.19
fold2_room1_mix1009,78,4,0,100,2,27.87
fold2_room1_mix1009,78,4,0,41,0,17.29
fold2_room1_mix1009,79,0,0,32,0,29.79
fold2_room1_mix1009,79,4,0,129,1,28.96
fold2_room1_mix1009,79,4,0,72,0,13.53
fold2_room1_mix1009,79,4,0,56,0,16.71
fold2_room1_mix1009,80,0,0,32,-1,29.72
fold2_room1_mix1009,80,4,0,111,0,19.99
fold2_room1_mix1009,80,4,0,74,-1,14.96
fold2_room1_mix1009,81,0,0,31,-1,31.87
fold2_room1_mix1009,81,4,0,107,0,18.73
fold2_room1_mix1009,81,4,0,77,-1,14.28
fold2_room1_mix1009,82,0,0,32,-1,31.67
fold2_room1_mix1009,82,4,0,117,0,21.75
fold2_room1_mix1009,82,4,0,72,-1,14.77
fold2_room1_mix1009,83,0,0,31,-1,33.42
fold2_room1_mix1009,83,4,0,105,-1,18.05
fold2_room1_mix1009,83,4,0,77,0,14.71
fold2_room1_mix1009,84,0,0,31,-1,32.12
fold2_room1_mix1009,84,4,0,109,-1,19.38
fold2_room1_mix1009,84,4,0,80,0,15.47
fold2_room1_mix1009,85,0,0,33,-1,32.70
fold2_room1_mix1009,85,4,0,114,0,19.55
fold2_room1_mix1009,85,4,0,88,0,16.47
fold2_room1_mix1009,86,0,0,27,0,9.79
fold2_room1_mix1009,86,4,0,124,0,19.40
fold2_room1_mix1009,86,4,0,86,-2,12.87
fold2_room1_mix1009,87,0,0,27,0,5.76
fold2_room1_mix1009,87,4,0,137,0,23.52
fold2_room1_mix1009,87,4,0,93,-2,12.91
fold2_room1_mix1009,88,0,0,26,0,4.59
fold2_room1_mix1009,88,4,0,139,0,25.03
fold2_room1_mix1009,88,4,0,91,-2,13.00
fold2_room1_mix1009,89,4,0,147,0,24.85
fold2_room1_mix1009,89,4,0,92,-2,12.36
fold2_room1_mix1009,90,4,0,149,0,27.41
fold2_room1_mix1009,90,4,0,102,-2,12.88
fold2_room1_mix1009,90,4,0,85,-3,13.30
fold2_room1_mix1009,91,4,0,140,0,25.53
fold2_room1_mix1009,91,4,0,105,-1,13.26
fold2_room1_mix1009,91,4,0,89,-3,12.45
fold2_room1_mix1009,92,4,0,154,1,31.93
fold2_room1_mix1009,92,4,0,105,-2,12.32
fold2_room1_mix1009,92,4,0,89,-3,13.37
fold2_room1_mix1009,93,4,0,155,1,28.46
fold2_room1_mix1009,93,4,0,104,-2,12.37
fold2_room1_mix1009,94,4,0,151,1,29.44
fold2_room1_mix1009,94,4,0,107,-2,13.01
fold2_room1_mix1009,95,4,0,158,0,29.25
fold2_room1_mix1009,95,4,0,110,-2,13.25
fold2_room1_mix1009,96,4,0,162,0,29.68
fold2_room1_mix1009,96,4,0,113,-2,12.96
fold2_room1_mix1009,97,4,0,157,0,29.94
fold2_room1_mix1009,97,4,0,115,-2,13.30
fold2_room1_mix1009,98,4,0,154,0,28.59
fold2_room1_mix1009,98,4,0,115,-2,13.71
fold2_room1_mix1009,99,4,0,154,0,27.61
fold2_room1_mix1009,99,4,0,117,-2,13.68
fold2_room1_mix1009,1,4,0,0,0,1.52
fold2_room1_mix1010,3,4,0,-177,0,5.13
fold2_room1_mix1010,4,4,0,-178,0,10.77
fold2_room1_mix1010,5,4,0,179,0,20.28
fold2_room1_mix1010,6,4,0,-178,0,23.25
fold2_room1_mix1010,7,4,0,-179,0,26.48
fold2_room1_mix1010,8,4,0,-178,-1,40.86
fold2_room1_mix1010,9,4,0,-178,-1,40.40
fold2_room1_mix1010,10,4,0,-179,0,38.38
fold2_room1_mix1010,11,4,0,-178,0,38.72
fold2_room1_mix1010,12,4,0,-179,0,40.75
fold2_room1_mix1010,13,4,0,-179,0,40.27
fold2_room1_mix1010,14,4,0,-179,0,39.29
fold2_room1_mix1010,15,4,0,-179,0,37.95
fold2_room1_mix1010,16,4,0,-178,0,37.82
fold2_room1_mix1010,17,4,0,-178,0,40.34
fold2_room1_mix1010,18,4,0,-177,0,39.77
fold2_room1_mix1010,19,4,0,-177,0,39.79
fold2_room1_mix1010,20,4,0,-178,0,39.14
fold2_room1_mix1010,21,4,0,-177,0,39.29
fold2_room1_mix1010,22,4,0,-177,0,38.00
fold2_room1_mix1010,23,4,0,-177,0,37.25
fold2_room1_mix1010,24,4,0,-176,0,36.67
fold2_room1_mix1010,25,4,0,-178,0,40.68
fold2_room1_mix1010,26,0,0,25,-1,3.34
fold2_room1_mix1010,26,4,0,-176,0,39.54
fold2_room1_mix1010,27,0,0,23,-1,9.85
fold2_room1_mix1010,27,4,0,-177,0,37.68
fold2_room1_mix1010,28,0,0,34,-1,11.25
fold2_room1_mix1010,28,4,0,-174,0,33.38
fold2_room1_mix1010,29,0,0,34,-1,16.86
fold2_room1_mix1010,29,4,0,-175,0,34.51
fold2_room1_mix1010,30,0,0,28,-1,23.67
fold2_room1_mix1010,30,4,0,-176,0,35.75
fold2_room1_mix1010,31,0,0,30,-1,21.16
fold2_room1_mix1010,31,4,0,-178,0,34.09
fold2_room1_mix1010,32,0,0,30,-1,22.61
fold2_room1_mix1010,32,4,0,-175,0,33.76
fold2_room1_mix1010,33,0,0,26,-1,25.42
fold2_room1_mix1010,33,4,0,-176,0,33.69
fold2_room1_mix1010,34,0,0,31,-1,22.93
fold2_room1_mix1010,34,4,0,-175,0,33.31
fold2_room1_mix1010,35,0,0,29,-1,24.41
fold2_room1_mix1010,35,4,0,-177,0,32.59
fold2_room1_mix1010,36,0,0,31,-1,24.73
fold2_room1_mix1010,36,4,0,-175,0,31.28
fold2_room1_mix1010,37,0,0,32,-1,23.78
fold2_room1_mix1010,37,4,0,-175,0,31.85
fold2_room1_mix1010,38,0,0,35,-1,25.39
fold2_room1_mix1010,38,4,0,-175,0,31.52
fold2_room1_mix1010,39,0,0,38,-1,26.51
fold2_room1_mix1010,39,4,0,-177,0,29.44
fold2_room1_mix1010,40,0,0,39,-1,28.44
fold2_room1_mix1010,40,4,0,-176,0,30.26
fold2_room1_mix1010,41,0,0,42,-1,23.93
fold2_room1_mix1010,41,4,0,-175,0,28.84
fold2_room1_mix1010,42,0,0,40,-1,24.92
fold2_room1_mix1010,42,4,0,-178,0,29.84
fold2_room1_mix1010,43,0,0,39,-1,27.30
fold2_room1_mix1010,43,4,0,-176,0,28.86
fold2_room1_mix1010,44,0,0,41,-2,24.27
fold2_room1_mix1010,44,4,0,-174,0,26.55
fold2_room1_mix1010,45,0,0,36,-1,27.25
fold2_room1_mix1010,45,4,0,-173,0,26.86
fold2_room1_mix1010,46,0,0,49,-2,23.26
fold2_room1_mix1010,46,4,0,-173,0,26.52
fold2_room1_mix1010,47,0,0,48,-1,24.89
fold2_room1_mix1010,47,4,0,-174,0,23.35
fold2_room1_mix1010,48,0,0,60,-2,20.95
fold2_room1_mix1010,48,4,0,-176,0,22.41
fold2_room1_mix1010,49,0,0,65,-2,20.45
fold2_room1_mix1010,49,4,0,-176,0,21.21
fold2_room1_mix1010,50,0,0,61,-2,20.00
fold2_room1_mix1010,50,4,0,-175,0,19.50
fold2_room1_mix1010,51,0,0,61,-2,20.76
fold2_room1_mix1010,51,4,0,-174,0,17.65
fold2_room1_mix1010,52,0,0,64,-2,18.39
fold2_room1_mix1010,52,4,0,-171,0,16.97
fold2_room1_mix1010,53,0,0,62,-2,17.71
fold2_room1_mix1010,53,4,0,-175,-1,16.90
fold2_room1_mix1010,54,0,0,65,-2,18.39
fold2_room1_mix1010,54,4,0,-174,-1,15.41
fold2_room1_mix1010,55,0,0,66,-3,16.09
fold2_room1_mix1010,55,4,0,-174,-1,15.35
fold2_room1_mix1010,56,0,0,69,-3,15.05
fold2_room1_mix1010,56,4,0,-173,-1,15.00
fold2_room1_mix1010,57,0,0,76,-3,14.07
fold2_room1_mix1010,57,4,0,-174,-1,14.14
fold2_room1_mix1010,58,0,0,84,-3,13.21
fold2_room1_mix1010,58,4,0,-174,-2,12.84
fold2_room1_mix1010,59,0,0,91,-3,13.45
fold2_room1_mix1010,59,4,0,-175,-2,12.98
fold2_room1_mix1010,60,0,0,99,-3,12.83
fold2_room1_mix1010,60,4,0,-170,-2,11.33
fold2_room1_mix1010,61,0,0,101,-3,13.82
fold2_room1_mix1010,61,4,0,-173,-2,10.04
fold2_room1_mix1010,61,5,0,78,5,7.77
fold2_room1_mix1010,62,0,0,106,-3,13.32
fold2_room1_mix1010,62,4,0,-172,-3,10.09
fold2_room1_mix1010,63,0,0,108,-2,14.61
fold2_room1_mix1010,63,4,0,-171,-2,10.43
fold2_room1_mix1010,64,0,0,114,-2,15.57
fold2_room1_mix1010,64,4,0,-168,-3,8.22
fold2_room1_mix1010,64,5,0,80,7,4.37
fold2_room1_mix1010,65,0,0,112,-2,14.65
fold2_room1_mix1010,65,4,0,-168,-3,9.25
fold2_room1_mix1010,66,0,0,114,-2,14.77
fold2_room1_mix1010,66,4,0,-167,-4,7.96
fold2_room1_mix1010,67,0,0,119,-2,18.57
fold2_room1_mix1010,67,4,0,-162,-3,7.01
fold2_room1_mix1010,68,0,0,107,-2,16.10
fold2_room1_mix1010,68,4,0,-158,-3,6.82
fold2_room1_mix1010,69,0,0,120,-2,18.07
fold2_room1_mix1010,69,4,0,-158,-4,6.11
fold2_room1_mix1010,70,0,0,122,-2,20.95
fold2_room1_mix1010,70,4,0,-156,-4,5.46
fold2_room1_mix1010,71,0,0,123,-2,19.06
fold2_room1_mix1010,71,4,0,-154,-5,4.61
fold2_room1_mix1010,72,4,0,-152,-7,4.12
fold2_room1_mix1010,73,4,0,-149,-8,3.45
fold2_room1_mix1010,74,4,0,-143,-11,2.67
fold2_room1_mix1010,75,4,0,-135,-15,2.23
fold2_room1_mix1010,76,4,0,-123,-19,2.08
fold2_room1_mix1010,77,4,0,-96,-23,1.51
fold2_room1_mix1010,77,5,0,110,3,4.34
fold2_room1_mix1010,78,4,0,-74,-21,1.70
fold2_room1_mix1010,79,4,0,-55,-17,1.94
fold2_room1_mix1010,80,4,0,-42,-14,2.19
fold2_room1_mix1010,81,4,0,-35,-11,3.08
fold2_room1_mix1010,82,4,0,-29,-9,3.64
fold2_room1_mix1010,83,4,0,-24,-7,4.17
fold2_room1_mix1010,84,0,0,37,-2,17.96
fold2_room1_mix1010,84,4,0,-20,-5,4.88
fold2_room1_mix1010,85,4,0,-18,-6,5.32
fold2_room1_mix1010,86,4,0,-14,-5,6.53
fold2_room1_mix1010,87,4,0,-13,-4,6.99
fold2_room1_mix1010,88,4,0,-11,-4,8.24
fold2_room1_mix1010,89,4,0,-10,-4,8.66
fold2_room1_mix1010,90,4,0,-10,-4,9.23
fold2_room1_mix1010,91,4,0,-8,-3,11.04
fold2_room1_mix1010,92,4,0,-9,-3,11.02
fold2_room1_mix1010,93,4,0,-8,-3,11.30
fold2_room1_mix1010,94,4,0,-7,-3,12.99
fold2_room1_mix1010,95,4,0,-7,-3,13.88
fold2_room1_mix1010,96,4,0,-6,-3,14.43
fold2_room1_mix1010,97,4,0,-5,-2,15.85
fold2_room1_mix1010,98,4,0,-4,-2,16.49
fold2_room1_mix1010,99,4,0,-4,-2,17.06
fold2_room1_mix1011,19,0,0,177,-1,3.03
fold2_room1_mix1011,19,4,0,6,0,18.83
fold2_room1_mix1011,20,0,0,174,-1,4.76
fold2_room1_mix1011,20,4,0,6,1,20.71
fold2_room1_mix1011,21,0,0,170,-1,23.97
fold2_room1_mix1011,21,4,0,5,0,24.33
fold2_room1_mix1011,22,0,0,165,-1,18.64
fold2_room1_mix1011,22,4,0,6,-1,25.72
fold2_room1_mix1011,23,0,0,163,-1,20.47
fold2_room1_mix1011,23,4,0,6,-1,26.47
fold2_room1_mix1011,24,0,0,163,0,39.30
fold2_room1_mix1011,24,4,0,6,-1,24.37
fold2_room1_mix1011,25,0,0,164,-1,42.10
fold2_room1_mix1011,25,4,0,8,-1,23.61
fold2_room1_mix1011,26,0,0,163,-1,39.75
fold2_room1_mix1011,26,4,0,10,0,22.66
fold2_room1_mix1011,27,0,0,169,-1,37.99
fold2_room1_mix1011,27,4,0,6,-1,22.90
fold2_room1_mix1011,28,0,0,166,-1,40.16
fold2_room1_mix1011,28,4,0,9,-1,22.52
fold2_room1_mix1011,29,0,0,167,-1,39.57
fold2_room1_mix1011,29,4,0,5,-1,25.13
fold2_room1_mix1011,30,0,0,167,-1,39.97
fold2_room1_mix1011,30,4,0,3,-1,25.08
fold2_room1_mix1011,31,0,0,165,-1,33.46
fold2_room1_mix1011,31,4,0,6,-1,25.57
fold2_room1_mix1011,32,0,0,159,-1,30.57
fold2_room1_mix1011,32,4,0,6,-1,22.64
fold2_room1_mix1011,33,0,0,161,-1,30.67
fold2_room1_mix1011,33,4,0,5,-1,22.69
fold2_room1_mix1011,34,0,0,155,-1,29.45
fold2_room1_mix1011,34,4,0,5,-2,20.99
fold2_room1_mix1011,35,0,0,157,-1,30.65
fold2_room1_mix1011,35,4,0,9,-2,21.32
fold2_room1_mix1011,36,0,0,146,-1,22.50
fold2_room1_mix1011,36,4,0,8,-1,20.65
fold2_room1_mix1011,37,0,0,149,-1,21.66
fold2_room1_mix1011,37,4,0,8,-2,18.41
fold2_room1_mix1011,38,0,0,145,-1,22.18
fold2_room1_mix1011,38,4,0,9,-2,19.39
fold2_room1_mix1011,39,0,0,147,-1,20.27
fold2_room1_mix1011,39,4,0,9,-2,18.04
fold2_room1_mix1011,40,0,0,147,-1,20.87
fold2_room1_mix1011,40,4,0,10,-2,17.63
fold2_room1_mix1011,41,0,0,144,-1,20.23
fold2_room1_mix1011,41,4,0,9,-2,17.57
fold2_room1_mix1011,42,0,0,144,-1,18.68
fold2_room1_mix1011,42,4,0,8,-2,16.97
fold2_room1_mix1011,43,0,0,141,-2,16.74
fold2_room1_mix1011,43,4,0,8,-3,17.47
fold2_room1_mix1011,44,0,0,137,-2,14.82
fold2_room1_mix1011,44,4,0,8,-2,15.80
fold2_room1_mix1011,45,0,0,127,-2,12.04
fold2_room1_mix1011,45,4,0,9,-3,14.70
fold2_room1_mix1011,46,0,0,118,-2,10.35
fold2_room1_mix1011,46,4,0,9,-3,14.69
fold2_room1_mix1011,47,0,0,161,-4,10.06
fold2_room1_mix1011,47,0,0,143,-5,8.39
fold2_room1_mix1011,47,4,0,12,-4,14.10
fold2_room1_mix1011,48,4,0,8,-4,13.59
fold2_room1_mix1011,49,0,0,-108,-7,7.24
fold2_room1_mix1011,49,4,0,11,-4,13.54
fold2_room1_mix1011,50,0,0,-90,-8,7.46
fold2_room1_mix1011,50,4,0,15,-4,12.45
fold2_room1_mix1011,51,0,0,-67,-7,7.35
fold2_room1_mix1011,51,4,0,17,-4,11.59
fold2_room1_mix1011,52,0,0,-48,-5,9.76
fold2_room1_mix1011,52,0,0,-67,-6,7.72
fold2_room1_mix1011,52,4,0,19,-4,11.16
fold2_room1_mix1011,53,0,0,-36,-6,12.14
fold2_room1_mix1011,53,0,0,-72,-6,7.66
fold2_room1_mix1011,53,4,0,19,-3,11.28
fold2_room1_mix1011,54,0,0,-26,-5,10.90
fold2_room1_mix1011,54,0,0,-56,-5,6.90
fold2_room1_mix1011,54,4,0,21,-3,10.83
fold2_room1_mix1011,55,0,0,-30,-4,11.64
fold2_room1_mix1011,55,0,0,-49,-5,8.13
fold2_room1_mix1011,55,4,0,22,-4,10.17
fold2_room1_mix1011,56,0,0,-9,-4,14.79
fold2_room1_mix1011,56,0,0,-52,-5,7.70
fold2_room1_mix1011,56,4,0,25,-3,9.76
fold2_room1_mix1011,57,0,0,-19,-4,12.31
fold2_room1_mix1011,57,0,0,-48,-4,7.73
fold2_room1_mix1011,57,4,0,19,-4,9.13
fold2_room1_mix1011,58,0,0,-19,-4,13.95
fold2_room1_mix1011,58,0,0,-45,-4,8.69
fold2_room1_mix1011,58,4,0,25,-4,7.36
fold2_room1_mix1011,59,0,0,-3,-3,16.27
fold2_room1_mix1011,59,0,0,-42,-4,9.22
fold2_room1_mix1011,59,4,0,26,-4,8.65
fold2_room1_mix1011,60,0,0,-8,-3,13.80
fold2_room1_mix1011,60,0,0,-38,-4,9.34
fold2_room1_mix1011,60,4,0,26,-4,7.58
fold2_room1_mix1011,61,0,0,-8,-3,15.06
fold2_room1_mix1011,61,0,0,-33,-3,11.28
fold2_room1_mix1011,61,4,0,28,-5,6.92
fold2_room1_mix1011,62,0,0,-5,-3,16.31
fold2_room1_mix1011,62,0,0,-39,-4,10.53
fold2_room1_mix1011,62,4,0,29,-5,6.47
fold2_room1_mix1011,63,0,0,-6,-3,15.56
fold2_room1_mix1011,63,0,0,-31,-3,11.77
fold2_room1_mix1011,63,4,0,29,-5,6.27
fold2_room1_mix1011,64,0,0,-6,-3,15.09
fold2_room1_mix1011,64,0,0,-27,-3,12.60
fold2_room1_mix1011,64,4,0,30,-5,5.48
fold2_room1_mix1011,65,0,0,-1,-2,14.91
fold2_room1_mix1011,65,0,0,-21,-3,13.55
fold2_room1_mix1011,65,4,0,31,-6,5.40
fold2_room1_mix1011,66,0,0,2,-2,16.52
fold2_room1_mix1011,66,0,0,-14,-2,16.31
fold2_room1_mix1011,66,4,0,32,-7,4.99
fold2_room1_mix1011,67,0,0,2,-2,14.76
fold2_room1_mix1011,67,0,0,-13,-2,15.55
fold2_room1_mix1011,67,4,0,33,-7,4.76
fold2_room1_mix1011,68,0,0,-13,-2,15.25
fold2_room1_mix1011,68,4,0,37,-8,4.24
fold2_room1_mix1011,69,0,0,-14,-2,16.75
fold2_room1_mix1011,69,4,0,38,-8,3.93
fold2_room1_mix1011,70,0,0,-17,-2,14.74
fold2_room1_mix1011,70,4,0,40,-9,3.82
fold2_room1_mix1011,71,0,0,-13,-2,16.54
fold2_room1_mix1011,71,4,0,50,-9,3.43
fold2_room1_mix1011,72,0,0,-3,-2,17.31
fold2_room1_mix1011,72,0,0,-22,-2,16.41
fold2_room1_mix1011,72,4,0,59,-11,3.06
fold2_room1_mix1011,73,0,0,-5,-2,16.08
fold2_room1_mix1011,73,0,0,-21,-2,17.22
fold2_room1_mix1011,73,4,0,70,-10,3.18
fold2_room1_mix1011,74,0,0,-21,-2,13.73
fold2_room1_mix1011,74,4,0,80,-13,2.94
fold2_room1_mix1011,75,0,0,-15,-2,11.59
fold2_room1_mix1011,75,4,0,91,-14,2.83
fold2_room1_mix1011,76,0,0,-5,-2,13.17
fold2_room1_mix1011,76,0,0,-23,-2,14.00
fold2_room1_mix1011,76,4,0,104,-11,2.79
fold2_room1_mix1011,77,4,0,117,-10,2.89
fold2_room1_mix1011,78,4,0,124,-9,2.93
fold2_room1_mix1011,79,4,0,130,-8,3.13
fold2_room1_mix1011,80,4,0,135,-8,3.25
fold2_room1_mix1011,81,4,0,138,-7,3.94
fold2_room1_mix1011,82,4,0,142,-7,4.13
fold2_room1_mix1011,83,4,0,144,-6,4.23
fold2_room1_mix1011,84,4,0,147,-6,4.48
fold2_room1_mix1011,85,4,0,148,-6,5.05
fold2_room1_mix1011,86,4,0,152,-6,5.32
fold2_room1_mix1011,87,4,0,152,-5,6.18
fold2_room1_mix1011,88,4,0,154,-5,6.48
fold2_room1_mix1011,89,4,0,156,-4,6.89
fold2_room1_mix1011,90,4,0,157,-5,7.30
fold2_room1_mix1011,91,4,0,158,-4,8.27
fold2_room1_mix1011,92,4,0,159,-4,8.01
fold2_room1_mix1011,93,4,0,159,-4,9.05
fold2_room1_mix1011,94,4,0,161,-3,9.72
fold2_room1_mix1011,95,4,0,161,-3,9.71
fold2_room1_mix1011,96,4,0,162,-3,10.21
fold2_room1_mix1011,97,4,0,163,-2,11.03
fold2_room1_mix1011,98,4,0,164,-3,10.80
fold2_room1_mix1011,99,4,0,164,-2,11.44
fold2_room1_mix1012,37,0,0,86,-1,2.74
fold2_room1_mix1012,38,0,0,91,-1,2.95
fold2_room1_mix1012,39,0,0,90,-2,6.20
fold2_room1_mix1012,40,0,0,94,-2,6.27
fold2_room1_mix1012,41,0,0,95,-2,5.98
fold2_room1_mix1012,42,0,0,100,-2,6.15
fold2_room1_mix1012,43,0,0,101,-2,13.28
fold2_room1_mix1012,44,0,0,106,-2,13.52
fold2_room1_mix1012,45,0,0,107,-3,10.33
fold2_room1_mix1012,46,0,0,115,-2,12.48
fold2_room1_mix1012,47,0,0,117,-2,11.54
fold2_room1_mix1012,48,0,0,112,-2,10.77
fold2_room1_mix1012,49,0,0,122,-2,12.97
fold2_room1_mix1012,50,0,0,124,-2,12.79
fold2_room1_mix1012,51,0,0,130,-2,13.00
fold2_room1_mix1012,52,0,0,131,-2,14.26
fold2_room1_mix1012,53,0,0,133,-2,13.41
fold2_room1_mix1012,54,0,0,134,-2,13.40
fold2_room1_mix1012,55,0,0,138,-1,15.77
fold2_room1_mix1012,56,0,0,140,-1,16.41
fold2_room1_mix1012,57,0,0,139,-1,17.48
fold2_room1_mix1012,58,0,0,137,-1,17.88
fold2_room1_mix1012,59,0,0,136,-1,19.14
fold2_room1_mix1012,60,0,0,144,-1,18.73
fold2_room1_mix1012,61,0,0,143,-1,19.34
fold2_room1_mix1012,62,0,0,143,-1,18.42
fold2_room1_mix1012,63,0,0,148,-1,19.28
fold2_room1_mix1012,64,0,0,148,-1,18.92
fold2_room1_mix1012,65,0,0,149,-1,19.83
fold2_room1_mix1012,66,0,0,150,-1,20.80
fold2_room1_mix1012,67,0,0,151,-1,21.80
fold2_room1_mix1012,68,0,0,153,-1,21.97
fold2_room1_mix1012,69,0,0,151,-1,23.10
fold2_room1_mix1012,70,0,0,152,-1,23.05
fold2_room1_mix1012,71,0,0,154,-1,24.16
fold2_room1_mix1012,72,0,0,156,-1,24.48
fold2_room1_mix1012,73,0,0,156,-1,25.19
fold2_room1_mix1012,74,0,0,155,-1,24.62
fold2_room1_mix1012,75,0,0,157,-1,26.18
fold2_room1_mix1012,76,0,0,158,-1,25.85
fold2_room1_mix1012,77,0,0,156,-1,26.10
fold2_room1_mix1012,78,0,0,159,-1,26.40
fold2_room1_mix1012,79,0,0,159,-1,27.33
fold2_room1_mix1012,80,0,0,160,-1,27.32
fold2_room1_mix1012,81,0,0,158,-1,27.51
fold2_room1_mix1012,82,0,0,157,-1,28.71
fold2_room1_mix1012,83,0,0,157,-1,28.61
fold2_room1_mix1012,84,0,0,156,-1,29.00
fold2_room1_mix1012,85,0,0,157,0,29.62
fold2_room1_mix1012,86,0,0,158,0,29.72
fold2_room1_mix1012,87,0,0,159,0,30.82
fold2_room1_mix1012,88,0,0,159,0,30.12
fold2_room1_mix1012,89,0,0,161,0,32.01
fold2_room1_mix1012,90,0,0,162,0,33.36
fold2_room1_mix1012,91,0,0,165,0,11.48
fold2_room1_mix1012,92,0,0,168,0,8.98
fold2_room1_mix1012,93,0,0,168,0,2.43
fold2_room1_mix1013,4,4,0,177,0,5.95
fold2_room1_mix1013,5,1,0,12,-2,9.59
fold2_room1_mix1013,5,4,0,174,0,16.86
fold2_room1_mix1013,6,1,0,25,-2,31.68
fold2_room1_mix1013,6,4,0,176,0,14.40
fold2_room1_mix1013,7,1,0,31,-2,28.54
fold2_room1_mix1013,7,4,0,175,0,12.94
fold2_room1_mix1013,8,1,0,28,-3,24.50
fold2_room1_mix1013,8,4,0,171,0,23.04
fold2_room1_mix1013,9,1,0,41,-2,22.37
fold2_room1_mix1013,9,4,0,175,0,28.68
fold2_room1_mix1013,10,1,0,28,-2,26.19
fold2_room1_mix1013,10,4,0,174,0,22.79
fold2_room1_mix1013,11,1,0,28,-2,25.52
fold2_room1_mix1013,11,4,0,176,0,26.03
fold2_room1_mix1013,12,1,0,35,-2,21.96
fold2_room1_mix1013,12,4,0,175,-1,23.64
fold2_room1_mix1013,13,1,0,33,-2,29.63
fold2_room1_mix1013,13,4,0,173,0,21.05
fold2_room1_mix1013,14,1,0,33,-2,6.88
fold2_room1_mix1013,14,4,0,176,0,31.58
fold2_room1_mix1013,15,1,0,35,-3,19.60
fold2_room1_mix1013,15,4,0,177,0,23.74
fold2_room1_mix1013,16,1,0,39,-2,22.67
fold2_room1_mix1013,16,4,0,173,0,27.16
fold2_room1_mix1013,17,1,0,45,-3,18.57
fold2_room1_mix1013,17,4,0,173,0,25.60
fold2_room1_mix1013,18,1,0,43,-3,19.86
fold2_room1_mix1013,18,4,0,172,0,26.45
fold2_room1_mix1013,19,4,0,177,0,33.20
fold2_room1_mix1013,20,1,0,40,-3,19.31
fold2_room1_mix1013,20,4,0,175,0,28.67
fold2_room1_mix1013,21,1,0,45,-2,18.03
fold2_room1_mix1013,21,4,0,171,0,28.58
fold2_room1_mix1013,22,1,0,52,-3,19.03
fold2_room1_mix1013,22,4,0,177,0,26.66
fold2_room1_mix1013,23,1,0,47,-3,18.37
fold2_room1_mix1013,23,4,0,170,0,22.36
fold2_room1_mix1013,24,4,0,177,0,33.07
fold2_room1_mix1013,25,1,0,48,-3,17.84
fold2_room1_mix1013,25,4,0,178,0,31.73
fold2_room1_mix1013,26,1,0,61,-3,14.50
fold2_room1_mix1013,26,4,0,165,0,26.43
fold2_room1_mix1013,27,1,0,66,-4,15.06
fold2_room1_mix1013,27,4,0,172,0,23.65
fold2_room1_mix1013,28,1,0,61,-3,15.64
fold2_room1_mix1013,28,4,0,175,0,24.79
fold2_room1_mix1013,29,4,0,174,0,32.33
fold2_room1_mix1013,30,1,0,60,-3,15.85
fold2_room1_mix1013,30,4,0,174,0,27.30
fold2_room1_mix1013,31,1,0,75,-3,11.95
fold2_room1_mix1013,31,4,0,165,0,25.23
fold2_room1_mix1013,32,1,0,82,-4,13.59
fold2_room1_mix1013,32,4,0,167,-1,21.34
fold2_room1_mix1013,33,1,0,80,-4,12.65
fold2_room1_mix1013,33,4,0,176,0,24.91
fold2_room1_mix1013,34,4,0,173,0,29.43
fold2_room1_mix1013,35,1,0,89,-4,12.32
fold2_room1_mix1013,35,4,0,178,0,26.96
fold2_room1_mix1013,36,1,0,97,-3,8.03
fold2_room1_mix1013,36,4,0,167,0,25.66
fold2_room1_mix1013,37,1,0,99,-4,12.83
fold2_room1_mix1013,37,4,0,167,0,23.33
fold2_room1_mix1013,38,1,0,103,-4,12.55
fold2_room1_mix1013,38,4,0,179,0,28.11
fold2_room1_mix1013,39,1,0,99,-2,2.04
fold2_room1_mix1013,39,4,0,175,0,24.94
fold2_room1_mix1013,40,1,0,115,-4,14.00
fold2_room1_mix1013,40,4,0,176,0,24.95
fold2_room1_mix1013,41,1,0,121,-3,9.38
fold2_room1_mix1013,41,4,0,173,0,23.25
fold2_room1_mix1013,42,1,0,121,-3,14.47
fold2_room1_mix1013,42,4,0,169,-1,21.05
fold2_room1_mix1013,43,1,0,124,-3,15.75
fold2_room1_mix1013,43,4,0,-179,0,27.70
fold2_room1_mix1013,44,4,0,179,0,23.95
fold2_room1_mix1013,45,1,0,132,-3,15.14
fold2_room1_mix1013,45,4,0,177,-1,22.53
fold2_room1_mix1013,46,1,0,137,-2,13.24
fold2_room1_mix1013,46,4,0,176,0,22.93
fold2_room1_mix1013,47,1,0,134,-3,16.61
fold2_room1_mix1013,47,4,0,174,-1,20.95
fold2_room1_mix1013,48,1,0,137,-3,18.42
fold2_room1_mix1013,48,4,0,177,-1,26.65
fold2_room1_mix1013,49,4,0,178,-1,22.69
fold2_room1_mix1013,50,1,0,145,-3,12.46
fold2_room1_mix1013,50,4,0,177,-1,22.86
fold2_room1_mix1013,51,1,0,145,-2,12.69
fold2_room1_mix1013,51,4,0,176,0,21.43
fold2_room1_mix1013,52,1,0,143,-2,18.12
fold2_room1_mix1013,52,4,0,178,-1,19.69
fold2_room1_mix1013,53,1,0,145,-3,18.99
fold2_room1_mix1013,53,4,0,176,-1,26.17
fold2_room1_mix1013,54,4,0,178,-1,21.56
fold2_room1_mix1013,55,4,0,174,-1,17.97
fold2_room1_mix1013,56,4,0,172,-1,17.92
fold2_room1_mix1013,57,4,0,173,-1,14.47
fold2_room1_mix1013,58,4,0,169,-2,15.26
fold2_room1_mix1013,59,4,0,169,-2,14.30
fold2_room1_mix1013,60,4,0,169,-2,12.46
fold2_room1_mix1013,61,4,0,166,-3,11.44
fold2_room1_mix1013,62,4,0,163,-3,10.62
fold2_room1_mix1013,63,4,0,162,-4,9.51
fold2_room1_mix1013,64,4,0,159,-4,8.22
fold2_room1_mix1013,65,4,0,159,-5,7.99
fold2_room1_mix1013,66,4,0,156,-5,7.70
fold2_room1_mix1013,67,4,0,151,-6,5.90
fold2_room1_mix1013,68,4,0,145,-7,5.24
fold2_room1_mix1013,69,4,0,139,-8,4.67
fold2_room1_mix1013,70,4,0,134,-9,4.25
fold2_room1_mix1013,71,4,0,119,-12,3.62
fold2_room1_mix1013,72,4,0,101,-13,3.25
fold2_room1_mix1013,73,4,0,83,-13,3.28
fold2_room1_mix1013,74,4,0,63,-11,3.32
fold2_room1_mix1013,75,4,0,52,-9,3.88
fold2_room1_mix1013,76,4,0,39,-8,4.27
fold2_room1_mix1013,77,4,0,35,-6,4.79
fold2_room1_mix1013,78,4,0,31,-6,5.67
fold2_room1_mix1013,79,4,0,27,-5,6.26
fold2_room1_mix1013,80,4,0,23,-5,6.91
fold2_room1_mix1013,81,4,0,20,-4,7.72
fold2_room1_mix1013,82,4,0,19,-3,8.78
fold2_room1_mix1013,83,4,0,17,-3,9.37
fold2_room1_mix1013,84,4,0,16,-3,10.44
fold2_room1_mix1013,85,4,0,16,-3,11.50
fold2_room1_mix1013,86,4,0,14,-2,12.05
fold2_room1_mix1013,87,4,0,14,-2,12.89
fold2_room1_mix1013,88,4,0,12,-2,14.21
fold2_room1_mix1013,89,4,0,12,-2,15.77
fold2_room1_mix1013,90,4,0,12,-1,16.14
fold2_room1_mix1013,91,4,0,11,-1,17.20
fold2_room1_mix1013,92,4,0,10,-1,18.81
fold2_room1_mix1013,93,4,0,10,-1,19.42
fold2_room1_mix1013,94,4,0,11,-1,19.94
fold2_room1_mix1013,95,4,0,11,-1,20.77
fold2_room1_mix1013,96,4,0,9,-1,21.41
fold2_room1_mix1013,97,4,0,9,-1,22.89
fold2_room1_mix1013,98,4,0,9,-1,24.50
fold2_room1_mix1013,99,4,0,8,-1,23.97
fold2_room1_mix1014,3,4,0,-173,1,3.83
fold2_room1_mix1014,4,4,0,-173,0,16.50
fold2_room1_mix1014,5,4,0,-171,0,19.08
fold2_room1_mix1014,6,4,0,-172,0,22.83
fold2_room1_mix1014,7,4,0,-171,0,27.45
fold2_room1_mix1014,8,4,0,-169,0,35.67
fold2_room1_mix1014,9,4,0,-169,-1,34.85
fold2_room1_mix1014,10,4,0,-169,0,33.84
fold2_room1_mix1014,11,4,0,-169,0,33.92
fold2_room1_mix1014,12,4,0,-167,0,31.90
fold2_room1_mix1014,13,4,0,-166,0,31.55
fold2_room1_mix1014,14,4,0,-167,0,32.81
fold2_room1_mix1014,15,4,0,-171,0,31.73
fold2_room1_mix1014,15,4,0,-153,0,31.54
fold2_room1_mix1014,16,4,0,-164,0,31.51
fold2_room1_mix1014,17,4,0,-164,0,30.60
fold2_room1_mix1014,18,4,0,-163,0,30.85
fold2_room1_mix1014,19,4,0,-171,0,29.13
fold2_room1_mix1014,19,4,0,-149,0,30.40
fold2_room1_mix1014,20,4,0,-171,0,28.01
fold2_room1_mix1014,20,4,0,-149,0,30.93
fold2_room1_mix1014,21,4,0,-168,0,26.71
fold2_room1_mix1014,21,4,0,-149,0,29.81
fold2_room1_mix1014,22,4,0,-169,0,27.93
fold2_room1_mix1014,22,4,0,-151,0,30.21
fold2_room1_mix1014,23,4,0,-172,0,24.99
fold2_room1_mix1014,23,4,0,-146,0,28.55
fold2_room1_mix1014,24,4,0,-170,0,23.93
fold2_room1_mix1014,24,4,0,-145,0,26.99
fold2_room1_mix1014,25,4,0,-166,0,23.04
fold2_room1_mix1014,25,4,0,-145,0,27.04
fold2_room1_mix1014,26,4,0,-169,0,23.49
fold2_room1_mix1014,26,4,0,-143,0,26.31
fold2_room1_mix1014,27,4,0,-168,0,23.39
fold2_room1_mix1014,27,4,0,-143,0,27.44
fold2_room1_mix1014,28,4,0,-169,-1,24.09
fold2_room1_mix1014,28,4,0,-143,0,27.58
fold2_room1_mix1014,29,4,0,-169,-1,21.60
fold2_room1_mix1014,29,4,0,-142,0,26.40
fold2_room1_mix1014,30,4,0,-178,-1,23.33
fold2_room1_mix1014,30,4,0,-161,-1,20.80
fold2_room1_mix1014,30,4,0,-141,0,26.35
fold2_room1_mix1014,31,4,0,174,-1,22.37
fold2_room1_mix1014,31,4,0,-164,-1,20.70
fold2_room1_mix1014,31,4,0,-140,0,26.15
fold2_room1_mix1014,32,4,0,178,-1,21.30
fold2_room1_mix1014,32,4,0,-160,-1,18.85
fold2_room1_mix1014,32,4,0,-137,0,23.51
fold2_room1_mix1014,33,4,0,-177,-1,21.69
fold2_room1_mix1014,33,4,0,-160,-1,19.71
fold2_room1_mix1014,33,4,0,-137,0,23.78
fold2_room1_mix1014,34,4,0,178,-1,21.91
fold2_room1_mix1014,34,4,0,-161,-1,19.16
fold2_room1_mix1014,34,4,0,-135,0,22.52
fold2_room1_mix1014,35,4,0,179,-1,23.63
fold2_room1_mix1014,35,4,0,-159,0,19.74
fold2_room1_mix1014,35,4,0,-131,-1,19.83
fold2_room1_mix1014,36,4,0,177,-1,22.37
fold2_room1_mix1014,36,4,0,-163,-1,19.23
fold2_room1_mix1014,36,4,0,-130,-1,19.65
fold2_room1_mix1014,37,4,0,-179,-1,22.81
fold2_room1_mix1014,37,4,0,-163,0,18.99
fold2_room1_mix1014,37,4,0,-127,-1,18.32
fold2_room1_mix1014,38,4,0,-174,-1,21.47
fold2_room1_mix1014,38,4,0,-128,-1,17.50
fold2_room1_mix1014,39,4,0,-177,0,21.92
fold2_room1_mix1014,39,4,0,-124,-1,16.03
fold2_room1_mix1014,40,4,0,-176,0,22.02
fold2_room1_mix1014,40,4,0,-121,-2,16.31
fold2_room1_mix1014,41,4,0,-176,0,23.96
fold2_room1_mix1014,41,4,0,-121,-2,14.96
fold2_room1_mix1014,42,4,0,-178,0,23.44
fold2_room1_mix1014,42,4,0,-118,-2,13.88
fold2_room1_mix1014,43,4,0,-179,-1,21.55
fold2_room1_mix1014,43,4,0,-114,-2,14.53
fold2_room1_mix1014,44,4,0,-178,0,23.67
fold2_room1_mix1014,44,4,0,-113,-3,13.44
fold2_room1_mix1014,45,4,0,-177,-1,23.09
fold2_room1_mix1014,45,4,0,-110,-3,12.79
fold2_room1_mix1014,46,4,0,-179,0,24.27
fold2_room1_mix1014,46,4,0,-108,-4,12.28
fold2_room1_mix1014,47,4,0,176,-1,23.00
fold2_room1_mix1014,47,4,0,-102,-4,12.80
fold2_room1_mix1014,48,4,0,175,-1,22.56
fold2_room1_mix1014,48,4,0,-101,-4,12.46
fold2_room1_mix1014,49,4,0,172,-1,22.51
fold2_room1_mix1014,49,4,0,-96,-4,12.57
fold2_room1_mix1014,50,4,0,172,-1,24.15
fold2_room1_mix1014,50,4,0,-91,-4,12.28
fold2_room1_mix1014,51,4,0,172,-2,20.69
fold2_room1_mix1014,51,4,0,-82,-3,13.04
fold2_room1_mix1014,52,4,0,173,-1,21.05
fold2_room1_mix1014,52,4,0,-75,-3,13.65
fold2_room1_mix1014,53,4,0,174,-2,20.27
fold2_room1_mix1014,53,4,0,-69,-3,14.03
fold2_room1_mix1014,54,4,0,172,-2,19.10
fold2_room1_mix1014,54,4,0,-66,-2,14.41
fold2_room1_mix1014,55,4,0,173,-3,17.01
fold2_room1_mix1014,55,4,0,-59,-2,15.49
fold2_room1_mix1014,56,4,0,177,-2,15.92
fold2_room1_mix1014,56,4,0,-52,-2,15.27
fold2_room1_mix1014,57,4,0,176,-2,16.13
fold2_room1_mix1014,57,4,0,-57,-2,16.28
fold2_room1_mix1014,58,4,0,175,-3,14.37
fold2_room1_mix1014,58,4,0,-50,-1,16.67
fold2_room1_mix1014,59,4,0,175,-3,13.11
fold2_room1_mix1014,59,4,0,-49,-1,17.97
fold2_room1_mix1014,60,4,0,176,-3,12.25
fold2_room1_mix1014,60,4,0,-48,-1,17.69
fold2_room1_mix1014,61,4,0,173,-5,9.07
fold2_room1_mix1014,61,4,0,-48,-2,15.21
fold2_room1_mix1014,62,4,0,165,-5,8.42
fold2_room1_mix1014,62,4,0,-49,-2,15.62
fold2_room1_mix1014,63,4,0,157,-6,7.37
fold2_room1_mix1014,63,4,0,-43,-2,16.82
fold2_room1_mix1014,64,4,0,154,-7,6.34
fold2_room1_mix1014,64,4,0,-45,-1,15.98
fold2_room1_mix1014,65,4,0,149,-10,6.22
fold2_room1_mix1014,65,4,0,-44,0,18.75
fold2_room1_mix1014,66,4,0,141,-12,4.68
fold2_room1_mix1014,66,4,0,-37,-2,18.00
fold2_room1_mix1014,67,4,0,130,-14,3.37
fold2_room1_mix1014,67,4,0,-35,-1,20.07
fold2_room1_mix1014,68,4,0,100,-16,2.94
fold2_room1_mix1014,68,4,0,10,-5,14.11
fold2_room1_mix1014,68,4,0,-34,0,21.08
fold2_room1_mix1014,69,4,0,74,-16,2.98
fold2_room1_mix1014,69,4,0,-11,-3,14.46
fold2_room1_mix1014,69,4,0,-29,0,20.24
fold2_room1_mix1014,70,4,0,60,-14,2.75
fold2_room1_mix1014,70,4,0,-23,0,18.70
fold2_room1_mix1014,71,4,0,44,-10,3.61
fold2_room1_mix1014,71,4,0,-5,-3,14.22
fold2_room1_mix1014,71,4,0,-22,1,25.05
fold2_room1_mix1014,72,4,0,29,-7,4.50
fold2_room1_mix1014,72,4,0,5,-4,10.27
fold2_room1_mix1014,72,4,0,-18,2,27.54
fold2_room1_mix1014,73,4,0,25,-7,4.91
fold2_room1_mix1014,73,4,0,5,-4,11.13
fold2_room1_mix1014,73,4,0,-19,2,28.85
fold2_room1_mix1014,74,4,0,14,-5,8.36
fold2_room1_mix1014,74,4,0,-19,1,28.36
fold2_room1_mix1014,75,4,0,15,-4,7.77
fold2_room1_mix1014,75,4,0,-19,2,32.66
fold2_room1_mix1014,76,4,0,13,-4,8.62
fold2_room1_mix1014,76,4,0,-19,2,33.96
fold2_room1_mix1014,77,4,0,11,-4,9.61
fold2_room1_mix1014,77,4,0,-21,1,32.85
fold2_room1_mix1014,78,4,0,11,-3,10.34
fold2_room1_mix1014,78,4,0,-18,1,34.12
fold2_room1_mix1014,79,4,0,7,-3,12.18
fold2_room1_mix1014,79,4,0,-18,1,37.08
fold2_room1_mix1014,80,4,0,7,-3,12.52
fold2_room1_mix1014,80,4,0,-17,1,38.13
fold2_room1_mix1014,81,4,0,6,-2,13.73
fold2_room1_mix1014,81,4,0,-18,1,38.45
fold2_room1_mix1014,82,4,0,6,-2,14.95
fold2_room1_mix1014,82,4,0,-18,0,37.03
fold2_room1_mix1014,83,4,0,6,-2,15.99
fold2_room1_mix1014,83,4,0,-18,0,35.43
fold2_room1_mix1014,84,4,0,5,-2,16.80
fold2_room1_mix1014,84,4,0,-17,0,38.72
fold2_room1_mix1014,85,4,0,4,-2,17.87
fold2_room1_mix1014,85,4,0,-19,0,36.90
fold2_room1_mix1014,86,4,0,5,-2,19.09
fold2_room1_mix1014,86,4,0,-19,0,37.32
fold2_room1_mix1014,87,4,0,4,-2,20.04
fold2_room1_mix1014,87,4,0,-19,0,37.33
fold2_room1_mix1014,88,4,0,5,-2,20.42
fold2_room1_mix1014,88,4,0,-18,0,39.25
fold2_room1_mix1014,89,4,0,4,-2,22.09
fold2_room1_mix1014,89,4,0,-19,0,38.83
fold2_room1_mix1014,90,4,0,5,-1,23.14
fold2_room1_mix1014,90,4,0,-18,0,40.36
fold2_room1_mix1014,91,4,0,3,-1,25.17
fold2_room1_mix1014,91,4,0,-16,0,40.00
fold2_room1_mix1014,92,4,0,2,-1,25.52
fold2_room1_mix1014,92,4,0,-16,0,41.58
fold2_room1_mix1014,93,4,0,2,-1,26.19
fold2_room1_mix1014,93,4,0,-16,0,38.87
fold2_room1_mix1014,94,4,0,-5,0,32.84
fold2_room1_mix1014,95,4,0,-5,-1,33.98
fold2_room1_mix1014,96,4,0,-5,0,33.81
fold2_room1_mix1014,97,4,0,-5,0,35.91
fold2_room1_mix1014,98,4,0,-4,-1,37.69
fold2_room1_mix1014,99,4,0,-5,-1,37.59
fold2_room1_mix1015,49,4,0,-175,0,6.92
fold2_room1_mix1015,50,2,0,-88,-4,4.83
fold2_room1_mix1015,50,4,0,-173,0,8.31
fold2_room1_mix1015,51,2,0,-89,-4,7.17
fold2_room1_mix1015,51,4,0,-178,0,10.68
fold2_room1_mix1015,52,2,0,-89,-4,8.65
fold2_room1_mix1015,52,4,0,-174,0,13.91
fold2_room1_mix1015,53,2,0,-84,-3,10.23
fold2_room1_mix1015,53,4,0,-178,-1,15.87
fold2_room1_mix1015,54,2,0,-85,-3,3.43
fold2_room1_mix1015,54,4,0,-171,-1,16.31
fold2_room1_mix1015,55,4,0,-169,-1,16.36
fold2_room1_mix1015,56,4,0,-173,0,16.68
fold2_room1_mix1015,57,4,0,-170,-1,16.36
fold2_room1_mix1015,58,4,0,-168,-1,14.82
fold2_room1_mix1015,59,2,0,-82,-3,8.76
fold2_room1_mix1015,59,4,0,-169,-1,14.40
fold2_room1_mix1015,60,2,0,-83,-2,10.92
fold2_room1_mix1015,60,4,0,-170,-2,12.79
fold2_room1_mix1015,61,2,0,-80,-2,11.23
fold2_room1_mix1015,61,4,0,-165,-2,12.35
fold2_room1_mix1015,62,2,0,-78,-2,11.76
fold2_room1_mix1015,62,4,0,-165,-2,11.48
fold2_room1_mix1015,63,2,0,-78,-2,11.88
fold2_room1_mix1015,63,4,0,-164,-2,11.59
fold2_room1_mix1015,64,4,0,-155,-3,9.92
fold2_room1_mix1015,65,4,0,-156,-3,9.56
fold2_room1_mix1015,66,4,0,-154,-3,8.67
fold2_room1_mix1015,67,4,0,-149,-4,7.93
fold2_room1_mix1015,68,4,0,-147,-4,6.94
fold2_room1_mix1015,69,2,0,-79,-2,10.18
fold2_room1_mix1015,69,4,0,-145,-4,6.06
fold2_room1_mix1015,70,2,0,-73,-2,11.60
fold2_room1_mix1015,70,4,0,-138,-4,5.73
fold2_room1_mix1015,71,2,0,-69,-1,12.15
fold2_room1_mix1015,71,4,0,-125,-5,4.49
fold2_room1_mix1015,72,2,0,-65,-1,14.08
fold2_room1_mix1015,72,4,0,-115,-6,4.32
fold2_room1_mix1015,73,2,0,-66,-1,15.90
fold2_room1_mix1015,73,4,0,-99,-6,3.77
fold2_room1_mix1015,74,4,0,-90,-8,3.76
fold2_room1_mix1015,75,4,0,-78,-6,4.03
fold2_room1_mix1015,76,4,0,-64,-6,4.19
fold2_room1_mix1015,77,4,0,-53,-5,5.30
fold2_room1_mix1015,78,4,0,-47,-5,6.14
fold2_room1_mix1015,79,2,0,-72,-2,10.57
fold2_room1_mix1015,79,4,0,-40,-4,6.77
fold2_room1_mix1015,80,2,0,-66,-2,12.85
fold2_room1_mix1015,80,4,0,-36,-3,7.77
fold2_room1_mix1015,81,2,0,-72,-2,11.86
fold2_room1_mix1015,81,4,0,-27,-2,9.07
fold2_room1_mix1015,82,2,0,-64,-2,11.08
fold2_room1_mix1015,82,4,0,-26,-2,9.27
fold2_room1_mix1015,83,2,0,-65,-1,3.54
fold2_room1_mix1015,83,4,0,-24,-2,10.74
fold2_room1_mix1015,84,4,0,-21,-2,10.96
fold2_room1_mix1015,85,4,0,-21,-1,12.15
fold2_room1_mix1015,86,4,0,-19,-1,13.39
fold2_room1_mix1015,87,4,0,-18,-1,14.58
fold2_room1_mix1015,88,4,0,-17,-1,15.18
fold2_room1_mix1015,89,4,0,-19,-1,16.69
fold2_room1_mix1015,90,4,0,-19,-1,16.89
fold2_room1_mix1015,91,4,0,-16,-1,18.77
fold2_room1_mix1015,92,4,0,-15,-1,18.39
fold2_room1_mix1015,93,4,0,-14,-1,19.26
fold2_room1_mix1015,94,4,0,-14,-1,21.06
fold2_room1_mix1015,95,4,0,-13,-1,22.05
fold2_room1_mix1015,96,4,0,-14,-1,20.35
fold2_room1_mix1015,97,4,0,-13,0,22.07
fold2_room1_mix1015,98,4,0,-13,0,9.73
fold2_room1_mix1015,99,4,0,-14,0,11.36
fold2_room1_mix1016,4,4,0,173,0,7.62
fold2_room1_mix1016,5,4,0,173,0,14.38
fold2_room1_mix1016,6,4,0,174,0,13.58
fold2_room1_mix1016,7,4,0,168,0,14.94
fold2_room1_mix1016,8,4,0,173,0,5.08
fold2_room1_mix1016,9,4,0,175,0,27.25
fold2_room1_mix1016,10,4,0,166,0,13.35
fold2_room1_mix1016,11,4,0,172,0,28.02
fold2_room1_mix1016,12,4,0,173,0,26.11
fold2_room1_mix1016,13,4,0,172,0,25.44
fold2_room1_mix1016,14,4,0,170,0,26.43
fold2_room1_mix1016,15,4,0,169,0,27.80
fold2_room1_mix1016,16,4,0,171,0,26.14
fold2_room1_mix1016,17,4,0,173,0,30.21
fold2_room1_mix1016,18,4,0,173,0,27.78
fold2_room1_mix1016,19,4,0,170,0,26.86
fold2_room1_mix1016,20,4,0,167,0,26.11
fold2_room1_mix1016,21,4,0,171,0,28.50
fold2_room1_mix1016,22,4,0,166,0,23.73
fold2_room1_mix1016,23,4,0,171,0,25.63
fold2_room1_mix1016,24,4,0,172,0,27.05
fold2_room1_mix1016,25,4,0,172,0,27.97
fold2_room1_mix1016,26,4,0,168,0,25.69
fold2_room1_mix1016,27,4,0,170,0,28.18
fold2_room1_mix1016,28,4,0,171,0,28.42
fold2_room1_mix1016,29,4,0,168,0,27.61
fold2_room1_mix1016,30,4,0,169,0,29.27
fold2_room1_mix1016,31,4,0,172,0,28.90
fold2_room1_mix1016,32,4,0,169,0,26.15
fold2_room1_mix1016,33,4,0,172,0,26.64
fold2_room1_mix1016,34,4,0,169,0,26.39
fold2_room1_mix1016,35,4,0,168,0,23.96
fold2_room1_mix1016,36,4,0,167,0,23.80
fold2_room1_mix1016,37,4,0,168,0,23.65
fold2_room1_mix1016,38,4,0,170,0,23.47
fold2_room1_mix1016,39,4,0,168,0,23.93
fold2_room1_mix1016,40,4,0,169,0,24.70
fold2_room1_mix1016,41,4,0,169,-1,22.60
fold2_room1_mix1016,42,4,0,169,0,22.09
fold2_room1_mix1016,43,4,0,169,-1,21.57
fold2_room1_mix1016,44,3,0,88,-3,9.90
fold2_room1_mix1016,44,4,0,169,-1,24.63
fold2_room1_mix1016,45,3,0,90,-3,11.73
fold2_room1_mix1016,45,4,0,172,-1,21.80
fold2_room1_mix1016,46,3,0,75,-3,11.65
fold2_room1_mix1016,46,4,0,174,-1,21.42
fold2_room1_mix1016,47,3,0,67,-4,8.56
fold2_room1_mix1016,47,4,0,174,-1,21.99
fold2_room1_mix1016,48,3,0,66,-4,8.81
fold2_room1_mix1016,48,4,0,177,-1,20.62
fold2_room1_mix1016,49,3,0,60,-3,8.73
fold2_room1_mix1016,49,4,0,175,-1,20.13
fold2_room1_mix1016,50,3,0,60,-3,7.66
fold2_room1_mix1016,50,4,0,175,-1,18.70
fold2_room1_mix1016,51,3,0,66,-3,8.01
fold2_room1_mix1016,51,4,0,175,-1,17.98
fold2_room1_mix1016,52,3,0,69,-3,8.01
fold2_room1_mix1016,52,4,0,171,-1,17.87
fold2_room1_mix1016,53,3,0,83,-4,9.21
fold2_room1_mix1016,53,4,0,174,-1,17.73
fold2_room1_mix1016,54,3,0,94,-4,8.56
fold2_room1_mix1016,54,4,0,173,-1,15.41
fold2_room1_mix1016,55,3,0,104,-4,8.07
fold2_room1_mix1016,55,4,0,173,-2,15.21
fold2_room1_mix1016,56,3,0,99,-4,7.79
fold2_room1_mix1016,56,4,0,178,-2,15.54
fold2_room1_mix1016,56,4,0,161,-2,15.41
fold2_room1_mix1016,57,3,0,99,-4,7.34
fold2_room1_mix1016,57,4,0,-178,-2,14.84
fold2_room1_mix1016,57,4,0,160,-2,15.15
fold2_room1_mix1016,58,4,0,179,-2,13.34
fold2_room1_mix1016,58,4,0,152,-1,15.58
fold2_room1_mix1016,59,4,0,-177,-1,13.41
fold2_room1_mix1016,59,4,0,144,-1,15.13
fold2_room1_mix1016,60,4,0,-178,-2,12.19
fold2_room1_mix1016,60,4,0,141,-2,14.72
fold2_room1_mix1016,61,4,0,-179,-2,10.74
fold2_room1_mix1016,61,4,0,135,-2,13.54
fold2_room1_mix1016,62,3,0,54,-3,9.93
fold2_room1_mix1016,62,4,0,-178,-2,11.58
fold2_room1_mix1016,62,4,0,139,-1,13.58
fold2_room1_mix1016,63,3,0,50,-3,12.78
fold2_room1_mix1016,63,4,0,178,-2,11.69
fold2_room1_mix1016,63,4,0,140,-2,13.20
fold2_room1_mix1016,64,3,0,110,-4,8.32
fold2_room1_mix1016,64,4,0,-175,-2,12.21
fold2_room1_mix1016,64,4,0,127,-2,13.59
fold2_room1_mix1016,65,4,0,-176,-2,9.56
fold2_room1_mix1016,65,4,0,132,-2,11.45
fold2_room1_mix1016,66,3,0,103,-4,9.06
fold2_room1_mix1016,66,4,0,-178,-4,8.47
fold2_room1_mix1016,66,4,0,130,-2,12.89
fold2_room1_mix1016,67,3,0,52,-3,14.34
fold2_room1_mix1016,67,4,0,-178,-4,7.96
fold2_room1_mix1016,67,4,0,135,-2,10.44
fold2_room1_mix1016,68,3,0,44,-3,12.93
fold2_room1_mix1016,68,4,0,178,-4,8.06
fold2_room1_mix1016,68,4,0,142,-2,10.09
fold2_room1_mix1016,69,3,0,42,-2,11.02
fold2_room1_mix1016,69,4,0,-177,-5,6.48
fold2_room1_mix1016,69,4,0,146,-2,9.61
fold2_room1_mix1016,70,3,0,44,-2,11.24
fold2_room1_mix1016,70,4,0,-172,-9,4.25
fold2_room1_mix1016,70,4,0,142,-1,11.42
fold2_room1_mix1016,71,3,0,45,-3,11.28
fold2_room1_mix1016,71,4,0,-173,-14,2.91
fold2_room1_mix1016,71,4,0,128,0,14.10
fold2_room1_mix1016,72,3,0,35,-2,9.51
fold2_room1_mix1016,72,4,0,-160,-24,1.58
fold2_room1_mix1016,72,4,0,114,0,16.64
fold2_room1_mix1016,73,4,0,-125,-46,0.44
fold2_room1_mix1016,73,4,0,107,-7,15.84
fold2_room1_mix1016,74,4,0,-43,-39,0.48
fold2_room1_mix1016,74,4,0,70,-4,13.21
fold2_room1_mix1016,75,4,0,-20,-23,1.27
fold2_room1_mix1016,75,4,0,42,-2,11.32
fold2_room1_mix1016,76,4,0,85,-3,9.65
fold2_room1_mix1016,76,4,0,-10,-16,2.03
fold2_room1_mix1016,76,4,0,12,-13,2.69
fold2_room1_mix1016,77,4,0,39,-3,9.86
fold2_room1_mix1016,77,4,0,-8,-13,2.65
fold2_room1_mix1016,77,4,0,16,-9,4.13
fold2_room1_mix1016,78,4,0,73,-2,12.30
fold2_room1_mix1016,78,4,0,-2,-11,3.33
fold2_room1_mix1016,78,4,0,13,-8,4.41
fold2_room1_mix1016,79,4,0,84,-2,12.61
fold2_room1_mix1016,79,4,0,4,-8,4.63
fold2_room1_mix1016,80,4,0,79,-1,15.30
fold2_room1_mix1016,80,4,0,3,-8,4.64
fold2_room1_mix1016,81,4,0,84,-3,13.75
fold2_room1_mix1016,81,4,0,1,-6,5.83
fold2_room1_mix1016,82,4,0,79,-2,13.70
fold2_room1_mix1016,82,4,0,2,-5,6.27
fold2_room1_mix1016,83,3,0,52,-4,8.66
fold2_room1_mix1016,83,4,0,78,-2,13.54
fold2_room1_mix1016,83,4,0,1,-4,6.57
fold2_room1_mix1016,84,3,0,57,-4,13.68
fold2_room1_mix1016,84,4,0,79,-3,14.10
fold2_room1_mix1016,84,4,0,2,-5,7.38
fold2_room1_mix1016,85,3,0,54,-4,12.06
fold2_room1_mix1016,85,4,0,83,-2,13.71
fold2_room1_mix1016,85,4,0,5,-4,7.69
fold2_room1_mix1016,86,4,0,77,-2,13.86
fold2_room1_mix1016,86,4,0,4,-3,9.38
fold2_room1_mix1016,87,4,0,72,-3,13.95
fold2_room1_mix1016,87,4,0,3,-4,9.43
fold2_room1_mix1016,88,4,0,75,-2,14.25
fold2_room1_mix1016,88,4,0,4,-4,10.19
fold2_room1_mix1016,89,4,0,70,-3,13.02
fold2_room1_mix1016,89,4,0,4,-3,10.76
fold2_room1_mix1016,90,4,0,69,-2,14.33
fold2_room1_mix1016,90,4,0,4,-3,11.34
fold2_room1_mix1016,91,4,0,63,-3,13.37
fold2_room1_mix1016,91,4,0,3,-2,13.44
fold2_room1_mix1016,92,4,0,68,-3,14.36
fold2_room1_mix1016,92,4,0,5,-2,13.95
fold2_room1_mix1016,93,4,0,60,-2,15.18
fold2_room1_mix1016,93,4,0,5,-2,14.93
fold2_room1_mix1016,94,4,0,56,-3,14.38
fold2_room1_mix1016,94,4,0,4,-2,14.94
fold2_room1_mix1016,95,4,0,52,-2,15.62
fold2_room1_mix1016,95,4,0,5,-1,17.14
fold2_room1_mix1016,96,4,0,53,-3,16.16
fold2_room1_mix1016,96,4,0,5,-2,17.36
fold2_room1_mix1016,97,4,0,47,-3,16.57
fold2_room1_mix1016,97,4,0,4,-1,19.36
fold2_room1_mix1016,98,4,0,49,-3,16.00
fold2_room1_mix1016,98,4,0,4,-1,21.21
fold2_room1_mix1016,99,4,0,49,-3,17.53
fold2_room1_mix1016,99,4,0,10,-1,21.22
fold2_room1_mix1017,58,4,0,7,0,4.87
fold2_room1_mix1017,59,4,0,10,-1,11.47
fold2_room1_mix1017,60,4,0,11,-1,12.74
fold2_room1_mix1017,61,4,0,15,-1,14.77
fold2_room1_mix1017,62,4,0,17,-2,15.93
fold2_room1_mix1017,63,4,0,23,-2,15.86
fold2_room1_mix1017,64,4,0,20,-2,14.41
fold2_room1_mix1017,65,4,0,22,-2,12.86
fold2_room1_mix1017,66,4,0,23,-3,12.80
fold2_room1_mix1017,67,4,0,26,-3,12.11
fold2_room1_mix1017,68,4,0,29,-3,11.43
fold2_room1_mix1017,69,4,0,29,-2,10.38
fold2_room1_mix1017,70,4,0,31,-3,10.16
fold2_room1_mix1017,71,4,0,32,-3,8.99
fold2_room1_mix1017,72,4,0,32,-3,8.52
fold2_room1_mix1017,73,4,0,34,-3,7.72
fold2_room1_mix1017,74,4,0,36,-4,7.23
fold2_room1_mix1017,75,4,0,41,-4,6.62
fold2_room1_mix1017,76,4,0,43,-5,6.09
fold2_room1_mix1017,77,4,0,47,-5,5.70
fold2_room1_mix1017,78,4,0,55,-5,4.91
fold2_room1_mix1017,79,4,0,65,-6,4.66
fold2_room1_mix1017,80,4,0,71,-7,4.53
fold2_room1_mix1017,81,4,0,80,-8,4.23
fold2_room1_mix1017,82,4,0,91,-8,4.35
fold2_room1_mix1017,83,4,0,104,-8,4.32
fold2_room1_mix1017,84,4,0,113,-7,4.65
fold2_room1_mix1017,85,4,0,121,-6,4.85
fold2_room1_mix1017,86,4,0,130,-5,5.53
fold2_room1_mix1017,87,4,0,135,-4,6.21
fold2_room1_mix1017,88,4,0,137,-4,6.70
fold2_room1_mix1017,89,4,0,142,-4,7.20
fold2_room1_mix1017,90,4,0,147,-3,7.68
fold2_room1_mix1017,91,4,0,148,-3,8.71
fold2_room1_mix1017,92,4,0,152,-3,8.92
fold2_room1_mix1017,93,4,0,155,-3,9.54
fold2_room1_mix1017,94,4,0,156,-3,10.02
fold2_room1_mix1017,95,4,0,157,-2,10.93
fold2_room1_mix1017,96,4,0,158,-2,11.35
fold2_room1_mix1017,97,4,0,159,-2,12.11
fold2_room1_mix1017,98,4,0,160,-2,12.08
fold2_room1_mix1017,99,4,0,161,-2,12.70
fold2_room1_mix1018,1,4,0,175,0,0.54
fold2_room1_mix1018,2,4,0,178,1,1.23
fold2_room1_mix1018,2,4,0,0,2,1.58
fold2_room1_mix1018,3,4,0,-178,0,7.05
fold2_room1_mix1018,3,4,0,8,0,10.68
fold2_room1_mix1018,4,4,0,178,-2,9.26
fold2_room1_mix1018,4,4,0,8,-1,12.59
fold2_room1_mix1018,5,4,0,178,-1,10.50
fold2_room1_mix1018,5,4,0,7,0,17.16
fold2_room1_mix1018,6,4,0,179,-2,11.77
fold2_room1_mix1018,6,4,0,9,-1,19.27
fold2_room1_mix1018,7,4,0,179,-2,15.76
fold2_room1_mix1018,7,4,0,8,-1,26.50
fold2_room1_mix1018,8,4,0,176,-2,15.31
fold2_room1_mix1018,8,4,0,8,-1,24.09
fold2_room1_mix1018,9,4,0,178,-2,15.68
fold2_room1_mix1018,9,4,0,8,-1,24.92
fold2_room1_mix1018,10,4,0,179,-2,14.40
fold2_room1_mix1018,10,4,0,7,-1,24.87
fold2_room1_mix1018,11,4,0,178,-2,14.28
fold2_room1_mix1018,11,4,0,7,-1,22.28
fold2_room1_mix1018,12,4,0,176,-2,14.53
fold2_room1_mix1018,12,4,0,8,-1,23.22
fold2_room1_mix1018,13,4,0,178,-2,13.38
fold2_room1_mix1018,13,4,0,7,-1,23.09
fold2_room1_mix1018,14,4,0,-178,-3,13.38
fold2_room1_mix1018,14,4,0,4,-1,22.43
fold2_room1_mix1018,15,4,0,178,-2,13.40
fold2_room1_mix1018,15,4,0,7,-1,23.53
fold2_room1_mix1018,16,4,0,178,-3,11.48
fold2_room1_mix1018,16,4,0,7,-1,21.66
fold2_room1_mix1018,17,4,0,-179,-3,11.81
fold2_room1_mix1018,17,4,0,5,-1,20.13
fold2_room1_mix1018,18,4,0,179,-3,10.73
fold2_room1_mix1018,18,4,0,7,-1,20.33
fold2_room1_mix1018,19,4,0,-179,-3,9.94
fold2_room1_mix1018,19,4,0,9,-2,19.45
fold2_room1_mix1018,20,4,0,179,-4,10.02
fold2_room1_mix1018,20,4,0,8,-2,19.18
fold2_room1_mix1018,21,4,0,178,-4,9.54
fold2_room1_mix1018,21,4,0,8,-2,19.14
fold2_room1_mix1018,22,4,0,178,-4,9.36
fold2_room1_mix1018,22,4,0,7,-2,18.90
fold2_room1_mix1018,23,4,0,-176,-4,8.12
fold2_room1_mix1018,23,4,0,9,-2,17.21
fold2_room1_mix1018,24,4,0,-178,-4,7.96
fold2_room1_mix1018,24,4,0,3,-2,17.28
fold2_room1_mix1018,25,4,0,-178,-4,7.93
fold2_room1_mix1018,25,4,0,7,-3,16.60
fold2_room1_mix1018,26,4,0,174,-5,7.62
fold2_room1_mix1018,26,4,0,14,-2,18.75
fold2_room1_mix1018,27,4,0,179,-5,6.92
fold2_room1_mix1018,27,4,0,11,-3,14.92
fold2_room1_mix1018,28,4,0,178,-5,7.36
fold2_room1_mix1018,28,4,0,13,-3,16.99
fold2_room1_mix1018,29,4,0,-177,-7,5.67
fold2_room1_mix1018,29,4,0,15,-3,14.97
fold2_room1_mix1018,30,4,0,-178,-6,5.37
fold2_room1_mix1018,30,4,0,12,-3,13.83
fold2_room1_mix1018,31,4,0,-177,-6,5.44
fold2_room1_mix1018,31,4,0,13,-3,13.57
fold2_room1_mix1018,32,4,0,-175,-6,4.43
fold2_room1_mix1018,32,4,0,167,-6,7.06
fold2_room1_mix1018,32,4,0,10,-3,11.99
fold2_room1_mix1018,33,4,0,-173,-7,4.36
fold2_room1_mix1018,33,4,0,13,-4,12.10
fold2_room1_mix1018,34,4,0,-170,-8,3.45
fold2_room1_mix1018,34,4,0,163,-6,7.18
fold2_room1_mix1018,34,4,0,4,-4,11.37
fold2_room1_mix1018,35,4,0,-169,-9,3.77
fold2_room1_mix1018,35,4,0,9,-5,10.79
fold2_room1_mix1018,36,4,0,-162,-10,2.99
fold2_room1_mix1018,36,4,0,12,-4,11.70
fold2_room1_mix1018,37,4,0,-158,-12,2.74
fold2_room1_mix1018,37,4,0,9,-4,11.49
fold2_room1_mix1018,38,4,0,-155,-15,2.22
fold2_room1_mix1018,38,4,0,6,-2,12.59
fold2_room1_mix1018,39,4,0,-152,-14,4.55
fold2_room1_mix1018,39,4,0,-118,-26,0.74
fold2_room1_mix1018,39,4,0,15,-2,14.68
fold2_room1_mix1018,40,4,0,-72,-29,1.85
fold2_room1_mix1018,40,4,0,16,0,15.29
fold2_room1_mix1018,42,4,0,-34,-14,2.32
fold2_room1_mix1018,42,4,0,11,0,13.59
fold2_room1_mix1018,43,4,0,-160,-10,7.11
fold2_room1_mix1018,43,4,0,-24,-12,2.22
fold2_room1_mix1018,43,4,0,4,-1,12.27
fold2_room1_mix1018,45,4,0,171,-1,12.95
fold2_room1_mix1018,45,4,0,-15,-8,3.29
fold2_room1_mix1018,45,4,0,5,-2,11.47
fold2_room1_mix1018,46,4,0,162,-3,11.23
fold2_room1_mix1018,46,4,0,-3,-5,6.35
fold2_room1_mix1018,47,4,0,147,-4,11.23
fold2_room1_mix1018,47,4,0,-1,-5,6.22
fold2_room1_mix1018,48,4,0,146,-4,10.73
fold2_room1_mix1018,48,4,0,0,-6,5.37
fold2_room1_mix1018,49,4,0,139,-4,10.86
fold2_room1_mix1018,49,4,0,0,-5,5.87
fold2_room1_mix1018,50,4,0,126,-4,11.19
fold2_room1_mix1018,50,4,0,1,-5,5.71
fold2_room1_mix1018,51,4,0,121,-4,11.19
fold2_room1_mix1018,51,4,0,3,-5,5.76
fold2_room1_mix1018,52,4,0,117,-4,11.36
fold2_room1_mix1018,52,4,0,4,-5,6.11
fold2_room1_mix1018,53,4,0,108,-5,11.30
fold2_room1_mix1018,53,4,0,5,-4,6.38
fold2_room1_mix1018,54,4,0,110,-4,11.23
fold2_room1_mix1018,54,4,0,4,-4,6.41
fold2_room1_mix1018,55,4,0,109,-4,11.66
fold2_room1_mix1018,55,4,0,4,-4,6.68
fold2_room1_mix1018,56,4,0,114,-4,11.97
fold2_room1_mix1018,56,4,0,6,-5,6.51
fold2_room1_mix1018,57,4,0,103,-4,11.26
fold2_room1_mix1018,57,4,0,6,-5,6.59
fold2_room1_mix1018,58,4,0,105,-4,11.62
fold2_room1_mix1018,58,4,0,7,-5,6.40
fold2_room1_mix1018,59,4,0,93,-4,11.10
fold2_room1_mix1018,59,4,0,7,-5,6.57
fold2_room1_mix1018,60,4,0,99,-5,10.06
fold2_room1_mix1018,60,4,0,9,-6,6.21
fold2_room1_mix1018,61,4,0,92,-5,10.29
fold2_room1_mix1018,61,4,0,9,-6,6.10
fold2_room1_mix1018,62,4,0,92,-6,10.12
fold2_room1_mix1018,62,4,0,10,-6,6.14
fold2_room1_mix1018,63,4,0,89,-8,7.59
fold2_room1_mix1018,63,4,0,12,-6,6.53
fold2_room1_mix1018,64,4,0,110,-10,7.07
fold2_room1_mix1018,64,4,0,62,-14,3.02
fold2_room1_mix1018,64,4,0,5,-4,10.52
fold2_room1_mix1018,65,4,0,111,-14,4.10
fold2_room1_mix1018,65,4,0,57,-10,4.89
fold2_room1_mix1018,65,4,0,6,-4,11.72
fold2_room1_mix1018,66,4,0,126,-15,2.93
fold2_room1_mix1018,66,4,0,95,-11,4.61
fold2_room1_mix1018,66,4,0,3,-4,12.53
fold2_room1_mix1018,67,4,0,130,-14,2.85
fold2_room1_mix1018,67,4,0,107,-7,5.82
fold2_room1_mix1018,67,4,0,0,-3,12.58
fold2_room1_mix1018,68,4,0,134,-12,3.19
fold2_room1_mix1018,68,4,0,46,-2,9.80
fold2_room1_mix1018,68,4,0,-1,-3,14.16
fold2_room1_mix1018,69,4,0,141,-11,2.35
fold2_room1_mix1018,69,4,0,110,-3,7.28
fold2_room1_mix1018,69,4,0,-1,-3,14.38
fold2_room1_mix1018,70,4,0,145,-11,2.66
fold2_room1_mix1018,70,4,0,117,-3,6.61
fold2_room1_mix1018,70,4,0,3,-3,15.67
fold2_room1_mix1018,71,4,0,148,-9,3.10
fold2_room1_mix1018,71,4,0,108,-1,9.17
fold2_room1_mix1018,71,4,0,1,-2,16.63
fold2_room1_mix1018,72,4,0,156,-9,3.34
fold2_room1_mix1018,72,4,0,111,-4,6.93
fold2_room1_mix1018,72,4,0,21,-2,15.31
fold2_room1_mix1018,73,4,0,158,-9,3.32
fold2_room1_mix1018,73,4,0,95,-2,9.15
fold2_room1_mix1018,73,4,0,12,-2,15.18
fold2_room1_mix1018,74,4,0,164,-7,4.07
fold2_room1_mix1018,74,4,0,98,-2,8.47
fold2_room1_mix1018,74,4,0,14,-1,16.04
fold2_room1_mix1018,75,4,0,165,-6,4.76
fold2_room1_mix1018,75,4,0,87,-2,8.66
fold2_room1_mix1018,75,4,0,10,0,18.40
fold2_room1_mix1018,76,4,0,169,-5,5.60
fold2_room1_mix1018,76,4,0,88,-3,8.53
fold2_room1_mix1018,76,4,0,14,0,19.52
fold2_room1_mix1018,77,4,0,169,-5,6.12
fold2_room1_mix1018,77,4,0,85,-2,8.40
fold2_room1_mix1018,77,4,0,17,0,19.58
fold2_room1_mix1018,78,4,0,170,-5,6.46
fold2_room1_mix1018,78,4,0,84,-3,8.66
fold2_room1_mix1018,78,4,0,18,0,20.67
fold2_room1_mix1018,79,4,0,173,-5,6.53
fold2_room1_mix1018,79,4,0,84,-3,7.98
fold2_room1_mix1018,79,4,0,17,0,20.08
fold2_room1_mix1018,80,4,0,172,-4,7.56
fold2_room1_mix1018,80,4,0,95,-4,7.70
fold2_room1_mix1018,80,4,0,18,0,21.13
fold2_room1_mix1018,81,4,0,173,-4,6.98
fold2_room1_mix1018,81,4,0,75,-3,8.72
fold2_room1_mix1018,81,4,0,17,0,22.15
fold2_room1_mix1018,82,4,0,176,-4,7.89
fold2_room1_mix1018,82,4,0,69,-3,8.71
fold2_room1_mix1018,82,4,0,18,0,21.46
fold2_room1_mix1018,83,4,0,173,-4,8.10
fold2_room1_mix1018,83,4,0,70,-3,9.64
fold2_room1_mix1018,83,4,0,18,0,22.75
fold2_room1_mix1018,84,4,0,173,-3,9.30
fold2_room1_mix1018,84,4,0,67,-3,10.02
fold2_room1_mix1018,84,4,0,14,0,27.01
fold2_room1_mix1018,85,4,0,175,-4,8.72
fold2_room1_mix1018,85,4,0,73,-3,10.14
fold2_room1_mix1018,85,4,0,15,0,23.45
fold2_room1_mix1018,86,4,0,174,-3,9.19
fold2_room1_mix1018,86,4,0,70,-3,9.89
fold2_room1_mix1018,86,4,0,17,0,24.71
fold2_room1_mix1018,87,4,0,175,-3,10.09
fold2_room1_mix1018,87,4,0,60,-2,11.12
fold2_room1_mix1018,87,4,0,10,0,27.64
fold2_room1_mix1018,88,4,0,175,-3,11.47
fold2_room1_mix1018,88,4,0,61,-3,10.50
fold2_room1_mix1018,88,4,0,12,0,25.77
fold2_room1_mix1018,89,4,0,174,-3,12.01
fold2_room1_mix1018,89,4,0,55,-2,12.49
fold2_room1_mix1018,89,4,0,10,0,25.98
fold2_room1_mix1018,90,4,0,172,-2,12.80
fold2_room1_mix1018,90,4,0,55,-2,13.52
fold2_room1_mix1018,90,4,0,10,0,26.40
fold2_room1_mix1018,91,4,0,173,-3,12.54
fold2_room1_mix1018,91,4,0,51,-1,14.39
fold2_room1_mix1018,91,4,0,13,0,25.92
fold2_room1_mix1018,92,4,0,173,-2,14.59
fold2_room1_mix1018,92,4,0,49,-2,14.63
fold2_room1_mix1018,92,4,0,11,0,27.04
fold2_room1_mix1018,93,4,0,172,-2,14.57
fold2_room1_mix1018,93,4,0,54,-1,15.79
fold2_room1_mix1018,93,4,0,11,0,27.37
fold2_room1_mix1018,94,4,0,173,-2,15.47
fold2_room1_mix1018,94,4,0,46,-2,15.51
fold2_room1_mix1018,94,4,0,9,0,27.05
fold2_room1_mix1018,95,4,0,170,-1,17.87
fold2_room1_mix1018,95,4,0,37,-2,16.91
fold2_room1_mix1018,95,4,0,10,0,27.57
fold2_room1_mix1018,96,4,0,171,-1,19.13
fold2_room1_mix1018,96,4,0,38,-1,17.04
fold2_room1_mix1018,96,4,0,9,0,29.01
fold2_room1_mix1018,97,4,0,173,-1,18.93
fold2_room1_mix1018,97,4,0,35,-1,18.21
fold2_room1_mix1018,97,4,0,11,0,28.09
fold2_room1_mix1018,98,4,0,171,-1,21.04
fold2_room1_mix1018,98,4,0,32,-2,18.01
fold2_room1_mix1018,98,4,0,11,0,26.93
fold2_room1_mix1018,99,4,0,170,-2,19.92
fold2_room1_mix1018,99,4,0,30,-1,18.58
fold2_room1_mix1018,99,4,0,10,-1,24.72
fold2_room1_mix1018,41,4,0,-46,-20,0.85
fold2_room1_mix1018,41,4,0,14,0,14.21
fold2_room1_mix1018,44,4,0,-20,-10,2.62
fold2_room1_mix1018,44,4,0,7,-1,11.99
fold2_room1_mix1019,50,4,0,-5,0,8.69
fold2_room1_mix1019,51,4,0,-2,-1,13.87
fold2_room1_mix1019,52,4,0,-4,-1,14.34
fold2_room1_mix1019,53,4,0,-2,-2,15.22
fold2_room1_mix1019,54,4,0,-4,-2,14.63
fold2_room1_mix1019,55,4,0,-4,-2,12.49
fold2_room1_mix1019,56,4,0,-5,-2,13.71
fold2_room1_mix1019,57,4,0,-3,-2,13.69
fold2_room1_mix1019,58,4,0,-7,-2,13.97
fold2_room1_mix1019,59,4,0,-4,-2,13.00
fold2_room1_mix1019,60,4,0,-5,-2,12.37
fold2_room1_mix1019,61,4,0,-2,-2,12.48
fold2_room1_mix1019,62,4,0,-2,-2,12.17
fold2_room1_mix1019,63,4,0,-1,-3,11.57
fold2_room1_mix1019,64,4,0,-4,-3,10.81
fold2_room1_mix1019,65,4,0,-2,-3,10.41
fold2_room1_mix1019,66,4,0,-5,-3,10.01
fold2_room1_mix1019,67,4,0,-5,-4,9.39
fold2_room1_mix1019,68,4,0,-7,-4,8.86
fold2_room1_mix1019,69,4,0,-8,-4,8.63
fold2_room1_mix1019,70,4,0,-7,-5,7.70
fold2_room1_mix1019,71,4,0,-9,-5,7.41
fold2_room1_mix1019,72,4,0,-9,-5,6.87
fold2_room1_mix1019,73,4,0,-9,-5,6.48
fold2_room1_mix1019,74,4,0,-12,-5,5.70
fold2_room1_mix1019,75,4,0,-13,-6,5.12
fold2_room1_mix1019,76,4,0,-17,-6,4.65
fold2_room1_mix1019,77,4,0,-19,-7,4.11
fold2_room1_mix1019,78,4,0,-22,-8,3.53
fold2_room1_mix1019,79,4,0,-25,-9,3.08
fold2_room1_mix1019,80,4,0,-28,-9,2.68
fold2_room1_mix1019,81,4,0,-37,-12,1.94
fold2_room1_mix1019,82,4,0,-44,-14,1.84
fold2_room1_mix1019,83,4,0,-61,-16,1.48
fold2_room1_mix1019,84,4,0,-84,-18,1.44
fold2_room1_mix1019,85,4,0,-111,-15,1.37
fold2_room1_mix1019,86,4,0,-130,-12,1.60
fold2_room1_mix1019,87,4,0,-140,-9,2.23
fold2_room1_mix1019,88,4,0,-149,-8,2.74
fold2_room1_mix1019,89,4,0,-154,-7,3.20
fold2_room1_mix1019,90,4,0,-156,-7,3.72
fold2_room1_mix1019,91,4,0,-159,-6,3.99
fold2_room1_mix1019,92,4,0,-161,-5,4.69
fold2_room1_mix1019,93,4,0,-163,-5,4.80
fold2_room1_mix1019,94,4,0,-164,-4,5.51
fold2_room1_mix1019,95,4,0,-164,-3,6.39
fold2_room1_mix1019,96,4,0,-166,-3,6.95
fold2_room1_mix1019,97,4,0,-167,-3,7.67
fold2_room1_mix1019,98,4,0,-168,-2,8.23
fold2_room1_mix1019,99,4,0,-169,-2,8.69
fold2_room1_mix1020,3,4,0,-4,1,5.48
fold2_room1_mix1020,4,4,0,1,-1,16.01
fold2_room1_mix1020,5,4,0,0,0,19.32
fold2_room1_mix1020,6,4,0,-2,-1,20.59
fold2_room1_mix1020,7,4,0,-1,-1,30.59
fold2_room1_mix1020,8,4,0,0,-1,29.45
fold2_room1_mix1020,9,4,0,0,-1,30.10
fold2_room1_mix1020,10,4,0,-1,-1,29.74
fold2_room1_mix1020,11,4,0,0,-1,29.82
fold2_room1_mix1020,12,4,0,0,-1,29.84
fold2_room1_mix1020,13,4,0,0,-1,28.56
fold2_room1_mix1020,14,4,0,0,-1,28.64
fold2_room1_mix1020,15,4,0,0,-1,28.56
fold2_room1_mix1020,16,4,0,0,-1,25.94
fold2_room1_mix1020,17,4,0,0,-1,28.17
fold2_room1_mix1020,18,4,0,0,-1,27.46
fold2_room1_mix1020,19,4,0,-2,-1,25.63
fold2_room1_mix1020,20,4,0,-1,-1,27.81
fold2_room1_mix1020,21,4,0,-1,-1,26.80
fold2_room1_mix1020,22,4,0,-1,-1,25.94
fold2_room1_mix1020,23,4,0,0,-1,24.89
fold2_room1_mix1020,24,4,0,-2,-1,24.52
fold2_room1_mix1020,25,4,0,-2,-1,24.69
fold2_room1_mix1020,26,4,0,-2,-1,24.34
fold2_room1_mix1020,27,4,0,-2,-1,23.56
fold2_room1_mix1020,28,4,0,-3,-1,23.69
fold2_room1_mix1020,29,4,0,-3,-1,21.95
fold2_room1_mix1020,30,4,0,-4,-1,21.57
fold2_room1_mix1020,31,4,0,-3,-1,21.50
fold2_room1_mix1020,32,4,0,-3,-1,20.98
fold2_room1_mix1020,33,4,0,-3,-1,21.12
fold2_room1_mix1020,34,4,0,-3,-1,20.62
fold2_room1_mix1020,35,4,0,-4,-1,20.38
fold2_room1_mix1020,36,4,0,-3,-1,20.95
fold2_room1_mix1020,37,4,0,-3,-1,19.95
fold2_room1_mix1020,38,4,0,-3,-1,18.90
fold2_room1_mix1020,39,4,0,-4,-1,18.70
fold2_room1_mix1020,40,4,0,-4,-1,18.44
fold2_room1_mix1020,41,4,0,-5,-1,17.19
fold2_room1_mix1020,42,4,0,-5,-1,16.94
fold2_room1_mix1020,43,4,0,-6,-1,16.55
fold2_room1_mix1020,44,4,0,-5,-1,16.76
fold2_room1_mix1020,45,4,0,-6,-1,16.19
fold2_room1_mix1020,46,4,0,-6,-1,16.26
fold2_room1_mix1020,47,4,0,-6,-1,15.20
fold2_room1_mix1020,48,4,0,-7,-2,13.94
fold2_room1_mix1020,49,4,0,-7,-2,13.97
fold2_room1_mix1020,50,4,0,-7,-2,13.89
fold2_room1_mix1020,51,4,0,-7,-2,13.19
fold2_room1_mix1020,52,4,0,-9,-2,13.78
fold2_room1_mix1020,53,4,0,-9,-2,13.57
fold2_room1_mix1020,54,4,0,-9,-2,12.44
fold2_room1_mix1020,55,4,0,-9,-2,12.72
fold2_room1_mix1020,56,4,0,-11,-2,11.85
fold2_room1_mix1020,57,4,0,-10,-3,11.65
fold2_room1_mix1020,58,4,0,-11,-3,11.46
fold2_room1_mix1020,59,4,0,-12,-3,10.69
fold2_room1_mix1020,60,4,0,-13,-3,10.27
fold2_room1_mix1020,61,4,0,-12,-3,9.66
fold2_room1_mix1020,62,4,0,-13,-3,9.15
fold2_room1_mix1020,63,4,0,-14,-4,8.43
fold2_room1_mix1020,64,4,0,-15,-4,8.26
fold2_room1_mix1020,65,4,0,-16,-4,8.19
fold2_room1_mix1020,66,4,0,-17,-5,7.52
fold2_room1_mix1020,67,4,0,-18,-5,6.84
fold2_room1_mix1020,68,4,0,-18,-5,7.15
fold2_room1_mix1020,69,4,0,-19,-5,6.61
fold2_room1_mix1020,70,4,0,-21,-6,6.20
fold2_room1_mix1020,71,4,0,-21,-6,6.10
fold2_room1_mix1020,72,4,0,-23,-6,5.52
fold2_room1_mix1020,73,4,0,-23,-6,5.01
fold2_room1_mix1020,74,4,0,-26,-7,4.64
fold2_room1_mix1020,75,4,0,-26,-8,4.34
fold2_room1_mix1020,76,4,0,-29,-8,4.20
fold2_room1_mix1020,77,4,0,-30,-9,3.92
fold2_room1_mix1020,78,4,0,-34,-9,3.41
fold2_room1_mix1020,79,4,0,-35,-10,3.24
fold2_room1_mix1020,80,4,0,-40,-11,2.90
fold2_room1_mix1020,81,4,0,-43,-11,2.79
fold2_room1_mix1020,82,4,0,-46,-13,2.53
fold2_room1_mix1020,83,4,0,-51,-14,2.44
fold2_room1_mix1020,84,4,0,-57,-15,2.49
fold2_room1_mix1020,85,4,0,-66,-17,2.36
fold2_room1_mix1020,86,4,0,-77,-18,2.26
fold2_room1_mix1020,87,4,0,-87,-18,2.26
fold2_room1_mix1020,88,4,0,-99,-16,2.41
fold2_room1_mix1020,89,4,0,-108,-16,2.52
fold2_room1_mix1020,90,4,0,-120,-14,2.67
fold2_room1_mix1020,91,4,0,-128,-14,2.69
fold2_room1_mix1020,92,4,0,-135,-12,2.80
fold2_room1_mix1020,93,4,0,-138,-11,3.06
fold2_room1_mix1020,94,4,0,-142,-11,3.23
fold2_room1_mix1020,95,4,0,-146,-10,3.47
fold2_room1_mix1020,96,4,0,-147,-10,3.52
fold2_room1_mix1020,97,4,0,-150,-9,4.11
fold2_room1_mix1020,98,4,0,-152,-8,4.39
fold2_room1_mix1020,99,4,0,-152,-8,4.12
fold2_room1_mix1020,1,4,0,-5,0,1.50
fold2_room1_mix1020,2,4,0,-4,2,1.40
fold2_room1_mix1021,0,5,0,70,6,2.46
fold2_room1_mix1021,1,5,0,77,2,4.60
fold2_room1_mix1021,2,5,0,61,6,4.53
fold2_room1_mix1021,3,5,0,67,11,3.19
fold2_room1_mix1021,4,5,0,61,9,4.09
fold2_room1_mix1021,5,5,0,65,11,3.95
fold2_room1_mix1021,6,5,0,65,12,4.38
fold2_room1_mix1021,7,5,0,60,12,4.24
fold2_room1_mix1021,8,5,0,63,13,3.67
fold2_room1_mix1021,9,5,0,60,10,4.93
fold2_room1_mix1021,10,5,0,62,11,4.53
fold2_room1_mix1021,11,5,0,62,16,3.44
fold2_room1_mix1021,12,5,0,64,12,3.93
fold2_room1_mix1021,13,5,0,65,13,3.90
fold2_room1_mix1021,14,5,0,64,12,3.96
fold2_room1_mix1021,15,5,0,62,13,3.75
fold2_room1_mix1021,16,5,0,63,13,3.87
fold2_room1_mix1021,17,5,0,64,13,3.81
fold2_room1_mix1021,18,5,0,61,12,4.04
fold2_room1_mix1021,19,5,0,59,12,4.16
fold2_room1_mix1021,20,5,0,66,12,4.20
fold2_room1_mix1021,21,5,0,61,13,3.90
fold2_room1_mix1021,22,5,0,65,12,4.33
fold2_room1_mix1021,23,5,0,62,12,4.17
fold2_room1_mix1021,24,5,0,63,13,3.86
fold2_room1_mix1021,25,5,0,64,12,4.17
fold2_room1_mix1021,26,5,0,67,13,4.01
fold2_room1_mix1021,27,5,0,65,14,3.72
fold2_room1_mix1021,28,5,0,65,10,4.69
fold2_room1_mix1021,29,5,0,62,12,4.34
fold2_room1_mix1021,30,5,0,65,12,4.31
fold2_room1_mix1021,31,5,0,65,12,4.15
fold2_room1_mix1021,32,5,0,62,10,4.79
fold2_room1_mix1021,33,5,0,64,11,4.35
fold2_room1_mix1021,34,5,0,65,10,4.52
fold2_room1_mix1021,35,5,0,65,12,4.13
fold2_room1_mix1021,36,5,0,68,11,4.56
fold2_room1_mix1021,37,5,0,66,11,4.48
fold2_room1_mix1021,38,5,0,64,11,4.48
fold2_room1_mix1021,39,5,0,64,12,4.15
fold2_room1_mix1021,40,5,0,67,12,4.36
fold2_room1_mix1021,41,5,0,66,11,4.70
fold2_room1_mix1021,42,5,0,66,11,4.58
fold2_room1_mix1021,43,5,0,65,13,3.96
fold2_room1_mix1021,44,5,0,65,10,4.82
fold2_room1_mix1021,45,5,0,69,12,4.38
fold2_room1_mix1021,46,5,0,66,10,4.88
fold2_room1_mix1021,47,5,0,66,11,4.49
fold2_room1_mix1021,48,5,0,67,12,4.32
fold2_room1_mix1021,49,5,0,67,12,4.51
fold2_room1_mix1021,50,5,0,68,11,4.67
fold2_room1_mix1021,51,5,0,63,11,4.44
fold2_room1_mix1021,52,5,0,63,11,4.48
fold2_room1_mix1021,53,5,0,64,11,4.44
fold2_room1_mix1021,54,5,0,66,11,4.57
fold2_room1_mix1021,55,5,0,65,10,4.65
fold2_room1_mix1021,56,5,0,66,11,4.39
fold2_room1_mix1021,57,5,0,64,11,4.72
fold2_room1_mix1021,58,5,0,68,10,4.84
fold2_room1_mix1021,59,5,0,67,12,4.23
fold2_room1_mix1021,60,5,0,66,11,4.70
fold2_room1_mix1021,61,5,0,63,12,4.26
fold2_room1_mix1021,62,5,0,66,12,4.24
fold2_room1_mix1021,63,5,0,66,11,4.41
fold2_room1_mix1021,64,5,0,67,12,4.21
fold2_room1_mix1021,65,5,0,65,11,4.54
fold2_room1_mix1021,66,5,0,65,11,4.50
fold2_room1_mix1021,67,5,0,68,12,4.17
fold2_room1_mix1021,68,5,0,65,11,4.39
fold2_room1_mix1021,69,5,0,66,11,4.45
fold2_room1_mix1021,70,5,0,67,11,4.44
fold2_room1_mix1021,71,5,0,62,11,4.53
fold2_room1_mix1021,72,5,0,66,11,4.37
fold2_room1_mix1021,73,5,0,67,11,4.38
fold2_room1_mix1021,74,5,0,62,10,4.68
fold2_room1_mix1021,75,5,0,69,12,4.18
fold2_room1_mix1021,76,5,0,66,11,4.46
fold2_room1_mix1021,77,5,0,65,12,4.32
fold2_room1_mix1021,78,5,0,71,12,4.39
fold2_room1_mix1021,79,5,0,65,10,4.68
fold2_room1_mix1021,80,5,0,63,12,4.31
fold2_room1_mix1021,81,5,0,65,10,4.58
fold2_room1_mix1021,82,5,0,69,11,4.50
fold2_room1_mix1021,83,5,0,66,10,5.07
fold2_room1_mix1021,84,5,0,65,11,4.37
fold2_room1_mix1021,85,5,0,65,12,4.40
fold2_room1_mix1021,86,5,0,66,11,4.58
fold2_room1_mix1021,87,5,0,68,11,4.39
fold2_room1_mix1021,88,5,0,67,11,4.36
fold2_room1_mix1021,89,5,0,71,11,4.61
fold2_room1_mix1021,90,5,0,65,11,4.48
fold2_room1_mix1021,91,5,0,67,12,4.37
fold2_room1_mix1021,92,5,0,69,11,4.67
fold2_room1_mix1021,93,5,0,66,11,4.45
fold2_room1_mix1021,94,5,0,64,12,4.38
fold2_room1_mix1021,95,5,0,66,12,4.24
fold2_room1_mix1021,96,5,0,67,13,4.14
fold2_room1_mix1021,97,5,0,65,11,4.60
fold2_room1_mix1021,98,5,0,66,11,4.31
fold2_room1_mix1021,99,5,0,63,12,4.36
fold2_room1_mix1022,0,5,0,28,5,3.01
fold2_room1_mix1022,1,5,0,29,4,5.20
fold2_room1_mix1022,2,5,0,25,5,6.01
fold2_room1_mix1022,3,5,0,28,6,5.27
fold2_room1_mix1022,4,5,0,32,10,4.29
fold2_room1_mix1022,5,5,0,27,9,5.13
fold2_room1_mix1022,6,5,0,29,8,6.45
fold2_room1_mix1022,7,5,0,30,10,4.52
fold2_room1_mix1022,8,5,0,33,8,5.60
fold2_room1_mix1022,9,5,0,33,10,4.50
fold2_room1_mix1022,10,5,0,31,12,3.92
fold2_room1_mix1022,11,5,0,36,11,4.21
fold2_room1_mix1022,12,5,0,34,13,3.57
fold2_room1_mix1022,13,5,0,35,10,4.52
fold2_room1_mix1022,14,5,0,32,10,4.50
fold2_room1_mix1022,15,5,0,38,11,4.15
fold2_room1_mix1022,16,5,0,39,10,4.53
fold2_room1_mix1022,17,5,0,37,10,4.23
fold2_room1_mix1022,18,5,0,40,10,4.18
fold2_room1_mix1022,19,5,0,41,10,4.61
fold2_room1_mix1022,20,5,0,40,10,4.57
fold2_room1_mix1022,21,5,0,39,10,4.48
fold2_room1_mix1022,22,5,0,40,10,4.60
fold2_room1_mix1022,23,5,0,41,11,4.06
fold2_room1_mix1022,24,5,0,41,10,4.50
fold2_room1_mix1022,25,5,0,41,11,4.35
fold2_room1_mix1022,26,1,0,174,-1,15.08
fold2_room1_mix1022,26,5,0,43,10,4.95
fold2_room1_mix1022,27,1,0,170,-2,32.24
fold2_room1_mix1022,27,5,0,44,9,5.48
fold2_room1_mix1022,28,1,0,168,-2,4.15
fold2_room1_mix1022,28,5,0,41,11,4.04
fold2_room1_mix1022,29,1,0,172,-2,28.63
fold2_room1_mix1022,29,5,0,42,9,5.50
fold2_room1_mix1022,30,1,0,170,-2,27.93
fold2_room1_mix1022,30,5,0,41,8,5.70
fold2_room1_mix1022,31,1,0,177,-2,26.35
fold2_room1_mix1022,31,5,0,39,9,5.09
fold2_room1_mix1022,32,1,0,169,-2,27.13
fold2_room1_mix1022,32,5,0,42,7,6.80
fold2_room1_mix1022,33,1,0,175,-1,3.20
fold2_room1_mix1022,33,5,0,43,9,5.48
fold2_room1_mix1022,34,1,0,170,-2,20.73
fold2_room1_mix1022,34,5,0,40,9,5.42
fold2_room1_mix1022,35,1,0,170,-2,22.12
fold2_room1_mix1022,35,5,0,43,8,5.02
fold2_room1_mix1022,36,1,0,171,-2,27.75
fold2_room1_mix1022,36,5,0,43,8,6.17
fold2_room1_mix1022,37,1,0,171,-2,7.21
fold2_room1_mix1022,37,5,0,42,8,5.63
fold2_room1_mix1022,38,1,0,163,-2,18.55
fold2_room1_mix1022,38,5,0,45,10,4.76
fold2_room1_mix1022,39,1,0,165,-2,22.31
fold2_room1_mix1022,39,5,0,44,9,5.39
fold2_room1_mix1022,40,1,0,165,-2,17.88
fold2_room1_mix1022,40,5,0,47,7,7.06
fold2_room1_mix1022,41,1,0,159,-2,18.55
fold2_room1_mix1022,41,5,0,49,8,5.18
fold2_room1_mix1022,42,5,0,46,8,5.68
fold2_room1_mix1022,43,1,0,161,-2,11.53
fold2_room1_mix1022,43,5,0,46,7,6.11
fold2_room1_mix1022,44,1,0,147,-3,12.37
fold2_room1_mix1022,44,5,0,55,9,4.84
fold2_room1_mix1022,45,1,0,144,-3,10.84
fold2_room1_mix1022,45,5,0,47,7,7.09
fold2_room1_mix1022,46,1,0,136,-3,9.11
fold2_room1_mix1022,46,5,0,47,6,6.79
fold2_room1_mix1022,47,5,0,48,8,5.84
fold2_room1_mix1022,48,1,0,103,-3,8.07
fold2_room1_mix1022,48,5,0,49,7,6.52
fold2_room1_mix1022,49,1,0,79,-4,9.58
fold2_room1_mix1022,49,5,0,52,8,5.51
fold2_room1_mix1022,50,1,0,52,-4,8.36
fold2_room1_mix1022,50,5,0,47,7,6.50
fold2_room1_mix1022,51,1,0,84,-5,6.22
fold2_room1_mix1022,51,5,0,47,6,8.22
fold2_room1_mix1022,52,5,0,58,9,5.04
fold2_room1_mix1022,53,1,0,36,-3,14.97
fold2_room1_mix1022,53,5,0,48,7,7.32
fold2_room1_mix1022,54,1,0,33,-4,13.41
fold2_room1_mix1022,54,5,0,44,6,7.25
fold2_room1_mix1022,55,1,0,31,-3,14.79
fold2_room1_mix1022,55,5,0,52,7,6.49
fold2_room1_mix1022,56,5,0,53,7,7.18
fold2_room1_mix1022,57,5,0,60,11,4.52
fold2_room1_mix1022,58,1,0,20,-3,16.08
fold2_room1_mix1022,58,4,0,8,1,9.02
fold2_room1_mix1022,58,5,0,54,7,7.31
fold2_room1_mix1022,59,1,0,23,-3,15.65
fold2_room1_mix1022,59,4,0,14,1,10.69
fold2_room1_mix1022,59,5,0,50,5,8.88
fold2_room1_mix1022,60,1,0,17,-3,17.21
fold2_room1_mix1022,60,4,0,8,1,8.91
fold2_room1_mix1022,60,5,0,65,8,5.65
fold2_room1_mix1022,61,5,0,72,7,7.44
fold2_room1_mix1022,62,4,0,20,0,14.56
fold2_room1_mix1022,62,5,0,62,8,6.47
fold2_room1_mix1022,63,1,0,11,-2,15.48
fold2_room1_mix1022,63,4,0,15,1,22.80
fold2_room1_mix1022,63,5,0,60,6,6.93
fold2_room1_mix1022,64,1,0,15,-3,18.50
fold2_room1_mix1022,64,4,0,12,1,10.54
fold2_room1_mix1022,64,5,0,50,5,8.96
fold2_room1_mix1022,65,1,0,17,-2,14.06
fold2_room1_mix1022,65,4,0,13,1,11.71
fold2_room1_mix1022,65,5,0,58,7,6.59
fold2_room1_mix1022,66,4,0,21,1,17.45
fold2_room1_mix1022,66,5,0,73,6,6.81
fold2_room1_mix1022,67,4,0,13,-1,16.14
fold2_room1_mix1022,67,5,0,70,6,6.52
fold2_room1_mix1022,68,1,0,6,-2,13.14
fold2_room1_mix1022,68,4,0,23,0,20.17
fold2_room1_mix1022,68,5,0,67,5,7.81
fold2_room1_mix1022,69,1,0,9,-2,21.19
fold2_room1_mix1022,69,4,0,15,1,16.41
fold2_room1_mix1022,69,5,0,52,6,7.27
fold2_room1_mix1022,70,1,0,7,-2,16.74
fold2_room1_mix1022,70,4,0,16,1,15.48
fold2_room1_mix1022,70,5,0,65,6,7.66
fold2_room1_mix1022,71,4,0,26,0,16.06
fold2_room1_mix1022,71,5,0,81,8,6.36
fold2_room1_mix1022,72,4,0,17,-1,16.63
fold2_room1_mix1022,72,5,0,80,7,6.51
fold2_room1_mix1022,73,1,0,4,-2,12.32
fold2_room1_mix1022,73,4,0,23,0,15.62
fold2_room1_mix1022,73,5,0,81,5,8.32
fold2_room1_mix1022,74,1,0,6,-2,25.66
fold2_room1_mix1022,74,4,0,18,0,12.12
fold2_room1_mix1022,74,5,0,82,6,7.97
fold2_room1_mix1022,75,1,0,1,-2,17.07
fold2_room1_mix1022,75,4,0,20,1,9.66
fold2_room1_mix1022,75,5,0,85,6,8.53
fold2_room1_mix1022,76,4,0,41,0,13.75
fold2_room1_mix1022,76,5,0,87,7,7.10
fold2_room1_mix1022,77,4,0,31,-2,9.95
fold2_room1_mix1022,77,5,0,92,7,7.65
fold2_room1_mix1022,78,1,0,0,-2,9.93
fold2_room1_mix1022,78,4,0,41,0,11.78
fold2_room1_mix1022,78,5,0,90,7,8.22
fold2_room1_mix1022,79,1,0,-3,-2,21.62
fold2_room1_mix1022,79,4,0,45,0,11.46
fold2_room1_mix1022,79,5,0,91,6,8.66
fold2_room1_mix1022,80,1,0,-3,-2,18.77
fold2_room1_mix1022,80,4,0,36,0,9.36
fold2_room1_mix1022,80,5,0,98,7,8.78
fold2_room1_mix1022,81,4,0,57,-1,9.20
fold2_room1_mix1022,81,5,0,105,7,7.54
fold2_room1_mix1022,82,4,0,53,-4,8.09
fold2_room1_mix1022,82,5,0,105,8,8.27
fold2_room1_mix1022,83,1,0,-1,-2,8.53
fold2_room1_mix1022,83,4,0,57,-1,7.00
fold2_room1_mix1022,83,5,0,105,6,8.37
fold2_room1_mix1022,84,1,0,0,-2,19.65
fold2_room1_mix1022,84,4,0,63,0,8.51
fold2_room1_mix1022,84,5,0,107,7,8.82
fold2_room1_mix1022,85,1,0,-2,-2,19.58
fold2_room1_mix1022,85,4,0,62,-2,5.54
fold2_room1_mix1022,85,5,0,111,7,8.73
fold2_room1_mix1022,86,4,0,89,-3,6.29
fold2_room1_mix1022,86,5,0,113,8,7.89
fold2_room1_mix1022,87,4,0,105,-4,6.84
fold2_room1_mix1022,87,5,0,110,7,8.80
fold2_room1_mix1022,88,4,0,110,-3,7.55
fold2_room1_mix1022,88,5,0,118,7,7.36
fold2_room1_mix1022,89,4,0,121,-2,8.24
fold2_room1_mix1022,89,5,0,118,7,7.67
fold2_room1_mix1022,90,4,0,123,-3,8.18
fold2_room1_mix1022,90,5,0,106,8,7.28
fold2_room1_mix1022,91,4,0,130,-2,8.70
fold2_room1_mix1022,91,5,0,112,8,6.74
fold2_room1_mix1022,92,4,0,134,-2,9.70
fold2_room1_mix1022,92,5,0,111,8,7.07
fold2_room1_mix1022,93,4,0,133,-2,9.63
fold2_room1_mix1022,93,5,0,114,9,6.09
fold2_room1_mix1022,94,4,0,138,-2,10.66
fold2_room1_mix1022,94,5,0,120,11,4.38
fold2_room1_mix1022,95,4,0,140,-2,11.46
fold2_room1_mix1022,95,5,0,114,9,5.62
fold2_room1_mix1022,96,4,0,144,-1,12.23
fold2_room1_mix1022,96,5,0,118,9,5.71
fold2_room1_mix1022,97,4,0,146,-1,12.28
fold2_room1_mix1022,97,5,0,126,11,4.15
fold2_room1_mix1022,98,4,0,147,-1,12.78
fold2_room1_mix1022,98,5,0,123,10,4.97
fold2_room1_mix1022,99,4,0,150,-1,13.57
fold2_room1_mix1022,99,5,0,120,10,5.07
fold2_room1_mix1023,39,2,0,-89,-4,7.03
fold2_room1_mix1023,40,2,0,-80,-3,8.84
fold2_room1_mix1023,41,2,0,-84,-3,8.98
fold2_room1_mix1023,42,2,0,-82,-2,9.60
fold2_room1_mix1023,43,2,0,-85,-2,9.17
fold2_room1_mix1023,48,2,0,-79,-2,10.30
fold2_room1_mix1023,49,2,0,-84,-2,10.86
fold2_room1_mix1023,50,2,0,-82,-2,10.42
fold2_room1_mix1023,51,2,0,-85,-3,9.12
fold2_room1_mix1023,52,2,0,-83,-3,9.98
fold2_room1_mix1023,53,2,0,-83,-4,6.79
fold2_room1_mix1023,57,2,0,78,-6,9.00
fold2_room1_mix1023,58,2,0,-80,-3,10.78
fold2_room1_mix1023,59,2,0,-80,-3,10.40
fold2_room1_mix1023,60,2,0,-77,-3,9.50
fold2_room1_mix1023,61,2,0,-78,-3,9.54
fold2_room1_mix1023,62,2,0,-80,-3,10.74
fold2_room1_mix1023,67,2,0,-63,-3,10.11
fold2_room1_mix1023,68,2,0,-70,-3,11.15
fold2_room1_mix1023,69,2,0,-71,-3,10.04
fold2_room1_mix1023,70,2,0,-68,-3,10.89
fold2_room1_mix1023,71,2,0,-72,-3,11.14
fold2_room1_mix1023,72,2,0,-83,-2,10.78
fold2_room1_mix1023,76,2,0,-49,-5,5.22
fold2_room1_mix1023,77,2,0,-67,-3,10.29
fold2_room1_mix1023,78,2,0,-70,-3,10.68
fold2_room1_mix1023,79,2,0,-72,-2,11.37
fold2_room1_mix1023,80,2,0,-74,-2,12.57
fold2_room1_mix1023,81,2,0,-77,-2,11.97
fold2_room1_mix1023,82,2,0,-75,-2,9.07
fold2_room1_mix1024,39,4,0,-12,-1,4.74
fold2_room1_mix1024,40,4,0,-16,-1,7.94
fold2_room1_mix1024,41,4,0,-17,-1,7.72
fold2_room1_mix1024,42,4,0,-16,-1,9.55
fold2_room1_mix1024,43,4,0,-17,-1,12.60
fold2_room1_mix1024,44,4,0,-13,-2,15.38
fold2_room1_mix1024,45,4,0,-18,-3,14.28
fold2_room1_mix1024,46,4,0,-17,-2,14.09
fold2_room1_mix1024,47,4,0,-20,-2,14.31
fold2_room1_mix1024,48,4,0,-18,-3,12.41
fold2_room1_mix1024,49,4,0,-23,-3,12.44
fold2_room1_mix1024,50,4,0,-22,-3,10.98
fold2_room1_mix1024,51,4,0,-22,-3,10.95
fold2_room1_mix1024,52,4,0,-25,-3,10.06
fold2_room1_mix1024,53,4,0,-38,-4,7.67
fold2_room1_mix1024,53,4,0,-19,-3,10.22
fold2_room1_mix1024,54,4,0,-42,-5,6.62
fold2_room1_mix1024,54,4,0,-21,-3,9.66
fold2_room1_mix1024,55,4,0,-30,-4,8.31
fold2_room1_mix1024,56,4,0,-48,-6,6.25
fold2_room1_mix1024,56,4,0,-22,-4,9.05
fold2_room1_mix1024,57,4,0,-54,-6,5.09
fold2_room1_mix1024,57,4,0,-24,-3,8.86
fold2_room1_mix1024,58,4,0,-62,-7,4.42
fold2_room1_mix1024,58,4,0,-25,-3,9.19
fold2_room1_mix1024,59,4,0,-83,-9,4.32
fold2_room1_mix1024,59,4,0,-20,-5,8.01
fold2_room1_mix1024,60,4,0,-92,-9,4.41
fold2_room1_mix1024,60,4,0,-25,-5,7.21
fold2_room1_mix1024,61,4,0,-106,-7,4.02
fold2_room1_mix1024,61,4,0,-21,-6,6.02
fold2_room1_mix1024,62,4,0,-119,-6,4.38
fold2_room1_mix1024,62,4,0,-25,-6,4.81
fold2_room1_mix1024,63,4,0,-118,-5,5.44
fold2_room1_mix1024,63,4,0,-23,-7,4.75
fold2_room1_mix1024,64,4,0,-131,-5,5.16
fold2_room1_mix1024,64,4,0,-25,-8,3.99
fold2_room1_mix1024,65,4,0,-130,-6,5.65
fold2_room1_mix1024,65,4,0,-27,-10,3.62
fold2_room1_mix1024,66,4,0,-126,-7,5.66
fold2_room1_mix1024,66,4,0,-31,-11,3.06
fold2_room1_mix1024,67,4,0,-124,-9,5.39
fold2_room1_mix1024,67,4,0,-47,-17,2.25
fold2_room1_mix1024,68,4,0,-116,-13,3.99
fold2_room1_mix1024,68,4,0,-80,-24,1.52
fold2_room1_mix1024,68,4,0,-61,-19,2.53
fold2_room1_mix1024,69,4,0,-135,-10,4.92
fold2_room1_mix1024,69,4,0,-105,-22,2.34
fold2_room1_mix1024,70,4,0,-134,-13,3.23
fold2_room1_mix1024,71,4,0,-143,-11,3.32
fold2_room1_mix1024,71,4,0,-124,-11,5.31
fold2_room1_mix1024,72,4,0,-151,-9,4.14
fold2_room1_mix1024,72,4,0,-126,-6,7.32
fold2_room1_mix1024,73,4,0,-155,-7,4.87
fold2_room1_mix1024,73,4,0,-134,-5,7.78
fold2_room1_mix1024,74,4,0,-156,-7,5.28
fold2_room1_mix1024,74,4,0,-111,-5,8.62
fold2_room1_mix1024,75,4,0,-162,-5,6.60
fold2_room1_mix1024,75,4,0,-124,-4,8.46
fold2_room1_mix1024,76,4,0,-163,-3,7.65
fold2_room1_mix1024,76,4,0,-119,-4,9.34
fold2_room1_mix1024,77,4,0,-167,-3,8.30
fold2_room1_mix1024,77,4,0,-114,-4,9.78
fold2_room1_mix1024,78,4,0,-167,-3,8.92
fold2_room1_mix1024,78,4,0,-122,-4,9.55
fold2_room1_mix1024,79,4,0,-168,-3,9.67
fold2_room1_mix1024,79,4,0,-132,-3,10.08
fold2_room1_mix1024,80,4,0,-169,-2,9.82
fold2_room1_mix1024,80,4,0,-137,-2,10.25
fold2_room1_mix1024,81,4,0,-169,-1,11.50
fold2_room1_mix1024,81,4,0,-138,-3,10.17
fold2_room1_mix1024,82,4,0,-171,-1,11.70
fold2_room1_mix1024,82,4,0,-142,-2,10.82
fold2_room1_mix1024,83,4,0,-171,-1,12.50
fold2_room1_mix1024,83,4,0,-144,-2,11.26
fold2_room1_mix1024,84,4,0,-171,-1,12.49
fold2_room1_mix1024,84,4,0,-146,-2,10.81
fold2_room1_mix1024,85,4,0,-171,-1,12.13
fold2_room1_mix1024,85,4,0,-153,-2,11.26
fold2_room1_mix1024,86,4,0,-172,-1,12.90
fold2_room1_mix1024,86,4,0,-150,-3,10.51
fold2_room1_mix1024,87,4,0,-172,0,13.68
fold2_room1_mix1024,87,4,0,-151,-2,11.42
fold2_room1_mix1024,88,4,0,-163,-1,12.64
fold2_room1_mix1024,89,4,0,-169,0,13.39
fold2_room1_mix1024,89,4,0,-150,-1,11.88
fold2_room1_mix1024,90,4,0,-162,-1,8.22
fold2_room1_mix1024,91,4,0,-165,-1,6.68
fold2_room1_mix1024,92,4,0,-172,0,3.13
fold2_room1_mix1024,93,4,0,-161,0,6.88
fold2_room1_mix1024,95,4,0,-163,0,5.01
fold2_room1_mix1025,3,4,0,-12,0,10.82
fold2_room1_mix1025,4,4,0,-10,-1,13.56
fold2_room1_mix1025,5,4,0,-10,0,14.87
fold2_room1_mix1025,6,4,0,-12,0,17.27
fold2_room1_mix1025,7,4,0,-8,-1,23.80
fold2_room1_mix1025,8,4,0,-10,-1,23.60
fold2_room1_mix1025,9,4,0,-8,-1,22.88
fold2_room1_mix1025,10,4,0,-7,-1,22.26
fold2_room1_mix1025,11,4,0,-9,-1,21.80
fold2_room1_mix1025,12,4,0,-8,-1,21.52
fold2_room1_mix1025,13,4,0,-9,-1,21.48
fold2_room1_mix1025,14,4,0,-9,-1,21.86
fold2_room1_mix1025,15,4,0,-9,-1,20.64
fold2_room1_mix1025,16,4,0,-10,-1,18.41
fold2_room1_mix1025,17,4,0,-23,-1,19.05
fold2_room1_mix1025,17,4,0,-5,-2,17.63
fold2_room1_mix1025,18,4,0,-33,-1,18.85
fold2_room1_mix1025,18,4,0,-4,-2,16.82
fold2_room1_mix1025,19,4,0,-24,-1,17.94
fold2_room1_mix1025,19,4,0,-5,-2,16.61
fold2_room1_mix1025,20,4,0,-13,-1,17.60
fold2_room1_mix1025,21,4,0,-28,-1,17.23
fold2_room1_mix1025,21,4,0,-7,-2,16.06
fold2_room1_mix1025,22,4,0,-26,-1,16.86
fold2_room1_mix1025,22,4,0,-6,-2,15.09
fold2_room1_mix1025,23,4,0,-29,-1,15.55
fold2_room1_mix1025,23,4,0,-9,-2,13.71
fold2_room1_mix1025,24,4,0,-30,-1,14.25
fold2_room1_mix1025,24,4,0,-9,-3,12.87
fold2_room1_mix1025,25,4,0,-33,-1,13.63
fold2_room1_mix1025,25,4,0,-10,-2,12.54
fold2_room1_mix1025,26,4,0,-28,-1,13.42
fold2_room1_mix1025,26,4,0,-10,-3,11.51
fold2_room1_mix1025,27,4,0,-29,-1,13.62
fold2_room1_mix1025,27,4,0,-10,-3,10.95
fold2_room1_mix1025,28,4,0,-32,-1,12.34
fold2_room1_mix1025,28,4,0,-10,-3,10.50
fold2_room1_mix1025,29,4,0,-31,-1,11.27
fold2_room1_mix1025,29,4,0,-12,-4,9.10
fold2_room1_mix1025,30,4,0,-30,-2,11.18
fold2_room1_mix1025,30,4,0,-10,-4,8.76
fold2_room1_mix1025,31,4,0,-31,-2,9.31
fold2_room1_mix1025,31,4,0,-13,-4,7.85
fold2_room1_mix1025,32,4,0,-34,-2,9.03
fold2_room1_mix1025,32,4,0,-14,-5,7.66
fold2_room1_mix1025,33,4,0,-37,-2,9.20
fold2_room1_mix1025,33,4,0,-17,-5,7.16
fold2_room1_mix1025,34,4,0,-35,-5,6.84
fold2_room1_mix1025,34,4,0,-17,-5,7.70
fold2_room1_mix1025,35,4,0,-27,-6,6.27
fold2_room1_mix1025,36,4,0,-31,-7,6.57
fold2_room1_mix1025,37,4,0,-34,-8,6.35
fold2_room1_mix1025,38,4,0,-43,-13,3.42
fold2_room1_mix1025,38,4,0,-18,-3,13.72
fold2_room1_mix1025,39,4,0,-51,-15,2.91
fold2_room1_mix1025,39,4,0,-24,-3,16.14
fold2_room1_mix1025,40,4,0,-72,-18,2.56
fold2_room1_mix1025,40,4,0,-26,-4,19.28
fold2_room1_mix1025,41,4,0,-95,-18,2.37
fold2_room1_mix1025,41,4,0,-18,-3,22.34
fold2_room1_mix1025,42,4,0,-113,-15,2.58
fold2_room1_mix1025,42,4,0,-30,-3,20.28
fold2_room1_mix1025,43,4,0,-128,-13,2.78
fold2_room1_mix1025,43,4,0,-35,-3,18.86
fold2_room1_mix1025,44,4,0,-140,-12,3.10
fold2_room1_mix1025,44,4,0,-36,-3,19.53
fold2_room1_mix1025,45,4,0,-144,-10,3.35
fold2_room1_mix1025,45,4,0,-12,-5,16.36
fold2_room1_mix1025,46,4,0,-149,-11,4.47
fold2_room1_mix1025,46,4,0,-22,-5,18.53
fold2_room1_mix1025,47,4,0,-152,-10,3.74
fold2_room1_mix1025,47,4,0,-7,-5,12.73
fold2_room1_mix1025,48,4,0,-154,-8,4.12
fold2_room1_mix1025,48,4,0,3,-5,9.88
fold2_room1_mix1025,49,4,0,-155,-7,5.20
fold2_room1_mix1025,49,4,0,61,-8,5.88
fold2_room1_mix1025,49,4,0,10,-4,11.30
fold2_room1_mix1025,50,4,0,-158,-7,5.23
fold2_room1_mix1025,50,4,0,70,-5,6.87
fold2_room1_mix1025,50,4,0,4,-2,12.90
fold2_room1_mix1025,51,4,0,-157,-5,5.69
fold2_room1_mix1025,51,4,0,63,-5,6.61
fold2_room1_mix1025,51,4,0,13,-3,11.08
fold2_room1_mix1025,52,4,0,-157,-5,6.41
fold2_room1_mix1025,52,4,0,68,-5,6.79
fold2_room1_mix1025,52,4,0,9,-3,11.54
fold2_room1_mix1025,53,4,0,-156,-4,6.69
fold2_room1_mix1025,53,4,0,67,-6,6.09
fold2_room1_mix1025,53,4,0,16,-4,9.66
fold2_room1_mix1025,54,4,0,-156,-4,7.35
fold2_room1_mix1025,54,4,0,79,-5,6.80
fold2_room1_mix1025,54,4,0,37,-5,8.98
fold2_room1_mix1025,55,4,0,-157,-3,8.34
fold2_room1_mix1025,55,4,0,72,-5,6.46
fold2_room1_mix1025,55,4,0,37,-6,8.79
fold2_room1_mix1025,56,4,0,-154,-4,8.38
fold2_room1_mix1025,56,4,0,71,-4,7.99
fold2_room1_mix1025,56,4,0,43,-5,10.61
fold2_room1_mix1025,57,4,0,-153,-3,8.69
fold2_room1_mix1025,57,4,0,79,-5,8.76
fold2_room1_mix1025,58,4,0,-153,-3,9.22
fold2_room1_mix1025,58,4,0,84,-5,8.17
fold2_room1_mix1025,59,4,0,-151,-3,9.84
fold2_room1_mix1025,59,4,0,97,-4,10.93
fold2_room1_mix1025,60,4,0,-150,-3,11.54
fold2_room1_mix1025,60,4,0,114,-4,12.52
fold2_room1_mix1025,61,4,0,-150,-2,10.99
fold2_room1_mix1025,61,4,0,124,-2,12.10
fold2_room1_mix1025,62,4,0,-148,-2,11.57
fold2_room1_mix1025,62,4,0,132,-2,12.65
fold2_room1_mix1025,63,4,0,-153,-2,13.16
fold2_room1_mix1025,63,4,0,147,-1,14.09
fold2_room1_mix1025,63,4,0,131,-2,13.15
fold2_room1_mix1025,64,4,0,-153,-2,12.90
fold2_room1_mix1025,64,4,0,153,-1,14.36
fold2_room1_mix1025,64,4,0,133,-2,13.03
fold2_room1_mix1025,65,4,0,-152,-1,13.74
fold2_room1_mix1025,65,4,0,148,-1,13.85
fold2_room1_mix1025,66,4,0,-152,-2,14.46
fold2_room1_mix1025,66,4,0,149,-1,14.63
fold2_room1_mix1025,67,4,0,-149,-1,14.81
fold2_room1_mix1025,67,4,0,165,-1,15.02
fold2_room1_mix1025,67,4,0,137,-1,14.84
fold2_room1_mix1025,68,4,0,-146,0,15.08
fold2_room1_mix1025,68,4,0,147,0,14.40
fold2_room1_mix1025,69,4,0,-148,-1,15.93
fold2_room1_mix1025,69,4,0,151,0,15.78
fold2_room1_mix1025,70,4,0,-149,-1,17.19
fold2_room1_mix1025,70,4,0,164,0,16.13
fold2_room1_mix1025,70,4,0,147,-1,15.82
fold2_room1_mix1025,71,4,0,-146,0,18.03
fold2_room1_mix1025,71,4,0,157,-1,15.89
fold2_room1_mix1025,72,4,0,172,-1,16.62
fold2_room1_mix1025,72,4,0,155,0,15.93
fold2_room1_mix1025,72,4,0,-131,-1,15.29
fold2_room1_mix1025,73,4,0,160,0,16.42
fold2_room1_mix1025,73,4,0,-131,0,15.86
fold2_room1_mix1025,74,4,0,160,0,16.47
fold2_room1_mix1025,74,4,0,-129,0,15.11
fold2_room1_mix1025,75,4,0,161,0,18.53
fold2_room1_mix1025,75,4,0,-130,-1,14.98
fold2_room1_mix1025,76,4,0,168,0,19.11
fold2_room1_mix1025,76,4,0,153,0,17.98
fold2_room1_mix1025,76,4,0,-127,-1,15.28
fold2_room1_mix1025,77,4,0,164,0,19.49
fold2_room1_mix1025,77,4,0,-127,-1,15.56
fold2_room1_mix1025,78,4,0,165,0,18.94
fold2_room1_mix1025,78,4,0,-128,-1,15.12
fold2_room1_mix1025,79,4,0,165,0,20.59
fold2_room1_mix1025,79,4,0,-128,-2,15.32
fold2_room1_mix1025,80,4,0,167,0,20.76
fold2_room1_mix1025,80,4,0,-126,-1,15.53
fold2_room1_mix1025,81,4,0,166,-1,22.13
fold2_room1_mix1025,81,4,0,-128,-2,15.62
fold2_room1_mix1025,82,4,0,165,0,22.93
fold2_room1_mix1025,82,4,0,-130,-1,16.38
fold2_room1_mix1025,83,4,0,167,0,22.96
fold2_room1_mix1025,83,4,0,-127,-1,17.36
fold2_room1_mix1025,84,4,0,170,0,23.98
fold2_room1_mix1025,84,4,0,-125,-1,18.40
fold2_room1_mix1025,85,4,0,171,0,24.42
fold2_room1_mix1025,85,4,0,-129,-1,18.72
fold2_room1_mix1025,86,4,0,170,0,24.69
fold2_room1_mix1025,86,4,0,-126,-1,17.95
fold2_room1_mix1025,87,4,0,172,0,24.62
fold2_room1_mix1025,87,4,0,-123,-1,19.22
fold2_room1_mix1025,88,4,0,171,0,26.03
fold2_room1_mix1025,88,4,0,-127,-1,18.25
fold2_room1_mix1025,89,4,0,171,0,26.80
fold2_room1_mix1025,89,4,0,-124,-1,19.54
fold2_room1_mix1025,90,4,0,172,0,26.61
fold2_room1_mix1025,90,4,0,-127,-1,19.18
fold2_room1_mix1025,91,4,0,172,0,27.91
fold2_room1_mix1025,91,4,0,-128,-1,20.07
fold2_room1_mix1025,92,4,0,172,0,29.79
fold2_room1_mix1025,92,4,0,-132,-1,20.28
fold2_room1_mix1025,93,4,0,173,0,28.57
fold2_room1_mix1025,93,4,0,-131,0,21.31
fold2_room1_mix1025,94,4,0,173,0,28.87
fold2_room1_mix1025,94,4,0,-131,0,21.23
fold2_room1_mix1025,95,4,0,171,0,30.17
fold2_room1_mix1025,95,4,0,-135,-1,21.05
fold2_room1_mix1025,96,4,0,173,0,29.53
fold2_room1_mix1025,96,4,0,-130,-1,21.44
fold2_room1_mix1025,97,4,0,173,0,32.41
fold2_room1_mix1025,97,4,0,-133,-1,21.74
fold2_room1_mix1025,98,4,0,171,0,32.06
fold2_room1_mix1025,98,4,0,-134,-1,21.80
fold2_room1_mix1025,99,4,0,170,0,31.71
fold2_room1_mix1025,99,4,0,-135,-1,21.26
fold2_room1_mix1025,1,4,0,-11,0,1.46
fold2_room1_mix1025,2,4,0,-11,1,2.47
fold2_room1_mix1026,20,0,0,176,-1,2.87
fold2_room1_mix1026,21,0,0,172,-1,7.60
fold2_room1_mix1026,22,0,0,167,-1,15.72
fold2_room1_mix1026,23,0,0,168,-1,16.32
fold2_room1_mix1026,24,0,0,166,-1,24.33
fold2_room1_mix1026,25,0,0,166,-1,29.88
fold2_room1_mix1026,26,0,0,164,-1,36.43
fold2_room1_mix1026,27,0,0,162,-1,31.33
fold2_room1_mix1026,28,0,0,163,-1,32.47
fold2_room1_mix1026,29,0,0,163,0,36.66
fold2_room1_mix1026,30,0,0,163,-1,30.51
fold2_room1_mix1026,31,0,0,162,-1,30.78
fold2_room1_mix1026,32,0,0,162,-1,27.93
fold2_room1_mix1026,33,0,0,160,-1,23.78
fold2_room1_mix1026,34,0,0,156,-1,26.70
fold2_room1_mix1026,35,0,0,158,-1,24.27
fold2_room1_mix1026,36,0,0,156,-1,21.99
fold2_room1_mix1026,37,0,0,154,-1,21.65
fold2_room1_mix1026,38,0,0,152,-1,20.20
fold2_room1_mix1026,39,0,0,148,-1,17.91
fold2_room1_mix1026,40,0,0,147,-1,17.92
fold2_room1_mix1026,41,0,0,141,-1,16.85
fold2_room1_mix1026,42,0,0,138,-2,15.50
fold2_room1_mix1026,43,0,0,135,-2,12.43
fold2_room1_mix1026,44,0,0,125,-2,12.08
fold2_room1_mix1026,45,0,0,113,-3,10.49
fold2_room1_mix1026,46,0,0,105,-3,8.91
fold2_room1_mix1026,47,0,0,101,-3,10.21
fold2_room1_mix1026,48,0,0,99,-3,10.69
fold2_room1_mix1026,49,0,0,96,-3,10.62
fold2_room1_mix1026,50,0,0,94,-3,12.76
fold2_room1_mix1026,51,0,0,96,-2,4.32
fold2_room1_mix1026,52,0,0,100,-1,4.55
fold2_room1_mix1027,52,2,0,96,-4,6.01
fold2_room1_mix1027,52,4,0,175,0,5.11
fold2_room1_mix1027,53,2,0,94,-4,8.23
fold2_room1_mix1027,53,4,0,176,0,6.58
fold2_room1_mix1027,54,2,0,94,-4,8.55
fold2_room1_mix1027,54,4,0,177,0,13.30
fold2_room1_mix1027,55,2,0,88,-4,10.01
fold2_room1_mix1027,55,4,0,179,0,13.10
fold2_room1_mix1027,56,4,0,-177,0,16.92
fold2_room1_mix1027,57,4,0,-179,0,18.79
fold2_room1_mix1027,58,4,0,-177,-1,19.74
fold2_room1_mix1027,59,4,0,-175,-1,18.45
fold2_room1_mix1027,60,4,0,-179,-1,17.60
fold2_room1_mix1027,61,2,0,88,-3,7.91
fold2_room1_mix1027,61,4,0,-177,-1,16.60
fold2_room1_mix1027,62,2,0,93,-4,9.50
fold2_room1_mix1027,62,4,0,-175,-1,15.87
fold2_room1_mix1027,63,2,0,91,-3,10.11
fold2_room1_mix1027,63,4,0,-175,-1,15.12
fold2_room1_mix1027,64,2,0,90,-3,9.45
fold2_room1_mix1027,64,4,0,-175,-1,14.83
fold2_room1_mix1027,65,2,0,93,-3,10.83
fold2_room1_mix1027,65,4,0,-173,-2,13.47
fold2_room1_mix1027,66,4,0,-173,-2,12.14
fold2_room1_mix1027,67,4,0,-173,-2,11.70
fold2_room1_mix1027,68,4,0,-170,-2,11.34
fold2_room1_mix1027,69,4,0,-167,-3,9.88
fold2_room1_mix1027,70,4,0,-167,-3,9.49
fold2_room1_mix1027,71,2,0,91,-3,7.69
fold2_room1_mix1027,71,4,0,-165,-3,8.43
fold2_room1_mix1027,72,2,0,92,-3,7.86
fold2_room1_mix1027,72,4,0,-163,-4,7.67
fold2_room1_mix1027,73,2,0,92,-3,7.99
fold2_room1_mix1027,73,4,0,-160,-4,6.74
fold2_room1_mix1027,74,2,0,87,-4,8.68
fold2_room1_mix1027,74,4,0,-157,-4,6.04
fold2_room1_mix1027,75,2,0,85,-3,8.52
fold2_room1_mix1027,75,4,0,-153,-5,5.04
fold2_room1_mix1027,76,4,0,-152,-6,4.72
fold2_room1_mix1027,77,4,0,-145,-8,3.64
fold2_room1_mix1027,78,4,0,-137,-10,3.13
fold2_room1_mix1027,79,4,0,-128,-13,2.51
fold2_room1_mix1027,80,4,0,-107,-15,2.20
fold2_room1_mix1027,81,2,0,76,-3,4.10
fold2_room1_mix1027,81,4,0,-89,-14,2.16
fold2_room1_mix1027,82,2,0,78,-3,8.37
fold2_room1_mix1027,82,4,0,-69,-13,2.21
fold2_room1_mix1027,83,4,0,-50,-10,2.62
fold2_room1_mix1027,84,4,0,-39,-9,3.20
fold2_room1_mix1027,85,4,0,-32,-7,4.03
fold2_room1_mix1027,86,4,0,-26,-6,4.65
fold2_room1_mix1027,87,4,0,-20,-5,5.74
fold2_room1_mix1027,88,4,0,-17,-5,6.18
fold2_room1_mix1027,89,4,0,-13,-4,7.14
fold2_room1_mix1027,90,4,0,-13,-4,7.82
fold2_room1_mix1027,91,4,0,-11,-4,8.95
fold2_room1_mix1027,92,4,0,-9,-3,9.73
fold2_room1_mix1027,93,4,0,-9,-3,10.21
fold2_room1_mix1027,94,4,0,-8,-3,11.39
fold2_room1_mix1027,95,4,0,-7,-3,12.50
fold2_room1_mix1027,96,4,0,-6,-2,12.91
fold2_room1_mix1027,97,4,0,-5,-3,14.30
fold2_room1_mix1027,98,4,0,-6,-2,14.46
fold2_room1_mix1027,99,4,0,-5,-2,15.23
fold2_room1_mix1028,53,4,0,144,-2,3.33
fold2_room1_mix1028,54,4,0,139,-2,6.23
fold2_room1_mix1028,57,4,0,130,-3,4.66
fold2_room1_mix1028,58,4,0,132,-4,6.41
fold2_room1_mix1028,59,4,0,126,-3,10.43
fold2_room1_mix1028,60,4,0,121,-3,10.88
fold2_room1_mix1028,61,4,0,115,-2,11.05
fold2_room1_mix1028,62,4,0,113,-3,10.79
fold2_room1_mix1028,63,4,0,107,-3,10.65
fold2_room1_mix1028,64,4,0,102,-3,10.30
fold2_room1_mix1028,65,4,0,97,-3,10.52
fold2_room1_mix1028,66,4,0,92,-3,10.59
fold2_room1_mix1028,67,4,0,87,-3,10.74
fold2_room1_mix1028,68,4,0,85,-3,10.41
fold2_room1_mix1028,69,4,0,81,-3,10.68
fold2_room1_mix1028,70,4,0,79,-3,9.74
fold2_room1_mix1028,71,4,0,80,-2,8.88
fold2_room1_mix1028,72,4,0,88,-1,1.95
fold2_room1_mix1028,74,4,0,81,-2,2.80
fold2_room1_mix1029,59,4,0,41,-1,5.18
fold2_room1_mix1029,60,4,0,39,-1,7.94
fold2_room1_mix1029,61,4,0,40,-2,10.98
fold2_room1_mix1029,62,4,0,40,-2,11.01
fold2_room1_mix1029,63,4,0,43,-3,12.85
fold2_room1_mix1029,64,4,0,44,-2,10.82
fold2_room1_mix1029,65,4,0,48,-3,11.58
fold2_room1_mix1029,66,4,0,52,-2,10.38
fold2_room1_mix1029,67,4,0,50,-3,10.44
fold2_room1_mix1029,68,4,0,53,-2,10.62
fold2_room1_mix1029,69,4,0,55,-2,12.08
fold2_room1_mix1029,70,4,0,61,-3,11.79
fold2_room1_mix1029,71,4,0,62,-3,11.86
fold2_room1_mix1029,72,4,0,67,-3,11.79
fold2_room1_mix1029,73,4,0,69,-3,11.44
fold2_room1_mix1029,74,4,0,70,-3,11.41
fold2_room1_mix1029,75,4,0,72,-3,11.22
fold2_room1_mix1029,76,4,0,76,-3,11.12
fold2_room1_mix1029,77,4,0,79,-4,10.94
fold2_room1_mix1029,78,4,0,82,-3,11.21
fold2_room1_mix1029,79,4,0,80,-4,10.74
fold2_room1_mix1029,80,4,0,85,-4,10.71
fold2_room1_mix1029,81,4,0,87,-4,10.66
fold2_room1_mix1029,82,4,0,91,-4,10.92
fold2_room1_mix1029,83,4,0,94,-4,10.75
fold2_room1_mix1029,84,4,0,98,-4,10.62
fold2_room1_mix1029,85,4,0,101,-4,10.89
fold2_room1_mix1029,86,4,0,105,-4,11.11
fold2_room1_mix1029,87,4,0,108,-3,10.92
fold2_room1_mix1029,88,4,0,111,-3,11.40
fold2_room1_mix1029,89,4,0,113,-3,11.65
fold2_room1_mix1029,90,4,0,119,-4,11.78
fold2_room1_mix1029,91,4,0,122,-3,12.17
fold2_room1_mix1029,92,4,0,122,-3,11.99
fold2_room1_mix1029,93,4,0,125,-3,12.07
fold2_room1_mix1029,94,4,0,127,-3,12.33
fold2_room1_mix1029,95,4,0,129,-3,10.30
fold2_room1_mix1029,96,4,0,133,-3,9.65
fold2_room1_mix1029,97,4,0,126,-2,3.25
fold2_room1_mix1029,99,4,0,139,-3,9.59
fold2_room1_mix1030,3,4,0,-178,0,3.81
fold2_room1_mix1030,4,4,0,-178,0,15.33
fold2_room1_mix1030,5,4,0,-178,0,15.79
fold2_room1_mix1030,6,4,0,-178,0,16.55
fold2_room1_mix1030,7,4,0,-178,-1,23.76
fold2_room1_mix1030,8,4,0,-178,-1,24.83
fold2_room1_mix1030,9,4,0,-178,-1,24.80
fold2_room1_mix1030,10,4,0,-178,-1,23.83
fold2_room1_mix1030,11,4,0,-178,-1,23.70
fold2_room1_mix1030,12,4,0,-179,0,23.41
fold2_room1_mix1030,13,4,0,-178,-1,22.04
fold2_room1_mix1030,14,4,0,-177,-1,21.83
fold2_room1_mix1030,15,4,0,-177,-1,21.35
fold2_room1_mix1030,16,4,0,-177,-1,20.09
fold2_room1_mix1030,17,4,0,-176,-1,19.81
fold2_room1_mix1030,18,4,0,-176,-1,18.67
fold2_room1_mix1030,19,4,0,-176,-1,18.93
fold2_room1_mix1030,20,4,0,-175,-1,19.69
fold2_room1_mix1030,21,4,0,-175,-1,19.19
fold2_room1_mix1030,22,4,0,-175,-1,18.54
fold2_room1_mix1030,23,4,0,-175,-1,17.71
fold2_room1_mix1030,24,4,0,-175,-1,18.23
fold2_room1_mix1030,25,4,0,-174,-1,17.88
fold2_room1_mix1030,26,4,0,-174,-1,17.30
fold2_room1_mix1030,27,4,0,-174,-1,16.85
fold2_room1_mix1030,28,4,0,-173,-1,16.72
fold2_room1_mix1030,29,4,0,-173,-1,14.96
fold2_room1_mix1030,30,4,0,-173,-1,15.43
fold2_room1_mix1030,31,4,0,-173,-2,15.67
fold2_room1_mix1030,32,4,0,-171,-2,14.24
fold2_room1_mix1030,33,4,0,-170,-2,13.97
fold2_room1_mix1030,34,4,0,-171,-2,13.58
fold2_room1_mix1030,35,4,0,-171,-2,12.75
fold2_room1_mix1030,36,4,0,-170,-2,12.91
fold2_room1_mix1030,37,4,0,-170,-2,12.27
fold2_room1_mix1030,38,4,0,-168,-2,11.35
fold2_room1_mix1030,39,4,0,-169,-3,10.93
fold2_room1_mix1030,40,4,0,-168,-3,10.80
fold2_room1_mix1030,41,4,0,-167,-3,9.87
fold2_room1_mix1030,42,4,0,-166,-3,9.83
fold2_room1_mix1030,43,4,0,-166,-3,9.50
fold2_room1_mix1030,44,4,0,-163,-4,8.87
fold2_room1_mix1030,45,4,0,-163,-4,8.48
fold2_room1_mix1030,46,4,0,-162,-4,7.68
fold2_room1_mix1030,47,4,0,-161,-4,7.39
fold2_room1_mix1030,48,4,0,-160,-5,6.67
fold2_room1_mix1030,49,4,0,-159,-5,6.15
fold2_room1_mix1030,50,4,0,-157,-6,5.59
fold2_room1_mix1030,51,4,0,-155,-6,5.08
fold2_room1_mix1030,52,4,0,-153,-7,4.85
fold2_room1_mix1030,53,4,0,-152,-7,4.50
fold2_room1_mix1030,54,4,0,-150,-8,3.81
fold2_room1_mix1030,55,4,0,-145,-9,3.12
fold2_room1_mix1030,56,4,0,-141,-10,2.85
fold2_room1_mix1030,57,4,0,-135,-11,2.71
fold2_room1_mix1030,58,4,0,-128,-13,2.34
fold2_room1_mix1030,59,4,0,-116,-13,2.20
fold2_room1_mix1030,60,4,0,-97,-14,2.14
fold2_room1_mix1030,61,4,0,-80,-13,2.06
fold2_room1_mix1030,62,4,0,-65,-11,2.21
fold2_room1_mix1030,63,4,0,-54,-11,2.46
fold2_room1_mix1030,64,4,0,-43,-9,2.75
fold2_room1_mix1030,65,4,0,-38,-8,3.07
fold2_room1_mix1030,66,4,0,-32,-7,3.47
fold2_room1_mix1030,67,4,0,-28,-6,3.72
fold2_room1_mix1030,68,4,0,-24,-6,4.18
fold2_room1_mix1030,69,4,0,-21,-6,4.49
fold2_room1_mix1030,70,4,0,-19,-5,4.99
fold2_room1_mix1030,71,4,0,-18,-5,5.32
fold2_room1_mix1030,72,4,0,-16,-5,6.12
fold2_room1_mix1030,73,4,0,-15,-4,6.40
fold2_room1_mix1030,74,4,0,-14,-4,6.59
fold2_room1_mix1030,75,4,0,-13,-4,7.21
fold2_room1_mix1030,76,4,0,-12,-4,7.86
fold2_room1_mix1030,77,4,0,-12,-3,8.32
fold2_room1_mix1030,78,4,0,-11,-3,8.69
fold2_room1_mix1030,79,4,0,-10,-3,9.07
fold2_room1_mix1030,80,4,0,-10,-3,9.84
fold2_room1_mix1030,81,4,0,-9,-3,10.11
fold2_room1_mix1030,82,4,0,-8,-3,10.54
fold2_room1_mix1030,83,4,0,-8,-3,11.07
fold2_room1_mix1030,84,4,0,-7,-3,11.96
fold2_room1_mix1030,85,4,0,-6,-3,12.12
fold2_room1_mix1030,86,4,0,-6,-3,12.12
fold2_room1_mix1030,87,4,0,-5,-2,13.01
fold2_room1_mix1030,88,4,0,-5,-2,13.21
fold2_room1_mix1030,89,4,0,-6,-2,13.81
fold2_room1_mix1030,90,4,0,-5,-2,14.52
fold2_room1_mix1030,91,4,0,-4,-2,15.16
fold2_room1_mix1030,92,4,0,-4,-2,15.73
fold2_room1_mix1030,93,4,0,-4,-2,15.80
fold2_room1_mix1030,94,4,0,-4,-2,16.18
fold2_room1_mix1030,95,4,0,-3,-2,16.78
fold2_room1_mix1030,96,4,0,-3,-2,17.40
fold2_room1_mix1030,97,4,0,-3,-1,19.01
fold2_room1_mix1030,98,4,0,-2,-2,18.41
fold2_room1_mix1030,99,4,0,-2,-2,17.52
fold2_room1_mix1031,28,4,0,174,-2,3.00
fold2_room1_mix1031,31,4,0,174,-2,8.90
fold2_room1_mix1031,32,4,0,176,-2,10.44
fold2_room1_mix1031,33,4,0,175,-2,7.57
fold2_room1_mix1031,34,4,0,173,-2,10.27
fold2_room1_mix1031,35,4,0,177,-2,10.44
fold2_room1_mix1031,36,4,0,172,-2,10.13
fold2_room1_mix1031,37,1,0,132,-2,21.60
fold2_room1_mix1031,37,4,0,173,-3,10.27
fold2_room1_mix1031,38,1,0,123,-3,17.60
fold2_room1_mix1031,38,4,0,176,-3,9.98
fold2_room1_mix1031,39,1,0,123,-3,16.92
fold2_room1_mix1031,39,4,0,173,-3,9.92
fold2_room1_mix1031,40,1,0,117,-3,3.75
fold2_room1_mix1031,40,4,0,176,-3,9.90
fold2_room1_mix1031,41,1,0,114,-3,14.44
fold2_room1_mix1031,41,4,0,-179,-3,10.87
fold2_room1_mix1031,42,1,0,106,-3,14.10
fold2_room1_mix1031,42,4,0,170,-4,9.97
fold2_room1_mix1031,43,1,0,102,-3,14.15
fold2_room1_mix1031,43,4,0,178,-3,10.07
fold2_room1_mix1031,44,1,0,102,-3,12.57
fold2_room1_mix1031,44,4,0,-178,-2,11.74
fold2_room1_mix1031,45,1,0,99,-2,2.42
fold2_room1_mix1031,45,4,0,179,-3,10.76
fold2_room1_mix1031,46,1,0,80,-3,12.62
fold2_room1_mix1031,46,4,0,-177,-4,8.66
fold2_room1_mix1031,47,1,0,76,-3,14.45
fold2_room1_mix1031,47,4,0,168,-3,11.06
fold2_room1_mix1031,48,1,0,70,-3,14.51
fold2_room1_mix1031,48,4,0,179,-3,9.39
fold2_room1_mix1031,49,1,0,60,-3,11.73
fold2_room1_mix1031,49,4,0,-178,-3,13.27
fold2_room1_mix1031,50,4,0,-175,-3,9.24
fold2_room1_mix1031,51,1,0,56,-3,13.20
fold2_room1_mix1031,51,4,0,-172,-3,9.25
fold2_room1_mix1031,52,1,0,48,-3,16.68
fold2_room1_mix1031,52,4,0,174,-3,8.99
fold2_room1_mix1031,53,1,0,44,-2,16.98
fold2_room1_mix1031,53,4,0,-173,-3,9.21
fold2_room1_mix1031,54,1,0,42,-3,14.72
fold2_room1_mix1031,54,4,0,-178,-4,10.47
fold2_room1_mix1031,55,2,0,88,-6,1.85
fold2_room1_mix1031,55,4,0,-177,-3,7.97
fold2_room1_mix1031,56,2,0,121,-5,1.50
fold2_room1_mix1031,56,4,0,-178,-4,7.73
fold2_room1_mix1031,57,1,0,41,-2,15.45
fold2_room1_mix1031,57,4,0,176,-4,7.89
fold2_room1_mix1031,58,1,0,38,-2,16.44
fold2_room1_mix1031,58,4,0,-178,-5,7.73
fold2_room1_mix1031,59,1,0,40,-2,16.93
fold2_room1_mix1031,59,4,0,-179,-4,9.78
fold2_room1_mix1031,60,1,0,58,-3,12.14
fold2_room1_mix1031,60,4,0,178,-5,7.28
fold2_room1_mix1031,61,2,0,69,-4,10.89
fold2_room1_mix1031,61,4,0,174,-5,6.47
fold2_room1_mix1031,62,1,0,34,-2,15.09
fold2_room1_mix1031,62,2,0,98,-6,9.08
fold2_room1_mix1031,62,4,0,174,-7,5.40
fold2_room1_mix1031,63,1,0,35,-2,15.70
fold2_room1_mix1031,63,2,0,87,-5,8.84
fold2_room1_mix1031,63,4,0,175,-6,7.44
fold2_room1_mix1031,64,1,0,34,-3,19.85
fold2_room1_mix1031,64,2,0,92,-6,6.86
fold2_room1_mix1031,64,4,0,-176,-5,6.23
fold2_room1_mix1031,65,1,0,36,-2,4.28
fold2_room1_mix1031,65,2,0,88,-5,10.50
fold2_room1_mix1031,65,4,0,178,-5,5.76
fold2_room1_mix1031,66,2,0,80,-5,8.67
fold2_room1_mix1031,66,4,0,172,-8,3.99
fold2_room1_mix1031,67,1,0,46,-3,11.82
fold2_room1_mix1031,67,4,0,174,-9,3.35
fold2_room1_mix1031,68,1,0,81,-4,14.54
fold2_room1_mix1031,68,4,0,165,-9,2.93
fold2_room1_mix1031,69,1,0,114,-4,11.74
fold2_room1_mix1031,69,4,0,155,-12,2.48
fold2_room1_mix1031,70,1,0,83,-4,15.04
fold2_room1_mix1031,70,4,0,151,-13,1.98
fold2_room1_mix1031,71,4,0,120,-17,1.83
fold2_room1_mix1031,72,2,0,73,-5,9.08
fold2_room1_mix1031,72,4,0,84,-21,1.42
fold2_room1_mix1031,73,2,0,69,-5,8.62
fold2_room1_mix1031,73,4,0,62,-18,1.23
fold2_room1_mix1031,74,2,0,71,-5,9.53
fold2_room1_mix1031,74,4,0,45,-11,1.69
fold2_room1_mix1031,75,2,0,72,-4,8.98
fold2_room1_mix1031,75,4,0,23,-8,2.97
fold2_room1_mix1031,76,4,0,24,-7,3.37
fold2_room1_mix1031,77,4,0,18,-6,4.13
fold2_room1_mix1031,78,4,0,17,-6,3.54
fold2_room1_mix1031,79,4,0,11,-5,4.59
fold2_room1_mix1031,80,4,0,7,-4,4.07
fold2_room1_mix1031,81,4,0,7,-5,4.19
fold2_room1_mix1031,82,4,0,7,-4,4.27
fold2_room1_mix1031,83,4,0,7,-4,4.86
fold2_room1_mix1031,84,4,0,7,-4,4.87
fold2_room1_mix1031,85,4,0,6,-4,5.72
fold2_room1_mix1031,86,4,0,7,-3,5.67
fold2_room1_mix1031,87,4,0,7,-3,6.03
fold2_room1_mix1031,88,4,0,6,-3,6.40
fold2_room1_mix1031,89,4,0,6,-3,6.16
fold2_room1_mix1031,90,4,0,6,-3,6.64
fold2_room1_mix1031,91,4,0,6,-3,6.95
fold2_room1_mix1031,92,4,0,7,-3,7.23
fold2_room1_mix1031,93,4,0,5,-3,7.87
fold2_room1_mix1031,94,4,0,6,-2,7.72
fold2_room1_mix1031,95,4,0,4,-2,8.28
fold2_room1_mix1031,96,4,0,6,-2,7.93
fold2_room1_mix1031,97,4,0,3,-3,8.53
fold2_room1_mix1031,98,4,0,5,-2,8.74
fold2_room1_mix1031,99,4,0,4,-2,8.85
fold2_room1_mix1032,14,3,0,45,-3,9.67
fold2_room1_mix1032,15,3,0,42,-2,14.04
fold2_room1_mix1032,16,3,0,40,-2,12.69
fold2_room1_mix1032,17,3,0,46,-2,12.44
fold2_room1_mix1032,18,3,0,46,-2,12.25
fold2_room1_mix1032,19,3,0,45,-2,11.51
fold2_room1_mix1032,20,3,0,-32,-3,10.51
fold2_room1_mix1032,21,3,0,-42,-3,9.95
fold2_room1_mix1032,22,3,0,-52,-3,8.00
fold2_room1_mix1032,23,3,0,-57,-2,9.54
fold2_room1_mix1032,24,3,0,-64,-3,8.19
fold2_room1_mix1032,25,3,0,-70,-4,5.78
fold2_room1_mix1032,26,3,0,-64,-3,7.31
fold2_room1_mix1032,27,3,0,40,-3,14.32
fold2_room1_mix1032,28,3,0,55,-3,14.63
fold2_room1_mix1032,29,3,0,59,-2,13.66
fold2_room1_mix1032,30,3,0,62,-3,12.61
fold2_room1_mix1032,31,3,0,66,-3,11.13
fold2_room1_mix1032,32,3,0,71,-3,11.58
fold2_room1_mix1032,33,3,0,70,-3,10.96
fold2_room1_mix1032,34,3,0,83,-3,10.48
fold2_room1_mix1032,35,3,0,82,-3,5.60
fold2_room1_mix1032,41,3,0,95,-3,10.05
fold2_room1_mix1032,42,3,0,98,-3,13.62
fold2_room1_mix1032,43,3,0,103,-3,13.82
fold2_room1_mix1032,44,3,0,102,-3,12.49
fold2_room1_mix1032,45,3,0,107,-3,13.02
fold2_room1_mix1032,46,3,0,104,-3,12.38
fold2_room1_mix1032,47,3,0,109,-3,11.50
fold2_room1_mix1033,2,4,0,-178,2,3.26
fold2_room1_mix1033,2,4,0,-5,2,2.60
fold2_room1_mix1033,3,4,0,-177,1,12.48
fold2_room1_mix1033,3,4,0,-4,0,8.62
fold2_room1_mix1033,4,4,0,-176,0,18.69
fold2_room1_mix1033,4,4,0,-2,-1,11.97
fold2_room1_mix1033,5,4,0,-176,0,22.52
fold2_room1_mix1033,5,4,0,-1,-1,14.22
fold2_room1_mix1033,6,4,0,-176,0,23.93
fold2_room1_mix1033,6,4,0,-1,-1,15.27
fold2_room1_mix1033,7,4,0,-175,0,38.02
fold2_room1_mix1033,7,4,0,0,-2,22.29
fold2_room1_mix1033,8,4,0,-175,0,39.60
fold2_room1_mix1033,8,4,0,0,-2,22.80
fold2_room1_mix1033,9,4,0,-174,0,38.28
fold2_room1_mix1033,9,4,0,-1,-2,21.97
fold2_room1_mix1033,10,4,0,-174,0,38.64
fold2_room1_mix1033,10,4,0,-1,-2,20.64
fold2_room1_mix1033,11,4,0,-174,0,37.99
fold2_room1_mix1033,11,4,0,-2,-2,20.11
fold2_room1_mix1033,12,4,0,-173,0,38.55
fold2_room1_mix1033,12,4,0,-1,-2,19.36
fold2_room1_mix1033,13,4,0,-173,0,41.04
fold2_room1_mix1033,13,4,0,-2,-2,20.04
fold2_room1_mix1033,14,4,0,-172,0,41.48
fold2_room1_mix1033,14,4,0,-2,-2,20.88
fold2_room1_mix1033,15,4,0,-172,0,39.20
fold2_room1_mix1033,15,4,0,-2,-2,20.24
fold2_room1_mix1033,16,4,0,-172,0,38.56
fold2_room1_mix1033,16,4,0,-4,-2,19.20
fold2_room1_mix1033,17,4,0,-173,0,37.47
fold2_room1_mix1033,17,4,0,-4,-2,18.71
fold2_room1_mix1033,18,4,0,-172,0,35.75
fold2_room1_mix1033,18,4,0,-6,-2,17.11
fold2_room1_mix1033,19,4,0,-172,0,35.10
fold2_room1_mix1033,19,4,0,-6,-2,17.82
fold2_room1_mix1033,20,4,0,-172,0,38.19
fold2_room1_mix1033,20,4,0,-7,-2,17.43
fold2_room1_mix1033,21,4,0,-172,0,35.70
fold2_room1_mix1033,21,4,0,-7,-2,17.14
fold2_room1_mix1033,22,4,0,-172,0,34.41
fold2_room1_mix1033,22,4,0,-8,-2,15.28
fold2_room1_mix1033,23,4,0,-173,0,33.63
fold2_room1_mix1033,23,4,0,-8,-2,14.67
fold2_room1_mix1033,24,4,0,-172,0,32.56
fold2_room1_mix1033,24,4,0,-9,-2,13.98
fold2_room1_mix1033,25,4,0,-173,0,30.01
fold2_room1_mix1033,25,4,0,-10,-3,13.53
fold2_room1_mix1033,26,4,0,-173,0,31.97
fold2_room1_mix1033,26,4,0,-10,-3,13.78
fold2_room1_mix1033,27,4,0,-173,0,30.81
fold2_room1_mix1033,27,4,0,-10,-3,13.78
fold2_room1_mix1033,28,4,0,-173,0,30.52
fold2_room1_mix1033,28,4,0,-10,-3,13.09
fold2_room1_mix1033,29,4,0,-174,0,32.68
fold2_room1_mix1033,29,4,0,-12,-3,12.58
fold2_room1_mix1033,30,4,0,-172,0,32.10
fold2_room1_mix1033,30,4,0,-11,-4,11.70
fold2_room1_mix1033,31,4,0,-173,0,31.00
fold2_room1_mix1033,31,4,0,-12,-3,10.82
fold2_room1_mix1033,32,4,0,-172,0,32.34
fold2_room1_mix1033,32,4,0,-12,-4,11.98
fold2_room1_mix1033,33,4,0,-173,0,32.88
fold2_room1_mix1033,33,4,0,-13,-4,12.12
fold2_room1_mix1033,34,4,0,-173,1,33.58
fold2_room1_mix1033,34,4,0,-13,-4,10.43
fold2_room1_mix1033,35,4,0,-173,1,32.09
fold2_room1_mix1033,35,4,0,-24,-7,3.67
fold2_room1_mix1033,35,4,0,-8,-1,17.67
fold2_room1_mix1033,36,4,0,-174,1,33.25
fold2_room1_mix1033,36,4,0,-24,-8,3.38
fold2_room1_mix1033,36,4,0,-9,-3,14.70
fold2_room1_mix1033,37,4,0,-172,1,32.53
fold2_room1_mix1033,37,4,0,-26,-9,3.07
fold2_room1_mix1033,37,4,0,-9,-3,14.79
fold2_room1_mix1033,38,4,0,-173,2,30.95
fold2_room1_mix1033,38,4,0,-32,-11,2.43
fold2_room1_mix1033,38,4,0,-11,-3,11.38
fold2_room1_mix1033,39,4,0,-173,2,30.75
fold2_room1_mix1033,39,4,0,-36,-13,2.09
fold2_room1_mix1033,39,4,0,-11,-3,12.44
fold2_room1_mix1033,40,4,0,-171,2,32.91
fold2_room1_mix1033,40,4,0,-44,-14,1.92
fold2_room1_mix1033,40,4,0,-11,-3,13.55
fold2_room1_mix1033,41,4,0,-170,2,30.82
fold2_room1_mix1033,41,4,0,-52,-15,1.94
fold2_room1_mix1033,41,4,0,-14,-4,10.85
fold2_room1_mix1033,42,4,0,-173,2,26.49
fold2_room1_mix1033,42,4,0,-67,-18,1.69
fold2_room1_mix1033,42,4,0,-20,-5,7.00
fold2_room1_mix1033,43,4,0,-170,2,32.29
fold2_room1_mix1033,43,4,0,-91,-23,1.40
fold2_room1_mix1033,43,4,0,-21,-6,8.33
fold2_room1_mix1033,44,4,0,-174,2,30.10
fold2_room1_mix1033,44,4,0,-128,-18,1.46
fold2_room1_mix1033,44,4,0,-36,-10,4.90
fold2_room1_mix1033,45,4,0,-176,2,27.82
fold2_room1_mix1033,45,4,0,-143,-15,1.56
fold2_room1_mix1033,45,4,0,-39,-9,5.28
fold2_room1_mix1033,46,4,0,-174,1,23.51
fold2_room1_mix1033,46,4,0,-151,-10,2.22
fold2_room1_mix1033,46,4,0,-37,-7,6.64
fold2_room1_mix1033,47,4,0,-174,1,24.40
fold2_room1_mix1033,47,4,0,-154,-10,2.27
fold2_room1_mix1033,47,4,0,-41,-6,7.19
fold2_room1_mix1033,48,4,0,-176,0,20.53
fold2_room1_mix1033,48,4,0,-158,-9,2.60
fold2_room1_mix1033,48,4,0,-44,-8,5.13
fold2_room1_mix1033,49,4,0,-178,0,17.01
fold2_room1_mix1033,49,4,0,-159,-6,3.79
fold2_room1_mix1033,49,4,0,-131,-9,3.62
fold2_room1_mix1033,50,4,0,-178,-1,14.12
fold2_room1_mix1033,50,4,0,-162,-6,4.18
fold2_room1_mix1033,50,4,0,-145,-7,3.91
fold2_room1_mix1033,51,4,0,-177,-1,15.80
fold2_room1_mix1033,51,4,0,-162,-6,4.89
fold2_room1_mix1033,51,4,0,-145,-7,4.24
fold2_room1_mix1033,52,4,0,-170,-4,8.80
fold2_room1_mix1033,52,4,0,-148,-6,5.19
fold2_room1_mix1033,53,4,0,-170,-3,10.32
fold2_room1_mix1033,53,4,0,-149,-7,4.63
fold2_room1_mix1033,54,4,0,-172,-3,10.11
fold2_room1_mix1033,54,4,0,-146,-5,5.77
fold2_room1_mix1033,55,4,0,-173,-3,9.00
fold2_room1_mix1033,55,4,0,-151,-3,7.59
fold2_room1_mix1033,56,4,0,-170,-3,8.41
fold2_room1_mix1033,57,4,0,-169,-3,8.95
fold2_room1_mix1033,58,4,0,-169,-2,9.20
fold2_room1_mix1033,59,4,0,-167,-2,9.58
fold2_room1_mix1033,59,4,0,174,-4,7.14
fold2_room1_mix1033,60,4,0,-174,-2,9.10
fold2_room1_mix1033,60,4,0,-155,-2,10.22
fold2_room1_mix1033,61,4,0,-169,-2,9.57
fold2_room1_mix1033,62,4,0,-170,-1,10.23
fold2_room1_mix1033,63,4,0,-170,-2,10.25
fold2_room1_mix1033,64,4,0,-176,-1,10.53
fold2_room1_mix1033,64,4,0,-150,-1,12.05
fold2_room1_mix1033,65,4,0,-176,-1,11.08
fold2_room1_mix1033,65,4,0,-141,-1,13.79
fold2_room1_mix1033,66,4,0,-176,-1,11.82
fold2_room1_mix1033,66,4,0,-145,-2,13.02
fold2_room1_mix1033,67,4,0,-176,-1,11.85
fold2_room1_mix1033,67,4,0,-142,-1,13.74
fold2_room1_mix1033,68,4,0,-177,-1,12.30
fold2_room1_mix1033,68,4,0,-136,-1,14.53
fold2_room1_mix1033,69,4,0,-176,-1,12.94
fold2_room1_mix1033,69,4,0,-133,-1,14.09
fold2_room1_mix1033,70,4,0,-176,-1,13.92
fold2_room1_mix1033,70,4,0,-129,-2,13.31
fold2_room1_mix1033,71,4,0,-179,0,16.77
fold2_room1_mix1033,71,4,0,-126,-3,11.37
fold2_room1_mix1033,72,4,0,-175,-1,15.79
fold2_room1_mix1033,72,4,0,-124,-3,12.57
fold2_room1_mix1033,73,4,0,-178,0,17.42
fold2_room1_mix1033,73,4,0,-124,-3,12.26
fold2_room1_mix1033,74,4,0,-178,0,17.20
fold2_room1_mix1033,74,4,0,-123,-3,11.43
fold2_room1_mix1033,75,4,0,-178,-1,18.23
fold2_room1_mix1033,75,4,0,-115,-4,10.81
fold2_room1_mix1033,76,4,0,-178,0,18.98
fold2_room1_mix1033,76,4,0,-116,-5,10.14
fold2_room1_mix1033,77,4,0,-179,0,20.69
fold2_room1_mix1033,77,4,0,-113,-5,10.04
fold2_room1_mix1033,78,4,0,179,0,21.66
fold2_room1_mix1033,78,4,0,-108,-5,10.27
fold2_room1_mix1033,79,4,0,179,0,20.92
fold2_room1_mix1033,79,4,0,-105,-5,9.52
fold2_room1_mix1033,80,4,0,179,0,22.52
fold2_room1_mix1033,80,4,0,-101,-6,9.24
fold2_room1_mix1033,81,4,0,179,0,23.57
fold2_room1_mix1033,81,4,0,-94,-5,9.67
fold2_room1_mix1033,82,4,0,179,-1,23.82
fold2_room1_mix1033,82,4,0,-92,-6,8.88
fold2_room1_mix1033,83,4,0,178,0,24.76
fold2_room1_mix1033,83,4,0,-82,-6,9.19
fold2_room1_mix1033,84,4,0,178,0,27.67
fold2_room1_mix1033,84,4,0,-80,-6,9.47
fold2_room1_mix1033,85,4,0,179,0,26.99
fold2_room1_mix1033,85,4,0,-71,-5,9.74
fold2_room1_mix1033,86,4,0,-179,0,26.87
fold2_room1_mix1033,86,4,0,-66,-5,9.80
fold2_room1_mix1033,87,4,0,177,0,27.29
fold2_room1_mix1033,87,4,0,-63,-4,11.64
fold2_room1_mix1033,88,4,0,-179,-1,25.82
fold2_room1_mix1033,88,4,0,-60,-4,12.21
fold2_room1_mix1033,89,4,0,-178,-1,26.12
fold2_room1_mix1033,89,4,0,-54,-3,12.41
fold2_room1_mix1033,90,4,0,-179,0,27.19
fold2_room1_mix1033,90,4,0,-52,-2,14.49
fold2_room1_mix1033,91,4,0,-177,-1,26.78
fold2_room1_mix1033,91,4,0,-51,-3,14.08
fold2_room1_mix1033,92,4,0,-176,-1,26.57
fold2_room1_mix1033,92,4,0,-47,-2,14.90
fold2_room1_mix1033,93,4,0,-178,0,26.32
fold2_room1_mix1033,93,4,0,-45,-2,15.97
fold2_room1_mix1033,94,4,0,-177,0,27.63
fold2_room1_mix1033,94,4,0,-44,-2,16.73
fold2_room1_mix1033,95,4,0,-176,-1,25.32
fold2_room1_mix1033,95,4,0,-41,-2,16.60
fold2_room1_mix1033,96,4,0,-176,-1,26.29
fold2_room1_mix1033,96,4,0,-41,-1,18.18
fold2_room1_mix1033,97,4,0,-176,0,28.96
fold2_room1_mix1033,97,4,0,-40,-1,19.88
fold2_room1_mix1033,98,4,0,-175,0,27.05
fold2_room1_mix1033,98,4,0,-39,-1,19.46
fold2_room1_mix1033,99,4,0,-177,-1,25.08
fold2_room1_mix1033,99,4,0,-35,-2,18.19
fold2_room1_mix1033,1,4,0,-5,0,1.17
fold2_room1_mix1034,38,3,0,69,-3,8.41
fold2_room1_mix1034,39,3,0,84,-3,10.64
fold2_room1_mix1034,40,3,0,75,-3,13.90
fold2_room1_mix1034,41,3,0,83,-3,10.55
fold2_room1_mix1034,42,3,0,84,-3,9.92
fold2_room1_mix1034,43,3,0,85,-3,11.47
fold2_room1_mix1034,44,3,0,91,-4,10.72
fold2_room1_mix1034,44,4,0,6,1,6.11
fold2_room1_mix1034,45,3,0,82,-3,11.57
fold2_room1_mix1034,45,4,0,12,0,6.23
fold2_room1_mix1034,46,3,0,80,-3,11.27
fold2_room1_mix1034,46,4,0,5,0,11.09
fold2_room1_mix1034,47,3,0,80,-3,8.24
fold2_room1_mix1034,47,4,0,7,-1,14.42
fold2_room1_mix1034,48,3,0,73,-4,6.97
fold2_room1_mix1034,48,4,0,9,-2,14.89
fold2_room1_mix1034,49,3,0,74,-4,5.36
fold2_room1_mix1034,49,4,0,5,-2,14.22
fold2_room1_mix1034,50,4,0,12,-2,13.23
fold2_room1_mix1034,51,4,0,12,-3,13.00
fold2_room1_mix1034,52,4,0,11,-3,12.61
fold2_room1_mix1034,53,4,0,12,-3,11.97
fold2_room1_mix1034,54,4,0,13,-3,10.68
fold2_room1_mix1034,55,4,0,15,-3,9.92
fold2_room1_mix1034,56,4,0,17,-3,8.70
fold2_room1_mix1034,57,3,0,120,-5,6.56
fold2_room1_mix1034,57,4,0,18,-4,8.42
fold2_room1_mix1034,58,3,0,123,-4,8.14
fold2_room1_mix1034,58,4,0,21,-4,6.60
fold2_room1_mix1034,59,3,0,122,-4,8.48
fold2_room1_mix1034,59,4,0,21,-4,5.78
fold2_room1_mix1034,60,4,0,27,-5,4.46
fold2_room1_mix1034,61,4,0,36,-7,3.68
fold2_room1_mix1034,62,3,0,136,-4,9.31
fold2_room1_mix1034,62,4,0,51,-10,2.27
fold2_room1_mix1034,63,4,0,69,-10,2.24
fold2_room1_mix1034,64,3,0,142,-4,7.55
fold2_room1_mix1034,64,4,0,99,-8,2.35
fold2_room1_mix1034,65,3,0,148,-4,8.84
fold2_room1_mix1034,65,4,0,122,-7,2.35
fold2_room1_mix1034,66,3,0,148,-4,7.32
fold2_room1_mix1034,66,4,0,138,-5,3.07
fold2_room1_mix1034,67,4,0,145,-3,3.56
fold2_room1_mix1034,68,4,0,148,-4,4.51
fold2_room1_mix1034,69,4,0,152,-3,5.19
fold2_room1_mix1034,70,4,0,158,-2,5.83
fold2_room1_mix1034,71,4,0,161,-2,7.35
fold2_room1_mix1034,72,4,0,164,-2,8.26
fold2_room1_mix1034,73,4,0,165,-2,8.87
fold2_room1_mix1034,74,4,0,166,-2,9.72
fold2_room1_mix1034,75,4,0,167,-1,10.71
fold2_room1_mix1034,76,4,0,169,-1,11.63
fold2_room1_mix1034,77,4,0,171,-1,12.33
fold2_room1_mix1034,78,4,0,171,-1,13.21
fold2_room1_mix1034,79,4,0,171,-1,13.41
fold2_room1_mix1034,80,4,0,172,-1,12.96
fold2_room1_mix1034,81,4,0,173,-1,14.19
fold2_room1_mix1034,82,4,0,173,-1,15.18
fold2_room1_mix1034,83,4,0,174,0,14.15
fold2_room1_mix1034,84,4,0,172,0,10.14
fold2_room1_mix1035,69,4,0,-118,0,2.31
fold2_room1_mix1035,70,4,0,-113,-1,3.36
fold2_room1_mix1035,71,4,0,-112,-1,5.57
fold2_room1_mix1035,72,4,0,-109,-2,7.24
fold2_room1_mix1035,73,4,0,-106,-1,5.71
fold2_room1_mix1035,74,4,0,-101,-1,9.16
fold2_room1_mix1035,75,4,0,-98,0,3.40
fold2_room1_mix1035,76,4,0,-97,-2,7.22
fold2_room1_mix1035,78,4,0,-88,-2,10.02
fold2_room1_mix1035,79,4,0,-84,-1,6.16
fold2_room1_mix1035,80,4,0,-81,-2,9.64
fold2_room1_mix1035,81,4,0,-82,-1,5.11
fold2_room1_mix1035,82,4,0,-78,-1,8.09
fold2_room1_mix1035,83,4,0,-81,-1,4.56
fold2_room1_mix1035,84,4,0,-73,-1,10.30
fold2_room1_mix1035,85,4,0,-71,-1,7.43
fold2_room1_mix1035,86,4,0,-70,-1,7.21
fold2_room1_mix1035,87,4,0,-70,-1,5.21
fold2_room1_mix1035,88,4,0,-69,-1,3.27
fold2_room1_mix1035,89,4,0,-64,0,2.70
fold2_room1_mix1036,0,5,0,26,4,3.88
fold2_room1_mix1036,1,5,0,14,3,6.29
fold2_room1_mix1036,2,5,0,25,3,10.08
fold2_room1_mix1036,3,5,0,24,2,8.40
fold2_room1_mix1036,4,5,0,23,3,9.59
fold2_room1_mix1036,5,5,0,25,3,10.10
fold2_room1_mix1036,6,5,0,19,2,13.34
fold2_room1_mix1036,7,5,0,23,3,9.37
fold2_room1_mix1036,8,5,0,31,3,9.82
fold2_room1_mix1036,9,5,0,28,4,9.05
fold2_room1_mix1036,10,5,0,25,4,8.77
fold2_room1_mix1036,11,5,0,29,4,9.45
fold2_room1_mix1036,12,5,0,27,4,8.60
fold2_room1_mix1036,13,5,0,28,4,9.00
fold2_room1_mix1036,14,5,0,28,5,7.82
fold2_room1_mix1036,15,5,0,24,5,8.20
fold2_room1_mix1036,16,5,0,32,7,7.00
fold2_room1_mix1036,17,5,0,33,5,8.72
fold2_room1_mix1036,18,5,0,29,7,6.63
fold2_room1_mix1036,19,5,0,31,6,7.78
fold2_room1_mix1036,20,5,0,32,7,6.47
fold2_room1_mix1036,21,5,0,31,7,6.70
fold2_room1_mix1036,22,5,0,33,6,8.06
fold2_room1_mix1036,23,5,0,33,7,6.39
fold2_room1_mix1036,24,5,0,33,7,6.62
fold2_room1_mix1036,25,5,0,37,7,6.52
fold2_room1_mix1036,26,5,0,36,7,6.33
fold2_room1_mix1036,27,5,0,34,7,6.72
fold2_room1_mix1036,28,5,0,35,7,6.72
fold2_room1_mix1036,29,5,0,36,5,7.78
fold2_room1_mix1036,30,5,0,37,7,6.15
fold2_room1_mix1036,31,5,0,41,6,6.97
fold2_room1_mix1036,32,5,0,37,7,6.17
fold2_room1_mix1036,33,5,0,39,6,7.74
fold2_room1_mix1036,34,5,0,38,6,7.38
fold2_room1_mix1036,35,5,0,42,7,6.53
fold2_room1_mix1036,36,5,0,39,6,6.66
fold2_room1_mix1036,37,5,0,41,7,6.58
fold2_room1_mix1036,38,5,0,41,7,6.37
fold2_room1_mix1036,39,5,0,44,7,6.64
fold2_room1_mix1036,40,5,0,42,9,5.50
fold2_room1_mix1036,41,5,0,45,10,4.90
fold2_room1_mix1036,42,5,0,45,9,5.24
fold2_room1_mix1036,43,5,0,44,9,5.23
fold2_room1_mix1036,44,5,0,46,9,5.30
fold2_room1_mix1036,45,5,0,45,8,6.14
fold2_room1_mix1036,46,5,0,48,10,4.49
fold2_room1_mix1036,47,5,0,48,10,4.64
fold2_room1_mix1036,48,5,0,47,10,4.69
fold2_room1_mix1036,49,5,0,49,10,4.66
fold2_room1_mix1036,50,5,0,49,11,4.17
fold2_room1_mix1036,51,5,0,50,11,4.37
fold2_room1_mix1036,52,5,0,50,10,4.65
fold2_room1_mix1036,53,5,0,49,10,4.44
fold2_room1_mix1036,54,5,0,54,10,4.77
fold2_room1_mix1036,55,5,0,57,10,4.26
fold2_room1_mix1036,56,5,0,51,9,4.74
fold2_room1_mix1036,57,5,0,54,10,4.42
fold2_room1_mix1036,58,5,0,60,10,4.39
fold2_room1_mix1036,59,5,0,58,11,3.96
fold2_room1_mix1036,60,5,0,61,14,3.60
fold2_room1_mix1036,61,5,0,56,12,4.04
fold2_room1_mix1036,62,5,0,60,13,3.86
fold2_room1_mix1036,63,5,0,66,14,3.68
fold2_room1_mix1036,64,5,0,66,13,3.78
fold2_room1_mix1036,65,5,0,65,14,3.63
fold2_room1_mix1036,66,5,0,66,15,3.48
fold2_room1_mix1036,67,5,0,68,13,3.70
fold2_room1_mix1036,68,5,0,71,14,3.59
fold2_room1_mix1036,69,5,0,66,14,3.58
fold2_room1_mix1036,70,5,0,70,13,3.68
fold2_room1_mix1036,71,5,0,75,15,3.67
fold2_room1_mix1036,72,5,0,73,14,3.69
fold2_room1_mix1036,73,5,0,74,13,3.70
fold2_room1_mix1036,74,5,0,77,13,3.96
fold2_room1_mix1036,75,5,0,77,13,3.91
fold2_room1_mix1036,76,5,0,81,13,3.99
fold2_room1_mix1036,77,5,0,79,11,4.39
fold2_room1_mix1036,78,5,0,83,12,4.09
fold2_room1_mix1036,79,5,0,79,12,4.08
fold2_room1_mix1036,80,5,0,84,12,4.29
fold2_room1_mix1036,81,5,0,85,12,4.32
fold2_room1_mix1036,82,5,0,87,11,4.45
fold2_room1_mix1036,83,5,0,88,12,4.22
fold2_room1_mix1036,84,5,0,84,11,4.41
fold2_room1_mix1036,85,5,0,89,11,4.55
fold2_room1_mix1036,86,5,0,90,11,4.58
fold2_room1_mix1036,87,5,0,91,11,4.49
fold2_room1_mix1036,88,5,0,90,11,4.54
fold2_room1_mix1036,89,5,0,89,11,4.67
fold2_room1_mix1036,90,5,0,95,10,4.94
fold2_room1_mix1036,91,5,0,98,11,4.55
fold2_room1_mix1036,92,5,0,99,10,4.98
fold2_room1_mix1036,93,5,0,95,9,5.14
fold2_room1_mix1036,94,5,0,105,9,5.04
fold2_room1_mix1036,95,5,0,101,9,5.48
fold2_room1_mix1036,96,5,0,107,10,4.82
fold2_room1_mix1036,97,5,0,105,10,4.89
fold2_room1_mix1036,98,5,0,106,9,5.22
fold2_room1_mix1036,99,5,0,110,9,5.19
fold2_room1_mix1037,10,4,0,16,0,19.78
fold2_room1_mix1037,11,4,0,21,0,24.80
fold2_room1_mix1037,12,4,0,19,0,27.17
fold2_room1_mix1037,13,4,0,21,0,32.11
fold2_room1_mix1037,14,4,0,18,0,34.74
fold2_room1_mix1037,15,4,0,18,0,34.34
fold2_room1_mix1037,16,4,0,16,0,32.32
fold2_room1_mix1037,17,4,0,18,0,33.18
fold2_room1_mix1037,18,4,0,19,0,32.41
fold2_room1_mix1037,19,4,0,17,0,32.79
fold2_room1_mix1037,20,4,0,19,-1,33.24
fold2_room1_mix1037,21,4,0,18,-1,33.73
fold2_room1_mix1037,22,4,0,20,0,33.27
fold2_room1_mix1037,23,4,0,21,0,32.51
fold2_room1_mix1037,24,4,0,22,-1,34.39
fold2_room1_mix1037,25,4,0,21,-1,33.69
fold2_room1_mix1037,26,4,0,22,-1,32.53
fold2_room1_mix1037,27,4,0,24,-1,32.02
fold2_room1_mix1037,28,4,0,23,-1,30.71
fold2_room1_mix1037,29,4,0,24,-1,30.23
fold2_room1_mix1037,30,4,0,24,-1,29.65
fold2_room1_mix1037,31,4,0,27,-1,29.15
fold2_room1_mix1037,32,4,0,26,-1,28.10
fold2_room1_mix1037,33,4,0,28,-1,28.12
fold2_room1_mix1037,34,4,0,27,-1,27.84
fold2_room1_mix1037,35,4,0,28,-1,27.19
fold2_room1_mix1037,36,4,0,30,-1,26.45
fold2_room1_mix1037,37,4,0,30,-1,26.34
fold2_room1_mix1037,38,4,0,31,-1,25.97
fold2_room1_mix1037,39,4,0,33,-1,24.82
fold2_room1_mix1037,40,4,0,33,-1,24.77
fold2_room1_mix1037,41,4,0,34,-1,24.24
fold2_room1_mix1037,42,4,0,36,0,24.23
fold2_room1_mix1037,43,4,0,37,-1,23.90
fold2_room1_mix1037,44,4,0,37,-1,23.33
fold2_room1_mix1037,45,4,0,40,-1,22.41
fold2_room1_mix1037,46,4,0,41,0,22.96
fold2_room1_mix1037,47,4,0,40,-1,23.08
fold2_room1_mix1037,48,4,0,39,-1,22.92
fold2_room1_mix1037,49,4,0,40,-1,22.22
fold2_room1_mix1037,50,4,0,43,-1,21.11
fold2_room1_mix1037,51,4,0,45,-1,20.79
fold2_room1_mix1037,52,4,0,43,-1,21.05
fold2_room1_mix1037,53,4,0,46,-1,19.99
fold2_room1_mix1037,54,4,0,45,-1,18.83
fold2_room1_mix1037,55,4,0,46,-1,18.33
fold2_room1_mix1037,56,4,0,49,-1,17.78
fold2_room1_mix1037,57,4,0,50,-2,16.99
fold2_room1_mix1037,58,4,0,53,-2,16.12
fold2_room1_mix1037,59,4,0,53,-2,16.82
fold2_room1_mix1037,60,4,0,54,-2,16.61
fold2_room1_mix1037,61,4,0,55,-2,16.15
fold2_room1_mix1037,62,4,0,57,-2,16.23
fold2_room1_mix1037,63,4,0,58,-2,16.01
fold2_room1_mix1037,64,4,0,62,-2,15.34
fold2_room1_mix1037,65,4,0,64,-2,15.24
fold2_room1_mix1037,66,4,0,68,-2,15.22
fold2_room1_mix1037,67,4,0,72,-3,15.26
fold2_room1_mix1037,68,4,0,73,-3,14.81
fold2_room1_mix1037,69,4,0,75,-3,14.93
fold2_room1_mix1037,70,4,0,78,-3,14.77
fold2_room1_mix1037,71,4,0,80,-3,14.67
fold2_room1_mix1037,72,4,0,83,-3,14.48
fold2_room1_mix1037,73,4,0,84,-3,14.08
fold2_room1_mix1037,74,4,0,85,-3,13.77
fold2_room1_mix1037,75,4,0,88,-3,14.31
fold2_room1_mix1037,76,4,0,90,-3,13.88
fold2_room1_mix1037,77,4,0,92,-3,13.62
fold2_room1_mix1037,78,4,0,94,-3,13.95
fold2_room1_mix1037,79,4,0,98,-3,13.61
fold2_room1_mix1037,80,4,0,102,-3,13.32
fold2_room1_mix1037,81,4,0,104,-3,13.84
fold2_room1_mix1037,82,4,0,105,-3,14.01
fold2_room1_mix1037,83,4,0,108,-3,14.26
fold2_room1_mix1037,84,4,0,110,-3,14.43
fold2_room1_mix1037,85,4,0,112,-3,14.51
fold2_room1_mix1037,86,4,0,114,-3,14.67
fold2_room1_mix1037,87,4,0,115,-3,14.78
fold2_room1_mix1037,88,4,0,117,-3,15.21
fold2_room1_mix1037,89,4,0,118,-3,15.07
fold2_room1_mix1037,90,4,0,120,-3,15.67
fold2_room1_mix1037,91,4,0,123,-2,16.67
fold2_room1_mix1037,92,4,0,123,-3,16.83
fold2_room1_mix1037,93,4,0,124,-2,17.24
fold2_room1_mix1037,94,4,0,126,-2,17.60
fold2_room1_mix1037,95,4,0,127,-2,17.79
fold2_room1_mix1037,96,4,0,128,-2,17.86
fold2_room1_mix1037,97,4,0,130,-2,18.62
fold2_room1_mix1037,98,4,0,130,-2,17.88
fold2_room1_mix1037,99,4,0,132,-2,19.07
fold2_room1_mix1038,2,4,0,178,0,1.94
fold2_room1_mix1038,3,4,0,179,1,4.98
fold2_room1_mix1038,3,4,0,1,0,4.81
fold2_room1_mix1038,4,4,0,177,1,6.35
fold2_room1_mix1038,4,4,0,4,1,6.54
fold2_room1_mix1038,5,4,0,178,0,17.78
fold2_room1_mix1038,5,4,0,2,0,19.65
fold2_room1_mix1038,6,4,0,179,0,19.18
fold2_room1_mix1038,6,4,0,1,0,21.46
fold2_room1_mix1038,7,4,0,178,0,25.48
fold2_room1_mix1038,7,4,0,5,0,26.55
fold2_room1_mix1038,8,4,0,178,-1,36.66
fold2_room1_mix1038,8,4,0,4,-1,42.20
fold2_room1_mix1038,9,4,0,178,-1,37.64
fold2_room1_mix1038,9,4,0,5,-1,40.61
fold2_room1_mix1038,10,4,0,178,-1,35.10
fold2_room1_mix1038,10,4,0,3,-1,38.36
fold2_room1_mix1038,11,4,0,178,0,40.57
fold2_room1_mix1038,11,4,0,3,0,41.52
fold2_room1_mix1038,12,4,0,178,-1,39.84
fold2_room1_mix1038,12,4,0,4,0,40.78
fold2_room1_mix1038,13,4,0,177,-1,39.31
fold2_room1_mix1038,13,4,0,3,-1,39.75
fold2_room1_mix1038,14,4,0,179,0,40.88
fold2_room1_mix1038,14,4,0,4,0,42.84
fold2_room1_mix1038,15,4,0,178,0,42.85
fold2_room1_mix1038,15,4,0,3,0,42.88
fold2_room1_mix1038,16,4,0,179,0,41.24
fold2_room1_mix1038,16,4,0,4,0,41.94
fold2_room1_mix1038,17,4,0,179,0,40.43
fold2_room1_mix1038,17,4,0,5,0,45.19
fold2_room1_mix1038,18,4,0,177,0,38.71
fold2_room1_mix1038,18,4,0,5,0,41.80
fold2_room1_mix1038,19,4,0,177,0,40.66
fold2_room1_mix1038,19,4,0,3,0,42.94
fold2_room1_mix1038,20,4,0,177,0,40.06
fold2_room1_mix1038,20,4,0,4,0,42.62
fold2_room1_mix1038,21,4,0,179,0,41.31
fold2_room1_mix1038,21,4,0,5,0,43.72
fold2_room1_mix1038,22,4,0,179,0,39.85
fold2_room1_mix1038,22,4,0,5,0,43.88
fold2_room1_mix1038,23,4,0,177,0,39.93
fold2_room1_mix1038,23,4,0,5,0,43.09
fold2_room1_mix1038,24,4,0,179,0,40.80
fold2_room1_mix1038,24,4,0,4,0,43.57
fold2_room1_mix1038,25,4,0,178,0,40.00
fold2_room1_mix1038,25,4,0,4,0,42.83
fold2_room1_mix1038,26,4,0,179,0,36.47
fold2_room1_mix1038,26,4,0,4,0,40.83
fold2_room1_mix1038,27,4,0,179,0,39.35
fold2_room1_mix1038,27,4,0,5,0,43.54
fold2_room1_mix1038,28,4,0,178,0,37.98
fold2_room1_mix1038,28,4,0,4,0,40.08
fold2_room1_mix1038,29,4,0,-179,0,36.19
fold2_room1_mix1038,29,4,0,5,0,39.39
fold2_room1_mix1038,30,4,0,178,0,37.01
fold2_room1_mix1038,30,4,0,5,0,41.07
fold2_room1_mix1038,31,4,0,-179,0,34.37
fold2_room1_mix1038,31,4,0,5,0,37.96
fold2_room1_mix1038,32,4,0,-178,0,31.96
fold2_room1_mix1038,32,4,0,4,0,36.52
fold2_room1_mix1038,33,4,0,-179,0,34.98
fold2_room1_mix1038,33,4,0,5,0,38.01
fold2_room1_mix1038,34,4,0,-178,0,30.94
fold2_room1_mix1038,34,4,0,4,0,34.77
fold2_room1_mix1038,35,4,0,-179,0,31.11
fold2_room1_mix1038,35,4,0,4,0,33.91
fold2_room1_mix1038,36,4,0,-179,0,29.89
fold2_room1_mix1038,36,4,0,3,0,33.11
fold2_room1_mix1038,37,4,0,179,0,31.29
fold2_room1_mix1038,37,4,0,4,0,33.59
fold2_room1_mix1038,38,4,0,179,0,29.72
fold2_room1_mix1038,38,4,0,5,0,32.94
fold2_room1_mix1038,39,4,0,179,0,30.53
fold2_room1_mix1038,39,4,0,5,0,33.71
fold2_room1_mix1038,40,4,0,-178,0,29.67
fold2_room1_mix1038,40,4,0,5,0,33.62
fold2_room1_mix1038,41,4,0,-179,0,27.63
fold2_room1_mix1038,41,4,0,5,0,31.66
fold2_room1_mix1038,42,4,0,-179,0,27.38
fold2_room1_mix1038,42,4,0,5,0,31.57
fold2_room1_mix1038,43,4,0,-179,0,26.24
fold2_room1_mix1038,43,4,0,5,0,32.10
fold2_room1_mix1038,44,4,0,179,0,26.35
fold2_room1_mix1038,44,4,0,5,0,31.75
fold2_room1_mix1038,45,4,0,179,0,25.64
fold2_room1_mix1038,45,4,0,5,0,30.87
fold2_room1_mix1038,46,4,0,-178,0,24.70
fold2_room1_mix1038,46,4,0,7,0,30.39
fold2_room1_mix1038,47,4,0,179,-1,24.55
fold2_room1_mix1038,47,4,0,7,0,29.17
fold2_room1_mix1038,48,4,0,179,-1,21.43
fold2_room1_mix1038,48,4,0,6,0,28.11
fold2_room1_mix1038,49,4,0,178,-1,22.71
fold2_room1_mix1038,49,4,0,7,0,29.76
fold2_room1_mix1038,50,4,0,179,-1,21.31
fold2_room1_mix1038,50,4,0,6,0,29.63
fold2_room1_mix1038,51,4,0,177,-1,21.97
fold2_room1_mix1038,51,4,0,7,0,29.24
fold2_room1_mix1038,52,4,0,176,-1,20.67
fold2_room1_mix1038,52,4,0,8,0,27.88
fold2_room1_mix1038,53,4,0,175,-1,20.52
fold2_room1_mix1038,53,4,0,7,0,27.99
fold2_room1_mix1038,54,4,0,177,-1,18.88
fold2_room1_mix1038,54,4,0,7,0,26.54
fold2_room1_mix1038,55,4,0,176,-2,18.25
fold2_room1_mix1038,55,4,0,8,0,25.49
fold2_room1_mix1038,56,4,0,176,-2,18.06
fold2_room1_mix1038,56,4,0,7,-1,25.78
fold2_room1_mix1038,57,4,0,175,-2,16.19
fold2_room1_mix1038,57,4,0,8,-1,23.27
fold2_room1_mix1038,58,4,0,176,-2,16.27
fold2_room1_mix1038,58,4,0,7,-1,22.73
fold2_room1_mix1038,59,4,0,175,-2,16.29
fold2_room1_mix1038,59,4,0,8,-1,22.50
fold2_room1_mix1038,60,4,0,175,-2,15.05
fold2_room1_mix1038,60,4,0,8,-1,20.57
fold2_room1_mix1038,61,4,0,176,-2,14.12
fold2_room1_mix1038,61,4,0,9,-2,17.90
fold2_room1_mix1038,62,4,0,173,-2,12.94
fold2_room1_mix1038,62,4,0,10,-2,16.69
fold2_room1_mix1038,63,4,0,171,-3,11.54
fold2_room1_mix1038,63,4,0,11,-2,14.43
fold2_room1_mix1038,64,4,0,173,-3,10.57
fold2_room1_mix1038,64,4,0,12,-3,12.97
fold2_room1_mix1038,65,4,0,168,-3,10.68
fold2_room1_mix1038,65,4,0,15,-4,11.25
fold2_room1_mix1038,66,4,0,165,-4,8.98
fold2_room1_mix1038,66,4,0,15,-4,10.95
fold2_room1_mix1038,67,4,0,163,-5,8.51
fold2_room1_mix1038,67,4,0,17,-5,9.04
fold2_room1_mix1038,68,4,0,164,-4,8.22
fold2_room1_mix1038,68,4,0,20,-5,8.20
fold2_room1_mix1038,69,4,0,165,-4,8.17
fold2_room1_mix1038,69,4,0,22,-6,7.44
fold2_room1_mix1038,70,4,0,170,-4,8.20
fold2_room1_mix1038,70,4,0,26,-7,6.01
fold2_room1_mix1038,71,4,0,165,-4,7.84
fold2_room1_mix1038,71,4,0,27,-7,5.63
fold2_room1_mix1038,72,4,0,166,-5,6.34
fold2_room1_mix1038,72,4,0,34,-8,4.65
fold2_room1_mix1038,73,4,0,166,-7,5.80
fold2_room1_mix1038,73,4,0,41,-10,4.46
fold2_room1_mix1038,74,4,0,157,-8,4.54
fold2_room1_mix1038,74,4,0,55,-11,3.88
fold2_room1_mix1038,75,4,0,159,-8,3.74
fold2_room1_mix1038,75,4,0,103,-14,3.39
fold2_room1_mix1038,75,4,0,60,-10,4.50
fold2_room1_mix1038,76,4,0,161,-9,4.09
fold2_room1_mix1038,76,4,0,133,-13,3.47
fold2_room1_mix1038,76,4,0,94,-11,4.73
fold2_room1_mix1038,77,4,0,165,-10,4.19
fold2_room1_mix1038,77,4,0,136,-11,3.53
fold2_room1_mix1038,77,4,0,87,-11,5.44
fold2_room1_mix1038,78,4,0,160,-10,4.50
fold2_room1_mix1038,78,4,0,142,-11,3.66
fold2_room1_mix1038,78,4,0,88,-12,6.73
fold2_room1_mix1038,79,4,0,151,-11,4.34
fold2_room1_mix1038,79,4,0,135,-13,3.60
fold2_room1_mix1038,79,4,0,50,-10,6.94
fold2_room1_mix1038,80,4,0,152,-11,5.70
fold2_room1_mix1038,80,4,0,114,-19,2.42
fold2_room1_mix1038,80,4,0,55,-13,6.87
fold2_room1_mix1038,81,4,0,156,-9,7.96
fold2_room1_mix1038,81,4,0,91,-22,2.27
fold2_room1_mix1038,81,4,0,68,-19,3.92
fold2_room1_mix1038,82,4,0,159,-6,7.76
fold2_room1_mix1038,82,4,0,54,-15,2.40
fold2_room1_mix1038,82,4,0,37,-10,4.60
fold2_room1_mix1038,83,4,0,159,-5,7.98
fold2_room1_mix1038,83,4,0,43,-12,2.71
fold2_room1_mix1038,83,4,0,27,-8,4.34
fold2_room1_mix1038,84,4,0,155,-4,10.06
fold2_room1_mix1038,84,4,0,31,-9,3.45
fold2_room1_mix1038,85,4,0,159,-4,10.56
fold2_room1_mix1038,85,4,0,31,-8,3.98
fold2_room1_mix1038,86,4,0,153,-4,10.11
fold2_room1_mix1038,86,4,0,30,-7,3.93
fold2_room1_mix1038,87,4,0,157,-3,11.03
fold2_room1_mix1038,87,4,0,29,-6,4.75
fold2_room1_mix1038,88,4,0,164,-2,12.05
fold2_room1_mix1038,88,4,0,65,-9,5.71
fold2_room1_mix1038,88,4,0,20,-5,5.64
fold2_room1_mix1038,89,4,0,161,-3,13.13
fold2_room1_mix1038,89,4,0,21,-6,5.64
fold2_room1_mix1038,90,4,0,166,-2,14.19
fold2_room1_mix1038,90,4,0,147,-5,7.49
fold2_room1_mix1038,90,4,0,20,-5,6.52
fold2_room1_mix1038,91,4,0,161,-4,11.78
fold2_room1_mix1038,91,4,0,21,-5,7.88
fold2_room1_mix1038,92,4,0,164,-3,11.82
fold2_room1_mix1038,92,4,0,21,-4,7.85
fold2_room1_mix1038,93,4,0,165,-3,12.67
fold2_room1_mix1038,93,4,0,21,-3,9.21
fold2_room1_mix1038,94,4,0,166,-2,14.22
fold2_room1_mix1038,94,4,0,17,-3,10.03
fold2_room1_mix1038,95,4,0,166,-2,13.65
fold2_room1_mix1038,95,4,0,17,-3,9.95
fold2_room1_mix1038,96,4,0,167,-2,14.98
fold2_room1_mix1038,96,4,0,14,-3,11.01
fold2_room1_mix1038,97,4,0,167,-2,15.77
fold2_room1_mix1038,97,4,0,14,-2,11.20
fold2_room1_mix1038,98,4,0,168,-2,16.14
fold2_room1_mix1038,98,4,0,13,-2,12.32
fold2_room1_mix1038,99,4,0,169,-2,16.06
fold2_room1_mix1038,99,4,0,13,-3,12.77
fold2_room1_mix1039,1,4,0,-178,0,2.25
fold2_room1_mix1039,2,4,0,-177,0,4.55
fold2_room1_mix1039,3,4,0,-178,0,7.51
fold2_room1_mix1039,4,4,0,-176,-1,14.23
fold2_room1_mix1039,5,4,0,-178,0,15.49
fold2_room1_mix1039,6,4,0,-177,0,17.58
fold2_room1_mix1039,7,4,0,-175,-1,23.95
fold2_room1_mix1039,8,4,0,-177,-1,24.44
fold2_room1_mix1039,9,4,0,-175,-1,23.44
fold2_room1_mix1039,10,4,0,-175,-1,21.72
fold2_room1_mix1039,11,4,0,-175,-1,22.16
fold2_room1_mix1039,12,4,0,-175,-1,22.86
fold2_room1_mix1039,13,4,0,-175,0,22.39
fold2_room1_mix1039,14,4,0,-176,0,22.74
fold2_room1_mix1039,15,4,0,-174,-1,22.22
fold2_room1_mix1039,16,4,0,-176,-1,21.28
fold2_room1_mix1039,17,4,0,-175,-1,21.25
fold2_room1_mix1039,18,4,0,-176,-1,21.46
fold2_room1_mix1039,19,4,0,-177,-1,20.91
fold2_room1_mix1039,20,4,0,-177,0,21.51
fold2_room1_mix1039,21,4,0,-176,-1,19.88
fold2_room1_mix1039,22,4,0,-176,-1,19.95
fold2_room1_mix1039,23,4,0,-176,-1,18.37
fold2_room1_mix1039,24,4,0,-175,-1,18.51
fold2_room1_mix1039,25,4,0,-173,-1,18.41
fold2_room1_mix1039,26,4,0,-174,-1,17.15
fold2_room1_mix1039,27,4,0,-174,-1,16.99
fold2_room1_mix1039,28,4,0,-174,-1,16.58
fold2_room1_mix1039,29,4,0,-174,-2,16.28
fold2_room1_mix1039,30,4,0,-173,-1,16.73
fold2_room1_mix1039,31,4,0,-172,-2,16.53
fold2_room1_mix1039,32,4,0,-172,-2,15.79
fold2_room1_mix1039,33,4,0,-172,-2,15.03
fold2_room1_mix1039,34,4,0,-172,-2,14.95
fold2_room1_mix1039,35,4,0,-171,-2,14.36
fold2_room1_mix1039,36,4,0,-173,-2,14.42
fold2_room1_mix1039,37,4,0,-172,-2,13.60
fold2_room1_mix1039,38,4,0,-172,-2,13.84
fold2_room1_mix1039,39,4,0,-171,-2,13.47
fold2_room1_mix1039,40,4,0,-171,-2,12.85
fold2_room1_mix1039,41,4,0,-170,-3,12.46
fold2_room1_mix1039,42,4,0,-170,-3,11.76
fold2_room1_mix1039,43,4,0,-170,-3,11.28
fold2_room1_mix1039,44,4,0,-171,-3,11.21
fold2_room1_mix1039,45,4,0,-169,-3,10.71
fold2_room1_mix1039,46,4,0,-169,-3,10.82
fold2_room1_mix1039,47,4,0,-168,-3,10.30
fold2_room1_mix1039,48,4,0,-169,-3,9.66
fold2_room1_mix1039,49,4,0,-167,-3,9.95
fold2_room1_mix1039,50,4,0,-168,-3,9.51
fold2_room1_mix1039,51,4,0,-168,-3,9.08
fold2_room1_mix1039,52,4,0,-167,-3,8.94
fold2_room1_mix1039,53,4,0,-167,-4,8.62
fold2_room1_mix1039,54,4,0,-166,-4,8.02
fold2_room1_mix1039,55,4,0,-165,-4,7.75
fold2_room1_mix1039,56,4,0,-165,-4,7.38
fold2_room1_mix1039,57,4,0,-164,-4,7.35
fold2_room1_mix1039,58,4,0,-163,-5,6.47
fold2_room1_mix1039,59,4,0,-162,-4,6.39
fold2_room1_mix1039,60,4,0,-162,-5,6.16
fold2_room1_mix1039,61,4,0,-160,-5,5.65
fold2_room1_mix1039,62,4,0,-159,-6,5.11
fold2_room1_mix1039,63,4,0,-158,-6,4.92
fold2_room1_mix1039,64,4,0,-156,-6,4.53
fold2_room1_mix1039,65,4,0,-154,-6,4.32
fold2_room1_mix1039,66,4,0,-154,-7,3.93
fold2_room1_mix1039,67,4,0,-151,-7,3.37
fold2_room1_mix1039,68,4,0,-149,-8,3.23
fold2_room1_mix1039,69,4,0,-145,-9,2.74
fold2_room1_mix1039,70,4,0,-142,-9,2.47
fold2_room1_mix1039,71,4,0,-137,-9,2.23
fold2_room1_mix1039,72,4,0,-133,-10,2.13
fold2_room1_mix1039,73,4,0,-125,-10,2.03
fold2_room1_mix1039,74,4,0,-111,-12,1.63
fold2_room1_mix1039,75,4,0,-97,-12,1.70
fold2_room1_mix1039,76,4,0,-84,-12,1.79
fold2_room1_mix1039,77,4,0,-68,-10,1.98
fold2_room1_mix1039,78,4,0,-58,-9,2.13
fold2_room1_mix1039,79,4,0,-49,-8,2.22
fold2_room1_mix1039,80,4,0,-42,-8,2.37
fold2_room1_mix1039,81,4,0,-36,-6,2.57
fold2_room1_mix1039,82,4,0,-31,-6,2.75
fold2_room1_mix1039,83,4,0,-28,-6,3.09
fold2_room1_mix1039,84,4,0,-25,-5,3.42
fold2_room1_mix1039,85,4,0,-22,-5,3.80
fold2_room1_mix1039,86,4,0,-21,-5,3.96
fold2_room1_mix1039,87,4,0,-18,-4,4.38
fold2_room1_mix1039,88,4,0,-18,-4,4.59
fold2_room1_mix1039,89,4,0,-17,-4,4.97
fold2_room1_mix1039,90,4,0,-15,-4,5.25
fold2_room1_mix1039,91,4,0,-14,-3,5.91
fold2_room1_mix1039,92,4,0,-14,-3,6.45
fold2_room1_mix1039,93,4,0,-13,-4,6.48
fold2_room1_mix1039,94,4,0,-12,-3,6.90
fold2_room1_mix1039,95,4,0,-12,-3,7.08
fold2_room1_mix1039,96,4,0,-11,-3,7.20
fold2_room1_mix1039,97,4,0,-10,-3,8.06
fold2_room1_mix1039,98,4,0,-9,-3,8.30
fold2_room1_mix1039,99,4,0,-9,-3,7.75
fold2_room1_mix1040,30,4,0,3,0,9.30
fold2_room1_mix1040,31,4,0,4,0,8.15
fold2_room1_mix1040,32,4,0,5,0,10.79
fold2_room1_mix1040,33,4,0,6,-1,14.07
fold2_room1_mix1040,34,4,0,7,-1,16.87
fold2_room1_mix1040,35,4,0,9,0,13.12
fold2_room1_mix1040,36,4,0,7,-1,17.12
fold2_room1_mix1040,37,4,0,7,-1,17.70
fold2_room1_mix1040,38,4,0,10,-2,16.05
fold2_room1_mix1040,39,4,0,10,-2,16.76
fold2_room1_mix1040,40,4,0,11,-2,16.25
fold2_room1_mix1040,41,4,0,9,-2,15.18
fold2_room1_mix1040,42,4,0,10,-2,13.83
fold2_room1_mix1040,43,4,0,11,-2,14.00
fold2_room1_mix1040,44,4,0,14,-2,12.37
fold2_room1_mix1040,45,1,0,-101,-3,5.62
fold2_room1_mix1040,45,4,0,18,-3,12.96
fold2_room1_mix1040,46,1,0,-101,-4,8.36
fold2_room1_mix1040,46,4,0,15,-3,12.43
fold2_room1_mix1040,47,1,0,-84,-4,9.15
fold2_room1_mix1040,47,4,0,15,-3,12.74
fold2_room1_mix1040,48,1,0,-78,-4,10.37
fold2_room1_mix1040,48,4,0,21,-2,11.01
fold2_room1_mix1040,49,1,0,-90,-3,2.63
fold2_room1_mix1040,49,4,0,19,-2,10.24
fold2_room1_mix1040,50,1,0,-70,-4,10.64
fold2_room1_mix1040,50,4,0,24,-4,9.47
fold2_room1_mix1040,51,1,0,-63,-4,10.38
fold2_room1_mix1040,51,4,0,19,-3,10.59
fold2_room1_mix1040,52,1,0,-65,-4,12.21
fold2_room1_mix1040,52,4,0,23,-4,9.50
fold2_room1_mix1040,53,1,0,-42,-3,12.84
fold2_room1_mix1040,53,4,0,24,-3,8.44
fold2_room1_mix1040,54,4,0,25,-7,5.27
fold2_room1_mix1040,55,1,0,-44,-3,12.37
fold2_room1_mix1040,55,4,0,28,-5,4.80
fold2_room1_mix1040,56,1,0,-39,-3,12.92
fold2_room1_mix1040,56,4,0,32,-6,5.46
fold2_room1_mix1040,56,4,0,15,-4,6.18
fold2_room1_mix1040,57,1,0,-34,-3,16.04
fold2_room1_mix1040,57,4,0,39,-8,4.17
fold2_room1_mix1040,57,4,0,17,-6,5.77
fold2_room1_mix1040,58,1,0,-34,-3,15.37
fold2_room1_mix1040,58,4,0,43,-6,5.71
fold2_room1_mix1040,58,4,0,26,-4,6.45
fold2_room1_mix1040,59,4,0,64,-11,3.39
fold2_room1_mix1040,59,4,0,11,-9,4.76
fold2_room1_mix1040,60,1,0,-25,-3,15.14
fold2_room1_mix1040,60,4,0,75,-12,2.46
fold2_room1_mix1040,60,4,0,56,-11,3.20
fold2_room1_mix1040,61,1,0,-28,-3,15.99
fold2_room1_mix1040,61,4,0,78,-13,3.24
fold2_room1_mix1040,61,4,0,36,-8,7.18
fold2_room1_mix1040,62,1,0,-23,-2,16.61
fold2_room1_mix1040,62,4,0,92,-14,3.11
fold2_room1_mix1040,62,4,0,21,-7,7.94
fold2_room1_mix1040,63,1,0,-20,-2,20.43
fold2_room1_mix1040,63,4,0,122,-10,3.41
fold2_room1_mix1040,63,4,0,60,-12,5.46
fold2_room1_mix1040,64,4,0,142,-8,3.48
fold2_room1_mix1040,64,4,0,-8,-6,7.42
fold2_room1_mix1040,65,1,0,-23,-3,21.24
fold2_room1_mix1040,65,4,0,144,-7,3.59
fold2_room1_mix1040,65,4,0,0,-4,7.77
fold2_room1_mix1040,66,1,0,-24,-3,23.05
fold2_room1_mix1040,66,4,0,148,-6,4.54
fold2_room1_mix1040,66,4,0,21,-13,5.10
fold2_room1_mix1040,66,4,0,-5,-5,6.57
fold2_room1_mix1040,67,1,0,-24,-2,20.91
fold2_room1_mix1040,67,4,0,149,-6,4.47
fold2_room1_mix1040,67,4,0,-10,-4,7.94
fold2_room1_mix1040,68,1,0,-26,-3,23.60
fold2_room1_mix1040,68,4,0,152,-6,4.78
fold2_room1_mix1040,68,4,0,-1,-5,6.80
fold2_room1_mix1040,69,1,0,-25,-3,9.79
fold2_room1_mix1040,69,4,0,161,-6,7.72
fold2_room1_mix1040,69,4,0,-28,-13,3.26
fold2_room1_mix1040,70,1,0,-33,-3,16.30
fold2_room1_mix1040,70,4,0,157,-4,5.52
fold2_room1_mix1040,70,4,0,-94,-21,2.05
fold2_room1_mix1040,70,4,0,-49,-17,2.08
fold2_room1_mix1040,71,1,0,-24,-3,25.87
fold2_room1_mix1040,71,4,0,151,-2,7.31
fold2_room1_mix1040,71,4,0,-142,-15,2.16
fold2_room1_mix1040,72,1,0,-34,-3,24.67
fold2_room1_mix1040,72,4,0,154,-5,4.94
fold2_room1_mix1040,72,4,0,-147,-13,2.17
fold2_room1_mix1040,72,4,0,-166,-19,2.48
fold2_room1_mix1040,73,1,0,-23,-3,29.50
fold2_room1_mix1040,73,4,0,169,-7,5.00
fold2_room1_mix1040,74,4,0,173,-6,5.77
fold2_room1_mix1040,75,4,0,176,-5,6.20
fold2_room1_mix1040,76,1,0,-23,-2,20.71
fold2_room1_mix1040,76,4,0,173,-4,6.03
fold2_room1_mix1040,77,1,0,-15,-3,26.95
fold2_room1_mix1040,77,4,0,176,-3,8.37
fold2_room1_mix1040,78,1,0,-18,-2,23.21
fold2_room1_mix1040,78,4,0,173,-3,8.11
fold2_room1_mix1040,79,1,0,-19,-3,10.09
fold2_room1_mix1040,79,4,0,170,-1,10.76
fold2_room1_mix1040,80,4,0,175,-2,8.71
fold2_room1_mix1040,81,4,0,173,-2,10.82
fold2_room1_mix1040,82,4,0,173,-2,12.19
fold2_room1_mix1040,83,4,0,173,-2,12.22
fold2_room1_mix1040,84,4,0,174,-1,12.92
fold2_room1_mix1040,85,4,0,172,-1,14.20
fold2_room1_mix1040,86,4,0,173,-1,14.82
fold2_room1_mix1040,87,4,0,173,0,14.34
fold2_room1_mix1040,88,4,0,173,-1,15.30
fold2_room1_mix1040,89,4,0,175,0,4.56
fold2_room1_mix1040,93,4,0,171,0,3.86
fold2_room1_mix1040,91,4,0,174,0,2.21
fold2_room1_mix1040,94,4,0,173,0,3.03
fold2_room1_mix1041,0,5,0,82,2,3.93
fold2_room1_mix1041,1,5,0,93,2,8.62
fold2_room1_mix1041,2,5,0,84,2,9.28
fold2_room1_mix1041,3,5,0,84,2,6.96
fold2_room1_mix1041,4,5,0,79,3,7.38
fold2_room1_mix1041,5,5,0,88,2,13.17
fold2_room1_mix1041,6,5,0,87,2,14.43
fold2_room1_mix1041,7,5,0,88,2,13.27
fold2_room1_mix1041,8,5,0,89,2,12.73
fold2_room1_mix1041,9,4,0,176,0,12.26
fold2_room1_mix1041,9,5,0,91,3,12.93
fold2_room1_mix1041,10,4,0,-178,1,8.81
fold2_room1_mix1041,10,5,0,88,3,11.95
fold2_room1_mix1041,11,5,0,86,2,12.31
fold2_room1_mix1041,11,6,0,-165,-2,2.08
fold2_room1_mix1041,12,5,0,86,3,10.82
fold2_room1_mix1041,12,6,0,-158,-2,2.14
fold2_room1_mix1041,13,4,0,174,3,12.41
fold2_room1_mix1041,13,5,0,89,2,13.63
fold2_room1_mix1041,13,6,0,-173,-2,1.26
fold2_room1_mix1041,14,5,0,89,1,13.92
fold2_room1_mix1041,14,6,0,-164,-1,1.63
fold2_room1_mix1041,15,4,0,-177,1,11.35
fold2_room1_mix1041,15,5,0,91,2,12.67
fold2_room1_mix1041,16,4,0,-169,0,25.81
fold2_room1_mix1041,16,5,0,88,3,11.50
fold2_room1_mix1041,17,4,0,-168,0,26.52
fold2_room1_mix1041,17,5,0,92,3,11.20
fold2_room1_mix1041,18,4,0,-166,0,26.81
fold2_room1_mix1041,18,5,0,89,3,11.80
fold2_room1_mix1041,19,4,0,-168,0,25.49
fold2_room1_mix1041,19,5,0,89,2,12.95
fold2_room1_mix1041,20,4,0,-165,0,26.56
fold2_room1_mix1041,20,5,0,91,2,12.04
fold2_room1_mix1041,21,4,0,-169,0,25.70
fold2_room1_mix1041,21,5,0,91,2,12.78
fold2_room1_mix1041,22,4,0,-167,0,25.53
fold2_room1_mix1041,22,5,0,87,2,13.44
fold2_room1_mix1041,23,4,0,-161,-1,24.64
fold2_room1_mix1041,23,5,0,95,2,11.95
fold2_room1_mix1041,24,4,0,-157,-1,25.23
fold2_room1_mix1041,24,5,0,95,2,11.84
fold2_room1_mix1041,25,4,0,-161,-1,24.10
fold2_room1_mix1041,25,5,0,89,2,12.67
fold2_room1_mix1041,26,4,0,-154,-1,22.64
fold2_room1_mix1041,26,5,0,97,2,13.02
fold2_room1_mix1041,27,4,0,-158,-1,25.31
fold2_room1_mix1041,27,5,0,96,3,12.02
fold2_room1_mix1041,28,4,0,-157,-1,24.92
fold2_room1_mix1041,28,5,0,103,2,13.28
fold2_room1_mix1041,29,4,0,-158,-1,24.48
fold2_room1_mix1041,29,5,0,100,2,13.38
fold2_room1_mix1041,30,4,0,-155,-1,24.03
fold2_room1_mix1041,30,5,0,99,2,13.66
fold2_room1_mix1041,31,4,0,-155,-1,25.20
fold2_room1_mix1041,31,5,0,103,2,13.03
fold2_room1_mix1041,32,4,0,-157,-1,25.70
fold2_room1_mix1041,32,5,0,102,2,13.05
fold2_room1_mix1041,33,4,0,-156,-1,24.01
fold2_room1_mix1041,33,5,0,101,2,14.07
fold2_room1_mix1041,34,4,0,-149,-1,23.57
fold2_room1_mix1041,34,5,0,101,2,13.34
fold2_room1_mix1041,35,4,0,-148,-1,23.31
fold2_room1_mix1041,35,5,0,101,2,13.31
fold2_room1_mix1041,36,4,0,-149,-1,23.26
fold2_room1_mix1041,36,5,0,98,2,13.17
fold2_room1_mix1041,37,4,0,-147,-1,22.41
fold2_room1_mix1041,37,5,0,104,2,13.70
fold2_room1_mix1041,38,4,0,-143,-1,22.03
fold2_room1_mix1041,38,5,0,105,2,14.23
fold2_room1_mix1041,39,4,0,-145,-1,22.20
fold2_room1_mix1041,39,5,0,102,2,12.77
fold2_room1_mix1041,40,4,0,-145,-1,23.53
fold2_room1_mix1041,40,5,0,103,2,12.90
fold2_room1_mix1041,41,4,0,-143,-1,21.79
fold2_room1_mix1041,41,5,0,106,2,13.25
fold2_room1_mix1041,42,4,0,-144,-1,21.19
fold2_room1_mix1041,42,5,0,111,2,13.59
fold2_room1_mix1041,43,4,0,-143,-1,21.18
fold2_room1_mix1041,43,5,0,112,3,12.03
fold2_room1_mix1041,44,4,0,-140,-1,21.62
fold2_room1_mix1041,44,5,0,111,2,13.24
fold2_room1_mix1041,45,4,0,-138,-1,20.89
fold2_room1_mix1041,45,5,0,111,2,14.30
fold2_room1_mix1041,46,4,0,-138,-1,19.73
fold2_room1_mix1041,46,5,0,118,2,13.64
fold2_room1_mix1041,47,4,0,-136,-1,19.63
fold2_room1_mix1041,47,5,0,114,2,12.89
fold2_room1_mix1041,48,4,0,-136,-1,19.45
fold2_room1_mix1041,48,5,0,117,2,13.50
fold2_room1_mix1041,49,4,0,-135,-1,19.57
fold2_room1_mix1041,49,5,0,114,2,13.27
fold2_room1_mix1041,50,4,0,-134,-1,19.30
fold2_room1_mix1041,50,5,0,119,3,12.97
fold2_room1_mix1041,51,4,0,-132,-1,18.70
fold2_room1_mix1041,51,5,0,123,3,12.90
fold2_room1_mix1041,52,4,0,-132,-1,18.71
fold2_room1_mix1041,52,5,0,121,2,13.24
fold2_room1_mix1041,53,4,0,-129,-1,18.66
fold2_room1_mix1041,53,5,0,120,3,13.44
fold2_room1_mix1041,54,4,0,-128,-1,17.98
fold2_room1_mix1041,54,5,0,123,2,13.88
fold2_room1_mix1041,55,4,0,-126,-1,17.88
fold2_room1_mix1041,55,5,0,127,3,12.38
fold2_room1_mix1041,56,4,0,-126,-1,17.95
fold2_room1_mix1041,56,5,0,128,3,12.67
fold2_room1_mix1041,57,4,0,-123,-1,17.41
fold2_room1_mix1041,57,5,0,127,3,12.92
fold2_room1_mix1041,58,4,0,-123,-1,17.38
fold2_room1_mix1041,58,5,0,128,3,13.37
fold2_room1_mix1041,59,4,0,-123,-1,17.74
fold2_room1_mix1041,59,5,0,134,3,11.70
fold2_room1_mix1041,60,4,0,-120,-2,17.34
fold2_room1_mix1041,60,5,0,130,3,12.45
fold2_room1_mix1041,61,4,0,-120,-1,17.08
fold2_room1_mix1041,61,5,0,128,2,13.38
fold2_room1_mix1041,62,4,0,-120,-2,16.70
fold2_room1_mix1041,62,5,0,128,3,13.29
fold2_room1_mix1041,63,4,0,-118,-2,17.22
fold2_room1_mix1041,63,5,0,131,3,11.45
fold2_room1_mix1041,64,4,0,-116,-1,17.01
fold2_room1_mix1041,64,5,0,134,3,12.29
fold2_room1_mix1041,65,4,0,-114,-2,16.34
fold2_room1_mix1041,65,5,0,132,3,12.49
fold2_room1_mix1041,66,4,0,-112,-2,16.46
fold2_room1_mix1041,66,5,0,130,3,12.60
fold2_room1_mix1041,67,4,0,-110,-2,16.14
fold2_room1_mix1041,67,5,0,133,3,11.81
fold2_room1_mix1041,68,4,0,-110,-2,16.18
fold2_room1_mix1041,68,5,0,134,3,12.08
fold2_room1_mix1041,69,4,0,-109,-2,16.01
fold2_room1_mix1041,69,5,0,135,3,13.02
fold2_room1_mix1041,70,4,0,-107,-2,16.18
fold2_room1_mix1041,70,5,0,134,3,12.49
fold2_room1_mix1041,71,4,0,-106,-2,16.21
fold2_room1_mix1041,71,5,0,134,3,11.78
fold2_room1_mix1041,72,4,0,-108,-2,16.29
fold2_room1_mix1041,72,5,0,137,3,11.38
fold2_room1_mix1041,73,4,0,-102,-2,15.62
fold2_room1_mix1041,73,5,0,135,3,12.52
fold2_room1_mix1041,74,4,0,-103,-2,15.32
fold2_room1_mix1041,74,5,0,135,3,11.77
fold2_room1_mix1041,75,4,0,-101,-2,15.60
fold2_room1_mix1041,75,5,0,135,3,11.08
fold2_room1_mix1041,76,4,0,-101,-2,15.01
fold2_room1_mix1041,76,5,0,135,3,11.47
fold2_room1_mix1041,77,4,0,-99,-2,15.18
fold2_room1_mix1041,77,5,0,138,3,13.06
fold2_room1_mix1041,78,4,0,-98,-2,15.01
fold2_room1_mix1041,78,5,0,139,3,12.57
fold2_room1_mix1041,79,4,0,-97,-2,15.21
fold2_room1_mix1041,79,5,0,135,3,11.98
fold2_room1_mix1041,80,4,0,-97,-2,14.92
fold2_room1_mix1041,80,5,0,136,3,12.19
fold2_room1_mix1041,81,4,0,-96,-2,14.78
fold2_room1_mix1041,81,5,0,137,3,11.70
fold2_room1_mix1041,82,4,0,-94,-2,14.95
fold2_room1_mix1041,82,5,0,138,3,12.52
fold2_room1_mix1041,83,4,0,-94,-2,14.91
fold2_room1_mix1041,83,5,0,135,3,12.78
fold2_room1_mix1041,84,4,0,-91,-2,15.35
fold2_room1_mix1041,84,5,0,136,3,12.41
fold2_room1_mix1041,85,4,0,-87,-2,15.35
fold2_room1_mix1041,85,5,0,138,2,13.12
fold2_room1_mix1041,86,4,0,-86,-2,15.61
fold2_room1_mix1041,86,5,0,137,3,12.95
fold2_room1_mix1041,87,4,0,-86,-2,15.41
fold2_room1_mix1041,87,5,0,135,3,12.39
fold2_room1_mix1041,88,4,0,-85,-2,15.65
fold2_room1_mix1041,88,5,0,137,3,12.11
fold2_room1_mix1041,89,4,0,-82,-2,16.00
fold2_room1_mix1041,89,5,0,135,2,13.47
fold2_room1_mix1041,90,4,0,-81,-2,16.27
fold2_room1_mix1041,90,5,0,138,2,12.64
fold2_room1_mix1041,91,4,0,-82,-2,15.71
fold2_room1_mix1041,91,5,0,135,2,13.02
fold2_room1_mix1041,92,4,0,-81,-1,16.08
fold2_room1_mix1041,92,5,0,137,2,13.28
fold2_room1_mix1041,93,4,0,-79,-1,16.32
fold2_room1_mix1041,93,5,0,137,2,13.62
fold2_room1_mix1041,94,4,0,-80,-1,16.14
fold2_room1_mix1041,94,5,0,136,2,13.71
fold2_room1_mix1041,95,4,0,-81,-1,16.41
fold2_room1_mix1041,95,5,0,137,2,13.13
fold2_room1_mix1041,96,4,0,-78,-1,16.73
fold2_room1_mix1041,96,5,0,137,2,14.37
fold2_room1_mix1041,97,4,0,-77,-1,17.19
fold2_room1_mix1041,97,5,0,138,2,14.34
fold2_room1_mix1041,98,4,0,-73,-1,17.66
fold2_room1_mix1041,98,5,0,136,2,14.60
fold2_room1_mix1041,99,4,0,-71,-1,17.71
fold2_room1_mix1041,99,5,0,135,2,14.75
fold2_room1_mix1042,33,0,0,-173,-2,1.88
fold2_room1_mix1042,34,0,0,-172,-1,2.71
fold2_room1_mix1042,35,0,0,-173,-1,3.29
fold2_room1_mix1042,36,0,0,-172,-2,10.14
fold2_room1_mix1042,37,0,0,-167,-2,9.60
fold2_room1_mix1042,38,0,0,-169,-1,13.36
fold2_room1_mix1042,39,0,0,-167,-1,23.07
fold2_room1_mix1042,40,0,0,-165,-1,19.62
fold2_room1_mix1042,41,0,0,-165,-2,20.11
fold2_room1_mix1042,42,0,0,-164,-1,20.72
fold2_room1_mix1042,43,0,0,-161,-2,18.62
fold2_room1_mix1042,44,0,0,-162,-1,20.64
fold2_room1_mix1042,45,0,0,-163,-2,19.04
fold2_room1_mix1042,46,0,0,-162,-2,17.87
fold2_room1_mix1042,47,0,0,-161,-2,17.20
fold2_room1_mix1042,48,0,0,-160,-2,16.79
fold2_room1_mix1042,49,0,0,-160,-2,16.78
fold2_room1_mix1042,50,0,0,-156,-2,14.82
fold2_room1_mix1042,51,0,0,-152,-3,13.73
fold2_room1_mix1042,52,0,0,-150,-3,13.02
fold2_room1_mix1042,53,0,0,-145,-3,12.18
fold2_room1_mix1042,54,0,0,-141,-4,10.37
fold2_room1_mix1042,55,0,0,-128,-5,8.02
fold2_room1_mix1042,56,0,0,-116,-6,8.06
fold2_room1_mix1042,57,0,0,-95,-7,6.93
fold2_room1_mix1042,57,4,0,166,-4,2.38
fold2_room1_mix1042,58,0,0,-82,-7,6.64
fold2_room1_mix1042,58,4,0,168,-4,8.64
fold2_room1_mix1042,59,0,0,-71,-7,6.33
fold2_room1_mix1042,59,4,0,169,-4,9.97
fold2_room1_mix1042,60,0,0,-54,-6,6.26
fold2_room1_mix1042,60,4,0,167,-4,8.38
fold2_room1_mix1042,61,0,0,-48,-5,6.03
fold2_room1_mix1042,61,4,0,167,-4,13.49
fold2_room1_mix1042,62,0,0,-41,-5,5.97
fold2_room1_mix1042,62,4,0,169,-5,12.15
fold2_room1_mix1042,63,0,0,-31,-4,6.59
fold2_room1_mix1042,63,4,0,170,-3,13.61
fold2_room1_mix1042,64,0,0,-29,-4,7.63
fold2_room1_mix1042,64,4,0,165,-4,12.60
fold2_room1_mix1042,65,0,0,-26,-4,8.35
fold2_room1_mix1042,65,4,0,168,-4,13.36
fold2_room1_mix1042,66,0,0,-27,-3,8.43
fold2_room1_mix1042,66,4,0,166,-3,12.40
fold2_room1_mix1042,67,0,0,-24,-3,9.72
fold2_room1_mix1042,67,4,0,166,-3,12.57
fold2_room1_mix1042,68,0,0,-22,-3,10.84
fold2_room1_mix1042,68,4,0,166,-4,11.52
fold2_room1_mix1042,69,0,0,-19,-2,11.88
fold2_room1_mix1042,69,4,0,167,-3,12.10
fold2_room1_mix1042,70,0,0,-19,-2,11.39
fold2_room1_mix1042,70,4,0,166,-3,11.83
fold2_room1_mix1042,71,0,0,-21,-2,12.72
fold2_room1_mix1042,71,4,0,163,-3,11.55
fold2_room1_mix1042,72,0,0,-17,-2,14.59
fold2_room1_mix1042,72,4,0,162,-3,11.38
fold2_room1_mix1042,73,0,0,-15,-2,15.11
fold2_room1_mix1042,73,4,0,166,-4,10.09
fold2_room1_mix1042,74,0,0,-14,-2,18.03
fold2_room1_mix1042,74,4,0,164,-4,9.77
fold2_room1_mix1042,75,0,0,-14,-2,17.73
fold2_room1_mix1042,75,4,0,163,-3,10.05
fold2_room1_mix1042,76,0,0,-11,-2,19.72
fold2_room1_mix1042,76,4,0,161,-4,9.28
fold2_room1_mix1042,77,0,0,-12,-1,20.16
fold2_room1_mix1042,77,4,0,156,-4,7.73
fold2_room1_mix1042,78,0,0,-12,-2,20.96
fold2_room1_mix1042,78,4,0,155,-4,7.70
fold2_room1_mix1042,79,0,0,-8,-1,22.86
fold2_room1_mix1042,79,4,0,151,-4,6.78
fold2_room1_mix1042,80,0,0,-6,-1,26.12
fold2_room1_mix1042,80,4,0,151,-5,6.13
fold2_room1_mix1042,81,0,0,-6,-1,25.20
fold2_room1_mix1042,81,4,0,145,-5,5.35
fold2_room1_mix1042,82,0,0,-8,-1,18.18
fold2_room1_mix1042,82,4,0,137,-7,4.47
fold2_room1_mix1042,83,0,0,-4,-1,13.09
fold2_room1_mix1042,83,4,0,129,-7,3.52
fold2_room1_mix1042,84,0,0,-5,-1,6.89
fold2_room1_mix1042,84,4,0,118,-7,3.38
fold2_room1_mix1042,85,4,0,101,-6,2.91
fold2_room1_mix1042,86,4,0,86,-5,2.84
fold2_room1_mix1042,87,4,0,73,-6,3.08
fold2_room1_mix1042,88,4,0,61,-4,2.91
fold2_room1_mix1042,89,4,0,47,-3,3.07
fold2_room1_mix1042,90,4,0,40,-3,3.61
fold2_room1_mix1042,91,4,0,36,-2,3.83
fold2_room1_mix1042,92,4,0,32,-2,4.76
fold2_room1_mix1042,93,4,0,28,-1,5.18
fold2_room1_mix1042,94,4,0,23,-2,5.94
fold2_room1_mix1042,95,4,0,22,-1,6.74
fold2_room1_mix1042,96,4,0,20,-1,7.96
fold2_room1_mix1042,97,4,0,19,-1,8.29
fold2_room1_mix1042,98,4,0,19,-1,9.18
fold2_room1_mix1042,99,4,0,19,-1,10.07
fold2_room1_mix1043,20,2,0,-43,-3,6.32
fold2_room1_mix1043,21,2,0,-31,-4,9.54
fold2_room1_mix1043,22,2,0,-25,-4,8.98
fold2_room1_mix1043,23,2,0,-28,-4,8.98
fold2_room1_mix1043,24,2,0,-27,-5,8.16
fold2_room1_mix1043,25,2,0,-29,-5,7.48
fold2_room1_mix1043,30,2,0,-35,-4,7.81
fold2_room1_mix1043,31,2,0,-37,-5,7.50
fold2_room1_mix1043,32,2,0,-38,-4,7.60
fold2_room1_mix1043,33,2,0,-36,-5,6.84
fold2_room1_mix1043,34,2,0,-32,-6,6.87
fold2_room1_mix1043,35,2,0,-37,-5,6.93
fold2_room1_mix1043,41,2,0,-42,-5,6.68
fold2_room1_mix1043,42,2,0,-44,-5,7.23
fold2_room1_mix1043,43,2,0,-48,-5,6.08
fold2_room1_mix1043,44,2,0,-45,-6,5.66
fold2_room1_mix1043,45,2,0,-50,-6,5.76
fold2_room1_mix1043,51,2,0,-59,-5,5.57
fold2_room1_mix1043,52,2,0,-65,-5,5.74
fold2_room1_mix1043,53,2,0,-68,-6,5.13
fold2_room1_mix1043,54,2,0,-72,-7,4.91
fold2_room1_mix1043,55,2,0,-76,-7,5.07
fold2_room1_mix1043,61,2,0,-109,-4,7.40
fold2_room1_mix1043,62,2,0,-91,-5,4.88
fold2_room1_mix1045,14,4,0,175,0,12.16
fold2_room1_mix1045,15,4,0,174,-1,13.07
fold2_room1_mix1045,16,4,0,176,-1,13.59
fold2_room1_mix1045,17,4,0,174,-1,15.33
fold2_room1_mix1045,18,4,0,175,-2,14.61
fold2_room1_mix1045,19,4,0,175,-2,14.03
fold2_room1_mix1045,20,4,0,176,-2,15.28
fold2_room1_mix1045,21,4,0,176,-2,13.60
fold2_room1_mix1045,22,4,0,177,-2,13.46
fold2_room1_mix1045,23,4,0,176,-2,14.06
fold2_room1_mix1045,24,4,0,178,-3,12.82
fold2_room1_mix1045,25,4,0,176,-3,12.44
fold2_room1_mix1045,26,4,0,174,-3,11.80
fold2_room1_mix1045,27,4,0,175,-3,11.63
fold2_room1_mix1045,28,4,0,174,-3,10.85
fold2_room1_mix1045,29,4,0,173,-3,9.93
fold2_room1_mix1045,30,4,0,172,-3,9.37
fold2_room1_mix1045,31,4,0,173,-3,9.01
fold2_room1_mix1045,32,4,0,173,-4,8.43
fold2_room1_mix1045,33,4,0,172,-4,8.11
fold2_room1_mix1045,34,4,0,172,-5,7.22
fold2_room1_mix1045,35,4,0,172,-5,6.80
fold2_room1_mix1045,36,4,0,173,-5,6.39
fold2_room1_mix1045,37,4,0,170,-6,6.04
fold2_room1_mix1045,38,4,0,173,-6,5.38
fold2_room1_mix1045,39,4,0,170,-7,4.98
fold2_room1_mix1045,40,4,0,169,-8,4.42
fold2_room1_mix1045,41,4,0,166,-10,3.99
fold2_room1_mix1045,42,4,0,163,-11,3.83
fold2_room1_mix1045,43,4,0,161,-13,3.17
fold2_room1_mix1045,44,4,0,157,-16,2.90
fold2_room1_mix1045,45,4,0,144,-26,2.07
fold2_room1_mix1045,46,4,0,120,-31,2.00
fold2_room1_mix1045,47,4,0,82,-33,2.08
fold2_room1_mix1045,48,4,0,58,-30,1.68
fold2_room1_mix1045,48,4,0,27,-15,5.64
fold2_room1_mix1045,49,4,0,35,-20,2.14
fold2_room1_mix1045,49,4,0,20,-9,7.14
fold2_room1_mix1045,50,4,0,24,-16,2.38
fold2_room1_mix1045,50,4,0,11,-7,7.50
fold2_room1_mix1045,51,4,0,18,-11,4.49
fold2_room1_mix1045,52,4,0,15,-10,4.32
fold2_room1_mix1045,53,4,0,13,-8,4.80
fold2_room1_mix1045,54,4,0,11,-7,5.06
fold2_room1_mix1045,55,4,0,9,-6,6.08
fold2_room1_mix1045,56,4,0,10,-5,6.44
fold2_room1_mix1045,57,4,0,10,-5,7.04
fold2_room1_mix1045,58,4,0,10,-5,7.11
fold2_room1_mix1045,59,4,0,11,-4,7.63
fold2_room1_mix1045,60,4,0,11,-4,8.07
fold2_room1_mix1045,61,4,0,11,-4,8.64
fold2_room1_mix1045,62,4,0,12,-4,8.93
fold2_room1_mix1045,63,4,0,13,-3,9.27
fold2_room1_mix1045,64,4,0,15,-3,9.69
fold2_room1_mix1045,65,4,0,14,-3,10.38
fold2_room1_mix1045,66,4,0,32,-3,9.91
fold2_room1_mix1045,66,4,0,11,-3,10.37
fold2_room1_mix1045,67,4,0,50,-3,9.67
fold2_room1_mix1045,67,4,0,9,-3,10.38
fold2_room1_mix1045,68,4,0,51,-4,8.67
fold2_room1_mix1045,68,4,0,8,-3,10.79
fold2_room1_mix1045,69,4,0,55,-5,8.85
fold2_room1_mix1045,69,4,0,12,-3,10.88
fold2_room1_mix1045,70,4,0,61,-5,8.13
fold2_room1_mix1045,70,4,0,10,-3,11.36
fold2_room1_mix1045,71,4,0,68,-7,6.77
fold2_room1_mix1045,71,4,0,9,-3,12.27
fold2_room1_mix1045,72,4,0,75,-7,7.10
fold2_room1_mix1045,72,4,0,17,-4,10.87
fold2_room1_mix1045,73,4,0,79,-6,6.82
fold2_room1_mix1045,73,4,0,13,-3,12.08
fold2_room1_mix1045,74,4,0,77,-5,6.97
fold2_room1_mix1045,74,4,0,13,-2,13.10
fold2_room1_mix1045,75,4,0,84,-5,6.36
fold2_room1_mix1045,75,4,0,16,-1,13.60
fold2_room1_mix1045,76,4,0,91,-5,6.04
fold2_room1_mix1045,76,4,0,20,-1,14.69
fold2_room1_mix1045,77,4,0,94,-5,6.30
fold2_room1_mix1045,77,4,0,19,-1,13.85
fold2_room1_mix1045,78,4,0,103,-4,6.48
fold2_room1_mix1045,78,4,0,17,0,14.45
fold2_room1_mix1045,79,4,0,114,-4,7.12
fold2_room1_mix1045,79,4,0,27,-2,13.09
fold2_room1_mix1045,80,4,0,123,-3,7.34
fold2_room1_mix1045,80,4,0,23,-2,12.53
fold2_room1_mix1045,81,4,0,132,-2,7.98
fold2_room1_mix1045,82,4,0,134,-3,8.43
fold2_room1_mix1045,83,4,0,142,-3,9.09
fold2_room1_mix1045,84,4,0,146,-2,10.22
fold2_room1_mix1045,85,4,0,147,-3,9.90
fold2_room1_mix1045,86,4,0,150,-3,10.81
fold2_room1_mix1045,87,4,0,151,-2,10.58
fold2_room1_mix1045,88,4,0,154,-2,10.58
fold2_room1_mix1045,89,4,0,155,-2,11.42
fold2_room1_mix1045,90,4,0,157,-2,11.50
fold2_room1_mix1045,91,4,0,159,-2,12.34
fold2_room1_mix1045,92,4,0,160,-2,12.41
fold2_room1_mix1045,93,4,0,161,-2,13.05
fold2_room1_mix1045,94,4,0,162,-1,13.91
fold2_room1_mix1045,95,4,0,164,-1,11.02
fold2_room1_mix1046,9,4,0,174,1,2.43
fold2_room1_mix1046,11,4,0,178,0,16.28
fold2_room1_mix1046,12,4,0,175,1,5.17
fold2_room1_mix1046,14,4,0,174,0,10.03
fold2_room1_mix1046,15,4,0,175,1,2.25
fold2_room1_mix1046,16,4,0,175,0,10.46
fold2_room1_mix1046,17,4,0,-179,0,17.21
fold2_room1_mix1046,18,4,0,172,0,25.73
fold2_room1_mix1046,19,4,0,177,0,26.96
fold2_room1_mix1046,20,4,0,176,0,13.76
fold2_room1_mix1046,21,4,0,178,0,24.23
fold2_room1_mix1046,22,4,0,178,0,24.73
fold2_room1_mix1046,23,4,0,178,0,26.92
fold2_room1_mix1046,24,4,0,179,0,25.49
fold2_room1_mix1046,25,4,0,178,0,25.38
fold2_room1_mix1046,26,4,0,177,0,25.62
fold2_room1_mix1046,27,4,0,178,0,26.64
fold2_room1_mix1046,28,4,0,178,0,24.90
fold2_room1_mix1046,29,4,0,178,-1,23.37
fold2_room1_mix1046,30,4,0,179,0,22.69
fold2_room1_mix1046,31,4,0,179,0,23.28
fold2_room1_mix1046,32,4,0,179,0,22.66
fold2_room1_mix1046,33,4,0,179,0,21.10
fold2_room1_mix1046,34,4,0,179,-1,21.08
fold2_room1_mix1046,35,4,0,179,-1,20.72
fold2_room1_mix1046,36,4,0,179,0,21.31
fold2_room1_mix1046,37,4,0,-179,-1,19.33
fold2_room1_mix1046,38,4,0,179,-1,18.97
fold2_room1_mix1046,39,4,0,177,-1,18.71
fold2_room1_mix1046,40,4,0,177,-1,17.65
fold2_room1_mix1046,41,4,0,178,-1,16.94
fold2_room1_mix1046,42,4,0,178,-1,16.04
fold2_room1_mix1046,43,4,0,179,-1,15.48
fold2_room1_mix1046,44,4,0,176,-1,14.94
fold2_room1_mix1046,45,4,0,179,-2,13.98
fold2_room1_mix1046,46,4,0,177,-2,13.89
fold2_room1_mix1046,47,4,0,177,-2,13.25
fold2_room1_mix1046,48,4,0,175,-2,12.67
fold2_room1_mix1046,49,4,0,177,-3,11.33
fold2_room1_mix1046,50,4,0,177,-3,10.51
fold2_room1_mix1046,51,4,0,178,-3,10.32
fold2_room1_mix1046,52,4,0,176,-3,10.10
fold2_room1_mix1046,53,4,0,175,-4,8.86
fold2_room1_mix1046,54,4,0,174,-4,8.54
fold2_room1_mix1046,55,4,0,173,-4,8.17
fold2_room1_mix1046,56,4,0,173,-4,7.52
fold2_room1_mix1046,57,4,0,173,-5,6.12
fold2_room1_mix1046,58,4,0,172,-5,6.02
fold2_room1_mix1046,59,4,0,171,-7,5.31
fold2_room1_mix1046,60,4,0,168,-8,4.57
fold2_room1_mix1046,61,4,0,166,-9,3.95
fold2_room1_mix1046,62,4,0,163,-12,3.23
fold2_room1_mix1046,63,4,0,159,-14,2.81
fold2_room1_mix1046,64,4,0,147,-20,2.02
fold2_room1_mix1046,65,4,0,129,-27,1.62
fold2_room1_mix1046,66,4,0,93,-34,1.36
fold2_room1_mix1046,67,4,0,53,-28,1.44
fold2_room1_mix1046,68,4,0,31,-19,1.83
fold2_room1_mix1046,69,4,0,22,-14,2.37
fold2_room1_mix1046,70,4,0,19,-12,2.75
fold2_room1_mix1046,71,4,0,16,-9,3.53
fold2_room1_mix1046,72,4,0,13,-8,4.28
fold2_room1_mix1046,73,4,0,11,-7,4.40
fold2_room1_mix1046,74,4,0,9,-6,5.03
fold2_room1_mix1046,75,4,0,9,-6,5.93
fold2_room1_mix1046,76,4,0,8,-5,6.72
fold2_room1_mix1046,77,4,0,8,-5,6.82
fold2_room1_mix1046,78,4,0,8,-4,7.47
fold2_room1_mix1046,79,4,0,8,-4,8.05
fold2_room1_mix1046,80,4,0,7,-4,8.49
fold2_room1_mix1046,81,4,0,6,-4,9.06
fold2_room1_mix1046,82,4,0,6,-3,9.85
fold2_room1_mix1046,83,4,0,6,-3,10.33
fold2_room1_mix1046,84,4,0,6,-3,11.69
fold2_room1_mix1046,85,4,0,6,-3,11.79
fold2_room1_mix1046,86,4,0,6,-3,12.56
fold2_room1_mix1046,87,4,0,6,-2,13.87
fold2_room1_mix1046,88,4,0,6,-2,14.51
fold2_room1_mix1046,89,4,0,5,-2,14.58
fold2_room1_mix1046,90,4,0,6,-2,15.45
fold2_room1_mix1046,91,4,0,6,-2,16.68
fold2_room1_mix1046,92,4,0,6,-2,16.81
fold2_room1_mix1046,93,4,0,6,-2,16.68
fold2_room1_mix1046,94,4,0,5,-2,16.94
fold2_room1_mix1046,95,4,0,5,-2,17.95
fold2_room1_mix1046,96,4,0,6,-2,19.12
fold2_room1_mix1046,97,4,0,6,-2,20.48
fold2_room1_mix1046,98,4,0,6,-2,21.15
fold2_room1_mix1046,99,4,0,6,-2,21.70
fold2_room1_mix1047,0,5,0,130,3,2.81
fold2_room1_mix1047,1,5,0,131,2,5.74
fold2_room1_mix1047,2,5,0,137,3,4.80
fold2_room1_mix1047,3,5,0,132,3,6.78
fold2_room1_mix1047,4,5,0,131,3,4.41
fold2_room1_mix1047,5,5,0,133,4,8.49
fold2_room1_mix1047,6,5,0,133,3,10.18
fold2_room1_mix1047,7,5,0,131,5,7.49
fold2_room1_mix1047,8,5,0,134,6,6.01
fold2_room1_mix1047,9,5,0,128,5,8.04
fold2_room1_mix1047,10,5,0,128,5,7.57
fold2_room1_mix1047,11,5,0,129,8,5.35
fold2_room1_mix1047,12,5,0,127,9,4.64
fold2_room1_mix1047,13,5,0,125,9,5.25
fold2_room1_mix1047,14,5,0,127,7,5.95
fold2_room1_mix1047,15,5,0,124,7,5.53
fold2_room1_mix1047,16,5,0,119,8,5.27
fold2_room1_mix1047,17,5,0,122,8,5.61
fold2_room1_mix1047,18,5,0,124,7,5.48
fold2_room1_mix1047,19,5,0,121,7,5.94
fold2_room1_mix1047,20,5,0,116,9,5.13
fold2_room1_mix1047,21,5,0,113,9,4.87
fold2_room1_mix1047,22,5,0,116,7,5.94
fold2_room1_mix1047,23,5,0,112,8,5.33
fold2_room1_mix1047,24,4,0,161,-1,3.38
fold2_room1_mix1047,24,5,0,111,10,4.50
fold2_room1_mix1047,25,4,0,167,0,5.41
fold2_room1_mix1047,25,5,0,115,9,5.13
fold2_room1_mix1047,26,4,0,161,-1,10.43
fold2_room1_mix1047,26,5,0,113,8,5.17
fold2_room1_mix1047,27,4,0,163,-1,16.86
fold2_room1_mix1047,27,5,0,113,8,5.17
fold2_room1_mix1047,28,4,0,169,-1,17.05
fold2_room1_mix1047,28,5,0,116,7,5.17
fold2_room1_mix1047,29,4,0,169,-1,19.72
fold2_room1_mix1047,29,5,0,116,10,4.54
fold2_room1_mix1047,30,4,0,166,-1,19.15
fold2_room1_mix1047,30,5,0,114,8,5.16
fold2_room1_mix1047,31,4,0,173,-1,19.34
fold2_room1_mix1047,31,5,0,117,9,5.11
fold2_room1_mix1047,32,4,0,174,-1,18.26
fold2_room1_mix1047,32,5,0,116,9,5.08
fold2_room1_mix1047,33,4,0,175,-1,17.75
fold2_room1_mix1047,33,5,0,112,10,4.79
fold2_room1_mix1047,34,4,0,174,-1,17.56
fold2_room1_mix1047,34,5,0,111,10,4.78
fold2_room1_mix1047,35,4,0,174,-1,16.29
fold2_room1_mix1047,35,5,0,113,11,4.70
fold2_room1_mix1047,36,4,0,175,-1,17.15
fold2_room1_mix1047,36,5,0,116,9,5.18
fold2_room1_mix1047,37,4,0,174,-1,16.29
fold2_room1_mix1047,37,5,0,105,9,5.10
fold2_room1_mix1047,38,4,0,176,-1,15.02
fold2_room1_mix1047,38,5,0,103,9,5.37
fold2_room1_mix1047,39,4,0,174,-1,15.85
fold2_room1_mix1047,39,5,0,108,11,4.44
fold2_room1_mix1047,40,4,0,175,0,15.29
fold2_room1_mix1047,40,5,0,98,11,4.59
fold2_room1_mix1047,41,4,0,178,-1,14.44
fold2_room1_mix1047,41,5,0,100,11,4.45
fold2_room1_mix1047,42,4,0,179,-1,13.43
fold2_room1_mix1047,42,5,0,95,9,4.84
fold2_room1_mix1047,43,4,0,177,-1,13.30
fold2_room1_mix1047,43,5,0,95,13,4.09
fold2_room1_mix1047,44,4,0,-179,-2,12.36
fold2_room1_mix1047,44,5,0,94,12,4.17
fold2_room1_mix1047,45,4,0,179,-2,11.80
fold2_room1_mix1047,45,5,0,91,12,4.41
fold2_room1_mix1047,46,4,0,177,-2,11.52
fold2_room1_mix1047,46,5,0,91,10,4.83
fold2_room1_mix1047,47,4,0,177,-2,10.96
fold2_room1_mix1047,47,5,0,90,12,4.19
fold2_room1_mix1047,48,4,0,177,-2,10.11
fold2_room1_mix1047,48,5,0,90,10,4.94
fold2_room1_mix1047,49,4,0,176,-2,9.99
fold2_room1_mix1047,49,5,0,88,11,4.35
fold2_room1_mix1047,50,4,0,178,-2,8.96
fold2_room1_mix1047,50,5,0,88,10,4.68
fold2_room1_mix1047,51,4,0,176,-3,8.94
fold2_room1_mix1047,51,5,0,82,11,4.41
fold2_room1_mix1047,52,4,0,179,-3,8.36
fold2_room1_mix1047,52,5,0,89,10,4.54
fold2_room1_mix1047,53,4,0,177,-3,7.90
fold2_room1_mix1047,53,5,0,86,12,4.30
fold2_room1_mix1047,54,4,0,178,-3,7.28
fold2_room1_mix1047,54,5,0,82,10,4.95
fold2_room1_mix1047,55,4,0,176,-4,6.88
fold2_room1_mix1047,55,5,0,87,11,4.22
fold2_room1_mix1047,56,4,0,176,-4,6.18
fold2_room1_mix1047,56,5,0,75,11,4.34
fold2_room1_mix1047,57,4,0,174,-4,5.78
fold2_room1_mix1047,57,5,0,78,11,4.51
fold2_room1_mix1047,58,4,0,174,-5,4.78
fold2_room1_mix1047,58,5,0,76,11,4.44
fold2_room1_mix1047,59,4,0,172,-5,4.41
fold2_room1_mix1047,59,5,0,75,11,4.46
fold2_room1_mix1047,60,4,0,173,-6,3.94
fold2_room1_mix1047,60,5,0,78,11,4.43
fold2_room1_mix1047,61,4,0,169,-8,3.09
fold2_room1_mix1047,61,5,0,77,11,4.49
fold2_room1_mix1047,62,4,0,167,-9,2.41
fold2_room1_mix1047,62,5,0,75,9,4.84
fold2_room1_mix1047,63,4,0,160,-12,2.01
fold2_room1_mix1047,63,5,0,73,11,4.17
fold2_room1_mix1047,64,4,0,152,-15,1.50
fold2_room1_mix1047,64,5,0,69,11,4.14
fold2_room1_mix1047,65,4,0,121,-23,0.99
fold2_room1_mix1047,65,5,0,84,14,3.74
fold2_room1_mix1047,66,4,0,69,-21,0.81
fold2_room1_mix1047,66,5,0,68,12,3.66
fold2_room1_mix1047,67,4,0,36,-13,1.03
fold2_room1_mix1047,67,5,0,69,13,3.83
fold2_room1_mix1047,68,4,0,23,-9,1.47
fold2_room1_mix1047,68,5,0,75,13,3.92
fold2_room1_mix1047,69,4,0,16,-7,2.06
fold2_room1_mix1047,69,5,0,63,11,4.27
fold2_room1_mix1047,70,4,0,15,-7,2.31
fold2_room1_mix1047,70,5,0,49,10,4.80
fold2_room1_mix1047,71,4,0,13,-6,3.31
fold2_room1_mix1047,71,5,0,53,10,4.27
fold2_room1_mix1047,72,4,0,9,-5,3.92
fold2_room1_mix1047,72,5,0,52,9,4.42
fold2_room1_mix1047,73,4,0,8,-4,4.53
fold2_room1_mix1047,73,5,0,54,9,4.51
fold2_room1_mix1047,74,4,0,7,-3,5.05
fold2_room1_mix1047,74,5,0,57,9,4.52
fold2_room1_mix1047,75,4,0,7,-3,5.77
fold2_room1_mix1047,75,5,0,47,9,4.47
fold2_room1_mix1047,76,4,0,6,-3,6.65
fold2_room1_mix1047,76,5,0,52,9,4.28
fold2_room1_mix1047,77,4,0,6,-3,7.13
fold2_room1_mix1047,77,5,0,53,10,4.32
fold2_room1_mix1047,78,4,0,6,-2,7.85
fold2_room1_mix1047,78,5,0,47,8,5.04
fold2_room1_mix1047,79,4,0,7,-2,8.79
fold2_room1_mix1047,79,5,0,53,8,4.75
fold2_room1_mix1047,80,4,0,6,-2,8.96
fold2_room1_mix1047,80,5,0,49,9,4.74
fold2_room1_mix1047,81,4,0,5,-2,9.86
fold2_room1_mix1047,81,5,0,50,8,4.77
fold2_room1_mix1047,82,4,0,5,-2,10.65
fold2_room1_mix1047,82,5,0,47,8,4.90
fold2_room1_mix1047,83,4,0,5,-2,11.02
fold2_room1_mix1047,83,5,0,45,7,5.58
fold2_room1_mix1047,84,4,0,5,-2,11.64
fold2_room1_mix1047,84,5,0,45,8,5.24
fold2_room1_mix1047,85,4,0,5,-2,12.75
fold2_room1_mix1047,85,5,0,45,7,5.54
fold2_room1_mix1047,86,4,0,4,-1,13.10
fold2_room1_mix1047,86,5,0,44,7,5.64
fold2_room1_mix1047,87,4,0,5,-2,13.20
fold2_room1_mix1047,87,5,0,43,7,5.39
fold2_room1_mix1047,88,4,0,5,-1,14.68
fold2_room1_mix1047,88,5,0,38,6,6.55
fold2_room1_mix1047,89,4,0,4,-2,14.90
fold2_room1_mix1047,89,5,0,43,7,5.68
fold2_room1_mix1047,90,4,0,6,-1,16.35
fold2_room1_mix1047,90,5,0,38,7,5.45
fold2_room1_mix1047,91,4,0,5,-2,16.62
fold2_room1_mix1047,91,5,0,39,6,6.12
fold2_room1_mix1047,92,4,0,4,-1,17.15
fold2_room1_mix1047,92,5,0,40,6,5.97
fold2_room1_mix1047,93,4,0,5,-2,16.99
fold2_room1_mix1047,93,5,0,40,6,6.51
fold2_room1_mix1047,94,4,0,5,-2,18.00
fold2_room1_mix1047,94,5,0,42,6,5.81
fold2_room1_mix1047,95,4,0,5,-1,19.31
fold2_room1_mix1047,95,5,0,42,5,6.37
fold2_room1_mix1047,96,4,0,6,-1,18.77
fold2_room1_mix1047,96,5,0,35,6,6.52
fold2_room1_mix1047,97,4,0,5,-1,20.77
fold2_room1_mix1047,97,5,0,38,6,6.38
fold2_room1_mix1047,98,4,0,5,-1,20.37
fold2_room1_mix1047,98,5,0,40,5,7.22
fold2_room1_mix1047,99,4,0,6,-1,19.84
fold2_room1_mix1047,99,5,0,36,5,6.73
fold2_room1_mix1048,30,2,0,-97,-3,2.08
fold2_room1_mix1048,32,2,0,-93,-3,4.82
fold2_room1_mix1048,33,2,0,-94,-2,2.26
fold2_room1_mix1048,36,4,0,0,0,11.56
fold2_room1_mix1048,37,4,0,5,-1,15.80
fold2_room1_mix1048,38,4,0,3,0,16.85
fold2_room1_mix1048,39,4,0,3,0,17.49
fold2_room1_mix1048,40,2,0,-97,-2,7.62
fold2_room1_mix1048,40,4,0,2,-1,18.36
fold2_room1_mix1048,41,2,0,-96,-2,6.58
fold2_room1_mix1048,41,4,0,3,-1,18.55
fold2_room1_mix1048,42,2,0,-95,-2,9.33
fold2_room1_mix1048,42,4,0,2,-2,18.00
fold2_room1_mix1048,43,2,0,-92,-2,9.25
fold2_room1_mix1048,43,4,0,2,-1,17.62
fold2_room1_mix1048,44,4,0,0,-2,15.72
fold2_room1_mix1048,45,4,0,1,-2,14.61
fold2_room1_mix1048,46,4,0,1,-2,12.77
fold2_room1_mix1048,47,4,0,2,-2,12.44
fold2_room1_mix1048,48,4,0,2,-3,11.47
fold2_room1_mix1048,49,2,0,-88,-2,7.25
fold2_room1_mix1048,49,4,0,7,-3,11.15
fold2_room1_mix1048,50,2,0,-89,-2,10.31
fold2_room1_mix1048,50,4,0,5,-3,10.08
fold2_room1_mix1048,51,2,0,-77,-1,10.95
fold2_room1_mix1048,51,4,0,5,-3,9.47
fold2_room1_mix1048,52,2,0,-73,-1,12.57
fold2_room1_mix1048,52,4,0,4,-4,8.13
fold2_room1_mix1048,53,2,0,-78,-1,11.22
fold2_room1_mix1048,53,4,0,4,-4,7.50
fold2_room1_mix1048,54,4,0,6,-7,5.50
fold2_room1_mix1048,55,4,0,8,-6,5.09
fold2_room1_mix1048,56,4,0,9,-8,4.07
fold2_room1_mix1048,57,4,0,10,-10,3.49
fold2_room1_mix1048,58,4,0,15,-14,2.65
fold2_room1_mix1048,59,2,0,-63,-1,11.36
fold2_room1_mix1048,59,4,0,23,-19,1.90
fold2_room1_mix1048,60,2,0,-75,-1,11.75
fold2_room1_mix1048,60,4,0,51,-34,1.28
fold2_room1_mix1048,61,2,0,-75,-1,11.12
fold2_room1_mix1048,61,4,0,129,-35,1.09
fold2_room1_mix1048,62,2,0,-75,0,12.74
fold2_room1_mix1048,62,4,0,152,-22,1.56
fold2_room1_mix1048,63,2,0,-81,-1,11.72
fold2_room1_mix1048,63,4,0,166,-15,2.72
fold2_room1_mix1048,64,4,0,168,-10,2.88
fold2_room1_mix1048,65,4,0,170,-10,3.37
fold2_room1_mix1048,66,4,0,173,-7,4.22
fold2_room1_mix1048,67,4,0,174,-6,5.41
fold2_room1_mix1048,68,4,0,176,-5,6.02
fold2_room1_mix1048,69,2,0,-79,-2,12.43
fold2_room1_mix1048,69,4,0,175,-4,7.08
fold2_room1_mix1048,70,2,0,-72,-2,14.25
fold2_room1_mix1048,70,4,0,176,-3,8.34
fold2_room1_mix1048,71,2,0,-81,-2,13.48
fold2_room1_mix1048,71,4,0,176,-3,8.67
fold2_room1_mix1048,72,2,0,-86,-1,14.47
fold2_room1_mix1048,72,4,0,177,-2,10.09
fold2_room1_mix1048,73,2,0,-80,-2,11.82
fold2_room1_mix1048,73,4,0,176,-2,10.80
fold2_room1_mix1048,74,4,0,177,-2,11.21
fold2_room1_mix1048,75,4,0,177,-2,12.26
fold2_room1_mix1048,76,4,0,178,-2,13.09
fold2_room1_mix1048,77,4,0,178,-2,13.92
fold2_room1_mix1048,78,4,0,178,-2,14.39
fold2_room1_mix1048,79,4,0,176,-1,15.76
fold2_room1_mix1048,80,4,0,177,-1,15.65
fold2_room1_mix1048,81,4,0,178,-1,16.22
fold2_room1_mix1048,82,4,0,176,-1,16.88
fold2_room1_mix1048,83,4,0,175,-1,15.92
fold2_room1_mix1048,84,4,0,177,0,8.76
fold2_room1_mix1049,4,4,0,-6,2,6.07
fold2_room1_mix1049,5,4,0,-6,0,11.23
fold2_room1_mix1049,8,4,0,-2,0,19.45
fold2_room1_mix1049,9,4,0,-6,0,24.31
fold2_room1_mix1049,10,4,0,-5,0,17.50
fold2_room1_mix1049,11,4,0,-2,0,25.71
fold2_room1_mix1049,12,4,0,-5,0,24.42
fold2_room1_mix1049,13,4,0,-1,0,22.09
fold2_room1_mix1049,14,4,0,0,0,24.72
fold2_room1_mix1049,15,4,0,0,-1,24.15
fold2_room1_mix1049,16,4,0,-3,-1,22.33
fold2_room1_mix1049,17,4,0,-2,-1,24.57
fold2_room1_mix1049,18,4,0,-1,-1,23.64
fold2_room1_mix1049,19,4,0,-2,-1,23.27
fold2_room1_mix1049,20,4,0,-3,-1,24.73
fold2_room1_mix1049,21,4,0,0,-1,21.97
fold2_room1_mix1049,22,4,0,-1,-1,22.44
fold2_room1_mix1049,23,4,0,-2,-1,20.74
fold2_room1_mix1049,24,4,0,-3,-2,19.82
fold2_room1_mix1049,25,4,0,-2,-2,20.09
fold2_room1_mix1049,26,4,0,-2,-2,18.20
fold2_room1_mix1049,27,4,0,-3,-2,18.00
fold2_room1_mix1049,28,4,0,-3,-2,17.45
fold2_room1_mix1049,29,4,0,-3,-2,15.51
fold2_room1_mix1049,30,4,0,-4,-2,14.70
fold2_room1_mix1049,31,4,0,-4,-3,14.28
fold2_room1_mix1049,32,4,0,-7,-3,12.90
fold2_room1_mix1049,33,4,0,-7,-3,12.77
fold2_room1_mix1049,34,4,0,-6,-3,11.93
fold2_room1_mix1049,35,4,0,-8,-3,10.91
fold2_room1_mix1049,36,4,0,-9,-3,10.65
fold2_room1_mix1049,37,4,0,-9,-4,10.09
fold2_room1_mix1049,38,4,0,-11,-4,9.00
fold2_room1_mix1049,39,4,0,-12,-5,8.69
fold2_room1_mix1049,40,4,0,-16,-5,8.97
fold2_room1_mix1049,41,4,0,-17,-5,7.19
fold2_room1_mix1049,42,4,0,-23,-7,4.95
fold2_room1_mix1049,42,4,0,-8,-1,13.67
fold2_room1_mix1049,43,4,0,-28,-8,4.12
fold2_room1_mix1049,43,4,0,-11,-2,12.62
fold2_room1_mix1049,44,4,0,-33,-10,3.42
fold2_room1_mix1049,44,4,0,-14,-2,13.43
fold2_room1_mix1049,45,4,0,-38,-13,2.86
fold2_room1_mix1049,45,4,0,-20,-5,10.74
fold2_room1_mix1049,46,4,0,-47,-15,2.45
fold2_room1_mix1049,46,4,0,-16,-3,16.13
fold2_room1_mix1049,47,4,0,-60,-18,2.12
fold2_room1_mix1049,47,4,0,-19,-4,16.88
fold2_room1_mix1049,48,4,0,-87,-20,1.89
fold2_room1_mix1049,48,4,0,-24,-4,17.02
fold2_room1_mix1049,49,4,0,-110,-20,1.97
fold2_room1_mix1049,49,4,0,-18,-4,17.86
fold2_room1_mix1049,50,4,0,-134,-14,2.30
fold2_room1_mix1049,50,4,0,-12,-2,18.43
fold2_room1_mix1049,51,4,0,-142,-11,2.89
fold2_room1_mix1049,51,4,0,-9,-3,17.73
fold2_room1_mix1049,52,4,0,-149,-10,3.66
fold2_room1_mix1049,52,4,0,-5,-3,20.97
fold2_room1_mix1049,53,4,0,-154,-9,3.92
fold2_room1_mix1049,53,4,0,-6,-3,18.81
fold2_room1_mix1049,54,4,0,-155,-8,4.49
fold2_room1_mix1049,54,4,0,-6,-3,19.12
fold2_room1_mix1049,55,4,0,-158,-7,5.03
fold2_room1_mix1049,55,4,0,-1,-2,19.63
fold2_room1_mix1049,56,4,0,-161,-6,6.57
fold2_room1_mix1049,56,4,0,1,-3,16.80
fold2_room1_mix1049,57,4,0,-162,-5,6.45
fold2_room1_mix1049,57,4,0,5,-3,17.56
fold2_room1_mix1049,58,4,0,-163,-4,6.09
fold2_room1_mix1049,58,4,0,5,-2,12.77
fold2_room1_mix1049,59,4,0,-165,-4,8.88
fold2_room1_mix1049,59,4,0,7,-3,15.63
fold2_room1_mix1049,60,4,0,-165,-3,8.60
fold2_room1_mix1049,60,4,0,8,-2,15.85
fold2_room1_mix1049,61,4,0,-163,-3,9.37
fold2_room1_mix1049,61,4,0,8,-2,14.98
fold2_room1_mix1049,62,4,0,-166,-3,8.39
fold2_room1_mix1049,62,4,0,9,-3,11.36
fold2_room1_mix1049,63,4,0,-168,-3,10.12
fold2_room1_mix1049,63,4,0,12,-3,14.54
fold2_room1_mix1049,64,4,0,-166,-3,9.66
fold2_room1_mix1049,64,4,0,11,-3,11.21
fold2_room1_mix1049,65,4,0,-167,-2,11.22
fold2_room1_mix1049,65,4,0,15,-4,11.02
fold2_room1_mix1049,66,4,0,-169,-2,10.93
fold2_room1_mix1049,66,4,0,16,-4,9.76
fold2_room1_mix1049,67,4,0,-167,-2,11.75
fold2_room1_mix1049,67,4,0,17,-5,8.88
fold2_room1_mix1049,68,4,0,-168,-1,13.56
fold2_room1_mix1049,68,4,0,18,-5,8.25
fold2_room1_mix1049,69,4,0,-170,-1,13.02
fold2_room1_mix1049,69,4,0,20,-5,7.38
fold2_room1_mix1049,70,4,0,-171,0,14.92
fold2_room1_mix1049,70,4,0,20,-5,7.01
fold2_room1_mix1049,71,4,0,-174,0,15.68
fold2_room1_mix1049,71,4,0,23,-5,6.10
fold2_room1_mix1049,72,4,0,-172,-1,15.57
fold2_room1_mix1049,72,4,0,25,-6,5.42
fold2_room1_mix1049,73,4,0,-173,0,17.01
fold2_room1_mix1049,73,4,0,26,-6,4.62
fold2_room1_mix1049,74,4,0,-175,0,18.20
fold2_room1_mix1049,74,4,0,30,-6,4.28
fold2_room1_mix1049,75,4,0,-176,0,21.30
fold2_room1_mix1049,75,4,0,36,-7,4.10
fold2_room1_mix1049,76,4,0,-176,0,22.72
fold2_room1_mix1049,76,4,0,44,-8,3.46
fold2_room1_mix1049,77,4,0,-178,0,21.97
fold2_room1_mix1049,77,4,0,61,-11,3.05
fold2_room1_mix1049,78,4,0,179,0,23.02
fold2_room1_mix1049,78,4,0,89,-11,2.69
fold2_room1_mix1049,79,4,0,-176,2,27.23
fold2_room1_mix1049,79,4,0,113,-9,2.80
fold2_room1_mix1049,80,4,0,-178,2,23.56
fold2_room1_mix1049,80,4,0,130,-7,3.18
fold2_room1_mix1049,81,4,0,-174,4,26.95
fold2_room1_mix1049,81,4,0,140,-5,3.74
fold2_room1_mix1049,82,4,0,-173,3,28.51
fold2_room1_mix1049,82,4,0,148,-5,4.61
fold2_room1_mix1049,83,4,0,-175,3,25.73
fold2_room1_mix1049,83,4,0,150,-3,5.39
fold2_room1_mix1049,84,4,0,178,2,20.79
fold2_room1_mix1049,84,4,0,151,-3,5.92
fold2_room1_mix1049,85,4,0,176,2,19.47
fold2_room1_mix1049,85,4,0,154,-3,6.20
fold2_room1_mix1049,86,4,0,178,2,20.36
fold2_room1_mix1049,86,4,0,156,-2,7.57
fold2_room1_mix1049,87,4,0,176,1,18.53
fold2_room1_mix1049,87,4,0,161,-1,8.72
fold2_room1_mix1049,88,4,0,166,0,13.33
fold2_room1_mix1049,89,4,0,168,0,13.12
fold2_room1_mix1049,90,4,0,168,-1,13.48
fold2_room1_mix1049,91,4,0,169,-1,13.81
fold2_room1_mix1049,92,4,0,171,0,15.08
fold2_room1_mix1049,93,4,0,170,0,14.86
fold2_room1_mix1049,94,4,0,172,-1,15.67
fold2_room1_mix1049,95,4,0,172,0,16.11
fold2_room1_mix1049,96,4,0,174,0,17.14
fold2_room1_mix1049,97,4,0,173,0,18.63
fold2_room1_mix1049,98,4,0,173,0,18.58
fold2_room1_mix1049,99,4,0,172,0,18.09
fold2_room1_mix1049,6,4,0,-3,1,5.09
fold2_room1_mix1050,0,5,0,-40,4,6.03
fold2_room1_mix1050,1,5,0,-45,3,4.52
fold2_room1_mix1050,2,5,0,-40,3,13.24
fold2_room1_mix1050,3,5,0,-30,3,11.18
fold2_room1_mix1050,5,5,0,-38,4,13.00
fold2_room1_mix1050,6,5,0,-37,3,17.65
fold2_room1_mix1050,7,5,0,-39,3,13.67
fold2_room1_mix1050,8,5,0,-36,3,11.53
fold2_room1_mix1050,9,5,0,-37,3,14.55
fold2_room1_mix1050,10,5,0,-39,3,13.31
fold2_room1_mix1050,11,5,0,-39,3,13.37
fold2_room1_mix1050,12,5,0,-39,4,10.47
fold2_room1_mix1050,13,5,0,-39,3,12.18
fold2_room1_mix1050,14,5,0,-37,3,14.19
fold2_room1_mix1050,15,5,0,-35,4,11.27
fold2_room1_mix1050,16,5,0,-36,4,10.44
fold2_room1_mix1050,17,5,0,-39,4,11.72
fold2_room1_mix1050,18,5,0,-39,3,11.70
fold2_room1_mix1050,19,5,0,-43,4,11.00
fold2_room1_mix1050,20,5,0,-43,4,9.64
fold2_room1_mix1050,21,5,0,-47,4,9.56
fold2_room1_mix1050,22,5,0,-43,3,12.01
fold2_room1_mix1050,23,5,0,-41,3,12.16
fold2_room1_mix1050,24,5,0,-45,4,9.06
fold2_room1_mix1050,25,5,0,-44,4,11.04
fold2_room1_mix1050,26,5,0,-47,4,11.27
fold2_room1_mix1050,27,5,0,-44,4,11.32
fold2_room1_mix1050,28,5,0,-44,4,11.88
fold2_room1_mix1050,29,5,0,-46,5,8.56
fold2_room1_mix1050,30,5,0,-43,4,11.01
fold2_room1_mix1050,31,5,0,-47,4,9.90
fold2_room1_mix1050,32,5,0,-46,4,9.64
fold2_room1_mix1050,33,5,0,-44,4,10.53
fold2_room1_mix1050,34,5,0,-46,4,9.61
fold2_room1_mix1050,35,5,0,-46,4,9.47
fold2_room1_mix1050,36,5,0,-47,4,10.07
fold2_room1_mix1050,37,5,0,-44,5,9.55
fold2_room1_mix1050,38,5,0,-45,4,10.85
fold2_room1_mix1050,39,5,0,-51,5,8.74
fold2_room1_mix1050,40,5,0,-48,5,8.94
fold2_room1_mix1050,41,5,0,-48,4,10.66
fold2_room1_mix1050,42,5,0,-46,4,10.62
fold2_room1_mix1050,43,5,0,-50,5,8.74
fold2_room1_mix1050,44,5,0,-49,4,9.68
fold2_room1_mix1050,45,5,0,-51,6,8.49
fold2_room1_mix1050,46,5,0,-51,5,9.10
fold2_room1_mix1050,47,5,0,-54,5,9.23
fold2_room1_mix1050,48,5,0,-54,6,7.43
fold2_room1_mix1050,49,5,0,-53,5,8.91
fold2_room1_mix1050,50,5,0,-55,5,9.57
fold2_room1_mix1050,51,5,0,-59,6,8.02
fold2_room1_mix1050,52,5,0,-54,5,8.86
fold2_room1_mix1050,53,5,0,-58,6,7.78
fold2_room1_mix1050,54,5,0,-55,5,9.24
fold2_room1_mix1050,55,5,0,-57,5,9.57
fold2_room1_mix1050,56,5,0,-56,5,8.97
fold2_room1_mix1050,57,5,0,-55,5,9.49
fold2_room1_mix1050,58,5,0,-59,5,8.68
fold2_room1_mix1050,59,5,0,-64,7,7.21
fold2_room1_mix1050,60,5,0,-58,5,8.73
fold2_room1_mix1050,61,5,0,-58,6,7.97
fold2_room1_mix1050,62,5,0,-57,5,8.22
fold2_room1_mix1050,63,5,0,-59,6,7.06
fold2_room1_mix1050,64,5,0,-61,7,7.03
fold2_room1_mix1050,65,5,0,-57,5,8.87
fold2_room1_mix1050,66,5,0,-62,5,9.19
fold2_room1_mix1050,67,5,0,-62,6,7.10
fold2_room1_mix1050,68,5,0,-59,6,7.79
fold2_room1_mix1050,69,5,0,-61,6,8.30
fold2_room1_mix1050,70,5,0,-64,5,8.74
fold2_room1_mix1050,71,5,0,-60,6,8.16
fold2_room1_mix1050,72,5,0,-68,6,7.32
fold2_room1_mix1050,73,5,0,-62,5,9.09
fold2_room1_mix1050,74,5,0,-68,5,8.74
fold2_room1_mix1050,75,5,0,-65,6,7.43
fold2_room1_mix1050,76,5,0,-65,6,8.14
fold2_room1_mix1050,77,5,0,-66,6,7.84
fold2_room1_mix1050,78,5,0,-68,6,7.49
fold2_room1_mix1050,79,5,0,-64,6,7.61
fold2_room1_mix1050,80,5,0,-66,6,7.51
fold2_room1_mix1050,81,5,0,-71,6,7.97
fold2_room1_mix1050,82,5,0,-71,6,8.04
fold2_room1_mix1050,83,5,0,-77,7,6.69
fold2_room1_mix1050,84,5,0,-71,6,8.03
fold2_room1_mix1050,85,5,0,-71,6,8.00
fold2_room1_mix1050,86,5,0,-77,7,7.09
fold2_room1_mix1050,87,5,0,-74,6,7.67
fold2_room1_mix1050,88,5,0,-78,7,6.73
fold2_room1_mix1050,89,5,0,-79,6,8.31
fold2_room1_mix1050,90,5,0,-80,7,7.83
fold2_room1_mix1050,91,5,0,-81,7,6.69
fold2_room1_mix1050,92,5,0,-80,7,7.36
fold2_room1_mix1050,93,5,0,-79,7,7.46
fold2_room1_mix1050,94,5,0,-84,7,7.41
fold2_room1_mix1050,95,5,0,-85,7,7.29
fold2_room1_mix1050,96,5,0,-84,7,7.04
fold2_room1_mix1050,97,5,0,-86,7,7.69
fold2_room1_mix1050,98,5,0,-90,6,8.04
fold2_room1_mix1050,99,5,0,-87,7,7.55
fold2_room1_mix1051,63,2,0,-130,-4,3.48
fold2_room1_mix1051,64,2,0,-134,-4,7.50
fold2_room1_mix1051,65,2,0,-133,-4,5.60
fold2_room1_mix1051,66,2,0,-125,-3,8.34
fold2_room1_mix1051,67,2,0,-130,-3,6.35
fold2_room1_mix1051,72,2,0,-125,-3,6.60
fold2_room1_mix1051,73,2,0,-128,-3,8.41
fold2_room1_mix1051,74,2,0,-129,-3,8.83
fold2_room1_mix1051,75,2,0,-129,-3,8.85
fold2_room1_mix1051,76,2,0,-132,-4,8.76
fold2_room1_mix1051,77,2,0,-131,-4,9.39
fold2_room1_mix1051,83,2,0,-132,-3,9.41
fold2_room1_mix1051,84,2,0,-130,-3,10.39
fold2_room1_mix1051,85,2,0,-133,-3,10.71
fold2_room1_mix1051,86,2,0,-134,-3,11.09
fold2_room1_mix1051,87,2,0,-132,-3,11.75
fold2_room1_mix1051,88,2,0,-132,-3,9.52
fold2_room1_mix1051,93,2,0,-133,-2,10.78
fold2_room1_mix1052,3,4,0,-179,0,1.06
fold2_room1_mix1052,4,4,0,178,0,4.02
fold2_room1_mix1052,5,4,0,177,0,12.73
fold2_room1_mix1052,6,4,0,178,0,12.68
fold2_room1_mix1052,7,3,0,146,-4,14.49
fold2_room1_mix1052,7,4,0,-178,0,12.28
fold2_room1_mix1052,8,3,0,140,-4,18.47
fold2_room1_mix1052,8,4,0,179,0,20.62
fold2_room1_mix1052,9,3,0,141,-3,18.86
fold2_room1_mix1052,9,4,0,179,0,19.34
fold2_room1_mix1052,10,3,0,141,-3,15.72
fold2_room1_mix1052,10,4,0,177,0,23.00
fold2_room1_mix1052,11,3,0,138,-3,15.72
fold2_room1_mix1052,11,4,0,179,0,24.85
fold2_room1_mix1052,12,3,0,142,-3,17.40
fold2_room1_mix1052,12,4,0,-178,0,24.50
fold2_room1_mix1052,13,3,0,141,-3,15.45
fold2_room1_mix1052,13,4,0,178,0,24.37
fold2_room1_mix1052,14,3,0,137,-2,16.99
fold2_room1_mix1052,14,4,0,-179,0,25.14
fold2_room1_mix1052,15,3,0,140,-3,15.55
fold2_room1_mix1052,15,4,0,179,0,24.30
fold2_room1_mix1052,16,3,0,139,-3,15.31
fold2_room1_mix1052,16,4,0,-179,0,24.32
fold2_room1_mix1052,17,3,0,136,-3,16.33
fold2_room1_mix1052,17,4,0,-178,0,23.23
fold2_room1_mix1052,18,3,0,130,-3,13.69
fold2_room1_mix1052,18,4,0,-179,0,26.63
fold2_room1_mix1052,19,3,0,130,-3,13.87
fold2_room1_mix1052,19,4,0,-177,0,24.69
fold2_room1_mix1052,20,3,0,122,-2,8.58
fold2_room1_mix1052,20,4,0,-178,0,26.42
fold2_room1_mix1052,21,3,0,132,-3,15.93
fold2_room1_mix1052,21,4,0,179,0,23.92
fold2_room1_mix1052,22,3,0,129,-4,13.52
fold2_room1_mix1052,22,4,0,178,0,25.36
fold2_room1_mix1052,23,3,0,130,-4,13.82
fold2_room1_mix1052,23,4,0,-179,0,23.23
fold2_room1_mix1052,24,3,0,123,-4,13.10
fold2_room1_mix1052,24,4,0,-179,0,23.55
fold2_room1_mix1052,25,3,0,129,-4,11.54
fold2_room1_mix1052,25,4,0,-177,0,21.57
fold2_room1_mix1052,26,3,0,126,-4,12.25
fold2_room1_mix1052,26,4,0,175,0,23.75
fold2_room1_mix1052,27,3,0,124,-4,12.68
fold2_room1_mix1052,27,4,0,-179,0,23.86
fold2_room1_mix1052,28,3,0,123,-4,11.80
fold2_room1_mix1052,28,4,0,-178,0,25.83
fold2_room1_mix1052,29,3,0,117,-5,9.85
fold2_room1_mix1052,29,4,0,-177,0,24.15
fold2_room1_mix1052,30,3,0,122,-5,10.54
fold2_room1_mix1052,30,4,0,179,0,25.21
fold2_room1_mix1052,31,3,0,121,-5,10.29
fold2_room1_mix1052,31,4,0,-178,0,24.97
fold2_room1_mix1052,32,3,0,124,-5,10.26
fold2_room1_mix1052,32,4,0,-178,0,26.91
fold2_room1_mix1052,33,3,0,125,-4,9.03
fold2_room1_mix1052,33,4,0,-177,0,24.61
fold2_room1_mix1052,34,4,0,179,0,25.91
fold2_room1_mix1052,35,4,0,-178,0,25.60
fold2_room1_mix1052,36,4,0,179,0,24.32
fold2_room1_mix1052,37,4,0,179,0,24.68
fold2_room1_mix1052,38,4,0,179,0,24.02
fold2_room1_mix1052,39,4,0,-179,0,23.43
fold2_room1_mix1052,40,4,0,178,0,24.85
fold2_room1_mix1052,41,4,0,179,0,23.90
fold2_room1_mix1052,42,4,0,178,0,23.23
fold2_room1_mix1052,43,4,0,178,0,23.83
fold2_room1_mix1052,44,4,0,-178,0,22.34
fold2_room1_mix1052,45,4,0,179,0,22.48
fold2_room1_mix1052,46,4,0,179,0,23.30
fold2_room1_mix1052,47,4,0,179,0,23.54
fold2_room1_mix1052,48,4,0,179,0,22.50
fold2_room1_mix1052,49,4,0,178,0,23.57
fold2_room1_mix1052,50,4,0,179,0,23.03
fold2_room1_mix1052,51,4,0,177,0,21.81
fold2_room1_mix1052,52,4,0,177,0,22.27
fold2_room1_mix1052,53,4,0,177,0,21.51
fold2_room1_mix1052,54,4,0,178,0,21.34
fold2_room1_mix1052,55,4,0,177,0,21.22
fold2_room1_mix1052,56,4,0,178,0,20.99
fold2_room1_mix1052,57,4,0,177,-1,20.34
fold2_room1_mix1052,58,4,0,177,0,20.28
fold2_room1_mix1052,59,4,0,177,0,19.96
fold2_room1_mix1052,60,4,0,176,-1,19.12
fold2_room1_mix1052,61,4,0,176,-1,17.98
fold2_room1_mix1052,62,4,0,177,-1,17.74
fold2_room1_mix1052,63,4,0,177,-1,16.44
fold2_room1_mix1052,64,4,0,177,-1,15.85
fold2_room1_mix1052,65,4,0,177,-2,14.71
fold2_room1_mix1052,66,4,0,176,-2,14.48
fold2_room1_mix1052,67,4,0,175,-2,12.89
fold2_room1_mix1052,68,4,0,175,-2,13.81
fold2_room1_mix1052,69,4,0,175,-2,12.94
fold2_room1_mix1052,70,4,0,176,-3,11.86
fold2_room1_mix1052,71,4,0,178,-3,11.22
fold2_room1_mix1052,72,4,0,176,-4,9.85
fold2_room1_mix1052,73,4,0,174,-4,8.68
fold2_room1_mix1052,74,4,0,172,-5,7.97
fold2_room1_mix1052,75,4,0,171,-6,6.75
fold2_room1_mix1052,76,4,0,169,-7,5.90
fold2_room1_mix1052,77,4,0,165,-9,4.49
fold2_room1_mix1052,78,4,0,163,-11,4.00
fold2_room1_mix1052,79,4,0,153,-14,2.94
fold2_room1_mix1052,80,4,0,142,-20,2.30
fold2_room1_mix1052,81,4,0,120,-23,2.03
fold2_room1_mix1052,82,4,0,93,-31,1.58
fold2_room1_mix1052,83,4,0,58,-28,1.68
fold2_room1_mix1052,84,4,0,37,-21,2.12
fold2_room1_mix1052,85,4,0,25,-15,2.73
fold2_room1_mix1052,86,4,0,22,-11,3.17
fold2_room1_mix1052,87,4,0,18,-10,3.76
fold2_room1_mix1052,88,4,0,15,-8,4.69
fold2_room1_mix1052,89,4,0,13,-6,5.71
fold2_room1_mix1052,90,4,0,11,-5,6.71
fold2_room1_mix1052,91,4,0,10,-5,7.28
fold2_room1_mix1052,92,4,0,8,-4,8.12
fold2_room1_mix1052,93,4,0,7,-4,8.76
fold2_room1_mix1052,94,4,0,7,-3,9.91
fold2_room1_mix1052,95,4,0,7,-3,10.26
fold2_room1_mix1052,96,4,0,5,-3,11.29
fold2_room1_mix1052,97,4,0,6,-3,12.21
fold2_room1_mix1052,98,4,0,6,-2,13.49
fold2_room1_mix1052,99,4,0,4,-2,12.50
fold2_room1_mix1054,4,4,0,170,-1,11.47
fold2_room1_mix1054,4,4,0,6,-2,7.50
fold2_room1_mix1054,5,4,0,168,-1,12.53
fold2_room1_mix1054,5,4,0,7,-2,8.11
fold2_room1_mix1054,6,4,0,168,-1,15.91
fold2_room1_mix1054,6,4,0,7,-2,9.77
fold2_room1_mix1054,7,4,0,168,-2,19.39
fold2_room1_mix1054,7,4,0,7,-3,11.75
fold2_room1_mix1054,8,4,0,169,-2,21.32
fold2_room1_mix1054,8,4,0,8,-4,11.40
fold2_room1_mix1054,9,4,0,172,-1,21.13
fold2_room1_mix1054,9,4,0,6,-3,11.52
fold2_room1_mix1054,10,4,0,171,-1,21.47
fold2_room1_mix1054,10,4,0,7,-4,10.88
fold2_room1_mix1054,11,4,0,171,-1,21.45
fold2_room1_mix1054,11,4,0,8,-3,10.74
fold2_room1_mix1054,12,4,0,172,0,22.94
fold2_room1_mix1054,12,4,0,7,-4,10.75
fold2_room1_mix1054,13,4,0,171,0,23.13
fold2_room1_mix1054,13,4,0,8,-4,10.22
fold2_room1_mix1054,14,4,0,172,0,23.85
fold2_room1_mix1054,14,4,0,9,-4,9.90
fold2_room1_mix1054,15,4,0,172,-1,22.20
fold2_room1_mix1054,15,4,0,9,-4,10.20
fold2_room1_mix1054,16,4,0,172,-1,21.51
fold2_room1_mix1054,16,4,0,8,-4,8.69
fold2_room1_mix1054,17,4,0,173,0,21.87
fold2_room1_mix1054,17,4,0,8,-5,8.42
fold2_room1_mix1054,18,4,0,171,0,21.95
fold2_room1_mix1054,18,4,0,10,-5,8.35
fold2_room1_mix1054,19,4,0,171,0,21.34
fold2_room1_mix1054,19,4,0,10,-5,7.67
fold2_room1_mix1054,20,4,0,172,0,22.34
fold2_room1_mix1054,20,4,0,10,-6,7.23
fold2_room1_mix1054,21,4,0,170,0,21.94
fold2_room1_mix1054,21,4,0,10,-5,7.54
fold2_room1_mix1054,22,4,0,170,0,21.31
fold2_room1_mix1054,22,4,0,13,-6,6.48
fold2_room1_mix1054,23,4,0,167,-1,19.43
fold2_room1_mix1054,23,4,0,13,-6,6.14
fold2_room1_mix1054,24,4,0,166,-1,21.00
fold2_room1_mix1054,24,4,0,15,-6,5.84
fold2_room1_mix1054,25,4,0,162,-1,19.63
fold2_room1_mix1054,25,4,0,15,-7,5.59
fold2_room1_mix1054,26,4,0,165,-1,18.99
fold2_room1_mix1054,26,4,0,16,-6,5.45
fold2_room1_mix1054,27,4,0,161,-1,18.97
fold2_room1_mix1054,27,4,0,17,-6,5.53
fold2_room1_mix1054,28,4,0,163,-1,20.44
fold2_room1_mix1054,28,4,0,18,-7,5.00
fold2_room1_mix1054,29,4,0,161,-1,17.00
fold2_room1_mix1054,29,4,0,20,-7,4.50
fold2_room1_mix1054,30,4,0,157,-1,16.38
fold2_room1_mix1054,30,4,0,21,-7,4.50
fold2_room1_mix1054,31,4,0,151,-2,14.49
fold2_room1_mix1054,31,4,0,23,-7,3.82
fold2_room1_mix1054,32,4,0,160,-3,15.86
fold2_room1_mix1054,32,4,0,24,-7,3.77
fold2_room1_mix1054,33,4,0,162,-2,17.37
fold2_room1_mix1054,33,4,0,23,-8,3.86
fold2_room1_mix1054,34,4,0,163,-3,16.36
fold2_room1_mix1054,34,4,0,24,-7,4.01
fold2_room1_mix1054,35,0,0,102,-1,2.67
fold2_room1_mix1054,35,4,0,162,-4,14.54
fold2_room1_mix1054,35,4,0,28,-6,4.16
fold2_room1_mix1054,36,0,0,99,-2,2.82
fold2_room1_mix1054,36,4,0,166,-3,16.21
fold2_room1_mix1054,36,4,0,31,-6,3.97
fold2_room1_mix1054,37,0,0,105,-2,5.79
fold2_room1_mix1054,37,4,0,161,-3,13.79
fold2_room1_mix1054,37,4,0,33,-6,3.85
fold2_room1_mix1054,38,0,0,108,-2,8.06
fold2_room1_mix1054,38,4,0,158,-2,14.01
fold2_room1_mix1054,38,4,0,47,-7,2.68
fold2_room1_mix1054,38,4,0,29,-4,5.39
fold2_room1_mix1054,39,0,0,111,-1,8.49
fold2_room1_mix1054,39,4,0,150,-2,13.29
fold2_room1_mix1054,39,4,0,59,-9,2.48
fold2_room1_mix1054,39,4,0,33,-4,5.27
fold2_room1_mix1054,40,0,0,115,-1,11.87
fold2_room1_mix1054,40,4,0,145,-1,13.97
fold2_room1_mix1054,40,4,0,80,-9,2.54
fold2_room1_mix1054,40,4,0,47,-5,5.30
fold2_room1_mix1054,41,0,0,122,-1,13.21
fold2_room1_mix1054,41,4,0,145,0,11.82
fold2_room1_mix1054,41,4,0,92,-8,2.27
fold2_room1_mix1054,41,4,0,53,-4,5.34
fold2_room1_mix1054,42,0,0,127,-1,13.00
fold2_room1_mix1054,42,4,0,146,0,11.17
fold2_room1_mix1054,42,4,0,105,-6,2.22
fold2_room1_mix1054,42,4,0,83,-6,4.16
fold2_room1_mix1054,43,0,0,128,-1,11.49
fold2_room1_mix1054,43,4,0,150,0,9.90
fold2_room1_mix1054,43,4,0,120,-5,2.48
fold2_room1_mix1054,43,4,0,100,-6,4.02
fold2_room1_mix1054,44,0,0,134,-1,12.47
fold2_room1_mix1054,44,4,0,157,0,9.28
fold2_room1_mix1054,44,4,0,123,-4,3.25
fold2_room1_mix1054,45,0,0,139,-1,14.23
fold2_room1_mix1054,45,4,0,159,-1,7.52
fold2_room1_mix1054,45,4,0,136,-4,2.73
fold2_room1_mix1054,45,4,0,112,-6,4.29
fold2_room1_mix1054,46,0,0,143,-1,15.81
fold2_room1_mix1054,46,4,0,160,-2,6.35
fold2_room1_mix1054,46,4,0,139,-4,2.74
fold2_room1_mix1054,46,4,0,88,-3,6.37
fold2_room1_mix1054,47,0,0,141,-1,11.75
fold2_room1_mix1054,47,4,0,147,-4,3.78
fold2_room1_mix1054,47,4,0,92,-3,6.01
fold2_room1_mix1054,48,0,0,142,-1,10.83
fold2_room1_mix1054,48,4,0,160,-3,5.49
fold2_room1_mix1054,48,4,0,140,-4,3.25
fold2_room1_mix1054,48,4,0,69,-5,5.27
fold2_room1_mix1054,49,0,0,145,0,7.03
fold2_room1_mix1054,49,4,0,151,-4,4.03
fold2_room1_mix1054,49,4,0,65,-8,3.85
fold2_room1_mix1054,50,0,0,146,0,4.68
fold2_room1_mix1054,50,4,0,160,-4,4.81
fold2_room1_mix1054,50,4,0,144,-5,3.19
fold2_room1_mix1054,50,4,0,56,-8,3.86
fold2_room1_mix1054,51,0,0,148,0,4.45
fold2_room1_mix1054,51,4,0,155,-6,3.63
fold2_room1_mix1054,51,4,0,60,-9,3.41
fold2_room1_mix1054,52,0,0,150,0,5.82
fold2_room1_mix1054,52,4,0,164,-4,5.06
fold2_room1_mix1054,52,4,0,147,-6,3.27
fold2_room1_mix1054,52,4,0,53,-7,4.43
fold2_room1_mix1054,53,0,0,154,0,9.42
fold2_room1_mix1054,53,4,0,164,-5,5.09
fold2_room1_mix1054,53,4,0,147,-6,3.62
fold2_room1_mix1054,53,4,0,55,-7,4.45
fold2_room1_mix1054,54,0,0,152,-1,9.45
fold2_room1_mix1054,54,4,0,165,-4,5.04
fold2_room1_mix1054,54,4,0,146,-6,3.66
fold2_room1_mix1054,54,4,0,47,-6,4.72
fold2_room1_mix1054,55,0,0,155,0,10.08
fold2_room1_mix1054,55,4,0,157,-5,4.00
fold2_room1_mix1054,55,4,0,46,-4,5.33
fold2_room1_mix1054,56,0,0,156,0,11.80
fold2_room1_mix1054,56,4,0,168,-4,5.16
fold2_room1_mix1054,56,4,0,152,-5,3.92
fold2_room1_mix1054,56,4,0,41,-4,6.67
fold2_room1_mix1054,57,0,0,157,-1,9.50
fold2_room1_mix1054,57,4,0,170,-4,5.25
fold2_room1_mix1054,57,4,0,152,-5,4.18
fold2_room1_mix1054,57,4,0,42,-2,7.59
fold2_room1_mix1054,58,0,0,157,-1,8.92
fold2_room1_mix1054,58,4,0,163,-3,5.44
fold2_room1_mix1054,58,4,0,39,-2,8.89
fold2_room1_mix1054,59,0,0,160,0,10.25
fold2_room1_mix1054,59,4,0,162,-4,5.61
fold2_room1_mix1054,59,4,0,39,-1,10.34
fold2_room1_mix1054,60,0,0,159,0,16.51
fold2_room1_mix1054,60,4,0,163,-3,5.89
fold2_room1_mix1054,60,4,0,36,-1,11.65
fold2_room1_mix1054,61,0,0,155,0,15.15
fold2_room1_mix1054,61,4,0,164,-3,5.92
fold2_room1_mix1054,61,4,0,35,-1,10.98
fold2_room1_mix1054,62,0,0,158,0,14.87
fold2_room1_mix1054,62,4,0,164,-4,6.43
fold2_room1_mix1054,62,4,0,37,-1,12.01
fold2_room1_mix1054,63,0,0,159,0,19.44
fold2_room1_mix1054,63,4,0,168,-4,6.00
fold2_room1_mix1054,63,4,0,36,-1,13.12
fold2_room1_mix1054,64,0,0,161,0,22.44
fold2_room1_mix1054,64,4,0,171,-4,6.26
fold2_room1_mix1054,64,4,0,33,-1,13.44
fold2_room1_mix1054,65,0,0,161,0,25.89
fold2_room1_mix1054,65,4,0,170,-4,6.99
fold2_room1_mix1054,65,4,0,31,0,14.87
fold2_room1_mix1054,66,0,0,163,0,31.08
fold2_room1_mix1054,66,4,0,171,-3,7.67
fold2_room1_mix1054,66,4,0,31,0,16.88
fold2_room1_mix1054,67,0,0,162,0,28.05
fold2_room1_mix1054,67,4,0,173,-3,7.54
fold2_room1_mix1054,67,4,0,30,0,17.21
fold2_room1_mix1054,68,0,0,165,0,29.07
fold2_room1_mix1054,68,4,0,174,-3,8.10
fold2_room1_mix1054,68,4,0,29,0,18.62
fold2_room1_mix1054,69,0,0,164,0,26.73
fold2_room1_mix1054,69,4,0,173,-3,8.56
fold2_room1_mix1054,69,4,0,29,0,19.17
fold2_room1_mix1054,70,0,0,166,0,33.75
fold2_room1_mix1054,70,4,0,172,-3,8.46
fold2_room1_mix1054,70,4,0,28,0,20.74
fold2_room1_mix1054,71,0,0,166,0,39.11
fold2_room1_mix1054,71,4,0,171,-2,9.91
fold2_room1_mix1054,71,4,0,26,0,21.96
fold2_room1_mix1054,72,0,0,166,0,36.40
fold2_room1_mix1054,72,4,0,171,-3,9.52
fold2_room1_mix1054,72,4,0,24,-1,20.80
fold2_room1_mix1054,73,0,0,164,0,38.70
fold2_room1_mix1054,73,4,0,172,-3,10.29
fold2_room1_mix1054,73,4,0,24,-1,21.07
fold2_room1_mix1054,74,0,0,166,0,42.33
fold2_room1_mix1054,74,4,0,173,-2,10.63
fold2_room1_mix1054,74,4,0,23,0,21.71
fold2_room1_mix1054,75,0,0,165,0,34.37
fold2_room1_mix1054,75,4,0,174,-2,11.70
fold2_room1_mix1054,75,4,0,23,-1,21.05
fold2_room1_mix1054,76,0,0,166,0,45.31
fold2_room1_mix1054,76,4,0,174,-2,12.33
fold2_room1_mix1054,76,4,0,21,-1,20.93
fold2_room1_mix1054,77,0,0,167,0,55.41
fold2_room1_mix1054,77,4,0,173,-2,13.00
fold2_room1_mix1054,77,4,0,20,-1,21.21
fold2_room1_mix1054,78,0,0,167,0,56.18
fold2_room1_mix1054,78,4,0,173,-2,13.28
fold2_room1_mix1054,78,4,0,21,-1,21.03
fold2_room1_mix1054,79,0,0,166,0,59.26
fold2_room1_mix1054,79,4,0,173,-1,13.46
fold2_room1_mix1054,79,4,0,20,-1,21.58
fold2_room1_mix1054,80,0,0,167,0,54.12
fold2_room1_mix1054,80,4,0,175,-1,12.92
fold2_room1_mix1054,80,4,0,20,0,22.71
fold2_room1_mix1054,81,0,0,168,0,65.55
fold2_room1_mix1054,81,4,0,174,-1,13.49
fold2_room1_mix1054,81,4,0,20,0,21.58
fold2_room1_mix1054,82,0,0,169,0,65.65
fold2_room1_mix1054,82,4,0,175,-1,14.19
fold2_room1_mix1054,82,4,0,19,0,23.86
fold2_room1_mix1054,83,0,0,171,0,70.70
fold2_room1_mix1054,83,4,0,175,-1,14.72
fold2_room1_mix1054,83,4,0,19,0,25.77
fold2_room1_mix1054,84,0,0,172,0,75.37
fold2_room1_mix1054,84,4,0,175,-1,15.33
fold2_room1_mix1054,84,4,0,18,0,27.72
fold2_room1_mix1054,85,0,0,173,0,72.71
fold2_room1_mix1054,85,4,0,176,-1,16.12
fold2_room1_mix1054,85,4,0,18,0,26.92
fold2_room1_mix1054,86,0,0,172,0,54.27
fold2_room1_mix1054,86,4,0,176,-1,16.77
fold2_room1_mix1054,86,4,0,17,0,31.75
fold2_room1_mix1054,87,0,0,172,0,36.95
fold2_room1_mix1054,87,4,0,176,-1,17.92
fold2_room1_mix1054,87,4,0,18,0,35.56
fold2_room1_mix1054,88,0,0,172,0,29.04
fold2_room1_mix1054,88,4,0,174,-2,18.78
fold2_room1_mix1054,88,4,0,16,0,28.56
fold2_room1_mix1054,89,0,0,174,0,6.12
fold2_room1_mix1054,89,4,0,177,-2,16.83
fold2_room1_mix1054,89,4,0,17,0,35.18
fold2_room1_mix1054,90,0,0,173,0,6.28
fold2_room1_mix1054,90,4,0,175,-2,19.91
fold2_room1_mix1054,90,4,0,15,0,32.19
fold2_room1_mix1054,91,0,0,173,1,2.90
fold2_room1_mix1054,91,4,0,173,-2,18.34
fold2_room1_mix1054,91,4,0,13,0,30.86
fold2_room1_mix1054,92,0,0,173,0,3.86
fold2_room1_mix1054,92,4,0,175,-2,17.60
fold2_room1_mix1054,92,4,0,11,0,31.75
fold2_room1_mix1054,93,4,0,174,-2,17.15
fold2_room1_mix1054,93,4,0,11,0,29.92
fold2_room1_mix1054,94,4,0,176,-1,18.63
fold2_room1_mix1054,94,4,0,14,-1,36.39
fold2_room1_mix1054,95,4,0,175,-3,18.06
fold2_room1_mix1054,95,4,0,10,0,30.66
fold2_room1_mix1054,96,4,0,176,-3,18.09
fold2_room1_mix1054,96,4,0,8,0,32.39
fold2_room1_mix1054,97,4,0,175,-2,19.18
fold2_room1_mix1054,97,4,0,8,0,32.70
fold2_room1_mix1054,98,4,0,175,-2,20.66
fold2_room1_mix1054,98,4,0,8,0,35.06
fold2_room1_mix1054,99,4,0,175,-3,16.61
fold2_room1_mix1054,99,4,0,7,0,32.32
fold2_room1_mix1054,2,4,0,0,0,1.71
fold2_room1_mix1054,3,4,0,4,-1,5.63
fold2_room1_mix1054,1,4,0,0,0,0.86
fold2_room1_mix1055,54,2,0,-100,-2,5.03
fold2_room1_mix1055,55,2,0,-98,-4,5.30
fold2_room1_mix1055,63,2,0,-93,-2,7.92
fold2_room1_mix1055,64,2,0,-91,-2,8.39
fold2_room1_mix1055,65,2,0,-96,-3,7.84
fold2_room1_mix1055,66,2,0,-94,-2,7.43
fold2_room1_mix1055,67,2,0,-89,-4,6.75
fold2_room1_mix1055,73,2,0,-87,-2,7.63
fold2_room1_mix1055,74,2,0,-83,-2,10.03
fold2_room1_mix1055,75,2,0,-83,-2,7.70
fold2_room1_mix1055,76,2,0,-81,-2,9.86
fold2_room1_mix1055,76,4,0,18,-3,2.55
fold2_room1_mix1055,77,2,0,-80,-2,9.52
fold2_room1_mix1055,77,4,0,14,-3,4.58
fold2_room1_mix1055,78,2,0,-86,-2,7.80
fold2_room1_mix1055,78,4,0,21,-5,4.60
fold2_room1_mix1055,79,4,0,28,-5,5.13
fold2_room1_mix1055,80,4,0,31,-5,4.67
fold2_room1_mix1055,81,4,0,36,-8,3.53
fold2_room1_mix1055,82,4,0,52,-10,2.66
fold2_room1_mix1055,83,4,0,74,-12,2.81
fold2_room1_mix1055,84,4,0,96,-12,2.69
fold2_room1_mix1055,85,4,0,121,-9,2.39
fold2_room1_mix1055,86,4,0,130,-7,3.64
fold2_room1_mix1055,87,4,0,142,-5,4.03
fold2_room1_mix1055,88,4,0,149,-4,5.19
fold2_room1_mix1055,89,4,0,153,-3,6.43
fold2_room1_mix1055,90,4,0,157,-2,6.79
fold2_room1_mix1055,91,4,0,160,-2,7.06
fold2_room1_mix1055,92,4,0,163,-2,8.68
fold2_room1_mix1055,93,4,0,168,-1,4.70
fold2_room1_mix1055,94,4,0,171,-1,4.19
fold2_room1_mix1056,33,4,0,172,-1,5.84
fold2_room1_mix1056,35,4,0,173,-2,8.57
fold2_room1_mix1056,36,4,0,171,-2,11.34
fold2_room1_mix1056,37,4,0,172,-2,11.73
fold2_room1_mix1056,38,4,0,170,-2,12.69
fold2_room1_mix1056,39,4,0,169,-3,12.37
fold2_room1_mix1056,40,4,0,166,-2,11.71
fold2_room1_mix1056,41,3,0,-112,-4,11.75
fold2_room1_mix1056,41,4,0,165,-3,11.63
fold2_room1_mix1056,42,3,0,-100,-5,13.21
fold2_room1_mix1056,42,4,0,166,-3,10.69
fold2_room1_mix1056,43,3,0,-107,-4,16.51
fold2_room1_mix1056,43,4,0,165,-3,10.01
fold2_room1_mix1056,44,3,0,-101,-4,14.72
fold2_room1_mix1056,44,4,0,161,-3,10.47
fold2_room1_mix1056,45,3,0,-120,-4,17.32
fold2_room1_mix1056,45,4,0,163,-4,9.79
fold2_room1_mix1056,46,3,0,-111,-4,15.84
fold2_room1_mix1056,46,4,0,161,-4,10.43
fold2_room1_mix1056,47,3,0,-102,-3,15.72
fold2_room1_mix1056,47,4,0,157,-3,9.68
fold2_room1_mix1056,48,3,0,-110,-3,14.52
fold2_room1_mix1056,48,4,0,158,-3,9.30
fold2_room1_mix1056,49,3,0,-106,-3,13.78
fold2_room1_mix1056,49,4,0,157,-4,8.51
fold2_room1_mix1056,50,3,0,-103,-3,11.10
fold2_room1_mix1056,50,4,0,152,-4,8.22
fold2_room1_mix1056,51,4,0,152,-4,7.26
fold2_room1_mix1056,52,3,0,-117,-3,11.52
fold2_room1_mix1056,52,4,0,150,-5,6.72
fold2_room1_mix1056,53,4,0,150,-6,5.63
fold2_room1_mix1056,54,3,0,-113,-3,9.89
fold2_room1_mix1056,54,4,0,142,-6,4.99
fold2_room1_mix1056,55,4,0,140,-7,4.59
fold2_room1_mix1056,56,4,0,135,-8,4.39
fold2_room1_mix1056,57,4,0,128,-9,4.02
fold2_room1_mix1056,58,4,0,118,-9,3.64
fold2_room1_mix1056,59,4,0,108,-10,3.63
fold2_room1_mix1056,60,4,0,95,-9,3.44
fold2_room1_mix1056,61,3,0,-103,-3,8.14
fold2_room1_mix1056,61,4,0,93,-9,3.84
fold2_room1_mix1056,62,3,0,-93,-4,11.66
fold2_room1_mix1056,62,4,0,81,-9,4.41
fold2_room1_mix1056,63,3,0,-97,-4,14.42
fold2_room1_mix1056,63,4,0,67,-7,4.68
fold2_room1_mix1056,64,3,0,-99,-3,12.02
fold2_room1_mix1056,64,4,0,53,-7,4.05
fold2_room1_mix1056,65,3,0,-104,-3,14.37
fold2_room1_mix1056,65,4,0,49,-6,4.26
fold2_room1_mix1056,66,3,0,-91,-4,13.48
fold2_room1_mix1056,66,4,0,45,-5,4.93
fold2_room1_mix1056,67,3,0,-88,-4,12.28
fold2_room1_mix1056,67,4,0,37,-5,4.99
fold2_room1_mix1056,68,3,0,-85,-3,12.61
fold2_room1_mix1056,68,4,0,34,-5,5.64
fold2_room1_mix1056,69,3,0,-85,-3,9.95
fold2_room1_mix1056,69,4,0,33,-4,5.76
fold2_room1_mix1056,70,3,0,-83,-3,6.11
fold2_room1_mix1056,70,4,0,29,-4,6.98
fold2_room1_mix1056,71,3,0,-82,-4,3.74
fold2_room1_mix1056,71,4,0,28,-3,7.06
fold2_room1_mix1056,72,3,0,-74,-4,4.44
fold2_room1_mix1056,72,4,0,27,-3,7.96
fold2_room1_mix1056,73,4,0,26,-3,8.28
fold2_room1_mix1056,74,4,0,25,-3,8.32
fold2_room1_mix1056,75,4,0,22,-3,9.98
fold2_room1_mix1056,76,4,0,19,-3,9.61
fold2_room1_mix1056,77,4,0,19,-3,9.83
fold2_room1_mix1056,78,4,0,18,-3,10.67
fold2_room1_mix1056,79,4,0,17,-2,11.55
fold2_room1_mix1056,80,4,0,15,-3,10.47
fold2_room1_mix1056,81,3,0,-81,-4,4.18
fold2_room1_mix1056,81,4,0,15,-3,8.41
fold2_room1_mix1056,82,3,0,-70,-4,9.00
fold2_room1_mix1056,82,4,0,15,-2,11.41
fold2_room1_mix1056,83,3,0,-67,-3,10.78
fold2_room1_mix1056,83,4,0,14,-2,9.13
fold2_room1_mix1056,84,3,0,-65,-3,10.80
fold2_room1_mix1056,84,4,0,10,-3,8.51
fold2_room1_mix1056,85,3,0,-61,-3,6.53
fold2_room1_mix1056,85,4,0,13,-3,11.87
fold2_room1_mix1056,86,3,0,-69,-4,10.99
fold2_room1_mix1056,86,4,0,11,-3,8.87
fold2_room1_mix1056,87,3,0,-58,-3,12.89
fold2_room1_mix1056,87,4,0,13,-3,8.17
fold2_room1_mix1056,88,3,0,-56,-3,7.93
fold2_room1_mix1056,89,3,0,-58,-2,6.41
fold2_room1_mix1057,0,5,0,-133,3,7.64
fold2_room1_mix1057,1,5,0,-135,3,15.33
fold2_room1_mix1057,2,5,0,-136,3,13.83
fold2_room1_mix1057,3,4,0,5,0,4.86
fold2_room1_mix1057,3,5,0,-133,2,17.84
fold2_room1_mix1057,4,4,0,2,-1,17.58
fold2_room1_mix1057,4,5,0,-131,3,14.15
fold2_room1_mix1057,5,4,0,7,-1,17.79
fold2_room1_mix1057,5,5,0,-137,3,16.08
fold2_room1_mix1057,6,4,0,5,-1,21.83
fold2_room1_mix1057,6,5,0,-131,2,20.18
fold2_room1_mix1057,7,4,0,3,-1,25.04
fold2_room1_mix1057,7,5,0,-134,3,16.95
fold2_room1_mix1057,8,4,0,6,-1,31.62
fold2_room1_mix1057,8,5,0,-132,2,16.20
fold2_room1_mix1057,9,4,0,6,-2,31.02
fold2_room1_mix1057,9,5,0,-132,3,17.60
fold2_room1_mix1057,10,4,0,4,-2,29.86
fold2_room1_mix1057,10,5,0,-134,3,14.38
fold2_room1_mix1057,11,4,0,5,-1,31.27
fold2_room1_mix1057,11,5,0,-135,3,16.41
fold2_room1_mix1057,12,4,0,4,-1,31.05
fold2_room1_mix1057,12,5,0,-131,2,19.59
fold2_room1_mix1057,13,4,0,5,-2,29.96
fold2_room1_mix1057,13,5,0,-136,3,14.69
fold2_room1_mix1057,14,4,0,5,-1,29.76
fold2_room1_mix1057,14,5,0,-136,3,16.99
fold2_room1_mix1057,15,4,0,5,-1,30.11
fold2_room1_mix1057,15,5,0,-134,3,18.07
fold2_room1_mix1057,16,4,0,3,-1,28.59
fold2_room1_mix1057,16,5,0,-134,3,17.42
fold2_room1_mix1057,17,4,0,5,-1,28.77
fold2_room1_mix1057,17,5,0,-134,3,16.85
fold2_room1_mix1057,18,4,0,3,-1,28.28
fold2_room1_mix1057,18,5,0,-136,3,16.79
fold2_room1_mix1057,19,4,0,4,-1,27.44
fold2_room1_mix1057,19,5,0,-135,3,18.18
fold2_room1_mix1057,20,4,0,6,-1,27.97
fold2_room1_mix1057,20,5,0,-136,3,16.75
fold2_room1_mix1057,21,4,0,7,-1,27.36
fold2_room1_mix1057,21,5,0,-135,3,15.53
fold2_room1_mix1057,22,4,0,6,-1,26.30
fold2_room1_mix1057,22,5,0,-133,3,16.65
fold2_room1_mix1057,23,4,0,6,-1,25.95
fold2_room1_mix1057,23,5,0,-137,3,17.05
fold2_room1_mix1057,24,4,0,7,-1,25.60
fold2_room1_mix1057,24,5,0,-133,3,16.80
fold2_room1_mix1057,25,4,0,6,-1,26.02
fold2_room1_mix1057,25,5,0,-132,3,17.41
fold2_room1_mix1057,26,4,0,7,-1,25.00
fold2_room1_mix1057,26,5,0,-133,3,15.82
fold2_room1_mix1057,27,4,0,5,-1,25.02
fold2_room1_mix1057,27,5,0,-134,3,15.95
fold2_room1_mix1057,28,4,0,8,-1,25.03
fold2_room1_mix1057,28,5,0,-133,3,18.50
fold2_room1_mix1057,29,4,0,8,-1,23.60
fold2_room1_mix1057,29,5,0,-136,3,16.40
fold2_room1_mix1057,30,4,0,7,-1,23.84
fold2_room1_mix1057,30,5,0,-135,3,16.15
fold2_room1_mix1057,31,4,0,8,-1,24.13
fold2_room1_mix1057,31,5,0,-135,3,16.99
fold2_room1_mix1057,32,4,0,8,-1,23.19
fold2_room1_mix1057,32,5,0,-136,3,17.29
fold2_room1_mix1057,33,4,0,8,-1,22.29
fold2_room1_mix1057,33,5,0,-136,3,16.41
fold2_room1_mix1057,34,4,0,8,-1,21.72
fold2_room1_mix1057,34,5,0,-137,3,16.85
fold2_room1_mix1057,35,4,0,7,-1,20.81
fold2_room1_mix1057,35,5,0,-134,3,16.93
fold2_room1_mix1057,36,4,0,6,-1,19.74
fold2_room1_mix1057,36,5,0,-136,3,16.75
fold2_room1_mix1057,37,4,0,7,-1,19.19
fold2_room1_mix1057,37,5,0,-139,3,17.63
fold2_room1_mix1057,38,2,0,98,-6,4.86
fold2_room1_mix1057,38,4,0,9,-1,19.93
fold2_room1_mix1057,38,5,0,-139,2,18.78
fold2_room1_mix1057,39,4,0,8,-1,18.27
fold2_room1_mix1057,39,5,0,-143,3,20.03
fold2_room1_mix1057,40,0,0,76,-2,5.86
fold2_room1_mix1057,40,4,0,8,-1,17.09
fold2_room1_mix1057,40,5,0,-140,3,16.56
fold2_room1_mix1057,41,0,0,73,-2,5.65
fold2_room1_mix1057,41,4,0,7,-1,17.39
fold2_room1_mix1057,41,5,0,-141,4,16.44
fold2_room1_mix1057,42,0,0,70,-2,8.46
fold2_room1_mix1057,42,4,0,7,-1,16.39
fold2_room1_mix1057,42,5,0,-138,4,14.84
fold2_room1_mix1057,43,0,0,74,-2,11.95
fold2_room1_mix1057,43,4,0,6,0,16.07
fold2_room1_mix1057,43,5,0,-140,4,14.82
fold2_room1_mix1057,44,0,0,60,-2,12.86
fold2_room1_mix1057,44,4,0,6,-1,15.55
fold2_room1_mix1057,44,5,0,-136,4,15.18
fold2_room1_mix1057,45,0,0,47,-2,13.65
fold2_room1_mix1057,45,4,0,6,-1,15.93
fold2_room1_mix1057,45,5,0,-142,4,14.78
fold2_room1_mix1057,46,0,0,49,-2,13.50
fold2_room1_mix1057,46,4,0,8,-1,15.66
fold2_room1_mix1057,46,5,0,-142,3,13.56
fold2_room1_mix1057,47,0,0,42,-2,14.71
fold2_room1_mix1057,47,4,0,6,-2,14.83
fold2_room1_mix1057,47,5,0,-141,3,13.76
fold2_room1_mix1057,48,0,0,41,-2,14.21
fold2_room1_mix1057,48,4,0,10,-2,13.71
fold2_room1_mix1057,48,5,0,-138,3,13.81
fold2_room1_mix1057,49,0,0,39,-1,15.71
fold2_room1_mix1057,49,4,0,11,-2,13.41
fold2_room1_mix1057,49,5,0,-140,4,13.53
fold2_room1_mix1057,50,0,0,39,-1,14.68
fold2_room1_mix1057,50,4,0,11,-2,13.02
fold2_room1_mix1057,50,5,0,-140,3,14.25
fold2_room1_mix1057,51,0,0,38,-1,16.11
fold2_room1_mix1057,51,4,0,13,-2,12.03
fold2_room1_mix1057,51,5,0,-136,3,15.20
fold2_room1_mix1057,52,0,0,35,-1,17.30
fold2_room1_mix1057,52,4,0,13,-2,12.24
fold2_room1_mix1057,52,5,0,-138,4,14.10
fold2_room1_mix1057,53,0,0,34,-1,17.56
fold2_room1_mix1057,53,4,0,12,-3,11.15
fold2_room1_mix1057,53,5,0,-138,4,14.22
fold2_room1_mix1057,54,0,0,32,-1,18.59
fold2_room1_mix1057,54,4,0,13,-3,10.83
fold2_room1_mix1057,54,5,0,-136,4,15.32
fold2_room1_mix1057,55,0,0,34,-1,19.03
fold2_room1_mix1057,55,4,0,13,-3,10.69
fold2_room1_mix1057,55,5,0,-138,4,15.08
fold2_room1_mix1057,56,0,0,34,-1,18.88
fold2_room1_mix1057,56,4,0,12,-3,10.29
fold2_room1_mix1057,56,5,0,-134,4,14.76
fold2_room1_mix1057,57,0,0,34,-1,19.82
fold2_room1_mix1057,57,4,0,13,-3,9.51
fold2_room1_mix1057,57,5,0,-132,4,14.94
fold2_room1_mix1057,58,0,0,31,-1,22.17
fold2_room1_mix1057,58,4,0,13,-3,9.08
fold2_room1_mix1057,58,5,0,-134,3,14.81
fold2_room1_mix1057,59,0,0,31,-1,22.07
fold2_room1_mix1057,59,4,0,13,-3,8.77
fold2_room1_mix1057,59,5,0,-134,3,14.36
fold2_room1_mix1057,60,0,0,31,-1,22.69
fold2_room1_mix1057,60,4,0,14,-3,8.16
fold2_room1_mix1057,60,5,0,-134,3,14.99
fold2_room1_mix1057,61,0,0,27,-1,24.17
fold2_room1_mix1057,61,4,0,18,-3,7.82
fold2_room1_mix1057,61,5,0,-137,4,14.29
fold2_room1_mix1057,62,0,0,26,-1,25.08
fold2_room1_mix1057,62,4,0,18,-3,7.96
fold2_room1_mix1057,62,5,0,-133,4,13.47
fold2_room1_mix1057,63,0,0,25,-1,25.93
fold2_room1_mix1057,63,4,0,19,-3,8.11
fold2_room1_mix1057,63,5,0,-134,4,13.91
fold2_room1_mix1057,64,0,0,25,-1,26.09
fold2_room1_mix1057,64,4,0,20,-3,7.48
fold2_room1_mix1057,64,5,0,-133,4,14.88
fold2_room1_mix1057,65,0,0,24,-1,29.07
fold2_room1_mix1057,65,4,0,20,-3,7.47
fold2_room1_mix1057,65,5,0,-135,4,13.50
fold2_room1_mix1057,66,0,0,24,-1,27.25
fold2_room1_mix1057,66,4,0,22,-3,7.15
fold2_room1_mix1057,66,5,0,-136,4,14.69
fold2_room1_mix1057,67,0,0,23,-1,28.09
fold2_room1_mix1057,67,4,0,22,-4,6.32
fold2_room1_mix1057,67,5,0,-131,4,15.12
fold2_room1_mix1057,68,0,0,22,-1,28.41
fold2_room1_mix1057,68,4,0,26,-3,6.26
fold2_room1_mix1057,68,5,0,-133,4,14.01
fold2_room1_mix1057,69,0,0,23,-1,28.29
fold2_room1_mix1057,69,4,0,25,-4,6.13
fold2_room1_mix1057,69,5,0,-128,3,14.42
fold2_room1_mix1057,70,0,0,23,-1,27.04
fold2_room1_mix1057,70,4,0,26,-4,5.60
fold2_room1_mix1057,70,5,0,-126,3,14.62
fold2_room1_mix1057,71,0,0,25,-1,30.11
fold2_room1_mix1057,71,4,0,29,-4,4.75
fold2_room1_mix1057,71,5,0,-124,4,13.29
fold2_room1_mix1057,72,0,0,25,-1,28.32
fold2_room1_mix1057,72,4,0,31,-5,4.59
fold2_room1_mix1057,72,5,0,-131,3,14.48
fold2_room1_mix1057,73,0,0,25,-1,30.26
fold2_room1_mix1057,73,4,0,33,-4,4.13
fold2_room1_mix1057,73,5,0,-121,3,13.93
fold2_room1_mix1057,74,0,0,25,-1,30.13
fold2_room1_mix1057,74,4,0,39,-5,3.76
fold2_room1_mix1057,74,5,0,-125,3,14.06
fold2_room1_mix1057,75,0,0,25,-1,30.18
fold2_room1_mix1057,75,4,0,43,-5,3.82
fold2_room1_mix1057,75,5,0,-129,3,15.09
fold2_room1_mix1057,76,0,0,24,0,33.24
fold2_room1_mix1057,76,4,0,49,-5,3.35
fold2_room1_mix1057,76,5,0,-120,3,14.97
fold2_room1_mix1057,77,0,0,23,0,34.37
fold2_room1_mix1057,77,4,0,55,-6,3.39
fold2_room1_mix1057,77,5,0,-124,4,12.29
fold2_room1_mix1057,78,0,0,23,0,34.12
fold2_room1_mix1057,78,4,0,60,-7,3.10
fold2_room1_mix1057,78,5,0,-127,4,14.86
fold2_room1_mix1057,79,0,0,23,0,35.68
fold2_room1_mix1057,79,4,0,67,-7,3.20
fold2_room1_mix1057,79,5,0,-128,4,14.25
fold2_room1_mix1057,80,0,0,23,0,35.65
fold2_room1_mix1057,80,4,0,76,-7,3.34
fold2_room1_mix1057,80,5,0,-128,4,14.84
fold2_room1_mix1057,81,0,0,25,0,33.35
fold2_room1_mix1057,81,4,0,85,-8,3.43
fold2_room1_mix1057,81,5,0,-127,4,14.84
fold2_room1_mix1057,82,0,0,24,0,35.44
fold2_room1_mix1057,82,4,0,95,-7,3.64
fold2_room1_mix1057,82,5,0,-125,4,14.25
fold2_room1_mix1057,83,0,0,24,0,37.35
fold2_room1_mix1057,83,4,0,106,-7,3.53
fold2_room1_mix1057,83,5,0,-125,4,15.37
fold2_room1_mix1057,84,0,0,24,0,38.69
fold2_room1_mix1057,84,4,0,115,-6,3.44
fold2_room1_mix1057,84,5,0,-124,4,15.04
fold2_room1_mix1057,85,0,0,25,0,36.80
fold2_room1_mix1057,85,4,0,123,-6,3.51
fold2_room1_mix1057,85,5,0,-123,4,14.55
fold2_room1_mix1057,86,0,0,25,0,36.47
fold2_room1_mix1057,86,4,0,129,-5,3.74
fold2_room1_mix1057,86,5,0,-128,4,17.16
fold2_room1_mix1057,87,0,0,24,0,36.76
fold2_room1_mix1057,87,4,0,134,-5,3.84
fold2_room1_mix1057,87,5,0,-134,4,17.85
fold2_room1_mix1057,88,0,0,24,0,34.79
fold2_room1_mix1057,88,4,0,136,-4,4.09
fold2_room1_mix1057,88,5,0,-135,4,17.84
fold2_room1_mix1057,89,0,0,24,0,34.10
fold2_room1_mix1057,89,4,0,139,-4,4.30
fold2_room1_mix1057,89,5,0,-134,4,19.24
fold2_room1_mix1057,90,0,0,26,-1,28.06
fold2_room1_mix1057,90,4,0,143,-3,4.44
fold2_room1_mix1057,90,5,0,-135,3,19.97
fold2_room1_mix1057,91,0,0,28,-1,26.48
fold2_room1_mix1057,91,4,0,145,-4,4.63
fold2_room1_mix1057,91,5,0,-129,4,18.38
fold2_room1_mix1057,92,0,0,27,-1,23.94
fold2_room1_mix1057,92,4,0,150,-3,5.40
fold2_room1_mix1057,92,5,0,-127,3,18.58
fold2_room1_mix1057,93,0,0,27,-1,18.83
fold2_room1_mix1057,93,4,0,151,-3,5.84
fold2_room1_mix1057,93,5,0,-128,4,16.33
fold2_room1_mix1057,94,0,0,33,-1,21.84
fold2_room1_mix1057,94,4,0,154,-2,6.24
fold2_room1_mix1057,94,5,0,-125,4,19.62
fold2_room1_mix1057,95,0,0,28,-1,18.94
fold2_room1_mix1057,95,4,0,154,-2,6.83
fold2_room1_mix1057,95,5,0,-129,3,19.77
fold2_room1_mix1057,96,0,0,32,-1,14.56
fold2_room1_mix1057,96,4,0,156,-2,7.37
fold2_room1_mix1057,96,5,0,-129,3,18.47
fold2_room1_mix1057,97,0,0,35,-1,14.09
fold2_room1_mix1057,97,4,0,157,-1,7.73
fold2_room1_mix1057,97,5,0,-126,3,19.13
fold2_room1_mix1057,98,0,0,28,-1,10.01
fold2_room1_mix1057,98,4,0,158,-1,8.28
fold2_room1_mix1057,98,5,0,-136,3,19.52
fold2_room1_mix1057,99,0,0,31,-1,11.35
fold2_room1_mix1057,99,4,0,160,-1,8.63
fold2_room1_mix1057,99,5,0,-130,4,19.03
fold2_room1_mix1058,1,4,0,-178,0,1.68
fold2_room1_mix1058,2,4,0,-178,0,1.75
fold2_room1_mix1058,3,4,0,-179,0,4.60
fold2_room1_mix1058,4,4,0,-179,0,12.65
fold2_room1_mix1058,5,4,0,178,0,13.26
fold2_room1_mix1058,6,4,0,-179,0,15.50
fold2_room1_mix1058,7,4,0,179,0,21.52
fold2_room1_mix1058,8,4,0,179,0,23.66
fold2_room1_mix1058,9,4,0,178,0,23.64
fold2_room1_mix1058,10,4,0,178,0,23.80
fold2_room1_mix1058,11,4,0,177,0,24.48
fold2_room1_mix1058,12,4,0,178,0,23.19
fold2_room1_mix1058,13,4,0,177,0,22.63
fold2_room1_mix1058,14,4,0,177,0,24.18
fold2_room1_mix1058,15,4,0,178,0,22.72
fold2_room1_mix1058,16,4,0,178,0,23.29
fold2_room1_mix1058,17,4,0,178,0,23.89
fold2_room1_mix1058,18,4,0,178,0,23.20
fold2_room1_mix1058,19,4,0,178,0,24.64
fold2_room1_mix1058,20,4,0,178,0,26.85
fold2_room1_mix1058,21,4,0,178,0,26.30
fold2_room1_mix1058,22,4,0,179,0,25.87
fold2_room1_mix1058,23,4,0,179,0,22.82
fold2_room1_mix1058,24,4,0,-179,0,22.90
fold2_room1_mix1058,25,4,0,179,0,22.93
fold2_room1_mix1058,26,4,0,-179,0,23.53
fold2_room1_mix1058,27,4,0,-179,0,23.73
fold2_room1_mix1058,28,4,0,179,-1,22.74
fold2_room1_mix1058,29,4,0,179,0,24.07
fold2_room1_mix1058,30,4,0,-179,-1,24.32
fold2_room1_mix1058,31,4,0,179,-1,24.37
fold2_room1_mix1058,32,4,0,-179,0,25.17
fold2_room1_mix1058,33,4,0,-179,0,25.94
fold2_room1_mix1058,34,4,0,179,-1,25.45
fold2_room1_mix1058,35,4,0,-179,-1,25.14
fold2_room1_mix1058,36,4,0,-179,0,25.40
fold2_room1_mix1058,37,4,0,179,0,23.05
fold2_room1_mix1058,38,4,0,-179,-1,21.74
fold2_room1_mix1058,39,4,0,179,-1,22.71
fold2_room1_mix1058,40,4,0,179,-1,22.04
fold2_room1_mix1058,41,4,0,-179,-1,21.19
fold2_room1_mix1058,42,4,0,-179,-1,21.15
fold2_room1_mix1058,43,4,0,-178,-1,20.06
fold2_room1_mix1058,44,4,0,-178,-1,20.28
fold2_room1_mix1058,45,4,0,-177,-1,20.00
fold2_room1_mix1058,46,4,0,-178,-1,19.59
fold2_room1_mix1058,47,4,0,-177,-1,17.91
fold2_room1_mix1058,48,4,0,-179,-1,17.21
fold2_room1_mix1058,49,4,0,-177,-2,16.20
fold2_room1_mix1058,50,4,0,-177,-2,16.03
fold2_room1_mix1058,51,4,0,-177,-2,14.86
fold2_room1_mix1058,52,4,0,-178,-2,15.15
fold2_room1_mix1058,53,4,0,-177,-2,15.41
fold2_room1_mix1058,54,4,0,-177,-2,14.95
fold2_room1_mix1058,55,4,0,-177,-3,13.26
fold2_room1_mix1058,56,4,0,-178,-3,13.69
fold2_room1_mix1058,57,4,0,-178,-3,12.66
fold2_room1_mix1058,58,4,0,-178,-3,12.22
fold2_room1_mix1058,59,4,0,-176,-4,11.90
fold2_room1_mix1058,60,4,0,-176,-5,9.97
fold2_room1_mix1058,61,4,0,-177,-7,10.04
fold2_room1_mix1058,62,4,0,-176,-8,9.38
fold2_room1_mix1058,63,4,0,-177,-9,9.48
fold2_room1_mix1058,64,4,0,-178,-12,9.08
fold2_room1_mix1058,65,4,0,-179,-7,14.45
fold2_room1_mix1058,65,4,0,169,-29,2.53
fold2_room1_mix1058,66,4,0,177,-11,13.95
fold2_room1_mix1058,66,4,0,146,-45,1.89
fold2_room1_mix1058,67,4,0,177,-7,14.47
fold2_room1_mix1058,67,4,0,77,-55,1.81
fold2_room1_mix1058,68,4,0,-179,-6,13.45
fold2_room1_mix1058,68,4,0,33,-39,2.21
fold2_room1_mix1058,69,4,0,-179,-4,13.69
fold2_room1_mix1058,69,4,0,17,-29,2.64
fold2_room1_mix1058,70,4,0,-178,-4,13.78
fold2_room1_mix1058,70,4,0,13,-21,3.17
fold2_room1_mix1058,71,4,0,-177,-4,13.42
fold2_room1_mix1058,71,4,0,11,-17,3.87
fold2_room1_mix1058,72,4,0,-175,-4,12.83
fold2_room1_mix1058,72,4,0,8,-15,4.38
fold2_room1_mix1058,73,4,0,-173,-4,12.12
fold2_room1_mix1058,73,4,0,7,-13,4.71
fold2_room1_mix1058,74,4,0,-170,-5,9.26
fold2_room1_mix1058,74,4,0,6,-10,5.54
fold2_room1_mix1058,75,4,0,-166,-5,8.97
fold2_room1_mix1058,75,4,0,5,-9,5.98
fold2_room1_mix1058,76,4,0,-164,-6,7.76
fold2_room1_mix1058,76,4,0,5,-9,6.19
fold2_room1_mix1058,77,4,0,-163,-7,7.02
fold2_room1_mix1058,77,4,0,3,-8,6.73
fold2_room1_mix1058,78,4,0,-157,-4,7.80
fold2_room1_mix1058,78,4,0,2,-8,6.24
fold2_room1_mix1058,79,4,0,-154,-6,6.30
fold2_room1_mix1058,79,4,0,0,-10,6.13
fold2_room1_mix1058,80,4,0,-149,-8,4.77
fold2_room1_mix1058,80,4,0,-1,-9,5.63
fold2_room1_mix1058,81,4,0,-140,-11,3.64
fold2_room1_mix1058,81,4,0,5,-8,6.51
fold2_room1_mix1058,82,4,0,-128,-16,2.43
fold2_room1_mix1058,82,4,0,3,-7,6.83
fold2_room1_mix1058,83,4,0,-108,-20,1.91
fold2_room1_mix1058,83,4,0,0,-9,6.01
fold2_room1_mix1058,84,4,0,-83,-22,1.32
fold2_room1_mix1058,84,4,0,-25,-15,4.42
fold2_room1_mix1058,84,4,0,-10,-8,5.73
fold2_room1_mix1058,85,4,0,-59,-20,1.46
fold2_room1_mix1058,85,4,0,-12,-10,5.32
fold2_room1_mix1058,86,4,0,-48,-17,1.75
fold2_room1_mix1058,86,4,0,-1,-7,7.07
fold2_room1_mix1058,87,4,0,-40,-13,2.61
fold2_room1_mix1058,87,4,0,-5,-7,7.18
fold2_room1_mix1058,88,4,0,-32,-11,2.97
fold2_room1_mix1058,88,4,0,-3,-6,8.16
fold2_room1_mix1058,89,4,0,-24,-11,3.42
fold2_room1_mix1058,89,4,0,-2,-5,8.74
fold2_room1_mix1058,90,4,0,-18,-9,4.42
fold2_room1_mix1058,90,4,0,0,-5,9.89
fold2_room1_mix1058,91,4,0,-6,-5,8.63
fold2_room1_mix1058,92,4,0,-4,-5,9.29
fold2_room1_mix1058,93,4,0,-4,-4,10.01
fold2_room1_mix1058,94,4,0,-3,-4,11.21
fold2_room1_mix1058,95,4,0,-2,-4,12.07
fold2_room1_mix1058,96,4,0,-2,-4,12.48
fold2_room1_mix1058,97,4,0,-2,-4,13.78
fold2_room1_mix1058,98,4,0,-2,-4,13.58
fold2_room1_mix1058,99,4,0,-1,-3,13.16
fold2_room1_mix1060,1,4,0,178,0,0.92
fold2_room1_mix1060,2,4,0,-177,1,3.16
fold2_room1_mix1060,3,4,0,-178,0,3.87
fold2_room1_mix1060,3,4,0,2,1,5.27
fold2_room1_mix1060,4,4,0,-178,0,10.47
fold2_room1_mix1060,4,4,0,0,0,16.79
fold2_room1_mix1060,5,4,0,-179,0,13.05
fold2_room1_mix1060,5,4,0,-1,0,19.28
fold2_room1_mix1060,6,4,0,-179,0,13.55
fold2_room1_mix1060,6,4,0,-1,0,20.05
fold2_room1_mix1060,7,4,0,-179,-1,19.36
fold2_room1_mix1060,7,4,0,-2,0,30.67
fold2_room1_mix1060,8,4,0,-178,-1,20.20
fold2_room1_mix1060,8,4,0,0,0,31.72
fold2_room1_mix1060,9,4,0,-177,-1,18.73
fold2_room1_mix1060,9,4,0,-1,0,31.24
fold2_room1_mix1060,10,4,0,-176,-1,18.60
fold2_room1_mix1060,10,4,0,-1,0,29.72
fold2_room1_mix1060,11,4,0,-177,-1,17.69
fold2_room1_mix1060,11,4,0,-2,0,30.83
fold2_room1_mix1060,12,4,0,-176,-1,17.31
fold2_room1_mix1060,12,4,0,-1,0,31.00
fold2_room1_mix1060,13,4,0,-177,-2,18.36
fold2_room1_mix1060,13,4,0,-4,0,31.76
fold2_room1_mix1060,14,4,0,-177,-2,18.77
fold2_room1_mix1060,14,4,0,-2,0,34.35
fold2_room1_mix1060,15,4,0,-177,-2,19.54
fold2_room1_mix1060,15,4,0,-3,-1,31.66
fold2_room1_mix1060,16,4,0,-176,-2,17.54
fold2_room1_mix1060,16,4,0,-2,0,30.77
fold2_room1_mix1060,17,4,0,-176,-1,18.74
fold2_room1_mix1060,17,4,0,-1,0,30.89
fold2_room1_mix1060,18,4,0,-176,-2,17.47
fold2_room1_mix1060,18,4,0,-2,-1,30.38
fold2_room1_mix1060,19,4,0,-175,-2,17.48
fold2_room1_mix1060,19,4,0,-3,-1,30.15
fold2_room1_mix1060,20,4,0,-175,-2,15.81
fold2_room1_mix1060,20,4,0,-4,-1,30.46
fold2_room1_mix1060,21,4,0,-175,-3,15.93
fold2_room1_mix1060,21,4,0,-4,-1,28.19
fold2_room1_mix1060,22,4,0,-175,-2,15.51
fold2_room1_mix1060,22,4,0,-5,-1,28.33
fold2_room1_mix1060,23,4,0,-174,-2,14.79
fold2_room1_mix1060,23,4,0,-5,-1,29.23
fold2_room1_mix1060,24,4,0,-175,-3,14.71
fold2_room1_mix1060,24,4,0,-7,-1,28.01
fold2_room1_mix1060,25,4,0,-174,-2,14.04
fold2_room1_mix1060,25,4,0,-5,-1,27.96
fold2_room1_mix1060,26,4,0,-175,-2,14.34
fold2_room1_mix1060,26,4,0,-7,-1,29.01
fold2_room1_mix1060,27,4,0,-173,-2,14.53
fold2_room1_mix1060,27,4,0,-6,-1,27.80
fold2_room1_mix1060,28,4,0,-172,-2,13.46
fold2_room1_mix1060,28,4,0,-6,-1,28.35
fold2_room1_mix1060,29,4,0,-172,-3,12.82
fold2_room1_mix1060,29,4,0,-6,-1,28.56
fold2_room1_mix1060,30,4,0,-170,-2,14.03
fold2_room1_mix1060,30,4,0,-8,-1,25.81
fold2_room1_mix1060,31,4,0,-171,-2,14.26
fold2_room1_mix1060,31,4,0,-8,-1,27.15
fold2_room1_mix1060,32,4,0,-171,-3,13.67
fold2_room1_mix1060,32,4,0,-9,-1,25.24
fold2_room1_mix1060,33,4,0,-171,-2,13.48
fold2_room1_mix1060,33,4,0,-9,-1,25.76
fold2_room1_mix1060,34,4,0,-169,-3,11.99
fold2_room1_mix1060,34,4,0,-11,-2,24.67
fold2_room1_mix1060,35,4,0,-170,-3,12.90
fold2_room1_mix1060,35,4,0,-11,-1,24.18
fold2_room1_mix1060,36,4,0,-170,-3,11.31
fold2_room1_mix1060,36,4,0,-10,-1,23.39
fold2_room1_mix1060,37,4,0,-170,-3,11.66
fold2_room1_mix1060,37,4,0,-10,-1,23.28
fold2_room1_mix1060,38,4,0,-169,-3,10.73
fold2_room1_mix1060,38,4,0,-10,-2,21.29
fold2_room1_mix1060,39,4,0,-170,-3,10.74
fold2_room1_mix1060,39,4,0,-9,-2,21.35
fold2_room1_mix1060,40,4,0,-170,-3,10.31
fold2_room1_mix1060,40,4,0,-10,-2,19.92
fold2_room1_mix1060,41,4,0,-169,-3,9.61
fold2_room1_mix1060,41,4,0,-9,-2,17.49
fold2_room1_mix1060,42,4,0,-169,-4,9.23
fold2_room1_mix1060,42,4,0,-8,-2,18.04
fold2_room1_mix1060,43,4,0,-167,-4,8.80
fold2_room1_mix1060,43,4,0,-11,-2,16.59
fold2_room1_mix1060,44,4,0,-168,-4,7.94
fold2_room1_mix1060,44,4,0,-12,-2,15.57
fold2_room1_mix1060,45,4,0,-168,-4,7.24
fold2_room1_mix1060,45,4,0,-11,-2,16.05
fold2_room1_mix1060,46,4,0,-164,-5,6.91
fold2_room1_mix1060,46,4,0,-11,-3,13.83
fold2_room1_mix1060,47,4,0,-165,-5,6.39
fold2_room1_mix1060,47,4,0,-12,-3,14.22
fold2_room1_mix1060,48,4,0,-164,-6,5.75
fold2_room1_mix1060,48,4,0,-16,-3,12.52
fold2_room1_mix1060,49,4,0,-165,-6,5.58
fold2_room1_mix1060,49,4,0,-16,-3,11.50
fold2_room1_mix1060,50,4,0,-163,-6,5.44
fold2_room1_mix1060,50,4,0,-16,-3,11.66
fold2_room1_mix1060,51,4,0,-162,-7,4.87
fold2_room1_mix1060,51,4,0,-20,-4,10.12
fold2_room1_mix1060,52,4,0,-162,-6,4.95
fold2_room1_mix1060,52,4,0,-20,-3,10.00
fold2_room1_mix1060,53,4,0,-161,-6,5.11
fold2_room1_mix1060,53,4,0,-20,-4,9.76
fold2_room1_mix1060,54,4,0,-158,-7,4.81
fold2_room1_mix1060,54,4,0,-22,-4,8.76
fold2_room1_mix1060,55,4,0,-161,-7,4.88
fold2_room1_mix1060,55,4,0,-22,-4,9.13
fold2_room1_mix1060,56,4,0,-159,-7,4.38
fold2_room1_mix1060,56,4,0,-23,-4,7.88
fold2_room1_mix1060,57,4,0,-160,-8,3.83
fold2_room1_mix1060,57,4,0,-26,-5,7.05
fold2_room1_mix1060,58,4,0,-159,-8,4.04
fold2_room1_mix1060,58,4,0,-26,-4,7.24
fold2_room1_mix1060,59,4,0,-156,-8,3.58
fold2_room1_mix1060,59,4,0,-28,-5,6.26
fold2_room1_mix1060,60,4,0,-154,-9,3.24
fold2_room1_mix1060,60,4,0,-29,-6,5.38
fold2_room1_mix1060,61,4,0,-156,-10,3.13
fold2_room1_mix1060,61,4,0,-29,-6,5.50
fold2_room1_mix1060,62,4,0,-153,-9,3.11
fold2_room1_mix1060,62,4,0,-32,-7,4.60
fold2_room1_mix1060,63,4,0,-150,-10,2.94
fold2_room1_mix1060,63,4,0,-36,-8,3.94
fold2_room1_mix1060,64,4,0,-148,-12,2.58
fold2_room1_mix1060,64,4,0,-40,-10,3.28
fold2_room1_mix1060,65,4,0,-147,-11,2.47
fold2_room1_mix1060,65,4,0,-47,-10,2.89
fold2_room1_mix1060,66,4,0,-145,-12,2.22
fold2_room1_mix1060,66,4,0,-61,-11,2.41
fold2_room1_mix1060,66,4,0,-45,-10,3.08
fold2_room1_mix1060,67,4,0,-146,-12,2.05
fold2_room1_mix1060,67,4,0,-69,-12,2.11
fold2_room1_mix1060,67,4,0,-52,-10,2.70
fold2_room1_mix1060,68,4,0,-142,-12,2.19
fold2_room1_mix1060,68,4,0,-94,-15,2.04
fold2_room1_mix1060,68,4,0,-68,-12,2.83
fold2_room1_mix1060,69,4,0,-147,-13,2.44
fold2_room1_mix1060,69,4,0,-111,-14,2.45
fold2_room1_mix1060,70,4,0,-145,-13,2.67
fold2_room1_mix1060,70,4,0,-118,-14,2.45
fold2_room1_mix1060,71,4,0,-125,-14,2.58
fold2_room1_mix1060,72,4,0,-130,-15,1.94
fold2_room1_mix1060,72,4,0,-114,-16,1.91
fold2_room1_mix1060,72,4,0,-95,-15,3.59
fold2_room1_mix1060,73,4,0,-128,-15,2.11
fold2_room1_mix1060,73,4,0,-101,-18,1.59
fold2_room1_mix1060,73,4,0,-83,-15,2.62
fold2_room1_mix1060,74,4,0,-133,-11,3.09
fold2_room1_mix1060,74,4,0,-89,-17,1.61
fold2_room1_mix1060,74,4,0,-62,-13,2.51
fold2_room1_mix1060,75,4,0,-150,-9,3.77
fold2_room1_mix1060,75,4,0,-59,-14,2.07
fold2_room1_mix1060,76,4,0,-150,-7,4.42
fold2_room1_mix1060,76,4,0,-53,-14,2.09
fold2_room1_mix1060,77,4,0,-155,-7,5.00
fold2_room1_mix1060,77,4,0,-47,-12,2.43
fold2_room1_mix1060,78,4,0,-158,-6,6.00
fold2_room1_mix1060,78,4,0,-41,-11,2.56
fold2_room1_mix1060,79,4,0,-161,-5,6.86
fold2_room1_mix1060,79,4,0,-38,-10,2.81
fold2_room1_mix1060,80,4,0,-160,-4,7.55
fold2_room1_mix1060,80,4,0,-31,-9,3.08
fold2_room1_mix1060,81,4,0,-164,-4,7.96
fold2_room1_mix1060,81,4,0,-28,-10,2.85
fold2_room1_mix1060,82,4,0,-164,-3,9.58
fold2_room1_mix1060,82,4,0,-25,-8,3.33
fold2_room1_mix1060,83,4,0,-162,-3,10.20
fold2_room1_mix1060,83,4,0,-24,-8,3.63
fold2_room1_mix1060,84,4,0,-163,-3,10.60
fold2_room1_mix1060,84,4,0,-23,-9,3.67
fold2_room1_mix1060,85,4,0,-164,-3,11.26
fold2_room1_mix1060,85,4,0,-20,-7,4.06
fold2_room1_mix1060,86,4,0,-165,-2,12.18
fold2_room1_mix1060,86,4,0,-20,-7,4.31
fold2_room1_mix1060,87,4,0,-164,-2,13.03
fold2_room1_mix1060,87,4,0,-19,-7,4.38
fold2_room1_mix1060,88,4,0,-168,-2,15.69
fold2_room1_mix1060,88,4,0,-18,-6,5.02
fold2_room1_mix1060,89,4,0,-167,-2,16.10
fold2_room1_mix1060,89,4,0,-17,-6,4.68
fold2_room1_mix1060,90,4,0,-167,-1,17.57
fold2_room1_mix1060,90,4,0,-15,-6,4.78
fold2_room1_mix1060,91,4,0,-168,-1,18.11
fold2_room1_mix1060,91,4,0,-15,-6,5.04
fold2_room1_mix1060,92,4,0,-169,-1,18.70
fold2_room1_mix1060,92,4,0,-15,-5,5.37
fold2_room1_mix1060,93,4,0,-169,-1,20.11
fold2_room1_mix1060,93,4,0,-13,-5,5.35
fold2_room1_mix1060,94,4,0,-169,-1,20.34
fold2_room1_mix1060,94,4,0,-14,-6,5.41
fold2_room1_mix1060,95,4,0,-169,-1,21.96
fold2_room1_mix1060,95,4,0,-13,-5,5.92
fold2_room1_mix1060,96,4,0,-170,-1,23.20
fold2_room1_mix1060,96,4,0,-13,-4,6.58
fold2_room1_mix1060,97,4,0,-170,-1,23.31
fold2_room1_mix1060,97,4,0,-13,-5,6.44
fold2_room1_mix1060,98,4,0,-170,-1,23.90
fold2_room1_mix1060,98,4,0,-12,-5,6.69
fold2_room1_mix1060,99,4,0,-170,-1,23.23
fold2_room1_mix1060,99,4,0,-11,-5,6.68
fold2_room1_mix1061,2,4,0,179,2,2.10
fold2_room1_mix1061,2,4,0,0,1,1.57
fold2_room1_mix1061,3,4,0,-177,1,4.38
fold2_room1_mix1061,3,4,0,-3,0,3.67
fold2_room1_mix1061,4,4,0,-176,0,17.90
fold2_room1_mix1061,4,4,0,-3,-1,13.45
fold2_room1_mix1061,5,4,0,-177,0,19.64
fold2_room1_mix1061,5,4,0,-1,-1,13.48
fold2_room1_mix1061,6,4,0,-176,0,22.94
fold2_room1_mix1061,6,4,0,0,-1,15.85
fold2_room1_mix1061,7,4,0,-177,0,40.50
fold2_room1_mix1061,7,4,0,-1,-2,25.51
fold2_room1_mix1061,9,4,0,-177,0,34.66
fold2_room1_mix1061,9,4,0,-4,-1,24.04
fold2_room1_mix1061,10,4,0,179,0,35.46
fold2_room1_mix1061,10,4,0,-4,-1,23.15
fold2_room1_mix1061,11,4,0,-178,0,37.77
fold2_room1_mix1061,11,4,0,-5,-1,24.61
fold2_room1_mix1061,12,4,0,-175,0,34.71
fold2_room1_mix1061,12,4,0,-2,-1,25.54
fold2_room1_mix1061,13,4,0,-178,0,35.21
fold2_room1_mix1061,13,4,0,-3,-1,23.01
fold2_room1_mix1061,14,4,0,-177,0,39.05
fold2_room1_mix1061,14,4,0,-4,-1,23.86
fold2_room1_mix1061,15,4,0,-174,0,33.49
fold2_room1_mix1061,15,4,0,-3,-1,24.28
fold2_room1_mix1061,16,4,0,-176,0,33.20
fold2_room1_mix1061,16,4,0,-5,-2,21.42
fold2_room1_mix1061,17,4,0,-177,0,35.70
fold2_room1_mix1061,17,4,0,-4,-1,24.09
fold2_room1_mix1061,18,4,0,179,0,31.31
fold2_room1_mix1061,18,4,0,-3,-1,21.35
fold2_room1_mix1061,20,4,0,-177,-1,31.39
fold2_room1_mix1061,20,4,0,-5,-1,21.57
fold2_room1_mix1061,22,4,0,-178,0,33.47
fold2_room1_mix1061,22,4,0,-7,-2,19.86
fold2_room1_mix1061,26,4,0,-175,-1,30.44
fold2_room1_mix1061,26,4,0,-5,-2,18.45
fold2_room1_mix1061,28,4,0,-173,-1,26.57
fold2_room1_mix1061,28,4,0,-3,-3,16.78
fold2_room1_mix1061,29,4,0,-177,0,28.59
fold2_room1_mix1061,29,4,0,-6,-2,16.09
fold2_room1_mix1061,30,4,0,-172,-2,24.37
fold2_room1_mix1061,30,4,0,-5,-2,16.33
fold2_room1_mix1061,32,4,0,-173,-1,24.86
fold2_room1_mix1061,32,4,0,-5,-3,13.93
fold2_room1_mix1061,33,4,0,-174,-1,26.40
fold2_room1_mix1061,33,4,0,-7,-3,13.99
fold2_room1_mix1061,34,4,0,-175,-1,27.47
fold2_room1_mix1061,34,4,0,-6,-3,13.06
fold2_room1_mix1061,35,4,0,-176,0,26.40
fold2_room1_mix1061,35,4,0,-7,-3,12.23
fold2_room1_mix1061,36,4,0,-176,-1,26.41
fold2_room1_mix1061,36,4,0,-7,-3,12.20
fold2_room1_mix1061,37,4,0,-174,-1,22.46
fold2_room1_mix1061,37,4,0,-9,-3,11.17
fold2_room1_mix1061,38,4,0,-174,-1,22.84
fold2_room1_mix1061,38,4,0,-7,-4,11.32
fold2_room1_mix1061,39,4,0,-174,-1,24.88
fold2_room1_mix1061,39,4,0,-11,-4,10.10
fold2_room1_mix1061,40,4,0,-176,-1,22.51
fold2_room1_mix1061,40,4,0,-11,-4,9.82
fold2_room1_mix1061,41,4,0,-173,-2,21.43
fold2_room1_mix1061,41,4,0,-12,-5,9.29
fold2_room1_mix1061,42,4,0,-172,-1,23.69
fold2_room1_mix1061,42,4,0,-12,-5,8.78
fold2_room1_mix1061,43,4,0,-171,-2,21.31
fold2_room1_mix1061,43,4,0,-13,-5,8.08
fold2_room1_mix1061,44,4,0,-171,-1,20.88
fold2_room1_mix1061,44,4,0,-13,-5,8.12
fold2_room1_mix1061,45,4,0,-172,-1,21.40
fold2_room1_mix1061,45,4,0,-15,-5,7.39
fold2_room1_mix1061,46,4,0,-169,-1,21.28
fold2_room1_mix1061,46,4,0,-14,-5,7.58
fold2_room1_mix1061,47,4,0,-169,-1,20.37
fold2_room1_mix1061,47,4,0,-16,-6,7.07
fold2_room1_mix1061,48,4,0,-169,-1,21.67
fold2_room1_mix1061,48,4,0,-17,-6,6.38
fold2_room1_mix1061,49,4,0,-166,-2,18.58
fold2_room1_mix1061,49,4,0,-16,-7,6.27
fold2_room1_mix1061,50,4,0,-171,-1,20.25
fold2_room1_mix1061,50,4,0,-18,-6,5.81
fold2_room1_mix1061,51,4,0,-169,-1,21.59
fold2_room1_mix1061,51,4,0,-19,-7,5.47
fold2_room1_mix1061,52,4,0,-173,-1,22.52
fold2_room1_mix1061,52,4,0,-22,-8,5.28
fold2_room1_mix1061,53,4,0,-172,-1,20.86
fold2_room1_mix1061,53,4,0,-21,-8,4.99
fold2_room1_mix1061,54,4,0,-171,-1,19.92
fold2_room1_mix1061,54,4,0,-26,-8,4.33
fold2_room1_mix1061,55,4,0,-171,-1,20.02
fold2_room1_mix1061,55,4,0,-25,-8,4.31
fold2_room1_mix1061,56,4,0,-174,-2,20.70
fold2_room1_mix1061,56,4,0,-30,-9,3.93
fold2_room1_mix1061,57,4,0,-172,-2,21.24
fold2_room1_mix1061,57,4,0,-32,-11,3.76
fold2_room1_mix1061,58,4,0,-169,-2,21.42
fold2_room1_mix1061,58,4,0,-34,-13,3.32
fold2_room1_mix1061,59,4,0,-170,-2,20.39
fold2_room1_mix1061,59,4,0,-39,-15,2.92
fold2_room1_mix1061,60,4,0,-169,-3,20.30
fold2_room1_mix1061,60,4,0,-44,-18,2.80
fold2_room1_mix1061,61,4,0,-166,-3,18.19
fold2_room1_mix1061,61,4,0,-54,-19,2.40
fold2_room1_mix1061,62,4,0,-161,-3,19.46
fold2_room1_mix1061,62,4,0,-72,-25,2.21
fold2_room1_mix1061,63,4,0,-158,-4,16.13
fold2_room1_mix1061,63,4,0,-88,-26,2.09
fold2_room1_mix1061,64,4,0,-159,-5,15.59
fold2_room1_mix1061,64,4,0,-104,-25,2.24
fold2_room1_mix1061,65,4,0,-159,-6,13.07
fold2_room1_mix1061,65,4,0,-118,-21,2.72
fold2_room1_mix1061,66,4,0,-157,-7,11.41
fold2_room1_mix1061,66,4,0,-123,-19,2.91
fold2_room1_mix1061,67,4,0,-158,-9,8.15
fold2_room1_mix1061,67,4,0,-135,-16,3.04
fold2_room1_mix1061,68,4,0,-147,-13,4.72
fold2_room1_mix1061,69,4,0,-149,-12,4.40
fold2_room1_mix1061,70,4,0,-158,-11,4.62
fold2_room1_mix1061,70,4,0,-133,-11,4.87
fold2_room1_mix1061,71,4,0,-151,-9,4.95
fold2_room1_mix1061,72,4,0,-158,-10,5.07
fold2_room1_mix1061,72,4,0,-137,-10,5.74
fold2_room1_mix1061,73,4,0,-159,-8,5.01
fold2_room1_mix1061,73,4,0,-133,-8,6.19
fold2_room1_mix1061,74,4,0,-166,-9,4.46
fold2_room1_mix1061,74,4,0,-122,-6,8.27
fold2_room1_mix1061,75,4,0,-165,-8,5.20
fold2_room1_mix1061,75,4,0,-104,-5,9.82
fold2_room1_mix1061,76,4,0,-164,-8,5.27
fold2_room1_mix1061,76,4,0,-112,-6,8.83
fold2_room1_mix1061,77,4,0,-165,-8,5.26
fold2_room1_mix1061,77,4,0,-103,-7,7.64
fold2_room1_mix1061,78,4,0,-162,-9,5.28
fold2_room1_mix1061,78,4,0,-111,-7,8.00
fold2_room1_mix1061,79,4,0,-164,-11,5.14
fold2_room1_mix1061,79,4,0,-102,-10,6.87
fold2_room1_mix1061,80,4,0,-162,-14,4.91
fold2_room1_mix1061,80,4,0,-70,-22,4.39
fold2_room1_mix1061,81,4,0,-163,-8,7.94
fold2_room1_mix1061,81,4,0,-45,-18,3.13
fold2_room1_mix1061,82,4,0,-157,-8,7.79
fold2_room1_mix1061,82,4,0,-36,-15,3.97
fold2_room1_mix1061,83,4,0,-160,-6,6.96
fold2_room1_mix1061,83,4,0,-30,-12,3.98
fold2_room1_mix1061,84,4,0,-161,-7,6.77
fold2_room1_mix1061,84,4,0,-28,-11,4.20
fold2_room1_mix1061,85,4,0,-164,-5,7.66
fold2_room1_mix1061,85,4,0,-120,-11,5.38
fold2_room1_mix1061,85,4,0,-27,-8,4.95
fold2_room1_mix1061,86,4,0,-164,-5,7.87
fold2_room1_mix1061,86,4,0,-72,-10,6.03
fold2_room1_mix1061,86,4,0,-25,-7,5.80
fold2_room1_mix1061,87,4,0,-168,-4,8.92
fold2_room1_mix1061,87,4,0,-79,-8,7.49
fold2_room1_mix1061,87,4,0,-20,-5,7.14
fold2_room1_mix1061,88,4,0,-169,-5,9.50
fold2_room1_mix1061,88,4,0,-58,-7,7.99
fold2_room1_mix1061,88,4,0,-19,-5,7.57
fold2_room1_mix1061,89,4,0,-169,-4,10.36
fold2_room1_mix1061,89,4,0,-38,-6,8.23
fold2_room1_mix1061,89,4,0,-20,-4,8.59
fold2_room1_mix1061,90,4,0,-172,-5,10.52
fold2_room1_mix1061,90,4,0,-114,-8,9.55
fold2_room1_mix1061,90,4,0,-17,-4,9.90
fold2_room1_mix1061,91,4,0,-171,-4,11.92
fold2_room1_mix1061,91,4,0,-70,-9,8.99
fold2_room1_mix1061,91,4,0,-18,-4,9.66
fold2_room1_mix1061,92,4,0,-170,-4,11.84
fold2_room1_mix1061,92,4,0,-115,-7,10.08
fold2_room1_mix1061,92,4,0,-14,-4,10.90
fold2_room1_mix1061,93,4,0,-172,-3,11.75
fold2_room1_mix1061,93,4,0,-149,-6,9.54
fold2_room1_mix1061,93,4,0,-16,-3,12.12
fold2_room1_mix1061,94,4,0,-167,-4,11.19
fold2_room1_mix1061,94,4,0,-17,-3,13.56
fold2_room1_mix1061,95,4,0,-168,-3,12.49
fold2_room1_mix1061,95,4,0,-19,-2,14.59
fold2_room1_mix1061,96,4,0,-167,-4,11.77
fold2_room1_mix1061,96,4,0,-20,-2,15.30
fold2_room1_mix1061,97,4,0,-168,-3,13.78
fold2_room1_mix1061,97,4,0,-15,-2,16.61
fold2_room1_mix1061,98,4,0,-171,-3,14.85
fold2_room1_mix1061,98,4,0,-148,-4,14.02
fold2_room1_mix1061,98,4,0,-13,-2,18.58
fold2_room1_mix1061,99,4,0,-167,-3,13.96
fold2_room1_mix1061,99,4,0,-12,-1,19.46
fold2_room1_mix1061,8,4,0,-3,-1,25.32
fold2_room1_mix1061,19,4,0,-4,-1,21.91
fold2_room1_mix1061,21,4,0,-3,-1,21.57
fold2_room1_mix1061,23,4,0,-5,-2,19.39
fold2_room1_mix1061,24,4,0,-8,-2,19.11
fold2_room1_mix1061,25,4,0,-8,-2,18.82
fold2_room1_mix1061,27,4,0,-6,-2,18.03
fold2_room1_mix1061,31,4,0,-5,-3,14.76
fold2_room1_mix1062,10,2,0,94,-4,6.91
fold2_room1_mix1062,11,2,0,95,-4,10.33
fold2_room1_mix1062,12,2,0,91,-5,9.48
fold2_room1_mix1062,13,2,0,91,-4,10.59
fold2_room1_mix1062,14,2,0,93,-4,11.44
fold2_room1_mix1062,19,2,0,83,-5,3.23
fold2_room1_mix1062,20,2,0,95,-3,11.03
fold2_room1_mix1062,21,2,0,92,-3,11.47
fold2_room1_mix1062,22,2,0,91,-4,11.69
fold2_room1_mix1062,23,2,0,93,-4,11.52
fold2_room1_mix1062,24,2,0,91,-4,12.04
fold2_room1_mix1062,29,2,0,90,-4,8.79
fold2_room1_mix1062,30,2,0,94,-3,11.21
fold2_room1_mix1062,31,2,0,93,-3,11.61
fold2_room1_mix1062,32,2,0,92,-4,11.94
fold2_room1_mix1062,33,2,0,95,-4,11.86
fold2_room1_mix1062,34,2,0,93,-3,11.71
fold2_room1_mix1062,36,3,0,20,-3,9.57
fold2_room1_mix1062,37,3,0,38,-2,12.49
fold2_room1_mix1062,38,3,0,45,-2,11.36
fold2_room1_mix1062,39,2,0,94,-3,9.21
fold2_room1_mix1062,39,3,0,38,-2,10.43
fold2_room1_mix1062,40,2,0,94,-3,11.01
fold2_room1_mix1062,40,3,0,45,-2,10.85
fold2_room1_mix1062,41,2,0,93,-4,11.77
fold2_room1_mix1062,41,3,0,45,-2,10.65
fold2_room1_mix1062,42,2,0,92,-3,12.64
fold2_room1_mix1062,42,3,0,46,-2,10.40
fold2_room1_mix1062,43,2,0,94,-3,12.83
fold2_room1_mix1062,43,3,0,39,-2,9.03
fold2_room1_mix1062,44,3,0,40,-3,4.88
fold2_room1_mix1062,48,3,0,62,-3,9.19
fold2_room1_mix1062,49,2,0,94,-3,10.47
fold2_room1_mix1062,49,3,0,72,-3,10.97
fold2_room1_mix1062,50,2,0,93,-3,12.21
fold2_room1_mix1062,50,3,0,85,-4,10.25
fold2_room1_mix1062,51,2,0,93,-3,12.74
fold2_room1_mix1062,51,3,0,85,-4,8.30
fold2_room1_mix1062,52,2,0,93,-3,13.78
fold2_room1_mix1062,52,3,0,95,-4,8.14
fold2_room1_mix1062,53,2,0,94,-3,14.53
fold2_room1_mix1062,53,3,0,106,-5,8.42
fold2_room1_mix1062,54,3,0,110,-5,7.79
fold2_room1_mix1062,55,3,0,125,-4,7.38
fold2_room1_mix1062,56,3,0,130,-4,7.22
fold2_room1_mix1062,60,3,0,141,-4,7.30
fold2_room1_mix1063,4,4,0,160,0,17.49
fold2_room1_mix1063,5,4,0,163,0,17.78
fold2_room1_mix1063,6,1,0,-166,-2,35.74
fold2_room1_mix1063,6,4,0,153,0,12.17
fold2_room1_mix1063,7,1,0,-167,-2,42.35
fold2_room1_mix1063,7,4,0,153,0,19.45
fold2_room1_mix1063,8,1,0,-167,-2,44.87
fold2_room1_mix1063,8,4,0,155,0,19.60
fold2_room1_mix1063,9,1,0,-164,-2,36.76
fold2_room1_mix1063,9,4,0,154,0,24.73
fold2_room1_mix1063,10,1,0,-158,-2,33.31
fold2_room1_mix1063,10,4,0,159,0,27.66
fold2_room1_mix1063,11,1,0,-158,-2,42.55
fold2_room1_mix1063,11,4,0,159,0,26.11
fold2_room1_mix1063,12,1,0,-163,-2,42.99
fold2_room1_mix1063,12,4,0,146,0,19.50
fold2_room1_mix1063,13,1,0,-161,-1,42.15
fold2_room1_mix1063,13,4,0,163,0,27.02
fold2_room1_mix1063,14,1,0,-163,-1,4.31
fold2_room1_mix1063,14,4,0,152,-1,25.96
fold2_room1_mix1063,15,1,0,-160,-2,37.85
fold2_room1_mix1063,15,4,0,151,0,26.43
fold2_room1_mix1063,16,1,0,-163,-2,35.24
fold2_room1_mix1063,16,4,0,166,0,22.60
fold2_room1_mix1063,17,1,0,-156,-2,40.55
fold2_room1_mix1063,17,4,0,159,-1,27.86
fold2_room1_mix1063,18,1,0,-158,-2,20.09
fold2_room1_mix1063,18,4,0,157,0,28.32
fold2_room1_mix1063,19,1,0,-157,-2,27.54
fold2_room1_mix1063,19,4,0,158,0,24.05
fold2_room1_mix1063,20,1,0,-154,-2,33.67
fold2_room1_mix1063,20,4,0,157,-1,28.77
fold2_room1_mix1063,21,1,0,-155,-2,40.06
fold2_room1_mix1063,21,4,0,150,-1,24.49
fold2_room1_mix1063,22,1,0,-159,-2,29.88
fold2_room1_mix1063,22,4,0,167,-1,17.38
fold2_room1_mix1063,23,4,0,149,-2,23.75
fold2_room1_mix1063,24,1,0,-154,-2,21.40
fold2_room1_mix1063,24,4,0,156,-1,16.84
fold2_room1_mix1063,25,1,0,-154,-3,28.62
fold2_room1_mix1063,25,4,0,156,-1,19.15
fold2_room1_mix1063,26,1,0,-146,-2,30.09
fold2_room1_mix1063,26,4,0,147,-2,22.36
fold2_room1_mix1063,27,1,0,-149,-2,6.69
fold2_room1_mix1063,27,4,0,149,0,16.77
fold2_room1_mix1063,28,1,0,-148,-3,20.31
fold2_room1_mix1063,28,4,0,155,0,29.51
fold2_room1_mix1063,29,1,0,-142,-2,22.75
fold2_room1_mix1063,29,4,0,153,-1,26.36
fold2_room1_mix1063,30,1,0,-141,-2,19.17
fold2_room1_mix1063,30,4,0,148,-1,26.21
fold2_room1_mix1063,31,1,0,-144,-2,22.12
fold2_room1_mix1063,31,4,0,147,-1,25.97
fold2_room1_mix1063,32,4,0,143,-1,22.87
fold2_room1_mix1063,33,1,0,-136,-3,13.61
fold2_room1_mix1063,33,4,0,143,-1,24.62
fold2_room1_mix1063,34,1,0,-129,-3,16.22
fold2_room1_mix1063,34,4,0,151,-1,25.84
fold2_room1_mix1063,35,1,0,-126,-3,14.51
fold2_room1_mix1063,35,4,0,147,-2,20.80
fold2_room1_mix1063,36,1,0,-132,-3,7.19
fold2_room1_mix1063,36,4,0,149,0,23.47
fold2_room1_mix1063,37,1,0,-122,-3,12.14
fold2_room1_mix1063,37,4,0,144,-1,26.00
fold2_room1_mix1063,38,1,0,-106,-3,7.54
fold2_room1_mix1063,38,4,0,136,-2,18.93
fold2_room1_mix1063,39,1,0,-98,-5,9.33
fold2_room1_mix1063,39,4,0,137,-2,19.93
fold2_room1_mix1063,40,1,0,-95,-4,7.95
fold2_room1_mix1063,40,4,0,137,-1,18.83
fold2_room1_mix1063,41,1,0,-104,-3,2.92
fold2_room1_mix1063,41,4,0,129,-1,17.85
fold2_room1_mix1063,42,0,0,12,0,2.04
fold2_room1_mix1063,42,1,0,-72,-4,7.77
fold2_room1_mix1063,42,4,0,145,0,23.09
fold2_room1_mix1063,43,1,0,-66,-4,8.83
fold2_room1_mix1063,43,4,0,160,0,19.67
fold2_room1_mix1063,43,4,0,121,-1,16.80
fold2_room1_mix1063,44,0,0,42,0,2.85
fold2_room1_mix1063,44,1,0,-61,-4,9.38
fold2_room1_mix1063,44,4,0,131,-1,19.69
fold2_room1_mix1063,45,1,0,-45,-3,10.82
fold2_room1_mix1063,45,4,0,149,0,24.33
fold2_room1_mix1063,45,4,0,125,-3,15.58
fold2_room1_mix1063,46,0,0,21,0,8.39
fold2_room1_mix1063,46,4,0,142,-1,18.21
fold2_room1_mix1063,46,4,0,108,-2,17.45
fold2_room1_mix1063,47,0,0,15,0,4.01
fold2_room1_mix1063,47,1,0,-41,-3,10.61
fold2_room1_mix1063,47,4,0,136,0,17.68
fold2_room1_mix1063,48,1,0,-36,-3,14.17
fold2_room1_mix1063,48,4,0,137,-1,16.64
fold2_room1_mix1063,49,0,0,19,0,25.51
fold2_room1_mix1063,49,1,0,-41,-3,12.18
fold2_room1_mix1063,49,4,0,141,-2,17.44
fold2_room1_mix1063,50,0,0,31,0,3.93
fold2_room1_mix1063,50,1,0,-34,-2,8.18
fold2_room1_mix1063,50,4,0,147,0,16.54
fold2_room1_mix1063,50,4,0,126,0,13.54
fold2_room1_mix1063,51,0,0,45,-1,8.26
fold2_room1_mix1063,51,4,0,133,-1,16.60
fold2_room1_mix1063,52,0,0,43,-1,17.61
fold2_room1_mix1063,52,4,0,146,2,22.61
fold2_room1_mix1063,52,4,0,119,0,15.11
fold2_room1_mix1063,52,4,0,102,1,16.82
fold2_room1_mix1063,53,0,0,43,-1,16.83
fold2_room1_mix1063,53,4,0,128,0,17.31
fold2_room1_mix1063,53,4,0,83,0,18.75
fold2_room1_mix1063,54,0,0,52,-1,18.47
fold2_room1_mix1063,54,4,0,136,0,16.85
fold2_room1_mix1063,55,0,0,52,-1,18.97
fold2_room1_mix1063,55,4,0,129,0,17.17
fold2_room1_mix1063,56,0,0,59,-1,15.98
fold2_room1_mix1063,56,4,0,129,-2,15.96
fold2_room1_mix1063,57,0,0,69,-2,20.02
fold2_room1_mix1063,57,4,0,121,-1,15.40
fold2_room1_mix1063,58,0,0,78,-2,18.11
fold2_room1_mix1063,58,4,0,121,-1,14.44
fold2_room1_mix1063,59,0,0,80,-2,18.33
fold2_room1_mix1063,59,4,0,124,-1,14.78
fold2_room1_mix1063,60,0,0,89,-2,17.40
fold2_room1_mix1063,60,4,0,121,-1,15.32
fold2_room1_mix1063,61,0,0,94,-2,16.62
fold2_room1_mix1063,61,4,0,121,-1,13.90
fold2_room1_mix1063,62,0,0,99,-2,16.69
fold2_room1_mix1063,62,4,0,123,-1,14.95
fold2_room1_mix1063,63,0,0,105,-2,16.83
fold2_room1_mix1063,63,4,0,115,-2,13.26
fold2_room1_mix1063,64,0,0,106,-2,17.98
fold2_room1_mix1063,64,4,0,118,-2,13.62
fold2_room1_mix1063,65,0,0,111,-2,16.92
fold2_room1_mix1063,65,4,0,115,-2,13.32
fold2_room1_mix1063,66,0,0,106,-1,6.21
fold2_room1_mix1063,66,4,0,117,-3,13.96
fold2_room1_mix1063,67,0,0,106,-1,3.91
fold2_room1_mix1063,67,4,0,117,-3,13.88
fold2_room1_mix1063,68,4,0,114,-2,14.08
fold2_room1_mix1063,69,4,0,114,-3,13.73
fold2_room1_mix1063,70,4,0,114,-3,13.71
fold2_room1_mix1063,71,4,0,113,-3,13.78
fold2_room1_mix1063,72,4,0,110,-3,13.42
fold2_room1_mix1063,73,4,0,108,-3,13.30
fold2_room1_mix1063,74,4,0,107,-3,12.79
fold2_room1_mix1063,75,4,0,104,-4,12.99
fold2_room1_mix1063,76,4,0,102,-3,12.89
fold2_room1_mix1063,77,4,0,100,-3,12.66
fold2_room1_mix1063,78,4,0,97,-4,12.82
fold2_room1_mix1063,79,4,0,98,-4,12.82
fold2_room1_mix1063,80,4,0,94,-4,12.86
fold2_room1_mix1063,81,4,0,91,-3,13.06
fold2_room1_mix1063,82,4,0,90,-4,12.95
fold2_room1_mix1063,83,4,0,88,-3,12.64
fold2_room1_mix1063,84,4,0,87,-3,13.05
fold2_room1_mix1063,85,4,0,85,-4,12.99
fold2_room1_mix1063,86,4,0,84,-4,12.77
fold2_room1_mix1063,87,4,0,83,-3,13.22
fold2_room1_mix1063,88,4,0,81,-4,13.35
fold2_room1_mix1063,89,4,0,79,-3,13.25
fold2_room1_mix1063,90,4,0,78,-3,13.43
fold2_room1_mix1063,91,4,0,77,-4,13.62
fold2_room1_mix1063,92,4,0,75,-3,13.89
fold2_room1_mix1063,93,4,0,74,-3,13.78
fold2_room1_mix1063,94,4,0,73,-3,14.17
fold2_room1_mix1063,95,4,0,70,-3,14.36
fold2_room1_mix1063,96,4,0,68,-3,14.44
fold2_room1_mix1063,97,4,0,66,-3,15.90
fold2_room1_mix1063,98,4,0,63,-3,15.63
fold2_room1_mix1063,99,4,0,63,-3,15.25
fold2_room1_mix1064,3,4,0,-1,1,3.34
fold2_room1_mix1064,4,4,0,0,0,12.86
fold2_room1_mix1064,5,4,0,1,0,18.00
fold2_room1_mix1064,6,4,0,2,0,20.55
fold2_room1_mix1064,7,4,0,3,0,27.10
fold2_room1_mix1064,8,4,0,3,-1,37.01
fold2_room1_mix1064,9,4,0,2,-1,35.64
fold2_room1_mix1064,10,4,0,3,-1,36.82
fold2_room1_mix1064,11,4,0,4,-1,37.36
fold2_room1_mix1064,12,4,0,4,-1,37.97
fold2_room1_mix1064,13,4,0,4,-1,38.46
fold2_room1_mix1064,14,4,0,4,-1,40.14
fold2_room1_mix1064,15,4,0,4,-1,38.29
fold2_room1_mix1064,16,4,0,3,-1,37.59
fold2_room1_mix1064,17,4,0,4,0,38.20
fold2_room1_mix1064,18,4,0,3,-1,38.20
fold2_room1_mix1064,19,4,0,4,-1,36.22
fold2_room1_mix1064,20,4,0,3,0,37.13
fold2_room1_mix1064,21,4,0,3,0,35.62
fold2_room1_mix1064,22,4,0,3,-1,33.97
fold2_room1_mix1064,23,4,0,4,-1,32.12
fold2_room1_mix1064,24,4,0,3,-1,34.43
fold2_room1_mix1064,25,4,0,3,-1,33.29
fold2_room1_mix1064,26,4,0,3,-1,33.17
fold2_room1_mix1064,27,4,0,5,-1,34.96
fold2_room1_mix1064,28,4,0,3,-1,33.18
fold2_room1_mix1064,29,4,0,3,-1,31.47
fold2_room1_mix1064,30,4,0,4,-1,33.42
fold2_room1_mix1064,31,4,0,4,-1,31.96
fold2_room1_mix1064,32,4,0,3,-1,32.25
fold2_room1_mix1064,33,4,0,3,-1,32.42
fold2_room1_mix1064,34,4,0,4,-1,30.86
fold2_room1_mix1064,35,4,0,4,-1,29.93
fold2_room1_mix1064,36,4,0,3,-1,29.76
fold2_room1_mix1064,37,4,0,4,-1,28.36
fold2_room1_mix1064,38,4,0,3,-1,26.11
fold2_room1_mix1064,39,4,0,4,-1,25.36
fold2_room1_mix1064,40,4,0,4,-1,25.64
fold2_room1_mix1064,41,4,0,4,-1,24.24
fold2_room1_mix1064,42,4,0,4,-1,22.72
fold2_room1_mix1064,43,4,0,5,-1,23.13
fold2_room1_mix1064,44,4,0,5,-1,21.45
fold2_room1_mix1064,45,4,0,5,-1,20.74
fold2_room1_mix1064,46,4,0,5,-1,21.32
fold2_room1_mix1064,47,4,0,5,-1,18.80
fold2_room1_mix1064,48,4,0,6,-2,17.82
fold2_room1_mix1064,49,4,0,7,-1,17.00
fold2_room1_mix1064,50,4,0,6,-2,16.94
fold2_room1_mix1064,51,2,0,104,-5,8.06
fold2_room1_mix1064,51,4,0,8,-2,16.22
fold2_room1_mix1064,52,2,0,101,-6,6.59
fold2_room1_mix1064,52,4,0,7,-2,15.68
fold2_room1_mix1064,53,2,0,94,-6,7.42
fold2_room1_mix1064,53,4,0,8,-2,15.19
fold2_room1_mix1064,54,2,0,85,-4,4.24
fold2_room1_mix1064,54,4,0,9,-2,14.55
fold2_room1_mix1064,55,4,0,10,-3,13.11
fold2_room1_mix1064,56,4,0,11,-3,12.16
fold2_room1_mix1064,57,4,0,12,-3,11.54
fold2_room1_mix1064,58,2,0,103,-4,8.90
fold2_room1_mix1064,58,4,0,15,-3,10.50
fold2_room1_mix1064,59,2,0,107,-4,8.38
fold2_room1_mix1064,59,4,0,14,-4,9.29
fold2_room1_mix1064,60,2,0,104,-4,8.72
fold2_room1_mix1064,60,4,0,17,-4,7.88
fold2_room1_mix1064,61,2,0,107,-4,9.42
fold2_room1_mix1064,61,4,0,18,-5,6.91
fold2_room1_mix1064,62,2,0,108,-4,8.80
fold2_room1_mix1064,62,4,0,20,-5,6.25
fold2_room1_mix1064,63,2,0,114,-5,8.35
fold2_room1_mix1064,63,4,0,36,-7,4.44
fold2_room1_mix1064,63,4,0,16,-5,5.73
fold2_room1_mix1064,64,4,0,44,-9,3.52
fold2_room1_mix1064,64,4,0,12,-6,5.44
fold2_room1_mix1064,65,4,0,64,-10,3.78
fold2_room1_mix1064,65,4,0,21,-9,4.02
fold2_room1_mix1064,66,4,0,74,-13,2.65
fold2_room1_mix1064,66,4,0,17,-8,5.56
fold2_room1_mix1064,67,4,0,101,-11,2.48
fold2_room1_mix1064,67,4,0,23,-5,5.94
fold2_room1_mix1064,68,2,0,117,-3,10.08
fold2_room1_mix1064,68,4,0,111,-10,3.01
fold2_room1_mix1064,68,4,0,26,-8,4.35
fold2_room1_mix1064,69,2,0,117,-4,8.94
fold2_room1_mix1064,69,4,0,131,-10,2.93
fold2_room1_mix1064,69,4,0,10,-6,5.91
fold2_room1_mix1064,70,2,0,113,-5,8.28
fold2_room1_mix1064,70,4,0,143,-8,3.86
fold2_room1_mix1064,70,4,0,-2,-6,6.11
fold2_room1_mix1064,71,2,0,105,-4,7.22
fold2_room1_mix1064,71,4,0,147,-6,4.68
fold2_room1_mix1064,71,4,0,5,-13,4.90
fold2_room1_mix1064,72,2,0,80,-5,7.61
fold2_room1_mix1064,72,4,0,150,-6,5.43
fold2_room1_mix1064,72,4,0,-5,-8,6.09
fold2_room1_mix1064,73,2,0,93,-4,2.16
fold2_room1_mix1064,73,4,0,152,-5,6.13
fold2_room1_mix1064,73,4,0,-9,-8,5.57
fold2_room1_mix1064,74,4,0,156,-6,6.02
fold2_room1_mix1064,74,4,0,-18,-5,7.41
fold2_room1_mix1064,75,4,0,159,-4,6.74
fold2_room1_mix1064,75,4,0,175,-5,7.22
fold2_room1_mix1064,75,4,0,-20,-6,6.18
fold2_room1_mix1064,76,4,0,160,-3,7.70
fold2_room1_mix1064,76,4,0,-21,-6,6.96
fold2_room1_mix1064,77,4,0,165,-4,7.59
fold2_room1_mix1064,77,4,0,-23,-6,6.22
fold2_room1_mix1064,78,2,0,107,-5,6.22
fold2_room1_mix1064,78,4,0,162,-3,8.83
fold2_room1_mix1064,78,4,0,-24,-8,4.98
fold2_room1_mix1064,79,2,0,101,-5,8.94
fold2_room1_mix1064,79,4,0,162,-3,9.31
fold2_room1_mix1064,79,4,0,-24,-8,5.30
fold2_room1_mix1064,80,2,0,65,-5,8.00
fold2_room1_mix1064,80,4,0,162,-3,9.36
fold2_room1_mix1064,80,4,0,-26,-9,4.35
fold2_room1_mix1064,81,2,0,81,-7,4.98
fold2_room1_mix1064,81,4,0,161,-2,10.50
fold2_room1_mix1064,81,4,0,-26,-9,3.76
fold2_room1_mix1064,82,2,0,78,-8,4.50
fold2_room1_mix1064,82,4,0,160,-3,10.53
fold2_room1_mix1064,82,4,0,-26,-11,3.19
fold2_room1_mix1064,83,4,0,162,-2,11.53
fold2_room1_mix1064,83,4,0,-33,-11,2.96
fold2_room1_mix1064,84,4,0,161,-1,13.91
fold2_room1_mix1064,84,4,0,-41,-16,2.36
fold2_room1_mix1064,85,4,0,162,-1,14.99
fold2_room1_mix1064,85,4,0,-56,-21,1.89
fold2_room1_mix1064,86,4,0,166,-1,16.05
fold2_room1_mix1064,86,4,0,-73,-26,1.68
fold2_room1_mix1064,87,4,0,165,0,15.46
fold2_room1_mix1064,87,4,0,-90,-25,1.59
fold2_room1_mix1064,88,4,0,167,0,16.34
fold2_room1_mix1064,88,4,0,-116,-25,1.30
fold2_room1_mix1064,89,4,0,171,0,17.19
fold2_room1_mix1064,89,4,0,-133,-19,1.86
fold2_room1_mix1064,90,4,0,170,-1,16.78
fold2_room1_mix1064,90,4,0,-148,-14,2.39
fold2_room1_mix1064,91,4,0,170,0,18.58
fold2_room1_mix1064,91,4,0,-155,-12,2.74
fold2_room1_mix1064,92,4,0,171,0,19.27
fold2_room1_mix1064,92,4,0,-155,-11,3.17
fold2_room1_mix1064,93,4,0,171,0,19.95
fold2_room1_mix1064,93,4,0,-158,-10,3.41
fold2_room1_mix1064,94,4,0,169,0,21.93
fold2_room1_mix1064,94,4,0,-160,-9,3.88
fold2_room1_mix1064,95,4,0,171,0,23.49
fold2_room1_mix1064,95,4,0,-161,-9,4.05
fold2_room1_mix1064,96,4,0,170,0,23.90
fold2_room1_mix1064,96,4,0,-164,-8,4.50
fold2_room1_mix1064,97,4,0,171,0,24.94
fold2_room1_mix1064,97,4,0,-164,-7,5.44
fold2_room1_mix1064,98,4,0,171,0,24.66
fold2_room1_mix1064,98,4,0,-164,-7,5.59
fold2_room1_mix1064,99,4,0,171,0,24.48
fold2_room1_mix1064,99,4,0,-167,-7,5.60
fold2_room1_mix1064,1,4,0,-3,-1,2.01
fold2_room1_mix1064,2,4,0,-2,0,1.36
fold2_room1_mix1065,4,4,0,-13,0,2.98
fold2_room1_mix1065,5,4,0,-13,0,12.17
fold2_room1_mix1065,6,4,0,-13,0,18.47
fold2_room1_mix1065,7,4,0,-11,0,18.42
fold2_room1_mix1065,8,4,0,-12,0,28.08
fold2_room1_mix1065,9,4,0,-13,0,33.01
fold2_room1_mix1065,10,4,0,-12,0,34.42
fold2_room1_mix1065,11,4,0,-15,0,34.10
fold2_room1_mix1065,12,4,0,-10,0,35.20
fold2_room1_mix1065,13,4,0,-14,0,32.58
fold2_room1_mix1065,14,4,0,-13,0,37.25
fold2_room1_mix1065,15,4,0,-13,0,34.57
fold2_room1_mix1065,16,4,0,-13,-1,30.50
fold2_room1_mix1065,17,4,0,-13,0,29.97
fold2_room1_mix1065,18,4,0,-14,0,32.63
fold2_room1_mix1065,19,4,0,-14,0,29.83
fold2_room1_mix1065,20,4,0,-10,-1,29.30
fold2_room1_mix1065,21,4,0,-13,0,30.70
fold2_room1_mix1065,22,4,0,-14,0,29.60
fold2_room1_mix1065,23,4,0,-11,-1,25.89
fold2_room1_mix1065,24,4,0,-14,-1,27.38
fold2_room1_mix1065,25,4,0,-16,-1,26.76
fold2_room1_mix1065,26,4,0,-15,-1,25.65
fold2_room1_mix1065,27,4,0,-14,-1,27.05
fold2_room1_mix1065,28,4,0,-14,-1,27.46
fold2_room1_mix1065,29,4,0,-17,-1,26.95
fold2_room1_mix1065,30,4,0,-18,-1,27.07
fold2_room1_mix1065,31,4,0,-19,-1,27.34
fold2_room1_mix1065,32,4,0,-19,-1,27.51
fold2_room1_mix1065,33,4,0,-21,-1,26.92
fold2_room1_mix1065,34,4,0,-18,-1,26.96
fold2_room1_mix1065,35,4,0,-23,-1,24.94
fold2_room1_mix1065,36,4,0,-23,-1,24.64
fold2_room1_mix1065,37,4,0,-23,-1,26.56
fold2_room1_mix1065,38,4,0,-23,-1,25.24
fold2_room1_mix1065,39,4,0,-21,-1,25.44
fold2_room1_mix1065,40,4,0,-24,-1,24.94
fold2_room1_mix1065,41,4,0,-22,-1,22.58
fold2_room1_mix1065,42,4,0,-24,-1,22.95
fold2_room1_mix1065,43,4,0,-25,-1,23.12
fold2_room1_mix1065,44,4,0,-23,-2,20.55
fold2_room1_mix1065,45,4,0,-25,-2,19.10
fold2_room1_mix1065,46,4,0,-28,-1,19.42
fold2_room1_mix1065,47,4,0,-39,-1,16.74
fold2_room1_mix1065,47,4,0,-19,-1,19.21
fold2_room1_mix1065,48,4,0,-40,-1,15.85
fold2_room1_mix1065,48,4,0,-20,-1,17.14
fold2_room1_mix1065,49,4,0,-42,-1,15.79
fold2_room1_mix1065,49,4,0,-18,-1,17.72
fold2_room1_mix1065,50,4,0,-40,-1,15.88
fold2_room1_mix1065,50,4,0,-19,-1,16.66
fold2_room1_mix1065,51,4,0,-47,-1,13.97
fold2_room1_mix1065,51,4,0,-19,-1,15.86
fold2_room1_mix1065,52,4,0,-48,-2,12.55
fold2_room1_mix1065,52,4,0,-22,-1,14.24
fold2_room1_mix1065,53,4,0,-47,-2,12.44
fold2_room1_mix1065,53,4,0,-23,-2,13.98
fold2_room1_mix1065,54,4,0,-45,-1,12.35
fold2_room1_mix1065,54,4,0,-26,-2,12.12
fold2_room1_mix1065,55,4,0,-48,-3,9.59
fold2_room1_mix1065,55,4,0,-22,-2,13.42
fold2_room1_mix1065,56,4,0,-47,-2,10.96
fold2_room1_mix1065,56,4,0,-28,-2,11.72
fold2_room1_mix1065,57,4,0,-51,-3,9.67
fold2_room1_mix1065,57,4,0,-30,-3,10.62
fold2_room1_mix1065,58,4,0,-38,-4,8.65
fold2_room1_mix1065,59,4,0,-43,-3,8.96
fold2_room1_mix1065,60,4,0,-48,-4,7.85
fold2_room1_mix1065,61,4,0,-55,-5,7.24
fold2_room1_mix1065,62,4,0,-62,-6,6.62
fold2_room1_mix1065,63,4,0,-75,-8,5.29
fold2_room1_mix1065,63,4,0,-55,-5,9.89
fold2_room1_mix1065,64,4,0,-85,-9,5.23
fold2_room1_mix1065,64,4,0,-62,-6,9.86
fold2_room1_mix1065,65,4,0,-96,-9,5.20
fold2_room1_mix1065,65,4,0,-69,-4,11.10
fold2_room1_mix1065,66,4,0,-123,-9,4.30
fold2_room1_mix1065,66,4,0,-105,-9,4.67
fold2_room1_mix1065,66,4,0,-77,-4,11.45
fold2_room1_mix1065,67,4,0,-134,-8,4.46
fold2_room1_mix1065,67,4,0,-103,-7,6.03
fold2_room1_mix1065,67,4,0,-72,-1,16.02
fold2_room1_mix1065,68,4,0,-134,-8,4.32
fold2_room1_mix1065,68,4,0,-118,-7,5.64
fold2_room1_mix1065,68,4,0,-91,-2,13.92
fold2_room1_mix1065,69,4,0,-142,-6,4.97
fold2_room1_mix1065,69,4,0,-112,-6,6.89
fold2_room1_mix1065,69,4,0,-75,-1,16.52
fold2_room1_mix1065,70,4,0,-137,-6,6.00
fold2_room1_mix1065,70,4,0,-89,-1,16.14
fold2_room1_mix1065,71,4,0,-143,-5,6.48
fold2_room1_mix1065,71,4,0,-79,0,16.31
fold2_room1_mix1065,72,4,0,-147,-5,6.76
fold2_room1_mix1065,72,4,0,-89,0,16.24
fold2_room1_mix1065,73,4,0,-154,-6,6.86
fold2_room1_mix1065,73,4,0,-90,0,16.33
fold2_room1_mix1065,74,4,0,-158,-5,7.26
fold2_room1_mix1065,74,4,0,-88,0,17.26
fold2_room1_mix1065,75,4,0,-164,-5,8.04
fold2_room1_mix1065,75,4,0,-98,0,16.62
fold2_room1_mix1065,76,4,0,-166,-4,8.82
fold2_room1_mix1065,76,4,0,-98,0,17.64
fold2_room1_mix1065,77,4,0,-167,-5,8.95
fold2_room1_mix1065,77,4,0,-103,0,16.83
fold2_room1_mix1065,78,4,0,-170,-4,10.06
fold2_room1_mix1065,78,4,0,-105,0,17.44
fold2_room1_mix1065,79,4,0,-170,-4,10.02
fold2_room1_mix1065,79,4,0,-102,0,17.30
fold2_room1_mix1065,80,4,0,-170,-4,10.16
fold2_room1_mix1065,80,4,0,-104,0,18.06
fold2_room1_mix1065,81,4,0,-168,-4,10.70
fold2_room1_mix1065,81,4,0,-111,0,17.29
fold2_room1_mix1065,82,4,0,-168,-3,10.89
fold2_room1_mix1065,82,4,0,-112,0,17.57
fold2_room1_mix1065,83,4,0,-166,-3,12.03
fold2_room1_mix1065,83,4,0,-115,0,17.72
fold2_room1_mix1065,84,4,0,-166,-3,13.33
fold2_room1_mix1065,84,4,0,-120,-1,17.18
fold2_room1_mix1065,85,4,0,-164,-2,14.41
fold2_room1_mix1065,85,4,0,-121,-1,16.33
fold2_room1_mix1065,86,4,0,-161,-2,15.56
fold2_room1_mix1065,86,4,0,-127,-1,16.83
fold2_room1_mix1065,87,4,0,-165,-2,15.87
fold2_room1_mix1065,87,4,0,-127,-1,16.51
fold2_room1_mix1065,88,4,0,-160,-1,18.02
fold2_room1_mix1065,88,4,0,-130,-2,17.44
fold2_room1_mix1065,89,4,0,-161,-2,18.43
fold2_room1_mix1065,89,4,0,-135,-2,17.80
fold2_room1_mix1065,90,4,0,-160,-2,19.39
fold2_room1_mix1065,90,4,0,-138,-1,18.44
fold2_room1_mix1065,91,4,0,-158,-2,20.41
fold2_room1_mix1065,91,4,0,-137,-2,18.96
fold2_room1_mix1065,92,4,0,-159,-1,19.53
fold2_room1_mix1065,92,4,0,-138,-1,19.07
fold2_room1_mix1065,93,4,0,-158,-1,20.47
fold2_room1_mix1065,93,4,0,-139,-1,19.39
fold2_room1_mix1065,94,4,0,-157,-1,22.02
fold2_room1_mix1065,94,4,0,-137,-1,19.86
fold2_room1_mix1065,95,4,0,-157,-1,22.11
fold2_room1_mix1065,95,4,0,-138,-1,20.26
fold2_room1_mix1065,96,4,0,-157,-1,20.93
fold2_room1_mix1065,96,4,0,-141,-1,20.17
fold2_room1_mix1065,97,4,0,-152,-1,21.53
fold2_room1_mix1065,98,4,0,-159,-1,22.75
fold2_room1_mix1065,98,4,0,-142,-1,21.14
fold2_room1_mix1065,99,4,0,-155,-1,21.96
fold2_room1_mix1066,5,4,0,176,0,13.16
fold2_room1_mix1066,6,4,0,176,0,19.95
fold2_room1_mix1066,7,4,0,179,0,20.48
fold2_room1_mix1066,8,4,0,178,0,27.88
fold2_room1_mix1066,9,4,0,178,-1,37.79
fold2_room1_mix1066,10,4,0,176,-1,36.64
fold2_room1_mix1066,11,4,0,176,0,40.46
fold2_room1_mix1066,12,4,0,173,0,39.71
fold2_room1_mix1066,13,4,0,174,0,38.88
fold2_room1_mix1066,14,4,0,174,0,38.40
fold2_room1_mix1066,15,4,0,176,0,39.83
fold2_room1_mix1066,16,4,0,179,-1,40.60
fold2_room1_mix1066,17,4,0,177,0,37.99
fold2_room1_mix1066,18,4,0,177,0,41.39
fold2_room1_mix1066,19,4,0,178,0,40.79
fold2_room1_mix1066,20,4,0,178,0,41.06
fold2_room1_mix1066,21,4,0,177,0,42.25
fold2_room1_mix1066,22,4,0,178,0,41.27
fold2_room1_mix1066,23,4,0,177,0,39.06
fold2_room1_mix1066,24,4,0,-179,0,43.24
fold2_room1_mix1066,25,4,0,-179,0,39.60
fold2_room1_mix1066,26,4,0,-178,0,39.70
fold2_room1_mix1066,27,4,0,179,0,42.06
fold2_room1_mix1066,28,4,0,179,0,40.26
fold2_room1_mix1066,29,4,0,177,0,39.09
fold2_room1_mix1066,30,4,0,176,0,36.05
fold2_room1_mix1066,31,2,0,99,-3,10.12
fold2_room1_mix1066,31,4,0,177,0,37.05
fold2_room1_mix1066,32,4,0,174,0,37.00
fold2_room1_mix1066,33,4,0,179,0,35.20
fold2_room1_mix1066,34,4,0,-178,0,33.78
fold2_room1_mix1066,35,4,0,-178,0,33.75
fold2_room1_mix1066,36,4,0,-178,0,32.90
fold2_room1_mix1066,37,4,0,-179,0,32.04
fold2_room1_mix1066,38,2,0,103,-2,11.49
fold2_room1_mix1066,38,4,0,-179,0,30.34
fold2_room1_mix1066,39,2,0,100,-2,13.44
fold2_room1_mix1066,39,4,0,-179,0,30.45
fold2_room1_mix1066,40,2,0,96,-3,12.30
fold2_room1_mix1066,40,4,0,-177,0,30.40
fold2_room1_mix1066,41,2,0,96,-2,13.97
fold2_room1_mix1066,41,4,0,-176,0,27.25
fold2_room1_mix1066,42,2,0,92,-2,12.80
fold2_room1_mix1066,42,4,0,-178,0,28.28
fold2_room1_mix1066,43,4,0,-178,0,28.30
fold2_room1_mix1066,44,4,0,-177,0,26.52
fold2_room1_mix1066,45,4,0,-176,0,26.68
fold2_room1_mix1066,46,4,0,-177,0,25.59
fold2_room1_mix1066,47,2,0,98,-2,12.13
fold2_room1_mix1066,47,4,0,-178,0,25.66
fold2_room1_mix1066,48,2,0,93,-2,13.55
fold2_room1_mix1066,48,4,0,-178,0,25.33
fold2_room1_mix1066,49,2,0,92,-2,14.77
fold2_room1_mix1066,49,4,0,-177,0,22.93
fold2_room1_mix1066,50,2,0,89,-2,14.22
fold2_room1_mix1066,50,4,0,-178,0,23.50
fold2_room1_mix1066,51,2,0,85,-2,14.71
fold2_room1_mix1066,51,4,0,-177,0,21.88
fold2_room1_mix1066,52,4,0,-177,0,22.62
fold2_room1_mix1066,53,4,0,179,-1,22.84
fold2_room1_mix1066,54,4,0,-179,-1,21.56
fold2_room1_mix1066,55,4,0,-179,-1,21.61
fold2_room1_mix1066,56,4,0,-177,-1,21.35
fold2_room1_mix1066,57,4,0,-178,-1,20.38
fold2_room1_mix1066,58,4,0,-177,0,20.06
fold2_room1_mix1066,59,4,0,-178,0,19.77
fold2_room1_mix1066,60,4,0,-178,-1,18.29
fold2_room1_mix1066,61,4,0,-178,-1,17.90
fold2_room1_mix1066,62,4,0,-177,-1,16.37
fold2_room1_mix1066,63,4,0,-177,-1,16.23
fold2_room1_mix1066,64,4,0,-175,-1,16.01
fold2_room1_mix1066,65,4,0,-177,-1,14.96
fold2_room1_mix1066,66,4,0,-176,-1,14.92
fold2_room1_mix1066,67,4,0,-176,-1,14.32
fold2_room1_mix1066,68,4,0,-175,-2,12.90
fold2_room1_mix1066,69,4,0,-176,-2,12.80
fold2_room1_mix1066,70,4,0,-175,-2,11.96
fold2_room1_mix1066,71,4,0,-176,-2,12.06
fold2_room1_mix1066,72,4,0,-175,-2,11.67
fold2_room1_mix1066,73,4,0,-176,-3,10.18
fold2_room1_mix1066,74,4,0,-175,-3,9.76
fold2_room1_mix1066,75,4,0,-174,-3,9.58
fold2_room1_mix1066,76,4,0,-174,-4,8.04
fold2_room1_mix1066,77,4,0,-172,-4,7.03
fold2_room1_mix1066,78,4,0,-173,-5,6.53
fold2_room1_mix1066,79,4,0,-171,-5,6.04
fold2_room1_mix1066,80,4,0,-170,-6,5.03
fold2_room1_mix1066,81,4,0,-167,-8,3.80
fold2_room1_mix1066,82,4,0,-166,-9,3.80
fold2_room1_mix1066,83,4,0,-161,-13,2.63
fold2_room1_mix1066,84,4,0,-156,-18,2.21
fold2_room1_mix1066,85,4,0,-145,-25,1.58
fold2_room1_mix1066,86,2,0,84,-3,5.37
fold2_room1_mix1066,86,4,0,-110,-41,1.00
fold2_room1_mix1066,87,4,0,-48,-35,0.96
fold2_room1_mix1066,88,4,0,-27,-22,1.62
fold2_room1_mix1066,89,4,0,-20,-16,1.99
fold2_room1_mix1066,90,4,0,-15,-12,2.92
fold2_room1_mix1066,91,4,0,-11,-10,3.81
fold2_room1_mix1066,92,4,0,-8,-9,4.10
fold2_room1_mix1066,93,4,0,-6,-7,4.70
fold2_room1_mix1066,94,4,0,-5,-6,5.57
fold2_room1_mix1066,95,4,0,-5,-5,5.98
fold2_room1_mix1066,96,4,0,-4,-5,6.73
fold2_room1_mix1066,97,4,0,-3,-4,7.17
fold2_room1_mix1066,98,4,0,-3,-4,8.62
fold2_room1_mix1066,99,4,0,-2,-4,8.32
fold2_room1_mix1067,77,4,0,141,-3,5.22
fold2_room1_mix1067,78,4,0,132,-2,6.30
fold2_room1_mix1067,79,4,0,122,-2,6.41
fold2_room1_mix1067,80,4,0,115,-2,7.82
fold2_room1_mix1067,81,4,0,107,-2,6.96
fold2_room1_mix1067,82,4,0,99,-3,7.16
fold2_room1_mix1067,83,4,0,94,-4,6.52
fold2_room1_mix1067,84,4,0,88,-3,8.43
fold2_room1_mix1067,85,4,0,81,-3,8.70
fold2_room1_mix1067,86,4,0,77,-3,9.50
fold2_room1_mix1067,87,4,0,70,-3,9.75
fold2_room1_mix1067,88,4,0,69,-3,10.66
fold2_room1_mix1067,89,4,0,64,-3,8.35
fold2_room1_mix1067,90,4,0,71,-2,3.33
fold2_room1_mix1069,3,4,0,-5,1,3.99
fold2_room1_mix1069,4,4,0,-3,0,16.53
fold2_room1_mix1069,5,4,0,-2,0,18.90
fold2_room1_mix1069,6,4,0,-3,0,21.88
fold2_room1_mix1069,7,4,0,-1,0,29.78
fold2_room1_mix1069,8,4,0,-2,0,34.50
fold2_room1_mix1069,9,4,0,-1,-1,36.18
fold2_room1_mix1069,10,4,0,0,-1,34.77
fold2_room1_mix1069,11,4,0,0,0,37.10
fold2_room1_mix1069,12,4,0,0,-1,35.60
fold2_room1_mix1069,13,4,0,0,0,34.28
fold2_room1_mix1069,14,4,0,0,0,35.94
fold2_room1_mix1069,15,4,0,0,0,32.86
fold2_room1_mix1069,16,4,0,1,-1,30.59
fold2_room1_mix1069,17,4,0,0,0,32.64
fold2_room1_mix1069,18,4,0,0,-1,31.39
fold2_room1_mix1069,19,4,0,0,0,30.40
fold2_room1_mix1069,20,4,0,0,0,32.35
fold2_room1_mix1069,21,4,0,0,0,30.13
fold2_room1_mix1069,22,4,0,0,0,29.62
fold2_room1_mix1069,23,4,0,-1,0,28.60
fold2_room1_mix1069,24,4,0,-1,-1,28.41
fold2_room1_mix1069,25,4,0,-2,-1,30.00
fold2_room1_mix1069,26,4,0,-2,-1,28.55
fold2_room1_mix1069,27,4,0,-2,-1,29.53
fold2_room1_mix1069,28,4,0,-3,-1,28.26
fold2_room1_mix1069,29,4,0,-3,-1,27.59
fold2_room1_mix1069,30,4,0,-2,-1,29.09
fold2_room1_mix1069,31,4,0,-4,-1,27.65
fold2_room1_mix1069,32,4,0,-4,-1,26.93
fold2_room1_mix1069,33,4,0,-2,-1,28.42
fold2_room1_mix1069,34,4,0,-4,-1,26.89
fold2_room1_mix1069,35,4,0,-3,-1,26.23
fold2_room1_mix1069,36,4,0,-4,-1,25.92
fold2_room1_mix1069,37,4,0,-3,-1,24.72
fold2_room1_mix1069,38,4,0,-4,-1,25.25
fold2_room1_mix1069,39,4,0,-8,-1,23.44
fold2_room1_mix1069,40,4,0,-6,-1,25.57
fold2_room1_mix1069,41,4,0,-4,-1,25.01
fold2_room1_mix1069,42,0,0,-72,-4,6.05
fold2_room1_mix1069,42,4,0,-4,-1,24.54
fold2_room1_mix1069,43,0,0,-71,-4,7.88
fold2_room1_mix1069,43,4,0,-4,-1,23.36
fold2_room1_mix1069,44,0,0,-63,-4,9.15
fold2_room1_mix1069,44,4,0,-1,-1,23.62
fold2_room1_mix1069,45,0,0,-57,-4,11.07
fold2_room1_mix1069,45,4,0,-2,-1,22.12
fold2_room1_mix1069,46,0,0,-58,-4,13.65
fold2_room1_mix1069,46,4,0,-2,-2,21.08
fold2_room1_mix1069,47,0,0,-55,-4,14.33
fold2_room1_mix1069,47,4,0,-3,-1,21.14
fold2_room1_mix1069,48,0,0,-59,-4,15.71
fold2_room1_mix1069,48,4,0,-4,-2,19.62
fold2_room1_mix1069,49,0,0,-57,-4,16.02
fold2_room1_mix1069,49,4,0,-3,-2,20.06
fold2_room1_mix1069,50,0,0,-55,-3,15.76
fold2_room1_mix1069,50,4,0,-3,-2,19.49
fold2_room1_mix1069,51,0,0,-58,-4,15.05
fold2_room1_mix1069,51,4,0,-2,-2,18.78
fold2_room1_mix1069,52,0,0,-53,-3,16.35
fold2_room1_mix1069,52,4,0,-7,-2,18.49
fold2_room1_mix1069,53,0,0,-52,-3,16.09
fold2_room1_mix1069,53,4,0,-6,-2,17.28
fold2_room1_mix1069,54,0,0,-48,-3,15.55
fold2_room1_mix1069,54,4,0,-6,-2,17.14
fold2_room1_mix1069,55,0,0,-47,-3,16.51
fold2_room1_mix1069,55,4,0,-6,-2,17.09
fold2_room1_mix1069,56,0,0,-45,-3,16.03
fold2_room1_mix1069,56,4,0,-7,-2,15.38
fold2_room1_mix1069,57,0,0,-44,-3,15.27
fold2_room1_mix1069,57,3,0,-71,-5,10.73
fold2_room1_mix1069,57,4,0,-4,-1,18.71
fold2_room1_mix1069,58,0,0,-41,-3,16.14
fold2_room1_mix1069,58,3,0,-67,-5,10.83
fold2_room1_mix1069,58,4,0,-5,-2,16.62
fold2_room1_mix1069,59,0,0,-43,-3,15.34
fold2_room1_mix1069,59,3,0,-71,-4,9.98
fold2_room1_mix1069,59,4,0,-4,-2,14.62
fold2_room1_mix1069,60,0,0,-41,-3,15.65
fold2_room1_mix1069,60,3,0,-80,-4,10.34
fold2_room1_mix1069,60,4,0,-7,-3,13.54
fold2_room1_mix1069,61,0,0,-41,-3,17.53
fold2_room1_mix1069,61,3,0,-85,-6,9.46
fold2_room1_mix1069,61,4,0,-6,-3,14.05
fold2_room1_mix1069,62,0,0,-39,-3,18.06
fold2_room1_mix1069,62,3,0,-90,-5,10.01
fold2_room1_mix1069,62,4,0,-3,-3,13.30
fold2_room1_mix1069,63,0,0,-38,-3,18.33
fold2_room1_mix1069,63,3,0,-89,-4,8.57
fold2_room1_mix1069,63,4,0,-10,-3,11.01
fold2_room1_mix1069,64,0,0,-36,-3,19.86
fold2_room1_mix1069,64,3,0,-84,-4,7.11
fold2_room1_mix1069,64,4,0,-10,-4,10.56
fold2_room1_mix1069,65,0,0,-35,-2,21.40
fold2_room1_mix1069,65,3,0,-87,-5,6.88
fold2_room1_mix1069,65,4,0,-13,-3,11.23
fold2_room1_mix1069,66,0,0,-34,-2,21.45
fold2_room1_mix1069,66,3,0,-85,-5,5.21
fold2_room1_mix1069,66,4,0,-17,-2,10.01
fold2_room1_mix1069,67,0,0,-32,-2,21.82
fold2_room1_mix1069,67,4,0,-19,-2,10.33
fold2_room1_mix1069,68,0,0,-32,-2,22.12
fold2_room1_mix1069,68,4,0,-19,-3,9.92
fold2_room1_mix1069,69,0,0,-30,-2,22.51
fold2_room1_mix1069,69,4,0,-22,-4,8.89
fold2_room1_mix1069,70,0,0,-28,-2,22.94
fold2_room1_mix1069,70,4,0,-25,-3,9.08
fold2_room1_mix1069,71,0,0,-28,-2,24.95
fold2_room1_mix1069,71,4,0,-28,-4,8.53
fold2_room1_mix1069,72,0,0,-28,-2,24.38
fold2_room1_mix1069,72,4,0,-28,-4,7.95
fold2_room1_mix1069,73,0,0,-28,-2,26.18
fold2_room1_mix1069,73,4,0,-34,-4,7.28
fold2_room1_mix1069,74,0,0,-31,-2,26.46
fold2_room1_mix1069,74,4,0,-37,-5,6.37
fold2_room1_mix1069,75,0,0,-29,-2,23.27
fold2_room1_mix1069,75,4,0,-42,-5,6.28
fold2_room1_mix1069,76,0,0,-29,-2,20.13
fold2_room1_mix1069,76,3,0,-117,-5,14.06
fold2_room1_mix1069,76,4,0,-37,-6,5.91
fold2_room1_mix1069,77,0,0,-27,-1,20.94
fold2_room1_mix1069,77,3,0,-121,-5,11.89
fold2_room1_mix1069,77,4,0,-39,-6,5.64
fold2_room1_mix1069,78,0,0,-30,-2,16.26
fold2_room1_mix1069,78,3,0,-121,-5,9.27
fold2_room1_mix1069,78,4,0,-41,-7,5.42
fold2_room1_mix1069,79,0,0,-32,-2,17.21
fold2_room1_mix1069,79,3,0,-122,-5,10.26
fold2_room1_mix1069,79,4,0,-45,-8,4.86
fold2_room1_mix1069,80,0,0,-31,-2,14.23
fold2_room1_mix1069,80,3,0,-127,-5,13.02
fold2_room1_mix1069,80,4,0,-47,-8,4.73
fold2_room1_mix1069,81,0,0,-29,-2,17.45
fold2_room1_mix1069,81,3,0,-124,-5,10.97
fold2_room1_mix1069,81,4,0,-46,-9,4.33
fold2_room1_mix1069,82,0,0,-31,-2,13.23
fold2_room1_mix1069,82,3,0,-127,-4,10.81
fold2_room1_mix1069,82,4,0,-54,-11,3.96
fold2_room1_mix1069,83,0,0,-36,-2,13.74
fold2_room1_mix1069,83,3,0,-126,-4,10.53
fold2_room1_mix1069,83,4,0,-59,-13,3.55
fold2_room1_mix1069,84,0,0,-44,-2,12.19
fold2_room1_mix1069,84,4,0,-68,-13,3.63
fold2_room1_mix1069,85,0,0,-44,-2,9.89
fold2_room1_mix1069,85,4,0,-75,-14,3.35
fold2_room1_mix1069,86,0,0,-48,-2,5.56
fold2_room1_mix1069,86,4,0,-84,-13,3.33
fold2_room1_mix1069,87,0,0,-52,-2,7.16
fold2_room1_mix1069,87,4,0,-91,-14,3.49
fold2_room1_mix1069,88,0,0,-56,-3,8.59
fold2_room1_mix1069,88,4,0,-104,-13,3.42
fold2_room1_mix1069,89,0,0,-57,-3,6.56
fold2_room1_mix1069,89,4,0,-111,-13,3.55
fold2_room1_mix1069,90,0,0,-48,-2,8.18
fold2_room1_mix1069,90,4,0,-120,-11,3.75
fold2_room1_mix1069,91,0,0,-54,-3,9.84
fold2_room1_mix1069,91,4,0,-128,-10,3.93
fold2_room1_mix1069,92,0,0,-49,-2,8.54
fold2_room1_mix1069,92,4,0,-132,-10,4.01
fold2_room1_mix1069,93,0,0,-53,-2,9.92
fold2_room1_mix1069,93,4,0,-136,-9,4.06
fold2_room1_mix1069,94,4,0,-138,-8,4.61
fold2_room1_mix1069,95,4,0,-140,-8,4.66
fold2_room1_mix1069,96,4,0,-143,-8,5.10
fold2_room1_mix1069,97,4,0,-144,-7,5.41
fold2_room1_mix1069,98,4,0,-146,-7,5.40
fold2_room1_mix1069,99,0,0,-39,-2,9.58
fold2_room1_mix1069,99,4,0,-149,-6,5.93
fold2_room1_mix1069,2,4,0,-6,1,0.86
fold2_room1_mix1070,2,5,0,177,1,1.99
fold2_room1_mix1070,3,4,0,178,1,1.27
fold2_room1_mix1070,4,4,0,177,0,15.98
fold2_room1_mix1070,5,4,0,178,0,16.21
fold2_room1_mix1070,6,4,0,177,0,16.10
fold2_room1_mix1070,7,4,0,-179,0,21.72
fold2_room1_mix1070,8,4,0,176,0,25.40
fold2_room1_mix1070,9,4,0,178,0,26.18
fold2_room1_mix1070,10,4,0,177,0,25.41
fold2_room1_mix1070,11,4,0,176,0,25.18
fold2_room1_mix1070,12,4,0,176,0,26.06
fold2_room1_mix1070,13,4,0,176,0,24.31
fold2_room1_mix1070,14,4,0,177,0,27.43
fold2_room1_mix1070,15,4,0,179,0,26.06
fold2_room1_mix1070,16,4,0,176,0,23.83
fold2_room1_mix1070,17,4,0,177,0,25.64
fold2_room1_mix1070,18,4,0,178,0,24.69
fold2_room1_mix1070,19,4,0,176,0,25.20
fold2_room1_mix1070,20,4,0,175,0,24.11
fold2_room1_mix1070,21,4,0,176,-1,23.08
fold2_room1_mix1070,22,4,0,174,-1,23.44
fold2_room1_mix1070,23,4,0,176,-1,20.46
fold2_room1_mix1070,24,4,0,174,-1,19.40
fold2_room1_mix1070,25,4,0,175,-1,19.27
fold2_room1_mix1070,26,4,0,174,-2,17.52
fold2_room1_mix1070,27,4,0,174,-2,17.28
fold2_room1_mix1070,28,4,0,172,-2,16.79
fold2_room1_mix1070,29,4,0,170,-2,14.81
fold2_room1_mix1070,30,4,0,171,-2,14.22
fold2_room1_mix1070,31,4,0,170,-3,13.06
fold2_room1_mix1070,32,4,0,169,-3,11.31
fold2_room1_mix1070,33,4,0,168,-3,11.72
fold2_room1_mix1070,34,4,0,166,-4,9.69
fold2_room1_mix1070,35,4,0,164,-5,8.88
fold2_room1_mix1070,36,4,0,163,-5,7.95
fold2_room1_mix1070,37,4,0,170,-4,11.62
fold2_room1_mix1070,37,4,0,155,-9,5.10
fold2_room1_mix1070,38,4,0,173,-3,12.45
fold2_room1_mix1070,38,4,0,149,-10,3.95
fold2_room1_mix1070,39,4,0,163,-7,12.29
fold2_room1_mix1070,39,4,0,137,-17,2.65
fold2_room1_mix1070,40,4,0,155,-8,14.90
fold2_room1_mix1070,40,4,0,109,-24,1.96
fold2_room1_mix1070,41,4,0,153,-7,15.37
fold2_room1_mix1070,41,4,0,86,-23,1.91
fold2_room1_mix1070,42,4,0,163,-3,17.07
fold2_room1_mix1070,42,4,0,50,-19,2.28
fold2_room1_mix1070,42,4,0,73,-22,1.62
fold2_room1_mix1070,43,4,0,166,-2,18.89
fold2_room1_mix1070,43,4,0,37,-15,2.64
fold2_room1_mix1070,43,4,0,55,-17,1.90
fold2_room1_mix1070,45,4,0,171,0,24.17
fold2_room1_mix1070,45,4,0,26,-10,3.75
fold2_room1_mix1070,46,4,0,169,0,26.10
fold2_room1_mix1070,46,4,0,21,-8,4.36
fold2_room1_mix1070,47,4,0,163,-1,19.10
fold2_room1_mix1070,47,4,0,17,-6,5.62
fold2_room1_mix1070,48,4,0,172,0,26.20
fold2_room1_mix1070,48,4,0,14,-6,6.30
fold2_room1_mix1070,49,4,0,172,0,24.98
fold2_room1_mix1070,49,4,0,11,-5,8.20
fold2_room1_mix1070,51,4,0,172,0,26.93
fold2_room1_mix1070,51,4,0,8,-3,11.35
fold2_room1_mix1070,55,4,0,177,-1,24.84
fold2_room1_mix1070,55,4,0,6,-2,17.34
fold2_room1_mix1070,56,4,0,176,-1,28.88
fold2_room1_mix1070,56,4,0,4,-2,18.80
fold2_room1_mix1070,57,4,0,177,-1,27.58
fold2_room1_mix1070,57,4,0,5,-2,20.14
fold2_room1_mix1070,58,4,0,178,0,30.13
fold2_room1_mix1070,58,4,0,6,-2,20.45
fold2_room1_mix1070,59,4,0,177,0,30.97
fold2_room1_mix1070,59,4,0,6,-2,22.08
fold2_room1_mix1070,60,4,0,179,-1,29.11
fold2_room1_mix1070,60,4,0,5,-2,22.34
fold2_room1_mix1070,61,4,0,178,-1,28.78
fold2_room1_mix1070,61,4,0,6,-2,22.78
fold2_room1_mix1070,62,4,0,179,0,27.51
fold2_room1_mix1070,62,4,0,6,-1,22.40
fold2_room1_mix1070,63,4,0,178,0,27.50
fold2_room1_mix1070,63,4,0,4,-1,24.64
fold2_room1_mix1070,64,4,0,179,0,28.27
fold2_room1_mix1070,64,4,0,4,-1,24.68
fold2_room1_mix1070,65,4,0,-179,0,28.37
fold2_room1_mix1070,65,4,0,2,-1,26.90
fold2_room1_mix1070,66,4,0,179,0,25.25
fold2_room1_mix1070,66,4,0,1,-1,25.01
fold2_room1_mix1070,67,4,0,-177,0,24.84
fold2_room1_mix1070,67,4,0,2,-1,24.77
fold2_room1_mix1070,68,4,0,-175,0,23.90
fold2_room1_mix1070,68,4,0,2,-1,24.55
fold2_room1_mix1070,69,4,0,-177,0,24.70
fold2_room1_mix1070,69,4,0,0,-1,23.99
fold2_room1_mix1070,70,4,0,-174,0,24.46
fold2_room1_mix1070,70,4,0,2,-1,26.84
fold2_room1_mix1070,71,4,0,-175,-1,23.03
fold2_room1_mix1070,71,4,0,0,-1,28.52
fold2_room1_mix1070,72,4,0,-174,-1,23.67
fold2_room1_mix1070,72,4,0,3,-1,31.33
fold2_room1_mix1070,73,4,0,-174,0,20.24
fold2_room1_mix1070,73,4,0,2,0,30.08
fold2_room1_mix1070,74,4,0,-172,-1,18.51
fold2_room1_mix1070,74,4,0,1,0,29.60
fold2_room1_mix1070,75,4,0,-172,-1,18.60
fold2_room1_mix1070,76,4,0,-170,-1,18.02
fold2_room1_mix1070,76,4,0,-1,0,30.59
fold2_room1_mix1070,77,4,0,-168,-1,15.11
fold2_room1_mix1070,77,4,0,2,0,32.13
fold2_room1_mix1070,78,4,0,-166,-2,14.83
fold2_room1_mix1070,78,4,0,1,0,31.50
fold2_room1_mix1070,79,4,0,-162,-3,11.24
fold2_room1_mix1070,79,4,0,0,0,32.94
fold2_room1_mix1070,80,4,0,-160,-3,11.01
fold2_room1_mix1070,80,4,0,5,0,35.97
fold2_room1_mix1070,81,4,0,-150,-3,8.38
fold2_room1_mix1070,81,4,0,5,0,33.46
fold2_room1_mix1070,82,4,0,-153,-4,7.90
fold2_room1_mix1070,82,4,0,4,-1,31.43
fold2_room1_mix1070,83,4,0,-146,-5,6.36
fold2_room1_mix1070,83,4,0,3,0,30.07
fold2_room1_mix1070,84,4,0,-143,-5,4.65
fold2_room1_mix1070,84,4,0,7,0,33.56
fold2_room1_mix1070,85,4,0,-135,-9,4.36
fold2_room1_mix1070,85,4,0,0,0,28.66
fold2_room1_mix1070,86,4,0,-128,-11,4.20
fold2_room1_mix1070,86,4,0,-2,0,31.78
fold2_room1_mix1070,87,4,0,-111,-13,3.74
fold2_room1_mix1070,87,4,0,-8,-1,30.94
fold2_room1_mix1070,88,4,0,-90,-11,3.05
fold2_room1_mix1070,88,4,0,-72,-12,5.60
fold2_room1_mix1070,88,4,0,-10,0,32.31
fold2_room1_mix1070,89,4,0,-68,-12,3.50
fold2_room1_mix1070,89,4,0,-7,0,32.51
fold2_room1_mix1070,90,4,0,-48,-9,4.74
fold2_room1_mix1070,90,4,0,-6,0,32.08
fold2_room1_mix1070,91,4,0,-45,-8,5.47
fold2_room1_mix1070,91,4,0,-6,0,35.60
fold2_room1_mix1070,92,4,0,-35,-6,6.38
fold2_room1_mix1070,92,4,0,-3,0,31.22
fold2_room1_mix1070,93,4,0,-30,-6,6.36
fold2_room1_mix1070,93,4,0,0,0,35.68
fold2_room1_mix1070,94,4,0,-27,-5,8.62
fold2_room1_mix1070,94,4,0,2,0,37.47
fold2_room1_mix1070,95,4,0,-23,-4,8.77
fold2_room1_mix1070,95,4,0,0,0,29.64
fold2_room1_mix1070,96,4,0,-21,-4,10.37
fold2_room1_mix1070,96,4,0,3,0,36.37
fold2_room1_mix1070,97,4,0,-16,-3,12.43
fold2_room1_mix1070,97,4,0,2,0,33.94
fold2_room1_mix1070,98,4,0,-10,-3,18.40
fold2_room1_mix1070,99,4,0,-9,-3,16.85
fold2_room1_mix1070,44,4,0,27,-10,3.50
fold2_room1_mix1070,50,4,0,9,-4,8.99
fold2_room1_mix1070,52,4,0,7,-3,13.13
fold2_room1_mix1070,53,4,0,7,-3,14.57
fold2_room1_mix1070,54,4,0,7,-3,14.53
fold2_room1_mix1071,2,4,0,-173,1,2.11
fold2_room1_mix1071,3,4,0,-170,1,5.92
fold2_room1_mix1071,4,4,0,-176,0,13.31
fold2_room1_mix1071,4,4,0,-150,0,16.03
fold2_room1_mix1071,5,4,0,-178,0,14.16
fold2_room1_mix1071,5,4,0,-149,0,16.80
fold2_room1_mix1071,6,4,0,-178,0,15.78
fold2_room1_mix1071,6,4,0,-150,0,18.63
fold2_room1_mix1071,7,4,0,-178,0,24.13
fold2_room1_mix1071,7,4,0,-149,0,29.59
fold2_room1_mix1071,8,4,0,-177,0,25.31
fold2_room1_mix1071,8,4,0,-151,0,30.15
fold2_room1_mix1071,9,4,0,-179,0,24.31
fold2_room1_mix1071,9,4,0,-149,0,29.26
fold2_room1_mix1071,10,4,0,-178,0,23.65
fold2_room1_mix1071,10,4,0,-152,0,30.71
fold2_room1_mix1071,11,4,0,-178,0,24.39
fold2_room1_mix1071,11,4,0,-151,0,30.75
fold2_room1_mix1071,12,4,0,-178,0,24.77
fold2_room1_mix1071,12,4,0,-152,0,30.20
fold2_room1_mix1071,13,4,0,-179,-1,22.22
fold2_room1_mix1071,13,4,0,-150,1,29.78
fold2_room1_mix1071,14,4,0,178,-1,22.70
fold2_room1_mix1071,14,4,0,-151,1,30.71
fold2_room1_mix1071,15,4,0,179,0,23.53
fold2_room1_mix1071,15,4,0,-151,0,29.67
fold2_room1_mix1071,16,4,0,178,-1,22.21
fold2_room1_mix1071,16,4,0,-152,1,29.53
fold2_room1_mix1071,17,4,0,178,-1,21.25
fold2_room1_mix1071,17,4,0,-151,1,29.86
fold2_room1_mix1071,18,4,0,179,-1,21.79
fold2_room1_mix1071,18,4,0,-152,1,29.59
fold2_room1_mix1071,19,4,0,177,-1,20.08
fold2_room1_mix1071,19,4,0,-152,1,29.09
fold2_room1_mix1071,20,4,0,177,-1,20.40
fold2_room1_mix1071,20,4,0,-152,1,28.39
fold2_room1_mix1071,21,4,0,176,-1,19.18
fold2_room1_mix1071,21,4,0,-152,1,28.00
fold2_room1_mix1071,22,4,0,176,-1,19.20
fold2_room1_mix1071,22,4,0,-151,1,26.46
fold2_room1_mix1071,23,4,0,174,-1,18.10
fold2_room1_mix1071,23,4,0,-151,1,27.23
fold2_room1_mix1071,24,4,0,177,-1,18.18
fold2_room1_mix1071,24,4,0,-152,1,25.51
fold2_room1_mix1071,25,1,0,-15,-2,12.58
fold2_room1_mix1071,25,4,0,-179,-2,17.09
fold2_room1_mix1071,25,4,0,-155,1,26.26
fold2_room1_mix1071,26,1,0,-29,-3,25.68
fold2_room1_mix1071,26,4,0,175,-2,15.92
fold2_room1_mix1071,26,4,0,-163,0,22.44
fold2_room1_mix1071,27,1,0,-27,-3,27.50
fold2_room1_mix1071,27,4,0,-172,-1,22.80
fold2_room1_mix1071,28,1,0,-25,-2,30.75
fold2_room1_mix1071,28,4,0,-173,0,23.17
fold2_room1_mix1071,29,1,0,-30,-2,8.24
fold2_room1_mix1071,29,4,0,-179,-1,19.80
fold2_room1_mix1071,29,4,0,-155,1,33.02
fold2_room1_mix1071,30,1,0,-30,-3,22.86
fold2_room1_mix1071,30,4,0,-173,-1,26.12
fold2_room1_mix1071,31,1,0,-30,-3,22.71
fold2_room1_mix1071,31,4,0,-174,-1,22.39
fold2_room1_mix1071,32,1,0,-31,-2,23.47
fold2_room1_mix1071,32,4,0,-174,-1,22.42
fold2_room1_mix1071,33,1,0,-29,-2,24.00
fold2_room1_mix1071,33,4,0,-174,-1,24.05
fold2_room1_mix1071,34,4,0,179,-1,21.42
fold2_room1_mix1071,34,4,0,-142,1,31.14
fold2_room1_mix1071,35,1,0,-32,-3,23.46
fold2_room1_mix1071,35,4,0,-177,-1,20.28
fold2_room1_mix1071,36,1,0,-35,-3,18.26
fold2_room1_mix1071,36,4,0,175,-1,24.86
fold2_room1_mix1071,37,1,0,-34,-3,19.01
fold2_room1_mix1071,37,4,0,-179,-2,18.13
fold2_room1_mix1071,37,4,0,-160,1,30.37
fold2_room1_mix1071,38,1,0,-33,-2,15.07
fold2_room1_mix1071,38,4,0,-178,-1,24.84
fold2_room1_mix1071,39,4,0,175,-2,14.67
fold2_room1_mix1071,39,4,0,-164,1,23.88
fold2_room1_mix1071,40,1,0,-42,-3,17.59
fold2_room1_mix1071,40,4,0,-172,-2,19.28
fold2_room1_mix1071,40,4,0,169,-2,16.35
fold2_room1_mix1071,41,1,0,-45,-3,14.24
fold2_room1_mix1071,41,4,0,177,-2,19.85
fold2_room1_mix1071,42,1,0,-51,-3,14.87
fold2_room1_mix1071,42,4,0,-174,-1,18.57
fold2_room1_mix1071,43,1,0,-48,-3,11.21
fold2_room1_mix1071,43,4,0,-179,-1,20.60
fold2_room1_mix1071,44,4,0,173,-4,11.71
fold2_room1_mix1071,45,1,0,-66,-4,14.76
fold2_room1_mix1071,45,4,0,-174,-4,12.95
fold2_room1_mix1071,46,1,0,-76,-4,9.73
fold2_room1_mix1071,46,4,0,-177,-2,22.86
fold2_room1_mix1071,46,4,0,154,-5,12.73
fold2_room1_mix1071,47,1,0,-86,-4,10.59
fold2_room1_mix1071,47,4,0,178,-3,18.55
fold2_room1_mix1071,48,1,0,-80,-4,6.77
fold2_room1_mix1071,48,4,0,-168,0,31.77
fold2_room1_mix1071,48,4,0,167,-9,10.51
fold2_room1_mix1071,48,4,0,136,-20,2.87
fold2_room1_mix1071,49,4,0,-177,-8,20.04
fold2_room1_mix1071,49,4,0,128,-42,2.76
fold2_room1_mix1071,50,1,0,-96,-5,10.57
fold2_room1_mix1071,50,4,0,-156,0,26.88
fold2_room1_mix1071,50,4,0,-178,-14,7.67
fold2_room1_mix1071,50,4,0,104,-29,2.73
fold2_room1_mix1071,51,1,0,-120,-4,12.17
fold2_room1_mix1071,51,4,0,-167,0,21.51
fold2_room1_mix1071,51,4,0,173,-22,4.92
fold2_room1_mix1071,51,4,0,52,-29,1.83
fold2_room1_mix1071,52,1,0,-125,-4,9.92
fold2_room1_mix1071,52,4,0,-172,-6,20.94
fold2_room1_mix1071,52,4,0,31,-38,3.60
fold2_room1_mix1071,52,4,0,42,-19,3.64
fold2_room1_mix1071,53,1,0,-121,-4,8.36
fold2_room1_mix1071,53,4,0,-174,-4,25.28
fold2_room1_mix1071,53,4,0,16,-13,4.17
fold2_room1_mix1071,54,4,0,-147,-3,15.62
fold2_room1_mix1071,54,4,0,10,-11,4.24
fold2_room1_mix1071,55,1,0,-140,-3,14.53
fold2_room1_mix1071,55,4,0,-170,-2,26.34
fold2_room1_mix1071,55,4,0,9,-14,4.27
fold2_room1_mix1071,56,1,0,-144,-4,15.46
fold2_room1_mix1071,56,4,0,-176,-1,26.82
fold2_room1_mix1071,56,4,0,9,-11,4.60
fold2_room1_mix1071,57,1,0,-140,-3,14.92
fold2_room1_mix1071,57,4,0,-168,-3,22.24
fold2_room1_mix1071,57,4,0,0,-19,5.76
fold2_room1_mix1071,57,4,0,20,-7,7.58
fold2_room1_mix1071,58,1,0,-140,-3,5.44
fold2_room1_mix1071,58,4,0,-138,-3,15.05
fold2_room1_mix1071,58,4,0,12,-7,7.37
fold2_room1_mix1071,59,4,0,-124,-4,10.91
fold2_room1_mix1071,59,4,0,3,-6,7.08
fold2_room1_mix1071,60,4,0,-121,-2,13.07
fold2_room1_mix1071,60,4,0,5,-5,9.35
fold2_room1_mix1071,61,4,0,-108,-3,10.79
fold2_room1_mix1071,61,4,0,-1,-5,9.81
fold2_room1_mix1071,62,4,0,-119,-3,9.99
fold2_room1_mix1071,62,4,0,3,-5,8.98
fold2_room1_mix1071,63,4,0,-112,-4,11.11
fold2_room1_mix1071,63,4,0,3,-4,12.67
fold2_room1_mix1071,64,4,0,-126,-2,10.23
fold2_room1_mix1071,64,4,0,0,-4,10.17
fold2_room1_mix1071,65,4,0,-112,-4,8.95
fold2_room1_mix1071,65,4,0,0,-4,10.64
fold2_room1_mix1071,66,4,0,-111,-4,9.28
fold2_room1_mix1071,66,4,0,1,-3,12.17
fold2_room1_mix1071,67,4,0,-106,-4,9.44
fold2_room1_mix1071,67,4,0,1,-3,12.29
fold2_room1_mix1071,68,4,0,-102,-4,10.57
fold2_room1_mix1071,68,4,0,3,-3,13.67
fold2_room1_mix1071,69,4,0,-98,-5,9.60
fold2_room1_mix1071,69,4,0,3,-4,13.36
fold2_room1_mix1071,70,4,0,-98,-5,10.02
fold2_room1_mix1071,70,4,0,0,-2,16.93
fold2_room1_mix1071,71,4,0,-100,-4,9.70
fold2_room1_mix1071,71,4,0,0,-2,15.29
fold2_room1_mix1071,72,4,0,-94,-5,9.41
fold2_room1_mix1071,72,4,0,1,-2,16.82
fold2_room1_mix1071,73,4,0,-93,-4,10.40
fold2_room1_mix1071,73,4,0,0,-1,20.16
fold2_room1_mix1071,74,4,0,-94,-5,8.87
fold2_room1_mix1071,74,4,0,-1,-1,18.59
fold2_room1_mix1071,75,4,0,-82,-5,9.30
fold2_room1_mix1071,75,4,0,-3,-1,19.33
fold2_room1_mix1071,76,4,0,-77,-5,10.16
fold2_room1_mix1071,76,4,0,-36,-3,17.79
fold2_room1_mix1071,76,4,0,-8,-1,25.47
fold2_room1_mix1071,77,4,0,-77,-5,8.98
fold2_room1_mix1071,77,4,0,-31,0,18.87
fold2_room1_mix1071,77,4,0,-8,0,24.59
fold2_room1_mix1071,78,4,0,-77,-4,9.97
fold2_room1_mix1071,78,4,0,-56,-3,15.50
fold2_room1_mix1071,78,4,0,-12,-1,27.33
fold2_room1_mix1071,79,4,0,-79,-4,11.42
fold2_room1_mix1071,79,4,0,-4,-1,26.90
fold2_room1_mix1071,80,4,0,-69,-4,12.59
fold2_room1_mix1071,80,4,0,-8,-1,27.40
fold2_room1_mix1071,81,4,0,-79,-5,11.12
fold2_room1_mix1071,81,4,0,-9,-1,31.02
fold2_room1_mix1071,82,4,0,-75,-5,10.88
fold2_room1_mix1071,82,4,0,-4,0,34.07
fold2_room1_mix1071,83,4,0,-72,-5,10.57
fold2_room1_mix1071,83,4,0,-11,0,34.57
fold2_room1_mix1071,84,4,0,-76,-4,10.94
fold2_room1_mix1071,84,4,0,-10,0,34.62
fold2_room1_mix1071,85,4,0,-73,-5,10.74
fold2_room1_mix1071,85,4,0,-11,0,37.72
fold2_room1_mix1071,86,4,0,-72,-5,10.98
fold2_room1_mix1071,86,4,0,-13,0,36.34
fold2_room1_mix1071,87,4,0,-70,-4,11.65
fold2_room1_mix1071,87,4,0,-9,0,38.81
fold2_room1_mix1071,88,4,0,-67,-5,11.49
fold2_room1_mix1071,88,4,0,-13,0,40.56
fold2_room1_mix1071,89,4,0,-69,-5,11.25
fold2_room1_mix1071,89,4,0,-16,0,42.13
fold2_room1_mix1071,90,4,0,-67,-5,11.04
fold2_room1_mix1071,90,4,0,-15,0,41.91
fold2_room1_mix1071,91,4,0,-65,-4,11.60
fold2_room1_mix1071,91,4,0,-16,0,43.00
fold2_room1_mix1071,92,4,0,-62,-4,12.46
fold2_room1_mix1071,92,4,0,-14,0,44.84
fold2_room1_mix1071,93,4,0,-62,-4,11.79
fold2_room1_mix1071,93,4,0,-15,1,44.18
fold2_room1_mix1071,94,4,0,-59,-4,12.65
fold2_room1_mix1071,94,4,0,-14,0,43.93
fold2_room1_mix1071,95,4,0,-59,-4,13.14
fold2_room1_mix1071,95,4,0,-15,1,46.51
fold2_room1_mix1071,96,4,0,-58,-4,13.09
fold2_room1_mix1071,96,4,0,-15,0,43.28
fold2_room1_mix1071,97,4,0,-58,-4,13.83
fold2_room1_mix1071,97,4,0,-16,0,46.14
fold2_room1_mix1071,98,4,0,-55,-4,14.43
fold2_room1_mix1071,98,4,0,-13,0,48.28
fold2_room1_mix1071,99,4,0,-54,-5,13.50
fold2_room1_mix1071,99,4,0,-12,0,44.67
fold2_room1_mix1072,51,4,0,31,0,12.89
fold2_room1_mix1072,52,4,0,27,0,15.08
fold2_room1_mix1072,53,4,0,32,1,15.13
fold2_room1_mix1072,54,4,0,29,0,19.59
fold2_room1_mix1072,55,4,0,29,0,22.10
fold2_room1_mix1072,56,4,0,32,0,22.42
fold2_room1_mix1072,57,4,0,32,0,23.44
fold2_room1_mix1072,58,4,0,32,-1,23.37
fold2_room1_mix1072,59,4,0,34,-1,22.25
fold2_room1_mix1072,60,4,0,32,-1,21.52
fold2_room1_mix1072,61,4,0,34,-1,22.33
fold2_room1_mix1072,62,4,0,34,-2,21.64
fold2_room1_mix1072,63,4,0,35,-2,21.45
fold2_room1_mix1072,64,4,0,36,-1,21.40
fold2_room1_mix1072,65,4,0,38,-1,21.33
fold2_room1_mix1072,66,4,0,38,-1,20.35
fold2_room1_mix1072,67,4,0,39,-2,19.84
fold2_room1_mix1072,68,4,0,42,-1,18.86
fold2_room1_mix1072,69,4,0,43,-1,18.79
fold2_room1_mix1072,70,4,0,47,-1,17.80
fold2_room1_mix1072,71,4,0,47,-1,17.06
fold2_room1_mix1072,72,4,0,49,-1,17.24
fold2_room1_mix1072,73,4,0,50,-1,16.85
fold2_room1_mix1072,74,4,0,52,-2,16.60
fold2_room1_mix1072,75,4,0,52,-2,16.88
fold2_room1_mix1072,76,4,0,56,-2,16.46
fold2_room1_mix1072,77,4,0,57,-1,16.26
fold2_room1_mix1072,78,4,0,61,-2,15.31
fold2_room1_mix1072,79,4,0,63,-2,14.60
fold2_room1_mix1072,80,4,0,66,-2,14.25
fold2_room1_mix1072,81,4,0,68,-2,14.25
fold2_room1_mix1072,82,4,0,72,-2,13.82
fold2_room1_mix1072,83,4,0,75,-3,13.78
fold2_room1_mix1072,84,4,0,76,-2,13.72
fold2_room1_mix1072,85,4,0,77,-2,14.23
fold2_room1_mix1072,86,4,0,82,-3,13.73
fold2_room1_mix1072,87,4,0,85,-3,13.22
fold2_room1_mix1072,88,4,0,86,-3,13.57
fold2_room1_mix1072,89,4,0,91,-3,13.49
fold2_room1_mix1072,90,4,0,95,-3,13.35
fold2_room1_mix1072,91,4,0,98,-3,13.45
fold2_room1_mix1072,92,4,0,102,-3,13.72
fold2_room1_mix1072,93,4,0,105,-3,13.77
fold2_room1_mix1072,94,4,0,109,-3,14.12
fold2_room1_mix1072,95,4,0,110,-3,14.17
fold2_room1_mix1072,96,4,0,114,-3,14.12
fold2_room1_mix1072,97,4,0,114,-3,14.30
fold2_room1_mix1072,98,4,0,117,-3,14.87
fold2_room1_mix1072,99,4,0,121,-3,15.05
fold2_room1_mix1073,6,4,0,6,0,13.62
fold2_room1_mix1073,7,4,0,4,0,15.53
fold2_room1_mix1073,8,4,0,6,0,18.21
fold2_room1_mix1073,9,4,0,7,0,24.46
fold2_room1_mix1073,10,4,0,5,-1,29.64
fold2_room1_mix1073,11,4,0,2,-1,27.05
fold2_room1_mix1073,12,4,0,4,0,31.25
fold2_room1_mix1073,13,4,0,6,0,32.18
fold2_room1_mix1073,14,4,0,4,-1,32.26
fold2_room1_mix1073,15,4,0,5,0,35.78
fold2_room1_mix1073,16,4,0,7,0,32.42
fold2_room1_mix1073,17,4,0,5,-1,32.25
fold2_room1_mix1073,18,4,0,6,-1,33.23
fold2_room1_mix1073,19,4,0,6,0,34.86
fold2_room1_mix1073,20,4,0,6,-1,34.59
fold2_room1_mix1073,21,4,0,7,0,35.20
fold2_room1_mix1073,22,4,0,6,0,33.88
fold2_room1_mix1073,23,4,0,6,0,32.97
fold2_room1_mix1073,24,4,0,6,-1,31.77
fold2_room1_mix1073,25,4,0,6,0,31.08
fold2_room1_mix1073,26,4,0,5,0,31.51
fold2_room1_mix1073,27,4,0,6,0,31.38
fold2_room1_mix1073,28,4,0,5,0,32.20
fold2_room1_mix1073,29,4,0,6,0,28.72
fold2_room1_mix1073,30,4,0,5,0,32.54
fold2_room1_mix1073,31,4,0,5,0,21.49
fold2_room1_mix1073,32,4,0,6,0,34.22
fold2_room1_mix1073,33,4,0,8,0,34.34
fold2_room1_mix1073,34,4,0,6,0,30.51
fold2_room1_mix1073,35,4,0,8,0,28.77
fold2_room1_mix1073,36,4,0,7,0,37.07
fold2_room1_mix1073,37,4,0,7,0,36.26
fold2_room1_mix1073,38,4,0,6,0,36.66
fold2_room1_mix1073,39,1,0,-150,-2,3.16
fold2_room1_mix1073,39,4,0,5,0,38.16
fold2_room1_mix1073,40,1,0,-159,-3,27.84
fold2_room1_mix1073,40,4,0,10,-1,36.04
fold2_room1_mix1073,41,1,0,-161,-2,3.45
fold2_room1_mix1073,41,4,0,11,0,38.42
fold2_room1_mix1073,42,1,0,-151,-3,22.35
fold2_room1_mix1073,42,4,0,8,-1,34.91
fold2_room1_mix1073,43,1,0,-156,-3,26.27
fold2_room1_mix1073,43,4,0,6,-1,35.97
fold2_room1_mix1073,44,1,0,-159,-2,35.45
fold2_room1_mix1073,44,4,0,9,-1,36.67
fold2_room1_mix1073,45,1,0,-158,-2,33.06
fold2_room1_mix1073,45,4,0,7,-2,34.53
fold2_room1_mix1073,46,1,0,-162,-2,13.28
fold2_room1_mix1073,46,4,0,9,0,39.24
fold2_room1_mix1073,47,1,0,-158,-3,32.95
fold2_room1_mix1073,47,4,0,8,-1,39.06
fold2_room1_mix1073,48,1,0,-161,-3,29.06
fold2_room1_mix1073,48,4,0,9,-1,29.71
fold2_room1_mix1073,49,1,0,-162,-2,41.00
fold2_room1_mix1073,49,4,0,9,-1,29.60
fold2_room1_mix1073,50,1,0,-157,-2,30.91
fold2_room1_mix1073,50,4,0,7,0,33.97
fold2_room1_mix1073,51,1,0,-163,-2,7.72
fold2_room1_mix1073,51,4,0,10,-1,34.43
fold2_room1_mix1073,52,1,0,-162,-2,36.04
fold2_room1_mix1073,52,4,0,12,-2,33.80
fold2_room1_mix1073,53,1,0,-160,-2,39.79
fold2_room1_mix1073,53,4,0,8,-2,25.35
fold2_room1_mix1073,54,1,0,-166,-2,43.01
fold2_room1_mix1073,54,4,0,10,-2,27.08
fold2_room1_mix1073,55,1,0,-165,-2,27.71
fold2_room1_mix1073,55,4,0,8,-1,33.74
fold2_room1_mix1073,56,1,0,-159,-3,20.98
fold2_room1_mix1073,56,4,0,7,-1,25.06
fold2_room1_mix1073,57,1,0,-163,-2,36.01
fold2_room1_mix1073,57,4,0,9,-2,30.54
fold2_room1_mix1073,58,1,0,-163,-2,38.21
fold2_room1_mix1073,58,4,0,8,-1,36.30
fold2_room1_mix1073,59,1,0,-163,-2,37.49
fold2_room1_mix1073,59,4,0,10,-1,31.85
fold2_room1_mix1073,60,1,0,-163,-2,9.59
fold2_room1_mix1073,60,4,0,11,-2,34.55
fold2_room1_mix1073,61,1,0,-164,-2,21.13
fold2_room1_mix1073,61,4,0,8,-1,28.99
fold2_room1_mix1073,62,1,0,-163,-2,36.36
fold2_room1_mix1073,62,4,0,10,-3,26.96
fold2_room1_mix1073,63,1,0,-162,-2,34.08
fold2_room1_mix1073,63,4,0,8,-2,29.08
fold2_room1_mix1073,64,1,0,-164,-2,33.64
fold2_room1_mix1073,64,4,0,10,-1,29.82
fold2_room1_mix1073,65,1,0,-166,-1,5.62
fold2_room1_mix1073,65,4,0,15,-1,22.73
fold2_room1_mix1073,66,1,0,-164,-2,22.00
fold2_room1_mix1073,66,4,0,7,-1,24.80
fold2_room1_mix1073,67,1,0,-164,-2,25.51
fold2_room1_mix1073,67,4,0,11,-1,31.70
fold2_room1_mix1073,68,1,0,-169,-2,32.83
fold2_room1_mix1073,68,4,0,12,-2,26.32
fold2_room1_mix1073,69,1,0,-163,-3,23.26
fold2_room1_mix1073,69,4,0,10,-1,29.65
fold2_room1_mix1073,70,4,0,16,-2,25.51
fold2_room1_mix1073,71,4,0,9,-2,31.75
fold2_room1_mix1073,72,4,0,162,-2,35.45
fold2_room1_mix1073,72,4,0,16,-2,26.01
fold2_room1_mix1073,73,1,0,-167,-3,30.35
fold2_room1_mix1073,73,4,0,18,-2,23.21
fold2_room1_mix1073,74,4,0,11,-1,24.52
fold2_room1_mix1073,75,4,0,21,-3,16.27
fold2_room1_mix1073,76,4,0,29,-2,15.77
fold2_room1_mix1073,77,4,0,29,-3,14.20
fold2_room1_mix1073,78,4,0,32,-3,12.42
fold2_room1_mix1073,79,4,0,35,-3,11.69
fold2_room1_mix1073,80,4,0,35,-4,10.62
fold2_room1_mix1073,81,4,0,39,-4,9.23
fold2_room1_mix1073,82,4,0,39,-4,7.42
fold2_room1_mix1073,83,4,0,44,-5,7.23
fold2_room1_mix1073,84,4,0,43,-5,6.66
fold2_room1_mix1073,85,4,0,47,-5,5.98
fold2_room1_mix1073,86,4,0,56,-6,5.62
fold2_room1_mix1073,87,4,0,60,-7,4.60
fold2_room1_mix1073,88,4,0,68,-8,4.17
fold2_room1_mix1073,89,4,0,74,-9,4.37
fold2_room1_mix1073,90,4,0,86,-10,4.09
fold2_room1_mix1073,91,4,0,100,-8,4.83
fold2_room1_mix1073,92,4,0,109,-7,4.94
fold2_room1_mix1073,93,4,0,121,-7,4.72
fold2_room1_mix1073,94,4,0,129,-5,5.92
fold2_room1_mix1073,95,4,0,137,-4,6.61
fold2_room1_mix1073,96,4,0,140,-4,6.84
fold2_room1_mix1073,97,4,0,145,-4,7.52
fold2_room1_mix1073,98,4,0,149,-3,8.55
fold2_room1_mix1073,99,4,0,151,-3,8.97
fold2_room1_mix1073,5,4,0,5,1,3.17
fold2_room1_mix1074,2,4,0,179,2,1.09
fold2_room1_mix1074,3,4,0,-178,1,4.12
fold2_room1_mix1074,4,4,0,-177,0,16.90
fold2_room1_mix1074,5,4,0,-178,0,18.33
fold2_room1_mix1074,6,4,0,-177,0,22.45
fold2_room1_mix1074,7,4,0,-178,0,30.03
fold2_room1_mix1074,8,4,0,-177,-1,30.80
fold2_room1_mix1074,9,4,0,-178,-1,30.35
fold2_room1_mix1074,10,4,0,-177,0,29.56
fold2_room1_mix1074,11,4,0,-177,0,31.00
fold2_room1_mix1074,12,4,0,-178,0,30.52
fold2_room1_mix1074,13,4,0,-178,-1,29.65
fold2_room1_mix1074,14,4,0,-177,0,29.96
fold2_room1_mix1074,15,4,0,-177,0,29.02
fold2_room1_mix1074,16,4,0,-177,0,29.72
fold2_room1_mix1074,17,4,0,-177,0,29.49
fold2_room1_mix1074,18,4,0,-177,0,28.97
fold2_room1_mix1074,19,4,0,-177,0,31.92
fold2_room1_mix1074,20,4,0,-178,0,34.28
fold2_room1_mix1074,21,0,0,-19,-2,5.63
fold2_room1_mix1074,21,4,0,-178,0,33.68
fold2_room1_mix1074,22,0,0,-26,-2,8.79
fold2_room1_mix1074,22,4,0,-177,0,30.90
fold2_room1_mix1074,23,0,0,-30,-2,11.28
fold2_room1_mix1074,23,4,0,-177,0,29.41
fold2_room1_mix1074,24,0,0,-30,-2,11.14
fold2_room1_mix1074,24,4,0,-176,-1,30.20
fold2_room1_mix1074,25,0,0,-31,-2,14.78
fold2_room1_mix1074,25,4,0,-177,-1,27.82
fold2_room1_mix1074,26,0,0,-29,-2,16.25
fold2_room1_mix1074,26,4,0,-178,-1,26.95
fold2_room1_mix1074,27,0,0,-28,-2,16.23
fold2_room1_mix1074,27,4,0,-176,-1,28.23
fold2_room1_mix1074,28,0,0,-28,-2,15.68
fold2_room1_mix1074,28,4,0,-176,-1,27.41
fold2_room1_mix1074,29,0,0,-27,-2,17.03
fold2_room1_mix1074,29,4,0,-178,-1,25.01
fold2_room1_mix1074,30,0,0,-29,-2,16.93
fold2_room1_mix1074,30,4,0,-179,-1,25.38
fold2_room1_mix1074,31,0,0,-31,-2,15.16
fold2_room1_mix1074,31,4,0,-177,-2,22.34
fold2_room1_mix1074,32,0,0,-31,-3,15.54
fold2_room1_mix1074,32,4,0,-178,-1,21.21
fold2_room1_mix1074,33,0,0,-32,-3,14.72
fold2_room1_mix1074,33,4,0,-176,-1,21.46
fold2_room1_mix1074,34,0,0,-34,-3,14.57
fold2_room1_mix1074,34,4,0,-175,-2,20.86
fold2_room1_mix1074,35,0,0,-35,-3,15.41
fold2_room1_mix1074,35,4,0,-178,-2,21.32
fold2_room1_mix1074,35,4,0,-158,-5,19.04
fold2_room1_mix1074,36,0,0,-35,-3,14.15
fold2_room1_mix1074,36,4,0,-175,-2,20.40
fold2_room1_mix1074,37,0,0,-35,-3,14.60
fold2_room1_mix1074,37,4,0,-174,-2,20.09
fold2_room1_mix1074,38,0,0,-37,-3,13.63
fold2_room1_mix1074,38,4,0,-173,-2,19.61
fold2_room1_mix1074,39,0,0,-38,-3,14.44
fold2_room1_mix1074,39,4,0,-174,-2,19.35
fold2_room1_mix1074,40,0,0,-39,-3,13.09
fold2_room1_mix1074,40,4,0,-174,-2,18.32
fold2_room1_mix1074,41,0,0,-40,-3,12.66
fold2_room1_mix1074,41,4,0,-175,-2,18.62
fold2_room1_mix1074,42,0,0,-41,-3,12.14
fold2_room1_mix1074,42,4,0,-176,-2,17.82
fold2_room1_mix1074,43,0,0,-42,-4,11.74
fold2_room1_mix1074,43,4,0,-174,-2,18.58
fold2_room1_mix1074,44,0,0,-45,-4,9.75
fold2_room1_mix1074,44,4,0,-174,-3,16.52
fold2_room1_mix1074,45,0,0,-47,-4,10.30
fold2_room1_mix1074,45,4,0,-175,-3,16.54
fold2_room1_mix1074,46,0,0,-51,-4,9.44
fold2_room1_mix1074,46,4,0,-177,-3,15.95
fold2_room1_mix1074,47,0,0,-59,-5,9.25
fold2_room1_mix1074,47,4,0,-177,-3,15.24
fold2_room1_mix1074,48,0,0,-74,-6,8.87
fold2_room1_mix1074,48,4,0,-178,-3,14.80
fold2_room1_mix1074,49,0,0,-84,-6,8.57
fold2_room1_mix1074,49,4,0,-179,-4,13.48
fold2_room1_mix1074,50,0,0,-91,-6,7.95
fold2_room1_mix1074,50,4,0,-179,-4,13.89
fold2_room1_mix1074,51,0,0,-99,-6,8.79
fold2_room1_mix1074,51,4,0,-178,-3,13.63
fold2_room1_mix1074,52,0,0,-102,-6,9.27
fold2_room1_mix1074,52,4,0,-177,-3,14.22
fold2_room1_mix1074,53,0,0,-103,-6,9.03
fold2_room1_mix1074,53,4,0,-176,-4,12.68
fold2_room1_mix1074,54,0,0,-110,-6,9.26
fold2_room1_mix1074,54,4,0,-176,-4,11.76
fold2_room1_mix1074,55,0,0,-116,-5,9.71
fold2_room1_mix1074,55,4,0,-175,-4,11.60
fold2_room1_mix1074,56,0,0,-121,-5,10.07
fold2_room1_mix1074,56,4,0,-173,-4,11.34
fold2_room1_mix1074,57,0,0,-123,-5,9.79
fold2_room1_mix1074,57,4,0,-172,-4,10.68
fold2_room1_mix1074,58,0,0,-123,-5,9.65
fold2_room1_mix1074,58,4,0,-173,-4,9.67
fold2_room1_mix1074,59,0,0,-124,-5,9.75
fold2_room1_mix1074,59,4,0,-172,-5,9.45
fold2_room1_mix1074,60,0,0,-127,-5,9.69
fold2_room1_mix1074,60,4,0,-172,-4,8.98
fold2_room1_mix1074,61,0,0,-131,-4,10.58
fold2_room1_mix1074,61,4,0,-171,-5,8.38
fold2_room1_mix1074,62,0,0,-132,-4,10.30
fold2_room1_mix1074,62,4,0,-171,-4,8.79
fold2_room1_mix1074,63,0,0,-137,-3,10.16
fold2_room1_mix1074,63,4,0,-168,-4,8.29
fold2_room1_mix1074,64,0,0,-140,-3,10.73
fold2_room1_mix1074,64,4,0,-167,-4,7.68
fold2_room1_mix1074,65,0,0,-136,-3,8.97
fold2_room1_mix1074,65,4,0,-165,-5,6.98
fold2_room1_mix1074,66,0,0,-135,-3,6.39
fold2_room1_mix1074,66,4,0,-163,-4,6.39
fold2_room1_mix1074,67,0,0,-134,-3,6.81
fold2_room1_mix1074,67,4,0,-161,-5,6.15
fold2_room1_mix1074,68,0,0,-139,-2,7.68
fold2_room1_mix1074,68,4,0,-159,-5,5.33
fold2_room1_mix1074,69,0,0,-139,-2,6.43
fold2_room1_mix1074,69,4,0,-156,-6,4.51
fold2_room1_mix1074,70,0,0,-136,-2,7.71
fold2_room1_mix1074,70,4,0,-155,-6,4.12
fold2_room1_mix1074,71,0,0,-131,-3,7.87
fold2_room1_mix1074,71,4,0,-152,-7,3.44
fold2_room1_mix1074,72,0,0,-136,-2,7.40
fold2_room1_mix1074,72,4,0,-149,-8,3.15
fold2_room1_mix1074,73,0,0,-137,-2,7.85
fold2_room1_mix1074,73,4,0,-145,-10,2.48
fold2_room1_mix1074,74,0,0,-138,-3,8.20
fold2_room1_mix1074,74,4,0,-141,-10,1.98
fold2_room1_mix1074,75,0,0,-133,-3,7.02
fold2_room1_mix1074,75,4,0,-134,-11,1.85
fold2_room1_mix1074,76,0,0,-124,-3,7.11
fold2_room1_mix1074,76,4,0,-118,-12,1.54
fold2_room1_mix1074,77,0,0,-114,-3,6.96
fold2_room1_mix1074,77,4,0,-95,-12,1.54
fold2_room1_mix1074,78,0,0,-102,-3,7.30
fold2_room1_mix1074,78,4,0,-71,-11,1.67
fold2_room1_mix1074,79,0,0,-77,-3,9.25
fold2_room1_mix1074,79,4,0,-52,-9,1.82
fold2_room1_mix1074,80,0,0,-72,-3,9.94
fold2_room1_mix1074,80,4,0,-41,-8,2.36
fold2_room1_mix1074,81,0,0,-60,-3,11.34
fold2_room1_mix1074,81,4,0,-32,-7,2.70
fold2_room1_mix1074,82,0,0,-54,-2,10.22
fold2_room1_mix1074,82,4,0,-29,-6,2.88
fold2_room1_mix1074,83,0,0,-46,-2,10.41
fold2_room1_mix1074,83,4,0,-24,-5,3.49
fold2_room1_mix1074,84,0,0,-41,-2,10.63
fold2_room1_mix1074,84,4,0,-19,-4,4.04
fold2_room1_mix1074,85,0,0,-36,-2,9.34
fold2_room1_mix1074,85,4,0,-17,-4,4.60
fold2_room1_mix1074,86,0,0,-34,-2,10.12
fold2_room1_mix1074,86,4,0,-16,-3,4.93
fold2_room1_mix1074,87,0,0,-27,-1,12.77
fold2_room1_mix1074,87,4,0,-14,-3,5.11
fold2_room1_mix1074,88,0,0,-29,-1,8.82
fold2_room1_mix1074,88,4,0,-13,-3,5.98
fold2_room1_mix1074,89,4,0,-11,-3,6.80
fold2_room1_mix1074,90,4,0,-11,-3,6.83
fold2_room1_mix1074,91,4,0,-10,-2,8.24
fold2_room1_mix1074,92,4,0,-8,-2,8.62
fold2_room1_mix1074,93,0,0,-19,-1,4.67
fold2_room1_mix1074,93,4,0,-9,-2,8.49
fold2_room1_mix1074,94,4,0,-8,-2,9.60
fold2_room1_mix1074,95,4,0,-7,-2,10.28
fold2_room1_mix1074,96,4,0,-7,-2,10.40
fold2_room1_mix1074,97,4,0,-7,-2,11.75
fold2_room1_mix1074,98,4,0,-7,-2,11.80
fold2_room1_mix1074,99,4,0,-6,-2,12.30
fold2_room1_mix1075,4,4,0,-3,0,15.02
fold2_room1_mix1075,5,4,0,-6,0,15.68
fold2_room1_mix1075,6,4,0,-6,0,18.43
fold2_room1_mix1075,7,4,0,-3,-1,30.33
fold2_room1_mix1075,8,4,0,-4,-1,29.15
fold2_room1_mix1075,9,4,0,-3,-1,30.78
fold2_room1_mix1075,10,4,0,-4,-1,27.95
fold2_room1_mix1075,11,4,0,-3,-1,30.60
fold2_room1_mix1075,12,4,0,-4,-1,29.66
fold2_room1_mix1075,13,4,0,-3,-1,27.38
fold2_room1_mix1075,14,4,0,-5,-1,28.39
fold2_room1_mix1075,15,4,0,-2,-1,28.04
fold2_room1_mix1075,16,4,0,-3,-1,25.65
fold2_room1_mix1075,17,4,0,-4,-1,27.19
fold2_room1_mix1075,18,4,0,-4,-1,26.48
fold2_room1_mix1075,19,4,0,-3,-1,26.16
fold2_room1_mix1075,20,4,0,-4,-1,26.96
fold2_room1_mix1075,21,4,0,-4,-1,25.14
fold2_room1_mix1075,22,4,0,-6,-1,25.37
fold2_room1_mix1075,23,4,0,-5,-1,23.07
fold2_room1_mix1075,24,4,0,-6,-1,23.34
fold2_room1_mix1075,25,4,0,-6,-1,24.17
fold2_room1_mix1075,26,4,0,-6,-1,22.69
fold2_room1_mix1075,27,4,0,-3,-1,23.11
fold2_room1_mix1075,28,4,0,-4,-1,22.34
fold2_room1_mix1075,29,4,0,-4,-1,20.92
fold2_room1_mix1075,30,4,0,-6,-1,21.02
fold2_room1_mix1075,31,4,0,-5,-1,21.41
fold2_room1_mix1075,32,4,0,-6,-1,20.75
fold2_room1_mix1075,33,4,0,-5,-1,21.14
fold2_room1_mix1075,34,4,0,-6,-1,20.19
fold2_room1_mix1075,35,4,0,-7,-1,20.15
fold2_room1_mix1075,36,4,0,-6,-1,20.02
fold2_room1_mix1075,37,4,0,-7,-1,18.48
fold2_room1_mix1075,38,4,0,-7,-1,19.05
fold2_room1_mix1075,39,4,0,-6,-1,18.33
fold2_room1_mix1075,40,4,0,-8,-1,17.33
fold2_room1_mix1075,41,4,0,-7,-1,17.20
fold2_room1_mix1075,42,4,0,-9,-2,16.14
fold2_room1_mix1075,43,4,0,-10,-2,15.70
fold2_room1_mix1075,44,4,0,-9,-2,15.03
fold2_room1_mix1075,45,4,0,-10,-2,14.42
fold2_room1_mix1075,46,4,0,-10,-2,14.41
fold2_room1_mix1075,47,4,0,-11,-2,13.63
fold2_room1_mix1075,48,4,0,-11,-2,13.35
fold2_room1_mix1075,49,4,0,-12,-2,13.73
fold2_room1_mix1075,50,4,0,-11,-3,12.80
fold2_room1_mix1075,51,4,0,-13,-2,12.60
fold2_room1_mix1075,52,4,0,-13,-2,12.42
fold2_room1_mix1075,53,4,0,-12,-3,12.06
fold2_room1_mix1075,54,4,0,-13,-3,11.70
fold2_room1_mix1075,55,4,0,-15,-3,10.81
fold2_room1_mix1075,56,4,0,-14,-3,10.40
fold2_room1_mix1075,57,4,0,-16,-3,10.01
fold2_room1_mix1075,58,4,0,-17,-3,9.10
fold2_room1_mix1075,59,4,0,-18,-4,9.44
fold2_room1_mix1075,60,4,0,-18,-4,8.62
fold2_room1_mix1075,61,4,0,-20,-4,7.88
fold2_room1_mix1075,62,4,0,-21,-4,7.84
fold2_room1_mix1075,63,4,0,-22,-5,7.43
fold2_room1_mix1075,64,4,0,-23,-5,6.94
fold2_room1_mix1075,65,4,0,-24,-5,6.90
fold2_room1_mix1075,66,4,0,-26,-6,5.96
fold2_room1_mix1075,67,4,0,-26,-6,5.69
fold2_room1_mix1075,68,4,0,-28,-6,5.65
fold2_room1_mix1075,69,4,0,-31,-7,4.93
fold2_room1_mix1075,70,4,0,-32,-7,4.80
fold2_room1_mix1075,71,4,0,-35,-8,4.30
fold2_room1_mix1075,72,4,0,-39,-9,4.03
fold2_room1_mix1075,73,4,0,-39,-9,4.00
fold2_room1_mix1075,74,4,0,-45,-9,3.47
fold2_room1_mix1075,75,4,0,-48,-10,3.34
fold2_room1_mix1075,76,4,0,-52,-11,3.28
fold2_room1_mix1075,77,4,0,-58,-12,2.99
fold2_room1_mix1075,78,4,0,-64,-12,3.10
fold2_room1_mix1075,79,4,0,-74,-14,2.77
fold2_room1_mix1075,80,4,0,-82,-14,2.86
fold2_room1_mix1075,81,4,0,-89,-14,3.00
fold2_room1_mix1075,82,4,0,-98,-15,2.98
fold2_room1_mix1075,83,4,0,-107,-14,3.03
fold2_room1_mix1075,84,4,0,-115,-13,3.16
fold2_room1_mix1075,85,4,0,-124,-12,3.33
fold2_room1_mix1075,86,4,0,-132,-11,3.72
fold2_room1_mix1075,87,4,0,-136,-10,3.86
fold2_room1_mix1075,88,4,0,-138,-9,4.07
fold2_room1_mix1075,89,4,0,-141,-9,4.26
fold2_room1_mix1075,90,4,0,-142,-8,4.37
fold2_room1_mix1075,91,4,0,-146,-8,4.75
fold2_room1_mix1075,92,4,0,-147,-7,5.02
fold2_room1_mix1075,93,4,0,-149,-7,5.44
fold2_room1_mix1075,94,4,0,-150,-6,5.87
fold2_room1_mix1075,95,4,0,-151,-6,6.03
fold2_room1_mix1075,96,4,0,-152,-6,6.49
fold2_room1_mix1075,97,4,0,-154,-6,6.90
fold2_room1_mix1075,98,4,0,-154,-5,7.37
fold2_room1_mix1075,99,4,0,-157,-4,7.50
fold2_room1_mix1076,8,0,0,-6,-1,6.31
fold2_room1_mix1076,9,0,0,-8,-1,6.50
fold2_room1_mix1076,10,0,0,-7,-1,8.09
fold2_room1_mix1076,11,0,0,-13,-1,21.41
fold2_room1_mix1076,12,0,0,-12,-1,22.10
fold2_room1_mix1076,13,0,0,-14,-1,19.98
fold2_room1_mix1076,14,0,0,-16,-1,32.04
fold2_room1_mix1076,15,0,0,-13,-1,47.79
fold2_room1_mix1076,16,0,0,-15,-1,36.76
fold2_room1_mix1076,17,0,0,-16,-1,39.00
fold2_room1_mix1076,18,0,0,-14,-1,40.19
fold2_room1_mix1076,19,0,0,-16,-1,34.99
fold2_room1_mix1076,20,0,0,-19,-1,29.14
fold2_room1_mix1076,21,0,0,-17,-1,33.57
fold2_room1_mix1076,22,0,0,-17,-1,37.26
fold2_room1_mix1076,23,0,0,-18,-1,35.06
fold2_room1_mix1076,24,0,0,-16,-1,35.76
fold2_room1_mix1076,25,0,0,-14,-1,39.77
fold2_room1_mix1076,26,0,0,-16,-1,35.65
fold2_room1_mix1076,27,0,0,-15,-1,38.66
fold2_room1_mix1076,28,0,0,-16,-1,31.56
fold2_room1_mix1076,29,0,0,-16,-1,34.07
fold2_room1_mix1076,30,0,0,-19,-1,16.09
fold2_room1_mix1076,31,0,0,-18,0,4.92
fold2_room1_mix1076,55,2,0,-112,-5,3.99
fold2_room1_mix1076,61,2,0,-114,-5,6.20
fold2_room1_mix1076,62,2,0,-118,-5,6.28
fold2_room1_mix1076,63,2,0,-117,-5,6.46
fold2_room1_mix1076,64,2,0,-116,-5,5.73
fold2_room1_mix1076,65,2,0,-116,-4,6.67
fold2_room1_mix1076,66,2,0,-117,-4,6.15
fold2_room1_mix1076,71,2,0,-115,-4,7.62
fold2_room1_mix1076,72,2,0,-117,-4,8.08
fold2_room1_mix1076,73,2,0,-119,-4,7.75
fold2_room1_mix1076,74,2,0,-120,-5,7.08
fold2_room1_mix1076,75,2,0,-121,-5,7.06
fold2_room1_mix1076,76,2,0,-121,-4,6.38
fold2_room1_mix1076,81,2,0,-121,-4,7.88
fold2_room1_mix1076,82,2,0,-122,-4,8.55
fold2_room1_mix1076,83,2,0,-122,-4,9.09
fold2_room1_mix1076,84,2,0,-124,-4,8.83
fold2_room1_mix1076,85,2,0,-125,-4,9.58
fold2_room1_mix1076,86,2,0,-124,-4,8.52
fold2_room1_mix1077,3,4,0,-2,0,7.88
fold2_room1_mix1077,4,4,0,-2,-1,15.55
fold2_room1_mix1077,5,4,0,-5,-1,18.69
fold2_room1_mix1077,6,4,0,-4,-1,19.84
fold2_room1_mix1077,7,4,0,-1,-1,29.16
fold2_room1_mix1077,8,4,0,-2,-2,27.79
fold2_room1_mix1077,9,4,0,-3,-1,29.09
fold2_room1_mix1077,10,4,0,-2,-1,27.62
fold2_room1_mix1077,11,4,0,-1,-1,27.91
fold2_room1_mix1077,12,4,0,-1,-1,28.98
fold2_room1_mix1077,13,4,0,-1,-1,27.18
fold2_room1_mix1077,14,4,0,-2,-1,26.38
fold2_room1_mix1077,15,4,0,-1,-1,26.08
fold2_room1_mix1077,16,4,0,-2,-1,25.03
fold2_room1_mix1077,17,4,0,-4,-1,25.13
fold2_room1_mix1077,18,4,0,-3,-1,24.61
fold2_room1_mix1077,19,4,0,-1,-1,23.87
fold2_room1_mix1077,20,4,0,-2,-1,25.01
fold2_room1_mix1077,21,4,0,-3,-1,23.65
fold2_room1_mix1077,22,4,0,-2,-1,22.67
fold2_room1_mix1077,23,4,0,-3,-1,21.81
fold2_room1_mix1077,24,4,0,-3,-1,21.81
fold2_room1_mix1077,25,4,0,-5,-1,22.38
fold2_room1_mix1077,26,4,0,-3,-1,22.40
fold2_room1_mix1077,27,4,0,-4,-1,21.77
fold2_room1_mix1077,28,4,0,-5,-1,22.63
fold2_room1_mix1077,29,4,0,-4,-1,21.91
fold2_room1_mix1077,30,4,0,-5,-1,20.83
fold2_room1_mix1077,31,4,0,-6,-1,21.34
fold2_room1_mix1077,32,4,0,-5,-1,20.60
fold2_room1_mix1077,33,4,0,-6,-1,20.66
fold2_room1_mix1077,34,4,0,-5,-1,19.23
fold2_room1_mix1077,35,4,0,-6,-1,18.24
fold2_room1_mix1077,36,4,0,-5,-1,18.63
fold2_room1_mix1077,37,4,0,-5,-1,18.49
fold2_room1_mix1077,38,4,0,-5,-1,17.51
fold2_room1_mix1077,39,4,0,-7,-1,17.36
fold2_room1_mix1077,40,4,0,-6,-1,16.60
fold2_room1_mix1077,41,4,0,-7,-1,16.21
fold2_room1_mix1077,42,4,0,-7,-1,15.65
fold2_room1_mix1077,43,4,0,-8,-2,14.62
fold2_room1_mix1077,44,4,0,-8,-2,15.45
fold2_room1_mix1077,45,4,0,-8,-2,15.29
fold2_room1_mix1077,46,4,0,-9,-2,14.73
fold2_room1_mix1077,47,4,0,-8,-2,14.89
fold2_room1_mix1077,48,4,0,-8,-2,13.56
fold2_room1_mix1077,49,4,0,-10,-2,13.74
fold2_room1_mix1077,50,4,0,-11,-2,13.98
fold2_room1_mix1077,51,4,0,-11,-2,12.67
fold2_room1_mix1077,52,4,0,-12,-2,12.64
fold2_room1_mix1077,53,4,0,-11,-2,12.41
fold2_room1_mix1077,54,4,0,-13,-3,11.50
fold2_room1_mix1077,55,4,0,-12,-2,11.60
fold2_room1_mix1077,56,4,0,-12,-3,10.82
fold2_room1_mix1077,57,4,0,-13,-3,10.38
fold2_room1_mix1077,58,4,0,-14,-3,9.78
fold2_room1_mix1077,59,4,0,-15,-3,9.48
fold2_room1_mix1077,60,4,0,-14,-3,9.43
fold2_room1_mix1077,61,4,0,-16,-4,8.75
fold2_room1_mix1077,62,4,0,-17,-4,8.37
fold2_room1_mix1077,63,4,0,-17,-4,7.99
fold2_room1_mix1077,64,4,0,-19,-4,7.59
fold2_room1_mix1077,65,4,0,-20,-4,7.56
fold2_room1_mix1077,66,4,0,-20,-5,7.07
fold2_room1_mix1077,67,4,0,-22,-5,6.70
fold2_room1_mix1077,68,4,0,-21,-5,6.62
fold2_room1_mix1077,69,4,0,-23,-5,6.32
fold2_room1_mix1077,70,4,0,-24,-5,5.67
fold2_room1_mix1077,71,4,0,-24,-5,5.63
fold2_room1_mix1077,72,4,0,-27,-5,5.19
fold2_room1_mix1077,73,4,0,-27,-6,4.92
fold2_room1_mix1077,74,4,0,-30,-6,4.62
fold2_room1_mix1077,75,4,0,-32,-7,4.14
fold2_room1_mix1077,76,4,0,-33,-7,4.07
fold2_room1_mix1077,77,4,0,-35,-8,3.76
fold2_room1_mix1077,78,4,0,-38,-8,3.55
fold2_room1_mix1077,79,4,0,-42,-9,3.37
fold2_room1_mix1077,80,4,0,-44,-9,2.94
fold2_room1_mix1077,81,4,0,-47,-10,2.83
fold2_room1_mix1077,82,4,0,-51,-11,2.68
fold2_room1_mix1077,83,4,0,-56,-11,2.48
fold2_room1_mix1077,84,4,0,-61,-11,2.52
fold2_room1_mix1077,85,4,0,-71,-12,2.54
fold2_room1_mix1077,86,4,0,-80,-13,2.51
fold2_room1_mix1077,87,4,0,-87,-13,2.55
fold2_room1_mix1077,88,4,0,-97,-12,2.59
fold2_room1_mix1077,89,4,0,-104,-12,2.87
fold2_room1_mix1077,90,4,0,-114,-10,2.78
fold2_room1_mix1077,91,4,0,-122,-10,2.81
fold2_room1_mix1077,92,4,0,-130,-9,3.03
fold2_room1_mix1077,93,4,0,-133,-9,3.16
fold2_room1_mix1077,94,4,0,-136,-9,3.19
fold2_room1_mix1077,95,4,0,-139,-8,3.49
fold2_room1_mix1077,96,4,0,-142,-8,3.69
fold2_room1_mix1077,97,4,0,-144,-7,3.90
fold2_room1_mix1077,98,4,0,-147,-7,3.96
fold2_room1_mix1077,99,4,0,-148,-7,4.01
fold2_room1_mix1077,2,4,0,-4,0,3.08
fold2_room1_mix1078,2,4,0,178,3,1.00
fold2_room1_mix1078,3,4,0,-179,0,6.48
fold2_room1_mix1078,4,4,0,178,0,8.77
fold2_room1_mix1078,5,4,0,176,0,10.26
fold2_room1_mix1078,6,4,0,176,0,11.00
fold2_room1_mix1078,7,4,0,177,-1,15.04
fold2_room1_mix1078,8,4,0,178,-1,14.95
fold2_room1_mix1078,9,4,0,179,-1,13.96
fold2_room1_mix1078,10,4,0,-179,-1,13.90
fold2_room1_mix1078,11,4,0,178,-1,14.02
fold2_room1_mix1078,12,4,0,179,-1,13.63
fold2_room1_mix1078,13,4,0,179,-1,13.33
fold2_room1_mix1078,14,4,0,179,-2,12.93
fold2_room1_mix1078,15,4,0,179,-1,12.63
fold2_room1_mix1078,16,4,0,-179,-2,11.65
fold2_room1_mix1078,17,4,0,-179,-2,11.52
fold2_room1_mix1078,18,4,0,-179,-2,10.78
fold2_room1_mix1078,19,4,0,179,-2,10.63
fold2_room1_mix1078,20,4,0,179,-2,9.97
fold2_room1_mix1078,21,4,0,-179,-3,9.48
fold2_room1_mix1078,22,4,0,-179,-3,9.39
fold2_room1_mix1078,23,4,0,-179,-3,8.70
fold2_room1_mix1078,24,4,0,-178,-3,8.07
fold2_room1_mix1078,25,4,0,-178,-3,8.26
fold2_room1_mix1078,26,4,0,-178,-3,8.27
fold2_room1_mix1078,27,4,0,-177,-3,8.15
fold2_room1_mix1078,28,4,0,-177,-4,7.59
fold2_room1_mix1078,29,4,0,-176,-4,6.96
fold2_room1_mix1078,30,4,0,-176,-4,7.29
fold2_room1_mix1078,31,4,0,-175,-4,7.25
fold2_room1_mix1078,32,4,0,-175,-4,6.33
fold2_room1_mix1078,33,4,0,-174,-4,6.77
fold2_room1_mix1078,34,4,0,-173,-5,6.68
fold2_room1_mix1078,35,4,0,-174,-5,5.99
fold2_room1_mix1078,36,4,0,-174,-6,5.67
fold2_room1_mix1078,37,4,0,-172,-7,5.00
fold2_room1_mix1078,38,4,0,-170,-7,4.85
fold2_room1_mix1078,39,4,0,-171,-8,4.64
fold2_room1_mix1078,40,4,0,-168,-10,4.29
fold2_room1_mix1078,41,4,0,-167,-12,3.79
fold2_room1_mix1078,42,4,0,-164,-14,3.61
fold2_room1_mix1078,43,4,0,-161,-17,3.14
fold2_room1_mix1078,44,4,0,-173,-9,6.72
fold2_room1_mix1078,44,4,0,-148,-28,1.54
fold2_room1_mix1078,45,4,0,179,-12,7.15
fold2_room1_mix1078,45,4,0,-121,-41,0.95
fold2_room1_mix1078,46,4,0,175,-12,7.30
fold2_room1_mix1078,46,4,0,-73,-44,0.96
fold2_room1_mix1078,47,4,0,178,-11,6.87
fold2_room1_mix1078,47,4,0,-45,-39,1.18
fold2_room1_mix1078,48,4,0,-166,-10,5.01
fold2_room1_mix1078,48,4,0,-94,-37,1.95
fold2_room1_mix1078,48,4,0,-33,-27,1.77
fold2_room1_mix1078,49,4,0,-159,-10,3.89
fold2_room1_mix1078,49,4,0,-115,-30,1.89
fold2_room1_mix1078,49,4,0,-24,-21,2.16
fold2_room1_mix1078,50,4,0,-155,-13,3.36
fold2_room1_mix1078,50,4,0,-45,-26,1.78
fold2_room1_mix1078,50,4,0,-26,-19,2.62
fold2_room1_mix1078,51,4,0,-150,-14,2.88
fold2_room1_mix1078,51,4,0,-103,-27,1.84
fold2_room1_mix1078,51,4,0,-27,-18,2.45
fold2_room1_mix1078,52,4,0,-138,-17,2.24
fold2_room1_mix1078,52,4,0,-51,-25,2.05
fold2_room1_mix1078,52,4,0,-23,-15,2.69
fold2_room1_mix1078,53,4,0,-119,-24,1.39
fold2_room1_mix1078,53,4,0,-20,-13,2.81
fold2_room1_mix1078,54,4,0,-122,-24,1.66
fold2_room1_mix1078,54,4,0,-52,-19,1.74
fold2_room1_mix1078,54,4,0,-23,-12,3.01
fold2_room1_mix1078,55,4,0,-79,-23,1.47
fold2_room1_mix1078,55,4,0,-14,-11,2.95
fold2_room1_mix1078,56,4,0,-45,-21,1.36
fold2_room1_mix1078,56,4,0,-11,-10,3.62
fold2_room1_mix1078,57,4,0,-41,-19,1.89
fold2_room1_mix1078,57,4,0,-14,-9,3.19
fold2_room1_mix1078,58,4,0,-17,-10,3.50
fold2_room1_mix1078,59,4,0,-12,-8,3.99
fold2_room1_mix1078,60,4,0,-11,-8,4.84
fold2_room1_mix1078,61,4,0,-9,-7,4.74
fold2_room1_mix1078,62,4,0,-9,-6,5.25
fold2_room1_mix1078,63,4,0,-6,-6,5.68
fold2_room1_mix1078,64,4,0,-4,-6,6.18
fold2_room1_mix1078,65,4,0,11,-10,4.08
fold2_room1_mix1078,65,4,0,-6,-5,7.56
fold2_room1_mix1078,66,4,0,21,-12,4.70
fold2_room1_mix1078,66,4,0,-7,-5,8.05
fold2_room1_mix1078,67,4,0,54,-7,7.56
fold2_room1_mix1078,67,4,0,-3,-5,7.38
fold2_room1_mix1078,68,4,0,56,-5,9.43
fold2_room1_mix1078,68,4,0,-2,-5,8.05
fold2_room1_mix1078,69,4,0,52,-6,8.52
fold2_room1_mix1078,69,4,0,-4,-4,8.74
fold2_room1_mix1078,70,4,0,48,-7,8.34
fold2_room1_mix1078,70,4,0,-2,-4,8.99
fold2_room1_mix1078,71,4,0,66,-5,10.07
fold2_room1_mix1078,71,4,0,-3,-3,10.19
fold2_room1_mix1078,72,4,0,53,-4,10.45
fold2_room1_mix1078,72,4,0,-2,-3,10.27
fold2_room1_mix1078,73,4,0,51,-4,11.22
fold2_room1_mix1078,73,4,0,-3,-3,10.59
fold2_room1_mix1078,74,4,0,48,-4,10.91
fold2_room1_mix1078,74,4,0,-3,-3,10.34
fold2_room1_mix1078,75,4,0,48,-3,11.88
fold2_room1_mix1078,75,4,0,-1,-3,10.96
fold2_room1_mix1078,76,4,0,48,-3,11.89
fold2_room1_mix1078,76,4,0,-1,-3,10.78
fold2_room1_mix1078,77,4,0,47,-3,11.34
fold2_room1_mix1078,77,4,0,-1,-2,11.54
fold2_room1_mix1078,78,4,0,54,-3,12.05
fold2_room1_mix1078,78,4,0,-1,-3,11.75
fold2_room1_mix1078,79,4,0,52,-3,11.53
fold2_room1_mix1078,79,4,0,-2,-2,11.96
fold2_room1_mix1078,80,4,0,52,-3,12.36
fold2_room1_mix1078,80,4,0,-1,-2,12.71
fold2_room1_mix1078,81,4,0,53,-3,12.10
fold2_room1_mix1078,81,4,0,-2,-2,13.21
fold2_room1_mix1078,82,4,0,53,-3,12.36
fold2_room1_mix1078,82,4,0,-2,-2,13.16
fold2_room1_mix1078,83,4,0,55,-3,11.91
fold2_room1_mix1078,83,4,0,-2,-1,14.39
fold2_room1_mix1078,84,4,0,58,-3,12.38
fold2_room1_mix1078,84,4,0,-1,-1,14.82
fold2_room1_mix1078,85,4,0,60,-3,12.24
fold2_room1_mix1078,85,4,0,-1,-1,14.01
fold2_room1_mix1078,86,4,0,58,-3,12.27
fold2_room1_mix1078,86,4,0,-1,-2,14.27
fold2_room1_mix1078,87,4,0,61,-2,13.19
fold2_room1_mix1078,87,4,0,-2,-1,15.03
fold2_room1_mix1078,88,4,0,67,-2,13.79
fold2_room1_mix1078,88,4,0,0,-1,14.74
fold2_room1_mix1078,89,4,0,71,-3,12.51
fold2_room1_mix1078,89,4,0,-1,-2,14.86
fold2_room1_mix1078,90,4,0,66,-2,13.32
fold2_room1_mix1078,90,4,0,-2,-1,15.13
fold2_room1_mix1078,91,4,0,61,-2,12.61
fold2_room1_mix1078,91,4,0,-1,-1,15.31
fold2_room1_mix1078,92,4,0,66,-2,13.33
fold2_room1_mix1078,92,4,0,-2,-1,15.88
fold2_room1_mix1078,93,4,0,72,-2,13.31
fold2_room1_mix1078,93,4,0,-1,-1,16.29
fold2_room1_mix1078,94,4,0,61,-1,14.00
fold2_room1_mix1078,94,4,0,-1,-1,16.00
fold2_room1_mix1078,95,4,0,62,-2,14.24
fold2_room1_mix1078,95,4,0,-1,-1,16.59
fold2_room1_mix1078,96,4,0,59,-2,14.24
fold2_room1_mix1078,96,4,0,-2,-1,16.31
fold2_room1_mix1078,97,4,0,59,-2,14.31
fold2_room1_mix1078,97,4,0,-1,-1,17.89
fold2_room1_mix1078,98,4,0,58,-2,14.31
fold2_room1_mix1078,98,4,0,0,-1,17.01
fold2_room1_mix1078,99,4,0,59,-2,13.47
fold2_room1_mix1078,99,4,0,-1,-1,15.26
fold2_room1_mix1079,2,4,0,172,4,0.57
fold2_room1_mix1079,4,4,0,170,0,10.58
fold2_room1_mix1079,5,4,0,166,0,11.67
fold2_room1_mix1079,6,4,0,173,0,15.62
fold2_room1_mix1079,7,4,0,167,-1,19.10
fold2_room1_mix1079,8,4,0,172,-1,19.96
fold2_room1_mix1079,9,4,0,169,-1,20.80
fold2_room1_mix1079,10,4,0,170,-1,20.02
fold2_room1_mix1079,11,4,0,168,-1,20.52
fold2_room1_mix1079,12,4,0,167,-1,20.53
fold2_room1_mix1079,13,4,0,165,-1,18.94
fold2_room1_mix1079,14,4,0,165,-1,19.34
fold2_room1_mix1079,15,4,0,162,-1,18.37
fold2_room1_mix1079,16,4,0,163,-1,18.63
fold2_room1_mix1079,17,4,0,164,-1,19.01
fold2_room1_mix1079,18,4,0,165,-1,17.79
fold2_room1_mix1079,19,4,0,161,-1,18.33
fold2_room1_mix1079,20,4,0,163,-1,17.65
fold2_room1_mix1079,21,4,0,163,-1,17.86
fold2_room1_mix1079,22,4,0,158,-1,17.69
fold2_room1_mix1079,23,4,0,158,-1,18.07
fold2_room1_mix1079,24,4,0,159,-1,17.13
fold2_room1_mix1079,25,1,0,25,-2,23.73
fold2_room1_mix1079,25,4,0,161,-1,17.29
fold2_room1_mix1079,26,1,0,34,-2,21.01
fold2_room1_mix1079,26,4,0,162,-2,16.93
fold2_room1_mix1079,27,1,0,45,-2,19.31
fold2_room1_mix1079,27,4,0,165,-1,18.52
fold2_room1_mix1079,28,4,0,161,-1,17.90
fold2_room1_mix1079,29,1,0,41,-2,19.64
fold2_room1_mix1079,29,4,0,157,-1,17.10
fold2_room1_mix1079,30,1,0,46,-3,16.85
fold2_room1_mix1079,30,4,0,160,-1,17.12
fold2_room1_mix1079,31,1,0,52,-3,17.22
fold2_room1_mix1079,31,4,0,166,-1,15.22
fold2_room1_mix1079,32,1,0,59,-3,14.71
fold2_room1_mix1079,32,4,0,168,-2,19.03
fold2_room1_mix1079,33,1,0,55,-3,20.58
fold2_room1_mix1079,33,4,0,163,-2,17.54
fold2_room1_mix1079,34,1,0,59,-3,17.17
fold2_room1_mix1079,34,4,0,167,-2,12.87
fold2_room1_mix1079,35,1,0,63,-3,15.11
fold2_room1_mix1079,35,4,0,171,-2,15.12
fold2_room1_mix1079,36,1,0,70,-3,15.62
fold2_room1_mix1079,36,4,0,168,-2,17.07
fold2_room1_mix1079,37,4,0,170,-2,14.64
fold2_room1_mix1079,38,1,0,71,-4,14.41
fold2_room1_mix1079,38,4,0,177,-2,15.00
fold2_room1_mix1079,38,4,0,153,-4,12.03
fold2_room1_mix1079,39,1,0,90,-4,13.10
fold2_room1_mix1079,39,4,0,177,-1,16.06
fold2_room1_mix1079,39,4,0,145,-5,9.42
fold2_room1_mix1079,40,1,0,94,-4,12.63
fold2_room1_mix1079,40,4,0,178,-2,13.80
fold2_room1_mix1079,40,4,0,153,-5,9.85
fold2_room1_mix1079,41,1,0,96,-4,13.39
fold2_room1_mix1079,41,4,0,-178,0,16.12
fold2_room1_mix1079,41,4,0,148,-4,10.78
fold2_room1_mix1079,42,1,0,97,-3,2.54
fold2_room1_mix1079,42,4,0,178,-1,15.56
fold2_room1_mix1079,42,4,0,145,-4,9.83
fold2_room1_mix1079,43,1,0,103,-4,12.69
fold2_room1_mix1079,43,4,0,-179,-1,14.94
fold2_room1_mix1079,43,4,0,147,-5,9.67
fold2_room1_mix1079,44,1,0,114,-3,15.92
fold2_room1_mix1079,44,4,0,172,-2,15.61
fold2_room1_mix1079,44,4,0,144,-5,10.50
fold2_room1_mix1079,45,1,0,119,-3,16.78
fold2_room1_mix1079,45,4,0,-170,0,21.17
fold2_room1_mix1079,45,4,0,173,-3,11.18
fold2_room1_mix1079,45,4,0,141,-6,8.50
fold2_room1_mix1079,46,1,0,126,-3,15.26
fold2_room1_mix1079,46,4,0,171,-2,15.68
fold2_room1_mix1079,46,4,0,149,-5,11.67
fold2_room1_mix1079,47,1,0,117,-3,6.91
fold2_room1_mix1079,47,4,0,167,-2,13.11
fold2_room1_mix1079,48,1,0,131,-3,20.27
fold2_room1_mix1079,48,4,0,-176,-1,19.55
fold2_room1_mix1079,48,4,0,167,-4,11.41
fold2_room1_mix1079,48,4,0,143,-7,9.86
fold2_room1_mix1079,49,1,0,133,-3,19.29
fold2_room1_mix1079,49,4,0,158,-3,13.32
fold2_room1_mix1079,49,4,0,136,-6,9.95
fold2_room1_mix1079,50,1,0,137,-3,18.78
fold2_room1_mix1079,50,4,0,174,-1,16.92
fold2_room1_mix1079,50,4,0,159,-3,11.09
fold2_room1_mix1079,50,4,0,132,-5,10.65
fold2_room1_mix1079,51,1,0,130,-3,4.98
fold2_room1_mix1079,51,4,0,178,0,21.00
fold2_room1_mix1079,51,4,0,161,-3,11.89
fold2_room1_mix1079,51,4,0,130,-5,9.88
fold2_room1_mix1079,52,4,0,167,-3,11.22
fold2_room1_mix1079,52,4,0,98,-6,11.22
fold2_room1_mix1079,53,1,0,143,-3,17.86
fold2_room1_mix1079,53,4,0,164,-3,11.00
fold2_room1_mix1079,53,4,0,110,-5,11.53
fold2_room1_mix1079,54,4,0,170,-3,11.02
fold2_room1_mix1079,54,4,0,102,-4,11.94
fold2_room1_mix1079,55,4,0,171,-4,10.25
fold2_room1_mix1079,55,4,0,98,-4,11.68
fold2_room1_mix1079,56,4,0,176,-4,9.40
fold2_room1_mix1079,56,4,0,61,-3,12.41
fold2_room1_mix1079,57,4,0,172,-4,8.49
fold2_room1_mix1079,57,4,0,82,-3,10.74
fold2_room1_mix1079,58,4,0,170,-5,7.48
fold2_room1_mix1079,58,4,0,68,-3,11.93
fold2_room1_mix1079,59,4,0,169,-5,7.23
fold2_room1_mix1079,59,4,0,63,-2,12.31
fold2_room1_mix1079,60,4,0,172,-5,6.74
fold2_room1_mix1079,60,4,0,69,-2,12.17
fold2_room1_mix1079,61,4,0,165,-6,6.48
fold2_room1_mix1079,61,4,0,72,-3,12.28
fold2_room1_mix1079,62,4,0,154,-6,6.25
fold2_room1_mix1079,62,4,0,60,-2,14.20
fold2_room1_mix1079,63,4,0,161,-6,5.84
fold2_room1_mix1079,63,4,0,56,-2,13.01
fold2_room1_mix1079,64,4,0,158,-6,5.34
fold2_room1_mix1079,64,4,0,47,-2,12.55
fold2_room1_mix1079,65,4,0,149,-7,5.42
fold2_room1_mix1079,65,4,0,49,-2,14.42
fold2_room1_mix1079,66,4,0,148,-8,4.72
fold2_room1_mix1079,66,4,0,48,-2,14.13
fold2_room1_mix1079,67,4,0,146,-8,4.72
fold2_room1_mix1079,67,4,0,50,-2,14.77
fold2_room1_mix1079,68,4,0,146,-8,4.35
fold2_room1_mix1079,68,4,0,44,-2,14.95
fold2_room1_mix1079,69,4,0,144,-9,4.22
fold2_room1_mix1079,69,4,0,43,-2,14.91
fold2_room1_mix1079,70,4,0,143,-8,4.64
fold2_room1_mix1079,70,4,0,34,-3,15.59
fold2_room1_mix1079,71,4,0,142,-10,4.41
fold2_room1_mix1079,71,4,0,40,-2,16.72
fold2_room1_mix1079,72,4,0,138,-11,3.92
fold2_room1_mix1079,72,4,0,34,-3,15.29
fold2_room1_mix1079,73,4,0,135,-11,3.90
fold2_room1_mix1079,73,4,0,32,-3,15.30
fold2_room1_mix1079,74,4,0,132,-12,3.65
fold2_room1_mix1079,74,4,0,51,-2,15.96
fold2_room1_mix1079,75,4,0,129,-11,3.58
fold2_room1_mix1079,75,4,0,47,-3,14.62
fold2_room1_mix1079,76,4,0,123,-11,3.77
fold2_room1_mix1079,76,4,0,48,-2,15.62
fold2_room1_mix1079,77,4,0,119,-11,3.66
fold2_room1_mix1079,77,4,0,42,-2,15.99
fold2_room1_mix1079,78,4,0,112,-12,3.61
fold2_room1_mix1079,78,4,0,38,-2,15.84
fold2_room1_mix1079,79,4,0,102,-11,3.60
fold2_room1_mix1079,79,4,0,57,-4,11.81
fold2_room1_mix1079,80,4,0,95,-12,3.55
fold2_room1_mix1079,80,4,0,39,-1,17.87
fold2_room1_mix1079,81,4,0,91,-12,3.83
fold2_room1_mix1079,81,4,0,55,-4,12.77
fold2_room1_mix1079,82,4,0,86,-11,3.71
fold2_room1_mix1079,82,4,0,51,-2,14.42
fold2_room1_mix1079,83,4,0,81,-11,3.95
fold2_room1_mix1079,83,4,0,44,-2,15.95
fold2_room1_mix1079,84,4,0,74,-11,3.93
fold2_room1_mix1079,84,4,0,41,-2,14.94
fold2_room1_mix1079,85,4,0,68,-10,3.86
fold2_room1_mix1079,85,4,0,36,-2,14.23
fold2_room1_mix1079,86,4,0,63,-8,4.11
fold2_room1_mix1079,86,4,0,32,-1,14.91
fold2_room1_mix1079,87,4,0,60,-8,4.46
fold2_room1_mix1079,87,4,0,32,-2,12.16
fold2_room1_mix1079,88,4,0,56,-7,4.59
fold2_room1_mix1079,88,4,0,30,-3,11.70
fold2_room1_mix1079,89,4,0,54,-7,4.97
fold2_room1_mix1079,89,4,0,31,-4,9.31
fold2_room1_mix1079,90,4,0,51,-6,5.59
fold2_room1_mix1079,90,4,0,32,-4,8.76
fold2_room1_mix1079,91,4,0,45,-6,5.31
fold2_room1_mix1079,91,4,0,27,-3,12.11
fold2_room1_mix1079,92,4,0,39,-5,7.59
fold2_room1_mix1079,93,4,0,38,-5,7.25
fold2_room1_mix1079,94,4,0,38,-5,7.18
fold2_room1_mix1079,95,4,0,35,-5,7.52
fold2_room1_mix1079,96,4,0,32,-4,8.19
fold2_room1_mix1079,97,4,0,31,-5,7.67
fold2_room1_mix1079,98,4,0,31,-4,7.52
fold2_room1_mix1079,99,4,0,29,-4,7.57
fold2_room1_mix1080,43,4,0,15,0,22.32
fold2_room1_mix1080,44,4,0,15,-1,23.92
fold2_room1_mix1080,45,4,0,11,-1,24.48
fold2_room1_mix1080,46,4,0,14,-1,22.75
fold2_room1_mix1080,47,4,0,16,-1,25.69
fold2_room1_mix1080,48,4,0,16,-1,24.93
fold2_room1_mix1080,49,4,0,15,-1,25.04
fold2_room1_mix1080,50,4,0,21,-1,23.22
fold2_room1_mix1080,51,4,0,17,-1,23.85
fold2_room1_mix1080,52,4,0,22,-1,23.88
fold2_room1_mix1080,53,4,0,21,-1,22.08
fold2_room1_mix1080,54,4,0,22,-1,20.50
fold2_room1_mix1080,55,4,0,21,-1,20.91
fold2_room1_mix1080,56,4,0,22,-1,19.81
fold2_room1_mix1080,57,4,0,24,-1,18.81
fold2_room1_mix1080,58,4,0,26,-1,18.37
fold2_room1_mix1080,59,4,0,25,-2,17.01
fold2_room1_mix1080,60,4,0,29,-2,15.87
fold2_room1_mix1080,61,4,0,30,-2,14.81
fold2_room1_mix1080,62,4,0,32,-2,14.90
fold2_room1_mix1080,63,4,0,32,-2,14.22
fold2_room1_mix1080,64,4,0,34,-2,13.52
fold2_room1_mix1080,65,4,0,37,-2,12.65
fold2_room1_mix1080,66,4,0,38,-2,12.26
fold2_room1_mix1080,67,4,0,41,-2,11.39
fold2_room1_mix1080,68,4,0,44,-3,10.55
fold2_room1_mix1080,69,4,0,47,-3,9.88
fold2_room1_mix1080,70,4,0,52,-3,8.97
fold2_room1_mix1080,71,4,0,52,-4,8.45
fold2_room1_mix1080,72,4,0,58,-3,8.92
fold2_room1_mix1080,73,4,0,66,-4,8.14
fold2_room1_mix1080,74,4,0,72,-4,7.81
fold2_room1_mix1080,75,4,0,78,-4,7.83
fold2_room1_mix1080,76,4,0,84,-5,7.84
fold2_room1_mix1080,77,4,0,91,-5,7.88
fold2_room1_mix1080,78,4,0,99,-4,8.10
fold2_room1_mix1080,79,4,0,107,-4,8.47
fold2_room1_mix1080,80,4,0,113,-3,8.59
fold2_room1_mix1080,81,4,0,120,-3,9.07
fold2_room1_mix1080,82,4,0,125,-3,9.43
fold2_room1_mix1080,83,4,0,129,-3,9.71
fold2_room1_mix1080,84,4,0,134,-3,9.96
fold2_room1_mix1080,85,4,0,137,-2,11.11
fold2_room1_mix1080,86,4,0,138,-2,11.07
fold2_room1_mix1080,87,4,0,143,-2,11.95
fold2_room1_mix1080,88,4,0,146,-2,12.85
fold2_room1_mix1080,89,4,0,147,-2,13.50
fold2_room1_mix1080,90,4,0,149,-2,13.75
fold2_room1_mix1080,91,4,0,152,-2,14.45
fold2_room1_mix1080,92,4,0,152,-1,15.60
fold2_room1_mix1080,93,4,0,155,-1,15.62
fold2_room1_mix1080,94,4,0,154,-1,16.47
fold2_room1_mix1080,95,4,0,156,-1,17.93
fold2_room1_mix1080,96,4,0,157,-1,18.20
fold2_room1_mix1080,97,4,0,158,-1,19.09
fold2_room1_mix1080,98,4,0,159,0,20.08
fold2_room1_mix1080,99,4,0,160,0,21.15
fold2_room1_mix1081,3,4,0,177,1,2.75
fold2_room1_mix1081,4,4,0,176,0,16.16
fold2_room1_mix1081,5,4,0,176,0,18.43
fold2_room1_mix1081,6,4,0,175,0,19.28
fold2_room1_mix1081,7,4,0,174,0,25.57
fold2_room1_mix1081,8,4,0,176,-1,25.89
fold2_room1_mix1081,9,4,0,175,-1,26.40
fold2_room1_mix1081,10,4,0,175,0,24.94
fold2_room1_mix1081,11,4,0,175,-1,24.92
fold2_room1_mix1081,12,4,0,174,-1,24.89
fold2_room1_mix1081,13,4,0,174,0,25.96
fold2_room1_mix1081,14,4,0,174,-1,24.76
fold2_room1_mix1081,15,4,0,173,-1,23.69
fold2_room1_mix1081,16,4,0,173,-1,23.11
fold2_room1_mix1081,17,4,0,173,-1,23.58
fold2_room1_mix1081,18,4,0,172,-1,22.87
fold2_room1_mix1081,19,4,0,173,-1,22.56
fold2_room1_mix1081,20,4,0,172,-1,24.03
fold2_room1_mix1081,21,4,0,172,-1,22.20
fold2_room1_mix1081,22,4,0,172,-1,21.82
fold2_room1_mix1081,23,4,0,171,-1,22.13
fold2_room1_mix1081,24,4,0,172,-1,21.40
fold2_room1_mix1081,25,4,0,172,-1,20.61
fold2_room1_mix1081,26,4,0,172,-1,20.23
fold2_room1_mix1081,27,4,0,171,-1,20.65
fold2_room1_mix1081,28,4,0,169,-1,20.25
fold2_room1_mix1081,29,4,0,170,-1,18.91
fold2_room1_mix1081,30,4,0,170,-1,18.88
fold2_room1_mix1081,31,4,0,169,-1,18.83
fold2_room1_mix1081,32,4,0,170,-1,18.45
fold2_room1_mix1081,33,4,0,170,-1,18.87
fold2_room1_mix1081,34,4,0,169,-1,18.85
fold2_room1_mix1081,35,4,0,169,-1,18.36
fold2_room1_mix1081,36,4,0,168,-1,18.77
fold2_room1_mix1081,37,4,0,168,-1,16.90
fold2_room1_mix1081,38,4,0,167,-1,16.60
fold2_room1_mix1081,39,4,0,168,-1,16.41
fold2_room1_mix1081,40,4,0,167,-1,15.70
fold2_room1_mix1081,41,4,0,166,-2,15.09
fold2_room1_mix1081,42,4,0,166,-2,14.49
fold2_room1_mix1081,43,4,0,167,-2,13.99
fold2_room1_mix1081,44,4,0,166,-2,13.65
fold2_room1_mix1081,45,4,0,165,-2,13.30
fold2_room1_mix1081,46,4,0,164,-2,12.84
fold2_room1_mix1081,47,4,0,164,-3,11.96
fold2_room1_mix1081,48,4,0,163,-3,11.33
fold2_room1_mix1081,49,4,0,162,-3,11.51
fold2_room1_mix1081,50,4,0,162,-3,10.67
fold2_room1_mix1081,51,4,0,161,-3,10.02
fold2_room1_mix1081,52,4,0,160,-3,10.40
fold2_room1_mix1081,53,4,0,159,-4,9.68
fold2_room1_mix1081,54,4,0,158,-4,9.11
fold2_room1_mix1081,55,4,0,158,-4,8.99
fold2_room1_mix1081,56,4,0,157,-4,8.63
fold2_room1_mix1081,57,4,0,155,-5,8.34
fold2_room1_mix1081,58,4,0,155,-5,7.71
fold2_room1_mix1081,59,4,0,155,-5,7.53
fold2_room1_mix1081,60,4,0,152,-5,7.33
fold2_room1_mix1081,61,4,0,151,-6,6.57
fold2_room1_mix1081,62,4,0,149,-6,6.61
fold2_room1_mix1081,63,3,0,-128,-5,17.47
fold2_room1_mix1081,63,4,0,144,-5,7.14
fold2_room1_mix1081,64,3,0,-128,-4,18.23
fold2_room1_mix1081,64,4,0,144,-6,6.81
fold2_room1_mix1081,65,3,0,-136,-4,15.99
fold2_room1_mix1081,65,4,0,142,-6,6.78
fold2_room1_mix1081,66,3,0,-136,-4,14.44
fold2_room1_mix1081,66,4,0,136,-6,5.71
fold2_room1_mix1081,67,3,0,-134,-4,15.61
fold2_room1_mix1081,67,4,0,134,-7,5.25
fold2_room1_mix1081,68,3,0,-140,-3,16.47
fold2_room1_mix1081,68,4,0,131,-8,5.21
fold2_room1_mix1081,69,3,0,-141,-3,15.79
fold2_room1_mix1081,69,4,0,125,-8,4.57
fold2_room1_mix1081,70,3,0,-138,-3,15.51
fold2_room1_mix1081,70,4,0,120,-9,4.33
fold2_room1_mix1081,71,3,0,-143,-3,14.30
fold2_room1_mix1081,71,4,0,114,-9,4.13
fold2_room1_mix1081,72,3,0,-143,-3,10.68
fold2_room1_mix1081,72,4,0,105,-10,4.14
fold2_room1_mix1081,73,4,0,94,-10,4.04
fold2_room1_mix1081,74,4,0,87,-11,3.86
fold2_room1_mix1081,75,4,0,81,-11,3.99
fold2_room1_mix1081,76,4,0,75,-9,4.08
fold2_room1_mix1081,77,4,0,69,-9,3.95
fold2_room1_mix1081,78,4,0,61,-8,4.01
fold2_room1_mix1081,79,4,0,55,-8,3.85
fold2_room1_mix1081,80,4,0,52,-8,3.85
fold2_room1_mix1081,81,4,0,48,-8,4.41
fold2_room1_mix1081,82,4,0,43,-7,4.66
fold2_room1_mix1081,83,4,0,42,-7,4.73
fold2_room1_mix1081,84,4,0,37,-6,5.57
fold2_room1_mix1081,85,4,0,36,-6,5.78
fold2_room1_mix1081,86,4,0,34,-5,6.41
fold2_room1_mix1081,87,4,0,31,-5,7.08
fold2_room1_mix1081,88,4,0,29,-4,7.39
fold2_room1_mix1081,89,4,0,27,-4,7.94
fold2_room1_mix1081,90,4,0,25,-4,8.09
fold2_room1_mix1081,91,4,0,24,-4,8.67
fold2_room1_mix1081,92,4,0,23,-4,8.85
fold2_room1_mix1081,93,4,0,22,-4,9.14
fold2_room1_mix1081,94,4,0,21,-4,9.41
fold2_room1_mix1081,95,4,0,20,-4,9.68
fold2_room1_mix1081,96,4,0,20,-4,9.97
fold2_room1_mix1081,97,4,0,19,-3,11.35
fold2_room1_mix1081,98,4,0,19,-3,10.96
fold2_room1_mix1081,99,4,0,17,-4,10.54
fold2_room1_mix1082,0,5,0,155,3,3.08
fold2_room1_mix1082,1,5,0,154,3,7.55
fold2_room1_mix1082,2,5,0,162,3,7.89
fold2_room1_mix1082,3,5,0,149,3,6.34
fold2_room1_mix1082,4,5,0,150,3,9.76
fold2_room1_mix1082,5,5,0,154,4,9.96
fold2_room1_mix1082,6,5,0,153,3,10.73
fold2_room1_mix1082,7,5,0,148,3,10.11
fold2_room1_mix1082,8,5,0,150,3,9.76
fold2_room1_mix1082,9,5,0,156,3,10.87
fold2_room1_mix1082,10,5,0,157,5,8.70
fold2_room1_mix1082,11,5,0,156,4,9.24
fold2_room1_mix1082,12,5,0,154,5,8.64
fold2_room1_mix1082,13,5,0,156,4,9.61
fold2_room1_mix1082,14,5,0,158,4,9.49
fold2_room1_mix1082,15,5,0,153,5,7.91
fold2_room1_mix1082,16,5,0,155,5,7.90
fold2_room1_mix1082,17,5,0,157,5,8.47
fold2_room1_mix1082,18,5,0,152,5,7.96
fold2_room1_mix1082,19,5,0,152,4,8.40
fold2_room1_mix1082,20,5,0,152,5,8.15
fold2_room1_mix1082,21,5,0,152,5,8.23
fold2_room1_mix1082,22,5,0,149,4,9.01
fold2_room1_mix1082,23,5,0,155,6,7.20
fold2_room1_mix1082,24,5,0,155,5,7.82
fold2_room1_mix1082,25,5,0,151,4,8.66
fold2_room1_mix1082,26,5,0,154,5,8.33
fold2_room1_mix1082,27,5,0,151,5,7.92
fold2_room1_mix1082,28,5,0,154,5,8.12
fold2_room1_mix1082,29,5,0,152,5,7.96
fold2_room1_mix1082,30,5,0,151,4,9.33
fold2_room1_mix1082,31,5,0,153,5,8.69
fold2_room1_mix1082,32,5,0,153,5,8.24
fold2_room1_mix1082,33,5,0,154,4,9.00
fold2_room1_mix1082,34,5,0,153,5,8.31
fold2_room1_mix1082,35,5,0,153,4,9.03
fold2_room1_mix1082,36,5,0,153,4,9.47
fold2_room1_mix1082,37,5,0,155,4,9.38
fold2_room1_mix1082,38,5,0,149,5,8.42
fold2_room1_mix1082,39,5,0,152,5,8.86
fold2_room1_mix1082,40,5,0,152,4,9.35
fold2_room1_mix1082,41,5,0,152,5,8.44
fold2_room1_mix1082,42,5,0,153,5,7.96
fold2_room1_mix1082,43,5,0,154,5,8.12
fold2_room1_mix1082,44,5,0,152,5,8.36
fold2_room1_mix1082,45,4,0,172,0,5.58
fold2_room1_mix1082,45,5,0,154,5,9.56
fold2_room1_mix1082,46,4,0,169,0,13.65
fold2_room1_mix1082,46,5,0,150,6,6.94
fold2_room1_mix1082,47,4,0,169,0,20.51
fold2_room1_mix1082,47,5,0,152,6,7.91
fold2_room1_mix1082,48,4,0,176,0,17.52
fold2_room1_mix1082,48,5,0,152,6,7.08
fold2_room1_mix1082,49,4,0,175,-1,24.24
fold2_room1_mix1082,49,5,0,152,5,8.93
fold2_room1_mix1082,50,4,0,175,0,23.01
fold2_room1_mix1082,50,5,0,155,6,7.77
fold2_room1_mix1082,51,4,0,173,-1,22.86
fold2_room1_mix1082,51,5,0,150,5,8.25
fold2_room1_mix1082,52,4,0,-179,-1,23.37
fold2_room1_mix1082,52,5,0,153,5,8.57
fold2_room1_mix1082,53,4,0,178,0,22.96
fold2_room1_mix1082,53,5,0,153,5,9.16
fold2_room1_mix1082,54,4,0,-179,-1,20.89
fold2_room1_mix1082,54,5,0,155,5,9.02
fold2_room1_mix1082,55,4,0,-178,-1,21.89
fold2_room1_mix1082,55,5,0,155,5,8.62
fold2_room1_mix1082,56,4,0,-178,-1,21.14
fold2_room1_mix1082,56,5,0,153,6,8.07
fold2_room1_mix1082,57,4,0,-176,-1,21.36
fold2_room1_mix1082,57,5,0,152,5,9.47
fold2_room1_mix1082,58,4,0,-177,-1,20.44
fold2_room1_mix1082,58,5,0,155,6,8.56
fold2_room1_mix1082,59,4,0,-177,0,20.94
fold2_room1_mix1082,59,5,0,155,6,8.74
fold2_room1_mix1082,60,4,0,-175,0,19.92
fold2_room1_mix1082,60,5,0,155,5,8.87
fold2_room1_mix1082,61,4,0,-175,-1,19.29
fold2_room1_mix1082,61,5,0,153,5,8.88
fold2_room1_mix1082,62,4,0,-174,-1,18.26
fold2_room1_mix1082,62,5,0,153,5,8.85
fold2_room1_mix1082,63,4,0,-174,-1,17.15
fold2_room1_mix1082,63,5,0,155,5,9.40
fold2_room1_mix1082,64,4,0,-171,-1,17.36
fold2_room1_mix1082,64,5,0,152,5,8.24
fold2_room1_mix1082,65,4,0,-172,-1,16.64
fold2_room1_mix1082,65,5,0,153,5,9.81
fold2_room1_mix1082,66,4,0,-171,-1,16.20
fold2_room1_mix1082,66,5,0,157,5,9.50
fold2_room1_mix1082,67,4,0,-172,-2,13.77
fold2_room1_mix1082,67,5,0,154,5,9.73
fold2_room1_mix1082,68,4,0,-168,-2,14.17
fold2_room1_mix1082,68,5,0,155,5,9.46
fold2_room1_mix1082,69,4,0,-169,-2,13.45
fold2_room1_mix1082,69,5,0,155,5,10.30
fold2_room1_mix1082,70,4,0,-167,-2,12.57
fold2_room1_mix1082,70,5,0,154,5,9.47
fold2_room1_mix1082,71,4,0,-167,-2,11.92
fold2_room1_mix1082,71,5,0,155,6,8.42
fold2_room1_mix1082,72,4,0,-167,-2,11.29
fold2_room1_mix1082,72,5,0,158,6,9.04
fold2_room1_mix1082,73,4,0,-164,-3,11.29
fold2_room1_mix1082,73,5,0,156,5,9.74
fold2_room1_mix1082,74,4,0,-164,-3,9.95
fold2_room1_mix1082,74,5,0,158,5,9.51
fold2_room1_mix1082,75,4,0,-163,-3,9.01
fold2_room1_mix1082,75,5,0,157,5,9.71
fold2_room1_mix1082,76,4,0,-161,-3,8.77
fold2_room1_mix1082,76,5,0,158,5,9.22
fold2_room1_mix1082,77,4,0,-160,-4,8.21
fold2_room1_mix1082,77,5,0,160,5,10.26
fold2_room1_mix1082,78,4,0,-159,-4,7.70
fold2_room1_mix1082,78,5,0,155,5,9.32
fold2_room1_mix1082,79,4,0,-157,-4,7.00
fold2_room1_mix1082,79,5,0,159,4,10.20
fold2_room1_mix1082,80,4,0,-155,-4,6.11
fold2_room1_mix1082,80,5,0,155,5,9.05
fold2_room1_mix1082,81,4,0,-150,-5,4.85
fold2_room1_mix1082,81,5,0,156,5,10.01
fold2_room1_mix1082,82,4,0,-147,-5,4.30
fold2_room1_mix1082,82,5,0,158,5,9.58
fold2_room1_mix1082,83,4,0,-142,-7,3.66
fold2_room1_mix1082,83,5,0,155,4,10.75
fold2_room1_mix1082,84,4,0,-136,-7,3.24
fold2_room1_mix1082,84,5,0,157,4,9.45
fold2_room1_mix1082,85,4,0,-126,-8,2.87
fold2_room1_mix1082,85,5,0,157,4,9.78
fold2_room1_mix1082,86,4,0,-109,-8,2.83
fold2_room1_mix1082,86,5,0,155,4,9.81
fold2_room1_mix1082,87,4,0,-89,-8,2.47
fold2_room1_mix1082,87,5,0,155,4,9.39
fold2_room1_mix1082,88,4,0,-72,-8,2.63
fold2_room1_mix1082,88,5,0,147,3,8.95
fold2_room1_mix1082,89,4,0,-59,-7,2.68
fold2_room1_mix1082,89,5,0,153,3,9.93
fold2_room1_mix1082,90,4,0,-47,-5,3.48
fold2_room1_mix1082,90,5,0,155,4,9.16
fold2_room1_mix1082,91,4,0,-39,-5,4.04
fold2_room1_mix1082,91,5,0,153,3,9.73
fold2_room1_mix1082,92,4,0,-33,-4,4.86
fold2_room1_mix1082,92,5,0,158,3,10.18
fold2_room1_mix1082,93,4,0,-28,-4,5.60
fold2_room1_mix1082,93,5,0,159,3,10.79
fold2_room1_mix1082,94,4,0,-23,-3,6.13
fold2_room1_mix1082,94,5,0,157,3,11.53
fold2_room1_mix1082,95,4,0,-20,-3,7.14
fold2_room1_mix1082,95,5,0,159,3,10.58
fold2_room1_mix1082,96,4,0,-17,-3,7.54
fold2_room1_mix1082,96,5,0,155,3,10.97
fold2_room1_mix1082,97,4,0,-16,-2,9.07
fold2_room1_mix1082,97,5,0,158,3,11.05
fold2_room1_mix1082,98,4,0,-15,-2,9.39
fold2_room1_mix1082,98,5,0,157,3,12.09
fold2_room1_mix1082,99,4,0,-13,-2,10.38
fold2_room1_mix1082,99,5,0,151,3,11.57
fold2_room1_mix1083,0,5,0,94,8,1.44
fold2_room1_mix1083,1,5,0,89,14,2.03
fold2_room1_mix1083,2,5,0,90,16,2.19
fold2_room1_mix1083,3,4,0,2,0,7.68
fold2_room1_mix1083,3,5,0,85,16,2.32
fold2_room1_mix1083,4,4,0,7,0,20.82
fold2_room1_mix1083,4,5,0,87,16,3.29
fold2_room1_mix1083,5,4,0,3,0,21.00
fold2_room1_mix1083,5,5,0,86,19,2.97
fold2_room1_mix1083,6,4,0,4,0,24.36
fold2_room1_mix1083,6,5,0,87,20,3.15
fold2_room1_mix1083,7,4,0,4,0,31.60
fold2_room1_mix1083,7,5,0,83,19,3.04
fold2_room1_mix1083,8,4,0,4,0,35.00
fold2_room1_mix1083,8,5,0,75,20,2.94
fold2_room1_mix1083,9,4,0,6,0,37.43
fold2_room1_mix1083,9,5,0,82,21,2.78
fold2_room1_mix1083,10,4,0,4,0,35.35
fold2_room1_mix1083,10,5,0,75,24,2.37
fold2_room1_mix1083,11,4,0,4,0,35.06
fold2_room1_mix1083,11,5,0,73,25,2.26
fold2_room1_mix1083,12,4,0,4,0,33.13
fold2_room1_mix1083,12,5,0,73,24,2.33
fold2_room1_mix1083,13,4,0,4,-1,32.66
fold2_room1_mix1083,13,5,0,67,23,2.44
fold2_room1_mix1083,14,4,0,4,-1,31.19
fold2_room1_mix1083,14,5,0,64,25,2.15
fold2_room1_mix1083,15,4,0,3,-1,31.18
fold2_room1_mix1083,15,5,0,66,23,2.37
fold2_room1_mix1083,16,4,0,2,-1,29.93
fold2_room1_mix1083,16,5,0,61,21,2.48
fold2_room1_mix1083,17,4,0,3,-1,28.50
fold2_room1_mix1083,17,5,0,58,22,2.33
fold2_room1_mix1083,18,4,0,3,-1,28.39
fold2_room1_mix1083,18,5,0,59,21,2.46
fold2_room1_mix1083,19,4,0,2,-1,27.65
fold2_room1_mix1083,19,5,0,55,21,2.41
fold2_room1_mix1083,20,4,0,2,-1,28.30
fold2_room1_mix1083,20,5,0,55,22,2.40
fold2_room1_mix1083,21,4,0,1,-1,27.57
fold2_room1_mix1083,21,5,0,50,20,2.41
fold2_room1_mix1083,22,4,0,2,-1,25.99
fold2_room1_mix1083,22,5,0,48,20,2.46
fold2_room1_mix1083,23,4,0,0,-1,25.22
fold2_room1_mix1083,23,5,0,51,21,2.40
fold2_room1_mix1083,24,4,0,1,-1,25.53
fold2_room1_mix1083,24,5,0,49,19,2.52
fold2_room1_mix1083,25,4,0,1,-1,24.38
fold2_room1_mix1083,25,5,0,46,18,2.65
fold2_room1_mix1083,26,4,0,1,-1,24.49
fold2_room1_mix1083,26,5,0,43,18,2.71
fold2_room1_mix1083,27,4,0,2,-2,23.25
fold2_room1_mix1083,27,5,0,42,16,2.90
fold2_room1_mix1083,28,4,0,2,-2,22.66
fold2_room1_mix1083,28,5,0,40,18,2.68
fold2_room1_mix1083,29,4,0,0,-1,21.35
fold2_room1_mix1083,29,5,0,39,18,2.77
fold2_room1_mix1083,30,4,0,0,-2,20.14
fold2_room1_mix1083,30,5,0,38,18,2.75
fold2_room1_mix1083,31,4,0,-1,-2,18.98
fold2_room1_mix1083,31,5,0,35,17,2.93
fold2_room1_mix1083,32,4,0,-1,-2,17.72
fold2_room1_mix1083,32,5,0,32,17,2.93
fold2_room1_mix1083,33,4,0,-1,-3,15.30
fold2_room1_mix1083,33,5,0,33,16,2.96
fold2_room1_mix1083,34,4,0,-3,-3,14.24
fold2_room1_mix1083,34,5,0,32,16,3.15
fold2_room1_mix1083,35,4,0,-3,-3,13.12
fold2_room1_mix1083,35,5,0,32,15,3.14
fold2_room1_mix1083,36,4,0,-6,-4,11.12
fold2_room1_mix1083,36,5,0,30,14,3.36
fold2_room1_mix1083,37,4,0,-8,-4,9.85
fold2_room1_mix1083,37,5,0,30,14,3.45
fold2_room1_mix1083,38,4,0,-9,-4,8.80
fold2_room1_mix1083,38,5,0,29,13,3.63
fold2_room1_mix1083,39,4,0,-13,-6,7.75
fold2_room1_mix1083,39,5,0,29,13,3.65
fold2_room1_mix1083,40,4,0,-24,-9,4.30
fold2_room1_mix1083,40,4,0,-8,-2,11.25
fold2_room1_mix1083,40,5,0,30,12,3.75
fold2_room1_mix1083,41,4,0,-30,-13,3.38
fold2_room1_mix1083,41,4,0,-5,-3,14.00
fold2_room1_mix1083,41,5,0,26,11,3.87
fold2_room1_mix1083,42,4,0,-45,-21,2.08
fold2_room1_mix1083,42,4,0,-8,-4,16.01
fold2_room1_mix1083,42,5,0,24,10,3.92
fold2_room1_mix1083,43,4,0,-75,-28,1.82
fold2_room1_mix1083,43,4,0,-10,-6,21.86
fold2_room1_mix1083,43,5,0,27,10,3.80
fold2_room1_mix1083,44,4,0,-111,-26,2.09
fold2_room1_mix1083,44,4,0,-15,-7,15.85
fold2_room1_mix1083,44,5,0,26,11,3.54
fold2_room1_mix1083,45,4,0,-148,-13,3.08
fold2_room1_mix1083,45,4,0,-11,-3,15.16
fold2_room1_mix1083,45,5,0,24,10,4.11
fold2_room1_mix1083,46,4,0,-149,-12,2.98
fold2_room1_mix1083,46,4,0,-8,-5,11.56
fold2_room1_mix1083,46,5,0,25,10,3.65
fold2_room1_mix1083,47,4,0,-157,-10,3.62
fold2_room1_mix1083,47,4,0,-6,-4,10.49
fold2_room1_mix1083,47,5,0,23,9,3.97
fold2_room1_mix1083,48,4,0,-159,-8,4.06
fold2_room1_mix1083,48,4,0,-5,-4,10.63
fold2_room1_mix1083,48,5,0,22,7,4.97
fold2_room1_mix1083,49,4,0,-161,-7,4.67
fold2_room1_mix1083,49,4,0,-3,-3,10.46
fold2_room1_mix1083,49,5,0,25,10,3.78
fold2_room1_mix1083,50,4,0,-164,-5,5.71
fold2_room1_mix1083,50,4,0,-4,-3,9.80
fold2_room1_mix1083,50,5,0,25,9,4.15
fold2_room1_mix1083,51,4,0,-165,-5,6.22
fold2_room1_mix1083,51,4,0,-2,-3,10.03
fold2_room1_mix1083,51,5,0,20,8,4.41
fold2_room1_mix1083,52,4,0,-169,-4,7.61
fold2_room1_mix1083,52,4,0,-6,-3,10.67
fold2_room1_mix1083,52,5,0,20,8,4.64
fold2_room1_mix1083,53,4,0,-169,-3,9.29
fold2_room1_mix1083,53,4,0,-5,-2,11.04
fold2_room1_mix1083,53,5,0,20,9,4.30
fold2_room1_mix1083,54,4,0,-171,-3,9.61
fold2_room1_mix1083,54,4,0,-6,-3,10.82
fold2_room1_mix1083,54,5,0,18,8,4.98
fold2_room1_mix1083,55,4,0,-171,-3,10.07
fold2_room1_mix1083,55,4,0,-5,-3,11.11
fold2_room1_mix1083,55,5,0,15,7,5.44
fold2_room1_mix1083,56,4,0,-171,-3,10.55
fold2_room1_mix1083,56,4,0,-7,-3,10.12
fold2_room1_mix1083,56,5,0,18,7,5.12
fold2_room1_mix1083,57,4,0,-170,-3,10.21
fold2_room1_mix1083,57,4,0,-8,-4,9.46
fold2_room1_mix1083,57,5,0,16,6,5.71
fold2_room1_mix1083,58,4,0,-173,-3,10.66
fold2_room1_mix1083,58,4,0,-8,-4,8.47
fold2_room1_mix1083,58,5,0,16,7,5.38
fold2_room1_mix1083,59,4,0,-171,-3,11.18
fold2_room1_mix1083,59,4,0,-9,-5,7.63
fold2_room1_mix1083,59,5,0,14,6,5.93
fold2_room1_mix1083,60,4,0,-172,-3,10.95
fold2_room1_mix1083,60,4,0,-10,-5,7.19
fold2_room1_mix1083,60,5,0,16,6,5.86
fold2_room1_mix1083,61,4,0,-173,-2,14.71
fold2_room1_mix1083,61,4,0,-11,-7,5.20
fold2_room1_mix1083,61,5,0,15,6,5.63
fold2_room1_mix1083,62,4,0,-172,-1,19.12
fold2_room1_mix1083,62,4,0,-15,-9,4.38
fold2_room1_mix1083,62,5,0,16,6,5.57
fold2_room1_mix1083,63,4,0,-173,0,23.86
fold2_room1_mix1083,63,4,0,-18,-13,3.77
fold2_room1_mix1083,63,5,0,17,6,6.11
fold2_room1_mix1083,64,4,0,-174,0,28.51
fold2_room1_mix1083,64,4,0,-22,-18,2.95
fold2_room1_mix1083,64,5,0,17,5,6.15
fold2_room1_mix1083,65,4,0,-168,-3,26.42
fold2_room1_mix1083,65,4,0,-48,-36,1.38
fold2_room1_mix1083,65,4,0,-34,-26,2.52
fold2_room1_mix1083,65,5,0,15,6,6.53
fold2_room1_mix1083,66,4,0,-165,-9,17.72
fold2_room1_mix1083,66,4,0,-97,-42,0.78
fold2_room1_mix1083,66,4,0,-40,-28,3.86
fold2_room1_mix1083,66,5,0,15,6,6.88
fold2_room1_mix1083,67,4,0,-169,-4,23.55
fold2_room1_mix1083,67,4,0,-132,-36,1.19
fold2_room1_mix1083,67,4,0,-108,-37,2.26
fold2_room1_mix1083,67,5,0,17,6,6.50
fold2_room1_mix1083,68,4,0,-169,-2,20.59
fold2_room1_mix1083,68,4,0,-151,-21,2.40
fold2_room1_mix1083,68,5,0,16,6,6.75
fold2_room1_mix1083,69,4,0,-170,-2,18.79
fold2_room1_mix1083,69,4,0,-154,-15,3.46
fold2_room1_mix1083,69,5,0,12,5,7.60
fold2_room1_mix1083,70,4,0,-165,-10,9.21
fold2_room1_mix1083,70,5,0,14,5,8.16
fold2_room1_mix1083,71,4,0,-168,-8,8.78
fold2_room1_mix1083,71,5,0,14,4,8.02
fold2_room1_mix1083,72,4,0,-168,-7,8.74
fold2_room1_mix1083,72,5,0,14,4,8.23
fold2_room1_mix1083,73,4,0,-170,-6,10.11
fold2_room1_mix1083,73,5,0,15,4,8.01
fold2_room1_mix1083,74,4,0,-172,-5,10.50
fold2_room1_mix1083,74,5,0,14,4,7.73
fold2_room1_mix1083,75,4,0,-172,-5,9.79
fold2_room1_mix1083,75,5,0,15,5,7.54
fold2_room1_mix1083,76,4,0,-172,-4,12.04
fold2_room1_mix1083,76,5,0,15,5,7.55
fold2_room1_mix1083,77,4,0,-174,-4,12.23
fold2_room1_mix1083,77,5,0,16,4,7.71
fold2_room1_mix1083,78,4,0,-174,-4,12.28
fold2_room1_mix1083,78,5,0,15,4,7.33
fold2_room1_mix1083,79,4,0,-176,-3,13.64
fold2_room1_mix1083,79,5,0,14,4,7.32
fold2_room1_mix1083,80,4,0,-174,-3,13.68
fold2_room1_mix1083,80,5,0,15,5,7.42
fold2_room1_mix1083,81,4,0,-175,-3,14.55
fold2_room1_mix1083,81,5,0,14,4,7.61
fold2_room1_mix1083,82,4,0,-175,-2,16.37
fold2_room1_mix1083,82,5,0,13,5,7.43
fold2_room1_mix1083,83,4,0,-174,-2,15.77
fold2_room1_mix1083,83,5,0,13,5,7.36
fold2_room1_mix1083,84,4,0,-175,-2,17.29
fold2_room1_mix1083,84,5,0,11,4,8.05
fold2_room1_mix1083,85,4,0,-175,-2,17.35
fold2_room1_mix1083,85,5,0,13,4,8.51
fold2_room1_mix1083,86,4,0,-175,-2,18.27
fold2_room1_mix1083,86,5,0,12,4,9.12
fold2_room1_mix1083,87,4,0,-176,-1,19.07
fold2_room1_mix1083,87,5,0,12,4,9.18
fold2_room1_mix1083,88,4,0,-176,-1,20.20
fold2_room1_mix1083,88,5,0,10,4,9.74
fold2_room1_mix1083,89,4,0,-176,-2,20.25
fold2_room1_mix1083,89,5,0,13,4,9.51
fold2_room1_mix1083,90,4,0,-176,-2,21.07
fold2_room1_mix1083,90,5,0,9,4,10.41
fold2_room1_mix1083,91,4,0,-175,-2,22.46
fold2_room1_mix1083,91,5,0,13,4,9.66
fold2_room1_mix1083,92,4,0,-176,-2,23.29
fold2_room1_mix1083,92,5,0,8,3,10.10
fold2_room1_mix1083,93,4,0,-176,-2,23.92
fold2_room1_mix1083,93,5,0,8,3,11.57
fold2_room1_mix1083,94,4,0,-176,-2,25.77
fold2_room1_mix1083,94,5,0,10,4,10.64
fold2_room1_mix1083,95,4,0,-176,-1,25.92
fold2_room1_mix1083,95,5,0,7,3,11.53
fold2_room1_mix1083,96,4,0,-176,-2,26.65
fold2_room1_mix1083,96,5,0,7,3,12.02
fold2_room1_mix1083,97,4,0,-176,-1,27.73
fold2_room1_mix1083,97,5,0,9,3,10.75
fold2_room1_mix1083,98,4,0,-176,-2,28.32
fold2_room1_mix1083,98,5,0,7,3,11.89
fold2_room1_mix1083,99,4,0,-177,-2,25.98
fold2_room1_mix1083,99,5,0,12,4,10.30
fold2_room1_mix1084,0,5,0,-27,5,3.36
fold2_room1_mix1084,1,5,0,-27,4,5.65
fold2_room1_mix1084,2,5,0,-22,4,5.87
fold2_room1_mix1084,3,5,0,-28,8,3.32
fold2_room1_mix1084,4,5,0,-33,7,3.77
fold2_room1_mix1084,5,5,0,-28,6,6.84
fold2_room1_mix1084,6,5,0,-28,7,6.43
fold2_room1_mix1084,7,5,0,-25,7,5.68
fold2_room1_mix1084,8,5,0,-31,8,5.20
fold2_room1_mix1084,9,5,0,-32,7,5.87
fold2_room1_mix1084,10,5,0,-31,8,5.16
fold2_room1_mix1084,11,5,0,-27,10,4.06
fold2_room1_mix1084,12,5,0,-33,9,4.39
fold2_room1_mix1084,13,5,0,-32,9,5.04
fold2_room1_mix1084,14,5,0,-30,10,3.88
fold2_room1_mix1084,15,5,0,-32,10,3.76
fold2_room1_mix1084,16,5,0,-31,10,3.89
fold2_room1_mix1084,17,5,0,-33,9,4.63
fold2_room1_mix1084,18,5,0,-33,10,4.18
fold2_room1_mix1084,19,5,0,-36,13,3.15
fold2_room1_mix1084,20,5,0,-38,12,3.20
fold2_room1_mix1084,21,5,0,-39,13,2.85
fold2_room1_mix1084,22,5,0,-39,12,3.15
fold2_room1_mix1084,23,5,0,-38,11,3.34
fold2_room1_mix1084,24,5,0,-44,14,2.72
fold2_room1_mix1084,25,4,0,-179,-1,10.83
fold2_room1_mix1084,25,5,0,-40,13,3.07
fold2_room1_mix1084,26,4,0,-177,-1,11.56
fold2_room1_mix1084,26,5,0,-42,13,3.06
fold2_room1_mix1084,27,4,0,-178,-1,9.99
fold2_room1_mix1084,27,5,0,-47,15,2.59
fold2_room1_mix1084,28,4,0,-175,-1,12.66
fold2_room1_mix1084,28,5,0,-46,14,2.95
fold2_room1_mix1084,29,4,0,-177,-1,12.30
fold2_room1_mix1084,29,5,0,-44,16,2.53
fold2_room1_mix1084,30,4,0,-175,-1,14.55
fold2_room1_mix1084,30,5,0,-44,16,2.54
fold2_room1_mix1084,31,4,0,-173,-1,11.62
fold2_room1_mix1084,31,5,0,-46,14,2.92
fold2_room1_mix1084,32,4,0,-175,-1,10.09
fold2_room1_mix1084,32,5,0,-53,16,2.56
fold2_room1_mix1084,33,4,0,-174,-1,14.46
fold2_room1_mix1084,33,5,0,-47,19,2.38
fold2_room1_mix1084,34,4,0,-172,-1,14.41
fold2_room1_mix1084,34,5,0,-47,15,2.84
fold2_room1_mix1084,35,4,0,-174,-1,14.11
fold2_room1_mix1084,35,5,0,-47,15,2.67
fold2_room1_mix1084,36,4,0,-173,-1,13.88
fold2_room1_mix1084,36,5,0,-48,16,2.73
fold2_room1_mix1084,37,4,0,-170,-1,12.87
fold2_room1_mix1084,37,5,0,-53,17,2.74
fold2_room1_mix1084,38,4,0,-168,-1,13.49
fold2_room1_mix1084,38,5,0,-55,16,2.52
fold2_room1_mix1084,39,4,0,-168,-1,12.76
fold2_room1_mix1084,39,5,0,-56,17,2.73
fold2_room1_mix1084,40,4,0,-169,-1,12.70
fold2_room1_mix1084,40,5,0,-55,17,2.60
fold2_room1_mix1084,41,4,0,-169,-1,12.47
fold2_room1_mix1084,41,5,0,-59,18,2.63
fold2_room1_mix1084,42,4,0,-166,-2,11.14
fold2_room1_mix1084,42,5,0,-61,16,3.00
fold2_room1_mix1084,43,4,0,-166,-2,11.11
fold2_room1_mix1084,43,5,0,-66,20,2.24
fold2_room1_mix1084,44,4,0,-169,-2,11.07
fold2_room1_mix1084,44,5,0,-65,19,2.47
fold2_room1_mix1084,45,4,0,-165,-2,9.94
fold2_room1_mix1084,45,5,0,-73,20,2.38
fold2_room1_mix1084,46,4,0,-165,-2,10.41
fold2_room1_mix1084,46,5,0,-66,19,2.45
fold2_room1_mix1084,47,4,0,-167,-2,9.47
fold2_room1_mix1084,47,5,0,-70,19,2.50
fold2_room1_mix1084,48,4,0,-164,-2,9.15
fold2_room1_mix1084,48,5,0,-77,18,2.44
fold2_room1_mix1084,49,4,0,-162,-2,8.68
fold2_room1_mix1084,49,5,0,-77,20,2.35
fold2_room1_mix1084,50,4,0,-161,-2,8.39
fold2_room1_mix1084,50,5,0,-72,17,2.49
fold2_room1_mix1084,51,4,0,-159,-2,8.10
fold2_room1_mix1084,51,5,0,-85,19,2.49
fold2_room1_mix1084,52,4,0,-158,-3,7.32
fold2_room1_mix1084,52,5,0,-87,19,2.34
fold2_room1_mix1084,53,4,0,-158,-3,7.17
fold2_room1_mix1084,53,5,0,-88,19,2.33
fold2_room1_mix1084,54,4,0,-156,-3,6.63
fold2_room1_mix1084,54,5,0,-94,18,2.56
fold2_room1_mix1084,55,4,0,-155,-4,5.90
fold2_room1_mix1084,55,5,0,-86,19,2.45
fold2_room1_mix1084,56,4,0,-151,-4,5.57
fold2_room1_mix1084,56,5,0,-85,19,2.39
fold2_room1_mix1084,57,4,0,-152,-4,5.66
fold2_room1_mix1084,57,5,0,-97,18,2.59
fold2_room1_mix1084,58,4,0,-149,-4,5.01
fold2_room1_mix1084,58,5,0,-95,20,2.40
fold2_room1_mix1084,59,4,0,-150,-5,4.76
fold2_room1_mix1084,59,5,0,-96,20,2.17
fold2_room1_mix1084,60,4,0,-145,-5,4.45
fold2_room1_mix1084,60,5,0,-96,19,2.40
fold2_room1_mix1084,61,4,0,-141,-7,3.67
fold2_room1_mix1084,61,5,0,-100,19,2.40
fold2_room1_mix1084,62,4,0,-141,-6,3.53
fold2_room1_mix1084,62,5,0,-98,20,2.26
fold2_room1_mix1084,63,4,0,-138,-7,3.48
fold2_room1_mix1084,63,5,0,-99,19,2.38
fold2_room1_mix1084,64,4,0,-129,-8,3.33
fold2_room1_mix1084,64,5,0,-97,18,2.72
fold2_room1_mix1084,65,4,0,-128,-8,3.09
fold2_room1_mix1084,65,5,0,-103,21,2.39
fold2_room1_mix1084,66,4,0,-119,-9,2.98
fold2_room1_mix1084,66,5,0,-104,18,2.63
fold2_room1_mix1084,67,4,0,-112,-10,2.84
fold2_room1_mix1084,67,5,0,-105,18,2.59
fold2_room1_mix1084,68,4,0,-100,-9,3.18
fold2_room1_mix1084,68,5,0,-100,17,2.99
fold2_room1_mix1084,69,4,0,-92,-10,3.26
fold2_room1_mix1084,69,5,0,-104,18,2.72
fold2_room1_mix1084,70,4,0,-86,-8,3.60
fold2_room1_mix1084,70,5,0,-100,18,3.00
fold2_room1_mix1084,71,4,0,-81,-9,3.50
fold2_room1_mix1084,71,5,0,-108,17,3.22
fold2_room1_mix1084,72,4,0,-70,-8,3.77
fold2_room1_mix1084,72,5,0,-106,19,2.80
fold2_room1_mix1084,73,4,0,-62,-6,3.95
fold2_room1_mix1084,73,5,0,-111,19,2.85
fold2_room1_mix1084,74,4,0,-56,-7,3.60
fold2_room1_mix1084,74,5,0,-109,19,2.90
fold2_room1_mix1084,75,4,0,-51,-6,4.29
fold2_room1_mix1084,75,5,0,-106,19,2.82
fold2_room1_mix1084,76,4,0,-48,-6,4.18
fold2_room1_mix1084,76,5,0,-115,16,3.23
fold2_room1_mix1084,77,4,0,-40,-6,4.27
fold2_room1_mix1084,77,5,0,-119,17,3.17
fold2_room1_mix1084,78,4,0,-38,-5,4.94
fold2_room1_mix1084,78,5,0,-121,17,2.98
fold2_room1_mix1084,79,4,0,-36,-5,4.88
fold2_room1_mix1084,79,5,0,-124,16,3.21
fold2_room1_mix1084,80,4,0,-32,-4,5.28
fold2_room1_mix1084,80,5,0,-126,16,3.38
fold2_room1_mix1084,81,4,0,-29,-4,6.28
fold2_room1_mix1084,81,5,0,-129,15,3.43
fold2_room1_mix1084,82,4,0,-28,-4,6.42
fold2_room1_mix1084,82,5,0,-126,14,3.57
fold2_room1_mix1084,83,4,0,-26,-3,7.10
fold2_room1_mix1084,83,5,0,-131,14,3.48
fold2_room1_mix1084,84,4,0,-24,-3,7.54
fold2_room1_mix1084,84,5,0,-130,13,4.20
fold2_room1_mix1084,85,4,0,-23,-3,7.77
fold2_room1_mix1084,85,5,0,-131,15,3.32
fold2_room1_mix1084,86,4,0,-22,-3,8.37
fold2_room1_mix1084,86,5,0,-135,14,3.73
fold2_room1_mix1084,87,4,0,-20,-3,8.82
fold2_room1_mix1084,87,5,0,-135,13,4.12
fold2_room1_mix1084,88,4,0,-19,-2,8.91
fold2_room1_mix1084,88,5,0,-132,14,3.85
fold2_room1_mix1084,89,4,0,-18,-2,9.38
fold2_room1_mix1084,89,5,0,-141,10,5.00
fold2_room1_mix1084,90,4,0,-17,-2,10.17
fold2_room1_mix1084,90,5,0,-137,11,4.48
fold2_room1_mix1084,91,4,0,-16,-2,10.70
fold2_room1_mix1084,91,5,0,-137,11,4.25
fold2_room1_mix1084,92,4,0,-14,-2,11.70
fold2_room1_mix1084,92,5,0,-132,11,4.16
fold2_room1_mix1084,93,4,0,-14,-2,11.24
fold2_room1_mix1084,93,5,0,-138,10,4.46
fold2_room1_mix1084,94,4,0,-14,-2,12.10
fold2_room1_mix1084,94,5,0,-140,12,4.13
fold2_room1_mix1084,95,4,0,-13,-2,12.41
fold2_room1_mix1084,95,5,0,-140,11,4.34
fold2_room1_mix1084,96,4,0,-15,-2,11.66
fold2_room1_mix1084,96,5,0,-139,11,4.28
fold2_room1_mix1084,97,4,0,-14,-1,13.62
fold2_room1_mix1084,97,5,0,-145,10,4.87
fold2_room1_mix1084,98,4,0,-13,-2,13.23
fold2_room1_mix1084,98,5,0,-140,11,4.46
fold2_room1_mix1084,99,4,0,-13,-2,12.68
fold2_room1_mix1084,99,5,0,-143,11,4.56
fold2_room1_mix1085,0,5,0,116,0,5.34
fold2_room1_mix1085,1,5,0,125,1,5.08
fold2_room1_mix1085,2,5,0,117,2,11.32
fold2_room1_mix1085,3,5,0,121,2,11.94
fold2_room1_mix1085,4,5,0,109,1,10.06
fold2_room1_mix1085,5,5,0,115,2,12.63
fold2_room1_mix1085,6,5,0,106,1,17.30
fold2_room1_mix1085,7,5,0,113,2,11.44
fold2_room1_mix1085,8,5,0,109,2,11.57
fold2_room1_mix1085,9,5,0,114,1,15.93
fold2_room1_mix1085,10,5,0,121,2,12.51
fold2_room1_mix1085,11,5,0,118,2,11.96
fold2_room1_mix1085,12,5,0,117,2,11.24
fold2_room1_mix1085,13,5,0,117,2,13.35
fold2_room1_mix1085,14,5,0,120,3,11.12
fold2_room1_mix1085,15,5,0,116,3,10.92
fold2_room1_mix1085,16,5,0,112,2,12.36
fold2_room1_mix1085,17,5,0,114,4,9.89
fold2_room1_mix1085,18,5,0,115,3,11.72
fold2_room1_mix1085,19,5,0,116,2,12.12
fold2_room1_mix1085,20,5,0,117,2,12.12
fold2_room1_mix1085,21,5,0,117,3,11.10
fold2_room1_mix1085,22,5,0,116,2,12.47
fold2_room1_mix1085,23,5,0,115,4,10.04
fold2_room1_mix1085,24,5,0,114,3,11.01
fold2_room1_mix1085,25,5,0,110,4,10.21
fold2_room1_mix1085,26,5,0,115,3,10.75
fold2_room1_mix1085,27,5,0,116,3,10.89
fold2_room1_mix1085,28,5,0,115,3,10.76
fold2_room1_mix1085,29,5,0,111,3,11.28
fold2_room1_mix1085,30,5,0,114,4,9.92
fold2_room1_mix1085,31,5,0,114,3,10.72
fold2_room1_mix1085,32,5,0,116,3,9.69
fold2_room1_mix1085,33,5,0,113,3,10.31
fold2_room1_mix1085,34,5,0,114,3,10.59
fold2_room1_mix1085,35,5,0,116,3,10.17
fold2_room1_mix1085,36,5,0,114,3,11.33
fold2_room1_mix1085,37,5,0,111,2,12.24
fold2_room1_mix1085,38,5,0,111,3,10.85
fold2_room1_mix1085,39,5,0,108,3,11.51
fold2_room1_mix1085,40,5,0,110,2,13.98
fold2_room1_mix1085,41,5,0,110,2,12.51
fold2_room1_mix1085,42,5,0,112,3,11.58
fold2_room1_mix1085,43,5,0,111,2,12.98
fold2_room1_mix1085,44,5,0,112,2,13.80
fold2_room1_mix1085,45,5,0,113,2,13.58
fold2_room1_mix1085,46,4,0,-6,0,6.19
fold2_room1_mix1085,46,5,0,113,2,12.96
fold2_room1_mix1085,47,4,0,-8,-1,7.00
fold2_room1_mix1085,47,5,0,110,2,13.10
fold2_room1_mix1085,48,4,0,-3,-1,12.07
fold2_room1_mix1085,48,5,0,115,2,14.88
fold2_room1_mix1085,49,4,0,-9,-2,10.55
fold2_room1_mix1085,49,5,0,111,2,14.29
fold2_room1_mix1085,50,4,0,-7,-2,13.16
fold2_room1_mix1085,50,5,0,116,2,13.99
fold2_room1_mix1085,51,4,0,-9,-2,14.18
fold2_room1_mix1085,51,5,0,113,1,14.82
fold2_room1_mix1085,52,4,0,-8,-2,12.29
fold2_room1_mix1085,52,5,0,113,2,14.54
fold2_room1_mix1085,53,4,0,-8,-2,12.01
fold2_room1_mix1085,53,5,0,116,1,15.32
fold2_room1_mix1085,54,4,0,-9,-2,12.80
fold2_room1_mix1085,54,5,0,114,2,13.96
fold2_room1_mix1085,55,4,0,-10,-2,11.78
fold2_room1_mix1085,55,5,0,111,2,12.68
fold2_room1_mix1085,56,4,0,-11,-2,12.30
fold2_room1_mix1085,56,5,0,114,2,14.85
fold2_room1_mix1085,57,4,0,-9,-2,11.05
fold2_room1_mix1085,57,5,0,111,2,14.99
fold2_room1_mix1085,58,4,0,-8,-2,10.97
fold2_room1_mix1085,58,5,0,111,2,13.83
fold2_room1_mix1085,59,4,0,-7,-3,10.80
fold2_room1_mix1085,59,5,0,115,2,14.48
fold2_room1_mix1085,60,4,0,-8,-3,10.19
fold2_room1_mix1085,60,5,0,112,2,13.50
fold2_room1_mix1085,61,4,0,-9,-3,9.58
fold2_room1_mix1085,61,5,0,113,2,15.10
fold2_room1_mix1085,62,4,0,-10,-3,9.52
fold2_room1_mix1085,62,5,0,113,2,12.98
fold2_room1_mix1085,63,4,0,-10,-3,8.88
fold2_room1_mix1085,63,5,0,110,2,14.10
fold2_room1_mix1085,64,4,0,-11,-4,8.55
fold2_room1_mix1085,64,5,0,106,2,14.86
fold2_room1_mix1085,65,4,0,-12,-4,7.96
fold2_room1_mix1085,65,5,0,108,2,13.47
fold2_room1_mix1085,66,4,0,-13,-4,8.14
fold2_room1_mix1085,66,5,0,112,2,13.05
fold2_room1_mix1085,67,4,0,-13,-4,7.30
fold2_room1_mix1085,67,5,0,110,2,14.22
fold2_room1_mix1085,68,4,0,-14,-5,6.68
fold2_room1_mix1085,68,5,0,107,2,13.13
fold2_room1_mix1085,69,4,0,-15,-5,6.51
fold2_room1_mix1085,69,5,0,111,2,14.02
fold2_room1_mix1085,70,4,0,-16,-5,5.78
fold2_room1_mix1085,70,5,0,111,2,14.48
fold2_room1_mix1085,71,4,0,-18,-5,5.39
fold2_room1_mix1085,71,5,0,109,2,13.08
fold2_room1_mix1085,72,4,0,-19,-6,5.12
fold2_room1_mix1085,72,5,0,106,2,14.37
fold2_room1_mix1085,73,4,0,-23,-7,4.55
fold2_room1_mix1085,73,5,0,109,2,15.28
fold2_room1_mix1085,74,4,0,-25,-7,3.88
fold2_room1_mix1085,74,5,0,110,2,13.27
fold2_room1_mix1085,75,4,0,-27,-7,3.78
fold2_room1_mix1085,75,5,0,110,2,13.90
fold2_room1_mix1085,76,4,0,-31,-7,3.51
fold2_room1_mix1085,76,5,0,104,2,13.57
fold2_room1_mix1085,77,4,0,-35,-9,2.89
fold2_room1_mix1085,77,5,0,99,2,13.89
fold2_room1_mix1085,78,4,0,-40,-9,2.63
fold2_room1_mix1085,78,5,0,100,3,12.55
fold2_room1_mix1085,79,4,0,-46,-12,2.15
fold2_room1_mix1085,79,5,0,88,2,12.97
fold2_room1_mix1085,80,4,0,-57,-11,2.04
fold2_room1_mix1085,80,5,0,91,2,14.59
fold2_room1_mix1085,81,4,0,-72,-12,2.05
fold2_room1_mix1085,81,5,0,99,2,12.78
fold2_room1_mix1085,82,4,0,-82,-14,2.12
fold2_room1_mix1085,82,5,0,101,2,11.80
fold2_room1_mix1085,83,4,0,-98,-13,1.85
fold2_room1_mix1085,83,5,0,100,2,12.39
fold2_room1_mix1085,84,4,0,-114,-12,1.82
fold2_room1_mix1085,84,5,0,96,3,12.23
fold2_room1_mix1085,85,4,0,-126,-9,2.28
fold2_room1_mix1085,85,5,0,99,3,12.10
fold2_room1_mix1085,86,4,0,-135,-9,2.36
fold2_room1_mix1085,86,5,0,107,3,13.18
fold2_room1_mix1085,87,4,0,-143,-9,2.60
fold2_room1_mix1085,87,5,0,94,3,11.41
fold2_room1_mix1085,88,4,0,-146,-7,3.09
fold2_room1_mix1085,88,5,0,105,3,13.16
fold2_room1_mix1085,89,4,0,-148,-6,3.33
fold2_room1_mix1085,89,5,0,102,3,12.97
fold2_room1_mix1085,90,4,0,-152,-6,3.89
fold2_room1_mix1085,90,5,0,97,3,12.93
fold2_room1_mix1085,91,4,0,-155,-5,4.25
fold2_room1_mix1085,91,5,0,89,3,13.02
fold2_room1_mix1085,92,4,0,-156,-5,4.56
fold2_room1_mix1085,92,5,0,98,3,13.47
fold2_room1_mix1085,93,4,0,-157,-5,4.85
fold2_room1_mix1085,93,5,0,93,3,12.59
fold2_room1_mix1085,94,4,0,-159,-4,5.42
fold2_room1_mix1085,94,5,0,100,3,12.51
fold2_room1_mix1085,95,4,0,-161,-4,6.24
fold2_room1_mix1085,95,5,0,105,3,12.45
fold2_room1_mix1085,96,4,0,-163,-4,6.65
fold2_room1_mix1085,96,5,0,100,3,12.40
fold2_room1_mix1085,97,4,0,-163,-3,7.13
fold2_room1_mix1085,97,5,0,99,3,12.96
fold2_room1_mix1085,98,4,0,-164,-2,7.99
fold2_room1_mix1085,98,5,0,106,3,12.77
fold2_room1_mix1085,99,4,0,-166,-2,8.09
fold2_room1_mix1085,99,5,0,103,3,13.51
fold2_room1_mix1086,11,2,0,148,-7,5.28
fold2_room1_mix1086,12,2,0,138,-7,4.94
fold2_room1_mix1086,13,2,0,136,-7,4.56
fold2_room1_mix1086,14,2,0,138,-7,3.96
fold2_room1_mix1086,19,2,0,139,-6,4.44
fold2_room1_mix1086,20,2,0,129,-7,4.69
fold2_room1_mix1086,21,2,0,131,-7,4.27
fold2_room1_mix1086,22,2,0,131,-7,4.53
fold2_room1_mix1086,23,2,0,131,-7,4.65
fold2_room1_mix1086,29,2,0,125,-7,4.65
fold2_room1_mix1086,30,2,0,128,-7,4.84
fold2_room1_mix1086,31,2,0,126,-7,4.64
fold2_room1_mix1086,32,2,0,126,-8,4.39
fold2_room1_mix1086,33,2,0,119,-7,4.98
fold2_room1_mix1086,33,4,0,166,-1,5.50
fold2_room1_mix1086,34,4,0,166,-1,5.69
fold2_room1_mix1086,35,4,0,168,-1,10.91
fold2_room1_mix1086,36,4,0,167,-2,12.04
fold2_room1_mix1086,37,4,0,167,-2,13.77
fold2_room1_mix1086,38,2,0,119,-6,4.91
fold2_room1_mix1086,38,4,0,166,-1,13.37
fold2_room1_mix1086,39,2,0,124,-7,4.35
fold2_room1_mix1086,39,4,0,161,-1,13.96
fold2_room1_mix1086,40,2,0,124,-7,4.81
fold2_room1_mix1086,40,4,0,164,-1,14.47
fold2_room1_mix1086,41,2,0,119,-8,4.23
fold2_room1_mix1086,41,4,0,165,-2,13.15
fold2_room1_mix1086,42,2,0,122,-8,4.27
fold2_room1_mix1086,42,4,0,163,-2,12.69
fold2_room1_mix1086,43,4,0,165,-2,12.42
fold2_room1_mix1086,44,4,0,165,-3,11.32
fold2_room1_mix1086,45,4,0,164,-3,11.08
fold2_room1_mix1086,46,4,0,163,-3,10.95
fold2_room1_mix1086,47,4,0,163,-3,9.84
fold2_room1_mix1086,48,2,0,116,-7,4.41
fold2_room1_mix1086,48,4,0,162,-3,9.58
fold2_room1_mix1086,49,1,0,153,-2,21.96
fold2_room1_mix1086,49,2,0,116,-7,4.92
fold2_room1_mix1086,49,4,0,158,-3,8.12
fold2_room1_mix1086,50,1,0,151,-2,20.33
fold2_room1_mix1086,50,2,0,119,-6,5.29
fold2_room1_mix1086,50,4,0,163,-3,9.28
fold2_room1_mix1086,51,1,0,151,-2,23.68
fold2_room1_mix1086,51,2,0,117,-7,4.45
fold2_room1_mix1086,51,4,0,165,-3,8.50
fold2_room1_mix1086,52,1,0,148,-2,11.77
fold2_room1_mix1086,52,4,0,159,-3,7.36
fold2_room1_mix1086,53,1,0,145,-3,14.71
fold2_room1_mix1086,53,4,0,157,-4,9.14
fold2_room1_mix1086,54,1,0,141,-2,18.15
fold2_room1_mix1086,54,4,0,150,-4,7.15
fold2_room1_mix1086,55,1,0,133,-3,13.12
fold2_room1_mix1086,55,4,0,160,-4,8.00
fold2_room1_mix1086,56,1,0,126,-3,13.89
fold2_room1_mix1086,56,4,0,162,-4,8.01
fold2_room1_mix1086,57,4,0,155,-6,5.02
fold2_room1_mix1086,58,1,0,110,-4,11.92
fold2_room1_mix1086,58,2,0,114,-5,4.84
fold2_room1_mix1086,58,4,0,150,-5,5.85
fold2_room1_mix1086,59,1,0,93,-3,10.64
fold2_room1_mix1086,59,2,0,107,-6,3.03
fold2_room1_mix1086,59,4,0,139,-6,4.36
fold2_room1_mix1086,60,1,0,80,-3,11.68
fold2_room1_mix1086,60,2,0,104,-6,3.98
fold2_room1_mix1086,60,4,0,143,-5,4.69
fold2_room1_mix1086,61,1,0,78,-4,10.12
fold2_room1_mix1086,61,2,0,105,-6,4.20
fold2_room1_mix1086,61,4,0,142,-4,7.76
fold2_room1_mix1086,62,4,0,108,-14,3.55
fold2_room1_mix1086,63,1,0,56,-3,12.71
fold2_room1_mix1086,63,4,0,114,-9,3.59
fold2_room1_mix1086,64,1,0,49,-3,14.28
fold2_room1_mix1086,64,4,0,94,-9,4.32
fold2_room1_mix1086,65,1,0,41,-3,13.87
fold2_room1_mix1086,65,2,0,85,-6,2.35
fold2_room1_mix1086,65,4,0,103,-12,3.93
fold2_room1_mix1086,66,1,0,45,-3,11.83
fold2_room1_mix1086,66,4,0,97,-6,5.24
fold2_room1_mix1086,66,4,0,94,-6,5.40
fold2_room1_mix1086,67,4,0,44,-9,3.28
fold2_room1_mix1086,68,1,0,33,-3,16.79
fold2_room1_mix1086,68,4,0,59,-9,3.70
fold2_room1_mix1086,69,1,0,34,-3,18.66
fold2_room1_mix1086,69,4,0,40,-7,4.91
fold2_room1_mix1086,70,1,0,27,-2,16.86
fold2_room1_mix1086,70,4,0,47,-8,4.15
fold2_room1_mix1086,71,1,0,30,-3,16.90
fold2_room1_mix1086,71,4,0,46,-6,3.78
fold2_room1_mix1086,72,4,0,25,-5,5.32
fold2_room1_mix1086,73,1,0,23,-2,17.33
fold2_room1_mix1086,73,4,0,31,-4,5.11
fold2_room1_mix1086,74,1,0,21,-3,20.60
fold2_room1_mix1086,74,4,0,27,-2,5.94
fold2_room1_mix1086,75,1,0,19,-2,18.03
fold2_room1_mix1086,75,4,0,28,-4,6.01
fold2_room1_mix1086,76,1,0,17,-2,20.82
fold2_room1_mix1086,76,4,0,23,-2,6.06
fold2_room1_mix1086,77,4,0,19,-2,7.08
fold2_room1_mix1086,78,1,0,17,-2,16.37
fold2_room1_mix1086,78,4,0,24,-2,7.67
fold2_room1_mix1086,79,1,0,16,-2,18.84
fold2_room1_mix1086,79,4,0,19,-2,6.92
fold2_room1_mix1086,80,1,0,15,-2,21.44
fold2_room1_mix1086,80,4,0,20,-2,7.53
fold2_room1_mix1086,81,1,0,13,-2,25.99
fold2_room1_mix1086,81,4,0,17,-2,8.43
fold2_room1_mix1086,82,4,0,15,0,8.70
fold2_room1_mix1086,83,1,0,16,-2,15.27
fold2_room1_mix1086,83,4,0,16,-2,9.03
fold2_room1_mix1086,84,1,0,8,-2,17.37
fold2_room1_mix1086,84,4,0,15,-1,9.83
fold2_room1_mix1086,85,1,0,13,-2,22.26
fold2_room1_mix1086,85,4,0,16,-1,10.75
fold2_room1_mix1086,86,1,0,11,-2,28.59
fold2_room1_mix1086,86,4,0,14,-2,9.41
fold2_room1_mix1086,88,1,0,11,-2,10.95
fold2_room1_mix1086,88,4,0,10,-1,4.63
fold2_room1_mix1086,89,1,0,8,-2,18.75
fold2_room1_mix1086,89,4,0,12,-2,11.40
fold2_room1_mix1086,90,1,0,11,-2,21.93
fold2_room1_mix1086,90,4,0,8,0,2.92
fold2_room1_mix1086,91,1,0,10,-2,28.33
fold2_room1_mix1086,91,4,0,10,-1,8.67
fold2_room1_mix1086,93,1,0,14,-2,9.35
fold2_room1_mix1086,94,1,0,7,-2,13.19
fold2_room1_mix1086,94,4,0,7,-1,4.83
fold2_room1_mix1087,20,0,0,10,0,34.65
fold2_room1_mix1087,21,0,0,13,0,25.02
fold2_room1_mix1087,22,0,0,13,0,31.78
fold2_room1_mix1087,23,0,0,12,0,48.23
fold2_room1_mix1087,24,0,0,15,-1,41.51
fold2_room1_mix1087,25,0,0,14,-1,42.10
fold2_room1_mix1087,26,0,0,16,0,46.80
fold2_room1_mix1087,27,0,0,18,-1,37.24
fold2_room1_mix1087,28,0,0,15,0,41.09
fold2_room1_mix1087,29,0,0,16,0,50.14
fold2_room1_mix1087,30,0,0,16,-1,37.12
fold2_room1_mix1087,31,0,0,17,-1,38.29
fold2_room1_mix1087,32,0,0,18,0,41.94
fold2_room1_mix1087,33,0,0,17,-1,31.87
fold2_room1_mix1087,34,0,0,18,-1,31.79
fold2_room1_mix1087,35,0,0,20,-1,26.51
fold2_room1_mix1087,36,0,0,22,-1,23.75
fold2_room1_mix1087,37,0,0,23,-1,23.04
fold2_room1_mix1087,38,0,0,26,-1,22.87
fold2_room1_mix1087,39,0,0,27,-1,21.51
fold2_room1_mix1087,40,0,0,28,-1,24.50
fold2_room1_mix1087,41,0,0,30,-1,22.16
fold2_room1_mix1087,42,0,0,31,-1,24.52
fold2_room1_mix1087,43,0,0,33,-1,20.90
fold2_room1_mix1087,44,0,0,33,-1,20.81
fold2_room1_mix1087,45,0,0,37,-2,21.19
fold2_room1_mix1087,46,0,0,43,-2,16.56
fold2_room1_mix1087,47,0,0,51,-2,14.74
fold2_room1_mix1087,48,0,0,59,-3,11.98
fold2_room1_mix1087,49,0,0,73,-3,11.04
fold2_room1_mix1087,50,0,0,82,-3,10.37
fold2_room1_mix1087,51,0,0,91,-3,12.02
fold2_room1_mix1087,52,0,0,97,-3,11.74
fold2_room1_mix1087,53,0,0,98,-3,12.71
fold2_room1_mix1087,54,0,0,107,-3,13.60
fold2_room1_mix1087,55,0,0,113,-3,12.73
fold2_room1_mix1087,56,0,0,117,-3,13.93
fold2_room1_mix1087,57,0,0,114,-2,15.06
fold2_room1_mix1087,58,0,0,109,-2,5.39
fold2_room1_mix1087,59,0,0,110,-1,5.67
fold2_room1_mix1087,60,0,0,118,-1,3.84
fold2_room1_mix1087,19,0,0,9,-1,11.76
fold2_room1_mix1088,0,5,0,133,2,3.61
fold2_room1_mix1088,1,5,0,139,2,8.25
fold2_room1_mix1088,2,5,0,143,3,6.83
fold2_room1_mix1088,3,4,0,-178,0,6.32
fold2_room1_mix1088,3,5,0,131,2,8.41
fold2_room1_mix1088,4,4,0,177,0,16.55
fold2_room1_mix1088,4,5,0,133,5,8.02
fold2_room1_mix1088,5,4,0,178,0,19.10
fold2_room1_mix1088,5,5,0,140,3,11.51
fold2_room1_mix1088,6,4,0,-179,0,18.19
fold2_room1_mix1088,6,5,0,134,3,14.62
fold2_room1_mix1088,7,4,0,178,0,25.61
fold2_room1_mix1088,7,5,0,134,4,10.75
fold2_room1_mix1088,8,4,0,179,0,35.86
fold2_room1_mix1088,8,5,0,136,4,9.71
fold2_room1_mix1088,9,4,0,-179,0,33.62
fold2_room1_mix1088,9,5,0,134,4,11.14
fold2_room1_mix1088,10,4,0,179,0,27.75
fold2_room1_mix1088,10,5,0,134,4,10.60
fold2_room1_mix1088,11,4,0,178,0,32.09
fold2_room1_mix1088,11,5,0,133,3,10.43
fold2_room1_mix1088,12,4,0,179,0,31.41
fold2_room1_mix1088,12,5,0,132,4,9.94
fold2_room1_mix1088,13,4,0,-179,0,31.86
fold2_room1_mix1088,13,5,0,131,3,12.57
fold2_room1_mix1088,14,4,0,178,0,31.46
fold2_room1_mix1088,14,5,0,134,3,11.53
fold2_room1_mix1088,15,4,0,-179,0,30.54
fold2_room1_mix1088,15,5,0,133,4,10.65
fold2_room1_mix1088,16,4,0,178,0,28.08
fold2_room1_mix1088,16,5,0,128,3,10.70
fold2_room1_mix1088,17,4,0,-178,0,29.78
fold2_room1_mix1088,17,5,0,134,4,10.58
fold2_room1_mix1088,18,4,0,-179,0,29.71
fold2_room1_mix1088,18,5,0,130,4,11.24
fold2_room1_mix1088,19,4,0,-179,0,27.31
fold2_room1_mix1088,19,5,0,130,3,12.65
fold2_room1_mix1088,20,4,0,-179,0,29.63
fold2_room1_mix1088,20,5,0,136,4,10.29
fold2_room1_mix1088,21,4,0,-176,0,28.50
fold2_room1_mix1088,21,5,0,132,3,11.25
fold2_room1_mix1088,22,4,0,-178,0,27.92
fold2_room1_mix1088,22,5,0,133,3,12.76
fold2_room1_mix1088,23,4,0,-178,0,27.47
fold2_room1_mix1088,23,5,0,135,4,10.54
fold2_room1_mix1088,24,4,0,179,0,26.95
fold2_room1_mix1088,24,5,0,133,4,9.95
fold2_room1_mix1088,25,4,0,-179,0,26.84
fold2_room1_mix1088,25,5,0,131,4,10.13
fold2_room1_mix1088,26,4,0,-178,0,27.47
fold2_room1_mix1088,26,5,0,135,4,10.67
fold2_room1_mix1088,27,4,0,-178,-1,26.99
fold2_room1_mix1088,27,5,0,130,4,9.75
fold2_room1_mix1088,28,4,0,179,-1,25.95
fold2_room1_mix1088,28,5,0,134,4,9.74
fold2_room1_mix1088,29,4,0,-178,-1,27.45
fold2_room1_mix1088,29,5,0,133,4,9.97
fold2_room1_mix1088,30,4,0,-177,-1,26.48
fold2_room1_mix1088,30,5,0,132,4,11.27
fold2_room1_mix1088,31,4,0,179,-1,26.77
fold2_room1_mix1088,31,5,0,136,4,10.62
fold2_room1_mix1088,32,4,0,178,-1,26.39
fold2_room1_mix1088,32,5,0,133,4,9.77
fold2_room1_mix1088,33,4,0,179,-1,24.94
fold2_room1_mix1088,33,5,0,133,4,10.55
fold2_room1_mix1088,34,4,0,178,-1,25.15
fold2_room1_mix1088,34,5,0,135,4,9.98
fold2_room1_mix1088,35,4,0,-179,-1,26.06
fold2_room1_mix1088,35,5,0,133,4,11.66
fold2_room1_mix1088,36,4,0,178,-1,24.12
fold2_room1_mix1088,36,5,0,133,5,9.60
fold2_room1_mix1088,37,4,0,-178,-1,23.87
fold2_room1_mix1088,37,5,0,135,4,10.46
fold2_room1_mix1088,38,4,0,-179,-1,23.56
fold2_room1_mix1088,38,5,0,135,4,10.89
fold2_room1_mix1088,39,4,0,-178,-1,23.86
fold2_room1_mix1088,39,5,0,135,4,10.53
fold2_room1_mix1088,40,4,0,-179,-1,23.15
fold2_room1_mix1088,40,5,0,137,4,10.58
fold2_room1_mix1088,41,4,0,-178,-1,22.13
fold2_room1_mix1088,41,5,0,135,4,10.09
fold2_room1_mix1088,42,4,0,-178,-1,21.71
fold2_room1_mix1088,42,5,0,135,4,10.10
fold2_room1_mix1088,43,4,0,-177,-1,21.06
fold2_room1_mix1088,43,5,0,136,4,10.65
fold2_room1_mix1088,44,4,0,-177,-1,20.76
fold2_room1_mix1088,44,5,0,136,5,9.94
fold2_room1_mix1088,45,4,0,-178,-1,20.02
fold2_room1_mix1088,45,5,0,134,4,11.15
fold2_room1_mix1088,46,4,0,-178,-1,19.45
fold2_room1_mix1088,46,5,0,136,4,11.27
fold2_room1_mix1088,47,4,0,-178,-1,20.08
fold2_room1_mix1088,47,5,0,135,4,10.40
fold2_room1_mix1088,48,4,0,-179,-1,18.98
fold2_room1_mix1088,48,5,0,135,4,10.36
fold2_room1_mix1088,49,4,0,178,-2,18.68
fold2_room1_mix1088,49,5,0,136,4,11.21
fold2_room1_mix1088,50,4,0,176,-2,18.03
fold2_room1_mix1088,50,5,0,136,4,10.21
fold2_room1_mix1088,51,4,0,177,-2,17.54
fold2_room1_mix1088,51,5,0,134,4,11.46
fold2_room1_mix1088,52,4,0,-179,-2,16.54
fold2_room1_mix1088,52,5,0,134,4,10.47
fold2_room1_mix1088,53,4,0,179,-2,16.73
fold2_room1_mix1088,53,5,0,135,4,11.08
fold2_room1_mix1088,54,4,0,176,-2,15.84
fold2_room1_mix1088,54,5,0,131,4,10.64
fold2_room1_mix1088,55,4,0,178,-2,15.41
fold2_room1_mix1088,55,5,0,136,4,11.10
fold2_room1_mix1088,56,4,0,178,-2,14.66
fold2_room1_mix1088,56,5,0,134,4,10.64
fold2_room1_mix1088,57,4,0,179,-3,14.01
fold2_room1_mix1088,57,5,0,132,4,10.93
fold2_room1_mix1088,58,4,0,176,-3,14.03
fold2_room1_mix1088,58,5,0,134,4,10.54
fold2_room1_mix1088,59,4,0,175,-3,12.75
fold2_room1_mix1088,59,5,0,133,4,10.53
fold2_room1_mix1088,60,4,0,177,-3,12.40
fold2_room1_mix1088,60,5,0,137,4,10.79
fold2_room1_mix1088,61,4,0,176,-3,11.42
fold2_room1_mix1088,61,5,0,135,3,11.27
fold2_room1_mix1088,62,4,0,174,-3,10.74
fold2_room1_mix1088,62,5,0,135,3,11.48
fold2_room1_mix1088,63,4,0,174,-4,10.40
fold2_room1_mix1088,63,5,0,134,4,10.14
fold2_room1_mix1088,64,4,0,175,-4,9.61
fold2_room1_mix1088,64,5,0,136,4,11.11
fold2_room1_mix1088,65,4,0,174,-4,8.76
fold2_room1_mix1088,65,5,0,133,4,11.14
fold2_room1_mix1088,66,4,0,173,-4,8.78
fold2_room1_mix1088,66,5,0,131,4,10.65
fold2_room1_mix1088,67,4,0,172,-4,8.01
fold2_room1_mix1088,67,5,0,137,3,12.45
fold2_room1_mix1088,68,4,0,171,-5,7.06
fold2_room1_mix1088,68,5,0,136,4,11.03
fold2_room1_mix1088,69,4,0,170,-5,6.59
fold2_room1_mix1088,69,5,0,131,3,11.35
fold2_room1_mix1088,70,4,0,169,-6,5.58
fold2_room1_mix1088,70,5,0,133,3,12.63
fold2_room1_mix1088,71,4,0,167,-6,5.28
fold2_room1_mix1088,71,5,0,134,3,12.23
fold2_room1_mix1088,72,4,0,163,-7,4.25
fold2_room1_mix1088,72,5,0,133,4,10.88
fold2_room1_mix1088,73,4,0,162,-8,3.73
fold2_room1_mix1088,73,5,0,133,3,12.27
fold2_room1_mix1088,74,4,0,158,-11,3.01
fold2_room1_mix1088,74,5,0,135,3,11.82
fold2_room1_mix1088,75,4,0,151,-13,2.58
fold2_room1_mix1088,75,5,0,134,3,11.97
fold2_room1_mix1088,76,4,0,138,-18,1.92
fold2_room1_mix1088,76,5,0,135,4,11.17
fold2_room1_mix1088,77,4,0,115,-24,1.69
fold2_room1_mix1088,77,5,0,131,3,10.85
fold2_room1_mix1088,78,4,0,87,-24,1.58
fold2_room1_mix1088,78,5,0,125,3,10.09
fold2_room1_mix1088,79,4,0,53,-19,1.72
fold2_room1_mix1088,79,5,0,125,4,9.55
fold2_room1_mix1088,80,4,0,36,-14,2.02
fold2_room1_mix1088,80,5,0,136,3,11.49
fold2_room1_mix1088,81,4,0,26,-11,2.49
fold2_room1_mix1088,81,5,0,132,3,10.45
fold2_room1_mix1088,82,4,0,23,-10,2.91
fold2_room1_mix1088,82,5,0,134,3,10.38
fold2_room1_mix1088,83,4,0,18,-8,3.48
fold2_room1_mix1088,83,5,0,134,3,11.39
fold2_room1_mix1088,84,4,0,14,-6,4.25
fold2_room1_mix1088,84,5,0,133,3,10.95
fold2_room1_mix1088,85,4,0,13,-6,4.83
fold2_room1_mix1088,85,5,0,136,2,11.81
fold2_room1_mix1088,86,4,0,10,-5,5.16
fold2_room1_mix1088,86,5,0,139,2,12.76
fold2_room1_mix1088,87,4,0,10,-4,6.34
fold2_room1_mix1088,87,5,0,135,3,11.67
fold2_room1_mix1088,88,4,0,9,-4,7.04
fold2_room1_mix1088,88,5,0,134,2,11.32
fold2_room1_mix1088,89,4,0,9,-4,7.77
fold2_room1_mix1088,89,5,0,138,2,12.90
fold2_room1_mix1088,90,4,0,9,-3,8.52
fold2_room1_mix1088,90,5,0,135,2,12.54
fold2_room1_mix1088,91,4,0,8,-3,9.33
fold2_room1_mix1088,91,5,0,139,2,12.96
fold2_room1_mix1088,92,4,0,7,-3,10.00
fold2_room1_mix1088,92,5,0,136,2,12.09
fold2_room1_mix1088,93,4,0,7,-3,9.85
fold2_room1_mix1088,93,5,0,133,2,13.53
fold2_room1_mix1088,94,4,0,7,-3,11.44
fold2_room1_mix1088,94,5,0,136,2,13.06
fold2_room1_mix1088,95,4,0,6,-3,12.20
fold2_room1_mix1088,95,5,0,130,2,12.27
fold2_room1_mix1088,96,4,0,6,-3,12.18
fold2_room1_mix1088,96,5,0,133,2,13.10
fold2_room1_mix1088,97,4,0,5,-2,12.98
fold2_room1_mix1088,97,5,0,133,2,13.30
fold2_room1_mix1088,98,4,0,6,-2,14.73
fold2_room1_mix1088,98,5,0,131,2,12.25
fold2_room1_mix1088,99,4,0,5,-2,13.97
fold2_room1_mix1088,99,5,0,135,2,14.10
fold2_room1_mix1089,3,4,0,-178,0,3.49
fold2_room1_mix1089,4,4,0,-177,0,13.83
fold2_room1_mix1089,5,4,0,-178,0,21.30
fold2_room1_mix1089,6,4,0,-176,0,23.84
fold2_room1_mix1089,7,4,0,-177,0,29.20
fold2_room1_mix1089,8,4,0,-177,0,42.96
fold2_room1_mix1089,9,4,0,-179,0,42.04
fold2_room1_mix1089,10,4,0,-177,0,40.32
fold2_room1_mix1089,11,4,0,-178,0,44.02
fold2_room1_mix1089,12,4,0,-179,0,42.63
fold2_room1_mix1089,13,4,0,-178,0,40.22
fold2_room1_mix1089,14,4,0,-177,0,41.45
fold2_room1_mix1089,15,4,0,-176,0,41.85
fold2_room1_mix1089,16,4,0,-178,0,40.22
fold2_room1_mix1089,17,4,0,-177,0,41.27
fold2_room1_mix1089,18,4,0,-176,0,40.29
fold2_room1_mix1089,19,4,0,-174,0,39.87
fold2_room1_mix1089,20,4,0,-176,0,42.05
fold2_room1_mix1089,21,4,0,-175,0,39.09
fold2_room1_mix1089,22,4,0,-174,0,37.28
fold2_room1_mix1089,23,4,0,-174,0,36.48
fold2_room1_mix1089,24,4,0,-174,0,37.33
fold2_room1_mix1089,25,4,0,-174,0,35.57
fold2_room1_mix1089,26,4,0,-174,0,35.51
fold2_room1_mix1089,27,4,0,-174,0,36.73
fold2_room1_mix1089,28,4,0,-174,0,36.50
fold2_room1_mix1089,29,4,0,-173,0,34.48
fold2_room1_mix1089,30,4,0,-174,0,35.14
fold2_room1_mix1089,31,4,0,-174,0,34.77
fold2_room1_mix1089,32,4,0,-174,0,35.01
fold2_room1_mix1089,33,4,0,-174,0,34.22
fold2_room1_mix1089,34,4,0,-173,0,32.00
fold2_room1_mix1089,35,4,0,-173,0,35.12
fold2_room1_mix1089,36,4,0,-174,0,33.83
fold2_room1_mix1089,37,4,0,-175,0,31.26
fold2_room1_mix1089,38,4,0,-174,0,31.29
fold2_room1_mix1089,39,4,0,-173,0,30.48
fold2_room1_mix1089,40,4,0,-174,0,30.87
fold2_room1_mix1089,41,4,0,-172,0,27.75
fold2_room1_mix1089,42,4,0,-173,-1,25.67
fold2_room1_mix1089,43,4,0,-172,-1,26.19
fold2_room1_mix1089,44,4,0,-172,-1,25.02
fold2_room1_mix1089,45,4,0,-170,-1,24.16
fold2_room1_mix1089,46,4,0,-170,-1,23.74
fold2_room1_mix1089,47,4,0,-171,-1,23.19
fold2_room1_mix1089,48,4,0,-169,-1,21.76
fold2_room1_mix1089,49,4,0,-167,-1,20.63
fold2_room1_mix1089,50,4,0,-168,-1,20.08
fold2_room1_mix1089,51,4,0,-168,-1,20.20
fold2_room1_mix1089,52,4,0,-168,-1,18.43
fold2_room1_mix1089,53,4,0,-168,-1,17.81
fold2_room1_mix1089,54,4,0,-168,-1,17.33
fold2_room1_mix1089,55,4,0,-175,-2,13.94
fold2_room1_mix1089,55,4,0,-153,0,21.67
fold2_room1_mix1089,56,4,0,-176,-3,12.38
fold2_room1_mix1089,56,4,0,-145,0,21.75
fold2_room1_mix1089,57,4,0,-175,-3,11.60
fold2_room1_mix1089,57,4,0,-147,0,21.15
fold2_room1_mix1089,58,4,0,-175,-4,10.34
fold2_room1_mix1089,58,4,0,-145,0,20.50
fold2_room1_mix1089,59,4,0,-176,-4,9.67
fold2_room1_mix1089,59,4,0,-142,0,20.27
fold2_room1_mix1089,60,4,0,-173,-5,8.56
fold2_room1_mix1089,60,4,0,-145,0,19.34
fold2_room1_mix1089,61,4,0,-173,-5,7.76
fold2_room1_mix1089,61,4,0,-141,0,16.93
fold2_room1_mix1089,62,4,0,-174,-6,7.44
fold2_room1_mix1089,62,4,0,-141,-1,15.42
fold2_room1_mix1089,63,4,0,-172,-7,5.85
fold2_room1_mix1089,63,4,0,-133,0,15.65
fold2_room1_mix1089,64,4,0,-169,-8,4.99
fold2_room1_mix1089,64,4,0,-130,0,15.99
fold2_room1_mix1089,65,4,0,-164,-9,4.30
fold2_room1_mix1089,65,4,0,-130,-1,14.02
fold2_room1_mix1089,66,4,0,-165,-11,3.50
fold2_room1_mix1089,66,4,0,-126,-1,14.16
fold2_room1_mix1089,67,4,0,-159,-14,2.98
fold2_room1_mix1089,67,4,0,-124,-2,13.13
fold2_room1_mix1089,68,4,0,-150,-18,2.19
fold2_room1_mix1089,68,4,0,-118,-3,12.33
fold2_room1_mix1089,69,4,0,-149,-20,2.99
fold2_room1_mix1089,69,4,0,-125,-27,1.46
fold2_room1_mix1089,69,4,0,-100,-8,11.07
fold2_room1_mix1089,70,4,0,-139,-16,7.27
fold2_room1_mix1089,70,4,0,-77,-34,1.24
fold2_room1_mix1089,70,4,0,-69,-18,4.30
fold2_room1_mix1089,71,4,0,-109,-10,8.81
fold2_room1_mix1089,71,4,0,-48,-18,2.80
fold2_room1_mix1089,72,4,0,-100,-2,12.24
fold2_room1_mix1089,72,4,0,-33,-15,2.45
fold2_room1_mix1089,73,4,0,-115,-1,11.99
fold2_room1_mix1089,73,4,0,-29,-11,3.10
fold2_room1_mix1089,74,4,0,-121,-1,12.75
fold2_room1_mix1089,74,4,0,-24,-11,3.39
fold2_room1_mix1089,75,4,0,-104,-2,13.40
fold2_room1_mix1089,75,4,0,-22,-10,3.59
fold2_room1_mix1089,76,4,0,-88,-3,12.49
fold2_room1_mix1089,76,4,0,-16,-9,3.89
fold2_room1_mix1089,77,4,0,-79,-2,12.92
fold2_room1_mix1089,77,4,0,-15,-8,4.59
fold2_room1_mix1089,78,4,0,-74,-2,12.39
fold2_room1_mix1089,78,4,0,-13,-7,5.79
fold2_room1_mix1089,79,4,0,-62,-2,11.81
fold2_room1_mix1089,79,4,0,-10,-6,6.68
fold2_room1_mix1089,80,4,0,-58,-3,10.97
fold2_room1_mix1089,80,4,0,-8,-6,7.84
fold2_room1_mix1089,81,4,0,-64,-2,11.82
fold2_room1_mix1089,81,4,0,-8,-5,8.29
fold2_room1_mix1089,82,4,0,-51,-2,12.72
fold2_room1_mix1089,82,4,0,-7,-5,9.33
fold2_room1_mix1089,83,4,0,-53,-2,13.38
fold2_room1_mix1089,83,4,0,-5,-4,11.06
fold2_room1_mix1089,84,4,0,-49,-2,13.67
fold2_room1_mix1089,84,4,0,-6,-4,11.06
fold2_room1_mix1089,85,4,0,-45,-1,15.43
fold2_room1_mix1089,85,4,0,-6,-4,12.36
fold2_room1_mix1089,86,4,0,-41,-2,15.41
fold2_room1_mix1089,86,4,0,-5,-3,13.43
fold2_room1_mix1089,87,4,0,-39,-2,16.21
fold2_room1_mix1089,87,4,0,-4,-3,13.73
fold2_room1_mix1089,88,4,0,-42,-1,18.51
fold2_room1_mix1089,88,4,0,-5,-3,15.13
fold2_room1_mix1089,89,4,0,-35,-2,17.35
fold2_room1_mix1089,89,4,0,-3,-2,16.54
fold2_room1_mix1089,90,4,0,-30,-2,17.25
fold2_room1_mix1089,90,4,0,-5,-2,16.56
fold2_room1_mix1089,91,4,0,-30,-1,19.95
fold2_room1_mix1089,91,4,0,-4,-2,18.85
fold2_room1_mix1089,92,4,0,-27,-1,19.40
fold2_room1_mix1089,92,4,0,-5,-2,19.01
fold2_room1_mix1089,93,4,0,-24,-1,20.69
fold2_room1_mix1089,93,4,0,-4,-2,19.64
fold2_room1_mix1089,94,4,0,-23,-1,22.87
fold2_room1_mix1089,94,4,0,-5,-2,21.85
fold2_room1_mix1089,95,4,0,-11,-2,22.05
fold2_room1_mix1089,96,4,0,-8,-1,22.76
fold2_room1_mix1089,97,4,0,-8,-1,23.42
fold2_room1_mix1089,98,4,0,-8,-2,23.68
fold2_room1_mix1089,99,4,0,-7,-1,24.27
fold2_room1_mix1090,4,4,0,178,0,10.96
fold2_room1_mix1090,5,4,0,178,0,17.51
fold2_room1_mix1090,6,4,0,-178,0,8.20
fold2_room1_mix1090,7,4,0,179,1,5.23
fold2_room1_mix1090,8,4,0,-179,0,29.94
fold2_room1_mix1090,9,4,0,-179,0,38.30
fold2_room1_mix1090,10,4,0,177,0,29.23
fold2_room1_mix1090,11,4,0,179,0,35.34
fold2_room1_mix1090,12,4,0,-177,0,36.55
fold2_room1_mix1090,13,4,0,178,0,33.68
fold2_room1_mix1090,14,4,0,178,0,34.17
fold2_room1_mix1090,15,4,0,178,0,32.38
fold2_room1_mix1090,16,4,0,-178,0,32.82
fold2_room1_mix1090,17,4,0,178,0,32.23
fold2_room1_mix1090,18,4,0,-179,0,30.40
fold2_room1_mix1090,19,4,0,179,0,29.83
fold2_room1_mix1090,20,4,0,-177,0,30.51
fold2_room1_mix1090,21,4,0,-179,0,31.24
fold2_room1_mix1090,22,4,0,179,0,28.56
fold2_room1_mix1090,23,4,0,-179,0,28.48
fold2_room1_mix1090,24,4,0,-179,0,28.04
fold2_room1_mix1090,25,4,0,178,0,26.44
fold2_room1_mix1090,26,3,0,-17,-3,8.90
fold2_room1_mix1090,26,4,0,177,0,21.86
fold2_room1_mix1090,27,3,0,-20,-2,12.73
fold2_room1_mix1090,27,4,0,178,-1,23.28
fold2_room1_mix1090,28,3,0,-21,-2,12.63
fold2_room1_mix1090,28,4,0,178,0,22.05
fold2_room1_mix1090,29,3,0,-20,-2,10.88
fold2_room1_mix1090,29,4,0,177,0,22.53
fold2_room1_mix1090,30,3,0,-21,-2,10.51
fold2_room1_mix1090,30,4,0,178,-1,22.18
fold2_room1_mix1090,31,3,0,-20,-2,10.48
fold2_room1_mix1090,31,4,0,178,-1,20.57
fold2_room1_mix1090,32,2,0,-95,-3,3.86
fold2_room1_mix1090,32,3,0,-22,-2,10.72
fold2_room1_mix1090,32,4,0,178,0,23.56
fold2_room1_mix1090,33,2,0,-95,-3,5.01
fold2_room1_mix1090,33,3,0,-21,-2,8.52
fold2_room1_mix1090,33,4,0,177,0,23.11
fold2_room1_mix1090,34,2,0,-95,-3,9.77
fold2_room1_mix1090,34,3,0,-23,-2,6.66
fold2_room1_mix1090,34,4,0,178,-1,19.35
fold2_room1_mix1090,35,2,0,-94,-3,7.84
fold2_room1_mix1090,35,4,0,178,-1,21.36
fold2_room1_mix1090,36,4,0,179,-1,21.23
fold2_room1_mix1090,37,4,0,176,0,21.74
fold2_room1_mix1090,38,3,0,-13,-3,6.26
fold2_room1_mix1090,38,4,0,177,-1,18.57
fold2_room1_mix1090,39,3,0,-21,-3,10.22
fold2_room1_mix1090,39,4,0,176,-1,18.37
fold2_room1_mix1090,40,2,0,-100,-3,8.71
fold2_room1_mix1090,40,3,0,-23,-3,11.02
fold2_room1_mix1090,40,4,0,176,-1,18.86
fold2_room1_mix1090,41,2,0,-98,-3,9.58
fold2_room1_mix1090,41,3,0,-26,-3,10.89
fold2_room1_mix1090,41,4,0,174,-2,18.22
fold2_room1_mix1090,42,2,0,-98,-2,9.97
fold2_room1_mix1090,42,3,0,-25,-3,10.18
fold2_room1_mix1090,42,4,0,174,-2,18.91
fold2_room1_mix1090,43,2,0,-97,-2,9.81
fold2_room1_mix1090,43,3,0,-24,-3,10.71
fold2_room1_mix1090,43,4,0,176,-3,17.81
fold2_room1_mix1090,44,2,0,-98,-3,9.47
fold2_room1_mix1090,44,3,0,-26,-3,9.27
fold2_room1_mix1090,44,4,0,178,-2,16.29
fold2_room1_mix1090,45,2,0,-97,-3,10.24
fold2_room1_mix1090,45,3,0,-37,-4,11.31
fold2_room1_mix1090,45,4,0,178,-2,16.42
fold2_room1_mix1090,46,3,0,-24,-3,7.97
fold2_room1_mix1090,46,4,0,177,-2,13.72
fold2_room1_mix1090,47,3,0,-21,-2,5.83
fold2_room1_mix1090,47,4,0,178,-2,12.64
fold2_room1_mix1090,48,4,0,178,-3,12.00
fold2_room1_mix1090,49,4,0,178,-2,11.90
fold2_room1_mix1090,50,2,0,-103,-3,10.24
fold2_room1_mix1090,50,3,0,-29,-3,5.43
fold2_room1_mix1090,50,4,0,174,-4,10.86
fold2_room1_mix1090,51,2,0,-102,-3,10.80
fold2_room1_mix1090,51,3,0,-33,-4,10.48
fold2_room1_mix1090,51,4,0,173,-3,12.39
fold2_room1_mix1090,52,2,0,-103,-2,10.81
fold2_room1_mix1090,52,3,0,-35,-3,10.07
fold2_room1_mix1090,52,4,0,173,-4,10.69
fold2_room1_mix1090,53,2,0,-97,-2,11.08
fold2_room1_mix1090,53,3,0,-33,-4,9.30
fold2_room1_mix1090,53,4,0,174,-4,13.71
fold2_room1_mix1090,54,2,0,-99,-2,11.07
fold2_room1_mix1090,54,3,0,-39,-4,8.50
fold2_room1_mix1090,54,4,0,173,-4,12.69
fold2_room1_mix1090,55,2,0,-96,-2,11.04
fold2_room1_mix1090,55,3,0,-39,-3,9.42
fold2_room1_mix1090,55,4,0,174,-5,10.42
fold2_room1_mix1090,56,3,0,-40,-4,8.22
fold2_room1_mix1090,56,4,0,173,-5,10.93
fold2_room1_mix1090,57,3,0,-44,-4,7.15
fold2_room1_mix1090,57,4,0,172,-6,7.44
fold2_room1_mix1090,58,3,0,-47,-4,5.77
fold2_room1_mix1090,58,4,0,170,-8,6.69
fold2_room1_mix1090,59,3,0,-49,-4,6.75
fold2_room1_mix1090,59,4,0,164,-9,6.10
fold2_room1_mix1090,60,4,0,155,-14,3.92
fold2_room1_mix1090,61,2,0,-96,-3,3.06
fold2_room1_mix1090,61,4,0,138,-23,2.33
fold2_room1_mix1090,62,2,0,-99,-2,7.94
fold2_room1_mix1090,62,4,0,111,-36,1.83
fold2_room1_mix1090,63,2,0,-97,-3,5.23
fold2_room1_mix1090,63,3,0,-52,-4,7.00
fold2_room1_mix1090,63,4,0,97,-36,2.14
fold2_room1_mix1090,64,2,0,-95,-3,6.37
fold2_room1_mix1090,64,3,0,-65,-5,7.56
fold2_room1_mix1090,64,4,0,40,-27,2.12
fold2_room1_mix1090,65,3,0,-80,-6,6.83
fold2_room1_mix1090,65,4,0,26,-19,2.90
fold2_room1_mix1090,66,3,0,-96,-6,6.38
fold2_room1_mix1090,66,4,0,16,-14,4.12
fold2_room1_mix1090,67,3,0,-105,-6,7.27
fold2_room1_mix1090,67,4,0,13,-13,4.19
fold2_room1_mix1090,68,3,0,-103,-7,6.46
fold2_room1_mix1090,68,4,0,11,-9,4.79
fold2_room1_mix1090,69,3,0,-108,-7,6.78
fold2_room1_mix1090,69,4,0,9,-8,5.47
fold2_room1_mix1090,70,3,0,-106,-7,5.83
fold2_room1_mix1090,70,4,0,5,-8,5.53
fold2_room1_mix1090,71,3,0,-112,-7,5.80
fold2_room1_mix1090,71,4,0,4,-6,6.11
fold2_room1_mix1090,72,2,0,-86,-1,3.59
fold2_room1_mix1090,72,3,0,-101,-6,5.40
fold2_room1_mix1090,72,4,0,3,-5,6.78
fold2_room1_mix1090,73,2,0,-86,-1,2.78
fold2_room1_mix1090,73,3,0,-104,-6,5.19
fold2_room1_mix1090,73,4,0,4,-5,7.58
fold2_room1_mix1090,74,3,0,-110,-6,5.43
fold2_room1_mix1090,74,4,0,3,-5,7.48
fold2_room1_mix1090,75,4,0,2,-5,8.83
fold2_room1_mix1090,76,4,0,3,-4,9.95
fold2_room1_mix1090,77,4,0,4,-4,10.65
fold2_room1_mix1090,78,4,0,3,-3,11.22
fold2_room1_mix1090,79,4,0,5,-3,11.62
fold2_room1_mix1090,80,4,0,4,-3,12.89
fold2_room1_mix1090,81,4,0,3,-3,13.27
fold2_room1_mix1090,82,4,0,3,-3,13.75
fold2_room1_mix1090,83,4,0,3,-3,14.62
fold2_room1_mix1090,84,4,0,3,-2,15.13
fold2_room1_mix1090,85,4,0,3,-2,15.93
fold2_room1_mix1090,86,4,0,3,-2,16.60
fold2_room1_mix1090,87,4,0,4,-2,16.94
fold2_room1_mix1090,88,4,0,3,-2,18.15
fold2_room1_mix1090,89,4,0,3,-2,18.87
fold2_room1_mix1090,90,4,0,3,-2,20.26
fold2_room1_mix1090,91,4,0,4,-2,21.27
fold2_room1_mix1090,92,4,0,3,-1,22.23
fold2_room1_mix1090,93,4,0,2,-2,21.06
fold2_room1_mix1090,94,4,0,2,-2,22.80
fold2_room1_mix1090,95,4,0,3,-2,22.70
fold2_room1_mix1090,96,4,0,3,-2,24.23
fold2_room1_mix1090,97,4,0,3,-2,25.11
fold2_room1_mix1090,98,4,0,2,-2,25.74
fold2_room1_mix1090,99,4,0,3,-2,25.25
fold2_room1_mix1091,6,4,0,-2,0,8.97
fold2_room1_mix1091,7,4,0,-5,0,9.60
fold2_room1_mix1091,8,4,0,-5,0,6.90
fold2_room1_mix1091,9,4,0,-4,0,15.71
fold2_room1_mix1091,10,4,0,-6,0,7.49
fold2_room1_mix1091,11,4,0,-9,0,12.85
fold2_room1_mix1091,12,4,0,-11,0,27.88
fold2_room1_mix1091,13,4,0,-10,0,28.31
fold2_room1_mix1091,14,4,0,-10,0,20.63
fold2_room1_mix1091,15,4,0,-9,0,27.41
fold2_room1_mix1091,16,4,0,-12,0,18.12
fold2_room1_mix1091,17,4,0,-9,0,30.83
fold2_room1_mix1091,18,4,0,-9,0,29.14
fold2_room1_mix1091,19,4,0,-8,0,33.69
fold2_room1_mix1091,20,2,0,-46,-3,9.19
fold2_room1_mix1091,20,4,0,-12,0,37.60
fold2_room1_mix1091,21,2,0,-38,-2,13.02
fold2_room1_mix1091,21,4,0,-8,0,41.62
fold2_room1_mix1091,22,2,0,-37,-2,14.32
fold2_room1_mix1091,22,4,0,-8,-1,38.09
fold2_room1_mix1091,23,2,0,-38,-1,15.01
fold2_room1_mix1091,23,4,0,-9,-1,34.40
fold2_room1_mix1091,24,2,0,-36,-1,14.33
fold2_room1_mix1091,24,4,0,-8,-1,30.96
fold2_room1_mix1091,25,2,0,-39,-1,13.87
fold2_room1_mix1091,25,4,0,-8,-1,32.87
fold2_room1_mix1091,26,4,0,-11,-1,36.24
fold2_room1_mix1091,27,4,0,-11,-1,39.26
fold2_room1_mix1091,28,4,0,-14,0,41.80
fold2_room1_mix1091,29,4,0,-14,0,41.34
fold2_room1_mix1091,30,2,0,-47,-2,12.49
fold2_room1_mix1091,30,4,0,-12,-1,39.79
fold2_room1_mix1091,31,2,0,-47,-2,14.54
fold2_room1_mix1091,31,4,0,-12,0,45.89
fold2_room1_mix1091,32,2,0,-49,-2,13.20
fold2_room1_mix1091,32,4,0,-13,-1,45.87
fold2_room1_mix1091,33,2,0,-50,-2,12.80
fold2_room1_mix1091,33,4,0,-11,-1,43.46
fold2_room1_mix1091,34,2,0,-50,-2,12.81
fold2_room1_mix1091,34,4,0,-9,0,46.78
fold2_room1_mix1091,35,2,0,-49,-2,11.91
fold2_room1_mix1091,35,4,0,-10,-1,41.45
fold2_room1_mix1091,36,4,0,-15,0,45.55
fold2_room1_mix1091,37,4,0,-20,0,44.86
fold2_room1_mix1091,38,4,0,-15,0,45.52
fold2_room1_mix1091,39,4,0,-15,0,46.47
fold2_room1_mix1091,40,2,0,-56,-2,11.34
fold2_room1_mix1091,40,4,0,-14,0,46.26
fold2_room1_mix1091,41,2,0,-63,-2,12.46
fold2_room1_mix1091,41,4,0,-12,0,45.61
fold2_room1_mix1091,42,2,0,-66,-2,12.16
fold2_room1_mix1091,42,4,0,-12,0,44.41
fold2_room1_mix1091,43,2,0,-71,-2,11.84
fold2_room1_mix1091,43,4,0,-9,0,42.03
fold2_room1_mix1091,44,2,0,-73,-3,10.71
fold2_room1_mix1091,44,4,0,-15,0,40.59
fold2_room1_mix1091,45,2,0,-67,-2,10.81
fold2_room1_mix1091,45,4,0,-17,0,38.72
fold2_room1_mix1091,46,4,0,-16,0,36.16
fold2_room1_mix1091,47,4,0,-16,0,36.99
fold2_room1_mix1091,48,4,0,-19,0,34.40
fold2_room1_mix1091,49,4,0,-18,0,32.01
fold2_room1_mix1091,50,2,0,-68,-2,11.59
fold2_room1_mix1091,50,4,0,-18,-1,30.88
fold2_room1_mix1091,51,2,0,-107,-3,12.74
fold2_room1_mix1091,51,4,0,-16,0,32.02
fold2_room1_mix1091,52,2,0,-110,-3,11.70
fold2_room1_mix1091,52,4,0,-17,0,29.80
fold2_room1_mix1091,53,2,0,-115,-3,11.74
fold2_room1_mix1091,53,4,0,-18,0,29.15
fold2_room1_mix1091,54,2,0,-111,-3,10.96
fold2_room1_mix1091,54,4,0,-20,0,29.13
fold2_room1_mix1091,55,2,0,-113,-2,10.91
fold2_room1_mix1091,55,4,0,-19,0,28.14
fold2_room1_mix1091,56,4,0,-23,0,27.09
fold2_room1_mix1091,57,4,0,-25,0,24.62
fold2_room1_mix1091,58,4,0,-27,0,23.51
fold2_room1_mix1091,59,4,0,-26,0,24.41
fold2_room1_mix1091,60,4,0,-29,-1,22.47
fold2_room1_mix1091,61,2,0,-128,-3,12.86
fold2_room1_mix1091,61,4,0,-29,0,22.47
fold2_room1_mix1091,62,2,0,-130,-3,13.90
fold2_room1_mix1091,62,4,0,-29,-1,20.81
fold2_room1_mix1091,63,2,0,-127,-3,11.98
fold2_room1_mix1091,63,4,0,-29,-1,20.50
fold2_room1_mix1091,64,2,0,-135,-3,11.80
fold2_room1_mix1091,64,4,0,-34,-1,18.35
fold2_room1_mix1091,65,2,0,-139,-3,12.16
fold2_room1_mix1091,65,4,0,-32,-1,17.38
fold2_room1_mix1091,66,4,0,-40,-2,15.35
fold2_room1_mix1091,67,4,0,-45,-2,15.09
fold2_room1_mix1091,68,4,0,-48,-2,13.75
fold2_room1_mix1091,69,4,0,-51,-1,13.98
fold2_room1_mix1091,70,4,0,-55,-2,13.69
fold2_room1_mix1091,71,2,0,-142,-3,11.77
fold2_room1_mix1091,71,4,0,-60,-2,12.34
fold2_room1_mix1091,72,2,0,-137,-2,12.87
fold2_room1_mix1091,72,4,0,-61,-2,12.45
fold2_room1_mix1091,73,2,0,-125,-2,12.19
fold2_room1_mix1091,73,4,0,-65,-2,12.36
fold2_room1_mix1091,74,4,0,-69,-2,11.97
fold2_room1_mix1091,75,4,0,-74,-2,11.25
fold2_room1_mix1091,76,4,0,-79,-3,10.99
fold2_room1_mix1091,77,4,0,-83,-3,10.50
fold2_room1_mix1091,78,4,0,-86,-2,10.44
fold2_room1_mix1091,79,4,0,-91,-2,10.76
fold2_room1_mix1091,80,4,0,-97,-3,10.62
fold2_room1_mix1091,81,4,0,-101,-2,10.82
fold2_room1_mix1091,82,4,0,-108,-2,11.17
fold2_room1_mix1091,83,4,0,-112,-2,11.51
fold2_room1_mix1091,84,4,0,-115,-2,11.97
fold2_room1_mix1091,85,4,0,-119,-2,12.64
fold2_room1_mix1091,86,4,0,-121,-2,13.16
fold2_room1_mix1091,87,4,0,-124,-1,14.18
fold2_room1_mix1091,88,4,0,-125,-2,14.01
fold2_room1_mix1091,89,4,0,-129,-1,14.86
fold2_room1_mix1091,90,4,0,-132,-1,15.67
fold2_room1_mix1091,91,4,0,-133,-1,16.17
fold2_room1_mix1091,92,4,0,-135,-1,16.71
fold2_room1_mix1091,93,4,0,-137,-1,17.00
fold2_room1_mix1091,94,4,0,-138,-1,17.76
fold2_room1_mix1091,95,4,0,-141,-1,19.22
fold2_room1_mix1091,96,4,0,-142,-1,19.08
fold2_room1_mix1091,97,4,0,-143,-1,20.67
fold2_room1_mix1091,98,4,0,-145,-1,22.56
fold2_room1_mix1091,99,4,0,-147,0,23.58
fold2_room1_mix1093,1,4,0,177,0,1.31
fold2_room1_mix1093,2,4,0,177,1,1.92
fold2_room1_mix1093,2,4,0,2,1,2.12
fold2_room1_mix1093,3,4,0,177,0,4.09
fold2_room1_mix1093,3,4,0,7,0,3.83
fold2_room1_mix1093,4,4,0,178,-1,13.40
fold2_room1_mix1093,4,4,0,14,-1,13.13
fold2_room1_mix1093,5,4,0,177,0,14.39
fold2_room1_mix1093,5,4,0,12,0,14.08
fold2_room1_mix1093,6,4,0,177,-1,16.38
fold2_room1_mix1093,6,4,0,13,0,16.71
fold2_room1_mix1093,7,4,0,178,-1,24.67
fold2_room1_mix1093,7,4,0,14,0,25.11
fold2_room1_mix1093,8,4,0,178,-1,24.90
fold2_room1_mix1093,8,4,0,16,0,24.81
fold2_room1_mix1093,9,4,0,177,-1,25.22
fold2_room1_mix1093,9,4,0,14,0,24.56
fold2_room1_mix1093,10,4,0,176,-1,24.08
fold2_room1_mix1093,10,4,0,15,0,23.42
fold2_room1_mix1093,11,4,0,177,-1,25.69
fold2_room1_mix1093,11,4,0,16,0,24.22
fold2_room1_mix1093,12,4,0,176,-1,25.72
fold2_room1_mix1093,12,4,0,17,0,23.89
fold2_room1_mix1093,13,4,0,177,-1,24.95
fold2_room1_mix1093,13,4,0,17,0,22.77
fold2_room1_mix1093,14,4,0,176,-2,25.74
fold2_room1_mix1093,14,4,0,17,-1,22.94
fold2_room1_mix1093,15,4,0,174,-2,25.80
fold2_room1_mix1093,15,4,0,17,-1,22.15
fold2_room1_mix1093,16,4,0,177,-2,23.51
fold2_room1_mix1093,16,4,0,19,-1,21.39
fold2_room1_mix1093,17,4,0,179,-2,23.87
fold2_room1_mix1093,17,4,0,157,-4,22.67
fold2_room1_mix1093,17,4,0,22,-2,20.06
fold2_room1_mix1093,18,4,0,179,-2,20.68
fold2_room1_mix1093,18,4,0,20,-1,18.62
fold2_room1_mix1093,19,4,0,-177,-3,21.10
fold2_room1_mix1093,19,4,0,25,-2,17.60
fold2_room1_mix1093,20,4,0,-176,-3,20.67
fold2_room1_mix1093,20,4,0,24,-2,18.96
fold2_room1_mix1093,21,4,0,-175,-2,21.71
fold2_room1_mix1093,21,4,0,27,-3,16.67
fold2_room1_mix1093,22,4,0,-176,-2,20.65
fold2_room1_mix1093,22,4,0,27,-3,16.71
fold2_room1_mix1093,23,4,0,-177,-2,21.40
fold2_room1_mix1093,23,4,0,30,-3,16.18
fold2_room1_mix1093,24,4,0,-178,-3,19.70
fold2_room1_mix1093,24,4,0,53,-5,15.35
fold2_room1_mix1093,24,4,0,23,-2,15.88
fold2_room1_mix1093,25,4,0,-177,-3,18.88
fold2_room1_mix1093,25,4,0,39,-4,13.88
fold2_room1_mix1093,25,4,0,23,-2,15.82
fold2_room1_mix1093,26,4,0,179,-3,19.00
fold2_room1_mix1093,26,4,0,52,-4,13.93
fold2_room1_mix1093,26,4,0,22,-2,13.72
fold2_room1_mix1093,27,4,0,-177,-3,19.17
fold2_room1_mix1093,27,4,0,151,-4,17.96
fold2_room1_mix1093,27,4,0,28,-3,12.93
fold2_room1_mix1093,28,4,0,-178,-3,17.39
fold2_room1_mix1093,28,4,0,61,-4,13.55
fold2_room1_mix1093,28,4,0,25,-3,13.48
fold2_room1_mix1093,29,4,0,-178,-3,16.59
fold2_room1_mix1093,29,4,0,72,-5,13.87
fold2_room1_mix1093,29,4,0,25,-3,11.70
fold2_room1_mix1093,30,4,0,-176,-3,15.17
fold2_room1_mix1093,30,4,0,45,-4,11.62
fold2_room1_mix1093,30,4,0,26,-3,10.88
fold2_room1_mix1093,31,4,0,-174,-3,15.86
fold2_room1_mix1093,31,4,0,50,-6,10.60
fold2_room1_mix1093,31,4,0,34,-4,10.10
fold2_room1_mix1093,32,4,0,-173,-3,14.24
fold2_room1_mix1093,32,4,0,61,-6,10.84
fold2_room1_mix1093,32,4,0,35,-4,10.02
fold2_room1_mix1093,33,4,0,-174,-3,14.50
fold2_room1_mix1093,33,4,0,76,-6,11.67
fold2_room1_mix1093,33,4,0,34,-4,10.02
fold2_room1_mix1093,34,4,0,-171,-2,14.29
fold2_room1_mix1093,34,4,0,67,-6,10.45
fold2_room1_mix1093,34,4,0,43,-4,9.35
fold2_room1_mix1093,35,4,0,-170,-2,14.03
fold2_room1_mix1093,35,4,0,64,-6,10.22
fold2_room1_mix1093,35,4,0,46,-4,9.59
fold2_room1_mix1093,36,4,0,-169,-2,13.60
fold2_room1_mix1093,36,4,0,81,-6,10.50
fold2_room1_mix1093,36,4,0,53,-5,8.98
fold2_room1_mix1093,37,4,0,-169,-2,13.53
fold2_room1_mix1093,37,4,0,74,-7,9.86
fold2_room1_mix1093,37,4,0,58,-5,8.63
fold2_room1_mix1093,38,4,0,-167,-3,11.03
fold2_room1_mix1093,38,4,0,71,-6,8.78
fold2_room1_mix1093,38,4,0,56,-5,7.69
fold2_room1_mix1093,39,4,0,-166,-3,10.51
fold2_room1_mix1093,39,4,0,88,-6,9.21
fold2_room1_mix1093,39,4,0,66,-6,7.30
fold2_room1_mix1093,40,4,0,-166,-3,9.60
fold2_room1_mix1093,40,4,0,83,-5,9.06
fold2_room1_mix1093,40,4,0,67,-6,7.17
fold2_room1_mix1093,41,4,0,-166,-5,8.10
fold2_room1_mix1093,41,4,0,88,-6,8.38
fold2_room1_mix1093,41,4,0,69,-6,6.96
fold2_room1_mix1093,42,4,0,-166,-6,6.97
fold2_room1_mix1093,42,4,0,91,-5,7.95
fold2_room1_mix1093,42,4,0,75,-6,6.83
fold2_room1_mix1093,43,4,0,-164,-7,5.77
fold2_room1_mix1093,43,4,0,81,-6,7.12
fold2_room1_mix1093,44,4,0,-160,-8,5.61
fold2_room1_mix1093,44,4,0,78,-7,6.81
fold2_room1_mix1093,45,4,0,-152,-11,4.32
fold2_room1_mix1093,45,4,0,82,-7,6.87
fold2_room1_mix1093,46,4,0,-135,-17,2.85
fold2_room1_mix1093,46,4,0,91,-8,7.07
fold2_room1_mix1093,47,4,0,-121,-21,2.38
fold2_room1_mix1093,47,4,0,83,-8,7.68
fold2_room1_mix1093,48,4,0,-95,-24,2.71
fold2_room1_mix1093,48,4,0,87,-28,4.10
fold2_room1_mix1093,48,4,0,104,-15,4.60
fold2_room1_mix1093,49,4,0,128,-3,10.24
fold2_room1_mix1093,49,4,0,-42,-25,1.74
fold2_room1_mix1093,50,4,0,131,-4,8.59
fold2_room1_mix1093,50,4,0,-17,-19,2.52
fold2_room1_mix1093,51,4,0,133,-7,6.90
fold2_room1_mix1093,51,4,0,19,-11,5.08
fold2_room1_mix1093,51,4,0,-6,-14,2.96
fold2_room1_mix1093,52,4,0,126,-7,7.34
fold2_room1_mix1093,52,4,0,21,-8,5.59
fold2_room1_mix1093,52,4,0,-13,-12,3.21
fold2_room1_mix1093,53,4,0,132,-6,7.96
fold2_room1_mix1093,53,4,0,25,-6,6.46
fold2_room1_mix1093,53,4,0,-20,-10,3.61
fold2_room1_mix1093,54,4,0,134,-5,8.24
fold2_room1_mix1093,54,4,0,16,-7,5.61
fold2_room1_mix1093,54,4,0,-10,-6,5.18
fold2_room1_mix1093,55,4,0,134,-3,9.84
fold2_room1_mix1093,55,4,0,-2,-6,6.07
fold2_room1_mix1093,56,4,0,138,-4,9.42
fold2_room1_mix1093,56,4,0,-3,-6,6.67
fold2_room1_mix1093,57,4,0,141,-4,9.19
fold2_room1_mix1093,57,4,0,-2,-5,7.41
fold2_room1_mix1093,58,4,0,143,-3,9.27
fold2_room1_mix1093,58,4,0,9,-5,7.93
fold2_room1_mix1093,58,4,0,-7,-4,8.76
fold2_room1_mix1093,59,4,0,146,-3,9.22
fold2_room1_mix1093,59,4,0,0,-4,9.68
fold2_room1_mix1093,60,4,0,145,-4,9.64
fold2_room1_mix1093,60,4,0,1,-4,10.85
fold2_room1_mix1093,61,4,0,146,-3,9.11
fold2_room1_mix1093,61,4,0,2,-3,11.02
fold2_room1_mix1093,62,4,0,147,-3,9.58
fold2_room1_mix1093,62,4,0,2,-3,13.06
fold2_room1_mix1093,63,4,0,147,-4,9.16
fold2_room1_mix1093,63,4,0,1,-2,14.27
fold2_room1_mix1093,64,4,0,147,-4,8.45
fold2_room1_mix1093,64,4,0,0,-3,14.39
fold2_room1_mix1093,65,4,0,145,-5,8.40
fold2_room1_mix1093,65,4,0,0,-3,16.06
fold2_room1_mix1093,66,4,0,143,-5,8.08
fold2_room1_mix1093,66,4,0,0,-3,16.80
fold2_room1_mix1093,67,4,0,143,-5,7.11
fold2_room1_mix1093,67,4,0,0,-2,17.70
fold2_room1_mix1093,68,4,0,143,-5,8.10
fold2_room1_mix1093,68,4,0,2,-2,19.41
fold2_room1_mix1093,69,4,0,139,-7,7.41
fold2_room1_mix1093,69,4,0,6,-2,19.23
fold2_room1_mix1093,70,4,0,135,-7,8.44
fold2_room1_mix1093,70,4,0,95,-10,10.08
fold2_room1_mix1093,70,4,0,3,-1,19.86
fold2_room1_mix1093,71,4,0,131,-7,7.44
fold2_room1_mix1093,71,4,0,67,-9,9.65
fold2_room1_mix1093,71,4,0,1,0,22.14
fold2_room1_mix1093,72,4,0,139,-6,10.22
fold2_room1_mix1093,72,4,0,111,-9,5.98
fold2_room1_mix1093,72,4,0,1,0,26.12
fold2_room1_mix1093,73,4,0,141,-4,12.02
fold2_room1_mix1093,73,4,0,105,-8,6.20
fold2_room1_mix1093,73,4,0,1,0,25.25
fold2_room1_mix1093,74,4,0,143,-3,12.08
fold2_room1_mix1093,74,4,0,95,-8,6.17
fold2_room1_mix1093,74,4,0,1,0,26.20
fold2_room1_mix1093,75,4,0,150,-2,13.43
fold2_room1_mix1093,75,4,0,89,-8,5.49
fold2_room1_mix1093,75,4,0,3,1,27.77
fold2_room1_mix1093,76,4,0,149,-2,13.48
fold2_room1_mix1093,76,4,0,67,-7,5.83
fold2_room1_mix1093,76,4,0,1,1,27.99
fold2_room1_mix1093,77,4,0,152,-2,14.05
fold2_room1_mix1093,77,4,0,55,-7,6.08
fold2_room1_mix1093,77,4,0,3,1,28.47
fold2_room1_mix1093,78,4,0,153,0,16.99
fold2_room1_mix1093,78,4,0,46,-6,5.91
fold2_room1_mix1093,78,4,0,4,1,28.16
fold2_room1_mix1093,79,4,0,155,0,16.03
fold2_room1_mix1093,79,4,0,39,-5,6.22
fold2_room1_mix1093,79,4,0,5,1,29.96
fold2_room1_mix1093,80,4,0,155,0,16.87
fold2_room1_mix1093,80,4,0,36,-5,6.59
fold2_room1_mix1093,80,4,0,6,1,29.40
fold2_room1_mix1093,81,4,0,154,0,17.07
fold2_room1_mix1093,81,4,0,33,-4,7.20
fold2_room1_mix1093,81,4,0,6,1,31.62
fold2_room1_mix1093,82,4,0,158,0,19.44
fold2_room1_mix1093,82,4,0,31,-4,6.91
fold2_room1_mix1093,82,4,0,6,1,30.86
fold2_room1_mix1093,83,4,0,159,-1,18.03
fold2_room1_mix1093,83,4,0,32,-5,7.73
fold2_room1_mix1093,83,4,0,5,1,33.23
fold2_room1_mix1093,84,4,0,163,0,20.79
fold2_room1_mix1093,84,4,0,30,-4,9.11
fold2_room1_mix1093,84,4,0,6,0,31.97
fold2_room1_mix1093,85,4,0,162,0,20.90
fold2_room1_mix1093,85,4,0,28,-4,8.90
fold2_room1_mix1093,85,4,0,4,0,31.94
fold2_room1_mix1093,86,4,0,162,0,21.08
fold2_room1_mix1093,86,4,0,28,-4,9.25
fold2_room1_mix1093,86,4,0,4,0,29.42
fold2_room1_mix1093,87,4,0,160,0,22.09
fold2_room1_mix1093,87,4,0,23,-3,10.71
fold2_room1_mix1093,87,4,0,4,0,29.24
fold2_room1_mix1093,88,4,0,162,0,23.87
fold2_room1_mix1093,88,4,0,21,-3,11.97
fold2_room1_mix1093,88,4,0,4,0,28.19
fold2_room1_mix1093,89,4,0,163,-1,23.66
fold2_room1_mix1093,89,4,0,19,-3,13.27
fold2_room1_mix1093,89,4,0,3,0,29.67
fold2_room1_mix1093,90,4,0,164,-1,22.94
fold2_room1_mix1093,90,4,0,19,-2,13.78
fold2_room1_mix1093,90,4,0,3,0,30.55
fold2_room1_mix1093,91,4,0,164,-1,23.99
fold2_room1_mix1093,91,4,0,10,-1,23.27
fold2_room1_mix1093,92,4,0,164,-1,22.92
fold2_room1_mix1093,92,4,0,9,-1,24.33
fold2_room1_mix1093,93,4,0,165,-1,21.94
fold2_room1_mix1093,93,4,0,10,-1,24.76
fold2_room1_mix1093,94,4,0,167,-1,24.53
fold2_room1_mix1093,94,4,0,9,-1,24.78
fold2_room1_mix1093,95,4,0,168,-1,25.63
fold2_room1_mix1093,95,4,0,9,-1,27.92
fold2_room1_mix1093,96,4,0,169,-1,26.70
fold2_room1_mix1093,96,4,0,9,0,29.33
fold2_room1_mix1093,97,4,0,166,0,29.44
fold2_room1_mix1093,97,4,0,9,0,31.97
fold2_room1_mix1093,98,4,0,165,-1,30.76
fold2_room1_mix1093,98,4,0,8,0,30.68
fold2_room1_mix1093,99,4,0,165,0,28.97
fold2_room1_mix1093,99,4,0,8,0,30.99
fold2_room1_mix1094,0,5,0,167,2,3.67
fold2_room1_mix1094,1,5,0,159,3,6.15
fold2_room1_mix1094,2,5,0,171,2,8.91
fold2_room1_mix1094,3,5,0,161,3,11.26
fold2_room1_mix1094,4,4,0,-175,0,3.67
fold2_room1_mix1094,4,5,0,161,3,11.48
fold2_room1_mix1094,5,4,0,-178,0,14.98
fold2_room1_mix1094,5,5,0,157,3,16.49
fold2_room1_mix1094,6,4,0,-178,0,13.57
fold2_room1_mix1094,6,5,0,162,3,18.13
fold2_room1_mix1094,7,4,0,179,0,18.09
fold2_room1_mix1094,7,5,0,165,3,18.12
fold2_room1_mix1094,8,4,0,179,0,20.02
fold2_room1_mix1094,8,5,0,158,2,21.36
fold2_room1_mix1094,9,4,0,178,0,25.70
fold2_room1_mix1094,9,5,0,162,3,19.44
fold2_room1_mix1094,10,4,0,179,0,24.30
fold2_room1_mix1094,10,5,0,164,3,19.07
fold2_room1_mix1094,11,4,0,-179,0,26.62
fold2_room1_mix1094,11,5,0,158,2,18.26
fold2_room1_mix1094,12,4,0,-177,0,28.02
fold2_room1_mix1094,12,5,0,155,2,21.01
fold2_room1_mix1094,13,4,0,-178,0,23.92
fold2_room1_mix1094,13,5,0,163,3,19.86
fold2_room1_mix1094,14,4,0,-176,0,24.48
fold2_room1_mix1094,14,5,0,158,2,20.34
fold2_room1_mix1094,15,4,0,-178,0,25.71
fold2_room1_mix1094,15,5,0,163,2,21.78
fold2_room1_mix1094,16,4,0,-178,0,26.33
fold2_room1_mix1094,16,5,0,159,2,21.46
fold2_room1_mix1094,17,4,0,-178,0,29.54
fold2_room1_mix1094,17,5,0,158,2,20.40
fold2_room1_mix1094,18,4,0,-179,0,28.23
fold2_room1_mix1094,18,5,0,163,2,24.65
fold2_room1_mix1094,19,4,0,-177,0,28.67
fold2_room1_mix1094,19,5,0,160,3,18.45
fold2_room1_mix1094,20,4,0,-179,0,28.32
fold2_room1_mix1094,20,5,0,158,2,19.71
fold2_room1_mix1094,21,4,0,-179,0,31.24
fold2_room1_mix1094,21,5,0,159,2,18.77
fold2_room1_mix1094,22,4,0,-178,0,33.44
fold2_room1_mix1094,22,5,0,157,2,18.19
fold2_room1_mix1094,23,4,0,-178,0,29.98
fold2_room1_mix1094,23,5,0,160,3,18.23
fold2_room1_mix1094,24,4,0,-177,0,26.09
fold2_room1_mix1094,24,5,0,159,2,23.00
fold2_room1_mix1094,25,4,0,-176,0,35.05
fold2_room1_mix1094,25,5,0,155,2,18.97
fold2_room1_mix1094,26,4,0,-178,0,34.34
fold2_room1_mix1094,26,5,0,157,2,19.13
fold2_room1_mix1094,27,4,0,-178,0,34.32
fold2_room1_mix1094,27,5,0,157,2,18.30
fold2_room1_mix1094,28,4,0,-178,0,36.78
fold2_room1_mix1094,28,5,0,157,3,17.92
fold2_room1_mix1094,29,4,0,-179,0,32.98
fold2_room1_mix1094,29,5,0,153,2,18.09
fold2_room1_mix1094,30,4,0,-176,0,32.53
fold2_room1_mix1094,30,5,0,155,2,18.19
fold2_room1_mix1094,31,4,0,-178,0,37.12
fold2_room1_mix1094,31,5,0,154,3,15.16
fold2_room1_mix1094,32,4,0,-176,0,33.72
fold2_room1_mix1094,32,5,0,158,3,18.14
fold2_room1_mix1094,33,4,0,-178,0,31.45
fold2_room1_mix1094,33,5,0,155,2,18.65
fold2_room1_mix1094,34,4,0,-178,0,34.38
fold2_room1_mix1094,34,5,0,156,3,14.99
fold2_room1_mix1094,35,4,0,-177,0,31.82
fold2_room1_mix1094,35,5,0,156,2,16.94
fold2_room1_mix1094,36,4,0,-178,0,32.52
fold2_room1_mix1094,36,5,0,155,3,16.75
fold2_room1_mix1094,37,4,0,-178,0,31.35
fold2_room1_mix1094,37,5,0,157,3,15.82
fold2_room1_mix1094,38,4,0,-179,0,29.49
fold2_room1_mix1094,38,5,0,156,3,15.53
fold2_room1_mix1094,39,4,0,-178,0,28.59
fold2_room1_mix1094,39,5,0,154,3,14.56
fold2_room1_mix1094,40,4,0,-177,0,29.19
fold2_room1_mix1094,40,5,0,157,3,15.77
fold2_room1_mix1094,41,4,0,-177,0,28.48
fold2_room1_mix1094,41,5,0,157,3,16.62
fold2_room1_mix1094,42,4,0,-178,0,27.75
fold2_room1_mix1094,42,5,0,157,4,13.70
fold2_room1_mix1094,43,4,0,-175,0,27.95
fold2_room1_mix1094,43,5,0,157,3,14.89
fold2_room1_mix1094,44,4,0,-176,0,27.16
fold2_room1_mix1094,44,5,0,157,3,16.30
fold2_room1_mix1094,45,4,0,-176,0,27.61
fold2_room1_mix1094,45,5,0,156,3,15.19
fold2_room1_mix1094,46,4,0,-176,0,26.50
fold2_room1_mix1094,46,5,0,158,3,14.96
fold2_room1_mix1094,47,4,0,-176,0,25.56
fold2_room1_mix1094,47,5,0,156,3,14.45
fold2_room1_mix1094,48,4,0,-174,0,25.97
fold2_room1_mix1094,48,5,0,157,3,13.83
fold2_room1_mix1094,49,4,0,-175,0,24.07
fold2_room1_mix1094,49,5,0,156,3,16.23
fold2_room1_mix1094,50,4,0,-175,0,24.61
fold2_room1_mix1094,50,5,0,157,4,13.46
fold2_room1_mix1094,51,4,0,-172,-1,23.43
fold2_room1_mix1094,51,5,0,156,4,11.44
fold2_room1_mix1094,52,4,0,-175,-1,22.03
fold2_room1_mix1094,52,5,0,156,3,14.55
fold2_room1_mix1094,53,4,0,-174,-1,20.77
fold2_room1_mix1094,53,5,0,154,4,12.87
fold2_room1_mix1094,54,4,0,-171,-1,20.39
fold2_room1_mix1094,54,5,0,155,4,13.94
fold2_room1_mix1094,55,4,0,-172,-1,18.86
fold2_room1_mix1094,55,5,0,156,4,13.63
fold2_room1_mix1094,56,4,0,-172,-1,19.37
fold2_room1_mix1094,56,5,0,157,4,14.38
fold2_room1_mix1094,57,4,0,-170,-1,18.99
fold2_room1_mix1094,57,5,0,157,3,14.46
fold2_room1_mix1094,58,4,0,-168,-1,18.32
fold2_room1_mix1094,58,5,0,157,3,14.85
fold2_room1_mix1094,59,4,0,-167,-1,17.97
fold2_room1_mix1094,59,5,0,158,3,14.49
fold2_room1_mix1094,60,4,0,-167,-1,18.15
fold2_room1_mix1094,60,5,0,156,4,13.95
fold2_room1_mix1094,61,4,0,-173,-1,16.92
fold2_room1_mix1094,61,4,0,-154,0,19.10
fold2_room1_mix1094,61,5,0,157,4,13.26
fold2_room1_mix1094,62,4,0,-175,-1,15.82
fold2_room1_mix1094,62,4,0,-149,0,18.76
fold2_room1_mix1094,62,5,0,156,4,13.65
fold2_room1_mix1094,63,4,0,-178,-1,15.55
fold2_room1_mix1094,63,4,0,-143,0,17.32
fold2_room1_mix1094,63,5,0,156,4,13.47
fold2_room1_mix1094,64,4,0,177,-1,15.50
fold2_room1_mix1094,64,4,0,-131,0,19.46
fold2_room1_mix1094,64,5,0,157,5,11.64
fold2_room1_mix1094,65,4,0,175,-1,15.18
fold2_room1_mix1094,65,4,0,-125,0,17.26
fold2_room1_mix1094,65,5,0,154,4,11.84
fold2_room1_mix1094,66,4,0,175,-1,14.67
fold2_room1_mix1094,66,4,0,-128,0,17.10
fold2_room1_mix1094,66,5,0,154,4,10.99
fold2_room1_mix1094,67,4,0,177,-2,14.01
fold2_room1_mix1094,67,4,0,-118,0,16.65
fold2_room1_mix1094,67,5,0,156,4,11.33
fold2_room1_mix1094,68,4,0,177,-1,13.42
fold2_room1_mix1094,68,4,0,-116,0,16.36
fold2_room1_mix1094,68,5,0,155,4,12.69
fold2_room1_mix1094,69,4,0,177,-2,13.45
fold2_room1_mix1094,69,4,0,-125,0,15.12
fold2_room1_mix1094,69,5,0,156,5,10.36
fold2_room1_mix1094,70,4,0,-174,-3,10.96
fold2_room1_mix1094,70,4,0,-124,-1,14.01
fold2_room1_mix1094,70,5,0,156,5,10.69
fold2_room1_mix1094,71,4,0,-178,-3,10.53
fold2_room1_mix1094,71,4,0,-101,-1,14.99
fold2_room1_mix1094,71,5,0,153,4,10.43
fold2_room1_mix1094,72,4,0,-179,-4,8.63
fold2_room1_mix1094,72,4,0,-91,-1,13.26
fold2_room1_mix1094,72,5,0,156,4,11.67
fold2_room1_mix1094,73,4,0,-176,-4,8.85
fold2_room1_mix1094,73,4,0,-87,-2,12.67
fold2_room1_mix1094,73,5,0,154,5,10.24
fold2_room1_mix1094,74,4,0,-175,-5,7.90
fold2_room1_mix1094,74,4,0,-85,-2,11.91
fold2_room1_mix1094,74,5,0,155,5,9.97
fold2_room1_mix1094,75,4,0,-174,-5,7.69
fold2_room1_mix1094,75,4,0,-82,-1,13.27
fold2_room1_mix1094,75,5,0,155,4,10.91
fold2_room1_mix1094,76,4,0,-175,-5,7.13
fold2_room1_mix1094,76,4,0,-74,-1,13.06
fold2_room1_mix1094,76,5,0,156,4,11.90
fold2_room1_mix1094,77,4,0,-174,-6,6.69
fold2_room1_mix1094,77,4,0,-73,-2,11.58
fold2_room1_mix1094,77,5,0,158,4,11.88
fold2_room1_mix1094,78,4,0,-171,-7,6.03
fold2_room1_mix1094,78,4,0,-66,-1,12.18
fold2_room1_mix1094,78,5,0,157,4,11.55
fold2_room1_mix1094,79,4,0,-174,-7,5.47
fold2_room1_mix1094,79,4,0,-72,-2,11.50
fold2_room1_mix1094,79,5,0,158,4,11.37
fold2_room1_mix1094,80,4,0,-168,-9,4.38
fold2_room1_mix1094,80,4,0,-72,-2,11.57
fold2_room1_mix1094,80,5,0,158,4,11.68
fold2_room1_mix1094,81,4,0,-167,-11,3.75
fold2_room1_mix1094,81,4,0,-78,-3,11.75
fold2_room1_mix1094,81,5,0,160,3,13.58
fold2_room1_mix1094,82,4,0,-168,-14,3.00
fold2_room1_mix1094,82,4,0,-100,-2,11.83
fold2_room1_mix1094,82,5,0,159,5,10.01
fold2_room1_mix1094,83,4,0,-160,-19,2.15
fold2_room1_mix1094,83,4,0,-87,-4,10.71
fold2_room1_mix1094,83,5,0,159,4,10.58
fold2_room1_mix1094,84,4,0,-138,-34,1.41
fold2_room1_mix1094,84,4,0,-76,-11,10.86
fold2_room1_mix1094,84,5,0,159,4,11.98
fold2_room1_mix1094,85,4,0,-72,-28,3.33
fold2_room1_mix1094,85,4,0,-51,-49,0.64
fold2_room1_mix1094,85,4,0,-51,-16,5.42
fold2_room1_mix1094,85,5,0,161,5,11.03
fold2_room1_mix1094,86,4,0,-47,-15,4.29
fold2_room1_mix1094,86,4,0,-40,-12,4.99
fold2_room1_mix1094,86,5,0,157,4,10.69
fold2_room1_mix1094,87,4,0,-28,-10,4.73
fold2_room1_mix1094,87,5,0,159,3,10.78
fold2_room1_mix1094,88,4,0,-25,-8,6.30
fold2_room1_mix1094,88,5,0,159,3,11.59
fold2_room1_mix1094,89,4,0,-20,-7,6.31
fold2_room1_mix1094,89,5,0,157,3,11.68
fold2_room1_mix1094,90,4,0,-17,-5,7.80
fold2_room1_mix1094,90,5,0,159,2,12.18
fold2_room1_mix1094,91,4,0,-31,0,14.35
fold2_room1_mix1094,91,4,0,-11,-6,6.38
fold2_room1_mix1094,91,5,0,160,2,11.44
fold2_room1_mix1094,92,4,0,-15,-4,9.53
fold2_room1_mix1094,92,5,0,150,3,10.81
fold2_room1_mix1094,93,4,0,-12,-3,9.91
fold2_room1_mix1094,93,5,0,160,2,11.88
fold2_room1_mix1094,94,4,0,-15,-3,12.06
fold2_room1_mix1094,94,5,0,155,2,11.51
fold2_room1_mix1094,95,4,0,-12,-3,12.90
fold2_room1_mix1094,95,5,0,153,3,11.07
fold2_room1_mix1094,96,4,0,-11,-2,13.30
fold2_room1_mix1094,96,5,0,159,2,12.15
fold2_room1_mix1094,97,4,0,-10,-3,14.81
fold2_room1_mix1094,97,5,0,147,3,10.45
fold2_room1_mix1094,98,4,0,-9,-2,16.43
fold2_room1_mix1094,98,5,0,142,4,8.49
fold2_room1_mix1094,99,4,0,-4,-2,14.75
fold2_room1_mix1094,99,5,0,146,4,9.29
fold2_room1_mix1095,0,5,0,-76,11,2.10
fold2_room1_mix1095,1,5,0,-80,9,3.32
fold2_room1_mix1095,2,4,0,1,2,2.18
fold2_room1_mix1095,2,5,0,-87,13,2.37
fold2_room1_mix1095,3,4,0,177,0,9.60
fold2_room1_mix1095,3,4,0,0,1,8.50
fold2_room1_mix1095,3,5,0,-92,15,1.66
fold2_room1_mix1095,4,4,0,177,0,19.58
fold2_room1_mix1095,4,4,0,3,0,16.52
fold2_room1_mix1095,4,5,0,-89,12,2.46
fold2_room1_mix1095,5,4,0,176,0,25.89
fold2_room1_mix1095,5,4,0,7,-1,18.95
fold2_room1_mix1095,5,5,0,-96,12,3.45
fold2_room1_mix1095,6,4,0,175,0,24.92
fold2_room1_mix1095,6,4,0,4,-1,17.45
fold2_room1_mix1095,6,5,0,-89,14,3.12
fold2_room1_mix1095,7,4,0,175,-1,35.52
fold2_room1_mix1095,7,4,0,7,-1,28.65
fold2_room1_mix1095,7,5,0,-89,14,3.06
fold2_room1_mix1095,8,4,0,177,0,36.71
fold2_room1_mix1095,8,4,0,5,-1,29.15
fold2_room1_mix1095,8,5,0,-93,13,3.11
fold2_room1_mix1095,9,4,0,179,0,35.95
fold2_room1_mix1095,9,4,0,6,-1,26.14
fold2_room1_mix1095,9,5,0,-87,13,3.34
fold2_room1_mix1095,10,4,0,179,0,32.82
fold2_room1_mix1095,10,4,0,6,-2,24.41
fold2_room1_mix1095,10,5,0,-90,14,2.88
fold2_room1_mix1095,11,4,0,178,0,34.24
fold2_room1_mix1095,11,4,0,6,-1,23.70
fold2_room1_mix1095,11,5,0,-87,17,2.30
fold2_room1_mix1095,12,4,0,178,-1,30.62
fold2_room1_mix1095,12,4,0,7,-1,25.61
fold2_room1_mix1095,12,5,0,-83,15,2.54
fold2_room1_mix1095,13,4,0,179,0,32.58
fold2_room1_mix1095,13,4,0,5,-1,25.97
fold2_room1_mix1095,13,5,0,-87,13,3.06
fold2_room1_mix1095,14,4,0,179,0,33.19
fold2_room1_mix1095,14,4,0,5,-1,24.17
fold2_room1_mix1095,14,5,0,-81,13,3.20
fold2_room1_mix1095,15,4,0,176,-1,32.03
fold2_room1_mix1095,15,4,0,7,-2,24.07
fold2_room1_mix1095,15,5,0,-81,15,2.60
fold2_room1_mix1095,16,4,0,-177,0,30.34
fold2_room1_mix1095,16,4,0,3,-2,20.70
fold2_room1_mix1095,16,5,0,-85,16,2.55
fold2_room1_mix1095,17,4,0,179,0,31.61
fold2_room1_mix1095,17,4,0,5,-1,22.47
fold2_room1_mix1095,17,5,0,-80,15,2.52
fold2_room1_mix1095,18,4,0,-179,0,31.03
fold2_room1_mix1095,18,4,0,6,-2,20.39
fold2_room1_mix1095,18,5,0,-84,15,2.65
fold2_room1_mix1095,19,4,0,-179,0,31.50
fold2_room1_mix1095,19,4,0,6,-2,19.35
fold2_room1_mix1095,19,5,0,-81,15,2.74
fold2_room1_mix1095,20,4,0,179,0,31.58
fold2_room1_mix1095,20,4,0,8,-2,20.32
fold2_room1_mix1095,20,5,0,-83,16,2.40
fold2_room1_mix1095,21,4,0,-178,0,32.03
fold2_room1_mix1095,21,4,0,9,-2,19.19
fold2_room1_mix1095,21,5,0,-84,15,2.76
fold2_room1_mix1095,22,4,0,-178,0,26.26
fold2_room1_mix1095,22,4,0,10,-2,17.27
fold2_room1_mix1095,22,5,0,-85,15,2.76
fold2_room1_mix1095,23,4,0,-177,0,28.54
fold2_room1_mix1095,23,4,0,8,-2,16.45
fold2_room1_mix1095,23,5,0,-87,15,2.58
fold2_room1_mix1095,24,4,0,-177,0,26.68
fold2_room1_mix1095,24,4,0,10,-3,16.10
fold2_room1_mix1095,24,5,0,-83,15,2.62
fold2_room1_mix1095,25,4,0,179,0,28.22
fold2_room1_mix1095,25,4,0,10,-2,16.24
fold2_room1_mix1095,25,5,0,-83,14,2.91
fold2_room1_mix1095,26,4,0,177,0,28.43
fold2_room1_mix1095,26,4,0,9,-3,15.82
fold2_room1_mix1095,26,5,0,-90,15,2.55
fold2_room1_mix1095,27,4,0,175,0,30.41
fold2_room1_mix1095,27,4,0,7,-3,15.62
fold2_room1_mix1095,27,5,0,-85,14,2.65
fold2_room1_mix1095,28,4,0,176,0,30.19
fold2_room1_mix1095,28,4,0,9,-3,15.13
fold2_room1_mix1095,28,5,0,-84,15,2.47
fold2_room1_mix1095,29,4,0,178,0,30.06
fold2_room1_mix1095,29,4,0,9,-3,13.44
fold2_room1_mix1095,29,5,0,-86,15,2.62
fold2_room1_mix1095,30,4,0,174,0,28.39
fold2_room1_mix1095,30,4,0,12,-3,13.12
fold2_room1_mix1095,30,5,0,-83,14,2.59
fold2_room1_mix1095,31,4,0,176,0,25.79
fold2_room1_mix1095,31,4,0,14,-3,12.35
fold2_room1_mix1095,31,5,0,-81,15,2.48
fold2_room1_mix1095,32,4,0,-179,0,25.25
fold2_room1_mix1095,32,4,0,16,-3,10.81
fold2_room1_mix1095,32,5,0,-88,16,2.55
fold2_room1_mix1095,33,4,0,176,0,27.74
fold2_room1_mix1095,33,4,0,18,-4,9.90
fold2_room1_mix1095,33,5,0,-76,14,2.64
fold2_room1_mix1095,34,4,0,179,0,27.17
fold2_room1_mix1095,34,4,0,17,-5,9.41
fold2_room1_mix1095,34,5,0,-85,15,2.47
fold2_room1_mix1095,35,4,0,175,0,24.98
fold2_room1_mix1095,35,4,0,15,-4,8.91
fold2_room1_mix1095,35,5,0,-84,15,2.48
fold2_room1_mix1095,36,4,0,175,0,26.21
fold2_room1_mix1095,36,4,0,19,-5,7.13
fold2_room1_mix1095,36,5,0,-87,15,2.52
fold2_room1_mix1095,37,4,0,179,0,28.28
fold2_room1_mix1095,37,4,0,23,-6,7.12
fold2_room1_mix1095,37,5,0,-86,15,2.32
fold2_room1_mix1095,38,4,0,176,0,26.81
fold2_room1_mix1095,38,4,0,23,-6,6.14
fold2_room1_mix1095,38,5,0,-84,13,2.80
fold2_room1_mix1095,39,4,0,173,-1,23.38
fold2_room1_mix1095,39,4,0,24,-7,6.04
fold2_room1_mix1095,39,5,0,-85,14,2.50
fold2_room1_mix1095,40,4,0,171,0,26.90
fold2_room1_mix1095,40,4,0,28,-6,5.39
fold2_room1_mix1095,40,5,0,-91,17,2.15
fold2_room1_mix1095,41,4,0,166,0,24.57
fold2_room1_mix1095,41,4,0,42,-8,3.95
fold2_room1_mix1095,41,4,0,21,-6,5.94
fold2_room1_mix1095,41,5,0,-81,15,2.35
fold2_room1_mix1095,42,4,0,163,-1,22.29
fold2_room1_mix1095,42,4,0,51,-10,3.21
fold2_room1_mix1095,42,4,0,25,-4,8.17
fold2_room1_mix1095,42,5,0,-85,15,2.28
fold2_room1_mix1095,43,4,0,166,0,24.77
fold2_room1_mix1095,43,4,0,58,-9,3.25
fold2_room1_mix1095,43,4,0,27,-6,4.99
fold2_room1_mix1095,43,5,0,-82,17,2.06
fold2_room1_mix1095,44,4,0,154,0,24.51
fold2_room1_mix1095,44,4,0,78,-12,2.94
fold2_room1_mix1095,44,4,0,35,-4,8.38
fold2_room1_mix1095,44,5,0,-83,16,2.06
fold2_room1_mix1095,45,4,0,155,0,21.23
fold2_room1_mix1095,45,4,0,91,-11,2.42
fold2_room1_mix1095,45,4,0,37,-2,8.87
fold2_room1_mix1095,45,5,0,-82,17,2.12
fold2_room1_mix1095,46,4,0,156,0,20.90
fold2_room1_mix1095,46,4,0,112,-9,3.04
fold2_room1_mix1095,46,4,0,60,-7,5.36
fold2_room1_mix1095,46,5,0,-79,14,2.36
fold2_room1_mix1095,47,4,0,161,0,20.58
fold2_room1_mix1095,47,4,0,122,-6,3.38
fold2_room1_mix1095,47,4,0,87,-7,5.25
fold2_room1_mix1095,47,5,0,-77,14,2.49
fold2_room1_mix1095,48,4,0,158,0,16.22
fold2_room1_mix1095,48,4,0,130,-5,3.48
fold2_room1_mix1095,48,4,0,64,-6,6.42
fold2_room1_mix1095,48,5,0,-82,16,2.10
fold2_room1_mix1095,49,4,0,161,0,15.81
fold2_room1_mix1095,49,4,0,138,-4,3.87
fold2_room1_mix1095,49,5,0,-79,14,2.41
fold2_room1_mix1095,50,4,0,163,0,13.56
fold2_room1_mix1095,50,4,0,137,-3,5.66
fold2_room1_mix1095,50,5,0,-79,17,2.03
fold2_room1_mix1095,51,4,0,163,0,13.63
fold2_room1_mix1095,51,4,0,142,-4,6.37
fold2_room1_mix1095,51,5,0,-79,16,2.20
fold2_room1_mix1095,52,4,0,151,-2,8.65
fold2_room1_mix1095,52,5,0,-80,16,2.14
fold2_room1_mix1095,53,4,0,153,-1,9.65
fold2_room1_mix1095,53,5,0,-78,17,2.04
fold2_room1_mix1095,54,4,0,158,-2,8.93
fold2_room1_mix1095,54,5,0,-82,16,2.25
fold2_room1_mix1095,55,4,0,158,-2,8.32
fold2_room1_mix1095,55,5,0,-78,16,2.28
fold2_room1_mix1095,56,4,0,163,-1,8.70
fold2_room1_mix1095,56,5,0,-82,20,2.09
fold2_room1_mix1095,57,4,0,162,-2,8.81
fold2_room1_mix1095,57,5,0,-73,15,2.67
fold2_room1_mix1095,58,4,0,164,-1,8.94
fold2_room1_mix1095,58,5,0,-79,16,2.40
fold2_room1_mix1095,59,4,0,168,-1,9.41
fold2_room1_mix1095,59,5,0,-79,16,2.35
fold2_room1_mix1095,60,4,0,168,-2,8.61
fold2_room1_mix1095,60,5,0,-76,16,2.31
fold2_room1_mix1095,61,4,0,169,-2,7.88
fold2_room1_mix1095,61,5,0,-78,18,2.20
fold2_room1_mix1095,62,4,0,171,-3,7.24
fold2_room1_mix1095,62,5,0,-74,15,2.53
fold2_room1_mix1095,63,4,0,174,-4,6.31
fold2_room1_mix1095,63,5,0,-76,14,2.51
fold2_room1_mix1095,64,4,0,169,-2,8.70
fold2_room1_mix1095,64,4,0,-151,-12,2.89
fold2_room1_mix1095,64,5,0,-76,17,2.50
fold2_room1_mix1095,65,4,0,166,-3,12.35
fold2_room1_mix1095,65,4,0,-127,-24,1.50
fold2_room1_mix1095,65,5,0,-76,15,2.68
fold2_room1_mix1095,66,4,0,163,-2,13.61
fold2_room1_mix1095,66,4,0,-89,-33,1.08
fold2_room1_mix1095,66,5,0,-79,15,2.26
fold2_room1_mix1095,67,4,0,163,-1,13.51
fold2_room1_mix1095,67,4,0,-52,-25,1.32
fold2_room1_mix1095,67,5,0,-76,15,2.68
fold2_room1_mix1095,68,4,0,175,-2,10.21
fold2_room1_mix1095,68,4,0,-32,-15,1.96
fold2_room1_mix1095,68,5,0,-80,16,2.27
fold2_room1_mix1095,69,4,0,172,-3,9.88
fold2_room1_mix1095,69,4,0,-161,-6,6.39
fold2_room1_mix1095,69,4,0,-25,-11,2.99
fold2_room1_mix1095,69,5,0,-74,16,2.49
fold2_room1_mix1095,70,4,0,173,-3,9.07
fold2_room1_mix1095,70,4,0,-169,-5,5.87
fold2_room1_mix1095,70,4,0,-19,-8,4.01
fold2_room1_mix1095,70,5,0,-80,13,3.10
fold2_room1_mix1095,71,4,0,-176,-4,6.66
fold2_room1_mix1095,71,4,0,-18,-7,4.57
fold2_room1_mix1095,71,5,0,-75,14,2.60
fold2_room1_mix1095,72,4,0,-176,-4,6.97
fold2_room1_mix1095,72,4,0,-20,-6,4.48
fold2_room1_mix1095,72,5,0,-71,14,2.88
fold2_room1_mix1095,73,4,0,-169,-6,5.34
fold2_room1_mix1095,73,4,0,-14,-5,5.92
fold2_room1_mix1095,73,5,0,-74,13,3.07
fold2_room1_mix1095,74,4,0,-176,-2,8.07
fold2_room1_mix1095,74,4,0,-160,-9,2.60
fold2_room1_mix1095,74,4,0,-20,-4,5.65
fold2_room1_mix1095,74,5,0,-74,14,2.41
fold2_room1_mix1095,75,4,0,-175,-2,9.75
fold2_room1_mix1095,75,4,0,-161,-10,2.58
fold2_room1_mix1095,75,4,0,-19,-4,6.30
fold2_room1_mix1095,75,5,0,-75,15,2.41
fold2_room1_mix1095,76,4,0,-175,-1,10.49
fold2_room1_mix1095,76,4,0,-153,-10,1.83
fold2_room1_mix1095,76,4,0,-18,-4,6.43
fold2_room1_mix1095,76,5,0,-86,15,2.61
fold2_room1_mix1095,77,4,0,179,0,13.10
fold2_room1_mix1095,77,4,0,-149,-11,1.43
fold2_room1_mix1095,77,4,0,-18,-3,7.55
fold2_room1_mix1095,77,5,0,-77,15,2.45
fold2_room1_mix1095,78,4,0,-175,0,12.28
fold2_room1_mix1095,78,4,0,-139,-11,1.26
fold2_room1_mix1095,78,4,0,-19,-1,8.42
fold2_room1_mix1095,78,5,0,-73,14,2.90
fold2_room1_mix1095,79,4,0,-174,1,10.10
fold2_room1_mix1095,79,4,0,-112,-12,1.09
fold2_room1_mix1095,79,4,0,-24,0,8.05
fold2_room1_mix1095,79,5,0,-82,15,2.61
fold2_room1_mix1095,80,4,0,-167,1,11.18
fold2_room1_mix1095,80,4,0,-85,-11,1.10
fold2_room1_mix1095,80,4,0,-36,-3,4.82
fold2_room1_mix1095,80,5,0,-76,15,2.76
fold2_room1_mix1095,81,4,0,-161,0,7.47
fold2_room1_mix1095,81,4,0,-67,-9,1.23
fold2_room1_mix1095,81,4,0,-21,0,8.47
fold2_room1_mix1095,81,5,0,-72,13,3.14
fold2_room1_mix1095,82,4,0,-160,0,7.89
fold2_room1_mix1095,82,4,0,-54,-7,1.74
fold2_room1_mix1095,82,4,0,-14,0,8.72
fold2_room1_mix1095,82,5,0,-74,16,2.61
fold2_room1_mix1095,83,4,0,-166,0,10.06
fold2_room1_mix1095,83,4,0,-41,-6,2.26
fold2_room1_mix1095,83,4,0,-14,0,9.86
fold2_room1_mix1095,83,5,0,-72,14,2.94
fold2_room1_mix1095,84,4,0,-175,0,12.27
fold2_room1_mix1095,84,4,0,-37,-5,2.86
fold2_room1_mix1095,84,4,0,-5,0,12.70
fold2_room1_mix1095,84,5,0,-75,14,2.59
fold2_room1_mix1095,85,4,0,-170,1,12.63
fold2_room1_mix1095,85,4,0,-31,-5,3.41
fold2_room1_mix1095,85,4,0,-6,0,12.82
fold2_room1_mix1095,85,5,0,-75,15,2.47
fold2_room1_mix1095,86,4,0,-175,0,13.88
fold2_room1_mix1095,86,4,0,-28,-4,3.99
fold2_room1_mix1095,86,4,0,-8,-1,11.22
fold2_room1_mix1095,86,5,0,-77,14,2.87
fold2_room1_mix1095,87,4,0,-171,0,12.29
fold2_room1_mix1095,87,4,0,-22,-4,4.68
fold2_room1_mix1095,87,4,0,-3,0,13.13
fold2_room1_mix1095,87,5,0,-83,16,2.50
fold2_room1_mix1095,88,4,0,-178,1,18.31
fold2_room1_mix1095,88,4,0,-13,-2,9.00
fold2_room1_mix1095,88,5,0,-77,16,2.39
fold2_room1_mix1095,89,4,0,-177,0,17.82
fold2_room1_mix1095,89,4,0,-11,-2,10.71
fold2_room1_mix1095,89,5,0,-80,15,2.60
fold2_room1_mix1095,90,4,0,-178,1,21.65
fold2_room1_mix1095,90,4,0,-11,-1,11.10
fold2_room1_mix1095,90,5,0,-81,15,2.48
fold2_room1_mix1095,91,4,0,-176,1,22.98
fold2_room1_mix1095,91,4,0,-8,-1,12.46
fold2_room1_mix1095,91,5,0,-81,16,2.45
fold2_room1_mix1095,92,4,0,-178,1,22.70
fold2_room1_mix1095,92,4,0,-9,-1,12.89
fold2_room1_mix1095,92,5,0,-77,15,2.36
fold2_room1_mix1095,93,4,0,-176,0,22.01
fold2_room1_mix1095,93,4,0,-8,-1,12.62
fold2_room1_mix1095,93,5,0,-83,17,2.21
fold2_room1_mix1095,94,4,0,-177,0,22.52
fold2_room1_mix1095,94,4,0,-7,-1,15.34
fold2_room1_mix1095,94,5,0,-73,15,2.48
fold2_room1_mix1095,95,4,0,-176,0,21.61
fold2_room1_mix1095,95,4,0,-7,-1,15.97
fold2_room1_mix1095,95,5,0,-89,15,2.47
fold2_room1_mix1095,96,4,0,-176,0,24.92
fold2_room1_mix1095,96,4,0,-6,-1,15.31
fold2_room1_mix1095,96,5,0,-78,16,2.36
fold2_room1_mix1095,97,4,0,-176,0,24.52
fold2_room1_mix1095,97,4,0,-5,-1,17.65
fold2_room1_mix1095,97,5,0,-77,14,2.52
fold2_room1_mix1095,98,4,0,-179,0,25.77
fold2_room1_mix1095,98,4,0,-5,-1,17.30
fold2_room1_mix1095,98,5,0,-76,15,2.30
fold2_room1_mix1095,99,4,0,-177,0,25.27
fold2_room1_mix1095,99,4,0,-5,-1,17.59
fold2_room1_mix1095,99,5,0,-81,15,2.21
fold2_room1_mix1096,4,4,0,179,0,2.87
fold2_room1_mix1096,5,4,0,178,0,16.35
fold2_room1_mix1096,6,4,0,178,0,17.09
fold2_room1_mix1096,7,4,0,179,0,21.86
fold2_room1_mix1096,8,4,0,178,0,26.44
fold2_room1_mix1096,9,4,0,179,0,35.65
fold2_room1_mix1096,10,4,0,177,0,37.00
fold2_room1_mix1096,11,4,0,177,0,36.67
fold2_room1_mix1096,12,4,0,177,0,38.20
fold2_room1_mix1096,13,4,0,177,0,36.99
fold2_room1_mix1096,14,4,0,177,0,37.26
fold2_room1_mix1096,15,4,0,178,0,37.14
fold2_room1_mix1096,16,4,0,177,0,37.83
fold2_room1_mix1096,17,4,0,178,0,36.82
fold2_room1_mix1096,18,4,0,178,0,39.40
fold2_room1_mix1096,19,4,0,179,0,39.30
fold2_room1_mix1096,20,4,0,178,0,38.31
fold2_room1_mix1096,21,4,0,177,0,38.16
fold2_room1_mix1096,22,4,0,177,0,38.41
fold2_room1_mix1096,23,4,0,178,0,37.56
fold2_room1_mix1096,24,4,0,178,0,37.32
fold2_room1_mix1096,25,4,0,178,0,36.96
fold2_room1_mix1096,26,4,0,178,0,37.77
fold2_room1_mix1096,27,4,0,178,0,38.15
fold2_room1_mix1096,28,4,0,178,0,35.91
fold2_room1_mix1096,29,4,0,179,0,35.96
fold2_room1_mix1096,30,4,0,179,0,35.73
fold2_room1_mix1096,31,4,0,-179,0,34.01
fold2_room1_mix1096,32,4,0,-179,0,33.48
fold2_room1_mix1096,33,4,0,-179,0,33.45
fold2_room1_mix1096,34,4,0,178,0,34.02
fold2_room1_mix1096,35,4,0,179,0,32.47
fold2_room1_mix1096,36,4,0,-179,0,31.98
fold2_room1_mix1096,37,4,0,179,0,31.34
fold2_room1_mix1096,38,4,0,179,0,31.58
fold2_room1_mix1096,39,4,0,179,0,30.68
fold2_room1_mix1096,40,4,0,179,0,30.36
fold2_room1_mix1096,41,4,0,179,0,29.26
fold2_room1_mix1096,42,4,0,178,-1,28.92
fold2_room1_mix1096,43,4,0,178,-1,27.86
fold2_room1_mix1096,44,4,0,179,-1,27.46
fold2_room1_mix1096,45,4,0,179,-1,26.54
fold2_room1_mix1096,46,4,0,179,-1,25.47
fold2_room1_mix1096,47,4,0,179,-1,24.72
fold2_room1_mix1096,48,4,0,179,-1,23.60
fold2_room1_mix1096,49,4,0,179,-1,21.73
fold2_room1_mix1096,50,4,0,178,-1,21.91
fold2_room1_mix1096,51,4,0,178,-1,21.06
fold2_room1_mix1096,52,4,0,178,-1,20.04
fold2_room1_mix1096,53,4,0,178,-1,18.39
fold2_room1_mix1096,54,4,0,178,-1,17.91
fold2_room1_mix1096,55,4,0,178,-1,17.09
fold2_room1_mix1096,56,4,0,179,-1,16.67
fold2_room1_mix1096,57,4,0,179,-2,15.54
fold2_room1_mix1096,58,4,0,178,-2,14.53
fold2_room1_mix1096,59,4,0,177,-2,13.20
fold2_room1_mix1096,60,4,0,178,-2,13.14
fold2_room1_mix1096,61,4,0,178,-3,11.61
fold2_room1_mix1096,62,4,0,177,-3,10.86
fold2_room1_mix1096,63,4,0,177,-3,10.30
fold2_room1_mix1096,64,4,0,177,-3,9.29
fold2_room1_mix1096,65,4,0,176,-4,8.44
fold2_room1_mix1096,66,4,0,175,-4,7.81
fold2_room1_mix1096,67,4,0,174,-5,6.59
fold2_room1_mix1096,68,4,0,173,-5,5.36
fold2_room1_mix1096,69,4,0,171,-7,4.31
fold2_room1_mix1096,70,4,0,170,-8,3.68
fold2_room1_mix1096,71,4,0,164,-10,2.59
fold2_room1_mix1096,72,4,0,151,-13,1.72
fold2_room1_mix1096,73,4,0,143,-19,2.10
fold2_room1_mix1096,73,4,0,124,-26,1.02
fold2_room1_mix1096,73,4,0,94,-28,0.71
fold2_room1_mix1096,74,4,0,35,-15,0.93
fold2_room1_mix1096,75,4,0,19,-8,1.41
fold2_room1_mix1096,76,4,0,11,-7,2.37
fold2_room1_mix1096,77,4,0,10,-6,2.96
fold2_room1_mix1096,78,4,0,10,-5,3.78
fold2_room1_mix1096,79,4,0,7,-4,4.67
fold2_room1_mix1096,80,4,0,5,-4,5.71
fold2_room1_mix1096,81,4,0,4,-3,6.56
fold2_room1_mix1096,82,4,0,4,-3,7.65
fold2_room1_mix1096,83,4,0,3,-3,7.92
fold2_room1_mix1096,84,4,0,3,-3,8.68
fold2_room1_mix1096,85,4,0,3,-2,9.58
fold2_room1_mix1096,86,4,0,3,-3,10.30
fold2_room1_mix1096,87,4,0,3,-2,11.11
fold2_room1_mix1096,88,4,0,3,-2,12.17
fold2_room1_mix1096,89,4,0,3,-2,12.88
fold2_room1_mix1096,90,4,0,3,-2,13.81
fold2_room1_mix1096,91,4,0,3,-2,14.27
fold2_room1_mix1096,92,4,0,2,-2,15.63
fold2_room1_mix1096,93,4,0,3,-1,16.29
fold2_room1_mix1096,94,4,0,3,-1,17.26
fold2_room1_mix1096,95,4,0,3,-1,18.47
fold2_room1_mix1096,96,4,0,3,-1,19.83
fold2_room1_mix1096,97,4,0,4,-1,20.83
fold2_room1_mix1096,98,4,0,4,-1,23.07
fold2_room1_mix1096,99,4,0,3,-1,21.35
fold2_room1_mix1097,0,5,0,-14,10,1.13
fold2_room1_mix1097,1,5,0,-16,12,1.48
fold2_room1_mix1097,2,5,0,-16,13,1.76
fold2_room1_mix1097,3,5,0,-7,17,1.66
fold2_room1_mix1097,4,5,0,-6,21,1.63
fold2_room1_mix1097,5,5,0,-15,19,2.12
fold2_room1_mix1097,6,4,0,11,3,5.63
fold2_room1_mix1097,6,5,0,-14,17,2.26
fold2_room1_mix1097,7,5,0,-11,21,1.92
fold2_room1_mix1097,8,5,0,-12,20,2.09
fold2_room1_mix1097,9,4,0,18,1,21.09
fold2_room1_mix1097,9,5,0,-12,26,1.50
fold2_room1_mix1097,10,4,0,9,1,20.94
fold2_room1_mix1097,10,5,0,-12,25,1.49
fold2_room1_mix1097,11,4,0,8,2,22.83
fold2_room1_mix1097,11,5,0,-13,26,1.44
fold2_room1_mix1097,12,4,0,13,2,26.68
fold2_room1_mix1097,12,5,0,-12,25,1.56
fold2_room1_mix1097,13,4,0,11,0,32.33
fold2_room1_mix1097,13,5,0,-15,24,1.51
fold2_room1_mix1097,14,4,0,9,-1,36.53
fold2_room1_mix1097,14,5,0,-12,28,1.28
fold2_room1_mix1097,15,4,0,10,0,37.16
fold2_room1_mix1097,15,5,0,-12,28,1.26
fold2_room1_mix1097,16,4,0,12,0,33.54
fold2_room1_mix1097,16,5,0,-14,27,1.21
fold2_room1_mix1097,17,4,0,13,-1,34.90
fold2_room1_mix1097,17,5,0,-16,30,1.16
fold2_room1_mix1097,18,4,0,13,0,34.91
fold2_room1_mix1097,18,5,0,-15,33,1.04
fold2_room1_mix1097,19,4,0,16,-1,34.99
fold2_room1_mix1097,19,5,0,-16,36,0.84
fold2_room1_mix1097,20,4,0,20,0,35.10
fold2_room1_mix1097,20,5,0,-21,33,0.93
fold2_room1_mix1097,21,4,0,20,-1,35.57
fold2_room1_mix1097,21,5,0,-21,35,0.90
fold2_room1_mix1097,22,4,0,19,0,34.19
fold2_room1_mix1097,22,5,0,-24,41,0.69
fold2_room1_mix1097,23,4,0,22,0,34.31
fold2_room1_mix1097,23,5,0,-26,38,0.79
fold2_room1_mix1097,24,4,0,19,-1,35.12
fold2_room1_mix1097,24,5,0,-29,43,0.60
fold2_room1_mix1097,25,4,0,21,-1,32.54
fold2_room1_mix1097,25,5,0,-34,42,0.61
fold2_room1_mix1097,26,4,0,23,-1,32.69
fold2_room1_mix1097,26,5,0,-47,45,0.54
fold2_room1_mix1097,27,4,0,22,-1,31.34
fold2_room1_mix1097,27,5,0,-46,47,0.50
fold2_room1_mix1097,28,4,0,25,-1,30.39
fold2_room1_mix1097,28,5,0,-57,49,0.43
fold2_room1_mix1097,29,4,0,28,-1,29.64
fold2_room1_mix1097,29,5,0,-70,51,0.46
fold2_room1_mix1097,30,4,0,26,-1,29.12
fold2_room1_mix1097,30,5,0,-82,51,0.40
fold2_room1_mix1097,31,4,0,27,-1,27.35
fold2_room1_mix1097,31,5,0,-86,50,0.46
fold2_room1_mix1097,32,4,0,28,-1,28.59
fold2_room1_mix1097,32,5,0,-106,52,0.48
fold2_room1_mix1097,33,4,0,30,-1,27.00
fold2_room1_mix1097,33,5,0,-107,50,0.46
fold2_room1_mix1097,34,4,0,30,-1,25.85
fold2_room1_mix1097,34,5,0,-117,47,0.60
fold2_room1_mix1097,35,4,0,31,-1,23.71
fold2_room1_mix1097,35,5,0,-121,49,0.61
fold2_room1_mix1097,36,4,0,32,-1,24.06
fold2_room1_mix1097,36,5,0,-135,43,0.75
fold2_room1_mix1097,37,4,0,34,-1,23.23
fold2_room1_mix1097,37,5,0,-139,38,0.88
fold2_room1_mix1097,38,4,0,37,-1,21.44
fold2_room1_mix1097,38,5,0,-142,38,0.87
fold2_room1_mix1097,39,4,0,37,-1,21.10
fold2_room1_mix1097,39,5,0,-145,35,0.99
fold2_room1_mix1097,40,4,0,39,-1,20.44
fold2_room1_mix1097,40,5,0,-148,35,1.07
fold2_room1_mix1097,41,4,0,39,-1,20.01
fold2_room1_mix1097,41,5,0,-153,30,1.26
fold2_room1_mix1097,42,4,0,38,-1,19.72
fold2_room1_mix1097,42,5,0,-154,29,1.39
fold2_room1_mix1097,43,4,0,41,-1,18.88
fold2_room1_mix1097,43,5,0,-154,32,1.17
fold2_room1_mix1097,44,4,0,44,-1,18.45
fold2_room1_mix1097,44,5,0,-159,31,1.30
fold2_room1_mix1097,45,4,0,45,-1,17.92
fold2_room1_mix1097,45,5,0,-157,28,1.49
fold2_room1_mix1097,46,4,0,46,-1,17.22
fold2_room1_mix1097,46,5,0,-160,25,1.84
fold2_room1_mix1097,47,4,0,50,-1,16.41
fold2_room1_mix1097,47,5,0,-162,25,1.86
fold2_room1_mix1097,48,4,0,52,-1,15.29
fold2_room1_mix1097,48,5,0,-160,24,1.91
fold2_room1_mix1097,49,4,0,55,-2,14.16
fold2_room1_mix1097,49,5,0,-162,26,1.78
fold2_room1_mix1097,50,4,0,59,-2,13.37
fold2_room1_mix1097,50,5,0,-165,22,2.34
fold2_room1_mix1097,51,2,0,118,-4,1.66
fold2_room1_mix1097,51,4,0,60,-2,13.60
fold2_room1_mix1097,51,5,0,-164,23,2.21
fold2_room1_mix1097,52,2,0,101,-4,1.07
fold2_room1_mix1097,52,4,0,63,-2,14.05
fold2_room1_mix1097,52,5,0,-160,25,2.10
fold2_room1_mix1097,53,2,0,95,-6,4.98
fold2_room1_mix1097,53,4,0,64,-1,13.11
fold2_room1_mix1097,53,5,0,-162,21,2.40
fold2_room1_mix1097,54,4,0,67,-1,14.00
fold2_room1_mix1097,54,5,0,-160,24,2.18
fold2_room1_mix1097,55,2,0,92,-6,6.18
fold2_room1_mix1097,55,4,0,65,-1,13.96
fold2_room1_mix1097,55,5,0,-161,22,2.15
fold2_room1_mix1097,56,0,0,142,-2,5.88
fold2_room1_mix1097,56,4,0,72,-1,12.74
fold2_room1_mix1097,56,5,0,-159,22,2.58
fold2_room1_mix1097,57,0,0,132,-1,16.35
fold2_room1_mix1097,57,4,0,71,-1,13.20
fold2_room1_mix1097,57,5,0,-157,20,2.67
fold2_room1_mix1097,58,0,0,136,-1,17.56
fold2_room1_mix1097,58,4,0,73,-1,13.85
fold2_room1_mix1097,58,5,0,-158,20,2.44
fold2_room1_mix1097,59,0,0,128,-1,16.90
fold2_room1_mix1097,59,4,0,78,-1,13.22
fold2_room1_mix1097,59,5,0,-156,22,1.79
fold2_room1_mix1097,60,0,0,130,-1,18.27
fold2_room1_mix1097,60,4,0,79,-1,13.63
fold2_room1_mix1097,60,5,0,-160,19,2.45
fold2_room1_mix1097,61,0,0,129,-1,19.54
fold2_room1_mix1097,61,4,0,79,-1,13.32
fold2_room1_mix1097,61,5,0,-161,19,2.28
fold2_room1_mix1097,62,0,0,126,-1,20.57
fold2_room1_mix1097,62,4,0,87,-1,13.03
fold2_room1_mix1097,62,5,0,-159,23,1.74
fold2_room1_mix1097,63,0,0,126,-1,21.84
fold2_room1_mix1097,63,4,0,90,-1,13.07
fold2_room1_mix1097,63,5,0,-161,18,2.44
fold2_room1_mix1097,64,0,0,127,-1,22.93
fold2_room1_mix1097,64,4,0,93,-1,12.92
fold2_room1_mix1097,64,5,0,-162,15,3.35
fold2_room1_mix1097,65,0,0,103,-1,24.60
fold2_room1_mix1097,65,4,0,96,-2,12.50
fold2_room1_mix1097,65,5,0,-158,16,3.06
fold2_room1_mix1097,66,0,0,100,-1,21.35
fold2_room1_mix1097,66,4,0,105,-1,12.71
fold2_room1_mix1097,66,5,0,-159,14,3.46
fold2_room1_mix1097,67,0,0,87,-1,25.66
fold2_room1_mix1097,67,4,0,107,-2,11.60
fold2_room1_mix1097,67,5,0,-166,15,3.23
fold2_room1_mix1097,68,0,0,77,-1,24.90
fold2_room1_mix1097,68,4,0,112,-2,12.24
fold2_room1_mix1097,68,5,0,-160,15,3.55
fold2_room1_mix1097,69,0,0,91,-1,23.56
fold2_room1_mix1097,69,4,0,112,-2,12.45
fold2_room1_mix1097,69,5,0,-158,15,3.24
fold2_room1_mix1097,70,0,0,75,-1,25.38
fold2_room1_mix1097,70,4,0,117,-1,12.84
fold2_room1_mix1097,70,5,0,-165,14,3.38
fold2_room1_mix1097,71,0,0,75,-1,23.99
fold2_room1_mix1097,71,4,0,121,-1,12.66
fold2_room1_mix1097,71,5,0,-157,16,3.29
fold2_room1_mix1097,72,0,0,78,-1,24.70
fold2_room1_mix1097,72,4,0,125,-1,13.22
fold2_room1_mix1097,72,5,0,-161,15,3.31
fold2_room1_mix1097,73,0,0,80,-2,22.94
fold2_room1_mix1097,73,4,0,128,-1,13.46
fold2_room1_mix1097,73,5,0,-156,23,2.37
fold2_room1_mix1097,74,0,0,82,-2,20.82
fold2_room1_mix1097,74,4,0,126,-1,13.12
fold2_room1_mix1097,74,5,0,-157,14,3.64
fold2_room1_mix1097,75,0,0,83,-2,21.10
fold2_room1_mix1097,75,4,0,128,0,13.23
fold2_room1_mix1097,75,5,0,-154,24,2.22
fold2_room1_mix1097,76,0,0,84,-1,23.04
fold2_room1_mix1097,76,4,0,129,0,14.01
fold2_room1_mix1097,76,5,0,-157,25,2.10
fold2_room1_mix1097,77,0,0,78,-1,24.18
fold2_room1_mix1097,77,4,0,132,0,15.24
fold2_room1_mix1097,77,5,0,-153,23,2.44
fold2_room1_mix1097,78,0,0,51,-1,29.51
fold2_room1_mix1097,78,4,0,137,0,15.71
fold2_room1_mix1097,78,5,0,-162,17,3.10
fold2_room1_mix1097,79,0,0,53,-1,30.86
fold2_room1_mix1097,79,4,0,137,0,16.25
fold2_room1_mix1097,79,5,0,-162,19,2.70
fold2_room1_mix1097,80,0,0,46,-1,32.37
fold2_room1_mix1097,80,4,0,142,0,17.07
fold2_room1_mix1097,80,5,0,-158,21,2.79
fold2_room1_mix1097,81,0,0,44,-1,37.60
fold2_room1_mix1097,81,4,0,139,0,17.59
fold2_room1_mix1097,81,5,0,-156,23,3.03
fold2_room1_mix1097,82,0,0,52,-1,31.24
fold2_room1_mix1097,82,4,0,139,0,18.77
fold2_room1_mix1097,82,5,0,-165,15,3.27
fold2_room1_mix1097,83,0,0,44,-1,35.01
fold2_room1_mix1097,83,4,0,140,0,18.33
fold2_room1_mix1097,83,5,0,-167,18,2.17
fold2_room1_mix1097,84,0,0,40,-1,35.23
fold2_room1_mix1097,84,4,0,141,0,17.95
fold2_room1_mix1097,84,5,0,-163,22,3.62
fold2_room1_mix1097,85,0,0,47,-1,33.79
fold2_room1_mix1097,85,4,0,143,0,18.86
fold2_room1_mix1097,86,0,0,48,-1,35.34
fold2_room1_mix1097,86,4,0,141,0,19.54
fold2_room1_mix1097,86,5,0,-171,14,2.54
fold2_room1_mix1097,87,0,0,46,-1,38.40
fold2_room1_mix1097,87,4,0,142,0,20.08
fold2_room1_mix1097,88,0,0,52,-1,36.61
fold2_room1_mix1097,88,4,0,144,0,19.89
fold2_room1_mix1097,89,0,0,55,-1,35.24
fold2_room1_mix1097,89,4,0,146,0,19.96
fold2_room1_mix1097,90,0,0,50,-1,34.18
fold2_room1_mix1097,90,4,0,150,0,20.19
fold2_room1_mix1097,90,5,0,-164,14,4.70
fold2_room1_mix1097,91,0,0,118,-1,36.34
fold2_room1_mix1097,91,4,0,152,0,20.63
fold2_room1_mix1097,92,0,0,133,-1,36.26
fold2_room1_mix1097,92,4,0,155,0,21.67
fold2_room1_mix1097,92,5,0,-176,12,3.77
fold2_room1_mix1097,93,0,0,133,-1,29.60
fold2_room1_mix1097,93,4,0,155,0,21.94
fold2_room1_mix1097,93,5,0,-175,12,4.57
fold2_room1_mix1097,94,0,0,148,-1,26.27
fold2_room1_mix1097,94,4,0,158,0,20.19
fold2_room1_mix1097,94,5,0,-177,10,5.92
fold2_room1_mix1097,95,0,0,161,-1,56.52
fold2_room1_mix1097,95,4,0,156,0,22.20
fold2_room1_mix1097,95,5,0,-176,15,3.12
fold2_room1_mix1097,96,4,0,156,0,23.64
fold2_room1_mix1097,96,5,0,-176,11,6.62
fold2_room1_mix1097,97,4,0,156,0,24.77
fold2_room1_mix1097,97,5,0,-176,10,6.02
fold2_room1_mix1097,98,4,0,157,0,24.06
fold2_room1_mix1097,98,5,0,-174,10,7.04
fold2_room1_mix1097,99,0,0,164,-1,16.80
fold2_room1_mix1097,99,4,0,159,1,16.76
fold2_room1_mix1097,99,5,0,-179,11,6.55
fold2_room1_mix1098,3,4,0,178,0,2.06
fold2_room1_mix1098,4,4,0,175,0,6.95
fold2_room1_mix1098,5,4,0,173,0,17.58
fold2_room1_mix1098,6,4,0,175,0,18.87
fold2_room1_mix1098,7,4,0,173,0,23.08
fold2_room1_mix1098,8,4,0,173,0,34.62
fold2_room1_mix1098,9,4,0,175,0,31.09
fold2_room1_mix1098,10,4,0,173,0,35.36
fold2_room1_mix1098,11,4,0,172,0,35.92
fold2_room1_mix1098,12,4,0,172,0,36.06
fold2_room1_mix1098,13,4,0,174,0,35.12
fold2_room1_mix1098,14,4,0,172,0,35.41
fold2_room1_mix1098,15,4,0,172,0,36.37
fold2_room1_mix1098,16,4,0,172,0,34.02
fold2_room1_mix1098,17,4,0,174,0,34.01
fold2_room1_mix1098,18,4,0,173,0,36.23
fold2_room1_mix1098,19,4,0,173,0,36.61
fold2_room1_mix1098,20,4,0,173,0,33.79
fold2_room1_mix1098,21,4,0,173,0,35.15
fold2_room1_mix1098,22,4,0,172,0,33.84
fold2_room1_mix1098,23,4,0,173,0,33.47
fold2_room1_mix1098,24,4,0,172,0,32.21
fold2_room1_mix1098,25,4,0,173,0,32.06
fold2_room1_mix1098,26,4,0,170,0,32.07
fold2_room1_mix1098,27,4,0,170,0,31.58
fold2_room1_mix1098,28,4,0,171,0,31.09
fold2_room1_mix1098,29,4,0,171,0,31.46
fold2_room1_mix1098,30,4,0,170,0,31.44
fold2_room1_mix1098,31,4,0,171,0,31.89
fold2_room1_mix1098,32,4,0,170,0,32.36
fold2_room1_mix1098,33,4,0,171,-1,31.64
fold2_room1_mix1098,34,4,0,167,-1,31.29
fold2_room1_mix1098,35,4,0,168,0,31.08
fold2_room1_mix1098,36,4,0,167,-1,30.20
fold2_room1_mix1098,37,4,0,166,0,30.17
fold2_room1_mix1098,38,4,0,165,-1,29.61
fold2_room1_mix1098,39,4,0,163,-1,28.37
fold2_room1_mix1098,40,4,0,162,-1,27.17
fold2_room1_mix1098,41,4,0,162,-1,25.87
fold2_room1_mix1098,42,4,0,160,-1,25.18
fold2_room1_mix1098,43,4,0,158,-1,24.43
fold2_room1_mix1098,44,4,0,159,-1,23.80
fold2_room1_mix1098,45,4,0,159,-1,23.07
fold2_room1_mix1098,46,4,0,158,-1,22.58
fold2_room1_mix1098,47,4,0,157,-1,22.02
fold2_room1_mix1098,48,4,0,156,-1,21.50
fold2_room1_mix1098,49,4,0,156,-1,20.33
fold2_room1_mix1098,50,4,0,154,-1,19.95
fold2_room1_mix1098,51,4,0,154,-1,19.70
fold2_room1_mix1098,52,4,0,154,-1,18.18
fold2_room1_mix1098,53,4,0,151,-1,17.73
fold2_room1_mix1098,54,4,0,150,-1,17.54
fold2_room1_mix1098,55,4,0,149,-2,16.69
fold2_room1_mix1098,56,4,0,148,-2,15.65
fold2_room1_mix1098,57,4,0,146,-2,15.42
fold2_room1_mix1098,58,4,0,145,-2,14.96
fold2_room1_mix1098,59,4,0,145,-2,14.04
fold2_room1_mix1098,60,4,0,144,-3,13.66
fold2_room1_mix1098,61,4,0,141,-3,13.20
fold2_room1_mix1098,62,4,0,140,-3,12.60
fold2_room1_mix1098,63,4,0,137,-3,11.88
fold2_room1_mix1098,64,4,0,135,-3,11.57
fold2_room1_mix1098,65,4,0,133,-3,11.40
fold2_room1_mix1098,66,4,0,129,-3,11.24
fold2_room1_mix1098,67,4,0,126,-3,10.52
fold2_room1_mix1098,68,4,0,124,-4,10.24
fold2_room1_mix1098,69,4,0,122,-4,10.24
fold2_room1_mix1098,70,4,0,118,-4,9.95
fold2_room1_mix1098,71,4,0,114,-4,9.60
fold2_room1_mix1098,72,4,0,108,-4,9.65
fold2_room1_mix1098,73,4,0,101,-4,9.46
fold2_room1_mix1098,74,4,0,95,-4,9.59
fold2_room1_mix1098,75,4,0,90,-5,9.20
fold2_room1_mix1098,76,4,0,86,-4,9.37
fold2_room1_mix1098,77,4,0,81,-4,9.80
fold2_room1_mix1098,78,4,0,74,-4,10.03
fold2_room1_mix1098,79,4,0,69,-3,10.12
fold2_room1_mix1098,80,4,0,65,-3,10.13
fold2_room1_mix1098,81,4,0,60,-3,10.25
fold2_room1_mix1098,82,4,0,57,-3,10.71
fold2_room1_mix1098,83,4,0,54,-3,10.95
fold2_room1_mix1098,84,4,0,51,-3,11.25
fold2_room1_mix1098,85,4,0,49,-3,12.04
fold2_room1_mix1098,86,4,0,47,-2,12.72
fold2_room1_mix1098,87,4,0,45,-3,12.64
fold2_room1_mix1098,88,4,0,42,-2,13.29
fold2_room1_mix1098,89,4,0,40,-2,14.12
fold2_room1_mix1098,90,4,0,37,-2,14.91
fold2_room1_mix1098,91,4,0,35,-2,15.30
fold2_room1_mix1098,92,4,0,34,-2,15.64
fold2_room1_mix1098,93,4,0,31,-2,16.35
fold2_room1_mix1098,94,4,0,31,-2,17.43
fold2_room1_mix1098,95,4,0,30,-2,18.27
fold2_room1_mix1098,96,4,0,28,-2,18.65
fold2_room1_mix1098,97,4,0,27,-2,19.59
fold2_room1_mix1098,98,4,0,26,-2,20.50
fold2_room1_mix1098,99,4,0,25,-2,19.88
fold2_room1_mix1099,1,4,0,-178,0,0.87
fold2_room1_mix1099,1,4,0,-2,0,0.85
fold2_room1_mix1099,2,4,0,-178,0,0.65
fold2_room1_mix1099,2,4,0,0,0,0.57
fold2_room1_mix1099,3,4,0,-175,0,5.73
fold2_room1_mix1099,3,4,0,-4,0,4.70
fold2_room1_mix1099,4,4,0,-172,0,17.87
fold2_room1_mix1099,4,4,0,0,-1,13.57
fold2_room1_mix1099,5,4,0,-171,0,19.79
fold2_room1_mix1099,5,4,0,-4,-1,13.94
fold2_room1_mix1099,6,4,0,-173,0,21.62
fold2_room1_mix1099,6,4,0,-3,-1,16.33
fold2_room1_mix1099,7,4,0,-170,0,30.11
fold2_room1_mix1099,7,4,0,-2,-1,22.55
fold2_room1_mix1099,8,4,0,-169,0,38.22
fold2_room1_mix1099,8,4,0,-2,-2,28.20
fold2_room1_mix1099,9,4,0,-168,-1,36.00
fold2_room1_mix1099,9,4,0,-1,-2,27.68
fold2_room1_mix1099,10,4,0,-169,0,38.88
fold2_room1_mix1099,10,4,0,-1,-2,30.90
fold2_room1_mix1099,11,4,0,-165,0,39.53
fold2_room1_mix1099,11,4,0,-2,-2,28.98
fold2_room1_mix1099,12,4,0,-168,-1,40.59
fold2_room1_mix1099,12,4,0,-2,-2,29.79
fold2_room1_mix1099,13,4,0,-164,-1,34.24
fold2_room1_mix1099,13,4,0,0,-2,27.06
fold2_room1_mix1099,14,4,0,-162,-1,34.41
fold2_room1_mix1099,14,4,0,-1,-2,26.52
fold2_room1_mix1099,15,4,0,-161,-1,31.75
fold2_room1_mix1099,15,4,0,-1,-2,24.53
fold2_room1_mix1099,16,4,0,-162,-1,32.53
fold2_room1_mix1099,16,4,0,-1,-2,24.96
fold2_room1_mix1099,17,4,0,-160,-1,29.37
fold2_room1_mix1099,17,4,0,-1,-2,24.11
fold2_room1_mix1099,18,4,0,-156,-1,28.81
fold2_room1_mix1099,18,4,0,-1,-2,23.77
fold2_room1_mix1099,19,4,0,-157,-1,26.85
fold2_room1_mix1099,19,4,0,0,-2,24.26
fold2_room1_mix1099,20,4,0,-155,-1,26.52
fold2_room1_mix1099,20,4,0,0,-2,25.60
fold2_room1_mix1099,21,4,0,-157,0,27.14
fold2_room1_mix1099,21,4,0,1,-2,25.96
fold2_room1_mix1099,22,4,0,-155,-1,25.68
fold2_room1_mix1099,22,4,0,2,-1,26.32
fold2_room1_mix1099,23,4,0,-155,-1,23.83
fold2_room1_mix1099,23,4,0,1,-2,24.44
fold2_room1_mix1099,24,4,0,-154,-1,23.32
fold2_room1_mix1099,24,4,0,2,-1,25.28
fold2_room1_mix1099,25,4,0,-152,-1,20.19
fold2_room1_mix1099,25,4,0,2,-2,23.82
fold2_room1_mix1099,26,4,0,-149,-1,20.05
fold2_room1_mix1099,26,4,0,3,-2,24.01
fold2_room1_mix1099,27,4,0,-148,-1,19.54
fold2_room1_mix1099,27,4,0,3,-1,22.72
fold2_room1_mix1099,28,4,0,-147,-1,18.24
fold2_room1_mix1099,28,4,0,3,-1,21.66
fold2_room1_mix1099,29,4,0,-146,-1,17.57
fold2_room1_mix1099,29,4,0,3,-1,21.78
fold2_room1_mix1099,30,4,0,-144,-1,16.29
fold2_room1_mix1099,30,4,0,3,-2,20.87
fold2_room1_mix1099,31,4,0,-145,-1,15.89
fold2_room1_mix1099,31,4,0,2,-2,20.05
fold2_room1_mix1099,32,4,0,-143,-1,14.64
fold2_room1_mix1099,32,4,0,4,-2,19.03
fold2_room1_mix1099,33,4,0,-140,-1,14.32
fold2_room1_mix1099,33,4,0,3,-2,17.21
fold2_room1_mix1099,34,4,0,-136,-1,13.89
fold2_room1_mix1099,34,4,0,6,-2,16.83
fold2_room1_mix1099,35,4,0,-135,-1,13.13
fold2_room1_mix1099,35,4,0,4,-2,15.81
fold2_room1_mix1099,36,4,0,-132,-1,12.34
fold2_room1_mix1099,36,4,0,5,-2,14.35
fold2_room1_mix1099,37,4,0,-129,-1,12.05
fold2_room1_mix1099,37,4,0,5,-2,13.68
fold2_room1_mix1099,38,4,0,-127,-1,10.86
fold2_room1_mix1099,38,4,0,3,-3,12.78
fold2_room1_mix1099,39,4,0,-125,-2,10.18
fold2_room1_mix1099,39,4,0,3,-3,10.91
fold2_room1_mix1099,40,4,0,-113,-1,10.06
fold2_room1_mix1099,40,4,0,2,-4,9.63
fold2_room1_mix1099,41,4,0,-113,-1,10.38
fold2_room1_mix1099,41,4,0,3,-5,7.92
fold2_room1_mix1099,42,4,0,-110,-1,10.48
fold2_room1_mix1099,42,4,0,3,-5,7.28
fold2_room1_mix1099,43,4,0,-113,0,12.86
fold2_room1_mix1099,43,4,0,4,-5,6.96
fold2_room1_mix1099,44,4,0,-104,0,12.76
fold2_room1_mix1099,44,4,0,7,-7,4.99
fold2_room1_mix1099,45,4,0,-84,0,12.72
fold2_room1_mix1099,45,4,0,30,-8,2.83
fold2_room1_mix1099,45,4,0,0,-6,6.04
fold2_room1_mix1099,46,4,0,-91,3,14.23
fold2_room1_mix1099,46,4,0,37,-10,1.56
fold2_room1_mix1099,46,4,0,-7,-4,7.14
fold2_room1_mix1099,47,4,0,126,-11,3.49
fold2_room1_mix1099,47,4,0,-26,-3,9.96
fold2_room1_mix1099,48,4,0,164,-3,5.08
fold2_room1_mix1099,48,4,0,140,-4,4.08
fold2_room1_mix1099,48,4,0,-26,-1,11.23
fold2_room1_mix1099,49,4,0,158,-4,3.89
fold2_room1_mix1099,49,4,0,-164,1,6.01
fold2_room1_mix1099,49,4,0,-27,-2,8.39
fold2_room1_mix1099,50,4,0,-177,-3,5.75
fold2_room1_mix1099,50,4,0,161,-1,4.96
fold2_room1_mix1099,50,4,0,-45,-2,8.84
fold2_room1_mix1099,51,4,0,177,-4,5.23
fold2_room1_mix1099,51,4,0,-145,1,8.31
fold2_room1_mix1099,51,4,0,-38,-2,10.57
fold2_room1_mix1099,52,4,0,168,-4,5.47
fold2_room1_mix1099,52,4,0,-123,0,10.53
fold2_room1_mix1099,52,4,0,-36,-3,9.55
fold2_room1_mix1099,53,4,0,171,-5,5.57
fold2_room1_mix1099,53,4,0,-112,0,11.94
fold2_room1_mix1099,53,4,0,-32,-3,10.07
fold2_room1_mix1099,54,4,0,170,-4,5.92
fold2_room1_mix1099,54,4,0,-113,0,11.57
fold2_room1_mix1099,54,4,0,-35,-3,9.80
fold2_room1_mix1099,55,4,0,175,-5,6.15
fold2_room1_mix1099,55,4,0,-116,-1,12.02
fold2_room1_mix1099,55,4,0,-29,-3,10.97
fold2_room1_mix1099,56,4,0,170,-3,7.58
fold2_room1_mix1099,56,4,0,-137,0,11.97
fold2_room1_mix1099,56,4,0,-35,-2,10.26
fold2_room1_mix1099,57,4,0,173,-4,8.04
fold2_room1_mix1099,57,4,0,-123,-1,12.67
fold2_room1_mix1099,57,4,0,-38,-3,10.30
fold2_room1_mix1099,58,4,0,173,-4,8.25
fold2_room1_mix1099,58,4,0,-88,-2,12.23
fold2_room1_mix1099,58,4,0,-42,-3,9.78
fold2_room1_mix1099,59,4,0,172,-4,9.35
fold2_room1_mix1099,59,4,0,-68,-3,11.77
fold2_room1_mix1099,59,4,0,-41,-4,10.55
fold2_room1_mix1099,60,4,0,176,-4,10.15
fold2_room1_mix1099,60,4,0,-63,-3,11.00
fold2_room1_mix1099,60,4,0,-40,-4,10.65
fold2_room1_mix1099,61,4,0,175,-4,9.65
fold2_room1_mix1099,61,4,0,-71,-4,10.37
fold2_room1_mix1099,61,4,0,-42,-4,11.59
fold2_room1_mix1099,62,4,0,178,-4,10.72
fold2_room1_mix1099,62,4,0,-74,-5,8.53
fold2_room1_mix1099,62,4,0,-35,-4,13.01
fold2_room1_mix1099,63,4,0,-179,-3,14.38
fold2_room1_mix1099,63,4,0,-98,-8,7.47
fold2_room1_mix1099,63,4,0,-48,-5,11.56
fold2_room1_mix1099,64,4,0,-176,-3,13.69
fold2_room1_mix1099,64,4,0,-102,-7,7.49
fold2_room1_mix1099,64,4,0,-40,-4,13.20
fold2_room1_mix1099,65,4,0,-178,-3,15.08
fold2_room1_mix1099,65,4,0,-109,-7,6.95
fold2_room1_mix1099,65,4,0,-38,-3,17.63
fold2_room1_mix1099,66,4,0,-178,-2,18.07
fold2_room1_mix1099,66,4,0,-114,-7,7.13
fold2_room1_mix1099,66,4,0,-39,-4,16.42
fold2_room1_mix1099,67,4,0,-177,-1,19.48
fold2_room1_mix1099,67,4,0,-112,-8,6.79
fold2_room1_mix1099,67,4,0,-41,-2,19.54
fold2_room1_mix1099,68,4,0,-175,-1,19.98
fold2_room1_mix1099,68,4,0,-118,-8,7.09
fold2_room1_mix1099,68,4,0,-32,-1,25.17
fold2_room1_mix1099,69,4,0,-175,0,22.70
fold2_room1_mix1099,69,4,0,-122,-7,7.15
fold2_room1_mix1099,69,4,0,-39,-1,23.70
fold2_room1_mix1099,70,4,0,-171,0,23.68
fold2_room1_mix1099,70,4,0,-135,-5,7.65
fold2_room1_mix1099,70,4,0,-32,-1,25.76
fold2_room1_mix1099,71,4,0,-172,0,24.97
fold2_room1_mix1099,71,4,0,-139,-6,7.94
fold2_room1_mix1099,71,4,0,-34,-1,26.62
fold2_room1_mix1099,72,4,0,-171,0,28.64
fold2_room1_mix1099,72,4,0,-138,-5,9.08
fold2_room1_mix1099,72,4,0,-32,0,29.57
fold2_room1_mix1099,73,4,0,-170,0,29.64
fold2_room1_mix1099,73,4,0,-147,-4,9.84
fold2_room1_mix1099,73,4,0,-28,0,27.69
fold2_room1_mix1099,74,4,0,-167,0,26.80
fold2_room1_mix1099,74,4,0,-144,-3,12.34
fold2_room1_mix1099,74,4,0,-27,0,33.51
fold2_room1_mix1099,75,4,0,-172,0,33.54
fold2_room1_mix1099,75,4,0,-148,-4,10.42
fold2_room1_mix1099,75,4,0,-26,0,32.38
fold2_room1_mix1099,76,4,0,-164,-1,20.98
fold2_room1_mix1099,76,4,0,-26,0,29.70
fold2_room1_mix1099,77,4,0,-164,-2,22.64
fold2_room1_mix1099,77,4,0,-26,-1,30.30
fold2_room1_mix1099,78,4,0,-171,1,32.63
fold2_room1_mix1099,78,4,0,-157,-4,11.75
fold2_room1_mix1099,78,4,0,-21,0,33.54
fold2_room1_mix1099,79,4,0,-165,-1,26.22
fold2_room1_mix1099,79,4,0,-20,0,32.52
fold2_room1_mix1099,80,4,0,-164,-1,24.98
fold2_room1_mix1099,80,4,0,-16,0,35.29
fold2_room1_mix1099,81,4,0,-166,-1,25.50
fold2_room1_mix1099,81,4,0,-16,0,37.04
fold2_room1_mix1099,82,4,0,-165,-1,27.27
fold2_room1_mix1099,82,4,0,-16,0,34.29
fold2_room1_mix1099,83,4,0,-166,-1,28.82
fold2_room1_mix1099,83,4,0,-15,-1,36.13
fold2_room1_mix1099,84,4,0,-165,-1,28.11
fold2_room1_mix1099,84,4,0,-12,-1,37.66
fold2_room1_mix1099,85,4,0,-166,-1,29.88
fold2_room1_mix1099,85,4,0,-13,-1,36.53
fold2_room1_mix1099,86,4,0,-168,0,31.92
fold2_room1_mix1099,86,4,0,-12,0,36.23
fold2_room1_mix1099,87,4,0,-169,0,32.83
fold2_room1_mix1099,87,4,0,-13,0,38.28
fold2_room1_mix1099,88,4,0,-171,0,35.83
fold2_room1_mix1099,88,4,0,-14,0,39.20
fold2_room1_mix1099,89,4,0,-170,0,36.24
fold2_room1_mix1099,89,4,0,-14,0,39.70
fold2_room1_mix1099,90,4,0,-170,0,36.18
fold2_room1_mix1099,90,4,0,-15,0,38.73
fold2_room1_mix1099,91,4,0,-170,0,37.27
fold2_room1_mix1099,91,4,0,-12,0,41.50
fold2_room1_mix1099,92,4,0,-166,0,36.54
fold2_room1_mix1099,92,4,0,-13,0,43.09
fold2_room1_mix1099,93,4,0,-168,0,37.39
fold2_room1_mix1099,93,4,0,-13,0,43.45
fold2_room1_mix1099,94,4,0,-170,0,39.05
fold2_room1_mix1099,94,4,0,-14,0,44.45
fold2_room1_mix1099,95,4,0,-167,0,37.35
fold2_room1_mix1099,95,4,0,-13,0,45.29
fold2_room1_mix1099,96,4,0,-169,0,39.31
fold2_room1_mix1099,96,4,0,-16,0,46.50
fold2_room1_mix1099,97,4,0,-166,0,37.40
fold2_room1_mix1099,97,4,0,-12,0,48.71
fold2_room1_mix1099,98,4,0,-166,0,38.73
fold2_room1_mix1099,98,4,0,-12,0,50.17
fold2_room1_mix1099,99,4,0,-166,0,36.55
fold2_room1_mix1099,99,4,0,-12,0,49.21
fold2_room1_mix1100,0,5,0,54,4,4.46
fold2_room1_mix1100,1,5,0,51,3,9.80
fold2_room1_mix1100,2,4,0,1,2,1.24
fold2_room1_mix1100,2,5,0,51,3,12.23
fold2_room1_mix1100,3,4,0,-1,1,3.88
fold2_room1_mix1100,3,5,0,63,6,5.84
fold2_room1_mix1100,4,4,0,4,0,16.12
fold2_room1_mix1100,4,5,0,60,4,9.90
fold2_room1_mix1100,5,4,0,174,2,11.75
fold2_room1_mix1100,5,4,0,6,1,10.42
fold2_room1_mix1100,5,5,0,51,5,9.05
fold2_room1_mix1100,6,4,0,-179,0,25.50
fold2_room1_mix1100,6,4,0,0,0,19.57
fold2_room1_mix1100,6,5,0,59,4,10.94
fold2_room1_mix1100,7,4,0,179,0,34.57
fold2_room1_mix1100,7,4,0,3,0,26.99
fold2_room1_mix1100,7,5,0,54,5,10.02
fold2_room1_mix1100,8,4,0,-179,0,34.87
fold2_room1_mix1100,8,4,0,5,0,28.73
fold2_room1_mix1100,8,5,0,53,6,7.14
fold2_room1_mix1100,9,4,0,-179,0,34.34
fold2_room1_mix1100,9,4,0,5,0,29.39
fold2_room1_mix1100,9,5,0,49,6,7.45
fold2_room1_mix1100,10,4,0,175,0,33.41
fold2_room1_mix1100,10,4,0,2,-1,26.15
fold2_room1_mix1100,10,5,0,55,5,8.04
fold2_room1_mix1100,11,4,0,178,0,38.46
fold2_room1_mix1100,11,4,0,3,-1,26.71
fold2_room1_mix1100,11,5,0,60,6,6.87
fold2_room1_mix1100,12,4,0,-178,0,32.36
fold2_room1_mix1100,12,4,0,2,-1,24.84
fold2_room1_mix1100,12,5,0,62,7,6.88
fold2_room1_mix1100,13,4,0,178,-1,32.44
fold2_room1_mix1100,13,4,0,2,-1,25.98
fold2_room1_mix1100,13,5,0,57,6,7.07
fold2_room1_mix1100,14,4,0,177,0,39.51
fold2_room1_mix1100,14,4,0,1,-1,28.11
fold2_room1_mix1100,14,5,0,55,6,6.90
fold2_room1_mix1100,15,4,0,179,-2,34.66
fold2_room1_mix1100,15,4,0,3,-2,26.84
fold2_room1_mix1100,15,5,0,54,6,7.62
fold2_room1_mix1100,16,4,0,179,-1,30.25
fold2_room1_mix1100,16,4,0,0,-1,23.08
fold2_room1_mix1100,16,5,0,51,9,5.28
fold2_room1_mix1100,17,4,0,179,-1,34.17
fold2_room1_mix1100,17,4,0,0,-1,24.34
fold2_room1_mix1100,17,5,0,54,7,6.63
fold2_room1_mix1100,18,4,0,-179,-2,31.27
fold2_room1_mix1100,18,4,0,1,-2,25.30
fold2_room1_mix1100,18,5,0,53,6,7.79
fold2_room1_mix1100,19,4,0,-177,-2,33.77
fold2_room1_mix1100,19,4,0,0,-1,25.42
fold2_room1_mix1100,19,5,0,50,6,7.26
fold2_room1_mix1100,20,4,0,178,-1,34.26
fold2_room1_mix1100,20,4,0,-1,-2,25.42
fold2_room1_mix1100,20,5,0,53,6,7.81
fold2_room1_mix1100,21,4,0,178,-3,32.53
fold2_room1_mix1100,21,4,0,0,-2,25.94
fold2_room1_mix1100,21,5,0,54,6,7.24
fold2_room1_mix1100,22,4,0,-178,-1,38.24
fold2_room1_mix1100,22,4,0,-1,-1,27.13
fold2_room1_mix1100,22,5,0,57,6,7.29
fold2_room1_mix1100,23,4,0,-176,-2,31.31
fold2_room1_mix1100,23,4,0,0,-2,25.27
fold2_room1_mix1100,23,5,0,54,5,8.56
fold2_room1_mix1100,24,3,0,-74,-4,10.14
fold2_room1_mix1100,24,4,0,178,-3,34.24
fold2_room1_mix1100,24,4,0,-1,-2,26.34
fold2_room1_mix1100,24,5,0,57,6,6.83
fold2_room1_mix1100,25,3,0,-72,-4,12.49
fold2_room1_mix1100,25,4,0,-179,-2,27.78
fold2_room1_mix1100,25,4,0,0,-1,23.57
fold2_room1_mix1100,25,5,0,54,5,8.47
fold2_room1_mix1100,26,3,0,-76,-4,10.60
fold2_room1_mix1100,26,4,0,175,-1,28.27
fold2_room1_mix1100,26,4,0,-3,-1,23.17
fold2_room1_mix1100,26,5,0,54,4,10.41
fold2_room1_mix1100,27,3,0,-75,-4,9.88
fold2_room1_mix1100,27,4,0,-179,-2,26.84
fold2_room1_mix1100,27,4,0,-2,-1,22.23
fold2_room1_mix1100,27,5,0,57,5,7.87
fold2_room1_mix1100,28,3,0,-75,-3,3.60
fold2_room1_mix1100,28,4,0,179,-1,26.23
fold2_room1_mix1100,28,4,0,-1,-1,23.38
fold2_room1_mix1100,28,5,0,53,5,8.47
fold2_room1_mix1100,29,4,0,-178,-2,23.47
fold2_room1_mix1100,29,4,0,-5,-2,21.91
fold2_room1_mix1100,29,5,0,58,5,8.04
fold2_room1_mix1100,30,4,0,-178,-1,24.56
fold2_room1_mix1100,30,4,0,-8,-1,23.83
fold2_room1_mix1100,30,5,0,54,5,8.21
fold2_room1_mix1100,31,4,0,-175,-1,24.36
fold2_room1_mix1100,31,4,0,-7,-1,23.02
fold2_room1_mix1100,31,5,0,51,4,9.60
fold2_room1_mix1100,32,4,0,-176,-1,25.20
fold2_room1_mix1100,32,4,0,-9,-1,24.11
fold2_room1_mix1100,32,5,0,54,6,7.46
fold2_room1_mix1100,33,4,0,-176,-1,25.07
fold2_room1_mix1100,33,4,0,-6,0,24.97
fold2_room1_mix1100,33,5,0,52,5,7.87
fold2_room1_mix1100,34,4,0,-173,-1,23.25
fold2_room1_mix1100,34,4,0,-6,-1,22.91
fold2_room1_mix1100,34,5,0,54,4,10.30
fold2_room1_mix1100,35,4,0,-169,-1,22.07
fold2_room1_mix1100,35,4,0,-4,-1,20.23
fold2_room1_mix1100,35,5,0,50,5,8.63
fold2_room1_mix1100,36,4,0,-171,-1,20.30
fold2_room1_mix1100,36,4,0,-3,-1,19.24
fold2_room1_mix1100,36,5,0,50,4,9.09
fold2_room1_mix1100,37,3,0,-99,-5,14.79
fold2_room1_mix1100,37,4,0,-174,-3,15.66
fold2_room1_mix1100,37,4,0,-2,-1,19.02
fold2_room1_mix1100,37,5,0,51,4,10.38
fold2_room1_mix1100,38,3,0,-98,-5,13.40
fold2_room1_mix1100,38,4,0,-179,-2,16.14
fold2_room1_mix1100,38,4,0,-1,-1,18.10
fold2_room1_mix1100,38,5,0,51,4,9.62
fold2_room1_mix1100,39,3,0,-96,-4,11.99
fold2_room1_mix1100,39,4,0,178,-3,14.46
fold2_room1_mix1100,39,4,0,-3,-2,15.82
fold2_room1_mix1100,39,5,0,44,3,11.25
fold2_room1_mix1100,40,3,0,-94,-4,12.06
fold2_room1_mix1100,40,4,0,-179,-2,16.41
fold2_room1_mix1100,40,4,0,-4,-1,18.24
fold2_room1_mix1100,40,5,0,49,4,9.62
fold2_room1_mix1100,41,3,0,-99,-5,13.07
fold2_room1_mix1100,41,4,0,178,-2,13.83
fold2_room1_mix1100,41,4,0,-1,-1,16.71
fold2_room1_mix1100,41,5,0,50,4,9.21
fold2_room1_mix1100,42,3,0,-94,-4,14.59
fold2_room1_mix1100,42,4,0,174,-3,14.23
fold2_room1_mix1100,42,4,0,-4,-2,15.35
fold2_room1_mix1100,42,5,0,57,4,10.04
fold2_room1_mix1100,43,3,0,-96,-4,14.06
fold2_room1_mix1100,43,4,0,177,-3,12.40
fold2_room1_mix1100,43,4,0,-4,-1,14.53
fold2_room1_mix1100,43,5,0,55,4,8.87
fold2_room1_mix1100,44,3,0,-94,-4,14.54
fold2_room1_mix1100,44,4,0,177,-3,12.47
fold2_room1_mix1100,44,4,0,-4,-1,14.63
fold2_room1_mix1100,44,5,0,52,4,9.16
fold2_room1_mix1100,45,3,0,-94,-4,14.21
fold2_room1_mix1100,45,4,0,178,-3,11.17
fold2_room1_mix1100,45,4,0,-6,-1,14.22
fold2_room1_mix1100,45,5,0,52,4,9.06
fold2_room1_mix1100,46,3,0,-94,-4,15.15
fold2_room1_mix1100,46,4,0,179,-3,9.85
fold2_room1_mix1100,46,4,0,-6,-1,12.92
fold2_room1_mix1100,46,5,0,56,4,8.78
fold2_room1_mix1100,47,3,0,-86,-3,15.09
fold2_room1_mix1100,47,4,0,178,-3,9.86
fold2_room1_mix1100,47,4,0,-4,-1,12.32
fold2_room1_mix1100,47,5,0,52,4,9.39
fold2_room1_mix1100,48,3,0,-88,-3,12.78
fold2_room1_mix1100,48,4,0,178,-4,8.61
fold2_room1_mix1100,48,4,0,-6,-2,12.32
fold2_room1_mix1100,48,5,0,58,6,7.52
fold2_room1_mix1100,49,3,0,-84,-3,7.36
fold2_room1_mix1100,49,4,0,179,-4,6.45
fold2_room1_mix1100,49,4,0,-10,-2,10.89
fold2_room1_mix1100,49,5,0,59,5,8.78
fold2_room1_mix1100,50,4,0,178,-5,5.90
fold2_room1_mix1100,50,4,0,-8,-3,9.15
fold2_room1_mix1100,50,5,0,57,5,8.99
fold2_room1_mix1100,51,4,0,175,-6,4.34
fold2_room1_mix1100,51,4,0,-9,-2,9.31
fold2_room1_mix1100,51,5,0,54,5,8.29
fold2_room1_mix1100,52,4,0,173,-7,3.82
fold2_room1_mix1100,52,4,0,-7,-2,10.85
fold2_room1_mix1100,52,5,0,54,5,8.96
fold2_room1_mix1100,53,4,0,165,-7,4.02
fold2_room1_mix1100,53,4,0,-9,-3,8.34
fold2_room1_mix1100,53,5,0,54,6,8.29
fold2_room1_mix1100,54,4,0,155,-10,2.44
fold2_room1_mix1100,54,4,0,-8,-4,8.12
fold2_room1_mix1100,54,5,0,58,6,7.01
fold2_room1_mix1100,55,3,0,-108,-4,15.54
fold2_room1_mix1100,55,4,0,162,-8,4.05
fold2_room1_mix1100,55,4,0,142,-12,2.38
fold2_room1_mix1100,55,4,0,-3,-3,7.87
fold2_room1_mix1100,55,5,0,57,7,7.11
fold2_room1_mix1100,56,3,0,-112,-4,18.75
fold2_room1_mix1100,56,4,0,145,-11,2.88
fold2_room1_mix1100,56,4,0,7,-7,5.00
fold2_room1_mix1100,56,5,0,60,7,6.71
fold2_room1_mix1100,57,3,0,-115,-4,19.36
fold2_room1_mix1100,57,4,0,64,-19,1.87
fold2_room1_mix1100,57,4,0,7,-4,6.44
fold2_room1_mix1100,57,5,0,57,6,7.31
fold2_room1_mix1100,58,3,0,-111,-4,16.33
fold2_room1_mix1100,58,4,0,8,-6,4.30
fold2_room1_mix1100,58,5,0,58,6,7.69
fold2_room1_mix1100,59,3,0,-120,-4,17.51
fold2_room1_mix1100,59,4,0,1,-6,4.83
fold2_room1_mix1100,59,5,0,57,7,6.72
fold2_room1_mix1100,60,3,0,-120,-4,19.57
fold2_room1_mix1100,60,4,0,5,-4,5.45
fold2_room1_mix1100,60,5,0,54,6,7.60
fold2_room1_mix1100,61,4,0,-2,-4,5.28
fold2_room1_mix1100,61,5,0,57,5,8.12
fold2_room1_mix1100,62,4,0,-6,-4,6.43
fold2_room1_mix1100,62,5,0,58,5,9.04
fold2_room1_mix1100,63,4,0,-3,-3,6.74
fold2_room1_mix1100,63,5,0,56,5,8.38
fold2_room1_mix1100,64,4,0,-3,-2,6.33
fold2_room1_mix1100,64,5,0,49,5,8.44
fold2_room1_mix1100,65,4,0,-4,-3,6.64
fold2_room1_mix1100,65,5,0,56,5,8.87
fold2_room1_mix1100,66,4,0,-5,-3,6.91
fold2_room1_mix1100,66,5,0,56,4,9.23
fold2_room1_mix1100,67,4,0,-4,-3,6.21
fold2_room1_mix1100,67,5,0,54,5,8.29
fold2_room1_mix1100,68,4,0,-6,-4,6.11
fold2_room1_mix1100,68,5,0,53,4,8.83
fold2_room1_mix1100,69,4,0,-6,-4,6.19
fold2_room1_mix1100,69,5,0,52,4,9.29
fold2_room1_mix1100,70,4,0,-8,-5,5.57
fold2_room1_mix1100,70,5,0,53,4,9.53
fold2_room1_mix1100,71,4,0,-9,-4,5.54
fold2_room1_mix1100,71,5,0,47,4,10.45
fold2_room1_mix1100,72,4,0,-10,-5,6.22
fold2_room1_mix1100,72,5,0,55,4,9.48
fold2_room1_mix1100,73,4,0,-11,-6,5.06
fold2_room1_mix1100,73,5,0,55,5,9.02
fold2_room1_mix1100,74,4,0,-13,-6,5.38
fold2_room1_mix1100,74,5,0,54,4,10.18
fold2_room1_mix1100,75,4,0,-23,-12,2.48
fold2_room1_mix1100,75,4,0,-7,0,11.21
fold2_room1_mix1100,75,5,0,56,4,9.69
fold2_room1_mix1100,76,4,0,-28,-15,2.28
fold2_room1_mix1100,76,4,0,-5,-4,9.06
fold2_room1_mix1100,76,5,0,58,4,10.10
fold2_room1_mix1100,77,4,0,-26,-14,2.22
fold2_room1_mix1100,77,4,0,-6,0,10.91
fold2_room1_mix1100,77,5,0,51,4,9.81
fold2_room1_mix1100,78,4,0,-36,-17,1.52
fold2_room1_mix1100,78,4,0,-8,0,12.28
fold2_room1_mix1100,78,5,0,52,4,9.97
fold2_room1_mix1100,79,4,0,-40,-18,1.22
fold2_room1_mix1100,79,4,0,-10,-1,9.31
fold2_room1_mix1100,79,5,0,54,4,9.63
fold2_room1_mix1100,80,4,0,-53,-23,1.03
fold2_room1_mix1100,80,4,0,-11,0,12.80
fold2_room1_mix1100,80,5,0,51,5,9.29
fold2_room1_mix1100,81,4,0,-65,-30,0.87
fold2_room1_mix1100,81,4,0,-14,-4,13.73
fold2_room1_mix1100,81,5,0,50,5,9.45
fold2_room1_mix1100,82,4,0,-84,-32,0.75
fold2_room1_mix1100,82,4,0,-9,-3,15.75
fold2_room1_mix1100,82,5,0,47,5,10.87
fold2_room1_mix1100,83,4,0,-112,-29,0.87
fold2_room1_mix1100,83,4,0,-7,-1,19.64
fold2_room1_mix1100,83,5,0,47,5,9.45
fold2_room1_mix1100,84,4,0,-130,-24,1.02
fold2_room1_mix1100,84,4,0,-7,0,18.34
fold2_room1_mix1100,84,5,0,51,5,9.46
fold2_room1_mix1100,85,4,0,-141,-19,1.30
fold2_room1_mix1100,85,4,0,-6,1,18.31
fold2_room1_mix1100,85,5,0,46,4,11.42
fold2_room1_mix1100,86,4,0,-150,-16,1.64
fold2_room1_mix1100,86,4,0,-1,0,19.63
fold2_room1_mix1100,86,5,0,50,4,11.13
fold2_room1_mix1100,87,4,0,-157,-14,2.10
fold2_room1_mix1100,87,4,0,-1,0,22.88
fold2_room1_mix1100,87,5,0,52,4,11.89
fold2_room1_mix1100,88,4,0,-156,-14,2.17
fold2_room1_mix1100,88,4,0,0,0,20.80
fold2_room1_mix1100,88,5,0,65,4,9.89
fold2_room1_mix1100,89,4,0,-159,-11,2.91
fold2_room1_mix1100,89,4,0,-1,0,22.23
fold2_room1_mix1100,89,5,0,56,4,10.49
fold2_room1_mix1100,90,4,0,-162,-10,3.09
fold2_room1_mix1100,90,4,0,0,0,22.27
fold2_room1_mix1100,90,5,0,55,3,12.23
fold2_room1_mix1100,91,4,0,-164,-8,3.65
fold2_room1_mix1100,91,4,0,0,0,23.81
fold2_room1_mix1100,91,5,0,59,4,10.09
fold2_room1_mix1100,92,4,0,-164,-8,3.76
fold2_room1_mix1100,92,4,0,-2,0,21.22
fold2_room1_mix1100,92,5,0,57,4,11.19
fold2_room1_mix1100,93,4,0,-167,-8,4.24
fold2_room1_mix1100,93,4,0,-1,0,24.98
fold2_room1_mix1100,93,5,0,59,4,9.84
fold2_room1_mix1100,94,4,0,-166,-7,4.59
fold2_room1_mix1100,94,4,0,-3,0,24.48
fold2_room1_mix1100,94,5,0,57,4,10.52
fold2_room1_mix1100,95,4,0,-167,-6,4.99
fold2_room1_mix1100,95,4,0,-1,0,24.80
fold2_room1_mix1100,95,5,0,60,4,10.83
fold2_room1_mix1100,96,4,0,-168,-6,5.42
fold2_room1_mix1100,96,4,0,0,0,29.55
fold2_room1_mix1100,96,5,0,58,5,9.05
fold2_room1_mix1100,97,4,0,-168,-5,5.66
fold2_room1_mix1100,97,4,0,-3,0,23.68
fold2_room1_mix1100,97,5,0,59,4,10.89
fold2_room1_mix1100,98,4,0,-170,-5,6.16
fold2_room1_mix1100,98,4,0,-3,0,23.73
fold2_room1_mix1100,98,5,0,58,3,11.93
fold2_room1_mix1100,99,4,0,-169,-4,5.99
fold2_room1_mix1100,99,4,0,0,0,26.75
fold2_room1_mix1100,99,5,0,60,5,9.01
fold2_room1_mix1101,43,4,0,0,-1,10.49
fold2_room1_mix1101,45,4,0,0,0,13.85
fold2_room1_mix1101,46,4,0,0,0,17.54
fold2_room1_mix1101,47,4,0,0,-1,19.30
fold2_room1_mix1101,48,4,0,3,-1,20.55
fold2_room1_mix1101,49,4,0,0,-1,21.16
fold2_room1_mix1101,50,4,0,1,-2,21.32
fold2_room1_mix1101,51,4,0,1,-1,22.23
fold2_room1_mix1101,52,4,0,1,-1,20.94
fold2_room1_mix1101,53,4,0,1,-1,20.11
fold2_room1_mix1101,54,4,0,1,-1,20.65
fold2_room1_mix1101,55,4,0,0,-2,19.90
fold2_room1_mix1101,56,4,0,0,-2,18.25
fold2_room1_mix1101,57,4,0,0,-1,18.30
fold2_room1_mix1101,58,4,0,-1,-2,17.39
fold2_room1_mix1101,59,4,0,-2,-2,15.64
fold2_room1_mix1101,60,4,0,-2,-2,16.07
fold2_room1_mix1101,61,4,0,-2,-2,13.63
fold2_room1_mix1101,62,4,0,-4,-2,12.95
fold2_room1_mix1101,63,4,0,-2,-3,12.64
fold2_room1_mix1101,64,4,0,-5,-3,11.45
fold2_room1_mix1101,65,4,0,-5,-3,9.88
fold2_room1_mix1101,66,4,0,-4,-4,8.73
fold2_room1_mix1101,67,4,0,-6,-4,7.74
fold2_room1_mix1101,68,4,0,-9,-5,7.10
fold2_room1_mix1101,69,4,0,-12,-6,5.70
fold2_room1_mix1101,70,4,0,-12,-7,4.88
fold2_room1_mix1101,71,4,0,-19,-8,3.86
fold2_room1_mix1101,72,4,0,-36,-11,2.62
fold2_room1_mix1101,73,4,0,-73,-16,1.78
fold2_room1_mix1101,74,4,0,-124,-12,2.12
fold2_room1_mix1101,75,4,0,-144,-7,2.53
fold2_room1_mix1101,76,4,0,-153,-5,3.69
fold2_room1_mix1101,77,4,0,-159,-5,5.06
fold2_room1_mix1101,78,4,0,-163,-4,5.76
fold2_room1_mix1101,79,4,0,-164,-3,6.55
fold2_room1_mix1101,80,4,0,-168,-3,7.49
fold2_room1_mix1101,81,4,0,-171,-2,8.38
fold2_room1_mix1101,82,4,0,-171,-2,9.10
fold2_room1_mix1101,83,4,0,-171,-2,9.73
fold2_room1_mix1101,84,4,0,-172,-2,10.77
fold2_room1_mix1101,85,4,0,-173,-2,11.80
fold2_room1_mix1101,86,4,0,-173,-1,12.63
fold2_room1_mix1101,87,4,0,-174,-1,13.87
fold2_room1_mix1101,88,4,0,-175,-1,15.12
fold2_room1_mix1101,89,4,0,-175,-1,16.21
fold2_room1_mix1101,90,4,0,-175,-1,16.13
fold2_room1_mix1101,91,4,0,-174,-1,17.25
fold2_room1_mix1101,92,4,0,-175,0,18.14
fold2_room1_mix1101,93,4,0,-175,-1,18.75
fold2_room1_mix1101,94,4,0,-175,0,20.01
fold2_room1_mix1101,95,4,0,-175,0,21.40
fold2_room1_mix1101,96,4,0,-177,0,21.38
fold2_room1_mix1101,97,4,0,-177,0,22.68
fold2_room1_mix1101,98,4,0,-176,0,22.34
fold2_room1_mix1101,99,4,0,-176,0,21.28
fold2_room1_mix1102,0,5,0,51,1,8.52
fold2_room1_mix1102,1,5,0,63,1,16.83
fold2_room1_mix1102,2,5,0,58,2,15.57
fold2_room1_mix1102,3,5,0,63,1,13.28
fold2_room1_mix1102,4,4,0,38,0,8.06
fold2_room1_mix1102,4,5,0,65,1,16.13
fold2_room1_mix1102,5,5,0,58,2,16.61
fold2_room1_mix1102,6,4,0,31,0,10.96
fold2_room1_mix1102,6,5,0,61,2,20.29
fold2_room1_mix1102,7,4,0,156,-3,15.98
fold2_room1_mix1102,7,4,0,137,-5,16.36
fold2_room1_mix1102,7,5,0,60,2,18.85
fold2_room1_mix1102,8,4,0,45,0,9.37
fold2_room1_mix1102,8,5,0,60,1,17.15
fold2_room1_mix1102,9,4,0,39,-2,21.73
fold2_room1_mix1102,9,5,0,57,2,14.76
fold2_room1_mix1102,10,4,0,166,-2,21.91
fold2_room1_mix1102,10,4,0,37,-2,20.55
fold2_room1_mix1102,10,5,0,56,2,15.54
fold2_room1_mix1102,11,4,0,30,-1,22.61
fold2_room1_mix1102,11,5,0,56,2,17.20
fold2_room1_mix1102,12,4,0,34,-2,19.78
fold2_room1_mix1102,12,5,0,60,2,16.23
fold2_room1_mix1102,13,4,0,148,-2,22.23
fold2_room1_mix1102,13,4,0,33,-2,19.89
fold2_room1_mix1102,13,5,0,55,2,17.15
fold2_room1_mix1102,14,4,0,34,-2,22.73
fold2_room1_mix1102,14,5,0,59,2,18.07
fold2_room1_mix1102,15,4,0,35,-2,21.62
fold2_room1_mix1102,15,5,0,58,2,15.82
fold2_room1_mix1102,16,4,0,41,-2,18.85
fold2_room1_mix1102,16,5,0,60,2,15.93
fold2_room1_mix1102,17,4,0,36,-2,18.56
fold2_room1_mix1102,17,5,0,56,2,15.79
fold2_room1_mix1102,18,4,0,35,-3,17.05
fold2_room1_mix1102,18,5,0,63,2,15.43
fold2_room1_mix1102,19,4,0,41,-3,16.39
fold2_room1_mix1102,19,5,0,59,2,16.29
fold2_room1_mix1102,20,4,0,35,-3,17.99
fold2_room1_mix1102,20,5,0,61,2,15.37
fold2_room1_mix1102,21,4,0,38,-3,16.54
fold2_room1_mix1102,21,5,0,58,2,14.74
fold2_room1_mix1102,22,4,0,159,-4,18.72
fold2_room1_mix1102,22,4,0,42,-3,16.28
fold2_room1_mix1102,22,5,0,62,2,16.14
fold2_room1_mix1102,23,4,0,168,-3,19.84
fold2_room1_mix1102,23,4,0,42,-3,16.74
fold2_room1_mix1102,23,5,0,60,3,14.38
fold2_room1_mix1102,24,4,0,45,-3,16.13
fold2_room1_mix1102,24,5,0,63,2,13.58
fold2_room1_mix1102,25,4,0,172,-2,18.56
fold2_room1_mix1102,25,4,0,45,-3,16.71
fold2_room1_mix1102,25,5,0,60,2,14.36
fold2_room1_mix1102,26,4,0,167,-3,18.51
fold2_room1_mix1102,26,4,0,48,-3,14.69
fold2_room1_mix1102,26,5,0,63,3,14.88
fold2_room1_mix1102,27,4,0,177,0,22.15
fold2_room1_mix1102,27,4,0,51,-3,14.65
fold2_room1_mix1102,27,5,0,63,2,13.98
fold2_room1_mix1102,28,4,0,166,-1,20.09
fold2_room1_mix1102,28,4,0,57,-3,14.62
fold2_room1_mix1102,28,5,0,59,3,14.61
fold2_room1_mix1102,29,4,0,-178,0,20.26
fold2_room1_mix1102,29,4,0,61,-4,12.33
fold2_room1_mix1102,29,5,0,58,3,13.84
fold2_room1_mix1102,30,4,0,174,-1,18.97
fold2_room1_mix1102,30,4,0,62,-3,13.31
fold2_room1_mix1102,30,5,0,62,2,14.32
fold2_room1_mix1102,31,4,0,171,0,18.48
fold2_room1_mix1102,31,4,0,67,-3,12.98
fold2_room1_mix1102,31,5,0,59,3,14.29
fold2_room1_mix1102,32,4,0,-177,0,20.62
fold2_room1_mix1102,32,4,0,64,-3,13.17
fold2_room1_mix1102,32,5,0,57,3,13.84
fold2_room1_mix1102,33,4,0,178,0,21.18
fold2_room1_mix1102,33,4,0,69,-3,12.92
fold2_room1_mix1102,33,5,0,61,3,13.60
fold2_room1_mix1102,34,4,0,-179,0,21.68
fold2_room1_mix1102,34,4,0,69,-3,12.33
fold2_room1_mix1102,34,5,0,57,3,12.84
fold2_room1_mix1102,35,4,0,178,0,20.96
fold2_room1_mix1102,35,4,0,72,-3,12.07
fold2_room1_mix1102,35,5,0,55,3,13.65
fold2_room1_mix1102,36,4,0,175,0,20.86
fold2_room1_mix1102,36,4,0,76,-3,12.26
fold2_room1_mix1102,36,5,0,56,3,13.92
fold2_room1_mix1102,37,4,0,173,0,20.25
fold2_room1_mix1102,37,4,0,74,-3,12.13
fold2_room1_mix1102,37,5,0,54,4,12.51
fold2_room1_mix1102,38,4,0,176,0,19.18
fold2_room1_mix1102,38,4,0,78,-3,12.13
fold2_room1_mix1102,38,5,0,59,3,13.86
fold2_room1_mix1102,39,4,0,169,0,20.26
fold2_room1_mix1102,39,4,0,85,-3,12.48
fold2_room1_mix1102,39,5,0,54,3,14.15
fold2_room1_mix1102,40,4,0,172,0,20.28
fold2_room1_mix1102,40,4,0,85,-2,12.66
fold2_room1_mix1102,40,5,0,56,3,12.75
fold2_room1_mix1102,41,4,0,177,0,19.74
fold2_room1_mix1102,41,4,0,84,-2,13.11
fold2_room1_mix1102,41,5,0,56,3,12.77
fold2_room1_mix1102,42,4,0,176,0,18.19
fold2_room1_mix1102,42,4,0,85,-2,14.04
fold2_room1_mix1102,42,5,0,53,3,13.66
fold2_room1_mix1102,43,4,0,179,0,17.09
fold2_room1_mix1102,43,4,0,94,-2,13.55
fold2_room1_mix1102,43,5,0,53,3,12.58
fold2_room1_mix1102,44,4,0,177,0,18.66
fold2_room1_mix1102,44,4,0,95,-2,13.00
fold2_room1_mix1102,44,5,0,57,3,13.82
fold2_room1_mix1102,45,4,0,177,0,17.41
fold2_room1_mix1102,45,4,0,100,-2,14.16
fold2_room1_mix1102,45,5,0,52,3,13.59
fold2_room1_mix1102,46,4,0,175,0,19.76
fold2_room1_mix1102,46,4,0,96,-2,14.93
fold2_room1_mix1102,46,5,0,49,3,13.06
fold2_room1_mix1102,47,4,0,175,0,18.81
fold2_room1_mix1102,47,4,0,103,-2,13.99
fold2_room1_mix1102,47,5,0,54,3,12.44
fold2_room1_mix1102,48,4,0,174,0,17.01
fold2_room1_mix1102,48,4,0,107,0,14.94
fold2_room1_mix1102,48,5,0,54,3,13.34
fold2_room1_mix1102,49,4,0,172,0,18.35
fold2_room1_mix1102,49,4,0,110,-1,15.29
fold2_room1_mix1102,49,5,0,51,3,14.24
fold2_room1_mix1102,50,4,0,160,0,17.17
fold2_room1_mix1102,50,4,0,114,-1,14.70
fold2_room1_mix1102,50,5,0,52,4,13.86
fold2_room1_mix1102,51,4,0,166,-1,15.37
fold2_room1_mix1102,51,4,0,118,-1,14.65
fold2_room1_mix1102,51,5,0,50,3,14.19
fold2_room1_mix1102,52,4,0,166,-1,16.12
fold2_room1_mix1102,52,4,0,117,0,16.30
fold2_room1_mix1102,52,5,0,50,3,14.24
fold2_room1_mix1102,53,4,0,160,-1,14.69
fold2_room1_mix1102,53,4,0,126,0,16.12
fold2_room1_mix1102,53,5,0,52,3,13.28
fold2_room1_mix1102,54,4,0,163,-1,15.59
fold2_room1_mix1102,54,4,0,126,0,16.07
fold2_room1_mix1102,54,5,0,55,3,14.45
fold2_room1_mix1102,55,4,0,153,-2,15.28
fold2_room1_mix1102,55,4,0,126,0,17.31
fold2_room1_mix1102,55,5,0,50,3,15.25
fold2_room1_mix1102,56,4,0,157,-2,15.29
fold2_room1_mix1102,56,4,0,130,0,17.26
fold2_room1_mix1102,56,5,0,50,3,13.10
fold2_room1_mix1102,57,4,0,160,-2,15.16
fold2_room1_mix1102,57,4,0,132,0,17.61
fold2_room1_mix1102,57,5,0,53,3,14.02
fold2_room1_mix1102,58,4,0,158,-2,14.06
fold2_room1_mix1102,58,4,0,134,0,17.35
fold2_room1_mix1102,58,5,0,54,3,14.81
fold2_room1_mix1102,59,4,0,144,-1,16.28
fold2_room1_mix1102,59,5,0,49,3,14.84
fold2_room1_mix1102,60,4,0,143,-1,16.50
fold2_room1_mix1102,60,5,0,51,3,13.77
fold2_room1_mix1102,61,4,0,146,-1,16.49
fold2_room1_mix1102,61,5,0,54,3,14.62
fold2_room1_mix1102,62,4,0,151,-1,16.57
fold2_room1_mix1102,62,5,0,54,3,14.45
fold2_room1_mix1102,63,4,0,157,-1,15.95
fold2_room1_mix1102,63,5,0,53,3,14.65
fold2_room1_mix1102,64,4,0,159,-1,15.33
fold2_room1_mix1102,64,5,0,57,3,14.63
fold2_room1_mix1102,65,4,0,157,-1,16.62
fold2_room1_mix1102,65,5,0,53,2,16.30
fold2_room1_mix1102,66,4,0,159,-1,15.26
fold2_room1_mix1102,66,5,0,55,3,14.64
fold2_room1_mix1102,67,4,0,166,-2,12.21
fold2_room1_mix1102,67,4,0,145,0,19.58
fold2_room1_mix1102,67,5,0,58,3,15.09
fold2_room1_mix1102,68,4,0,159,-1,15.07
fold2_room1_mix1102,68,5,0,52,3,14.66
fold2_room1_mix1102,69,4,0,157,-1,14.89
fold2_room1_mix1102,69,5,0,55,3,13.47
fold2_room1_mix1102,70,4,0,167,-2,12.59
fold2_room1_mix1102,70,4,0,145,0,19.43
fold2_room1_mix1102,70,5,0,59,3,14.15
fold2_room1_mix1102,71,4,0,162,-1,15.24
fold2_room1_mix1102,71,5,0,56,3,15.26
fold2_room1_mix1102,72,4,0,165,-1,13.07
fold2_room1_mix1102,72,5,0,64,3,13.33
fold2_room1_mix1102,73,4,0,163,-1,13.49
fold2_room1_mix1102,73,5,0,55,3,14.73
fold2_room1_mix1102,74,4,0,166,-2,12.55
fold2_room1_mix1102,74,5,0,59,4,12.41
fold2_room1_mix1102,75,4,0,172,-3,9.03
fold2_room1_mix1102,75,4,0,154,0,15.36
fold2_room1_mix1102,75,5,0,66,3,13.12
fold2_room1_mix1102,76,4,0,168,-3,8.90
fold2_room1_mix1102,76,5,0,67,2,14.92
fold2_room1_mix1102,77,4,0,171,-4,8.23
fold2_room1_mix1102,77,5,0,59,3,14.16
fold2_room1_mix1102,78,4,0,176,-3,8.81
fold2_room1_mix1102,78,5,0,57,3,13.90
fold2_room1_mix1102,79,4,0,178,-5,6.83
fold2_room1_mix1102,79,5,0,62,3,13.41
fold2_room1_mix1102,80,4,0,-179,-5,6.81
fold2_room1_mix1102,80,5,0,62,3,13.17
fold2_room1_mix1102,81,4,0,177,-5,6.49
fold2_room1_mix1102,81,5,0,62,3,13.87
fold2_room1_mix1102,82,4,0,-179,-8,5.13
fold2_room1_mix1102,82,5,0,61,3,13.06
fold2_room1_mix1102,83,4,0,-171,-9,4.91
fold2_room1_mix1102,83,5,0,66,3,14.09
fold2_room1_mix1102,84,4,0,-167,-9,4.30
fold2_room1_mix1102,84,5,0,68,3,13.11
fold2_room1_mix1102,85,4,0,-163,-13,3.59
fold2_room1_mix1102,85,5,0,60,3,12.22
fold2_room1_mix1102,86,4,0,-156,-15,3.19
fold2_room1_mix1102,86,5,0,61,3,14.06
fold2_room1_mix1102,87,4,0,-151,-23,2.59
fold2_room1_mix1102,87,5,0,59,2,14.32
fold2_room1_mix1102,88,4,0,-136,-29,2.01
fold2_room1_mix1102,88,5,0,63,3,12.08
fold2_room1_mix1102,89,4,0,-110,-38,1.44
fold2_room1_mix1102,89,5,0,55,2,13.65
fold2_room1_mix1102,90,4,0,-85,-40,1.41
fold2_room1_mix1102,90,5,0,52,3,12.94
fold2_room1_mix1102,91,4,0,-57,-35,1.77
fold2_room1_mix1102,91,5,0,51,3,12.71
fold2_room1_mix1102,92,4,0,-44,-28,2.04
fold2_room1_mix1102,92,5,0,49,2,12.95
fold2_room1_mix1102,93,4,0,-29,-21,2.51
fold2_room1_mix1102,93,5,0,53,3,12.74
fold2_room1_mix1102,94,4,0,-22,-19,2.87
fold2_room1_mix1102,94,5,0,53,3,12.43
fold2_room1_mix1102,95,4,0,-18,-15,3.34
fold2_room1_mix1102,95,5,0,54,2,12.93
fold2_room1_mix1102,96,4,0,-17,-12,3.58
fold2_room1_mix1102,96,5,0,53,3,12.89
fold2_room1_mix1102,97,4,0,-14,-11,4.52
fold2_room1_mix1102,97,5,0,47,2,13.91
fold2_room1_mix1102,98,4,0,-11,-9,4.55
fold2_room1_mix1102,98,5,0,48,2,12.55
fold2_room1_mix1102,99,4,0,-11,-9,4.25
fold2_room1_mix1102,99,5,0,54,3,11.64
fold2_room1_mix1103,10,1,0,-38,-3,6.85
fold2_room1_mix1103,11,1,0,-25,-3,33.90
fold2_room1_mix1103,12,1,0,-20,-2,31.94
fold2_room1_mix1103,13,1,0,-27,-3,28.25
fold2_room1_mix1103,15,1,0,-25,-3,24.79
fold2_room1_mix1103,16,1,0,-24,-2,25.47
fold2_room1_mix1103,17,1,0,-24,-2,36.33
fold2_room1_mix1103,18,1,0,-19,-2,23.03
fold2_room1_mix1103,20,1,0,-20,-2,34.43
fold2_room1_mix1103,21,1,0,-22,-3,27.84
fold2_room1_mix1103,22,1,0,-25,-2,33.40
fold2_room1_mix1103,23,1,0,-22,-1,3.72
fold2_room1_mix1103,24,1,0,-29,-3,25.46
fold2_room1_mix1103,25,1,0,-24,-2,30.74
fold2_room1_mix1103,26,1,0,-24,-2,27.90
fold2_room1_mix1103,27,1,0,-28,-2,34.36
fold2_room1_mix1103,29,1,0,-25,-2,20.51
fold2_room1_mix1103,30,1,0,-26,-2,31.62
fold2_room1_mix1103,31,1,0,-26,-2,27.89
fold2_room1_mix1103,32,1,0,-26,-2,22.83
fold2_room1_mix1103,34,1,0,-26,-2,20.72
fold2_room1_mix1103,35,1,0,-28,-3,25.39
fold2_room1_mix1103,36,1,0,-30,-2,23.34
fold2_room1_mix1103,38,1,0,-38,-3,20.30
fold2_room1_mix1103,39,1,0,-29,-2,24.02
fold2_room1_mix1103,40,1,0,-30,-2,26.69
fold2_room1_mix1103,41,1,0,-35,-2,29.99
fold2_room1_mix1103,43,1,0,-31,-2,17.98
fold2_room1_mix1103,44,1,0,-35,-3,27.22
fold2_room1_mix1103,45,1,0,-36,-2,26.00
fold2_room1_mix1103,46,1,0,-33,-2,14.90
fold2_room1_mix1103,46,3,0,130,-3,8.46
fold2_room1_mix1103,47,3,0,121,-4,11.15
fold2_room1_mix1103,48,3,0,122,-4,13.28
fold2_room1_mix1103,49,3,0,122,-3,12.36
fold2_room1_mix1103,50,3,0,121,-4,6.46
fold2_room1_mix1103,52,3,0,125,-3,5.24
fold2_room1_mix1103,53,3,0,134,-4,8.98
fold2_room1_mix1103,54,3,0,133,-4,6.77
fold2_room1_mix1103,55,3,0,136,-3,8.29
fold2_room1_mix1103,56,3,0,137,-3,10.72
fold2_room1_mix1103,57,3,0,137,-3,11.41
fold2_room1_mix1103,58,3,0,142,-3,5.37
fold2_room1_mix1103,60,3,0,139,-3,15.76
fold2_room1_mix1103,61,3,0,139,-3,14.52
fold2_room1_mix1103,62,3,0,140,-3,17.08
fold2_room1_mix1103,63,3,0,139,-3,14.29
fold2_room1_mix1103,64,3,0,143,-3,14.18
fold2_room1_mix1103,65,3,0,140,-3,14.45
fold2_room1_mix1103,66,3,0,141,-3,12.61
fold2_room1_mix1103,67,3,0,143,-3,13.65
fold2_room1_mix1103,68,3,0,142,-3,14.80
fold2_room1_mix1103,69,3,0,147,-3,13.29
fold2_room1_mix1103,74,3,0,145,-2,3.96
fold2_room1_mix1103,75,3,0,149,-2,4.07
fold2_room1_mix1103,80,3,0,151,-3,11.88
fold2_room1_mix1103,81,3,0,148,-3,20.81
fold2_room1_mix1103,82,3,0,151,-3,18.95
fold2_room1_mix1103,83,3,0,147,-3,17.81
fold2_room1_mix1104,0,5,0,-30,8,1.66
fold2_room1_mix1104,1,5,0,-37,7,2.97
fold2_room1_mix1104,2,5,0,-39,8,3.28
fold2_room1_mix1104,3,4,0,-176,0,4.55
fold2_room1_mix1104,3,5,0,-34,8,2.49
fold2_room1_mix1104,4,4,0,-176,0,15.46
fold2_room1_mix1104,4,5,0,-43,8,5.70
fold2_room1_mix1104,5,4,0,178,0,12.07
fold2_room1_mix1104,5,5,0,-46,7,5.92
fold2_room1_mix1104,6,4,0,-177,0,16.65
fold2_room1_mix1104,6,5,0,-41,8,4.81
fold2_room1_mix1104,7,4,0,-178,0,18.90
fold2_room1_mix1104,7,5,0,-42,9,3.98
fold2_room1_mix1104,8,4,0,-178,0,23.98
fold2_room1_mix1104,8,5,0,-44,10,4.06
fold2_room1_mix1104,9,4,0,-178,0,23.29
fold2_room1_mix1104,9,5,0,-43,9,4.36
fold2_room1_mix1104,10,4,0,-178,0,23.69
fold2_room1_mix1104,10,5,0,-40,10,3.80
fold2_room1_mix1104,11,4,0,-177,0,25.52
fold2_room1_mix1104,11,5,0,-47,10,3.73
fold2_room1_mix1104,12,4,0,-178,0,25.95
fold2_room1_mix1104,12,5,0,-44,10,3.86
fold2_room1_mix1104,13,4,0,-178,0,25.71
fold2_room1_mix1104,13,5,0,-46,9,4.29
fold2_room1_mix1104,14,4,0,-178,0,25.71
fold2_room1_mix1104,14,5,0,-47,10,3.86
fold2_room1_mix1104,15,4,0,-175,0,26.36
fold2_room1_mix1104,15,5,0,-45,12,3.44
fold2_room1_mix1104,16,4,0,-177,0,25.92
fold2_room1_mix1104,16,5,0,-45,12,3.32
fold2_room1_mix1104,17,4,0,-175,0,26.48
fold2_room1_mix1104,17,5,0,-51,11,3.68
fold2_room1_mix1104,18,4,0,-174,0,28.02
fold2_room1_mix1104,18,5,0,-52,11,4.00
fold2_room1_mix1104,19,4,0,-176,0,27.47
fold2_room1_mix1104,19,5,0,-49,11,3.42
fold2_room1_mix1104,20,4,0,-175,0,26.49
fold2_room1_mix1104,20,5,0,-52,11,3.70
fold2_room1_mix1104,21,4,0,-176,0,26.53
fold2_room1_mix1104,21,5,0,-52,9,4.28
fold2_room1_mix1104,22,4,0,-176,0,26.57
fold2_room1_mix1104,22,5,0,-56,10,3.88
fold2_room1_mix1104,23,4,0,-176,0,26.43
fold2_room1_mix1104,23,5,0,-55,12,3.31
fold2_room1_mix1104,24,4,0,-176,0,27.68
fold2_room1_mix1104,24,5,0,-58,12,3.45
fold2_room1_mix1104,25,4,0,-177,0,27.10
fold2_room1_mix1104,25,5,0,-56,13,3.36
fold2_room1_mix1104,26,4,0,-173,0,27.92
fold2_room1_mix1104,26,5,0,-67,15,3.10
fold2_room1_mix1104,27,4,0,-174,0,29.00
fold2_room1_mix1104,27,5,0,-62,13,3.55
fold2_room1_mix1104,28,4,0,-176,0,29.04
fold2_room1_mix1104,28,5,0,-65,14,2.93
fold2_room1_mix1104,29,4,0,-175,0,28.54
fold2_room1_mix1104,29,5,0,-70,14,2.94
fold2_room1_mix1104,30,4,0,-175,0,29.23
fold2_room1_mix1104,30,5,0,-73,14,3.16
fold2_room1_mix1104,31,4,0,-173,0,30.92
fold2_room1_mix1104,31,5,0,-71,13,3.16
fold2_room1_mix1104,32,4,0,-175,0,31.71
fold2_room1_mix1104,32,5,0,-79,16,2.43
fold2_room1_mix1104,33,4,0,-172,0,29.30
fold2_room1_mix1104,33,5,0,-77,15,2.98
fold2_room1_mix1104,34,4,0,-172,0,30.30
fold2_room1_mix1104,34,5,0,-74,14,3.23
fold2_room1_mix1104,35,4,0,-168,0,27.76
fold2_room1_mix1104,35,5,0,-82,17,2.55
fold2_room1_mix1104,36,4,0,-165,0,26.26
fold2_room1_mix1104,36,5,0,-85,16,2.92
fold2_room1_mix1104,37,4,0,-169,0,26.85
fold2_room1_mix1104,37,5,0,-82,14,3.07
fold2_room1_mix1104,38,4,0,-166,0,26.44
fold2_room1_mix1104,38,5,0,-87,15,2.80
fold2_room1_mix1104,39,4,0,-166,0,24.73
fold2_room1_mix1104,39,5,0,-90,17,2.59
fold2_room1_mix1104,40,4,0,-166,0,25.54
fold2_room1_mix1104,40,5,0,-88,16,2.88
fold2_room1_mix1104,41,4,0,-163,0,24.12
fold2_room1_mix1104,41,5,0,-90,15,2.67
fold2_room1_mix1104,42,4,0,-162,0,23.58
fold2_room1_mix1104,42,5,0,-91,18,2.40
fold2_room1_mix1104,43,4,0,-163,0,23.86
fold2_room1_mix1104,43,5,0,-92,16,2.89
fold2_room1_mix1104,44,4,0,-161,0,22.96
fold2_room1_mix1104,44,5,0,-96,17,2.63
fold2_room1_mix1104,45,4,0,-162,0,22.77
fold2_room1_mix1104,45,5,0,-99,16,2.89
fold2_room1_mix1104,46,4,0,-161,0,22.76
fold2_room1_mix1104,46,5,0,-94,15,2.97
fold2_room1_mix1104,47,4,0,-156,0,20.60
fold2_room1_mix1104,47,5,0,-97,16,2.82
fold2_room1_mix1104,48,4,0,-157,0,19.65
fold2_room1_mix1104,48,5,0,-102,18,2.50
fold2_room1_mix1104,49,4,0,-154,0,19.98
fold2_room1_mix1104,49,5,0,-99,16,2.97
fold2_room1_mix1104,50,4,0,-150,0,19.04
fold2_room1_mix1104,50,5,0,-101,16,2.98
fold2_room1_mix1104,51,4,0,-149,0,17.82
fold2_room1_mix1104,51,5,0,-101,16,2.88
fold2_room1_mix1104,52,4,0,-151,0,18.02
fold2_room1_mix1104,52,5,0,-101,15,3.16
fold2_room1_mix1104,53,4,0,-144,0,16.55
fold2_room1_mix1104,53,5,0,-98,15,3.36
fold2_room1_mix1104,54,4,0,-145,-1,15.42
fold2_room1_mix1104,54,5,0,-107,14,3.58
fold2_room1_mix1104,55,4,0,-142,-1,15.12
fold2_room1_mix1104,55,5,0,-100,15,3.16
fold2_room1_mix1104,56,4,0,-142,-1,14.02
fold2_room1_mix1104,56,5,0,-100,15,3.32
fold2_room1_mix1104,57,4,0,-140,-1,13.56
fold2_room1_mix1104,57,5,0,-102,14,3.39
fold2_room1_mix1104,58,4,0,-141,-1,13.73
fold2_room1_mix1104,58,5,0,-108,14,3.76
fold2_room1_mix1104,59,4,0,-132,-2,12.23
fold2_room1_mix1104,59,5,0,-107,14,3.58
fold2_room1_mix1104,60,4,0,-132,-2,11.58
fold2_room1_mix1104,60,5,0,-113,13,3.80
fold2_room1_mix1104,61,4,0,-126,-2,11.60
fold2_room1_mix1104,61,5,0,-107,14,3.68
fold2_room1_mix1104,62,4,0,-122,-3,11.46
fold2_room1_mix1104,62,5,0,-108,14,3.70
fold2_room1_mix1104,63,4,0,-119,-3,11.30
fold2_room1_mix1104,63,5,0,-128,12,4.38
fold2_room1_mix1104,64,4,0,-115,-3,11.23
fold2_room1_mix1104,64,5,0,-115,15,3.33
fold2_room1_mix1104,65,4,0,-110,-3,11.21
fold2_room1_mix1104,65,5,0,-106,14,3.67
fold2_room1_mix1104,66,4,0,-109,-3,11.16
fold2_room1_mix1104,66,5,0,-119,13,4.19
fold2_room1_mix1104,67,4,0,-102,-4,10.42
fold2_room1_mix1104,67,5,0,-129,13,4.51
fold2_room1_mix1104,68,4,0,-96,-4,10.36
fold2_room1_mix1104,68,5,0,-120,14,4.16
fold2_room1_mix1104,69,4,0,-92,-4,10.17
fold2_room1_mix1104,69,5,0,-126,13,4.54
fold2_room1_mix1104,70,4,0,-89,-3,10.70
fold2_room1_mix1104,70,5,0,-122,13,4.58
fold2_room1_mix1104,71,4,0,-86,-3,10.67
fold2_room1_mix1104,71,5,0,-127,14,4.33
fold2_room1_mix1104,72,4,0,-82,-3,11.20
fold2_room1_mix1104,72,5,0,-132,13,4.66
fold2_room1_mix1104,73,4,0,-79,-3,11.27
fold2_room1_mix1104,73,5,0,-133,12,4.90
fold2_room1_mix1104,74,4,0,-77,-3,11.55
fold2_room1_mix1104,74,5,0,-133,11,4.84
fold2_room1_mix1104,75,4,0,-72,-3,12.07
fold2_room1_mix1104,75,5,0,-134,12,4.63
fold2_room1_mix1104,76,4,0,-73,-3,13.04
fold2_room1_mix1104,76,5,0,-141,10,5.40
fold2_room1_mix1104,77,4,0,-66,-2,13.91
fold2_room1_mix1104,77,5,0,-139,11,4.77
fold2_room1_mix1104,78,4,0,-60,-3,13.89
fold2_room1_mix1104,78,5,0,-138,10,5.26
fold2_room1_mix1104,79,4,0,-58,-2,14.79
fold2_room1_mix1104,79,5,0,-144,9,5.45
fold2_room1_mix1104,80,4,0,-56,-2,14.40
fold2_room1_mix1104,80,5,0,-139,11,4.94
fold2_room1_mix1104,81,4,0,-53,-2,14.17
fold2_room1_mix1104,81,5,0,-146,9,5.82
fold2_room1_mix1104,82,4,0,-49,-2,15.43
fold2_room1_mix1104,82,5,0,-143,9,5.87
fold2_room1_mix1104,83,4,0,-45,-2,15.47
fold2_room1_mix1104,83,5,0,-145,9,5.72
fold2_room1_mix1104,84,4,0,-44,-2,15.79
fold2_room1_mix1104,84,5,0,-144,9,5.68
fold2_room1_mix1104,85,4,0,-42,-2,16.27
fold2_room1_mix1104,85,5,0,-151,7,6.97
fold2_room1_mix1104,86,4,0,-41,-1,16.95
fold2_room1_mix1104,86,5,0,-149,8,6.60
fold2_room1_mix1104,87,4,0,-39,-2,16.47
fold2_room1_mix1104,87,5,0,-151,6,7.39
fold2_room1_mix1104,88,4,0,-36,-1,17.59
fold2_room1_mix1104,88,5,0,-147,7,6.59
fold2_room1_mix1104,89,4,0,-35,-1,17.61
fold2_room1_mix1104,89,5,0,-151,7,7.24
fold2_room1_mix1104,90,4,0,-34,-1,17.26
fold2_room1_mix1104,90,5,0,-151,6,7.14
fold2_room1_mix1104,91,4,0,-34,-1,18.36
fold2_room1_mix1104,91,5,0,-149,7,7.03
fold2_room1_mix1104,92,4,0,-33,-1,19.64
fold2_room1_mix1104,92,5,0,-145,7,6.62
fold2_room1_mix1104,93,4,0,-32,-1,20.04
fold2_room1_mix1104,93,5,0,-151,7,6.79
fold2_room1_mix1104,94,4,0,-30,-1,21.93
fold2_room1_mix1104,94,5,0,-149,7,6.94
fold2_room1_mix1104,95,4,0,-29,-1,21.88
fold2_room1_mix1104,95,5,0,-151,6,7.21
fold2_room1_mix1104,96,4,0,-28,-1,22.76
fold2_room1_mix1104,96,5,0,-149,7,6.19
fold2_room1_mix1104,97,4,0,-26,-1,22.16
fold2_room1_mix1104,97,5,0,-150,6,7.18
fold2_room1_mix1104,98,4,0,-25,-1,22.35
fold2_room1_mix1104,98,5,0,-149,6,7.20
fold2_room1_mix1104,99,4,0,-24,-1,21.66
fold2_room1_mix1104,99,5,0,-152,6,6.80
fold2_room1_mix1106,3,4,0,0,0,4.27
fold2_room1_mix1106,4,4,0,1,-1,17.50
fold2_room1_mix1106,5,4,0,1,0,18.03
fold2_room1_mix1106,6,4,0,1,0,23.21
fold2_room1_mix1106,7,4,0,1,-1,32.65
fold2_room1_mix1106,8,4,0,0,-1,32.66
fold2_room1_mix1106,9,4,0,1,-1,32.73
fold2_room1_mix1106,10,4,0,1,-1,31.64
fold2_room1_mix1106,11,4,0,1,-1,30.79
fold2_room1_mix1106,12,4,0,1,-1,30.94
fold2_room1_mix1106,13,4,0,0,-1,30.33
fold2_room1_mix1106,14,4,0,0,-1,31.62
fold2_room1_mix1106,15,4,0,0,-1,30.82
fold2_room1_mix1106,16,4,0,0,-1,29.51
fold2_room1_mix1106,17,4,0,0,-1,30.39
fold2_room1_mix1106,18,4,0,-1,-1,29.21
fold2_room1_mix1106,19,4,0,-1,-1,28.13
fold2_room1_mix1106,20,4,0,-2,-1,29.34
fold2_room1_mix1106,21,4,0,-2,-1,27.67
fold2_room1_mix1106,22,4,0,-1,-1,28.19
fold2_room1_mix1106,23,4,0,-1,-1,28.38
fold2_room1_mix1106,24,4,0,0,-1,28.74
fold2_room1_mix1106,25,4,0,-1,-1,28.72
fold2_room1_mix1106,26,4,0,-1,-2,25.89
fold2_room1_mix1106,27,4,0,0,-1,26.49
fold2_room1_mix1106,28,4,0,0,-2,25.67
fold2_room1_mix1106,29,4,0,0,-2,23.46
fold2_room1_mix1106,30,4,0,0,-2,23.79
fold2_room1_mix1106,31,4,0,0,-2,23.46
fold2_room1_mix1106,32,4,0,0,-2,22.68
fold2_room1_mix1106,33,4,0,0,-2,21.58
fold2_room1_mix1106,34,4,0,0,-2,20.90
fold2_room1_mix1106,35,4,0,0,-2,20.36
fold2_room1_mix1106,36,4,0,0,-2,19.56
fold2_room1_mix1106,37,4,0,-14,-2,16.05
fold2_room1_mix1106,37,4,0,4,-2,18.16
fold2_room1_mix1106,38,4,0,-11,-3,15.46
fold2_room1_mix1106,38,4,0,6,-2,17.69
fold2_room1_mix1106,39,4,0,-12,-3,13.68
fold2_room1_mix1106,39,4,0,7,-2,16.61
fold2_room1_mix1106,40,4,0,-15,-4,11.85
fold2_room1_mix1106,40,4,0,9,-2,15.92
fold2_room1_mix1106,41,4,0,-20,-4,11.03
fold2_room1_mix1106,41,4,0,10,-2,14.73
fold2_room1_mix1106,42,4,0,-27,-4,9.25
fold2_room1_mix1106,42,4,0,11,-2,15.18
fold2_room1_mix1106,43,4,0,-24,-5,9.28
fold2_room1_mix1106,43,4,0,11,-2,13.89
fold2_room1_mix1106,44,4,0,-23,-5,8.57
fold2_room1_mix1106,44,4,0,10,-2,12.30
fold2_room1_mix1106,45,4,0,-25,-5,7.39
fold2_room1_mix1106,45,4,0,10,-2,12.59
fold2_room1_mix1106,46,4,0,-30,-6,6.81
fold2_room1_mix1106,46,4,0,10,-2,12.53
fold2_room1_mix1106,47,4,0,-29,-6,6.27
fold2_room1_mix1106,47,4,0,14,-3,10.36
fold2_room1_mix1106,48,4,0,-29,-7,5.35
fold2_room1_mix1106,48,4,0,16,-4,8.54
fold2_room1_mix1106,49,4,0,-34,-8,4.94
fold2_room1_mix1106,49,4,0,18,-5,7.49
fold2_room1_mix1106,50,4,0,-37,-8,4.35
fold2_room1_mix1106,50,4,0,18,-5,6.96
fold2_room1_mix1106,51,4,0,-42,-8,3.96
fold2_room1_mix1106,51,4,0,23,-5,6.15
fold2_room1_mix1106,52,4,0,-49,-7,3.97
fold2_room1_mix1106,52,4,0,34,-6,4.32
fold2_room1_mix1106,52,4,0,17,-5,5.47
fold2_room1_mix1106,53,4,0,-47,-8,3.28
fold2_room1_mix1106,53,4,0,40,-7,4.32
fold2_room1_mix1106,53,4,0,18,-6,5.16
fold2_room1_mix1106,54,4,0,-47,-8,3.56
fold2_room1_mix1106,54,4,0,43,-7,3.61
fold2_room1_mix1106,54,4,0,25,-7,4.77
fold2_room1_mix1106,55,4,0,-52,-8,3.25
fold2_room1_mix1106,55,4,0,49,-8,3.27
fold2_room1_mix1106,55,4,0,33,-7,4.40
fold2_room1_mix1106,56,4,0,-60,-10,3.36
fold2_room1_mix1106,56,4,0,59,-11,2.63
fold2_room1_mix1106,56,4,0,22,-10,3.69
fold2_room1_mix1106,57,4,0,-58,-12,2.82
fold2_room1_mix1106,57,4,0,69,-11,2.88
fold2_room1_mix1106,57,4,0,30,-11,4.81
fold2_room1_mix1106,58,4,0,-86,-11,3.22
fold2_room1_mix1106,58,4,0,85,-13,2.59
fold2_room1_mix1106,58,4,0,51,-13,4.01
fold2_room1_mix1106,59,4,0,-112,-12,3.12
fold2_room1_mix1106,59,4,0,100,-12,3.17
fold2_room1_mix1106,59,4,0,29,-16,4.38
fold2_room1_mix1106,60,4,0,-132,-12,3.10
fold2_room1_mix1106,60,4,0,110,-14,2.65
fold2_room1_mix1106,60,4,0,31,-12,4.52
fold2_room1_mix1106,61,4,0,-146,-10,3.61
fold2_room1_mix1106,61,4,0,121,-10,3.44
fold2_room1_mix1106,61,4,0,13,-17,3.64
fold2_room1_mix1106,62,4,0,-159,-9,3.95
fold2_room1_mix1106,62,4,0,144,-14,3.33
fold2_room1_mix1106,62,4,0,38,-12,2.94
fold2_room1_mix1106,63,4,0,-140,-6,4.48
fold2_room1_mix1106,63,4,0,125,-8,3.66
fold2_room1_mix1106,63,4,0,35,-12,2.80
fold2_room1_mix1106,64,4,0,-145,-4,5.50
fold2_room1_mix1106,64,4,0,136,-7,4.28
fold2_room1_mix1106,64,4,0,55,-13,2.12
fold2_room1_mix1106,65,4,0,-150,-4,5.16
fold2_room1_mix1106,65,4,0,143,-9,4.21
fold2_room1_mix1106,65,4,0,59,-13,2.12
fold2_room1_mix1106,66,4,0,-149,-4,5.69
fold2_room1_mix1106,66,4,0,146,-9,3.91
fold2_room1_mix1106,66,4,0,74,-14,2.23
fold2_room1_mix1106,67,4,0,-150,-3,6.11
fold2_room1_mix1106,67,4,0,157,-7,4.84
fold2_room1_mix1106,67,4,0,104,-14,2.03
fold2_room1_mix1106,68,4,0,-168,-3,7.27
fold2_room1_mix1106,68,4,0,117,-12,1.87
fold2_room1_mix1106,69,4,0,-156,-2,8.94
fold2_room1_mix1106,69,4,0,159,-6,5.53
fold2_room1_mix1106,69,4,0,125,-10,2.34
fold2_room1_mix1106,70,4,0,-157,-1,10.01
fold2_room1_mix1106,70,4,0,158,-5,6.13
fold2_room1_mix1106,70,4,0,135,-8,2.99
fold2_room1_mix1106,71,4,0,-162,-1,12.45
fold2_room1_mix1106,71,4,0,162,-5,6.04
fold2_room1_mix1106,71,4,0,135,-7,3.50
fold2_room1_mix1106,72,4,0,-157,-1,11.47
fold2_room1_mix1106,72,4,0,170,-4,7.52
fold2_room1_mix1106,72,4,0,141,-6,4.51
fold2_room1_mix1106,73,4,0,-156,-2,10.71
fold2_room1_mix1106,73,4,0,170,-4,7.31
fold2_room1_mix1106,73,4,0,142,-5,5.23
fold2_room1_mix1106,74,4,0,-158,-1,11.09
fold2_room1_mix1106,74,4,0,170,-3,8.06
fold2_room1_mix1106,74,4,0,149,-2,8.09
fold2_room1_mix1106,75,4,0,-161,-1,12.18
fold2_room1_mix1106,75,4,0,169,-3,8.38
fold2_room1_mix1106,75,4,0,152,-2,8.66
fold2_room1_mix1106,76,4,0,-164,-2,12.97
fold2_room1_mix1106,76,4,0,173,-2,10.26
fold2_room1_mix1106,76,4,0,154,-3,7.91
fold2_room1_mix1106,77,4,0,-161,-1,13.35
fold2_room1_mix1106,77,4,0,172,-2,10.76
fold2_room1_mix1106,77,4,0,157,-2,8.40
fold2_room1_mix1106,78,4,0,-167,-1,14.35
fold2_room1_mix1106,78,4,0,168,-2,10.47
fold2_room1_mix1106,79,4,0,-167,-1,15.14
fold2_room1_mix1106,79,4,0,168,-2,11.09
fold2_room1_mix1106,80,4,0,176,-1,13.00
fold2_room1_mix1106,81,4,0,177,-1,13.91
fold2_room1_mix1106,82,4,0,175,-1,14.63
fold2_room1_mix1106,83,4,0,176,-1,14.86
fold2_room1_mix1106,84,4,0,175,-1,16.46
fold2_room1_mix1106,85,4,0,176,-1,16.92
fold2_room1_mix1106,86,4,0,176,-1,17.52
fold2_room1_mix1106,87,4,0,176,-1,18.17
fold2_room1_mix1106,88,4,0,176,-1,19.84
fold2_room1_mix1106,89,4,0,176,-1,19.94
fold2_room1_mix1106,90,4,0,177,0,20.07
fold2_room1_mix1106,91,4,0,177,-1,21.18
fold2_room1_mix1106,92,4,0,176,0,21.34
fold2_room1_mix1106,93,4,0,177,0,21.02
fold2_room1_mix1106,94,4,0,177,0,23.14
fold2_room1_mix1106,95,4,0,177,0,22.72
fold2_room1_mix1106,96,4,0,178,0,24.26
fold2_room1_mix1106,97,4,0,177,0,24.80
fold2_room1_mix1106,98,4,0,178,0,25.14
fold2_room1_mix1106,99,4,0,178,0,26.18
fold2_room1_mix1106,1,4,0,-4,0,2.14
fold2_room1_mix1106,2,4,0,-3,1,1.34
fold2_room1_mix1107,0,5,0,111,8,2.08
fold2_room1_mix1107,1,5,0,104,9,3.40
fold2_room1_mix1107,2,5,0,102,12,2.79
fold2_room1_mix1107,3,5,0,100,15,2.40
fold2_room1_mix1107,4,5,0,95,16,2.46
fold2_room1_mix1107,5,5,0,94,16,3.27
fold2_room1_mix1107,6,5,0,98,13,4.16
fold2_room1_mix1107,7,5,0,98,15,3.50
fold2_room1_mix1107,8,5,0,100,15,3.54
fold2_room1_mix1107,9,5,0,89,13,3.94
fold2_room1_mix1107,10,5,0,93,14,3.78
fold2_room1_mix1107,11,5,0,91,15,3.50
fold2_room1_mix1107,12,5,0,90,15,3.58
fold2_room1_mix1107,13,5,0,88,17,3.40
fold2_room1_mix1107,14,5,0,89,13,3.98
fold2_room1_mix1107,15,5,0,88,15,3.66
fold2_room1_mix1107,16,5,0,85,16,3.33
fold2_room1_mix1107,17,5,0,84,15,3.59
fold2_room1_mix1107,18,5,0,89,14,3.95
fold2_room1_mix1107,19,3,0,-145,-5,8.10
fold2_room1_mix1107,19,5,0,80,16,3.37
fold2_room1_mix1107,20,3,0,-136,-4,18.03
fold2_room1_mix1107,20,5,0,78,16,3.18
fold2_room1_mix1107,21,3,0,-138,-4,12.25
fold2_room1_mix1107,21,5,0,76,17,3.24
fold2_room1_mix1107,22,3,0,-131,-4,11.94
fold2_room1_mix1107,22,5,0,78,13,3.65
fold2_room1_mix1107,23,3,0,-133,-3,12.72
fold2_room1_mix1107,23,5,0,75,15,2.83
fold2_room1_mix1107,24,3,0,-131,-3,13.03
fold2_room1_mix1107,24,5,0,74,16,3.34
fold2_room1_mix1107,25,3,0,-133,-3,13.98
fold2_room1_mix1107,25,5,0,73,15,3.19
fold2_room1_mix1107,26,3,0,-137,-3,11.12
fold2_room1_mix1107,26,5,0,74,15,3.14
fold2_room1_mix1107,27,3,0,-132,-2,11.18
fold2_room1_mix1107,27,5,0,73,16,3.04
fold2_room1_mix1107,28,3,0,-134,-3,12.10
fold2_room1_mix1107,28,5,0,68,13,3.26
fold2_room1_mix1107,29,3,0,-126,-3,10.70
fold2_room1_mix1107,29,5,0,69,15,3.46
fold2_room1_mix1107,30,3,0,-125,-3,11.48
fold2_room1_mix1107,30,5,0,71,14,3.40
fold2_room1_mix1107,31,3,0,-121,-2,11.22
fold2_room1_mix1107,31,5,0,71,14,3.38
fold2_room1_mix1107,32,3,0,-116,-2,7.43
fold2_room1_mix1107,32,5,0,70,13,3.52
fold2_room1_mix1107,33,5,0,65,12,3.59
fold2_room1_mix1107,34,5,0,65,12,3.79
fold2_room1_mix1107,35,5,0,65,11,3.92
fold2_room1_mix1107,36,5,0,64,11,3.86
fold2_room1_mix1107,37,3,0,-103,-3,9.48
fold2_room1_mix1107,37,5,0,63,11,3.92
fold2_room1_mix1107,38,3,0,-100,-3,13.08
fold2_room1_mix1107,38,5,0,62,10,4.02
fold2_room1_mix1107,39,3,0,-98,-3,11.32
fold2_room1_mix1107,39,5,0,60,11,3.78
fold2_room1_mix1107,40,3,0,-97,-3,11.87
fold2_room1_mix1107,40,5,0,58,11,4.02
fold2_room1_mix1107,41,3,0,-93,-3,10.48
fold2_room1_mix1107,41,5,0,60,10,4.15
fold2_room1_mix1107,42,3,0,-90,-3,11.37
fold2_room1_mix1107,42,5,0,59,9,3.84
fold2_room1_mix1107,43,3,0,-90,-3,11.57
fold2_room1_mix1107,43,5,0,55,9,4.34
fold2_room1_mix1107,44,3,0,-88,-3,10.93
fold2_room1_mix1107,44,5,0,55,9,4.31
fold2_room1_mix1107,45,3,0,-88,-3,10.80
fold2_room1_mix1107,45,5,0,56,10,4.20
fold2_room1_mix1107,46,3,0,-88,-2,2.30
fold2_room1_mix1107,46,5,0,55,8,4.60
fold2_room1_mix1107,47,5,0,53,8,4.97
fold2_room1_mix1107,48,3,0,-83,-2,4.64
fold2_room1_mix1107,48,5,0,50,8,4.90
fold2_room1_mix1107,49,3,0,-78,-2,6.03
fold2_room1_mix1107,49,5,0,51,8,5.11
fold2_room1_mix1107,50,3,0,-75,-2,8.73
fold2_room1_mix1107,50,5,0,49,7,5.56
fold2_room1_mix1107,51,3,0,-74,-3,7.41
fold2_room1_mix1107,51,5,0,49,7,5.57
fold2_room1_mix1107,52,3,0,-69,-3,7.84
fold2_room1_mix1107,52,5,0,47,8,4.88
fold2_room1_mix1107,53,3,0,-69,-2,6.29
fold2_room1_mix1107,53,5,0,45,9,5.21
fold2_room1_mix1107,54,5,0,46,7,5.81
fold2_room1_mix1107,55,5,0,46,8,5.68
fold2_room1_mix1107,56,3,0,-56,-2,16.20
fold2_room1_mix1107,56,5,0,43,8,5.62
fold2_room1_mix1107,57,3,0,-48,-2,15.43
fold2_room1_mix1107,57,5,0,43,7,5.97
fold2_room1_mix1107,58,3,0,-52,-2,15.37
fold2_room1_mix1107,58,5,0,45,8,5.40
fold2_room1_mix1107,59,3,0,-47,-2,14.68
fold2_room1_mix1107,59,5,0,45,7,5.96
fold2_room1_mix1107,60,3,0,-50,-2,14.19
fold2_room1_mix1107,60,5,0,44,7,5.84
fold2_room1_mix1107,61,3,0,-41,-1,16.42
fold2_room1_mix1107,61,5,0,44,7,5.69
fold2_room1_mix1107,62,3,0,-36,-1,14.55
fold2_room1_mix1107,62,5,0,37,5,7.69
fold2_room1_mix1107,63,5,0,41,6,6.64
fold2_room1_mix1107,64,5,0,42,6,6.44
fold2_room1_mix1107,65,3,0,-43,-2,4.41
fold2_room1_mix1107,65,5,0,40,5,7.41
fold2_room1_mix1107,66,3,0,-37,-2,5.14
fold2_room1_mix1107,66,5,0,39,5,7.11
fold2_room1_mix1107,67,5,0,38,5,8.32
fold2_room1_mix1107,68,5,0,41,5,7.81
fold2_room1_mix1107,69,5,0,39,5,7.97
fold2_room1_mix1107,70,5,0,38,4,8.95
fold2_room1_mix1107,71,5,0,35,5,8.51
fold2_room1_mix1107,72,5,0,38,5,7.78
fold2_room1_mix1107,73,5,0,36,5,8.29
fold2_room1_mix1107,74,5,0,37,5,8.01
fold2_room1_mix1107,75,5,0,36,5,8.58
fold2_room1_mix1107,76,5,0,36,5,8.41
fold2_room1_mix1107,77,5,0,35,5,8.10
fold2_room1_mix1107,78,5,0,34,4,9.56
fold2_room1_mix1107,79,5,0,34,4,8.88
fold2_room1_mix1107,80,5,0,36,5,8.07
fold2_room1_mix1107,81,5,0,33,4,9.60
fold2_room1_mix1107,82,5,0,28,5,8.44
fold2_room1_mix1107,83,5,0,33,5,9.28
fold2_room1_mix1107,84,5,0,34,4,9.45
fold2_room1_mix1107,85,5,0,28,5,9.79
fold2_room1_mix1107,86,5,0,29,4,10.87
fold2_room1_mix1107,87,5,0,29,5,9.26
fold2_room1_mix1107,88,5,0,29,4,9.55
fold2_room1_mix1107,89,5,0,29,4,10.44
fold2_room1_mix1107,90,5,0,25,4,10.17
fold2_room1_mix1107,91,5,0,29,4,9.44
fold2_room1_mix1107,92,5,0,28,4,10.04
fold2_room1_mix1107,93,5,0,26,4,9.50
fold2_room1_mix1107,94,5,0,27,4,10.42
fold2_room1_mix1107,95,5,0,29,4,10.19
fold2_room1_mix1107,96,5,0,27,4,9.43
fold2_room1_mix1107,97,5,0,27,3,10.83
fold2_room1_mix1107,98,5,0,26,3,10.70
fold2_room1_mix1107,99,5,0,25,4,9.58
fold2_room1_mix1108,0,5,0,145,2,3.26
fold2_room1_mix1108,1,5,0,145,2,5.63
fold2_room1_mix1108,2,5,0,140,3,5.97
fold2_room1_mix1108,3,5,0,133,3,6.35
fold2_room1_mix1108,4,5,0,152,3,2.13
fold2_room1_mix1108,5,5,0,136,5,7.10
fold2_room1_mix1108,6,5,0,140,4,8.58
fold2_room1_mix1108,7,5,0,139,8,5.58
fold2_room1_mix1108,8,5,0,140,4,7.99
fold2_room1_mix1108,9,5,0,135,3,9.62
fold2_room1_mix1108,10,5,0,138,5,7.35
fold2_room1_mix1108,11,5,0,134,8,4.97
fold2_room1_mix1108,12,5,0,136,7,6.21
fold2_room1_mix1108,13,5,0,132,8,5.32
fold2_room1_mix1108,14,5,0,134,7,5.71
fold2_room1_mix1108,15,5,0,134,9,4.87
fold2_room1_mix1108,16,5,0,133,8,5.32
fold2_room1_mix1108,17,5,0,130,10,4.52
fold2_room1_mix1108,18,5,0,131,9,4.93
fold2_room1_mix1108,19,5,0,128,9,4.86
fold2_room1_mix1108,20,5,0,133,10,4.67
fold2_room1_mix1108,21,5,0,131,10,4.46
fold2_room1_mix1108,22,5,0,128,7,5.89
fold2_room1_mix1108,23,5,0,134,10,4.77
fold2_room1_mix1108,24,5,0,130,10,4.47
fold2_room1_mix1108,25,3,0,-96,-4,2.10
fold2_room1_mix1108,25,5,0,129,11,4.32
fold2_room1_mix1108,26,5,0,132,9,4.74
fold2_room1_mix1108,27,5,0,123,11,4.46
fold2_room1_mix1108,28,5,0,129,9,4.90
fold2_room1_mix1108,29,5,0,122,12,3.98
fold2_room1_mix1108,30,5,0,124,13,3.87
fold2_room1_mix1108,31,5,0,123,13,4.08
fold2_room1_mix1108,32,5,0,121,13,3.93
fold2_room1_mix1108,33,5,0,117,12,3.94
fold2_room1_mix1108,34,5,0,125,11,4.07
fold2_room1_mix1108,35,5,0,117,14,3.58
fold2_room1_mix1108,36,3,0,-103,-4,3.24
fold2_room1_mix1108,36,5,0,117,11,4.22
fold2_room1_mix1108,37,3,0,-102,-3,11.24
fold2_room1_mix1108,37,5,0,121,12,3.71
fold2_room1_mix1108,38,3,0,-97,-3,8.03
fold2_room1_mix1108,38,5,0,115,11,3.97
fold2_room1_mix1108,39,3,0,-93,-2,8.76
fold2_room1_mix1108,39,5,0,117,10,4.15
fold2_room1_mix1108,40,3,0,-92,-3,8.24
fold2_room1_mix1108,40,5,0,116,11,3.97
fold2_room1_mix1108,41,3,0,-92,-3,10.53
fold2_room1_mix1108,41,5,0,115,10,4.22
fold2_room1_mix1108,42,3,0,-90,-3,8.67
fold2_room1_mix1108,42,5,0,110,10,4.24
fold2_room1_mix1108,43,3,0,-89,-2,7.43
fold2_room1_mix1108,43,5,0,109,12,3.70
fold2_room1_mix1108,44,3,0,-89,-3,5.93
fold2_room1_mix1108,44,5,0,105,11,3.99
fold2_room1_mix1108,45,3,0,-90,-3,4.52
fold2_room1_mix1108,45,5,0,100,12,3.59
fold2_room1_mix1108,46,4,0,2,-2,11.41
fold2_room1_mix1108,46,5,0,102,11,3.99
fold2_room1_mix1108,47,4,0,-6,-2,13.84
fold2_room1_mix1108,47,5,0,98,12,3.75
fold2_room1_mix1108,48,4,0,-4,-2,13.49
fold2_room1_mix1108,48,5,0,92,16,3.12
fold2_room1_mix1108,49,4,0,-2,-2,12.15
fold2_room1_mix1108,49,5,0,97,13,3.64
fold2_room1_mix1108,50,4,0,-1,-2,12.21
fold2_room1_mix1108,50,5,0,91,16,3.21
fold2_room1_mix1108,51,4,0,0,-2,12.54
fold2_room1_mix1108,51,5,0,86,16,3.11
fold2_room1_mix1108,52,4,0,2,-3,12.01
fold2_room1_mix1108,52,5,0,86,13,3.50
fold2_room1_mix1108,53,4,0,4,-3,11.88
fold2_room1_mix1108,53,5,0,81,16,3.01
fold2_room1_mix1108,54,4,0,3,-3,12.16
fold2_room1_mix1108,54,5,0,84,15,3.12
fold2_room1_mix1108,55,3,0,-80,-4,12.25
fold2_room1_mix1108,55,4,0,2,-3,11.44
fold2_room1_mix1108,55,5,0,83,14,3.17
fold2_room1_mix1108,56,3,0,-67,-3,10.14
fold2_room1_mix1108,56,4,0,5,-3,10.42
fold2_room1_mix1108,56,5,0,78,15,2.98
fold2_room1_mix1108,57,4,0,1,-3,11.39
fold2_room1_mix1108,57,5,0,77,14,3.07
fold2_room1_mix1108,58,4,0,-1,-4,10.96
fold2_room1_mix1108,58,5,0,74,14,3.07
fold2_room1_mix1108,59,4,0,3,-2,10.10
fold2_room1_mix1108,59,5,0,76,14,3.00
fold2_room1_mix1108,60,4,0,2,-4,7.54
fold2_room1_mix1108,60,5,0,73,11,3.56
fold2_room1_mix1108,61,4,0,3,-5,6.80
fold2_room1_mix1108,61,5,0,75,13,3.27
fold2_room1_mix1108,62,4,0,5,-5,6.07
fold2_room1_mix1108,62,5,0,72,12,3.28
fold2_room1_mix1108,63,4,0,10,-5,4.85
fold2_room1_mix1108,63,5,0,74,13,3.31
fold2_room1_mix1108,64,4,0,8,-6,4.37
fold2_room1_mix1108,64,5,0,73,12,3.32
fold2_room1_mix1108,65,4,0,12,-7,3.31
fold2_room1_mix1108,65,5,0,73,11,3.61
fold2_room1_mix1108,66,4,0,15,-10,2.60
fold2_room1_mix1108,66,5,0,71,12,3.36
fold2_room1_mix1108,67,4,0,23,-11,1.94
fold2_room1_mix1108,67,5,0,69,13,3.16
fold2_room1_mix1108,68,4,0,31,-13,1.41
fold2_room1_mix1108,68,5,0,71,12,3.35
fold2_room1_mix1108,69,4,0,54,-22,0.83
fold2_room1_mix1108,69,5,0,64,13,3.07
fold2_room1_mix1108,70,4,0,109,-23,0.78
fold2_room1_mix1108,70,5,0,69,14,3.37
fold2_room1_mix1108,71,4,0,142,-12,0.93
fold2_room1_mix1108,71,5,0,74,15,3.31
fold2_room1_mix1108,72,4,0,155,-9,1.42
fold2_room1_mix1108,72,5,0,57,13,3.68
fold2_room1_mix1108,73,4,0,161,-7,2.10
fold2_room1_mix1108,73,5,0,61,11,3.95
fold2_room1_mix1108,74,4,0,163,-6,2.63
fold2_room1_mix1108,74,5,0,60,12,3.88
fold2_room1_mix1108,75,4,0,168,-4,3.17
fold2_room1_mix1108,75,5,0,60,12,3.81
fold2_room1_mix1108,76,4,0,171,-4,3.63
fold2_room1_mix1108,76,5,0,55,9,4.48
fold2_room1_mix1108,77,4,0,171,-3,4.33
fold2_room1_mix1108,77,5,0,53,11,3.85
fold2_room1_mix1108,78,4,0,174,-2,5.18
fold2_room1_mix1108,78,5,0,57,11,3.91
fold2_room1_mix1108,79,4,0,173,-2,5.66
fold2_room1_mix1108,79,5,0,54,11,3.89
fold2_room1_mix1108,80,4,0,173,-2,6.43
fold2_room1_mix1108,80,5,0,49,10,4.13
fold2_room1_mix1108,81,4,0,173,-2,6.87
fold2_room1_mix1108,81,5,0,57,11,3.96
fold2_room1_mix1108,82,4,0,174,-2,7.62
fold2_room1_mix1108,82,5,0,53,11,3.85
fold2_room1_mix1108,83,4,0,174,-2,8.61
fold2_room1_mix1108,83,5,0,48,12,3.68
fold2_room1_mix1108,84,4,0,174,-2,8.49
fold2_room1_mix1108,84,5,0,53,11,4.10
fold2_room1_mix1108,85,4,0,174,-1,9.79
fold2_room1_mix1108,85,5,0,50,11,3.94
fold2_room1_mix1108,86,4,0,174,-2,9.82
fold2_room1_mix1108,86,5,0,50,14,3.50
fold2_room1_mix1108,87,4,0,175,-1,11.13
fold2_room1_mix1108,87,5,0,46,12,3.91
fold2_room1_mix1108,88,4,0,174,-1,11.36
fold2_room1_mix1108,88,5,0,46,12,3.79
fold2_room1_mix1108,89,4,0,175,-1,12.46
fold2_room1_mix1108,89,5,0,46,12,3.92
fold2_room1_mix1108,90,4,0,175,-1,12.47
fold2_room1_mix1108,90,5,0,49,11,4.02
fold2_room1_mix1108,91,4,0,175,-1,11.14
fold2_room1_mix1108,91,5,0,40,13,3.64
fold2_room1_mix1108,92,4,0,175,-1,12.47
fold2_room1_mix1108,92,5,0,45,12,3.87
fold2_room1_mix1108,93,4,0,176,-1,8.74
fold2_room1_mix1108,93,5,0,44,14,3.57
fold2_room1_mix1108,94,4,0,176,0,14.07
fold2_room1_mix1108,94,5,0,39,12,4.13
fold2_room1_mix1108,95,4,0,177,-1,11.16
fold2_room1_mix1108,95,5,0,35,12,4.10
fold2_room1_mix1108,96,4,0,176,0,5.01
fold2_room1_mix1108,96,5,0,38,11,4.20
fold2_room1_mix1108,97,4,0,176,0,2.95
fold2_room1_mix1108,97,5,0,42,10,4.46
fold2_room1_mix1108,98,5,0,41,10,4.54
fold2_room1_mix1108,99,5,0,39,9,4.76
fold2_room1_mix1109,8,4,0,2,0,19.43
fold2_room1_mix1109,9,4,0,-1,0,22.11
fold2_room1_mix1109,11,4,0,3,0,25.30
fold2_room1_mix1109,12,4,0,5,0,24.09
fold2_room1_mix1109,13,4,0,1,0,35.74
fold2_room1_mix1109,14,4,0,4,0,30.13
fold2_room1_mix1109,15,4,0,6,0,40.56
fold2_room1_mix1109,16,4,0,4,0,35.70
fold2_room1_mix1109,17,4,0,5,0,37.28
fold2_room1_mix1109,18,4,0,3,0,36.97
fold2_room1_mix1109,19,4,0,4,0,36.29
fold2_room1_mix1109,20,4,0,3,-1,36.72
fold2_room1_mix1109,21,4,0,2,0,37.75
fold2_room1_mix1109,22,4,0,2,0,36.02
fold2_room1_mix1109,23,4,0,4,0,34.45
fold2_room1_mix1109,24,4,0,1,-1,35.94
fold2_room1_mix1109,25,4,0,1,-1,35.07
fold2_room1_mix1109,26,4,0,2,-1,35.01
fold2_room1_mix1109,27,4,0,3,-1,35.72
fold2_room1_mix1109,28,4,0,2,-1,36.08
fold2_room1_mix1109,29,4,0,3,-1,33.80
fold2_room1_mix1109,30,4,0,1,-1,34.81
fold2_room1_mix1109,31,4,0,3,-1,32.83
fold2_room1_mix1109,32,4,0,3,-1,33.82
fold2_room1_mix1109,33,4,0,3,-1,32.52
fold2_room1_mix1109,34,4,0,4,-1,32.43
fold2_room1_mix1109,35,4,0,4,-1,29.38
fold2_room1_mix1109,36,4,0,3,-1,29.21
fold2_room1_mix1109,37,4,0,4,-1,28.75
fold2_room1_mix1109,38,4,0,5,-1,27.79
fold2_room1_mix1109,39,4,0,5,-1,26.89
fold2_room1_mix1109,40,4,0,7,-1,26.66
fold2_room1_mix1109,41,4,0,6,-1,26.07
fold2_room1_mix1109,42,4,0,5,-1,24.67
fold2_room1_mix1109,43,4,0,5,-1,24.74
fold2_room1_mix1109,44,4,0,4,-1,23.91
fold2_room1_mix1109,45,4,0,6,-1,22.23
fold2_room1_mix1109,46,4,0,6,-1,21.71
fold2_room1_mix1109,47,4,0,5,-1,21.24
fold2_room1_mix1109,48,4,0,5,-1,20.01
fold2_room1_mix1109,49,4,0,5,-1,18.46
fold2_room1_mix1109,50,4,0,4,-1,18.19
fold2_room1_mix1109,51,4,0,4,-1,16.31
fold2_room1_mix1109,52,4,0,5,-1,16.47
fold2_room1_mix1109,53,4,0,5,-1,15.84
fold2_room1_mix1109,54,4,0,6,-2,14.61
fold2_room1_mix1109,55,4,0,6,-2,14.11
fold2_room1_mix1109,56,4,0,5,-2,13.20
fold2_room1_mix1109,57,4,0,6,-2,12.41
fold2_room1_mix1109,58,4,0,6,-2,11.79
fold2_room1_mix1109,59,4,0,6,-2,10.97
fold2_room1_mix1109,60,4,0,8,-3,10.04
fold2_room1_mix1109,61,4,0,8,-3,9.30
fold2_room1_mix1109,62,4,0,8,-3,8.46
fold2_room1_mix1109,63,4,0,10,-3,7.54
fold2_room1_mix1109,64,4,0,11,-4,6.87
fold2_room1_mix1109,65,4,0,12,-4,6.16
fold2_room1_mix1109,66,4,0,13,-4,5.13
fold2_room1_mix1109,67,4,0,17,-5,4.57
fold2_room1_mix1109,68,4,0,18,-5,3.88
fold2_room1_mix1109,69,4,0,23,-6,2.88
fold2_room1_mix1109,70,4,0,29,-8,2.06
fold2_room1_mix1109,71,4,0,39,-8,1.63
fold2_room1_mix1109,72,4,0,68,-9,1.22
fold2_room1_mix1109,73,4,0,114,-8,1.12
fold2_room1_mix1109,74,4,0,134,-6,1.29
fold2_room1_mix1109,75,4,0,150,-5,1.80
fold2_room1_mix1109,76,4,0,158,-3,2.52
fold2_room1_mix1109,77,4,0,159,-3,3.02
fold2_room1_mix1109,78,4,0,164,-2,3.77
fold2_room1_mix1109,79,4,0,167,-2,4.59
fold2_room1_mix1109,80,4,0,169,-2,5.02
fold2_room1_mix1109,81,4,0,171,-1,5.75
fold2_room1_mix1109,82,4,0,171,-1,6.23
fold2_room1_mix1109,83,4,0,172,-1,6.99
fold2_room1_mix1109,84,4,0,172,-1,7.97
fold2_room1_mix1109,85,4,0,173,-1,8.97
fold2_room1_mix1109,86,4,0,173,-1,9.28
fold2_room1_mix1109,87,4,0,174,-1,9.94
fold2_room1_mix1109,88,4,0,174,0,11.23
fold2_room1_mix1109,89,4,0,175,0,11.81
fold2_room1_mix1109,90,4,0,175,0,12.64
fold2_room1_mix1109,91,4,0,174,0,14.00
fold2_room1_mix1109,92,4,0,175,0,14.02
fold2_room1_mix1109,93,4,0,175,0,14.38
fold2_room1_mix1109,94,4,0,175,0,15.63
fold2_room1_mix1109,95,4,0,175,0,15.63
fold2_room1_mix1109,96,4,0,175,0,16.89
fold2_room1_mix1109,97,4,0,175,0,17.57
fold2_room1_mix1109,98,4,0,175,0,18.40
fold2_room1_mix1109,99,4,0,175,0,19.18
fold2_room1_mix1110,3,4,0,179,0,6.08
fold2_room1_mix1110,4,4,0,179,-1,14.79
fold2_room1_mix1110,5,4,0,-177,-1,15.17
fold2_room1_mix1110,6,4,0,-176,-1,16.84
fold2_room1_mix1110,7,4,0,-179,-1,24.45
fold2_room1_mix1110,8,4,0,-178,-1,24.81
fold2_room1_mix1110,9,4,0,-177,-1,24.13
fold2_room1_mix1110,10,4,0,-177,-1,22.13
fold2_room1_mix1110,11,4,0,-178,-1,22.49
fold2_room1_mix1110,12,4,0,-178,-1,21.90
fold2_room1_mix1110,13,4,0,-176,-1,21.28
fold2_room1_mix1110,14,4,0,-177,-1,20.92
fold2_room1_mix1110,15,4,0,-178,-1,21.16
fold2_room1_mix1110,16,4,0,-177,-1,18.81
fold2_room1_mix1110,17,4,0,-176,-1,19.37
fold2_room1_mix1110,18,4,0,-175,-1,18.49
fold2_room1_mix1110,19,4,0,-173,-1,18.05
fold2_room1_mix1110,20,4,0,-175,-1,19.04
fold2_room1_mix1110,21,4,0,-176,-1,17.00
fold2_room1_mix1110,22,4,0,-174,-2,16.33
fold2_room1_mix1110,23,4,0,-173,-2,15.11
fold2_room1_mix1110,24,4,0,-174,-2,14.80
fold2_room1_mix1110,25,4,0,-173,-2,14.59
fold2_room1_mix1110,26,4,0,-173,-2,14.13
fold2_room1_mix1110,27,4,0,-172,-2,13.48
fold2_room1_mix1110,28,4,0,-173,-2,13.13
fold2_room1_mix1110,29,4,0,-173,-2,11.54
fold2_room1_mix1110,30,4,0,-171,-2,11.63
fold2_room1_mix1110,31,4,0,-170,-2,11.26
fold2_room1_mix1110,32,4,0,-169,-2,11.00
fold2_room1_mix1110,33,4,0,-168,-3,10.92
fold2_room1_mix1110,34,4,0,-168,-3,10.36
fold2_room1_mix1110,35,4,0,-165,-3,9.12
fold2_room1_mix1110,36,4,0,-166,-3,9.28
fold2_room1_mix1110,37,4,0,-167,-3,8.73
fold2_room1_mix1110,38,4,0,-165,-3,8.04
fold2_room1_mix1110,39,4,0,-162,-4,7.69
fold2_room1_mix1110,40,4,0,-163,-4,7.34
fold2_room1_mix1110,41,4,0,-158,-4,6.93
fold2_room1_mix1110,42,4,0,-157,-5,6.08
fold2_room1_mix1110,43,4,0,-152,-6,5.65
fold2_room1_mix1110,44,4,0,-164,-3,9.97
fold2_room1_mix1110,44,4,0,-140,-7,3.83
fold2_room1_mix1110,45,4,0,-166,-2,9.65
fold2_room1_mix1110,45,4,0,-134,-8,2.92
fold2_room1_mix1110,46,4,0,-167,0,11.61
fold2_room1_mix1110,46,4,0,-122,-8,3.09
fold2_room1_mix1110,47,4,0,-162,1,14.19
fold2_room1_mix1110,47,4,0,-98,-9,2.04
fold2_room1_mix1110,48,4,0,-157,1,14.96
fold2_room1_mix1110,48,4,0,-75,-10,1.85
fold2_room1_mix1110,49,4,0,-156,1,14.38
fold2_room1_mix1110,49,4,0,-59,-8,2.47
fold2_room1_mix1110,52,4,0,171,0,15.71
fold2_room1_mix1110,52,4,0,-31,-5,4.21
fold2_room1_mix1110,54,4,0,153,-1,14.63
fold2_room1_mix1110,54,4,0,-20,-4,5.75
fold2_room1_mix1110,55,4,0,156,-1,14.50
fold2_room1_mix1110,55,4,0,-17,-4,5.88
fold2_room1_mix1110,56,4,0,116,-3,12.04
fold2_room1_mix1110,56,4,0,-14,-4,6.87
fold2_room1_mix1110,57,4,0,139,-2,14.19
fold2_room1_mix1110,57,4,0,-14,-4,7.02
fold2_room1_mix1110,58,4,0,141,-3,13.32
fold2_room1_mix1110,58,4,0,-12,-3,8.07
fold2_room1_mix1110,59,4,0,121,-2,13.02
fold2_room1_mix1110,59,4,0,-8,-3,7.58
fold2_room1_mix1110,60,4,0,104,-2,12.00
fold2_room1_mix1110,60,4,0,-6,-3,8.31
fold2_room1_mix1110,61,4,0,95,-3,11.70
fold2_room1_mix1110,61,4,0,-7,-3,8.50
fold2_room1_mix1110,62,4,0,99,-2,11.57
fold2_room1_mix1110,62,4,0,-4,-2,9.56
fold2_room1_mix1110,63,4,0,96,-3,11.57
fold2_room1_mix1110,63,4,0,-7,-2,9.90
fold2_room1_mix1110,64,4,0,94,-3,11.86
fold2_room1_mix1110,64,4,0,-5,-3,9.73
fold2_room1_mix1110,65,4,0,90,-3,12.95
fold2_room1_mix1110,65,4,0,-3,-3,10.70
fold2_room1_mix1110,66,4,0,86,-2,12.83
fold2_room1_mix1110,66,4,0,-3,-2,11.38
fold2_room1_mix1110,67,4,0,87,-2,13.17
fold2_room1_mix1110,67,4,0,-3,-2,11.27
fold2_room1_mix1110,68,4,0,76,-2,14.27
fold2_room1_mix1110,68,4,0,-3,-2,12.68
fold2_room1_mix1110,69,4,0,79,-2,14.92
fold2_room1_mix1110,69,4,0,-2,-2,13.15
fold2_room1_mix1110,70,4,0,74,-2,14.81
fold2_room1_mix1110,70,4,0,-2,-2,12.99
fold2_room1_mix1110,71,4,0,80,-2,16.27
fold2_room1_mix1110,71,4,0,-2,-1,13.76
fold2_room1_mix1110,72,4,0,74,-1,16.38
fold2_room1_mix1110,72,4,0,-1,-1,14.43
fold2_room1_mix1110,73,4,0,66,-2,16.14
fold2_room1_mix1110,73,4,0,-2,-1,15.68
fold2_room1_mix1110,74,4,0,76,-2,16.84
fold2_room1_mix1110,74,4,0,-1,-1,14.61
fold2_room1_mix1110,75,4,0,67,-2,17.45
fold2_room1_mix1110,75,4,0,-1,-1,16.07
fold2_room1_mix1110,76,4,0,54,-1,17.89
fold2_room1_mix1110,76,4,0,-1,0,17.65
fold2_room1_mix1110,77,4,0,53,-1,17.10
fold2_room1_mix1110,77,4,0,-1,0,17.31
fold2_room1_mix1110,78,4,0,47,-2,18.30
fold2_room1_mix1110,78,4,0,0,0,19.00
fold2_room1_mix1110,79,4,0,46,-2,18.23
fold2_room1_mix1110,79,4,0,0,-1,18.59
fold2_room1_mix1110,80,4,0,40,-2,17.38
fold2_room1_mix1110,80,4,0,0,-1,18.67
fold2_room1_mix1110,81,4,0,38,-2,17.81
fold2_room1_mix1110,81,4,0,0,0,20.46
fold2_room1_mix1110,82,4,0,40,-2,18.84
fold2_room1_mix1110,82,4,0,0,0,20.29
fold2_room1_mix1110,83,4,0,32,-2,18.87
fold2_room1_mix1110,83,4,0,0,0,21.45
fold2_room1_mix1110,84,4,0,33,-2,20.09
fold2_room1_mix1110,84,4,0,2,0,21.73
fold2_room1_mix1110,85,4,0,28,-2,20.52
fold2_room1_mix1110,85,4,0,3,0,22.57
fold2_room1_mix1110,86,4,0,27,-2,20.15
fold2_room1_mix1110,86,4,0,2,0,22.66
fold2_room1_mix1110,87,4,0,24,-2,20.04
fold2_room1_mix1110,87,4,0,3,0,21.40
fold2_room1_mix1110,88,4,0,11,-1,20.96
fold2_room1_mix1110,89,4,0,10,0,22.76
fold2_room1_mix1110,90,4,0,9,0,21.50
fold2_room1_mix1110,91,4,0,11,0,23.53
fold2_room1_mix1110,92,4,0,9,0,24.32
fold2_room1_mix1110,93,4,0,8,-1,23.14
fold2_room1_mix1110,94,4,0,8,0,23.17
fold2_room1_mix1110,95,4,0,7,-1,22.94
fold2_room1_mix1110,96,4,0,8,0,23.34
fold2_room1_mix1110,97,4,0,6,0,25.19
fold2_room1_mix1110,98,4,0,7,0,25.30
fold2_room1_mix1110,99,4,0,6,-1,24.01
fold2_room1_mix1110,2,4,0,-179,1,0.89
fold2_room1_mix1110,50,4,0,-42,-5,3.92
fold2_room1_mix1110,51,4,0,-39,-5,3.20
fold2_room1_mix1110,53,4,0,-23,-4,6.09
fold2_room1_mix1111,11,0,0,6,-1,4.93
fold2_room1_mix1111,12,0,0,8,-1,13.22
fold2_room1_mix1111,13,0,0,9,-1,18.27
fold2_room1_mix1111,14,0,0,11,-1,19.13
fold2_room1_mix1111,15,0,0,9,-1,34.58
fold2_room1_mix1111,16,0,0,8,-1,34.06
fold2_room1_mix1111,17,0,0,6,0,34.70
fold2_room1_mix1111,18,0,0,9,0,36.21
fold2_room1_mix1111,19,0,0,9,0,39.94
fold2_room1_mix1111,20,0,0,10,0,34.75
fold2_room1_mix1111,21,0,0,13,-1,29.58
fold2_room1_mix1111,22,0,0,15,-1,27.74
fold2_room1_mix1111,23,0,0,17,-1,25.88
fold2_room1_mix1111,24,0,0,15,-1,25.91
fold2_room1_mix1111,25,0,0,18,-1,26.79
fold2_room1_mix1111,26,0,0,19,-1,20.67
fold2_room1_mix1111,27,0,0,19,-1,20.03
fold2_room1_mix1111,28,0,0,19,-1,20.26
fold2_room1_mix1111,29,0,0,19,-1,19.59
fold2_room1_mix1111,30,0,0,19,-1,18.26
fold2_room1_mix1111,31,0,0,24,-1,18.34
fold2_room1_mix1111,32,0,0,24,-2,16.23
fold2_room1_mix1111,33,0,0,32,-2,14.24
fold2_room1_mix1111,34,0,0,36,-2,13.30
fold2_room1_mix1111,35,0,0,45,-2,13.11
fold2_room1_mix1111,36,0,0,41,-2,12.61
fold2_room1_mix1111,37,0,0,51,-2,12.38
fold2_room1_mix1111,38,0,0,54,-3,11.89
fold2_room1_mix1111,39,0,0,63,-3,10.33
fold2_room1_mix1111,40,0,0,65,-3,9.61
fold2_room1_mix1111,41,0,0,78,-3,10.75
fold2_room1_mix1111,42,0,0,88,-3,10.05
fold2_room1_mix1111,43,0,0,99,-3,9.98
fold2_room1_mix1111,44,0,0,105,-3,11.24
fold2_room1_mix1111,45,0,0,115,-3,10.60
fold2_room1_mix1111,46,0,0,117,-3,10.22
fold2_room1_mix1111,47,0,0,123,-3,10.79
fold2_room1_mix1111,48,0,0,132,-3,10.52
fold2_room1_mix1111,49,0,0,135,-2,11.55
fold2_room1_mix1111,50,0,0,140,-2,13.14
fold2_room1_mix1111,51,0,0,144,-2,12.42
fold2_room1_mix1111,52,0,0,146,-2,11.97
fold2_room1_mix1111,53,0,0,147,-2,14.26
fold2_room1_mix1111,54,0,0,150,-1,15.95
fold2_room1_mix1111,55,0,0,152,-1,15.57
fold2_room1_mix1111,56,0,0,153,-1,15.88
fold2_room1_mix1111,57,0,0,155,-1,17.74
fold2_room1_mix1111,58,0,0,157,-1,18.34
fold2_room1_mix1111,59,0,0,160,-1,19.53
fold2_room1_mix1111,60,0,0,159,-1,20.13
fold2_room1_mix1111,61,0,0,160,-1,21.55
fold2_room1_mix1111,62,0,0,162,-1,22.80
fold2_room1_mix1111,63,0,0,163,-1,23.23
fold2_room1_mix1111,64,0,0,163,-1,23.74
fold2_room1_mix1111,65,0,0,164,-1,25.74
fold2_room1_mix1111,66,0,0,169,0,8.50
fold2_room1_mix1111,67,0,0,168,0,6.99
fold2_room1_mix1111,68,0,0,169,0,1.89
fold2_room1_mix1112,21,1,0,-167,-2,27.06
fold2_room1_mix1112,22,1,0,-168,-2,34.76
fold2_room1_mix1112,23,1,0,-175,-3,18.37
fold2_room1_mix1112,24,1,0,-164,-3,26.19
fold2_room1_mix1112,25,1,0,-161,-2,26.64
fold2_room1_mix1112,26,1,0,-159,-2,25.01
fold2_room1_mix1112,27,1,0,-166,-1,3.02
fold2_room1_mix1112,28,1,0,-158,-2,24.89
fold2_room1_mix1112,29,1,0,-158,-2,18.79
fold2_room1_mix1112,30,1,0,-155,-2,24.99
fold2_room1_mix1112,31,1,0,-154,-2,16.20
fold2_room1_mix1112,32,1,0,-159,-2,3.66
fold2_room1_mix1112,33,1,0,-153,-2,21.43
fold2_room1_mix1112,34,1,0,-150,-2,19.89
fold2_room1_mix1112,35,1,0,-147,-2,16.71
fold2_room1_mix1112,37,1,0,-146,-3,14.71
fold2_room1_mix1112,38,1,0,-139,-3,12.49
fold2_room1_mix1112,39,1,0,-128,-3,10.00
fold2_room1_mix1112,40,1,0,-130,-3,8.81
fold2_room1_mix1112,42,1,0,-111,-4,8.60
fold2_room1_mix1112,43,1,0,-98,-5,7.42
fold2_room1_mix1112,44,1,0,-91,-4,6.74
fold2_room1_mix1112,45,1,0,-96,-4,1.75
fold2_room1_mix1112,46,1,0,-80,-5,6.75
fold2_room1_mix1112,47,1,0,-64,-4,7.59
fold2_room1_mix1112,48,1,0,-55,-4,8.40
fold2_room1_mix1112,49,1,0,-51,-4,7.84
fold2_room1_mix1112,51,1,0,-36,-3,9.45
fold2_room1_mix1112,52,1,0,-35,-3,12.73
fold2_room1_mix1112,53,1,0,-36,-3,11.14
fold2_room1_mix1112,54,1,0,-38,-3,10.67
fold2_room1_mix1112,56,1,0,-30,-3,11.87
fold2_room1_mix1112,57,1,0,-27,-3,14.78
fold2_room1_mix1112,58,1,0,-29,-2,11.37
fold2_room1_mix1112,61,1,0,-22,-3,14.62
fold2_room1_mix1112,62,1,0,-24,-3,18.03
fold2_room1_mix1112,63,1,0,-18,-2,12.34
fold2_room1_mix1112,66,1,0,-19,-2,16.37
fold2_room1_mix1112,67,1,0,-20,-2,13.04
fold2_room1_mix1112,68,1,0,-17,-2,25.93
fold2_room1_mix1112,70,1,0,-17,-2,13.06
fold2_room1_mix1112,71,1,0,-15,-2,21.43
fold2_room1_mix1112,72,1,0,-15,-2,16.53
fold2_room1_mix1112,73,1,0,-11,-2,13.58
fold2_room1_mix1112,75,1,0,-12,-2,12.13
fold2_room1_mix1112,76,1,0,-11,-2,24.76
fold2_room1_mix1112,77,1,0,-12,-2,16.52
fold2_room1_mix1113,22,4,0,-11,-1,11.88
fold2_room1_mix1113,23,4,0,-10,-1,12.70
fold2_room1_mix1113,24,4,0,-9,-1,13.92
fold2_room1_mix1113,25,4,0,-11,-2,14.30
fold2_room1_mix1113,26,4,0,-9,-2,15.01
fold2_room1_mix1113,27,4,0,-12,-2,14.51
fold2_room1_mix1113,28,4,0,-12,-2,13.99
fold2_room1_mix1113,29,4,0,-13,-3,12.44
fold2_room1_mix1113,30,4,0,-10,-3,12.22
fold2_room1_mix1113,31,4,0,-11,-3,11.81
fold2_room1_mix1113,32,4,0,-14,-3,10.95
fold2_room1_mix1113,33,4,0,-13,-3,10.14
fold2_room1_mix1113,34,4,0,-15,-4,9.25
fold2_room1_mix1113,35,4,0,-18,-4,8.14
fold2_room1_mix1113,36,4,0,-20,-4,7.47
fold2_room1_mix1113,37,4,0,-19,-5,6.81
fold2_room1_mix1113,38,4,0,-23,-5,5.94
fold2_room1_mix1113,39,4,0,-25,-6,5.39
fold2_room1_mix1113,40,4,0,-29,-6,4.76
fold2_room1_mix1113,41,4,0,-39,-6,3.99
fold2_room1_mix1113,42,4,0,-43,-7,3.69
fold2_room1_mix1113,43,4,0,-55,-9,3.21
fold2_room1_mix1113,44,4,0,-70,-10,2.95
fold2_room1_mix1113,45,4,0,-88,-10,2.58
fold2_room1_mix1113,46,4,0,-109,-9,2.74
fold2_room1_mix1113,47,4,0,-126,-8,3.28
fold2_room1_mix1113,48,4,0,-140,-5,3.72
fold2_room1_mix1113,48,4,0,-89,-6,7.77
fold2_room1_mix1113,49,4,0,-146,-4,4.47
fold2_room1_mix1113,50,4,0,-150,-4,5.00
fold2_room1_mix1113,51,4,0,-151,-4,5.63
fold2_room1_mix1113,52,4,0,-153,-4,5.93
fold2_room1_mix1113,53,4,0,-158,-2,6.61
fold2_room1_mix1113,53,4,0,-4,-4,11.18
fold2_room1_mix1113,54,4,0,-157,-3,7.00
fold2_room1_mix1113,54,4,0,13,-4,9.83
fold2_room1_mix1113,55,4,0,-159,-3,7.30
fold2_room1_mix1113,55,4,0,19,-3,9.98
fold2_room1_mix1113,56,4,0,-157,-3,8.07
fold2_room1_mix1113,56,4,0,20,-4,10.01
fold2_room1_mix1113,57,4,0,-160,-2,8.59
fold2_room1_mix1113,57,4,0,16,-3,10.90
fold2_room1_mix1113,58,4,0,-163,-2,9.78
fold2_room1_mix1113,58,4,0,21,-3,11.53
fold2_room1_mix1113,59,4,0,-164,-2,10.99
fold2_room1_mix1113,59,4,0,25,-3,12.27
fold2_room1_mix1113,60,4,0,-165,-1,11.59
fold2_room1_mix1113,60,4,0,23,-4,11.45
fold2_room1_mix1113,61,4,0,-163,-2,10.92
fold2_room1_mix1113,61,4,0,23,-4,11.37
fold2_room1_mix1113,62,4,0,-165,-2,11.20
fold2_room1_mix1113,62,4,0,31,-5,11.56
fold2_room1_mix1113,63,4,0,-165,-2,12.36
fold2_room1_mix1113,63,4,0,30,-5,10.67
fold2_room1_mix1113,64,4,0,-167,-2,11.85
fold2_room1_mix1113,64,4,0,36,-6,8.20
fold2_room1_mix1113,65,4,0,-168,-1,12.97
fold2_room1_mix1113,65,4,0,42,-4,9.44
fold2_room1_mix1113,66,4,0,-169,-2,12.39
fold2_room1_mix1113,66,4,0,43,-5,9.00
fold2_room1_mix1113,67,4,0,-177,-2,11.83
fold2_room1_mix1113,67,4,0,46,-4,8.50
fold2_room1_mix1113,69,4,0,85,-8,8.14
fold2_room1_mix1113,69,4,0,52,-5,8.26
fold2_room1_mix1113,70,4,0,144,-5,9.63
fold2_room1_mix1113,70,4,0,61,-6,6.07
fold2_room1_mix1113,70,4,0,46,-4,8.68
fold2_room1_mix1113,71,4,0,119,-6,9.07
fold2_room1_mix1113,71,4,0,69,-5,6.82
fold2_room1_mix1113,71,4,0,54,-3,10.29
fold2_room1_mix1113,72,4,0,114,-6,8.26
fold2_room1_mix1113,72,4,0,72,-5,7.01
fold2_room1_mix1113,72,4,0,49,-3,10.11
fold2_room1_mix1113,73,4,0,107,-6,8.98
fold2_room1_mix1113,73,4,0,74,-5,7.07
fold2_room1_mix1113,73,4,0,50,-3,10.94
fold2_room1_mix1113,74,4,0,114,-5,8.55
fold2_room1_mix1113,74,4,0,84,-5,6.51
fold2_room1_mix1113,74,4,0,63,-3,9.84
fold2_room1_mix1113,75,4,0,139,-5,9.17
fold2_room1_mix1113,75,4,0,85,-6,6.85
fold2_room1_mix1113,75,4,0,28,-2,11.79
fold2_room1_mix1113,76,4,0,114,-6,7.09
fold2_room1_mix1113,76,4,0,79,-4,6.32
fold2_room1_mix1113,76,4,0,46,-3,9.03
fold2_room1_mix1113,77,4,0,137,-5,8.01
fold2_room1_mix1113,77,4,0,77,-5,6.35
fold2_room1_mix1113,77,4,0,36,-3,9.39
fold2_room1_mix1113,78,4,0,131,-5,7.89
fold2_room1_mix1113,78,4,0,79,-6,6.45
fold2_room1_mix1113,78,4,0,34,-3,9.36
fold2_room1_mix1113,79,4,0,93,-7,7.64
fold2_room1_mix1113,79,4,0,62,-5,7.17
fold2_room1_mix1113,79,4,0,35,-3,10.40
fold2_room1_mix1113,80,4,0,124,-5,8.54
fold2_room1_mix1113,80,4,0,63,-4,7.18
fold2_room1_mix1113,80,4,0,37,-3,8.78
fold2_room1_mix1113,81,4,0,94,-6,8.21
fold2_room1_mix1113,81,4,0,46,-4,7.91
fold2_room1_mix1113,82,4,0,118,-6,7.67
fold2_room1_mix1113,82,4,0,59,-5,6.76
fold2_room1_mix1113,82,4,0,40,-4,7.80
fold2_room1_mix1113,83,4,0,56,-5,6.96
fold2_room1_mix1113,84,4,0,74,-7,6.89
fold2_room1_mix1113,84,4,0,52,-4,7.14
fold2_room1_mix1113,85,4,0,70,-6,6.86
fold2_room1_mix1113,86,4,0,80,-8,5.42
fold2_room1_mix1113,87,4,0,88,-7,5.92
fold2_room1_mix1113,88,4,0,99,-6,5.33
fold2_room1_mix1113,89,4,0,104,-5,5.42
fold2_room1_mix1113,90,4,0,112,-4,5.52
fold2_room1_mix1113,91,4,0,118,-4,6.87
fold2_room1_mix1113,92,4,0,122,-3,6.72
fold2_room1_mix1113,93,4,0,127,-3,7.12
fold2_room1_mix1113,94,4,0,133,-3,7.74
fold2_room1_mix1113,95,4,0,139,-2,8.29
fold2_room1_mix1113,96,4,0,141,-2,8.91
fold2_room1_mix1113,97,4,0,143,-2,9.90
fold2_room1_mix1113,98,4,0,147,-2,10.15
fold2_room1_mix1113,99,4,0,148,-2,9.98
fold2_room1_mix1113,68,4,0,49,-3,8.68
fold2_room1_mix1115,4,4,0,173,1,1.64
fold2_room1_mix1115,4,4,0,7,1,1.40
fold2_room1_mix1115,5,4,0,167,3,0.35
fold2_room1_mix1115,6,4,0,170,3,0.72
fold2_room1_mix1115,7,4,0,171,2,6.76
fold2_room1_mix1115,7,4,0,8,2,6.43
fold2_room1_mix1115,11,4,0,166,3,4.85
fold2_room1_mix1115,13,4,0,160,1,10.02
fold2_room1_mix1115,14,4,0,163,2,9.58
fold2_room1_mix1115,15,4,0,163,2,6.74
fold2_room1_mix1115,16,4,0,152,1,18.71
fold2_room1_mix1115,17,4,0,157,1,14.01
fold2_room1_mix1115,18,4,0,157,1,10.40
fold2_room1_mix1115,19,4,0,159,0,20.43
fold2_room1_mix1115,19,4,0,22,0,16.78
fold2_room1_mix1115,20,4,0,155,0,24.80
fold2_room1_mix1115,21,4,0,154,0,27.58
fold2_room1_mix1115,21,4,0,22,-1,21.69
fold2_room1_mix1115,22,4,0,154,0,23.58
fold2_room1_mix1115,22,4,0,27,0,20.70
fold2_room1_mix1115,23,4,0,156,-1,27.86
fold2_room1_mix1115,23,4,0,11,-1,23.37
fold2_room1_mix1115,24,4,0,159,-1,25.39
fold2_room1_mix1115,24,4,0,16,-2,20.27
fold2_room1_mix1115,25,4,0,157,-1,25.98
fold2_room1_mix1115,25,4,0,41,-4,19.55
fold2_room1_mix1115,25,4,0,14,-1,24.50
fold2_room1_mix1115,26,4,0,151,-1,26.30
fold2_room1_mix1115,26,4,0,25,-2,20.77
fold2_room1_mix1115,27,4,0,151,-1,28.83
fold2_room1_mix1115,27,4,0,23,-2,22.47
fold2_room1_mix1115,28,4,0,164,-1,26.72
fold2_room1_mix1115,28,4,0,30,-3,20.28
fold2_room1_mix1115,28,4,0,10,-1,23.38
fold2_room1_mix1115,29,4,0,158,-1,26.53
fold2_room1_mix1115,29,4,0,38,-4,20.17
fold2_room1_mix1115,29,4,0,11,-2,22.06
fold2_room1_mix1115,30,4,0,160,-1,27.86
fold2_room1_mix1115,30,4,0,32,-3,20.53
fold2_room1_mix1115,30,4,0,14,-2,22.98
fold2_room1_mix1115,31,4,0,162,-1,25.78
fold2_room1_mix1115,31,4,0,36,-4,19.36
fold2_room1_mix1115,31,4,0,13,-1,22.99
fold2_room1_mix1115,32,4,0,162,-1,23.89
fold2_room1_mix1115,32,4,0,38,-3,19.17
fold2_room1_mix1115,32,4,0,13,-1,22.05
fold2_room1_mix1115,33,4,0,160,-1,25.45
fold2_room1_mix1115,33,4,0,38,-3,19.58
fold2_room1_mix1115,33,4,0,13,-1,23.21
fold2_room1_mix1115,34,4,0,157,-1,25.24
fold2_room1_mix1115,34,4,0,62,-5,17.73
fold2_room1_mix1115,34,4,0,13,-2,22.61
fold2_room1_mix1115,35,4,0,160,-1,22.00
fold2_room1_mix1115,35,4,0,59,-3,18.19
fold2_room1_mix1115,35,4,0,8,-1,21.52
fold2_room1_mix1115,36,4,0,161,-1,22.04
fold2_room1_mix1115,36,4,0,66,-3,18.08
fold2_room1_mix1115,36,4,0,13,-1,22.47
fold2_room1_mix1115,37,4,0,160,-1,21.04
fold2_room1_mix1115,37,4,0,59,-3,17.78
fold2_room1_mix1115,37,4,0,13,-2,21.81
fold2_room1_mix1115,38,4,0,161,-1,22.49
fold2_room1_mix1115,38,4,0,90,-4,17.02
fold2_room1_mix1115,38,4,0,9,-1,21.64
fold2_room1_mix1115,39,4,0,159,0,21.67
fold2_room1_mix1115,39,4,0,77,-3,17.12
fold2_room1_mix1115,39,4,0,1,-1,20.59
fold2_room1_mix1115,40,4,0,159,0,20.36
fold2_room1_mix1115,40,4,0,73,-3,16.92
fold2_room1_mix1115,40,4,0,2,-1,19.43
fold2_room1_mix1115,41,4,0,160,0,21.26
fold2_room1_mix1115,41,4,0,97,-4,16.33
fold2_room1_mix1115,41,4,0,2,-1,19.72
fold2_room1_mix1115,42,4,0,158,0,20.85
fold2_room1_mix1115,42,4,0,92,-4,15.97
fold2_room1_mix1115,42,4,0,0,-2,18.30
fold2_room1_mix1115,43,4,0,158,-1,18.34
fold2_room1_mix1115,43,4,0,69,-4,16.36
fold2_room1_mix1115,43,4,0,0,-1,18.69
fold2_room1_mix1115,44,4,0,154,0,18.06
fold2_room1_mix1115,44,4,0,75,-4,14.77
fold2_room1_mix1115,44,4,0,-4,-1,17.12
fold2_room1_mix1115,45,4,0,155,-1,17.12
fold2_room1_mix1115,45,4,0,80,-4,14.12
fold2_room1_mix1115,45,4,0,2,-1,16.44
fold2_room1_mix1115,46,4,0,146,0,16.85
fold2_room1_mix1115,46,4,0,74,-3,14.17
fold2_room1_mix1115,46,4,0,-1,-1,14.94
fold2_room1_mix1115,47,4,0,148,-1,17.66
fold2_room1_mix1115,47,4,0,80,-3,13.87
fold2_room1_mix1115,47,4,0,0,-1,14.72
fold2_room1_mix1115,48,4,0,144,0,17.25
fold2_room1_mix1115,48,4,0,71,-4,13.66
fold2_room1_mix1115,48,4,0,-1,-2,13.13
fold2_room1_mix1115,49,4,0,142,0,18.33
fold2_room1_mix1115,49,4,0,85,-4,13.73
fold2_room1_mix1115,49,4,0,0,-2,13.95
fold2_room1_mix1115,50,4,0,140,0,16.78
fold2_room1_mix1115,50,4,0,80,-2,13.86
fold2_room1_mix1115,50,4,0,0,-2,12.19
fold2_room1_mix1115,51,4,0,140,0,15.86
fold2_room1_mix1115,51,4,0,82,-3,12.35
fold2_room1_mix1115,51,4,0,4,-2,13.02
fold2_room1_mix1115,52,4,0,132,0,15.31
fold2_room1_mix1115,52,4,0,61,-3,12.59
fold2_room1_mix1115,52,4,0,1,-2,12.01
fold2_room1_mix1115,53,4,0,134,0,16.41
fold2_room1_mix1115,53,4,0,69,-3,12.76
fold2_room1_mix1115,53,4,0,2,-2,12.22
fold2_room1_mix1115,54,4,0,130,0,15.19
fold2_room1_mix1115,54,4,0,66,-3,12.42
fold2_room1_mix1115,54,4,0,-2,-2,11.33
fold2_room1_mix1115,55,4,0,132,0,17.02
fold2_room1_mix1115,55,4,0,80,-2,13.12
fold2_room1_mix1115,55,4,0,0,-3,10.73
fold2_room1_mix1115,56,4,0,125,0,15.23
fold2_room1_mix1115,56,4,0,59,-3,11.85
fold2_room1_mix1115,56,4,0,2,-3,10.64
fold2_room1_mix1115,57,4,0,125,-1,16.34
fold2_room1_mix1115,57,4,0,74,-3,12.71
fold2_room1_mix1115,57,4,0,6,-4,10.14
fold2_room1_mix1115,58,4,0,122,-1,15.76
fold2_room1_mix1115,58,4,0,72,-3,12.40
fold2_room1_mix1115,58,4,0,3,-4,9.46
fold2_room1_mix1115,59,4,0,112,-2,15.44
fold2_room1_mix1115,59,4,0,63,-3,12.37
fold2_room1_mix1115,59,4,0,7,-4,10.81
fold2_room1_mix1115,60,4,0,102,-2,14.02
fold2_room1_mix1115,60,4,0,51,-4,10.25
fold2_room1_mix1115,60,4,0,11,-4,9.27
fold2_room1_mix1115,61,4,0,99,-2,14.73
fold2_room1_mix1115,61,4,0,55,-4,11.00
fold2_room1_mix1115,61,4,0,13,-4,9.39
fold2_room1_mix1115,62,4,0,95,-3,14.52
fold2_room1_mix1115,62,4,0,53,-4,10.53
fold2_room1_mix1115,62,4,0,12,-4,9.52
fold2_room1_mix1115,63,4,0,93,-3,14.67
fold2_room1_mix1115,63,4,0,58,-4,11.26
fold2_room1_mix1115,63,4,0,14,-5,9.26
fold2_room1_mix1115,64,4,0,86,-3,13.32
fold2_room1_mix1115,64,4,0,22,-5,8.54
fold2_room1_mix1115,65,4,0,88,-3,13.82
fold2_room1_mix1115,65,4,0,33,-5,9.34
fold2_room1_mix1115,65,4,0,14,-5,9.14
fold2_room1_mix1115,66,4,0,86,-3,14.31
fold2_room1_mix1115,66,4,0,24,-5,8.48
fold2_room1_mix1115,67,4,0,84,-2,14.24
fold2_room1_mix1115,67,4,0,21,-6,8.13
fold2_room1_mix1115,68,4,0,82,-2,14.02
fold2_room1_mix1115,68,4,0,21,-5,7.91
fold2_room1_mix1115,69,4,0,82,-2,14.94
fold2_room1_mix1115,69,4,0,22,-6,7.59
fold2_room1_mix1115,70,4,0,81,-2,14.83
fold2_room1_mix1115,70,4,0,21,-6,7.28
fold2_room1_mix1115,71,4,0,78,-2,15.23
fold2_room1_mix1115,71,4,0,20,-6,7.54
fold2_room1_mix1115,72,4,0,76,-1,15.78
fold2_room1_mix1115,72,4,0,22,-7,6.59
fold2_room1_mix1115,73,4,0,75,0,16.36
fold2_room1_mix1115,73,4,0,21,-7,6.16
fold2_room1_mix1115,74,4,0,71,0,15.47
fold2_room1_mix1115,74,4,0,21,-7,5.77
fold2_room1_mix1115,75,4,0,69,0,16.69
fold2_room1_mix1115,75,4,0,19,-8,5.75
fold2_room1_mix1115,76,4,0,67,0,16.94
fold2_room1_mix1115,76,4,0,20,-8,5.28
fold2_room1_mix1115,77,4,0,71,0,16.67
fold2_room1_mix1115,77,4,0,20,-8,5.11
fold2_room1_mix1115,78,4,0,70,-1,15.70
fold2_room1_mix1115,78,4,0,20,-9,4.84
fold2_room1_mix1115,79,4,0,67,-1,14.26
fold2_room1_mix1115,79,4,0,23,-9,4.51
fold2_room1_mix1115,80,4,0,63,-1,12.82
fold2_room1_mix1115,80,4,0,23,-9,4.25
fold2_room1_mix1115,81,4,0,67,-1,14.26
fold2_room1_mix1115,81,4,0,25,-10,3.83
fold2_room1_mix1115,82,4,0,49,-5,8.15
fold2_room1_mix1115,82,4,0,19,-10,4.70
fold2_room1_mix1115,83,4,0,-36,-17,2.18
fold2_room1_mix1115,83,4,0,60,0,12.14
fold2_room1_mix1115,83,4,0,36,-1,10.33
fold2_room1_mix1115,84,4,0,29,-21,3.49
fold2_room1_mix1115,84,4,0,59,-4,8.73
fold2_room1_mix1115,84,4,0,24,-6,7.91
fold2_room1_mix1115,85,4,0,-61,-32,1.65
fold2_room1_mix1115,85,4,0,79,-4,9.41
fold2_room1_mix1115,85,4,0,36,-2,9.81
fold2_room1_mix1115,86,4,0,-61,-33,1.17
fold2_room1_mix1115,86,4,0,79,-6,9.07
fold2_room1_mix1115,86,4,0,47,-2,11.04
fold2_room1_mix1115,87,4,0,-80,-38,0.95
fold2_room1_mix1115,87,4,0,90,-18,4.16
fold2_room1_mix1115,87,4,0,53,-3,14.52
fold2_room1_mix1115,88,4,0,-98,-53,0.84
fold2_room1_mix1115,88,4,0,104,-25,2.70
fold2_room1_mix1115,88,4,0,54,-3,14.35
fold2_room1_mix1115,89,4,0,-134,-44,0.85
fold2_room1_mix1115,89,4,0,115,-19,3.91
fold2_room1_mix1115,89,4,0,59,-2,14.54
fold2_room1_mix1115,90,4,0,-141,-32,1.25
fold2_room1_mix1115,90,4,0,124,-18,3.45
fold2_room1_mix1115,90,4,0,78,-2,13.40
fold2_room1_mix1115,91,4,0,-166,-30,1.32
fold2_room1_mix1115,91,4,0,136,-18,3.20
fold2_room1_mix1115,91,4,0,68,0,17.81
fold2_room1_mix1115,92,4,0,168,-26,1.80
fold2_room1_mix1115,92,4,0,150,-20,2.30
fold2_room1_mix1115,92,4,0,51,0,21.38
fold2_room1_mix1115,93,4,0,174,-21,2.07
fold2_room1_mix1115,93,4,0,155,-17,2.90
fold2_room1_mix1115,93,4,0,55,1,22.00
fold2_room1_mix1115,94,4,0,167,-18,2.45
fold2_room1_mix1115,94,4,0,61,0,21.86
fold2_room1_mix1115,95,4,0,169,-17,2.77
fold2_room1_mix1115,95,4,0,62,0,23.67
fold2_room1_mix1115,96,4,0,171,-14,3.28
fold2_room1_mix1115,96,4,0,62,0,23.50
fold2_room1_mix1115,97,4,0,171,-12,3.75
fold2_room1_mix1115,97,4,0,67,0,25.93
fold2_room1_mix1115,98,4,0,167,-11,4.24
fold2_room1_mix1115,98,4,0,45,-1,25.05
fold2_room1_mix1115,99,4,0,170,-11,4.05
fold2_room1_mix1115,99,4,0,58,0,25.12
fold2_room1_mix1116,0,5,0,143,2,3.67
fold2_room1_mix1116,2,5,0,127,2,8.47
fold2_room1_mix1116,3,5,0,115,2,10.83
fold2_room1_mix1116,4,5,0,131,1,8.48
fold2_room1_mix1116,5,5,0,127,1,13.78
fold2_room1_mix1116,6,5,0,132,2,15.46
fold2_room1_mix1116,7,5,0,135,1,14.17
fold2_room1_mix1116,8,5,0,128,1,13.06
fold2_room1_mix1116,9,5,0,131,2,12.74
fold2_room1_mix1116,10,5,0,132,2,12.95
fold2_room1_mix1116,11,5,0,136,2,13.74
fold2_room1_mix1116,12,1,0,4,-2,16.60
fold2_room1_mix1116,12,5,0,129,2,13.00
fold2_room1_mix1116,13,1,0,8,-2,37.87
fold2_room1_mix1116,13,5,0,128,3,10.72
fold2_room1_mix1116,14,1,0,7,-2,35.97
fold2_room1_mix1116,14,5,0,131,1,16.24
fold2_room1_mix1116,15,1,0,10,-3,35.93
fold2_room1_mix1116,15,5,0,137,2,12.32
fold2_room1_mix1116,16,5,0,133,3,12.07
fold2_room1_mix1116,17,1,0,12,-2,35.24
fold2_room1_mix1116,17,5,0,132,2,13.56
fold2_room1_mix1116,18,1,0,14,-2,27.80
fold2_room1_mix1116,18,5,0,138,1,14.76
fold2_room1_mix1116,19,1,0,13,-2,33.15
fold2_room1_mix1116,19,5,0,137,2,14.54
fold2_room1_mix1116,20,1,0,13,-1,19.94
fold2_room1_mix1116,20,5,0,138,2,15.50
fold2_room1_mix1116,21,5,0,140,3,12.15
fold2_room1_mix1116,22,1,0,15,-2,33.52
fold2_room1_mix1116,22,5,0,139,2,15.46
fold2_room1_mix1116,23,1,0,20,-2,27.38
fold2_room1_mix1116,23,5,0,138,2,11.55
fold2_room1_mix1116,24,1,0,16,-2,35.53
fold2_room1_mix1116,24,5,0,138,2,12.67
fold2_room1_mix1116,25,1,0,17,-2,31.64
fold2_room1_mix1116,25,5,0,131,2,13.49
fold2_room1_mix1116,26,5,0,139,2,13.21
fold2_room1_mix1116,27,1,0,17,-1,22.49
fold2_room1_mix1116,27,5,0,139,1,15.55
fold2_room1_mix1116,28,1,0,17,-2,26.70
fold2_room1_mix1116,28,5,0,134,2,13.90
fold2_room1_mix1116,29,1,0,19,-2,30.68
fold2_room1_mix1116,29,5,0,134,4,9.39
fold2_room1_mix1116,30,1,0,19,-2,25.40
fold2_room1_mix1116,30,5,0,139,1,16.59
fold2_room1_mix1116,31,5,0,138,2,13.14
fold2_room1_mix1116,32,1,0,27,-2,20.68
fold2_room1_mix1116,32,5,0,130,3,11.52
fold2_room1_mix1116,33,1,0,20,-2,27.44
fold2_room1_mix1116,33,5,0,135,1,15.40
fold2_room1_mix1116,34,1,0,22,-2,28.83
fold2_room1_mix1116,34,5,0,130,3,11.09
fold2_room1_mix1116,35,1,0,22,-2,24.41
fold2_room1_mix1116,35,5,0,133,2,12.88
fold2_room1_mix1116,36,5,0,136,2,17.71
fold2_room1_mix1116,37,1,0,29,-3,18.01
fold2_room1_mix1116,37,5,0,129,2,12.24
fold2_room1_mix1116,38,1,0,24,-2,23.60
fold2_room1_mix1116,38,5,0,139,2,15.53
fold2_room1_mix1116,39,1,0,27,-2,21.76
fold2_room1_mix1116,39,5,0,128,3,11.31
fold2_room1_mix1116,40,1,0,32,-3,17.71
fold2_room1_mix1116,40,5,0,129,2,13.23
fold2_room1_mix1116,41,5,0,132,3,13.58
fold2_room1_mix1116,42,1,0,34,-2,16.71
fold2_room1_mix1116,42,5,0,134,2,13.39
fold2_room1_mix1116,43,1,0,33,-3,15.43
fold2_room1_mix1116,43,5,0,139,2,14.83
fold2_room1_mix1116,44,1,0,45,-4,11.06
fold2_room1_mix1116,44,5,0,135,3,12.08
fold2_room1_mix1116,45,1,0,44,-3,12.67
fold2_room1_mix1116,45,5,0,131,3,10.64
fold2_room1_mix1116,46,1,0,56,-3,5.62
fold2_room1_mix1116,46,5,0,144,2,16.66
fold2_room1_mix1116,47,4,0,79,-3,3.09
fold2_room1_mix1116,47,5,0,138,3,13.58
fold2_room1_mix1116,48,1,0,59,-4,8.58
fold2_room1_mix1116,48,4,0,125,-6,10.11
fold2_room1_mix1116,48,4,0,102,-6,9.42
fold2_room1_mix1116,48,5,0,141,3,12.12
fold2_room1_mix1116,49,1,0,68,-5,7.66
fold2_room1_mix1116,49,4,0,155,-3,8.10
fold2_room1_mix1116,49,4,0,130,-5,7.24
fold2_room1_mix1116,49,5,0,140,3,13.67
fold2_room1_mix1116,50,1,0,79,-5,7.63
fold2_room1_mix1116,50,4,0,159,-4,6.33
fold2_room1_mix1116,50,4,0,139,-8,5.03
fold2_room1_mix1116,50,5,0,135,3,11.54
fold2_room1_mix1116,51,1,0,82,-5,6.86
fold2_room1_mix1116,51,4,0,133,-3,10.51
fold2_room1_mix1116,51,4,0,127,-4,9.38
fold2_room1_mix1116,51,5,0,134,3,11.51
fold2_room1_mix1116,52,4,0,129,-3,11.56
fold2_room1_mix1116,52,4,0,109,-3,10.57
fold2_room1_mix1116,52,5,0,137,4,12.22
fold2_room1_mix1116,53,4,0,123,-2,12.96
fold2_room1_mix1116,53,4,0,80,-4,9.77
fold2_room1_mix1116,53,5,0,137,4,11.13
fold2_room1_mix1116,54,4,0,115,-3,10.62
fold2_room1_mix1116,54,4,0,90,-1,11.12
fold2_room1_mix1116,54,5,0,144,3,14.18
fold2_room1_mix1116,55,4,0,167,-1,12.40
fold2_room1_mix1116,55,4,0,130,-2,11.16
fold2_room1_mix1116,55,4,0,77,-2,9.96
fold2_room1_mix1116,55,5,0,137,5,11.01
fold2_room1_mix1116,56,4,0,171,-2,12.47
fold2_room1_mix1116,56,4,0,81,-2,11.10
fold2_room1_mix1116,56,5,0,136,4,12.03
fold2_room1_mix1116,57,4,0,164,-3,11.89
fold2_room1_mix1116,57,4,0,88,-1,12.48
fold2_room1_mix1116,57,5,0,142,4,12.51
fold2_room1_mix1116,58,4,0,166,-1,13.07
fold2_room1_mix1116,58,4,0,143,-3,10.08
fold2_room1_mix1116,58,4,0,88,-2,9.97
fold2_room1_mix1116,58,5,0,143,4,11.48
fold2_room1_mix1116,59,4,0,173,-2,10.62
fold2_room1_mix1116,59,4,0,90,0,12.27
fold2_room1_mix1116,59,5,0,145,4,12.15
fold2_room1_mix1116,60,4,0,153,-2,11.02
fold2_room1_mix1116,60,4,0,105,-2,11.72
fold2_room1_mix1116,60,5,0,142,3,13.12
fold2_room1_mix1116,61,4,0,167,-2,11.77
fold2_room1_mix1116,61,4,0,108,0,13.22
fold2_room1_mix1116,61,5,0,144,5,10.71
fold2_room1_mix1116,62,4,0,149,-3,11.00
fold2_room1_mix1116,62,4,0,115,-1,12.99
fold2_room1_mix1116,62,5,0,138,4,12.16
fold2_room1_mix1116,63,4,0,146,-3,10.38
fold2_room1_mix1116,63,4,0,111,-1,12.26
fold2_room1_mix1116,63,5,0,135,4,11.44
fold2_room1_mix1116,64,4,0,162,-3,10.13
fold2_room1_mix1116,64,4,0,109,-1,13.17
fold2_room1_mix1116,64,5,0,136,4,11.87
fold2_room1_mix1116,65,4,0,178,-3,9.78
fold2_room1_mix1116,65,4,0,101,-1,11.98
fold2_room1_mix1116,65,5,0,142,4,13.62
fold2_room1_mix1116,66,4,0,-178,-3,9.51
fold2_room1_mix1116,66,4,0,99,-1,12.63
fold2_room1_mix1116,66,5,0,143,4,12.70
fold2_room1_mix1116,67,4,0,179,-3,9.34
fold2_room1_mix1116,67,4,0,90,0,11.76
fold2_room1_mix1116,67,5,0,146,4,12.84
fold2_room1_mix1116,68,4,0,179,-3,9.03
fold2_room1_mix1116,68,4,0,89,0,11.93
fold2_room1_mix1116,68,5,0,139,4,12.64
fold2_room1_mix1116,69,4,0,178,-3,9.28
fold2_room1_mix1116,69,4,0,97,0,12.82
fold2_room1_mix1116,69,5,0,134,5,10.93
fold2_room1_mix1116,70,4,0,178,-3,9.24
fold2_room1_mix1116,70,4,0,92,0,12.00
fold2_room1_mix1116,70,5,0,136,4,11.85
fold2_room1_mix1116,71,4,0,176,-3,8.60
fold2_room1_mix1116,71,4,0,92,0,12.10
fold2_room1_mix1116,71,5,0,141,5,11.96
fold2_room1_mix1116,72,4,0,176,-3,8.00
fold2_room1_mix1116,72,4,0,90,0,12.23
fold2_room1_mix1116,72,5,0,141,5,11.52
fold2_room1_mix1116,73,4,0,176,-3,7.92
fold2_room1_mix1116,73,4,0,94,0,12.42
fold2_room1_mix1116,73,5,0,141,5,11.12
fold2_room1_mix1116,74,4,0,179,-4,6.77
fold2_room1_mix1116,74,4,0,97,0,11.84
fold2_room1_mix1116,74,5,0,142,4,12.12
fold2_room1_mix1116,75,4,0,174,-4,6.97
fold2_room1_mix1116,75,4,0,97,0,12.31
fold2_room1_mix1116,75,5,0,146,4,11.42
fold2_room1_mix1116,76,4,0,174,-5,6.25
fold2_room1_mix1116,76,4,0,94,0,12.15
fold2_room1_mix1116,76,5,0,142,3,13.35
fold2_room1_mix1116,77,4,0,176,-6,5.01
fold2_room1_mix1116,77,4,0,104,0,10.69
fold2_room1_mix1116,77,5,0,144,5,10.83
fold2_room1_mix1116,78,4,0,-175,-7,4.64
fold2_room1_mix1116,78,4,0,168,-7,4.19
fold2_room1_mix1116,78,4,0,104,0,10.51
fold2_room1_mix1116,78,5,0,143,4,12.54
fold2_room1_mix1116,79,4,0,172,-7,4.23
fold2_room1_mix1116,79,4,0,110,0,11.01
fold2_room1_mix1116,79,5,0,141,3,11.34
fold2_room1_mix1116,80,4,0,172,-9,3.66
fold2_room1_mix1116,80,4,0,116,-2,9.66
fold2_room1_mix1116,80,5,0,143,4,10.57
fold2_room1_mix1116,81,4,0,167,-10,3.27
fold2_room1_mix1116,81,4,0,123,-1,9.58
fold2_room1_mix1116,81,5,0,144,4,11.60
fold2_room1_mix1116,82,4,0,166,-12,2.93
fold2_room1_mix1116,82,4,0,127,-4,7.82
fold2_room1_mix1116,82,5,0,138,3,11.01
fold2_room1_mix1116,83,4,0,160,-14,2.35
fold2_room1_mix1116,83,4,0,120,-2,8.73
fold2_room1_mix1116,83,5,0,141,3,11.31
fold2_room1_mix1116,84,4,0,150,-19,2.03
fold2_room1_mix1116,84,4,0,115,-6,7.58
fold2_room1_mix1116,84,5,0,147,2,13.27
fold2_room1_mix1116,85,4,0,119,-23,1.64
fold2_room1_mix1116,85,4,0,94,-8,6.23
fold2_room1_mix1116,85,5,0,141,4,8.73
fold2_room1_mix1116,86,4,0,82,-19,2.64
fold2_room1_mix1116,86,5,0,140,4,9.11
fold2_room1_mix1116,87,4,0,60,-14,2.66
fold2_room1_mix1116,87,5,0,138,4,8.10
fold2_room1_mix1116,88,4,0,43,-9,3.18
fold2_room1_mix1116,88,5,0,136,5,7.71
fold2_room1_mix1116,89,4,0,30,-6,3.70
fold2_room1_mix1116,89,5,0,139,4,8.57
fold2_room1_mix1116,90,4,0,26,-6,3.67
fold2_room1_mix1116,90,5,0,140,4,9.64
fold2_room1_mix1116,91,4,0,25,-4,4.94
fold2_room1_mix1116,91,5,0,141,4,8.63
fold2_room1_mix1116,92,4,0,20,-4,5.04
fold2_room1_mix1116,92,5,0,137,3,10.48
fold2_room1_mix1116,93,4,0,20,-3,5.35
fold2_room1_mix1116,93,5,0,131,5,7.14
fold2_room1_mix1116,94,4,0,17,-3,5.51
fold2_room1_mix1116,94,5,0,135,4,8.74
fold2_room1_mix1116,95,4,0,17,-2,6.82
fold2_room1_mix1116,95,5,0,135,4,8.41
fold2_room1_mix1116,96,4,0,14,-3,6.24
fold2_room1_mix1116,96,5,0,126,4,8.58
fold2_room1_mix1116,97,4,0,14,-1,7.48
fold2_room1_mix1116,97,5,0,133,4,8.96
fold2_room1_mix1116,98,4,0,13,-2,7.51
fold2_room1_mix1116,98,5,0,132,3,9.56
fold2_room1_mix1116,99,4,0,13,-2,9.00
fold2_room1_mix1116,99,5,0,129,5,7.70
fold2_room1_mix1117,20,1,0,18,-2,27.09
fold2_room1_mix1117,22,1,0,34,-2,22.63
fold2_room1_mix1117,23,1,0,31,-3,17.30
fold2_room1_mix1117,24,1,0,35,-3,16.86
fold2_room1_mix1117,25,1,0,33,-3,14.40
fold2_room1_mix1117,27,1,0,43,-3,15.89
fold2_room1_mix1117,28,1,0,51,-4,11.69
fold2_room1_mix1117,29,1,0,60,-4,9.44
fold2_room1_mix1117,30,1,0,57,-4,9.85
fold2_room1_mix1117,31,1,0,68,-4,2.44
fold2_room1_mix1117,32,1,0,72,-4,9.62
fold2_room1_mix1117,33,1,0,81,-5,9.37
fold2_room1_mix1117,34,1,0,88,-4,9.30
fold2_room1_mix1117,35,1,0,97,-4,9.83
fold2_room1_mix1117,36,1,0,101,-4,9.40
fold2_room1_mix1117,38,1,0,116,-4,10.97
fold2_room1_mix1117,39,1,0,126,-4,11.57
fold2_room1_mix1117,40,1,0,134,-3,13.36
fold2_room1_mix1117,41,1,0,135,-4,12.24
fold2_room1_mix1117,43,1,0,139,-3,11.82
fold2_room1_mix1117,44,1,0,141,-3,14.10
fold2_room1_mix1117,45,1,0,143,-3,15.32
fold2_room1_mix1117,46,1,0,149,-3,17.21
fold2_room1_mix1117,47,1,0,149,-3,15.70
fold2_room1_mix1117,49,1,0,150,-3,14.26
fold2_room1_mix1117,50,1,0,154,-3,16.05
fold2_room1_mix1117,51,1,0,152,-2,15.26
fold2_room1_mix1117,52,1,0,154,-2,18.54
fold2_room1_mix1117,55,1,0,157,-2,14.40
fold2_room1_mix1117,56,1,0,159,-2,22.77
fold2_room1_mix1117,57,1,0,161,-2,18.96
fold2_room1_mix1117,58,1,0,159,-2,16.04
fold2_room1_mix1117,60,1,0,161,-2,12.82
fold2_room1_mix1117,61,1,0,162,-2,18.83
fold2_room1_mix1117,62,1,0,163,-1,14.91
fold2_room1_mix1117,63,1,0,167,-2,22.29
fold2_room1_mix1117,66,1,0,165,-1,18.07
fold2_room1_mix1117,67,1,0,164,-2,26.20
fold2_room1_mix1117,68,1,0,167,-1,18.88
fold2_room1_mix1117,69,1,0,167,-2,26.22
fold2_room1_mix1117,72,1,0,166,-1,11.25
fold2_room1_mix1117,73,1,0,167,-1,14.76
fold2_room1_mix1117,74,1,0,167,-1,24.13
fold2_room1_mix1118,52,4,0,179,-1,2.74
fold2_room1_mix1118,53,4,0,-176,-2,2.95
fold2_room1_mix1118,54,4,0,-176,-2,8.94
fold2_room1_mix1118,55,4,0,-179,-2,6.32
fold2_room1_mix1118,56,4,0,-179,-2,9.84
fold2_room1_mix1118,57,4,0,-178,-3,10.06
fold2_room1_mix1118,58,4,0,-178,-2,10.39
fold2_room1_mix1118,59,4,0,-177,-3,9.76
fold2_room1_mix1118,60,4,0,-179,-3,8.80
fold2_room1_mix1118,61,4,0,-175,-4,8.76
fold2_room1_mix1118,62,4,0,-176,-4,8.02
fold2_room1_mix1118,63,4,0,-173,-4,8.14
fold2_room1_mix1118,64,4,0,-172,-5,6.88
fold2_room1_mix1118,65,4,0,-169,-5,6.36
fold2_room1_mix1118,66,4,0,-169,-5,6.45
fold2_room1_mix1118,67,4,0,-172,-6,5.53
fold2_room1_mix1118,68,4,0,-165,-7,5.30
fold2_room1_mix1118,69,4,0,-163,-9,4.80
fold2_room1_mix1118,70,4,0,-167,-8,4.33
fold2_room1_mix1118,70,4,0,-17,-7,7.37
fold2_room1_mix1118,71,4,0,-162,-11,3.33
fold2_room1_mix1118,72,4,0,-162,-11,3.37
fold2_room1_mix1118,72,4,0,-22,-9,6.28
fold2_room1_mix1118,73,4,0,-157,-15,2.41
fold2_room1_mix1118,73,4,0,-33,-10,6.73
fold2_room1_mix1118,74,4,0,-152,-16,2.35
fold2_room1_mix1118,74,4,0,-31,-11,5.76
fold2_room1_mix1118,75,4,0,-143,-19,1.63
fold2_room1_mix1118,75,4,0,-38,-12,4.55
fold2_room1_mix1118,76,4,0,-132,-23,1.25
fold2_room1_mix1118,76,4,0,-49,-11,4.10
fold2_room1_mix1118,77,4,0,-98,-28,1.11
fold2_room1_mix1118,77,4,0,-73,-27,1.05
fold2_room1_mix1118,77,4,0,-38,-12,3.36
fold2_room1_mix1118,78,4,0,-135,-20,1.82
fold2_room1_mix1118,78,4,0,-53,-19,1.32
fold2_room1_mix1118,78,4,0,-35,-10,2.89
fold2_room1_mix1118,79,4,0,-146,-17,1.92
fold2_room1_mix1118,79,4,0,-33,-11,2.53
fold2_room1_mix1118,80,4,0,-150,-14,2.54
fold2_room1_mix1118,80,4,0,-31,-11,3.08
fold2_room1_mix1118,81,4,0,-145,-17,2.60
fold2_room1_mix1118,81,4,0,-31,-13,2.51
fold2_room1_mix1118,82,4,0,-88,-32,2.11
fold2_room1_mix1118,82,4,0,-33,-14,2.61
fold2_room1_mix1118,83,4,0,-141,-17,1.94
fold2_room1_mix1118,83,4,0,-67,-24,1.46
fold2_room1_mix1118,83,4,0,-40,-14,2.79
fold2_room1_mix1118,84,4,0,-159,-15,2.48
fold2_room1_mix1118,84,4,0,-30,-10,3.53
fold2_room1_mix1118,85,4,0,-161,-11,3.13
fold2_room1_mix1118,85,4,0,-24,-7,3.84
fold2_room1_mix1118,86,4,0,-164,-10,3.47
fold2_room1_mix1118,86,4,0,-21,-7,4.50
fold2_room1_mix1118,87,4,0,-165,-8,4.26
fold2_room1_mix1118,87,4,0,-19,-7,4.55
fold2_room1_mix1118,88,4,0,-166,-7,4.78
fold2_room1_mix1118,88,4,0,-17,-6,5.13
fold2_room1_mix1118,89,4,0,-170,-6,5.61
fold2_room1_mix1118,89,4,0,-15,-5,5.97
fold2_room1_mix1118,90,4,0,-169,-6,5.54
fold2_room1_mix1118,90,4,0,-13,-5,6.33
fold2_room1_mix1118,91,4,0,-169,-4,6.94
fold2_room1_mix1118,91,4,0,-12,-5,6.55
fold2_room1_mix1118,92,4,0,-170,-4,7.42
fold2_room1_mix1118,92,4,0,-11,-4,7.29
fold2_room1_mix1118,93,4,0,-171,-4,8.11
fold2_room1_mix1118,93,4,0,-9,-5,7.85
fold2_room1_mix1118,94,4,0,-172,-4,9.10
fold2_room1_mix1118,94,4,0,-7,-4,8.85
fold2_room1_mix1118,95,4,0,-171,-4,9.38
fold2_room1_mix1118,95,4,0,-6,-4,9.30
fold2_room1_mix1118,96,4,0,-171,-4,9.98
fold2_room1_mix1118,96,4,0,-7,-3,10.31
fold2_room1_mix1118,97,4,0,-172,-3,10.26
fold2_room1_mix1118,97,4,0,-6,-3,10.44
fold2_room1_mix1118,98,4,0,-4,-3,9.08
fold2_room1_mix1118,99,4,0,-5,-2,3.02
fold2_room1_mix1119,4,4,0,-4,-1,11.22
fold2_room1_mix1119,5,4,0,-5,-1,11.02
fold2_room1_mix1119,5,5,0,0,1,2.68
fold2_room1_mix1119,6,4,0,-8,0,5.63
fold2_room1_mix1119,7,4,0,-2,-1,14.38
fold2_room1_mix1119,8,4,0,-1,-2,20.54
fold2_room1_mix1119,8,5,0,-3,2,3.69
fold2_room1_mix1119,9,4,0,-3,-1,13.48
fold2_room1_mix1119,10,4,0,0,-1,24.99
fold2_room1_mix1119,11,4,0,0,-1,25.28
fold2_room1_mix1119,12,1,0,-7,-2,28.70
fold2_room1_mix1119,12,4,0,-1,-2,20.68
fold2_room1_mix1119,13,1,0,-7,-3,36.05
fold2_room1_mix1119,13,4,0,1,-2,18.04
fold2_room1_mix1119,14,4,0,-3,-1,25.54
fold2_room1_mix1119,15,1,0,-18,-3,37.88
fold2_room1_mix1119,15,4,0,2,-2,23.89
fold2_room1_mix1119,16,1,0,-10,-2,33.23
fold2_room1_mix1119,16,4,0,0,-3,16.58
fold2_room1_mix1119,17,1,0,-7,-2,36.30
fold2_room1_mix1119,17,4,0,1,-2,21.64
fold2_room1_mix1119,18,1,0,-11,-2,43.42
fold2_room1_mix1119,18,4,0,2,-1,21.96
fold2_room1_mix1119,19,1,0,-10,-1,3.75
fold2_room1_mix1119,19,4,0,0,-1,24.60
fold2_room1_mix1119,20,1,0,-11,-2,33.60
fold2_room1_mix1119,20,4,0,0,-2,23.93
fold2_room1_mix1119,21,1,0,-11,-2,33.22
fold2_room1_mix1119,21,4,0,3,-2,20.63
fold2_room1_mix1119,22,1,0,-13,-2,36.33
fold2_room1_mix1119,22,4,0,1,-2,19.70
fold2_room1_mix1119,23,1,0,-13,-2,35.18
fold2_room1_mix1119,23,4,0,2,-1,13.33
fold2_room1_mix1119,24,4,0,0,-2,22.58
fold2_room1_mix1119,25,1,0,-12,-2,25.22
fold2_room1_mix1119,25,4,0,0,-2,17.11
fold2_room1_mix1119,26,1,0,-12,-3,32.59
fold2_room1_mix1119,26,4,0,2,-2,18.98
fold2_room1_mix1119,27,1,0,-13,-2,31.38
fold2_room1_mix1119,27,4,0,-3,-2,18.30
fold2_room1_mix1119,28,1,0,-12,-2,11.18
fold2_room1_mix1119,28,4,0,0,0,20.72
fold2_room1_mix1119,29,4,0,1,-2,15.40
fold2_room1_mix1119,30,1,0,-15,-3,30.46
fold2_room1_mix1119,30,4,0,-3,-2,17.33
fold2_room1_mix1119,31,1,0,-16,-3,27.33
fold2_room1_mix1119,31,4,0,1,-2,17.53
fold2_room1_mix1119,32,1,0,-20,-3,27.46
fold2_room1_mix1119,32,4,0,-1,-3,15.79
fold2_room1_mix1119,33,1,0,-17,-2,6.93
fold2_room1_mix1119,33,4,0,0,-1,15.86
fold2_room1_mix1119,34,1,0,-24,-3,22.53
fold2_room1_mix1119,34,4,0,2,-2,16.74
fold2_room1_mix1119,35,1,0,-20,-3,24.43
fold2_room1_mix1119,35,4,0,-5,-3,11.60
fold2_room1_mix1119,36,1,0,-21,-3,21.41
fold2_room1_mix1119,36,4,0,1,-2,15.68
fold2_room1_mix1119,37,1,0,-29,-3,19.21
fold2_room1_mix1119,37,4,0,-3,-2,18.13
fold2_room1_mix1119,38,4,0,1,-3,12.33
fold2_room1_mix1119,39,1,0,-25,-3,13.45
fold2_room1_mix1119,39,4,0,0,-2,14.73
fold2_room1_mix1119,40,1,0,-34,-3,10.47
fold2_room1_mix1119,40,4,0,-8,-3,12.56
fold2_room1_mix1119,41,1,0,-39,-3,10.31
fold2_room1_mix1119,41,4,0,3,-2,13.37
fold2_room1_mix1119,42,1,0,-40,-3,14.21
fold2_room1_mix1119,42,4,0,1,-2,17.26
fold2_room1_mix1119,43,4,0,-1,-3,11.63
fold2_room1_mix1119,44,1,0,-49,-3,6.24
fold2_room1_mix1119,44,4,0,2,-3,11.61
fold2_room1_mix1119,45,1,0,-61,-5,8.84
fold2_room1_mix1119,45,4,0,0,-2,16.46
fold2_room1_mix1119,46,1,0,-80,-5,5.08
fold2_room1_mix1119,46,4,0,0,-4,12.24
fold2_room1_mix1119,47,1,0,-88,-5,6.93
fold2_room1_mix1119,47,4,0,2,-2,15.42
fold2_room1_mix1119,48,4,0,-4,-5,7.87
fold2_room1_mix1119,49,1,0,-118,-5,6.29
fold2_room1_mix1119,49,4,0,-4,-5,8.42
fold2_room1_mix1119,50,1,0,-106,-5,2.23
fold2_room1_mix1119,50,4,0,-4,-3,10.76
fold2_room1_mix1119,51,4,0,-7,-6,6.77
fold2_room1_mix1119,52,4,0,-7,-6,6.48
fold2_room1_mix1119,53,4,0,-13,-8,5.68
fold2_room1_mix1119,54,4,0,-11,-9,4.45
fold2_room1_mix1119,55,4,0,-14,-10,4.28
fold2_room1_mix1119,56,4,0,-19,-15,3.17
fold2_room1_mix1119,57,4,0,-19,-15,2.84
fold2_room1_mix1119,58,4,0,-25,-18,2.49
fold2_room1_mix1119,59,4,0,-34,-23,2.07
fold2_room1_mix1119,60,4,0,-47,-35,1.73
fold2_room1_mix1119,61,4,0,-74,-42,1.45
fold2_room1_mix1119,62,4,0,-111,-40,1.36
fold2_room1_mix1119,63,4,0,-131,-34,1.57
fold2_room1_mix1119,64,4,0,-141,-28,1.88
fold2_room1_mix1119,65,4,0,-152,-21,2.47
fold2_room1_mix1119,66,4,0,-157,-19,2.72
fold2_room1_mix1119,67,4,0,-159,-16,3.23
fold2_room1_mix1119,68,4,0,-161,-13,4.08
fold2_room1_mix1119,69,4,0,-165,-12,4.36
fold2_room1_mix1119,70,4,0,-166,-11,4.32
fold2_room1_mix1119,71,4,0,-167,-10,4.87
fold2_room1_mix1119,72,4,0,-168,-9,5.38
fold2_room1_mix1119,73,4,0,-169,-7,6.18
fold2_room1_mix1119,74,4,0,-170,-7,5.67
fold2_room1_mix1119,75,4,0,-170,-7,7.09
fold2_room1_mix1119,76,4,0,-171,-5,7.68
fold2_room1_mix1119,77,4,0,-172,-5,8.21
fold2_room1_mix1119,78,4,0,-172,-6,8.53
fold2_room1_mix1119,79,4,0,-172,-5,8.24
fold2_room1_mix1119,80,4,0,-172,-5,8.98
fold2_room1_mix1119,81,4,0,-173,-5,9.94
fold2_room1_mix1119,82,4,0,-173,-5,9.50
fold2_room1_mix1119,83,4,0,-172,-5,10.13
fold2_room1_mix1119,84,4,0,-173,-4,11.48
fold2_room1_mix1119,85,4,0,-173,-4,11.68
fold2_room1_mix1119,86,4,0,-174,-3,12.09
fold2_room1_mix1119,87,4,0,-174,-3,12.67
fold2_room1_mix1119,88,4,0,-175,-3,13.76
fold2_room1_mix1119,89,4,0,-174,-3,13.85
fold2_room1_mix1119,90,4,0,-174,-3,14.39
fold2_room1_mix1119,91,4,0,-174,-3,14.90
fold2_room1_mix1119,92,4,0,-175,-2,15.58
fold2_room1_mix1119,93,4,0,-174,-2,15.83
fold2_room1_mix1119,94,4,0,-174,-2,16.04
fold2_room1_mix1119,95,4,0,-175,-2,16.78
fold2_room1_mix1119,96,4,0,-175,-2,17.49
fold2_room1_mix1119,97,4,0,-175,-2,17.86
fold2_room1_mix1119,98,4,0,-176,-2,17.70
fold2_room1_mix1119,99,4,0,-175,-2,16.54
fold2_room1_mix1120,4,4,0,1,0,15.24
fold2_room1_mix1120,5,4,0,2,-1,21.49
fold2_room1_mix1120,6,4,0,0,0,24.40
fold2_room1_mix1120,7,4,0,2,-1,27.86
fold2_room1_mix1120,8,4,0,4,-1,39.09
fold2_room1_mix1120,9,4,0,3,-1,41.79
fold2_room1_mix1120,10,4,0,2,-1,42.47
fold2_room1_mix1120,11,4,0,5,0,45.37
fold2_room1_mix1120,12,4,0,4,-1,43.49
fold2_room1_mix1120,13,4,0,2,0,42.04
fold2_room1_mix1120,14,4,0,2,0,44.93
fold2_room1_mix1120,15,4,0,2,-1,44.11
fold2_room1_mix1120,16,4,0,5,0,41.22
fold2_room1_mix1120,17,4,0,3,0,43.17
fold2_room1_mix1120,18,4,0,3,0,42.16
fold2_room1_mix1120,19,4,0,2,0,40.17
fold2_room1_mix1120,20,4,0,4,-1,39.74
fold2_room1_mix1120,21,4,0,3,0,39.14
fold2_room1_mix1120,22,4,0,3,0,37.66
fold2_room1_mix1120,23,4,0,2,-1,35.44
fold2_room1_mix1120,24,4,0,2,-1,36.06
fold2_room1_mix1120,25,4,0,1,-1,36.11
fold2_room1_mix1120,26,4,0,3,0,36.89
fold2_room1_mix1120,27,4,0,2,0,36.67
fold2_room1_mix1120,28,4,0,1,-1,34.60
fold2_room1_mix1120,29,4,0,1,-1,33.51
fold2_room1_mix1120,30,4,0,2,-1,33.76
fold2_room1_mix1120,31,4,0,2,-1,32.86
fold2_room1_mix1120,32,4,0,1,-1,34.24
fold2_room1_mix1120,33,4,0,1,-1,35.07
fold2_room1_mix1120,34,4,0,1,-1,34.01
fold2_room1_mix1120,35,4,0,1,-1,33.23
fold2_room1_mix1120,36,4,0,0,-1,32.54
fold2_room1_mix1120,37,4,0,0,-1,32.00
fold2_room1_mix1120,38,4,0,0,-1,30.31
fold2_room1_mix1120,39,4,0,0,-1,29.70
fold2_room1_mix1120,40,4,0,0,-1,29.86
fold2_room1_mix1120,41,4,0,0,-1,28.71
fold2_room1_mix1120,42,4,0,1,-1,27.16
fold2_room1_mix1120,43,4,0,0,-1,26.91
fold2_room1_mix1120,44,4,0,0,-1,25.83
fold2_room1_mix1120,45,4,0,0,-1,25.26
fold2_room1_mix1120,46,4,0,0,-1,24.26
fold2_room1_mix1120,47,4,0,0,-1,23.21
fold2_room1_mix1120,48,4,0,0,-1,21.94
fold2_room1_mix1120,49,4,0,-1,-1,21.84
fold2_room1_mix1120,50,4,0,-1,-1,21.18
fold2_room1_mix1120,51,4,0,0,-1,19.97
fold2_room1_mix1120,52,4,0,-1,-1,18.94
fold2_room1_mix1120,53,4,0,-2,-1,19.21
fold2_room1_mix1120,54,4,0,-2,-1,17.95
fold2_room1_mix1120,55,4,0,-3,-1,16.92
fold2_room1_mix1120,56,4,0,-3,-2,16.37
fold2_room1_mix1120,57,4,0,-3,-2,15.65
fold2_room1_mix1120,58,4,0,-4,-2,14.44
fold2_room1_mix1120,59,4,0,-3,-2,14.63
fold2_room1_mix1120,60,4,0,-4,-2,13.50
fold2_room1_mix1120,61,4,0,-4,-3,11.62
fold2_room1_mix1120,62,4,0,-4,-3,11.64
fold2_room1_mix1120,63,4,0,-5,-3,10.32
fold2_room1_mix1120,64,4,0,-6,-3,9.85
fold2_room1_mix1120,65,4,0,-7,-4,9.29
fold2_room1_mix1120,66,4,0,-8,-5,8.15
fold2_room1_mix1120,67,4,0,-8,-5,7.18
fold2_room1_mix1120,68,4,0,-10,-5,6.94
fold2_room1_mix1120,69,4,0,-10,-6,6.29
fold2_room1_mix1120,70,4,0,-12,-7,5.45
fold2_room1_mix1120,71,4,0,-14,-7,4.84
fold2_room1_mix1120,72,4,0,-16,-9,4.01
fold2_room1_mix1120,73,4,0,-20,-9,3.63
fold2_room1_mix1120,74,4,0,-23,-12,3.04
fold2_room1_mix1120,75,4,0,-30,-15,2.50
fold2_room1_mix1120,76,4,0,-40,-18,1.88
fold2_room1_mix1120,77,4,0,-57,-26,1.45
fold2_room1_mix1120,78,4,0,-87,-29,1.51
fold2_room1_mix1120,79,4,0,-117,-26,1.61
fold2_room1_mix1120,80,4,0,-137,-18,1.83
fold2_room1_mix1120,81,4,0,-145,-14,2.55
fold2_room1_mix1120,82,4,0,-152,-13,2.94
fold2_room1_mix1120,83,4,0,-157,-11,3.62
fold2_room1_mix1120,84,4,0,-159,-9,4.26
fold2_room1_mix1120,85,4,0,-163,-8,4.79
fold2_room1_mix1120,86,4,0,-164,-7,5.39
fold2_room1_mix1120,87,4,0,-165,-6,5.73
fold2_room1_mix1120,88,4,0,-167,-6,6.50
fold2_room1_mix1120,89,4,0,-168,-5,7.59
fold2_room1_mix1120,90,4,0,-169,-4,7.91
fold2_room1_mix1120,91,4,0,-169,-4,9.17
fold2_room1_mix1120,92,4,0,-169,-4,9.15
fold2_room1_mix1120,93,4,0,-171,-3,10.13
fold2_room1_mix1120,94,4,0,-171,-3,11.18
fold2_room1_mix1120,95,4,0,-171,-3,11.26
fold2_room1_mix1120,96,4,0,-172,-3,12.18
fold2_room1_mix1120,97,4,0,-173,-2,13.44
fold2_room1_mix1120,98,4,0,-173,-2,13.33
fold2_room1_mix1120,99,4,0,-174,-2,14.10
fold2_room1_mix1121,4,4,0,-173,0,2.45
fold2_room1_mix1121,5,4,0,-175,0,6.70
fold2_room1_mix1121,6,4,0,-173,0,13.30
fold2_room1_mix1121,7,4,0,-173,0,14.30
fold2_room1_mix1121,8,4,0,-173,0,18.56
fold2_room1_mix1121,9,4,0,-173,0,26.52
fold2_room1_mix1121,10,4,0,-172,0,27.75
fold2_room1_mix1121,11,4,0,-172,0,32.19
fold2_room1_mix1121,12,4,0,-171,0,31.17
fold2_room1_mix1121,13,4,0,-171,0,35.08
fold2_room1_mix1121,14,4,0,-171,0,33.11
fold2_room1_mix1121,15,4,0,-171,0,36.26
fold2_room1_mix1121,16,4,0,-169,0,31.98
fold2_room1_mix1121,17,4,0,-170,0,37.50
fold2_room1_mix1121,18,4,0,-168,0,38.16
fold2_room1_mix1121,19,4,0,-169,0,39.23
fold2_room1_mix1121,20,4,0,-170,0,39.52
fold2_room1_mix1121,21,4,0,-167,0,39.87
fold2_room1_mix1121,22,4,0,-166,0,39.95
fold2_room1_mix1121,23,4,0,-168,0,40.43
fold2_room1_mix1121,24,4,0,-166,0,39.05
fold2_room1_mix1121,25,4,0,-165,0,39.62
fold2_room1_mix1121,26,4,0,-164,0,39.39
fold2_room1_mix1121,27,4,0,-165,0,41.23
fold2_room1_mix1121,28,4,0,-163,0,41.88
fold2_room1_mix1121,29,4,0,-163,0,42.04
fold2_room1_mix1121,30,4,0,-165,0,41.89
fold2_room1_mix1121,31,4,0,-165,0,43.10
fold2_room1_mix1121,32,4,0,-164,0,43.01
fold2_room1_mix1121,33,4,0,-164,0,42.74
fold2_room1_mix1121,34,4,0,-164,0,43.49
fold2_room1_mix1121,35,4,0,-163,0,41.39
fold2_room1_mix1121,36,4,0,-162,0,43.72
fold2_room1_mix1121,37,4,0,-162,0,43.62
fold2_room1_mix1121,38,4,0,-162,0,42.80
fold2_room1_mix1121,39,4,0,-161,0,41.60
fold2_room1_mix1121,40,4,0,-159,0,39.65
fold2_room1_mix1121,41,4,0,-159,0,39.13
fold2_room1_mix1121,42,4,0,-160,0,39.48
fold2_room1_mix1121,43,4,0,-158,0,36.56
fold2_room1_mix1121,44,4,0,-157,0,35.72
fold2_room1_mix1121,45,4,0,-156,0,34.07
fold2_room1_mix1121,46,4,0,-156,0,34.17
fold2_room1_mix1121,47,4,0,-155,0,33.02
fold2_room1_mix1121,48,4,0,-155,0,32.86
fold2_room1_mix1121,49,4,0,-153,0,31.91
fold2_room1_mix1121,50,4,0,-153,0,31.72
fold2_room1_mix1121,51,4,0,-152,0,30.60
fold2_room1_mix1121,52,4,0,-150,-1,30.15
fold2_room1_mix1121,53,4,0,-147,-1,29.09
fold2_room1_mix1121,54,4,0,-147,-1,28.77
fold2_room1_mix1121,55,4,0,-146,-1,27.63
fold2_room1_mix1121,56,4,0,-145,-1,26.81
fold2_room1_mix1121,57,4,0,-145,-1,26.91
fold2_room1_mix1121,58,4,0,-142,-1,24.99
fold2_room1_mix1121,59,4,0,-142,-1,24.65
fold2_room1_mix1121,60,4,0,-140,-1,23.01
fold2_room1_mix1121,61,4,0,-140,-1,22.89
fold2_room1_mix1121,62,4,0,-137,-1,21.67
fold2_room1_mix1121,63,4,0,-137,-1,20.96
fold2_room1_mix1121,64,4,0,-134,-1,20.28
fold2_room1_mix1121,65,4,0,-131,-1,18.92
fold2_room1_mix1121,66,4,0,-128,-1,18.31
fold2_room1_mix1121,67,4,0,-128,-1,18.63
fold2_room1_mix1121,68,4,0,-126,-1,17.77
fold2_room1_mix1121,69,4,0,-125,-1,17.91
fold2_room1_mix1121,70,4,0,-123,-1,17.34
fold2_room1_mix1121,71,4,0,-121,-2,17.16
fold2_room1_mix1121,72,4,0,-119,-2,16.89
fold2_room1_mix1121,73,4,0,-117,-2,16.19
fold2_room1_mix1121,74,4,0,-115,-2,15.58
fold2_room1_mix1121,75,4,0,-112,-2,14.87
fold2_room1_mix1121,76,4,0,-110,-2,14.73
fold2_room1_mix1121,77,4,0,-107,-2,14.59
fold2_room1_mix1121,78,4,0,-105,-2,14.90
fold2_room1_mix1121,79,4,0,-101,-2,14.54
fold2_room1_mix1121,80,4,0,-98,-2,14.49
fold2_room1_mix1121,81,4,0,-95,-3,14.35
fold2_room1_mix1121,82,4,0,-93,-2,14.12
fold2_room1_mix1121,83,4,0,-91,-2,14.08
fold2_room1_mix1121,84,4,0,-88,-2,14.15
fold2_room1_mix1121,85,4,0,-86,-2,14.71
fold2_room1_mix1121,86,4,0,-84,-2,14.87
fold2_room1_mix1121,87,4,0,-80,-2,14.95
fold2_room1_mix1121,88,4,0,-78,-2,15.70
fold2_room1_mix1121,89,4,0,-76,-2,15.90
fold2_room1_mix1121,90,4,0,-73,-2,16.32
fold2_room1_mix1121,91,4,0,-71,-2,16.45
fold2_room1_mix1121,92,4,0,-68,-2,16.52
fold2_room1_mix1121,93,4,0,-65,-2,16.83
fold2_room1_mix1121,94,4,0,-63,-2,17.42
fold2_room1_mix1121,95,4,0,-60,-2,17.81
fold2_room1_mix1121,96,4,0,-59,-2,18.00
fold2_room1_mix1121,97,4,0,-55,-1,18.92
fold2_room1_mix1121,98,4,0,-53,-1,19.75
fold2_room1_mix1121,99,4,0,-51,-1,20.29
fold2_room1_mix1122,32,3,0,-54,-4,5.83
fold2_room1_mix1122,33,3,0,-46,-3,8.08
fold2_room1_mix1122,34,3,0,-52,-2,8.84
fold2_room1_mix1122,35,3,0,-51,-2,8.35
fold2_room1_mix1122,36,3,0,-54,-2,8.42
fold2_room1_mix1122,37,3,0,-52,-2,8.47
fold2_room1_mix1122,38,3,0,-53,-2,5.28
fold2_room1_mix1122,39,3,0,-58,-3,14.69
fold2_room1_mix1122,40,3,0,-62,-3,10.95
fold2_room1_mix1122,41,3,0,-66,-2,12.00
fold2_room1_mix1122,42,3,0,-68,-3,12.65
fold2_room1_mix1122,43,3,0,-69,-2,13.02
fold2_room1_mix1122,44,3,0,-65,-2,13.16
fold2_room1_mix1122,45,3,0,-68,-2,12.92
fold2_room1_mix1122,46,3,0,-70,-2,12.24
fold2_room1_mix1122,47,3,0,-71,-2,12.92
fold2_room1_mix1122,48,3,0,-71,-2,12.54
fold2_room1_mix1122,49,3,0,-69,-2,13.66
fold2_room1_mix1122,50,3,0,-68,-2,12.02
fold2_room1_mix1122,51,3,0,-69,-2,9.60
fold2_room1_mix1122,52,3,0,-72,-2,11.36
fold2_room1_mix1122,53,3,0,-74,-2,11.24
fold2_room1_mix1122,54,3,0,-76,-3,10.71
fold2_room1_mix1122,55,3,0,-80,-3,9.78
fold2_room1_mix1122,56,3,0,-82,-3,6.96
fold2_room1_mix1122,57,3,0,-85,-2,3.49
fold2_room1_mix1122,58,3,0,-89,-3,9.92
fold2_room1_mix1122,59,3,0,-89,-4,10.95
fold2_room1_mix1122,60,3,0,-87,-3,11.31
fold2_room1_mix1122,61,3,0,-88,-4,10.42
fold2_room1_mix1122,62,3,0,-90,-4,10.16
fold2_room1_mix1122,63,3,0,-93,-4,10.55
fold2_room1_mix1122,64,3,0,-92,-4,10.08
fold2_room1_mix1122,65,3,0,-91,-3,10.33
fold2_room1_mix1122,66,3,0,-93,-3,9.88
fold2_room1_mix1122,67,3,0,-92,-3,9.24
fold2_room1_mix1122,68,3,0,-88,-3,8.90
fold2_room1_mix1122,69,3,0,-87,-3,7.91
fold2_room1_mix1123,11,2,0,-60,-3,10.88
fold2_room1_mix1123,12,2,0,-58,-3,10.09
fold2_room1_mix1123,13,2,0,-56,-2,10.75
fold2_room1_mix1123,14,2,0,-63,-3,9.61
fold2_room1_mix1123,15,2,0,-63,-3,9.59
fold2_room1_mix1123,20,2,0,-62,-2,10.87
fold2_room1_mix1123,21,2,0,-113,-8,7.86
fold2_room1_mix1123,22,2,0,-105,-7,7.16
fold2_room1_mix1123,24,2,0,-163,-12,5.46
fold2_room1_mix1123,24,2,0,-124,-9,5.65
fold2_room1_mix1123,25,2,0,139,-9,5.84
fold2_room1_mix1123,25,2,0,-152,-12,6.08
fold2_room1_mix1123,30,2,0,-94,-4,8.18
fold2_room1_mix1123,31,2,0,138,-9,5.38
fold2_room1_mix1123,31,2,0,-116,-7,5.64
fold2_room1_mix1123,32,2,0,125,-8,4.76
fold2_room1_mix1123,32,2,0,-107,-7,4.92
fold2_room1_mix1123,34,2,0,156,-16,5.27
fold2_room1_mix1123,34,2,0,134,-12,5.28
fold2_room1_mix1123,34,2,0,-108,-8,5.31
fold2_room1_mix1123,35,2,0,150,-13,5.85
fold2_room1_mix1123,35,2,0,133,-10,5.82
fold2_room1_mix1123,35,2,0,-110,-8,5.89
fold2_room1_mix1123,40,2,0,-94,-5,6.38
fold2_room1_mix1123,42,2,0,-93,-6,6.28
fold2_room1_mix1123,43,2,0,-99,-7,5.73
fold2_room1_mix1123,44,2,0,-96,-6,6.49
fold2_room1_mix1123,45,2,0,-96,-7,6.81
fold2_room1_mix1123,51,2,0,71,-8,7.52
fold2_room1_mix1123,52,2,0,63,-6,9.41
fold2_room1_mix1123,53,2,0,69,-6,9.41
fold2_room1_mix1123,53,2,0,-63,-8,8.86
fold2_room1_mix1123,54,2,0,66,-6,8.85
fold2_room1_mix1123,54,2,0,-59,-9,8.20
fold2_room1_mix1123,55,2,0,58,-5,9.93
fold2_room1_mix1123,55,2,0,-18,-10,9.31
fold2_room1_mix1123,56,2,0,63,-7,6.89
fold2_room1_mix1123,61,2,0,50,-4,9.72
fold2_room1_mix1123,61,2,0,34,-6,9.57
fold2_room1_mix1123,62,2,0,49,-4,11.07
fold2_room1_mix1123,62,2,0,10,-7,10.70
fold2_room1_mix1123,63,2,0,49,-4,11.00
fold2_room1_mix1123,63,2,0,20,-6,10.69
fold2_room1_mix1123,64,2,0,50,-4,10.59
fold2_room1_mix1123,64,2,0,9,-8,10.09
fold2_room1_mix1123,41,2,0,107,-9,5.95
fold2_room1_mix1123,41,2,0,-92,-6,5.88
fold2_room1_mix1123,23,2,0,-100,-5,7.27
fold2_room1_mix1123,33,2,0,-106,-8,5.57
fold2_room1_mix1124,4,4,0,-173,0,7.01
fold2_room1_mix1124,5,4,0,-172,0,16.52
fold2_room1_mix1124,6,4,0,-171,0,19.22
fold2_room1_mix1124,7,4,0,-170,0,20.89
fold2_room1_mix1124,8,4,0,-169,0,31.72
fold2_room1_mix1124,9,4,0,-169,0,31.78
fold2_room1_mix1124,10,4,0,-168,0,32.00
fold2_room1_mix1124,11,4,0,-168,0,32.91
fold2_room1_mix1124,12,4,0,-167,0,32.46
fold2_room1_mix1124,13,4,0,-167,0,31.03
fold2_room1_mix1124,14,4,0,-167,0,31.73
fold2_room1_mix1124,15,4,0,-166,0,31.07
fold2_room1_mix1124,16,4,0,-166,0,30.09
fold2_room1_mix1124,17,4,0,-166,0,30.54
fold2_room1_mix1124,18,4,0,-164,0,30.99
fold2_room1_mix1124,19,4,0,-163,0,31.42
fold2_room1_mix1124,20,4,0,-162,0,29.14
fold2_room1_mix1124,21,4,0,-162,0,30.59
fold2_room1_mix1124,22,4,0,-163,-1,30.53
fold2_room1_mix1124,23,4,0,-163,-1,29.27
fold2_room1_mix1124,24,4,0,-162,-1,30.24
fold2_room1_mix1124,25,4,0,-161,-1,29.66
fold2_room1_mix1124,26,4,0,-160,-1,28.91
fold2_room1_mix1124,27,4,0,-160,-1,29.69
fold2_room1_mix1124,28,4,0,-159,-1,29.14
fold2_room1_mix1124,29,4,0,-156,-1,28.42
fold2_room1_mix1124,30,4,0,-157,-1,28.27
fold2_room1_mix1124,31,4,0,-155,-1,27.87
fold2_room1_mix1124,32,4,0,-156,-1,28.21
fold2_room1_mix1124,33,4,0,-156,-1,28.21
fold2_room1_mix1124,34,4,0,-155,-1,27.16
fold2_room1_mix1124,35,4,0,-156,-1,27.06
fold2_room1_mix1124,36,4,0,-155,-1,25.51
fold2_room1_mix1124,37,4,0,-152,-1,25.02
fold2_room1_mix1124,38,4,0,-153,-1,24.96
fold2_room1_mix1124,39,4,0,-152,-1,23.82
fold2_room1_mix1124,40,2,0,-92,-4,8.85
fold2_room1_mix1124,40,4,0,-152,-1,24.07
fold2_room1_mix1124,41,2,0,-85,-4,9.49
fold2_room1_mix1124,41,4,0,-151,-1,24.76
fold2_room1_mix1124,42,2,0,-94,-3,6.60
fold2_room1_mix1124,42,4,0,-151,-1,25.08
fold2_room1_mix1124,43,4,0,-150,-1,24.22
fold2_room1_mix1124,44,4,0,-150,-1,23.32
fold2_room1_mix1124,45,4,0,-147,-1,22.76
fold2_room1_mix1124,46,2,0,-91,-3,8.00
fold2_room1_mix1124,46,4,0,-150,-1,22.13
fold2_room1_mix1124,47,2,0,-87,-4,9.84
fold2_room1_mix1124,47,4,0,-148,-1,22.82
fold2_room1_mix1124,48,2,0,-80,-3,10.24
fold2_room1_mix1124,48,4,0,-150,-1,22.20
fold2_room1_mix1124,49,2,0,-84,-3,9.88
fold2_room1_mix1124,49,4,0,-150,-2,21.48
fold2_room1_mix1124,50,2,0,-82,-3,10.01
fold2_room1_mix1124,50,4,0,-148,-2,20.81
fold2_room1_mix1124,51,2,0,-80,-3,10.09
fold2_room1_mix1124,51,4,0,-148,-2,19.60
fold2_room1_mix1124,52,4,0,-147,-1,19.42
fold2_room1_mix1124,53,4,0,-142,-1,18.55
fold2_room1_mix1124,54,4,0,-141,-1,17.75
fold2_room1_mix1124,55,4,0,-140,-1,16.86
fold2_room1_mix1124,56,2,0,-83,-4,8.10
fold2_room1_mix1124,56,4,0,-139,-2,17.22
fold2_room1_mix1124,57,2,0,-86,-3,9.90
fold2_room1_mix1124,57,4,0,-141,-2,17.89
fold2_room1_mix1124,58,2,0,-88,-3,10.00
fold2_room1_mix1124,58,4,0,-138,-2,15.57
fold2_room1_mix1124,59,2,0,-85,-3,9.69
fold2_room1_mix1124,59,4,0,-137,-3,14.99
fold2_room1_mix1124,60,2,0,-86,-3,9.22
fold2_room1_mix1124,60,4,0,-136,-2,14.67
fold2_room1_mix1124,61,4,0,-133,-2,14.36
fold2_room1_mix1124,62,4,0,-130,-2,13.31
fold2_room1_mix1124,63,4,0,-129,-2,13.68
fold2_room1_mix1124,64,4,0,-127,-2,13.61
fold2_room1_mix1124,65,2,0,-85,-3,8.76
fold2_room1_mix1124,65,4,0,-125,-2,13.48
fold2_room1_mix1124,66,2,0,-88,-3,10.52
fold2_room1_mix1124,66,4,0,-124,-2,13.98
fold2_room1_mix1124,67,2,0,-85,-3,10.53
fold2_room1_mix1124,67,4,0,-123,-3,12.71
fold2_room1_mix1124,68,2,0,-89,-2,11.97
fold2_room1_mix1124,68,4,0,-122,-3,12.10
fold2_room1_mix1124,69,2,0,-84,-3,11.14
fold2_room1_mix1124,69,4,0,-118,-3,11.94
fold2_room1_mix1124,70,2,0,-83,-3,10.44
fold2_room1_mix1124,70,4,0,-116,-3,11.71
fold2_room1_mix1124,71,4,0,-113,-3,10.74
fold2_room1_mix1124,72,4,0,-109,-3,11.28
fold2_room1_mix1124,73,4,0,-108,-3,11.30
fold2_room1_mix1124,74,2,0,-88,-3,9.26
fold2_room1_mix1124,74,4,0,-104,-3,12.00
fold2_room1_mix1124,75,2,0,-90,-3,11.10
fold2_room1_mix1124,75,4,0,-101,-3,12.28
fold2_room1_mix1124,76,2,0,-88,-2,12.61
fold2_room1_mix1124,76,4,0,-99,-3,12.10
fold2_room1_mix1124,77,2,0,-89,-2,12.36
fold2_room1_mix1124,77,4,0,-97,-3,11.55
fold2_room1_mix1124,78,2,0,-87,-3,11.56
fold2_room1_mix1124,78,4,0,-93,-3,11.71
fold2_room1_mix1124,79,2,0,-85,-3,11.95
fold2_room1_mix1124,79,4,0,-90,-3,11.79
fold2_room1_mix1124,80,4,0,-86,-3,11.26
fold2_room1_mix1124,81,4,0,-83,-2,11.27
fold2_room1_mix1124,82,4,0,-80,-3,11.39
fold2_room1_mix1124,83,4,0,-78,-2,12.35
fold2_room1_mix1124,84,4,0,-74,-2,12.04
fold2_room1_mix1124,85,4,0,-72,-2,12.64
fold2_room1_mix1124,86,4,0,-69,-2,12.57
fold2_room1_mix1124,87,4,0,-66,-2,12.28
fold2_room1_mix1124,88,4,0,-65,-2,12.82
fold2_room1_mix1124,89,4,0,-63,-2,13.19
fold2_room1_mix1124,90,4,0,-61,-2,12.84
fold2_room1_mix1124,91,4,0,-58,-2,13.97
fold2_room1_mix1124,92,4,0,-56,-2,14.01
fold2_room1_mix1124,93,4,0,-53,-2,13.95
fold2_room1_mix1124,94,4,0,-52,-2,14.53
fold2_room1_mix1124,95,4,0,-50,-2,14.83
fold2_room1_mix1124,96,4,0,-49,-2,15.19
fold2_room1_mix1124,97,4,0,-47,-1,16.59
fold2_room1_mix1124,98,4,0,-45,-2,16.61
fold2_room1_mix1124,99,4,0,-43,-2,17.43
fold2_room1_mix1125,0,5,0,161,3,3.04
fold2_room1_mix1125,1,5,0,153,2,4.11
fold2_room1_mix1125,2,5,0,145,3,7.39
fold2_room1_mix1125,3,5,0,143,3,6.85
fold2_room1_mix1125,5,5,0,149,3,10.18
fold2_room1_mix1125,6,5,0,151,3,11.63
fold2_room1_mix1125,7,5,0,143,4,10.51
fold2_room1_mix1125,8,5,0,147,4,9.56
fold2_room1_mix1125,9,5,0,153,3,12.47
fold2_room1_mix1125,10,5,0,156,4,9.87
fold2_room1_mix1125,11,5,0,154,5,8.89
fold2_room1_mix1125,12,5,0,152,4,10.06
fold2_room1_mix1125,13,5,0,155,4,10.68
fold2_room1_mix1125,14,5,0,154,4,9.80
fold2_room1_mix1125,15,5,0,153,4,9.08
fold2_room1_mix1125,16,5,0,153,3,10.41
fold2_room1_mix1125,17,5,0,154,5,8.88
fold2_room1_mix1125,18,5,0,152,4,9.34
fold2_room1_mix1125,19,5,0,148,4,9.76
fold2_room1_mix1125,20,5,0,151,4,9.34
fold2_room1_mix1125,21,5,0,152,4,10.23
fold2_room1_mix1125,22,5,0,150,3,11.40
fold2_room1_mix1125,23,5,0,152,4,9.24
fold2_room1_mix1125,24,5,0,149,4,8.65
fold2_room1_mix1125,25,5,0,152,3,11.91
fold2_room1_mix1125,26,5,0,154,5,8.88
fold2_room1_mix1125,27,5,0,146,5,8.63
fold2_room1_mix1125,28,5,0,150,4,10.18
fold2_room1_mix1125,29,5,0,148,4,9.46
fold2_room1_mix1125,30,5,0,147,4,9.06
fold2_room1_mix1125,31,5,0,148,3,11.18
fold2_room1_mix1125,32,5,0,147,4,10.22
fold2_room1_mix1125,33,4,0,171,-1,4.10
fold2_room1_mix1125,33,5,0,146,5,8.92
fold2_room1_mix1125,34,2,0,95,-4,3.33
fold2_room1_mix1125,34,5,0,148,3,10.27
fold2_room1_mix1125,35,4,0,168,-1,5.13
fold2_room1_mix1125,35,5,0,144,4,9.51
fold2_room1_mix1125,36,4,0,172,-1,5.38
fold2_room1_mix1125,36,5,0,146,4,10.46
fold2_room1_mix1125,37,4,0,169,-2,12.89
fold2_room1_mix1125,37,5,0,151,5,8.27
fold2_room1_mix1125,38,4,0,171,-2,10.00
fold2_room1_mix1125,38,5,0,145,4,9.09
fold2_room1_mix1125,39,2,0,118,-4,2.56
fold2_room1_mix1125,39,4,0,171,-1,12.93
fold2_room1_mix1125,39,5,0,151,4,9.26
fold2_room1_mix1125,40,2,0,118,-6,3.63
fold2_room1_mix1125,40,4,0,171,-1,14.12
fold2_room1_mix1125,40,5,0,148,5,7.73
fold2_room1_mix1125,41,2,0,120,-7,4.09
fold2_room1_mix1125,41,4,0,168,-2,13.93
fold2_room1_mix1125,41,5,0,145,4,9.90
fold2_room1_mix1125,42,2,0,115,-7,4.14
fold2_room1_mix1125,42,4,0,167,-2,13.54
fold2_room1_mix1125,42,5,0,153,5,8.00
fold2_room1_mix1125,43,2,0,112,-6,3.87
fold2_room1_mix1125,43,4,0,168,-2,12.99
fold2_room1_mix1125,43,5,0,149,6,6.92
fold2_room1_mix1125,44,2,0,107,-6,4.17
fold2_room1_mix1125,44,4,0,164,-2,11.74
fold2_room1_mix1125,44,5,0,148,5,7.60
fold2_room1_mix1125,45,4,0,166,-2,11.61
fold2_room1_mix1125,45,5,0,151,4,8.86
fold2_room1_mix1125,46,4,0,166,-2,10.72
fold2_room1_mix1125,46,5,0,151,5,9.10
fold2_room1_mix1125,47,4,0,163,-3,9.68
fold2_room1_mix1125,47,5,0,147,4,9.83
fold2_room1_mix1125,48,4,0,163,-3,8.69
fold2_room1_mix1125,48,5,0,152,5,9.60
fold2_room1_mix1125,49,2,0,100,-6,5.00
fold2_room1_mix1125,49,4,0,161,-4,7.89
fold2_room1_mix1125,49,5,0,150,5,7.44
fold2_room1_mix1125,50,2,0,100,-7,4.62
fold2_room1_mix1125,50,4,0,159,-5,6.39
fold2_room1_mix1125,50,5,0,146,4,9.04
fold2_room1_mix1125,51,2,0,94,-8,4.40
fold2_room1_mix1125,51,4,0,157,-6,5.56
fold2_room1_mix1125,51,5,0,143,5,8.05
fold2_room1_mix1125,52,2,0,90,-9,4.33
fold2_room1_mix1125,52,4,0,155,-7,4.90
fold2_room1_mix1125,52,5,0,153,5,7.24
fold2_room1_mix1125,53,2,0,87,-9,4.29
fold2_room1_mix1125,53,4,0,149,-9,5.01
fold2_room1_mix1125,53,5,0,153,5,7.97
fold2_room1_mix1125,54,2,0,93,-8,4.27
fold2_room1_mix1125,54,4,0,150,-12,4.43
fold2_room1_mix1125,54,4,0,124,-9,4.75
fold2_room1_mix1125,54,5,0,141,5,7.35
fold2_room1_mix1125,55,4,0,169,-10,5.71
fold2_room1_mix1125,55,4,0,114,-15,3.19
fold2_room1_mix1125,55,5,0,158,5,8.76
fold2_room1_mix1125,56,4,0,179,-8,5.34
fold2_room1_mix1125,56,4,0,74,-13,2.80
fold2_room1_mix1125,56,5,0,150,7,6.96
fold2_room1_mix1125,57,4,0,-176,-6,6.80
fold2_room1_mix1125,57,4,0,61,-15,2.56
fold2_room1_mix1125,57,5,0,136,5,7.25
fold2_room1_mix1125,58,4,0,176,-6,5.12
fold2_room1_mix1125,58,4,0,38,-8,3.01
fold2_room1_mix1125,58,5,0,147,7,6.46
fold2_room1_mix1125,59,4,0,173,-5,5.22
fold2_room1_mix1125,59,4,0,35,-6,4.17
fold2_room1_mix1125,59,5,0,151,6,7.55
fold2_room1_mix1125,60,2,0,89,-7,3.32
fold2_room1_mix1125,60,4,0,173,-6,5.34
fold2_room1_mix1125,60,4,0,29,-6,4.62
fold2_room1_mix1125,60,5,0,146,5,8.16
fold2_room1_mix1125,61,2,0,93,-6,3.15
fold2_room1_mix1125,61,4,0,171,-5,5.04
fold2_room1_mix1125,61,4,0,29,-4,5.35
fold2_room1_mix1125,61,5,0,153,5,7.92
fold2_room1_mix1125,62,4,0,161,-5,3.57
fold2_room1_mix1125,62,4,0,29,-3,4.96
fold2_room1_mix1125,62,5,0,142,8,5.78
fold2_room1_mix1125,63,2,0,96,-6,2.53
fold2_room1_mix1125,63,4,0,152,-7,4.01
fold2_room1_mix1125,63,4,0,25,-3,7.10
fold2_room1_mix1125,63,5,0,148,5,7.04
fold2_room1_mix1125,64,2,0,90,-6,2.04
fold2_room1_mix1125,64,4,0,145,-6,3.76
fold2_room1_mix1125,64,4,0,26,-3,6.27
fold2_room1_mix1125,64,5,0,149,6,6.73
fold2_room1_mix1125,65,4,0,127,-9,3.20
fold2_room1_mix1125,65,4,0,110,-8,4.07
fold2_room1_mix1125,65,4,0,23,-4,7.04
fold2_room1_mix1125,65,5,0,149,8,5.56
fold2_room1_mix1125,66,4,0,99,-8,2.71
fold2_room1_mix1125,66,4,0,65,-4,4.63
fold2_room1_mix1125,66,4,0,25,-3,6.70
fold2_room1_mix1125,66,5,0,129,11,4.45
fold2_room1_mix1125,67,4,0,92,-11,1.94
fold2_room1_mix1125,67,4,0,23,-3,6.54
fold2_room1_mix1125,67,5,0,141,7,6.12
fold2_room1_mix1125,68,4,0,66,-10,2.07
fold2_room1_mix1125,68,4,0,16,-3,7.22
fold2_room1_mix1125,68,5,0,151,9,5.45
fold2_room1_mix1125,69,4,0,50,-9,2.87
fold2_room1_mix1125,69,4,0,13,-4,7.04
fold2_room1_mix1125,69,5,0,146,6,6.99
fold2_room1_mix1125,70,4,0,35,-7,2.87
fold2_room1_mix1125,70,4,0,14,-4,6.06
fold2_room1_mix1125,70,5,0,148,6,7.02
fold2_room1_mix1125,71,4,0,30,-5,4.16
fold2_room1_mix1125,71,4,0,11,-3,7.10
fold2_room1_mix1125,71,5,0,158,4,7.80
fold2_room1_mix1125,72,4,0,16,-4,5.90
fold2_room1_mix1125,72,5,0,151,4,9.16
fold2_room1_mix1125,73,4,0,13,-3,7.44
fold2_room1_mix1125,73,5,0,149,4,8.51
fold2_room1_mix1125,74,4,0,10,-2,6.75
fold2_room1_mix1125,74,5,0,157,3,10.50
fold2_room1_mix1125,75,4,0,11,-2,7.85
fold2_room1_mix1125,75,5,0,154,4,8.52
fold2_room1_mix1125,76,4,0,11,-2,7.72
fold2_room1_mix1125,76,5,0,152,3,10.13
fold2_room1_mix1125,77,4,0,11,-1,10.04
fold2_room1_mix1125,77,5,0,144,4,8.62
fold2_room1_mix1125,78,4,0,10,-2,10.09
fold2_room1_mix1125,78,5,0,149,4,9.20
fold2_room1_mix1125,79,4,0,10,-2,11.19
fold2_room1_mix1125,79,5,0,151,2,11.65
fold2_room1_mix1125,80,4,0,11,-1,10.78
fold2_room1_mix1125,80,5,0,148,4,10.46
fold2_room1_mix1125,81,4,0,10,-1,12.27
fold2_room1_mix1125,81,5,0,148,5,7.62
fold2_room1_mix1125,82,4,0,10,-1,12.53
fold2_room1_mix1125,82,5,0,152,4,9.86
fold2_room1_mix1125,83,4,0,9,-1,13.72
fold2_room1_mix1125,83,5,0,151,4,9.25
fold2_room1_mix1125,84,4,0,8,-1,12.70
fold2_room1_mix1125,84,5,0,151,5,8.67
fold2_room1_mix1125,85,4,0,8,-1,14.70
fold2_room1_mix1125,85,5,0,149,4,9.26
fold2_room1_mix1125,86,4,0,8,-1,12.88
fold2_room1_mix1125,86,5,0,150,4,8.89
fold2_room1_mix1125,87,4,0,7,-1,13.08
fold2_room1_mix1125,87,5,0,153,4,9.94
fold2_room1_mix1125,88,4,0,11,-1,4.84
fold2_room1_mix1125,88,5,0,149,4,8.89
fold2_room1_mix1125,89,4,0,7,0,13.29
fold2_room1_mix1125,89,5,0,145,4,9.44
fold2_room1_mix1125,90,4,0,7,-1,11.62
fold2_room1_mix1125,90,5,0,148,4,8.88
fold2_room1_mix1125,91,4,0,10,-1,4.34
fold2_room1_mix1125,91,5,0,152,4,8.85
fold2_room1_mix1125,92,5,0,150,4,9.42
fold2_room1_mix1125,93,5,0,149,4,9.57
fold2_room1_mix1125,94,5,0,152,4,8.68
fold2_room1_mix1125,95,5,0,150,4,10.32
fold2_room1_mix1125,96,5,0,144,5,8.48
fold2_room1_mix1125,97,5,0,149,5,8.17
fold2_room1_mix1125,98,5,0,148,5,8.02
fold2_room1_mix1125,99,5,0,152,5,8.33
fold2_room1_mix1126,0,5,0,83,3,2.40
fold2_room1_mix1126,1,5,0,86,5,5.04
fold2_room1_mix1126,2,4,0,-179,0,2.10
fold2_room1_mix1126,2,4,0,1,1,2.09
fold2_room1_mix1126,2,5,0,77,13,2.51
fold2_room1_mix1126,3,4,0,-176,0,4.46
fold2_room1_mix1126,3,4,0,0,0,4.44
fold2_room1_mix1126,3,5,0,89,12,1.91
fold2_room1_mix1126,4,4,0,-171,-1,16.82
fold2_room1_mix1126,4,4,0,4,-2,14.10
fold2_room1_mix1126,4,5,0,92,9,4.49
fold2_room1_mix1126,5,4,0,-176,-1,15.65
fold2_room1_mix1126,5,4,0,6,-1,15.92
fold2_room1_mix1126,5,5,0,88,11,4.73
fold2_room1_mix1126,6,4,0,-174,0,23.77
fold2_room1_mix1126,6,4,0,2,-1,18.50
fold2_room1_mix1126,6,5,0,94,11,4.91
fold2_room1_mix1126,7,4,0,-176,-2,25.89
fold2_room1_mix1126,7,4,0,5,-2,24.19
fold2_room1_mix1126,7,5,0,89,14,3.81
fold2_room1_mix1126,8,4,0,-172,0,35.23
fold2_room1_mix1126,8,4,0,6,-1,26.80
fold2_room1_mix1126,8,5,0,100,11,4.37
fold2_room1_mix1126,9,4,0,-173,0,29.75
fold2_room1_mix1126,9,4,0,3,-2,22.84
fold2_room1_mix1126,9,5,0,84,13,4.12
fold2_room1_mix1126,10,4,0,-174,0,31.06
fold2_room1_mix1126,10,4,0,3,-2,20.28
fold2_room1_mix1126,10,5,0,89,15,3.79
fold2_room1_mix1126,11,4,0,-175,0,33.01
fold2_room1_mix1126,11,4,0,4,-2,21.76
fold2_room1_mix1126,11,5,0,90,15,3.67
fold2_room1_mix1126,12,4,0,-173,0,29.51
fold2_room1_mix1126,12,4,0,3,-3,19.87
fold2_room1_mix1126,12,5,0,82,14,3.95
fold2_room1_mix1126,13,4,0,-174,-1,29.10
fold2_room1_mix1126,13,4,0,1,-2,19.88
fold2_room1_mix1126,13,5,0,86,13,4.30
fold2_room1_mix1126,14,4,0,-174,0,29.57
fold2_room1_mix1126,14,4,0,1,-2,21.12
fold2_room1_mix1126,14,5,0,91,14,3.72
fold2_room1_mix1126,15,4,0,-174,0,29.45
fold2_room1_mix1126,15,4,0,1,-2,20.39
fold2_room1_mix1126,15,5,0,86,17,3.24
fold2_room1_mix1126,16,4,0,-174,0,28.43
fold2_room1_mix1126,16,4,0,0,-2,19.51
fold2_room1_mix1126,16,5,0,90,13,4.25
fold2_room1_mix1126,17,4,0,-178,-2,25.22
fold2_room1_mix1126,17,4,0,0,-3,20.24
fold2_room1_mix1126,17,5,0,87,13,4.09
fold2_room1_mix1126,18,4,0,-174,-2,23.91
fold2_room1_mix1126,18,4,0,2,-3,20.46
fold2_room1_mix1126,18,5,0,84,14,3.80
fold2_room1_mix1126,19,4,0,-172,0,27.63
fold2_room1_mix1126,19,4,0,-1,-2,18.84
fold2_room1_mix1126,19,5,0,88,14,3.75
fold2_room1_mix1126,20,4,0,-174,0,27.45
fold2_room1_mix1126,20,4,0,0,-2,18.14
fold2_room1_mix1126,20,5,0,81,14,3.61
fold2_room1_mix1126,21,4,0,-171,-1,24.59
fold2_room1_mix1126,21,4,0,0,-2,18.53
fold2_room1_mix1126,21,5,0,84,14,3.53
fold2_room1_mix1126,22,4,0,-172,-1,24.24
fold2_room1_mix1126,22,4,0,-6,-3,18.99
fold2_room1_mix1126,22,5,0,85,13,4.18
fold2_room1_mix1126,23,4,0,-172,-3,19.48
fold2_room1_mix1126,23,4,0,-6,-3,17.46
fold2_room1_mix1126,23,5,0,83,13,3.91
fold2_room1_mix1126,24,4,0,-171,0,21.25
fold2_room1_mix1126,24,4,0,-2,-3,15.64
fold2_room1_mix1126,24,5,0,85,12,4.03
fold2_room1_mix1126,25,4,0,-176,-1,20.48
fold2_room1_mix1126,25,4,0,-9,-2,16.95
fold2_room1_mix1126,25,5,0,83,13,4.26
fold2_room1_mix1126,26,4,0,-173,-1,19.29
fold2_room1_mix1126,26,4,0,-9,-2,15.68
fold2_room1_mix1126,26,5,0,82,13,4.18
fold2_room1_mix1126,27,4,0,-174,-1,18.62
fold2_room1_mix1126,27,4,0,-9,-2,16.06
fold2_room1_mix1126,27,5,0,88,13,4.12
fold2_room1_mix1126,28,4,0,-179,-1,19.90
fold2_room1_mix1126,28,4,0,-14,-2,14.87
fold2_room1_mix1126,28,5,0,83,14,4.04
fold2_room1_mix1126,29,4,0,-178,-1,19.42
fold2_room1_mix1126,29,4,0,-17,-2,14.57
fold2_room1_mix1126,29,5,0,84,13,4.16
fold2_room1_mix1126,30,4,0,-172,-1,20.47
fold2_room1_mix1126,30,4,0,171,-1,15.98
fold2_room1_mix1126,30,4,0,-14,-2,14.14
fold2_room1_mix1126,30,5,0,89,13,4.15
fold2_room1_mix1126,31,4,0,-179,-2,17.43
fold2_room1_mix1126,31,4,0,-18,-2,13.25
fold2_room1_mix1126,31,5,0,82,13,4.07
fold2_room1_mix1126,32,4,0,-172,-2,17.16
fold2_room1_mix1126,32,4,0,171,-1,16.65
fold2_room1_mix1126,32,4,0,-14,-2,12.98
fold2_room1_mix1126,32,5,0,88,14,4.08
fold2_room1_mix1126,33,4,0,179,-2,16.45
fold2_room1_mix1126,33,4,0,-20,-2,11.74
fold2_room1_mix1126,33,5,0,88,13,4.09
fold2_room1_mix1126,34,4,0,-177,-2,15.04
fold2_room1_mix1126,34,4,0,-18,-2,11.53
fold2_room1_mix1126,34,5,0,79,13,4.06
fold2_room1_mix1126,35,4,0,-179,-2,15.88
fold2_room1_mix1126,35,4,0,-21,-2,10.54
fold2_room1_mix1126,35,5,0,91,14,4.28
fold2_room1_mix1126,36,4,0,-176,-2,13.46
fold2_room1_mix1126,36,4,0,-21,-2,10.38
fold2_room1_mix1126,36,5,0,79,14,4.08
fold2_room1_mix1126,37,4,0,-176,-2,12.93
fold2_room1_mix1126,37,4,0,-18,-2,9.72
fold2_room1_mix1126,37,5,0,89,14,4.11
fold2_room1_mix1126,38,4,0,-176,-2,13.10
fold2_room1_mix1126,38,4,0,-14,-2,10.02
fold2_room1_mix1126,38,5,0,90,13,4.37
fold2_room1_mix1126,39,4,0,176,-1,15.23
fold2_room1_mix1126,39,4,0,-164,-3,10.67
fold2_room1_mix1126,39,4,0,-16,-3,8.62
fold2_room1_mix1126,39,5,0,87,14,4.12
fold2_room1_mix1126,40,4,0,177,-2,14.56
fold2_room1_mix1126,40,4,0,-166,-4,9.58
fold2_room1_mix1126,40,4,0,-18,-3,8.31
fold2_room1_mix1126,40,5,0,84,12,4.35
fold2_room1_mix1126,41,4,0,174,-2,16.32
fold2_room1_mix1126,41,4,0,-159,-4,9.54
fold2_room1_mix1126,41,4,0,-23,-4,7.29
fold2_room1_mix1126,41,5,0,86,13,4.54
fold2_room1_mix1126,42,4,0,175,-3,13.05
fold2_room1_mix1126,42,4,0,-161,-2,10.62
fold2_room1_mix1126,42,4,0,-26,-5,6.25
fold2_room1_mix1126,42,5,0,85,13,4.24
fold2_room1_mix1126,43,4,0,171,-4,11.79
fold2_room1_mix1126,43,4,0,-159,-3,10.22
fold2_room1_mix1126,43,4,0,-25,-5,5.80
fold2_room1_mix1126,43,5,0,80,13,4.20
fold2_room1_mix1126,44,4,0,167,-2,14.47
fold2_room1_mix1126,44,4,0,-155,-3,9.31
fold2_room1_mix1126,44,4,0,-29,-5,5.15
fold2_room1_mix1126,44,5,0,85,12,4.40
fold2_room1_mix1126,45,4,0,170,-2,13.81
fold2_room1_mix1126,45,4,0,-152,-2,9.07
fold2_room1_mix1126,45,4,0,-30,-5,4.77
fold2_room1_mix1126,45,5,0,86,12,4.73
fold2_room1_mix1126,46,4,0,174,-3,12.26
fold2_room1_mix1126,46,4,0,-149,-4,8.24
fold2_room1_mix1126,46,4,0,-32,-7,3.77
fold2_room1_mix1126,46,5,0,69,12,4.56
fold2_room1_mix1126,47,4,0,174,-2,13.68
fold2_room1_mix1126,47,4,0,-141,-4,7.31
fold2_room1_mix1126,47,4,0,-33,-8,3.79
fold2_room1_mix1126,47,5,0,56,12,4.11
fold2_room1_mix1126,48,3,0,-74,-5,12.71
fold2_room1_mix1126,48,4,0,-174,-3,10.21
fold2_room1_mix1126,48,4,0,-70,-9,5.17
fold2_room1_mix1126,48,4,0,-21,-6,4.94
fold2_room1_mix1126,48,5,0,71,13,4.25
fold2_room1_mix1126,49,3,0,-76,-5,10.86
fold2_room1_mix1126,49,4,0,176,-4,7.89
fold2_room1_mix1126,49,4,0,-92,-9,6.37
fold2_room1_mix1126,49,4,0,-27,-6,4.46
fold2_room1_mix1126,49,5,0,72,12,4.51
fold2_room1_mix1126,50,3,0,-76,-5,10.86
fold2_room1_mix1126,50,4,0,176,-4,7.89
fold2_room1_mix1126,50,4,0,-64,-8,6.41
fold2_room1_mix1126,50,4,0,-28,-6,4.82
fold2_room1_mix1126,50,5,0,57,11,4.45
fold2_room1_mix1126,51,3,0,-63,-4,9.89
fold2_room1_mix1126,51,4,0,179,-3,9.65
fold2_room1_mix1126,51,4,0,-77,-7,6.59
fold2_room1_mix1126,51,4,0,-24,-5,5.45
fold2_room1_mix1126,51,5,0,69,13,4.25
fold2_room1_mix1126,52,3,0,-62,-4,9.53
fold2_room1_mix1126,52,4,0,174,-3,10.03
fold2_room1_mix1126,52,4,0,-82,-8,6.79
fold2_room1_mix1126,52,4,0,-41,-10,3.75
fold2_room1_mix1126,52,5,0,64,13,4.15
fold2_room1_mix1126,53,3,0,-54,-3,11.02
fold2_room1_mix1126,53,4,0,177,-3,9.66
fold2_room1_mix1126,53,4,0,-54,-9,5.15
fold2_room1_mix1126,53,5,0,71,14,3.96
fold2_room1_mix1126,54,3,0,-61,-4,9.10
fold2_room1_mix1126,54,4,0,179,-4,8.50
fold2_room1_mix1126,54,4,0,-59,-9,4.92
fold2_room1_mix1126,54,5,0,72,12,4.93
fold2_room1_mix1126,55,3,0,-54,-4,2.53
fold2_room1_mix1126,55,4,0,-172,-5,7.52
fold2_room1_mix1126,55,4,0,-121,-9,5.11
fold2_room1_mix1126,55,4,0,-93,-12,3.73
fold2_room1_mix1126,55,5,0,69,13,4.68
fold2_room1_mix1126,56,4,0,-168,-7,6.38
fold2_room1_mix1126,56,4,0,-117,-9,5.39
fold2_room1_mix1126,56,4,0,-98,-11,4.35
fold2_room1_mix1126,56,5,0,71,14,4.84
fold2_room1_mix1126,57,4,0,-169,-5,6.84
fold2_room1_mix1126,57,4,0,-137,-7,4.78
fold2_room1_mix1126,57,4,0,-117,-9,4.54
fold2_room1_mix1126,57,5,0,81,13,5.12
fold2_room1_mix1126,58,4,0,-166,-6,6.61
fold2_room1_mix1126,58,4,0,-133,-9,3.92
fold2_room1_mix1126,58,5,0,74,13,4.94
fold2_room1_mix1126,59,4,0,-166,-6,6.71
fold2_room1_mix1126,59,4,0,-136,-10,3.64
fold2_room1_mix1126,59,5,0,73,13,4.97
fold2_room1_mix1126,60,3,0,-31,-3,15.08
fold2_room1_mix1126,60,4,0,-164,-6,5.59
fold2_room1_mix1126,60,4,0,-134,-8,3.51
fold2_room1_mix1126,60,5,0,73,13,4.93
fold2_room1_mix1126,61,3,0,-45,-3,12.51
fold2_room1_mix1126,61,4,0,-161,-5,4.56
fold2_room1_mix1126,61,4,0,-120,-8,3.45
fold2_room1_mix1126,61,5,0,89,13,4.79
fold2_room1_mix1126,62,3,0,-37,-3,12.21
fold2_room1_mix1126,62,4,0,-175,-4,6.26
fold2_room1_mix1126,62,4,0,-124,-6,4.10
fold2_room1_mix1126,62,4,0,-105,-13,2.85
fold2_room1_mix1126,62,5,0,84,13,5.38
fold2_room1_mix1126,63,3,0,-29,-3,11.51
fold2_room1_mix1126,63,4,0,-174,-3,7.03
fold2_room1_mix1126,63,4,0,-98,-7,4.09
fold2_room1_mix1126,63,4,0,-74,-13,2.70
fold2_room1_mix1126,63,5,0,80,14,5.06
fold2_room1_mix1126,64,3,0,-15,-3,11.42
fold2_room1_mix1126,64,4,0,-172,-1,8.52
fold2_room1_mix1126,64,4,0,-83,-7,4.38
fold2_room1_mix1126,64,4,0,-49,-9,3.16
fold2_room1_mix1126,64,5,0,82,13,5.15
fold2_room1_mix1126,65,3,0,-36,-3,10.18
fold2_room1_mix1126,65,4,0,-171,-1,8.72
fold2_room1_mix1126,65,4,0,-64,-5,4.91
fold2_room1_mix1126,65,4,0,-35,-7,3.48
fold2_room1_mix1126,65,5,0,97,14,4.98
fold2_room1_mix1126,66,3,0,-36,-3,10.16
fold2_room1_mix1126,66,4,0,-169,-2,8.12
fold2_room1_mix1126,66,4,0,-55,-5,5.36
fold2_room1_mix1126,66,4,0,-18,-4,5.02
fold2_room1_mix1126,66,5,0,92,16,4.29
fold2_room1_mix1126,67,3,0,-42,-3,8.75
fold2_room1_mix1126,67,4,0,-165,-2,7.94
fold2_room1_mix1126,67,4,0,-48,-4,5.31
fold2_room1_mix1126,67,4,0,-16,-3,5.41
fold2_room1_mix1126,67,5,0,107,15,4.93
fold2_room1_mix1126,68,3,0,-47,-4,6.09
fold2_room1_mix1126,68,4,0,-162,-3,8.17
fold2_room1_mix1126,68,4,0,-37,-4,5.84
fold2_room1_mix1126,68,4,0,-14,-3,5.68
fold2_room1_mix1126,68,5,0,96,15,4.47
fold2_room1_mix1126,69,3,0,-44,-4,3.63
fold2_room1_mix1126,69,4,0,-169,-3,8.99
fold2_room1_mix1126,69,4,0,-20,-3,6.19
fold2_room1_mix1126,69,5,0,94,13,4.60
fold2_room1_mix1126,70,3,0,-55,-4,5.42
fold2_room1_mix1126,70,4,0,-171,-2,9.46
fold2_room1_mix1126,70,4,0,-19,-2,6.18
fold2_room1_mix1126,70,5,0,99,13,4.51
fold2_room1_mix1126,71,3,0,-55,-4,3.41
fold2_room1_mix1126,71,4,0,-167,-2,8.50
fold2_room1_mix1126,71,4,0,-19,-2,6.07
fold2_room1_mix1126,71,5,0,82,13,4.56
fold2_room1_mix1126,72,3,0,-51,-4,13.05
fold2_room1_mix1126,72,4,0,-169,-2,12.63
fold2_room1_mix1126,72,4,0,-14,-3,7.46
fold2_room1_mix1126,72,5,0,86,14,4.31
fold2_room1_mix1126,73,3,0,-40,-3,14.29
fold2_room1_mix1126,73,4,0,-170,0,13.26
fold2_room1_mix1126,73,4,0,-14,-3,7.68
fold2_room1_mix1126,73,5,0,92,13,4.83
fold2_room1_mix1126,74,3,0,-44,-3,13.32
fold2_room1_mix1126,74,4,0,-166,-1,11.48
fold2_room1_mix1126,74,4,0,-12,-2,9.16
fold2_room1_mix1126,74,5,0,90,12,4.73
fold2_room1_mix1126,75,3,0,-46,-3,14.08
fold2_room1_mix1126,75,4,0,-173,-1,12.47
fold2_room1_mix1126,75,4,0,-13,-2,7.62
fold2_room1_mix1126,75,5,0,93,14,4.36
fold2_room1_mix1126,76,3,0,-45,-3,14.65
fold2_room1_mix1126,76,4,0,-173,-1,13.65
fold2_room1_mix1126,76,4,0,-19,-3,8.04
fold2_room1_mix1126,76,4,0,-4,-2,9.85
fold2_room1_mix1126,76,5,0,89,11,4.83
fold2_room1_mix1126,77,3,0,-44,-3,14.01
fold2_room1_mix1126,77,4,0,-167,-1,13.31
fold2_room1_mix1126,77,4,0,-19,-3,9.28
fold2_room1_mix1126,77,4,0,-3,-1,10.01
fold2_room1_mix1126,77,5,0,94,13,4.61
fold2_room1_mix1126,78,3,0,-50,-3,13.64
fold2_room1_mix1126,78,4,0,-168,-1,15.80
fold2_room1_mix1126,78,4,0,-17,-3,9.38
fold2_room1_mix1126,78,4,0,-2,-2,9.63
fold2_room1_mix1126,78,5,0,90,11,4.93
fold2_room1_mix1126,79,3,0,-43,-3,12.02
fold2_room1_mix1126,79,4,0,-168,-2,12.81
fold2_room1_mix1126,79,4,0,-17,-2,9.64
fold2_room1_mix1126,79,4,0,-2,-1,10.25
fold2_room1_mix1126,79,5,0,84,11,4.96
fold2_room1_mix1126,80,3,0,-54,-4,7.85
fold2_room1_mix1126,80,4,0,-165,-2,14.39
fold2_room1_mix1126,80,4,0,-9,-2,10.49
fold2_room1_mix1126,80,5,0,80,11,4.89
fold2_room1_mix1126,81,4,0,-168,-1,17.70
fold2_room1_mix1126,81,4,0,-10,-1,12.52
fold2_room1_mix1126,81,5,0,78,9,5.29
fold2_room1_mix1126,82,4,0,-167,-1,17.21
fold2_room1_mix1126,82,4,0,-10,-1,12.35
fold2_room1_mix1126,82,5,0,80,10,5.25
fold2_room1_mix1126,83,4,0,-167,-1,17.76
fold2_room1_mix1126,83,4,0,-12,-1,12.40
fold2_room1_mix1126,83,5,0,82,12,4.67
fold2_room1_mix1126,84,3,0,-32,-3,14.02
fold2_room1_mix1126,84,4,0,-168,0,17.60
fold2_room1_mix1126,84,4,0,-9,-1,12.54
fold2_room1_mix1126,84,5,0,76,11,4.67
fold2_room1_mix1126,85,3,0,-36,-3,14.89
fold2_room1_mix1126,85,4,0,-171,0,21.05
fold2_room1_mix1126,85,4,0,-6,-1,13.64
fold2_room1_mix1126,85,5,0,87,11,4.78
fold2_room1_mix1126,86,3,0,-39,-3,13.65
fold2_room1_mix1126,86,4,0,-169,-1,18.92
fold2_room1_mix1126,86,4,0,-5,-1,14.40
fold2_room1_mix1126,86,5,0,89,12,4.87
fold2_room1_mix1126,87,3,0,-37,-3,13.13
fold2_room1_mix1126,87,4,0,-171,-1,19.00
fold2_room1_mix1126,87,4,0,-5,-1,14.10
fold2_room1_mix1126,87,5,0,83,11,4.96
fold2_room1_mix1126,88,3,0,-41,-3,14.11
fold2_room1_mix1126,88,4,0,-171,-1,19.69
fold2_room1_mix1126,88,4,0,-3,-1,14.91
fold2_room1_mix1126,88,5,0,87,12,4.77
fold2_room1_mix1126,89,3,0,-43,-3,13.60
fold2_room1_mix1126,89,4,0,-170,-1,20.57
fold2_room1_mix1126,89,4,0,-3,-1,15.39
fold2_room1_mix1126,89,5,0,85,10,5.32
fold2_room1_mix1126,90,3,0,-48,-3,12.92
fold2_room1_mix1126,90,4,0,-168,-2,17.22
fold2_room1_mix1126,90,4,0,-2,-1,16.12
fold2_room1_mix1126,90,5,0,85,11,4.90
fold2_room1_mix1126,91,3,0,-53,-3,7.53
fold2_room1_mix1126,91,4,0,-167,-1,21.55
fold2_room1_mix1126,91,4,0,0,-1,18.20
fold2_room1_mix1126,91,5,0,87,12,4.68
fold2_room1_mix1126,92,4,0,-168,0,23.08
fold2_room1_mix1126,92,4,0,-3,-1,17.60
fold2_room1_mix1126,92,5,0,84,10,5.29
fold2_room1_mix1126,93,4,0,-168,0,25.15
fold2_room1_mix1126,93,4,0,-4,-1,18.64
fold2_room1_mix1126,93,5,0,88,11,5.19
fold2_room1_mix1126,94,4,0,-169,0,28.11
fold2_room1_mix1126,94,4,0,-4,-1,17.94
fold2_room1_mix1126,94,5,0,89,10,5.11
fold2_room1_mix1126,95,4,0,-169,0,28.11
fold2_room1_mix1126,95,4,0,-5,-1,19.30
fold2_room1_mix1126,95,5,0,88,12,4.73
fold2_room1_mix1126,96,4,0,-170,0,28.71
fold2_room1_mix1126,96,4,0,-4,0,19.38
fold2_room1_mix1126,96,5,0,82,12,4.71
fold2_room1_mix1126,97,4,0,-171,0,34.65
fold2_room1_mix1126,97,4,0,-4,-1,19.38
fold2_room1_mix1126,97,5,0,83,11,4.95
fold2_room1_mix1126,98,4,0,-170,0,33.28
fold2_room1_mix1126,98,4,0,-4,-1,19.51
fold2_room1_mix1126,98,5,0,85,15,3.80
fold2_room1_mix1126,99,4,0,-172,0,31.60
fold2_room1_mix1126,99,4,0,-3,-1,17.49
fold2_room1_mix1126,99,5,0,87,14,4.29
fold2_room1_mix1127,0,5,0,-40,6,3.61
fold2_room1_mix1127,1,5,0,-60,5,5.85
fold2_room1_mix1127,2,5,0,-49,5,8.12
fold2_room1_mix1127,3,5,0,-48,5,6.89
fold2_room1_mix1127,4,5,0,-55,6,5.98
fold2_room1_mix1127,5,5,0,-44,5,9.54
fold2_room1_mix1127,6,5,0,-48,4,12.35
fold2_room1_mix1127,7,5,0,-46,4,10.28
fold2_room1_mix1127,8,5,0,-51,5,9.78
fold2_room1_mix1127,9,5,0,-43,5,10.06
fold2_room1_mix1127,10,5,0,-46,5,9.35
fold2_room1_mix1127,11,5,0,-50,5,9.38
fold2_room1_mix1127,12,5,0,-49,5,9.18
fold2_room1_mix1127,13,5,0,-48,5,9.90
fold2_room1_mix1127,14,5,0,-48,5,10.12
fold2_room1_mix1127,15,5,0,-50,5,9.62
fold2_room1_mix1127,16,5,0,-50,5,8.68
fold2_room1_mix1127,17,5,0,-50,5,9.26
fold2_room1_mix1127,18,5,0,-47,4,10.79
fold2_room1_mix1127,19,5,0,-49,5,9.81
fold2_room1_mix1127,20,5,0,-48,5,10.00
fold2_room1_mix1127,21,5,0,-48,5,9.31
fold2_room1_mix1127,22,5,0,-52,4,10.14
fold2_room1_mix1127,23,5,0,-50,5,9.83
fold2_room1_mix1127,24,5,0,-50,5,8.83
fold2_room1_mix1127,25,5,0,-49,5,9.25
fold2_room1_mix1127,26,5,0,-45,5,10.01
fold2_room1_mix1127,27,5,0,-50,5,9.56
fold2_room1_mix1127,28,5,0,-48,5,9.54
fold2_room1_mix1127,29,5,0,-45,4,9.78
fold2_room1_mix1127,30,5,0,-49,5,9.78
fold2_room1_mix1127,31,5,0,-51,4,10.92
fold2_room1_mix1127,32,5,0,-48,5,9.74
fold2_room1_mix1127,33,5,0,-46,5,9.46
fold2_room1_mix1127,34,5,0,-48,5,9.29
fold2_room1_mix1127,35,5,0,-51,5,9.40
fold2_room1_mix1127,36,5,0,-50,4,10.64
fold2_room1_mix1127,37,5,0,-45,5,9.80
fold2_room1_mix1127,38,5,0,-47,5,9.85
fold2_room1_mix1127,39,5,0,-48,4,10.55
fold2_room1_mix1127,40,3,0,-107,-5,3.94
fold2_room1_mix1127,40,5,0,-49,5,9.88
fold2_room1_mix1127,41,3,0,-102,-5,8.19
fold2_room1_mix1127,41,5,0,-45,4,10.34
fold2_room1_mix1127,42,3,0,-104,-4,8.50
fold2_room1_mix1127,42,5,0,-44,4,10.01
fold2_room1_mix1127,43,3,0,-107,-5,7.90
fold2_room1_mix1127,43,5,0,-46,4,10.00
fold2_room1_mix1127,44,3,0,-114,-5,5.98
fold2_room1_mix1127,44,5,0,-45,4,9.94
fold2_room1_mix1127,45,3,0,-113,-5,6.90
fold2_room1_mix1127,45,5,0,-44,4,9.91
fold2_room1_mix1127,46,3,0,-101,-5,2.68
fold2_room1_mix1127,46,5,0,-44,4,9.85
fold2_room1_mix1127,47,5,0,-42,4,10.16
fold2_room1_mix1127,48,5,0,-44,5,9.31
fold2_room1_mix1127,49,5,0,-46,4,10.45
fold2_room1_mix1127,50,5,0,-46,5,10.12
fold2_room1_mix1127,51,3,0,-131,-4,8.25
fold2_room1_mix1127,51,5,0,-46,4,9.84
fold2_room1_mix1127,52,3,0,-133,-4,12.60
fold2_room1_mix1127,52,5,0,-44,4,10.07
fold2_room1_mix1127,53,3,0,-133,-4,10.25
fold2_room1_mix1127,53,5,0,-42,4,9.50
fold2_room1_mix1127,54,3,0,-132,-4,7.80
fold2_room1_mix1127,54,5,0,-43,4,9.52
fold2_room1_mix1127,55,3,0,-132,-4,9.78
fold2_room1_mix1127,55,5,0,-41,4,10.33
fold2_room1_mix1127,56,3,0,-132,-4,8.97
fold2_room1_mix1127,56,5,0,-42,5,8.35
fold2_room1_mix1127,57,3,0,-136,-4,8.48
fold2_room1_mix1127,57,5,0,-40,4,9.86
fold2_room1_mix1127,58,5,0,-40,4,9.86
fold2_room1_mix1127,59,3,0,-133,-4,4.43
fold2_room1_mix1127,59,5,0,-41,4,10.08
fold2_room1_mix1127,60,5,0,-41,5,9.46
fold2_room1_mix1127,61,5,0,-42,4,10.42
fold2_room1_mix1127,62,5,0,-44,5,9.71
fold2_room1_mix1127,63,3,0,-144,-4,4.05
fold2_room1_mix1127,63,5,0,-44,4,10.03
fold2_room1_mix1127,64,3,0,-140,-4,11.65
fold2_room1_mix1127,64,5,0,-43,4,10.05
fold2_room1_mix1127,65,3,0,-144,-4,13.36
fold2_room1_mix1127,65,5,0,-41,4,9.88
fold2_room1_mix1127,66,3,0,-147,-4,11.91
fold2_room1_mix1127,66,5,0,-40,5,8.47
fold2_room1_mix1127,67,3,0,-143,-4,10.26
fold2_room1_mix1127,67,5,0,-42,4,9.13
fold2_room1_mix1127,68,3,0,-145,-4,10.01
fold2_room1_mix1127,68,5,0,-41,4,9.84
fold2_room1_mix1127,69,3,0,-146,-3,10.71
fold2_room1_mix1127,69,5,0,-41,5,8.74
fold2_room1_mix1127,70,3,0,-153,-3,10.82
fold2_room1_mix1127,70,5,0,-44,5,8.59
fold2_room1_mix1127,71,3,0,-149,-3,7.06
fold2_room1_mix1127,71,5,0,-42,4,10.04
fold2_room1_mix1127,72,5,0,-43,4,9.39
fold2_room1_mix1127,73,5,0,-46,4,9.95
fold2_room1_mix1127,74,5,0,-44,4,9.51
fold2_room1_mix1127,75,5,0,-45,5,9.11
fold2_room1_mix1127,76,3,0,-156,-4,4.49
fold2_room1_mix1127,76,5,0,-42,4,9.41
fold2_room1_mix1127,77,3,0,-155,-4,10.48
fold2_room1_mix1127,77,5,0,-43,4,9.55
fold2_room1_mix1127,78,3,0,-158,-4,12.97
fold2_room1_mix1127,78,5,0,-42,5,9.05
fold2_room1_mix1127,79,3,0,-159,-3,13.48
fold2_room1_mix1127,79,5,0,-41,4,8.83
fold2_room1_mix1127,80,3,0,-151,-3,12.01
fold2_room1_mix1127,80,5,0,-43,5,8.67
fold2_room1_mix1127,81,3,0,-154,-3,14.38
fold2_room1_mix1127,81,5,0,-41,4,9.31
fold2_room1_mix1127,82,3,0,-155,-3,13.36
fold2_room1_mix1127,82,5,0,-40,5,8.54
fold2_room1_mix1127,83,3,0,-159,-3,13.54
fold2_room1_mix1127,83,5,0,-42,5,9.08
fold2_room1_mix1127,84,3,0,-150,-2,9.88
fold2_room1_mix1127,84,5,0,-42,4,8.80
fold2_room1_mix1127,85,5,0,-41,5,9.17
fold2_room1_mix1127,86,5,0,-44,5,9.19
fold2_room1_mix1127,87,5,0,-41,4,10.73
fold2_room1_mix1127,88,5,0,-41,4,9.42
fold2_room1_mix1127,89,5,0,-42,4,9.03
fold2_room1_mix1127,90,3,0,-164,-3,8.15
fold2_room1_mix1127,90,5,0,-40,4,9.37
fold2_room1_mix1127,91,3,0,-161,-4,9.01
fold2_room1_mix1127,91,5,0,-42,4,9.39
fold2_room1_mix1127,92,5,0,-43,5,8.27
fold2_room1_mix1127,93,5,0,-42,5,8.93
fold2_room1_mix1127,94,5,0,-42,4,9.53
fold2_room1_mix1127,95,5,0,-43,4,10.29
fold2_room1_mix1127,96,5,0,-41,4,10.34
fold2_room1_mix1127,97,5,0,-42,4,9.83
fold2_room1_mix1127,98,5,0,-42,4,9.18
fold2_room1_mix1127,99,5,0,-43,4,9.64
fold2_room1_mix1128,43,2,0,97,-5,6.25
fold2_room1_mix1128,44,2,0,93,-4,7.94
fold2_room1_mix1128,50,2,0,91,-5,6.77
fold2_room1_mix1128,51,2,0,91,-4,8.58
fold2_room1_mix1128,52,2,0,91,-5,7.98
fold2_room1_mix1128,53,2,0,91,-4,8.96
fold2_room1_mix1128,54,2,0,93,-4,9.52
fold2_room1_mix1128,60,2,0,93,-4,9.02
fold2_room1_mix1128,61,2,0,93,-4,9.26
fold2_room1_mix1128,62,2,0,91,-4,10.03
fold2_room1_mix1128,63,2,0,92,-4,9.67
fold2_room1_mix1128,64,2,0,91,-4,9.84
fold2_room1_mix1128,70,2,0,93,-4,9.31
fold2_room1_mix1128,71,2,0,93,-3,10.57
fold2_room1_mix1128,72,2,0,90,-3,11.62
fold2_room1_mix1128,73,2,0,93,-4,12.03
fold2_room1_mix1128,73,4,0,155,-1,4.37
fold2_room1_mix1128,74,2,0,93,-3,12.79
fold2_room1_mix1128,74,4,0,147,-2,9.23
fold2_room1_mix1128,75,4,0,146,-2,10.72
fold2_room1_mix1128,76,4,0,150,-3,9.48
fold2_room1_mix1128,77,4,0,145,-3,13.23
fold2_room1_mix1128,78,4,0,142,-2,13.37
fold2_room1_mix1128,79,4,0,134,-2,12.51
fold2_room1_mix1128,80,4,0,132,-2,12.22
fold2_room1_mix1128,81,2,0,96,-4,3.26
fold2_room1_mix1128,81,4,0,128,-2,11.47
fold2_room1_mix1128,82,4,0,124,-2,10.99
fold2_room1_mix1128,83,4,0,118,-2,10.73
fold2_room1_mix1128,84,4,0,112,-2,10.50
fold2_room1_mix1128,85,4,0,103,-3,9.70
fold2_room1_mix1128,86,4,0,96,-3,9.33
fold2_room1_mix1128,87,4,0,91,-4,8.79
fold2_room1_mix1128,88,4,0,86,-3,9.07
fold2_room1_mix1128,89,4,0,79,-3,9.46
fold2_room1_mix1128,90,4,0,75,-4,10.04
fold2_room1_mix1128,91,4,0,70,-3,10.81
fold2_room1_mix1128,92,4,0,66,-3,10.81
fold2_room1_mix1128,93,4,0,63,-2,10.73
fold2_room1_mix1128,94,4,0,59,-2,11.87
fold2_room1_mix1128,95,4,0,57,-2,11.06
fold2_room1_mix1128,96,4,0,56,-2,9.47
fold2_room1_mix1128,97,4,0,56,-2,9.05
fold2_room1_mix1130,1,4,0,176,0,0.59
fold2_room1_mix1130,2,4,0,177,0,1.54
fold2_room1_mix1130,2,4,0,2,0,1.49
fold2_room1_mix1130,3,4,0,177,1,5.45
fold2_room1_mix1130,3,4,0,1,1,5.09
fold2_room1_mix1130,4,4,0,176,0,16.92
fold2_room1_mix1130,4,4,0,2,0,17.07
fold2_room1_mix1130,5,4,0,176,0,18.63
fold2_room1_mix1130,5,4,0,5,0,19.57
fold2_room1_mix1130,6,4,0,175,0,20.67
fold2_room1_mix1130,6,4,0,3,0,22.14
fold2_room1_mix1130,7,4,0,174,0,33.66
fold2_room1_mix1130,7,4,0,5,0,33.45
fold2_room1_mix1130,8,4,0,174,-1,38.33
fold2_room1_mix1130,8,4,0,7,-1,38.85
fold2_room1_mix1130,9,4,0,174,-1,36.40
fold2_room1_mix1130,9,4,0,5,-1,39.84
fold2_room1_mix1130,10,4,0,175,-1,36.67
fold2_room1_mix1130,10,4,0,5,0,38.10
fold2_room1_mix1130,11,4,0,174,-1,35.90
fold2_room1_mix1130,11,4,0,5,0,37.96
fold2_room1_mix1130,12,4,0,175,-1,33.38
fold2_room1_mix1130,12,4,0,6,0,36.93
fold2_room1_mix1130,13,4,0,174,-1,32.20
fold2_room1_mix1130,13,4,0,6,0,36.97
fold2_room1_mix1130,14,4,0,174,-1,33.09
fold2_room1_mix1130,14,4,0,5,0,36.92
fold2_room1_mix1130,15,4,0,174,-1,33.41
fold2_room1_mix1130,15,4,0,5,-1,36.58
fold2_room1_mix1130,16,4,0,172,-1,30.95
fold2_room1_mix1130,16,4,0,6,0,36.02
fold2_room1_mix1130,17,4,0,172,-1,30.23
fold2_room1_mix1130,17,4,0,5,0,36.96
fold2_room1_mix1130,18,4,0,172,-1,28.49
fold2_room1_mix1130,18,4,0,4,0,35.47
fold2_room1_mix1130,19,4,0,173,-2,27.67
fold2_room1_mix1130,19,4,0,4,0,35.39
fold2_room1_mix1130,20,4,0,172,-1,27.70
fold2_room1_mix1130,20,4,0,5,0,35.94
fold2_room1_mix1130,21,4,0,171,-2,26.92
fold2_room1_mix1130,21,4,0,4,0,35.60
fold2_room1_mix1130,22,4,0,173,-1,24.64
fold2_room1_mix1130,22,4,0,5,0,34.93
fold2_room1_mix1130,23,4,0,171,-2,23.86
fold2_room1_mix1130,23,4,0,4,0,34.60
fold2_room1_mix1130,24,4,0,171,-2,24.17
fold2_room1_mix1130,24,4,0,3,0,34.53
fold2_room1_mix1130,25,4,0,171,-2,23.33
fold2_room1_mix1130,25,4,0,3,0,36.57
fold2_room1_mix1130,26,4,0,171,-2,23.88
fold2_room1_mix1130,26,4,0,4,0,35.28
fold2_room1_mix1130,27,4,0,172,-2,22.78
fold2_room1_mix1130,27,4,0,4,0,35.33
fold2_room1_mix1130,28,4,0,170,-2,22.38
fold2_room1_mix1130,28,4,0,4,0,34.24
fold2_room1_mix1130,29,4,0,170,-2,21.55
fold2_room1_mix1130,29,4,0,4,0,34.25
fold2_room1_mix1130,30,4,0,170,-2,20.14
fold2_room1_mix1130,30,4,0,3,0,32.81
fold2_room1_mix1130,31,4,0,168,-2,19.51
fold2_room1_mix1130,31,4,0,3,0,32.13
fold2_room1_mix1130,32,4,0,168,-2,18.37
fold2_room1_mix1130,32,4,0,4,0,30.73
fold2_room1_mix1130,33,4,0,168,-2,17.34
fold2_room1_mix1130,33,4,0,4,0,31.03
fold2_room1_mix1130,34,4,0,166,-2,16.85
fold2_room1_mix1130,34,4,0,3,0,29.84
fold2_room1_mix1130,35,4,0,165,-2,15.79
fold2_room1_mix1130,35,4,0,3,0,29.61
fold2_room1_mix1130,36,4,0,163,-2,14.26
fold2_room1_mix1130,36,4,0,3,0,27.11
fold2_room1_mix1130,37,4,0,163,-3,13.35
fold2_room1_mix1130,37,4,0,3,-1,24.95
fold2_room1_mix1130,38,4,0,161,-3,12.80
fold2_room1_mix1130,38,4,0,2,-1,24.01
fold2_room1_mix1130,39,4,0,161,-3,12.40
fold2_room1_mix1130,39,4,0,3,-1,22.92
fold2_room1_mix1130,40,4,0,160,-3,11.41
fold2_room1_mix1130,40,4,0,4,-1,21.21
fold2_room1_mix1130,41,4,0,160,-3,10.86
fold2_room1_mix1130,41,4,0,4,-1,20.24
fold2_room1_mix1130,42,4,0,158,-3,10.50
fold2_room1_mix1130,42,4,0,3,-1,20.56
fold2_room1_mix1130,43,4,0,159,-4,9.64
fold2_room1_mix1130,43,4,0,4,-1,20.11
fold2_room1_mix1130,44,4,0,159,-4,8.85
fold2_room1_mix1130,44,4,0,4,-1,19.41
fold2_room1_mix1130,45,4,0,155,-4,7.76
fold2_room1_mix1130,45,4,0,2,-1,17.82
fold2_room1_mix1130,46,4,0,153,-4,6.98
fold2_room1_mix1130,46,4,0,2,-1,17.66
fold2_room1_mix1130,47,4,0,152,-5,6.47
fold2_room1_mix1130,47,4,0,1,-1,16.74
fold2_room1_mix1130,48,4,0,147,-7,5.42
fold2_room1_mix1130,48,4,0,3,-1,16.39
fold2_room1_mix1130,49,4,0,143,-7,4.77
fold2_room1_mix1130,49,4,0,1,-1,15.31
fold2_room1_mix1130,50,4,0,143,-8,5.06
fold2_room1_mix1130,50,4,0,3,-1,15.24
fold2_room1_mix1130,51,4,0,131,-11,4.14
fold2_room1_mix1130,51,4,0,2,-3,13.28
fold2_room1_mix1130,52,4,0,113,-12,4.18
fold2_room1_mix1130,52,4,0,0,-3,12.90
fold2_room1_mix1130,53,4,0,101,-12,4.09
fold2_room1_mix1130,53,4,0,1,-3,11.61
fold2_room1_mix1130,54,4,0,92,-10,4.82
fold2_room1_mix1130,54,4,0,3,-4,9.98
fold2_room1_mix1130,55,4,0,72,-11,4.52
fold2_room1_mix1130,55,4,0,1,-5,9.35
fold2_room1_mix1130,56,4,0,71,-10,4.87
fold2_room1_mix1130,56,4,0,3,-6,8.29
fold2_room1_mix1130,57,4,0,70,-8,5.88
fold2_room1_mix1130,57,4,0,3,-6,7.48
fold2_room1_mix1130,58,4,0,55,-7,5.67
fold2_room1_mix1130,58,4,0,5,-7,6.95
fold2_room1_mix1130,59,4,0,49,-10,4.52
fold2_room1_mix1130,59,4,0,6,-7,6.66
fold2_room1_mix1130,60,4,0,50,-12,3.86
fold2_room1_mix1130,60,4,0,12,-8,6.16
fold2_room1_mix1130,61,4,0,58,-19,2.24
fold2_room1_mix1130,61,4,0,15,-8,7.44
fold2_room1_mix1130,62,4,0,86,-25,1.69
fold2_room1_mix1130,62,4,0,25,-6,10.35
fold2_room1_mix1130,63,4,0,125,-20,1.44
fold2_room1_mix1130,63,4,0,43,-12,7.36
fold2_room1_mix1130,63,4,0,13,-6,9.33
fold2_room1_mix1130,64,4,0,147,-13,2.68
fold2_room1_mix1130,64,4,0,18,-4,11.49
fold2_room1_mix1130,65,4,0,155,-10,2.88
fold2_room1_mix1130,65,4,0,38,-4,8.68
fold2_room1_mix1130,66,4,0,161,-9,3.51
fold2_room1_mix1130,66,4,0,26,-3,10.42
fold2_room1_mix1130,67,4,0,166,-8,4.12
fold2_room1_mix1130,67,4,0,149,-6,6.96
fold2_room1_mix1130,67,4,0,25,-3,12.11
fold2_room1_mix1130,68,4,0,172,-6,4.88
fold2_room1_mix1130,68,4,0,25,-3,11.12
fold2_room1_mix1130,69,4,0,174,-5,5.75
fold2_room1_mix1130,69,4,0,158,-5,7.44
fold2_room1_mix1130,69,4,0,24,-3,11.61
fold2_room1_mix1130,70,4,0,170,-4,6.78
fold2_room1_mix1130,70,4,0,22,-3,12.32
fold2_room1_mix1130,71,4,0,173,-4,7.95
fold2_room1_mix1130,71,4,0,21,-3,13.32
fold2_room1_mix1130,72,4,0,172,-4,8.88
fold2_room1_mix1130,72,4,0,22,-3,13.55
fold2_room1_mix1130,73,4,0,171,-3,10.44
fold2_room1_mix1130,73,4,0,19,-2,15.34
fold2_room1_mix1130,74,4,0,173,-3,10.88
fold2_room1_mix1130,74,4,0,18,-2,15.52
fold2_room1_mix1130,75,4,0,172,-3,11.95
fold2_room1_mix1130,75,4,0,16,-2,16.65
fold2_room1_mix1130,76,4,0,172,-2,12.74
fold2_room1_mix1130,76,4,0,16,-1,18.36
fold2_room1_mix1130,77,4,0,172,-2,13.65
fold2_room1_mix1130,77,4,0,15,-1,17.51
fold2_room1_mix1130,78,4,0,173,-2,14.70
fold2_room1_mix1130,78,4,0,15,-1,18.05
fold2_room1_mix1130,79,4,0,174,-2,14.93
fold2_room1_mix1130,79,4,0,15,-1,18.64
fold2_room1_mix1130,80,4,0,173,-2,15.97
fold2_room1_mix1130,80,4,0,13,-1,18.95
fold2_room1_mix1130,81,4,0,174,-1,17.52
fold2_room1_mix1130,81,4,0,13,-1,18.22
fold2_room1_mix1130,82,4,0,175,-2,18.17
fold2_room1_mix1130,82,4,0,11,-1,20.49
fold2_room1_mix1130,83,4,0,177,-2,17.80
fold2_room1_mix1130,83,4,0,12,-2,19.79
fold2_room1_mix1130,84,4,0,174,-2,18.60
fold2_room1_mix1130,84,4,0,12,-1,21.09
fold2_room1_mix1130,85,4,0,176,-2,19.96
fold2_room1_mix1130,85,4,0,12,-1,20.00
fold2_room1_mix1130,86,4,0,175,-2,21.22
fold2_room1_mix1130,86,4,0,11,-1,21.31
fold2_room1_mix1130,87,4,0,175,-2,22.16
fold2_room1_mix1130,87,4,0,12,-1,22.56
fold2_room1_mix1130,88,4,0,174,-1,24.20
fold2_room1_mix1130,88,4,0,10,-1,21.41
fold2_room1_mix1130,89,4,0,174,-1,25.53
fold2_room1_mix1130,89,4,0,10,-1,22.32
fold2_room1_mix1130,90,4,0,175,-1,25.93
fold2_room1_mix1130,90,4,0,10,-1,22.46
fold2_room1_mix1130,91,4,0,174,-1,27.54
fold2_room1_mix1130,91,4,0,10,-1,22.20
fold2_room1_mix1130,92,4,0,174,-1,28.84
fold2_room1_mix1130,92,4,0,9,-1,23.56
fold2_room1_mix1130,93,4,0,174,0,29.14
fold2_room1_mix1130,93,4,0,10,-1,24.04
fold2_room1_mix1130,94,4,0,175,0,31.44
fold2_room1_mix1130,94,4,0,9,-1,23.97
fold2_room1_mix1130,95,4,0,175,0,32.23
fold2_room1_mix1130,95,4,0,9,-1,25.89
fold2_room1_mix1130,96,4,0,174,0,32.14
fold2_room1_mix1130,96,4,0,8,-1,25.79
fold2_room1_mix1130,97,4,0,174,0,33.54
fold2_room1_mix1130,97,4,0,9,-1,25.80
fold2_room1_mix1130,98,4,0,175,0,34.50
fold2_room1_mix1130,98,4,0,10,-1,26.05
fold2_room1_mix1130,99,4,0,175,-1,35.04
fold2_room1_mix1130,99,4,0,11,-1,25.93
fold2_room1_mix1131,2,4,0,175,0,0.46
fold2_room1_mix1131,3,4,0,179,0,5.35
fold2_room1_mix1131,3,4,0,3,0,5.31
fold2_room1_mix1131,4,4,0,178,0,16.31
fold2_room1_mix1131,4,4,0,3,0,19.66
fold2_room1_mix1131,5,4,0,178,0,18.60
fold2_room1_mix1131,5,4,0,5,-1,22.69
fold2_room1_mix1131,6,4,0,-178,0,23.29
fold2_room1_mix1131,6,4,0,5,0,30.41
fold2_room1_mix1131,7,4,0,178,0,32.48
fold2_room1_mix1131,7,4,0,6,0,46.26
fold2_room1_mix1131,8,4,0,-179,0,30.19
fold2_room1_mix1131,8,4,0,4,0,40.11
fold2_room1_mix1131,9,4,0,-179,-1,32.64
fold2_room1_mix1131,9,4,0,5,-1,45.45
fold2_room1_mix1131,10,4,0,179,-1,29.61
fold2_room1_mix1131,10,4,0,4,0,40.07
fold2_room1_mix1131,11,4,0,179,0,29.46
fold2_room1_mix1131,11,4,0,6,0,40.54
fold2_room1_mix1131,12,4,0,-179,-1,30.98
fold2_room1_mix1131,12,4,0,5,0,41.41
fold2_room1_mix1131,13,4,0,179,-1,28.78
fold2_room1_mix1131,13,4,0,6,0,39.58
fold2_room1_mix1131,14,4,0,179,-1,30.63
fold2_room1_mix1131,14,4,0,6,0,41.25
fold2_room1_mix1131,15,4,0,178,-1,28.46
fold2_room1_mix1131,15,4,0,6,0,40.14
fold2_room1_mix1131,16,4,0,178,-1,27.43
fold2_room1_mix1131,16,4,0,6,0,39.03
fold2_room1_mix1131,17,4,0,178,-1,24.78
fold2_room1_mix1131,17,4,0,6,0,38.89
fold2_room1_mix1131,18,4,0,179,-1,26.04
fold2_room1_mix1131,18,4,0,5,0,38.38
fold2_room1_mix1131,19,4,0,179,-1,24.68
fold2_room1_mix1131,19,4,0,6,0,37.78
fold2_room1_mix1131,20,4,0,-179,-1,22.81
fold2_room1_mix1131,20,4,0,5,0,38.60
fold2_room1_mix1131,21,4,0,179,-1,22.26
fold2_room1_mix1131,21,4,0,5,0,37.89
fold2_room1_mix1131,22,4,0,179,-1,21.97
fold2_room1_mix1131,22,4,0,3,0,36.95
fold2_room1_mix1131,23,4,0,179,-1,20.36
fold2_room1_mix1131,23,4,0,4,0,37.43
fold2_room1_mix1131,24,4,0,179,-1,21.90
fold2_room1_mix1131,24,4,0,4,0,37.87
fold2_room1_mix1131,25,4,0,179,-2,21.81
fold2_room1_mix1131,25,4,0,2,0,38.21
fold2_room1_mix1131,26,4,0,177,-2,21.78
fold2_room1_mix1131,26,4,0,3,0,39.70
fold2_room1_mix1131,27,4,0,178,-2,20.48
fold2_room1_mix1131,27,4,0,3,0,40.12
fold2_room1_mix1131,28,4,0,179,-2,21.71
fold2_room1_mix1131,28,4,0,3,0,40.85
fold2_room1_mix1131,29,4,0,178,-1,19.42
fold2_room1_mix1131,29,4,0,3,0,40.50
fold2_room1_mix1131,30,4,0,178,-2,18.94
fold2_room1_mix1131,30,4,0,2,0,38.18
fold2_room1_mix1131,31,4,0,178,-2,20.03
fold2_room1_mix1131,31,4,0,3,0,40.84
fold2_room1_mix1131,32,4,0,179,-2,20.67
fold2_room1_mix1131,32,4,0,2,0,37.26
fold2_room1_mix1131,33,4,0,179,-2,19.10
fold2_room1_mix1131,33,4,0,2,0,39.11
fold2_room1_mix1131,34,4,0,179,-2,18.61
fold2_room1_mix1131,34,4,0,2,0,37.98
fold2_room1_mix1131,35,4,0,-179,-2,18.74
fold2_room1_mix1131,35,4,0,3,0,37.74
fold2_room1_mix1131,36,4,0,-179,-2,17.82
fold2_room1_mix1131,36,4,0,2,0,35.88
fold2_room1_mix1131,37,4,0,179,-1,18.03
fold2_room1_mix1131,37,4,0,2,0,34.49
fold2_room1_mix1131,38,4,0,179,-2,17.01
fold2_room1_mix1131,38,4,0,1,0,33.69
fold2_room1_mix1131,39,4,0,-179,-2,16.38
fold2_room1_mix1131,39,4,0,2,0,34.67
fold2_room1_mix1131,40,4,0,-178,-1,16.82
fold2_room1_mix1131,40,4,0,1,0,33.57
fold2_room1_mix1131,41,4,0,-178,-2,14.58
fold2_room1_mix1131,41,4,0,1,0,35.12
fold2_room1_mix1131,42,4,0,-179,-2,14.71
fold2_room1_mix1131,42,4,0,0,0,32.30
fold2_room1_mix1131,43,4,0,-178,-2,14.22
fold2_room1_mix1131,43,4,0,2,0,37.66
fold2_room1_mix1131,44,4,0,-178,-2,14.62
fold2_room1_mix1131,44,4,0,0,0,31.85
fold2_room1_mix1131,45,4,0,-176,-2,13.74
fold2_room1_mix1131,45,4,0,1,0,32.37
fold2_room1_mix1131,46,4,0,-177,-2,13.55
fold2_room1_mix1131,46,4,0,0,0,30.11
fold2_room1_mix1131,47,4,0,-177,-3,11.90
fold2_room1_mix1131,47,4,0,0,0,29.10
fold2_room1_mix1131,48,4,0,-179,-3,12.36
fold2_room1_mix1131,48,4,0,0,0,26.81
fold2_room1_mix1131,49,4,0,-178,-2,11.76
fold2_room1_mix1131,49,4,0,1,0,25.53
fold2_room1_mix1131,50,4,0,-177,-3,11.22
fold2_room1_mix1131,50,4,0,0,-1,22.96
fold2_room1_mix1131,51,4,0,-176,-3,10.59
fold2_room1_mix1131,51,4,0,0,-1,21.95
fold2_room1_mix1131,52,4,0,-175,-3,10.32
fold2_room1_mix1131,52,4,0,1,-1,21.57
fold2_room1_mix1131,53,4,0,-175,-3,9.96
fold2_room1_mix1131,53,4,0,0,-1,20.60
fold2_room1_mix1131,54,4,0,-175,-4,9.08
fold2_room1_mix1131,54,4,0,0,-1,19.04
fold2_room1_mix1131,55,4,0,-174,-4,8.54
fold2_room1_mix1131,55,4,0,0,-2,18.75
fold2_room1_mix1131,56,4,0,-173,-4,7.93
fold2_room1_mix1131,56,4,0,1,-2,18.25
fold2_room1_mix1131,57,4,0,-170,-4,7.52
fold2_room1_mix1131,57,4,0,1,-2,16.60
fold2_room1_mix1131,58,4,0,-169,-5,7.19
fold2_room1_mix1131,58,4,0,2,-2,15.44
fold2_room1_mix1131,59,4,0,-169,-5,6.63
fold2_room1_mix1131,59,4,0,3,-2,16.07
fold2_room1_mix1131,60,4,0,-169,-5,6.55
fold2_room1_mix1131,60,4,0,1,-2,15.61
fold2_room1_mix1131,61,4,0,-166,-6,5.82
fold2_room1_mix1131,61,4,0,5,-2,15.89
fold2_room1_mix1131,62,4,0,-167,-6,5.34
fold2_room1_mix1131,62,4,0,5,-3,13.53
fold2_room1_mix1131,63,4,0,-163,-6,5.15
fold2_room1_mix1131,63,4,0,4,-3,12.81
fold2_room1_mix1131,64,4,0,-162,-7,4.90
fold2_room1_mix1131,64,4,0,8,-3,11.83
fold2_room1_mix1131,65,4,0,-157,-8,4.25
fold2_room1_mix1131,65,4,0,9,-3,11.85
fold2_room1_mix1131,66,4,0,-156,-10,3.80
fold2_room1_mix1131,66,4,0,11,-5,9.94
fold2_room1_mix1131,67,4,0,-152,-10,3.79
fold2_room1_mix1131,67,4,0,12,-5,9.02
fold2_room1_mix1131,68,4,0,-146,-12,2.97
fold2_room1_mix1131,68,4,0,14,-6,7.70
fold2_room1_mix1131,69,4,0,-138,-14,2.53
fold2_room1_mix1131,69,4,0,17,-7,6.70
fold2_room1_mix1131,70,4,0,-133,-17,1.78
fold2_room1_mix1131,70,4,0,16,-6,7.30
fold2_room1_mix1131,71,4,0,-120,-20,1.74
fold2_room1_mix1131,71,4,0,18,-7,7.33
fold2_room1_mix1131,72,4,0,-86,-24,1.07
fold2_room1_mix1131,72,4,0,28,-6,6.76
fold2_room1_mix1131,73,4,0,-64,-23,1.23
fold2_room1_mix1131,73,4,0,35,-8,5.98
fold2_room1_mix1131,74,4,0,11,-35,1.30
fold2_room1_mix1131,74,4,0,1,-11,3.66
fold2_room1_mix1131,75,4,0,113,-18,1.81
fold2_room1_mix1131,75,4,0,-35,-10,2.25
fold2_room1_mix1131,75,4,0,-16,-10,3.61
fold2_room1_mix1131,76,4,0,140,-16,2.49
fold2_room1_mix1131,76,4,0,-18,-8,3.54
fold2_room1_mix1131,77,4,0,150,-14,2.86
fold2_room1_mix1131,77,4,0,-16,-8,3.94
fold2_room1_mix1131,78,4,0,149,-9,3.48
fold2_room1_mix1131,78,4,0,-19,-7,3.96
fold2_room1_mix1131,79,4,0,152,-9,4.02
fold2_room1_mix1131,79,4,0,-18,-8,4.06
fold2_room1_mix1131,80,4,0,156,-7,4.69
fold2_room1_mix1131,80,4,0,-14,-6,4.89
fold2_room1_mix1131,81,4,0,165,-6,5.46
fold2_room1_mix1131,81,4,0,-13,-6,5.29
fold2_room1_mix1131,82,4,0,169,-5,6.47
fold2_room1_mix1131,82,4,0,-12,-6,5.07
fold2_room1_mix1131,83,4,0,168,-4,7.56
fold2_room1_mix1131,83,4,0,-12,-6,4.91
fold2_room1_mix1131,84,4,0,166,-3,8.56
fold2_room1_mix1131,84,4,0,-12,-5,5.65
fold2_room1_mix1131,85,4,0,170,-3,9.00
fold2_room1_mix1131,85,4,0,-10,-5,5.79
fold2_room1_mix1131,86,4,0,169,-3,10.10
fold2_room1_mix1131,86,4,0,-10,-6,5.78
fold2_room1_mix1131,87,4,0,171,-2,11.45
fold2_room1_mix1131,87,4,0,-10,-5,6.68
fold2_room1_mix1131,88,4,0,172,-2,10.97
fold2_room1_mix1131,88,4,0,-7,-5,6.93
fold2_room1_mix1131,89,4,0,173,-2,12.72
fold2_room1_mix1131,89,4,0,-8,-5,7.27
fold2_room1_mix1131,90,4,0,173,-2,13.44
fold2_room1_mix1131,90,4,0,-6,-5,7.99
fold2_room1_mix1131,91,4,0,175,-2,13.11
fold2_room1_mix1131,91,4,0,-6,-4,9.04
fold2_room1_mix1131,92,4,0,176,-2,14.20
fold2_room1_mix1131,92,4,0,-6,-4,9.17
fold2_room1_mix1131,93,4,0,178,-1,14.87
fold2_room1_mix1131,93,4,0,-5,-4,9.07
fold2_room1_mix1131,94,4,0,179,-1,15.76
fold2_room1_mix1131,94,4,0,-5,-3,10.04
fold2_room1_mix1131,95,4,0,178,-1,16.68
fold2_room1_mix1131,95,4,0,-3,-3,10.50
fold2_room1_mix1131,96,4,0,178,-1,18.60
fold2_room1_mix1131,96,4,0,-3,-3,11.34
fold2_room1_mix1131,97,4,0,178,-1,20.12
fold2_room1_mix1131,97,4,0,-3,-3,11.98
fold2_room1_mix1131,98,4,0,179,-1,20.28
fold2_room1_mix1131,98,4,0,-1,-3,12.14
fold2_room1_mix1131,99,4,0,178,-1,20.72
fold2_room1_mix1131,99,4,0,-3,-3,12.22
fold2_room1_mix1132,3,4,0,-174,0,2.29
fold2_room1_mix1132,5,4,0,-176,0,6.94
fold2_room1_mix1132,6,4,0,-178,0,11.87
fold2_room1_mix1132,7,4,0,-174,-1,13.53
fold2_room1_mix1132,8,4,0,177,-1,14.97
fold2_room1_mix1132,9,4,0,-176,-1,16.51
fold2_room1_mix1132,10,4,0,-177,-1,16.83
fold2_room1_mix1132,11,4,0,-177,-1,16.15
fold2_room1_mix1132,12,4,0,-178,-1,15.20
fold2_room1_mix1132,13,4,0,-177,-1,15.01
fold2_room1_mix1132,14,4,0,-173,-1,15.42
fold2_room1_mix1132,15,4,0,-175,-2,14.62
fold2_room1_mix1132,16,4,0,-175,-2,13.83
fold2_room1_mix1132,17,4,0,-171,-2,13.77
fold2_room1_mix1132,18,4,0,-172,-2,13.03
fold2_room1_mix1132,19,4,0,-172,-2,13.05
fold2_room1_mix1132,20,4,0,-172,-2,12.86
fold2_room1_mix1132,21,4,0,-170,-2,12.10
fold2_room1_mix1132,22,4,0,-169,-2,12.21
fold2_room1_mix1132,23,4,0,-170,-2,11.67
fold2_room1_mix1132,24,4,0,-171,-3,10.39
fold2_room1_mix1132,25,4,0,-169,-2,10.94
fold2_room1_mix1132,26,4,0,-167,-3,10.42
fold2_room1_mix1132,27,4,0,-169,-3,9.66
fold2_room1_mix1132,28,4,0,-167,-3,9.32
fold2_room1_mix1132,29,4,0,-167,-4,8.95
fold2_room1_mix1132,30,4,0,-166,-3,8.84
fold2_room1_mix1132,31,4,0,-165,-4,8.44
fold2_room1_mix1132,32,4,0,-164,-4,7.81
fold2_room1_mix1132,33,4,0,-162,-4,7.60
fold2_room1_mix1132,34,4,0,-160,-4,7.03
fold2_room1_mix1132,35,4,0,-161,-5,6.73
fold2_room1_mix1132,36,4,0,-161,-5,6.22
fold2_room1_mix1132,37,4,0,-160,-6,5.61
fold2_room1_mix1132,38,4,0,-157,-6,5.29
fold2_room1_mix1132,39,4,0,-158,-7,4.59
fold2_room1_mix1132,40,4,0,-155,-8,4.42
fold2_room1_mix1132,41,4,0,-152,-9,4.38
fold2_room1_mix1132,42,4,0,-148,-10,3.83
fold2_room1_mix1132,43,4,0,-146,-11,3.69
fold2_room1_mix1132,44,4,0,-139,-13,3.61
fold2_room1_mix1132,45,1,0,-20,-2,23.73
fold2_room1_mix1132,45,4,0,-145,-10,4.37
fold2_room1_mix1132,46,1,0,-24,-3,18.15
fold2_room1_mix1132,46,4,0,-142,-13,4.30
fold2_room1_mix1132,47,1,0,-38,-3,12.72
fold2_room1_mix1132,47,4,0,-143,-11,5.22
fold2_room1_mix1132,48,1,0,-24,-4,7.01
fold2_room1_mix1132,48,4,0,-120,-20,4.86
fold2_room1_mix1132,48,4,0,-96,-30,1.93
fold2_room1_mix1132,49,1,0,-23,-3,22.29
fold2_room1_mix1132,49,4,0,-134,-11,5.63
fold2_room1_mix1132,49,4,0,-95,-20,2.24
fold2_room1_mix1132,50,1,0,-28,-3,16.69
fold2_room1_mix1132,50,4,0,-149,-8,8.20
fold2_room1_mix1132,50,4,0,-110,-19,2.58
fold2_room1_mix1132,50,4,0,-76,-21,2.86
fold2_room1_mix1132,51,1,0,-30,-2,15.30
fold2_room1_mix1132,51,4,0,-119,-16,5.04
fold2_room1_mix1132,51,4,0,-72,-21,2.73
fold2_room1_mix1132,52,1,0,-31,-3,4.29
fold2_room1_mix1132,52,4,0,-45,-19,3.23
fold2_room1_mix1132,53,1,0,-33,-4,10.43
fold2_room1_mix1132,53,4,0,-78,-18,6.30
fold2_room1_mix1132,53,4,0,-37,-14,4.32
fold2_room1_mix1132,54,1,0,-33,-3,13.64
fold2_room1_mix1132,54,4,0,-36,-13,4.05
fold2_room1_mix1132,55,1,0,-45,-3,9.94
fold2_room1_mix1132,55,4,0,-33,-13,4.89
fold2_room1_mix1132,56,1,0,-44,-4,9.06
fold2_room1_mix1132,56,4,0,-32,-13,6.52
fold2_room1_mix1132,57,4,0,-171,-3,13.43
fold2_room1_mix1132,57,4,0,-26,-9,4.47
fold2_room1_mix1132,58,1,0,-72,-4,7.47
fold2_room1_mix1132,58,4,0,-167,-4,12.94
fold2_room1_mix1132,58,4,0,-20,-7,6.62
fold2_room1_mix1132,59,1,0,-83,-5,6.51
fold2_room1_mix1132,59,4,0,-169,-6,13.83
fold2_room1_mix1132,59,4,0,-22,-9,6.16
fold2_room1_mix1132,60,1,0,-100,-5,6.04
fold2_room1_mix1132,60,4,0,-165,-9,11.49
fold2_room1_mix1132,60,4,0,-23,-10,5.32
fold2_room1_mix1132,61,1,0,-98,-5,7.24
fold2_room1_mix1132,61,4,0,-175,-2,15.40
fold2_room1_mix1132,61,4,0,-12,-5,8.90
fold2_room1_mix1132,62,4,0,-177,-1,13.93
fold2_room1_mix1132,62,4,0,-18,-5,6.48
fold2_room1_mix1132,63,1,0,-126,-4,9.20
fold2_room1_mix1132,63,4,0,-177,-6,9.89
fold2_room1_mix1132,63,4,0,-12,-6,6.63
fold2_room1_mix1132,64,1,0,-132,-4,9.09
fold2_room1_mix1132,64,4,0,-171,-7,9.25
fold2_room1_mix1132,64,4,0,-12,-5,8.96
fold2_room1_mix1132,65,1,0,-135,-4,4.10
fold2_room1_mix1132,65,4,0,-166,-4,9.65
fold2_room1_mix1132,65,4,0,-16,-6,7.17
fold2_room1_mix1132,66,4,0,-168,-4,8.11
fold2_room1_mix1132,66,4,0,-14,-4,8.13
fold2_room1_mix1132,67,4,0,-163,-3,6.77
fold2_room1_mix1132,67,4,0,-14,-4,7.56
fold2_room1_mix1132,68,4,0,-165,-6,6.25
fold2_room1_mix1132,68,4,0,-19,-5,7.60
fold2_room1_mix1132,69,4,0,-167,-6,4.86
fold2_room1_mix1132,69,4,0,-23,-4,7.97
fold2_room1_mix1132,70,4,0,-154,-8,3.91
fold2_room1_mix1132,70,4,0,-37,-3,7.87
fold2_room1_mix1132,70,4,0,-12,-4,9.77
fold2_room1_mix1132,71,4,0,-164,-10,3.67
fold2_room1_mix1132,71,4,0,-41,-6,6.65
fold2_room1_mix1132,71,4,0,-10,-5,10.54
fold2_room1_mix1132,72,4,0,-163,-11,2.91
fold2_room1_mix1132,72,4,0,-56,-8,4.40
fold2_room1_mix1132,72,4,0,-16,-7,7.66
fold2_room1_mix1132,73,4,0,-170,-11,3.18
fold2_room1_mix1132,73,4,0,-58,-8,4.77
fold2_room1_mix1132,73,4,0,-18,-5,9.30
fold2_room1_mix1132,74,4,0,164,-11,3.36
fold2_room1_mix1132,74,4,0,-61,-10,3.25
fold2_room1_mix1132,74,4,0,-15,-5,10.00
fold2_room1_mix1132,75,4,0,176,-15,2.46
fold2_room1_mix1132,75,4,0,-56,-8,4.25
fold2_room1_mix1132,75,4,0,-14,-6,8.67
fold2_room1_mix1132,76,4,0,148,-17,2.36
fold2_room1_mix1132,76,4,0,-50,-8,5.03
fold2_room1_mix1132,76,4,0,-33,-9,6.16
fold2_room1_mix1132,77,4,0,134,-16,2.29
fold2_room1_mix1132,77,4,0,-36,-8,6.18
fold2_room1_mix1132,78,4,0,136,-15,2.33
fold2_room1_mix1132,78,4,0,-35,-8,6.15
fold2_room1_mix1132,79,4,0,106,-16,2.18
fold2_room1_mix1132,79,4,0,-24,-7,6.06
fold2_room1_mix1132,80,4,0,105,-15,2.26
fold2_room1_mix1132,80,4,0,-29,-6,6.43
fold2_room1_mix1132,81,4,0,86,-14,2.42
fold2_room1_mix1132,81,4,0,-23,-4,8.04
fold2_room1_mix1132,82,4,0,78,-12,2.53
fold2_room1_mix1132,82,4,0,-19,-4,7.42
fold2_room1_mix1132,83,4,0,64,-12,2.46
fold2_room1_mix1132,83,4,0,-16,-4,7.67
fold2_room1_mix1132,84,4,0,51,-10,2.80
fold2_room1_mix1132,84,4,0,-13,-4,7.30
fold2_room1_mix1132,85,4,0,42,-9,2.98
fold2_room1_mix1132,85,4,0,-16,-4,7.16
fold2_room1_mix1132,86,4,0,37,-8,3.33
fold2_room1_mix1132,86,4,0,-13,-4,7.82
fold2_room1_mix1132,87,4,0,31,-7,3.34
fold2_room1_mix1132,87,4,0,-10,-3,7.92
fold2_room1_mix1132,88,4,0,30,-6,3.85
fold2_room1_mix1132,88,4,0,-9,-4,7.54
fold2_room1_mix1132,89,4,0,27,-5,4.73
fold2_room1_mix1132,89,4,0,-10,-3,9.02
fold2_room1_mix1132,90,4,0,24,-5,5.11
fold2_room1_mix1132,90,4,0,-9,-2,9.22
fold2_room1_mix1132,91,4,0,21,-4,6.02
fold2_room1_mix1132,91,4,0,-3,-3,9.79
fold2_room1_mix1132,92,4,0,22,-4,6.83
fold2_room1_mix1132,92,4,0,-5,-2,9.72
fold2_room1_mix1132,93,4,0,5,-3,8.57
fold2_room1_mix1132,94,4,0,23,-3,7.71
fold2_room1_mix1132,94,4,0,0,-2,10.75
fold2_room1_mix1132,95,4,0,23,-3,8.05
fold2_room1_mix1132,95,4,0,5,-2,10.20
fold2_room1_mix1132,96,4,0,10,-2,9.84
fold2_room1_mix1132,97,4,0,6,-2,11.45
fold2_room1_mix1132,98,4,0,6,-1,10.50
fold2_room1_mix1132,99,4,0,8,-1,10.92
fold2_room1_mix1132,4,4,0,-178,0,1.74
fold2_room1_mix1133,0,5,0,-114,3,9.95
fold2_room1_mix1133,1,5,0,-100,3,15.02
fold2_room1_mix1133,2,5,0,-108,3,12.53
fold2_room1_mix1133,3,5,0,-88,2,14.35
fold2_room1_mix1133,4,4,0,179,2,2.70
fold2_room1_mix1133,4,5,0,-97,3,11.26
fold2_room1_mix1133,5,5,0,-100,3,16.21
fold2_room1_mix1133,6,4,0,179,0,7.77
fold2_room1_mix1133,6,5,0,-88,3,18.94
fold2_room1_mix1133,7,4,0,177,0,11.39
fold2_room1_mix1133,7,5,0,-92,4,16.70
fold2_room1_mix1133,8,4,0,175,0,19.53
fold2_room1_mix1133,8,5,0,-97,4,14.37
fold2_room1_mix1133,9,4,0,178,0,14.06
fold2_room1_mix1133,9,5,0,-90,4,16.55
fold2_room1_mix1133,10,4,0,173,0,16.57
fold2_room1_mix1133,10,5,0,-96,5,13.12
fold2_room1_mix1133,11,4,0,174,0,22.32
fold2_room1_mix1133,11,5,0,-95,4,15.64
fold2_room1_mix1133,12,4,0,175,0,29.47
fold2_room1_mix1133,12,5,0,-86,5,14.94
fold2_room1_mix1133,13,4,0,173,0,14.03
fold2_room1_mix1133,13,5,0,-94,4,16.09
fold2_room1_mix1133,14,4,0,174,0,16.86
fold2_room1_mix1133,14,5,0,-92,4,16.85
fold2_room1_mix1133,15,4,0,176,0,27.19
fold2_room1_mix1133,15,5,0,-93,5,15.00
fold2_room1_mix1133,16,4,0,176,0,24.69
fold2_room1_mix1133,16,5,0,-91,4,15.52
fold2_room1_mix1133,17,4,0,179,0,25.90
fold2_room1_mix1133,17,5,0,-94,5,15.40
fold2_room1_mix1133,18,4,0,177,0,26.21
fold2_room1_mix1133,18,5,0,-91,5,14.36
fold2_room1_mix1133,19,4,0,178,0,25.62
fold2_room1_mix1133,19,5,0,-92,4,18.59
fold2_room1_mix1133,20,4,0,-179,0,24.93
fold2_room1_mix1133,20,5,0,-95,5,15.85
fold2_room1_mix1133,21,4,0,178,0,25.44
fold2_room1_mix1133,21,5,0,-93,5,14.83
fold2_room1_mix1133,22,4,0,-179,0,23.52
fold2_room1_mix1133,22,5,0,-92,4,16.68
fold2_room1_mix1133,23,4,0,177,0,22.42
fold2_room1_mix1133,23,5,0,-94,5,14.44
fold2_room1_mix1133,24,4,0,179,0,24.16
fold2_room1_mix1133,24,5,0,-94,5,14.03
fold2_room1_mix1133,25,4,0,-179,0,23.64
fold2_room1_mix1133,25,5,0,-91,5,15.49
fold2_room1_mix1133,26,4,0,-179,0,23.53
fold2_room1_mix1133,26,5,0,-94,5,14.79
fold2_room1_mix1133,27,4,0,178,0,25.24
fold2_room1_mix1133,27,5,0,-99,5,14.62
fold2_room1_mix1133,28,4,0,-179,0,21.88
fold2_room1_mix1133,28,5,0,-100,5,15.02
fold2_room1_mix1133,29,4,0,-177,0,21.65
fold2_room1_mix1133,29,5,0,-98,5,14.56
fold2_room1_mix1133,30,4,0,-179,0,21.09
fold2_room1_mix1133,30,5,0,-100,5,14.86
fold2_room1_mix1133,31,4,0,-177,0,21.50
fold2_room1_mix1133,31,5,0,-99,4,15.13
fold2_room1_mix1133,32,4,0,-176,0,20.22
fold2_room1_mix1133,32,5,0,-95,5,14.93
fold2_room1_mix1133,33,4,0,178,0,19.86
fold2_room1_mix1133,33,5,0,-95,5,14.52
fold2_room1_mix1133,34,4,0,-179,-1,19.03
fold2_room1_mix1133,34,5,0,-98,5,13.38
fold2_room1_mix1133,35,4,0,179,-1,18.40
fold2_room1_mix1133,35,5,0,-97,4,16.27
fold2_room1_mix1133,36,4,0,-178,-1,18.13
fold2_room1_mix1133,36,5,0,-96,5,14.26
fold2_room1_mix1133,37,4,0,-179,-1,17.34
fold2_room1_mix1133,37,5,0,-96,5,14.33
fold2_room1_mix1133,38,4,0,-176,-1,16.99
fold2_room1_mix1133,38,5,0,-94,4,15.63
fold2_room1_mix1133,39,4,0,-179,-1,16.35
fold2_room1_mix1133,39,5,0,-95,4,14.97
fold2_room1_mix1133,40,4,0,-177,-1,15.88
fold2_room1_mix1133,40,5,0,-94,4,14.48
fold2_room1_mix1133,41,4,0,-178,-1,14.54
fold2_room1_mix1133,41,5,0,-94,4,15.07
fold2_room1_mix1133,42,4,0,-179,-1,14.30
fold2_room1_mix1133,42,5,0,-93,4,14.79
fold2_room1_mix1133,43,4,0,-178,-1,14.32
fold2_room1_mix1133,43,5,0,-91,4,14.74
fold2_room1_mix1133,44,4,0,-177,-2,12.87
fold2_room1_mix1133,44,5,0,-90,4,16.06
fold2_room1_mix1133,45,4,0,-178,-2,12.55
fold2_room1_mix1133,45,5,0,-94,4,15.95
fold2_room1_mix1133,46,4,0,-176,-2,12.25
fold2_room1_mix1133,46,5,0,-91,4,15.93
fold2_room1_mix1133,47,4,0,-175,-2,11.46
fold2_room1_mix1133,47,5,0,-94,4,15.35
fold2_room1_mix1133,48,4,0,-176,-2,10.62
fold2_room1_mix1133,48,5,0,-91,4,16.43
fold2_room1_mix1133,49,4,0,-175,-3,10.07
fold2_room1_mix1133,49,5,0,-92,4,15.82
fold2_room1_mix1133,50,4,0,-175,-3,9.45
fold2_room1_mix1133,50,5,0,-93,4,15.71
fold2_room1_mix1133,51,4,0,-175,-3,9.88
fold2_room1_mix1133,51,5,0,-93,4,17.96
fold2_room1_mix1133,52,4,0,-173,-3,9.15
fold2_room1_mix1133,52,5,0,-98,4,16.68
fold2_room1_mix1133,53,4,0,-173,-4,7.97
fold2_room1_mix1133,53,5,0,-96,4,16.31
fold2_room1_mix1133,54,4,0,-173,-4,7.35
fold2_room1_mix1133,54,5,0,-93,4,16.38
fold2_room1_mix1133,55,4,0,-171,-4,6.72
fold2_room1_mix1133,55,5,0,-99,4,15.27
fold2_room1_mix1133,56,4,0,-169,-5,5.56
fold2_room1_mix1133,56,5,0,-99,4,15.41
fold2_room1_mix1133,57,0,0,-56,-4,4.61
fold2_room1_mix1133,57,4,0,-168,-7,4.95
fold2_room1_mix1133,57,5,0,-97,4,13.93
fold2_room1_mix1133,58,0,0,-46,-4,5.09
fold2_room1_mix1133,58,4,0,-170,-6,5.08
fold2_room1_mix1133,58,5,0,-99,4,11.63
fold2_room1_mix1133,59,0,0,-41,-4,4.94
fold2_room1_mix1133,59,4,0,-171,-8,4.68
fold2_room1_mix1133,59,5,0,-99,4,10.60
fold2_room1_mix1133,60,0,0,-42,-4,5.83
fold2_room1_mix1133,60,4,0,-171,-8,4.25
fold2_room1_mix1133,60,5,0,-100,4,10.65
fold2_room1_mix1133,61,0,0,-44,-4,7.35
fold2_room1_mix1133,61,4,0,-167,-10,3.39
fold2_room1_mix1133,61,5,0,-100,4,10.20
fold2_room1_mix1133,62,0,0,-48,-5,7.90
fold2_room1_mix1133,62,4,0,-163,-14,3.03
fold2_room1_mix1133,62,5,0,-93,4,9.26
fold2_room1_mix1133,63,0,0,-46,-4,7.87
fold2_room1_mix1133,63,4,0,-153,-19,2.56
fold2_room1_mix1133,63,5,0,-98,4,10.27
fold2_room1_mix1133,64,0,0,-45,-4,7.78
fold2_room1_mix1133,64,4,0,-128,-29,1.73
fold2_room1_mix1133,64,4,0,-111,-34,1.20
fold2_room1_mix1133,64,4,0,-84,-33,2.30
fold2_room1_mix1133,64,5,0,-100,4,10.23
fold2_room1_mix1133,65,0,0,-40,-4,10.41
fold2_room1_mix1133,65,4,0,-54,-24,1.49
fold2_room1_mix1133,65,5,0,-100,4,9.44
fold2_room1_mix1133,66,0,0,-30,-3,10.45
fold2_room1_mix1133,66,4,0,-35,-18,2.02
fold2_room1_mix1133,66,5,0,-98,3,9.78
fold2_room1_mix1133,67,0,0,-32,-3,9.25
fold2_room1_mix1133,67,4,0,-25,-15,2.52
fold2_room1_mix1133,67,5,0,-104,3,10.03
fold2_room1_mix1133,68,0,0,-27,-2,11.30
fold2_room1_mix1133,68,4,0,-20,-11,3.23
fold2_room1_mix1133,68,5,0,-100,3,10.22
fold2_room1_mix1133,69,0,0,-23,-2,10.54
fold2_room1_mix1133,69,4,0,-16,-10,3.85
fold2_room1_mix1133,69,5,0,-98,3,10.59
fold2_room1_mix1133,70,0,0,-23,-2,10.26
fold2_room1_mix1133,70,4,0,-12,-8,4.45
fold2_room1_mix1133,70,5,0,-98,3,11.66
fold2_room1_mix1133,71,0,0,-19,-2,15.21
fold2_room1_mix1133,71,4,0,-10,-7,4.60
fold2_room1_mix1133,71,5,0,-100,4,10.30
fold2_room1_mix1133,72,0,0,-14,-1,16.97
fold2_room1_mix1133,72,4,0,-8,-5,5.42
fold2_room1_mix1133,72,5,0,-85,4,9.08
fold2_room1_mix1133,73,0,0,-18,-2,13.76
fold2_room1_mix1133,73,4,0,-6,-5,5.82
fold2_room1_mix1133,73,5,0,-98,4,11.60
fold2_room1_mix1133,74,0,0,-16,-1,19.32
fold2_room1_mix1133,74,4,0,-6,-5,6.12
fold2_room1_mix1133,74,5,0,-93,4,10.79
fold2_room1_mix1133,75,0,0,-16,-1,19.35
fold2_room1_mix1133,75,4,0,-5,-4,7.35
fold2_room1_mix1133,75,5,0,-88,4,9.41
fold2_room1_mix1133,76,0,0,-15,-1,16.31
fold2_room1_mix1133,76,4,0,-4,-4,7.23
fold2_room1_mix1133,76,5,0,-95,4,10.46
fold2_room1_mix1133,77,0,0,-14,-1,12.58
fold2_room1_mix1133,77,4,0,-3,-3,7.69
fold2_room1_mix1133,77,5,0,-101,4,12.23
fold2_room1_mix1133,78,0,0,-10,-1,7.00
fold2_room1_mix1133,78,4,0,-4,-3,8.28
fold2_room1_mix1133,78,5,0,-91,4,11.38
fold2_room1_mix1133,79,0,0,-8,0,3.00
fold2_room1_mix1133,79,4,0,-2,-3,9.33
fold2_room1_mix1133,79,5,0,-96,4,13.77
fold2_room1_mix1133,80,0,0,-9,-1,1.89
fold2_room1_mix1133,80,4,0,-3,-3,9.49
fold2_room1_mix1133,80,5,0,-97,4,14.22
fold2_room1_mix1133,81,4,0,-2,-3,10.57
fold2_room1_mix1133,81,5,0,-95,4,15.24
fold2_room1_mix1133,82,4,0,-1,-3,10.97
fold2_room1_mix1133,82,5,0,-91,3,15.23
fold2_room1_mix1133,83,4,0,-1,-3,12.08
fold2_room1_mix1133,83,5,0,-96,3,17.74
fold2_room1_mix1133,84,4,0,0,-2,12.89
fold2_room1_mix1133,84,5,0,-96,3,15.74
fold2_room1_mix1133,85,4,0,0,-2,14.00
fold2_room1_mix1133,85,5,0,-97,3,17.52
fold2_room1_mix1133,86,4,0,-1,-2,13.52
fold2_room1_mix1133,86,5,0,-96,3,19.02
fold2_room1_mix1133,87,4,0,0,-2,14.41
fold2_room1_mix1133,87,5,0,-94,3,15.91
fold2_room1_mix1133,88,4,0,0,-2,16.58
fold2_room1_mix1133,88,5,0,-94,3,16.04
fold2_room1_mix1133,89,4,0,0,-2,15.50
fold2_room1_mix1133,89,5,0,-98,3,17.32
fold2_room1_mix1133,90,4,0,-1,-2,15.45
fold2_room1_mix1133,90,5,0,-97,3,17.37
fold2_room1_mix1133,91,4,0,0,-2,18.07
fold2_room1_mix1133,91,5,0,-93,3,16.04
fold2_room1_mix1133,92,4,0,0,-2,16.59
fold2_room1_mix1133,92,5,0,-95,3,15.61
fold2_room1_mix1133,93,4,0,0,-2,17.31
fold2_room1_mix1133,93,5,0,-98,3,17.15
fold2_room1_mix1133,94,4,0,0,-2,19.32
fold2_room1_mix1133,94,5,0,-97,3,17.22
fold2_room1_mix1133,95,4,0,1,-1,19.41
fold2_room1_mix1133,95,5,0,-97,3,17.77
fold2_room1_mix1133,96,4,0,0,-1,20.47
fold2_room1_mix1133,96,5,0,-97,3,16.91
fold2_room1_mix1133,97,4,0,1,-1,22.05
fold2_room1_mix1133,97,5,0,-96,3,16.48
fold2_room1_mix1133,98,4,0,2,-1,21.24
fold2_room1_mix1133,98,5,0,-96,3,17.19
fold2_room1_mix1133,99,4,0,2,-1,20.49
fold2_room1_mix1133,99,5,0,-96,3,18.98
fold2_room1_mix1134,3,4,0,179,2,1.31
fold2_room1_mix1134,4,4,0,-179,0,14.37
fold2_room1_mix1134,5,4,0,-179,0,15.99
fold2_room1_mix1134,6,4,0,-179,0,16.02
fold2_room1_mix1134,7,4,0,-178,0,24.04
fold2_room1_mix1134,8,4,0,-179,-1,23.65
fold2_room1_mix1134,9,4,0,-178,-1,23.14
fold2_room1_mix1134,10,4,0,-179,0,23.27
fold2_room1_mix1134,11,4,0,179,0,23.08
fold2_room1_mix1134,12,4,0,-179,-1,23.44
fold2_room1_mix1134,13,4,0,-179,0,22.13
fold2_room1_mix1134,14,4,0,-179,-1,21.60
fold2_room1_mix1134,15,4,0,-179,-1,22.02
fold2_room1_mix1134,16,4,0,-178,-1,21.20
fold2_room1_mix1134,17,4,0,-177,-1,22.04
fold2_room1_mix1134,18,4,0,-178,0,20.94
fold2_room1_mix1134,19,4,0,-176,-1,20.03
fold2_room1_mix1134,20,4,0,-177,-1,21.51
fold2_room1_mix1134,21,4,0,-178,-1,19.79
fold2_room1_mix1134,22,4,0,-178,-1,19.20
fold2_room1_mix1134,23,4,0,-178,0,19.88
fold2_room1_mix1134,24,4,0,-176,-1,19.28
fold2_room1_mix1134,25,4,0,-177,-1,18.24
fold2_room1_mix1134,26,4,0,-177,-1,19.03
fold2_room1_mix1134,27,4,0,-177,-1,18.97
fold2_room1_mix1134,28,4,0,-175,-1,18.56
fold2_room1_mix1134,29,4,0,-175,-1,18.36
fold2_room1_mix1134,30,4,0,-175,-1,18.66
fold2_room1_mix1134,31,4,0,-176,-1,18.20
fold2_room1_mix1134,32,4,0,-176,-1,17.40
fold2_room1_mix1134,33,4,0,-175,-1,17.41
fold2_room1_mix1134,34,4,0,-175,-1,17.59
fold2_room1_mix1134,35,4,0,-175,-1,16.87
fold2_room1_mix1134,36,4,0,-175,-1,16.90
fold2_room1_mix1134,37,4,0,-176,-1,15.94
fold2_room1_mix1134,38,4,0,-175,-1,15.81
fold2_room1_mix1134,39,4,0,-175,-1,15.61
fold2_room1_mix1134,40,4,0,-174,-1,14.60
fold2_room1_mix1134,41,4,0,-175,-1,14.46
fold2_room1_mix1134,42,4,0,-175,-1,14.28
fold2_room1_mix1134,43,4,0,-174,-2,13.85
fold2_room1_mix1134,44,4,0,-173,-2,13.96
fold2_room1_mix1134,45,4,0,-172,-2,12.84
fold2_room1_mix1134,46,4,0,-172,-2,12.35
fold2_room1_mix1134,47,4,0,-173,-2,12.36
fold2_room1_mix1134,48,4,0,-173,-2,11.47
fold2_room1_mix1134,49,4,0,-172,-2,11.75
fold2_room1_mix1134,50,4,0,-173,-2,11.21
fold2_room1_mix1134,51,4,0,-172,-3,10.78
fold2_room1_mix1134,52,4,0,-172,-3,10.84
fold2_room1_mix1134,53,4,0,-172,-3,10.73
fold2_room1_mix1134,54,4,0,-171,-3,9.81
fold2_room1_mix1134,55,4,0,-170,-3,9.49
fold2_room1_mix1134,56,4,0,-170,-3,9.28
fold2_room1_mix1134,57,4,0,-170,-4,8.84
fold2_room1_mix1134,58,4,0,-168,-4,8.34
fold2_room1_mix1134,59,4,0,-168,-4,8.03
fold2_room1_mix1134,60,4,0,-167,-4,7.55
fold2_room1_mix1134,61,4,0,-169,-4,7.12
fold2_room1_mix1134,62,4,0,-166,-5,6.76
fold2_room1_mix1134,63,4,0,-166,-5,6.40
fold2_room1_mix1134,64,4,0,-166,-5,6.12
fold2_room1_mix1134,65,4,0,-165,-5,5.90
fold2_room1_mix1134,66,4,0,-165,-5,5.50
fold2_room1_mix1134,67,4,0,-164,-6,5.01
fold2_room1_mix1134,68,4,0,-162,-6,4.95
fold2_room1_mix1134,69,4,0,-161,-7,4.44
fold2_room1_mix1134,70,4,0,-160,-8,3.88
fold2_room1_mix1134,71,4,0,-159,-8,3.88
fold2_room1_mix1134,72,4,0,-157,-8,3.41
fold2_room1_mix1134,73,4,0,-155,-9,2.82
fold2_room1_mix1134,74,4,0,-151,-10,2.76
fold2_room1_mix1134,75,4,0,-149,-11,2.44
fold2_room1_mix1134,76,4,0,-145,-13,2.13
fold2_room1_mix1134,77,4,0,-139,-14,1.81
fold2_room1_mix1134,78,4,0,-132,-15,1.55
fold2_room1_mix1134,79,4,0,-121,-18,1.35
fold2_room1_mix1134,80,4,0,-103,-22,1.21
fold2_room1_mix1134,81,4,0,-87,-22,1.35
fold2_room1_mix1134,82,4,0,-65,-18,1.42
fold2_room1_mix1134,83,4,0,-52,-16,1.49
fold2_room1_mix1134,84,4,0,-40,-13,1.95
fold2_room1_mix1134,85,4,0,-36,-12,2.20
fold2_room1_mix1134,86,4,0,-29,-10,2.46
fold2_room1_mix1134,87,4,0,-25,-9,2.66
fold2_room1_mix1134,88,4,0,-21,-8,3.11
fold2_room1_mix1134,89,4,0,-18,-7,3.42
fold2_room1_mix1134,90,4,0,-17,-6,3.85
fold2_room1_mix1134,91,4,0,-15,-6,4.38
fold2_room1_mix1134,92,4,0,-13,-5,4.49
fold2_room1_mix1134,93,4,0,-12,-6,4.59
fold2_room1_mix1134,94,4,0,-12,-5,4.98
fold2_room1_mix1134,95,4,0,-11,-5,5.23
fold2_room1_mix1134,96,4,0,-10,-5,5.52
fold2_room1_mix1134,97,4,0,-10,-4,6.26
fold2_room1_mix1134,98,4,0,-9,-5,6.24
fold2_room1_mix1134,99,4,0,-9,-4,6.23
fold2_room1_mix1135,0,5,0,155,3,3.93
fold2_room1_mix1135,1,5,0,134,2,3.97
fold2_room1_mix1135,2,5,0,152,3,7.60
fold2_room1_mix1135,3,5,0,140,6,4.66
fold2_room1_mix1135,4,5,0,106,2,4.44
fold2_room1_mix1135,5,5,0,144,5,7.32
fold2_room1_mix1135,6,5,0,140,6,6.51
fold2_room1_mix1135,7,5,0,136,4,8.39
fold2_room1_mix1135,8,4,0,6,-1,10.49
fold2_room1_mix1135,8,5,0,145,3,9.85
fold2_room1_mix1135,9,4,0,0,-1,18.58
fold2_room1_mix1135,9,5,0,139,4,8.90
fold2_room1_mix1135,10,4,0,140,-3,17.02
fold2_room1_mix1135,10,4,0,4,-1,17.59
fold2_room1_mix1135,10,5,0,138,10,4.88
fold2_room1_mix1135,11,4,0,137,-1,18.90
fold2_room1_mix1135,11,4,0,8,0,17.99
fold2_room1_mix1135,11,5,0,144,6,6.60
fold2_room1_mix1135,12,4,0,137,-4,19.10
fold2_room1_mix1135,12,4,0,5,-2,16.80
fold2_room1_mix1135,12,5,0,136,6,6.61
fold2_room1_mix1135,13,4,0,1,-2,16.90
fold2_room1_mix1135,13,5,0,140,7,6.09
fold2_room1_mix1135,14,4,0,1,-2,20.01
fold2_room1_mix1135,14,5,0,136,6,6.74
fold2_room1_mix1135,15,4,0,140,-4,20.47
fold2_room1_mix1135,15,4,0,7,-2,18.79
fold2_room1_mix1135,15,5,0,137,6,6.92
fold2_room1_mix1135,16,4,0,-2,-2,20.68
fold2_room1_mix1135,16,5,0,132,7,6.27
fold2_room1_mix1135,17,4,0,135,-4,23.29
fold2_room1_mix1135,17,4,0,-3,-2,19.70
fold2_room1_mix1135,17,5,0,132,6,7.97
fold2_room1_mix1135,18,4,0,-1,-2,18.71
fold2_room1_mix1135,18,5,0,132,6,7.36
fold2_room1_mix1135,19,4,0,141,-4,20.55
fold2_room1_mix1135,19,4,0,-5,-2,19.70
fold2_room1_mix1135,19,5,0,143,7,6.93
fold2_room1_mix1135,20,4,0,162,-1,24.97
fold2_room1_mix1135,20,4,0,37,-3,19.30
fold2_room1_mix1135,20,4,0,-13,-3,16.11
fold2_room1_mix1135,20,5,0,131,5,9.34
fold2_room1_mix1135,21,4,0,156,-1,22.39
fold2_room1_mix1135,21,4,0,41,-3,18.33
fold2_room1_mix1135,21,4,0,-12,-3,14.46
fold2_room1_mix1135,21,5,0,128,6,7.90
fold2_room1_mix1135,22,4,0,154,-2,19.09
fold2_room1_mix1135,22,4,0,-3,-2,17.09
fold2_room1_mix1135,22,5,0,139,6,7.81
fold2_room1_mix1135,23,4,0,149,-3,19.55
fold2_room1_mix1135,23,4,0,-6,-3,16.01
fold2_room1_mix1135,23,5,0,139,6,8.14
fold2_room1_mix1135,24,4,0,145,-3,18.86
fold2_room1_mix1135,24,4,0,-7,-2,16.41
fold2_room1_mix1135,24,5,0,136,8,5.83
fold2_room1_mix1135,25,4,0,147,-3,18.36
fold2_room1_mix1135,25,4,0,-13,-2,15.95
fold2_room1_mix1135,25,5,0,139,5,8.55
fold2_room1_mix1135,26,4,0,145,-3,16.60
fold2_room1_mix1135,26,4,0,-12,-3,13.18
fold2_room1_mix1135,26,5,0,137,7,6.87
fold2_room1_mix1135,27,4,0,151,-3,18.19
fold2_room1_mix1135,27,4,0,-9,-3,14.04
fold2_room1_mix1135,27,5,0,144,6,7.78
fold2_room1_mix1135,28,4,0,147,-3,17.63
fold2_room1_mix1135,28,4,0,-10,-3,13.08
fold2_room1_mix1135,28,5,0,137,5,8.40
fold2_room1_mix1135,29,4,0,143,-2,16.40
fold2_room1_mix1135,29,4,0,-3,-3,11.52
fold2_room1_mix1135,29,5,0,139,7,7.11
fold2_room1_mix1135,30,4,0,150,-3,16.44
fold2_room1_mix1135,30,4,0,-11,-3,11.72
fold2_room1_mix1135,30,5,0,141,6,7.89
fold2_room1_mix1135,31,4,0,152,-3,15.72
fold2_room1_mix1135,31,4,0,-12,-3,10.77
fold2_room1_mix1135,31,5,0,140,6,8.15
fold2_room1_mix1135,32,4,0,147,-3,15.27
fold2_room1_mix1135,32,4,0,-22,-5,8.49
fold2_room1_mix1135,32,4,0,-5,-3,11.06
fold2_room1_mix1135,32,5,0,140,6,8.28
fold2_room1_mix1135,33,4,0,143,-3,16.45
fold2_room1_mix1135,33,4,0,-13,-5,9.08
fold2_room1_mix1135,33,5,0,143,5,9.09
fold2_room1_mix1135,34,4,0,138,-3,15.09
fold2_room1_mix1135,34,4,0,-16,-5,8.51
fold2_room1_mix1135,34,5,0,141,6,7.68
fold2_room1_mix1135,35,4,0,134,-4,13.54
fold2_room1_mix1135,35,4,0,-23,-6,6.75
fold2_room1_mix1135,35,4,0,-3,-4,9.35
fold2_room1_mix1135,35,5,0,143,5,9.52
fold2_room1_mix1135,36,4,0,136,-4,14.26
fold2_room1_mix1135,36,4,0,-24,-7,6.47
fold2_room1_mix1135,36,4,0,-6,-5,8.80
fold2_room1_mix1135,36,5,0,138,5,10.44
fold2_room1_mix1135,37,4,0,130,-3,13.74
fold2_room1_mix1135,37,4,0,-15,-6,7.02
fold2_room1_mix1135,37,5,0,144,5,8.96
fold2_room1_mix1135,38,4,0,131,-4,12.96
fold2_room1_mix1135,38,4,0,-19,-6,6.67
fold2_room1_mix1135,38,5,0,145,6,8.63
fold2_room1_mix1135,39,4,0,119,-4,12.13
fold2_room1_mix1135,39,4,0,-29,-7,5.78
fold2_room1_mix1135,39,4,0,-13,-5,7.96
fold2_room1_mix1135,39,5,0,140,5,9.40
fold2_room1_mix1135,40,4,0,117,-4,11.95
fold2_room1_mix1135,40,4,0,-28,-7,6.25
fold2_room1_mix1135,40,5,0,144,4,10.93
fold2_room1_mix1135,41,4,0,123,-4,12.15
fold2_room1_mix1135,41,4,0,-30,-7,5.73
fold2_room1_mix1135,41,5,0,145,4,10.73
fold2_room1_mix1135,42,4,0,114,-4,11.48
fold2_room1_mix1135,42,4,0,-29,-7,5.86
fold2_room1_mix1135,42,5,0,143,6,8.87
fold2_room1_mix1135,43,4,0,97,-5,11.94
fold2_room1_mix1135,43,4,0,-33,-8,5.66
fold2_room1_mix1135,43,5,0,144,4,10.07
fold2_room1_mix1135,44,4,0,102,-5,11.23
fold2_room1_mix1135,44,4,0,-36,-9,4.98
fold2_room1_mix1135,44,5,0,142,4,11.10
fold2_room1_mix1135,45,4,0,94,-4,12.45
fold2_room1_mix1135,45,4,0,-39,-10,4.44
fold2_room1_mix1135,45,5,0,144,4,10.43
fold2_room1_mix1135,46,4,0,95,-3,12.72
fold2_room1_mix1135,46,4,0,-51,-9,4.67
fold2_room1_mix1135,46,5,0,146,3,12.75
fold2_room1_mix1135,47,4,0,84,-6,10.59
fold2_room1_mix1135,47,4,0,-63,-11,3.42
fold2_room1_mix1135,47,5,0,143,3,13.19
fold2_room1_mix1135,48,4,0,-67,-10,3.44
fold2_room1_mix1135,48,4,0,89,-1,9.95
fold2_room1_mix1135,48,5,0,148,4,11.57
fold2_room1_mix1135,49,4,0,-72,-10,5.75
fold2_room1_mix1135,49,4,0,92,0,11.39
fold2_room1_mix1135,49,5,0,146,4,11.91
fold2_room1_mix1135,50,4,0,-78,-12,5.25
fold2_room1_mix1135,50,4,0,102,-2,9.84
fold2_room1_mix1135,50,5,0,144,4,10.62
fold2_room1_mix1135,51,4,0,-82,-11,5.27
fold2_room1_mix1135,51,4,0,94,-1,11.13
fold2_room1_mix1135,51,5,0,144,4,11.30
fold2_room1_mix1135,52,4,0,-90,-11,5.16
fold2_room1_mix1135,52,4,0,96,-2,12.68
fold2_room1_mix1135,52,5,0,142,4,12.75
fold2_room1_mix1135,53,4,0,-100,-11,3.45
fold2_room1_mix1135,53,4,0,77,-3,11.38
fold2_room1_mix1135,53,5,0,145,5,10.05
fold2_room1_mix1135,54,4,0,-110,-10,4.77
fold2_room1_mix1135,54,4,0,83,-2,11.76
fold2_room1_mix1135,54,5,0,147,5,9.38
fold2_room1_mix1135,55,4,0,-118,-9,3.29
fold2_room1_mix1135,55,4,0,58,-2,13.84
fold2_room1_mix1135,55,5,0,142,5,10.31
fold2_room1_mix1135,56,4,0,-120,-9,3.09
fold2_room1_mix1135,56,4,0,66,-2,12.12
fold2_room1_mix1135,56,5,0,141,5,11.64
fold2_room1_mix1135,57,4,0,-126,-8,3.12
fold2_room1_mix1135,57,4,0,70,-1,12.26
fold2_room1_mix1135,57,5,0,143,5,10.35
fold2_room1_mix1135,58,4,0,-127,-7,3.77
fold2_room1_mix1135,58,4,0,70,0,14.40
fold2_room1_mix1135,58,4,0,54,-2,11.70
fold2_room1_mix1135,58,5,0,145,6,9.62
fold2_room1_mix1135,59,4,0,-132,-7,3.88
fold2_room1_mix1135,59,4,0,56,-1,13.31
fold2_room1_mix1135,59,5,0,141,5,10.50
fold2_room1_mix1135,60,4,0,-134,-7,3.93
fold2_room1_mix1135,60,4,0,68,-1,13.09
fold2_room1_mix1135,60,4,0,47,-1,13.64
fold2_room1_mix1135,60,5,0,140,5,10.66
fold2_room1_mix1135,61,4,0,-134,-6,4.43
fold2_room1_mix1135,61,4,0,67,0,13.93
fold2_room1_mix1135,61,4,0,44,-2,12.72
fold2_room1_mix1135,61,5,0,143,5,9.94
fold2_room1_mix1135,62,4,0,-141,-5,5.55
fold2_room1_mix1135,62,4,0,71,0,14.13
fold2_room1_mix1135,62,4,0,50,-2,13.09
fold2_room1_mix1135,62,5,0,145,5,10.04
fold2_room1_mix1135,63,4,0,-143,-4,5.63
fold2_room1_mix1135,63,4,0,67,0,14.65
fold2_room1_mix1135,63,4,0,45,-2,13.66
fold2_room1_mix1135,63,5,0,148,5,9.15
fold2_room1_mix1135,64,4,0,-147,-4,7.28
fold2_room1_mix1135,64,4,0,-170,-5,8.47
fold2_room1_mix1135,64,4,0,54,-2,14.69
fold2_room1_mix1135,64,5,0,140,6,10.01
fold2_room1_mix1135,65,4,0,-154,-4,8.12
fold2_room1_mix1135,65,4,0,45,-1,16.24
fold2_room1_mix1135,65,5,0,146,5,11.49
fold2_room1_mix1135,66,4,0,-158,-3,8.71
fold2_room1_mix1135,66,4,0,47,-1,16.43
fold2_room1_mix1135,66,5,0,142,6,8.33
fold2_room1_mix1135,67,4,0,-155,-3,9.17
fold2_room1_mix1135,67,4,0,49,-1,18.25
fold2_room1_mix1135,67,5,0,146,6,9.74
fold2_room1_mix1135,68,4,0,-158,-3,9.04
fold2_room1_mix1135,68,4,0,39,-1,18.23
fold2_room1_mix1135,68,5,0,137,6,8.88
fold2_room1_mix1135,69,4,0,-159,-3,9.61
fold2_room1_mix1135,69,4,0,37,-1,18.63
fold2_room1_mix1135,69,5,0,138,6,8.61
fold2_room1_mix1135,70,4,0,-173,-2,11.05
fold2_room1_mix1135,70,4,0,-156,-4,8.13
fold2_room1_mix1135,70,5,0,142,7,7.81
fold2_room1_mix1135,71,4,0,-170,-2,12.11
fold2_room1_mix1135,71,4,0,-154,-4,9.39
fold2_room1_mix1135,71,5,0,136,6,9.09
fold2_room1_mix1135,72,4,0,-158,-3,10.02
fold2_room1_mix1135,72,5,0,147,5,8.99
fold2_room1_mix1135,73,4,0,-162,-3,10.32
fold2_room1_mix1135,73,4,0,24,0,17.44
fold2_room1_mix1135,73,5,0,146,5,9.15
fold2_room1_mix1135,74,4,0,-162,-3,10.97
fold2_room1_mix1135,74,5,0,143,7,6.89
fold2_room1_mix1135,75,4,0,-164,-3,11.19
fold2_room1_mix1135,75,5,0,134,6,8.65
fold2_room1_mix1135,76,4,0,-165,-2,11.57
fold2_room1_mix1135,76,4,0,16,-1,18.81
fold2_room1_mix1135,76,5,0,146,5,9.53
fold2_room1_mix1135,77,4,0,-162,-3,11.56
fold2_room1_mix1135,77,5,0,144,7,7.06
fold2_room1_mix1135,78,4,0,-163,-2,13.18
fold2_room1_mix1135,78,5,0,149,5,9.30
fold2_room1_mix1135,79,4,0,-167,-1,14.07
fold2_room1_mix1135,79,5,0,137,5,8.39
fold2_room1_mix1135,80,4,0,-163,0,13.86
fold2_room1_mix1135,80,4,0,6,-1,14.16
fold2_room1_mix1135,80,5,0,149,5,8.35
fold2_room1_mix1135,81,4,0,-160,-2,11.59
fold2_room1_mix1135,81,4,0,8,-1,15.53
fold2_room1_mix1135,81,5,0,139,4,9.63
fold2_room1_mix1135,82,4,0,-163,-1,13.16
fold2_room1_mix1135,82,4,0,-11,-3,10.04
fold2_room1_mix1135,82,5,0,148,5,8.96
fold2_room1_mix1135,83,4,0,-163,-1,13.29
fold2_room1_mix1135,83,4,0,-3,-3,8.43
fold2_room1_mix1135,83,5,0,137,5,7.83
fold2_room1_mix1135,84,4,0,-157,-1,14.83
fold2_room1_mix1135,84,4,0,-4,-5,7.54
fold2_room1_mix1135,84,5,0,151,4,11.04
fold2_room1_mix1135,85,4,0,-160,-3,13.29
fold2_room1_mix1135,85,4,0,-19,-9,4.68
fold2_room1_mix1135,85,4,0,-1,-7,6.33
fold2_room1_mix1135,85,5,0,142,4,9.03
fold2_room1_mix1135,86,4,0,-158,-3,13.05
fold2_room1_mix1135,86,4,0,-8,-11,4.24
fold2_room1_mix1135,86,5,0,141,5,8.36
fold2_room1_mix1135,87,4,0,-159,-3,13.80
fold2_room1_mix1135,87,4,0,-30,-17,2.55
fold2_room1_mix1135,87,4,0,-3,-15,3.74
fold2_room1_mix1135,87,5,0,146,4,9.13
fold2_room1_mix1135,88,4,0,-163,-3,16.50
fold2_room1_mix1135,88,4,0,-43,-22,1.79
fold2_room1_mix1135,88,4,0,-9,-20,3.15
fold2_room1_mix1135,88,5,0,151,4,9.07
fold2_room1_mix1135,89,4,0,-163,-5,11.78
fold2_room1_mix1135,89,4,0,-87,-31,1.03
fold2_room1_mix1135,89,5,0,150,4,8.84
fold2_room1_mix1135,90,4,0,-158,-9,8.11
fold2_room1_mix1135,90,4,0,-125,-24,1.39
fold2_room1_mix1135,90,5,0,136,7,6.78
fold2_room1_mix1135,91,4,0,-157,-11,4.57
fold2_room1_mix1135,91,5,0,145,5,10.30
fold2_room1_mix1135,92,4,0,-163,-9,5.21
fold2_room1_mix1135,92,5,0,156,4,10.85
fold2_room1_mix1135,93,4,0,-164,-8,5.04
fold2_room1_mix1135,93,5,0,154,5,10.12
fold2_room1_mix1135,94,4,0,-168,-6,6.70
fold2_room1_mix1135,94,5,0,143,6,8.17
fold2_room1_mix1135,95,4,0,-170,-5,7.51
fold2_room1_mix1135,95,5,0,150,4,10.65
fold2_room1_mix1135,96,4,0,-166,-5,6.34
fold2_room1_mix1135,96,4,0,172,-3,10.87
fold2_room1_mix1135,96,5,0,142,6,7.95
fold2_room1_mix1135,97,4,0,-170,-3,8.43
fold2_room1_mix1135,97,5,0,138,5,9.16
fold2_room1_mix1135,98,4,0,-171,-4,7.54
fold2_room1_mix1135,98,5,0,144,5,8.47
fold2_room1_mix1135,99,4,0,-171,-3,8.69
fold2_room1_mix1135,99,5,0,145,6,7.52
fold2_room1_mix1136,1,4,0,179,0,0.94
fold2_room1_mix1136,1,4,0,-1,1,1.10
fold2_room1_mix1136,2,4,0,-177,0,1.36
fold2_room1_mix1136,2,4,0,-1,2,1.64
fold2_room1_mix1136,3,4,0,-171,0,3.84
fold2_room1_mix1136,3,4,0,-2,0,4.55
fold2_room1_mix1136,4,4,0,-170,0,11.41
fold2_room1_mix1136,4,4,0,-1,-1,14.57
fold2_room1_mix1136,5,4,0,-173,0,14.48
fold2_room1_mix1136,5,4,0,0,0,18.56
fold2_room1_mix1136,6,4,0,-172,0,15.18
fold2_room1_mix1136,6,4,0,0,0,19.83
fold2_room1_mix1136,7,4,0,-171,-2,21.73
fold2_room1_mix1136,7,4,0,0,0,32.75
fold2_room1_mix1136,8,4,0,-172,-2,21.54
fold2_room1_mix1136,8,4,0,0,-1,32.30
fold2_room1_mix1136,9,4,0,-172,-2,20.23
fold2_room1_mix1136,9,4,0,-1,-1,30.89
fold2_room1_mix1136,10,2,0,-134,-4,7.65
fold2_room1_mix1136,10,4,0,-170,-1,20.35
fold2_room1_mix1136,10,4,0,-4,0,29.68
fold2_room1_mix1136,11,2,0,-118,-4,9.74
fold2_room1_mix1136,11,4,0,-168,-1,21.69
fold2_room1_mix1136,11,4,0,-5,0,29.41
fold2_room1_mix1136,12,1,0,-161,-2,18.65
fold2_room1_mix1136,12,2,0,-133,-3,9.13
fold2_room1_mix1136,12,4,0,-170,-2,16.62
fold2_room1_mix1136,12,4,0,-3,0,24.45
fold2_room1_mix1136,13,1,0,-164,-2,39.84
fold2_room1_mix1136,13,2,0,-118,-3,9.15
fold2_room1_mix1136,13,4,0,-167,-2,15.47
fold2_room1_mix1136,13,4,0,0,-1,22.44
fold2_room1_mix1136,14,1,0,-163,-2,40.66
fold2_room1_mix1136,14,2,0,-137,-4,8.61
fold2_room1_mix1136,14,4,0,-167,-3,18.12
fold2_room1_mix1136,14,4,0,-2,-2,23.88
fold2_room1_mix1136,15,1,0,-165,-3,40.03
fold2_room1_mix1136,15,4,0,-162,-4,16.52
fold2_room1_mix1136,15,4,0,2,-2,30.24
fold2_room1_mix1136,16,1,0,-160,-2,9.92
fold2_room1_mix1136,16,4,0,-167,-2,14.97
fold2_room1_mix1136,16,4,0,-5,-2,19.24
fold2_room1_mix1136,17,1,0,-156,-3,31.06
fold2_room1_mix1136,17,4,0,-165,-3,15.25
fold2_room1_mix1136,17,4,0,-3,-2,24.16
fold2_room1_mix1136,18,1,0,-160,-2,37.10
fold2_room1_mix1136,18,4,0,-163,-3,15.87
fold2_room1_mix1136,18,4,0,-1,-2,26.29
fold2_room1_mix1136,19,1,0,-157,-2,36.84
fold2_room1_mix1136,19,4,0,-162,-4,15.89
fold2_room1_mix1136,19,4,0,-3,-3,21.49
fold2_room1_mix1136,20,1,0,-160,-2,40.19
fold2_room1_mix1136,20,2,0,-131,-4,10.99
fold2_room1_mix1136,20,4,0,-170,-4,15.54
fold2_room1_mix1136,20,4,0,0,-2,27.77
fold2_room1_mix1136,21,1,0,-157,-2,21.06
fold2_room1_mix1136,21,2,0,-123,-4,11.94
fold2_room1_mix1136,21,4,0,-164,-4,12.70
fold2_room1_mix1136,21,4,0,-11,-3,17.10
fold2_room1_mix1136,22,1,0,-160,-1,7.46
fold2_room1_mix1136,22,2,0,-131,-3,10.26
fold2_room1_mix1136,22,4,0,-163,-5,12.42
fold2_room1_mix1136,22,4,0,-28,-4,17.18
fold2_room1_mix1136,22,4,0,-12,-3,20.58
fold2_room1_mix1136,23,1,0,-159,-2,42.35
fold2_room1_mix1136,23,2,0,-129,-3,9.83
fold2_room1_mix1136,23,4,0,-166,-5,11.61
fold2_room1_mix1136,23,4,0,-6,-2,17.95
fold2_room1_mix1136,24,1,0,-160,-2,31.69
fold2_room1_mix1136,24,2,0,-125,-3,10.92
fold2_room1_mix1136,24,4,0,-167,-3,13.00
fold2_room1_mix1136,24,4,0,-4,-3,17.76
fold2_room1_mix1136,25,1,0,-160,-2,41.59
fold2_room1_mix1136,25,4,0,-161,-4,12.59
fold2_room1_mix1136,25,4,0,-96,-8,11.40
fold2_room1_mix1136,25,4,0,-3,-3,20.05
fold2_room1_mix1136,26,1,0,-160,-2,29.27
fold2_room1_mix1136,26,4,0,-164,-3,10.69
fold2_room1_mix1136,26,4,0,-147,-6,7.79
fold2_room1_mix1136,26,4,0,0,-3,18.27
fold2_room1_mix1136,27,1,0,-158,-2,10.28
fold2_room1_mix1136,27,4,0,-157,-3,9.23
fold2_room1_mix1136,27,4,0,-30,-7,9.29
fold2_room1_mix1136,27,4,0,-6,-2,14.66
fold2_room1_mix1136,28,1,0,-148,-3,28.64
fold2_room1_mix1136,28,4,0,-162,-4,11.77
fold2_room1_mix1136,28,4,0,-141,-8,7.85
fold2_room1_mix1136,28,4,0,1,-4,19.36
fold2_room1_mix1136,29,1,0,-150,-3,25.49
fold2_room1_mix1136,29,2,0,-122,-3,9.93
fold2_room1_mix1136,29,4,0,-165,-4,10.13
fold2_room1_mix1136,29,4,0,-140,-6,8.22
fold2_room1_mix1136,29,4,0,1,-3,17.13
fold2_room1_mix1136,30,1,0,-149,-2,35.04
fold2_room1_mix1136,30,2,0,-122,-3,11.77
fold2_room1_mix1136,30,4,0,-164,-4,9.84
fold2_room1_mix1136,30,4,0,-133,-8,7.49
fold2_room1_mix1136,30,4,0,0,-3,15.91
fold2_room1_mix1136,31,1,0,-151,-2,30.60
fold2_room1_mix1136,31,2,0,-123,-2,11.42
fold2_room1_mix1136,31,4,0,-160,-5,11.82
fold2_room1_mix1136,31,4,0,-116,-12,8.70
fold2_room1_mix1136,31,4,0,0,-5,14.88
fold2_room1_mix1136,32,1,0,-148,-1,7.29
fold2_room1_mix1136,32,2,0,-114,-3,9.80
fold2_room1_mix1136,32,4,0,-161,-3,6.82
fold2_room1_mix1136,32,4,0,-5,-3,9.44
fold2_room1_mix1136,33,1,0,-145,-3,21.67
fold2_room1_mix1136,33,2,0,-122,-2,8.61
fold2_room1_mix1136,33,4,0,-154,-7,7.10
fold2_room1_mix1136,33,4,0,0,-4,12.71
fold2_room1_mix1136,34,1,0,-148,-3,28.13
fold2_room1_mix1136,34,2,0,-125,-3,9.30
fold2_room1_mix1136,34,4,0,-168,-4,9.25
fold2_room1_mix1136,34,4,0,0,-4,10.48
fold2_room1_mix1136,35,1,0,-143,-2,22.92
fold2_room1_mix1136,35,4,0,-157,-4,8.97
fold2_room1_mix1136,35,4,0,-130,-11,5.66
fold2_room1_mix1136,35,4,0,3,-5,10.23
fold2_room1_mix1136,36,1,0,-141,-3,19.51
fold2_room1_mix1136,36,4,0,-164,-3,9.46
fold2_room1_mix1136,36,4,0,-117,-11,5.47
fold2_room1_mix1136,36,4,0,6,-3,11.84
fold2_room1_mix1136,37,1,0,-141,-3,10.48
fold2_room1_mix1136,37,4,0,-153,-4,7.38
fold2_room1_mix1136,37,4,0,-16,-9,5.23
fold2_room1_mix1136,37,4,0,0,-5,7.47
fold2_room1_mix1136,38,1,0,-138,-3,9.85
fold2_room1_mix1136,38,2,0,-113,-4,3.61
fold2_room1_mix1136,38,4,0,-153,-5,7.42
fold2_room1_mix1136,38,4,0,-31,-9,5.82
fold2_room1_mix1136,38,4,0,-5,-5,6.87
fold2_room1_mix1136,39,2,0,-113,-3,8.47
fold2_room1_mix1136,39,4,0,-153,-5,6.23
fold2_room1_mix1136,39,4,0,-52,-9,5.06
fold2_room1_mix1136,39,4,0,-8,-5,6.46
fold2_room1_mix1136,40,2,0,-107,-3,10.05
fold2_room1_mix1136,40,4,0,-153,-6,6.45
fold2_room1_mix1136,40,4,0,-37,-11,4.64
fold2_room1_mix1136,40,4,0,-13,-7,5.07
fold2_room1_mix1136,41,2,0,-110,-2,9.93
fold2_room1_mix1136,41,4,0,-157,-7,6.39
fold2_room1_mix1136,41,4,0,-61,-12,4.10
fold2_room1_mix1136,41,4,0,-11,-9,4.54
fold2_room1_mix1136,42,2,0,-106,-2,8.77
fold2_room1_mix1136,42,4,0,-155,-7,6.18
fold2_room1_mix1136,42,4,0,-63,-15,2.88
fold2_room1_mix1136,42,4,0,-10,-9,4.10
fold2_room1_mix1136,43,2,0,-96,-2,8.81
fold2_room1_mix1136,43,4,0,-163,-7,6.69
fold2_room1_mix1136,43,4,0,-52,-16,3.07
fold2_room1_mix1136,43,4,0,-9,-11,3.78
fold2_room1_mix1136,44,2,0,-107,-2,8.22
fold2_room1_mix1136,44,4,0,-167,-7,6.57
fold2_room1_mix1136,44,4,0,-54,-14,3.07
fold2_room1_mix1136,44,4,0,-19,-10,3.40
fold2_room1_mix1136,45,4,0,-168,-8,6.28
fold2_room1_mix1136,45,4,0,-57,-20,1.95
fold2_room1_mix1136,45,4,0,-26,-16,2.74
fold2_room1_mix1136,46,4,0,179,-6,7.11
fold2_room1_mix1136,46,4,0,-63,-19,2.81
fold2_room1_mix1136,46,4,0,-38,-17,2.43
fold2_room1_mix1136,47,4,0,179,-7,6.28
fold2_room1_mix1136,47,4,0,-76,-24,2.05
fold2_room1_mix1136,47,4,0,-43,-18,2.53
fold2_room1_mix1136,48,4,0,164,-11,4.86
fold2_room1_mix1136,48,4,0,-76,-28,1.75
fold2_room1_mix1136,49,2,0,-93,-3,7.81
fold2_room1_mix1136,49,4,0,175,-11,4.97
fold2_room1_mix1136,49,4,0,-103,-27,2.00
fold2_room1_mix1136,49,4,0,-75,-27,2.19
fold2_room1_mix1136,50,2,0,-106,-2,9.02
fold2_room1_mix1136,50,4,0,168,-16,4.18
fold2_room1_mix1136,50,4,0,-114,-28,1.70
fold2_room1_mix1136,50,4,0,-57,-29,2.41
fold2_room1_mix1136,51,2,0,-99,-3,8.94
fold2_room1_mix1136,51,4,0,-165,-18,3.11
fold2_room1_mix1136,51,4,0,-69,-32,2.51
fold2_room1_mix1136,51,4,0,-35,-20,2.54
fold2_room1_mix1136,52,2,0,-96,-4,8.35
fold2_room1_mix1136,52,4,0,-150,-16,3.14
fold2_room1_mix1136,52,4,0,-27,-16,3.23
fold2_room1_mix1136,53,4,0,-158,-11,4.10
fold2_room1_mix1136,53,4,0,-23,-11,4.25
fold2_room1_mix1136,54,4,0,-157,-12,3.60
fold2_room1_mix1136,54,4,0,-24,-11,3.73
fold2_room1_mix1136,55,4,0,-158,-10,4.27
fold2_room1_mix1136,55,4,0,-22,-11,3.97
fold2_room1_mix1136,56,4,0,-160,-9,4.51
fold2_room1_mix1136,56,4,0,-17,-9,4.93
fold2_room1_mix1136,57,4,0,-158,-9,4.70
fold2_room1_mix1136,57,4,0,-18,-11,4.72
fold2_room1_mix1136,58,4,0,-161,-7,6.24
fold2_room1_mix1136,58,4,0,-28,-18,4.92
fold2_room1_mix1136,58,4,0,-12,-7,6.48
fold2_room1_mix1136,59,2,0,-92,-3,2.15
fold2_room1_mix1136,59,4,0,-159,-6,6.05
fold2_room1_mix1136,59,4,0,-8,-7,6.31
fold2_room1_mix1136,60,4,0,-160,-6,6.72
fold2_room1_mix1136,60,4,0,-11,-8,6.41
fold2_room1_mix1136,61,4,0,-166,-5,7.71
fold2_room1_mix1136,61,4,0,-22,-9,5.55
fold2_room1_mix1136,61,4,0,-6,-6,8.19
fold2_room1_mix1136,62,4,0,-165,-5,8.25
fold2_room1_mix1136,62,4,0,-24,-8,6.05
fold2_room1_mix1136,62,4,0,-6,-6,8.49
fold2_room1_mix1136,63,4,0,-169,-5,8.80
fold2_room1_mix1136,63,4,0,-11,-7,7.41
fold2_room1_mix1136,64,4,0,-167,-5,9.45
fold2_room1_mix1136,64,4,0,-32,-8,6.78
fold2_room1_mix1136,64,4,0,-3,-6,10.09
fold2_room1_mix1136,65,4,0,-170,-5,10.30
fold2_room1_mix1136,65,4,0,-22,-8,7.00
fold2_room1_mix1136,65,4,0,-4,-5,10.59
fold2_room1_mix1136,66,4,0,-170,-4,10.71
fold2_room1_mix1136,66,4,0,-9,-5,9.26
fold2_room1_mix1136,67,4,0,-172,-4,11.53
fold2_room1_mix1136,67,4,0,-23,-7,8.41
fold2_room1_mix1136,67,4,0,-4,-4,12.77
fold2_room1_mix1136,68,4,0,-172,-4,11.64
fold2_room1_mix1136,68,4,0,-10,-5,10.35
fold2_room1_mix1136,69,4,0,-174,-4,12.74
fold2_room1_mix1136,69,4,0,-10,-5,10.85
fold2_room1_mix1136,70,4,0,-168,-4,13.06
fold2_room1_mix1136,70,4,0,-10,-5,11.61
fold2_room1_mix1136,71,4,0,-173,-3,16.32
fold2_room1_mix1136,71,4,0,-18,-6,11.09
fold2_room1_mix1136,71,4,0,-2,-3,15.67
fold2_room1_mix1136,72,4,0,-171,-3,15.45
fold2_room1_mix1136,72,4,0,-7,-4,14.17
fold2_room1_mix1136,73,4,0,-172,-3,16.48
fold2_room1_mix1136,73,4,0,-16,-5,12.06
fold2_room1_mix1136,73,4,0,-1,-3,17.26
fold2_room1_mix1136,74,4,0,-174,-2,18.74
fold2_room1_mix1136,74,4,0,-9,-4,14.91
fold2_room1_mix1136,75,4,0,-173,-3,18.08
fold2_room1_mix1136,75,4,0,-7,-4,17.42
fold2_room1_mix1136,76,4,0,-171,-3,18.20
fold2_room1_mix1136,76,4,0,-7,-4,16.83
fold2_room1_mix1136,77,4,0,-173,-2,20.37
fold2_room1_mix1136,77,4,0,-7,-3,17.78
fold2_room1_mix1136,78,4,0,-173,-2,21.43
fold2_room1_mix1136,78,4,0,-7,-3,18.78
fold2_room1_mix1136,79,4,0,-174,-2,22.29
fold2_room1_mix1136,79,4,0,-6,-3,18.98
fold2_room1_mix1136,80,4,0,-174,-2,22.16
fold2_room1_mix1136,80,4,0,-6,-3,19.46
fold2_room1_mix1136,81,4,0,-175,-2,23.51
fold2_room1_mix1136,81,4,0,-6,-3,19.81
fold2_room1_mix1136,82,4,0,-175,-2,22.98
fold2_room1_mix1136,82,4,0,-7,-3,20.05
fold2_room1_mix1136,83,4,0,-173,-1,24.07
fold2_room1_mix1136,83,4,0,-6,-3,21.36
fold2_room1_mix1136,84,4,0,-175,-1,25.85
fold2_room1_mix1136,84,4,0,-5,-3,21.65
fold2_room1_mix1136,85,4,0,-175,-1,26.68
fold2_room1_mix1136,85,4,0,-4,-2,21.75
fold2_room1_mix1136,86,4,0,-174,-1,24.43
fold2_room1_mix1136,86,4,0,-5,-2,21.36
fold2_room1_mix1136,87,4,0,-175,-1,27.78
fold2_room1_mix1136,87,4,0,-4,-2,22.01
fold2_room1_mix1136,88,4,0,-174,0,28.00
fold2_room1_mix1136,88,4,0,-4,-2,23.25
fold2_room1_mix1136,89,4,0,-174,-1,28.69
fold2_room1_mix1136,89,4,0,-5,-2,23.15
fold2_room1_mix1136,90,4,0,-175,0,31.24
fold2_room1_mix1136,90,4,0,-6,-2,23.37
fold2_room1_mix1136,91,4,0,-175,0,32.33
fold2_room1_mix1136,91,4,0,-4,-2,25.66
fold2_room1_mix1136,92,4,0,-175,0,31.32
fold2_room1_mix1136,92,4,0,-3,-2,24.70
fold2_room1_mix1136,93,4,0,-176,0,33.79
fold2_room1_mix1136,93,4,0,-4,-2,25.56
fold2_room1_mix1136,94,4,0,-174,0,32.71
fold2_room1_mix1136,94,4,0,-4,-2,26.12
fold2_room1_mix1136,95,4,0,-173,-1,31.60
fold2_room1_mix1136,95,4,0,-4,-2,26.11
fold2_room1_mix1136,96,4,0,-172,0,35.12
fold2_room1_mix1136,96,4,0,-4,-2,28.21
fold2_room1_mix1136,97,4,0,-174,0,39.57
fold2_room1_mix1136,97,4,0,-4,-2,29.65
fold2_room1_mix1136,98,4,0,-173,0,36.51
fold2_room1_mix1136,98,4,0,-3,-2,29.91
fold2_room1_mix1136,99,4,0,-172,0,35.99
fold2_room1_mix1136,99,4,0,-2,-2,28.15
fold2_room1_mix1137,21,4,0,171,-2,6.75
fold2_room1_mix1137,22,4,0,170,-2,10.70
fold2_room1_mix1137,23,4,0,168,-2,11.59
fold2_room1_mix1137,24,4,0,169,-2,12.61
fold2_room1_mix1137,25,4,0,167,-2,13.71
fold2_room1_mix1137,26,4,0,166,-2,13.25
fold2_room1_mix1137,27,4,0,166,-2,13.25
fold2_room1_mix1137,28,4,0,167,-2,12.89
fold2_room1_mix1137,29,4,0,166,-3,12.36
fold2_room1_mix1137,30,4,0,164,-3,12.34
fold2_room1_mix1137,31,4,0,166,-3,11.58
fold2_room1_mix1137,32,4,0,163,-3,11.72
fold2_room1_mix1137,33,4,0,163,-3,11.09
fold2_room1_mix1137,34,4,0,162,-3,10.28
fold2_room1_mix1137,35,4,0,159,-3,10.47
fold2_room1_mix1137,36,4,0,160,-3,8.86
fold2_room1_mix1137,37,4,0,160,-4,8.41
fold2_room1_mix1137,38,4,0,157,-4,7.46
fold2_room1_mix1137,39,4,0,160,-4,7.88
fold2_room1_mix1137,40,4,0,156,-5,7.15
fold2_room1_mix1137,41,4,0,173,-2,10.16
fold2_room1_mix1137,41,4,0,150,-7,5.33
fold2_room1_mix1137,42,4,0,164,-3,9.21
fold2_room1_mix1137,42,4,0,142,-8,4.76
fold2_room1_mix1137,43,4,0,162,-4,8.70
fold2_room1_mix1137,43,4,0,137,-8,4.18
fold2_room1_mix1137,44,4,0,176,-2,13.24
fold2_room1_mix1137,44,4,0,158,-5,7.33
fold2_room1_mix1137,44,4,0,128,-10,3.31
fold2_room1_mix1137,45,4,0,169,-4,10.51
fold2_room1_mix1137,45,4,0,117,-12,3.24
fold2_room1_mix1137,46,4,0,171,-4,9.50
fold2_room1_mix1137,46,4,0,112,-13,3.25
fold2_room1_mix1137,47,4,0,175,-4,8.81
fold2_room1_mix1137,47,4,0,94,-12,3.43
fold2_room1_mix1137,48,4,0,170,-4,7.41
fold2_room1_mix1137,48,4,0,68,-9,3.47
fold2_room1_mix1137,49,4,0,169,-4,7.21
fold2_room1_mix1137,49,4,0,60,-9,3.57
fold2_room1_mix1137,50,4,0,169,-5,7.50
fold2_room1_mix1137,50,4,0,47,-7,4.39
fold2_room1_mix1137,51,4,0,169,-4,7.03
fold2_room1_mix1137,51,4,0,39,-5,4.82
fold2_room1_mix1137,52,4,0,162,-5,6.54
fold2_room1_mix1137,52,4,0,37,-5,4.82
fold2_room1_mix1137,53,4,0,148,-6,5.89
fold2_room1_mix1137,53,4,0,34,-4,5.94
fold2_room1_mix1137,54,4,0,147,-7,5.26
fold2_room1_mix1137,54,4,0,30,-4,6.71
fold2_room1_mix1137,55,4,0,130,-6,4.71
fold2_room1_mix1137,55,4,0,30,-3,6.70
fold2_room1_mix1137,56,4,0,129,-8,4.68
fold2_room1_mix1137,56,4,0,27,-4,7.32
fold2_room1_mix1137,57,4,0,116,-7,4.57
fold2_room1_mix1137,57,4,0,26,-3,7.76
fold2_room1_mix1137,58,4,0,106,-9,4.17
fold2_room1_mix1137,58,4,0,23,-5,7.97
fold2_room1_mix1137,59,4,0,90,-10,3.78
fold2_room1_mix1137,59,4,0,23,-3,8.99
fold2_room1_mix1137,60,4,0,87,-11,3.15
fold2_room1_mix1137,60,4,0,46,-5,7.01
fold2_room1_mix1137,60,4,0,18,-4,7.68
fold2_room1_mix1137,61,4,0,76,-10,3.51
fold2_room1_mix1137,61,4,0,38,-5,7.25
fold2_room1_mix1137,61,4,0,18,-4,8.48
fold2_room1_mix1137,62,4,0,64,-9,4.05
fold2_room1_mix1137,62,4,0,36,-6,6.07
fold2_room1_mix1137,62,4,0,18,-4,8.23
fold2_room1_mix1137,63,4,0,54,-9,3.83
fold2_room1_mix1137,63,4,0,15,-3,9.37
fold2_room1_mix1137,64,4,0,46,-8,4.24
fold2_room1_mix1137,64,4,0,16,-4,9.21
fold2_room1_mix1137,65,4,0,39,-6,5.01
fold2_room1_mix1137,65,4,0,18,-3,9.40
fold2_room1_mix1137,66,4,0,34,-5,5.61
fold2_room1_mix1137,66,4,0,15,-3,10.03
fold2_room1_mix1137,67,4,0,20,-4,8.80
fold2_room1_mix1137,68,4,0,19,-4,8.83
fold2_room1_mix1137,69,4,0,19,-3,9.54
fold2_room1_mix1137,70,4,0,18,-3,9.68
fold2_room1_mix1137,71,4,0,16,-3,10.33
fold2_room1_mix1137,72,4,0,16,-2,11.40
fold2_room1_mix1137,73,4,0,16,-2,11.50
fold2_room1_mix1137,74,4,0,15,-2,11.52
fold2_room1_mix1137,75,4,0,15,-2,12.52
fold2_room1_mix1137,76,4,0,15,-2,12.18
fold2_room1_mix1137,77,4,0,14,-2,12.76
fold2_room1_mix1137,78,4,0,14,-2,13.29
fold2_room1_mix1137,79,4,0,13,-2,13.47
fold2_room1_mix1137,80,4,0,13,-2,13.99
fold2_room1_mix1137,81,4,0,12,-2,14.89
fold2_room1_mix1137,82,4,0,13,-2,15.14
fold2_room1_mix1137,83,4,0,12,-1,16.56
fold2_room1_mix1137,84,4,0,12,-1,16.14
fold2_room1_mix1137,85,4,0,12,-1,16.10
fold2_room1_mix1137,86,4,0,11,-1,15.81
fold2_room1_mix1137,87,4,0,9,-1,14.34
fold2_room1_mix1137,88,4,0,11,-1,12.64
fold2_room1_mix1137,89,4,0,9,-1,9.56
fold2_room1_mix1137,90,4,0,10,-1,15.58
fold2_room1_mix1137,91,4,0,7,-1,6.81
fold2_room1_mix1137,92,4,0,9,-1,5.38
fold2_room1_mix1138,29,3,0,-114,-4,13.36
fold2_room1_mix1138,30,3,0,-112,-4,13.33
fold2_room1_mix1138,31,3,0,-106,-4,11.13
fold2_room1_mix1138,32,3,0,-103,-4,9.31
fold2_room1_mix1138,33,3,0,-101,-4,8.86
fold2_room1_mix1138,34,3,0,-96,-3,9.01
fold2_room1_mix1138,35,3,0,-93,-3,5.38
fold2_room1_mix1138,40,3,0,-82,-3,8.80
fold2_room1_mix1138,41,3,0,-79,-3,11.65
fold2_room1_mix1138,42,3,0,-77,-3,12.22
fold2_room1_mix1138,43,3,0,-80,-3,9.86
fold2_room1_mix1138,44,3,0,-73,-3,10.82
fold2_room1_mix1138,45,3,0,-73,-3,11.14
fold2_room1_mix1138,46,3,0,-74,-2,9.97
fold2_room1_mix1138,47,3,0,-67,-2,8.83
fold2_room1_mix1139,30,1,0,168,-1,12.42
fold2_room1_mix1139,31,1,0,165,-2,24.54
fold2_room1_mix1139,32,1,0,165,-2,29.03
fold2_room1_mix1139,33,1,0,168,-2,26.99
fold2_room1_mix1139,34,1,0,172,-2,4.32
fold2_room1_mix1139,35,1,0,166,-3,21.11
fold2_room1_mix1139,35,4,0,168,0,1.13
fold2_room1_mix1139,36,1,0,164,-3,18.99
fold2_room1_mix1139,36,4,0,170,0,3.20
fold2_room1_mix1139,37,1,0,165,-2,24.75
fold2_room1_mix1139,37,4,0,174,-2,6.74
fold2_room1_mix1139,38,1,0,169,-3,12.80
fold2_room1_mix1139,38,4,0,168,-2,2.80
fold2_room1_mix1139,39,1,0,165,-3,15.19
fold2_room1_mix1139,39,4,0,171,-3,7.47
fold2_room1_mix1139,40,1,0,156,-2,18.64
fold2_room1_mix1139,40,4,0,177,-2,10.67
fold2_room1_mix1139,41,1,0,154,-3,14.00
fold2_room1_mix1139,41,4,0,177,-2,10.79
fold2_room1_mix1139,42,1,0,153,-3,15.14
fold2_room1_mix1139,42,4,0,-179,-3,8.19
fold2_room1_mix1139,43,4,0,171,-3,3.93
fold2_room1_mix1139,44,1,0,152,-3,9.63
fold2_room1_mix1139,44,4,0,175,-3,12.73
fold2_room1_mix1139,45,1,0,134,-3,9.52
fold2_room1_mix1139,45,4,0,-177,-4,11.27
fold2_room1_mix1139,46,1,0,114,-4,7.06
fold2_room1_mix1139,46,4,0,-177,-2,11.36
fold2_room1_mix1139,47,1,0,97,-4,7.49
fold2_room1_mix1139,47,4,0,173,-3,8.07
fold2_room1_mix1139,48,4,0,-168,-3,11.50
fold2_room1_mix1139,49,1,0,57,-5,9.69
fold2_room1_mix1139,49,4,0,-171,-2,11.14
fold2_room1_mix1139,50,1,0,46,-4,11.09
fold2_room1_mix1139,50,4,0,-174,-3,10.05
fold2_room1_mix1139,51,1,0,39,-4,11.26
fold2_room1_mix1139,51,4,0,-178,-3,6.85
fold2_room1_mix1139,52,4,0,-173,-2,11.97
fold2_room1_mix1139,53,4,0,-168,-2,11.35
fold2_room1_mix1139,54,4,0,-173,-2,11.27
fold2_room1_mix1139,55,4,0,-174,-2,10.61
fold2_room1_mix1139,56,4,0,-168,-2,11.07
fold2_room1_mix1139,57,4,0,-168,-2,9.97
fold2_room1_mix1139,58,4,0,-167,-3,9.23
fold2_room1_mix1139,59,4,0,-171,-2,10.41
fold2_room1_mix1139,60,4,0,-168,-3,9.33
fold2_room1_mix1139,61,4,0,-168,-3,8.27
fold2_room1_mix1139,62,4,0,-167,-4,8.07
fold2_room1_mix1139,63,4,0,-165,-4,7.23
fold2_room1_mix1139,64,4,0,-165,-5,6.96
fold2_room1_mix1139,65,4,0,-163,-5,6.40
fold2_room1_mix1139,66,4,0,-162,-5,5.37
fold2_room1_mix1139,67,4,0,-160,-6,5.11
fold2_room1_mix1139,68,4,0,-159,-8,4.17
fold2_room1_mix1139,69,4,0,-157,-8,3.84
fold2_room1_mix1139,70,4,0,-154,-9,3.36
fold2_room1_mix1139,71,4,0,-153,-10,2.76
fold2_room1_mix1139,72,4,0,-151,-10,2.86
fold2_room1_mix1139,73,4,0,-145,-13,1.95
fold2_room1_mix1139,74,4,0,-140,-15,1.73
fold2_room1_mix1139,75,4,0,-127,-18,1.50
fold2_room1_mix1139,76,4,0,-109,-17,1.45
fold2_room1_mix1139,77,4,0,-135,-14,3.22
fold2_room1_mix1139,77,4,0,-86,-19,1.48
fold2_room1_mix1139,77,4,0,-70,-19,1.35
fold2_room1_mix1139,78,4,0,-129,-14,2.64
fold2_room1_mix1139,78,4,0,-56,-14,1.61
fold2_room1_mix1139,79,4,0,-141,-11,2.42
fold2_room1_mix1139,79,4,0,-41,-10,1.93
fold2_room1_mix1139,80,4,0,-150,-8,3.16
fold2_room1_mix1139,80,4,0,-34,-9,2.52
fold2_room1_mix1139,81,4,0,-151,-8,3.18
fold2_room1_mix1139,81,4,0,-31,-8,2.92
fold2_room1_mix1139,82,4,0,-151,-8,3.55
fold2_room1_mix1139,82,4,0,-29,-8,3.31
fold2_room1_mix1139,83,4,0,-151,-7,3.55
fold2_room1_mix1139,83,4,0,-26,-7,3.67
fold2_room1_mix1139,84,4,0,-145,-7,3.76
fold2_room1_mix1139,84,4,0,-24,-7,3.60
fold2_room1_mix1139,85,4,0,-133,-10,2.88
fold2_room1_mix1139,85,4,0,-25,-7,3.88
fold2_room1_mix1139,86,4,0,-116,-12,2.70
fold2_room1_mix1139,86,4,0,-23,-6,4.69
fold2_room1_mix1139,87,3,0,-85,-6,3.82
fold2_room1_mix1139,87,4,0,-82,-16,1.87
fold2_room1_mix1139,87,4,0,-21,-6,5.28
fold2_room1_mix1139,88,4,0,-56,-16,1.79
fold2_room1_mix1139,88,4,0,-20,-5,6.59
fold2_room1_mix1139,89,4,0,-45,-12,2.33
fold2_room1_mix1139,89,4,0,-17,-4,7.30
fold2_room1_mix1139,90,4,0,-36,-10,2.40
fold2_room1_mix1139,90,4,0,-14,-4,6.15
fold2_room1_mix1139,91,4,0,-17,-5,6.29
fold2_room1_mix1139,92,4,0,-15,-5,6.00
fold2_room1_mix1139,93,4,0,-14,-5,6.48
fold2_room1_mix1139,94,4,0,-11,-4,7.41
fold2_room1_mix1139,95,4,0,-10,-3,8.16
fold2_room1_mix1139,96,4,0,-8,-3,8.43
fold2_room1_mix1139,97,4,0,-8,-3,9.31
fold2_room1_mix1139,98,4,0,-8,-3,9.48
fold2_room1_mix1139,99,4,0,-6,-3,10.83
fold2_room1_mix1140,37,1,0,155,-2,30.38
fold2_room1_mix1140,38,1,0,156,-2,32.23
fold2_room1_mix1140,39,1,0,158,-2,29.93
fold2_room1_mix1140,40,1,0,155,-2,26.42
fold2_room1_mix1140,42,1,0,153,-2,20.93
fold2_room1_mix1140,43,1,0,156,-2,19.31
fold2_room1_mix1140,44,1,0,152,-2,26.05
fold2_room1_mix1140,45,1,0,150,-2,20.25
fold2_room1_mix1140,47,1,0,146,-2,19.15
fold2_room1_mix1140,48,1,0,144,-2,16.75
fold2_room1_mix1140,49,1,0,142,-2,18.57
fold2_room1_mix1140,50,1,0,138,-2,16.00
fold2_room1_mix1140,52,1,0,127,-3,12.22
fold2_room1_mix1140,53,1,0,119,-3,12.52
fold2_room1_mix1140,54,1,0,116,-3,11.29
fold2_room1_mix1140,55,1,0,108,-3,10.56
fold2_room1_mix1140,57,1,0,94,-3,10.78
fold2_room1_mix1140,58,1,0,82,-4,12.87
fold2_room1_mix1140,59,1,0,72,-3,11.79
fold2_room1_mix1140,60,1,0,67,-4,11.20
fold2_room1_mix1140,62,1,0,51,-3,13.78
fold2_room1_mix1140,63,1,0,48,-3,13.85
fold2_room1_mix1140,64,1,0,45,-3,15.81
fold2_room1_mix1140,65,1,0,40,-3,15.54
fold2_room1_mix1140,67,1,0,38,-3,11.59
fold2_room1_mix1140,68,1,0,37,-3,16.64
fold2_room1_mix1140,69,1,0,35,-2,17.46
fold2_room1_mix1140,70,1,0,32,-2,10.96
fold2_room1_mix1140,71,1,0,37,-2,5.26
fold2_room1_mix1140,73,1,0,32,-2,18.79
fold2_room1_mix1140,74,1,0,29,-2,20.64
fold2_room1_mix1141,56,4,0,-179,-1,7.71
fold2_room1_mix1141,57,4,0,179,-1,6.61
fold2_room1_mix1141,58,4,0,-175,-1,13.37
fold2_room1_mix1141,59,4,0,-174,-1,14.46
fold2_room1_mix1141,60,4,0,-173,-1,17.15
fold2_room1_mix1141,61,4,0,-170,-1,17.28
fold2_room1_mix1141,62,4,0,-169,-1,16.91
fold2_room1_mix1141,63,4,0,-167,-1,16.25
fold2_room1_mix1141,64,4,0,-168,-1,15.53
fold2_room1_mix1141,65,4,0,-166,-1,15.24
fold2_room1_mix1141,66,4,0,-167,-1,14.06
fold2_room1_mix1141,67,4,0,-165,-1,13.79
fold2_room1_mix1141,68,4,0,-165,-2,13.14
fold2_room1_mix1141,69,4,0,-164,-2,12.62
fold2_room1_mix1141,70,4,0,-162,-2,11.49
fold2_room1_mix1141,71,4,0,-162,-3,10.06
fold2_room1_mix1141,72,4,0,-161,-3,9.81
fold2_room1_mix1141,73,4,0,-159,-3,9.34
fold2_room1_mix1141,74,4,0,-157,-4,7.80
fold2_room1_mix1141,75,4,0,-154,-4,7.54
fold2_room1_mix1141,76,4,0,-150,-5,6.34
fold2_room1_mix1141,77,4,0,-147,-6,5.17
fold2_room1_mix1141,78,4,0,-144,-7,4.86
fold2_room1_mix1141,79,4,0,-139,-9,3.93
fold2_room1_mix1141,80,4,0,-134,-11,3.61
fold2_room1_mix1141,81,4,0,-124,-11,3.10
fold2_room1_mix1141,82,4,0,-105,-12,3.07
fold2_room1_mix1141,83,4,0,-90,-12,2.96
fold2_room1_mix1141,84,4,0,-72,-11,2.89
fold2_room1_mix1141,85,4,0,-58,-9,3.12
fold2_room1_mix1141,86,4,0,-46,-8,3.90
fold2_room1_mix1141,87,4,0,-39,-8,4.36
fold2_room1_mix1141,88,4,0,-32,-6,4.95
fold2_room1_mix1141,89,4,0,-26,-6,5.86
fold2_room1_mix1141,90,4,0,-21,-5,6.27
fold2_room1_mix1141,91,4,0,-19,-4,7.27
fold2_room1_mix1141,92,4,0,-16,-4,8.06
fold2_room1_mix1141,93,4,0,-15,-3,9.19
fold2_room1_mix1141,94,4,0,-14,-3,10.11
fold2_room1_mix1141,95,4,0,-11,-3,11.37
fold2_room1_mix1141,96,4,0,-10,-3,11.75
fold2_room1_mix1141,97,4,0,-10,-3,12.78
fold2_room1_mix1141,98,4,0,-10,-3,12.94
fold2_room1_mix1141,99,4,0,-10,-3,13.53
fold2_room1_mix1142,74,4,0,-63,-1,5.84
fold2_room1_mix1142,75,4,0,-60,-2,7.09
fold2_room1_mix1142,76,4,0,-61,-2,10.39
fold2_room1_mix1142,77,4,0,-64,-2,10.44
fold2_room1_mix1142,78,4,0,-67,-3,11.12
fold2_room1_mix1142,79,4,0,-67,-3,11.50
fold2_room1_mix1142,80,4,0,-69,-3,11.80
fold2_room1_mix1142,81,4,0,-71,-3,11.33
fold2_room1_mix1142,82,4,0,-74,-3,11.89
fold2_room1_mix1142,83,4,0,-75,-3,11.56
fold2_room1_mix1142,84,4,0,-82,-3,11.60
fold2_room1_mix1142,85,4,0,-81,-3,11.66
fold2_room1_mix1142,86,4,0,-88,-3,11.49
fold2_room1_mix1142,87,4,0,-88,-3,11.74
fold2_room1_mix1142,88,4,0,-92,-3,11.77
fold2_room1_mix1142,89,4,0,-95,-3,11.58
fold2_room1_mix1142,90,4,0,-96,-3,11.46
fold2_room1_mix1142,91,4,0,-100,-2,11.80
fold2_room1_mix1142,92,4,0,-102,-3,11.47
fold2_room1_mix1142,93,4,0,-104,-3,12.01
fold2_room1_mix1142,94,4,0,-106,-3,11.68
fold2_room1_mix1142,95,4,0,-109,-2,12.09
fold2_room1_mix1142,96,4,0,-112,-3,11.86
fold2_room1_mix1142,97,4,0,-114,-2,11.87
fold2_room1_mix1142,98,4,0,-115,-2,10.58
fold2_room1_mix1142,99,4,0,-116,-2,7.27
fold2_room1_mix1142,71,4,0,-62,0,2.79
fold2_room1_mix1143,42,2,0,100,-4,6.19
fold2_room1_mix1143,43,2,0,96,-3,5.54
fold2_room1_mix1143,44,2,0,99,-4,7.83
fold2_room1_mix1143,45,2,0,95,-3,3.91
fold2_room1_mix1143,47,4,0,-32,-3,6.34
fold2_room1_mix1143,48,4,0,-29,-3,7.47
fold2_room1_mix1143,49,4,0,-32,-2,9.03
fold2_room1_mix1143,50,2,0,98,-3,10.48
fold2_room1_mix1143,50,4,0,-35,-3,8.47
fold2_room1_mix1143,51,2,0,95,-3,11.01
fold2_room1_mix1143,51,4,0,-31,-3,10.54
fold2_room1_mix1143,52,2,0,96,-2,12.36
fold2_room1_mix1143,52,4,0,-34,-4,9.42
fold2_room1_mix1143,53,2,0,93,-3,10.07
fold2_room1_mix1143,53,4,0,-40,-4,9.86
fold2_room1_mix1143,54,2,0,95,-3,11.68
fold2_room1_mix1143,54,4,0,-42,-5,9.14
fold2_room1_mix1143,55,2,0,91,0,1.22
fold2_room1_mix1143,55,4,0,-46,-4,8.47
fold2_room1_mix1143,56,4,0,-50,-5,8.18
fold2_room1_mix1143,57,4,0,-56,-5,7.52
fold2_room1_mix1143,58,4,0,-60,-5,7.41
fold2_room1_mix1143,59,4,0,-66,-5,7.17
fold2_room1_mix1143,60,2,0,104,-3,10.03
fold2_room1_mix1143,60,4,0,-76,-4,6.86
fold2_room1_mix1143,61,2,0,99,-2,13.12
fold2_room1_mix1143,61,4,0,-84,-4,6.68
fold2_room1_mix1143,62,2,0,107,-3,10.01
fold2_room1_mix1143,62,4,0,-92,-4,6.69
fold2_room1_mix1143,63,2,0,95,-3,11.47
fold2_room1_mix1143,63,4,0,-96,-5,6.85
fold2_room1_mix1143,64,2,0,100,-3,11.15
fold2_room1_mix1143,64,4,0,-105,-3,7.23
fold2_room1_mix1143,65,2,0,103,-3,8.98
fold2_room1_mix1143,65,4,0,-113,-4,7.09
fold2_room1_mix1143,66,4,0,-120,-4,7.05
fold2_room1_mix1143,67,4,0,-126,-3,7.85
fold2_room1_mix1143,68,4,0,-131,-3,7.87
fold2_room1_mix1143,69,4,0,-137,-3,9.06
fold2_room1_mix1143,70,2,0,109,-2,5.67
fold2_room1_mix1143,70,4,0,-139,-3,8.66
fold2_room1_mix1143,71,2,0,107,-3,11.19
fold2_room1_mix1143,71,4,0,-140,-2,9.83
fold2_room1_mix1143,72,2,0,108,-2,11.72
fold2_room1_mix1143,72,4,0,-144,-2,9.83
fold2_room1_mix1143,73,2,0,111,-2,8.83
fold2_room1_mix1143,73,4,0,-148,-2,8.11
fold2_room1_mix1143,74,2,0,113,-2,7.47
fold2_room1_mix1143,74,4,0,-149,-1,4.03
fold2_room1_mix1143,75,4,0,-155,-2,5.76
fold2_room1_mix1143,76,4,0,-154,-2,9.77
fold2_room1_mix1143,77,4,0,-154,-1,12.46
fold2_room1_mix1143,78,4,0,-158,-1,4.14
fold2_room1_mix1143,80,2,0,106,-3,5.48
fold2_room1_mix1143,81,2,0,102,-3,7.23
fold2_room1_mix1144,3,4,0,-178,1,7.82
fold2_room1_mix1144,3,4,0,-6,0,6.23
fold2_room1_mix1144,4,4,0,-178,0,18.25
fold2_room1_mix1144,4,4,0,-3,0,13.76
fold2_room1_mix1144,5,4,0,179,0,21.91
fold2_room1_mix1144,5,4,0,-3,0,15.21
fold2_room1_mix1144,6,4,0,-179,0,25.22
fold2_room1_mix1144,6,4,0,-3,0,16.32
fold2_room1_mix1144,7,4,0,-178,0,36.94
fold2_room1_mix1144,7,4,0,-1,-1,24.50
fold2_room1_mix1144,8,4,0,-178,0,39.70
fold2_room1_mix1144,8,4,0,-1,-2,24.28
fold2_room1_mix1144,9,4,0,-179,0,38.11
fold2_room1_mix1144,9,4,0,-2,-1,23.25
fold2_room1_mix1144,10,4,0,-178,0,39.21
fold2_room1_mix1144,10,4,0,-2,-1,23.31
fold2_room1_mix1144,11,4,0,-178,0,38.89
fold2_room1_mix1144,11,4,0,-3,-2,22.77
fold2_room1_mix1144,12,4,0,-178,0,40.04
fold2_room1_mix1144,12,4,0,-2,-2,22.77
fold2_room1_mix1144,13,4,0,-178,0,38.73
fold2_room1_mix1144,13,4,0,-4,-2,21.87
fold2_room1_mix1144,14,4,0,-176,0,39.54
fold2_room1_mix1144,14,4,0,-5,-2,22.02
fold2_room1_mix1144,15,4,0,-176,0,39.66
fold2_room1_mix1144,15,4,0,-4,-2,21.86
fold2_room1_mix1144,16,4,0,-177,0,37.16
fold2_room1_mix1144,16,4,0,-5,-2,20.04
fold2_room1_mix1144,17,4,0,-178,0,37.13
fold2_room1_mix1144,17,4,0,-6,-2,19.24
fold2_room1_mix1144,18,4,0,-177,0,35.88
fold2_room1_mix1144,18,4,0,-6,-2,19.12
fold2_room1_mix1144,19,4,0,-175,0,32.24
fold2_room1_mix1144,19,4,0,-8,-2,19.06
fold2_room1_mix1144,20,4,0,-177,0,35.69
fold2_room1_mix1144,20,4,0,-8,-2,19.83
fold2_room1_mix1144,21,4,0,-174,0,31.56
fold2_room1_mix1144,21,4,0,-10,-2,18.70
fold2_room1_mix1144,22,4,0,-175,0,33.02
fold2_room1_mix1144,22,4,0,-9,-2,17.88
fold2_room1_mix1144,23,4,0,-172,-1,29.22
fold2_room1_mix1144,23,4,0,-11,-3,16.67
fold2_room1_mix1144,24,4,0,-172,0,29.65
fold2_room1_mix1144,24,4,0,-12,-3,15.43
fold2_room1_mix1144,25,4,0,-174,0,30.98
fold2_room1_mix1144,25,4,0,-12,-3,15.19
fold2_room1_mix1144,26,4,0,-178,0,32.90
fold2_room1_mix1144,26,4,0,-9,-3,15.67
fold2_room1_mix1144,27,4,0,-177,0,34.42
fold2_room1_mix1144,27,4,0,-9,-3,15.76
fold2_room1_mix1144,28,4,0,-176,0,34.39
fold2_room1_mix1144,28,4,0,-9,-3,15.76
fold2_room1_mix1144,29,4,0,-178,0,34.31
fold2_room1_mix1144,29,4,0,-11,-3,13.96
fold2_room1_mix1144,30,4,0,-176,0,36.07
fold2_room1_mix1144,30,4,0,-12,-3,14.08
fold2_room1_mix1144,31,4,0,-176,0,33.82
fold2_room1_mix1144,31,4,0,-13,-4,13.89
fold2_room1_mix1144,32,4,0,-176,0,33.02
fold2_room1_mix1144,32,4,0,-13,-3,13.37
fold2_room1_mix1144,33,4,0,-176,0,32.81
fold2_room1_mix1144,33,4,0,-14,-4,13.35
fold2_room1_mix1144,34,4,0,-176,0,33.51
fold2_room1_mix1144,34,4,0,-14,-3,14.25
fold2_room1_mix1144,35,4,0,-176,0,32.53
fold2_room1_mix1144,35,4,0,-14,-3,13.08
fold2_room1_mix1144,36,4,0,-175,0,32.42
fold2_room1_mix1144,36,4,0,-17,-4,12.43
fold2_room1_mix1144,37,4,0,-175,0,33.29
fold2_room1_mix1144,37,4,0,-18,-4,11.03
fold2_room1_mix1144,38,4,0,-175,1,34.27
fold2_room1_mix1144,38,4,0,-19,-4,11.35
fold2_room1_mix1144,39,4,0,-178,1,36.04
fold2_room1_mix1144,39,4,0,-19,-4,10.79
fold2_room1_mix1144,40,4,0,-176,1,37.70
fold2_room1_mix1144,40,4,0,-21,-4,10.72
fold2_room1_mix1144,41,4,0,-179,1,35.21
fold2_room1_mix1144,41,4,0,-23,-4,9.00
fold2_room1_mix1144,42,4,0,-179,1,37.41
fold2_room1_mix1144,42,4,0,-24,-4,8.76
fold2_room1_mix1144,43,2,0,-71,-6,4.24
fold2_room1_mix1144,43,4,0,-178,0,32.61
fold2_room1_mix1144,43,4,0,-24,-4,8.17
fold2_room1_mix1144,44,2,0,-78,-5,4.87
fold2_room1_mix1144,44,4,0,-171,0,28.28
fold2_room1_mix1144,44,4,0,-22,-3,9.11
fold2_room1_mix1144,45,2,0,-72,-5,5.16
fold2_room1_mix1144,45,4,0,-168,1,27.86
fold2_room1_mix1144,45,4,0,-26,-4,7.59
fold2_room1_mix1144,46,4,0,-164,2,32.41
fold2_room1_mix1144,46,4,0,-35,-6,4.13
fold2_room1_mix1144,46,4,0,-18,-1,13.06
fold2_room1_mix1144,47,4,0,-166,2,32.54
fold2_room1_mix1144,47,4,0,-37,-7,3.94
fold2_room1_mix1144,47,4,0,-20,-1,11.52
fold2_room1_mix1144,48,4,0,-166,2,32.86
fold2_room1_mix1144,48,4,0,-41,-8,3.26
fold2_room1_mix1144,48,4,0,-26,-2,9.13
fold2_room1_mix1144,49,4,0,-166,2,31.13
fold2_room1_mix1144,49,4,0,-44,-8,3.17
fold2_room1_mix1144,49,4,0,-29,-3,7.54
fold2_room1_mix1144,50,4,0,-164,3,31.07
fold2_room1_mix1144,50,4,0,-49,-8,2.80
fold2_room1_mix1144,50,4,0,-33,-3,6.27
fold2_room1_mix1144,51,4,0,-167,3,33.81
fold2_room1_mix1144,51,4,0,-55,-8,2.68
fold2_room1_mix1144,51,4,0,-37,-4,5.60
fold2_room1_mix1144,52,2,0,-85,-5,6.20
fold2_room1_mix1144,52,4,0,-160,2,28.78
fold2_room1_mix1144,52,4,0,-66,-8,2.94
fold2_room1_mix1144,52,4,0,-43,-3,5.75
fold2_room1_mix1144,53,4,0,-163,3,32.28
fold2_room1_mix1144,53,4,0,-74,-8,2.50
fold2_room1_mix1144,53,4,0,-46,-3,5.92
fold2_room1_mix1144,54,4,0,-168,4,33.94
fold2_room1_mix1144,54,4,0,-87,-7,2.58
fold2_room1_mix1144,54,4,0,-57,-4,4.66
fold2_room1_mix1144,55,2,0,-73,-4,6.54
fold2_room1_mix1144,55,4,0,-158,3,26.17
fold2_room1_mix1144,55,4,0,-95,-7,2.67
fold2_room1_mix1144,55,4,0,-72,-5,3.99
fold2_room1_mix1144,56,2,0,-77,-4,3.12
fold2_room1_mix1144,56,4,0,-169,4,28.28
fold2_room1_mix1144,56,4,0,-97,-7,2.31
fold2_room1_mix1144,56,4,0,-63,-3,5.79
fold2_room1_mix1144,57,4,0,-162,4,26.50
fold2_room1_mix1144,57,4,0,-111,-6,2.89
fold2_room1_mix1144,57,4,0,-90,-5,3.69
fold2_room1_mix1144,58,4,0,-156,2,20.61
fold2_room1_mix1144,58,4,0,-116,-5,3.26
fold2_room1_mix1144,58,4,0,-98,-6,3.85
fold2_room1_mix1144,59,4,0,-157,2,18.53
fold2_room1_mix1144,59,4,0,-124,-4,3.50
fold2_room1_mix1144,59,4,0,-108,-6,3.91
fold2_room1_mix1144,60,4,0,-165,1,18.65
fold2_room1_mix1144,60,4,0,-130,-4,3.81
fold2_room1_mix1144,60,4,0,-114,-5,4.24
fold2_room1_mix1144,61,4,0,-156,0,11.89
fold2_room1_mix1144,61,4,0,-134,-4,3.59
fold2_room1_mix1144,61,4,0,-51,-3,6.48
fold2_room1_mix1144,62,2,0,-83,-5,6.30
fold2_room1_mix1144,62,4,0,-160,0,13.31
fold2_room1_mix1144,62,4,0,-138,-4,4.58
fold2_room1_mix1144,62,4,0,-102,-4,5.64
fold2_room1_mix1144,63,2,0,-85,-4,7.38
fold2_room1_mix1144,63,4,0,-147,-3,8.13
fold2_room1_mix1144,63,4,0,-40,-3,7.57
fold2_room1_mix1144,64,2,0,-88,-5,3.62
fold2_room1_mix1144,64,4,0,-148,-2,7.07
fold2_room1_mix1144,64,4,0,-42,0,9.76
fold2_room1_mix1144,65,4,0,-151,-2,6.81
fold2_room1_mix1144,65,4,0,-16,-2,9.35
fold2_room1_mix1144,66,4,0,-147,-5,6.32
fold2_room1_mix1144,66,4,0,-6,0,16.39
fold2_room1_mix1144,67,4,0,-150,-3,7.12
fold2_room1_mix1144,67,4,0,-15,0,15.63
fold2_room1_mix1144,68,4,0,-151,-4,6.73
fold2_room1_mix1144,68,4,0,-16,0,18.10
fold2_room1_mix1144,69,4,0,-151,-3,6.84
fold2_room1_mix1144,69,4,0,-12,-1,17.47
fold2_room1_mix1144,70,4,0,-153,-3,8.02
fold2_room1_mix1144,70,4,0,-11,-1,13.40
fold2_room1_mix1144,71,4,0,-155,-3,9.35
fold2_room1_mix1144,71,4,0,-17,-1,13.97
fold2_room1_mix1144,72,4,0,-156,-4,8.46
fold2_room1_mix1144,72,4,0,-13,-1,16.12
fold2_room1_mix1144,73,4,0,-157,-3,8.97
fold2_room1_mix1144,73,4,0,-20,-2,12.51
fold2_room1_mix1144,74,4,0,-157,-3,9.31
fold2_room1_mix1144,74,4,0,-22,-3,11.36
fold2_room1_mix1144,75,2,0,-87,-5,2.42
fold2_room1_mix1144,75,4,0,-155,-3,8.63
fold2_room1_mix1144,75,4,0,-36,-4,10.13
fold2_room1_mix1144,75,4,0,-17,-1,13.18
fold2_room1_mix1144,76,4,0,-157,-3,9.21
fold2_room1_mix1144,76,4,0,-42,-9,9.32
fold2_room1_mix1144,76,4,0,-17,-2,12.52
fold2_room1_mix1144,77,4,0,-161,-4,8.75
fold2_room1_mix1144,77,4,0,-18,-2,12.59
fold2_room1_mix1144,78,4,0,-159,-4,8.33
fold2_room1_mix1144,78,4,0,-20,-3,11.22
fold2_room1_mix1144,79,4,0,-156,-5,7.74
fold2_room1_mix1144,79,4,0,-26,-2,10.68
fold2_room1_mix1144,80,4,0,-161,-3,8.65
fold2_room1_mix1144,80,4,0,-26,-3,8.68
fold2_room1_mix1144,81,4,0,-160,-3,8.70
fold2_room1_mix1144,81,4,0,-113,-9,6.28
fold2_room1_mix1144,81,4,0,-32,-3,7.87
fold2_room1_mix1144,82,4,0,-163,-4,8.76
fold2_room1_mix1144,82,4,0,-144,-8,6.36
fold2_room1_mix1144,82,4,0,-32,-5,6.28
fold2_room1_mix1144,83,4,0,-161,-4,9.13
fold2_room1_mix1144,83,4,0,-141,-12,4.12
fold2_room1_mix1144,83,4,0,-36,-6,5.52
fold2_room1_mix1144,84,4,0,-162,-3,10.14
fold2_room1_mix1144,84,4,0,-139,-10,4.53
fold2_room1_mix1144,84,4,0,-38,-5,6.28
fold2_room1_mix1144,85,4,0,-162,-3,10.78
fold2_room1_mix1144,85,4,0,-141,-12,4.26
fold2_room1_mix1144,85,4,0,-43,-8,4.27
fold2_room1_mix1144,86,4,0,-170,-2,12.36
fold2_room1_mix1144,86,4,0,-151,-14,2.81
fold2_room1_mix1144,86,4,0,-49,-9,4.02
fold2_room1_mix1144,87,4,0,-163,-5,12.80
fold2_room1_mix1144,87,4,0,-144,-23,2.35
fold2_room1_mix1144,87,4,0,-60,-16,3.47
fold2_room1_mix1144,88,4,0,-165,-4,15.52
fold2_room1_mix1144,88,4,0,-96,-54,1.51
fold2_room1_mix1144,88,4,0,-39,-14,5.61
fold2_room1_mix1144,89,4,0,-159,-2,13.01
fold2_room1_mix1144,89,4,0,-33,-38,1.46
fold2_room1_mix1144,89,4,0,-26,-12,5.15
fold2_room1_mix1144,90,4,0,-158,-1,13.47
fold2_room1_mix1144,90,4,0,-67,-36,2.79
fold2_room1_mix1144,90,4,0,-19,-10,4.74
fold2_room1_mix1144,91,4,0,-157,-2,13.43
fold2_room1_mix1144,91,4,0,-45,-33,3.43
fold2_room1_mix1144,91,4,0,-17,-10,5.46
fold2_room1_mix1144,92,4,0,-161,-2,14.36
fold2_room1_mix1144,92,4,0,-17,-9,5.73
fold2_room1_mix1144,93,4,0,-158,-2,12.34
fold2_room1_mix1144,93,4,0,-14,-10,5.42
fold2_room1_mix1144,94,4,0,-161,-2,14.04
fold2_room1_mix1144,94,4,0,-14,-6,6.84
fold2_room1_mix1144,95,4,0,-159,-4,11.94
fold2_room1_mix1144,95,4,0,-13,-7,7.57
fold2_room1_mix1144,96,4,0,-162,-5,11.71
fold2_room1_mix1144,96,4,0,-11,-4,9.83
fold2_room1_mix1144,97,4,0,-161,-3,14.27
fold2_room1_mix1144,97,4,0,-12,-6,9.99
fold2_room1_mix1144,98,4,0,-162,-3,13.73
fold2_room1_mix1144,98,4,0,-8,-4,11.07
fold2_room1_mix1144,99,4,0,-162,-3,12.50
fold2_room1_mix1144,99,4,0,-8,-5,11.14
fold2_room1_mix1144,1,4,0,-7,0,1.15
fold2_room1_mix1144,2,4,0,-10,2,0.89
fold2_room1_mix1145,5,4,0,-28,0,8.31
fold2_room1_mix1145,6,4,0,-31,0,14.84
fold2_room1_mix1145,7,4,0,-30,0,16.47
fold2_room1_mix1145,8,4,0,-31,0,13.95
fold2_room1_mix1145,9,4,0,-33,0,19.68
fold2_room1_mix1145,10,4,0,-31,0,17.24
fold2_room1_mix1145,11,4,0,-34,0,23.19
fold2_room1_mix1145,12,4,0,-31,0,29.34
fold2_room1_mix1145,13,4,0,-30,0,24.91
fold2_room1_mix1145,14,4,0,-31,0,28.60
fold2_room1_mix1145,15,4,0,-31,0,26.07
fold2_room1_mix1145,16,4,0,-29,0,29.16
fold2_room1_mix1145,17,4,0,-27,0,28.74
fold2_room1_mix1145,18,4,0,-28,0,29.32
fold2_room1_mix1145,19,4,0,-28,0,29.77
fold2_room1_mix1145,20,4,0,-27,0,30.42
fold2_room1_mix1145,21,4,0,-27,0,29.31
fold2_room1_mix1145,22,4,0,-28,0,28.73
fold2_room1_mix1145,23,4,0,-29,0,26.79
fold2_room1_mix1145,24,4,0,-28,0,27.64
fold2_room1_mix1145,25,4,0,-27,-1,27.42
fold2_room1_mix1145,26,4,0,-27,0,27.23
fold2_room1_mix1145,27,4,0,-26,-1,27.49
fold2_room1_mix1145,28,4,0,-28,0,26.96
fold2_room1_mix1145,29,4,0,-29,0,25.25
fold2_room1_mix1145,30,4,0,-29,0,25.84
fold2_room1_mix1145,31,4,0,-30,0,25.68
fold2_room1_mix1145,32,4,0,-33,0,24.10
fold2_room1_mix1145,33,4,0,-30,0,25.08
fold2_room1_mix1145,34,4,0,-33,0,24.37
fold2_room1_mix1145,35,4,0,-31,0,24.15
fold2_room1_mix1145,36,4,0,-31,0,24.35
fold2_room1_mix1145,37,4,0,-31,0,24.84
fold2_room1_mix1145,38,4,0,-34,0,23.69
fold2_room1_mix1145,39,4,0,-33,0,24.07
fold2_room1_mix1145,40,4,0,-33,0,25.28
fold2_room1_mix1145,41,4,0,-33,-1,24.72
fold2_room1_mix1145,42,4,0,-34,0,23.31
fold2_room1_mix1145,43,4,0,-38,-1,23.61
fold2_room1_mix1145,44,4,0,-38,-1,23.95
fold2_room1_mix1145,45,4,0,-39,0,22.96
fold2_room1_mix1145,46,4,0,-40,-1,22.73
fold2_room1_mix1145,47,4,0,-39,-1,22.92
fold2_room1_mix1145,48,4,0,-40,-1,21.46
fold2_room1_mix1145,49,4,0,-39,-1,21.81
fold2_room1_mix1145,50,4,0,-39,-1,21.88
fold2_room1_mix1145,51,4,0,-43,-1,21.53
fold2_room1_mix1145,52,4,0,-42,-1,21.35
fold2_room1_mix1145,53,4,0,-45,-1,20.44
fold2_room1_mix1145,54,4,0,-46,-1,20.50
fold2_room1_mix1145,55,4,0,-46,-1,19.85
fold2_room1_mix1145,56,4,0,-49,-1,19.30
fold2_room1_mix1145,57,4,0,-51,-1,19.11
fold2_room1_mix1145,58,4,0,-53,-1,18.35
fold2_room1_mix1145,59,4,0,-52,-1,18.64
fold2_room1_mix1145,60,4,0,-53,-1,18.48
fold2_room1_mix1145,61,4,0,-55,-1,17.54
fold2_room1_mix1145,62,4,0,-56,-1,17.54
fold2_room1_mix1145,63,4,0,-58,-1,17.20
fold2_room1_mix1145,64,4,0,-58,-1,17.40
fold2_room1_mix1145,65,4,0,-60,-1,17.15
fold2_room1_mix1145,66,4,0,-61,-1,16.87
fold2_room1_mix1145,67,4,0,-63,-1,16.78
fold2_room1_mix1145,68,4,0,-63,-1,16.73
fold2_room1_mix1145,69,4,0,-65,-1,16.68
fold2_room1_mix1145,70,4,0,-64,-1,16.62
fold2_room1_mix1145,71,4,0,-67,-1,15.83
fold2_room1_mix1145,72,4,0,-67,-1,16.21
fold2_room1_mix1145,73,4,0,-67,-1,15.22
fold2_room1_mix1145,74,4,0,-68,-2,14.67
fold2_room1_mix1145,75,4,0,-71,-1,14.82
fold2_room1_mix1145,76,4,0,-71,-1,14.90
fold2_room1_mix1145,77,4,0,-74,-1,14.57
fold2_room1_mix1145,78,4,0,-76,-1,14.71
fold2_room1_mix1145,79,4,0,-77,-2,14.61
fold2_room1_mix1145,80,4,0,-81,-1,14.47
fold2_room1_mix1145,81,4,0,-80,-1,14.07
fold2_room1_mix1145,82,4,0,-83,-1,13.96
fold2_room1_mix1145,83,4,0,-85,-1,14.04
fold2_room1_mix1145,84,4,0,-87,-1,14.16
fold2_room1_mix1145,85,4,0,-85,-2,13.92
fold2_room1_mix1145,86,4,0,-90,-1,14.22
fold2_room1_mix1145,87,4,0,-88,-1,13.97
fold2_room1_mix1145,88,4,0,-91,-1,14.42
fold2_room1_mix1145,89,4,0,-92,-2,14.21
fold2_room1_mix1145,90,4,0,-94,-2,14.14
fold2_room1_mix1145,91,4,0,-95,-1,14.60
fold2_room1_mix1145,92,4,0,-97,-2,14.49
fold2_room1_mix1145,93,4,0,-99,-2,14.20
fold2_room1_mix1145,94,4,0,-99,-1,14.34
fold2_room1_mix1145,95,4,0,-102,-1,14.42
fold2_room1_mix1145,96,4,0,-103,-2,14.61
fold2_room1_mix1145,97,4,0,-105,-2,14.29
fold2_room1_mix1145,98,4,0,-107,-2,14.68
fold2_room1_mix1145,99,4,0,-109,-2,14.97
fold2_room1_mix1146,46,3,0,162,-4,9.09
fold2_room1_mix1146,47,3,0,150,-4,13.73
fold2_room1_mix1146,48,3,0,157,-4,11.85
fold2_room1_mix1146,49,3,0,161,-3,12.45
fold2_room1_mix1146,50,3,0,159,-2,11.08
fold2_room1_mix1146,53,3,0,144,-3,13.16
fold2_room1_mix1146,54,3,0,146,-3,11.48
fold2_room1_mix1146,55,3,0,138,-4,10.29
fold2_room1_mix1146,56,3,0,143,-3,10.00
fold2_room1_mix1146,57,3,0,134,-4,9.83
fold2_room1_mix1146,58,3,0,134,-4,9.16
fold2_room1_mix1146,58,4,0,152,-4,1.96
fold2_room1_mix1146,59,3,0,136,-4,8.61
fold2_room1_mix1146,60,3,0,124,-5,8.08
fold2_room1_mix1146,61,3,0,123,-5,7.04
fold2_room1_mix1146,62,3,0,109,-5,6.41
fold2_room1_mix1146,63,3,0,101,-4,5.99
fold2_room1_mix1146,64,3,0,93,-5,4.43
fold2_room1_mix1146,66,3,0,59,-4,9.96
fold2_room1_mix1146,67,3,0,68,-4,8.45
fold2_room1_mix1146,68,3,0,53,-4,7.08
fold2_room1_mix1146,69,3,0,55,-5,6.35
fold2_room1_mix1146,70,3,0,47,-4,6.52
fold2_room1_mix1146,71,3,0,44,-3,8.07
fold2_room1_mix1146,72,3,0,41,-4,6.73
fold2_room1_mix1146,73,3,0,39,-3,7.58
fold2_room1_mix1146,74,3,0,34,-3,7.11
fold2_room1_mix1146,75,3,0,33,-3,6.90
fold2_room1_mix1146,80,3,0,28,-2,10.33
fold2_room1_mix1146,81,3,0,28,-2,10.77
fold2_room1_mix1146,82,3,0,24,-2,11.02
fold2_room1_mix1146,83,3,0,24,-2,11.56
fold2_room1_mix1146,84,3,0,22,-2,11.55
fold2_room1_mix1146,85,3,0,18,-1,12.51
fold2_room1_mix1146,86,3,0,18,-2,11.32
fold2_room1_mix1146,87,3,0,19,-2,11.40
fold2_room1_mix1146,88,3,0,11,-1,10.18
fold2_room1_mix1146,93,3,0,15,-2,8.58
fold2_room1_mix1146,94,3,0,17,-2,9.86
fold2_room1_mix1146,95,3,0,14,-2,13.23
fold2_room1_mix1147,0,5,0,-34,3,4.96
fold2_room1_mix1147,1,5,0,-46,3,7.57
fold2_room1_mix1147,2,5,0,-39,3,14.24
fold2_room1_mix1147,3,5,0,-38,2,15.37
fold2_room1_mix1147,5,5,0,-38,3,13.61
fold2_room1_mix1147,6,5,0,-39,2,19.56
fold2_room1_mix1147,7,5,0,-32,3,13.66
fold2_room1_mix1147,8,5,0,-33,3,14.43
fold2_room1_mix1147,9,5,0,-43,3,15.18
fold2_room1_mix1147,10,5,0,-37,3,13.76
fold2_room1_mix1147,11,5,0,-30,3,15.03
fold2_room1_mix1147,12,5,0,-40,3,15.21
fold2_room1_mix1147,13,5,0,-35,3,15.55
fold2_room1_mix1147,14,5,0,-36,3,14.64
fold2_room1_mix1147,15,5,0,-37,3,16.19
fold2_room1_mix1147,16,5,0,-36,3,15.09
fold2_room1_mix1147,17,5,0,-39,2,16.94
fold2_room1_mix1147,18,5,0,-38,3,14.34
fold2_room1_mix1147,19,5,0,-38,2,15.70
fold2_room1_mix1147,20,5,0,-40,3,14.17
fold2_room1_mix1147,21,5,0,-37,3,14.61
fold2_room1_mix1147,22,5,0,-40,3,13.37
fold2_room1_mix1147,23,5,0,-45,3,13.46
fold2_room1_mix1147,24,5,0,-32,3,12.32
fold2_room1_mix1147,25,5,0,-40,3,13.70
fold2_room1_mix1147,26,5,0,-37,3,14.91
fold2_room1_mix1147,27,5,0,-40,3,12.84
fold2_room1_mix1147,28,5,0,-34,3,14.10
fold2_room1_mix1147,29,5,0,-40,3,14.23
fold2_room1_mix1147,30,5,0,-37,3,14.67
fold2_room1_mix1147,31,5,0,-40,3,14.11
fold2_room1_mix1147,32,5,0,-39,4,11.89
fold2_room1_mix1147,33,5,0,-39,3,14.75
fold2_room1_mix1147,34,5,0,-40,3,15.03
fold2_room1_mix1147,35,5,0,-39,3,13.96
fold2_room1_mix1147,36,5,0,-39,4,12.20
fold2_room1_mix1147,37,5,0,-44,3,13.62
fold2_room1_mix1147,38,5,0,-39,3,13.72
fold2_room1_mix1147,39,5,0,-43,3,13.85
fold2_room1_mix1147,40,5,0,-37,3,13.53
fold2_room1_mix1147,41,0,0,109,-1,1.73
fold2_room1_mix1147,41,5,0,-34,3,13.22
fold2_room1_mix1147,42,0,0,115,-1,1.78
fold2_room1_mix1147,42,5,0,-35,3,14.71
fold2_room1_mix1147,43,0,0,115,-1,5.78
fold2_room1_mix1147,43,5,0,-34,4,11.86
fold2_room1_mix1147,44,0,0,115,-1,6.36
fold2_room1_mix1147,44,5,0,-38,4,9.16
fold2_room1_mix1147,45,0,0,116,-2,6.91
fold2_room1_mix1147,45,5,0,-33,3,10.04
fold2_room1_mix1147,46,0,0,118,-2,10.14
fold2_room1_mix1147,46,5,0,-35,4,8.40
fold2_room1_mix1147,47,0,0,120,-2,9.66
fold2_room1_mix1147,47,5,0,-42,4,7.79
fold2_room1_mix1147,48,0,0,116,-2,9.94
fold2_room1_mix1147,48,5,0,-35,5,7.13
fold2_room1_mix1147,49,0,0,123,-1,11.91
fold2_room1_mix1147,49,5,0,-41,4,7.67
fold2_room1_mix1147,50,0,0,127,-2,11.23
fold2_room1_mix1147,50,5,0,-51,5,7.41
fold2_room1_mix1147,51,0,0,131,-1,11.07
fold2_room1_mix1147,51,5,0,-38,4,7.30
fold2_room1_mix1147,52,0,0,134,-1,11.65
fold2_room1_mix1147,52,5,0,-42,4,7.52
fold2_room1_mix1147,53,0,0,137,-1,12.91
fold2_room1_mix1147,53,5,0,-49,4,7.77
fold2_room1_mix1147,54,0,0,135,-1,13.33
fold2_room1_mix1147,54,5,0,-47,5,6.72
fold2_room1_mix1147,55,0,0,140,-1,14.61
fold2_room1_mix1147,55,5,0,-43,4,7.87
fold2_room1_mix1147,56,0,0,142,-1,15.35
fold2_room1_mix1147,56,5,0,-48,6,5.79
fold2_room1_mix1147,57,0,0,143,-1,15.77
fold2_room1_mix1147,57,5,0,-48,5,6.26
fold2_room1_mix1147,58,0,0,142,-1,14.98
fold2_room1_mix1147,58,5,0,-49,5,7.63
fold2_room1_mix1147,59,0,0,148,-1,15.66
fold2_room1_mix1147,59,5,0,-62,7,5.10
fold2_room1_mix1147,60,0,0,149,-1,17.97
fold2_room1_mix1147,60,5,0,-49,7,5.07
fold2_room1_mix1147,61,0,0,146,-1,17.42
fold2_room1_mix1147,61,5,0,-54,7,5.41
fold2_room1_mix1147,62,0,0,151,-1,20.52
fold2_room1_mix1147,62,4,0,-7,-2,8.85
fold2_room1_mix1147,62,5,0,-51,7,5.32
fold2_room1_mix1147,63,0,0,149,-1,19.11
fold2_room1_mix1147,63,4,0,-13,-1,11.02
fold2_room1_mix1147,63,5,0,-56,7,5.15
fold2_room1_mix1147,64,0,0,150,-1,18.77
fold2_room1_mix1147,64,4,0,-7,-2,11.58
fold2_room1_mix1147,64,5,0,-60,8,5.02
fold2_room1_mix1147,65,0,0,148,-1,19.64
fold2_room1_mix1147,65,4,0,-8,-2,9.68
fold2_room1_mix1147,65,5,0,-49,6,6.42
fold2_room1_mix1147,66,0,0,151,-1,20.57
fold2_room1_mix1147,66,4,0,-11,-4,8.84
fold2_room1_mix1147,66,5,0,-61,7,5.48
fold2_room1_mix1147,67,0,0,153,-1,24.36
fold2_room1_mix1147,67,4,0,-14,-3,9.31
fold2_room1_mix1147,67,5,0,-61,8,4.72
fold2_room1_mix1147,68,0,0,153,-1,24.23
fold2_room1_mix1147,68,4,0,-13,-3,9.32
fold2_room1_mix1147,68,5,0,-48,6,6.01
fold2_room1_mix1147,69,0,0,156,-1,24.10
fold2_room1_mix1147,69,4,0,-18,-3,8.49
fold2_room1_mix1147,69,5,0,-50,6,5.39
fold2_room1_mix1147,70,0,0,157,-1,26.70
fold2_room1_mix1147,70,4,0,-16,-4,7.88
fold2_room1_mix1147,70,5,0,-53,6,5.10
fold2_room1_mix1147,71,0,0,155,-1,25.06
fold2_room1_mix1147,71,4,0,-18,-4,7.82
fold2_room1_mix1147,71,5,0,-52,6,5.64
fold2_room1_mix1147,72,0,0,158,-1,26.18
fold2_room1_mix1147,72,4,0,-25,-6,7.56
fold2_room1_mix1147,72,5,0,-49,7,4.98
fold2_room1_mix1147,73,0,0,158,-1,27.94
fold2_room1_mix1147,73,4,0,-28,-7,6.46
fold2_room1_mix1147,73,5,0,-52,7,5.31
fold2_room1_mix1147,74,0,0,159,-1,27.52
fold2_room1_mix1147,74,4,0,-36,-10,4.83
fold2_room1_mix1147,74,5,0,-52,8,5.05
fold2_room1_mix1147,75,0,0,160,-1,29.79
fold2_room1_mix1147,75,4,0,-53,-12,3.93
fold2_room1_mix1147,75,5,0,-43,8,4.74
fold2_room1_mix1147,76,0,0,162,-1,31.48
fold2_room1_mix1147,76,4,0,-73,-17,3.30
fold2_room1_mix1147,76,5,0,-39,8,5.02
fold2_room1_mix1147,77,0,0,160,-1,31.19
fold2_room1_mix1147,77,4,0,-89,-18,3.24
fold2_room1_mix1147,77,5,0,-59,10,4.40
fold2_room1_mix1147,78,0,0,161,-1,30.10
fold2_room1_mix1147,78,4,0,-118,-17,4.17
fold2_room1_mix1147,78,5,0,-49,7,5.11
fold2_room1_mix1147,79,0,0,164,-1,30.30
fold2_room1_mix1147,79,4,0,-118,-14,3.95
fold2_room1_mix1147,79,5,0,-53,7,5.40
fold2_room1_mix1147,80,0,0,165,-1,32.35
fold2_room1_mix1147,80,4,0,-135,-12,4.23
fold2_room1_mix1147,80,5,0,-60,8,4.91
fold2_room1_mix1147,81,0,0,164,-1,30.03
fold2_room1_mix1147,81,4,0,-144,-9,4.72
fold2_room1_mix1147,81,5,0,-57,6,6.06
fold2_room1_mix1147,82,0,0,165,-1,28.92
fold2_room1_mix1147,82,4,0,-150,-8,5.71
fold2_room1_mix1147,82,5,0,-54,5,6.76
fold2_room1_mix1147,83,0,0,165,-1,32.53
fold2_room1_mix1147,83,4,0,-152,-7,5.74
fold2_room1_mix1147,83,5,0,-56,6,5.05
fold2_room1_mix1147,84,0,0,165,-1,30.92
fold2_room1_mix1147,84,4,0,-159,-5,6.38
fold2_room1_mix1147,84,5,0,-68,7,5.23
fold2_room1_mix1147,85,0,0,164,-1,31.36
fold2_room1_mix1147,85,4,0,-162,-5,6.95
fold2_room1_mix1147,85,5,0,-53,6,6.33
fold2_room1_mix1147,86,0,0,163,-1,30.92
fold2_room1_mix1147,86,4,0,-164,-5,7.95
fold2_room1_mix1147,86,5,0,-66,6,5.75
fold2_room1_mix1147,87,0,0,164,-1,31.56
fold2_room1_mix1147,87,4,0,-167,-4,9.38
fold2_room1_mix1147,87,5,0,-63,7,5.79
fold2_room1_mix1147,88,0,0,164,-1,32.58
fold2_room1_mix1147,88,4,0,-168,-5,8.49
fold2_room1_mix1147,88,5,0,-58,6,6.21
fold2_room1_mix1147,89,0,0,164,-1,34.61
fold2_room1_mix1147,89,4,0,-170,-4,9.41
fold2_room1_mix1147,89,5,0,-62,6,6.05
fold2_room1_mix1147,90,0,0,162,-1,33.09
fold2_room1_mix1147,90,4,0,-172,-3,9.27
fold2_room1_mix1147,90,5,0,-54,6,7.39
fold2_room1_mix1147,91,0,0,163,-1,33.92
fold2_room1_mix1147,91,4,0,-174,-3,9.46
fold2_room1_mix1147,91,5,0,-46,5,7.06
fold2_room1_mix1147,92,0,0,165,-1,33.30
fold2_room1_mix1147,92,4,0,-177,-3,9.55
fold2_room1_mix1147,92,5,0,-57,5,6.91
fold2_room1_mix1147,93,0,0,162,-1,34.85
fold2_room1_mix1147,93,4,0,-178,-2,7.41
fold2_room1_mix1147,93,5,0,-54,5,6.73
fold2_room1_mix1147,94,0,0,170,0,10.23
fold2_room1_mix1147,94,5,0,-75,6,6.47
fold2_room1_mix1147,95,0,0,172,0,7.33
fold2_room1_mix1147,95,5,0,-66,5,7.75
fold2_room1_mix1147,96,0,0,173,0,2.21
fold2_room1_mix1147,96,5,0,-82,6,6.27
fold2_room1_mix1147,97,5,0,-73,5,8.92
fold2_room1_mix1147,98,5,0,-72,7,7.31
fold2_room1_mix1147,99,5,0,-68,6,8.05
fold2_room1_mix1148,4,4,0,154,0,13.88
fold2_room1_mix1148,5,4,0,154,0,17.68
fold2_room1_mix1148,6,4,0,155,0,17.40
fold2_room1_mix1148,7,4,0,152,0,24.83
fold2_room1_mix1148,8,4,0,151,0,23.70
fold2_room1_mix1148,9,4,0,153,-1,24.38
fold2_room1_mix1148,10,4,0,148,0,22.24
fold2_room1_mix1148,11,4,0,148,-1,21.30
fold2_room1_mix1148,12,4,0,149,0,23.03
fold2_room1_mix1148,13,4,0,145,-1,20.96
fold2_room1_mix1148,14,4,0,145,-1,21.76
fold2_room1_mix1148,15,4,0,144,-1,19.81
fold2_room1_mix1148,16,4,0,143,-1,18.57
fold2_room1_mix1148,17,4,0,147,-1,22.48
fold2_room1_mix1148,18,4,0,145,-1,20.02
fold2_room1_mix1148,19,4,0,145,-1,20.23
fold2_room1_mix1148,20,4,0,144,-1,21.53
fold2_room1_mix1148,21,4,0,145,-1,20.06
fold2_room1_mix1148,22,4,0,145,-1,20.75
fold2_room1_mix1148,23,4,0,144,-1,21.01
fold2_room1_mix1148,24,4,0,143,-1,20.11
fold2_room1_mix1148,25,4,0,144,-1,20.82
fold2_room1_mix1148,26,4,0,142,-1,20.49
fold2_room1_mix1148,27,4,0,143,-1,20.23
fold2_room1_mix1148,28,4,0,142,-1,20.47
fold2_room1_mix1148,29,4,0,139,-1,19.78
fold2_room1_mix1148,30,4,0,141,-1,20.22
fold2_room1_mix1148,31,4,0,140,-1,19.14
fold2_room1_mix1148,32,4,0,139,-1,18.78
fold2_room1_mix1148,33,4,0,141,-1,18.62
fold2_room1_mix1148,34,4,0,139,-1,18.01
fold2_room1_mix1148,35,4,0,140,-1,18.41
fold2_room1_mix1148,36,4,0,140,0,18.90
fold2_room1_mix1148,37,4,0,138,-1,17.86
fold2_room1_mix1148,38,4,0,138,-1,17.95
fold2_room1_mix1148,39,4,0,138,-1,18.31
fold2_room1_mix1148,40,4,0,136,-1,17.67
fold2_room1_mix1148,41,4,0,137,-1,17.90
fold2_room1_mix1148,42,4,0,137,-1,18.56
fold2_room1_mix1148,43,4,0,137,-1,17.60
fold2_room1_mix1148,44,4,0,136,-1,17.39
fold2_room1_mix1148,45,4,0,134,-1,17.60
fold2_room1_mix1148,46,4,0,134,-1,17.37
fold2_room1_mix1148,47,4,0,133,-1,16.35
fold2_room1_mix1148,48,4,0,132,-1,16.35
fold2_room1_mix1148,49,4,0,132,-1,17.28
fold2_room1_mix1148,50,4,0,129,-2,15.70
fold2_room1_mix1148,51,4,0,127,-2,15.33
fold2_room1_mix1148,52,4,0,128,-1,16.17
fold2_room1_mix1148,53,4,0,124,-2,14.83
fold2_room1_mix1148,54,4,0,122,-2,14.92
fold2_room1_mix1148,55,4,0,123,-2,14.76
fold2_room1_mix1148,56,4,0,120,-2,13.67
fold2_room1_mix1148,57,4,0,119,-2,14.21
fold2_room1_mix1148,58,4,0,119,-2,14.12
fold2_room1_mix1148,59,4,0,118,-2,13.96
fold2_room1_mix1148,60,4,0,117,-2,13.49
fold2_room1_mix1148,61,4,0,116,-2,13.76
fold2_room1_mix1148,62,4,0,115,-2,13.92
fold2_room1_mix1148,63,4,0,115,-2,13.89
fold2_room1_mix1148,64,4,0,113,-3,13.81
fold2_room1_mix1148,65,4,0,111,-2,14.07
fold2_room1_mix1148,66,4,0,109,-2,13.26
fold2_room1_mix1148,67,4,0,107,-3,13.60
fold2_room1_mix1148,68,4,0,105,-2,13.73
fold2_room1_mix1148,69,4,0,103,-2,13.14
fold2_room1_mix1148,70,4,0,102,-3,13.38
fold2_room1_mix1148,71,4,0,101,-2,13.69
fold2_room1_mix1148,72,4,0,98,-3,12.80
fold2_room1_mix1148,73,4,0,96,-3,13.13
fold2_room1_mix1148,74,4,0,97,-3,12.82
fold2_room1_mix1148,75,4,0,93,-4,12.78
fold2_room1_mix1148,76,4,0,92,-3,12.98
fold2_room1_mix1148,77,4,0,88,-4,12.80
fold2_room1_mix1148,78,4,0,89,-3,13.01
fold2_room1_mix1148,79,4,0,85,-3,12.47
fold2_room1_mix1148,80,4,0,86,-3,12.95
fold2_room1_mix1148,81,4,0,85,-3,13.18
fold2_room1_mix1148,82,4,0,82,-3,12.70
fold2_room1_mix1148,83,4,0,81,-3,13.09
fold2_room1_mix1148,84,4,0,82,-3,13.57
fold2_room1_mix1148,85,4,0,79,-3,12.99
fold2_room1_mix1148,86,4,0,79,-3,13.54
fold2_room1_mix1148,87,4,0,78,-2,14.04
fold2_room1_mix1148,88,4,0,75,-3,13.72
fold2_room1_mix1148,89,4,0,73,-3,14.05
fold2_room1_mix1148,90,4,0,73,-2,14.52
fold2_room1_mix1148,91,4,0,72,-2,14.82
fold2_room1_mix1148,92,4,0,70,-2,14.46
fold2_room1_mix1148,93,4,0,68,-2,14.90
fold2_room1_mix1148,94,4,0,67,-2,14.72
fold2_room1_mix1148,95,4,0,65,-2,14.54
fold2_room1_mix1148,96,4,0,65,-2,15.37
fold2_room1_mix1148,97,4,0,64,-2,16.26
fold2_room1_mix1148,98,4,0,62,-2,14.99
fold2_room1_mix1148,99,4,0,59,-2,15.58
fold2_room1_mix1149,0,5,0,91,1,5.72
fold2_room1_mix1149,1,5,0,92,1,10.83
fold2_room1_mix1149,2,5,0,88,1,13.05
fold2_room1_mix1149,3,4,0,8,1,4.15
fold2_room1_mix1149,3,5,0,86,1,11.44
fold2_room1_mix1149,4,4,0,16,0,17.27
fold2_room1_mix1149,4,5,0,81,1,17.71
fold2_room1_mix1149,5,4,0,20,0,18.36
fold2_room1_mix1149,5,5,0,88,1,16.78
fold2_room1_mix1149,6,4,0,14,0,21.11
fold2_room1_mix1149,6,5,0,85,1,18.81
fold2_room1_mix1149,7,4,0,21,-1,28.99
fold2_room1_mix1149,7,5,0,84,1,18.34
fold2_room1_mix1149,8,4,0,18,0,32.29
fold2_room1_mix1149,8,5,0,84,1,16.01
fold2_room1_mix1149,9,4,0,26,0,29.17
fold2_room1_mix1149,9,5,0,86,1,17.94
fold2_room1_mix1149,10,4,0,22,0,29.51
fold2_room1_mix1149,10,5,0,85,2,15.62
fold2_room1_mix1149,11,4,0,25,0,29.34
fold2_room1_mix1149,11,5,0,85,2,16.12
fold2_room1_mix1149,12,4,0,29,0,27.83
fold2_room1_mix1149,12,5,0,85,1,16.84
fold2_room1_mix1149,13,4,0,24,0,29.41
fold2_room1_mix1149,13,5,0,86,2,15.54
fold2_room1_mix1149,14,4,0,24,0,30.74
fold2_room1_mix1149,14,5,0,89,2,15.19
fold2_room1_mix1149,15,4,0,25,0,29.97
fold2_room1_mix1149,15,5,0,85,2,15.69
fold2_room1_mix1149,16,4,0,25,0,29.58
fold2_room1_mix1149,16,5,0,88,2,16.19
fold2_room1_mix1149,17,4,0,24,0,30.67
fold2_room1_mix1149,17,5,0,88,2,15.38
fold2_room1_mix1149,18,4,0,29,0,29.62
fold2_room1_mix1149,18,5,0,87,2,16.06
fold2_room1_mix1149,19,4,0,26,0,30.52
fold2_room1_mix1149,19,5,0,89,2,16.98
fold2_room1_mix1149,20,4,0,23,-1,30.66
fold2_room1_mix1149,20,5,0,90,2,16.76
fold2_room1_mix1149,21,4,0,28,0,29.42
fold2_room1_mix1149,21,5,0,89,2,15.45
fold2_room1_mix1149,22,4,0,28,0,28.46
fold2_room1_mix1149,22,5,0,88,2,16.10
fold2_room1_mix1149,23,4,0,29,-1,27.41
fold2_room1_mix1149,23,5,0,91,2,15.55
fold2_room1_mix1149,24,4,0,27,-1,27.53
fold2_room1_mix1149,24,5,0,91,2,15.87
fold2_room1_mix1149,25,4,0,26,-1,28.26
fold2_room1_mix1149,25,5,0,91,2,16.76
fold2_room1_mix1149,26,4,0,27,-1,26.69
fold2_room1_mix1149,26,5,0,90,2,16.68
fold2_room1_mix1149,27,4,0,29,-1,26.00
fold2_room1_mix1149,27,5,0,90,2,15.85
fold2_room1_mix1149,28,4,0,30,-1,25.94
fold2_room1_mix1149,28,5,0,91,2,16.77
fold2_room1_mix1149,29,4,0,27,-1,25.75
fold2_room1_mix1149,29,5,0,91,2,16.49
fold2_room1_mix1149,30,4,0,27,-1,25.80
fold2_room1_mix1149,30,5,0,90,2,16.09
fold2_room1_mix1149,31,4,0,28,-1,25.12
fold2_room1_mix1149,31,5,0,87,2,16.79
fold2_room1_mix1149,32,4,0,29,-1,25.38
fold2_room1_mix1149,32,5,0,91,2,16.77
fold2_room1_mix1149,33,4,0,28,-1,24.53
fold2_room1_mix1149,33,5,0,90,2,17.23
fold2_room1_mix1149,34,4,0,31,-1,24.27
fold2_room1_mix1149,34,5,0,90,2,16.66
fold2_room1_mix1149,35,4,0,31,-1,23.91
fold2_room1_mix1149,35,5,0,90,2,16.70
fold2_room1_mix1149,36,4,0,36,0,23.03
fold2_room1_mix1149,36,5,0,87,1,17.35
fold2_room1_mix1149,37,4,0,37,-1,22.40
fold2_room1_mix1149,37,5,0,90,2,16.74
fold2_room1_mix1149,38,4,0,37,-1,21.57
fold2_room1_mix1149,38,5,0,88,2,17.88
fold2_room1_mix1149,39,4,0,38,-1,21.15
fold2_room1_mix1149,39,5,0,87,2,17.49
fold2_room1_mix1149,40,4,0,40,-1,21.11
fold2_room1_mix1149,40,5,0,87,2,16.86
fold2_room1_mix1149,41,4,0,40,-1,20.70
fold2_room1_mix1149,41,5,0,89,2,17.47
fold2_room1_mix1149,42,4,0,40,-1,19.99
fold2_room1_mix1149,42,5,0,88,2,17.18
fold2_room1_mix1149,43,4,0,40,-1,20.73
fold2_room1_mix1149,43,5,0,89,2,16.31
fold2_room1_mix1149,44,4,0,43,-1,19.92
fold2_room1_mix1149,44,5,0,89,1,18.04
fold2_room1_mix1149,45,4,0,42,-1,19.94
fold2_room1_mix1149,45,5,0,89,1,17.19
fold2_room1_mix1149,46,4,0,43,-1,19.93
fold2_room1_mix1149,46,5,0,90,2,17.11
fold2_room1_mix1149,47,4,0,45,-1,19.81
fold2_room1_mix1149,47,5,0,87,2,18.03
fold2_room1_mix1149,48,4,0,44,-1,19.33
fold2_room1_mix1149,48,5,0,88,2,16.74
fold2_room1_mix1149,49,4,0,44,-1,18.55
fold2_room1_mix1149,49,5,0,88,2,17.89
fold2_room1_mix1149,50,4,0,47,-1,17.89
fold2_room1_mix1149,50,5,0,88,2,17.44
fold2_room1_mix1149,51,4,0,50,-1,17.08
fold2_room1_mix1149,51,5,0,89,2,17.82
fold2_room1_mix1149,52,4,0,47,-1,17.86
fold2_room1_mix1149,52,5,0,87,2,17.85
fold2_room1_mix1149,53,4,0,49,-1,16.78
fold2_room1_mix1149,53,5,0,88,2,17.39
fold2_room1_mix1149,54,4,0,49,-1,16.68
fold2_room1_mix1149,54,5,0,89,2,17.58
fold2_room1_mix1149,55,4,0,53,-1,15.84
fold2_room1_mix1149,55,5,0,88,2,17.02
fold2_room1_mix1149,56,4,0,54,-1,15.06
fold2_room1_mix1149,56,5,0,88,2,16.31
fold2_room1_mix1149,57,4,0,54,-2,14.79
fold2_room1_mix1149,57,5,0,89,2,17.03
fold2_room1_mix1149,58,4,0,57,-2,14.47
fold2_room1_mix1149,58,5,0,88,2,17.99
fold2_room1_mix1149,59,4,0,58,-2,14.84
fold2_room1_mix1149,59,5,0,88,2,16.39
fold2_room1_mix1149,60,4,0,60,-2,14.92
fold2_room1_mix1149,60,5,0,89,2,17.29
fold2_room1_mix1149,61,4,0,59,-2,14.48
fold2_room1_mix1149,61,5,0,89,2,17.17
fold2_room1_mix1149,62,4,0,61,-2,14.61
fold2_room1_mix1149,62,5,0,89,2,17.26
fold2_room1_mix1149,63,4,0,62,-2,14.24
fold2_room1_mix1149,63,5,0,88,2,17.11
fold2_room1_mix1149,64,4,0,64,-2,14.18
fold2_room1_mix1149,64,5,0,91,2,17.52
fold2_room1_mix1149,65,4,0,67,-2,13.92
fold2_room1_mix1149,65,5,0,89,2,17.45
fold2_room1_mix1149,66,4,0,69,-2,13.71
fold2_room1_mix1149,66,5,0,90,2,17.07
fold2_room1_mix1149,67,4,0,71,-2,13.53
fold2_room1_mix1149,67,5,0,89,2,17.89
fold2_room1_mix1149,68,4,0,73,-2,13.86
fold2_room1_mix1149,68,5,0,89,2,17.39
fold2_room1_mix1149,69,4,0,77,-2,13.64
fold2_room1_mix1149,69,5,0,90,2,17.22
fold2_room1_mix1149,70,4,0,80,-3,13.41
fold2_room1_mix1149,70,5,0,89,2,18.22
fold2_room1_mix1149,71,4,0,83,-3,13.58
fold2_room1_mix1149,71,5,0,90,2,17.18
fold2_room1_mix1149,72,4,0,85,-3,13.54
fold2_room1_mix1149,72,5,0,88,2,17.62
fold2_room1_mix1149,73,4,0,87,-3,13.32
fold2_room1_mix1149,73,5,0,91,2,17.97
fold2_room1_mix1149,74,4,0,87,-3,13.20
fold2_room1_mix1149,74,5,0,93,2,17.59
fold2_room1_mix1149,75,4,0,90,-3,13.09
fold2_room1_mix1149,75,5,0,90,2,17.60
fold2_room1_mix1149,76,4,0,93,-3,12.61
fold2_room1_mix1149,76,5,0,90,2,18.64
fold2_room1_mix1149,77,4,0,93,-3,12.76
fold2_room1_mix1149,77,5,0,90,2,18.46
fold2_room1_mix1149,78,4,0,93,-3,12.84
fold2_room1_mix1149,78,5,0,91,3,17.52
fold2_room1_mix1149,79,4,0,96,-3,12.35
fold2_room1_mix1149,79,5,0,90,2,18.27
fold2_room1_mix1149,80,4,0,99,-3,12.70
fold2_room1_mix1149,80,5,0,91,2,18.24
fold2_room1_mix1149,81,4,0,101,-3,13.01
fold2_room1_mix1149,81,5,0,88,2,18.66
fold2_room1_mix1149,82,4,0,104,-3,12.88
fold2_room1_mix1149,82,5,0,91,3,18.06
fold2_room1_mix1149,83,4,0,104,-3,13.06
fold2_room1_mix1149,83,5,0,90,2,18.60
fold2_room1_mix1149,84,4,0,107,-3,13.26
fold2_room1_mix1149,84,5,0,90,2,18.32
fold2_room1_mix1149,85,4,0,110,-3,13.06
fold2_room1_mix1149,85,5,0,90,2,17.55
fold2_room1_mix1149,86,4,0,111,-3,13.12
fold2_room1_mix1149,86,5,0,89,2,19.08
fold2_room1_mix1149,87,4,0,110,-3,13.23
fold2_room1_mix1149,87,5,0,91,2,17.77
fold2_room1_mix1149,88,4,0,111,-3,13.04
fold2_room1_mix1149,88,5,0,91,3,16.83
fold2_room1_mix1149,89,4,0,114,-3,13.17
fold2_room1_mix1149,89,5,0,90,2,18.22
fold2_room1_mix1149,90,4,0,114,-3,13.33
fold2_room1_mix1149,90,5,0,89,2,18.61
fold2_room1_mix1149,91,4,0,116,-3,14.02
fold2_room1_mix1149,91,5,0,91,3,17.68
fold2_room1_mix1149,92,4,0,117,-3,13.99
fold2_room1_mix1149,92,5,0,91,2,18.60
fold2_room1_mix1149,93,4,0,118,-3,14.13
fold2_room1_mix1149,93,5,0,92,2,17.49
fold2_room1_mix1149,94,4,0,120,-2,15.44
fold2_room1_mix1149,94,5,0,91,3,16.90
fold2_room1_mix1149,95,4,0,121,-2,15.26
fold2_room1_mix1149,95,5,0,90,2,18.34
fold2_room1_mix1149,96,4,0,122,-2,15.48
fold2_room1_mix1149,96,5,0,91,2,17.90
fold2_room1_mix1149,97,4,0,124,-2,15.95
fold2_room1_mix1149,97,5,0,91,2,17.61
fold2_room1_mix1149,98,4,0,124,-2,15.36
fold2_room1_mix1149,98,5,0,91,3,16.54
fold2_room1_mix1149,99,4,0,125,-2,15.08
fold2_room1_mix1149,99,5,0,91,2,17.02
fold2_room1_mix1150,3,4,0,179,0,3.28
fold2_room1_mix1150,4,4,0,177,0,6.94
fold2_room1_mix1150,5,4,0,179,0,15.40
fold2_room1_mix1150,6,4,0,177,0,15.78
fold2_room1_mix1150,7,4,0,176,0,16.97
fold2_room1_mix1150,8,4,0,176,0,27.09
fold2_room1_mix1150,9,4,0,178,0,25.31
fold2_room1_mix1150,10,4,0,178,0,25.42
fold2_room1_mix1150,11,4,0,176,0,27.68
fold2_room1_mix1150,12,4,0,176,0,28.60
fold2_room1_mix1150,13,4,0,177,0,28.22
fold2_room1_mix1150,14,4,0,177,0,27.91
fold2_room1_mix1150,15,4,0,176,0,27.71
fold2_room1_mix1150,16,4,0,176,0,27.09
fold2_room1_mix1150,17,4,0,176,0,28.36
fold2_room1_mix1150,18,4,0,177,0,29.41
fold2_room1_mix1150,19,4,0,176,0,28.93
fold2_room1_mix1150,20,4,0,177,0,30.45
fold2_room1_mix1150,21,4,0,176,0,29.32
fold2_room1_mix1150,22,4,0,176,0,27.29
fold2_room1_mix1150,23,4,0,177,0,26.43
fold2_room1_mix1150,24,4,0,177,0,27.56
fold2_room1_mix1150,25,4,0,178,0,28.71
fold2_room1_mix1150,26,4,0,177,0,27.16
fold2_room1_mix1150,27,4,0,177,0,29.37
fold2_room1_mix1150,28,4,0,177,0,28.38
fold2_room1_mix1150,29,4,0,177,0,27.99
fold2_room1_mix1150,30,4,0,175,0,26.64
fold2_room1_mix1150,31,4,0,176,0,26.03
fold2_room1_mix1150,32,4,0,176,0,25.44
fold2_room1_mix1150,33,4,0,176,0,24.62
fold2_room1_mix1150,34,4,0,176,0,24.46
fold2_room1_mix1150,35,4,0,177,0,24.04
fold2_room1_mix1150,36,4,0,177,0,22.77
fold2_room1_mix1150,37,4,0,175,0,23.33
fold2_room1_mix1150,38,4,0,175,-1,21.97
fold2_room1_mix1150,39,4,0,174,0,21.05
fold2_room1_mix1150,40,4,0,174,0,21.09
fold2_room1_mix1150,41,4,0,174,-1,19.30
fold2_room1_mix1150,42,4,0,173,-1,19.38
fold2_room1_mix1150,43,1,0,-145,-2,19.15
fold2_room1_mix1150,43,4,0,172,-1,21.08
fold2_room1_mix1150,44,1,0,-140,-3,19.70
fold2_room1_mix1150,44,4,0,173,-2,20.53
fold2_room1_mix1150,45,1,0,-140,-3,17.74
fold2_room1_mix1150,45,4,0,175,-1,23.85
fold2_room1_mix1150,46,1,0,-143,-2,19.00
fold2_room1_mix1150,46,4,0,172,-1,24.52
fold2_room1_mix1150,47,1,0,-134,-3,14.34
fold2_room1_mix1150,47,4,0,173,-2,20.22
fold2_room1_mix1150,48,1,0,-135,-3,15.36
fold2_room1_mix1150,48,4,0,174,-2,20.16
fold2_room1_mix1150,49,1,0,-134,-3,12.19
fold2_room1_mix1150,49,4,0,172,-3,19.57
fold2_room1_mix1150,50,1,0,-132,-4,11.47
fold2_room1_mix1150,50,4,0,172,-3,21.18
fold2_room1_mix1150,51,1,0,-129,-4,5.67
fold2_room1_mix1150,51,4,0,171,-4,16.98
fold2_room1_mix1150,51,4,0,150,-7,9.59
fold2_room1_mix1150,52,1,0,-130,-4,10.00
fold2_room1_mix1150,52,4,0,161,-4,15.77
fold2_room1_mix1150,53,1,0,-113,-5,11.11
fold2_room1_mix1150,53,4,0,166,-3,18.68
fold2_room1_mix1150,53,4,0,145,-8,8.33
fold2_room1_mix1150,54,1,0,-105,-5,8.38
fold2_room1_mix1150,54,4,0,161,-4,14.53
fold2_room1_mix1150,54,4,0,125,-8,7.71
fold2_room1_mix1150,55,1,0,-99,-5,8.66
fold2_room1_mix1150,55,4,0,163,-3,18.17
fold2_room1_mix1150,55,4,0,139,-5,13.43
fold2_room1_mix1150,56,1,0,-107,-4,3.75
fold2_room1_mix1150,56,4,0,142,-4,12.12
fold2_room1_mix1150,56,4,0,70,-11,4.41
fold2_room1_mix1150,56,4,0,52,-10,3.11
fold2_room1_mix1150,57,1,0,-74,-5,8.67
fold2_room1_mix1150,57,4,0,123,-6,7.67
fold2_room1_mix1150,57,4,0,83,-12,4.89
fold2_room1_mix1150,57,4,0,56,-7,5.30
fold2_room1_mix1150,58,1,0,-67,-6,8.02
fold2_room1_mix1150,58,4,0,128,-9,8.47
fold2_room1_mix1150,58,4,0,85,-18,4.64
fold2_room1_mix1150,58,4,0,70,-8,6.06
fold2_room1_mix1150,59,1,0,-73,-5,7.83
fold2_room1_mix1150,59,4,0,87,-9,7.29
fold2_room1_mix1150,59,4,0,56,-8,5.91
fold2_room1_mix1150,60,1,0,-56,-4,9.16
fold2_room1_mix1150,60,4,0,152,-4,10.89
fold2_room1_mix1150,61,4,0,165,-1,13.31
fold2_room1_mix1150,61,4,0,22,-4,5.57
fold2_room1_mix1150,62,1,0,-49,-5,11.54
fold2_room1_mix1150,62,4,0,161,-2,10.44
fold2_room1_mix1150,62,4,0,18,-3,7.54
fold2_room1_mix1150,63,1,0,-45,-5,11.57
fold2_room1_mix1150,63,4,0,175,0,16.20
fold2_room1_mix1150,63,4,0,8,-7,6.69
fold2_room1_mix1150,63,4,0,23,-3,7.58
fold2_room1_mix1150,64,1,0,-47,-4,11.87
fold2_room1_mix1150,64,4,0,172,-2,11.48
fold2_room1_mix1150,64,4,0,11,-4,7.44
fold2_room1_mix1150,65,1,0,-41,-4,11.09
fold2_room1_mix1150,65,4,0,166,-1,14.85
fold2_room1_mix1150,65,4,0,13,-1,13.10
fold2_room1_mix1150,66,4,0,171,-2,11.31
fold2_room1_mix1150,66,4,0,9,-2,9.81
fold2_room1_mix1150,67,1,0,-37,-4,15.29
fold2_room1_mix1150,67,4,0,167,-3,10.44
fold2_room1_mix1150,67,4,0,11,-4,8.48
fold2_room1_mix1150,68,1,0,-35,-4,14.89
fold2_room1_mix1150,68,4,0,167,-2,13.00
fold2_room1_mix1150,68,4,0,6,-2,11.45
fold2_room1_mix1150,69,1,0,-36,-3,16.35
fold2_room1_mix1150,69,4,0,163,-3,11.48
fold2_room1_mix1150,69,4,0,7,-3,10.45
fold2_room1_mix1150,70,4,0,169,-1,14.39
fold2_room1_mix1150,70,4,0,5,-1,15.37
fold2_room1_mix1150,71,1,0,-36,-3,10.27
fold2_room1_mix1150,71,4,0,168,-4,10.52
fold2_room1_mix1150,71,4,0,2,-3,13.69
fold2_room1_mix1150,72,1,0,-33,-3,17.76
fold2_room1_mix1150,72,4,0,169,-4,10.40
fold2_room1_mix1150,72,4,0,5,-2,13.09
fold2_room1_mix1150,73,1,0,-30,-3,18.22
fold2_room1_mix1150,73,4,0,165,-3,11.71
fold2_room1_mix1150,73,4,0,4,-1,13.88
fold2_room1_mix1150,74,1,0,-26,-3,19.80
fold2_room1_mix1150,74,4,0,166,-5,10.55
fold2_room1_mix1150,74,4,0,3,-2,13.94
fold2_room1_mix1150,75,4,0,161,-3,10.93
fold2_room1_mix1150,75,4,0,3,-2,17.13
fold2_room1_mix1150,76,1,0,-30,-3,7.63
fold2_room1_mix1150,76,4,0,173,-6,8.31
fold2_room1_mix1150,76,4,0,-3,-1,18.48
fold2_room1_mix1150,77,1,0,-23,-2,18.07
fold2_room1_mix1150,77,4,0,163,-9,7.31
fold2_room1_mix1150,77,4,0,-1,-1,15.47
fold2_room1_mix1150,78,1,0,-22,-3,21.37
fold2_room1_mix1150,78,4,0,159,-9,6.16
fold2_room1_mix1150,78,4,0,2,0,16.54
fold2_room1_mix1150,79,1,0,-22,-2,23.01
fold2_room1_mix1150,79,4,0,161,-5,6.39
fold2_room1_mix1150,79,4,0,-3,2,24.10
fold2_room1_mix1150,80,4,0,158,-10,4.90
fold2_room1_mix1150,80,4,0,1,-1,22.36
fold2_room1_mix1150,81,4,0,149,-12,3.53
fold2_room1_mix1150,81,4,0,6,-1,16.06
fold2_room1_mix1150,82,4,0,136,-18,2.37
fold2_room1_mix1150,82,4,0,81,-28,3.54
fold2_room1_mix1150,82,4,0,4,0,22.10
fold2_room1_mix1150,83,4,0,132,-16,2.29
fold2_room1_mix1150,83,4,0,12,1,19.13
fold2_room1_mix1150,84,4,0,97,-20,1.71
fold2_room1_mix1150,84,4,0,13,2,24.59
fold2_room1_mix1150,85,4,0,63,-17,1.63
fold2_room1_mix1150,85,4,0,46,-9,4.46
fold2_room1_mix1150,85,4,0,13,0,19.25
fold2_room1_mix1150,86,4,0,39,-10,3.02
fold2_room1_mix1150,86,4,0,13,0,16.73
fold2_room1_mix1150,87,4,0,32,-9,2.71
fold2_room1_mix1150,87,4,0,9,1,16.91
fold2_room1_mix1150,88,4,0,19,-4,9.66
fold2_room1_mix1150,89,4,0,17,-3,8.28
fold2_room1_mix1150,90,4,0,14,-4,8.65
fold2_room1_mix1150,91,4,0,13,-2,10.27
fold2_room1_mix1150,92,4,0,11,-2,9.43
fold2_room1_mix1150,93,4,0,9,-2,10.28
fold2_room1_mix1150,94,4,0,10,-1,11.47
fold2_room1_mix1150,95,4,0,10,-2,10.06
fold2_room1_mix1150,96,4,0,9,-2,11.93
fold2_room1_mix1150,97,4,0,10,-1,10.87
fold2_room1_mix1150,98,4,0,8,-1,12.19
fold2_room1_mix1150,99,4,0,9,-2,10.77
fold2_room1_mix1151,2,4,0,178,0,1.56
fold2_room1_mix1151,3,4,0,179,2,2.72
fold2_room1_mix1151,4,4,0,177,0,13.90
fold2_room1_mix1151,5,4,0,177,0,16.61
fold2_room1_mix1151,6,4,0,177,0,19.56
fold2_room1_mix1151,7,4,0,177,0,22.62
fold2_room1_mix1151,8,4,0,177,0,30.71
fold2_room1_mix1151,9,4,0,177,0,29.92
fold2_room1_mix1151,10,4,0,177,0,28.97
fold2_room1_mix1151,11,4,0,175,0,30.53
fold2_room1_mix1151,12,4,0,175,0,28.16
fold2_room1_mix1151,13,4,0,175,0,27.76
fold2_room1_mix1151,14,4,0,176,0,27.88
fold2_room1_mix1151,15,4,0,176,0,27.91
fold2_room1_mix1151,16,4,0,176,0,26.99
fold2_room1_mix1151,17,4,0,175,0,26.60
fold2_room1_mix1151,18,4,0,175,0,27.58
fold2_room1_mix1151,19,4,0,176,0,27.88
fold2_room1_mix1151,20,4,0,174,0,27.42
fold2_room1_mix1151,21,4,0,174,0,27.74
fold2_room1_mix1151,22,4,0,174,0,26.97
fold2_room1_mix1151,23,4,0,173,0,26.63
fold2_room1_mix1151,24,4,0,173,-1,27.55
fold2_room1_mix1151,25,4,0,173,-1,27.73
fold2_room1_mix1151,26,4,0,172,-1,26.71
fold2_room1_mix1151,27,4,0,170,0,28.58
fold2_room1_mix1151,28,4,0,170,-1,26.77
fold2_room1_mix1151,29,4,0,169,-1,26.21
fold2_room1_mix1151,30,4,0,169,-1,25.48
fold2_room1_mix1151,31,4,0,168,-1,25.49
fold2_room1_mix1151,32,4,0,168,-1,24.04
fold2_room1_mix1151,33,4,0,168,0,23.65
fold2_room1_mix1151,34,4,0,167,-1,22.71
fold2_room1_mix1151,35,4,0,168,-1,22.50
fold2_room1_mix1151,36,4,0,166,-1,20.23
fold2_room1_mix1151,37,4,0,166,-1,20.37
fold2_room1_mix1151,38,4,0,165,-1,18.90
fold2_room1_mix1151,39,4,0,164,-1,17.91
fold2_room1_mix1151,40,4,0,162,-1,18.10
fold2_room1_mix1151,41,4,0,160,-1,16.61
fold2_room1_mix1151,42,4,0,158,-2,14.94
fold2_room1_mix1151,43,4,0,157,-2,15.79
fold2_room1_mix1151,44,4,0,156,-2,14.35
fold2_room1_mix1151,45,4,0,168,-1,18.65
fold2_room1_mix1151,45,4,0,149,-3,11.98
fold2_room1_mix1151,46,4,0,152,-2,13.17
fold2_room1_mix1151,47,4,0,151,-2,13.38
fold2_room1_mix1151,48,4,0,163,-2,15.29
fold2_room1_mix1151,48,4,0,142,-3,10.27
fold2_room1_mix1151,49,4,0,161,-2,13.73
fold2_room1_mix1151,49,4,0,141,-3,9.37
fold2_room1_mix1151,50,4,0,157,-2,14.18
fold2_room1_mix1151,50,4,0,137,-4,9.44
fold2_room1_mix1151,51,4,0,157,-1,15.72
fold2_room1_mix1151,51,4,0,133,-4,8.57
fold2_room1_mix1151,52,4,0,155,-1,14.94
fold2_room1_mix1151,52,4,0,130,-3,8.63
fold2_room1_mix1151,53,4,0,157,0,16.20
fold2_room1_mix1151,53,4,0,124,-4,7.98
fold2_room1_mix1151,54,4,0,154,0,16.88
fold2_room1_mix1151,54,4,0,111,-4,6.98
fold2_room1_mix1151,55,4,0,158,1,17.98
fold2_room1_mix1151,55,4,0,104,-4,6.99
fold2_room1_mix1151,56,4,0,145,0,18.15
fold2_room1_mix1151,56,4,0,90,-4,6.81
fold2_room1_mix1151,57,4,0,155,1,17.38
fold2_room1_mix1151,57,4,0,82,-3,6.86
fold2_room1_mix1151,58,4,0,161,0,17.18
fold2_room1_mix1151,58,4,0,81,-3,8.26
fold2_room1_mix1151,58,4,0,65,-3,6.10
fold2_room1_mix1151,59,4,0,-177,0,18.88
fold2_room1_mix1151,59,4,0,79,-3,9.24
fold2_room1_mix1151,59,4,0,64,-3,6.64
fold2_room1_mix1151,60,4,0,159,0,15.11
fold2_room1_mix1151,60,4,0,57,-3,7.47
fold2_room1_mix1151,61,4,0,166,-1,12.94
fold2_room1_mix1151,61,4,0,55,-3,7.82
fold2_room1_mix1151,62,4,0,164,0,14.01
fold2_room1_mix1151,62,4,0,49,-3,8.70
fold2_room1_mix1151,63,4,0,172,-1,13.60
fold2_room1_mix1151,63,4,0,43,-3,9.22
fold2_room1_mix1151,64,4,0,170,-2,13.20
fold2_room1_mix1151,64,4,0,39,-3,9.48
fold2_room1_mix1151,65,4,0,168,-2,13.40
fold2_room1_mix1151,65,4,0,38,-3,10.45
fold2_room1_mix1151,66,4,0,168,-2,13.04
fold2_room1_mix1151,66,4,0,34,-2,11.12
fold2_room1_mix1151,67,4,0,165,-2,13.31
fold2_room1_mix1151,67,4,0,30,-2,11.87
fold2_room1_mix1151,68,4,0,160,-3,12.29
fold2_room1_mix1151,68,4,0,29,-2,12.20
fold2_room1_mix1151,69,4,0,165,-3,11.69
fold2_room1_mix1151,69,4,0,28,-2,13.23
fold2_room1_mix1151,70,4,0,171,-3,12.51
fold2_room1_mix1151,70,4,0,26,-2,13.98
fold2_room1_mix1151,71,4,0,172,-3,12.14
fold2_room1_mix1151,71,4,0,26,-2,14.70
fold2_room1_mix1151,72,4,0,170,-4,12.05
fold2_room1_mix1151,72,4,0,24,-2,15.83
fold2_room1_mix1151,73,4,0,171,-4,10.64
fold2_room1_mix1151,73,4,0,21,-2,15.68
fold2_room1_mix1151,74,4,0,168,-4,10.55
fold2_room1_mix1151,74,4,0,18,-2,16.08
fold2_room1_mix1151,75,4,0,169,-4,10.43
fold2_room1_mix1151,75,4,0,19,-1,17.57
fold2_room1_mix1151,76,4,0,167,-4,10.42
fold2_room1_mix1151,76,4,0,16,-1,17.90
fold2_room1_mix1151,77,4,0,171,-4,9.65
fold2_room1_mix1151,77,4,0,17,-1,18.74
fold2_room1_mix1151,78,4,0,172,-4,9.02
fold2_room1_mix1151,78,4,0,16,-1,19.66
fold2_room1_mix1151,79,4,0,171,-5,8.37
fold2_room1_mix1151,79,4,0,15,-1,20.01
fold2_room1_mix1151,80,4,0,172,-6,7.34
fold2_room1_mix1151,80,4,0,15,-1,20.13
fold2_room1_mix1151,81,4,0,169,-8,6.22
fold2_room1_mix1151,81,4,0,15,-1,21.54
fold2_room1_mix1151,82,4,0,171,-9,5.49
fold2_room1_mix1151,82,4,0,14,0,22.53
fold2_room1_mix1151,83,4,0,169,-11,4.66
fold2_room1_mix1151,83,4,0,15,0,25.03
fold2_room1_mix1151,84,4,0,166,-12,4.25
fold2_room1_mix1151,84,4,0,15,0,28.43
fold2_room1_mix1151,85,4,0,163,-15,3.60
fold2_room1_mix1151,85,4,0,15,0,31.06
fold2_room1_mix1151,86,4,0,160,-18,2.66
fold2_room1_mix1151,86,4,0,16,1,32.35
fold2_room1_mix1151,87,4,0,152,-24,2.10
fold2_room1_mix1151,87,4,0,17,1,33.80
fold2_room1_mix1151,88,4,0,134,-28,1.72
fold2_room1_mix1151,88,4,0,17,2,38.56
fold2_room1_mix1151,89,4,0,103,-33,1.46
fold2_room1_mix1151,89,4,0,17,2,37.81
fold2_room1_mix1151,90,4,0,60,-28,1.60
fold2_room1_mix1151,90,4,0,15,2,37.06
fold2_room1_mix1151,91,4,0,42,-23,1.93
fold2_room1_mix1151,91,4,0,14,1,36.46
fold2_room1_mix1151,92,4,0,32,-18,2.45
fold2_room1_mix1151,92,4,0,13,1,36.31
fold2_room1_mix1151,93,4,0,25,-17,2.50
fold2_room1_mix1151,93,4,0,13,1,33.22
fold2_room1_mix1151,94,4,0,19,-14,3.21
fold2_room1_mix1151,94,4,0,13,1,32.63
fold2_room1_mix1151,95,4,0,13,-3,22.71
fold2_room1_mix1151,96,4,0,12,-2,23.10
fold2_room1_mix1151,97,4,0,12,-2,24.75
fold2_room1_mix1151,98,4,0,11,-2,23.58
fold2_room1_mix1151,99,4,0,11,-2,22.66
fold2_room1_mix1152,4,4,0,2,0,17.49
fold2_room1_mix1152,5,4,0,2,0,17.12
fold2_room1_mix1152,6,4,0,2,0,20.03
fold2_room1_mix1152,7,4,0,3,0,32.45
fold2_room1_mix1152,8,4,0,3,-1,33.04
fold2_room1_mix1152,9,4,0,1,-1,32.72
fold2_room1_mix1152,10,4,0,2,0,30.44
fold2_room1_mix1152,11,4,0,1,0,31.60
fold2_room1_mix1152,12,4,0,1,0,30.98
fold2_room1_mix1152,13,4,0,0,-1,31.09
fold2_room1_mix1152,14,4,0,0,0,31.85
fold2_room1_mix1152,15,4,0,0,-1,31.27
fold2_room1_mix1152,16,4,0,0,-1,29.33
fold2_room1_mix1152,17,4,0,0,-1,29.83
fold2_room1_mix1152,18,4,0,0,-1,29.05
fold2_room1_mix1152,19,4,0,0,-1,29.59
fold2_room1_mix1152,20,4,0,0,-1,29.34
fold2_room1_mix1152,21,4,0,0,-1,28.91
fold2_room1_mix1152,22,4,0,0,-1,27.98
fold2_room1_mix1152,23,4,0,0,-1,27.27
fold2_room1_mix1152,24,4,0,-1,-1,26.16
fold2_room1_mix1152,25,4,0,-1,-1,27.27
fold2_room1_mix1152,26,4,0,0,-1,26.29
fold2_room1_mix1152,27,4,0,0,-1,25.32
fold2_room1_mix1152,28,4,0,0,-1,24.76
fold2_room1_mix1152,29,4,0,0,-1,24.32
fold2_room1_mix1152,30,4,0,0,-1,23.62
fold2_room1_mix1152,31,4,0,0,-1,22.82
fold2_room1_mix1152,32,4,0,0,-1,22.59
fold2_room1_mix1152,33,4,0,0,-1,23.40
fold2_room1_mix1152,34,4,0,0,-1,21.49
fold2_room1_mix1152,35,4,0,0,-1,21.37
fold2_room1_mix1152,36,4,0,0,-1,21.23
fold2_room1_mix1152,37,4,0,0,-1,20.08
fold2_room1_mix1152,38,4,0,-1,-1,19.31
fold2_room1_mix1152,39,4,0,0,-1,18.55
fold2_room1_mix1152,40,4,0,-1,-1,17.92
fold2_room1_mix1152,41,4,0,-1,-1,16.83
fold2_room1_mix1152,42,4,0,0,-2,16.21
fold2_room1_mix1152,43,4,0,-1,-2,16.59
fold2_room1_mix1152,44,4,0,-1,-2,16.63
fold2_room1_mix1152,45,4,0,-1,-2,15.77
fold2_room1_mix1152,46,4,0,-2,-2,15.36
fold2_room1_mix1152,47,4,0,-2,-2,14.31
fold2_room1_mix1152,48,4,0,-2,-2,12.87
fold2_room1_mix1152,49,4,0,-3,-2,12.91
fold2_room1_mix1152,50,4,0,-2,-2,11.57
fold2_room1_mix1152,51,4,0,-3,-3,11.50
fold2_room1_mix1152,52,4,0,-3,-3,10.92
fold2_room1_mix1152,53,4,0,-4,-3,10.79
fold2_room1_mix1152,54,4,0,-4,-3,9.27
fold2_room1_mix1152,55,4,0,-4,-3,9.24
fold2_room1_mix1152,56,4,0,-5,-3,9.16
fold2_room1_mix1152,57,4,0,-6,-4,8.56
fold2_room1_mix1152,58,4,0,-7,-4,7.92
fold2_room1_mix1152,59,4,0,-7,-5,7.81
fold2_room1_mix1152,60,4,0,-10,-5,6.81
fold2_room1_mix1152,61,4,0,-12,-6,6.28
fold2_room1_mix1152,62,4,0,-12,-8,5.85
fold2_room1_mix1152,63,4,0,-15,-9,5.36
fold2_room1_mix1152,64,4,0,-23,-16,2.21
fold2_room1_mix1152,64,4,0,-10,-3,11.10
fold2_room1_mix1152,65,4,0,-30,-21,1.69
fold2_room1_mix1152,65,4,0,-12,-4,10.64
fold2_room1_mix1152,66,4,0,-40,-25,1.35
fold2_room1_mix1152,66,4,0,-14,-5,11.09
fold2_room1_mix1152,67,4,0,-62,-36,1.01
fold2_room1_mix1152,67,4,0,-12,-9,10.67
fold2_room1_mix1152,68,4,0,-104,-36,1.05
fold2_room1_mix1152,68,4,0,-15,-12,9.42
fold2_room1_mix1152,69,4,0,-134,-28,1.42
fold2_room1_mix1152,69,4,0,-26,-17,7.24
fold2_room1_mix1152,70,4,0,-148,-21,1.67
fold2_room1_mix1152,71,4,0,-155,-15,2.54
fold2_room1_mix1152,71,4,0,-72,-19,6.21
fold2_room1_mix1152,72,4,0,-159,-15,2.95
fold2_room1_mix1152,72,4,0,-49,-10,6.45
fold2_room1_mix1152,73,4,0,-162,-12,3.43
fold2_room1_mix1152,73,4,0,-61,-12,5.47
fold2_room1_mix1152,74,4,0,-165,-10,4.05
fold2_room1_mix1152,74,4,0,-86,-14,4.46
fold2_room1_mix1152,75,4,0,-167,-9,4.81
fold2_room1_mix1152,75,4,0,-96,-12,5.10
fold2_room1_mix1152,76,4,0,-169,-9,5.42
fold2_room1_mix1152,76,4,0,-101,-15,3.71
fold2_room1_mix1152,77,4,0,-168,-8,5.82
fold2_room1_mix1152,77,4,0,-119,-11,4.56
fold2_room1_mix1152,78,4,0,-171,-7,7.37
fold2_room1_mix1152,78,4,0,-127,-12,3.73
fold2_room1_mix1152,79,4,0,-170,-6,7.53
fold2_room1_mix1152,79,4,0,-138,-9,4.46
fold2_room1_mix1152,80,4,0,-172,-5,8.32
fold2_room1_mix1152,80,4,0,-149,-8,4.69
fold2_room1_mix1152,81,4,0,-172,-5,9.07
fold2_room1_mix1152,81,4,0,-152,-7,5.28
fold2_room1_mix1152,82,4,0,-168,-5,8.59
fold2_room1_mix1152,83,4,0,-169,-4,8.68
fold2_room1_mix1152,84,4,0,-170,-4,9.70
fold2_room1_mix1152,85,4,0,-173,-4,9.90
fold2_room1_mix1152,86,4,0,-172,-3,10.31
fold2_room1_mix1152,87,4,0,-173,-3,10.84
fold2_room1_mix1152,88,4,0,-173,-3,12.40
fold2_room1_mix1152,89,4,0,-173,-2,13.32
fold2_room1_mix1152,90,4,0,-174,-2,14.55
fold2_room1_mix1152,91,4,0,-175,-2,15.21
fold2_room1_mix1152,92,4,0,-175,-2,15.71
fold2_room1_mix1152,93,4,0,-176,-2,16.68
fold2_room1_mix1152,94,4,0,-176,-2,17.97
fold2_room1_mix1152,95,4,0,-177,-2,18.64
fold2_room1_mix1152,96,4,0,-176,-2,19.39
fold2_room1_mix1152,97,4,0,-177,-1,21.15
fold2_room1_mix1152,98,4,0,-177,-1,20.74
fold2_room1_mix1152,99,4,0,-177,-1,20.59
fold2_room1_mix1152,1,4,0,-5,0,1.83
fold2_room1_mix1152,3,4,0,-1,1,3.53
fold2_room1_mix1153,67,4,0,9,-1,6.59
fold2_room1_mix1153,68,4,0,9,-1,8.72
fold2_room1_mix1153,69,4,0,8,-2,10.34
fold2_room1_mix1153,70,4,0,9,-1,9.25
fold2_room1_mix1153,71,4,0,12,-2,12.88
fold2_room1_mix1153,72,4,0,16,-3,13.09
fold2_room1_mix1153,73,4,0,18,-3,12.52
fold2_room1_mix1153,74,4,0,14,-3,11.18
fold2_room1_mix1153,75,4,0,18,-3,11.42
fold2_room1_mix1153,76,4,0,17,-3,10.83
fold2_room1_mix1153,77,4,0,21,-3,10.00
fold2_room1_mix1153,78,4,0,22,-4,9.14
fold2_room1_mix1153,79,4,0,23,-4,8.21
fold2_room1_mix1153,80,4,0,24,-4,7.88
fold2_room1_mix1153,81,4,0,28,-4,7.20
fold2_room1_mix1153,82,4,0,29,-6,5.68
fold2_room1_mix1153,83,4,0,35,-8,4.44
fold2_room1_mix1153,84,4,0,38,-9,3.89
fold2_room1_mix1153,85,4,0,48,-10,3.11
fold2_room1_mix1153,86,4,0,67,-14,2.62
fold2_room1_mix1153,87,4,0,87,-16,2.35
fold2_room1_mix1153,88,4,0,109,-13,2.79
fold2_room1_mix1153,89,4,0,122,-11,2.93
fold2_room1_mix1153,90,4,0,133,-9,3.32
fold2_room1_mix1153,91,4,0,141,-8,3.73
fold2_room1_mix1153,92,4,0,147,-7,4.42
fold2_room1_mix1153,93,4,0,152,-6,4.88
fold2_room1_mix1153,94,4,0,157,-5,6.19
fold2_room1_mix1153,95,4,0,160,-5,6.94
fold2_room1_mix1153,96,4,0,163,-4,7.48
fold2_room1_mix1153,97,4,0,165,-3,8.48
fold2_room1_mix1153,98,4,0,167,-3,8.80
fold2_room1_mix1153,99,4,0,167,-3,9.70
fold2_room1_mix1154,3,4,0,-3,1,5.53
fold2_room1_mix1154,4,4,0,0,0,16.48
fold2_room1_mix1154,5,4,0,1,0,18.95
fold2_room1_mix1154,6,4,0,0,0,21.00
fold2_room1_mix1154,7,4,0,1,-1,29.72
fold2_room1_mix1154,8,4,0,1,-1,30.64
fold2_room1_mix1154,9,4,0,0,-1,30.07
fold2_room1_mix1154,10,4,0,1,-1,28.60
fold2_room1_mix1154,11,4,0,1,-1,29.37
fold2_room1_mix1154,12,4,0,1,-1,29.01
fold2_room1_mix1154,13,4,0,0,-1,28.50
fold2_room1_mix1154,14,4,0,0,-1,29.07
fold2_room1_mix1154,15,4,0,0,-1,28.38
fold2_room1_mix1154,16,4,0,0,-1,27.12
fold2_room1_mix1154,17,4,0,0,-1,28.12
fold2_room1_mix1154,18,4,0,0,-1,27.47
fold2_room1_mix1154,19,4,0,-1,-1,26.75
fold2_room1_mix1154,20,4,0,0,-1,28.03
fold2_room1_mix1154,21,4,0,0,-1,26.23
fold2_room1_mix1154,22,4,0,0,-1,24.95
fold2_room1_mix1154,23,4,0,0,-1,24.86
fold2_room1_mix1154,24,4,0,-1,-1,24.07
fold2_room1_mix1154,25,4,0,-1,-1,24.36
fold2_room1_mix1154,26,4,0,-1,-1,23.70
fold2_room1_mix1154,27,4,0,-1,-1,23.31
fold2_room1_mix1154,28,4,0,-2,-1,23.29
fold2_room1_mix1154,29,4,0,-2,-1,21.43
fold2_room1_mix1154,30,4,0,-2,-1,21.99
fold2_room1_mix1154,31,4,0,-2,-1,20.92
fold2_room1_mix1154,32,4,0,-2,-1,20.31
fold2_room1_mix1154,33,4,0,-2,-1,20.41
fold2_room1_mix1154,34,4,0,-2,-1,19.90
fold2_room1_mix1154,35,4,0,-2,-1,19.10
fold2_room1_mix1154,36,4,0,-3,-1,18.98
fold2_room1_mix1154,37,4,0,-2,-1,18.34
fold2_room1_mix1154,38,4,0,-3,-1,17.64
fold2_room1_mix1154,39,4,0,-3,-1,17.08
fold2_room1_mix1154,40,4,0,-3,-1,16.95
fold2_room1_mix1154,41,4,0,-3,-1,16.52
fold2_room1_mix1154,42,4,0,-4,-1,15.42
fold2_room1_mix1154,43,4,0,-4,-1,15.38
fold2_room1_mix1154,44,4,0,-4,-2,15.16
fold2_room1_mix1154,45,4,0,-4,-2,13.88
fold2_room1_mix1154,46,4,0,-5,-2,13.66
fold2_room1_mix1154,47,4,0,-5,-2,12.94
fold2_room1_mix1154,48,4,0,-6,-2,12.06
fold2_room1_mix1154,49,4,0,-6,-3,11.81
fold2_room1_mix1154,50,4,0,-6,-3,11.41
fold2_room1_mix1154,51,4,0,-8,-3,10.61
fold2_room1_mix1154,52,4,0,-7,-3,10.77
fold2_room1_mix1154,53,4,0,-8,-3,10.13
fold2_room1_mix1154,54,4,0,-9,-3,9.15
fold2_room1_mix1154,55,4,0,-10,-3,9.00
fold2_room1_mix1154,56,4,0,-10,-3,8.65
fold2_room1_mix1154,57,4,0,-11,-4,8.21
fold2_room1_mix1154,58,4,0,-12,-4,7.58
fold2_room1_mix1154,59,4,0,-13,-5,6.97
fold2_room1_mix1154,60,4,0,-12,-5,6.65
fold2_room1_mix1154,61,4,0,-14,-6,6.15
fold2_room1_mix1154,62,4,0,-15,-6,5.60
fold2_room1_mix1154,63,4,0,-16,-6,5.24
fold2_room1_mix1154,64,4,0,-17,-7,4.98
fold2_room1_mix1154,65,4,0,-18,-8,4.46
fold2_room1_mix1154,66,4,0,-21,-8,3.97
fold2_room1_mix1154,67,4,0,-22,-9,3.74
fold2_room1_mix1154,68,4,0,-25,-9,3.35
fold2_room1_mix1154,69,4,0,-28,-10,3.23
fold2_room1_mix1154,70,4,0,-33,-12,2.56
fold2_room1_mix1154,71,4,0,-36,-14,2.27
fold2_room1_mix1154,72,4,0,-44,-17,2.08
fold2_room1_mix1154,73,4,0,-54,-19,1.79
fold2_room1_mix1154,74,4,0,-69,-22,1.66
fold2_room1_mix1154,75,4,0,-88,-23,1.72
fold2_room1_mix1154,76,4,0,-109,-21,1.76
fold2_room1_mix1154,77,4,0,-122,-18,1.95
fold2_room1_mix1154,78,4,0,-134,-15,2.35
fold2_room1_mix1154,79,4,0,-142,-14,2.51
fold2_room1_mix1154,80,4,0,-148,-12,2.75
fold2_room1_mix1154,81,4,0,-151,-10,3.27
fold2_room1_mix1154,82,4,0,-154,-9,3.49
fold2_room1_mix1154,83,4,0,-156,-9,3.68
fold2_room1_mix1154,84,4,0,-158,-8,4.24
fold2_room1_mix1154,85,4,0,-159,-8,4.48
fold2_room1_mix1154,86,4,0,-161,-7,4.92
fold2_room1_mix1154,87,4,0,-163,-6,5.41
fold2_room1_mix1154,88,4,0,-163,-5,5.91
fold2_room1_mix1154,89,4,0,-164,-5,6.49
fold2_room1_mix1154,90,4,0,-165,-4,7.18
fold2_room1_mix1154,91,4,0,-166,-4,7.44
fold2_room1_mix1154,92,4,0,-166,-4,7.61
fold2_room1_mix1154,93,4,0,-167,-4,7.78
fold2_room1_mix1154,94,4,0,-168,-3,8.51
fold2_room1_mix1154,95,4,0,-168,-3,8.93
fold2_room1_mix1154,96,4,0,-169,-3,9.39
fold2_room1_mix1154,97,4,0,-170,-2,10.60
fold2_room1_mix1154,98,4,0,-171,-3,10.62
fold2_room1_mix1154,99,4,0,-171,-2,10.55
fold2_room1_mix1154,1,4,0,-5,0,1.66
fold2_room1_mix1154,2,4,0,-5,3,1.49
fold2_room1_mix1155,7,4,0,172,3,1.62
fold2_room1_mix1155,12,4,0,1,0,17.79
fold2_room1_mix1155,13,4,0,0,0,19.06
fold2_room1_mix1155,14,4,0,177,0,27.09
fold2_room1_mix1155,14,4,0,-3,0,21.97
fold2_room1_mix1155,16,4,0,-4,-1,24.05
fold2_room1_mix1155,22,4,0,-3,-1,21.71
fold2_room1_mix1155,23,4,0,-4,-1,22.94
fold2_room1_mix1155,24,4,0,-6,-2,21.87
fold2_room1_mix1155,27,4,0,-3,-2,20.44
fold2_room1_mix1155,28,4,0,-3,-2,19.26
fold2_room1_mix1155,29,4,0,-6,-2,18.41
fold2_room1_mix1155,31,4,0,-178,-3,21.40
fold2_room1_mix1155,31,4,0,-3,-2,17.50
fold2_room1_mix1155,32,4,0,-5,-3,15.35
fold2_room1_mix1155,33,4,0,-4,-3,15.05
fold2_room1_mix1155,34,4,0,-4,-3,14.09
fold2_room1_mix1155,37,4,0,-6,-3,13.33
fold2_room1_mix1155,38,4,0,-6,-4,12.33
fold2_room1_mix1155,39,4,0,-179,-2,19.51
fold2_room1_mix1155,39,4,0,-6,-3,11.40
fold2_room1_mix1155,40,3,0,81,-5,3.82
fold2_room1_mix1155,40,4,0,-178,-3,19.13
fold2_room1_mix1155,40,4,0,-9,-4,11.39
fold2_room1_mix1155,41,3,0,64,-4,8.55
fold2_room1_mix1155,41,4,0,-178,-1,22.35
fold2_room1_mix1155,41,4,0,-9,-4,10.76
fold2_room1_mix1155,42,3,0,78,-5,7.95
fold2_room1_mix1155,42,4,0,-177,-1,25.15
fold2_room1_mix1155,42,4,0,-11,-4,10.51
fold2_room1_mix1155,43,3,0,91,-5,6.76
fold2_room1_mix1155,43,4,0,179,0,25.58
fold2_room1_mix1155,43,4,0,-13,-3,9.67
fold2_room1_mix1155,44,3,0,91,-5,6.16
fold2_room1_mix1155,44,4,0,-174,-2,18.41
fold2_room1_mix1155,44,4,0,-14,-3,9.48
fold2_room1_mix1155,45,4,0,-179,-1,21.32
fold2_room1_mix1155,45,4,0,-13,-4,8.30
fold2_room1_mix1155,46,4,0,178,0,21.07
fold2_room1_mix1155,46,4,0,-15,-4,7.20
fold2_room1_mix1155,47,4,0,176,-1,19.18
fold2_room1_mix1155,47,4,0,-14,-5,6.49
fold2_room1_mix1155,48,3,0,107,-5,7.60
fold2_room1_mix1155,48,4,0,176,-1,21.91
fold2_room1_mix1155,48,4,0,-18,-5,7.25
fold2_room1_mix1155,49,3,0,128,-5,8.17
fold2_room1_mix1155,49,4,0,175,-1,21.33
fold2_room1_mix1155,49,4,0,-16,-5,7.00
fold2_room1_mix1155,50,3,0,126,-4,7.85
fold2_room1_mix1155,50,4,0,171,-1,20.49
fold2_room1_mix1155,50,4,0,-18,-6,5.69
fold2_room1_mix1155,51,3,0,128,-4,9.58
fold2_room1_mix1155,51,4,0,171,-1,20.79
fold2_room1_mix1155,51,4,0,-22,-7,5.38
fold2_room1_mix1155,52,3,0,132,-4,8.29
fold2_room1_mix1155,52,4,0,172,-2,20.01
fold2_room1_mix1155,52,4,0,-25,-9,4.60
fold2_room1_mix1155,53,3,0,140,-5,6.27
fold2_room1_mix1155,53,4,0,174,-3,16.22
fold2_room1_mix1155,53,4,0,-26,-10,3.72
fold2_room1_mix1155,54,3,0,144,-4,8.78
fold2_room1_mix1155,54,4,0,173,-2,16.49
fold2_room1_mix1155,54,4,0,-30,-13,3.40
fold2_room1_mix1155,55,3,0,158,-4,8.99
fold2_room1_mix1155,55,4,0,-179,-2,15.34
fold2_room1_mix1155,55,4,0,-42,-15,2.82
fold2_room1_mix1155,56,4,0,-175,-4,11.08
fold2_room1_mix1155,56,4,0,-52,-18,2.16
fold2_room1_mix1155,57,4,0,174,-4,10.53
fold2_room1_mix1155,57,4,0,-70,-20,2.18
fold2_room1_mix1155,58,4,0,170,-5,9.20
fold2_room1_mix1155,58,4,0,-114,-21,2.05
fold2_room1_mix1155,59,4,0,167,-5,7.85
fold2_room1_mix1155,59,4,0,-133,-14,2.36
fold2_room1_mix1155,60,4,0,178,-6,7.42
fold2_room1_mix1155,60,4,0,-146,-12,2.69
fold2_room1_mix1155,61,3,0,147,-3,11.97
fold2_room1_mix1155,61,4,0,-156,-7,4.83
fold2_room1_mix1155,61,4,0,168,-14,3.17
fold2_room1_mix1155,62,3,0,137,-5,8.66
fold2_room1_mix1155,62,4,0,-156,-4,5.62
fold2_room1_mix1155,62,4,0,152,-13,3.93
fold2_room1_mix1155,62,4,0,124,-15,3.69
fold2_room1_mix1155,63,3,0,153,-4,2.91
fold2_room1_mix1155,63,4,0,-152,-5,4.20
fold2_room1_mix1155,63,4,0,106,-11,3.04
fold2_room1_mix1155,64,3,0,153,-4,8.67
fold2_room1_mix1155,64,4,0,-155,-5,5.29
fold2_room1_mix1155,64,4,0,105,-13,3.09
fold2_room1_mix1155,65,3,0,159,-4,9.02
fold2_room1_mix1155,65,4,0,-154,-6,3.98
fold2_room1_mix1155,65,4,0,93,-13,2.44
fold2_room1_mix1155,65,4,0,60,-18,2.04
fold2_room1_mix1155,66,3,0,157,-4,8.32
fold2_room1_mix1155,66,4,0,-157,-5,4.43
fold2_room1_mix1155,66,4,0,54,-12,2.76
fold2_room1_mix1155,67,4,0,-161,-4,5.75
fold2_room1_mix1155,67,4,0,37,-11,2.62
fold2_room1_mix1155,68,4,0,-164,-4,6.44
fold2_room1_mix1155,68,4,0,36,-11,2.83
fold2_room1_mix1155,69,4,0,-168,-3,7.70
fold2_room1_mix1155,69,4,0,31,-9,3.24
fold2_room1_mix1155,70,4,0,-165,-3,7.39
fold2_room1_mix1155,70,4,0,27,-8,3.56
fold2_room1_mix1155,71,4,0,-169,-2,8.64
fold2_room1_mix1155,71,4,0,21,-6,4.78
fold2_room1_mix1155,72,4,0,-168,-2,9.08
fold2_room1_mix1155,72,4,0,21,-6,5.86
fold2_room1_mix1155,73,4,0,-171,-2,9.48
fold2_room1_mix1155,73,4,0,20,-5,7.10
fold2_room1_mix1155,74,4,0,-170,-2,9.08
fold2_room1_mix1155,74,4,0,21,-4,7.31
fold2_room1_mix1155,75,4,0,-171,-2,10.22
fold2_room1_mix1155,75,4,0,19,-3,9.50
fold2_room1_mix1155,76,4,0,-174,-2,11.54
fold2_room1_mix1155,76,4,0,17,-4,9.64
fold2_room1_mix1155,77,4,0,-175,-2,11.63
fold2_room1_mix1155,77,4,0,16,-4,10.34
fold2_room1_mix1155,78,4,0,-173,-2,12.21
fold2_room1_mix1155,78,4,0,19,-3,12.18
fold2_room1_mix1155,79,4,0,-175,-3,11.00
fold2_room1_mix1155,79,4,0,17,-2,15.44
fold2_room1_mix1155,80,4,0,-172,-1,12.93
fold2_room1_mix1155,80,4,0,13,-2,15.94
fold2_room1_mix1155,81,4,0,-171,-1,15.23
fold2_room1_mix1155,81,4,0,14,-2,18.49
fold2_room1_mix1155,82,4,0,-169,-1,13.36
fold2_room1_mix1155,82,4,0,12,-2,17.29
fold2_room1_mix1155,83,4,0,-171,-1,13.05
fold2_room1_mix1155,83,4,0,11,-1,19.43
fold2_room1_mix1155,84,4,0,-171,-1,15.08
fold2_room1_mix1155,84,4,0,13,-1,22.16
fold2_room1_mix1155,85,4,0,-170,-1,14.50
fold2_room1_mix1155,85,4,0,12,-1,21.22
fold2_room1_mix1155,86,3,0,160,-4,9.70
fold2_room1_mix1155,86,4,0,-169,-1,16.03
fold2_room1_mix1155,86,4,0,7,-1,19.03
fold2_room1_mix1155,87,3,0,158,-5,8.94
fold2_room1_mix1155,87,4,0,-173,0,18.91
fold2_room1_mix1155,88,3,0,154,-3,17.79
fold2_room1_mix1155,88,4,0,-172,0,20.61
fold2_room1_mix1155,89,3,0,160,-3,10.00
fold2_room1_mix1155,89,4,0,-177,0,21.90
fold2_room1_mix1155,90,3,0,148,-4,7.90
fold2_room1_mix1155,90,4,0,-173,0,22.67
fold2_room1_mix1155,91,4,0,-177,0,22.78
fold2_room1_mix1155,92,4,0,-177,0,21.32
fold2_room1_mix1155,93,4,0,-176,0,19.11
fold2_room1_mix1155,94,4,0,-174,0,19.56
fold2_room1_mix1155,95,4,0,-176,0,18.66
fold2_room1_mix1155,96,4,0,-174,0,17.37
fold2_room1_mix1155,97,4,0,-173,0,17.01
fold2_room1_mix1155,98,4,0,-175,0,17.76
fold2_room1_mix1155,99,4,0,-175,-1,14.53
fold2_room1_mix1155,15,4,0,-1,-1,24.43
fold2_room1_mix1155,17,4,0,-3,-1,23.57
fold2_room1_mix1155,18,4,0,-3,-1,21.54
fold2_room1_mix1155,19,4,0,-4,-1,23.54
fold2_room1_mix1155,20,4,0,-5,-1,23.37
fold2_room1_mix1155,21,4,0,-3,-1,23.13
fold2_room1_mix1155,25,4,0,-5,-1,21.92
fold2_room1_mix1155,26,4,0,-6,-1,20.83
fold2_room1_mix1155,30,4,0,-5,-2,17.70
fold2_room1_mix1155,35,4,0,-5,-2,14.98
fold2_room1_mix1155,36,4,0,-4,-2,14.24
fold2_room1_mix1155,10,4,0,-4,0,7.81
fold2_room1_mix1155,11,4,0,-1,1,11.03
fold2_room1_mix1156,50,4,0,-45,-3,4.09
fold2_room1_mix1156,51,4,0,-36,-2,4.34
fold2_room1_mix1156,52,4,0,-42,-2,7.17
fold2_room1_mix1156,53,4,0,-39,-3,10.17
fold2_room1_mix1156,54,4,0,-49,-3,9.75
fold2_room1_mix1156,55,4,0,-54,-3,10.62
fold2_room1_mix1156,56,4,0,-55,-3,9.93
fold2_room1_mix1156,57,4,0,-56,-4,9.37
fold2_room1_mix1156,58,4,0,-64,-4,9.54
fold2_room1_mix1156,59,4,0,-65,-3,9.35
fold2_room1_mix1156,60,4,0,-75,-4,8.94
fold2_room1_mix1156,61,4,0,-82,-4,8.99
fold2_room1_mix1156,62,4,0,-84,-3,9.17
fold2_room1_mix1156,63,4,0,-100,-3,8.92
fold2_room1_mix1156,63,4,0,-72,-3,11.33
fold2_room1_mix1156,64,4,0,-101,-3,9.90
fold2_room1_mix1156,64,4,0,-83,-4,11.02
fold2_room1_mix1156,65,4,0,-110,-3,9.83
fold2_room1_mix1156,65,4,0,-87,-4,10.96
fold2_room1_mix1156,66,4,0,-116,-2,10.39
fold2_room1_mix1156,66,4,0,-76,-3,11.51
fold2_room1_mix1156,67,4,0,-126,-2,10.62
fold2_room1_mix1156,67,4,0,-104,-3,11.34
fold2_room1_mix1156,68,4,0,-126,-1,10.87
fold2_room1_mix1156,68,4,0,-106,-3,11.06
fold2_room1_mix1156,69,4,0,-135,-2,11.19
fold2_room1_mix1156,69,4,0,-65,-4,12.60
fold2_room1_mix1156,70,4,0,-138,-2,10.72
fold2_room1_mix1156,70,4,0,-52,-3,12.46
fold2_room1_mix1156,71,4,0,-141,-2,11.00
fold2_room1_mix1156,71,4,0,-58,-5,10.99
fold2_room1_mix1156,72,4,0,-134,-2,9.06
fold2_room1_mix1156,72,4,0,-50,-4,9.69
fold2_room1_mix1156,73,4,0,-144,-1,10.11
fold2_room1_mix1156,74,4,0,-128,-3,9.44
fold2_room1_mix1156,74,4,0,-51,-5,8.50
fold2_room1_mix1156,74,4,0,-25,-3,9.16
fold2_room1_mix1156,76,4,0,-22,-6,7.22
fold2_room1_mix1156,77,4,0,-22,-7,5.99
fold2_room1_mix1156,78,4,0,-26,-11,4.53
fold2_room1_mix1156,79,4,0,-34,-15,3.22
fold2_room1_mix1156,80,4,0,-65,-23,2.01
fold2_room1_mix1156,81,4,0,-99,-22,1.74
fold2_room1_mix1156,82,4,0,-124,-17,1.91
fold2_room1_mix1156,83,4,0,-141,-13,2.56
fold2_room1_mix1156,84,4,0,-150,-9,3.68
fold2_room1_mix1156,85,4,0,-153,-7,4.44
fold2_room1_mix1156,86,4,0,-159,-6,5.47
fold2_room1_mix1156,87,4,0,-163,-5,6.62
fold2_room1_mix1156,88,4,0,-165,-5,6.60
fold2_room1_mix1156,89,4,0,-167,-4,7.55
fold2_room1_mix1156,90,4,0,-170,-3,9.37
fold2_room1_mix1156,91,4,0,-170,-3,10.12
fold2_room1_mix1156,92,4,0,-169,-3,10.26
fold2_room1_mix1156,93,4,0,-171,-2,10.28
fold2_room1_mix1156,94,4,0,-173,-2,11.66
fold2_room1_mix1156,95,4,0,-173,-1,11.50
fold2_room1_mix1156,97,4,0,-177,0,9.98
fold2_room1_mix1156,75,4,0,-22,-4,8.46
fold2_room1_mix1156,96,4,0,-173,0,2.76
fold2_room1_mix1157,20,3,0,-141,-4,11.90
fold2_room1_mix1157,21,3,0,-140,-4,15.16
fold2_room1_mix1157,22,3,0,-147,-3,13.28
fold2_room1_mix1157,23,3,0,-144,-4,5.29
fold2_room1_mix1157,24,3,0,-137,-4,11.71
fold2_room1_mix1157,25,3,0,-138,-3,9.40
fold2_room1_mix1157,31,4,0,6,-1,11.64
fold2_room1_mix1157,35,4,0,7,-3,6.04
fold2_room1_mix1157,36,4,0,10,-2,6.38
fold2_room1_mix1157,37,4,0,5,-2,7.29
fold2_room1_mix1157,38,4,0,14,-2,6.99
fold2_room1_mix1157,39,3,0,-102,-5,8.78
fold2_room1_mix1157,39,4,0,22,-1,6.56
fold2_room1_mix1157,40,3,0,-86,-4,9.97
fold2_room1_mix1157,40,4,0,17,-1,9.71
fold2_room1_mix1157,41,3,0,-96,-4,9.07
fold2_room1_mix1157,41,4,0,16,-2,10.57
fold2_room1_mix1157,42,3,0,-82,-4,7.53
fold2_room1_mix1157,42,4,0,18,-2,8.79
fold2_room1_mix1157,43,3,0,-75,-4,8.35
fold2_room1_mix1157,43,4,0,20,-2,10.88
fold2_room1_mix1157,44,3,0,-72,-4,8.06
fold2_room1_mix1157,44,4,0,16,-3,9.30
fold2_room1_mix1157,45,3,0,-74,-4,9.54
fold2_room1_mix1157,45,4,0,17,-2,8.68
fold2_room1_mix1157,46,3,0,-76,-3,6.58
fold2_room1_mix1157,46,4,0,20,-3,9.71
fold2_room1_mix1157,47,3,0,-76,-4,5.28
fold2_room1_mix1157,47,4,0,22,-3,10.58
fold2_room1_mix1157,48,3,0,-73,-3,3.23
fold2_room1_mix1157,48,4,0,23,-3,9.28
fold2_room1_mix1157,49,4,0,20,-3,9.15
fold2_room1_mix1157,50,4,0,21,-3,8.82
fold2_room1_mix1157,51,4,0,24,-3,7.48
fold2_room1_mix1157,52,4,0,25,-4,7.17
fold2_room1_mix1157,53,4,0,27,-5,5.62
fold2_room1_mix1157,54,4,0,28,-5,5.85
fold2_room1_mix1157,55,4,0,29,-5,5.34
fold2_room1_mix1157,56,4,0,31,-6,4.49
fold2_room1_mix1157,57,4,0,38,-6,4.17
fold2_room1_mix1157,58,4,0,40,-7,3.85
fold2_room1_mix1157,59,4,0,45,-7,3.79
fold2_room1_mix1157,60,4,0,51,-9,3.31
fold2_room1_mix1157,61,4,0,62,-10,3.11
fold2_room1_mix1157,62,4,0,74,-10,3.03
fold2_room1_mix1157,63,4,0,82,-10,3.03
fold2_room1_mix1157,64,4,0,98,-10,2.86
fold2_room1_mix1157,65,4,0,112,-8,3.22
fold2_room1_mix1157,66,4,0,123,-7,3.27
fold2_room1_mix1157,67,4,0,130,-7,3.69
fold2_room1_mix1157,68,4,0,135,-6,4.12
fold2_room1_mix1157,69,4,0,139,-5,4.47
fold2_room1_mix1157,70,4,0,143,-5,4.95
fold2_room1_mix1157,71,4,0,146,-5,5.26
fold2_room1_mix1157,72,4,0,148,-5,5.76
fold2_room1_mix1157,73,4,0,150,-5,5.90
fold2_room1_mix1157,74,4,0,153,-4,6.66
fold2_room1_mix1157,75,4,0,156,-4,6.84
fold2_room1_mix1157,76,4,0,157,-3,7.40
fold2_room1_mix1157,77,4,0,158,-3,8.16
fold2_room1_mix1157,78,4,0,159,-3,8.31
fold2_room1_mix1157,79,4,0,160,-3,9.17
fold2_room1_mix1157,80,4,0,160,-2,9.31
fold2_room1_mix1157,81,4,0,163,-2,9.91
fold2_room1_mix1157,82,4,0,163,-2,10.28
fold2_room1_mix1157,83,4,0,164,-2,10.41
fold2_room1_mix1157,84,4,0,164,-2,11.17
fold2_room1_mix1157,85,4,0,166,-2,11.00
fold2_room1_mix1157,86,4,0,166,-2,10.90
fold2_room1_mix1157,87,4,0,166,-2,11.21
fold2_room1_mix1157,88,4,0,166,-2,11.97
fold2_room1_mix1157,89,4,0,168,-2,11.91
fold2_room1_mix1157,90,4,0,167,-1,12.00
fold2_room1_mix1157,91,4,0,166,-1,12.07
fold2_room1_mix1157,92,4,0,167,-2,11.75
fold2_room1_mix1157,93,4,0,168,-1,12.33
fold2_room1_mix1157,94,4,0,170,-1,9.84
fold2_room1_mix1157,95,4,0,172,-1,6.90
fold2_room1_mix1158,3,4,0,178,1,2.90
fold2_room1_mix1158,4,4,0,176,0,7.53
fold2_room1_mix1158,5,4,0,175,0,18.66
fold2_room1_mix1158,6,4,0,175,0,20.11
fold2_room1_mix1158,7,4,0,175,0,24.50
fold2_room1_mix1158,8,4,0,173,0,36.04
fold2_room1_mix1158,9,4,0,173,0,37.41
fold2_room1_mix1158,10,4,0,174,0,36.64
fold2_room1_mix1158,11,4,0,172,0,36.73
fold2_room1_mix1158,12,4,0,172,0,37.99
fold2_room1_mix1158,13,4,0,172,0,37.34
fold2_room1_mix1158,14,4,0,171,0,37.95
fold2_room1_mix1158,15,4,0,170,0,37.54
fold2_room1_mix1158,16,4,0,171,0,37.37
fold2_room1_mix1158,17,4,0,170,0,37.47
fold2_room1_mix1158,18,4,0,170,0,37.58
fold2_room1_mix1158,19,4,0,170,0,37.09
fold2_room1_mix1158,20,4,0,170,0,35.93
fold2_room1_mix1158,21,4,0,170,0,36.90
fold2_room1_mix1158,22,4,0,171,0,35.70
fold2_room1_mix1158,23,4,0,170,0,35.30
fold2_room1_mix1158,24,4,0,169,0,35.26
fold2_room1_mix1158,25,4,0,170,0,35.05
fold2_room1_mix1158,26,4,0,170,0,33.57
fold2_room1_mix1158,27,4,0,168,0,34.65
fold2_room1_mix1158,28,4,0,171,0,33.77
fold2_room1_mix1158,29,4,0,170,0,32.34
fold2_room1_mix1158,30,4,0,169,0,31.37
fold2_room1_mix1158,31,4,0,170,0,30.39
fold2_room1_mix1158,32,4,0,171,0,29.97
fold2_room1_mix1158,33,4,0,170,0,29.75
fold2_room1_mix1158,34,4,0,170,0,28.78
fold2_room1_mix1158,35,4,0,169,0,27.62
fold2_room1_mix1158,36,4,0,169,-1,27.29
fold2_room1_mix1158,37,4,0,168,-1,26.92
fold2_room1_mix1158,38,4,0,168,-1,25.64
fold2_room1_mix1158,39,4,0,167,-1,24.02
fold2_room1_mix1158,40,4,0,166,-1,23.86
fold2_room1_mix1158,41,4,0,165,-1,22.78
fold2_room1_mix1158,42,4,0,163,-1,21.06
fold2_room1_mix1158,43,4,0,161,-1,21.88
fold2_room1_mix1158,44,4,0,162,-1,20.79
fold2_room1_mix1158,45,4,0,162,-1,20.46
fold2_room1_mix1158,46,4,0,160,-1,19.54
fold2_room1_mix1158,47,4,0,160,-2,18.81
fold2_room1_mix1158,48,4,0,158,-2,17.80
fold2_room1_mix1158,49,4,0,157,-2,16.71
fold2_room1_mix1158,50,4,0,156,-2,15.90
fold2_room1_mix1158,51,4,0,155,-2,15.51
fold2_room1_mix1158,52,4,0,152,-3,14.04
fold2_room1_mix1158,53,4,0,150,-3,13.63
fold2_room1_mix1158,54,4,0,149,-3,12.63
fold2_room1_mix1158,55,4,0,147,-4,11.32
fold2_room1_mix1158,56,4,0,144,-4,11.01
fold2_room1_mix1158,57,4,0,144,-4,10.60
fold2_room1_mix1158,58,4,0,141,-4,9.48
fold2_room1_mix1158,59,4,0,139,-5,9.16
fold2_room1_mix1158,60,4,0,135,-5,8.21
fold2_room1_mix1158,61,4,0,130,-5,7.75
fold2_room1_mix1158,62,4,0,127,-6,7.22
fold2_room1_mix1158,63,4,0,122,-6,6.96
fold2_room1_mix1158,64,4,0,117,-6,6.70
fold2_room1_mix1158,65,4,0,106,-7,6.51
fold2_room1_mix1158,66,4,0,95,-7,6.35
fold2_room1_mix1158,67,4,0,89,-7,6.64
fold2_room1_mix1158,68,4,0,82,-6,6.76
fold2_room1_mix1158,69,4,0,74,-6,6.98
fold2_room1_mix1158,70,4,0,66,-6,7.21
fold2_room1_mix1158,71,4,0,58,-5,7.55
fold2_room1_mix1158,72,4,0,53,-5,7.96
fold2_room1_mix1158,73,4,0,50,-4,8.37
fold2_room1_mix1158,74,4,0,46,-4,8.77
fold2_room1_mix1158,75,4,0,42,-4,9.78
fold2_room1_mix1158,76,4,0,39,-4,10.08
fold2_room1_mix1158,77,4,0,37,-4,11.00
fold2_room1_mix1158,78,4,0,34,-3,11.84
fold2_room1_mix1158,79,4,0,33,-3,12.10
fold2_room1_mix1158,80,4,0,32,-3,12.84
fold2_room1_mix1158,81,4,0,29,-3,13.92
fold2_room1_mix1158,82,4,0,27,-3,13.94
fold2_room1_mix1158,83,4,0,26,-2,14.97
fold2_room1_mix1158,84,4,0,24,-2,15.84
fold2_room1_mix1158,85,4,0,23,-2,16.74
fold2_room1_mix1158,86,4,0,23,-2,17.46
fold2_room1_mix1158,87,4,0,21,-2,18.07
fold2_room1_mix1158,88,4,0,20,-2,19.33
fold2_room1_mix1158,89,4,0,20,-2,19.60
fold2_room1_mix1158,90,4,0,19,-2,19.72
fold2_room1_mix1158,91,4,0,19,-2,21.95
fold2_room1_mix1158,92,4,0,18,-2,21.37
fold2_room1_mix1158,93,4,0,18,-2,21.80
fold2_room1_mix1158,94,4,0,17,-2,22.85
fold2_room1_mix1158,95,4,0,16,-2,22.60
fold2_room1_mix1158,96,4,0,16,-1,24.57
fold2_room1_mix1158,97,4,0,16,-1,25.73
fold2_room1_mix1158,98,4,0,15,-1,25.19
fold2_room1_mix1158,99,4,0,16,-2,24.94
fold2_room1_mix1159,37,1,0,14,-2,16.42
fold2_room1_mix1159,38,1,0,20,-2,31.15
fold2_room1_mix1159,39,1,0,18,-2,33.31
fold2_room1_mix1159,40,1,0,22,-3,18.12
fold2_room1_mix1159,41,1,0,20,-2,26.42
fold2_room1_mix1159,42,1,0,22,-2,26.89
fold2_room1_mix1159,43,1,0,26,-2,24.06
fold2_room1_mix1159,44,1,0,23,-2,30.14
fold2_room1_mix1159,46,1,0,28,-2,26.98
fold2_room1_mix1159,47,1,0,30,-2,25.19
fold2_room1_mix1159,48,1,0,38,-2,21.89
fold2_room1_mix1159,49,1,0,34,-2,24.68
fold2_room1_mix1159,51,1,0,40,-3,22.18
fold2_room1_mix1159,52,1,0,52,-3,16.93
fold2_room1_mix1159,53,1,0,63,-4,12.61
fold2_room1_mix1159,54,1,0,61,-4,13.83
fold2_room1_mix1159,56,1,0,82,-4,12.65
fold2_room1_mix1159,57,1,0,93,-5,11.39
fold2_room1_mix1159,58,1,0,99,-4,11.37
fold2_room1_mix1159,59,1,0,109,-4,14.83
fold2_room1_mix1159,61,1,0,119,-3,13.68
fold2_room1_mix1159,62,1,0,129,-3,13.96
fold2_room1_mix1159,63,1,0,130,-3,15.50
fold2_room1_mix1159,64,1,0,133,-3,19.67
fold2_room1_mix1159,66,1,0,138,-3,14.17
fold2_room1_mix1159,67,1,0,142,-3,17.30
fold2_room1_mix1159,68,1,0,144,-2,17.80
fold2_room1_mix1159,69,1,0,148,-2,22.71
fold2_room1_mix1159,72,1,0,150,-2,19.36
fold2_room1_mix1159,73,1,0,156,-2,24.19
fold2_room1_mix1159,74,1,0,157,-1,20.73
fold2_room1_mix1159,75,1,0,157,-2,26.06
fold2_room1_mix1159,77,1,0,160,-1,14.89
fold2_room1_mix1159,78,1,0,159,-2,25.30
fold2_room1_mix1159,79,1,0,163,-1,19.09
fold2_room1_mix1159,80,1,0,161,-2,29.38
fold2_room1_mix1159,82,1,0,164,-2,11.11
fold2_room1_mix1159,83,1,0,166,-1,16.36
fold2_room1_mix1159,84,1,0,165,-2,26.89
fold2_room1_mix1159,85,1,0,167,-2,32.53
fold2_room1_mix1159,86,1,0,174,-1,2.89
fold2_room1_mix1159,88,1,0,169,-1,11.07
fold2_room1_mix1159,89,1,0,170,-2,25.25
fold2_room1_mix1159,90,1,0,173,-1,15.87
fold2_room1_mix1159,91,1,0,166,-2,20.64
fold2_room1_mix1159,93,1,0,170,-1,5.71
fold2_room1_mix1159,94,1,0,164,-2,29.43
fold2_room1_mix1159,95,1,0,173,-1,7.88
fold2_room1_mix1159,96,1,0,171,-2,29.51
fold2_room1_mix1160,3,4,0,-2,1,3.60
fold2_room1_mix1160,4,4,0,0,0,16.38
fold2_room1_mix1160,5,4,0,0,0,17.73
fold2_room1_mix1160,6,4,0,0,0,21.04
fold2_room1_mix1160,7,4,0,1,0,31.65
fold2_room1_mix1160,8,4,0,1,-1,32.21
fold2_room1_mix1160,9,4,0,1,-1,31.92
fold2_room1_mix1160,10,4,0,1,-1,30.47
fold2_room1_mix1160,11,4,0,2,0,32.57
fold2_room1_mix1160,12,4,0,1,0,31.14
fold2_room1_mix1160,13,4,0,2,0,30.74
fold2_room1_mix1160,14,4,0,1,0,32.41
fold2_room1_mix1160,15,4,0,0,-1,30.39
fold2_room1_mix1160,16,4,0,1,-1,29.11
fold2_room1_mix1160,17,4,0,0,0,31.32
fold2_room1_mix1160,18,4,0,1,-1,31.12
fold2_room1_mix1160,19,4,0,0,-1,30.21
fold2_room1_mix1160,20,2,0,-87,-2,10.75
fold2_room1_mix1160,20,4,0,0,0,32.37
fold2_room1_mix1160,21,2,0,-90,-2,11.62
fold2_room1_mix1160,21,4,0,0,0,31.91
fold2_room1_mix1160,22,2,0,-86,-2,12.73
fold2_room1_mix1160,22,4,0,0,-1,29.69
fold2_room1_mix1160,23,2,0,-98,-1,12.89
fold2_room1_mix1160,23,4,0,-1,-1,29.01
fold2_room1_mix1160,24,2,0,-83,-1,13.51
fold2_room1_mix1160,24,4,0,-2,-1,29.69
fold2_room1_mix1160,25,2,0,-81,-1,13.78
fold2_room1_mix1160,25,4,0,-2,-1,28.32
fold2_room1_mix1160,26,4,0,-2,-1,27.57
fold2_room1_mix1160,27,4,0,-3,-1,27.76
fold2_room1_mix1160,28,4,0,-2,0,26.46
fold2_room1_mix1160,29,4,0,-1,-1,26.20
fold2_room1_mix1160,30,2,0,-111,-3,14.61
fold2_room1_mix1160,30,4,0,-1,0,29.03
fold2_room1_mix1160,31,2,0,113,-6,10.25
fold2_room1_mix1160,31,4,0,-1,-1,28.81
fold2_room1_mix1160,32,2,0,106,-5,7.66
fold2_room1_mix1160,32,2,0,-106,-7,7.44
fold2_room1_mix1160,32,4,0,0,-1,26.56
fold2_room1_mix1160,33,2,0,108,-6,7.57
fold2_room1_mix1160,33,2,0,-108,-8,7.37
fold2_room1_mix1160,33,4,0,-1,-1,25.42
fold2_room1_mix1160,34,2,0,108,-6,6.72
fold2_room1_mix1160,34,2,0,-110,-10,6.44
fold2_room1_mix1160,34,4,0,-1,-1,23.78
fold2_room1_mix1160,35,2,0,109,-7,7.17
fold2_room1_mix1160,35,4,0,0,-1,23.50
fold2_room1_mix1160,36,4,0,0,-1,23.70
fold2_room1_mix1160,37,4,0,-2,-1,21.94
fold2_room1_mix1160,38,4,0,-2,-1,21.79
fold2_room1_mix1160,39,4,0,-1,-1,21.93
fold2_room1_mix1160,40,2,0,108,-6,9.28
fold2_room1_mix1160,40,4,0,-2,-1,21.62
fold2_room1_mix1160,41,2,0,103,-6,7.52
fold2_room1_mix1160,41,4,0,-2,-2,20.77
fold2_room1_mix1160,42,2,0,97,-5,7.35
fold2_room1_mix1160,42,4,0,-1,-2,19.82
fold2_room1_mix1160,43,2,0,99,-5,8.05
fold2_room1_mix1160,43,2,0,-97,-9,7.65
fold2_room1_mix1160,43,4,0,-2,-2,18.77
fold2_room1_mix1160,44,2,0,95,-5,7.90
fold2_room1_mix1160,44,2,0,-95,-8,7.29
fold2_room1_mix1160,44,4,0,-1,-2,19.06
fold2_room1_mix1160,45,2,0,89,-5,8.46
fold2_room1_mix1160,45,2,0,-91,-9,7.60
fold2_room1_mix1160,45,4,0,-1,-1,18.32
fold2_room1_mix1160,46,4,0,-2,-2,18.41
fold2_room1_mix1160,47,4,0,-3,-2,16.74
fold2_room1_mix1160,48,4,0,-4,-2,15.36
fold2_room1_mix1160,49,4,0,-3,-2,14.75
fold2_room1_mix1160,50,4,0,-2,-2,14.96
fold2_room1_mix1160,51,2,0,75,-5,7.94
fold2_room1_mix1160,51,4,0,-2,-2,15.03
fold2_room1_mix1160,52,2,0,66,-4,9.20
fold2_room1_mix1160,52,2,0,-54,-7,8.56
fold2_room1_mix1160,52,4,0,-1,-2,14.61
fold2_room1_mix1160,53,2,0,66,-4,10.37
fold2_room1_mix1160,53,4,0,-3,-2,14.29
fold2_room1_mix1160,54,2,0,64,-4,10.36
fold2_room1_mix1160,54,2,0,-45,-10,9.40
fold2_room1_mix1160,54,4,0,-4,-2,13.61
fold2_room1_mix1160,55,2,0,68,-5,10.32
fold2_room1_mix1160,55,4,0,-3,-2,12.65
fold2_room1_mix1160,56,2,0,58,-5,6.81
fold2_room1_mix1160,56,2,0,36,-9,6.41
fold2_room1_mix1160,56,4,0,-5,-2,12.86
fold2_room1_mix1160,57,4,0,-6,-3,10.70
fold2_room1_mix1160,58,4,0,-7,-3,10.75
fold2_room1_mix1160,59,4,0,-8,-3,10.09
fold2_room1_mix1160,60,4,0,-7,-3,9.99
fold2_room1_mix1160,61,2,0,65,-4,9.43
fold2_room1_mix1160,61,4,0,-6,-3,9.31
fold2_room1_mix1160,62,2,0,58,-4,10.79
fold2_room1_mix1160,62,2,0,29,-8,10.36
fold2_room1_mix1160,62,4,0,-7,-3,8.89
fold2_room1_mix1160,63,2,0,56,-4,12.78
fold2_room1_mix1160,63,2,0,26,-7,12.09
fold2_room1_mix1160,63,4,0,-9,-4,8.22
fold2_room1_mix1160,64,2,0,55,-3,13.00
fold2_room1_mix1160,64,2,0,-8,-8,12.01
fold2_room1_mix1160,64,4,0,-10,-4,7.93
fold2_room1_mix1160,65,2,0,57,-3,14.33
fold2_room1_mix1160,65,2,0,13,-8,13.29
fold2_room1_mix1160,65,4,0,-12,-5,7.26
fold2_room1_mix1160,66,2,0,50,-4,11.42
fold2_room1_mix1160,66,4,0,-14,-5,6.28
fold2_room1_mix1160,67,4,0,-16,-6,5.58
fold2_room1_mix1160,68,4,0,-17,-6,5.40
fold2_room1_mix1160,69,4,0,-21,-7,4.31
fold2_room1_mix1160,70,4,0,-19,-6,4.52
fold2_room1_mix1160,71,2,0,52,-4,11.50
fold2_room1_mix1160,71,4,0,-24,-7,3.66
fold2_room1_mix1160,72,2,0,48,-4,11.74
fold2_room1_mix1160,72,4,0,-28,-8,3.40
fold2_room1_mix1160,73,2,0,48,-4,11.46
fold2_room1_mix1160,73,4,0,-33,-9,2.88
fold2_room1_mix1160,74,2,0,49,-4,12.06
fold2_room1_mix1160,74,4,0,-37,-10,2.54
fold2_room1_mix1160,75,2,0,40,-3,12.40
fold2_room1_mix1160,75,4,0,-43,-12,2.27
fold2_room1_mix1160,76,2,0,35,-3,12.28
fold2_room1_mix1160,76,2,0,15,-4,11.92
fold2_room1_mix1160,76,4,0,-52,-13,1.88
fold2_room1_mix1160,77,4,0,-64,-16,1.79
fold2_room1_mix1160,78,4,0,-84,-20,1.69
fold2_room1_mix1160,79,4,0,-106,-16,1.72
fold2_room1_mix1160,80,4,0,-120,-13,1.84
fold2_room1_mix1160,81,2,0,54,-3,11.03
fold2_room1_mix1160,81,2,0,8,-5,10.44
fold2_room1_mix1160,81,4,0,-130,-11,2.31
fold2_room1_mix1160,82,2,0,51,-2,13.71
fold2_room1_mix1160,82,2,0,32,-4,13.28
fold2_room1_mix1160,82,4,0,-140,-10,2.49
fold2_room1_mix1160,83,2,0,55,-2,13.37
fold2_room1_mix1160,83,2,0,2,-5,12.47
fold2_room1_mix1160,83,4,0,-146,-9,2.83
fold2_room1_mix1160,84,2,0,57,-2,11.14
fold2_room1_mix1160,84,2,0,-41,-4,10.15
fold2_room1_mix1160,84,4,0,-150,-8,3.67
fold2_room1_mix1160,85,4,0,-153,-7,3.65
fold2_room1_mix1160,86,4,0,-155,-6,4.00
fold2_room1_mix1160,87,4,0,-157,-6,4.28
fold2_room1_mix1160,88,4,0,-158,-6,4.87
fold2_room1_mix1160,89,4,0,-159,-5,5.67
fold2_room1_mix1160,90,4,0,-162,-4,5.93
fold2_room1_mix1160,91,4,0,-163,-4,6.41
fold2_room1_mix1160,92,4,0,-164,-3,7.22
fold2_room1_mix1160,93,2,0,47,-4,9.55
fold2_room1_mix1160,93,4,0,-165,-3,7.42
fold2_room1_mix1160,94,2,0,36,-5,10.38
fold2_room1_mix1160,94,2,0,4,-6,10.24
fold2_room1_mix1160,94,4,0,-167,-2,8.70
fold2_room1_mix1160,95,4,0,-166,-2,8.45
fold2_room1_mix1160,96,4,0,-166,-2,9.19
fold2_room1_mix1160,97,4,0,-168,-2,10.23
fold2_room1_mix1160,98,4,0,-169,-1,9.82
fold2_room1_mix1160,99,4,0,-170,-1,10.43
fold2_room1_mix1160,1,4,0,-6,0,1.60
fold2_room1_mix1161,3,4,0,-8,0,6.82
fold2_room1_mix1161,4,4,0,-8,-1,8.80
fold2_room1_mix1161,5,4,0,-8,-2,10.23
fold2_room1_mix1161,6,4,0,-9,-2,13.75
fold2_room1_mix1161,7,4,0,-9,-2,15.02
fold2_room1_mix1161,8,4,0,-9,-3,13.99
fold2_room1_mix1161,9,4,0,-9,-3,14.04
fold2_room1_mix1161,10,4,0,-10,-2,14.03
fold2_room1_mix1161,11,4,0,-10,-3,14.03
fold2_room1_mix1161,12,4,0,-10,-3,13.39
fold2_room1_mix1161,13,4,0,-11,-3,13.97
fold2_room1_mix1161,14,4,0,-13,-3,13.32
fold2_room1_mix1161,15,4,0,-12,-3,11.76
fold2_room1_mix1161,16,4,0,-13,-3,11.29
fold2_room1_mix1161,17,4,0,-14,-3,11.23
fold2_room1_mix1161,18,4,0,-14,-3,10.71
fold2_room1_mix1161,19,4,0,-15,-3,10.78
fold2_room1_mix1161,20,4,0,-15,-3,10.81
fold2_room1_mix1161,21,4,0,-17,-3,10.17
fold2_room1_mix1161,22,4,0,-18,-3,8.94
fold2_room1_mix1161,23,4,0,-18,-4,8.26
fold2_room1_mix1161,24,4,0,-18,-4,7.98
fold2_room1_mix1161,25,4,0,-17,-4,7.97
fold2_room1_mix1161,26,4,0,-20,-4,8.29
fold2_room1_mix1161,27,4,0,-20,-4,8.50
fold2_room1_mix1161,28,4,0,-22,-4,7.89
fold2_room1_mix1161,29,4,0,-23,-4,7.84
fold2_room1_mix1161,30,4,0,-22,-4,8.14
fold2_room1_mix1161,31,4,0,-22,-4,7.88
fold2_room1_mix1161,32,4,0,-23,-4,8.31
fold2_room1_mix1161,33,4,0,-23,-4,8.90
fold2_room1_mix1161,34,4,0,-24,-5,7.81
fold2_room1_mix1161,35,4,0,-24,-4,8.88
fold2_room1_mix1161,36,4,0,-28,-5,7.31
fold2_room1_mix1161,37,4,0,-29,-5,8.00
fold2_room1_mix1161,38,4,0,-42,-9,2.48
fold2_room1_mix1161,38,4,0,-21,-3,11.12
fold2_room1_mix1161,39,4,0,-40,-7,3.92
fold2_room1_mix1161,39,4,0,-22,-2,12.63
fold2_room1_mix1161,40,4,0,-41,-8,4.06
fold2_room1_mix1161,40,4,0,-20,-2,14.24
fold2_room1_mix1161,41,4,0,-44,-8,3.60
fold2_room1_mix1161,41,4,0,-21,-2,13.94
fold2_room1_mix1161,42,4,0,-48,-9,3.12
fold2_room1_mix1161,42,4,0,-23,-2,13.47
fold2_room1_mix1161,43,4,0,-50,-9,3.27
fold2_room1_mix1161,43,4,0,-22,-2,13.63
fold2_room1_mix1161,44,4,0,-65,-13,2.06
fold2_room1_mix1161,44,4,0,-50,-9,4.14
fold2_room1_mix1161,44,4,0,-13,-1,15.62
fold2_room1_mix1161,45,4,0,-79,-13,2.48
fold2_room1_mix1161,45,4,0,-53,-10,3.59
fold2_room1_mix1161,45,4,0,-15,-2,14.62
fold2_room1_mix1161,46,4,0,-79,-14,2.00
fold2_room1_mix1161,46,4,0,-52,-9,5.44
fold2_room1_mix1161,46,4,0,-17,-2,19.40
fold2_room1_mix1161,47,4,0,-96,-13,2.11
fold2_room1_mix1161,47,4,0,-37,-5,7.17
fold2_room1_mix1161,47,4,0,-16,-3,13.51
fold2_room1_mix1161,48,4,0,-92,-13,1.86
fold2_room1_mix1161,48,4,0,-48,-7,5.85
fold2_room1_mix1161,48,4,0,-16,-3,15.93
fold2_room1_mix1161,49,4,0,-115,-14,2.14
fold2_room1_mix1161,49,4,0,-18,-3,13.11
fold2_room1_mix1161,50,4,0,-131,-10,2.92
fold2_room1_mix1161,50,4,0,-16,-4,10.32
fold2_room1_mix1161,51,4,0,-134,-9,2.99
fold2_room1_mix1161,51,4,0,-22,-4,9.18
fold2_room1_mix1161,52,4,0,-133,-9,3.10
fold2_room1_mix1161,52,4,0,-14,-5,8.90
fold2_room1_mix1161,53,4,0,-137,-8,3.67
fold2_room1_mix1161,53,4,0,-12,-5,8.02
fold2_room1_mix1161,54,4,0,-140,-8,3.89
fold2_room1_mix1161,54,4,0,-14,-6,7.21
fold2_room1_mix1161,55,4,0,-141,-7,4.25
fold2_room1_mix1161,55,4,0,-16,-7,5.98
fold2_room1_mix1161,56,4,0,-144,-8,3.96
fold2_room1_mix1161,56,4,0,-15,-7,5.82
fold2_room1_mix1161,57,4,0,-144,-8,4.29
fold2_room1_mix1161,57,4,0,-15,-7,5.47
fold2_room1_mix1161,58,4,0,-145,-6,4.41
fold2_room1_mix1161,58,4,0,-15,-7,5.15
fold2_room1_mix1161,59,4,0,-145,-7,4.66
fold2_room1_mix1161,59,4,0,-15,-8,4.97
fold2_room1_mix1161,60,4,0,-144,-7,4.50
fold2_room1_mix1161,60,4,0,-16,-8,4.40
fold2_room1_mix1161,61,4,0,-147,-8,4.47
fold2_room1_mix1161,61,4,0,-20,-10,3.71
fold2_room1_mix1161,62,4,0,-148,-8,4.44
fold2_room1_mix1161,62,4,0,-23,-10,3.92
fold2_room1_mix1161,63,4,0,-150,-7,4.76
fold2_room1_mix1161,63,4,0,-27,-10,3.62
fold2_room1_mix1161,64,4,0,-148,-8,4.12
fold2_room1_mix1161,64,4,0,-29,-12,3.06
fold2_room1_mix1161,65,4,0,-151,-8,4.56
fold2_room1_mix1161,65,4,0,-36,-13,2.92
fold2_room1_mix1161,66,4,0,-150,-9,4.21
fold2_room1_mix1161,66,4,0,-41,-15,2.54
fold2_room1_mix1161,67,4,0,-148,-9,4.56
fold2_room1_mix1161,67,4,0,-50,-16,2.44
fold2_room1_mix1161,68,4,0,-151,-7,5.30
fold2_room1_mix1161,68,4,0,-89,-20,1.83
fold2_room1_mix1161,68,4,0,-69,-22,2.26
fold2_room1_mix1161,69,4,0,-152,-7,6.05
fold2_room1_mix1161,69,4,0,-108,-20,1.73
fold2_room1_mix1161,69,4,0,-87,-23,2.37
fold2_room1_mix1161,70,4,0,-155,-7,5.84
fold2_room1_mix1161,70,4,0,-117,-20,1.97
fold2_room1_mix1161,71,4,0,-156,-7,6.36
fold2_room1_mix1161,71,4,0,-128,-15,2.53
fold2_room1_mix1161,72,4,0,-155,-6,7.10
fold2_room1_mix1161,72,4,0,-137,-14,2.86
fold2_room1_mix1161,73,4,0,-150,-10,4.93
fold2_room1_mix1161,74,4,0,-151,-9,4.91
fold2_room1_mix1161,75,4,0,-154,-8,5.67
fold2_room1_mix1161,76,4,0,-156,-7,6.10
fold2_room1_mix1161,77,4,0,-158,-6,7.43
fold2_room1_mix1161,78,4,0,-160,-5,7.47
fold2_room1_mix1161,79,4,0,-162,-5,8.52
fold2_room1_mix1161,80,4,0,-163,-4,9.18
fold2_room1_mix1161,81,4,0,-164,-4,9.97
fold2_room1_mix1161,82,4,0,-165,-4,9.24
fold2_room1_mix1161,83,4,0,-165,-4,10.44
fold2_room1_mix1161,84,4,0,-166,-3,11.47
fold2_room1_mix1161,85,4,0,-167,-3,12.02
fold2_room1_mix1161,86,4,0,-169,-3,12.16
fold2_room1_mix1161,87,4,0,-170,-2,13.11
fold2_room1_mix1161,88,4,0,-170,-2,13.42
fold2_room1_mix1161,89,4,0,-171,-2,14.06
fold2_room1_mix1161,90,4,0,-171,-2,15.17
fold2_room1_mix1161,91,4,0,-171,-2,15.67
fold2_room1_mix1161,92,4,0,-171,-2,15.70
fold2_room1_mix1161,93,4,0,-171,-1,16.52
fold2_room1_mix1161,94,4,0,-172,-2,16.21
fold2_room1_mix1161,95,4,0,-172,-1,16.88
fold2_room1_mix1161,96,4,0,-171,-1,17.61
fold2_room1_mix1161,97,4,0,-172,-1,19.24
fold2_room1_mix1161,98,4,0,-172,-1,19.00
fold2_room1_mix1161,99,4,0,-173,-2,16.85
fold2_room1_mix1161,0,4,0,-9,-1,0.93
fold2_room1_mix1162,16,0,0,-2,0,13.88
fold2_room1_mix1162,17,0,0,-3,-1,29.15
fold2_room1_mix1162,18,0,0,-2,0,30.15
fold2_room1_mix1162,19,0,0,-5,0,39.01
fold2_room1_mix1162,20,0,0,-4,0,70.94
fold2_room1_mix1162,21,0,0,-3,0,74.47
fold2_room1_mix1162,22,0,0,-6,0,67.32
fold2_room1_mix1162,23,0,0,-4,0,90.52
fold2_room1_mix1162,24,0,0,-1,0,95.51
fold2_room1_mix1162,25,0,0,-1,0,84.09
fold2_room1_mix1162,26,0,0,-3,0,80.93
fold2_room1_mix1162,27,0,0,-3,0,72.89
fold2_room1_mix1162,28,0,0,-4,0,61.98
fold2_room1_mix1162,29,0,0,-3,0,55.85
fold2_room1_mix1162,30,0,0,-4,-1,56.66
fold2_room1_mix1162,31,0,0,-3,-1,52.39
fold2_room1_mix1162,32,0,0,-4,-1,49.17
fold2_room1_mix1162,33,0,0,-5,-1,53.58
fold2_room1_mix1162,34,0,0,-5,-1,52.59
fold2_room1_mix1162,35,0,0,-5,-1,49.66
fold2_room1_mix1162,36,0,0,-7,-1,47.45
fold2_room1_mix1162,37,0,0,-5,-1,42.77
fold2_room1_mix1162,38,0,0,-5,0,10.91
fold2_room1_mix1162,39,0,0,-3,0,3.98
fold2_room1_mix1162,51,0,0,171,-2,3.08
fold2_room1_mix1162,52,0,0,169,-2,4.19
fold2_room1_mix1162,53,0,0,165,-1,11.20
fold2_room1_mix1162,54,0,0,164,-2,10.99
fold2_room1_mix1162,55,0,0,165,-1,13.30
fold2_room1_mix1162,56,0,0,165,-1,24.09
fold2_room1_mix1162,57,0,0,165,-1,26.93
fold2_room1_mix1162,58,0,0,166,-1,30.52
fold2_room1_mix1162,59,0,0,168,-1,31.72
fold2_room1_mix1162,60,0,0,167,-1,31.57
fold2_room1_mix1162,61,0,0,169,-1,36.39
fold2_room1_mix1162,62,0,0,170,-1,36.17
fold2_room1_mix1162,63,0,0,168,-1,31.60
fold2_room1_mix1162,64,0,0,170,-1,37.97
fold2_room1_mix1162,65,0,0,172,-1,36.85
fold2_room1_mix1162,66,0,0,171,-1,37.29
fold2_room1_mix1162,67,0,0,172,-1,39.55
fold2_room1_mix1162,68,0,0,172,-1,36.91
fold2_room1_mix1162,69,0,0,171,-1,39.19
fold2_room1_mix1162,70,0,0,171,-1,40.61
fold2_room1_mix1162,71,0,0,171,-1,39.25
fold2_room1_mix1162,72,0,0,170,-1,44.60
fold2_room1_mix1162,73,0,0,171,-1,47.42
fold2_room1_mix1162,74,0,0,171,-1,46.14
fold2_room1_mix1162,75,0,0,170,0,33.84
fold2_room1_mix1162,76,0,0,174,0,12.32
fold2_room1_mix1162,77,0,0,174,0,3.51
fold2_room1_mix1162,15,0,0,-1,-1,2.23
fold2_room1_mix1163,2,4,0,173,2,0.10
fold2_room1_mix1163,3,4,0,-177,0,2.55
fold2_room1_mix1163,3,4,0,-3,0,2.23
fold2_room1_mix1163,4,4,0,-178,0,22.35
fold2_room1_mix1163,4,4,0,0,0,17.85
fold2_room1_mix1163,5,4,0,-179,0,23.41
fold2_room1_mix1163,5,4,0,0,0,17.78
fold2_room1_mix1163,6,4,0,-179,0,22.85
fold2_room1_mix1163,6,4,0,0,-1,20.35
fold2_room1_mix1163,7,4,0,-179,0,29.26
fold2_room1_mix1163,7,4,0,0,0,26.14
fold2_room1_mix1163,8,4,0,-176,0,34.15
fold2_room1_mix1163,8,4,0,2,0,37.70
fold2_room1_mix1163,9,0,0,-166,-1,3.23
fold2_room1_mix1163,9,4,0,-176,0,38.69
fold2_room1_mix1163,9,4,0,0,0,38.39
fold2_room1_mix1163,10,0,0,-158,-2,8.30
fold2_room1_mix1163,10,4,0,-177,-1,32.41
fold2_room1_mix1163,10,4,0,1,0,36.17
fold2_room1_mix1163,11,0,0,-155,-2,10.76
fold2_room1_mix1163,11,4,0,-179,0,33.76
fold2_room1_mix1163,11,4,0,1,0,38.79
fold2_room1_mix1163,12,0,0,-153,-2,14.40
fold2_room1_mix1163,12,4,0,-175,0,37.53
fold2_room1_mix1163,12,4,0,1,0,38.30
fold2_room1_mix1163,13,0,0,-150,-2,18.83
fold2_room1_mix1163,13,4,0,-176,0,27.30
fold2_room1_mix1163,13,4,0,2,0,31.26
fold2_room1_mix1163,14,0,0,-150,-2,22.17
fold2_room1_mix1163,14,4,0,-177,-1,32.08
fold2_room1_mix1163,14,4,0,2,0,35.21
fold2_room1_mix1163,15,0,0,-151,-2,18.21
fold2_room1_mix1163,15,4,0,-173,-1,30.96
fold2_room1_mix1163,15,4,0,2,-1,32.55
fold2_room1_mix1163,16,0,0,-147,-2,21.26
fold2_room1_mix1163,16,4,0,-177,-1,28.78
fold2_room1_mix1163,16,4,0,2,-1,27.77
fold2_room1_mix1163,17,0,0,-147,-2,23.12
fold2_room1_mix1163,17,4,0,-175,-1,33.50
fold2_room1_mix1163,17,4,0,2,-1,31.72
fold2_room1_mix1163,18,0,0,-148,-2,19.90
fold2_room1_mix1163,18,4,0,-176,-1,32.34
fold2_room1_mix1163,18,4,0,3,-1,31.61
fold2_room1_mix1163,19,0,0,-153,-2,20.62
fold2_room1_mix1163,19,4,0,-177,0,37.43
fold2_room1_mix1163,19,4,0,3,-1,31.65
fold2_room1_mix1163,20,0,0,-151,-2,23.04
fold2_room1_mix1163,20,4,0,-176,0,36.63
fold2_room1_mix1163,20,4,0,4,0,36.11
fold2_room1_mix1163,21,0,0,-150,-2,19.44
fold2_room1_mix1163,21,4,0,-176,-1,30.90
fold2_room1_mix1163,21,4,0,4,-1,30.16
fold2_room1_mix1163,22,0,0,-149,-2,19.57
fold2_room1_mix1163,22,4,0,-174,0,29.92
fold2_room1_mix1163,22,4,0,3,-1,29.48
fold2_room1_mix1163,23,0,0,-146,-2,18.31
fold2_room1_mix1163,23,4,0,-175,-1,31.02
fold2_room1_mix1163,23,4,0,1,-1,28.31
fold2_room1_mix1163,24,0,0,-147,-2,18.58
fold2_room1_mix1163,24,4,0,-175,0,34.03
fold2_room1_mix1163,24,4,0,2,-2,29.00
fold2_room1_mix1163,25,0,0,-147,-2,17.40
fold2_room1_mix1163,25,4,0,-177,0,34.37
fold2_room1_mix1163,25,4,0,1,-1,30.80
fold2_room1_mix1163,26,0,0,-145,-2,16.96
fold2_room1_mix1163,26,4,0,-177,-1,31.87
fold2_room1_mix1163,26,4,0,0,-1,29.30
fold2_room1_mix1163,27,0,0,-144,-2,17.13
fold2_room1_mix1163,27,4,0,-176,-1,31.77
fold2_room1_mix1163,27,4,0,1,-2,29.15
fold2_room1_mix1163,28,0,0,-144,-2,15.82
fold2_room1_mix1163,28,4,0,-176,-1,33.62
fold2_room1_mix1163,28,4,0,0,-2,28.84
fold2_room1_mix1163,29,0,0,-145,-2,16.32
fold2_room1_mix1163,29,4,0,-179,-1,28.54
fold2_room1_mix1163,29,4,0,0,-2,25.43
fold2_room1_mix1163,30,0,0,-140,-3,16.31
fold2_room1_mix1163,30,4,0,-178,-2,23.58
fold2_room1_mix1163,30,4,0,1,-2,23.46
fold2_room1_mix1163,31,0,0,-141,-3,16.18
fold2_room1_mix1163,31,4,0,-177,-1,23.66
fold2_room1_mix1163,31,4,0,0,-2,22.54
fold2_room1_mix1163,32,0,0,-143,-3,17.86
fold2_room1_mix1163,32,4,0,179,-2,18.71
fold2_room1_mix1163,32,4,0,0,-2,20.75
fold2_room1_mix1163,33,0,0,-144,-2,17.64
fold2_room1_mix1163,33,4,0,-179,-2,18.59
fold2_room1_mix1163,33,4,0,0,-2,19.76
fold2_room1_mix1163,34,0,0,-142,-3,17.34
fold2_room1_mix1163,34,4,0,179,-1,17.86
fold2_room1_mix1163,34,4,0,0,-2,21.02
fold2_room1_mix1163,35,0,0,-137,-3,15.95
fold2_room1_mix1163,35,4,0,-179,-2,16.22
fold2_room1_mix1163,35,4,0,1,-2,18.90
fold2_room1_mix1163,36,0,0,-130,-3,16.97
fold2_room1_mix1163,36,4,0,176,-2,14.68
fold2_room1_mix1163,36,4,0,2,-2,17.94
fold2_room1_mix1163,37,0,0,-132,-3,15.63
fold2_room1_mix1163,37,4,0,176,-2,13.94
fold2_room1_mix1163,37,4,0,4,-2,17.94
fold2_room1_mix1163,38,0,0,-125,-3,16.57
fold2_room1_mix1163,38,4,0,175,-3,12.22
fold2_room1_mix1163,38,4,0,3,-3,16.07
fold2_room1_mix1163,39,0,0,-118,-4,16.85
fold2_room1_mix1163,39,4,0,174,-3,11.67
fold2_room1_mix1163,39,4,0,6,-3,16.51
fold2_room1_mix1163,40,0,0,-123,-4,10.74
fold2_room1_mix1163,40,0,0,-105,-4,19.85
fold2_room1_mix1163,40,4,0,173,-4,10.64
fold2_room1_mix1163,40,4,0,8,-3,16.88
fold2_room1_mix1163,41,0,0,-116,-4,14.73
fold2_room1_mix1163,41,4,0,168,-4,9.45
fold2_room1_mix1163,41,4,0,150,-9,5.64
fold2_room1_mix1163,41,4,0,9,-4,12.05
fold2_room1_mix1163,42,0,0,-107,-5,15.79
fold2_room1_mix1163,42,4,0,167,-4,10.04
fold2_room1_mix1163,42,4,0,146,-9,5.19
fold2_room1_mix1163,42,4,0,8,-5,11.74
fold2_room1_mix1163,43,0,0,-100,-5,15.65
fold2_room1_mix1163,43,4,0,169,-3,14.12
fold2_room1_mix1163,43,4,0,134,-13,3.10
fold2_room1_mix1163,43,4,0,3,-5,14.27
fold2_room1_mix1163,44,0,0,-96,-5,15.24
fold2_room1_mix1163,44,4,0,170,-3,14.50
fold2_room1_mix1163,44,4,0,123,-15,2.44
fold2_room1_mix1163,44,4,0,0,-3,15.47
fold2_room1_mix1163,45,0,0,-94,-5,12.74
fold2_room1_mix1163,45,4,0,173,-7,10.76
fold2_room1_mix1163,45,4,0,89,-19,2.10
fold2_room1_mix1163,45,4,0,3,-3,16.61
fold2_room1_mix1163,46,0,0,-98,-5,15.28
fold2_room1_mix1163,46,4,0,176,-3,10.57
fold2_room1_mix1163,46,4,0,67,-19,1.98
fold2_room1_mix1163,46,4,0,4,-3,12.87
fold2_room1_mix1163,47,0,0,-89,-5,11.94
fold2_room1_mix1163,47,4,0,161,-5,8.39
fold2_room1_mix1163,47,4,0,6,-5,9.40
fold2_room1_mix1163,48,0,0,-70,-4,16.79
fold2_room1_mix1163,48,4,0,146,-8,6.44
fold2_room1_mix1163,48,4,0,1,-3,11.06
fold2_room1_mix1163,48,4,0,18,-4,12.05
fold2_room1_mix1163,49,0,0,-71,-5,15.54
fold2_room1_mix1163,49,4,0,9,-4,10.41
fold2_room1_mix1163,50,0,0,-74,-5,12.68
fold2_room1_mix1163,50,4,0,6,-4,8.99
fold2_room1_mix1163,51,0,0,-64,-4,15.03
fold2_room1_mix1163,51,4,0,-9,-4,9.53
fold2_room1_mix1163,51,4,0,16,-5,10.93
fold2_room1_mix1163,52,0,0,-70,-5,12.99
fold2_room1_mix1163,52,4,0,4,-4,13.28
fold2_room1_mix1163,53,0,0,-66,-4,11.65
fold2_room1_mix1163,53,4,0,-7,-4,10.55
fold2_room1_mix1163,53,4,0,13,-4,11.57
fold2_room1_mix1163,54,0,0,-55,-4,17.64
fold2_room1_mix1163,54,4,0,-5,-3,11.84
fold2_room1_mix1163,54,4,0,11,-4,12.68
fold2_room1_mix1163,55,0,0,-59,-4,16.88
fold2_room1_mix1163,55,4,0,-4,-6,9.70
fold2_room1_mix1163,56,0,0,-42,-3,19.28
fold2_room1_mix1163,56,4,0,-6,-5,10.95
fold2_room1_mix1163,57,0,0,-55,-3,15.83
fold2_room1_mix1163,57,4,0,-32,-9,3.11
fold2_room1_mix1163,57,4,0,1,-1,14.61
fold2_room1_mix1163,58,0,0,-52,-3,15.83
fold2_room1_mix1163,58,4,0,-39,-8,2.65
fold2_room1_mix1163,58,4,0,0,-2,13.71
fold2_room1_mix1163,59,0,0,-40,-2,18.37
fold2_room1_mix1163,59,4,0,-47,-10,2.03
fold2_room1_mix1163,59,4,0,-1,-1,14.44
fold2_room1_mix1163,60,0,0,-85,-3,10.67
fold2_room1_mix1163,60,4,0,-64,-10,1.87
fold2_room1_mix1163,60,4,0,13,1,19.77
fold2_room1_mix1163,60,4,0,-3,-2,13.36
fold2_room1_mix1163,61,0,0,-49,-3,10.82
fold2_room1_mix1163,61,4,0,-70,-10,1.72
fold2_room1_mix1163,61,4,0,22,1,14.67
fold2_room1_mix1163,61,4,0,-8,-1,13.65
fold2_room1_mix1163,62,0,0,-26,-2,15.19
fold2_room1_mix1163,62,4,0,-81,-11,1.66
fold2_room1_mix1163,62,4,0,26,1,15.17
fold2_room1_mix1163,62,4,0,-8,-2,11.44
fold2_room1_mix1163,63,0,0,-48,-3,16.32
fold2_room1_mix1163,63,0,0,-32,-2,31.37
fold2_room1_mix1163,63,4,0,-104,-9,1.72
fold2_room1_mix1163,63,4,0,18,1,14.12
fold2_room1_mix1163,63,4,0,-6,-1,10.60
fold2_room1_mix1163,64,4,0,-126,-6,2.80
fold2_room1_mix1163,64,4,0,15,0,13.18
fold2_room1_mix1163,64,4,0,-5,-2,11.74
fold2_room1_mix1163,65,0,0,-124,-2,15.81
fold2_room1_mix1163,65,4,0,-135,-5,3.66
fold2_room1_mix1163,65,4,0,1,-1,12.29
fold2_room1_mix1163,66,0,0,-135,-2,10.39
fold2_room1_mix1163,66,4,0,-139,-5,3.88
fold2_room1_mix1163,66,4,0,14,-2,10.70
fold2_room1_mix1163,66,4,0,-3,-2,10.90
fold2_room1_mix1163,67,4,0,-144,-5,4.33
fold2_room1_mix1163,67,4,0,2,-3,11.57
fold2_room1_mix1163,68,0,0,-144,-1,11.75
fold2_room1_mix1163,68,4,0,-147,-4,4.96
fold2_room1_mix1163,68,4,0,4,-3,10.75
fold2_room1_mix1163,69,4,0,-153,-5,6.02
fold2_room1_mix1163,69,4,0,6,-5,8.15
fold2_room1_mix1163,70,4,0,-153,-5,6.10
fold2_room1_mix1163,70,4,0,10,-5,7.79
fold2_room1_mix1163,71,4,0,-153,-4,6.46
fold2_room1_mix1163,71,4,0,14,-6,6.69
fold2_room1_mix1163,72,4,0,-156,-4,7.51
fold2_room1_mix1163,72,4,0,16,-8,5.79
fold2_room1_mix1163,73,4,0,-161,-4,7.57
fold2_room1_mix1163,73,4,0,28,-12,2.77
fold2_room1_mix1163,73,4,0,13,-6,8.38
fold2_room1_mix1163,74,4,0,-179,-13,4.25
fold2_room1_mix1163,74,4,0,53,-22,1.18
fold2_room1_mix1163,74,4,0,9,-5,10.60
fold2_room1_mix1163,75,4,0,-172,-8,5.35
fold2_room1_mix1163,75,4,0,108,-27,1.25
fold2_room1_mix1163,75,4,0,12,-4,14.23
fold2_room1_mix1163,76,4,0,-172,-4,7.85
fold2_room1_mix1163,76,4,0,140,-16,1.36
fold2_room1_mix1163,76,4,0,15,-3,11.76
fold2_room1_mix1163,77,4,0,-169,-3,9.59
fold2_room1_mix1163,77,4,0,155,-13,2.13
fold2_room1_mix1163,77,4,0,13,-1,20.44
fold2_room1_mix1163,78,4,0,-164,-1,9.58
fold2_room1_mix1163,78,4,0,165,-10,2.59
fold2_room1_mix1163,78,4,0,13,0,23.51
fold2_room1_mix1163,79,4,0,-166,0,12.15
fold2_room1_mix1163,79,4,0,164,-7,3.22
fold2_room1_mix1163,79,4,0,10,0,25.77
fold2_room1_mix1163,80,4,0,-168,-1,11.66
fold2_room1_mix1163,80,4,0,168,-7,4.19
fold2_room1_mix1163,80,4,0,9,1,32.69
fold2_room1_mix1163,81,4,0,-168,0,13.11
fold2_room1_mix1163,81,4,0,175,-4,5.64
fold2_room1_mix1163,81,4,0,9,1,31.13
fold2_room1_mix1163,82,4,0,-179,-2,9.36
fold2_room1_mix1163,82,4,0,7,0,22.84
fold2_room1_mix1163,83,4,0,-178,-2,10.92
fold2_room1_mix1163,84,4,0,-177,-1,11.86
fold2_room1_mix1163,84,4,0,3,0,28.03
fold2_room1_mix1163,85,4,0,-178,-1,13.69
fold2_room1_mix1163,86,4,0,-175,0,12.89
fold2_room1_mix1163,86,4,0,3,0,26.79
fold2_room1_mix1163,87,4,0,-176,0,13.73
fold2_room1_mix1163,87,4,0,3,0,29.87
fold2_room1_mix1163,88,4,0,-176,-1,13.94
fold2_room1_mix1163,88,4,0,3,0,30.69
fold2_room1_mix1163,89,4,0,-177,0,15.28
fold2_room1_mix1163,90,4,0,-176,0,15.37
fold2_room1_mix1163,90,4,0,4,0,28.63
fold2_room1_mix1163,91,4,0,-176,0,17.72
fold2_room1_mix1163,91,4,0,4,0,29.03
fold2_room1_mix1163,92,4,0,-175,0,19.38
fold2_room1_mix1163,92,4,0,4,0,32.90
fold2_room1_mix1163,93,4,0,-176,0,18.94
fold2_room1_mix1163,93,4,0,5,0,27.65
fold2_room1_mix1163,94,4,0,-176,0,20.14
fold2_room1_mix1163,95,4,0,-176,0,20.56
fold2_room1_mix1163,96,4,0,-176,0,20.76
fold2_room1_mix1163,96,4,0,5,-1,33.08
fold2_room1_mix1163,97,4,0,-176,0,24.24
fold2_room1_mix1163,98,4,0,-176,0,22.15
fold2_room1_mix1163,99,4,0,-178,0,22.72
fold2_room1_mix1164,0,5,0,15,3,3.79
fold2_room1_mix1164,1,5,0,13,3,10.47
fold2_room1_mix1164,2,5,0,11,2,11.77
fold2_room1_mix1164,3,5,0,14,3,6.74
fold2_room1_mix1164,4,5,0,16,3,5.63
fold2_room1_mix1164,5,5,0,14,3,10.81
fold2_room1_mix1164,6,5,0,17,3,13.04
fold2_room1_mix1164,7,5,0,14,4,10.21
fold2_room1_mix1164,8,5,0,20,3,10.97
fold2_room1_mix1164,9,5,0,15,4,9.81
fold2_room1_mix1164,10,5,0,19,4,10.44
fold2_room1_mix1164,11,5,0,21,3,11.26
fold2_room1_mix1164,12,5,0,16,4,9.69
fold2_room1_mix1164,13,5,0,20,4,9.83
fold2_room1_mix1164,14,5,0,21,4,8.38
fold2_room1_mix1164,15,5,0,19,5,9.08
fold2_room1_mix1164,16,5,0,20,5,7.88
fold2_room1_mix1164,17,4,0,4,1,11.78
fold2_room1_mix1164,17,5,0,19,4,8.72
fold2_room1_mix1164,18,4,0,-1,0,13.92
fold2_room1_mix1164,18,5,0,18,4,9.05
fold2_room1_mix1164,19,4,0,-4,-1,19.70
fold2_room1_mix1164,19,5,0,27,6,6.55
fold2_room1_mix1164,20,4,0,-4,-1,16.37
fold2_room1_mix1164,20,5,0,21,4,7.85
fold2_room1_mix1164,21,4,0,-3,-1,19.72
fold2_room1_mix1164,21,5,0,22,5,7.01
fold2_room1_mix1164,22,4,0,-3,-2,24.13
fold2_room1_mix1164,22,5,0,23,4,8.96
fold2_room1_mix1164,23,4,0,-9,-3,22.40
fold2_room1_mix1164,23,5,0,21,4,8.48
fold2_room1_mix1164,24,4,0,-3,-1,21.55
fold2_room1_mix1164,24,5,0,20,4,9.08
fold2_room1_mix1164,25,4,0,-8,-2,21.81
fold2_room1_mix1164,25,5,0,19,4,7.98
fold2_room1_mix1164,26,4,0,-6,-2,20.19
fold2_room1_mix1164,26,5,0,22,4,9.31
fold2_room1_mix1164,27,4,0,-4,-2,21.13
fold2_room1_mix1164,27,5,0,15,5,8.45
fold2_room1_mix1164,28,4,0,-4,-2,21.56
fold2_room1_mix1164,28,5,0,21,5,7.04
fold2_room1_mix1164,29,4,0,-7,-1,21.15
fold2_room1_mix1164,29,5,0,22,5,8.08
fold2_room1_mix1164,30,4,0,-4,-2,20.34
fold2_room1_mix1164,30,5,0,19,4,9.03
fold2_room1_mix1164,31,4,0,-6,-2,20.16
fold2_room1_mix1164,31,5,0,20,4,8.31
fold2_room1_mix1164,32,4,0,-6,-2,17.45
fold2_room1_mix1164,32,5,0,22,5,7.49
fold2_room1_mix1164,33,4,0,-6,-2,19.24
fold2_room1_mix1164,33,5,0,22,7,5.86
fold2_room1_mix1164,34,4,0,-7,-2,16.90
fold2_room1_mix1164,34,5,0,23,4,8.52
fold2_room1_mix1164,35,4,0,-9,-3,16.05
fold2_room1_mix1164,35,5,0,22,6,7.46
fold2_room1_mix1164,36,4,0,-7,-3,14.09
fold2_room1_mix1164,36,5,0,23,5,7.35
fold2_room1_mix1164,37,4,0,-8,-3,14.23
fold2_room1_mix1164,37,5,0,24,6,7.04
fold2_room1_mix1164,38,4,0,-15,-3,13.47
fold2_room1_mix1164,38,5,0,23,6,6.72
fold2_room1_mix1164,39,4,0,-14,-4,12.29
fold2_room1_mix1164,39,5,0,26,7,6.25
fold2_room1_mix1164,40,4,0,-15,-4,12.07
fold2_room1_mix1164,40,5,0,27,6,7.50
fold2_room1_mix1164,41,4,0,-14,-4,10.85
fold2_room1_mix1164,41,5,0,27,8,5.64
fold2_room1_mix1164,42,4,0,-14,-5,10.47
fold2_room1_mix1164,42,5,0,29,9,5.12
fold2_room1_mix1164,43,4,0,-20,-4,9.19
fold2_room1_mix1164,43,5,0,25,9,5.09
fold2_room1_mix1164,44,4,0,178,-3,12.72
fold2_room1_mix1164,44,4,0,-20,-4,7.89
fold2_room1_mix1164,44,5,0,34,11,4.32
fold2_room1_mix1164,45,4,0,-21,-5,7.62
fold2_room1_mix1164,45,5,0,29,11,4.91
fold2_room1_mix1164,46,4,0,-171,-5,12.27
fold2_room1_mix1164,46,4,0,-23,-5,7.39
fold2_room1_mix1164,46,5,0,26,16,3.10
fold2_room1_mix1164,47,4,0,-179,-1,16.59
fold2_room1_mix1164,47,4,0,-25,-5,6.47
fold2_room1_mix1164,47,5,0,28,13,3.84
fold2_room1_mix1164,48,4,0,175,-2,13.22
fold2_room1_mix1164,48,4,0,-25,-5,5.95
fold2_room1_mix1164,48,5,0,35,12,3.96
fold2_room1_mix1164,49,4,0,179,-1,15.92
fold2_room1_mix1164,49,4,0,-28,-6,5.65
fold2_room1_mix1164,49,5,0,29,14,3.38
fold2_room1_mix1164,50,4,0,-179,-1,16.28
fold2_room1_mix1164,50,4,0,-28,-6,5.52
fold2_room1_mix1164,50,5,0,29,12,3.90
fold2_room1_mix1164,51,4,0,-174,-2,13.90
fold2_room1_mix1164,51,4,0,-28,-7,4.85
fold2_room1_mix1164,51,5,0,30,15,3.07
fold2_room1_mix1164,52,4,0,-179,-1,17.89
fold2_room1_mix1164,52,4,0,-37,-8,4.14
fold2_room1_mix1164,52,5,0,32,15,2.98
fold2_room1_mix1164,53,4,0,-174,-3,16.27
fold2_room1_mix1164,53,4,0,-37,-10,4.14
fold2_room1_mix1164,53,5,0,31,13,3.51
fold2_room1_mix1164,54,4,0,-172,-2,16.87
fold2_room1_mix1164,54,4,0,-41,-10,3.83
fold2_room1_mix1164,54,5,0,31,15,3.00
fold2_room1_mix1164,55,4,0,-171,-2,18.89
fold2_room1_mix1164,55,4,0,-45,-12,3.55
fold2_room1_mix1164,55,5,0,36,14,3.16
fold2_room1_mix1164,56,4,0,-167,-2,17.09
fold2_room1_mix1164,56,4,0,-49,-12,3.23
fold2_room1_mix1164,56,5,0,39,14,3.07
fold2_room1_mix1164,57,4,0,-156,-3,16.38
fold2_room1_mix1164,57,4,0,-61,-13,3.37
fold2_room1_mix1164,57,5,0,37,15,2.94
fold2_room1_mix1164,58,4,0,-172,-2,17.85
fold2_room1_mix1164,58,4,0,-78,-17,2.95
fold2_room1_mix1164,58,5,0,39,16,3.18
fold2_room1_mix1164,59,4,0,-169,-1,17.78
fold2_room1_mix1164,59,4,0,-86,-14,3.01
fold2_room1_mix1164,59,5,0,35,17,3.08
fold2_room1_mix1164,60,4,0,179,-2,18.51
fold2_room1_mix1164,60,4,0,-99,-17,3.02
fold2_room1_mix1164,60,5,0,40,17,2.76
fold2_room1_mix1164,61,4,0,-179,-4,12.62
fold2_room1_mix1164,61,4,0,-113,-15,2.83
fold2_room1_mix1164,61,5,0,41,17,2.95
fold2_room1_mix1164,62,4,0,174,-4,10.70
fold2_room1_mix1164,62,4,0,-131,-11,3.25
fold2_room1_mix1164,62,5,0,39,23,2.22
fold2_room1_mix1164,63,4,0,176,-5,10.12
fold2_room1_mix1164,63,4,0,-129,-11,3.26
fold2_room1_mix1164,63,4,0,-154,-13,4.05
fold2_room1_mix1164,63,5,0,42,24,2.15
fold2_room1_mix1164,64,4,0,-129,-7,3.42
fold2_room1_mix1164,64,4,0,123,-4,6.86
fold2_room1_mix1164,64,5,0,39,24,2.08
fold2_room1_mix1164,65,4,0,-130,-7,3.52
fold2_room1_mix1164,65,4,0,105,-5,6.56
fold2_room1_mix1164,65,5,0,44,26,1.73
fold2_room1_mix1164,66,4,0,-137,-6,3.61
fold2_room1_mix1164,66,4,0,102,-4,6.96
fold2_room1_mix1164,66,5,0,45,25,1.76
fold2_room1_mix1164,67,4,0,-137,-6,3.23
fold2_room1_mix1164,67,4,0,104,-3,5.94
fold2_room1_mix1164,67,5,0,49,27,1.80
fold2_room1_mix1164,68,4,0,-144,-5,4.79
fold2_room1_mix1164,68,4,0,89,-3,6.99
fold2_room1_mix1164,68,5,0,49,23,2.13
fold2_room1_mix1164,69,4,0,-142,-5,4.67
fold2_room1_mix1164,69,4,0,102,-4,6.63
fold2_room1_mix1164,69,5,0,47,25,2.01
fold2_room1_mix1164,70,4,0,-140,-4,5.01
fold2_room1_mix1164,70,4,0,98,-4,6.34
fold2_room1_mix1164,70,5,0,53,25,2.07
fold2_room1_mix1164,71,4,0,-148,-3,6.36
fold2_room1_mix1164,71,4,0,95,-3,7.32
fold2_room1_mix1164,71,5,0,56,25,1.99
fold2_room1_mix1164,72,4,0,-146,-2,6.92
fold2_room1_mix1164,72,4,0,98,-2,7.75
fold2_room1_mix1164,72,5,0,59,25,1.97
fold2_room1_mix1164,73,4,0,-147,-2,7.69
fold2_room1_mix1164,73,4,0,94,-3,7.75
fold2_room1_mix1164,73,5,0,59,25,2.19
fold2_room1_mix1164,74,4,0,-152,-2,8.21
fold2_room1_mix1164,74,4,0,87,-3,8.49
fold2_room1_mix1164,74,5,0,74,25,2.08
fold2_room1_mix1164,75,4,0,-156,-1,8.89
fold2_room1_mix1164,75,4,0,81,-2,8.32
fold2_room1_mix1164,75,5,0,82,28,1.83
fold2_room1_mix1164,76,4,0,-157,-1,9.82
fold2_room1_mix1164,76,4,0,77,-3,8.75
fold2_room1_mix1164,76,5,0,83,24,1.97
fold2_room1_mix1164,77,4,0,-162,-1,10.19
fold2_room1_mix1164,77,4,0,74,-2,9.12
fold2_room1_mix1164,77,5,0,87,20,2.43
fold2_room1_mix1164,78,4,0,-163,-1,10.73
fold2_room1_mix1164,78,4,0,74,-2,9.51
fold2_room1_mix1164,78,5,0,96,25,1.80
fold2_room1_mix1164,79,4,0,-166,-2,10.17
fold2_room1_mix1164,79,4,0,80,-3,9.80
fold2_room1_mix1164,79,5,0,95,24,1.96
fold2_room1_mix1164,80,4,0,-171,-1,11.45
fold2_room1_mix1164,80,4,0,78,-2,10.97
fold2_room1_mix1164,80,5,0,89,21,2.38
fold2_room1_mix1164,81,4,0,-174,-1,12.05
fold2_room1_mix1164,81,4,0,83,-3,11.04
fold2_room1_mix1164,81,5,0,107,22,2.12
fold2_room1_mix1164,82,4,0,-173,-1,12.50
fold2_room1_mix1164,82,4,0,67,-3,11.42
fold2_room1_mix1164,82,5,0,97,20,2.37
fold2_room1_mix1164,83,4,0,179,-1,13.51
fold2_room1_mix1164,83,4,0,77,-3,11.79
fold2_room1_mix1164,83,5,0,110,20,2.48
fold2_room1_mix1164,84,4,0,179,-1,14.23
fold2_room1_mix1164,84,4,0,56,-2,12.17
fold2_room1_mix1164,84,5,0,112,21,2.43
fold2_room1_mix1164,85,4,0,170,-1,15.31
fold2_room1_mix1164,85,4,0,53,-2,13.06
fold2_room1_mix1164,85,5,0,118,20,2.43
fold2_room1_mix1164,86,4,0,176,-1,15.78
fold2_room1_mix1164,86,4,0,48,-2,13.40
fold2_room1_mix1164,86,5,0,125,20,2.41
fold2_room1_mix1164,87,4,0,168,-1,17.27
fold2_room1_mix1164,87,4,0,47,-2,14.63
fold2_room1_mix1164,87,5,0,123,19,2.53
fold2_room1_mix1164,88,4,0,165,0,18.64
fold2_room1_mix1164,88,4,0,44,-1,14.82
fold2_room1_mix1164,88,5,0,128,19,2.73
fold2_room1_mix1164,89,4,0,166,0,18.37
fold2_room1_mix1164,89,4,0,39,-1,15.61
fold2_room1_mix1164,89,5,0,132,17,2.86
fold2_room1_mix1164,90,4,0,165,-1,17.76
fold2_room1_mix1164,90,4,0,35,-1,15.40
fold2_room1_mix1164,90,5,0,131,16,3.08
fold2_room1_mix1164,91,4,0,141,-1,18.77
fold2_room1_mix1164,91,4,0,37,0,16.41
fold2_room1_mix1164,91,5,0,135,17,2.91
fold2_room1_mix1164,92,4,0,159,-1,18.71
fold2_room1_mix1164,92,4,0,34,-1,16.52
fold2_room1_mix1164,92,5,0,135,18,2.68
fold2_room1_mix1164,93,4,0,158,0,18.72
fold2_room1_mix1164,93,4,0,33,-1,16.34
fold2_room1_mix1164,93,5,0,134,15,3.05
fold2_room1_mix1164,94,4,0,154,-1,18.43
fold2_room1_mix1164,94,4,0,35,-1,16.62
fold2_room1_mix1164,94,5,0,137,16,2.91
fold2_room1_mix1164,95,4,0,147,0,14.89
fold2_room1_mix1164,95,4,0,51,0,14.02
fold2_room1_mix1164,95,5,0,135,16,3.02
fold2_room1_mix1164,96,4,0,36,0,16.53
fold2_room1_mix1164,96,5,0,141,12,3.53
fold2_room1_mix1164,97,4,0,138,-1,20.00
fold2_room1_mix1164,97,4,0,31,-1,17.47
fold2_room1_mix1164,97,4,0,60,-1,17.86
fold2_room1_mix1164,97,5,0,144,13,3.41
fold2_room1_mix1164,98,5,0,142,12,3.53
fold2_room1_mix1164,99,4,0,152,0,10.42
fold2_room1_mix1164,99,5,0,143,12,3.61
fold2_room1_mix1165,12,4,0,179,0,6.82
fold2_room1_mix1165,13,4,0,178,0,4.38
fold2_room1_mix1165,14,4,0,178,0,10.40
fold2_room1_mix1165,15,4,0,-179,0,11.78
fold2_room1_mix1165,16,4,0,-175,-1,18.32
fold2_room1_mix1165,17,4,0,-176,-1,15.91
fold2_room1_mix1165,18,4,0,-174,-1,16.99
fold2_room1_mix1165,19,4,0,-175,-1,16.74
fold2_room1_mix1165,20,4,0,-173,-1,17.59
fold2_room1_mix1165,21,4,0,-173,-1,17.31
fold2_room1_mix1165,22,4,0,-173,-1,16.78
fold2_room1_mix1165,23,4,0,-170,-1,14.95
fold2_room1_mix1165,24,4,0,-169,-1,15.83
fold2_room1_mix1165,25,4,0,-170,-2,14.95
fold2_room1_mix1165,26,4,0,-169,-2,13.21
fold2_room1_mix1165,27,4,0,-172,-2,14.03
fold2_room1_mix1165,28,4,0,-169,-2,13.39
fold2_room1_mix1165,29,4,0,-170,-2,12.06
fold2_room1_mix1165,30,4,0,-172,-2,12.03
fold2_room1_mix1165,31,4,0,-169,-2,11.60
fold2_room1_mix1165,32,4,0,-169,-3,10.80
fold2_room1_mix1165,33,4,0,-168,-3,10.34
fold2_room1_mix1165,34,4,0,-169,-3,9.62
fold2_room1_mix1165,35,4,0,-167,-3,8.69
fold2_room1_mix1165,36,4,0,-167,-3,8.54
fold2_room1_mix1165,37,4,0,-166,-3,8.18
fold2_room1_mix1165,38,4,0,-164,-4,7.95
fold2_room1_mix1165,39,4,0,-160,-4,7.06
fold2_room1_mix1165,40,4,0,-159,-6,6.69
fold2_room1_mix1165,41,4,0,-156,-6,5.81
fold2_room1_mix1165,42,4,0,-154,-6,5.78
fold2_room1_mix1165,43,4,0,-150,-8,5.03
fold2_room1_mix1165,44,4,0,-146,-8,4.84
fold2_room1_mix1165,45,4,0,-142,-9,4.33
fold2_room1_mix1165,46,4,0,-149,-7,7.31
fold2_room1_mix1165,46,4,0,-119,-13,2.85
fold2_room1_mix1165,47,4,0,-137,-4,8.08
fold2_room1_mix1165,47,4,0,-90,-14,1.85
fold2_room1_mix1165,48,4,0,-143,-3,9.61
fold2_room1_mix1165,48,4,0,-62,-13,1.85
fold2_room1_mix1165,49,4,0,-155,-1,11.50
fold2_room1_mix1165,49,4,0,-45,-9,2.35
fold2_room1_mix1165,50,4,0,-154,-1,12.68
fold2_room1_mix1165,50,4,0,-37,-8,3.11
fold2_room1_mix1165,51,4,0,-157,-1,11.95
fold2_room1_mix1165,51,4,0,-29,-7,3.62
fold2_room1_mix1165,52,4,0,-158,-1,14.21
fold2_room1_mix1165,52,4,0,-25,-6,4.57
fold2_room1_mix1165,53,4,0,-157,-1,14.74
fold2_room1_mix1165,53,4,0,-22,-6,4.62
fold2_room1_mix1165,54,4,0,-142,0,14.43
fold2_room1_mix1165,54,4,0,-20,-6,4.73
fold2_room1_mix1165,55,4,0,-142,0,15.12
fold2_room1_mix1165,55,4,0,-20,-5,5.31
fold2_room1_mix1165,56,4,0,-143,0,15.41
fold2_room1_mix1165,56,4,0,-18,-5,6.25
fold2_room1_mix1165,57,4,0,-116,-1,12.13
fold2_room1_mix1165,57,4,0,-16,-5,6.28
fold2_room1_mix1165,58,4,0,-118,-1,11.91
fold2_room1_mix1165,58,4,0,-16,-4,7.03
fold2_room1_mix1165,59,4,0,-112,-2,11.31
fold2_room1_mix1165,59,4,0,-12,-4,8.24
fold2_room1_mix1165,60,4,0,-127,-1,10.94
fold2_room1_mix1165,60,4,0,-15,-3,8.69
fold2_room1_mix1165,61,4,0,-115,-2,11.60
fold2_room1_mix1165,61,4,0,-12,-3,9.10
fold2_room1_mix1165,62,4,0,-113,-2,11.43
fold2_room1_mix1165,62,4,0,-13,-4,9.28
fold2_room1_mix1165,63,4,0,-113,-2,11.83
fold2_room1_mix1165,63,4,0,-12,-3,10.41
fold2_room1_mix1165,64,4,0,-119,-2,12.94
fold2_room1_mix1165,64,4,0,-12,-3,11.46
fold2_room1_mix1165,65,4,0,-108,-1,14.58
fold2_room1_mix1165,65,4,0,-8,-3,11.70
fold2_room1_mix1165,66,4,0,-125,-2,14.17
fold2_room1_mix1165,66,4,0,-11,-3,12.08
fold2_room1_mix1165,67,4,0,-128,-1,14.16
fold2_room1_mix1165,67,4,0,-10,-2,12.66
fold2_room1_mix1165,68,4,0,-127,-1,14.41
fold2_room1_mix1165,68,4,0,-10,-3,12.98
fold2_room1_mix1165,69,4,0,-145,-2,13.99
fold2_room1_mix1165,69,4,0,-12,-3,13.13
fold2_room1_mix1165,70,4,0,-146,-1,14.10
fold2_room1_mix1165,70,4,0,-12,-2,14.25
fold2_room1_mix1165,71,4,0,-151,-2,12.52
fold2_room1_mix1165,71,4,0,-11,-2,14.47
fold2_room1_mix1165,72,4,0,-149,-2,11.71
fold2_room1_mix1165,72,4,0,-11,-2,14.56
fold2_room1_mix1165,73,4,0,-151,-2,12.22
fold2_room1_mix1165,73,4,0,-11,-2,14.31
fold2_room1_mix1165,74,4,0,-154,-3,10.88
fold2_room1_mix1165,74,4,0,-12,-3,13.86
fold2_room1_mix1165,75,4,0,-154,-3,9.22
fold2_room1_mix1165,75,4,0,-11,-2,14.89
fold2_room1_mix1165,76,4,0,-155,-5,7.55
fold2_room1_mix1165,76,4,0,-15,-3,14.35
fold2_room1_mix1165,77,4,0,-156,-8,5.18
fold2_room1_mix1165,77,4,0,-19,-2,16.34
fold2_room1_mix1165,78,4,0,-156,-8,5.00
fold2_room1_mix1165,78,4,0,-18,-1,19.75
fold2_room1_mix1165,79,4,0,-157,-10,4.20
fold2_room1_mix1165,79,4,0,-18,-1,18.41
fold2_room1_mix1165,80,4,0,-155,-11,3.40
fold2_room1_mix1165,80,4,0,-20,0,20.04
fold2_room1_mix1165,81,4,0,-141,-15,2.31
fold2_room1_mix1165,81,4,0,-41,-3,17.60
fold2_room1_mix1165,82,4,0,-129,-15,1.97
fold2_room1_mix1165,82,4,0,-100,-13,5.97
fold2_room1_mix1165,82,4,0,-38,-2,18.76
fold2_room1_mix1165,83,4,0,-112,-18,2.11
fold2_room1_mix1165,83,4,0,-91,-18,3.92
fold2_room1_mix1165,83,4,0,-45,-3,16.08
fold2_room1_mix1165,84,4,0,-82,-15,3.29
fold2_room1_mix1165,84,4,0,-51,-5,11.71
fold2_room1_mix1165,85,4,0,-55,-12,5.20
fold2_room1_mix1165,86,4,0,-43,-9,6.07
fold2_room1_mix1165,87,4,0,-37,-8,5.21
fold2_room1_mix1165,88,4,0,-31,-8,5.65
fold2_room1_mix1165,89,4,0,-25,-7,6.14
fold2_room1_mix1165,90,4,0,-23,-6,6.15
fold2_room1_mix1165,91,4,0,-17,-6,7.05
fold2_room1_mix1165,92,4,0,-17,-5,7.35
fold2_room1_mix1165,93,4,0,-17,-4,7.57
fold2_room1_mix1165,94,4,0,-16,-4,8.93
fold2_room1_mix1165,95,4,0,-15,-3,9.66
fold2_room1_mix1165,96,4,0,-14,-3,9.55
fold2_room1_mix1165,97,4,0,-13,-3,10.86
fold2_room1_mix1165,98,4,0,-10,-3,12.60
fold2_room1_mix1165,99,4,0,-13,-3,12.36
fold2_room1_mix1166,31,4,0,-4,-1,15.75
fold2_room1_mix1166,32,4,0,0,0,17.82
fold2_room1_mix1166,34,4,0,-1,-1,14.68
fold2_room1_mix1166,35,4,0,0,-1,16.87
fold2_room1_mix1166,36,4,0,5,-1,18.48
fold2_room1_mix1166,37,4,0,5,-1,18.33
fold2_room1_mix1166,38,4,0,3,-1,18.60
fold2_room1_mix1166,39,4,0,3,-2,17.44
fold2_room1_mix1166,40,4,0,3,-2,18.49
fold2_room1_mix1166,41,4,0,3,-2,16.63
fold2_room1_mix1166,43,4,0,2,-2,16.72
fold2_room1_mix1166,46,4,0,163,-2,21.43
fold2_room1_mix1166,46,4,0,2,-2,15.06
fold2_room1_mix1166,47,4,0,157,-4,18.34
fold2_room1_mix1166,47,4,0,0,-2,14.90
fold2_room1_mix1166,48,4,0,165,-2,19.63
fold2_room1_mix1166,48,4,0,2,-2,14.24
fold2_room1_mix1166,49,4,0,163,-3,17.48
fold2_room1_mix1166,49,4,0,2,-3,13.19
fold2_room1_mix1166,50,4,0,165,-2,19.43
fold2_room1_mix1166,50,4,0,3,-3,12.88
fold2_room1_mix1166,51,4,0,165,-2,16.60
fold2_room1_mix1166,51,4,0,1,-3,11.63
fold2_room1_mix1166,52,4,0,167,-1,17.66
fold2_room1_mix1166,52,4,0,1,-3,11.13
fold2_room1_mix1166,53,4,0,165,-1,17.29
fold2_room1_mix1166,53,4,0,0,-3,10.54
fold2_room1_mix1166,54,4,0,166,-1,15.35
fold2_room1_mix1166,54,4,0,1,-4,9.51
fold2_room1_mix1166,55,4,0,166,-2,14.89
fold2_room1_mix1166,55,4,0,0,-4,8.88
fold2_room1_mix1166,56,4,0,159,-2,13.58
fold2_room1_mix1166,56,4,0,2,-4,8.35
fold2_room1_mix1166,57,4,0,160,-2,13.59
fold2_room1_mix1166,57,4,0,1,-5,7.60
fold2_room1_mix1166,58,4,0,156,-2,12.17
fold2_room1_mix1166,58,4,0,2,-5,6.26
fold2_room1_mix1166,59,4,0,157,-2,12.83
fold2_room1_mix1166,59,4,0,0,-6,6.13
fold2_room1_mix1166,60,4,0,149,-2,11.31
fold2_room1_mix1166,60,4,0,0,-7,5.56
fold2_room1_mix1166,61,4,0,145,-3,10.31
fold2_room1_mix1166,61,4,0,0,-7,4.66
fold2_room1_mix1166,62,4,0,145,-3,9.89
fold2_room1_mix1166,62,4,0,-4,-9,4.10
fold2_room1_mix1166,63,4,0,143,-4,9.79
fold2_room1_mix1166,63,4,0,-6,-10,3.70
fold2_room1_mix1166,64,4,0,144,-3,9.02
fold2_room1_mix1166,64,4,0,-11,-11,3.21
fold2_room1_mix1166,65,4,0,131,-3,9.88
fold2_room1_mix1166,65,4,0,-13,-13,2.76
fold2_room1_mix1166,66,4,0,127,-3,8.79
fold2_room1_mix1166,66,4,0,-21,-17,2.17
fold2_room1_mix1166,67,4,0,125,-4,7.84
fold2_room1_mix1166,67,4,0,-33,-22,1.58
fold2_room1_mix1166,68,4,0,115,-4,7.35
fold2_room1_mix1166,68,4,0,-82,-30,1.19
fold2_room1_mix1166,69,4,0,137,-5,5.80
fold2_room1_mix1166,69,4,0,-130,-19,1.15
fold2_room1_mix1166,69,4,0,171,-23,3.55
fold2_room1_mix1166,70,4,0,-157,-11,2.51
fold2_room1_mix1166,70,4,0,117,-2,7.24
fold2_room1_mix1166,71,4,0,-158,-10,2.22
fold2_room1_mix1166,71,4,0,103,-4,5.94
fold2_room1_mix1166,72,4,0,-177,-11,2.44
fold2_room1_mix1166,72,4,0,98,-4,6.44
fold2_room1_mix1166,73,4,0,-173,-8,3.18
fold2_room1_mix1166,73,4,0,90,-5,6.13
fold2_room1_mix1166,74,4,0,-159,-8,3.20
fold2_room1_mix1166,74,4,0,88,-4,6.12
fold2_room1_mix1166,74,4,0,71,-4,7.42
fold2_room1_mix1166,75,4,0,-163,-6,4.45
fold2_room1_mix1166,75,4,0,67,-5,6.01
fold2_room1_mix1166,76,4,0,-165,-5,4.87
fold2_room1_mix1166,76,4,0,60,-5,6.22
fold2_room1_mix1166,77,4,0,-163,-4,5.57
fold2_room1_mix1166,77,4,0,57,-4,6.74
fold2_room1_mix1166,78,4,0,-164,-4,6.87
fold2_room1_mix1166,78,4,0,57,-4,7.53
fold2_room1_mix1166,79,4,0,-168,-3,8.13
fold2_room1_mix1166,79,4,0,49,-4,8.00
fold2_room1_mix1166,80,4,0,-163,-3,7.54
fold2_room1_mix1166,80,4,0,41,-3,8.44
fold2_room1_mix1166,81,4,0,-166,-3,8.93
fold2_room1_mix1166,81,4,0,44,-3,9.58
fold2_room1_mix1166,82,4,0,-167,-3,9.94
fold2_room1_mix1166,82,4,0,41,-3,11.06
fold2_room1_mix1166,83,4,0,-170,-3,9.88
fold2_room1_mix1166,83,4,0,40,-2,11.03
fold2_room1_mix1166,84,4,0,-170,-3,9.80
fold2_room1_mix1166,84,4,0,46,-2,11.19
fold2_room1_mix1166,84,4,0,28,-1,13.48
fold2_room1_mix1166,85,4,0,-172,-2,10.76
fold2_room1_mix1166,85,4,0,35,-1,13.46
fold2_room1_mix1166,86,4,0,-174,-2,11.03
fold2_room1_mix1166,86,4,0,34,-2,14.02
fold2_room1_mix1166,87,4,0,-173,-2,11.21
fold2_room1_mix1166,87,4,0,30,-1,13.83
fold2_room1_mix1166,88,4,0,-171,-2,12.39
fold2_room1_mix1166,88,4,0,34,-1,16.14
fold2_room1_mix1166,89,4,0,-172,-2,12.37
fold2_room1_mix1166,89,4,0,32,-1,16.25
fold2_room1_mix1166,90,4,0,-178,-2,13.38
fold2_room1_mix1166,90,4,0,28,0,20.86
fold2_room1_mix1166,91,4,0,-177,-2,14.52
fold2_room1_mix1166,91,4,0,29,0,22.09
fold2_room1_mix1166,92,4,0,-176,-1,15.10
fold2_room1_mix1166,92,4,0,27,0,21.87
fold2_room1_mix1166,93,4,0,-176,-1,14.14
fold2_room1_mix1166,93,4,0,31,0,20.61
fold2_room1_mix1166,94,4,0,-176,-1,16.77
fold2_room1_mix1166,95,4,0,-175,-1,16.51
fold2_room1_mix1166,96,4,0,-174,0,16.86
fold2_room1_mix1166,97,4,0,-173,0,17.91
fold2_room1_mix1166,98,4,0,178,0,19.28
fold2_room1_mix1166,99,4,0,-174,0,18.29
fold2_room1_mix1166,99,4,0,166,-1,19.70
fold2_room1_mix1166,42,4,0,0,-2,17.44
fold2_room1_mix1166,44,4,0,2,-2,16.30
fold2_room1_mix1166,45,4,0,1,-2,14.90
fold2_room1_mix1166,30,4,0,-6,0,6.62
fold2_room1_mix1166,33,4,0,0,0,7.55
fold2_room1_mix1167,23,4,0,174,0,7.50
fold2_room1_mix1167,24,4,0,175,0,6.88
fold2_room1_mix1167,25,4,0,176,-1,17.69
fold2_room1_mix1167,26,4,0,171,-1,13.60
fold2_room1_mix1167,27,4,0,173,-1,16.81
fold2_room1_mix1167,28,4,0,173,-1,16.65
fold2_room1_mix1167,29,4,0,175,-1,16.33
fold2_room1_mix1167,30,4,0,172,-2,16.56
fold2_room1_mix1167,31,4,0,176,-1,16.17
fold2_room1_mix1167,32,4,0,176,-2,15.42
fold2_room1_mix1167,33,4,0,173,-2,15.21
fold2_room1_mix1167,34,4,0,175,-2,15.78
fold2_room1_mix1167,35,4,0,177,-2,15.54
fold2_room1_mix1167,36,4,0,176,-2,14.58
fold2_room1_mix1167,37,4,0,178,-2,14.62
fold2_room1_mix1167,38,4,0,175,-2,13.86
fold2_room1_mix1167,39,4,0,175,-2,12.87
fold2_room1_mix1167,40,4,0,176,-2,13.38
fold2_room1_mix1167,41,4,0,175,-2,11.76
fold2_room1_mix1167,42,4,0,173,-3,10.72
fold2_room1_mix1167,43,4,0,174,-3,10.82
fold2_room1_mix1167,44,4,0,173,-3,9.76
fold2_room1_mix1167,45,4,0,170,-3,9.15
fold2_room1_mix1167,46,4,0,171,-4,8.59
fold2_room1_mix1167,47,4,0,169,-4,8.15
fold2_room1_mix1167,48,4,0,167,-4,7.21
fold2_room1_mix1167,49,4,0,169,-5,6.76
fold2_room1_mix1167,50,4,0,166,-6,6.10
fold2_room1_mix1167,51,4,0,167,-6,5.55
fold2_room1_mix1167,52,4,0,167,-8,5.11
fold2_room1_mix1167,53,4,0,176,-6,6.28
fold2_room1_mix1167,53,4,0,158,-8,4.40
fold2_room1_mix1167,54,4,0,176,-8,6.27
fold2_room1_mix1167,54,4,0,154,-11,3.69
fold2_room1_mix1167,55,4,0,172,-11,6.03
fold2_room1_mix1167,55,4,0,145,-15,2.93
fold2_room1_mix1167,56,4,0,170,-14,6.37
fold2_room1_mix1167,56,4,0,135,-19,2.50
fold2_room1_mix1167,57,4,0,155,-17,6.07
fold2_room1_mix1167,57,4,0,117,-23,2.03
fold2_room1_mix1167,58,4,0,138,-20,5.77
fold2_room1_mix1167,58,4,0,84,-25,1.92
fold2_room1_mix1167,59,4,0,-168,-5,10.27
fold2_room1_mix1167,59,4,0,60,-21,2.27
fold2_room1_mix1167,60,4,0,-170,-4,8.72
fold2_room1_mix1167,60,4,0,42,-16,2.32
fold2_room1_mix1167,61,4,0,-165,-5,6.69
fold2_room1_mix1167,61,4,0,31,-12,2.98
fold2_room1_mix1167,62,4,0,-171,-6,6.42
fold2_room1_mix1167,62,4,0,23,-10,3.60
fold2_room1_mix1167,63,4,0,-166,-5,6.53
fold2_room1_mix1167,63,4,0,23,-11,3.85
fold2_room1_mix1167,64,4,0,-166,-6,6.05
fold2_room1_mix1167,64,4,0,21,-9,4.30
fold2_room1_mix1167,65,4,0,-160,-5,5.98
fold2_room1_mix1167,65,4,0,15,-7,4.75
fold2_room1_mix1167,66,4,0,-163,-5,5.67
fold2_room1_mix1167,66,4,0,14,-6,5.66
fold2_room1_mix1167,67,4,0,-158,-5,5.08
fold2_room1_mix1167,67,4,0,14,-6,5.80
fold2_room1_mix1167,68,4,0,-154,-5,4.53
fold2_room1_mix1167,68,4,0,12,-5,5.93
fold2_room1_mix1167,69,4,0,-150,-7,4.36
fold2_room1_mix1167,69,4,0,10,-5,6.68
fold2_room1_mix1167,70,4,0,-148,-6,4.36
fold2_room1_mix1167,70,4,0,10,-5,6.79
fold2_room1_mix1167,71,4,0,-143,-9,3.54
fold2_room1_mix1167,71,4,0,9,-5,7.48
fold2_room1_mix1167,72,4,0,-138,-10,3.06
fold2_room1_mix1167,72,4,0,7,-4,9.05
fold2_room1_mix1167,73,4,0,-136,-10,2.73
fold2_room1_mix1167,73,4,0,5,-4,8.68
fold2_room1_mix1167,74,4,0,-123,-13,2.12
fold2_room1_mix1167,74,4,0,3,-3,9.08
fold2_room1_mix1167,75,4,0,-99,-15,1.94
fold2_room1_mix1167,75,4,0,-1,-4,9.09
fold2_room1_mix1167,76,4,0,-87,-16,1.65
fold2_room1_mix1167,76,4,0,0,-4,9.14
fold2_room1_mix1167,77,4,0,-64,-16,1.48
fold2_room1_mix1167,77,4,0,0,-3,9.90
fold2_room1_mix1167,78,4,0,-48,-12,1.91
fold2_room1_mix1167,78,4,0,-1,-3,9.46
fold2_room1_mix1167,79,4,0,-37,-11,2.18
fold2_room1_mix1167,79,4,0,-3,-3,9.02
fold2_room1_mix1167,80,4,0,-35,-9,2.53
fold2_room1_mix1167,80,4,0,-5,-3,8.35
fold2_room1_mix1167,81,4,0,-28,-8,2.87
fold2_room1_mix1167,81,4,0,-3,-3,8.94
fold2_room1_mix1167,82,4,0,-12,-5,6.47
fold2_room1_mix1167,83,4,0,-10,-4,6.96
fold2_room1_mix1167,84,4,0,-11,-3,6.77
fold2_room1_mix1167,85,4,0,-7,-3,7.90
fold2_room1_mix1167,86,4,0,-9,-3,7.02
fold2_room1_mix1167,87,4,0,-7,-3,7.57
fold2_room1_mix1167,88,4,0,-8,-3,7.51
fold2_room1_mix1167,89,4,0,-8,-3,8.03
fold2_room1_mix1167,90,4,0,-8,-3,8.21
fold2_room1_mix1167,91,4,0,-7,-3,8.89
fold2_room1_mix1167,92,4,0,-8,-3,8.72
fold2_room1_mix1167,93,4,0,-7,-3,9.39
fold2_room1_mix1167,94,4,0,-6,-3,10.34
fold2_room1_mix1167,95,4,0,-6,-3,10.13
fold2_room1_mix1167,96,4,0,-5,-3,10.45
fold2_room1_mix1167,97,4,0,-4,-3,10.89
fold2_room1_mix1167,98,4,0,-3,-3,11.58
fold2_room1_mix1167,99,4,0,-5,-3,10.80
fold2_room1_mix1169,42,4,0,-2,0,11.50
fold2_room1_mix1169,43,4,0,-4,0,18.65
fold2_room1_mix1169,44,4,0,-5,0,16.52
fold2_room1_mix1169,45,4,0,-3,0,21.32
fold2_room1_mix1169,46,4,0,-3,0,24.13
fold2_room1_mix1169,47,4,0,-4,-1,22.73
fold2_room1_mix1169,48,4,0,-4,-1,22.08
fold2_room1_mix1169,49,4,0,-3,-1,22.55
fold2_room1_mix1169,50,4,0,-3,-1,21.11
fold2_room1_mix1169,51,4,0,-5,-1,21.97
fold2_room1_mix1169,52,4,0,-3,-1,19.99
fold2_room1_mix1169,53,4,0,-3,-1,19.83
fold2_room1_mix1169,54,4,0,-4,-1,19.48
fold2_room1_mix1169,55,4,0,-4,-1,18.81
fold2_room1_mix1169,56,4,0,-5,-1,17.49
fold2_room1_mix1169,57,4,0,-5,-1,17.00
fold2_room1_mix1169,58,4,0,-5,-1,16.53
fold2_room1_mix1169,59,4,0,-6,-2,15.46
fold2_room1_mix1169,60,4,0,-8,-2,14.28
fold2_room1_mix1169,61,4,0,-10,-2,13.68
fold2_room1_mix1169,62,4,0,-11,-2,12.29
fold2_room1_mix1169,63,4,0,-10,-3,10.87
fold2_room1_mix1169,64,4,0,-15,-3,10.30
fold2_room1_mix1169,65,4,0,-15,-3,9.76
fold2_room1_mix1169,66,4,0,-16,-3,9.14
fold2_room1_mix1169,67,4,0,-20,-3,8.18
fold2_room1_mix1169,68,4,0,-21,-4,7.33
fold2_room1_mix1169,69,4,0,-26,-4,5.87
fold2_room1_mix1169,70,4,0,-29,-5,5.25
fold2_room1_mix1169,71,4,0,-37,-6,4.26
fold2_room1_mix1169,72,4,0,-45,-6,3.32
fold2_room1_mix1169,73,4,0,-57,-8,3.02
fold2_room1_mix1169,74,4,0,-76,-8,2.77
fold2_room1_mix1169,75,4,0,-96,-9,2.72
fold2_room1_mix1169,76,4,0,-113,-7,2.93
fold2_room1_mix1169,77,4,0,-126,-6,3.38
fold2_room1_mix1169,78,4,0,-140,-5,3.97
fold2_room1_mix1169,79,4,0,-146,-5,4.59
fold2_room1_mix1169,80,4,0,-150,-4,5.82
fold2_room1_mix1169,81,4,0,-153,-4,6.60
fold2_room1_mix1169,82,4,0,-156,-2,7.13
fold2_room1_mix1169,83,4,0,-159,-2,8.52
fold2_room1_mix1169,84,4,0,-161,-2,9.33
fold2_room1_mix1169,85,4,0,-161,-2,10.00
fold2_room1_mix1169,86,4,0,-163,-1,11.07
fold2_room1_mix1169,87,4,0,-165,-1,12.14
fold2_room1_mix1169,88,4,0,-165,-1,12.78
fold2_room1_mix1169,89,4,0,-166,-1,13.91
fold2_room1_mix1169,90,4,0,-166,-1,14.67
fold2_room1_mix1169,91,4,0,-168,0,15.28
fold2_room1_mix1169,92,4,0,-168,0,16.53
fold2_room1_mix1169,93,4,0,-168,0,17.07
fold2_room1_mix1169,94,4,0,-169,0,18.37
fold2_room1_mix1169,95,4,0,-170,0,19.93
fold2_room1_mix1169,96,4,0,-171,0,20.27
fold2_room1_mix1169,97,4,0,-171,0,21.49
fold2_room1_mix1169,98,4,0,-170,0,20.99
fold2_room1_mix1169,99,4,0,-171,0,22.02
fold2_room1_mix1170,3,4,0,-178,0,4.93
fold2_room1_mix1170,4,4,0,-178,0,17.65
fold2_room1_mix1170,5,4,0,-179,0,20.07
fold2_room1_mix1170,6,4,0,-176,0,22.15
fold2_room1_mix1170,7,4,0,-179,0,30.29
fold2_room1_mix1170,8,4,0,-177,0,30.56
fold2_room1_mix1170,9,4,0,-179,0,30.73
fold2_room1_mix1170,10,4,0,-178,0,30.11
fold2_room1_mix1170,11,4,0,179,0,30.75
fold2_room1_mix1170,12,4,0,-179,-1,28.45
fold2_room1_mix1170,13,4,0,178,-1,28.60
fold2_room1_mix1170,14,4,0,-178,0,29.20
fold2_room1_mix1170,15,4,0,-178,0,28.80
fold2_room1_mix1170,16,4,0,-179,0,28.38
fold2_room1_mix1170,17,4,0,-179,-1,28.31
fold2_room1_mix1170,18,4,0,-178,-1,28.45
fold2_room1_mix1170,19,4,0,-179,0,28.54
fold2_room1_mix1170,20,4,0,-178,-1,28.14
fold2_room1_mix1170,21,4,0,-178,-1,27.59
fold2_room1_mix1170,22,4,0,-179,-1,26.78
fold2_room1_mix1170,23,4,0,-179,-1,26.19
fold2_room1_mix1170,24,4,0,-179,-1,25.65
fold2_room1_mix1170,25,4,0,-179,-1,24.95
fold2_room1_mix1170,26,4,0,179,-1,25.06
fold2_room1_mix1170,27,4,0,178,-1,24.34
fold2_room1_mix1170,28,4,0,-179,-1,23.69
fold2_room1_mix1170,29,4,0,178,-1,22.56
fold2_room1_mix1170,30,4,0,179,-1,22.55
fold2_room1_mix1170,31,4,0,178,-1,21.90
fold2_room1_mix1170,32,4,0,179,-1,21.21
fold2_room1_mix1170,33,4,0,178,-1,21.35
fold2_room1_mix1170,34,4,0,178,-1,21.31
fold2_room1_mix1170,35,4,0,178,-1,20.32
fold2_room1_mix1170,36,4,0,178,-1,19.66
fold2_room1_mix1170,37,4,0,177,-1,19.26
fold2_room1_mix1170,38,4,0,177,-1,18.84
fold2_room1_mix1170,39,4,0,177,-1,17.94
fold2_room1_mix1170,40,4,0,178,-1,16.93
fold2_room1_mix1170,41,4,0,178,-1,16.30
fold2_room1_mix1170,42,4,0,178,-1,15.78
fold2_room1_mix1170,43,4,0,178,-2,15.31
fold2_room1_mix1170,44,4,0,179,-2,14.47
fold2_room1_mix1170,45,4,0,179,-2,13.83
fold2_room1_mix1170,46,4,0,177,-2,13.54
fold2_room1_mix1170,47,4,0,177,-2,12.85
fold2_room1_mix1170,48,4,0,179,-2,12.36
fold2_room1_mix1170,49,4,0,178,-3,11.88
fold2_room1_mix1170,50,4,0,178,-3,11.39
fold2_room1_mix1170,51,4,0,178,-3,10.76
fold2_room1_mix1170,52,3,0,109,-4,11.52
fold2_room1_mix1170,52,4,0,177,-3,11.75
fold2_room1_mix1170,53,3,0,105,-4,9.71
fold2_room1_mix1170,53,4,0,178,-3,10.73
fold2_room1_mix1170,54,3,0,103,-4,9.41
fold2_room1_mix1170,54,4,0,179,-3,10.90
fold2_room1_mix1170,55,3,0,98,-4,8.17
fold2_room1_mix1170,55,4,0,-179,-3,9.63
fold2_room1_mix1170,56,3,0,98,-5,7.50
fold2_room1_mix1170,56,4,0,-177,-3,9.80
fold2_room1_mix1170,57,3,0,90,-5,8.09
fold2_room1_mix1170,57,4,0,179,-4,9.60
fold2_room1_mix1170,58,3,0,85,-5,7.12
fold2_room1_mix1170,58,4,0,178,-4,8.64
fold2_room1_mix1170,59,3,0,106,-6,7.04
fold2_room1_mix1170,59,4,0,-179,-5,8.50
fold2_room1_mix1170,60,3,0,98,-5,7.17
fold2_room1_mix1170,60,4,0,-176,-4,7.63
fold2_room1_mix1170,61,3,0,106,-4,8.28
fold2_room1_mix1170,61,4,0,177,-5,6.71
fold2_room1_mix1170,62,3,0,107,-5,7.64
fold2_room1_mix1170,62,4,0,176,-7,5.40
fold2_room1_mix1170,63,4,0,174,-9,4.05
fold2_room1_mix1170,64,4,0,170,-11,3.14
fold2_room1_mix1170,65,3,0,60,-4,10.20
fold2_room1_mix1170,65,4,0,166,-10,3.77
fold2_room1_mix1170,66,3,0,55,-4,8.57
fold2_room1_mix1170,66,4,0,164,-14,3.19
fold2_room1_mix1170,67,3,0,48,-4,8.29
fold2_room1_mix1170,67,4,0,159,-17,3.12
fold2_room1_mix1170,68,3,0,53,-4,7.42
fold2_room1_mix1170,68,4,0,123,-41,1.70
fold2_room1_mix1170,69,3,0,53,-4,6.41
fold2_room1_mix1170,69,4,0,41,-39,1.75
fold2_room1_mix1170,70,3,0,53,-4,7.29
fold2_room1_mix1170,70,4,0,21,-24,2.06
fold2_room1_mix1170,71,3,0,53,-5,7.28
fold2_room1_mix1170,71,4,0,14,-18,2.51
fold2_room1_mix1170,72,3,0,49,-5,6.17
fold2_room1_mix1170,72,4,0,11,-14,3.07
fold2_room1_mix1170,73,3,0,72,-5,8.09
fold2_room1_mix1170,73,4,0,7,-10,3.70
fold2_room1_mix1170,74,3,0,50,-4,7.31
fold2_room1_mix1170,74,4,0,7,-9,4.19
fold2_room1_mix1170,75,3,0,55,-5,6.72
fold2_room1_mix1170,75,4,0,6,-7,5.03
fold2_room1_mix1170,76,3,0,48,-5,5.26
fold2_room1_mix1170,76,4,0,3,-6,5.28
fold2_room1_mix1170,77,4,0,4,-6,6.12
fold2_room1_mix1170,78,3,0,40,-4,10.54
fold2_room1_mix1170,78,4,0,3,-5,7.69
fold2_room1_mix1170,79,3,0,47,-4,12.24
fold2_room1_mix1170,79,4,0,3,-5,8.15
fold2_room1_mix1170,80,3,0,45,-4,10.85
fold2_room1_mix1170,80,4,0,2,-4,8.84
fold2_room1_mix1170,81,3,0,41,-4,9.73
fold2_room1_mix1170,81,4,0,3,-4,9.85
fold2_room1_mix1170,82,4,0,3,-4,9.12
fold2_room1_mix1170,83,4,0,3,-4,9.71
fold2_room1_mix1170,84,4,0,2,-4,10.94
fold2_room1_mix1170,85,4,0,3,-4,10.09
fold2_room1_mix1170,86,4,0,4,-3,11.71
fold2_room1_mix1170,87,4,0,4,-3,11.79
fold2_room1_mix1170,88,4,0,4,-3,12.34
fold2_room1_mix1170,89,4,0,4,-3,13.05
fold2_room1_mix1170,90,4,0,4,-3,12.75
fold2_room1_mix1170,91,4,0,4,-2,14.30
fold2_room1_mix1170,92,4,0,3,-2,14.18
fold2_room1_mix1170,93,4,0,4,-2,13.66
fold2_room1_mix1170,94,4,0,4,-2,15.95
fold2_room1_mix1170,95,4,0,3,-2,15.84
fold2_room1_mix1170,96,4,0,3,-2,16.68
fold2_room1_mix1170,97,4,0,4,-2,19.26
fold2_room1_mix1170,98,4,0,3,-2,18.37
fold2_room1_mix1170,99,4,0,4,-2,18.82
fold2_room1_mix1171,71,4,0,-2,-2,10.22
fold2_room1_mix1171,72,4,0,-3,-2,10.02
fold2_room1_mix1171,73,4,0,-3,-2,10.52
fold2_room1_mix1171,74,4,0,0,-2,10.66
fold2_room1_mix1171,75,4,0,0,-3,10.99
fold2_room1_mix1171,76,4,0,0,-4,10.58
fold2_room1_mix1171,77,4,0,-4,-4,9.81
fold2_room1_mix1171,78,4,0,0,-4,8.98
fold2_room1_mix1171,79,4,0,-2,-5,8.74
fold2_room1_mix1171,80,4,0,-2,-5,7.46
fold2_room1_mix1171,81,4,0,-3,-6,6.02
fold2_room1_mix1171,82,4,0,-4,-7,5.38
fold2_room1_mix1171,83,4,0,-5,-9,4.50
fold2_room1_mix1171,84,4,0,-7,-11,3.67
fold2_room1_mix1171,85,4,0,-7,-13,3.17
fold2_room1_mix1171,86,4,0,-11,-19,2.43
fold2_room1_mix1171,87,4,0,-21,-28,1.87
fold2_room1_mix1171,88,4,0,-45,-44,1.27
fold2_room1_mix1171,89,4,0,-107,-52,1.04
fold2_room1_mix1171,90,4,0,-148,-37,1.45
fold2_room1_mix1171,91,4,0,-159,-25,1.97
fold2_room1_mix1171,92,4,0,-166,-18,2.71
fold2_room1_mix1171,93,4,0,-168,-15,3.34
fold2_room1_mix1171,94,4,0,-169,-11,4.16
fold2_room1_mix1171,95,4,0,-171,-9,5.35
fold2_room1_mix1171,96,4,0,-172,-7,5.54
fold2_room1_mix1171,97,4,0,-173,-6,6.47
fold2_room1_mix1171,98,4,0,-173,-5,7.16
fold2_room1_mix1171,99,4,0,-174,-5,8.10
fold2_room1_mix1171,69,4,0,-3,0,5.72
fold2_room1_mix1171,70,4,0,-2,0,4.92
fold2_room1_mix1172,28,0,0,172,-1,9.48
fold2_room1_mix1172,29,0,0,170,-1,12.36
fold2_room1_mix1172,30,0,0,165,-1,13.90
fold2_room1_mix1172,31,0,0,161,-1,20.92
fold2_room1_mix1172,31,4,0,-2,-1,5.78
fold2_room1_mix1172,32,0,0,166,-1,23.58
fold2_room1_mix1172,32,4,0,0,-1,3.26
fold2_room1_mix1172,33,0,0,167,-1,26.27
fold2_room1_mix1172,33,4,0,0,-2,5.98
fold2_room1_mix1172,34,0,0,164,-1,23.03
fold2_room1_mix1172,34,4,0,-1,-2,6.90
fold2_room1_mix1172,35,0,0,168,-1,26.28
fold2_room1_mix1172,35,4,0,2,-1,7.47
fold2_room1_mix1172,36,0,0,166,-1,24.40
fold2_room1_mix1172,36,4,0,2,-2,9.21
fold2_room1_mix1172,37,0,0,162,-1,25.76
fold2_room1_mix1172,37,4,0,3,-3,11.39
fold2_room1_mix1172,38,0,0,159,-1,24.92
fold2_room1_mix1172,38,4,0,-1,-3,11.39
fold2_room1_mix1172,39,0,0,159,-1,23.21
fold2_room1_mix1172,39,4,0,0,-3,12.81
fold2_room1_mix1172,40,0,0,154,-1,20.13
fold2_room1_mix1172,40,4,0,3,-3,12.89
fold2_room1_mix1172,41,0,0,158,-1,22.93
fold2_room1_mix1172,41,4,0,0,-4,11.85
fold2_room1_mix1172,42,0,0,159,-1,22.94
fold2_room1_mix1172,42,4,0,-1,-5,12.46
fold2_room1_mix1172,43,0,0,157,-1,21.48
fold2_room1_mix1172,43,4,0,-1,-4,11.36
fold2_room1_mix1172,44,0,0,157,-1,19.87
fold2_room1_mix1172,44,4,0,-5,-4,10.58
fold2_room1_mix1172,45,0,0,155,-1,20.49
fold2_room1_mix1172,45,4,0,-3,-4,10.91
fold2_room1_mix1172,46,0,0,153,-1,20.23
fold2_room1_mix1172,46,4,0,-5,-5,9.84
fold2_room1_mix1172,47,0,0,150,-1,17.91
fold2_room1_mix1172,47,4,0,-6,-5,9.41
fold2_room1_mix1172,48,0,0,150,-2,15.84
fold2_room1_mix1172,48,4,0,-8,-5,8.65
fold2_room1_mix1172,49,0,0,147,-2,15.33
fold2_room1_mix1172,49,4,0,-7,-6,7.62
fold2_room1_mix1172,50,0,0,143,-2,15.49
fold2_room1_mix1172,50,4,0,-7,-8,6.22
fold2_room1_mix1172,51,0,0,135,-2,12.37
fold2_room1_mix1172,51,4,0,-6,-7,6.57
fold2_room1_mix1172,52,0,0,132,-2,10.97
fold2_room1_mix1172,52,4,0,-9,-7,5.21
fold2_room1_mix1172,53,0,0,124,-2,9.13
fold2_room1_mix1172,53,4,0,-9,-8,5.21
fold2_room1_mix1172,54,0,0,113,-3,7.61
fold2_room1_mix1172,54,4,0,-13,-10,4.26
fold2_room1_mix1172,55,0,0,97,-3,7.26
fold2_room1_mix1172,55,4,0,-17,-10,3.07
fold2_room1_mix1172,55,4,0,0,-9,4.48
fold2_room1_mix1172,56,0,0,91,-3,6.39
fold2_room1_mix1172,56,4,0,-24,-15,2.86
fold2_room1_mix1172,57,0,0,85,-4,6.00
fold2_room1_mix1172,57,4,0,-38,-19,1.85
fold2_room1_mix1172,57,4,0,-22,-15,2.92
fold2_room1_mix1172,58,0,0,83,-4,5.68
fold2_room1_mix1172,58,4,0,-56,-31,1.43
fold2_room1_mix1172,58,4,0,-23,-20,3.70
fold2_room1_mix1172,59,0,0,78,-4,5.78
fold2_room1_mix1172,59,4,0,-100,-35,1.29
fold2_room1_mix1172,59,4,0,-56,-34,3.02
fold2_room1_mix1172,60,0,0,72,-4,5.99
fold2_room1_mix1172,60,4,0,-126,-29,2.05
fold2_room1_mix1172,61,0,0,65,-3,6.48
fold2_room1_mix1172,61,4,0,-143,-22,2.42
fold2_room1_mix1172,62,0,0,58,-3,6.80
fold2_room1_mix1172,62,4,0,-150,-19,3.00
fold2_room1_mix1172,63,0,0,53,-3,7.50
fold2_room1_mix1172,63,4,0,-160,-16,3.36
fold2_room1_mix1172,64,0,0,49,-3,8.87
fold2_room1_mix1172,64,4,0,-164,-13,3.72
fold2_room1_mix1172,65,0,0,46,-2,10.72
fold2_room1_mix1172,65,4,0,-167,-11,4.69
fold2_room1_mix1172,66,0,0,42,-2,11.16
fold2_room1_mix1172,66,4,0,-168,-11,4.81
fold2_room1_mix1172,67,0,0,42,-2,12.18
fold2_room1_mix1172,67,4,0,-171,-9,5.39
fold2_room1_mix1172,68,0,0,47,-3,13.47
fold2_room1_mix1172,68,4,0,-169,-7,5.50
fold2_room1_mix1172,69,0,0,40,-2,13.41
fold2_room1_mix1172,69,4,0,-175,-7,6.27
fold2_room1_mix1172,70,0,0,39,-2,16.46
fold2_room1_mix1172,70,4,0,-173,-6,6.70
fold2_room1_mix1172,71,0,0,36,-2,15.34
fold2_room1_mix1172,71,4,0,-174,-5,6.95
fold2_room1_mix1172,72,0,0,32,-2,17.60
fold2_room1_mix1172,72,4,0,-174,-4,8.26
fold2_room1_mix1172,73,0,0,34,-1,17.57
fold2_room1_mix1172,73,4,0,-174,-3,9.73
fold2_room1_mix1172,73,4,0,8,-5,9.49
fold2_room1_mix1172,74,0,0,32,-1,18.50
fold2_room1_mix1172,74,4,0,-175,-3,8.62
fold2_room1_mix1172,74,4,0,2,-5,8.01
fold2_room1_mix1172,75,0,0,30,-1,19.44
fold2_room1_mix1172,75,4,0,179,-4,9.46
fold2_room1_mix1172,75,4,0,4,-5,8.15
fold2_room1_mix1172,76,0,0,28,-1,21.16
fold2_room1_mix1172,76,4,0,-179,-4,10.18
fold2_room1_mix1172,76,4,0,10,-5,8.34
fold2_room1_mix1172,77,0,0,24,-1,23.14
fold2_room1_mix1172,77,4,0,-178,-5,9.32
fold2_room1_mix1172,77,4,0,5,-6,7.00
fold2_room1_mix1172,78,0,0,21,-1,24.02
fold2_room1_mix1172,78,4,0,-1,-7,5.52
fold2_room1_mix1172,79,0,0,21,-1,23.47
fold2_room1_mix1172,79,4,0,0,-9,5.02
fold2_room1_mix1172,80,0,0,20,-1,24.05
fold2_room1_mix1172,80,4,0,-11,-15,3.28
fold2_room1_mix1172,81,0,0,15,-1,25.31
fold2_room1_mix1172,81,4,0,-53,-37,2.31
fold2_room1_mix1172,81,4,0,-31,-28,1.76
fold2_room1_mix1172,82,0,0,24,-1,21.52
fold2_room1_mix1172,82,4,0,-131,-29,1.89
fold2_room1_mix1172,82,4,0,-83,-40,0.98
fold2_room1_mix1172,83,0,0,40,-2,24.84
fold2_room1_mix1172,83,4,0,-146,-26,1.50
fold2_room1_mix1172,84,4,0,-165,-13,2.46
fold2_room1_mix1172,85,0,0,159,-1,30.47
fold2_room1_mix1172,85,4,0,-173,-11,3.34
fold2_room1_mix1172,86,0,0,163,-1,34.92
fold2_room1_mix1172,86,4,0,-173,-10,3.06
fold2_room1_mix1172,87,0,0,164,-1,26.84
fold2_room1_mix1172,87,4,0,-174,-8,4.28
fold2_room1_mix1172,88,0,0,168,0,39.73
fold2_room1_mix1172,88,4,0,-176,-6,5.17
fold2_room1_mix1172,89,0,0,169,0,25.93
fold2_room1_mix1172,89,4,0,178,-5,6.44
fold2_room1_mix1172,90,0,0,170,0,16.45
fold2_room1_mix1172,90,4,0,176,-4,8.06
fold2_room1_mix1172,91,0,0,171,0,8.92
fold2_room1_mix1172,91,4,0,177,-3,10.30
fold2_room1_mix1172,92,0,0,169,0,4.43
fold2_room1_mix1172,92,4,0,-178,-3,9.99
fold2_room1_mix1172,92,4,0,164,-2,12.49
fold2_room1_mix1172,93,4,0,175,-3,11.77
fold2_room1_mix1172,94,4,0,174,-2,12.46
fold2_room1_mix1172,95,4,0,174,-2,14.44
fold2_room1_mix1172,96,4,0,175,-2,14.54
fold2_room1_mix1172,97,4,0,174,-2,14.63
fold2_room1_mix1172,98,4,0,174,-2,16.14
fold2_room1_mix1172,99,4,0,172,-1,12.00
fold2_room1_mix1173,0,5,0,41,5,3.88
fold2_room1_mix1173,1,5,0,49,4,5.31
fold2_room1_mix1173,2,5,0,45,4,7.57
fold2_room1_mix1173,3,5,0,45,3,7.07
fold2_room1_mix1173,4,5,0,42,4,4.88
fold2_room1_mix1173,5,5,0,43,5,8.38
fold2_room1_mix1173,6,5,0,45,3,12.12
fold2_room1_mix1173,7,5,0,44,5,8.47
fold2_room1_mix1173,8,5,0,49,5,7.70
fold2_room1_mix1173,9,5,0,43,6,7.48
fold2_room1_mix1173,10,5,0,45,6,7.43
fold2_room1_mix1173,11,5,0,44,6,7.25
fold2_room1_mix1173,12,5,0,43,6,6.73
fold2_room1_mix1173,13,5,0,44,7,7.16
fold2_room1_mix1173,14,5,0,47,5,8.48
fold2_room1_mix1173,15,5,0,42,6,7.22
fold2_room1_mix1173,16,5,0,45,7,6.59
fold2_room1_mix1173,17,5,0,45,6,6.83
fold2_room1_mix1173,18,5,0,47,7,5.99
fold2_room1_mix1173,19,5,0,45,6,7.22
fold2_room1_mix1173,20,5,0,48,7,5.83
fold2_room1_mix1173,21,5,0,50,8,5.65
fold2_room1_mix1173,22,5,0,49,6,7.39
fold2_room1_mix1173,23,5,0,50,6,6.87
fold2_room1_mix1173,24,5,0,49,7,6.53
fold2_room1_mix1173,25,5,0,54,8,5.80
fold2_room1_mix1173,26,5,0,51,7,6.44
fold2_room1_mix1173,27,5,0,52,6,6.64
fold2_room1_mix1173,28,5,0,52,6,7.00
fold2_room1_mix1173,29,5,0,53,5,7.68
fold2_room1_mix1173,30,5,0,53,7,6.43
fold2_room1_mix1173,31,5,0,56,6,7.56
fold2_room1_mix1173,32,5,0,55,6,7.35
fold2_room1_mix1173,33,5,0,54,6,6.88
fold2_room1_mix1173,34,5,0,56,6,7.60
fold2_room1_mix1173,35,5,0,58,6,7.18
fold2_room1_mix1173,36,5,0,57,7,6.59
fold2_room1_mix1173,37,5,0,57,6,7.44
fold2_room1_mix1173,38,5,0,59,5,7.59
fold2_room1_mix1173,39,5,0,62,6,7.27
fold2_room1_mix1173,40,5,0,58,5,8.15
fold2_room1_mix1173,41,5,0,64,6,7.66
fold2_room1_mix1173,42,5,0,61,6,7.63
fold2_room1_mix1173,43,5,0,64,6,7.83
fold2_room1_mix1173,44,5,0,64,6,7.74
fold2_room1_mix1173,45,5,0,63,5,8.47
fold2_room1_mix1173,46,5,0,67,6,7.71
fold2_room1_mix1173,47,5,0,69,7,6.64
fold2_room1_mix1173,48,5,0,72,7,6.77
fold2_room1_mix1173,49,5,0,71,7,6.78
fold2_room1_mix1173,50,5,0,72,9,5.15
fold2_room1_mix1173,51,5,0,75,8,6.29
fold2_room1_mix1173,52,5,0,74,9,5.68
fold2_room1_mix1173,53,5,0,76,9,6.00
fold2_room1_mix1173,54,5,0,76,8,6.69
fold2_room1_mix1173,55,5,0,80,10,4.94
fold2_room1_mix1173,56,5,0,77,9,5.51
fold2_room1_mix1173,57,5,0,78,9,5.43
fold2_room1_mix1173,58,5,0,83,8,6.18
fold2_room1_mix1173,59,5,0,84,9,5.31
fold2_room1_mix1173,60,5,0,82,10,5.23
fold2_room1_mix1173,61,5,0,80,9,5.59
fold2_room1_mix1173,62,5,0,83,10,5.27
fold2_room1_mix1173,63,5,0,85,9,5.79
fold2_room1_mix1173,64,5,0,87,9,5.23
fold2_room1_mix1173,65,5,0,84,10,5.22
fold2_room1_mix1173,66,5,0,87,9,5.28
fold2_room1_mix1173,67,5,0,89,9,5.63
fold2_room1_mix1173,68,5,0,88,9,5.29
fold2_room1_mix1173,69,5,0,89,10,5.23
fold2_room1_mix1173,70,5,0,89,10,5.12
fold2_room1_mix1173,71,5,0,86,9,5.42
fold2_room1_mix1173,72,5,0,94,9,5.78
fold2_room1_mix1173,73,5,0,96,8,5.69
fold2_room1_mix1173,74,5,0,95,9,5.50
fold2_room1_mix1173,75,5,0,92,9,5.67
fold2_room1_mix1173,76,5,0,99,9,5.56
fold2_room1_mix1173,77,5,0,97,9,5.60
fold2_room1_mix1173,78,5,0,102,9,5.31
fold2_room1_mix1173,79,5,0,100,9,5.22
fold2_room1_mix1173,80,5,0,103,10,5.27
fold2_room1_mix1173,81,5,0,103,9,5.39
fold2_room1_mix1173,82,5,0,103,8,5.91
fold2_room1_mix1173,83,5,0,108,8,5.78
fold2_room1_mix1173,84,5,0,108,8,5.66
fold2_room1_mix1173,85,5,0,110,7,6.29
fold2_room1_mix1173,86,5,0,112,7,6.12
fold2_room1_mix1173,87,5,0,115,7,6.14
fold2_room1_mix1173,88,5,0,110,7,6.26
fold2_room1_mix1173,89,5,0,110,7,5.99
fold2_room1_mix1173,90,5,0,115,6,6.98
fold2_room1_mix1173,91,5,0,116,6,6.78
fold2_room1_mix1173,92,5,0,117,7,6.46
fold2_room1_mix1173,93,5,0,114,6,7.28
fold2_room1_mix1173,94,5,0,117,7,6.67
fold2_room1_mix1173,95,5,0,118,6,7.28
fold2_room1_mix1173,96,5,0,119,5,7.38
fold2_room1_mix1173,97,5,0,116,6,6.72
fold2_room1_mix1173,98,5,0,115,6,7.04
fold2_room1_mix1173,99,5,0,119,5,7.90
fold2_room1_mix1174,4,4,0,0,0,12.16
fold2_room1_mix1174,5,4,0,1,0,16.10
fold2_room1_mix1174,6,4,0,0,0,21.07
fold2_room1_mix1174,7,4,0,1,0,24.80
fold2_room1_mix1174,8,4,0,2,0,35.50
fold2_room1_mix1174,9,4,0,1,-1,34.22
fold2_room1_mix1174,10,4,0,2,0,33.86
fold2_room1_mix1174,11,4,0,2,0,34.75
fold2_room1_mix1174,12,4,0,3,0,33.73
fold2_room1_mix1174,13,4,0,3,0,32.26
fold2_room1_mix1174,14,4,0,2,0,35.00
fold2_room1_mix1174,15,4,0,2,0,33.70
fold2_room1_mix1174,16,4,0,1,-1,31.44
fold2_room1_mix1174,17,4,0,2,-1,32.50
fold2_room1_mix1174,18,4,0,1,-1,31.95
fold2_room1_mix1174,19,4,0,1,-1,31.74
fold2_room1_mix1174,20,4,0,2,0,32.98
fold2_room1_mix1174,21,4,0,0,0,32.98
fold2_room1_mix1174,22,4,0,0,-1,32.10
fold2_room1_mix1174,23,4,0,0,-1,30.66
fold2_room1_mix1174,24,4,0,0,0,32.58
fold2_room1_mix1174,25,4,0,0,-1,31.67
fold2_room1_mix1174,26,4,0,0,-1,31.61
fold2_room1_mix1174,27,4,0,0,-1,32.67
fold2_room1_mix1174,28,4,0,-1,-1,31.46
fold2_room1_mix1174,29,4,0,-1,-1,31.34
fold2_room1_mix1174,30,4,0,-1,-1,31.87
fold2_room1_mix1174,31,4,0,-1,-1,30.40
fold2_room1_mix1174,32,4,0,-1,-1,29.57
fold2_room1_mix1174,33,4,0,-1,-1,29.67
fold2_room1_mix1174,34,4,0,-2,-1,28.94
fold2_room1_mix1174,35,4,0,-1,-1,28.49
fold2_room1_mix1174,36,4,0,-3,-1,26.61
fold2_room1_mix1174,37,4,0,-4,-1,26.22
fold2_room1_mix1174,38,4,0,-4,-1,26.00
fold2_room1_mix1174,39,4,0,-3,-1,25.40
fold2_room1_mix1174,40,4,0,-3,-1,25.53
fold2_room1_mix1174,41,4,0,-3,-1,24.07
fold2_room1_mix1174,42,4,0,-2,-1,23.19
fold2_room1_mix1174,43,4,0,-3,-1,23.24
fold2_room1_mix1174,44,4,0,-4,-1,22.76
fold2_room1_mix1174,45,4,0,-4,-1,21.94
fold2_room1_mix1174,46,4,0,-4,-1,22.43
fold2_room1_mix1174,47,4,0,-4,-1,21.81
fold2_room1_mix1174,48,4,0,-4,-1,20.26
fold2_room1_mix1174,49,4,0,-4,-1,20.18
fold2_room1_mix1174,50,4,0,-5,-1,19.59
fold2_room1_mix1174,51,4,0,-3,-1,18.65
fold2_room1_mix1174,52,4,0,-4,-1,19.20
fold2_room1_mix1174,53,4,0,-4,-1,18.76
fold2_room1_mix1174,54,4,0,-5,-1,17.68
fold2_room1_mix1174,55,4,0,-5,-1,16.37
fold2_room1_mix1174,56,4,0,-5,-1,16.00
fold2_room1_mix1174,57,4,0,-6,-1,15.51
fold2_room1_mix1174,58,4,0,-6,-1,15.30
fold2_room1_mix1174,59,4,0,-7,-1,15.01
fold2_room1_mix1174,60,4,0,-7,-2,14.51
fold2_room1_mix1174,61,4,0,-7,-2,13.80
fold2_room1_mix1174,62,4,0,-8,-2,13.79
fold2_room1_mix1174,63,4,0,-9,-2,12.89
fold2_room1_mix1174,64,4,0,-9,-2,12.70
fold2_room1_mix1174,65,4,0,-9,-2,12.65
fold2_room1_mix1174,66,4,0,-10,-2,11.72
fold2_room1_mix1174,67,4,0,-10,-2,11.18
fold2_room1_mix1174,68,4,0,-11,-2,10.66
fold2_room1_mix1174,69,4,0,-11,-3,10.38
fold2_room1_mix1174,70,4,0,-13,-3,10.12
fold2_room1_mix1174,71,4,0,-13,-3,9.47
fold2_room1_mix1174,72,4,0,-14,-3,8.92
fold2_room1_mix1174,73,4,0,-15,-3,8.30
fold2_room1_mix1174,74,4,0,-17,-4,7.74
fold2_room1_mix1174,75,4,0,-18,-4,7.33
fold2_room1_mix1174,76,4,0,-18,-4,6.85
fold2_room1_mix1174,77,4,0,-20,-5,6.18
fold2_room1_mix1174,78,4,0,-22,-5,5.71
fold2_room1_mix1174,79,4,0,-23,-5,5.24
fold2_room1_mix1174,80,4,0,-26,-6,4.69
fold2_room1_mix1174,81,4,0,-30,-6,4.21
fold2_room1_mix1174,82,4,0,-32,-6,3.87
fold2_room1_mix1174,83,4,0,-35,-8,3.34
fold2_room1_mix1174,84,4,0,-40,-8,3.04
fold2_room1_mix1174,85,4,0,-45,-8,2.76
fold2_room1_mix1174,86,4,0,-50,-9,2.50
fold2_room1_mix1174,87,4,0,-59,-10,2.40
fold2_room1_mix1174,88,4,0,-75,-10,2.25
fold2_room1_mix1174,89,4,0,-86,-11,2.15
fold2_room1_mix1174,90,4,0,-103,-10,2.24
fold2_room1_mix1174,91,4,0,-114,-8,2.39
fold2_room1_mix1174,92,4,0,-126,-7,2.70
fold2_room1_mix1174,93,4,0,-135,-7,2.74
fold2_room1_mix1174,94,4,0,-141,-6,3.22
fold2_room1_mix1174,95,4,0,-145,-6,3.50
fold2_room1_mix1174,96,4,0,-147,-6,3.76
fold2_room1_mix1174,97,4,0,-151,-4,4.34
fold2_room1_mix1174,98,4,0,-152,-5,4.48
fold2_room1_mix1174,99,4,0,-155,-4,4.87
fold2_room1_mix1174,3,4,0,-4,2,1.25
fold2_room1_mix1175,2,4,0,-179,0,1.28
fold2_room1_mix1175,2,4,0,0,0,1.21
fold2_room1_mix1175,3,4,0,-176,1,6.05
fold2_room1_mix1175,3,4,0,-3,1,6.02
fold2_room1_mix1175,4,4,0,-177,0,12.32
fold2_room1_mix1175,4,4,0,-2,0,12.07
fold2_room1_mix1175,5,4,0,-176,0,18.59
fold2_room1_mix1175,5,4,0,-1,0,18.88
fold2_room1_mix1175,6,4,0,-177,0,21.76
fold2_room1_mix1175,6,4,0,-1,0,23.27
fold2_room1_mix1175,7,4,0,-177,0,26.57
fold2_room1_mix1175,7,4,0,0,0,27.26
fold2_room1_mix1175,8,4,0,-178,0,37.44
fold2_room1_mix1175,8,4,0,0,0,39.86
fold2_room1_mix1175,9,4,0,-178,-1,36.94
fold2_room1_mix1175,9,4,0,0,0,37.24
fold2_room1_mix1175,10,4,0,-178,-1,36.90
fold2_room1_mix1175,10,4,0,0,0,37.47
fold2_room1_mix1175,11,4,0,-177,-1,38.54
fold2_room1_mix1175,11,4,0,0,0,38.76
fold2_room1_mix1175,12,4,0,-178,-1,40.36
fold2_room1_mix1175,12,4,0,-1,0,40.05
fold2_room1_mix1175,13,4,0,-178,-1,39.01
fold2_room1_mix1175,13,4,0,-1,0,36.80
fold2_room1_mix1175,14,4,0,-178,-1,41.51
fold2_room1_mix1175,14,4,0,-2,0,38.79
fold2_room1_mix1175,15,4,0,-177,-1,41.91
fold2_room1_mix1175,15,4,0,0,-1,35.72
fold2_room1_mix1175,16,4,0,-179,-1,39.77
fold2_room1_mix1175,16,4,0,0,0,37.36
fold2_room1_mix1175,17,4,0,-177,-1,42.53
fold2_room1_mix1175,17,4,0,-2,-1,36.26
fold2_room1_mix1175,18,4,0,-176,0,40.62
fold2_room1_mix1175,18,4,0,-4,-1,33.40
fold2_room1_mix1175,19,4,0,-176,-1,40.46
fold2_room1_mix1175,19,4,0,-3,-1,33.72
fold2_room1_mix1175,20,4,0,-177,-1,40.28
fold2_room1_mix1175,20,4,0,-3,-1,34.52
fold2_room1_mix1175,21,4,0,-177,-1,39.33
fold2_room1_mix1175,21,4,0,-4,-1,33.06
fold2_room1_mix1175,22,4,0,-176,-1,38.63
fold2_room1_mix1175,22,4,0,-4,-1,33.38
fold2_room1_mix1175,23,4,0,-176,-1,40.76
fold2_room1_mix1175,23,4,0,-3,-1,32.18
fold2_room1_mix1175,24,4,0,-176,-1,41.46
fold2_room1_mix1175,24,4,0,-3,-1,32.47
fold2_room1_mix1175,25,4,0,-176,-1,39.88
fold2_room1_mix1175,25,4,0,-4,-2,31.58
fold2_room1_mix1175,26,4,0,-175,-1,38.67
fold2_room1_mix1175,26,4,0,-4,-1,31.07
fold2_room1_mix1175,27,4,0,-176,0,41.02
fold2_room1_mix1175,27,4,0,-2,-1,31.37
fold2_room1_mix1175,28,4,0,-177,0,37.94
fold2_room1_mix1175,28,4,0,-4,-1,29.50
fold2_room1_mix1175,29,4,0,-175,0,38.56
fold2_room1_mix1175,29,4,0,-4,-1,27.49
fold2_room1_mix1175,30,4,0,-176,0,38.77
fold2_room1_mix1175,30,4,0,-5,-2,27.79
fold2_room1_mix1175,31,4,0,-175,0,37.37
fold2_room1_mix1175,31,4,0,-5,-2,25.25
fold2_room1_mix1175,32,4,0,-175,0,37.03
fold2_room1_mix1175,32,4,0,-5,-2,25.27
fold2_room1_mix1175,33,4,0,-176,0,36.41
fold2_room1_mix1175,33,4,0,-5,-2,24.28
fold2_room1_mix1175,34,4,0,-175,0,35.12
fold2_room1_mix1175,34,4,0,-6,-2,22.94
fold2_room1_mix1175,35,4,0,-176,0,34.84
fold2_room1_mix1175,35,4,0,-6,-2,22.67
fold2_room1_mix1175,36,4,0,-177,0,36.21
fold2_room1_mix1175,36,4,0,-7,-1,21.74
fold2_room1_mix1175,37,4,0,-175,0,35.73
fold2_room1_mix1175,37,4,0,-7,-2,21.04
fold2_room1_mix1175,38,4,0,-176,0,33.57
fold2_room1_mix1175,38,4,0,-8,-2,20.64
fold2_room1_mix1175,39,4,0,-175,0,31.70
fold2_room1_mix1175,39,4,0,-8,-2,18.42
fold2_room1_mix1175,40,4,0,-176,0,31.92
fold2_room1_mix1175,40,4,0,-9,-2,18.12
fold2_room1_mix1175,41,4,0,-175,0,30.84
fold2_room1_mix1175,41,4,0,-9,-2,16.66
fold2_room1_mix1175,42,4,0,-175,0,28.06
fold2_room1_mix1175,42,4,0,-11,-3,15.32
fold2_room1_mix1175,43,4,0,-175,0,31.41
fold2_room1_mix1175,43,4,0,-12,-3,15.06
fold2_room1_mix1175,44,4,0,-174,0,29.20
fold2_room1_mix1175,44,4,0,-13,-3,13.99
fold2_room1_mix1175,45,4,0,-172,0,29.86
fold2_room1_mix1175,45,4,0,-14,-3,13.50
fold2_room1_mix1175,46,4,0,-173,0,29.08
fold2_room1_mix1175,46,4,0,-16,-3,13.11
fold2_room1_mix1175,47,4,0,-173,0,27.00
fold2_room1_mix1175,47,4,0,-17,-3,11.70
fold2_room1_mix1175,48,4,0,-173,0,26.71
fold2_room1_mix1175,48,4,0,-21,-4,10.34
fold2_room1_mix1175,49,4,0,-175,0,26.63
fold2_room1_mix1175,49,4,0,-21,-4,9.67
fold2_room1_mix1175,50,4,0,-174,-1,23.65
fold2_room1_mix1175,50,4,0,-23,-4,8.96
fold2_room1_mix1175,51,4,0,-175,-1,24.29
fold2_room1_mix1175,51,4,0,-26,-5,8.20
fold2_room1_mix1175,52,4,0,-178,-1,22.37
fold2_room1_mix1175,52,4,0,-29,-5,7.19
fold2_room1_mix1175,53,4,0,-177,-1,24.56
fold2_room1_mix1175,53,4,0,-32,-6,6.84
fold2_room1_mix1175,54,4,0,-178,-1,22.79
fold2_room1_mix1175,54,4,0,-37,-7,5.46
fold2_room1_mix1175,55,4,0,-177,-1,23.28
fold2_room1_mix1175,55,4,0,-42,-7,4.90
fold2_room1_mix1175,56,4,0,-177,-1,23.54
fold2_room1_mix1175,56,4,0,-48,-8,4.48
fold2_room1_mix1175,57,4,0,-171,0,27.01
fold2_room1_mix1175,57,4,0,-62,-9,4.05
fold2_room1_mix1175,58,4,0,-168,-1,22.75
fold2_room1_mix1175,58,4,0,-80,-11,3.47
fold2_room1_mix1175,59,4,0,-174,-1,21.70
fold2_room1_mix1175,59,4,0,-92,-11,3.54
fold2_room1_mix1175,60,4,0,-172,-1,19.32
fold2_room1_mix1175,60,4,0,-113,-10,3.52
fold2_room1_mix1175,61,4,0,-175,-2,17.70
fold2_room1_mix1175,61,4,0,-122,-9,3.64
fold2_room1_mix1175,62,4,0,-174,-2,15.99
fold2_room1_mix1175,62,4,0,-131,-8,4.05
fold2_room1_mix1175,63,4,0,-173,-2,16.18
fold2_room1_mix1175,63,4,0,-140,-7,4.52
fold2_room1_mix1175,64,4,0,-172,-2,15.24
fold2_room1_mix1175,64,4,0,-145,-6,5.42
fold2_room1_mix1175,65,4,0,-173,-2,16.09
fold2_room1_mix1175,65,4,0,-148,-5,6.32
fold2_room1_mix1175,66,4,0,-171,-3,12.65
fold2_room1_mix1175,66,4,0,-152,-5,6.71
fold2_room1_mix1175,67,4,0,-160,-4,8.92
fold2_room1_mix1175,68,4,0,-161,-4,9.24
fold2_room1_mix1175,69,4,0,-160,-3,10.11
fold2_room1_mix1175,70,4,0,-161,-3,10.25
fold2_room1_mix1175,71,4,0,-162,-3,11.06
fold2_room1_mix1175,72,4,0,-164,-2,11.35
fold2_room1_mix1175,73,4,0,-164,-2,11.59
fold2_room1_mix1175,74,4,0,-163,-2,11.41
fold2_room1_mix1175,75,4,0,-163,-2,12.27
fold2_room1_mix1175,76,4,0,-162,-2,11.66
fold2_room1_mix1175,77,4,0,-169,0,15.32
fold2_room1_mix1175,77,4,0,-151,-6,6.21
fold2_room1_mix1175,78,4,0,-169,0,17.84
fold2_room1_mix1175,78,4,0,-147,-8,5.10
fold2_room1_mix1175,79,4,0,-169,0,18.25
fold2_room1_mix1175,79,4,0,-143,-9,4.24
fold2_room1_mix1175,80,4,0,-169,0,19.89
fold2_room1_mix1175,80,4,0,-138,-11,3.56
fold2_room1_mix1175,81,4,0,-169,0,20.75
fold2_room1_mix1175,81,4,0,-132,-12,3.28
fold2_room1_mix1175,82,4,0,-167,0,23.03
fold2_room1_mix1175,82,4,0,-121,-13,2.92
fold2_room1_mix1175,83,4,0,-169,0,24.14
fold2_room1_mix1175,83,4,0,-108,-14,2.63
fold2_room1_mix1175,84,4,0,-168,-1,25.49
fold2_room1_mix1175,84,4,0,-144,-1,14.25
fold2_room1_mix1175,84,4,0,-100,-14,2.79
fold2_room1_mix1175,85,4,0,-168,0,25.85
fold2_room1_mix1175,85,4,0,-110,-8,7.24
fold2_room1_mix1175,85,4,0,-91,-13,3.12
fold2_room1_mix1175,86,4,0,-169,0,26.22
fold2_room1_mix1175,86,4,0,-80,-11,4.24
fold2_room1_mix1175,87,4,0,-170,0,26.06
fold2_room1_mix1175,87,4,0,-68,-10,4.71
fold2_room1_mix1175,88,4,0,-169,0,27.60
fold2_room1_mix1175,88,4,0,-79,-9,7.24
fold2_room1_mix1175,88,4,0,-56,-8,4.38
fold2_room1_mix1175,89,4,0,-172,0,28.98
fold2_room1_mix1175,89,4,0,-48,-7,5.60
fold2_room1_mix1175,90,4,0,-172,-1,27.27
fold2_room1_mix1175,90,4,0,-40,-6,6.82
fold2_room1_mix1175,91,4,0,-173,-1,28.83
fold2_room1_mix1175,91,4,0,-39,-6,7.05
fold2_room1_mix1175,92,4,0,-173,-1,28.09
fold2_room1_mix1175,92,4,0,-31,-5,7.32
fold2_room1_mix1175,93,4,0,-173,-1,28.65
fold2_room1_mix1175,93,4,0,-28,-5,7.76
fold2_room1_mix1175,94,4,0,-173,0,29.59
fold2_room1_mix1175,94,4,0,-25,-4,8.69
fold2_room1_mix1175,95,4,0,-173,0,29.16
fold2_room1_mix1175,95,4,0,-24,-4,9.20
fold2_room1_mix1175,96,4,0,-173,0,28.99
fold2_room1_mix1175,96,4,0,-23,-4,10.09
fold2_room1_mix1175,97,4,0,-172,0,30.30
fold2_room1_mix1175,97,4,0,-21,-4,10.70
fold2_room1_mix1175,98,4,0,-172,0,31.08
fold2_room1_mix1175,98,4,0,-19,-4,11.29
fold2_room1_mix1175,99,4,0,-172,0,30.42
fold2_room1_mix1175,99,4,0,-17,-4,11.97
fold2_room1_mix1176,40,4,0,36,-2,11.48
fold2_room1_mix1176,41,4,0,38,-2,12.77
fold2_room1_mix1176,42,4,0,34,-3,11.91
fold2_room1_mix1176,43,2,0,143,-5,6.93
fold2_room1_mix1176,43,4,0,35,-2,13.55
fold2_room1_mix1176,44,2,0,136,-5,7.05
fold2_room1_mix1176,44,4,0,36,-2,13.24
fold2_room1_mix1176,45,2,0,122,-5,7.78
fold2_room1_mix1176,45,4,0,38,-3,12.28
fold2_room1_mix1176,46,2,0,123,-4,9.18
fold2_room1_mix1176,46,4,0,38,-3,11.27
fold2_room1_mix1176,47,2,0,122,-4,3.39
fold2_room1_mix1176,47,4,0,40,-3,11.84
fold2_room1_mix1176,48,4,0,43,-3,10.96
fold2_room1_mix1176,49,4,0,45,-3,11.31
fold2_room1_mix1176,50,4,0,44,-3,11.11
fold2_room1_mix1176,51,4,0,50,-3,11.06
fold2_room1_mix1176,52,2,0,116,-4,6.93
fold2_room1_mix1176,52,4,0,50,-3,10.97
fold2_room1_mix1176,53,2,0,118,-5,7.35
fold2_room1_mix1176,53,4,0,51,-3,10.45
fold2_room1_mix1176,54,2,0,113,-6,6.92
fold2_room1_mix1176,54,4,0,55,-4,9.86
fold2_room1_mix1176,55,2,0,116,-5,3.29
fold2_room1_mix1176,55,4,0,51,-4,11.04
fold2_room1_mix1176,56,2,0,110,-6,5.72
fold2_room1_mix1176,56,4,0,53,-4,10.64
fold2_room1_mix1176,57,4,0,101,-7,11.59
fold2_room1_mix1176,57,4,0,53,-4,10.00
fold2_room1_mix1176,58,4,0,159,-3,13.92
fold2_room1_mix1176,58,4,0,57,-5,9.19
fold2_room1_mix1176,59,4,0,76,-7,10.98
fold2_room1_mix1176,59,4,0,55,-4,9.82
fold2_room1_mix1176,60,4,0,162,-3,13.58
fold2_room1_mix1176,60,4,0,62,-5,9.12
fold2_room1_mix1176,61,4,0,146,-4,13.31
fold2_room1_mix1176,61,4,0,64,-4,9.59
fold2_room1_mix1176,62,4,0,137,-4,11.77
fold2_room1_mix1176,62,4,0,69,-4,8.96
fold2_room1_mix1176,63,2,0,106,-6,5.83
fold2_room1_mix1176,63,4,0,156,-4,12.95
fold2_room1_mix1176,63,4,0,70,-5,8.64
fold2_room1_mix1176,64,2,0,94,-7,6.30
fold2_room1_mix1176,64,4,0,171,-4,12.78
fold2_room1_mix1176,64,4,0,70,-5,8.82
fold2_room1_mix1176,65,2,0,96,-7,6.29
fold2_room1_mix1176,65,4,0,175,-3,13.60
fold2_room1_mix1176,65,4,0,81,-5,8.76
fold2_room1_mix1176,66,2,0,98,-7,6.42
fold2_room1_mix1176,66,4,0,169,-4,12.75
fold2_room1_mix1176,66,4,0,79,-5,9.21
fold2_room1_mix1176,67,2,0,94,-7,6.32
fold2_room1_mix1176,67,4,0,177,-3,13.41
fold2_room1_mix1176,67,4,0,78,-6,9.07
fold2_room1_mix1176,68,2,0,96,-6,1.56
fold2_room1_mix1176,68,4,0,-177,-3,13.87
fold2_room1_mix1176,68,4,0,100,-7,8.70
fold2_room1_mix1176,68,4,0,84,-5,9.82
fold2_room1_mix1176,69,4,0,-174,-4,11.19
fold2_room1_mix1176,69,4,0,135,-6,8.44
fold2_room1_mix1176,69,4,0,91,-6,8.99
fold2_room1_mix1176,70,4,0,176,-4,10.69
fold2_room1_mix1176,70,4,0,135,-7,7.83
fold2_room1_mix1176,70,4,0,105,-7,8.49
fold2_room1_mix1176,71,4,0,-178,-5,9.44
fold2_room1_mix1176,71,4,0,133,-6,7.98
fold2_room1_mix1176,71,4,0,96,-5,9.07
fold2_room1_mix1176,72,4,0,-176,-3,10.38
fold2_room1_mix1176,72,4,0,162,-4,9.05
fold2_room1_mix1176,72,4,0,97,-4,9.98
fold2_room1_mix1176,73,4,0,-177,-3,9.66
fold2_room1_mix1176,73,4,0,146,-4,7.92
fold2_room1_mix1176,73,4,0,114,-3,9.77
fold2_room1_mix1176,74,4,0,-179,-4,9.08
fold2_room1_mix1176,74,4,0,158,-5,7.36
fold2_room1_mix1176,74,4,0,108,-4,9.44
fold2_room1_mix1176,75,4,0,-176,-5,7.62
fold2_room1_mix1176,75,4,0,156,-5,6.95
fold2_room1_mix1176,75,4,0,107,-3,9.78
fold2_room1_mix1176,76,4,0,-170,-6,6.77
fold2_room1_mix1176,76,4,0,166,-6,6.14
fold2_room1_mix1176,76,4,0,109,-4,9.53
fold2_room1_mix1176,77,4,0,-172,-7,5.53
fold2_room1_mix1176,77,4,0,122,-3,9.80
fold2_room1_mix1176,78,4,0,-169,-8,4.97
fold2_room1_mix1176,78,4,0,114,-3,10.21
fold2_room1_mix1176,79,4,0,-155,-13,3.08
fold2_room1_mix1176,79,4,0,119,-3,9.70
fold2_room1_mix1176,80,4,0,-130,-16,1.96
fold2_room1_mix1176,80,4,0,112,-2,11.00
fold2_room1_mix1176,82,4,0,102,1,8.88
fold2_room1_mix1176,82,4,0,-41,-17,1.21
fold2_room1_mix1176,83,4,0,151,-1,7.27
fold2_room1_mix1176,83,4,0,-29,-8,2.56
fold2_room1_mix1176,83,4,0,0,-8,3.57
fold2_room1_mix1176,84,4,0,144,1,10.54
fold2_room1_mix1176,84,4,0,-17,-7,2.70
fold2_room1_mix1176,84,4,0,11,-7,4.09
fold2_room1_mix1176,85,4,0,138,0,13.21
fold2_room1_mix1176,85,4,0,-11,-7,3.37
fold2_room1_mix1176,86,4,0,144,0,12.00
fold2_room1_mix1176,86,4,0,-7,-5,4.41
fold2_room1_mix1176,87,4,0,143,0,13.20
fold2_room1_mix1176,87,4,0,-3,-5,5.12
fold2_room1_mix1176,88,4,0,143,0,15.09
fold2_room1_mix1176,88,4,0,-4,-4,6.02
fold2_room1_mix1176,89,4,0,146,0,14.09
fold2_room1_mix1176,89,4,0,-2,-3,7.63
fold2_room1_mix1176,90,4,0,148,0,13.47
fold2_room1_mix1176,90,4,0,-2,-3,8.14
fold2_room1_mix1176,91,4,0,149,-1,13.71
fold2_room1_mix1176,91,4,0,-2,-2,9.42
fold2_room1_mix1176,92,4,0,148,-1,14.12
fold2_room1_mix1176,92,4,0,-1,-2,10.08
fold2_room1_mix1176,93,4,0,153,-1,13.95
fold2_room1_mix1176,93,4,0,-1,-2,11.16
fold2_room1_mix1176,94,4,0,150,-1,14.51
fold2_room1_mix1176,94,4,0,-1,-1,12.45
fold2_room1_mix1176,95,4,0,151,-1,14.96
fold2_room1_mix1176,95,4,0,0,-2,12.67
fold2_room1_mix1176,96,4,0,145,-2,15.60
fold2_room1_mix1176,96,4,0,0,-1,13.89
fold2_room1_mix1176,99,4,0,152,0,17.43
fold2_room1_mix1176,99,4,0,1,-1,16.13
fold2_room1_mix1176,81,4,0,-71,-20,1.36
fold2_room1_mix1176,97,4,0,0,-1,15.07
fold2_room1_mix1176,98,4,0,1,-1,14.76
fold2_room1_mix1177,0,5,0,72,2,5.40
fold2_room1_mix1177,1,5,0,81,2,12.85
fold2_room1_mix1177,2,5,0,70,2,14.25
fold2_room1_mix1177,3,4,0,-1,0,3.87
fold2_room1_mix1177,3,5,0,81,1,14.04
fold2_room1_mix1177,4,4,0,4,0,16.72
fold2_room1_mix1177,4,5,0,77,2,15.55
fold2_room1_mix1177,5,4,0,4,0,21.10
fold2_room1_mix1177,5,5,0,77,2,13.63
fold2_room1_mix1177,6,4,0,2,0,20.34
fold2_room1_mix1177,6,5,0,79,1,18.39
fold2_room1_mix1177,7,4,0,2,0,29.60
fold2_room1_mix1177,7,5,0,78,1,17.70
fold2_room1_mix1177,8,4,0,4,0,34.30
fold2_room1_mix1177,8,5,0,77,2,14.11
fold2_room1_mix1177,9,4,0,5,0,33.10
fold2_room1_mix1177,9,5,0,82,2,16.23
fold2_room1_mix1177,10,4,0,5,-1,32.25
fold2_room1_mix1177,10,5,0,79,2,13.76
fold2_room1_mix1177,11,4,0,4,-1,31.45
fold2_room1_mix1177,11,5,0,80,2,13.82
fold2_room1_mix1177,12,4,0,5,0,30.55
fold2_room1_mix1177,12,5,0,76,2,15.17
fold2_room1_mix1177,13,4,0,5,0,30.70
fold2_room1_mix1177,13,5,0,78,2,14.12
fold2_room1_mix1177,14,4,0,5,-1,30.45
fold2_room1_mix1177,14,5,0,82,2,14.95
fold2_room1_mix1177,15,4,0,5,-1,29.61
fold2_room1_mix1177,15,5,0,79,2,15.36
fold2_room1_mix1177,16,4,0,5,-1,28.32
fold2_room1_mix1177,16,5,0,78,2,14.70
fold2_room1_mix1177,17,4,0,5,-1,28.44
fold2_room1_mix1177,17,5,0,79,2,14.84
fold2_room1_mix1177,18,4,0,7,0,27.52
fold2_room1_mix1177,18,5,0,78,2,15.18
fold2_room1_mix1177,19,4,0,5,0,27.53
fold2_room1_mix1177,19,5,0,77,2,15.34
fold2_room1_mix1177,20,4,0,5,-1,27.51
fold2_room1_mix1177,20,5,0,79,2,14.85
fold2_room1_mix1177,21,4,0,6,-1,27.53
fold2_room1_mix1177,21,5,0,77,3,12.92
fold2_room1_mix1177,22,4,0,4,-1,26.64
fold2_room1_mix1177,22,5,0,78,2,14.50
fold2_room1_mix1177,23,4,0,6,-1,26.80
fold2_room1_mix1177,23,5,0,79,2,14.09
fold2_room1_mix1177,24,4,0,5,-1,25.41
fold2_room1_mix1177,24,5,0,78,2,13.92
fold2_room1_mix1177,25,4,0,5,-1,27.54
fold2_room1_mix1177,25,5,0,78,3,13.92
fold2_room1_mix1177,26,4,0,5,-1,28.32
fold2_room1_mix1177,26,5,0,79,2,14.57
fold2_room1_mix1177,27,4,0,5,-1,27.96
fold2_room1_mix1177,27,5,0,76,2,13.85
fold2_room1_mix1177,28,4,0,6,-1,26.82
fold2_room1_mix1177,28,5,0,82,3,12.98
fold2_room1_mix1177,29,4,0,7,-1,27.26
fold2_room1_mix1177,29,5,0,77,3,12.89
fold2_room1_mix1177,30,4,0,5,-1,25.57
fold2_room1_mix1177,30,5,0,82,3,13.84
fold2_room1_mix1177,31,4,0,4,-1,25.22
fold2_room1_mix1177,31,5,0,79,2,14.39
fold2_room1_mix1177,32,4,0,6,-1,24.90
fold2_room1_mix1177,32,5,0,80,3,14.66
fold2_room1_mix1177,33,4,0,5,-1,24.48
fold2_room1_mix1177,33,5,0,80,3,13.39
fold2_room1_mix1177,34,4,0,5,-1,24.60
fold2_room1_mix1177,34,5,0,81,2,14.20
fold2_room1_mix1177,35,4,0,4,-1,23.26
fold2_room1_mix1177,35,5,0,79,3,14.65
fold2_room1_mix1177,36,4,0,5,-1,23.21
fold2_room1_mix1177,36,5,0,82,3,14.54
fold2_room1_mix1177,37,4,0,5,-1,22.65
fold2_room1_mix1177,37,5,0,84,3,13.68
fold2_room1_mix1177,38,4,0,5,-1,21.34
fold2_room1_mix1177,38,5,0,82,2,15.08
fold2_room1_mix1177,39,4,0,5,-1,21.02
fold2_room1_mix1177,39,5,0,83,2,14.75
fold2_room1_mix1177,40,4,0,6,-1,20.03
fold2_room1_mix1177,40,5,0,82,2,15.20
fold2_room1_mix1177,41,4,0,7,-1,19.09
fold2_room1_mix1177,41,5,0,82,3,13.85
fold2_room1_mix1177,42,4,0,7,-1,19.20
fold2_room1_mix1177,42,5,0,83,2,15.15
fold2_room1_mix1177,43,4,0,7,-1,18.69
fold2_room1_mix1177,43,5,0,81,2,15.49
fold2_room1_mix1177,44,4,0,7,-1,18.33
fold2_room1_mix1177,44,5,0,79,2,15.46
fold2_room1_mix1177,45,4,0,8,-1,18.54
fold2_room1_mix1177,45,5,0,80,2,15.08
fold2_room1_mix1177,46,4,0,8,-1,17.70
fold2_room1_mix1177,46,5,0,81,2,14.74
fold2_room1_mix1177,47,4,0,8,-2,17.47
fold2_room1_mix1177,47,5,0,81,2,15.46
fold2_room1_mix1177,48,4,0,9,-2,16.78
fold2_room1_mix1177,48,5,0,81,2,14.87
fold2_room1_mix1177,49,4,0,9,-2,15.67
fold2_room1_mix1177,49,5,0,82,2,15.00
fold2_room1_mix1177,50,4,0,10,-2,15.67
fold2_room1_mix1177,50,5,0,81,2,15.35
fold2_room1_mix1177,51,4,0,9,-2,14.87
fold2_room1_mix1177,51,5,0,84,2,16.07
fold2_room1_mix1177,52,4,0,9,-2,13.77
fold2_room1_mix1177,52,5,0,82,2,14.65
fold2_room1_mix1177,53,4,0,9,-2,13.25
fold2_room1_mix1177,53,5,0,85,2,14.57
fold2_room1_mix1177,54,4,0,9,-3,12.00
fold2_room1_mix1177,54,5,0,83,2,15.94
fold2_room1_mix1177,55,4,0,10,-3,11.53
fold2_room1_mix1177,55,5,0,84,2,15.66
fold2_room1_mix1177,56,4,0,11,-3,11.89
fold2_room1_mix1177,56,5,0,86,2,15.42
fold2_room1_mix1177,57,4,0,11,-3,11.17
fold2_room1_mix1177,57,5,0,86,2,15.59
fold2_room1_mix1177,58,4,0,11,-3,10.75
fold2_room1_mix1177,58,5,0,86,2,15.78
fold2_room1_mix1177,59,4,0,12,-3,10.31
fold2_room1_mix1177,59,5,0,86,2,15.24
fold2_room1_mix1177,60,4,0,13,-3,9.52
fold2_room1_mix1177,60,5,0,84,2,14.90
fold2_room1_mix1177,61,4,0,14,-4,9.15
fold2_room1_mix1177,61,5,0,82,2,14.07
fold2_room1_mix1177,62,4,0,15,-4,8.52
fold2_room1_mix1177,62,5,0,84,2,14.75
fold2_room1_mix1177,63,4,0,15,-4,7.72
fold2_room1_mix1177,63,5,0,84,2,15.44
fold2_room1_mix1177,64,4,0,15,-4,7.25
fold2_room1_mix1177,64,5,0,82,2,15.79
fold2_room1_mix1177,65,4,0,16,-5,6.87
fold2_room1_mix1177,65,5,0,81,2,14.96
fold2_room1_mix1177,66,4,0,17,-5,6.33
fold2_room1_mix1177,66,5,0,81,2,15.68
fold2_room1_mix1177,67,4,0,17,-5,5.82
fold2_room1_mix1177,67,5,0,82,2,15.97
fold2_room1_mix1177,68,4,0,19,-6,5.54
fold2_room1_mix1177,68,5,0,79,2,14.86
fold2_room1_mix1177,69,4,0,21,-7,4.82
fold2_room1_mix1177,69,5,0,76,2,15.03
fold2_room1_mix1177,70,4,0,23,-6,4.45
fold2_room1_mix1177,70,5,0,79,2,16.16
fold2_room1_mix1177,71,4,0,24,-7,4.02
fold2_room1_mix1177,71,5,0,80,2,15.83
fold2_room1_mix1177,72,4,0,25,-8,3.88
fold2_room1_mix1177,72,5,0,77,2,15.71
fold2_room1_mix1177,73,4,0,27,-9,3.34
fold2_room1_mix1177,73,5,0,80,2,15.69
fold2_room1_mix1177,74,4,0,31,-11,2.93
fold2_room1_mix1177,74,5,0,81,2,15.46
fold2_room1_mix1177,75,4,0,35,-12,2.83
fold2_room1_mix1177,75,5,0,82,2,16.44
fold2_room1_mix1177,76,4,0,42,-14,2.38
fold2_room1_mix1177,76,5,0,79,2,16.34
fold2_room1_mix1177,77,4,0,50,-16,2.26
fold2_room1_mix1177,77,5,0,81,2,16.48
fold2_room1_mix1177,78,4,0,61,-18,2.11
fold2_room1_mix1177,78,5,0,83,2,16.80
fold2_room1_mix1177,79,4,0,75,-20,2.04
fold2_room1_mix1177,79,5,0,84,2,16.59
fold2_room1_mix1177,80,4,0,89,-21,2.06
fold2_room1_mix1177,80,5,0,85,2,17.01
fold2_room1_mix1177,81,4,0,106,-18,2.30
fold2_room1_mix1177,81,5,0,86,2,16.54
fold2_room1_mix1177,82,4,0,120,-17,2.34
fold2_room1_mix1177,82,5,0,84,2,17.56
fold2_room1_mix1177,83,4,0,132,-14,2.64
fold2_room1_mix1177,83,5,0,89,2,17.55
fold2_room1_mix1177,84,4,0,138,-12,2.85
fold2_room1_mix1177,84,5,0,75,2,16.61
fold2_room1_mix1177,85,4,0,143,-11,3.06
fold2_room1_mix1177,85,5,0,79,2,16.57
fold2_room1_mix1177,86,4,0,149,-11,3.28
fold2_room1_mix1177,86,5,0,84,2,17.63
fold2_room1_mix1177,87,4,0,153,-9,3.69
fold2_room1_mix1177,87,5,0,83,2,17.67
fold2_room1_mix1177,88,4,0,155,-9,3.93
fold2_room1_mix1177,88,5,0,79,2,16.96
fold2_room1_mix1177,89,4,0,157,-8,4.32
fold2_room1_mix1177,89,5,0,83,3,16.56
fold2_room1_mix1177,90,4,0,161,-7,4.68
fold2_room1_mix1177,90,5,0,82,2,17.13
fold2_room1_mix1177,91,4,0,161,-7,5.04
fold2_room1_mix1177,91,5,0,78,2,16.67
fold2_room1_mix1177,92,4,0,162,-6,5.40
fold2_room1_mix1177,92,5,0,75,3,15.58
fold2_room1_mix1177,93,4,0,163,-6,5.71
fold2_room1_mix1177,93,5,0,72,3,14.94
fold2_room1_mix1177,94,4,0,164,-6,6.32
fold2_room1_mix1177,94,5,0,76,2,15.65
fold2_room1_mix1177,95,4,0,166,-5,6.58
fold2_room1_mix1177,95,5,0,74,2,17.01
fold2_room1_mix1177,96,4,0,166,-5,6.89
fold2_room1_mix1177,96,5,0,76,2,16.63
fold2_room1_mix1177,97,4,0,167,-5,7.40
fold2_room1_mix1177,97,5,0,82,3,16.35
fold2_room1_mix1177,98,4,0,167,-5,7.67
fold2_room1_mix1177,98,5,0,74,2,15.84
fold2_room1_mix1177,99,4,0,168,-5,7.56
fold2_room1_mix1177,99,5,0,79,2,16.06
fold2_room1_mix1178,21,3,0,-23,-3,7.62
fold2_room1_mix1178,22,3,0,-32,-3,14.22
fold2_room1_mix1178,23,3,0,-28,-3,11.08
fold2_room1_mix1178,24,3,0,-31,-2,11.41
fold2_room1_mix1178,25,3,0,-37,-2,10.68
fold2_room1_mix1178,26,3,0,-37,-2,11.73
fold2_room1_mix1178,27,3,0,-40,-2,10.75
fold2_room1_mix1178,28,3,0,-32,-2,9.54
fold2_room1_mix1178,29,3,0,-33,-2,8.40
fold2_room1_mix1178,31,3,0,-33,-3,2.75
fold2_room1_mix1178,33,3,0,-41,-3,2.77
fold2_room1_mix1178,37,3,0,-57,-4,6.97
fold2_room1_mix1178,38,3,0,-59,-4,7.77
fold2_room1_mix1178,39,3,0,-65,-5,6.25
fold2_room1_mix1178,40,3,0,-64,-5,6.22
fold2_room1_mix1178,41,3,0,-58,-5,7.21
fold2_room1_mix1178,42,3,0,-61,-5,5.13
fold2_room1_mix1178,43,3,0,-70,-5,5.42
fold2_room1_mix1178,44,3,0,-74,-6,5.71
fold2_room1_mix1178,45,3,0,-82,-6,5.45
fold2_room1_mix1178,46,3,0,-86,-6,5.52
fold2_room1_mix1178,47,3,0,-94,-6,5.42
fold2_room1_mix1178,48,3,0,-90,-5,4.11
fold2_room1_mix1178,49,3,0,-89,-5,3.56
fold2_room1_mix1178,50,3,0,-93,-5,3.65
fold2_room1_mix1178,51,3,0,-99,-5,3.81
fold2_room1_mix1178,52,3,0,-102,-5,3.34
fold2_room1_mix1178,55,3,0,-132,-5,9.33
fold2_room1_mix1178,56,3,0,-135,-5,7.85
fold2_room1_mix1178,57,3,0,-139,-5,8.58
fold2_room1_mix1178,58,3,0,-140,-5,7.55
fold2_room1_mix1178,59,3,0,-142,-5,8.08
fold2_room1_mix1178,60,3,0,-144,-5,8.05
fold2_room1_mix1178,61,3,0,-146,-5,9.04
fold2_room1_mix1178,62,3,0,-146,-5,8.11
fold2_room1_mix1178,63,3,0,-148,-4,9.26
fold2_room1_mix1178,64,3,0,-150,-5,7.46
fold2_room1_mix1178,65,3,0,-151,-4,9.05
fold2_room1_mix1178,66,3,0,-150,-4,6.85
fold2_room1_mix1178,67,3,0,-154,-4,2.78
fold2_room1_mix1178,73,3,0,-157,-4,6.09
fold2_room1_mix1178,74,3,0,-163,-4,14.01
fold2_room1_mix1178,75,3,0,-165,-4,11.29
fold2_room1_mix1178,76,3,0,-163,-4,11.68
fold2_room1_mix1178,77,3,0,-162,-3,12.36
fold2_room1_mix1178,78,3,0,-160,-3,13.41
fold2_room1_mix1178,79,3,0,-162,-3,14.03
fold2_room1_mix1178,80,3,0,-162,-3,10.88
fold2_room1_mix1179,1,4,0,178,0,1.12
fold2_room1_mix1179,2,4,0,179,1,2.60
fold2_room1_mix1179,3,4,0,-176,0,7.92
fold2_room1_mix1179,4,4,0,-177,-1,9.09
fold2_room1_mix1179,5,4,0,-179,-1,10.11
fold2_room1_mix1179,6,4,0,-178,-1,10.38
fold2_room1_mix1179,7,4,0,-178,-2,14.65
fold2_room1_mix1179,8,4,0,-179,-2,14.46
fold2_room1_mix1179,9,4,0,-178,-2,14.46
fold2_room1_mix1179,10,4,0,-176,-2,13.36
fold2_room1_mix1179,11,4,0,-178,-2,13.22
fold2_room1_mix1179,12,4,0,-178,-2,13.75
fold2_room1_mix1179,13,4,0,-177,-2,13.35
fold2_room1_mix1179,14,4,0,-177,-2,12.24
fold2_room1_mix1179,15,4,0,-178,-2,12.42
fold2_room1_mix1179,16,4,0,-179,-2,11.77
fold2_room1_mix1179,17,4,0,-178,-2,12.23
fold2_room1_mix1179,18,4,0,-178,-2,11.60
fold2_room1_mix1179,19,4,0,-179,-2,11.86
fold2_room1_mix1179,20,4,0,-178,-2,11.49
fold2_room1_mix1179,21,4,0,-178,-2,10.81
fold2_room1_mix1179,22,4,0,-178,-2,11.03
fold2_room1_mix1179,23,4,0,-179,-3,10.43
fold2_room1_mix1179,24,4,0,-177,-3,9.84
fold2_room1_mix1179,25,4,0,179,-3,9.92
fold2_room1_mix1179,26,4,0,-178,-3,9.12
fold2_room1_mix1179,27,4,0,-178,-3,9.01
fold2_room1_mix1179,28,4,0,-179,-3,8.69
fold2_room1_mix1179,29,4,0,-179,-4,8.87
fold2_room1_mix1179,30,4,0,-177,-4,8.09
fold2_room1_mix1179,31,4,0,-176,-4,8.15
fold2_room1_mix1179,32,4,0,-178,-4,7.89
fold2_room1_mix1179,33,4,0,-175,-4,7.55
fold2_room1_mix1179,34,4,0,-174,-4,7.06
fold2_room1_mix1179,35,4,0,-177,-5,6.65
fold2_room1_mix1179,36,4,0,-175,-4,6.98
fold2_room1_mix1179,37,4,0,-176,-5,6.46
fold2_room1_mix1179,38,4,0,-176,-5,6.05
fold2_room1_mix1179,39,4,0,-177,-5,6.63
fold2_room1_mix1179,40,4,0,179,-5,5.69
fold2_room1_mix1179,41,4,0,-177,-5,5.54
fold2_room1_mix1179,42,4,0,-174,-6,5.44
fold2_room1_mix1179,43,4,0,-176,-5,5.28
fold2_room1_mix1179,44,0,0,-51,-3,2.61
fold2_room1_mix1179,44,4,0,-176,-5,5.41
fold2_room1_mix1179,45,0,0,-51,-3,3.44
fold2_room1_mix1179,45,4,0,-178,-5,5.39
fold2_room1_mix1179,46,0,0,-48,-4,5.04
fold2_room1_mix1179,46,4,0,-177,-6,5.01
fold2_room1_mix1179,47,0,0,-46,-4,5.26
fold2_room1_mix1179,47,4,0,-178,-6,4.81
fold2_room1_mix1179,48,0,0,-55,-4,5.83
fold2_room1_mix1179,48,4,0,-179,-8,4.46
fold2_room1_mix1179,49,0,0,-60,-5,7.74
fold2_room1_mix1179,49,4,0,177,-8,4.50
fold2_room1_mix1179,50,0,0,-65,-5,7.66
fold2_room1_mix1179,50,4,0,-177,-8,3.94
fold2_room1_mix1179,51,0,0,-62,-5,7.32
fold2_room1_mix1179,51,4,0,-177,-9,3.88
fold2_room1_mix1179,52,0,0,-59,-5,8.07
fold2_room1_mix1179,52,4,0,-177,-8,4.22
fold2_room1_mix1179,53,0,0,-60,-5,7.93
fold2_room1_mix1179,53,4,0,-174,-9,3.58
fold2_room1_mix1179,54,0,0,-59,-5,7.14
fold2_room1_mix1179,54,4,0,-174,-11,3.34
fold2_room1_mix1179,55,0,0,-62,-5,8.05
fold2_room1_mix1179,55,4,0,-172,-11,3.50
fold2_room1_mix1179,56,0,0,-61,-5,7.36
fold2_room1_mix1179,56,4,0,-165,-14,2.78
fold2_room1_mix1179,57,0,0,-62,-5,7.77
fold2_room1_mix1179,57,4,0,-166,-14,2.88
fold2_room1_mix1179,58,0,0,-62,-6,7.46
fold2_room1_mix1179,58,4,0,-157,-17,2.41
fold2_room1_mix1179,59,0,0,-72,-6,5.98
fold2_room1_mix1179,59,4,0,-155,-18,2.43
fold2_room1_mix1179,59,4,0,-153,-19,2.39
fold2_room1_mix1179,60,0,0,-68,-6,6.79
fold2_room1_mix1179,60,4,0,-149,-21,2.20
fold2_room1_mix1179,60,4,0,-120,-27,1.18
fold2_room1_mix1179,61,0,0,-71,-6,6.81
fold2_room1_mix1179,61,4,0,-152,-23,2.26
fold2_room1_mix1179,61,4,0,-107,-29,0.93
fold2_room1_mix1179,61,4,0,-70,-30,2.65
fold2_room1_mix1179,62,0,0,-73,-6,6.81
fold2_room1_mix1179,62,4,0,-144,-28,2.09
fold2_room1_mix1179,62,4,0,-91,-32,0.93
fold2_room1_mix1179,62,4,0,-59,-30,2.46
fold2_room1_mix1179,63,0,0,-74,-6,6.63
fold2_room1_mix1179,63,4,0,-166,-19,3.59
fold2_room1_mix1179,63,4,0,-64,-30,1.28
fold2_room1_mix1179,63,4,0,-42,-23,2.45
fold2_room1_mix1179,64,0,0,-86,-6,7.01
fold2_room1_mix1179,64,4,0,-168,-17,3.21
fold2_room1_mix1179,64,4,0,-50,-25,1.44
fold2_room1_mix1179,64,4,0,-25,-15,3.38
fold2_room1_mix1179,65,0,0,-90,-6,7.23
fold2_room1_mix1179,65,4,0,-177,-13,3.63
fold2_room1_mix1179,65,4,0,-31,-15,2.90
fold2_room1_mix1179,66,0,0,-91,-5,7.94
fold2_room1_mix1179,66,4,0,-179,-13,3.29
fold2_room1_mix1179,66,4,0,-23,-12,3.74
fold2_room1_mix1179,67,0,0,-100,-5,7.12
fold2_room1_mix1179,67,4,0,176,-13,3.48
fold2_room1_mix1179,67,4,0,-22,-12,3.58
fold2_room1_mix1179,68,0,0,-98,-5,7.66
fold2_room1_mix1179,68,4,0,171,-13,3.21
fold2_room1_mix1179,68,4,0,-16,-10,4.53
fold2_room1_mix1179,69,0,0,-100,-5,7.06
fold2_room1_mix1179,69,4,0,159,-14,2.77
fold2_room1_mix1179,69,4,0,-15,-9,5.07
fold2_room1_mix1179,70,0,0,-95,-5,7.07
fold2_room1_mix1179,70,4,0,158,-12,2.82
fold2_room1_mix1179,70,4,0,-13,-7,5.38
fold2_room1_mix1179,71,0,0,-105,-5,7.62
fold2_room1_mix1179,71,4,0,152,-13,2.92
fold2_room1_mix1179,71,4,0,-8,-7,5.70
fold2_room1_mix1179,72,0,0,-106,-5,7.78
fold2_room1_mix1179,72,4,0,147,-16,2.39
fold2_room1_mix1179,72,4,0,-6,-6,6.51
fold2_room1_mix1179,73,0,0,-107,-4,8.03
fold2_room1_mix1179,73,4,0,136,-20,1.84
fold2_room1_mix1179,73,4,0,-6,-7,6.45
fold2_room1_mix1179,74,0,0,-110,-4,7.84
fold2_room1_mix1179,74,4,0,129,-24,1.45
fold2_room1_mix1179,74,4,0,-3,-6,6.58
fold2_room1_mix1179,75,0,0,-112,-4,6.69
fold2_room1_mix1179,75,4,0,117,-30,1.24
fold2_room1_mix1179,75,4,0,-2,-6,7.57
fold2_room1_mix1179,76,0,0,-119,-4,7.47
fold2_room1_mix1179,76,4,0,100,-32,1.09
fold2_room1_mix1179,76,4,0,0,-6,8.59
fold2_room1_mix1179,77,0,0,-127,-3,7.91
fold2_room1_mix1179,77,4,0,94,-35,1.01
fold2_room1_mix1179,77,4,0,-1,-5,9.87
fold2_room1_mix1179,78,0,0,-135,-3,7.37
fold2_room1_mix1179,78,4,0,80,-37,1.04
fold2_room1_mix1179,78,4,0,-3,-3,10.70
fold2_room1_mix1179,79,0,0,-141,-2,8.30
fold2_room1_mix1179,79,4,0,64,-33,1.08
fold2_room1_mix1179,79,4,0,-3,-3,11.73
fold2_room1_mix1179,80,0,0,-140,-3,7.81
fold2_room1_mix1179,80,4,0,58,-31,1.12
fold2_room1_mix1179,80,4,0,-1,-3,11.08
fold2_room1_mix1179,81,0,0,-146,-2,8.85
fold2_room1_mix1179,81,4,0,52,-29,1.42
fold2_room1_mix1179,81,4,0,0,-3,11.81
fold2_room1_mix1179,82,0,0,-151,-2,9.61
fold2_room1_mix1179,82,4,0,45,-27,1.66
fold2_room1_mix1179,82,4,0,-2,-3,12.09
fold2_room1_mix1179,83,0,0,-146,-2,6.91
fold2_room1_mix1179,83,4,0,43,-25,1.37
fold2_room1_mix1179,83,4,0,-3,-2,11.93
fold2_room1_mix1179,84,0,0,-138,-2,4.80
fold2_room1_mix1179,84,4,0,34,-23,1.59
fold2_room1_mix1179,84,4,0,-1,-3,12.32
fold2_room1_mix1179,85,4,0,30,-18,1.73
fold2_room1_mix1179,85,4,0,-2,-2,11.54
fold2_room1_mix1179,86,4,0,30,-16,1.80
fold2_room1_mix1179,86,4,0,-3,-3,9.27
fold2_room1_mix1179,87,4,0,21,-15,2.14
fold2_room1_mix1179,87,4,0,-1,-2,11.82
fold2_room1_mix1179,88,4,0,34,-14,2.53
fold2_room1_mix1179,88,4,0,0,-3,9.42
fold2_room1_mix1179,89,4,0,28,-13,2.48
fold2_room1_mix1179,89,4,0,0,-3,9.80
fold2_room1_mix1179,90,4,0,23,-12,2.76
fold2_room1_mix1179,90,4,0,0,-3,10.15
fold2_room1_mix1179,91,4,0,15,-12,2.75
fold2_room1_mix1179,91,4,0,0,-3,11.90
fold2_room1_mix1179,92,4,0,23,-12,2.91
fold2_room1_mix1179,92,4,0,2,-4,9.69
fold2_room1_mix1179,93,4,0,18,-11,3.42
fold2_room1_mix1179,93,4,0,2,-3,11.22
fold2_room1_mix1179,94,4,0,4,-5,9.13
fold2_room1_mix1179,95,4,0,4,-5,9.14
fold2_room1_mix1179,96,4,0,6,-5,8.91
fold2_room1_mix1179,97,4,0,5,-5,9.97
fold2_room1_mix1179,98,4,0,6,-5,8.35
fold2_room1_mix1179,99,4,0,6,-6,8.50
fold2_room1_mix1180,19,4,0,-171,0,15.85
fold2_room1_mix1180,19,4,0,-19,0,13.18
fold2_room1_mix1180,21,4,0,-173,0,18.48
fold2_room1_mix1180,21,4,0,-17,-1,16.31
fold2_room1_mix1180,22,4,0,-171,-1,20.99
fold2_room1_mix1180,22,4,0,-15,-2,22.49
fold2_room1_mix1180,23,4,0,-176,-2,26.10
fold2_room1_mix1180,23,4,0,-15,-2,22.55
fold2_room1_mix1180,24,0,0,27,-1,6.15
fold2_room1_mix1180,24,4,0,-178,-2,28.07
fold2_room1_mix1180,24,4,0,-10,-3,19.40
fold2_room1_mix1180,25,0,0,31,-1,8.05
fold2_room1_mix1180,25,4,0,-177,-1,21.95
fold2_room1_mix1180,25,4,0,-13,-1,20.70
fold2_room1_mix1180,26,0,0,35,-2,7.87
fold2_room1_mix1180,26,4,0,179,-1,21.56
fold2_room1_mix1180,26,4,0,-15,-2,18.67
fold2_room1_mix1180,27,0,0,42,-1,11.07
fold2_room1_mix1180,27,4,0,-177,-1,21.31
fold2_room1_mix1180,27,4,0,-9,-2,19.43
fold2_room1_mix1180,28,0,0,40,-2,11.94
fold2_room1_mix1180,28,4,0,176,0,20.22
fold2_room1_mix1180,28,4,0,-12,-1,18.14
fold2_room1_mix1180,29,0,0,39,-2,14.41
fold2_room1_mix1180,29,4,0,179,-1,19.79
fold2_room1_mix1180,29,4,0,-9,-2,17.94
fold2_room1_mix1180,30,0,0,40,-2,13.19
fold2_room1_mix1180,30,4,0,178,-1,19.25
fold2_room1_mix1180,30,4,0,-8,-2,18.57
fold2_room1_mix1180,31,0,0,42,-2,16.54
fold2_room1_mix1180,31,4,0,179,-2,15.10
fold2_room1_mix1180,31,4,0,-7,-2,19.15
fold2_room1_mix1180,32,0,0,45,-2,14.37
fold2_room1_mix1180,32,4,0,-176,-2,14.81
fold2_room1_mix1180,32,4,0,-9,-2,18.69
fold2_room1_mix1180,33,0,0,52,-2,11.86
fold2_room1_mix1180,33,4,0,-175,-1,15.87
fold2_room1_mix1180,33,4,0,-7,-2,16.94
fold2_room1_mix1180,34,0,0,57,-2,10.75
fold2_room1_mix1180,34,4,0,-175,-1,15.50
fold2_room1_mix1180,34,4,0,-11,-1,16.53
fold2_room1_mix1180,35,0,0,65,-2,11.60
fold2_room1_mix1180,35,4,0,-175,-2,14.36
fold2_room1_mix1180,35,4,0,-2,-1,20.22
fold2_room1_mix1180,36,0,0,77,-2,12.32
fold2_room1_mix1180,36,4,0,-168,-2,12.97
fold2_room1_mix1180,36,4,0,-3,-1,17.47
fold2_room1_mix1180,37,0,0,84,-2,11.50
fold2_room1_mix1180,37,4,0,-176,-1,11.47
fold2_room1_mix1180,37,4,0,-148,0,12.25
fold2_room1_mix1180,37,4,0,3,0,16.87
fold2_room1_mix1180,38,0,0,93,-3,11.10
fold2_room1_mix1180,38,4,0,-174,-1,11.99
fold2_room1_mix1180,38,4,0,-159,0,12.90
fold2_room1_mix1180,38,4,0,-3,0,17.68
fold2_room1_mix1180,39,0,0,93,-2,11.20
fold2_room1_mix1180,39,4,0,-165,-1,11.19
fold2_room1_mix1180,39,4,0,8,-1,16.56
fold2_room1_mix1180,40,0,0,95,-2,10.55
fold2_room1_mix1180,40,4,0,-164,-1,10.15
fold2_room1_mix1180,40,4,0,7,-1,14.34
fold2_room1_mix1180,41,0,0,102,-2,11.30
fold2_room1_mix1180,41,4,0,-161,0,10.76
fold2_room1_mix1180,41,4,0,3,0,14.98
fold2_room1_mix1180,42,0,0,113,-2,12.01
fold2_room1_mix1180,42,4,0,-169,-2,7.77
fold2_room1_mix1180,42,4,0,-147,0,9.12
fold2_room1_mix1180,42,4,0,6,-2,12.33
fold2_room1_mix1180,43,0,0,114,-2,12.58
fold2_room1_mix1180,43,4,0,-169,-3,7.84
fold2_room1_mix1180,43,4,0,-146,0,9.84
fold2_room1_mix1180,43,4,0,2,-2,12.41
fold2_room1_mix1180,44,0,0,123,-2,12.62
fold2_room1_mix1180,44,4,0,-174,-3,7.02
fold2_room1_mix1180,44,4,0,-144,0,8.65
fold2_room1_mix1180,44,4,0,1,-3,9.99
fold2_room1_mix1180,45,0,0,121,-2,13.80
fold2_room1_mix1180,45,4,0,-170,-3,7.61
fold2_room1_mix1180,45,4,0,-143,-2,6.66
fold2_room1_mix1180,45,4,0,2,-3,9.87
fold2_room1_mix1180,46,0,0,126,-2,15.14
fold2_room1_mix1180,46,4,0,-175,-4,6.43
fold2_room1_mix1180,46,4,0,-131,0,8.42
fold2_room1_mix1180,46,4,0,15,-3,10.70
fold2_room1_mix1180,47,0,0,129,-1,14.85
fold2_room1_mix1180,47,4,0,-172,-3,7.24
fold2_room1_mix1180,47,4,0,-135,-3,6.05
fold2_room1_mix1180,47,4,0,4,-2,11.23
fold2_room1_mix1180,48,0,0,134,-1,15.96
fold2_room1_mix1180,48,4,0,-166,-4,4.82
fold2_room1_mix1180,48,4,0,-123,-3,5.38
fold2_room1_mix1180,48,4,0,18,-2,11.75
fold2_room1_mix1180,49,0,0,136,-1,16.00
fold2_room1_mix1180,49,4,0,-168,-5,4.73
fold2_room1_mix1180,49,4,0,-127,-3,6.13
fold2_room1_mix1180,49,4,0,10,-3,10.84
fold2_room1_mix1180,50,0,0,142,-1,17.22
fold2_room1_mix1180,50,4,0,-166,-5,3.52
fold2_room1_mix1180,50,4,0,-112,-3,5.15
fold2_room1_mix1180,50,4,0,15,-1,12.20
fold2_room1_mix1180,51,0,0,145,-1,16.66
fold2_room1_mix1180,51,4,0,-160,-7,3.54
fold2_room1_mix1180,51,4,0,-114,-6,4.65
fold2_room1_mix1180,51,4,0,21,-3,11.08
fold2_room1_mix1180,52,0,0,150,-1,16.64
fold2_room1_mix1180,52,4,0,-168,-5,4.92
fold2_room1_mix1180,52,4,0,-121,-9,3.07
fold2_room1_mix1180,52,4,0,-6,-1,12.27
fold2_room1_mix1180,53,0,0,158,-1,16.15
fold2_room1_mix1180,53,4,0,-172,-5,6.55
fold2_room1_mix1180,53,4,0,-109,-10,3.16
fold2_room1_mix1180,53,4,0,-25,-4,9.15
fold2_room1_mix1180,54,0,0,158,-1,15.94
fold2_room1_mix1180,54,4,0,-162,-6,5.36
fold2_room1_mix1180,54,4,0,-88,-9,2.97
fold2_room1_mix1180,54,4,0,17,-3,11.11
fold2_room1_mix1180,55,0,0,164,-1,17.70
fold2_room1_mix1180,55,4,0,-176,-5,7.85
fold2_room1_mix1180,55,4,0,-85,-8,3.33
fold2_room1_mix1180,55,4,0,1,-2,10.50
fold2_room1_mix1180,56,0,0,171,-1,15.93
fold2_room1_mix1180,56,4,0,-175,-5,7.93
fold2_room1_mix1180,56,4,0,-74,-7,3.83
fold2_room1_mix1180,56,4,0,-9,-2,10.41
fold2_room1_mix1180,57,0,0,175,-1,20.13
fold2_room1_mix1180,57,4,0,-158,-4,9.08
fold2_room1_mix1180,57,4,0,-59,-7,4.17
fold2_room1_mix1180,57,4,0,1,-3,11.75
fold2_room1_mix1180,58,0,0,170,-1,18.03
fold2_room1_mix1180,58,4,0,-144,-2,9.14
fold2_room1_mix1180,58,4,0,-50,-6,4.29
fold2_room1_mix1180,58,4,0,4,-2,11.22
fold2_room1_mix1180,59,0,0,166,-1,24.66
fold2_room1_mix1180,59,4,0,-158,-1,12.61
fold2_room1_mix1180,59,4,0,-48,-6,4.27
fold2_room1_mix1180,59,4,0,-3,-2,10.61
fold2_room1_mix1180,60,0,0,171,-1,22.75
fold2_room1_mix1180,60,4,0,-142,-2,10.58
fold2_room1_mix1180,60,4,0,-42,-6,4.81
fold2_room1_mix1180,60,4,0,-3,-2,11.64
fold2_room1_mix1180,61,0,0,171,0,26.39
fold2_room1_mix1180,61,4,0,-140,-2,10.06
fold2_room1_mix1180,61,4,0,-43,-4,5.23
fold2_room1_mix1180,61,4,0,-9,-1,10.42
fold2_room1_mix1180,62,0,0,168,0,30.74
fold2_room1_mix1180,62,4,0,-150,-1,11.55
fold2_room1_mix1180,62,4,0,-38,-5,5.42
fold2_room1_mix1180,62,4,0,1,-2,11.61
fold2_room1_mix1180,63,0,0,170,0,29.04
fold2_room1_mix1180,63,4,0,-155,-2,11.02
fold2_room1_mix1180,63,4,0,-35,-4,6.11
fold2_room1_mix1180,63,4,0,-1,-1,10.73
fold2_room1_mix1180,64,0,0,174,0,28.46
fold2_room1_mix1180,64,4,0,-143,-3,10.44
fold2_room1_mix1180,64,4,0,-32,-5,6.26
fold2_room1_mix1180,64,4,0,-1,-2,11.06
fold2_room1_mix1180,65,0,0,172,0,31.96
fold2_room1_mix1180,65,4,0,-135,-3,10.21
fold2_room1_mix1180,65,4,0,-32,-5,6.46
fold2_room1_mix1180,65,4,0,-6,-1,11.19
fold2_room1_mix1180,66,0,0,174,0,23.94
fold2_room1_mix1180,66,4,0,-144,-3,10.30
fold2_room1_mix1180,66,4,0,-25,-4,7.93
fold2_room1_mix1180,66,4,0,-8,-2,11.20
fold2_room1_mix1180,67,0,0,171,0,22.74
fold2_room1_mix1180,67,4,0,-145,-2,10.08
fold2_room1_mix1180,67,4,0,-23,-5,6.86
fold2_room1_mix1180,67,4,0,-6,-1,11.72
fold2_room1_mix1180,68,0,0,173,0,16.42
fold2_room1_mix1180,68,4,0,-148,-2,9.73
fold2_room1_mix1180,68,4,0,-23,-4,6.81
fold2_room1_mix1180,68,4,0,-5,-1,11.69
fold2_room1_mix1180,69,0,0,172,0,12.30
fold2_room1_mix1180,69,4,0,-150,-2,10.58
fold2_room1_mix1180,69,4,0,-22,-5,7.55
fold2_room1_mix1180,69,4,0,-5,-2,11.39
fold2_room1_mix1180,70,4,0,-152,-2,10.51
fold2_room1_mix1180,70,4,0,-23,-4,7.12
fold2_room1_mix1180,70,4,0,-6,-2,11.22
fold2_room1_mix1180,71,4,0,-154,-2,10.97
fold2_room1_mix1180,71,4,0,-22,-4,7.73
fold2_room1_mix1180,71,4,0,-6,-2,11.96
fold2_room1_mix1180,72,4,0,-151,-2,10.34
fold2_room1_mix1180,72,4,0,-24,-5,6.95
fold2_room1_mix1180,72,4,0,-9,-3,10.34
fold2_room1_mix1180,73,4,0,-154,-1,10.65
fold2_room1_mix1180,73,4,0,-27,-4,6.72
fold2_room1_mix1180,73,4,0,-11,-3,9.41
fold2_room1_mix1180,74,4,0,-151,-2,9.23
fold2_room1_mix1180,74,4,0,-22,-4,7.92
fold2_room1_mix1180,75,4,0,-151,0,10.86
fold2_room1_mix1180,75,4,0,-24,-4,7.24
fold2_room1_mix1180,76,4,0,-146,-1,8.67
fold2_room1_mix1180,76,4,0,-26,-4,6.62
fold2_room1_mix1180,77,4,0,-143,-2,7.89
fold2_room1_mix1180,77,4,0,-35,-4,6.07
fold2_room1_mix1180,78,4,0,-140,-1,10.07
fold2_room1_mix1180,78,4,0,-41,-5,5.40
fold2_room1_mix1180,79,4,0,-136,1,9.77
fold2_room1_mix1180,79,4,0,-69,-5,3.12
fold2_room1_mix1180,79,4,0,-54,-4,4.03
fold2_room1_mix1180,80,4,0,-131,0,6.00
fold2_room1_mix1180,80,4,0,-97,-5,2.34
fold2_room1_mix1180,80,4,0,-73,-5,3.08
fold2_room1_mix1180,81,0,0,175,-1,7.00
fold2_room1_mix1180,81,4,0,-144,0,8.30
fold2_room1_mix1180,81,4,0,-118,-5,2.45
fold2_room1_mix1180,81,4,0,-102,-5,2.84
fold2_room1_mix1180,82,0,0,174,-1,10.32
fold2_room1_mix1180,82,4,0,-130,-4,3.85
fold2_room1_mix1180,83,0,0,171,0,20.89
fold2_room1_mix1180,83,4,0,-144,-3,4.23
fold2_room1_mix1180,84,0,0,177,0,10.57
fold2_room1_mix1180,84,4,0,-145,-4,4.87
fold2_room1_mix1180,84,4,0,-118,-2,6.83
fold2_room1_mix1180,85,0,0,175,0,14.89
fold2_room1_mix1180,85,4,0,-147,-3,5.51
fold2_room1_mix1180,86,0,0,175,0,13.77
fold2_room1_mix1180,86,4,0,-149,-2,5.71
fold2_room1_mix1180,87,0,0,172,0,7.57
fold2_room1_mix1180,87,4,0,-152,-2,5.96
fold2_room1_mix1180,88,0,0,173,0,12.81
fold2_room1_mix1180,88,4,0,-156,-2,7.56
fold2_room1_mix1180,89,0,0,175,0,6.81
fold2_room1_mix1180,89,4,0,-155,-2,6.96
fold2_room1_mix1180,90,4,0,-157,-2,7.70
fold2_room1_mix1180,91,4,0,-158,-2,8.60
fold2_room1_mix1180,92,4,0,-159,-2,8.61
fold2_room1_mix1180,93,4,0,-160,-2,9.33
fold2_room1_mix1180,94,4,0,-160,-1,10.99
fold2_room1_mix1180,95,4,0,-162,-1,11.24
fold2_room1_mix1180,96,4,0,-162,-1,11.60
fold2_room1_mix1180,97,4,0,-162,-1,12.67
fold2_room1_mix1180,98,4,0,-165,-1,13.50
fold2_room1_mix1180,99,4,0,-164,-1,13.04
fold2_room1_mix1180,20,4,0,-23,0,13.41
fold2_room1_mix1181,33,4,0,-165,-1,9.50
fold2_room1_mix1181,34,4,0,-165,-1,10.27
fold2_room1_mix1181,35,4,0,-155,-1,11.66
fold2_room1_mix1181,36,4,0,-153,-1,12.74
fold2_room1_mix1181,37,4,0,-155,-1,14.72
fold2_room1_mix1181,38,4,0,-151,-1,15.48
fold2_room1_mix1181,39,4,0,-147,-1,14.81
fold2_room1_mix1181,40,4,0,-143,-1,14.50
fold2_room1_mix1181,41,4,0,-145,-1,13.90
fold2_room1_mix1181,42,4,0,-158,-1,13.63
fold2_room1_mix1181,42,4,0,-139,-1,13.62
fold2_room1_mix1181,43,4,0,-144,-1,13.99
fold2_room1_mix1181,44,4,0,-158,-2,13.28
fold2_room1_mix1181,44,4,0,-135,-1,13.02
fold2_room1_mix1181,45,4,0,-160,-1,12.44
fold2_room1_mix1181,45,4,0,-143,-1,12.63
fold2_room1_mix1181,45,4,0,-118,-1,12.57
fold2_room1_mix1181,46,4,0,-164,-2,11.59
fold2_room1_mix1181,46,4,0,-148,-1,11.44
fold2_room1_mix1181,46,4,0,-122,-1,12.85
fold2_room1_mix1181,47,4,0,-167,-1,11.89
fold2_room1_mix1181,47,4,0,-135,-1,11.17
fold2_room1_mix1181,47,4,0,-112,-1,11.98
fold2_room1_mix1181,48,4,0,-172,-2,11.49
fold2_room1_mix1181,48,4,0,-144,-2,10.81
fold2_room1_mix1181,48,4,0,-106,-2,10.84
fold2_room1_mix1181,49,4,0,-169,-2,11.31
fold2_room1_mix1181,49,4,0,-141,-3,9.91
fold2_room1_mix1181,49,4,0,-107,-2,10.64
fold2_room1_mix1181,50,4,0,-174,-1,11.31
fold2_room1_mix1181,50,4,0,-144,-3,9.10
fold2_room1_mix1181,50,4,0,-103,-3,9.19
fold2_room1_mix1181,51,4,0,-170,-2,11.06
fold2_room1_mix1181,51,4,0,-110,-3,9.23
fold2_room1_mix1181,52,4,0,-176,-3,9.89
fold2_room1_mix1181,52,4,0,-110,-3,9.14
fold2_room1_mix1181,53,4,0,-179,-2,10.63
fold2_room1_mix1181,53,4,0,-108,-4,8.10
fold2_room1_mix1181,54,4,0,179,-3,9.54
fold2_room1_mix1181,54,4,0,-153,-5,7.79
fold2_room1_mix1181,54,4,0,-97,-4,8.16
fold2_room1_mix1181,55,4,0,174,-4,8.63
fold2_room1_mix1181,55,4,0,-100,-4,8.30
fold2_room1_mix1181,56,4,0,174,-6,7.36
fold2_room1_mix1181,56,4,0,-94,-3,9.24
fold2_room1_mix1181,57,4,0,172,-6,7.12
fold2_room1_mix1181,57,4,0,-83,-5,7.63
fold2_room1_mix1181,58,4,0,160,-4,6.55
fold2_room1_mix1181,58,4,0,174,-10,5.39
fold2_room1_mix1181,58,4,0,-84,-4,7.04
fold2_room1_mix1181,59,4,0,145,-7,6.12
fold2_room1_mix1181,59,4,0,-83,-5,8.11
fold2_room1_mix1181,60,4,0,140,-7,5.46
fold2_room1_mix1181,60,4,0,118,-9,4.14
fold2_room1_mix1181,60,4,0,-73,-5,7.32
fold2_room1_mix1181,61,4,0,110,-9,4.73
fold2_room1_mix1181,61,4,0,-69,-4,7.71
fold2_room1_mix1181,62,4,0,88,-10,3.79
fold2_room1_mix1181,62,4,0,-68,-6,5.59
fold2_room1_mix1181,63,4,0,77,-9,4.08
fold2_room1_mix1181,63,4,0,-62,-4,5.52
fold2_room1_mix1181,64,4,0,71,-8,4.79
fold2_room1_mix1181,64,4,0,-59,-5,5.07
fold2_room1_mix1181,65,4,0,47,-8,5.59
fold2_room1_mix1181,65,4,0,-49,-6,5.80
fold2_room1_mix1181,66,4,0,-55,-1,8.84
fold2_room1_mix1181,66,4,0,40,-8,4.60
fold2_room1_mix1181,66,4,0,9,-8,5.01
fold2_room1_mix1181,67,4,0,-46,-2,7.92
fold2_room1_mix1181,67,4,0,28,-8,4.77
fold2_room1_mix1181,67,4,0,-1,-7,5.37
fold2_room1_mix1181,68,4,0,-62,-1,10.53
fold2_room1_mix1181,68,4,0,22,-7,5.87
fold2_room1_mix1181,68,4,0,-1,-7,5.72
fold2_room1_mix1181,69,4,0,-50,-1,11.46
fold2_room1_mix1181,69,4,0,20,-6,6.87
fold2_room1_mix1181,70,4,0,-45,-1,10.17
fold2_room1_mix1181,70,4,0,14,-4,7.45
fold2_room1_mix1181,71,4,0,-51,-1,11.15
fold2_room1_mix1181,71,4,0,13,-4,7.89
fold2_room1_mix1181,72,4,0,-47,-1,11.84
fold2_room1_mix1181,72,4,0,12,-4,8.66
fold2_room1_mix1181,73,4,0,-38,-1,11.70
fold2_room1_mix1181,73,4,0,7,-3,9.63
fold2_room1_mix1181,74,4,0,-33,-1,11.90
fold2_room1_mix1181,74,4,0,11,-3,10.33
fold2_room1_mix1181,75,4,0,-35,-1,12.24
fold2_room1_mix1181,75,4,0,8,-3,10.30
fold2_room1_mix1181,76,4,0,-31,-1,12.93
fold2_room1_mix1181,76,4,0,4,-3,11.10
fold2_room1_mix1181,77,4,0,-27,-2,12.10
fold2_room1_mix1181,77,4,0,0,-2,11.18
fold2_room1_mix1181,78,4,0,-17,-2,12.81
fold2_room1_mix1181,78,4,0,1,-2,11.64
fold2_room1_mix1181,79,4,0,-9,-2,12.21
fold2_room1_mix1181,80,4,0,-6,-2,12.51
fold2_room1_mix1181,81,4,0,-8,-2,11.03
fold2_room1_mix1181,82,4,0,-9,-1,8.92
fold2_room1_mix1181,83,4,0,-12,-2,8.09
fold2_room1_mix1182,1,4,0,-176,1,0.35
fold2_room1_mix1182,1,4,0,1,1,0.38
fold2_room1_mix1182,2,4,0,178,1,0.28
fold2_room1_mix1182,2,4,0,1,1,0.31
fold2_room1_mix1182,3,4,0,-171,1,2.23
fold2_room1_mix1182,3,4,0,-1,2,2.42
fold2_room1_mix1182,4,4,0,-168,0,9.20
fold2_room1_mix1182,4,4,0,1,0,9.94
fold2_room1_mix1182,5,4,0,-165,0,10.43
fold2_room1_mix1182,5,4,0,1,0,9.95
fold2_room1_mix1182,6,4,0,-165,0,16.23
fold2_room1_mix1182,6,4,0,2,0,15.65
fold2_room1_mix1182,7,4,0,-166,0,23.35
fold2_room1_mix1182,7,4,0,3,-1,23.25
fold2_room1_mix1182,8,4,0,-163,0,26.41
fold2_room1_mix1182,8,4,0,3,-1,27.48
fold2_room1_mix1182,9,4,0,-160,0,27.22
fold2_room1_mix1182,9,4,0,4,-1,28.34
fold2_room1_mix1182,10,4,0,-162,0,25.36
fold2_room1_mix1182,10,4,0,4,-1,27.47
fold2_room1_mix1182,11,4,0,-159,0,25.49
fold2_room1_mix1182,11,4,0,4,-1,27.65
fold2_room1_mix1182,12,4,0,-159,0,24.23
fold2_room1_mix1182,12,4,0,5,-1,26.04
fold2_room1_mix1182,13,4,0,-157,0,22.42
fold2_room1_mix1182,13,4,0,4,-1,24.31
fold2_room1_mix1182,14,4,0,-157,0,25.09
fold2_room1_mix1182,14,4,0,4,-2,27.03
fold2_room1_mix1182,15,4,0,-156,0,23.58
fold2_room1_mix1182,15,4,0,3,-1,26.28
fold2_room1_mix1182,16,4,0,-156,0,22.70
fold2_room1_mix1182,16,4,0,3,-2,23.77
fold2_room1_mix1182,17,4,0,-158,0,25.31
fold2_room1_mix1182,17,4,0,1,-1,26.09
fold2_room1_mix1182,18,4,0,-158,-1,24.21
fold2_room1_mix1182,18,4,0,4,-2,25.52
fold2_room1_mix1182,19,4,0,-157,-1,23.33
fold2_room1_mix1182,19,4,0,3,-2,23.79
fold2_room1_mix1182,20,4,0,-157,-1,21.90
fold2_room1_mix1182,20,4,0,3,-2,24.41
fold2_room1_mix1182,21,4,0,-154,-1,23.73
fold2_room1_mix1182,21,4,0,3,-2,25.20
fold2_room1_mix1182,22,4,0,-155,-1,23.70
fold2_room1_mix1182,22,4,0,2,-2,23.91
fold2_room1_mix1182,23,4,0,-156,-1,22.09
fold2_room1_mix1182,23,4,0,2,-2,22.44
fold2_room1_mix1182,24,4,0,-153,-1,21.54
fold2_room1_mix1182,24,4,0,1,-2,21.97
fold2_room1_mix1182,25,4,0,-154,-1,21.97
fold2_room1_mix1182,25,4,0,0,-2,21.95
fold2_room1_mix1182,26,4,0,-155,-1,20.19
fold2_room1_mix1182,26,4,0,1,-2,20.08
fold2_room1_mix1182,27,4,0,-156,-1,20.49
fold2_room1_mix1182,27,4,0,0,-2,20.37
fold2_room1_mix1182,28,4,0,-156,-1,18.60
fold2_room1_mix1182,28,4,0,1,-2,18.45
fold2_room1_mix1182,29,4,0,-157,-1,19.21
fold2_room1_mix1182,29,4,0,3,-2,19.18
fold2_room1_mix1182,30,4,0,-160,-1,19.16
fold2_room1_mix1182,30,4,0,0,-2,18.06
fold2_room1_mix1182,31,4,0,-161,-1,18.66
fold2_room1_mix1182,31,4,0,3,-2,17.59
fold2_room1_mix1182,32,4,0,-164,-1,18.40
fold2_room1_mix1182,32,4,0,0,-2,17.21
fold2_room1_mix1182,33,4,0,-162,-1,18.36
fold2_room1_mix1182,33,4,0,-1,-2,16.47
fold2_room1_mix1182,34,4,0,-163,-1,18.67
fold2_room1_mix1182,34,4,0,1,-2,15.95
fold2_room1_mix1182,35,4,0,-160,-1,17.87
fold2_room1_mix1182,35,4,0,3,-2,15.02
fold2_room1_mix1182,36,4,0,-156,-1,17.18
fold2_room1_mix1182,36,4,0,23,-2,13.22
fold2_room1_mix1182,36,4,0,-2,-1,15.94
fold2_room1_mix1182,37,4,0,-154,-1,16.31
fold2_room1_mix1182,37,4,0,17,-3,12.52
fold2_room1_mix1182,37,4,0,1,-2,14.72
fold2_room1_mix1182,38,4,0,-156,-1,16.96
fold2_room1_mix1182,38,4,0,25,-3,12.48
fold2_room1_mix1182,38,4,0,0,-2,15.61
fold2_room1_mix1182,39,4,0,-156,-1,14.50
fold2_room1_mix1182,39,4,0,31,-3,10.62
fold2_room1_mix1182,39,4,0,-5,-2,12.63
fold2_room1_mix1182,40,4,0,-154,-1,15.31
fold2_room1_mix1182,40,4,0,44,-3,11.44
fold2_room1_mix1182,40,4,0,-10,-2,12.78
fold2_room1_mix1182,41,4,0,165,-1,14.59
fold2_room1_mix1182,41,4,0,-57,-3,9.38
fold2_room1_mix1182,41,4,0,17,-2,11.71
fold2_room1_mix1182,42,4,0,-175,-1,14.29
fold2_room1_mix1182,42,4,0,1,-4,10.39
fold2_room1_mix1182,43,4,0,167,-1,13.60
fold2_room1_mix1182,43,4,0,-54,-6,7.76
fold2_room1_mix1182,43,4,0,14,-3,9.97
fold2_room1_mix1182,44,4,0,149,-2,13.70
fold2_room1_mix1182,44,4,0,-65,-4,7.17
fold2_room1_mix1182,44,4,0,24,-4,8.25
fold2_room1_mix1182,45,4,0,146,-1,13.08
fold2_room1_mix1182,45,4,0,-67,-5,5.72
fold2_room1_mix1182,45,4,0,24,-4,7.43
fold2_room1_mix1182,46,4,0,143,-1,13.25
fold2_room1_mix1182,46,4,0,-73,-8,4.57
fold2_room1_mix1182,46,4,0,24,-4,7.30
fold2_room1_mix1182,47,4,0,147,-3,12.86
fold2_room1_mix1182,47,4,0,-77,-8,4.46
fold2_room1_mix1182,47,4,0,20,-6,6.49
fold2_room1_mix1182,48,4,0,147,-2,13.09
fold2_room1_mix1182,48,4,0,-83,-11,3.32
fold2_room1_mix1182,48,4,0,18,-6,5.90
fold2_room1_mix1182,49,4,0,149,-2,13.74
fold2_room1_mix1182,49,4,0,-93,-13,3.15
fold2_room1_mix1182,49,4,0,19,-12,5.28
fold2_room1_mix1182,50,4,0,150,-1,14.97
fold2_room1_mix1182,50,4,0,-107,-14,3.16
fold2_room1_mix1182,51,4,0,162,-3,11.60
fold2_room1_mix1182,51,4,0,-120,-9,4.36
fold2_room1_mix1182,52,4,0,-161,-5,6.80
fold2_room1_mix1182,52,4,0,-138,-10,4.19
fold2_room1_mix1182,52,4,0,106,-2,9.06
fold2_room1_mix1182,53,4,0,179,-6,7.28
fold2_room1_mix1182,53,4,0,-126,-7,4.39
fold2_room1_mix1182,53,4,0,115,-2,8.93
fold2_room1_mix1182,54,4,0,-159,-6,6.52
fold2_room1_mix1182,54,4,0,-140,-6,5.55
fold2_room1_mix1182,54,4,0,121,-1,10.19
fold2_room1_mix1182,55,4,0,-138,-4,5.86
fold2_room1_mix1182,55,4,0,153,-3,7.89
fold2_room1_mix1182,55,4,0,126,-1,9.97
fold2_room1_mix1182,56,4,0,-152,-4,6.42
fold2_room1_mix1182,56,4,0,121,-1,11.08
fold2_room1_mix1182,57,4,0,-161,-4,7.34
fold2_room1_mix1182,57,4,0,125,-1,11.81
fold2_room1_mix1182,58,4,0,-138,-3,6.57
fold2_room1_mix1182,58,4,0,152,0,10.75
fold2_room1_mix1182,58,4,0,133,-1,11.93
fold2_room1_mix1182,59,4,0,-131,-2,6.46
fold2_room1_mix1182,59,4,0,135,0,12.15
fold2_room1_mix1182,60,4,0,-137,-3,6.88
fold2_room1_mix1182,60,4,0,149,0,12.17
fold2_room1_mix1182,60,4,0,133,-1,11.86
fold2_room1_mix1182,61,4,0,-140,-2,7.33
fold2_room1_mix1182,61,4,0,177,0,11.64
fold2_room1_mix1182,61,4,0,133,-1,11.74
fold2_room1_mix1182,62,4,0,-140,-1,8.67
fold2_room1_mix1182,62,4,0,168,0,12.54
fold2_room1_mix1182,62,4,0,137,-1,12.53
fold2_room1_mix1182,63,4,0,175,0,11.15
fold2_room1_mix1182,63,4,0,157,0,13.68
fold2_room1_mix1182,63,4,0,-144,-4,9.33
fold2_room1_mix1182,64,4,0,156,0,13.45
fold2_room1_mix1182,64,4,0,-130,-4,8.35
fold2_room1_mix1182,65,4,0,157,1,14.26
fold2_room1_mix1182,65,4,0,-131,-4,8.84
fold2_room1_mix1182,66,4,0,155,0,15.58
fold2_room1_mix1182,66,4,0,-123,-6,6.76
fold2_room1_mix1182,67,4,0,153,0,17.85
fold2_room1_mix1182,67,4,0,-119,-6,6.30
fold2_room1_mix1182,68,4,0,152,1,18.63
fold2_room1_mix1182,68,4,0,-115,-6,6.67
fold2_room1_mix1182,69,4,0,167,0,19.42
fold2_room1_mix1182,69,4,0,150,1,20.57
fold2_room1_mix1182,69,4,0,-110,-7,6.41
fold2_room1_mix1182,70,4,0,164,0,20.58
fold2_room1_mix1182,70,4,0,147,1,20.79
fold2_room1_mix1182,70,4,0,-108,-7,6.52
fold2_room1_mix1182,71,4,0,167,0,21.80
fold2_room1_mix1182,71,4,0,148,1,23.00
fold2_room1_mix1182,71,4,0,-105,-6,6.60
fold2_room1_mix1182,72,4,0,155,0,22.51
fold2_room1_mix1182,72,4,0,-101,-7,6.54
fold2_room1_mix1182,73,4,0,169,0,22.52
fold2_room1_mix1182,73,4,0,147,1,23.64
fold2_room1_mix1182,73,4,0,-99,-7,6.49
fold2_room1_mix1182,74,4,0,167,0,24.55
fold2_room1_mix1182,74,4,0,147,1,23.45
fold2_room1_mix1182,74,4,0,-98,-6,7.10
fold2_room1_mix1182,75,4,0,174,0,26.43
fold2_room1_mix1182,75,4,0,147,1,24.83
fold2_room1_mix1182,75,4,0,-89,-6,7.28
fold2_room1_mix1182,76,4,0,160,0,25.51
fold2_room1_mix1182,76,4,0,-85,-6,7.63
fold2_room1_mix1182,77,4,0,173,0,28.03
fold2_room1_mix1182,77,4,0,151,0,25.31
fold2_room1_mix1182,77,4,0,-75,-5,7.77
fold2_room1_mix1182,78,4,0,163,0,27.13
fold2_room1_mix1182,78,4,0,-76,-6,7.78
fold2_room1_mix1182,79,4,0,166,0,26.66
fold2_room1_mix1182,79,4,0,-70,-5,7.97
fold2_room1_mix1182,80,4,0,167,0,27.08
fold2_room1_mix1182,80,4,0,-69,-5,8.50
fold2_room1_mix1182,81,4,0,170,0,29.21
fold2_room1_mix1182,81,4,0,-59,-5,9.17
fold2_room1_mix1182,82,4,0,165,-1,36.62
fold2_room1_mix1182,82,4,0,-172,-1,22.36
fold2_room1_mix1182,82,4,0,-56,-5,9.87
fold2_room1_mix1182,83,4,0,174,0,30.19
fold2_room1_mix1182,83,4,0,-53,-4,9.56
fold2_room1_mix1182,84,4,0,165,-1,37.18
fold2_room1_mix1182,84,4,0,-165,0,21.50
fold2_room1_mix1182,84,4,0,-49,-4,10.89
fold2_room1_mix1182,85,4,0,165,-1,37.90
fold2_room1_mix1182,85,4,0,-158,-1,20.41
fold2_room1_mix1182,85,4,0,-44,-4,10.85
fold2_room1_mix1182,86,4,0,167,-1,38.53
fold2_room1_mix1182,86,4,0,-169,0,23.33
fold2_room1_mix1182,86,4,0,-46,-3,10.94
fold2_room1_mix1182,87,4,0,169,-1,37.47
fold2_room1_mix1182,87,4,0,-166,0,22.24
fold2_room1_mix1182,87,4,0,-43,-3,11.26
fold2_room1_mix1182,88,4,0,169,-1,37.59
fold2_room1_mix1182,88,4,0,-166,0,22.80
fold2_room1_mix1182,88,4,0,-42,-3,11.63
fold2_room1_mix1182,89,4,0,167,-1,38.94
fold2_room1_mix1182,89,4,0,-161,-1,19.73
fold2_room1_mix1182,89,4,0,-37,-3,12.66
fold2_room1_mix1182,90,4,0,169,-1,37.45
fold2_room1_mix1182,90,4,0,-161,-1,19.33
fold2_room1_mix1182,90,4,0,-36,-3,12.25
fold2_room1_mix1182,91,4,0,172,-1,40.63
fold2_room1_mix1182,91,4,0,-159,0,20.89
fold2_room1_mix1182,91,4,0,-36,-3,13.68
fold2_room1_mix1182,92,4,0,168,-1,42.08
fold2_room1_mix1182,92,4,0,-155,-3,16.49
fold2_room1_mix1182,92,4,0,-32,-3,14.20
fold2_room1_mix1182,93,4,0,168,-1,41.03
fold2_room1_mix1182,93,4,0,-162,-2,18.72
fold2_room1_mix1182,93,4,0,-36,-2,14.06
fold2_room1_mix1182,94,4,0,173,-1,47.44
fold2_room1_mix1182,94,4,0,-152,-2,18.93
fold2_room1_mix1182,94,4,0,-33,-3,15.79
fold2_room1_mix1182,95,4,0,173,-1,44.91
fold2_room1_mix1182,95,4,0,-155,-2,18.57
fold2_room1_mix1182,95,4,0,-34,-3,14.78
fold2_room1_mix1182,96,4,0,174,0,45.91
fold2_room1_mix1182,96,4,0,-160,-2,20.00
fold2_room1_mix1182,96,4,0,-35,-2,15.48
fold2_room1_mix1182,97,4,0,174,0,48.75
fold2_room1_mix1182,97,4,0,-160,-1,21.51
fold2_room1_mix1182,97,4,0,-33,-2,17.91
fold2_room1_mix1182,98,4,0,172,0,50.70
fold2_room1_mix1182,98,4,0,-162,-2,20.96
fold2_room1_mix1182,98,4,0,-33,-3,17.28
fold2_room1_mix1182,99,4,0,172,0,43.61
fold2_room1_mix1182,99,4,0,-171,-2,23.42
fold2_room1_mix1182,99,4,0,-34,-3,16.25
fold2_room1_mix1183,3,4,0,-179,0,2.87
fold2_room1_mix1183,4,4,0,-179,0,10.31
fold2_room1_mix1183,5,4,0,177,0,11.54
fold2_room1_mix1183,6,4,0,-179,0,14.60
fold2_room1_mix1183,7,4,0,178,0,19.12
fold2_room1_mix1183,8,4,0,178,-1,18.21
fold2_room1_mix1183,9,4,0,178,-1,18.32
fold2_room1_mix1183,10,4,0,-179,-1,16.99
fold2_room1_mix1183,11,4,0,177,-1,17.56
fold2_room1_mix1183,12,4,0,-177,-1,17.37
fold2_room1_mix1183,13,4,0,-178,-1,16.58
fold2_room1_mix1183,14,4,0,-176,0,17.97
fold2_room1_mix1183,15,4,0,-177,0,16.57
fold2_room1_mix1183,16,1,0,11,-2,31.59
fold2_room1_mix1183,16,4,0,179,0,16.44
fold2_room1_mix1183,17,1,0,16,-3,41.72
fold2_room1_mix1183,17,4,0,-176,0,18.90
fold2_room1_mix1183,18,1,0,29,-3,31.61
fold2_room1_mix1183,18,4,0,-172,0,15.31
fold2_room1_mix1183,19,4,0,-171,-1,15.86
fold2_room1_mix1183,20,1,0,18,-2,31.60
fold2_room1_mix1183,20,4,0,-173,-1,17.27
fold2_room1_mix1183,21,1,0,23,-2,31.00
fold2_room1_mix1183,21,4,0,-176,-1,15.03
fold2_room1_mix1183,22,1,0,24,-2,41.09
fold2_room1_mix1183,22,4,0,-173,-1,17.11
fold2_room1_mix1183,23,1,0,20,-2,7.93
fold2_room1_mix1183,23,4,0,-170,-1,16.71
fold2_room1_mix1183,24,1,0,25,-2,21.48
fold2_room1_mix1183,24,4,0,-169,-2,15.52
fold2_room1_mix1183,25,1,0,23,-2,33.73
fold2_room1_mix1183,25,4,0,-172,-2,16.42
fold2_room1_mix1183,26,1,0,24,-2,25.47
fold2_room1_mix1183,26,4,0,-170,-1,16.29
fold2_room1_mix1183,27,1,0,28,-3,20.84
fold2_room1_mix1183,27,4,0,-168,-1,14.79
fold2_room1_mix1183,28,4,0,-172,-2,14.00
fold2_room1_mix1183,29,1,0,28,-2,24.02
fold2_room1_mix1183,29,4,0,-173,-2,13.83
fold2_room1_mix1183,30,1,0,25,-2,23.92
fold2_room1_mix1183,30,4,0,-171,-2,14.53
fold2_room1_mix1183,31,1,0,25,-2,25.95
fold2_room1_mix1183,31,4,0,-174,-2,14.39
fold2_room1_mix1183,32,4,0,-169,-2,14.70
fold2_room1_mix1183,33,1,0,29,-2,19.67
fold2_room1_mix1183,33,4,0,-172,-3,13.81
fold2_room1_mix1183,34,1,0,24,-2,22.71
fold2_room1_mix1183,34,4,0,-176,-2,13.43
fold2_room1_mix1183,35,1,0,29,-2,21.72
fold2_room1_mix1183,35,4,0,-170,-2,14.53
fold2_room1_mix1183,36,1,0,34,-3,13.94
fold2_room1_mix1183,36,4,0,-173,-1,16.19
fold2_room1_mix1183,37,4,0,-171,-2,14.22
fold2_room1_mix1183,38,4,0,-171,-2,12.85
fold2_room1_mix1183,39,4,0,-173,-2,12.92
fold2_room1_mix1183,40,4,0,-171,-2,11.97
fold2_room1_mix1183,41,4,0,-170,-2,12.38
fold2_room1_mix1183,42,4,0,-172,-2,11.37
fold2_room1_mix1183,43,4,0,-169,-2,11.14
fold2_room1_mix1183,44,4,0,-169,-2,10.94
fold2_room1_mix1183,45,4,0,-169,-2,10.49
fold2_room1_mix1183,46,4,0,-170,-2,10.67
fold2_room1_mix1183,47,4,0,-170,-3,10.31
fold2_room1_mix1183,48,4,0,-169,-3,10.12
fold2_room1_mix1183,49,4,0,-170,-3,9.78
fold2_room1_mix1183,50,4,0,-171,-3,9.30
fold2_room1_mix1183,51,4,0,-170,-3,9.21
fold2_room1_mix1183,52,4,0,-169,-3,9.00
fold2_room1_mix1183,53,4,0,-172,-3,8.37
fold2_room1_mix1183,54,4,0,-169,-3,8.39
fold2_room1_mix1183,55,4,0,-169,-3,8.17
fold2_room1_mix1183,56,4,0,-169,-4,7.26
fold2_room1_mix1183,57,4,0,-168,-4,6.94
fold2_room1_mix1183,58,4,0,-168,-4,7.00
fold2_room1_mix1183,59,4,0,-166,-4,6.43
fold2_room1_mix1183,60,4,0,-167,-4,6.32
fold2_room1_mix1183,61,4,0,-167,-5,5.94
fold2_room1_mix1183,62,4,0,-165,-5,5.52
fold2_room1_mix1183,63,4,0,-165,-5,5.05
fold2_room1_mix1183,64,4,0,-165,-6,4.97
fold2_room1_mix1183,65,4,0,-164,-5,5.26
fold2_room1_mix1183,66,4,0,-161,-5,4.65
fold2_room1_mix1183,67,4,0,-162,-6,4.56
fold2_room1_mix1183,68,4,0,-160,-6,4.02
fold2_room1_mix1183,69,4,0,-161,-7,3.76
fold2_room1_mix1183,70,4,0,-159,-6,3.76
fold2_room1_mix1183,71,4,0,-157,-7,3.31
fold2_room1_mix1183,72,4,0,-155,-8,2.91
fold2_room1_mix1183,73,4,0,-151,-8,2.51
fold2_room1_mix1183,74,4,0,-149,-8,2.27
fold2_room1_mix1183,75,4,0,-147,-9,2.06
fold2_room1_mix1183,76,4,0,-142,-9,1.77
fold2_room1_mix1183,77,4,0,-139,-10,1.37
fold2_room1_mix1183,78,4,0,-132,-9,1.20
fold2_room1_mix1183,79,4,0,-123,-11,1.04
fold2_room1_mix1183,80,4,0,-107,-11,1.02
fold2_room1_mix1183,81,4,0,-91,-11,1.13
fold2_room1_mix1183,82,4,0,-70,-9,1.11
fold2_room1_mix1183,83,4,0,-57,-8,1.18
fold2_room1_mix1183,84,4,0,-44,-7,1.53
fold2_room1_mix1183,85,4,0,-39,-6,1.65
fold2_room1_mix1183,86,4,0,-33,-5,1.92
fold2_room1_mix1183,87,4,0,-28,-4,2.19
fold2_room1_mix1183,88,4,0,-23,-4,2.35
fold2_room1_mix1183,89,4,0,-20,-4,2.70
fold2_room1_mix1183,90,4,0,-20,-4,2.83
fold2_room1_mix1183,91,4,0,-17,-3,3.34
fold2_room1_mix1183,92,4,0,-16,-3,3.37
fold2_room1_mix1183,93,4,0,-14,-3,3.74
fold2_room1_mix1183,94,4,0,-15,-3,3.74
fold2_room1_mix1183,95,4,0,-12,-3,4.25
fold2_room1_mix1183,96,4,0,-12,-3,4.39
fold2_room1_mix1183,97,4,0,-10,-3,5.05
fold2_room1_mix1183,98,4,0,-10,-3,5.16
fold2_room1_mix1183,99,4,0,-8,-3,4.82
fold2_room1_mix1184,0,5,0,59,1,6.53
fold2_room1_mix1184,1,5,0,57,2,14.41
fold2_room1_mix1184,2,5,0,57,2,14.30
fold2_room1_mix1184,3,5,0,65,1,12.79
fold2_room1_mix1184,4,5,0,59,1,16.52
fold2_room1_mix1184,5,5,0,64,1,16.35
fold2_room1_mix1184,6,5,0,63,2,16.44
fold2_room1_mix1184,7,5,0,63,1,18.01
fold2_room1_mix1184,8,5,0,65,1,17.45
fold2_room1_mix1184,9,5,0,63,1,16.90
fold2_room1_mix1184,10,5,0,61,2,15.79
fold2_room1_mix1184,11,5,0,63,2,16.10
fold2_room1_mix1184,12,5,0,63,1,17.01
fold2_room1_mix1184,13,5,0,62,1,16.63
fold2_room1_mix1184,14,5,0,65,2,15.85
fold2_room1_mix1184,15,5,0,65,1,16.92
fold2_room1_mix1184,16,5,0,64,1,15.70
fold2_room1_mix1184,17,5,0,64,2,14.79
fold2_room1_mix1184,18,5,0,64,1,16.43
fold2_room1_mix1184,19,5,0,67,1,16.33
fold2_room1_mix1184,20,5,0,66,2,16.73
fold2_room1_mix1184,21,5,0,66,1,15.81
fold2_room1_mix1184,22,5,0,68,1,17.67
fold2_room1_mix1184,23,5,0,67,1,16.17
fold2_room1_mix1184,24,5,0,69,1,15.87
fold2_room1_mix1184,25,5,0,70,2,16.35
fold2_room1_mix1184,26,5,0,70,1,17.18
fold2_room1_mix1184,27,5,0,68,1,17.85
fold2_room1_mix1184,28,5,0,72,1,17.59
fold2_room1_mix1184,29,5,0,70,1,16.83
fold2_room1_mix1184,30,5,0,71,1,17.61
fold2_room1_mix1184,31,5,0,70,1,18.11
fold2_room1_mix1184,32,5,0,71,1,17.18
fold2_room1_mix1184,33,5,0,74,1,16.99
fold2_room1_mix1184,34,5,0,72,1,17.58
fold2_room1_mix1184,35,5,0,73,1,17.20
fold2_room1_mix1184,36,5,0,73,1,18.37
fold2_room1_mix1184,37,5,0,73,1,17.97
fold2_room1_mix1184,38,5,0,75,1,17.87
fold2_room1_mix1184,39,5,0,76,1,18.53
fold2_room1_mix1184,40,5,0,75,1,17.57
fold2_room1_mix1184,41,5,0,77,1,19.15
fold2_room1_mix1184,42,5,0,75,1,17.71
fold2_room1_mix1184,43,5,0,76,1,17.14
fold2_room1_mix1184,44,5,0,77,1,18.41
fold2_room1_mix1184,45,5,0,75,1,18.61
fold2_room1_mix1184,46,5,0,77,1,18.45
fold2_room1_mix1184,47,5,0,80,1,18.77
fold2_room1_mix1184,48,5,0,78,1,17.53
fold2_room1_mix1184,49,5,0,80,1,18.05
fold2_room1_mix1184,50,5,0,79,1,19.37
fold2_room1_mix1184,51,5,0,78,1,17.92
fold2_room1_mix1184,52,5,0,80,1,17.72
fold2_room1_mix1184,53,5,0,81,1,17.80
fold2_room1_mix1184,54,5,0,82,1,17.93
fold2_room1_mix1184,55,5,0,82,1,18.82
fold2_room1_mix1184,56,5,0,82,1,17.41
fold2_room1_mix1184,57,5,0,82,1,17.20
fold2_room1_mix1184,58,5,0,84,1,17.64
fold2_room1_mix1184,59,5,0,82,1,16.61
fold2_room1_mix1184,60,5,0,82,1,17.91
fold2_room1_mix1184,61,5,0,84,1,17.59
fold2_room1_mix1184,62,5,0,84,1,16.33
fold2_room1_mix1184,63,5,0,84,1,17.63
fold2_room1_mix1184,64,5,0,82,1,17.84
fold2_room1_mix1184,65,5,0,84,1,18.02
fold2_room1_mix1184,66,5,0,86,1,18.09
fold2_room1_mix1184,67,5,0,84,1,16.75
fold2_room1_mix1184,68,5,0,85,1,17.51
fold2_room1_mix1184,69,5,0,85,1,18.95
fold2_room1_mix1184,70,5,0,85,1,17.33
fold2_room1_mix1184,71,5,0,87,1,17.76
fold2_room1_mix1184,72,5,0,85,1,17.95
fold2_room1_mix1184,73,5,0,84,1,17.80
fold2_room1_mix1184,74,5,0,86,1,19.01
fold2_room1_mix1184,75,5,0,86,1,17.37
fold2_room1_mix1184,76,5,0,86,1,17.55
fold2_room1_mix1184,77,5,0,89,1,18.51
fold2_room1_mix1184,78,5,0,88,1,17.10
fold2_room1_mix1184,79,5,0,87,1,18.95
fold2_room1_mix1184,80,5,0,89,1,18.49
fold2_room1_mix1184,81,5,0,87,1,17.67
fold2_room1_mix1184,82,5,0,90,1,19.07
fold2_room1_mix1184,83,5,0,88,1,18.54
fold2_room1_mix1184,84,5,0,87,1,19.00
fold2_room1_mix1184,85,5,0,89,1,19.13
fold2_room1_mix1184,86,5,0,93,1,17.61
fold2_room1_mix1184,87,5,0,93,1,19.55
fold2_room1_mix1184,88,5,0,91,1,19.36
fold2_room1_mix1184,89,5,0,90,1,18.91
fold2_room1_mix1184,90,5,0,94,1,18.83
fold2_room1_mix1184,91,5,0,94,1,18.78
fold2_room1_mix1184,92,5,0,93,1,19.88
fold2_room1_mix1184,93,5,0,96,1,20.51
fold2_room1_mix1184,94,5,0,95,1,18.22
fold2_room1_mix1184,95,5,0,94,1,19.40
fold2_room1_mix1184,96,5,0,96,1,19.41
fold2_room1_mix1184,97,5,0,94,1,18.60
fold2_room1_mix1184,98,5,0,93,1,19.90
fold2_room1_mix1184,99,5,0,96,1,19.68
fold2_room1_mix1186,0,5,0,55,1,6.45
fold2_room1_mix1186,1,5,0,54,2,13.72
fold2_room1_mix1186,2,5,0,47,2,13.18
fold2_room1_mix1186,3,5,0,54,2,8.96
fold2_room1_mix1186,4,5,0,63,2,14.52
fold2_room1_mix1186,5,4,0,177,0,11.31
fold2_room1_mix1186,5,5,0,56,2,15.55
fold2_room1_mix1186,6,4,0,-177,0,1.65
fold2_room1_mix1186,6,5,0,59,1,20.36
fold2_room1_mix1186,7,4,0,-178,0,8.58
fold2_room1_mix1186,7,5,0,57,1,18.31
fold2_room1_mix1186,8,4,0,-177,0,15.51
fold2_room1_mix1186,8,5,0,58,2,14.52
fold2_room1_mix1186,9,4,0,-179,0,25.89
fold2_room1_mix1186,9,5,0,57,2,16.99
fold2_room1_mix1186,10,4,0,179,0,10.80
fold2_room1_mix1186,10,5,0,55,2,16.49
fold2_room1_mix1186,11,4,0,-179,0,22.59
fold2_room1_mix1186,11,5,0,57,2,15.44
fold2_room1_mix1186,12,4,0,-179,0,20.92
fold2_room1_mix1186,12,5,0,57,2,17.02
fold2_room1_mix1186,13,4,0,-179,0,26.24
fold2_room1_mix1186,13,5,0,57,2,14.92
fold2_room1_mix1186,14,4,0,-179,0,29.00
fold2_room1_mix1186,14,5,0,57,2,15.24
fold2_room1_mix1186,15,4,0,-177,0,23.90
fold2_room1_mix1186,15,5,0,56,2,17.40
fold2_room1_mix1186,16,4,0,179,0,24.61
fold2_room1_mix1186,16,5,0,57,2,15.40
fold2_room1_mix1186,17,4,0,-176,0,27.17
fold2_room1_mix1186,17,5,0,60,2,16.30
fold2_room1_mix1186,18,4,0,-176,0,30.75
fold2_room1_mix1186,18,5,0,57,2,15.08
fold2_room1_mix1186,19,4,0,-177,0,31.39
fold2_room1_mix1186,19,5,0,58,2,15.95
fold2_room1_mix1186,20,4,0,-174,0,31.34
fold2_room1_mix1186,20,5,0,55,2,15.79
fold2_room1_mix1186,21,4,0,-178,0,31.14
fold2_room1_mix1186,21,5,0,55,2,15.38
fold2_room1_mix1186,22,4,0,-176,0,34.15
fold2_room1_mix1186,22,5,0,58,1,17.09
fold2_room1_mix1186,23,4,0,-172,0,32.37
fold2_room1_mix1186,23,5,0,59,2,15.19
fold2_room1_mix1186,24,4,0,-176,0,33.04
fold2_room1_mix1186,24,5,0,57,2,15.63
fold2_room1_mix1186,25,4,0,-176,0,31.39
fold2_room1_mix1186,25,5,0,57,1,16.53
fold2_room1_mix1186,26,4,0,-174,0,32.43
fold2_room1_mix1186,26,5,0,59,2,17.56
fold2_room1_mix1186,27,4,0,-175,0,34.95
fold2_room1_mix1186,27,5,0,60,2,16.45
fold2_room1_mix1186,28,4,0,-172,0,37.64
fold2_room1_mix1186,28,5,0,61,2,19.07
fold2_room1_mix1186,29,4,0,-171,0,37.58
fold2_room1_mix1186,29,5,0,57,2,18.17
fold2_room1_mix1186,30,0,0,35,-2,6.92
fold2_room1_mix1186,30,4,0,-171,0,34.68
fold2_room1_mix1186,30,5,0,66,2,18.39
fold2_room1_mix1186,31,0,0,38,-2,9.78
fold2_room1_mix1186,31,4,0,-171,0,36.33
fold2_room1_mix1186,31,5,0,67,2,17.54
fold2_room1_mix1186,32,0,0,44,-2,8.44
fold2_room1_mix1186,32,4,0,-167,0,34.98
fold2_room1_mix1186,32,5,0,61,3,15.40
fold2_room1_mix1186,33,0,0,46,-1,8.38
fold2_room1_mix1186,33,4,0,-172,0,36.46
fold2_room1_mix1186,33,5,0,64,2,18.73
fold2_room1_mix1186,34,0,0,50,-2,13.06
fold2_room1_mix1186,34,4,0,-171,0,32.24
fold2_room1_mix1186,34,5,0,65,2,15.24
fold2_room1_mix1186,35,0,0,59,-2,11.04
fold2_room1_mix1186,35,4,0,-173,0,30.85
fold2_room1_mix1186,35,5,0,59,2,13.90
fold2_room1_mix1186,36,0,0,72,-2,11.15
fold2_room1_mix1186,36,4,0,-173,0,29.85
fold2_room1_mix1186,36,5,0,65,2,13.92
fold2_room1_mix1186,37,0,0,76,-2,12.61
fold2_room1_mix1186,37,4,0,-174,0,29.53
fold2_room1_mix1186,37,5,0,63,2,12.75
fold2_room1_mix1186,38,0,0,87,-2,12.16
fold2_room1_mix1186,38,4,0,-172,0,28.08
fold2_room1_mix1186,38,5,0,62,2,13.91
fold2_room1_mix1186,39,0,0,100,-2,12.11
fold2_room1_mix1186,39,4,0,-172,0,29.19
fold2_room1_mix1186,39,5,0,62,1,13.46
fold2_room1_mix1186,40,0,0,99,-2,14.56
fold2_room1_mix1186,40,4,0,-173,0,29.35
fold2_room1_mix1186,40,5,0,64,2,12.70
fold2_room1_mix1186,41,0,0,94,-2,16.22
fold2_room1_mix1186,41,4,0,-170,0,28.44
fold2_room1_mix1186,41,5,0,64,2,14.04
fold2_room1_mix1186,42,0,0,99,-2,16.03
fold2_room1_mix1186,42,4,0,-168,0,29.10
fold2_room1_mix1186,42,5,0,66,2,13.41
fold2_room1_mix1186,43,0,0,99,-2,16.36
fold2_room1_mix1186,43,4,0,-169,0,29.45
fold2_room1_mix1186,43,5,0,61,3,13.10
fold2_room1_mix1186,44,0,0,100,-2,16.84
fold2_room1_mix1186,44,4,0,-167,0,27.81
fold2_room1_mix1186,44,5,0,62,2,14.85
fold2_room1_mix1186,45,0,0,105,-2,16.81
fold2_room1_mix1186,45,4,0,-167,0,28.31
fold2_room1_mix1186,45,5,0,64,3,13.73
fold2_room1_mix1186,46,0,0,112,-2,17.90
fold2_room1_mix1186,46,4,0,-167,0,27.68
fold2_room1_mix1186,46,5,0,65,3,13.66
fold2_room1_mix1186,47,0,0,116,-2,17.51
fold2_room1_mix1186,47,4,0,-167,0,24.53
fold2_room1_mix1186,47,5,0,69,2,14.02
fold2_room1_mix1186,48,0,0,122,-2,18.46
fold2_room1_mix1186,48,4,0,-168,0,23.30
fold2_room1_mix1186,48,5,0,62,2,13.66
fold2_room1_mix1186,49,0,0,130,-2,18.00
fold2_room1_mix1186,49,4,0,-167,0,20.95
fold2_room1_mix1186,49,5,0,60,1,14.58
fold2_room1_mix1186,50,0,0,135,-1,18.20
fold2_room1_mix1186,50,4,0,-169,-1,19.29
fold2_room1_mix1186,50,5,0,69,1,14.22
fold2_room1_mix1186,51,0,0,138,-1,19.62
fold2_room1_mix1186,51,4,0,-167,-1,19.26
fold2_room1_mix1186,51,5,0,65,1,13.52
fold2_room1_mix1186,52,0,0,142,-1,20.93
fold2_room1_mix1186,52,4,0,-166,-2,17.59
fold2_room1_mix1186,52,5,0,66,1,13.77
fold2_room1_mix1186,53,0,0,138,-1,21.16
fold2_room1_mix1186,53,4,0,-169,-1,16.71
fold2_room1_mix1186,53,5,0,64,1,14.06
fold2_room1_mix1186,54,0,0,145,-1,22.60
fold2_room1_mix1186,54,4,0,-163,-1,18.04
fold2_room1_mix1186,54,5,0,65,1,14.20
fold2_room1_mix1186,55,0,0,140,-1,20.97
fold2_room1_mix1186,55,4,0,-162,-1,18.49
fold2_room1_mix1186,55,5,0,64,1,15.46
fold2_room1_mix1186,56,0,0,144,-1,24.25
fold2_room1_mix1186,56,4,0,-163,-1,17.78
fold2_room1_mix1186,56,5,0,58,1,13.44
fold2_room1_mix1186,57,0,0,146,-1,23.88
fold2_room1_mix1186,57,4,0,-163,-2,16.55
fold2_room1_mix1186,57,5,0,59,1,15.25
fold2_room1_mix1186,58,0,0,149,-1,23.68
fold2_room1_mix1186,58,4,0,-160,-1,17.26
fold2_room1_mix1186,58,5,0,55,1,14.77
fold2_room1_mix1186,59,0,0,147,-1,24.82
fold2_room1_mix1186,59,4,0,-156,-1,15.15
fold2_room1_mix1186,59,5,0,57,1,14.46
fold2_room1_mix1186,60,0,0,153,-1,26.36
fold2_room1_mix1186,60,4,0,-157,-2,13.80
fold2_room1_mix1186,60,5,0,59,1,13.73
fold2_room1_mix1186,61,0,0,152,-1,26.38
fold2_room1_mix1186,61,4,0,-151,-2,12.42
fold2_room1_mix1186,61,5,0,59,1,13.68
fold2_room1_mix1186,62,0,0,150,-1,27.37
fold2_room1_mix1186,62,4,0,-146,-2,11.61
fold2_room1_mix1186,62,5,0,64,0,14.34
fold2_room1_mix1186,63,0,0,154,-1,28.08
fold2_room1_mix1186,63,4,0,-145,-2,11.13
fold2_room1_mix1186,63,5,0,62,0,12.94
fold2_room1_mix1186,64,0,0,155,-1,25.98
fold2_room1_mix1186,64,4,0,-143,-2,10.59
fold2_room1_mix1186,64,5,0,62,0,13.47
fold2_room1_mix1186,65,0,0,155,-1,28.04
fold2_room1_mix1186,65,4,0,-137,-3,9.01
fold2_room1_mix1186,65,5,0,68,0,14.06
fold2_room1_mix1186,66,0,0,152,-1,28.74
fold2_room1_mix1186,66,4,0,-136,-2,9.45
fold2_room1_mix1186,66,5,0,62,0,14.48
fold2_room1_mix1186,67,0,0,155,-1,28.31
fold2_room1_mix1186,67,4,0,-133,-3,8.62
fold2_room1_mix1186,67,5,0,69,0,15.50
fold2_room1_mix1186,68,0,0,156,-1,29.76
fold2_room1_mix1186,68,4,0,-128,-3,8.73
fold2_room1_mix1186,68,5,0,65,1,15.38
fold2_room1_mix1186,69,0,0,158,0,13.88
fold2_room1_mix1186,69,4,0,-127,-3,8.63
fold2_room1_mix1186,69,5,0,62,1,16.11
fold2_room1_mix1186,70,0,0,161,0,8.82
fold2_room1_mix1186,70,4,0,-123,-3,8.34
fold2_room1_mix1186,70,5,0,59,1,18.10
fold2_room1_mix1186,71,0,0,159,0,8.45
fold2_room1_mix1186,71,4,0,-118,-3,8.22
fold2_room1_mix1186,71,5,0,63,1,18.87
fold2_room1_mix1186,72,4,0,-116,-4,7.55
fold2_room1_mix1186,72,5,0,60,1,17.73
fold2_room1_mix1186,73,4,0,-112,-4,7.42
fold2_room1_mix1186,73,5,0,56,1,19.41
fold2_room1_mix1186,74,4,0,-103,-5,7.29
fold2_room1_mix1186,74,5,0,64,1,18.01
fold2_room1_mix1186,75,4,0,-99,-5,7.20
fold2_room1_mix1186,75,5,0,59,1,18.10
fold2_room1_mix1186,76,4,0,-91,-5,7.13
fold2_room1_mix1186,76,5,0,57,1,19.16
fold2_room1_mix1186,77,4,0,-84,-4,7.43
fold2_room1_mix1186,77,5,0,61,2,17.21
fold2_room1_mix1186,78,4,0,-80,-4,7.83
fold2_room1_mix1186,78,5,0,55,2,18.98
fold2_room1_mix1186,79,4,0,-73,-3,8.36
fold2_room1_mix1186,79,5,0,50,1,18.29
fold2_room1_mix1186,80,4,0,-65,-3,8.32
fold2_room1_mix1186,80,5,0,59,1,18.22
fold2_room1_mix1186,81,4,0,-61,-3,8.98
fold2_room1_mix1186,81,5,0,53,1,18.37
fold2_room1_mix1186,82,4,0,-58,-3,9.72
fold2_room1_mix1186,82,5,0,52,2,18.67
fold2_room1_mix1186,83,4,0,-53,-2,10.04
fold2_room1_mix1186,83,5,0,63,1,18.89
fold2_room1_mix1186,84,4,0,-48,-2,11.06
fold2_room1_mix1186,84,5,0,61,1,18.42
fold2_room1_mix1186,85,4,0,-48,-2,11.39
fold2_room1_mix1186,85,5,0,62,1,18.31
fold2_room1_mix1186,86,4,0,-45,-2,11.84
fold2_room1_mix1186,86,5,0,64,1,19.64
fold2_room1_mix1186,87,4,0,-45,-2,13.02
fold2_room1_mix1186,87,5,0,59,1,18.99
fold2_room1_mix1186,88,4,0,-41,-2,14.11
fold2_room1_mix1186,88,5,0,64,1,17.81
fold2_room1_mix1186,89,4,0,-38,-2,14.14
fold2_room1_mix1186,89,5,0,61,1,20.07
fold2_room1_mix1186,90,4,0,-35,-1,15.54
fold2_room1_mix1186,90,5,0,57,1,18.73
fold2_room1_mix1186,91,4,0,-35,-1,16.29
fold2_room1_mix1186,91,5,0,64,1,19.09
fold2_room1_mix1186,92,4,0,-32,-1,16.94
fold2_room1_mix1186,92,5,0,61,1,19.87
fold2_room1_mix1186,93,4,0,-30,-1,19.00
fold2_room1_mix1186,93,5,0,56,1,18.81
fold2_room1_mix1186,94,4,0,-29,-1,19.63
fold2_room1_mix1186,94,5,0,59,1,19.54
fold2_room1_mix1186,95,4,0,-27,0,20.61
fold2_room1_mix1186,95,5,0,55,1,19.62
fold2_room1_mix1186,96,4,0,-26,-1,22.04
fold2_room1_mix1186,96,5,0,54,1,20.06
fold2_room1_mix1186,97,4,0,-23,-1,22.60
fold2_room1_mix1186,97,5,0,56,1,19.70
fold2_room1_mix1186,98,4,0,-21,0,24.09
fold2_room1_mix1186,98,5,0,52,1,19.99
fold2_room1_mix1186,99,4,0,-21,0,24.86
fold2_room1_mix1186,99,5,0,54,1,20.08
fold2_room1_mix1187,0,5,0,174,3,3.21
fold2_room1_mix1187,2,5,0,158,3,8.96
fold2_room1_mix1187,3,5,0,170,4,7.97
fold2_room1_mix1187,4,5,0,167,3,11.36
fold2_room1_mix1187,5,5,0,169,3,13.56
fold2_room1_mix1187,6,5,0,158,2,14.81
fold2_room1_mix1187,7,5,0,164,3,13.77
fold2_room1_mix1187,8,5,0,156,2,13.56
fold2_room1_mix1187,9,5,0,160,2,16.02
fold2_room1_mix1187,10,5,0,163,3,13.61
fold2_room1_mix1187,11,5,0,158,3,13.29
fold2_room1_mix1187,12,5,0,165,2,14.77
fold2_room1_mix1187,13,5,0,162,3,14.30
fold2_room1_mix1187,14,5,0,161,3,13.12
fold2_room1_mix1187,15,5,0,162,3,11.50
fold2_room1_mix1187,16,5,0,162,4,11.16
fold2_room1_mix1187,17,5,0,159,3,12.17
fold2_room1_mix1187,18,5,0,160,3,12.21
fold2_room1_mix1187,19,5,0,162,3,11.97
fold2_room1_mix1187,20,5,0,164,3,12.62
fold2_room1_mix1187,21,5,0,161,4,10.93
fold2_room1_mix1187,22,5,0,161,3,11.42
fold2_room1_mix1187,23,5,0,168,4,10.91
fold2_room1_mix1187,24,5,0,160,3,12.37
fold2_room1_mix1187,25,5,0,161,3,12.13
fold2_room1_mix1187,26,5,0,156,4,10.37
fold2_room1_mix1187,27,5,0,158,4,10.71
fold2_room1_mix1187,28,5,0,159,3,12.15
fold2_room1_mix1187,29,5,0,159,3,13.30
fold2_room1_mix1187,30,5,0,154,4,10.50
fold2_room1_mix1187,31,5,0,162,3,12.88
fold2_room1_mix1187,32,5,0,159,3,11.22
fold2_room1_mix1187,33,1,0,-163,-2,24.93
fold2_room1_mix1187,33,5,0,164,4,11.14
fold2_room1_mix1187,34,1,0,-171,-2,48.92
fold2_room1_mix1187,34,5,0,161,3,13.05
fold2_room1_mix1187,35,1,0,-169,-2,42.03
fold2_room1_mix1187,35,5,0,161,3,13.09
fold2_room1_mix1187,36,1,0,-165,-3,16.63
fold2_room1_mix1187,36,5,0,160,3,12.09
fold2_room1_mix1187,37,1,0,-164,-3,27.10
fold2_room1_mix1187,37,5,0,159,4,10.32
fold2_room1_mix1187,38,1,0,-163,-2,40.36
fold2_room1_mix1187,38,5,0,162,4,11.14
fold2_room1_mix1187,39,1,0,-161,-2,31.17
fold2_room1_mix1187,39,5,0,160,3,11.18
fold2_room1_mix1187,40,1,0,-161,-2,30.91
fold2_room1_mix1187,40,5,0,161,2,13.47
fold2_room1_mix1187,41,1,0,-163,-2,16.66
fold2_room1_mix1187,41,5,0,161,2,12.68
fold2_room1_mix1187,42,1,0,-160,-2,26.13
fold2_room1_mix1187,42,5,0,160,3,11.85
fold2_room1_mix1187,43,1,0,-158,-2,30.66
fold2_room1_mix1187,43,5,0,161,2,13.46
fold2_room1_mix1187,44,1,0,-159,-2,25.94
fold2_room1_mix1187,44,5,0,158,2,13.22
fold2_room1_mix1187,45,1,0,-156,-2,32.18
fold2_room1_mix1187,45,4,0,-9,-4,3.63
fold2_room1_mix1187,45,5,0,160,3,13.35
fold2_room1_mix1187,46,1,0,-156,-2,22.55
fold2_room1_mix1187,46,5,0,161,3,11.13
fold2_room1_mix1187,47,1,0,-151,-3,22.78
fold2_room1_mix1187,47,4,0,-13,-3,3.07
fold2_room1_mix1187,47,5,0,160,2,14.66
fold2_room1_mix1187,48,1,0,-148,-3,31.22
fold2_room1_mix1187,48,4,0,-19,-4,4.79
fold2_room1_mix1187,48,5,0,162,3,11.81
fold2_room1_mix1187,49,1,0,-152,-3,26.14
fold2_room1_mix1187,49,4,0,-29,-4,8.75
fold2_room1_mix1187,49,5,0,163,2,15.52
fold2_room1_mix1187,50,1,0,-144,-3,22.88
fold2_room1_mix1187,50,4,0,-36,-5,5.76
fold2_room1_mix1187,50,4,0,-13,-3,6.29
fold2_room1_mix1187,50,5,0,161,2,15.70
fold2_room1_mix1187,51,1,0,-150,-2,21.00
fold2_room1_mix1187,51,5,0,162,3,13.23
fold2_room1_mix1187,52,1,0,-151,-3,12.07
fold2_room1_mix1187,52,4,0,-13,-4,8.43
fold2_room1_mix1187,52,5,0,161,2,15.42
fold2_room1_mix1187,53,1,0,-141,-3,24.15
fold2_room1_mix1187,53,4,0,-19,-5,7.27
fold2_room1_mix1187,53,5,0,161,2,16.09
fold2_room1_mix1187,54,1,0,-134,-4,15.12
fold2_room1_mix1187,54,4,0,-20,-5,7.10
fold2_room1_mix1187,54,5,0,161,3,14.07
fold2_room1_mix1187,55,1,0,-132,-3,17.41
fold2_room1_mix1187,55,4,0,-18,-6,4.94
fold2_room1_mix1187,55,5,0,164,3,13.96
fold2_room1_mix1187,56,1,0,-136,-3,17.27
fold2_room1_mix1187,56,4,0,-19,-5,7.21
fold2_room1_mix1187,56,5,0,159,2,17.41
fold2_room1_mix1187,57,1,0,-135,-4,6.64
fold2_room1_mix1187,57,4,0,-170,-5,7.87
fold2_room1_mix1187,57,4,0,-16,-6,6.38
fold2_room1_mix1187,57,5,0,164,2,17.15
fold2_room1_mix1187,58,1,0,-135,-3,12.26
fold2_room1_mix1187,58,4,0,-150,-11,6.11
fold2_room1_mix1187,58,4,0,-19,-6,5.14
fold2_room1_mix1187,58,5,0,161,2,16.78
fold2_room1_mix1187,59,4,0,-173,-3,10.95
fold2_room1_mix1187,59,4,0,-18,-4,7.32
fold2_room1_mix1187,59,5,0,164,3,13.27
fold2_room1_mix1187,60,4,0,-168,-4,8.01
fold2_room1_mix1187,60,4,0,-29,-7,4.70
fold2_room1_mix1187,60,5,0,158,3,16.74
fold2_room1_mix1187,61,4,0,-173,-4,9.13
fold2_room1_mix1187,61,4,0,-20,-6,5.95
fold2_room1_mix1187,61,5,0,164,3,15.16
fold2_room1_mix1187,62,4,0,-170,-6,6.93
fold2_room1_mix1187,62,4,0,-26,-8,4.55
fold2_room1_mix1187,62,5,0,159,4,11.47
fold2_room1_mix1187,63,4,0,-165,-6,6.75
fold2_room1_mix1187,63,4,0,-30,-8,4.56
fold2_room1_mix1187,63,5,0,160,4,12.48
fold2_room1_mix1187,64,4,0,-173,-7,6.80
fold2_room1_mix1187,64,4,0,-28,-11,3.60
fold2_room1_mix1187,64,5,0,159,4,13.06
fold2_room1_mix1187,65,4,0,-166,-8,4.99
fold2_room1_mix1187,65,4,0,-33,-8,4.28
fold2_room1_mix1187,65,5,0,159,4,12.55
fold2_room1_mix1187,66,4,0,-166,-10,4.98
fold2_room1_mix1187,66,4,0,-39,-11,3.48
fold2_room1_mix1187,66,5,0,156,4,12.75
fold2_room1_mix1187,67,4,0,-165,-10,3.84
fold2_room1_mix1187,67,4,0,-41,-11,3.58
fold2_room1_mix1187,67,5,0,159,4,11.87
fold2_room1_mix1187,68,4,0,-164,-10,3.12
fold2_room1_mix1187,68,4,0,-48,-12,2.97
fold2_room1_mix1187,68,5,0,155,4,12.24
fold2_room1_mix1187,69,4,0,-162,-13,3.07
fold2_room1_mix1187,69,4,0,-87,-21,2.61
fold2_room1_mix1187,69,4,0,-66,-18,2.53
fold2_room1_mix1187,69,5,0,153,3,14.06
fold2_room1_mix1187,70,4,0,-163,-15,2.69
fold2_room1_mix1187,70,4,0,-107,-24,2.06
fold2_room1_mix1187,70,4,0,-85,-23,1.93
fold2_room1_mix1187,70,5,0,162,4,12.86
fold2_room1_mix1187,71,4,0,-136,-26,1.78
fold2_room1_mix1187,71,4,0,-70,-28,1.56
fold2_room1_mix1187,71,5,0,161,4,12.28
fold2_room1_mix1187,72,4,0,-68,-36,1.65
fold2_room1_mix1187,72,4,0,-49,-24,1.67
fold2_room1_mix1187,72,5,0,164,3,15.27
fold2_room1_mix1187,73,4,0,-40,-20,2.10
fold2_room1_mix1187,73,5,0,158,2,15.83
fold2_room1_mix1187,74,4,0,-130,-15,3.24
fold2_room1_mix1187,74,4,0,-27,-15,1.93
fold2_room1_mix1187,74,5,0,162,3,12.98
fold2_room1_mix1187,75,4,0,-134,-12,3.33
fold2_room1_mix1187,75,4,0,-23,-12,2.43
fold2_room1_mix1187,75,5,0,161,4,11.81
fold2_room1_mix1187,76,4,0,-139,-9,4.21
fold2_room1_mix1187,76,4,0,-17,-11,2.91
fold2_room1_mix1187,76,5,0,162,3,13.60
fold2_room1_mix1187,77,4,0,-144,-9,3.89
fold2_room1_mix1187,77,4,0,-15,-10,3.06
fold2_room1_mix1187,77,5,0,160,3,11.64
fold2_room1_mix1187,78,4,0,-150,-7,5.12
fold2_room1_mix1187,78,4,0,-10,-8,4.25
fold2_room1_mix1187,78,5,0,159,4,11.34
fold2_room1_mix1187,79,4,0,-150,-6,5.34
fold2_room1_mix1187,79,4,0,-7,-7,4.65
fold2_room1_mix1187,79,5,0,162,4,11.42
fold2_room1_mix1187,80,4,0,-153,-6,4.84
fold2_room1_mix1187,80,4,0,-9,-6,4.71
fold2_room1_mix1187,80,5,0,162,4,11.28
fold2_room1_mix1187,81,4,0,-151,-6,5.08
fold2_room1_mix1187,81,4,0,-7,-6,5.54
fold2_room1_mix1187,81,5,0,160,3,13.55
fold2_room1_mix1187,82,4,0,-151,-5,5.44
fold2_room1_mix1187,82,4,0,-3,-5,5.82
fold2_room1_mix1187,82,5,0,159,3,14.24
fold2_room1_mix1187,83,4,0,-155,-4,5.78
fold2_room1_mix1187,83,4,0,-3,-4,6.55
fold2_room1_mix1187,83,5,0,160,3,13.64
fold2_room1_mix1187,84,4,0,-158,-4,6.52
fold2_room1_mix1187,84,4,0,-3,-4,7.26
fold2_room1_mix1187,84,5,0,159,3,15.57
fold2_room1_mix1187,85,4,0,-158,-5,6.30
fold2_room1_mix1187,85,4,0,-2,-4,7.59
fold2_room1_mix1187,85,5,0,155,3,13.69
fold2_room1_mix1187,86,4,0,-158,-4,7.32
fold2_room1_mix1187,86,4,0,1,-4,7.58
fold2_room1_mix1187,86,5,0,159,3,12.13
fold2_room1_mix1187,87,4,0,-159,-4,7.42
fold2_room1_mix1187,87,4,0,-2,-4,8.20
fold2_room1_mix1187,87,5,0,158,3,13.56
fold2_room1_mix1187,88,4,0,-160,-4,7.50
fold2_room1_mix1187,88,4,0,3,-4,7.68
fold2_room1_mix1187,88,5,0,158,3,13.96
fold2_room1_mix1187,89,4,0,-159,-4,7.48
fold2_room1_mix1187,89,4,0,-1,-4,7.76
fold2_room1_mix1187,89,5,0,156,3,14.30
fold2_room1_mix1187,90,4,0,-164,-3,8.02
fold2_room1_mix1187,90,5,0,159,3,14.10
fold2_room1_mix1187,91,4,0,-165,-3,8.65
fold2_room1_mix1187,91,5,0,159,3,14.58
fold2_room1_mix1187,92,4,0,-162,-2,8.80
fold2_room1_mix1187,92,5,0,163,2,18.45
fold2_room1_mix1187,93,4,0,-166,-3,9.72
fold2_room1_mix1187,93,4,0,1,-3,13.08
fold2_room1_mix1187,93,5,0,161,2,16.15
fold2_room1_mix1187,94,4,0,-166,-1,10.18
fold2_room1_mix1187,94,4,0,1,0,13.74
fold2_room1_mix1187,94,5,0,163,3,13.78
fold2_room1_mix1187,95,4,0,-167,-1,9.50
fold2_room1_mix1187,95,4,0,0,-2,9.41
fold2_room1_mix1187,95,5,0,164,2,17.72
fold2_room1_mix1187,96,4,0,-167,-1,8.42
fold2_room1_mix1187,96,5,0,163,3,16.32
fold2_room1_mix1187,97,4,0,-167,-2,11.09
fold2_room1_mix1187,97,5,0,163,3,16.51
fold2_room1_mix1187,98,4,0,-168,-1,7.62
fold2_room1_mix1187,98,5,0,162,2,18.76
fold2_room1_mix1187,99,5,0,156,3,13.78
fold2_room1_mix1189,5,4,0,173,1,3.07
fold2_room1_mix1189,6,4,0,178,1,3.42
fold2_room1_mix1189,8,4,0,176,0,17.63
fold2_room1_mix1189,9,4,0,177,0,31.52
fold2_room1_mix1189,10,4,0,176,0,20.21
fold2_room1_mix1189,11,4,0,178,0,32.75
fold2_room1_mix1189,12,4,0,179,0,34.10
fold2_room1_mix1189,13,4,0,-178,0,35.71
fold2_room1_mix1189,14,4,0,-178,0,34.82
fold2_room1_mix1189,15,4,0,178,0,32.93
fold2_room1_mix1189,16,4,0,179,0,32.83
fold2_room1_mix1189,17,4,0,-179,0,32.56
fold2_room1_mix1189,18,4,0,177,0,33.93
fold2_room1_mix1189,19,4,0,-179,0,34.21
fold2_room1_mix1189,20,4,0,177,0,33.92
fold2_room1_mix1189,21,4,0,-178,0,35.49
fold2_room1_mix1189,22,4,0,179,0,34.33
fold2_room1_mix1189,23,4,0,177,0,34.07
fold2_room1_mix1189,24,4,0,-179,0,32.29
fold2_room1_mix1189,25,4,0,178,0,33.00
fold2_room1_mix1189,26,4,0,-179,0,32.99
fold2_room1_mix1189,27,4,0,177,0,32.19
fold2_room1_mix1189,28,4,0,-179,0,33.15
fold2_room1_mix1189,29,4,0,-179,0,31.42
fold2_room1_mix1189,30,4,0,-179,0,31.26
fold2_room1_mix1189,31,4,0,179,0,29.86
fold2_room1_mix1189,32,4,0,-178,0,29.80
fold2_room1_mix1189,33,4,0,-178,0,28.33
fold2_room1_mix1189,34,4,0,179,0,28.73
fold2_room1_mix1189,35,4,0,179,0,27.06
fold2_room1_mix1189,36,4,0,179,0,27.62
fold2_room1_mix1189,37,4,0,179,0,27.47
fold2_room1_mix1189,38,4,0,-178,0,27.38
fold2_room1_mix1189,39,4,0,178,0,25.97
fold2_room1_mix1189,40,4,0,179,0,26.11
fold2_room1_mix1189,41,4,0,-178,0,25.52
fold2_room1_mix1189,42,4,0,-179,0,24.33
fold2_room1_mix1189,43,4,0,178,0,23.88
fold2_room1_mix1189,44,4,0,178,0,23.76
fold2_room1_mix1189,45,4,0,178,-1,22.57
fold2_room1_mix1189,46,4,0,176,0,22.92
fold2_room1_mix1189,47,4,0,177,0,21.62
fold2_room1_mix1189,48,4,0,178,-1,21.70
fold2_room1_mix1189,49,4,0,177,0,21.77
fold2_room1_mix1189,50,4,0,177,-1,21.06
fold2_room1_mix1189,51,4,0,176,-1,20.50
fold2_room1_mix1189,52,4,0,175,-1,20.37
fold2_room1_mix1189,53,4,0,177,-1,19.97
fold2_room1_mix1189,54,4,0,178,-1,18.95
fold2_room1_mix1189,55,4,0,177,-1,18.11
fold2_room1_mix1189,56,4,0,177,-1,18.68
fold2_room1_mix1189,57,4,0,178,-1,16.89
fold2_room1_mix1189,58,4,0,178,-1,16.13
fold2_room1_mix1189,59,4,0,175,-1,16.45
fold2_room1_mix1189,60,4,0,176,-1,16.37
fold2_room1_mix1189,61,4,0,178,-2,15.13
fold2_room1_mix1189,62,4,0,176,-2,14.54
fold2_room1_mix1189,63,4,0,177,-2,14.27
fold2_room1_mix1189,64,4,0,175,-2,14.08
fold2_room1_mix1189,65,4,0,176,-2,13.67
fold2_room1_mix1189,66,4,0,175,-2,12.53
fold2_room1_mix1189,67,4,0,176,-2,12.22
fold2_room1_mix1189,68,4,0,175,-2,12.30
fold2_room1_mix1189,69,4,0,178,-3,11.38
fold2_room1_mix1189,70,4,0,178,-3,11.05
fold2_room1_mix1189,71,4,0,176,-3,10.27
fold2_room1_mix1189,72,4,0,176,-3,10.43
fold2_room1_mix1189,73,4,0,175,-3,9.72
fold2_room1_mix1189,74,4,0,173,-3,8.78
fold2_room1_mix1189,75,4,0,174,-4,8.43
fold2_room1_mix1189,76,4,0,173,-4,8.19
fold2_room1_mix1189,77,4,0,174,-4,6.92
fold2_room1_mix1189,78,4,0,171,-5,6.45
fold2_room1_mix1189,79,4,0,172,-5,5.83
fold2_room1_mix1189,80,4,0,171,-6,5.15
fold2_room1_mix1189,81,4,0,169,-6,4.61
fold2_room1_mix1189,82,4,0,166,-7,3.96
fold2_room1_mix1189,83,4,0,164,-8,3.46
fold2_room1_mix1189,84,4,0,160,-9,3.14
fold2_room1_mix1189,85,4,0,155,-10,2.34
fold2_room1_mix1189,86,4,0,147,-12,1.89
fold2_room1_mix1189,87,4,0,135,-12,1.46
fold2_room1_mix1189,88,4,0,107,-15,1.34
fold2_room1_mix1189,89,4,0,77,-14,1.20
fold2_room1_mix1189,90,4,0,48,-9,1.29
fold2_room1_mix1189,91,4,0,34,-7,1.61
fold2_room1_mix1189,92,4,0,25,-6,2.25
fold2_room1_mix1189,93,4,0,21,-5,2.53
fold2_room1_mix1189,94,4,0,18,-4,3.05
fold2_room1_mix1189,95,4,0,15,-5,3.52
fold2_room1_mix1189,96,4,0,13,-4,4.22
fold2_room1_mix1189,97,4,0,10,-3,4.81
fold2_room1_mix1189,98,4,0,10,-3,4.85
fold2_room1_mix1189,99,4,0,9,-2,5.33
fold2_room1_mix1189,7,4,0,175,3,2.52
fold2_room1_mix1190,14,4,0,179,0,17.26
fold2_room1_mix1190,15,3,0,-59,-3,8.48
fold2_room1_mix1190,15,4,0,174,1,7.43
fold2_room1_mix1190,16,3,0,-58,-3,12.78
fold2_room1_mix1190,16,4,0,174,0,6.12
fold2_room1_mix1190,17,3,0,-60,-3,12.80
fold2_room1_mix1190,17,4,0,176,0,20.14
fold2_room1_mix1190,18,3,0,-59,-2,13.10
fold2_room1_mix1190,18,4,0,176,0,19.48
fold2_room1_mix1190,19,3,0,-66,-3,12.34
fold2_room1_mix1190,19,4,0,176,0,22.49
fold2_room1_mix1190,20,3,0,-66,-2,14.36
fold2_room1_mix1190,20,4,0,172,0,18.28
fold2_room1_mix1190,21,3,0,-64,-2,10.98
fold2_room1_mix1190,21,4,0,175,0,22.95
fold2_room1_mix1190,22,3,0,-73,-2,5.07
fold2_room1_mix1190,22,4,0,-178,0,24.32
fold2_room1_mix1190,23,4,0,-176,0,24.94
fold2_room1_mix1190,24,4,0,-179,0,5.92
fold2_room1_mix1190,25,4,0,-177,0,16.61
fold2_room1_mix1190,26,3,0,-60,-3,10.53
fold2_room1_mix1190,26,4,0,179,0,14.08
fold2_room1_mix1190,27,3,0,-71,-4,13.89
fold2_room1_mix1190,27,4,0,177,-1,20.72
fold2_room1_mix1190,28,3,0,-80,-3,12.65
fold2_room1_mix1190,28,4,0,-177,-1,18.75
fold2_room1_mix1190,29,3,0,-79,-3,13.78
fold2_room1_mix1190,29,4,0,-177,0,18.72
fold2_room1_mix1190,30,3,0,-87,-3,14.84
fold2_room1_mix1190,30,4,0,178,-1,20.65
fold2_room1_mix1190,31,3,0,-91,-3,14.77
fold2_room1_mix1190,31,4,0,-178,-1,17.56
fold2_room1_mix1190,32,3,0,-95,-3,13.49
fold2_room1_mix1190,32,4,0,-178,-1,19.26
fold2_room1_mix1190,33,3,0,-96,-3,12.57
fold2_room1_mix1190,33,4,0,178,-1,18.97
fold2_room1_mix1190,34,3,0,-95,-3,9.31
fold2_room1_mix1190,34,4,0,-179,-1,19.19
fold2_room1_mix1190,35,4,0,-174,0,20.46
fold2_room1_mix1190,36,4,0,-176,0,20.33
fold2_room1_mix1190,37,4,0,-174,-1,19.16
fold2_room1_mix1190,38,4,0,-173,0,18.57
fold2_room1_mix1190,39,3,0,-78,-4,9.55
fold2_room1_mix1190,39,4,0,-178,-1,18.02
fold2_room1_mix1190,40,3,0,-94,-4,14.49
fold2_room1_mix1190,40,4,0,-177,-1,17.40
fold2_room1_mix1190,41,3,0,-94,-4,12.98
fold2_room1_mix1190,41,4,0,-173,-1,17.38
fold2_room1_mix1190,42,3,0,-89,-4,12.70
fold2_room1_mix1190,42,4,0,-176,-2,16.42
fold2_room1_mix1190,43,3,0,-94,-4,14.39
fold2_room1_mix1190,43,4,0,-177,-2,16.81
fold2_room1_mix1190,44,3,0,-97,-4,14.74
fold2_room1_mix1190,44,4,0,-178,-2,16.48
fold2_room1_mix1190,45,3,0,-100,-4,14.92
fold2_room1_mix1190,45,4,0,-178,-2,15.29
fold2_room1_mix1190,46,3,0,-108,-3,8.00
fold2_room1_mix1190,46,4,0,-173,-2,15.23
fold2_room1_mix1190,47,4,0,-169,-2,13.73
fold2_room1_mix1190,48,4,0,-174,-2,13.40
fold2_room1_mix1190,49,4,0,-171,-2,11.94
fold2_room1_mix1190,50,4,0,-171,-3,10.19
fold2_room1_mix1190,51,4,0,-169,-3,9.40
fold2_room1_mix1190,52,3,0,-106,-4,10.80
fold2_room1_mix1190,52,4,0,-172,-3,9.70
fold2_room1_mix1190,53,3,0,-116,-4,15.86
fold2_room1_mix1190,53,4,0,-168,-4,8.82
fold2_room1_mix1190,54,3,0,-122,-4,16.58
fold2_room1_mix1190,54,4,0,-167,-5,8.43
fold2_room1_mix1190,55,3,0,-113,-3,12.57
fold2_room1_mix1190,55,4,0,-167,-5,7.88
fold2_room1_mix1190,56,3,0,-102,-3,12.47
fold2_room1_mix1190,56,4,0,-165,-6,6.23
fold2_room1_mix1190,57,3,0,-111,-3,12.06
fold2_room1_mix1190,57,4,0,-159,-8,5.49
fold2_room1_mix1190,58,3,0,-115,-2,7.77
fold2_room1_mix1190,58,4,0,-153,-11,3.54
fold2_room1_mix1190,59,4,0,-150,-13,3.56
fold2_room1_mix1190,60,4,0,-141,-19,2.57
fold2_room1_mix1190,61,4,0,-124,-25,2.13
fold2_room1_mix1190,62,4,0,-94,-27,1.58
fold2_room1_mix1190,63,3,0,-63,-3,6.97
fold2_room1_mix1190,63,4,0,-57,-23,1.65
fold2_room1_mix1190,64,4,0,-41,-17,2.18
fold2_room1_mix1190,65,0,0,-40,-3,4.10
fold2_room1_mix1190,65,3,0,-123,-3,11.11
fold2_room1_mix1190,65,4,0,-36,-15,3.11
fold2_room1_mix1190,66,0,0,-42,-4,5.42
fold2_room1_mix1190,66,3,0,-126,-3,12.97
fold2_room1_mix1190,66,4,0,-32,-14,3.55
fold2_room1_mix1190,67,0,0,-40,-4,5.76
fold2_room1_mix1190,67,3,0,-120,-3,12.42
fold2_room1_mix1190,67,4,0,-23,-12,3.70
fold2_room1_mix1190,68,0,0,-38,-4,9.12
fold2_room1_mix1190,68,3,0,-119,-3,16.15
fold2_room1_mix1190,68,4,0,-20,-11,5.03
fold2_room1_mix1190,69,0,0,-37,-4,9.81
fold2_room1_mix1190,69,3,0,-121,-2,11.56
fold2_room1_mix1190,69,4,0,-18,-9,5.08
fold2_room1_mix1190,70,0,0,-31,-3,9.69
fold2_room1_mix1190,70,4,0,-13,-9,5.28
fold2_room1_mix1190,71,0,0,-33,-3,10.12
fold2_room1_mix1190,71,4,0,-13,-8,5.94
fold2_room1_mix1190,72,0,0,-29,-2,8.60
fold2_room1_mix1190,72,4,0,-12,-7,7.75
fold2_room1_mix1190,73,0,0,-29,-2,12.59
fold2_room1_mix1190,73,4,0,-10,-6,7.58
fold2_room1_mix1190,74,0,0,-30,-2,11.54
fold2_room1_mix1190,74,4,0,-10,-6,7.57
fold2_room1_mix1190,75,0,0,-27,-2,13.01
fold2_room1_mix1190,75,4,0,-7,-5,10.19
fold2_room1_mix1190,76,0,0,-34,-2,13.69
fold2_room1_mix1190,76,4,0,-6,-4,10.13
fold2_room1_mix1190,77,0,0,-30,-2,13.94
fold2_room1_mix1190,77,4,0,-5,-4,10.49
fold2_room1_mix1190,78,0,0,-29,-2,15.28
fold2_room1_mix1190,78,4,0,-5,-4,11.94
fold2_room1_mix1190,79,0,0,-29,-2,15.68
fold2_room1_mix1190,79,4,0,-4,-4,12.12
fold2_room1_mix1190,80,0,0,-30,-2,15.96
fold2_room1_mix1190,80,4,0,-4,-4,13.05
fold2_room1_mix1190,81,0,0,-27,-2,15.56
fold2_room1_mix1190,81,4,0,-4,-3,13.83
fold2_room1_mix1190,82,0,0,-27,-2,18.15
fold2_room1_mix1190,82,4,0,-4,-3,14.89
fold2_room1_mix1190,83,0,0,-25,-2,18.49
fold2_room1_mix1190,83,4,0,-4,-2,15.68
fold2_room1_mix1190,84,0,0,-24,-2,18.89
fold2_room1_mix1190,84,4,0,-3,-2,17.84
fold2_room1_mix1190,85,0,0,-22,-2,20.18
fold2_room1_mix1190,85,4,0,-2,-2,19.20
fold2_room1_mix1190,86,0,0,-20,-1,25.63
fold2_room1_mix1190,86,4,0,-3,-2,18.70
fold2_room1_mix1190,87,0,0,-20,-1,24.95
fold2_room1_mix1190,87,4,0,-3,-2,20.09
fold2_room1_mix1190,88,0,0,-20,-1,27.87
fold2_room1_mix1190,88,4,0,-2,-2,20.89
fold2_room1_mix1190,89,0,0,-18,-1,32.23
fold2_room1_mix1190,89,4,0,-1,-2,19.89
fold2_room1_mix1190,90,0,0,-17,-1,32.35
fold2_room1_mix1190,90,4,0,-3,-3,19.94
fold2_room1_mix1190,91,0,0,-16,-1,31.76
fold2_room1_mix1190,91,4,0,-3,-2,23.07
fold2_room1_mix1190,92,0,0,-13,0,10.88
fold2_room1_mix1190,92,4,0,-2,-2,23.44
fold2_room1_mix1190,93,0,0,-15,0,3.73
fold2_room1_mix1190,93,4,0,-5,-2,22.54
fold2_room1_mix1190,94,4,0,-6,-2,26.20
fold2_room1_mix1190,95,4,0,-4,-2,23.78
fold2_room1_mix1190,96,4,0,-5,-2,23.10
fold2_room1_mix1190,97,4,0,-6,-1,11.86
fold2_room1_mix1190,98,4,0,-5,-2,19.47
fold2_room1_mix1190,99,4,0,-2,-1,6.89
fold2_room1_mix1191,0,5,0,-91,4,4.87
fold2_room1_mix1191,1,5,0,-85,5,9.36
fold2_room1_mix1191,2,5,0,-94,5,8.23
fold2_room1_mix1191,3,5,0,-88,5,7.72
fold2_room1_mix1191,4,4,0,179,0,11.18
fold2_room1_mix1191,4,5,0,-91,7,9.14
fold2_room1_mix1191,5,4,0,179,0,18.51
fold2_room1_mix1191,5,5,0,-92,6,13.07
fold2_room1_mix1191,6,4,0,178,0,13.65
fold2_room1_mix1191,6,5,0,-90,6,15.22
fold2_room1_mix1191,7,4,0,178,0,18.90
fold2_room1_mix1191,7,5,0,-92,6,12.59
fold2_room1_mix1191,8,4,0,178,0,31.76
fold2_room1_mix1191,8,5,0,-89,6,12.10
fold2_room1_mix1191,9,4,0,-178,0,30.17
fold2_room1_mix1191,9,5,0,-91,6,14.23
fold2_room1_mix1191,10,4,0,-176,0,35.15
fold2_room1_mix1191,10,5,0,-93,7,10.01
fold2_room1_mix1191,11,4,0,179,0,33.16
fold2_room1_mix1191,11,5,0,-88,6,12.52
fold2_room1_mix1191,12,4,0,-176,0,31.38
fold2_room1_mix1191,12,5,0,-87,6,12.04
fold2_room1_mix1191,13,4,0,-176,0,35.97
fold2_room1_mix1191,13,5,0,-92,7,9.69
fold2_room1_mix1191,14,4,0,-177,0,35.31
fold2_room1_mix1191,14,5,0,-90,6,11.47
fold2_room1_mix1191,15,4,0,-173,0,34.09
fold2_room1_mix1191,15,5,0,-91,6,11.97
fold2_room1_mix1191,16,4,0,-176,0,36.94
fold2_room1_mix1191,16,5,0,-88,6,11.03
fold2_room1_mix1191,17,4,0,-175,0,33.72
fold2_room1_mix1191,17,5,0,-86,6,12.03
fold2_room1_mix1191,18,4,0,-174,0,37.49
fold2_room1_mix1191,18,5,0,-92,6,11.66
fold2_room1_mix1191,19,4,0,-178,0,38.24
fold2_room1_mix1191,19,5,0,-84,5,13.78
fold2_room1_mix1191,20,4,0,-178,0,34.17
fold2_room1_mix1191,20,5,0,-87,6,12.98
fold2_room1_mix1191,21,4,0,-176,0,39.43
fold2_room1_mix1191,21,5,0,-91,6,10.38
fold2_room1_mix1191,22,4,0,-179,0,37.28
fold2_room1_mix1191,22,5,0,-87,5,14.28
fold2_room1_mix1191,23,4,0,-178,0,38.68
fold2_room1_mix1191,23,5,0,-90,6,11.17
fold2_room1_mix1191,24,4,0,177,0,40.47
fold2_room1_mix1191,24,5,0,-92,6,12.32
fold2_room1_mix1191,25,4,0,-178,0,38.51
fold2_room1_mix1191,25,5,0,-89,5,14.69
fold2_room1_mix1191,26,4,0,-178,0,38.32
fold2_room1_mix1191,26,5,0,-95,6,12.47
fold2_room1_mix1191,27,4,0,176,0,40.14
fold2_room1_mix1191,27,5,0,-89,5,14.18
fold2_room1_mix1191,28,4,0,178,0,39.72
fold2_room1_mix1191,28,5,0,-88,6,13.53
fold2_room1_mix1191,29,4,0,173,0,40.80
fold2_room1_mix1191,29,5,0,-93,6,11.47
fold2_room1_mix1191,30,4,0,176,0,40.29
fold2_room1_mix1191,30,5,0,-89,5,14.61
fold2_room1_mix1191,31,4,0,178,0,39.41
fold2_room1_mix1191,31,5,0,-90,5,14.10
fold2_room1_mix1191,32,4,0,173,0,41.87
fold2_room1_mix1191,32,5,0,-91,5,13.59
fold2_room1_mix1191,33,4,0,178,0,40.21
fold2_room1_mix1191,33,5,0,-90,5,13.59
fold2_room1_mix1191,34,4,0,176,0,40.76
fold2_room1_mix1191,34,5,0,-97,5,13.51
fold2_room1_mix1191,35,4,0,171,0,41.22
fold2_room1_mix1191,35,5,0,-91,5,15.96
fold2_room1_mix1191,36,4,0,173,0,40.12
fold2_room1_mix1191,36,5,0,-90,5,13.33
fold2_room1_mix1191,37,4,0,169,0,39.04
fold2_room1_mix1191,37,5,0,-92,5,12.50
fold2_room1_mix1191,38,4,0,172,0,38.91
fold2_room1_mix1191,38,5,0,-89,5,15.17
fold2_room1_mix1191,39,4,0,173,0,36.06
fold2_room1_mix1191,39,5,0,-95,5,13.97
fold2_room1_mix1191,40,4,0,168,0,38.75
fold2_room1_mix1191,40,5,0,-97,5,12.93
fold2_room1_mix1191,41,4,0,168,0,34.95
fold2_room1_mix1191,41,5,0,-87,5,14.40
fold2_room1_mix1191,42,4,0,168,0,34.01
fold2_room1_mix1191,42,5,0,-94,5,12.77
fold2_room1_mix1191,43,4,0,161,0,32.60
fold2_room1_mix1191,43,5,0,-97,4,14.99
fold2_room1_mix1191,44,4,0,163,0,32.13
fold2_room1_mix1191,44,5,0,-97,5,14.52
fold2_room1_mix1191,45,4,0,164,0,32.40
fold2_room1_mix1191,45,5,0,-101,5,12.29
fold2_room1_mix1191,46,4,0,160,0,30.99
fold2_room1_mix1191,46,5,0,-98,4,14.54
fold2_room1_mix1191,47,4,0,163,0,30.68
fold2_room1_mix1191,47,5,0,-98,5,13.79
fold2_room1_mix1191,48,4,0,156,0,28.75
fold2_room1_mix1191,48,5,0,-102,5,13.05
fold2_room1_mix1191,49,4,0,158,0,27.92
fold2_room1_mix1191,49,5,0,-97,4,13.77
fold2_room1_mix1191,50,4,0,155,-1,27.12
fold2_room1_mix1191,50,5,0,-100,5,12.84
fold2_room1_mix1191,51,4,0,154,-1,27.41
fold2_room1_mix1191,51,5,0,-99,4,14.61
fold2_room1_mix1191,52,4,0,154,-1,25.60
fold2_room1_mix1191,52,5,0,-97,5,12.27
fold2_room1_mix1191,53,4,0,149,-2,24.62
fold2_room1_mix1191,53,5,0,-105,5,12.49
fold2_room1_mix1191,54,4,0,146,-1,23.81
fold2_room1_mix1191,54,5,0,-102,4,14.51
fold2_room1_mix1191,55,4,0,148,-2,22.25
fold2_room1_mix1191,55,5,0,-102,5,12.79
fold2_room1_mix1191,56,4,0,143,-2,22.15
fold2_room1_mix1191,56,5,0,-105,4,13.56
fold2_room1_mix1191,57,4,0,145,-2,21.76
fold2_room1_mix1191,57,5,0,-102,4,14.37
fold2_room1_mix1191,58,4,0,142,-3,20.11
fold2_room1_mix1191,58,5,0,-110,4,13.84
fold2_room1_mix1191,59,4,0,137,-2,20.31
fold2_room1_mix1191,59,5,0,-108,4,14.38
fold2_room1_mix1191,60,4,0,136,-2,20.19
fold2_room1_mix1191,60,5,0,-109,4,13.91
fold2_room1_mix1191,61,4,0,135,-2,19.25
fold2_room1_mix1191,61,5,0,-111,4,12.61
fold2_room1_mix1191,62,4,0,131,-2,18.60
fold2_room1_mix1191,62,5,0,-111,4,14.23
fold2_room1_mix1191,63,4,0,133,-2,18.04
fold2_room1_mix1191,63,5,0,-116,4,13.87
fold2_room1_mix1191,64,4,0,130,-2,18.05
fold2_room1_mix1191,64,5,0,-117,4,13.24
fold2_room1_mix1191,65,4,0,125,-2,16.96
fold2_room1_mix1191,65,5,0,-115,4,13.56
fold2_room1_mix1191,66,4,0,124,-3,16.62
fold2_room1_mix1191,66,5,0,-115,4,13.25
fold2_room1_mix1191,67,4,0,121,-2,16.54
fold2_room1_mix1191,67,5,0,-116,4,15.39
fold2_room1_mix1191,68,4,0,122,-2,16.41
fold2_room1_mix1191,68,5,0,-120,4,13.65
fold2_room1_mix1191,69,4,0,121,-3,16.25
fold2_room1_mix1191,69,5,0,-117,4,13.59
fold2_room1_mix1191,70,4,0,116,-3,16.11
fold2_room1_mix1191,70,5,0,-118,4,15.16
fold2_room1_mix1191,71,4,0,115,-3,15.50
fold2_room1_mix1191,71,5,0,-116,4,12.84
fold2_room1_mix1191,72,4,0,109,-3,15.13
fold2_room1_mix1191,72,5,0,-118,4,13.89
fold2_room1_mix1191,73,4,0,108,-3,14.91
fold2_room1_mix1191,73,5,0,-119,4,14.52
fold2_room1_mix1191,74,4,0,104,-4,13.80
fold2_room1_mix1191,74,5,0,-117,4,12.68
fold2_room1_mix1191,75,4,0,99,-4,14.32
fold2_room1_mix1191,75,5,0,-118,4,13.98
fold2_room1_mix1191,76,4,0,100,-4,14.10
fold2_room1_mix1191,76,5,0,-118,4,13.47
fold2_room1_mix1191,77,4,0,95,-4,13.80
fold2_room1_mix1191,77,5,0,-120,4,13.57
fold2_room1_mix1191,78,4,0,90,-4,13.76
fold2_room1_mix1191,78,5,0,-122,4,14.23
fold2_room1_mix1191,79,4,0,88,-4,13.66
fold2_room1_mix1191,79,5,0,-121,4,12.91
fold2_room1_mix1191,80,4,0,84,-4,13.83
fold2_room1_mix1191,80,5,0,-120,4,13.48
fold2_room1_mix1191,81,4,0,83,-4,14.15
fold2_room1_mix1191,81,5,0,-121,4,13.40
fold2_room1_mix1191,82,4,0,82,-4,14.28
fold2_room1_mix1191,82,5,0,-122,4,13.55
fold2_room1_mix1191,83,4,0,77,-3,14.75
fold2_room1_mix1191,83,5,0,-119,4,15.01
fold2_room1_mix1191,84,4,0,76,-3,14.91
fold2_room1_mix1191,84,5,0,-122,4,12.91
fold2_room1_mix1191,85,4,0,73,-3,15.44
fold2_room1_mix1191,85,5,0,-119,4,12.92
fold2_room1_mix1191,86,4,0,69,-2,15.79
fold2_room1_mix1191,86,5,0,-121,4,15.08
fold2_room1_mix1191,87,4,0,68,-2,16.20
fold2_room1_mix1191,87,5,0,-123,4,12.76
fold2_room1_mix1191,88,4,0,64,-2,16.73
fold2_room1_mix1191,88,5,0,-120,4,13.38
fold2_room1_mix1191,89,4,0,62,-2,17.44
fold2_room1_mix1191,89,5,0,-123,4,13.79
fold2_room1_mix1191,90,4,0,60,-2,17.36
fold2_room1_mix1191,90,5,0,-121,4,12.47
fold2_room1_mix1191,91,4,0,57,-2,18.27
fold2_room1_mix1191,91,5,0,-124,4,14.39
fold2_room1_mix1191,92,4,0,57,-2,18.90
fold2_room1_mix1191,92,5,0,-124,4,13.41
fold2_room1_mix1191,93,4,0,54,-2,19.18
fold2_room1_mix1191,93,5,0,-123,4,13.28
fold2_room1_mix1191,94,4,0,53,-1,20.16
fold2_room1_mix1191,94,5,0,-125,4,13.68
fold2_room1_mix1191,95,4,0,50,-1,20.97
fold2_room1_mix1191,95,5,0,-125,4,12.81
fold2_room1_mix1191,96,4,0,49,-2,21.37
fold2_room1_mix1191,96,5,0,-125,4,13.95
fold2_room1_mix1191,97,4,0,48,-1,21.82
fold2_room1_mix1191,97,5,0,-126,4,14.37
fold2_room1_mix1191,98,4,0,46,-2,22.68
fold2_room1_mix1191,98,5,0,-125,4,13.28
fold2_room1_mix1191,99,4,0,45,-1,23.49
fold2_room1_mix1191,99,5,0,-124,3,14.16
fold2_room1_mix1192,1,4,0,-178,0,1.28
fold2_room1_mix1192,3,4,0,-174,0,2.51
fold2_room1_mix1192,4,4,0,-171,-1,15.65
fold2_room1_mix1192,5,4,0,-171,-1,17.92
fold2_room1_mix1192,6,4,0,-170,0,20.63
fold2_room1_mix1192,7,4,0,-167,-1,26.46
fold2_room1_mix1192,8,4,0,-167,-1,28.74
fold2_room1_mix1192,9,4,0,-166,-1,29.38
fold2_room1_mix1192,10,4,0,-168,-1,28.42
fold2_room1_mix1192,11,4,0,-166,-1,28.40
fold2_room1_mix1192,12,4,0,-165,-1,27.99
fold2_room1_mix1192,13,4,0,-164,-1,26.80
fold2_room1_mix1192,14,4,0,-162,-1,27.55
fold2_room1_mix1192,15,4,0,-164,-1,26.96
fold2_room1_mix1192,16,4,0,-164,-1,25.78
fold2_room1_mix1192,17,4,0,-161,-1,26.82
fold2_room1_mix1192,18,4,0,-162,-1,25.97
fold2_room1_mix1192,19,4,0,-162,-1,26.24
fold2_room1_mix1192,20,4,0,-161,-1,25.68
fold2_room1_mix1192,21,4,0,-161,-1,24.60
fold2_room1_mix1192,22,4,0,-160,-1,24.27
fold2_room1_mix1192,23,4,0,-159,-1,22.92
fold2_room1_mix1192,24,4,0,-159,-1,23.62
fold2_room1_mix1192,25,4,0,-160,-1,22.64
fold2_room1_mix1192,26,4,0,-162,-1,23.64
fold2_room1_mix1192,27,4,0,-160,-1,22.86
fold2_room1_mix1192,28,4,0,-162,-1,23.78
fold2_room1_mix1192,29,0,0,165,-1,9.58
fold2_room1_mix1192,29,4,0,-162,0,22.42
fold2_room1_mix1192,30,0,0,166,-1,15.85
fold2_room1_mix1192,30,4,0,-159,-1,22.12
fold2_room1_mix1192,31,0,0,167,-1,18.92
fold2_room1_mix1192,31,4,0,-159,-1,23.46
fold2_room1_mix1192,32,0,0,164,-1,25.48
fold2_room1_mix1192,32,4,0,-159,-1,21.73
fold2_room1_mix1192,33,0,0,162,-1,29.22
fold2_room1_mix1192,33,4,0,-159,-1,22.90
fold2_room1_mix1192,34,0,0,160,-1,27.50
fold2_room1_mix1192,34,4,0,-159,-1,22.89
fold2_room1_mix1192,35,0,0,158,-1,23.57
fold2_room1_mix1192,35,4,0,-158,-1,22.42
fold2_room1_mix1192,36,0,0,159,-1,25.62
fold2_room1_mix1192,36,4,0,-161,-1,22.52
fold2_room1_mix1192,37,0,0,159,-1,25.31
fold2_room1_mix1192,37,4,0,-160,0,22.25
fold2_room1_mix1192,38,0,0,158,-1,22.69
fold2_room1_mix1192,38,4,0,-161,-1,21.64
fold2_room1_mix1192,39,0,0,158,-1,21.43
fold2_room1_mix1192,39,4,0,-159,-1,20.97
fold2_room1_mix1192,40,0,0,156,-1,21.04
fold2_room1_mix1192,40,4,0,-159,-1,20.16
fold2_room1_mix1192,41,0,0,157,-1,22.01
fold2_room1_mix1192,41,4,0,-158,0,20.07
fold2_room1_mix1192,42,0,0,154,-1,21.27
fold2_room1_mix1192,42,4,0,-156,-1,20.03
fold2_room1_mix1192,43,0,0,155,-1,20.39
fold2_room1_mix1192,43,4,0,-154,-1,19.55
fold2_room1_mix1192,44,0,0,154,-1,20.39
fold2_room1_mix1192,44,4,0,-154,-1,18.58
fold2_room1_mix1192,45,0,0,153,-1,19.10
fold2_room1_mix1192,45,4,0,-155,-1,17.76
fold2_room1_mix1192,46,0,0,149,-2,16.31
fold2_room1_mix1192,46,4,0,-149,-2,17.04
fold2_room1_mix1192,47,0,0,150,-2,17.76
fold2_room1_mix1192,47,4,0,-152,-2,16.01
fold2_room1_mix1192,48,0,0,147,-2,15.82
fold2_room1_mix1192,48,4,0,-152,-2,15.84
fold2_room1_mix1192,49,0,0,148,-2,16.27
fold2_room1_mix1192,49,4,0,-151,-2,16.45
fold2_room1_mix1192,50,0,0,144,-2,15.06
fold2_room1_mix1192,50,4,0,-150,-2,16.12
fold2_room1_mix1192,51,0,0,142,-2,13.83
fold2_room1_mix1192,51,4,0,-149,-2,15.11
fold2_room1_mix1192,52,0,0,131,-2,11.47
fold2_room1_mix1192,52,4,0,-148,-2,14.67
fold2_room1_mix1192,53,0,0,130,-2,10.65
fold2_room1_mix1192,53,4,0,-148,-3,13.68
fold2_room1_mix1192,54,0,0,127,-3,10.19
fold2_room1_mix1192,54,4,0,-147,-3,14.00
fold2_room1_mix1192,55,0,0,128,-2,10.93
fold2_room1_mix1192,55,4,0,-147,-3,13.53
fold2_room1_mix1192,56,0,0,127,-3,10.63
fold2_room1_mix1192,56,4,0,-146,-3,12.73
fold2_room1_mix1192,57,0,0,123,-3,9.69
fold2_room1_mix1192,57,4,0,-144,-4,11.91
fold2_room1_mix1192,58,0,0,118,-3,11.00
fold2_room1_mix1192,58,4,0,-143,-3,12.03
fold2_room1_mix1192,59,0,0,111,-3,9.87
fold2_room1_mix1192,59,4,0,-139,-4,11.12
fold2_room1_mix1192,60,0,0,116,-3,10.93
fold2_room1_mix1192,60,4,0,-135,-4,10.60
fold2_room1_mix1192,61,0,0,108,-3,10.85
fold2_room1_mix1192,61,4,0,-139,-3,11.02
fold2_room1_mix1192,62,0,0,121,-3,12.24
fold2_room1_mix1192,62,4,0,-134,-3,10.68
fold2_room1_mix1192,63,0,0,127,-2,9.18
fold2_room1_mix1192,63,4,0,-128,-3,10.70
fold2_room1_mix1192,64,0,0,128,-2,8.90
fold2_room1_mix1192,64,4,0,-126,-3,9.99
fold2_room1_mix1192,65,0,0,147,-2,7.78
fold2_room1_mix1192,65,4,0,-125,-3,10.09
fold2_room1_mix1192,66,0,0,144,-2,3.24
fold2_room1_mix1192,66,4,0,-126,-3,9.93
fold2_room1_mix1192,67,4,0,-124,-3,9.78
fold2_room1_mix1192,68,4,0,-122,-3,10.06
fold2_room1_mix1192,69,4,0,-121,-4,9.55
fold2_room1_mix1192,70,4,0,-120,-3,9.61
fold2_room1_mix1192,71,4,0,-117,-3,9.38
fold2_room1_mix1192,72,4,0,-117,-4,9.96
fold2_room1_mix1192,73,4,0,-114,-3,9.76
fold2_room1_mix1192,74,4,0,-112,-4,9.32
fold2_room1_mix1192,75,4,0,-110,-4,9.33
fold2_room1_mix1192,76,4,0,-108,-4,9.49
fold2_room1_mix1192,77,4,0,-106,-4,9.23
fold2_room1_mix1192,78,4,0,-103,-3,9.31
fold2_room1_mix1192,79,4,0,-100,-4,9.08
fold2_room1_mix1192,80,4,0,-96,-3,9.08
fold2_room1_mix1192,81,4,0,-94,-3,9.37
fold2_room1_mix1192,82,4,0,-92,-4,9.12
fold2_room1_mix1192,83,4,0,-89,-3,9.43
fold2_room1_mix1192,84,4,0,-86,-3,9.75
fold2_room1_mix1192,85,4,0,-83,-3,9.74
fold2_room1_mix1192,86,4,0,-80,-3,9.60
fold2_room1_mix1192,87,4,0,-77,-3,9.97
fold2_room1_mix1192,88,4,0,-74,-3,10.11
fold2_room1_mix1192,89,4,0,-71,-3,10.39
fold2_room1_mix1192,90,4,0,-68,-3,10.29
fold2_room1_mix1192,91,4,0,-66,-3,10.82
fold2_room1_mix1192,92,4,0,-63,-3,10.99
fold2_room1_mix1192,93,4,0,-61,-3,11.19
fold2_room1_mix1192,94,4,0,-59,-3,11.45
fold2_room1_mix1192,95,4,0,-57,-3,11.19
fold2_room1_mix1192,96,4,0,-55,-3,11.53
fold2_room1_mix1192,97,4,0,-53,-2,13.08
fold2_room1_mix1192,98,4,0,-51,-3,12.52
fold2_room1_mix1192,99,4,0,-50,-3,12.17
fold2_room1_mix1193,49,4,0,22,0,6.37
fold2_room1_mix1193,51,4,0,27,0,9.07
fold2_room1_mix1193,52,4,0,28,-1,16.63
fold2_room1_mix1193,53,4,0,29,-1,17.92
fold2_room1_mix1193,54,4,0,29,-1,17.21
fold2_room1_mix1193,55,0,0,-97,-5,2.51
fold2_room1_mix1193,55,4,0,38,-2,17.71
fold2_room1_mix1193,56,0,0,-89,-4,6.11
fold2_room1_mix1193,56,4,0,33,-2,18.00
fold2_room1_mix1193,57,0,0,-80,-4,6.22
fold2_room1_mix1193,57,4,0,38,-3,16.61
fold2_room1_mix1193,58,0,0,-78,-5,8.96
fold2_room1_mix1193,58,4,0,153,-3,17.32
fold2_room1_mix1193,58,4,0,35,-3,14.41
fold2_room1_mix1193,59,0,0,-67,-4,10.09
fold2_room1_mix1193,59,4,0,44,-2,15.14
fold2_room1_mix1193,60,0,0,-63,-4,11.52
fold2_room1_mix1193,60,4,0,48,-3,14.48
fold2_room1_mix1193,61,0,0,-64,-4,12.52
fold2_room1_mix1193,61,3,0,77,-4,6.30
fold2_room1_mix1193,61,4,0,62,-6,15.13
fold2_room1_mix1193,61,4,0,45,-4,14.69
fold2_room1_mix1193,62,0,0,-57,-4,11.93
fold2_room1_mix1193,62,3,0,97,-4,10.60
fold2_room1_mix1193,62,4,0,47,-3,16.14
fold2_room1_mix1193,63,0,0,-54,-4,12.17
fold2_room1_mix1193,63,3,0,105,-4,9.62
fold2_room1_mix1193,63,4,0,43,-4,15.34
fold2_room1_mix1193,64,0,0,-49,-3,11.01
fold2_room1_mix1193,64,3,0,109,-4,11.38
fold2_room1_mix1193,64,4,0,58,-7,14.36
fold2_room1_mix1193,64,4,0,37,-3,16.01
fold2_room1_mix1193,65,0,0,-45,-3,11.65
fold2_room1_mix1193,65,3,0,110,-3,11.68
fold2_room1_mix1193,65,4,0,76,-7,12.94
fold2_room1_mix1193,65,4,0,48,-4,13.96
fold2_room1_mix1193,66,0,0,-43,-3,12.65
fold2_room1_mix1193,66,3,0,123,-4,10.47
fold2_room1_mix1193,66,4,0,118,-8,13.52
fold2_room1_mix1193,66,4,0,46,-4,15.56
fold2_room1_mix1193,67,0,0,-43,-3,10.86
fold2_room1_mix1193,67,3,0,128,-3,11.29
fold2_room1_mix1193,67,4,0,106,-8,12.03
fold2_room1_mix1193,67,4,0,46,-4,14.85
fold2_room1_mix1193,68,0,0,-40,-3,12.26
fold2_room1_mix1193,68,3,0,124,-3,9.91
fold2_room1_mix1193,68,4,0,148,-4,12.35
fold2_room1_mix1193,68,4,0,65,-4,11.90
fold2_room1_mix1193,68,4,0,39,-3,15.76
fold2_room1_mix1193,69,0,0,-40,-3,13.68
fold2_room1_mix1193,69,3,0,113,-4,4.05
fold2_room1_mix1193,69,4,0,168,-6,13.63
fold2_room1_mix1193,69,4,0,22,-4,13.99
fold2_room1_mix1193,70,0,0,-43,-3,12.98
fold2_room1_mix1193,70,4,0,101,-4,14.47
fold2_room1_mix1193,70,4,0,44,-2,14.61
fold2_room1_mix1193,71,0,0,-37,-3,12.55
fold2_room1_mix1193,71,4,0,118,-3,13.64
fold2_room1_mix1193,71,4,0,63,-2,12.89
fold2_room1_mix1193,71,4,0,48,-3,15.30
fold2_room1_mix1193,72,0,0,-36,-3,14.09
fold2_room1_mix1193,72,4,0,126,-2,14.47
fold2_room1_mix1193,72,4,0,60,-3,12.38
fold2_room1_mix1193,73,0,0,-34,-3,15.25
fold2_room1_mix1193,73,4,0,105,-3,13.80
fold2_room1_mix1193,73,4,0,62,-3,12.34
fold2_room1_mix1193,74,0,0,-33,-3,15.01
fold2_room1_mix1193,74,3,0,117,-4,6.51
fold2_room1_mix1193,74,4,0,120,-4,11.46
fold2_room1_mix1193,74,4,0,87,-4,10.04
fold2_room1_mix1193,74,4,0,64,-3,13.19
fold2_room1_mix1193,75,0,0,-31,-2,17.41
fold2_room1_mix1193,75,3,0,115,-4,8.75
fold2_room1_mix1193,75,4,0,107,-5,12.72
fold2_room1_mix1193,75,4,0,76,-4,11.36
fold2_room1_mix1193,75,4,0,60,-3,14.57
fold2_room1_mix1193,76,0,0,-30,-2,18.11
fold2_room1_mix1193,76,3,0,116,-3,9.63
fold2_room1_mix1193,76,4,0,125,-3,12.82
fold2_room1_mix1193,76,4,0,86,-4,10.24
fold2_room1_mix1193,76,4,0,64,-3,13.29
fold2_room1_mix1193,77,0,0,-30,-2,17.41
fold2_room1_mix1193,77,3,0,126,-4,9.64
fold2_room1_mix1193,77,4,0,99,-3,11.83
fold2_room1_mix1193,78,0,0,-29,-2,17.79
fold2_room1_mix1193,78,3,0,129,-4,10.65
fold2_room1_mix1193,78,4,0,137,-2,9.69
fold2_room1_mix1193,78,4,0,99,-3,9.08
fold2_room1_mix1193,78,4,0,68,-2,13.10
fold2_room1_mix1193,79,0,0,-28,-2,19.80
fold2_room1_mix1193,79,3,0,134,-3,11.06
fold2_room1_mix1193,79,4,0,132,-4,10.11
fold2_room1_mix1193,79,4,0,99,-4,9.75
fold2_room1_mix1193,79,4,0,71,-3,13.68
fold2_room1_mix1193,80,0,0,-32,-2,19.10
fold2_room1_mix1193,80,3,0,141,-3,10.34
fold2_room1_mix1193,80,4,0,139,-4,8.82
fold2_room1_mix1193,80,4,0,100,-4,9.37
fold2_room1_mix1193,80,4,0,68,-4,13.59
fold2_room1_mix1193,81,0,0,-39,-2,19.79
fold2_room1_mix1193,81,3,0,133,-3,5.57
fold2_room1_mix1193,81,4,0,138,-5,7.89
fold2_room1_mix1193,81,4,0,107,-4,9.21
fold2_room1_mix1193,81,4,0,72,-3,12.44
fold2_room1_mix1193,82,0,0,-38,-2,19.73
fold2_room1_mix1193,82,4,0,154,-4,8.47
fold2_room1_mix1193,82,4,0,117,-3,9.36
fold2_room1_mix1193,82,4,0,88,-4,10.79
fold2_room1_mix1193,83,0,0,-46,-2,20.23
fold2_room1_mix1193,83,4,0,161,-5,7.18
fold2_room1_mix1193,83,4,0,119,-3,10.14
fold2_room1_mix1193,83,4,0,92,-3,12.74
fold2_room1_mix1193,84,0,0,-31,-1,21.39
fold2_room1_mix1193,84,4,0,-179,-7,6.31
fold2_room1_mix1193,84,4,0,137,-4,9.24
fold2_room1_mix1193,84,4,0,103,-3,12.75
fold2_room1_mix1193,85,0,0,-42,-2,16.00
fold2_room1_mix1193,85,4,0,-148,-7,5.40
fold2_room1_mix1193,85,4,0,139,-4,8.86
fold2_room1_mix1193,85,4,0,118,-2,12.80
fold2_room1_mix1193,86,0,0,-68,-3,14.93
fold2_room1_mix1193,86,3,0,145,-4,13.40
fold2_room1_mix1193,86,4,0,-146,-9,4.24
fold2_room1_mix1193,86,4,0,140,-6,7.99
fold2_room1_mix1193,86,4,0,113,-2,10.72
fold2_room1_mix1193,87,0,0,-67,-3,10.44
fold2_room1_mix1193,87,4,0,-117,-9,3.00
fold2_room1_mix1193,87,4,0,142,-4,8.56
fold2_room1_mix1193,87,4,0,125,-2,9.84
fold2_room1_mix1193,88,4,0,135,-8,8.35
fold2_room1_mix1193,88,4,0,-104,-20,2.38
fold2_room1_mix1193,89,4,0,137,-5,9.79
fold2_room1_mix1193,89,4,0,-78,-19,2.58
fold2_room1_mix1193,90,0,0,-45,-2,8.34
fold2_room1_mix1193,90,4,0,128,-1,11.85
fold2_room1_mix1193,90,4,0,-66,-22,1.69
fold2_room1_mix1193,91,0,0,-34,-1,11.76
fold2_room1_mix1193,91,4,0,135,-1,13.62
fold2_room1_mix1193,91,4,0,-46,-18,2.94
fold2_room1_mix1193,92,0,0,-33,-1,11.62
fold2_room1_mix1193,92,4,0,136,-2,12.88
fold2_room1_mix1193,92,4,0,-42,-13,3.06
fold2_room1_mix1193,93,0,0,-34,-1,16.27
fold2_room1_mix1193,93,4,0,135,-1,15.19
fold2_room1_mix1193,93,4,0,-31,-12,2.90
fold2_room1_mix1193,94,0,0,-26,-1,11.22
fold2_room1_mix1193,94,4,0,129,-1,16.64
fold2_room1_mix1193,94,4,0,-10,-8,6.20
fold2_room1_mix1193,94,4,0,-28,-10,3.52
fold2_room1_mix1193,95,0,0,-25,-1,18.77
fold2_room1_mix1193,95,4,0,142,0,14.84
fold2_room1_mix1193,95,4,0,-13,-7,6.62
fold2_room1_mix1193,96,0,0,-21,0,4.76
fold2_room1_mix1193,96,4,0,134,-1,15.63
fold2_room1_mix1193,96,4,0,-8,-5,7.91
fold2_room1_mix1193,97,0,0,-19,0,10.59
fold2_room1_mix1193,97,4,0,140,-1,17.22
fold2_room1_mix1193,97,4,0,-11,-7,6.62
fold2_room1_mix1193,98,0,0,-16,0,5.70
fold2_room1_mix1193,98,4,0,147,0,18.31
fold2_room1_mix1193,98,4,0,-14,-6,6.50
fold2_room1_mix1193,99,0,0,-15,0,3.40
fold2_room1_mix1193,99,4,0,147,-1,15.12
fold2_room1_mix1193,99,4,0,-11,-5,7.44
fold2_room1_mix1194,1,5,0,-154,2,6.59
fold2_room1_mix1194,2,5,0,-147,3,9.72
fold2_room1_mix1194,3,5,0,-133,2,14.46
fold2_room1_mix1194,4,5,0,-140,2,13.08
fold2_room1_mix1194,5,5,0,-142,2,15.97
fold2_room1_mix1194,6,5,0,-142,1,19.80
fold2_room1_mix1194,7,5,0,-142,2,14.55
fold2_room1_mix1194,8,5,0,-141,2,14.67
fold2_room1_mix1194,9,5,0,-144,2,19.25
fold2_room1_mix1194,10,5,0,-139,2,16.89
fold2_room1_mix1194,11,5,0,-145,2,16.26
fold2_room1_mix1194,12,5,0,-141,2,15.33
fold2_room1_mix1194,13,5,0,-142,2,14.80
fold2_room1_mix1194,14,5,0,-139,2,17.66
fold2_room1_mix1194,15,5,0,-139,2,16.34
fold2_room1_mix1194,16,5,0,-136,2,17.06
fold2_room1_mix1194,17,5,0,-142,2,16.97
fold2_room1_mix1194,18,5,0,-135,2,16.29
fold2_room1_mix1194,19,5,0,-135,2,16.33
fold2_room1_mix1194,20,5,0,-138,2,17.54
fold2_room1_mix1194,21,5,0,-140,2,15.58
fold2_room1_mix1194,22,5,0,-137,2,16.55
fold2_room1_mix1194,23,5,0,-139,2,18.21
fold2_room1_mix1194,24,5,0,-135,2,15.51
fold2_room1_mix1194,25,5,0,-137,2,17.00
fold2_room1_mix1194,26,5,0,-134,2,17.81
fold2_room1_mix1194,27,5,0,-132,2,15.77
fold2_room1_mix1194,28,5,0,-134,2,17.68
fold2_room1_mix1194,29,5,0,-130,2,16.44
fold2_room1_mix1194,30,5,0,-131,2,15.94
fold2_room1_mix1194,31,5,0,-130,2,16.46
fold2_room1_mix1194,32,5,0,-131,2,16.40
fold2_room1_mix1194,33,5,0,-130,3,15.62
fold2_room1_mix1194,34,5,0,-131,2,17.10
fold2_room1_mix1194,35,5,0,-129,3,15.52
fold2_room1_mix1194,36,5,0,-128,2,17.30
fold2_room1_mix1194,37,5,0,-131,2,17.04
fold2_room1_mix1194,38,5,0,-127,2,15.86
fold2_room1_mix1194,39,5,0,-127,2,17.42
fold2_room1_mix1194,40,5,0,-131,2,17.67
fold2_room1_mix1194,41,5,0,-130,3,16.15
fold2_room1_mix1194,42,5,0,-127,2,17.06
fold2_room1_mix1194,43,5,0,-130,2,16.92
fold2_room1_mix1194,44,5,0,-126,2,17.75
fold2_room1_mix1194,45,5,0,-126,3,15.15
fold2_room1_mix1194,46,5,0,-125,3,16.41
fold2_room1_mix1194,47,5,0,-123,2,16.24
fold2_room1_mix1194,48,5,0,-124,2,17.44
fold2_room1_mix1194,49,5,0,-128,2,15.72
fold2_room1_mix1194,50,5,0,-125,2,17.10
fold2_room1_mix1194,51,5,0,-126,3,17.07
fold2_room1_mix1194,52,5,0,-126,2,16.84
fold2_room1_mix1194,53,5,0,-127,2,16.12
fold2_room1_mix1194,54,5,0,-127,2,17.47
fold2_room1_mix1194,55,5,0,-124,2,16.68
fold2_room1_mix1194,56,5,0,-123,3,15.95
fold2_room1_mix1194,57,5,0,-126,2,16.65
fold2_room1_mix1194,58,5,0,-124,3,16.50
fold2_room1_mix1194,59,5,0,-123,3,17.02
fold2_room1_mix1194,60,5,0,-121,3,17.89
fold2_room1_mix1194,61,5,0,-121,3,15.87
fold2_room1_mix1194,62,5,0,-124,3,15.60
fold2_room1_mix1194,63,4,0,-179,-1,7.14
fold2_room1_mix1194,63,5,0,-123,3,15.72
fold2_room1_mix1194,64,4,0,-176,-1,13.37
fold2_room1_mix1194,64,5,0,-122,4,14.79
fold2_room1_mix1194,65,4,0,-174,-1,14.50
fold2_room1_mix1194,65,5,0,-123,4,14.23
fold2_room1_mix1194,66,4,0,-175,-1,14.10
fold2_room1_mix1194,66,5,0,-124,4,13.62
fold2_room1_mix1194,67,4,0,-174,-1,16.89
fold2_room1_mix1194,67,5,0,-122,4,14.18
fold2_room1_mix1194,68,4,0,-174,-1,16.50
fold2_room1_mix1194,68,5,0,-119,4,13.98
fold2_room1_mix1194,69,4,0,-172,-1,16.39
fold2_room1_mix1194,69,5,0,-122,4,13.14
fold2_room1_mix1194,70,4,0,-169,-1,15.14
fold2_room1_mix1194,70,5,0,-122,4,14.03
fold2_room1_mix1194,71,4,0,-167,-1,14.48
fold2_room1_mix1194,71,5,0,-120,4,13.17
fold2_room1_mix1194,72,4,0,-167,-2,13.79
fold2_room1_mix1194,72,5,0,-123,4,13.50
fold2_room1_mix1194,73,4,0,-167,-2,12.39
fold2_room1_mix1194,73,5,0,-119,4,14.52
fold2_room1_mix1194,74,4,0,-166,-2,11.30
fold2_room1_mix1194,74,5,0,-123,4,13.77
fold2_room1_mix1194,75,4,0,-163,-2,10.30
fold2_room1_mix1194,75,5,0,-117,4,14.14
fold2_room1_mix1194,76,4,0,-162,-3,9.11
fold2_room1_mix1194,76,5,0,-120,4,15.17
fold2_room1_mix1194,77,4,0,-158,-3,8.45
fold2_room1_mix1194,77,5,0,-118,4,13.48
fold2_room1_mix1194,78,4,0,-156,-4,7.44
fold2_room1_mix1194,78,5,0,-120,4,13.98
fold2_room1_mix1194,79,4,0,-152,-5,6.03
fold2_room1_mix1194,79,5,0,-118,4,13.45
fold2_room1_mix1194,80,4,0,-147,-6,4.90
fold2_room1_mix1194,80,5,0,-120,4,14.64
fold2_room1_mix1194,81,4,0,-141,-8,3.89
fold2_room1_mix1194,81,5,0,-117,4,14.74
fold2_room1_mix1194,82,4,0,-136,-9,3.25
fold2_room1_mix1194,82,5,0,-122,3,14.94
fold2_room1_mix1194,83,4,0,-116,-11,2.95
fold2_room1_mix1194,83,5,0,-113,4,14.50
fold2_room1_mix1194,84,4,0,-94,-11,2.52
fold2_room1_mix1194,84,5,0,-115,4,15.30
fold2_room1_mix1194,85,4,0,-74,-10,2.61
fold2_room1_mix1194,85,5,0,-118,4,14.19
fold2_room1_mix1194,86,4,0,-56,-8,2.65
fold2_room1_mix1194,86,5,0,-112,4,15.51
fold2_room1_mix1194,87,4,0,-45,-7,3.60
fold2_room1_mix1194,87,5,0,-115,4,15.35
fold2_room1_mix1194,88,4,0,-37,-6,4.29
fold2_room1_mix1194,88,5,0,-118,3,15.80
fold2_room1_mix1194,89,4,0,-30,-5,5.33
fold2_room1_mix1194,89,5,0,-112,3,15.31
fold2_room1_mix1194,90,4,0,-25,-4,6.14
fold2_room1_mix1194,90,5,0,-117,3,15.88
fold2_room1_mix1194,91,4,0,-22,-4,7.55
fold2_room1_mix1194,91,5,0,-113,3,14.88
fold2_room1_mix1194,92,4,0,-18,-3,8.30
fold2_room1_mix1194,92,5,0,-117,3,16.08
fold2_room1_mix1194,93,4,0,-16,-3,9.62
fold2_room1_mix1194,93,5,0,-113,4,14.20
fold2_room1_mix1194,94,4,0,-13,-2,11.23
fold2_room1_mix1194,94,5,0,-101,4,13.61
fold2_room1_mix1194,95,4,0,-12,-2,12.63
fold2_room1_mix1194,95,5,0,-96,4,13.57
fold2_room1_mix1194,96,4,0,-11,-2,13.00
fold2_room1_mix1194,96,5,0,-103,4,12.89
fold2_room1_mix1194,97,4,0,-10,-2,14.35
fold2_room1_mix1194,97,5,0,-99,4,13.60
fold2_room1_mix1194,98,4,0,-9,-2,14.35
fold2_room1_mix1194,98,5,0,-96,4,13.10
fold2_room1_mix1194,99,4,0,-9,-1,15.48
fold2_room1_mix1194,99,5,0,-95,4,12.43
fold2_room1_mix1195,3,4,0,-179,1,12.58
fold2_room1_mix1195,3,4,0,1,0,10.20
fold2_room1_mix1195,4,4,0,179,0,19.12
fold2_room1_mix1195,4,4,0,2,-1,14.48
fold2_room1_mix1195,5,4,0,-178,1,27.58
fold2_room1_mix1195,5,4,0,2,0,17.28
fold2_room1_mix1195,6,4,0,-179,0,23.90
fold2_room1_mix1195,6,4,0,1,0,20.05
fold2_room1_mix1195,7,4,0,178,0,43.86
fold2_room1_mix1195,7,4,0,4,-1,29.18
fold2_room1_mix1195,8,4,0,-178,0,39.10
fold2_room1_mix1195,8,4,0,3,-1,26.05
fold2_room1_mix1195,9,4,0,179,0,38.96
fold2_room1_mix1195,9,4,0,3,-1,25.90
fold2_room1_mix1195,10,4,0,-178,0,39.33
fold2_room1_mix1195,10,4,0,4,-1,26.28
fold2_room1_mix1195,11,4,0,-178,0,40.48
fold2_room1_mix1195,11,4,0,3,-1,25.92
fold2_room1_mix1195,12,4,0,-179,0,43.09
fold2_room1_mix1195,12,4,0,4,-1,27.35
fold2_room1_mix1195,13,4,0,179,0,42.14
fold2_room1_mix1195,13,4,0,3,-1,25.50
fold2_room1_mix1195,14,4,0,-178,0,40.10
fold2_room1_mix1195,14,4,0,3,-1,25.00
fold2_room1_mix1195,15,4,0,-178,0,39.96
fold2_room1_mix1195,15,4,0,3,-1,25.57
fold2_room1_mix1195,16,4,0,-179,0,41.30
fold2_room1_mix1195,16,4,0,3,-1,23.72
fold2_room1_mix1195,17,4,0,-178,0,42.50
fold2_room1_mix1195,17,4,0,2,-1,22.97
fold2_room1_mix1195,18,4,0,-179,0,40.72
fold2_room1_mix1195,18,4,0,3,-1,22.62
fold2_room1_mix1195,19,4,0,-178,0,40.12
fold2_room1_mix1195,19,4,0,1,-1,21.50
fold2_room1_mix1195,20,4,0,-179,0,44.04
fold2_room1_mix1195,20,4,0,2,-1,23.10
fold2_room1_mix1195,21,4,0,-179,0,42.95
fold2_room1_mix1195,21,4,0,3,-1,21.50
fold2_room1_mix1195,22,4,0,-179,0,39.71
fold2_room1_mix1195,22,4,0,2,-1,20.04
fold2_room1_mix1195,23,4,0,-179,0,39.98
fold2_room1_mix1195,23,4,0,1,-1,20.74
fold2_room1_mix1195,24,4,0,-179,0,37.32
fold2_room1_mix1195,24,4,0,2,-1,21.36
fold2_room1_mix1195,25,4,0,179,0,37.46
fold2_room1_mix1195,25,4,0,1,-1,20.88
fold2_room1_mix1195,26,4,0,179,0,36.19
fold2_room1_mix1195,26,4,0,3,-1,21.11
fold2_room1_mix1195,27,4,0,-179,0,34.56
fold2_room1_mix1195,27,4,0,2,-1,20.14
fold2_room1_mix1195,28,4,0,-179,0,34.50
fold2_room1_mix1195,28,4,0,4,-2,20.96
fold2_room1_mix1195,29,4,0,178,0,30.99
fold2_room1_mix1195,29,4,0,2,-1,19.65
fold2_room1_mix1195,30,4,0,179,0,31.29
fold2_room1_mix1195,30,4,0,3,-1,19.94
fold2_room1_mix1195,31,4,0,179,-1,29.84
fold2_room1_mix1195,31,4,0,2,-2,19.84
fold2_room1_mix1195,32,4,0,-179,-1,29.35
fold2_room1_mix1195,32,4,0,2,-1,20.21
fold2_room1_mix1195,33,4,0,179,0,29.89
fold2_room1_mix1195,33,4,0,3,-1,18.75
fold2_room1_mix1195,34,4,0,179,-1,28.01
fold2_room1_mix1195,34,4,0,4,-2,18.28
fold2_room1_mix1195,35,4,0,178,0,27.31
fold2_room1_mix1195,35,4,0,2,-1,17.68
fold2_room1_mix1195,36,4,0,178,0,27.55
fold2_room1_mix1195,36,4,0,3,-2,16.82
fold2_room1_mix1195,37,4,0,177,0,26.61
fold2_room1_mix1195,37,4,0,3,-2,16.28
fold2_room1_mix1195,38,4,0,177,0,24.64
fold2_room1_mix1195,38,4,0,3,-2,14.92
fold2_room1_mix1195,39,4,0,178,0,26.53
fold2_room1_mix1195,39,4,0,3,-2,15.27
fold2_room1_mix1195,40,4,0,179,-1,23.17
fold2_room1_mix1195,40,4,0,2,-2,13.60
fold2_room1_mix1195,41,4,0,179,0,24.01
fold2_room1_mix1195,41,4,0,3,-3,12.68
fold2_room1_mix1195,42,4,0,178,-1,23.67
fold2_room1_mix1195,42,4,0,3,-3,12.55
fold2_room1_mix1195,43,4,0,179,-1,22.96
fold2_room1_mix1195,43,4,0,3,-3,12.31
fold2_room1_mix1195,44,4,0,179,-1,23.87
fold2_room1_mix1195,44,4,0,4,-3,12.46
fold2_room1_mix1195,45,4,0,178,-1,23.33
fold2_room1_mix1195,45,4,0,3,-3,12.29
fold2_room1_mix1195,46,4,0,178,-1,21.34
fold2_room1_mix1195,46,4,0,3,-3,11.73
fold2_room1_mix1195,47,4,0,-179,-1,20.86
fold2_room1_mix1195,47,4,0,4,-3,11.55
fold2_room1_mix1195,48,4,0,179,-1,19.24
fold2_room1_mix1195,48,4,0,4,-3,10.42
fold2_room1_mix1195,49,4,0,178,-1,19.66
fold2_room1_mix1195,49,4,0,6,-3,10.16
fold2_room1_mix1195,50,4,0,178,-1,17.01
fold2_room1_mix1195,50,4,0,5,-3,9.82
fold2_room1_mix1195,51,4,0,179,-1,16.96
fold2_room1_mix1195,51,4,0,6,-4,8.95
fold2_room1_mix1195,52,4,0,179,-1,18.19
fold2_room1_mix1195,52,4,0,6,-4,9.48
fold2_room1_mix1195,53,4,0,-179,-2,16.09
fold2_room1_mix1195,53,4,0,9,-5,8.56
fold2_room1_mix1195,54,4,0,-179,-2,15.50
fold2_room1_mix1195,54,4,0,8,-5,7.89
fold2_room1_mix1195,55,4,0,-178,-1,16.86
fold2_room1_mix1195,55,4,0,8,-5,7.91
fold2_room1_mix1195,56,4,0,-178,-2,14.82
fold2_room1_mix1195,56,4,0,8,-6,7.05
fold2_room1_mix1195,57,4,0,-177,-3,13.93
fold2_room1_mix1195,57,4,0,8,-6,6.63
fold2_room1_mix1195,58,4,0,-176,-3,12.91
fold2_room1_mix1195,58,4,0,8,-6,6.72
fold2_room1_mix1195,59,4,0,-176,-3,12.71
fold2_room1_mix1195,59,4,0,8,-7,6.28
fold2_room1_mix1195,60,4,0,-177,-3,12.12
fold2_room1_mix1195,60,4,0,8,-7,6.11
fold2_room1_mix1195,61,4,0,-177,-4,10.53
fold2_room1_mix1195,61,4,0,7,-7,5.81
fold2_room1_mix1195,62,4,0,-177,-4,10.20
fold2_room1_mix1195,62,4,0,7,-8,5.30
fold2_room1_mix1195,63,4,0,-177,-5,8.94
fold2_room1_mix1195,63,4,0,7,-8,5.12
fold2_room1_mix1195,64,4,0,-175,-5,8.46
fold2_room1_mix1195,64,4,0,7,-9,4.78
fold2_room1_mix1195,65,4,0,-173,-6,7.25
fold2_room1_mix1195,65,4,0,9,-9,4.41
fold2_room1_mix1195,66,4,0,-171,-6,6.92
fold2_room1_mix1195,66,4,0,8,-9,4.44
fold2_room1_mix1195,67,4,0,-167,-7,6.41
fold2_room1_mix1195,67,4,0,8,-10,4.11
fold2_room1_mix1195,68,4,0,-163,-8,5.91
fold2_room1_mix1195,68,4,0,11,-11,3.75
fold2_room1_mix1195,69,4,0,-157,-9,4.65
fold2_room1_mix1195,69,4,0,10,-10,3.81
fold2_room1_mix1195,70,4,0,-147,-11,3.83
fold2_room1_mix1195,70,4,0,13,-11,3.37
fold2_room1_mix1195,71,4,0,-134,-17,2.42
fold2_room1_mix1195,71,4,0,13,-11,3.46
fold2_room1_mix1195,72,4,0,-112,-20,1.88
fold2_room1_mix1195,72,4,0,18,-10,3.23
fold2_room1_mix1195,73,4,0,-68,-19,1.69
fold2_room1_mix1195,73,4,0,21,-9,3.00
fold2_room1_mix1195,74,4,0,-15,-22,1.68
fold2_room1_mix1195,74,4,0,22,-9,2.97
fold2_room1_mix1195,74,4,0,6,-11,2.49
fold2_room1_mix1195,75,4,0,46,-16,1.61
fold2_room1_mix1195,75,4,0,14,-10,2.59
fold2_room1_mix1195,75,4,0,-14,-10,2.49
fold2_room1_mix1195,76,4,0,38,-25,1.11
fold2_room1_mix1195,76,4,0,16,-17,2.03
fold2_room1_mix1195,76,4,0,-8,-11,3.09
fold2_room1_mix1195,77,4,0,47,-27,1.32
fold2_room1_mix1195,77,4,0,-2,-12,4.15
fold2_room1_mix1195,78,4,0,66,-30,1.10
fold2_room1_mix1195,78,4,0,0,-10,5.13
fold2_room1_mix1195,79,4,0,87,-31,1.11
fold2_room1_mix1195,79,4,0,-2,-8,6.92
fold2_room1_mix1195,80,4,0,113,-28,1.41
fold2_room1_mix1195,80,4,0,-7,-6,7.85
fold2_room1_mix1195,81,4,0,131,-25,1.59
fold2_room1_mix1195,81,4,0,-3,-5,9.22
fold2_room1_mix1195,82,4,0,143,-22,1.77
fold2_room1_mix1195,82,4,0,-1,-4,10.01
fold2_room1_mix1195,83,4,0,149,-20,2.02
fold2_room1_mix1195,83,4,0,0,-4,11.01
fold2_room1_mix1195,84,4,0,155,-17,2.55
fold2_room1_mix1195,84,4,0,-2,-4,13.84
fold2_room1_mix1195,85,4,0,159,-15,2.62
fold2_room1_mix1195,85,4,0,-1,-4,13.11
fold2_room1_mix1195,86,4,0,161,-13,3.22
fold2_room1_mix1195,86,4,0,-2,-4,11.70
fold2_room1_mix1195,87,4,0,163,-12,3.45
fold2_room1_mix1195,87,4,0,-2,-4,13.50
fold2_room1_mix1195,88,4,0,165,-10,3.75
fold2_room1_mix1195,88,4,0,-3,-3,14.85
fold2_room1_mix1195,89,4,0,166,-10,4.13
fold2_room1_mix1195,89,4,0,-2,-3,16.18
fold2_room1_mix1195,90,4,0,168,-9,4.59
fold2_room1_mix1195,90,4,0,0,-3,18.63
fold2_room1_mix1195,91,4,0,169,-8,4.91
fold2_room1_mix1195,91,4,0,0,-2,18.92
fold2_room1_mix1195,92,4,0,169,-8,5.00
fold2_room1_mix1195,92,4,0,2,-2,20.55
fold2_room1_mix1195,93,4,0,170,-8,5.30
fold2_room1_mix1195,93,4,0,0,-2,21.98
fold2_room1_mix1195,94,4,0,171,-8,5.62
fold2_room1_mix1195,94,4,0,2,-2,21.29
fold2_room1_mix1195,95,4,0,171,-8,5.50
fold2_room1_mix1195,95,4,0,0,-2,21.15
fold2_room1_mix1195,96,4,0,171,-7,5.83
fold2_room1_mix1195,96,4,0,2,-2,23.57
fold2_room1_mix1195,97,4,0,171,-6,6.37
fold2_room1_mix1195,97,4,0,1,-1,25.82
fold2_room1_mix1195,98,4,0,172,-6,6.50
fold2_room1_mix1195,98,4,0,2,-2,23.75
fold2_room1_mix1195,99,4,0,173,-6,6.14
fold2_room1_mix1195,99,4,0,2,-1,22.69
fold2_room1_mix1196,4,4,0,178,0,1.60
fold2_room1_mix1196,5,4,0,179,0,13.03
fold2_room1_mix1196,6,4,0,179,0,14.54
fold2_room1_mix1196,7,4,0,179,0,16.16
fold2_room1_mix1196,8,4,0,178,0,18.02
fold2_room1_mix1196,9,4,0,-178,0,20.98
fold2_room1_mix1196,10,4,0,179,0,25.86
fold2_room1_mix1196,11,4,0,-179,0,28.44
fold2_room1_mix1196,12,4,0,178,0,28.58
fold2_room1_mix1196,13,4,0,179,0,28.53
fold2_room1_mix1196,14,4,0,179,0,28.02
fold2_room1_mix1196,15,4,0,179,0,27.63
fold2_room1_mix1196,16,4,0,179,0,26.15
fold2_room1_mix1196,17,4,0,-179,0,28.09
fold2_room1_mix1196,18,4,0,-179,0,28.42
fold2_room1_mix1196,19,4,0,-179,0,30.17
fold2_room1_mix1196,20,4,0,179,0,29.51
fold2_room1_mix1196,21,4,0,-179,0,29.64
fold2_room1_mix1196,22,4,0,-178,0,28.68
fold2_room1_mix1196,23,4,0,-179,0,27.83
fold2_room1_mix1196,24,4,0,-178,0,27.04
fold2_room1_mix1196,25,4,0,-177,0,27.09
fold2_room1_mix1196,26,4,0,-178,0,27.59
fold2_room1_mix1196,27,4,0,-178,0,28.73
fold2_room1_mix1196,28,4,0,-177,0,26.04
fold2_room1_mix1196,29,4,0,-177,0,28.43
fold2_room1_mix1196,30,4,0,-177,0,27.68
fold2_room1_mix1196,31,4,0,-177,0,26.31
fold2_room1_mix1196,32,4,0,-177,0,25.61
fold2_room1_mix1196,33,4,0,-175,0,25.70
fold2_room1_mix1196,34,4,0,-177,0,25.97
fold2_room1_mix1196,35,4,0,-175,-1,24.17
fold2_room1_mix1196,36,4,0,-177,0,25.66
fold2_room1_mix1196,37,4,0,-176,0,25.53
fold2_room1_mix1196,38,4,0,-176,0,25.05
fold2_room1_mix1196,39,4,0,-177,0,25.70
fold2_room1_mix1196,40,4,0,-177,0,25.07
fold2_room1_mix1196,41,4,0,-177,0,24.61
fold2_room1_mix1196,42,4,0,-178,0,25.62
fold2_room1_mix1196,43,4,0,-178,0,23.88
fold2_room1_mix1196,44,4,0,-179,0,23.17
fold2_room1_mix1196,45,4,0,-178,0,23.33
fold2_room1_mix1196,46,4,0,-177,0,22.91
fold2_room1_mix1196,47,4,0,-178,-1,21.99
fold2_room1_mix1196,48,4,0,-178,-1,20.88
fold2_room1_mix1196,49,4,0,-177,-1,20.62
fold2_room1_mix1196,50,4,0,-177,-1,20.33
fold2_room1_mix1196,51,4,0,-178,-1,19.78
fold2_room1_mix1196,52,4,0,-176,-1,18.71
fold2_room1_mix1196,53,4,0,-177,-1,17.60
fold2_room1_mix1196,54,4,0,-176,-1,17.07
fold2_room1_mix1196,55,4,0,-175,-2,14.88
fold2_room1_mix1196,56,4,0,-174,-2,13.95
fold2_room1_mix1196,57,4,0,-174,-2,12.92
fold2_room1_mix1196,58,4,0,-173,-2,12.62
fold2_room1_mix1196,59,4,0,-173,-2,12.20
fold2_room1_mix1196,60,4,0,-172,-3,10.83
fold2_room1_mix1196,61,4,0,-171,-3,10.11
fold2_room1_mix1196,62,4,0,-170,-3,9.56
fold2_room1_mix1196,63,4,0,-170,-4,7.98
fold2_room1_mix1196,64,4,0,-170,-4,7.07
fold2_room1_mix1196,65,4,0,-165,-6,5.87
fold2_room1_mix1196,66,4,0,-163,-7,4.99
fold2_room1_mix1196,67,4,0,-160,-9,3.90
fold2_room1_mix1196,68,4,0,-140,-17,2.27
fold2_room1_mix1196,69,4,0,-89,-28,1.31
fold2_room1_mix1196,70,4,0,-41,-17,1.53
fold2_room1_mix1196,71,4,0,-26,-11,2.26
fold2_room1_mix1196,72,4,0,-20,-9,2.97
fold2_room1_mix1196,73,4,0,-15,-8,3.74
fold2_room1_mix1196,74,4,0,-10,-6,4.65
fold2_room1_mix1196,75,4,0,-8,-5,5.29
fold2_room1_mix1196,76,4,0,-6,-4,6.56
fold2_room1_mix1196,77,4,0,-4,-4,7.18
fold2_room1_mix1196,78,4,0,-3,-3,8.46
fold2_room1_mix1196,79,4,0,-3,-3,9.40
fold2_room1_mix1196,80,4,0,-3,-3,9.86
fold2_room1_mix1196,81,4,0,-3,-3,11.25
fold2_room1_mix1196,82,4,0,-2,-3,12.27
fold2_room1_mix1196,83,4,0,-1,-2,12.90
fold2_room1_mix1196,84,4,0,-1,-2,13.78
fold2_room1_mix1196,85,4,0,0,-2,15.07
fold2_room1_mix1196,86,4,0,0,-2,15.43
fold2_room1_mix1196,87,4,0,-1,-2,16.30
fold2_room1_mix1196,88,4,0,0,-2,17.88
fold2_room1_mix1196,89,4,0,0,-2,18.42
fold2_room1_mix1196,90,4,0,0,-2,19.47
fold2_room1_mix1196,91,4,0,0,-1,21.25
fold2_room1_mix1196,92,4,0,0,-1,20.97
fold2_room1_mix1196,93,4,0,1,-1,21.58
fold2_room1_mix1196,94,4,0,0,-1,22.19
fold2_room1_mix1196,95,4,0,1,-1,22.46
fold2_room1_mix1196,96,4,0,1,-1,22.73
fold2_room1_mix1196,97,4,0,1,-1,24.64
fold2_room1_mix1196,98,4,0,1,-1,25.79
fold2_room1_mix1196,99,4,0,1,-1,27.51
fold2_room1_mix1198,24,1,0,178,-2,27.77
fold2_room1_mix1198,25,1,0,179,-2,44.21
fold2_room1_mix1198,26,1,0,173,-2,4.70
fold2_room1_mix1198,27,1,0,-178,-2,31.04
fold2_room1_mix1198,28,1,0,-171,-2,21.22
fold2_room1_mix1198,29,1,0,-169,-2,22.88
fold2_room1_mix1198,30,1,0,-177,-1,2.99
fold2_room1_mix1198,31,0,0,-110,-6,2.70
fold2_room1_mix1198,32,0,0,-83,-7,2.13
fold2_room1_mix1198,33,0,0,-68,-6,1.74
fold2_room1_mix1198,33,1,0,-177,-1,5.04
fold2_room1_mix1198,34,0,0,-65,-6,3.34
fold2_room1_mix1198,34,1,0,-178,-1,13.66
fold2_room1_mix1198,35,0,0,-57,-6,5.05
fold2_room1_mix1198,35,1,0,179,-1,5.42
fold2_room1_mix1198,36,0,0,-39,-4,4.83
fold2_room1_mix1198,37,0,0,-38,-4,6.37
fold2_room1_mix1198,38,0,0,-30,-4,7.11
fold2_room1_mix1198,38,1,0,-179,-1,8.55
fold2_room1_mix1198,39,0,0,-25,-3,5.96
fold2_room1_mix1198,39,1,0,-178,-1,24.00
fold2_room1_mix1198,40,0,0,-25,-3,8.27
fold2_room1_mix1198,40,1,0,-174,-2,26.25
fold2_room1_mix1198,41,0,0,-20,-3,9.87
fold2_room1_mix1198,41,1,0,-175,-1,3.11
fold2_room1_mix1198,42,0,0,-19,-2,9.19
fold2_room1_mix1198,42,1,0,176,-2,18.56
fold2_room1_mix1198,43,0,0,-20,-2,9.28
fold2_room1_mix1198,43,1,0,-177,-2,20.11
fold2_room1_mix1198,44,0,0,-15,-2,8.75
fold2_room1_mix1198,44,1,0,-172,-2,24.34
fold2_room1_mix1198,45,0,0,-14,-2,11.60
fold2_room1_mix1198,45,1,0,-179,-2,26.28
fold2_room1_mix1198,46,0,0,-14,-2,11.56
fold2_room1_mix1198,46,1,0,-175,-1,4.17
fold2_room1_mix1198,47,0,0,-13,-2,10.24
fold2_room1_mix1198,47,1,0,-176,-2,21.75
fold2_room1_mix1198,48,0,0,-16,-2,14.62
fold2_room1_mix1198,48,1,0,-172,-2,26.37
fold2_room1_mix1198,49,0,0,-11,-1,10.95
fold2_room1_mix1198,49,1,0,-171,-2,26.47
fold2_room1_mix1198,50,0,0,-9,-1,9.61
fold2_room1_mix1198,50,1,0,-163,-2,23.96
fold2_room1_mix1198,51,0,0,-10,-1,12.86
fold2_room1_mix1198,51,1,0,-172,-1,3.11
fold2_room1_mix1198,52,0,0,-8,-1,16.48
fold2_room1_mix1198,52,1,0,-173,-2,5.29
fold2_room1_mix1198,53,0,0,-8,-1,19.94
fold2_room1_mix1198,53,1,0,-170,-2,17.83
fold2_room1_mix1198,54,0,0,-6,-1,16.53
fold2_room1_mix1198,54,1,0,-164,-2,16.20
fold2_room1_mix1198,55,0,0,-5,-1,19.01
fold2_room1_mix1198,55,1,0,-163,-2,6.39
fold2_room1_mix1198,56,0,0,-8,-1,17.85
fold2_room1_mix1198,56,1,0,-166,-2,2.76
fold2_room1_mix1198,57,0,0,-6,-1,19.40
fold2_room1_mix1198,58,0,0,-5,-1,21.94
fold2_room1_mix1198,58,1,0,-159,-2,5.69
fold2_room1_mix1198,59,0,0,-2,-1,17.14
fold2_room1_mix1198,59,1,0,-128,-4,3.78
fold2_room1_mix1198,60,0,0,-7,-1,23.38
fold2_room1_mix1198,61,0,0,-3,-1,24.45
fold2_room1_mix1198,62,0,0,-1,-1,30.86
fold2_room1_mix1198,63,0,0,-3,0,31.10
fold2_room1_mix1198,64,0,0,0,0,36.60
fold2_room1_mix1198,65,0,0,-3,0,35.76
fold2_room1_mix1198,66,0,0,-4,0,41.17
fold2_room1_mix1198,67,0,0,-3,0,41.11
fold2_room1_mix1198,68,0,0,-4,0,40.72
fold2_room1_mix1198,69,0,0,-4,0,45.11
fold2_room1_mix1198,70,0,0,-4,0,22.99
fold2_room1_mix1198,71,0,0,-4,0,10.31
fold2_room1_mix1198,72,0,0,-7,0,9.62
fold2_room1_mix1198,72,4,0,76,0,4.84
fold2_room1_mix1198,73,0,0,-4,0,3.82
fold2_room1_mix1198,73,4,0,72,0,7.13
fold2_room1_mix1198,74,4,0,75,-1,6.88
fold2_room1_mix1198,75,4,0,77,-1,12.26
fold2_room1_mix1198,76,4,0,80,-2,12.20
fold2_room1_mix1198,77,4,0,85,-2,12.16
fold2_room1_mix1198,78,4,0,90,-1,11.25
fold2_room1_mix1198,79,4,0,95,-1,11.94
fold2_room1_mix1198,80,4,0,98,-1,13.17
fold2_room1_mix1198,81,4,0,104,-1,12.60
fold2_room1_mix1198,82,4,0,104,0,4.29
fold2_room1_mix1198,83,4,0,101,0,1.84
fold2_room1_mix1199,6,4,0,4,0,9.54
fold2_room1_mix1199,7,4,0,4,0,16.03
fold2_room1_mix1199,8,4,0,7,0,12.97
fold2_room1_mix1199,9,4,0,5,0,22.59
fold2_room1_mix1199,10,4,0,5,0,26.41
fold2_room1_mix1199,11,4,0,6,0,31.23
fold2_room1_mix1199,12,4,0,5,0,36.76
fold2_room1_mix1199,13,4,0,6,0,31.41
fold2_room1_mix1199,14,4,0,7,0,36.13
fold2_room1_mix1199,15,4,0,8,0,34.67
fold2_room1_mix1199,16,4,0,8,0,29.46
fold2_room1_mix1199,17,4,0,7,0,32.23
fold2_room1_mix1199,18,4,0,10,0,33.52
fold2_room1_mix1199,19,4,0,8,0,34.25
fold2_room1_mix1199,20,4,0,10,0,31.88
fold2_room1_mix1199,21,4,0,8,0,33.37
fold2_room1_mix1199,22,4,0,8,0,32.25
fold2_room1_mix1199,23,4,0,8,0,28.74
fold2_room1_mix1199,24,4,0,9,0,27.26
fold2_room1_mix1199,25,4,0,7,0,28.97
fold2_room1_mix1199,26,4,0,9,0,32.43
fold2_room1_mix1199,27,4,0,8,0,31.21
fold2_room1_mix1199,28,4,0,8,0,27.90
fold2_room1_mix1199,29,4,0,7,0,29.48
fold2_room1_mix1199,30,4,0,10,0,31.38
fold2_room1_mix1199,31,4,0,8,0,28.84
fold2_room1_mix1199,32,4,0,9,0,28.23
fold2_room1_mix1199,33,4,0,8,0,31.07
fold2_room1_mix1199,34,4,0,9,0,31.13
fold2_room1_mix1199,35,4,0,8,0,29.87
fold2_room1_mix1199,36,4,0,7,0,27.94
fold2_room1_mix1199,37,4,0,7,0,29.63
fold2_room1_mix1199,38,4,0,8,0,28.49
fold2_room1_mix1199,39,4,0,9,0,29.30
fold2_room1_mix1199,40,4,0,8,0,29.32
fold2_room1_mix1199,41,4,0,7,0,29.42
fold2_room1_mix1199,42,4,0,9,0,27.06
fold2_room1_mix1199,43,4,0,9,0,29.70
fold2_room1_mix1199,44,4,0,7,0,27.10
fold2_room1_mix1199,45,4,0,8,0,27.75
fold2_room1_mix1199,46,4,0,8,0,27.25
fold2_room1_mix1199,47,4,0,9,-1,26.06
fold2_room1_mix1199,48,4,0,9,-1,26.84
fold2_room1_mix1199,49,4,0,9,-1,26.98
fold2_room1_mix1199,50,4,0,11,-1,25.87
fold2_room1_mix1199,51,4,0,9,-1,24.83
fold2_room1_mix1199,52,4,0,12,-1,23.86
fold2_room1_mix1199,53,4,0,11,-1,23.29
fold2_room1_mix1199,54,4,0,11,-1,22.67
fold2_room1_mix1199,55,4,0,10,-1,20.60
fold2_room1_mix1199,56,4,0,10,-1,21.13
fold2_room1_mix1199,57,4,0,11,-1,20.06
fold2_room1_mix1199,58,4,0,12,-1,20.53
fold2_room1_mix1199,59,4,0,11,-1,20.60
fold2_room1_mix1199,60,4,0,10,-1,18.10
fold2_room1_mix1199,61,4,0,11,-1,16.99
fold2_room1_mix1199,62,4,0,11,-1,16.33
fold2_room1_mix1199,63,4,0,10,-2,15.03
fold2_room1_mix1199,64,4,0,10,-2,14.21
fold2_room1_mix1199,65,4,0,12,-2,14.31
fold2_room1_mix1199,66,4,0,13,-2,13.22
fold2_room1_mix1199,67,4,0,14,-3,12.54
fold2_room1_mix1199,68,4,0,15,-2,12.23
fold2_room1_mix1199,69,4,0,16,-2,12.03
fold2_room1_mix1199,70,4,0,17,-2,11.49
fold2_room1_mix1199,71,4,0,18,-2,10.80
fold2_room1_mix1199,72,4,0,17,-3,10.42
fold2_room1_mix1199,73,4,0,18,-3,9.15
fold2_room1_mix1199,74,4,0,17,-3,8.94
fold2_room1_mix1199,75,4,0,19,-3,8.96
fold2_room1_mix1199,76,4,0,22,-4,7.45
fold2_room1_mix1199,77,4,0,22,-4,7.17
fold2_room1_mix1199,78,4,0,24,-4,6.51
fold2_room1_mix1199,79,4,0,25,-5,5.92
fold2_room1_mix1199,80,4,0,28,-5,5.10
fold2_room1_mix1199,81,4,0,29,-6,4.93
fold2_room1_mix1199,82,4,0,31,-7,4.58
fold2_room1_mix1199,83,4,0,34,-8,3.75
fold2_room1_mix1199,84,4,0,39,-8,3.47
fold2_room1_mix1199,85,4,0,48,-10,3.04
fold2_room1_mix1199,86,4,0,56,-9,3.03
fold2_room1_mix1199,87,4,0,71,-12,2.87
fold2_room1_mix1199,88,4,0,80,-12,2.92
fold2_room1_mix1199,89,4,0,94,-11,3.23
fold2_room1_mix1199,90,4,0,109,-11,3.05
fold2_room1_mix1199,91,4,0,117,-9,3.43
fold2_room1_mix1199,92,4,0,127,-8,3.43
fold2_room1_mix1199,93,4,0,135,-7,3.82
fold2_room1_mix1199,94,4,0,140,-6,4.53
fold2_room1_mix1199,95,4,0,146,-6,4.49
fold2_room1_mix1199,96,4,0,150,-6,4.96
fold2_room1_mix1199,97,4,0,152,-5,5.50
fold2_room1_mix1199,98,4,0,154,-5,5.71
fold2_room1_mix1199,99,4,0,157,-4,6.50
fold2_room1_mix1199,5,4,0,0,0,4.17
fold2_room1_mix1200,6,4,0,-176,0,7.70
fold2_room1_mix1200,8,4,0,175,0,7.53
fold2_room1_mix1200,9,4,0,174,0,7.24
fold2_room1_mix1200,10,4,0,-179,0,18.02
fold2_room1_mix1200,11,4,0,179,0,19.43
fold2_room1_mix1200,12,4,0,177,0,18.34
fold2_room1_mix1200,13,4,0,179,-1,18.56
fold2_room1_mix1200,14,4,0,-175,0,20.61
fold2_room1_mix1200,15,4,0,-179,-1,20.05
fold2_room1_mix1200,16,4,0,-176,0,18.13
fold2_room1_mix1200,17,4,0,-175,-1,18.34
fold2_room1_mix1200,18,4,0,-176,-1,16.33
fold2_room1_mix1200,19,4,0,-175,-1,17.89
fold2_room1_mix1200,20,4,0,-175,-1,18.41
fold2_room1_mix1200,21,4,0,-177,-1,16.95
fold2_room1_mix1200,22,4,0,-175,-1,16.76
fold2_room1_mix1200,23,4,0,-174,-1,16.12
fold2_room1_mix1200,24,4,0,-174,-1,16.17
fold2_room1_mix1200,25,4,0,-173,-1,15.40
fold2_room1_mix1200,26,4,0,-174,-1,15.30
fold2_room1_mix1200,27,4,0,-172,-1,15.14
fold2_room1_mix1200,28,4,0,-173,-1,14.55
fold2_room1_mix1200,29,4,0,-172,-2,13.60
fold2_room1_mix1200,30,4,0,-171,-2,13.57
fold2_room1_mix1200,31,4,0,-172,-3,11.84
fold2_room1_mix1200,32,4,0,-171,-2,11.48
fold2_room1_mix1200,33,4,0,-172,-2,11.70
fold2_room1_mix1200,34,4,0,-172,-2,10.75
fold2_room1_mix1200,35,4,0,-171,-3,10.65
fold2_room1_mix1200,36,4,0,-170,-2,10.61
fold2_room1_mix1200,37,4,0,-170,-3,9.47
fold2_room1_mix1200,38,4,0,-168,-3,9.24
fold2_room1_mix1200,39,4,0,-168,-3,9.23
fold2_room1_mix1200,40,4,0,-167,-4,8.41
fold2_room1_mix1200,41,4,0,-166,-4,7.81
fold2_room1_mix1200,42,4,0,-164,-4,7.60
fold2_room1_mix1200,43,4,0,-165,-4,7.08
fold2_room1_mix1200,44,4,0,-163,-5,6.67
fold2_room1_mix1200,45,4,0,-162,-5,5.94
fold2_room1_mix1200,46,4,0,-161,-5,5.87
fold2_room1_mix1200,47,4,0,-160,-6,4.88
fold2_room1_mix1200,48,4,0,-157,-6,4.68
fold2_room1_mix1200,49,4,0,-155,-8,4.42
fold2_room1_mix1200,50,4,0,-154,-9,3.74
fold2_room1_mix1200,51,4,0,-149,-11,3.44
fold2_room1_mix1200,52,4,0,-145,-12,3.38
fold2_room1_mix1200,53,4,0,-140,-15,2.60
fold2_room1_mix1200,54,4,0,-134,-16,2.46
fold2_room1_mix1200,55,4,0,-118,-19,2.20
fold2_room1_mix1200,56,4,0,-100,-20,2.02
fold2_room1_mix1200,57,4,0,-80,-18,2.05
fold2_room1_mix1200,58,4,0,-63,-18,2.05
fold2_room1_mix1200,59,4,0,-50,-17,2.39
fold2_room1_mix1200,60,4,0,-39,-13,2.73
fold2_room1_mix1200,61,4,0,-35,-12,3.06
fold2_room1_mix1200,62,4,0,-30,-11,3.38
fold2_room1_mix1200,63,4,0,-25,-8,4.19
fold2_room1_mix1200,64,4,0,-149,-9,6.71
fold2_room1_mix1200,64,4,0,-23,-8,4.57
fold2_room1_mix1200,65,4,0,-161,-6,6.97
fold2_room1_mix1200,65,4,0,-19,-6,5.78
fold2_room1_mix1200,66,4,0,-158,-7,7.49
fold2_room1_mix1200,66,4,0,-19,-6,5.75
fold2_room1_mix1200,67,4,0,-164,-5,7.79
fold2_room1_mix1200,67,4,0,-18,-5,6.27
fold2_room1_mix1200,68,4,0,-168,-3,8.73
fold2_room1_mix1200,68,4,0,-17,-5,6.59
fold2_room1_mix1200,69,4,0,-163,-5,7.52
fold2_room1_mix1200,69,4,0,-17,-5,6.53
fold2_room1_mix1200,70,4,0,-162,-4,8.28
fold2_room1_mix1200,70,4,0,-17,-5,7.20
fold2_room1_mix1200,71,4,0,-168,-3,9.20
fold2_room1_mix1200,71,4,0,-15,-4,7.93
fold2_room1_mix1200,72,4,0,-165,-3,9.11
fold2_room1_mix1200,72,4,0,-14,-4,8.07
fold2_room1_mix1200,73,4,0,-165,-4,7.60
fold2_room1_mix1200,73,4,0,-15,-4,8.08
fold2_room1_mix1200,74,4,0,-162,-5,6.89
fold2_room1_mix1200,74,4,0,-15,-4,8.19
fold2_room1_mix1200,75,4,0,-162,-4,7.18
fold2_room1_mix1200,75,4,0,-14,-4,8.39
fold2_room1_mix1200,76,4,0,-163,-5,6.00
fold2_room1_mix1200,76,4,0,-14,-4,8.34
fold2_room1_mix1200,77,4,0,-161,-5,5.73
fold2_room1_mix1200,77,4,0,-13,-4,8.25
fold2_room1_mix1200,78,4,0,-156,-7,4.94
fold2_room1_mix1200,78,4,0,-13,-4,8.83
fold2_room1_mix1200,79,4,0,-148,-7,4.34
fold2_room1_mix1200,79,4,0,-13,-4,9.04
fold2_room1_mix1200,80,4,0,-130,-11,2.85
fold2_room1_mix1200,80,4,0,-16,-2,10.66
fold2_room1_mix1200,81,4,0,-100,-14,2.54
fold2_room1_mix1200,81,4,0,-15,-1,12.73
fold2_room1_mix1200,82,4,0,-70,-15,2.44
fold2_room1_mix1200,82,4,0,-14,-1,13.61
fold2_room1_mix1200,83,4,0,-50,-11,2.99
fold2_room1_mix1200,83,4,0,-11,-1,13.37
fold2_room1_mix1200,84,4,0,-37,-10,2.96
fold2_room1_mix1200,84,4,0,-9,-1,14.55
fold2_room1_mix1200,85,4,0,-28,-8,3.83
fold2_room1_mix1200,85,4,0,-8,-1,13.40
fold2_room1_mix1200,86,4,0,-25,-7,4.43
fold2_room1_mix1200,86,4,0,-7,-1,14.57
fold2_room1_mix1200,87,4,0,-10,-3,11.62
fold2_room1_mix1200,88,4,0,-8,-2,11.55
fold2_room1_mix1200,89,4,0,-7,-2,12.07
fold2_room1_mix1200,90,4,0,-6,-2,13.24
fold2_room1_mix1200,91,4,0,-5,-2,13.70
fold2_room1_mix1200,92,4,0,-4,-2,15.13
fold2_room1_mix1200,93,4,0,-5,-2,14.34
fold2_room1_mix1200,94,4,0,-4,-2,15.40
fold2_room1_mix1200,95,4,0,-5,-2,16.31
fold2_room1_mix1200,96,4,0,-3,-2,16.66
fold2_room1_mix1200,97,4,0,-4,-2,16.85
fold2_room1_mix1200,98,4,0,-3,-2,16.24
fold2_room1_mix1200,99,4,0,-3,-2,16.63
fold2_room1_mix1200,4,4,0,179,0,2.06
fold2_room1_mix1202,20,6,0,-36,-2,1.81
fold2_room1_mix1202,21,6,0,-39,-2,1.63
fold2_room1_mix1202,23,6,0,-41,-3,1.34
fold2_room1_mix1202,24,6,0,-44,-4,1.40
fold2_room1_mix1202,25,6,0,-48,-4,2.31
fold2_room1_mix1202,26,6,0,-45,-4,1.73
fold2_room1_mix1202,27,6,0,-53,-4,1.93
fold2_room1_mix1202,28,6,0,-61,-3,1.01
fold2_room1_mix1202,29,6,0,-59,-2,1.72
fold2_room1_mix1202,30,6,0,-64,-4,2.06
fold2_room1_mix1202,31,6,0,-69,-3,2.02
fold2_room1_mix1202,32,6,0,-75,-3,1.81
fold2_room1_mix1202,33,6,0,-77,-4,2.03
fold2_room1_mix1202,34,6,0,-82,-3,1.93
fold2_room1_mix1202,35,6,0,-91,-4,1.98
fold2_room1_mix1202,36,6,0,-94,-4,2.00
fold2_room1_mix1202,37,6,0,-103,-3,2.17
fold2_room1_mix1202,38,6,0,-108,-4,2.22
fold2_room1_mix1202,39,6,0,-116,-3,2.13
fold2_room1_mix1202,41,6,0,-126,-3,1.60
fold2_room1_mix1202,42,6,0,-130,-2,2.47
fold2_room1_mix1202,43,6,0,-133,-3,2.64
fold2_room1_mix1202,44,6,0,-138,-2,2.62
fold2_room1_mix1202,45,6,0,-141,-2,1.39
fold2_room1_mix1206,21,6,0,-25,-2,3.29
fold2_room1_mix1206,22,6,0,-26,-3,1.84
fold2_room1_mix1206,23,6,0,-23,-2,1.72
fold2_room1_mix1206,24,6,0,-25,-2,1.31
fold2_room1_mix1206,26,6,0,-19,-1,2.84
fold2_room1_mix1206,28,6,0,-24,-2,2.68
fold2_room1_mix1206,29,6,0,-24,-3,2.76
fold2_room1_mix1206,30,6,0,-21,-2,3.34
fold2_room1_mix1206,31,6,0,-23,-2,2.95
fold2_room1_mix1206,32,6,0,-22,-2,3.20
fold2_room1_mix1206,33,6,0,-21,-2,3.26
fold2_room1_mix1206,34,6,0,-25,-2,2.83
fold2_room1_mix1206,35,6,0,-30,-2,2.51
fold2_room1_mix1206,36,6,0,-34,-2,2.30
fold2_room1_mix1206,37,6,0,-34,-2,2.11
fold2_room1_mix1206,38,6,0,-40,-2,1.95
fold2_room1_mix1206,39,6,0,-46,-2,1.48
fold2_room1_mix1206,40,6,0,-52,-2,1.48
fold2_room1_mix1206,41,6,0,-60,-2,1.26
fold2_room1_mix1206,42,6,0,-69,-1,1.19
fold2_room1_mix1206,43,6,0,-79,-1,1.19
fold2_room1_mix1206,44,6,0,-97,0,1.18
fold2_room1_mix1206,45,6,0,-109,-1,1.18
fold2_room1_mix1206,46,6,0,-121,0,1.34
fold2_room1_mix1206,47,6,0,-128,0,1.37
fold2_room1_mix1206,48,6,0,-133,0,1.54
fold2_room1_mix1206,49,6,0,-139,-1,1.72
fold2_room1_mix1206,50,6,0,-145,-1,1.98
fold2_room1_mix1206,51,6,0,-148,0,2.14
fold2_room1_mix1206,52,6,0,-152,-1,2.24
fold2_room1_mix1206,53,6,0,-153,-1,2.36
fold2_room1_mix1206,54,6,0,-155,-1,2.56
fold2_room1_mix1206,55,6,0,-157,-1,2.48
fold2_room1_mix1206,56,6,0,-160,-1,1.94
fold2_room1_mix1206,57,6,0,-158,-1,2.90
fold2_room1_mix1206,58,6,0,-161,-1,2.82
fold2_room1_mix1206,59,6,0,-163,-1,2.80
fold2_room1_mix1206,60,6,0,-163,-1,3.61
fold2_room1_mix1206,62,6,0,-163,-1,1.53
fold2_room1_mix1206,63,6,0,-164,-1,1.86
fold2_room1_mix1208,0,6,0,-32,-2,1.33
fold2_room1_mix1208,1,6,0,-37,0,1.90
fold2_room1_mix1208,2,6,0,-32,-1,2.64
fold2_room1_mix1208,3,6,0,-25,-1,3.42
fold2_room1_mix1208,4,6,0,-24,-1,3.62
fold2_room1_mix1208,5,6,0,-22,-1,4.01
fold2_room1_mix1208,6,6,0,-21,-1,4.30
fold2_room1_mix1208,7,6,0,-20,-1,4.43
fold2_room1_mix1208,8,6,0,-20,-2,4.35
fold2_room1_mix1208,9,6,0,-18,-1,4.32
fold2_room1_mix1208,10,6,0,-21,-2,4.45
fold2_room1_mix1208,11,6,0,-22,-2,3.98
fold2_room1_mix1208,12,6,0,-19,-1,4.34
fold2_room1_mix1208,13,6,0,-22,-1,4.09
fold2_room1_mix1208,14,6,0,-23,-1,3.65
fold2_room1_mix1208,15,6,0,-26,-1,3.51
fold2_room1_mix1208,16,6,0,-24,-2,3.54
fold2_room1_mix1208,17,6,0,-24,-1,3.27
fold2_room1_mix1208,18,6,0,-23,-1,3.38
fold2_room1_mix1208,19,6,0,-23,-1,3.41
fold2_room1_mix1208,20,6,0,-22,-2,3.74
fold2_room1_mix1208,21,6,0,-23,-2,3.48
fold2_room1_mix1208,22,6,0,-22,-2,3.45
fold2_room1_mix1208,23,6,0,-20,-1,3.93
fold2_room1_mix1208,24,6,0,-21,-2,3.95
fold2_room1_mix1208,25,6,0,-21,-1,3.89
fold2_room1_mix1208,26,6,0,-22,-1,3.56
fold2_room1_mix1208,27,6,0,-23,-1,3.59
fold2_room1_mix1208,28,6,0,-23,-1,3.58
fold2_room1_mix1208,29,6,0,-24,-1,3.20
fold2_room1_mix1208,30,6,0,-24,-1,3.26
fold2_room1_mix1208,31,6,0,-25,-2,3.32
fold2_room1_mix1208,32,6,0,-25,-1,3.28
fold2_room1_mix1208,33,6,0,-27,-2,3.14
fold2_room1_mix1208,34,6,0,-27,-1,3.16
fold2_room1_mix1208,35,6,0,-27,-1,3.11
fold2_room1_mix1208,36,6,0,-26,-2,3.28
fold2_room1_mix1208,37,6,0,-27,-2,3.03
fold2_room1_mix1208,38,6,0,-29,-1,2.92
fold2_room1_mix1208,39,6,0,-27,-2,3.16
fold2_room1_mix1208,40,6,0,-30,-1,2.82
fold2_room1_mix1208,41,6,0,-29,-1,2.87
fold2_room1_mix1208,42,6,0,-27,-1,3.13
fold2_room1_mix1208,43,6,0,-29,-1,2.91
fold2_room1_mix1208,44,6,0,-31,-1,2.94
fold2_room1_mix1208,45,6,0,-30,-2,2.89
fold2_room1_mix1208,46,6,0,-30,-2,2.86
fold2_room1_mix1208,47,6,0,-33,-2,2.79
fold2_room1_mix1208,48,6,0,-31,-2,2.89
fold2_room1_mix1208,49,6,0,-35,-2,2.67
fold2_room1_mix1208,50,6,0,-36,-2,2.52
fold2_room1_mix1208,51,6,0,-36,-2,2.59
fold2_room1_mix1208,52,6,0,-37,-1,2.29
fold2_room1_mix1208,53,6,0,-40,-1,2.40
fold2_room1_mix1208,54,6,0,-40,-2,2.46
fold2_room1_mix1208,55,6,0,-39,-2,2.47
fold2_room1_mix1208,56,6,0,-42,-2,2.34
fold2_room1_mix1208,57,6,0,-42,-2,2.38
fold2_room1_mix1208,58,6,0,-46,-2,2.19
fold2_room1_mix1208,59,6,0,-45,-2,2.16
fold2_room1_mix1208,60,6,0,-47,-2,2.07
fold2_room1_mix1208,61,6,0,-48,-2,2.06
fold2_room1_mix1208,62,6,0,-48,-2,2.17
fold2_room1_mix1208,63,6,0,-49,-2,2.08
fold2_room1_mix1208,64,6,0,-52,-2,1.96
fold2_room1_mix1208,65,6,0,-53,-2,1.97
fold2_room1_mix1208,66,6,0,-55,-2,1.84
fold2_room1_mix1208,67,6,0,-55,-2,1.77
fold2_room1_mix1208,68,6,0,-57,-2,1.69
fold2_room1_mix1208,69,6,0,-57,-2,1.76
fold2_room1_mix1208,70,6,0,-56,-2,1.79
fold2_room1_mix1208,71,6,0,-60,-2,1.66
fold2_room1_mix1208,72,6,0,-62,-2,1.59
fold2_room1_mix1208,73,6,0,-63,-2,1.56
fold2_room1_mix1208,74,6,0,-65,-2,1.49
fold2_room1_mix1208,75,6,0,-66,-2,1.45
fold2_room1_mix1208,76,6,0,-68,-2,1.44
fold2_room1_mix1208,77,6,0,-68,-1,1.46
fold2_room1_mix1208,78,6,0,-70,-2,1.49
fold2_room1_mix1208,79,6,0,-71,-1,1.48
fold2_room1_mix1208,80,6,0,-73,-1,1.48
fold2_room1_mix1208,81,6,0,-75,-1,1.52
fold2_room1_mix1208,82,6,0,-75,-2,1.56
fold2_room1_mix1208,83,6,0,-79,-1,1.53
fold2_room1_mix1208,84,6,0,-81,-1,1.46
fold2_room1_mix1208,85,6,0,-82,-1,1.45
fold2_room1_mix1208,86,6,0,-82,-2,1.48
fold2_room1_mix1208,87,6,0,-86,-1,1.42
fold2_room1_mix1208,88,6,0,-85,-1,1.44
fold2_room1_mix1208,89,6,0,-87,-1,1.41
fold2_room1_mix1208,90,6,0,-89,-1,1.45
fold2_room1_mix1208,91,6,0,-92,-1,1.43
fold2_room1_mix1208,92,6,0,-92,-1,1.42
fold2_room1_mix1208,93,6,0,-93,-1,1.44
fold2_room1_mix1208,94,6,0,-94,-1,1.46
fold2_room1_mix1208,95,6,0,-96,-2,1.53
fold2_room1_mix1208,96,6,0,-98,-1,1.48
fold2_room1_mix1208,97,6,0,-100,-1,1.51
fold2_room1_mix1208,98,6,0,-101,-2,1.50
fold2_room1_mix1208,99,6,0,-104,-1,1.47
fold2_room1_mix1210,42,6,0,95,-2,1.24
fold2_room1_mix1210,43,6,0,105,-3,0.90
fold2_room1_mix1210,44,6,0,111,-3,0.71
fold2_room1_mix1211,0,6,0,2,-1,1.88
fold2_room1_mix1211,1,6,0,-2,-1,1.74
fold2_room1_mix1211,2,6,0,-2,-2,4.31
fold2_room1_mix1211,3,6,0,-1,-2,5.73
fold2_room1_mix1211,4,6,0,-2,-2,5.81
fold2_room1_mix1211,5,6,0,-1,-2,6.36
fold2_room1_mix1211,6,6,0,2,-1,6.89
fold2_room1_mix1211,7,6,0,-2,-1,6.92
fold2_room1_mix1211,8,6,0,0,-2,7.23
fold2_room1_mix1211,9,6,0,0,-1,7.22
fold2_room1_mix1211,10,6,0,0,-1,6.74
fold2_room1_mix1211,11,6,0,4,-1,6.57
fold2_room1_mix1211,12,6,0,3,-1,6.99
fold2_room1_mix1211,13,6,0,4,-1,6.70
fold2_room1_mix1211,14,6,0,4,-1,6.62
fold2_room1_mix1211,15,6,0,4,-1,6.85
fold2_room1_mix1211,16,6,0,0,-1,6.72
fold2_room1_mix1211,17,6,0,2,-1,6.45
fold2_room1_mix1211,18,6,0,4,-1,6.63
fold2_room1_mix1211,19,6,0,10,-1,6.02
fold2_room1_mix1211,20,6,0,11,-1,5.86
fold2_room1_mix1211,21,6,0,9,-1,5.67
fold2_room1_mix1211,22,6,0,10,-1,5.89
fold2_room1_mix1211,23,6,0,9,-1,6.11
fold2_room1_mix1211,24,6,0,10,-1,6.21
fold2_room1_mix1211,25,6,0,10,-1,5.69
fold2_room1_mix1211,26,6,0,12,-1,5.10
fold2_room1_mix1211,27,6,0,15,-1,5.05
fold2_room1_mix1211,28,6,0,13,-1,4.83
fold2_room1_mix1211,29,6,0,18,-1,4.13
fold2_room1_mix1211,30,6,0,17,-1,4.12
fold2_room1_mix1211,31,6,0,18,-1,4.20
fold2_room1_mix1211,32,6,0,22,-1,3.72
fold2_room1_mix1211,33,6,0,20,-1,4.00
fold2_room1_mix1211,34,6,0,24,-1,3.59
fold2_room1_mix1211,35,6,0,23,-1,3.94
fold2_room1_mix1211,36,6,0,23,-1,3.92
fold2_room1_mix1211,37,6,0,25,-1,3.62
fold2_room1_mix1211,38,6,0,27,-1,3.40
fold2_room1_mix1211,39,6,0,31,-1,3.06
fold2_room1_mix1211,40,6,0,32,-1,2.80
fold2_room1_mix1211,41,6,0,35,-1,2.42
fold2_room1_mix1211,42,6,0,40,0,2.04
fold2_room1_mix1211,43,6,0,41,0,2.19
fold2_room1_mix1211,44,6,0,45,0,1.78
fold2_room1_mix1211,45,6,0,51,0,1.65
fold2_room1_mix1211,46,6,0,56,1,1.58
fold2_room1_mix1211,47,6,0,63,2,1.46
fold2_room1_mix1211,48,6,0,69,2,1.34
fold2_room1_mix1211,49,6,0,76,3,1.23
fold2_room1_mix1211,50,6,0,82,3,1.21
fold2_room1_mix1211,51,6,0,93,3,1.46
fold2_room1_mix1211,52,6,0,104,3,1.44
fold2_room1_mix1211,53,6,0,112,3,1.50
fold2_room1_mix1211,54,6,0,122,3,1.63
fold2_room1_mix1211,55,6,0,126,2,1.67
fold2_room1_mix1211,56,6,0,130,2,1.74
fold2_room1_mix1211,57,6,0,135,1,1.84
fold2_room1_mix1211,58,6,0,137,0,1.91
fold2_room1_mix1211,59,6,0,141,0,2.07
fold2_room1_mix1211,60,6,0,145,0,2.38
fold2_room1_mix1211,61,6,0,146,0,2.35
fold2_room1_mix1211,62,6,0,147,0,2.36
fold2_room1_mix1211,63,6,0,149,0,2.55
fold2_room1_mix1211,64,6,0,151,0,2.71
fold2_room1_mix1211,65,6,0,152,0,2.97
fold2_room1_mix1211,66,6,0,154,0,3.02
fold2_room1_mix1211,67,6,0,155,0,3.22
fold2_room1_mix1211,68,6,0,156,0,3.24
fold2_room1_mix1211,69,6,0,157,0,3.39
fold2_room1_mix1211,70,6,0,159,0,3.35
fold2_room1_mix1211,71,6,0,159,0,3.61
fold2_room1_mix1211,72,6,0,159,0,3.84
fold2_room1_mix1211,73,6,0,161,0,4.05
fold2_room1_mix1211,74,6,0,163,0,3.83
fold2_room1_mix1211,75,6,0,162,0,4.01
fold2_room1_mix1211,76,6,0,163,0,4.22
fold2_room1_mix1211,77,6,0,164,-1,4.57
fold2_room1_mix1211,78,6,0,163,0,4.68
fold2_room1_mix1211,79,6,0,163,0,4.47
fold2_room1_mix1211,80,6,0,162,0,4.51
fold2_room1_mix1211,81,6,0,164,0,4.51
fold2_room1_mix1211,82,6,0,164,0,4.96
fold2_room1_mix1211,83,6,0,166,0,5.41
fold2_room1_mix1211,84,6,0,165,0,5.27
fold2_room1_mix1211,85,6,0,166,0,5.51
fold2_room1_mix1211,86,6,0,165,0,5.57
fold2_room1_mix1211,87,6,0,166,0,5.58
fold2_room1_mix1211,88,6,0,165,0,5.76
fold2_room1_mix1211,89,6,0,167,0,5.56
fold2_room1_mix1211,90,6,0,168,0,5.45
fold2_room1_mix1211,91,6,0,167,0,5.55
fold2_room1_mix1211,92,6,0,168,0,6.14
fold2_room1_mix1211,93,6,0,168,0,5.63
fold2_room1_mix1211,94,6,0,168,0,6.05
fold2_room1_mix1211,95,6,0,169,0,6.21
fold2_room1_mix1211,96,6,0,168,0,6.23
fold2_room1_mix1211,97,6,0,169,0,6.39
fold2_room1_mix1211,98,6,0,169,0,6.53
fold2_room1_mix1211,99,6,0,171,0,7.12
fold2_room1_mix1212,10,6,0,-5,-2,4.06
fold2_room1_mix1212,11,6,0,-4,-2,2.83
fold2_room1_mix1212,12,6,0,-9,-2,4.78
fold2_room1_mix1212,18,6,0,-3,-2,5.43
fold2_room1_mix1212,19,6,0,0,-2,3.43
fold2_room1_mix1212,20,6,0,-6,-2,5.94
fold2_room1_mix1212,21,6,0,0,-2,6.03
fold2_room1_mix1212,22,6,0,-3,-2,7.53
fold2_room1_mix1212,23,6,0,-1,-2,7.86
fold2_room1_mix1212,24,6,0,4,-2,7.57
fold2_room1_mix1212,25,6,0,4,-2,6.80
fold2_room1_mix1212,26,6,0,7,-2,6.53
fold2_room1_mix1212,27,6,0,8,-2,6.90
fold2_room1_mix1212,28,6,0,7,-2,6.90
fold2_room1_mix1212,29,6,0,6,-1,6.61
fold2_room1_mix1212,30,6,0,2,-2,6.48
fold2_room1_mix1212,31,6,0,1,-2,4.45
fold2_room1_mix1212,32,6,0,5,-1,5.39
fold2_room1_mix1212,33,6,0,13,-1,5.26
fold2_room1_mix1212,34,6,0,8,-1,5.30
fold2_room1_mix1212,35,6,0,7,-1,5.55
fold2_room1_mix1212,36,6,0,14,-1,5.02
fold2_room1_mix1212,37,6,0,14,-1,4.89
fold2_room1_mix1212,38,6,0,9,-1,5.10
fold2_room1_mix1212,39,6,0,14,-1,4.94
fold2_room1_mix1212,40,6,0,13,-1,4.92
fold2_room1_mix1212,41,6,0,15,-1,4.62
fold2_room1_mix1212,42,6,0,16,-1,4.63
fold2_room1_mix1212,43,6,0,16,-2,4.48
fold2_room1_mix1212,44,6,0,20,-2,3.75
fold2_room1_mix1212,45,6,0,20,-2,3.79
fold2_room1_mix1212,46,6,0,20,-1,3.86
fold2_room1_mix1212,47,6,0,21,-2,3.56
fold2_room1_mix1212,48,6,0,24,-1,3.42
fold2_room1_mix1212,49,6,0,22,-2,3.59
fold2_room1_mix1212,50,6,0,23,-2,3.65
fold2_room1_mix1212,51,6,0,23,-2,3.64
fold2_room1_mix1212,52,6,0,29,-1,2.99
fold2_room1_mix1212,53,6,0,28,-2,3.18
fold2_room1_mix1212,54,6,0,30,-1,2.94
fold2_room1_mix1212,55,6,0,31,-2,2.92
fold2_room1_mix1212,56,6,0,33,-1,2.87
fold2_room1_mix1212,57,6,0,35,-2,2.55
fold2_room1_mix1212,58,6,0,37,-1,2.77
fold2_room1_mix1212,59,6,0,42,-1,2.18
fold2_room1_mix1212,60,6,0,45,0,1.96
fold2_room1_mix1212,61,6,0,52,0,1.73
fold2_room1_mix1212,62,6,0,52,0,1.86
fold2_room1_mix1212,63,6,0,61,0,1.64
fold2_room1_mix1212,64,6,0,64,1,1.55
fold2_room1_mix1212,65,6,0,72,2,1.31
fold2_room1_mix1212,66,6,0,78,2,1.41
fold2_room1_mix1212,67,6,0,82,2,1.34
fold2_room1_mix1212,68,6,0,89,3,1.27
fold2_room1_mix1212,69,6,0,100,3,1.38
fold2_room1_mix1212,70,6,0,108,3,1.43
fold2_room1_mix1212,71,6,0,117,3,1.52
fold2_room1_mix1212,72,6,0,123,2,1.57
fold2_room1_mix1212,73,6,0,128,1,1.68
fold2_room1_mix1212,74,6,0,131,1,1.92
fold2_room1_mix1212,75,6,0,134,1,1.96
fold2_room1_mix1212,76,6,0,137,0,2.04
fold2_room1_mix1212,77,6,0,139,0,2.06
fold2_room1_mix1212,78,6,0,142,0,2.24
fold2_room1_mix1212,79,6,0,145,0,2.26
fold2_room1_mix1212,80,6,0,148,0,2.52
fold2_room1_mix1212,81,6,0,149,0,2.62
fold2_room1_mix1212,82,6,0,151,0,2.83
fold2_room1_mix1212,83,6,0,151,0,2.82
fold2_room1_mix1212,84,6,0,152,0,2.62
fold2_room1_mix1212,85,6,0,153,-1,2.78
fold2_room1_mix1212,86,6,0,155,0,3.01
fold2_room1_mix1212,87,6,0,156,0,3.02
fold2_room1_mix1212,88,6,0,157,-1,3.11
fold2_room1_mix1212,89,6,0,158,-1,3.32
fold2_room1_mix1212,90,6,0,158,-1,3.29
fold2_room1_mix1212,91,6,0,159,0,3.64
fold2_room1_mix1212,92,6,0,159,0,3.47
fold2_room1_mix1212,93,6,0,159,0,3.57
fold2_room1_mix1212,94,6,0,160,0,3.85
fold2_room1_mix1212,95,6,0,161,0,3.71
fold2_room1_mix1212,96,6,0,162,0,3.91
fold2_room1_mix1212,97,6,0,162,0,4.10
fold2_room1_mix1212,98,6,0,162,0,4.18
fold2_room1_mix1212,99,6,0,164,0,4.45
fold2_room1_mix1213,5,6,0,-17,-3,4.77
fold2_room1_mix1213,6,6,0,-10,-2,5.55
fold2_room1_mix1213,7,6,0,-11,-2,6.32
fold2_room1_mix1213,8,6,0,-11,-2,5.99
fold2_room1_mix1213,9,6,0,-11,-1,6.93
fold2_room1_mix1213,10,6,0,-7,-1,7.48
fold2_room1_mix1213,11,6,0,-8,-1,6.73
fold2_room1_mix1213,12,6,0,-9,-1,7.32
fold2_room1_mix1213,13,6,0,-9,-1,7.82
fold2_room1_mix1213,14,6,0,-13,-1,7.31
fold2_room1_mix1213,15,6,0,-10,-1,7.71
fold2_room1_mix1213,16,6,0,-10,-1,8.18
fold2_room1_mix1213,17,6,0,-8,-1,7.21
fold2_room1_mix1213,18,6,0,-9,-2,7.66
fold2_room1_mix1213,19,6,0,-9,-1,7.85
fold2_room1_mix1213,20,6,0,-9,-1,7.70
fold2_room1_mix1213,21,6,0,-7,-1,7.17
fold2_room1_mix1213,22,6,0,-11,-1,7.63
fold2_room1_mix1213,23,6,0,-10,-1,7.81
fold2_room1_mix1213,24,6,0,-12,-1,7.05
fold2_room1_mix1213,25,6,0,-10,-1,7.56
fold2_room1_mix1213,26,6,0,-12,-1,7.05
fold2_room1_mix1213,27,6,0,-11,-1,6.54
fold2_room1_mix1213,28,6,0,-11,-2,6.46
fold2_room1_mix1213,29,6,0,-9,-1,6.41
fold2_room1_mix1213,30,6,0,-15,-1,5.69
fold2_room1_mix1213,31,6,0,-14,-2,5.81
fold2_room1_mix1213,32,6,0,-12,-1,5.66
fold2_room1_mix1213,33,6,0,-13,-1,5.31
fold2_room1_mix1213,34,6,0,-13,-1,5.43
fold2_room1_mix1213,35,6,0,-10,-1,5.43
fold2_room1_mix1213,36,6,0,-11,-2,5.11
fold2_room1_mix1213,37,6,0,-12,-1,4.88
fold2_room1_mix1213,38,6,0,-13,-1,4.92
fold2_room1_mix1213,39,6,0,-12,-1,5.15
fold2_room1_mix1213,40,6,0,-13,-1,4.72
fold2_room1_mix1213,41,6,0,-15,-1,4.60
fold2_room1_mix1213,42,6,0,-14,-1,4.88
fold2_room1_mix1213,43,6,0,-14,-1,4.26
fold2_room1_mix1213,44,6,0,-16,-1,4.05
fold2_room1_mix1213,45,6,0,-17,-2,4.05
fold2_room1_mix1213,46,6,0,-19,-1,3.71
fold2_room1_mix1213,47,6,0,-18,-1,3.98
fold2_room1_mix1213,48,6,0,-18,-1,3.82
fold2_room1_mix1213,49,6,0,-17,-1,3.96
fold2_room1_mix1213,50,6,0,-17,-1,3.84
fold2_room1_mix1213,51,6,0,-21,-1,3.55
fold2_room1_mix1213,52,6,0,-22,-1,3.46
fold2_room1_mix1213,53,6,0,-25,-2,2.95
fold2_room1_mix1213,54,6,0,-24,-1,3.22
fold2_room1_mix1213,55,6,0,-25,-1,3.03
fold2_room1_mix1213,56,6,0,-28,-1,2.88
fold2_room1_mix1213,57,6,0,-29,-2,2.84
fold2_room1_mix1213,58,6,0,-32,-1,2.75
fold2_room1_mix1213,59,6,0,-31,-1,2.68
fold2_room1_mix1213,60,6,0,-34,-1,2.53
fold2_room1_mix1213,61,6,0,-36,-2,2.32
fold2_room1_mix1213,62,6,0,-39,-1,2.31
fold2_room1_mix1213,63,6,0,-44,-1,1.90
fold2_room1_mix1213,64,6,0,-46,-1,1.70
fold2_room1_mix1213,65,6,0,-50,-1,1.60
fold2_room1_mix1213,66,6,0,-54,-1,1.44
fold2_room1_mix1213,67,6,0,-55,-1,1.54
fold2_room1_mix1213,68,6,0,-58,0,1.61
fold2_room1_mix1213,69,6,0,-63,-1,1.48
fold2_room1_mix1213,70,6,0,-69,0,1.35
fold2_room1_mix1213,71,6,0,-71,0,1.38
fold2_room1_mix1213,72,6,0,-75,0,1.37
fold2_room1_mix1213,73,6,0,-81,0,1.33
fold2_room1_mix1213,74,6,0,-83,0,1.33
fold2_room1_mix1213,75,6,0,-88,0,1.34
fold2_room1_mix1213,76,6,0,-93,0,1.36
fold2_room1_mix1213,77,6,0,-98,0,1.38
fold2_room1_mix1213,78,6,0,-104,0,1.46
fold2_room1_mix1213,79,6,0,-108,0,1.44
fold2_room1_mix1213,80,6,0,-112,0,1.53
fold2_room1_mix1213,81,6,0,-117,0,1.52
fold2_room1_mix1213,82,6,0,-121,0,1.62
fold2_room1_mix1213,83,6,0,-124,0,1.66
fold2_room1_mix1213,84,6,0,-127,0,1.79
fold2_room1_mix1213,85,6,0,-128,0,1.77
fold2_room1_mix1213,86,6,0,-132,-1,1.95
fold2_room1_mix1213,87,6,0,-137,0,2.27
fold2_room1_mix1213,88,6,0,-139,0,2.34
fold2_room1_mix1213,89,6,0,-141,0,2.47
fold2_room1_mix1213,90,6,0,-141,-1,2.46
fold2_room1_mix1213,91,6,0,-143,-1,2.61
fold2_room1_mix1213,92,6,0,-145,-1,2.80
fold2_room1_mix1213,93,6,0,-144,-1,2.61
fold2_room1_mix1213,94,6,0,-145,-2,2.59
fold2_room1_mix1213,95,6,0,-148,-1,2.80
fold2_room1_mix1213,96,6,0,-150,-1,3.08
fold2_room1_mix1213,97,6,0,-151,-1,3.15
fold2_room1_mix1213,98,6,0,-152,-1,3.19
fold2_room1_mix1213,99,6,0,-153,-1,3.22
fold2_room1_mix1214,75,6,0,-54,-3,0.83
fold2_room1_mix1214,76,6,0,-57,-3,1.18
fold2_room1_mix1214,77,6,0,-61,-2,1.34
fold2_room1_mix1214,78,6,0,-65,-4,1.57
fold2_room1_mix1214,79,6,0,-70,-3,1.67
fold2_room1_mix1214,80,6,0,-75,-4,1.62
fold2_room1_mix1214,81,6,0,-83,-4,1.47
fold2_room1_mix1214,82,6,0,-85,-4,1.52
fold2_room1_mix1214,83,6,0,-87,-3,1.53
fold2_room1_mix1214,84,6,0,-97,-3,1.03
fold2_room1_mix1214,85,6,0,-98,-3,1.02
fold2_room1_mix1214,86,6,0,-108,-3,1.58
fold2_room1_mix1214,87,6,0,-108,-4,1.78
fold2_room1_mix1214,88,6,0,-116,-3,1.60
fold2_room1_mix1214,89,6,0,-115,-3,1.47
fold2_room1_mix1214,90,6,0,-124,-3,1.74
fold2_room1_mix1215,0,6,0,160,-2,0.93
fold2_room1_mix1215,1,6,0,161,-1,1.36
fold2_room1_mix1215,2,6,0,159,0,2.02
fold2_room1_mix1215,3,6,0,157,0,2.92
fold2_room1_mix1215,4,6,0,154,-1,2.80
fold2_room1_mix1215,5,6,0,155,-1,3.17
fold2_room1_mix1215,6,6,0,156,-1,3.54
fold2_room1_mix1215,7,6,0,154,-1,3.29
fold2_room1_mix1215,8,6,0,153,-1,3.32
fold2_room1_mix1215,9,6,0,152,-1,3.27
fold2_room1_mix1215,10,6,0,154,-1,3.46
fold2_room1_mix1215,11,6,0,153,-1,3.47
fold2_room1_mix1215,12,6,0,151,-1,3.07
fold2_room1_mix1215,13,6,0,152,-1,3.16
fold2_room1_mix1215,14,6,0,151,-1,2.92
fold2_room1_mix1215,15,6,0,152,-1,3.03
fold2_room1_mix1215,16,6,0,153,-1,3.03
fold2_room1_mix1215,17,6,0,153,-1,3.00
fold2_room1_mix1215,18,6,0,153,-1,2.96
fold2_room1_mix1215,19,6,0,152,-1,2.83
fold2_room1_mix1215,20,6,0,149,-2,2.57
fold2_room1_mix1215,21,6,0,147,-1,2.49
fold2_room1_mix1215,22,6,0,149,-2,2.60
fold2_room1_mix1215,23,6,0,146,-2,2.46
fold2_room1_mix1215,24,6,0,146,-2,2.43
fold2_room1_mix1215,25,6,0,142,-1,2.37
fold2_room1_mix1215,26,6,0,145,-2,2.35
fold2_room1_mix1215,27,6,0,145,-2,2.42
fold2_room1_mix1215,28,6,0,141,-2,2.26
fold2_room1_mix1215,29,6,0,140,-1,1.99
fold2_room1_mix1215,30,6,0,139,-2,2.03
fold2_room1_mix1215,31,6,0,136,-1,1.92
fold2_room1_mix1215,32,6,0,134,-1,1.78
fold2_room1_mix1215,33,6,0,131,-1,1.86
fold2_room1_mix1215,34,6,0,127,-1,1.63
fold2_room1_mix1215,35,6,0,125,-1,1.73
fold2_room1_mix1215,36,6,0,120,0,1.63
fold2_room1_mix1215,37,6,0,117,0,1.57
fold2_room1_mix1215,38,6,0,116,0,1.53
fold2_room1_mix1215,39,6,0,108,0,1.43
fold2_room1_mix1215,40,6,0,103,1,1.43
fold2_room1_mix1215,41,6,0,93,1,1.27
fold2_room1_mix1215,42,6,0,90,2,1.24
fold2_room1_mix1215,43,6,0,87,2,1.26
fold2_room1_mix1215,44,6,0,85,2,1.21
fold2_room1_mix1215,45,6,0,79,3,1.19
fold2_room1_mix1215,46,6,0,74,2,1.31
fold2_room1_mix1215,47,6,0,72,2,1.26
fold2_room1_mix1215,48,6,0,69,2,1.32
fold2_room1_mix1215,49,6,0,63,2,1.32
fold2_room1_mix1215,50,6,0,62,2,1.32
fold2_room1_mix1215,51,6,0,59,2,1.32
fold2_room1_mix1215,52,6,0,57,2,1.32
fold2_room1_mix1215,53,6,0,54,2,1.41
fold2_room1_mix1215,54,6,0,52,1,1.47
fold2_room1_mix1215,55,6,0,48,1,1.60
fold2_room1_mix1215,56,6,0,47,1,1.65
fold2_room1_mix1215,57,6,0,46,1,1.69
fold2_room1_mix1215,58,6,0,42,1,1.80
fold2_room1_mix1215,59,6,0,41,0,1.78
fold2_room1_mix1215,60,6,0,39,0,1.82
fold2_room1_mix1215,61,6,0,37,0,1.95
fold2_room1_mix1215,62,6,0,35,0,2.03
fold2_room1_mix1215,63,6,0,34,0,2.15
fold2_room1_mix1215,64,6,0,33,0,2.23
fold2_room1_mix1215,65,6,0,34,0,2.22
fold2_room1_mix1215,66,6,0,30,0,2.52
fold2_room1_mix1215,67,6,0,31,0,2.56
fold2_room1_mix1215,68,6,0,29,0,2.66
fold2_room1_mix1215,69,6,0,31,0,2.68
fold2_room1_mix1215,70,6,0,28,0,2.91
fold2_room1_mix1215,71,6,0,28,0,3.11
fold2_room1_mix1215,72,6,0,27,0,3.16
fold2_room1_mix1215,73,6,0,29,0,3.12
fold2_room1_mix1215,74,6,0,27,0,3.17
fold2_room1_mix1215,75,6,0,27,0,3.38
fold2_room1_mix1215,76,6,0,25,0,3.16
fold2_room1_mix1215,77,6,0,25,0,3.48
fold2_room1_mix1215,78,6,0,24,0,2.39
fold2_room1_mix1215,79,6,0,28,0,3.26
fold2_room1_mix1215,80,6,0,28,0,3.00
fold2_room1_mix1215,81,6,0,28,0,3.30
fold2_room1_mix1215,82,6,0,27,0,3.21
fold2_room1_mix1215,83,6,0,25,0,2.78
fold2_room1_mix1215,84,6,0,22,0,3.30
fold2_room1_mix1215,85,6,0,23,0,3.51
fold2_room1_mix1215,86,6,0,23,0,2.42
fold2_room1_mix1215,87,6,0,22,0,4.30
fold2_room1_mix1215,88,6,0,23,0,3.58
fold2_room1_mix1215,89,6,0,24,0,4.00
fold2_room1_mix1215,90,6,0,23,0,4.43
fold2_room1_mix1215,91,6,0,25,0,4.30
fold2_room1_mix1215,92,6,0,23,0,4.53
fold2_room1_mix1215,93,6,0,23,0,4.52
fold2_room1_mix1215,94,6,0,21,0,5.19
fold2_room1_mix1215,95,6,0,22,0,4.58
fold2_room1_mix1215,97,6,0,18,0,3.04
fold2_room1_mix1215,98,6,0,17,0,2.33
fold2_room1_mix1216,39,6,0,30,-2,2.60
fold2_room1_mix1216,40,6,0,27,-1,4.56
fold2_room1_mix1216,41,6,0,30,-1,3.85
fold2_room1_mix1216,42,6,0,36,-1,3.63
fold2_room1_mix1216,43,6,0,37,0,3.28
fold2_room1_mix1216,44,6,0,45,-1,2.72
fold2_room1_mix1216,45,6,0,51,0,2.60
fold2_room1_mix1216,46,6,0,58,0,2.02
fold2_room1_mix1216,47,6,0,72,-2,1.79
fold2_room1_mix1216,48,6,0,81,-2,1.81
fold2_room1_mix1216,49,6,0,111,-2,1.97
fold2_room1_mix1216,50,6,0,124,-1,2.09
fold2_room1_mix1216,51,6,0,131,-1,2.35
fold2_room1_mix1216,52,6,0,139,-2,2.73
fold2_room1_mix1216,53,6,0,142,-1,3.02
fold2_room1_mix1216,54,6,0,147,-1,3.21
fold2_room1_mix1216,55,6,0,151,-1,3.56
fold2_room1_mix1216,56,6,0,154,-1,4.25
fold2_room1_mix1216,57,6,0,156,-1,4.08
fold2_room1_mix1216,58,6,0,161,-1,3.96
fold2_room1_mix1216,59,6,0,162,0,1.48
fold2_room1_mix1216,60,6,0,163,-1,4.21
fold2_room1_mix1216,61,6,0,169,-1,1.93
fold2_room1_mix1217,46,6,0,-171,-2,3.79
fold2_room1_mix1217,47,6,0,-174,-2,4.00
fold2_room1_mix1217,48,6,0,-171,-2,3.61
fold2_room1_mix1217,49,6,0,-173,-2,3.72
fold2_room1_mix1217,50,6,0,-168,-2,3.53
fold2_room1_mix1217,51,6,0,-169,-2,3.73
fold2_room1_mix1217,52,6,0,-167,-2,3.69
fold2_room1_mix1217,53,6,0,-161,-4,3.05
fold2_room1_mix1217,54,6,0,-160,-3,2.94
fold2_room1_mix1217,55,6,0,-159,-5,2.73
fold2_room1_mix1217,56,6,0,-151,-5,2.43
fold2_room1_mix1217,57,6,0,-141,-7,1.80
fold2_room1_mix1217,58,6,0,-129,-3,1.49
fold2_room1_mix1217,59,6,0,-105,-2,1.08
fold2_room1_mix1217,60,6,0,-72,-2,1.14
fold2_room1_mix1217,61,6,0,-52,-1,1.14
fold2_room1_mix1217,62,6,0,-38,-1,1.49
fold2_room1_mix1217,63,6,0,-27,0,1.87
fold2_room1_mix1217,64,6,0,-22,0,2.13
fold2_room1_mix1217,65,6,0,-16,0,2.73
fold2_room1_mix1217,66,6,0,-12,-1,3.07
fold2_room1_mix1217,67,6,0,-11,0,3.32
fold2_room1_mix1217,68,6,0,-9,0,3.36
fold2_room1_mix1217,69,6,0,-8,-1,3.65
fold2_room1_mix1217,70,6,0,-7,0,3.58
fold2_room1_mix1217,71,6,0,-7,0,4.15
fold2_room1_mix1217,72,6,0,-7,0,4.35
fold2_room1_mix1217,73,6,0,-8,0,3.18
fold2_room1_mix1218,0,6,0,-135,-3,0.89
fold2_room1_mix1218,1,6,0,-137,-1,1.29
fold2_room1_mix1218,2,6,0,-137,-1,1.81
fold2_room1_mix1218,3,6,0,-140,-2,2.22
fold2_room1_mix1218,4,6,0,-140,-3,2.08
fold2_room1_mix1218,5,6,0,-139,-3,2.18
fold2_room1_mix1218,6,6,0,-139,-3,2.27
fold2_room1_mix1218,7,6,0,-139,-2,2.35
fold2_room1_mix1218,8,6,0,-140,-2,2.33
fold2_room1_mix1218,9,6,0,-141,-2,2.36
fold2_room1_mix1218,10,6,0,-141,-2,2.51
fold2_room1_mix1218,11,6,0,-141,-3,2.35
fold2_room1_mix1218,12,6,0,-140,-2,2.33
fold2_room1_mix1218,13,6,0,-138,-2,2.26
fold2_room1_mix1218,14,6,0,-137,-2,2.21
fold2_room1_mix1218,15,6,0,-140,-2,2.40
fold2_room1_mix1218,16,6,0,-139,-2,2.41
fold2_room1_mix1218,17,6,0,-140,-3,2.41
fold2_room1_mix1218,18,6,0,-138,-3,2.31
fold2_room1_mix1218,19,6,0,-139,-3,2.42
fold2_room1_mix1218,20,6,0,-134,-4,2.08
fold2_room1_mix1218,21,6,0,-135,-3,2.11
fold2_room1_mix1218,22,6,0,-139,-3,2.42
fold2_room1_mix1218,23,6,0,-132,-4,2.02
fold2_room1_mix1218,24,6,0,-133,-4,2.02
fold2_room1_mix1218,25,6,0,-138,-3,2.28
fold2_room1_mix1218,26,6,0,-134,-4,1.99
fold2_room1_mix1218,27,6,0,-136,-4,2.13
fold2_room1_mix1218,28,6,0,-135,-4,2.02
fold2_room1_mix1218,29,6,0,-134,-4,1.91
fold2_room1_mix1218,30,6,0,-136,-4,2.11
fold2_room1_mix1218,31,6,0,-135,-3,2.06
fold2_room1_mix1218,32,6,0,-140,-3,2.24
fold2_room1_mix1218,33,6,0,-138,-3,2.30
fold2_room1_mix1218,34,6,0,-138,-3,2.23
fold2_room1_mix1218,35,6,0,-136,-3,2.25
fold2_room1_mix1218,36,6,0,-137,-4,2.20
fold2_room1_mix1218,37,6,0,-134,-4,1.99
fold2_room1_mix1218,38,6,0,-136,-4,2.10
fold2_room1_mix1218,39,6,0,-135,-4,2.05
fold2_room1_mix1218,40,6,0,-137,-4,2.22
fold2_room1_mix1218,41,6,0,-138,-3,2.23
fold2_room1_mix1218,42,6,0,-139,-3,2.25
fold2_room1_mix1218,43,6,0,-137,-4,2.30
fold2_room1_mix1218,44,6,0,-139,-3,2.37
fold2_room1_mix1218,45,6,0,-138,-3,2.37
fold2_room1_mix1218,46,6,0,-134,-3,2.18
fold2_room1_mix1218,47,6,0,-135,-4,2.21
fold2_room1_mix1218,48,6,0,-134,-3,2.21
fold2_room1_mix1218,49,6,0,-134,-3,2.12
fold2_room1_mix1218,50,6,0,-135,-3,2.12
fold2_room1_mix1218,51,6,0,-134,-4,2.17
fold2_room1_mix1218,52,6,0,-132,-3,2.12
fold2_room1_mix1218,53,6,0,-137,-3,2.30
fold2_room1_mix1218,54,6,0,-132,-4,2.08
fold2_room1_mix1218,55,6,0,-134,-3,2.24
fold2_room1_mix1218,56,6,0,-131,-3,2.05
fold2_room1_mix1218,57,6,0,-131,-3,2.09
fold2_room1_mix1218,58,6,0,-132,-4,2.03
fold2_room1_mix1218,59,6,0,-132,-3,2.04
fold2_room1_mix1218,60,6,0,-130,-4,1.84
fold2_room1_mix1218,61,6,0,-129,-5,1.78
fold2_room1_mix1218,62,6,0,-132,-4,1.90
fold2_room1_mix1218,63,6,0,-131,-4,1.94
fold2_room1_mix1218,64,6,0,-132,-4,1.96
fold2_room1_mix1218,65,6,0,-132,-4,2.01
fold2_room1_mix1218,66,6,0,-131,-4,1.96
fold2_room1_mix1218,67,6,0,-129,-4,1.91
fold2_room1_mix1218,68,6,0,-131,-3,2.05
fold2_room1_mix1218,69,6,0,-130,-3,1.92
fold2_room1_mix1218,70,6,0,-130,-4,1.98
fold2_room1_mix1218,71,6,0,-131,-4,2.06
fold2_room1_mix1218,72,6,0,-129,-4,1.98
fold2_room1_mix1218,73,6,0,-129,-4,1.99
fold2_room1_mix1218,74,6,0,-125,-4,1.86
fold2_room1_mix1218,75,6,0,-127,-4,1.86
fold2_room1_mix1218,76,6,0,-126,-3,1.85
fold2_room1_mix1218,77,6,0,-125,-4,1.83
fold2_room1_mix1218,78,6,0,-125,-4,1.90
fold2_room1_mix1218,79,6,0,-129,-3,2.00
fold2_room1_mix1218,80,6,0,-129,-4,2.00
fold2_room1_mix1218,81,6,0,-124,-3,1.91
fold2_room1_mix1218,82,6,0,-130,-4,2.12
fold2_room1_mix1218,83,6,0,-127,-3,1.90
fold2_room1_mix1218,84,6,0,-125,-4,1.91
fold2_room1_mix1218,85,6,0,-124,-3,1.72
fold2_room1_mix1218,86,6,0,-124,-3,1.80
fold2_room1_mix1218,87,6,0,-123,-3,1.63
fold2_room1_mix1218,88,6,0,-125,-3,1.83
fold2_room1_mix1218,89,6,0,-123,-3,1.68
fold2_room1_mix1218,90,6,0,-122,-3,1.68
fold2_room1_mix1218,91,6,0,-125,-3,1.84
fold2_room1_mix1218,92,6,0,-124,-3,1.72
fold2_room1_mix1218,93,6,0,-125,-3,1.78
fold2_room1_mix1218,94,6,0,-123,-3,1.72
fold2_room1_mix1218,95,6,0,-124,-3,1.75
fold2_room1_mix1218,96,6,0,-123,-3,1.67
fold2_room1_mix1218,97,6,0,-122,-3,1.66
fold2_room1_mix1218,98,6,0,-123,-3,1.67
fold2_room1_mix1218,99,6,0,-123,-3,1.68
fold2_room1_mix1219,2,6,0,12,-1,3.32
fold2_room1_mix1219,3,6,0,13,-1,4.28
fold2_room1_mix1219,4,6,0,25,-1,2.36
fold2_room1_mix1219,5,6,0,26,-1,4.69
fold2_room1_mix1219,6,6,0,33,-1,4.29
fold2_room1_mix1219,7,6,0,22,-1,2.42
fold2_room1_mix1219,8,6,0,22,0,3.91
fold2_room1_mix1219,9,6,0,22,-1,5.26
fold2_room1_mix1219,10,6,0,21,-1,5.26
fold2_room1_mix1219,11,6,0,26,-1,4.66
fold2_room1_mix1219,12,6,0,33,-1,3.49
fold2_room1_mix1219,13,6,0,26,-1,4.86
fold2_room1_mix1219,14,6,0,27,0,4.28
fold2_room1_mix1219,15,6,0,24,-1,4.70
fold2_room1_mix1219,16,6,0,26,-2,4.78
fold2_room1_mix1219,17,6,0,26,-1,4.44
fold2_room1_mix1219,18,6,0,31,-1,3.87
fold2_room1_mix1219,19,6,0,30,-1,4.02
fold2_room1_mix1219,20,6,0,32,-1,3.76
fold2_room1_mix1219,21,6,0,31,-1,3.70
fold2_room1_mix1219,22,6,0,31,0,3.59
fold2_room1_mix1219,23,6,0,32,0,3.63
fold2_room1_mix1219,24,6,0,33,-1,3.50
fold2_room1_mix1219,25,6,0,37,-2,3.17
fold2_room1_mix1219,26,6,0,39,-1,3.02
fold2_room1_mix1219,27,6,0,37,-1,3.24
fold2_room1_mix1219,28,6,0,39,-1,3.25
fold2_room1_mix1219,29,6,0,42,-1,3.00
fold2_room1_mix1219,30,6,0,48,-1,2.74
fold2_room1_mix1219,31,6,0,51,-1,2.50
fold2_room1_mix1219,32,6,0,53,-1,2.52
fold2_room1_mix1219,33,6,0,53,-1,2.48
fold2_room1_mix1219,34,6,0,56,-2,2.38
fold2_room1_mix1219,35,6,0,60,-2,2.26
fold2_room1_mix1219,36,6,0,66,-3,2.22
fold2_room1_mix1219,37,6,0,68,-2,2.22
fold2_room1_mix1219,38,6,0,73,-2,2.20
fold2_room1_mix1219,39,6,0,78,-2,2.18
fold2_room1_mix1219,40,6,0,78,-3,2.08
fold2_room1_mix1219,41,6,0,84,-1,2.08
fold2_room1_mix1219,42,6,0,86,-2,2.03
fold2_room1_mix1219,43,6,0,89,-1,2.01
fold2_room1_mix1219,44,6,0,92,-2,2.04
fold2_room1_mix1219,45,6,0,97,-2,2.10
fold2_room1_mix1219,46,6,0,103,-1,2.12
fold2_room1_mix1219,47,6,0,106,-2,2.20
fold2_room1_mix1219,48,6,0,110,-2,2.37
fold2_room1_mix1219,49,6,0,114,-2,2.32
fold2_room1_mix1219,50,6,0,116,-2,2.39
fold2_room1_mix1219,51,6,0,120,-3,2.37
fold2_room1_mix1219,52,6,0,123,-2,2.49
fold2_room1_mix1219,53,6,0,128,-2,2.64
fold2_room1_mix1219,54,6,0,131,-3,2.79
fold2_room1_mix1219,55,6,0,133,-2,2.82
fold2_room1_mix1219,56,6,0,135,-2,2.89
fold2_room1_mix1219,57,6,0,138,-2,3.02
fold2_room1_mix1219,58,6,0,139,-2,3.06
fold2_room1_mix1219,59,6,0,140,-1,3.09
fold2_room1_mix1219,60,6,0,143,-1,3.24
fold2_room1_mix1219,61,6,0,143,-2,3.15
fold2_room1_mix1219,62,6,0,144,-2,3.22
fold2_room1_mix1219,63,6,0,145,-1,3.29
fold2_room1_mix1219,64,6,0,146,-2,3.27
fold2_room1_mix1219,65,6,0,147,-1,3.52
fold2_room1_mix1219,66,6,0,149,-1,3.57
fold2_room1_mix1219,67,6,0,150,-1,3.72
fold2_room1_mix1219,68,6,0,152,-1,4.07
fold2_room1_mix1219,69,6,0,152,-1,4.06
fold2_room1_mix1219,70,6,0,154,-1,4.09
fold2_room1_mix1219,71,6,0,155,-1,4.30
fold2_room1_mix1219,72,6,0,157,-1,4.35
fold2_room1_mix1219,73,6,0,155,-1,4.31
fold2_room1_mix1219,74,6,0,157,-1,4.80
fold2_room1_mix1219,75,6,0,158,-1,4.47
fold2_room1_mix1219,76,6,0,161,-2,4.59
fold2_room1_mix1219,77,6,0,158,-1,4.51
fold2_room1_mix1219,78,6,0,159,-1,4.74
fold2_room1_mix1219,79,6,0,158,-1,4.41
fold2_room1_mix1219,80,6,0,160,-1,4.53
fold2_room1_mix1219,81,6,0,161,-1,4.89
fold2_room1_mix1219,82,6,0,162,-1,4.88
fold2_room1_mix1219,83,6,0,163,-2,4.71
fold2_room1_mix1219,84,6,0,162,-1,4.64
fold2_room1_mix1219,85,6,0,163,-2,3.64
fold2_room1_mix1219,86,6,0,162,-1,4.95
fold2_room1_mix1219,87,6,0,163,-1,4.87
fold2_room1_mix1219,88,6,0,163,-1,4.76
fold2_room1_mix1219,89,6,0,164,-1,4.93
fold2_room1_mix1219,90,6,0,162,-1,4.89
fold2_room1_mix1219,91,6,0,165,-1,4.74
fold2_room1_mix1219,92,6,0,165,-1,5.03
fold2_room1_mix1219,93,6,0,167,-1,5.07
fold2_room1_mix1219,94,6,0,166,-2,4.32
fold2_room1_mix1219,95,6,0,165,-2,4.75
fold2_room1_mix1219,96,6,0,166,-2,4.71
fold2_room1_mix1219,98,6,0,166,-2,4.45
fold2_room1_mix1219,99,6,0,177,-1,1.25
fold2_room1_mix1220,1,6,0,-177,-2,1.65
fold2_room1_mix1220,2,6,0,-176,-3,2.77
fold2_room1_mix1220,3,6,0,-171,-2,4.25
fold2_room1_mix1220,4,6,0,-175,-3,3.61
fold2_room1_mix1220,5,6,0,-177,-3,4.75
fold2_room1_mix1220,6,6,0,-174,-3,5.88
fold2_room1_mix1220,7,6,0,-169,-3,5.88
fold2_room1_mix1220,8,6,0,-174,-3,6.57
fold2_room1_mix1220,9,6,0,-175,-3,6.42
fold2_room1_mix1220,10,6,0,-177,-2,6.68
fold2_room1_mix1220,11,6,0,-174,-2,7.76
fold2_room1_mix1220,12,6,0,-179,-2,7.42
fold2_room1_mix1220,13,6,0,-175,-2,7.87
fold2_room1_mix1220,14,6,0,-176,-2,7.01
fold2_room1_mix1220,15,6,0,-175,-2,7.27
fold2_room1_mix1220,16,6,0,-178,-1,8.30
fold2_room1_mix1220,17,6,0,-176,-2,8.67
fold2_room1_mix1220,18,6,0,-174,-2,7.66
fold2_room1_mix1220,19,6,0,-174,-1,7.35
fold2_room1_mix1220,20,6,0,-176,-1,8.28
fold2_room1_mix1220,21,6,0,-176,-2,7.37
fold2_room1_mix1220,22,6,0,-175,-2,7.42
fold2_room1_mix1220,23,6,0,-177,-2,7.51
fold2_room1_mix1220,24,6,0,-175,-2,7.08
fold2_room1_mix1220,25,6,0,-172,-1,8.00
fold2_room1_mix1220,26,6,0,-170,-1,7.66
fold2_room1_mix1220,27,6,0,-169,-1,7.46
fold2_room1_mix1220,28,6,0,-171,-1,7.71
fold2_room1_mix1220,29,6,0,-168,-2,6.86
fold2_room1_mix1220,30,6,0,-168,-1,7.10
fold2_room1_mix1220,31,6,0,-170,-1,4.75
fold2_room1_mix1220,32,6,0,-175,-1,5.88
fold2_room1_mix1220,33,6,0,-174,-1,6.02
fold2_room1_mix1220,34,6,0,-174,-1,7.25
fold2_room1_mix1220,35,6,0,-174,-1,7.56
fold2_room1_mix1220,36,6,0,-177,-1,7.37
fold2_room1_mix1220,37,6,0,-175,-1,7.50
fold2_room1_mix1220,38,6,0,-177,-1,8.07
fold2_room1_mix1220,39,6,0,-170,-1,7.38
fold2_room1_mix1220,40,6,0,-171,-1,7.09
fold2_room1_mix1220,41,6,0,-168,-1,7.41
fold2_room1_mix1220,42,6,0,-164,-1,6.81
fold2_room1_mix1220,43,6,0,-168,-1,7.07
fold2_room1_mix1220,44,6,0,-170,-1,7.08
fold2_room1_mix1220,45,6,0,-172,-1,6.63
fold2_room1_mix1220,46,6,0,-175,-1,7.22
fold2_room1_mix1220,47,6,0,-175,-1,6.87
fold2_room1_mix1220,48,6,0,-172,-1,6.68
fold2_room1_mix1220,49,6,0,-174,-1,6.91
fold2_room1_mix1220,50,6,0,-173,-1,6.78
fold2_room1_mix1220,51,6,0,-168,-2,5.89
fold2_room1_mix1220,52,6,0,-170,-2,5.94
fold2_room1_mix1220,53,6,0,-171,-2,6.18
fold2_room1_mix1220,54,6,0,-169,-2,5.51
fold2_room1_mix1220,55,6,0,-171,-2,5.87
fold2_room1_mix1220,56,6,0,-170,-2,5.97
fold2_room1_mix1220,57,6,0,-171,-2,5.83
fold2_room1_mix1220,58,6,0,-169,-2,5.19
fold2_room1_mix1220,59,6,0,-166,-2,5.25
fold2_room1_mix1220,60,6,0,-170,-2,5.28
fold2_room1_mix1220,61,6,0,-165,-2,4.91
fold2_room1_mix1220,62,6,0,-165,-2,4.91
fold2_room1_mix1220,63,6,0,-164,-2,4.54
fold2_room1_mix1220,64,6,0,-164,-2,4.55
fold2_room1_mix1220,65,6,0,-162,-2,4.16
fold2_room1_mix1220,66,6,0,-166,-2,4.45
fold2_room1_mix1220,67,6,0,-165,-2,4.35
fold2_room1_mix1220,68,6,0,-161,-2,3.88
fold2_room1_mix1220,69,6,0,-160,-3,3.70
fold2_room1_mix1220,70,6,0,-161,-3,3.48
fold2_room1_mix1220,71,6,0,-159,-3,3.52
fold2_room1_mix1220,72,6,0,-157,-4,3.23
fold2_room1_mix1220,73,6,0,-156,-4,3.09
fold2_room1_mix1220,74,6,0,-154,-5,2.78
fold2_room1_mix1220,75,6,0,-154,-5,2.76
fold2_room1_mix1220,76,6,0,-151,-5,2.55
fold2_room1_mix1220,77,6,0,-150,-5,2.38
fold2_room1_mix1220,78,6,0,-146,-6,2.14
fold2_room1_mix1220,79,6,0,-146,-5,2.16
fold2_room1_mix1220,80,6,0,-140,-5,1.89
fold2_room1_mix1220,81,6,0,-138,-5,1.71
fold2_room1_mix1220,82,6,0,-135,-4,1.63
fold2_room1_mix1220,83,6,0,-127,-4,1.30
fold2_room1_mix1220,84,6,0,-121,-3,1.16
fold2_room1_mix1220,85,6,0,-114,-2,1.16
fold2_room1_mix1220,86,6,0,-102,-1,1.02
fold2_room1_mix1220,87,6,0,-93,0,1.07
fold2_room1_mix1220,88,6,0,-78,0,1.05
fold2_room1_mix1220,89,6,0,-65,0,1.06
fold2_room1_mix1220,90,6,0,-55,0,1.27
fold2_room1_mix1220,91,6,0,-52,0,1.25
fold2_room1_mix1220,92,6,0,-47,0,1.35
fold2_room1_mix1220,93,6,0,-44,0,1.39
fold2_room1_mix1220,94,6,0,-37,0,1.55
fold2_room1_mix1220,95,6,0,-33,0,1.98
fold2_room1_mix1220,96,6,0,-30,0,1.98
fold2_room1_mix1220,97,6,0,-27,0,2.34
fold2_room1_mix1220,98,6,0,-26,0,2.41
fold2_room1_mix1220,99,6,0,-24,0,2.71
fold2_room1_mix1221,0,5,0,-8,2,3.15
fold2_room1_mix1221,1,6,0,-15,0,1.55
fold2_room1_mix1221,2,6,0,-19,-2,2.83
fold2_room1_mix1221,3,5,0,-3,0,1.17
fold2_room1_mix1221,3,6,0,-17,-2,4.40
fold2_room1_mix1221,4,6,0,-16,-2,5.03
fold2_room1_mix1221,5,6,0,-17,-2,5.21
fold2_room1_mix1221,6,6,0,-19,-2,4.94
fold2_room1_mix1221,7,6,0,-18,-2,5.75
fold2_room1_mix1221,8,6,0,-19,-1,6.19
fold2_room1_mix1221,9,6,0,-17,-2,5.86
fold2_room1_mix1221,10,6,0,-14,-1,6.36
fold2_room1_mix1221,11,6,0,-15,-2,6.10
fold2_room1_mix1221,12,6,0,-17,-2,6.02
fold2_room1_mix1221,13,6,0,-17,-2,5.89
fold2_room1_mix1221,14,6,0,-18,-1,5.77
fold2_room1_mix1221,15,6,0,-17,-2,5.49
fold2_room1_mix1221,16,6,0,-16,-2,5.66
fold2_room1_mix1221,17,6,0,-20,-2,4.94
fold2_room1_mix1221,18,6,0,-23,-1,4.27
fold2_room1_mix1221,19,6,0,-21,-1,4.02
fold2_room1_mix1221,20,6,0,-24,-1,4.09
fold2_room1_mix1221,21,6,0,-25,-1,3.63
fold2_room1_mix1221,22,6,0,-25,-1,3.43
fold2_room1_mix1221,23,6,0,-25,-1,3.49
fold2_room1_mix1221,24,6,0,-29,-1,3.09
fold2_room1_mix1221,25,6,0,-30,-1,3.00
fold2_room1_mix1221,26,6,0,-28,-1,3.16
fold2_room1_mix1221,27,6,0,-32,-1,2.98
fold2_room1_mix1221,28,6,0,-33,-1,2.91
fold2_room1_mix1221,29,6,0,-33,-1,2.85
fold2_room1_mix1221,30,6,0,-36,-1,2.70
fold2_room1_mix1221,31,6,0,-40,-1,2.54
fold2_room1_mix1221,32,6,0,-43,-1,2.41
fold2_room1_mix1221,33,6,0,-48,-1,2.32
fold2_room1_mix1221,34,6,0,-49,-1,1.92
fold2_room1_mix1221,35,6,0,-55,-1,1.61
fold2_room1_mix1221,36,6,0,-59,-2,1.61
fold2_room1_mix1221,37,6,0,-61,-2,1.52
fold2_room1_mix1221,38,6,0,-65,-2,1.50
fold2_room1_mix1221,39,6,0,-70,-2,1.55
fold2_room1_mix1221,40,6,0,-74,-2,1.47
fold2_room1_mix1221,41,6,0,-81,-2,1.46
fold2_room1_mix1221,42,6,0,-85,-2,1.39
fold2_room1_mix1221,43,6,0,-87,-1,1.41
fold2_room1_mix1221,44,6,0,-91,-1,1.49
fold2_room1_mix1221,45,6,0,-96,-1,1.54
fold2_room1_mix1221,46,6,0,-101,-1,1.48
fold2_room1_mix1221,47,6,0,-106,-1,1.49
fold2_room1_mix1221,48,6,0,-111,-1,1.50
fold2_room1_mix1221,49,6,0,-113,-1,1.69
fold2_room1_mix1221,50,6,0,-118,-1,1.59
fold2_room1_mix1221,51,6,0,-123,-1,1.73
fold2_room1_mix1221,52,6,0,-126,-2,1.97
fold2_room1_mix1221,53,6,0,-128,-2,1.97
fold2_room1_mix1221,54,6,0,-131,-1,2.00
fold2_room1_mix1221,55,6,0,-135,-1,2.30
fold2_room1_mix1221,56,6,0,-138,-1,2.50
fold2_room1_mix1221,57,6,0,-137,-1,2.55
fold2_room1_mix1221,58,6,0,-139,-1,2.56
fold2_room1_mix1221,59,6,0,-143,-1,2.78
fold2_room1_mix1221,60,6,0,-143,-1,2.96
fold2_room1_mix1221,61,6,0,-142,-1,2.86
fold2_room1_mix1221,62,6,0,-145,-1,3.01
fold2_room1_mix1221,63,6,0,-146,-1,3.26
fold2_room1_mix1221,64,6,0,-150,-1,3.60
fold2_room1_mix1221,65,6,0,-150,-1,3.81
fold2_room1_mix1221,66,6,0,-151,-1,3.82
fold2_room1_mix1221,67,6,0,-151,-1,3.80
fold2_room1_mix1221,68,6,0,-151,-1,3.80
fold2_room1_mix1221,69,6,0,-153,-1,4.06
fold2_room1_mix1221,70,6,0,-156,-1,4.61
fold2_room1_mix1221,71,6,0,-155,-1,4.48
fold2_room1_mix1221,72,6,0,-157,-1,4.91
fold2_room1_mix1221,73,6,0,-157,-1,5.19
fold2_room1_mix1221,74,6,0,-157,-1,4.94
fold2_room1_mix1221,75,6,0,-158,-1,5.25
fold2_room1_mix1221,76,6,0,-159,-1,5.83
fold2_room1_mix1221,77,6,0,-159,-1,5.76
fold2_room1_mix1221,78,6,0,-159,-1,5.66
fold2_room1_mix1221,79,6,0,-160,-1,6.04
fold2_room1_mix1221,80,6,0,-160,-1,5.84
fold2_room1_mix1221,81,6,0,-160,-1,6.01
fold2_room1_mix1221,82,6,0,-160,-1,5.89
fold2_room1_mix1221,83,6,0,-159,-1,5.57
fold2_room1_mix1221,84,6,0,-159,-1,5.83
fold2_room1_mix1221,85,6,0,-161,-1,6.35
fold2_room1_mix1221,86,6,0,-162,-1,6.29
fold2_room1_mix1221,87,6,0,-162,-1,6.56
fold2_room1_mix1221,88,6,0,-164,-1,7.21
fold2_room1_mix1221,89,6,0,-165,-1,7.27
fold2_room1_mix1221,90,6,0,-166,-1,7.42
fold2_room1_mix1221,91,6,0,-165,-1,7.29
fold2_room1_mix1221,92,6,0,-165,-1,7.45
fold2_room1_mix1221,93,6,0,-164,-1,7.17
fold2_room1_mix1221,94,6,0,-163,-1,7.47
fold2_room1_mix1221,95,6,0,-162,-1,7.37
fold2_room1_mix1221,96,6,0,-163,-1,7.64
fold2_room1_mix1221,97,6,0,-163,0,7.54
fold2_room1_mix1221,98,6,0,-164,0,8.24
fold2_room1_mix1221,99,6,0,-166,0,8.61
fold2_room1_mix1222,21,6,0,-9,-1,4.22
fold2_room1_mix1222,22,6,0,-4,-1,5.00
fold2_room1_mix1222,23,6,0,-3,-1,7.79
fold2_room1_mix1222,24,6,0,-6,-1,7.90
fold2_room1_mix1222,25,6,0,-3,-2,8.21
fold2_room1_mix1222,26,6,0,5,-2,7.12
fold2_room1_mix1222,27,6,0,0,-1,7.97
fold2_room1_mix1222,28,6,0,-1,-2,7.96
fold2_room1_mix1222,29,6,0,6,-2,7.15
fold2_room1_mix1222,30,6,0,3,-1,7.20
fold2_room1_mix1222,31,6,0,8,-2,7.26
fold2_room1_mix1222,32,6,0,13,-2,5.90
fold2_room1_mix1222,33,6,0,10,-1,5.59
fold2_room1_mix1222,34,6,0,17,-1,5.40
fold2_room1_mix1222,35,6,0,18,-1,4.66
fold2_room1_mix1222,36,6,0,20,-1,4.33
fold2_room1_mix1222,37,6,0,22,-1,4.06
fold2_room1_mix1222,38,6,0,26,-2,3.61
fold2_room1_mix1222,39,6,0,28,-2,3.04
fold2_room1_mix1222,40,6,0,31,-2,2.87
fold2_room1_mix1222,41,6,0,37,-1,2.48
fold2_room1_mix1222,42,6,0,45,-1,2.14
fold2_room1_mix1222,43,6,0,58,0,1.64
fold2_room1_mix1222,44,6,0,67,0,1.44
fold2_room1_mix1222,45,6,0,83,1,1.19
fold2_room1_mix1222,46,6,0,107,0,1.32
fold2_room1_mix1222,47,6,0,123,0,1.42
fold2_room1_mix1222,48,6,0,133,0,1.62
fold2_room1_mix1222,49,6,0,139,0,1.86
fold2_room1_mix1222,50,6,0,143,0,2.19
fold2_room1_mix1222,51,6,0,149,0,2.43
fold2_room1_mix1222,52,6,0,150,0,2.54
fold2_room1_mix1222,53,6,0,155,-1,2.95
fold2_room1_mix1222,54,6,0,156,-1,3.06
fold2_room1_mix1222,55,6,0,158,0,3.50
fold2_room1_mix1222,56,6,0,159,-1,3.70
fold2_room1_mix1222,57,6,0,160,-1,3.92
fold2_room1_mix1222,58,6,0,160,0,4.17
fold2_room1_mix1222,59,6,0,163,-1,4.84
fold2_room1_mix1222,60,6,0,162,-1,4.91
fold2_room1_mix1222,61,6,0,164,0,5.40
fold2_room1_mix1222,62,6,0,165,0,6.40
fold2_room1_mix1222,63,6,0,166,0,5.87
fold2_room1_mix1222,64,6,0,166,-1,6.13
fold2_room1_mix1222,65,6,0,166,-1,6.09
fold2_room1_mix1222,66,6,0,168,0,7.20
fold2_room1_mix1222,67,6,0,169,0,7.64
fold2_room1_mix1222,68,6,0,170,0,4.91
fold2_room1_mix1223,1,6,0,161,-2,0.91
fold2_room1_mix1223,2,6,0,155,-2,1.96
fold2_room1_mix1223,3,6,0,156,-2,1.58
fold2_room1_mix1223,4,6,0,150,-1,2.18
fold2_room1_mix1223,6,6,0,156,-1,1.59
fold2_room1_mix1223,7,6,0,158,0,1.09
fold2_room1_mix1223,12,6,0,150,-1,0.92
fold2_room1_mix1223,13,6,0,148,-2,1.84
fold2_room1_mix1223,15,6,0,147,-1,2.27
fold2_room1_mix1223,16,6,0,144,-2,2.27
fold2_room1_mix1223,17,6,0,137,-1,2.35
fold2_room1_mix1223,18,6,0,140,-2,2.14
fold2_room1_mix1223,19,6,0,136,-2,2.27
fold2_room1_mix1223,20,6,0,132,-2,2.12
fold2_room1_mix1223,21,6,0,131,-1,2.19
fold2_room1_mix1223,22,6,0,134,-2,2.28
fold2_room1_mix1223,23,6,0,128,-1,2.12
fold2_room1_mix1223,24,6,0,125,-2,2.09
fold2_room1_mix1223,25,6,0,126,0,2.10
fold2_room1_mix1223,26,6,0,126,-1,2.10
fold2_room1_mix1223,27,6,0,122,-1,2.09
fold2_room1_mix1223,28,6,0,116,0,1.96
fold2_room1_mix1223,29,6,0,120,-1,2.07
fold2_room1_mix1223,30,6,0,114,-1,1.96
fold2_room1_mix1223,31,6,0,112,-1,1.93
fold2_room1_mix1223,32,6,0,107,-1,1.91
fold2_room1_mix1223,33,6,0,106,-2,1.97
fold2_room1_mix1223,34,6,0,103,-2,1.89
fold2_room1_mix1223,35,6,0,101,-3,1.84
fold2_room1_mix1223,36,6,0,91,-2,1.83
fold2_room1_mix1223,37,6,0,89,-2,1.81
fold2_room1_mix1223,38,6,0,91,-4,1.79
fold2_room1_mix1223,39,6,0,87,-4,1.85
fold2_room1_mix1223,40,6,0,83,-4,1.95
fold2_room1_mix1223,41,6,0,82,-2,1.88
fold2_room1_mix1223,42,6,0,75,-4,1.85
fold2_room1_mix1223,43,6,0,73,-3,1.95
fold2_room1_mix1223,44,6,0,73,-2,1.86
fold2_room1_mix1223,45,6,0,72,-2,1.97
fold2_room1_mix1223,46,6,0,67,-3,1.99
fold2_room1_mix1223,47,6,0,67,-2,1.99
fold2_room1_mix1223,48,6,0,63,-2,2.00
fold2_room1_mix1223,49,6,0,60,-3,2.12
fold2_room1_mix1223,50,6,0,60,-2,2.20
fold2_room1_mix1223,51,6,0,58,-2,2.27
fold2_room1_mix1223,52,6,0,60,-1,2.08
fold2_room1_mix1223,53,6,0,57,-1,2.16
fold2_room1_mix1223,54,6,0,61,-1,1.62
fold2_room1_mix1223,55,6,0,51,-1,2.12
fold2_room1_mix1223,56,6,0,57,-2,1.98
fold2_room1_mix1223,58,6,0,61,-3,1.04
fold2_room1_mix1223,67,6,0,45,-2,1.13
fold2_room1_mix1224,68,6,0,-33,-4,0.82
fold2_room1_mix1224,69,6,0,-35,-3,0.95
fold2_room1_mix1224,70,6,0,-37,-3,1.64
fold2_room1_mix1224,71,6,0,-39,-2,1.57
fold2_room1_mix1224,72,6,0,-43,-2,1.58
fold2_room1_mix1224,73,6,0,-48,-1,1.48
fold2_room1_mix1224,74,6,0,-58,-1,1.38
fold2_room1_mix1224,75,6,0,-76,0,1.14
fold2_room1_mix1224,76,6,0,-95,0,1.12
fold2_room1_mix1224,77,6,0,-110,0,1.00
fold2_room1_mix1224,78,6,0,-126,0,1.15
fold2_room1_mix1224,79,6,0,-135,0,1.39
fold2_room1_mix1224,80,6,0,-144,0,1.85
fold2_room1_mix1224,81,6,0,-149,0,1.94
fold2_room1_mix1224,82,6,0,-153,0,1.97
fold2_room1_mix1224,83,6,0,-156,0,2.25
fold2_room1_mix1224,84,6,0,-158,0,1.64
fold2_room1_mix1224,85,6,0,-158,-1,1.92
fold2_room1_mix1225,60,6,0,151,-4,1.19
fold2_room1_mix1225,61,6,0,146,-3,1.93
fold2_room1_mix1225,62,6,0,142,-3,1.61
fold2_room1_mix1225,63,6,0,140,-2,1.88
fold2_room1_mix1225,64,6,0,138,-2,1.88
fold2_room1_mix1225,65,6,0,132,-2,1.66
fold2_room1_mix1225,66,6,0,128,-1,1.69
fold2_room1_mix1225,67,6,0,118,-1,1.49
fold2_room1_mix1225,68,6,0,114,-1,1.56
fold2_room1_mix1225,69,6,0,102,0,1.25
fold2_room1_mix1225,70,6,0,89,0,1.29
fold2_room1_mix1225,71,6,0,83,1,1.21
fold2_room1_mix1225,72,6,0,77,1,1.25
fold2_room1_mix1225,73,6,0,71,1,1.13
fold2_room1_mix1225,74,6,0,67,1,1.19
fold2_room1_mix1225,75,6,0,62,1,1.17
fold2_room1_mix1225,76,6,0,58,1,1.33
fold2_room1_mix1225,77,6,0,54,0,1.25
fold2_room1_mix1225,78,6,0,51,1,1.32
fold2_room1_mix1225,79,6,0,48,0,1.43
fold2_room1_mix1225,80,6,0,45,0,1.59
fold2_room1_mix1225,81,6,0,41,0,1.36
fold2_room1_mix1225,82,6,0,49,0,0.84
fold2_room1_mix1227,30,6,0,-149,-4,0.76
fold2_room1_mix1227,31,6,0,-145,-5,1.39
fold2_room1_mix1227,32,6,0,-134,-5,1.22
fold2_room1_mix1227,33,6,0,-129,-5,1.21
fold2_room1_mix1227,34,6,0,-127,-5,1.27
fold2_room1_mix1227,35,6,0,-122,-4,1.16
fold2_room1_mix1227,36,6,0,-110,-3,1.06
fold2_room1_mix1227,37,6,0,-106,-2,1.21
fold2_room1_mix1227,38,6,0,-92,-1,0.99
fold2_room1_mix1227,39,6,0,-82,-2,1.06
fold2_room1_mix1227,40,6,0,-73,0,1.13
fold2_room1_mix1227,41,6,0,-63,0,1.22
fold2_room1_mix1227,42,6,0,-57,0,1.28
fold2_room1_mix1227,43,6,0,-52,0,1.35
fold2_room1_mix1227,44,6,0,-47,0,1.29
fold2_room1_mix1227,45,6,0,-43,0,1.46
fold2_room1_mix1227,46,6,0,-40,0,1.49
fold2_room1_mix1227,47,6,0,-36,0,0.93
fold2_room1_mix1228,48,6,0,-161,-4,1.71
fold2_room1_mix1228,49,6,0,-162,-4,1.92
fold2_room1_mix1228,50,6,0,-152,-5,2.27
fold2_room1_mix1228,51,6,0,-148,-5,2.15
fold2_room1_mix1228,52,6,0,-145,-6,2.30
fold2_room1_mix1228,53,6,0,-141,-5,2.05
fold2_room1_mix1228,54,6,0,-133,-5,2.01
fold2_room1_mix1228,55,6,0,-121,-4,1.77
fold2_room1_mix1228,56,6,0,-103,-3,1.46
fold2_room1_mix1228,57,6,0,-84,-3,1.52
fold2_room1_mix1228,58,6,0,-68,-2,1.48
fold2_room1_mix1228,59,6,0,-57,-2,1.59
fold2_room1_mix1228,60,6,0,-47,-2,1.75
fold2_room1_mix1228,61,6,0,-38,-2,1.92
fold2_room1_mix1228,62,6,0,-32,-1,2.02
fold2_room1_mix1228,63,6,0,-28,-1,2.30
fold2_room1_mix1228,64,6,0,-23,0,2.51
fold2_room1_mix1228,65,6,0,-20,0,2.63
fold2_room1_mix1228,66,6,0,-19,0,1.61
fold2_room1_mix1229,17,6,0,-164,-4,1.65
fold2_room1_mix1229,18,6,0,-158,-4,1.83
fold2_room1_mix1229,19,6,0,-157,-3,2.41
fold2_room1_mix1229,20,6,0,-152,-4,2.38
fold2_room1_mix1229,21,6,0,-152,-4,2.41
fold2_room1_mix1229,22,6,0,-152,-3,2.95
fold2_room1_mix1229,23,6,0,-152,-3,2.86
fold2_room1_mix1229,24,6,0,-151,-3,2.88
fold2_room1_mix1229,25,6,0,-150,-3,2.68
fold2_room1_mix1229,26,6,0,-148,-3,2.74
fold2_room1_mix1229,27,6,0,-142,-3,2.55
fold2_room1_mix1229,28,6,0,-145,-3,2.43
fold2_room1_mix1229,29,6,0,-144,-3,2.43
fold2_room1_mix1229,30,6,0,-141,-2,2.41
fold2_room1_mix1229,31,6,0,-141,-2,2.50
fold2_room1_mix1229,32,6,0,-138,-3,2.26
fold2_room1_mix1229,33,6,0,-138,-2,2.42
fold2_room1_mix1229,34,6,0,-133,-3,2.22
fold2_room1_mix1229,35,6,0,-127,-4,1.99
fold2_room1_mix1229,36,6,0,-129,-4,2.06
fold2_room1_mix1229,37,6,0,-125,-4,1.94
fold2_room1_mix1229,38,6,0,-121,-3,1.83
fold2_room1_mix1229,39,6,0,-115,-4,1.85
fold2_room1_mix1229,40,6,0,-111,-4,1.77
fold2_room1_mix1229,41,6,0,-103,-4,1.62
fold2_room1_mix1229,42,6,0,-99,-3,1.50
fold2_room1_mix1229,43,6,0,-91,-3,1.45
fold2_room1_mix1229,44,6,0,-89,-2,1.41
fold2_room1_mix1229,45,6,0,-83,-2,1.44
fold2_room1_mix1229,46,6,0,-77,-2,1.58
fold2_room1_mix1229,47,6,0,-71,-1,1.54
fold2_room1_mix1229,48,6,0,-67,-2,1.60
fold2_room1_mix1229,49,6,0,-65,-1,1.72
fold2_room1_mix1229,50,6,0,-62,-2,1.72
fold2_room1_mix1229,51,6,0,-59,-1,1.84
fold2_room1_mix1229,52,6,0,-55,-2,1.94
fold2_room1_mix1229,53,6,0,-53,-1,1.99
fold2_room1_mix1229,54,6,0,-52,-2,2.09
fold2_room1_mix1229,55,6,0,-48,-1,2.26
fold2_room1_mix1229,56,6,0,-45,-2,2.25
fold2_room1_mix1229,57,6,0,-41,-1,2.23
fold2_room1_mix1229,58,6,0,-39,-1,2.37
fold2_room1_mix1229,59,6,0,-36,-1,2.36
fold2_room1_mix1229,60,6,0,-35,-1,2.38
fold2_room1_mix1229,61,6,0,-35,-1,2.49
fold2_room1_mix1229,62,6,0,-31,-1,2.66
fold2_room1_mix1229,63,6,0,-30,-1,2.66
fold2_room1_mix1229,64,6,0,-29,-1,2.67
fold2_room1_mix1229,65,6,0,-29,-1,2.74
fold2_room1_mix1229,66,6,0,-28,-1,2.72
fold2_room1_mix1229,67,6,0,-27,-1,2.73
fold2_room1_mix1230,22,6,0,-23,-1,3.06
fold2_room1_mix1230,23,6,0,-26,-2,3.79
fold2_room1_mix1230,24,6,0,-25,-1,3.54
fold2_room1_mix1230,25,6,0,-24,-1,3.29
fold2_room1_mix1230,26,6,0,-24,-1,3.91
fold2_room1_mix1230,27,6,0,-25,-1,3.75
fold2_room1_mix1230,28,6,0,-26,-1,3.71
fold2_room1_mix1230,29,6,0,-28,-1,3.50
fold2_room1_mix1230,30,6,0,-33,-1,3.05
fold2_room1_mix1230,31,6,0,-41,-2,2.64
fold2_room1_mix1230,32,6,0,-50,-3,2.14
fold2_room1_mix1230,33,6,0,-59,-2,1.89
fold2_room1_mix1230,34,6,0,-73,-2,1.73
fold2_room1_mix1230,35,6,0,-89,-3,1.75
fold2_room1_mix1230,36,6,0,-110,-3,1.73
fold2_room1_mix1230,37,6,0,-123,-2,2.01
fold2_room1_mix1230,38,6,0,-131,-2,2.17
fold2_room1_mix1230,39,6,0,-141,-1,2.83
fold2_room1_mix1230,40,6,0,-144,-2,2.93
fold2_room1_mix1230,41,6,0,-149,-1,3.55
fold2_room1_mix1230,42,6,0,-153,-1,3.88
fold2_room1_mix1230,43,6,0,-157,-1,3.97
fold2_room1_mix1230,44,6,0,-158,-1,4.50
fold2_room1_mix1230,45,6,0,-158,-1,4.38
fold2_room1_mix1230,46,6,0,-161,-1,4.32
fold2_room1_mix1230,47,6,0,-163,0,4.03
fold2_room1_mix1230,48,6,0,-162,-1,5.45
fold2_room1_mix1231,2,6,0,5,0,1.66
fold2_room1_mix1231,3,6,0,25,-1,3.90
fold2_room1_mix1231,4,6,0,19,0,3.41
fold2_room1_mix1231,5,6,0,25,0,3.99
fold2_room1_mix1231,6,6,0,21,0,4.48
fold2_room1_mix1231,7,6,0,18,0,4.33
fold2_room1_mix1231,8,6,0,19,0,4.31
fold2_room1_mix1231,9,6,0,25,0,4.25
fold2_room1_mix1231,10,6,0,27,0,4.16
fold2_room1_mix1231,11,6,0,28,0,4.43
fold2_room1_mix1231,12,6,0,28,0,4.31
fold2_room1_mix1231,13,6,0,30,0,3.94
fold2_room1_mix1231,14,6,0,26,0,4.28
fold2_room1_mix1231,15,6,0,30,0,3.94
fold2_room1_mix1231,16,6,0,27,-1,3.82
fold2_room1_mix1231,17,6,0,31,0,3.36
fold2_room1_mix1231,18,6,0,31,-1,3.25
fold2_room1_mix1231,19,6,0,32,0,2.90
fold2_room1_mix1231,20,6,0,29,-1,3.28
fold2_room1_mix1231,21,6,0,32,-1,3.16
fold2_room1_mix1231,22,6,0,32,-1,2.96
fold2_room1_mix1231,23,6,0,32,-1,2.95
fold2_room1_mix1231,24,6,0,31,-1,2.97
fold2_room1_mix1231,25,6,0,33,0,2.90
fold2_room1_mix1231,26,6,0,34,0,2.77
fold2_room1_mix1231,27,6,0,32,-1,3.03
fold2_room1_mix1231,28,6,0,35,-1,2.92
fold2_room1_mix1231,29,6,0,38,0,2.34
fold2_room1_mix1231,30,6,0,38,-1,2.57
fold2_room1_mix1231,31,6,0,39,-1,2.42
fold2_room1_mix1231,32,6,0,39,-1,2.42
fold2_room1_mix1231,33,6,0,40,0,2.51
fold2_room1_mix1231,34,6,0,46,0,2.26
fold2_room1_mix1231,35,6,0,46,-1,2.31
fold2_room1_mix1231,36,6,0,49,0,1.91
fold2_room1_mix1231,37,6,0,52,0,1.86
fold2_room1_mix1231,38,6,0,57,0,1.70
fold2_room1_mix1231,39,6,0,60,0,1.69
fold2_room1_mix1231,40,6,0,61,0,1.58
fold2_room1_mix1231,41,6,0,66,0,1.61
fold2_room1_mix1231,42,6,0,67,0,1.59
fold2_room1_mix1231,43,6,0,72,1,1.65
fold2_room1_mix1231,44,6,0,76,2,1.58
fold2_room1_mix1231,45,6,0,79,1,1.59
fold2_room1_mix1231,46,6,0,84,1,1.59
fold2_room1_mix1231,47,6,0,88,1,1.55
fold2_room1_mix1231,48,6,0,90,1,1.57
fold2_room1_mix1231,49,6,0,96,1,1.52
fold2_room1_mix1231,50,6,0,101,1,1.62
fold2_room1_mix1231,51,6,0,105,1,1.64
fold2_room1_mix1231,52,6,0,110,1,1.68
fold2_room1_mix1231,53,6,0,113,0,1.69
fold2_room1_mix1231,54,6,0,115,0,1.70
fold2_room1_mix1231,55,6,0,119,1,1.66
fold2_room1_mix1231,56,6,0,123,0,1.86
fold2_room1_mix1231,57,6,0,125,0,1.95
fold2_room1_mix1231,58,6,0,128,0,2.03
fold2_room1_mix1231,59,6,0,131,0,2.07
fold2_room1_mix1231,60,6,0,134,0,2.16
fold2_room1_mix1231,61,6,0,137,0,2.20
fold2_room1_mix1231,62,6,0,139,0,2.33
fold2_room1_mix1231,63,6,0,140,0,2.31
fold2_room1_mix1231,64,6,0,140,0,2.30
fold2_room1_mix1231,65,6,0,140,-1,2.27
fold2_room1_mix1231,66,6,0,141,-1,2.33
fold2_room1_mix1231,67,6,0,142,-1,2.39
fold2_room1_mix1231,68,6,0,142,-1,2.53
fold2_room1_mix1231,69,6,0,145,-1,2.50
fold2_room1_mix1231,70,6,0,146,-1,2.75
fold2_room1_mix1231,71,6,0,148,0,2.84
fold2_room1_mix1231,72,6,0,148,0,2.80
fold2_room1_mix1231,73,6,0,150,-1,2.92
fold2_room1_mix1231,74,6,0,151,-1,2.81
fold2_room1_mix1231,75,6,0,151,0,3.31
fold2_room1_mix1231,76,6,0,151,0,3.20
fold2_room1_mix1231,77,6,0,151,0,3.28
fold2_room1_mix1231,78,6,0,152,0,3.61
fold2_room1_mix1231,79,6,0,153,-1,3.22
fold2_room1_mix1231,80,6,0,153,0,3.54
fold2_room1_mix1231,81,6,0,152,-1,3.29
fold2_room1_mix1231,82,6,0,153,0,3.28
fold2_room1_mix1231,83,6,0,154,0,3.63
fold2_room1_mix1231,84,6,0,154,0,3.84
fold2_room1_mix1231,85,6,0,156,0,4.04
fold2_room1_mix1231,86,6,0,157,-1,4.10
fold2_room1_mix1231,87,6,0,157,-1,3.79
fold2_room1_mix1231,88,6,0,158,0,4.13
fold2_room1_mix1231,89,6,0,157,0,4.27
fold2_room1_mix1231,90,6,0,156,0,4.16
fold2_room1_mix1231,91,6,0,157,0,4.07
fold2_room1_mix1231,92,6,0,156,0,4.23
fold2_room1_mix1231,93,6,0,156,0,4.33
fold2_room1_mix1231,94,6,0,156,0,4.23
fold2_room1_mix1231,95,6,0,158,0,4.58
fold2_room1_mix1231,96,6,0,160,0,4.67
fold2_room1_mix1231,97,6,0,158,0,4.61
fold2_room1_mix1231,98,6,0,161,-1,4.79
fold2_room1_mix1231,99,6,0,164,-1,1.88
fold2_room1_mix1232,30,6,0,162,-3,1.50
fold2_room1_mix1232,34,6,0,168,-3,1.54
fold2_room1_mix1232,35,6,0,159,-4,1.93
fold2_room1_mix1232,38,6,0,153,-2,3.13
fold2_room1_mix1232,39,6,0,157,-2,3.44
fold2_room1_mix1232,40,6,0,153,-2,2.61
fold2_room1_mix1232,41,6,0,154,-2,2.57
fold2_room1_mix1232,42,6,0,152,-1,3.36
fold2_room1_mix1232,43,6,0,149,-1,3.04
fold2_room1_mix1232,44,6,0,149,-2,2.81
fold2_room1_mix1232,45,6,0,151,-2,2.98
fold2_room1_mix1232,46,6,0,141,-2,2.65
fold2_room1_mix1232,47,6,0,146,-1,2.59
fold2_room1_mix1232,48,6,0,145,-2,2.53
fold2_room1_mix1232,49,6,0,137,-1,2.13
fold2_room1_mix1232,50,6,0,136,-2,2.26
fold2_room1_mix1232,51,6,0,132,-1,2.25
fold2_room1_mix1232,52,6,0,131,-3,2.26
fold2_room1_mix1232,53,6,0,120,-2,2.02
fold2_room1_mix1232,54,6,0,111,-1,1.96
fold2_room1_mix1232,55,6,0,106,-2,1.92
fold2_room1_mix1232,56,6,0,104,-2,1.85
fold2_room1_mix1232,57,6,0,99,-2,2.00
fold2_room1_mix1232,58,6,0,87,-2,1.82
fold2_room1_mix1232,59,6,0,82,-1,1.74
fold2_room1_mix1232,60,6,0,77,-1,1.68
fold2_room1_mix1232,61,6,0,70,-1,1.70
fold2_room1_mix1232,62,6,0,68,0,1.58
fold2_room1_mix1232,63,6,0,65,0,1.64
fold2_room1_mix1232,64,6,0,59,0,1.62
fold2_room1_mix1232,65,6,0,58,0,1.74
fold2_room1_mix1232,66,6,0,52,0,1.84
fold2_room1_mix1232,67,6,0,49,0,1.94
fold2_room1_mix1232,68,6,0,46,0,2.04
fold2_room1_mix1232,69,6,0,44,0,1.90
fold2_room1_mix1232,70,6,0,42,0,1.66
fold2_room1_mix1232,71,6,0,39,-1,2.10
fold2_room1_mix1232,72,6,0,43,-1,1.10
fold2_room1_mix1232,73,6,0,42,-1,1.14
fold2_room1_mix1235,64,6,0,-134,-5,1.72
fold2_room1_mix1235,65,6,0,-115,-8,1.65
fold2_room1_mix1235,66,6,0,-108,-5,1.93
fold2_room1_mix1235,67,6,0,-90,-5,1.85
fold2_room1_mix1235,68,6,0,-78,-7,1.92
fold2_room1_mix1235,69,6,0,-67,-6,2.16
fold2_room1_mix1235,70,6,0,-58,-4,2.13
fold2_room1_mix1235,71,6,0,-48,-5,2.23
fold2_room1_mix1235,72,6,0,-44,-4,2.46
fold2_room1_mix1236,2,6,0,-54,0,0.89
fold2_room1_mix1236,13,6,0,-80,-3,0.86
fold2_room1_mix1236,14,6,0,-82,-2,0.58
fold2_room1_mix1236,15,6,0,-85,-2,0.53
fold2_room1_mix1236,17,6,0,-96,-4,0.75
fold2_room1_mix1237,2,6,0,0,0,3.29
fold2_room1_mix1237,3,6,0,8,-2,4.58
fold2_room1_mix1237,4,6,0,11,-1,4.04
fold2_room1_mix1237,5,6,0,19,-1,4.47
fold2_room1_mix1237,6,6,0,8,-1,5.46
fold2_room1_mix1237,7,6,0,8,-1,5.32
fold2_room1_mix1237,8,6,0,6,-1,5.37
fold2_room1_mix1237,9,6,0,11,-1,5.59
fold2_room1_mix1237,10,6,0,8,-1,5.39
fold2_room1_mix1237,11,6,0,11,-1,5.78
fold2_room1_mix1237,12,6,0,17,-1,5.41
fold2_room1_mix1237,13,6,0,19,-1,4.65
fold2_room1_mix1237,14,6,0,17,-1,5.08
fold2_room1_mix1237,15,6,0,16,-1,5.00
fold2_room1_mix1237,16,6,0,19,-1,4.28
fold2_room1_mix1237,17,6,0,20,-1,4.55
fold2_room1_mix1237,18,6,0,20,-1,4.32
fold2_room1_mix1237,19,6,0,17,-1,4.54
fold2_room1_mix1237,20,6,0,17,-1,4.47
fold2_room1_mix1237,21,6,0,21,-1,4.05
fold2_room1_mix1237,22,6,0,23,-1,3.76
fold2_room1_mix1237,23,6,0,21,-1,3.72
fold2_room1_mix1237,24,6,0,22,-1,3.71
fold2_room1_mix1237,25,6,0,24,-1,3.75
fold2_room1_mix1237,26,6,0,24,-1,3.73
fold2_room1_mix1237,27,6,0,25,-1,3.65
fold2_room1_mix1237,28,6,0,26,-1,3.44
fold2_room1_mix1237,29,6,0,27,-1,3.23
fold2_room1_mix1237,30,6,0,29,-1,3.12
fold2_room1_mix1237,31,6,0,30,-1,3.09
fold2_room1_mix1237,32,6,0,33,-1,2.70
fold2_room1_mix1237,33,6,0,36,-1,2.59
fold2_room1_mix1237,34,6,0,36,-1,2.63
fold2_room1_mix1237,35,6,0,38,-1,2.17
fold2_room1_mix1237,36,6,0,41,0,2.08
fold2_room1_mix1237,37,6,0,45,0,1.80
fold2_room1_mix1237,38,6,0,47,0,1.71
fold2_room1_mix1237,39,6,0,52,0,1.62
fold2_room1_mix1237,40,6,0,54,0,1.53
fold2_room1_mix1237,41,6,0,59,1,1.50
fold2_room1_mix1237,42,6,0,66,1,1.50
fold2_room1_mix1237,43,6,0,69,3,1.38
fold2_room1_mix1237,44,6,0,76,2,1.45
fold2_room1_mix1237,45,6,0,82,3,1.28
fold2_room1_mix1237,46,6,0,86,3,1.52
fold2_room1_mix1237,47,6,0,96,3,1.51
fold2_room1_mix1237,48,6,0,103,3,1.58
fold2_room1_mix1237,49,6,0,109,3,1.54
fold2_room1_mix1237,50,6,0,117,2,1.59
fold2_room1_mix1237,51,6,0,121,2,1.62
fold2_room1_mix1237,52,6,0,126,1,1.79
fold2_room1_mix1237,53,6,0,131,1,1.87
fold2_room1_mix1237,54,6,0,131,0,1.87
fold2_room1_mix1237,55,6,0,134,0,1.98
fold2_room1_mix1237,56,6,0,136,0,1.98
fold2_room1_mix1237,57,6,0,140,0,2.11
fold2_room1_mix1237,58,6,0,141,0,2.18
fold2_room1_mix1237,59,6,0,144,0,2.29
fold2_room1_mix1237,60,6,0,145,0,2.28
fold2_room1_mix1237,61,6,0,147,0,2.50
fold2_room1_mix1237,62,6,0,150,0,2.68
fold2_room1_mix1237,63,6,0,151,0,2.69
fold2_room1_mix1237,64,6,0,153,0,2.83
fold2_room1_mix1237,65,6,0,152,0,2.77
fold2_room1_mix1237,66,6,0,153,0,2.88
fold2_room1_mix1237,67,6,0,154,0,2.93
fold2_room1_mix1237,68,6,0,154,-1,3.05
fold2_room1_mix1237,69,6,0,155,-1,3.01
fold2_room1_mix1237,70,6,0,156,-1,3.24
fold2_room1_mix1237,71,6,0,156,-1,3.27
fold2_room1_mix1237,72,6,0,159,-1,3.46
fold2_room1_mix1237,73,6,0,158,-1,3.62
fold2_room1_mix1237,74,6,0,160,-1,3.61
fold2_room1_mix1237,75,6,0,158,0,3.72
fold2_room1_mix1237,76,6,0,160,0,4.01
fold2_room1_mix1237,77,6,0,157,0,3.94
fold2_room1_mix1237,78,6,0,160,0,4.40
fold2_room1_mix1237,79,6,0,160,0,4.37
fold2_room1_mix1237,80,6,0,161,0,3.86
fold2_room1_mix1237,81,6,0,162,0,4.19
fold2_room1_mix1237,82,6,0,163,0,4.53
fold2_room1_mix1237,83,6,0,163,0,4.49
fold2_room1_mix1237,84,6,0,164,-1,4.49
fold2_room1_mix1237,85,6,0,163,0,4.59
fold2_room1_mix1237,86,6,0,161,0,4.86
fold2_room1_mix1237,87,6,0,162,0,4.51
fold2_room1_mix1237,88,6,0,163,0,4.70
fold2_room1_mix1237,89,6,0,164,0,4.97
fold2_room1_mix1237,90,6,0,165,0,4.93
fold2_room1_mix1237,91,6,0,163,0,5.18
fold2_room1_mix1237,92,6,0,164,-1,5.24
fold2_room1_mix1237,93,6,0,165,0,5.47
fold2_room1_mix1237,94,6,0,165,0,5.85
fold2_room1_mix1237,95,6,0,166,0,5.75
fold2_room1_mix1237,96,6,0,165,0,5.47
fold2_room1_mix1237,97,6,0,164,0,5.39
fold2_room1_mix1237,98,6,0,164,0,5.43
fold2_room1_mix1237,99,6,0,165,0,5.52
fold2_room1_mix1239,64,6,0,0,-2,3.69
fold2_room1_mix1239,65,6,0,10,-2,3.76
fold2_room1_mix1239,66,6,0,3,-1,5.06
fold2_room1_mix1239,67,6,0,25,-1,4.68
fold2_room1_mix1239,68,6,0,26,-1,4.42
fold2_room1_mix1239,69,6,0,29,-1,4.16
fold2_room1_mix1239,70,6,0,33,-1,3.54
fold2_room1_mix1239,71,6,0,41,-2,3.22
fold2_room1_mix1239,72,6,0,48,-1,2.51
fold2_room1_mix1239,73,6,0,53,-1,2.56
fold2_room1_mix1239,74,6,0,65,-1,1.93
fold2_room1_mix1239,75,6,0,75,-3,1.92
fold2_room1_mix1239,76,6,0,89,0,1.76
fold2_room1_mix1239,77,6,0,111,-2,1.87
fold2_room1_mix1239,78,6,0,123,-1,2.08
fold2_room1_mix1239,79,6,0,129,-1,2.27
fold2_room1_mix1239,80,6,0,139,-1,2.78
fold2_room1_mix1239,81,6,0,143,-1,2.92
fold2_room1_mix1239,82,6,0,148,-1,3.16
fold2_room1_mix1239,83,6,0,150,-1,3.33
fold2_room1_mix1239,84,6,0,154,0,3.88
fold2_room1_mix1239,85,6,0,158,-1,3.76
fold2_room1_mix1239,86,6,0,161,-1,4.30
fold2_room1_mix1239,87,6,0,161,-1,4.59
fold2_room1_mix1239,88,6,0,162,-1,4.80
fold2_room1_mix1239,89,6,0,166,0,3.27
fold2_room1_mix1240,38,6,0,-145,-5,0.74
fold2_room1_mix1240,40,6,0,-121,-6,1.36
fold2_room1_mix1240,41,6,0,-106,-8,1.59
fold2_room1_mix1240,42,6,0,-96,-6,1.63
fold2_room1_mix1240,43,6,0,-82,-4,1.67
fold2_room1_mix1240,44,6,0,-73,-4,1.61
fold2_room1_mix1240,45,6,0,-59,-6,1.94
fold2_room1_mix1240,46,6,0,-60,-4,1.07
fold2_room1_mix1242,30,6,0,-28,-3,3.41
fold2_room1_mix1242,31,6,0,-18,-3,4.58
fold2_room1_mix1242,32,6,0,-15,-2,3.74
fold2_room1_mix1242,33,6,0,-20,-2,5.72
fold2_room1_mix1242,34,6,0,-26,-3,4.84
fold2_room1_mix1242,35,6,0,-21,-2,5.56
fold2_room1_mix1242,36,6,0,-17,-2,5.82
fold2_room1_mix1242,37,6,0,-19,-1,5.97
fold2_room1_mix1242,38,6,0,-19,-2,5.06
fold2_room1_mix1242,39,6,0,-11,-2,5.71
fold2_room1_mix1242,40,6,0,-11,-2,6.23
fold2_room1_mix1242,41,6,0,-14,-1,6.20
fold2_room1_mix1242,42,6,0,-13,-1,5.48
fold2_room1_mix1242,43,6,0,-11,-1,5.77
fold2_room1_mix1242,44,6,0,-12,-1,5.49
fold2_room1_mix1242,45,6,0,-16,-1,5.12
fold2_room1_mix1242,46,6,0,-16,-1,4.97
fold2_room1_mix1242,47,6,0,-15,-1,5.21
fold2_room1_mix1242,48,6,0,-14,-1,5.36
fold2_room1_mix1242,49,6,0,-16,-1,4.81
fold2_room1_mix1242,50,6,0,-21,-1,3.75
fold2_room1_mix1242,51,6,0,-19,-1,3.83
fold2_room1_mix1242,52,6,0,-22,-1,3.60
fold2_room1_mix1242,53,6,0,-21,-1,3.67
fold2_room1_mix1242,54,6,0,-21,-1,3.63
fold2_room1_mix1242,55,6,0,-26,-1,2.91
fold2_room1_mix1242,56,6,0,-26,-1,3.08
fold2_room1_mix1242,57,6,0,-32,-1,2.82
fold2_room1_mix1242,58,6,0,-35,-2,2.65
fold2_room1_mix1242,59,6,0,-39,-1,2.34
fold2_room1_mix1242,60,6,0,-46,-1,1.87
fold2_room1_mix1242,61,6,0,-55,-1,1.68
fold2_room1_mix1242,62,6,0,-58,-2,1.62
fold2_room1_mix1242,63,6,0,-68,-2,1.42
fold2_room1_mix1242,64,6,0,-79,-1,1.34
fold2_room1_mix1242,65,6,0,-88,-1,1.43
fold2_room1_mix1242,66,6,0,-98,-2,1.51
fold2_room1_mix1242,67,6,0,-110,-1,1.50
fold2_room1_mix1242,68,6,0,-121,-1,1.72
fold2_room1_mix1242,69,6,0,-125,0,1.86
fold2_room1_mix1242,70,6,0,-130,0,1.94
fold2_room1_mix1242,71,6,0,-136,0,2.15
fold2_room1_mix1242,72,6,0,-138,0,2.27
fold2_room1_mix1242,73,6,0,-144,0,2.48
fold2_room1_mix1242,74,6,0,-147,0,2.66
fold2_room1_mix1242,75,6,0,-148,-1,2.75
fold2_room1_mix1242,76,6,0,-152,-1,3.13
fold2_room1_mix1242,77,6,0,-152,-1,3.24
fold2_room1_mix1242,78,6,0,-154,0,3.30
fold2_room1_mix1242,79,6,0,-155,-1,3.54
fold2_room1_mix1242,80,6,0,-156,-1,3.73
fold2_room1_mix1242,81,6,0,-157,-1,3.93
fold2_room1_mix1242,82,6,0,-157,-1,3.98
fold2_room1_mix1242,83,6,0,-159,0,4.24
fold2_room1_mix1242,84,6,0,-160,0,4.25
fold2_room1_mix1242,85,6,0,-161,0,4.62
fold2_room1_mix1242,86,6,0,-161,0,4.64
fold2_room1_mix1242,87,6,0,-163,0,4.95
fold2_room1_mix1242,88,6,0,-163,0,5.24
fold2_room1_mix1242,89,6,0,-163,0,5.51
fold2_room1_mix1242,90,6,0,-163,0,5.54
fold2_room1_mix1242,91,6,0,-164,0,5.59
fold2_room1_mix1242,92,6,0,-164,-1,5.83
fold2_room1_mix1242,93,6,0,-163,-1,5.87
fold2_room1_mix1242,94,6,0,-163,-1,5.63
fold2_room1_mix1242,95,6,0,-166,-1,6.05
fold2_room1_mix1242,96,6,0,-164,-1,6.10
fold2_room1_mix1242,97,6,0,-164,-1,6.06
fold2_room1_mix1242,98,6,0,-164,-1,5.66
fold2_room1_mix1242,99,6,0,-169,-1,5.64
fold2_room1_mix1243,16,6,0,172,-2,1.45
fold2_room1_mix1243,18,6,0,167,-2,3.44
fold2_room1_mix1243,21,6,0,162,-2,4.01
fold2_room1_mix1243,22,6,0,163,-2,3.18
fold2_room1_mix1243,23,6,0,162,-1,3.19
fold2_room1_mix1243,24,6,0,163,-3,2.25
fold2_room1_mix1243,25,6,0,155,-2,3.16
fold2_room1_mix1243,26,6,0,154,-1,3.48
fold2_room1_mix1243,27,6,0,152,-2,3.08
fold2_room1_mix1243,28,6,0,145,-2,2.78
fold2_room1_mix1243,29,6,0,140,-2,2.56
fold2_room1_mix1243,30,6,0,131,-2,2.17
fold2_room1_mix1243,31,6,0,118,-1,1.82
fold2_room1_mix1243,32,6,0,90,-1,1.50
fold2_room1_mix1243,33,6,0,75,0,1.42
fold2_room1_mix1243,34,6,0,62,0,1.56
fold2_room1_mix1243,35,6,0,52,0,1.76
fold2_room1_mix1243,36,6,0,45,0,1.92
fold2_room1_mix1243,37,6,0,38,0,2.31
fold2_room1_mix1243,38,6,0,32,0,2.68
fold2_room1_mix1243,39,6,0,29,0,2.85
fold2_room1_mix1243,40,6,0,26,0,3.16
fold2_room1_mix1243,41,6,0,22,0,3.53
fold2_room1_mix1243,42,6,0,19,0,3.61
fold2_room1_mix1243,43,6,0,18,0,3.60
fold2_room1_mix1243,44,6,0,19,0,3.13
fold2_room1_mix1243,45,6,0,17,0,3.41
fold2_room1_mix1244,15,6,0,175,-3,2.37
fold2_room1_mix1244,17,6,0,177,-3,2.75
fold2_room1_mix1244,18,6,0,176,-2,3.97
fold2_room1_mix1244,19,6,0,178,-2,3.98
fold2_room1_mix1244,20,6,0,-179,-1,4.48
fold2_room1_mix1244,21,6,0,178,-2,7.03
fold2_room1_mix1244,22,6,0,177,-2,7.38
fold2_room1_mix1244,23,6,0,177,-2,8.20
fold2_room1_mix1244,24,6,0,178,-2,7.57
fold2_room1_mix1244,25,6,0,178,-2,7.37
fold2_room1_mix1244,26,6,0,178,-2,8.25
fold2_room1_mix1244,27,6,0,179,-2,8.05
fold2_room1_mix1244,28,6,0,174,-2,7.16
fold2_room1_mix1244,29,6,0,171,-2,6.84
fold2_room1_mix1244,30,6,0,171,-2,6.26
fold2_room1_mix1244,31,6,0,174,-1,4.64
fold2_room1_mix1244,32,6,0,171,-2,6.58
fold2_room1_mix1244,33,6,0,173,-2,7.84
fold2_room1_mix1244,34,6,0,174,-2,7.56
fold2_room1_mix1244,35,6,0,172,-2,7.02
fold2_room1_mix1244,36,6,0,167,-2,7.00
fold2_room1_mix1244,37,6,0,166,-2,7.10
fold2_room1_mix1244,38,6,0,164,-2,6.63
fold2_room1_mix1244,39,6,0,165,-2,6.42
fold2_room1_mix1244,40,6,0,162,-2,6.16
fold2_room1_mix1244,41,6,0,160,-2,5.77
fold2_room1_mix1244,42,6,0,159,-2,5.69
fold2_room1_mix1244,43,6,0,156,-2,5.06
fold2_room1_mix1244,44,6,0,155,-2,5.07
fold2_room1_mix1244,45,6,0,156,-1,4.86
fold2_room1_mix1244,46,6,0,154,-2,4.91
fold2_room1_mix1244,47,6,0,154,-2,4.49
fold2_room1_mix1244,48,6,0,149,-2,4.16
fold2_room1_mix1244,49,6,0,148,-2,3.61
fold2_room1_mix1244,50,6,0,145,-2,3.28
fold2_room1_mix1244,51,6,0,139,-2,2.89
fold2_room1_mix1244,52,6,0,133,-2,2.73
fold2_room1_mix1244,53,6,0,125,-2,2.48
fold2_room1_mix1244,54,6,0,113,-3,2.08
fold2_room1_mix1244,55,6,0,101,-3,1.77
fold2_room1_mix1244,56,6,0,88,-1,1.77
fold2_room1_mix1244,57,6,0,81,-1,1.85
fold2_room1_mix1244,58,6,0,73,0,1.85
fold2_room1_mix1244,59,6,0,63,0,1.80
fold2_room1_mix1244,60,6,0,57,0,1.85
fold2_room1_mix1244,61,6,0,52,0,2.08
fold2_room1_mix1244,62,6,0,46,0,2.31
fold2_room1_mix1244,63,6,0,41,0,2.53
fold2_room1_mix1244,64,6,0,38,0,2.75
fold2_room1_mix1244,65,6,0,35,0,3.18
fold2_room1_mix1244,66,6,0,32,0,3.51
fold2_room1_mix1244,67,6,0,30,0,3.91
fold2_room1_mix1244,68,6,0,28,0,4.23
fold2_room1_mix1244,69,6,0,28,0,4.31
fold2_room1_mix1244,70,6,0,24,0,4.77
fold2_room1_mix1244,71,6,0,25,0,4.91
fold2_room1_mix1244,72,6,0,25,0,5.30
fold2_room1_mix1244,73,6,0,22,0,5.90
fold2_room1_mix1244,74,6,0,22,0,6.32
fold2_room1_mix1244,75,6,0,22,0,6.32
fold2_room1_mix1244,76,6,0,19,0,6.92
fold2_room1_mix1244,77,6,0,17,0,7.12
fold2_room1_mix1244,78,6,0,17,0,7.00
fold2_room1_mix1244,79,6,0,17,0,6.76
fold2_room1_mix1244,80,6,0,15,0,6.77
fold2_room1_mix1244,82,6,0,14,0,4.28
fold2_room1_mix1244,83,6,0,14,0,8.91
fold2_room1_mix1244,84,6,0,13,0,6.63
fold2_room1_mix1244,85,6,0,12,0,8.68
fold2_room1_mix1244,86,6,0,12,0,9.42
fold2_room1_mix1244,87,6,0,11,0,3.22
fold2_room1_mix1244,89,6,0,10,0,6.59
fold2_room1_mix1244,90,6,0,11,0,7.32
fold2_room1_mix1244,91,6,0,11,0,11.44
fold2_room1_mix1244,92,6,0,12,0,4.15
fold2_room1_mix1244,93,6,0,12,0,9.00
fold2_room1_mix1244,94,6,0,13,0,7.53
fold2_room1_mix1244,96,6,0,10,0,5.45
fold2_room1_mix1245,61,6,0,37,-3,1.12
fold2_room1_mix1245,62,6,0,44,-4,1.50
fold2_room1_mix1245,63,6,0,48,-3,1.00
fold2_room1_mix1245,64,6,0,51,-3,1.72
fold2_room1_mix1245,65,6,0,58,-2,1.81
fold2_room1_mix1245,66,6,0,71,-6,1.61
fold2_room1_mix1245,67,6,0,75,-3,1.64
fold2_room1_mix1245,68,6,0,83,-6,1.86
fold2_room1_mix1245,69,6,0,106,-7,1.81
fold2_room1_mix1245,70,6,0,120,-7,1.97
fold2_room1_mix1245,71,6,0,123,-4,1.98
fold2_room1_mix1245,72,6,0,132,-3,2.30
fold2_room1_mix1245,73,6,0,138,-2,2.39
fold2_room1_mix1245,74,6,0,143,-2,2.56
fold2_room1_mix1245,75,6,0,146,-1,2.62
fold2_room1_mix1245,76,6,0,153,-2,1.51
fold2_room1_mix1245,77,6,0,155,-2,1.04
fold2_room1_mix1245,79,6,0,153,-1,3.54
fold2_room1_mix1247,1,6,0,22,1,1.57
fold2_room1_mix1247,2,6,0,33,0,2.92
fold2_room1_mix1247,3,6,0,26,0,3.46
fold2_room1_mix1247,4,6,0,30,0,3.46
fold2_room1_mix1247,5,6,0,26,0,3.89
fold2_room1_mix1247,6,6,0,27,0,4.42
fold2_room1_mix1247,7,6,0,27,0,4.03
fold2_room1_mix1247,8,6,0,32,0,3.66
fold2_room1_mix1247,9,6,0,31,0,3.64
fold2_room1_mix1247,10,6,0,32,0,3.52
fold2_room1_mix1247,11,6,0,31,-1,3.53
fold2_room1_mix1247,12,6,0,31,0,3.46
fold2_room1_mix1247,13,6,0,30,-1,3.70
fold2_room1_mix1247,14,6,0,32,-1,3.53
fold2_room1_mix1247,15,6,0,32,-1,3.33
fold2_room1_mix1247,16,6,0,32,-1,3.70
fold2_room1_mix1247,17,6,0,33,-1,3.40
fold2_room1_mix1247,18,6,0,36,-1,3.18
fold2_room1_mix1247,19,6,0,35,-1,3.15
fold2_room1_mix1247,20,6,0,38,0,2.93
fold2_room1_mix1247,21,6,0,40,-1,2.82
fold2_room1_mix1247,22,6,0,39,-1,2.94
fold2_room1_mix1247,23,6,0,40,-1,2.72
fold2_room1_mix1247,24,6,0,44,-1,2.54
fold2_room1_mix1247,25,6,0,44,0,2.51
fold2_room1_mix1247,26,6,0,48,-1,2.33
fold2_room1_mix1247,27,6,0,49,-1,2.23
fold2_room1_mix1247,28,6,0,54,0,2.10
fold2_room1_mix1247,29,6,0,56,0,2.14
fold2_room1_mix1247,30,6,0,60,0,2.08
fold2_room1_mix1247,31,6,0,60,0,2.17
fold2_room1_mix1247,32,6,0,63,0,2.08
fold2_room1_mix1247,33,6,0,67,0,2.05
fold2_room1_mix1247,34,6,0,69,0,1.87
fold2_room1_mix1247,35,6,0,73,0,1.80
fold2_room1_mix1247,36,6,0,75,0,1.71
fold2_room1_mix1247,37,6,0,78,0,1.77
fold2_room1_mix1247,38,6,0,83,0,1.70
fold2_room1_mix1247,39,6,0,87,0,1.69
fold2_room1_mix1247,40,6,0,88,0,1.73
fold2_room1_mix1247,41,6,0,92,0,1.82
fold2_room1_mix1247,42,6,0,95,0,1.86
fold2_room1_mix1247,43,6,0,98,0,1.88
fold2_room1_mix1247,44,6,0,103,0,1.94
fold2_room1_mix1247,45,6,0,110,0,1.95
fold2_room1_mix1247,46,6,0,113,0,2.02
fold2_room1_mix1247,47,6,0,117,0,2.11
fold2_room1_mix1247,48,6,0,120,0,2.19
fold2_room1_mix1247,49,6,0,123,-1,2.25
fold2_room1_mix1247,50,6,0,125,-1,2.16
fold2_room1_mix1247,51,6,0,126,-1,2.17
fold2_room1_mix1247,52,6,0,130,-1,2.25
fold2_room1_mix1247,53,6,0,131,-1,2.38
fold2_room1_mix1247,54,6,0,135,-2,2.46
fold2_room1_mix1247,55,6,0,133,-1,2.43
fold2_room1_mix1247,56,6,0,137,-1,2.60
fold2_room1_mix1247,57,6,0,139,-1,2.59
fold2_room1_mix1247,58,6,0,140,-1,2.72
fold2_room1_mix1247,59,6,0,143,-1,2.81
fold2_room1_mix1247,60,6,0,144,-1,3.09
fold2_room1_mix1247,61,6,0,143,-1,2.96
fold2_room1_mix1247,62,6,0,145,-1,3.03
fold2_room1_mix1247,63,6,0,144,-1,2.91
fold2_room1_mix1247,64,6,0,146,-2,2.93
fold2_room1_mix1247,65,6,0,147,-1,3.16
fold2_room1_mix1247,66,6,0,148,-1,3.06
fold2_room1_mix1247,67,6,0,148,-1,3.14
fold2_room1_mix1247,68,6,0,148,-1,3.26
fold2_room1_mix1247,69,6,0,149,-1,3.22
fold2_room1_mix1247,70,6,0,150,-1,3.27
fold2_room1_mix1247,71,6,0,151,-1,3.49
fold2_room1_mix1247,72,6,0,152,-1,3.63
fold2_room1_mix1247,73,6,0,152,-1,3.73
fold2_room1_mix1247,74,6,0,155,-1,3.99
fold2_room1_mix1247,75,6,0,154,-1,3.92
fold2_room1_mix1247,76,6,0,154,-1,3.86
fold2_room1_mix1247,77,6,0,156,-1,3.95
fold2_room1_mix1247,78,6,0,157,-1,4.30
fold2_room1_mix1247,79,6,0,156,-1,4.23
fold2_room1_mix1247,80,6,0,156,-1,4.22
fold2_room1_mix1247,81,6,0,158,-1,4.11
fold2_room1_mix1247,82,6,0,159,-1,4.48
fold2_room1_mix1247,83,6,0,158,-1,4.62
fold2_room1_mix1247,84,6,0,159,-1,4.60
fold2_room1_mix1247,85,6,0,160,-1,4.75
fold2_room1_mix1247,86,6,0,158,-1,4.88
fold2_room1_mix1247,87,6,0,158,-1,4.86
fold2_room1_mix1247,88,6,0,159,-1,4.96
fold2_room1_mix1247,89,6,0,159,-1,4.88
fold2_room1_mix1247,90,6,0,161,-1,5.04
fold2_room1_mix1247,91,6,0,163,-1,5.12
fold2_room1_mix1247,92,6,0,163,-1,4.91
fold2_room1_mix1247,93,6,0,162,-1,4.92
fold2_room1_mix1247,94,6,0,163,-1,5.15
fold2_room1_mix1247,95,6,0,164,-1,4.45
fold2_room1_mix1247,96,6,0,163,-2,3.58
fold2_room1_mix1247,97,6,0,164,-2,4.49
fold2_room1_mix1247,98,6,0,163,-2,3.21
fold2_room1_mix1247,99,6,0,164,-2,3.13
fold2_room1_mix1249,40,6,0,-157,-3,2.52
fold2_room1_mix1249,41,6,0,-152,-3,2.56
fold2_room1_mix1249,42,6,0,-151,-3,2.33
fold2_room1_mix1249,43,6,0,-146,-4,2.51
fold2_room1_mix1249,44,6,0,-143,-4,2.71
fold2_room1_mix1249,45,6,0,-136,-5,2.57
fold2_room1_mix1249,46,6,0,-130,-4,2.44
fold2_room1_mix1249,47,6,0,-121,-6,2.43
fold2_room1_mix1249,48,6,0,-97,-6,1.93
fold2_room1_mix1249,49,6,0,-87,-6,1.85
fold2_room1_mix1249,50,6,0,-76,-7,1.86
fold2_room1_mix1249,51,6,0,-67,-5,1.92
fold2_room1_mix1249,52,6,0,-57,-4,2.11
fold2_room1_mix1249,53,6,0,-48,-4,2.36
fold2_room1_mix1249,54,6,0,-43,-3,2.35
fold2_room1_mix1249,55,6,0,-39,-3,2.69
fold2_room1_mix1249,56,6,0,-35,-3,2.80
fold2_room1_mix1249,57,6,0,-36,-2,1.36
fold2_room1_mix1249,58,6,0,-33,-2,1.36
fold2_room1_mix1250,22,6,0,-161,-3,2.18
fold2_room1_mix1250,26,6,0,-163,-2,3.62
fold2_room1_mix1250,28,6,0,-171,-3,1.94
fold2_room1_mix1250,29,6,0,-170,-3,1.84
fold2_room1_mix1250,30,6,0,-162,-2,4.62
fold2_room1_mix1250,31,6,0,-162,-3,3.76
fold2_room1_mix1250,32,6,0,-161,-2,3.63
fold2_room1_mix1250,33,6,0,-158,-2,4.12
fold2_room1_mix1250,34,6,0,-158,-2,4.63
fold2_room1_mix1250,35,6,0,-157,-2,4.42
fold2_room1_mix1250,36,6,0,-160,-2,4.27
fold2_room1_mix1250,37,6,0,-156,-2,4.01
fold2_room1_mix1250,38,6,0,-158,-2,4.29
fold2_room1_mix1250,39,6,0,-159,-2,4.40
fold2_room1_mix1250,40,6,0,-154,-2,3.96
fold2_room1_mix1250,41,6,0,-154,-2,3.93
fold2_room1_mix1250,42,6,0,-153,-2,3.85
fold2_room1_mix1250,43,6,0,-150,-2,3.53
fold2_room1_mix1250,44,6,0,-149,-2,3.21
fold2_room1_mix1250,45,6,0,-147,-2,3.12
fold2_room1_mix1250,46,6,0,-146,-2,2.98
fold2_room1_mix1250,47,6,0,-145,-2,2.93
fold2_room1_mix1250,48,6,0,-145,-2,2.94
fold2_room1_mix1250,49,6,0,-142,-2,2.93
fold2_room1_mix1250,50,6,0,-135,-2,2.65
fold2_room1_mix1250,51,6,0,-132,-3,2.41
fold2_room1_mix1250,52,6,0,-131,-3,2.34
fold2_room1_mix1250,53,6,0,-124,-3,2.17
fold2_room1_mix1250,54,6,0,-122,-3,2.20
fold2_room1_mix1250,55,6,0,-112,-3,1.99
fold2_room1_mix1250,56,6,0,-107,-2,1.79
fold2_room1_mix1250,57,6,0,-95,-3,1.69
fold2_room1_mix1250,58,6,0,-92,-2,1.72
fold2_room1_mix1250,59,6,0,-83,-2,1.82
fold2_room1_mix1250,60,6,0,-77,-2,1.82
fold2_room1_mix1250,61,6,0,-73,-2,1.81
fold2_room1_mix1250,62,6,0,-66,-2,1.87
fold2_room1_mix1250,63,6,0,-61,-1,1.86
fold2_room1_mix1250,64,6,0,-58,-1,1.94
fold2_room1_mix1250,65,6,0,-54,-2,2.12
fold2_room1_mix1250,66,6,0,-51,-1,2.17
fold2_room1_mix1250,67,6,0,-46,-1,2.41
fold2_room1_mix1250,68,6,0,-41,-1,2.44
fold2_room1_mix1250,69,6,0,-40,-1,2.54
fold2_room1_mix1250,70,6,0,-36,0,2.70
fold2_room1_mix1250,71,6,0,-35,0,2.78
fold2_room1_mix1250,72,6,0,-32,0,2.92
fold2_room1_mix1250,73,6,0,-30,0,3.18
fold2_room1_mix1250,74,6,0,-26,0,3.31
fold2_room1_mix1250,75,6,0,-25,0,3.59
fold2_room1_mix1250,76,6,0,-25,0,3.60
fold2_room1_mix1250,77,6,0,-25,0,3.48
fold2_room1_mix1250,78,6,0,-24,0,3.80
fold2_room1_mix1250,79,6,0,-26,0,3.29
fold2_room1_mix1250,80,6,0,-23,0,3.83
fold2_room1_mix1250,81,6,0,-21,0,4.43
fold2_room1_mix1250,82,6,0,-20,0,4.32
fold2_room1_mix1250,83,6,0,-19,0,4.44
fold2_room1_mix1250,84,6,0,-19,0,4.76
fold2_room1_mix1250,85,6,0,-20,0,4.52
fold2_room1_mix1250,86,6,0,-19,-1,3.79
fold2_room1_mix1250,87,6,0,-29,-1,2.21
fold2_room1_mix1250,88,6,0,-21,0,2.01
fold2_room1_mix1250,89,6,0,-26,-1,2.12
fold2_room1_mix1251,47,6,0,-105,-3,0.71
fold2_room1_mix1251,48,6,0,-95,-4,0.93
fold2_room1_mix1251,49,6,0,-94,-3,0.79
fold2_room1_mix1251,50,6,0,-86,-3,1.32
fold2_room1_mix1251,51,6,0,-78,-3,1.38
fold2_room1_mix1251,52,6,0,-83,-1,0.68
fold2_room1_mix1251,54,6,0,-62,-2,1.24
fold2_room1_mix1252,10,6,0,-18,-3,4.64
fold2_room1_mix1252,11,6,0,-10,-2,5.69
fold2_room1_mix1252,12,6,0,-8,-2,6.12
fold2_room1_mix1252,13,6,0,-2,-2,4.67
fold2_room1_mix1252,14,6,0,-2,-2,7.80
fold2_room1_mix1252,15,6,0,1,-2,7.59
fold2_room1_mix1252,16,6,0,0,-1,8.50
fold2_room1_mix1252,17,6,0,-2,-2,8.35
fold2_room1_mix1252,18,6,0,0,-2,8.14
fold2_room1_mix1252,19,6,0,1,-2,7.81
fold2_room1_mix1252,20,6,0,2,-2,7.53
fold2_room1_mix1252,21,6,0,1,-2,3.30
fold2_room1_mix1252,25,6,0,12,-2,6.01
fold2_room1_mix1252,26,6,0,11,-1,6.92
fold2_room1_mix1252,27,6,0,15,-2,5.60
fold2_room1_mix1252,28,6,0,16,-2,6.35
fold2_room1_mix1252,29,6,0,10,-1,6.34
fold2_room1_mix1252,30,6,0,12,-1,6.45
fold2_room1_mix1252,31,6,0,13,-1,6.22
fold2_room1_mix1252,32,6,0,17,-1,5.52
fold2_room1_mix1252,33,6,0,18,-1,5.61
fold2_room1_mix1252,34,6,0,19,-1,5.24
fold2_room1_mix1252,35,6,0,21,-1,5.20
fold2_room1_mix1252,36,6,0,23,-1,4.45
fold2_room1_mix1252,37,6,0,23,-1,4.31
fold2_room1_mix1252,38,6,0,23,-1,4.43
fold2_room1_mix1252,39,6,0,24,-1,4.18
fold2_room1_mix1252,40,6,0,27,-1,4.00
fold2_room1_mix1252,41,6,0,29,-1,3.67
fold2_room1_mix1252,42,6,0,30,-1,3.68
fold2_room1_mix1252,43,6,0,33,-1,3.20
fold2_room1_mix1252,44,6,0,32,-1,3.29
fold2_room1_mix1252,45,6,0,35,-1,2.79
fold2_room1_mix1252,46,6,0,39,-1,2.78
fold2_room1_mix1252,47,6,0,44,-1,2.50
fold2_room1_mix1252,48,6,0,49,0,2.30
fold2_room1_mix1252,49,6,0,54,-1,2.10
fold2_room1_mix1252,50,6,0,60,0,1.94
fold2_room1_mix1252,51,6,0,66,0,1.73
fold2_room1_mix1252,52,6,0,71,1,1.71
fold2_room1_mix1252,53,6,0,80,1,1.59
fold2_room1_mix1252,54,6,0,85,2,1.50
fold2_room1_mix1252,55,6,0,88,1,1.61
fold2_room1_mix1252,56,6,0,97,1,1.74
fold2_room1_mix1252,57,6,0,108,1,1.90
fold2_room1_mix1252,58,6,0,116,1,2.03
fold2_room1_mix1252,59,6,0,121,0,2.26
fold2_room1_mix1252,60,6,0,125,1,2.20
fold2_room1_mix1252,61,6,0,129,0,2.32
fold2_room1_mix1252,62,6,0,132,0,2.37
fold2_room1_mix1252,63,6,0,135,0,2.42
fold2_room1_mix1252,64,6,0,140,0,2.58
fold2_room1_mix1252,65,6,0,142,-1,2.44
fold2_room1_mix1252,66,6,0,144,-1,2.77
fold2_room1_mix1252,67,6,0,147,-1,2.90
fold2_room1_mix1252,68,6,0,148,0,3.14
fold2_room1_mix1252,69,6,0,151,0,3.66
fold2_room1_mix1252,70,6,0,152,0,3.81
fold2_room1_mix1252,71,6,0,154,0,3.96
fold2_room1_mix1252,72,6,0,155,0,4.14
fold2_room1_mix1252,73,6,0,157,0,4.62
fold2_room1_mix1252,74,6,0,158,0,4.86
fold2_room1_mix1252,75,6,0,158,0,4.99
fold2_room1_mix1252,76,6,0,158,0,4.62
fold2_room1_mix1252,77,6,0,159,0,5.16
fold2_room1_mix1252,78,6,0,160,0,5.46
fold2_room1_mix1252,79,6,0,160,0,5.62
fold2_room1_mix1252,80,6,0,162,0,5.89
fold2_room1_mix1252,81,6,0,162,0,5.72
fold2_room1_mix1252,82,6,0,164,0,6.18
fold2_room1_mix1252,83,6,0,165,0,6.68
fold2_room1_mix1252,84,6,0,165,0,5.64
fold2_room1_mix1252,85,6,0,166,-1,5.79
fold2_room1_mix1252,86,6,0,164,-1,6.08
fold2_room1_mix1252,87,6,0,164,-1,5.73
fold2_room1_mix1252,88,6,0,165,0,6.48
fold2_room1_mix1252,89,6,0,165,-1,6.61
fold2_room1_mix1252,90,6,0,166,0,6.96
fold2_room1_mix1252,91,6,0,167,0,7.34
fold2_room1_mix1252,92,6,0,167,0,7.51
fold2_room1_mix1252,93,6,0,165,-1,6.77
fold2_room1_mix1252,94,6,0,165,0,7.15
fold2_room1_mix1252,95,6,0,164,0,6.65
fold2_room1_mix1252,96,6,0,166,-1,7.23
fold2_room1_mix1252,97,6,0,166,-1,6.74
fold2_room1_mix1252,98,6,0,167,-1,7.00
fold2_room1_mix1252,99,6,0,169,-1,6.82
fold2_room1_mix1253,23,6,0,153,-4,1.06
fold2_room1_mix1253,25,6,0,151,-4,1.14
fold2_room1_mix1253,28,6,0,130,-4,0.93
fold2_room1_mix1253,29,6,0,112,0,0.88
fold2_room1_mix1253,30,6,0,108,0,0.80
fold2_room1_mix1253,31,6,0,100,1,0.74
fold2_room1_mix1253,32,6,0,96,2,0.33
fold2_room1_mix1253,33,6,0,74,2,1.11
fold2_room1_mix1253,34,6,0,68,1,1.22
fold2_room1_mix1253,35,6,0,56,0,1.21
fold2_room1_mix1255,65,6,0,138,-5,0.99
fold2_room1_mix1255,66,6,0,110,-5,1.38
fold2_room1_mix1255,67,6,0,88,-7,1.67
fold2_room1_mix1255,68,6,0,76,-5,1.54
fold2_room1_mix1255,69,6,0,63,-3,1.91
fold2_room1_mix1255,70,6,0,56,-3,2.27
fold2_room1_mix1255,71,6,0,60,-2,1.09
fold2_room1_mix1255,72,6,0,39,-2,1.16
fold2_room1_mix1257,34,6,0,-78,-2,0.49
fold2_room1_mix1257,35,6,0,-93,-5,0.80
fold2_room1_mix1257,36,6,0,-106,-3,0.82
fold2_room1_mix1257,37,6,0,-131,-4,0.65
fold2_room1_mix1258,44,6,0,158,-3,1.87
fold2_room1_mix1258,45,6,0,153,-2,2.26
fold2_room1_mix1258,46,6,0,150,-2,2.84
fold2_room1_mix1258,47,6,0,148,-3,2.67
fold2_room1_mix1258,48,6,0,142,-3,2.59
fold2_room1_mix1258,49,6,0,139,-2,2.37
fold2_room1_mix1258,50,6,0,138,-3,2.33
fold2_room1_mix1258,51,6,0,135,-3,2.19
fold2_room1_mix1258,52,6,0,133,-3,2.19
fold2_room1_mix1258,53,6,0,124,-2,1.97
fold2_room1_mix1258,54,6,0,114,-2,1.68
fold2_room1_mix1258,55,6,0,109,-2,1.53
fold2_room1_mix1258,56,6,0,93,-2,1.50
fold2_room1_mix1258,57,6,0,85,-1,1.50
fold2_room1_mix1258,58,6,0,78,0,1.38
fold2_room1_mix1258,59,6,0,74,0,1.50
fold2_room1_mix1258,60,6,0,68,0,1.60
fold2_room1_mix1258,61,6,0,61,0,1.75
fold2_room1_mix1258,62,6,0,56,0,1.75
fold2_room1_mix1258,63,6,0,52,0,1.77
fold2_room1_mix1258,64,6,0,47,-1,2.10
fold2_room1_mix1258,65,6,0,45,0,2.10
fold2_room1_mix1258,66,6,0,42,0,2.26
fold2_room1_mix1258,67,6,0,38,0,2.13
fold2_room1_mix1258,68,6,0,37,0,2.48
fold2_room1_mix1258,69,6,0,35,-1,2.35
fold2_room1_mix1258,70,6,0,35,0,2.36
fold2_room1_mix1259,64,6,0,165,-3,1.85
fold2_room1_mix1259,65,6,0,165,-2,1.62
fold2_room1_mix1259,66,6,0,159,-2,2.25
fold2_room1_mix1259,67,6,0,156,-2,2.25
fold2_room1_mix1259,68,6,0,152,-2,2.35
fold2_room1_mix1259,69,6,0,149,-2,2.42
fold2_room1_mix1259,70,6,0,148,0,2.31
fold2_room1_mix1259,71,6,0,133,0,1.88
fold2_room1_mix1259,72,6,0,111,0,1.49
fold2_room1_mix1259,73,6,0,86,0,1.27
fold2_room1_mix1259,74,6,0,67,1,1.25
fold2_room1_mix1259,75,6,0,52,1,1.52
fold2_room1_mix1259,76,6,0,47,1,1.70
fold2_room1_mix1259,77,6,0,34,2,2.25
fold2_room1_mix1259,78,6,0,31,1,2.39
fold2_room1_mix1259,79,6,0,27,1,2.59
fold2_room1_mix1259,80,6,0,22,0,2.79
fold2_room1_mix1259,81,6,0,25,1,1.35
fold2_room1_mix1262,56,6,0,-79,-1,0.76
fold2_room1_mix1262,57,6,0,-87,-1,0.81
fold2_room1_mix1262,58,6,0,-93,-1,0.82
fold2_room1_mix1262,59,6,0,-105,-3,1.11
fold2_room1_mix1262,60,6,0,-118,-3,1.10
fold2_room1_mix1262,61,6,0,-124,-2,0.74
fold2_room1_mix1262,62,6,0,-131,-3,0.78
fold2_room1_mix1263,36,6,0,52,-4,1.06
fold2_room1_mix1263,37,6,0,52,-2,1.82
fold2_room1_mix1263,38,6,0,59,-3,1.22
fold2_room1_mix1263,39,6,0,55,-3,2.29
fold2_room1_mix1263,40,6,0,60,-2,1.88
fold2_room1_mix1263,41,6,0,63,-3,2.04
fold2_room1_mix1263,42,6,0,66,-2,1.78
fold2_room1_mix1263,43,6,0,69,-2,1.78
fold2_room1_mix1263,44,6,0,74,-5,1.89
fold2_room1_mix1263,45,6,0,83,-5,1.79
fold2_room1_mix1263,46,6,0,90,-3,1.83
fold2_room1_mix1263,47,6,0,95,-4,1.75
fold2_room1_mix1263,48,6,0,100,-2,1.92
fold2_room1_mix1263,49,6,0,109,-3,1.88
fold2_room1_mix1263,50,6,0,115,-2,1.76
fold2_room1_mix1263,51,6,0,113,-2,1.34
fold2_room1_mix1263,52,6,0,119,-4,2.03
fold2_room1_mix1263,53,6,0,125,-3,2.03
fold2_room1_mix1263,54,6,0,131,-3,2.08
fold2_room1_mix1263,55,6,0,134,-3,1.99
fold2_room1_mix1263,56,6,0,137,-2,2.12
fold2_room1_mix1263,57,6,0,138,-3,1.62
fold2_room1_mix1266,2,6,0,70,4,0.60
fold2_room1_mix1266,3,6,0,71,1,0.92
fold2_room1_mix1266,4,6,0,59,0,1.85
fold2_room1_mix1266,5,6,0,71,0,1.01
fold2_room1_mix1266,6,6,0,69,1,1.73
fold2_room1_mix1266,8,6,0,75,2,1.48
fold2_room1_mix1266,9,6,0,82,1,1.31
fold2_room1_mix1266,10,6,0,76,0,1.94
fold2_room1_mix1266,11,6,0,79,0,1.71
fold2_room1_mix1266,12,6,0,83,0,1.70
fold2_room1_mix1266,13,6,0,86,0,1.54
fold2_room1_mix1266,14,6,0,85,0,1.64
fold2_room1_mix1266,15,6,0,88,0,1.60
fold2_room1_mix1266,16,6,0,95,0,1.85
fold2_room1_mix1266,17,6,0,100,0,1.56
fold2_room1_mix1266,18,6,0,101,0,1.58
fold2_room1_mix1266,19,6,0,101,-1,0.98
fold2_room1_mix1266,20,6,0,110,0,0.90
fold2_room1_mix1266,22,6,0,114,-1,1.43
fold2_room1_mix1266,23,6,0,118,0,1.00
fold2_room1_mix1266,26,6,0,130,-1,1.14
fold2_room1_mix1268,24,6,0,-178,-3,1.31
fold2_room1_mix1268,25,6,0,-178,-2,2.74
fold2_room1_mix1268,26,6,0,-178,-2,4.17
fold2_room1_mix1268,27,6,0,-179,-2,2.93
fold2_room1_mix1268,28,6,0,-173,-2,4.77
fold2_room1_mix1268,29,6,0,-172,-2,5.41
fold2_room1_mix1268,30,6,0,-168,-2,5.46
fold2_room1_mix1268,31,6,0,-167,-2,5.25
fold2_room1_mix1268,32,6,0,-168,-2,5.44
fold2_room1_mix1268,33,6,0,-171,-2,5.72
fold2_room1_mix1268,34,6,0,-170,-2,5.77
fold2_room1_mix1268,35,6,0,-168,-2,6.04
fold2_room1_mix1268,36,6,0,-172,-2,5.80
fold2_room1_mix1268,37,6,0,-169,-2,5.96
fold2_room1_mix1268,38,6,0,-171,-1,5.88
fold2_room1_mix1268,39,6,0,-168,-2,5.67
fold2_room1_mix1268,40,6,0,-171,-1,5.45
fold2_room1_mix1268,41,6,0,-167,-2,5.84
fold2_room1_mix1268,42,6,0,-167,-1,5.51
fold2_room1_mix1268,43,6,0,-166,-2,5.44
fold2_room1_mix1268,44,6,0,-169,-2,5.40
fold2_room1_mix1268,45,6,0,-166,-2,5.00
fold2_room1_mix1268,46,6,0,-168,-2,5.27
fold2_room1_mix1268,47,6,0,-166,-2,4.55
fold2_room1_mix1268,48,6,0,-165,-2,4.58
fold2_room1_mix1268,49,6,0,-162,-2,4.21
fold2_room1_mix1268,50,6,0,-163,-2,3.88
fold2_room1_mix1268,51,6,0,-157,-2,3.54
fold2_room1_mix1268,52,6,0,-157,-2,3.55
fold2_room1_mix1268,53,6,0,-152,-2,3.08
fold2_room1_mix1268,54,6,0,-147,-3,2.67
fold2_room1_mix1268,55,6,0,-144,-3,2.37
fold2_room1_mix1268,56,6,0,-141,-4,2.23
fold2_room1_mix1268,57,6,0,-136,-3,1.97
fold2_room1_mix1268,58,6,0,-130,-4,1.67
fold2_room1_mix1268,59,6,0,-122,-3,1.61
fold2_room1_mix1268,60,6,0,-114,-3,1.53
fold2_room1_mix1268,61,6,0,-99,-2,1.34
fold2_room1_mix1268,62,6,0,-88,-1,1.32
fold2_room1_mix1268,63,6,0,-74,-1,1.29
fold2_room1_mix1268,64,6,0,-65,0,1.32
fold2_room1_mix1268,65,6,0,-55,0,1.53
fold2_room1_mix1268,66,6,0,-50,0,1.55
fold2_room1_mix1268,67,6,0,-42,0,1.85
fold2_room1_mix1268,68,6,0,-35,0,2.00
fold2_room1_mix1268,69,6,0,-31,0,2.18
fold2_room1_mix1268,70,6,0,-27,0,2.67
fold2_room1_mix1268,71,6,0,-26,0,2.54
fold2_room1_mix1268,72,6,0,-22,0,3.06
fold2_room1_mix1268,73,6,0,-21,0,3.25
fold2_room1_mix1268,74,6,0,-20,0,3.46
fold2_room1_mix1268,75,6,0,-18,0,3.64
fold2_room1_mix1268,76,6,0,-18,0,3.72
fold2_room1_mix1268,77,6,0,-18,0,3.89
fold2_room1_mix1268,78,6,0,-16,0,4.09
fold2_room1_mix1268,79,6,0,-15,0,4.16
fold2_room1_mix1268,80,6,0,-15,0,4.60
fold2_room1_mix1268,81,6,0,-13,0,5.35
fold2_room1_mix1268,82,6,0,-12,0,5.03
fold2_room1_mix1268,83,6,0,-12,0,5.71
fold2_room1_mix1268,84,6,0,-11,0,5.55
fold2_room1_mix1268,85,6,0,-11,0,5.52
fold2_room1_mix1268,86,6,0,-9,0,6.44
fold2_room1_mix1268,87,6,0,-9,0,5.96
fold2_room1_mix1268,88,6,0,-10,0,6.64
fold2_room1_mix1268,89,6,0,-11,0,6.45
fold2_room1_mix1268,90,6,0,-8,0,6.85
fold2_room1_mix1268,91,6,0,-8,0,7.21
fold2_room1_mix1268,92,6,0,-8,0,7.18
fold2_room1_mix1268,93,6,0,-7,0,7.31
fold2_room1_mix1268,94,6,0,-8,0,7.59
fold2_room1_mix1268,95,6,0,-9,0,6.18
fold2_room1_mix1268,96,6,0,-8,0,6.61
fold2_room1_mix1268,97,6,0,-7,0,6.96
fold2_room1_mix1268,98,6,0,-8,0,3.35
fold2_room1_mix1269,61,6,0,-164,-5,0.85
fold2_room1_mix1269,63,6,0,-155,-5,2.09
fold2_room1_mix1269,64,6,0,-149,-6,1.59
fold2_room1_mix1269,65,6,0,-145,-7,2.14
fold2_room1_mix1269,66,6,0,-138,-5,1.79
fold2_room1_mix1269,67,6,0,-128,-6,1.84
fold2_room1_mix1269,68,6,0,-119,-5,1.73
fold2_room1_mix1269,69,6,0,-108,-5,1.74
fold2_room1_mix1269,70,6,0,-95,-4,1.59
fold2_room1_mix1269,71,6,0,-83,-5,1.54
fold2_room1_mix1269,72,6,0,-73,-3,1.66
fold2_room1_mix1269,73,6,0,-63,-3,1.73
fold2_room1_mix1269,74,6,0,-60,-2,1.28
fold2_room1_mix1269,75,6,0,-46,-3,1.95
fold2_room1_mix1269,77,6,0,-38,-3,0.98
fold2_room1_mix1272,44,6,0,-13,-2,4.42
fold2_room1_mix1272,45,6,0,-15,-2,4.88
fold2_room1_mix1272,46,6,0,-18,-1,5.06
fold2_room1_mix1272,47,6,0,-13,-2,5.46
fold2_room1_mix1272,48,6,0,-14,-1,5.35
fold2_room1_mix1272,49,6,0,-12,-1,5.10
fold2_room1_mix1272,50,6,0,-16,-1,4.45
fold2_room1_mix1272,51,6,0,-16,-1,4.43
fold2_room1_mix1272,52,6,0,-20,-2,3.79
fold2_room1_mix1272,53,6,0,-18,-1,3.54
fold2_room1_mix1272,54,6,0,-26,-1,3.01
fold2_room1_mix1272,55,6,0,-35,-1,2.27
fold2_room1_mix1272,56,6,0,-46,-1,1.75
fold2_room1_mix1272,57,6,0,-57,-1,1.37
fold2_room1_mix1272,58,6,0,-74,0,1.09
fold2_room1_mix1272,59,6,0,-106,-1,1.20
fold2_room1_mix1272,60,6,0,-125,-1,1.29
fold2_room1_mix1272,61,6,0,-138,-1,1.59
fold2_room1_mix1272,62,6,0,-147,0,2.13
fold2_room1_mix1272,63,6,0,-152,-1,2.54
fold2_room1_mix1272,64,6,0,-156,-1,2.89
fold2_room1_mix1272,65,6,0,-160,0,3.14
fold2_room1_mix1272,66,6,0,-160,0,3.64
fold2_room1_mix1272,67,6,0,-163,0,3.54
fold2_room1_mix1272,68,6,0,-165,0,3.96
fold2_room1_mix1272,69,6,0,-165,0,4.27
fold2_room1_mix1272,70,6,0,-166,0,4.64
fold2_room1_mix1272,71,6,0,-166,0,4.95
fold2_room1_mix1272,72,6,0,-167,0,5.59
fold2_room1_mix1272,73,6,0,-171,0,1.63
fold2_room1_mix1272,75,6,0,-170,0,2.36
fold2_room1_mix1272,77,6,0,-170,0,2.92
fold2_room1_mix1272,78,6,0,-170,0,6.07
fold2_room1_mix1272,79,6,0,-171,0,4.41
fold2_room1_mix1273,7,6,0,-176,-2,3.10
fold2_room1_mix1273,8,6,0,-178,-3,3.61
fold2_room1_mix1273,9,6,0,-170,-2,4.91
fold2_room1_mix1273,10,6,0,-169,-2,5.56
fold2_room1_mix1273,11,6,0,-170,-3,5.30
fold2_room1_mix1273,12,6,0,-170,-3,5.22
fold2_room1_mix1273,13,6,0,-172,-3,5.51
fold2_room1_mix1273,14,6,0,-169,-2,5.67
fold2_room1_mix1273,15,6,0,-168,-2,5.43
fold2_room1_mix1273,16,6,0,-166,-2,5.63
fold2_room1_mix1273,17,6,0,-167,-2,5.07
fold2_room1_mix1273,18,6,0,-169,-2,5.33
fold2_room1_mix1273,19,6,0,-165,-2,4.85
fold2_room1_mix1273,20,6,0,-166,-2,4.76
fold2_room1_mix1273,21,6,0,-167,-2,4.87
fold2_room1_mix1273,22,6,0,-166,-2,4.28
fold2_room1_mix1273,23,6,0,-165,-2,4.30
fold2_room1_mix1273,24,6,0,-163,-2,3.96
fold2_room1_mix1273,25,6,0,-164,-2,3.88
fold2_room1_mix1273,26,6,0,-163,-2,3.58
fold2_room1_mix1273,27,6,0,-161,-3,3.44
fold2_room1_mix1273,28,6,0,-164,-4,3.05
fold2_room1_mix1273,29,6,0,-162,-3,3.24
fold2_room1_mix1273,30,6,0,-159,-3,2.98
fold2_room1_mix1273,31,6,0,-154,-4,2.67
fold2_room1_mix1273,32,6,0,-154,-4,2.71
fold2_room1_mix1273,33,6,0,-144,-5,2.15
fold2_room1_mix1273,34,6,0,-143,-4,2.10
fold2_room1_mix1273,35,6,0,-135,-5,1.73
fold2_room1_mix1273,36,6,0,-127,-2,1.41
fold2_room1_mix1273,37,6,0,-118,-1,1.25
fold2_room1_mix1273,38,6,0,-105,-2,1.11
fold2_room1_mix1273,39,6,0,-93,-1,1.09
fold2_room1_mix1273,40,6,0,-74,0,1.13
fold2_room1_mix1273,41,6,0,-62,0,1.18
fold2_room1_mix1273,42,6,0,-52,0,1.36
fold2_room1_mix1273,43,6,0,-48,0,1.53
fold2_room1_mix1273,44,6,0,-41,0,1.66
fold2_room1_mix1273,45,6,0,-32,0,2.00
fold2_room1_mix1273,46,6,0,-28,0,2.17
fold2_room1_mix1273,47,6,0,-29,0,2.16
fold2_room1_mix1273,48,6,0,-23,0,2.50
fold2_room1_mix1273,49,6,0,-20,0,2.90
fold2_room1_mix1273,50,6,0,-18,0,3.10
fold2_room1_mix1273,51,6,0,-17,0,3.37
fold2_room1_mix1273,52,6,0,-15,0,3.50
fold2_room1_mix1273,53,6,0,-16,0,3.58
fold2_room1_mix1273,54,6,0,-13,0,4.04
fold2_room1_mix1273,55,6,0,-15,0,3.89
fold2_room1_mix1273,56,6,0,-13,0,4.28
fold2_room1_mix1273,57,6,0,-13,0,4.02
fold2_room1_mix1273,58,6,0,-12,0,4.25
fold2_room1_mix1273,59,6,0,-12,0,4.19
fold2_room1_mix1273,60,6,0,-10,0,4.05
fold2_room1_mix1273,61,6,0,-9,0,4.78
fold2_room1_mix1273,62,6,0,-9,0,5.07
fold2_room1_mix1273,63,6,0,-8,0,5.89
fold2_room1_mix1273,64,6,0,-7,0,6.21
fold2_room1_mix1273,65,6,0,-7,0,6.56
fold2_room1_mix1273,66,6,0,-7,0,6.30
fold2_room1_mix1273,67,6,0,-7,0,6.15
fold2_room1_mix1273,68,6,0,-6,0,6.55
fold2_room1_mix1273,69,6,0,-6,0,7.14
fold2_room1_mix1273,70,6,0,-6,0,6.44
fold2_room1_mix1273,72,6,0,-5,0,4.46
fold2_room1_mix1273,73,6,0,-5,0,3.65
fold2_room1_mix1274,0,6,0,166,-2,0.99
fold2_room1_mix1274,1,6,0,166,-1,1.18
fold2_room1_mix1274,2,6,0,160,-2,2.27
fold2_room1_mix1274,3,6,0,162,-2,2.91
fold2_room1_mix1274,4,6,0,158,-2,2.72
fold2_room1_mix1274,5,6,0,160,-2,2.99
fold2_room1_mix1274,6,6,0,156,-2,3.35
fold2_room1_mix1274,7,6,0,158,-2,3.05
fold2_room1_mix1274,8,6,0,157,-2,3.01
fold2_room1_mix1274,9,6,0,156,-2,2.98
fold2_room1_mix1274,10,6,0,156,-2,2.84
fold2_room1_mix1274,11,6,0,155,-2,2.91
fold2_room1_mix1274,12,6,0,156,-2,2.82
fold2_room1_mix1274,13,6,0,157,-1,2.99
fold2_room1_mix1274,14,6,0,155,-1,2.88
fold2_room1_mix1274,15,6,0,156,-1,2.82
fold2_room1_mix1274,16,6,0,155,-2,2.66
fold2_room1_mix1274,17,6,0,154,-2,2.66
fold2_room1_mix1274,18,6,0,154,-2,2.67
fold2_room1_mix1274,19,6,0,156,-2,2.50
fold2_room1_mix1274,20,6,0,154,-2,2.46
fold2_room1_mix1274,21,6,0,154,-3,2.29
fold2_room1_mix1274,22,6,0,152,-2,2.34
fold2_room1_mix1274,23,6,0,152,-2,2.30
fold2_room1_mix1274,24,6,0,153,-2,2.46
fold2_room1_mix1274,25,6,0,151,-2,2.25
fold2_room1_mix1274,26,6,0,152,-2,2.48
fold2_room1_mix1274,27,6,0,151,-2,2.36
fold2_room1_mix1274,28,6,0,151,-2,2.42
fold2_room1_mix1274,29,6,0,150,-2,2.30
fold2_room1_mix1274,30,6,0,149,-2,2.41
fold2_room1_mix1274,31,6,0,147,-2,2.08
fold2_room1_mix1274,32,6,0,145,-1,1.98
fold2_room1_mix1274,33,6,0,143,-2,1.81
fold2_room1_mix1274,34,6,0,142,-1,1.73
fold2_room1_mix1274,35,6,0,141,-1,1.70
fold2_room1_mix1274,36,6,0,139,-1,1.45
fold2_room1_mix1274,37,6,0,136,-1,1.46
fold2_room1_mix1274,38,6,0,136,0,1.49
fold2_room1_mix1274,39,6,0,133,0,1.46
fold2_room1_mix1274,40,6,0,130,0,1.39
fold2_room1_mix1274,41,6,0,126,0,1.19
fold2_room1_mix1274,42,6,0,123,0,1.15
fold2_room1_mix1274,43,6,0,117,1,1.04
fold2_room1_mix1274,44,6,0,110,2,0.91
fold2_room1_mix1274,45,6,0,106,3,0.88
fold2_room1_mix1274,46,6,0,99,3,0.89
fold2_room1_mix1274,47,6,0,95,4,0.86
fold2_room1_mix1274,48,6,0,90,4,0.87
fold2_room1_mix1274,49,6,0,87,4,0.87
fold2_room1_mix1274,50,6,0,82,4,0.89
fold2_room1_mix1274,51,6,0,78,4,0.90
fold2_room1_mix1274,52,6,0,73,4,0.93
fold2_room1_mix1274,53,6,0,66,4,0.98
fold2_room1_mix1274,54,6,0,65,4,0.96
fold2_room1_mix1274,55,6,0,61,4,1.03
fold2_room1_mix1274,56,6,0,58,4,1.08
fold2_room1_mix1274,57,6,0,55,3,1.14
fold2_room1_mix1274,58,6,0,53,3,1.22
fold2_room1_mix1274,59,6,0,51,3,1.34
fold2_room1_mix1274,60,6,0,48,2,1.43
fold2_room1_mix1274,61,6,0,46,2,1.42
fold2_room1_mix1274,62,6,0,41,2,1.60
fold2_room1_mix1274,63,6,0,41,2,1.63
fold2_room1_mix1274,64,6,0,39,2,1.66
fold2_room1_mix1274,65,6,0,39,1,1.59
fold2_room1_mix1274,66,6,0,38,1,1.67
fold2_room1_mix1274,67,6,0,36,1,1.75
fold2_room1_mix1274,68,6,0,33,1,1.84
fold2_room1_mix1274,69,6,0,32,1,2.01
fold2_room1_mix1274,70,6,0,31,1,2.26
fold2_room1_mix1274,71,6,0,29,1,2.36
fold2_room1_mix1274,72,6,0,29,0,2.43
fold2_room1_mix1274,73,6,0,27,0,2.40
fold2_room1_mix1274,74,6,0,27,0,2.27
fold2_room1_mix1274,75,6,0,27,0,2.32
fold2_room1_mix1274,76,6,0,25,0,2.41
fold2_room1_mix1274,77,6,0,25,0,2.48
fold2_room1_mix1274,78,6,0,25,0,2.55
fold2_room1_mix1274,79,6,0,24,0,2.59
fold2_room1_mix1274,80,6,0,24,0,2.60
fold2_room1_mix1274,81,6,0,22,0,2.90
fold2_room1_mix1274,82,6,0,23,0,2.81
fold2_room1_mix1274,83,6,0,24,0,2.71
fold2_room1_mix1274,84,6,0,23,0,2.91
fold2_room1_mix1274,85,6,0,22,0,3.01
fold2_room1_mix1274,86,6,0,22,0,3.14
fold2_room1_mix1274,87,6,0,23,0,3.02
fold2_room1_mix1274,88,6,0,21,0,3.18
fold2_room1_mix1274,89,6,0,21,0,2.88
fold2_room1_mix1274,90,6,0,20,0,1.49
fold2_room1_mix1274,91,6,0,20,0,1.85
fold2_room1_mix1274,93,6,0,21,0,2.04
fold2_room1_mix1274,94,6,0,19,0,1.30
fold2_room1_mix1274,95,6,0,18,0,2.67
fold2_room1_mix1274,96,6,0,19,0,2.47
fold2_room1_mix1274,97,6,0,19,0,3.16
fold2_room1_mix1274,98,6,0,16,0,2.31
fold2_room1_mix1274,99,6,0,18,0,2.96
fold2_room1_mix1275,0,6,0,162,-3,1.00
fold2_room1_mix1275,1,6,0,164,-1,1.24
fold2_room1_mix1275,2,6,0,158,-1,2.46
fold2_room1_mix1275,3,6,0,162,-2,2.69
fold2_room1_mix1275,4,6,0,158,-2,2.92
fold2_room1_mix1275,5,6,0,161,-1,3.63
fold2_room1_mix1275,6,6,0,157,-2,3.63
fold2_room1_mix1275,7,6,0,157,-2,3.61
fold2_room1_mix1275,8,6,0,155,-1,3.45
fold2_room1_mix1275,9,6,0,154,-2,3.52
fold2_room1_mix1275,10,6,0,153,-2,3.51
fold2_room1_mix1275,11,6,0,152,-1,3.71
fold2_room1_mix1275,12,6,0,151,-1,3.29
fold2_room1_mix1275,13,6,0,151,-1,3.41
fold2_room1_mix1275,14,6,0,151,-2,3.51
fold2_room1_mix1275,15,6,0,153,-1,3.64
fold2_room1_mix1275,16,6,0,151,-1,3.32
fold2_room1_mix1275,17,6,0,152,-1,3.01
fold2_room1_mix1275,18,6,0,149,-1,2.88
fold2_room1_mix1275,19,6,0,148,-1,3.13
fold2_room1_mix1275,20,6,0,149,-1,3.06
fold2_room1_mix1275,21,6,0,149,-1,3.11
fold2_room1_mix1275,22,6,0,150,-1,3.43
fold2_room1_mix1275,23,6,0,150,-1,3.30
fold2_room1_mix1275,24,6,0,150,-1,3.22
fold2_room1_mix1275,25,6,0,148,-1,3.19
fold2_room1_mix1275,26,6,0,147,-1,3.00
fold2_room1_mix1275,27,6,0,147,-1,3.04
fold2_room1_mix1275,28,6,0,147,-1,2.76
fold2_room1_mix1275,29,6,0,142,-1,2.55
fold2_room1_mix1275,30,6,0,144,-1,2.75
fold2_room1_mix1275,31,6,0,143,-1,2.52
fold2_room1_mix1275,32,6,0,141,-1,2.50
fold2_room1_mix1275,33,6,0,142,-1,2.58
fold2_room1_mix1275,34,6,0,138,-1,2.37
fold2_room1_mix1275,35,6,0,143,-1,2.72
fold2_room1_mix1275,36,6,0,136,-2,2.46
fold2_room1_mix1275,37,6,0,137,-1,2.57
fold2_room1_mix1275,38,6,0,139,-1,2.74
fold2_room1_mix1275,39,6,0,132,-1,2.52
fold2_room1_mix1275,40,6,0,129,-1,2.31
fold2_room1_mix1275,41,6,0,127,-2,2.28
fold2_room1_mix1275,42,6,0,127,-1,2.27
fold2_room1_mix1275,43,6,0,122,-1,2.22
fold2_room1_mix1275,44,6,0,120,-1,2.15
fold2_room1_mix1275,45,6,0,115,-1,2.10
fold2_room1_mix1275,46,6,0,116,-1,2.09
fold2_room1_mix1275,47,6,0,111,-1,2.01
fold2_room1_mix1275,48,6,0,106,0,1.86
fold2_room1_mix1275,49,6,0,103,-1,1.81
fold2_room1_mix1275,50,6,0,100,-1,1.75
fold2_room1_mix1275,51,6,0,93,0,1.65
fold2_room1_mix1275,52,6,0,92,0,1.72
fold2_room1_mix1275,53,6,0,90,0,1.76
fold2_room1_mix1275,54,6,0,87,0,1.71
fold2_room1_mix1275,55,6,0,84,0,1.74
fold2_room1_mix1275,56,6,0,81,0,1.69
fold2_room1_mix1275,57,6,0,79,0,1.70
fold2_room1_mix1275,58,6,0,76,0,1.66
fold2_room1_mix1275,59,6,0,75,0,1.68
fold2_room1_mix1275,60,6,0,70,0,1.70
fold2_room1_mix1275,61,6,0,67,0,1.73
fold2_room1_mix1275,62,6,0,66,0,1.73
fold2_room1_mix1275,63,6,0,62,0,1.90
fold2_room1_mix1275,64,6,0,59,0,1.82
fold2_room1_mix1275,65,6,0,58,0,1.94
fold2_room1_mix1275,66,6,0,56,0,2.04
fold2_room1_mix1275,67,6,0,54,0,2.06
fold2_room1_mix1275,68,6,0,51,0,2.12
fold2_room1_mix1275,69,6,0,50,0,2.21
fold2_room1_mix1275,70,6,0,49,0,2.22
fold2_room1_mix1275,71,6,0,49,0,2.16
fold2_room1_mix1275,72,6,0,46,0,2.30
fold2_room1_mix1275,73,6,0,43,0,2.44
fold2_room1_mix1275,74,6,0,43,0,2.31
fold2_room1_mix1275,75,6,0,40,-1,2.64
fold2_room1_mix1275,76,6,0,40,0,2.63
fold2_room1_mix1275,77,6,0,38,-1,2.73
fold2_room1_mix1275,78,6,0,36,-1,2.98
fold2_room1_mix1275,79,6,0,36,-1,2.99
fold2_room1_mix1275,80,6,0,36,-1,2.95
fold2_room1_mix1275,81,6,0,35,-1,3.16
fold2_room1_mix1275,82,6,0,37,-1,2.93
fold2_room1_mix1275,83,6,0,34,-1,3.29
fold2_room1_mix1275,84,6,0,34,-1,3.14
fold2_room1_mix1275,85,6,0,34,-1,3.16
fold2_room1_mix1275,86,6,0,35,0,3.26
fold2_room1_mix1275,87,6,0,34,0,3.36
fold2_room1_mix1275,88,6,0,33,0,3.31
fold2_room1_mix1275,89,6,0,33,-1,3.28
fold2_room1_mix1275,90,6,0,36,0,3.04
fold2_room1_mix1275,91,6,0,34,-1,3.21
fold2_room1_mix1275,92,6,0,33,0,3.28
fold2_room1_mix1275,93,6,0,31,-1,3.17
fold2_room1_mix1275,94,6,0,29,-1,2.81
fold2_room1_mix1275,95,6,0,29,0,3.83
fold2_room1_mix1275,96,6,0,28,0,3.71
fold2_room1_mix1275,97,6,0,27,0,3.64
fold2_room1_mix1275,98,6,0,28,0,4.17
fold2_room1_mix1275,99,6,0,27,0,3.40
fold2_room1_mix1277,57,6,0,-172,-1,2.80
fold2_room1_mix1277,58,6,0,-174,-2,3.70
fold2_room1_mix1277,59,6,0,-171,-2,3.50
fold2_room1_mix1277,60,6,0,-171,-2,4.24
fold2_room1_mix1277,61,6,0,-172,-2,3.75
fold2_room1_mix1277,62,6,0,-173,-1,4.31
fold2_room1_mix1277,63,6,0,-168,-1,4.16
fold2_room1_mix1277,64,6,0,-164,-2,3.63
fold2_room1_mix1277,65,6,0,-166,-2,3.77
fold2_room1_mix1277,66,6,0,-165,-3,3.30
fold2_room1_mix1277,67,6,0,-165,-2,3.44
fold2_room1_mix1277,68,6,0,-158,-3,2.91
fold2_room1_mix1277,69,6,0,-155,-4,2.59
fold2_room1_mix1277,70,6,0,-150,-3,2.46
fold2_room1_mix1277,71,6,0,-139,-4,1.92
fold2_room1_mix1277,72,6,0,-126,-3,1.51
fold2_room1_mix1277,73,6,0,-106,-2,1.20
fold2_room1_mix1277,74,6,0,-86,0,1.21
fold2_room1_mix1277,75,6,0,-61,-1,1.26
fold2_room1_mix1277,76,6,0,-48,0,1.33
fold2_room1_mix1277,77,6,0,-39,0,1.68
fold2_room1_mix1277,78,6,0,-30,0,1.97
fold2_room1_mix1277,79,6,0,-22,0,2.50
fold2_room1_mix1277,80,6,0,-19,0,2.58
fold2_room1_mix1277,81,6,0,-16,0,2.90
fold2_room1_mix1277,82,6,0,-12,0,3.13
fold2_room1_mix1277,83,6,0,-10,0,3.37
fold2_room1_mix1277,84,6,0,-10,0,3.38
fold2_room1_mix1277,85,6,0,-12,0,3.54
fold2_room1_mix1277,86,6,0,-9,0,3.92
fold2_room1_mix1277,87,6,0,-10,0,2.64
fold2_room1_mix1277,88,6,0,-14,0,1.64
fold2_room1_mix1277,89,6,0,-11,0,1.62
fold2_room1_mix1277,90,6,0,-13,0,1.87
fold2_room1_mix1277,92,6,0,-8,0,2.88
fold2_room1_mix1279,3,6,0,13,-4,1.54
fold2_room1_mix1279,6,6,0,9,-3,1.31
fold2_room1_mix1279,7,6,0,5,-2,3.71
fold2_room1_mix1279,8,6,0,12,-4,1.61
fold2_room1_mix1279,9,6,0,11,-4,1.26
fold2_room1_mix1279,10,6,0,14,-2,3.76
fold2_room1_mix1279,11,6,0,16,-1,3.69
fold2_room1_mix1279,12,6,0,11,-2,3.16
fold2_room1_mix1279,13,6,0,24,-1,3.06
fold2_room1_mix1279,14,6,0,24,-1,3.29
fold2_room1_mix1279,15,6,0,25,-1,3.09
fold2_room1_mix1279,16,6,0,24,-1,3.22
fold2_room1_mix1279,17,6,0,25,-1,3.25
fold2_room1_mix1279,18,6,0,21,-1,3.22
fold2_room1_mix1279,19,6,0,27,-1,3.21
fold2_room1_mix1279,20,6,0,28,-1,2.76
fold2_room1_mix1279,21,6,0,33,0,2.34
fold2_room1_mix1279,22,6,0,32,0,2.46
fold2_room1_mix1279,23,6,0,34,0,2.24
fold2_room1_mix1279,24,6,0,35,0,2.33
fold2_room1_mix1279,25,6,0,40,0,1.77
fold2_room1_mix1279,26,6,0,40,0,1.79
fold2_room1_mix1279,27,6,0,44,0,1.68
fold2_room1_mix1279,28,6,0,49,0,1.35
fold2_room1_mix1279,29,6,0,52,1,1.23
fold2_room1_mix1279,30,6,0,56,1,1.16
fold2_room1_mix1279,31,6,0,62,2,1.04
fold2_room1_mix1279,32,6,0,72,3,0.90
fold2_room1_mix1279,33,6,0,75,3,0.92
fold2_room1_mix1279,34,6,0,81,3,0.99
fold2_room1_mix1279,35,6,0,90,4,0.97
fold2_room1_mix1279,36,6,0,101,4,0.96
fold2_room1_mix1279,37,6,0,114,3,1.04
fold2_room1_mix1279,38,6,0,119,3,1.15
fold2_room1_mix1279,39,6,0,123,3,1.25
fold2_room1_mix1279,40,6,0,129,2,1.33
fold2_room1_mix1279,41,6,0,133,2,1.46
fold2_room1_mix1279,42,6,0,136,1,1.62
fold2_room1_mix1279,43,6,0,141,0,1.73
fold2_room1_mix1279,44,6,0,142,0,1.78
fold2_room1_mix1279,45,6,0,143,0,1.83
fold2_room1_mix1279,46,6,0,146,0,1.94
fold2_room1_mix1279,47,6,0,149,0,2.18
fold2_room1_mix1279,48,6,0,150,0,2.24
fold2_room1_mix1279,49,6,0,151,0,2.32
fold2_room1_mix1279,50,6,0,153,0,2.48
fold2_room1_mix1279,51,6,0,154,0,2.44
fold2_room1_mix1279,52,6,0,154,0,2.65
fold2_room1_mix1279,53,6,0,156,0,2.61
fold2_room1_mix1279,54,6,0,157,0,2.75
fold2_room1_mix1279,55,6,0,160,0,2.89
fold2_room1_mix1279,56,6,0,158,0,2.79
fold2_room1_mix1279,57,6,0,159,0,2.97
fold2_room1_mix1279,58,6,0,162,0,3.08
fold2_room1_mix1279,59,6,0,162,0,3.08
fold2_room1_mix1279,60,6,0,162,-1,2.88
fold2_room1_mix1279,61,6,0,161,-1,2.96
fold2_room1_mix1279,62,6,0,164,0,1.12
fold2_room1_mix1279,63,6,0,166,-1,0.97
fold2_room1_mix1279,64,6,0,168,-1,0.93
fold2_room1_mix1279,65,6,0,163,-1,3.07
fold2_room1_mix1281,34,6,0,0,-1,5.62
fold2_room1_mix1281,35,6,0,2,-1,6.72
fold2_room1_mix1281,36,6,0,0,0,6.78
fold2_room1_mix1281,39,6,0,0,-1,6.23
fold2_room1_mix1281,40,6,0,0,-1,7.58
fold2_room1_mix1281,41,6,0,0,-1,7.86
fold2_room1_mix1281,42,6,0,0,-1,8.24
fold2_room1_mix1281,43,6,0,3,-1,8.11
fold2_room1_mix1281,44,6,0,3,-1,7.51
fold2_room1_mix1281,45,6,0,9,-1,6.86
fold2_room1_mix1281,46,6,0,5,-1,6.63
fold2_room1_mix1281,47,6,0,12,-1,6.32
fold2_room1_mix1281,48,6,0,18,-1,5.39
fold2_room1_mix1281,49,6,0,17,-1,5.23
fold2_room1_mix1281,50,6,0,19,-1,5.13
fold2_room1_mix1281,51,6,0,25,-1,4.12
fold2_room1_mix1281,52,6,0,26,-1,3.65
fold2_room1_mix1281,53,6,0,31,-1,3.10
fold2_room1_mix1281,54,6,0,33,-1,2.69
fold2_room1_mix1281,55,6,0,38,-1,2.47
fold2_room1_mix1281,56,6,0,45,0,2.10
fold2_room1_mix1281,57,6,0,50,0,1.88
fold2_room1_mix1281,58,6,0,61,0,1.59
fold2_room1_mix1281,59,6,0,73,0,1.45
fold2_room1_mix1281,60,6,0,86,0,1.36
fold2_room1_mix1281,61,6,0,111,1,1.60
fold2_room1_mix1281,62,6,0,124,1,1.66
fold2_room1_mix1281,63,6,0,135,0,2.19
fold2_room1_mix1281,64,6,0,141,0,2.70
fold2_room1_mix1281,65,6,0,146,0,2.96
fold2_room1_mix1281,66,6,0,148,0,3.03
fold2_room1_mix1281,67,6,0,152,0,3.54
fold2_room1_mix1281,68,6,0,154,0,3.65
fold2_room1_mix1281,69,6,0,157,0,3.90
fold2_room1_mix1281,70,6,0,159,0,4.58
fold2_room1_mix1281,71,6,0,160,0,4.71
fold2_room1_mix1281,72,6,0,161,0,4.98
fold2_room1_mix1281,73,6,0,164,0,5.84
fold2_room1_mix1281,74,6,0,163,0,5.99
fold2_room1_mix1281,75,6,0,165,0,6.43
fold2_room1_mix1281,76,6,0,164,0,6.20
fold2_room1_mix1281,77,6,0,165,0,7.08
fold2_room1_mix1281,78,6,0,168,0,7.12
fold2_room1_mix1281,79,6,0,167,0,7.71
fold2_room1_mix1281,80,6,0,166,0,6.75
fold2_room1_mix1281,81,6,0,168,0,7.73
fold2_room1_mix1281,82,6,0,170,0,8.76
fold2_room1_mix1281,83,6,0,171,0,8.63
fold2_room1_mix1281,84,6,0,169,0,8.84
fold2_room1_mix1281,85,6,0,170,0,9.81
fold2_room1_mix1281,86,6,0,171,0,9.41
fold2_room1_mix1281,87,6,0,170,0,9.27
fold2_room1_mix1281,88,6,0,172,0,7.31
fold2_room1_mix1281,89,6,0,173,0,2.30
fold2_room1_mix1283,40,6,0,-37,-3,1.11
fold2_room1_mix1283,41,6,0,-42,-3,1.43
fold2_room1_mix1283,42,6,0,-49,-2,1.37
fold2_room1_mix1283,43,6,0,-68,-2,1.10
fold2_room1_mix1283,44,6,0,-93,-1,1.16
fold2_room1_mix1283,45,6,0,-120,-1,1.28
fold2_room1_mix1283,46,6,0,-134,-1,1.43
fold2_room1_mix1283,47,6,0,-147,-1,1.92
fold2_room1_mix1283,48,6,0,-152,0,1.08
fold2_room1_mix1284,57,6,0,-22,-2,2.73
fold2_room1_mix1284,59,6,0,-26,-2,2.68
fold2_room1_mix1284,60,6,0,-26,-2,3.22
fold2_room1_mix1284,61,6,0,-29,-2,3.14
fold2_room1_mix1284,62,6,0,-38,-1,2.39
fold2_room1_mix1284,63,6,0,-45,-2,2.10
fold2_room1_mix1284,64,6,0,-60,-2,1.68
fold2_room1_mix1284,65,6,0,-77,-3,1.44
fold2_room1_mix1284,66,6,0,-98,-2,1.50
fold2_room1_mix1284,67,6,0,-115,-1,1.64
fold2_room1_mix1284,68,6,0,-131,-1,1.77
fold2_room1_mix1284,69,6,0,-141,-1,2.38
fold2_room1_mix1284,70,6,0,-148,-1,3.00
fold2_room1_mix1284,71,6,0,-154,-1,3.36
fold2_room1_mix1284,72,6,0,-160,-1,3.16
fold2_room1_mix1284,73,6,0,-159,-1,3.96
fold2_room1_mix1284,74,6,0,-161,-1,3.81
fold2_room1_mix1284,75,6,0,-165,-1,3.39
fold2_room1_mix1284,77,6,0,-168,0,1.81
fold2_room1_mix1285,11,6,0,17,-2,3.01
fold2_room1_mix1285,14,6,0,29,-2,1.84
fold2_room1_mix1285,15,6,0,30,-1,2.92
fold2_room1_mix1285,16,6,0,33,-1,2.82
fold2_room1_mix1285,17,6,0,29,-1,3.24
fold2_room1_mix1285,18,6,0,29,-1,3.76
fold2_room1_mix1285,19,6,0,28,-1,3.66
fold2_room1_mix1285,20,6,0,31,-1,3.31
fold2_room1_mix1285,21,6,0,30,-1,3.65
fold2_room1_mix1285,22,6,0,31,-1,3.49
fold2_room1_mix1285,23,6,0,33,0,3.16
fold2_room1_mix1285,24,6,0,34,-1,3.15
fold2_room1_mix1285,25,6,0,36,0,3.02
fold2_room1_mix1285,26,6,0,36,-1,3.28
fold2_room1_mix1285,27,6,0,39,-1,2.94
fold2_room1_mix1285,28,6,0,41,-2,2.96
fold2_room1_mix1285,29,6,0,46,-1,2.37
fold2_room1_mix1285,30,6,0,44,-1,2.52
fold2_room1_mix1285,31,6,0,47,-1,2.38
fold2_room1_mix1285,32,6,0,51,-1,2.21
fold2_room1_mix1285,33,6,0,55,-1,2.15
fold2_room1_mix1285,34,6,0,61,-2,2.17
fold2_room1_mix1285,35,6,0,66,0,1.94
fold2_room1_mix1285,36,6,0,71,-1,1.73
fold2_room1_mix1285,37,6,0,73,-1,1.74
fold2_room1_mix1285,38,6,0,77,0,1.60
fold2_room1_mix1285,39,6,0,82,0,1.67
fold2_room1_mix1285,40,6,0,88,0,1.69
fold2_room1_mix1285,41,6,0,97,0,1.75
fold2_room1_mix1285,42,6,0,101,0,1.83
fold2_room1_mix1285,43,6,0,111,0,1.93
fold2_room1_mix1285,44,6,0,116,-1,2.08
fold2_room1_mix1285,45,6,0,119,0,2.03
fold2_room1_mix1285,46,6,0,124,-1,2.25
fold2_room1_mix1285,47,6,0,126,0,2.22
fold2_room1_mix1285,48,6,0,129,-1,2.27
fold2_room1_mix1285,49,6,0,134,-1,2.41
fold2_room1_mix1285,50,6,0,138,-1,2.57
fold2_room1_mix1285,51,6,0,140,-1,2.66
fold2_room1_mix1285,52,6,0,143,-1,2.73
fold2_room1_mix1285,53,6,0,145,-1,2.79
fold2_room1_mix1285,54,6,0,146,-1,2.89
fold2_room1_mix1285,55,6,0,146,-1,2.83
fold2_room1_mix1285,56,6,0,149,-1,3.02
fold2_room1_mix1285,57,6,0,151,-1,3.19
fold2_room1_mix1285,58,6,0,151,-1,3.20
fold2_room1_mix1285,59,6,0,153,-1,3.48
fold2_room1_mix1285,60,6,0,153,-1,3.45
fold2_room1_mix1285,61,6,0,156,-1,3.16
fold2_room1_mix1285,62,6,0,159,0,1.57
fold2_room1_mix1285,63,6,0,158,-1,3.28
fold2_room1_mix1285,66,6,0,163,-1,1.97
fold2_room1_mix1285,67,6,0,162,-1,2.19
fold2_room1_mix1286,35,6,0,-30,-3,1.74
fold2_room1_mix1286,36,6,0,-30,-3,2.61
fold2_room1_mix1286,37,6,0,-31,-2,1.69
fold2_room1_mix1286,38,6,0,-32,-3,2.07
fold2_room1_mix1286,39,6,0,-32,-2,2.65
fold2_room1_mix1286,40,6,0,-37,-2,2.54
fold2_room1_mix1286,41,6,0,-39,-3,2.46
fold2_room1_mix1286,42,6,0,-43,-3,2.29
fold2_room1_mix1286,43,6,0,-44,-2,2.48
fold2_room1_mix1286,44,6,0,-55,-3,2.12
fold2_room1_mix1286,45,6,0,-63,-3,2.02
fold2_room1_mix1286,46,6,0,-69,-4,1.99
fold2_room1_mix1286,47,6,0,-80,-2,1.65
fold2_room1_mix1286,48,6,0,-91,-2,1.64
fold2_room1_mix1286,49,6,0,-106,-2,1.67
fold2_room1_mix1286,50,6,0,-113,-2,1.79
fold2_room1_mix1286,51,6,0,-121,-1,1.89
fold2_room1_mix1286,52,6,0,-134,-1,2.37
fold2_room1_mix1286,53,6,0,-133,-1,2.36
fold2_room1_mix1286,54,6,0,-138,-1,2.62
fold2_room1_mix1286,55,6,0,-144,-1,2.74
fold2_room1_mix1286,56,6,0,-145,-1,2.75
fold2_room1_mix1286,57,6,0,-150,-2,2.73
fold2_room1_mix1286,58,6,0,-154,-1,1.13
fold2_room1_mix1286,59,6,0,-151,-2,2.86
fold2_room1_mix1286,60,6,0,-152,-1,2.65
fold2_room1_mix1288,70,6,0,-25,-2,2.26
fold2_room1_mix1288,74,6,0,-25,-2,2.42
fold2_room1_mix1288,75,6,0,-25,-3,3.74
fold2_room1_mix1288,76,6,0,-26,-2,3.70
fold2_room1_mix1288,77,6,0,-28,-2,3.63
fold2_room1_mix1288,78,6,0,-29,-2,3.64
fold2_room1_mix1288,79,6,0,-31,-3,3.51
fold2_room1_mix1288,80,6,0,-29,-2,3.37
fold2_room1_mix1288,81,6,0,-32,-2,2.99
fold2_room1_mix1288,82,6,0,-35,-2,3.05
fold2_room1_mix1288,83,6,0,-45,-3,2.59
fold2_room1_mix1288,84,6,0,-42,-3,2.55
fold2_room1_mix1288,85,6,0,-50,-3,2.18
fold2_room1_mix1288,86,6,0,-49,-3,2.22
fold2_room1_mix1288,87,6,0,-55,-4,2.09
fold2_room1_mix1288,88,6,0,-59,-3,1.96
fold2_room1_mix1288,89,6,0,-65,-3,1.89
fold2_room1_mix1288,90,6,0,-73,-3,1.73
fold2_room1_mix1288,91,6,0,-75,-4,1.76
fold2_room1_mix1288,92,6,0,-80,-4,1.76
fold2_room1_mix1288,93,6,0,-87,-3,1.72
fold2_room1_mix1288,94,6,0,-92,-3,1.73
fold2_room1_mix1288,95,6,0,-100,-4,1.86
fold2_room1_mix1288,96,6,0,-107,-3,1.99
fold2_room1_mix1288,97,6,0,-112,-3,2.05
fold2_room1_mix1288,98,6,0,-117,-2,2.11
fold2_room1_mix1288,99,6,0,-124,-2,2.38
fold2_room1_mix1289,17,6,0,-174,-3,2.13
fold2_room1_mix1289,18,6,0,-176,-3,3.61
fold2_room1_mix1289,19,6,0,-164,-3,3.98
fold2_room1_mix1289,20,6,0,-165,-3,4.22
fold2_room1_mix1289,21,6,0,-170,-2,3.05
fold2_room1_mix1289,22,6,0,-170,-2,2.48
fold2_room1_mix1289,23,6,0,-164,-3,3.23
fold2_room1_mix1289,24,6,0,-165,-3,4.11
fold2_room1_mix1289,25,6,0,-161,-2,4.61
fold2_room1_mix1289,26,6,0,-163,-3,3.90
fold2_room1_mix1289,27,6,0,-158,-2,4.24
fold2_room1_mix1289,28,6,0,-158,-3,4.36
fold2_room1_mix1289,29,6,0,-155,-3,3.65
fold2_room1_mix1289,30,6,0,-152,-3,3.74
fold2_room1_mix1289,31,6,0,-151,-3,3.56
fold2_room1_mix1289,32,6,0,-152,-3,3.70
fold2_room1_mix1289,33,6,0,-150,-4,3.20
fold2_room1_mix1289,34,6,0,-146,-3,3.01
fold2_room1_mix1289,35,6,0,-143,-4,2.86
fold2_room1_mix1289,36,6,0,-133,-4,2.27
fold2_room1_mix1289,37,6,0,-127,-6,2.12
fold2_room1_mix1289,38,6,0,-117,-4,1.90
fold2_room1_mix1289,39,6,0,-111,-4,1.73
fold2_room1_mix1289,40,6,0,-102,-4,1.62
fold2_room1_mix1289,41,6,0,-95,-4,1.66
fold2_room1_mix1289,42,6,0,-87,-2,1.69
fold2_room1_mix1289,43,6,0,-82,-3,1.69
fold2_room1_mix1289,44,6,0,-72,-2,1.85
fold2_room1_mix1289,45,6,0,-65,-2,1.80
fold2_room1_mix1289,46,6,0,-58,-1,1.91
fold2_room1_mix1289,47,6,0,-53,-1,2.14
fold2_room1_mix1289,48,6,0,-48,-1,2.19
fold2_room1_mix1289,49,6,0,-43,-1,2.62
fold2_room1_mix1289,50,6,0,-41,0,2.53
fold2_room1_mix1289,51,6,0,-35,-1,2.88
fold2_room1_mix1289,52,6,0,-34,-1,3.02
fold2_room1_mix1289,53,6,0,-30,-1,3.38
fold2_room1_mix1289,54,6,0,-29,-1,3.46
fold2_room1_mix1289,55,6,0,-26,-1,3.41
fold2_room1_mix1289,56,6,0,-24,-1,3.61
fold2_room1_mix1289,57,6,0,-22,-1,4.13
fold2_room1_mix1289,58,6,0,-23,-1,3.96
fold2_room1_mix1289,66,6,0,-20,-1,3.98
fold2_room1_mix1290,57,6,0,-20,-1,1.56
fold2_room1_mix1290,58,6,0,-11,-1,3.35
fold2_room1_mix1290,60,6,0,-21,-1,4.11
fold2_room1_mix1290,61,6,0,-16,-1,4.53
fold2_room1_mix1290,62,6,0,-15,-1,4.70
fold2_room1_mix1290,63,6,0,-14,-1,5.37
fold2_room1_mix1290,64,6,0,-17,-2,4.80
fold2_room1_mix1290,65,6,0,-17,-1,4.45
fold2_room1_mix1290,66,6,0,-19,-2,4.09
fold2_room1_mix1290,67,6,0,-28,-2,3.19
fold2_room1_mix1290,68,6,0,-40,-2,2.49
fold2_room1_mix1290,69,6,0,-49,-2,2.06
fold2_room1_mix1290,70,6,0,-64,-1,1.53
fold2_room1_mix1290,71,6,0,-89,-2,1.52
fold2_room1_mix1290,72,6,0,-117,-1,1.51
fold2_room1_mix1290,73,6,0,-134,-2,1.90
fold2_room1_mix1290,74,6,0,-143,-2,2.26
fold2_room1_mix1290,75,6,0,-150,-1,2.71
fold2_room1_mix1290,76,6,0,-154,-1,2.93
fold2_room1_mix1290,77,6,0,-158,-1,3.54
fold2_room1_mix1290,78,6,0,-159,-1,3.70
fold2_room1_mix1290,79,6,0,-161,0,3.88
fold2_room1_mix1290,80,6,0,-161,-1,4.17
fold2_room1_mix1290,81,6,0,-163,-1,4.68
fold2_room1_mix1290,82,6,0,-165,0,4.68
fold2_room1_mix1290,83,6,0,-169,-1,4.27
fold2_room1_mix1290,84,6,0,-167,0,5.35
fold2_room1_mix1290,85,6,0,-166,0,5.82
fold2_room1_mix1290,86,6,0,-169,0,2.04
fold2_room1_mix1291,46,6,0,31,-2,1.65
fold2_room1_mix1291,47,6,0,40,-2,1.68
fold2_room1_mix1291,48,6,0,51,-1,1.43
fold2_room1_mix1291,49,6,0,68,1,0.99
fold2_room1_mix1291,50,6,0,88,0,1.05
fold2_room1_mix1291,51,6,0,114,0,1.23
fold2_room1_mix1291,52,6,0,131,0,1.57
fold2_room1_mix1291,53,6,0,142,0,1.79
fold2_room1_mix1291,54,6,0,149,0,2.14
fold2_room1_mix1291,55,6,0,156,0,0.93
fold2_room1_mix1291,56,6,0,158,0,1.66
fold2_room1_mix1294,0,6,0,61,1,0.88
fold2_room1_mix1294,1,6,0,45,1,1.13
fold2_room1_mix1294,2,6,0,46,1,2.43
fold2_room1_mix1294,3,6,0,43,0,2.45
fold2_room1_mix1294,4,6,0,45,0,2.71
fold2_room1_mix1294,5,6,0,49,0,2.65
fold2_room1_mix1294,6,6,0,46,0,2.94
fold2_room1_mix1294,7,6,0,44,0,2.84
fold2_room1_mix1294,8,6,0,44,0,2.90
fold2_room1_mix1294,9,6,0,47,0,2.68
fold2_room1_mix1294,10,6,0,45,0,2.89
fold2_room1_mix1294,11,6,0,48,0,2.72
fold2_room1_mix1294,12,6,0,52,-1,2.66
fold2_room1_mix1294,13,6,0,51,-1,2.55
fold2_room1_mix1294,14,6,0,52,0,2.39
fold2_room1_mix1294,15,6,0,55,-1,2.33
fold2_room1_mix1294,16,6,0,53,-1,2.55
fold2_room1_mix1294,17,6,0,57,0,2.43
fold2_room1_mix1294,18,6,0,58,-1,2.41
fold2_room1_mix1294,19,6,0,59,0,2.41
fold2_room1_mix1294,20,6,0,60,-1,2.30
fold2_room1_mix1294,21,6,0,61,-1,2.12
fold2_room1_mix1294,22,6,0,61,-1,2.08
fold2_room1_mix1294,23,6,0,64,0,1.80
fold2_room1_mix1294,24,6,0,67,0,1.93
fold2_room1_mix1294,25,6,0,66,0,1.79
fold2_room1_mix1294,26,6,0,68,0,1.89
fold2_room1_mix1294,27,6,0,70,0,1.90
fold2_room1_mix1294,28,6,0,70,0,1.90
fold2_room1_mix1294,29,6,0,73,0,1.84
fold2_room1_mix1294,30,6,0,77,0,1.93
fold2_room1_mix1294,31,6,0,77,0,1.84
fold2_room1_mix1294,32,6,0,80,0,1.79
fold2_room1_mix1294,33,6,0,79,0,1.85
fold2_room1_mix1294,34,6,0,82,0,1.73
fold2_room1_mix1294,35,6,0,82,0,1.78
fold2_room1_mix1294,36,6,0,85,0,1.82
fold2_room1_mix1294,37,6,0,87,0,1.80
fold2_room1_mix1294,38,6,0,90,0,1.71
fold2_room1_mix1294,39,6,0,91,0,1.78
fold2_room1_mix1294,40,6,0,87,0,1.67
fold2_room1_mix1294,41,6,0,91,0,1.73
fold2_room1_mix1294,42,6,0,92,0,1.66
fold2_room1_mix1294,43,6,0,92,0,1.76
fold2_room1_mix1294,44,6,0,97,0,1.78
fold2_room1_mix1294,45,6,0,97,0,1.80
fold2_room1_mix1294,46,6,0,98,0,1.87
fold2_room1_mix1294,47,6,0,102,0,1.79
fold2_room1_mix1294,48,6,0,103,0,1.87
fold2_room1_mix1294,49,6,0,108,0,1.90
fold2_room1_mix1294,50,6,0,105,0,2.03
fold2_room1_mix1294,51,6,0,108,0,1.96
fold2_room1_mix1294,52,6,0,110,0,1.97
fold2_room1_mix1294,53,6,0,110,0,1.96
fold2_room1_mix1294,54,6,0,114,0,2.01
fold2_room1_mix1294,55,6,0,116,0,2.07
fold2_room1_mix1294,56,6,0,120,0,2.18
fold2_room1_mix1294,57,6,0,120,0,2.30
fold2_room1_mix1294,58,6,0,122,0,2.20
fold2_room1_mix1294,59,6,0,120,-1,2.21
fold2_room1_mix1294,60,6,0,124,0,2.27
fold2_room1_mix1294,61,6,0,123,0,2.27
fold2_room1_mix1294,62,6,0,125,0,2.24
fold2_room1_mix1294,63,6,0,127,0,2.29
fold2_room1_mix1294,64,6,0,128,0,2.37
fold2_room1_mix1294,65,6,0,129,-1,2.21
fold2_room1_mix1294,66,6,0,131,0,2.33
fold2_room1_mix1294,67,6,0,131,-1,2.22
fold2_room1_mix1294,68,6,0,134,-1,2.39
fold2_room1_mix1294,69,6,0,134,-1,2.34
fold2_room1_mix1294,70,6,0,135,-1,2.43
fold2_room1_mix1294,71,6,0,137,-1,2.42
fold2_room1_mix1294,72,6,0,137,-1,2.38
fold2_room1_mix1294,73,6,0,140,-1,2.62
fold2_room1_mix1294,74,6,0,141,-1,2.76
fold2_room1_mix1294,75,6,0,141,-1,2.76
fold2_room1_mix1294,76,6,0,142,-1,2.68
fold2_room1_mix1294,77,6,0,143,-1,2.67
fold2_room1_mix1294,78,6,0,141,-1,2.69
fold2_room1_mix1294,79,6,0,144,-1,2.75
fold2_room1_mix1294,80,6,0,144,-1,2.78
fold2_room1_mix1294,81,6,0,144,-1,2.69
fold2_room1_mix1294,82,6,0,145,-1,2.81
fold2_room1_mix1294,83,6,0,146,-1,2.73
fold2_room1_mix1294,84,6,0,146,-1,2.88
fold2_room1_mix1294,85,6,0,145,-1,2.73
fold2_room1_mix1294,86,6,0,145,-1,2.91
fold2_room1_mix1294,87,6,0,147,-1,2.73
fold2_room1_mix1294,88,6,0,149,-1,2.88
fold2_room1_mix1294,89,6,0,150,-1,3.02
fold2_room1_mix1294,90,6,0,148,-1,2.90
fold2_room1_mix1294,91,6,0,145,-1,2.59
fold2_room1_mix1294,92,6,0,148,-1,2.77
fold2_room1_mix1294,93,6,0,149,-1,2.91
fold2_room1_mix1294,94,6,0,150,-1,3.02
fold2_room1_mix1294,95,6,0,150,-1,2.90
fold2_room1_mix1294,96,6,0,150,-1,2.97
fold2_room1_mix1294,97,6,0,150,-1,2.99
fold2_room1_mix1294,98,6,0,151,-1,3.02
fold2_room1_mix1294,99,6,0,151,-1,3.17
fold2_room1_mix1295,4,6,0,3,-2,3.97
fold2_room1_mix1295,5,6,0,0,-2,3.02
fold2_room1_mix1295,6,6,0,6,-2,5.39
fold2_room1_mix1295,7,6,0,-2,-2,5.29
fold2_room1_mix1295,8,6,0,-2,-1,6.14
fold2_room1_mix1295,9,6,0,4,-1,6.09
fold2_room1_mix1295,10,6,0,7,-1,6.76
fold2_room1_mix1295,11,6,0,3,-1,6.89
fold2_room1_mix1295,12,6,0,5,0,6.83
fold2_room1_mix1295,13,6,0,8,-1,6.58
fold2_room1_mix1295,14,6,0,6,-1,6.81
fold2_room1_mix1295,15,6,0,8,-1,6.27
fold2_room1_mix1295,16,6,0,7,-1,6.27
fold2_room1_mix1295,17,6,0,15,-1,6.08
fold2_room1_mix1295,18,6,0,11,-1,5.94
fold2_room1_mix1295,19,6,0,10,-1,6.09
fold2_room1_mix1295,20,6,0,11,-1,6.12
fold2_room1_mix1295,21,6,0,14,-1,5.33
fold2_room1_mix1295,22,6,0,13,-1,4.27
fold2_room1_mix1295,24,6,0,19,0,4.82
fold2_room1_mix1295,25,6,0,19,0,4.84
fold2_room1_mix1295,26,6,0,20,-1,4.96
fold2_room1_mix1295,27,6,0,22,-1,4.55
fold2_room1_mix1295,28,6,0,18,0,5.27
fold2_room1_mix1295,29,6,0,16,-1,5.34
fold2_room1_mix1295,30,6,0,18,-1,5.10
fold2_room1_mix1295,31,6,0,21,0,4.86
fold2_room1_mix1295,32,6,0,22,-1,4.49
fold2_room1_mix1295,33,6,0,21,0,4.67
fold2_room1_mix1295,34,6,0,22,-1,4.54
fold2_room1_mix1295,35,6,0,23,-1,4.67
fold2_room1_mix1295,36,6,0,22,-1,4.43
fold2_room1_mix1295,37,6,0,24,-1,4.05
fold2_room1_mix1295,38,6,0,27,-1,3.78
fold2_room1_mix1295,39,6,0,25,-1,3.85
fold2_room1_mix1295,40,6,0,26,-1,3.80
fold2_room1_mix1295,41,6,0,26,-1,3.84
fold2_room1_mix1295,42,6,0,28,-1,3.31
fold2_room1_mix1295,43,6,0,28,-1,3.48
fold2_room1_mix1295,44,6,0,29,-1,3.24
fold2_room1_mix1295,45,6,0,30,-1,3.21
fold2_room1_mix1295,46,6,0,31,-1,3.08
fold2_room1_mix1295,47,6,0,31,-1,3.06
fold2_room1_mix1295,48,6,0,34,-1,2.84
fold2_room1_mix1295,49,6,0,34,-1,2.67
fold2_room1_mix1295,50,6,0,36,0,2.50
fold2_room1_mix1295,51,6,0,38,-1,2.33
fold2_room1_mix1295,52,6,0,43,0,2.07
fold2_room1_mix1295,53,6,0,44,0,1.97
fold2_room1_mix1295,54,6,0,47,0,1.84
fold2_room1_mix1295,55,6,0,51,0,1.66
fold2_room1_mix1295,56,6,0,58,0,1.62
fold2_room1_mix1295,57,6,0,60,1,1.65
fold2_room1_mix1295,58,6,0,66,1,1.60
fold2_room1_mix1295,59,6,0,71,1,1.53
fold2_room1_mix1295,60,6,0,77,2,1.57
fold2_room1_mix1295,61,6,0,82,2,1.50
fold2_room1_mix1295,62,6,0,86,2,1.53
fold2_room1_mix1295,63,6,0,97,2,1.56
fold2_room1_mix1295,64,6,0,104,2,1.66
fold2_room1_mix1295,65,6,0,110,2,1.69
fold2_room1_mix1295,66,6,0,117,1,1.75
fold2_room1_mix1295,67,6,0,122,1,1.73
fold2_room1_mix1295,68,6,0,126,0,1.75
fold2_room1_mix1295,69,6,0,129,0,1.87
fold2_room1_mix1295,70,6,0,132,0,1.93
fold2_room1_mix1295,71,6,0,134,0,1.97
fold2_room1_mix1295,72,6,0,138,0,2.14
fold2_room1_mix1295,73,6,0,141,0,2.24
fold2_room1_mix1295,74,6,0,141,0,2.15
fold2_room1_mix1295,75,6,0,144,0,2.35
fold2_room1_mix1295,76,6,0,148,0,2.51
fold2_room1_mix1295,77,6,0,149,-1,2.69
fold2_room1_mix1295,78,6,0,149,-1,2.80
fold2_room1_mix1295,79,6,0,151,0,2.88
fold2_room1_mix1295,80,6,0,152,-1,2.85
fold2_room1_mix1295,81,6,0,153,0,3.13
fold2_room1_mix1295,82,6,0,154,0,3.15
fold2_room1_mix1295,83,6,0,155,0,3.34
fold2_room1_mix1295,84,6,0,155,0,3.37
fold2_room1_mix1295,85,6,0,157,0,3.70
fold2_room1_mix1295,86,6,0,156,0,3.57
fold2_room1_mix1295,87,6,0,157,0,3.50
fold2_room1_mix1295,88,6,0,157,0,3.91
fold2_room1_mix1295,89,6,0,158,0,3.72
fold2_room1_mix1295,90,6,0,158,0,3.83
fold2_room1_mix1295,91,6,0,159,0,4.07
fold2_room1_mix1295,92,6,0,158,0,4.14
fold2_room1_mix1295,93,6,0,161,0,4.85
fold2_room1_mix1295,94,6,0,161,0,4.62
fold2_room1_mix1295,95,6,0,161,0,4.73
fold2_room1_mix1295,96,6,0,162,0,4.88
fold2_room1_mix1295,97,6,0,161,0,4.80
fold2_room1_mix1295,98,6,0,162,0,4.89
fold2_room1_mix1295,99,6,0,161,0,5.01
fold2_room1_mix1296,83,6,0,-37,-4,0.92
fold2_room1_mix1296,84,6,0,-45,-3,0.97
fold2_room1_mix1296,85,6,0,-54,-2,1.05
fold2_room1_mix1296,86,6,0,-75,-2,0.86
fold2_room1_mix1296,87,6,0,-93,-2,0.91
fold2_room1_mix1296,88,6,0,-118,-1,1.02
fold2_room1_mix1296,89,6,0,-134,-2,1.13
fold2_room1_mix1296,90,6,0,-143,-2,1.21
fold2_room1_mix1297,37,6,0,-21,-4,0.89
fold2_room1_mix1297,40,6,0,-37,-4,1.77
fold2_room1_mix1297,41,6,0,-45,-2,1.73
fold2_room1_mix1297,42,6,0,-64,-2,1.26
fold2_room1_mix1297,43,6,0,-91,-2,1.25
fold2_room1_mix1297,44,6,0,-115,-2,1.38
fold2_room1_mix1297,45,6,0,-132,-2,1.46
fold2_room1_mix1297,46,6,0,-143,-2,2.09
fold2_room1_mix1297,47,6,0,-152,-1,2.30
fold2_room1_mix1297,48,6,0,-158,-2,2.45
fold2_room1_mix1297,49,6,0,-163,-1,1.58
fold2_room1_mix1299,2,6,0,173,-3,1.78
fold2_room1_mix1299,3,6,0,177,-4,2.51
fold2_room1_mix1299,4,6,0,172,-3,3.51
fold2_room1_mix1299,5,6,0,167,-3,3.44
fold2_room1_mix1299,6,6,0,168,-3,3.62
fold2_room1_mix1299,7,6,0,170,-2,4.03
fold2_room1_mix1299,8,6,0,166,-2,4.17
fold2_room1_mix1299,9,6,0,170,-2,4.13
fold2_room1_mix1299,10,6,0,166,-2,4.28
fold2_room1_mix1299,11,6,0,174,-1,1.48
fold2_room1_mix1299,12,6,0,-177,-2,2.84
fold2_room1_mix1299,14,6,0,179,-3,2.62
fold2_room1_mix1299,15,6,0,176,-2,3.50
fold2_room1_mix1299,16,6,0,-176,-3,2.22
fold2_room1_mix1299,17,6,0,173,-2,3.56
fold2_room1_mix1299,18,6,0,168,-2,3.49
fold2_room1_mix1299,19,6,0,173,-2,3.03
fold2_room1_mix1299,20,6,0,173,-2,3.64
fold2_room1_mix1299,21,6,0,168,-2,3.55
fold2_room1_mix1299,22,6,0,160,-2,3.51
fold2_room1_mix1299,23,6,0,161,-1,3.47
fold2_room1_mix1299,24,6,0,162,-1,3.20
fold2_room1_mix1299,25,6,0,166,-1,3.82
fold2_room1_mix1299,26,6,0,160,-1,3.91
fold2_room1_mix1299,27,6,0,158,-1,3.44
fold2_room1_mix1299,28,6,0,157,-1,3.56
fold2_room1_mix1299,29,6,0,157,-1,3.32
fold2_room1_mix1299,30,6,0,155,-2,3.24
fold2_room1_mix1299,31,6,0,158,-2,3.31
fold2_room1_mix1299,32,6,0,154,-2,3.16
fold2_room1_mix1299,33,6,0,153,-2,3.20
fold2_room1_mix1299,34,6,0,152,-2,3.15
fold2_room1_mix1299,35,6,0,153,-1,3.30
fold2_room1_mix1299,36,6,0,151,-2,3.08
fold2_room1_mix1299,37,6,0,150,-2,3.03
fold2_room1_mix1299,38,6,0,148,-2,2.93
fold2_room1_mix1299,39,6,0,147,-2,2.89
fold2_room1_mix1299,40,6,0,144,-2,2.68
fold2_room1_mix1299,41,6,0,143,-2,2.59
fold2_room1_mix1299,42,6,0,141,-2,2.60
fold2_room1_mix1299,43,6,0,137,-3,2.45
fold2_room1_mix1299,44,6,0,138,-2,2.43
fold2_room1_mix1299,45,6,0,130,-3,2.20
fold2_room1_mix1299,46,6,0,125,-2,2.00
fold2_room1_mix1299,47,6,0,126,-4,2.18
fold2_room1_mix1299,48,6,0,119,-4,1.86
fold2_room1_mix1299,49,6,0,117,-3,2.00
fold2_room1_mix1299,50,6,0,106,-3,1.83
fold2_room1_mix1299,51,6,0,101,-2,1.71
fold2_room1_mix1299,52,6,0,98,-2,1.81
fold2_room1_mix1299,53,6,0,98,-1,1.79
fold2_room1_mix1299,54,6,0,92,0,1.70
fold2_room1_mix1299,55,6,0,87,0,1.72
fold2_room1_mix1299,56,6,0,83,0,1.69
fold2_room1_mix1299,57,6,0,77,0,1.74
fold2_room1_mix1299,58,6,0,76,0,1.74
fold2_room1_mix1299,59,6,0,71,0,1.75
fold2_room1_mix1299,60,6,0,67,0,1.82
fold2_room1_mix1299,61,6,0,63,0,1.95
fold2_room1_mix1299,62,6,0,58,0,2.04
fold2_room1_mix1299,63,6,0,56,0,2.01
fold2_room1_mix1299,64,6,0,54,0,2.06
fold2_room1_mix1299,65,6,0,49,0,2.32
fold2_room1_mix1299,66,6,0,46,0,2.42
fold2_room1_mix1299,67,6,0,43,0,2.63
fold2_room1_mix1299,68,6,0,43,0,2.70
fold2_room1_mix1299,69,6,0,39,0,2.94
fold2_room1_mix1299,70,6,0,40,0,2.90
fold2_room1_mix1299,71,6,0,37,0,2.89
fold2_room1_mix1299,72,6,0,34,0,3.18
fold2_room1_mix1299,73,6,0,35,0,3.11
fold2_room1_mix1299,74,6,0,34,0,3.15
fold2_room1_mix1299,75,6,0,33,0,3.37
fold2_room1_mix1299,76,6,0,30,0,3.40
fold2_room1_mix1299,77,6,0,30,-1,3.15
fold2_room1_mix1299,78,6,0,29,0,3.45
fold2_room1_mix1299,79,6,0,27,0,3.70
fold2_room1_mix1299,80,6,0,25,-1,3.09
fold2_room1_mix1299,81,6,0,25,-1,3.40
fold2_room1_mix1299,82,6,0,26,0,3.28
fold2_room1_mix1299,83,6,0,23,0,3.51
fold2_room1_mix1300,0,6,0,-153,-4,0.96
fold2_room1_mix1300,1,6,0,-159,-2,1.16
fold2_room1_mix1300,2,6,0,-150,-2,2.28
fold2_room1_mix1300,3,6,0,-149,-2,2.58
fold2_room1_mix1300,4,6,0,-151,-3,2.68
fold2_room1_mix1300,5,6,0,-147,-3,2.77
fold2_room1_mix1300,6,6,0,-152,-3,2.90
fold2_room1_mix1300,7,6,0,-151,-2,3.22
fold2_room1_mix1300,8,6,0,-150,-2,3.13
fold2_room1_mix1300,9,6,0,-151,-2,3.15
fold2_room1_mix1300,10,6,0,-152,-4,2.89
fold2_room1_mix1300,11,6,0,-152,-2,3.06
fold2_room1_mix1300,12,6,0,-151,-2,2.82
fold2_room1_mix1300,13,6,0,-147,-2,2.74
fold2_room1_mix1300,14,6,0,-150,-3,2.76
fold2_room1_mix1300,15,6,0,-149,-2,2.90
fold2_room1_mix1300,16,6,0,-151,-3,2.90
fold2_room1_mix1300,17,6,0,-150,-2,3.12
fold2_room1_mix1300,18,6,0,-151,-2,2.98
fold2_room1_mix1300,19,6,0,-151,-2,2.96
fold2_room1_mix1300,20,6,0,-149,-2,2.84
fold2_room1_mix1300,21,6,0,-150,-2,2.98
fold2_room1_mix1300,22,6,0,-150,-3,2.93
fold2_room1_mix1300,23,6,0,-150,-3,2.80
fold2_room1_mix1300,24,6,0,-147,-3,2.81
fold2_room1_mix1300,25,6,0,-152,-2,3.30
fold2_room1_mix1300,26,6,0,-150,-3,2.79
fold2_room1_mix1300,27,6,0,-151,-2,3.15
fold2_room1_mix1300,28,6,0,-152,-2,3.17
fold2_room1_mix1300,29,6,0,-154,-2,3.09
fold2_room1_mix1300,30,6,0,-153,-2,3.26
fold2_room1_mix1300,31,6,0,-153,-2,3.27
fold2_room1_mix1300,32,6,0,-152,-2,2.92
fold2_room1_mix1300,33,6,0,-149,-3,2.97
fold2_room1_mix1300,34,6,0,-150,-3,2.90
fold2_room1_mix1300,35,6,0,-149,-3,2.95
fold2_room1_mix1300,36,6,0,-151,-3,2.86
fold2_room1_mix1300,37,6,0,-151,-3,2.70
fold2_room1_mix1300,38,6,0,-153,-3,2.43
fold2_room1_mix1300,39,6,0,-154,-2,3.01
fold2_room1_mix1300,40,6,0,-152,-3,2.91
fold2_room1_mix1300,41,6,0,-148,-3,2.81
fold2_room1_mix1300,42,6,0,-150,-4,2.70
fold2_room1_mix1300,43,6,0,-146,-4,2.65
fold2_room1_mix1300,44,6,0,-148,-3,2.66
fold2_room1_mix1300,45,6,0,-147,-4,2.59
fold2_room1_mix1300,46,6,0,-148,-4,2.67
fold2_room1_mix1300,47,6,0,-149,-3,2.67
fold2_room1_mix1300,48,6,0,-151,-3,2.75
fold2_room1_mix1300,49,6,0,-151,-3,2.77
fold2_room1_mix1300,50,6,0,-149,-4,2.71
fold2_room1_mix1300,51,6,0,-150,-3,2.78
fold2_room1_mix1300,52,6,0,-147,-3,2.70
fold2_room1_mix1300,53,6,0,-148,-3,2.72
fold2_room1_mix1300,54,6,0,-148,-4,2.59
fold2_room1_mix1300,55,6,0,-152,-3,2.95
fold2_room1_mix1300,56,6,0,-150,-3,2.69
fold2_room1_mix1300,57,6,0,-148,-4,2.73
fold2_room1_mix1300,58,6,0,-153,-3,2.91
fold2_room1_mix1300,59,6,0,-151,-3,2.84
fold2_room1_mix1300,60,6,0,-151,-3,2.81
fold2_room1_mix1300,61,6,0,-148,-4,2.81
fold2_room1_mix1300,62,6,0,-148,-4,2.71
fold2_room1_mix1300,63,6,0,-149,-4,2.68
fold2_room1_mix1300,64,6,0,-152,-4,2.79
fold2_room1_mix1300,65,6,0,-148,-4,2.73
fold2_room1_mix1300,66,6,0,-148,-4,2.68
fold2_room1_mix1300,67,6,0,-147,-4,2.67
fold2_room1_mix1300,68,6,0,-148,-3,2.87
fold2_room1_mix1300,69,6,0,-146,-4,2.61
fold2_room1_mix1300,70,6,0,-147,-3,2.66
fold2_room1_mix1300,71,6,0,-149,-3,2.69
fold2_room1_mix1300,72,6,0,-149,-3,2.84
fold2_room1_mix1300,73,6,0,-149,-4,2.81
fold2_room1_mix1300,74,6,0,-150,-3,2.82
fold2_room1_mix1300,75,6,0,-150,-3,2.83
fold2_room1_mix1300,76,6,0,-147,-3,2.69
fold2_room1_mix1300,77,6,0,-145,-5,2.65
fold2_room1_mix1300,78,6,0,-145,-4,2.56
fold2_room1_mix1300,79,6,0,-146,-4,2.61
fold2_room1_mix1300,80,6,0,-148,-3,2.76
fold2_room1_mix1300,81,6,0,-148,-4,2.59
fold2_room1_mix1300,82,6,0,-150,-3,2.86
fold2_room1_mix1300,83,6,0,-150,-3,2.91
fold2_room1_mix1300,84,6,0,-147,-4,2.73
fold2_room1_mix1300,85,6,0,-148,-3,2.81
fold2_room1_mix1300,86,6,0,-145,-3,2.64
fold2_room1_mix1300,87,6,0,-148,-3,2.74
fold2_room1_mix1300,88,6,0,-150,-3,2.93
fold2_room1_mix1300,89,6,0,-148,-3,2.79
fold2_room1_mix1300,90,6,0,-148,-3,2.70
fold2_room1_mix1300,91,6,0,-147,-3,2.63
fold2_room1_mix1300,92,6,0,-146,-3,2.66
fold2_room1_mix1300,93,6,0,-146,-4,2.67
fold2_room1_mix1300,94,6,0,-145,-4,2.54
fold2_room1_mix1300,95,6,0,-147,-3,2.63
fold2_room1_mix1300,96,6,0,-147,-3,2.67
fold2_room1_mix1300,97,6,0,-147,-4,2.58
fold2_room1_mix1300,98,6,0,-148,-4,2.72
fold2_room1_mix1300,99,6,0,-149,-3,2.74
fold2_room1_mix1301,70,6,0,9,-2,3.47
fold2_room1_mix1301,71,6,0,26,-1,3.44
fold2_room1_mix1301,72,6,0,24,-1,3.95
fold2_room1_mix1301,73,6,0,31,-1,3.95
fold2_room1_mix1301,74,6,0,34,-1,3.78
fold2_room1_mix1301,75,6,0,40,-1,3.03
fold2_room1_mix1301,76,6,0,49,-1,2.88
fold2_room1_mix1301,77,6,0,55,-1,2.74
fold2_room1_mix1301,78,6,0,63,-1,2.12
fold2_room1_mix1301,79,6,0,75,-1,2.09
fold2_room1_mix1301,80,6,0,89,-2,2.07
fold2_room1_mix1301,81,6,0,108,-1,2.15
fold2_room1_mix1301,82,6,0,123,-1,2.27
fold2_room1_mix1301,83,6,0,128,-1,2.55
fold2_room1_mix1301,84,6,0,138,-1,2.89
fold2_room1_mix1301,85,6,0,142,-1,2.88
fold2_room1_mix1301,86,6,0,147,-1,3.20
fold2_room1_mix1301,87,6,0,150,-1,3.42
fold2_room1_mix1301,88,6,0,154,-1,3.83
fold2_room1_mix1301,89,6,0,154,-1,3.64
fold2_room1_mix1301,90,6,0,158,-1,3.93
fold2_room1_mix1301,91,6,0,160,-1,4.44
fold2_room1_mix1301,92,6,0,163,-1,2.98
fold2_room1_mix1301,93,6,0,165,-1,4.21
fold2_room1_mix1302,44,6,0,-18,-2,2.74
fold2_room1_mix1302,45,6,0,-18,-1,3.86
fold2_room1_mix1302,46,6,0,-16,-2,4.28
fold2_room1_mix1302,47,6,0,-13,-1,4.85
fold2_room1_mix1302,48,6,0,-13,-1,4.72
fold2_room1_mix1302,49,6,0,-13,-1,4.40
fold2_room1_mix1302,50,6,0,-13,-1,4.12
fold2_room1_mix1302,51,6,0,-15,-1,4.08
fold2_room1_mix1302,52,6,0,-14,-1,4.26
fold2_room1_mix1302,53,6,0,-16,-1,3.95
fold2_room1_mix1302,54,6,0,-17,-1,3.63
fold2_room1_mix1302,55,6,0,-16,-1,3.56
fold2_room1_mix1302,56,6,0,-19,-1,3.30
fold2_room1_mix1302,57,6,0,-22,-2,2.94
fold2_room1_mix1302,58,6,0,-26,-2,2.64
fold2_room1_mix1302,59,6,0,-30,-1,2.35
fold2_room1_mix1302,60,6,0,-32,-1,2.35
fold2_room1_mix1302,61,6,0,-44,-1,1.76
fold2_room1_mix1302,62,6,0,-52,-1,1.44
fold2_room1_mix1302,63,6,0,-61,0,1.17
fold2_room1_mix1302,64,6,0,-76,0,1.06
fold2_room1_mix1302,65,6,0,-101,0,1.10
fold2_room1_mix1302,66,6,0,-117,0,1.08
fold2_room1_mix1302,67,6,0,-129,0,1.32
fold2_room1_mix1302,68,6,0,-139,0,1.82
fold2_room1_mix1302,69,6,0,-146,0,2.20
fold2_room1_mix1302,70,6,0,-151,0,2.56
fold2_room1_mix1302,71,6,0,-155,0,2.77
fold2_room1_mix1302,72,6,0,-157,0,2.91
fold2_room1_mix1302,73,6,0,-158,0,3.10
fold2_room1_mix1302,74,6,0,-161,0,3.03
fold2_room1_mix1302,75,6,0,-162,0,3.19
fold2_room1_mix1302,76,6,0,-162,0,3.34
fold2_room1_mix1302,77,6,0,-164,0,3.62
fold2_room1_mix1302,78,6,0,-163,0,3.62
fold2_room1_mix1302,79,6,0,-164,0,3.79
fold2_room1_mix1302,80,6,0,-165,0,4.01
fold2_room1_mix1302,81,6,0,-166,0,4.19
fold2_room1_mix1302,82,6,0,-166,0,4.04
fold2_room1_mix1302,83,6,0,-167,0,4.72
fold2_room1_mix1302,84,6,0,-166,0,4.44
fold2_room1_mix1302,85,6,0,-170,0,4.55
fold2_room1_mix1302,87,6,0,-171,0,5.12
fold2_room1_mix1302,88,6,0,-172,0,2.67
fold2_room1_mix1302,89,6,0,-173,0,3.63
fold2_room1_mix1302,91,6,0,-172,0,2.51
fold2_room1_mix1303,48,6,0,-171,-2,1.36
fold2_room1_mix1303,50,6,0,-168,-3,1.31
fold2_room1_mix1303,51,6,0,-167,-3,3.24
fold2_room1_mix1303,52,6,0,-161,-3,3.19
fold2_room1_mix1303,53,6,0,-158,-3,3.32
fold2_room1_mix1303,54,6,0,-156,-3,3.41
fold2_room1_mix1303,55,6,0,-165,-1,1.41
fold2_room1_mix1303,56,6,0,-155,-2,3.47
fold2_room1_mix1303,57,6,0,-151,-3,3.19
fold2_room1_mix1303,58,6,0,-151,-3,3.22
fold2_room1_mix1303,59,6,0,-147,-3,2.68
fold2_room1_mix1303,60,6,0,-142,-3,2.65
fold2_room1_mix1303,61,6,0,-140,-3,2.43
fold2_room1_mix1303,62,6,0,-131,-4,2.16
fold2_room1_mix1303,63,6,0,-130,-3,2.18
fold2_room1_mix1303,64,6,0,-120,-3,1.80
fold2_room1_mix1303,65,6,0,-108,-3,1.63
fold2_room1_mix1303,66,6,0,-99,-4,1.61
fold2_room1_mix1303,67,6,0,-89,-3,1.46
fold2_room1_mix1303,68,6,0,-80,-3,1.45
fold2_room1_mix1303,69,6,0,-71,-2,1.57
fold2_room1_mix1303,70,6,0,-63,-2,1.57
fold2_room1_mix1303,71,6,0,-58,-2,1.71
fold2_room1_mix1303,72,6,0,-52,-1,1.89
fold2_room1_mix1303,73,6,0,-48,-1,2.03
fold2_room1_mix1303,74,6,0,-42,-1,2.18
fold2_room1_mix1303,75,6,0,-39,-1,2.18
fold2_room1_mix1303,76,6,0,-35,-1,2.41
fold2_room1_mix1303,77,6,0,-31,-1,2.59
fold2_room1_mix1303,78,6,0,-30,-1,2.61
fold2_room1_mix1303,79,6,0,-28,-1,2.83
fold2_room1_mix1303,80,6,0,-24,-1,3.03
fold2_room1_mix1303,81,6,0,-23,-1,3.32
fold2_room1_mix1303,82,6,0,-23,-1,3.39
fold2_room1_mix1303,83,6,0,-22,-1,3.25
fold2_room1_mix1304,37,6,0,-29,-4,2.04
fold2_room1_mix1304,38,6,0,-25,-3,1.51
fold2_room1_mix1304,41,6,0,-27,-3,2.76
fold2_room1_mix1304,42,6,0,-30,-3,2.83
fold2_room1_mix1304,43,6,0,-32,-3,2.64
fold2_room1_mix1304,44,6,0,-29,-2,3.05
fold2_room1_mix1304,45,6,0,-33,-2,2.66
fold2_room1_mix1304,46,6,0,-40,-3,2.55
fold2_room1_mix1304,47,6,0,-39,-2,2.68
fold2_room1_mix1304,48,6,0,-41,-2,2.43
fold2_room1_mix1304,49,6,0,-48,-2,2.25
fold2_room1_mix1304,50,6,0,-53,-2,1.99
fold2_room1_mix1304,51,6,0,-61,-2,1.79
fold2_room1_mix1304,52,6,0,-68,-2,1.68
fold2_room1_mix1304,53,6,0,-75,-1,1.44
fold2_room1_mix1304,54,6,0,-82,-2,1.42
fold2_room1_mix1304,55,6,0,-89,-1,1.40
fold2_room1_mix1304,56,6,0,-103,-1,1.49
fold2_room1_mix1304,57,6,0,-109,-1,1.43
fold2_room1_mix1304,58,6,0,-116,0,1.50
fold2_room1_mix1304,59,6,0,-123,-1,1.63
fold2_room1_mix1304,60,6,0,-128,0,1.83
fold2_room1_mix1304,61,6,0,-132,0,1.98
fold2_room1_mix1304,62,6,0,-141,0,2.40
fold2_room1_mix1304,63,6,0,-143,0,2.32
fold2_room1_mix1304,64,6,0,-144,0,2.60
fold2_room1_mix1304,65,6,0,-147,0,2.69
fold2_room1_mix1304,66,6,0,-150,0,2.76
fold2_room1_mix1304,67,6,0,-149,-1,2.83
fold2_room1_mix1304,68,6,0,-153,-1,2.72
fold2_room1_mix1304,69,6,0,-156,-1,2.93
fold2_room1_mix1304,70,6,0,-154,-1,3.06
fold2_room1_mix1304,71,6,0,-155,-1,3.48
fold2_room1_mix1304,72,6,0,-157,0,3.68
fold2_room1_mix1304,73,6,0,-159,-1,3.03
fold2_room1_mix1306,52,6,0,-38,-4,1.41
fold2_room1_mix1306,53,6,0,-41,-4,1.94
fold2_room1_mix1306,54,6,0,-46,-2,2.07
fold2_room1_mix1306,55,6,0,-59,-4,1.70
fold2_room1_mix1306,56,6,0,-72,-4,1.50
fold2_room1_mix1306,57,6,0,-90,-4,1.59
fold2_room1_mix1306,58,6,0,-108,-3,1.54
fold2_room1_mix1306,59,6,0,-128,-3,1.78
fold2_room1_mix1306,60,6,0,-138,-3,2.18
fold2_room1_mix1306,61,6,0,-149,-3,2.64
fold2_room1_mix1306,62,6,0,-152,-2,2.75
fold2_room1_mix1306,63,6,0,-157,-2,2.83
fold2_room1_mix1306,64,6,0,-161,-2,1.24
fold2_room1_mix1307,76,6,0,-103,-5,0.47
fold2_room1_mix1307,77,6,0,-84,-5,1.00
fold2_room1_mix1307,78,6,0,-68,-4,1.04
fold2_room1_mix1307,79,6,0,-63,-4,0.63
fold2_room1_mix1311,33,6,0,-21,-3,1.65
fold2_room1_mix1311,34,6,0,-24,-3,1.49
fold2_room1_mix1311,35,6,0,-21,-3,2.08
fold2_room1_mix1311,36,6,0,-23,-3,2.29
fold2_room1_mix1311,37,6,0,-24,-3,2.82
fold2_room1_mix1311,38,6,0,-25,-4,2.03
fold2_room1_mix1311,39,6,0,-24,-3,2.71
fold2_room1_mix1311,40,6,0,-24,-3,2.56
fold2_room1_mix1311,41,6,0,-25,-3,2.37
fold2_room1_mix1311,42,6,0,-24,-3,2.53
fold2_room1_mix1311,43,6,0,-26,-2,2.58
fold2_room1_mix1311,44,6,0,-26,-2,2.44
fold2_room1_mix1311,45,6,0,-29,-2,2.20
fold2_room1_mix1311,46,6,0,-33,-2,1.98
fold2_room1_mix1311,47,6,0,-34,-1,2.07
fold2_room1_mix1311,48,6,0,-36,-1,1.80
fold2_room1_mix1311,49,6,0,-40,-1,1.60
fold2_room1_mix1311,50,6,0,-45,-1,1.34
fold2_room1_mix1311,51,6,0,-50,-1,1.23
fold2_room1_mix1311,52,6,0,-54,0,1.32
fold2_room1_mix1311,53,6,0,-60,0,1.15
fold2_room1_mix1311,54,6,0,-71,0,0.98
fold2_room1_mix1311,55,6,0,-79,0,0.97
fold2_room1_mix1311,56,6,0,-87,1,0.86
fold2_room1_mix1311,57,6,0,-101,1,0.89
fold2_room1_mix1311,58,6,0,-111,1,0.87
fold2_room1_mix1311,59,6,0,-118,1,0.88
fold2_room1_mix1311,60,6,0,-124,1,0.97
fold2_room1_mix1311,61,6,0,-127,0,1.03
fold2_room1_mix1311,62,6,0,-133,0,1.17
fold2_room1_mix1311,63,6,0,-139,0,1.45
fold2_room1_mix1311,64,6,0,-142,0,1.51
fold2_room1_mix1311,65,6,0,-144,0,1.66
fold2_room1_mix1311,66,6,0,-147,0,1.78
fold2_room1_mix1311,67,6,0,-152,0,2.04
fold2_room1_mix1311,68,6,0,-154,0,2.14
fold2_room1_mix1311,69,6,0,-155,0,2.10
fold2_room1_mix1311,70,6,0,-155,0,2.21
fold2_room1_mix1311,71,6,0,-158,0,2.51
fold2_room1_mix1311,72,6,0,-157,0,2.40
fold2_room1_mix1311,73,6,0,-160,0,2.58
fold2_room1_mix1311,74,6,0,-161,0,2.67
fold2_room1_mix1311,75,6,0,-159,-1,2.33
fold2_room1_mix1311,76,6,0,-160,0,2.69
fold2_room1_mix1311,77,6,0,-161,-1,2.75
fold2_room1_mix1311,78,6,0,-162,0,2.85
fold2_room1_mix1311,79,6,0,-162,-1,2.68
fold2_room1_mix1311,80,6,0,-165,-1,1.36
fold2_room1_mix1311,81,6,0,-165,-1,1.90
fold2_room1_mix1311,82,6,0,-165,-1,3.02
fold2_room1_mix1312,76,6,0,27,-2,2.50
fold2_room1_mix1312,77,6,0,31,-3,1.56
fold2_room1_mix1312,78,6,0,31,-3,2.45
fold2_room1_mix1312,79,6,0,33,-1,2.34
fold2_room1_mix1312,80,6,0,32,-1,2.64
fold2_room1_mix1312,81,6,0,33,-2,1.72
fold2_room1_mix1312,82,6,0,33,-1,2.59
fold2_room1_mix1312,83,6,0,38,-1,2.37
fold2_room1_mix1312,84,6,0,37,-1,2.50
fold2_room1_mix1312,85,6,0,42,-1,1.95
fold2_room1_mix1312,86,6,0,45,0,1.79
fold2_room1_mix1312,87,6,0,52,0,1.52
fold2_room1_mix1312,88,6,0,57,0,1.32
fold2_room1_mix1312,89,6,0,62,1,1.13
fold2_room1_mix1312,90,6,0,69,2,1.11
fold2_room1_mix1312,91,6,0,77,2,1.06
fold2_room1_mix1312,92,6,0,84,2,1.14
fold2_room1_mix1312,93,6,0,100,3,1.06
fold2_room1_mix1312,94,6,0,113,2,1.34
fold2_room1_mix1312,95,6,0,113,2,1.46
fold2_room1_mix1312,96,6,0,124,1,1.50
fold2_room1_mix1312,97,6,0,130,1,1.61
fold2_room1_mix1312,98,6,0,136,1,1.65
fold2_room1_mix1312,99,6,0,140,0,1.78
fold2_room1_mix1313,0,6,0,174,-4,0.94
fold2_room1_mix1313,1,6,0,175,-2,1.14
fold2_room1_mix1313,2,6,0,175,-2,2.71
fold2_room1_mix1313,3,6,0,177,-2,4.25
fold2_room1_mix1313,4,6,0,174,-3,4.69
fold2_room1_mix1313,5,6,0,175,-2,5.62
fold2_room1_mix1313,6,6,0,177,-2,5.86
fold2_room1_mix1313,7,6,0,-179,-2,7.05
fold2_room1_mix1313,8,6,0,-179,-2,6.53
fold2_room1_mix1313,9,6,0,-179,-2,6.92
fold2_room1_mix1313,10,6,0,179,-2,6.27
fold2_room1_mix1313,11,6,0,-179,-2,6.14
fold2_room1_mix1313,12,6,0,173,-2,5.80
fold2_room1_mix1313,13,6,0,172,-2,6.23
fold2_room1_mix1313,14,6,0,171,-2,6.64
fold2_room1_mix1313,15,6,0,173,-2,6.42
fold2_room1_mix1313,16,6,0,171,-2,6.30
fold2_room1_mix1313,17,6,0,170,-2,6.65
fold2_room1_mix1313,18,6,0,172,-1,6.72
fold2_room1_mix1313,19,6,0,172,-2,6.37
fold2_room1_mix1313,20,6,0,173,-2,5.89
fold2_room1_mix1313,21,6,0,173,-2,6.09
fold2_room1_mix1313,22,6,0,170,-2,6.19
fold2_room1_mix1313,23,6,0,169,-2,6.01
fold2_room1_mix1313,24,6,0,168,-2,6.06
fold2_room1_mix1313,25,6,0,170,-2,6.26
fold2_room1_mix1313,26,6,0,169,-2,5.83
fold2_room1_mix1313,27,6,0,168,-2,6.03
fold2_room1_mix1313,28,6,0,166,-2,5.81
fold2_room1_mix1313,29,6,0,165,-2,5.82
fold2_room1_mix1313,30,6,0,161,-2,5.30
fold2_room1_mix1313,31,6,0,163,-2,5.78
fold2_room1_mix1313,32,6,0,166,-1,5.37
fold2_room1_mix1313,33,6,0,163,-1,5.70
fold2_room1_mix1313,34,6,0,164,-1,5.56
fold2_room1_mix1313,35,6,0,164,-1,5.87
fold2_room1_mix1313,36,6,0,163,-1,5.38
fold2_room1_mix1313,37,6,0,163,-1,5.48
fold2_room1_mix1313,38,6,0,162,-1,5.27
fold2_room1_mix1313,39,6,0,161,-1,5.09
fold2_room1_mix1313,40,6,0,161,-1,4.95
fold2_room1_mix1313,41,6,0,158,-1,4.87
fold2_room1_mix1313,42,6,0,156,-1,4.15
fold2_room1_mix1313,43,6,0,155,-2,4.14
fold2_room1_mix1313,44,6,0,153,-1,3.59
fold2_room1_mix1313,45,6,0,152,-2,3.60
fold2_room1_mix1313,46,6,0,153,-1,3.50
fold2_room1_mix1313,47,6,0,152,-1,3.39
fold2_room1_mix1313,48,6,0,150,-2,3.45
fold2_room1_mix1313,49,6,0,150,-2,3.37
fold2_room1_mix1313,50,6,0,147,-2,3.19
fold2_room1_mix1313,51,6,0,147,-2,3.04
fold2_room1_mix1313,52,6,0,144,-2,2.92
fold2_room1_mix1313,53,6,0,142,-2,2.88
fold2_room1_mix1313,54,6,0,141,-1,2.81
fold2_room1_mix1313,55,6,0,137,-2,2.71
fold2_room1_mix1313,56,6,0,133,-1,2.48
fold2_room1_mix1313,57,6,0,130,-2,2.38
fold2_room1_mix1313,58,6,0,125,-1,2.30
fold2_room1_mix1313,59,6,0,119,-2,2.16
fold2_room1_mix1313,60,6,0,112,0,1.91
fold2_room1_mix1313,61,6,0,102,0,1.92
fold2_room1_mix1313,62,6,0,100,0,1.81
fold2_room1_mix1313,63,6,0,95,0,1.86
fold2_room1_mix1313,64,6,0,90,0,1.75
fold2_room1_mix1313,65,6,0,84,0,1.72
fold2_room1_mix1313,66,6,0,82,1,1.74
fold2_room1_mix1313,67,6,0,79,1,1.71
fold2_room1_mix1313,68,6,0,75,1,1.78
fold2_room1_mix1313,69,6,0,71,2,1.76
fold2_room1_mix1313,70,6,0,68,1,1.82
fold2_room1_mix1313,71,6,0,64,1,1.89
fold2_room1_mix1313,72,6,0,59,1,1.92
fold2_room1_mix1313,73,6,0,57,0,2.00
fold2_room1_mix1313,74,6,0,54,0,2.22
fold2_room1_mix1313,75,6,0,50,0,2.22
fold2_room1_mix1313,76,6,0,49,0,2.22
fold2_room1_mix1313,77,6,0,44,0,2.45
fold2_room1_mix1313,78,6,0,44,0,2.34
fold2_room1_mix1313,79,6,0,39,0,2.81
fold2_room1_mix1313,80,6,0,37,0,2.74
fold2_room1_mix1313,81,6,0,37,0,2.86
fold2_room1_mix1313,82,6,0,35,0,2.99
fold2_room1_mix1313,83,6,0,34,0,3.18
fold2_room1_mix1313,84,6,0,32,0,3.22
fold2_room1_mix1313,85,6,0,31,0,3.26
fold2_room1_mix1313,86,6,0,31,0,3.25
fold2_room1_mix1313,87,6,0,29,0,3.80
fold2_room1_mix1313,88,6,0,29,0,3.54
fold2_room1_mix1313,89,6,0,29,0,3.70
fold2_room1_mix1313,90,6,0,29,0,3.82
fold2_room1_mix1313,91,6,0,25,0,4.25
fold2_room1_mix1313,92,6,0,25,0,4.24
fold2_room1_mix1313,93,6,0,24,0,4.52
fold2_room1_mix1313,94,6,0,25,0,4.90
fold2_room1_mix1313,95,6,0,24,-1,4.84
fold2_room1_mix1313,96,6,0,25,0,4.75
fold2_room1_mix1313,97,6,0,22,0,5.05
fold2_room1_mix1313,98,6,0,21,0,5.72
fold2_room1_mix1313,99,6,0,21,0,5.96
fold2_room1_mix1317,2,6,0,-38,-1,1.56
fold2_room1_mix1317,3,6,0,-38,-1,1.10
fold2_room1_mix1317,4,6,0,-31,-2,2.59
fold2_room1_mix1317,5,6,0,-33,-3,3.00
fold2_room1_mix1317,6,6,0,-30,-3,3.12
fold2_room1_mix1317,7,6,0,-26,-2,3.82
fold2_room1_mix1317,8,6,0,-27,-2,3.57
fold2_room1_mix1317,9,6,0,-26,-2,3.70
fold2_room1_mix1317,11,6,0,-28,-2,3.38
fold2_room1_mix1317,12,6,0,-29,-2,3.37
fold2_room1_mix1317,13,6,0,-28,-2,3.07
fold2_room1_mix1317,14,6,0,-27,-2,3.39
fold2_room1_mix1317,15,6,0,-30,-2,3.26
fold2_room1_mix1317,16,6,0,-26,-2,3.29
fold2_room1_mix1317,17,6,0,-27,-2,3.23
fold2_room1_mix1317,18,6,0,-28,-2,3.39
fold2_room1_mix1317,19,6,0,-28,-1,3.35
fold2_room1_mix1317,20,6,0,-32,-2,3.05
fold2_room1_mix1317,21,6,0,-38,-2,2.82
fold2_room1_mix1317,22,6,0,-38,-2,2.74
fold2_room1_mix1317,23,6,0,-33,-1,3.13
fold2_room1_mix1317,24,6,0,-37,-2,3.02
fold2_room1_mix1317,25,6,0,-39,-2,2.73
fold2_room1_mix1317,26,6,0,-44,-2,2.64
fold2_room1_mix1317,27,6,0,-45,-2,2.57
fold2_room1_mix1317,28,6,0,-49,-2,2.17
fold2_room1_mix1317,29,6,0,-52,-3,2.08
fold2_room1_mix1317,30,6,0,-55,-2,2.14
fold2_room1_mix1317,31,6,0,-56,-2,2.09
fold2_room1_mix1317,32,6,0,-56,-2,2.17
fold2_room1_mix1317,33,6,0,-60,-2,2.02
fold2_room1_mix1317,34,6,0,-66,-1,1.89
fold2_room1_mix1317,35,6,0,-69,-3,1.90
fold2_room1_mix1317,36,6,0,-74,-2,1.81
fold2_room1_mix1317,37,6,0,-78,-2,1.78
fold2_room1_mix1317,38,6,0,-82,-2,1.78
fold2_room1_mix1317,39,6,0,-86,-2,1.70
fold2_room1_mix1317,40,6,0,-89,-2,1.66
fold2_room1_mix1317,41,6,0,-90,-2,1.69
fold2_room1_mix1317,42,6,0,-95,-1,1.72
fold2_room1_mix1317,43,6,0,-102,-2,1.87
fold2_room1_mix1317,44,6,0,-105,-1,1.75
fold2_room1_mix1317,45,6,0,-109,-2,1.83
fold2_room1_mix1317,46,6,0,-114,-1,1.88
fold2_room1_mix1317,47,6,0,-116,-2,1.93
fold2_room1_mix1317,48,6,0,-120,-2,1.99
fold2_room1_mix1317,49,6,0,-122,-2,2.08
fold2_room1_mix1317,50,6,0,-126,-1,2.24
fold2_room1_mix1317,51,6,0,-127,-1,2.23
fold2_room1_mix1317,52,6,0,-129,-1,2.25
fold2_room1_mix1317,53,6,0,-130,-1,2.34
fold2_room1_mix1317,54,6,0,-135,-1,2.52
fold2_room1_mix1317,55,6,0,-134,-1,2.50
fold2_room1_mix1317,56,6,0,-136,-2,2.54
fold2_room1_mix1317,57,6,0,-139,-1,2.80
fold2_room1_mix1317,58,6,0,-140,-1,2.75
fold2_room1_mix1317,59,6,0,-141,-1,2.84
fold2_room1_mix1317,60,6,0,-143,-1,3.06
fold2_room1_mix1317,61,6,0,-145,-2,3.07
fold2_room1_mix1317,62,6,0,-146,-1,3.12
fold2_room1_mix1317,63,6,0,-147,-1,3.21
fold2_room1_mix1317,64,6,0,-147,-1,3.29
fold2_room1_mix1317,65,6,0,-150,-1,3.58
fold2_room1_mix1317,66,6,0,-150,-2,3.35
fold2_room1_mix1317,67,6,0,-151,-1,3.54
fold2_room1_mix1317,68,6,0,-150,-2,3.27
fold2_room1_mix1317,69,6,0,-153,-2,3.41
fold2_room1_mix1317,70,6,0,-152,-2,3.42
fold2_room1_mix1317,71,6,0,-155,-2,3.62
fold2_room1_mix1317,72,6,0,-156,-2,3.08
fold2_room1_mix1317,73,6,0,-157,-2,2.23
fold2_room1_mix1317,74,6,0,-155,-2,2.79
fold2_room1_mix1317,75,6,0,-154,-2,3.26
fold2_room1_mix1317,76,6,0,-150,-2,3.08
fold2_room1_mix1317,77,6,0,-153,-2,3.38
fold2_room1_mix1317,80,6,0,-157,-2,1.90
fold2_room1_mix1317,84,6,0,-155,-2,3.00
fold2_room1_mix1317,85,6,0,-161,-2,3.25
fold2_room1_mix1317,86,6,0,-161,-2,2.75
fold2_room1_mix1318,43,6,0,-174,-1,4.83
fold2_room1_mix1318,44,6,0,-169,-1,4.65
fold2_room1_mix1318,45,6,0,-172,0,4.09
fold2_room1_mix1318,46,6,0,-165,-1,5.81
fold2_room1_mix1318,47,6,0,-168,-1,4.67
fold2_room1_mix1318,48,6,0,-164,-1,5.99
fold2_room1_mix1318,49,6,0,-162,-1,5.68
fold2_room1_mix1318,50,6,0,-162,-2,5.95
fold2_room1_mix1318,51,6,0,-158,-2,5.19
fold2_room1_mix1318,52,6,0,-158,-2,4.69
fold2_room1_mix1318,53,6,0,-156,-2,4.49
fold2_room1_mix1318,54,6,0,-154,-2,4.47
fold2_room1_mix1318,55,6,0,-152,-2,3.97
fold2_room1_mix1318,56,6,0,-149,-2,3.66
fold2_room1_mix1318,57,6,0,-141,-3,3.06
fold2_room1_mix1318,58,6,0,-139,-3,2.91
fold2_room1_mix1318,59,6,0,-131,-3,2.72
fold2_room1_mix1318,60,6,0,-119,-6,1.95
fold2_room1_mix1318,61,6,0,-105,-5,1.80
fold2_room1_mix1318,62,6,0,-91,-3,1.71
fold2_room1_mix1318,63,6,0,-76,-2,1.60
fold2_room1_mix1318,64,6,0,-65,-3,1.79
fold2_room1_mix1318,65,6,0,-56,-2,1.97
fold2_room1_mix1318,66,6,0,-47,-1,2.21
fold2_room1_mix1318,67,6,0,-41,-1,2.57
fold2_room1_mix1318,68,6,0,-35,-1,2.67
fold2_room1_mix1318,69,6,0,-28,-1,3.10
fold2_room1_mix1318,70,6,0,-27,0,3.18
fold2_room1_mix1318,71,6,0,-23,0,3.58
fold2_room1_mix1318,72,6,0,-23,0,3.80
fold2_room1_mix1318,73,6,0,-19,0,4.32
fold2_room1_mix1318,74,6,0,-16,0,5.00
fold2_room1_mix1318,75,6,0,-16,0,5.52
fold2_room1_mix1318,76,6,0,-15,0,5.37
fold2_room1_mix1318,77,6,0,-19,0,1.88
fold2_room1_mix1318,78,6,0,-17,0,2.54
fold2_room1_mix1318,79,6,0,-14,0,5.31
fold2_room1_mix1318,80,6,0,-15,0,5.21
fold2_room1_mix1318,81,6,0,-13,0,6.81
fold2_room1_mix1318,82,6,0,-17,0,5.10
fold2_room1_mix1318,84,6,0,-21,0,4.13
fold2_room1_mix1321,19,6,0,178,-2,1.32
fold2_room1_mix1321,20,6,0,-177,-2,2.09
fold2_room1_mix1321,24,6,0,-169,-2,4.08
fold2_room1_mix1321,25,6,0,-172,-2,3.17
fold2_room1_mix1321,26,6,0,-172,-2,3.37
fold2_room1_mix1321,27,6,0,-167,-3,3.23
fold2_room1_mix1321,28,6,0,-161,-4,3.23
fold2_room1_mix1321,29,6,0,-157,-4,2.99
fold2_room1_mix1321,30,6,0,-157,-5,3.08
fold2_room1_mix1321,31,6,0,-154,-3,2.92
fold2_room1_mix1321,32,6,0,-150,-4,2.59
fold2_room1_mix1321,33,6,0,-137,-5,2.07
fold2_room1_mix1321,34,6,0,-127,-3,1.61
fold2_room1_mix1321,35,6,0,-112,-2,1.38
fold2_room1_mix1321,36,6,0,-89,-1,1.17
fold2_room1_mix1321,37,6,0,-64,-1,1.21
fold2_room1_mix1321,38,6,0,-50,0,1.44
fold2_room1_mix1321,39,6,0,-40,0,1.69
fold2_room1_mix1321,40,6,0,-32,0,1.95
fold2_room1_mix1321,41,6,0,-25,0,2.32
fold2_room1_mix1321,42,6,0,-20,0,2.91
fold2_room1_mix1321,43,6,0,-16,0,3.13
fold2_room1_mix1321,44,6,0,-14,0,2.95
fold2_room1_mix1321,45,6,0,-15,0,3.06
fold2_room1_mix1321,46,6,0,-13,0,2.89
fold2_room1_mix1321,47,6,0,-12,0,3.53
fold2_room1_mix1321,48,6,0,-13,0,4.26
fold2_room1_mix1321,49,6,0,-12,0,2.88
fold2_room1_mix1321,51,6,0,-12,0,2.76
fold2_room1_mix1321,52,6,0,-14,0,3.38
fold2_room1_mix1322,2,6,0,-129,0,0.56
fold2_room1_mix1325,5,6,0,162,-3,2.06
fold2_room1_mix1325,7,6,0,168,-2,1.21
fold2_room1_mix1325,8,6,0,165,-2,1.75
fold2_room1_mix1325,9,6,0,160,-2,1.96
fold2_room1_mix1325,11,6,0,163,-3,1.00
fold2_room1_mix1325,12,6,0,156,-3,2.44
fold2_room1_mix1325,13,6,0,158,-2,2.22
fold2_room1_mix1325,14,6,0,156,-2,2.73
fold2_room1_mix1325,15,6,0,154,-3,2.21
fold2_room1_mix1325,16,6,0,153,-2,2.64
fold2_room1_mix1325,17,6,0,152,-2,2.64
fold2_room1_mix1325,18,6,0,151,-2,2.43
fold2_room1_mix1325,19,6,0,151,-2,2.46
fold2_room1_mix1325,20,6,0,150,-2,2.44
fold2_room1_mix1325,21,6,0,149,-2,2.28
fold2_room1_mix1325,22,6,0,149,-2,2.30
fold2_room1_mix1325,23,6,0,149,-1,2.43
fold2_room1_mix1325,24,6,0,150,-1,2.53
fold2_room1_mix1325,25,6,0,145,-1,2.36
fold2_room1_mix1325,26,6,0,142,-1,2.24
fold2_room1_mix1325,27,6,0,139,-2,2.08
fold2_room1_mix1325,28,6,0,137,-1,1.92
fold2_room1_mix1325,29,6,0,132,0,1.71
fold2_room1_mix1325,30,6,0,130,0,1.63
fold2_room1_mix1325,31,6,0,121,0,1.28
fold2_room1_mix1325,32,6,0,115,0,1.29
fold2_room1_mix1325,33,6,0,108,1,1.20
fold2_room1_mix1325,34,6,0,99,2,1.09
fold2_room1_mix1325,35,6,0,90,2,1.10
fold2_room1_mix1325,36,6,0,84,2,1.10
fold2_room1_mix1325,37,6,0,76,2,1.13
fold2_room1_mix1325,38,6,0,71,3,1.11
fold2_room1_mix1325,39,6,0,64,3,1.15
fold2_room1_mix1325,40,6,0,59,3,1.18
fold2_room1_mix1325,41,6,0,56,2,1.19
fold2_room1_mix1325,42,6,0,50,2,1.20
fold2_room1_mix1325,43,6,0,46,2,1.36
fold2_room1_mix1325,44,6,0,44,2,1.41
fold2_room1_mix1325,45,6,0,42,2,1.56
fold2_room1_mix1325,46,6,0,38,1,1.78
fold2_room1_mix1325,47,6,0,37,1,1.78
fold2_room1_mix1325,48,6,0,35,1,1.96
fold2_room1_mix1325,49,6,0,35,0,1.49
fold2_room1_mix1325,50,6,0,31,0,2.01
fold2_room1_mix1325,51,6,0,30,0,1.39
fold2_room1_mix1325,52,6,0,27,0,2.00
fold2_room1_mix1325,54,6,0,24,0,1.73
fold2_room1_mix1325,55,6,0,23,0,2.04
fold2_room1_mix1325,56,6,0,22,0,1.65
fold2_room1_mix1325,57,6,0,19,0,1.90
fold2_room1_mix1325,58,6,0,17,0,1.70
fold2_room1_mix1325,59,6,0,17,0,1.81
fold2_room1_mix1327,63,6,0,19,-4,1.99
fold2_room1_mix1327,64,6,0,28,-2,2.57
fold2_room1_mix1327,65,6,0,32,-1,3.01
fold2_room1_mix1327,66,6,0,35,-3,2.90
fold2_room1_mix1327,67,6,0,41,-2,2.76
fold2_room1_mix1327,68,6,0,51,-1,2.33
fold2_room1_mix1327,69,6,0,59,-2,2.21
fold2_room1_mix1327,70,6,0,70,-2,2.16
fold2_room1_mix1327,71,6,0,87,-4,2.00
fold2_room1_mix1327,72,6,0,111,-4,2.00
fold2_room1_mix1327,73,6,0,117,-3,2.21
fold2_room1_mix1327,74,6,0,130,-3,2.34
fold2_room1_mix1327,75,6,0,138,-2,2.71
fold2_room1_mix1327,76,6,0,144,-2,2.90
fold2_room1_mix1327,77,6,0,148,-2,3.01
fold2_room1_mix1327,79,6,0,153,-2,2.88
fold2_room1_mix1327,80,6,0,157,-2,3.20
fold2_room1_mix1328,29,6,0,-15,-3,2.58
fold2_room1_mix1328,30,6,0,-28,-3,3.76
fold2_room1_mix1328,31,6,0,-25,-2,4.45
fold2_room1_mix1328,32,6,0,-21,-2,4.37
fold2_room1_mix1328,33,6,0,-40,-6,3.32
fold2_room1_mix1328,34,6,0,-20,-2,4.51
fold2_room1_mix1328,35,6,0,-24,-2,4.53
fold2_room1_mix1328,36,6,0,-23,-2,4.00
fold2_room1_mix1328,37,6,0,-23,-2,3.49
fold2_room1_mix1328,38,6,0,-25,-2,3.31
fold2_room1_mix1328,39,6,0,-27,-2,3.33
fold2_room1_mix1328,40,6,0,-29,-2,2.98
fold2_room1_mix1328,41,6,0,-33,-2,2.71
fold2_room1_mix1328,42,6,0,-37,-2,2.95
fold2_room1_mix1328,43,6,0,-44,-1,2.32
fold2_room1_mix1328,44,6,0,-53,-2,2.03
fold2_room1_mix1328,45,6,0,-61,-2,1.77
fold2_room1_mix1328,46,6,0,-75,-2,1.37
fold2_room1_mix1328,47,6,0,-83,-1,1.41
fold2_room1_mix1328,48,6,0,-103,0,1.46
fold2_room1_mix1328,49,6,0,-109,0,1.50
fold2_room1_mix1328,50,6,0,-124,0,1.93
fold2_room1_mix1328,51,6,0,-132,0,2.19
fold2_room1_mix1328,52,6,0,-135,0,2.46
fold2_room1_mix1328,53,6,0,-142,0,2.79
fold2_room1_mix1328,54,6,0,-144,-1,2.82
fold2_room1_mix1328,55,6,0,-151,0,3.22
fold2_room1_mix1328,56,6,0,-151,0,3.18
fold2_room1_mix1328,57,6,0,-151,-1,3.02
fold2_room1_mix1328,58,6,0,-154,0,3.42
fold2_room1_mix1328,59,6,0,-157,0,3.78
fold2_room1_mix1328,60,6,0,-155,-1,3.63
fold2_room1_mix1328,61,6,0,-160,0,3.74
fold2_room1_mix1328,62,6,0,-165,-1,3.01
fold2_room1_mix1328,63,6,0,-162,0,4.68
fold2_room1_mix1328,64,6,0,-163,0,4.99
fold2_room1_mix1328,65,6,0,-166,0,1.93
fold2_room1_mix1329,52,6,0,174,-2,2.56
fold2_room1_mix1329,53,6,0,174,-2,3.02
fold2_room1_mix1329,54,6,0,171,-2,2.91
fold2_room1_mix1329,55,6,0,169,-2,3.09
fold2_room1_mix1329,56,6,0,166,-2,3.21
fold2_room1_mix1329,57,6,0,157,-2,3.18
fold2_room1_mix1329,58,6,0,158,-2,3.06
fold2_room1_mix1329,59,6,0,152,-2,2.74
fold2_room1_mix1329,60,6,0,147,-2,2.69
fold2_room1_mix1329,61,6,0,141,-2,2.31
fold2_room1_mix1329,62,6,0,127,-2,1.85
fold2_room1_mix1329,63,6,0,108,0,1.35
fold2_room1_mix1329,64,6,0,79,0,1.19
fold2_room1_mix1329,65,6,0,65,1,1.26
fold2_room1_mix1329,66,6,0,53,1,1.45
fold2_room1_mix1329,67,6,0,45,1,1.70
fold2_room1_mix1329,68,6,0,34,1,2.03
fold2_room1_mix1329,69,6,0,30,0,2.34
fold2_room1_mix1329,70,6,0,26,0,2.62
fold2_room1_mix1329,71,6,0,21,0,3.09
fold2_room1_mix1329,72,6,0,18,0,3.09
fold2_room1_mix1329,73,6,0,17,0,3.37
fold2_room1_mix1329,74,6,0,16,0,3.62
fold2_room1_mix1329,75,6,0,16,0,2.91
fold2_room1_mix1329,76,6,0,15,0,3.95
fold2_room1_mix1329,77,6,0,13,0,3.75
fold2_room1_mix1329,78,6,0,14,0,2.47
fold2_room1_mix1330,5,6,0,-3,-3,2.81
fold2_room1_mix1330,6,6,0,-4,-2,5.28
fold2_room1_mix1330,9,6,0,-7,-2,7.31
fold2_room1_mix1330,10,6,0,-6,-2,5.92
fold2_room1_mix1330,11,6,0,-11,-2,7.33
fold2_room1_mix1330,12,6,0,-1,-1,8.37
fold2_room1_mix1330,13,6,0,1,-1,8.33
fold2_room1_mix1330,14,6,0,1,-1,8.09
fold2_room1_mix1330,15,6,0,0,-1,8.95
fold2_room1_mix1330,16,6,0,4,-1,8.17
fold2_room1_mix1330,17,6,0,2,-1,8.12
fold2_room1_mix1330,18,6,0,2,-1,7.72
fold2_room1_mix1330,19,6,0,3,-1,7.80
fold2_room1_mix1330,20,6,0,6,-1,7.12
fold2_room1_mix1330,21,6,0,7,-1,7.27
fold2_room1_mix1330,22,6,0,9,-1,6.32
fold2_room1_mix1330,23,6,0,13,-1,6.35
fold2_room1_mix1330,24,6,0,16,-1,5.97
fold2_room1_mix1330,25,6,0,15,-1,5.89
fold2_room1_mix1330,26,6,0,17,-1,5.50
fold2_room1_mix1330,27,6,0,19,-1,5.19
fold2_room1_mix1330,28,6,0,19,-1,5.45
fold2_room1_mix1330,29,6,0,21,-1,4.90
fold2_room1_mix1330,30,6,0,21,-1,4.46
fold2_room1_mix1330,31,6,0,23,-1,4.10
fold2_room1_mix1330,32,6,0,22,-1,4.32
fold2_room1_mix1330,33,6,0,26,-2,3.86
fold2_room1_mix1330,34,6,0,28,-1,3.28
fold2_room1_mix1330,35,6,0,31,-2,2.90
fold2_room1_mix1330,36,6,0,33,-1,2.67
fold2_room1_mix1330,37,6,0,35,-1,2.64
fold2_room1_mix1330,38,6,0,40,-1,2.15
fold2_room1_mix1330,39,6,0,44,0,1.91
fold2_room1_mix1330,40,6,0,50,0,1.67
fold2_room1_mix1330,41,6,0,56,0,1.52
fold2_room1_mix1330,42,6,0,66,1,1.38
fold2_room1_mix1330,43,6,0,75,2,1.40
fold2_room1_mix1330,44,6,0,83,2,1.31
fold2_room1_mix1330,45,6,0,100,2,1.43
fold2_room1_mix1330,46,6,0,113,2,1.45
fold2_room1_mix1330,47,6,0,122,1,1.57
fold2_room1_mix1330,48,6,0,128,1,1.78
fold2_room1_mix1330,49,6,0,133,0,1.83
fold2_room1_mix1330,50,6,0,139,0,1.99
fold2_room1_mix1330,51,6,0,141,0,2.14
fold2_room1_mix1330,52,6,0,144,0,2.22
fold2_room1_mix1330,53,6,0,147,0,2.44
fold2_room1_mix1330,54,6,0,148,0,2.48
fold2_room1_mix1330,55,6,0,150,-1,2.77
fold2_room1_mix1330,56,6,0,152,0,3.01
fold2_room1_mix1330,57,6,0,153,-1,3.08
fold2_room1_mix1330,58,6,0,156,0,3.66
fold2_room1_mix1330,59,6,0,156,0,3.79
fold2_room1_mix1330,60,6,0,156,0,4.02
fold2_room1_mix1330,61,6,0,157,0,4.22
fold2_room1_mix1330,62,6,0,159,0,4.52
fold2_room1_mix1330,63,6,0,161,0,4.77
fold2_room1_mix1330,64,6,0,160,0,5.00
fold2_room1_mix1330,65,6,0,160,0,4.78
fold2_room1_mix1330,66,6,0,161,0,5.45
fold2_room1_mix1330,67,6,0,162,0,5.57
fold2_room1_mix1330,68,6,0,162,0,5.41
fold2_room1_mix1330,69,6,0,164,0,5.92
fold2_room1_mix1330,70,6,0,165,0,6.18
fold2_room1_mix1330,71,6,0,165,0,6.62
fold2_room1_mix1330,72,6,0,166,-1,6.67
fold2_room1_mix1330,73,6,0,167,-1,7.00
fold2_room1_mix1330,74,6,0,167,0,7.17
fold2_room1_mix1330,75,6,0,166,0,7.07
fold2_room1_mix1330,76,6,0,167,-1,6.85
fold2_room1_mix1330,77,6,0,168,-1,7.07
fold2_room1_mix1330,78,6,0,170,-1,6.88
fold2_room1_mix1330,79,6,0,170,-1,7.59
fold2_room1_mix1330,80,6,0,170,-1,7.21
fold2_room1_mix1330,81,6,0,169,-1,7.52
fold2_room1_mix1330,82,6,0,169,-1,7.27
fold2_room1_mix1330,83,6,0,172,0,1.86
fold2_room1_mix1330,84,6,0,170,-1,3.68
fold2_room1_mix1330,85,6,0,170,-1,3.28
fold2_room1_mix1330,86,6,0,167,-1,4.75
fold2_room1_mix1330,87,6,0,169,-1,7.85
fold2_room1_mix1330,88,6,0,170,-1,6.87
fold2_room1_mix1330,89,6,0,173,-1,3.57
fold2_room1_mix1331,65,6,0,149,-2,1.89
fold2_room1_mix1331,66,6,0,147,-2,1.89
fold2_room1_mix1331,67,6,0,146,-3,1.68
fold2_room1_mix1331,68,6,0,138,-2,1.93
fold2_room1_mix1331,69,6,0,123,-2,1.75
fold2_room1_mix1331,70,6,0,108,-2,1.45
fold2_room1_mix1331,71,6,0,90,0,1.39
fold2_room1_mix1331,72,6,0,74,-1,1.41
fold2_room1_mix1331,73,6,0,68,0,1.50
fold2_room1_mix1331,74,6,0,59,0,1.81
fold2_room1_mix1331,75,6,0,52,0,1.90
fold2_room1_mix1331,76,6,0,50,0,1.68
fold2_room1_mix1331,77,6,0,42,0,1.13
fold2_room1_mix1331,79,6,0,29,-1,1.41
fold2_room1_mix1332,71,6,0,-66,-3,0.67
fold2_room1_mix1332,72,6,0,-84,-5,0.82
fold2_room1_mix1333,41,6,0,-19,-3,2.62
fold2_room1_mix1333,42,6,0,-21,-3,1.85
fold2_room1_mix1333,43,6,0,-24,-3,2.90
fold2_room1_mix1333,44,6,0,-22,-2,2.94
fold2_room1_mix1333,45,6,0,-20,-3,3.33
fold2_room1_mix1333,46,6,0,-20,-2,3.34
fold2_room1_mix1333,47,6,0,-22,-1,3.37
fold2_room1_mix1333,48,6,0,-23,-2,3.24
fold2_room1_mix1333,49,6,0,-23,-2,3.13
fold2_room1_mix1333,50,6,0,-25,-2,3.13
fold2_room1_mix1333,51,6,0,-27,-2,3.03
fold2_room1_mix1333,52,6,0,-27,-2,2.91
fold2_room1_mix1333,53,6,0,-26,-2,2.83
fold2_room1_mix1333,54,6,0,-27,-2,2.78
fold2_room1_mix1333,55,6,0,-33,-2,2.39
fold2_room1_mix1333,56,6,0,-35,-2,2.38
fold2_room1_mix1333,57,6,0,-40,-2,2.11
fold2_room1_mix1333,58,6,0,-42,-1,2.09
fold2_room1_mix1333,59,6,0,-48,-1,1.90
fold2_room1_mix1333,60,6,0,-52,-1,1.74
fold2_room1_mix1333,61,6,0,-58,-2,1.59
fold2_room1_mix1333,62,6,0,-63,-1,1.37
fold2_room1_mix1333,63,6,0,-71,-1,1.30
fold2_room1_mix1333,64,6,0,-79,-2,1.28
fold2_room1_mix1333,65,6,0,-84,-1,1.24
fold2_room1_mix1333,66,6,0,-92,0,1.25
fold2_room1_mix1333,67,6,0,-104,0,1.32
fold2_room1_mix1333,68,6,0,-111,0,1.24
fold2_room1_mix1333,69,6,0,-114,0,1.30
fold2_room1_mix1333,70,6,0,-120,0,1.36
fold2_room1_mix1333,71,6,0,-123,0,1.44
fold2_room1_mix1333,72,6,0,-128,0,1.51
fold2_room1_mix1333,73,6,0,-135,0,1.75
fold2_room1_mix1333,74,6,0,-137,0,1.74
fold2_room1_mix1333,75,6,0,-143,0,2.08
fold2_room1_mix1333,76,6,0,-144,0,2.20
fold2_room1_mix1333,77,6,0,-147,0,2.43
fold2_room1_mix1333,78,6,0,-148,0,2.41
fold2_room1_mix1333,79,6,0,-149,0,2.49
fold2_room1_mix1333,80,6,0,-152,0,2.58
fold2_room1_mix1333,81,6,0,-153,0,2.76
fold2_room1_mix1333,82,6,0,-156,0,2.97
fold2_room1_mix1333,83,6,0,-155,-1,3.02
fold2_room1_mix1333,84,6,0,-155,-1,3.01
fold2_room1_mix1333,85,6,0,-155,-1,2.98
fold2_room1_mix1333,86,6,0,-156,0,3.02
fold2_room1_mix1333,87,6,0,-156,-1,3.10
fold2_room1_mix1333,88,6,0,-157,-1,3.17
fold2_room1_mix1333,89,6,0,-158,-1,3.38
fold2_room1_mix1333,90,6,0,-161,-1,2.66
fold2_room1_mix1333,91,6,0,-163,-1,1.28
fold2_room1_mix1333,93,6,0,-167,-1,1.53
fold2_room1_mix1333,94,6,0,-166,-1,2.12
fold2_room1_mix1334,38,6,0,-96,-3,0.67
fold2_room1_mix1335,29,6,0,27,-1,1.68
fold2_room1_mix1335,31,6,0,34,-1,2.41
fold2_room1_mix1335,33,6,0,43,-2,2.03
fold2_room1_mix1335,34,6,0,47,-1,2.11
fold2_room1_mix1335,35,6,0,52,-3,2.23
fold2_room1_mix1335,36,6,0,56,-2,2.12
fold2_room1_mix1335,37,6,0,61,-3,2.10
fold2_room1_mix1335,38,6,0,65,-2,2.15
fold2_room1_mix1335,39,6,0,73,-4,2.05
fold2_room1_mix1335,40,6,0,94,-1,2.14
fold2_room1_mix1335,41,6,0,95,-2,2.14
fold2_room1_mix1335,42,6,0,118,-3,2.18
fold2_room1_mix1335,43,6,0,123,-1,2.34
fold2_room1_mix1335,44,6,0,130,-1,2.70
fold2_room1_mix1335,45,6,0,135,-2,2.69
fold2_room1_mix1335,46,6,0,140,-2,2.96
fold2_room1_mix1335,47,6,0,145,-1,3.06
fold2_room1_mix1335,48,6,0,145,-1,1.21
fold2_room1_mix1335,49,6,0,150,-1,3.26
fold2_room1_mix1335,50,6,0,154,-2,1.95
fold2_room1_mix1336,20,6,0,0,-2,5.90
fold2_room1_mix1336,21,6,0,-4,-2,5.69
fold2_room1_mix1336,22,6,0,-2,-1,5.18
fold2_room1_mix1336,23,6,0,-2,-1,6.69
fold2_room1_mix1336,24,6,0,-5,-1,8.05
fold2_room1_mix1336,25,6,0,0,-1,9.77
fold2_room1_mix1336,26,6,0,1,-1,8.79
fold2_room1_mix1336,27,6,0,-5,-1,9.58
fold2_room1_mix1336,28,6,0,0,-1,9.97
fold2_room1_mix1336,29,6,0,3,-1,10.01
fold2_room1_mix1336,30,6,0,3,-1,10.15
fold2_room1_mix1336,31,6,0,7,0,8.95
fold2_room1_mix1336,32,6,0,1,-1,8.29
fold2_room1_mix1336,33,6,0,5,-1,7.91
fold2_room1_mix1336,34,6,0,6,-1,8.43
fold2_room1_mix1336,35,6,0,13,-1,6.89
fold2_room1_mix1336,36,6,0,7,-1,7.50
fold2_room1_mix1336,37,6,0,14,-1,6.85
fold2_room1_mix1336,38,6,0,15,-1,6.34
fold2_room1_mix1336,39,6,0,16,-1,6.57
fold2_room1_mix1336,40,6,0,14,-1,7.15
fold2_room1_mix1336,41,6,0,14,-1,6.67
fold2_room1_mix1336,42,6,0,17,-2,5.97
fold2_room1_mix1336,43,6,0,19,-2,6.14
fold2_room1_mix1336,44,6,0,15,-1,6.56
fold2_room1_mix1336,45,6,0,16,-1,6.22
fold2_room1_mix1336,46,6,0,16,-1,6.41
fold2_room1_mix1336,47,6,0,22,-1,5.24
fold2_room1_mix1336,48,6,0,23,-1,5.18
fold2_room1_mix1336,49,6,0,25,-1,4.56
fold2_room1_mix1336,50,6,0,27,-1,4.37
fold2_room1_mix1336,51,6,0,25,-1,4.32
fold2_room1_mix1336,52,6,0,27,-1,4.36
fold2_room1_mix1336,53,6,0,28,-1,3.85
fold2_room1_mix1336,54,6,0,29,-1,3.97
fold2_room1_mix1336,55,6,0,31,-1,3.52
fold2_room1_mix1336,56,6,0,34,-1,3.12
fold2_room1_mix1336,57,6,0,35,-1,3.31
fold2_room1_mix1336,58,6,0,37,-2,2.80
fold2_room1_mix1336,59,6,0,38,-2,2.97
fold2_room1_mix1336,60,6,0,39,-2,2.82
fold2_room1_mix1336,61,6,0,44,-1,2.71
fold2_room1_mix1336,62,6,0,46,-1,2.52
fold2_room1_mix1336,63,6,0,52,-1,2.32
fold2_room1_mix1336,64,6,0,56,-1,2.09
fold2_room1_mix1336,65,6,0,60,0,1.92
fold2_room1_mix1336,66,6,0,68,0,1.82
fold2_room1_mix1336,67,6,0,72,-1,1.77
fold2_room1_mix1336,68,6,0,78,0,1.60
fold2_room1_mix1336,69,6,0,81,0,1.61
fold2_room1_mix1336,70,6,0,87,0,1.66
fold2_room1_mix1336,71,6,0,96,0,1.64
fold2_room1_mix1336,72,6,0,103,0,1.76
fold2_room1_mix1336,73,6,0,109,0,1.92
fold2_room1_mix1336,74,6,0,114,0,1.92
fold2_room1_mix1336,75,6,0,120,-1,2.03
fold2_room1_mix1336,76,6,0,128,0,2.21
fold2_room1_mix1336,77,6,0,130,0,2.35
fold2_room1_mix1336,78,6,0,135,0,2.37
fold2_room1_mix1336,79,6,0,136,-1,2.60
fold2_room1_mix1336,80,6,0,140,-1,2.62
fold2_room1_mix1336,81,6,0,141,-1,2.64
fold2_room1_mix1336,82,6,0,145,-1,2.97
fold2_room1_mix1336,83,6,0,146,-1,3.02
fold2_room1_mix1336,84,6,0,149,0,3.18
fold2_room1_mix1336,85,6,0,148,-1,3.41
fold2_room1_mix1336,86,6,0,151,-1,3.52
fold2_room1_mix1336,87,6,0,152,-1,3.56
fold2_room1_mix1336,88,6,0,153,-1,3.98
fold2_room1_mix1336,89,6,0,153,-1,4.07
fold2_room1_mix1336,90,6,0,154,-1,4.02
fold2_room1_mix1336,91,6,0,155,0,4.45
fold2_room1_mix1336,92,6,0,156,-1,4.45
fold2_room1_mix1336,93,6,0,156,0,5.08
fold2_room1_mix1336,94,6,0,157,0,4.97
fold2_room1_mix1336,95,6,0,158,0,5.58
fold2_room1_mix1336,96,6,0,159,0,5.64
fold2_room1_mix1336,97,6,0,159,0,6.16
fold2_room1_mix1336,98,6,0,161,0,6.61
fold2_room1_mix1336,99,6,0,163,0,7.00
fold2_room1_mix1338,20,6,0,175,-2,4.13
fold2_room1_mix1338,21,6,0,173,-2,5.88
fold2_room1_mix1338,22,6,0,167,-2,5.46
fold2_room1_mix1338,23,6,0,171,-2,4.83
fold2_room1_mix1338,24,6,0,166,-2,5.35
fold2_room1_mix1338,25,6,0,165,-2,5.31
fold2_room1_mix1338,26,6,0,162,-2,5.27
fold2_room1_mix1338,27,6,0,159,-2,4.67
fold2_room1_mix1338,28,6,0,156,-2,4.96
fold2_room1_mix1338,29,6,0,155,-2,4.32
fold2_room1_mix1338,30,6,0,152,-2,3.92
fold2_room1_mix1338,31,6,0,150,-2,3.83
fold2_room1_mix1338,32,6,0,147,-2,3.34
fold2_room1_mix1338,33,6,0,146,-2,3.28
fold2_room1_mix1338,34,6,0,140,-4,3.05
fold2_room1_mix1338,35,6,0,129,-3,2.62
fold2_room1_mix1338,36,6,0,120,-4,2.34
fold2_room1_mix1338,37,6,0,111,-3,2.11
fold2_room1_mix1338,38,6,0,89,-3,1.92
fold2_room1_mix1338,39,6,0,79,-3,1.90
fold2_room1_mix1338,40,6,0,71,-2,1.81
fold2_room1_mix1338,41,6,0,63,-1,1.84
fold2_room1_mix1338,42,6,0,56,-1,2.04
fold2_room1_mix1338,43,6,0,49,-1,2.28
fold2_room1_mix1338,44,6,0,43,-1,2.52
fold2_room1_mix1338,45,6,0,38,-1,2.85
fold2_room1_mix1338,46,6,0,35,-1,3.19
fold2_room1_mix1338,47,6,0,32,-1,3.53
fold2_room1_mix1338,48,6,0,32,-1,3.63
fold2_room1_mix1338,49,6,0,27,-1,4.17
fold2_room1_mix1338,50,6,0,26,-1,5.01
fold2_room1_mix1338,51,6,0,24,0,4.72
fold2_room1_mix1338,52,6,0,23,0,3.09
fold2_room1_mix1338,54,6,0,19,0,3.43
fold2_room1_mix1338,55,6,0,17,-1,5.49
fold2_room1_mix1338,56,6,0,17,0,6.24
fold2_room1_mix1338,57,6,0,16,-1,3.76
fold2_room1_mix1339,38,6,0,-176,-2,1.71
fold2_room1_mix1339,39,6,0,-174,-2,2.93
fold2_room1_mix1339,40,6,0,-174,-2,3.65
fold2_room1_mix1339,41,6,0,-170,-2,3.64
fold2_room1_mix1339,42,6,0,-173,-2,1.89
fold2_room1_mix1339,43,6,0,-164,-1,3.36
fold2_room1_mix1339,44,6,0,-160,-2,5.12
fold2_room1_mix1339,45,6,0,-162,-2,5.10
fold2_room1_mix1339,46,6,0,-156,-2,4.27
fold2_room1_mix1339,47,6,0,-155,-2,4.26
fold2_room1_mix1339,48,6,0,-150,-3,3.87
fold2_room1_mix1339,49,6,0,-146,-1,3.73
fold2_room1_mix1339,50,6,0,-139,-2,3.06
fold2_room1_mix1339,51,6,0,-129,-3,3.05
fold2_room1_mix1339,52,6,0,-125,-2,2.99
fold2_room1_mix1339,53,6,0,-114,-4,2.42
fold2_room1_mix1339,54,6,0,-100,-5,2.15
fold2_room1_mix1339,55,6,0,-89,-4,1.95
fold2_room1_mix1339,56,6,0,-77,-4,2.02
fold2_room1_mix1339,57,6,0,-74,-3,2.01
fold2_room1_mix1339,58,6,0,-63,-3,2.23
fold2_room1_mix1339,59,6,0,-57,-3,2.51
fold2_room1_mix1339,60,6,0,-52,-3,2.71
fold2_room1_mix1339,61,6,0,-46,-2,2.97
fold2_room1_mix1339,62,6,0,-38,-2,3.09
fold2_room1_mix1339,63,6,0,-36,-1,3.35
fold2_room1_mix1339,64,6,0,-31,-1,3.83
fold2_room1_mix1339,65,6,0,-28,-1,3.80
fold2_room1_mix1339,66,6,0,-37,-2,4.65
fold2_room1_mix1339,67,6,0,-24,-1,4.45
fold2_room1_mix1339,68,6,0,-21,-1,4.86
fold2_room1_mix1339,69,6,0,-22,0,4.69
fold2_room1_mix1339,70,6,0,-34,-1,3.12
fold2_room1_mix1339,71,6,0,-35,-1,4.91
fold2_room1_mix1340,43,6,0,176,-2,1.33
fold2_room1_mix1340,45,6,0,175,-1,1.66
fold2_room1_mix1340,46,6,0,177,-2,1.93
fold2_room1_mix1340,47,6,0,171,-2,2.86
fold2_room1_mix1340,49,6,0,174,-2,3.09
fold2_room1_mix1340,50,6,0,174,-2,3.53
fold2_room1_mix1340,51,6,0,173,-2,3.74
fold2_room1_mix1340,52,6,0,169,-2,3.61
fold2_room1_mix1340,53,6,0,175,-2,3.44
fold2_room1_mix1340,54,6,0,169,-2,3.67
fold2_room1_mix1340,55,6,0,172,-2,3.56
fold2_room1_mix1340,56,6,0,168,-2,3.49
fold2_room1_mix1340,57,6,0,166,-2,3.24
fold2_room1_mix1340,58,6,0,165,-2,3.30
fold2_room1_mix1340,59,6,0,162,-2,2.88
fold2_room1_mix1340,60,6,0,156,-3,2.94
fold2_room1_mix1340,61,6,0,159,-3,2.92
fold2_room1_mix1340,62,6,0,155,-3,2.77
fold2_room1_mix1340,63,6,0,148,-2,2.53
fold2_room1_mix1340,64,6,0,147,-3,2.19
fold2_room1_mix1340,65,6,0,141,-3,1.90
fold2_room1_mix1340,66,6,0,134,-3,1.67
fold2_room1_mix1340,67,6,0,126,-1,1.40
fold2_room1_mix1340,68,6,0,115,0,1.24
fold2_room1_mix1340,69,6,0,99,0,1.02
fold2_room1_mix1340,70,6,0,86,0,0.97
fold2_room1_mix1340,71,6,0,75,1,1.04
fold2_room1_mix1340,72,6,0,63,2,1.06
fold2_room1_mix1340,73,6,0,56,1,1.26
fold2_room1_mix1340,74,6,0,50,1,1.43
fold2_room1_mix1340,75,6,0,44,1,1.61
fold2_room1_mix1340,76,6,0,39,0,1.81
fold2_room1_mix1340,77,6,0,33,0,2.03
fold2_room1_mix1340,78,6,0,28,0,2.17
fold2_room1_mix1340,79,6,0,25,0,2.54
fold2_room1_mix1340,80,6,0,24,0,2.67
fold2_room1_mix1340,81,6,0,25,0,2.49
fold2_room1_mix1340,82,6,0,21,0,2.75
fold2_room1_mix1340,83,6,0,20,0,3.02
fold2_room1_mix1340,84,6,0,19,0,2.75
fold2_room1_mix1340,85,6,0,19,0,3.07
fold2_room1_mix1340,86,6,0,18,0,1.61
fold2_room1_mix1340,87,6,0,16,-1,2.57
fold2_room1_mix1340,88,6,0,16,0,3.09
fold2_room1_mix1340,89,6,0,17,-1,2.98
fold2_room1_mix1340,90,6,0,15,-1,2.91
fold2_room1_mix1343,28,6,0,-30,-4,1.76
fold2_room1_mix1343,29,6,0,-34,-4,1.68
fold2_room1_mix1343,30,6,0,-30,-3,2.17
fold2_room1_mix1343,31,6,0,-42,-2,1.81
fold2_room1_mix1343,32,6,0,-49,-1,1.63
fold2_room1_mix1343,33,6,0,-60,0,1.33
fold2_room1_mix1343,34,6,0,-75,-1,1.19
fold2_room1_mix1343,35,6,0,-89,0,1.17
fold2_room1_mix1343,36,6,0,-110,0,1.21
fold2_room1_mix1343,37,6,0,-121,0,1.13
fold2_room1_mix1343,38,6,0,-134,0,1.52
fold2_room1_mix1343,39,6,0,-143,0,1.90
fold2_room1_mix1343,40,6,0,-149,0,1.50
fold2_room1_mix1343,41,6,0,-155,0,1.71
fold2_room1_mix1343,42,6,0,-158,0,1.07
fold2_room1_mix1344,33,6,0,10,-2,3.65
fold2_room1_mix1344,34,6,0,13,-3,3.21
fold2_room1_mix1344,35,6,0,12,-2,3.52
fold2_room1_mix1344,36,6,0,21,-2,1.57
fold2_room1_mix1344,37,6,0,20,-2,4.25
fold2_room1_mix1344,38,6,0,21,-2,4.00
fold2_room1_mix1344,39,6,0,27,-1,3.76
fold2_room1_mix1344,40,6,0,28,-2,3.65
fold2_room1_mix1344,41,6,0,35,-2,3.13
fold2_room1_mix1344,42,6,0,39,-1,2.82
fold2_room1_mix1344,43,6,0,47,-2,2.13
fold2_room1_mix1344,44,6,0,54,-1,1.94
fold2_room1_mix1344,45,6,0,65,-2,1.67
fold2_room1_mix1344,46,6,0,73,-2,1.52
fold2_room1_mix1344,47,6,0,90,-3,1.53
fold2_room1_mix1344,48,6,0,107,-3,1.61
fold2_room1_mix1344,49,6,0,121,-2,1.81
fold2_room1_mix1344,50,6,0,128,-1,1.98
fold2_room1_mix1344,51,6,0,137,-1,2.31
fold2_room1_mix1344,52,6,0,143,-1,2.62
fold2_room1_mix1344,53,6,0,145,-1,2.69
fold2_room1_mix1344,54,6,0,149,-2,2.70
fold2_room1_mix1344,55,6,0,149,-1,2.91
fold2_room1_mix1344,56,6,0,154,-1,3.07
fold2_room1_mix1344,57,6,0,156,-1,3.15
fold2_room1_mix1344,58,6,0,158,-1,3.84
fold2_room1_mix1344,59,6,0,162,-1,2.81
fold2_room1_mix1344,60,6,0,164,-1,2.85
fold2_room1_mix1344,61,6,0,161,-1,4.32
fold2_room1_mix1344,62,6,0,162,-1,4.54
fold2_room1_mix1345,66,6,0,-98,-4,0.72
fold2_room1_mix1345,67,6,0,-87,-5,1.38
fold2_room1_mix1345,68,6,0,-76,-6,1.58
fold2_room1_mix1346,50,6,0,148,-4,1.15
fold2_room1_mix1346,51,6,0,131,-5,1.51
fold2_room1_mix1346,52,6,0,118,-2,0.96
fold2_room1_mix1346,53,6,0,97,-1,1.18
fold2_room1_mix1346,54,6,0,83,-1,1.26
fold2_room1_mix1346,55,6,0,68,0,1.39
fold2_room1_mix1346,56,6,0,57,0,1.76
fold2_room1_mix1346,57,6,0,54,0,1.52
fold2_room1_mix1346,58,6,0,45,0,1.47
fold2_room1_mix1346,59,6,0,32,0,1.34
fold2_room1_mix1347,57,6,0,-25,-3,2.06
fold2_room1_mix1347,58,6,0,-25,-3,3.04
fold2_room1_mix1347,59,6,0,-24,-2,2.94
fold2_room1_mix1347,60,6,0,-27,-2,2.94
fold2_room1_mix1347,61,6,0,-26,-2,2.82
fold2_room1_mix1347,62,6,0,-26,-2,2.92
fold2_room1_mix1347,63,6,0,-32,-3,2.07
fold2_room1_mix1347,64,6,0,-28,-2,2.63
fold2_room1_mix1347,65,6,0,-30,-2,2.98
fold2_room1_mix1347,66,6,0,-31,-2,2.77
fold2_room1_mix1347,67,6,0,-34,-2,2.40
fold2_room1_mix1347,68,6,0,-38,-3,2.35
fold2_room1_mix1347,69,6,0,-40,-2,2.22
fold2_room1_mix1347,70,6,0,-41,-2,2.09
fold2_room1_mix1347,71,6,0,-46,-3,1.91
fold2_room1_mix1347,72,6,0,-47,-2,2.01
fold2_room1_mix1347,73,6,0,-53,-2,1.84
fold2_room1_mix1347,74,6,0,-55,-2,1.75
fold2_room1_mix1347,75,6,0,-61,-2,1.66
fold2_room1_mix1347,76,6,0,-65,-2,1.54
fold2_room1_mix1347,77,6,0,-70,-1,1.44
fold2_room1_mix1347,78,6,0,-79,-1,1.33
fold2_room1_mix1347,79,6,0,-85,-1,1.36
fold2_room1_mix1347,80,6,0,-90,-1,1.38
fold2_room1_mix1347,81,6,0,-99,-1,1.33
fold2_room1_mix1347,82,6,0,-108,0,1.29
fold2_room1_mix1347,83,6,0,-113,0,1.31
fold2_room1_mix1347,84,6,0,-118,0,1.38
fold2_room1_mix1347,85,6,0,-123,0,1.46
fold2_room1_mix1347,86,6,0,-128,0,1.70
fold2_room1_mix1347,87,6,0,-134,0,1.97
fold2_room1_mix1347,88,6,0,-137,0,2.11
fold2_room1_mix1347,89,6,0,-137,-1,1.93
fold2_room1_mix1347,90,6,0,-144,0,2.21
fold2_room1_mix1347,91,6,0,-143,-1,2.17
fold2_room1_mix1347,92,6,0,-145,0,2.22
fold2_room1_mix1347,93,6,0,-148,-1,2.43
fold2_room1_mix1347,94,6,0,-150,-1,2.62
fold2_room1_mix1347,95,6,0,-153,-1,2.61
fold2_room1_mix1347,96,6,0,-151,-1,2.66
fold2_room1_mix1347,97,6,0,-152,-1,2.65
fold2_room1_mix1347,98,6,0,-153,-1,3.00
fold2_room1_mix1347,99,6,0,-153,-1,2.73
fold2_room1_mix1348,1,6,0,98,4,0.27
fold2_room1_mix1348,2,6,0,89,5,0.61
fold2_room1_mix1348,3,6,0,81,3,1.08
fold2_room1_mix1348,4,6,0,80,3,1.05
fold2_room1_mix1348,5,6,0,77,4,1.07
fold2_room1_mix1348,6,6,0,73,4,1.35
fold2_room1_mix1348,7,6,0,71,5,1.25
fold2_room1_mix1348,8,6,0,70,4,1.34
fold2_room1_mix1348,9,6,0,69,4,1.39
fold2_room1_mix1348,10,6,0,68,3,1.46
fold2_room1_mix1348,11,6,0,64,3,1.41
fold2_room1_mix1348,12,6,0,64,3,1.45
fold2_room1_mix1348,13,6,0,62,3,1.48
fold2_room1_mix1348,14,6,0,60,2,1.45
fold2_room1_mix1348,15,6,0,61,3,1.37
fold2_room1_mix1348,16,6,0,56,2,1.59
fold2_room1_mix1348,17,6,0,55,2,1.57
fold2_room1_mix1348,18,6,0,54,2,1.61
fold2_room1_mix1348,19,6,0,53,2,1.62
fold2_room1_mix1348,20,6,0,50,2,1.76
fold2_room1_mix1348,21,6,0,49,2,1.89
fold2_room1_mix1348,22,6,0,49,2,1.86
fold2_room1_mix1348,23,6,0,47,2,2.10
fold2_room1_mix1348,24,6,0,47,2,2.02
fold2_room1_mix1348,25,6,0,47,1,2.07
fold2_room1_mix1348,26,6,0,46,1,2.10
fold2_room1_mix1348,27,6,0,42,1,2.25
fold2_room1_mix1348,28,6,0,44,1,1.54
fold2_room1_mix1348,29,6,0,42,1,2.26
fold2_room1_mix1348,30,6,0,37,0,2.15
fold2_room1_mix1348,31,6,0,39,1,2.29
fold2_room1_mix1348,32,6,0,37,1,2.19
fold2_room1_mix1348,33,6,0,38,0,2.34
fold2_room1_mix1348,34,6,0,44,0,1.05
fold2_room1_mix1348,35,6,0,38,0,1.63
fold2_room1_mix1348,36,6,0,36,0,1.95
fold2_room1_mix1348,37,6,0,35,0,2.37
fold2_room1_mix1348,38,6,0,35,0,2.27
fold2_room1_mix1348,39,6,0,33,0,2.75
fold2_room1_mix1348,40,6,0,33,0,2.76
fold2_room1_mix1348,41,6,0,36,0,1.45
fold2_room1_mix1348,42,6,0,31,0,2.17
fold2_room1_mix1348,43,6,0,29,0,2.11
fold2_room1_mix1348,44,6,0,29,0,1.55
fold2_room1_mix1348,46,6,0,30,0,1.92
fold2_room1_mix1348,47,6,0,28,0,2.14
fold2_room1_mix1348,49,6,0,29,0,1.73
fold2_room1_mix1348,50,6,0,28,0,2.25
fold2_room1_mix1349,0,5,0,-10,2,1.74
fold2_room1_mix1349,0,6,0,-22,-1,1.02
fold2_room1_mix1349,1,1,0,-6,-2,8.01
fold2_room1_mix1349,1,5,0,-6,1,4.56
fold2_room1_mix1349,2,5,0,-6,1,9.30
fold2_room1_mix1349,2,6,0,-29,-1,1.80
fold2_room1_mix1349,3,5,0,-8,1,2.26
fold2_room1_mix1349,3,6,0,-25,-1,3.19
fold2_room1_mix1349,4,6,0,-20,-1,4.00
fold2_room1_mix1349,5,6,0,-23,-2,3.88
fold2_room1_mix1349,6,6,0,-20,-2,4.54
fold2_room1_mix1349,7,6,0,-17,-1,5.06
fold2_room1_mix1349,8,6,0,-18,-1,4.75
fold2_room1_mix1349,9,6,0,-19,-2,4.70
fold2_room1_mix1349,10,6,0,-18,-2,5.19
fold2_room1_mix1349,11,6,0,-18,-2,4.83
fold2_room1_mix1349,12,6,0,-17,-1,4.82
fold2_room1_mix1349,13,6,0,-19,-1,4.58
fold2_room1_mix1349,14,6,0,-20,-1,4.20
fold2_room1_mix1349,15,6,0,-22,-1,3.98
fold2_room1_mix1349,16,6,0,-22,-2,4.03
fold2_room1_mix1349,17,6,0,-21,-1,3.83
fold2_room1_mix1349,18,6,0,-24,-1,3.51
fold2_room1_mix1349,19,6,0,-28,-1,2.97
fold2_room1_mix1349,20,6,0,-28,-1,2.97
fold2_room1_mix1349,21,6,0,-30,-2,2.64
fold2_room1_mix1349,22,6,0,-30,-1,2.70
fold2_room1_mix1349,23,6,0,-30,-1,2.50
fold2_room1_mix1349,24,6,0,-33,-1,2.53
fold2_room1_mix1349,25,6,0,-37,-1,2.22
fold2_room1_mix1349,26,6,0,-34,-1,2.72
fold2_room1_mix1349,27,6,0,-38,-2,2.42
fold2_room1_mix1349,28,6,0,-38,-1,2.40
fold2_room1_mix1349,29,6,0,-41,-1,2.30
fold2_room1_mix1349,30,6,0,-46,-1,2.14
fold2_room1_mix1349,31,6,0,-51,-2,1.85
fold2_room1_mix1349,32,6,0,-54,-2,1.68
fold2_room1_mix1349,33,6,0,-56,-1,1.76
fold2_room1_mix1349,34,6,0,-63,-2,1.52
fold2_room1_mix1349,35,6,0,-68,-2,1.42
fold2_room1_mix1349,36,6,0,-72,-1,1.46
fold2_room1_mix1349,37,6,0,-77,-1,1.39
fold2_room1_mix1349,38,6,0,-80,-1,1.37
fold2_room1_mix1349,39,6,0,-85,-2,1.39
fold2_room1_mix1349,40,6,0,-89,-1,1.42
fold2_room1_mix1349,41,6,0,-94,-1,1.41
fold2_room1_mix1349,42,6,0,-99,-1,1.38
fold2_room1_mix1349,43,6,0,-104,-1,1.41
fold2_room1_mix1349,44,6,0,-109,-1,1.42
fold2_room1_mix1349,45,6,0,-112,0,1.44
fold2_room1_mix1349,46,6,0,-119,-1,1.49
fold2_room1_mix1349,47,6,0,-121,-1,1.50
fold2_room1_mix1349,48,6,0,-126,-1,1.72
fold2_room1_mix1349,49,6,0,-128,-1,1.73
fold2_room1_mix1349,50,6,0,-130,-1,1.85
fold2_room1_mix1349,51,6,0,-133,-1,2.00
fold2_room1_mix1349,52,6,0,-135,-1,2.16
fold2_room1_mix1349,53,6,0,-139,-1,2.36
fold2_room1_mix1349,54,6,0,-143,-1,2.76
fold2_room1_mix1349,55,6,0,-142,-1,2.56
fold2_room1_mix1349,56,6,0,-143,-1,2.69
fold2_room1_mix1349,57,6,0,-144,-1,2.78
fold2_room1_mix1349,58,6,0,-145,-1,3.00
fold2_room1_mix1349,59,6,0,-147,-1,3.10
fold2_room1_mix1349,60,6,0,-145,-1,2.86
fold2_room1_mix1349,61,6,0,-148,-1,3.11
fold2_room1_mix1349,62,6,0,-150,-1,3.48
fold2_room1_mix1349,63,6,0,-149,-1,3.42
fold2_room1_mix1349,64,6,0,-152,-1,3.65
fold2_room1_mix1349,65,6,0,-152,-1,3.48
fold2_room1_mix1349,66,6,0,-152,-1,3.52
fold2_room1_mix1349,67,6,0,-156,-1,4.28
fold2_room1_mix1349,68,6,0,-156,-1,4.46
fold2_room1_mix1349,69,6,0,-158,-1,4.74
fold2_room1_mix1349,70,6,0,-158,-1,5.19
fold2_room1_mix1349,71,6,0,-157,-1,4.93
fold2_room1_mix1349,72,6,0,-159,-1,5.17
fold2_room1_mix1349,73,6,0,-160,-1,5.57
fold2_room1_mix1349,74,6,0,-160,-1,5.58
fold2_room1_mix1349,75,6,0,-160,-1,5.59
fold2_room1_mix1349,76,6,0,-161,-1,5.78
fold2_room1_mix1349,77,6,0,-161,-1,5.85
fold2_room1_mix1349,78,6,0,-161,-1,5.93
fold2_room1_mix1349,79,6,0,-160,-1,5.88
fold2_room1_mix1349,80,6,0,-160,-1,5.44
fold2_room1_mix1349,81,6,0,-161,-1,5.82
fold2_room1_mix1349,82,6,0,-161,-1,6.02
fold2_room1_mix1349,83,6,0,-162,-1,6.33
fold2_room1_mix1349,84,6,0,-163,-1,6.41
fold2_room1_mix1349,85,6,0,-164,-1,6.70
fold2_room1_mix1349,86,6,0,-164,-1,6.99
fold2_room1_mix1349,87,6,0,-165,-1,7.13
fold2_room1_mix1349,88,6,0,-166,-1,6.96
fold2_room1_mix1349,89,6,0,-165,-1,7.26
fold2_room1_mix1349,90,6,0,-164,-1,7.37
fold2_room1_mix1349,91,6,0,-165,-1,7.26
fold2_room1_mix1349,92,6,0,-164,-1,7.21
fold2_room1_mix1349,93,6,0,-163,-1,7.13
fold2_room1_mix1349,94,6,0,-165,0,7.50
fold2_room1_mix1349,95,6,0,-164,0,7.77
fold2_room1_mix1349,96,6,0,-166,0,8.21
fold2_room1_mix1349,97,6,0,-167,0,8.38
fold2_room1_mix1349,98,6,0,-167,0,7.97
fold2_room1_mix1349,99,6,0,-167,0,8.53
fold2_room1_mix1350,1,6,0,103,0,0.35
fold2_room1_mix1350,2,6,0,97,2,0.83
fold2_room1_mix1350,3,6,0,94,0,1.24
fold2_room1_mix1350,4,6,0,94,1,1.17
fold2_room1_mix1350,5,6,0,93,0,1.37
fold2_room1_mix1350,6,6,0,93,1,1.57
fold2_room1_mix1350,7,6,0,97,2,1.51
fold2_room1_mix1350,8,6,0,95,1,1.53
fold2_room1_mix1350,9,6,0,97,1,1.68
fold2_room1_mix1350,10,6,0,98,0,1.85
fold2_room1_mix1350,11,6,0,99,0,1.76
fold2_room1_mix1350,12,6,0,101,0,1.82
fold2_room1_mix1350,13,6,0,101,0,1.79
fold2_room1_mix1350,14,6,0,102,0,1.74
fold2_room1_mix1350,15,6,0,102,0,1.76
fold2_room1_mix1350,16,6,0,105,0,1.86
fold2_room1_mix1350,17,6,0,107,0,1.87
fold2_room1_mix1350,18,6,0,108,0,1.76
fold2_room1_mix1350,19,6,0,108,0,1.72
fold2_room1_mix1350,20,6,0,108,0,1.78
fold2_room1_mix1350,21,6,0,107,0,1.72
fold2_room1_mix1350,22,6,0,111,0,1.86
fold2_room1_mix1350,23,6,0,114,0,1.80
fold2_room1_mix1350,24,6,0,115,0,1.81
fold2_room1_mix1350,25,6,0,121,0,1.93
fold2_room1_mix1350,26,6,0,122,0,1.98
fold2_room1_mix1350,27,6,0,123,0,2.02
fold2_room1_mix1350,28,6,0,123,0,1.99
fold2_room1_mix1350,29,6,0,126,0,2.06
fold2_room1_mix1350,30,6,0,128,-1,2.10
fold2_room1_mix1350,31,6,0,127,0,1.93
fold2_room1_mix1350,32,6,0,129,-1,2.03
fold2_room1_mix1350,33,6,0,131,0,2.15
fold2_room1_mix1350,34,6,0,134,0,2.20
fold2_room1_mix1350,35,6,0,137,-1,2.31
fold2_room1_mix1350,36,6,0,136,-1,2.34
fold2_room1_mix1350,37,6,0,138,-1,2.41
fold2_room1_mix1350,38,6,0,141,-1,2.44
fold2_room1_mix1350,39,6,0,142,-1,2.49
fold2_room1_mix1350,40,6,0,140,-1,2.41
fold2_room1_mix1350,41,6,0,141,-1,2.50
fold2_room1_mix1350,42,6,0,141,-1,2.48
fold2_room1_mix1350,43,6,0,142,-1,2.47
fold2_room1_mix1350,44,6,0,144,-1,2.49
fold2_room1_mix1350,45,6,0,145,-1,2.57
fold2_room1_mix1350,46,6,0,146,-1,2.50
fold2_room1_mix1350,47,6,0,145,-1,2.58
fold2_room1_mix1350,48,6,0,146,-1,2.57
fold2_room1_mix1350,49,6,0,146,-1,2.52
fold2_room1_mix1350,50,6,0,145,-1,2.51
fold2_room1_mix1350,51,6,0,146,-2,2.58
fold2_room1_mix1350,52,6,0,148,-2,2.56
fold2_room1_mix1350,53,6,0,147,-1,2.54
fold2_room1_mix1350,54,6,0,149,-2,2.62
fold2_room1_mix1350,55,6,0,147,-2,2.52
fold2_room1_mix1350,56,6,0,150,-1,2.60
fold2_room1_mix1350,57,6,0,148,-1,2.84
fold2_room1_mix1350,58,6,0,149,-1,2.78
fold2_room1_mix1350,59,6,0,150,-1,2.82
fold2_room1_mix1350,60,6,0,147,-1,2.78
fold2_room1_mix1350,61,6,0,149,-1,2.88
fold2_room1_mix1350,62,6,0,150,-1,2.90
fold2_room1_mix1350,63,6,0,150,-1,2.96
fold2_room1_mix1350,64,6,0,150,-1,3.03
fold2_room1_mix1350,65,6,0,150,-1,2.96
fold2_room1_mix1350,66,6,0,152,-1,3.05
fold2_room1_mix1350,67,6,0,151,-1,3.16
fold2_room1_mix1350,68,6,0,153,-1,3.06
fold2_room1_mix1350,69,6,0,152,-1,2.91
fold2_room1_mix1350,70,6,0,154,-1,3.15
fold2_room1_mix1350,71,6,0,156,0,3.27
fold2_room1_mix1350,72,6,0,154,-1,2.93
fold2_room1_mix1350,73,6,0,154,-1,2.94
fold2_room1_mix1350,74,6,0,154,-1,3.07
fold2_room1_mix1350,75,6,0,155,-1,2.97
fold2_room1_mix1350,76,6,0,153,-1,2.95
fold2_room1_mix1350,77,6,0,157,-1,3.02
fold2_room1_mix1350,78,6,0,156,-1,2.98
fold2_room1_mix1350,79,6,0,156,-1,3.07
fold2_room1_mix1350,80,6,0,155,-1,3.12
fold2_room1_mix1350,81,6,0,159,-2,2.35
fold2_room1_mix1350,82,6,0,155,-1,3.15
fold2_room1_mix1350,83,6,0,157,-1,2.59
fold2_room1_mix1350,85,6,0,161,-1,1.78
fold2_room1_mix1350,87,6,0,160,-1,2.00
fold2_room1_mix1350,88,6,0,160,-1,1.52
fold2_room1_mix1350,89,6,0,160,-1,2.11
fold2_room1_mix1350,90,6,0,160,-1,2.08
fold2_room1_mix1350,91,6,0,158,-1,2.18
fold2_room1_mix1350,93,6,0,160,-1,2.03
fold2_room1_mix1350,94,6,0,160,-1,2.99
fold2_room1_mix1350,95,6,0,163,-1,1.35
fold2_room1_mix1351,40,6,0,72,-2,0.45
fold2_room1_mix1351,42,6,0,90,2,0.56
fold2_room1_mix1351,43,6,0,97,2,0.46
fold2_room1_mix1351,44,6,0,108,0,0.60
fold2_room1_mix1353,31,6,0,-41,-4,1.42
fold2_room1_mix1353,32,6,0,-48,-3,1.33
fold2_room1_mix1353,33,6,0,-66,-3,1.18
fold2_room1_mix1353,34,6,0,-86,-4,1.21
fold2_room1_mix1353,35,6,0,-107,-3,1.33
fold2_room1_mix1353,36,6,0,-127,-3,1.44
fold2_room1_mix1353,37,6,0,-141,-2,1.84
fold2_room1_mix1353,39,6,0,-155,-3,1.24
fold2_room1_mix1356,60,6,0,27,-2,2.26
fold2_room1_mix1356,61,6,0,32,-2,2.76
fold2_room1_mix1356,62,6,0,38,-3,2.44
fold2_room1_mix1356,63,6,0,40,-2,2.32
fold2_room1_mix1356,64,6,0,49,-2,1.72
fold2_room1_mix1356,65,6,0,55,-1,1.44
fold2_room1_mix1356,66,6,0,63,0,1.34
fold2_room1_mix1356,67,6,0,77,0,1.17
fold2_room1_mix1356,68,6,0,94,0,1.25
fold2_room1_mix1356,69,6,0,115,-1,1.37
fold2_room1_mix1356,70,6,0,125,0,1.51
fold2_room1_mix1356,71,6,0,134,0,1.80
fold2_room1_mix1356,72,6,0,138,-1,1.81
fold2_room1_mix1356,73,6,0,144,-1,2.09
fold2_room1_mix1356,74,6,0,146,0,2.30
fold2_room1_mix1356,75,6,0,149,-1,2.46
fold2_room1_mix1356,76,6,0,153,-1,2.48
fold2_room1_mix1356,77,6,0,155,-1,2.97
fold2_room1_mix1356,78,6,0,156,0,2.98
fold2_room1_mix1356,79,6,0,161,0,2.30
fold2_room1_mix1357,8,5,0,46,1,3.82
fold2_room1_mix1357,55,6,0,-86,-2,0.71
fold2_room1_mix1359,2,6,0,-167,-2,1.51
fold2_room1_mix1359,3,6,0,-162,-3,2.94
fold2_room1_mix1359,4,6,0,-167,-3,1.48
fold2_room1_mix1359,6,6,0,-162,-3,3.81
fold2_room1_mix1359,7,6,0,-169,-3,3.71
fold2_room1_mix1359,9,6,0,-162,-3,3.33
fold2_room1_mix1359,11,6,0,-160,-2,3.78
fold2_room1_mix1359,12,6,0,-156,-3,3.99
fold2_room1_mix1359,13,6,0,-157,-2,4.55
fold2_room1_mix1359,14,6,0,-159,-2,3.81
fold2_room1_mix1359,15,6,0,-160,-2,4.73
fold2_room1_mix1359,17,6,0,-163,-2,3.14
fold2_room1_mix1359,18,6,0,-164,-2,1.84
fold2_room1_mix1359,19,6,0,-153,-2,4.26
fold2_room1_mix1359,20,6,0,-156,-2,3.52
fold2_room1_mix1359,21,6,0,-152,-3,3.93
fold2_room1_mix1359,22,6,0,-153,-3,3.92
fold2_room1_mix1359,23,6,0,-153,-3,4.14
fold2_room1_mix1359,24,6,0,-153,-2,4.05
fold2_room1_mix1359,25,6,0,-152,-2,4.11
fold2_room1_mix1359,26,6,0,-151,-2,3.99
fold2_room1_mix1359,27,6,0,-147,-2,3.58
fold2_room1_mix1359,28,6,0,-147,-3,3.25
fold2_room1_mix1359,29,6,0,-148,-2,3.65
fold2_room1_mix1359,30,6,0,-146,-2,3.31
fold2_room1_mix1359,31,6,0,-144,-2,3.32
fold2_room1_mix1359,32,6,0,-138,-2,3.01
fold2_room1_mix1359,33,6,0,-142,-2,3.16
fold2_room1_mix1359,34,6,0,-139,-3,3.03
fold2_room1_mix1359,35,6,0,-138,-2,3.05
fold2_room1_mix1359,36,6,0,-132,-4,2.50
fold2_room1_mix1359,37,6,0,-128,-3,2.30
fold2_room1_mix1359,38,6,0,-123,-4,2.08
fold2_room1_mix1359,39,6,0,-123,-3,2.22
fold2_room1_mix1359,40,6,0,-117,-3,2.04
fold2_room1_mix1359,41,6,0,-114,-3,2.15
fold2_room1_mix1359,42,6,0,-109,-3,2.01
fold2_room1_mix1359,43,6,0,-105,-3,1.97
fold2_room1_mix1359,44,6,0,-98,-3,1.87
fold2_room1_mix1359,45,6,0,-94,-3,1.85
fold2_room1_mix1359,46,6,0,-90,-4,1.88
fold2_room1_mix1359,47,6,0,-88,-3,1.85
fold2_room1_mix1359,48,6,0,-84,-3,1.82
fold2_room1_mix1359,49,6,0,-78,-4,1.92
fold2_room1_mix1359,50,6,0,-76,-3,1.87
fold2_room1_mix1359,51,6,0,-70,-3,1.95
fold2_room1_mix1359,52,6,0,-66,-2,2.00
fold2_room1_mix1359,53,6,0,-63,-2,2.05
fold2_room1_mix1359,54,6,0,-59,-2,2.20
fold2_room1_mix1359,55,6,0,-57,-2,2.40
fold2_room1_mix1359,56,6,0,-55,-2,2.40
fold2_room1_mix1359,57,6,0,-52,-3,2.57
fold2_room1_mix1359,58,6,0,-49,-2,2.72
fold2_room1_mix1359,59,6,0,-45,-2,2.73
fold2_room1_mix1359,60,6,0,-42,-1,2.84
fold2_room1_mix1359,61,6,0,-42,-2,3.07
fold2_room1_mix1359,62,6,0,-39,-1,3.15
fold2_room1_mix1359,63,6,0,-34,-2,3.14
fold2_room1_mix1359,64,6,0,-34,-1,3.53
fold2_room1_mix1359,65,6,0,-30,-1,3.83
fold2_room1_mix1359,66,6,0,-30,-1,4.00
fold2_room1_mix1359,67,6,0,-29,-1,3.91
fold2_room1_mix1359,68,6,0,-28,-1,3.94
fold2_room1_mix1359,69,6,0,-27,-1,4.40
fold2_room1_mix1359,70,6,0,-27,-1,4.14
fold2_room1_mix1359,71,6,0,-25,-1,4.48
fold2_room1_mix1359,72,6,0,-26,-1,4.52
fold2_room1_mix1359,73,6,0,-22,-1,4.82
fold2_room1_mix1359,74,6,0,-22,-1,4.91
fold2_room1_mix1359,75,6,0,-25,-1,3.60
fold2_room1_mix1359,76,6,0,-21,-1,5.07
fold2_room1_mix1359,95,6,0,-27,-1,2.32
fold2_room1_mix1360,0,6,0,-80,0,0.37
fold2_room1_mix1360,1,6,0,-73,2,0.58
fold2_room1_mix1360,2,6,0,-71,0,1.00
fold2_room1_mix1360,3,6,0,-71,0,1.03
fold2_room1_mix1360,4,6,0,-64,0,1.10
fold2_room1_mix1360,5,6,0,-66,0,1.28
fold2_room1_mix1360,6,6,0,-65,0,1.31
fold2_room1_mix1360,7,6,0,-61,0,1.37
fold2_room1_mix1360,8,6,0,-62,0,1.44
fold2_room1_mix1360,9,6,0,-61,0,1.47
fold2_room1_mix1360,10,6,0,-64,0,1.38
fold2_room1_mix1360,11,6,0,-62,0,1.39
fold2_room1_mix1360,12,6,0,-61,0,1.35
fold2_room1_mix1360,13,6,0,-62,0,1.39
fold2_room1_mix1360,14,6,0,-61,0,1.49
fold2_room1_mix1360,15,6,0,-59,0,1.49
fold2_room1_mix1360,16,6,0,-60,0,1.61
fold2_room1_mix1360,17,6,0,-59,0,1.65
fold2_room1_mix1360,18,6,0,-58,0,1.65
fold2_room1_mix1360,19,6,0,-58,0,1.66
fold2_room1_mix1360,20,6,0,-58,0,1.66
fold2_room1_mix1360,21,6,0,-58,0,1.64
fold2_room1_mix1360,22,6,0,-57,0,1.63
fold2_room1_mix1360,23,6,0,-54,0,1.82
fold2_room1_mix1360,24,6,0,-55,0,1.61
fold2_room1_mix1360,25,6,0,-54,0,1.69
fold2_room1_mix1360,26,6,0,-54,0,1.66
fold2_room1_mix1360,27,6,0,-52,-1,1.75
fold2_room1_mix1360,28,6,0,-50,0,1.84
fold2_room1_mix1360,29,6,0,-53,-1,1.70
fold2_room1_mix1360,30,6,0,-49,-1,1.74
fold2_room1_mix1360,31,6,0,-48,0,1.93
fold2_room1_mix1360,32,6,0,-49,0,1.84
fold2_room1_mix1360,33,6,0,-46,0,2.04
fold2_room1_mix1360,34,6,0,-47,-1,1.98
fold2_room1_mix1360,35,6,0,-47,-1,2.01
fold2_room1_mix1360,36,6,0,-47,0,1.91
fold2_room1_mix1360,37,6,0,-45,0,2.03
fold2_room1_mix1360,38,6,0,-47,0,1.87
fold2_room1_mix1360,39,6,0,-44,0,2.04
fold2_room1_mix1360,40,6,0,-45,0,1.98
fold2_room1_mix1360,41,6,0,-44,0,1.99
fold2_room1_mix1360,42,6,0,-43,-1,2.03
fold2_room1_mix1360,43,6,0,-42,-1,2.08
fold2_room1_mix1360,44,6,0,-44,-1,2.05
fold2_room1_mix1360,45,6,0,-44,-1,1.96
fold2_room1_mix1360,46,6,0,-39,-1,2.08
fold2_room1_mix1360,47,6,0,-43,-1,2.01
fold2_room1_mix1360,48,6,0,-40,-1,2.26
fold2_room1_mix1360,49,6,0,-41,0,2.14
fold2_room1_mix1360,50,6,0,-41,-1,2.18
fold2_room1_mix1360,51,6,0,-38,-1,2.28
fold2_room1_mix1360,52,6,0,-41,-1,2.09
fold2_room1_mix1360,53,6,0,-40,-1,2.20
fold2_room1_mix1360,54,6,0,-42,-1,2.15
fold2_room1_mix1360,55,6,0,-39,-1,2.17
fold2_room1_mix1360,56,6,0,-37,-1,2.30
fold2_room1_mix1360,57,6,0,-40,-1,2.13
fold2_room1_mix1360,58,6,0,-37,-1,2.24
fold2_room1_mix1360,59,6,0,-36,-1,2.21
fold2_room1_mix1360,60,6,0,-36,-1,2.38
fold2_room1_mix1360,61,6,0,-35,-1,2.40
fold2_room1_mix1360,62,6,0,-37,-1,2.34
fold2_room1_mix1360,63,6,0,-36,-1,2.29
fold2_room1_mix1360,64,6,0,-36,-1,2.36
fold2_room1_mix1360,65,6,0,-33,-1,2.38
fold2_room1_mix1360,66,6,0,-34,-1,2.43
fold2_room1_mix1360,67,6,0,-34,-1,2.43
fold2_room1_mix1360,68,6,0,-35,-1,2.42
fold2_room1_mix1360,69,6,0,-35,-1,2.42
fold2_room1_mix1360,70,6,0,-34,-1,2.50
fold2_room1_mix1360,71,6,0,-35,-1,2.47
fold2_room1_mix1360,72,6,0,-31,-1,2.61
fold2_room1_mix1360,73,6,0,-35,-1,2.49
fold2_room1_mix1360,74,6,0,-34,-1,2.53
fold2_room1_mix1360,75,6,0,-33,-1,2.53
fold2_room1_mix1360,76,6,0,-34,-1,2.57
fold2_room1_mix1360,77,6,0,-34,-1,2.43
fold2_room1_mix1360,78,6,0,-32,-1,2.65
fold2_room1_mix1360,79,6,0,-34,-1,2.57
fold2_room1_mix1360,80,6,0,-32,-1,2.51
fold2_room1_mix1360,81,6,0,-31,-1,2.61
fold2_room1_mix1360,82,6,0,-31,-1,2.55
fold2_room1_mix1360,83,6,0,-31,-2,2.64
fold2_room1_mix1360,84,6,0,-31,-1,2.80
fold2_room1_mix1360,85,6,0,-33,-1,2.71
fold2_room1_mix1360,86,6,0,-32,-1,2.65
fold2_room1_mix1360,87,6,0,-30,-1,2.82
fold2_room1_mix1360,88,6,0,-31,-1,2.79
fold2_room1_mix1360,89,6,0,-31,-1,2.79
fold2_room1_mix1360,90,6,0,-28,-1,2.92
fold2_room1_mix1360,91,6,0,-30,-1,2.92
fold2_room1_mix1360,92,6,0,-31,-1,2.97
fold2_room1_mix1360,93,6,0,-32,-1,2.87
fold2_room1_mix1360,94,6,0,-30,-2,2.74
fold2_room1_mix1360,95,6,0,-31,-1,2.75
fold2_room1_mix1360,96,6,0,-31,-1,2.68
fold2_room1_mix1360,97,6,0,-30,-1,2.85
fold2_room1_mix1360,98,6,0,-31,-1,2.63
fold2_room1_mix1360,99,6,0,-30,-1,2.83
fold2_room1_mix1361,56,6,0,-21,-2,1.70
fold2_room1_mix1361,57,6,0,-22,-3,1.89
fold2_room1_mix1361,58,6,0,-22,-1,3.29
fold2_room1_mix1361,59,6,0,-21,-1,3.38
fold2_room1_mix1361,60,6,0,-22,-1,3.42
fold2_room1_mix1361,61,6,0,-26,-2,3.45
fold2_room1_mix1361,62,6,0,-29,-2,3.02
fold2_room1_mix1361,63,6,0,-31,-2,2.71
fold2_room1_mix1361,64,6,0,-39,-2,2.32
fold2_room1_mix1361,65,6,0,-47,-3,1.95
fold2_room1_mix1361,66,6,0,-58,-4,1.70
fold2_room1_mix1361,67,6,0,-68,-3,1.45
fold2_room1_mix1361,68,6,0,-82,-3,1.41
fold2_room1_mix1361,69,6,0,-108,-4,1.46
fold2_room1_mix1361,70,6,0,-118,-4,1.52
fold2_room1_mix1361,71,6,0,-131,-3,1.96
fold2_room1_mix1361,72,6,0,-139,-2,2.27
fold2_room1_mix1361,73,6,0,-146,-2,2.71
fold2_room1_mix1361,74,6,0,-150,-1,2.93
fold2_room1_mix1361,75,6,0,-152,-1,3.11
fold2_room1_mix1361,76,6,0,-154,-1,3.32
fold2_room1_mix1361,77,6,0,-157,-1,3.46
fold2_room1_mix1361,78,6,0,-158,-1,3.64
fold2_room1_mix1361,79,6,0,-159,-1,4.01
fold2_room1_mix1361,80,6,0,-159,-1,3.93
fold2_room1_mix1361,81,6,0,-164,0,2.24
fold2_room1_mix1363,60,6,0,-172,-2,0.99
fold2_room1_mix1363,61,6,0,-167,-3,3.00
fold2_room1_mix1363,63,6,0,-175,-2,1.32
fold2_room1_mix1363,64,6,0,-163,-2,3.76
fold2_room1_mix1363,65,6,0,-161,-2,3.80
fold2_room1_mix1363,66,6,0,-158,-2,3.43
fold2_room1_mix1363,67,6,0,-156,-3,2.93
fold2_room1_mix1363,68,6,0,-151,-3,3.00
fold2_room1_mix1363,69,6,0,-155,-2,3.21
fold2_room1_mix1363,70,6,0,-148,-2,2.92
fold2_room1_mix1363,71,6,0,-144,-3,2.69
fold2_room1_mix1363,72,6,0,-138,-2,2.59
fold2_room1_mix1363,73,6,0,-122,-3,2.20
fold2_room1_mix1363,74,6,0,-108,-4,1.95
fold2_room1_mix1363,75,6,0,-95,-4,1.80
fold2_room1_mix1363,76,6,0,-79,-2,1.66
fold2_room1_mix1363,77,6,0,-66,-2,1.73
fold2_room1_mix1363,78,6,0,-58,-2,1.79
fold2_room1_mix1363,79,6,0,-48,-1,1.98
fold2_room1_mix1363,80,6,0,-40,-1,2.55
fold2_room1_mix1363,81,6,0,-34,0,2.50
fold2_room1_mix1363,82,6,0,-29,0,2.81
fold2_room1_mix1363,83,6,0,-28,-1,2.94
fold2_room1_mix1363,84,6,0,-25,0,3.14
fold2_room1_mix1363,85,6,0,-25,0,3.10
fold2_room1_mix1363,86,6,0,-22,-1,3.28
fold2_room1_mix1363,87,6,0,-20,0,3.71
fold2_room1_mix1365,1,6,0,3,0,1.82
fold2_room1_mix1365,2,6,0,5,0,2.44
fold2_room1_mix1365,3,6,0,10,0,3.68
fold2_room1_mix1365,4,6,0,11,-1,3.71
fold2_room1_mix1365,5,6,0,15,-1,3.42
fold2_room1_mix1365,6,6,0,15,0,4.16
fold2_room1_mix1365,7,6,0,16,0,4.25
fold2_room1_mix1365,8,6,0,11,-1,4.26
fold2_room1_mix1365,9,6,0,15,0,4.23
fold2_room1_mix1365,10,6,0,20,-1,4.06
fold2_room1_mix1365,11,6,0,20,-1,3.85
fold2_room1_mix1365,12,6,0,20,-1,3.68
fold2_room1_mix1365,13,6,0,19,-1,3.72
fold2_room1_mix1365,14,6,0,22,-1,3.34
fold2_room1_mix1365,15,6,0,25,-1,3.26
fold2_room1_mix1365,16,6,0,23,-1,3.47
fold2_room1_mix1365,17,6,0,26,-1,3.21
fold2_room1_mix1365,18,6,0,29,-1,2.70
fold2_room1_mix1365,19,6,0,30,-1,2.74
fold2_room1_mix1365,20,6,0,32,0,2.41
fold2_room1_mix1365,21,6,0,36,0,2.24
fold2_room1_mix1365,22,6,0,37,0,2.22
fold2_room1_mix1365,23,6,0,37,0,2.18
fold2_room1_mix1365,24,6,0,42,0,1.99
fold2_room1_mix1365,25,6,0,48,1,1.71
fold2_room1_mix1365,26,6,0,53,1,1.47
fold2_room1_mix1365,27,6,0,57,1,1.27
fold2_room1_mix1365,28,6,0,63,2,1.21
fold2_room1_mix1365,29,6,0,73,3,1.05
fold2_room1_mix1365,30,6,0,80,3,1.01
fold2_room1_mix1365,31,6,0,89,4,1.09
fold2_room1_mix1365,32,6,0,103,4,1.11
fold2_room1_mix1365,33,6,0,117,3,1.30
fold2_room1_mix1365,34,6,0,123,3,1.24
fold2_room1_mix1365,35,6,0,129,2,1.40
fold2_room1_mix1365,36,6,0,134,2,1.47
fold2_room1_mix1365,37,6,0,138,1,1.70
fold2_room1_mix1365,38,6,0,140,1,1.84
fold2_room1_mix1365,39,6,0,143,0,1.92
fold2_room1_mix1365,40,6,0,146,0,2.07
fold2_room1_mix1365,41,6,0,147,0,2.17
fold2_room1_mix1365,42,6,0,150,0,2.24
fold2_room1_mix1365,43,6,0,151,0,2.50
fold2_room1_mix1365,44,6,0,152,0,2.39
fold2_room1_mix1365,45,6,0,153,0,2.64
fold2_room1_mix1365,46,6,0,154,0,2.65
fold2_room1_mix1365,47,6,0,157,0,3.10
fold2_room1_mix1365,48,6,0,158,0,3.00
fold2_room1_mix1365,49,6,0,159,0,2.97
fold2_room1_mix1365,50,6,0,160,0,3.05
fold2_room1_mix1365,51,6,0,160,0,3.17
fold2_room1_mix1365,52,6,0,161,0,3.17
fold2_room1_mix1365,53,6,0,160,0,3.23
fold2_room1_mix1365,54,6,0,162,0,3.39
fold2_room1_mix1365,55,6,0,162,0,3.75
fold2_room1_mix1365,56,6,0,163,0,3.76
fold2_room1_mix1365,57,6,0,164,0,3.93
fold2_room1_mix1365,58,6,0,165,0,4.13
fold2_room1_mix1365,59,6,0,165,0,4.09
fold2_room1_mix1365,60,6,0,165,0,4.04
fold2_room1_mix1365,61,6,0,164,0,3.81
fold2_room1_mix1365,62,6,0,167,0,4.26
fold2_room1_mix1365,63,6,0,167,0,4.46
fold2_room1_mix1365,64,6,0,166,0,4.42
fold2_room1_mix1365,65,6,0,169,0,4.74
fold2_room1_mix1365,66,6,0,170,0,4.53
fold2_room1_mix1365,67,6,0,170,0,2.47
fold2_room1_mix1365,68,6,0,168,0,4.31
fold2_room1_mix1365,69,6,0,169,0,3.87
fold2_room1_mix1365,70,6,0,168,0,4.31
fold2_room1_mix1365,71,6,0,168,-1,3.53
fold2_room1_mix1365,72,6,0,169,0,4.85
fold2_room1_mix1365,73,6,0,171,-1,3.85
fold2_room1_mix1365,74,6,0,171,-1,3.87
fold2_room1_mix1365,75,6,0,170,-1,4.63
fold2_room1_mix1365,76,6,0,169,-1,4.64
fold2_room1_mix1365,77,6,0,171,-1,4.36
fold2_room1_mix1365,78,6,0,173,0,2.07
fold2_room1_mix1365,79,6,0,171,-1,5.09
fold2_room1_mix1365,80,6,0,171,0,5.68
fold2_room1_mix1367,49,6,0,-160,-2,1.39
fold2_room1_mix1367,50,6,0,-155,-2,1.54
fold2_room1_mix1367,51,6,0,-149,-3,3.31
fold2_room1_mix1367,52,6,0,-142,-4,2.69
fold2_room1_mix1367,53,6,0,-143,-3,3.00
fold2_room1_mix1367,54,6,0,-144,-3,2.86
fold2_room1_mix1367,55,6,0,-136,-4,2.95
fold2_room1_mix1367,56,6,0,-124,-4,2.44
fold2_room1_mix1367,57,6,0,-120,-3,2.54
fold2_room1_mix1367,58,6,0,-113,-4,2.32
fold2_room1_mix1367,59,6,0,-103,-3,2.15
fold2_room1_mix1367,60,6,0,-95,-4,2.04
fold2_room1_mix1367,61,6,0,-90,-6,2.07
fold2_room1_mix1367,62,6,0,-82,-5,1.92
fold2_room1_mix1367,63,6,0,-75,-5,1.97
fold2_room1_mix1367,64,6,0,-71,-3,2.09
fold2_room1_mix1367,65,6,0,-65,-3,2.22
fold2_room1_mix1367,66,6,0,-58,-3,2.43
fold2_room1_mix1367,67,6,0,-55,-2,2.48
fold2_room1_mix1367,68,6,0,-49,-2,2.63
fold2_room1_mix1367,69,6,0,-45,-2,2.80
fold2_room1_mix1367,70,6,0,-41,-2,2.97
fold2_room1_mix1367,71,6,0,-37,-2,3.24
fold2_room1_mix1367,72,6,0,-35,-2,3.32
fold2_room1_mix1367,73,6,0,-38,-2,3.20
fold2_room1_mix1367,74,6,0,-41,-2,2.00
fold2_room1_mix1367,75,6,0,-32,-2,3.71
fold2_room1_mix1367,76,6,0,-36,-2,3.20
fold2_room1_mix1368,0,6,0,159,-3,0.92
fold2_room1_mix1368,1,6,0,156,-2,1.50
fold2_room1_mix1368,2,6,0,148,-2,2.41
fold2_room1_mix1368,3,6,0,151,-3,2.86
fold2_room1_mix1368,4,6,0,149,-3,2.60
fold2_room1_mix1368,5,6,0,147,-3,2.92
fold2_room1_mix1368,6,6,0,147,-3,2.75
fold2_room1_mix1368,7,6,0,147,-2,2.95
fold2_room1_mix1368,8,6,0,143,-2,2.62
fold2_room1_mix1368,9,6,0,142,-3,2.69
fold2_room1_mix1368,10,6,0,141,-2,2.78
fold2_room1_mix1368,11,6,0,139,-2,2.68
fold2_room1_mix1368,12,6,0,137,-3,2.57
fold2_room1_mix1368,13,6,0,135,-3,2.53
fold2_room1_mix1368,14,6,0,129,-4,2.28
fold2_room1_mix1368,15,6,0,127,-2,2.23
fold2_room1_mix1368,16,6,0,124,-5,2.05
fold2_room1_mix1368,17,6,0,123,-3,2.21
fold2_room1_mix1368,18,6,0,119,-4,1.97
fold2_room1_mix1368,19,6,0,113,-3,1.79
fold2_room1_mix1368,20,6,0,108,-3,1.85
fold2_room1_mix1368,21,6,0,104,-3,1.94
fold2_room1_mix1368,22,6,0,100,-3,1.87
fold2_room1_mix1368,23,6,0,98,-2,1.85
fold2_room1_mix1368,24,6,0,95,-1,1.76
fold2_room1_mix1368,25,6,0,92,-2,1.79
fold2_room1_mix1368,26,6,0,90,-2,1.73
fold2_room1_mix1368,27,6,0,89,-1,1.58
fold2_room1_mix1368,28,6,0,88,-1,1.66
fold2_room1_mix1368,29,6,0,87,-1,1.64
fold2_room1_mix1368,30,6,0,82,-1,1.63
fold2_room1_mix1368,31,6,0,84,0,1.69
fold2_room1_mix1368,32,6,0,79,-1,1.66
fold2_room1_mix1368,33,6,0,76,0,1.67
fold2_room1_mix1368,34,6,0,74,-1,1.80
fold2_room1_mix1368,35,6,0,69,-2,1.84
fold2_room1_mix1368,36,6,0,68,-2,2.00
fold2_room1_mix1368,37,6,0,67,-2,2.03
fold2_room1_mix1368,38,6,0,66,-1,2.06
fold2_room1_mix1368,39,6,0,59,-1,2.19
fold2_room1_mix1368,40,6,0,58,-2,2.16
fold2_room1_mix1368,41,6,0,59,-2,2.09
fold2_room1_mix1368,42,6,0,53,-2,2.25
fold2_room1_mix1368,43,6,0,51,-2,2.26
fold2_room1_mix1368,44,6,0,52,-1,2.11
fold2_room1_mix1368,45,6,0,46,-1,2.56
fold2_room1_mix1368,46,6,0,46,-1,2.70
fold2_room1_mix1368,47,6,0,40,-2,2.87
fold2_room1_mix1368,48,6,0,42,-2,2.62
fold2_room1_mix1368,49,6,0,42,-2,2.73
fold2_room1_mix1368,50,6,0,38,-3,2.75
fold2_room1_mix1368,51,6,0,37,-2,2.85
fold2_room1_mix1368,52,6,0,34,-2,3.14
fold2_room1_mix1368,53,6,0,35,-2,3.13
fold2_room1_mix1368,54,6,0,32,-2,3.30
fold2_room1_mix1368,55,6,0,33,-2,3.25
fold2_room1_mix1368,56,6,0,30,-2,3.19
fold2_room1_mix1368,57,6,0,30,-2,3.46
fold2_room1_mix1368,58,6,0,29,-2,3.47
fold2_room1_mix1368,59,6,0,29,-2,3.33
fold2_room1_mix1368,60,6,0,30,-3,3.22
fold2_room1_mix1368,61,6,0,31,-2,3.22
fold2_room1_mix1368,62,6,0,31,-2,3.33
fold2_room1_mix1368,63,6,0,31,-2,2.28
fold2_room1_mix1368,64,6,0,31,-3,2.83
fold2_room1_mix1368,65,6,0,43,-3,1.89
fold2_room1_mix1368,66,6,0,31,-2,3.26
fold2_room1_mix1368,67,6,0,27,-2,3.63
fold2_room1_mix1368,68,6,0,30,-2,2.43
fold2_room1_mix1368,69,6,0,29,-2,4.05
fold2_room1_mix1368,70,6,0,29,-2,3.84
fold2_room1_mix1368,71,6,0,27,-1,4.34
fold2_room1_mix1368,72,6,0,24,-2,4.31
fold2_room1_mix1368,73,6,0,28,-2,4.42
fold2_room1_mix1368,74,6,0,25,-1,4.57
fold2_room1_mix1368,75,6,0,25,-1,4.82
fold2_room1_mix1368,76,6,0,23,-2,4.73
fold2_room1_mix1368,77,6,0,22,-1,4.80
fold2_room1_mix1368,78,6,0,22,-1,5.47
fold2_room1_mix1368,79,6,0,23,-1,4.06
fold2_room1_mix1368,80,6,0,24,-2,2.41
fold2_room1_mix1368,82,6,0,25,-2,2.85
fold2_room1_mix1369,23,6,0,-179,-2,1.14
fold2_room1_mix1369,26,6,0,-173,-3,1.23
fold2_room1_mix1369,27,6,0,-171,-3,1.88
fold2_room1_mix1369,28,6,0,-174,-3,2.02
fold2_room1_mix1369,42,6,0,-164,-3,1.40
fold2_room1_mix1369,43,6,0,-163,-3,2.03
fold2_room1_mix1369,45,6,0,-163,-3,2.25
fold2_room1_mix1369,46,6,0,-156,-3,3.04
fold2_room1_mix1369,47,6,0,-156,-3,2.90
fold2_room1_mix1369,48,6,0,-152,-4,2.46
fold2_room1_mix1369,49,6,0,-153,-3,2.68
fold2_room1_mix1369,50,6,0,-153,-2,2.98
fold2_room1_mix1369,51,6,0,-151,-3,2.70
fold2_room1_mix1369,52,6,0,-149,-4,2.44
fold2_room1_mix1369,53,6,0,-152,-2,2.73
fold2_room1_mix1369,54,6,0,-149,-3,2.53
fold2_room1_mix1369,55,6,0,-149,-3,2.47
fold2_room1_mix1369,56,6,0,-146,-3,2.45
fold2_room1_mix1369,57,6,0,-143,-3,2.28
fold2_room1_mix1369,58,6,0,-144,-2,2.49
fold2_room1_mix1369,59,6,0,-141,-4,2.19
fold2_room1_mix1369,60,6,0,-139,-3,2.13
fold2_room1_mix1369,61,6,0,-134,-2,1.97
fold2_room1_mix1369,62,6,0,-131,-3,2.04
fold2_room1_mix1369,63,6,0,-125,-3,1.90
fold2_room1_mix1369,64,6,0,-119,-3,1.74
fold2_room1_mix1369,65,6,0,-117,-2,1.69
fold2_room1_mix1369,66,6,0,-114,-2,1.78
fold2_room1_mix1369,67,6,0,-111,-2,1.75
fold2_room1_mix1369,68,6,0,-100,-2,1.59
fold2_room1_mix1369,69,6,0,-94,-2,1.41
fold2_room1_mix1369,70,6,0,-87,-2,1.41
fold2_room1_mix1369,71,6,0,-84,-1,1.44
fold2_room1_mix1369,72,6,0,-77,-1,1.47
fold2_room1_mix1369,73,6,0,-71,-1,1.48
fold2_room1_mix1369,74,6,0,-67,-1,1.53
fold2_room1_mix1369,75,6,0,-64,-1,1.59
fold2_room1_mix1369,76,6,0,-60,-1,1.60
fold2_room1_mix1369,77,6,0,-57,-1,1.65
fold2_room1_mix1369,78,6,0,-54,0,1.66
fold2_room1_mix1369,79,6,0,-51,-1,1.75
fold2_room1_mix1369,80,6,0,-49,0,1.85
fold2_room1_mix1369,81,6,0,-42,0,1.93
fold2_room1_mix1369,82,6,0,-43,-1,2.00
fold2_room1_mix1369,83,6,0,-38,-1,2.17
fold2_room1_mix1369,84,6,0,-35,-1,2.26
fold2_room1_mix1369,85,6,0,-35,-1,2.39
fold2_room1_mix1369,86,6,0,-30,0,2.57
fold2_room1_mix1369,87,6,0,-31,0,2.66
fold2_room1_mix1369,88,6,0,-29,0,2.75
fold2_room1_mix1369,89,6,0,-29,0,2.54
fold2_room1_mix1369,90,6,0,-27,0,2.75
fold2_room1_mix1369,91,6,0,-27,0,2.89
fold2_room1_mix1369,92,6,0,-25,0,2.97
fold2_room1_mix1369,93,6,0,-24,0,2.94
fold2_room1_mix1369,94,6,0,-23,0,2.99
fold2_room1_mix1369,95,6,0,-23,0,3.06
fold2_room1_mix1369,96,6,0,-27,0,1.65
fold2_room1_mix1371,41,6,0,-24,-2,3.36
fold2_room1_mix1371,42,6,0,-14,-2,4.42
fold2_room1_mix1371,43,6,0,-15,-2,4.35
fold2_room1_mix1371,44,6,0,-15,-2,5.69
fold2_room1_mix1371,45,6,0,-18,-2,4.92
fold2_room1_mix1371,46,6,0,-14,-1,4.83
fold2_room1_mix1371,47,6,0,-16,-1,5.14
fold2_room1_mix1371,48,6,0,-18,-2,5.08
fold2_room1_mix1371,49,6,0,-16,-1,4.55
fold2_room1_mix1371,50,6,0,-21,-1,3.97
fold2_room1_mix1371,51,6,0,-23,-1,3.53
fold2_room1_mix1371,52,6,0,-28,-1,2.74
fold2_room1_mix1371,53,6,0,-34,-1,2.56
fold2_room1_mix1371,54,6,0,-46,-1,2.04
fold2_room1_mix1371,55,6,0,-56,-2,1.79
fold2_room1_mix1371,56,6,0,-68,-4,1.61
fold2_room1_mix1371,57,6,0,-84,-3,1.36
fold2_room1_mix1371,58,6,0,-106,-3,1.51
fold2_room1_mix1371,59,6,0,-121,-3,1.63
fold2_room1_mix1371,60,6,0,-132,-2,1.94
fold2_room1_mix1371,61,6,0,-140,-2,2.44
fold2_room1_mix1371,62,6,0,-146,-2,2.71
fold2_room1_mix1371,63,6,0,-150,-2,2.95
fold2_room1_mix1371,64,6,0,-153,-1,3.45
fold2_room1_mix1371,65,6,0,-155,-1,3.36
fold2_room1_mix1371,66,6,0,-158,-1,3.92
fold2_room1_mix1371,67,6,0,-159,-1,4.13
fold2_room1_mix1371,68,6,0,-160,-1,4.71
fold2_room1_mix1371,69,6,0,-162,-1,5.03
fold2_room1_mix1371,70,6,0,-164,-1,4.67
fold2_room1_mix1371,71,6,0,-163,-1,5.48
fold2_room1_mix1371,72,6,0,-166,-1,3.96
fold2_room1_mix1371,73,6,0,-166,-1,5.80
fold2_room1_mix1371,74,6,0,-163,-1,6.21
fold2_room1_mix1371,75,6,0,-166,-1,3.69
fold2_room1_mix1372,11,6,0,167,-3,2.30
fold2_room1_mix1372,22,6,0,156,-3,2.26
fold2_room1_mix1372,23,6,0,157,-2,2.43
fold2_room1_mix1372,24,6,0,157,-1,2.50
fold2_room1_mix1372,25,6,0,154,-2,3.05
fold2_room1_mix1372,26,6,0,151,-1,2.94
fold2_room1_mix1372,27,6,0,153,-2,2.96
fold2_room1_mix1372,28,6,0,153,-1,3.26
fold2_room1_mix1372,29,6,0,153,-1,3.38
fold2_room1_mix1372,30,6,0,151,-1,3.30
fold2_room1_mix1372,31,6,0,151,-1,3.02
fold2_room1_mix1372,32,6,0,151,-2,2.78
fold2_room1_mix1372,33,6,0,146,-2,2.78
fold2_room1_mix1372,34,6,0,147,-2,2.69
fold2_room1_mix1372,35,6,0,145,-2,2.57
fold2_room1_mix1372,36,6,0,142,-2,2.54
fold2_room1_mix1372,37,6,0,138,-2,2.30
fold2_room1_mix1372,38,6,0,138,-2,2.36
fold2_room1_mix1372,39,6,0,137,-2,2.40
fold2_room1_mix1372,40,6,0,137,-3,2.27
fold2_room1_mix1372,41,6,0,134,-1,2.14
fold2_room1_mix1372,42,6,0,126,-2,2.13
fold2_room1_mix1372,43,6,0,122,-2,2.00
fold2_room1_mix1372,44,6,0,122,-2,1.94
fold2_room1_mix1372,45,6,0,108,-1,1.69
fold2_room1_mix1372,46,6,0,106,-2,1.70
fold2_room1_mix1372,47,6,0,98,0,1.65
fold2_room1_mix1372,48,6,0,99,0,1.70
fold2_room1_mix1372,49,6,0,90,0,1.62
fold2_room1_mix1372,50,6,0,84,0,1.63
fold2_room1_mix1372,51,6,0,81,0,1.54
fold2_room1_mix1372,52,6,0,78,0,1.53
fold2_room1_mix1372,53,6,0,73,0,1.54
fold2_room1_mix1372,54,6,0,69,0,1.52
fold2_room1_mix1372,55,6,0,65,0,1.65
fold2_room1_mix1372,56,6,0,60,0,1.78
fold2_room1_mix1372,57,6,0,57,0,1.81
fold2_room1_mix1372,58,6,0,54,0,1.89
fold2_room1_mix1372,59,6,0,51,0,1.88
fold2_room1_mix1372,60,6,0,49,0,1.90
fold2_room1_mix1372,61,6,0,49,0,1.97
fold2_room1_mix1372,62,6,0,45,0,2.09
fold2_room1_mix1372,63,6,0,41,0,2.23
fold2_room1_mix1372,64,6,0,39,0,2.36
fold2_room1_mix1372,65,6,0,37,0,2.46
fold2_room1_mix1372,66,6,0,36,0,2.64
fold2_room1_mix1372,67,6,0,35,0,2.35
fold2_room1_mix1372,68,6,0,35,0,1.62
fold2_room1_mix1372,69,6,0,32,0,1.77
fold2_room1_mix1372,73,6,0,27,-1,2.15
fold2_room1_mix1372,74,6,0,24,0,2.27
fold2_room1_mix1372,75,6,0,25,-1,1.50
fold2_room1_mix1372,76,6,0,23,-1,1.94
fold2_room1_mix1374,0,6,0,-48,-1,0.89
fold2_room1_mix1374,1,6,0,-51,0,1.03
fold2_room1_mix1374,2,6,0,-42,0,1.98
fold2_room1_mix1374,3,6,0,-37,0,2.32
fold2_room1_mix1374,4,6,0,-35,-1,2.38
fold2_room1_mix1374,5,6,0,-41,-2,2.38
fold2_room1_mix1374,6,6,0,-34,-1,2.82
fold2_room1_mix1374,7,6,0,-34,-1,2.85
fold2_room1_mix1374,8,6,0,-33,-1,2.96
fold2_room1_mix1374,9,6,0,-33,-1,2.83
fold2_room1_mix1374,10,6,0,-34,-2,2.69
fold2_room1_mix1374,11,6,0,-34,-1,2.71
fold2_room1_mix1374,12,6,0,-35,-2,2.67
fold2_room1_mix1374,13,6,0,-37,-2,2.63
fold2_room1_mix1374,14,6,0,-36,-2,2.67
fold2_room1_mix1374,15,6,0,-36,-2,2.75
fold2_room1_mix1374,16,6,0,-39,-2,2.82
fold2_room1_mix1374,17,6,0,-33,-2,3.09
fold2_room1_mix1374,18,6,0,-37,-2,2.84
fold2_room1_mix1374,19,6,0,-39,-2,2.80
fold2_room1_mix1374,20,6,0,-41,-2,2.83
fold2_room1_mix1374,21,6,0,-40,-2,2.76
fold2_room1_mix1374,22,6,0,-38,-2,2.99
fold2_room1_mix1374,23,6,0,-37,-2,3.19
fold2_room1_mix1374,24,6,0,-37,-2,3.28
fold2_room1_mix1374,25,6,0,-37,-2,3.24
fold2_room1_mix1374,26,6,0,-38,-2,3.20
fold2_room1_mix1374,27,6,0,-39,-2,3.00
fold2_room1_mix1374,28,6,0,-38,-2,2.93
fold2_room1_mix1374,29,6,0,-39,-2,3.02
fold2_room1_mix1374,30,6,0,-35,-1,3.26
fold2_room1_mix1374,31,6,0,-36,-2,3.25
fold2_room1_mix1374,32,6,0,-39,-2,3.11
fold2_room1_mix1374,33,6,0,-38,-2,3.24
fold2_room1_mix1374,34,6,0,-39,-2,3.20
fold2_room1_mix1374,35,6,0,-35,-2,3.45
fold2_room1_mix1374,36,6,0,-38,-2,3.40
fold2_room1_mix1374,37,6,0,-45,-3,3.15
fold2_room1_mix1374,38,6,0,-40,-2,2.99
fold2_room1_mix1374,39,6,0,-42,-3,2.93
fold2_room1_mix1374,40,6,0,-41,-3,3.14
fold2_room1_mix1374,41,6,0,-40,-2,3.04
fold2_room1_mix1374,42,6,0,-43,-3,3.01
fold2_room1_mix1374,43,6,0,-42,-3,3.11
fold2_room1_mix1374,44,6,0,-43,-3,2.94
fold2_room1_mix1374,45,6,0,-44,-3,2.87
fold2_room1_mix1374,46,6,0,-45,-3,2.92
fold2_room1_mix1374,47,6,0,-46,-3,2.81
fold2_room1_mix1374,48,6,0,-43,-2,2.97
fold2_room1_mix1374,49,6,0,-43,-3,3.06
fold2_room1_mix1374,50,6,0,-46,-2,2.91
fold2_room1_mix1374,51,6,0,-43,-3,3.20
fold2_room1_mix1374,52,6,0,-48,-3,2.90
fold2_room1_mix1374,53,6,0,-47,-3,2.98
fold2_room1_mix1374,54,6,0,-48,-3,2.93
fold2_room1_mix1374,55,6,0,-49,-3,2.68
fold2_room1_mix1374,56,6,0,-46,-3,3.06
fold2_room1_mix1374,57,6,0,-48,-3,2.89
fold2_room1_mix1374,58,6,0,-49,-3,2.68
fold2_room1_mix1374,59,6,0,-51,-3,2.59
fold2_room1_mix1374,60,6,0,-48,-3,2.71
fold2_room1_mix1374,61,6,0,-47,-3,2.86
fold2_room1_mix1374,62,6,0,-51,-3,2.65
fold2_room1_mix1374,63,6,0,-52,-3,2.54
fold2_room1_mix1374,64,6,0,-51,-3,2.68
fold2_room1_mix1374,65,6,0,-50,-3,2.77
fold2_room1_mix1374,66,6,0,-51,-2,2.65
fold2_room1_mix1374,67,6,0,-49,-3,2.80
fold2_room1_mix1374,68,6,0,-51,-4,2.58
fold2_room1_mix1374,69,6,0,-51,-2,2.80
fold2_room1_mix1374,70,6,0,-51,-3,2.90
fold2_room1_mix1374,71,6,0,-53,-3,2.65
fold2_room1_mix1374,72,6,0,-51,-3,2.66
fold2_room1_mix1374,73,6,0,-53,-3,2.47
fold2_room1_mix1374,74,6,0,-52,-3,2.39
fold2_room1_mix1374,75,6,0,-53,-3,2.41
fold2_room1_mix1374,76,6,0,-52,-3,2.45
fold2_room1_mix1374,77,6,0,-55,-3,2.34
fold2_room1_mix1374,78,6,0,-54,-3,2.40
fold2_room1_mix1374,79,6,0,-54,-3,2.47
fold2_room1_mix1374,80,6,0,-55,-2,2.51
fold2_room1_mix1374,81,6,0,-56,-2,2.52
fold2_room1_mix1374,82,6,0,-56,-3,2.38
fold2_room1_mix1374,83,6,0,-55,-3,2.68
fold2_room1_mix1374,84,6,0,-57,-3,2.48
fold2_room1_mix1374,85,6,0,-58,-2,2.28
fold2_room1_mix1374,86,6,0,-56,-3,2.45
fold2_room1_mix1374,87,6,0,-60,-2,2.17
fold2_room1_mix1374,88,6,0,-57,-2,2.37
fold2_room1_mix1374,89,6,0,-58,-2,2.33
fold2_room1_mix1374,90,6,0,-59,-3,2.37
fold2_room1_mix1374,91,6,0,-61,-3,2.21
fold2_room1_mix1374,92,6,0,-59,-3,2.33
fold2_room1_mix1374,93,6,0,-60,-3,2.29
fold2_room1_mix1374,94,6,0,-59,-3,2.35
fold2_room1_mix1374,95,6,0,-63,-3,2.30
fold2_room1_mix1374,96,6,0,-60,-3,2.34
fold2_room1_mix1374,97,6,0,-62,-3,2.20
fold2_room1_mix1374,98,6,0,-61,-3,2.28
fold2_room1_mix1374,99,6,0,-62,-3,2.28
fold2_room1_mix1375,2,6,0,-10,-1,2.52
fold2_room1_mix1375,3,6,0,-14,-2,3.01
fold2_room1_mix1375,4,6,0,-2,-2,2.23
fold2_room1_mix1375,5,6,0,-11,-1,5.97
fold2_room1_mix1375,6,6,0,-5,-1,6.56
fold2_room1_mix1375,7,6,0,-7,-1,6.95
fold2_room1_mix1375,8,6,0,-14,-1,6.64
fold2_room1_mix1375,9,6,0,-10,-1,7.45
fold2_room1_mix1375,10,6,0,-8,-1,8.19
fold2_room1_mix1375,11,6,0,-10,-1,7.38
fold2_room1_mix1375,12,6,0,-10,-1,7.38
fold2_room1_mix1375,13,6,0,-13,-1,6.82
fold2_room1_mix1375,14,6,0,-8,-1,7.43
fold2_room1_mix1375,15,6,0,-7,-1,7.31
fold2_room1_mix1375,16,6,0,-7,0,6.92
fold2_room1_mix1375,17,6,0,-7,0,7.37
fold2_room1_mix1375,18,6,0,-8,0,7.05
fold2_room1_mix1375,19,6,0,-5,0,7.01
fold2_room1_mix1375,20,6,0,-8,0,6.57
fold2_room1_mix1375,21,6,0,-8,0,6.72
fold2_room1_mix1375,22,6,0,-7,0,7.26
fold2_room1_mix1375,23,6,0,-6,-1,6.52
fold2_room1_mix1375,24,6,0,-9,-1,6.57
fold2_room1_mix1375,25,6,0,-9,0,6.10
fold2_room1_mix1375,26,6,0,-8,-1,6.24
fold2_room1_mix1375,27,6,0,-6,0,6.48
fold2_room1_mix1375,28,6,0,-10,-1,5.97
fold2_room1_mix1375,29,6,0,-7,-1,6.71
fold2_room1_mix1375,30,6,0,-8,0,6.80
fold2_room1_mix1375,31,6,0,-7,-1,6.22
fold2_room1_mix1375,32,6,0,-7,-1,5.66
fold2_room1_mix1375,33,6,0,-10,-1,5.86
fold2_room1_mix1375,34,6,0,-9,-1,5.40
fold2_room1_mix1375,35,6,0,-10,-1,4.73
fold2_room1_mix1375,36,6,0,-8,-1,5.51
fold2_room1_mix1375,37,6,0,-9,-1,5.09
fold2_room1_mix1375,38,6,0,-8,-1,4.96
fold2_room1_mix1375,39,6,0,-11,-1,4.74
fold2_room1_mix1375,40,6,0,-8,-1,4.75
fold2_room1_mix1375,41,6,0,-9,-1,4.62
fold2_room1_mix1375,42,6,0,-8,-1,4.70
fold2_room1_mix1375,43,6,0,-10,-1,4.32
fold2_room1_mix1375,44,6,0,-10,-1,4.55
fold2_room1_mix1375,45,6,0,-11,-1,4.23
fold2_room1_mix1375,46,6,0,-11,-1,4.23
fold2_room1_mix1375,47,6,0,-11,-1,4.26
fold2_room1_mix1375,48,6,0,-11,-1,4.06
fold2_room1_mix1375,49,6,0,-12,-2,3.98
fold2_room1_mix1375,50,6,0,-16,-2,3.25
fold2_room1_mix1375,51,6,0,-18,-1,2.99
fold2_room1_mix1375,52,6,0,-18,-2,3.14
fold2_room1_mix1375,53,6,0,-20,-1,2.87
fold2_room1_mix1375,54,6,0,-22,-2,2.57
fold2_room1_mix1375,55,6,0,-22,-1,2.56
fold2_room1_mix1375,56,6,0,-27,-2,2.15
fold2_room1_mix1375,57,6,0,-28,-2,2.12
fold2_room1_mix1375,58,6,0,-31,-1,1.83
fold2_room1_mix1375,59,6,0,-38,-1,1.46
fold2_room1_mix1375,60,6,0,-39,-1,1.53
fold2_room1_mix1375,61,6,0,-41,-1,1.38
fold2_room1_mix1375,62,6,0,-44,-1,1.40
fold2_room1_mix1375,63,6,0,-51,0,1.18
fold2_room1_mix1375,64,6,0,-55,0,1.07
fold2_room1_mix1375,65,6,0,-63,0,0.89
fold2_room1_mix1375,66,6,0,-72,0,0.84
fold2_room1_mix1375,67,6,0,-81,0,0.84
fold2_room1_mix1375,68,6,0,-95,0,0.89
fold2_room1_mix1375,69,6,0,-109,1,0.86
fold2_room1_mix1375,70,6,0,-119,0,0.94
fold2_room1_mix1375,71,6,0,-128,0,1.06
fold2_room1_mix1375,72,6,0,-132,1,1.20
fold2_room1_mix1375,73,6,0,-136,0,1.36
fold2_room1_mix1375,74,6,0,-141,0,1.44
fold2_room1_mix1375,75,6,0,-143,0,1.58
fold2_room1_mix1375,76,6,0,-146,0,1.73
fold2_room1_mix1375,77,6,0,-150,0,1.91
fold2_room1_mix1375,78,6,0,-151,0,1.95
fold2_room1_mix1375,79,6,0,-151,0,1.99
fold2_room1_mix1375,80,6,0,-154,0,2.13
fold2_room1_mix1375,81,6,0,-154,-1,2.31
fold2_room1_mix1375,82,6,0,-156,0,2.52
fold2_room1_mix1375,83,6,0,-158,0,2.56
fold2_room1_mix1375,84,6,0,-159,0,2.73
fold2_room1_mix1375,85,6,0,-159,0,2.77
fold2_room1_mix1375,86,6,0,-161,-1,3.03
fold2_room1_mix1375,87,6,0,-161,0,2.99
fold2_room1_mix1375,88,6,0,-162,0,3.15
fold2_room1_mix1375,89,6,0,-163,0,3.33
fold2_room1_mix1375,90,6,0,-164,0,3.39
fold2_room1_mix1375,91,6,0,-164,0,3.60
fold2_room1_mix1375,92,6,0,-164,0,3.54
fold2_room1_mix1375,93,6,0,-166,0,4.00
fold2_room1_mix1375,94,6,0,-167,0,4.23
fold2_room1_mix1375,95,6,0,-166,-1,4.06
fold2_room1_mix1375,96,6,0,-166,-1,4.12
fold2_room1_mix1375,97,6,0,-166,0,4.19
fold2_room1_mix1375,98,6,0,-167,-1,4.06
fold2_room1_mix1375,99,6,0,-169,0,4.63
fold2_room1_mix1376,12,6,0,-176,-3,1.32
fold2_room1_mix1376,16,6,0,-171,-3,3.06
fold2_room1_mix1376,17,6,0,-168,-3,3.14
fold2_room1_mix1376,18,6,0,-167,-3,4.25
fold2_room1_mix1376,19,6,0,-166,-3,4.31
fold2_room1_mix1376,20,6,0,-164,-2,6.15
fold2_room1_mix1376,21,6,0,-167,-2,5.43
fold2_room1_mix1376,22,6,0,-166,-2,5.33
fold2_room1_mix1376,23,6,0,-168,-2,5.74
fold2_room1_mix1376,24,6,0,-166,-2,5.91
fold2_room1_mix1376,25,6,0,-165,-2,5.84
fold2_room1_mix1376,26,6,0,-167,-2,5.57
fold2_room1_mix1376,27,6,0,-165,-2,5.95
fold2_room1_mix1376,28,6,0,-163,-2,6.04
fold2_room1_mix1376,29,6,0,-164,-2,5.99
fold2_room1_mix1376,30,6,0,-164,-2,6.00
fold2_room1_mix1376,31,6,0,-160,-2,5.21
fold2_room1_mix1376,32,6,0,-162,-2,5.54
fold2_room1_mix1376,33,6,0,-161,-2,4.98
fold2_room1_mix1376,34,6,0,-159,-2,5.18
fold2_room1_mix1376,35,6,0,-158,-2,4.98
fold2_room1_mix1376,36,6,0,-155,-2,4.79
fold2_room1_mix1376,37,6,0,-156,-2,4.86
fold2_room1_mix1376,38,6,0,-152,-2,4.19
fold2_room1_mix1376,39,6,0,-153,-1,4.26
fold2_room1_mix1376,40,6,0,-150,-1,4.37
fold2_room1_mix1376,41,6,0,-150,-2,4.15
fold2_room1_mix1376,42,6,0,-147,-2,4.00
fold2_room1_mix1376,43,6,0,-139,-2,3.29
fold2_room1_mix1376,44,6,0,-137,-2,3.45
fold2_room1_mix1376,45,6,0,-132,-2,3.04
fold2_room1_mix1376,46,6,0,-125,-3,2.64
fold2_room1_mix1376,47,6,0,-122,-2,2.36
fold2_room1_mix1376,48,6,0,-117,-2,2.04
fold2_room1_mix1376,49,6,0,-113,-2,1.94
fold2_room1_mix1376,50,6,0,-106,-3,2.10
fold2_room1_mix1376,51,6,0,-100,-2,1.87
fold2_room1_mix1376,52,6,0,-94,-2,1.89
fold2_room1_mix1376,53,6,0,-88,-2,1.82
fold2_room1_mix1376,54,6,0,-81,-2,1.91
fold2_room1_mix1376,55,6,0,-76,-2,1.89
fold2_room1_mix1376,56,6,0,-70,-1,2.03
fold2_room1_mix1376,57,6,0,-65,-1,2.04
fold2_room1_mix1376,58,6,0,-63,-1,2.17
fold2_room1_mix1376,59,6,0,-60,-1,2.12
fold2_room1_mix1376,60,6,0,-54,0,2.27
fold2_room1_mix1376,61,6,0,-52,0,2.32
fold2_room1_mix1376,62,6,0,-49,-1,2.46
fold2_room1_mix1376,63,6,0,-44,0,2.70
fold2_room1_mix1376,64,6,0,-41,0,2.92
fold2_room1_mix1376,65,6,0,-37,0,3.18
fold2_room1_mix1376,66,6,0,-34,0,3.30
fold2_room1_mix1376,67,6,0,-30,0,3.73
fold2_room1_mix1376,68,6,0,-29,0,3.94
fold2_room1_mix1376,69,6,0,-25,0,4.35
fold2_room1_mix1376,70,6,0,-25,0,4.24
fold2_room1_mix1376,71,6,0,-24,0,4.24
fold2_room1_mix1376,72,6,0,-23,0,4.69
fold2_room1_mix1376,73,6,0,-22,0,4.72
fold2_room1_mix1376,74,6,0,-20,0,5.20
fold2_room1_mix1376,75,6,0,-20,0,5.18
fold2_room1_mix1376,76,6,0,-20,0,5.66
fold2_room1_mix1376,77,6,0,-18,0,5.73
fold2_room1_mix1376,78,6,0,-20,0,5.89
fold2_room1_mix1376,79,6,0,-17,0,6.37
fold2_room1_mix1376,80,6,0,-17,0,6.58
fold2_room1_mix1376,81,6,0,-17,0,6.11
fold2_room1_mix1376,82,6,0,-17,-1,6.52
fold2_room1_mix1376,83,6,0,-15,0,6.42
fold2_room1_mix1376,84,6,0,-17,0,6.69
fold2_room1_mix1376,85,6,0,-17,-1,6.18
fold2_room1_mix1376,86,6,0,-18,-1,5.81
fold2_room1_mix1376,87,6,0,-18,0,4.08
fold2_room1_mix1376,88,6,0,-20,0,3.83
fold2_room1_mix1376,92,6,0,-21,0,2.23
fold2_room1_mix1377,2,6,0,173,-2,1.62
fold2_room1_mix1377,3,6,0,172,-2,3.29
fold2_room1_mix1377,4,6,0,170,-2,3.65
fold2_room1_mix1377,5,6,0,170,-3,4.22
fold2_room1_mix1377,6,6,0,174,-3,4.18
fold2_room1_mix1377,7,6,0,174,-3,5.45
fold2_room1_mix1377,8,6,0,175,-3,5.15
fold2_room1_mix1377,9,6,0,178,-2,5.94
fold2_room1_mix1377,10,6,0,174,-2,4.60
fold2_room1_mix1377,17,6,0,-179,-1,1.86
fold2_room1_mix1377,19,6,0,179,-2,5.13
fold2_room1_mix1377,20,6,0,172,-2,5.58
fold2_room1_mix1377,21,6,0,171,-2,6.11
fold2_room1_mix1377,22,6,0,167,-2,6.15
fold2_room1_mix1377,23,6,0,170,-1,6.64
fold2_room1_mix1377,24,6,0,166,-1,5.77
fold2_room1_mix1377,25,6,0,169,-2,6.26
fold2_room1_mix1377,26,6,0,165,-2,5.98
fold2_room1_mix1377,27,6,0,162,-2,5.81
fold2_room1_mix1377,28,6,0,163,-2,5.52
fold2_room1_mix1377,29,6,0,162,-2,5.42
fold2_room1_mix1377,30,6,0,161,-1,5.46
fold2_room1_mix1377,31,6,0,161,-1,5.14
fold2_room1_mix1377,32,6,0,157,-2,4.74
fold2_room1_mix1377,33,6,0,158,-1,5.11
fold2_room1_mix1377,34,6,0,156,-1,4.99
fold2_room1_mix1377,35,6,0,154,-1,4.24
fold2_room1_mix1377,36,6,0,152,-1,4.11
fold2_room1_mix1377,37,6,0,151,-1,3.95
fold2_room1_mix1377,38,6,0,149,-1,3.73
fold2_room1_mix1377,39,6,0,147,-2,3.25
fold2_room1_mix1377,40,6,0,145,-1,3.14
fold2_room1_mix1377,41,6,0,142,-1,2.82
fold2_room1_mix1377,42,6,0,136,-2,2.75
fold2_room1_mix1377,43,6,0,132,-2,2.54
fold2_room1_mix1377,44,6,0,128,-3,2.33
fold2_room1_mix1377,45,6,0,122,-1,2.17
fold2_room1_mix1377,46,6,0,112,-1,2.13
fold2_room1_mix1377,47,6,0,110,-1,2.12
fold2_room1_mix1377,48,6,0,98,-1,1.93
fold2_room1_mix1377,49,6,0,88,0,1.77
fold2_room1_mix1377,50,6,0,81,0,1.68
fold2_room1_mix1377,51,6,0,78,0,1.73
fold2_room1_mix1377,52,6,0,72,0,1.71
fold2_room1_mix1377,53,6,0,66,0,1.82
fold2_room1_mix1377,54,6,0,61,0,2.01
fold2_room1_mix1377,55,6,0,55,0,2.06
fold2_room1_mix1377,56,6,0,50,0,2.30
fold2_room1_mix1377,57,6,0,46,0,2.49
fold2_room1_mix1377,58,6,0,41,0,2.74
fold2_room1_mix1377,59,6,0,39,0,2.94
fold2_room1_mix1377,60,6,0,36,0,3.04
fold2_room1_mix1377,61,6,0,35,0,3.25
fold2_room1_mix1377,62,6,0,34,0,3.31
fold2_room1_mix1377,63,6,0,32,0,3.58
fold2_room1_mix1377,64,6,0,31,0,3.84
fold2_room1_mix1377,65,6,0,28,0,4.28
fold2_room1_mix1377,66,6,0,28,0,4.42
fold2_room1_mix1377,67,6,0,26,0,4.64
fold2_room1_mix1377,68,6,0,23,0,5.14
fold2_room1_mix1377,69,6,0,23,0,5.30
fold2_room1_mix1377,70,6,0,22,0,4.98
fold2_room1_mix1377,71,6,0,23,0,5.86
fold2_room1_mix1377,72,6,0,22,0,5.90
fold2_room1_mix1377,73,6,0,21,0,6.27
fold2_room1_mix1377,74,6,0,19,0,7.21
fold2_room1_mix1377,75,6,0,19,0,7.24
fold2_room1_mix1377,76,6,0,18,0,7.86
fold2_room1_mix1377,77,6,0,15,0,8.12
fold2_room1_mix1377,78,6,0,14,0,6.98
fold2_room1_mix1377,79,6,0,13,0,2.11
fold2_room1_mix1378,31,6,0,0,-2,4.40
fold2_room1_mix1378,32,6,0,2,-2,6.33
fold2_room1_mix1378,33,6,0,3,-2,5.76
fold2_room1_mix1378,34,6,0,6,-2,5.75
fold2_room1_mix1378,35,6,0,3,-1,6.18
fold2_room1_mix1378,36,6,0,13,-1,5.94
fold2_room1_mix1378,37,6,0,6,-1,6.00
fold2_room1_mix1378,38,6,0,8,-1,5.64
fold2_room1_mix1378,39,6,0,13,-1,5.62
fold2_room1_mix1378,40,6,0,13,-1,5.09
fold2_room1_mix1378,41,6,0,19,-1,4.93
fold2_room1_mix1378,42,6,0,15,-2,4.63
fold2_room1_mix1378,43,6,0,18,-2,4.72
fold2_room1_mix1378,44,6,0,26,-1,4.10
fold2_room1_mix1378,45,6,0,26,-1,3.58
fold2_room1_mix1378,46,6,0,33,-1,2.65
fold2_room1_mix1378,47,6,0,38,0,2.17
fold2_room1_mix1378,48,6,0,45,0,1.72
fold2_room1_mix1378,49,6,0,57,0,1.42
fold2_room1_mix1378,50,6,0,70,1,1.20
fold2_room1_mix1378,51,6,0,95,1,1.11
fold2_room1_mix1378,52,6,0,118,2,1.20
fold2_room1_mix1378,53,6,0,129,1,1.38
fold2_room1_mix1378,54,6,0,138,0,1.56
fold2_room1_mix1378,55,6,0,146,0,1.87
fold2_room1_mix1378,56,6,0,150,0,2.10
fold2_room1_mix1378,57,6,0,153,0,2.36
fold2_room1_mix1378,58,6,0,156,0,2.73
fold2_room1_mix1378,59,6,0,158,0,2.97
fold2_room1_mix1378,60,6,0,158,0,3.16
fold2_room1_mix1378,61,6,0,161,0,3.39
fold2_room1_mix1378,62,6,0,159,0,3.50
fold2_room1_mix1378,63,6,0,162,0,4.32
fold2_room1_mix1378,64,6,0,163,0,4.44
fold2_room1_mix1378,65,6,0,164,0,4.69
fold2_room1_mix1378,66,6,0,166,0,5.17
fold2_room1_mix1378,67,6,0,165,0,5.47
fold2_room1_mix1378,68,6,0,167,0,5.40
fold2_room1_mix1378,69,6,0,168,0,6.28
fold2_room1_mix1378,70,6,0,167,0,6.92
fold2_room1_mix1378,71,6,0,169,0,6.80
fold2_room1_mix1378,72,6,0,169,0,6.81
fold2_room1_mix1381,48,6,0,-121,-3,1.24
fold2_room1_mix1381,49,6,0,-114,-1,1.29
fold2_room1_mix1381,50,6,0,-92,-1,1.12
fold2_room1_mix1381,51,6,0,-74,-1,1.49
fold2_room1_mix1381,52,6,0,-58,-2,1.56
fold2_room1_mix1381,53,6,0,-51,-1,1.61
fold2_room1_mix1381,54,6,0,-43,0,1.26
fold2_room1_mix1382,46,6,0,127,-3,1.18
fold2_room1_mix1382,48,6,0,107,0,0.95
fold2_room1_mix1382,49,6,0,100,0,0.61
fold2_room1_mix1382,50,6,0,83,0,1.22
fold2_room1_mix1382,51,6,0,85,0,1.04
fold2_room1_mix1382,52,6,0,73,1,1.30
fold2_room1_mix1382,53,6,0,67,0,1.53
fold2_room1_mix1382,54,6,0,61,0,1.56
fold2_room1_mix1382,55,6,0,67,1,0.86
fold2_room1_mix1382,56,6,0,53,0,1.41
fold2_room1_mix1383,39,6,0,-164,-3,1.79
fold2_room1_mix1383,40,6,0,-153,-5,1.95
fold2_room1_mix1383,42,6,0,-154,-4,2.80
fold2_room1_mix1383,44,6,0,-153,-4,1.50
fold2_room1_mix1383,46,6,0,-139,-4,2.85
fold2_room1_mix1383,47,6,0,-139,-6,2.43
fold2_room1_mix1383,48,6,0,-138,-5,2.42
fold2_room1_mix1383,49,6,0,-133,-7,2.20
fold2_room1_mix1383,50,6,0,-127,-5,2.23
fold2_room1_mix1383,51,6,0,-130,-6,2.29
fold2_room1_mix1383,52,6,0,-129,-4,2.28
fold2_room1_mix1383,53,6,0,-119,-5,2.24
fold2_room1_mix1383,54,6,0,-113,-5,2.28
fold2_room1_mix1383,55,6,0,-106,-6,2.08
fold2_room1_mix1383,56,6,0,-97,-6,1.98
fold2_room1_mix1383,57,6,0,-92,-7,1.91
fold2_room1_mix1383,58,6,0,-90,-6,1.94
fold2_room1_mix1383,59,6,0,-86,-7,1.87
fold2_room1_mix1383,60,6,0,-82,-4,1.83
fold2_room1_mix1383,61,6,0,-80,-4,1.88
fold2_room1_mix1383,62,6,0,-77,-4,1.98
fold2_room1_mix1383,63,6,0,-72,-4,2.01
fold2_room1_mix1383,64,6,0,-69,-3,2.11
fold2_room1_mix1383,65,6,0,-65,-4,2.20
fold2_room1_mix1383,66,6,0,-62,-3,2.29
fold2_room1_mix1383,67,6,0,-58,-4,2.45
fold2_room1_mix1383,68,6,0,-57,-3,2.47
fold2_room1_mix1383,69,6,0,-56,-3,2.54
fold2_room1_mix1383,70,6,0,-51,-3,2.61
fold2_room1_mix1383,71,6,0,-49,-3,2.69
fold2_room1_mix1383,72,6,0,-46,-2,2.39
fold2_room1_mix1383,73,6,0,-42,-2,2.44
fold2_room1_mix1383,74,6,0,-38,-2,2.72
fold2_room1_mix1383,75,6,0,-44,-2,1.88
fold2_room1_mix1383,76,6,0,-39,-2,1.98
fold2_room1_mix1383,77,6,0,-42,-2,1.33
fold2_room1_mix1383,78,6,0,-45,-2,1.21
fold2_room1_mix1383,79,6,0,-41,-2,1.63
fold2_room1_mix1383,81,6,0,-32,-2,2.91
fold2_room1_mix1383,83,6,0,-32,-2,2.84
fold2_room1_mix1384,7,6,0,-179,-2,1.96
fold2_room1_mix1384,8,6,0,174,-1,2.43
fold2_room1_mix1384,9,6,0,173,-1,4.78
fold2_room1_mix1384,10,6,0,-178,-1,2.97
fold2_room1_mix1384,11,6,0,-178,0,1.48
fold2_room1_mix1384,12,6,0,174,-1,6.97
fold2_room1_mix1384,13,6,0,175,-1,6.10
fold2_room1_mix1384,14,6,0,175,-1,7.67
fold2_room1_mix1384,15,6,0,174,-1,6.63
fold2_room1_mix1384,16,6,0,173,-2,6.51
fold2_room1_mix1384,17,6,0,174,-1,6.69
fold2_room1_mix1384,18,6,0,168,-2,6.21
fold2_room1_mix1384,19,6,0,167,-1,5.81
fold2_room1_mix1384,20,6,0,172,-1,5.39
fold2_room1_mix1384,21,6,0,169,-1,6.17
fold2_room1_mix1384,22,6,0,165,-1,6.13
fold2_room1_mix1384,23,6,0,163,-1,5.25
fold2_room1_mix1384,24,6,0,164,-1,5.25
fold2_room1_mix1384,25,6,0,163,0,5.67
fold2_room1_mix1384,26,6,0,163,0,5.70
fold2_room1_mix1384,27,6,0,161,0,5.18
fold2_room1_mix1384,28,6,0,159,-1,5.48
fold2_room1_mix1384,29,6,0,159,-1,5.07
fold2_room1_mix1384,30,6,0,157,-1,5.42
fold2_room1_mix1384,31,6,0,159,0,5.16
fold2_room1_mix1384,32,6,0,157,0,4.82
fold2_room1_mix1384,33,6,0,155,0,4.80
fold2_room1_mix1384,34,6,0,153,0,5.01
fold2_room1_mix1384,35,6,0,152,-1,4.49
fold2_room1_mix1384,36,6,0,151,-1,4.52
fold2_room1_mix1384,37,6,0,149,0,4.16
fold2_room1_mix1384,38,6,0,147,-1,3.70
fold2_room1_mix1384,39,6,0,145,0,3.54
fold2_room1_mix1384,40,6,0,141,0,3.29
fold2_room1_mix1384,41,6,0,138,0,2.95
fold2_room1_mix1384,42,6,0,134,-1,2.69
fold2_room1_mix1384,43,6,0,130,-1,2.76
fold2_room1_mix1384,44,6,0,125,0,2.54
fold2_room1_mix1384,45,6,0,119,0,2.50
fold2_room1_mix1384,46,6,0,111,0,2.47
fold2_room1_mix1384,47,6,0,100,0,2.05
fold2_room1_mix1384,48,6,0,93,1,2.00
fold2_room1_mix1384,49,6,0,87,2,1.83
fold2_room1_mix1384,50,6,0,82,1,1.87
fold2_room1_mix1384,51,6,0,77,1,1.88
fold2_room1_mix1384,52,6,0,73,2,1.95
fold2_room1_mix1384,53,6,0,67,2,2.07
fold2_room1_mix1384,54,6,0,61,2,2.20
fold2_room1_mix1384,55,6,0,55,1,2.45
fold2_room1_mix1384,56,6,0,50,1,2.57
fold2_room1_mix1384,57,6,0,47,1,2.72
fold2_room1_mix1384,58,6,0,46,0,2.66
fold2_room1_mix1384,59,6,0,43,0,2.70
fold2_room1_mix1384,60,6,0,39,0,3.14
fold2_room1_mix1384,61,6,0,38,0,3.01
fold2_room1_mix1384,62,6,0,34,0,3.38
fold2_room1_mix1384,63,6,0,33,0,3.55
fold2_room1_mix1384,64,6,0,31,0,3.79
fold2_room1_mix1384,65,6,0,28,0,4.14
fold2_room1_mix1384,66,6,0,30,0,4.33
fold2_room1_mix1384,67,6,0,27,0,4.11
fold2_room1_mix1384,68,6,0,26,0,4.37
fold2_room1_mix1384,69,6,0,25,0,4.44
fold2_room1_mix1384,70,6,0,25,0,4.72
fold2_room1_mix1384,71,6,0,26,0,4.78
fold2_room1_mix1384,72,6,0,25,0,5.05
fold2_room1_mix1384,73,6,0,21,0,5.63
fold2_room1_mix1384,74,6,0,21,0,6.12
fold2_room1_mix1384,75,6,0,22,0,6.13
fold2_room1_mix1384,76,6,0,19,0,6.55
fold2_room1_mix1384,77,6,0,18,0,6.49
fold2_room1_mix1384,81,6,0,14,0,3.64
fold2_room1_mix1384,82,6,0,16,0,3.10
fold2_room1_mix1384,84,6,0,15,0,2.47
fold2_room1_mix1384,85,6,0,15,0,7.31
fold2_room1_mix1384,86,6,0,18,0,8.06
fold2_room1_mix1384,87,6,0,18,0,6.94
fold2_room1_mix1384,88,6,0,18,0,8.11
fold2_room1_mix1384,89,6,0,16,0,7.45
fold2_room1_mix1384,90,6,0,16,0,5.24
fold2_room1_mix1385,50,6,0,32,-1,1.04
fold2_room1_mix1385,51,6,0,42,-2,1.94
fold2_room1_mix1385,52,6,0,50,-1,1.72
fold2_room1_mix1385,53,6,0,54,-2,1.89
fold2_room1_mix1385,54,6,0,64,-1,1.53
fold2_room1_mix1385,55,6,0,77,-1,1.58
fold2_room1_mix1385,56,6,0,97,0,1.59
fold2_room1_mix1385,57,6,0,120,-1,1.78
fold2_room1_mix1385,58,6,0,128,0,1.93
fold2_room1_mix1385,59,6,0,135,-1,2.12
fold2_room1_mix1385,60,6,0,144,0,2.58
fold2_room1_mix1385,61,6,0,149,-1,2.16
fold2_room1_mix1385,62,6,0,149,-1,2.54
fold2_room1_mix1385,63,6,0,155,-1,2.35
fold2_room1_mix1385,64,6,0,155,0,3.12
fold2_room1_mix1386,80,6,0,83,1,0.54
fold2_room1_mix1386,83,6,0,101,2,0.68
fold2_room1_mix1386,84,6,0,102,3,0.52
fold2_room1_mix1387,11,6,0,157,-3,0.95
fold2_room1_mix1387,12,6,0,150,-4,1.17
fold2_room1_mix1387,13,6,0,154,-3,1.06
fold2_room1_mix1387,14,6,0,150,-3,1.41
fold2_room1_mix1387,16,6,0,145,-3,2.08
fold2_room1_mix1387,17,6,0,144,-3,2.23
fold2_room1_mix1387,18,6,0,140,-3,2.06
fold2_room1_mix1387,19,6,0,138,-4,1.99
fold2_room1_mix1387,20,6,0,138,-3,1.82
fold2_room1_mix1387,21,6,0,137,-3,1.94
fold2_room1_mix1387,22,6,0,132,-3,1.95
fold2_room1_mix1387,23,6,0,133,-2,1.95
fold2_room1_mix1387,24,6,0,131,-3,1.85
fold2_room1_mix1387,25,6,0,125,-3,1.77
fold2_room1_mix1387,26,6,0,122,-2,1.68
fold2_room1_mix1387,27,6,0,122,-2,1.58
fold2_room1_mix1387,28,6,0,120,-3,0.92
fold2_room1_mix1387,29,6,0,113,-1,1.13
fold2_room1_mix1387,31,6,0,99,-2,1.33
fold2_room1_mix1387,32,6,0,93,-1,1.16
fold2_room1_mix1387,33,6,0,90,0,1.47
fold2_room1_mix1387,34,6,0,91,-1,1.04
fold2_room1_mix1387,35,6,0,95,-1,0.78
fold2_room1_mix1387,36,6,0,92,-3,0.68
fold2_room1_mix1387,37,6,0,73,-1,1.49
fold2_room1_mix1387,38,6,0,79,-2,1.45
fold2_room1_mix1387,39,6,0,78,0,0.91
fold2_room1_mix1387,40,6,0,72,0,1.28
fold2_room1_mix1387,41,6,0,79,0,0.51
fold2_room1_mix1388,1,6,0,164,-2,0.78
fold2_room1_mix1388,2,6,0,167,0,1.53
fold2_room1_mix1388,3,6,0,162,-1,2.76
fold2_room1_mix1388,4,6,0,159,-2,2.83
fold2_room1_mix1388,5,6,0,161,-1,3.53
fold2_room1_mix1388,6,6,0,161,-1,3.56
fold2_room1_mix1388,7,6,0,158,-1,3.93
fold2_room1_mix1388,8,6,0,155,-1,3.65
fold2_room1_mix1388,9,6,0,155,-2,3.62
fold2_room1_mix1388,10,6,0,155,-2,3.56
fold2_room1_mix1388,11,6,0,155,-2,3.67
fold2_room1_mix1388,12,6,0,152,-1,3.55
fold2_room1_mix1388,13,6,0,160,-1,1.93
fold2_room1_mix1388,14,6,0,153,-1,2.94
fold2_room1_mix1388,15,6,0,153,-1,2.91
fold2_room1_mix1388,16,6,0,151,-1,2.94
fold2_room1_mix1388,17,6,0,149,-1,2.75
fold2_room1_mix1388,18,6,0,147,-2,2.61
fold2_room1_mix1388,19,6,0,148,-1,2.78
fold2_room1_mix1388,20,6,0,149,-1,2.64
fold2_room1_mix1388,21,6,0,144,-1,2.55
fold2_room1_mix1388,22,6,0,145,-1,2.59
fold2_room1_mix1388,23,6,0,144,-1,2.46
fold2_room1_mix1388,24,6,0,141,-1,2.44
fold2_room1_mix1388,25,6,0,136,-1,2.03
fold2_room1_mix1388,26,6,0,133,-1,1.97
fold2_room1_mix1388,27,6,0,130,-1,1.77
fold2_room1_mix1388,28,6,0,124,0,1.63
fold2_room1_mix1388,29,6,0,122,0,1.48
fold2_room1_mix1388,30,6,0,114,0,1.40
fold2_room1_mix1388,31,6,0,105,1,1.21
fold2_room1_mix1388,32,6,0,100,1,1.25
fold2_room1_mix1388,33,6,0,90,2,1.14
fold2_room1_mix1388,34,6,0,87,2,1.17
fold2_room1_mix1388,35,6,0,81,2,1.21
fold2_room1_mix1388,36,6,0,77,3,1.23
fold2_room1_mix1388,37,6,0,71,2,1.27
fold2_room1_mix1388,38,6,0,67,2,1.28
fold2_room1_mix1388,39,6,0,61,2,1.33
fold2_room1_mix1388,40,6,0,60,2,1.27
fold2_room1_mix1388,41,6,0,56,2,1.43
fold2_room1_mix1388,42,6,0,52,2,1.47
fold2_room1_mix1388,43,6,0,49,1,1.61
fold2_room1_mix1388,44,6,0,45,1,1.81
fold2_room1_mix1388,45,6,0,43,1,1.89
fold2_room1_mix1388,46,6,0,41,1,2.16
fold2_room1_mix1388,47,6,0,38,1,2.25
fold2_room1_mix1388,48,6,0,37,0,2.39
fold2_room1_mix1388,49,6,0,36,0,2.14
fold2_room1_mix1388,50,6,0,32,0,2.32
fold2_room1_mix1388,51,6,0,30,0,2.53
fold2_room1_mix1388,52,6,0,28,0,3.04
fold2_room1_mix1388,53,6,0,28,0,2.86
fold2_room1_mix1388,54,6,0,27,0,2.89
fold2_room1_mix1388,55,6,0,22,0,2.94
fold2_room1_mix1388,56,6,0,23,0,2.43
fold2_room1_mix1388,58,6,0,21,0,1.79
fold2_room1_mix1388,59,6,0,23,0,2.61
fold2_room1_mix1388,60,6,0,24,0,3.33
fold2_room1_mix1388,61,6,0,25,0,3.31
fold2_room1_mix1388,62,6,0,24,0,3.49
fold2_room1_mix1388,63,6,0,23,0,3.52
fold2_room1_mix1388,64,6,0,19,0,2.11
fold2_room1_mix1388,65,6,0,17,0,3.86
fold2_room1_mix1388,66,6,0,16,0,2.79
fold2_room1_mix1389,66,6,0,-46,-3,0.71
fold2_room1_mix1389,67,6,0,-45,-2,1.03
fold2_room1_mix1389,68,6,0,-48,-1,1.23
fold2_room1_mix1389,69,6,0,-54,-1,1.23
fold2_room1_mix1389,70,6,0,-64,-1,1.16
fold2_room1_mix1389,71,6,0,-77,-1,1.14
fold2_room1_mix1389,72,6,0,-88,0,1.03
fold2_room1_mix1389,73,6,0,-104,0,1.04
fold2_room1_mix1389,74,6,0,-118,0,1.07
fold2_room1_mix1389,75,6,0,-130,0,1.34
fold2_room1_mix1389,76,6,0,-136,-1,1.50
fold2_room1_mix1389,77,6,0,-138,0,0.71
fold2_room1_mix1391,43,6,0,30,-2,3.59
fold2_room1_mix1391,44,6,0,32,-1,3.40
fold2_room1_mix1391,45,6,0,36,-1,3.50
fold2_room1_mix1391,46,6,0,46,-2,2.79
fold2_room1_mix1391,47,6,0,51,-2,2.55
fold2_room1_mix1391,48,6,0,58,-3,2.39
fold2_room1_mix1391,49,6,0,68,-3,2.02
fold2_room1_mix1391,50,6,0,81,-5,2.01
fold2_room1_mix1391,51,6,0,97,-5,1.88
fold2_room1_mix1391,52,6,0,118,-4,2.12
fold2_room1_mix1391,53,6,0,126,-3,2.24
fold2_room1_mix1391,54,6,0,135,-1,2.65
fold2_room1_mix1391,55,6,0,139,-2,2.68
fold2_room1_mix1391,56,6,0,147,-2,3.27
fold2_room1_mix1391,57,6,0,149,-2,2.86
fold2_room1_mix1391,58,6,0,153,-1,3.79
fold2_room1_mix1391,59,6,0,156,-1,3.68
fold2_room1_mix1391,60,6,0,162,-1,2.07
fold2_room1_mix1391,61,6,0,159,-1,4.37
fold2_room1_mix1391,62,6,0,161,-1,4.64
fold2_room1_mix1394,21,6,0,126,-2,1.53
fold2_room1_mix1394,22,6,0,125,-2,1.64
fold2_room1_mix1394,23,6,0,118,-1,1.78
fold2_room1_mix1394,24,6,0,113,-1,1.67
fold2_room1_mix1394,25,6,0,109,0,1.80
fold2_room1_mix1394,26,6,0,104,0,1.83
fold2_room1_mix1394,27,6,0,93,0,1.72
fold2_room1_mix1394,28,6,0,91,1,1.77
fold2_room1_mix1394,29,6,0,82,0,1.60
fold2_room1_mix1394,30,6,0,77,0,1.70
fold2_room1_mix1394,31,6,0,74,0,1.72
fold2_room1_mix1394,32,6,0,69,1,1.71
fold2_room1_mix1394,33,6,0,66,0,1.85
fold2_room1_mix1394,34,6,0,75,1,1.12
fold2_room1_mix1396,1,6,0,124,0,0.56
fold2_room1_mix1396,2,6,0,119,0,1.39
fold2_room1_mix1396,3,6,0,115,-1,1.67
fold2_room1_mix1396,4,6,0,115,-1,1.68
fold2_room1_mix1396,5,6,0,116,-2,1.87
fold2_room1_mix1396,6,6,0,109,0,1.94
fold2_room1_mix1396,7,6,0,113,0,1.98
fold2_room1_mix1396,8,6,0,111,-1,1.97
fold2_room1_mix1396,9,6,0,110,-1,1.99
fold2_room1_mix1396,10,6,0,107,-2,2.08
fold2_room1_mix1396,11,6,0,105,-1,1.94
fold2_room1_mix1396,12,6,0,106,-2,1.91
fold2_room1_mix1396,13,6,0,103,-1,1.92
fold2_room1_mix1396,14,6,0,103,-1,2.03
fold2_room1_mix1396,15,6,0,103,-1,2.02
fold2_room1_mix1396,16,6,0,103,-2,2.12
fold2_room1_mix1396,17,6,0,99,-2,2.17
fold2_room1_mix1396,18,6,0,94,-1,1.96
fold2_room1_mix1396,19,6,0,96,-1,1.96
fold2_room1_mix1396,20,6,0,91,-1,1.87
fold2_room1_mix1396,21,6,0,102,0,1.91
fold2_room1_mix1396,22,6,0,99,-1,1.94
fold2_room1_mix1396,23,6,0,97,0,1.89
fold2_room1_mix1396,24,6,0,96,0,1.87
fold2_room1_mix1396,25,6,0,94,0,1.82
fold2_room1_mix1396,26,6,0,94,0,1.90
fold2_room1_mix1396,27,6,0,96,-1,2.03
fold2_room1_mix1396,28,6,0,97,-1,1.96
fold2_room1_mix1396,29,6,0,94,0,1.96
fold2_room1_mix1396,30,6,0,93,-2,2.02
fold2_room1_mix1396,31,6,0,92,0,1.86
fold2_room1_mix1396,32,6,0,87,0,1.83
fold2_room1_mix1396,33,6,0,88,0,1.85
fold2_room1_mix1396,34,6,0,87,-1,1.83
fold2_room1_mix1396,35,6,0,88,-1,1.83
fold2_room1_mix1396,36,6,0,91,-1,1.92
fold2_room1_mix1396,37,6,0,86,-1,1.87
fold2_room1_mix1396,38,6,0,88,-2,1.89
fold2_room1_mix1396,39,6,0,86,-2,1.94
fold2_room1_mix1396,40,6,0,84,-3,1.92
fold2_room1_mix1396,41,6,0,85,-3,1.83
fold2_room1_mix1396,42,6,0,81,-1,1.81
fold2_room1_mix1396,43,6,0,82,-2,1.88
fold2_room1_mix1396,44,6,0,83,-2,1.98
fold2_room1_mix1396,45,6,0,83,-1,1.85
fold2_room1_mix1396,46,6,0,82,-2,1.84
fold2_room1_mix1396,47,6,0,79,-1,1.85
fold2_room1_mix1396,48,6,0,78,-1,1.83
fold2_room1_mix1396,49,6,0,79,-1,1.87
fold2_room1_mix1396,50,6,0,75,-2,1.89
fold2_room1_mix1396,51,6,0,76,-2,1.91
fold2_room1_mix1396,52,6,0,71,-2,2.00
fold2_room1_mix1396,53,6,0,74,-1,1.73
fold2_room1_mix1396,54,6,0,73,-2,1.89
fold2_room1_mix1396,55,6,0,74,-1,1.90
fold2_room1_mix1396,56,6,0,72,-1,1.86
fold2_room1_mix1396,57,6,0,71,-1,1.89
fold2_room1_mix1396,58,6,0,71,-2,1.92
fold2_room1_mix1396,59,6,0,72,-1,1.96
fold2_room1_mix1396,60,6,0,72,-2,1.85
fold2_room1_mix1396,61,6,0,72,-1,1.82
fold2_room1_mix1396,62,6,0,69,-2,1.77
fold2_room1_mix1396,63,6,0,70,-2,1.81
fold2_room1_mix1396,64,6,0,67,-1,1.81
fold2_room1_mix1396,65,6,0,69,-2,1.82
fold2_room1_mix1396,66,6,0,69,-3,1.90
fold2_room1_mix1396,67,6,0,70,-2,1.83
fold2_room1_mix1396,68,6,0,67,-3,1.81
fold2_room1_mix1396,69,6,0,70,-2,1.66
fold2_room1_mix1396,70,6,0,73,-3,1.38
fold2_room1_mix1396,71,6,0,74,-3,1.12
fold2_room1_mix1396,72,6,0,64,-2,1.99
fold2_room1_mix1396,73,6,0,78,-3,0.73
fold2_room1_mix1396,74,6,0,65,-2,1.91
fold2_room1_mix1397,42,6,0,-23,-2,3.23
fold2_room1_mix1397,43,6,0,-12,-1,5.92
fold2_room1_mix1397,44,6,0,-10,-1,5.57
fold2_room1_mix1397,45,6,0,-5,-1,5.75
fold2_room1_mix1397,46,6,0,-12,-1,5.50
fold2_room1_mix1397,47,6,0,-12,-1,4.48
fold2_room1_mix1397,48,6,0,-11,-1,7.17
fold2_room1_mix1397,49,6,0,-12,-1,7.11
fold2_room1_mix1397,50,6,0,-11,-1,7.33
fold2_room1_mix1397,51,6,0,-16,-1,7.10
fold2_room1_mix1397,52,6,0,-12,-1,7.34
fold2_room1_mix1397,53,6,0,-15,-1,6.79
fold2_room1_mix1397,54,6,0,-15,-1,6.57
fold2_room1_mix1397,55,6,0,-16,-1,6.29
fold2_room1_mix1397,56,6,0,-15,-1,5.90
fold2_room1_mix1397,57,6,0,-15,-1,5.73
fold2_room1_mix1397,58,6,0,-16,-1,5.58
fold2_room1_mix1397,59,6,0,-14,-1,5.15
fold2_room1_mix1397,60,6,0,-17,-1,5.08
fold2_room1_mix1397,61,6,0,-16,-1,4.81
fold2_room1_mix1397,62,6,0,-17,-1,4.50
fold2_room1_mix1397,63,6,0,-18,-1,4.39
fold2_room1_mix1397,64,6,0,-18,-1,4.24
fold2_room1_mix1397,65,6,0,-21,-1,3.71
fold2_room1_mix1397,66,6,0,-22,-1,3.57
fold2_room1_mix1397,67,6,0,-23,-2,3.49
fold2_room1_mix1397,68,6,0,-26,-1,3.11
fold2_room1_mix1397,69,6,0,-25,-2,3.25
fold2_room1_mix1397,70,6,0,-29,-1,3.04
fold2_room1_mix1397,71,6,0,-32,-1,2.82
fold2_room1_mix1397,72,6,0,-41,-1,2.31
fold2_room1_mix1397,73,6,0,-48,-1,1.89
fold2_room1_mix1397,74,6,0,-53,-1,1.53
fold2_room1_mix1397,75,6,0,-62,-1,1.40
fold2_room1_mix1397,76,6,0,-70,-1,1.31
fold2_room1_mix1397,77,6,0,-82,-1,1.32
fold2_room1_mix1397,78,6,0,-90,-1,1.37
fold2_room1_mix1397,79,6,0,-99,-1,1.50
fold2_room1_mix1397,80,6,0,-110,-1,1.64
fold2_room1_mix1397,81,6,0,-119,-1,1.62
fold2_room1_mix1397,82,6,0,-127,0,1.77
fold2_room1_mix1397,83,6,0,-131,-1,1.99
fold2_room1_mix1397,84,6,0,-138,0,2.21
fold2_room1_mix1397,85,6,0,-142,-1,2.34
fold2_room1_mix1397,86,6,0,-144,-1,2.55
fold2_room1_mix1397,87,6,0,-147,-1,2.78
fold2_room1_mix1397,88,6,0,-149,-1,2.95
fold2_room1_mix1397,89,6,0,-151,-1,3.09
fold2_room1_mix1397,90,6,0,-153,-1,3.21
fold2_room1_mix1397,91,6,0,-154,-1,3.46
fold2_room1_mix1397,92,6,0,-156,-1,3.64
fold2_room1_mix1397,93,6,0,-157,-1,3.90
fold2_room1_mix1397,94,6,0,-158,-1,3.95
fold2_room1_mix1397,95,6,0,-159,0,4.72
fold2_room1_mix1397,96,6,0,-160,-1,4.78
fold2_room1_mix1397,97,6,0,-161,0,4.85
fold2_room1_mix1397,98,6,0,-161,-1,4.61
fold2_room1_mix1397,99,6,0,-160,0,4.82
fold2_room1_mix1398,51,6,0,45,-2,1.98
fold2_room1_mix1398,52,6,0,49,-1,1.94
fold2_room1_mix1398,53,6,0,54,-2,1.79
fold2_room1_mix1398,54,6,0,58,-1,1.69
fold2_room1_mix1398,55,6,0,60,-1,1.79
fold2_room1_mix1398,56,6,0,66,-2,1.77
fold2_room1_mix1398,57,6,0,70,-3,1.84
fold2_room1_mix1398,58,6,0,80,-2,1.75
fold2_room1_mix1398,59,6,0,88,-2,1.56
fold2_room1_mix1398,60,6,0,98,-3,1.71
fold2_room1_mix1398,61,6,0,108,-5,1.64
fold2_room1_mix1398,62,6,0,115,-3,1.82
fold2_room1_mix1398,63,6,0,122,-3,1.77
fold2_room1_mix1398,64,6,0,128,-3,1.87
fold2_room1_mix1398,65,6,0,132,-4,2.04
fold2_room1_mix1398,66,6,0,138,-3,1.92
fold2_room1_mix1398,67,6,0,140,-2,1.93
fold2_room1_mix1398,68,6,0,144,-2,2.16
fold2_room1_mix1398,69,6,0,146,-2,1.62
fold2_room1_mix1402,38,6,0,-171,-4,1.16
fold2_room1_mix1402,39,6,0,-165,-5,1.59
fold2_room1_mix1402,40,6,0,-156,-6,2.08
fold2_room1_mix1402,41,6,0,-156,-5,2.26
fold2_room1_mix1402,42,6,0,-155,-6,2.20
fold2_room1_mix1402,43,6,0,-156,-5,2.43
fold2_room1_mix1402,44,6,0,-150,-6,2.11
fold2_room1_mix1402,45,6,0,-148,-5,2.04
fold2_room1_mix1402,46,6,0,-142,-6,1.86
fold2_room1_mix1402,47,6,0,-145,-3,2.06
fold2_room1_mix1402,48,6,0,-135,-5,1.65
fold2_room1_mix1402,49,6,0,-124,-2,1.41
fold2_room1_mix1402,50,6,0,-110,-3,1.12
fold2_room1_mix1402,51,6,0,-92,-1,1.02
fold2_room1_mix1402,52,6,0,-74,-1,1.00
fold2_room1_mix1402,53,6,0,-64,0,1.09
fold2_room1_mix1402,54,6,0,-54,-1,1.20
fold2_room1_mix1402,55,6,0,-42,0,1.35
fold2_room1_mix1402,56,6,0,-38,-1,1.47
fold2_room1_mix1402,57,6,0,-34,0,1.60
fold2_room1_mix1402,58,6,0,-28,0,1.83
fold2_room1_mix1402,59,6,0,-27,0,1.76
fold2_room1_mix1402,60,6,0,-24,0,2.02
fold2_room1_mix1402,61,6,0,-21,0,2.08
fold2_room1_mix1402,62,6,0,-20,0,1.57
fold2_room1_mix1402,63,6,0,-22,0,1.82
fold2_room1_mix1402,67,6,0,-24,-1,1.22
fold2_room1_mix1403,34,6,0,158,-2,1.64
fold2_room1_mix1403,35,6,0,151,-3,2.41
fold2_room1_mix1403,36,6,0,147,-2,2.33
fold2_room1_mix1403,37,6,0,146,-3,2.38
fold2_room1_mix1403,38,6,0,142,-2,2.24
fold2_room1_mix1403,39,6,0,136,-2,2.27
fold2_room1_mix1403,40,6,0,130,-2,2.19
fold2_room1_mix1403,41,6,0,126,-4,1.91
fold2_room1_mix1403,42,6,0,123,-2,2.00
fold2_room1_mix1403,43,6,0,110,-3,1.75
fold2_room1_mix1403,44,6,0,95,-1,1.50
fold2_room1_mix1403,45,6,0,87,-1,1.40
fold2_room1_mix1403,46,6,0,85,0,1.42
fold2_room1_mix1403,47,6,0,78,-1,1.47
fold2_room1_mix1403,48,6,0,73,0,1.50
fold2_room1_mix1403,49,6,0,68,0,1.52
fold2_room1_mix1403,50,6,0,62,0,1.66
fold2_room1_mix1403,51,6,0,57,0,1.72
fold2_room1_mix1403,52,6,0,53,0,1.84
fold2_room1_mix1403,53,6,0,47,0,2.07
fold2_room1_mix1403,54,6,0,45,0,2.03
fold2_room1_mix1403,55,6,0,44,0,1.99
fold2_room1_mix1403,56,6,0,43,0,1.89
fold2_room1_mix1403,57,6,0,36,-1,2.05
fold2_room1_mix1403,59,6,0,37,0,1.59
fold2_room1_mix1404,1,1,0,64,-2,6.46
fold2_room1_mix1404,1,6,0,66,2,0.45
fold2_room1_mix1404,2,6,0,65,3,0.98
fold2_room1_mix1404,3,6,0,57,1,1.76
fold2_room1_mix1404,4,6,0,60,1,1.81
fold2_room1_mix1404,5,6,0,61,2,1.79
fold2_room1_mix1404,6,6,0,58,2,2.06
fold2_room1_mix1404,7,6,0,60,2,1.76
fold2_room1_mix1404,8,6,0,63,2,1.67
fold2_room1_mix1404,9,6,0,63,1,1.73
fold2_room1_mix1404,10,6,0,65,1,1.72
fold2_room1_mix1404,11,6,0,65,1,1.72
fold2_room1_mix1404,12,6,0,65,0,1.63
fold2_room1_mix1404,13,6,0,65,1,1.61
fold2_room1_mix1404,14,6,0,67,1,1.65
fold2_room1_mix1404,15,6,0,66,1,1.61
fold2_room1_mix1404,16,6,0,70,1,1.55
fold2_room1_mix1404,17,6,0,71,2,1.45
fold2_room1_mix1404,18,6,0,72,2,1.38
fold2_room1_mix1404,19,6,0,72,2,1.45
fold2_room1_mix1404,20,6,0,74,2,1.40
fold2_room1_mix1404,21,6,0,74,2,1.38
fold2_room1_mix1404,22,6,0,77,2,1.39
fold2_room1_mix1404,23,6,0,80,3,1.32
fold2_room1_mix1404,24,6,0,84,2,1.32
fold2_room1_mix1404,25,6,0,82,3,1.37
fold2_room1_mix1404,26,6,0,85,4,1.25
fold2_room1_mix1404,27,6,0,86,2,1.48
fold2_room1_mix1404,28,6,0,89,3,1.44
fold2_room1_mix1404,29,6,0,88,3,1.49
fold2_room1_mix1404,30,6,0,89,2,1.50
fold2_room1_mix1404,31,6,0,91,3,1.48
fold2_room1_mix1404,32,6,0,91,2,1.41
fold2_room1_mix1404,33,6,0,92,3,1.47
fold2_room1_mix1404,34,6,0,94,3,1.47
fold2_room1_mix1404,35,6,0,98,2,1.57
fold2_room1_mix1404,36,6,0,98,2,1.56
fold2_room1_mix1404,37,6,0,101,2,1.57
fold2_room1_mix1404,38,6,0,102,2,1.52
fold2_room1_mix1404,39,6,0,103,2,1.50
fold2_room1_mix1404,40,6,0,102,1,1.55
fold2_room1_mix1404,41,6,0,105,2,1.46
fold2_room1_mix1404,42,6,0,108,1,1.55
fold2_room1_mix1404,43,6,0,107,1,1.63
fold2_room1_mix1404,44,6,0,108,2,1.57
fold2_room1_mix1404,45,6,0,113,1,1.65
fold2_room1_mix1404,46,6,0,112,1,1.71
fold2_room1_mix1404,47,6,0,112,1,1.72
fold2_room1_mix1404,48,6,0,116,1,1.80
fold2_room1_mix1404,49,6,0,115,1,1.76
fold2_room1_mix1404,50,6,0,119,0,1.83
fold2_room1_mix1404,51,6,0,121,0,1.87
fold2_room1_mix1404,52,6,0,121,0,1.89
fold2_room1_mix1404,53,6,0,120,0,1.88
fold2_room1_mix1404,54,6,0,122,0,1.79
fold2_room1_mix1404,55,6,0,123,0,1.84
fold2_room1_mix1404,56,6,0,124,0,1.85
fold2_room1_mix1404,57,6,0,123,0,1.77
fold2_room1_mix1404,58,6,0,125,0,1.87
fold2_room1_mix1404,59,6,0,127,0,1.84
fold2_room1_mix1404,60,6,0,128,0,1.92
fold2_room1_mix1404,61,6,0,129,0,1.93
fold2_room1_mix1404,62,6,0,127,0,1.77
fold2_room1_mix1404,63,6,0,127,0,1.76
fold2_room1_mix1404,64,6,0,128,0,1.82
fold2_room1_mix1404,65,6,0,130,0,1.90
fold2_room1_mix1404,66,6,0,133,0,1.95
fold2_room1_mix1404,67,6,0,134,0,1.97
fold2_room1_mix1404,68,6,0,135,0,2.06
fold2_room1_mix1404,69,6,0,137,0,2.07
fold2_room1_mix1404,70,6,0,138,0,2.13
fold2_room1_mix1404,71,6,0,138,0,2.21
fold2_room1_mix1404,72,6,0,137,0,2.22
fold2_room1_mix1404,73,6,0,137,0,2.12
fold2_room1_mix1404,74,6,0,137,0,2.12
fold2_room1_mix1404,75,6,0,140,0,2.29
fold2_room1_mix1404,76,6,0,142,0,2.33
fold2_room1_mix1404,77,6,0,144,0,2.33
fold2_room1_mix1404,78,6,0,143,0,2.37
fold2_room1_mix1404,79,6,0,144,0,2.56
fold2_room1_mix1404,80,6,0,145,0,2.43
fold2_room1_mix1404,81,6,0,145,0,2.49
fold2_room1_mix1404,82,6,0,147,-1,2.48
fold2_room1_mix1404,83,6,0,146,0,2.71
fold2_room1_mix1404,84,6,0,147,0,2.60
fold2_room1_mix1404,85,6,0,149,-1,2.40
fold2_room1_mix1404,86,6,0,147,-1,2.49
fold2_room1_mix1404,87,6,0,149,-1,2.54
fold2_room1_mix1404,88,6,0,148,-1,2.53
fold2_room1_mix1404,89,6,0,148,-1,2.51
fold2_room1_mix1404,90,6,0,147,0,2.63
fold2_room1_mix1404,91,6,0,145,-1,2.47
fold2_room1_mix1404,92,6,0,147,0,2.55
fold2_room1_mix1404,93,6,0,148,-1,2.56
fold2_room1_mix1404,94,6,0,149,-1,2.52
fold2_room1_mix1404,95,6,0,148,-1,2.48
fold2_room1_mix1404,96,6,0,148,-1,2.43
fold2_room1_mix1404,97,6,0,148,-1,2.52
fold2_room1_mix1404,98,6,0,148,0,2.59
fold2_room1_mix1404,99,6,0,146,-1,2.53
fold2_room1_mix1405,1,6,0,26,1,1.13
fold2_room1_mix1405,2,6,0,26,0,2.71
fold2_room1_mix1405,3,6,0,33,0,2.85
fold2_room1_mix1405,4,6,0,35,0,3.13
fold2_room1_mix1405,5,6,0,41,0,2.71
fold2_room1_mix1405,6,6,0,36,0,3.33
fold2_room1_mix1405,7,6,0,36,-1,3.55
fold2_room1_mix1405,8,6,0,38,0,3.37
fold2_room1_mix1405,9,6,0,35,0,3.04
fold2_room1_mix1405,10,6,0,36,-1,3.35
fold2_room1_mix1405,11,6,0,39,-1,3.03
fold2_room1_mix1405,12,6,0,40,0,2.78
fold2_room1_mix1405,13,6,0,39,-1,2.92
fold2_room1_mix1405,14,6,0,39,-1,3.00
fold2_room1_mix1405,15,6,0,42,-1,2.73
fold2_room1_mix1405,16,6,0,44,-1,2.74
fold2_room1_mix1405,17,6,0,43,-1,2.78
fold2_room1_mix1405,18,6,0,45,-1,2.60
fold2_room1_mix1405,19,6,0,49,-1,2.53
fold2_room1_mix1405,20,6,0,50,-1,2.54
fold2_room1_mix1405,21,6,0,52,0,2.50
fold2_room1_mix1405,22,6,0,52,-2,2.49
fold2_room1_mix1405,23,6,0,59,0,2.26
fold2_room1_mix1405,24,6,0,60,-1,2.30
fold2_room1_mix1405,25,6,0,64,0,2.25
fold2_room1_mix1405,26,6,0,65,-1,2.31
fold2_room1_mix1405,27,6,0,69,0,2.08
fold2_room1_mix1405,28,6,0,72,0,2.00
fold2_room1_mix1405,29,6,0,74,0,1.91
fold2_room1_mix1405,30,6,0,77,-1,2.00
fold2_room1_mix1405,31,6,0,83,0,1.80
fold2_room1_mix1405,32,6,0,86,0,1.97
fold2_room1_mix1405,33,6,0,87,0,2.01
fold2_room1_mix1405,34,6,0,91,-1,2.10
fold2_room1_mix1405,35,6,0,100,-1,2.12
fold2_room1_mix1405,36,6,0,99,-1,2.07
fold2_room1_mix1405,37,6,0,103,-1,2.08
fold2_room1_mix1405,38,6,0,107,-2,2.19
fold2_room1_mix1405,39,6,0,107,-1,2.07
fold2_room1_mix1405,40,6,0,112,-2,2.17
fold2_room1_mix1405,41,6,0,121,-1,2.36
fold2_room1_mix1405,42,6,0,121,-2,2.29
fold2_room1_mix1405,43,6,0,119,-1,2.20
fold2_room1_mix1405,44,6,0,124,-2,2.42
fold2_room1_mix1405,45,6,0,128,-1,2.33
fold2_room1_mix1405,46,6,0,129,-2,2.43
fold2_room1_mix1405,47,6,0,131,-1,2.38
fold2_room1_mix1405,48,6,0,132,-1,2.52
fold2_room1_mix1405,49,6,0,136,-1,2.67
fold2_room1_mix1405,50,6,0,139,-1,2.70
fold2_room1_mix1405,51,6,0,139,-2,2.62
fold2_room1_mix1405,52,6,0,141,-2,2.79
fold2_room1_mix1405,53,6,0,142,-2,2.74
fold2_room1_mix1405,54,6,0,142,-2,2.66
fold2_room1_mix1405,55,6,0,143,-2,2.67
fold2_room1_mix1405,56,6,0,144,-1,2.88
fold2_room1_mix1405,57,6,0,146,-1,2.83
fold2_room1_mix1405,58,6,0,148,-2,3.02
fold2_room1_mix1405,59,6,0,149,-1,3.11
fold2_room1_mix1405,60,6,0,150,-2,2.85
fold2_room1_mix1405,61,6,0,152,-2,1.79
fold2_room1_mix1405,62,6,0,153,-2,2.52
fold2_room1_mix1405,63,6,0,155,-1,1.54
fold2_room1_mix1405,64,6,0,157,-2,1.17
fold2_room1_mix1405,65,6,0,153,-1,3.14
fold2_room1_mix1405,66,6,0,154,-1,3.52
fold2_room1_mix1405,67,6,0,158,-1,1.38
fold2_room1_mix1405,68,6,0,154,-1,3.48
fold2_room1_mix1405,69,6,0,159,-2,1.42
fold2_room1_mix1405,70,6,0,157,-2,2.63
fold2_room1_mix1405,71,6,0,158,-2,2.05
fold2_room1_mix1405,74,6,0,162,-2,1.25
fold2_room1_mix1405,75,6,0,159,-2,1.64
fold2_room1_mix1405,78,6,0,160,-2,2.14
fold2_room1_mix1405,79,6,0,164,-2,1.07
fold2_room1_mix1405,80,6,0,160,-2,1.95
fold2_room1_mix1405,82,6,0,164,-2,1.29
fold2_room1_mix1405,85,6,0,165,-2,1.23
fold2_room1_mix1405,87,6,0,162,-2,1.84
fold2_room1_mix1407,2,6,0,-4,-1,2.13
fold2_room1_mix1407,3,6,0,-3,-2,3.41
fold2_room1_mix1407,4,6,0,13,-1,4.17
fold2_room1_mix1407,5,6,0,15,-2,3.61
fold2_room1_mix1407,6,6,0,8,-2,4.58
fold2_room1_mix1407,7,6,0,11,-1,5.31
fold2_room1_mix1407,8,6,0,4,-1,5.56
fold2_room1_mix1407,9,6,0,13,-1,5.43
fold2_room1_mix1407,10,6,0,13,-2,4.93
fold2_room1_mix1407,11,6,0,21,-1,4.33
fold2_room1_mix1407,12,6,0,17,-1,4.09
fold2_room1_mix1407,13,6,0,22,-1,3.97
fold2_room1_mix1407,14,6,0,20,0,3.81
fold2_room1_mix1407,15,6,0,19,-1,4.18
fold2_room1_mix1407,16,6,0,23,-1,3.68
fold2_room1_mix1407,17,6,0,22,-1,4.00
fold2_room1_mix1407,18,6,0,23,-2,3.53
fold2_room1_mix1407,19,6,0,26,0,3.90
fold2_room1_mix1407,20,6,0,27,-1,3.45
fold2_room1_mix1407,21,6,0,29,-1,3.33
fold2_room1_mix1407,22,6,0,28,-2,3.51
fold2_room1_mix1407,23,6,0,31,-1,3.08
fold2_room1_mix1407,24,6,0,35,-1,2.58
fold2_room1_mix1407,25,6,0,35,-1,2.55
fold2_room1_mix1407,26,6,0,36,-1,2.66
fold2_room1_mix1407,27,6,0,37,-2,2.63
fold2_room1_mix1407,28,6,0,42,-1,2.35
fold2_room1_mix1407,29,6,0,44,-1,2.14
fold2_room1_mix1407,30,6,0,47,0,2.03
fold2_room1_mix1407,31,6,0,53,0,1.80
fold2_room1_mix1407,32,6,0,57,0,1.56
fold2_room1_mix1407,33,6,0,63,0,1.43
fold2_room1_mix1407,34,6,0,68,0,1.52
fold2_room1_mix1407,35,6,0,73,1,1.39
fold2_room1_mix1407,36,6,0,79,2,1.31
fold2_room1_mix1407,37,6,0,86,2,1.21
fold2_room1_mix1407,38,6,0,95,2,1.38
fold2_room1_mix1407,39,6,0,102,1,1.55
fold2_room1_mix1407,40,6,0,108,2,1.62
fold2_room1_mix1407,41,6,0,113,1,1.67
fold2_room1_mix1407,42,6,0,120,1,1.87
fold2_room1_mix1407,43,6,0,127,0,2.04
fold2_room1_mix1407,44,6,0,131,0,2.24
fold2_room1_mix1407,45,6,0,134,0,2.25
fold2_room1_mix1407,46,6,0,136,0,2.25
fold2_room1_mix1407,47,6,0,137,0,2.35
fold2_room1_mix1407,48,6,0,140,0,2.24
fold2_room1_mix1407,49,6,0,143,0,2.36
fold2_room1_mix1407,50,6,0,144,0,2.44
fold2_room1_mix1407,51,6,0,146,0,2.66
fold2_room1_mix1407,52,6,0,147,0,2.68
fold2_room1_mix1407,53,6,0,149,-1,2.71
fold2_room1_mix1407,54,6,0,153,-1,3.00
fold2_room1_mix1407,55,6,0,154,-1,3.00
fold2_room1_mix1407,56,6,0,155,-1,3.15
fold2_room1_mix1407,57,6,0,156,0,3.17
fold2_room1_mix1407,58,6,0,157,-1,3.25
fold2_room1_mix1407,59,6,0,157,-1,3.54
fold2_room1_mix1407,60,6,0,157,-1,3.69
fold2_room1_mix1407,61,6,0,160,-1,3.41
fold2_room1_mix1407,62,6,0,161,-1,3.62
fold2_room1_mix1407,63,6,0,161,-1,3.50
fold2_room1_mix1407,64,6,0,161,-1,3.65
fold2_room1_mix1407,65,6,0,161,-1,3.89
fold2_room1_mix1407,66,6,0,160,-1,3.90
fold2_room1_mix1407,67,6,0,161,-1,4.22
fold2_room1_mix1407,68,6,0,161,-1,4.11
fold2_room1_mix1407,69,6,0,163,-1,4.01
fold2_room1_mix1407,70,6,0,163,-1,4.07
fold2_room1_mix1407,72,6,0,166,-1,4.30
fold2_room1_mix1407,73,6,0,171,-1,2.33
fold2_room1_mix1407,74,6,0,167,-1,4.40
fold2_room1_mix1407,75,6,0,169,-1,3.87
fold2_room1_mix1407,76,6,0,170,-1,4.12
fold2_room1_mix1407,78,6,0,169,-2,3.44
fold2_room1_mix1407,79,6,0,171,-1,3.07
fold2_room1_mix1407,80,6,0,170,-1,4.14
fold2_room1_mix1407,81,6,0,168,-1,4.36
fold2_room1_mix1407,82,6,0,170,-1,3.39
fold2_room1_mix1407,83,6,0,171,-1,4.56
fold2_room1_mix1407,84,6,0,171,-1,5.04
fold2_room1_mix1407,85,6,0,171,-1,4.22
fold2_room1_mix1407,86,6,0,170,-1,4.59
fold2_room1_mix1407,87,6,0,170,-1,5.12
fold2_room1_mix1407,88,6,0,173,-1,4.84
fold2_room1_mix1407,89,6,0,172,-1,5.12
fold2_room1_mix1407,90,6,0,171,-1,3.15
fold2_room1_mix1407,91,6,0,174,-1,1.85
fold2_room1_mix1407,92,6,0,172,-1,4.11
fold2_room1_mix1407,93,6,0,172,-1,2.78
fold2_room1_mix1407,95,6,0,175,-1,1.94
fold2_room1_mix1407,96,6,0,177,-1,1.43
fold2_room1_mix1408,57,6,0,-31,-5,1.05
fold2_room1_mix1408,58,6,0,-34,-4,1.25
fold2_room1_mix1408,59,6,0,-34,-4,1.29
fold2_room1_mix1408,60,6,0,-36,-5,1.81
fold2_room1_mix1408,61,6,0,-39,-3,1.67
fold2_room1_mix1408,62,6,0,-45,-3,1.47
fold2_room1_mix1408,63,6,0,-57,-2,1.17
fold2_room1_mix1408,64,6,0,-69,-1,0.97
fold2_room1_mix1408,65,6,0,-81,-2,0.91
fold2_room1_mix1408,66,6,0,-104,-1,0.90
fold2_room1_mix1408,67,6,0,-116,-1,0.87
fold2_room1_mix1408,68,6,0,-129,-1,1.13
fold2_room1_mix1408,69,6,0,-137,-1,1.35
fold2_room1_mix1408,70,6,0,-146,-1,1.76
fold2_room1_mix1408,71,6,0,-150,-1,1.85
fold2_room1_mix1408,72,6,0,-153,0,1.91
fold2_room1_mix1408,73,6,0,-158,-1,2.21
fold2_room1_mix1408,74,6,0,-159,-1,2.27
fold2_room1_mix1408,75,6,0,-163,-1,1.11
fold2_room1_mix1411,44,6,0,-11,0,7.04
fold2_room1_mix1411,45,6,0,-1,0,6.70
fold2_room1_mix1411,46,6,0,0,0,7.46
fold2_room1_mix1411,47,6,0,0,-1,8.40
fold2_room1_mix1411,48,6,0,3,-1,10.49
fold2_room1_mix1411,49,6,0,6,-1,9.07
fold2_room1_mix1411,50,6,0,3,0,10.01
fold2_room1_mix1411,51,6,0,2,-1,10.60
fold2_room1_mix1411,52,6,0,5,-1,10.46
fold2_room1_mix1411,53,6,0,10,-1,9.05
fold2_room1_mix1411,54,6,0,4,-1,7.73
fold2_room1_mix1411,55,6,0,7,-1,10.68
fold2_room1_mix1411,56,6,0,12,-1,8.88
fold2_room1_mix1411,57,6,0,12,-1,8.72
fold2_room1_mix1411,58,6,0,18,-1,8.46
fold2_room1_mix1411,59,6,0,21,-1,6.96
fold2_room1_mix1411,60,6,0,21,-1,7.19
fold2_room1_mix1411,61,6,0,24,-1,6.27
fold2_room1_mix1411,62,6,0,26,-1,5.95
fold2_room1_mix1411,63,6,0,27,-1,5.62
fold2_room1_mix1411,64,6,0,29,0,5.24
fold2_room1_mix1411,65,6,0,34,0,4.69
fold2_room1_mix1411,66,6,0,33,-1,4.06
fold2_room1_mix1411,67,6,0,37,0,3.33
fold2_room1_mix1411,68,6,0,42,0,3.02
fold2_room1_mix1411,69,6,0,42,0,3.08
fold2_room1_mix1411,70,6,0,47,0,2.83
fold2_room1_mix1411,71,6,0,56,0,2.32
fold2_room1_mix1411,72,6,0,62,0,2.29
fold2_room1_mix1411,73,6,0,72,0,2.09
fold2_room1_mix1411,74,6,0,79,-2,2.02
fold2_room1_mix1411,75,6,0,85,-1,2.01
fold2_room1_mix1411,76,6,0,91,0,2.07
fold2_room1_mix1411,77,6,0,104,0,2.32
fold2_room1_mix1411,78,6,0,113,0,2.42
fold2_room1_mix1411,79,6,0,126,0,2.56
fold2_room1_mix1411,80,6,0,127,0,2.71
fold2_room1_mix1411,81,6,0,135,-1,2.86
fold2_room1_mix1411,82,6,0,140,0,3.13
fold2_room1_mix1411,83,6,0,143,0,3.32
fold2_room1_mix1411,84,6,0,145,0,3.79
fold2_room1_mix1411,85,6,0,147,0,3.91
fold2_room1_mix1411,86,6,0,150,0,4.25
fold2_room1_mix1411,87,6,0,151,0,4.68
fold2_room1_mix1411,88,6,0,152,0,5.50
fold2_room1_mix1411,89,6,0,154,0,5.56
fold2_room1_mix1411,90,6,0,157,0,6.30
fold2_room1_mix1411,91,6,0,157,0,6.93
fold2_room1_mix1411,92,6,0,158,0,7.06
fold2_room1_mix1411,93,6,0,160,0,7.32
fold2_room1_mix1411,94,6,0,162,0,8.05
fold2_room1_mix1411,95,6,0,161,0,8.78
fold2_room1_mix1411,96,6,0,162,0,8.86
fold2_room1_mix1411,97,6,0,164,0,9.33
fold2_room1_mix1411,98,6,0,166,0,9.39
fold2_room1_mix1411,99,6,0,165,0,9.28
fold2_room1_mix1414,56,6,0,-142,-4,0.81
fold2_room1_mix1414,57,6,0,-136,-4,1.88
fold2_room1_mix1414,58,6,0,-126,-7,1.89
fold2_room1_mix1414,59,6,0,-123,-6,2.06
fold2_room1_mix1414,60,6,0,-120,-7,1.92
fold2_room1_mix1414,61,6,0,-113,-6,2.11
fold2_room1_mix1414,62,6,0,-102,-7,1.95
fold2_room1_mix1414,63,6,0,-90,-5,1.79
fold2_room1_mix1414,64,6,0,-83,-5,1.93
fold2_room1_mix1414,65,6,0,-77,-5,2.01
fold2_room1_mix1414,66,6,0,-72,-4,2.05
fold2_room1_mix1414,67,6,0,-68,-5,2.21
fold2_room1_mix1414,68,6,0,-63,-5,2.22
fold2_room1_mix1414,69,6,0,-61,-4,2.27
fold2_room1_mix1414,70,6,0,-54,-4,2.42
fold2_room1_mix1414,71,6,0,-54,-3,1.61
fold2_room1_mix1414,73,6,0,-47,-4,1.91
fold2_room1_mix1417,19,6,0,-5,-1,3.72
fold2_room1_mix1417,20,6,0,-4,-1,5.92
fold2_room1_mix1417,22,6,0,-3,-1,4.78
fold2_room1_mix1417,25,6,0,-16,-2,3.36
fold2_room1_mix1417,26,6,0,-28,-1,4.50
fold2_room1_mix1417,36,6,0,-15,-1,4.66
fold2_room1_mix1417,37,6,0,-23,-1,5.57
fold2_room1_mix1417,38,6,0,-17,-1,6.25
fold2_room1_mix1417,39,6,0,-14,-1,7.08
fold2_room1_mix1417,40,6,0,-15,-2,6.72
fold2_room1_mix1417,41,6,0,-16,-2,7.62
fold2_room1_mix1417,42,6,0,-18,-2,6.22
fold2_room1_mix1417,43,6,0,-18,-2,6.64
fold2_room1_mix1417,44,6,0,-19,-1,6.06
fold2_room1_mix1417,45,6,0,-18,-1,6.31
fold2_room1_mix1417,46,6,0,-19,-1,5.93
fold2_room1_mix1417,47,6,0,-20,-2,5.71
fold2_room1_mix1417,48,6,0,-22,-1,5.08
fold2_room1_mix1417,49,6,0,-21,-2,4.89
fold2_room1_mix1417,50,6,0,-20,-1,5.12
fold2_room1_mix1417,51,6,0,-23,-1,4.69
fold2_room1_mix1417,52,6,0,-23,-1,4.32
fold2_room1_mix1417,53,6,0,-25,-1,4.38
fold2_room1_mix1417,54,6,0,-31,-1,3.70
fold2_room1_mix1417,55,6,0,-29,-1,3.68
fold2_room1_mix1417,56,6,0,-29,-1,3.53
fold2_room1_mix1417,57,6,0,-37,-2,2.94
fold2_room1_mix1417,58,6,0,-43,-1,2.61
fold2_room1_mix1417,59,6,0,-42,-2,2.66
fold2_room1_mix1417,60,6,0,-50,-2,2.10
fold2_room1_mix1417,61,6,0,-55,-1,2.01
fold2_room1_mix1417,62,6,0,-60,-1,1.94
fold2_room1_mix1417,63,6,0,-67,-3,1.88
fold2_room1_mix1417,64,6,0,-75,-2,1.79
fold2_room1_mix1417,65,6,0,-84,-2,1.79
fold2_room1_mix1417,66,6,0,-91,-3,1.81
fold2_room1_mix1417,67,6,0,-100,-3,1.87
fold2_room1_mix1417,68,6,0,-105,-3,1.80
fold2_room1_mix1417,69,6,0,-111,-3,1.90
fold2_room1_mix1417,70,6,0,-118,-3,2.00
fold2_room1_mix1417,71,6,0,-123,-2,2.10
fold2_room1_mix1417,72,6,0,-128,-2,2.28
fold2_room1_mix1417,73,6,0,-132,-1,2.64
fold2_room1_mix1417,74,6,0,-138,-1,3.07
fold2_room1_mix1417,75,6,0,-143,-1,3.28
fold2_room1_mix1417,76,6,0,-144,-1,3.25
fold2_room1_mix1417,77,6,0,-146,-1,3.51
fold2_room1_mix1417,78,6,0,-148,-1,3.59
fold2_room1_mix1417,79,6,0,-148,-1,3.70
fold2_room1_mix1417,80,6,0,-150,-1,4.09
fold2_room1_mix1417,81,6,0,-153,-1,4.20
fold2_room1_mix1417,82,6,0,-153,-1,4.47
fold2_room1_mix1417,83,6,0,-154,-1,4.72
fold2_room1_mix1417,84,6,0,-156,-1,5.19
fold2_room1_mix1417,85,6,0,-158,-1,5.74
fold2_room1_mix1417,86,6,0,-157,-1,5.69
fold2_room1_mix1417,87,6,0,-158,-1,5.85
fold2_room1_mix1417,88,6,0,-158,-1,5.84
fold2_room1_mix1417,89,6,0,-158,-1,6.05
fold2_room1_mix1417,90,6,0,-159,-1,5.93
fold2_room1_mix1417,91,6,0,-160,-1,6.58
fold2_room1_mix1417,92,6,0,-160,-1,7.03
fold2_room1_mix1417,93,6,0,-162,-1,7.17
fold2_room1_mix1417,94,6,0,-164,-1,7.08
fold2_room1_mix1417,95,6,0,-164,-1,6.54
fold2_room1_mix1417,96,6,0,-166,-1,5.52
fold2_room1_mix1418,50,6,0,-3,-2,5.06
fold2_room1_mix1418,51,6,0,0,-2,5.31
fold2_room1_mix1418,52,6,0,6,-2,5.79
fold2_room1_mix1418,53,6,0,2,-2,5.04
fold2_room1_mix1418,54,6,0,11,-1,5.12
fold2_room1_mix1418,55,6,0,13,-1,4.56
fold2_room1_mix1418,56,6,0,24,-1,3.78
fold2_room1_mix1418,57,6,0,32,-1,2.78
fold2_room1_mix1418,58,6,0,38,-1,2.08
fold2_room1_mix1418,59,6,0,49,0,1.76
fold2_room1_mix1418,60,6,0,67,0,1.18
fold2_room1_mix1418,61,6,0,96,0,1.11
fold2_room1_mix1418,62,6,0,125,0,1.33
fold2_room1_mix1418,63,6,0,139,0,1.73
fold2_room1_mix1418,64,6,0,147,0,2.06
fold2_room1_mix1418,65,6,0,153,0,2.32
fold2_room1_mix1418,66,6,0,157,0,2.51
fold2_room1_mix1418,67,6,0,160,0,3.34
fold2_room1_mix1418,68,6,0,163,0,3.71
fold2_room1_mix1418,69,6,0,167,0,3.48
fold2_room1_mix1418,70,6,0,167,0,4.01
fold2_room1_mix1418,71,6,0,167,0,4.20
fold2_room1_mix1418,72,6,0,171,0,4.75
fold2_room1_mix1418,73,6,0,172,0,4.87
fold2_room1_mix1418,74,6,0,171,0,4.85
fold2_room1_mix1418,75,6,0,174,0,5.97
fold2_room1_mix1418,76,6,0,176,0,2.07
fold2_room1_mix1418,77,6,0,177,0,5.35
fold2_room1_mix1418,78,6,0,175,0,3.98
fold2_room1_mix1420,37,6,0,-175,-1,1.82
fold2_room1_mix1420,40,6,0,-166,-2,3.38
fold2_room1_mix1420,41,6,0,-162,-2,4.74
fold2_room1_mix1420,42,6,0,-165,-2,3.99
fold2_room1_mix1420,43,6,0,-162,-2,3.70
fold2_room1_mix1420,44,6,0,-161,-2,4.39
fold2_room1_mix1420,45,6,0,-161,-2,4.16
fold2_room1_mix1420,46,6,0,-155,-2,3.75
fold2_room1_mix1420,47,6,0,-152,-3,3.59
fold2_room1_mix1420,48,6,0,-149,-2,3.20
fold2_room1_mix1420,49,6,0,-144,-3,2.84
fold2_room1_mix1420,50,6,0,-136,-5,2.50
fold2_room1_mix1420,51,6,0,-128,-5,2.30
fold2_room1_mix1420,52,6,0,-116,-5,1.98
fold2_room1_mix1420,53,6,0,-99,-3,1.76
fold2_room1_mix1420,54,6,0,-84,-4,1.72
fold2_room1_mix1420,55,6,0,-64,-2,1.78
fold2_room1_mix1420,56,6,0,-56,-2,1.98
fold2_room1_mix1420,57,6,0,-47,-2,2.14
fold2_room1_mix1420,58,6,0,-41,-2,2.32
fold2_room1_mix1420,59,6,0,-34,-1,2.56
fold2_room1_mix1420,60,6,0,-29,-1,2.87
fold2_room1_mix1420,61,6,0,-25,0,3.05
fold2_room1_mix1420,62,6,0,-23,0,3.49
fold2_room1_mix1420,63,6,0,-21,0,3.82
fold2_room1_mix1420,64,6,0,-19,0,3.92
fold2_room1_mix1420,65,6,0,-19,0,4.25
fold2_room1_mix1420,66,6,0,-18,0,3.92
fold2_room1_mix1422,2,6,0,97,4,0.38
fold2_room1_mix1422,3,6,0,94,2,1.02
fold2_room1_mix1422,4,6,0,91,3,1.13
fold2_room1_mix1422,5,6,0,92,2,1.17
fold2_room1_mix1422,6,6,0,89,4,1.41
fold2_room1_mix1422,7,6,0,88,4,1.20
fold2_room1_mix1422,8,6,0,84,2,1.07
fold2_room1_mix1422,9,6,0,89,2,1.09
fold2_room1_mix1422,10,6,0,81,2,1.52
fold2_room1_mix1422,11,6,0,84,1,1.66
fold2_room1_mix1422,12,6,0,86,2,1.53
fold2_room1_mix1422,13,6,0,90,1,1.29
fold2_room1_mix1422,14,6,0,83,2,1.45
fold2_room1_mix1422,15,6,0,86,1,1.30
fold2_room1_mix1422,16,6,0,86,0,1.69
fold2_room1_mix1422,17,6,0,85,0,1.60
fold2_room1_mix1422,18,6,0,89,0,1.56
fold2_room1_mix1422,19,6,0,87,0,1.45
fold2_room1_mix1422,20,6,0,83,2,1.57
fold2_room1_mix1422,21,6,0,87,0,1.63
fold2_room1_mix1422,22,6,0,89,0,1.57
fold2_room1_mix1422,23,6,0,89,1,1.52
fold2_room1_mix1422,24,6,0,94,1,1.60
fold2_room1_mix1422,25,6,0,89,0,1.71
fold2_room1_mix1422,26,6,0,86,2,1.58
fold2_room1_mix1422,27,6,0,92,0,1.62
fold2_room1_mix1422,28,6,0,95,0,1.59
fold2_room1_mix1422,29,6,0,92,0,1.54
fold2_room1_mix1422,30,6,0,93,0,1.23
fold2_room1_mix1422,31,6,0,95,1,1.03
fold2_room1_mix1422,33,6,0,98,0,0.87
fold2_room1_mix1422,34,6,0,100,0,0.84
fold2_room1_mix1422,39,6,0,98,0,0.65
fold2_room1_mix1422,44,6,0,104,-1,0.62
fold2_room1_mix1422,46,6,0,101,-1,0.87
fold2_room1_mix1422,47,6,0,103,-1,1.30
fold2_room1_mix1422,53,6,0,108,-1,0.91
fold2_room1_mix1422,54,6,0,111,-1,0.85
fold2_room1_mix1422,58,6,0,106,-1,0.76
fold2_room1_mix1422,60,6,0,115,-1,1.22
fold2_room1_mix1422,61,6,0,109,-1,0.83
fold2_room1_mix1422,62,6,0,112,-1,1.01
fold2_room1_mix1422,64,6,0,115,-1,1.32
fold2_room1_mix1423,56,6,0,31,-2,2.08
fold2_room1_mix1423,57,6,0,28,-3,1.49
fold2_room1_mix1423,58,6,0,33,-2,2.38
fold2_room1_mix1423,59,6,0,38,-1,2.04
fold2_room1_mix1423,60,6,0,43,0,1.92
fold2_room1_mix1423,61,6,0,50,0,1.49
fold2_room1_mix1423,62,6,0,57,0,1.43
fold2_room1_mix1423,63,6,0,66,1,1.23
fold2_room1_mix1423,64,6,0,75,2,1.21
fold2_room1_mix1423,65,6,0,93,1,1.09
fold2_room1_mix1423,66,6,0,105,1,1.04
fold2_room1_mix1423,67,6,0,115,2,1.27
fold2_room1_mix1423,68,6,0,130,1,1.35
fold2_room1_mix1423,69,6,0,134,0,1.56
fold2_room1_mix1423,70,6,0,139,0,1.71
fold2_room1_mix1423,71,6,0,145,0,1.96
fold2_room1_mix1423,72,6,0,148,0,2.03
fold2_room1_mix1423,73,6,0,151,0,2.31
fold2_room1_mix1423,74,6,0,153,0,2.51
fold2_room1_mix1423,75,6,0,155,0,2.52
fold2_room1_mix1423,76,6,0,160,0,2.23
fold2_room1_mix1425,47,6,0,71,-5,1.46
fold2_room1_mix1425,48,6,0,71,-4,1.09
fold2_room1_mix1425,49,6,0,69,-6,1.89
fold2_room1_mix1425,50,6,0,77,-5,1.76
fold2_room1_mix1425,51,6,0,77,-5,2.03
fold2_room1_mix1425,52,6,0,77,-4,2.09
fold2_room1_mix1425,53,6,0,84,-5,1.77
fold2_room1_mix1425,54,6,0,88,-4,1.80
fold2_room1_mix1425,55,6,0,94,-4,1.82
fold2_room1_mix1425,56,6,0,98,-3,1.84
fold2_room1_mix1425,57,6,0,109,-5,2.00
fold2_room1_mix1425,58,6,0,107,-3,1.86
fold2_room1_mix1425,59,6,0,113,-2,1.94
fold2_room1_mix1425,60,6,0,116,-4,2.01
fold2_room1_mix1425,61,6,0,122,-3,1.93
fold2_room1_mix1425,62,6,0,121,-2,1.51
fold2_room1_mix1425,63,6,0,127,-4,2.07
fold2_room1_mix1425,64,6,0,133,-2,1.08
fold2_room1_mix1425,65,6,0,132,-3,0.99
fold2_room1_mix1425,67,6,0,140,-2,1.21
fold2_room1_mix1425,68,6,0,142,-3,2.29
fold2_room1_mix1425,69,6,0,144,-3,2.37
fold2_room1_mix1425,70,6,0,146,-3,1.41
fold2_room1_mix1425,71,6,0,149,-3,1.19
fold2_room1_mix1425,72,6,0,148,-2,2.41
fold2_room1_mix1425,73,6,0,149,-2,2.46
fold2_room1_mix1425,75,6,0,156,-2,1.68
fold2_room1_mix1426,2,7,0,-177,0,1.47
fold2_room1_mix1426,3,7,0,-178,0,16.75
fold2_room1_mix1426,4,7,0,176,0,17.70
fold2_room1_mix1426,5,7,0,178,0,19.38
fold2_room1_mix1426,6,7,0,-179,0,19.15
fold2_room1_mix1426,7,7,0,-178,0,19.42
fold2_room1_mix1426,8,7,0,179,-1,18.53
fold2_room1_mix1426,9,7,0,-179,-1,18.10
fold2_room1_mix1426,10,7,0,-178,-1,19.09
fold2_room1_mix1426,11,7,0,178,-1,18.49
fold2_room1_mix1426,12,7,0,177,-1,18.07
fold2_room1_mix1426,13,7,0,176,-1,18.93
fold2_room1_mix1426,14,7,0,175,-1,18.28
fold2_room1_mix1426,15,7,0,175,-1,17.71
fold2_room1_mix1426,16,7,0,175,-1,15.58
fold2_room1_mix1426,17,7,0,174,-1,15.73
fold2_room1_mix1426,18,7,0,174,-1,14.18
fold2_room1_mix1426,19,7,0,173,-1,14.24
fold2_room1_mix1426,20,7,0,171,-1,14.05
fold2_room1_mix1426,21,7,0,171,-1,12.99
fold2_room1_mix1426,22,7,0,168,-1,12.34
fold2_room1_mix1426,23,7,0,167,-1,10.96
fold2_room1_mix1426,24,7,0,166,-1,10.58
fold2_room1_mix1426,25,7,0,165,-1,9.99
fold2_room1_mix1426,26,7,0,164,-1,8.87
fold2_room1_mix1426,27,7,0,164,-1,8.53
fold2_room1_mix1426,28,7,0,160,-1,7.62
fold2_room1_mix1426,29,7,0,158,-1,7.12
fold2_room1_mix1426,30,7,0,155,-2,6.77
fold2_room1_mix1426,31,7,0,154,-2,5.41
fold2_room1_mix1426,32,7,0,149,-2,4.84
fold2_room1_mix1426,33,7,0,145,-3,4.26
fold2_room1_mix1426,34,7,0,139,-3,3.22
fold2_room1_mix1426,35,7,0,131,-2,2.67
fold2_room1_mix1426,36,7,0,115,-1,2.43
fold2_room1_mix1426,37,7,0,91,-1,2.56
fold2_room1_mix1426,38,7,0,69,0,2.77
fold2_room1_mix1426,39,7,0,53,0,3.06
fold2_room1_mix1426,40,7,0,42,0,3.33
fold2_room1_mix1426,41,7,0,33,0,3.99
fold2_room1_mix1426,42,7,0,29,0,4.17
fold2_room1_mix1426,43,7,0,26,0,4.78
fold2_room1_mix1426,44,7,0,23,0,4.92
fold2_room1_mix1426,45,7,0,18,0,5.66
fold2_room1_mix1426,46,7,0,17,0,6.13
fold2_room1_mix1426,47,7,0,15,0,6.54
fold2_room1_mix1426,48,7,0,14,0,7.53
fold2_room1_mix1426,49,7,0,14,0,8.14
fold2_room1_mix1426,50,7,0,13,0,8.39
fold2_room1_mix1426,51,7,0,13,0,8.92
fold2_room1_mix1426,52,7,0,12,0,10.19
fold2_room1_mix1426,53,7,0,12,0,10.90
fold2_room1_mix1426,54,7,0,11,0,11.89
fold2_room1_mix1426,55,7,0,11,0,12.58
fold2_room1_mix1426,56,7,0,9,0,13.10
fold2_room1_mix1426,57,7,0,8,0,14.04
fold2_room1_mix1426,58,7,0,8,0,14.15
fold2_room1_mix1426,59,7,0,8,0,15.10
fold2_room1_mix1426,60,7,0,7,0,15.98
fold2_room1_mix1426,61,7,0,8,0,17.58
fold2_room1_mix1426,62,7,0,8,0,17.54
fold2_room1_mix1426,63,7,0,7,0,18.60
fold2_room1_mix1426,64,7,0,7,0,18.76
fold2_room1_mix1426,65,7,0,7,0,19.21
fold2_room1_mix1426,66,7,0,6,0,19.06
fold2_room1_mix1426,67,7,0,6,0,19.94
fold2_room1_mix1426,68,7,0,6,0,20.76
fold2_room1_mix1426,69,7,0,5,0,21.33
fold2_room1_mix1426,70,7,0,5,0,23.00
fold2_room1_mix1426,71,7,0,6,0,22.85
fold2_room1_mix1426,72,7,0,5,0,23.50
fold2_room1_mix1426,73,7,0,5,0,23.78
fold2_room1_mix1426,74,7,0,5,0,25.06
fold2_room1_mix1426,75,7,0,5,0,25.05
fold2_room1_mix1426,76,7,0,5,0,24.95
fold2_room1_mix1426,77,7,0,5,0,28.13
fold2_room1_mix1426,78,7,0,4,0,28.12
fold2_room1_mix1426,79,7,0,5,0,29.38
fold2_room1_mix1426,80,7,0,6,0,29.36
fold2_room1_mix1426,81,7,0,5,0,30.23
fold2_room1_mix1426,82,7,0,4,0,30.03
fold2_room1_mix1426,83,7,0,4,0,31.09
fold2_room1_mix1426,84,7,0,4,0,32.24
fold2_room1_mix1426,85,7,0,5,0,33.79
fold2_room1_mix1426,86,7,0,4,0,32.41
fold2_room1_mix1426,87,7,0,4,0,36.48
fold2_room1_mix1426,88,7,0,5,0,37.10
fold2_room1_mix1426,89,7,0,5,0,36.73
fold2_room1_mix1426,90,7,0,4,0,37.76
fold2_room1_mix1426,91,7,0,4,0,38.90
fold2_room1_mix1426,92,7,0,3,0,36.02
fold2_room1_mix1426,93,7,0,3,0,37.72
fold2_room1_mix1426,94,7,0,5,0,39.52
fold2_room1_mix1426,95,7,0,4,0,38.58
fold2_room1_mix1426,96,7,0,4,0,39.26
fold2_room1_mix1426,97,7,0,4,0,41.39
fold2_room1_mix1426,98,7,0,4,0,41.48
fold2_room1_mix1426,99,7,0,4,0,42.72
fold2_room1_mix1427,2,7,0,-177,0,4.64
fold2_room1_mix1427,3,7,0,-177,0,8.65
fold2_room1_mix1427,4,7,0,179,0,29.14
fold2_room1_mix1427,5,7,0,179,0,40.80
fold2_room1_mix1427,6,7,0,-179,0,42.49
fold2_room1_mix1427,7,7,0,179,0,46.06
fold2_room1_mix1427,8,7,0,179,0,56.52
fold2_room1_mix1427,9,7,0,-179,0,53.34
fold2_room1_mix1427,10,7,0,179,0,56.90
fold2_room1_mix1427,11,7,0,179,0,58.51
fold2_room1_mix1427,12,7,0,179,0,55.56
fold2_room1_mix1427,13,7,0,179,0,54.14
fold2_room1_mix1427,14,7,0,179,0,56.53
fold2_room1_mix1427,15,7,0,179,0,58.60
fold2_room1_mix1427,16,7,0,178,0,58.57
fold2_room1_mix1427,17,7,0,179,0,56.67
fold2_room1_mix1427,18,7,0,179,0,59.55
fold2_room1_mix1427,19,7,0,179,0,57.58
fold2_room1_mix1427,20,7,0,179,0,53.41
fold2_room1_mix1427,21,7,0,179,0,52.81
fold2_room1_mix1427,22,7,0,179,0,51.37
fold2_room1_mix1427,23,7,0,178,0,47.93
fold2_room1_mix1427,24,7,0,179,0,48.09
fold2_room1_mix1427,25,7,0,179,0,50.11
fold2_room1_mix1427,26,7,0,179,0,48.71
fold2_room1_mix1427,27,7,0,179,0,48.54
fold2_room1_mix1427,28,7,0,178,0,48.45
fold2_room1_mix1427,29,7,0,179,0,46.87
fold2_room1_mix1427,30,7,0,179,0,46.14
fold2_room1_mix1427,31,7,0,-179,0,45.22
fold2_room1_mix1427,32,7,0,179,0,43.46
fold2_room1_mix1427,33,7,0,179,0,44.13
fold2_room1_mix1427,34,7,0,179,0,42.88
fold2_room1_mix1427,35,7,0,179,0,43.79
fold2_room1_mix1427,36,7,0,179,0,43.34
fold2_room1_mix1427,37,7,0,179,0,41.31
fold2_room1_mix1427,38,7,0,179,0,40.99
fold2_room1_mix1427,39,7,0,179,0,38.22
fold2_room1_mix1427,40,7,0,178,0,37.51
fold2_room1_mix1427,41,7,0,179,0,35.62
fold2_room1_mix1427,42,7,0,178,0,35.90
fold2_room1_mix1427,43,7,0,178,0,35.04
fold2_room1_mix1427,44,7,0,177,0,33.56
fold2_room1_mix1427,45,7,0,177,0,31.96
fold2_room1_mix1427,46,7,0,177,0,30.52
fold2_room1_mix1427,47,7,0,177,0,29.73
fold2_room1_mix1427,48,7,0,176,0,26.97
fold2_room1_mix1427,49,7,0,178,0,25.24
fold2_room1_mix1427,50,7,0,177,0,24.20
fold2_room1_mix1427,51,7,0,176,0,21.57
fold2_room1_mix1427,52,7,0,175,0,20.63
fold2_room1_mix1427,53,7,0,176,0,19.74
fold2_room1_mix1427,54,7,0,174,0,18.88
fold2_room1_mix1427,55,7,0,173,0,17.36
fold2_room1_mix1427,56,7,0,171,0,15.92
fold2_room1_mix1427,57,7,0,171,0,15.38
fold2_room1_mix1427,58,7,0,169,0,13.41
fold2_room1_mix1427,59,7,0,167,-1,12.74
fold2_room1_mix1427,60,7,0,165,0,11.59
fold2_room1_mix1427,61,7,0,164,0,10.86
fold2_room1_mix1427,62,7,0,160,0,9.02
fold2_room1_mix1427,63,7,0,158,-1,8.04
fold2_room1_mix1427,64,7,0,154,-1,6.80
fold2_room1_mix1427,65,7,0,147,-1,5.68
fold2_room1_mix1427,66,7,0,137,-1,4.25
fold2_room1_mix1427,67,7,0,117,0,3.16
fold2_room1_mix1427,68,7,0,90,0,3.39
fold2_room1_mix1427,69,7,0,69,0,3.53
fold2_room1_mix1427,70,7,0,50,0,4.16
fold2_room1_mix1427,71,7,0,39,0,5.09
fold2_room1_mix1427,72,7,0,31,0,5.89
fold2_room1_mix1427,73,7,0,26,0,7.00
fold2_room1_mix1427,74,7,0,23,0,8.63
fold2_room1_mix1427,75,7,0,20,0,9.47
fold2_room1_mix1427,76,7,0,17,0,10.51
fold2_room1_mix1427,77,7,0,15,0,11.14
fold2_room1_mix1427,78,7,0,14,0,11.79
fold2_room1_mix1427,79,7,0,13,0,12.89
fold2_room1_mix1427,80,7,0,12,0,13.96
fold2_room1_mix1427,81,7,0,11,0,15.68
fold2_room1_mix1427,82,7,0,10,0,17.22
fold2_room1_mix1427,83,7,0,10,0,18.37
fold2_room1_mix1427,84,7,0,10,0,18.94
fold2_room1_mix1427,85,7,0,9,0,20.12
fold2_room1_mix1427,86,7,0,9,0,20.75
fold2_room1_mix1427,87,7,0,9,0,20.98
fold2_room1_mix1427,88,7,0,8,0,22.60
fold2_room1_mix1427,89,7,0,7,0,24.36
fold2_room1_mix1427,90,7,0,8,0,26.36
fold2_room1_mix1427,91,7,0,7,0,27.09
fold2_room1_mix1427,92,7,0,7,0,28.05
fold2_room1_mix1427,93,7,0,7,0,29.37
fold2_room1_mix1427,94,7,0,7,0,31.04
fold2_room1_mix1427,95,7,0,7,0,32.97
fold2_room1_mix1427,96,7,0,6,0,33.53
fold2_room1_mix1427,97,7,0,7,0,33.43
fold2_room1_mix1427,98,7,0,6,0,37.52
fold2_room1_mix1427,99,7,0,6,0,37.39
fold2_room1_mix1428,3,7,0,178,0,12.96
fold2_room1_mix1428,4,7,0,179,0,22.50
fold2_room1_mix1428,5,7,0,178,0,29.29
fold2_room1_mix1428,6,7,0,-179,0,34.61
fold2_room1_mix1428,7,7,0,178,0,35.76
fold2_room1_mix1428,8,7,0,179,0,41.78
fold2_room1_mix1428,9,7,0,-179,0,45.36
fold2_room1_mix1428,10,7,0,178,0,50.64
fold2_room1_mix1428,11,7,0,178,0,56.23
fold2_room1_mix1428,12,7,0,-179,0,38.17
fold2_room1_mix1428,13,7,0,-179,0,16.24
fold2_room1_mix1428,15,7,0,-177,0,16.69
fold2_room1_mix1428,16,7,0,178,0,14.52
fold2_room1_mix1428,17,7,0,179,0,37.29
fold2_room1_mix1428,18,7,0,178,0,4.28
fold2_room1_mix1428,19,7,0,179,0,35.59
fold2_room1_mix1428,20,7,0,178,0,48.52
fold2_room1_mix1428,21,7,0,179,0,49.70
fold2_room1_mix1428,22,7,0,179,0,53.05
fold2_room1_mix1428,23,7,0,174,0,4.85
fold2_room1_mix1428,24,7,0,178,0,9.31
fold2_room1_mix1428,25,7,0,-177,0,15.01
fold2_room1_mix1428,26,7,0,179,0,45.33
fold2_room1_mix1428,27,7,0,179,0,46.89
fold2_room1_mix1428,28,7,0,-179,0,48.27
fold2_room1_mix1428,29,7,0,179,0,47.78
fold2_room1_mix1428,30,7,0,-179,0,51.12
fold2_room1_mix1428,31,7,0,-178,0,47.54
fold2_room1_mix1428,32,7,0,-178,0,34.84
fold2_room1_mix1428,33,7,0,179,0,36.36
fold2_room1_mix1428,34,7,0,-179,0,42.82
fold2_room1_mix1428,35,7,0,-177,0,44.66
fold2_room1_mix1428,36,7,0,-179,0,44.41
fold2_room1_mix1428,37,7,0,-179,0,43.80
fold2_room1_mix1428,38,7,0,-179,0,44.60
fold2_room1_mix1428,39,7,0,-178,0,44.08
fold2_room1_mix1428,40,7,0,-178,0,41.39
fold2_room1_mix1428,41,7,0,-177,0,41.22
fold2_room1_mix1428,42,7,0,-179,0,38.58
fold2_room1_mix1428,43,7,0,-176,0,38.93
fold2_room1_mix1428,44,7,0,-177,0,39.69
fold2_room1_mix1428,45,7,0,179,0,38.65
fold2_room1_mix1428,46,7,0,175,0,36.36
fold2_room1_mix1428,47,7,0,179,0,33.97
fold2_room1_mix1428,48,7,0,-179,0,30.49
fold2_room1_mix1428,49,7,0,177,0,29.80
fold2_room1_mix1428,50,7,0,176,0,27.53
fold2_room1_mix1428,51,7,0,174,0,25.61
fold2_room1_mix1428,52,7,0,176,0,24.47
fold2_room1_mix1428,53,7,0,175,0,22.92
fold2_room1_mix1428,54,7,0,176,0,20.00
fold2_room1_mix1428,55,7,0,170,0,18.04
fold2_room1_mix1428,56,7,0,172,0,17.39
fold2_room1_mix1428,57,7,0,168,0,16.08
fold2_room1_mix1428,58,7,0,167,0,12.96
fold2_room1_mix1428,59,7,0,162,0,11.76
fold2_room1_mix1428,60,7,0,158,0,9.15
fold2_room1_mix1428,61,7,0,155,0,7.72
fold2_room1_mix1428,62,7,0,143,0,5.85
fold2_room1_mix1428,63,7,0,133,0,4.73
fold2_room1_mix1428,64,7,0,102,0,3.72
fold2_room1_mix1428,65,7,0,79,0,3.71
fold2_room1_mix1428,66,7,0,57,0,3.89
fold2_room1_mix1428,67,7,0,41,0,4.83
fold2_room1_mix1428,68,7,0,32,0,6.10
fold2_room1_mix1428,69,7,0,26,0,7.73
fold2_room1_mix1428,70,7,0,22,0,9.53
fold2_room1_mix1428,71,7,0,20,0,10.59
fold2_room1_mix1428,72,7,0,17,0,12.84
fold2_room1_mix1428,73,7,0,14,0,13.20
fold2_room1_mix1428,74,7,0,14,0,14.78
fold2_room1_mix1428,75,7,0,12,0,16.50
fold2_room1_mix1428,76,7,0,12,0,17.60
fold2_room1_mix1428,77,7,0,12,0,18.47
fold2_room1_mix1428,78,7,0,10,0,19.80
fold2_room1_mix1428,79,7,0,10,0,22.06
fold2_room1_mix1428,80,7,0,9,0,24.57
fold2_room1_mix1428,81,7,0,8,0,25.04
fold2_room1_mix1428,82,7,0,8,0,26.30
fold2_room1_mix1428,83,7,0,8,0,29.59
fold2_room1_mix1428,84,7,0,7,0,30.59
fold2_room1_mix1428,85,7,0,7,0,33.24
fold2_room1_mix1428,86,7,0,7,0,34.83
fold2_room1_mix1428,87,7,0,7,0,36.00
fold2_room1_mix1428,88,7,0,6,0,38.70
fold2_room1_mix1428,89,7,0,7,0,40.13
fold2_room1_mix1428,90,7,0,8,0,40.64
fold2_room1_mix1428,91,7,0,5,0,45.96
fold2_room1_mix1428,92,7,0,5,0,39.86
fold2_room1_mix1428,93,7,0,5,0,44.13
fold2_room1_mix1428,94,7,0,5,0,40.64
fold2_room1_mix1428,95,7,0,5,0,36.05
fold2_room1_mix1428,96,7,0,5,0,39.12
fold2_room1_mix1428,97,7,0,5,0,44.51
fold2_room1_mix1428,98,7,0,5,0,26.09
fold2_room1_mix1428,99,7,0,4,0,18.14
fold2_room1_mix1429,6,7,0,177,0,15.60
fold2_room1_mix1429,9,7,0,178,0,25.71
fold2_room1_mix1429,10,7,0,177,0,24.96
fold2_room1_mix1429,11,7,0,177,0,20.47
fold2_room1_mix1429,12,7,0,178,0,34.90
fold2_room1_mix1429,13,7,0,-178,0,36.52
fold2_room1_mix1429,14,7,0,179,0,37.14
fold2_room1_mix1429,15,7,0,178,0,37.20
fold2_room1_mix1429,16,7,0,179,0,38.76
fold2_room1_mix1429,17,7,0,179,0,39.08
fold2_room1_mix1429,18,7,0,-179,0,41.10
fold2_room1_mix1429,19,7,0,-178,0,39.35
fold2_room1_mix1429,20,7,0,-178,0,42.20
fold2_room1_mix1429,21,7,0,-177,0,40.06
fold2_room1_mix1429,22,7,0,-175,0,34.95
fold2_room1_mix1429,23,7,0,-175,0,27.68
fold2_room1_mix1429,24,7,0,-175,0,30.78
fold2_room1_mix1429,25,7,0,-173,0,35.40
fold2_room1_mix1429,26,7,0,-176,0,35.69
fold2_room1_mix1429,27,7,0,-177,0,33.89
fold2_room1_mix1429,28,7,0,-174,-1,21.55
fold2_room1_mix1429,29,7,0,-173,0,25.01
fold2_room1_mix1429,30,7,0,-176,0,19.55
fold2_room1_mix1429,31,7,0,-174,0,19.72
fold2_room1_mix1429,32,7,0,-172,0,16.92
fold2_room1_mix1429,33,7,0,-168,-1,18.12
fold2_room1_mix1429,34,7,0,-169,-1,16.36
fold2_room1_mix1429,35,7,0,-166,-1,13.81
fold2_room1_mix1429,36,7,0,-164,-1,11.92
fold2_room1_mix1429,37,7,0,-162,-1,9.72
fold2_room1_mix1429,38,7,0,-155,-1,7.69
fold2_room1_mix1429,39,7,0,-149,-2,6.40
fold2_room1_mix1429,40,7,0,-137,-3,4.58
fold2_room1_mix1429,41,7,0,-120,-4,3.87
fold2_room1_mix1429,42,7,0,-91,-4,3.01
fold2_room1_mix1429,43,7,0,-61,-3,3.54
fold2_room1_mix1429,44,7,0,-43,-1,4.15
fold2_room1_mix1429,45,7,0,-32,-2,5.62
fold2_room1_mix1429,46,7,0,-29,-1,6.67
fold2_room1_mix1429,47,7,0,-22,0,8.04
fold2_room1_mix1429,48,7,0,-16,0,9.17
fold2_room1_mix1429,49,7,0,-17,0,9.88
fold2_room1_mix1429,50,7,0,-14,0,11.09
fold2_room1_mix1429,51,7,0,-12,0,12.40
fold2_room1_mix1429,52,7,0,-10,0,14.74
fold2_room1_mix1429,53,7,0,-13,0,14.41
fold2_room1_mix1429,54,7,0,-8,0,16.57
fold2_room1_mix1429,55,7,0,-7,0,17.15
fold2_room1_mix1429,56,7,0,-8,0,17.89
fold2_room1_mix1429,57,7,0,-6,0,21.54
fold2_room1_mix1429,58,7,0,-5,0,23.48
fold2_room1_mix1429,59,7,0,-6,0,24.95
fold2_room1_mix1429,60,7,0,-4,0,24.87
fold2_room1_mix1429,61,7,0,-4,0,26.74
fold2_room1_mix1429,62,7,0,-4,0,27.17
fold2_room1_mix1429,63,7,0,-3,0,26.67
fold2_room1_mix1429,64,7,0,-3,0,25.95
fold2_room1_mix1429,65,7,0,-3,0,32.41
fold2_room1_mix1429,66,7,0,-3,0,34.88
fold2_room1_mix1429,67,7,0,-4,0,34.18
fold2_room1_mix1429,68,7,0,-5,0,23.91
fold2_room1_mix1429,69,7,0,-4,0,26.85
fold2_room1_mix1429,70,7,0,-7,0,15.19
fold2_room1_mix1429,71,7,0,-4,0,26.84
fold2_room1_mix1429,72,7,0,-7,0,21.48
fold2_room1_mix1429,73,7,0,-7,0,10.15
fold2_room1_mix1429,80,7,0,-7,0,8.54
fold2_room1_mix1429,81,7,0,-5,0,7.22
fold2_room1_mix1429,88,7,0,-9,0,16.22
fold2_room1_mix1429,90,7,0,-4,0,9.35
fold2_room1_mix1430,3,7,0,-178,0,8.49
fold2_room1_mix1430,4,7,0,179,0,19.22
fold2_room1_mix1430,5,7,0,179,0,24.40
fold2_room1_mix1430,6,7,0,179,0,29.53
fold2_room1_mix1430,7,7,0,-179,0,31.79
fold2_room1_mix1430,8,7,0,-179,0,35.09
fold2_room1_mix1430,9,7,0,-178,0,33.93
fold2_room1_mix1430,10,7,0,-178,0,33.56
fold2_room1_mix1430,11,7,0,-178,0,34.28
fold2_room1_mix1430,12,7,0,-177,0,31.69
fold2_room1_mix1430,13,7,0,-176,0,31.98
fold2_room1_mix1430,14,7,0,-176,0,31.24
fold2_room1_mix1430,15,7,0,-176,0,29.93
fold2_room1_mix1430,16,7,0,-175,0,28.23
fold2_room1_mix1430,17,7,0,-175,0,29.20
fold2_room1_mix1430,18,7,0,-175,0,27.85
fold2_room1_mix1430,19,7,0,-175,0,27.77
fold2_room1_mix1430,20,7,0,-176,0,27.83
fold2_room1_mix1430,21,7,0,-174,0,24.97
fold2_room1_mix1430,22,7,0,-174,0,23.68
fold2_room1_mix1430,23,7,0,-172,-1,21.04
fold2_room1_mix1430,24,7,0,-173,-1,20.60
fold2_room1_mix1430,25,7,0,-171,-1,17.75
fold2_room1_mix1430,26,7,0,-171,-1,16.36
fold2_room1_mix1430,27,7,0,-169,-1,15.65
fold2_room1_mix1430,28,7,0,-168,-1,13.44
fold2_room1_mix1430,29,7,0,-166,-1,11.77
fold2_room1_mix1430,30,7,0,-163,-1,9.78
fold2_room1_mix1430,31,7,0,-161,-1,8.54
fold2_room1_mix1430,32,7,0,-158,-1,7.49
fold2_room1_mix1430,33,7,0,-150,-2,5.27
fold2_room1_mix1430,34,7,0,-138,-3,3.65
fold2_room1_mix1430,35,7,0,-123,-4,2.98
fold2_room1_mix1430,36,7,0,-91,-4,2.60
fold2_room1_mix1430,37,7,0,-55,-3,2.76
fold2_room1_mix1430,38,7,0,-41,-2,3.83
fold2_room1_mix1430,39,7,0,-32,-2,4.80
fold2_room1_mix1430,40,7,0,-25,-1,5.82
fold2_room1_mix1430,41,7,0,-20,-1,7.10
fold2_room1_mix1430,42,7,0,-16,-1,8.20
fold2_room1_mix1430,43,7,0,-14,0,9.89
fold2_room1_mix1430,44,7,0,-11,0,11.67
fold2_room1_mix1430,45,7,0,-10,0,12.36
fold2_room1_mix1430,46,7,0,-8,0,13.98
fold2_room1_mix1430,47,7,0,-9,0,15.02
fold2_room1_mix1430,48,7,0,-7,0,17.22
fold2_room1_mix1430,49,7,0,-7,0,18.40
fold2_room1_mix1430,50,7,0,-7,0,18.53
fold2_room1_mix1430,51,7,0,-6,0,20.38
fold2_room1_mix1430,52,7,0,-5,0,22.53
fold2_room1_mix1430,53,7,0,-5,0,23.97
fold2_room1_mix1430,54,7,0,-4,0,25.23
fold2_room1_mix1430,55,7,0,-3,0,26.64
fold2_room1_mix1430,56,7,0,-3,0,29.48
fold2_room1_mix1430,57,7,0,-3,0,30.13
fold2_room1_mix1430,58,7,0,-2,0,31.44
fold2_room1_mix1430,59,7,0,-2,0,34.08
fold2_room1_mix1430,60,7,0,-2,0,34.41
fold2_room1_mix1430,61,7,0,-2,0,34.40
fold2_room1_mix1430,62,7,0,-1,0,36.69
fold2_room1_mix1430,63,7,0,-2,0,38.37
fold2_room1_mix1430,64,7,0,-1,0,40.48
fold2_room1_mix1430,65,7,0,-1,0,40.43
fold2_room1_mix1430,66,7,0,-1,0,41.29
fold2_room1_mix1430,67,7,0,-1,0,44.22
fold2_room1_mix1430,68,7,0,-1,0,45.64
fold2_room1_mix1430,69,7,0,-1,0,46.83
fold2_room1_mix1430,70,7,0,-1,0,47.73
fold2_room1_mix1430,71,7,0,-1,0,49.88
fold2_room1_mix1430,72,7,0,-1,0,52.35
fold2_room1_mix1430,73,7,0,-1,0,51.69
fold2_room1_mix1430,74,7,0,-1,0,52.29
fold2_room1_mix1430,75,7,0,-1,0,58.18
fold2_room1_mix1430,76,7,0,-1,0,57.52
fold2_room1_mix1430,77,7,0,-1,0,57.96
fold2_room1_mix1430,78,7,0,-1,0,59.57
fold2_room1_mix1430,79,7,0,-1,0,59.95
fold2_room1_mix1430,80,7,0,-1,0,60.64
fold2_room1_mix1430,81,7,0,-1,0,64.42
fold2_room1_mix1430,82,7,0,-1,0,64.65
fold2_room1_mix1430,83,7,0,-1,0,67.41
fold2_room1_mix1430,84,7,0,-1,0,69.11
fold2_room1_mix1430,85,7,0,-1,0,69.64
fold2_room1_mix1430,86,7,0,-1,0,70.44
fold2_room1_mix1430,87,7,0,-1,0,68.34
fold2_room1_mix1430,88,7,0,0,0,71.89
fold2_room1_mix1430,89,7,0,-1,0,72.69
fold2_room1_mix1430,90,7,0,-1,0,72.14
fold2_room1_mix1430,91,7,0,0,0,80.05
fold2_room1_mix1430,92,7,0,-1,0,78.06
fold2_room1_mix1430,93,7,0,-1,0,74.19
fold2_room1_mix1430,94,7,0,0,0,80.32
fold2_room1_mix1430,95,7,0,-1,0,76.51
fold2_room1_mix1430,96,7,0,0,0,78.92
fold2_room1_mix1430,97,7,0,0,0,86.38
fold2_room1_mix1430,98,7,0,0,0,84.89
fold2_room1_mix1430,99,7,0,0,0,83.66
fold2_room1_mix1431,2,7,0,-177,0,9.81
fold2_room1_mix1431,3,7,0,178,0,18.87
fold2_room1_mix1431,4,7,0,179,0,29.33
fold2_room1_mix1431,5,7,0,179,0,39.57
fold2_room1_mix1431,6,7,0,179,0,38.03
fold2_room1_mix1431,7,7,0,179,0,45.31
fold2_room1_mix1431,8,7,0,-179,0,51.56
fold2_room1_mix1431,9,7,0,179,0,49.80
fold2_room1_mix1431,10,7,0,179,0,49.77
fold2_room1_mix1431,11,7,0,178,0,53.40
fold2_room1_mix1431,12,7,0,179,0,53.95
fold2_room1_mix1431,13,7,0,179,0,48.00
fold2_room1_mix1431,14,7,0,178,0,48.84
fold2_room1_mix1431,15,7,0,179,0,45.86
fold2_room1_mix1431,16,7,0,-179,0,47.11
fold2_room1_mix1431,17,7,0,-179,0,48.31
fold2_room1_mix1431,18,7,0,179,0,45.88
fold2_room1_mix1431,19,7,0,179,0,48.15
fold2_room1_mix1431,20,7,0,179,0,42.99
fold2_room1_mix1431,21,7,0,178,0,44.57
fold2_room1_mix1431,22,7,0,179,0,47.49
fold2_room1_mix1431,23,7,0,179,0,43.16
fold2_room1_mix1431,24,7,0,179,0,41.43
fold2_room1_mix1431,25,7,0,178,0,41.07
fold2_room1_mix1431,26,7,0,178,0,42.75
fold2_room1_mix1431,27,7,0,178,0,39.29
fold2_room1_mix1431,28,7,0,179,0,39.36
fold2_room1_mix1431,29,7,0,179,0,36.10
fold2_room1_mix1431,30,7,0,178,0,35.20
fold2_room1_mix1431,31,7,0,-179,0,35.34
fold2_room1_mix1431,32,7,0,179,0,32.45
fold2_room1_mix1431,33,7,0,177,0,31.08
fold2_room1_mix1431,34,7,0,178,0,30.91
fold2_room1_mix1431,35,7,0,178,0,29.11
fold2_room1_mix1431,36,7,0,177,0,26.60
fold2_room1_mix1431,37,7,0,178,0,26.30
fold2_room1_mix1431,38,7,0,177,0,25.04
fold2_room1_mix1431,39,7,0,177,0,21.72
fold2_room1_mix1431,40,7,0,177,0,20.55
fold2_room1_mix1431,41,7,0,177,0,19.36
fold2_room1_mix1431,42,7,0,173,0,18.05
fold2_room1_mix1431,43,7,0,174,0,17.43
fold2_room1_mix1431,44,7,0,174,0,16.19
fold2_room1_mix1431,45,7,0,173,0,14.55
fold2_room1_mix1431,46,7,0,169,0,13.58
fold2_room1_mix1431,47,7,0,169,0,11.80
fold2_room1_mix1431,48,7,0,166,0,9.44
fold2_room1_mix1431,49,7,0,161,-1,7.63
fold2_room1_mix1431,50,7,0,157,-1,5.93
fold2_room1_mix1431,51,7,0,150,-1,4.74
fold2_room1_mix1431,52,7,0,135,-2,3.16
fold2_room1_mix1431,53,7,0,95,-1,2.30
fold2_room1_mix1431,54,7,0,62,-1,2.39
fold2_room1_mix1431,55,7,0,41,0,3.20
fold2_room1_mix1431,56,7,0,28,0,4.21
fold2_room1_mix1431,57,7,0,21,0,5.80
fold2_room1_mix1431,58,7,0,16,0,6.76
fold2_room1_mix1431,59,7,0,15,0,8.86
fold2_room1_mix1431,60,7,0,11,0,9.86
fold2_room1_mix1431,61,7,0,10,0,10.65
fold2_room1_mix1431,62,7,0,9,0,12.54
fold2_room1_mix1431,63,7,0,8,0,13.27
fold2_room1_mix1431,64,7,0,8,0,15.07
fold2_room1_mix1431,65,7,0,8,0,15.18
fold2_room1_mix1431,66,7,0,7,0,17.00
fold2_room1_mix1431,67,7,0,7,0,18.70
fold2_room1_mix1431,68,7,0,6,0,19.34
fold2_room1_mix1431,69,7,0,6,0,20.76
fold2_room1_mix1431,70,7,0,5,0,23.04
fold2_room1_mix1431,71,7,0,6,0,23.91
fold2_room1_mix1431,72,7,0,6,0,26.72
fold2_room1_mix1431,73,7,0,5,0,27.55
fold2_room1_mix1431,74,7,0,5,0,28.16
fold2_room1_mix1431,75,7,0,5,0,31.34
fold2_room1_mix1431,76,7,0,5,0,31.88
fold2_room1_mix1431,77,7,0,5,0,32.39
fold2_room1_mix1431,78,7,0,5,0,34.64
fold2_room1_mix1431,79,7,0,4,0,38.47
fold2_room1_mix1431,80,7,0,3,0,36.59
fold2_room1_mix1431,81,7,0,3,0,38.90
fold2_room1_mix1431,82,7,0,4,0,39.63
fold2_room1_mix1431,83,7,0,3,0,43.03
fold2_room1_mix1431,84,7,0,4,0,41.91
fold2_room1_mix1431,85,7,0,4,0,45.16
fold2_room1_mix1431,86,7,0,4,0,47.64
fold2_room1_mix1431,87,7,0,3,0,46.67
fold2_room1_mix1431,88,7,0,4,0,49.71
fold2_room1_mix1431,89,7,0,3,0,48.89
fold2_room1_mix1431,90,7,0,4,0,46.85
fold2_room1_mix1431,91,7,0,4,0,54.61
fold2_room1_mix1431,92,7,0,4,0,52.69
fold2_room1_mix1431,93,7,0,4,0,51.23
fold2_room1_mix1431,94,7,0,4,0,55.78
fold2_room1_mix1431,95,7,0,4,0,60.57
fold2_room1_mix1431,96,7,0,3,0,65.58
fold2_room1_mix1431,97,7,0,3,0,60.35
fold2_room1_mix1431,98,7,0,4,0,65.19
fold2_room1_mix1431,99,7,0,3,0,68.54
fold2_room1_mix1432,2,7,0,0,0,9.05
fold2_room1_mix1432,3,7,0,0,0,17.08
fold2_room1_mix1432,4,7,0,0,0,32.57
fold2_room1_mix1432,5,7,0,1,0,32.77
fold2_room1_mix1432,6,7,0,0,0,36.83
fold2_room1_mix1432,7,7,0,1,0,41.95
fold2_room1_mix1432,8,7,0,1,0,49.33
fold2_room1_mix1432,9,7,0,2,0,46.20
fold2_room1_mix1432,10,7,0,1,0,47.37
fold2_room1_mix1432,11,7,0,0,0,49.35
fold2_room1_mix1432,12,7,0,1,0,50.01
fold2_room1_mix1432,13,7,0,0,0,46.20
fold2_room1_mix1432,14,7,0,1,0,46.93
fold2_room1_mix1432,15,7,0,1,0,48.87
fold2_room1_mix1432,16,7,0,1,0,45.98
fold2_room1_mix1432,17,7,0,0,0,45.15
fold2_room1_mix1432,18,7,0,0,0,46.16
fold2_room1_mix1432,19,7,0,0,0,45.71
fold2_room1_mix1432,20,7,0,1,0,44.75
fold2_room1_mix1432,21,7,0,0,0,47.70
fold2_room1_mix1432,22,7,0,0,0,42.82
fold2_room1_mix1432,23,7,0,0,0,44.14
fold2_room1_mix1432,24,7,0,0,0,47.32
fold2_room1_mix1432,25,7,0,0,0,44.27
fold2_room1_mix1432,26,7,0,0,0,39.66
fold2_room1_mix1432,27,7,0,0,0,41.37
fold2_room1_mix1432,28,7,0,0,0,39.51
fold2_room1_mix1432,29,7,0,-2,0,34.97
fold2_room1_mix1432,30,7,0,-3,0,34.30
fold2_room1_mix1432,31,7,0,0,0,35.22
fold2_room1_mix1432,32,7,0,-3,0,33.44
fold2_room1_mix1432,33,7,0,-3,0,31.69
fold2_room1_mix1432,34,7,0,-4,0,30.92
fold2_room1_mix1432,35,7,0,-4,0,30.76
fold2_room1_mix1432,36,7,0,-6,0,27.82
fold2_room1_mix1432,37,7,0,-4,0,29.68
fold2_room1_mix1432,38,7,0,-6,0,26.67
fold2_room1_mix1432,39,7,0,-5,0,24.33
fold2_room1_mix1432,40,7,0,-6,0,25.29
fold2_room1_mix1432,41,7,0,-7,0,23.09
fold2_room1_mix1432,42,7,0,-7,0,21.18
fold2_room1_mix1432,43,7,0,-10,0,20.05
fold2_room1_mix1432,44,7,0,-10,0,18.86
fold2_room1_mix1432,45,7,0,-10,0,18.55
fold2_room1_mix1432,46,7,0,-9,0,17.45
fold2_room1_mix1432,47,7,0,-10,0,16.32
fold2_room1_mix1432,48,7,0,-11,0,15.42
fold2_room1_mix1432,49,7,0,-11,0,13.75
fold2_room1_mix1432,50,7,0,-12,0,13.31
fold2_room1_mix1432,51,7,0,-13,0,12.50
fold2_room1_mix1432,52,7,0,-15,0,11.79
fold2_room1_mix1432,53,7,0,-15,-1,10.99
fold2_room1_mix1432,54,7,0,-16,-1,9.49
fold2_room1_mix1432,55,7,0,-18,-1,8.51
fold2_room1_mix1432,56,7,0,-21,-1,7.52
fold2_room1_mix1432,57,7,0,-23,-1,7.09
fold2_room1_mix1432,58,7,0,-31,-1,5.64
fold2_room1_mix1432,59,7,0,-35,-2,5.00
fold2_room1_mix1432,60,7,0,-42,-3,3.94
fold2_room1_mix1432,61,7,0,-53,-3,3.64
fold2_room1_mix1432,62,7,0,-72,-4,2.75
fold2_room1_mix1432,63,7,0,-90,-4,2.56
fold2_room1_mix1432,64,7,0,-113,-3,2.89
fold2_room1_mix1432,65,7,0,-127,-3,3.19
fold2_room1_mix1432,66,7,0,-138,-3,4.12
fold2_room1_mix1432,67,7,0,-147,-2,4.74
fold2_room1_mix1432,68,7,0,-152,-2,5.87
fold2_room1_mix1432,69,7,0,-155,-1,6.69
fold2_room1_mix1432,70,7,0,-157,-1,7.39
fold2_room1_mix1432,71,7,0,-160,0,8.35
fold2_room1_mix1432,72,7,0,-162,0,9.32
fold2_room1_mix1432,73,7,0,-165,0,10.23
fold2_room1_mix1432,74,7,0,-166,0,11.70
fold2_room1_mix1432,75,7,0,-166,0,12.72
fold2_room1_mix1432,76,7,0,-169,0,14.25
fold2_room1_mix1432,77,7,0,-168,0,14.55
fold2_room1_mix1432,78,7,0,-169,0,16.25
fold2_room1_mix1432,79,7,0,-171,0,16.73
fold2_room1_mix1432,80,7,0,-170,0,17.54
fold2_room1_mix1432,81,7,0,-171,0,19.44
fold2_room1_mix1432,82,7,0,-172,0,20.57
fold2_room1_mix1432,83,7,0,-172,0,20.76
fold2_room1_mix1432,84,7,0,-172,0,20.56
fold2_room1_mix1432,85,7,0,-173,0,22.04
fold2_room1_mix1432,86,7,0,-174,0,24.60
fold2_room1_mix1432,87,7,0,-174,0,25.16
fold2_room1_mix1432,88,7,0,-174,0,28.20
fold2_room1_mix1432,89,7,0,-176,0,28.72
fold2_room1_mix1432,90,7,0,-175,0,30.16
fold2_room1_mix1432,91,7,0,-175,0,31.50
fold2_room1_mix1432,92,7,0,-176,0,31.18
fold2_room1_mix1432,93,7,0,-175,0,31.85
fold2_room1_mix1432,94,7,0,-175,0,33.39
fold2_room1_mix1432,95,7,0,-175,0,34.63
fold2_room1_mix1432,96,7,0,-175,0,34.39
fold2_room1_mix1432,97,7,0,-175,0,37.16
fold2_room1_mix1432,98,7,0,-175,0,39.02
fold2_room1_mix1432,99,7,0,-176,0,40.83
fold2_room1_mix1433,4,7,0,0,0,5.74
fold2_room1_mix1433,5,7,0,0,0,18.31
fold2_room1_mix1433,6,7,0,1,0,35.02
fold2_room1_mix1433,7,7,0,1,0,28.75
fold2_room1_mix1433,8,7,0,2,0,44.81
fold2_room1_mix1433,9,7,0,2,0,52.99
fold2_room1_mix1433,10,7,0,2,0,49.59
fold2_room1_mix1433,11,7,0,2,0,53.54
fold2_room1_mix1433,12,7,0,2,0,60.19
fold2_room1_mix1433,13,7,0,2,0,55.71
fold2_room1_mix1433,14,7,0,2,0,57.21
fold2_room1_mix1433,15,7,0,2,0,57.93
fold2_room1_mix1433,16,7,0,2,0,57.28
fold2_room1_mix1433,17,7,0,2,0,50.65
fold2_room1_mix1433,18,7,0,2,0,53.04
fold2_room1_mix1433,19,7,0,2,0,51.37
fold2_room1_mix1433,20,7,0,2,0,51.37
fold2_room1_mix1433,21,7,0,2,0,50.58
fold2_room1_mix1433,22,7,0,2,0,50.82
fold2_room1_mix1433,23,7,0,2,0,49.57
fold2_room1_mix1433,24,7,0,2,0,46.77
fold2_room1_mix1433,25,7,0,2,0,49.44
fold2_room1_mix1433,26,7,0,2,0,48.75
fold2_room1_mix1433,27,7,0,2,0,47.03
fold2_room1_mix1433,28,7,0,2,0,47.70
fold2_room1_mix1433,29,7,0,3,0,44.56
fold2_room1_mix1433,30,7,0,3,0,43.25
fold2_room1_mix1433,31,7,0,3,0,41.92
fold2_room1_mix1433,32,7,0,4,0,39.99
fold2_room1_mix1433,33,7,0,3,0,40.53
fold2_room1_mix1433,34,7,0,4,0,41.06
fold2_room1_mix1433,35,7,0,4,0,37.90
fold2_room1_mix1433,36,7,0,4,0,37.09
fold2_room1_mix1433,37,7,0,5,0,34.92
fold2_room1_mix1433,38,7,0,5,0,34.06
fold2_room1_mix1433,39,7,0,5,0,32.63
fold2_room1_mix1433,40,7,0,5,0,32.04
fold2_room1_mix1433,41,7,0,7,0,29.09
fold2_room1_mix1433,42,7,0,8,0,26.46
fold2_room1_mix1433,43,7,0,9,0,25.57
fold2_room1_mix1433,44,7,0,10,0,23.35
fold2_room1_mix1433,45,7,0,11,0,21.80
fold2_room1_mix1433,46,7,0,11,0,19.73
fold2_room1_mix1433,47,7,0,13,0,18.00
fold2_room1_mix1433,48,7,0,14,0,15.75
fold2_room1_mix1433,49,7,0,15,0,15.21
fold2_room1_mix1433,50,7,0,16,0,13.62
fold2_room1_mix1433,51,7,0,17,0,11.87
fold2_room1_mix1433,52,7,0,19,0,10.05
fold2_room1_mix1433,53,7,0,24,-1,7.71
fold2_room1_mix1433,54,7,0,31,-1,5.63
fold2_room1_mix1433,55,7,0,40,-1,4.32
fold2_room1_mix1433,56,7,0,57,-2,3.72
fold2_room1_mix1433,57,7,0,85,-2,3.10
fold2_room1_mix1433,58,7,0,119,-1,3.48
fold2_room1_mix1433,59,7,0,137,0,4.41
fold2_room1_mix1433,60,7,0,146,0,5.32
fold2_room1_mix1433,61,7,0,154,0,6.68
fold2_room1_mix1433,62,7,0,158,0,8.18
fold2_room1_mix1433,63,7,0,160,0,9.14
fold2_room1_mix1433,64,7,0,163,0,11.02
fold2_room1_mix1433,65,7,0,166,0,12.49
fold2_room1_mix1433,66,7,0,167,0,13.65
fold2_room1_mix1433,67,7,0,169,0,15.14
fold2_room1_mix1433,68,7,0,170,0,16.98
fold2_room1_mix1433,69,7,0,171,0,18.19
fold2_room1_mix1433,70,7,0,171,0,18.91
fold2_room1_mix1433,71,7,0,171,0,19.52
fold2_room1_mix1433,72,7,0,172,0,21.72
fold2_room1_mix1433,73,7,0,173,0,22.90
fold2_room1_mix1433,74,7,0,172,0,25.53
fold2_room1_mix1433,75,7,0,173,0,26.12
fold2_room1_mix1433,76,7,0,173,0,28.04
fold2_room1_mix1433,77,7,0,173,0,28.92
fold2_room1_mix1433,78,7,0,173,0,30.19
fold2_room1_mix1433,79,7,0,173,0,31.35
fold2_room1_mix1433,80,7,0,173,0,31.94
fold2_room1_mix1433,81,7,0,174,0,33.82
fold2_room1_mix1433,82,7,0,175,0,35.53
fold2_room1_mix1433,83,7,0,175,0,36.40
fold2_room1_mix1433,84,7,0,175,0,36.35
fold2_room1_mix1433,85,7,0,175,0,38.50
fold2_room1_mix1433,86,7,0,175,0,39.75
fold2_room1_mix1433,87,7,0,175,0,41.72
fold2_room1_mix1433,88,7,0,175,0,43.81
fold2_room1_mix1433,89,7,0,176,0,44.52
fold2_room1_mix1433,90,7,0,175,0,45.95
fold2_room1_mix1433,91,7,0,176,0,48.68
fold2_room1_mix1433,92,7,0,176,0,47.82
fold2_room1_mix1433,93,7,0,175,0,50.01
fold2_room1_mix1433,94,7,0,176,0,52.87
fold2_room1_mix1433,95,7,0,176,0,55.25
fold2_room1_mix1433,96,7,0,176,0,56.00
fold2_room1_mix1433,97,7,0,176,0,59.31
fold2_room1_mix1433,98,7,0,176,0,59.99
fold2_room1_mix1433,99,7,0,176,0,59.63
fold2_room1_mix1434,4,7,0,0,0,19.22
fold2_room1_mix1434,5,7,0,0,0,20.02
fold2_room1_mix1434,6,7,0,0,0,20.34
fold2_room1_mix1434,7,7,0,-3,0,22.39
fold2_room1_mix1434,8,7,0,-2,0,22.63
fold2_room1_mix1434,9,7,0,-5,0,21.26
fold2_room1_mix1434,10,7,0,-7,0,19.56
fold2_room1_mix1434,11,7,0,-8,0,19.20
fold2_room1_mix1434,12,7,0,-9,0,19.48
fold2_room1_mix1434,13,7,0,-8,0,19.64
fold2_room1_mix1434,14,7,0,-10,0,18.69
fold2_room1_mix1434,15,7,0,-10,0,18.47
fold2_room1_mix1434,16,7,0,-11,0,16.72
fold2_room1_mix1434,17,7,0,-11,0,16.47
fold2_room1_mix1434,18,7,0,-12,0,15.57
fold2_room1_mix1434,19,7,0,-13,0,14.54
fold2_room1_mix1434,20,7,0,-15,0,13.08
fold2_room1_mix1434,21,7,0,-16,0,12.76
fold2_room1_mix1434,22,7,0,-19,0,11.07
fold2_room1_mix1434,23,7,0,-20,0,10.21
fold2_room1_mix1434,24,7,0,-20,0,10.17
fold2_room1_mix1434,25,7,0,-23,0,8.81
fold2_room1_mix1434,26,7,0,-25,-1,7.99
fold2_room1_mix1434,27,7,0,-25,-1,7.69
fold2_room1_mix1434,28,7,0,-30,-1,6.29
fold2_room1_mix1434,29,7,0,-34,-2,5.48
fold2_room1_mix1434,30,7,0,-37,-2,5.50
fold2_room1_mix1434,31,7,0,-41,-2,4.73
fold2_room1_mix1434,32,7,0,-45,-2,4.37
fold2_room1_mix1434,33,7,0,-54,-2,4.17
fold2_room1_mix1434,34,7,0,-64,-3,3.51
fold2_room1_mix1434,35,7,0,-76,-3,3.18
fold2_room1_mix1434,36,7,0,-86,-4,3.16
fold2_room1_mix1434,37,7,0,-98,-4,3.24
fold2_room1_mix1434,38,7,0,-113,-3,3.84
fold2_room1_mix1434,39,7,0,-125,-3,4.44
fold2_room1_mix1434,40,7,0,-133,-3,4.92
fold2_room1_mix1434,41,7,0,-140,-2,5.61
fold2_room1_mix1434,42,7,0,-144,-2,6.20
fold2_room1_mix1434,43,7,0,-147,-2,6.64
fold2_room1_mix1434,44,7,0,-149,-1,7.16
fold2_room1_mix1434,45,7,0,-152,-1,7.88
fold2_room1_mix1434,46,7,0,-154,-1,8.49
fold2_room1_mix1434,47,7,0,-156,-1,9.30
fold2_room1_mix1434,48,7,0,-157,-1,10.05
fold2_room1_mix1434,49,7,0,-159,-1,10.62
fold2_room1_mix1434,50,7,0,-159,-1,11.60
fold2_room1_mix1434,51,7,0,-160,-1,12.51
fold2_room1_mix1434,52,7,0,-162,-1,13.32
fold2_room1_mix1434,53,7,0,-162,0,13.98
fold2_room1_mix1434,54,7,0,-163,-1,14.32
fold2_room1_mix1434,55,7,0,-164,0,15.84
fold2_room1_mix1434,56,7,0,-165,0,16.10
fold2_room1_mix1434,57,7,0,-165,0,16.71
fold2_room1_mix1434,58,7,0,-166,0,17.29
fold2_room1_mix1434,59,7,0,-167,0,18.99
fold2_room1_mix1434,60,7,0,-167,0,19.63
fold2_room1_mix1434,61,7,0,-167,0,20.19
fold2_room1_mix1434,62,7,0,-168,0,21.12
fold2_room1_mix1434,63,7,0,-168,0,22.30
fold2_room1_mix1434,64,7,0,-169,0,23.06
fold2_room1_mix1434,65,7,0,-169,0,23.78
fold2_room1_mix1434,66,7,0,-170,0,25.16
fold2_room1_mix1434,67,7,0,-170,0,25.47
fold2_room1_mix1434,68,7,0,-171,0,27.14
fold2_room1_mix1434,69,7,0,-171,0,27.55
fold2_room1_mix1434,70,7,0,-171,0,28.04
fold2_room1_mix1434,71,7,0,-171,0,28.98
fold2_room1_mix1434,72,7,0,-171,0,29.26
fold2_room1_mix1434,73,7,0,-172,0,30.31
fold2_room1_mix1434,74,7,0,-171,0,29.26
fold2_room1_mix1434,75,7,0,-172,0,30.84
fold2_room1_mix1434,76,7,0,-172,0,31.36
fold2_room1_mix1434,77,7,0,-172,0,31.80
fold2_room1_mix1434,78,7,0,-172,0,32.43
fold2_room1_mix1434,79,7,0,-173,0,33.34
fold2_room1_mix1434,80,7,0,-172,0,33.60
fold2_room1_mix1434,81,7,0,-173,0,35.09
fold2_room1_mix1434,82,7,0,-173,0,36.42
fold2_room1_mix1434,83,7,0,-173,0,36.06
fold2_room1_mix1434,84,7,0,-173,0,36.96
fold2_room1_mix1434,85,7,0,-173,0,38.57
fold2_room1_mix1434,86,7,0,-173,0,37.55
fold2_room1_mix1434,87,7,0,-173,0,39.12
fold2_room1_mix1434,88,7,0,-174,0,40.45
fold2_room1_mix1434,89,7,0,-173,0,40.13
fold2_room1_mix1434,90,7,0,-173,0,40.38
fold2_room1_mix1434,91,7,0,-173,0,40.93
fold2_room1_mix1434,92,7,0,-173,0,39.30
fold2_room1_mix1434,93,7,0,-173,0,39.72
fold2_room1_mix1434,94,7,0,-173,0,40.36
fold2_room1_mix1434,95,7,0,-173,0,41.55
fold2_room1_mix1434,96,7,0,-173,0,41.23
fold2_room1_mix1434,97,7,0,-174,0,43.13
fold2_room1_mix1434,98,7,0,-173,0,43.64
fold2_room1_mix1434,99,7,0,-174,0,42.41
fold2_room1_mix1435,4,7,0,-1,0,4.45
fold2_room1_mix1435,5,7,0,0,0,12.19
fold2_room1_mix1435,6,7,0,1,0,28.29
fold2_room1_mix1435,7,7,0,1,0,33.73
fold2_room1_mix1435,8,5,0,3,0,4.28
fold2_room1_mix1435,8,7,0,0,0,15.32
fold2_room1_mix1435,9,7,0,2,0,52.90
fold2_room1_mix1435,10,7,0,2,0,53.36
fold2_room1_mix1435,11,7,0,2,0,58.25
fold2_room1_mix1435,12,7,0,3,0,66.09
fold2_room1_mix1435,13,7,0,3,0,64.23
fold2_room1_mix1435,14,7,0,3,0,69.02
fold2_room1_mix1435,15,7,0,3,0,69.04
fold2_room1_mix1435,16,7,0,3,0,69.54
fold2_room1_mix1435,17,7,0,3,0,64.22
fold2_room1_mix1435,18,7,0,2,0,66.51
fold2_room1_mix1435,19,7,0,2,0,55.31
fold2_room1_mix1435,20,7,0,2,0,54.63
fold2_room1_mix1435,21,7,0,2,0,53.10
fold2_room1_mix1435,22,7,0,2,0,53.64
fold2_room1_mix1435,23,7,0,1,0,49.02
fold2_room1_mix1435,24,7,0,1,0,47.78
fold2_room1_mix1435,25,7,0,1,0,48.26
fold2_room1_mix1435,26,7,0,1,0,46.49
fold2_room1_mix1435,27,7,0,1,0,45.38
fold2_room1_mix1435,28,7,0,1,0,46.56
fold2_room1_mix1435,29,7,0,1,0,45.07
fold2_room1_mix1435,30,7,0,0,0,42.93
fold2_room1_mix1435,31,7,0,1,0,41.48
fold2_room1_mix1435,32,7,0,0,0,40.06
fold2_room1_mix1435,33,7,0,0,0,38.86
fold2_room1_mix1435,34,7,0,0,0,40.07
fold2_room1_mix1435,35,7,0,0,0,38.89
fold2_room1_mix1435,36,7,0,0,0,39.11
fold2_room1_mix1435,37,7,0,0,0,36.70
fold2_room1_mix1435,38,7,0,-1,0,34.30
fold2_room1_mix1435,39,7,0,-1,0,33.18
fold2_room1_mix1435,40,7,0,-1,0,31.51
fold2_room1_mix1435,41,7,0,-1,0,29.75
fold2_room1_mix1435,42,7,0,-2,0,28.05
fold2_room1_mix1435,43,7,0,-3,0,26.34
fold2_room1_mix1435,44,7,0,-2,0,26.29
fold2_room1_mix1435,45,7,0,-4,0,24.25
fold2_room1_mix1435,46,7,0,-6,0,21.19
fold2_room1_mix1435,47,7,0,-7,0,20.36
fold2_room1_mix1435,48,7,0,-8,0,18.27
fold2_room1_mix1435,49,7,0,-9,0,16.08
fold2_room1_mix1435,50,7,0,-9,0,14.75
fold2_room1_mix1435,51,7,0,-12,0,12.82
fold2_room1_mix1435,52,7,0,-12,0,12.87
fold2_room1_mix1435,53,7,0,-15,0,11.13
fold2_room1_mix1435,54,7,0,-17,-1,9.02
fold2_room1_mix1435,55,7,0,-20,-1,7.97
fold2_room1_mix1435,56,7,0,-26,-1,6.14
fold2_room1_mix1435,57,7,0,-33,-2,4.81
fold2_room1_mix1435,58,7,0,-44,-3,3.66
fold2_room1_mix1435,59,7,0,-64,-4,2.73
fold2_room1_mix1435,60,7,0,-102,-6,2.53
fold2_room1_mix1435,61,7,0,-124,-4,2.70
fold2_room1_mix1435,62,7,0,-142,-4,3.61
fold2_room1_mix1435,63,7,0,-153,-3,4.98
fold2_room1_mix1435,64,7,0,-156,-2,6.15
fold2_room1_mix1435,65,7,0,-160,-2,7.43
fold2_room1_mix1435,66,7,0,-163,-1,8.42
fold2_room1_mix1435,67,7,0,-164,-1,9.90
fold2_room1_mix1435,68,7,0,-167,-1,11.88
fold2_room1_mix1435,69,7,0,-168,0,12.93
fold2_room1_mix1435,70,7,0,-169,0,14.96
fold2_room1_mix1435,71,7,0,-170,0,16.49
fold2_room1_mix1435,72,7,0,-171,0,18.44
fold2_room1_mix1435,73,7,0,-172,0,18.43
fold2_room1_mix1435,74,7,0,-172,0,19.76
fold2_room1_mix1435,75,7,0,-174,0,21.80
fold2_room1_mix1435,76,7,0,-174,0,22.66
fold2_room1_mix1435,77,7,0,-173,0,24.26
fold2_room1_mix1435,78,7,0,-174,0,26.52
fold2_room1_mix1435,79,7,0,-175,0,27.62
fold2_room1_mix1435,80,7,0,-175,0,29.07
fold2_room1_mix1435,81,7,0,-176,0,31.64
fold2_room1_mix1435,82,7,0,-176,0,32.68
fold2_room1_mix1435,83,7,0,-176,0,34.22
fold2_room1_mix1435,84,7,0,-176,0,34.48
fold2_room1_mix1435,85,7,0,-177,0,36.46
fold2_room1_mix1435,86,7,0,-177,0,36.57
fold2_room1_mix1435,87,7,0,-177,0,39.33
fold2_room1_mix1435,88,7,0,-177,0,39.78
fold2_room1_mix1435,89,7,0,-177,0,39.92
fold2_room1_mix1435,90,7,0,-177,0,42.44
fold2_room1_mix1435,91,7,0,-177,0,43.72
fold2_room1_mix1435,92,7,0,-178,0,44.73
fold2_room1_mix1435,93,7,0,-177,0,45.96
fold2_room1_mix1435,94,7,0,-178,0,47.83
fold2_room1_mix1435,95,7,0,-178,0,49.34
fold2_room1_mix1435,96,7,0,-178,0,51.69
fold2_room1_mix1435,97,7,0,-178,0,52.83
fold2_room1_mix1435,98,7,0,-178,0,53.90
fold2_room1_mix1435,99,7,0,-178,0,54.11
fold2_room1_mix1436,4,7,0,-179,0,8.25
fold2_room1_mix1436,5,7,0,179,0,20.62
fold2_room1_mix1436,6,7,0,-179,0,27.48
fold2_room1_mix1436,7,7,0,-178,0,31.94
fold2_room1_mix1436,8,7,0,-178,0,38.81
fold2_room1_mix1436,9,7,0,-176,0,33.97
fold2_room1_mix1436,10,7,0,-176,0,32.68
fold2_room1_mix1436,11,7,0,-177,0,33.82
fold2_room1_mix1436,12,7,0,-177,0,33.55
fold2_room1_mix1436,13,7,0,-177,0,32.65
fold2_room1_mix1436,14,7,0,-176,0,32.95
fold2_room1_mix1436,15,7,0,-176,0,30.14
fold2_room1_mix1436,16,7,0,-176,0,30.10
fold2_room1_mix1436,17,7,0,-175,0,28.61
fold2_room1_mix1436,18,7,0,-175,0,29.11
fold2_room1_mix1436,19,7,0,-174,0,26.57
fold2_room1_mix1436,20,7,0,-173,0,25.93
fold2_room1_mix1436,21,7,0,-173,0,26.01
fold2_room1_mix1436,22,7,0,-174,0,25.44
fold2_room1_mix1436,23,7,0,-172,0,24.06
fold2_room1_mix1436,24,7,0,-173,0,22.86
fold2_room1_mix1436,25,7,0,-171,-1,20.75
fold2_room1_mix1436,26,7,0,-170,-1,18.87
fold2_room1_mix1436,27,7,0,-169,-1,17.23
fold2_room1_mix1436,28,7,0,-170,-1,16.20
fold2_room1_mix1436,29,7,0,-168,-1,14.23
fold2_room1_mix1436,30,7,0,-165,-1,12.17
fold2_room1_mix1436,31,7,0,-164,-1,11.22
fold2_room1_mix1436,32,7,0,-162,-1,9.78
fold2_room1_mix1436,33,7,0,-158,-1,8.08
fold2_room1_mix1436,34,7,0,-154,-1,6.58
fold2_room1_mix1436,35,7,0,-146,-1,5.42
fold2_room1_mix1436,36,7,0,-132,-2,3.52
fold2_room1_mix1436,37,7,0,-106,-3,2.94
fold2_room1_mix1436,38,7,0,-80,-3,2.95
fold2_room1_mix1436,39,7,0,-54,-2,3.49
fold2_room1_mix1436,40,7,0,-41,-2,4.59
fold2_room1_mix1436,41,7,0,-31,-1,5.56
fold2_room1_mix1436,42,7,0,-26,-1,6.61
fold2_room1_mix1436,43,7,0,-22,-1,7.62
fold2_room1_mix1436,44,7,0,-17,0,9.55
fold2_room1_mix1436,45,7,0,-17,0,10.43
fold2_room1_mix1436,46,7,0,-13,0,11.98
fold2_room1_mix1436,47,7,0,-12,0,13.80
fold2_room1_mix1436,48,7,0,-12,0,14.60
fold2_room1_mix1436,49,7,0,-10,0,16.08
fold2_room1_mix1436,50,7,0,-8,0,18.12
fold2_room1_mix1436,51,7,0,-8,0,19.09
fold2_room1_mix1436,52,7,0,-8,0,20.29
fold2_room1_mix1436,53,7,0,-6,0,22.89
fold2_room1_mix1436,54,7,0,-5,0,24.11
fold2_room1_mix1436,55,7,0,-5,0,25.56
fold2_room1_mix1436,56,7,0,-5,0,26.94
fold2_room1_mix1436,57,7,0,-4,0,28.03
fold2_room1_mix1436,58,7,0,-4,0,29.79
fold2_room1_mix1436,59,7,0,-3,0,31.89
fold2_room1_mix1436,60,7,0,-3,0,34.00
fold2_room1_mix1436,61,7,0,-3,0,35.37
fold2_room1_mix1436,62,7,0,-2,0,37.12
fold2_room1_mix1436,63,7,0,-2,0,37.89
fold2_room1_mix1436,64,7,0,-2,0,39.23
fold2_room1_mix1436,65,7,0,-2,0,38.19
fold2_room1_mix1436,66,7,0,-2,0,39.45
fold2_room1_mix1436,67,7,0,-2,0,41.27
fold2_room1_mix1436,68,7,0,-2,0,41.36
fold2_room1_mix1436,69,7,0,-1,0,44.15
fold2_room1_mix1436,70,7,0,-1,0,44.88
fold2_room1_mix1436,71,7,0,-2,0,45.89
fold2_room1_mix1436,72,7,0,-1,0,50.74
fold2_room1_mix1436,73,7,0,-1,0,49.92
fold2_room1_mix1436,74,7,0,-2,0,50.01
fold2_room1_mix1436,75,7,0,-1,0,53.47
fold2_room1_mix1436,76,7,0,-1,0,55.82
fold2_room1_mix1436,77,7,0,-2,0,55.82
fold2_room1_mix1436,78,7,0,-1,0,59.59
fold2_room1_mix1436,79,7,0,-1,0,57.69
fold2_room1_mix1436,80,7,0,-2,0,60.09
fold2_room1_mix1436,81,7,0,-1,0,59.60
fold2_room1_mix1436,82,7,0,-2,0,59.42
fold2_room1_mix1436,83,7,0,-2,0,62.28
fold2_room1_mix1436,84,7,0,-2,0,62.90
fold2_room1_mix1436,85,7,0,-2,0,65.72
fold2_room1_mix1436,86,7,0,-1,0,66.18
fold2_room1_mix1436,87,7,0,-2,0,61.86
fold2_room1_mix1436,88,7,0,-2,0,71.27
fold2_room1_mix1436,89,7,0,-1,0,69.89
fold2_room1_mix1436,90,7,0,-1,0,69.17
fold2_room1_mix1436,91,7,0,-1,0,71.52
fold2_room1_mix1436,92,7,0,-1,0,72.66
fold2_room1_mix1436,93,7,0,-1,0,71.78
fold2_room1_mix1436,94,7,0,-1,0,76.29
fold2_room1_mix1436,95,7,0,-1,0,75.28
fold2_room1_mix1436,96,7,0,-1,0,82.66
fold2_room1_mix1436,97,7,0,-1,0,81.09
fold2_room1_mix1436,98,7,0,-1,0,87.05
fold2_room1_mix1436,99,7,0,-1,0,80.32
fold2_room1_mix1437,1,7,0,-1,0,6.42
fold2_room1_mix1437,2,5,0,4,0,4.13
fold2_room1_mix1437,3,7,0,1,0,23.77
fold2_room1_mix1437,4,7,0,2,0,23.43
fold2_room1_mix1437,5,7,0,2,0,23.98
fold2_room1_mix1437,6,7,0,2,0,28.53
fold2_room1_mix1437,7,7,0,3,0,31.56
fold2_room1_mix1437,8,7,0,3,0,29.57
fold2_room1_mix1437,9,7,0,3,0,29.17
fold2_room1_mix1437,10,7,0,4,0,30.96
fold2_room1_mix1437,11,7,0,4,0,30.37
fold2_room1_mix1437,12,7,0,4,0,30.58
fold2_room1_mix1437,13,7,0,3,0,28.59
fold2_room1_mix1437,14,7,0,5,0,28.01
fold2_room1_mix1437,15,7,0,7,0,27.80
fold2_room1_mix1437,16,7,0,6,0,26.50
fold2_room1_mix1437,17,7,0,7,0,25.63
fold2_room1_mix1437,18,7,0,9,0,24.06
fold2_room1_mix1437,19,7,0,6,0,24.46
fold2_room1_mix1437,20,7,0,8,0,23.13
fold2_room1_mix1437,21,7,0,8,0,22.73
fold2_room1_mix1437,22,7,0,10,0,20.64
fold2_room1_mix1437,23,7,0,10,0,19.47
fold2_room1_mix1437,24,7,0,12,0,18.97
fold2_room1_mix1437,25,7,0,12,0,18.07
fold2_room1_mix1437,26,7,0,14,0,16.43
fold2_room1_mix1437,27,7,0,14,0,16.39
fold2_room1_mix1437,28,7,0,16,0,14.54
fold2_room1_mix1437,29,7,0,15,0,14.70
fold2_room1_mix1437,30,7,0,17,0,13.31
fold2_room1_mix1437,31,7,0,18,0,12.35
fold2_room1_mix1437,32,7,0,18,0,10.88
fold2_room1_mix1437,33,7,0,20,0,10.05
fold2_room1_mix1437,34,7,0,23,0,9.56
fold2_room1_mix1437,35,7,0,23,0,9.14
fold2_room1_mix1437,36,7,0,30,-1,6.81
fold2_room1_mix1437,37,7,0,35,0,6.21
fold2_room1_mix1437,38,7,0,42,-1,5.42
fold2_room1_mix1437,39,7,0,48,-1,4.53
fold2_room1_mix1437,40,7,0,57,0,4.42
fold2_room1_mix1437,41,7,0,79,0,4.03
fold2_room1_mix1437,42,7,0,98,0,3.85
fold2_room1_mix1437,43,7,0,117,0,3.93
fold2_room1_mix1437,44,7,0,128,0,4.46
fold2_room1_mix1437,45,7,0,136,0,5.36
fold2_room1_mix1437,46,7,0,142,0,5.72
fold2_room1_mix1437,47,7,0,147,0,6.71
fold2_room1_mix1437,48,7,0,150,0,7.14
fold2_room1_mix1437,49,7,0,152,0,7.62
fold2_room1_mix1437,50,7,0,155,0,8.80
fold2_room1_mix1437,51,7,0,157,0,9.08
fold2_room1_mix1437,52,7,0,160,0,10.18
fold2_room1_mix1437,53,7,0,161,0,11.15
fold2_room1_mix1437,54,7,0,162,0,11.78
fold2_room1_mix1437,55,7,0,164,0,13.25
fold2_room1_mix1437,56,7,0,165,0,14.24
fold2_room1_mix1437,57,7,0,165,0,14.76
fold2_room1_mix1437,58,7,0,166,0,15.77
fold2_room1_mix1437,59,7,0,168,0,16.91
fold2_room1_mix1437,60,7,0,168,0,17.48
fold2_room1_mix1437,61,7,0,168,0,18.12
fold2_room1_mix1437,62,7,0,168,0,18.90
fold2_room1_mix1437,63,7,0,168,0,18.98
fold2_room1_mix1437,64,7,0,169,0,20.35
fold2_room1_mix1437,65,7,0,170,0,22.04
fold2_room1_mix1437,66,7,0,171,0,22.81
fold2_room1_mix1437,67,7,0,171,0,22.51
fold2_room1_mix1437,68,7,0,171,0,25.10
fold2_room1_mix1437,69,7,0,171,0,25.93
fold2_room1_mix1437,70,7,0,171,0,27.46
fold2_room1_mix1437,71,7,0,172,0,28.38
fold2_room1_mix1437,72,7,0,172,0,29.58
fold2_room1_mix1437,73,7,0,172,0,29.51
fold2_room1_mix1437,74,7,0,172,0,31.67
fold2_room1_mix1437,75,7,0,173,0,33.66
fold2_room1_mix1437,76,7,0,174,0,33.78
fold2_room1_mix1437,77,7,0,173,0,35.08
fold2_room1_mix1437,78,7,0,173,0,36.47
fold2_room1_mix1437,79,7,0,173,0,38.34
fold2_room1_mix1437,80,7,0,174,0,37.98
fold2_room1_mix1437,81,7,0,173,0,38.82
fold2_room1_mix1437,82,7,0,173,0,40.08
fold2_room1_mix1437,83,7,0,174,0,42.38
fold2_room1_mix1437,84,7,0,174,0,42.64
fold2_room1_mix1437,85,7,0,174,0,41.98
fold2_room1_mix1437,86,7,0,174,0,43.17
fold2_room1_mix1437,87,7,0,174,0,46.98
fold2_room1_mix1437,88,7,0,173,0,46.39
fold2_room1_mix1437,89,7,0,174,0,45.35
fold2_room1_mix1437,90,7,0,174,0,49.70
fold2_room1_mix1437,91,7,0,175,0,52.93
fold2_room1_mix1437,92,7,0,175,0,49.25
fold2_room1_mix1437,93,7,0,175,0,50.99
fold2_room1_mix1437,94,7,0,174,0,53.65
fold2_room1_mix1437,95,7,0,174,0,54.29
fold2_room1_mix1437,96,7,0,175,0,53.48
fold2_room1_mix1437,97,7,0,174,0,57.89
fold2_room1_mix1437,98,7,0,175,0,58.64
fold2_room1_mix1437,99,7,0,175,0,56.77
fold2_room1_mix1438,3,7,0,0,0,11.55
fold2_room1_mix1438,4,7,0,3,0,24.85
fold2_room1_mix1438,5,7,0,3,0,26.06
fold2_room1_mix1438,6,7,0,3,0,27.39
fold2_room1_mix1438,7,7,0,3,0,35.95
fold2_room1_mix1438,8,7,0,3,0,38.10
fold2_room1_mix1438,9,7,0,3,0,34.56
fold2_room1_mix1438,10,7,0,3,0,32.40
fold2_room1_mix1438,11,7,0,5,0,34.70
fold2_room1_mix1438,12,7,0,4,0,32.36
fold2_room1_mix1438,13,7,0,5,0,30.10
fold2_room1_mix1438,14,7,0,5,0,30.30
fold2_room1_mix1438,15,7,0,5,0,27.99
fold2_room1_mix1438,16,7,0,6,0,25.91
fold2_room1_mix1438,17,7,0,6,0,24.43
fold2_room1_mix1438,18,7,0,7,0,24.08
fold2_room1_mix1438,19,7,0,8,0,22.19
fold2_room1_mix1438,20,7,0,8,0,21.99
fold2_room1_mix1438,21,7,0,9,0,19.63
fold2_room1_mix1438,22,7,0,11,0,17.94
fold2_room1_mix1438,23,7,0,13,0,15.50
fold2_room1_mix1438,24,7,0,12,0,15.65
fold2_room1_mix1438,25,7,0,13,0,13.96
fold2_room1_mix1438,26,7,0,15,0,11.16
fold2_room1_mix1438,27,7,0,17,0,10.05
fold2_room1_mix1438,28,7,0,20,0,7.79
fold2_room1_mix1438,29,7,0,24,-1,6.02
fold2_room1_mix1438,30,7,0,32,-2,4.67
fold2_room1_mix1438,31,7,0,49,-1,3.28
fold2_room1_mix1438,32,7,0,79,-2,2.46
fold2_room1_mix1438,33,7,0,123,-2,2.94
fold2_room1_mix1438,34,7,0,140,-2,3.62
fold2_room1_mix1438,35,7,0,150,-1,4.68
fold2_room1_mix1438,36,7,0,157,-1,6.33
fold2_room1_mix1438,37,7,0,161,-1,7.69
fold2_room1_mix1438,38,7,0,163,0,8.71
fold2_room1_mix1438,39,7,0,165,0,10.60
fold2_room1_mix1438,40,7,0,168,0,12.59
fold2_room1_mix1438,41,7,0,169,0,13.71
fold2_room1_mix1438,42,7,0,170,0,14.42
fold2_room1_mix1438,43,7,0,171,0,16.00
fold2_room1_mix1438,44,7,0,171,0,18.29
fold2_room1_mix1438,45,7,0,172,0,19.11
fold2_room1_mix1438,46,7,0,172,0,19.93
fold2_room1_mix1438,47,7,0,172,0,22.76
fold2_room1_mix1438,48,7,0,174,0,22.77
fold2_room1_mix1438,49,7,0,173,0,25.13
fold2_room1_mix1438,50,7,0,174,0,26.02
fold2_room1_mix1438,51,7,0,174,0,26.61
fold2_room1_mix1438,52,7,0,173,0,27.51
fold2_room1_mix1438,53,7,0,174,0,29.20
fold2_room1_mix1438,54,7,0,174,0,30.24
fold2_room1_mix1438,55,7,0,175,0,31.19
fold2_room1_mix1438,56,7,0,175,0,32.65
fold2_room1_mix1438,57,7,0,175,0,35.37
fold2_room1_mix1438,58,7,0,176,0,37.03
fold2_room1_mix1438,59,7,0,175,0,37.52
fold2_room1_mix1438,60,7,0,176,0,38.70
fold2_room1_mix1438,61,7,0,176,0,38.39
fold2_room1_mix1438,62,7,0,176,0,40.93
fold2_room1_mix1438,63,7,0,176,0,42.47
fold2_room1_mix1438,64,7,0,176,0,43.12
fold2_room1_mix1438,65,7,0,176,0,45.42
fold2_room1_mix1438,66,7,0,176,0,47.20
fold2_room1_mix1438,67,7,0,176,0,47.80
fold2_room1_mix1438,68,7,0,176,0,50.22
fold2_room1_mix1438,69,7,0,177,0,52.46
fold2_room1_mix1438,70,7,0,177,0,53.80
fold2_room1_mix1438,71,7,0,176,0,52.45
fold2_room1_mix1438,72,7,0,176,0,56.32
fold2_room1_mix1438,73,7,0,177,0,56.68
fold2_room1_mix1438,74,7,0,177,0,55.89
fold2_room1_mix1438,75,7,0,177,0,57.04
fold2_room1_mix1438,76,7,0,177,0,60.73
fold2_room1_mix1438,77,7,0,177,0,58.74
fold2_room1_mix1438,78,7,0,177,0,60.89
fold2_room1_mix1438,79,7,0,177,0,63.16
fold2_room1_mix1438,80,7,0,177,0,62.07
fold2_room1_mix1438,81,7,0,177,0,65.71
fold2_room1_mix1438,82,7,0,177,0,66.30
fold2_room1_mix1438,83,7,0,177,0,69.31
fold2_room1_mix1438,84,7,0,177,0,69.79
fold2_room1_mix1438,85,7,0,177,0,70.91
fold2_room1_mix1438,86,7,0,177,0,71.86
fold2_room1_mix1438,87,7,0,177,0,72.97
fold2_room1_mix1438,88,7,0,177,0,77.47
fold2_room1_mix1438,89,7,0,177,0,76.18
fold2_room1_mix1438,90,7,0,177,0,75.09
fold2_room1_mix1438,91,7,0,176,0,81.09
fold2_room1_mix1438,92,7,0,177,0,82.64
fold2_room1_mix1438,93,7,0,176,0,79.11
fold2_room1_mix1438,94,7,0,177,0,82.03
fold2_room1_mix1438,95,7,0,177,0,82.75
fold2_room1_mix1438,96,7,0,177,0,81.45
fold2_room1_mix1438,97,7,0,176,0,83.73
fold2_room1_mix1438,98,7,0,177,0,83.47
fold2_room1_mix1438,99,7,0,177,0,80.82
fold2_room1_mix1439,3,7,0,0,0,13.44
fold2_room1_mix1439,4,7,0,1,0,34.61
fold2_room1_mix1439,5,7,0,2,0,35.43
fold2_room1_mix1439,6,7,0,2,0,36.57
fold2_room1_mix1439,7,7,0,2,0,41.93
fold2_room1_mix1439,8,7,0,2,0,51.22
fold2_room1_mix1439,9,7,0,2,0,49.91
fold2_room1_mix1439,10,7,0,3,0,44.83
fold2_room1_mix1439,11,7,0,3,0,50.17
fold2_room1_mix1439,12,7,0,3,0,48.26
fold2_room1_mix1439,13,7,0,3,0,47.60
fold2_room1_mix1439,14,7,0,3,0,47.27
fold2_room1_mix1439,15,7,0,3,0,47.64
fold2_room1_mix1439,16,7,0,3,0,46.97
fold2_room1_mix1439,17,7,0,3,0,46.06
fold2_room1_mix1439,18,7,0,4,0,44.44
fold2_room1_mix1439,19,7,0,4,0,42.78
fold2_room1_mix1439,20,7,0,4,0,39.54
fold2_room1_mix1439,21,7,0,5,0,42.02
fold2_room1_mix1439,22,7,0,4,0,39.84
fold2_room1_mix1439,23,7,0,5,0,37.46
fold2_room1_mix1439,24,7,0,4,0,36.13
fold2_room1_mix1439,25,7,0,5,0,35.31
fold2_room1_mix1439,26,7,0,5,0,34.66
fold2_room1_mix1439,27,7,0,6,0,34.77
fold2_room1_mix1439,28,7,0,6,0,31.35
fold2_room1_mix1439,29,7,0,7,0,30.85
fold2_room1_mix1439,30,7,0,8,0,28.48
fold2_room1_mix1439,31,7,0,9,0,26.28
fold2_room1_mix1439,32,7,0,9,0,24.96
fold2_room1_mix1439,33,7,0,10,0,23.54
fold2_room1_mix1439,34,7,0,11,0,20.25
fold2_room1_mix1439,35,7,0,12,0,18.20
fold2_room1_mix1439,36,7,0,14,0,16.25
fold2_room1_mix1439,37,7,0,14,0,15.17
fold2_room1_mix1439,38,7,0,16,0,13.76
fold2_room1_mix1439,39,7,0,17,0,12.11
fold2_room1_mix1439,40,7,0,20,0,9.99
fold2_room1_mix1439,41,7,0,22,0,8.78
fold2_room1_mix1439,42,7,0,28,-1,6.79
fold2_room1_mix1439,43,7,0,35,-1,5.48
fold2_room1_mix1439,44,7,0,48,-1,3.95
fold2_room1_mix1439,45,7,0,67,-1,3.49
fold2_room1_mix1439,46,7,0,104,-1,3.41
fold2_room1_mix1439,47,7,0,127,-1,4.30
fold2_room1_mix1439,48,7,0,140,0,4.96
fold2_room1_mix1439,49,7,0,148,0,5.78
fold2_room1_mix1439,50,7,0,154,-1,7.19
fold2_room1_mix1439,51,7,0,158,0,8.85
fold2_room1_mix1439,52,7,0,159,0,9.96
fold2_room1_mix1439,53,7,0,163,0,11.84
fold2_room1_mix1439,54,7,0,166,0,12.95
fold2_room1_mix1439,55,7,0,167,0,14.26
fold2_room1_mix1439,56,7,0,169,0,16.47
fold2_room1_mix1439,57,7,0,169,0,17.40
fold2_room1_mix1439,58,7,0,170,0,19.25
fold2_room1_mix1439,59,7,0,171,0,20.78
fold2_room1_mix1439,60,7,0,171,0,21.49
fold2_room1_mix1439,61,7,0,171,0,22.96
fold2_room1_mix1439,62,7,0,172,0,24.00
fold2_room1_mix1439,63,7,0,172,0,26.73
fold2_room1_mix1439,64,7,0,172,0,26.96
fold2_room1_mix1439,65,7,0,172,0,27.53
fold2_room1_mix1439,66,7,0,172,0,30.63
fold2_room1_mix1439,67,7,0,173,0,31.97
fold2_room1_mix1439,68,7,0,173,0,31.92
fold2_room1_mix1439,69,7,0,174,0,33.57
fold2_room1_mix1439,70,7,0,174,0,35.23
fold2_room1_mix1439,71,7,0,174,0,37.06
fold2_room1_mix1439,72,7,0,174,0,38.17
fold2_room1_mix1439,73,7,0,175,0,39.51
fold2_room1_mix1439,74,7,0,175,0,38.56
fold2_room1_mix1439,75,7,0,174,0,42.67
fold2_room1_mix1439,76,7,0,175,0,44.32
fold2_room1_mix1439,77,7,0,175,0,45.24
fold2_room1_mix1439,78,7,0,175,0,46.81
fold2_room1_mix1439,79,7,0,175,0,50.18
fold2_room1_mix1439,80,7,0,175,0,50.38
fold2_room1_mix1439,81,7,0,175,0,49.91
fold2_room1_mix1439,82,7,0,175,0,51.88
fold2_room1_mix1439,83,7,0,175,0,55.05
fold2_room1_mix1439,84,7,0,175,0,54.11
fold2_room1_mix1439,85,7,0,175,0,56.88
fold2_room1_mix1439,86,7,0,176,0,58.15
fold2_room1_mix1439,87,7,0,176,0,58.16
fold2_room1_mix1439,88,7,0,176,0,60.38
fold2_room1_mix1439,89,7,0,176,0,60.73
fold2_room1_mix1439,90,7,0,176,0,59.95
fold2_room1_mix1439,91,7,0,176,0,63.66
fold2_room1_mix1439,92,7,0,176,0,64.20
fold2_room1_mix1439,93,7,0,176,0,63.83
fold2_room1_mix1439,94,7,0,176,0,67.44
fold2_room1_mix1439,95,7,0,176,0,72.65
fold2_room1_mix1439,96,7,0,177,0,72.25
fold2_room1_mix1439,97,7,0,176,0,72.31
fold2_room1_mix1439,98,7,0,176,0,78.31
fold2_room1_mix1439,99,7,0,177,0,77.58
fold2_room1_mix1440,2,7,0,0,0,13.14
fold2_room1_mix1440,3,7,0,0,0,22.78
fold2_room1_mix1440,4,7,0,1,0,27.27
fold2_room1_mix1440,5,7,0,1,0,27.76
fold2_room1_mix1440,6,7,0,1,0,34.87
fold2_room1_mix1440,7,7,0,2,0,35.04
fold2_room1_mix1440,8,7,0,1,0,36.86
fold2_room1_mix1440,9,7,0,1,0,36.83
fold2_room1_mix1440,10,7,0,1,0,34.42
fold2_room1_mix1440,11,7,0,1,0,35.55
fold2_room1_mix1440,12,7,0,0,0,34.58
fold2_room1_mix1440,13,7,0,1,0,35.36
fold2_room1_mix1440,14,7,0,1,0,33.60
fold2_room1_mix1440,15,7,0,0,0,35.05
fold2_room1_mix1440,16,7,0,1,0,34.43
fold2_room1_mix1440,17,7,0,0,0,33.33
fold2_room1_mix1440,18,7,0,0,0,34.10
fold2_room1_mix1440,19,7,0,1,0,33.22
fold2_room1_mix1440,20,7,0,1,0,34.14
fold2_room1_mix1440,21,7,0,1,0,33.07
fold2_room1_mix1440,22,7,0,0,0,32.87
fold2_room1_mix1440,23,7,0,0,0,33.38
fold2_room1_mix1440,24,7,0,0,0,36.52
fold2_room1_mix1440,25,7,0,0,0,34.04
fold2_room1_mix1440,26,7,0,0,0,32.76
fold2_room1_mix1440,27,7,0,0,0,33.53
fold2_room1_mix1440,28,7,0,0,0,31.09
fold2_room1_mix1440,29,7,0,0,0,30.29
fold2_room1_mix1440,30,7,0,1,0,30.49
fold2_room1_mix1440,31,7,0,-1,0,28.78
fold2_room1_mix1440,32,7,0,0,0,27.46
fold2_room1_mix1440,33,7,0,0,0,25.72
fold2_room1_mix1440,34,7,0,-1,0,24.02
fold2_room1_mix1440,35,7,0,-3,0,24.60
fold2_room1_mix1440,36,7,0,-3,0,22.64
fold2_room1_mix1440,37,7,0,-3,0,21.74
fold2_room1_mix1440,38,7,0,-3,0,21.07
fold2_room1_mix1440,39,7,0,-3,0,20.19
fold2_room1_mix1440,40,7,0,-5,0,19.69
fold2_room1_mix1440,41,7,0,-3,0,19.20
fold2_room1_mix1440,42,7,0,-3,0,19.52
fold2_room1_mix1440,43,7,0,-1,0,18.47
fold2_room1_mix1440,44,7,0,-4,0,17.53
fold2_room1_mix1440,45,7,0,-4,0,17.25
fold2_room1_mix1440,46,7,0,-3,0,17.48
fold2_room1_mix1440,47,7,0,-6,0,16.55
fold2_room1_mix1440,48,7,0,-8,0,15.16
fold2_room1_mix1440,49,7,0,-7,0,15.01
fold2_room1_mix1440,50,7,0,-8,0,13.96
fold2_room1_mix1440,51,7,0,-10,-1,13.61
fold2_room1_mix1440,52,7,0,-10,-1,12.73
fold2_room1_mix1440,53,7,0,-11,-1,11.66
fold2_room1_mix1440,54,7,0,-9,-1,11.53
fold2_room1_mix1440,55,7,0,-12,-1,10.36
fold2_room1_mix1440,56,7,0,-12,-1,9.61
fold2_room1_mix1440,57,7,0,-13,-1,9.31
fold2_room1_mix1440,58,7,0,-13,-1,8.44
fold2_room1_mix1440,59,7,0,-15,-1,8.16
fold2_room1_mix1440,60,7,0,-16,-1,7.82
fold2_room1_mix1440,61,7,0,-19,-2,6.36
fold2_room1_mix1440,62,7,0,-19,-2,6.10
fold2_room1_mix1440,63,7,0,-22,-2,5.62
fold2_room1_mix1440,64,7,0,-25,-3,4.81
fold2_room1_mix1440,65,7,0,-27,-3,4.30
fold2_room1_mix1440,66,7,0,-32,-4,4.19
fold2_room1_mix1440,67,7,0,-39,-5,3.17
fold2_room1_mix1440,68,7,0,-43,-5,2.77
fold2_room1_mix1440,69,7,0,-53,-5,2.20
fold2_room1_mix1440,70,7,0,-65,-5,2.09
fold2_room1_mix1440,71,7,0,-86,-5,1.80
fold2_room1_mix1440,72,7,0,-109,-4,1.99
fold2_room1_mix1440,73,7,0,-124,-3,2.35
fold2_room1_mix1440,74,7,0,-131,-3,2.66
fold2_room1_mix1440,75,7,0,-142,-3,3.17
fold2_room1_mix1440,76,7,0,-147,-2,3.63
fold2_room1_mix1440,77,7,0,-152,-2,4.16
fold2_room1_mix1440,78,7,0,-154,-2,4.40
fold2_room1_mix1440,79,7,0,-157,-1,5.17
fold2_room1_mix1440,80,7,0,-158,-2,5.24
fold2_room1_mix1440,81,7,0,-161,-1,5.95
fold2_room1_mix1440,82,7,0,-162,-1,6.57
fold2_room1_mix1440,83,7,0,-163,-1,7.24
fold2_room1_mix1440,84,7,0,-165,-1,8.18
fold2_room1_mix1440,85,7,0,-165,-1,8.38
fold2_room1_mix1440,86,7,0,-166,-1,8.86
fold2_room1_mix1440,87,7,0,-167,-1,9.32
fold2_room1_mix1440,88,7,0,-168,-1,9.61
fold2_room1_mix1440,89,7,0,-167,0,10.36
fold2_room1_mix1440,90,7,0,-169,0,11.21
fold2_room1_mix1440,91,7,0,-170,0,11.75
fold2_room1_mix1440,92,7,0,-170,0,12.33
fold2_room1_mix1440,93,7,0,-170,0,12.23
fold2_room1_mix1440,94,7,0,-171,0,13.37
fold2_room1_mix1440,95,7,0,-171,0,14.36
fold2_room1_mix1440,96,7,0,-171,0,14.56
fold2_room1_mix1440,97,7,0,-172,0,15.52
fold2_room1_mix1440,98,7,0,-172,0,15.85
fold2_room1_mix1440,99,7,0,-172,0,16.85
fold2_room1_mix1441,2,7,0,0,0,16.27
fold2_room1_mix1441,3,7,0,0,0,18.06
fold2_room1_mix1441,4,7,0,-3,0,19.35
fold2_room1_mix1441,5,7,0,-1,0,21.44
fold2_room1_mix1441,6,7,0,-2,0,25.22
fold2_room1_mix1441,7,7,0,-7,0,23.37
fold2_room1_mix1441,8,7,0,-6,0,22.48
fold2_room1_mix1441,9,7,0,-7,0,22.98
fold2_room1_mix1441,10,7,0,-9,0,21.51
fold2_room1_mix1441,11,7,0,-10,0,21.77
fold2_room1_mix1441,12,7,0,-9,0,20.74
fold2_room1_mix1441,13,7,0,-12,0,20.23
fold2_room1_mix1441,14,7,0,-10,0,19.54
fold2_room1_mix1441,15,7,0,-11,0,17.78
fold2_room1_mix1441,16,7,0,-12,0,16.92
fold2_room1_mix1441,17,7,0,-12,0,16.84
fold2_room1_mix1441,18,7,0,-13,0,15.07
fold2_room1_mix1441,19,7,0,-15,0,14.06
fold2_room1_mix1441,20,7,0,-15,0,13.72
fold2_room1_mix1441,21,7,0,-18,0,12.12
fold2_room1_mix1441,22,7,0,-19,0,11.66
fold2_room1_mix1441,23,7,0,-20,0,10.96
fold2_room1_mix1441,24,7,0,-20,0,10.76
fold2_room1_mix1441,25,7,0,-21,-1,9.99
fold2_room1_mix1441,26,7,0,-23,-1,9.51
fold2_room1_mix1441,27,7,0,-25,-1,9.03
fold2_room1_mix1441,28,7,0,-26,-1,8.33
fold2_room1_mix1441,29,7,0,-29,-1,7.54
fold2_room1_mix1441,30,7,0,-32,-1,7.13
fold2_room1_mix1441,31,7,0,-34,-1,6.85
fold2_room1_mix1441,32,7,0,-38,-2,6.11
fold2_room1_mix1441,33,7,0,-40,-2,5.90
fold2_room1_mix1441,34,7,0,-45,-2,5.35
fold2_room1_mix1441,35,7,0,-49,-2,5.32
fold2_room1_mix1441,36,7,0,-59,-3,4.70
fold2_room1_mix1441,37,7,0,-67,-3,4.22
fold2_room1_mix1441,38,7,0,-78,-4,3.81
fold2_room1_mix1441,39,7,0,-85,-5,3.70
fold2_room1_mix1441,40,7,0,-96,-4,3.74
fold2_room1_mix1441,41,7,0,-108,-4,4.44
fold2_room1_mix1441,42,7,0,-114,-4,4.31
fold2_room1_mix1441,43,7,0,-122,-3,4.90
fold2_room1_mix1441,44,7,0,-130,-2,5.34
fold2_room1_mix1441,45,7,0,-135,-2,5.70
fold2_room1_mix1441,46,7,0,-139,-2,6.26
fold2_room1_mix1441,47,7,0,-143,-2,6.75
fold2_room1_mix1441,48,7,0,-145,-1,7.24
fold2_room1_mix1441,49,7,0,-147,-1,8.06
fold2_room1_mix1441,50,7,0,-150,-1,8.36
fold2_room1_mix1441,51,7,0,-152,-1,9.23
fold2_room1_mix1441,52,7,0,-154,-1,9.78
fold2_room1_mix1441,53,7,0,-156,-1,10.48
fold2_room1_mix1441,54,7,0,-155,-1,10.72
fold2_room1_mix1441,55,7,0,-157,-1,11.59
fold2_room1_mix1441,56,7,0,-158,-1,12.09
fold2_room1_mix1441,57,7,0,-159,-1,13.17
fold2_room1_mix1441,58,7,0,-160,-1,13.60
fold2_room1_mix1441,59,7,0,-161,-1,13.99
fold2_room1_mix1441,60,7,0,-161,-1,14.52
fold2_room1_mix1441,61,7,0,-161,-1,14.90
fold2_room1_mix1441,62,7,0,-162,-1,15.81
fold2_room1_mix1441,63,7,0,-165,-1,18.05
fold2_room1_mix1441,64,7,0,-164,0,18.04
fold2_room1_mix1441,65,7,0,-165,-1,18.12
fold2_room1_mix1441,66,7,0,-166,0,18.64
fold2_room1_mix1441,67,7,0,-166,-1,20.12
fold2_room1_mix1441,68,7,0,-168,-1,21.94
fold2_room1_mix1441,69,7,0,-166,0,20.99
fold2_room1_mix1441,70,7,0,-167,0,21.58
fold2_room1_mix1441,71,7,0,-167,0,22.62
fold2_room1_mix1441,72,7,0,-167,0,23.56
fold2_room1_mix1441,73,7,0,-167,0,24.96
fold2_room1_mix1441,74,7,0,-168,0,25.40
fold2_room1_mix1441,75,7,0,-169,0,26.46
fold2_room1_mix1441,76,7,0,-169,0,28.15
fold2_room1_mix1441,77,7,0,-169,0,27.48
fold2_room1_mix1441,78,7,0,-170,0,29.04
fold2_room1_mix1441,79,7,0,-170,0,29.61
fold2_room1_mix1441,80,7,0,-169,0,29.57
fold2_room1_mix1441,81,7,0,-170,0,30.04
fold2_room1_mix1441,82,7,0,-169,0,30.37
fold2_room1_mix1441,83,7,0,-171,0,32.76
fold2_room1_mix1441,84,7,0,-171,0,32.47
fold2_room1_mix1441,85,7,0,-171,0,33.60
fold2_room1_mix1441,86,7,0,-171,0,34.01
fold2_room1_mix1441,87,7,0,-172,0,36.45
fold2_room1_mix1441,88,7,0,-173,0,36.62
fold2_room1_mix1441,89,7,0,-172,0,38.10
fold2_room1_mix1441,90,7,0,-172,0,35.31
fold2_room1_mix1441,91,7,0,-173,0,38.78
fold2_room1_mix1441,92,7,0,-174,0,41.40
fold2_room1_mix1441,93,7,0,-172,0,37.98
fold2_room1_mix1441,94,7,0,-174,0,39.34
fold2_room1_mix1441,95,7,0,-174,0,41.28
fold2_room1_mix1441,96,7,0,-173,0,43.02
fold2_room1_mix1441,97,7,0,-174,0,43.44
fold2_room1_mix1441,98,7,0,-174,0,42.30
fold2_room1_mix1441,99,7,0,-174,0,41.86
fold2_room1_mix1442,4,7,0,-178,0,17.28
fold2_room1_mix1442,5,7,0,-177,0,23.69
fold2_room1_mix1442,6,7,0,-177,0,26.91
fold2_room1_mix1442,7,7,0,-176,0,27.31
fold2_room1_mix1442,8,7,0,-176,0,29.46
fold2_room1_mix1442,9,7,0,-176,0,28.66
fold2_room1_mix1442,10,7,0,-176,0,26.07
fold2_room1_mix1442,11,7,0,-176,0,30.79
fold2_room1_mix1442,12,7,0,-175,0,29.53
fold2_room1_mix1442,13,7,0,-176,0,28.54
fold2_room1_mix1442,14,7,0,-176,0,27.67
fold2_room1_mix1442,15,7,0,-174,0,25.40
fold2_room1_mix1442,16,7,0,-175,0,25.93
fold2_room1_mix1442,17,7,0,-175,0,24.90
fold2_room1_mix1442,18,7,0,-174,-1,23.07
fold2_room1_mix1442,19,7,0,-175,0,23.06
fold2_room1_mix1442,20,7,0,-172,-1,21.02
fold2_room1_mix1442,21,7,0,-172,-1,19.42
fold2_room1_mix1442,22,7,0,-171,-1,18.72
fold2_room1_mix1442,23,7,0,-171,-1,16.39
fold2_room1_mix1442,24,7,0,-170,-1,15.45
fold2_room1_mix1442,25,7,0,-168,-1,13.55
fold2_room1_mix1442,26,7,0,-166,-1,11.11
fold2_room1_mix1442,27,7,0,-165,-1,10.49
fold2_room1_mix1442,28,7,0,-161,-1,7.93
fold2_room1_mix1442,29,7,0,-157,-1,7.13
fold2_room1_mix1442,30,7,0,-150,-2,5.10
fold2_room1_mix1442,31,7,0,-143,-2,4.32
fold2_room1_mix1442,32,7,0,-125,-3,2.93
fold2_room1_mix1442,33,7,0,-95,-4,2.34
fold2_room1_mix1442,34,7,0,-60,-2,2.72
fold2_room1_mix1442,35,7,0,-43,-1,3.73
fold2_room1_mix1442,36,7,0,-34,-1,4.86
fold2_room1_mix1442,37,7,0,-27,-1,5.95
fold2_room1_mix1442,38,7,0,-21,0,6.92
fold2_room1_mix1442,39,7,0,-18,-1,8.13
fold2_room1_mix1442,40,7,0,-15,0,9.67
fold2_room1_mix1442,41,7,0,-13,0,10.58
fold2_room1_mix1442,42,7,0,-12,0,12.16
fold2_room1_mix1442,43,7,0,-10,0,13.80
fold2_room1_mix1442,44,7,0,-10,0,15.19
fold2_room1_mix1442,45,7,0,-8,0,16.38
fold2_room1_mix1442,46,7,0,-7,0,17.54
fold2_room1_mix1442,47,7,0,-8,0,19.22
fold2_room1_mix1442,48,7,0,-6,0,21.20
fold2_room1_mix1442,49,7,0,-5,0,22.23
fold2_room1_mix1442,50,7,0,-6,0,24.33
fold2_room1_mix1442,51,7,0,-4,0,25.43
fold2_room1_mix1442,52,7,0,-3,0,26.67
fold2_room1_mix1442,53,7,0,-3,0,28.96
fold2_room1_mix1442,54,7,0,-4,0,29.78
fold2_room1_mix1442,55,7,0,-3,0,31.79
fold2_room1_mix1442,56,7,0,-2,0,33.56
fold2_room1_mix1442,57,7,0,-3,0,34.53
fold2_room1_mix1442,58,7,0,-2,0,36.11
fold2_room1_mix1442,59,7,0,-1,0,37.57
fold2_room1_mix1442,60,7,0,-2,0,38.46
fold2_room1_mix1442,61,7,0,-1,0,37.86
fold2_room1_mix1442,62,7,0,-1,0,38.99
fold2_room1_mix1442,63,7,0,-2,0,38.50
fold2_room1_mix1442,64,7,0,-1,0,40.27
fold2_room1_mix1442,65,7,0,-1,0,40.78
fold2_room1_mix1442,66,7,0,-1,0,43.39
fold2_room1_mix1442,67,7,0,-1,0,45.87
fold2_room1_mix1442,68,7,0,-1,0,47.37
fold2_room1_mix1442,69,7,0,-1,0,50.89
fold2_room1_mix1442,70,7,0,-1,0,50.75
fold2_room1_mix1442,71,7,0,-1,0,53.32
fold2_room1_mix1442,72,7,0,-1,0,56.11
fold2_room1_mix1442,73,7,0,-1,0,56.62
fold2_room1_mix1442,74,7,0,-1,0,56.35
fold2_room1_mix1442,75,7,0,-1,0,57.42
fold2_room1_mix1442,76,7,0,-2,0,57.70
fold2_room1_mix1442,77,7,0,-1,0,59.02
fold2_room1_mix1442,78,7,0,-1,0,58.34
fold2_room1_mix1442,79,7,0,-2,0,61.17
fold2_room1_mix1442,80,7,0,-1,0,62.66
fold2_room1_mix1442,81,7,0,-1,0,62.51
fold2_room1_mix1442,82,7,0,-2,0,63.35
fold2_room1_mix1442,83,7,0,-1,0,66.12
fold2_room1_mix1442,84,7,0,-1,0,69.32
fold2_room1_mix1442,85,7,0,0,0,73.10
fold2_room1_mix1442,86,7,0,-1,0,73.85
fold2_room1_mix1442,87,7,0,-1,0,72.04
fold2_room1_mix1442,88,7,0,0,0,75.49
fold2_room1_mix1442,89,7,0,-1,0,76.54
fold2_room1_mix1442,90,7,0,0,0,76.17
fold2_room1_mix1442,91,7,0,0,0,81.57
fold2_room1_mix1442,92,7,0,0,0,86.52
fold2_room1_mix1442,93,7,0,0,0,78.78
fold2_room1_mix1442,94,7,0,0,0,78.08
fold2_room1_mix1442,95,7,0,-1,0,79.85
fold2_room1_mix1442,96,7,0,0,0,80.16
fold2_room1_mix1442,97,7,0,0,0,84.02
fold2_room1_mix1442,98,7,0,0,0,91.09
fold2_room1_mix1442,99,7,0,0,0,87.50
fold2_room1_mix1443,3,7,0,-179,0,12.90
fold2_room1_mix1443,4,7,0,179,0,30.30
fold2_room1_mix1443,5,7,0,179,0,33.56
fold2_room1_mix1443,6,7,0,179,0,35.37
fold2_room1_mix1443,7,7,0,179,0,40.63
fold2_room1_mix1443,8,7,0,179,0,43.32
fold2_room1_mix1443,9,7,0,-179,0,42.95
fold2_room1_mix1443,10,7,0,179,0,39.60
fold2_room1_mix1443,11,7,0,179,0,43.33
fold2_room1_mix1443,12,7,0,179,0,42.71
fold2_room1_mix1443,13,7,0,179,0,40.88
fold2_room1_mix1443,14,7,0,178,0,40.87
fold2_room1_mix1443,15,7,0,178,0,41.12
fold2_room1_mix1443,16,7,0,177,0,39.01
fold2_room1_mix1443,17,7,0,177,0,39.03
fold2_room1_mix1443,18,7,0,177,0,33.79
fold2_room1_mix1443,19,7,0,177,0,34.77
fold2_room1_mix1443,20,7,0,177,0,34.51
fold2_room1_mix1443,21,7,0,176,0,34.41
fold2_room1_mix1443,22,7,0,176,0,33.98
fold2_room1_mix1443,23,7,0,176,0,32.90
fold2_room1_mix1443,24,7,0,176,0,32.91
fold2_room1_mix1443,25,7,0,176,0,33.14
fold2_room1_mix1443,26,7,0,176,0,32.32
fold2_room1_mix1443,27,7,0,176,0,31.01
fold2_room1_mix1443,28,7,0,176,0,29.59
fold2_room1_mix1443,29,7,0,175,0,29.34
fold2_room1_mix1443,30,7,0,175,0,28.28
fold2_room1_mix1443,31,7,0,175,0,27.76
fold2_room1_mix1443,32,7,0,175,0,24.44
fold2_room1_mix1443,33,7,0,174,0,24.39
fold2_room1_mix1443,34,7,0,175,0,22.38
fold2_room1_mix1443,35,7,0,175,0,20.99
fold2_room1_mix1443,36,7,0,174,0,19.80
fold2_room1_mix1443,37,7,0,173,0,18.74
fold2_room1_mix1443,38,7,0,172,0,17.64
fold2_room1_mix1443,39,7,0,171,0,16.86
fold2_room1_mix1443,40,7,0,170,0,15.28
fold2_room1_mix1443,41,7,0,168,-1,14.03
fold2_room1_mix1443,42,7,0,166,0,12.81
fold2_room1_mix1443,43,7,0,164,-1,10.96
fold2_room1_mix1443,44,7,0,164,-1,10.30
fold2_room1_mix1443,45,7,0,160,-1,8.50
fold2_room1_mix1443,46,7,0,157,-1,6.98
fold2_room1_mix1443,47,7,0,152,-1,6.09
fold2_room1_mix1443,48,7,0,146,-2,5.32
fold2_room1_mix1443,49,7,0,136,-1,3.80
fold2_room1_mix1443,50,7,0,115,0,3.27
fold2_room1_mix1443,51,7,0,86,0,2.93
fold2_room1_mix1443,52,7,0,58,0,3.19
fold2_room1_mix1443,53,7,0,43,0,4.18
fold2_room1_mix1443,54,7,0,32,0,4.94
fold2_room1_mix1443,55,7,0,27,0,5.73
fold2_room1_mix1443,56,7,0,23,0,6.67
fold2_room1_mix1443,57,7,0,19,0,7.58
fold2_room1_mix1443,58,7,0,16,0,9.04
fold2_room1_mix1443,59,7,0,14,0,9.70
fold2_room1_mix1443,60,7,0,13,0,10.95
fold2_room1_mix1443,61,7,0,11,0,11.75
fold2_room1_mix1443,62,7,0,11,0,13.07
fold2_room1_mix1443,63,7,0,10,0,14.28
fold2_room1_mix1443,64,7,0,10,0,15.52
fold2_room1_mix1443,65,7,0,9,0,15.62
fold2_room1_mix1443,66,7,0,9,0,16.91
fold2_room1_mix1443,67,7,0,8,0,18.22
fold2_room1_mix1443,68,7,0,8,0,19.66
fold2_room1_mix1443,69,7,0,8,0,21.02
fold2_room1_mix1443,70,7,0,8,0,21.77
fold2_room1_mix1443,71,7,0,7,0,23.33
fold2_room1_mix1443,72,7,0,7,0,24.76
fold2_room1_mix1443,73,7,0,7,0,25.43
fold2_room1_mix1443,74,7,0,6,0,26.98
fold2_room1_mix1443,75,7,0,6,0,27.63
fold2_room1_mix1443,76,7,0,6,0,29.78
fold2_room1_mix1443,77,7,0,6,0,30.83
fold2_room1_mix1443,78,7,0,6,0,30.27
fold2_room1_mix1443,79,7,0,6,0,31.45
fold2_room1_mix1443,80,7,0,6,0,33.19
fold2_room1_mix1443,81,7,0,6,0,34.13
fold2_room1_mix1443,82,7,0,5,0,35.22
fold2_room1_mix1443,83,7,0,6,0,35.57
fold2_room1_mix1443,84,7,0,6,0,37.10
fold2_room1_mix1443,85,7,0,5,0,36.94
fold2_room1_mix1443,86,7,0,5,0,38.29
fold2_room1_mix1443,87,7,0,5,0,38.96
fold2_room1_mix1443,88,7,0,5,0,39.05
fold2_room1_mix1443,89,7,0,5,0,38.80
fold2_room1_mix1443,90,7,0,5,0,41.38
fold2_room1_mix1443,91,7,0,5,0,42.44
fold2_room1_mix1443,92,7,0,5,0,45.08
fold2_room1_mix1443,93,7,0,5,0,45.84
fold2_room1_mix1443,94,7,0,5,0,49.63
fold2_room1_mix1443,95,7,0,5,0,50.62
fold2_room1_mix1443,96,7,0,4,0,52.17
fold2_room1_mix1443,97,7,0,4,0,53.91
fold2_room1_mix1443,98,7,0,4,0,56.19
fold2_room1_mix1443,99,7,0,4,0,54.49
fold2_room1_mix1444,3,7,0,-178,0,12.18
fold2_room1_mix1444,4,7,0,-179,0,15.89
fold2_room1_mix1444,5,7,0,179,0,25.41
fold2_room1_mix1444,6,7,0,179,0,26.43
fold2_room1_mix1444,7,7,0,179,0,39.75
fold2_room1_mix1444,8,7,0,179,0,26.61
fold2_room1_mix1444,9,7,0,-178,0,31.59
fold2_room1_mix1444,10,7,0,179,0,39.55
fold2_room1_mix1444,11,7,0,-179,0,45.71
fold2_room1_mix1444,12,7,0,-178,0,32.72
fold2_room1_mix1444,13,5,0,169,0,4.72
fold2_room1_mix1444,13,7,0,-179,0,16.95
fold2_room1_mix1444,14,5,0,174,0,4.48
fold2_room1_mix1444,14,7,0,-179,0,9.58
fold2_room1_mix1444,15,7,0,-178,0,29.29
fold2_room1_mix1444,16,7,0,-179,0,49.65
fold2_room1_mix1444,17,7,0,-179,0,53.62
fold2_room1_mix1444,18,7,0,-178,0,53.52
fold2_room1_mix1444,19,7,0,-178,0,53.96
fold2_room1_mix1444,20,7,0,-179,0,50.36
fold2_room1_mix1444,21,7,0,-179,0,52.12
fold2_room1_mix1444,22,7,0,-179,0,54.12
fold2_room1_mix1444,23,7,0,-178,0,52.57
fold2_room1_mix1444,24,7,0,-179,0,45.71
fold2_room1_mix1444,25,7,0,-179,0,52.45
fold2_room1_mix1444,26,7,0,-179,0,52.20
fold2_room1_mix1444,27,7,0,179,0,58.12
fold2_room1_mix1444,28,7,0,179,0,57.23
fold2_room1_mix1444,29,7,0,178,0,51.79
fold2_room1_mix1444,30,7,0,179,0,48.34
fold2_room1_mix1444,31,7,0,179,0,54.19
fold2_room1_mix1444,32,7,0,-179,0,53.61
fold2_room1_mix1444,33,7,0,-179,0,50.93
fold2_room1_mix1444,34,7,0,-179,0,47.39
fold2_room1_mix1444,35,7,0,-179,0,51.40
fold2_room1_mix1444,36,7,0,179,0,48.12
fold2_room1_mix1444,37,7,0,179,0,45.70
fold2_room1_mix1444,38,7,0,-177,0,43.03
fold2_room1_mix1444,39,7,0,-179,0,45.73
fold2_room1_mix1444,40,7,0,-178,0,43.42
fold2_room1_mix1444,41,7,0,-178,0,43.80
fold2_room1_mix1444,42,7,0,-176,0,41.18
fold2_room1_mix1444,43,7,0,-177,0,39.92
fold2_room1_mix1444,44,7,0,-177,0,39.85
fold2_room1_mix1444,45,7,0,-176,0,38.95
fold2_room1_mix1444,46,7,0,-177,0,37.32
fold2_room1_mix1444,47,7,0,-175,0,36.48
fold2_room1_mix1444,48,7,0,-175,0,35.52
fold2_room1_mix1444,49,7,0,-176,0,32.05
fold2_room1_mix1444,50,7,0,-175,0,30.32
fold2_room1_mix1444,51,7,0,-174,0,29.45
fold2_room1_mix1444,52,7,0,-173,0,27.78
fold2_room1_mix1444,53,7,0,-172,0,25.34
fold2_room1_mix1444,54,7,0,-172,0,24.34
fold2_room1_mix1444,55,7,0,-171,0,23.41
fold2_room1_mix1444,56,7,0,-169,0,20.24
fold2_room1_mix1444,57,7,0,-168,0,19.39
fold2_room1_mix1444,58,7,0,-167,-1,16.99
fold2_room1_mix1444,59,7,0,-167,-1,15.79
fold2_room1_mix1444,60,7,0,-165,-1,13.42
fold2_room1_mix1444,61,7,0,-165,-1,13.09
fold2_room1_mix1444,62,7,0,-163,-1,10.87
fold2_room1_mix1444,63,7,0,-161,-1,9.30
fold2_room1_mix1444,64,7,0,-157,0,7.83
fold2_room1_mix1444,65,7,0,-152,-1,6.57
fold2_room1_mix1444,66,7,0,-143,-1,5.15
fold2_room1_mix1444,67,7,0,-132,-2,3.85
fold2_room1_mix1444,68,7,0,-113,-3,3.09
fold2_room1_mix1444,69,7,0,-86,-4,2.92
fold2_room1_mix1444,70,7,0,-58,-2,3.34
fold2_room1_mix1444,71,7,0,-45,-2,4.28
fold2_room1_mix1444,72,7,0,-32,-2,5.73
fold2_room1_mix1444,73,7,0,-29,-1,7.24
fold2_room1_mix1444,74,7,0,-21,-1,8.07
fold2_room1_mix1444,75,7,0,-17,-1,9.22
fold2_room1_mix1444,76,7,0,-16,0,10.61
fold2_room1_mix1444,77,7,0,-13,0,12.27
fold2_room1_mix1444,78,7,0,-13,0,13.05
fold2_room1_mix1444,79,7,0,-10,0,15.80
fold2_room1_mix1444,80,7,0,-10,0,17.28
fold2_room1_mix1444,81,7,0,-9,0,18.56
fold2_room1_mix1444,82,7,0,-8,0,19.31
fold2_room1_mix1444,83,7,0,-8,0,21.01
fold2_room1_mix1444,84,7,0,-6,0,23.42
fold2_room1_mix1444,85,7,0,-5,0,24.74
fold2_room1_mix1444,86,7,0,-5,0,26.22
fold2_room1_mix1444,87,7,0,-4,0,27.90
fold2_room1_mix1444,88,7,0,-3,0,29.61
fold2_room1_mix1444,89,7,0,-4,0,31.01
fold2_room1_mix1444,90,7,0,-3,0,33.02
fold2_room1_mix1444,91,7,0,-3,0,34.76
fold2_room1_mix1444,92,7,0,-3,0,36.41
fold2_room1_mix1444,93,7,0,-2,0,38.94
fold2_room1_mix1444,94,7,0,-2,0,38.50
fold2_room1_mix1444,95,7,0,-2,0,43.13
fold2_room1_mix1444,96,7,0,-2,0,44.30
fold2_room1_mix1444,97,7,0,-1,0,46.17
fold2_room1_mix1444,98,7,0,-1,0,47.16
fold2_room1_mix1444,99,7,0,-2,0,52.31
fold2_room1_mix1445,2,7,0,0,0,10.32
fold2_room1_mix1445,3,7,0,1,0,14.28
fold2_room1_mix1445,4,7,0,1,0,24.09
fold2_room1_mix1445,5,7,0,1,0,29.97
fold2_room1_mix1445,6,7,0,1,0,31.15
fold2_room1_mix1445,7,7,0,1,0,34.93
fold2_room1_mix1445,8,7,0,1,0,41.36
fold2_room1_mix1445,9,7,0,2,0,35.24
fold2_room1_mix1445,10,7,0,1,0,31.61
fold2_room1_mix1445,11,7,0,3,0,30.22
fold2_room1_mix1445,12,7,0,1,0,21.44
fold2_room1_mix1445,13,7,0,2,0,37.76
fold2_room1_mix1445,14,7,0,2,0,40.38
fold2_room1_mix1445,15,7,0,2,0,45.85
fold2_room1_mix1445,16,7,0,1,0,46.78
fold2_room1_mix1445,17,7,0,1,0,41.58
fold2_room1_mix1445,18,7,0,2,0,46.17
fold2_room1_mix1445,19,7,0,1,0,47.73
fold2_room1_mix1445,20,7,0,1,0,44.14
fold2_room1_mix1445,21,7,0,2,0,47.95
fold2_room1_mix1445,22,7,0,0,0,49.18
fold2_room1_mix1445,23,7,0,2,0,43.83
fold2_room1_mix1445,24,7,0,0,0,45.45
fold2_room1_mix1445,25,7,0,2,0,44.68
fold2_room1_mix1445,26,7,0,2,0,46.60
fold2_room1_mix1445,27,7,0,0,0,49.01
fold2_room1_mix1445,28,7,0,1,0,45.90
fold2_room1_mix1445,29,7,0,1,0,47.52
fold2_room1_mix1445,30,7,0,0,0,42.99
fold2_room1_mix1445,31,7,0,1,0,47.29
fold2_room1_mix1445,32,7,0,2,0,45.21
fold2_room1_mix1445,33,7,0,2,0,41.99
fold2_room1_mix1445,34,7,0,2,0,42.39
fold2_room1_mix1445,35,7,0,3,0,46.27
fold2_room1_mix1445,36,7,0,2,0,43.75
fold2_room1_mix1445,37,7,0,1,0,45.97
fold2_room1_mix1445,38,7,0,2,0,42.69
fold2_room1_mix1445,39,7,0,3,0,44.55
fold2_room1_mix1445,40,7,0,2,0,43.65
fold2_room1_mix1445,41,7,0,3,0,38.35
fold2_room1_mix1445,42,7,0,1,0,37.57
fold2_room1_mix1445,43,7,0,2,0,38.83
fold2_room1_mix1445,44,7,0,0,0,32.92
fold2_room1_mix1445,45,7,0,1,0,32.91
fold2_room1_mix1445,46,7,0,0,0,30.90
fold2_room1_mix1445,47,7,0,0,0,31.79
fold2_room1_mix1445,48,7,0,2,0,29.33
fold2_room1_mix1445,49,7,0,2,0,27.94
fold2_room1_mix1445,50,7,0,0,0,26.97
fold2_room1_mix1445,51,7,0,3,0,25.28
fold2_room1_mix1445,52,7,0,4,0,26.33
fold2_room1_mix1445,53,7,0,7,0,26.29
fold2_room1_mix1445,54,7,0,7,0,25.14
fold2_room1_mix1445,55,7,0,6,0,24.67
fold2_room1_mix1445,56,7,0,7,0,24.65
fold2_room1_mix1445,57,7,0,8,0,23.35
fold2_room1_mix1445,58,7,0,8,0,22.18
fold2_room1_mix1445,59,7,0,8,0,21.12
fold2_room1_mix1445,60,7,0,9,0,19.32
fold2_room1_mix1445,61,7,0,9,0,18.29
fold2_room1_mix1445,62,7,0,10,0,17.15
fold2_room1_mix1445,63,7,0,9,0,17.29
fold2_room1_mix1445,64,7,0,11,0,15.86
fold2_room1_mix1445,65,7,0,12,0,14.61
fold2_room1_mix1445,66,7,0,12,0,13.82
fold2_room1_mix1445,67,7,0,14,0,12.62
fold2_room1_mix1445,68,7,0,15,0,11.78
fold2_room1_mix1445,69,7,0,17,0,10.57
fold2_room1_mix1445,70,7,0,20,0,9.33
fold2_room1_mix1445,71,7,0,24,0,8.37
fold2_room1_mix1445,72,7,0,24,0,7.92
fold2_room1_mix1445,73,7,0,28,0,5.94
fold2_room1_mix1445,74,7,0,33,0,5.15
fold2_room1_mix1445,75,7,0,37,0,4.41
fold2_room1_mix1445,76,7,0,50,-1,3.91
fold2_room1_mix1445,77,7,0,67,0,3.14
fold2_room1_mix1445,78,7,0,86,0,3.32
fold2_room1_mix1445,79,7,0,111,0,3.24
fold2_room1_mix1445,80,7,0,127,0,3.78
fold2_room1_mix1445,81,7,0,138,0,4.67
fold2_room1_mix1445,82,7,0,146,0,5.60
fold2_room1_mix1445,83,7,0,151,0,6.43
fold2_room1_mix1445,84,7,0,155,0,7.23
fold2_room1_mix1445,85,7,0,157,0,8.26
fold2_room1_mix1445,86,7,0,160,0,8.53
fold2_room1_mix1445,87,7,0,163,0,9.93
fold2_room1_mix1445,88,7,0,164,0,10.41
fold2_room1_mix1445,89,7,0,165,0,11.29
fold2_room1_mix1445,90,7,0,166,0,12.12
fold2_room1_mix1445,91,7,0,167,0,13.43
fold2_room1_mix1445,92,7,0,167,0,14.07
fold2_room1_mix1445,93,7,0,169,0,15.20
fold2_room1_mix1445,94,7,0,169,0,15.68
fold2_room1_mix1445,95,7,0,169,0,17.93
fold2_room1_mix1445,96,7,0,170,0,17.82
fold2_room1_mix1445,97,7,0,170,0,18.09
fold2_room1_mix1445,98,7,0,171,0,20.26
fold2_room1_mix1445,99,7,0,171,0,20.30
fold2_room1_mix1446,3,7,0,-178,0,11.78
fold2_room1_mix1446,4,7,0,178,0,16.71
fold2_room1_mix1446,5,7,0,178,0,20.43
fold2_room1_mix1446,6,7,0,178,0,21.11
fold2_room1_mix1446,7,7,0,178,0,21.73
fold2_room1_mix1446,8,7,0,178,0,21.82
fold2_room1_mix1446,9,7,0,175,0,19.44
fold2_room1_mix1446,10,7,0,175,0,20.08
fold2_room1_mix1446,11,7,0,174,0,19.14
fold2_room1_mix1446,12,7,0,173,0,18.36
fold2_room1_mix1446,13,7,0,172,0,18.07
fold2_room1_mix1446,14,7,0,171,0,18.09
fold2_room1_mix1446,15,7,0,170,-1,17.13
fold2_room1_mix1446,16,7,0,170,-1,17.10
fold2_room1_mix1446,17,7,0,167,-1,16.36
fold2_room1_mix1446,18,7,0,167,-1,15.57
fold2_room1_mix1446,19,7,0,166,0,14.89
fold2_room1_mix1446,20,7,0,165,0,13.04
fold2_room1_mix1446,21,7,0,162,0,12.94
fold2_room1_mix1446,22,7,0,161,-1,10.83
fold2_room1_mix1446,23,7,0,160,-1,10.39
fold2_room1_mix1446,24,7,0,159,-1,8.88
fold2_room1_mix1446,25,7,0,156,0,9.22
fold2_room1_mix1446,26,7,0,155,0,7.94
fold2_room1_mix1446,27,7,0,154,0,7.78
fold2_room1_mix1446,28,7,0,153,0,7.43
fold2_room1_mix1446,29,7,0,150,-1,6.08
fold2_room1_mix1446,30,7,0,144,0,5.60
fold2_room1_mix1446,31,7,0,143,-1,5.03
fold2_room1_mix1446,32,7,0,137,0,4.65
fold2_room1_mix1446,33,7,0,130,0,4.24
fold2_room1_mix1446,34,7,0,116,0,4.30
fold2_room1_mix1446,35,7,0,95,2,3.91
fold2_room1_mix1446,36,7,0,81,2,3.99
fold2_room1_mix1446,37,7,0,64,2,4.36
fold2_room1_mix1446,38,7,0,52,2,4.93
fold2_room1_mix1446,39,7,0,45,1,5.08
fold2_room1_mix1446,40,7,0,38,1,5.83
fold2_room1_mix1446,41,7,0,34,1,6.21
fold2_room1_mix1446,42,7,0,31,0,6.75
fold2_room1_mix1446,43,7,0,27,0,7.09
fold2_room1_mix1446,44,7,0,25,0,7.97
fold2_room1_mix1446,45,7,0,23,0,8.56
fold2_room1_mix1446,46,7,0,21,0,9.31
fold2_room1_mix1446,47,7,0,19,0,10.10
fold2_room1_mix1446,48,7,0,18,0,10.51
fold2_room1_mix1446,49,7,0,17,0,11.70
fold2_room1_mix1446,50,7,0,16,0,12.38
fold2_room1_mix1446,51,7,0,15,0,13.45
fold2_room1_mix1446,52,7,0,14,0,14.24
fold2_room1_mix1446,53,7,0,13,0,15.16
fold2_room1_mix1446,54,7,0,12,0,16.34
fold2_room1_mix1446,55,7,0,12,0,16.47
fold2_room1_mix1446,56,7,0,12,0,17.54
fold2_room1_mix1446,57,7,0,11,0,17.81
fold2_room1_mix1446,58,7,0,11,0,18.44
fold2_room1_mix1446,59,7,0,10,0,19.06
fold2_room1_mix1446,60,7,0,10,0,20.10
fold2_room1_mix1446,61,7,0,9,0,20.60
fold2_room1_mix1446,62,7,0,9,0,21.73
fold2_room1_mix1446,63,7,0,9,0,22.47
fold2_room1_mix1446,64,7,0,8,0,23.17
fold2_room1_mix1446,65,7,0,8,0,24.00
fold2_room1_mix1446,66,7,0,8,0,25.45
fold2_room1_mix1446,67,7,0,8,0,25.77
fold2_room1_mix1446,68,7,0,8,0,27.67
fold2_room1_mix1446,69,7,0,8,0,28.19
fold2_room1_mix1446,70,7,0,8,0,29.12
fold2_room1_mix1446,71,7,0,8,0,28.58
fold2_room1_mix1446,72,7,0,8,0,29.66
fold2_room1_mix1446,73,7,0,8,0,30.30
fold2_room1_mix1446,74,7,0,8,0,30.90
fold2_room1_mix1446,75,7,0,8,0,31.18
fold2_room1_mix1446,76,7,0,7,0,32.60
fold2_room1_mix1446,77,7,0,7,0,32.26
fold2_room1_mix1446,78,7,0,7,0,32.57
fold2_room1_mix1446,79,7,0,7,0,33.66
fold2_room1_mix1446,80,7,0,7,0,33.78
fold2_room1_mix1446,81,7,0,7,0,34.95
fold2_room1_mix1446,82,7,0,7,0,35.86
fold2_room1_mix1446,83,7,0,6,0,36.20
fold2_room1_mix1446,84,7,0,6,0,36.27
fold2_room1_mix1446,85,7,0,6,0,38.10
fold2_room1_mix1446,86,7,0,6,0,37.55
fold2_room1_mix1446,87,7,0,6,0,38.62
fold2_room1_mix1446,88,7,0,6,0,39.66
fold2_room1_mix1446,89,7,0,7,0,40.62
fold2_room1_mix1446,90,7,0,6,0,42.28
fold2_room1_mix1446,91,7,0,6,0,44.21
fold2_room1_mix1446,92,7,0,6,0,44.86
fold2_room1_mix1446,93,7,0,6,0,42.27
fold2_room1_mix1446,94,7,0,7,0,44.23
fold2_room1_mix1446,95,7,0,6,0,46.28
fold2_room1_mix1446,96,7,0,6,0,45.54
fold2_room1_mix1446,97,7,0,6,0,46.09
fold2_room1_mix1446,98,7,0,6,0,49.21
fold2_room1_mix1446,99,7,0,6,0,44.18
fold2_room1_mix1447,4,7,0,-179,0,8.81
fold2_room1_mix1447,5,7,0,179,0,23.76
fold2_room1_mix1447,6,7,0,178,0,25.00
fold2_room1_mix1447,7,7,0,178,0,27.51
fold2_room1_mix1447,8,7,0,178,0,33.31
fold2_room1_mix1447,9,7,0,179,0,32.85
fold2_room1_mix1447,10,7,0,179,0,32.03
fold2_room1_mix1447,11,7,0,178,0,32.82
fold2_room1_mix1447,12,7,0,178,0,32.80
fold2_room1_mix1447,13,7,0,178,0,32.30
fold2_room1_mix1447,14,7,0,178,0,32.47
fold2_room1_mix1447,15,7,0,178,0,30.70
fold2_room1_mix1447,16,7,0,178,0,29.81
fold2_room1_mix1447,17,7,0,178,0,30.00
fold2_room1_mix1447,18,7,0,178,0,28.91
fold2_room1_mix1447,19,7,0,177,0,28.88
fold2_room1_mix1447,20,7,0,177,0,29.57
fold2_room1_mix1447,21,7,0,176,0,29.33
fold2_room1_mix1447,22,7,0,176,0,29.54
fold2_room1_mix1447,23,7,0,175,0,30.42
fold2_room1_mix1447,24,7,0,176,0,30.10
fold2_room1_mix1447,25,7,0,175,0,30.66
fold2_room1_mix1447,26,7,0,176,0,30.67
fold2_room1_mix1447,27,7,0,176,0,29.89
fold2_room1_mix1447,28,7,0,175,0,30.41
fold2_room1_mix1447,29,7,0,175,0,30.23
fold2_room1_mix1447,30,7,0,176,0,30.44
fold2_room1_mix1447,31,7,0,175,0,29.40
fold2_room1_mix1447,32,7,0,175,0,28.39
fold2_room1_mix1447,33,7,0,175,0,28.54
fold2_room1_mix1447,34,7,0,175,0,28.27
fold2_room1_mix1447,35,7,0,175,0,27.69
fold2_room1_mix1447,36,7,0,174,0,27.35
fold2_room1_mix1447,37,7,0,173,0,27.01
fold2_room1_mix1447,38,7,0,173,0,26.57
fold2_room1_mix1447,39,7,0,172,0,26.39
fold2_room1_mix1447,40,7,0,172,0,25.83
fold2_room1_mix1447,41,7,0,172,0,25.65
fold2_room1_mix1447,42,7,0,172,0,24.37
fold2_room1_mix1447,43,7,0,172,0,24.54
fold2_room1_mix1447,44,7,0,172,0,24.97
fold2_room1_mix1447,45,7,0,172,0,23.97
fold2_room1_mix1447,46,7,0,172,0,22.98
fold2_room1_mix1447,47,7,0,171,0,21.25
fold2_room1_mix1447,48,7,0,170,0,19.98
fold2_room1_mix1447,49,7,0,170,0,18.99
fold2_room1_mix1447,50,7,0,170,0,18.62
fold2_room1_mix1447,51,7,0,169,0,18.20
fold2_room1_mix1447,52,7,0,168,0,17.59
fold2_room1_mix1447,53,7,0,167,0,17.19
fold2_room1_mix1447,54,7,0,167,0,16.45
fold2_room1_mix1447,55,7,0,166,0,16.54
fold2_room1_mix1447,56,7,0,165,0,15.19
fold2_room1_mix1447,57,7,0,164,0,14.55
fold2_room1_mix1447,58,7,0,163,-1,13.72
fold2_room1_mix1447,59,7,0,161,-1,12.81
fold2_room1_mix1447,60,7,0,160,-1,12.02
fold2_room1_mix1447,61,7,0,160,-1,10.44
fold2_room1_mix1447,62,7,0,158,-1,9.74
fold2_room1_mix1447,63,7,0,157,-1,8.81
fold2_room1_mix1447,64,7,0,154,-1,8.02
fold2_room1_mix1447,65,7,0,153,-1,7.70
fold2_room1_mix1447,66,7,0,148,-1,6.49
fold2_room1_mix1447,67,7,0,146,-1,5.96
fold2_room1_mix1447,68,7,0,142,-1,5.32
fold2_room1_mix1447,69,7,0,134,-1,4.53
fold2_room1_mix1447,70,7,0,124,0,4.58
fold2_room1_mix1447,71,7,0,111,0,4.18
fold2_room1_mix1447,72,7,0,93,0,3.90
fold2_room1_mix1447,73,7,0,81,0,4.15
fold2_room1_mix1447,74,7,0,65,0,4.22
fold2_room1_mix1447,75,7,0,57,0,4.64
fold2_room1_mix1447,76,7,0,49,0,4.81
fold2_room1_mix1447,77,7,0,42,0,5.21
fold2_room1_mix1447,78,7,0,36,0,5.79
fold2_room1_mix1447,79,7,0,32,0,6.21
fold2_room1_mix1447,80,7,0,28,0,6.90
fold2_room1_mix1447,81,7,0,26,0,7.59
fold2_room1_mix1447,82,7,0,24,0,7.71
fold2_room1_mix1447,83,7,0,22,0,9.08
fold2_room1_mix1447,84,7,0,21,0,9.46
fold2_room1_mix1447,85,7,0,20,0,9.90
fold2_room1_mix1447,86,7,0,20,0,10.97
fold2_room1_mix1447,87,7,0,18,0,12.18
fold2_room1_mix1447,88,7,0,17,0,12.71
fold2_room1_mix1447,89,7,0,16,0,13.44
fold2_room1_mix1447,90,7,0,14,0,14.91
fold2_room1_mix1447,91,7,0,14,0,15.86
fold2_room1_mix1447,92,7,0,13,0,16.67
fold2_room1_mix1447,93,7,0,12,0,17.55
fold2_room1_mix1447,94,7,0,12,0,19.11
fold2_room1_mix1447,95,7,0,12,0,19.82
fold2_room1_mix1447,96,7,0,11,0,20.59
fold2_room1_mix1447,97,7,0,10,0,21.68
fold2_room1_mix1447,98,7,0,10,0,22.35
fold2_room1_mix1447,99,7,0,9,0,23.56
fold2_room1_mix1448,8,7,0,3,0,16.04
fold2_room1_mix1448,9,7,0,1,0,24.29
fold2_room1_mix1448,10,7,0,2,0,16.21
fold2_room1_mix1448,11,7,0,3,0,28.42
fold2_room1_mix1448,12,7,0,3,0,36.69
fold2_room1_mix1448,13,7,0,1,0,18.70
fold2_room1_mix1448,14,7,0,2,0,23.51
fold2_room1_mix1448,15,7,0,2,0,30.50
fold2_room1_mix1448,16,7,0,2,0,23.99
fold2_room1_mix1448,17,7,0,2,0,3.31
fold2_room1_mix1448,18,7,0,1,0,33.47
fold2_room1_mix1448,19,7,0,2,0,34.31
fold2_room1_mix1448,20,7,0,2,0,34.61
fold2_room1_mix1448,21,7,0,1,0,35.02
fold2_room1_mix1448,22,7,0,2,0,35.54
fold2_room1_mix1448,23,7,0,2,0,41.75
fold2_room1_mix1448,24,7,0,2,0,35.39
fold2_room1_mix1448,25,7,0,2,0,35.66
fold2_room1_mix1448,26,7,0,2,0,41.62
fold2_room1_mix1448,27,7,0,2,0,37.44
fold2_room1_mix1448,28,7,0,3,0,31.98
fold2_room1_mix1448,29,7,0,0,0,6.36
fold2_room1_mix1448,30,7,0,2,0,32.83
fold2_room1_mix1448,31,7,0,2,0,34.71
fold2_room1_mix1448,32,7,0,3,0,32.61
fold2_room1_mix1448,33,7,0,2,0,31.21
fold2_room1_mix1448,34,7,0,3,0,22.17
fold2_room1_mix1448,35,7,0,1,0,20.50
fold2_room1_mix1448,36,7,0,4,0,28.22
fold2_room1_mix1448,37,7,0,7,0,20.56
fold2_room1_mix1448,38,7,0,4,0,26.76
fold2_room1_mix1448,39,7,0,3,0,28.18
fold2_room1_mix1448,40,7,0,4,0,16.91
fold2_room1_mix1448,41,7,0,1,0,14.45
fold2_room1_mix1448,42,7,0,4,0,24.39
fold2_room1_mix1448,43,7,0,2,0,20.69
fold2_room1_mix1448,44,7,0,0,0,17.80
fold2_room1_mix1448,45,7,0,6,0,19.86
fold2_room1_mix1448,46,7,0,6,0,18.31
fold2_room1_mix1448,47,7,0,8,0,18.88
fold2_room1_mix1448,48,7,0,10,0,19.70
fold2_room1_mix1448,49,7,0,9,0,19.18
fold2_room1_mix1448,50,7,0,11,0,19.68
fold2_room1_mix1448,51,7,0,12,0,17.17
fold2_room1_mix1448,52,7,0,12,0,17.14
fold2_room1_mix1448,53,7,0,12,0,15.20
fold2_room1_mix1448,54,7,0,11,0,14.44
fold2_room1_mix1448,55,7,0,12,0,14.51
fold2_room1_mix1448,56,7,0,12,0,13.75
fold2_room1_mix1448,57,7,0,15,0,13.63
fold2_room1_mix1448,58,7,0,16,0,12.50
fold2_room1_mix1448,59,7,0,19,0,11.09
fold2_room1_mix1448,60,7,0,20,0,10.32
fold2_room1_mix1448,61,7,0,22,0,9.22
fold2_room1_mix1448,62,7,0,24,0,8.20
fold2_room1_mix1448,63,7,0,28,0,7.93
fold2_room1_mix1448,64,7,0,28,0,7.65
fold2_room1_mix1448,65,7,0,30,0,7.59
fold2_room1_mix1448,66,7,0,34,0,7.14
fold2_room1_mix1448,67,7,0,43,0,6.04
fold2_room1_mix1448,68,7,0,45,0,5.45
fold2_room1_mix1448,69,7,0,53,0,5.43
fold2_room1_mix1448,70,7,0,63,0,5.00
fold2_room1_mix1448,71,7,0,70,0,5.04
fold2_room1_mix1448,72,7,0,79,0,4.55
fold2_room1_mix1448,73,7,0,88,0,4.18
fold2_room1_mix1448,74,7,0,99,0,4.34
fold2_room1_mix1448,75,7,0,111,0,4.56
fold2_room1_mix1448,76,7,0,115,0,4.72
fold2_room1_mix1448,77,7,0,129,0,5.78
fold2_room1_mix1448,78,7,0,134,0,6.05
fold2_room1_mix1448,79,7,0,139,0,6.78
fold2_room1_mix1448,80,7,0,143,0,7.08
fold2_room1_mix1448,81,7,0,146,0,7.88
fold2_room1_mix1448,82,7,0,150,0,8.28
fold2_room1_mix1448,83,7,0,153,0,8.50
fold2_room1_mix1448,84,7,0,155,0,9.38
fold2_room1_mix1448,85,7,0,155,0,9.83
fold2_room1_mix1448,86,7,0,158,0,10.12
fold2_room1_mix1448,87,7,0,159,0,11.21
fold2_room1_mix1448,88,7,0,162,0,11.79
fold2_room1_mix1448,89,7,0,161,0,11.69
fold2_room1_mix1448,90,7,0,162,0,13.30
fold2_room1_mix1448,91,7,0,164,0,13.55
fold2_room1_mix1448,92,7,0,164,0,13.12
fold2_room1_mix1448,93,7,0,165,0,14.85
fold2_room1_mix1448,94,7,0,166,0,15.27
fold2_room1_mix1448,95,7,0,167,0,16.53
fold2_room1_mix1448,96,7,0,167,0,16.86
fold2_room1_mix1448,97,7,0,166,0,16.74
fold2_room1_mix1448,98,7,0,167,0,17.55
fold2_room1_mix1448,99,7,0,168,0,19.22
fold2_room1_mix1449,3,7,0,179,0,21.52
fold2_room1_mix1449,4,7,0,179,0,22.95
fold2_room1_mix1449,5,7,0,179,0,29.87
fold2_room1_mix1449,6,7,0,-179,0,29.58
fold2_room1_mix1449,7,7,0,-179,0,36.14
fold2_room1_mix1449,8,7,0,179,0,39.57
fold2_room1_mix1449,9,7,0,-179,0,37.55
fold2_room1_mix1449,10,7,0,-178,0,36.12
fold2_room1_mix1449,11,7,0,178,0,39.10
fold2_room1_mix1449,12,7,0,179,0,38.76
fold2_room1_mix1449,13,7,0,-179,0,38.96
fold2_room1_mix1449,14,7,0,179,0,36.74
fold2_room1_mix1449,15,7,0,-179,0,39.06
fold2_room1_mix1449,16,7,0,-179,0,38.15
fold2_room1_mix1449,17,7,0,179,0,35.25
fold2_room1_mix1449,18,7,0,-179,0,37.94
fold2_room1_mix1449,19,7,0,-178,0,37.26
fold2_room1_mix1449,20,7,0,179,0,38.59
fold2_room1_mix1449,21,7,0,179,0,35.30
fold2_room1_mix1449,22,7,0,179,0,39.86
fold2_room1_mix1449,23,7,0,179,0,36.80
fold2_room1_mix1449,24,7,0,179,0,34.80
fold2_room1_mix1449,25,7,0,178,0,37.63
fold2_room1_mix1449,26,7,0,179,0,36.70
fold2_room1_mix1449,27,7,0,178,0,38.03
fold2_room1_mix1449,28,7,0,177,0,34.71
fold2_room1_mix1449,29,7,0,178,0,34.93
fold2_room1_mix1449,30,7,0,178,0,33.06
fold2_room1_mix1449,31,7,0,176,0,33.75
fold2_room1_mix1449,32,7,0,175,0,31.57
fold2_room1_mix1449,33,7,0,176,0,32.61
fold2_room1_mix1449,34,7,0,176,0,31.38
fold2_room1_mix1449,35,7,0,175,0,30.66
fold2_room1_mix1449,36,7,0,176,0,30.47
fold2_room1_mix1449,37,7,0,177,0,31.06
fold2_room1_mix1449,38,7,0,176,0,29.05
fold2_room1_mix1449,39,7,0,176,0,28.57
fold2_room1_mix1449,40,7,0,175,0,28.96
fold2_room1_mix1449,41,7,0,175,0,27.70
fold2_room1_mix1449,42,7,0,175,0,27.16
fold2_room1_mix1449,43,7,0,173,0,27.68
fold2_room1_mix1449,44,7,0,175,0,27.74
fold2_room1_mix1449,45,7,0,174,0,27.01
fold2_room1_mix1449,46,7,0,173,0,26.71
fold2_room1_mix1449,47,7,0,174,0,25.70
fold2_room1_mix1449,48,7,0,174,0,26.38
fold2_room1_mix1449,49,7,0,174,0,25.10
fold2_room1_mix1449,50,7,0,174,0,24.75
fold2_room1_mix1449,51,7,0,175,0,24.46
fold2_room1_mix1449,52,7,0,174,0,24.02
fold2_room1_mix1449,53,7,0,173,0,21.52
fold2_room1_mix1449,54,7,0,171,0,19.94
fold2_room1_mix1449,55,7,0,173,0,18.58
fold2_room1_mix1449,56,7,0,172,0,19.39
fold2_room1_mix1449,57,7,0,172,0,18.86
fold2_room1_mix1449,58,7,0,171,0,17.45
fold2_room1_mix1449,59,7,0,171,0,17.85
fold2_room1_mix1449,60,7,0,170,0,16.82
fold2_room1_mix1449,61,7,0,169,0,15.66
fold2_room1_mix1449,62,7,0,167,0,15.00
fold2_room1_mix1449,63,7,0,169,0,13.75
fold2_room1_mix1449,64,7,0,166,0,12.94
fold2_room1_mix1449,65,7,0,166,-1,12.66
fold2_room1_mix1449,66,7,0,165,-1,11.17
fold2_room1_mix1449,67,7,0,164,-1,10.03
fold2_room1_mix1449,68,7,0,163,-1,9.42
fold2_room1_mix1449,69,7,0,162,-1,8.03
fold2_room1_mix1449,70,7,0,160,-1,8.31
fold2_room1_mix1449,71,7,0,157,-1,6.86
fold2_room1_mix1449,72,7,0,153,-1,5.88
fold2_room1_mix1449,73,7,0,150,-1,5.29
fold2_room1_mix1449,74,7,0,147,-2,4.62
fold2_room1_mix1449,75,7,0,140,-1,4.17
fold2_room1_mix1449,76,7,0,131,-2,3.38
fold2_room1_mix1449,77,7,0,116,-1,2.97
fold2_room1_mix1449,78,7,0,94,0,2.85
fold2_room1_mix1449,79,7,0,77,0,3.10
fold2_room1_mix1449,80,7,0,58,0,3.29
fold2_room1_mix1449,81,7,0,51,0,3.84
fold2_room1_mix1449,82,7,0,43,0,4.16
fold2_room1_mix1449,83,7,0,34,0,4.52
fold2_room1_mix1449,84,7,0,30,0,5.52
fold2_room1_mix1449,85,7,0,27,0,5.99
fold2_room1_mix1449,86,7,0,24,0,6.64
fold2_room1_mix1449,87,7,0,21,0,7.71
fold2_room1_mix1449,88,7,0,20,0,7.83
fold2_room1_mix1449,89,7,0,17,0,8.91
fold2_room1_mix1449,90,7,0,17,0,8.99
fold2_room1_mix1449,91,7,0,17,0,9.98
fold2_room1_mix1449,92,7,0,16,0,10.70
fold2_room1_mix1449,93,7,0,15,0,11.57
fold2_room1_mix1449,94,7,0,14,0,12.90
fold2_room1_mix1449,95,7,0,12,0,13.48
fold2_room1_mix1449,96,7,0,11,0,14.82
fold2_room1_mix1449,97,7,0,11,0,16.00
fold2_room1_mix1449,98,7,0,11,0,16.92
fold2_room1_mix1449,99,7,0,10,0,17.05
fold2_room1_mix1450,3,7,0,178,0,6.40
fold2_room1_mix1450,4,7,0,-178,0,6.38
fold2_room1_mix1450,6,7,0,-179,0,32.86
fold2_room1_mix1450,7,7,0,179,0,38.29
fold2_room1_mix1450,8,7,0,178,0,46.38
fold2_room1_mix1450,9,7,0,179,0,41.78
fold2_room1_mix1450,10,7,0,178,0,45.29
fold2_room1_mix1450,11,7,0,-179,0,32.46
fold2_room1_mix1450,12,7,0,-179,0,30.32
fold2_room1_mix1450,13,7,0,-179,0,40.37
fold2_room1_mix1450,14,7,0,179,0,34.84
fold2_room1_mix1450,15,7,0,-179,0,48.85
fold2_room1_mix1450,16,7,0,-179,0,50.61
fold2_room1_mix1450,17,7,0,-178,0,48.55
fold2_room1_mix1450,18,7,0,-178,0,48.24
fold2_room1_mix1450,19,7,0,-177,0,50.55
fold2_room1_mix1450,20,7,0,-177,0,50.56
fold2_room1_mix1450,21,7,0,-177,0,47.45
fold2_room1_mix1450,22,7,0,-178,0,49.73
fold2_room1_mix1450,23,7,0,-178,0,50.30
fold2_room1_mix1450,24,7,0,-179,0,49.16
fold2_room1_mix1450,25,7,0,179,0,52.21
fold2_room1_mix1450,26,7,0,179,0,49.14
fold2_room1_mix1450,27,7,0,-179,0,49.40
fold2_room1_mix1450,28,7,0,-178,0,48.34
fold2_room1_mix1450,29,7,0,-179,0,51.71
fold2_room1_mix1450,30,7,0,-178,0,47.00
fold2_room1_mix1450,31,7,0,-178,0,46.54
fold2_room1_mix1450,32,7,0,-179,0,46.18
fold2_room1_mix1450,33,7,0,179,0,43.20
fold2_room1_mix1450,34,7,0,-179,0,44.30
fold2_room1_mix1450,35,7,0,179,0,44.02
fold2_room1_mix1450,36,7,0,179,0,43.57
fold2_room1_mix1450,37,7,0,178,0,41.27
fold2_room1_mix1450,38,7,0,179,0,42.61
fold2_room1_mix1450,39,7,0,179,0,41.23
fold2_room1_mix1450,40,7,0,-178,0,40.55
fold2_room1_mix1450,41,7,0,-179,0,39.56
fold2_room1_mix1450,42,7,0,-179,0,37.95
fold2_room1_mix1450,43,7,0,-178,0,33.64
fold2_room1_mix1450,44,7,0,-177,0,35.14
fold2_room1_mix1450,45,7,0,179,0,31.40
fold2_room1_mix1450,46,7,0,179,0,29.78
fold2_room1_mix1450,47,7,0,178,0,30.43
fold2_room1_mix1450,48,7,0,-179,0,28.34
fold2_room1_mix1450,49,7,0,175,0,26.85
fold2_room1_mix1450,50,7,0,176,0,26.11
fold2_room1_mix1450,51,7,0,176,0,26.05
fold2_room1_mix1450,52,7,0,174,0,24.32
fold2_room1_mix1450,53,7,0,176,0,23.58
fold2_room1_mix1450,54,7,0,176,0,21.53
fold2_room1_mix1450,55,7,0,176,0,19.41
fold2_room1_mix1450,56,7,0,172,0,18.60
fold2_room1_mix1450,57,7,0,171,0,17.62
fold2_room1_mix1450,58,7,0,170,0,15.15
fold2_room1_mix1450,59,7,0,169,0,15.34
fold2_room1_mix1450,60,7,0,168,0,13.37
fold2_room1_mix1450,61,7,0,167,0,11.84
fold2_room1_mix1450,62,7,0,162,0,10.44
fold2_room1_mix1450,63,7,0,159,0,9.34
fold2_room1_mix1450,64,7,0,155,0,7.98
fold2_room1_mix1450,65,7,0,148,0,6.50
fold2_room1_mix1450,66,7,0,144,0,5.55
fold2_room1_mix1450,67,7,0,133,0,4.64
fold2_room1_mix1450,68,7,0,119,0,4.05
fold2_room1_mix1450,69,7,0,93,0,3.76
fold2_room1_mix1450,70,7,0,79,1,3.68
fold2_room1_mix1450,71,7,0,56,1,4.12
fold2_room1_mix1450,72,7,0,46,1,4.99
fold2_room1_mix1450,73,7,0,37,1,5.74
fold2_room1_mix1450,74,7,0,30,0,6.80
fold2_room1_mix1450,75,7,0,25,0,7.89
fold2_room1_mix1450,76,7,0,23,0,8.58
fold2_room1_mix1450,77,7,0,21,0,9.60
fold2_room1_mix1450,78,7,0,17,0,10.88
fold2_room1_mix1450,79,7,0,15,0,11.92
fold2_room1_mix1450,80,7,0,14,0,13.86
fold2_room1_mix1450,81,7,0,13,0,14.66
fold2_room1_mix1450,82,7,0,12,0,16.38
fold2_room1_mix1450,83,7,0,12,0,17.22
fold2_room1_mix1450,84,7,0,11,0,17.86
fold2_room1_mix1450,85,7,0,11,0,18.26
fold2_room1_mix1450,86,7,0,10,0,20.23
fold2_room1_mix1450,87,7,0,10,0,19.68
fold2_room1_mix1450,88,7,0,9,0,21.42
fold2_room1_mix1450,89,7,0,8,0,23.71
fold2_room1_mix1450,90,7,0,9,0,25.40
fold2_room1_mix1450,91,7,0,8,0,27.78
fold2_room1_mix1450,92,7,0,8,0,28.25
fold2_room1_mix1450,93,7,0,8,0,29.39
fold2_room1_mix1450,94,7,0,7,0,29.11
fold2_room1_mix1450,95,7,0,7,0,30.64
fold2_room1_mix1450,96,7,0,6,0,33.34
fold2_room1_mix1450,97,7,0,6,0,32.42
fold2_room1_mix1450,98,7,0,5,0,34.07
fold2_room1_mix1450,99,7,0,6,0,37.52
fold2_room1_mix1451,2,7,0,-178,0,5.42
fold2_room1_mix1451,3,7,0,-179,0,12.62
fold2_room1_mix1451,4,7,0,178,0,38.52
fold2_room1_mix1451,5,7,0,178,0,46.57
fold2_room1_mix1451,6,7,0,179,0,44.15
fold2_room1_mix1451,7,7,0,179,0,43.90
fold2_room1_mix1451,8,7,0,179,0,56.55
fold2_room1_mix1451,9,7,0,179,0,52.71
fold2_room1_mix1451,10,7,0,179,0,56.29
fold2_room1_mix1451,11,7,0,179,0,56.67
fold2_room1_mix1451,12,7,0,178,0,62.37
fold2_room1_mix1451,13,7,0,178,0,60.18
fold2_room1_mix1451,14,7,0,178,0,56.96
fold2_room1_mix1451,15,7,0,178,0,59.44
fold2_room1_mix1451,16,7,0,178,0,58.02
fold2_room1_mix1451,17,7,0,178,0,56.23
fold2_room1_mix1451,18,7,0,178,0,56.68
fold2_room1_mix1451,19,7,0,179,0,57.95
fold2_room1_mix1451,20,7,0,178,0,56.28
fold2_room1_mix1451,21,7,0,178,0,54.83
fold2_room1_mix1451,22,7,0,178,0,55.06
fold2_room1_mix1451,23,7,0,179,0,52.24
fold2_room1_mix1451,24,7,0,179,0,53.27
fold2_room1_mix1451,25,7,0,179,0,49.09
fold2_room1_mix1451,26,7,0,179,0,51.32
fold2_room1_mix1451,27,7,0,179,0,49.58
fold2_room1_mix1451,28,7,0,178,0,48.55
fold2_room1_mix1451,29,7,0,178,0,47.07
fold2_room1_mix1451,30,7,0,179,0,46.91
fold2_room1_mix1451,31,7,0,178,0,47.76
fold2_room1_mix1451,32,7,0,178,0,46.55
fold2_room1_mix1451,33,7,0,178,0,44.20
fold2_room1_mix1451,34,7,0,178,0,45.18
fold2_room1_mix1451,35,7,0,177,0,45.37
fold2_room1_mix1451,36,7,0,177,0,44.27
fold2_room1_mix1451,37,7,0,177,0,45.03
fold2_room1_mix1451,38,7,0,178,0,42.04
fold2_room1_mix1451,39,7,0,177,0,42.73
fold2_room1_mix1451,40,7,0,177,0,41.37
fold2_room1_mix1451,41,7,0,177,0,37.71
fold2_room1_mix1451,42,7,0,176,0,35.10
fold2_room1_mix1451,43,7,0,177,0,35.23
fold2_room1_mix1451,44,7,0,176,0,33.70
fold2_room1_mix1451,45,7,0,176,0,32.08
fold2_room1_mix1451,46,7,0,176,0,31.45
fold2_room1_mix1451,47,7,0,175,0,31.93
fold2_room1_mix1451,48,7,0,175,0,29.58
fold2_room1_mix1451,49,7,0,175,0,29.99
fold2_room1_mix1451,50,7,0,173,0,28.09
fold2_room1_mix1451,51,7,0,173,0,25.82
fold2_room1_mix1451,52,7,0,172,0,25.06
fold2_room1_mix1451,53,7,0,171,0,23.76
fold2_room1_mix1451,54,7,0,169,0,20.74
fold2_room1_mix1451,55,7,0,169,0,19.94
fold2_room1_mix1451,56,7,0,170,0,18.60
fold2_room1_mix1451,57,7,0,167,0,17.73
fold2_room1_mix1451,58,7,0,165,0,16.94
fold2_room1_mix1451,59,7,0,165,0,15.72
fold2_room1_mix1451,60,7,0,163,0,13.67
fold2_room1_mix1451,61,7,0,161,0,12.86
fold2_room1_mix1451,62,7,0,159,0,12.03
fold2_room1_mix1451,63,7,0,157,0,10.84
fold2_room1_mix1451,64,7,0,154,0,9.63
fold2_room1_mix1451,65,7,0,151,0,8.34
fold2_room1_mix1451,66,7,0,144,0,7.18
fold2_room1_mix1451,67,7,0,138,0,6.30
fold2_room1_mix1451,68,7,0,129,0,5.63
fold2_room1_mix1451,69,7,0,115,1,5.17
fold2_room1_mix1451,70,7,0,98,1,4.85
fold2_room1_mix1451,71,7,0,84,1,4.70
fold2_room1_mix1451,72,7,0,70,1,5.10
fold2_room1_mix1451,73,7,0,59,1,5.55
fold2_room1_mix1451,74,7,0,48,1,6.19
fold2_room1_mix1451,75,7,0,40,1,7.33
fold2_room1_mix1451,76,7,0,34,0,8.32
fold2_room1_mix1451,77,7,0,31,0,8.95
fold2_room1_mix1451,78,7,0,28,0,10.17
fold2_room1_mix1451,79,7,0,24,0,11.02
fold2_room1_mix1451,80,7,0,22,0,12.14
fold2_room1_mix1451,81,7,0,20,0,13.11
fold2_room1_mix1451,82,7,0,19,0,14.08
fold2_room1_mix1451,83,7,0,17,0,15.24
fold2_room1_mix1451,84,7,0,16,0,16.67
fold2_room1_mix1451,85,7,0,15,0,17.97
fold2_room1_mix1451,86,7,0,15,0,18.85
fold2_room1_mix1451,87,7,0,14,0,19.20
fold2_room1_mix1451,88,7,0,13,0,21.47
fold2_room1_mix1451,89,7,0,13,0,22.40
fold2_room1_mix1451,90,7,0,12,0,22.52
fold2_room1_mix1451,91,7,0,11,0,24.62
fold2_room1_mix1451,92,7,0,11,0,24.47
fold2_room1_mix1451,93,7,0,11,0,26.69
fold2_room1_mix1451,94,7,0,10,0,28.26
fold2_room1_mix1451,95,7,0,10,0,30.07
fold2_room1_mix1451,96,7,0,10,0,29.71
fold2_room1_mix1451,97,7,0,10,0,31.73
fold2_room1_mix1451,98,7,0,10,0,34.13
fold2_room1_mix1451,99,7,0,9,0,34.57
fold2_room1_mix1452,2,7,0,0,0,10.47
fold2_room1_mix1452,3,7,0,0,0,16.59
fold2_room1_mix1452,4,7,0,1,0,31.02
fold2_room1_mix1452,5,7,0,1,0,33.45
fold2_room1_mix1452,6,7,0,1,0,37.46
fold2_room1_mix1452,7,7,0,1,0,43.40
fold2_room1_mix1452,8,7,0,3,0,46.24
fold2_room1_mix1452,9,7,0,2,0,42.50
fold2_room1_mix1452,10,7,0,2,0,41.72
fold2_room1_mix1452,11,7,0,3,0,42.20
fold2_room1_mix1452,12,7,0,3,0,43.12
fold2_room1_mix1452,13,7,0,3,0,40.62
fold2_room1_mix1452,14,7,0,3,0,40.75
fold2_room1_mix1452,15,7,0,3,0,40.34
fold2_room1_mix1452,16,7,0,3,0,37.29
fold2_room1_mix1452,17,7,0,3,0,38.42
fold2_room1_mix1452,18,7,0,3,0,37.08
fold2_room1_mix1452,19,7,0,3,0,36.82
fold2_room1_mix1452,20,7,0,3,0,35.70
fold2_room1_mix1452,21,7,0,3,0,33.70
fold2_room1_mix1452,22,7,0,4,0,31.40
fold2_room1_mix1452,23,7,0,3,0,31.75
fold2_room1_mix1452,24,7,0,5,0,30.28
fold2_room1_mix1452,25,7,0,6,0,28.08
fold2_room1_mix1452,26,7,0,6,0,26.67
fold2_room1_mix1452,27,7,0,6,0,27.73
fold2_room1_mix1452,28,7,0,7,0,23.40
fold2_room1_mix1452,29,7,0,8,0,21.40
fold2_room1_mix1452,30,7,0,9,0,19.03
fold2_room1_mix1452,31,7,0,9,0,18.53
fold2_room1_mix1452,32,7,0,10,0,17.03
fold2_room1_mix1452,33,7,0,11,0,15.92
fold2_room1_mix1452,34,7,0,13,0,14.58
fold2_room1_mix1452,35,7,0,15,0,12.83
fold2_room1_mix1452,36,7,0,16,0,10.82
fold2_room1_mix1452,37,7,0,18,0,10.05
fold2_room1_mix1452,38,7,0,21,-1,7.82
fold2_room1_mix1452,39,7,0,25,-1,6.06
fold2_room1_mix1452,40,7,0,30,-2,4.74
fold2_room1_mix1452,41,7,0,44,-2,3.21
fold2_room1_mix1452,42,7,0,67,0,2.85
fold2_room1_mix1452,43,7,0,107,-1,2.92
fold2_room1_mix1452,44,7,0,131,-1,3.14
fold2_room1_mix1452,45,7,0,141,-1,4.05
fold2_room1_mix1452,46,7,0,150,0,5.06
fold2_room1_mix1452,47,7,0,156,-1,6.18
fold2_room1_mix1452,48,7,0,160,0,7.85
fold2_room1_mix1452,49,7,0,161,0,8.87
fold2_room1_mix1452,50,7,0,164,0,9.83
fold2_room1_mix1452,51,7,0,167,0,11.42
fold2_room1_mix1452,52,7,0,169,0,12.65
fold2_room1_mix1452,53,7,0,170,0,14.79
fold2_room1_mix1452,54,7,0,171,0,16.29
fold2_room1_mix1452,55,7,0,171,0,16.59
fold2_room1_mix1452,56,7,0,171,0,18.56
fold2_room1_mix1452,57,7,0,171,0,20.11
fold2_room1_mix1452,58,7,0,173,0,19.89
fold2_room1_mix1452,59,7,0,173,0,21.77
fold2_room1_mix1452,60,7,0,173,0,22.43
fold2_room1_mix1452,61,7,0,173,0,23.83
fold2_room1_mix1452,62,7,0,173,0,24.43
fold2_room1_mix1452,63,7,0,173,0,26.24
fold2_room1_mix1452,64,7,0,174,0,27.51
fold2_room1_mix1452,65,7,0,174,0,29.11
fold2_room1_mix1452,66,7,0,174,0,29.41
fold2_room1_mix1452,67,7,0,175,0,30.40
fold2_room1_mix1452,68,7,0,175,0,32.94
fold2_room1_mix1452,69,7,0,175,0,33.92
fold2_room1_mix1452,70,7,0,175,0,35.17
fold2_room1_mix1452,71,7,0,176,0,36.57
fold2_room1_mix1452,72,7,0,176,0,40.14
fold2_room1_mix1452,73,7,0,175,0,40.38
fold2_room1_mix1452,74,7,0,175,0,40.18
fold2_room1_mix1452,75,7,0,176,0,45.24
fold2_room1_mix1452,76,7,0,175,0,45.73
fold2_room1_mix1452,77,7,0,176,0,48.25
fold2_room1_mix1452,78,7,0,176,0,48.61
fold2_room1_mix1452,79,7,0,176,0,50.29
fold2_room1_mix1452,80,7,0,176,0,51.39
fold2_room1_mix1452,81,7,0,175,0,52.99
fold2_room1_mix1452,82,7,0,175,0,52.04
fold2_room1_mix1452,83,7,0,176,0,54.20
fold2_room1_mix1452,84,7,0,176,0,53.91
fold2_room1_mix1452,85,7,0,176,0,56.82
fold2_room1_mix1452,86,7,0,176,0,57.69
fold2_room1_mix1452,87,7,0,176,0,56.97
fold2_room1_mix1452,88,7,0,176,0,60.41
fold2_room1_mix1452,89,7,0,176,0,62.16
fold2_room1_mix1452,90,7,0,176,0,63.97
fold2_room1_mix1452,91,7,0,176,0,67.36
fold2_room1_mix1452,92,7,0,176,0,66.49
fold2_room1_mix1452,93,7,0,176,0,67.80
fold2_room1_mix1452,94,7,0,177,0,70.89
fold2_room1_mix1452,95,7,0,176,0,72.35
fold2_room1_mix1452,96,7,0,177,0,77.59
fold2_room1_mix1452,97,7,0,177,0,75.80
fold2_room1_mix1452,98,7,0,177,0,79.02
fold2_room1_mix1452,99,7,0,177,0,79.66
fold2_room1_mix1453,3,7,0,0,0,10.30
fold2_room1_mix1453,4,7,0,2,0,29.85
fold2_room1_mix1453,5,7,0,2,0,32.92
fold2_room1_mix1453,6,7,0,2,0,38.09
fold2_room1_mix1453,7,7,0,2,0,37.42
fold2_room1_mix1453,8,7,0,2,0,43.06
fold2_room1_mix1453,9,7,0,2,0,44.23
fold2_room1_mix1453,10,7,0,2,0,42.19
fold2_room1_mix1453,11,7,0,2,0,43.44
fold2_room1_mix1453,12,7,0,3,0,43.70
fold2_room1_mix1453,13,7,0,3,0,43.08
fold2_room1_mix1453,14,7,0,2,0,45.52
fold2_room1_mix1453,15,7,0,3,0,44.12
fold2_room1_mix1453,16,7,0,3,0,42.83
fold2_room1_mix1453,17,7,0,3,0,42.96
fold2_room1_mix1453,18,7,0,3,0,43.05
fold2_room1_mix1453,19,7,0,3,0,41.31
fold2_room1_mix1453,20,7,0,4,0,40.27
fold2_room1_mix1453,21,7,0,5,0,41.80
fold2_room1_mix1453,22,7,0,4,0,40.91
fold2_room1_mix1453,23,7,0,4,0,39.03
fold2_room1_mix1453,24,7,0,4,0,38.02
fold2_room1_mix1453,25,7,0,4,0,38.62
fold2_room1_mix1453,26,7,0,4,0,37.12
fold2_room1_mix1453,27,7,0,5,0,36.26
fold2_room1_mix1453,28,7,0,5,0,35.56
fold2_room1_mix1453,29,7,0,7,0,33.86
fold2_room1_mix1453,30,7,0,6,0,33.99
fold2_room1_mix1453,31,7,0,7,0,32.44
fold2_room1_mix1453,32,7,0,7,0,32.10
fold2_room1_mix1453,33,7,0,7,0,30.95
fold2_room1_mix1453,34,7,0,7,0,30.01
fold2_room1_mix1453,35,7,0,8,0,28.82
fold2_room1_mix1453,36,7,0,8,0,28.27
fold2_room1_mix1453,37,7,0,9,0,25.78
fold2_room1_mix1453,38,7,0,9,0,24.44
fold2_room1_mix1453,39,7,0,10,0,24.17
fold2_room1_mix1453,40,7,0,11,0,22.58
fold2_room1_mix1453,41,7,0,12,0,20.53
fold2_room1_mix1453,42,7,0,12,0,19.38
fold2_room1_mix1453,43,7,0,13,0,18.02
fold2_room1_mix1453,44,7,0,14,0,17.40
fold2_room1_mix1453,45,7,0,15,0,15.75
fold2_room1_mix1453,46,7,0,15,0,15.96
fold2_room1_mix1453,47,7,0,17,0,14.65
fold2_room1_mix1453,48,7,0,17,0,13.76
fold2_room1_mix1453,49,7,0,19,0,11.85
fold2_room1_mix1453,50,7,0,20,0,10.68
fold2_room1_mix1453,51,7,0,21,0,10.01
fold2_room1_mix1453,52,7,0,24,0,8.70
fold2_room1_mix1453,53,7,0,27,-1,7.47
fold2_room1_mix1453,54,7,0,31,0,6.39
fold2_room1_mix1453,55,7,0,39,-1,5.05
fold2_room1_mix1453,56,7,0,48,0,4.40
fold2_room1_mix1453,57,7,0,59,0,4.08
fold2_room1_mix1453,58,7,0,82,-1,3.55
fold2_room1_mix1453,59,7,0,104,0,3.90
fold2_room1_mix1453,60,7,0,121,0,4.22
fold2_room1_mix1453,61,7,0,133,0,4.83
fold2_room1_mix1453,62,7,0,140,0,5.86
fold2_room1_mix1453,63,7,0,148,0,6.39
fold2_room1_mix1453,64,7,0,151,0,7.22
fold2_room1_mix1453,65,7,0,153,0,8.11
fold2_room1_mix1453,66,7,0,156,0,8.55
fold2_room1_mix1453,67,7,0,159,0,9.72
fold2_room1_mix1453,68,7,0,161,0,10.65
fold2_room1_mix1453,69,7,0,164,0,12.27
fold2_room1_mix1453,70,7,0,164,0,12.74
fold2_room1_mix1453,71,7,0,165,0,13.99
fold2_room1_mix1453,72,7,0,166,0,15.18
fold2_room1_mix1453,73,7,0,167,0,16.79
fold2_room1_mix1453,74,7,0,168,0,16.86
fold2_room1_mix1453,75,7,0,169,0,18.01
fold2_room1_mix1453,76,7,0,169,0,18.64
fold2_room1_mix1453,77,7,0,169,0,18.95
fold2_room1_mix1453,78,7,0,170,0,20.52
fold2_room1_mix1453,79,7,0,170,0,20.97
fold2_room1_mix1453,80,7,0,171,0,22.11
fold2_room1_mix1453,81,7,0,171,0,23.49
fold2_room1_mix1453,82,7,0,171,0,23.72
fold2_room1_mix1453,83,7,0,172,0,26.02
fold2_room1_mix1453,84,7,0,172,0,27.64
fold2_room1_mix1453,85,7,0,172,0,28.80
fold2_room1_mix1453,86,7,0,172,0,29.01
fold2_room1_mix1453,87,7,0,173,0,29.97
fold2_room1_mix1453,88,7,0,173,0,30.57
fold2_room1_mix1453,89,7,0,173,0,31.88
fold2_room1_mix1453,90,7,0,173,0,31.85
fold2_room1_mix1453,91,7,0,173,0,34.05
fold2_room1_mix1453,92,7,0,173,0,35.21
fold2_room1_mix1453,93,7,0,174,0,35.28
fold2_room1_mix1453,94,7,0,174,0,37.12
fold2_room1_mix1453,95,7,0,174,0,37.97
fold2_room1_mix1453,96,7,0,174,0,37.76
fold2_room1_mix1453,97,7,0,174,0,39.26
fold2_room1_mix1453,98,7,0,174,0,40.77
fold2_room1_mix1453,99,7,0,174,0,41.89
fold2_room1_mix1454,7,7,0,178,0,32.12
fold2_room1_mix1454,8,7,0,178,0,39.60
fold2_room1_mix1454,9,7,0,178,0,43.69
fold2_room1_mix1454,10,7,0,178,0,52.57
fold2_room1_mix1454,11,7,0,179,0,49.65
fold2_room1_mix1454,12,7,0,179,0,50.16
fold2_room1_mix1454,13,7,0,179,0,52.95
fold2_room1_mix1454,14,7,0,178,0,52.59
fold2_room1_mix1454,15,7,0,-179,0,50.79
fold2_room1_mix1454,16,7,0,-178,0,50.78
fold2_room1_mix1454,17,7,0,-177,0,53.49
fold2_room1_mix1454,18,7,0,-178,0,55.02
fold2_room1_mix1454,19,7,0,-177,0,49.31
fold2_room1_mix1454,20,7,0,179,0,55.98
fold2_room1_mix1454,21,7,0,-179,0,54.57
fold2_room1_mix1454,22,7,0,-179,0,57.78
fold2_room1_mix1454,23,7,0,-179,0,48.61
fold2_room1_mix1454,24,7,0,-178,0,42.30
fold2_room1_mix1454,25,7,0,-176,0,39.95
fold2_room1_mix1454,26,7,0,-178,0,52.13
fold2_room1_mix1454,27,7,0,-178,0,48.49
fold2_room1_mix1454,28,7,0,-178,0,49.74
fold2_room1_mix1454,29,7,0,-178,0,54.21
fold2_room1_mix1454,30,7,0,-177,0,42.82
fold2_room1_mix1454,31,7,0,-178,0,35.33
fold2_room1_mix1454,32,7,0,-177,0,45.70
fold2_room1_mix1454,33,7,0,-179,0,60.77
fold2_room1_mix1454,34,7,0,179,0,53.13
fold2_room1_mix1454,35,7,0,-177,0,54.04
fold2_room1_mix1454,36,7,0,-179,0,63.76
fold2_room1_mix1454,37,7,0,-178,0,59.42
fold2_room1_mix1454,38,7,0,-178,0,57.80
fold2_room1_mix1454,39,7,0,-178,0,62.03
fold2_room1_mix1454,40,7,0,-179,0,61.65
fold2_room1_mix1454,41,7,0,-178,0,60.97
fold2_room1_mix1454,42,7,0,-178,0,62.71
fold2_room1_mix1454,43,7,0,-178,0,66.12
fold2_room1_mix1454,44,7,0,-177,0,58.68
fold2_room1_mix1454,45,7,0,-178,0,58.02
fold2_room1_mix1454,46,7,0,-178,0,56.25
fold2_room1_mix1454,47,7,0,-178,0,53.01
fold2_room1_mix1454,48,7,0,-178,0,54.45
fold2_room1_mix1454,49,7,0,-179,0,55.04
fold2_room1_mix1454,50,7,0,-177,0,49.17
fold2_room1_mix1454,51,7,0,-177,0,49.11
fold2_room1_mix1454,52,7,0,-176,0,44.33
fold2_room1_mix1454,53,7,0,-176,0,42.99
fold2_room1_mix1454,54,7,0,-177,0,41.44
fold2_room1_mix1454,55,7,0,-174,0,41.97
fold2_room1_mix1454,56,7,0,-173,0,39.73
fold2_room1_mix1454,57,7,0,-175,0,39.23
fold2_room1_mix1454,58,7,0,-175,0,38.78
fold2_room1_mix1454,59,7,0,-173,0,33.58
fold2_room1_mix1454,60,7,0,-171,0,32.43
fold2_room1_mix1454,61,7,0,-170,0,30.62
fold2_room1_mix1454,62,7,0,-169,0,26.40
fold2_room1_mix1454,63,7,0,-169,0,25.14
fold2_room1_mix1454,64,7,0,-167,0,23.24
fold2_room1_mix1454,65,7,0,-167,0,22.10
fold2_room1_mix1454,66,7,0,-166,0,18.45
fold2_room1_mix1454,67,7,0,-165,-1,15.69
fold2_room1_mix1454,68,7,0,-164,-1,14.75
fold2_room1_mix1454,69,7,0,-164,-1,13.98
fold2_room1_mix1454,70,7,0,-163,-1,12.73
fold2_room1_mix1454,71,7,0,-161,-1,10.66
fold2_room1_mix1454,72,7,0,-157,-1,8.43
fold2_room1_mix1454,73,7,0,-153,-1,7.71
fold2_room1_mix1454,74,7,0,-145,-1,6.37
fold2_room1_mix1454,75,7,0,-134,-2,4.48
fold2_room1_mix1454,76,7,0,-120,-3,3.54
fold2_room1_mix1454,77,7,0,-90,-4,3.41
fold2_room1_mix1454,78,7,0,-66,-3,3.55
fold2_room1_mix1454,79,7,0,-47,-2,4.15
fold2_room1_mix1454,80,7,0,-37,-2,5.30
fold2_room1_mix1454,81,7,0,-31,-2,6.70
fold2_room1_mix1454,82,7,0,-23,-1,8.20
fold2_room1_mix1454,83,7,0,-21,-1,9.21
fold2_room1_mix1454,84,7,0,-18,0,10.91
fold2_room1_mix1454,85,7,0,-15,0,12.65
fold2_room1_mix1454,86,7,0,-13,0,14.80
fold2_room1_mix1454,87,7,0,-11,0,16.42
fold2_room1_mix1454,88,7,0,-11,0,17.38
fold2_room1_mix1454,89,7,0,-9,0,18.55
fold2_room1_mix1454,90,7,0,-8,0,21.23
fold2_room1_mix1454,91,7,0,-8,0,23.01
fold2_room1_mix1454,92,7,0,-6,0,24.75
fold2_room1_mix1454,93,7,0,-6,0,26.34
fold2_room1_mix1454,94,7,0,-6,0,28.99
fold2_room1_mix1454,95,7,0,-4,0,29.16
fold2_room1_mix1454,96,7,0,-4,0,31.10
fold2_room1_mix1454,97,7,0,-3,0,34.04
fold2_room1_mix1454,98,7,0,-3,0,36.65
fold2_room1_mix1454,99,7,0,-3,0,38.13
fold2_room1_mix1455,4,7,0,0,0,8.99
fold2_room1_mix1455,5,7,0,1,0,30.20
fold2_room1_mix1455,6,7,0,0,0,15.77
fold2_room1_mix1455,7,7,0,1,0,38.30
fold2_room1_mix1455,8,7,0,1,0,44.30
fold2_room1_mix1455,9,7,0,1,0,56.41
fold2_room1_mix1455,10,7,0,1,0,47.64
fold2_room1_mix1455,11,7,0,1,0,54.59
fold2_room1_mix1455,12,7,0,2,0,55.36
fold2_room1_mix1455,13,7,0,2,0,54.83
fold2_room1_mix1455,14,7,0,2,0,53.93
fold2_room1_mix1455,15,7,0,2,0,57.27
fold2_room1_mix1455,16,7,0,2,0,56.61
fold2_room1_mix1455,17,7,0,1,0,54.31
fold2_room1_mix1455,18,7,0,1,0,59.67
fold2_room1_mix1455,19,7,0,1,0,61.72
fold2_room1_mix1455,20,7,0,1,0,59.02
fold2_room1_mix1455,21,7,0,1,0,61.99
fold2_room1_mix1455,22,7,0,1,0,61.96
fold2_room1_mix1455,23,7,0,1,0,55.21
fold2_room1_mix1455,24,7,0,1,0,53.70
fold2_room1_mix1455,25,7,0,1,0,54.69
fold2_room1_mix1455,26,7,0,1,0,54.22
fold2_room1_mix1455,27,7,0,1,0,56.41
fold2_room1_mix1455,28,7,0,1,0,53.97
fold2_room1_mix1455,29,7,0,1,0,52.37
fold2_room1_mix1455,30,7,0,1,0,53.04
fold2_room1_mix1455,31,7,0,1,0,54.35
fold2_room1_mix1455,32,7,0,1,0,50.76
fold2_room1_mix1455,33,7,0,0,0,50.44
fold2_room1_mix1455,34,7,0,0,0,50.37
fold2_room1_mix1455,35,7,0,1,0,48.19
fold2_room1_mix1455,36,7,0,1,0,47.86
fold2_room1_mix1455,37,7,0,0,0,48.00
fold2_room1_mix1455,38,7,0,1,0,47.49
fold2_room1_mix1455,39,7,0,0,0,44.89
fold2_room1_mix1455,40,7,0,0,0,43.00
fold2_room1_mix1455,41,7,0,0,0,42.12
fold2_room1_mix1455,42,7,0,0,0,41.08
fold2_room1_mix1455,43,7,0,0,0,40.76
fold2_room1_mix1455,44,7,0,-1,0,41.16
fold2_room1_mix1455,45,7,0,0,0,39.61
fold2_room1_mix1455,46,7,0,0,0,39.83
fold2_room1_mix1455,47,7,0,-1,0,40.34
fold2_room1_mix1455,48,7,0,-2,0,36.65
fold2_room1_mix1455,49,7,0,-3,0,33.30
fold2_room1_mix1455,50,7,0,-3,0,31.06
fold2_room1_mix1455,51,7,0,-4,0,31.40
fold2_room1_mix1455,52,7,0,-5,0,29.88
fold2_room1_mix1455,53,7,0,-5,0,29.97
fold2_room1_mix1455,54,7,0,-5,0,27.85
fold2_room1_mix1455,55,7,0,-6,0,26.87
fold2_room1_mix1455,56,7,0,-6,0,26.23
fold2_room1_mix1455,57,7,0,-5,0,24.72
fold2_room1_mix1455,58,7,0,-6,0,23.90
fold2_room1_mix1455,59,7,0,-8,0,23.17
fold2_room1_mix1455,60,7,0,-9,0,20.73
fold2_room1_mix1455,61,7,0,-9,0,19.73
fold2_room1_mix1455,62,7,0,-11,0,17.29
fold2_room1_mix1455,63,7,0,-11,0,17.17
fold2_room1_mix1455,64,7,0,-11,0,16.24
fold2_room1_mix1455,65,7,0,-12,0,15.21
fold2_room1_mix1455,66,7,0,-12,0,14.68
fold2_room1_mix1455,67,7,0,-15,0,12.94
fold2_room1_mix1455,68,7,0,-15,0,12.57
fold2_room1_mix1455,69,7,0,-18,0,11.86
fold2_room1_mix1455,70,7,0,-18,0,10.71
fold2_room1_mix1455,71,7,0,-21,0,9.36
fold2_room1_mix1455,72,7,0,-23,-1,8.28
fold2_room1_mix1455,73,7,0,-28,-1,7.31
fold2_room1_mix1455,74,7,0,-35,-1,6.06
fold2_room1_mix1455,75,7,0,-38,-2,5.26
fold2_room1_mix1455,76,7,0,-43,-3,4.80
fold2_room1_mix1455,77,7,0,-53,-4,4.08
fold2_room1_mix1455,78,7,0,-74,-4,3.41
fold2_room1_mix1455,79,7,0,-95,-4,3.34
fold2_room1_mix1455,80,7,0,-115,-3,3.54
fold2_room1_mix1455,81,7,0,-126,-3,4.08
fold2_room1_mix1455,82,7,0,-138,-2,4.99
fold2_room1_mix1455,83,7,0,-146,-2,5.74
fold2_room1_mix1455,84,7,0,-150,-2,6.89
fold2_room1_mix1455,85,7,0,-153,-1,7.89
fold2_room1_mix1455,86,7,0,-154,-1,8.13
fold2_room1_mix1455,87,7,0,-158,-1,9.49
fold2_room1_mix1455,88,7,0,-159,-1,10.48
fold2_room1_mix1455,89,7,0,-162,-1,12.29
fold2_room1_mix1455,90,7,0,-163,-1,12.71
fold2_room1_mix1455,91,7,0,-165,0,14.37
fold2_room1_mix1455,92,7,0,-166,0,15.68
fold2_room1_mix1455,93,7,0,-166,0,16.67
fold2_room1_mix1455,94,7,0,-167,0,17.68
fold2_room1_mix1455,95,7,0,-169,0,19.21
fold2_room1_mix1455,96,7,0,-169,0,19.20
fold2_room1_mix1455,97,7,0,-169,0,20.66
fold2_room1_mix1455,98,7,0,-170,0,21.40
fold2_room1_mix1455,99,7,0,-170,0,22.55
fold2_room1_mix1456,2,7,0,-1,0,6.60
fold2_room1_mix1456,3,7,0,0,0,15.19
fold2_room1_mix1456,4,7,0,0,0,26.84
fold2_room1_mix1456,5,7,0,-1,0,23.33
fold2_room1_mix1456,6,7,0,-2,0,28.40
fold2_room1_mix1456,7,7,0,1,0,26.67
fold2_room1_mix1456,8,7,0,1,0,33.82
fold2_room1_mix1456,9,7,0,0,0,33.45
fold2_room1_mix1456,10,7,0,0,0,32.63
fold2_room1_mix1456,11,7,0,1,0,29.06
fold2_room1_mix1456,12,7,0,0,0,33.64
fold2_room1_mix1456,13,7,0,0,0,28.93
fold2_room1_mix1456,14,7,0,-3,0,29.17
fold2_room1_mix1456,15,7,0,0,0,30.68
fold2_room1_mix1456,16,7,0,-1,0,28.76
fold2_room1_mix1456,17,7,0,0,0,25.97
fold2_room1_mix1456,18,7,0,-5,0,26.04
fold2_room1_mix1456,19,7,0,-2,0,25.67
fold2_room1_mix1456,20,7,0,-4,0,23.06
fold2_room1_mix1456,21,7,0,-4,0,23.96
fold2_room1_mix1456,22,7,0,-7,0,20.88
fold2_room1_mix1456,23,7,0,-10,0,18.13
fold2_room1_mix1456,24,7,0,-7,0,19.69
fold2_room1_mix1456,25,7,0,-7,0,21.44
fold2_room1_mix1456,26,7,0,-6,0,19.47
fold2_room1_mix1456,27,7,0,-9,0,18.46
fold2_room1_mix1456,28,7,0,-9,0,17.78
fold2_room1_mix1456,29,7,0,-9,0,16.08
fold2_room1_mix1456,30,7,0,-10,0,15.87
fold2_room1_mix1456,31,7,0,-10,0,14.65
fold2_room1_mix1456,32,7,0,-12,0,13.75
fold2_room1_mix1456,33,7,0,-13,0,13.01
fold2_room1_mix1456,34,7,0,-13,0,12.45
fold2_room1_mix1456,35,7,0,-14,0,11.62
fold2_room1_mix1456,36,7,0,-14,-1,10.14
fold2_room1_mix1456,37,7,0,-15,-1,9.79
fold2_room1_mix1456,38,7,0,-18,-1,8.09
fold2_room1_mix1456,39,7,0,-21,-1,7.63
fold2_room1_mix1456,40,7,0,-21,-1,7.38
fold2_room1_mix1456,41,7,0,-25,-2,6.28
fold2_room1_mix1456,42,7,0,-28,-2,5.35
fold2_room1_mix1456,43,7,0,-33,-2,4.99
fold2_room1_mix1456,44,7,0,-40,-3,4.12
fold2_room1_mix1456,45,7,0,-45,-4,3.46
fold2_room1_mix1456,46,7,0,-51,-4,3.03
fold2_room1_mix1456,47,7,0,-66,-4,2.60
fold2_room1_mix1456,48,7,0,-84,-5,2.30
fold2_room1_mix1456,49,7,0,-108,-5,2.38
fold2_room1_mix1456,50,7,0,-120,-4,2.78
fold2_room1_mix1456,51,7,0,-129,-4,3.19
fold2_room1_mix1456,52,7,0,-141,-3,3.65
fold2_room1_mix1456,53,7,0,-146,-3,4.52
fold2_room1_mix1456,54,7,0,-150,-2,5.41
fold2_room1_mix1456,55,7,0,-154,-2,6.19
fold2_room1_mix1456,56,7,0,-155,-2,6.79
fold2_room1_mix1456,57,7,0,-157,-2,7.29
fold2_room1_mix1456,58,7,0,-160,-1,8.35
fold2_room1_mix1456,59,7,0,-161,-1,9.11
fold2_room1_mix1456,60,7,0,-163,-1,9.65
fold2_room1_mix1456,61,7,0,-164,-1,10.79
fold2_room1_mix1456,62,7,0,-165,-1,11.68
fold2_room1_mix1456,63,7,0,-165,-1,11.83
fold2_room1_mix1456,64,7,0,-165,0,12.33
fold2_room1_mix1456,65,7,0,-167,0,13.53
fold2_room1_mix1456,66,7,0,-167,0,14.49
fold2_room1_mix1456,67,7,0,-168,0,16.01
fold2_room1_mix1456,68,7,0,-168,0,15.16
fold2_room1_mix1456,69,7,0,-170,0,16.81
fold2_room1_mix1456,70,7,0,-170,0,17.26
fold2_room1_mix1456,71,7,0,-171,0,18.23
fold2_room1_mix1456,72,7,0,-172,0,19.40
fold2_room1_mix1456,73,7,0,-171,0,19.44
fold2_room1_mix1456,74,7,0,-170,0,20.31
fold2_room1_mix1456,75,7,0,-171,0,22.17
fold2_room1_mix1456,76,7,0,-171,0,21.73
fold2_room1_mix1456,77,7,0,-171,0,21.49
fold2_room1_mix1456,78,7,0,-172,0,24.67
fold2_room1_mix1456,79,7,0,-172,0,24.18
fold2_room1_mix1456,80,7,0,-173,0,26.35
fold2_room1_mix1456,81,7,0,-173,0,26.39
fold2_room1_mix1456,82,7,0,-172,0,26.36
fold2_room1_mix1456,83,7,0,-171,0,25.58
fold2_room1_mix1456,84,7,0,-172,0,26.09
fold2_room1_mix1456,85,7,0,-172,0,28.46
fold2_room1_mix1456,86,7,0,-170,0,22.94
fold2_room1_mix1456,87,7,0,-173,0,29.01
fold2_room1_mix1456,88,7,0,-173,0,25.85
fold2_room1_mix1456,89,7,0,-174,0,27.89
fold2_room1_mix1456,90,7,0,-173,0,29.99
fold2_room1_mix1456,91,7,0,-173,0,33.47
fold2_room1_mix1456,92,7,0,-175,0,35.17
fold2_room1_mix1456,93,7,0,-175,0,33.41
fold2_room1_mix1456,94,7,0,-175,0,35.63
fold2_room1_mix1456,95,7,0,-174,0,36.76
fold2_room1_mix1456,96,7,0,-175,0,37.51
fold2_room1_mix1456,97,7,0,-176,0,36.81
fold2_room1_mix1456,98,7,0,-173,0,19.00
fold2_room1_mix1456,99,7,0,-175,0,37.71
fold2_room1_mix1457,3,7,0,0,0,15.39
fold2_room1_mix1457,4,7,0,0,0,25.02
fold2_room1_mix1457,5,7,0,0,0,27.41
fold2_room1_mix1457,6,7,0,0,0,29.62
fold2_room1_mix1457,7,7,0,0,0,32.36
fold2_room1_mix1457,8,7,0,0,0,38.03
fold2_room1_mix1457,9,7,0,0,0,31.27
fold2_room1_mix1457,10,7,0,0,0,28.67
fold2_room1_mix1457,11,7,0,0,0,33.87
fold2_room1_mix1457,12,7,0,1,0,36.98
fold2_room1_mix1457,13,7,0,0,0,30.87
fold2_room1_mix1457,14,7,0,0,0,29.41
fold2_room1_mix1457,15,7,0,1,0,37.13
fold2_room1_mix1457,16,7,0,0,0,33.57
fold2_room1_mix1457,17,7,0,0,0,33.56
fold2_room1_mix1457,18,7,0,0,0,35.02
fold2_room1_mix1457,19,7,0,1,0,34.75
fold2_room1_mix1457,20,7,0,0,0,30.09
fold2_room1_mix1457,21,7,0,0,0,31.23
fold2_room1_mix1457,22,7,0,0,0,34.63
fold2_room1_mix1457,23,7,0,0,0,30.40
fold2_room1_mix1457,24,7,0,-1,0,30.47
fold2_room1_mix1457,25,7,0,-5,0,28.14
fold2_room1_mix1457,26,7,0,-2,0,27.69
fold2_room1_mix1457,27,7,0,0,0,30.31
fold2_room1_mix1457,28,7,0,0,0,26.96
fold2_room1_mix1457,29,7,0,-4,0,25.42
fold2_room1_mix1457,30,7,0,-3,0,23.10
fold2_room1_mix1457,31,7,0,-4,0,23.31
fold2_room1_mix1457,32,7,0,-7,0,21.77
fold2_room1_mix1457,33,7,0,-7,0,19.47
fold2_room1_mix1457,34,7,0,-9,0,18.32
fold2_room1_mix1457,35,7,0,-9,0,18.60
fold2_room1_mix1457,36,7,0,-7,0,17.62
fold2_room1_mix1457,37,7,0,-10,0,17.83
fold2_room1_mix1457,38,7,0,-10,0,17.33
fold2_room1_mix1457,39,7,0,-9,0,15.39
fold2_room1_mix1457,40,7,0,-11,0,15.85
fold2_room1_mix1457,41,7,0,-9,0,15.43
fold2_room1_mix1457,42,7,0,-11,0,14.03
fold2_room1_mix1457,43,7,0,-12,0,13.26
fold2_room1_mix1457,44,7,0,-14,0,12.05
fold2_room1_mix1457,45,7,0,-14,0,11.78
fold2_room1_mix1457,46,7,0,-15,0,12.16
fold2_room1_mix1457,47,7,0,-17,0,10.56
fold2_room1_mix1457,48,7,0,-17,-1,10.22
fold2_room1_mix1457,49,7,0,-18,-1,9.29
fold2_room1_mix1457,50,7,0,-20,-1,8.24
fold2_room1_mix1457,51,7,0,-22,-1,7.63
fold2_room1_mix1457,52,7,0,-22,-1,7.19
fold2_room1_mix1457,53,7,0,-25,-1,6.67
fold2_room1_mix1457,54,7,0,-28,-1,6.19
fold2_room1_mix1457,55,7,0,-30,-2,5.33
fold2_room1_mix1457,56,7,0,-36,-2,4.70
fold2_room1_mix1457,57,7,0,-38,-2,4.82
fold2_room1_mix1457,58,7,0,-44,-3,3.70
fold2_room1_mix1457,59,7,0,-45,-3,3.68
fold2_room1_mix1457,60,7,0,-57,-4,3.17
fold2_room1_mix1457,61,7,0,-64,-3,2.86
fold2_room1_mix1457,62,7,0,-81,-4,2.51
fold2_room1_mix1457,63,7,0,-93,-4,2.44
fold2_room1_mix1457,64,7,0,-110,-4,2.75
fold2_room1_mix1457,65,7,0,-121,-3,3.17
fold2_room1_mix1457,66,7,0,-132,-3,3.53
fold2_room1_mix1457,67,7,0,-140,-2,4.18
fold2_room1_mix1457,68,7,0,-143,-2,4.70
fold2_room1_mix1457,69,7,0,-147,-2,5.19
fold2_room1_mix1457,70,7,0,-149,-2,5.69
fold2_room1_mix1457,71,7,0,-153,-1,6.68
fold2_room1_mix1457,72,7,0,-155,-1,6.99
fold2_room1_mix1457,73,7,0,-158,-1,7.52
fold2_room1_mix1457,74,7,0,-158,-1,8.30
fold2_room1_mix1457,75,7,0,-160,-1,9.23
fold2_room1_mix1457,76,7,0,-162,-1,9.61
fold2_room1_mix1457,77,7,0,-162,0,10.23
fold2_room1_mix1457,78,7,0,-163,0,11.23
fold2_room1_mix1457,79,7,0,-165,0,12.05
fold2_room1_mix1457,80,7,0,-165,0,12.39
fold2_room1_mix1457,81,7,0,-166,0,13.09
fold2_room1_mix1457,82,7,0,-166,0,13.89
fold2_room1_mix1457,83,7,0,-167,0,14.42
fold2_room1_mix1457,84,7,0,-167,0,15.08
fold2_room1_mix1457,85,7,0,-168,0,16.15
fold2_room1_mix1457,86,7,0,-169,0,16.07
fold2_room1_mix1457,87,7,0,-169,0,17.59
fold2_room1_mix1457,88,7,0,-170,0,18.91
fold2_room1_mix1457,89,7,0,-170,0,18.78
fold2_room1_mix1457,90,7,0,-170,0,18.34
fold2_room1_mix1457,91,7,0,-170,0,20.30
fold2_room1_mix1457,92,7,0,-170,0,19.87
fold2_room1_mix1457,93,7,0,-171,0,20.63
fold2_room1_mix1457,94,7,0,-170,0,21.92
fold2_room1_mix1457,95,7,0,-171,0,23.22
fold2_room1_mix1457,96,7,0,-170,0,24.14
fold2_room1_mix1457,97,7,0,-172,0,25.06
fold2_room1_mix1457,98,7,0,-171,0,25.65
fold2_room1_mix1457,99,7,0,-172,0,25.76
fold2_room1_mix1458,2,7,0,178,0,8.84
fold2_room1_mix1458,4,7,0,179,0,16.49
fold2_room1_mix1458,8,7,0,178,0,16.17
fold2_room1_mix1458,9,7,0,178,0,33.93
fold2_room1_mix1458,10,7,0,177,0,42.23
fold2_room1_mix1458,11,7,0,178,0,46.29
fold2_room1_mix1458,12,7,0,178,0,48.60
fold2_room1_mix1458,13,7,0,179,0,48.16
fold2_room1_mix1458,14,7,0,179,0,49.52
fold2_room1_mix1458,15,7,0,-179,0,49.65
fold2_room1_mix1458,16,7,0,-177,0,49.47
fold2_room1_mix1458,17,7,0,177,0,6.66
fold2_room1_mix1458,20,7,0,-178,0,12.43
fold2_room1_mix1458,21,7,0,179,0,28.53
fold2_room1_mix1458,22,7,0,179,0,45.97
fold2_room1_mix1458,23,7,0,-179,0,43.21
fold2_room1_mix1458,24,7,0,179,0,47.86
fold2_room1_mix1458,25,7,0,-179,0,51.97
fold2_room1_mix1458,26,7,0,179,0,53.76
fold2_room1_mix1458,27,7,0,179,0,54.37
fold2_room1_mix1458,28,7,0,-178,0,48.42
fold2_room1_mix1458,29,7,0,-178,0,44.44
fold2_room1_mix1458,30,7,0,-178,0,48.85
fold2_room1_mix1458,31,7,0,-178,0,46.76
fold2_room1_mix1458,32,7,0,-178,0,44.85
fold2_room1_mix1458,33,7,0,-177,0,44.79
fold2_room1_mix1458,34,7,0,-178,0,44.53
fold2_room1_mix1458,35,7,0,-175,0,41.06
fold2_room1_mix1458,36,7,0,-177,0,44.86
fold2_room1_mix1458,37,7,0,-175,0,39.68
fold2_room1_mix1458,38,7,0,-176,0,39.06
fold2_room1_mix1458,39,7,0,-174,0,36.53
fold2_room1_mix1458,40,7,0,-174,0,35.52
fold2_room1_mix1458,41,7,0,-175,0,28.77
fold2_room1_mix1458,42,7,0,-171,0,28.32
fold2_room1_mix1458,43,7,0,-171,0,25.32
fold2_room1_mix1458,44,7,0,-172,0,23.94
fold2_room1_mix1458,45,7,0,-169,0,21.61
fold2_room1_mix1458,46,7,0,-170,0,20.64
fold2_room1_mix1458,47,7,0,-171,0,19.68
fold2_room1_mix1458,48,7,0,-169,-1,17.23
fold2_room1_mix1458,49,7,0,-167,-1,14.60
fold2_room1_mix1458,50,7,0,-166,-1,14.12
fold2_room1_mix1458,51,7,0,-164,-1,12.24
fold2_room1_mix1458,52,7,0,-164,-1,11.21
fold2_room1_mix1458,53,7,0,-160,-1,9.12
fold2_room1_mix1458,54,7,0,-159,-1,8.55
fold2_room1_mix1458,55,7,0,-153,-2,6.99
fold2_room1_mix1458,56,7,0,-148,-2,5.59
fold2_room1_mix1458,57,7,0,-143,-2,5.39
fold2_room1_mix1458,58,7,0,-130,-4,3.53
fold2_room1_mix1458,59,7,0,-110,-4,3.06
fold2_room1_mix1458,60,7,0,-87,-4,3.01
fold2_room1_mix1458,61,7,0,-62,-3,3.08
fold2_room1_mix1458,62,7,0,-47,-2,3.96
fold2_room1_mix1458,63,7,0,-37,-1,5.03
fold2_room1_mix1458,64,7,0,-32,-1,5.79
fold2_room1_mix1458,65,7,0,-27,-1,6.91
fold2_room1_mix1458,66,7,0,-21,0,8.09
fold2_room1_mix1458,67,7,0,-20,0,8.56
fold2_room1_mix1458,68,7,0,-17,0,10.06
fold2_room1_mix1458,69,7,0,-13,0,11.29
fold2_room1_mix1458,70,7,0,-13,0,12.83
fold2_room1_mix1458,71,7,0,-10,0,14.14
fold2_room1_mix1458,72,7,0,-9,0,15.72
fold2_room1_mix1458,73,7,0,-8,0,17.47
fold2_room1_mix1458,74,7,0,-7,0,18.67
fold2_room1_mix1458,75,7,0,-6,0,20.22
fold2_room1_mix1458,76,7,0,-6,0,22.37
fold2_room1_mix1458,77,7,0,-7,0,20.50
fold2_room1_mix1458,78,7,0,-5,0,22.17
fold2_room1_mix1458,79,7,0,-5,0,23.90
fold2_room1_mix1458,80,7,0,-5,0,24.98
fold2_room1_mix1458,81,7,0,-4,0,25.69
fold2_room1_mix1458,82,7,0,-3,0,28.38
fold2_room1_mix1458,83,7,0,-3,0,30.11
fold2_room1_mix1458,84,7,0,-4,0,27.31
fold2_room1_mix1458,85,7,0,-3,0,29.60
fold2_room1_mix1458,86,7,0,-3,0,30.98
fold2_room1_mix1458,87,7,0,-3,0,26.91
fold2_room1_mix1458,88,7,0,-2,0,34.37
fold2_room1_mix1458,89,7,0,-2,0,35.05
fold2_room1_mix1458,90,7,0,-2,0,32.49
fold2_room1_mix1458,91,7,0,-3,0,26.44
fold2_room1_mix1458,92,7,0,-2,0,35.23
fold2_room1_mix1458,93,7,0,-2,0,34.25
fold2_room1_mix1458,94,7,0,-1,0,42.77
fold2_room1_mix1458,95,7,0,-1,0,45.62
fold2_room1_mix1458,96,7,0,-1,0,44.63
fold2_room1_mix1458,97,7,0,-2,0,48.71
fold2_room1_mix1458,98,7,0,-2,0,47.04
fold2_room1_mix1458,99,7,0,-1,0,46.54
fold2_room1_mix1459,3,7,0,-179,0,14.52
fold2_room1_mix1459,4,7,0,-178,0,27.55
fold2_room1_mix1459,5,7,0,-179,0,30.80
fold2_room1_mix1459,6,7,0,-179,0,29.60
fold2_room1_mix1459,7,7,0,-179,0,32.93
fold2_room1_mix1459,8,7,0,-177,0,33.85
fold2_room1_mix1459,9,7,0,-179,0,32.88
fold2_room1_mix1459,10,7,0,-178,0,30.63
fold2_room1_mix1459,11,7,0,178,0,34.48
fold2_room1_mix1459,12,7,0,-179,0,29.87
fold2_room1_mix1459,13,7,0,179,0,28.75
fold2_room1_mix1459,14,7,0,179,0,28.89
fold2_room1_mix1459,15,7,0,178,0,27.55
fold2_room1_mix1459,16,7,0,-179,0,26.98
fold2_room1_mix1459,17,7,0,177,0,26.37
fold2_room1_mix1459,18,7,0,177,0,25.09
fold2_room1_mix1459,19,7,0,178,0,24.50
fold2_room1_mix1459,20,7,0,176,0,22.62
fold2_room1_mix1459,21,7,0,177,0,20.57
fold2_room1_mix1459,22,7,0,177,0,20.24
fold2_room1_mix1459,23,7,0,177,0,20.03
fold2_room1_mix1459,24,7,0,175,0,18.74
fold2_room1_mix1459,25,7,0,175,-1,17.38
fold2_room1_mix1459,26,7,0,174,0,15.53
fold2_room1_mix1459,27,7,0,172,0,15.12
fold2_room1_mix1459,28,7,0,173,-1,14.38
fold2_room1_mix1459,29,7,0,171,-1,13.12
fold2_room1_mix1459,30,7,0,170,-1,11.71
fold2_room1_mix1459,31,7,0,165,0,9.83
fold2_room1_mix1459,32,7,0,165,-1,8.42
fold2_room1_mix1459,33,7,0,164,-1,7.10
fold2_room1_mix1459,34,7,0,160,-1,6.15
fold2_room1_mix1459,35,7,0,154,-1,5.11
fold2_room1_mix1459,36,7,0,147,-2,3.69
fold2_room1_mix1459,37,7,0,130,0,2.46
fold2_room1_mix1459,38,7,0,87,0,1.74
fold2_room1_mix1459,39,7,0,48,0,2.44
fold2_room1_mix1459,40,7,0,32,0,3.15
fold2_room1_mix1459,41,7,0,20,0,4.64
fold2_room1_mix1459,42,7,0,17,0,5.23
fold2_room1_mix1459,43,7,0,15,0,6.08
fold2_room1_mix1459,44,7,0,12,0,7.28
fold2_room1_mix1459,45,7,0,11,0,8.28
fold2_room1_mix1459,46,7,0,9,0,9.40
fold2_room1_mix1459,47,7,0,9,0,10.64
fold2_room1_mix1459,48,7,0,7,0,11.37
fold2_room1_mix1459,49,7,0,8,0,12.83
fold2_room1_mix1459,50,7,0,8,0,13.48
fold2_room1_mix1459,51,7,0,7,0,14.83
fold2_room1_mix1459,52,7,0,7,0,15.75
fold2_room1_mix1459,53,7,0,7,0,16.77
fold2_room1_mix1459,54,7,0,6,0,17.68
fold2_room1_mix1459,55,7,0,6,0,18.47
fold2_room1_mix1459,56,7,0,6,0,19.31
fold2_room1_mix1459,57,7,0,6,0,20.50
fold2_room1_mix1459,58,7,0,5,0,21.94
fold2_room1_mix1459,59,7,0,5,0,24.31
fold2_room1_mix1459,60,7,0,5,0,24.69
fold2_room1_mix1459,61,7,0,4,0,26.86
fold2_room1_mix1459,62,7,0,5,0,27.48
fold2_room1_mix1459,63,7,0,5,0,28.05
fold2_room1_mix1459,64,7,0,4,0,29.17
fold2_room1_mix1459,65,7,0,4,0,29.51
fold2_room1_mix1459,66,7,0,4,0,30.63
fold2_room1_mix1459,67,7,0,3,0,31.81
fold2_room1_mix1459,68,7,0,4,0,34.37
fold2_room1_mix1459,69,7,0,5,0,35.39
fold2_room1_mix1459,70,7,0,4,0,36.10
fold2_room1_mix1459,71,7,0,3,0,37.70
fold2_room1_mix1459,72,7,0,4,0,39.53
fold2_room1_mix1459,73,7,0,3,0,39.24
fold2_room1_mix1459,74,7,0,3,0,40.14
fold2_room1_mix1459,75,7,0,3,0,44.10
fold2_room1_mix1459,76,7,0,4,0,41.21
fold2_room1_mix1459,77,7,0,3,0,45.44
fold2_room1_mix1459,78,7,0,4,0,45.67
fold2_room1_mix1459,79,7,0,4,0,47.59
fold2_room1_mix1459,80,7,0,3,0,47.71
fold2_room1_mix1459,81,7,0,3,0,50.97
fold2_room1_mix1459,82,7,0,4,0,50.45
fold2_room1_mix1459,83,7,0,4,0,51.80
fold2_room1_mix1459,84,7,0,4,0,52.94
fold2_room1_mix1459,85,7,0,4,0,55.15
fold2_room1_mix1459,86,7,0,3,0,52.09
fold2_room1_mix1459,87,7,0,3,0,54.24
fold2_room1_mix1459,88,7,0,3,0,56.05
fold2_room1_mix1459,89,7,0,3,0,54.68
fold2_room1_mix1459,90,7,0,3,0,57.80
fold2_room1_mix1459,91,7,0,3,0,63.66
fold2_room1_mix1459,92,7,0,3,0,54.96
fold2_room1_mix1459,93,7,0,3,0,61.98
fold2_room1_mix1459,94,7,0,3,0,63.56
fold2_room1_mix1459,95,7,0,3,0,62.29
fold2_room1_mix1459,96,7,0,3,0,65.01
fold2_room1_mix1459,97,7,0,3,0,69.09
fold2_room1_mix1459,98,7,0,3,0,67.65
fold2_room1_mix1459,99,7,0,3,0,65.82
fold2_room1_mix1460,2,7,0,0,0,3.97
fold2_room1_mix1460,3,7,0,0,0,15.92
fold2_room1_mix1460,4,7,0,-4,0,17.87
fold2_room1_mix1460,5,7,0,0,0,20.97
fold2_room1_mix1460,6,7,0,0,0,21.83
fold2_room1_mix1460,7,7,0,-2,0,23.72
fold2_room1_mix1460,8,7,0,-2,0,23.92
fold2_room1_mix1460,9,7,0,-7,0,19.91
fold2_room1_mix1460,10,7,0,-8,0,19.30
fold2_room1_mix1460,11,7,0,-5,0,20.41
fold2_room1_mix1460,12,7,0,-8,0,18.74
fold2_room1_mix1460,13,7,0,-10,0,17.64
fold2_room1_mix1460,14,7,0,-11,0,17.22
fold2_room1_mix1460,15,7,0,-12,0,15.20
fold2_room1_mix1460,16,7,0,-13,0,14.14
fold2_room1_mix1460,17,7,0,-15,0,13.58
fold2_room1_mix1460,18,7,0,-16,0,12.77
fold2_room1_mix1460,19,7,0,-19,0,12.10
fold2_room1_mix1460,20,7,0,-20,0,11.20
fold2_room1_mix1460,21,7,0,-22,0,9.20
fold2_room1_mix1460,22,7,0,-25,0,8.45
fold2_room1_mix1460,23,7,0,-29,-1,7.52
fold2_room1_mix1460,24,7,0,-32,-1,6.75
fold2_room1_mix1460,25,7,0,-40,-1,5.51
fold2_room1_mix1460,26,7,0,-47,-2,4.95
fold2_room1_mix1460,27,7,0,-52,-2,4.45
fold2_room1_mix1460,28,7,0,-68,-2,3.82
fold2_room1_mix1460,29,7,0,-84,-3,3.08
fold2_room1_mix1460,30,7,0,-102,-3,3.15
fold2_room1_mix1460,31,7,0,-116,-2,3.67
fold2_room1_mix1460,32,7,0,-129,-2,4.50
fold2_room1_mix1460,33,7,0,-140,-2,5.61
fold2_room1_mix1460,34,7,0,-145,-1,6.16
fold2_room1_mix1460,35,7,0,-147,-1,6.65
fold2_room1_mix1460,36,7,0,-151,-1,7.85
fold2_room1_mix1460,37,7,0,-153,-1,9.12
fold2_room1_mix1460,38,7,0,-156,0,9.70
fold2_room1_mix1460,39,7,0,-158,0,10.77
fold2_room1_mix1460,40,7,0,-161,0,11.54
fold2_room1_mix1460,41,7,0,-162,0,13.08
fold2_room1_mix1460,42,7,0,-163,0,13.91
fold2_room1_mix1460,43,7,0,-164,0,15.15
fold2_room1_mix1460,44,7,0,-165,0,15.77
fold2_room1_mix1460,45,7,0,-166,0,18.01
fold2_room1_mix1460,46,7,0,-167,0,18.83
fold2_room1_mix1460,47,7,0,-167,0,19.05
fold2_room1_mix1460,48,7,0,-168,0,20.04
fold2_room1_mix1460,49,7,0,-169,0,21.58
fold2_room1_mix1460,50,7,0,-169,0,21.83
fold2_room1_mix1460,51,7,0,-169,0,22.46
fold2_room1_mix1460,52,7,0,-170,0,23.94
fold2_room1_mix1460,53,7,0,-171,0,26.24
fold2_room1_mix1460,54,7,0,-171,0,26.28
fold2_room1_mix1460,55,7,0,-171,0,27.76
fold2_room1_mix1460,56,7,0,-172,0,29.48
fold2_room1_mix1460,57,7,0,-172,0,29.74
fold2_room1_mix1460,58,7,0,-172,0,30.88
fold2_room1_mix1460,59,7,0,-173,0,31.36
fold2_room1_mix1460,60,7,0,-172,0,32.35
fold2_room1_mix1460,61,7,0,-172,0,34.33
fold2_room1_mix1460,62,7,0,-173,0,36.59
fold2_room1_mix1460,63,7,0,-173,0,38.18
fold2_room1_mix1460,64,7,0,-173,0,40.63
fold2_room1_mix1460,65,7,0,-174,0,40.27
fold2_room1_mix1460,66,7,0,-174,0,42.84
fold2_room1_mix1460,67,7,0,-174,0,44.28
fold2_room1_mix1460,68,7,0,-174,0,42.77
fold2_room1_mix1460,69,7,0,-174,0,43.69
fold2_room1_mix1460,70,7,0,-175,0,46.10
fold2_room1_mix1460,71,7,0,-174,0,47.37
fold2_room1_mix1460,72,7,0,-174,0,40.70
fold2_room1_mix1460,73,7,0,-174,0,44.58
fold2_room1_mix1460,74,7,0,-174,0,45.84
fold2_room1_mix1460,75,7,0,-175,0,47.11
fold2_room1_mix1460,76,7,0,-175,0,49.89
fold2_room1_mix1460,77,7,0,-175,0,49.35
fold2_room1_mix1460,78,7,0,-175,0,49.46
fold2_room1_mix1460,79,7,0,-174,0,41.48
fold2_room1_mix1460,80,7,0,-174,0,44.11
fold2_room1_mix1460,81,7,0,-176,0,53.32
fold2_room1_mix1460,82,7,0,-176,0,50.29
fold2_room1_mix1460,83,7,0,-175,0,52.02
fold2_room1_mix1460,84,7,0,-175,0,54.26
fold2_room1_mix1460,86,7,0,-175,0,48.73
fold2_room1_mix1460,87,7,0,-176,0,65.75
fold2_room1_mix1460,88,7,0,-176,0,62.77
fold2_room1_mix1460,89,7,0,-175,0,56.86
fold2_room1_mix1460,91,7,0,-173,0,12.03
fold2_room1_mix1460,96,7,0,-174,0,22.24
fold2_room1_mix1460,99,7,0,-175,0,30.51
fold2_room1_mix1461,4,7,0,-177,0,5.21
fold2_room1_mix1461,5,7,0,-179,0,16.23
fold2_room1_mix1461,6,7,0,178,0,38.37
fold2_room1_mix1461,7,7,0,-179,0,38.07
fold2_room1_mix1461,8,7,0,179,0,45.36
fold2_room1_mix1461,9,7,0,178,0,60.41
fold2_room1_mix1461,10,7,0,178,0,56.78
fold2_room1_mix1461,11,7,0,178,0,55.57
fold2_room1_mix1461,12,7,0,178,0,56.61
fold2_room1_mix1461,13,7,0,178,0,60.42
fold2_room1_mix1461,14,7,0,-179,0,54.63
fold2_room1_mix1461,15,7,0,178,0,55.84
fold2_room1_mix1461,16,7,0,179,0,61.51
fold2_room1_mix1461,17,7,0,-179,0,58.14
fold2_room1_mix1461,18,7,0,179,0,62.13
fold2_room1_mix1461,19,7,0,179,0,67.00
fold2_room1_mix1461,20,7,0,179,0,71.10
fold2_room1_mix1461,21,7,0,179,0,63.34
fold2_room1_mix1461,22,7,0,179,0,65.72
fold2_room1_mix1461,23,7,0,178,0,65.94
fold2_room1_mix1461,24,7,0,179,0,59.39
fold2_room1_mix1461,25,7,0,179,0,62.32
fold2_room1_mix1461,26,7,0,179,0,62.63
fold2_room1_mix1461,27,7,0,179,0,59.28
fold2_room1_mix1461,28,7,0,178,0,60.15
fold2_room1_mix1461,29,7,0,178,0,59.52
fold2_room1_mix1461,30,7,0,178,0,60.61
fold2_room1_mix1461,31,7,0,178,0,54.65
fold2_room1_mix1461,32,7,0,177,0,61.19
fold2_room1_mix1461,33,7,0,178,0,59.35
fold2_room1_mix1461,34,7,0,178,0,55.58
fold2_room1_mix1461,35,7,0,178,0,57.16
fold2_room1_mix1461,36,7,0,178,0,53.58
fold2_room1_mix1461,37,7,0,178,0,48.68
fold2_room1_mix1461,38,7,0,178,0,50.76
fold2_room1_mix1461,39,7,0,177,0,47.41
fold2_room1_mix1461,40,7,0,178,0,47.28
fold2_room1_mix1461,41,7,0,178,0,47.47
fold2_room1_mix1461,42,7,0,178,0,47.99
fold2_room1_mix1461,43,7,0,178,0,47.90
fold2_room1_mix1461,44,7,0,177,0,47.46
fold2_room1_mix1461,45,7,0,177,0,45.35
fold2_room1_mix1461,46,7,0,177,0,41.95
fold2_room1_mix1461,47,7,0,178,0,42.25
fold2_room1_mix1461,48,7,0,177,0,40.05
fold2_room1_mix1461,49,7,0,176,0,35.93
fold2_room1_mix1461,50,7,0,178,0,34.19
fold2_room1_mix1461,51,7,0,176,0,33.01
fold2_room1_mix1461,52,7,0,176,0,32.69
fold2_room1_mix1461,53,7,0,176,0,29.66
fold2_room1_mix1461,54,7,0,174,0,27.51
fold2_room1_mix1461,55,7,0,174,0,27.93
fold2_room1_mix1461,56,7,0,174,0,24.98
fold2_room1_mix1461,57,7,0,174,0,21.93
fold2_room1_mix1461,58,7,0,173,0,20.63
fold2_room1_mix1461,59,7,0,170,0,18.62
fold2_room1_mix1461,60,7,0,169,0,18.51
fold2_room1_mix1461,61,7,0,166,0,15.96
fold2_room1_mix1461,62,7,0,165,0,13.86
fold2_room1_mix1461,63,7,0,163,0,12.59
fold2_room1_mix1461,64,7,0,160,0,11.23
fold2_room1_mix1461,65,7,0,158,0,9.69
fold2_room1_mix1461,66,7,0,153,0,7.88
fold2_room1_mix1461,67,7,0,145,0,6.32
fold2_room1_mix1461,68,7,0,136,0,5.61
fold2_room1_mix1461,69,7,0,120,0,4.93
fold2_room1_mix1461,70,7,0,93,0,4.33
fold2_room1_mix1461,71,7,0,71,0,4.39
fold2_room1_mix1461,72,7,0,56,1,4.79
fold2_room1_mix1461,73,7,0,46,0,6.24
fold2_room1_mix1461,74,7,0,36,0,7.00
fold2_room1_mix1461,75,7,0,30,0,8.15
fold2_room1_mix1461,76,7,0,27,0,9.72
fold2_room1_mix1461,77,7,0,23,0,10.37
fold2_room1_mix1461,78,7,0,20,0,11.94
fold2_room1_mix1461,79,7,0,17,0,14.19
fold2_room1_mix1461,80,7,0,17,0,15.14
fold2_room1_mix1461,81,7,0,15,0,16.11
fold2_room1_mix1461,82,7,0,14,0,17.37
fold2_room1_mix1461,83,7,0,13,0,19.44
fold2_room1_mix1461,84,7,0,12,0,20.67
fold2_room1_mix1461,85,7,0,11,0,21.10
fold2_room1_mix1461,86,7,0,11,0,22.94
fold2_room1_mix1461,87,7,0,11,0,25.25
fold2_room1_mix1461,88,7,0,10,0,26.74
fold2_room1_mix1461,89,7,0,10,0,28.58
fold2_room1_mix1461,90,7,0,9,0,29.54
fold2_room1_mix1461,91,7,0,9,0,32.30
fold2_room1_mix1461,92,7,0,10,0,33.69
fold2_room1_mix1461,93,7,0,8,0,34.30
fold2_room1_mix1461,94,7,0,8,0,35.12
fold2_room1_mix1461,95,7,0,8,0,38.31
fold2_room1_mix1461,96,7,0,8,0,39.57
fold2_room1_mix1461,97,7,0,7,0,39.78
fold2_room1_mix1461,98,7,0,7,0,42.72
fold2_room1_mix1461,99,7,0,7,0,46.60
fold2_room1_mix1462,4,7,0,-177,0,8.02
fold2_room1_mix1462,5,7,0,179,0,28.37
fold2_room1_mix1462,6,7,0,179,0,38.99
fold2_room1_mix1462,7,7,0,-179,0,39.92
fold2_room1_mix1462,8,7,0,-179,0,45.41
fold2_room1_mix1462,9,7,0,-179,0,54.64
fold2_room1_mix1462,10,7,0,-179,0,54.24
fold2_room1_mix1462,11,7,0,179,0,57.53
fold2_room1_mix1462,12,7,0,-179,0,49.03
fold2_room1_mix1462,13,7,0,-179,0,55.40
fold2_room1_mix1462,14,7,0,179,0,54.79
fold2_room1_mix1462,15,7,0,179,0,58.67
fold2_room1_mix1462,16,7,0,179,0,55.87
fold2_room1_mix1462,17,7,0,-179,0,53.32
fold2_room1_mix1462,18,7,0,-179,0,53.58
fold2_room1_mix1462,19,7,0,-179,0,56.47
fold2_room1_mix1462,20,7,0,-179,0,55.96
fold2_room1_mix1462,21,7,0,-178,0,56.27
fold2_room1_mix1462,22,7,0,-179,0,57.28
fold2_room1_mix1462,23,7,0,179,0,57.76
fold2_room1_mix1462,24,7,0,-179,0,54.19
fold2_room1_mix1462,25,7,0,-177,0,48.76
fold2_room1_mix1462,26,7,0,-179,0,51.00
fold2_room1_mix1462,27,7,0,179,0,54.31
fold2_room1_mix1462,28,7,0,-179,0,55.09
fold2_room1_mix1462,29,7,0,179,0,62.22
fold2_room1_mix1462,30,7,0,-179,0,59.93
fold2_room1_mix1462,31,7,0,-179,0,52.17
fold2_room1_mix1462,32,7,0,179,0,58.67
fold2_room1_mix1462,33,7,0,179,0,62.96
fold2_room1_mix1462,34,7,0,179,0,59.36
fold2_room1_mix1462,35,7,0,-179,0,58.85
fold2_room1_mix1462,36,7,0,179,0,56.20
fold2_room1_mix1462,37,7,0,-178,0,50.07
fold2_room1_mix1462,38,7,0,-178,0,53.58
fold2_room1_mix1462,39,7,0,-179,0,52.07
fold2_room1_mix1462,40,7,0,-179,0,54.54
fold2_room1_mix1462,41,7,0,-178,0,52.18
fold2_room1_mix1462,42,7,0,179,0,52.24
fold2_room1_mix1462,43,7,0,-179,0,48.80
fold2_room1_mix1462,44,7,0,-179,0,46.93
fold2_room1_mix1462,45,7,0,-178,0,48.29
fold2_room1_mix1462,46,7,0,-178,0,43.63
fold2_room1_mix1462,47,7,0,-178,0,41.03
fold2_room1_mix1462,48,7,0,-178,0,42.99
fold2_room1_mix1462,49,7,0,-176,0,38.32
fold2_room1_mix1462,50,7,0,-177,0,35.19
fold2_room1_mix1462,51,7,0,-177,0,33.95
fold2_room1_mix1462,52,7,0,-175,0,31.10
fold2_room1_mix1462,53,7,0,-174,0,31.08
fold2_room1_mix1462,54,7,0,-173,0,28.25
fold2_room1_mix1462,55,7,0,-174,0,28.34
fold2_room1_mix1462,56,7,0,-172,0,26.99
fold2_room1_mix1462,57,7,0,-172,0,25.01
fold2_room1_mix1462,58,7,0,-170,0,23.23
fold2_room1_mix1462,59,7,0,-169,-1,20.06
fold2_room1_mix1462,60,7,0,-168,-1,18.42
fold2_room1_mix1462,61,7,0,-167,-1,15.64
fold2_room1_mix1462,62,7,0,-166,-1,14.06
fold2_room1_mix1462,63,7,0,-164,-1,11.61
fold2_room1_mix1462,64,7,0,-162,-1,9.90
fold2_room1_mix1462,65,7,0,-159,-1,7.94
fold2_room1_mix1462,66,7,0,-153,-1,6.79
fold2_room1_mix1462,67,7,0,-146,-1,5.36
fold2_room1_mix1462,68,7,0,-131,-4,3.51
fold2_room1_mix1462,69,7,0,-100,-4,2.80
fold2_room1_mix1462,70,7,0,-63,-4,2.87
fold2_room1_mix1462,71,7,0,-46,-3,3.51
fold2_room1_mix1462,72,7,0,-35,-2,4.87
fold2_room1_mix1462,73,7,0,-26,-2,6.61
fold2_room1_mix1462,74,7,0,-21,-1,7.53
fold2_room1_mix1462,75,7,0,-16,-1,9.35
fold2_room1_mix1462,76,7,0,-14,-1,10.56
fold2_room1_mix1462,77,7,0,-12,0,12.16
fold2_room1_mix1462,78,7,0,-9,0,14.19
fold2_room1_mix1462,79,7,0,-8,0,15.74
fold2_room1_mix1462,80,7,0,-9,0,17.83
fold2_room1_mix1462,81,7,0,-7,0,19.12
fold2_room1_mix1462,82,7,0,-6,0,20.00
fold2_room1_mix1462,83,7,0,-6,0,22.23
fold2_room1_mix1462,84,7,0,-5,0,24.06
fold2_room1_mix1462,85,7,0,-4,0,27.20
fold2_room1_mix1462,86,7,0,-4,0,29.87
fold2_room1_mix1462,87,7,0,-3,0,29.90
fold2_room1_mix1462,88,7,0,-2,0,31.11
fold2_room1_mix1462,89,7,0,-2,0,35.04
fold2_room1_mix1462,90,7,0,-2,0,37.03
fold2_room1_mix1462,91,7,0,-2,0,39.60
fold2_room1_mix1462,92,7,0,-2,0,43.15
fold2_room1_mix1462,93,7,0,-2,0,43.87
fold2_room1_mix1462,94,7,0,-1,0,45.80
fold2_room1_mix1462,95,7,0,-1,0,46.75
fold2_room1_mix1462,96,7,0,-1,0,51.71
fold2_room1_mix1462,97,7,0,-1,0,53.24
fold2_room1_mix1462,98,7,0,0,0,54.67
fold2_room1_mix1462,99,7,0,-1,0,58.90
fold2_room1_mix1463,2,7,0,0,0,4.06
fold2_room1_mix1463,3,7,0,0,0,14.01
fold2_room1_mix1463,4,7,0,1,0,23.12
fold2_room1_mix1463,5,7,0,2,0,25.69
fold2_room1_mix1463,6,7,0,1,0,27.86
fold2_room1_mix1463,7,7,0,1,0,31.73
fold2_room1_mix1463,8,7,0,0,0,29.17
fold2_room1_mix1463,9,7,0,1,0,31.65
fold2_room1_mix1463,10,7,0,0,0,31.81
fold2_room1_mix1463,11,7,0,0,0,31.37
fold2_room1_mix1463,12,7,0,0,0,31.24
fold2_room1_mix1463,13,7,0,0,0,28.59
fold2_room1_mix1463,14,7,0,-1,0,27.48
fold2_room1_mix1463,15,7,0,-2,0,26.28
fold2_room1_mix1463,16,7,0,-3,0,25.09
fold2_room1_mix1463,17,7,0,-3,0,24.67
fold2_room1_mix1463,18,7,0,-4,0,23.91
fold2_room1_mix1463,19,7,0,-8,0,21.69
fold2_room1_mix1463,20,7,0,-9,0,21.86
fold2_room1_mix1463,21,7,0,-8,0,21.98
fold2_room1_mix1463,22,7,0,-10,0,20.06
fold2_room1_mix1463,23,7,0,-9,0,19.16
fold2_room1_mix1463,24,7,0,-9,0,18.85
fold2_room1_mix1463,25,7,0,-10,0,17.34
fold2_room1_mix1463,26,7,0,-12,0,15.87
fold2_room1_mix1463,27,7,0,-12,0,16.09
fold2_room1_mix1463,28,7,0,-14,0,13.99
fold2_room1_mix1463,29,7,0,-14,0,13.80
fold2_room1_mix1463,30,7,0,-16,0,12.97
fold2_room1_mix1463,31,7,0,-17,0,12.17
fold2_room1_mix1463,32,7,0,-17,0,11.51
fold2_room1_mix1463,33,7,0,-19,-1,10.33
fold2_room1_mix1463,34,7,0,-20,-1,9.60
fold2_room1_mix1463,35,7,0,-21,-1,8.96
fold2_room1_mix1463,36,7,0,-23,-1,8.54
fold2_room1_mix1463,37,7,0,-26,-1,7.57
fold2_room1_mix1463,38,7,0,-30,-2,6.78
fold2_room1_mix1463,39,7,0,-34,-2,5.63
fold2_room1_mix1463,40,7,0,-36,-3,5.21
fold2_room1_mix1463,41,7,0,-41,-3,4.95
fold2_room1_mix1463,42,7,0,-48,-4,3.94
fold2_room1_mix1463,43,7,0,-55,-3,3.85
fold2_room1_mix1463,44,7,0,-68,-4,3.38
fold2_room1_mix1463,45,7,0,-82,-4,2.82
fold2_room1_mix1463,46,7,0,-94,-4,3.04
fold2_room1_mix1463,47,7,0,-111,-3,3.51
fold2_room1_mix1463,48,7,0,-122,-3,4.10
fold2_room1_mix1463,49,7,0,-130,-3,4.33
fold2_room1_mix1463,50,7,0,-138,-2,5.12
fold2_room1_mix1463,51,7,0,-145,-2,5.78
fold2_room1_mix1463,52,7,0,-148,-1,6.67
fold2_room1_mix1463,53,7,0,-149,-1,6.75
fold2_room1_mix1463,54,7,0,-152,-1,7.86
fold2_room1_mix1463,55,7,0,-154,-1,7.97
fold2_room1_mix1463,56,7,0,-157,-1,9.09
fold2_room1_mix1463,57,7,0,-158,-1,10.15
fold2_room1_mix1463,58,7,0,-160,-1,10.74
fold2_room1_mix1463,59,7,0,-160,-1,11.06
fold2_room1_mix1463,60,7,0,-160,-1,12.38
fold2_room1_mix1463,61,7,0,-161,-1,12.35
fold2_room1_mix1463,62,7,0,-163,0,13.61
fold2_room1_mix1463,63,7,0,-163,0,14.25
fold2_room1_mix1463,64,7,0,-164,0,14.56
fold2_room1_mix1463,65,7,0,-165,0,15.05
fold2_room1_mix1463,66,7,0,-164,0,15.70
fold2_room1_mix1463,67,7,0,-165,0,16.34
fold2_room1_mix1463,68,7,0,-166,0,17.29
fold2_room1_mix1463,69,7,0,-167,0,18.27
fold2_room1_mix1463,70,7,0,-167,0,19.83
fold2_room1_mix1463,71,7,0,-168,0,20.37
fold2_room1_mix1463,72,7,0,-168,0,20.84
fold2_room1_mix1463,73,7,0,-168,0,21.63
fold2_room1_mix1463,74,7,0,-169,0,22.55
fold2_room1_mix1463,75,7,0,-169,0,23.34
fold2_room1_mix1463,76,7,0,-169,0,24.43
fold2_room1_mix1463,77,7,0,-169,0,24.64
fold2_room1_mix1463,78,7,0,-170,0,25.98
fold2_room1_mix1463,79,7,0,-170,0,26.69
fold2_room1_mix1463,80,7,0,-171,0,27.91
fold2_room1_mix1463,81,7,0,-171,0,27.29
fold2_room1_mix1463,82,7,0,-171,0,28.74
fold2_room1_mix1463,83,7,0,-171,0,29.66
fold2_room1_mix1463,84,7,0,-172,0,29.50
fold2_room1_mix1463,85,7,0,-172,0,30.46
fold2_room1_mix1463,86,7,0,-171,0,31.14
fold2_room1_mix1463,87,7,0,-173,0,32.28
fold2_room1_mix1463,88,7,0,-172,0,32.10
fold2_room1_mix1463,89,7,0,-173,0,33.79
fold2_room1_mix1463,90,7,0,-173,0,33.56
fold2_room1_mix1463,91,7,0,-173,0,35.04
fold2_room1_mix1463,92,7,0,-173,0,36.05
fold2_room1_mix1463,93,7,0,-173,0,36.61
fold2_room1_mix1463,94,7,0,-173,0,38.06
fold2_room1_mix1463,95,7,0,-173,0,37.86
fold2_room1_mix1463,96,7,0,-173,0,39.49
fold2_room1_mix1463,97,7,0,-174,0,41.11
fold2_room1_mix1463,98,7,0,-173,0,41.31
fold2_room1_mix1463,99,7,0,-174,0,42.88
fold2_room1_mix1464,2,7,0,1,0,11.85
fold2_room1_mix1464,3,7,0,1,0,13.71
fold2_room1_mix1464,4,7,0,1,0,32.72
fold2_room1_mix1464,5,7,0,1,0,36.32
fold2_room1_mix1464,6,7,0,2,0,36.60
fold2_room1_mix1464,7,7,0,2,0,45.17
fold2_room1_mix1464,8,7,0,2,0,45.37
fold2_room1_mix1464,9,7,0,0,0,40.67
fold2_room1_mix1464,10,7,0,2,0,38.82
fold2_room1_mix1464,11,7,0,1,0,43.43
fold2_room1_mix1464,12,7,0,2,0,45.72
fold2_room1_mix1464,13,7,0,1,0,43.24
fold2_room1_mix1464,14,7,0,1,0,17.93
fold2_room1_mix1464,15,7,0,1,0,48.74
fold2_room1_mix1464,16,7,0,1,0,45.89
fold2_room1_mix1464,17,7,0,1,0,47.02
fold2_room1_mix1464,18,7,0,2,0,47.24
fold2_room1_mix1464,19,7,0,1,0,47.91
fold2_room1_mix1464,20,7,0,2,0,44.21
fold2_room1_mix1464,21,7,0,1,0,49.08
fold2_room1_mix1464,22,7,0,2,0,46.14
fold2_room1_mix1464,23,7,0,1,0,46.19
fold2_room1_mix1464,24,7,0,1,0,49.26
fold2_room1_mix1464,25,7,0,1,0,48.52
fold2_room1_mix1464,26,7,0,1,0,47.57
fold2_room1_mix1464,27,7,0,1,0,48.42
fold2_room1_mix1464,28,7,0,2,0,47.65
fold2_room1_mix1464,29,7,0,1,0,45.55
fold2_room1_mix1464,30,7,0,1,0,46.05
fold2_room1_mix1464,31,7,0,2,0,44.49
fold2_room1_mix1464,32,7,0,1,0,43.95
fold2_room1_mix1464,33,7,0,2,0,41.43
fold2_room1_mix1464,34,7,0,2,0,42.05
fold2_room1_mix1464,35,7,0,2,0,39.79
fold2_room1_mix1464,36,7,0,1,0,36.13
fold2_room1_mix1464,37,7,0,2,0,36.28
fold2_room1_mix1464,38,7,0,2,0,34.74
fold2_room1_mix1464,39,7,0,0,0,34.51
fold2_room1_mix1464,40,7,0,3,0,36.47
fold2_room1_mix1464,41,7,0,3,0,33.04
fold2_room1_mix1464,42,7,0,3,0,31.34
fold2_room1_mix1464,43,7,0,3,0,30.08
fold2_room1_mix1464,44,7,0,1,0,28.98
fold2_room1_mix1464,45,7,0,0,0,28.11
fold2_room1_mix1464,46,7,0,3,0,27.78
fold2_room1_mix1464,47,7,0,3,0,27.40
fold2_room1_mix1464,48,7,0,3,0,25.97
fold2_room1_mix1464,49,7,0,3,0,23.27
fold2_room1_mix1464,50,7,0,2,0,23.98
fold2_room1_mix1464,51,7,0,3,0,22.73
fold2_room1_mix1464,52,7,0,6,0,21.01
fold2_room1_mix1464,53,7,0,6,0,20.68
fold2_room1_mix1464,54,7,0,5,0,18.74
fold2_room1_mix1464,55,7,0,5,0,18.47
fold2_room1_mix1464,56,7,0,6,0,17.07
fold2_room1_mix1464,57,7,0,8,0,16.45
fold2_room1_mix1464,58,7,0,7,0,16.34
fold2_room1_mix1464,59,7,0,8,0,16.01
fold2_room1_mix1464,60,7,0,10,0,13.69
fold2_room1_mix1464,61,7,0,12,0,12.11
fold2_room1_mix1464,62,7,0,13,0,11.97
fold2_room1_mix1464,63,7,0,13,-1,9.83
fold2_room1_mix1464,64,7,0,15,0,9.18
fold2_room1_mix1464,65,7,0,17,-1,7.91
fold2_room1_mix1464,66,7,0,19,-1,7.24
fold2_room1_mix1464,67,7,0,21,-1,6.07
fold2_room1_mix1464,68,7,0,26,-3,4.44
fold2_room1_mix1464,69,7,0,34,-3,3.88
fold2_room1_mix1464,70,7,0,43,-2,2.84
fold2_room1_mix1464,71,7,0,59,-1,2.41
fold2_room1_mix1464,72,7,0,95,-1,2.38
fold2_room1_mix1464,73,7,0,124,0,2.28
fold2_room1_mix1464,74,7,0,139,0,2.75
fold2_room1_mix1464,75,7,0,149,0,3.85
fold2_room1_mix1464,76,7,0,156,-1,4.35
fold2_room1_mix1464,77,7,0,159,0,5.48
fold2_room1_mix1464,78,7,0,162,0,6.13
fold2_room1_mix1464,79,7,0,166,0,7.16
fold2_room1_mix1464,80,7,0,167,0,7.79
fold2_room1_mix1464,81,7,0,170,0,8.36
fold2_room1_mix1464,82,7,0,169,0,9.61
fold2_room1_mix1464,83,7,0,171,0,10.25
fold2_room1_mix1464,84,7,0,171,0,11.57
fold2_room1_mix1464,85,7,0,172,0,12.57
fold2_room1_mix1464,86,7,0,171,0,12.83
fold2_room1_mix1464,87,7,0,172,0,14.45
fold2_room1_mix1464,88,7,0,173,0,15.80
fold2_room1_mix1464,89,7,0,173,0,15.37
fold2_room1_mix1464,90,7,0,173,0,15.96
fold2_room1_mix1464,91,7,0,173,0,17.82
fold2_room1_mix1464,92,7,0,173,0,18.25
fold2_room1_mix1464,93,7,0,174,0,18.68
fold2_room1_mix1464,94,7,0,174,0,18.36
fold2_room1_mix1464,95,7,0,175,0,21.29
fold2_room1_mix1464,96,7,0,174,0,21.36
fold2_room1_mix1464,97,7,0,175,0,22.50
fold2_room1_mix1464,98,7,0,175,0,25.39
fold2_room1_mix1464,99,7,0,175,0,24.94
fold2_room1_mix1465,3,7,0,178,0,21.16
fold2_room1_mix1465,4,7,0,179,0,28.73
fold2_room1_mix1465,5,7,0,179,0,34.70
fold2_room1_mix1465,6,7,0,179,0,38.42
fold2_room1_mix1465,7,7,0,-179,0,41.50
fold2_room1_mix1465,8,7,0,-179,0,42.60
fold2_room1_mix1465,9,7,0,-179,0,38.12
fold2_room1_mix1465,10,7,0,179,0,42.40
fold2_room1_mix1465,11,7,0,179,0,39.62
fold2_room1_mix1465,12,7,0,-179,0,38.78
fold2_room1_mix1465,13,7,0,178,0,39.14
fold2_room1_mix1465,14,7,0,-179,0,39.98
fold2_room1_mix1465,15,7,0,178,0,42.15
fold2_room1_mix1465,16,7,0,179,0,40.92
fold2_room1_mix1465,17,7,0,179,0,39.95
fold2_room1_mix1465,18,7,0,177,0,38.52
fold2_room1_mix1465,19,7,0,179,0,36.11
fold2_room1_mix1465,20,7,0,177,0,38.55
fold2_room1_mix1465,21,7,0,177,0,34.48
fold2_room1_mix1465,22,7,0,177,0,33.20
fold2_room1_mix1465,23,7,0,178,0,29.57
fold2_room1_mix1465,24,7,0,178,0,27.85
fold2_room1_mix1465,25,7,0,176,0,28.22
fold2_room1_mix1465,26,7,0,176,0,26.29
fold2_room1_mix1465,27,7,0,174,0,26.68
fold2_room1_mix1465,28,7,0,172,0,24.54
fold2_room1_mix1465,29,7,0,174,0,23.70
fold2_room1_mix1465,30,7,0,173,0,22.74
fold2_room1_mix1465,31,7,0,173,0,22.24
fold2_room1_mix1465,32,7,0,173,0,21.52
fold2_room1_mix1465,33,7,0,170,0,18.94
fold2_room1_mix1465,34,7,0,171,0,18.83
fold2_room1_mix1465,35,7,0,167,0,17.34
fold2_room1_mix1465,36,7,0,166,0,15.55
fold2_room1_mix1465,37,7,0,165,0,14.19
fold2_room1_mix1465,38,7,0,164,0,12.97
fold2_room1_mix1465,39,7,0,161,0,12.06
fold2_room1_mix1465,40,7,0,159,0,10.84
fold2_room1_mix1465,41,7,0,155,0,9.58
fold2_room1_mix1465,42,7,0,151,0,8.20
fold2_room1_mix1465,43,7,0,148,0,7.51
fold2_room1_mix1465,44,7,0,142,0,5.94
fold2_room1_mix1465,45,7,0,130,0,5.55
fold2_room1_mix1465,46,7,0,111,0,4.83
fold2_room1_mix1465,47,7,0,93,1,4.77
fold2_room1_mix1465,48,7,0,71,2,4.88
fold2_room1_mix1465,49,7,0,58,1,5.47
fold2_room1_mix1465,50,7,0,48,1,5.93
fold2_room1_mix1465,51,7,0,38,1,6.63
fold2_room1_mix1465,52,7,0,34,1,7.34
fold2_room1_mix1465,53,7,0,31,1,8.44
fold2_room1_mix1465,54,7,0,26,0,9.79
fold2_room1_mix1465,55,7,0,24,0,10.54
fold2_room1_mix1465,56,7,0,22,0,11.10
fold2_room1_mix1465,57,7,0,19,0,12.69
fold2_room1_mix1465,58,7,0,18,0,13.61
fold2_room1_mix1465,59,7,0,16,0,16.59
fold2_room1_mix1465,60,7,0,14,0,16.33
fold2_room1_mix1465,61,7,0,14,0,17.28
fold2_room1_mix1465,62,7,0,13,0,18.65
fold2_room1_mix1465,63,7,0,12,0,19.62
fold2_room1_mix1465,64,7,0,12,0,20.02
fold2_room1_mix1465,65,7,0,11,0,21.96
fold2_room1_mix1465,66,7,0,11,0,23.06
fold2_room1_mix1465,67,7,0,10,0,25.15
fold2_room1_mix1465,68,7,0,10,0,26.13
fold2_room1_mix1465,69,7,0,10,0,28.41
fold2_room1_mix1465,70,7,0,10,0,27.37
fold2_room1_mix1465,71,7,0,9,0,28.55
fold2_room1_mix1465,72,7,0,9,0,31.83
fold2_room1_mix1465,73,7,0,8,0,31.16
fold2_room1_mix1465,74,7,0,8,0,32.22
fold2_room1_mix1465,75,7,0,8,0,35.70
fold2_room1_mix1465,76,7,0,7,0,34.93
fold2_room1_mix1465,77,7,0,7,0,37.85
fold2_room1_mix1465,78,7,0,7,0,39.12
fold2_room1_mix1465,79,7,0,7,0,39.84
fold2_room1_mix1465,80,7,0,7,0,39.48
fold2_room1_mix1465,81,7,0,7,0,43.45
fold2_room1_mix1465,82,7,0,7,0,41.56
fold2_room1_mix1465,83,7,0,7,0,45.23
fold2_room1_mix1465,84,7,0,7,0,47.21
fold2_room1_mix1465,85,7,0,7,0,47.97
fold2_room1_mix1465,86,7,0,7,0,46.73
fold2_room1_mix1465,87,7,0,7,0,50.18
fold2_room1_mix1465,88,7,0,7,0,51.16
fold2_room1_mix1465,89,7,0,7,0,50.57
fold2_room1_mix1465,90,7,0,7,0,52.72
fold2_room1_mix1465,91,7,0,7,0,61.35
fold2_room1_mix1465,92,7,0,7,0,55.29
fold2_room1_mix1465,93,7,0,7,0,55.60
fold2_room1_mix1465,94,7,0,6,0,58.89
fold2_room1_mix1465,95,7,0,6,0,59.63
fold2_room1_mix1465,96,7,0,5,0,57.46
fold2_room1_mix1465,97,7,0,6,0,55.51
fold2_room1_mix1465,98,7,0,5,0,58.91
fold2_room1_mix1465,99,7,0,5,0,56.00
fold2_room1_mix1466,2,5,0,178,1,4.92
fold2_room1_mix1466,3,7,0,-177,0,11.23
fold2_room1_mix1466,4,7,0,-173,0,18.74
fold2_room1_mix1466,5,7,0,-175,0,23.41
fold2_room1_mix1466,6,7,0,-175,0,23.13
fold2_room1_mix1466,7,7,0,-174,0,25.30
fold2_room1_mix1466,8,7,0,-174,-1,24.49
fold2_room1_mix1466,9,7,0,-173,-1,23.76
fold2_room1_mix1466,10,7,0,-172,-1,23.97
fold2_room1_mix1466,11,7,0,-173,-1,24.15
fold2_room1_mix1466,12,7,0,-173,-1,23.74
fold2_room1_mix1466,13,7,0,-171,-1,22.36
fold2_room1_mix1466,14,7,0,-172,-1,21.89
fold2_room1_mix1466,15,7,0,-171,-1,20.11
fold2_room1_mix1466,16,7,0,-171,-1,20.39
fold2_room1_mix1466,17,7,0,-171,-1,20.02
fold2_room1_mix1466,18,7,0,-170,-1,19.27
fold2_room1_mix1466,19,7,0,-171,-1,20.79
fold2_room1_mix1466,20,7,0,-171,-1,21.21
fold2_room1_mix1466,21,7,0,-171,-1,20.19
fold2_room1_mix1466,22,7,0,-171,-1,19.83
fold2_room1_mix1466,23,7,0,-170,-1,20.00
fold2_room1_mix1466,24,7,0,-170,-1,19.81
fold2_room1_mix1466,25,7,0,-170,-1,19.80
fold2_room1_mix1466,26,7,0,-170,-1,19.63
fold2_room1_mix1466,27,7,0,-170,-1,19.13
fold2_room1_mix1466,28,7,0,-169,-1,18.51
fold2_room1_mix1466,29,7,0,-169,-1,18.13
fold2_room1_mix1466,30,7,0,-168,-1,16.79
fold2_room1_mix1466,31,7,0,-167,-1,15.48
fold2_room1_mix1466,32,7,0,-166,-1,15.07
fold2_room1_mix1466,33,7,0,-165,-1,15.19
fold2_room1_mix1466,34,7,0,-165,-1,14.68
fold2_room1_mix1466,35,7,0,-163,-1,13.68
fold2_room1_mix1466,36,7,0,-163,-1,13.47
fold2_room1_mix1466,37,7,0,-163,-1,12.61
fold2_room1_mix1466,38,7,0,-161,-1,11.29
fold2_room1_mix1466,39,7,0,-160,-1,10.73
fold2_room1_mix1466,40,7,0,-160,-1,10.40
fold2_room1_mix1466,41,7,0,-158,-1,9.75
fold2_room1_mix1466,42,7,0,-157,-2,8.95
fold2_room1_mix1466,43,7,0,-155,-2,8.39
fold2_room1_mix1466,44,7,0,-153,-2,8.37
fold2_room1_mix1466,45,7,0,-150,-2,7.48
fold2_room1_mix1466,46,7,0,-148,-2,7.18
fold2_room1_mix1466,47,7,0,-145,-2,6.49
fold2_room1_mix1466,48,7,0,-142,-2,6.25
fold2_room1_mix1466,49,7,0,-137,-2,6.01
fold2_room1_mix1466,50,7,0,-130,-3,5.06
fold2_room1_mix1466,51,7,0,-125,-3,4.89
fold2_room1_mix1466,52,7,0,-118,-3,4.44
fold2_room1_mix1466,53,7,0,-105,-4,4.16
fold2_room1_mix1466,54,7,0,-93,-4,3.85
fold2_room1_mix1466,55,7,0,-88,-4,3.87
fold2_room1_mix1466,56,7,0,-82,-4,3.90
fold2_room1_mix1466,57,7,0,-72,-3,4.11
fold2_room1_mix1466,58,7,0,-65,-3,4.37
fold2_room1_mix1466,59,7,0,-57,-2,4.70
fold2_room1_mix1466,60,7,0,-52,-2,4.99
fold2_room1_mix1466,61,7,0,-47,-2,5.37
fold2_room1_mix1466,62,7,0,-42,-2,5.67
fold2_room1_mix1466,63,7,0,-39,-1,6.25
fold2_room1_mix1466,64,7,0,-36,-1,6.63
fold2_room1_mix1466,65,7,0,-33,-1,7.10
fold2_room1_mix1466,66,7,0,-31,-1,7.69
fold2_room1_mix1466,67,7,0,-30,-1,7.90
fold2_room1_mix1466,68,7,0,-27,-1,8.28
fold2_room1_mix1466,69,7,0,-26,-1,8.46
fold2_room1_mix1466,70,7,0,-24,-1,9.28
fold2_room1_mix1466,71,7,0,-23,-1,9.41
fold2_room1_mix1466,72,7,0,-21,-1,10.21
fold2_room1_mix1466,73,7,0,-21,-1,10.84
fold2_room1_mix1466,74,7,0,-21,0,11.20
fold2_room1_mix1466,75,7,0,-18,0,12.32
fold2_room1_mix1466,76,7,0,-18,0,13.05
fold2_room1_mix1466,77,7,0,-17,0,13.61
fold2_room1_mix1466,78,7,0,-16,0,14.47
fold2_room1_mix1466,79,7,0,-17,0,14.51
fold2_room1_mix1466,80,7,0,-16,0,14.97
fold2_room1_mix1466,81,7,0,-14,0,15.86
fold2_room1_mix1466,82,7,0,-13,0,16.57
fold2_room1_mix1466,83,7,0,-14,0,16.83
fold2_room1_mix1466,84,7,0,-13,0,17.03
fold2_room1_mix1466,85,7,0,-11,0,18.27
fold2_room1_mix1466,86,7,0,-12,0,18.51
fold2_room1_mix1466,87,7,0,-11,0,19.26
fold2_room1_mix1466,88,7,0,-11,0,20.12
fold2_room1_mix1466,89,7,0,-11,0,20.84
fold2_room1_mix1466,90,7,0,-11,0,21.45
fold2_room1_mix1466,91,7,0,-10,0,22.01
fold2_room1_mix1466,92,7,0,-9,0,22.53
fold2_room1_mix1466,93,7,0,-9,0,22.87
fold2_room1_mix1466,94,7,0,-7,0,24.67
fold2_room1_mix1466,95,7,0,-8,0,24.15
fold2_room1_mix1466,96,7,0,-8,0,24.40
fold2_room1_mix1466,97,7,0,-7,0,26.53
fold2_room1_mix1466,98,7,0,-6,0,27.55
fold2_room1_mix1466,99,7,0,-6,0,27.04
fold2_room1_mix1467,3,7,0,179,0,3.99
fold2_room1_mix1467,4,7,0,174,0,16.11
fold2_room1_mix1467,5,7,0,173,0,16.70
fold2_room1_mix1467,6,7,0,173,0,18.28
fold2_room1_mix1467,7,7,0,174,-1,18.78
fold2_room1_mix1467,8,7,0,175,-1,18.26
fold2_room1_mix1467,9,7,0,174,-1,17.81
fold2_room1_mix1467,10,7,0,172,-1,17.40
fold2_room1_mix1467,11,7,0,171,-1,16.09
fold2_room1_mix1467,12,7,0,171,-1,15.63
fold2_room1_mix1467,13,7,0,169,-1,15.35
fold2_room1_mix1467,14,7,0,169,-1,14.31
fold2_room1_mix1467,15,7,0,166,-1,13.01
fold2_room1_mix1467,16,7,0,164,-1,12.63
fold2_room1_mix1467,17,7,0,163,-1,12.04
fold2_room1_mix1467,18,7,0,160,-1,10.81
fold2_room1_mix1467,19,7,0,159,-1,10.38
fold2_room1_mix1467,20,7,0,159,-1,9.73
fold2_room1_mix1467,21,7,0,156,-1,9.09
fold2_room1_mix1467,22,7,0,155,-1,8.60
fold2_room1_mix1467,23,7,0,153,-1,7.52
fold2_room1_mix1467,24,7,0,152,-1,8.02
fold2_room1_mix1467,25,7,0,150,-1,7.07
fold2_room1_mix1467,26,7,0,147,-1,6.22
fold2_room1_mix1467,27,7,0,146,-1,5.85
fold2_room1_mix1467,28,7,0,142,-1,5.53
fold2_room1_mix1467,29,7,0,137,-1,5.22
fold2_room1_mix1467,30,7,0,132,-1,4.98
fold2_room1_mix1467,31,7,0,120,0,4.59
fold2_room1_mix1467,32,7,0,110,0,4.21
fold2_room1_mix1467,33,7,0,100,0,4.30
fold2_room1_mix1467,34,7,0,89,0,4.10
fold2_room1_mix1467,35,7,0,75,0,4.22
fold2_room1_mix1467,36,7,0,68,0,4.45
fold2_room1_mix1467,37,7,0,59,0,4.87
fold2_room1_mix1467,38,7,0,50,0,4.90
fold2_room1_mix1467,39,7,0,44,0,5.03
fold2_room1_mix1467,40,7,0,41,0,5.52
fold2_room1_mix1467,41,7,0,38,0,6.10
fold2_room1_mix1467,42,7,0,33,0,6.59
fold2_room1_mix1467,43,7,0,31,0,7.02
fold2_room1_mix1467,44,7,0,27,0,7.90
fold2_room1_mix1467,45,7,0,26,0,8.40
fold2_room1_mix1467,46,7,0,24,0,8.64
fold2_room1_mix1467,47,7,0,23,0,9.22
fold2_room1_mix1467,48,7,0,21,0,10.10
fold2_room1_mix1467,49,7,0,20,0,11.10
fold2_room1_mix1467,50,7,0,19,0,11.38
fold2_room1_mix1467,51,7,0,19,0,11.89
fold2_room1_mix1467,52,7,0,17,0,13.26
fold2_room1_mix1467,53,7,0,17,0,14.04
fold2_room1_mix1467,54,7,0,15,0,14.65
fold2_room1_mix1467,55,7,0,15,0,14.70
fold2_room1_mix1467,56,7,0,14,0,15.62
fold2_room1_mix1467,57,7,0,13,0,16.65
fold2_room1_mix1467,58,7,0,12,0,16.94
fold2_room1_mix1467,59,7,0,13,0,16.98
fold2_room1_mix1467,60,7,0,13,0,17.76
fold2_room1_mix1467,61,7,0,12,0,18.47
fold2_room1_mix1467,62,7,0,12,0,19.10
fold2_room1_mix1467,63,7,0,11,0,18.70
fold2_room1_mix1467,64,7,0,11,0,20.11
fold2_room1_mix1467,65,7,0,11,0,20.63
fold2_room1_mix1467,66,7,0,10,0,20.78
fold2_room1_mix1467,67,7,0,11,0,21.43
fold2_room1_mix1467,68,7,0,10,0,23.28
fold2_room1_mix1467,69,7,0,10,0,23.77
fold2_room1_mix1467,70,7,0,10,0,24.05
fold2_room1_mix1467,71,7,0,9,0,23.97
fold2_room1_mix1467,72,7,0,10,0,25.10
fold2_room1_mix1467,73,7,0,10,0,26.37
fold2_room1_mix1467,74,7,0,10,0,26.48
fold2_room1_mix1467,75,7,0,10,0,27.79
fold2_room1_mix1467,76,7,0,10,0,27.54
fold2_room1_mix1467,77,7,0,10,0,28.96
fold2_room1_mix1467,78,7,0,10,0,30.90
fold2_room1_mix1467,79,7,0,10,0,28.82
fold2_room1_mix1467,80,7,0,9,0,30.58
fold2_room1_mix1467,81,7,0,9,0,31.42
fold2_room1_mix1467,82,7,0,10,0,31.23
fold2_room1_mix1467,83,7,0,10,0,32.42
fold2_room1_mix1467,84,7,0,9,0,33.80
fold2_room1_mix1467,85,7,0,9,0,34.62
fold2_room1_mix1467,86,7,0,8,0,34.93
fold2_room1_mix1467,87,7,0,8,0,35.55
fold2_room1_mix1467,88,7,0,8,0,36.82
fold2_room1_mix1467,89,7,0,8,0,37.95
fold2_room1_mix1467,90,7,0,8,0,37.65
fold2_room1_mix1467,91,7,0,8,0,39.17
fold2_room1_mix1467,92,7,0,8,0,37.67
fold2_room1_mix1467,93,7,0,7,0,38.67
fold2_room1_mix1467,94,7,0,9,0,38.95
fold2_room1_mix1467,95,7,0,7,0,39.59
fold2_room1_mix1467,96,7,0,7,0,39.37
fold2_room1_mix1467,97,7,0,7,0,43.49
fold2_room1_mix1467,98,7,0,7,0,40.93
fold2_room1_mix1467,99,7,0,6,0,41.48
fold2_room1_mix1468,4,7,0,178,0,23.02
fold2_room1_mix1468,5,7,0,178,0,37.45
fold2_room1_mix1468,6,7,0,179,0,42.71
fold2_room1_mix1468,7,7,0,-179,0,41.79
fold2_room1_mix1468,8,7,0,-179,0,48.75
fold2_room1_mix1468,9,7,0,-179,0,48.50
fold2_room1_mix1468,10,7,0,-176,0,43.43
fold2_room1_mix1468,11,7,0,-177,0,40.47
fold2_room1_mix1468,12,7,0,-176,0,26.20
fold2_room1_mix1468,13,7,0,-175,0,26.29
fold2_room1_mix1468,14,7,0,179,0,51.98
fold2_room1_mix1468,15,7,0,-179,0,46.85
fold2_room1_mix1468,16,7,0,-177,0,44.09
fold2_room1_mix1468,17,7,0,-178,0,38.99
fold2_room1_mix1468,18,7,0,-177,0,41.50
fold2_room1_mix1468,19,7,0,-177,0,47.20
fold2_room1_mix1468,20,7,0,-176,0,45.57
fold2_room1_mix1468,21,7,0,-178,0,47.40
fold2_room1_mix1468,22,7,0,-178,0,45.96
fold2_room1_mix1468,23,7,0,-177,0,45.72
fold2_room1_mix1468,24,7,0,-178,0,44.72
fold2_room1_mix1468,25,7,0,-177,0,47.34
fold2_room1_mix1468,26,7,0,-177,0,39.89
fold2_room1_mix1468,27,7,0,-177,0,44.07
fold2_room1_mix1468,28,7,0,-176,0,41.60
fold2_room1_mix1468,29,7,0,-177,0,45.83
fold2_room1_mix1468,30,7,0,-178,0,42.73
fold2_room1_mix1468,31,7,0,-178,0,44.20
fold2_room1_mix1468,32,7,0,-177,0,39.63
fold2_room1_mix1468,33,7,0,-177,0,37.25
fold2_room1_mix1468,34,7,0,-176,0,34.36
fold2_room1_mix1468,35,7,0,-175,0,35.22
fold2_room1_mix1468,36,7,0,-174,0,30.60
fold2_room1_mix1468,37,7,0,-175,0,31.16
fold2_room1_mix1468,38,7,0,-173,0,31.59
fold2_room1_mix1468,39,7,0,-172,0,29.50
fold2_room1_mix1468,40,7,0,-175,0,29.32
fold2_room1_mix1468,41,7,0,-174,0,27.74
fold2_room1_mix1468,42,7,0,-173,0,26.45
fold2_room1_mix1468,43,7,0,-172,0,25.87
fold2_room1_mix1468,44,7,0,-170,0,24.02
fold2_room1_mix1468,45,7,0,-171,0,21.88
fold2_room1_mix1468,46,7,0,-170,-1,20.28
fold2_room1_mix1468,47,7,0,-170,-1,20.79
fold2_room1_mix1468,48,7,0,-170,0,19.40
fold2_room1_mix1468,49,7,0,-170,-1,18.94
fold2_room1_mix1468,50,7,0,-170,-1,18.03
fold2_room1_mix1468,51,7,0,-170,-1,16.73
fold2_room1_mix1468,52,7,0,-171,-1,16.23
fold2_room1_mix1468,53,7,0,-169,-1,14.26
fold2_room1_mix1468,54,7,0,-167,-1,12.67
fold2_room1_mix1468,55,7,0,-165,-1,11.42
fold2_room1_mix1468,56,7,0,-165,-1,10.62
fold2_room1_mix1468,57,7,0,-164,-1,10.04
fold2_room1_mix1468,58,7,0,-161,-1,8.46
fold2_room1_mix1468,59,7,0,-159,-1,7.79
fold2_room1_mix1468,60,7,0,-156,-1,6.48
fold2_room1_mix1468,61,7,0,-153,-2,5.69
fold2_room1_mix1468,62,7,0,-148,-3,4.79
fold2_room1_mix1468,63,7,0,-137,-4,3.30
fold2_room1_mix1468,64,7,0,-127,-4,2.55
fold2_room1_mix1468,65,7,0,-97,-4,2.19
fold2_room1_mix1468,66,7,0,-66,-4,2.40
fold2_room1_mix1468,67,7,0,-51,-3,2.87
fold2_room1_mix1468,68,7,0,-40,-2,3.74
fold2_room1_mix1468,69,7,0,-31,-2,4.58
fold2_room1_mix1468,70,7,0,-25,-1,5.28
fold2_room1_mix1468,71,7,0,-20,-1,6.34
fold2_room1_mix1468,72,7,0,-16,-1,8.05
fold2_room1_mix1468,73,7,0,-14,0,8.48
fold2_room1_mix1468,74,7,0,-12,0,8.86
fold2_room1_mix1468,75,7,0,-11,0,10.36
fold2_room1_mix1468,76,7,0,-10,0,10.68
fold2_room1_mix1468,77,7,0,-8,0,11.92
fold2_room1_mix1468,78,7,0,-7,0,13.99
fold2_room1_mix1468,79,7,0,-7,0,14.98
fold2_room1_mix1468,80,7,0,-6,0,15.30
fold2_room1_mix1468,81,7,0,-6,0,16.37
fold2_room1_mix1468,82,7,0,-5,0,17.99
fold2_room1_mix1468,83,7,0,-5,0,18.21
fold2_room1_mix1468,84,7,0,-5,0,18.96
fold2_room1_mix1468,85,7,0,-4,0,20.71
fold2_room1_mix1468,86,7,0,-5,0,22.40
fold2_room1_mix1468,87,7,0,-3,0,22.10
fold2_room1_mix1468,88,7,0,-3,0,24.13
fold2_room1_mix1468,89,7,0,-3,0,23.77
fold2_room1_mix1468,90,7,0,-2,0,25.01
fold2_room1_mix1468,91,7,0,-2,0,29.81
fold2_room1_mix1468,92,7,0,-2,0,28.57
fold2_room1_mix1468,93,7,0,-1,0,30.74
fold2_room1_mix1468,94,7,0,-1,0,32.53
fold2_room1_mix1468,95,7,0,-1,0,33.43
fold2_room1_mix1468,96,7,0,-1,0,33.83
fold2_room1_mix1468,97,7,0,-1,0,34.72
fold2_room1_mix1468,98,7,0,-1,0,37.23
fold2_room1_mix1468,99,7,0,-1,0,35.76
fold2_room1_mix1469,3,7,0,-178,0,4.64
fold2_room1_mix1469,4,7,0,-178,0,10.24
fold2_room1_mix1469,5,7,0,-179,0,6.36
fold2_room1_mix1469,6,7,0,178,0,30.83
fold2_room1_mix1469,7,7,0,-179,0,28.42
fold2_room1_mix1469,8,7,0,-178,0,19.53
fold2_room1_mix1469,9,7,0,179,0,50.22
fold2_room1_mix1469,10,7,0,-178,0,47.46
fold2_room1_mix1469,11,7,0,-178,0,44.70
fold2_room1_mix1469,12,7,0,179,0,58.15
fold2_room1_mix1469,13,7,0,179,0,57.20
fold2_room1_mix1469,14,7,0,-179,0,51.95
fold2_room1_mix1469,15,7,0,-179,0,54.10
fold2_room1_mix1469,16,7,0,-177,0,48.20
fold2_room1_mix1469,17,7,0,-179,0,58.35
fold2_room1_mix1469,18,7,0,-179,0,59.37
fold2_room1_mix1469,19,7,0,-178,0,58.09
fold2_room1_mix1469,20,7,0,-178,0,58.15
fold2_room1_mix1469,21,7,0,-178,0,55.99
fold2_room1_mix1469,22,7,0,-179,0,56.34
fold2_room1_mix1469,23,7,0,-178,0,57.64
fold2_room1_mix1469,24,7,0,-178,0,54.40
fold2_room1_mix1469,25,7,0,-178,0,56.15
fold2_room1_mix1469,26,7,0,-178,0,50.43
fold2_room1_mix1469,27,7,0,-178,0,49.08
fold2_room1_mix1469,28,7,0,-179,0,50.62
fold2_room1_mix1469,29,7,0,179,0,51.73
fold2_room1_mix1469,30,7,0,-179,0,52.82
fold2_room1_mix1469,31,7,0,-179,0,51.85
fold2_room1_mix1469,32,7,0,179,0,52.22
fold2_room1_mix1469,33,7,0,179,0,49.26
fold2_room1_mix1469,34,7,0,-179,0,48.42
fold2_room1_mix1469,35,7,0,-179,0,51.23
fold2_room1_mix1469,36,7,0,-179,0,46.39
fold2_room1_mix1469,37,7,0,-179,0,47.72
fold2_room1_mix1469,38,7,0,-178,0,47.59
fold2_room1_mix1469,39,7,0,-179,0,44.57
fold2_room1_mix1469,40,7,0,179,0,48.08
fold2_room1_mix1469,41,7,0,-179,0,48.83
fold2_room1_mix1469,42,7,0,-179,0,44.66
fold2_room1_mix1469,43,7,0,-179,0,45.59
fold2_room1_mix1469,44,7,0,-178,0,43.21
fold2_room1_mix1469,45,7,0,-177,0,40.44
fold2_room1_mix1469,46,7,0,-176,0,39.81
fold2_room1_mix1469,47,7,0,-175,0,40.63
fold2_room1_mix1469,48,7,0,-177,0,39.32
fold2_room1_mix1469,49,7,0,-174,0,33.64
fold2_room1_mix1469,50,7,0,-175,0,31.83
fold2_room1_mix1469,51,7,0,-175,0,31.53
fold2_room1_mix1469,52,7,0,-175,0,30.93
fold2_room1_mix1469,53,7,0,-172,0,28.54
fold2_room1_mix1469,54,7,0,-173,0,27.85
fold2_room1_mix1469,55,7,0,-172,0,26.67
fold2_room1_mix1469,56,7,0,-172,0,25.43
fold2_room1_mix1469,57,7,0,-171,0,25.67
fold2_room1_mix1469,58,7,0,-170,0,23.95
fold2_room1_mix1469,59,7,0,-171,0,22.64
fold2_room1_mix1469,60,7,0,-169,0,20.02
fold2_room1_mix1469,61,7,0,-171,-1,19.04
fold2_room1_mix1469,62,7,0,-170,-1,17.95
fold2_room1_mix1469,63,7,0,-169,-1,17.08
fold2_room1_mix1469,64,7,0,-168,-1,15.76
fold2_room1_mix1469,65,7,0,-168,-1,13.85
fold2_room1_mix1469,66,7,0,-165,-1,11.42
fold2_room1_mix1469,67,7,0,-164,-1,11.47
fold2_room1_mix1469,68,7,0,-163,-1,9.33
fold2_room1_mix1469,69,7,0,-160,-1,8.13
fold2_room1_mix1469,70,7,0,-156,-1,7.07
fold2_room1_mix1469,71,7,0,-151,-1,5.52
fold2_room1_mix1469,72,7,0,-146,-2,5.01
fold2_room1_mix1469,73,7,0,-135,-3,3.53
fold2_room1_mix1469,74,7,0,-118,-3,2.44
fold2_room1_mix1469,75,7,0,-88,-4,2.39
fold2_room1_mix1469,76,7,0,-58,-2,2.98
fold2_room1_mix1469,77,7,0,-43,-2,3.63
fold2_room1_mix1469,78,7,0,-32,-2,4.71
fold2_room1_mix1469,79,7,0,-29,-1,5.38
fold2_room1_mix1469,80,7,0,-20,-1,6.65
fold2_room1_mix1469,81,7,0,-17,0,7.80
fold2_room1_mix1469,82,7,0,-14,0,8.59
fold2_room1_mix1469,83,7,0,-12,0,9.92
fold2_room1_mix1469,84,7,0,-9,0,11.73
fold2_room1_mix1469,85,7,0,-8,0,12.65
fold2_room1_mix1469,86,7,0,-8,0,14.17
fold2_room1_mix1469,87,7,0,-7,0,15.81
fold2_room1_mix1469,88,7,0,-6,0,16.89
fold2_room1_mix1469,89,7,0,-6,0,18.00
fold2_room1_mix1469,90,7,0,-5,0,18.81
fold2_room1_mix1469,91,7,0,-5,0,21.00
fold2_room1_mix1469,92,7,0,-5,0,21.83
fold2_room1_mix1469,93,7,0,-4,0,22.40
fold2_room1_mix1469,94,7,0,-3,0,23.72
fold2_room1_mix1469,95,7,0,-3,0,25.53
fold2_room1_mix1469,96,7,0,-3,0,28.36
fold2_room1_mix1469,97,7,0,-2,0,29.03
fold2_room1_mix1469,98,7,0,-2,0,30.77
fold2_room1_mix1469,99,7,0,-2,0,33.74
fold2_room1_mix1470,5,5,0,-179,0,9.05
fold2_room1_mix1470,6,5,0,172,0,10.63
fold2_room1_mix1470,6,7,0,-179,0,5.43
fold2_room1_mix1470,7,7,0,-176,0,30.57
fold2_room1_mix1470,8,5,0,177,0,26.45
fold2_room1_mix1470,9,7,0,-177,0,40.64
fold2_room1_mix1470,10,5,0,177,0,44.55
fold2_room1_mix1470,10,7,0,-178,0,4.29
fold2_room1_mix1470,11,7,0,-177,0,39.87
fold2_room1_mix1470,12,7,0,-178,0,43.92
fold2_room1_mix1470,13,7,0,179,0,50.05
fold2_room1_mix1470,14,7,0,179,0,48.35
fold2_room1_mix1470,15,7,0,179,0,56.52
fold2_room1_mix1470,16,7,0,-178,0,51.17
fold2_room1_mix1470,17,7,0,-178,0,40.04
fold2_room1_mix1470,18,7,0,-179,0,38.64
fold2_room1_mix1470,19,7,0,-179,0,33.72
fold2_room1_mix1470,20,7,0,179,0,54.26
fold2_room1_mix1470,21,7,0,-179,0,57.82
fold2_room1_mix1470,22,7,0,179,0,54.92
fold2_room1_mix1470,23,7,0,179,0,52.82
fold2_room1_mix1470,24,7,0,-179,0,50.79
fold2_room1_mix1470,25,7,0,-179,0,52.17
fold2_room1_mix1470,26,7,0,179,0,54.02
fold2_room1_mix1470,27,7,0,-179,0,54.20
fold2_room1_mix1470,28,7,0,-179,0,55.70
fold2_room1_mix1470,29,7,0,-179,0,54.84
fold2_room1_mix1470,30,7,0,-179,0,53.58
fold2_room1_mix1470,31,7,0,-178,0,52.48
fold2_room1_mix1470,32,7,0,-179,0,53.95
fold2_room1_mix1470,33,7,0,-178,0,53.18
fold2_room1_mix1470,34,7,0,-179,0,54.56
fold2_room1_mix1470,35,7,0,-178,0,52.88
fold2_room1_mix1470,36,7,0,-179,0,51.20
fold2_room1_mix1470,37,7,0,-179,0,53.64
fold2_room1_mix1470,38,7,0,-179,0,52.76
fold2_room1_mix1470,39,7,0,-179,0,49.80
fold2_room1_mix1470,40,7,0,-179,0,51.63
fold2_room1_mix1470,41,7,0,-178,0,50.15
fold2_room1_mix1470,42,7,0,-179,0,48.28
fold2_room1_mix1470,43,7,0,-178,0,45.34
fold2_room1_mix1470,44,7,0,-178,0,45.49
fold2_room1_mix1470,45,7,0,-178,0,44.62
fold2_room1_mix1470,46,7,0,-177,0,44.23
fold2_room1_mix1470,47,7,0,-178,0,43.51
fold2_room1_mix1470,48,7,0,-177,0,40.88
fold2_room1_mix1470,49,7,0,-177,0,38.10
fold2_room1_mix1470,50,7,0,-176,0,35.88
fold2_room1_mix1470,51,7,0,-176,0,35.67
fold2_room1_mix1470,52,7,0,-175,0,33.11
fold2_room1_mix1470,53,7,0,-176,0,35.86
fold2_room1_mix1470,54,7,0,-175,0,32.77
fold2_room1_mix1470,55,7,0,-173,0,31.75
fold2_room1_mix1470,56,7,0,-172,0,29.42
fold2_room1_mix1470,57,7,0,-171,0,29.28
fold2_room1_mix1470,58,7,0,-171,0,27.76
fold2_room1_mix1470,59,7,0,-170,0,26.94
fold2_room1_mix1470,60,7,0,-169,0,24.26
fold2_room1_mix1470,61,7,0,-167,0,21.11
fold2_room1_mix1470,62,7,0,-167,-1,18.78
fold2_room1_mix1470,63,7,0,-165,-1,16.87
fold2_room1_mix1470,64,7,0,-164,-1,14.63
fold2_room1_mix1470,65,7,0,-163,-1,13.34
fold2_room1_mix1470,66,7,0,-163,-1,12.52
fold2_room1_mix1470,67,7,0,-160,-1,10.12
fold2_room1_mix1470,68,7,0,-159,-1,9.71
fold2_room1_mix1470,69,7,0,-156,0,8.36
fold2_room1_mix1470,70,7,0,-149,-1,7.16
fold2_room1_mix1470,71,7,0,-143,-1,5.99
fold2_room1_mix1470,72,7,0,-131,-2,4.43
fold2_room1_mix1470,73,7,0,-119,-3,3.73
fold2_room1_mix1470,74,7,0,-93,-4,3.30
fold2_room1_mix1470,75,7,0,-69,-3,3.48
fold2_room1_mix1470,76,7,0,-52,-2,4.37
fold2_room1_mix1470,77,7,0,-44,-2,5.19
fold2_room1_mix1470,78,7,0,-34,-1,6.50
fold2_room1_mix1470,79,7,0,-27,-1,7.70
fold2_room1_mix1470,80,7,0,-25,-1,8.71
fold2_room1_mix1470,81,7,0,-19,0,9.94
fold2_room1_mix1470,82,7,0,-18,0,10.61
fold2_room1_mix1470,83,7,0,-15,0,12.93
fold2_room1_mix1470,84,7,0,-13,0,14.08
fold2_room1_mix1470,85,7,0,-13,0,15.44
fold2_room1_mix1470,86,7,0,-11,0,17.68
fold2_room1_mix1470,87,7,0,-9,0,19.03
fold2_room1_mix1470,88,7,0,-9,0,20.25
fold2_room1_mix1470,89,7,0,-8,0,22.42
fold2_room1_mix1470,90,7,0,-7,0,24.38
fold2_room1_mix1470,91,7,0,-7,0,25.65
fold2_room1_mix1470,92,7,0,-5,0,27.90
fold2_room1_mix1470,93,7,0,-5,0,29.17
fold2_room1_mix1470,94,7,0,-4,0,29.42
fold2_room1_mix1470,95,7,0,-4,0,31.92
fold2_room1_mix1470,96,7,0,-4,0,33.81
fold2_room1_mix1470,97,7,0,-3,0,35.82
fold2_room1_mix1470,98,7,0,-3,0,37.92
fold2_room1_mix1470,99,7,0,-3,0,39.92
fold2_room1_mix1471,5,7,0,1,0,7.99
fold2_room1_mix1471,6,7,0,1,0,9.85
fold2_room1_mix1471,7,7,0,2,0,20.48
fold2_room1_mix1471,8,7,0,2,0,32.84
fold2_room1_mix1471,9,7,0,1,0,36.21
fold2_room1_mix1471,10,7,0,1,0,35.14
fold2_room1_mix1471,11,7,0,2,0,32.78
fold2_room1_mix1471,12,7,0,2,0,32.35
fold2_room1_mix1471,13,7,0,2,0,39.73
fold2_room1_mix1471,14,7,0,2,0,34.90
fold2_room1_mix1471,15,7,0,1,0,36.50
fold2_room1_mix1471,16,7,0,0,0,31.90
fold2_room1_mix1471,17,7,0,1,0,38.48
fold2_room1_mix1471,18,7,0,1,0,37.53
fold2_room1_mix1471,19,7,0,1,0,37.96
fold2_room1_mix1471,20,7,0,2,0,36.63
fold2_room1_mix1471,21,7,0,1,0,36.17
fold2_room1_mix1471,22,7,0,2,0,34.32
fold2_room1_mix1471,23,7,0,2,0,36.96
fold2_room1_mix1471,24,7,0,1,0,36.43
fold2_room1_mix1471,25,7,0,1,0,38.30
fold2_room1_mix1471,26,7,0,2,0,40.35
fold2_room1_mix1471,27,7,0,1,0,39.45
fold2_room1_mix1471,28,7,0,2,0,38.84
fold2_room1_mix1471,29,7,0,1,0,38.90
fold2_room1_mix1471,30,7,0,1,0,37.28
fold2_room1_mix1471,31,7,0,2,0,29.84
fold2_room1_mix1471,32,7,0,2,0,33.61
fold2_room1_mix1471,33,7,0,1,0,30.71
fold2_room1_mix1471,34,7,0,3,0,32.77
fold2_room1_mix1471,35,7,0,3,0,27.86
fold2_room1_mix1471,36,7,0,5,0,29.55
fold2_room1_mix1471,37,7,0,4,0,29.87
fold2_room1_mix1471,38,7,0,3,0,27.92
fold2_room1_mix1471,39,7,0,5,0,28.04
fold2_room1_mix1471,40,7,0,5,0,27.05
fold2_room1_mix1471,41,7,0,1,0,26.13
fold2_room1_mix1471,42,7,0,2,0,24.75
fold2_room1_mix1471,43,7,0,3,0,24.02
fold2_room1_mix1471,44,7,0,1,0,23.08
fold2_room1_mix1471,45,7,0,5,0,22.43
fold2_room1_mix1471,46,7,0,6,0,21.38
fold2_room1_mix1471,47,7,0,4,0,20.51
fold2_room1_mix1471,48,7,0,7,0,18.75
fold2_room1_mix1471,49,7,0,6,0,17.13
fold2_room1_mix1471,50,7,0,6,0,16.91
fold2_room1_mix1471,51,7,0,8,0,15.69
fold2_room1_mix1471,52,7,0,6,0,16.06
fold2_room1_mix1471,53,7,0,9,0,14.87
fold2_room1_mix1471,54,7,0,6,0,14.36
fold2_room1_mix1471,55,7,0,8,0,13.95
fold2_room1_mix1471,56,7,0,10,0,12.54
fold2_room1_mix1471,57,7,0,12,0,10.97
fold2_room1_mix1471,58,7,0,15,0,9.85
fold2_room1_mix1471,59,7,0,15,0,8.75
fold2_room1_mix1471,60,7,0,18,0,8.75
fold2_room1_mix1471,61,7,0,14,-1,8.42
fold2_room1_mix1471,62,7,0,18,-1,6.91
fold2_room1_mix1471,63,7,0,23,-1,5.75
fold2_room1_mix1471,64,7,0,24,-2,5.04
fold2_room1_mix1471,65,7,0,29,-3,3.85
fold2_room1_mix1471,66,7,0,37,-2,3.32
fold2_room1_mix1471,67,7,0,48,-2,2.63
fold2_room1_mix1471,68,7,0,58,-2,2.29
fold2_room1_mix1471,69,7,0,81,-2,2.67
fold2_room1_mix1471,70,7,0,107,-1,2.43
fold2_room1_mix1471,71,7,0,124,0,2.52
fold2_room1_mix1471,72,7,0,133,0,3.39
fold2_room1_mix1471,73,7,0,146,-1,3.77
fold2_room1_mix1471,74,7,0,151,-1,4.72
fold2_room1_mix1471,75,7,0,154,0,5.40
fold2_room1_mix1471,76,7,0,157,-1,5.73
fold2_room1_mix1471,77,7,0,162,-1,6.19
fold2_room1_mix1471,78,7,0,163,0,7.26
fold2_room1_mix1471,79,7,0,166,0,7.71
fold2_room1_mix1471,80,7,0,167,0,8.77
fold2_room1_mix1471,81,7,0,167,0,9.33
fold2_room1_mix1471,82,7,0,168,0,9.70
fold2_room1_mix1471,83,7,0,168,0,10.20
fold2_room1_mix1471,84,7,0,169,0,10.98
fold2_room1_mix1471,85,7,0,169,0,11.93
fold2_room1_mix1471,86,7,0,171,0,11.69
fold2_room1_mix1471,87,7,0,171,0,12.50
fold2_room1_mix1471,88,7,0,171,0,14.20
fold2_room1_mix1471,89,7,0,172,0,14.89
fold2_room1_mix1471,90,7,0,171,0,15.02
fold2_room1_mix1471,91,7,0,172,0,15.18
fold2_room1_mix1471,92,7,0,172,0,16.44
fold2_room1_mix1471,93,7,0,173,0,16.27
fold2_room1_mix1471,94,7,0,173,0,17.63
fold2_room1_mix1471,95,7,0,174,0,18.74
fold2_room1_mix1471,96,7,0,174,0,19.85
fold2_room1_mix1471,97,7,0,174,0,20.74
fold2_room1_mix1471,98,7,0,175,0,22.00
fold2_room1_mix1471,99,7,0,174,0,23.53
fold2_room1_mix1472,3,7,0,-175,0,17.67
fold2_room1_mix1472,4,7,0,-176,0,18.02
fold2_room1_mix1472,5,7,0,-174,0,19.50
fold2_room1_mix1472,6,7,0,-174,0,21.45
fold2_room1_mix1472,7,7,0,-173,0,20.71
fold2_room1_mix1472,8,7,0,-173,-1,20.43
fold2_room1_mix1472,9,7,0,-172,-1,19.36
fold2_room1_mix1472,10,7,0,-172,-1,19.48
fold2_room1_mix1472,11,7,0,-172,-1,19.64
fold2_room1_mix1472,12,7,0,-171,-1,19.39
fold2_room1_mix1472,13,7,0,-172,-1,19.17
fold2_room1_mix1472,14,7,0,-174,-1,18.84
fold2_room1_mix1472,15,7,0,-172,-1,18.41
fold2_room1_mix1472,16,7,0,-171,-1,17.32
fold2_room1_mix1472,17,7,0,-173,-1,18.89
fold2_room1_mix1472,18,7,0,-172,-1,17.91
fold2_room1_mix1472,19,7,0,-173,-1,18.76
fold2_room1_mix1472,20,7,0,-173,-1,18.08
fold2_room1_mix1472,21,7,0,-173,-1,16.60
fold2_room1_mix1472,22,7,0,-173,-1,17.54
fold2_room1_mix1472,23,7,0,-172,-1,16.00
fold2_room1_mix1472,24,7,0,-171,-1,15.85
fold2_room1_mix1472,25,7,0,-169,-1,14.50
fold2_room1_mix1472,26,7,0,-169,-1,14.01
fold2_room1_mix1472,27,7,0,-169,-1,13.82
fold2_room1_mix1472,28,7,0,-167,-1,12.74
fold2_room1_mix1472,29,7,0,-166,-1,11.69
fold2_room1_mix1472,30,7,0,-167,-1,12.74
fold2_room1_mix1472,31,7,0,-166,-1,11.90
fold2_room1_mix1472,32,7,0,-165,-1,10.77
fold2_room1_mix1472,33,7,0,-164,-1,10.04
fold2_room1_mix1472,34,7,0,-164,-1,9.79
fold2_room1_mix1472,35,7,0,-163,-1,9.24
fold2_room1_mix1472,36,7,0,-161,-2,8.21
fold2_room1_mix1472,37,7,0,-160,-2,7.67
fold2_room1_mix1472,38,7,0,-158,-2,7.13
fold2_room1_mix1472,39,7,0,-155,-2,6.17
fold2_room1_mix1472,40,7,0,-154,-2,5.84
fold2_room1_mix1472,41,7,0,-155,-2,6.11
fold2_room1_mix1472,42,7,0,-150,-3,5.32
fold2_room1_mix1472,43,7,0,-147,-3,4.90
fold2_room1_mix1472,44,7,0,-144,-3,4.62
fold2_room1_mix1472,45,7,0,-140,-3,4.12
fold2_room1_mix1472,46,7,0,-133,-4,3.22
fold2_room1_mix1472,47,7,0,-128,-4,3.14
fold2_room1_mix1472,48,7,0,-119,-5,2.76
fold2_room1_mix1472,49,7,0,-98,-5,2.53
fold2_room1_mix1472,50,7,0,-88,-4,2.72
fold2_room1_mix1472,51,7,0,-73,-4,2.90
fold2_room1_mix1472,52,7,0,-62,-3,3.21
fold2_room1_mix1472,53,7,0,-53,-3,3.37
fold2_room1_mix1472,54,7,0,-46,-2,3.70
fold2_room1_mix1472,55,7,0,-39,-2,4.33
fold2_room1_mix1472,56,7,0,-35,-1,4.55
fold2_room1_mix1472,57,7,0,-32,-2,4.85
fold2_room1_mix1472,58,7,0,-30,-1,5.46
fold2_room1_mix1472,59,7,0,-26,-1,6.02
fold2_room1_mix1472,60,7,0,-24,-1,6.01
fold2_room1_mix1472,61,7,0,-24,-1,6.46
fold2_room1_mix1472,62,7,0,-19,-1,7.22
fold2_room1_mix1472,63,7,0,-19,-1,7.87
fold2_room1_mix1472,64,7,0,-18,0,8.47
fold2_room1_mix1472,65,7,0,-17,-1,8.64
fold2_room1_mix1472,66,7,0,-16,0,8.92
fold2_room1_mix1472,67,7,0,-16,0,9.51
fold2_room1_mix1472,68,7,0,-14,0,10.15
fold2_room1_mix1472,69,7,0,-13,0,10.18
fold2_room1_mix1472,70,7,0,-12,0,11.30
fold2_room1_mix1472,71,7,0,-12,0,12.17
fold2_room1_mix1472,72,7,0,-11,0,12.56
fold2_room1_mix1472,73,7,0,-11,0,12.88
fold2_room1_mix1472,74,7,0,-12,0,12.79
fold2_room1_mix1472,75,7,0,-10,0,14.21
fold2_room1_mix1472,76,7,0,-10,0,14.98
fold2_room1_mix1472,77,7,0,-10,0,15.19
fold2_room1_mix1472,78,7,0,-8,0,16.09
fold2_room1_mix1472,79,7,0,-7,0,17.33
fold2_room1_mix1472,80,7,0,-7,0,17.11
fold2_room1_mix1472,81,7,0,-6,0,18.13
fold2_room1_mix1472,82,7,0,-6,0,18.82
fold2_room1_mix1472,83,7,0,-6,0,19.12
fold2_room1_mix1472,84,7,0,-6,0,19.36
fold2_room1_mix1472,85,7,0,-6,0,19.41
fold2_room1_mix1472,86,7,0,-5,0,20.36
fold2_room1_mix1472,87,7,0,-5,0,20.69
fold2_room1_mix1472,88,7,0,-5,0,21.28
fold2_room1_mix1472,89,7,0,-5,0,22.06
fold2_room1_mix1472,90,7,0,-5,0,22.82
fold2_room1_mix1472,91,7,0,-5,0,23.70
fold2_room1_mix1472,92,7,0,-4,0,23.86
fold2_room1_mix1472,93,7,0,-4,0,23.98
fold2_room1_mix1472,94,7,0,-4,0,26.43
fold2_room1_mix1472,95,7,0,-2,0,26.28
fold2_room1_mix1472,96,7,0,-3,0,25.49
fold2_room1_mix1472,97,7,0,-3,0,29.16
fold2_room1_mix1472,98,7,0,-2,0,29.67
fold2_room1_mix1472,99,7,0,-2,0,29.57
fold2_room1_mix1473,4,7,0,-177,0,23.22
fold2_room1_mix1473,5,7,0,-178,0,29.16
fold2_room1_mix1473,6,7,0,-177,0,31.32
fold2_room1_mix1473,7,7,0,-177,0,34.24
fold2_room1_mix1473,8,7,0,-177,0,38.87
fold2_room1_mix1473,9,7,0,-176,0,36.54
fold2_room1_mix1473,10,7,0,-177,0,35.65
fold2_room1_mix1473,11,7,0,-177,0,36.74
fold2_room1_mix1473,12,7,0,-177,0,36.25
fold2_room1_mix1473,13,7,0,-176,0,33.63
fold2_room1_mix1473,14,7,0,-176,0,32.36
fold2_room1_mix1473,15,7,0,-176,0,32.77
fold2_room1_mix1473,16,7,0,-176,0,32.12
fold2_room1_mix1473,17,7,0,-176,0,32.19
fold2_room1_mix1473,18,7,0,-175,0,31.43
fold2_room1_mix1473,19,7,0,-174,0,29.56
fold2_room1_mix1473,20,7,0,-176,0,30.68
fold2_room1_mix1473,21,7,0,-175,0,28.67
fold2_room1_mix1473,22,7,0,-174,0,27.47
fold2_room1_mix1473,23,7,0,-173,0,27.29
fold2_room1_mix1473,24,7,0,-173,0,26.02
fold2_room1_mix1473,25,7,0,-173,0,26.13
fold2_room1_mix1473,26,7,0,-172,0,24.03
fold2_room1_mix1473,27,7,0,-173,0,25.37
fold2_room1_mix1473,28,7,0,-171,-1,23.28
fold2_room1_mix1473,29,7,0,-170,-1,20.27
fold2_room1_mix1473,30,7,0,-169,-1,18.80
fold2_room1_mix1473,31,7,0,-169,-1,18.89
fold2_room1_mix1473,32,7,0,-168,-1,17.95
fold2_room1_mix1473,33,7,0,-168,-1,17.33
fold2_room1_mix1473,34,7,0,-167,-1,16.21
fold2_room1_mix1473,35,7,0,-166,-1,15.06
fold2_room1_mix1473,36,7,0,-164,-1,13.27
fold2_room1_mix1473,37,7,0,-161,-1,10.82
fold2_room1_mix1473,38,7,0,-159,-1,10.01
fold2_room1_mix1473,39,7,0,-158,-1,9.25
fold2_room1_mix1473,40,7,0,-154,-1,7.86
fold2_room1_mix1473,41,7,0,-150,-1,7.20
fold2_room1_mix1473,42,7,0,-143,-2,5.43
fold2_room1_mix1473,43,7,0,-138,-1,5.31
fold2_room1_mix1473,44,7,0,-127,-2,4.29
fold2_room1_mix1473,45,7,0,-103,-2,3.60
fold2_room1_mix1473,46,7,0,-87,-3,3.54
fold2_room1_mix1473,47,7,0,-67,-2,3.96
fold2_room1_mix1473,48,7,0,-54,-2,4.83
fold2_room1_mix1473,49,7,0,-44,-2,5.29
fold2_room1_mix1473,50,7,0,-36,-1,5.85
fold2_room1_mix1473,51,7,0,-32,-1,6.86
fold2_room1_mix1473,52,7,0,-27,-1,7.99
fold2_room1_mix1473,53,7,0,-24,0,8.87
fold2_room1_mix1473,54,7,0,-21,0,10.02
fold2_room1_mix1473,55,7,0,-19,0,11.11
fold2_room1_mix1473,56,7,0,-17,0,12.58
fold2_room1_mix1473,57,7,0,-16,0,13.52
fold2_room1_mix1473,58,7,0,-14,0,14.14
fold2_room1_mix1473,59,7,0,-12,0,15.57
fold2_room1_mix1473,60,7,0,-12,0,16.98
fold2_room1_mix1473,61,7,0,-11,0,17.83
fold2_room1_mix1473,62,7,0,-11,0,18.13
fold2_room1_mix1473,63,7,0,-10,0,19.46
fold2_room1_mix1473,64,7,0,-9,0,21.59
fold2_room1_mix1473,65,7,0,-8,0,23.10
fold2_room1_mix1473,66,7,0,-7,0,24.91
fold2_room1_mix1473,67,7,0,-6,0,26.87
fold2_room1_mix1473,68,7,0,-6,0,28.09
fold2_room1_mix1473,69,7,0,-5,0,29.57
fold2_room1_mix1473,70,7,0,-4,0,29.93
fold2_room1_mix1473,71,7,0,-4,0,31.57
fold2_room1_mix1473,72,7,0,-4,0,33.03
fold2_room1_mix1473,73,7,0,-3,0,33.73
fold2_room1_mix1473,74,7,0,-3,0,34.15
fold2_room1_mix1473,75,7,0,-3,0,36.20
fold2_room1_mix1473,76,7,0,-3,0,37.10
fold2_room1_mix1473,77,7,0,-3,0,37.06
fold2_room1_mix1473,78,7,0,-3,0,38.31
fold2_room1_mix1473,79,7,0,-3,0,39.45
fold2_room1_mix1473,80,7,0,-3,0,40.28
fold2_room1_mix1473,81,7,0,-3,0,40.85
fold2_room1_mix1473,82,7,0,-3,0,40.60
fold2_room1_mix1473,83,7,0,-3,0,42.83
fold2_room1_mix1473,84,7,0,-3,0,44.62
fold2_room1_mix1473,85,7,0,-3,0,45.55
fold2_room1_mix1473,86,7,0,-2,0,48.11
fold2_room1_mix1473,87,7,0,-2,0,47.72
fold2_room1_mix1473,88,7,0,-2,0,51.25
fold2_room1_mix1473,89,7,0,-2,0,50.83
fold2_room1_mix1473,90,7,0,-2,0,50.19
fold2_room1_mix1473,91,7,0,-2,0,54.27
fold2_room1_mix1473,92,7,0,-2,0,56.57
fold2_room1_mix1473,93,7,0,-2,0,54.34
fold2_room1_mix1473,94,7,0,-2,0,54.89
fold2_room1_mix1473,95,7,0,-2,0,57.86
fold2_room1_mix1473,96,7,0,-3,0,59.60
fold2_room1_mix1473,97,7,0,-2,0,60.31
fold2_room1_mix1473,98,7,0,-2,0,59.62
fold2_room1_mix1473,99,7,0,-2,0,62.06
fold2_room1_mix1474,4,7,0,-177,0,4.91
fold2_room1_mix1474,6,7,0,-179,0,21.35
fold2_room1_mix1474,7,7,0,-178,0,6.95
fold2_room1_mix1474,8,7,0,-178,0,31.60
fold2_room1_mix1474,9,7,0,-179,0,24.47
fold2_room1_mix1474,10,7,0,-179,0,7.46
fold2_room1_mix1474,11,7,0,179,0,50.61
fold2_room1_mix1474,12,7,0,-179,0,62.01
fold2_room1_mix1474,13,7,0,179,0,57.11
fold2_room1_mix1474,14,7,0,179,0,58.06
fold2_room1_mix1474,15,7,0,-179,0,59.68
fold2_room1_mix1474,16,7,0,-179,0,55.33
fold2_room1_mix1474,17,7,0,-178,0,54.79
fold2_room1_mix1474,18,7,0,-178,0,55.22
fold2_room1_mix1474,19,7,0,-178,0,61.63
fold2_room1_mix1474,20,7,0,-178,0,62.83
fold2_room1_mix1474,21,7,0,-179,0,59.41
fold2_room1_mix1474,22,7,0,-178,0,59.56
fold2_room1_mix1474,23,7,0,-179,0,64.85
fold2_room1_mix1474,24,7,0,-177,0,58.08
fold2_room1_mix1474,25,7,0,-179,0,59.85
fold2_room1_mix1474,26,7,0,-179,0,60.98
fold2_room1_mix1474,27,7,0,-178,0,62.20
fold2_room1_mix1474,28,7,0,-179,0,57.07
fold2_room1_mix1474,29,7,0,-178,0,54.73
fold2_room1_mix1474,30,7,0,-179,0,51.97
fold2_room1_mix1474,31,7,0,-179,0,48.93
fold2_room1_mix1474,32,7,0,179,0,49.13
fold2_room1_mix1474,33,7,0,-178,0,46.30
fold2_room1_mix1474,34,7,0,-178,0,45.90
fold2_room1_mix1474,35,7,0,-177,0,42.04
fold2_room1_mix1474,36,7,0,-176,0,39.41
fold2_room1_mix1474,37,7,0,-176,0,38.03
fold2_room1_mix1474,38,7,0,-175,0,36.26
fold2_room1_mix1474,39,7,0,-175,0,35.35
fold2_room1_mix1474,40,7,0,-175,0,35.98
fold2_room1_mix1474,41,7,0,-172,0,30.68
fold2_room1_mix1474,42,7,0,-171,0,30.20
fold2_room1_mix1474,43,7,0,-170,0,27.83
fold2_room1_mix1474,44,7,0,-169,0,27.35
fold2_room1_mix1474,45,7,0,-168,0,22.92
fold2_room1_mix1474,46,7,0,-167,-1,19.56
fold2_room1_mix1474,47,7,0,-166,-1,18.43
fold2_room1_mix1474,48,7,0,-166,-1,16.39
fold2_room1_mix1474,49,7,0,-164,-1,13.43
fold2_room1_mix1474,50,7,0,-163,-1,12.05
fold2_room1_mix1474,51,7,0,-160,-1,9.85
fold2_room1_mix1474,52,7,0,-156,-1,8.46
fold2_room1_mix1474,53,7,0,-150,-1,7.09
fold2_room1_mix1474,54,7,0,-136,-2,5.01
fold2_room1_mix1474,55,7,0,-115,-3,3.66
fold2_room1_mix1474,56,7,0,-89,-4,3.60
fold2_room1_mix1474,57,7,0,-60,-3,4.03
fold2_room1_mix1474,58,7,0,-43,-2,4.82
fold2_room1_mix1474,59,7,0,-33,-2,6.64
fold2_room1_mix1474,60,7,0,-29,-1,7.76
fold2_room1_mix1474,61,7,0,-23,-1,9.33
fold2_room1_mix1474,62,7,0,-18,-1,10.65
fold2_room1_mix1474,63,7,0,-18,-1,11.57
fold2_room1_mix1474,64,7,0,-13,0,14.79
fold2_room1_mix1474,65,7,0,-13,0,15.45
fold2_room1_mix1474,66,7,0,-11,0,17.61
fold2_room1_mix1474,67,7,0,-10,0,19.14
fold2_room1_mix1474,68,7,0,-9,0,20.22
fold2_room1_mix1474,69,7,0,-8,0,21.45
fold2_room1_mix1474,70,7,0,-7,0,24.06
fold2_room1_mix1474,71,7,0,-6,0,27.08
fold2_room1_mix1474,72,7,0,-5,0,31.15
fold2_room1_mix1474,73,7,0,-6,0,32.03
fold2_room1_mix1474,74,7,0,-4,0,32.74
fold2_room1_mix1474,75,7,0,-4,0,36.03
fold2_room1_mix1474,76,7,0,-3,0,40.37
fold2_room1_mix1474,77,7,0,-3,0,39.90
fold2_room1_mix1474,78,7,0,-3,0,41.62
fold2_room1_mix1474,79,7,0,-2,0,46.31
fold2_room1_mix1474,80,7,0,-2,0,47.19
fold2_room1_mix1474,81,7,0,-2,0,45.71
fold2_room1_mix1474,82,7,0,-1,0,50.30
fold2_room1_mix1474,83,7,0,-2,0,53.31
fold2_room1_mix1474,84,7,0,-1,0,52.38
fold2_room1_mix1474,85,7,0,-1,0,52.78
fold2_room1_mix1474,86,7,0,-1,0,57.08
fold2_room1_mix1474,87,7,0,-1,0,57.65
fold2_room1_mix1474,88,7,0,-1,0,60.38
fold2_room1_mix1474,89,7,0,-1,0,61.02
fold2_room1_mix1474,90,7,0,-1,0,64.52
fold2_room1_mix1474,91,7,0,-1,0,69.02
fold2_room1_mix1474,92,7,0,-1,0,70.78
fold2_room1_mix1474,93,7,0,-1,0,70.96
fold2_room1_mix1474,94,7,0,-1,0,71.10
fold2_room1_mix1474,95,7,0,-1,0,73.94
fold2_room1_mix1474,96,7,0,-1,0,80.32
fold2_room1_mix1474,97,7,0,-1,0,74.82
fold2_room1_mix1474,98,7,0,-1,0,77.10
fold2_room1_mix1474,99,7,0,-1,0,84.18
fold2_room1_mix1475,3,7,0,-179,0,12.94
fold2_room1_mix1475,4,7,0,178,0,30.49
fold2_room1_mix1475,5,7,0,178,0,39.01
fold2_room1_mix1475,6,7,0,179,0,41.44
fold2_room1_mix1475,7,7,0,179,0,44.81
fold2_room1_mix1475,8,7,0,179,0,51.56
fold2_room1_mix1475,9,7,0,-179,0,46.57
fold2_room1_mix1475,10,7,0,179,0,48.76
fold2_room1_mix1475,11,7,0,179,0,50.72
fold2_room1_mix1475,12,7,0,178,0,50.68
fold2_room1_mix1475,13,7,0,179,0,46.09
fold2_room1_mix1475,14,7,0,179,0,45.83
fold2_room1_mix1475,15,7,0,-179,0,45.57
fold2_room1_mix1475,16,7,0,179,0,43.53
fold2_room1_mix1475,17,7,0,179,0,46.07
fold2_room1_mix1475,18,7,0,179,0,46.45
fold2_room1_mix1475,19,7,0,179,0,45.06
fold2_room1_mix1475,20,7,0,178,0,44.45
fold2_room1_mix1475,21,7,0,178,0,44.85
fold2_room1_mix1475,22,7,0,178,0,44.16
fold2_room1_mix1475,23,7,0,178,0,43.22
fold2_room1_mix1475,24,7,0,178,0,44.47
fold2_room1_mix1475,25,7,0,178,0,41.32
fold2_room1_mix1475,26,7,0,178,0,41.29
fold2_room1_mix1475,27,7,0,177,0,41.87
fold2_room1_mix1475,28,7,0,178,0,41.85
fold2_room1_mix1475,29,7,0,177,0,39.84
fold2_room1_mix1475,30,7,0,178,0,39.01
fold2_room1_mix1475,31,7,0,178,0,41.64
fold2_room1_mix1475,32,7,0,177,0,39.49
fold2_room1_mix1475,33,7,0,177,0,39.36
fold2_room1_mix1475,34,7,0,176,0,39.48
fold2_room1_mix1475,35,7,0,178,0,37.38
fold2_room1_mix1475,36,7,0,178,0,36.12
fold2_room1_mix1475,37,7,0,177,0,35.08
fold2_room1_mix1475,38,7,0,177,0,35.00
fold2_room1_mix1475,39,7,0,178,0,31.79
fold2_room1_mix1475,40,7,0,177,0,31.72
fold2_room1_mix1475,41,7,0,177,0,30.73
fold2_room1_mix1475,42,7,0,177,0,30.65
fold2_room1_mix1475,43,7,0,176,0,30.86
fold2_room1_mix1475,44,7,0,177,0,29.83
fold2_room1_mix1475,45,7,0,176,0,29.30
fold2_room1_mix1475,46,7,0,176,0,29.29
fold2_room1_mix1475,47,7,0,176,0,28.67
fold2_room1_mix1475,48,7,0,176,0,27.88
fold2_room1_mix1475,49,7,0,176,0,26.55
fold2_room1_mix1475,50,7,0,176,0,25.54
fold2_room1_mix1475,51,7,0,175,0,23.03
fold2_room1_mix1475,52,7,0,175,0,22.38
fold2_room1_mix1475,53,7,0,176,0,21.12
fold2_room1_mix1475,54,7,0,175,0,20.31
fold2_room1_mix1475,55,7,0,174,0,19.36
fold2_room1_mix1475,56,7,0,174,0,18.92
fold2_room1_mix1475,57,7,0,175,-1,16.93
fold2_room1_mix1475,58,7,0,173,0,16.81
fold2_room1_mix1475,59,7,0,174,0,16.39
fold2_room1_mix1475,60,7,0,172,0,15.66
fold2_room1_mix1475,61,7,0,173,-1,14.17
fold2_room1_mix1475,62,7,0,170,-1,12.74
fold2_room1_mix1475,63,7,0,168,0,11.69
fold2_room1_mix1475,64,7,0,168,0,10.16
fold2_room1_mix1475,65,7,0,167,-1,8.83
fold2_room1_mix1475,66,7,0,164,-1,8.02
fold2_room1_mix1475,67,7,0,161,-1,7.42
fold2_room1_mix1475,68,7,0,159,-1,6.16
fold2_room1_mix1475,69,7,0,156,-2,4.98
fold2_room1_mix1475,70,7,0,149,-2,4.47
fold2_room1_mix1475,71,7,0,141,-1,3.35
fold2_room1_mix1475,72,7,0,122,0,2.77
fold2_room1_mix1475,73,7,0,93,0,2.59
fold2_room1_mix1475,74,7,0,64,1,2.67
fold2_room1_mix1475,75,7,0,49,1,3.37
fold2_room1_mix1475,76,7,0,34,0,4.14
fold2_room1_mix1475,77,7,0,26,0,4.81
fold2_room1_mix1475,78,7,0,22,0,5.57
fold2_room1_mix1475,79,7,0,19,0,6.36
fold2_room1_mix1475,80,7,0,15,0,7.16
fold2_room1_mix1475,81,7,0,13,0,7.59
fold2_room1_mix1475,82,7,0,11,0,8.18
fold2_room1_mix1475,83,7,0,10,0,9.44
fold2_room1_mix1475,84,7,0,10,0,9.62
fold2_room1_mix1475,85,7,0,10,0,11.30
fold2_room1_mix1475,86,7,0,9,0,12.22
fold2_room1_mix1475,87,7,0,8,0,12.56
fold2_room1_mix1475,88,7,0,8,0,13.27
fold2_room1_mix1475,89,7,0,7,0,14.34
fold2_room1_mix1475,90,7,0,7,0,15.77
fold2_room1_mix1475,91,7,0,8,0,16.60
fold2_room1_mix1475,92,7,0,7,0,17.60
fold2_room1_mix1475,93,7,0,6,0,18.54
fold2_room1_mix1475,94,7,0,6,0,19.68
fold2_room1_mix1475,95,7,0,6,0,19.62
fold2_room1_mix1475,96,7,0,5,0,21.53
fold2_room1_mix1475,97,7,0,5,0,21.79
fold2_room1_mix1475,98,7,0,5,0,23.75
fold2_room1_mix1475,99,7,0,4,0,24.07
fold2_room1_mix1476,3,7,0,0,0,11.81
fold2_room1_mix1476,4,7,0,0,0,11.25
fold2_room1_mix1476,5,7,0,2,0,22.44
fold2_room1_mix1476,6,7,0,2,0,28.66
fold2_room1_mix1476,7,7,0,2,0,31.80
fold2_room1_mix1476,8,7,0,2,0,45.62
fold2_room1_mix1476,9,7,0,2,0,43.32
fold2_room1_mix1476,10,7,0,2,0,45.31
fold2_room1_mix1476,11,7,0,2,0,48.24
fold2_room1_mix1476,12,7,0,2,0,47.80
fold2_room1_mix1476,13,7,0,1,0,47.16
fold2_room1_mix1476,14,7,0,2,0,50.76
fold2_room1_mix1476,15,7,0,2,0,50.69
fold2_room1_mix1476,16,7,0,2,0,50.35
fold2_room1_mix1476,17,7,0,0,0,40.82
fold2_room1_mix1476,18,7,0,0,0,44.11
fold2_room1_mix1476,19,7,0,1,0,47.71
fold2_room1_mix1476,20,7,0,1,0,54.63
fold2_room1_mix1476,21,7,0,1,0,50.66
fold2_room1_mix1476,22,7,0,2,0,51.19
fold2_room1_mix1476,23,7,0,2,0,47.19
fold2_room1_mix1476,24,7,0,1,0,48.41
fold2_room1_mix1476,25,7,0,1,0,47.56
fold2_room1_mix1476,26,7,0,1,0,44.11
fold2_room1_mix1476,27,7,0,1,0,43.38
fold2_room1_mix1476,28,7,0,1,0,46.23
fold2_room1_mix1476,29,7,0,2,0,43.12
fold2_room1_mix1476,30,7,0,2,0,39.52
fold2_room1_mix1476,31,7,0,1,0,38.92
fold2_room1_mix1476,32,7,0,2,0,38.57
fold2_room1_mix1476,33,7,0,1,0,37.08
fold2_room1_mix1476,34,7,0,1,0,31.66
fold2_room1_mix1476,35,7,0,0,0,32.08
fold2_room1_mix1476,36,7,0,0,0,30.22
fold2_room1_mix1476,37,7,0,2,0,28.35
fold2_room1_mix1476,38,7,0,1,0,26.46
fold2_room1_mix1476,39,7,0,3,0,24.68
fold2_room1_mix1476,40,7,0,2,0,23.11
fold2_room1_mix1476,41,7,0,7,0,21.69
fold2_room1_mix1476,42,7,0,7,0,18.78
fold2_room1_mix1476,43,7,0,6,0,17.74
fold2_room1_mix1476,44,7,0,8,0,15.91
fold2_room1_mix1476,45,7,0,10,0,14.01
fold2_room1_mix1476,46,7,0,11,0,12.43
fold2_room1_mix1476,47,7,0,14,0,9.83
fold2_room1_mix1476,48,7,0,16,-1,8.33
fold2_room1_mix1476,49,7,0,19,-1,6.05
fold2_room1_mix1476,50,7,0,29,-2,3.97
fold2_room1_mix1476,51,7,0,49,-1,2.54
fold2_room1_mix1476,52,7,0,99,-1,1.80
fold2_room1_mix1476,53,7,0,139,-2,2.21
fold2_room1_mix1476,54,7,0,151,-2,3.31
fold2_room1_mix1476,55,7,0,163,-1,4.91
fold2_room1_mix1476,56,7,0,165,-1,5.75
fold2_room1_mix1476,57,7,0,166,0,7.24
fold2_room1_mix1476,58,7,0,170,0,9.09
fold2_room1_mix1476,59,7,0,171,0,10.94
fold2_room1_mix1476,60,7,0,173,0,12.34
fold2_room1_mix1476,61,7,0,174,0,12.78
fold2_room1_mix1476,62,7,0,173,0,14.65
fold2_room1_mix1476,63,7,0,174,0,16.48
fold2_room1_mix1476,64,7,0,175,0,17.57
fold2_room1_mix1476,65,7,0,174,0,19.00
fold2_room1_mix1476,66,7,0,175,0,20.67
fold2_room1_mix1476,67,7,0,176,0,22.47
fold2_room1_mix1476,68,7,0,176,0,23.32
fold2_room1_mix1476,69,7,0,176,0,24.03
fold2_room1_mix1476,70,7,0,176,0,27.66
fold2_room1_mix1476,71,7,0,176,0,28.53
fold2_room1_mix1476,72,7,0,177,0,29.99
fold2_room1_mix1476,73,7,0,176,0,34.14
fold2_room1_mix1476,74,7,0,177,0,33.76
fold2_room1_mix1476,75,7,0,177,0,36.32
fold2_room1_mix1476,76,7,0,176,0,38.07
fold2_room1_mix1476,77,7,0,178,0,39.07
fold2_room1_mix1476,78,7,0,177,0,38.88
fold2_room1_mix1476,79,7,0,177,0,43.09
fold2_room1_mix1476,80,7,0,177,0,41.51
fold2_room1_mix1476,81,7,0,177,0,42.61
fold2_room1_mix1476,82,7,0,177,0,46.80
fold2_room1_mix1476,83,7,0,178,0,51.36
fold2_room1_mix1476,84,7,0,178,0,50.25
fold2_room1_mix1476,85,7,0,177,0,52.23
fold2_room1_mix1476,86,7,0,177,0,56.57
fold2_room1_mix1476,87,7,0,178,0,55.59
fold2_room1_mix1476,88,7,0,177,0,56.94
fold2_room1_mix1476,89,7,0,177,0,57.20
fold2_room1_mix1476,90,7,0,177,0,62.02
fold2_room1_mix1476,91,7,0,177,0,62.61
fold2_room1_mix1476,92,7,0,178,0,61.09
fold2_room1_mix1476,93,7,0,177,0,65.43
fold2_room1_mix1476,94,7,0,177,0,64.19
fold2_room1_mix1476,95,7,0,177,0,68.41
fold2_room1_mix1476,96,7,0,177,0,70.43
fold2_room1_mix1476,97,7,0,177,0,73.81
fold2_room1_mix1476,98,7,0,177,0,66.10
fold2_room1_mix1476,99,7,0,177,0,73.09
fold2_room1_mix1477,12,7,0,2,0,20.98
fold2_room1_mix1477,13,7,0,2,0,38.38
fold2_room1_mix1477,14,7,0,2,0,33.28
fold2_room1_mix1477,15,7,0,3,0,39.16
fold2_room1_mix1477,16,7,0,2,0,43.11
fold2_room1_mix1477,17,7,0,2,0,39.31
fold2_room1_mix1477,18,7,0,1,0,40.46
fold2_room1_mix1477,19,7,0,2,0,42.07
fold2_room1_mix1477,20,7,0,2,0,44.17
fold2_room1_mix1477,21,7,0,2,0,41.28
fold2_room1_mix1477,22,7,0,1,0,42.10
fold2_room1_mix1477,23,7,0,1,0,42.67
fold2_room1_mix1477,24,7,0,2,0,47.33
fold2_room1_mix1477,25,7,0,1,0,46.78
fold2_room1_mix1477,26,7,0,1,0,43.15
fold2_room1_mix1477,27,7,0,2,0,43.41
fold2_room1_mix1477,28,7,0,2,0,45.03
fold2_room1_mix1477,29,7,0,0,0,26.16
fold2_room1_mix1477,30,7,0,1,0,42.31
fold2_room1_mix1477,31,7,0,2,0,46.15
fold2_room1_mix1477,32,7,0,1,0,47.57
fold2_room1_mix1477,33,7,0,1,0,46.08
fold2_room1_mix1477,34,7,0,2,0,43.92
fold2_room1_mix1477,35,7,0,1,0,43.60
fold2_room1_mix1477,36,7,0,1,0,48.92
fold2_room1_mix1477,37,7,0,2,0,44.26
fold2_room1_mix1477,38,7,0,3,0,43.39
fold2_room1_mix1477,39,7,0,1,0,50.54
fold2_room1_mix1477,40,7,0,1,0,47.76
fold2_room1_mix1477,41,7,0,1,0,50.52
fold2_room1_mix1477,42,7,0,1,0,53.39
fold2_room1_mix1477,43,7,0,2,0,51.53
fold2_room1_mix1477,44,7,0,2,0,51.69
fold2_room1_mix1477,45,7,0,1,0,51.70
fold2_room1_mix1477,46,7,0,0,0,52.58
fold2_room1_mix1477,47,7,0,1,0,51.63
fold2_room1_mix1477,48,7,0,1,0,54.01
fold2_room1_mix1477,49,7,0,1,0,53.50
fold2_room1_mix1477,50,7,0,1,0,48.46
fold2_room1_mix1477,51,7,0,3,0,48.85
fold2_room1_mix1477,52,7,0,2,0,46.88
fold2_room1_mix1477,53,7,0,2,0,43.74
fold2_room1_mix1477,54,7,0,3,0,42.73
fold2_room1_mix1477,55,7,0,2,0,43.17
fold2_room1_mix1477,56,7,0,2,0,42.59
fold2_room1_mix1477,57,7,0,2,0,41.83
fold2_room1_mix1477,58,7,0,4,0,39.68
fold2_room1_mix1477,59,7,0,3,0,38.22
fold2_room1_mix1477,60,7,0,2,0,37.00
fold2_room1_mix1477,61,7,0,2,0,35.34
fold2_room1_mix1477,62,7,0,4,0,32.27
fold2_room1_mix1477,63,7,0,3,0,30.26
fold2_room1_mix1477,64,7,0,3,0,27.29
fold2_room1_mix1477,65,7,0,8,0,26.87
fold2_room1_mix1477,66,7,0,7,0,25.26
fold2_room1_mix1477,67,7,0,8,0,24.29
fold2_room1_mix1477,68,7,0,9,0,20.83
fold2_room1_mix1477,69,7,0,10,0,19.15
fold2_room1_mix1477,70,7,0,12,0,17.33
fold2_room1_mix1477,71,7,0,14,0,15.84
fold2_room1_mix1477,72,7,0,13,0,14.14
fold2_room1_mix1477,73,7,0,16,0,12.87
fold2_room1_mix1477,74,7,0,18,0,10.88
fold2_room1_mix1477,75,7,0,21,0,8.79
fold2_room1_mix1477,76,7,0,26,-1,6.61
fold2_room1_mix1477,77,7,0,35,0,5.22
fold2_room1_mix1477,78,7,0,45,-1,3.56
fold2_room1_mix1477,79,7,0,76,-2,3.26
fold2_room1_mix1477,80,7,0,115,-1,3.49
fold2_room1_mix1477,81,7,0,137,-1,4.35
fold2_room1_mix1477,82,7,0,145,0,4.97
fold2_room1_mix1477,83,7,0,154,0,6.25
fold2_room1_mix1477,84,7,0,159,0,8.08
fold2_room1_mix1477,85,7,0,160,0,8.94
fold2_room1_mix1477,86,7,0,163,0,11.00
fold2_room1_mix1477,87,7,0,166,0,12.50
fold2_room1_mix1477,88,7,0,168,0,14.39
fold2_room1_mix1477,89,7,0,169,0,15.61
fold2_room1_mix1477,90,7,0,170,0,17.22
fold2_room1_mix1477,91,7,0,171,0,18.74
fold2_room1_mix1477,92,7,0,172,0,19.95
fold2_room1_mix1477,93,7,0,172,0,22.94
fold2_room1_mix1477,94,7,0,173,0,24.15
fold2_room1_mix1477,95,7,0,173,0,25.46
fold2_room1_mix1477,96,7,0,173,0,26.60
fold2_room1_mix1477,97,7,0,173,0,28.86
fold2_room1_mix1477,98,7,0,173,0,28.54
fold2_room1_mix1477,99,7,0,173,0,30.70
fold2_room1_mix1478,3,7,0,1,0,13.96
fold2_room1_mix1478,4,7,0,0,0,19.25
fold2_room1_mix1478,5,7,0,1,0,25.77
fold2_room1_mix1478,6,7,0,1,0,29.47
fold2_room1_mix1478,7,7,0,1,0,32.03
fold2_room1_mix1478,8,7,0,0,0,19.22
fold2_room1_mix1478,9,7,0,1,0,28.65
fold2_room1_mix1478,10,7,0,2,0,26.65
fold2_room1_mix1478,11,7,0,2,0,24.96
fold2_room1_mix1478,12,7,0,1,0,25.99
fold2_room1_mix1478,13,7,0,2,0,32.26
fold2_room1_mix1478,14,7,0,0,0,30.12
fold2_room1_mix1478,15,7,0,0,0,31.04
fold2_room1_mix1478,16,7,0,-2,0,27.15
fold2_room1_mix1478,17,7,0,0,0,5.39
fold2_room1_mix1478,18,7,0,0,0,33.50
fold2_room1_mix1478,19,7,0,2,0,35.94
fold2_room1_mix1478,20,7,0,0,0,35.61
fold2_room1_mix1478,21,7,0,1,0,34.19
fold2_room1_mix1478,22,7,0,0,0,35.12
fold2_room1_mix1478,23,7,0,0,0,36.77
fold2_room1_mix1478,24,7,0,0,0,35.03
fold2_room1_mix1478,25,7,0,-5,0,27.19
fold2_room1_mix1478,26,7,0,-3,0,15.09
fold2_room1_mix1478,27,7,0,-2,0,26.95
fold2_room1_mix1478,28,7,0,0,0,24.97
fold2_room1_mix1478,29,7,0,0,0,36.69
fold2_room1_mix1478,30,7,0,0,0,33.05
fold2_room1_mix1478,31,7,0,0,0,32.39
fold2_room1_mix1478,32,7,0,0,0,35.29
fold2_room1_mix1478,33,7,0,0,0,37.23
fold2_room1_mix1478,34,7,0,-1,0,33.31
fold2_room1_mix1478,35,7,0,1,0,34.93
fold2_room1_mix1478,36,7,0,-2,0,30.64
fold2_room1_mix1478,37,7,0,-1,0,32.02
fold2_room1_mix1478,38,7,0,-1,0,29.94
fold2_room1_mix1478,39,7,0,0,0,31.26
fold2_room1_mix1478,40,7,0,-2,0,26.48
fold2_room1_mix1478,41,7,0,-2,0,25.27
fold2_room1_mix1478,42,7,0,-1,0,25.38
fold2_room1_mix1478,43,7,0,0,0,25.63
fold2_room1_mix1478,44,7,0,-2,0,27.52
fold2_room1_mix1478,45,7,0,-1,0,24.62
fold2_room1_mix1478,46,7,0,-5,0,25.34
fold2_room1_mix1478,47,7,0,-7,0,22.18
fold2_room1_mix1478,48,7,0,-7,0,19.56
fold2_room1_mix1478,49,7,0,-7,0,20.62
fold2_room1_mix1478,50,7,0,-10,0,17.67
fold2_room1_mix1478,51,7,0,-9,0,17.33
fold2_room1_mix1478,52,7,0,-13,0,16.07
fold2_room1_mix1478,53,7,0,-13,0,15.48
fold2_room1_mix1478,54,7,0,-13,0,15.21
fold2_room1_mix1478,55,7,0,-14,0,12.77
fold2_room1_mix1478,56,7,0,-16,0,12.15
fold2_room1_mix1478,57,7,0,-15,0,12.16
fold2_room1_mix1478,58,7,0,-18,0,10.49
fold2_room1_mix1478,59,7,0,-19,0,10.25
fold2_room1_mix1478,60,7,0,-21,-1,8.44
fold2_room1_mix1478,61,7,0,-25,-1,7.32
fold2_room1_mix1478,62,7,0,-25,-1,6.92
fold2_room1_mix1478,63,7,0,-28,-1,6.31
fold2_room1_mix1478,64,7,0,-31,-1,5.90
fold2_room1_mix1478,65,7,0,-35,-2,4.93
fold2_room1_mix1478,66,7,0,-45,-2,4.26
fold2_room1_mix1478,67,7,0,-51,-2,3.99
fold2_room1_mix1478,68,7,0,-57,-3,3.54
fold2_room1_mix1478,69,7,0,-64,-3,3.20
fold2_room1_mix1478,70,7,0,-80,-4,3.00
fold2_room1_mix1478,71,7,0,-97,-3,2.94
fold2_room1_mix1478,72,7,0,-110,-3,3.34
fold2_room1_mix1478,73,7,0,-124,-2,3.81
fold2_room1_mix1478,74,7,0,-137,-2,4.29
fold2_room1_mix1478,75,7,0,-142,-2,5.02
fold2_room1_mix1478,76,7,0,-146,-2,5.61
fold2_room1_mix1478,77,7,0,-148,-1,6.49
fold2_room1_mix1478,78,7,0,-151,-1,7.03
fold2_room1_mix1478,79,7,0,-155,-1,7.94
fold2_room1_mix1478,80,7,0,-156,-1,8.28
fold2_room1_mix1478,81,7,0,-158,-1,9.04
fold2_room1_mix1478,82,7,0,-160,0,10.37
fold2_room1_mix1478,83,7,0,-160,0,10.85
fold2_room1_mix1478,84,7,0,-163,0,12.36
fold2_room1_mix1478,85,7,0,-163,0,12.49
fold2_room1_mix1478,86,7,0,-164,0,13.30
fold2_room1_mix1478,87,7,0,-166,0,15.18
fold2_room1_mix1478,88,7,0,-165,0,14.60
fold2_room1_mix1478,89,7,0,-167,0,16.62
fold2_room1_mix1478,90,7,0,-168,0,17.50
fold2_room1_mix1478,91,7,0,-169,0,18.34
fold2_room1_mix1478,92,7,0,-169,0,18.38
fold2_room1_mix1478,93,7,0,-170,0,19.77
fold2_room1_mix1478,94,7,0,-169,0,19.01
fold2_room1_mix1478,95,7,0,-169,0,20.97
fold2_room1_mix1478,96,7,0,-170,0,22.61
fold2_room1_mix1478,97,7,0,-170,0,23.18
fold2_room1_mix1478,98,7,0,-171,0,23.89
fold2_room1_mix1478,99,7,0,-172,0,25.88
fold2_room1_mix1479,3,7,0,0,0,22.91
fold2_room1_mix1479,4,7,0,0,0,29.46
fold2_room1_mix1479,5,7,0,1,0,35.10
fold2_room1_mix1479,6,7,0,0,0,35.22
fold2_room1_mix1479,7,7,0,0,0,40.40
fold2_room1_mix1479,8,7,0,0,0,41.73
fold2_room1_mix1479,9,7,0,0,0,37.50
fold2_room1_mix1479,10,7,0,0,0,40.68
fold2_room1_mix1479,11,7,0,0,0,41.66
fold2_room1_mix1479,12,7,0,0,0,42.88
fold2_room1_mix1479,13,7,0,0,0,42.57
fold2_room1_mix1479,14,7,0,0,0,44.89
fold2_room1_mix1479,15,7,0,0,0,42.58
fold2_room1_mix1479,16,7,0,0,0,38.88
fold2_room1_mix1479,17,7,0,0,0,40.18
fold2_room1_mix1479,18,7,0,0,0,38.96
fold2_room1_mix1479,19,7,0,0,0,37.63
fold2_room1_mix1479,20,7,0,0,0,37.47
fold2_room1_mix1479,21,7,0,0,0,36.09
fold2_room1_mix1479,22,7,0,-2,0,33.14
fold2_room1_mix1479,23,7,0,-2,0,31.35
fold2_room1_mix1479,24,7,0,-3,0,30.69
fold2_room1_mix1479,25,7,0,-4,0,28.97
fold2_room1_mix1479,26,7,0,-4,0,28.03
fold2_room1_mix1479,27,7,0,-6,0,28.20
fold2_room1_mix1479,28,7,0,-5,0,26.37
fold2_room1_mix1479,29,7,0,-6,0,24.65
fold2_room1_mix1479,30,7,0,-7,0,22.89
fold2_room1_mix1479,31,7,0,-7,0,23.11
fold2_room1_mix1479,32,7,0,-8,0,22.44
fold2_room1_mix1479,33,7,0,-8,0,21.70
fold2_room1_mix1479,34,7,0,-10,0,20.09
fold2_room1_mix1479,35,7,0,-11,0,17.76
fold2_room1_mix1479,36,7,0,-12,0,16.46
fold2_room1_mix1479,37,7,0,-13,0,15.73
fold2_room1_mix1479,38,7,0,-14,0,13.97
fold2_room1_mix1479,39,7,0,-15,0,13.47
fold2_room1_mix1479,40,7,0,-16,0,12.91
fold2_room1_mix1479,41,7,0,-17,0,11.34
fold2_room1_mix1479,42,7,0,-18,0,10.64
fold2_room1_mix1479,43,7,0,-22,-1,9.44
fold2_room1_mix1479,44,7,0,-22,-1,8.50
fold2_room1_mix1479,45,7,0,-28,-1,6.77
fold2_room1_mix1479,46,7,0,-34,-1,5.75
fold2_room1_mix1479,47,7,0,-41,-2,4.93
fold2_room1_mix1479,48,7,0,-47,-2,4.64
fold2_room1_mix1479,49,7,0,-56,-2,4.15
fold2_room1_mix1479,50,7,0,-76,-3,3.46
fold2_room1_mix1479,51,7,0,-94,-3,3.26
fold2_room1_mix1479,52,7,0,-114,-3,3.95
fold2_room1_mix1479,53,7,0,-126,-3,4.36
fold2_room1_mix1479,54,7,0,-137,-2,5.09
fold2_room1_mix1479,55,7,0,-144,-2,5.88
fold2_room1_mix1479,56,7,0,-149,-1,7.09
fold2_room1_mix1479,57,7,0,-151,-1,7.52
fold2_room1_mix1479,58,7,0,-155,-1,8.40
fold2_room1_mix1479,59,7,0,-157,0,9.68
fold2_room1_mix1479,60,7,0,-159,-1,10.95
fold2_room1_mix1479,61,7,0,-162,0,12.59
fold2_room1_mix1479,62,7,0,-163,0,13.36
fold2_room1_mix1479,63,7,0,-164,0,14.45
fold2_room1_mix1479,64,7,0,-166,0,15.78
fold2_room1_mix1479,65,7,0,-165,0,16.30
fold2_room1_mix1479,66,7,0,-167,0,19.03
fold2_room1_mix1479,67,7,0,-169,0,18.88
fold2_room1_mix1479,68,7,0,-167,0,20.09
fold2_room1_mix1479,69,7,0,-169,0,22.40
fold2_room1_mix1479,70,7,0,-170,0,22.31
fold2_room1_mix1479,71,7,0,-170,0,23.49
fold2_room1_mix1479,72,7,0,-170,0,25.38
fold2_room1_mix1479,73,7,0,-171,0,26.12
fold2_room1_mix1479,74,7,0,-172,0,26.99
fold2_room1_mix1479,75,7,0,-172,0,28.67
fold2_room1_mix1479,76,7,0,-172,0,29.59
fold2_room1_mix1479,77,7,0,-174,0,29.83
fold2_room1_mix1479,78,7,0,-173,0,30.87
fold2_room1_mix1479,79,7,0,-173,0,31.89
fold2_room1_mix1479,80,7,0,-174,0,33.64
fold2_room1_mix1479,81,7,0,-173,0,33.45
fold2_room1_mix1479,82,7,0,-174,0,36.64
fold2_room1_mix1479,83,7,0,-175,0,37.87
fold2_room1_mix1479,84,7,0,-174,0,39.35
fold2_room1_mix1479,85,7,0,-174,0,41.36
fold2_room1_mix1479,86,7,0,-175,0,42.61
fold2_room1_mix1479,87,7,0,-175,0,43.26
fold2_room1_mix1479,88,7,0,-175,0,47.19
fold2_room1_mix1479,89,7,0,-175,0,45.39
fold2_room1_mix1479,90,7,0,-175,0,44.65
fold2_room1_mix1479,91,7,0,-175,0,48.39
fold2_room1_mix1479,92,7,0,-175,0,49.57
fold2_room1_mix1479,93,7,0,-176,0,47.37
fold2_room1_mix1479,94,7,0,-175,0,48.29
fold2_room1_mix1479,95,7,0,-175,0,48.98
fold2_room1_mix1479,96,7,0,-176,0,52.79
fold2_room1_mix1479,97,7,0,-176,0,54.66
fold2_room1_mix1479,98,7,0,-176,0,57.63
fold2_room1_mix1479,99,7,0,-176,0,54.99
fold2_room1_mix1480,3,7,0,179,0,9.07
fold2_room1_mix1480,4,7,0,176,0,17.57
fold2_room1_mix1480,5,7,0,175,0,18.56
fold2_room1_mix1480,6,7,0,175,0,18.94
fold2_room1_mix1480,7,7,0,176,0,21.23
fold2_room1_mix1480,8,7,0,175,0,20.26
fold2_room1_mix1480,9,7,0,175,-1,20.68
fold2_room1_mix1480,10,7,0,176,-1,19.86
fold2_room1_mix1480,11,7,0,175,-1,18.69
fold2_room1_mix1480,12,7,0,174,-1,17.85
fold2_room1_mix1480,13,7,0,173,-1,17.19
fold2_room1_mix1480,14,7,0,172,-1,16.20
fold2_room1_mix1480,15,7,0,170,-1,14.94
fold2_room1_mix1480,16,7,0,169,-1,14.20
fold2_room1_mix1480,17,7,0,168,-1,12.67
fold2_room1_mix1480,18,7,0,165,-1,11.95
fold2_room1_mix1480,19,7,0,164,-1,11.15
fold2_room1_mix1480,20,7,0,162,-1,9.92
fold2_room1_mix1480,21,7,0,159,-1,9.35
fold2_room1_mix1480,22,7,0,157,-1,8.06
fold2_room1_mix1480,23,7,0,156,-1,6.93
fold2_room1_mix1480,24,7,0,154,-1,6.63
fold2_room1_mix1480,25,7,0,151,-1,5.74
fold2_room1_mix1480,26,7,0,147,-1,5.19
fold2_room1_mix1480,27,7,0,146,-1,5.19
fold2_room1_mix1480,28,7,0,138,-1,4.11
fold2_room1_mix1480,29,7,0,128,-1,3.11
fold2_room1_mix1480,30,7,0,115,0,2.93
fold2_room1_mix1480,31,7,0,92,0,3.13
fold2_room1_mix1480,32,7,0,65,1,3.19
fold2_room1_mix1480,33,7,0,50,1,4.08
fold2_room1_mix1480,34,7,0,41,1,4.78
fold2_room1_mix1480,35,7,0,33,0,5.06
fold2_room1_mix1480,36,7,0,31,0,5.78
fold2_room1_mix1480,37,7,0,25,0,7.08
fold2_room1_mix1480,38,7,0,23,0,6.96
fold2_room1_mix1480,39,7,0,19,0,8.27
fold2_room1_mix1480,40,7,0,18,0,8.49
fold2_room1_mix1480,41,7,0,16,0,9.84
fold2_room1_mix1480,42,7,0,14,0,10.03
fold2_room1_mix1480,43,7,0,14,0,10.98
fold2_room1_mix1480,44,7,0,14,0,12.13
fold2_room1_mix1480,45,7,0,13,0,12.50
fold2_room1_mix1480,46,7,0,12,0,13.37
fold2_room1_mix1480,47,7,0,12,0,14.81
fold2_room1_mix1480,48,7,0,11,0,15.45
fold2_room1_mix1480,49,7,0,11,0,16.33
fold2_room1_mix1480,50,7,0,10,0,17.26
fold2_room1_mix1480,51,7,0,10,0,17.65
fold2_room1_mix1480,52,7,0,10,0,18.61
fold2_room1_mix1480,53,7,0,9,0,19.08
fold2_room1_mix1480,54,7,0,9,0,19.71
fold2_room1_mix1480,55,7,0,8,0,21.59
fold2_room1_mix1480,56,7,0,8,0,22.04
fold2_room1_mix1480,57,7,0,7,0,23.14
fold2_room1_mix1480,58,7,0,7,0,24.19
fold2_room1_mix1480,59,7,0,7,0,24.93
fold2_room1_mix1480,60,7,0,7,0,25.67
fold2_room1_mix1480,61,7,0,7,0,26.00
fold2_room1_mix1480,62,7,0,7,0,26.26
fold2_room1_mix1480,63,7,0,7,0,29.31
fold2_room1_mix1480,64,7,0,7,0,30.05
fold2_room1_mix1480,65,7,0,7,0,30.33
fold2_room1_mix1480,66,7,0,7,0,30.37
fold2_room1_mix1480,67,7,0,7,0,30.86
fold2_room1_mix1480,68,7,0,7,0,32.30
fold2_room1_mix1480,69,7,0,6,0,33.64
fold2_room1_mix1480,70,7,0,6,0,33.87
fold2_room1_mix1480,71,7,0,6,0,35.37
fold2_room1_mix1480,72,7,0,6,0,35.36
fold2_room1_mix1480,73,7,0,6,0,34.47
fold2_room1_mix1480,74,7,0,6,0,34.91
fold2_room1_mix1480,75,7,0,6,0,36.57
fold2_room1_mix1480,76,7,0,6,0,37.40
fold2_room1_mix1480,77,7,0,5,0,38.74
fold2_room1_mix1480,78,7,0,6,0,38.85
fold2_room1_mix1480,79,7,0,5,0,39.97
fold2_room1_mix1480,80,7,0,5,0,38.53
fold2_room1_mix1480,81,7,0,5,0,39.62
fold2_room1_mix1480,82,7,0,5,0,41.13
fold2_room1_mix1480,83,7,0,5,0,40.88
fold2_room1_mix1480,84,7,0,6,0,43.69
fold2_room1_mix1480,85,7,0,5,0,45.34
fold2_room1_mix1480,86,7,0,5,0,45.68
fold2_room1_mix1480,87,7,0,5,0,48.96
fold2_room1_mix1480,88,7,0,5,0,49.06
fold2_room1_mix1480,89,7,0,5,0,48.42
fold2_room1_mix1480,90,7,0,5,0,48.17
fold2_room1_mix1480,91,7,0,5,0,49.49
fold2_room1_mix1480,92,7,0,5,0,47.58
fold2_room1_mix1480,93,7,0,5,0,47.28
fold2_room1_mix1480,94,7,0,5,0,47.45
fold2_room1_mix1480,95,7,0,5,0,50.38
fold2_room1_mix1480,96,7,0,4,0,49.26
fold2_room1_mix1480,97,7,0,5,0,51.36
fold2_room1_mix1480,98,7,0,5,0,52.84
fold2_room1_mix1480,99,7,0,5,0,51.62
fold2_room1_mix1481,2,7,0,0,0,9.74
fold2_room1_mix1481,3,7,0,0,0,15.79
fold2_room1_mix1481,4,7,0,1,0,17.51
fold2_room1_mix1481,5,7,0,0,0,21.54
fold2_room1_mix1481,6,7,0,0,0,22.91
fold2_room1_mix1481,7,7,0,1,0,24.70
fold2_room1_mix1481,8,7,0,0,0,26.85
fold2_room1_mix1481,9,7,0,0,0,23.93
fold2_room1_mix1481,10,7,0,0,0,24.30
fold2_room1_mix1481,11,7,0,-3,0,24.16
fold2_room1_mix1481,12,7,0,-1,0,23.11
fold2_room1_mix1481,13,7,0,-6,0,22.47
fold2_room1_mix1481,14,7,0,-3,0,23.16
fold2_room1_mix1481,15,7,0,-2,0,21.89
fold2_room1_mix1481,16,7,0,-7,0,18.76
fold2_room1_mix1481,17,7,0,-4,0,21.37
fold2_room1_mix1481,18,7,0,-5,0,18.73
fold2_room1_mix1481,19,7,0,-6,0,19.50
fold2_room1_mix1481,20,7,0,-6,0,17.82
fold2_room1_mix1481,21,7,0,-3,0,19.49
fold2_room1_mix1481,22,7,0,-6,0,17.14
fold2_room1_mix1481,23,7,0,-5,0,17.40
fold2_room1_mix1481,24,7,0,-4,0,17.25
fold2_room1_mix1481,25,7,0,-8,0,15.14
fold2_room1_mix1481,26,7,0,-11,0,14.17
fold2_room1_mix1481,27,7,0,-10,0,13.93
fold2_room1_mix1481,28,7,0,-9,0,13.60
fold2_room1_mix1481,29,7,0,-11,-1,12.47
fold2_room1_mix1481,30,7,0,-13,-1,11.27
fold2_room1_mix1481,31,7,0,-12,-1,10.91
fold2_room1_mix1481,32,7,0,-12,-1,10.23
fold2_room1_mix1481,33,7,0,-12,-1,9.63
fold2_room1_mix1481,34,7,0,-13,-1,8.71
fold2_room1_mix1481,35,7,0,-14,-1,7.98
fold2_room1_mix1481,36,7,0,-17,-1,7.54
fold2_room1_mix1481,37,7,0,-17,-2,6.99
fold2_room1_mix1481,38,7,0,-19,-2,5.96
fold2_room1_mix1481,39,7,0,-22,-2,5.11
fold2_room1_mix1481,40,7,0,-23,-3,4.85
fold2_room1_mix1481,41,7,0,-26,-4,4.17
fold2_room1_mix1481,42,7,0,-32,-4,3.50
fold2_room1_mix1481,43,7,0,-38,-4,3.02
fold2_room1_mix1481,44,7,0,-48,-5,2.38
fold2_room1_mix1481,45,7,0,-55,-5,2.14
fold2_room1_mix1481,46,7,0,-77,-4,1.69
fold2_room1_mix1481,47,7,0,-102,-4,1.73
fold2_room1_mix1481,48,7,0,-120,-3,1.98
fold2_room1_mix1481,49,7,0,-129,-3,2.46
fold2_room1_mix1481,50,7,0,-141,-3,2.86
fold2_room1_mix1481,51,7,0,-147,-3,3.37
fold2_room1_mix1481,52,7,0,-150,-3,3.64
fold2_room1_mix1481,53,7,0,-155,-2,4.61
fold2_room1_mix1481,54,7,0,-158,-2,4.91
fold2_room1_mix1481,55,7,0,-158,-2,5.28
fold2_room1_mix1481,56,7,0,-162,-2,6.04
fold2_room1_mix1481,57,7,0,-163,-1,6.41
fold2_room1_mix1481,58,7,0,-165,-1,7.20
fold2_room1_mix1481,59,7,0,-165,-1,8.06
fold2_room1_mix1481,60,7,0,-167,-1,8.54
fold2_room1_mix1481,61,7,0,-167,0,9.10
fold2_room1_mix1481,62,7,0,-167,-1,9.17
fold2_room1_mix1481,63,7,0,-168,0,10.21
fold2_room1_mix1481,64,7,0,-168,0,10.21
fold2_room1_mix1481,65,7,0,-169,0,11.07
fold2_room1_mix1481,66,7,0,-170,0,11.71
fold2_room1_mix1481,67,7,0,-170,0,12.20
fold2_room1_mix1481,68,7,0,-170,0,13.51
fold2_room1_mix1481,69,7,0,-171,0,13.43
fold2_room1_mix1481,70,7,0,-171,0,14.61
fold2_room1_mix1481,71,7,0,-172,0,16.18
fold2_room1_mix1481,72,7,0,-172,0,17.43
fold2_room1_mix1481,73,7,0,-173,0,17.75
fold2_room1_mix1481,74,7,0,-173,0,18.30
fold2_room1_mix1481,75,7,0,-173,0,18.73
fold2_room1_mix1481,76,7,0,-174,0,19.18
fold2_room1_mix1481,77,7,0,-174,0,20.88
fold2_room1_mix1481,78,7,0,-175,0,19.49
fold2_room1_mix1481,79,7,0,-174,0,20.24
fold2_room1_mix1481,80,7,0,-174,0,21.16
fold2_room1_mix1481,81,7,0,-173,0,21.77
fold2_room1_mix1481,82,7,0,-173,0,23.66
fold2_room1_mix1481,83,7,0,-174,0,24.48
fold2_room1_mix1481,84,7,0,-174,0,24.80
fold2_room1_mix1481,85,7,0,-175,0,26.81
fold2_room1_mix1481,86,7,0,-174,0,23.88
fold2_room1_mix1481,87,7,0,-175,0,26.55
fold2_room1_mix1481,88,7,0,-176,0,28.87
fold2_room1_mix1481,89,7,0,-175,0,27.31
fold2_room1_mix1481,90,7,0,-175,0,27.51
fold2_room1_mix1481,91,7,0,-176,0,28.26
fold2_room1_mix1481,92,7,0,-176,0,26.12
fold2_room1_mix1481,93,7,0,-175,0,28.85
fold2_room1_mix1481,94,7,0,-175,0,25.71
fold2_room1_mix1481,95,7,0,-176,0,16.91
fold2_room1_mix1481,96,7,0,-176,0,26.50
fold2_room1_mix1481,97,7,0,-174,0,30.69
fold2_room1_mix1481,98,7,0,-176,0,30.01
fold2_room1_mix1481,99,7,0,-175,0,33.90
fold2_room1_mix1482,3,7,0,179,0,2.06
fold2_room1_mix1482,4,7,0,-178,0,2.42
fold2_room1_mix1482,6,7,0,179,0,15.01
fold2_room1_mix1482,7,7,0,179,0,11.19
fold2_room1_mix1482,8,7,0,-178,0,21.13
fold2_room1_mix1482,9,7,0,-177,0,29.66
fold2_room1_mix1482,10,7,0,-179,0,7.23
fold2_room1_mix1482,11,7,0,-175,0,17.09
fold2_room1_mix1482,12,7,0,-175,-1,18.27
fold2_room1_mix1482,13,7,0,-176,0,17.50
fold2_room1_mix1482,14,7,0,-177,0,12.43
fold2_room1_mix1482,15,7,0,-173,-1,23.21
fold2_room1_mix1482,16,7,0,-172,-1,23.95
fold2_room1_mix1482,17,7,0,-173,0,25.91
fold2_room1_mix1482,18,7,0,-172,0,24.72
fold2_room1_mix1482,19,7,0,-173,0,26.28
fold2_room1_mix1482,20,7,0,-175,0,28.24
fold2_room1_mix1482,21,7,0,-174,0,26.72
fold2_room1_mix1482,22,7,0,-176,0,29.18
fold2_room1_mix1482,23,7,0,-172,-1,21.90
fold2_room1_mix1482,24,7,0,-177,0,30.30
fold2_room1_mix1482,25,7,0,-175,0,28.50
fold2_room1_mix1482,26,7,0,-176,0,27.94
fold2_room1_mix1482,27,7,0,-175,0,19.50
fold2_room1_mix1482,28,7,0,-173,0,28.62
fold2_room1_mix1482,29,7,0,-177,0,31.95
fold2_room1_mix1482,30,7,0,-176,0,30.21
fold2_room1_mix1482,31,7,0,-178,0,29.25
fold2_room1_mix1482,32,7,0,-175,0,29.20
fold2_room1_mix1482,33,7,0,-176,0,31.65
fold2_room1_mix1482,34,7,0,-178,0,30.69
fold2_room1_mix1482,35,7,0,-174,0,30.77
fold2_room1_mix1482,36,7,0,-175,0,28.08
fold2_room1_mix1482,37,7,0,-175,0,29.41
fold2_room1_mix1482,38,7,0,-175,0,28.78
fold2_room1_mix1482,39,7,0,-176,0,25.53
fold2_room1_mix1482,40,7,0,-176,0,25.12
fold2_room1_mix1482,41,7,0,-175,0,26.95
fold2_room1_mix1482,42,7,0,-173,0,22.63
fold2_room1_mix1482,43,7,0,-171,0,20.76
fold2_room1_mix1482,44,7,0,-173,0,24.43
fold2_room1_mix1482,45,7,0,-174,0,24.13
fold2_room1_mix1482,46,7,0,-172,-1,23.46
fold2_room1_mix1482,47,7,0,-174,0,22.90
fold2_room1_mix1482,48,7,0,-172,0,22.12
fold2_room1_mix1482,49,7,0,-172,0,22.50
fold2_room1_mix1482,50,7,0,-171,0,21.02
fold2_room1_mix1482,51,7,0,-170,-1,20.11
fold2_room1_mix1482,52,7,0,-167,-1,18.55
fold2_room1_mix1482,53,7,0,-168,-1,18.42
fold2_room1_mix1482,54,7,0,-169,-1,17.00
fold2_room1_mix1482,55,7,0,-166,-1,16.46
fold2_room1_mix1482,56,7,0,-166,-1,14.67
fold2_room1_mix1482,57,7,0,-166,-1,14.75
fold2_room1_mix1482,58,7,0,-165,-1,13.79
fold2_room1_mix1482,59,7,0,-165,-1,13.09
fold2_room1_mix1482,60,7,0,-165,-1,12.06
fold2_room1_mix1482,61,7,0,-162,-1,10.42
fold2_room1_mix1482,62,7,0,-161,-1,9.48
fold2_room1_mix1482,63,7,0,-158,-1,8.41
fold2_room1_mix1482,64,7,0,-157,-1,7.90
fold2_room1_mix1482,65,7,0,-150,-1,6.84
fold2_room1_mix1482,66,7,0,-147,-1,6.12
fold2_room1_mix1482,67,7,0,-145,-2,5.57
fold2_room1_mix1482,68,7,0,-137,-2,4.84
fold2_room1_mix1482,69,7,0,-133,-3,4.55
fold2_room1_mix1482,70,7,0,-126,-3,3.64
fold2_room1_mix1482,71,7,0,-103,-4,3.15
fold2_room1_mix1482,72,7,0,-91,-5,3.31
fold2_room1_mix1482,73,7,0,-73,-4,3.10
fold2_room1_mix1482,74,7,0,-60,-2,3.50
fold2_room1_mix1482,75,7,0,-50,-2,4.08
fold2_room1_mix1482,76,7,0,-42,-2,4.55
fold2_room1_mix1482,77,7,0,-39,-1,5.09
fold2_room1_mix1482,78,7,0,-31,-1,6.05
fold2_room1_mix1482,79,7,0,-28,-1,6.59
fold2_room1_mix1482,80,7,0,-28,-1,6.70
fold2_room1_mix1482,81,7,0,-21,0,7.98
fold2_room1_mix1482,82,7,0,-20,0,8.67
fold2_room1_mix1482,83,7,0,-18,0,9.75
fold2_room1_mix1482,84,7,0,-15,0,11.07
fold2_room1_mix1482,85,7,0,-16,0,11.21
fold2_room1_mix1482,86,7,0,-13,0,12.25
fold2_room1_mix1482,87,7,0,-14,0,13.43
fold2_room1_mix1482,88,7,0,-12,0,14.70
fold2_room1_mix1482,89,7,0,-11,0,15.81
fold2_room1_mix1482,90,7,0,-10,0,17.19
fold2_room1_mix1482,91,7,0,-8,0,18.90
fold2_room1_mix1482,92,7,0,-9,0,19.06
fold2_room1_mix1482,93,7,0,-9,0,20.01
fold2_room1_mix1482,94,7,0,-7,0,20.78
fold2_room1_mix1482,95,7,0,-8,0,22.27
fold2_room1_mix1482,96,7,0,-7,0,23.74
fold2_room1_mix1482,97,7,0,-6,0,24.45
fold2_room1_mix1482,98,7,0,-5,0,24.87
fold2_room1_mix1482,99,7,0,-5,0,27.46
fold2_room1_mix1483,3,7,0,-177,0,9.07
fold2_room1_mix1483,4,7,0,-179,0,22.32
fold2_room1_mix1483,5,7,0,179,0,31.13
fold2_room1_mix1483,6,7,0,178,0,35.38
fold2_room1_mix1483,7,7,0,179,0,37.34
fold2_room1_mix1483,8,7,0,178,0,41.63
fold2_room1_mix1483,9,7,0,178,0,39.91
fold2_room1_mix1483,10,7,0,178,0,37.04
fold2_room1_mix1483,11,7,0,177,0,35.81
fold2_room1_mix1483,12,7,0,176,0,36.43
fold2_room1_mix1483,13,7,0,176,0,33.39
fold2_room1_mix1483,14,7,0,176,0,32.09
fold2_room1_mix1483,15,7,0,176,0,32.27
fold2_room1_mix1483,16,7,0,176,0,32.59
fold2_room1_mix1483,17,7,0,176,0,31.55
fold2_room1_mix1483,18,7,0,176,0,29.75
fold2_room1_mix1483,19,7,0,175,0,28.54
fold2_room1_mix1483,20,7,0,174,0,27.64
fold2_room1_mix1483,21,7,0,174,0,27.24
fold2_room1_mix1483,22,7,0,173,0,25.20
fold2_room1_mix1483,23,7,0,173,0,23.65
fold2_room1_mix1483,24,7,0,172,0,25.57
fold2_room1_mix1483,25,7,0,172,0,25.18
fold2_room1_mix1483,26,7,0,172,0,23.42
fold2_room1_mix1483,27,7,0,170,0,21.32
fold2_room1_mix1483,28,7,0,168,0,19.41
fold2_room1_mix1483,29,7,0,168,0,18.75
fold2_room1_mix1483,30,7,0,168,0,17.32
fold2_room1_mix1483,31,7,0,166,0,15.94
fold2_room1_mix1483,32,7,0,165,0,14.89
fold2_room1_mix1483,33,7,0,163,0,12.76
fold2_room1_mix1483,34,7,0,162,0,12.45
fold2_room1_mix1483,35,7,0,158,0,10.63
fold2_room1_mix1483,36,7,0,157,0,9.74
fold2_room1_mix1483,37,7,0,153,0,8.91
fold2_room1_mix1483,38,7,0,148,0,7.23
fold2_room1_mix1483,39,7,0,142,0,6.00
fold2_room1_mix1483,40,7,0,134,0,5.13
fold2_room1_mix1483,41,7,0,119,0,4.60
fold2_room1_mix1483,42,7,0,96,0,3.88
fold2_room1_mix1483,43,7,0,78,1,4.25
fold2_room1_mix1483,44,7,0,57,1,4.57
fold2_room1_mix1483,45,7,0,49,1,5.50
fold2_room1_mix1483,46,7,0,40,1,6.41
fold2_room1_mix1483,47,7,0,32,0,7.19
fold2_room1_mix1483,48,7,0,30,0,7.98
fold2_room1_mix1483,49,7,0,26,0,8.74
fold2_room1_mix1483,50,7,0,23,0,10.14
fold2_room1_mix1483,51,7,0,20,0,11.46
fold2_room1_mix1483,52,7,0,17,0,13.21
fold2_room1_mix1483,53,7,0,16,0,14.02
fold2_room1_mix1483,54,7,0,15,0,15.33
fold2_room1_mix1483,55,7,0,14,0,15.72
fold2_room1_mix1483,56,7,0,13,0,18.14
fold2_room1_mix1483,57,7,0,13,0,18.24
fold2_room1_mix1483,58,7,0,12,0,19.46
fold2_room1_mix1483,59,7,0,11,0,20.48
fold2_room1_mix1483,60,7,0,11,0,20.86
fold2_room1_mix1483,61,7,0,10,0,22.92
fold2_room1_mix1483,62,7,0,10,0,24.88
fold2_room1_mix1483,63,7,0,10,0,25.84
fold2_room1_mix1483,64,7,0,9,0,28.74
fold2_room1_mix1483,65,7,0,9,0,29.22
fold2_room1_mix1483,66,7,0,9,0,30.78
fold2_room1_mix1483,67,7,0,9,0,31.27
fold2_room1_mix1483,68,7,0,9,0,33.08
fold2_room1_mix1483,69,7,0,9,0,33.60
fold2_room1_mix1483,70,7,0,8,0,33.12
fold2_room1_mix1483,71,7,0,8,0,34.31
fold2_room1_mix1483,72,7,0,8,0,37.37
fold2_room1_mix1483,73,7,0,8,0,37.80
fold2_room1_mix1483,74,7,0,7,0,37.38
fold2_room1_mix1483,75,7,0,7,0,40.69
fold2_room1_mix1483,76,7,0,7,0,42.79
fold2_room1_mix1483,77,7,0,7,0,43.08
fold2_room1_mix1483,78,7,0,7,0,44.82
fold2_room1_mix1483,79,7,0,7,0,43.78
fold2_room1_mix1483,80,7,0,7,0,45.92
fold2_room1_mix1483,81,7,0,7,0,49.09
fold2_room1_mix1483,82,7,0,7,0,48.87
fold2_room1_mix1483,83,7,0,7,0,51.43
fold2_room1_mix1483,84,7,0,7,0,52.01
fold2_room1_mix1483,85,7,0,7,0,55.06
fold2_room1_mix1483,86,7,0,7,0,54.97
fold2_room1_mix1483,87,7,0,6,0,54.44
fold2_room1_mix1483,88,7,0,6,0,58.68
fold2_room1_mix1483,89,7,0,6,0,58.33
fold2_room1_mix1483,90,7,0,6,0,56.23
fold2_room1_mix1483,91,7,0,6,0,63.16
fold2_room1_mix1483,92,7,0,6,0,60.05
fold2_room1_mix1483,93,7,0,6,0,57.78
fold2_room1_mix1483,94,7,0,6,0,62.34
fold2_room1_mix1483,95,7,0,5,0,60.76
fold2_room1_mix1483,96,7,0,5,0,64.75
fold2_room1_mix1483,97,7,0,6,0,68.18
fold2_room1_mix1483,98,7,0,6,0,71.59
fold2_room1_mix1483,99,7,0,5,0,71.05
fold2_room1_mix1484,1,7,0,0,0,6.53
fold2_room1_mix1484,2,5,0,0,1,2.55
fold2_room1_mix1484,3,7,0,0,0,9.17
fold2_room1_mix1484,4,7,0,1,0,23.97
fold2_room1_mix1484,5,7,0,1,0,24.70
fold2_room1_mix1484,6,7,0,1,0,29.41
fold2_room1_mix1484,7,7,0,1,0,34.66
fold2_room1_mix1484,8,7,0,1,0,33.31
fold2_room1_mix1484,9,7,0,1,0,31.13
fold2_room1_mix1484,10,7,0,0,0,31.41
fold2_room1_mix1484,11,7,0,0,0,32.24
fold2_room1_mix1484,12,7,0,0,0,32.08
fold2_room1_mix1484,13,7,0,-1,0,29.58
fold2_room1_mix1484,14,7,0,-1,0,30.33
fold2_room1_mix1484,15,7,0,-3,0,29.28
fold2_room1_mix1484,16,7,0,-2,0,28.95
fold2_room1_mix1484,17,7,0,-4,0,28.47
fold2_room1_mix1484,18,7,0,-2,0,28.46
fold2_room1_mix1484,19,7,0,-2,0,29.45
fold2_room1_mix1484,20,7,0,-3,0,29.67
fold2_room1_mix1484,21,7,0,-3,0,28.96
fold2_room1_mix1484,22,7,0,-1,0,29.73
fold2_room1_mix1484,23,7,0,-4,0,29.29
fold2_room1_mix1484,24,7,0,-2,0,31.00
fold2_room1_mix1484,25,7,0,-3,0,29.83
fold2_room1_mix1484,26,7,0,-4,0,28.01
fold2_room1_mix1484,27,7,0,-3,0,29.31
fold2_room1_mix1484,28,7,0,-3,0,28.42
fold2_room1_mix1484,29,7,0,-4,0,27.24
fold2_room1_mix1484,30,7,0,-4,0,27.89
fold2_room1_mix1484,31,7,0,-4,0,26.97
fold2_room1_mix1484,32,7,0,-4,0,26.29
fold2_room1_mix1484,33,7,0,-5,0,24.67
fold2_room1_mix1484,34,7,0,-8,0,22.40
fold2_room1_mix1484,35,7,0,-8,0,22.65
fold2_room1_mix1484,36,7,0,-9,0,20.82
fold2_room1_mix1484,37,7,0,-9,0,19.50
fold2_room1_mix1484,38,7,0,-10,0,18.50
fold2_room1_mix1484,39,7,0,-9,0,19.16
fold2_room1_mix1484,40,7,0,-10,0,18.20
fold2_room1_mix1484,41,7,0,-10,0,17.47
fold2_room1_mix1484,42,7,0,-10,0,17.31
fold2_room1_mix1484,43,7,0,-9,0,18.02
fold2_room1_mix1484,44,7,0,-9,0,17.84
fold2_room1_mix1484,45,7,0,-10,0,17.12
fold2_room1_mix1484,46,7,0,-10,0,16.49
fold2_room1_mix1484,47,7,0,-11,0,15.82
fold2_room1_mix1484,48,7,0,-11,0,14.61
fold2_room1_mix1484,49,7,0,-13,0,13.54
fold2_room1_mix1484,50,7,0,-14,0,13.21
fold2_room1_mix1484,51,7,0,-13,0,13.18
fold2_room1_mix1484,52,7,0,-15,0,12.08
fold2_room1_mix1484,53,7,0,-16,0,11.39
fold2_room1_mix1484,54,7,0,-17,0,10.69
fold2_room1_mix1484,55,7,0,-17,0,10.38
fold2_room1_mix1484,56,7,0,-18,0,9.88
fold2_room1_mix1484,57,7,0,-20,-1,9.17
fold2_room1_mix1484,58,7,0,-21,-1,8.46
fold2_room1_mix1484,59,7,0,-21,-1,8.23
fold2_room1_mix1484,60,7,0,-23,-1,7.38
fold2_room1_mix1484,61,7,0,-25,-1,6.88
fold2_room1_mix1484,62,7,0,-27,-1,6.83
fold2_room1_mix1484,63,7,0,-27,-1,6.37
fold2_room1_mix1484,64,7,0,-32,-2,5.35
fold2_room1_mix1484,65,7,0,-37,-2,4.92
fold2_room1_mix1484,66,7,0,-39,-2,4.70
fold2_room1_mix1484,67,7,0,-44,-3,4.36
fold2_room1_mix1484,68,7,0,-47,-3,4.24
fold2_room1_mix1484,69,7,0,-50,-3,3.91
fold2_room1_mix1484,70,7,0,-56,-3,3.73
fold2_room1_mix1484,71,7,0,-67,-3,3.11
fold2_room1_mix1484,72,7,0,-78,-3,2.93
fold2_room1_mix1484,73,7,0,-88,-4,2.78
fold2_room1_mix1484,74,7,0,-98,-3,2.80
fold2_room1_mix1484,75,7,0,-109,-3,3.16
fold2_room1_mix1484,76,7,0,-118,-2,3.42
fold2_room1_mix1484,77,7,0,-128,-2,3.73
fold2_room1_mix1484,78,7,0,-136,-2,4.20
fold2_room1_mix1484,79,7,0,-140,-2,4.52
fold2_room1_mix1484,80,7,0,-142,-1,4.97
fold2_room1_mix1484,81,7,0,-145,-1,5.59
fold2_room1_mix1484,82,7,0,-148,-1,5.83
fold2_room1_mix1484,83,7,0,-151,-1,6.30
fold2_room1_mix1484,84,7,0,-153,-1,7.11
fold2_room1_mix1484,85,7,0,-154,-1,7.09
fold2_room1_mix1484,86,7,0,-156,-1,8.09
fold2_room1_mix1484,87,7,0,-158,-1,8.46
fold2_room1_mix1484,88,7,0,-158,-1,8.68
fold2_room1_mix1484,89,7,0,-160,-1,8.96
fold2_room1_mix1484,90,7,0,-160,-1,9.38
fold2_room1_mix1484,91,7,0,-161,0,10.41
fold2_room1_mix1484,92,7,0,-162,0,10.95
fold2_room1_mix1484,93,7,0,-163,0,11.34
fold2_room1_mix1484,94,7,0,-163,0,12.29
fold2_room1_mix1484,95,7,0,-164,0,12.72
fold2_room1_mix1484,96,7,0,-165,0,13.32
fold2_room1_mix1484,97,7,0,-164,0,13.62
fold2_room1_mix1484,98,7,0,-165,0,14.51
fold2_room1_mix1484,99,7,0,-165,0,14.94
fold2_room1_mix1485,3,7,0,179,0,23.83
fold2_room1_mix1485,4,7,0,178,0,35.98
fold2_room1_mix1485,5,7,0,-178,0,32.73
fold2_room1_mix1485,6,7,0,179,0,38.18
fold2_room1_mix1485,7,7,0,-179,0,37.67
fold2_room1_mix1485,8,7,0,-179,0,44.19
fold2_room1_mix1485,9,7,0,179,0,43.68
fold2_room1_mix1485,10,7,0,-179,0,45.56
fold2_room1_mix1485,11,7,0,179,0,44.77
fold2_room1_mix1485,12,7,0,178,0,44.97
fold2_room1_mix1485,13,7,0,179,0,41.73
fold2_room1_mix1485,14,7,0,179,0,43.53
fold2_room1_mix1485,15,7,0,-179,0,42.64
fold2_room1_mix1485,16,7,0,-179,0,41.07
fold2_room1_mix1485,17,7,0,-179,0,40.46
fold2_room1_mix1485,18,7,0,-179,0,42.10
fold2_room1_mix1485,19,7,0,178,0,41.35
fold2_room1_mix1485,20,7,0,179,0,39.04
fold2_room1_mix1485,21,7,0,179,0,40.65
fold2_room1_mix1485,22,7,0,179,0,40.33
fold2_room1_mix1485,23,7,0,179,0,38.54
fold2_room1_mix1485,24,7,0,179,0,38.55
fold2_room1_mix1485,25,7,0,179,0,37.34
fold2_room1_mix1485,26,7,0,178,0,35.79
fold2_room1_mix1485,27,7,0,178,0,34.76
fold2_room1_mix1485,28,7,0,177,0,30.83
fold2_room1_mix1485,29,7,0,177,0,31.02
fold2_room1_mix1485,30,7,0,177,0,29.49
fold2_room1_mix1485,31,7,0,176,0,29.11
fold2_room1_mix1485,32,7,0,177,0,28.02
fold2_room1_mix1485,33,7,0,179,0,27.11
fold2_room1_mix1485,34,7,0,175,0,26.44
fold2_room1_mix1485,35,7,0,177,0,25.62
fold2_room1_mix1485,36,7,0,176,0,25.85
fold2_room1_mix1485,37,7,0,176,0,24.25
fold2_room1_mix1485,38,7,0,175,0,22.08
fold2_room1_mix1485,39,7,0,175,0,20.54
fold2_room1_mix1485,40,7,0,175,0,20.08
fold2_room1_mix1485,41,7,0,175,0,19.03
fold2_room1_mix1485,42,7,0,172,0,17.66
fold2_room1_mix1485,43,7,0,171,0,16.83
fold2_room1_mix1485,44,7,0,169,0,15.29
fold2_room1_mix1485,45,7,0,169,0,13.91
fold2_room1_mix1485,46,7,0,167,0,12.25
fold2_room1_mix1485,47,7,0,164,0,11.18
fold2_room1_mix1485,48,7,0,162,0,10.66
fold2_room1_mix1485,49,7,0,161,0,8.94
fold2_room1_mix1485,50,7,0,157,0,8.02
fold2_room1_mix1485,51,7,0,154,0,6.80
fold2_room1_mix1485,52,7,0,151,0,5.97
fold2_room1_mix1485,53,7,0,145,0,4.92
fold2_room1_mix1485,54,7,0,133,-1,3.76
fold2_room1_mix1485,55,7,0,117,0,2.96
fold2_room1_mix1485,56,7,0,88,1,3.05
fold2_room1_mix1485,57,7,0,69,1,3.13
fold2_room1_mix1485,58,7,0,50,1,3.46
fold2_room1_mix1485,59,7,0,37,1,4.71
fold2_room1_mix1485,60,7,0,30,0,5.52
fold2_room1_mix1485,61,7,0,25,0,6.43
fold2_room1_mix1485,62,7,0,21,0,7.28
fold2_room1_mix1485,63,7,0,20,0,8.23
fold2_room1_mix1485,64,7,0,15,0,9.18
fold2_room1_mix1485,65,7,0,16,0,9.54
fold2_room1_mix1485,66,7,0,14,0,11.13
fold2_room1_mix1485,67,7,0,12,0,12.08
fold2_room1_mix1485,68,7,0,12,0,12.95
fold2_room1_mix1485,69,7,0,12,0,14.70
fold2_room1_mix1485,70,7,0,11,0,15.44
fold2_room1_mix1485,71,7,0,10,0,16.24
fold2_room1_mix1485,72,7,0,10,0,18.09
fold2_room1_mix1485,73,7,0,9,0,18.82
fold2_room1_mix1485,74,7,0,9,0,18.62
fold2_room1_mix1485,75,7,0,9,0,20.51
fold2_room1_mix1485,76,7,0,9,0,21.15
fold2_room1_mix1485,77,7,0,8,0,22.06
fold2_room1_mix1485,78,7,0,8,0,23.23
fold2_room1_mix1485,79,7,0,7,0,24.43
fold2_room1_mix1485,80,7,0,6,0,24.51
fold2_room1_mix1485,81,7,0,6,0,26.35
fold2_room1_mix1485,82,7,0,6,0,27.87
fold2_room1_mix1485,83,7,0,6,0,29.47
fold2_room1_mix1485,84,7,0,6,0,29.17
fold2_room1_mix1485,85,7,0,5,0,31.20
fold2_room1_mix1485,86,7,0,5,0,32.39
fold2_room1_mix1485,87,7,0,5,0,33.49
fold2_room1_mix1485,88,7,0,6,0,35.94
fold2_room1_mix1485,89,7,0,5,0,36.18
fold2_room1_mix1485,90,7,0,4,0,35.37
fold2_room1_mix1485,91,7,0,5,0,39.95
fold2_room1_mix1485,92,7,0,5,0,40.58
fold2_room1_mix1485,93,7,0,5,0,39.91
fold2_room1_mix1485,94,7,0,5,0,40.30
fold2_room1_mix1485,95,7,0,5,0,44.24
fold2_room1_mix1485,96,7,0,5,0,45.67
fold2_room1_mix1485,97,7,0,5,0,45.31
fold2_room1_mix1485,98,7,0,5,0,48.42
fold2_room1_mix1485,99,7,0,5,0,47.27
fold2_room1_mix1486,2,7,0,-179,0,12.14
fold2_room1_mix1486,9,7,0,179,0,23.07
fold2_room1_mix1486,10,7,0,178,0,22.05
fold2_room1_mix1486,11,7,0,177,0,34.91
fold2_room1_mix1486,12,7,0,178,0,37.95
fold2_room1_mix1486,13,7,0,179,0,43.50
fold2_room1_mix1486,14,7,0,178,0,44.08
fold2_room1_mix1486,15,7,0,179,0,46.73
fold2_room1_mix1486,16,7,0,179,0,43.29
fold2_room1_mix1486,17,7,0,178,0,51.87
fold2_room1_mix1486,18,7,0,178,0,39.01
fold2_room1_mix1486,19,7,0,178,0,12.84
fold2_room1_mix1486,20,7,0,179,0,10.98
fold2_room1_mix1486,22,7,0,179,0,30.22
fold2_room1_mix1486,23,7,0,179,0,37.56
fold2_room1_mix1486,24,7,0,-179,0,10.07
fold2_room1_mix1486,25,7,0,178,0,4.55
fold2_room1_mix1486,27,7,0,178,0,7.58
fold2_room1_mix1486,28,7,0,177,0,17.57
fold2_room1_mix1486,29,7,0,178,0,36.32
fold2_room1_mix1486,30,7,0,178,0,40.35
fold2_room1_mix1486,31,7,0,178,0,45.38
fold2_room1_mix1486,32,7,0,178,0,45.67
fold2_room1_mix1486,33,7,0,178,0,44.18
fold2_room1_mix1486,34,7,0,179,0,46.26
fold2_room1_mix1486,35,7,0,-179,0,46.26
fold2_room1_mix1486,36,7,0,179,0,51.75
fold2_room1_mix1486,37,7,0,179,0,45.98
fold2_room1_mix1486,38,7,0,-179,0,47.78
fold2_room1_mix1486,39,7,0,-179,0,46.64
fold2_room1_mix1486,40,7,0,-179,0,33.09
fold2_room1_mix1486,41,7,0,179,0,36.02
fold2_room1_mix1486,42,7,0,-178,0,39.15
fold2_room1_mix1486,43,7,0,178,0,39.19
fold2_room1_mix1486,44,7,0,178,0,42.65
fold2_room1_mix1486,45,7,0,-179,0,29.13
fold2_room1_mix1486,46,7,0,-179,0,28.81
fold2_room1_mix1486,47,7,0,179,0,28.29
fold2_room1_mix1486,48,7,0,179,0,28.28
fold2_room1_mix1486,49,7,0,177,0,26.68
fold2_room1_mix1486,50,7,0,-178,0,27.65
fold2_room1_mix1486,51,7,0,178,0,25.76
fold2_room1_mix1486,52,7,0,178,0,23.70
fold2_room1_mix1486,53,7,0,174,0,22.93
fold2_room1_mix1486,54,7,0,175,0,19.35
fold2_room1_mix1486,55,7,0,174,0,18.19
fold2_room1_mix1486,56,7,0,168,0,16.92
fold2_room1_mix1486,57,7,0,168,0,15.95
fold2_room1_mix1486,58,7,0,169,0,15.51
fold2_room1_mix1486,59,7,0,166,0,12.86
fold2_room1_mix1486,60,7,0,164,0,12.62
fold2_room1_mix1486,61,7,0,161,0,10.87
fold2_room1_mix1486,62,7,0,160,0,9.77
fold2_room1_mix1486,63,7,0,154,0,8.71
fold2_room1_mix1486,64,7,0,149,0,6.63
fold2_room1_mix1486,65,7,0,145,0,5.93
fold2_room1_mix1486,66,7,0,139,0,5.26
fold2_room1_mix1486,67,7,0,129,0,4.64
fold2_room1_mix1486,68,7,0,117,0,4.37
fold2_room1_mix1486,69,7,0,90,0,4.03
fold2_room1_mix1486,70,7,0,79,0,3.94
fold2_room1_mix1486,71,7,0,62,0,4.45
fold2_room1_mix1486,72,7,0,49,1,5.09
fold2_room1_mix1486,73,7,0,37,0,5.88
fold2_room1_mix1486,74,7,0,33,0,6.05
fold2_room1_mix1486,75,7,0,26,0,8.07
fold2_room1_mix1486,76,7,0,24,0,8.98
fold2_room1_mix1486,77,7,0,22,0,9.46
fold2_room1_mix1486,78,7,0,19,0,10.54
fold2_room1_mix1486,79,7,0,18,0,12.16
fold2_room1_mix1486,80,7,0,17,0,12.73
fold2_room1_mix1486,81,7,0,15,0,13.01
fold2_room1_mix1486,82,7,0,15,0,14.06
fold2_room1_mix1486,83,7,0,13,0,15.56
fold2_room1_mix1486,84,7,0,13,0,15.89
fold2_room1_mix1486,85,7,0,13,0,16.76
fold2_room1_mix1486,86,7,0,11,0,18.77
fold2_room1_mix1486,87,7,0,11,0,20.97
fold2_room1_mix1486,88,7,0,11,0,20.95
fold2_room1_mix1486,89,7,0,10,0,22.27
fold2_room1_mix1486,90,7,0,10,0,23.89
fold2_room1_mix1486,91,7,0,9,0,24.69
fold2_room1_mix1486,92,7,0,9,0,25.63
fold2_room1_mix1486,93,7,0,8,0,26.20
fold2_room1_mix1486,94,7,0,9,0,29.78
fold2_room1_mix1486,95,7,0,8,0,29.60
fold2_room1_mix1486,96,7,0,8,0,33.21
fold2_room1_mix1486,97,7,0,7,0,30.91
fold2_room1_mix1486,98,7,0,7,0,32.48
fold2_room1_mix1486,99,7,0,6,0,36.91
fold2_room1_mix1487,3,7,0,0,0,4.55
fold2_room1_mix1487,4,7,0,2,0,22.36
fold2_room1_mix1487,5,7,0,4,0,21.98
fold2_room1_mix1487,6,7,0,3,0,25.11
fold2_room1_mix1487,7,7,0,4,0,29.23
fold2_room1_mix1487,8,7,0,5,0,27.98
fold2_room1_mix1487,9,7,0,4,0,28.49
fold2_room1_mix1487,10,7,0,4,0,28.16
fold2_room1_mix1487,11,7,0,4,0,29.42
fold2_room1_mix1487,12,7,0,5,0,28.77
fold2_room1_mix1487,13,7,0,5,0,27.77
fold2_room1_mix1487,14,7,0,6,0,26.48
fold2_room1_mix1487,15,7,0,7,0,26.57
fold2_room1_mix1487,16,7,0,6,0,24.73
fold2_room1_mix1487,17,7,0,6,0,23.83
fold2_room1_mix1487,18,7,0,7,0,23.91
fold2_room1_mix1487,19,7,0,7,0,22.78
fold2_room1_mix1487,20,7,0,7,0,22.40
fold2_room1_mix1487,21,7,0,7,0,20.97
fold2_room1_mix1487,22,7,0,7,0,20.35
fold2_room1_mix1487,23,7,0,8,0,19.32
fold2_room1_mix1487,24,7,0,9,0,18.05
fold2_room1_mix1487,25,7,0,7,0,18.08
fold2_room1_mix1487,26,7,0,9,0,16.53
fold2_room1_mix1487,27,7,0,9,0,16.41
fold2_room1_mix1487,28,7,0,10,0,15.80
fold2_room1_mix1487,29,7,0,9,0,14.15
fold2_room1_mix1487,30,7,0,10,0,13.97
fold2_room1_mix1487,31,7,0,12,0,13.26
fold2_room1_mix1487,32,7,0,11,0,11.08
fold2_room1_mix1487,33,7,0,13,-1,9.82
fold2_room1_mix1487,34,7,0,14,-1,8.94
fold2_room1_mix1487,35,7,0,14,-1,8.22
fold2_room1_mix1487,36,7,0,15,-2,6.86
fold2_room1_mix1487,37,7,0,17,-2,5.49
fold2_room1_mix1487,38,7,0,20,-2,5.42
fold2_room1_mix1487,39,7,0,22,-3,4.13
fold2_room1_mix1487,40,7,0,29,-4,3.52
fold2_room1_mix1487,41,7,0,41,-4,2.54
fold2_room1_mix1487,42,7,0,51,-3,2.08
fold2_room1_mix1487,43,7,0,81,-1,1.65
fold2_room1_mix1487,44,7,0,120,-1,1.61
fold2_room1_mix1487,45,7,0,134,-1,2.14
fold2_room1_mix1487,46,7,0,145,-1,2.57
fold2_room1_mix1487,47,7,0,154,-1,3.29
fold2_room1_mix1487,48,7,0,159,-1,4.22
fold2_room1_mix1487,49,7,0,161,0,4.97
fold2_room1_mix1487,50,7,0,164,-1,5.75
fold2_room1_mix1487,51,7,0,166,0,6.10
fold2_room1_mix1487,52,7,0,168,0,6.55
fold2_room1_mix1487,53,7,0,169,0,7.37
fold2_room1_mix1487,54,7,0,170,0,8.33
fold2_room1_mix1487,55,7,0,170,0,9.19
fold2_room1_mix1487,56,7,0,171,0,10.06
fold2_room1_mix1487,57,7,0,171,0,10.89
fold2_room1_mix1487,58,7,0,171,0,11.27
fold2_room1_mix1487,59,7,0,172,0,12.03
fold2_room1_mix1487,60,7,0,173,0,12.25
fold2_room1_mix1487,61,7,0,173,0,12.87
fold2_room1_mix1487,62,7,0,174,0,14.46
fold2_room1_mix1487,63,7,0,173,0,14.79
fold2_room1_mix1487,64,7,0,173,0,14.78
fold2_room1_mix1487,65,7,0,174,0,15.59
fold2_room1_mix1487,66,7,0,174,0,16.50
fold2_room1_mix1487,67,7,0,175,0,17.21
fold2_room1_mix1487,68,7,0,175,0,18.13
fold2_room1_mix1487,69,7,0,175,0,18.84
fold2_room1_mix1487,70,7,0,175,0,20.53
fold2_room1_mix1487,71,7,0,176,0,20.57
fold2_room1_mix1487,72,7,0,176,0,22.23
fold2_room1_mix1487,73,7,0,175,0,23.07
fold2_room1_mix1487,74,7,0,176,0,23.63
fold2_room1_mix1487,75,7,0,176,0,24.58
fold2_room1_mix1487,76,7,0,176,0,26.09
fold2_room1_mix1487,77,7,0,176,0,25.64
fold2_room1_mix1487,78,7,0,176,0,26.77
fold2_room1_mix1487,79,7,0,176,0,26.87
fold2_room1_mix1487,80,7,0,176,0,26.41
fold2_room1_mix1487,81,7,0,176,0,27.25
fold2_room1_mix1487,82,7,0,176,0,28.85
fold2_room1_mix1487,83,7,0,176,0,29.32
fold2_room1_mix1487,84,7,0,176,0,29.84
fold2_room1_mix1487,85,7,0,177,0,30.98
fold2_room1_mix1487,86,7,0,177,0,31.27
fold2_room1_mix1487,87,7,0,177,0,31.76
fold2_room1_mix1487,88,7,0,177,0,33.00
fold2_room1_mix1487,89,7,0,177,0,34.41
fold2_room1_mix1487,90,7,0,177,0,34.45
fold2_room1_mix1487,91,7,0,177,0,35.19
fold2_room1_mix1487,92,7,0,177,0,35.18
fold2_room1_mix1487,93,7,0,178,0,36.16
fold2_room1_mix1487,94,7,0,177,0,40.36
fold2_room1_mix1487,95,7,0,177,0,37.78
fold2_room1_mix1487,96,7,0,177,0,40.21
fold2_room1_mix1487,97,7,0,177,0,41.11
fold2_room1_mix1487,98,7,0,177,0,42.84
fold2_room1_mix1487,99,7,0,177,0,40.70
fold2_room1_mix1488,6,7,0,178,0,12.75
fold2_room1_mix1488,7,7,0,179,0,17.97
fold2_room1_mix1488,8,7,0,179,0,38.91
fold2_room1_mix1488,9,7,0,179,0,39.06
fold2_room1_mix1488,10,7,0,179,0,46.63
fold2_room1_mix1488,11,7,0,179,0,48.94
fold2_room1_mix1488,12,7,0,-179,0,47.19
fold2_room1_mix1488,13,7,0,-179,0,49.60
fold2_room1_mix1488,14,7,0,-177,0,43.70
fold2_room1_mix1488,15,7,0,-179,0,57.95
fold2_room1_mix1488,16,7,0,-178,0,58.41
fold2_room1_mix1488,17,7,0,-179,0,53.34
fold2_room1_mix1488,18,7,0,-178,0,53.00
fold2_room1_mix1488,19,7,0,-177,0,60.15
fold2_room1_mix1488,20,7,0,-176,0,57.24
fold2_room1_mix1488,21,7,0,-177,0,54.56
fold2_room1_mix1488,22,7,0,-177,0,55.29
fold2_room1_mix1488,23,7,0,-178,0,55.70
fold2_room1_mix1488,24,7,0,-177,0,48.45
fold2_room1_mix1488,25,7,0,-178,0,50.37
fold2_room1_mix1488,26,7,0,-177,0,47.21
fold2_room1_mix1488,27,7,0,-178,0,47.18
fold2_room1_mix1488,28,7,0,-177,0,47.62
fold2_room1_mix1488,29,7,0,-177,0,46.93
fold2_room1_mix1488,30,7,0,-178,0,43.36
fold2_room1_mix1488,31,7,0,-178,0,43.76
fold2_room1_mix1488,32,7,0,-176,0,42.76
fold2_room1_mix1488,33,7,0,-177,0,40.16
fold2_room1_mix1488,34,7,0,-176,0,42.23
fold2_room1_mix1488,35,7,0,-176,0,41.68
fold2_room1_mix1488,36,7,0,-175,0,38.42
fold2_room1_mix1488,37,7,0,-175,0,35.83
fold2_room1_mix1488,38,7,0,-172,0,31.04
fold2_room1_mix1488,39,7,0,-171,0,31.24
fold2_room1_mix1488,40,7,0,-171,0,28.98
fold2_room1_mix1488,41,7,0,-172,0,28.50
fold2_room1_mix1488,42,7,0,-171,0,25.24
fold2_room1_mix1488,43,7,0,-170,0,24.99
fold2_room1_mix1488,44,7,0,-169,0,23.69
fold2_room1_mix1488,45,7,0,-168,-1,20.12
fold2_room1_mix1488,46,7,0,-167,-1,17.92
fold2_room1_mix1488,47,7,0,-166,-1,17.26
fold2_room1_mix1488,48,7,0,-165,-1,14.55
fold2_room1_mix1488,49,7,0,-165,-1,13.30
fold2_room1_mix1488,50,7,0,-162,-1,10.86
fold2_room1_mix1488,51,7,0,-160,-1,8.99
fold2_room1_mix1488,52,7,0,-156,-1,7.45
fold2_room1_mix1488,53,7,0,-150,-1,6.39
fold2_room1_mix1488,54,7,0,-139,-2,5.01
fold2_room1_mix1488,55,7,0,-121,-3,3.71
fold2_room1_mix1488,56,7,0,-89,-4,3.30
fold2_room1_mix1488,57,7,0,-62,-3,3.51
fold2_room1_mix1488,58,7,0,-44,-2,4.26
fold2_room1_mix1488,59,7,0,-35,-2,5.75
fold2_room1_mix1488,60,7,0,-29,-1,6.93
fold2_room1_mix1488,61,7,0,-22,-1,8.46
fold2_room1_mix1488,62,7,0,-19,-1,9.62
fold2_room1_mix1488,63,7,0,-16,0,11.14
fold2_room1_mix1488,64,7,0,-14,0,12.33
fold2_room1_mix1488,65,7,0,-11,0,14.49
fold2_room1_mix1488,66,7,0,-10,0,16.75
fold2_room1_mix1488,67,7,0,-11,0,17.14
fold2_room1_mix1488,68,7,0,-8,0,19.13
fold2_room1_mix1488,69,7,0,-7,0,21.11
fold2_room1_mix1488,70,7,0,-7,0,22.60
fold2_room1_mix1488,71,7,0,-5,0,24.94
fold2_room1_mix1488,72,7,0,-5,0,26.06
fold2_room1_mix1488,73,7,0,-5,0,27.35
fold2_room1_mix1488,74,7,0,-4,0,29.28
fold2_room1_mix1488,75,7,0,-4,0,29.30
fold2_room1_mix1488,76,7,0,-3,0,31.17
fold2_room1_mix1488,77,7,0,-3,0,36.88
fold2_room1_mix1488,78,7,0,-3,0,36.25
fold2_room1_mix1488,79,7,0,-2,0,40.76
fold2_room1_mix1488,80,7,0,-3,0,43.11
fold2_room1_mix1488,81,7,0,-2,0,43.01
fold2_room1_mix1488,82,7,0,-2,0,46.53
fold2_room1_mix1488,83,7,0,-2,0,47.30
fold2_room1_mix1488,84,7,0,-1,0,45.73
fold2_room1_mix1488,85,7,0,-1,0,46.97
fold2_room1_mix1488,86,7,0,-2,0,50.13
fold2_room1_mix1488,87,7,0,-1,0,54.47
fold2_room1_mix1488,88,7,0,-1,0,52.20
fold2_room1_mix1488,89,7,0,-1,0,57.09
fold2_room1_mix1488,90,7,0,-1,0,60.33
fold2_room1_mix1488,91,7,0,-1,0,60.72
fold2_room1_mix1488,92,7,0,-1,0,58.94
fold2_room1_mix1488,93,7,0,-2,0,64.57
fold2_room1_mix1488,94,7,0,-1,0,58.34
fold2_room1_mix1488,95,7,0,-1,0,67.20
fold2_room1_mix1488,96,7,0,-1,0,70.29
fold2_room1_mix1488,97,7,0,-1,0,65.26
fold2_room1_mix1488,98,7,0,-2,0,56.63
fold2_room1_mix1488,99,7,0,-2,0,67.92
fold2_room1_mix1489,4,7,0,0,0,4.28
fold2_room1_mix1489,5,7,0,0,0,14.30
fold2_room1_mix1489,6,7,0,2,0,44.70
fold2_room1_mix1489,7,7,0,1,0,34.57
fold2_room1_mix1489,8,7,0,1,0,37.28
fold2_room1_mix1489,9,7,0,2,0,61.06
fold2_room1_mix1489,10,7,0,1,0,58.26
fold2_room1_mix1489,11,7,0,2,0,58.32
fold2_room1_mix1489,12,7,0,2,0,66.24
fold2_room1_mix1489,13,7,0,2,0,62.96
fold2_room1_mix1489,14,7,0,2,0,59.98
fold2_room1_mix1489,15,7,0,2,0,62.60
fold2_room1_mix1489,16,7,0,2,0,63.26
fold2_room1_mix1489,17,7,0,2,0,58.67
fold2_room1_mix1489,18,7,0,2,0,61.37
fold2_room1_mix1489,19,7,0,2,0,62.19
fold2_room1_mix1489,20,7,0,3,0,62.79
fold2_room1_mix1489,21,7,0,2,0,62.90
fold2_room1_mix1489,22,7,0,2,0,63.42
fold2_room1_mix1489,23,7,0,2,0,58.81
fold2_room1_mix1489,24,7,0,2,0,56.85
fold2_room1_mix1489,25,7,0,2,0,58.78
fold2_room1_mix1489,26,7,0,2,0,56.98
fold2_room1_mix1489,27,7,0,2,0,61.04
fold2_room1_mix1489,28,7,0,2,0,61.61
fold2_room1_mix1489,29,7,0,3,0,57.76
fold2_room1_mix1489,30,7,0,2,0,57.21
fold2_room1_mix1489,31,7,0,2,0,59.23
fold2_room1_mix1489,32,7,0,3,0,59.51
fold2_room1_mix1489,33,7,0,2,0,54.95
fold2_room1_mix1489,34,7,0,2,0,55.32
fold2_room1_mix1489,35,7,0,2,0,53.94
fold2_room1_mix1489,36,7,0,2,0,52.74
fold2_room1_mix1489,37,7,0,2,0,50.96
fold2_room1_mix1489,38,7,0,2,0,52.23
fold2_room1_mix1489,39,7,0,2,0,49.48
fold2_room1_mix1489,40,7,0,2,0,50.24
fold2_room1_mix1489,41,7,0,3,0,47.67
fold2_room1_mix1489,42,7,0,3,0,45.39
fold2_room1_mix1489,43,7,0,3,0,42.64
fold2_room1_mix1489,44,7,0,3,0,44.57
fold2_room1_mix1489,45,7,0,4,0,42.91
fold2_room1_mix1489,46,7,0,3,0,39.28
fold2_room1_mix1489,47,7,0,3,0,39.46
fold2_room1_mix1489,48,7,0,4,0,37.50
fold2_room1_mix1489,49,7,0,4,0,34.95
fold2_room1_mix1489,50,7,0,4,0,33.23
fold2_room1_mix1489,51,7,0,5,0,31.14
fold2_room1_mix1489,52,7,0,5,0,29.60
fold2_room1_mix1489,53,7,0,3,0,27.98
fold2_room1_mix1489,54,7,0,3,0,27.44
fold2_room1_mix1489,55,7,0,4,0,27.75
fold2_room1_mix1489,56,7,0,6,0,25.54
fold2_room1_mix1489,57,7,0,7,0,24.00
fold2_room1_mix1489,58,7,0,6,0,22.03
fold2_room1_mix1489,59,7,0,7,0,20.10
fold2_room1_mix1489,60,7,0,8,0,18.52
fold2_room1_mix1489,61,7,0,11,0,15.80
fold2_room1_mix1489,62,7,0,11,0,13.71
fold2_room1_mix1489,63,7,0,13,0,12.77
fold2_room1_mix1489,64,7,0,14,0,11.61
fold2_room1_mix1489,65,7,0,15,0,9.70
fold2_room1_mix1489,66,7,0,17,0,8.93
fold2_room1_mix1489,67,7,0,22,-1,6.59
fold2_room1_mix1489,68,7,0,25,-1,5.09
fold2_room1_mix1489,69,7,0,36,-2,3.97
fold2_room1_mix1489,70,7,0,60,-1,2.63
fold2_room1_mix1489,71,7,0,105,-1,2.27
fold2_room1_mix1489,72,7,0,136,-2,2.78
fold2_room1_mix1489,73,7,0,146,-1,3.52
fold2_room1_mix1489,74,7,0,156,-1,5.19
fold2_room1_mix1489,75,7,0,161,-1,6.52
fold2_room1_mix1489,76,7,0,164,0,7.99
fold2_room1_mix1489,77,7,0,166,0,8.86
fold2_room1_mix1489,78,7,0,169,0,10.98
fold2_room1_mix1489,79,7,0,171,0,12.43
fold2_room1_mix1489,80,7,0,172,0,13.79
fold2_room1_mix1489,81,7,0,172,0,15.03
fold2_room1_mix1489,82,7,0,173,0,16.65
fold2_room1_mix1489,83,7,0,174,0,18.57
fold2_room1_mix1489,84,7,0,174,0,19.22
fold2_room1_mix1489,85,7,0,174,0,20.75
fold2_room1_mix1489,86,7,0,174,0,22.82
fold2_room1_mix1489,87,7,0,175,0,23.61
fold2_room1_mix1489,88,7,0,175,0,25.29
fold2_room1_mix1489,89,7,0,175,0,26.95
fold2_room1_mix1489,90,7,0,175,0,27.58
fold2_room1_mix1489,91,7,0,174,0,29.31
fold2_room1_mix1489,92,7,0,175,0,31.47
fold2_room1_mix1489,93,7,0,175,0,31.84
fold2_room1_mix1489,94,7,0,175,0,33.31
fold2_room1_mix1489,95,7,0,176,0,35.62
fold2_room1_mix1489,96,7,0,176,0,36.74
fold2_room1_mix1489,97,7,0,176,0,37.42
fold2_room1_mix1489,98,7,0,177,0,40.28
fold2_room1_mix1489,99,7,0,177,0,41.81
fold2_room1_mix1490,3,7,0,178,0,18.34
fold2_room1_mix1490,4,7,0,179,0,30.23
fold2_room1_mix1490,5,7,0,178,0,31.13
fold2_room1_mix1490,6,7,0,178,0,33.57
fold2_room1_mix1490,7,7,0,179,0,38.87
fold2_room1_mix1490,8,7,0,178,0,44.74
fold2_room1_mix1490,9,7,0,178,0,41.53
fold2_room1_mix1490,10,7,0,178,0,39.77
fold2_room1_mix1490,11,7,0,178,0,43.55
fold2_room1_mix1490,12,7,0,177,0,41.02
fold2_room1_mix1490,13,7,0,178,0,41.41
fold2_room1_mix1490,14,7,0,178,0,39.15
fold2_room1_mix1490,15,7,0,177,0,41.14
fold2_room1_mix1490,16,7,0,177,0,37.17
fold2_room1_mix1490,17,7,0,177,0,36.75
fold2_room1_mix1490,18,7,0,177,0,37.69
fold2_room1_mix1490,19,7,0,176,0,36.83
fold2_room1_mix1490,20,7,0,175,0,35.43
fold2_room1_mix1490,21,7,0,175,0,36.16
fold2_room1_mix1490,22,7,0,175,0,32.56
fold2_room1_mix1490,23,7,0,175,0,32.74
fold2_room1_mix1490,24,7,0,174,0,31.86
fold2_room1_mix1490,25,7,0,174,0,30.59
fold2_room1_mix1490,26,7,0,175,0,30.54
fold2_room1_mix1490,27,7,0,174,0,31.49
fold2_room1_mix1490,28,7,0,173,0,29.10
fold2_room1_mix1490,29,7,0,173,0,27.96
fold2_room1_mix1490,30,7,0,173,0,27.62
fold2_room1_mix1490,31,7,0,172,0,27.16
fold2_room1_mix1490,32,7,0,172,0,24.71
fold2_room1_mix1490,33,7,0,172,0,22.73
fold2_room1_mix1490,34,7,0,171,0,21.42
fold2_room1_mix1490,35,7,0,170,0,20.46
fold2_room1_mix1490,36,7,0,169,0,18.42
fold2_room1_mix1490,37,7,0,168,0,17.58
fold2_room1_mix1490,38,7,0,167,0,16.56
fold2_room1_mix1490,39,7,0,166,0,14.66
fold2_room1_mix1490,40,7,0,164,0,13.61
fold2_room1_mix1490,41,7,0,161,0,11.97
fold2_room1_mix1490,42,7,0,159,0,11.01
fold2_room1_mix1490,43,7,0,155,0,9.41
fold2_room1_mix1490,44,7,0,152,0,8.43
fold2_room1_mix1490,45,7,0,147,0,7.48
fold2_room1_mix1490,46,7,0,140,0,5.88
fold2_room1_mix1490,47,7,0,133,0,5.62
fold2_room1_mix1490,48,7,0,120,0,4.75
fold2_room1_mix1490,49,7,0,97,0,4.56
fold2_room1_mix1490,50,7,0,81,0,4.46
fold2_room1_mix1490,51,7,0,61,1,4.98
fold2_room1_mix1490,52,7,0,51,1,5.78
fold2_room1_mix1490,53,7,0,42,1,6.46
fold2_room1_mix1490,54,7,0,35,0,7.25
fold2_room1_mix1490,55,7,0,33,0,8.02
fold2_room1_mix1490,56,7,0,28,0,9.05
fold2_room1_mix1490,57,7,0,24,0,10.39
fold2_room1_mix1490,58,7,0,21,0,11.59
fold2_room1_mix1490,59,7,0,19,0,13.23
fold2_room1_mix1490,60,7,0,17,0,13.89
fold2_room1_mix1490,61,7,0,16,0,15.36
fold2_room1_mix1490,62,7,0,15,0,15.98
fold2_room1_mix1490,63,7,0,15,0,18.03
fold2_room1_mix1490,64,7,0,13,0,18.88
fold2_room1_mix1490,65,7,0,13,0,19.42
fold2_room1_mix1490,66,7,0,12,0,20.59
fold2_room1_mix1490,67,7,0,12,0,21.68
fold2_room1_mix1490,68,7,0,11,0,23.48
fold2_room1_mix1490,69,7,0,10,0,24.45
fold2_room1_mix1490,70,7,0,10,0,26.92
fold2_room1_mix1490,71,7,0,10,0,29.07
fold2_room1_mix1490,72,7,0,10,0,30.51
fold2_room1_mix1490,73,7,0,9,0,30.70
fold2_room1_mix1490,74,7,0,9,0,31.64
fold2_room1_mix1490,75,7,0,9,0,32.10
fold2_room1_mix1490,76,7,0,9,0,33.45
fold2_room1_mix1490,77,7,0,8,0,33.43
fold2_room1_mix1490,78,7,0,8,0,34.17
fold2_room1_mix1490,79,7,0,8,0,36.55
fold2_room1_mix1490,80,7,0,7,0,37.56
fold2_room1_mix1490,81,7,0,7,0,38.63
fold2_room1_mix1490,82,7,0,7,0,38.46
fold2_room1_mix1490,83,7,0,7,0,41.77
fold2_room1_mix1490,84,7,0,7,0,43.63
fold2_room1_mix1490,85,7,0,7,0,44.02
fold2_room1_mix1490,86,7,0,7,0,44.00
fold2_room1_mix1490,87,7,0,7,0,46.82
fold2_room1_mix1490,88,7,0,7,0,48.41
fold2_room1_mix1490,89,7,0,7,0,48.61
fold2_room1_mix1490,90,7,0,7,0,50.68
fold2_room1_mix1490,91,7,0,7,0,54.04
fold2_room1_mix1490,92,7,0,7,0,55.12
fold2_room1_mix1490,93,7,0,7,0,53.03
fold2_room1_mix1490,94,7,0,7,0,54.64
fold2_room1_mix1490,95,7,0,7,0,58.41
fold2_room1_mix1490,96,7,0,6,0,60.15
fold2_room1_mix1490,97,7,0,6,0,61.22
fold2_room1_mix1490,98,7,0,6,0,62.86
fold2_room1_mix1490,99,7,0,6,0,63.16
fold2_room1_mix1491,3,7,0,-178,0,9.02
fold2_room1_mix1491,4,7,0,-178,0,12.96
fold2_room1_mix1491,5,7,0,178,0,37.83
fold2_room1_mix1491,6,7,0,179,0,34.79
fold2_room1_mix1491,7,7,0,-179,0,36.70
fold2_room1_mix1491,8,7,0,179,0,48.39
fold2_room1_mix1491,9,7,0,178,0,56.47
fold2_room1_mix1491,10,7,0,179,0,53.58
fold2_room1_mix1491,11,7,0,177,0,50.79
fold2_room1_mix1491,12,7,0,179,0,48.68
fold2_room1_mix1491,13,7,0,179,0,54.02
fold2_room1_mix1491,14,7,0,178,0,54.65
fold2_room1_mix1491,15,7,0,178,0,55.03
fold2_room1_mix1491,16,7,0,178,0,55.64
fold2_room1_mix1491,17,7,0,178,0,54.39
fold2_room1_mix1491,18,7,0,178,0,53.63
fold2_room1_mix1491,19,7,0,178,0,54.66
fold2_room1_mix1491,20,7,0,179,0,65.57
fold2_room1_mix1491,21,7,0,178,0,56.83
fold2_room1_mix1491,22,7,0,178,0,69.94
fold2_room1_mix1491,23,7,0,179,0,65.96
fold2_room1_mix1491,24,7,0,179,0,55.88
fold2_room1_mix1491,25,7,0,178,0,65.52
fold2_room1_mix1491,26,7,0,179,0,62.95
fold2_room1_mix1491,27,7,0,178,0,57.21
fold2_room1_mix1491,28,7,0,178,0,59.56
fold2_room1_mix1491,29,7,0,179,0,61.51
fold2_room1_mix1491,30,7,0,179,0,57.48
fold2_room1_mix1491,31,7,0,178,0,55.25
fold2_room1_mix1491,32,7,0,178,0,61.12
fold2_room1_mix1491,33,7,0,178,0,59.50
fold2_room1_mix1491,34,7,0,178,0,61.91
fold2_room1_mix1491,35,7,0,177,0,56.41
fold2_room1_mix1491,36,7,0,177,0,54.63
fold2_room1_mix1491,37,7,0,177,0,50.52
fold2_room1_mix1491,38,7,0,178,0,52.83
fold2_room1_mix1491,39,7,0,177,0,50.66
fold2_room1_mix1491,40,7,0,177,0,46.05
fold2_room1_mix1491,41,7,0,178,0,48.43
fold2_room1_mix1491,42,7,0,177,0,46.80
fold2_room1_mix1491,43,7,0,176,0,44.86
fold2_room1_mix1491,44,7,0,178,0,47.82
fold2_room1_mix1491,45,7,0,176,0,45.40
fold2_room1_mix1491,46,7,0,178,0,42.82
fold2_room1_mix1491,47,7,0,177,0,41.74
fold2_room1_mix1491,48,7,0,177,0,41.30
fold2_room1_mix1491,49,7,0,176,0,36.43
fold2_room1_mix1491,50,7,0,179,0,34.61
fold2_room1_mix1491,51,7,0,177,0,31.74
fold2_room1_mix1491,52,7,0,176,0,32.15
fold2_room1_mix1491,53,7,0,176,0,29.69
fold2_room1_mix1491,54,7,0,174,0,28.57
fold2_room1_mix1491,55,7,0,173,0,26.04
fold2_room1_mix1491,56,7,0,174,0,25.35
fold2_room1_mix1491,57,7,0,172,0,22.08
fold2_room1_mix1491,58,7,0,170,0,19.89
fold2_room1_mix1491,59,7,0,169,0,19.19
fold2_room1_mix1491,60,7,0,168,0,15.85
fold2_room1_mix1491,61,7,0,167,0,13.92
fold2_room1_mix1491,62,7,0,163,0,12.46
fold2_room1_mix1491,63,7,0,161,0,10.93
fold2_room1_mix1491,64,7,0,156,0,9.21
fold2_room1_mix1491,65,7,0,153,0,8.22
fold2_room1_mix1491,66,7,0,146,0,6.56
fold2_room1_mix1491,67,7,0,132,0,5.21
fold2_room1_mix1491,68,7,0,109,0,4.66
fold2_room1_mix1491,69,7,0,84,0,4.38
fold2_room1_mix1491,70,7,0,60,0,4.77
fold2_room1_mix1491,71,7,0,48,1,5.43
fold2_room1_mix1491,72,7,0,37,0,6.52
fold2_room1_mix1491,73,7,0,32,0,7.98
fold2_room1_mix1491,74,7,0,27,0,8.90
fold2_room1_mix1491,75,7,0,24,0,10.48
fold2_room1_mix1491,76,7,0,21,0,12.97
fold2_room1_mix1491,77,7,0,17,0,13.59
fold2_room1_mix1491,78,7,0,17,0,15.34
fold2_room1_mix1491,79,7,0,15,0,17.05
fold2_room1_mix1491,80,7,0,13,0,18.10
fold2_room1_mix1491,81,7,0,13,0,18.95
fold2_room1_mix1491,82,7,0,11,0,21.17
fold2_room1_mix1491,83,7,0,11,0,23.71
fold2_room1_mix1491,84,7,0,10,0,23.13
fold2_room1_mix1491,85,7,0,10,0,26.06
fold2_room1_mix1491,86,7,0,9,0,29.01
fold2_room1_mix1491,87,7,0,10,0,29.10
fold2_room1_mix1491,88,7,0,9,0,30.47
fold2_room1_mix1491,89,7,0,9,0,33.36
fold2_room1_mix1491,90,7,0,8,0,34.48
fold2_room1_mix1491,91,7,0,9,0,36.13
fold2_room1_mix1491,92,7,0,8,0,40.36
fold2_room1_mix1491,93,7,0,7,0,41.80
fold2_room1_mix1491,94,7,0,7,0,41.94
fold2_room1_mix1491,95,7,0,6,0,44.05
fold2_room1_mix1491,96,7,0,6,0,46.69
fold2_room1_mix1491,97,7,0,6,0,48.27
fold2_room1_mix1491,98,7,0,6,0,50.08
fold2_room1_mix1491,99,7,0,7,0,54.44
fold2_room1_mix1492,3,7,0,-179,0,3.18
fold2_room1_mix1492,4,7,0,-179,0,7.85
fold2_room1_mix1492,5,7,0,178,0,29.84
fold2_room1_mix1492,6,7,0,-179,0,35.26
fold2_room1_mix1492,7,7,0,-179,0,42.83
fold2_room1_mix1492,8,7,0,-179,0,48.32
fold2_room1_mix1492,9,7,0,179,0,53.69
fold2_room1_mix1492,10,7,0,179,0,53.21
fold2_room1_mix1492,11,7,0,-179,0,54.46
fold2_room1_mix1492,12,7,0,-179,0,59.16
fold2_room1_mix1492,13,7,0,179,0,58.55
fold2_room1_mix1492,14,7,0,-179,0,53.34
fold2_room1_mix1492,15,7,0,-177,0,56.29
fold2_room1_mix1492,16,7,0,-179,0,59.57
fold2_room1_mix1492,17,7,0,179,0,56.73
fold2_room1_mix1492,18,7,0,-178,0,56.82
fold2_room1_mix1492,19,7,0,-179,0,57.48
fold2_room1_mix1492,20,7,0,-179,0,53.82
fold2_room1_mix1492,21,7,0,-179,0,55.91
fold2_room1_mix1492,22,7,0,-179,0,52.89
fold2_room1_mix1492,23,7,0,-178,0,45.32
fold2_room1_mix1492,24,7,0,-178,0,49.76
fold2_room1_mix1492,25,7,0,-178,0,49.32
fold2_room1_mix1492,26,7,0,-179,0,47.15
fold2_room1_mix1492,27,7,0,-178,0,49.46
fold2_room1_mix1492,28,7,0,-178,0,49.51
fold2_room1_mix1492,29,7,0,-177,0,47.28
fold2_room1_mix1492,30,7,0,-178,0,47.58
fold2_room1_mix1492,31,7,0,-177,0,46.52
fold2_room1_mix1492,32,7,0,-177,0,43.14
fold2_room1_mix1492,33,7,0,-178,0,43.88
fold2_room1_mix1492,34,7,0,-178,0,44.95
fold2_room1_mix1492,35,7,0,-177,0,41.95
fold2_room1_mix1492,36,7,0,-177,0,43.91
fold2_room1_mix1492,37,7,0,-175,0,42.66
fold2_room1_mix1492,38,7,0,-175,0,39.56
fold2_room1_mix1492,39,7,0,-175,0,38.18
fold2_room1_mix1492,40,7,0,-174,0,38.03
fold2_room1_mix1492,41,7,0,-175,0,36.40
fold2_room1_mix1492,42,7,0,-173,0,34.38
fold2_room1_mix1492,43,7,0,-173,0,32.45
fold2_room1_mix1492,44,7,0,-172,0,31.94
fold2_room1_mix1492,45,7,0,-172,0,30.20
fold2_room1_mix1492,46,7,0,-172,0,28.29
fold2_room1_mix1492,47,7,0,-172,0,30.52
fold2_room1_mix1492,48,7,0,-172,0,27.97
fold2_room1_mix1492,49,7,0,-169,0,23.73
fold2_room1_mix1492,50,7,0,-168,0,23.43
fold2_room1_mix1492,51,7,0,-169,0,22.16
fold2_room1_mix1492,52,7,0,-166,-1,19.45
fold2_room1_mix1492,53,7,0,-166,-1,19.46
fold2_room1_mix1492,54,7,0,-166,-1,18.37
fold2_room1_mix1492,55,7,0,-166,-1,16.63
fold2_room1_mix1492,56,7,0,-165,-1,15.47
fold2_room1_mix1492,57,7,0,-164,-1,14.44
fold2_room1_mix1492,58,7,0,-163,-1,13.41
fold2_room1_mix1492,59,7,0,-162,-1,12.79
fold2_room1_mix1492,60,7,0,-161,-1,11.73
fold2_room1_mix1492,61,7,0,-158,-1,9.99
fold2_room1_mix1492,62,7,0,-156,-1,8.57
fold2_room1_mix1492,63,7,0,-151,-1,7.46
fold2_room1_mix1492,64,7,0,-143,-1,6.36
fold2_room1_mix1492,65,7,0,-138,-1,5.58
fold2_room1_mix1492,66,7,0,-131,-1,4.48
fold2_room1_mix1492,67,7,0,-122,-2,4.16
fold2_room1_mix1492,68,7,0,-109,-3,3.91
fold2_room1_mix1492,69,7,0,-90,-4,3.71
fold2_room1_mix1492,70,7,0,-81,-3,3.76
fold2_room1_mix1492,71,7,0,-65,-2,4.27
fold2_room1_mix1492,72,7,0,-52,-2,5.24
fold2_room1_mix1492,73,7,0,-44,-1,5.57
fold2_room1_mix1492,74,7,0,-37,-1,6.05
fold2_room1_mix1492,75,7,0,-32,-1,7.15
fold2_room1_mix1492,76,7,0,-28,0,8.34
fold2_room1_mix1492,77,7,0,-25,0,8.89
fold2_room1_mix1492,78,7,0,-21,0,9.74
fold2_room1_mix1492,79,7,0,-19,0,11.52
fold2_room1_mix1492,80,7,0,-19,0,12.33
fold2_room1_mix1492,81,7,0,-16,0,13.92
fold2_room1_mix1492,82,7,0,-14,0,14.78
fold2_room1_mix1492,83,7,0,-13,0,15.93
fold2_room1_mix1492,84,7,0,-12,0,17.29
fold2_room1_mix1492,85,7,0,-10,0,18.73
fold2_room1_mix1492,86,7,0,-11,0,19.11
fold2_room1_mix1492,87,7,0,-10,0,20.17
fold2_room1_mix1492,88,7,0,-9,0,22.25
fold2_room1_mix1492,89,7,0,-8,0,22.87
fold2_room1_mix1492,90,7,0,-8,0,24.24
fold2_room1_mix1492,91,7,0,-7,0,25.86
fold2_room1_mix1492,92,7,0,-6,0,27.95
fold2_room1_mix1492,93,7,0,-5,0,28.85
fold2_room1_mix1492,94,7,0,-4,0,29.27
fold2_room1_mix1492,95,7,0,-4,0,32.62
fold2_room1_mix1492,96,7,0,-4,0,33.18
fold2_room1_mix1492,97,7,0,-3,0,34.44
fold2_room1_mix1492,98,7,0,-3,0,34.95
fold2_room1_mix1492,99,7,0,-4,0,37.04
fold2_room1_mix1493,3,7,0,0,0,16.08
fold2_room1_mix1493,4,7,0,0,0,22.82
fold2_room1_mix1493,5,7,0,1,0,24.17
fold2_room1_mix1493,6,7,0,0,0,26.23
fold2_room1_mix1493,7,7,0,2,0,31.11
fold2_room1_mix1493,8,7,0,1,0,28.84
fold2_room1_mix1493,9,7,0,3,0,28.55
fold2_room1_mix1493,10,7,0,2,0,28.00
fold2_room1_mix1493,11,7,0,2,0,31.10
fold2_room1_mix1493,12,7,0,2,0,27.83
fold2_room1_mix1493,13,7,0,3,0,28.66
fold2_room1_mix1493,14,7,0,4,0,28.23
fold2_room1_mix1493,15,7,0,5,0,29.31
fold2_room1_mix1493,16,7,0,5,0,25.50
fold2_room1_mix1493,17,7,0,6,0,26.43
fold2_room1_mix1493,18,7,0,6,0,26.05
fold2_room1_mix1493,19,7,0,6,0,25.93
fold2_room1_mix1493,20,7,0,5,0,24.02
fold2_room1_mix1493,21,7,0,6,0,22.23
fold2_room1_mix1493,22,7,0,7,0,23.91
fold2_room1_mix1493,23,7,0,8,0,21.73
fold2_room1_mix1493,24,7,0,7,0,21.93
fold2_room1_mix1493,25,7,0,9,0,19.93
fold2_room1_mix1493,26,7,0,9,0,19.25
fold2_room1_mix1493,27,7,0,9,0,19.43
fold2_room1_mix1493,28,7,0,11,0,17.04
fold2_room1_mix1493,29,7,0,11,0,16.23
fold2_room1_mix1493,30,7,0,11,0,16.29
fold2_room1_mix1493,31,7,0,12,0,15.99
fold2_room1_mix1493,32,7,0,12,0,14.12
fold2_room1_mix1493,33,7,0,13,0,13.33
fold2_room1_mix1493,34,7,0,14,0,13.36
fold2_room1_mix1493,35,7,0,14,0,12.19
fold2_room1_mix1493,36,7,0,15,0,11.07
fold2_room1_mix1493,37,7,0,17,0,10.06
fold2_room1_mix1493,38,7,0,17,-1,9.09
fold2_room1_mix1493,39,7,0,19,0,8.68
fold2_room1_mix1493,40,7,0,19,-1,8.00
fold2_room1_mix1493,41,7,0,21,-1,6.66
fold2_room1_mix1493,42,7,0,26,-1,5.80
fold2_room1_mix1493,43,7,0,31,-1,4.64
fold2_room1_mix1493,44,7,0,34,-2,3.98
fold2_room1_mix1493,45,7,0,41,-2,3.18
fold2_room1_mix1493,46,7,0,51,-2,3.07
fold2_room1_mix1493,47,7,0,61,-1,2.75
fold2_room1_mix1493,48,7,0,83,-2,2.80
fold2_room1_mix1493,49,7,0,98,-1,2.57
fold2_room1_mix1493,50,7,0,119,-1,2.70
fold2_room1_mix1493,51,7,0,131,0,3.54
fold2_room1_mix1493,52,7,0,138,0,3.74
fold2_room1_mix1493,53,7,0,148,0,4.47
fold2_room1_mix1493,54,7,0,149,0,5.34
fold2_room1_mix1493,55,7,0,154,0,6.18
fold2_room1_mix1493,56,7,0,156,0,6.64
fold2_room1_mix1493,57,7,0,160,0,7.62
fold2_room1_mix1493,58,7,0,163,0,7.57
fold2_room1_mix1493,59,7,0,163,0,9.10
fold2_room1_mix1493,60,7,0,164,0,9.56
fold2_room1_mix1493,61,7,0,167,0,10.46
fold2_room1_mix1493,62,7,0,165,0,10.97
fold2_room1_mix1493,63,7,0,167,0,11.71
fold2_room1_mix1493,64,7,0,168,0,11.82
fold2_room1_mix1493,65,7,0,169,0,12.50
fold2_room1_mix1493,66,7,0,168,0,12.99
fold2_room1_mix1493,67,7,0,169,0,13.17
fold2_room1_mix1493,68,7,0,171,0,14.71
fold2_room1_mix1493,69,7,0,170,0,15.35
fold2_room1_mix1493,70,7,0,171,0,15.22
fold2_room1_mix1493,71,7,0,171,0,16.14
fold2_room1_mix1493,72,7,0,171,0,17.63
fold2_room1_mix1493,73,7,0,172,0,18.58
fold2_room1_mix1493,74,7,0,173,0,18.95
fold2_room1_mix1493,75,7,0,172,0,19.70
fold2_room1_mix1493,76,7,0,172,0,21.15
fold2_room1_mix1493,77,7,0,174,0,21.54
fold2_room1_mix1493,78,7,0,173,0,21.23
fold2_room1_mix1493,79,7,0,173,0,24.51
fold2_room1_mix1493,80,7,0,174,0,25.08
fold2_room1_mix1493,81,7,0,174,0,27.27
fold2_room1_mix1493,82,7,0,175,0,26.22
fold2_room1_mix1493,83,7,0,175,0,27.09
fold2_room1_mix1493,84,7,0,175,0,28.23
fold2_room1_mix1493,85,7,0,175,0,29.63
fold2_room1_mix1493,86,7,0,175,0,29.77
fold2_room1_mix1493,87,7,0,176,0,30.14
fold2_room1_mix1493,88,7,0,174,0,30.78
fold2_room1_mix1493,89,7,0,175,0,31.50
fold2_room1_mix1493,90,7,0,177,0,31.45
fold2_room1_mix1493,91,7,0,175,0,32.76
fold2_room1_mix1493,92,7,0,175,0,34.25
fold2_room1_mix1493,93,7,0,176,0,33.12
fold2_room1_mix1493,94,7,0,176,0,35.76
fold2_room1_mix1493,95,7,0,175,0,36.39
fold2_room1_mix1493,96,7,0,176,0,37.62
fold2_room1_mix1493,97,7,0,176,0,38.77
fold2_room1_mix1493,98,7,0,176,0,39.14
fold2_room1_mix1493,99,7,0,175,0,40.92
fold2_room1_mix1494,8,7,0,178,0,6.99
fold2_room1_mix1494,9,7,0,177,0,15.85
fold2_room1_mix1494,19,7,0,178,0,9.25
fold2_room1_mix1494,20,7,0,177,0,19.73
fold2_room1_mix1494,21,7,0,179,0,24.22
fold2_room1_mix1494,22,7,0,178,0,35.70
fold2_room1_mix1494,25,7,0,176,0,5.77
fold2_room1_mix1494,26,7,0,177,0,16.07
fold2_room1_mix1494,32,7,0,179,0,14.30
fold2_room1_mix1494,33,7,0,177,0,33.08
fold2_room1_mix1494,34,7,0,177,0,36.04
fold2_room1_mix1494,35,7,0,177,0,7.66
fold2_room1_mix1494,36,7,0,176,0,10.06
fold2_room1_mix1494,37,7,0,177,0,42.93
fold2_room1_mix1494,38,7,0,177,0,39.92
fold2_room1_mix1494,39,7,0,178,0,20.18
fold2_room1_mix1494,40,7,0,178,0,29.25
fold2_room1_mix1494,41,7,0,179,0,11.94
fold2_room1_mix1494,43,7,0,178,0,6.85
fold2_room1_mix1494,44,7,0,177,0,5.71
fold2_room1_mix1494,45,7,0,178,0,14.50
fold2_room1_mix1494,46,7,0,178,0,36.04
fold2_room1_mix1494,47,7,0,-179,0,24.16
fold2_room1_mix1494,48,7,0,179,0,12.20
fold2_room1_mix1494,49,7,0,179,0,38.80
fold2_room1_mix1494,50,7,0,179,0,36.62
fold2_room1_mix1494,51,7,0,179,0,32.24
fold2_room1_mix1494,52,7,0,-178,0,26.82
fold2_room1_mix1494,53,7,0,179,0,24.13
fold2_room1_mix1494,54,7,0,178,0,37.83
fold2_room1_mix1494,55,7,0,179,0,33.21
fold2_room1_mix1494,56,7,0,178,0,34.26
fold2_room1_mix1494,57,7,0,-179,0,30.93
fold2_room1_mix1494,58,7,0,-179,0,27.63
fold2_room1_mix1494,59,7,0,176,0,27.12
fold2_room1_mix1494,60,7,0,176,0,23.14
fold2_room1_mix1494,61,7,0,175,0,22.35
fold2_room1_mix1494,62,7,0,173,0,18.79
fold2_room1_mix1494,63,7,0,168,0,16.65
fold2_room1_mix1494,64,7,0,168,0,14.53
fold2_room1_mix1494,65,7,0,167,0,13.41
fold2_room1_mix1494,66,7,0,162,0,11.39
fold2_room1_mix1494,67,7,0,155,0,8.86
fold2_room1_mix1494,68,7,0,151,0,7.27
fold2_room1_mix1494,69,7,0,138,0,5.13
fold2_room1_mix1494,70,7,0,123,0,3.81
fold2_room1_mix1494,71,7,0,90,0,3.48
fold2_room1_mix1494,72,7,0,66,0,4.02
fold2_room1_mix1494,73,7,0,46,0,4.79
fold2_room1_mix1494,74,7,0,41,0,5.28
fold2_room1_mix1494,75,7,0,29,0,6.28
fold2_room1_mix1494,76,7,0,25,0,8.65
fold2_room1_mix1494,77,7,0,22,0,9.67
fold2_room1_mix1494,78,7,0,19,0,11.22
fold2_room1_mix1494,79,7,0,15,0,12.67
fold2_room1_mix1494,80,7,0,14,0,14.60
fold2_room1_mix1494,81,7,0,13,0,15.43
fold2_room1_mix1494,82,7,0,11,0,16.89
fold2_room1_mix1494,83,7,0,11,0,17.74
fold2_room1_mix1494,84,7,0,10,0,19.66
fold2_room1_mix1494,85,7,0,9,0,21.08
fold2_room1_mix1494,86,7,0,9,0,23.29
fold2_room1_mix1494,87,7,0,8,0,24.84
fold2_room1_mix1494,88,7,0,7,0,28.34
fold2_room1_mix1494,89,7,0,8,0,29.98
fold2_room1_mix1494,90,7,0,6,0,30.53
fold2_room1_mix1494,91,7,0,6,0,31.04
fold2_room1_mix1494,95,7,0,5,0,23.63
fold2_room1_mix1494,96,7,0,6,0,37.66
fold2_room1_mix1494,97,7,0,4,0,31.37
fold2_room1_mix1494,98,7,0,4,0,31.12
fold2_room1_mix1494,99,7,0,5,0,31.79
fold2_room1_mix1495,2,7,0,0,0,6.16
fold2_room1_mix1495,3,7,0,1,0,19.56
fold2_room1_mix1495,5,7,0,1,0,3.18
fold2_room1_mix1495,6,7,0,1,0,27.77
fold2_room1_mix1495,7,7,0,2,0,28.85
fold2_room1_mix1495,8,7,0,1,0,31.50
fold2_room1_mix1495,9,7,0,1,0,30.34
fold2_room1_mix1495,10,7,0,1,0,32.10
fold2_room1_mix1495,11,7,0,1,0,31.54
fold2_room1_mix1495,12,7,0,2,0,31.08
fold2_room1_mix1495,13,7,0,1,0,33.26
fold2_room1_mix1495,14,7,0,2,0,31.75
fold2_room1_mix1495,15,7,0,2,0,31.00
fold2_room1_mix1495,16,7,0,1,0,29.45
fold2_room1_mix1495,17,7,0,2,0,30.14
fold2_room1_mix1495,18,7,0,1,0,28.35
fold2_room1_mix1495,19,7,0,1,0,29.27
fold2_room1_mix1495,20,7,0,4,0,27.09
fold2_room1_mix1495,21,7,0,0,0,28.28
fold2_room1_mix1495,22,7,0,3,0,28.17
fold2_room1_mix1495,23,7,0,6,0,26.05
fold2_room1_mix1495,24,7,0,1,0,27.39
fold2_room1_mix1495,25,7,0,0,0,24.93
fold2_room1_mix1495,26,7,0,2,0,23.54
fold2_room1_mix1495,27,7,0,0,0,16.03
fold2_room1_mix1495,28,7,0,5,0,20.20
fold2_room1_mix1495,29,7,0,3,0,26.92
fold2_room1_mix1495,30,7,0,5,0,21.03
fold2_room1_mix1495,31,7,0,5,0,18.77
fold2_room1_mix1495,32,7,0,8,0,21.06
fold2_room1_mix1495,33,7,0,10,0,20.00
fold2_room1_mix1495,34,7,0,9,0,17.67
fold2_room1_mix1495,35,7,0,9,0,16.70
fold2_room1_mix1495,36,7,0,9,0,17.09
fold2_room1_mix1495,37,7,0,11,0,15.61
fold2_room1_mix1495,38,7,0,12,0,15.60
fold2_room1_mix1495,39,7,0,12,0,15.08
fold2_room1_mix1495,40,7,0,14,0,14.47
fold2_room1_mix1495,41,7,0,15,0,12.84
fold2_room1_mix1495,42,7,0,14,0,11.24
fold2_room1_mix1495,43,7,0,17,0,10.94
fold2_room1_mix1495,44,7,0,20,0,9.86
fold2_room1_mix1495,45,7,0,17,0,9.06
fold2_room1_mix1495,46,7,0,18,0,9.05
fold2_room1_mix1495,47,7,0,22,0,8.30
fold2_room1_mix1495,48,7,0,22,0,8.21
fold2_room1_mix1495,49,7,0,26,-1,7.00
fold2_room1_mix1495,50,7,0,35,0,5.71
fold2_room1_mix1495,51,7,0,41,0,5.15
fold2_room1_mix1495,52,7,0,43,0,4.95
fold2_room1_mix1495,53,7,0,49,-1,4.53
fold2_room1_mix1495,54,7,0,55,-1,4.40
fold2_room1_mix1495,55,7,0,64,0,4.27
fold2_room1_mix1495,56,7,0,76,0,3.75
fold2_room1_mix1495,57,7,0,86,0,3.63
fold2_room1_mix1495,58,7,0,102,0,3.49
fold2_room1_mix1495,59,7,0,115,0,4.13
fold2_room1_mix1495,60,7,0,124,0,4.51
fold2_room1_mix1495,61,7,0,130,0,4.77
fold2_room1_mix1495,62,7,0,139,0,5.59
fold2_room1_mix1495,63,7,0,141,0,5.88
fold2_room1_mix1495,64,7,0,145,0,6.48
fold2_room1_mix1495,65,7,0,150,0,7.01
fold2_room1_mix1495,66,7,0,153,0,7.42
fold2_room1_mix1495,67,7,0,155,0,7.56
fold2_room1_mix1495,68,7,0,156,0,8.45
fold2_room1_mix1495,69,7,0,160,0,9.22
fold2_room1_mix1495,70,7,0,161,0,9.25
fold2_room1_mix1495,71,7,0,161,0,10.34
fold2_room1_mix1495,72,7,0,163,0,10.92
fold2_room1_mix1495,73,7,0,163,0,11.13
fold2_room1_mix1495,74,7,0,164,0,11.36
fold2_room1_mix1495,75,7,0,165,0,12.12
fold2_room1_mix1495,76,7,0,166,0,13.12
fold2_room1_mix1495,77,7,0,167,0,13.17
fold2_room1_mix1495,78,7,0,168,0,13.99
fold2_room1_mix1495,79,7,0,169,0,14.84
fold2_room1_mix1495,80,7,0,168,0,14.14
fold2_room1_mix1495,81,7,0,170,0,15.87
fold2_room1_mix1495,82,7,0,168,0,16.03
fold2_room1_mix1495,83,7,0,170,0,15.34
fold2_room1_mix1495,84,7,0,170,0,16.16
fold2_room1_mix1495,85,7,0,172,0,18.10
fold2_room1_mix1495,86,7,0,171,0,20.05
fold2_room1_mix1495,87,7,0,171,0,17.44
fold2_room1_mix1495,88,7,0,172,0,19.25
fold2_room1_mix1495,89,7,0,173,0,21.43
fold2_room1_mix1495,90,7,0,174,0,21.44
fold2_room1_mix1495,91,7,0,174,0,23.26
fold2_room1_mix1495,92,7,0,172,0,21.05
fold2_room1_mix1495,93,7,0,175,0,11.37
fold2_room1_mix1495,94,7,0,173,0,12.53
fold2_room1_mix1495,95,7,0,172,0,17.22
fold2_room1_mix1495,96,7,0,173,0,12.81
fold2_room1_mix1495,97,7,0,169,0,4.43
fold2_room1_mix1495,98,7,0,174,0,22.05
fold2_room1_mix1495,99,7,0,173,0,21.90
fold2_room1_mix1496,3,7,0,-178,0,6.97
fold2_room1_mix1496,4,7,0,177,0,19.25
fold2_room1_mix1496,5,7,0,175,0,22.77
fold2_room1_mix1496,6,7,0,176,0,21.76
fold2_room1_mix1496,7,7,0,176,-1,20.99
fold2_room1_mix1496,8,7,0,176,-1,20.65
fold2_room1_mix1496,9,7,0,175,-1,19.24
fold2_room1_mix1496,10,7,0,173,-1,19.17
fold2_room1_mix1496,11,7,0,173,-1,19.03
fold2_room1_mix1496,12,7,0,174,-1,18.70
fold2_room1_mix1496,13,7,0,173,-1,18.66
fold2_room1_mix1496,14,7,0,172,-1,17.80
fold2_room1_mix1496,15,7,0,171,-1,17.48
fold2_room1_mix1496,16,7,0,170,-1,17.21
fold2_room1_mix1496,17,7,0,169,-1,16.34
fold2_room1_mix1496,18,7,0,167,-1,15.10
fold2_room1_mix1496,19,7,0,166,-1,13.43
fold2_room1_mix1496,20,7,0,163,-1,12.23
fold2_room1_mix1496,21,7,0,161,-1,11.11
fold2_room1_mix1496,22,7,0,160,-1,10.40
fold2_room1_mix1496,23,7,0,156,-1,8.89
fold2_room1_mix1496,24,7,0,156,-1,8.62
fold2_room1_mix1496,25,7,0,153,-1,8.12
fold2_room1_mix1496,26,7,0,152,-1,7.36
fold2_room1_mix1496,27,7,0,149,-1,6.07
fold2_room1_mix1496,28,7,0,144,-1,5.80
fold2_room1_mix1496,29,7,0,138,-1,4.46
fold2_room1_mix1496,30,7,0,132,-1,4.37
fold2_room1_mix1496,31,7,0,117,0,4.09
fold2_room1_mix1496,32,7,0,98,0,3.91
fold2_room1_mix1496,33,7,0,90,0,3.99
fold2_room1_mix1496,34,7,0,74,0,4.45
fold2_room1_mix1496,35,7,0,58,0,4.87
fold2_room1_mix1496,36,7,0,51,0,5.06
fold2_room1_mix1496,37,7,0,43,0,5.79
fold2_room1_mix1496,38,7,0,36,0,6.32
fold2_room1_mix1496,39,7,0,33,0,6.67
fold2_room1_mix1496,40,7,0,29,0,7.75
fold2_room1_mix1496,41,7,0,27,0,8.42
fold2_room1_mix1496,42,7,0,25,0,8.72
fold2_room1_mix1496,43,7,0,22,0,9.87
fold2_room1_mix1496,44,7,0,21,0,10.77
fold2_room1_mix1496,45,7,0,20,0,11.14
fold2_room1_mix1496,46,7,0,18,0,12.41
fold2_room1_mix1496,47,7,0,18,0,13.82
fold2_room1_mix1496,48,7,0,16,0,13.79
fold2_room1_mix1496,49,7,0,16,0,15.09
fold2_room1_mix1496,50,7,0,15,0,16.28
fold2_room1_mix1496,51,7,0,14,0,17.18
fold2_room1_mix1496,52,7,0,14,0,17.95
fold2_room1_mix1496,53,7,0,13,0,18.68
fold2_room1_mix1496,54,7,0,13,0,20.22
fold2_room1_mix1496,55,7,0,12,0,20.26
fold2_room1_mix1496,56,7,0,11,0,21.43
fold2_room1_mix1496,57,7,0,11,0,22.39
fold2_room1_mix1496,58,7,0,10,0,22.54
fold2_room1_mix1496,59,7,0,10,0,24.35
fold2_room1_mix1496,60,7,0,10,0,25.15
fold2_room1_mix1496,61,7,0,9,0,26.07
fold2_room1_mix1496,62,7,0,9,0,25.72
fold2_room1_mix1496,63,7,0,10,0,27.06
fold2_room1_mix1496,64,7,0,9,0,27.29
fold2_room1_mix1496,65,7,0,9,0,28.11
fold2_room1_mix1496,66,7,0,9,0,29.88
fold2_room1_mix1496,67,7,0,9,0,30.74
fold2_room1_mix1496,68,7,0,8,0,31.00
fold2_room1_mix1496,69,7,0,9,0,32.45
fold2_room1_mix1496,70,7,0,9,0,33.16
fold2_room1_mix1496,71,7,0,8,0,33.33
fold2_room1_mix1496,72,7,0,8,0,34.78
fold2_room1_mix1496,73,7,0,8,0,35.34
fold2_room1_mix1496,74,7,0,8,0,35.14
fold2_room1_mix1496,75,7,0,8,0,36.10
fold2_room1_mix1496,76,7,0,8,0,37.14
fold2_room1_mix1496,77,7,0,8,0,38.30
fold2_room1_mix1496,78,7,0,8,0,39.36
fold2_room1_mix1496,79,7,0,7,0,41.75
fold2_room1_mix1496,80,7,0,7,0,40.06
fold2_room1_mix1496,81,7,0,7,0,40.56
fold2_room1_mix1496,82,7,0,7,0,41.37
fold2_room1_mix1496,83,7,0,7,0,42.17
fold2_room1_mix1496,84,7,0,7,0,41.91
fold2_room1_mix1496,85,7,0,7,0,43.56
fold2_room1_mix1496,86,7,0,7,0,44.53
fold2_room1_mix1496,87,7,0,7,0,42.74
fold2_room1_mix1496,88,7,0,6,0,46.47
fold2_room1_mix1496,89,7,0,7,0,47.33
fold2_room1_mix1496,90,7,0,7,0,47.20
fold2_room1_mix1496,91,7,0,6,0,49.34
fold2_room1_mix1496,92,7,0,6,0,50.21
fold2_room1_mix1496,93,7,0,6,0,49.42
fold2_room1_mix1496,94,7,0,6,0,49.94
fold2_room1_mix1496,95,7,0,7,0,49.50
fold2_room1_mix1496,96,7,0,7,0,50.15
fold2_room1_mix1496,97,7,0,7,0,51.66
fold2_room1_mix1496,98,7,0,6,0,53.21
fold2_room1_mix1496,99,7,0,7,0,52.14
fold2_room1_mix1497,6,7,0,1,0,10.20
fold2_room1_mix1497,7,7,0,1,0,14.42
fold2_room1_mix1497,8,7,0,4,0,7.11
fold2_room1_mix1497,9,7,0,3,0,25.02
fold2_room1_mix1497,10,7,0,1,0,3.42
fold2_room1_mix1497,11,7,0,1,0,5.34
fold2_room1_mix1497,13,7,0,1,0,14.97
fold2_room1_mix1497,14,7,0,2,0,15.65
fold2_room1_mix1497,15,7,0,2,0,36.91
fold2_room1_mix1497,16,7,0,2,0,33.42
fold2_room1_mix1497,17,7,0,-3,0,28.48
fold2_room1_mix1497,18,7,0,1,0,37.88
fold2_room1_mix1497,19,7,0,2,0,41.03
fold2_room1_mix1497,20,7,0,1,0,41.64
fold2_room1_mix1497,21,7,0,0,0,38.34
fold2_room1_mix1497,22,7,0,0,0,38.82
fold2_room1_mix1497,23,7,0,3,0,38.66
fold2_room1_mix1497,24,7,0,-2,0,32.28
fold2_room1_mix1497,25,7,0,2,0,38.77
fold2_room1_mix1497,26,7,0,2,0,35.95
fold2_room1_mix1497,27,7,0,1,0,39.52
fold2_room1_mix1497,28,7,0,2,0,41.97
fold2_room1_mix1497,29,7,0,2,0,42.19
fold2_room1_mix1497,30,7,0,2,0,39.00
fold2_room1_mix1497,31,7,0,1,0,35.88
fold2_room1_mix1497,32,7,0,0,0,28.35
fold2_room1_mix1497,33,7,0,0,0,23.25
fold2_room1_mix1497,34,7,0,1,0,31.94
fold2_room1_mix1497,35,7,0,0,0,28.50
fold2_room1_mix1497,36,7,0,0,0,32.83
fold2_room1_mix1497,37,7,0,1,0,30.36
fold2_room1_mix1497,38,7,0,4,0,29.03
fold2_room1_mix1497,39,7,0,2,0,26.56
fold2_room1_mix1497,40,7,0,0,0,26.21
fold2_room1_mix1497,41,7,0,-1,0,22.06
fold2_room1_mix1497,42,7,0,6,0,21.90
fold2_room1_mix1497,43,7,0,5,0,20.29
fold2_room1_mix1497,44,7,0,8,0,18.95
fold2_room1_mix1497,45,7,0,8,0,17.64
fold2_room1_mix1497,46,7,0,12,0,16.08
fold2_room1_mix1497,47,7,0,9,0,15.99
fold2_room1_mix1497,48,7,0,8,0,14.11
fold2_room1_mix1497,49,7,0,12,0,12.87
fold2_room1_mix1497,50,7,0,14,0,10.93
fold2_room1_mix1497,51,7,0,18,0,9.14
fold2_room1_mix1497,52,7,0,21,-1,8.02
fold2_room1_mix1497,53,7,0,26,-1,6.03
fold2_room1_mix1497,54,7,0,31,-1,4.67
fold2_room1_mix1497,55,7,0,46,-1,3.18
fold2_room1_mix1497,56,7,0,63,-2,2.51
fold2_room1_mix1497,57,7,0,94,-2,2.61
fold2_room1_mix1497,58,7,0,127,-2,2.81
fold2_room1_mix1497,59,7,0,140,-1,3.51
fold2_room1_mix1497,60,7,0,150,-1,4.42
fold2_room1_mix1497,61,7,0,155,-1,5.61
fold2_room1_mix1497,62,7,0,161,-1,7.17
fold2_room1_mix1497,63,7,0,163,0,8.63
fold2_room1_mix1497,64,7,0,166,0,8.87
fold2_room1_mix1497,65,7,0,167,0,10.03
fold2_room1_mix1497,66,7,0,169,0,10.88
fold2_room1_mix1497,67,7,0,170,0,11.93
fold2_room1_mix1497,68,7,0,170,0,13.96
fold2_room1_mix1497,69,7,0,171,0,15.89
fold2_room1_mix1497,70,7,0,171,0,16.99
fold2_room1_mix1497,71,7,0,171,0,17.68
fold2_room1_mix1497,72,7,0,173,0,18.87
fold2_room1_mix1497,73,7,0,174,0,17.94
fold2_room1_mix1497,74,7,0,173,0,17.88
fold2_room1_mix1497,75,7,0,174,0,18.67
fold2_room1_mix1497,76,7,0,175,0,19.97
fold2_room1_mix1497,77,7,0,174,0,22.89
fold2_room1_mix1497,78,7,0,174,0,26.52
fold2_room1_mix1497,79,7,0,175,0,25.95
fold2_room1_mix1497,80,7,0,174,0,18.64
fold2_room1_mix1497,81,7,0,175,0,7.60
fold2_room1_mix1497,82,7,0,175,0,12.89
fold2_room1_mix1497,83,7,0,177,0,8.13
fold2_room1_mix1497,84,7,0,178,0,13.08
fold2_room1_mix1497,85,7,0,176,0,5.79
fold2_room1_mix1497,86,7,0,176,0,8.55
fold2_room1_mix1497,87,7,0,175,0,7.44
fold2_room1_mix1497,90,7,0,176,0,10.63
fold2_room1_mix1497,91,7,0,175,0,24.61
fold2_room1_mix1497,92,7,0,176,0,6.42
fold2_room1_mix1497,94,7,0,175,0,25.36
fold2_room1_mix1497,95,7,0,175,0,44.58
fold2_room1_mix1497,96,7,0,175,0,33.34
fold2_room1_mix1497,97,7,0,175,0,41.73
fold2_room1_mix1498,3,7,0,-179,0,14.01
fold2_room1_mix1498,4,7,0,178,0,37.77
fold2_room1_mix1498,5,7,0,178,0,46.04
fold2_room1_mix1498,6,7,0,179,0,47.73
fold2_room1_mix1498,7,7,0,179,0,46.08
fold2_room1_mix1498,8,7,0,179,0,60.35
fold2_room1_mix1498,9,7,0,179,0,53.30
fold2_room1_mix1498,10,7,0,-178,0,50.61
fold2_room1_mix1498,11,7,0,178,0,51.99
fold2_room1_mix1498,12,7,0,178,0,57.82
fold2_room1_mix1498,13,7,0,179,0,55.97
fold2_room1_mix1498,14,7,0,179,0,61.74
fold2_room1_mix1498,15,7,0,178,0,58.03
fold2_room1_mix1498,16,7,0,179,0,55.10
fold2_room1_mix1498,17,7,0,179,0,53.54
fold2_room1_mix1498,18,7,0,179,0,52.29
fold2_room1_mix1498,19,7,0,179,0,51.03
fold2_room1_mix1498,20,7,0,179,0,48.61
fold2_room1_mix1498,21,7,0,179,0,49.17
fold2_room1_mix1498,22,7,0,178,0,46.88
fold2_room1_mix1498,23,7,0,178,0,45.71
fold2_room1_mix1498,24,7,0,178,0,48.57
fold2_room1_mix1498,25,7,0,177,0,46.55
fold2_room1_mix1498,26,7,0,177,0,45.03
fold2_room1_mix1498,27,7,0,177,0,45.66
fold2_room1_mix1498,28,7,0,177,0,42.26
fold2_room1_mix1498,29,7,0,178,0,37.67
fold2_room1_mix1498,30,7,0,178,0,38.43
fold2_room1_mix1498,31,7,0,176,0,37.04
fold2_room1_mix1498,32,7,0,176,0,35.21
fold2_room1_mix1498,33,7,0,177,0,33.92
fold2_room1_mix1498,34,7,0,176,0,33.09
fold2_room1_mix1498,35,7,0,174,0,30.21
fold2_room1_mix1498,36,7,0,173,0,27.69
fold2_room1_mix1498,37,7,0,174,0,25.86
fold2_room1_mix1498,38,7,0,172,0,25.53
fold2_room1_mix1498,39,7,0,172,0,21.75
fold2_room1_mix1498,40,7,0,172,0,21.54
fold2_room1_mix1498,41,7,0,169,0,19.50
fold2_room1_mix1498,42,7,0,168,0,18.09
fold2_room1_mix1498,43,7,0,168,0,16.73
fold2_room1_mix1498,44,7,0,165,0,14.63
fold2_room1_mix1498,45,7,0,163,0,13.16
fold2_room1_mix1498,46,7,0,160,0,12.47
fold2_room1_mix1498,47,7,0,156,0,10.17
fold2_room1_mix1498,48,7,0,151,-1,8.18
fold2_room1_mix1498,49,7,0,144,-1,6.57
fold2_room1_mix1498,50,7,0,133,-1,6.08
fold2_room1_mix1498,51,7,0,115,0,4.97
fold2_room1_mix1498,52,7,0,92,0,4.59
fold2_room1_mix1498,53,7,0,68,0,5.25
fold2_room1_mix1498,54,7,0,55,0,5.59
fold2_room1_mix1498,55,7,0,42,0,6.32
fold2_room1_mix1498,56,7,0,34,0,7.70
fold2_room1_mix1498,57,7,0,30,0,8.58
fold2_room1_mix1498,58,7,0,26,0,9.77
fold2_room1_mix1498,59,7,0,22,0,11.49
fold2_room1_mix1498,60,7,0,20,0,12.56
fold2_room1_mix1498,61,7,0,18,0,13.66
fold2_room1_mix1498,62,7,0,16,0,15.47
fold2_room1_mix1498,63,7,0,14,0,16.49
fold2_room1_mix1498,64,7,0,14,0,18.91
fold2_room1_mix1498,65,7,0,13,0,18.98
fold2_room1_mix1498,66,7,0,12,0,20.97
fold2_room1_mix1498,67,7,0,11,0,22.78
fold2_room1_mix1498,68,7,0,10,0,24.11
fold2_room1_mix1498,69,7,0,10,0,26.50
fold2_room1_mix1498,70,7,0,9,0,26.77
fold2_room1_mix1498,71,7,0,10,0,28.53
fold2_room1_mix1498,72,7,0,10,0,32.35
fold2_room1_mix1498,73,7,0,9,0,32.80
fold2_room1_mix1498,74,7,0,9,0,33.02
fold2_room1_mix1498,75,7,0,8,0,35.73
fold2_room1_mix1498,76,7,0,8,0,37.91
fold2_room1_mix1498,77,7,0,8,0,39.03
fold2_room1_mix1498,78,7,0,7,0,40.27
fold2_room1_mix1498,79,7,0,7,0,42.61
fold2_room1_mix1498,80,7,0,7,0,41.82
fold2_room1_mix1498,81,7,0,6,0,43.12
fold2_room1_mix1498,82,7,0,7,0,46.66
fold2_room1_mix1498,83,7,0,6,0,47.33
fold2_room1_mix1498,84,7,0,7,0,49.42
fold2_room1_mix1498,85,7,0,7,0,52.49
fold2_room1_mix1498,86,7,0,6,0,52.82
fold2_room1_mix1498,87,7,0,6,0,49.78
fold2_room1_mix1498,88,7,0,7,0,56.40
fold2_room1_mix1498,89,7,0,7,0,53.96
fold2_room1_mix1498,90,7,0,7,0,54.64
fold2_room1_mix1498,91,7,0,7,0,59.86
fold2_room1_mix1498,92,7,0,7,0,61.19
fold2_room1_mix1498,93,7,0,6,0,63.90
fold2_room1_mix1498,94,7,0,6,0,62.33
fold2_room1_mix1498,95,7,0,5,0,69.34
fold2_room1_mix1498,96,7,0,6,0,70.97
fold2_room1_mix1498,97,7,0,6,0,69.78
fold2_room1_mix1498,98,7,0,6,0,74.70
fold2_room1_mix1498,99,7,0,5,0,74.61
fold2_room1_mix1499,5,7,0,178,0,18.88
fold2_room1_mix1499,6,7,0,178,0,32.29
fold2_room1_mix1499,7,7,0,178,0,42.64
fold2_room1_mix1499,8,7,0,178,0,35.92
fold2_room1_mix1499,9,7,0,178,0,45.59
fold2_room1_mix1499,10,7,0,-179,0,45.91
fold2_room1_mix1499,11,7,0,179,0,47.29
fold2_room1_mix1499,12,7,0,-177,-1,25.88
fold2_room1_mix1499,13,7,0,-178,0,45.60
fold2_room1_mix1499,27,7,0,177,0,37.46
fold2_room1_mix1499,28,7,0,178,0,29.73
fold2_room1_mix1499,29,7,0,179,0,45.80
fold2_room1_mix1499,30,7,0,178,0,43.30
fold2_room1_mix1499,31,7,0,-179,0,40.22
fold2_room1_mix1499,37,7,0,-179,0,6.42
fold2_room1_mix1499,38,7,0,-178,0,24.86
fold2_room1_mix1499,39,7,0,-176,0,12.45
fold2_room1_mix1499,40,7,0,-179,0,12.62
fold2_room1_mix1499,42,7,0,178,0,22.05
fold2_room1_mix1499,43,7,0,-178,0,17.65
fold2_room1_mix1499,44,7,0,-179,0,33.35
fold2_room1_mix1499,45,7,0,178,0,35.01
fold2_room1_mix1499,46,7,0,-179,0,40.49
fold2_room1_mix1499,47,7,0,-177,0,38.93
fold2_room1_mix1499,48,7,0,-178,0,46.43
fold2_room1_mix1499,49,7,0,-177,0,39.94
fold2_room1_mix1499,50,7,0,-178,-1,44.82
fold2_room1_mix1499,51,7,0,-177,0,43.80
fold2_room1_mix1499,52,7,0,-174,0,39.69
fold2_room1_mix1499,53,7,0,-174,0,26.06
fold2_room1_mix1499,54,7,0,-176,0,20.15
fold2_room1_mix1499,55,7,0,-173,0,35.82
fold2_room1_mix1499,56,7,0,-175,0,31.25
fold2_room1_mix1499,57,7,0,-175,0,36.98
fold2_room1_mix1499,58,7,0,-175,0,36.77
fold2_room1_mix1499,59,7,0,-174,0,36.05
fold2_room1_mix1499,60,7,0,-175,0,32.11
fold2_room1_mix1499,61,7,0,-172,0,30.26
fold2_room1_mix1499,62,7,0,-172,0,27.37
fold2_room1_mix1499,63,7,0,-171,-1,23.12
fold2_room1_mix1499,64,7,0,-169,-1,21.40
fold2_room1_mix1499,65,7,0,-167,-1,18.21
fold2_room1_mix1499,66,7,0,-167,-1,17.70
fold2_room1_mix1499,67,7,0,-165,-1,15.44
fold2_room1_mix1499,68,7,0,-165,-1,14.02
fold2_room1_mix1499,69,7,0,-165,-1,12.79
fold2_room1_mix1499,70,7,0,-162,-1,10.95
fold2_room1_mix1499,71,7,0,-160,-1,8.91
fold2_room1_mix1499,72,7,0,-157,-1,7.80
fold2_room1_mix1499,73,7,0,-152,-2,6.22
fold2_room1_mix1499,74,7,0,-145,-2,4.81
fold2_room1_mix1499,75,7,0,-133,-3,3.56
fold2_room1_mix1499,76,7,0,-117,-4,2.96
fold2_room1_mix1499,77,7,0,-84,-5,2.76
fold2_room1_mix1499,78,7,0,-58,-4,3.12
fold2_room1_mix1499,79,7,0,-43,-3,3.72
fold2_room1_mix1499,80,7,0,-33,-2,4.93
fold2_room1_mix1499,81,7,0,-27,-2,6.19
fold2_room1_mix1499,82,7,0,-22,-1,7.23
fold2_room1_mix1499,83,7,0,-19,-1,8.34
fold2_room1_mix1499,84,7,0,-15,-1,9.78
fold2_room1_mix1499,85,7,0,-13,-1,11.28
fold2_room1_mix1499,86,7,0,-11,0,12.40
fold2_room1_mix1499,87,7,0,-11,0,13.97
fold2_room1_mix1499,88,7,0,-10,0,15.35
fold2_room1_mix1499,89,7,0,-10,0,15.78
fold2_room1_mix1499,90,7,0,-8,0,16.49
fold2_room1_mix1499,91,7,0,-9,0,16.71
fold2_room1_mix1499,92,7,0,-6,0,18.88
fold2_room1_mix1499,93,7,0,-6,0,20.27
fold2_room1_mix1499,94,7,0,-6,0,21.41
fold2_room1_mix1499,95,7,0,-4,0,25.16
fold2_room1_mix1499,96,7,0,-4,0,24.61
fold2_room1_mix1499,97,7,0,-4,0,22.99
fold2_room1_mix1499,98,7,0,-4,0,23.08
fold2_room1_mix1499,99,7,0,-4,0,25.20
fold2_room1_mix1500,4,7,0,-1,0,14.88
fold2_room1_mix1500,5,7,0,0,0,3.18
fold2_room1_mix1500,6,7,0,-1,0,5.77
fold2_room1_mix1500,7,7,0,1,0,27.59
fold2_room1_mix1500,9,7,0,1,0,29.90
fold2_room1_mix1500,10,5,0,-5,2,1.94
fold2_room1_mix1500,10,7,0,-1,0,6.30
fold2_room1_mix1500,11,7,0,0,0,27.30
fold2_room1_mix1500,12,7,0,1,0,25.45
fold2_room1_mix1500,13,7,0,1,0,28.74
fold2_room1_mix1500,14,7,0,0,0,27.35
fold2_room1_mix1500,15,7,0,0,0,27.92
fold2_room1_mix1500,16,7,0,1,0,25.59
fold2_room1_mix1500,17,7,0,-2,0,25.97
fold2_room1_mix1500,18,7,0,0,0,25.10
fold2_room1_mix1500,19,7,0,-1,0,28.11
fold2_room1_mix1500,20,7,0,-2,0,22.10
fold2_room1_mix1500,21,7,0,-2,0,26.70
fold2_room1_mix1500,22,7,0,-6,0,25.72
fold2_room1_mix1500,23,7,0,-6,0,20.65
fold2_room1_mix1500,24,7,0,-4,0,15.78
fold2_room1_mix1500,25,7,0,-9,0,17.26
fold2_room1_mix1500,26,7,0,-5,0,19.15
fold2_room1_mix1500,27,7,0,-2,0,20.06
fold2_room1_mix1500,28,7,0,-4,0,20.70
fold2_room1_mix1500,29,7,0,-7,0,19.80
fold2_room1_mix1500,30,7,0,-6,0,20.21
fold2_room1_mix1500,31,7,0,-6,0,18.61
fold2_room1_mix1500,32,7,0,-2,0,18.87
fold2_room1_mix1500,33,7,0,-3,0,17.78
fold2_room1_mix1500,34,7,0,-6,0,15.95
fold2_room1_mix1500,35,7,0,-6,0,16.08
fold2_room1_mix1500,36,7,0,-10,0,15.29
fold2_room1_mix1500,37,7,0,-8,0,15.04
fold2_room1_mix1500,38,7,0,-10,-1,13.81
fold2_room1_mix1500,39,7,0,-11,0,13.39
fold2_room1_mix1500,40,7,0,-12,0,13.31
fold2_room1_mix1500,41,7,0,-12,0,12.93
fold2_room1_mix1500,42,7,0,-12,-1,12.29
fold2_room1_mix1500,43,7,0,-13,-1,11.13
fold2_room1_mix1500,44,7,0,-15,-1,10.47
fold2_room1_mix1500,45,7,0,-13,-1,9.98
fold2_room1_mix1500,46,7,0,-16,-1,9.02
fold2_room1_mix1500,47,7,0,-16,-1,8.28
fold2_room1_mix1500,48,7,0,-16,-1,8.15
fold2_room1_mix1500,49,7,0,-19,-1,7.50
fold2_room1_mix1500,50,7,0,-19,-1,7.32
fold2_room1_mix1500,51,7,0,-24,-1,6.30
fold2_room1_mix1500,52,7,0,-25,-2,5.57
fold2_room1_mix1500,53,7,0,-27,-2,5.12
fold2_room1_mix1500,54,7,0,-31,-3,4.94
fold2_room1_mix1500,55,7,0,-35,-3,4.29
fold2_room1_mix1500,56,7,0,-35,-4,3.98
fold2_room1_mix1500,57,7,0,-39,-4,4.13
fold2_room1_mix1500,58,7,0,-46,-5,3.18
fold2_room1_mix1500,59,7,0,-49,-5,2.85
fold2_room1_mix1500,60,7,0,-57,-5,2.63
fold2_room1_mix1500,61,7,0,-70,-5,2.28
fold2_room1_mix1500,62,7,0,-86,-5,2.26
fold2_room1_mix1500,63,7,0,-103,-4,2.48
fold2_room1_mix1500,64,7,0,-115,-4,2.64
fold2_room1_mix1500,65,7,0,-124,-4,2.77
fold2_room1_mix1500,66,7,0,-134,-3,3.06
fold2_room1_mix1500,67,7,0,-140,-2,3.73
fold2_room1_mix1500,68,7,0,-145,-3,4.16
fold2_room1_mix1500,69,7,0,-149,-2,4.43
fold2_room1_mix1500,70,7,0,-151,-2,4.92
fold2_room1_mix1500,71,7,0,-154,-2,5.38
fold2_room1_mix1500,72,7,0,-158,-1,5.98
fold2_room1_mix1500,73,7,0,-157,-1,6.52
fold2_room1_mix1500,74,7,0,-158,-1,6.66
fold2_room1_mix1500,75,7,0,-161,-1,8.11
fold2_room1_mix1500,76,7,0,-159,-1,7.62
fold2_room1_mix1500,77,7,0,-162,-1,8.48
fold2_room1_mix1500,78,7,0,-163,-1,9.24
fold2_room1_mix1500,79,7,0,-164,-1,9.12
fold2_room1_mix1500,80,7,0,-164,-1,9.59
fold2_room1_mix1500,81,7,0,-165,0,10.54
fold2_room1_mix1500,82,7,0,-167,0,10.92
fold2_room1_mix1500,83,7,0,-166,0,11.89
fold2_room1_mix1500,84,7,0,-167,0,11.81
fold2_room1_mix1500,85,7,0,-169,0,13.15
fold2_room1_mix1500,86,7,0,-168,0,13.45
fold2_room1_mix1500,87,7,0,-168,0,13.81
fold2_room1_mix1500,88,7,0,-169,0,14.89
fold2_room1_mix1500,89,7,0,-169,0,14.47
fold2_room1_mix1500,90,7,0,-170,0,16.48
fold2_room1_mix1500,91,7,0,-172,0,17.70
fold2_room1_mix1500,92,7,0,-170,0,16.79
fold2_room1_mix1500,93,7,0,-172,0,17.03
fold2_room1_mix1500,94,7,0,-171,0,18.21
fold2_room1_mix1500,95,7,0,-171,0,18.81
fold2_room1_mix1500,96,7,0,-172,0,18.86
fold2_room1_mix1500,97,7,0,-171,0,19.62
fold2_room1_mix1500,98,7,0,-173,0,19.61
fold2_room1_mix1500,99,7,0,-173,0,20.79
fold2_room1_mix1501,5,7,0,179,0,13.04
fold2_room1_mix1501,6,7,0,177,0,33.05
fold2_room1_mix1501,7,7,0,178,0,42.17
fold2_room1_mix1501,8,7,0,178,0,48.05
fold2_room1_mix1501,9,7,0,178,0,55.61
fold2_room1_mix1501,10,7,0,178,0,54.97
fold2_room1_mix1501,11,7,0,179,0,44.83
fold2_room1_mix1501,12,7,0,178,0,52.90
fold2_room1_mix1501,13,7,0,179,0,46.60
fold2_room1_mix1501,14,7,0,178,0,59.57
fold2_room1_mix1501,15,7,0,179,0,29.24
fold2_room1_mix1501,16,7,0,179,0,46.29
fold2_room1_mix1501,17,7,0,-179,0,48.65
fold2_room1_mix1501,18,7,0,178,0,55.30
fold2_room1_mix1501,19,7,0,178,0,52.74
fold2_room1_mix1501,20,7,0,178,0,54.62
fold2_room1_mix1501,21,7,0,179,0,55.12
fold2_room1_mix1501,22,7,0,177,0,13.12
fold2_room1_mix1501,23,7,0,178,0,72.45
fold2_room1_mix1501,24,7,0,179,0,51.50
fold2_room1_mix1501,25,7,0,179,0,70.69
fold2_room1_mix1501,26,7,0,-179,0,56.73
fold2_room1_mix1501,27,7,0,179,0,53.99
fold2_room1_mix1501,28,7,0,178,0,61.97
fold2_room1_mix1501,29,7,0,179,0,62.15
fold2_room1_mix1501,30,7,0,-179,0,57.30
fold2_room1_mix1501,31,7,0,-179,0,61.10
fold2_room1_mix1501,32,7,0,178,0,57.27
fold2_room1_mix1501,33,7,0,-179,0,58.77
fold2_room1_mix1501,34,7,0,179,0,56.47
fold2_room1_mix1501,35,7,0,178,0,58.13
fold2_room1_mix1501,36,7,0,178,0,59.90
fold2_room1_mix1501,37,7,0,-179,0,60.18
fold2_room1_mix1501,38,7,0,179,0,54.06
fold2_room1_mix1501,39,7,0,179,0,55.31
fold2_room1_mix1501,40,7,0,179,0,51.04
fold2_room1_mix1501,41,7,0,178,0,51.06
fold2_room1_mix1501,42,7,0,179,0,49.13
fold2_room1_mix1501,43,7,0,-179,0,47.13
fold2_room1_mix1501,44,7,0,178,0,47.04
fold2_room1_mix1501,45,7,0,177,0,46.41
fold2_room1_mix1501,46,7,0,179,0,44.49
fold2_room1_mix1501,47,7,0,179,0,44.23
fold2_room1_mix1501,48,7,0,179,0,42.84
fold2_room1_mix1501,49,7,0,178,0,41.60
fold2_room1_mix1501,50,7,0,178,0,40.95
fold2_room1_mix1501,51,7,0,178,0,35.96
fold2_room1_mix1501,52,7,0,179,0,35.58
fold2_room1_mix1501,53,7,0,-179,0,32.05
fold2_room1_mix1501,54,7,0,178,0,32.08
fold2_room1_mix1501,55,7,0,176,0,29.43
fold2_room1_mix1501,56,7,0,179,0,28.37
fold2_room1_mix1501,57,7,0,177,0,26.82
fold2_room1_mix1501,58,7,0,175,0,24.03
fold2_room1_mix1501,59,7,0,176,0,23.40
fold2_room1_mix1501,60,7,0,176,0,20.99
fold2_room1_mix1501,61,7,0,176,0,19.72
fold2_room1_mix1501,62,7,0,172,0,16.51
fold2_room1_mix1501,63,7,0,170,0,15.00
fold2_room1_mix1501,64,7,0,171,-1,13.33
fold2_room1_mix1501,65,7,0,167,-1,12.19
fold2_room1_mix1501,66,7,0,164,0,10.86
fold2_room1_mix1501,67,7,0,161,0,9.75
fold2_room1_mix1501,68,7,0,155,0,7.88
fold2_room1_mix1501,69,7,0,148,0,6.08
fold2_room1_mix1501,70,7,0,137,-1,4.69
fold2_room1_mix1501,71,7,0,114,-1,3.77
fold2_room1_mix1501,72,7,0,86,0,3.55
fold2_room1_mix1501,73,7,0,60,0,3.62
fold2_room1_mix1501,74,7,0,41,0,4.77
fold2_room1_mix1501,75,7,0,31,0,5.91
fold2_room1_mix1501,76,7,0,27,0,6.82
fold2_room1_mix1501,77,7,0,22,0,9.25
fold2_room1_mix1501,78,7,0,19,0,10.16
fold2_room1_mix1501,79,7,0,17,0,11.81
fold2_room1_mix1501,80,7,0,15,0,13.68
fold2_room1_mix1501,81,7,0,13,0,14.42
fold2_room1_mix1501,82,7,0,12,0,15.74
fold2_room1_mix1501,83,7,0,11,0,17.28
fold2_room1_mix1501,84,7,0,11,0,19.25
fold2_room1_mix1501,85,7,0,10,0,20.37
fold2_room1_mix1501,86,7,0,9,0,22.16
fold2_room1_mix1501,87,7,0,9,0,22.95
fold2_room1_mix1501,88,7,0,8,0,24.27
fold2_room1_mix1501,89,7,0,8,0,26.79
fold2_room1_mix1501,90,7,0,8,0,28.10
fold2_room1_mix1501,91,7,0,8,0,29.35
fold2_room1_mix1501,92,7,0,8,0,32.43
fold2_room1_mix1501,93,7,0,7,0,35.14
fold2_room1_mix1501,94,7,0,7,0,33.05
fold2_room1_mix1501,95,7,0,7,0,36.84
fold2_room1_mix1501,96,7,0,7,0,37.18
fold2_room1_mix1501,97,7,0,7,0,39.83
fold2_room1_mix1501,98,7,0,6,0,43.78
fold2_room1_mix1501,99,7,0,6,0,46.65
fold2_room1_mix1502,3,7,0,-174,0,14.90
fold2_room1_mix1502,4,7,0,-170,0,15.23
fold2_room1_mix1502,5,7,0,-170,0,15.01
fold2_room1_mix1502,6,7,0,-169,0,17.60
fold2_room1_mix1502,7,7,0,-168,-1,16.41
fold2_room1_mix1502,8,7,0,-169,-1,16.30
fold2_room1_mix1502,9,7,0,-169,-1,16.60
fold2_room1_mix1502,10,7,0,-169,-1,16.52
fold2_room1_mix1502,11,7,0,-168,-1,15.85
fold2_room1_mix1502,12,7,0,-168,-1,15.76
fold2_room1_mix1502,13,7,0,-168,-1,15.52
fold2_room1_mix1502,14,7,0,-168,-1,15.48
fold2_room1_mix1502,15,7,0,-168,-1,15.55
fold2_room1_mix1502,16,7,0,-165,-1,13.95
fold2_room1_mix1502,17,7,0,-166,-1,13.49
fold2_room1_mix1502,18,7,0,-164,-1,11.81
fold2_room1_mix1502,19,7,0,-161,-1,10.59
fold2_room1_mix1502,20,7,0,-162,-1,10.69
fold2_room1_mix1502,21,7,0,-158,-1,8.62
fold2_room1_mix1502,22,7,0,-155,-1,8.53
fold2_room1_mix1502,23,7,0,-154,-1,7.75
fold2_room1_mix1502,24,7,0,-152,-1,7.04
fold2_room1_mix1502,25,7,0,-152,-1,7.29
fold2_room1_mix1502,26,7,0,-146,-1,6.27
fold2_room1_mix1502,27,7,0,-143,-2,5.82
fold2_room1_mix1502,28,7,0,-141,-2,5.70
fold2_room1_mix1502,29,7,0,-137,-2,5.05
fold2_room1_mix1502,30,7,0,-132,-2,4.88
fold2_room1_mix1502,31,7,0,-125,-2,4.24
fold2_room1_mix1502,32,7,0,-113,-2,4.01
fold2_room1_mix1502,33,7,0,-96,-3,3.53
fold2_room1_mix1502,34,7,0,-90,-3,3.96
fold2_room1_mix1502,35,7,0,-77,-3,4.13
fold2_room1_mix1502,36,7,0,-64,-3,4.47
fold2_room1_mix1502,37,7,0,-55,-2,5.09
fold2_room1_mix1502,38,7,0,-47,-2,5.41
fold2_room1_mix1502,39,7,0,-39,-2,6.00
fold2_room1_mix1502,40,7,0,-37,-1,6.33
fold2_room1_mix1502,41,7,0,-36,-1,6.43
fold2_room1_mix1502,42,7,0,-31,-1,7.23
fold2_room1_mix1502,43,7,0,-30,-1,6.82
fold2_room1_mix1502,44,7,0,-28,-1,7.47
fold2_room1_mix1502,45,7,0,-27,-1,7.93
fold2_room1_mix1502,46,7,0,-24,-1,8.70
fold2_room1_mix1502,47,7,0,-20,0,9.37
fold2_room1_mix1502,48,7,0,-21,0,9.54
fold2_room1_mix1502,49,7,0,-19,0,11.01
fold2_room1_mix1502,50,7,0,-16,0,12.24
fold2_room1_mix1502,51,7,0,-18,0,12.09
fold2_room1_mix1502,52,7,0,-16,0,13.30
fold2_room1_mix1502,53,7,0,-16,0,14.23
fold2_room1_mix1502,54,7,0,-13,0,15.16
fold2_room1_mix1502,55,7,0,-13,0,15.74
fold2_room1_mix1502,56,7,0,-12,0,16.94
fold2_room1_mix1502,57,7,0,-11,0,17.92
fold2_room1_mix1502,58,7,0,-12,0,18.39
fold2_room1_mix1502,59,7,0,-10,0,19.88
fold2_room1_mix1502,60,7,0,-10,0,19.97
fold2_room1_mix1502,61,7,0,-9,0,20.57
fold2_room1_mix1502,62,7,0,-9,0,20.87
fold2_room1_mix1502,63,7,0,-9,0,21.66
fold2_room1_mix1502,64,7,0,-9,0,22.37
fold2_room1_mix1502,65,7,0,-9,0,22.02
fold2_room1_mix1502,66,7,0,-7,0,23.72
fold2_room1_mix1502,67,7,0,-6,0,24.98
fold2_room1_mix1502,68,7,0,-6,0,26.96
fold2_room1_mix1502,69,7,0,-4,0,27.97
fold2_room1_mix1502,70,7,0,-6,0,25.46
fold2_room1_mix1502,71,7,0,-5,0,27.96
fold2_room1_mix1502,72,7,0,-4,0,28.50
fold2_room1_mix1502,73,7,0,-6,0,25.72
fold2_room1_mix1502,74,7,0,-5,0,27.88
fold2_room1_mix1502,75,7,0,-5,0,29.32
fold2_room1_mix1502,76,7,0,-4,0,30.86
fold2_room1_mix1502,77,7,0,-5,0,29.96
fold2_room1_mix1502,78,7,0,-4,0,33.00
fold2_room1_mix1502,79,7,0,-4,0,32.32
fold2_room1_mix1502,80,7,0,-4,0,32.67
fold2_room1_mix1502,81,7,0,-6,0,33.18
fold2_room1_mix1502,82,7,0,-6,0,29.74
fold2_room1_mix1502,83,7,0,-6,0,29.77
fold2_room1_mix1502,84,7,0,-6,0,25.50
fold2_room1_mix1502,85,7,0,-6,0,29.99
fold2_room1_mix1502,86,7,0,-5,0,30.13
fold2_room1_mix1502,87,7,0,-5,0,28.97
fold2_room1_mix1502,88,7,0,-8,0,23.84
fold2_room1_mix1502,89,7,0,-6,0,12.75
fold2_room1_mix1502,92,7,0,-5,0,27.37
fold2_room1_mix1502,93,7,0,-4,0,30.93
fold2_room1_mix1502,94,7,0,-5,0,35.65
fold2_room1_mix1502,95,7,0,-4,0,35.45
fold2_room1_mix1502,96,7,0,-5,0,36.00
fold2_room1_mix1502,97,7,0,-7,0,25.12
fold2_room1_mix1502,98,7,0,-9,0,9.05
fold2_room1_mix1503,2,7,0,-178,0,6.12
fold2_room1_mix1503,3,7,0,179,0,27.43
fold2_room1_mix1503,4,7,0,-179,0,33.49
fold2_room1_mix1503,5,7,0,179,0,37.57
fold2_room1_mix1503,6,7,0,179,0,39.99
fold2_room1_mix1503,7,7,0,179,0,43.91
fold2_room1_mix1503,8,7,0,179,0,49.33
fold2_room1_mix1503,9,7,0,179,0,47.80
fold2_room1_mix1503,10,7,0,179,0,45.00
fold2_room1_mix1503,11,7,0,179,0,45.00
fold2_room1_mix1503,12,7,0,178,0,45.19
fold2_room1_mix1503,13,7,0,178,0,42.45
fold2_room1_mix1503,14,7,0,178,0,40.18
fold2_room1_mix1503,15,7,0,179,0,42.78
fold2_room1_mix1503,16,7,0,178,0,39.81
fold2_room1_mix1503,17,7,0,177,0,43.07
fold2_room1_mix1503,18,7,0,179,0,38.73
fold2_room1_mix1503,19,7,0,176,0,36.62
fold2_room1_mix1503,20,7,0,176,0,37.31
fold2_room1_mix1503,21,7,0,175,0,34.39
fold2_room1_mix1503,22,7,0,175,0,34.16
fold2_room1_mix1503,23,7,0,175,0,31.41
fold2_room1_mix1503,24,7,0,176,0,32.60
fold2_room1_mix1503,25,7,0,174,0,30.39
fold2_room1_mix1503,26,7,0,176,0,30.64
fold2_room1_mix1503,27,7,0,175,0,30.63
fold2_room1_mix1503,28,7,0,174,0,28.56
fold2_room1_mix1503,29,7,0,174,0,28.25
fold2_room1_mix1503,30,7,0,173,0,25.71
fold2_room1_mix1503,31,7,0,172,0,24.49
fold2_room1_mix1503,32,7,0,173,0,23.59
fold2_room1_mix1503,33,7,0,172,0,21.66
fold2_room1_mix1503,34,7,0,171,0,21.07
fold2_room1_mix1503,35,7,0,170,0,19.75
fold2_room1_mix1503,36,7,0,169,0,19.45
fold2_room1_mix1503,37,7,0,168,0,17.64
fold2_room1_mix1503,38,7,0,165,0,14.84
fold2_room1_mix1503,39,7,0,163,0,14.36
fold2_room1_mix1503,40,7,0,162,0,13.26
fold2_room1_mix1503,41,7,0,159,0,11.73
fold2_room1_mix1503,42,7,0,158,0,10.18
fold2_room1_mix1503,43,7,0,156,0,9.15
fold2_room1_mix1503,44,7,0,150,0,7.89
fold2_room1_mix1503,45,7,0,145,0,6.31
fold2_room1_mix1503,46,7,0,136,0,5.97
fold2_room1_mix1503,47,7,0,124,0,5.08
fold2_room1_mix1503,48,7,0,105,1,4.79
fold2_room1_mix1503,49,7,0,83,1,4.38
fold2_room1_mix1503,50,7,0,62,1,4.77
fold2_room1_mix1503,51,7,0,51,1,5.34
fold2_room1_mix1503,52,7,0,42,1,6.31
fold2_room1_mix1503,53,7,0,36,1,6.75
fold2_room1_mix1503,54,7,0,31,0,7.47
fold2_room1_mix1503,55,7,0,28,1,8.67
fold2_room1_mix1503,56,7,0,24,0,10.29
fold2_room1_mix1503,57,7,0,21,0,11.18
fold2_room1_mix1503,58,7,0,19,0,12.05
fold2_room1_mix1503,59,7,0,17,0,14.14
fold2_room1_mix1503,60,7,0,16,0,14.68
fold2_room1_mix1503,61,7,0,14,0,16.03
fold2_room1_mix1503,62,7,0,14,0,17.23
fold2_room1_mix1503,63,7,0,13,0,18.13
fold2_room1_mix1503,64,7,0,12,0,19.29
fold2_room1_mix1503,65,7,0,11,0,20.27
fold2_room1_mix1503,66,7,0,12,0,20.07
fold2_room1_mix1503,67,7,0,10,0,21.53
fold2_room1_mix1503,68,7,0,10,0,22.55
fold2_room1_mix1503,69,7,0,10,0,25.16
fold2_room1_mix1503,70,7,0,9,0,26.27
fold2_room1_mix1503,71,7,0,9,0,26.66
fold2_room1_mix1503,72,7,0,9,0,29.25
fold2_room1_mix1503,73,7,0,9,0,31.22
fold2_room1_mix1503,74,7,0,9,0,30.47
fold2_room1_mix1503,75,7,0,8,0,33.09
fold2_room1_mix1503,76,7,0,8,0,31.86
fold2_room1_mix1503,77,7,0,7,0,34.20
fold2_room1_mix1503,78,7,0,7,0,36.25
fold2_room1_mix1503,79,7,0,7,0,36.80
fold2_room1_mix1503,80,7,0,7,0,38.15
fold2_room1_mix1503,81,7,0,7,0,38.92
fold2_room1_mix1503,82,7,0,7,0,41.34
fold2_room1_mix1503,83,7,0,6,0,43.17
fold2_room1_mix1503,84,7,0,7,0,43.90
fold2_room1_mix1503,85,7,0,7,0,45.23
fold2_room1_mix1503,86,7,0,7,0,45.47
fold2_room1_mix1503,87,7,0,7,0,46.63
fold2_room1_mix1503,88,7,0,8,0,51.28
fold2_room1_mix1503,89,7,0,7,0,50.03
fold2_room1_mix1503,90,7,0,6,0,49.68
fold2_room1_mix1503,91,7,0,7,0,59.07
fold2_room1_mix1503,92,7,0,7,0,54.23
fold2_room1_mix1503,93,7,0,7,0,53.90
fold2_room1_mix1503,94,7,0,7,0,55.36
fold2_room1_mix1503,95,7,0,6,0,56.43
fold2_room1_mix1503,96,7,0,6,0,60.15
fold2_room1_mix1503,97,7,0,6,0,58.17
fold2_room1_mix1503,98,7,0,5,0,60.64
fold2_room1_mix1503,99,7,0,5,0,60.96
fold2_room1_mix1504,3,7,0,-177,0,3.00
fold2_room1_mix1504,4,7,0,-176,0,17.04
fold2_room1_mix1504,5,7,0,-176,0,21.07
fold2_room1_mix1504,6,7,0,-176,0,21.55
fold2_room1_mix1504,7,7,0,-176,0,25.43
fold2_room1_mix1504,8,7,0,-175,0,25.67
fold2_room1_mix1504,9,7,0,-176,-1,26.18
fold2_room1_mix1504,10,7,0,-174,-1,24.98
fold2_room1_mix1504,11,7,0,-173,-1,23.03
fold2_room1_mix1504,12,7,0,-173,-1,24.27
fold2_room1_mix1504,13,7,0,-173,-1,23.94
fold2_room1_mix1504,14,7,0,-174,-1,23.17
fold2_room1_mix1504,15,7,0,-173,-1,22.57
fold2_room1_mix1504,16,7,0,-172,-1,21.31
fold2_room1_mix1504,17,7,0,-173,-1,21.67
fold2_room1_mix1504,18,7,0,-172,-1,20.87
fold2_room1_mix1504,19,7,0,-172,-1,20.22
fold2_room1_mix1504,20,7,0,-172,-1,22.13
fold2_room1_mix1504,21,7,0,-170,-1,19.72
fold2_room1_mix1504,22,7,0,-171,-1,19.26
fold2_room1_mix1504,23,7,0,-170,-1,18.59
fold2_room1_mix1504,24,7,0,-170,-1,18.52
fold2_room1_mix1504,25,7,0,-170,-1,18.54
fold2_room1_mix1504,26,7,0,-169,-1,17.66
fold2_room1_mix1504,27,7,0,-169,-1,17.12
fold2_room1_mix1504,28,7,0,-168,-1,16.69
fold2_room1_mix1504,29,7,0,-167,-1,15.23
fold2_room1_mix1504,30,7,0,-167,-1,14.29
fold2_room1_mix1504,31,7,0,-166,-1,13.39
fold2_room1_mix1504,32,7,0,-163,-1,11.43
fold2_room1_mix1504,33,7,0,-162,-1,10.96
fold2_room1_mix1504,34,7,0,-161,-1,10.07
fold2_room1_mix1504,35,7,0,-159,-1,8.74
fold2_room1_mix1504,36,7,0,-157,-1,7.91
fold2_room1_mix1504,37,7,0,-154,-1,6.91
fold2_room1_mix1504,38,7,0,-152,-2,6.55
fold2_room1_mix1504,39,7,0,-146,-2,5.23
fold2_room1_mix1504,40,7,0,-141,-2,4.55
fold2_room1_mix1504,41,7,0,-136,-2,3.80
fold2_room1_mix1504,42,7,0,-130,-2,3.87
fold2_room1_mix1504,43,7,0,-116,-2,3.47
fold2_room1_mix1504,44,7,0,-94,-3,3.08
fold2_room1_mix1504,45,7,0,-82,-2,3.31
fold2_room1_mix1504,46,7,0,-66,-2,3.80
fold2_room1_mix1504,47,7,0,-54,-2,4.35
fold2_room1_mix1504,48,7,0,-44,-1,4.77
fold2_room1_mix1504,49,7,0,-40,-1,5.32
fold2_room1_mix1504,50,7,0,-35,-1,5.77
fold2_room1_mix1504,51,7,0,-31,-1,6.47
fold2_room1_mix1504,52,7,0,-27,-1,6.91
fold2_room1_mix1504,53,7,0,-24,0,7.40
fold2_room1_mix1504,54,7,0,-23,-1,7.75
fold2_room1_mix1504,55,7,0,-21,0,8.88
fold2_room1_mix1504,56,7,0,-19,0,9.73
fold2_room1_mix1504,57,7,0,-16,0,11.01
fold2_room1_mix1504,58,7,0,-16,0,11.03
fold2_room1_mix1504,59,7,0,-15,0,12.28
fold2_room1_mix1504,60,7,0,-13,0,13.72
fold2_room1_mix1504,61,7,0,-14,0,14.26
fold2_room1_mix1504,62,7,0,-12,0,15.82
fold2_room1_mix1504,63,7,0,-12,0,16.67
fold2_room1_mix1504,64,7,0,-10,0,17.37
fold2_room1_mix1504,65,7,0,-10,0,18.98
fold2_room1_mix1504,66,7,0,-10,0,19.40
fold2_room1_mix1504,67,7,0,-10,0,20.61
fold2_room1_mix1504,68,7,0,-8,0,21.96
fold2_room1_mix1504,69,7,0,-7,0,22.58
fold2_room1_mix1504,70,7,0,-7,0,24.15
fold2_room1_mix1504,71,7,0,-7,0,24.69
fold2_room1_mix1504,72,7,0,-6,0,26.13
fold2_room1_mix1504,73,7,0,-5,0,27.42
fold2_room1_mix1504,74,7,0,-5,0,26.78
fold2_room1_mix1504,75,7,0,-5,0,27.60
fold2_room1_mix1504,76,7,0,-4,0,28.44
fold2_room1_mix1504,77,7,0,-4,0,28.30
fold2_room1_mix1504,78,7,0,-4,0,29.82
fold2_room1_mix1504,79,7,0,-4,0,30.96
fold2_room1_mix1504,80,7,0,-4,0,31.38
fold2_room1_mix1504,81,7,0,-4,0,32.24
fold2_room1_mix1504,82,7,0,-4,0,32.59
fold2_room1_mix1504,83,7,0,-4,0,33.77
fold2_room1_mix1504,84,7,0,-4,0,34.70
fold2_room1_mix1504,85,7,0,-4,0,33.87
fold2_room1_mix1504,86,7,0,-4,0,35.17
fold2_room1_mix1504,87,7,0,-4,0,34.99
fold2_room1_mix1504,88,7,0,-4,0,36.26
fold2_room1_mix1504,89,7,0,-4,0,35.94
fold2_room1_mix1504,90,7,0,-4,0,35.74
fold2_room1_mix1504,91,7,0,-4,0,37.95
fold2_room1_mix1504,92,7,0,-4,0,37.24
fold2_room1_mix1504,93,7,0,-4,0,36.17
fold2_room1_mix1504,94,7,0,-4,0,37.74
fold2_room1_mix1504,95,7,0,-4,0,38.95
fold2_room1_mix1504,96,7,0,-3,0,39.40
fold2_room1_mix1504,97,7,0,-4,0,39.88
fold2_room1_mix1504,98,7,0,-4,0,40.45
fold2_room1_mix1504,99,7,0,-4,0,40.71
fold2_room1_mix1505,4,7,0,178,0,6.76
fold2_room1_mix1505,5,7,0,176,0,15.41
fold2_room1_mix1505,6,7,0,177,0,22.01
fold2_room1_mix1505,7,7,0,179,0,15.56
fold2_room1_mix1505,8,7,0,-179,0,23.53
fold2_room1_mix1505,9,7,0,179,0,20.80
fold2_room1_mix1505,10,7,0,-176,0,29.28
fold2_room1_mix1505,11,7,0,-177,0,29.33
fold2_room1_mix1505,12,7,0,-178,0,29.96
fold2_room1_mix1505,13,7,0,178,0,28.50
fold2_room1_mix1505,14,7,0,-179,0,30.40
fold2_room1_mix1505,15,7,0,-178,0,26.05
fold2_room1_mix1505,16,7,0,-179,0,29.05
fold2_room1_mix1505,17,7,0,178,0,31.09
fold2_room1_mix1505,18,7,0,-179,0,27.07
fold2_room1_mix1505,19,7,0,178,0,11.63
fold2_room1_mix1505,20,7,0,-176,0,19.99
fold2_room1_mix1505,21,7,0,-178,0,18.30
fold2_room1_mix1505,22,7,0,-178,0,18.87
fold2_room1_mix1505,23,7,0,-178,0,21.33
fold2_room1_mix1505,24,7,0,-178,0,19.83
fold2_room1_mix1505,25,7,0,178,0,20.88
fold2_room1_mix1505,26,7,0,-178,0,24.16
fold2_room1_mix1505,27,7,0,-178,0,30.99
fold2_room1_mix1505,28,7,0,-178,0,30.24
fold2_room1_mix1505,29,7,0,179,0,29.53
fold2_room1_mix1505,30,7,0,176,0,27.32
fold2_room1_mix1505,31,7,0,179,0,25.96
fold2_room1_mix1505,32,7,0,179,0,28.35
fold2_room1_mix1505,33,7,0,177,0,25.85
fold2_room1_mix1505,34,7,0,179,0,26.03
fold2_room1_mix1505,35,7,0,178,-1,22.05
fold2_room1_mix1505,36,7,0,178,-1,9.68
fold2_room1_mix1505,37,7,0,178,0,22.53
fold2_room1_mix1505,38,7,0,174,0,22.01
fold2_room1_mix1505,39,7,0,179,-1,22.36
fold2_room1_mix1505,40,7,0,178,-1,24.50
fold2_room1_mix1505,41,7,0,178,-1,23.73
fold2_room1_mix1505,42,7,0,177,0,18.62
fold2_room1_mix1505,43,7,0,179,0,22.10
fold2_room1_mix1505,44,7,0,179,0,20.98
fold2_room1_mix1505,45,7,0,177,0,22.00
fold2_room1_mix1505,46,7,0,179,0,22.47
fold2_room1_mix1505,47,7,0,174,0,22.56
fold2_room1_mix1505,48,7,0,178,0,22.45
fold2_room1_mix1505,49,7,0,-178,0,19.97
fold2_room1_mix1505,50,7,0,179,0,21.09
fold2_room1_mix1505,51,7,0,177,0,20.16
fold2_room1_mix1505,52,7,0,173,0,19.41
fold2_room1_mix1505,53,7,0,170,0,18.32
fold2_room1_mix1505,54,7,0,172,0,17.60
fold2_room1_mix1505,55,7,0,172,0,16.97
fold2_room1_mix1505,56,7,0,168,0,16.91
fold2_room1_mix1505,57,7,0,168,0,16.46
fold2_room1_mix1505,58,7,0,168,0,16.35
fold2_room1_mix1505,59,7,0,169,0,14.84
fold2_room1_mix1505,60,7,0,167,0,14.24
fold2_room1_mix1505,61,7,0,167,0,13.19
fold2_room1_mix1505,62,7,0,166,0,12.41
fold2_room1_mix1505,63,7,0,164,0,11.70
fold2_room1_mix1505,64,7,0,163,0,10.52
fold2_room1_mix1505,65,7,0,163,0,10.23
fold2_room1_mix1505,66,7,0,162,0,9.95
fold2_room1_mix1505,67,7,0,159,0,9.08
fold2_room1_mix1505,68,7,0,158,0,7.70
fold2_room1_mix1505,69,7,0,153,0,7.12
fold2_room1_mix1505,70,7,0,152,0,7.24
fold2_room1_mix1505,71,7,0,147,0,6.10
fold2_room1_mix1505,72,7,0,144,0,5.71
fold2_room1_mix1505,73,7,0,137,0,4.98
fold2_room1_mix1505,74,7,0,135,0,4.82
fold2_room1_mix1505,75,7,0,124,0,4.22
fold2_room1_mix1505,76,7,0,111,0,4.47
fold2_room1_mix1505,77,7,0,102,0,4.31
fold2_room1_mix1505,78,7,0,89,0,4.26
fold2_room1_mix1505,79,7,0,79,0,4.40
fold2_room1_mix1505,80,7,0,69,1,4.52
fold2_room1_mix1505,81,7,0,59,1,4.59
fold2_room1_mix1505,82,7,0,52,1,4.97
fold2_room1_mix1505,83,7,0,45,1,5.25
fold2_room1_mix1505,84,7,0,38,0,6.03
fold2_room1_mix1505,85,7,0,34,0,6.37
fold2_room1_mix1505,86,7,0,29,0,6.62
fold2_room1_mix1505,87,7,0,28,0,7.64
fold2_room1_mix1505,88,7,0,26,0,8.13
fold2_room1_mix1505,89,7,0,24,0,8.47
fold2_room1_mix1505,90,7,0,21,0,9.21
fold2_room1_mix1505,91,7,0,21,0,9.69
fold2_room1_mix1505,92,7,0,20,0,10.74
fold2_room1_mix1505,93,7,0,19,0,11.17
fold2_room1_mix1505,94,7,0,17,0,11.86
fold2_room1_mix1505,95,7,0,14,0,13.16
fold2_room1_mix1505,96,7,0,15,0,13.70
fold2_room1_mix1505,97,7,0,14,0,14.84
fold2_room1_mix1505,98,7,0,13,0,15.42
fold2_room1_mix1505,99,7,0,12,0,15.65
fold2_room1_mix1506,13,7,0,1,0,26.23
fold2_room1_mix1506,14,7,0,2,1,19.91
fold2_room1_mix1506,15,7,0,0,0,4.58
fold2_room1_mix1506,16,7,0,1,0,27.79
fold2_room1_mix1506,17,7,0,1,0,34.56
fold2_room1_mix1506,18,7,0,1,0,29.72
fold2_room1_mix1506,19,7,0,0,0,35.45
fold2_room1_mix1506,20,7,0,0,0,4.15
fold2_room1_mix1506,21,7,0,-1,0,3.18
fold2_room1_mix1506,22,7,0,-5,0,19.28
fold2_room1_mix1506,23,7,0,0,0,25.56
fold2_room1_mix1506,24,7,0,1,0,35.18
fold2_room1_mix1506,25,7,0,0,0,37.11
fold2_room1_mix1506,26,7,0,0,0,39.56
fold2_room1_mix1506,27,7,0,0,0,42.10
fold2_room1_mix1506,28,7,0,0,0,37.34
fold2_room1_mix1506,29,7,0,1,0,39.43
fold2_room1_mix1506,30,7,0,0,0,40.90
fold2_room1_mix1506,31,7,0,0,0,39.72
fold2_room1_mix1506,32,7,0,1,0,39.29
fold2_room1_mix1506,33,7,0,0,0,40.34
fold2_room1_mix1506,34,7,0,0,0,39.80
fold2_room1_mix1506,35,7,0,1,0,36.30
fold2_room1_mix1506,36,7,0,0,0,31.71
fold2_room1_mix1506,37,7,0,0,0,34.78
fold2_room1_mix1506,38,7,0,-2,0,29.85
fold2_room1_mix1506,39,7,0,-3,0,27.16
fold2_room1_mix1506,40,7,0,-7,0,24.82
fold2_room1_mix1506,41,7,0,-6,0,25.47
fold2_room1_mix1506,42,7,0,-6,0,22.56
fold2_room1_mix1506,43,7,0,-9,0,21.50
fold2_room1_mix1506,44,7,0,-9,0,19.77
fold2_room1_mix1506,45,7,0,-11,0,18.13
fold2_room1_mix1506,46,7,0,-12,0,15.61
fold2_room1_mix1506,47,7,0,-12,0,14.73
fold2_room1_mix1506,48,7,0,-15,0,12.88
fold2_room1_mix1506,49,7,0,-17,0,11.71
fold2_room1_mix1506,50,7,0,-21,0,10.08
fold2_room1_mix1506,51,7,0,-26,0,7.93
fold2_room1_mix1506,52,7,0,-30,-1,6.73
fold2_room1_mix1506,53,7,0,-39,-1,5.41
fold2_room1_mix1506,54,7,0,-50,-2,4.47
fold2_room1_mix1506,55,7,0,-60,-3,3.65
fold2_room1_mix1506,56,7,0,-82,-4,3.29
fold2_room1_mix1506,57,7,0,-107,-4,3.37
fold2_room1_mix1506,58,7,0,-124,-3,3.72
fold2_room1_mix1506,59,7,0,-137,-2,4.63
fold2_room1_mix1506,60,7,0,-146,-2,5.21
fold2_room1_mix1506,61,7,0,-154,-1,7.49
fold2_room1_mix1506,62,7,0,-154,-1,8.05
fold2_room1_mix1506,63,7,0,-158,-1,9.19
fold2_room1_mix1506,64,7,0,-160,0,10.84
fold2_room1_mix1506,65,7,0,-163,0,11.74
fold2_room1_mix1506,66,7,0,-165,0,13.39
fold2_room1_mix1506,67,7,0,-166,0,14.79
fold2_room1_mix1506,68,7,0,-167,0,16.88
fold2_room1_mix1506,69,7,0,-167,0,18.18
fold2_room1_mix1506,70,7,0,-168,0,18.66
fold2_room1_mix1506,71,7,0,-169,0,21.22
fold2_room1_mix1506,72,7,0,-171,0,23.50
fold2_room1_mix1506,73,7,0,-171,0,25.29
fold2_room1_mix1506,74,7,0,-172,0,27.26
fold2_room1_mix1506,75,7,0,-173,0,28.74
fold2_room1_mix1506,76,7,0,-173,0,29.73
fold2_room1_mix1506,77,7,0,-173,0,32.04
fold2_room1_mix1506,78,7,0,-173,0,32.59
fold2_room1_mix1506,79,7,0,-174,0,34.36
fold2_room1_mix1506,80,7,0,-173,0,32.73
fold2_room1_mix1506,81,7,0,-171,0,23.20
fold2_room1_mix1506,82,7,0,-172,0,28.16
fold2_room1_mix1506,83,7,0,-174,0,39.65
fold2_room1_mix1506,84,7,0,-175,0,39.62
fold2_room1_mix1506,85,7,0,-175,0,42.93
fold2_room1_mix1506,86,7,0,-174,0,35.13
fold2_room1_mix1506,87,7,0,-176,0,9.16
fold2_room1_mix1506,88,7,0,-175,0,36.41
fold2_room1_mix1506,89,7,0,-175,0,38.70
fold2_room1_mix1506,90,7,0,-176,0,47.70
fold2_room1_mix1506,91,7,0,-176,0,50.27
fold2_room1_mix1506,92,7,0,-177,0,50.34
fold2_room1_mix1506,93,7,0,-174,0,30.98
fold2_room1_mix1506,94,7,0,-175,0,45.83
fold2_room1_mix1506,95,7,0,-176,0,50.66
fold2_room1_mix1506,96,7,0,-176,0,51.89
fold2_room1_mix1506,97,7,0,-177,0,52.13
fold2_room1_mix1506,98,7,0,-176,0,47.47
fold2_room1_mix1506,99,7,0,-176,0,56.55
fold2_room1_mix1507,3,7,0,0,0,10.57
fold2_room1_mix1507,4,7,0,0,0,7.52
fold2_room1_mix1507,5,7,0,1,0,34.33
fold2_room1_mix1507,6,7,0,1,0,37.62
fold2_room1_mix1507,7,7,0,1,0,38.88
fold2_room1_mix1507,8,7,0,1,0,46.96
fold2_room1_mix1507,9,7,0,2,0,65.25
fold2_room1_mix1507,10,7,0,2,0,56.65
fold2_room1_mix1507,11,7,0,2,0,58.93
fold2_room1_mix1507,12,7,0,1,0,53.19
fold2_room1_mix1507,13,7,0,2,0,60.47
fold2_room1_mix1507,14,7,0,2,0,56.48
fold2_room1_mix1507,15,7,0,2,0,63.62
fold2_room1_mix1507,16,7,0,2,0,65.01
fold2_room1_mix1507,17,7,0,1,0,59.10
fold2_room1_mix1507,18,7,0,1,0,64.07
fold2_room1_mix1507,19,7,0,2,0,72.00
fold2_room1_mix1507,20,7,0,2,0,61.06
fold2_room1_mix1507,21,7,0,1,0,66.15
fold2_room1_mix1507,22,7,0,1,0,67.75
fold2_room1_mix1507,23,7,0,2,0,66.87
fold2_room1_mix1507,24,7,0,1,0,58.61
fold2_room1_mix1507,25,7,0,1,0,61.21
fold2_room1_mix1507,26,7,0,2,0,59.40
fold2_room1_mix1507,27,7,0,2,0,61.27
fold2_room1_mix1507,28,7,0,1,0,59.19
fold2_room1_mix1507,29,7,0,1,0,56.69
fold2_room1_mix1507,30,7,0,1,0,54.59
fold2_room1_mix1507,31,7,0,1,0,55.10
fold2_room1_mix1507,32,7,0,1,0,56.23
fold2_room1_mix1507,33,7,0,1,0,53.38
fold2_room1_mix1507,34,7,0,1,0,54.01
fold2_room1_mix1507,35,7,0,1,0,51.81
fold2_room1_mix1507,36,7,0,1,0,48.99
fold2_room1_mix1507,37,7,0,1,0,49.19
fold2_room1_mix1507,38,7,0,1,0,48.26
fold2_room1_mix1507,39,7,0,1,0,46.13
fold2_room1_mix1507,40,7,0,0,0,43.61
fold2_room1_mix1507,41,7,0,0,0,39.49
fold2_room1_mix1507,42,7,0,0,0,39.65
fold2_room1_mix1507,43,7,0,-1,0,35.97
fold2_room1_mix1507,44,7,0,-2,0,35.00
fold2_room1_mix1507,45,7,0,-3,0,34.39
fold2_room1_mix1507,46,7,0,-4,0,29.89
fold2_room1_mix1507,47,7,0,-6,0,30.65
fold2_room1_mix1507,48,7,0,-6,0,29.79
fold2_room1_mix1507,49,7,0,-6,0,27.01
fold2_room1_mix1507,50,7,0,-7,0,25.09
fold2_room1_mix1507,51,7,0,-7,0,24.89
fold2_room1_mix1507,52,7,0,-8,0,20.98
fold2_room1_mix1507,53,7,0,-10,0,19.12
fold2_room1_mix1507,54,7,0,-11,0,17.87
fold2_room1_mix1507,55,7,0,-11,0,15.86
fold2_room1_mix1507,56,7,0,-13,0,14.36
fold2_room1_mix1507,57,7,0,-15,0,12.80
fold2_room1_mix1507,58,7,0,-17,0,11.00
fold2_room1_mix1507,59,7,0,-20,0,9.54
fold2_room1_mix1507,60,7,0,-23,-1,8.18
fold2_room1_mix1507,61,7,0,-30,-1,6.53
fold2_room1_mix1507,62,7,0,-41,-2,5.33
fold2_room1_mix1507,63,7,0,-48,-3,4.29
fold2_room1_mix1507,64,7,0,-77,-5,3.32
fold2_room1_mix1507,65,7,0,-108,-4,3.41
fold2_room1_mix1507,66,7,0,-128,-4,3.81
fold2_room1_mix1507,67,7,0,-139,-3,4.65
fold2_room1_mix1507,68,7,0,-149,-2,5.88
fold2_room1_mix1507,69,7,0,-154,-2,7.39
fold2_room1_mix1507,70,7,0,-156,-1,8.99
fold2_room1_mix1507,71,7,0,-161,-1,10.49
fold2_room1_mix1507,72,7,0,-162,0,12.41
fold2_room1_mix1507,73,7,0,-164,0,14.25
fold2_room1_mix1507,74,7,0,-166,0,16.10
fold2_room1_mix1507,75,7,0,-167,0,16.73
fold2_room1_mix1507,76,7,0,-168,0,18.87
fold2_room1_mix1507,77,7,0,-170,0,20.10
fold2_room1_mix1507,78,7,0,-170,0,21.52
fold2_room1_mix1507,79,7,0,-171,0,24.36
fold2_room1_mix1507,80,7,0,-172,0,26.01
fold2_room1_mix1507,81,7,0,-172,0,26.60
fold2_room1_mix1507,82,7,0,-172,0,29.26
fold2_room1_mix1507,83,7,0,-173,0,30.11
fold2_room1_mix1507,84,7,0,-174,0,30.87
fold2_room1_mix1507,85,7,0,-174,0,32.10
fold2_room1_mix1507,86,7,0,-174,0,35.67
fold2_room1_mix1507,87,7,0,-175,0,37.50
fold2_room1_mix1507,88,7,0,-175,0,38.91
fold2_room1_mix1507,89,7,0,-175,0,40.93
fold2_room1_mix1507,90,7,0,-176,0,43.44
fold2_room1_mix1507,91,7,0,-176,0,42.39
fold2_room1_mix1507,92,7,0,-177,0,44.56
fold2_room1_mix1507,93,7,0,-177,0,47.21
fold2_room1_mix1507,94,7,0,-176,0,47.07
fold2_room1_mix1507,95,7,0,-177,0,52.25
fold2_room1_mix1507,96,7,0,-177,0,53.93
fold2_room1_mix1507,97,7,0,-177,0,53.60
fold2_room1_mix1507,98,7,0,-177,0,57.18
fold2_room1_mix1507,99,7,0,-177,0,60.00
fold2_room1_mix1508,1,7,0,0,0,11.64
fold2_room1_mix1508,2,7,0,0,0,17.73
fold2_room1_mix1508,3,7,0,1,0,30.60
fold2_room1_mix1508,4,7,0,0,0,30.76
fold2_room1_mix1508,5,7,0,0,0,30.78
fold2_room1_mix1508,6,7,0,0,0,36.67
fold2_room1_mix1508,7,7,0,1,0,41.57
fold2_room1_mix1508,8,7,0,1,0,43.74
fold2_room1_mix1508,9,7,0,0,0,40.31
fold2_room1_mix1508,10,7,0,0,0,38.47
fold2_room1_mix1508,11,7,0,1,0,41.37
fold2_room1_mix1508,12,7,0,1,0,40.24
fold2_room1_mix1508,13,7,0,-1,0,35.79
fold2_room1_mix1508,14,7,0,0,0,36.19
fold2_room1_mix1508,15,7,0,-2,0,35.13
fold2_room1_mix1508,16,7,0,-1,0,33.96
fold2_room1_mix1508,17,7,0,-3,0,32.41
fold2_room1_mix1508,18,7,0,-3,0,31.41
fold2_room1_mix1508,19,7,0,-4,0,30.35
fold2_room1_mix1508,20,7,0,-4,0,27.71
fold2_room1_mix1508,21,7,0,-4,0,27.71
fold2_room1_mix1508,22,7,0,-5,0,24.89
fold2_room1_mix1508,23,7,0,-5,0,24.84
fold2_room1_mix1508,24,7,0,-7,0,23.33
fold2_room1_mix1508,25,7,0,-9,0,21.85
fold2_room1_mix1508,26,7,0,-11,0,19.68
fold2_room1_mix1508,27,7,0,-11,0,18.71
fold2_room1_mix1508,28,7,0,-12,0,17.20
fold2_room1_mix1508,29,7,0,-12,0,16.08
fold2_room1_mix1508,30,7,0,-14,0,14.15
fold2_room1_mix1508,31,7,0,-15,0,13.27
fold2_room1_mix1508,32,7,0,-17,0,11.88
fold2_room1_mix1508,33,7,0,-19,0,10.93
fold2_room1_mix1508,34,7,0,-21,-1,9.71
fold2_room1_mix1508,35,7,0,-23,-1,8.45
fold2_room1_mix1508,36,7,0,-29,-1,7.08
fold2_room1_mix1508,37,7,0,-34,-1,6.20
fold2_room1_mix1508,38,7,0,-41,-2,5.28
fold2_room1_mix1508,39,7,0,-50,-3,4.56
fold2_room1_mix1508,40,7,0,-62,-3,3.85
fold2_room1_mix1508,41,7,0,-82,-4,3.28
fold2_room1_mix1508,42,7,0,-107,-4,3.54
fold2_room1_mix1508,43,7,0,-121,-2,4.00
fold2_room1_mix1508,44,7,0,-130,-3,4.50
fold2_room1_mix1508,45,7,0,-143,-2,5.43
fold2_room1_mix1508,46,7,0,-148,-2,6.91
fold2_room1_mix1508,47,7,0,-151,-1,7.52
fold2_room1_mix1508,48,7,0,-154,-1,8.02
fold2_room1_mix1508,49,7,0,-157,0,9.22
fold2_room1_mix1508,50,7,0,-159,0,10.49
fold2_room1_mix1508,51,7,0,-162,0,12.52
fold2_room1_mix1508,52,7,0,-163,0,14.38
fold2_room1_mix1508,53,7,0,-164,0,15.71
fold2_room1_mix1508,54,7,0,-166,0,17.07
fold2_room1_mix1508,55,7,0,-167,0,17.86
fold2_room1_mix1508,56,7,0,-167,0,19.39
fold2_room1_mix1508,57,7,0,-168,0,20.03
fold2_room1_mix1508,58,7,0,-169,0,20.65
fold2_room1_mix1508,59,7,0,-169,0,22.42
fold2_room1_mix1508,60,7,0,-170,0,23.16
fold2_room1_mix1508,61,7,0,-171,0,24.20
fold2_room1_mix1508,62,7,0,-170,0,25.85
fold2_room1_mix1508,63,7,0,-171,0,27.78
fold2_room1_mix1508,64,7,0,-172,0,28.45
fold2_room1_mix1508,65,7,0,-173,0,28.94
fold2_room1_mix1508,66,7,0,-173,0,31.62
fold2_room1_mix1508,67,7,0,-173,0,31.21
fold2_room1_mix1508,68,7,0,-173,0,32.48
fold2_room1_mix1508,69,7,0,-173,0,31.94
fold2_room1_mix1508,70,7,0,-174,0,36.25
fold2_room1_mix1508,71,7,0,-174,0,37.09
fold2_room1_mix1508,72,7,0,-175,0,39.79
fold2_room1_mix1508,73,7,0,-175,0,39.72
fold2_room1_mix1508,74,7,0,-175,0,41.27
fold2_room1_mix1508,75,7,0,-175,0,44.62
fold2_room1_mix1508,76,7,0,-175,0,45.53
fold2_room1_mix1508,77,7,0,-175,0,45.43
fold2_room1_mix1508,78,7,0,-175,0,46.54
fold2_room1_mix1508,79,7,0,-175,0,47.29
fold2_room1_mix1508,80,7,0,-175,0,47.96
fold2_room1_mix1508,81,7,0,-174,0,46.63
fold2_room1_mix1508,82,7,0,-175,0,48.59
fold2_room1_mix1508,83,7,0,-175,0,51.12
fold2_room1_mix1508,84,7,0,-175,0,51.74
fold2_room1_mix1508,85,7,0,-175,0,52.80
fold2_room1_mix1508,86,7,0,-176,0,54.00
fold2_room1_mix1508,87,7,0,-176,0,57.60
fold2_room1_mix1508,88,7,0,-175,0,57.65
fold2_room1_mix1508,89,7,0,-176,0,58.05
fold2_room1_mix1508,90,7,0,-176,0,62.16
fold2_room1_mix1508,91,7,0,-176,0,67.55
fold2_room1_mix1508,92,7,0,-176,0,64.83
fold2_room1_mix1508,93,7,0,-176,0,62.15
fold2_room1_mix1508,94,7,0,-176,0,65.72
fold2_room1_mix1508,95,7,0,-176,0,62.40
fold2_room1_mix1508,96,7,0,-176,0,68.86
fold2_room1_mix1508,97,7,0,-176,0,69.19
fold2_room1_mix1508,98,7,0,-176,0,74.58
fold2_room1_mix1508,99,7,0,-176,0,71.89
fold2_room1_mix1509,3,7,0,-179,0,7.51
fold2_room1_mix1509,4,7,0,178,0,30.27
fold2_room1_mix1509,5,7,0,178,0,37.05
fold2_room1_mix1509,6,7,0,179,0,41.68
fold2_room1_mix1509,7,7,0,-179,0,38.40
fold2_room1_mix1509,8,7,0,178,0,48.44
fold2_room1_mix1509,9,7,0,178,0,48.65
fold2_room1_mix1509,10,7,0,179,0,45.29
fold2_room1_mix1509,11,7,0,177,0,45.65
fold2_room1_mix1509,12,7,0,178,0,48.17
fold2_room1_mix1509,13,7,0,179,0,45.61
fold2_room1_mix1509,14,7,0,178,0,47.76
fold2_room1_mix1509,15,7,0,176,0,46.38
fold2_room1_mix1509,16,7,0,179,0,44.13
fold2_room1_mix1509,17,7,0,177,0,46.07
fold2_room1_mix1509,18,7,0,178,0,45.18
fold2_room1_mix1509,19,7,0,177,0,42.48
fold2_room1_mix1509,20,7,0,177,0,44.09
fold2_room1_mix1509,21,7,0,176,0,42.76
fold2_room1_mix1509,22,7,0,178,0,42.71
fold2_room1_mix1509,23,7,0,178,0,36.36
fold2_room1_mix1509,24,7,0,178,0,41.22
fold2_room1_mix1509,25,7,0,177,0,39.99
fold2_room1_mix1509,26,7,0,178,0,36.97
fold2_room1_mix1509,27,7,0,177,0,37.30
fold2_room1_mix1509,28,7,0,177,0,35.53
fold2_room1_mix1509,29,7,0,177,0,36.06
fold2_room1_mix1509,30,7,0,177,0,34.66
fold2_room1_mix1509,31,7,0,176,0,32.98
fold2_room1_mix1509,32,7,0,177,0,33.00
fold2_room1_mix1509,33,7,0,177,0,32.12
fold2_room1_mix1509,34,7,0,176,0,30.73
fold2_room1_mix1509,35,7,0,175,0,30.03
fold2_room1_mix1509,36,7,0,176,0,28.62
fold2_room1_mix1509,37,7,0,176,0,28.17
fold2_room1_mix1509,38,7,0,174,0,26.70
fold2_room1_mix1509,39,7,0,175,0,26.83
fold2_room1_mix1509,40,7,0,173,0,24.56
fold2_room1_mix1509,41,7,0,174,0,23.69
fold2_room1_mix1509,42,7,0,173,0,21.89
fold2_room1_mix1509,43,7,0,174,0,21.41
fold2_room1_mix1509,44,7,0,171,0,19.64
fold2_room1_mix1509,45,7,0,170,0,18.76
fold2_room1_mix1509,46,7,0,168,0,17.90
fold2_room1_mix1509,47,7,0,168,0,18.24
fold2_room1_mix1509,48,7,0,165,0,16.99
fold2_room1_mix1509,49,7,0,166,0,15.29
fold2_room1_mix1509,50,7,0,164,0,13.46
fold2_room1_mix1509,51,7,0,162,0,13.11
fold2_room1_mix1509,52,7,0,160,0,11.59
fold2_room1_mix1509,53,7,0,158,0,10.40
fold2_room1_mix1509,54,7,0,155,0,8.81
fold2_room1_mix1509,55,7,0,153,0,8.34
fold2_room1_mix1509,56,7,0,149,0,7.08
fold2_room1_mix1509,57,7,0,143,0,6.06
fold2_room1_mix1509,58,7,0,133,0,5.23
fold2_room1_mix1509,59,7,0,124,0,4.88
fold2_room1_mix1509,60,7,0,109,0,4.52
fold2_room1_mix1509,61,7,0,91,0,4.39
fold2_room1_mix1509,62,7,0,79,1,4.77
fold2_room1_mix1509,63,7,0,62,1,5.18
fold2_room1_mix1509,64,7,0,52,1,5.35
fold2_room1_mix1509,65,7,0,43,1,6.46
fold2_room1_mix1509,66,7,0,36,0,6.92
fold2_room1_mix1509,67,7,0,31,0,7.60
fold2_room1_mix1509,68,7,0,28,0,9.03
fold2_room1_mix1509,69,7,0,25,0,9.71
fold2_room1_mix1509,70,7,0,23,0,10.06
fold2_room1_mix1509,71,7,0,21,0,11.24
fold2_room1_mix1509,72,7,0,19,0,12.31
fold2_room1_mix1509,73,7,0,17,0,12.61
fold2_room1_mix1509,74,7,0,17,0,13.76
fold2_room1_mix1509,75,7,0,16,0,15.59
fold2_room1_mix1509,76,7,0,15,0,16.22
fold2_room1_mix1509,77,7,0,14,0,16.63
fold2_room1_mix1509,78,7,0,13,0,18.94
fold2_room1_mix1509,79,7,0,13,0,19.37
fold2_room1_mix1509,80,7,0,12,0,18.92
fold2_room1_mix1509,81,7,0,11,0,20.62
fold2_room1_mix1509,82,7,0,11,0,21.73
fold2_room1_mix1509,83,7,0,10,0,22.33
fold2_room1_mix1509,84,7,0,10,0,24.05
fold2_room1_mix1509,85,7,0,10,0,24.90
fold2_room1_mix1509,86,7,0,9,0,26.67
fold2_room1_mix1509,87,7,0,9,0,27.98
fold2_room1_mix1509,88,7,0,9,0,30.51
fold2_room1_mix1509,89,7,0,9,0,29.72
fold2_room1_mix1509,90,7,0,9,0,29.96
fold2_room1_mix1509,91,7,0,8,0,34.09
fold2_room1_mix1509,92,7,0,8,0,34.38
fold2_room1_mix1509,93,7,0,7,0,33.16
fold2_room1_mix1509,94,7,0,8,0,36.54
fold2_room1_mix1509,95,7,0,7,0,35.29
fold2_room1_mix1509,96,7,0,7,0,36.23
fold2_room1_mix1509,97,7,0,7,0,39.19
fold2_room1_mix1509,98,7,0,8,0,40.13
fold2_room1_mix1509,99,7,0,7,0,40.48
fold2_room1_mix1510,3,7,0,178,0,13.80
fold2_room1_mix1510,4,7,0,177,0,15.93
fold2_room1_mix1510,5,7,0,178,0,29.44
fold2_room1_mix1510,6,7,0,177,0,41.91
fold2_room1_mix1510,7,7,0,178,0,40.86
fold2_room1_mix1510,8,7,0,179,0,16.63
fold2_room1_mix1510,19,7,0,177,0,21.37
fold2_room1_mix1510,20,7,0,179,0,21.44
fold2_room1_mix1510,21,7,0,178,0,41.41
fold2_room1_mix1510,22,7,0,178,0,16.73
fold2_room1_mix1510,26,7,0,178,0,18.30
fold2_room1_mix1510,27,7,0,179,0,34.41
fold2_room1_mix1510,28,7,0,179,0,43.91
fold2_room1_mix1510,29,7,0,178,0,45.19
fold2_room1_mix1510,30,7,0,179,0,46.87
fold2_room1_mix1510,31,7,0,179,0,47.13
fold2_room1_mix1510,32,7,0,-176,0,20.20
fold2_room1_mix1510,33,7,0,179,0,45.08
fold2_room1_mix1510,34,7,0,179,0,44.87
fold2_room1_mix1510,35,7,0,-177,0,40.18
fold2_room1_mix1510,36,7,0,-179,0,10.20
fold2_room1_mix1510,37,7,0,-179,0,27.50
fold2_room1_mix1510,38,7,0,-178,0,39.40
fold2_room1_mix1510,39,7,0,-178,0,34.35
fold2_room1_mix1510,40,7,0,-178,0,31.90
fold2_room1_mix1510,41,7,0,-175,0,26.85
fold2_room1_mix1510,42,7,0,-174,0,31.14
fold2_room1_mix1510,43,7,0,-175,0,32.90
fold2_room1_mix1510,44,7,0,-173,0,29.45
fold2_room1_mix1510,45,7,0,-173,0,28.25
fold2_room1_mix1510,46,7,0,-171,-1,22.73
fold2_room1_mix1510,47,7,0,-171,-1,22.46
fold2_room1_mix1510,48,7,0,-171,-1,20.08
fold2_room1_mix1510,49,7,0,-168,-1,17.67
fold2_room1_mix1510,50,7,0,-167,-1,15.64
fold2_room1_mix1510,51,7,0,-164,-1,12.46
fold2_room1_mix1510,52,7,0,-162,-1,10.70
fold2_room1_mix1510,53,7,0,-159,-1,8.88
fold2_room1_mix1510,54,7,0,-154,-2,6.81
fold2_room1_mix1510,55,7,0,-150,-2,5.77
fold2_room1_mix1510,56,7,0,-136,-3,4.28
fold2_room1_mix1510,57,7,0,-117,-4,3.37
fold2_room1_mix1510,58,7,0,-88,-5,2.96
fold2_room1_mix1510,59,7,0,-61,-4,3.03
fold2_room1_mix1510,60,7,0,-41,-3,3.97
fold2_room1_mix1510,61,7,0,-33,-2,5.16
fold2_room1_mix1510,62,7,0,-28,-2,6.32
fold2_room1_mix1510,63,7,0,-22,-2,7.41
fold2_room1_mix1510,64,7,0,-18,-1,8.79
fold2_room1_mix1510,65,7,0,-15,-1,10.80
fold2_room1_mix1510,66,7,0,-13,-1,11.83
fold2_room1_mix1510,67,7,0,-11,-1,13.86
fold2_room1_mix1510,68,7,0,-11,0,15.07
fold2_room1_mix1510,69,7,0,-9,0,17.22
fold2_room1_mix1510,70,7,0,-9,0,17.52
fold2_room1_mix1510,71,7,0,-8,0,17.80
fold2_room1_mix1510,72,7,0,-9,0,17.98
fold2_room1_mix1510,73,7,0,-7,0,19.54
fold2_room1_mix1510,74,7,0,-5,0,23.63
fold2_room1_mix1510,75,7,0,-6,0,24.34
fold2_room1_mix1510,76,7,0,-5,0,25.35
fold2_room1_mix1510,77,7,0,-6,0,21.87
fold2_room1_mix1510,78,7,0,-5,0,22.60
fold2_room1_mix1510,79,7,0,-8,0,6.96
fold2_room1_mix1510,80,7,0,-4,0,27.16
fold2_room1_mix1510,81,7,0,-2,0,34.59
fold2_room1_mix1510,82,7,0,-2,0,39.08
fold2_room1_mix1510,83,7,0,-2,0,37.36
fold2_room1_mix1510,84,7,0,-3,0,25.29
fold2_room1_mix1510,85,7,0,-2,0,27.07
fold2_room1_mix1510,86,7,0,-2,0,33.56
fold2_room1_mix1510,87,7,0,-3,0,30.05
fold2_room1_mix1510,88,7,0,-5,0,29.08
fold2_room1_mix1510,89,7,0,-3,0,36.20
fold2_room1_mix1510,90,7,0,-2,0,34.87
fold2_room1_mix1510,91,7,0,-2,0,36.49
fold2_room1_mix1510,92,7,0,-3,0,39.17
fold2_room1_mix1510,98,7,0,-4,0,8.15
fold2_room1_mix1510,99,7,0,-2,0,34.05
fold2_room1_mix1511,3,7,0,-177,0,13.12
fold2_room1_mix1511,4,7,0,179,0,16.82
fold2_room1_mix1511,5,7,0,178,0,44.27
fold2_room1_mix1511,6,7,0,178,0,48.90
fold2_room1_mix1511,7,7,0,179,0,41.16
fold2_room1_mix1511,8,7,0,179,0,56.28
fold2_room1_mix1511,9,7,0,-179,0,51.83
fold2_room1_mix1511,10,7,0,178,0,55.22
fold2_room1_mix1511,11,7,0,178,0,58.61
fold2_room1_mix1511,12,7,0,178,0,60.44
fold2_room1_mix1511,13,7,0,178,0,62.04
fold2_room1_mix1511,14,7,0,177,0,59.29
fold2_room1_mix1511,15,7,0,179,0,69.58
fold2_room1_mix1511,16,7,0,178,0,66.54
fold2_room1_mix1511,17,7,0,179,0,62.19
fold2_room1_mix1511,18,7,0,179,0,60.54
fold2_room1_mix1511,19,7,0,178,0,66.49
fold2_room1_mix1511,20,7,0,179,0,67.62
fold2_room1_mix1511,21,7,0,179,0,64.92
fold2_room1_mix1511,22,7,0,179,0,68.21
fold2_room1_mix1511,23,7,0,179,0,67.01
fold2_room1_mix1511,24,7,0,179,0,58.96
fold2_room1_mix1511,25,7,0,179,0,62.57
fold2_room1_mix1511,26,7,0,179,0,64.46
fold2_room1_mix1511,27,7,0,179,0,59.81
fold2_room1_mix1511,28,7,0,179,0,60.43
fold2_room1_mix1511,29,7,0,179,0,62.20
fold2_room1_mix1511,30,7,0,178,0,59.79
fold2_room1_mix1511,31,7,0,179,0,60.20
fold2_room1_mix1511,32,7,0,179,0,57.18
fold2_room1_mix1511,33,7,0,179,0,59.53
fold2_room1_mix1511,34,7,0,179,0,55.78
fold2_room1_mix1511,35,7,0,178,0,55.19
fold2_room1_mix1511,36,7,0,179,0,53.29
fold2_room1_mix1511,37,7,0,179,0,49.31
fold2_room1_mix1511,38,7,0,178,0,48.92
fold2_room1_mix1511,39,7,0,178,0,50.44
fold2_room1_mix1511,40,7,0,178,0,49.34
fold2_room1_mix1511,41,7,0,177,0,48.40
fold2_room1_mix1511,42,7,0,177,0,47.85
fold2_room1_mix1511,43,7,0,178,0,48.27
fold2_room1_mix1511,44,7,0,178,0,45.66
fold2_room1_mix1511,45,7,0,179,0,44.96
fold2_room1_mix1511,46,7,0,177,0,42.57
fold2_room1_mix1511,47,7,0,178,0,42.63
fold2_room1_mix1511,48,7,0,178,0,38.76
fold2_room1_mix1511,49,7,0,178,0,37.27
fold2_room1_mix1511,50,7,0,178,0,34.08
fold2_room1_mix1511,51,7,0,179,0,33.16
fold2_room1_mix1511,52,7,0,179,0,30.97
fold2_room1_mix1511,53,7,0,178,0,30.23
fold2_room1_mix1511,54,7,0,178,0,27.58
fold2_room1_mix1511,55,7,0,178,0,25.67
fold2_room1_mix1511,56,7,0,178,0,24.33
fold2_room1_mix1511,57,7,0,177,0,23.42
fold2_room1_mix1511,58,7,0,176,0,20.26
fold2_room1_mix1511,59,7,0,174,0,18.97
fold2_room1_mix1511,60,7,0,175,0,16.94
fold2_room1_mix1511,61,7,0,172,0,14.75
fold2_room1_mix1511,62,7,0,170,0,13.35
fold2_room1_mix1511,63,7,0,167,0,12.17
fold2_room1_mix1511,64,7,0,165,0,10.68
fold2_room1_mix1511,65,7,0,162,0,9.35
fold2_room1_mix1511,66,7,0,157,0,7.73
fold2_room1_mix1511,67,7,0,152,0,6.34
fold2_room1_mix1511,68,7,0,140,-1,4.91
fold2_room1_mix1511,69,7,0,122,-1,4.25
fold2_room1_mix1511,70,7,0,92,-1,3.57
fold2_room1_mix1511,71,7,0,68,0,4.02
fold2_room1_mix1511,72,7,0,47,0,4.38
fold2_room1_mix1511,73,7,0,38,0,5.35
fold2_room1_mix1511,74,7,0,28,0,6.40
fold2_room1_mix1511,75,7,0,23,0,7.92
fold2_room1_mix1511,76,7,0,21,0,9.26
fold2_room1_mix1511,77,7,0,18,0,10.89
fold2_room1_mix1511,78,7,0,15,0,12.07
fold2_room1_mix1511,79,7,0,13,0,14.02
fold2_room1_mix1511,80,7,0,13,0,14.85
fold2_room1_mix1511,81,7,0,11,0,16.40
fold2_room1_mix1511,82,7,0,11,0,17.96
fold2_room1_mix1511,83,7,0,11,0,19.26
fold2_room1_mix1511,84,7,0,10,0,20.72
fold2_room1_mix1511,85,7,0,9,0,21.53
fold2_room1_mix1511,86,7,0,8,0,23.07
fold2_room1_mix1511,87,7,0,8,0,25.85
fold2_room1_mix1511,88,7,0,8,0,26.88
fold2_room1_mix1511,89,7,0,8,0,27.93
fold2_room1_mix1511,90,7,0,7,0,30.47
fold2_room1_mix1511,91,7,0,8,0,31.98
fold2_room1_mix1511,92,7,0,8,0,34.89
fold2_room1_mix1511,93,7,0,7,0,33.03
fold2_room1_mix1511,94,7,0,6,0,36.03
fold2_room1_mix1511,95,7,0,7,0,39.87
fold2_room1_mix1511,96,7,0,6,0,40.64
fold2_room1_mix1511,97,7,0,5,0,41.11
fold2_room1_mix1511,98,7,0,5,0,45.96
fold2_room1_mix1511,99,7,0,6,0,46.07
fold2_room1_mix1512,3,7,0,-178,0,3.60
fold2_room1_mix1512,4,7,0,179,0,22.04
fold2_room1_mix1512,5,7,0,-179,0,28.37
fold2_room1_mix1512,6,7,0,-178,0,30.06
fold2_room1_mix1512,7,7,0,-178,0,32.10
fold2_room1_mix1512,8,7,0,-178,0,33.31
fold2_room1_mix1512,9,7,0,-177,0,30.99
fold2_room1_mix1512,10,7,0,-177,0,30.92
fold2_room1_mix1512,11,7,0,-177,0,30.99
fold2_room1_mix1512,12,7,0,-177,0,29.81
fold2_room1_mix1512,13,7,0,-176,-1,28.17
fold2_room1_mix1512,14,7,0,-176,-1,27.36
fold2_room1_mix1512,15,7,0,-176,-1,26.38
fold2_room1_mix1512,16,7,0,-175,-1,25.02
fold2_room1_mix1512,17,7,0,-175,-1,23.64
fold2_room1_mix1512,18,7,0,-175,-1,22.53
fold2_room1_mix1512,19,7,0,-174,-1,21.17
fold2_room1_mix1512,20,7,0,-174,-1,21.72
fold2_room1_mix1512,21,7,0,-174,-1,20.12
fold2_room1_mix1512,22,7,0,-174,-1,19.77
fold2_room1_mix1512,23,7,0,-174,-1,18.18
fold2_room1_mix1512,24,7,0,-173,-1,16.99
fold2_room1_mix1512,25,7,0,-172,-1,16.41
fold2_room1_mix1512,26,7,0,-170,-1,13.87
fold2_room1_mix1512,27,7,0,-170,-1,13.38
fold2_room1_mix1512,28,7,0,-167,-1,11.27
fold2_room1_mix1512,29,7,0,-167,-1,10.30
fold2_room1_mix1512,30,7,0,-164,-1,9.02
fold2_room1_mix1512,31,7,0,-162,-2,7.81
fold2_room1_mix1512,32,7,0,-157,-2,6.46
fold2_room1_mix1512,33,7,0,-152,-3,4.87
fold2_room1_mix1512,34,7,0,-141,-4,3.50
fold2_room1_mix1512,35,7,0,-126,-4,2.52
fold2_room1_mix1512,36,7,0,-95,-3,1.95
fold2_room1_mix1512,37,7,0,-55,-3,2.43
fold2_room1_mix1512,38,7,0,-42,-2,3.30
fold2_room1_mix1512,39,7,0,-32,-2,4.25
fold2_room1_mix1512,40,7,0,-26,-2,4.97
fold2_room1_mix1512,41,7,0,-19,-1,6.12
fold2_room1_mix1512,42,7,0,-16,-1,7.25
fold2_room1_mix1512,43,7,0,-13,-1,8.86
fold2_room1_mix1512,44,7,0,-11,0,8.83
fold2_room1_mix1512,45,7,0,-9,0,10.29
fold2_room1_mix1512,46,7,0,-9,0,11.48
fold2_room1_mix1512,47,7,0,-8,0,12.17
fold2_room1_mix1512,48,7,0,-8,0,13.28
fold2_room1_mix1512,49,7,0,-6,0,15.29
fold2_room1_mix1512,50,7,0,-6,0,15.39
fold2_room1_mix1512,51,7,0,-5,0,17.24
fold2_room1_mix1512,52,7,0,-5,0,18.94
fold2_room1_mix1512,53,7,0,-5,0,19.31
fold2_room1_mix1512,54,7,0,-4,0,20.30
fold2_room1_mix1512,55,7,0,-4,0,21.40
fold2_room1_mix1512,56,7,0,-4,0,23.85
fold2_room1_mix1512,57,7,0,-3,0,25.31
fold2_room1_mix1512,58,7,0,-3,0,25.88
fold2_room1_mix1512,59,7,0,-2,0,27.44
fold2_room1_mix1512,60,7,0,-2,0,29.06
fold2_room1_mix1512,61,7,0,-1,0,30.01
fold2_room1_mix1512,62,7,0,-1,0,31.32
fold2_room1_mix1512,63,7,0,-1,0,31.88
fold2_room1_mix1512,64,7,0,-1,0,32.76
fold2_room1_mix1512,65,7,0,-1,0,33.98
fold2_room1_mix1512,66,7,0,-1,0,34.60
fold2_room1_mix1512,67,7,0,-1,0,34.54
fold2_room1_mix1512,68,7,0,-1,0,35.50
fold2_room1_mix1512,69,7,0,-1,0,38.48
fold2_room1_mix1512,70,7,0,-1,0,39.75
fold2_room1_mix1512,71,7,0,-1,0,39.92
fold2_room1_mix1512,72,7,0,-1,0,43.50
fold2_room1_mix1512,73,7,0,-1,0,41.36
fold2_room1_mix1512,74,7,0,-1,0,43.31
fold2_room1_mix1512,75,7,0,-1,0,47.61
fold2_room1_mix1512,76,7,0,-1,0,49.26
fold2_room1_mix1512,77,7,0,-1,0,50.01
fold2_room1_mix1512,78,7,0,0,0,52.88
fold2_room1_mix1512,79,7,0,-1,0,51.82
fold2_room1_mix1512,80,7,0,-1,0,52.23
fold2_room1_mix1512,81,7,0,-1,0,54.78
fold2_room1_mix1512,82,7,0,-1,0,56.55
fold2_room1_mix1512,83,7,0,0,0,57.86
fold2_room1_mix1512,84,7,0,0,0,58.75
fold2_room1_mix1512,85,7,0,-1,0,60.31
fold2_room1_mix1512,86,7,0,-1,0,59.23
fold2_room1_mix1512,87,7,0,0,0,58.02
fold2_room1_mix1512,88,7,0,0,0,60.38
fold2_room1_mix1512,89,7,0,0,0,59.39
fold2_room1_mix1512,90,7,0,0,0,61.79
fold2_room1_mix1512,91,7,0,-1,0,66.52
fold2_room1_mix1512,92,7,0,0,0,65.17
fold2_room1_mix1512,93,7,0,0,0,65.55
fold2_room1_mix1512,94,7,0,0,0,69.71
fold2_room1_mix1512,95,7,0,-1,0,70.56
fold2_room1_mix1512,96,7,0,-1,0,68.92
fold2_room1_mix1512,97,7,0,0,0,75.12
fold2_room1_mix1512,98,7,0,0,0,75.32
fold2_room1_mix1512,99,7,0,0,0,72.41
fold2_room1_mix1513,4,7,0,1,0,20.37
fold2_room1_mix1513,5,7,0,2,0,40.68
fold2_room1_mix1513,6,7,0,2,0,35.45
fold2_room1_mix1513,7,7,0,2,0,41.12
fold2_room1_mix1513,8,7,0,3,0,53.39
fold2_room1_mix1513,9,7,0,3,0,58.15
fold2_room1_mix1513,10,7,0,3,0,54.72
fold2_room1_mix1513,11,7,0,3,0,55.30
fold2_room1_mix1513,12,7,0,3,0,59.11
fold2_room1_mix1513,13,7,0,3,0,55.24
fold2_room1_mix1513,14,7,0,3,0,53.24
fold2_room1_mix1513,15,7,0,3,0,51.51
fold2_room1_mix1513,16,7,0,3,0,49.68
fold2_room1_mix1513,17,7,0,3,0,50.35
fold2_room1_mix1513,18,7,0,3,0,50.51
fold2_room1_mix1513,19,7,0,3,0,51.21
fold2_room1_mix1513,20,7,0,3,0,50.24
fold2_room1_mix1513,21,7,0,3,0,50.83
fold2_room1_mix1513,22,7,0,4,0,47.21
fold2_room1_mix1513,23,7,0,3,0,46.18
fold2_room1_mix1513,24,7,0,4,0,43.14
fold2_room1_mix1513,25,7,0,3,0,43.32
fold2_room1_mix1513,26,7,0,3,0,42.70
fold2_room1_mix1513,27,7,0,4,0,42.68
fold2_room1_mix1513,28,7,0,4,0,42.80
fold2_room1_mix1513,29,7,0,4,0,40.49
fold2_room1_mix1513,30,7,0,5,0,38.36
fold2_room1_mix1513,31,7,0,5,0,38.73
fold2_room1_mix1513,32,7,0,5,0,36.79
fold2_room1_mix1513,33,7,0,5,0,36.44
fold2_room1_mix1513,34,7,0,5,0,37.69
fold2_room1_mix1513,35,7,0,5,0,36.27
fold2_room1_mix1513,36,7,0,5,0,36.41
fold2_room1_mix1513,37,7,0,5,0,34.99
fold2_room1_mix1513,38,7,0,6,0,33.03
fold2_room1_mix1513,39,7,0,6,0,31.57
fold2_room1_mix1513,40,7,0,7,0,31.19
fold2_room1_mix1513,41,7,0,8,0,29.21
fold2_room1_mix1513,42,7,0,8,0,27.70
fold2_room1_mix1513,43,7,0,9,0,28.01
fold2_room1_mix1513,44,7,0,10,0,26.70
fold2_room1_mix1513,45,7,0,10,0,24.53
fold2_room1_mix1513,46,7,0,11,0,23.89
fold2_room1_mix1513,47,7,0,12,0,21.20
fold2_room1_mix1513,48,7,0,12,0,20.16
fold2_room1_mix1513,49,7,0,13,0,18.46
fold2_room1_mix1513,50,7,0,14,0,17.54
fold2_room1_mix1513,51,7,0,15,0,16.25
fold2_room1_mix1513,52,7,0,16,0,14.71
fold2_room1_mix1513,53,7,0,17,0,13.98
fold2_room1_mix1513,54,7,0,18,0,12.92
fold2_room1_mix1513,55,7,0,20,0,11.63
fold2_room1_mix1513,56,7,0,22,0,10.57
fold2_room1_mix1513,57,7,0,24,0,9.12
fold2_room1_mix1513,58,7,0,29,0,7.64
fold2_room1_mix1513,59,7,0,33,0,6.56
fold2_room1_mix1513,60,7,0,43,0,5.02
fold2_room1_mix1513,61,7,0,51,-1,4.26
fold2_room1_mix1513,62,7,0,67,0,4.02
fold2_room1_mix1513,63,7,0,91,0,3.69
fold2_room1_mix1513,64,7,0,113,0,4.09
fold2_room1_mix1513,65,7,0,128,0,4.82
fold2_room1_mix1513,66,7,0,138,0,5.66
fold2_room1_mix1513,67,7,0,143,0,6.61
fold2_room1_mix1513,68,7,0,147,0,7.29
fold2_room1_mix1513,69,7,0,152,0,7.90
fold2_room1_mix1513,70,7,0,154,0,9.35
fold2_room1_mix1513,71,7,0,157,0,10.97
fold2_room1_mix1513,72,7,0,161,0,11.79
fold2_room1_mix1513,73,7,0,164,0,13.31
fold2_room1_mix1513,74,7,0,165,0,14.42
fold2_room1_mix1513,75,7,0,165,0,16.16
fold2_room1_mix1513,76,7,0,166,0,17.31
fold2_room1_mix1513,77,7,0,167,0,18.01
fold2_room1_mix1513,78,7,0,168,0,18.91
fold2_room1_mix1513,79,7,0,168,0,19.08
fold2_room1_mix1513,80,7,0,169,0,20.40
fold2_room1_mix1513,81,7,0,169,0,21.36
fold2_room1_mix1513,82,7,0,169,0,22.30
fold2_room1_mix1513,83,7,0,170,0,24.45
fold2_room1_mix1513,84,7,0,170,0,25.84
fold2_room1_mix1513,85,7,0,171,0,26.78
fold2_room1_mix1513,86,7,0,171,0,28.52
fold2_room1_mix1513,87,7,0,172,0,28.93
fold2_room1_mix1513,88,7,0,172,0,30.35
fold2_room1_mix1513,89,7,0,172,0,30.31
fold2_room1_mix1513,90,7,0,173,0,31.48
fold2_room1_mix1513,91,7,0,172,0,33.20
fold2_room1_mix1513,92,7,0,173,0,33.72
fold2_room1_mix1513,93,7,0,173,0,33.92
fold2_room1_mix1513,94,7,0,172,0,35.20
fold2_room1_mix1513,95,7,0,173,0,36.43
fold2_room1_mix1513,96,7,0,173,0,38.73
fold2_room1_mix1513,97,7,0,173,0,40.90
fold2_room1_mix1513,98,7,0,173,0,42.26
fold2_room1_mix1513,99,7,0,174,0,42.09
fold2_room1_mix1514,2,7,0,-176,0,4.15
fold2_room1_mix1514,3,7,0,179,0,21.61
fold2_room1_mix1514,4,7,0,-178,0,29.34
fold2_room1_mix1514,5,7,0,-178,0,29.70
fold2_room1_mix1514,6,7,0,-177,0,34.06
fold2_room1_mix1514,7,7,0,-177,0,39.15
fold2_room1_mix1514,8,7,0,-177,0,37.93
fold2_room1_mix1514,9,7,0,-177,0,34.68
fold2_room1_mix1514,10,7,0,-176,0,35.15
fold2_room1_mix1514,11,7,0,-177,0,36.93
fold2_room1_mix1514,12,7,0,-177,0,34.82
fold2_room1_mix1514,13,7,0,-175,0,31.80
fold2_room1_mix1514,14,7,0,-175,0,31.90
fold2_room1_mix1514,15,7,0,-175,0,30.01
fold2_room1_mix1514,16,7,0,-174,0,28.89
fold2_room1_mix1514,17,7,0,-173,0,28.10
fold2_room1_mix1514,18,7,0,-172,-1,26.52
fold2_room1_mix1514,19,7,0,-172,-1,25.33
fold2_room1_mix1514,20,7,0,-170,-1,22.98
fold2_room1_mix1514,21,7,0,-169,-1,21.77
fold2_room1_mix1514,22,7,0,-169,-1,20.32
fold2_room1_mix1514,23,7,0,-169,-1,19.46
fold2_room1_mix1514,24,7,0,-168,-1,18.19
fold2_room1_mix1514,25,7,0,-167,-1,17.57
fold2_room1_mix1514,26,7,0,-166,-1,15.97
fold2_room1_mix1514,27,7,0,-165,-1,14.28
fold2_room1_mix1514,28,7,0,-163,-1,12.03
fold2_room1_mix1514,29,7,0,-161,-1,10.60
fold2_room1_mix1514,30,7,0,-157,-1,8.86
fold2_room1_mix1514,31,7,0,-154,-1,7.94
fold2_room1_mix1514,32,7,0,-148,-1,6.86
fold2_room1_mix1514,33,7,0,-142,-2,5.55
fold2_room1_mix1514,34,7,0,-128,-2,4.40
fold2_room1_mix1514,35,7,0,-111,-3,3.69
fold2_room1_mix1514,36,7,0,-89,-4,3.52
fold2_room1_mix1514,37,7,0,-65,-3,4.20
fold2_room1_mix1514,38,7,0,-52,-3,4.80
fold2_room1_mix1514,39,7,0,-40,-2,5.85
fold2_room1_mix1514,40,7,0,-34,-1,6.85
fold2_room1_mix1514,41,7,0,-29,-1,7.51
fold2_room1_mix1514,42,7,0,-25,-1,8.50
fold2_room1_mix1514,43,7,0,-22,-1,9.98
fold2_room1_mix1514,44,7,0,-19,0,11.12
fold2_room1_mix1514,45,7,0,-18,0,12.37
fold2_room1_mix1514,46,7,0,-15,0,14.38
fold2_room1_mix1514,47,7,0,-14,0,15.29
fold2_room1_mix1514,48,7,0,-13,0,16.20
fold2_room1_mix1514,49,7,0,-10,0,18.45
fold2_room1_mix1514,50,7,0,-10,0,19.48
fold2_room1_mix1514,51,7,0,-9,0,20.82
fold2_room1_mix1514,52,7,0,-8,0,21.86
fold2_room1_mix1514,53,7,0,-9,0,22.75
fold2_room1_mix1514,54,7,0,-8,0,24.13
fold2_room1_mix1514,55,7,0,-6,0,26.05
fold2_room1_mix1514,56,7,0,-6,0,28.36
fold2_room1_mix1514,57,7,0,-5,0,30.24
fold2_room1_mix1514,58,7,0,-4,0,32.13
fold2_room1_mix1514,59,7,0,-4,0,33.32
fold2_room1_mix1514,60,7,0,-4,0,32.60
fold2_room1_mix1514,61,7,0,-4,0,33.65
fold2_room1_mix1514,62,7,0,-3,0,35.41
fold2_room1_mix1514,63,7,0,-4,0,36.02
fold2_room1_mix1514,64,7,0,-3,0,37.47
fold2_room1_mix1514,65,7,0,-2,0,40.04
fold2_room1_mix1514,66,7,0,-3,0,39.83
fold2_room1_mix1514,67,7,0,-2,0,42.57
fold2_room1_mix1514,68,7,0,-2,0,43.50
fold2_room1_mix1514,69,7,0,-2,0,46.53
fold2_room1_mix1514,70,7,0,-2,0,47.23
fold2_room1_mix1514,71,7,0,-2,0,50.15
fold2_room1_mix1514,72,7,0,-2,0,52.12
fold2_room1_mix1514,73,7,0,-3,0,51.02
fold2_room1_mix1514,74,7,0,-2,0,52.06
fold2_room1_mix1514,75,7,0,-2,0,55.66
fold2_room1_mix1514,76,7,0,-2,0,55.60
fold2_room1_mix1514,77,7,0,-2,0,58.71
fold2_room1_mix1514,78,7,0,-2,0,59.77
fold2_room1_mix1514,79,7,0,-2,0,59.84
fold2_room1_mix1514,80,7,0,-2,0,58.42
fold2_room1_mix1514,81,7,0,-2,0,62.97
fold2_room1_mix1514,82,7,0,-2,0,65.69
fold2_room1_mix1514,83,7,0,-1,0,64.95
fold2_room1_mix1514,84,7,0,-2,0,65.35
fold2_room1_mix1514,85,7,0,-2,0,66.80
fold2_room1_mix1514,86,7,0,-2,0,64.52
fold2_room1_mix1514,87,7,0,-2,0,67.06
fold2_room1_mix1514,88,7,0,-1,0,69.72
fold2_room1_mix1514,89,7,0,-2,0,69.67
fold2_room1_mix1514,90,7,0,-2,0,69.75
fold2_room1_mix1514,91,7,0,-2,0,72.49
fold2_room1_mix1514,92,7,0,-2,0,70.57
fold2_room1_mix1514,93,7,0,-2,0,72.97
fold2_room1_mix1514,94,7,0,-1,0,80.07
fold2_room1_mix1514,95,7,0,-2,0,78.59
fold2_room1_mix1514,96,7,0,-2,0,78.76
fold2_room1_mix1514,97,7,0,-2,0,81.46
fold2_room1_mix1514,98,7,0,-2,0,83.09
fold2_room1_mix1514,99,7,0,-2,0,78.03
fold2_room1_mix1515,4,7,0,-177,0,10.27
fold2_room1_mix1515,5,7,0,-179,0,34.91
fold2_room1_mix1515,6,7,0,-179,0,40.00
fold2_room1_mix1515,7,7,0,-178,0,42.17
fold2_room1_mix1515,8,7,0,-178,0,50.47
fold2_room1_mix1515,9,7,0,-178,0,48.35
fold2_room1_mix1515,10,7,0,-178,0,47.05
fold2_room1_mix1515,11,7,0,-177,0,46.14
fold2_room1_mix1515,12,7,0,-177,0,46.89
fold2_room1_mix1515,13,7,0,-177,0,44.93
fold2_room1_mix1515,14,7,0,-178,0,49.38
fold2_room1_mix1515,15,7,0,-178,0,49.46
fold2_room1_mix1515,16,7,0,-179,0,46.73
fold2_room1_mix1515,17,7,0,-178,0,45.60
fold2_room1_mix1515,18,7,0,-177,0,43.23
fold2_room1_mix1515,19,7,0,-178,0,41.75
fold2_room1_mix1515,20,7,0,-178,0,40.19
fold2_room1_mix1515,21,7,0,-178,0,42.02
fold2_room1_mix1515,22,7,0,-178,0,42.07
fold2_room1_mix1515,23,7,0,-178,0,40.88
fold2_room1_mix1515,24,7,0,-178,0,39.69
fold2_room1_mix1515,25,7,0,-177,0,40.90
fold2_room1_mix1515,26,7,0,-178,0,42.38
fold2_room1_mix1515,27,7,0,-177,0,40.60
fold2_room1_mix1515,28,7,0,-178,0,38.80
fold2_room1_mix1515,29,7,0,-178,0,37.80
fold2_room1_mix1515,30,7,0,-176,0,36.54
fold2_room1_mix1515,31,7,0,-177,0,37.36
fold2_room1_mix1515,32,7,0,-176,0,35.56
fold2_room1_mix1515,33,7,0,-175,0,34.89
fold2_room1_mix1515,34,7,0,-175,0,34.83
fold2_room1_mix1515,35,7,0,-175,0,32.89
fold2_room1_mix1515,36,7,0,-175,0,32.89
fold2_room1_mix1515,37,7,0,-173,0,30.27
fold2_room1_mix1515,38,7,0,-172,0,29.48
fold2_room1_mix1515,39,7,0,-172,0,28.45
fold2_room1_mix1515,40,7,0,-171,0,27.93
fold2_room1_mix1515,41,7,0,-172,0,26.61
fold2_room1_mix1515,42,7,0,-170,0,24.95
fold2_room1_mix1515,43,7,0,-170,0,25.10
fold2_room1_mix1515,44,7,0,-169,0,23.33
fold2_room1_mix1515,45,7,0,-169,-1,20.57
fold2_room1_mix1515,46,7,0,-168,0,20.23
fold2_room1_mix1515,47,7,0,-167,-1,19.12
fold2_room1_mix1515,48,7,0,-167,-1,17.21
fold2_room1_mix1515,49,7,0,-166,-1,16.70
fold2_room1_mix1515,50,7,0,-165,-1,14.94
fold2_room1_mix1515,51,7,0,-164,-1,14.43
fold2_room1_mix1515,52,7,0,-163,-1,13.00
fold2_room1_mix1515,53,7,0,-162,-1,12.08
fold2_room1_mix1515,54,7,0,-161,-1,10.64
fold2_room1_mix1515,55,7,0,-159,-1,9.72
fold2_room1_mix1515,56,7,0,-157,-1,8.90
fold2_room1_mix1515,57,7,0,-154,-1,7.83
fold2_room1_mix1515,58,7,0,-147,-1,6.78
fold2_room1_mix1515,59,7,0,-141,-2,5.53
fold2_room1_mix1515,60,7,0,-134,-2,4.80
fold2_room1_mix1515,61,7,0,-128,-2,4.15
fold2_room1_mix1515,62,7,0,-115,-2,3.80
fold2_room1_mix1515,63,7,0,-91,-4,3.42
fold2_room1_mix1515,64,7,0,-79,-3,3.86
fold2_room1_mix1515,65,7,0,-62,-2,4.30
fold2_room1_mix1515,66,7,0,-51,-2,5.01
fold2_room1_mix1515,67,7,0,-43,-2,5.74
fold2_room1_mix1515,68,7,0,-36,-1,6.29
fold2_room1_mix1515,69,7,0,-31,-1,7.26
fold2_room1_mix1515,70,7,0,-26,-1,7.98
fold2_room1_mix1515,71,7,0,-24,0,9.04
fold2_room1_mix1515,72,7,0,-22,0,9.77
fold2_room1_mix1515,73,7,0,-19,0,11.01
fold2_room1_mix1515,74,7,0,-18,0,11.56
fold2_room1_mix1515,75,7,0,-16,0,13.03
fold2_room1_mix1515,76,7,0,-14,0,14.21
fold2_room1_mix1515,77,7,0,-14,0,14.98
fold2_room1_mix1515,78,7,0,-11,0,16.97
fold2_room1_mix1515,79,7,0,-10,0,18.21
fold2_room1_mix1515,80,7,0,-11,0,17.93
fold2_room1_mix1515,81,7,0,-10,0,19.18
fold2_room1_mix1515,82,7,0,-9,0,20.60
fold2_room1_mix1515,83,7,0,-8,0,21.53
fold2_room1_mix1515,84,7,0,-7,0,23.59
fold2_room1_mix1515,85,7,0,-7,0,25.58
fold2_room1_mix1515,86,7,0,-6,0,27.64
fold2_room1_mix1515,87,7,0,-5,0,28.68
fold2_room1_mix1515,88,7,0,-5,0,29.03
fold2_room1_mix1515,89,7,0,-4,0,30.41
fold2_room1_mix1515,90,7,0,-4,0,30.95
fold2_room1_mix1515,91,7,0,-3,0,32.15
fold2_room1_mix1515,92,7,0,-4,0,32.68
fold2_room1_mix1515,93,7,0,-3,0,33.86
fold2_room1_mix1515,94,7,0,-3,0,35.23
fold2_room1_mix1515,95,7,0,-3,0,36.59
fold2_room1_mix1515,96,7,0,-3,0,36.20
fold2_room1_mix1515,97,7,0,-3,0,38.24
fold2_room1_mix1515,98,7,0,-3,0,40.62
fold2_room1_mix1515,99,7,0,-3,0,40.20
fold2_room1_mix1516,2,7,0,-177,0,7.31
fold2_room1_mix1516,3,7,0,-179,0,30.71
fold2_room1_mix1516,4,7,0,-178,0,30.29
fold2_room1_mix1516,5,7,0,-179,0,36.28
fold2_room1_mix1516,6,7,0,-178,0,37.01
fold2_room1_mix1516,7,7,0,-179,0,42.26
fold2_room1_mix1516,8,7,0,-178,0,44.34
fold2_room1_mix1516,9,7,0,-178,0,40.51
fold2_room1_mix1516,10,7,0,-177,0,40.46
fold2_room1_mix1516,11,7,0,-177,0,41.93
fold2_room1_mix1516,12,7,0,-178,0,43.33
fold2_room1_mix1516,13,7,0,-178,0,46.72
fold2_room1_mix1516,14,7,0,-178,0,43.80
fold2_room1_mix1516,15,7,0,-178,0,41.73
fold2_room1_mix1516,16,7,0,-176,0,41.57
fold2_room1_mix1516,17,7,0,-176,0,40.47
fold2_room1_mix1516,18,7,0,-177,0,38.04
fold2_room1_mix1516,19,7,0,-178,0,38.22
fold2_room1_mix1516,20,7,0,-178,0,40.68
fold2_room1_mix1516,21,7,0,-178,0,37.23
fold2_room1_mix1516,22,7,0,-177,0,35.84
fold2_room1_mix1516,23,7,0,-177,0,34.78
fold2_room1_mix1516,24,7,0,-175,0,32.56
fold2_room1_mix1516,25,7,0,-177,0,30.82
fold2_room1_mix1516,26,7,0,-178,0,29.78
fold2_room1_mix1516,27,7,0,-177,0,30.58
fold2_room1_mix1516,28,7,0,-178,0,28.77
fold2_room1_mix1516,29,7,0,-176,0,27.29
fold2_room1_mix1516,30,7,0,-174,0,26.92
fold2_room1_mix1516,31,7,0,-175,0,27.40
fold2_room1_mix1516,32,7,0,-174,0,27.20
fold2_room1_mix1516,33,7,0,-173,0,24.19
fold2_room1_mix1516,34,7,0,-174,-1,22.86
fold2_room1_mix1516,35,7,0,-173,-1,22.68
fold2_room1_mix1516,36,7,0,-173,-1,21.19
fold2_room1_mix1516,37,7,0,-172,-1,20.20
fold2_room1_mix1516,38,7,0,-172,-1,20.33
fold2_room1_mix1516,39,7,0,-171,-1,18.88
fold2_room1_mix1516,40,7,0,-173,-1,18.74
fold2_room1_mix1516,41,7,0,-171,-1,17.19
fold2_room1_mix1516,42,7,0,-173,-1,17.66
fold2_room1_mix1516,43,7,0,-170,-1,15.91
fold2_room1_mix1516,44,7,0,-169,-1,14.44
fold2_room1_mix1516,45,7,0,-167,-1,13.42
fold2_room1_mix1516,46,7,0,-167,-1,12.79
fold2_room1_mix1516,47,7,0,-167,-1,11.86
fold2_room1_mix1516,48,7,0,-165,-1,10.98
fold2_room1_mix1516,49,7,0,-164,-1,10.72
fold2_room1_mix1516,50,7,0,-162,-1,8.81
fold2_room1_mix1516,51,7,0,-161,-2,8.04
fold2_room1_mix1516,52,7,0,-156,-2,6.75
fold2_room1_mix1516,53,7,0,-155,-2,6.12
fold2_room1_mix1516,54,7,0,-151,-3,5.00
fold2_room1_mix1516,55,7,0,-146,-2,4.67
fold2_room1_mix1516,56,7,0,-136,-4,3.32
fold2_room1_mix1516,57,7,0,-126,-3,2.58
fold2_room1_mix1516,58,7,0,-100,-3,2.02
fold2_room1_mix1516,59,7,0,-72,-2,2.43
fold2_room1_mix1516,60,7,0,-54,-1,2.92
fold2_room1_mix1516,61,7,0,-42,-2,3.33
fold2_room1_mix1516,62,7,0,-34,-1,4.09
fold2_room1_mix1516,63,7,0,-27,-1,4.69
fold2_room1_mix1516,64,7,0,-23,-1,5.53
fold2_room1_mix1516,65,7,0,-20,0,5.99
fold2_room1_mix1516,66,7,0,-17,0,6.45
fold2_room1_mix1516,67,7,0,-14,0,7.51
fold2_room1_mix1516,68,7,0,-13,0,8.21
fold2_room1_mix1516,69,7,0,-11,0,8.88
fold2_room1_mix1516,70,7,0,-9,0,9.66
fold2_room1_mix1516,71,7,0,-8,0,11.03
fold2_room1_mix1516,72,7,0,-7,0,12.71
fold2_room1_mix1516,73,7,0,-8,0,12.29
fold2_room1_mix1516,74,7,0,-6,0,13.52
fold2_room1_mix1516,75,7,0,-6,0,14.61
fold2_room1_mix1516,76,7,0,-6,0,14.77
fold2_room1_mix1516,77,7,0,-5,0,16.13
fold2_room1_mix1516,78,7,0,-5,0,16.91
fold2_room1_mix1516,79,7,0,-5,0,17.38
fold2_room1_mix1516,80,7,0,-3,0,19.02
fold2_room1_mix1516,81,7,0,-4,0,18.92
fold2_room1_mix1516,82,7,0,-5,0,19.87
fold2_room1_mix1516,83,7,0,-3,0,20.65
fold2_room1_mix1516,84,7,0,-2,0,21.80
fold2_room1_mix1516,85,7,0,-3,0,21.75
fold2_room1_mix1516,86,7,0,-3,0,21.61
fold2_room1_mix1516,87,7,0,-2,0,23.70
fold2_room1_mix1516,88,7,0,-2,0,26.94
fold2_room1_mix1516,89,7,0,-1,0,25.52
fold2_room1_mix1516,90,7,0,-1,0,26.45
fold2_room1_mix1516,91,7,0,-1,0,30.31
fold2_room1_mix1516,92,7,0,-1,0,29.30
fold2_room1_mix1516,93,7,0,-1,0,30.76
fold2_room1_mix1516,94,7,0,-1,0,31.94
fold2_room1_mix1516,95,7,0,-1,0,31.31
fold2_room1_mix1516,96,7,0,-1,0,32.73
fold2_room1_mix1516,97,7,0,-1,0,35.89
fold2_room1_mix1516,98,7,0,-1,0,35.61
fold2_room1_mix1516,99,7,0,-1,0,36.90
fold2_room1_mix1517,2,7,0,0,0,9.20
fold2_room1_mix1517,3,7,0,1,0,17.15
fold2_room1_mix1517,4,7,0,1,0,33.60
fold2_room1_mix1517,5,7,0,2,0,31.33
fold2_room1_mix1517,6,7,0,2,0,33.40
fold2_room1_mix1517,7,7,0,1,0,35.68
fold2_room1_mix1517,8,7,0,3,0,48.40
fold2_room1_mix1517,9,7,0,2,0,41.85
fold2_room1_mix1517,10,7,0,2,0,40.71
fold2_room1_mix1517,11,7,0,3,0,43.40
fold2_room1_mix1517,12,7,0,3,0,43.39
fold2_room1_mix1517,13,7,0,2,0,46.10
fold2_room1_mix1517,14,7,0,3,0,44.89
fold2_room1_mix1517,15,7,0,3,0,44.09
fold2_room1_mix1517,16,7,0,2,0,42.99
fold2_room1_mix1517,17,7,0,2,0,42.55
fold2_room1_mix1517,18,7,0,4,0,40.83
fold2_room1_mix1517,19,7,0,3,0,42.13
fold2_room1_mix1517,20,7,0,3,0,43.10
fold2_room1_mix1517,21,7,0,3,0,43.37
fold2_room1_mix1517,22,7,0,3,0,42.36
fold2_room1_mix1517,23,7,0,4,0,37.18
fold2_room1_mix1517,24,7,0,3,0,42.11
fold2_room1_mix1517,25,7,0,4,0,40.00
fold2_room1_mix1517,26,7,0,4,0,39.61
fold2_room1_mix1517,27,7,0,3,0,39.74
fold2_room1_mix1517,28,7,0,4,0,37.61
fold2_room1_mix1517,29,7,0,3,0,38.38
fold2_room1_mix1517,30,7,0,4,0,37.22
fold2_room1_mix1517,31,7,0,3,0,34.56
fold2_room1_mix1517,32,7,0,3,0,36.07
fold2_room1_mix1517,33,7,0,4,0,33.37
fold2_room1_mix1517,34,7,0,5,0,33.67
fold2_room1_mix1517,35,7,0,3,0,33.02
fold2_room1_mix1517,36,7,0,4,0,31.90
fold2_room1_mix1517,37,7,0,6,0,31.33
fold2_room1_mix1517,38,7,0,4,0,30.78
fold2_room1_mix1517,39,7,0,6,0,29.78
fold2_room1_mix1517,40,7,0,6,0,30.25
fold2_room1_mix1517,41,7,0,8,0,29.73
fold2_room1_mix1517,42,7,0,7,0,30.29
fold2_room1_mix1517,43,7,0,8,0,29.88
fold2_room1_mix1517,44,7,0,8,0,29.36
fold2_room1_mix1517,45,7,0,9,0,28.48
fold2_room1_mix1517,46,7,0,9,0,28.24
fold2_room1_mix1517,47,7,0,9,0,27.94
fold2_room1_mix1517,48,7,0,8,0,27.32
fold2_room1_mix1517,49,7,0,9,0,25.71
fold2_room1_mix1517,50,7,0,9,0,25.43
fold2_room1_mix1517,51,7,0,9,0,24.26
fold2_room1_mix1517,52,7,0,8,0,22.63
fold2_room1_mix1517,53,7,0,10,0,21.07
fold2_room1_mix1517,54,7,0,9,0,19.62
fold2_room1_mix1517,55,7,0,10,0,18.87
fold2_room1_mix1517,56,7,0,10,0,19.32
fold2_room1_mix1517,57,7,0,11,0,17.73
fold2_room1_mix1517,58,7,0,12,0,17.74
fold2_room1_mix1517,59,7,0,12,0,16.77
fold2_room1_mix1517,60,7,0,12,0,15.89
fold2_room1_mix1517,61,7,0,13,0,14.21
fold2_room1_mix1517,62,7,0,13,0,14.10
fold2_room1_mix1517,63,7,0,14,0,14.16
fold2_room1_mix1517,64,7,0,14,0,13.32
fold2_room1_mix1517,65,7,0,16,0,12.04
fold2_room1_mix1517,66,7,0,17,0,11.18
fold2_room1_mix1517,67,7,0,17,0,10.06
fold2_room1_mix1517,68,7,0,18,0,9.25
fold2_room1_mix1517,69,7,0,21,0,8.07
fold2_room1_mix1517,70,7,0,19,-1,8.26
fold2_room1_mix1517,71,7,0,22,-1,6.72
fold2_room1_mix1517,72,7,0,27,-1,5.59
fold2_room1_mix1517,73,7,0,32,-1,4.44
fold2_room1_mix1517,74,7,0,38,-1,3.79
fold2_room1_mix1517,75,7,0,45,-1,3.29
fold2_room1_mix1517,76,7,0,52,-1,2.84
fold2_room1_mix1517,77,7,0,61,-1,2.64
fold2_room1_mix1517,78,7,0,81,-1,2.53
fold2_room1_mix1517,79,7,0,102,-1,2.54
fold2_room1_mix1517,80,7,0,121,0,2.72
fold2_room1_mix1517,81,7,0,131,0,3.40
fold2_room1_mix1517,82,7,0,138,0,3.86
fold2_room1_mix1517,83,7,0,146,0,4.48
fold2_room1_mix1517,84,7,0,150,0,5.14
fold2_room1_mix1517,85,7,0,153,0,6.10
fold2_room1_mix1517,86,7,0,157,0,6.29
fold2_room1_mix1517,87,7,0,159,0,7.00
fold2_room1_mix1517,88,7,0,162,0,7.45
fold2_room1_mix1517,89,7,0,163,0,8.27
fold2_room1_mix1517,90,7,0,164,0,9.05
fold2_room1_mix1517,91,7,0,164,0,9.43
fold2_room1_mix1517,92,7,0,165,0,10.08
fold2_room1_mix1517,93,7,0,166,0,11.21
fold2_room1_mix1517,94,7,0,167,0,10.86
fold2_room1_mix1517,95,7,0,167,0,12.37
fold2_room1_mix1517,96,7,0,168,0,13.28
fold2_room1_mix1517,97,7,0,169,0,13.23
fold2_room1_mix1517,98,7,0,169,0,14.56
fold2_room1_mix1517,99,7,0,170,0,15.47
fold2_room1_mix1518,3,7,0,0,0,9.52
fold2_room1_mix1518,4,7,0,1,0,29.07
fold2_room1_mix1518,5,7,0,1,0,28.13
fold2_room1_mix1518,6,7,0,1,0,29.90
fold2_room1_mix1518,7,7,0,1,0,38.67
fold2_room1_mix1518,8,7,0,1,0,41.81
fold2_room1_mix1518,9,7,0,2,0,42.73
fold2_room1_mix1518,10,7,0,1,0,36.70
fold2_room1_mix1518,11,7,0,1,0,38.38
fold2_room1_mix1518,12,7,0,1,0,37.39
fold2_room1_mix1518,13,7,0,1,0,35.71
fold2_room1_mix1518,14,7,0,2,0,36.04
fold2_room1_mix1518,15,7,0,2,0,35.12
fold2_room1_mix1518,16,7,0,1,0,34.28
fold2_room1_mix1518,17,7,0,1,0,33.86
fold2_room1_mix1518,18,7,0,1,0,33.68
fold2_room1_mix1518,19,7,0,1,0,34.92
fold2_room1_mix1518,20,7,0,2,0,35.71
fold2_room1_mix1518,21,7,0,1,0,36.46
fold2_room1_mix1518,22,7,0,1,0,34.81
fold2_room1_mix1518,23,7,0,0,0,32.83
fold2_room1_mix1518,24,7,0,0,0,33.75
fold2_room1_mix1518,25,7,0,0,0,33.58
fold2_room1_mix1518,26,7,0,-1,0,31.79
fold2_room1_mix1518,27,7,0,-1,0,32.15
fold2_room1_mix1518,28,7,0,-1,0,32.79
fold2_room1_mix1518,29,7,0,-1,0,31.94
fold2_room1_mix1518,30,7,0,-2,0,31.60
fold2_room1_mix1518,31,7,0,-1,0,32.10
fold2_room1_mix1518,32,7,0,-1,0,31.51
fold2_room1_mix1518,33,7,0,0,0,31.01
fold2_room1_mix1518,34,7,0,0,0,29.11
fold2_room1_mix1518,35,7,0,-1,0,29.39
fold2_room1_mix1518,36,7,0,-2,0,27.41
fold2_room1_mix1518,37,7,0,-4,0,25.59
fold2_room1_mix1518,38,7,0,-6,0,23.18
fold2_room1_mix1518,39,7,0,-7,0,20.96
fold2_room1_mix1518,40,7,0,-7,0,20.35
fold2_room1_mix1518,41,7,0,-8,0,20.47
fold2_room1_mix1518,42,7,0,-10,0,18.58
fold2_room1_mix1518,43,7,0,-11,0,17.54
fold2_room1_mix1518,44,7,0,-10,0,17.04
fold2_room1_mix1518,45,7,0,-11,0,15.56
fold2_room1_mix1518,46,7,0,-12,0,14.40
fold2_room1_mix1518,47,7,0,-13,0,13.28
fold2_room1_mix1518,48,7,0,-15,0,12.39
fold2_room1_mix1518,49,7,0,-16,0,11.25
fold2_room1_mix1518,50,7,0,-16,0,11.39
fold2_room1_mix1518,51,7,0,-17,0,10.31
fold2_room1_mix1518,52,7,0,-20,-1,9.04
fold2_room1_mix1518,53,7,0,-20,-1,8.68
fold2_room1_mix1518,54,7,0,-25,-1,7.25
fold2_room1_mix1518,55,7,0,-27,-1,6.72
fold2_room1_mix1518,56,7,0,-34,-2,5.42
fold2_room1_mix1518,57,7,0,-41,-2,4.60
fold2_room1_mix1518,58,7,0,-44,-3,4.42
fold2_room1_mix1518,59,7,0,-54,-4,4.05
fold2_room1_mix1518,60,7,0,-61,-3,3.45
fold2_room1_mix1518,61,7,0,-81,-4,2.87
fold2_room1_mix1518,62,7,0,-95,-4,2.91
fold2_room1_mix1518,63,7,0,-112,-3,3.42
fold2_room1_mix1518,64,7,0,-123,-3,3.86
fold2_room1_mix1518,65,7,0,-134,-2,4.48
fold2_room1_mix1518,66,7,0,-140,-2,4.91
fold2_room1_mix1518,67,7,0,-147,-2,6.09
fold2_room1_mix1518,68,7,0,-149,-1,6.67
fold2_room1_mix1518,69,7,0,-152,-1,7.19
fold2_room1_mix1518,70,7,0,-154,-1,7.73
fold2_room1_mix1518,71,7,0,-155,-1,7.85
fold2_room1_mix1518,72,7,0,-158,-1,9.37
fold2_room1_mix1518,73,7,0,-159,-1,10.21
fold2_room1_mix1518,74,7,0,-160,-1,11.05
fold2_room1_mix1518,75,7,0,-162,0,11.99
fold2_room1_mix1518,76,7,0,-162,0,13.06
fold2_room1_mix1518,77,7,0,-164,0,14.38
fold2_room1_mix1518,78,7,0,-165,0,14.79
fold2_room1_mix1518,79,7,0,-165,0,15.51
fold2_room1_mix1518,80,7,0,-166,0,16.34
fold2_room1_mix1518,81,7,0,-168,0,17.52
fold2_room1_mix1518,82,7,0,-168,0,17.97
fold2_room1_mix1518,83,7,0,-168,0,19.24
fold2_room1_mix1518,84,7,0,-169,0,19.96
fold2_room1_mix1518,85,7,0,-170,0,20.70
fold2_room1_mix1518,86,7,0,-169,0,22.28
fold2_room1_mix1518,87,7,0,-170,0,23.44
fold2_room1_mix1518,88,7,0,-171,0,24.73
fold2_room1_mix1518,89,7,0,-171,0,25.36
fold2_room1_mix1518,90,7,0,-171,0,25.52
fold2_room1_mix1518,91,7,0,-172,0,26.84
fold2_room1_mix1518,92,7,0,-172,0,27.36
fold2_room1_mix1518,93,7,0,-172,0,28.10
fold2_room1_mix1518,94,7,0,-173,0,29.16
fold2_room1_mix1518,95,7,0,-172,0,29.66
fold2_room1_mix1518,96,7,0,-172,0,31.18
fold2_room1_mix1518,97,7,0,-173,0,30.78
fold2_room1_mix1518,98,7,0,-173,0,31.53
fold2_room1_mix1518,99,7,0,-173,0,33.62
fold2_room1_mix1519,3,7,0,-179,0,9.95
fold2_room1_mix1519,4,7,0,179,0,20.62
fold2_room1_mix1519,5,7,0,179,0,27.02
fold2_room1_mix1519,6,7,0,179,0,30.65
fold2_room1_mix1519,7,7,0,179,0,33.04
fold2_room1_mix1519,8,7,0,179,0,38.80
fold2_room1_mix1519,9,7,0,179,0,37.34
fold2_room1_mix1519,10,7,0,-179,0,36.83
fold2_room1_mix1519,11,7,0,179,0,36.49
fold2_room1_mix1519,12,7,0,178,0,38.47
fold2_room1_mix1519,13,7,0,179,0,36.58
fold2_room1_mix1519,14,7,0,179,0,38.47
fold2_room1_mix1519,15,7,0,179,0,35.94
fold2_room1_mix1519,16,7,0,179,0,36.94
fold2_room1_mix1519,17,7,0,178,0,39.18
fold2_room1_mix1519,18,7,0,179,0,39.88
fold2_room1_mix1519,19,7,0,178,0,40.79
fold2_room1_mix1519,20,7,0,178,0,37.69
fold2_room1_mix1519,21,7,0,178,0,37.77
fold2_room1_mix1519,22,7,0,178,0,35.12
fold2_room1_mix1519,23,7,0,179,0,37.16
fold2_room1_mix1519,24,7,0,177,0,38.56
fold2_room1_mix1519,25,7,0,178,0,37.75
fold2_room1_mix1519,26,7,0,177,0,35.22
fold2_room1_mix1519,27,7,0,177,0,36.96
fold2_room1_mix1519,28,7,0,178,0,35.48
fold2_room1_mix1519,29,7,0,177,0,34.91
fold2_room1_mix1519,30,7,0,177,0,33.84
fold2_room1_mix1519,31,7,0,178,0,34.39
fold2_room1_mix1519,32,7,0,177,0,33.29
fold2_room1_mix1519,33,7,0,177,0,31.49
fold2_room1_mix1519,34,7,0,177,0,30.94
fold2_room1_mix1519,35,7,0,176,0,30.92
fold2_room1_mix1519,36,7,0,177,0,29.79
fold2_room1_mix1519,37,7,0,178,0,29.98
fold2_room1_mix1519,38,7,0,177,0,28.78
fold2_room1_mix1519,39,7,0,176,0,29.39
fold2_room1_mix1519,40,7,0,174,0,28.43
fold2_room1_mix1519,41,7,0,176,0,29.11
fold2_room1_mix1519,42,7,0,175,0,26.96
fold2_room1_mix1519,43,7,0,174,0,28.19
fold2_room1_mix1519,44,7,0,175,0,27.44
fold2_room1_mix1519,45,7,0,176,0,26.20
fold2_room1_mix1519,46,7,0,175,0,26.97
fold2_room1_mix1519,47,7,0,174,0,26.41
fold2_room1_mix1519,48,7,0,175,0,25.30
fold2_room1_mix1519,49,7,0,176,0,24.35
fold2_room1_mix1519,50,7,0,176,0,23.69
fold2_room1_mix1519,51,7,0,175,0,22.66
fold2_room1_mix1519,52,7,0,174,0,21.85
fold2_room1_mix1519,53,7,0,174,0,21.17
fold2_room1_mix1519,54,7,0,173,0,20.41
fold2_room1_mix1519,55,7,0,174,0,19.76
fold2_room1_mix1519,56,7,0,173,0,19.57
fold2_room1_mix1519,57,7,0,173,0,19.20
fold2_room1_mix1519,58,7,0,172,0,18.07
fold2_room1_mix1519,59,7,0,170,0,17.40
fold2_room1_mix1519,60,7,0,170,0,16.31
fold2_room1_mix1519,61,7,0,170,0,15.98
fold2_room1_mix1519,62,7,0,172,0,15.87
fold2_room1_mix1519,63,7,0,168,0,14.25
fold2_room1_mix1519,64,7,0,167,-1,13.25
fold2_room1_mix1519,65,7,0,168,-1,11.96
fold2_room1_mix1519,66,7,0,167,-1,10.86
fold2_room1_mix1519,67,7,0,166,-1,10.13
fold2_room1_mix1519,68,7,0,163,-1,8.89
fold2_room1_mix1519,69,7,0,161,-1,8.14
fold2_room1_mix1519,70,7,0,161,-1,7.73
fold2_room1_mix1519,71,7,0,158,-1,6.96
fold2_room1_mix1519,72,7,0,156,-1,6.08
fold2_room1_mix1519,73,7,0,153,-2,5.06
fold2_room1_mix1519,74,7,0,147,-2,4.50
fold2_room1_mix1519,75,7,0,141,-2,3.78
fold2_room1_mix1519,76,7,0,130,-2,3.10
fold2_room1_mix1519,77,7,0,112,-1,2.38
fold2_room1_mix1519,78,7,0,91,-1,2.95
fold2_room1_mix1519,79,7,0,69,0,2.99
fold2_room1_mix1519,80,7,0,53,0,3.25
fold2_room1_mix1519,81,7,0,45,0,4.00
fold2_room1_mix1519,82,7,0,36,0,4.35
fold2_room1_mix1519,83,7,0,29,0,4.59
fold2_room1_mix1519,84,7,0,27,0,5.22
fold2_room1_mix1519,85,7,0,22,0,6.01
fold2_room1_mix1519,86,7,0,20,0,6.74
fold2_room1_mix1519,87,7,0,18,0,7.13
fold2_room1_mix1519,88,7,0,17,0,8.03
fold2_room1_mix1519,89,7,0,15,0,8.53
fold2_room1_mix1519,90,7,0,15,0,9.03
fold2_room1_mix1519,91,7,0,15,0,10.67
fold2_room1_mix1519,92,7,0,14,0,11.05
fold2_room1_mix1519,93,7,0,13,0,11.45
fold2_room1_mix1519,94,7,0,12,0,12.73
fold2_room1_mix1519,95,7,0,11,0,13.40
fold2_room1_mix1519,96,7,0,10,0,15.18
fold2_room1_mix1519,97,7,0,10,0,15.23
fold2_room1_mix1519,98,7,0,9,0,16.42
fold2_room1_mix1519,99,7,0,9,0,16.86
fold2_room1_mix1520,3,7,0,-177,0,9.34
fold2_room1_mix1520,4,7,0,-178,0,28.88
fold2_room1_mix1520,5,7,0,-177,0,30.56
fold2_room1_mix1520,6,7,0,-178,0,33.16
fold2_room1_mix1520,7,7,0,-178,0,37.44
fold2_room1_mix1520,8,7,0,-177,0,39.35
fold2_room1_mix1520,9,7,0,-177,0,36.18
fold2_room1_mix1520,10,7,0,-177,0,37.27
fold2_room1_mix1520,11,7,0,-178,0,37.94
fold2_room1_mix1520,12,7,0,-177,0,33.23
fold2_room1_mix1520,13,7,0,-177,0,35.35
fold2_room1_mix1520,14,7,0,-176,0,33.92
fold2_room1_mix1520,15,7,0,-176,0,34.10
fold2_room1_mix1520,16,7,0,-177,0,33.55
fold2_room1_mix1520,17,7,0,-176,0,32.22
fold2_room1_mix1520,18,7,0,-176,0,31.56
fold2_room1_mix1520,19,7,0,-176,0,31.56
fold2_room1_mix1520,20,7,0,-175,0,29.76
fold2_room1_mix1520,21,7,0,-176,0,28.96
fold2_room1_mix1520,22,7,0,-176,0,27.30
fold2_room1_mix1520,23,7,0,-176,0,26.65
fold2_room1_mix1520,24,7,0,-175,0,26.96
fold2_room1_mix1520,25,7,0,-174,0,24.84
fold2_room1_mix1520,26,7,0,-174,0,24.63
fold2_room1_mix1520,27,7,0,-173,0,23.44
fold2_room1_mix1520,28,7,0,-174,0,22.38
fold2_room1_mix1520,29,7,0,-171,-1,20.02
fold2_room1_mix1520,30,7,0,-170,-1,17.96
fold2_room1_mix1520,31,7,0,-171,-1,17.63
fold2_room1_mix1520,32,7,0,-169,-1,15.63
fold2_room1_mix1520,33,7,0,-168,-1,14.87
fold2_room1_mix1520,34,7,0,-167,-1,13.28
fold2_room1_mix1520,35,7,0,-165,-1,11.79
fold2_room1_mix1520,36,7,0,-163,-1,10.67
fold2_room1_mix1520,37,7,0,-162,-1,9.27
fold2_room1_mix1520,38,7,0,-160,-1,8.12
fold2_room1_mix1520,39,7,0,-156,-1,6.91
fold2_room1_mix1520,40,7,0,-151,-1,5.25
fold2_room1_mix1520,41,7,0,-145,-2,5.00
fold2_room1_mix1520,42,7,0,-137,-3,3.69
fold2_room1_mix1520,43,7,0,-123,-3,2.91
fold2_room1_mix1520,44,7,0,-94,-3,2.80
fold2_room1_mix1520,45,7,0,-70,-3,2.90
fold2_room1_mix1520,46,7,0,-51,-2,3.64
fold2_room1_mix1520,47,7,0,-39,-2,4.52
fold2_room1_mix1520,48,7,0,-33,-2,5.13
fold2_room1_mix1520,49,7,0,-26,-1,5.96
fold2_room1_mix1520,50,7,0,-22,-1,7.13
fold2_room1_mix1520,51,7,0,-17,0,8.05
fold2_room1_mix1520,52,7,0,-17,0,8.88
fold2_room1_mix1520,53,7,0,-15,0,10.40
fold2_room1_mix1520,54,7,0,-13,0,11.39
fold2_room1_mix1520,55,7,0,-13,0,12.68
fold2_room1_mix1520,56,7,0,-11,0,14.28
fold2_room1_mix1520,57,7,0,-9,0,14.98
fold2_room1_mix1520,58,7,0,-10,0,16.02
fold2_room1_mix1520,59,7,0,-8,0,17.73
fold2_room1_mix1520,60,7,0,-7,0,18.13
fold2_room1_mix1520,61,7,0,-7,0,18.99
fold2_room1_mix1520,62,7,0,-7,0,21.11
fold2_room1_mix1520,63,7,0,-6,0,21.95
fold2_room1_mix1520,64,7,0,-5,0,23.94
fold2_room1_mix1520,65,7,0,-5,0,25.58
fold2_room1_mix1520,66,7,0,-4,0,27.50
fold2_room1_mix1520,67,7,0,-3,0,28.49
fold2_room1_mix1520,68,7,0,-4,0,29.46
fold2_room1_mix1520,69,7,0,-3,0,30.65
fold2_room1_mix1520,70,7,0,-2,0,31.49
fold2_room1_mix1520,71,7,0,-3,0,31.82
fold2_room1_mix1520,72,7,0,-3,0,34.24
fold2_room1_mix1520,73,7,0,-2,0,34.48
fold2_room1_mix1520,74,7,0,-3,0,34.92
fold2_room1_mix1520,75,7,0,-2,0,37.41
fold2_room1_mix1520,76,7,0,-2,0,37.46
fold2_room1_mix1520,77,7,0,-2,0,39.61
fold2_room1_mix1520,78,7,0,-2,0,41.18
fold2_room1_mix1520,79,7,0,-2,0,40.80
fold2_room1_mix1520,80,7,0,-2,0,43.37
fold2_room1_mix1520,81,7,0,-2,0,42.15
fold2_room1_mix1520,82,7,0,-2,0,45.53
fold2_room1_mix1520,83,7,0,-2,0,46.34
fold2_room1_mix1520,84,7,0,-2,0,46.97
fold2_room1_mix1520,85,7,0,-1,0,48.70
fold2_room1_mix1520,86,7,0,-1,0,51.83
fold2_room1_mix1520,87,7,0,-2,0,48.93
fold2_room1_mix1520,88,7,0,-1,0,53.76
fold2_room1_mix1520,89,7,0,-1,0,53.02
fold2_room1_mix1520,90,7,0,-1,0,53.10
fold2_room1_mix1520,91,7,0,-1,0,57.94
fold2_room1_mix1520,92,7,0,-1,0,57.06
fold2_room1_mix1520,93,7,0,-2,0,55.16
fold2_room1_mix1520,94,7,0,-2,0,59.07
fold2_room1_mix1520,95,7,0,-2,0,58.65
fold2_room1_mix1520,96,7,0,-2,0,59.45
fold2_room1_mix1520,97,7,0,-2,0,60.56
fold2_room1_mix1520,98,7,0,-2,0,63.60
fold2_room1_mix1520,99,7,0,-2,0,61.97
fold2_room1_mix1521,3,7,0,-178,0,16.15
fold2_room1_mix1521,4,7,0,-179,0,34.08
fold2_room1_mix1521,5,7,0,-178,0,34.83
fold2_room1_mix1521,6,7,0,-179,0,37.75
fold2_room1_mix1521,7,7,0,-178,0,40.04
fold2_room1_mix1521,8,7,0,-178,0,43.39
fold2_room1_mix1521,9,7,0,-178,0,42.55
fold2_room1_mix1521,10,7,0,-178,0,41.48
fold2_room1_mix1521,11,7,0,-178,0,43.10
fold2_room1_mix1521,12,7,0,-178,0,41.17
fold2_room1_mix1521,13,7,0,-177,0,39.21
fold2_room1_mix1521,14,7,0,-177,0,38.31
fold2_room1_mix1521,15,7,0,-177,0,34.32
fold2_room1_mix1521,16,7,0,-176,0,35.07
fold2_room1_mix1521,17,7,0,-176,0,34.72
fold2_room1_mix1521,18,7,0,-176,0,34.95
fold2_room1_mix1521,19,7,0,-176,0,35.41
fold2_room1_mix1521,20,7,0,-176,0,34.70
fold2_room1_mix1521,21,7,0,-176,0,31.71
fold2_room1_mix1521,22,7,0,-176,0,30.80
fold2_room1_mix1521,23,7,0,-174,0,29.22
fold2_room1_mix1521,24,7,0,-175,0,30.94
fold2_room1_mix1521,25,7,0,-175,0,30.06
fold2_room1_mix1521,26,7,0,-175,0,29.19
fold2_room1_mix1521,27,7,0,-173,0,26.90
fold2_room1_mix1521,28,7,0,-174,0,26.28
fold2_room1_mix1521,29,7,0,-172,0,23.62
fold2_room1_mix1521,30,7,0,-172,-1,22.51
fold2_room1_mix1521,31,7,0,-172,-1,21.59
fold2_room1_mix1521,32,7,0,-171,-1,19.65
fold2_room1_mix1521,33,7,0,-170,-1,18.04
fold2_room1_mix1521,34,7,0,-169,-1,17.51
fold2_room1_mix1521,35,7,0,-168,-1,16.52
fold2_room1_mix1521,36,7,0,-166,-1,13.91
fold2_room1_mix1521,37,7,0,-165,-1,12.35
fold2_room1_mix1521,38,7,0,-163,-1,11.20
fold2_room1_mix1521,39,7,0,-161,-1,9.40
fold2_room1_mix1521,40,7,0,-159,-1,8.75
fold2_room1_mix1521,41,7,0,-155,-1,7.35
fold2_room1_mix1521,42,7,0,-150,-2,6.77
fold2_room1_mix1521,43,7,0,-142,-2,5.42
fold2_room1_mix1521,44,7,0,-135,-3,4.24
fold2_room1_mix1521,45,7,0,-116,-3,3.34
fold2_room1_mix1521,46,7,0,-91,-4,3.15
fold2_room1_mix1521,47,7,0,-65,-3,3.24
fold2_room1_mix1521,48,7,0,-48,-2,4.23
fold2_room1_mix1521,49,7,0,-38,-2,5.00
fold2_room1_mix1521,50,7,0,-33,-1,5.51
fold2_room1_mix1521,51,7,0,-26,-1,6.80
fold2_room1_mix1521,52,7,0,-22,-1,8.02
fold2_room1_mix1521,53,7,0,-19,-1,8.93
fold2_room1_mix1521,54,7,0,-16,0,10.06
fold2_room1_mix1521,55,7,0,-14,0,11.28
fold2_room1_mix1521,56,7,0,-13,0,12.46
fold2_room1_mix1521,57,7,0,-13,0,13.36
fold2_room1_mix1521,58,7,0,-11,0,14.98
fold2_room1_mix1521,59,7,0,-9,0,16.38
fold2_room1_mix1521,60,7,0,-9,0,17.40
fold2_room1_mix1521,61,7,0,-8,0,18.44
fold2_room1_mix1521,62,7,0,-7,0,19.45
fold2_room1_mix1521,63,7,0,-7,0,20.43
fold2_room1_mix1521,64,7,0,-6,0,22.18
fold2_room1_mix1521,65,7,0,-6,0,23.01
fold2_room1_mix1521,66,7,0,-5,0,25.18
fold2_room1_mix1521,67,7,0,-5,0,26.29
fold2_room1_mix1521,68,7,0,-4,0,28.85
fold2_room1_mix1521,69,7,0,-4,0,30.59
fold2_room1_mix1521,70,7,0,-4,0,30.44
fold2_room1_mix1521,71,7,0,-3,0,32.26
fold2_room1_mix1521,72,7,0,-2,0,34.30
fold2_room1_mix1521,73,7,0,-3,0,33.87
fold2_room1_mix1521,74,7,0,-2,0,36.24
fold2_room1_mix1521,75,7,0,-2,0,37.77
fold2_room1_mix1521,76,7,0,-3,0,37.45
fold2_room1_mix1521,77,7,0,-3,0,37.53
fold2_room1_mix1521,78,7,0,-2,0,39.78
fold2_room1_mix1521,79,7,0,-2,0,41.56
fold2_room1_mix1521,80,7,0,-2,0,42.80
fold2_room1_mix1521,81,7,0,-2,0,45.41
fold2_room1_mix1521,82,7,0,-2,0,46.79
fold2_room1_mix1521,83,7,0,-2,0,47.93
fold2_room1_mix1521,84,7,0,-2,0,49.41
fold2_room1_mix1521,85,7,0,-2,0,50.97
fold2_room1_mix1521,86,7,0,-2,0,50.79
fold2_room1_mix1521,87,7,0,-2,0,52.31
fold2_room1_mix1521,88,7,0,-2,0,54.80
fold2_room1_mix1521,89,7,0,-2,0,53.33
fold2_room1_mix1521,90,7,0,-1,0,56.29
fold2_room1_mix1521,91,7,0,-1,0,61.09
fold2_room1_mix1521,92,7,0,-2,0,58.95
fold2_room1_mix1521,93,7,0,-2,0,59.15
fold2_room1_mix1521,94,7,0,-1,0,63.02
fold2_room1_mix1521,95,7,0,-2,0,64.75
fold2_room1_mix1521,96,7,0,-2,0,62.98
fold2_room1_mix1521,97,7,0,-2,0,68.07
fold2_room1_mix1521,98,7,0,-1,0,70.10
fold2_room1_mix1521,99,7,0,-1,0,66.72
fold2_room1_mix1522,6,7,0,178,0,9.89
fold2_room1_mix1522,9,7,0,179,0,26.67
fold2_room1_mix1522,10,7,0,178,0,40.55
fold2_room1_mix1522,11,7,0,178,0,40.93
fold2_room1_mix1522,12,7,0,178,0,46.09
fold2_room1_mix1522,13,7,0,178,0,48.63
fold2_room1_mix1522,14,7,0,-179,0,48.93
fold2_room1_mix1522,15,7,0,179,0,48.09
fold2_room1_mix1522,16,7,0,-177,0,50.24
fold2_room1_mix1522,17,7,0,-178,0,48.39
fold2_room1_mix1522,18,7,0,-177,0,45.19
fold2_room1_mix1522,19,7,0,-177,0,48.25
fold2_room1_mix1522,20,7,0,-177,0,47.16
fold2_room1_mix1522,21,7,0,-178,0,50.52
fold2_room1_mix1522,22,7,0,-177,0,49.85
fold2_room1_mix1522,23,7,0,-176,0,48.65
fold2_room1_mix1522,24,7,0,-176,0,47.89
fold2_room1_mix1522,26,7,0,-178,0,4.50
fold2_room1_mix1522,28,7,0,-179,0,16.22
fold2_room1_mix1522,29,7,0,-179,0,5.20
fold2_room1_mix1522,30,7,0,-178,0,35.87
fold2_room1_mix1522,31,7,0,-178,0,33.95
fold2_room1_mix1522,32,7,0,-179,0,6.09
fold2_room1_mix1522,33,7,0,-178,0,13.47
fold2_room1_mix1522,34,7,0,-179,0,13.69
fold2_room1_mix1522,35,7,0,-179,0,4.64
fold2_room1_mix1522,36,7,0,-179,0,9.76
fold2_room1_mix1522,37,7,0,179,0,11.38
fold2_room1_mix1522,40,7,0,177,0,16.57
fold2_room1_mix1522,41,7,0,178,0,30.35
fold2_room1_mix1522,42,7,0,-179,0,39.85
fold2_room1_mix1522,43,7,0,-177,0,35.62
fold2_room1_mix1522,44,7,0,-178,0,37.96
fold2_room1_mix1522,45,7,0,-175,0,36.08
fold2_room1_mix1522,46,7,0,-173,0,33.43
fold2_room1_mix1522,47,7,0,-174,-1,30.17
fold2_room1_mix1522,48,7,0,-174,0,28.58
fold2_room1_mix1522,49,7,0,-176,0,30.75
fold2_room1_mix1522,50,7,0,-174,0,27.99
fold2_room1_mix1522,51,7,0,-171,-1,25.15
fold2_room1_mix1522,52,7,0,-171,-1,22.01
fold2_room1_mix1522,53,7,0,-170,-1,22.37
fold2_room1_mix1522,54,7,0,-167,-1,18.67
fold2_room1_mix1522,55,7,0,-170,-1,19.40
fold2_room1_mix1522,56,7,0,-170,-1,19.14
fold2_room1_mix1522,57,7,0,-169,-1,16.92
fold2_room1_mix1522,58,7,0,-167,-1,16.15
fold2_room1_mix1522,59,7,0,-166,-1,13.90
fold2_room1_mix1522,60,7,0,-166,-1,13.32
fold2_room1_mix1522,61,7,0,-164,-1,11.37
fold2_room1_mix1522,62,7,0,-162,-1,10.40
fold2_room1_mix1522,63,7,0,-161,-1,9.46
fold2_room1_mix1522,64,7,0,-157,-1,7.78
fold2_room1_mix1522,65,7,0,-151,-1,5.99
fold2_room1_mix1522,66,7,0,-145,-2,5.11
fold2_room1_mix1522,67,7,0,-138,-2,4.65
fold2_room1_mix1522,68,7,0,-132,-2,4.01
fold2_room1_mix1522,69,7,0,-119,-4,3.23
fold2_room1_mix1522,70,7,0,-96,-4,2.79
fold2_room1_mix1522,71,7,0,-82,-5,2.82
fold2_room1_mix1522,72,7,0,-61,-3,3.50
fold2_room1_mix1522,73,7,0,-46,-3,4.05
fold2_room1_mix1522,74,7,0,-37,-2,4.80
fold2_room1_mix1522,75,7,0,-31,-1,5.66
fold2_room1_mix1522,76,7,0,-27,-1,6.42
fold2_room1_mix1522,77,7,0,-21,-1,7.98
fold2_room1_mix1522,78,7,0,-18,0,8.43
fold2_room1_mix1522,79,7,0,-15,0,9.56
fold2_room1_mix1522,80,7,0,-14,0,10.51
fold2_room1_mix1522,81,7,0,-13,0,11.98
fold2_room1_mix1522,82,7,0,-13,0,12.60
fold2_room1_mix1522,83,7,0,-11,0,13.96
fold2_room1_mix1522,84,7,0,-10,0,15.50
fold2_room1_mix1522,85,7,0,-9,0,16.29
fold2_room1_mix1522,86,7,0,-8,0,17.47
fold2_room1_mix1522,87,7,0,-7,0,18.61
fold2_room1_mix1522,88,7,0,-8,0,19.01
fold2_room1_mix1522,89,7,0,-6,0,19.69
fold2_room1_mix1522,90,7,0,-5,0,20.24
fold2_room1_mix1522,91,7,0,-5,0,21.77
fold2_room1_mix1522,92,7,0,-5,0,25.50
fold2_room1_mix1522,93,7,0,-3,0,26.62
fold2_room1_mix1522,94,7,0,-3,0,27.40
fold2_room1_mix1522,95,7,0,-2,0,29.02
fold2_room1_mix1522,96,7,0,-2,0,31.66
fold2_room1_mix1522,97,7,0,-2,0,32.60
fold2_room1_mix1522,98,7,0,-3,0,30.35
fold2_room1_mix1522,99,7,0,-2,0,28.03
fold2_room1_mix1523,3,7,0,179,0,23.25
fold2_room1_mix1523,4,7,0,-179,0,31.10
fold2_room1_mix1523,5,7,0,-179,0,36.65
fold2_room1_mix1523,6,7,0,179,0,38.23
fold2_room1_mix1523,7,7,0,-179,0,41.38
fold2_room1_mix1523,8,7,0,-179,0,42.25
fold2_room1_mix1523,9,7,0,179,0,42.57
fold2_room1_mix1523,10,7,0,179,0,43.05
fold2_room1_mix1523,11,7,0,179,0,41.98
fold2_room1_mix1523,12,7,0,179,0,41.38
fold2_room1_mix1523,13,7,0,178,0,40.96
fold2_room1_mix1523,14,7,0,179,0,40.20
fold2_room1_mix1523,15,7,0,178,0,38.62
fold2_room1_mix1523,16,7,0,179,0,39.22
fold2_room1_mix1523,17,7,0,179,0,40.29
fold2_room1_mix1523,18,7,0,179,0,40.07
fold2_room1_mix1523,19,7,0,179,0,39.80
fold2_room1_mix1523,20,7,0,178,0,37.09
fold2_room1_mix1523,21,7,0,179,0,40.88
fold2_room1_mix1523,22,7,0,177,0,38.13
fold2_room1_mix1523,23,7,0,179,0,37.67
fold2_room1_mix1523,24,7,0,179,0,37.68
fold2_room1_mix1523,25,7,0,178,0,38.96
fold2_room1_mix1523,26,7,0,-179,0,34.15
fold2_room1_mix1523,27,7,0,178,0,37.09
fold2_room1_mix1523,28,7,0,178,0,33.99
fold2_room1_mix1523,29,7,0,178,0,33.59
fold2_room1_mix1523,30,7,0,178,0,32.56
fold2_room1_mix1523,31,7,0,177,0,31.00
fold2_room1_mix1523,32,7,0,178,0,30.72
fold2_room1_mix1523,33,7,0,179,0,29.12
fold2_room1_mix1523,34,7,0,179,0,29.11
fold2_room1_mix1523,35,7,0,177,0,29.48
fold2_room1_mix1523,36,7,0,178,0,27.70
fold2_room1_mix1523,37,7,0,176,0,27.90
fold2_room1_mix1523,38,7,0,176,0,26.23
fold2_room1_mix1523,39,7,0,176,0,25.63
fold2_room1_mix1523,40,7,0,176,0,25.22
fold2_room1_mix1523,41,7,0,175,0,22.39
fold2_room1_mix1523,42,7,0,176,0,22.10
fold2_room1_mix1523,43,7,0,175,0,21.64
fold2_room1_mix1523,44,7,0,174,0,20.07
fold2_room1_mix1523,45,7,0,173,0,19.76
fold2_room1_mix1523,46,7,0,173,0,18.19
fold2_room1_mix1523,47,7,0,172,0,16.91
fold2_room1_mix1523,48,7,0,172,0,16.29
fold2_room1_mix1523,49,7,0,172,0,15.69
fold2_room1_mix1523,50,7,0,170,0,13.39
fold2_room1_mix1523,51,7,0,168,0,13.29
fold2_room1_mix1523,52,7,0,168,0,12.12
fold2_room1_mix1523,53,7,0,167,0,11.13
fold2_room1_mix1523,54,7,0,167,-1,9.96
fold2_room1_mix1523,55,7,0,164,0,9.14
fold2_room1_mix1523,56,7,0,160,0,8.13
fold2_room1_mix1523,57,7,0,158,-1,6.91
fold2_room1_mix1523,58,7,0,154,0,5.83
fold2_room1_mix1523,59,7,0,150,-1,5.11
fold2_room1_mix1523,60,7,0,141,-1,3.82
fold2_room1_mix1523,61,7,0,130,0,3.50
fold2_room1_mix1523,62,7,0,104,0,3.04
fold2_room1_mix1523,63,7,0,84,0,3.37
fold2_room1_mix1523,64,7,0,62,1,3.36
fold2_room1_mix1523,65,7,0,49,1,3.87
fold2_room1_mix1523,66,7,0,36,0,4.74
fold2_room1_mix1523,67,7,0,29,0,5.63
fold2_room1_mix1523,68,7,0,25,0,6.12
fold2_room1_mix1523,69,7,0,21,0,7.26
fold2_room1_mix1523,70,7,0,18,0,8.41
fold2_room1_mix1523,71,7,0,15,0,8.88
fold2_room1_mix1523,72,7,0,15,0,9.56
fold2_room1_mix1523,73,7,0,14,0,10.22
fold2_room1_mix1523,74,7,0,13,0,10.65
fold2_room1_mix1523,75,7,0,12,0,12.79
fold2_room1_mix1523,76,7,0,12,0,13.78
fold2_room1_mix1523,77,7,0,11,0,14.01
fold2_room1_mix1523,78,7,0,11,0,14.98
fold2_room1_mix1523,79,7,0,9,0,16.94
fold2_room1_mix1523,80,7,0,10,0,17.29
fold2_room1_mix1523,81,7,0,9,0,18.11
fold2_room1_mix1523,82,7,0,9,0,18.40
fold2_room1_mix1523,83,7,0,8,0,20.25
fold2_room1_mix1523,84,7,0,7,0,19.71
fold2_room1_mix1523,85,7,0,8,0,21.14
fold2_room1_mix1523,86,7,0,7,0,21.38
fold2_room1_mix1523,87,7,0,7,0,23.00
fold2_room1_mix1523,88,7,0,7,0,24.20
fold2_room1_mix1523,89,7,0,7,0,24.85
fold2_room1_mix1523,90,7,0,7,0,24.51
fold2_room1_mix1523,91,7,0,6,0,28.49
fold2_room1_mix1523,92,7,0,7,0,28.84
fold2_room1_mix1523,93,7,0,6,0,28.60
fold2_room1_mix1523,94,7,0,6,0,29.37
fold2_room1_mix1523,95,7,0,7,0,31.79
fold2_room1_mix1523,96,7,0,6,0,34.31
fold2_room1_mix1523,97,7,0,6,0,33.80
fold2_room1_mix1523,98,7,0,6,0,33.33
fold2_room1_mix1523,99,7,0,5,0,33.91
fold2_room1_mix1524,3,7,0,-179,0,14.32
fold2_room1_mix1524,4,7,0,-177,0,24.41
fold2_room1_mix1524,5,7,0,-177,0,27.72
fold2_room1_mix1524,6,7,0,-177,0,31.29
fold2_room1_mix1524,7,7,0,-177,0,28.90
fold2_room1_mix1524,8,7,0,-177,0,37.01
fold2_room1_mix1524,9,7,0,-176,0,32.42
fold2_room1_mix1524,10,7,0,-175,0,30.55
fold2_room1_mix1524,11,7,0,-177,0,35.24
fold2_room1_mix1524,12,7,0,-176,0,29.73
fold2_room1_mix1524,13,7,0,-175,0,29.81
fold2_room1_mix1524,14,7,0,-176,0,30.61
fold2_room1_mix1524,15,7,0,-175,0,29.01
fold2_room1_mix1524,16,7,0,-175,0,31.05
fold2_room1_mix1524,17,7,0,-177,0,27.11
fold2_room1_mix1524,18,7,0,-175,0,28.68
fold2_room1_mix1524,19,7,0,-177,0,28.12
fold2_room1_mix1524,20,7,0,-175,0,29.39
fold2_room1_mix1524,21,7,0,-175,0,30.46
fold2_room1_mix1524,22,7,0,-174,0,27.41
fold2_room1_mix1524,23,7,0,-174,0,27.86
fold2_room1_mix1524,24,7,0,-174,0,29.34
fold2_room1_mix1524,25,7,0,-175,0,29.01
fold2_room1_mix1524,26,7,0,-175,0,27.55
fold2_room1_mix1524,27,7,0,-176,0,29.75
fold2_room1_mix1524,28,7,0,-176,0,28.00
fold2_room1_mix1524,29,7,0,-176,0,26.67
fold2_room1_mix1524,30,7,0,-175,0,26.94
fold2_room1_mix1524,31,7,0,-176,0,26.55
fold2_room1_mix1524,32,7,0,-175,0,27.06
fold2_room1_mix1524,33,7,0,-176,0,25.37
fold2_room1_mix1524,34,7,0,-176,0,25.75
fold2_room1_mix1524,35,7,0,-177,0,26.67
fold2_room1_mix1524,36,7,0,-175,0,25.03
fold2_room1_mix1524,37,7,0,-176,0,25.35
fold2_room1_mix1524,38,7,0,-175,0,24.19
fold2_room1_mix1524,39,7,0,-173,0,23.14
fold2_room1_mix1524,40,7,0,-173,-1,23.40
fold2_room1_mix1524,41,7,0,-173,-1,23.29
fold2_room1_mix1524,42,7,0,-170,-1,22.00
fold2_room1_mix1524,43,7,0,-172,-1,20.97
fold2_room1_mix1524,44,7,0,-172,-1,19.42
fold2_room1_mix1524,45,7,0,-170,-1,19.65
fold2_room1_mix1524,46,7,0,-169,-1,18.02
fold2_room1_mix1524,47,7,0,-169,-1,18.57
fold2_room1_mix1524,48,7,0,-169,-1,17.37
fold2_room1_mix1524,49,7,0,-168,-1,16.68
fold2_room1_mix1524,50,7,0,-169,-1,17.04
fold2_room1_mix1524,51,7,0,-167,-1,15.65
fold2_room1_mix1524,52,7,0,-168,-1,15.44
fold2_room1_mix1524,53,7,0,-167,-1,15.02
fold2_room1_mix1524,54,7,0,-166,-1,13.38
fold2_room1_mix1524,55,7,0,-164,-1,12.84
fold2_room1_mix1524,56,7,0,-164,-1,12.47
fold2_room1_mix1524,57,7,0,-162,-1,11.26
fold2_room1_mix1524,58,7,0,-162,-1,10.64
fold2_room1_mix1524,59,7,0,-161,-1,10.36
fold2_room1_mix1524,60,7,0,-160,-1,9.31
fold2_room1_mix1524,61,7,0,-159,-1,8.67
fold2_room1_mix1524,62,7,0,-158,-1,8.08
fold2_room1_mix1524,63,7,0,-156,-2,6.98
fold2_room1_mix1524,64,7,0,-155,-1,7.17
fold2_room1_mix1524,65,7,0,-152,-2,6.51
fold2_room1_mix1524,66,7,0,-148,-2,5.80
fold2_room1_mix1524,67,7,0,-146,-2,5.49
fold2_room1_mix1524,68,7,0,-143,-2,4.92
fold2_room1_mix1524,69,7,0,-139,-2,4.58
fold2_room1_mix1524,70,7,0,-134,-3,4.06
fold2_room1_mix1524,71,7,0,-127,-3,3.73
fold2_room1_mix1524,72,7,0,-116,-3,3.04
fold2_room1_mix1524,73,7,0,-96,-3,2.93
fold2_room1_mix1524,74,7,0,-85,-3,3.10
fold2_room1_mix1524,75,7,0,-72,-3,3.25
fold2_room1_mix1524,76,7,0,-60,-2,3.53
fold2_room1_mix1524,77,7,0,-53,-2,3.97
fold2_room1_mix1524,78,7,0,-46,-1,4.41
fold2_room1_mix1524,79,7,0,-40,-1,4.70
fold2_room1_mix1524,80,7,0,-36,-1,5.26
fold2_room1_mix1524,81,7,0,-33,-1,5.57
fold2_room1_mix1524,82,7,0,-29,-1,6.08
fold2_room1_mix1524,83,7,0,-27,0,6.69
fold2_room1_mix1524,84,7,0,-25,0,7.12
fold2_room1_mix1524,85,7,0,-24,0,7.00
fold2_room1_mix1524,86,7,0,-20,0,7.97
fold2_room1_mix1524,87,7,0,-19,0,8.27
fold2_room1_mix1524,88,7,0,-18,0,9.01
fold2_room1_mix1524,89,7,0,-16,0,9.93
fold2_room1_mix1524,90,7,0,-15,0,10.60
fold2_room1_mix1524,91,7,0,-15,0,11.99
fold2_room1_mix1524,92,7,0,-13,0,12.51
fold2_room1_mix1524,93,7,0,-14,0,12.29
fold2_room1_mix1524,94,7,0,-11,0,14.10
fold2_room1_mix1524,95,7,0,-11,0,14.47
fold2_room1_mix1524,96,7,0,-11,0,15.52
fold2_room1_mix1524,97,7,0,-11,0,15.92
fold2_room1_mix1524,98,7,0,-10,0,16.15
fold2_room1_mix1524,99,7,0,-9,0,17.56
fold2_room1_mix1525,3,7,0,-178,0,3.35
fold2_room1_mix1525,4,7,0,177,0,22.24
fold2_room1_mix1525,5,7,0,178,0,25.67
fold2_room1_mix1525,6,7,0,178,0,27.52
fold2_room1_mix1525,7,7,0,179,0,29.37
fold2_room1_mix1525,8,7,0,179,0,28.74
fold2_room1_mix1525,9,7,0,178,0,29.02
fold2_room1_mix1525,10,7,0,177,0,28.17
fold2_room1_mix1525,11,7,0,177,0,31.45
fold2_room1_mix1525,12,7,0,177,0,29.22
fold2_room1_mix1525,13,7,0,177,0,28.87
fold2_room1_mix1525,14,7,0,176,0,27.70
fold2_room1_mix1525,15,7,0,177,0,27.85
fold2_room1_mix1525,16,7,0,176,0,27.86
fold2_room1_mix1525,17,7,0,175,0,26.14
fold2_room1_mix1525,18,7,0,175,0,26.16
fold2_room1_mix1525,19,7,0,175,0,25.61
fold2_room1_mix1525,20,7,0,174,0,24.20
fold2_room1_mix1525,21,7,0,175,0,23.22
fold2_room1_mix1525,22,7,0,173,0,22.75
fold2_room1_mix1525,23,7,0,174,0,21.50
fold2_room1_mix1525,24,7,0,172,0,21.03
fold2_room1_mix1525,25,7,0,172,0,20.13
fold2_room1_mix1525,26,7,0,171,0,19.46
fold2_room1_mix1525,27,7,0,171,-1,18.88
fold2_room1_mix1525,28,7,0,170,-1,18.32
fold2_room1_mix1525,29,7,0,169,-1,17.47
fold2_room1_mix1525,30,7,0,169,-1,17.07
fold2_room1_mix1525,31,7,0,167,-1,17.19
fold2_room1_mix1525,32,7,0,168,-1,16.80
fold2_room1_mix1525,33,7,0,167,-1,16.12
fold2_room1_mix1525,34,7,0,164,-1,14.24
fold2_room1_mix1525,35,7,0,164,-1,14.15
fold2_room1_mix1525,36,7,0,162,-1,12.66
fold2_room1_mix1525,37,7,0,161,-1,11.53
fold2_room1_mix1525,38,7,0,160,-1,10.80
fold2_room1_mix1525,39,7,0,158,-1,9.54
fold2_room1_mix1525,40,7,0,156,-1,9.06
fold2_room1_mix1525,41,7,0,155,-1,9.00
fold2_room1_mix1525,42,7,0,152,-1,7.64
fold2_room1_mix1525,43,7,0,148,-2,6.62
fold2_room1_mix1525,44,7,0,146,-1,6.33
fold2_room1_mix1525,45,7,0,141,-1,5.30
fold2_room1_mix1525,46,7,0,131,-1,4.63
fold2_room1_mix1525,47,7,0,122,-1,4.27
fold2_room1_mix1525,48,7,0,103,0,4.41
fold2_room1_mix1525,49,7,0,92,0,4.11
fold2_room1_mix1525,50,7,0,77,0,4.44
fold2_room1_mix1525,51,7,0,62,0,4.78
fold2_room1_mix1525,52,7,0,52,0,4.94
fold2_room1_mix1525,53,7,0,47,0,5.34
fold2_room1_mix1525,54,7,0,40,0,5.78
fold2_room1_mix1525,55,7,0,35,0,6.35
fold2_room1_mix1525,56,7,0,31,0,6.97
fold2_room1_mix1525,57,7,0,27,0,7.71
fold2_room1_mix1525,58,7,0,27,0,8.34
fold2_room1_mix1525,59,7,0,24,0,9.04
fold2_room1_mix1525,60,7,0,22,0,9.63
fold2_room1_mix1525,61,7,0,21,0,10.30
fold2_room1_mix1525,62,7,0,20,0,11.43
fold2_room1_mix1525,63,7,0,19,0,12.39
fold2_room1_mix1525,64,7,0,18,0,12.72
fold2_room1_mix1525,65,7,0,17,0,13.32
fold2_room1_mix1525,66,7,0,15,0,14.66
fold2_room1_mix1525,67,7,0,14,0,15.91
fold2_room1_mix1525,68,7,0,14,0,16.57
fold2_room1_mix1525,69,7,0,13,0,17.15
fold2_room1_mix1525,70,7,0,13,0,18.01
fold2_room1_mix1525,71,7,0,13,0,18.49
fold2_room1_mix1525,72,7,0,12,0,19.25
fold2_room1_mix1525,73,7,0,11,0,20.22
fold2_room1_mix1525,74,7,0,11,0,22.11
fold2_room1_mix1525,75,7,0,10,0,22.50
fold2_room1_mix1525,76,7,0,10,0,23.08
fold2_room1_mix1525,77,7,0,9,0,23.61
fold2_room1_mix1525,78,7,0,9,0,24.48
fold2_room1_mix1525,79,7,0,8,0,24.85
fold2_room1_mix1525,80,7,0,9,0,25.58
fold2_room1_mix1525,81,7,0,9,0,25.38
fold2_room1_mix1525,82,7,0,9,0,27.50
fold2_room1_mix1525,83,7,0,9,0,28.04
fold2_room1_mix1525,84,7,0,8,0,28.81
fold2_room1_mix1525,85,7,0,9,0,29.59
fold2_room1_mix1525,86,7,0,8,0,30.51
fold2_room1_mix1525,87,7,0,8,0,30.95
fold2_room1_mix1525,88,7,0,8,0,33.14
fold2_room1_mix1525,89,7,0,8,0,32.43
fold2_room1_mix1525,90,7,0,8,0,33.36
fold2_room1_mix1525,91,7,0,8,0,34.78
fold2_room1_mix1525,92,7,0,7,0,35.18
fold2_room1_mix1525,93,7,0,7,0,35.38
fold2_room1_mix1525,94,7,0,8,0,36.10
fold2_room1_mix1525,95,7,0,8,0,37.50
fold2_room1_mix1525,96,7,0,7,0,37.54
fold2_room1_mix1525,97,7,0,7,0,38.34
fold2_room1_mix1525,98,7,0,7,0,38.36
fold2_room1_mix1525,99,7,0,7,0,39.22
fold2_room1_mix1526,3,7,0,1,0,7.81
fold2_room1_mix1526,4,5,0,-2,1,1.79
fold2_room1_mix1526,5,7,0,1,0,22.78
fold2_room1_mix1526,6,7,0,2,0,42.55
fold2_room1_mix1526,7,7,0,1,0,33.69
fold2_room1_mix1526,8,7,0,1,0,40.83
fold2_room1_mix1526,9,7,0,2,0,61.15
fold2_room1_mix1526,10,7,0,2,0,64.74
fold2_room1_mix1526,11,7,0,2,0,57.60
fold2_room1_mix1526,12,7,0,2,0,65.73
fold2_room1_mix1526,13,7,0,3,0,69.31
fold2_room1_mix1526,14,7,0,2,0,58.72
fold2_room1_mix1526,15,7,0,2,0,62.71
fold2_room1_mix1526,16,7,0,2,0,64.61
fold2_room1_mix1526,17,7,0,2,0,57.30
fold2_room1_mix1526,18,7,0,2,0,61.32
fold2_room1_mix1526,19,7,0,2,0,66.00
fold2_room1_mix1526,20,7,0,2,0,64.59
fold2_room1_mix1526,21,7,0,2,0,67.07
fold2_room1_mix1526,22,7,0,2,0,63.03
fold2_room1_mix1526,23,7,0,2,0,63.32
fold2_room1_mix1526,24,7,0,2,0,61.67
fold2_room1_mix1526,25,7,0,2,0,63.94
fold2_room1_mix1526,26,7,0,2,0,64.37
fold2_room1_mix1526,27,7,0,2,0,64.41
fold2_room1_mix1526,28,7,0,2,0,64.77
fold2_room1_mix1526,29,7,0,3,0,64.30
fold2_room1_mix1526,30,7,0,3,0,57.79
fold2_room1_mix1526,31,7,0,2,0,60.32
fold2_room1_mix1526,32,7,0,2,0,60.68
fold2_room1_mix1526,33,7,0,2,0,57.08
fold2_room1_mix1526,34,7,0,2,0,58.01
fold2_room1_mix1526,35,7,0,2,0,56.21
fold2_room1_mix1526,36,7,0,2,0,56.52
fold2_room1_mix1526,37,7,0,2,0,52.89
fold2_room1_mix1526,38,7,0,2,0,53.24
fold2_room1_mix1526,39,7,0,2,0,53.22
fold2_room1_mix1526,40,7,0,2,0,51.35
fold2_room1_mix1526,41,7,0,2,0,50.55
fold2_room1_mix1526,42,7,0,3,0,48.18
fold2_room1_mix1526,43,7,0,2,0,46.18
fold2_room1_mix1526,44,7,0,2,0,46.70
fold2_room1_mix1526,45,7,0,2,0,45.30
fold2_room1_mix1526,46,7,0,3,0,42.74
fold2_room1_mix1526,47,7,0,2,0,43.09
fold2_room1_mix1526,48,7,0,3,0,40.89
fold2_room1_mix1526,49,7,0,2,0,37.39
fold2_room1_mix1526,50,7,0,3,0,35.26
fold2_room1_mix1526,51,7,0,3,0,35.05
fold2_room1_mix1526,52,7,0,2,0,31.73
fold2_room1_mix1526,53,7,0,3,0,32.62
fold2_room1_mix1526,54,7,0,5,0,29.29
fold2_room1_mix1526,55,7,0,5,0,27.29
fold2_room1_mix1526,56,7,0,4,0,27.85
fold2_room1_mix1526,57,7,0,5,0,25.37
fold2_room1_mix1526,58,7,0,4,0,23.33
fold2_room1_mix1526,59,7,0,3,0,21.72
fold2_room1_mix1526,60,7,0,5,0,20.20
fold2_room1_mix1526,61,7,0,7,0,18.47
fold2_room1_mix1526,62,7,0,6,0,15.52
fold2_room1_mix1526,63,7,0,8,0,14.99
fold2_room1_mix1526,64,7,0,10,0,13.94
fold2_room1_mix1526,65,7,0,10,0,11.28
fold2_room1_mix1526,66,7,0,11,0,10.11
fold2_room1_mix1526,67,7,0,13,-1,8.68
fold2_room1_mix1526,68,7,0,16,-1,6.99
fold2_room1_mix1526,69,7,0,20,-2,5.59
fold2_room1_mix1526,70,7,0,29,-2,4.02
fold2_room1_mix1526,71,7,0,50,-2,2.31
fold2_room1_mix1526,72,7,0,110,-1,1.84
fold2_room1_mix1526,73,7,0,140,-2,2.18
fold2_room1_mix1526,74,7,0,151,-2,3.00
fold2_room1_mix1526,75,7,0,162,-2,4.57
fold2_room1_mix1526,76,7,0,165,-1,5.77
fold2_room1_mix1526,77,7,0,167,0,7.28
fold2_room1_mix1526,78,7,0,171,-1,7.95
fold2_room1_mix1526,79,7,0,173,0,9.65
fold2_room1_mix1526,80,7,0,174,0,11.66
fold2_room1_mix1526,81,7,0,175,0,12.91
fold2_room1_mix1526,82,7,0,175,0,14.04
fold2_room1_mix1526,83,7,0,175,0,16.42
fold2_room1_mix1526,84,7,0,175,0,17.58
fold2_room1_mix1526,85,7,0,175,0,18.60
fold2_room1_mix1526,86,7,0,175,0,19.62
fold2_room1_mix1526,87,7,0,176,0,21.76
fold2_room1_mix1526,88,7,0,176,0,23.16
fold2_room1_mix1526,89,7,0,176,0,24.33
fold2_room1_mix1526,90,7,0,176,0,25.81
fold2_room1_mix1526,91,7,0,176,0,28.13
fold2_room1_mix1526,92,7,0,176,0,28.07
fold2_room1_mix1526,93,7,0,176,0,29.32
fold2_room1_mix1526,94,7,0,177,0,28.90
fold2_room1_mix1526,95,7,0,176,0,31.37
fold2_room1_mix1526,96,7,0,177,0,34.03
fold2_room1_mix1526,97,7,0,177,0,35.50
fold2_room1_mix1526,98,7,0,177,0,34.61
fold2_room1_mix1526,99,7,0,177,0,37.62
fold2_room1_mix1527,4,7,0,179,0,22.15
fold2_room1_mix1527,5,7,0,179,0,26.22
fold2_room1_mix1527,6,7,0,179,0,27.82
fold2_room1_mix1527,7,7,0,179,0,31.82
fold2_room1_mix1527,8,7,0,179,0,32.21
fold2_room1_mix1527,9,7,0,179,0,31.13
fold2_room1_mix1527,10,7,0,179,0,24.86
fold2_room1_mix1527,11,7,0,176,0,33.31
fold2_room1_mix1527,12,7,0,176,0,30.28
fold2_room1_mix1527,13,7,0,176,0,30.63
fold2_room1_mix1527,14,7,0,176,0,31.72
fold2_room1_mix1527,15,7,0,177,0,31.94
fold2_room1_mix1527,16,7,0,176,0,31.06
fold2_room1_mix1527,17,7,0,176,0,30.56
fold2_room1_mix1527,18,7,0,175,0,28.52
fold2_room1_mix1527,19,7,0,174,0,26.97
fold2_room1_mix1527,20,7,0,175,0,26.71
fold2_room1_mix1527,21,7,0,174,0,26.02
fold2_room1_mix1527,22,7,0,174,0,26.32
fold2_room1_mix1527,23,7,0,173,0,25.16
fold2_room1_mix1527,24,7,0,174,0,25.75
fold2_room1_mix1527,25,7,0,173,0,24.48
fold2_room1_mix1527,26,7,0,173,0,23.80
fold2_room1_mix1527,27,7,0,172,0,22.82
fold2_room1_mix1527,28,7,0,172,0,21.54
fold2_room1_mix1527,29,7,0,172,0,19.80
fold2_room1_mix1527,30,7,0,171,0,19.30
fold2_room1_mix1527,31,7,0,171,0,18.73
fold2_room1_mix1527,32,7,0,170,0,17.67
fold2_room1_mix1527,33,7,0,169,0,16.97
fold2_room1_mix1527,34,7,0,168,0,15.95
fold2_room1_mix1527,35,7,0,166,0,14.77
fold2_room1_mix1527,36,7,0,165,0,13.77
fold2_room1_mix1527,37,7,0,164,0,12.67
fold2_room1_mix1527,38,7,0,162,0,10.83
fold2_room1_mix1527,39,7,0,160,0,9.86
fold2_room1_mix1527,40,7,0,157,0,7.90
fold2_room1_mix1527,41,7,0,154,0,6.86
fold2_room1_mix1527,42,7,0,147,0,5.66
fold2_room1_mix1527,43,7,0,141,-1,5.05
fold2_room1_mix1527,44,7,0,133,-1,4.12
fold2_room1_mix1527,45,7,0,113,0,3.71
fold2_room1_mix1527,46,7,0,89,0,3.56
fold2_room1_mix1527,47,7,0,71,1,3.84
fold2_room1_mix1527,48,7,0,53,1,4.26
fold2_room1_mix1527,49,7,0,41,1,5.09
fold2_room1_mix1527,50,7,0,34,0,5.91
fold2_room1_mix1527,51,7,0,29,0,6.64
fold2_room1_mix1527,52,7,0,25,0,7.92
fold2_room1_mix1527,53,7,0,25,0,8.23
fold2_room1_mix1527,54,7,0,19,0,9.32
fold2_room1_mix1527,55,7,0,17,0,10.67
fold2_room1_mix1527,56,7,0,16,0,11.46
fold2_room1_mix1527,57,7,0,14,0,12.27
fold2_room1_mix1527,58,7,0,13,0,13.46
fold2_room1_mix1527,59,7,0,13,0,14.85
fold2_room1_mix1527,60,7,0,12,0,15.52
fold2_room1_mix1527,61,7,0,12,0,16.61
fold2_room1_mix1527,62,7,0,11,0,17.55
fold2_room1_mix1527,63,7,0,11,0,18.74
fold2_room1_mix1527,64,7,0,11,0,19.51
fold2_room1_mix1527,65,7,0,10,0,20.85
fold2_room1_mix1527,66,7,0,9,0,22.58
fold2_room1_mix1527,67,7,0,9,0,23.11
fold2_room1_mix1527,68,7,0,9,0,24.92
fold2_room1_mix1527,69,7,0,8,0,26.73
fold2_room1_mix1527,70,7,0,8,0,26.17
fold2_room1_mix1527,71,7,0,8,0,29.04
fold2_room1_mix1527,72,7,0,8,0,28.85
fold2_room1_mix1527,73,7,0,8,0,29.63
fold2_room1_mix1527,74,7,0,8,0,29.89
fold2_room1_mix1527,75,7,0,7,0,31.76
fold2_room1_mix1527,76,7,0,7,0,33.57
fold2_room1_mix1527,77,7,0,7,0,33.76
fold2_room1_mix1527,78,7,0,7,0,34.23
fold2_room1_mix1527,79,7,0,7,0,35.32
fold2_room1_mix1527,80,7,0,6,0,34.53
fold2_room1_mix1527,81,7,0,6,0,35.72
fold2_room1_mix1527,82,7,0,6,0,37.22
fold2_room1_mix1527,83,7,0,6,0,37.80
fold2_room1_mix1527,84,7,0,6,0,38.28
fold2_room1_mix1527,85,7,0,6,0,40.39
fold2_room1_mix1527,86,7,0,6,0,39.72
fold2_room1_mix1527,87,7,0,6,0,40.14
fold2_room1_mix1527,88,7,0,6,0,42.17
fold2_room1_mix1527,89,7,0,6,0,44.67
fold2_room1_mix1527,90,7,0,6,0,45.00
fold2_room1_mix1527,91,7,0,6,0,47.63
fold2_room1_mix1527,92,7,0,6,0,48.93
fold2_room1_mix1527,93,7,0,6,0,49.04
fold2_room1_mix1527,94,7,0,5,0,50.02
fold2_room1_mix1527,95,7,0,6,0,50.26
fold2_room1_mix1527,96,7,0,5,0,50.42
fold2_room1_mix1527,97,7,0,5,0,54.01
fold2_room1_mix1527,98,7,0,5,0,55.98
fold2_room1_mix1527,99,7,0,5,0,53.35
fold2_room1_mix1528,3,7,0,-177,0,4.15
fold2_room1_mix1528,4,7,0,-176,0,22.40
fold2_room1_mix1528,5,7,0,-177,0,24.22
fold2_room1_mix1528,6,7,0,-176,0,25.08
fold2_room1_mix1528,7,7,0,-174,-1,25.95
fold2_room1_mix1528,8,7,0,-175,-1,25.98
fold2_room1_mix1528,9,7,0,-174,-1,24.90
fold2_room1_mix1528,10,7,0,-174,-1,24.93
fold2_room1_mix1528,11,7,0,-173,-1,23.24
fold2_room1_mix1528,12,7,0,-173,-1,22.16
fold2_room1_mix1528,13,7,0,-172,-1,21.79
fold2_room1_mix1528,14,7,0,-172,-1,20.98
fold2_room1_mix1528,15,7,0,-172,-1,20.00
fold2_room1_mix1528,16,7,0,-173,-1,19.58
fold2_room1_mix1528,17,7,0,-172,-1,19.30
fold2_room1_mix1528,18,7,0,-171,-1,18.29
fold2_room1_mix1528,19,7,0,-171,-1,18.21
fold2_room1_mix1528,20,7,0,-170,-1,16.35
fold2_room1_mix1528,21,7,0,-169,-1,16.24
fold2_room1_mix1528,22,7,0,-169,-1,15.63
fold2_room1_mix1528,23,7,0,-167,-1,13.43
fold2_room1_mix1528,24,7,0,-166,-1,12.59
fold2_room1_mix1528,25,7,0,-164,-1,11.95
fold2_room1_mix1528,26,7,0,-163,-1,10.97
fold2_room1_mix1528,27,7,0,-162,-1,10.08
fold2_room1_mix1528,28,7,0,-159,-2,8.42
fold2_room1_mix1528,29,7,0,-157,-2,7.63
fold2_room1_mix1528,30,7,0,-155,-2,6.82
fold2_room1_mix1528,31,7,0,-149,-3,5.16
fold2_room1_mix1528,32,7,0,-145,-3,5.37
fold2_room1_mix1528,33,7,0,-138,-4,4.15
fold2_room1_mix1528,34,7,0,-127,-4,3.59
fold2_room1_mix1528,35,7,0,-109,-5,2.96
fold2_room1_mix1528,36,7,0,-92,-5,2.94
fold2_room1_mix1528,37,7,0,-77,-4,3.07
fold2_room1_mix1528,38,7,0,-57,-3,3.84
fold2_room1_mix1528,39,7,0,-47,-3,4.38
fold2_room1_mix1528,40,7,0,-39,-2,5.04
fold2_room1_mix1528,41,7,0,-34,-1,5.51
fold2_room1_mix1528,42,7,0,-29,-1,6.51
fold2_room1_mix1528,43,7,0,-25,-1,6.91
fold2_room1_mix1528,44,7,0,-23,-1,7.61
fold2_room1_mix1528,45,7,0,-20,-1,8.43
fold2_room1_mix1528,46,7,0,-19,-1,8.93
fold2_room1_mix1528,47,7,0,-17,0,10.15
fold2_room1_mix1528,48,7,0,-16,0,10.73
fold2_room1_mix1528,49,7,0,-15,0,11.72
fold2_room1_mix1528,50,7,0,-14,0,13.10
fold2_room1_mix1528,51,7,0,-13,0,13.18
fold2_room1_mix1528,52,7,0,-11,0,15.03
fold2_room1_mix1528,53,7,0,-11,0,15.97
fold2_room1_mix1528,54,7,0,-10,0,17.06
fold2_room1_mix1528,55,7,0,-9,0,17.95
fold2_room1_mix1528,56,7,0,-8,0,18.80
fold2_room1_mix1528,57,7,0,-9,0,19.75
fold2_room1_mix1528,58,7,0,-8,0,20.92
fold2_room1_mix1528,59,7,0,-7,0,22.11
fold2_room1_mix1528,60,7,0,-7,0,22.10
fold2_room1_mix1528,61,7,0,-6,0,24.18
fold2_room1_mix1528,62,7,0,-5,0,25.77
fold2_room1_mix1528,63,7,0,-5,0,25.55
fold2_room1_mix1528,64,7,0,-5,0,27.00
fold2_room1_mix1528,65,7,0,-5,0,27.71
fold2_room1_mix1528,66,7,0,-4,0,28.61
fold2_room1_mix1528,67,7,0,-4,0,28.41
fold2_room1_mix1528,68,7,0,-4,0,29.83
fold2_room1_mix1528,69,7,0,-4,0,30.34
fold2_room1_mix1528,70,7,0,-3,0,31.85
fold2_room1_mix1528,71,7,0,-4,0,31.78
fold2_room1_mix1528,72,7,0,-3,0,33.48
fold2_room1_mix1528,73,7,0,-3,0,34.21
fold2_room1_mix1528,74,7,0,-4,0,34.32
fold2_room1_mix1528,75,7,0,-3,0,35.82
fold2_room1_mix1528,76,7,0,-4,0,35.50
fold2_room1_mix1528,77,7,0,-4,0,37.28
fold2_room1_mix1528,78,7,0,-4,0,38.21
fold2_room1_mix1528,79,7,0,-4,0,38.14
fold2_room1_mix1528,80,7,0,-4,0,38.25
fold2_room1_mix1528,81,7,0,-5,0,39.43
fold2_room1_mix1528,82,7,0,-3,0,41.82
fold2_room1_mix1528,83,7,0,-3,0,42.04
fold2_room1_mix1528,84,7,0,-3,0,42.10
fold2_room1_mix1528,85,7,0,-3,0,42.47
fold2_room1_mix1528,86,7,0,-3,0,44.57
fold2_room1_mix1528,87,7,0,-2,0,45.80
fold2_room1_mix1528,88,7,0,-2,0,47.04
fold2_room1_mix1528,89,7,0,-2,0,47.60
fold2_room1_mix1528,90,7,0,-3,0,48.05
fold2_room1_mix1528,91,7,0,-2,0,50.09
fold2_room1_mix1528,92,7,0,-3,0,49.70
fold2_room1_mix1528,93,7,0,-3,0,48.25
fold2_room1_mix1528,94,7,0,-2,0,51.78
fold2_room1_mix1528,95,7,0,-2,0,54.80
fold2_room1_mix1528,96,7,0,-2,0,52.54
fold2_room1_mix1528,97,7,0,-2,0,53.48
fold2_room1_mix1528,98,7,0,-3,0,55.53
fold2_room1_mix1528,99,7,0,-2,0,53.00
fold2_room1_mix1529,3,7,0,-1,0,7.55
fold2_room1_mix1529,4,7,0,1,0,26.32
fold2_room1_mix1529,5,7,0,1,0,27.25
fold2_room1_mix1529,6,7,0,1,0,35.25
fold2_room1_mix1529,7,7,0,1,0,36.98
fold2_room1_mix1529,8,7,0,2,0,33.82
fold2_room1_mix1529,9,7,0,1,0,33.57
fold2_room1_mix1529,10,7,0,1,0,34.16
fold2_room1_mix1529,11,7,0,1,0,34.49
fold2_room1_mix1529,12,7,0,2,0,33.97
fold2_room1_mix1529,13,7,0,1,0,32.50
fold2_room1_mix1529,14,7,0,1,0,31.99
fold2_room1_mix1529,15,7,0,1,0,32.45
fold2_room1_mix1529,16,7,0,1,0,31.73
fold2_room1_mix1529,17,7,0,0,0,32.23
fold2_room1_mix1529,18,7,0,0,0,31.66
fold2_room1_mix1529,19,7,0,0,0,29.18
fold2_room1_mix1529,20,7,0,0,0,30.13
fold2_room1_mix1529,21,7,0,0,0,30.39
fold2_room1_mix1529,22,7,0,0,0,30.61
fold2_room1_mix1529,23,7,0,0,0,28.02
fold2_room1_mix1529,24,7,0,0,0,28.72
fold2_room1_mix1529,25,7,0,-1,0,29.42
fold2_room1_mix1529,26,7,0,-1,0,26.09
fold2_room1_mix1529,27,7,0,-3,0,26.05
fold2_room1_mix1529,28,7,0,-4,0,24.34
fold2_room1_mix1529,29,7,0,-5,0,22.14
fold2_room1_mix1529,30,7,0,-6,0,21.14
fold2_room1_mix1529,31,7,0,-7,0,20.19
fold2_room1_mix1529,32,7,0,-8,0,18.25
fold2_room1_mix1529,33,7,0,-7,0,18.18
fold2_room1_mix1529,34,7,0,-7,0,17.65
fold2_room1_mix1529,35,7,0,-8,0,16.93
fold2_room1_mix1529,36,7,0,-7,0,16.67
fold2_room1_mix1529,37,7,0,-9,0,15.26
fold2_room1_mix1529,38,7,0,-10,0,14.35
fold2_room1_mix1529,39,7,0,-11,0,13.58
fold2_room1_mix1529,40,7,0,-12,0,12.94
fold2_room1_mix1529,41,7,0,-13,-1,11.97
fold2_room1_mix1529,42,7,0,-14,-1,11.14
fold2_room1_mix1529,43,7,0,-16,-1,9.93
fold2_room1_mix1529,44,7,0,-16,-1,9.25
fold2_room1_mix1529,45,7,0,-20,-1,8.29
fold2_room1_mix1529,46,7,0,-20,-1,7.84
fold2_room1_mix1529,47,7,0,-23,-2,7.08
fold2_room1_mix1529,48,7,0,-25,-2,5.88
fold2_room1_mix1529,49,7,0,-29,-3,5.50
fold2_room1_mix1529,50,7,0,-31,-3,4.85
fold2_room1_mix1529,51,7,0,-37,-4,4.24
fold2_room1_mix1529,52,7,0,-43,-5,3.60
fold2_room1_mix1529,53,7,0,-51,-4,3.22
fold2_room1_mix1529,54,7,0,-61,-5,2.87
fold2_room1_mix1529,55,7,0,-79,-5,2.61
fold2_room1_mix1529,56,7,0,-100,-5,2.53
fold2_room1_mix1529,57,7,0,-116,-4,3.05
fold2_room1_mix1529,58,7,0,-126,-3,3.26
fold2_room1_mix1529,59,7,0,-139,-3,3.92
fold2_room1_mix1529,60,7,0,-145,-3,4.46
fold2_room1_mix1529,61,7,0,-149,-2,5.27
fold2_room1_mix1529,62,7,0,-153,-2,5.77
fold2_room1_mix1529,63,7,0,-155,-2,6.35
fold2_room1_mix1529,64,7,0,-156,-2,6.89
fold2_room1_mix1529,65,7,0,-158,-2,7.39
fold2_room1_mix1529,66,7,0,-160,-1,8.46
fold2_room1_mix1529,67,7,0,-162,-1,8.89
fold2_room1_mix1529,68,7,0,-163,-1,9.85
fold2_room1_mix1529,69,7,0,-164,-1,10.77
fold2_room1_mix1529,70,7,0,-164,-1,11.49
fold2_room1_mix1529,71,7,0,-166,-1,12.55
fold2_room1_mix1529,72,7,0,-166,-1,12.83
fold2_room1_mix1529,73,7,0,-166,0,13.18
fold2_room1_mix1529,74,7,0,-167,0,13.71
fold2_room1_mix1529,75,7,0,-169,0,14.15
fold2_room1_mix1529,76,7,0,-168,0,15.23
fold2_room1_mix1529,77,7,0,-168,0,15.98
fold2_room1_mix1529,78,7,0,-170,0,16.97
fold2_room1_mix1529,79,7,0,-171,0,18.10
fold2_room1_mix1529,80,7,0,-170,0,18.40
fold2_room1_mix1529,81,7,0,-172,0,20.36
fold2_room1_mix1529,82,7,0,-172,0,20.47
fold2_room1_mix1529,83,7,0,-172,0,20.72
fold2_room1_mix1529,84,7,0,-172,0,22.05
fold2_room1_mix1529,85,7,0,-172,0,22.86
fold2_room1_mix1529,86,7,0,-173,0,24.27
fold2_room1_mix1529,87,7,0,-173,0,25.13
fold2_room1_mix1529,88,7,0,-173,0,25.02
fold2_room1_mix1529,89,7,0,-173,0,27.23
fold2_room1_mix1529,90,7,0,-174,0,27.05
fold2_room1_mix1529,91,7,0,-174,0,27.93
fold2_room1_mix1529,92,7,0,-174,0,28.90
fold2_room1_mix1529,93,7,0,-174,0,28.77
fold2_room1_mix1529,94,7,0,-175,0,30.27
fold2_room1_mix1529,95,7,0,-174,0,30.64
fold2_room1_mix1529,96,7,0,-174,0,30.54
fold2_room1_mix1529,97,7,0,-174,0,31.64
fold2_room1_mix1529,98,7,0,-175,0,32.92
fold2_room1_mix1529,99,7,0,-174,0,32.51
fold2_room1_mix1530,3,7,0,-177,0,8.46
fold2_room1_mix1530,4,7,0,179,0,27.67
fold2_room1_mix1530,5,7,0,179,0,33.95
fold2_room1_mix1530,6,7,0,179,0,37.68
fold2_room1_mix1530,7,7,0,179,0,40.71
fold2_room1_mix1530,8,7,0,179,0,45.47
fold2_room1_mix1530,9,7,0,179,0,42.34
fold2_room1_mix1530,10,7,0,179,0,40.49
fold2_room1_mix1530,11,7,0,179,0,42.46
fold2_room1_mix1530,12,7,0,179,0,41.38
fold2_room1_mix1530,13,7,0,179,0,41.85
fold2_room1_mix1530,14,7,0,178,0,40.95
fold2_room1_mix1530,15,7,0,179,0,40.69
fold2_room1_mix1530,16,7,0,178,0,38.06
fold2_room1_mix1530,17,7,0,178,0,38.97
fold2_room1_mix1530,18,7,0,178,0,38.03
fold2_room1_mix1530,19,7,0,176,0,35.47
fold2_room1_mix1530,20,7,0,177,0,35.24
fold2_room1_mix1530,21,7,0,176,0,34.99
fold2_room1_mix1530,22,7,0,177,0,33.94
fold2_room1_mix1530,23,7,0,177,0,32.80
fold2_room1_mix1530,24,7,0,176,0,31.25
fold2_room1_mix1530,25,7,0,176,0,30.41
fold2_room1_mix1530,26,7,0,176,0,31.56
fold2_room1_mix1530,27,7,0,175,0,30.73
fold2_room1_mix1530,28,7,0,175,0,30.15
fold2_room1_mix1530,29,7,0,175,0,29.63
fold2_room1_mix1530,30,7,0,174,0,28.31
fold2_room1_mix1530,31,7,0,174,0,27.33
fold2_room1_mix1530,32,7,0,174,0,24.78
fold2_room1_mix1530,33,7,0,173,0,23.37
fold2_room1_mix1530,34,7,0,173,0,21.39
fold2_room1_mix1530,35,7,0,172,0,19.73
fold2_room1_mix1530,36,7,0,172,0,19.28
fold2_room1_mix1530,37,7,0,171,0,17.56
fold2_room1_mix1530,38,7,0,170,0,16.86
fold2_room1_mix1530,39,7,0,169,0,14.98
fold2_room1_mix1530,40,7,0,167,0,13.79
fold2_room1_mix1530,41,7,0,166,0,12.67
fold2_room1_mix1530,42,7,0,163,0,11.36
fold2_room1_mix1530,43,7,0,162,-1,9.40
fold2_room1_mix1530,44,7,0,157,-1,8.13
fold2_room1_mix1530,45,7,0,154,-1,6.84
fold2_room1_mix1530,46,7,0,147,-1,6.04
fold2_room1_mix1530,47,7,0,141,-1,4.82
fold2_room1_mix1530,48,7,0,127,-1,3.93
fold2_room1_mix1530,49,7,0,99,0,3.03
fold2_room1_mix1530,50,7,0,72,0,3.34
fold2_room1_mix1530,51,7,0,51,0,3.63
fold2_room1_mix1530,52,7,0,40,0,4.71
fold2_room1_mix1530,53,7,0,32,0,5.67
fold2_room1_mix1530,54,7,0,26,0,6.48
fold2_room1_mix1530,55,7,0,23,0,7.47
fold2_room1_mix1530,56,7,0,20,0,8.96
fold2_room1_mix1530,57,7,0,17,0,9.67
fold2_room1_mix1530,58,7,0,16,0,10.75
fold2_room1_mix1530,59,7,0,13,0,12.03
fold2_room1_mix1530,60,7,0,12,0,13.42
fold2_room1_mix1530,61,7,0,12,0,13.89
fold2_room1_mix1530,62,7,0,10,0,14.69
fold2_room1_mix1530,63,7,0,10,0,16.20
fold2_room1_mix1530,64,7,0,10,0,17.90
fold2_room1_mix1530,65,7,0,9,0,18.60
fold2_room1_mix1530,66,7,0,9,0,20.23
fold2_room1_mix1530,67,7,0,8,0,21.06
fold2_room1_mix1530,68,7,0,8,0,21.73
fold2_room1_mix1530,69,7,0,8,0,24.55
fold2_room1_mix1530,70,7,0,7,0,26.70
fold2_room1_mix1530,71,7,0,8,0,27.91
fold2_room1_mix1530,72,7,0,7,0,29.82
fold2_room1_mix1530,73,7,0,7,0,29.97
fold2_room1_mix1530,74,7,0,7,0,30.07
fold2_room1_mix1530,75,7,0,7,0,32.12
fold2_room1_mix1530,76,7,0,6,0,33.15
fold2_room1_mix1530,77,7,0,7,0,33.26
fold2_room1_mix1530,78,7,0,6,0,33.02
fold2_room1_mix1530,79,7,0,6,0,35.34
fold2_room1_mix1530,80,7,0,6,0,36.25
fold2_room1_mix1530,81,7,0,6,0,37.41
fold2_room1_mix1530,82,7,0,6,0,38.50
fold2_room1_mix1530,83,7,0,5,0,39.49
fold2_room1_mix1530,84,7,0,6,0,41.46
fold2_room1_mix1530,85,7,0,6,0,41.23
fold2_room1_mix1530,86,7,0,6,0,41.51
fold2_room1_mix1530,87,7,0,6,0,43.18
fold2_room1_mix1530,88,7,0,5,0,46.17
fold2_room1_mix1530,89,7,0,5,0,46.07
fold2_room1_mix1530,90,7,0,5,0,46.39
fold2_room1_mix1530,91,7,0,5,0,48.10
fold2_room1_mix1530,92,7,0,5,0,51.93
fold2_room1_mix1530,93,7,0,5,0,50.70
fold2_room1_mix1530,94,7,0,5,0,53.15
fold2_room1_mix1530,95,7,0,5,0,54.98
fold2_room1_mix1530,96,7,0,5,0,55.18
fold2_room1_mix1530,97,7,0,4,0,57.46
fold2_room1_mix1530,98,7,0,4,0,57.18
fold2_room1_mix1530,99,7,0,4,0,57.11
fold2_room1_mix1531,3,7,0,-178,0,9.47
fold2_room1_mix1531,4,7,0,-178,0,29.30
fold2_room1_mix1531,5,7,0,-179,0,29.67
fold2_room1_mix1531,6,7,0,-179,0,33.46
fold2_room1_mix1531,7,7,0,-178,0,39.18
fold2_room1_mix1531,8,7,0,-179,0,37.13
fold2_room1_mix1531,9,7,0,-179,0,38.75
fold2_room1_mix1531,10,7,0,-178,0,34.97
fold2_room1_mix1531,11,7,0,-178,0,39.14
fold2_room1_mix1531,12,7,0,-179,0,38.36
fold2_room1_mix1531,13,7,0,-178,0,38.02
fold2_room1_mix1531,14,7,0,-179,0,37.56
fold2_room1_mix1531,15,7,0,-178,0,35.38
fold2_room1_mix1531,16,7,0,-178,0,34.26
fold2_room1_mix1531,17,7,0,-178,0,33.64
fold2_room1_mix1531,18,7,0,-177,0,32.13
fold2_room1_mix1531,19,7,0,-177,0,33.27
fold2_room1_mix1531,20,7,0,-177,0,32.71
fold2_room1_mix1531,21,7,0,-178,0,32.98
fold2_room1_mix1531,22,7,0,-178,0,33.53
fold2_room1_mix1531,23,7,0,-177,0,31.92
fold2_room1_mix1531,24,7,0,-177,0,31.65
fold2_room1_mix1531,25,7,0,-177,0,31.89
fold2_room1_mix1531,26,7,0,-177,0,30.40
fold2_room1_mix1531,27,7,0,-177,0,31.03
fold2_room1_mix1531,28,7,0,-178,0,30.40
fold2_room1_mix1531,29,7,0,-176,0,27.83
fold2_room1_mix1531,30,7,0,-176,0,27.32
fold2_room1_mix1531,31,7,0,-175,-1,24.72
fold2_room1_mix1531,32,7,0,-174,0,24.09
fold2_room1_mix1531,33,7,0,-173,-1,21.68
fold2_room1_mix1531,34,7,0,-174,-1,21.17
fold2_room1_mix1531,35,7,0,-174,-1,21.57
fold2_room1_mix1531,36,7,0,-171,-1,19.29
fold2_room1_mix1531,37,7,0,-171,-1,18.82
fold2_room1_mix1531,38,7,0,-171,-1,17.88
fold2_room1_mix1531,39,7,0,-169,-1,15.64
fold2_room1_mix1531,40,7,0,-168,-1,15.52
fold2_room1_mix1531,41,7,0,-166,-1,13.06
fold2_room1_mix1531,42,7,0,-166,-1,12.60
fold2_room1_mix1531,43,7,0,-164,-1,11.09
fold2_room1_mix1531,44,7,0,-163,-1,10.33
fold2_room1_mix1531,45,7,0,-160,-1,8.62
fold2_room1_mix1531,46,7,0,-159,-1,8.06
fold2_room1_mix1531,47,7,0,-156,-2,7.09
fold2_room1_mix1531,48,7,0,-150,-2,5.83
fold2_room1_mix1531,49,7,0,-146,-3,4.97
fold2_room1_mix1531,50,7,0,-141,-3,4.14
fold2_room1_mix1531,51,7,0,-129,-4,3.05
fold2_room1_mix1531,52,7,0,-117,-4,2.72
fold2_room1_mix1531,53,7,0,-92,-4,2.77
fold2_room1_mix1531,54,7,0,-69,-4,2.93
fold2_room1_mix1531,55,7,0,-55,-2,3.47
fold2_room1_mix1531,56,7,0,-43,-2,4.28
fold2_room1_mix1531,57,7,0,-37,-2,4.70
fold2_room1_mix1531,58,7,0,-29,-1,5.66
fold2_room1_mix1531,59,7,0,-25,-1,6.73
fold2_room1_mix1531,60,7,0,-21,-1,7.43
fold2_room1_mix1531,61,7,0,-20,0,7.78
fold2_room1_mix1531,62,7,0,-17,0,8.56
fold2_room1_mix1531,63,7,0,-16,0,8.94
fold2_room1_mix1531,64,7,0,-16,0,9.79
fold2_room1_mix1531,65,7,0,-13,0,11.57
fold2_room1_mix1531,66,7,0,-12,0,12.15
fold2_room1_mix1531,67,7,0,-12,0,12.85
fold2_room1_mix1531,68,7,0,-10,0,14.11
fold2_room1_mix1531,69,7,0,-8,0,15.36
fold2_room1_mix1531,70,7,0,-8,0,16.27
fold2_room1_mix1531,71,7,0,-7,0,17.34
fold2_room1_mix1531,72,7,0,-6,0,19.21
fold2_room1_mix1531,73,7,0,-6,0,20.11
fold2_room1_mix1531,74,7,0,-6,0,21.00
fold2_room1_mix1531,75,7,0,-6,0,21.66
fold2_room1_mix1531,76,7,0,-5,0,23.10
fold2_room1_mix1531,77,7,0,-5,0,23.53
fold2_room1_mix1531,78,7,0,-5,0,25.80
fold2_room1_mix1531,79,7,0,-4,0,27.52
fold2_room1_mix1531,80,7,0,-4,0,27.55
fold2_room1_mix1531,81,7,0,-3,0,28.70
fold2_room1_mix1531,82,7,0,-3,0,30.27
fold2_room1_mix1531,83,7,0,-2,0,30.87
fold2_room1_mix1531,84,7,0,-2,0,31.76
fold2_room1_mix1531,85,7,0,-2,0,33.27
fold2_room1_mix1531,86,7,0,-2,0,33.89
fold2_room1_mix1531,87,7,0,-2,0,32.82
fold2_room1_mix1531,88,7,0,-2,0,34.11
fold2_room1_mix1531,89,7,0,-2,0,35.56
fold2_room1_mix1531,90,7,0,-2,0,35.93
fold2_room1_mix1531,91,7,0,-2,0,37.91
fold2_room1_mix1531,92,7,0,-2,0,38.47
fold2_room1_mix1531,93,7,0,-2,0,38.18
fold2_room1_mix1531,94,7,0,-2,0,39.71
fold2_room1_mix1531,95,7,0,-2,0,39.03
fold2_room1_mix1531,96,7,0,-2,0,40.07
fold2_room1_mix1531,97,7,0,-2,0,44.41
fold2_room1_mix1531,98,7,0,-2,0,44.49
fold2_room1_mix1531,99,7,0,-2,0,43.74
fold2_room1_mix1532,3,7,0,0,0,9.45
fold2_room1_mix1532,4,7,0,2,0,29.99
fold2_room1_mix1532,5,7,0,3,0,28.30
fold2_room1_mix1532,6,7,0,3,0,31.91
fold2_room1_mix1532,7,7,0,4,0,37.42
fold2_room1_mix1532,8,7,0,4,0,37.29
fold2_room1_mix1532,9,7,0,4,0,35.06
fold2_room1_mix1532,10,7,0,4,0,35.20
fold2_room1_mix1532,11,7,0,5,0,34.31
fold2_room1_mix1532,12,7,0,5,0,33.72
fold2_room1_mix1532,13,7,0,4,0,32.39
fold2_room1_mix1532,14,7,0,4,0,31.75
fold2_room1_mix1532,15,7,0,4,0,33.93
fold2_room1_mix1532,16,7,0,5,0,32.64
fold2_room1_mix1532,17,7,0,4,0,34.66
fold2_room1_mix1532,18,7,0,5,0,35.20
fold2_room1_mix1532,19,7,0,4,0,35.13
fold2_room1_mix1532,20,7,0,4,0,34.20
fold2_room1_mix1532,21,7,0,4,0,34.72
fold2_room1_mix1532,22,7,0,5,0,34.11
fold2_room1_mix1532,23,7,0,5,0,33.51
fold2_room1_mix1532,24,7,0,4,0,33.91
fold2_room1_mix1532,25,7,0,5,0,34.75
fold2_room1_mix1532,26,7,0,5,0,32.55
fold2_room1_mix1532,27,7,0,5,0,32.55
fold2_room1_mix1532,28,7,0,6,0,32.61
fold2_room1_mix1532,29,7,0,6,0,32.44
fold2_room1_mix1532,30,7,0,6,0,32.36
fold2_room1_mix1532,31,7,0,8,0,31.26
fold2_room1_mix1532,32,7,0,7,0,32.46
fold2_room1_mix1532,33,7,0,8,0,29.75
fold2_room1_mix1532,34,7,0,8,0,29.15
fold2_room1_mix1532,35,7,0,9,0,29.03
fold2_room1_mix1532,36,7,0,9,0,27.31
fold2_room1_mix1532,37,7,0,9,0,25.18
fold2_room1_mix1532,38,7,0,10,0,24.27
fold2_room1_mix1532,39,7,0,11,0,23.29
fold2_room1_mix1532,40,7,0,11,0,21.38
fold2_room1_mix1532,41,7,0,12,0,19.76
fold2_room1_mix1532,42,7,0,13,0,18.49
fold2_room1_mix1532,43,7,0,13,0,17.73
fold2_room1_mix1532,44,7,0,14,0,17.15
fold2_room1_mix1532,45,7,0,13,0,16.39
fold2_room1_mix1532,46,7,0,14,0,15.76
fold2_room1_mix1532,47,7,0,15,0,14.72
fold2_room1_mix1532,48,7,0,15,0,13.91
fold2_room1_mix1532,49,7,0,16,0,13.36
fold2_room1_mix1532,50,7,0,17,0,12.53
fold2_room1_mix1532,51,7,0,19,0,11.65
fold2_room1_mix1532,52,7,0,19,0,10.32
fold2_room1_mix1532,53,7,0,21,0,9.78
fold2_room1_mix1532,54,7,0,24,0,8.38
fold2_room1_mix1532,55,7,0,23,-1,7.97
fold2_room1_mix1532,56,7,0,25,-1,7.30
fold2_room1_mix1532,57,7,0,31,0,5.63
fold2_room1_mix1532,58,7,0,36,-1,4.65
fold2_room1_mix1532,59,7,0,41,-1,4.02
fold2_room1_mix1532,60,7,0,48,-1,3.90
fold2_room1_mix1532,61,7,0,58,-2,3.55
fold2_room1_mix1532,62,7,0,73,-1,3.48
fold2_room1_mix1532,63,7,0,88,-1,3.01
fold2_room1_mix1532,64,7,0,107,0,3.29
fold2_room1_mix1532,65,7,0,120,0,3.87
fold2_room1_mix1532,66,7,0,131,0,4.25
fold2_room1_mix1532,67,7,0,139,0,4.64
fold2_room1_mix1532,68,7,0,145,0,5.46
fold2_room1_mix1532,69,7,0,148,0,5.96
fold2_room1_mix1532,70,7,0,151,0,6.46
fold2_room1_mix1532,71,7,0,155,0,6.81
fold2_room1_mix1532,72,7,0,157,0,7.69
fold2_room1_mix1532,73,7,0,159,0,8.45
fold2_room1_mix1532,74,7,0,161,0,9.36
fold2_room1_mix1532,75,7,0,161,0,10.30
fold2_room1_mix1532,76,7,0,162,0,10.96
fold2_room1_mix1532,77,7,0,163,0,12.01
fold2_room1_mix1532,78,7,0,164,0,12.60
fold2_room1_mix1532,79,7,0,165,0,13.14
fold2_room1_mix1532,80,7,0,165,0,13.81
fold2_room1_mix1532,81,7,0,166,0,14.84
fold2_room1_mix1532,82,7,0,167,0,14.98
fold2_room1_mix1532,83,7,0,168,0,15.88
fold2_room1_mix1532,84,7,0,168,0,16.21
fold2_room1_mix1532,85,7,0,168,0,16.34
fold2_room1_mix1532,86,7,0,169,0,17.83
fold2_room1_mix1532,87,7,0,170,0,18.20
fold2_room1_mix1532,88,7,0,170,0,19.14
fold2_room1_mix1532,89,7,0,170,0,20.56
fold2_room1_mix1532,90,7,0,171,0,21.11
fold2_room1_mix1532,91,7,0,171,0,22.22
fold2_room1_mix1532,92,7,0,171,0,22.98
fold2_room1_mix1532,93,7,0,172,0,24.19
fold2_room1_mix1532,94,7,0,171,0,25.00
fold2_room1_mix1532,95,7,0,171,0,24.98
fold2_room1_mix1532,96,7,0,172,0,26.70
fold2_room1_mix1532,97,7,0,172,0,28.19
fold2_room1_mix1532,98,7,0,172,0,26.90
fold2_room1_mix1532,99,7,0,173,0,29.14
fold2_room1_mix1533,4,7,0,2,0,17.44
fold2_room1_mix1533,5,7,0,2,0,26.61
fold2_room1_mix1533,6,7,0,0,0,22.98
fold2_room1_mix1533,7,7,0,1,0,28.17
fold2_room1_mix1533,8,7,0,1,0,30.76
fold2_room1_mix1533,9,7,0,2,0,28.45
fold2_room1_mix1533,10,7,0,2,0,31.80
fold2_room1_mix1533,11,7,0,3,0,35.72
fold2_room1_mix1533,12,7,0,1,0,30.70
fold2_room1_mix1533,13,7,0,3,0,30.64
fold2_room1_mix1533,14,7,0,1,0,26.67
fold2_room1_mix1533,15,7,0,3,0,31.35
fold2_room1_mix1533,16,7,0,3,0,28.99
fold2_room1_mix1533,17,7,0,2,0,24.61
fold2_room1_mix1533,18,7,0,4,0,22.55
fold2_room1_mix1533,19,7,0,5,0,26.12
fold2_room1_mix1533,20,7,0,3,0,25.45
fold2_room1_mix1533,21,7,0,2,0,22.02
fold2_room1_mix1533,22,7,0,3,0,20.28
fold2_room1_mix1533,23,7,0,4,0,21.96
fold2_room1_mix1533,24,7,0,3,0,21.49
fold2_room1_mix1533,25,7,0,7,0,20.79
fold2_room1_mix1533,26,7,0,6,0,20.46
fold2_room1_mix1533,27,7,0,9,0,20.80
fold2_room1_mix1533,28,7,0,8,0,17.42
fold2_room1_mix1533,29,7,0,10,0,16.72
fold2_room1_mix1533,30,7,0,11,0,16.11
fold2_room1_mix1533,31,7,0,10,0,14.95
fold2_room1_mix1533,32,7,0,7,0,14.96
fold2_room1_mix1533,33,7,0,11,0,13.03
fold2_room1_mix1533,34,7,0,12,0,12.91
fold2_room1_mix1533,35,7,0,14,0,11.39
fold2_room1_mix1533,36,7,0,14,0,10.76
fold2_room1_mix1533,37,7,0,17,0,9.52
fold2_room1_mix1533,38,7,0,18,0,8.43
fold2_room1_mix1533,39,7,0,20,0,7.97
fold2_room1_mix1533,40,7,0,20,0,7.73
fold2_room1_mix1533,41,7,0,24,-1,6.21
fold2_room1_mix1533,42,7,0,29,-1,4.96
fold2_room1_mix1533,43,7,0,33,-1,4.32
fold2_room1_mix1533,44,7,0,38,-2,3.78
fold2_room1_mix1533,45,7,0,50,-1,3.20
fold2_room1_mix1533,46,7,0,58,-1,2.53
fold2_room1_mix1533,47,7,0,77,-2,2.61
fold2_room1_mix1533,48,7,0,98,-1,2.52
fold2_room1_mix1533,49,7,0,118,-1,2.72
fold2_room1_mix1533,50,7,0,129,-1,3.17
fold2_room1_mix1533,51,7,0,140,0,3.85
fold2_room1_mix1533,52,7,0,146,0,4.64
fold2_room1_mix1533,53,7,0,152,0,5.44
fold2_room1_mix1533,54,7,0,154,0,6.03
fold2_room1_mix1533,55,7,0,158,0,6.43
fold2_room1_mix1533,56,7,0,160,0,7.44
fold2_room1_mix1533,57,7,0,162,0,7.46
fold2_room1_mix1533,58,7,0,163,0,8.48
fold2_room1_mix1533,59,7,0,164,0,9.42
fold2_room1_mix1533,60,7,0,166,0,10.25
fold2_room1_mix1533,61,7,0,166,0,10.59
fold2_room1_mix1533,62,7,0,167,0,10.71
fold2_room1_mix1533,63,7,0,168,0,12.02
fold2_room1_mix1533,64,7,0,169,0,12.52
fold2_room1_mix1533,65,7,0,170,0,13.68
fold2_room1_mix1533,66,7,0,170,0,14.47
fold2_room1_mix1533,67,7,0,171,0,15.26
fold2_room1_mix1533,68,7,0,171,0,16.11
fold2_room1_mix1533,69,7,0,171,0,16.85
fold2_room1_mix1533,70,7,0,172,0,17.14
fold2_room1_mix1533,71,7,0,172,0,17.01
fold2_room1_mix1533,72,7,0,172,0,19.00
fold2_room1_mix1533,73,7,0,173,0,19.49
fold2_room1_mix1533,74,7,0,173,0,19.18
fold2_room1_mix1533,75,7,0,174,0,21.53
fold2_room1_mix1533,76,7,0,175,0,22.22
fold2_room1_mix1533,77,7,0,175,0,24.95
fold2_room1_mix1533,78,7,0,175,0,24.05
fold2_room1_mix1533,79,7,0,175,0,23.29
fold2_room1_mix1533,80,7,0,175,0,19.86
fold2_room1_mix1533,81,7,0,175,0,27.29
fold2_room1_mix1533,82,7,0,175,0,25.56
fold2_room1_mix1533,83,7,0,176,0,27.23
fold2_room1_mix1533,84,7,0,175,0,28.80
fold2_room1_mix1533,85,7,0,175,0,26.00
fold2_room1_mix1533,86,7,0,175,0,26.50
fold2_room1_mix1533,87,7,0,174,0,24.06
fold2_room1_mix1533,88,7,0,175,0,28.27
fold2_room1_mix1533,89,7,0,175,0,31.83
fold2_room1_mix1533,90,7,0,176,0,17.88
fold2_room1_mix1533,91,7,0,175,0,31.91
fold2_room1_mix1533,92,7,0,175,0,19.87
fold2_room1_mix1533,93,7,0,176,0,35.37
fold2_room1_mix1533,94,7,0,175,0,35.11
fold2_room1_mix1533,95,7,0,175,0,31.60
fold2_room1_mix1533,96,7,0,176,0,35.23
fold2_room1_mix1533,97,7,0,175,0,13.90
fold2_room1_mix1533,99,7,0,175,0,8.25
fold2_room1_mix1534,2,7,0,-176,0,3.77
fold2_room1_mix1534,3,7,0,-177,0,12.55
fold2_room1_mix1534,4,7,0,-176,0,23.86
fold2_room1_mix1534,5,7,0,-178,0,27.78
fold2_room1_mix1534,6,7,0,-177,0,29.19
fold2_room1_mix1534,7,7,0,-176,0,29.20
fold2_room1_mix1534,8,7,0,-176,0,29.36
fold2_room1_mix1534,9,7,0,-176,0,28.58
fold2_room1_mix1534,10,7,0,-174,-1,27.67
fold2_room1_mix1534,11,7,0,-174,-1,27.16
fold2_room1_mix1534,12,7,0,-173,-1,25.28
fold2_room1_mix1534,13,7,0,-172,-1,23.52
fold2_room1_mix1534,14,7,0,-172,-1,22.30
fold2_room1_mix1534,15,7,0,-171,-1,21.57
fold2_room1_mix1534,16,7,0,-171,-1,20.26
fold2_room1_mix1534,17,7,0,-170,-1,19.02
fold2_room1_mix1534,18,7,0,-169,-1,17.87
fold2_room1_mix1534,19,7,0,-169,-1,18.04
fold2_room1_mix1534,20,7,0,-168,-1,16.59
fold2_room1_mix1534,21,7,0,-166,-1,14.30
fold2_room1_mix1534,22,7,0,-164,-1,11.99
fold2_room1_mix1534,23,7,0,-162,-1,10.10
fold2_room1_mix1534,24,7,0,-159,-1,8.58
fold2_room1_mix1534,25,7,0,-155,-1,7.00
fold2_room1_mix1534,26,7,0,-147,-2,5.52
fold2_room1_mix1534,27,7,0,-137,-2,4.49
fold2_room1_mix1534,28,7,0,-129,-2,3.82
fold2_room1_mix1534,29,7,0,-105,-3,3.07
fold2_room1_mix1534,30,7,0,-88,-3,3.25
fold2_room1_mix1534,31,7,0,-66,-2,3.87
fold2_room1_mix1534,32,7,0,-47,-2,5.01
fold2_room1_mix1534,33,7,0,-37,-1,5.85
fold2_room1_mix1534,34,7,0,-33,-1,6.60
fold2_room1_mix1534,35,7,0,-29,-1,7.84
fold2_room1_mix1534,36,7,0,-22,-1,9.06
fold2_room1_mix1534,37,7,0,-21,-1,9.50
fold2_room1_mix1534,38,7,0,-17,0,11.42
fold2_room1_mix1534,39,7,0,-15,0,12.28
fold2_room1_mix1534,40,7,0,-14,0,13.44
fold2_room1_mix1534,41,7,0,-13,0,14.79
fold2_room1_mix1534,42,7,0,-11,0,16.07
fold2_room1_mix1534,43,7,0,-10,0,17.97
fold2_room1_mix1534,44,7,0,-10,0,18.81
fold2_room1_mix1534,45,7,0,-9,0,19.86
fold2_room1_mix1534,46,7,0,-8,0,22.40
fold2_room1_mix1534,47,7,0,-9,0,22.40
fold2_room1_mix1534,48,7,0,-7,0,23.66
fold2_room1_mix1534,49,7,0,-6,0,26.82
fold2_room1_mix1534,50,7,0,-5,0,28.27
fold2_room1_mix1534,51,7,0,-4,0,29.93
fold2_room1_mix1534,52,7,0,-4,0,30.61
fold2_room1_mix1534,53,7,0,-5,0,31.13
fold2_room1_mix1534,54,7,0,-4,0,32.82
fold2_room1_mix1534,55,7,0,-3,0,33.23
fold2_room1_mix1534,56,7,0,-3,0,35.27
fold2_room1_mix1534,57,7,0,-3,0,35.66
fold2_room1_mix1534,58,7,0,-2,0,36.48
fold2_room1_mix1534,59,7,0,-2,0,37.84
fold2_room1_mix1534,60,7,0,-3,0,39.11
fold2_room1_mix1534,61,7,0,-2,0,40.50
fold2_room1_mix1534,62,7,0,-2,0,42.61
fold2_room1_mix1534,63,7,0,-2,0,42.92
fold2_room1_mix1534,64,7,0,-2,0,46.50
fold2_room1_mix1534,65,7,0,-2,0,47.28
fold2_room1_mix1534,66,7,0,-2,0,48.68
fold2_room1_mix1534,67,7,0,-2,0,49.69
fold2_room1_mix1534,68,7,0,-2,0,53.26
fold2_room1_mix1534,69,7,0,-2,0,54.53
fold2_room1_mix1534,70,7,0,-2,0,57.10
fold2_room1_mix1534,71,7,0,-2,0,54.73
fold2_room1_mix1534,72,7,0,-2,0,57.07
fold2_room1_mix1534,73,7,0,-2,0,57.71
fold2_room1_mix1534,74,7,0,-2,0,58.81
fold2_room1_mix1534,75,7,0,-1,0,62.36
fold2_room1_mix1534,76,7,0,-2,0,63.15
fold2_room1_mix1534,77,7,0,-2,0,62.99
fold2_room1_mix1534,78,7,0,-1,0,66.01
fold2_room1_mix1534,79,7,0,-2,0,63.27
fold2_room1_mix1534,80,7,0,-2,0,64.42
fold2_room1_mix1534,81,7,0,-2,0,67.80
fold2_room1_mix1534,82,7,0,-2,0,68.80
fold2_room1_mix1534,83,7,0,-2,0,68.49
fold2_room1_mix1534,84,7,0,-2,0,71.36
fold2_room1_mix1534,85,7,0,-2,0,74.62
fold2_room1_mix1534,86,7,0,-2,0,74.37
fold2_room1_mix1534,87,7,0,-2,0,71.90
fold2_room1_mix1534,88,7,0,-1,0,75.40
fold2_room1_mix1534,89,7,0,-1,0,76.81
fold2_room1_mix1534,90,7,0,-1,0,77.73
fold2_room1_mix1534,91,7,0,-1,0,81.35
fold2_room1_mix1534,92,7,0,-1,0,75.72
fold2_room1_mix1534,93,7,0,-1,0,76.40
fold2_room1_mix1534,94,7,0,-1,0,78.11
fold2_room1_mix1534,95,7,0,0,0,77.77
fold2_room1_mix1534,96,7,0,-1,0,78.20
fold2_room1_mix1534,97,7,0,-1,0,81.18
fold2_room1_mix1534,98,7,0,-1,0,78.13
fold2_room1_mix1534,99,7,0,-1,0,75.04
fold2_room1_mix1535,2,7,0,-176,0,5.22
fold2_room1_mix1535,3,7,0,-179,0,25.80
fold2_room1_mix1535,4,7,0,-178,0,30.84
fold2_room1_mix1535,5,7,0,-179,0,34.37
fold2_room1_mix1535,6,7,0,-179,0,36.32
fold2_room1_mix1535,7,7,0,-177,0,37.93
fold2_room1_mix1535,8,7,0,-178,0,39.95
fold2_room1_mix1535,9,7,0,-177,0,36.41
fold2_room1_mix1535,10,7,0,-177,0,37.74
fold2_room1_mix1535,11,7,0,-178,0,37.61
fold2_room1_mix1535,12,7,0,-178,0,37.29
fold2_room1_mix1535,13,7,0,-177,0,34.98
fold2_room1_mix1535,14,7,0,-177,0,34.61
fold2_room1_mix1535,15,7,0,-176,0,34.16
fold2_room1_mix1535,16,7,0,-177,0,33.74
fold2_room1_mix1535,17,7,0,-175,0,32.78
fold2_room1_mix1535,18,7,0,-176,0,32.06
fold2_room1_mix1535,19,7,0,-177,0,30.19
fold2_room1_mix1535,20,7,0,-176,0,29.13
fold2_room1_mix1535,21,7,0,-176,0,29.23
fold2_room1_mix1535,22,7,0,-177,0,27.76
fold2_room1_mix1535,23,7,0,-175,0,25.14
fold2_room1_mix1535,24,7,0,-176,0,26.70
fold2_room1_mix1535,25,7,0,-175,0,24.75
fold2_room1_mix1535,26,7,0,-174,0,22.72
fold2_room1_mix1535,27,7,0,-173,0,21.69
fold2_room1_mix1535,28,7,0,-173,0,20.62
fold2_room1_mix1535,29,7,0,-172,-1,18.85
fold2_room1_mix1535,30,7,0,-172,-1,17.35
fold2_room1_mix1535,31,7,0,-171,-1,15.71
fold2_room1_mix1535,32,7,0,-169,-1,15.06
fold2_room1_mix1535,33,7,0,-167,-1,12.40
fold2_room1_mix1535,34,7,0,-166,-1,11.32
fold2_room1_mix1535,35,7,0,-163,-1,9.04
fold2_room1_mix1535,36,7,0,-160,-1,7.41
fold2_room1_mix1535,37,7,0,-156,-1,6.23
fold2_room1_mix1535,38,7,0,-150,-2,5.30
fold2_room1_mix1535,39,7,0,-141,-3,3.92
fold2_room1_mix1535,40,7,0,-128,-3,2.88
fold2_room1_mix1535,41,7,0,-96,-4,2.29
fold2_room1_mix1535,42,7,0,-62,-3,2.57
fold2_room1_mix1535,43,7,0,-45,-2,3.35
fold2_room1_mix1535,44,7,0,-34,-2,4.15
fold2_room1_mix1535,45,7,0,-26,-1,5.28
fold2_room1_mix1535,46,7,0,-19,-1,6.32
fold2_room1_mix1535,47,7,0,-16,-1,7.43
fold2_room1_mix1535,48,7,0,-13,0,8.67
fold2_room1_mix1535,49,7,0,-12,0,9.74
fold2_room1_mix1535,50,7,0,-9,0,11.30
fold2_room1_mix1535,51,7,0,-10,0,12.42
fold2_room1_mix1535,52,7,0,-9,0,13.44
fold2_room1_mix1535,53,7,0,-7,0,15.53
fold2_room1_mix1535,54,7,0,-6,0,16.44
fold2_room1_mix1535,55,7,0,-7,0,18.01
fold2_room1_mix1535,56,7,0,-6,0,19.11
fold2_room1_mix1535,57,7,0,-5,0,19.48
fold2_room1_mix1535,58,7,0,-5,0,20.88
fold2_room1_mix1535,59,7,0,-4,0,22.81
fold2_room1_mix1535,60,7,0,-3,0,24.39
fold2_room1_mix1535,61,7,0,-3,0,25.82
fold2_room1_mix1535,62,7,0,-3,0,27.14
fold2_room1_mix1535,63,7,0,-3,0,29.80
fold2_room1_mix1535,64,7,0,-2,0,32.16
fold2_room1_mix1535,65,7,0,-2,0,31.44
fold2_room1_mix1535,66,7,0,-2,0,32.26
fold2_room1_mix1535,67,7,0,-1,0,33.54
fold2_room1_mix1535,68,7,0,-2,0,35.66
fold2_room1_mix1535,69,7,0,-1,0,37.03
fold2_room1_mix1535,70,7,0,-1,0,37.91
fold2_room1_mix1535,71,7,0,-1,0,40.13
fold2_room1_mix1535,72,7,0,-1,0,41.92
fold2_room1_mix1535,73,7,0,-1,0,39.65
fold2_room1_mix1535,74,7,0,-1,0,43.04
fold2_room1_mix1535,75,7,0,-1,0,46.46
fold2_room1_mix1535,76,7,0,-1,0,47.37
fold2_room1_mix1535,77,7,0,-1,0,47.99
fold2_room1_mix1535,78,7,0,-1,0,49.91
fold2_room1_mix1535,79,7,0,-1,0,52.10
fold2_room1_mix1535,80,7,0,-1,0,52.52
fold2_room1_mix1535,81,7,0,-1,0,53.58
fold2_room1_mix1535,82,7,0,-1,0,54.88
fold2_room1_mix1535,83,7,0,0,0,56.64
fold2_room1_mix1535,84,7,0,-1,0,58.09
fold2_room1_mix1535,85,7,0,-1,0,58.96
fold2_room1_mix1535,86,7,0,0,0,58.90
fold2_room1_mix1535,87,7,0,-1,0,60.51
fold2_room1_mix1535,88,7,0,-1,0,62.39
fold2_room1_mix1535,89,7,0,-1,0,60.33
fold2_room1_mix1535,90,7,0,-1,0,63.03
fold2_room1_mix1535,91,7,0,-1,0,68.07
fold2_room1_mix1535,92,7,0,0,0,65.70
fold2_room1_mix1535,93,7,0,-1,0,66.85
fold2_room1_mix1535,94,7,0,-1,0,67.74
fold2_room1_mix1535,95,7,0,-1,0,68.28
fold2_room1_mix1535,96,7,0,-1,0,69.44
fold2_room1_mix1535,97,7,0,-1,0,72.75
fold2_room1_mix1535,98,7,0,-1,0,76.17
fold2_room1_mix1535,99,7,0,-1,0,74.51
fold2_room1_mix1536,2,7,0,-178,0,17.39
fold2_room1_mix1536,3,7,0,179,0,27.46
fold2_room1_mix1536,4,7,0,-178,0,35.73
fold2_room1_mix1536,5,7,0,-179,0,39.11
fold2_room1_mix1536,6,7,0,-179,0,37.67
fold2_room1_mix1536,7,7,0,-179,0,44.76
fold2_room1_mix1536,8,7,0,-179,0,46.50
fold2_room1_mix1536,9,7,0,-179,0,45.71
fold2_room1_mix1536,10,7,0,-178,0,45.79
fold2_room1_mix1536,11,7,0,-179,0,44.83
fold2_room1_mix1536,12,7,0,-178,0,44.32
fold2_room1_mix1536,13,7,0,-179,0,43.54
fold2_room1_mix1536,14,7,0,-178,0,42.27
fold2_room1_mix1536,15,7,0,-177,0,39.62
fold2_room1_mix1536,16,7,0,-176,0,39.27
fold2_room1_mix1536,17,7,0,-177,0,38.81
fold2_room1_mix1536,18,7,0,-177,0,36.49
fold2_room1_mix1536,19,7,0,-177,0,38.88
fold2_room1_mix1536,20,7,0,-178,0,36.38
fold2_room1_mix1536,21,7,0,-178,0,34.06
fold2_room1_mix1536,22,7,0,-176,0,30.68
fold2_room1_mix1536,23,7,0,-174,0,30.26
fold2_room1_mix1536,24,7,0,-176,0,29.36
fold2_room1_mix1536,25,7,0,-177,0,29.30
fold2_room1_mix1536,26,7,0,-177,0,25.63
fold2_room1_mix1536,27,7,0,-177,0,28.64
fold2_room1_mix1536,28,7,0,-175,0,26.32
fold2_room1_mix1536,29,7,0,-175,0,24.42
fold2_room1_mix1536,30,7,0,-173,0,22.73
fold2_room1_mix1536,31,7,0,-173,-1,21.34
fold2_room1_mix1536,32,7,0,-173,-1,20.87
fold2_room1_mix1536,33,7,0,-173,-1,19.41
fold2_room1_mix1536,34,7,0,-172,-1,17.43
fold2_room1_mix1536,35,7,0,-172,-1,17.40
fold2_room1_mix1536,36,7,0,-170,-1,15.31
fold2_room1_mix1536,37,7,0,-169,-1,13.82
fold2_room1_mix1536,38,7,0,-167,-1,11.82
fold2_room1_mix1536,39,7,0,-166,-1,9.84
fold2_room1_mix1536,40,7,0,-164,-2,8.49
fold2_room1_mix1536,41,7,0,-161,-2,7.50
fold2_room1_mix1536,42,7,0,-158,-2,6.64
fold2_room1_mix1536,43,7,0,-148,-3,4.68
fold2_room1_mix1536,44,7,0,-140,-4,3.71
fold2_room1_mix1536,45,7,0,-117,-3,2.14
fold2_room1_mix1536,46,7,0,-73,-4,2.14
fold2_room1_mix1536,47,7,0,-48,-2,2.76
fold2_room1_mix1536,48,7,0,-34,-1,3.53
fold2_room1_mix1536,49,7,0,-25,-2,4.70
fold2_room1_mix1536,50,7,0,-19,-1,5.67
fold2_room1_mix1536,51,7,0,-15,-1,6.99
fold2_room1_mix1536,52,7,0,-12,-1,8.26
fold2_room1_mix1536,53,7,0,-10,0,9.31
fold2_room1_mix1536,54,7,0,-7,0,9.93
fold2_room1_mix1536,55,7,0,-6,0,10.82
fold2_room1_mix1536,56,7,0,-7,0,12.82
fold2_room1_mix1536,57,7,0,-5,0,14.16
fold2_room1_mix1536,58,7,0,-4,0,15.39
fold2_room1_mix1536,59,7,0,-5,0,17.07
fold2_room1_mix1536,60,7,0,-4,0,17.48
fold2_room1_mix1536,61,7,0,-3,0,19.02
fold2_room1_mix1536,62,7,0,-4,0,20.37
fold2_room1_mix1536,63,7,0,-4,0,19.85
fold2_room1_mix1536,64,7,0,-2,0,21.38
fold2_room1_mix1536,65,7,0,-3,0,23.10
fold2_room1_mix1536,66,7,0,-3,0,24.61
fold2_room1_mix1536,67,7,0,-2,0,25.84
fold2_room1_mix1536,68,7,0,-2,0,28.87
fold2_room1_mix1536,69,7,0,-2,0,30.40
fold2_room1_mix1536,70,7,0,-1,0,30.31
fold2_room1_mix1536,71,7,0,0,0,32.00
fold2_room1_mix1536,72,7,0,-1,0,35.34
fold2_room1_mix1536,73,7,0,-1,0,35.48
fold2_room1_mix1536,74,7,0,0,0,36.21
fold2_room1_mix1536,75,7,0,0,0,39.27
fold2_room1_mix1536,76,7,0,-1,0,39.78
fold2_room1_mix1536,77,7,0,0,0,39.97
fold2_room1_mix1536,78,7,0,0,0,41.26
fold2_room1_mix1536,79,7,0,0,0,41.83
fold2_room1_mix1536,80,7,0,0,0,42.38
fold2_room1_mix1536,81,7,0,0,0,45.99
fold2_room1_mix1536,82,7,0,0,0,46.67
fold2_room1_mix1536,83,7,0,0,0,48.37
fold2_room1_mix1536,84,7,0,0,0,51.70
fold2_room1_mix1536,85,7,0,0,0,53.29
fold2_room1_mix1536,86,7,0,0,0,51.99
fold2_room1_mix1536,87,7,0,0,0,50.28
fold2_room1_mix1536,88,7,0,-1,0,54.03
fold2_room1_mix1536,89,7,0,0,0,52.67
fold2_room1_mix1536,90,7,0,0,0,51.30
fold2_room1_mix1536,91,7,0,0,0,60.09
fold2_room1_mix1536,92,7,0,0,0,57.48
fold2_room1_mix1536,93,7,0,0,0,61.79
fold2_room1_mix1536,94,7,0,0,0,63.58
fold2_room1_mix1536,95,7,0,0,0,62.08
fold2_room1_mix1536,96,7,0,0,0,65.83
fold2_room1_mix1536,97,7,0,0,0,68.78
fold2_room1_mix1536,98,7,0,0,0,69.22
fold2_room1_mix1536,99,7,0,0,0,65.47
fold2_room1_mix1537,3,7,0,0,0,6.14
fold2_room1_mix1537,4,7,0,0,0,18.41
fold2_room1_mix1537,5,7,0,2,0,28.87
fold2_room1_mix1537,6,7,0,2,0,31.45
fold2_room1_mix1537,7,7,0,2,0,34.30
fold2_room1_mix1537,8,7,0,3,0,41.33
fold2_room1_mix1537,9,7,0,3,0,41.94
fold2_room1_mix1537,10,7,0,3,0,40.31
fold2_room1_mix1537,11,7,0,3,0,41.32
fold2_room1_mix1537,12,7,0,3,0,40.06
fold2_room1_mix1537,13,7,0,3,0,40.12
fold2_room1_mix1537,14,7,0,3,0,40.88
fold2_room1_mix1537,15,7,0,3,0,39.54
fold2_room1_mix1537,16,7,0,4,0,39.41
fold2_room1_mix1537,17,7,0,3,0,36.59
fold2_room1_mix1537,18,7,0,3,0,37.89
fold2_room1_mix1537,19,7,0,3,0,37.59
fold2_room1_mix1537,20,7,0,4,0,36.94
fold2_room1_mix1537,21,7,0,5,0,36.55
fold2_room1_mix1537,22,7,0,4,0,36.22
fold2_room1_mix1537,23,7,0,4,0,36.06
fold2_room1_mix1537,24,7,0,4,0,35.27
fold2_room1_mix1537,25,7,0,3,0,36.36
fold2_room1_mix1537,26,7,0,4,0,35.92
fold2_room1_mix1537,27,7,0,4,0,35.24
fold2_room1_mix1537,28,7,0,5,0,33.09
fold2_room1_mix1537,29,7,0,5,0,32.61
fold2_room1_mix1537,30,7,0,5,0,31.09
fold2_room1_mix1537,31,7,0,7,0,30.29
fold2_room1_mix1537,32,7,0,5,0,30.46
fold2_room1_mix1537,33,7,0,6,0,29.97
fold2_room1_mix1537,34,7,0,6,0,29.05
fold2_room1_mix1537,35,7,0,7,0,28.58
fold2_room1_mix1537,36,7,0,7,0,27.60
fold2_room1_mix1537,37,7,0,7,0,27.15
fold2_room1_mix1537,38,7,0,8,0,24.89
fold2_room1_mix1537,39,7,0,9,0,23.65
fold2_room1_mix1537,40,7,0,10,0,21.81
fold2_room1_mix1537,41,7,0,10,0,21.00
fold2_room1_mix1537,42,7,0,11,0,19.57
fold2_room1_mix1537,43,7,0,12,0,18.44
fold2_room1_mix1537,44,7,0,12,0,17.37
fold2_room1_mix1537,45,7,0,13,0,15.82
fold2_room1_mix1537,46,7,0,14,0,15.51
fold2_room1_mix1537,47,7,0,14,0,14.42
fold2_room1_mix1537,48,7,0,15,0,13.34
fold2_room1_mix1537,49,7,0,17,0,12.26
fold2_room1_mix1537,50,7,0,17,0,10.82
fold2_room1_mix1537,51,7,0,19,0,9.32
fold2_room1_mix1537,52,7,0,21,0,8.25
fold2_room1_mix1537,53,7,0,22,0,7.58
fold2_room1_mix1537,54,7,0,28,-1,5.44
fold2_room1_mix1537,55,7,0,33,-1,4.96
fold2_room1_mix1537,56,7,0,40,-1,4.44
fold2_room1_mix1537,57,7,0,52,-1,3.77
fold2_room1_mix1537,58,7,0,73,0,3.43
fold2_room1_mix1537,59,7,0,91,0,3.24
fold2_room1_mix1537,60,7,0,119,0,3.54
fold2_room1_mix1537,61,7,0,132,0,4.05
fold2_room1_mix1537,62,7,0,139,0,4.88
fold2_room1_mix1537,63,7,0,148,0,5.65
fold2_room1_mix1537,64,7,0,153,0,6.40
fold2_room1_mix1537,65,7,0,154,0,7.05
fold2_room1_mix1537,66,7,0,157,0,8.01
fold2_room1_mix1537,67,7,0,161,0,8.87
fold2_room1_mix1537,68,7,0,163,0,9.84
fold2_room1_mix1537,69,7,0,165,0,11.10
fold2_room1_mix1537,70,7,0,166,0,11.84
fold2_room1_mix1537,71,7,0,167,0,12.77
fold2_room1_mix1537,72,7,0,167,0,13.95
fold2_room1_mix1537,73,7,0,168,0,14.46
fold2_room1_mix1537,74,7,0,169,0,15.60
fold2_room1_mix1537,75,7,0,169,0,16.83
fold2_room1_mix1537,76,7,0,169,0,17.58
fold2_room1_mix1537,77,7,0,170,0,18.03
fold2_room1_mix1537,78,7,0,170,0,19.13
fold2_room1_mix1537,79,7,0,170,0,19.33
fold2_room1_mix1537,80,7,0,171,0,21.26
fold2_room1_mix1537,81,7,0,171,0,22.10
fold2_room1_mix1537,82,7,0,172,0,24.75
fold2_room1_mix1537,83,7,0,173,0,25.41
fold2_room1_mix1537,84,7,0,173,0,26.65
fold2_room1_mix1537,85,7,0,173,0,27.11
fold2_room1_mix1537,86,7,0,173,0,27.61
fold2_room1_mix1537,87,7,0,173,0,29.29
fold2_room1_mix1537,88,7,0,173,0,30.58
fold2_room1_mix1537,89,7,0,173,0,30.16
fold2_room1_mix1537,90,7,0,173,0,30.74
fold2_room1_mix1537,91,7,0,174,0,32.45
fold2_room1_mix1537,92,7,0,174,0,33.84
fold2_room1_mix1537,93,7,0,174,0,34.11
fold2_room1_mix1537,94,7,0,174,0,35.30
fold2_room1_mix1537,95,7,0,174,0,35.85
fold2_room1_mix1537,96,7,0,175,0,37.28
fold2_room1_mix1537,97,7,0,174,0,38.28
fold2_room1_mix1537,98,7,0,174,0,38.88
fold2_room1_mix1537,99,7,0,175,0,40.25
fold2_room1_mix1538,2,5,0,169,1,5.38
fold2_room1_mix1538,3,7,0,179,0,12.77
fold2_room1_mix1538,4,7,0,179,0,22.75
fold2_room1_mix1538,5,7,0,179,0,24.27
fold2_room1_mix1538,6,7,0,-178,0,22.03
fold2_room1_mix1538,7,7,0,-179,0,24.18
fold2_room1_mix1538,8,7,0,179,0,26.04
fold2_room1_mix1538,9,7,0,179,0,27.13
fold2_room1_mix1538,10,7,0,178,0,26.64
fold2_room1_mix1538,11,7,0,173,0,26.11
fold2_room1_mix1538,12,7,0,176,0,25.19
fold2_room1_mix1538,13,7,0,176,0,24.14
fold2_room1_mix1538,14,7,0,175,0,23.50
fold2_room1_mix1538,15,7,0,174,0,23.19
fold2_room1_mix1538,16,7,0,174,0,23.35
fold2_room1_mix1538,17,7,0,174,0,23.29
fold2_room1_mix1538,18,7,0,175,0,22.03
fold2_room1_mix1538,19,7,0,175,0,21.89
fold2_room1_mix1538,20,7,0,173,0,20.35
fold2_room1_mix1538,21,7,0,171,0,19.16
fold2_room1_mix1538,22,7,0,170,0,19.43
fold2_room1_mix1538,23,7,0,171,0,19.71
fold2_room1_mix1538,24,7,0,171,0,19.67
fold2_room1_mix1538,25,7,0,170,0,19.61
fold2_room1_mix1538,26,7,0,171,0,19.10
fold2_room1_mix1538,27,7,0,170,0,18.52
fold2_room1_mix1538,28,7,0,168,0,16.75
fold2_room1_mix1538,29,7,0,169,0,17.20
fold2_room1_mix1538,30,7,0,169,0,17.30
fold2_room1_mix1538,31,7,0,166,0,15.81
fold2_room1_mix1538,32,7,0,167,0,15.66
fold2_room1_mix1538,33,7,0,165,0,13.74
fold2_room1_mix1538,34,7,0,164,-1,13.54
fold2_room1_mix1538,35,7,0,162,-1,12.41
fold2_room1_mix1538,36,7,0,160,-1,11.29
fold2_room1_mix1538,37,7,0,159,-1,10.27
fold2_room1_mix1538,38,7,0,159,-1,10.02
fold2_room1_mix1538,39,7,0,157,-1,9.10
fold2_room1_mix1538,40,7,0,155,-1,8.26
fold2_room1_mix1538,41,7,0,154,-1,7.87
fold2_room1_mix1538,42,7,0,151,-1,7.42
fold2_room1_mix1538,43,7,0,149,-1,6.92
fold2_room1_mix1538,44,7,0,146,-1,6.56
fold2_room1_mix1538,45,7,0,142,-1,5.74
fold2_room1_mix1538,46,7,0,138,-1,5.24
fold2_room1_mix1538,47,7,0,127,0,4.64
fold2_room1_mix1538,48,7,0,119,0,4.20
fold2_room1_mix1538,49,7,0,100,0,4.12
fold2_room1_mix1538,50,7,0,90,0,4.01
fold2_room1_mix1538,51,7,0,77,0,4.34
fold2_room1_mix1538,52,7,0,62,0,4.46
fold2_room1_mix1538,53,7,0,56,0,5.06
fold2_room1_mix1538,54,7,0,49,0,4.97
fold2_room1_mix1538,55,7,0,43,0,5.60
fold2_room1_mix1538,56,7,0,37,0,6.15
fold2_room1_mix1538,57,7,0,33,0,6.63
fold2_room1_mix1538,58,7,0,30,0,7.19
fold2_room1_mix1538,59,7,0,27,0,7.91
fold2_room1_mix1538,60,7,0,26,0,7.83
fold2_room1_mix1538,61,7,0,24,0,8.98
fold2_room1_mix1538,62,7,0,22,0,9.76
fold2_room1_mix1538,63,7,0,21,0,10.02
fold2_room1_mix1538,64,7,0,20,0,10.78
fold2_room1_mix1538,65,7,0,20,0,11.22
fold2_room1_mix1538,66,7,0,18,0,12.55
fold2_room1_mix1538,67,7,0,17,0,13.56
fold2_room1_mix1538,68,7,0,15,0,14.13
fold2_room1_mix1538,69,7,0,15,0,14.82
fold2_room1_mix1538,70,7,0,14,0,15.62
fold2_room1_mix1538,71,7,0,13,0,16.89
fold2_room1_mix1538,72,7,0,13,0,17.44
fold2_room1_mix1538,73,7,0,13,0,17.74
fold2_room1_mix1538,74,7,0,12,0,18.52
fold2_room1_mix1538,75,7,0,12,0,19.75
fold2_room1_mix1538,76,7,0,11,0,19.16
fold2_room1_mix1538,77,7,0,12,0,19.68
fold2_room1_mix1538,78,7,0,11,0,21.14
fold2_room1_mix1538,79,7,0,10,0,21.53
fold2_room1_mix1538,80,7,0,10,0,22.01
fold2_room1_mix1538,81,7,0,10,0,23.18
fold2_room1_mix1538,82,7,0,10,0,24.01
fold2_room1_mix1538,83,7,0,9,0,24.30
fold2_room1_mix1538,84,7,0,10,0,25.70
fold2_room1_mix1538,85,7,0,9,0,27.74
fold2_room1_mix1538,86,7,0,9,0,26.31
fold2_room1_mix1538,87,7,0,9,0,28.55
fold2_room1_mix1538,88,7,0,9,0,29.51
fold2_room1_mix1538,89,7,0,9,0,30.59
fold2_room1_mix1538,90,7,0,9,0,30.48
fold2_room1_mix1538,91,7,0,10,0,31.45
fold2_room1_mix1538,92,7,0,9,0,30.83
fold2_room1_mix1538,93,7,0,9,0,32.50
fold2_room1_mix1538,94,7,0,9,0,34.49
fold2_room1_mix1538,95,7,0,8,0,34.96
fold2_room1_mix1538,96,7,0,9,0,34.65
fold2_room1_mix1538,97,7,0,9,0,37.18
fold2_room1_mix1538,98,7,0,8,0,37.14
fold2_room1_mix1538,99,7,0,7,0,36.85
fold2_room1_mix1539,3,7,0,-179,0,10.02
fold2_room1_mix1539,4,7,0,177,0,23.95
fold2_room1_mix1539,5,7,0,177,0,28.12
fold2_room1_mix1539,6,7,0,178,0,29.01
fold2_room1_mix1539,7,7,0,176,0,27.62
fold2_room1_mix1539,8,7,0,177,0,30.79
fold2_room1_mix1539,9,7,0,176,0,32.89
fold2_room1_mix1539,10,7,0,175,0,29.55
fold2_room1_mix1539,11,7,0,177,0,29.80
fold2_room1_mix1539,12,7,0,176,0,28.60
fold2_room1_mix1539,13,7,0,175,0,29.21
fold2_room1_mix1539,14,7,0,175,0,28.23
fold2_room1_mix1539,15,7,0,175,0,26.49
fold2_room1_mix1539,16,7,0,175,0,25.28
fold2_room1_mix1539,17,7,0,175,0,25.51
fold2_room1_mix1539,18,7,0,174,0,23.44
fold2_room1_mix1539,19,7,0,174,0,21.53
fold2_room1_mix1539,20,7,0,171,0,21.07
fold2_room1_mix1539,21,7,0,171,0,20.86
fold2_room1_mix1539,22,7,0,171,0,20.86
fold2_room1_mix1539,23,7,0,171,0,20.87
fold2_room1_mix1539,24,7,0,170,0,19.20
fold2_room1_mix1539,25,7,0,170,0,19.54
fold2_room1_mix1539,26,7,0,169,0,19.01
fold2_room1_mix1539,27,7,0,169,-1,18.24
fold2_room1_mix1539,28,7,0,167,-1,17.58
fold2_room1_mix1539,29,7,0,166,-1,15.41
fold2_room1_mix1539,30,7,0,165,-1,15.31
fold2_room1_mix1539,31,7,0,163,-1,14.57
fold2_room1_mix1539,32,7,0,161,-1,13.00
fold2_room1_mix1539,33,7,0,158,-1,12.02
fold2_room1_mix1539,34,7,0,158,-1,10.83
fold2_room1_mix1539,35,7,0,156,-1,10.12
fold2_room1_mix1539,36,7,0,152,-1,8.79
fold2_room1_mix1539,37,7,0,151,-1,8.21
fold2_room1_mix1539,38,7,0,150,-1,7.91
fold2_room1_mix1539,39,7,0,142,-1,6.55
fold2_room1_mix1539,40,7,0,139,-1,6.18
fold2_room1_mix1539,41,7,0,134,0,5.67
fold2_room1_mix1539,42,7,0,122,0,4.69
fold2_room1_mix1539,43,7,0,114,0,4.78
fold2_room1_mix1539,44,7,0,100,0,4.63
fold2_room1_mix1539,45,7,0,88,0,4.71
fold2_room1_mix1539,46,7,0,76,0,4.73
fold2_room1_mix1539,47,7,0,64,0,4.97
fold2_room1_mix1539,48,7,0,55,0,5.54
fold2_room1_mix1539,49,7,0,49,0,6.02
fold2_room1_mix1539,50,7,0,41,0,6.41
fold2_room1_mix1539,51,7,0,38,0,6.95
fold2_room1_mix1539,52,7,0,33,0,8.32
fold2_room1_mix1539,53,7,0,30,0,8.33
fold2_room1_mix1539,54,7,0,28,0,9.12
fold2_room1_mix1539,55,7,0,26,0,9.66
fold2_room1_mix1539,56,7,0,25,0,10.05
fold2_room1_mix1539,57,7,0,23,0,11.53
fold2_room1_mix1539,58,7,0,21,0,12.33
fold2_room1_mix1539,59,7,0,20,0,13.10
fold2_room1_mix1539,60,7,0,19,0,13.22
fold2_room1_mix1539,61,7,0,18,0,14.93
fold2_room1_mix1539,62,7,0,16,0,16.25
fold2_room1_mix1539,63,7,0,16,0,16.54
fold2_room1_mix1539,64,7,0,15,0,17.05
fold2_room1_mix1539,65,7,0,14,0,18.72
fold2_room1_mix1539,66,7,0,14,0,19.02
fold2_room1_mix1539,67,7,0,14,0,19.72
fold2_room1_mix1539,68,7,0,13,0,21.02
fold2_room1_mix1539,69,7,0,13,0,21.41
fold2_room1_mix1539,70,7,0,11,0,22.72
fold2_room1_mix1539,71,7,0,11,0,23.17
fold2_room1_mix1539,72,7,0,11,0,23.93
fold2_room1_mix1539,73,7,0,11,0,24.50
fold2_room1_mix1539,74,7,0,10,0,25.78
fold2_room1_mix1539,75,7,0,10,0,27.66
fold2_room1_mix1539,76,7,0,10,0,27.50
fold2_room1_mix1539,77,7,0,10,0,27.88
fold2_room1_mix1539,78,7,0,10,0,29.97
fold2_room1_mix1539,79,7,0,10,0,30.58
fold2_room1_mix1539,80,7,0,10,0,30.80
fold2_room1_mix1539,81,7,0,9,0,32.18
fold2_room1_mix1539,82,7,0,9,0,32.38
fold2_room1_mix1539,83,7,0,9,0,33.97
fold2_room1_mix1539,84,7,0,10,0,35.01
fold2_room1_mix1539,85,7,0,9,0,34.62
fold2_room1_mix1539,86,7,0,9,0,35.82
fold2_room1_mix1539,87,7,0,9,0,37.42
fold2_room1_mix1539,88,7,0,8,0,37.53
fold2_room1_mix1539,89,7,0,8,0,38.50
fold2_room1_mix1539,90,7,0,8,0,39.12
fold2_room1_mix1539,91,7,0,8,0,40.17
fold2_room1_mix1539,92,7,0,7,0,40.16
fold2_room1_mix1539,93,7,0,8,0,41.62
fold2_room1_mix1539,94,7,0,7,0,43.33
fold2_room1_mix1539,95,7,0,7,0,43.72
fold2_room1_mix1539,96,7,0,7,0,44.34
fold2_room1_mix1539,97,7,0,7,0,47.08
fold2_room1_mix1539,98,7,0,7,0,46.34
fold2_room1_mix1539,99,7,0,7,0,45.43
fold2_room1_mix1540,3,7,0,0,0,10.22
fold2_room1_mix1540,4,7,0,1,0,33.73
fold2_room1_mix1540,5,7,0,2,0,33.15
fold2_room1_mix1540,6,7,0,2,0,38.43
fold2_room1_mix1540,7,7,0,1,0,41.95
fold2_room1_mix1540,8,7,0,2,0,48.75
fold2_room1_mix1540,9,7,0,2,0,44.30
fold2_room1_mix1540,10,7,0,2,0,46.18
fold2_room1_mix1540,11,7,0,3,0,49.33
fold2_room1_mix1540,12,7,0,3,0,47.24
fold2_room1_mix1540,13,7,0,3,0,41.14
fold2_room1_mix1540,14,7,0,4,0,46.61
fold2_room1_mix1540,15,7,0,4,0,46.38
fold2_room1_mix1540,16,7,0,3,0,44.20
fold2_room1_mix1540,17,7,0,4,0,43.70
fold2_room1_mix1540,18,7,0,4,0,44.84
fold2_room1_mix1540,19,7,0,4,0,44.55
fold2_room1_mix1540,20,7,0,3,0,43.29
fold2_room1_mix1540,21,7,0,4,0,43.78
fold2_room1_mix1540,22,7,0,5,0,41.71
fold2_room1_mix1540,23,7,0,5,0,39.91
fold2_room1_mix1540,24,7,0,5,0,35.84
fold2_room1_mix1540,25,7,0,5,0,37.67
fold2_room1_mix1540,26,7,0,4,0,38.46
fold2_room1_mix1540,27,7,0,5,0,42.04
fold2_room1_mix1540,28,7,0,5,0,37.05
fold2_room1_mix1540,29,7,0,4,0,37.37
fold2_room1_mix1540,30,7,0,4,0,37.54
fold2_room1_mix1540,31,7,0,5,0,35.73
fold2_room1_mix1540,32,7,0,5,0,36.84
fold2_room1_mix1540,33,7,0,5,0,35.67
fold2_room1_mix1540,34,7,0,5,0,34.11
fold2_room1_mix1540,35,7,0,4,0,33.97
fold2_room1_mix1540,36,7,0,5,0,33.10
fold2_room1_mix1540,37,7,0,6,0,31.63
fold2_room1_mix1540,38,7,0,8,0,31.98
fold2_room1_mix1540,39,7,0,7,0,30.27
fold2_room1_mix1540,40,7,0,8,0,29.48
fold2_room1_mix1540,41,7,0,7,0,29.83
fold2_room1_mix1540,42,7,0,10,0,28.88
fold2_room1_mix1540,43,7,0,10,0,30.49
fold2_room1_mix1540,44,7,0,9,0,30.00
fold2_room1_mix1540,45,7,0,10,0,28.35
fold2_room1_mix1540,46,7,0,10,0,28.71
fold2_room1_mix1540,47,7,0,11,0,28.02
fold2_room1_mix1540,48,7,0,11,0,26.04
fold2_room1_mix1540,49,7,0,11,0,23.93
fold2_room1_mix1540,50,7,0,13,0,23.14
fold2_room1_mix1540,51,7,0,13,0,21.45
fold2_room1_mix1540,52,7,0,13,0,19.82
fold2_room1_mix1540,53,7,0,14,0,18.13
fold2_room1_mix1540,54,7,0,15,0,18.11
fold2_room1_mix1540,55,7,0,16,0,16.85
fold2_room1_mix1540,56,7,0,16,0,16.85
fold2_room1_mix1540,57,7,0,17,0,14.82
fold2_room1_mix1540,58,7,0,17,0,13.88
fold2_room1_mix1540,59,7,0,18,0,13.26
fold2_room1_mix1540,60,7,0,19,0,12.31
fold2_room1_mix1540,61,7,0,20,0,11.24
fold2_room1_mix1540,62,7,0,21,0,11.05
fold2_room1_mix1540,63,7,0,23,0,9.64
fold2_room1_mix1540,64,7,0,25,0,8.35
fold2_room1_mix1540,65,7,0,28,0,7.43
fold2_room1_mix1540,66,7,0,29,0,6.78
fold2_room1_mix1540,67,7,0,33,-1,5.65
fold2_room1_mix1540,68,7,0,43,0,4.75
fold2_room1_mix1540,69,7,0,49,0,4.18
fold2_room1_mix1540,70,7,0,57,-1,4.01
fold2_room1_mix1540,71,7,0,67,0,3.80
fold2_room1_mix1540,72,7,0,86,0,3.67
fold2_room1_mix1540,73,7,0,104,0,3.67
fold2_room1_mix1540,74,7,0,117,0,4.13
fold2_room1_mix1540,75,7,0,127,0,4.64
fold2_room1_mix1540,76,7,0,136,0,5.30
fold2_room1_mix1540,77,7,0,143,0,5.92
fold2_room1_mix1540,78,7,0,146,0,6.70
fold2_room1_mix1540,79,7,0,149,0,7.08
fold2_room1_mix1540,80,7,0,153,0,7.36
fold2_room1_mix1540,81,7,0,156,0,8.42
fold2_room1_mix1540,82,7,0,158,0,9.36
fold2_room1_mix1540,83,7,0,159,0,10.03
fold2_room1_mix1540,84,7,0,161,0,11.25
fold2_room1_mix1540,85,7,0,162,0,11.72
fold2_room1_mix1540,86,7,0,163,0,13.29
fold2_room1_mix1540,87,7,0,164,0,13.43
fold2_room1_mix1540,88,7,0,165,0,15.02
fold2_room1_mix1540,89,7,0,165,0,14.95
fold2_room1_mix1540,90,7,0,166,0,15.73
fold2_room1_mix1540,91,7,0,167,0,16.40
fold2_room1_mix1540,92,7,0,167,0,17.70
fold2_room1_mix1540,93,7,0,168,0,17.86
fold2_room1_mix1540,94,7,0,169,0,19.23
fold2_room1_mix1540,95,7,0,169,0,19.97
fold2_room1_mix1540,96,7,0,170,0,21.15
fold2_room1_mix1540,97,7,0,170,0,21.98
fold2_room1_mix1540,98,7,0,170,0,23.30
fold2_room1_mix1540,99,7,0,171,0,24.34
fold2_room1_mix1541,3,7,0,0,0,8.80
fold2_room1_mix1541,4,7,0,1,0,25.27
fold2_room1_mix1541,5,7,0,2,0,35.68
fold2_room1_mix1541,6,7,0,2,0,40.46
fold2_room1_mix1541,7,7,0,1,0,41.47
fold2_room1_mix1541,8,7,0,2,0,52.67
fold2_room1_mix1541,9,7,0,2,0,48.85
fold2_room1_mix1541,10,7,0,2,0,43.88
fold2_room1_mix1541,11,7,0,3,0,52.44
fold2_room1_mix1541,12,7,0,3,0,48.88
fold2_room1_mix1541,13,7,0,3,0,47.39
fold2_room1_mix1541,14,7,0,3,0,51.32
fold2_room1_mix1541,15,7,0,3,0,46.98
fold2_room1_mix1541,16,7,0,3,0,43.87
fold2_room1_mix1541,17,7,0,2,0,41.74
fold2_room1_mix1541,18,7,0,3,0,40.62
fold2_room1_mix1541,19,7,0,3,0,39.84
fold2_room1_mix1541,20,7,0,3,0,36.76
fold2_room1_mix1541,21,7,0,3,0,37.80
fold2_room1_mix1541,22,7,0,3,0,37.86
fold2_room1_mix1541,23,7,0,3,0,35.30
fold2_room1_mix1541,24,7,0,3,0,35.64
fold2_room1_mix1541,25,7,0,4,0,33.29
fold2_room1_mix1541,26,7,0,3,0,32.14
fold2_room1_mix1541,27,7,0,3,0,31.35
fold2_room1_mix1541,28,7,0,3,0,29.77
fold2_room1_mix1541,29,7,0,4,0,27.93
fold2_room1_mix1541,30,7,0,6,0,25.93
fold2_room1_mix1541,31,7,0,7,0,24.03
fold2_room1_mix1541,32,7,0,6,0,21.84
fold2_room1_mix1541,33,7,0,7,0,19.61
fold2_room1_mix1541,34,7,0,9,0,17.75
fold2_room1_mix1541,35,7,0,9,0,15.37
fold2_room1_mix1541,36,7,0,11,0,13.53
fold2_room1_mix1541,37,7,0,11,0,12.82
fold2_room1_mix1541,38,7,0,14,0,9.89
fold2_room1_mix1541,39,7,0,16,-1,9.03
fold2_room1_mix1541,40,7,0,19,-1,6.21
fold2_room1_mix1541,41,7,0,27,-2,4.61
fold2_room1_mix1541,42,7,0,41,-2,3.09
fold2_room1_mix1541,43,7,0,82,-1,2.03
fold2_room1_mix1541,44,7,0,131,-2,2.58
fold2_room1_mix1541,45,7,0,146,-2,3.05
fold2_room1_mix1541,46,7,0,156,-2,4.69
fold2_room1_mix1541,47,7,0,161,-1,5.57
fold2_room1_mix1541,48,7,0,166,-1,7.36
fold2_room1_mix1541,49,7,0,166,0,8.46
fold2_room1_mix1541,50,7,0,169,0,9.83
fold2_room1_mix1541,51,7,0,171,0,11.95
fold2_room1_mix1541,52,7,0,173,0,13.73
fold2_room1_mix1541,53,7,0,173,0,14.93
fold2_room1_mix1541,54,7,0,173,0,17.12
fold2_room1_mix1541,55,7,0,174,0,17.69
fold2_room1_mix1541,56,7,0,175,0,19.26
fold2_room1_mix1541,57,7,0,174,0,20.88
fold2_room1_mix1541,58,7,0,175,0,22.19
fold2_room1_mix1541,59,7,0,176,0,24.00
fold2_room1_mix1541,60,7,0,175,0,25.18
fold2_room1_mix1541,61,7,0,175,0,26.58
fold2_room1_mix1541,62,7,0,175,0,28.29
fold2_room1_mix1541,63,7,0,174,0,28.59
fold2_room1_mix1541,64,7,0,175,0,31.49
fold2_room1_mix1541,65,7,0,176,0,32.23
fold2_room1_mix1541,66,7,0,176,0,33.76
fold2_room1_mix1541,67,7,0,176,0,35.72
fold2_room1_mix1541,68,7,0,177,0,37.18
fold2_room1_mix1541,69,7,0,176,0,38.05
fold2_room1_mix1541,70,7,0,176,0,37.63
fold2_room1_mix1541,71,7,0,177,0,40.17
fold2_room1_mix1541,72,7,0,177,0,41.74
fold2_room1_mix1541,73,7,0,176,0,41.87
fold2_room1_mix1541,74,7,0,177,0,45.25
fold2_room1_mix1541,75,7,0,177,0,47.14
fold2_room1_mix1541,76,7,0,176,0,47.73
fold2_room1_mix1541,77,7,0,177,0,52.00
fold2_room1_mix1541,78,7,0,177,0,52.43
fold2_room1_mix1541,79,7,0,176,0,50.89
fold2_room1_mix1541,80,7,0,177,0,54.01
fold2_room1_mix1541,81,7,0,177,0,54.01
fold2_room1_mix1541,82,7,0,177,0,56.51
fold2_room1_mix1541,83,7,0,177,0,58.06
fold2_room1_mix1541,84,7,0,178,0,60.61
fold2_room1_mix1541,85,7,0,177,0,59.55
fold2_room1_mix1541,86,7,0,177,0,61.23
fold2_room1_mix1541,87,7,0,177,0,58.50
fold2_room1_mix1541,88,7,0,177,0,62.29
fold2_room1_mix1541,89,7,0,177,0,60.82
fold2_room1_mix1541,90,7,0,177,0,65.17
fold2_room1_mix1541,91,7,0,178,0,69.69
fold2_room1_mix1541,92,7,0,178,0,69.52
fold2_room1_mix1541,93,7,0,178,0,71.69
fold2_room1_mix1541,94,7,0,178,0,74.39
fold2_room1_mix1541,95,7,0,178,0,73.46
fold2_room1_mix1541,96,7,0,178,0,73.28
fold2_room1_mix1541,97,7,0,178,0,72.99
fold2_room1_mix1541,98,7,0,177,0,76.37
fold2_room1_mix1541,99,7,0,178,0,75.90
fold2_room1_mix1542,3,7,0,-178,0,4.74
fold2_room1_mix1542,4,7,0,179,0,19.72
fold2_room1_mix1542,5,7,0,176,0,25.39
fold2_room1_mix1542,6,7,0,176,0,25.46
fold2_room1_mix1542,7,7,0,176,0,27.96
fold2_room1_mix1542,8,7,0,177,0,31.21
fold2_room1_mix1542,9,7,0,177,-1,29.22
fold2_room1_mix1542,10,7,0,177,0,30.52
fold2_room1_mix1542,11,7,0,177,0,31.02
fold2_room1_mix1542,12,7,0,177,0,30.24
fold2_room1_mix1542,13,7,0,177,0,31.88
fold2_room1_mix1542,14,7,0,178,0,30.68
fold2_room1_mix1542,15,7,0,178,0,29.09
fold2_room1_mix1542,16,7,0,177,0,29.60
fold2_room1_mix1542,17,7,0,177,0,29.67
fold2_room1_mix1542,18,7,0,177,0,29.28
fold2_room1_mix1542,19,7,0,177,0,29.46
fold2_room1_mix1542,20,7,0,176,0,28.58
fold2_room1_mix1542,21,7,0,177,0,27.47
fold2_room1_mix1542,22,7,0,176,0,28.16
fold2_room1_mix1542,23,7,0,176,0,27.90
fold2_room1_mix1542,24,7,0,175,0,28.18
fold2_room1_mix1542,25,7,0,174,0,27.28
fold2_room1_mix1542,26,7,0,175,0,27.38
fold2_room1_mix1542,27,7,0,174,0,27.56
fold2_room1_mix1542,28,7,0,174,0,26.00
fold2_room1_mix1542,29,7,0,175,0,25.30
fold2_room1_mix1542,30,7,0,176,0,25.37
fold2_room1_mix1542,31,7,0,175,0,23.69
fold2_room1_mix1542,32,7,0,176,0,23.12
fold2_room1_mix1542,33,7,0,175,0,21.92
fold2_room1_mix1542,34,7,0,174,0,22.09
fold2_room1_mix1542,35,7,0,174,0,21.13
fold2_room1_mix1542,36,7,0,174,0,21.30
fold2_room1_mix1542,37,7,0,174,0,20.32
fold2_room1_mix1542,38,7,0,174,0,20.21
fold2_room1_mix1542,39,7,0,173,-1,19.13
fold2_room1_mix1542,40,7,0,173,-1,19.39
fold2_room1_mix1542,41,7,0,173,-1,19.71
fold2_room1_mix1542,42,7,0,171,-1,18.80
fold2_room1_mix1542,43,7,0,170,-1,18.76
fold2_room1_mix1542,44,7,0,171,-1,18.26
fold2_room1_mix1542,45,7,0,170,-1,16.98
fold2_room1_mix1542,46,7,0,170,-1,16.18
fold2_room1_mix1542,47,7,0,169,-1,15.05
fold2_room1_mix1542,48,7,0,167,-1,13.92
fold2_room1_mix1542,49,7,0,167,-1,13.68
fold2_room1_mix1542,50,7,0,166,-1,12.66
fold2_room1_mix1542,51,7,0,163,-1,11.21
fold2_room1_mix1542,52,7,0,163,-1,10.93
fold2_room1_mix1542,53,7,0,162,-1,10.26
fold2_room1_mix1542,54,7,0,161,-1,9.02
fold2_room1_mix1542,55,7,0,160,-1,8.71
fold2_room1_mix1542,56,7,0,159,-1,7.82
fold2_room1_mix1542,57,7,0,156,-1,6.91
fold2_room1_mix1542,58,7,0,154,-1,6.26
fold2_room1_mix1542,59,7,0,152,-2,6.19
fold2_room1_mix1542,60,7,0,150,-2,5.35
fold2_room1_mix1542,61,7,0,143,-2,4.67
fold2_room1_mix1542,62,7,0,137,-2,4.12
fold2_room1_mix1542,63,7,0,129,-2,3.41
fold2_room1_mix1542,64,7,0,115,-1,3.70
fold2_room1_mix1542,65,7,0,94,-1,2.90
fold2_room1_mix1542,66,7,0,79,0,3.24
fold2_room1_mix1542,67,7,0,65,0,3.64
fold2_room1_mix1542,68,7,0,54,0,3.75
fold2_room1_mix1542,69,7,0,46,0,4.24
fold2_room1_mix1542,70,7,0,37,0,4.43
fold2_room1_mix1542,71,7,0,32,0,4.89
fold2_room1_mix1542,72,7,0,30,0,5.45
fold2_room1_mix1542,73,7,0,26,0,5.87
fold2_room1_mix1542,74,7,0,26,0,6.40
fold2_room1_mix1542,75,7,0,23,0,6.89
fold2_room1_mix1542,76,7,0,20,0,7.38
fold2_room1_mix1542,77,7,0,20,0,8.05
fold2_room1_mix1542,78,7,0,19,0,9.09
fold2_room1_mix1542,79,7,0,17,0,9.78
fold2_room1_mix1542,80,7,0,18,0,9.66
fold2_room1_mix1542,81,7,0,17,0,10.44
fold2_room1_mix1542,82,7,0,15,0,11.55
fold2_room1_mix1542,83,7,0,15,0,12.58
fold2_room1_mix1542,84,7,0,13,0,13.45
fold2_room1_mix1542,85,7,0,12,0,14.15
fold2_room1_mix1542,86,7,0,11,0,15.26
fold2_room1_mix1542,87,7,0,11,0,15.53
fold2_room1_mix1542,88,7,0,10,0,16.14
fold2_room1_mix1542,89,7,0,9,0,16.67
fold2_room1_mix1542,90,7,0,10,0,17.70
fold2_room1_mix1542,91,7,0,10,0,18.47
fold2_room1_mix1542,92,7,0,10,0,18.70
fold2_room1_mix1542,93,7,0,10,0,19.67
fold2_room1_mix1542,94,7,0,9,0,20.90
fold2_room1_mix1542,95,7,0,8,0,21.00
fold2_room1_mix1542,96,7,0,8,0,21.45
fold2_room1_mix1542,97,7,0,8,0,21.45
fold2_room1_mix1542,98,7,0,8,0,23.04
fold2_room1_mix1542,99,7,0,8,0,22.48
fold2_room1_mix1543,3,7,0,0,0,6.72
fold2_room1_mix1543,4,7,0,0,0,18.01
fold2_room1_mix1543,5,7,0,1,0,39.33
fold2_room1_mix1543,6,7,0,1,0,35.31
fold2_room1_mix1543,7,7,0,1,0,38.10
fold2_room1_mix1543,8,7,0,1,0,50.64
fold2_room1_mix1543,9,7,0,1,0,55.35
fold2_room1_mix1543,10,7,0,1,0,51.45
fold2_room1_mix1543,11,7,0,2,0,55.37
fold2_room1_mix1543,12,7,0,2,0,54.21
fold2_room1_mix1543,13,7,0,1,0,54.33
fold2_room1_mix1543,14,7,0,1,0,52.57
fold2_room1_mix1543,15,7,0,2,0,57.34
fold2_room1_mix1543,16,7,0,1,0,51.39
fold2_room1_mix1543,17,7,0,1,0,52.35
fold2_room1_mix1543,18,7,0,1,0,53.70
fold2_room1_mix1543,19,7,0,1,0,53.16
fold2_room1_mix1543,20,7,0,1,0,50.37
fold2_room1_mix1543,21,7,0,1,0,52.82
fold2_room1_mix1543,22,7,0,1,0,51.57
fold2_room1_mix1543,23,7,0,1,0,47.12
fold2_room1_mix1543,24,7,0,1,0,48.98
fold2_room1_mix1543,25,7,0,1,0,49.45
fold2_room1_mix1543,26,7,0,1,0,46.39
fold2_room1_mix1543,27,7,0,1,0,46.32
fold2_room1_mix1543,28,7,0,1,0,44.74
fold2_room1_mix1543,29,7,0,1,0,41.69
fold2_room1_mix1543,30,7,0,0,0,38.40
fold2_room1_mix1543,31,7,0,0,0,42.09
fold2_room1_mix1543,32,7,0,0,0,38.40
fold2_room1_mix1543,33,7,0,0,0,36.14
fold2_room1_mix1543,34,7,0,0,0,35.53
fold2_room1_mix1543,35,7,0,0,0,35.59
fold2_room1_mix1543,36,7,0,-1,0,33.16
fold2_room1_mix1543,37,7,0,-2,0,32.43
fold2_room1_mix1543,38,7,0,-2,0,29.84
fold2_room1_mix1543,39,7,0,-2,0,29.57
fold2_room1_mix1543,40,7,0,-2,0,27.84
fold2_room1_mix1543,41,7,0,-1,0,26.91
fold2_room1_mix1543,42,7,0,-3,0,24.95
fold2_room1_mix1543,43,7,0,-2,0,24.75
fold2_room1_mix1543,44,7,0,-2,0,22.27
fold2_room1_mix1543,45,7,0,-6,0,19.85
fold2_room1_mix1543,46,7,0,-6,0,18.21
fold2_room1_mix1543,47,7,0,-6,0,17.70
fold2_room1_mix1543,48,7,0,-6,0,15.77
fold2_room1_mix1543,49,7,0,-7,0,14.39
fold2_room1_mix1543,50,7,0,-9,0,13.02
fold2_room1_mix1543,51,7,0,-10,-1,12.22
fold2_room1_mix1543,52,7,0,-12,-1,10.53
fold2_room1_mix1543,53,7,0,-13,-1,9.40
fold2_room1_mix1543,54,7,0,-18,-1,7.30
fold2_room1_mix1543,55,7,0,-22,-2,5.78
fold2_room1_mix1543,56,7,0,-28,-3,4.42
fold2_room1_mix1543,57,7,0,-42,-4,3.21
fold2_room1_mix1543,58,7,0,-63,-4,2.01
fold2_room1_mix1543,59,7,0,-116,-4,1.95
fold2_room1_mix1543,60,7,0,-135,-3,2.27
fold2_room1_mix1543,61,7,0,-150,-3,3.16
fold2_room1_mix1543,62,7,0,-157,-2,4.53
fold2_room1_mix1543,63,7,0,-162,-2,5.50
fold2_room1_mix1543,64,7,0,-163,-1,6.54
fold2_room1_mix1543,65,7,0,-167,-1,8.38
fold2_room1_mix1543,66,7,0,-168,0,8.94
fold2_room1_mix1543,67,7,0,-170,0,10.90
fold2_room1_mix1543,68,7,0,-173,0,12.89
fold2_room1_mix1543,69,7,0,-173,0,14.61
fold2_room1_mix1543,70,7,0,-174,0,16.18
fold2_room1_mix1543,71,7,0,-175,0,17.20
fold2_room1_mix1543,72,7,0,-175,0,18.47
fold2_room1_mix1543,73,7,0,-175,0,18.83
fold2_room1_mix1543,74,7,0,-176,0,20.47
fold2_room1_mix1543,75,7,0,-176,0,21.52
fold2_room1_mix1543,76,7,0,-176,0,22.76
fold2_room1_mix1543,77,7,0,-176,0,24.52
fold2_room1_mix1543,78,7,0,-177,0,26.01
fold2_room1_mix1543,79,7,0,-176,0,26.79
fold2_room1_mix1543,80,7,0,-176,0,28.43
fold2_room1_mix1543,81,7,0,-177,0,30.20
fold2_room1_mix1543,82,7,0,-177,0,30.96
fold2_room1_mix1543,83,7,0,-177,0,32.50
fold2_room1_mix1543,84,7,0,-178,0,34.02
fold2_room1_mix1543,85,7,0,-178,0,35.34
fold2_room1_mix1543,86,7,0,-178,0,35.80
fold2_room1_mix1543,87,7,0,-178,0,37.19
fold2_room1_mix1543,88,7,0,-178,0,38.90
fold2_room1_mix1543,89,7,0,-178,0,40.38
fold2_room1_mix1543,90,7,0,-178,0,41.37
fold2_room1_mix1543,91,7,0,-178,0,42.62
fold2_room1_mix1543,92,7,0,-178,0,43.86
fold2_room1_mix1543,93,7,0,-178,0,45.58
fold2_room1_mix1543,94,7,0,-179,0,47.49
fold2_room1_mix1543,95,7,0,-179,0,49.96
fold2_room1_mix1543,96,7,0,-178,0,50.88
fold2_room1_mix1543,97,7,0,-179,0,52.47
fold2_room1_mix1543,98,7,0,-179,0,53.66
fold2_room1_mix1543,99,7,0,-178,0,54.84
fold2_room1_mix1544,3,7,0,-177,0,7.24
fold2_room1_mix1544,4,7,0,-178,0,23.00
fold2_room1_mix1544,5,7,0,-178,0,25.60
fold2_room1_mix1544,6,7,0,-178,0,29.91
fold2_room1_mix1544,7,7,0,-177,0,31.59
fold2_room1_mix1544,8,7,0,-176,0,32.80
fold2_room1_mix1544,9,7,0,-176,-1,29.29
fold2_room1_mix1544,10,7,0,-176,-1,30.24
fold2_room1_mix1544,11,7,0,-176,0,31.46
fold2_room1_mix1544,12,7,0,-175,0,30.18
fold2_room1_mix1544,13,7,0,-175,-1,29.55
fold2_room1_mix1544,14,7,0,-176,-1,30.55
fold2_room1_mix1544,15,7,0,-176,-1,31.23
fold2_room1_mix1544,16,7,0,-176,-1,29.51
fold2_room1_mix1544,17,7,0,-176,-1,28.53
fold2_room1_mix1544,18,7,0,-176,-1,29.51
fold2_room1_mix1544,19,7,0,-176,-1,28.93
fold2_room1_mix1544,20,7,0,-175,-1,27.65
fold2_room1_mix1544,21,7,0,-175,-1,27.63
fold2_room1_mix1544,22,7,0,-175,-1,27.41
fold2_room1_mix1544,23,7,0,-174,-1,26.14
fold2_room1_mix1544,24,7,0,-175,0,27.89
fold2_room1_mix1544,25,7,0,-175,0,27.31
fold2_room1_mix1544,26,7,0,-175,0,26.29
fold2_room1_mix1544,27,7,0,-176,0,26.95
fold2_room1_mix1544,28,7,0,-175,0,26.43
fold2_room1_mix1544,29,7,0,-175,-1,24.91
fold2_room1_mix1544,30,7,0,-173,-1,24.45
fold2_room1_mix1544,31,7,0,-172,0,23.14
fold2_room1_mix1544,32,7,0,-172,-1,21.76
fold2_room1_mix1544,33,7,0,-169,-1,19.08
fold2_room1_mix1544,34,7,0,-171,-1,20.24
fold2_room1_mix1544,35,7,0,-171,-1,19.30
fold2_room1_mix1544,36,7,0,-169,-1,18.85
fold2_room1_mix1544,37,7,0,-169,-1,17.70
fold2_room1_mix1544,38,7,0,-167,-1,17.02
fold2_room1_mix1544,39,7,0,-167,-1,16.09
fold2_room1_mix1544,40,7,0,-165,-1,14.59
fold2_room1_mix1544,41,7,0,-164,-1,13.63
fold2_room1_mix1544,42,7,0,-163,-1,12.12
fold2_room1_mix1544,43,7,0,-162,-1,12.16
fold2_room1_mix1544,44,7,0,-161,-1,11.44
fold2_room1_mix1544,45,7,0,-159,-1,9.87
fold2_room1_mix1544,46,7,0,-157,-1,8.64
fold2_room1_mix1544,47,7,0,-155,-1,8.09
fold2_room1_mix1544,48,7,0,-153,-2,7.33
fold2_room1_mix1544,49,7,0,-147,-2,6.27
fold2_room1_mix1544,50,7,0,-145,-2,6.38
fold2_room1_mix1544,51,7,0,-135,-3,5.27
fold2_room1_mix1544,52,7,0,-127,-3,4.60
fold2_room1_mix1544,53,7,0,-110,-3,3.53
fold2_room1_mix1544,54,7,0,-91,-4,3.46
fold2_room1_mix1544,55,7,0,-84,-3,3.54
fold2_room1_mix1544,56,7,0,-69,-3,3.96
fold2_room1_mix1544,57,7,0,-58,-2,4.59
fold2_room1_mix1544,58,7,0,-48,-2,5.06
fold2_room1_mix1544,59,7,0,-43,-1,5.51
fold2_room1_mix1544,60,7,0,-36,-1,6.07
fold2_room1_mix1544,61,7,0,-33,-1,6.95
fold2_room1_mix1544,62,7,0,-29,-1,7.47
fold2_room1_mix1544,63,7,0,-28,-1,8.06
fold2_room1_mix1544,64,7,0,-25,-1,8.43
fold2_room1_mix1544,65,7,0,-23,0,9.35
fold2_room1_mix1544,66,7,0,-22,0,10.42
fold2_room1_mix1544,67,7,0,-21,0,11.12
fold2_room1_mix1544,68,7,0,-18,0,12.34
fold2_room1_mix1544,69,7,0,-18,0,12.80
fold2_room1_mix1544,70,7,0,-16,0,13.80
fold2_room1_mix1544,71,7,0,-15,0,15.64
fold2_room1_mix1544,72,7,0,-15,0,15.98
fold2_room1_mix1544,73,7,0,-14,0,17.17
fold2_room1_mix1544,74,7,0,-12,0,17.88
fold2_room1_mix1544,75,7,0,-13,0,18.72
fold2_room1_mix1544,76,7,0,-11,0,20.32
fold2_room1_mix1544,77,7,0,-10,0,20.97
fold2_room1_mix1544,78,7,0,-9,0,22.07
fold2_room1_mix1544,79,7,0,-8,0,23.92
fold2_room1_mix1544,80,7,0,-7,0,24.31
fold2_room1_mix1544,81,7,0,-7,0,24.79
fold2_room1_mix1544,82,7,0,-7,0,26.08
fold2_room1_mix1544,83,7,0,-6,0,27.52
fold2_room1_mix1544,84,7,0,-5,0,27.82
fold2_room1_mix1544,85,7,0,-6,0,28.14
fold2_room1_mix1544,86,7,0,-6,0,29.64
fold2_room1_mix1544,87,7,0,-5,0,29.92
fold2_room1_mix1544,88,7,0,-5,0,31.41
fold2_room1_mix1544,89,7,0,-5,0,31.68
fold2_room1_mix1544,90,7,0,-5,0,31.60
fold2_room1_mix1544,91,7,0,-5,0,32.96
fold2_room1_mix1544,92,7,0,-5,0,34.30
fold2_room1_mix1544,93,7,0,-5,0,33.82
fold2_room1_mix1544,94,7,0,-5,0,35.90
fold2_room1_mix1544,95,7,0,-5,0,37.11
fold2_room1_mix1544,96,7,0,-5,0,37.10
fold2_room1_mix1544,97,7,0,-5,0,37.10
fold2_room1_mix1544,98,7,0,-5,0,39.39
fold2_room1_mix1544,99,7,0,-5,0,38.44
fold2_room1_mix1545,2,5,0,-176,1,3.56
fold2_room1_mix1545,3,7,0,-177,0,8.78
fold2_room1_mix1545,4,7,0,-174,0,18.60
fold2_room1_mix1545,5,7,0,-175,0,22.28
fold2_room1_mix1545,6,7,0,-175,0,21.40
fold2_room1_mix1545,7,7,0,-175,0,24.52
fold2_room1_mix1545,8,7,0,-174,0,23.02
fold2_room1_mix1545,9,7,0,-173,-1,21.57
fold2_room1_mix1545,10,7,0,-173,-1,21.43
fold2_room1_mix1545,11,7,0,-173,-1,20.28
fold2_room1_mix1545,12,7,0,-172,-1,19.14
fold2_room1_mix1545,13,7,0,-173,-1,19.12
fold2_room1_mix1545,14,7,0,-172,-1,17.78
fold2_room1_mix1545,15,7,0,-171,-1,17.10
fold2_room1_mix1545,16,7,0,-172,-1,16.92
fold2_room1_mix1545,17,7,0,-171,-1,15.86
fold2_room1_mix1545,18,7,0,-170,-1,14.91
fold2_room1_mix1545,19,7,0,-169,-1,14.02
fold2_room1_mix1545,20,7,0,-168,-1,12.75
fold2_room1_mix1545,21,7,0,-166,-1,11.51
fold2_room1_mix1545,22,7,0,-166,-1,10.07
fold2_room1_mix1545,23,7,0,-163,-1,9.28
fold2_room1_mix1545,24,7,0,-161,-1,8.27
fold2_room1_mix1545,25,7,0,-157,-1,6.91
fold2_room1_mix1545,26,7,0,-154,-2,6.19
fold2_room1_mix1545,27,7,0,-150,-2,5.28
fold2_room1_mix1545,28,7,0,-144,-2,4.66
fold2_room1_mix1545,29,7,0,-134,-3,3.40
fold2_room1_mix1545,30,7,0,-123,-3,2.92
fold2_room1_mix1545,31,7,0,-101,-3,2.58
fold2_room1_mix1545,32,7,0,-85,-2,2.70
fold2_room1_mix1545,33,7,0,-65,-1,3.37
fold2_room1_mix1545,34,7,0,-49,-2,4.29
fold2_room1_mix1545,35,7,0,-40,-1,4.65
fold2_room1_mix1545,36,7,0,-33,-1,5.59
fold2_room1_mix1545,37,7,0,-27,-1,6.31
fold2_room1_mix1545,38,7,0,-23,-1,7.26
fold2_room1_mix1545,39,7,0,-21,0,8.04
fold2_room1_mix1545,40,7,0,-18,0,8.35
fold2_room1_mix1545,41,7,0,-17,0,8.83
fold2_room1_mix1545,42,7,0,-16,0,10.02
fold2_room1_mix1545,43,7,0,-14,0,10.97
fold2_room1_mix1545,44,7,0,-12,0,11.76
fold2_room1_mix1545,45,7,0,-12,0,13.03
fold2_room1_mix1545,46,7,0,-12,0,13.88
fold2_room1_mix1545,47,7,0,-10,0,14.84
fold2_room1_mix1545,48,7,0,-9,0,15.90
fold2_room1_mix1545,49,7,0,-10,0,16.36
fold2_room1_mix1545,50,7,0,-8,0,18.26
fold2_room1_mix1545,51,7,0,-7,0,19.13
fold2_room1_mix1545,52,7,0,-7,0,19.90
fold2_room1_mix1545,53,7,0,-6,0,21.67
fold2_room1_mix1545,54,7,0,-6,0,22.16
fold2_room1_mix1545,55,7,0,-6,0,23.96
fold2_room1_mix1545,56,7,0,-5,0,25.39
fold2_room1_mix1545,57,7,0,-4,0,26.23
fold2_room1_mix1545,58,7,0,-4,0,26.95
fold2_room1_mix1545,59,7,0,-4,0,28.02
fold2_room1_mix1545,60,7,0,-3,0,28.19
fold2_room1_mix1545,61,7,0,-3,0,29.29
fold2_room1_mix1545,62,7,0,-3,0,30.26
fold2_room1_mix1545,63,7,0,-3,0,30.87
fold2_room1_mix1545,64,7,0,-2,0,31.34
fold2_room1_mix1545,65,7,0,-3,0,33.12
fold2_room1_mix1545,66,7,0,-3,0,34.23
fold2_room1_mix1545,67,7,0,-2,0,34.14
fold2_room1_mix1545,68,7,0,-3,0,36.32
fold2_room1_mix1545,69,7,0,-2,0,38.33
fold2_room1_mix1545,70,7,0,-2,0,38.47
fold2_room1_mix1545,71,7,0,-2,0,39.41
fold2_room1_mix1545,72,7,0,-3,0,39.98
fold2_room1_mix1545,73,7,0,-3,0,39.47
fold2_room1_mix1545,74,7,0,-2,0,41.67
fold2_room1_mix1545,75,7,0,-3,0,42.11
fold2_room1_mix1545,76,7,0,-2,0,43.41
fold2_room1_mix1545,77,7,0,-2,0,44.99
fold2_room1_mix1545,78,7,0,-2,0,47.47
fold2_room1_mix1545,79,7,0,-2,0,48.47
fold2_room1_mix1545,80,7,0,-2,0,46.70
fold2_room1_mix1545,81,7,0,-3,0,48.17
fold2_room1_mix1545,82,7,0,-2,0,52.32
fold2_room1_mix1545,83,7,0,-2,0,50.70
fold2_room1_mix1545,84,7,0,-2,0,50.70
fold2_room1_mix1545,85,7,0,-2,0,52.88
fold2_room1_mix1545,86,7,0,-2,0,50.62
fold2_room1_mix1545,87,7,0,-2,0,54.02
fold2_room1_mix1545,88,7,0,-2,0,54.98
fold2_room1_mix1545,89,7,0,-2,0,54.22
fold2_room1_mix1545,90,7,0,-2,0,55.34
fold2_room1_mix1545,91,7,0,-2,0,60.21
fold2_room1_mix1545,92,7,0,-2,0,57.28
fold2_room1_mix1545,93,7,0,-2,0,55.71
fold2_room1_mix1545,94,7,0,-2,0,57.96
fold2_room1_mix1545,95,7,0,-2,0,60.39
fold2_room1_mix1545,96,7,0,-2,0,59.52
fold2_room1_mix1545,97,7,0,-3,0,60.74
fold2_room1_mix1545,98,7,0,-3,0,66.04
fold2_room1_mix1545,99,7,0,-2,0,63.23
fold2_room1_mix1546,3,7,0,0,0,9.79
fold2_room1_mix1546,4,7,0,3,0,25.45
fold2_room1_mix1546,5,7,0,3,0,30.25
fold2_room1_mix1546,6,7,0,2,0,29.65
fold2_room1_mix1546,7,7,0,3,0,39.04
fold2_room1_mix1546,8,7,0,4,0,41.51
fold2_room1_mix1546,9,7,0,3,0,38.60
fold2_room1_mix1546,10,7,0,3,0,36.43
fold2_room1_mix1546,11,7,0,4,0,39.80
fold2_room1_mix1546,12,7,0,4,0,42.71
fold2_room1_mix1546,13,7,0,4,0,37.98
fold2_room1_mix1546,14,7,0,4,0,41.19
fold2_room1_mix1546,15,7,0,4,0,38.75
fold2_room1_mix1546,16,7,0,4,0,35.77
fold2_room1_mix1546,17,7,0,4,0,35.78
fold2_room1_mix1546,18,7,0,4,0,34.87
fold2_room1_mix1546,19,7,0,4,0,38.04
fold2_room1_mix1546,20,7,0,5,0,35.27
fold2_room1_mix1546,21,7,0,5,0,34.58
fold2_room1_mix1546,22,7,0,4,0,36.22
fold2_room1_mix1546,23,7,0,5,0,33.04
fold2_room1_mix1546,24,7,0,4,0,34.86
fold2_room1_mix1546,25,7,0,4,0,35.31
fold2_room1_mix1546,26,7,0,4,0,33.04
fold2_room1_mix1546,27,7,0,5,0,34.84
fold2_room1_mix1546,28,7,0,4,0,33.59
fold2_room1_mix1546,29,7,0,4,0,32.55
fold2_room1_mix1546,30,7,0,5,0,33.02
fold2_room1_mix1546,31,7,0,5,0,32.54
fold2_room1_mix1546,32,7,0,5,0,32.58
fold2_room1_mix1546,33,7,0,5,0,31.74
fold2_room1_mix1546,34,7,0,6,0,31.22
fold2_room1_mix1546,35,7,0,6,0,32.36
fold2_room1_mix1546,36,7,0,7,0,30.60
fold2_room1_mix1546,37,7,0,7,0,30.94
fold2_room1_mix1546,38,7,0,7,0,30.81
fold2_room1_mix1546,39,7,0,7,0,29.56
fold2_room1_mix1546,40,7,0,8,0,29.43
fold2_room1_mix1546,41,7,0,7,0,27.84
fold2_room1_mix1546,42,7,0,9,0,26.63
fold2_room1_mix1546,43,7,0,9,0,27.16
fold2_room1_mix1546,44,7,0,9,0,26.02
fold2_room1_mix1546,45,7,0,8,0,24.15
fold2_room1_mix1546,46,7,0,9,0,24.40
fold2_room1_mix1546,47,7,0,9,0,23.25
fold2_room1_mix1546,48,7,0,10,0,21.98
fold2_room1_mix1546,49,7,0,9,0,20.47
fold2_room1_mix1546,50,7,0,11,0,20.01
fold2_room1_mix1546,51,7,0,12,0,18.76
fold2_room1_mix1546,52,7,0,12,0,17.74
fold2_room1_mix1546,53,7,0,13,0,17.63
fold2_room1_mix1546,54,7,0,14,0,16.81
fold2_room1_mix1546,55,7,0,13,0,16.13
fold2_room1_mix1546,56,7,0,14,0,15.76
fold2_room1_mix1546,57,7,0,14,0,14.62
fold2_room1_mix1546,58,7,0,14,0,13.62
fold2_room1_mix1546,59,7,0,15,0,13.53
fold2_room1_mix1546,60,7,0,15,0,12.21
fold2_room1_mix1546,61,7,0,16,0,11.12
fold2_room1_mix1546,62,7,0,16,0,10.05
fold2_room1_mix1546,63,7,0,18,0,9.60
fold2_room1_mix1546,64,7,0,19,-1,8.66
fold2_room1_mix1546,65,7,0,18,-1,8.32
fold2_room1_mix1546,66,7,0,20,-1,7.31
fold2_room1_mix1546,67,7,0,25,-1,6.17
fold2_room1_mix1546,68,7,0,27,-1,5.54
fold2_room1_mix1546,69,7,0,31,-2,4.74
fold2_room1_mix1546,70,7,0,35,-2,4.20
fold2_room1_mix1546,71,7,0,45,-2,3.63
fold2_room1_mix1546,72,7,0,56,-1,3.05
fold2_room1_mix1546,73,7,0,67,-2,2.99
fold2_room1_mix1546,74,7,0,83,-2,2.92
fold2_room1_mix1546,75,7,0,105,0,2.84
fold2_room1_mix1546,76,7,0,121,0,3.16
fold2_room1_mix1546,77,7,0,132,0,3.77
fold2_room1_mix1546,78,7,0,139,0,4.32
fold2_room1_mix1546,79,7,0,146,-1,4.68
fold2_room1_mix1546,80,7,0,149,0,5.25
fold2_room1_mix1546,81,7,0,154,0,5.96
fold2_room1_mix1546,82,7,0,156,-1,6.31
fold2_room1_mix1546,83,7,0,158,0,6.84
fold2_room1_mix1546,84,7,0,161,0,7.57
fold2_room1_mix1546,85,7,0,162,0,8.72
fold2_room1_mix1546,86,7,0,163,0,8.98
fold2_room1_mix1546,87,7,0,164,0,9.47
fold2_room1_mix1546,88,7,0,163,0,10.27
fold2_room1_mix1546,89,7,0,165,0,11.43
fold2_room1_mix1546,90,7,0,167,0,12.04
fold2_room1_mix1546,91,7,0,167,0,12.28
fold2_room1_mix1546,92,7,0,167,0,13.24
fold2_room1_mix1546,93,7,0,168,0,13.73
fold2_room1_mix1546,94,7,0,169,0,14.78
fold2_room1_mix1546,95,7,0,169,0,14.87
fold2_room1_mix1546,96,7,0,170,0,15.78
fold2_room1_mix1546,97,7,0,170,0,16.51
fold2_room1_mix1546,98,7,0,170,0,17.14
fold2_room1_mix1546,99,7,0,170,0,18.63
fold2_room1_mix1547,2,7,0,-179,0,9.08
fold2_room1_mix1547,3,7,0,-179,0,16.89
fold2_room1_mix1547,4,7,0,-178,0,17.16
fold2_room1_mix1547,5,7,0,179,0,26.63
fold2_room1_mix1547,6,7,0,-176,0,28.35
fold2_room1_mix1547,7,7,0,-177,0,33.80
fold2_room1_mix1547,8,7,0,-177,0,36.01
fold2_room1_mix1547,9,7,0,-175,0,34.76
fold2_room1_mix1547,10,7,0,-177,0,36.37
fold2_room1_mix1547,11,7,0,-177,0,36.89
fold2_room1_mix1547,12,7,0,-177,0,36.37
fold2_room1_mix1547,13,7,0,-176,0,35.62
fold2_room1_mix1547,14,7,0,-176,0,32.27
fold2_room1_mix1547,15,7,0,-177,0,34.93
fold2_room1_mix1547,16,7,0,-176,0,35.19
fold2_room1_mix1547,17,7,0,-176,0,37.92
fold2_room1_mix1547,18,7,0,-175,0,30.14
fold2_room1_mix1547,19,7,0,-176,0,34.05
fold2_room1_mix1547,20,7,0,-176,0,36.71
fold2_room1_mix1547,21,7,0,-175,0,32.53
fold2_room1_mix1547,22,7,0,-175,0,32.12
fold2_room1_mix1547,23,7,0,-174,0,32.91
fold2_room1_mix1547,24,7,0,-175,0,34.43
fold2_room1_mix1547,25,7,0,-175,0,33.78
fold2_room1_mix1547,26,7,0,-177,0,33.78
fold2_room1_mix1547,27,7,0,-176,0,32.56
fold2_room1_mix1547,28,7,0,-175,0,31.38
fold2_room1_mix1547,29,7,0,-176,0,32.72
fold2_room1_mix1547,30,7,0,-176,0,33.75
fold2_room1_mix1547,31,7,0,-176,0,32.96
fold2_room1_mix1547,32,7,0,-176,0,33.32
fold2_room1_mix1547,33,7,0,-175,0,32.75
fold2_room1_mix1547,34,7,0,-176,0,31.67
fold2_room1_mix1547,35,7,0,-177,0,32.97
fold2_room1_mix1547,36,7,0,-176,0,32.03
fold2_room1_mix1547,37,7,0,-177,0,30.28
fold2_room1_mix1547,38,7,0,-176,0,30.83
fold2_room1_mix1547,39,7,0,-176,0,30.23
fold2_room1_mix1547,40,7,0,-177,0,27.06
fold2_room1_mix1547,41,7,0,-176,0,25.94
fold2_room1_mix1547,42,7,0,-175,0,27.66
fold2_room1_mix1547,43,7,0,-176,0,27.70
fold2_room1_mix1547,44,7,0,-176,0,26.54
fold2_room1_mix1547,45,7,0,-174,0,24.45
fold2_room1_mix1547,46,7,0,-175,0,24.99
fold2_room1_mix1547,47,7,0,-175,0,24.93
fold2_room1_mix1547,48,7,0,-174,0,22.20
fold2_room1_mix1547,49,7,0,-172,0,24.68
fold2_room1_mix1547,50,7,0,-171,0,22.35
fold2_room1_mix1547,51,7,0,-169,0,20.60
fold2_room1_mix1547,52,7,0,-169,-1,19.91
fold2_room1_mix1547,53,7,0,-170,-1,19.76
fold2_room1_mix1547,54,7,0,-169,-1,18.26
fold2_room1_mix1547,55,7,0,-171,-1,17.92
fold2_room1_mix1547,56,7,0,-170,-1,17.03
fold2_room1_mix1547,57,7,0,-169,-1,16.09
fold2_room1_mix1547,58,7,0,-167,-1,15.01
fold2_room1_mix1547,59,7,0,-166,-1,15.07
fold2_room1_mix1547,60,7,0,-167,-1,13.73
fold2_room1_mix1547,61,7,0,-164,-1,12.41
fold2_room1_mix1547,62,7,0,-163,-1,12.46
fold2_room1_mix1547,63,7,0,-161,-1,10.43
fold2_room1_mix1547,64,7,0,-161,-1,9.73
fold2_room1_mix1547,65,7,0,-159,-1,8.77
fold2_room1_mix1547,66,7,0,-159,-1,8.16
fold2_room1_mix1547,67,7,0,-156,-1,7.19
fold2_room1_mix1547,68,7,0,-152,-1,6.50
fold2_room1_mix1547,69,7,0,-151,-1,6.01
fold2_room1_mix1547,70,7,0,-143,-2,4.81
fold2_room1_mix1547,71,7,0,-138,-2,4.24
fold2_room1_mix1547,72,7,0,-136,-2,3.77
fold2_room1_mix1547,73,7,0,-133,-2,3.93
fold2_room1_mix1547,74,7,0,-121,-3,3.56
fold2_room1_mix1547,75,7,0,-100,-4,2.69
fold2_room1_mix1547,76,7,0,-88,-4,2.91
fold2_room1_mix1547,77,7,0,-69,-3,3.43
fold2_room1_mix1547,78,7,0,-58,-2,3.60
fold2_room1_mix1547,79,7,0,-49,-2,3.82
fold2_room1_mix1547,80,7,0,-42,-1,4.62
fold2_room1_mix1547,81,7,0,-36,-1,5.03
fold2_room1_mix1547,82,7,0,-31,-1,5.63
fold2_room1_mix1547,83,7,0,-28,-1,6.36
fold2_room1_mix1547,84,7,0,-25,-1,6.92
fold2_room1_mix1547,85,7,0,-22,0,7.25
fold2_room1_mix1547,86,7,0,-22,0,7.88
fold2_room1_mix1547,87,7,0,-19,0,8.53
fold2_room1_mix1547,88,7,0,-17,0,9.84
fold2_room1_mix1547,89,7,0,-16,0,10.70
fold2_room1_mix1547,90,7,0,-16,0,11.26
fold2_room1_mix1547,91,7,0,-14,0,12.79
fold2_room1_mix1547,92,7,0,-13,0,13.07
fold2_room1_mix1547,93,7,0,-14,0,13.57
fold2_room1_mix1547,94,7,0,-11,0,15.18
fold2_room1_mix1547,95,7,0,-9,0,15.94
fold2_room1_mix1547,96,7,0,-9,0,16.50
fold2_room1_mix1547,97,7,0,-10,0,18.62
fold2_room1_mix1547,98,7,0,-8,0,18.93
fold2_room1_mix1547,99,7,0,-9,0,19.93
fold2_room1_mix1548,4,7,0,1,0,34.60
fold2_room1_mix1548,5,7,0,2,0,34.93
fold2_room1_mix1548,6,7,0,1,0,37.72
fold2_room1_mix1548,7,7,0,2,0,42.58
fold2_room1_mix1548,8,7,0,2,0,45.70
fold2_room1_mix1548,9,7,0,2,0,46.10
fold2_room1_mix1548,10,7,0,2,0,41.28
fold2_room1_mix1548,11,7,0,2,0,41.92
fold2_room1_mix1548,12,7,0,2,0,42.12
fold2_room1_mix1548,13,7,0,2,0,44.32
fold2_room1_mix1548,14,7,0,2,0,44.36
fold2_room1_mix1548,15,7,0,2,0,38.77
fold2_room1_mix1548,16,7,0,1,0,42.23
fold2_room1_mix1548,17,7,0,3,0,39.88
fold2_room1_mix1548,18,7,0,2,0,39.64
fold2_room1_mix1548,19,7,0,3,0,38.04
fold2_room1_mix1548,20,7,0,2,0,41.06
fold2_room1_mix1548,21,7,0,3,0,40.73
fold2_room1_mix1548,22,7,0,3,0,39.90
fold2_room1_mix1548,23,7,0,3,0,37.99
fold2_room1_mix1548,24,7,0,2,0,40.46
fold2_room1_mix1548,25,7,0,3,0,39.84
fold2_room1_mix1548,26,7,0,3,0,36.53
fold2_room1_mix1548,27,7,0,6,0,39.45
fold2_room1_mix1548,28,7,0,5,0,35.24
fold2_room1_mix1548,29,7,0,4,0,34.94
fold2_room1_mix1548,30,7,0,5,0,35.52
fold2_room1_mix1548,31,7,0,6,0,33.52
fold2_room1_mix1548,32,7,0,6,0,33.25
fold2_room1_mix1548,33,7,0,7,0,32.61
fold2_room1_mix1548,34,7,0,7,0,31.02
fold2_room1_mix1548,35,7,0,8,0,30.72
fold2_room1_mix1548,36,7,0,7,0,29.98
fold2_room1_mix1548,37,7,0,9,0,28.05
fold2_room1_mix1548,38,7,0,7,0,27.45
fold2_room1_mix1548,39,7,0,6,0,27.23
fold2_room1_mix1548,40,7,0,8,0,25.16
fold2_room1_mix1548,41,7,0,11,0,23.87
fold2_room1_mix1548,42,7,0,9,0,21.79
fold2_room1_mix1548,43,7,0,12,0,20.78
fold2_room1_mix1548,44,7,0,12,0,21.25
fold2_room1_mix1548,45,7,0,13,0,19.62
fold2_room1_mix1548,46,7,0,13,0,18.55
fold2_room1_mix1548,47,7,0,14,0,17.89
fold2_room1_mix1548,48,7,0,14,0,17.10
fold2_room1_mix1548,49,7,0,14,0,16.39
fold2_room1_mix1548,50,7,0,15,0,15.30
fold2_room1_mix1548,51,7,0,16,0,14.71
fold2_room1_mix1548,52,7,0,17,0,13.75
fold2_room1_mix1548,53,7,0,19,0,12.51
fold2_room1_mix1548,54,7,0,22,0,10.86
fold2_room1_mix1548,55,7,0,22,0,10.51
fold2_room1_mix1548,56,7,0,24,0,10.06
fold2_room1_mix1548,57,7,0,25,0,8.62
fold2_room1_mix1548,58,7,0,26,0,8.32
fold2_room1_mix1548,59,7,0,27,0,8.24
fold2_room1_mix1548,60,7,0,31,0,7.48
fold2_room1_mix1548,61,7,0,39,0,6.03
fold2_room1_mix1548,62,7,0,42,0,5.39
fold2_room1_mix1548,63,7,0,48,0,4.95
fold2_room1_mix1548,64,7,0,56,0,4.86
fold2_room1_mix1548,65,7,0,62,0,4.91
fold2_room1_mix1548,66,7,0,72,0,4.57
fold2_room1_mix1548,67,7,0,86,0,4.05
fold2_room1_mix1548,68,7,0,98,0,4.03
fold2_room1_mix1548,69,7,0,106,0,4.27
fold2_room1_mix1548,70,7,0,121,0,4.74
fold2_room1_mix1548,71,7,0,128,0,5.15
fold2_room1_mix1548,72,7,0,136,0,5.84
fold2_room1_mix1548,73,7,0,142,0,6.76
fold2_room1_mix1548,74,7,0,146,0,7.38
fold2_room1_mix1548,75,7,0,151,0,8.52
fold2_room1_mix1548,76,7,0,152,0,8.52
fold2_room1_mix1548,77,7,0,155,0,9.81
fold2_room1_mix1548,78,7,0,157,0,10.42
fold2_room1_mix1548,79,7,0,159,0,10.88
fold2_room1_mix1548,80,7,0,160,0,11.47
fold2_room1_mix1548,81,7,0,161,0,12.82
fold2_room1_mix1548,82,7,0,161,0,13.31
fold2_room1_mix1548,83,7,0,162,0,13.84
fold2_room1_mix1548,84,7,0,162,0,14.47
fold2_room1_mix1548,85,7,0,164,0,15.61
fold2_room1_mix1548,86,7,0,165,0,15.83
fold2_room1_mix1548,87,7,0,166,0,15.97
fold2_room1_mix1548,88,7,0,166,0,16.59
fold2_room1_mix1548,89,7,0,166,0,17.43
fold2_room1_mix1548,90,7,0,167,0,18.38
fold2_room1_mix1548,91,7,0,168,0,19.30
fold2_room1_mix1548,92,7,0,167,0,19.55
fold2_room1_mix1548,93,7,0,169,0,20.57
fold2_room1_mix1548,94,7,0,169,0,21.44
fold2_room1_mix1548,95,7,0,169,0,22.68
fold2_room1_mix1548,96,7,0,170,0,23.12
fold2_room1_mix1548,97,7,0,171,0,25.27
fold2_room1_mix1548,98,7,0,170,0,26.16
fold2_room1_mix1548,99,7,0,171,0,26.77
fold2_room1_mix1549,3,5,0,176,1,2.91
fold2_room1_mix1549,3,7,0,-178,0,6.13
fold2_room1_mix1549,4,7,0,-175,0,19.87
fold2_room1_mix1549,5,7,0,-176,0,18.94
fold2_room1_mix1549,6,7,0,-177,0,21.81
fold2_room1_mix1549,7,7,0,-173,0,23.75
fold2_room1_mix1549,8,7,0,-177,0,25.77
fold2_room1_mix1549,9,7,0,-176,0,25.89
fold2_room1_mix1549,10,7,0,-175,-1,27.71
fold2_room1_mix1549,11,7,0,-173,-1,25.98
fold2_room1_mix1549,12,7,0,-175,-1,27.96
fold2_room1_mix1549,13,5,0,-179,-1,5.92
fold2_room1_mix1549,13,7,0,-176,0,12.01
fold2_room1_mix1549,14,5,0,-179,-1,18.41
fold2_room1_mix1549,14,7,0,-177,0,7.54
fold2_room1_mix1549,15,7,0,-175,0,16.68
fold2_room1_mix1549,16,7,0,-177,0,21.64
fold2_room1_mix1549,17,5,0,175,0,57.16
fold2_room1_mix1549,17,7,0,-178,-1,1.99
fold2_room1_mix1549,18,7,0,-175,0,21.58
fold2_room1_mix1549,19,7,0,-174,0,21.03
fold2_room1_mix1549,20,7,0,-174,0,22.10
fold2_room1_mix1549,21,7,0,-174,0,20.67
fold2_room1_mix1549,22,7,0,-174,0,18.42
fold2_room1_mix1549,23,7,0,-173,0,20.90
fold2_room1_mix1549,24,7,0,-169,-1,19.13
fold2_room1_mix1549,25,7,0,-171,0,21.02
fold2_room1_mix1549,26,7,0,-173,0,19.52
fold2_room1_mix1549,27,7,0,-174,-1,21.92
fold2_room1_mix1549,28,7,0,-172,-1,21.21
fold2_room1_mix1549,29,7,0,-170,-1,18.58
fold2_room1_mix1549,30,7,0,-171,-1,19.25
fold2_room1_mix1549,31,7,0,-173,-1,19.87
fold2_room1_mix1549,32,7,0,-171,-1,17.19
fold2_room1_mix1549,33,7,0,-170,-1,17.06
fold2_room1_mix1549,34,7,0,-172,-1,18.22
fold2_room1_mix1549,35,7,0,-170,-1,17.08
fold2_room1_mix1549,36,7,0,-171,-1,16.52
fold2_room1_mix1549,37,7,0,-172,-1,16.16
fold2_room1_mix1549,38,7,0,-172,-1,16.54
fold2_room1_mix1549,39,7,0,-171,-1,15.70
fold2_room1_mix1549,40,7,0,-170,-1,14.92
fold2_room1_mix1549,41,7,0,-168,-1,13.96
fold2_room1_mix1549,42,7,0,-167,-1,13.65
fold2_room1_mix1549,43,7,0,-166,-1,12.71
fold2_room1_mix1549,44,7,0,-165,-1,11.79
fold2_room1_mix1549,45,7,0,-167,-1,11.58
fold2_room1_mix1549,46,7,0,-164,-1,10.35
fold2_room1_mix1549,47,7,0,-163,-1,9.49
fold2_room1_mix1549,48,7,0,-164,-1,9.58
fold2_room1_mix1549,49,7,0,-162,-1,8.85
fold2_room1_mix1549,50,7,0,-161,-1,7.51
fold2_room1_mix1549,51,7,0,-161,-1,7.85
fold2_room1_mix1549,52,7,0,-159,-2,6.87
fold2_room1_mix1549,53,7,0,-156,-2,5.71
fold2_room1_mix1549,54,7,0,-155,-2,5.70
fold2_room1_mix1549,55,7,0,-152,-2,5.07
fold2_room1_mix1549,56,7,0,-150,-3,5.09
fold2_room1_mix1549,57,7,0,-146,-3,4.55
fold2_room1_mix1549,58,7,0,-140,-4,3.85
fold2_room1_mix1549,59,7,0,-135,-4,3.28
fold2_room1_mix1549,60,7,0,-129,-4,2.71
fold2_room1_mix1549,61,7,0,-110,-5,2.13
fold2_room1_mix1549,62,7,0,-89,-4,2.22
fold2_room1_mix1549,63,7,0,-70,-3,2.44
fold2_room1_mix1549,64,7,0,-56,-2,2.89
fold2_room1_mix1549,65,7,0,-46,-2,3.29
fold2_room1_mix1549,66,7,0,-41,-2,3.57
fold2_room1_mix1549,67,7,0,-33,-1,4.12
fold2_room1_mix1549,68,7,0,-29,-1,4.37
fold2_room1_mix1549,69,7,0,-26,-1,5.20
fold2_room1_mix1549,70,7,0,-23,-1,5.53
fold2_room1_mix1549,71,7,0,-21,-1,5.61
fold2_room1_mix1549,72,7,0,-18,0,6.60
fold2_room1_mix1549,73,7,0,-17,0,7.45
fold2_room1_mix1549,74,7,0,-16,0,7.43
fold2_room1_mix1549,75,7,0,-13,0,8.49
fold2_room1_mix1549,76,7,0,-13,0,8.54
fold2_room1_mix1549,77,7,0,-13,0,9.66
fold2_room1_mix1549,78,7,0,-10,0,10.22
fold2_room1_mix1549,79,7,0,-11,0,10.73
fold2_room1_mix1549,80,7,0,-10,0,11.61
fold2_room1_mix1549,81,7,0,-9,0,11.77
fold2_room1_mix1549,82,7,0,-8,0,12.61
fold2_room1_mix1549,83,7,0,-9,0,13.75
fold2_room1_mix1549,84,7,0,-7,0,14.01
fold2_room1_mix1549,85,7,0,-7,0,14.95
fold2_room1_mix1549,86,7,0,-7,0,15.03
fold2_room1_mix1549,87,7,0,-7,0,15.34
fold2_room1_mix1549,88,7,0,-6,0,15.91
fold2_room1_mix1549,89,7,0,-6,0,16.88
fold2_room1_mix1549,90,7,0,-6,0,16.94
fold2_room1_mix1549,91,7,0,-4,0,18.68
fold2_room1_mix1549,92,7,0,-5,0,18.26
fold2_room1_mix1549,93,7,0,-5,0,18.78
fold2_room1_mix1549,94,7,0,-3,0,19.50
fold2_room1_mix1549,95,7,0,-5,0,19.92
fold2_room1_mix1549,96,7,0,-4,0,21.10
fold2_room1_mix1549,97,7,0,-4,0,22.15
fold2_room1_mix1549,98,7,0,-3,0,22.75
fold2_room1_mix1549,99,7,0,-2,0,23.60
fold2_room1_mix1550,5,7,0,-177,0,2.20
fold2_room1_mix1550,6,7,0,179,0,37.72
fold2_room1_mix1550,7,7,0,-179,0,43.83
fold2_room1_mix1550,8,7,0,-179,0,46.08
fold2_room1_mix1550,9,7,0,-179,0,53.32
fold2_room1_mix1550,10,7,0,-179,0,59.61
fold2_room1_mix1550,11,7,0,-179,0,55.16
fold2_room1_mix1550,12,7,0,179,0,53.92
fold2_room1_mix1550,13,7,0,-179,0,63.33
fold2_room1_mix1550,14,7,0,-178,0,58.46
fold2_room1_mix1550,15,7,0,179,0,63.11
fold2_room1_mix1550,16,7,0,179,0,66.64
fold2_room1_mix1550,17,7,0,-178,0,60.90
fold2_room1_mix1550,18,7,0,179,0,66.42
fold2_room1_mix1550,19,7,0,-179,0,71.69
fold2_room1_mix1550,20,7,0,-179,0,64.06
fold2_room1_mix1550,21,7,0,-179,0,64.47
fold2_room1_mix1550,22,7,0,-179,0,61.99
fold2_room1_mix1550,23,7,0,-179,0,62.78
fold2_room1_mix1550,24,7,0,-178,0,53.48
fold2_room1_mix1550,25,7,0,-178,0,54.01
fold2_room1_mix1550,26,7,0,-178,0,54.88
fold2_room1_mix1550,27,7,0,-178,0,53.52
fold2_room1_mix1550,28,7,0,-178,0,52.17
fold2_room1_mix1550,29,7,0,-178,0,51.78
fold2_room1_mix1550,30,7,0,-178,0,47.11
fold2_room1_mix1550,31,7,0,-177,0,48.99
fold2_room1_mix1550,32,7,0,-177,0,47.45
fold2_room1_mix1550,33,7,0,-177,0,44.37
fold2_room1_mix1550,34,7,0,-177,0,43.85
fold2_room1_mix1550,35,7,0,-177,0,42.35
fold2_room1_mix1550,36,7,0,-177,0,42.09
fold2_room1_mix1550,37,7,0,-177,0,39.68
fold2_room1_mix1550,38,7,0,-177,0,39.00
fold2_room1_mix1550,39,7,0,-175,0,36.72
fold2_room1_mix1550,40,7,0,-175,0,34.32
fold2_room1_mix1550,41,7,0,-173,0,32.60
fold2_room1_mix1550,42,7,0,-172,0,31.43
fold2_room1_mix1550,43,7,0,-171,0,30.09
fold2_room1_mix1550,44,7,0,-170,0,27.60
fold2_room1_mix1550,45,7,0,-170,0,24.42
fold2_room1_mix1550,46,7,0,-168,0,22.78
fold2_room1_mix1550,47,7,0,-167,0,21.65
fold2_room1_mix1550,48,7,0,-166,-1,18.85
fold2_room1_mix1550,49,7,0,-165,-1,16.20
fold2_room1_mix1550,50,7,0,-164,-1,14.62
fold2_room1_mix1550,51,7,0,-163,-1,13.01
fold2_room1_mix1550,52,7,0,-161,-1,10.31
fold2_room1_mix1550,53,7,0,-158,-1,8.84
fold2_room1_mix1550,54,7,0,-152,-1,7.19
fold2_room1_mix1550,55,7,0,-144,-1,5.98
fold2_room1_mix1550,56,7,0,-134,-2,4.50
fold2_room1_mix1550,57,7,0,-113,-3,3.48
fold2_room1_mix1550,58,7,0,-89,-4,3.56
fold2_room1_mix1550,59,7,0,-63,-3,3.75
fold2_room1_mix1550,60,7,0,-46,-2,4.83
fold2_room1_mix1550,61,7,0,-38,-2,5.69
fold2_room1_mix1550,62,7,0,-31,-1,6.81
fold2_room1_mix1550,63,7,0,-25,-1,8.30
fold2_room1_mix1550,64,7,0,-22,-1,9.43
fold2_room1_mix1550,65,7,0,-19,-1,10.75
fold2_room1_mix1550,66,7,0,-16,0,13.32
fold2_room1_mix1550,67,7,0,-14,0,14.95
fold2_room1_mix1550,68,7,0,-12,0,16.30
fold2_room1_mix1550,69,7,0,-12,0,17.55
fold2_room1_mix1550,70,7,0,-11,0,19.12
fold2_room1_mix1550,71,7,0,-8,0,20.97
fold2_room1_mix1550,72,7,0,-8,0,23.26
fold2_room1_mix1550,73,7,0,-6,0,26.48
fold2_room1_mix1550,74,7,0,-6,0,29.05
fold2_room1_mix1550,75,7,0,-6,0,29.44
fold2_room1_mix1550,76,7,0,-4,0,31.54
fold2_room1_mix1550,77,7,0,-4,0,32.62
fold2_room1_mix1550,78,7,0,-4,0,32.94
fold2_room1_mix1550,79,7,0,-4,0,37.29
fold2_room1_mix1550,80,7,0,-4,0,38.23
fold2_room1_mix1550,81,7,0,-3,0,39.44
fold2_room1_mix1550,82,7,0,-3,0,41.90
fold2_room1_mix1550,83,7,0,-2,0,44.55
fold2_room1_mix1550,84,7,0,-2,0,46.87
fold2_room1_mix1550,85,7,0,-2,0,48.13
fold2_room1_mix1550,86,7,0,-1,0,50.48
fold2_room1_mix1550,87,7,0,-1,0,51.86
fold2_room1_mix1550,88,7,0,-2,0,52.53
fold2_room1_mix1550,89,7,0,-1,0,53.37
fold2_room1_mix1550,90,7,0,-1,0,57.08
fold2_room1_mix1550,91,7,0,-2,0,57.75
fold2_room1_mix1550,92,7,0,-1,0,60.45
fold2_room1_mix1550,93,7,0,-2,0,60.25
fold2_room1_mix1550,94,7,0,-2,0,61.53
fold2_room1_mix1550,95,7,0,-2,0,64.72
fold2_room1_mix1550,96,7,0,-1,0,66.90
fold2_room1_mix1550,97,7,0,-1,0,66.42
fold2_room1_mix1550,98,7,0,-2,0,73.37
fold2_room1_mix1550,99,7,0,-1,0,74.30
fold2_room1_mix1551,3,7,0,-176,0,4.19
fold2_room1_mix1551,4,7,0,-178,0,15.01
fold2_room1_mix1551,5,7,0,-179,0,31.98
fold2_room1_mix1551,6,7,0,179,0,36.11
fold2_room1_mix1551,7,7,0,-179,0,34.19
fold2_room1_mix1551,8,7,0,-178,0,44.44
fold2_room1_mix1551,9,7,0,-179,0,49.34
fold2_room1_mix1551,10,7,0,179,0,49.10
fold2_room1_mix1551,11,7,0,-178,0,48.44
fold2_room1_mix1551,12,7,0,-179,0,52.38
fold2_room1_mix1551,13,7,0,-179,0,48.85
fold2_room1_mix1551,14,7,0,-179,0,45.65
fold2_room1_mix1551,15,7,0,-178,0,48.06
fold2_room1_mix1551,16,7,0,-177,0,43.51
fold2_room1_mix1551,17,7,0,-178,0,45.83
fold2_room1_mix1551,18,7,0,-178,0,47.72
fold2_room1_mix1551,19,7,0,-179,0,44.44
fold2_room1_mix1551,20,7,0,-178,0,42.46
fold2_room1_mix1551,21,7,0,-178,0,42.49
fold2_room1_mix1551,22,7,0,-179,0,42.77
fold2_room1_mix1551,23,7,0,-179,0,41.82
fold2_room1_mix1551,24,7,0,-178,0,40.14
fold2_room1_mix1551,25,7,0,-178,0,41.43
fold2_room1_mix1551,26,7,0,-179,0,43.08
fold2_room1_mix1551,27,7,0,-178,0,41.34
fold2_room1_mix1551,28,7,0,-178,0,40.98
fold2_room1_mix1551,29,7,0,-177,0,37.31
fold2_room1_mix1551,30,7,0,-178,0,36.12
fold2_room1_mix1551,31,7,0,-177,0,37.67
fold2_room1_mix1551,32,7,0,-177,0,35.09
fold2_room1_mix1551,33,7,0,-176,0,32.61
fold2_room1_mix1551,34,7,0,-175,0,31.12
fold2_room1_mix1551,35,7,0,-176,0,32.89
fold2_room1_mix1551,36,7,0,-177,0,31.70
fold2_room1_mix1551,37,7,0,-174,0,29.98
fold2_room1_mix1551,38,7,0,-175,0,30.08
fold2_room1_mix1551,39,7,0,-174,0,28.36
fold2_room1_mix1551,40,7,0,-173,0,26.21
fold2_room1_mix1551,41,7,0,-174,0,25.94
fold2_room1_mix1551,42,7,0,-171,0,22.04
fold2_room1_mix1551,43,7,0,-171,0,21.49
fold2_room1_mix1551,44,7,0,-169,-1,19.69
fold2_room1_mix1551,45,7,0,-169,-1,17.76
fold2_room1_mix1551,46,7,0,-168,-1,16.29
fold2_room1_mix1551,47,7,0,-168,-1,15.20
fold2_room1_mix1551,48,7,0,-167,-1,14.04
fold2_room1_mix1551,49,7,0,-165,-1,11.48
fold2_room1_mix1551,50,7,0,-162,-1,9.86
fold2_room1_mix1551,51,7,0,-160,-1,8.47
fold2_room1_mix1551,52,7,0,-157,-1,6.98
fold2_room1_mix1551,53,7,0,-151,-2,5.89
fold2_room1_mix1551,54,7,0,-143,-3,4.48
fold2_room1_mix1551,55,7,0,-132,-3,3.19
fold2_room1_mix1551,56,7,0,-102,-4,2.25
fold2_room1_mix1551,57,7,0,-67,-4,2.57
fold2_room1_mix1551,58,7,0,-52,-2,3.30
fold2_room1_mix1551,59,7,0,-37,-2,4.29
fold2_room1_mix1551,60,7,0,-29,-2,5.30
fold2_room1_mix1551,61,7,0,-24,-1,6.39
fold2_room1_mix1551,62,7,0,-20,-1,7.36
fold2_room1_mix1551,63,7,0,-15,0,8.88
fold2_room1_mix1551,64,7,0,-14,0,10.42
fold2_room1_mix1551,65,7,0,-12,0,10.88
fold2_room1_mix1551,66,7,0,-9,0,13.49
fold2_room1_mix1551,67,7,0,-9,0,14.34
fold2_room1_mix1551,68,7,0,-8,0,15.74
fold2_room1_mix1551,69,7,0,-6,0,17.44
fold2_room1_mix1551,70,7,0,-7,0,18.79
fold2_room1_mix1551,71,7,0,-6,0,20.16
fold2_room1_mix1551,72,7,0,-5,0,21.84
fold2_room1_mix1551,73,7,0,-5,0,23.11
fold2_room1_mix1551,74,7,0,-5,0,23.69
fold2_room1_mix1551,75,7,0,-3,0,26.23
fold2_room1_mix1551,76,7,0,-3,0,28.36
fold2_room1_mix1551,77,7,0,-3,0,28.08
fold2_room1_mix1551,78,7,0,-2,0,31.04
fold2_room1_mix1551,79,7,0,-2,0,32.83
fold2_room1_mix1551,80,7,0,-2,0,33.52
fold2_room1_mix1551,81,7,0,-2,0,34.05
fold2_room1_mix1551,82,7,0,-1,0,37.62
fold2_room1_mix1551,83,7,0,-2,0,38.71
fold2_room1_mix1551,84,7,0,-1,0,39.65
fold2_room1_mix1551,85,7,0,-1,0,42.32
fold2_room1_mix1551,86,7,0,-1,0,42.59
fold2_room1_mix1551,87,7,0,-1,0,42.29
fold2_room1_mix1551,88,7,0,-1,0,43.33
fold2_room1_mix1551,89,7,0,-1,0,45.85
fold2_room1_mix1551,90,7,0,-1,0,46.52
fold2_room1_mix1551,91,7,0,-1,0,49.35
fold2_room1_mix1551,92,7,0,-1,0,53.17
fold2_room1_mix1551,93,7,0,-1,0,50.99
fold2_room1_mix1551,94,7,0,-1,0,54.26
fold2_room1_mix1551,95,7,0,-1,0,58.14
fold2_room1_mix1551,96,7,0,-1,0,57.24
fold2_room1_mix1551,97,7,0,-1,0,60.63
fold2_room1_mix1551,98,7,0,-1,0,63.88
fold2_room1_mix1551,99,7,0,-1,0,63.76
fold2_room1_mix1552,11,7,0,2,0,12.83
fold2_room1_mix1552,12,7,0,1,0,9.22
fold2_room1_mix1552,13,7,0,2,0,20.88
fold2_room1_mix1552,15,7,0,2,0,27.57
fold2_room1_mix1552,16,7,0,4,0,21.69
fold2_room1_mix1552,17,7,0,2,0,31.02
fold2_room1_mix1552,18,7,0,0,0,2.92
fold2_room1_mix1552,33,7,0,2,0,9.23
fold2_room1_mix1552,34,7,0,1,0,6.27
fold2_room1_mix1552,35,7,0,2,0,18.88
fold2_room1_mix1552,36,7,0,2,0,31.55
fold2_room1_mix1552,37,7,0,4,0,26.39
fold2_room1_mix1552,41,7,0,3,0,10.54
fold2_room1_mix1552,42,7,0,2,0,24.48
fold2_room1_mix1552,43,7,0,2,0,30.27
fold2_room1_mix1552,44,7,0,1,0,31.62
fold2_room1_mix1552,45,7,0,1,0,32.38
fold2_room1_mix1552,46,7,0,0,0,34.02
fold2_room1_mix1552,47,7,0,-2,0,26.52
fold2_room1_mix1552,48,7,0,-1,0,25.09
fold2_room1_mix1552,49,7,0,-3,0,27.97
fold2_room1_mix1552,50,7,0,0,0,27.81
fold2_room1_mix1552,51,7,0,-4,0,21.46
fold2_room1_mix1552,52,7,0,-6,0,21.01
fold2_room1_mix1552,53,7,0,-8,0,18.12
fold2_room1_mix1552,54,7,0,-8,0,16.60
fold2_room1_mix1552,55,7,0,-14,-1,14.60
fold2_room1_mix1552,56,7,0,-19,-1,11.70
fold2_room1_mix1552,57,7,0,-26,0,8.71
fold2_room1_mix1552,58,7,0,-27,-1,7.84
fold2_room1_mix1552,59,7,0,-39,-1,5.51
fold2_room1_mix1552,60,7,0,-46,-2,5.49
fold2_room1_mix1552,61,7,0,-56,-4,4.31
fold2_room1_mix1552,62,7,0,-79,-4,3.27
fold2_room1_mix1552,63,7,0,-104,-5,3.35
fold2_room1_mix1552,64,7,0,-125,-3,4.26
fold2_room1_mix1552,65,7,0,-136,-3,4.92
fold2_room1_mix1552,66,7,0,-145,-2,5.49
fold2_room1_mix1552,67,7,0,-152,-2,7.11
fold2_room1_mix1552,68,7,0,-155,-1,8.54
fold2_room1_mix1552,69,7,0,-156,-1,10.14
fold2_room1_mix1552,70,7,0,-160,-1,9.85
fold2_room1_mix1552,71,7,0,-162,-1,10.51
fold2_room1_mix1552,72,7,0,-162,-1,12.53
fold2_room1_mix1552,73,7,0,-162,0,12.54
fold2_room1_mix1552,74,7,0,-167,0,16.39
fold2_room1_mix1552,75,7,0,-167,0,18.19
fold2_room1_mix1552,76,7,0,-164,0,19.56
fold2_room1_mix1552,77,7,0,-168,0,23.33
fold2_room1_mix1552,78,7,0,-172,0,25.04
fold2_room1_mix1552,79,7,0,-169,0,25.74
fold2_room1_mix1552,80,7,0,-171,0,27.45
fold2_room1_mix1552,81,7,0,-169,0,25.09
fold2_room1_mix1552,82,7,0,-168,0,25.14
fold2_room1_mix1552,83,7,0,-167,0,22.92
fold2_room1_mix1552,92,7,0,-174,0,9.35
fold2_room1_mix1552,93,7,0,-177,0,22.87
fold2_room1_mix1552,94,7,0,-177,0,26.48
fold2_room1_mix1552,95,7,0,-172,0,17.04
fold2_room1_mix1552,96,7,0,-177,0,33.81
fold2_room1_mix1553,3,7,0,0,0,10.09
fold2_room1_mix1553,4,7,0,1,0,31.38
fold2_room1_mix1553,5,7,0,1,0,39.39
fold2_room1_mix1553,6,7,0,1,0,36.18
fold2_room1_mix1553,7,7,0,1,0,41.35
fold2_room1_mix1553,8,7,0,2,0,52.72
fold2_room1_mix1553,9,7,0,1,0,50.38
fold2_room1_mix1553,10,7,0,1,0,49.06
fold2_room1_mix1553,11,7,0,1,0,51.16
fold2_room1_mix1553,12,7,0,1,0,51.84
fold2_room1_mix1553,13,7,0,1,0,50.04
fold2_room1_mix1553,14,7,0,1,0,51.58
fold2_room1_mix1553,15,7,0,1,0,51.02
fold2_room1_mix1553,16,7,0,1,0,49.79
fold2_room1_mix1553,17,7,0,1,0,48.74
fold2_room1_mix1553,18,7,0,1,0,47.21
fold2_room1_mix1553,19,7,0,1,0,46.40
fold2_room1_mix1553,20,7,0,1,0,45.60
fold2_room1_mix1553,21,7,0,1,0,48.26
fold2_room1_mix1553,22,7,0,1,0,46.35
fold2_room1_mix1553,23,7,0,1,0,44.12
fold2_room1_mix1553,24,7,0,1,0,43.82
fold2_room1_mix1553,25,7,0,1,0,43.74
fold2_room1_mix1553,26,7,0,1,0,44.37
fold2_room1_mix1553,27,7,0,1,0,43.81
fold2_room1_mix1553,28,7,0,1,0,42.05
fold2_room1_mix1553,29,7,0,0,0,39.59
fold2_room1_mix1553,30,7,0,0,0,39.11
fold2_room1_mix1553,31,7,0,0,0,41.29
fold2_room1_mix1553,32,7,0,0,0,39.49
fold2_room1_mix1553,33,7,0,0,0,38.88
fold2_room1_mix1553,34,7,0,0,0,38.14
fold2_room1_mix1553,35,7,0,0,0,36.99
fold2_room1_mix1553,36,7,0,-1,0,34.71
fold2_room1_mix1553,37,7,0,0,0,34.47
fold2_room1_mix1553,38,7,0,-2,0,31.44
fold2_room1_mix1553,39,7,0,-1,0,32.28
fold2_room1_mix1553,40,7,0,-1,0,30.11
fold2_room1_mix1553,41,7,0,-2,0,27.60
fold2_room1_mix1553,42,7,0,-2,0,26.60
fold2_room1_mix1553,43,7,0,-2,0,26.07
fold2_room1_mix1553,44,7,0,-4,0,23.90
fold2_room1_mix1553,45,7,0,-4,0,24.00
fold2_room1_mix1553,46,7,0,-6,0,21.86
fold2_room1_mix1553,47,7,0,-5,0,21.42
fold2_room1_mix1553,48,7,0,-7,0,19.31
fold2_room1_mix1553,49,7,0,-7,0,18.01
fold2_room1_mix1553,50,7,0,-7,0,17.39
fold2_room1_mix1553,51,7,0,-8,0,16.07
fold2_room1_mix1553,52,7,0,-9,0,15.20
fold2_room1_mix1553,53,7,0,-10,0,15.00
fold2_room1_mix1553,54,7,0,-11,0,13.56
fold2_room1_mix1553,55,7,0,-13,0,11.72
fold2_room1_mix1553,56,7,0,-13,-1,10.77
fold2_room1_mix1553,57,7,0,-15,-1,9.59
fold2_room1_mix1553,58,7,0,-17,-1,8.34
fold2_room1_mix1553,59,7,0,-21,-1,7.28
fold2_room1_mix1553,60,7,0,-25,-2,5.85
fold2_room1_mix1553,61,7,0,-28,-2,5.27
fold2_room1_mix1553,62,7,0,-35,-3,4.25
fold2_room1_mix1553,63,7,0,-46,-4,3.34
fold2_room1_mix1553,64,7,0,-69,-4,2.38
fold2_room1_mix1553,65,7,0,-97,-4,2.36
fold2_room1_mix1553,66,7,0,-119,-3,2.51
fold2_room1_mix1553,67,7,0,-134,-3,3.22
fold2_room1_mix1553,68,7,0,-144,-3,4.23
fold2_room1_mix1553,69,7,0,-153,-2,5.20
fold2_room1_mix1553,70,7,0,-156,-2,6.33
fold2_room1_mix1553,71,7,0,-159,-1,7.14
fold2_room1_mix1553,72,7,0,-162,-1,7.94
fold2_room1_mix1553,73,7,0,-164,-1,8.70
fold2_room1_mix1553,74,7,0,-165,0,9.80
fold2_room1_mix1553,75,7,0,-167,0,11.60
fold2_room1_mix1553,76,7,0,-168,0,12.37
fold2_room1_mix1553,77,7,0,-169,0,13.14
fold2_room1_mix1553,78,7,0,-170,0,14.48
fold2_room1_mix1553,79,7,0,-170,0,15.37
fold2_room1_mix1553,80,7,0,-171,0,16.05
fold2_room1_mix1553,81,7,0,-173,0,17.50
fold2_room1_mix1553,82,7,0,-172,0,18.25
fold2_room1_mix1553,83,7,0,-172,0,19.00
fold2_room1_mix1553,84,7,0,-173,0,19.50
fold2_room1_mix1553,85,7,0,-173,0,20.99
fold2_room1_mix1553,86,7,0,-173,0,23.02
fold2_room1_mix1553,87,7,0,-174,0,24.28
fold2_room1_mix1553,88,7,0,-175,0,26.82
fold2_room1_mix1553,89,7,0,-175,0,27.01
fold2_room1_mix1553,90,7,0,-175,0,27.94
fold2_room1_mix1553,91,7,0,-176,0,28.39
fold2_room1_mix1553,92,7,0,-176,0,29.00
fold2_room1_mix1553,93,7,0,-176,0,30.78
fold2_room1_mix1553,94,7,0,-176,0,31.86
fold2_room1_mix1553,95,7,0,-176,0,33.42
fold2_room1_mix1553,96,7,0,-176,0,34.46
fold2_room1_mix1553,97,7,0,-177,0,36.02
fold2_room1_mix1553,98,7,0,-177,0,36.75
fold2_room1_mix1553,99,7,0,-176,0,38.12
fold2_room1_mix1554,2,7,0,0,0,8.26
fold2_room1_mix1554,3,7,0,1,0,21.93
fold2_room1_mix1554,4,7,0,1,0,32.15
fold2_room1_mix1554,5,7,0,1,0,33.35
fold2_room1_mix1554,6,7,0,0,0,34.65
fold2_room1_mix1554,7,7,0,1,0,42.49
fold2_room1_mix1554,8,7,0,1,0,44.00
fold2_room1_mix1554,9,7,0,1,0,40.23
fold2_room1_mix1554,10,7,0,1,0,40.40
fold2_room1_mix1554,11,7,0,1,0,41.04
fold2_room1_mix1554,12,7,0,1,0,47.35
fold2_room1_mix1554,13,7,0,0,0,41.59
fold2_room1_mix1554,14,7,0,0,0,34.32
fold2_room1_mix1554,15,7,0,1,0,43.64
fold2_room1_mix1554,16,7,0,1,0,43.54
fold2_room1_mix1554,17,7,0,1,0,43.84
fold2_room1_mix1554,18,7,0,0,0,37.73
fold2_room1_mix1554,19,7,0,1,0,41.30
fold2_room1_mix1554,20,7,0,1,0,39.70
fold2_room1_mix1554,21,7,0,1,0,38.74
fold2_room1_mix1554,22,7,0,0,0,39.34
fold2_room1_mix1554,23,7,0,0,0,39.64
fold2_room1_mix1554,24,7,0,0,0,37.46
fold2_room1_mix1554,25,7,0,1,0,40.03
fold2_room1_mix1554,26,7,0,0,0,35.49
fold2_room1_mix1554,27,7,0,0,0,38.06
fold2_room1_mix1554,28,7,0,0,0,36.16
fold2_room1_mix1554,29,7,0,0,0,34.50
fold2_room1_mix1554,30,7,0,-3,0,32.53
fold2_room1_mix1554,31,7,0,0,0,31.96
fold2_room1_mix1554,32,7,0,-2,0,30.12
fold2_room1_mix1554,33,7,0,-1,0,27.57
fold2_room1_mix1554,34,7,0,0,0,28.51
fold2_room1_mix1554,35,7,0,-5,0,25.16
fold2_room1_mix1554,36,7,0,-3,0,23.84
fold2_room1_mix1554,37,7,0,-3,0,22.47
fold2_room1_mix1554,38,7,0,-4,0,20.43
fold2_room1_mix1554,39,7,0,-5,0,18.76
fold2_room1_mix1554,40,7,0,-3,0,19.44
fold2_room1_mix1554,41,7,0,-5,0,17.20
fold2_room1_mix1554,42,7,0,-5,0,15.33
fold2_room1_mix1554,43,7,0,-6,0,15.28
fold2_room1_mix1554,44,7,0,-8,0,13.86
fold2_room1_mix1554,45,7,0,-11,0,12.85
fold2_room1_mix1554,46,7,0,-13,-1,11.84
fold2_room1_mix1554,47,7,0,-13,-1,10.39
fold2_room1_mix1554,48,7,0,-13,-1,9.37
fold2_room1_mix1554,49,7,0,-17,-1,7.84
fold2_room1_mix1554,50,7,0,-21,-1,7.29
fold2_room1_mix1554,51,7,0,-24,-2,6.08
fold2_room1_mix1554,52,7,0,-25,-2,5.32
fold2_room1_mix1554,53,7,0,-30,-3,4.40
fold2_room1_mix1554,54,7,0,-34,-4,3.72
fold2_room1_mix1554,55,7,0,-46,-5,2.85
fold2_room1_mix1554,56,7,0,-60,-5,2.32
fold2_room1_mix1554,57,7,0,-89,-5,1.89
fold2_room1_mix1554,58,7,0,-118,-4,2.02
fold2_room1_mix1554,59,7,0,-134,-4,2.69
fold2_room1_mix1554,60,7,0,-143,-3,3.23
fold2_room1_mix1554,61,7,0,-152,-3,4.19
fold2_room1_mix1554,62,7,0,-156,-2,5.01
fold2_room1_mix1554,63,7,0,-158,-2,6.21
fold2_room1_mix1554,64,7,0,-161,-2,6.87
fold2_room1_mix1554,65,7,0,-163,-1,7.60
fold2_room1_mix1554,66,7,0,-164,-1,8.38
fold2_room1_mix1554,67,7,0,-167,-1,9.26
fold2_room1_mix1554,68,7,0,-168,0,10.25
fold2_room1_mix1554,69,7,0,-169,-1,11.33
fold2_room1_mix1554,70,7,0,-170,0,12.29
fold2_room1_mix1554,71,7,0,-170,0,13.35
fold2_room1_mix1554,72,7,0,-170,0,14.05
fold2_room1_mix1554,73,7,0,-172,0,14.60
fold2_room1_mix1554,74,7,0,-172,0,14.97
fold2_room1_mix1554,75,7,0,-172,0,16.33
fold2_room1_mix1554,76,7,0,-172,0,17.01
fold2_room1_mix1554,77,7,0,-173,0,17.55
fold2_room1_mix1554,78,7,0,-173,0,18.48
fold2_room1_mix1554,79,7,0,-174,0,20.14
fold2_room1_mix1554,80,7,0,-173,0,20.61
fold2_room1_mix1554,81,7,0,-174,0,22.06
fold2_room1_mix1554,82,7,0,-175,0,24.16
fold2_room1_mix1554,83,7,0,-175,0,25.33
fold2_room1_mix1554,84,7,0,-175,0,26.17
fold2_room1_mix1554,85,7,0,-175,0,27.49
fold2_room1_mix1554,86,7,0,-176,0,28.29
fold2_room1_mix1554,87,7,0,-176,0,27.82
fold2_room1_mix1554,88,7,0,-175,0,30.37
fold2_room1_mix1554,89,7,0,-176,0,30.14
fold2_room1_mix1554,90,7,0,-175,0,30.59
fold2_room1_mix1554,91,7,0,-176,0,33.12
fold2_room1_mix1554,92,7,0,-175,0,31.71
fold2_room1_mix1554,93,7,0,-176,0,32.05
fold2_room1_mix1554,94,7,0,-176,0,35.21
fold2_room1_mix1554,95,7,0,-176,0,35.50
fold2_room1_mix1554,96,7,0,-176,0,37.65
fold2_room1_mix1554,97,7,0,-176,0,38.79
fold2_room1_mix1554,98,7,0,-176,0,40.26
fold2_room1_mix1554,99,7,0,-177,0,37.20
fold2_room1_mix1555,4,7,0,178,0,9.49
fold2_room1_mix1555,5,7,0,177,0,18.57
fold2_room1_mix1555,6,7,0,179,0,29.99
fold2_room1_mix1555,7,7,0,179,0,27.62
fold2_room1_mix1555,8,7,0,178,0,41.26
fold2_room1_mix1555,9,7,0,179,0,10.53
fold2_room1_mix1555,11,7,0,-179,0,22.91
fold2_room1_mix1555,13,7,0,-179,0,20.03
fold2_room1_mix1555,14,7,0,-179,0,25.29
fold2_room1_mix1555,15,7,0,179,0,7.34
fold2_room1_mix1555,16,7,0,178,0,31.45
fold2_room1_mix1555,17,7,0,179,0,39.97
fold2_room1_mix1555,18,7,0,178,0,34.58
fold2_room1_mix1555,19,7,0,178,0,37.91
fold2_room1_mix1555,20,7,0,177,0,43.47
fold2_room1_mix1555,21,7,0,179,0,32.11
fold2_room1_mix1555,22,7,0,176,0,7.08
fold2_room1_mix1555,23,7,0,178,0,47.82
fold2_room1_mix1555,24,7,0,178,0,57.91
fold2_room1_mix1555,25,7,0,178,0,53.02
fold2_room1_mix1555,26,7,0,179,0,55.29
fold2_room1_mix1555,27,7,0,179,0,50.32
fold2_room1_mix1555,28,7,0,179,0,53.79
fold2_room1_mix1555,29,7,0,179,0,51.23
fold2_room1_mix1555,30,7,0,179,0,52.77
fold2_room1_mix1555,31,7,0,-179,0,35.64
fold2_room1_mix1555,32,7,0,-178,0,14.07
fold2_room1_mix1555,33,7,0,179,0,36.91
fold2_room1_mix1555,34,7,0,179,0,39.71
fold2_room1_mix1555,35,7,0,178,0,32.78
fold2_room1_mix1555,36,7,0,178,0,45.33
fold2_room1_mix1555,37,7,0,179,0,51.21
fold2_room1_mix1555,38,7,0,178,0,38.32
fold2_room1_mix1555,39,7,0,179,0,41.58
fold2_room1_mix1555,40,7,0,-178,0,33.68
fold2_room1_mix1555,41,7,0,179,0,43.58
fold2_room1_mix1555,42,7,0,179,0,39.08
fold2_room1_mix1555,43,7,0,179,0,36.78
fold2_room1_mix1555,44,7,0,176,0,42.92
fold2_room1_mix1555,45,7,0,177,0,42.63
fold2_room1_mix1555,46,7,0,178,0,38.39
fold2_room1_mix1555,47,7,0,175,0,35.34
fold2_room1_mix1555,48,7,0,178,0,36.08
fold2_room1_mix1555,49,7,0,176,0,35.64
fold2_room1_mix1555,50,7,0,176,0,30.56
fold2_room1_mix1555,51,7,0,176,0,28.87
fold2_room1_mix1555,52,7,0,174,0,27.15
fold2_room1_mix1555,53,7,0,173,0,25.18
fold2_room1_mix1555,54,7,0,171,0,21.42
fold2_room1_mix1555,55,7,0,169,0,19.64
fold2_room1_mix1555,56,7,0,169,0,18.16
fold2_room1_mix1555,57,7,0,169,0,15.91
fold2_room1_mix1555,58,7,0,166,0,16.28
fold2_room1_mix1555,59,7,0,163,0,13.26
fold2_room1_mix1555,60,7,0,160,0,11.06
fold2_room1_mix1555,61,7,0,157,0,9.78
fold2_room1_mix1555,62,7,0,151,-1,8.06
fold2_room1_mix1555,63,7,0,146,-1,6.92
fold2_room1_mix1555,64,7,0,132,0,5.58
fold2_room1_mix1555,65,7,0,110,0,4.20
fold2_room1_mix1555,66,7,0,80,0,4.25
fold2_room1_mix1555,67,7,0,60,0,4.40
fold2_room1_mix1555,68,7,0,47,0,5.24
fold2_room1_mix1555,69,7,0,36,0,6.01
fold2_room1_mix1555,70,7,0,29,0,7.38
fold2_room1_mix1555,71,7,0,26,0,9.03
fold2_room1_mix1555,72,7,0,23,0,10.85
fold2_room1_mix1555,73,7,0,20,0,12.78
fold2_room1_mix1555,74,7,0,16,0,13.70
fold2_room1_mix1555,75,7,0,16,0,15.04
fold2_room1_mix1555,76,7,0,14,0,16.70
fold2_room1_mix1555,77,7,0,13,0,17.33
fold2_room1_mix1555,78,7,0,13,0,18.50
fold2_room1_mix1555,79,7,0,11,0,17.39
fold2_room1_mix1555,80,7,0,12,0,20.07
fold2_room1_mix1555,81,7,0,10,0,21.24
fold2_room1_mix1555,82,7,0,10,0,23.86
fold2_room1_mix1555,83,7,0,10,0,25.94
fold2_room1_mix1555,84,7,0,9,0,30.09
fold2_room1_mix1555,85,7,0,8,0,30.50
fold2_room1_mix1555,86,7,0,9,0,33.77
fold2_room1_mix1555,87,7,0,8,0,34.96
fold2_room1_mix1555,88,7,0,8,0,36.15
fold2_room1_mix1555,89,7,0,7,0,40.09
fold2_room1_mix1555,90,7,0,7,0,40.96
fold2_room1_mix1555,91,7,0,7,0,42.03
fold2_room1_mix1555,92,7,0,7,0,42.76
fold2_room1_mix1555,93,7,0,5,0,39.25
fold2_room1_mix1555,94,7,0,5,0,32.58
fold2_room1_mix1555,95,7,0,6,0,45.06
fold2_room1_mix1555,96,7,0,5,0,49.94
fold2_room1_mix1555,97,7,0,6,0,48.91
fold2_room1_mix1555,98,7,0,6,0,48.24
fold2_room1_mix1555,99,7,0,6,0,50.09
fold2_room1_mix1556,3,7,0,0,0,10.76
fold2_room1_mix1556,4,7,0,2,0,24.32
fold2_room1_mix1556,5,7,0,2,0,27.56
fold2_room1_mix1556,6,7,0,2,0,30.61
fold2_room1_mix1556,7,7,0,2,0,30.30
fold2_room1_mix1556,8,7,0,2,0,36.75
fold2_room1_mix1556,9,7,0,2,0,33.87
fold2_room1_mix1556,10,7,0,2,0,33.77
fold2_room1_mix1556,11,7,0,3,0,37.19
fold2_room1_mix1556,12,7,0,3,0,36.23
fold2_room1_mix1556,13,7,0,4,0,34.07
fold2_room1_mix1556,14,7,0,5,0,35.10
fold2_room1_mix1556,15,7,0,4,0,34.69
fold2_room1_mix1556,16,7,0,5,0,30.38
fold2_room1_mix1556,17,7,0,4,0,30.81
fold2_room1_mix1556,18,7,0,5,0,30.79
fold2_room1_mix1556,19,7,0,5,0,31.10
fold2_room1_mix1556,20,7,0,5,0,29.69
fold2_room1_mix1556,21,7,0,6,0,29.75
fold2_room1_mix1556,22,7,0,6,0,29.08
fold2_room1_mix1556,23,7,0,6,0,27.23
fold2_room1_mix1556,24,7,0,6,0,27.17
fold2_room1_mix1556,25,7,0,7,0,26.98
fold2_room1_mix1556,26,7,0,7,0,25.93
fold2_room1_mix1556,27,7,0,8,0,24.47
fold2_room1_mix1556,28,7,0,9,0,23.15
fold2_room1_mix1556,29,7,0,8,0,21.83
fold2_room1_mix1556,30,7,0,9,0,20.88
fold2_room1_mix1556,31,7,0,10,0,19.22
fold2_room1_mix1556,32,7,0,10,0,18.31
fold2_room1_mix1556,33,7,0,10,0,17.97
fold2_room1_mix1556,34,7,0,12,0,16.98
fold2_room1_mix1556,35,7,0,12,0,15.65
fold2_room1_mix1556,36,7,0,12,0,15.38
fold2_room1_mix1556,37,7,0,13,0,14.57
fold2_room1_mix1556,38,7,0,14,0,12.93
fold2_room1_mix1556,39,7,0,16,0,11.90
fold2_room1_mix1556,40,7,0,16,0,10.81
fold2_room1_mix1556,41,7,0,17,0,9.64
fold2_room1_mix1556,42,7,0,21,0,8.33
fold2_room1_mix1556,43,7,0,21,0,7.83
fold2_room1_mix1556,44,7,0,25,-1,6.96
fold2_room1_mix1556,45,7,0,30,-1,5.39
fold2_room1_mix1556,46,7,0,34,-1,4.66
fold2_room1_mix1556,47,7,0,44,-1,3.65
fold2_room1_mix1556,48,7,0,60,-1,3.13
fold2_room1_mix1556,49,7,0,81,0,3.15
fold2_room1_mix1556,50,7,0,105,0,3.23
fold2_room1_mix1556,51,7,0,123,0,3.78
fold2_room1_mix1556,52,7,0,131,0,4.40
fold2_room1_mix1556,53,7,0,139,0,4.69
fold2_room1_mix1556,54,7,0,146,0,5.56
fold2_room1_mix1556,55,7,0,151,0,6.28
fold2_room1_mix1556,56,7,0,154,0,7.02
fold2_room1_mix1556,57,7,0,156,0,7.70
fold2_room1_mix1556,58,7,0,160,0,8.75
fold2_room1_mix1556,59,7,0,161,0,9.04
fold2_room1_mix1556,60,7,0,162,0,9.88
fold2_room1_mix1556,61,7,0,164,0,10.92
fold2_room1_mix1556,62,7,0,166,0,12.00
fold2_room1_mix1556,63,7,0,166,0,13.38
fold2_room1_mix1556,64,7,0,167,0,14.37
fold2_room1_mix1556,65,7,0,168,0,15.19
fold2_room1_mix1556,66,7,0,169,0,15.95
fold2_room1_mix1556,67,7,0,169,0,16.09
fold2_room1_mix1556,68,7,0,169,0,17.73
fold2_room1_mix1556,69,7,0,170,0,18.27
fold2_room1_mix1556,70,7,0,170,0,19.10
fold2_room1_mix1556,71,7,0,170,0,19.41
fold2_room1_mix1556,72,7,0,171,0,20.20
fold2_room1_mix1556,73,7,0,171,0,21.21
fold2_room1_mix1556,74,7,0,172,0,22.54
fold2_room1_mix1556,75,7,0,172,0,24.15
fold2_room1_mix1556,76,7,0,172,0,25.71
fold2_room1_mix1556,77,7,0,173,0,26.24
fold2_room1_mix1556,78,7,0,173,0,26.83
fold2_room1_mix1556,79,7,0,173,0,28.44
fold2_room1_mix1556,80,7,0,173,0,28.58
fold2_room1_mix1556,81,7,0,173,0,29.64
fold2_room1_mix1556,82,7,0,174,0,30.77
fold2_room1_mix1556,83,7,0,173,0,32.02
fold2_room1_mix1556,84,7,0,174,0,32.56
fold2_room1_mix1556,85,7,0,174,0,32.74
fold2_room1_mix1556,86,7,0,174,0,34.09
fold2_room1_mix1556,87,7,0,174,0,34.72
fold2_room1_mix1556,88,7,0,174,0,36.77
fold2_room1_mix1556,89,7,0,174,0,37.31
fold2_room1_mix1556,90,7,0,174,0,36.14
fold2_room1_mix1556,91,7,0,174,0,39.23
fold2_room1_mix1556,92,7,0,174,0,39.83
fold2_room1_mix1556,93,7,0,174,0,38.27
fold2_room1_mix1556,94,7,0,174,0,41.16
fold2_room1_mix1556,95,7,0,174,0,41.93
fold2_room1_mix1556,96,7,0,174,0,44.29
fold2_room1_mix1556,97,7,0,175,0,45.22
fold2_room1_mix1556,98,7,0,175,0,47.43
fold2_room1_mix1556,99,7,0,175,0,47.57
fold2_room1_mix1557,2,7,0,-178,0,3.03
fold2_room1_mix1557,3,7,0,179,0,19.82
fold2_room1_mix1557,4,7,0,-179,0,31.44
fold2_room1_mix1557,5,7,0,179,0,33.73
fold2_room1_mix1557,6,7,0,179,0,35.73
fold2_room1_mix1557,7,7,0,-179,0,37.05
fold2_room1_mix1557,8,7,0,179,0,33.09
fold2_room1_mix1557,9,7,0,179,0,34.66
fold2_room1_mix1557,10,7,0,-179,0,38.54
fold2_room1_mix1557,11,7,0,-179,0,31.75
fold2_room1_mix1557,12,7,0,179,0,35.63
fold2_room1_mix1557,13,7,0,-179,0,32.41
fold2_room1_mix1557,14,7,0,179,0,31.03
fold2_room1_mix1557,15,7,0,178,0,29.39
fold2_room1_mix1557,16,7,0,-178,0,29.03
fold2_room1_mix1557,17,7,0,178,0,29.56
fold2_room1_mix1557,18,7,0,178,0,28.92
fold2_room1_mix1557,19,7,0,-178,0,26.58
fold2_room1_mix1557,20,7,0,-176,0,27.21
fold2_room1_mix1557,21,7,0,179,0,22.24
fold2_room1_mix1557,22,7,0,177,0,24.76
fold2_room1_mix1557,23,7,0,178,0,24.13
fold2_room1_mix1557,24,7,0,175,0,23.02
fold2_room1_mix1557,25,7,0,173,0,21.72
fold2_room1_mix1557,26,7,0,171,0,20.30
fold2_room1_mix1557,27,7,0,173,0,20.17
fold2_room1_mix1557,28,7,0,171,0,20.74
fold2_room1_mix1557,29,7,0,172,0,19.19
fold2_room1_mix1557,30,7,0,171,0,19.61
fold2_room1_mix1557,31,7,0,171,0,18.66
fold2_room1_mix1557,32,7,0,170,0,17.84
fold2_room1_mix1557,33,7,0,168,0,17.46
fold2_room1_mix1557,34,7,0,168,0,17.38
fold2_room1_mix1557,35,7,0,168,0,16.86
fold2_room1_mix1557,36,7,0,166,0,14.34
fold2_room1_mix1557,37,7,0,162,0,12.74
fold2_room1_mix1557,38,7,0,163,0,12.27
fold2_room1_mix1557,39,7,0,161,-1,11.11
fold2_room1_mix1557,40,7,0,160,-1,10.43
fold2_room1_mix1557,41,7,0,159,0,9.55
fold2_room1_mix1557,42,7,0,157,-1,8.49
fold2_room1_mix1557,43,7,0,156,-1,8.84
fold2_room1_mix1557,44,7,0,152,-1,7.96
fold2_room1_mix1557,45,7,0,150,-1,7.41
fold2_room1_mix1557,46,7,0,145,-1,6.73
fold2_room1_mix1557,47,7,0,142,0,5.90
fold2_room1_mix1557,48,7,0,135,-1,5.29
fold2_room1_mix1557,49,7,0,127,-1,4.92
fold2_room1_mix1557,50,7,0,112,0,4.30
fold2_room1_mix1557,51,7,0,95,0,4.15
fold2_room1_mix1557,52,7,0,87,0,4.32
fold2_room1_mix1557,53,7,0,71,0,4.60
fold2_room1_mix1557,54,7,0,60,0,4.92
fold2_room1_mix1557,55,7,0,51,0,5.09
fold2_room1_mix1557,56,7,0,47,0,5.57
fold2_room1_mix1557,57,7,0,40,0,6.00
fold2_room1_mix1557,58,7,0,35,0,6.60
fold2_room1_mix1557,59,7,0,30,0,7.49
fold2_room1_mix1557,60,7,0,27,0,7.92
fold2_room1_mix1557,61,7,0,26,0,8.56
fold2_room1_mix1557,62,7,0,24,0,9.22
fold2_room1_mix1557,63,7,0,22,0,9.57
fold2_room1_mix1557,64,7,0,19,0,10.49
fold2_room1_mix1557,65,7,0,20,0,10.86
fold2_room1_mix1557,66,7,0,19,0,11.11
fold2_room1_mix1557,67,7,0,18,0,11.86
fold2_room1_mix1557,68,7,0,18,0,13.07
fold2_room1_mix1557,69,7,0,17,0,14.45
fold2_room1_mix1557,70,7,0,14,0,14.66
fold2_room1_mix1557,71,7,0,14,0,15.79
fold2_room1_mix1557,72,7,0,13,0,16.93
fold2_room1_mix1557,73,7,0,13,0,16.89
fold2_room1_mix1557,74,7,0,13,0,17.77
fold2_room1_mix1557,75,7,0,12,0,18.73
fold2_room1_mix1557,76,7,0,11,0,19.02
fold2_room1_mix1557,77,7,0,12,0,20.25
fold2_room1_mix1557,78,7,0,11,0,21.53
fold2_room1_mix1557,79,7,0,11,0,21.94
fold2_room1_mix1557,80,7,0,10,0,22.77
fold2_room1_mix1557,81,7,0,9,0,22.91
fold2_room1_mix1557,82,7,0,9,0,24.37
fold2_room1_mix1557,83,7,0,9,0,22.70
fold2_room1_mix1557,84,7,0,9,0,25.24
fold2_room1_mix1557,85,7,0,8,0,26.39
fold2_room1_mix1557,86,7,0,8,0,26.31
fold2_room1_mix1557,87,7,0,9,0,28.74
fold2_room1_mix1557,88,7,0,8,0,29.61
fold2_room1_mix1557,89,7,0,9,0,29.52
fold2_room1_mix1557,90,7,0,8,0,29.42
fold2_room1_mix1557,91,7,0,8,0,31.80
fold2_room1_mix1557,92,7,0,9,0,31.92
fold2_room1_mix1557,93,7,0,8,0,28.90
fold2_room1_mix1557,94,7,0,7,0,34.14
fold2_room1_mix1557,95,7,0,7,0,35.67
fold2_room1_mix1557,96,7,0,8,0,35.79
fold2_room1_mix1557,97,7,0,7,0,39.28
fold2_room1_mix1557,98,7,0,8,0,39.07
fold2_room1_mix1557,99,7,0,7,0,38.98
fold2_room1_mix1558,7,7,0,2,0,14.08
fold2_room1_mix1558,8,7,0,4,0,23.38
fold2_room1_mix1558,9,7,0,2,0,32.25
fold2_room1_mix1558,10,7,0,1,0,3.77
fold2_room1_mix1558,11,7,0,1,0,3.01
fold2_room1_mix1558,17,7,0,1,0,24.16
fold2_room1_mix1558,18,7,0,2,0,36.58
fold2_room1_mix1558,19,7,0,1,0,31.91
fold2_room1_mix1558,20,7,0,2,0,31.41
fold2_room1_mix1558,21,7,0,0,0,32.27
fold2_room1_mix1558,22,7,0,1,0,36.61
fold2_room1_mix1558,23,7,0,1,0,31.06
fold2_room1_mix1558,25,7,0,-1,0,25.62
fold2_room1_mix1558,29,7,0,1,0,14.05
fold2_room1_mix1558,30,7,0,0,0,15.88
fold2_room1_mix1558,32,7,0,1,0,24.25
fold2_room1_mix1558,33,7,0,1,0,35.65
fold2_room1_mix1558,34,7,0,2,0,36.42
fold2_room1_mix1558,35,7,0,3,0,24.92
fold2_room1_mix1558,36,7,0,2,0,39.09
fold2_room1_mix1558,37,7,0,2,0,35.06
fold2_room1_mix1558,38,7,0,1,0,38.25
fold2_room1_mix1558,39,7,0,2,0,33.34
fold2_room1_mix1558,40,7,0,1,0,32.90
fold2_room1_mix1558,41,7,0,1,0,32.41
fold2_room1_mix1558,42,7,0,1,0,28.91
fold2_room1_mix1558,43,7,0,1,0,29.17
fold2_room1_mix1558,44,7,0,2,0,28.56
fold2_room1_mix1558,45,7,0,2,0,26.05
fold2_room1_mix1558,46,7,0,4,0,25.41
fold2_room1_mix1558,47,7,0,5,0,22.95
fold2_room1_mix1558,48,7,0,5,0,21.55
fold2_room1_mix1558,49,7,0,4,0,21.58
fold2_room1_mix1558,50,7,0,7,0,18.45
fold2_room1_mix1558,51,7,0,10,0,17.47
fold2_room1_mix1558,52,7,0,12,0,17.60
fold2_room1_mix1558,53,7,0,13,0,15.55
fold2_room1_mix1558,54,7,0,14,0,15.17
fold2_room1_mix1558,55,7,0,16,0,13.96
fold2_room1_mix1558,56,7,0,19,0,11.98
fold2_room1_mix1558,57,7,0,20,0,10.30
fold2_room1_mix1558,58,7,0,23,0,8.27
fold2_room1_mix1558,59,7,0,30,0,7.19
fold2_room1_mix1558,60,7,0,36,0,5.76
fold2_room1_mix1558,61,7,0,48,0,4.89
fold2_room1_mix1558,62,7,0,56,0,4.65
fold2_room1_mix1558,63,7,0,71,0,4.43
fold2_room1_mix1558,64,7,0,94,0,3.87
fold2_room1_mix1558,65,7,0,115,0,3.85
fold2_room1_mix1558,66,7,0,127,0,4.31
fold2_room1_mix1558,67,7,0,135,0,5.50
fold2_room1_mix1558,68,7,0,141,0,6.10
fold2_room1_mix1558,69,7,0,148,0,6.83
fold2_room1_mix1558,70,7,0,154,0,7.87
fold2_room1_mix1558,71,7,0,155,0,9.41
fold2_room1_mix1558,72,7,0,158,0,10.50
fold2_room1_mix1558,73,7,0,162,0,11.40
fold2_room1_mix1558,74,7,0,165,0,12.84
fold2_room1_mix1558,75,7,0,165,0,15.25
fold2_room1_mix1558,76,7,0,166,0,15.55
fold2_room1_mix1558,77,7,0,167,0,16.09
fold2_room1_mix1558,78,7,0,168,0,17.24
fold2_room1_mix1558,79,7,0,168,0,17.16
fold2_room1_mix1558,80,7,0,169,0,18.79
fold2_room1_mix1558,81,7,0,169,0,20.00
fold2_room1_mix1558,82,7,0,170,0,21.51
fold2_room1_mix1558,83,7,0,170,0,22.85
fold2_room1_mix1558,84,7,0,170,0,24.32
fold2_room1_mix1558,85,7,0,171,0,26.09
fold2_room1_mix1558,86,7,0,172,0,27.46
fold2_room1_mix1558,87,7,0,172,0,13.40
fold2_room1_mix1558,88,7,0,173,0,9.96
fold2_room1_mix1558,90,7,0,173,0,27.15
fold2_room1_mix1558,91,7,0,174,0,30.54
fold2_room1_mix1558,92,7,0,173,0,12.16
fold2_room1_mix1558,93,7,0,174,0,35.11
fold2_room1_mix1558,94,7,0,173,0,8.20
fold2_room1_mix1558,95,7,0,172,0,6.53
fold2_room1_mix1558,97,7,0,175,0,11.52
fold2_room1_mix1558,98,7,0,174,0,27.69
fold2_room1_mix1558,99,7,0,173,0,29.93
fold2_room1_mix1559,4,7,0,0,0,3.67
fold2_room1_mix1559,5,7,0,0,0,11.69
fold2_room1_mix1559,6,7,0,1,0,35.40
fold2_room1_mix1559,7,7,0,0,0,25.09
fold2_room1_mix1559,8,7,0,0,0,35.05
fold2_room1_mix1559,9,7,0,1,0,53.80
fold2_room1_mix1559,10,7,0,1,0,49.06
fold2_room1_mix1559,11,7,0,2,0,54.17
fold2_room1_mix1559,12,7,0,2,0,57.83
fold2_room1_mix1559,13,7,0,2,0,60.75
fold2_room1_mix1559,14,7,0,2,0,55.92
fold2_room1_mix1559,15,7,0,2,0,59.87
fold2_room1_mix1559,16,7,0,2,0,62.47
fold2_room1_mix1559,17,7,0,2,0,58.46
fold2_room1_mix1559,18,7,0,2,0,56.70
fold2_room1_mix1559,19,7,0,2,0,62.54
fold2_room1_mix1559,20,7,0,2,0,55.59
fold2_room1_mix1559,21,7,0,2,0,59.35
fold2_room1_mix1559,22,7,0,2,0,60.64
fold2_room1_mix1559,23,7,0,2,0,58.10
fold2_room1_mix1559,24,7,0,2,0,55.68
fold2_room1_mix1559,25,7,0,2,0,55.20
fold2_room1_mix1559,26,7,0,2,0,57.31
fold2_room1_mix1559,27,7,0,2,0,56.95
fold2_room1_mix1559,28,7,0,2,0,57.23
fold2_room1_mix1559,29,7,0,2,0,56.24
fold2_room1_mix1559,30,7,0,2,0,55.95
fold2_room1_mix1559,31,7,0,2,0,58.15
fold2_room1_mix1559,32,7,0,2,0,56.31
fold2_room1_mix1559,33,7,0,2,0,56.00
fold2_room1_mix1559,34,7,0,2,0,57.82
fold2_room1_mix1559,35,7,0,2,0,58.37
fold2_room1_mix1559,36,7,0,2,0,58.90
fold2_room1_mix1559,37,7,0,2,0,55.60
fold2_room1_mix1559,38,7,0,2,0,53.35
fold2_room1_mix1559,39,7,0,2,0,51.85
fold2_room1_mix1559,40,7,0,2,0,48.11
fold2_room1_mix1559,41,7,0,2,0,50.74
fold2_room1_mix1559,42,7,0,2,0,48.49
fold2_room1_mix1559,43,7,0,3,0,47.43
fold2_room1_mix1559,44,7,0,2,0,44.51
fold2_room1_mix1559,45,7,0,3,0,43.34
fold2_room1_mix1559,46,7,0,3,0,42.38
fold2_room1_mix1559,47,7,0,3,0,43.78
fold2_room1_mix1559,48,7,0,4,0,40.95
fold2_room1_mix1559,49,7,0,3,0,37.54
fold2_room1_mix1559,50,7,0,4,0,37.65
fold2_room1_mix1559,51,7,0,4,0,36.40
fold2_room1_mix1559,52,7,0,3,0,35.02
fold2_room1_mix1559,53,7,0,3,0,34.77
fold2_room1_mix1559,54,7,0,2,0,33.18
fold2_room1_mix1559,55,7,0,3,0,31.60
fold2_room1_mix1559,56,7,0,3,0,30.54
fold2_room1_mix1559,57,7,0,3,0,29.37
fold2_room1_mix1559,58,7,0,4,0,29.50
fold2_room1_mix1559,59,7,0,5,0,27.81
fold2_room1_mix1559,60,7,0,6,0,25.88
fold2_room1_mix1559,61,7,0,6,0,25.55
fold2_room1_mix1559,62,7,0,6,0,21.56
fold2_room1_mix1559,63,7,0,8,0,21.40
fold2_room1_mix1559,64,7,0,10,0,19.38
fold2_room1_mix1559,65,7,0,9,0,17.06
fold2_room1_mix1559,66,7,0,10,0,15.56
fold2_room1_mix1559,67,7,0,11,0,14.68
fold2_room1_mix1559,68,7,0,12,0,13.84
fold2_room1_mix1559,69,7,0,11,0,12.78
fold2_room1_mix1559,70,7,0,13,0,10.70
fold2_room1_mix1559,71,7,0,14,0,9.62
fold2_room1_mix1559,72,7,0,16,-1,7.93
fold2_room1_mix1559,73,7,0,22,-1,6.15
fold2_room1_mix1559,74,7,0,26,-2,4.53
fold2_room1_mix1559,75,7,0,40,-2,3.08
fold2_room1_mix1559,76,7,0,65,-1,2.05
fold2_room1_mix1559,77,7,0,118,-1,2.22
fold2_room1_mix1559,78,7,0,138,-2,2.53
fold2_room1_mix1559,79,7,0,149,-2,3.31
fold2_room1_mix1559,80,7,0,158,-1,4.67
fold2_room1_mix1559,81,7,0,162,-1,5.96
fold2_room1_mix1559,82,7,0,165,0,7.43
fold2_room1_mix1559,83,7,0,168,0,8.44
fold2_room1_mix1559,84,7,0,170,0,10.47
fold2_room1_mix1559,85,7,0,172,0,12.01
fold2_room1_mix1559,86,7,0,173,0,12.85
fold2_room1_mix1559,87,7,0,173,0,14.50
fold2_room1_mix1559,88,7,0,173,0,15.77
fold2_room1_mix1559,89,7,0,174,0,16.53
fold2_room1_mix1559,90,7,0,174,0,18.01
fold2_room1_mix1559,91,7,0,174,0,18.51
fold2_room1_mix1559,92,7,0,175,0,19.69
fold2_room1_mix1559,93,7,0,175,0,21.76
fold2_room1_mix1559,94,7,0,175,0,22.58
fold2_room1_mix1559,95,7,0,175,0,24.81
fold2_room1_mix1559,96,7,0,175,0,26.01
fold2_room1_mix1559,97,7,0,175,0,26.82
fold2_room1_mix1559,98,7,0,175,0,28.32
fold2_room1_mix1559,99,7,0,175,0,29.26
fold2_room1_mix1560,4,7,0,179,0,29.21
fold2_room1_mix1560,5,7,0,179,0,31.91
fold2_room1_mix1560,6,7,0,179,0,36.56
fold2_room1_mix1560,7,7,0,-179,0,33.55
fold2_room1_mix1560,8,7,0,179,0,40.14
fold2_room1_mix1560,9,7,0,-179,0,39.19
fold2_room1_mix1560,10,7,0,179,0,39.01
fold2_room1_mix1560,11,7,0,178,0,42.69
fold2_room1_mix1560,12,7,0,179,0,39.71
fold2_room1_mix1560,13,7,0,178,0,37.99
fold2_room1_mix1560,14,7,0,179,0,36.66
fold2_room1_mix1560,15,7,0,179,0,34.93
fold2_room1_mix1560,16,7,0,179,0,33.97
fold2_room1_mix1560,17,7,0,177,0,33.16
fold2_room1_mix1560,18,7,0,177,0,32.67
fold2_room1_mix1560,19,7,0,177,0,32.81
fold2_room1_mix1560,20,7,0,177,0,32.06
fold2_room1_mix1560,21,7,0,177,0,31.10
fold2_room1_mix1560,22,7,0,176,0,28.80
fold2_room1_mix1560,23,7,0,176,0,27.08
fold2_room1_mix1560,24,7,0,175,0,27.21
fold2_room1_mix1560,25,7,0,176,0,24.84
fold2_room1_mix1560,26,7,0,175,0,23.92
fold2_room1_mix1560,27,7,0,175,0,21.35
fold2_room1_mix1560,28,7,0,174,0,20.72
fold2_room1_mix1560,29,7,0,174,0,19.13
fold2_room1_mix1560,30,7,0,174,0,17.30
fold2_room1_mix1560,31,7,0,173,0,15.75
fold2_room1_mix1560,32,7,0,171,0,15.29
fold2_room1_mix1560,33,7,0,169,0,12.62
fold2_room1_mix1560,34,7,0,167,0,10.95
fold2_room1_mix1560,35,7,0,164,0,9.35
fold2_room1_mix1560,36,7,0,160,0,7.91
fold2_room1_mix1560,37,7,0,156,-1,6.84
fold2_room1_mix1560,38,7,0,146,-1,4.76
fold2_room1_mix1560,39,7,0,131,-1,3.22
fold2_room1_mix1560,40,7,0,95,0,2.61
fold2_room1_mix1560,41,7,0,59,0,2.71
fold2_room1_mix1560,42,7,0,41,0,3.47
fold2_room1_mix1560,43,7,0,29,0,4.69
fold2_room1_mix1560,44,7,0,23,-1,5.53
fold2_room1_mix1560,45,7,0,19,0,7.06
fold2_room1_mix1560,46,7,0,17,0,8.66
fold2_room1_mix1560,47,7,0,14,0,10.06
fold2_room1_mix1560,48,7,0,11,0,11.72
fold2_room1_mix1560,49,7,0,11,0,13.20
fold2_room1_mix1560,50,7,0,9,0,14.82
fold2_room1_mix1560,51,7,0,8,0,15.76
fold2_room1_mix1560,52,7,0,9,0,17.28
fold2_room1_mix1560,53,7,0,8,0,18.07
fold2_room1_mix1560,54,7,0,7,0,19.56
fold2_room1_mix1560,55,7,0,7,0,20.73
fold2_room1_mix1560,56,7,0,6,0,22.66
fold2_room1_mix1560,57,7,0,6,0,25.51
fold2_room1_mix1560,58,7,0,6,0,26.97
fold2_room1_mix1560,59,7,0,7,0,27.89
fold2_room1_mix1560,60,7,0,6,0,30.23
fold2_room1_mix1560,61,7,0,6,0,30.12
fold2_room1_mix1560,62,7,0,6,0,31.73
fold2_room1_mix1560,63,7,0,5,0,32.56
fold2_room1_mix1560,64,7,0,5,0,33.88
fold2_room1_mix1560,65,7,0,5,0,35.76
fold2_room1_mix1560,66,7,0,5,0,37.71
fold2_room1_mix1560,67,7,0,4,0,38.50
fold2_room1_mix1560,68,7,0,4,0,40.95
fold2_room1_mix1560,69,7,0,4,0,40.74
fold2_room1_mix1560,70,7,0,4,0,42.16
fold2_room1_mix1560,71,7,0,4,0,42.93
fold2_room1_mix1560,72,7,0,4,0,45.98
fold2_room1_mix1560,73,7,0,4,0,46.78
fold2_room1_mix1560,74,7,0,4,0,46.81
fold2_room1_mix1560,75,7,0,4,0,48.40
fold2_room1_mix1560,76,7,0,4,0,51.01
fold2_room1_mix1560,77,7,0,4,0,50.71
fold2_room1_mix1560,78,7,0,4,0,54.33
fold2_room1_mix1560,79,7,0,4,0,54.71
fold2_room1_mix1560,80,7,0,3,0,55.86
fold2_room1_mix1560,81,7,0,4,0,57.46
fold2_room1_mix1560,82,7,0,4,0,58.31
fold2_room1_mix1560,83,7,0,3,0,60.15
fold2_room1_mix1560,84,7,0,4,0,61.35
fold2_room1_mix1560,85,7,0,3,0,61.23
fold2_room1_mix1560,86,7,0,3,0,65.46
fold2_room1_mix1560,87,7,0,3,0,63.84
fold2_room1_mix1560,88,7,0,3,0,66.95
fold2_room1_mix1560,89,7,0,3,0,66.14
fold2_room1_mix1560,90,7,0,3,0,65.67
fold2_room1_mix1560,91,7,0,3,0,68.19
fold2_room1_mix1560,92,7,0,3,0,73.33
fold2_room1_mix1560,93,7,0,3,0,70.36
fold2_room1_mix1560,94,7,0,3,0,75.66
fold2_room1_mix1560,95,7,0,3,0,75.07
fold2_room1_mix1560,96,7,0,3,0,77.51
fold2_room1_mix1560,97,7,0,3,0,81.34
fold2_room1_mix1560,98,7,0,3,0,83.31
fold2_room1_mix1560,99,7,0,4,0,79.77
fold2_room1_mix1561,3,7,0,178,0,7.54
fold2_room1_mix1561,4,7,0,176,0,15.90
fold2_room1_mix1561,5,7,0,175,0,18.84
fold2_room1_mix1561,6,7,0,174,0,20.13
fold2_room1_mix1561,7,7,0,176,-1,19.73
fold2_room1_mix1561,8,7,0,174,-1,18.86
fold2_room1_mix1561,9,7,0,173,-1,19.20
fold2_room1_mix1561,10,7,0,173,-1,19.19
fold2_room1_mix1561,11,7,0,173,-1,18.63
fold2_room1_mix1561,12,7,0,172,-1,18.07
fold2_room1_mix1561,13,7,0,172,-1,17.79
fold2_room1_mix1561,14,7,0,170,-1,17.96
fold2_room1_mix1561,15,7,0,170,-1,16.84
fold2_room1_mix1561,16,7,0,167,-1,16.33
fold2_room1_mix1561,17,7,0,167,-1,15.92
fold2_room1_mix1561,18,7,0,166,-1,15.14
fold2_room1_mix1561,19,7,0,165,-1,14.27
fold2_room1_mix1561,20,7,0,162,-1,12.94
fold2_room1_mix1561,21,7,0,160,-1,12.03
fold2_room1_mix1561,22,7,0,159,-1,11.25
fold2_room1_mix1561,23,7,0,158,-1,10.35
fold2_room1_mix1561,24,7,0,156,-1,9.51
fold2_room1_mix1561,25,7,0,155,-1,9.65
fold2_room1_mix1561,26,7,0,153,-1,8.36
fold2_room1_mix1561,27,7,0,152,-1,7.88
fold2_room1_mix1561,28,7,0,149,-1,7.50
fold2_room1_mix1561,29,7,0,146,-1,6.79
fold2_room1_mix1561,30,7,0,145,-1,6.46
fold2_room1_mix1561,31,7,0,142,-1,5.82
fold2_room1_mix1561,32,7,0,136,-1,4.94
fold2_room1_mix1561,33,7,0,132,-1,5.23
fold2_room1_mix1561,34,7,0,119,0,4.89
fold2_room1_mix1561,35,7,0,104,0,4.52
fold2_room1_mix1561,36,7,0,93,0,4.43
fold2_room1_mix1561,37,7,0,81,0,4.58
fold2_room1_mix1561,38,7,0,68,0,4.79
fold2_room1_mix1561,39,7,0,59,0,4.86
fold2_room1_mix1561,40,7,0,54,0,5.45
fold2_room1_mix1561,41,7,0,44,0,5.80
fold2_room1_mix1561,42,7,0,40,0,6.20
fold2_room1_mix1561,43,7,0,36,0,6.65
fold2_room1_mix1561,44,7,0,31,0,7.54
fold2_room1_mix1561,45,7,0,30,0,7.62
fold2_room1_mix1561,46,7,0,28,0,8.70
fold2_room1_mix1561,47,7,0,26,0,9.22
fold2_room1_mix1561,48,7,0,24,0,9.72
fold2_room1_mix1561,49,7,0,24,0,10.24
fold2_room1_mix1561,50,7,0,22,0,11.39
fold2_room1_mix1561,51,7,0,20,0,12.08
fold2_room1_mix1561,52,7,0,19,0,13.32
fold2_room1_mix1561,53,7,0,18,0,13.88
fold2_room1_mix1561,54,7,0,17,0,14.34
fold2_room1_mix1561,55,7,0,16,0,15.52
fold2_room1_mix1561,56,7,0,15,0,15.89
fold2_room1_mix1561,57,7,0,14,0,16.73
fold2_room1_mix1561,58,7,0,14,0,17.19
fold2_room1_mix1561,59,7,0,14,0,17.62
fold2_room1_mix1561,60,7,0,13,0,18.89
fold2_room1_mix1561,61,7,0,13,0,19.95
fold2_room1_mix1561,62,7,0,13,0,20.46
fold2_room1_mix1561,63,7,0,12,0,20.96
fold2_room1_mix1561,64,7,0,12,0,21.18
fold2_room1_mix1561,65,7,0,11,0,21.51
fold2_room1_mix1561,66,7,0,11,0,23.09
fold2_room1_mix1561,67,7,0,10,0,23.54
fold2_room1_mix1561,68,7,0,10,0,24.47
fold2_room1_mix1561,69,7,0,10,0,24.96
fold2_room1_mix1561,70,7,0,10,0,24.98
fold2_room1_mix1561,71,7,0,10,0,26.28
fold2_room1_mix1561,72,7,0,10,0,27.25
fold2_room1_mix1561,73,7,0,10,0,27.65
fold2_room1_mix1561,74,7,0,10,0,27.95
fold2_room1_mix1561,75,7,0,10,0,28.84
fold2_room1_mix1561,76,7,0,10,0,30.50
fold2_room1_mix1561,77,7,0,10,0,30.64
fold2_room1_mix1561,78,7,0,10,0,31.04
fold2_room1_mix1561,79,7,0,10,0,32.28
fold2_room1_mix1561,80,7,0,9,0,32.63
fold2_room1_mix1561,81,7,0,9,0,33.72
fold2_room1_mix1561,82,7,0,9,0,34.14
fold2_room1_mix1561,83,7,0,9,0,33.64
fold2_room1_mix1561,84,7,0,9,0,35.12
fold2_room1_mix1561,85,7,0,8,0,35.78
fold2_room1_mix1561,86,7,0,8,0,35.59
fold2_room1_mix1561,87,7,0,8,0,37.34
fold2_room1_mix1561,88,7,0,8,0,38.11
fold2_room1_mix1561,89,7,0,8,0,38.89
fold2_room1_mix1561,90,7,0,8,0,38.79
fold2_room1_mix1561,91,7,0,8,0,40.00
fold2_room1_mix1561,92,7,0,8,0,40.46
fold2_room1_mix1561,93,7,0,7,0,40.19
fold2_room1_mix1561,94,7,0,8,0,41.44
fold2_room1_mix1561,95,7,0,8,0,40.77
fold2_room1_mix1561,96,7,0,8,0,40.92
fold2_room1_mix1561,97,7,0,8,0,42.77
fold2_room1_mix1561,98,7,0,8,0,41.26
fold2_room1_mix1561,99,7,0,8,0,39.93
fold2_room1_mix1562,5,7,0,-179,0,33.74
fold2_room1_mix1562,6,7,0,-178,0,31.40
fold2_room1_mix1562,7,7,0,-179,0,33.69
fold2_room1_mix1562,8,7,0,-178,0,44.34
fold2_room1_mix1562,9,7,0,-179,0,52.44
fold2_room1_mix1562,10,7,0,-179,0,50.98
fold2_room1_mix1562,11,7,0,-179,0,47.93
fold2_room1_mix1562,12,7,0,-178,0,53.13
fold2_room1_mix1562,13,7,0,-178,0,48.38
fold2_room1_mix1562,14,7,0,-177,0,47.18
fold2_room1_mix1562,15,7,0,-177,0,45.59
fold2_room1_mix1562,16,7,0,-178,0,48.85
fold2_room1_mix1562,17,7,0,-178,0,50.40
fold2_room1_mix1562,18,7,0,-178,0,49.35
fold2_room1_mix1562,19,7,0,-178,0,49.86
fold2_room1_mix1562,20,7,0,-179,0,50.22
fold2_room1_mix1562,21,7,0,-179,0,46.78
fold2_room1_mix1562,22,7,0,-179,0,46.06
fold2_room1_mix1562,23,7,0,-179,0,43.53
fold2_room1_mix1562,24,7,0,-178,0,42.10
fold2_room1_mix1562,25,7,0,-178,0,41.88
fold2_room1_mix1562,26,7,0,-179,0,41.60
fold2_room1_mix1562,27,7,0,-178,0,38.33
fold2_room1_mix1562,28,7,0,-178,0,40.09
fold2_room1_mix1562,29,7,0,-178,0,37.54
fold2_room1_mix1562,30,7,0,-177,0,36.71
fold2_room1_mix1562,31,7,0,-177,0,38.54
fold2_room1_mix1562,32,7,0,-177,0,37.16
fold2_room1_mix1562,33,7,0,-177,0,36.06
fold2_room1_mix1562,34,7,0,-177,0,35.19
fold2_room1_mix1562,35,7,0,-176,0,33.79
fold2_room1_mix1562,36,7,0,-177,0,34.86
fold2_room1_mix1562,37,7,0,-176,0,34.04
fold2_room1_mix1562,38,7,0,-176,0,35.99
fold2_room1_mix1562,39,7,0,-175,0,33.14
fold2_room1_mix1562,40,7,0,-175,0,32.90
fold2_room1_mix1562,41,7,0,-175,0,32.41
fold2_room1_mix1562,42,7,0,-174,0,29.52
fold2_room1_mix1562,43,7,0,-173,0,29.33
fold2_room1_mix1562,44,7,0,-173,0,29.91
fold2_room1_mix1562,45,7,0,-172,0,27.71
fold2_room1_mix1562,46,7,0,-173,0,28.15
fold2_room1_mix1562,47,7,0,-173,0,27.97
fold2_room1_mix1562,48,7,0,-173,0,27.03
fold2_room1_mix1562,49,7,0,-171,0,24.60
fold2_room1_mix1562,50,7,0,-170,0,23.42
fold2_room1_mix1562,51,7,0,-168,0,21.16
fold2_room1_mix1562,52,7,0,-167,-1,18.24
fold2_room1_mix1562,53,7,0,-167,-1,17.49
fold2_room1_mix1562,54,7,0,-166,-1,16.29
fold2_room1_mix1562,55,7,0,-165,-1,14.18
fold2_room1_mix1562,56,7,0,-165,-1,14.32
fold2_room1_mix1562,57,7,0,-163,-1,12.53
fold2_room1_mix1562,58,7,0,-162,-1,11.15
fold2_room1_mix1562,59,7,0,-159,-1,10.06
fold2_room1_mix1562,60,7,0,-158,-1,8.56
fold2_room1_mix1562,61,7,0,-153,-1,7.70
fold2_room1_mix1562,62,7,0,-150,-1,6.89
fold2_room1_mix1562,63,7,0,-146,-1,6.52
fold2_room1_mix1562,64,7,0,-140,-2,5.17
fold2_room1_mix1562,65,7,0,-131,-2,4.41
fold2_room1_mix1562,66,7,0,-122,-2,3.81
fold2_room1_mix1562,67,7,0,-97,-3,3.18
fold2_room1_mix1562,68,7,0,-84,-3,3.58
fold2_room1_mix1562,69,7,0,-67,-2,4.02
fold2_room1_mix1562,70,7,0,-50,-2,4.89
fold2_room1_mix1562,71,7,0,-43,-1,5.09
fold2_room1_mix1562,72,7,0,-38,-1,6.09
fold2_room1_mix1562,73,7,0,-30,-1,6.96
fold2_room1_mix1562,74,7,0,-26,0,7.66
fold2_room1_mix1562,75,7,0,-25,0,8.57
fold2_room1_mix1562,76,7,0,-21,0,9.86
fold2_room1_mix1562,77,7,0,-19,0,10.63
fold2_room1_mix1562,78,7,0,-17,0,11.80
fold2_room1_mix1562,79,7,0,-16,0,13.06
fold2_room1_mix1562,80,7,0,-14,0,14.48
fold2_room1_mix1562,81,7,0,-11,0,15.90
fold2_room1_mix1562,82,7,0,-11,0,17.41
fold2_room1_mix1562,83,7,0,-11,0,17.74
fold2_room1_mix1562,84,7,0,-10,0,18.31
fold2_room1_mix1562,85,7,0,-10,0,19.28
fold2_room1_mix1562,86,7,0,-9,0,20.72
fold2_room1_mix1562,87,7,0,-8,0,22.51
fold2_room1_mix1562,88,7,0,-7,0,23.88
fold2_room1_mix1562,89,7,0,-6,0,26.47
fold2_room1_mix1562,90,7,0,-6,0,27.45
fold2_room1_mix1562,91,7,0,-5,0,28.62
fold2_room1_mix1562,92,7,0,-4,0,30.69
fold2_room1_mix1562,93,7,0,-4,0,29.89
fold2_room1_mix1562,94,7,0,-4,0,30.68
fold2_room1_mix1562,95,7,0,-4,0,32.81
fold2_room1_mix1562,96,7,0,-4,0,33.87
fold2_room1_mix1562,97,7,0,-3,0,35.17
fold2_room1_mix1562,98,7,0,-3,0,36.09
fold2_room1_mix1562,99,7,0,-3,0,37.50
fold2_room1_mix1563,3,7,0,-177,0,4.45
fold2_room1_mix1563,4,7,0,-179,0,25.03
fold2_room1_mix1563,5,7,0,-179,0,31.57
fold2_room1_mix1563,6,7,0,-179,0,34.62
fold2_room1_mix1563,7,7,0,-178,0,39.06
fold2_room1_mix1563,8,7,0,-179,0,42.25
fold2_room1_mix1563,9,7,0,-178,0,38.15
fold2_room1_mix1563,10,7,0,-179,0,38.74
fold2_room1_mix1563,11,7,0,-178,0,41.75
fold2_room1_mix1563,12,7,0,-179,0,41.99
fold2_room1_mix1563,13,7,0,-179,0,41.63
fold2_room1_mix1563,14,7,0,-179,0,38.94
fold2_room1_mix1563,15,7,0,-178,0,38.94
fold2_room1_mix1563,16,7,0,-179,0,36.90
fold2_room1_mix1563,17,7,0,-178,0,36.12
fold2_room1_mix1563,18,7,0,-178,0,35.04
fold2_room1_mix1563,19,7,0,-179,0,36.16
fold2_room1_mix1563,20,7,0,-178,0,34.18
fold2_room1_mix1563,21,7,0,-179,0,34.44
fold2_room1_mix1563,22,7,0,-179,0,36.07
fold2_room1_mix1563,23,7,0,-179,0,34.98
fold2_room1_mix1563,24,7,0,-179,0,34.14
fold2_room1_mix1563,25,7,0,-178,0,32.10
fold2_room1_mix1563,26,7,0,-179,0,33.52
fold2_room1_mix1563,27,7,0,-177,0,30.89
fold2_room1_mix1563,28,7,0,-177,0,29.38
fold2_room1_mix1563,29,7,0,-178,0,29.63
fold2_room1_mix1563,30,7,0,-177,0,28.81
fold2_room1_mix1563,31,7,0,-177,0,28.30
fold2_room1_mix1563,32,7,0,-176,0,26.64
fold2_room1_mix1563,33,7,0,-176,0,26.63
fold2_room1_mix1563,34,7,0,-176,0,26.03
fold2_room1_mix1563,35,7,0,-175,0,24.06
fold2_room1_mix1563,36,7,0,-174,0,22.62
fold2_room1_mix1563,37,7,0,-174,-1,20.40
fold2_room1_mix1563,38,7,0,-174,-1,18.96
fold2_room1_mix1563,39,7,0,-172,-1,18.55
fold2_room1_mix1563,40,7,0,-173,-1,18.48
fold2_room1_mix1563,41,7,0,-173,-1,17.22
fold2_room1_mix1563,42,7,0,-170,-1,14.72
fold2_room1_mix1563,43,7,0,-169,-1,13.22
fold2_room1_mix1563,44,7,0,-169,-1,13.30
fold2_room1_mix1563,45,7,0,-166,-1,10.71
fold2_room1_mix1563,46,7,0,-165,-1,9.11
fold2_room1_mix1563,47,7,0,-164,-1,7.97
fold2_room1_mix1563,48,7,0,-160,-2,6.67
fold2_room1_mix1563,49,7,0,-156,-2,5.37
fold2_room1_mix1563,50,7,0,-153,-3,4.56
fold2_room1_mix1563,51,7,0,-142,-4,3.13
fold2_room1_mix1563,52,7,0,-127,-5,2.29
fold2_room1_mix1563,53,7,0,-89,-4,1.86
fold2_room1_mix1563,54,7,0,-54,-3,2.27
fold2_room1_mix1563,55,7,0,-40,-2,3.01
fold2_room1_mix1563,56,7,0,-30,-2,4.24
fold2_room1_mix1563,57,7,0,-23,-1,4.86
fold2_room1_mix1563,58,7,0,-18,0,5.94
fold2_room1_mix1563,59,7,0,-14,0,7.09
fold2_room1_mix1563,60,7,0,-11,0,7.84
fold2_room1_mix1563,61,7,0,-10,0,8.58
fold2_room1_mix1563,62,7,0,-8,0,9.66
fold2_room1_mix1563,63,7,0,-7,0,10.90
fold2_room1_mix1563,64,7,0,-7,0,11.48
fold2_room1_mix1563,65,7,0,-6,0,12.36
fold2_room1_mix1563,66,7,0,-6,0,14.10
fold2_room1_mix1563,67,7,0,-5,0,15.30
fold2_room1_mix1563,68,7,0,-4,0,16.46
fold2_room1_mix1563,69,7,0,-3,0,17.62
fold2_room1_mix1563,70,7,0,-4,0,18.38
fold2_room1_mix1563,71,7,0,-3,0,19.05
fold2_room1_mix1563,72,7,0,-2,0,19.68
fold2_room1_mix1563,73,7,0,-2,0,22.96
fold2_room1_mix1563,74,7,0,-3,0,23.80
fold2_room1_mix1563,75,7,0,-1,0,25.83
fold2_room1_mix1563,76,7,0,-1,0,27.76
fold2_room1_mix1563,77,7,0,-1,0,27.46
fold2_room1_mix1563,78,7,0,0,0,29.49
fold2_room1_mix1563,79,7,0,-1,0,30.53
fold2_room1_mix1563,80,7,0,0,0,30.15
fold2_room1_mix1563,81,7,0,0,0,30.92
fold2_room1_mix1563,82,7,0,0,0,32.85
fold2_room1_mix1563,83,7,0,-1,0,33.19
fold2_room1_mix1563,84,7,0,0,0,34.40
fold2_room1_mix1563,85,7,0,0,0,35.34
fold2_room1_mix1563,86,7,0,0,0,36.77
fold2_room1_mix1563,87,7,0,0,0,37.87
fold2_room1_mix1563,88,7,0,0,0,38.20
fold2_room1_mix1563,89,7,0,0,0,39.76
fold2_room1_mix1563,90,7,0,0,0,38.66
fold2_room1_mix1563,91,7,0,0,0,40.74
fold2_room1_mix1563,92,7,0,0,0,42.95
fold2_room1_mix1563,93,7,0,-1,0,41.39
fold2_room1_mix1563,94,7,0,0,0,46.22
fold2_room1_mix1563,95,7,0,0,0,46.53
fold2_room1_mix1563,96,7,0,0,0,46.22
fold2_room1_mix1563,97,7,0,0,0,49.07
fold2_room1_mix1563,98,7,0,0,0,52.61
fold2_room1_mix1563,99,7,0,0,0,51.63
fold2_room1_mix1564,4,7,0,4,0,20.02
fold2_room1_mix1564,5,7,0,6,0,20.28
fold2_room1_mix1564,6,7,0,6,0,21.83
fold2_room1_mix1564,7,7,0,6,0,24.17
fold2_room1_mix1564,8,7,0,6,0,22.99
fold2_room1_mix1564,9,7,0,7,0,22.62
fold2_room1_mix1564,10,7,0,8,0,20.99
fold2_room1_mix1564,11,7,0,8,0,20.39
fold2_room1_mix1564,12,7,0,8,0,19.99
fold2_room1_mix1564,13,7,0,9,0,18.86
fold2_room1_mix1564,14,7,0,10,0,18.92
fold2_room1_mix1564,15,7,0,10,0,18.23
fold2_room1_mix1564,16,7,0,11,0,17.16
fold2_room1_mix1564,17,7,0,11,0,16.77
fold2_room1_mix1564,18,7,0,12,0,15.55
fold2_room1_mix1564,19,7,0,12,0,14.68
fold2_room1_mix1564,20,7,0,13,0,14.70
fold2_room1_mix1564,21,7,0,14,0,13.32
fold2_room1_mix1564,22,7,0,15,0,11.82
fold2_room1_mix1564,23,7,0,16,0,9.88
fold2_room1_mix1564,24,7,0,18,0,9.06
fold2_room1_mix1564,25,7,0,19,-1,8.15
fold2_room1_mix1564,26,7,0,18,-1,7.65
fold2_room1_mix1564,27,7,0,20,-1,6.69
fold2_room1_mix1564,28,7,0,23,-1,5.64
fold2_room1_mix1564,29,7,0,29,-2,4.30
fold2_room1_mix1564,30,7,0,35,-2,3.45
fold2_room1_mix1564,31,7,0,44,-2,3.20
fold2_room1_mix1564,32,7,0,55,-2,2.59
fold2_room1_mix1564,33,7,0,74,-2,2.62
fold2_room1_mix1564,34,7,0,92,-2,2.46
fold2_room1_mix1564,35,7,0,118,-1,2.48
fold2_room1_mix1564,36,7,0,130,0,3.07
fold2_room1_mix1564,37,7,0,139,-1,3.58
fold2_room1_mix1564,38,7,0,148,-1,4.30
fold2_room1_mix1564,39,7,0,152,-1,5.05
fold2_room1_mix1564,40,7,0,155,-1,5.76
fold2_room1_mix1564,41,7,0,158,-1,6.31
fold2_room1_mix1564,42,7,0,161,0,7.23
fold2_room1_mix1564,43,7,0,163,0,7.23
fold2_room1_mix1564,44,7,0,164,0,9.41
fold2_room1_mix1564,45,7,0,165,0,9.71
fold2_room1_mix1564,46,7,0,166,0,10.67
fold2_room1_mix1564,47,7,0,166,0,12.37
fold2_room1_mix1564,48,7,0,167,0,12.23
fold2_room1_mix1564,49,7,0,168,0,13.10
fold2_room1_mix1564,50,7,0,169,0,14.21
fold2_room1_mix1564,51,7,0,169,0,13.92
fold2_room1_mix1564,52,7,0,170,0,15.49
fold2_room1_mix1564,53,7,0,170,0,15.81
fold2_room1_mix1564,54,7,0,170,0,16.58
fold2_room1_mix1564,55,7,0,170,0,17.44
fold2_room1_mix1564,56,7,0,171,0,17.35
fold2_room1_mix1564,57,7,0,172,0,19.16
fold2_room1_mix1564,58,7,0,172,0,19.38
fold2_room1_mix1564,59,7,0,173,0,20.65
fold2_room1_mix1564,60,7,0,173,0,23.15
fold2_room1_mix1564,61,7,0,173,0,23.23
fold2_room1_mix1564,62,7,0,174,0,22.92
fold2_room1_mix1564,63,7,0,174,0,23.97
fold2_room1_mix1564,64,7,0,174,0,24.19
fold2_room1_mix1564,65,7,0,174,0,24.77
fold2_room1_mix1564,66,7,0,174,0,26.17
fold2_room1_mix1564,67,7,0,174,0,27.09
fold2_room1_mix1564,68,7,0,174,0,27.64
fold2_room1_mix1564,69,7,0,175,0,27.78
fold2_room1_mix1564,70,7,0,175,0,29.27
fold2_room1_mix1564,71,7,0,174,0,30.24
fold2_room1_mix1564,72,7,0,175,0,30.31
fold2_room1_mix1564,73,7,0,175,0,32.12
fold2_room1_mix1564,74,7,0,175,0,31.68
fold2_room1_mix1564,75,7,0,175,0,31.35
fold2_room1_mix1564,76,7,0,175,0,33.87
fold2_room1_mix1564,77,7,0,175,0,33.22
fold2_room1_mix1564,78,7,0,175,0,34.00
fold2_room1_mix1564,79,7,0,175,0,36.21
fold2_room1_mix1564,80,7,0,175,0,35.21
fold2_room1_mix1564,81,7,0,176,0,35.72
fold2_room1_mix1564,82,7,0,176,0,38.02
fold2_room1_mix1564,83,7,0,176,0,37.67
fold2_room1_mix1564,84,7,0,176,0,39.90
fold2_room1_mix1564,85,7,0,176,0,40.51
fold2_room1_mix1564,86,7,0,176,0,41.10
fold2_room1_mix1564,87,7,0,175,0,40.22
fold2_room1_mix1564,88,7,0,176,0,39.61
fold2_room1_mix1564,89,7,0,176,0,40.38
fold2_room1_mix1564,90,7,0,175,0,40.66
fold2_room1_mix1564,91,7,0,176,0,40.97
fold2_room1_mix1564,92,7,0,176,0,43.98
fold2_room1_mix1564,93,7,0,176,0,41.93
fold2_room1_mix1564,94,7,0,176,0,42.40
fold2_room1_mix1564,95,7,0,176,0,44.69
fold2_room1_mix1564,96,7,0,176,0,43.97
fold2_room1_mix1564,97,7,0,176,0,46.48
fold2_room1_mix1564,98,7,0,176,0,48.84
fold2_room1_mix1564,99,7,0,176,0,45.65
fold2_room1_mix1565,5,7,0,-179,0,5.81
fold2_room1_mix1565,7,7,0,-178,0,7.49
fold2_room1_mix1565,8,7,0,-179,0,10.27
fold2_room1_mix1565,9,7,0,-178,0,46.69
fold2_room1_mix1565,10,7,0,-178,0,49.40
fold2_room1_mix1565,11,7,0,179,0,56.34
fold2_room1_mix1565,12,7,0,179,0,53.46
fold2_room1_mix1565,13,7,0,178,0,53.30
fold2_room1_mix1565,14,7,0,179,0,56.22
fold2_room1_mix1565,15,7,0,179,0,58.78
fold2_room1_mix1565,16,7,0,178,0,57.43
fold2_room1_mix1565,17,7,0,179,0,58.41
fold2_room1_mix1565,18,7,0,178,0,59.23
fold2_room1_mix1565,19,7,0,179,0,60.18
fold2_room1_mix1565,20,7,0,179,0,61.46
fold2_room1_mix1565,21,7,0,178,0,61.43
fold2_room1_mix1565,22,7,0,179,0,59.42
fold2_room1_mix1565,23,7,0,178,0,59.21
fold2_room1_mix1565,24,7,0,179,0,53.97
fold2_room1_mix1565,25,7,0,179,0,56.58
fold2_room1_mix1565,26,7,0,178,0,56.06
fold2_room1_mix1565,27,7,0,179,0,56.48
fold2_room1_mix1565,28,7,0,179,0,54.20
fold2_room1_mix1565,29,7,0,179,0,54.46
fold2_room1_mix1565,30,7,0,179,0,51.21
fold2_room1_mix1565,31,7,0,178,0,50.73
fold2_room1_mix1565,32,7,0,178,0,50.69
fold2_room1_mix1565,33,7,0,178,0,50.33
fold2_room1_mix1565,34,7,0,178,0,48.98
fold2_room1_mix1565,35,7,0,178,0,48.84
fold2_room1_mix1565,36,7,0,178,0,47.18
fold2_room1_mix1565,37,7,0,177,0,43.10
fold2_room1_mix1565,38,7,0,177,0,40.87
fold2_room1_mix1565,39,7,0,177,0,40.99
fold2_room1_mix1565,40,7,0,177,0,39.29
fold2_room1_mix1565,41,7,0,178,0,37.74
fold2_room1_mix1565,42,7,0,177,0,36.59
fold2_room1_mix1565,43,7,0,177,0,34.84
fold2_room1_mix1565,44,7,0,177,0,33.46
fold2_room1_mix1565,45,7,0,177,0,32.09
fold2_room1_mix1565,46,7,0,175,0,31.69
fold2_room1_mix1565,47,7,0,175,0,30.88
fold2_room1_mix1565,48,7,0,174,0,27.66
fold2_room1_mix1565,49,7,0,176,0,24.47
fold2_room1_mix1565,50,7,0,176,0,22.46
fold2_room1_mix1565,51,7,0,174,0,20.31
fold2_room1_mix1565,52,7,0,173,0,18.39
fold2_room1_mix1565,53,7,0,171,0,17.19
fold2_room1_mix1565,54,7,0,170,0,14.54
fold2_room1_mix1565,55,7,0,167,0,13.65
fold2_room1_mix1565,56,7,0,165,0,12.61
fold2_room1_mix1565,57,7,0,162,0,10.14
fold2_room1_mix1565,58,7,0,159,-1,8.76
fold2_room1_mix1565,59,7,0,153,-1,7.45
fold2_room1_mix1565,60,7,0,144,-1,5.62
fold2_room1_mix1565,61,7,0,125,-1,4.04
fold2_room1_mix1565,62,7,0,92,-1,3.62
fold2_room1_mix1565,63,7,0,62,0,3.66
fold2_room1_mix1565,64,7,0,46,0,3.91
fold2_room1_mix1565,65,7,0,33,0,5.52
fold2_room1_mix1565,66,7,0,29,0,6.61
fold2_room1_mix1565,67,7,0,23,0,8.02
fold2_room1_mix1565,68,7,0,21,0,9.74
fold2_room1_mix1565,69,7,0,17,0,11.07
fold2_room1_mix1565,70,7,0,16,0,12.83
fold2_room1_mix1565,71,7,0,14,0,14.36
fold2_room1_mix1565,72,7,0,12,0,15.78
fold2_room1_mix1565,73,7,0,12,0,17.26
fold2_room1_mix1565,74,7,0,11,0,18.17
fold2_room1_mix1565,75,7,0,10,0,20.15
fold2_room1_mix1565,76,7,0,9,0,22.06
fold2_room1_mix1565,77,7,0,8,0,23.51
fold2_room1_mix1565,78,7,0,8,0,25.17
fold2_room1_mix1565,79,7,0,7,0,28.03
fold2_room1_mix1565,80,7,0,7,0,27.59
fold2_room1_mix1565,81,7,0,7,0,29.56
fold2_room1_mix1565,82,7,0,7,0,31.58
fold2_room1_mix1565,83,7,0,6,0,33.88
fold2_room1_mix1565,84,7,0,7,0,34.72
fold2_room1_mix1565,85,7,0,6,0,35.36
fold2_room1_mix1565,86,7,0,6,0,39.24
fold2_room1_mix1565,87,7,0,6,0,39.24
fold2_room1_mix1565,88,7,0,5,0,39.96
fold2_room1_mix1565,89,7,0,5,0,42.20
fold2_room1_mix1565,90,7,0,5,0,43.50
fold2_room1_mix1565,91,7,0,5,0,45.55
fold2_room1_mix1565,92,7,0,5,0,47.72
fold2_room1_mix1565,93,7,0,5,0,47.21
fold2_room1_mix1565,94,7,0,5,0,49.35
fold2_room1_mix1565,95,7,0,5,0,52.84
fold2_room1_mix1565,96,7,0,5,0,54.84
fold2_room1_mix1565,97,7,0,5,0,56.24
fold2_room1_mix1565,98,7,0,5,0,58.75
fold2_room1_mix1565,99,7,0,5,0,64.97
fold2_room1_mix1566,7,5,0,4,0,20.48
fold2_room1_mix1566,8,5,0,6,0,10.60
fold2_room1_mix1566,9,5,0,6,0,31.45
fold2_room1_mix1566,10,5,0,8,0,42.68
fold2_room1_mix1566,11,5,0,8,0,4.61
fold2_room1_mix1566,11,7,0,0,0,23.83
fold2_room1_mix1566,12,7,0,1,0,52.42
fold2_room1_mix1566,13,7,0,1,0,51.62
fold2_room1_mix1566,14,7,0,1,0,46.31
fold2_room1_mix1566,15,7,0,2,0,57.88
fold2_room1_mix1566,16,7,0,1,0,56.91
fold2_room1_mix1566,17,7,0,1,0,44.86
fold2_room1_mix1566,18,7,0,2,0,54.87
fold2_room1_mix1566,19,7,0,2,0,61.79
fold2_room1_mix1566,20,7,0,2,0,62.45
fold2_room1_mix1566,21,7,0,2,0,60.12
fold2_room1_mix1566,22,7,0,2,0,60.67
fold2_room1_mix1566,23,7,0,2,0,60.04
fold2_room1_mix1566,24,7,0,2,0,55.71
fold2_room1_mix1566,25,7,0,2,0,62.13
fold2_room1_mix1566,26,7,0,2,0,63.15
fold2_room1_mix1566,27,7,0,2,0,60.46
fold2_room1_mix1566,28,7,0,2,0,66.02
fold2_room1_mix1566,29,7,0,2,0,66.17
fold2_room1_mix1566,30,7,0,2,0,62.73
fold2_room1_mix1566,31,7,0,2,0,63.15
fold2_room1_mix1566,32,7,0,3,0,64.07
fold2_room1_mix1566,33,7,0,3,0,62.34
fold2_room1_mix1566,34,7,0,3,0,64.15
fold2_room1_mix1566,35,7,0,3,0,64.71
fold2_room1_mix1566,36,7,0,3,0,64.47
fold2_room1_mix1566,37,7,0,3,0,60.82
fold2_room1_mix1566,38,7,0,3,0,60.12
fold2_room1_mix1566,39,7,0,3,0,59.07
fold2_room1_mix1566,40,7,0,3,0,56.48
fold2_room1_mix1566,41,7,0,2,0,58.75
fold2_room1_mix1566,42,7,0,3,0,56.89
fold2_room1_mix1566,43,7,0,2,0,54.95
fold2_room1_mix1566,44,7,0,3,0,54.70
fold2_room1_mix1566,45,7,0,4,0,52.51
fold2_room1_mix1566,46,7,0,3,0,49.76
fold2_room1_mix1566,47,7,0,3,0,51.42
fold2_room1_mix1566,48,7,0,4,0,50.38
fold2_room1_mix1566,49,7,0,4,0,46.36
fold2_room1_mix1566,50,7,0,4,0,39.99
fold2_room1_mix1566,51,7,0,3,0,39.08
fold2_room1_mix1566,52,7,0,4,0,36.29
fold2_room1_mix1566,53,7,0,3,0,35.61
fold2_room1_mix1566,54,7,0,4,0,34.55
fold2_room1_mix1566,55,7,0,4,0,33.24
fold2_room1_mix1566,56,7,0,4,0,31.53
fold2_room1_mix1566,57,7,0,5,0,33.03
fold2_room1_mix1566,58,7,0,6,0,29.31
fold2_room1_mix1566,59,7,0,4,0,28.14
fold2_room1_mix1566,60,7,0,5,0,27.59
fold2_room1_mix1566,61,7,0,7,0,26.84
fold2_room1_mix1566,62,7,0,7,0,24.70
fold2_room1_mix1566,63,7,0,8,0,22.72
fold2_room1_mix1566,64,7,0,9,0,20.07
fold2_room1_mix1566,65,7,0,10,0,19.03
fold2_room1_mix1566,66,7,0,11,0,17.23
fold2_room1_mix1566,67,7,0,12,0,15.42
fold2_room1_mix1566,68,7,0,13,0,13.78
fold2_room1_mix1566,69,7,0,15,0,12.18
fold2_room1_mix1566,70,7,0,17,0,10.63
fold2_room1_mix1566,71,7,0,19,0,8.86
fold2_room1_mix1566,72,7,0,21,-1,7.87
fold2_room1_mix1566,73,7,0,29,0,5.63
fold2_room1_mix1566,74,7,0,39,-2,4.10
fold2_room1_mix1566,75,7,0,61,-1,3.17
fold2_room1_mix1566,76,7,0,103,-1,3.08
fold2_room1_mix1566,77,7,0,132,-2,3.66
fold2_room1_mix1566,78,7,0,144,-1,4.47
fold2_room1_mix1566,79,7,0,153,0,5.71
fold2_room1_mix1566,80,7,0,159,-1,7.04
fold2_room1_mix1566,81,7,0,162,0,8.68
fold2_room1_mix1566,82,7,0,164,0,10.29
fold2_room1_mix1566,83,7,0,166,0,11.68
fold2_room1_mix1566,84,7,0,169,0,13.09
fold2_room1_mix1566,85,7,0,170,0,15.67
fold2_room1_mix1566,86,7,0,171,0,16.88
fold2_room1_mix1566,87,7,0,171,0,18.14
fold2_room1_mix1566,88,7,0,172,0,18.72
fold2_room1_mix1566,89,7,0,173,0,20.73
fold2_room1_mix1566,90,7,0,173,0,22.87
fold2_room1_mix1566,91,7,0,173,0,23.88
fold2_room1_mix1566,92,7,0,174,0,24.95
fold2_room1_mix1566,93,7,0,173,0,27.99
fold2_room1_mix1566,94,7,0,174,0,28.80
fold2_room1_mix1566,95,7,0,173,0,29.48
fold2_room1_mix1566,96,7,0,173,0,31.44
fold2_room1_mix1566,97,7,0,174,0,33.91
fold2_room1_mix1566,98,7,0,174,0,35.02
fold2_room1_mix1566,99,7,0,174,0,37.37
fold2_room1_mix1567,2,7,0,1,0,14.67
fold2_room1_mix1567,3,7,0,1,0,19.55
fold2_room1_mix1567,4,7,0,1,0,23.12
fold2_room1_mix1567,5,7,0,1,0,27.65
fold2_room1_mix1567,6,7,0,1,0,27.07
fold2_room1_mix1567,7,7,0,0,0,28.53
fold2_room1_mix1567,8,7,0,0,0,35.74
fold2_room1_mix1567,9,7,0,0,0,33.21
fold2_room1_mix1567,10,7,0,1,0,36.57
fold2_room1_mix1567,11,7,0,2,0,37.19
fold2_room1_mix1567,12,7,0,0,0,39.64
fold2_room1_mix1567,13,7,0,0,0,5.33
fold2_room1_mix1567,14,7,0,1,0,24.98
fold2_room1_mix1567,15,7,0,0,0,23.12
fold2_room1_mix1567,17,7,0,0,0,22.84
fold2_room1_mix1567,18,7,0,1,0,30.45
fold2_room1_mix1567,19,7,0,0,0,29.27
fold2_room1_mix1567,20,7,0,0,0,24.97
fold2_room1_mix1567,21,7,0,2,0,26.99
fold2_room1_mix1567,22,7,0,0,0,24.29
fold2_room1_mix1567,23,7,0,4,0,21.89
fold2_room1_mix1567,24,7,0,0,0,20.36
fold2_room1_mix1567,25,7,0,1,0,18.38
fold2_room1_mix1567,26,7,0,5,0,17.28
fold2_room1_mix1567,27,7,0,7,0,16.20
fold2_room1_mix1567,28,7,0,8,0,15.59
fold2_room1_mix1567,29,7,0,7,0,14.40
fold2_room1_mix1567,30,7,0,10,0,11.69
fold2_room1_mix1567,31,7,0,14,0,10.22
fold2_room1_mix1567,32,7,0,16,-1,8.36
fold2_room1_mix1567,33,7,0,17,-1,7.35
fold2_room1_mix1567,34,7,0,22,-2,5.56
fold2_room1_mix1567,35,7,0,30,-2,3.97
fold2_room1_mix1567,36,7,0,47,-2,2.52
fold2_room1_mix1567,37,7,0,81,-1,1.85
fold2_room1_mix1567,38,7,0,127,-2,1.97
fold2_room1_mix1567,39,7,0,143,-2,2.57
fold2_room1_mix1567,40,7,0,154,-2,3.66
fold2_room1_mix1567,41,7,0,159,-1,5.08
fold2_room1_mix1567,42,7,0,165,-1,6.65
fold2_room1_mix1567,43,7,0,167,-1,7.88
fold2_room1_mix1567,44,7,0,169,0,9.22
fold2_room1_mix1567,45,7,0,170,0,9.89
fold2_room1_mix1567,46,7,0,172,0,11.00
fold2_room1_mix1567,47,7,0,173,0,12.23
fold2_room1_mix1567,48,7,0,174,0,14.63
fold2_room1_mix1567,49,7,0,174,0,15.61
fold2_room1_mix1567,50,7,0,174,0,16.40
fold2_room1_mix1567,51,7,0,174,0,17.00
fold2_room1_mix1567,52,7,0,175,0,19.35
fold2_room1_mix1567,53,7,0,176,0,20.26
fold2_room1_mix1567,54,7,0,176,0,22.24
fold2_room1_mix1567,55,7,0,176,0,22.37
fold2_room1_mix1567,56,7,0,176,0,25.76
fold2_room1_mix1567,57,7,0,175,0,25.28
fold2_room1_mix1567,58,7,0,176,0,29.14
fold2_room1_mix1567,59,7,0,176,0,20.14
fold2_room1_mix1567,60,7,0,176,0,27.28
fold2_room1_mix1567,61,7,0,177,0,32.94
fold2_room1_mix1567,62,7,0,178,0,34.95
fold2_room1_mix1567,63,7,0,177,0,36.09
fold2_room1_mix1567,64,7,0,177,0,38.23
fold2_room1_mix1567,65,7,0,177,0,37.83
fold2_room1_mix1567,67,7,0,176,0,29.42
fold2_room1_mix1567,68,7,0,176,0,35.00
fold2_room1_mix1567,69,7,0,176,0,41.55
fold2_room1_mix1567,70,7,0,177,0,46.74
fold2_room1_mix1567,71,7,0,177,0,46.22
fold2_room1_mix1567,72,7,0,176,0,47.78
fold2_room1_mix1567,73,7,0,176,0,48.48
fold2_room1_mix1567,74,7,0,176,0,50.55
fold2_room1_mix1567,75,7,0,175,0,50.13
fold2_room1_mix1567,76,7,0,177,0,50.60
fold2_room1_mix1567,77,7,0,176,0,50.80
fold2_room1_mix1567,78,7,0,176,0,55.95
fold2_room1_mix1567,79,7,0,176,0,48.32
fold2_room1_mix1567,80,7,0,176,0,50.13
fold2_room1_mix1567,87,7,0,176,0,17.01
fold2_room1_mix1567,89,7,0,177,0,46.47
fold2_room1_mix1567,90,7,0,175,0,39.84
fold2_room1_mix1567,91,7,0,177,0,54.31
fold2_room1_mix1567,92,7,0,176,0,62.00
fold2_room1_mix1567,93,7,0,176,0,51.82
fold2_room1_mix1567,94,7,0,175,0,19.64
fold2_room1_mix1567,95,7,0,175,0,41.38
fold2_room1_mix1567,96,7,0,174,0,38.88
fold2_room1_mix1567,99,7,0,176,0,44.00
fold2_room1_mix1568,3,7,0,179,0,18.51
fold2_room1_mix1568,4,7,0,179,0,32.74
fold2_room1_mix1568,5,7,0,179,0,37.13
fold2_room1_mix1568,6,7,0,179,0,38.64
fold2_room1_mix1568,7,7,0,179,0,41.28
fold2_room1_mix1568,8,7,0,179,0,48.27
fold2_room1_mix1568,9,7,0,179,0,44.82
fold2_room1_mix1568,10,7,0,179,0,42.76
fold2_room1_mix1568,11,7,0,-179,0,44.71
fold2_room1_mix1568,12,7,0,-179,0,43.93
fold2_room1_mix1568,13,7,0,179,0,43.59
fold2_room1_mix1568,14,7,0,-179,0,42.50
fold2_room1_mix1568,15,7,0,179,0,44.02
fold2_room1_mix1568,16,7,0,179,0,42.84
fold2_room1_mix1568,17,7,0,178,0,43.21
fold2_room1_mix1568,18,7,0,178,0,41.72
fold2_room1_mix1568,19,7,0,178,0,42.86
fold2_room1_mix1568,20,7,0,176,0,41.56
fold2_room1_mix1568,21,7,0,177,0,39.85
fold2_room1_mix1568,22,7,0,177,0,38.13
fold2_room1_mix1568,23,7,0,177,0,39.50
fold2_room1_mix1568,24,7,0,177,0,35.48
fold2_room1_mix1568,25,7,0,176,0,36.33
fold2_room1_mix1568,26,7,0,177,0,36.39
fold2_room1_mix1568,27,7,0,177,0,36.14
fold2_room1_mix1568,28,7,0,177,0,34.68
fold2_room1_mix1568,29,7,0,178,0,35.19
fold2_room1_mix1568,30,7,0,177,0,34.66
fold2_room1_mix1568,31,7,0,177,0,35.57
fold2_room1_mix1568,32,7,0,177,0,34.25
fold2_room1_mix1568,33,7,0,177,0,33.82
fold2_room1_mix1568,34,7,0,176,0,33.71
fold2_room1_mix1568,35,7,0,177,0,32.71
fold2_room1_mix1568,36,7,0,176,0,31.92
fold2_room1_mix1568,37,7,0,177,0,31.42
fold2_room1_mix1568,38,7,0,176,0,30.27
fold2_room1_mix1568,39,7,0,176,0,30.23
fold2_room1_mix1568,40,7,0,175,0,30.18
fold2_room1_mix1568,41,7,0,176,0,28.06
fold2_room1_mix1568,42,7,0,176,0,26.62
fold2_room1_mix1568,43,7,0,176,0,24.89
fold2_room1_mix1568,44,7,0,175,0,24.55
fold2_room1_mix1568,45,7,0,176,0,22.81
fold2_room1_mix1568,46,7,0,176,0,21.41
fold2_room1_mix1568,47,7,0,176,0,20.25
fold2_room1_mix1568,48,7,0,175,0,19.86
fold2_room1_mix1568,49,7,0,174,0,19.23
fold2_room1_mix1568,50,7,0,174,0,19.28
fold2_room1_mix1568,51,7,0,173,0,18.14
fold2_room1_mix1568,52,7,0,171,0,17.50
fold2_room1_mix1568,53,7,0,172,0,17.38
fold2_room1_mix1568,54,7,0,170,0,15.66
fold2_room1_mix1568,55,7,0,171,-1,14.58
fold2_room1_mix1568,56,7,0,170,0,13.78
fold2_room1_mix1568,57,7,0,169,-1,12.53
fold2_room1_mix1568,58,7,0,168,-1,11.55
fold2_room1_mix1568,59,7,0,168,-1,10.15
fold2_room1_mix1568,60,7,0,164,-1,9.42
fold2_room1_mix1568,61,7,0,162,-1,7.95
fold2_room1_mix1568,62,7,0,159,-1,6.70
fold2_room1_mix1568,63,7,0,155,-1,6.18
fold2_room1_mix1568,64,7,0,151,-1,5.47
fold2_room1_mix1568,65,7,0,142,-1,4.69
fold2_room1_mix1568,66,7,0,133,-1,3.64
fold2_room1_mix1568,67,7,0,117,0,3.23
fold2_room1_mix1568,68,7,0,92,0,3.03
fold2_room1_mix1568,69,7,0,68,0,3.19
fold2_room1_mix1568,70,7,0,52,1,3.64
fold2_room1_mix1568,71,7,0,41,0,4.14
fold2_room1_mix1568,72,7,0,34,0,4.73
fold2_room1_mix1568,73,7,0,27,0,5.25
fold2_room1_mix1568,74,7,0,24,0,6.00
fold2_room1_mix1568,75,7,0,20,0,6.91
fold2_room1_mix1568,76,7,0,16,0,7.31
fold2_room1_mix1568,77,7,0,15,0,7.91
fold2_room1_mix1568,78,7,0,14,0,9.07
fold2_room1_mix1568,79,7,0,13,0,8.93
fold2_room1_mix1568,80,7,0,13,0,9.90
fold2_room1_mix1568,81,7,0,13,0,11.04
fold2_room1_mix1568,82,7,0,12,0,11.97
fold2_room1_mix1568,83,7,0,11,0,12.68
fold2_room1_mix1568,84,7,0,9,0,14.09
fold2_room1_mix1568,85,7,0,10,0,14.19
fold2_room1_mix1568,86,7,0,9,0,15.07
fold2_room1_mix1568,87,7,0,9,0,16.67
fold2_room1_mix1568,88,7,0,8,0,17.74
fold2_room1_mix1568,89,7,0,8,0,17.79
fold2_room1_mix1568,90,7,0,7,0,18.21
fold2_room1_mix1568,91,7,0,7,0,19.93
fold2_room1_mix1568,92,7,0,6,0,21.08
fold2_room1_mix1568,93,7,0,6,0,20.84
fold2_room1_mix1568,94,7,0,6,0,23.02
fold2_room1_mix1568,95,7,0,6,0,23.08
fold2_room1_mix1568,96,7,0,6,0,23.89
fold2_room1_mix1568,97,7,0,6,0,25.46
fold2_room1_mix1568,98,7,0,5,0,25.78
fold2_room1_mix1568,99,7,0,5,0,26.11
fold2_room1_mix1569,2,7,0,0,0,7.29
fold2_room1_mix1569,3,7,0,0,0,18.68
fold2_room1_mix1569,4,7,0,2,0,33.13
fold2_room1_mix1569,5,7,0,2,0,32.61
fold2_room1_mix1569,6,7,0,2,0,38.46
fold2_room1_mix1569,7,7,0,2,0,44.60
fold2_room1_mix1569,8,7,0,3,0,43.40
fold2_room1_mix1569,9,7,0,3,0,40.04
fold2_room1_mix1569,10,7,0,3,0,39.86
fold2_room1_mix1569,11,7,0,3,0,44.27
fold2_room1_mix1569,12,7,0,3,0,43.21
fold2_room1_mix1569,13,7,0,3,0,38.73
fold2_room1_mix1569,14,7,0,2,0,39.45
fold2_room1_mix1569,15,7,0,4,0,38.99
fold2_room1_mix1569,16,7,0,3,0,37.29
fold2_room1_mix1569,17,7,0,3,0,39.06
fold2_room1_mix1569,18,7,0,4,0,36.99
fold2_room1_mix1569,19,7,0,3,0,36.23
fold2_room1_mix1569,20,7,0,4,0,37.06
fold2_room1_mix1569,21,7,0,3,0,37.46
fold2_room1_mix1569,22,7,0,3,0,35.06
fold2_room1_mix1569,23,7,0,3,0,35.45
fold2_room1_mix1569,24,7,0,3,0,35.34
fold2_room1_mix1569,25,7,0,3,0,35.63
fold2_room1_mix1569,26,7,0,3,0,34.13
fold2_room1_mix1569,27,7,0,4,0,34.59
fold2_room1_mix1569,28,7,0,5,0,34.55
fold2_room1_mix1569,29,7,0,4,0,32.30
fold2_room1_mix1569,30,7,0,4,0,33.99
fold2_room1_mix1569,31,7,0,5,0,34.14
fold2_room1_mix1569,32,7,0,5,0,32.75
fold2_room1_mix1569,33,7,0,6,0,32.03
fold2_room1_mix1569,34,7,0,6,0,31.85
fold2_room1_mix1569,35,7,0,5,0,31.88
fold2_room1_mix1569,36,7,0,5,0,31.16
fold2_room1_mix1569,37,7,0,6,0,29.68
fold2_room1_mix1569,38,7,0,8,0,28.79
fold2_room1_mix1569,39,7,0,7,0,28.51
fold2_room1_mix1569,40,7,0,7,0,28.31
fold2_room1_mix1569,41,7,0,7,0,25.80
fold2_room1_mix1569,42,7,0,7,0,24.85
fold2_room1_mix1569,43,7,0,8,0,24.57
fold2_room1_mix1569,44,7,0,6,0,22.96
fold2_room1_mix1569,45,7,0,7,0,22.24
fold2_room1_mix1569,46,7,0,6,0,21.67
fold2_room1_mix1569,47,7,0,8,0,21.18
fold2_room1_mix1569,48,7,0,8,0,20.62
fold2_room1_mix1569,49,7,0,9,0,19.58
fold2_room1_mix1569,50,7,0,9,0,19.28
fold2_room1_mix1569,51,7,0,9,0,18.75
fold2_room1_mix1569,52,7,0,10,0,17.17
fold2_room1_mix1569,53,7,0,11,0,16.71
fold2_room1_mix1569,54,7,0,10,0,16.36
fold2_room1_mix1569,55,7,0,11,0,15.48
fold2_room1_mix1569,56,7,0,10,0,15.47
fold2_room1_mix1569,57,7,0,10,0,14.66
fold2_room1_mix1569,58,7,0,10,0,13.90
fold2_room1_mix1569,59,7,0,12,0,13.05
fold2_room1_mix1569,60,7,0,14,0,11.92
fold2_room1_mix1569,61,7,0,14,-1,10.64
fold2_room1_mix1569,62,7,0,15,-1,10.12
fold2_room1_mix1569,63,7,0,16,-1,8.77
fold2_room1_mix1569,64,7,0,16,-1,8.92
fold2_room1_mix1569,65,7,0,15,-1,8.26
fold2_room1_mix1569,66,7,0,17,-1,7.21
fold2_room1_mix1569,67,7,0,19,-1,6.22
fold2_room1_mix1569,68,7,0,21,-2,5.81
fold2_room1_mix1569,69,7,0,23,-2,4.86
fold2_room1_mix1569,70,7,0,27,-3,4.13
fold2_room1_mix1569,71,7,0,32,-3,3.64
fold2_room1_mix1569,72,7,0,38,-3,3.29
fold2_room1_mix1569,73,7,0,48,-3,2.57
fold2_room1_mix1569,74,7,0,55,-1,2.58
fold2_room1_mix1569,75,7,0,77,-1,2.24
fold2_room1_mix1569,76,7,0,101,-1,2.15
fold2_room1_mix1569,77,7,0,118,0,2.36
fold2_room1_mix1569,78,7,0,129,0,2.77
fold2_room1_mix1569,79,7,0,139,0,3.32
fold2_room1_mix1569,80,7,0,146,0,4.03
fold2_room1_mix1569,81,7,0,151,0,4.35
fold2_room1_mix1569,82,7,0,155,0,4.91
fold2_room1_mix1569,83,7,0,157,0,5.48
fold2_room1_mix1569,84,7,0,160,0,5.98
fold2_room1_mix1569,85,7,0,162,0,6.41
fold2_room1_mix1569,86,7,0,164,0,6.48
fold2_room1_mix1569,87,7,0,165,0,7.49
fold2_room1_mix1569,88,7,0,166,0,8.06
fold2_room1_mix1569,89,7,0,166,0,8.48
fold2_room1_mix1569,90,7,0,166,0,8.46
fold2_room1_mix1569,91,7,0,167,0,9.29
fold2_room1_mix1569,92,7,0,168,0,9.84
fold2_room1_mix1569,93,7,0,168,0,10.58
fold2_room1_mix1569,94,7,0,169,0,10.90
fold2_room1_mix1569,95,7,0,169,0,12.10
fold2_room1_mix1569,96,7,0,170,0,12.53
fold2_room1_mix1569,97,7,0,170,0,13.07
fold2_room1_mix1569,98,7,0,172,0,13.26
fold2_room1_mix1569,99,7,0,171,0,14.52
fold2_room1_mix1570,3,7,0,1,0,13.70
fold2_room1_mix1570,4,7,0,1,0,30.94
fold2_room1_mix1570,5,7,0,2,0,32.82
fold2_room1_mix1570,6,7,0,2,0,35.23
fold2_room1_mix1570,7,7,0,1,0,42.82
fold2_room1_mix1570,8,7,0,2,0,45.63
fold2_room1_mix1570,9,7,0,1,0,37.08
fold2_room1_mix1570,10,7,0,0,0,40.73
fold2_room1_mix1570,11,7,0,1,0,43.75
fold2_room1_mix1570,12,7,0,2,0,39.45
fold2_room1_mix1570,13,7,0,1,0,42.20
fold2_room1_mix1570,14,7,0,1,0,44.90
fold2_room1_mix1570,15,7,0,3,0,47.30
fold2_room1_mix1570,16,7,0,2,0,42.77
fold2_room1_mix1570,17,7,0,1,0,40.19
fold2_room1_mix1570,18,7,0,2,0,39.41
fold2_room1_mix1570,19,7,0,3,0,38.54
fold2_room1_mix1570,20,7,0,2,0,36.34
fold2_room1_mix1570,21,7,0,1,0,36.50
fold2_room1_mix1570,22,7,0,2,0,30.09
fold2_room1_mix1570,23,7,0,2,0,28.54
fold2_room1_mix1570,24,7,0,4,0,29.06
fold2_room1_mix1570,25,7,0,7,0,26.55
fold2_room1_mix1570,26,7,0,6,0,24.35
fold2_room1_mix1570,27,7,0,11,0,22.53
fold2_room1_mix1570,28,7,0,10,0,19.42
fold2_room1_mix1570,29,7,0,11,0,17.78
fold2_room1_mix1570,30,7,0,11,0,15.71
fold2_room1_mix1570,31,7,0,14,0,14.02
fold2_room1_mix1570,32,7,0,17,0,11.63
fold2_room1_mix1570,33,7,0,20,0,8.71
fold2_room1_mix1570,34,7,0,25,-1,6.44
fold2_room1_mix1570,35,7,0,36,-1,4.29
fold2_room1_mix1570,36,7,0,56,0,3.11
fold2_room1_mix1570,37,7,0,102,-2,2.74
fold2_room1_mix1570,38,7,0,133,-2,3.06
fold2_room1_mix1570,39,7,0,144,-1,3.96
fold2_room1_mix1570,40,7,0,155,-1,5.50
fold2_room1_mix1570,41,7,0,161,-1,7.19
fold2_room1_mix1570,42,7,0,162,0,8.59
fold2_room1_mix1570,43,7,0,165,0,10.26
fold2_room1_mix1570,44,7,0,167,0,11.62
fold2_room1_mix1570,45,7,0,170,0,14.64
fold2_room1_mix1570,46,7,0,171,0,14.82
fold2_room1_mix1570,47,7,0,171,0,17.00
fold2_room1_mix1570,48,7,0,173,0,17.73
fold2_room1_mix1570,49,7,0,173,0,21.58
fold2_room1_mix1570,50,7,0,173,0,23.21
fold2_room1_mix1570,51,7,0,174,0,23.61
fold2_room1_mix1570,52,7,0,174,0,23.80
fold2_room1_mix1570,53,7,0,175,0,27.96
fold2_room1_mix1570,54,7,0,175,0,30.17
fold2_room1_mix1570,55,7,0,175,0,31.17
fold2_room1_mix1570,56,7,0,176,0,33.18
fold2_room1_mix1570,57,7,0,175,0,35.29
fold2_room1_mix1570,58,7,0,175,0,35.64
fold2_room1_mix1570,60,7,0,174,0,22.56
fold2_room1_mix1570,61,7,0,175,0,24.02
fold2_room1_mix1570,62,7,0,176,0,31.88
fold2_room1_mix1570,63,7,0,175,0,14.74
fold2_room1_mix1570,64,7,0,176,0,19.75
fold2_room1_mix1570,65,7,0,176,0,30.95
fold2_room1_mix1570,67,7,0,175,0,21.63
fold2_room1_mix1570,68,7,0,176,0,47.62
fold2_room1_mix1570,69,7,0,176,0,56.39
fold2_room1_mix1570,70,7,0,176,0,57.94
fold2_room1_mix1570,71,7,0,176,0,21.65
fold2_room1_mix1570,72,7,0,176,0,31.69
fold2_room1_mix1570,76,7,0,175,0,7.05
fold2_room1_mix1570,83,7,0,175,0,39.50
fold2_room1_mix1570,84,7,0,175,0,52.45
fold2_room1_mix1570,85,7,0,175,0,64.59
fold2_room1_mix1570,86,7,0,175,0,71.71
fold2_room1_mix1570,89,7,0,175,0,42.38
fold2_room1_mix1570,90,7,0,177,0,23.28
fold2_room1_mix1570,91,7,0,176,0,38.42
fold2_room1_mix1570,92,7,0,176,0,60.99
fold2_room1_mix1570,93,7,0,176,0,68.74
fold2_room1_mix1570,94,7,0,176,0,71.27
fold2_room1_mix1570,95,7,0,176,0,73.45
fold2_room1_mix1570,96,7,0,176,0,48.20
fold2_room1_mix1570,97,7,0,176,0,69.95
fold2_room1_mix1570,98,7,0,176,0,68.80
fold2_room1_mix1570,99,7,0,176,0,66.59
fold2_room1_mix1571,2,7,0,-177,0,10.67
fold2_room1_mix1571,3,7,0,-179,0,19.59
fold2_room1_mix1571,4,7,0,-179,0,25.40
fold2_room1_mix1571,5,7,0,178,0,27.17
fold2_room1_mix1571,6,7,0,179,0,27.64
fold2_room1_mix1571,7,7,0,179,0,29.58
fold2_room1_mix1571,8,7,0,177,0,28.61
fold2_room1_mix1571,9,7,0,178,0,27.94
fold2_room1_mix1571,10,7,0,179,0,27.96
fold2_room1_mix1571,11,7,0,176,0,26.80
fold2_room1_mix1571,12,7,0,176,0,25.79
fold2_room1_mix1571,13,7,0,178,0,24.68
fold2_room1_mix1571,14,7,0,177,0,23.56
fold2_room1_mix1571,15,7,0,175,0,20.02
fold2_room1_mix1571,16,7,0,175,0,19.92
fold2_room1_mix1571,17,7,0,173,0,19.55
fold2_room1_mix1571,18,7,0,173,0,18.92
fold2_room1_mix1571,19,7,0,174,0,18.87
fold2_room1_mix1571,20,7,0,171,0,17.88
fold2_room1_mix1571,21,7,0,169,0,17.38
fold2_room1_mix1571,22,7,0,171,-1,16.40
fold2_room1_mix1571,23,7,0,168,0,16.24
fold2_room1_mix1571,24,7,0,168,0,15.66
fold2_room1_mix1571,25,7,0,167,0,14.44
fold2_room1_mix1571,26,7,0,166,-1,12.75
fold2_room1_mix1571,27,7,0,164,-1,12.68
fold2_room1_mix1571,28,7,0,164,-1,11.16
fold2_room1_mix1571,29,7,0,161,-1,10.31
fold2_room1_mix1571,30,7,0,160,-1,8.87
fold2_room1_mix1571,31,7,0,158,-1,8.40
fold2_room1_mix1571,32,7,0,156,-1,7.79
fold2_room1_mix1571,33,7,0,153,-1,7.16
fold2_room1_mix1571,34,7,0,148,-1,6.19
fold2_room1_mix1571,35,7,0,144,-1,5.52
fold2_room1_mix1571,36,7,0,133,0,4.24
fold2_room1_mix1571,37,7,0,119,0,3.49
fold2_room1_mix1571,38,7,0,96,0,3.76
fold2_room1_mix1571,39,7,0,82,1,3.85
fold2_room1_mix1571,40,7,0,63,1,4.07
fold2_room1_mix1571,41,7,0,49,0,4.67
fold2_room1_mix1571,42,7,0,41,0,5.04
fold2_room1_mix1571,43,7,0,34,0,5.93
fold2_room1_mix1571,44,7,0,29,0,6.57
fold2_room1_mix1571,45,7,0,26,0,7.27
fold2_room1_mix1571,46,7,0,23,0,7.90
fold2_room1_mix1571,47,7,0,20,0,8.73
fold2_room1_mix1571,48,7,0,19,0,9.03
fold2_room1_mix1571,49,7,0,17,0,10.36
fold2_room1_mix1571,50,7,0,18,0,10.84
fold2_room1_mix1571,51,7,0,16,0,11.67
fold2_room1_mix1571,52,7,0,14,0,12.86
fold2_room1_mix1571,53,7,0,14,0,13.32
fold2_room1_mix1571,54,7,0,14,0,14.54
fold2_room1_mix1571,55,7,0,12,0,16.31
fold2_room1_mix1571,56,7,0,12,0,16.92
fold2_room1_mix1571,57,7,0,11,0,17.37
fold2_room1_mix1571,58,7,0,11,0,18.45
fold2_room1_mix1571,59,7,0,10,0,19.81
fold2_room1_mix1571,60,7,0,10,0,20.42
fold2_room1_mix1571,61,7,0,9,0,19.97
fold2_room1_mix1571,62,7,0,9,0,21.02
fold2_room1_mix1571,63,7,0,9,0,22.32
fold2_room1_mix1571,64,7,0,8,0,22.11
fold2_room1_mix1571,65,7,0,8,0,23.84
fold2_room1_mix1571,66,7,0,8,0,23.49
fold2_room1_mix1571,67,7,0,8,0,24.93
fold2_room1_mix1571,68,7,0,7,0,25.90
fold2_room1_mix1571,69,7,0,7,0,28.37
fold2_room1_mix1571,70,7,0,7,0,27.59
fold2_room1_mix1571,71,7,0,6,0,30.42
fold2_room1_mix1571,72,7,0,7,0,32.05
fold2_room1_mix1571,73,7,0,7,0,31.50
fold2_room1_mix1571,74,7,0,7,0,30.95
fold2_room1_mix1571,75,7,0,7,0,33.63
fold2_room1_mix1571,76,7,0,6,0,34.22
fold2_room1_mix1571,77,7,0,6,0,36.71
fold2_room1_mix1571,78,7,0,6,0,37.28
fold2_room1_mix1571,79,7,0,7,0,38.52
fold2_room1_mix1571,80,7,0,6,0,37.05
fold2_room1_mix1571,81,7,0,6,0,39.98
fold2_room1_mix1571,82,7,0,7,0,40.37
fold2_room1_mix1571,83,7,0,6,0,42.01
fold2_room1_mix1571,84,7,0,6,0,42.86
fold2_room1_mix1571,85,7,0,6,0,44.27
fold2_room1_mix1571,86,7,0,6,0,42.70
fold2_room1_mix1571,87,7,0,6,0,45.61
fold2_room1_mix1571,88,7,0,6,0,45.39
fold2_room1_mix1571,89,7,0,6,0,47.34
fold2_room1_mix1571,90,7,0,5,0,48.13
fold2_room1_mix1571,91,7,0,6,0,53.71
fold2_room1_mix1571,92,7,0,6,0,49.83
fold2_room1_mix1571,93,7,0,5,0,49.28
fold2_room1_mix1571,94,7,0,5,0,53.43
fold2_room1_mix1571,95,7,0,5,0,53.16
fold2_room1_mix1571,96,7,0,5,0,52.09
fold2_room1_mix1571,97,7,0,5,0,59.18
fold2_room1_mix1571,98,7,0,6,0,55.73
fold2_room1_mix1571,99,7,0,5,0,53.75
fold2_room1_mix1572,3,7,0,0,0,6.34
fold2_room1_mix1572,4,7,0,0,0,23.24
fold2_room1_mix1572,5,7,0,1,0,37.82
fold2_room1_mix1572,6,7,0,1,0,35.17
fold2_room1_mix1572,7,7,0,1,0,40.24
fold2_room1_mix1572,8,7,0,1,0,50.36
fold2_room1_mix1572,9,7,0,1,0,51.73
fold2_room1_mix1572,10,7,0,1,0,50.39
fold2_room1_mix1572,11,7,0,1,0,55.38
fold2_room1_mix1572,12,7,0,1,0,57.96
fold2_room1_mix1572,13,7,0,1,0,53.67
fold2_room1_mix1572,14,7,0,1,0,52.16
fold2_room1_mix1572,15,7,0,1,0,49.34
fold2_room1_mix1572,16,7,0,1,0,48.15
fold2_room1_mix1572,17,7,0,1,0,47.85
fold2_room1_mix1572,18,7,0,1,0,49.63
fold2_room1_mix1572,19,7,0,1,0,48.31
fold2_room1_mix1572,20,7,0,0,0,45.91
fold2_room1_mix1572,21,7,0,0,0,49.14
fold2_room1_mix1572,22,7,0,0,0,47.45
fold2_room1_mix1572,23,7,0,0,0,42.47
fold2_room1_mix1572,24,7,0,-1,0,40.03
fold2_room1_mix1572,25,7,0,0,0,40.44
fold2_room1_mix1572,26,7,0,0,0,41.57
fold2_room1_mix1572,27,7,0,-1,0,40.79
fold2_room1_mix1572,28,7,0,-2,0,37.09
fold2_room1_mix1572,29,7,0,-3,0,34.52
fold2_room1_mix1572,30,7,0,-4,0,33.58
fold2_room1_mix1572,31,7,0,-4,0,33.02
fold2_room1_mix1572,32,7,0,-4,0,31.84
fold2_room1_mix1572,33,7,0,-6,0,29.42
fold2_room1_mix1572,34,7,0,-5,0,29.43
fold2_room1_mix1572,35,7,0,-7,0,26.77
fold2_room1_mix1572,36,7,0,-8,0,23.63
fold2_room1_mix1572,37,7,0,-11,0,20.56
fold2_room1_mix1572,38,7,0,-11,0,19.58
fold2_room1_mix1572,39,7,0,-12,0,16.90
fold2_room1_mix1572,40,7,0,-13,0,15.21
fold2_room1_mix1572,41,7,0,-14,0,14.01
fold2_room1_mix1572,42,7,0,-16,0,12.44
fold2_room1_mix1572,43,7,0,-18,0,11.18
fold2_room1_mix1572,44,7,0,-21,0,9.36
fold2_room1_mix1572,45,7,0,-24,-1,8.11
fold2_room1_mix1572,46,7,0,-31,-1,6.82
fold2_room1_mix1572,47,7,0,-40,-2,5.49
fold2_room1_mix1572,48,7,0,-46,-3,4.86
fold2_room1_mix1572,49,7,0,-68,-4,3.53
fold2_room1_mix1572,50,7,0,-100,-4,3.64
fold2_room1_mix1572,51,7,0,-123,-4,3.49
fold2_room1_mix1572,52,7,0,-133,-3,4.43
fold2_room1_mix1572,53,7,0,-144,-2,5.76
fold2_room1_mix1572,54,7,0,-151,-2,6.90
fold2_room1_mix1572,55,7,0,-154,-1,8.15
fold2_room1_mix1572,56,7,0,-157,-1,9.66
fold2_room1_mix1572,57,7,0,-160,-1,11.26
fold2_room1_mix1572,58,7,0,-162,-1,13.28
fold2_room1_mix1572,59,7,0,-164,0,14.63
fold2_room1_mix1572,60,7,0,-166,0,16.77
fold2_room1_mix1572,61,7,0,-166,0,17.56
fold2_room1_mix1572,62,7,0,-168,0,19.78
fold2_room1_mix1572,63,7,0,-169,0,20.07
fold2_room1_mix1572,64,7,0,-169,0,21.90
fold2_room1_mix1572,65,7,0,-170,0,23.56
fold2_room1_mix1572,66,7,0,-171,0,25.12
fold2_room1_mix1572,67,7,0,-172,0,26.75
fold2_room1_mix1572,68,7,0,-172,0,28.77
fold2_room1_mix1572,69,7,0,-173,0,29.70
fold2_room1_mix1572,70,7,0,-173,0,31.26
fold2_room1_mix1572,71,7,0,-173,0,32.31
fold2_room1_mix1572,72,7,0,-174,0,34.74
fold2_room1_mix1572,73,7,0,-174,0,35.83
fold2_room1_mix1572,74,7,0,-174,0,37.31
fold2_room1_mix1572,75,7,0,-175,0,38.57
fold2_room1_mix1572,76,7,0,-175,0,39.28
fold2_room1_mix1572,77,7,0,-175,0,39.64
fold2_room1_mix1572,78,7,0,-176,0,42.04
fold2_room1_mix1572,79,7,0,-176,0,43.49
fold2_room1_mix1572,80,7,0,-176,0,46.07
fold2_room1_mix1572,81,7,0,-176,0,46.76
fold2_room1_mix1572,82,7,0,-176,0,50.65
fold2_room1_mix1572,83,7,0,-176,0,51.15
fold2_room1_mix1572,84,7,0,-176,0,52.75
fold2_room1_mix1572,85,7,0,-176,0,53.25
fold2_room1_mix1572,86,7,0,-176,0,53.40
fold2_room1_mix1572,87,7,0,-176,0,56.18
fold2_room1_mix1572,88,7,0,-176,0,57.87
fold2_room1_mix1572,89,7,0,-176,0,57.21
fold2_room1_mix1572,90,7,0,-176,0,61.03
fold2_room1_mix1572,91,7,0,-176,0,62.82
fold2_room1_mix1572,92,7,0,-176,0,62.24
fold2_room1_mix1572,93,7,0,-176,0,64.14
fold2_room1_mix1572,94,7,0,-177,0,66.98
fold2_room1_mix1572,95,7,0,-177,0,67.66
fold2_room1_mix1572,96,7,0,-176,0,68.33
fold2_room1_mix1572,97,7,0,-176,0,71.42
fold2_room1_mix1572,98,7,0,-177,0,74.00
fold2_room1_mix1572,99,7,0,-177,0,72.99
fold2_room1_mix1573,2,7,0,-177,0,5.38
fold2_room1_mix1573,3,7,0,178,0,29.75
fold2_room1_mix1573,4,7,0,179,0,33.36
fold2_room1_mix1573,5,7,0,179,0,39.78
fold2_room1_mix1573,6,7,0,179,0,43.57
fold2_room1_mix1573,7,7,0,179,0,45.48
fold2_room1_mix1573,8,7,0,-179,0,49.32
fold2_room1_mix1573,9,7,0,178,0,50.92
fold2_room1_mix1573,10,7,0,179,0,47.52
fold2_room1_mix1573,11,7,0,178,0,49.20
fold2_room1_mix1573,12,7,0,177,0,51.10
fold2_room1_mix1573,13,7,0,178,0,46.46
fold2_room1_mix1573,14,7,0,178,0,44.90
fold2_room1_mix1573,15,7,0,179,0,44.02
fold2_room1_mix1573,16,7,0,178,0,45.38
fold2_room1_mix1573,17,7,0,178,0,43.42
fold2_room1_mix1573,18,7,0,176,0,42.72
fold2_room1_mix1573,19,7,0,178,0,45.13
fold2_room1_mix1573,20,7,0,177,0,41.63
fold2_room1_mix1573,21,7,0,177,0,42.54
fold2_room1_mix1573,22,7,0,178,0,41.88
fold2_room1_mix1573,23,7,0,178,0,40.39
fold2_room1_mix1573,24,7,0,178,0,40.80
fold2_room1_mix1573,25,7,0,178,0,37.55
fold2_room1_mix1573,26,7,0,178,0,37.03
fold2_room1_mix1573,27,7,0,179,0,37.45
fold2_room1_mix1573,28,7,0,178,0,34.08
fold2_room1_mix1573,29,7,0,178,0,33.26
fold2_room1_mix1573,30,7,0,178,0,31.69
fold2_room1_mix1573,31,7,0,176,0,30.89
fold2_room1_mix1573,32,7,0,175,0,29.82
fold2_room1_mix1573,33,7,0,176,0,29.14
fold2_room1_mix1573,34,7,0,175,0,28.17
fold2_room1_mix1573,35,7,0,176,0,28.54
fold2_room1_mix1573,36,7,0,176,0,26.45
fold2_room1_mix1573,37,7,0,174,0,25.88
fold2_room1_mix1573,38,7,0,174,0,23.70
fold2_room1_mix1573,39,7,0,173,0,20.98
fold2_room1_mix1573,40,7,0,171,0,20.20
fold2_room1_mix1573,41,7,0,170,0,18.77
fold2_room1_mix1573,42,7,0,170,0,17.61
fold2_room1_mix1573,43,7,0,169,0,16.71
fold2_room1_mix1573,44,7,0,168,0,15.18
fold2_room1_mix1573,45,7,0,166,0,12.99
fold2_room1_mix1573,46,7,0,163,0,11.65
fold2_room1_mix1573,47,7,0,160,0,10.34
fold2_room1_mix1573,48,7,0,157,0,9.37
fold2_room1_mix1573,49,7,0,152,0,7.62
fold2_room1_mix1573,50,7,0,147,0,6.44
fold2_room1_mix1573,51,7,0,139,0,5.35
fold2_room1_mix1573,52,7,0,127,0,4.55
fold2_room1_mix1573,53,7,0,108,0,4.05
fold2_room1_mix1573,54,7,0,88,0,3.80
fold2_room1_mix1573,55,7,0,69,1,4.28
fold2_room1_mix1573,56,7,0,53,1,4.51
fold2_room1_mix1573,57,7,0,41,1,5.29
fold2_room1_mix1573,58,7,0,34,0,6.03
fold2_room1_mix1573,59,7,0,27,0,7.26
fold2_room1_mix1573,60,7,0,24,0,8.79
fold2_room1_mix1573,61,7,0,21,0,9.67
fold2_room1_mix1573,62,7,0,19,0,10.35
fold2_room1_mix1573,63,7,0,17,0,11.80
fold2_room1_mix1573,64,7,0,14,0,12.79
fold2_room1_mix1573,65,7,0,14,0,13.48
fold2_room1_mix1573,66,7,0,13,0,15.39
fold2_room1_mix1573,67,7,0,12,0,15.82
fold2_room1_mix1573,68,7,0,13,0,18.04
fold2_room1_mix1573,69,7,0,11,0,18.75
fold2_room1_mix1573,70,7,0,10,0,19.65
fold2_room1_mix1573,71,7,0,10,0,21.64
fold2_room1_mix1573,72,7,0,10,0,22.66
fold2_room1_mix1573,73,7,0,9,0,22.90
fold2_room1_mix1573,74,7,0,9,0,24.46
fold2_room1_mix1573,75,7,0,8,0,26.00
fold2_room1_mix1573,76,7,0,8,0,27.70
fold2_room1_mix1573,77,7,0,8,0,28.81
fold2_room1_mix1573,78,7,0,8,0,30.06
fold2_room1_mix1573,79,7,0,8,0,31.88
fold2_room1_mix1573,80,7,0,8,0,33.50
fold2_room1_mix1573,81,7,0,7,0,32.33
fold2_room1_mix1573,82,7,0,7,0,34.73
fold2_room1_mix1573,83,7,0,6,0,36.80
fold2_room1_mix1573,84,7,0,6,0,38.37
fold2_room1_mix1573,85,7,0,7,0,39.05
fold2_room1_mix1573,86,7,0,6,0,39.72
fold2_room1_mix1573,87,7,0,7,0,41.25
fold2_room1_mix1573,88,7,0,6,0,43.87
fold2_room1_mix1573,89,7,0,6,0,41.95
fold2_room1_mix1573,90,7,0,6,0,44.14
fold2_room1_mix1573,91,7,0,7,0,49.00
fold2_room1_mix1573,92,7,0,7,0,49.30
fold2_room1_mix1573,93,7,0,6,0,47.68
fold2_room1_mix1573,94,7,0,6,0,50.75
fold2_room1_mix1573,95,7,0,6,0,53.17
fold2_room1_mix1573,96,7,0,5,0,54.70
fold2_room1_mix1573,97,7,0,6,0,53.06
fold2_room1_mix1573,98,7,0,6,0,58.85
fold2_room1_mix1573,99,7,0,6,0,55.50
fold2_room1_mix1574,4,7,0,1,0,29.49
fold2_room1_mix1574,5,7,0,2,0,36.81
fold2_room1_mix1574,6,7,0,2,0,34.26
fold2_room1_mix1574,7,7,0,2,0,40.34
fold2_room1_mix1574,8,7,0,2,0,46.39
fold2_room1_mix1574,9,7,0,3,0,48.04
fold2_room1_mix1574,10,7,0,3,0,45.39
fold2_room1_mix1574,11,7,0,3,0,48.75
fold2_room1_mix1574,12,7,0,3,0,45.99
fold2_room1_mix1574,13,7,0,3,0,46.11
fold2_room1_mix1574,14,7,0,3,0,42.78
fold2_room1_mix1574,15,7,0,3,0,44.38
fold2_room1_mix1574,16,7,0,4,0,42.63
fold2_room1_mix1574,17,7,0,3,0,41.54
fold2_room1_mix1574,18,7,0,4,0,39.46
fold2_room1_mix1574,19,7,0,3,0,39.59
fold2_room1_mix1574,20,7,0,4,0,37.94
fold2_room1_mix1574,21,7,0,4,0,38.32
fold2_room1_mix1574,22,7,0,5,0,37.04
fold2_room1_mix1574,23,7,0,5,0,36.21
fold2_room1_mix1574,24,7,0,4,0,35.63
fold2_room1_mix1574,25,7,0,4,0,34.68
fold2_room1_mix1574,26,7,0,4,0,33.78
fold2_room1_mix1574,27,7,0,4,0,31.75
fold2_room1_mix1574,28,7,0,5,0,31.13
fold2_room1_mix1574,29,7,0,5,0,30.44
fold2_room1_mix1574,30,7,0,6,0,28.71
fold2_room1_mix1574,31,7,0,6,0,28.98
fold2_room1_mix1574,32,7,0,6,0,27.34
fold2_room1_mix1574,33,7,0,7,0,26.41
fold2_room1_mix1574,34,7,0,8,0,24.88
fold2_room1_mix1574,35,7,0,9,0,23.19
fold2_room1_mix1574,36,7,0,10,0,21.68
fold2_room1_mix1574,37,7,0,11,0,19.24
fold2_room1_mix1574,38,7,0,11,0,17.62
fold2_room1_mix1574,39,7,0,12,0,15.57
fold2_room1_mix1574,40,7,0,13,0,14.83
fold2_room1_mix1574,41,7,0,14,0,13.68
fold2_room1_mix1574,42,7,0,15,0,11.96
fold2_room1_mix1574,43,7,0,17,0,11.23
fold2_room1_mix1574,44,7,0,18,0,9.56
fold2_room1_mix1574,45,7,0,22,-1,7.73
fold2_room1_mix1574,46,7,0,26,-1,6.42
fold2_room1_mix1574,47,7,0,33,-1,4.64
fold2_room1_mix1574,48,7,0,43,-1,3.65
fold2_room1_mix1574,49,7,0,62,-1,3.09
fold2_room1_mix1574,50,7,0,95,-1,3.06
fold2_room1_mix1574,51,7,0,126,-1,3.15
fold2_room1_mix1574,52,7,0,138,-1,4.00
fold2_room1_mix1574,53,7,0,148,-1,5.01
fold2_room1_mix1574,54,7,0,152,-1,5.78
fold2_room1_mix1574,55,7,0,157,0,7.29
fold2_room1_mix1574,56,7,0,160,0,8.26
fold2_room1_mix1574,57,7,0,162,0,9.35
fold2_room1_mix1574,58,7,0,165,0,10.90
fold2_room1_mix1574,59,7,0,168,0,12.66
fold2_room1_mix1574,60,7,0,169,0,13.67
fold2_room1_mix1574,61,7,0,170,0,15.39
fold2_room1_mix1574,62,7,0,170,0,16.48
fold2_room1_mix1574,63,7,0,171,0,17.31
fold2_room1_mix1574,64,7,0,171,0,18.58
fold2_room1_mix1574,65,7,0,172,0,19.84
fold2_room1_mix1574,66,7,0,172,0,20.28
fold2_room1_mix1574,67,7,0,172,0,21.51
fold2_room1_mix1574,68,7,0,173,0,22.80
fold2_room1_mix1574,69,7,0,173,0,25.10
fold2_room1_mix1574,70,7,0,172,0,26.14
fold2_room1_mix1574,71,7,0,173,0,27.02
fold2_room1_mix1574,72,7,0,173,0,28.55
fold2_room1_mix1574,73,7,0,173,0,29.65
fold2_room1_mix1574,74,7,0,174,0,29.77
fold2_room1_mix1574,75,7,0,175,0,32.38
fold2_room1_mix1574,76,7,0,175,0,33.71
fold2_room1_mix1574,77,7,0,174,0,34.44
fold2_room1_mix1574,78,7,0,175,0,35.23
fold2_room1_mix1574,79,7,0,175,0,36.35
fold2_room1_mix1574,80,7,0,175,0,38.20
fold2_room1_mix1574,81,7,0,175,0,38.89
fold2_room1_mix1574,82,7,0,175,0,40.01
fold2_room1_mix1574,83,7,0,175,0,41.11
fold2_room1_mix1574,84,7,0,175,0,42.24
fold2_room1_mix1574,85,7,0,175,0,43.85
fold2_room1_mix1574,86,7,0,175,0,44.04
fold2_room1_mix1574,87,7,0,175,0,44.93
fold2_room1_mix1574,88,7,0,175,0,47.53
fold2_room1_mix1574,89,7,0,175,0,47.86
fold2_room1_mix1574,90,7,0,175,0,47.94
fold2_room1_mix1574,91,7,0,176,0,52.03
fold2_room1_mix1574,92,7,0,176,0,51.90
fold2_room1_mix1574,93,7,0,176,0,54.10
fold2_room1_mix1574,94,7,0,175,0,54.02
fold2_room1_mix1574,95,7,0,176,0,56.66
fold2_room1_mix1574,96,7,0,176,0,57.88
fold2_room1_mix1574,97,7,0,176,0,59.22
fold2_room1_mix1574,98,7,0,176,0,61.76
fold2_room1_mix1574,99,7,0,176,0,61.00
fold2_room1_mix1575,3,7,0,-178,0,1.64
fold2_room1_mix1575,4,7,0,176,0,16.75
fold2_room1_mix1575,5,7,0,175,0,20.40
fold2_room1_mix1575,6,7,0,176,0,21.11
fold2_room1_mix1575,7,7,0,176,0,24.37
fold2_room1_mix1575,8,7,0,176,0,23.38
fold2_room1_mix1575,9,7,0,176,-1,25.15
fold2_room1_mix1575,10,7,0,176,-1,23.28
fold2_room1_mix1575,11,7,0,175,0,23.11
fold2_room1_mix1575,12,7,0,175,-1,21.31
fold2_room1_mix1575,13,7,0,174,-1,20.88
fold2_room1_mix1575,14,7,0,173,-1,20.88
fold2_room1_mix1575,15,7,0,173,-1,21.36
fold2_room1_mix1575,16,7,0,173,-1,20.69
fold2_room1_mix1575,17,7,0,172,0,20.16
fold2_room1_mix1575,18,7,0,172,-1,19.42
fold2_room1_mix1575,19,7,0,171,-1,18.67
fold2_room1_mix1575,20,7,0,170,-1,18.70
fold2_room1_mix1575,21,7,0,168,-1,18.19
fold2_room1_mix1575,22,7,0,167,-1,16.47
fold2_room1_mix1575,23,7,0,166,-1,15.83
fold2_room1_mix1575,24,7,0,166,-1,14.69
fold2_room1_mix1575,25,7,0,165,-1,14.70
fold2_room1_mix1575,26,7,0,163,-1,13.53
fold2_room1_mix1575,27,7,0,162,-1,12.30
fold2_room1_mix1575,28,7,0,160,-1,12.18
fold2_room1_mix1575,29,7,0,158,-1,11.01
fold2_room1_mix1575,30,7,0,159,-1,11.18
fold2_room1_mix1575,31,7,0,155,-1,10.08
fold2_room1_mix1575,32,7,0,155,-1,9.38
fold2_room1_mix1575,33,7,0,153,-1,8.91
fold2_room1_mix1575,34,7,0,154,-1,8.89
fold2_room1_mix1575,35,7,0,150,-1,7.89
fold2_room1_mix1575,36,7,0,149,-1,7.50
fold2_room1_mix1575,37,7,0,146,-1,7.03
fold2_room1_mix1575,38,7,0,141,-1,6.40
fold2_room1_mix1575,39,7,0,137,-1,5.73
fold2_room1_mix1575,40,7,0,128,-1,5.24
fold2_room1_mix1575,41,7,0,121,0,5.00
fold2_room1_mix1575,42,7,0,108,0,4.68
fold2_room1_mix1575,43,7,0,94,-1,4.41
fold2_room1_mix1575,44,7,0,82,0,4.63
fold2_room1_mix1575,45,7,0,73,0,4.75
fold2_room1_mix1575,46,7,0,64,0,5.03
fold2_room1_mix1575,47,7,0,54,0,5.33
fold2_room1_mix1575,48,7,0,48,0,5.74
fold2_room1_mix1575,49,7,0,43,0,6.15
fold2_room1_mix1575,50,7,0,39,0,6.46
fold2_room1_mix1575,51,7,0,36,0,7.20
fold2_room1_mix1575,52,7,0,33,0,7.52
fold2_room1_mix1575,53,7,0,30,0,8.66
fold2_room1_mix1575,54,7,0,29,0,8.42
fold2_room1_mix1575,55,7,0,26,0,9.49
fold2_room1_mix1575,56,7,0,25,0,10.23
fold2_room1_mix1575,57,7,0,24,0,10.53
fold2_room1_mix1575,58,7,0,23,0,11.15
fold2_room1_mix1575,59,7,0,21,0,11.66
fold2_room1_mix1575,60,7,0,20,0,12.72
fold2_room1_mix1575,61,7,0,19,0,13.71
fold2_room1_mix1575,62,7,0,17,0,14.65
fold2_room1_mix1575,63,7,0,16,0,15.08
fold2_room1_mix1575,64,7,0,16,0,16.14
fold2_room1_mix1575,65,7,0,15,0,17.10
fold2_room1_mix1575,66,7,0,14,0,17.05
fold2_room1_mix1575,67,7,0,14,0,17.50
fold2_room1_mix1575,68,7,0,13,0,18.54
fold2_room1_mix1575,69,7,0,13,0,19.14
fold2_room1_mix1575,70,7,0,13,0,20.10
fold2_room1_mix1575,71,7,0,12,0,20.78
fold2_room1_mix1575,72,7,0,12,0,21.81
fold2_room1_mix1575,73,7,0,11,0,22.85
fold2_room1_mix1575,74,7,0,11,0,23.04
fold2_room1_mix1575,75,7,0,11,0,22.80
fold2_room1_mix1575,76,7,0,11,0,24.29
fold2_room1_mix1575,77,7,0,10,0,25.35
fold2_room1_mix1575,78,7,0,10,0,26.18
fold2_room1_mix1575,79,7,0,10,0,26.41
fold2_room1_mix1575,80,7,0,10,0,26.69
fold2_room1_mix1575,81,7,0,10,0,27.32
fold2_room1_mix1575,82,7,0,9,0,29.29
fold2_room1_mix1575,83,7,0,10,0,28.83
fold2_room1_mix1575,84,7,0,10,0,30.24
fold2_room1_mix1575,85,7,0,10,0,32.36
fold2_room1_mix1575,86,7,0,10,0,31.42
fold2_room1_mix1575,87,7,0,10,0,31.80
fold2_room1_mix1575,88,7,0,9,0,33.66
fold2_room1_mix1575,89,7,0,9,0,34.81
fold2_room1_mix1575,90,7,0,9,0,35.09
fold2_room1_mix1575,91,7,0,9,0,35.94
fold2_room1_mix1575,92,7,0,9,0,35.91
fold2_room1_mix1575,93,7,0,9,0,36.21
fold2_room1_mix1575,94,7,0,8,0,37.58
fold2_room1_mix1575,95,7,0,8,0,38.05
fold2_room1_mix1575,96,7,0,8,0,38.23
fold2_room1_mix1575,97,7,0,8,0,40.99
fold2_room1_mix1575,98,7,0,8,0,40.78
fold2_room1_mix1575,99,7,0,7,0,39.28
fold2_room1_mix1576,2,7,0,0,0,17.90
fold2_room1_mix1576,3,7,0,0,0,27.33
fold2_room1_mix1576,4,7,0,1,0,29.32
fold2_room1_mix1576,5,7,0,0,0,30.34
fold2_room1_mix1576,6,7,0,0,0,32.41
fold2_room1_mix1576,7,7,0,1,0,37.27
fold2_room1_mix1576,8,7,0,1,0,38.61
fold2_room1_mix1576,9,7,0,1,0,38.03
fold2_room1_mix1576,10,7,0,1,0,33.06
fold2_room1_mix1576,11,7,0,0,0,33.84
fold2_room1_mix1576,12,7,0,-1,0,35.08
fold2_room1_mix1576,13,7,0,0,0,33.53
fold2_room1_mix1576,14,7,0,-1,0,31.54
fold2_room1_mix1576,15,7,0,-1,0,31.11
fold2_room1_mix1576,16,7,0,-1,0,29.60
fold2_room1_mix1576,17,7,0,-3,0,29.74
fold2_room1_mix1576,18,7,0,-2,0,28.71
fold2_room1_mix1576,19,7,0,-3,0,29.08
fold2_room1_mix1576,20,7,0,-2,0,27.66
fold2_room1_mix1576,21,7,0,-5,0,26.05
fold2_room1_mix1576,22,7,0,-7,0,24.59
fold2_room1_mix1576,23,7,0,-6,0,24.59
fold2_room1_mix1576,24,7,0,-9,0,23.25
fold2_room1_mix1576,25,7,0,-10,0,20.99
fold2_room1_mix1576,26,7,0,-10,0,18.66
fold2_room1_mix1576,27,7,0,-11,0,18.32
fold2_room1_mix1576,28,7,0,-12,0,17.20
fold2_room1_mix1576,29,7,0,-12,0,15.22
fold2_room1_mix1576,30,7,0,-13,0,14.84
fold2_room1_mix1576,31,7,0,-14,0,13.35
fold2_room1_mix1576,32,7,0,-15,0,12.76
fold2_room1_mix1576,33,7,0,-16,0,12.10
fold2_room1_mix1576,34,7,0,-17,0,10.75
fold2_room1_mix1576,35,7,0,-20,0,9.34
fold2_room1_mix1576,36,7,0,-21,0,9.03
fold2_room1_mix1576,37,7,0,-26,-1,7.44
fold2_room1_mix1576,38,7,0,-29,-1,6.56
fold2_room1_mix1576,39,7,0,-37,-2,5.60
fold2_room1_mix1576,40,7,0,-43,-3,4.72
fold2_room1_mix1576,41,7,0,-48,-3,4.34
fold2_room1_mix1576,42,7,0,-62,-4,3.78
fold2_room1_mix1576,43,7,0,-83,-4,3.06
fold2_room1_mix1576,44,7,0,-104,-4,3.27
fold2_room1_mix1576,45,7,0,-120,-3,3.68
fold2_room1_mix1576,46,7,0,-131,-3,4.35
fold2_room1_mix1576,47,7,0,-140,-2,4.90
fold2_room1_mix1576,48,7,0,-147,-2,5.88
fold2_room1_mix1576,49,7,0,-150,-2,7.04
fold2_room1_mix1576,50,7,0,-153,-1,7.49
fold2_room1_mix1576,51,7,0,-155,-1,8.47
fold2_room1_mix1576,52,7,0,-157,-1,9.11
fold2_room1_mix1576,53,7,0,-159,-1,10.34
fold2_room1_mix1576,54,7,0,-162,0,12.12
fold2_room1_mix1576,55,7,0,-163,0,13.42
fold2_room1_mix1576,56,7,0,-165,0,14.51
fold2_room1_mix1576,57,7,0,-165,0,15.81
fold2_room1_mix1576,58,7,0,-166,0,16.09
fold2_room1_mix1576,59,7,0,-168,0,17.29
fold2_room1_mix1576,60,7,0,-168,0,18.02
fold2_room1_mix1576,61,7,0,-168,0,19.42
fold2_room1_mix1576,62,7,0,-169,0,20.25
fold2_room1_mix1576,63,7,0,-170,0,20.67
fold2_room1_mix1576,64,7,0,-169,0,20.97
fold2_room1_mix1576,65,7,0,-170,0,24.30
fold2_room1_mix1576,66,7,0,-171,0,23.81
fold2_room1_mix1576,67,7,0,-171,0,25.79
fold2_room1_mix1576,68,7,0,-172,0,28.05
fold2_room1_mix1576,69,7,0,-173,0,29.60
fold2_room1_mix1576,70,7,0,-173,0,29.27
fold2_room1_mix1576,71,7,0,-173,0,30.99
fold2_room1_mix1576,72,7,0,-174,0,32.07
fold2_room1_mix1576,73,7,0,-174,0,33.12
fold2_room1_mix1576,74,7,0,-174,0,32.44
fold2_room1_mix1576,75,7,0,-174,0,35.98
fold2_room1_mix1576,76,7,0,-174,0,35.97
fold2_room1_mix1576,77,7,0,-174,0,36.38
fold2_room1_mix1576,78,7,0,-174,0,38.55
fold2_room1_mix1576,79,7,0,-175,0,39.75
fold2_room1_mix1576,80,7,0,-174,0,39.91
fold2_room1_mix1576,81,7,0,-175,0,43.34
fold2_room1_mix1576,82,7,0,-175,0,43.32
fold2_room1_mix1576,83,7,0,-175,0,44.38
fold2_room1_mix1576,84,7,0,-175,0,45.40
fold2_room1_mix1576,85,7,0,-175,0,45.52
fold2_room1_mix1576,86,7,0,-175,0,44.47
fold2_room1_mix1576,87,7,0,-175,0,47.38
fold2_room1_mix1576,88,7,0,-175,0,48.62
fold2_room1_mix1576,89,7,0,-176,0,49.80
fold2_room1_mix1576,90,7,0,-175,0,49.53
fold2_room1_mix1576,91,7,0,-176,0,54.04
fold2_room1_mix1576,92,7,0,-176,0,53.65
fold2_room1_mix1576,93,7,0,-177,0,54.67
fold2_room1_mix1576,94,7,0,-176,0,57.55
fold2_room1_mix1576,95,7,0,-176,0,55.95
fold2_room1_mix1576,96,7,0,-176,0,56.32
fold2_room1_mix1576,97,7,0,-176,0,60.50
fold2_room1_mix1576,98,7,0,-176,0,58.64
fold2_room1_mix1576,99,7,0,-176,0,61.17
fold2_room1_mix1577,2,7,0,0,-1,6.97
fold2_room1_mix1577,3,7,0,0,0,18.75
fold2_room1_mix1577,4,7,0,2,0,28.79
fold2_room1_mix1577,5,7,0,2,0,28.72
fold2_room1_mix1577,6,7,0,2,0,34.10
fold2_room1_mix1577,7,7,0,3,0,37.78
fold2_room1_mix1577,8,7,0,3,0,38.65
fold2_room1_mix1577,9,7,0,2,0,36.54
fold2_room1_mix1577,10,7,0,3,0,35.35
fold2_room1_mix1577,11,7,0,4,0,39.38
fold2_room1_mix1577,12,7,0,4,0,36.11
fold2_room1_mix1577,13,7,0,5,0,34.58
fold2_room1_mix1577,14,7,0,5,0,32.94
fold2_room1_mix1577,15,7,0,4,0,31.86
fold2_room1_mix1577,16,7,0,5,0,30.21
fold2_room1_mix1577,17,7,0,5,0,29.90
fold2_room1_mix1577,18,7,0,5,0,28.64
fold2_room1_mix1577,19,7,0,5,0,28.35
fold2_room1_mix1577,20,7,0,6,0,27.42
fold2_room1_mix1577,21,7,0,6,0,26.10
fold2_room1_mix1577,22,7,0,7,0,25.35
fold2_room1_mix1577,23,7,0,7,0,24.06
fold2_room1_mix1577,24,7,0,7,0,22.81
fold2_room1_mix1577,25,7,0,7,0,21.16
fold2_room1_mix1577,26,7,0,8,0,18.65
fold2_room1_mix1577,27,7,0,11,0,18.41
fold2_room1_mix1577,28,7,0,11,0,16.50
fold2_room1_mix1577,29,7,0,10,0,14.48
fold2_room1_mix1577,30,7,0,11,0,13.77
fold2_room1_mix1577,31,7,0,13,0,12.94
fold2_room1_mix1577,32,7,0,14,0,11.17
fold2_room1_mix1577,33,7,0,15,-1,9.72
fold2_room1_mix1577,34,7,0,18,-1,7.97
fold2_room1_mix1577,35,7,0,23,-1,5.94
fold2_room1_mix1577,36,7,0,24,-2,5.22
fold2_room1_mix1577,37,7,0,35,-2,3.87
fold2_room1_mix1577,38,7,0,48,-1,2.63
fold2_room1_mix1577,39,7,0,78,0,1.99
fold2_room1_mix1577,40,7,0,122,-1,2.34
fold2_room1_mix1577,41,7,0,139,-1,3.08
fold2_room1_mix1577,42,7,0,149,-1,3.97
fold2_room1_mix1577,43,7,0,157,-1,5.05
fold2_room1_mix1577,44,7,0,159,-1,5.94
fold2_room1_mix1577,45,7,0,162,-1,6.83
fold2_room1_mix1577,46,7,0,166,0,8.24
fold2_room1_mix1577,47,7,0,167,0,9.28
fold2_room1_mix1577,48,7,0,169,0,10.73
fold2_room1_mix1577,49,7,0,170,0,11.76
fold2_room1_mix1577,50,7,0,171,0,13.13
fold2_room1_mix1577,51,7,0,171,0,15.34
fold2_room1_mix1577,52,7,0,172,0,16.58
fold2_room1_mix1577,53,7,0,172,0,16.49
fold2_room1_mix1577,54,7,0,173,0,18.19
fold2_room1_mix1577,55,7,0,173,0,18.28
fold2_room1_mix1577,56,7,0,173,0,19.18
fold2_room1_mix1577,57,7,0,174,0,20.66
fold2_room1_mix1577,58,7,0,174,0,21.17
fold2_room1_mix1577,59,7,0,174,0,22.57
fold2_room1_mix1577,60,7,0,173,0,24.09
fold2_room1_mix1577,61,7,0,174,0,24.25
fold2_room1_mix1577,62,7,0,175,0,26.21
fold2_room1_mix1577,63,7,0,174,0,26.22
fold2_room1_mix1577,64,7,0,175,0,28.27
fold2_room1_mix1577,65,7,0,175,0,29.66
fold2_room1_mix1577,66,7,0,175,0,30.09
fold2_room1_mix1577,67,7,0,176,0,31.39
fold2_room1_mix1577,68,7,0,176,0,32.87
fold2_room1_mix1577,69,7,0,175,0,33.81
fold2_room1_mix1577,70,7,0,176,0,34.64
fold2_room1_mix1577,71,7,0,176,0,35.94
fold2_room1_mix1577,72,7,0,176,0,37.84
fold2_room1_mix1577,73,7,0,176,0,39.81
fold2_room1_mix1577,74,7,0,176,0,39.31
fold2_room1_mix1577,75,7,0,176,0,41.76
fold2_room1_mix1577,76,7,0,176,0,42.40
fold2_room1_mix1577,77,7,0,176,0,42.92
fold2_room1_mix1577,78,7,0,177,0,44.45
fold2_room1_mix1577,79,7,0,176,0,44.99
fold2_room1_mix1577,80,7,0,177,0,46.61
fold2_room1_mix1577,81,7,0,177,0,49.16
fold2_room1_mix1577,82,7,0,176,0,49.53
fold2_room1_mix1577,83,7,0,177,0,51.48
fold2_room1_mix1577,84,7,0,176,0,52.04
fold2_room1_mix1577,85,7,0,176,0,53.20
fold2_room1_mix1577,86,7,0,176,0,53.88
fold2_room1_mix1577,87,7,0,177,0,54.72
fold2_room1_mix1577,88,7,0,177,0,56.53
fold2_room1_mix1577,89,7,0,177,0,56.26
fold2_room1_mix1577,90,7,0,177,0,59.67
fold2_room1_mix1577,91,7,0,177,0,60.96
fold2_room1_mix1577,92,7,0,177,0,60.51
fold2_room1_mix1577,93,7,0,177,0,60.29
fold2_room1_mix1577,94,7,0,177,0,63.97
fold2_room1_mix1577,95,7,0,177,0,65.10
fold2_room1_mix1577,96,7,0,177,0,66.81
fold2_room1_mix1577,97,7,0,177,0,68.86
fold2_room1_mix1577,98,7,0,177,0,67.05
fold2_room1_mix1577,99,7,0,177,0,69.19
fold2_room1_mix1578,2,7,0,-179,0,2.11
fold2_room1_mix1578,3,7,0,177,0,13.86
fold2_room1_mix1578,4,7,0,175,0,15.85
fold2_room1_mix1578,5,7,0,174,0,17.81
fold2_room1_mix1578,6,7,0,174,-1,17.43
fold2_room1_mix1578,7,7,0,176,-1,15.93
fold2_room1_mix1578,8,7,0,174,-1,15.53
fold2_room1_mix1578,9,7,0,173,-1,14.32
fold2_room1_mix1578,10,7,0,172,-1,14.09
fold2_room1_mix1578,11,7,0,171,-1,13.57
fold2_room1_mix1578,12,7,0,169,-1,13.19
fold2_room1_mix1578,13,7,0,167,-1,11.31
fold2_room1_mix1578,14,7,0,164,-1,10.50
fold2_room1_mix1578,15,7,0,163,-1,8.86
fold2_room1_mix1578,16,7,0,160,-1,8.44
fold2_room1_mix1578,17,7,0,159,-1,7.55
fold2_room1_mix1578,18,7,0,157,-1,7.05
fold2_room1_mix1578,19,7,0,156,-1,6.47
fold2_room1_mix1578,20,7,0,152,-1,5.69
fold2_room1_mix1578,21,7,0,149,-2,5.16
fold2_room1_mix1578,22,7,0,147,-1,5.17
fold2_room1_mix1578,23,7,0,144,-2,4.48
fold2_room1_mix1578,24,7,0,140,-2,4.06
fold2_room1_mix1578,25,7,0,136,-1,3.57
fold2_room1_mix1578,26,7,0,132,-2,3.43
fold2_room1_mix1578,27,7,0,116,-1,3.00
fold2_room1_mix1578,28,7,0,99,0,2.85
fold2_room1_mix1578,29,7,0,85,0,2.87
fold2_room1_mix1578,30,7,0,66,0,2.93
fold2_room1_mix1578,31,7,0,59,0,3.09
fold2_room1_mix1578,32,7,0,49,0,3.53
fold2_room1_mix1578,33,7,0,40,0,3.74
fold2_room1_mix1578,34,7,0,37,0,4.20
fold2_room1_mix1578,35,7,0,31,0,4.83
fold2_room1_mix1578,36,7,0,30,0,5.39
fold2_room1_mix1578,37,7,0,24,0,5.77
fold2_room1_mix1578,38,7,0,23,0,6.34
fold2_room1_mix1578,39,7,0,21,0,7.07
fold2_room1_mix1578,40,7,0,21,0,7.88
fold2_room1_mix1578,41,7,0,18,0,8.63
fold2_room1_mix1578,42,7,0,17,0,9.58
fold2_room1_mix1578,43,7,0,17,0,10.03
fold2_room1_mix1578,44,7,0,17,0,10.60
fold2_room1_mix1578,45,7,0,15,0,11.53
fold2_room1_mix1578,46,7,0,14,0,12.31
fold2_room1_mix1578,47,7,0,13,0,12.88
fold2_room1_mix1578,48,7,0,12,0,13.55
fold2_room1_mix1578,49,7,0,12,0,14.58
fold2_room1_mix1578,50,7,0,12,0,15.26
fold2_room1_mix1578,51,7,0,11,0,15.45
fold2_room1_mix1578,52,7,0,10,0,16.17
fold2_room1_mix1578,53,7,0,10,0,16.58
fold2_room1_mix1578,54,7,0,10,0,17.34
fold2_room1_mix1578,55,7,0,9,0,18.71
fold2_room1_mix1578,56,7,0,10,0,19.48
fold2_room1_mix1578,57,7,0,9,0,18.82
fold2_room1_mix1578,58,7,0,9,0,20.01
fold2_room1_mix1578,59,7,0,8,0,19.81
fold2_room1_mix1578,60,7,0,8,0,20.97
fold2_room1_mix1578,61,7,0,8,0,20.74
fold2_room1_mix1578,62,7,0,8,0,21.91
fold2_room1_mix1578,63,7,0,8,0,22.82
fold2_room1_mix1578,64,7,0,8,0,22.96
fold2_room1_mix1578,65,7,0,7,0,24.93
fold2_room1_mix1578,66,7,0,7,0,25.68
fold2_room1_mix1578,67,7,0,8,0,27.34
fold2_room1_mix1578,68,7,0,8,0,28.96
fold2_room1_mix1578,69,7,0,7,0,28.88
fold2_room1_mix1578,70,7,0,8,0,26.88
fold2_room1_mix1578,71,7,0,8,0,27.65
fold2_room1_mix1578,72,7,0,8,0,29.17
fold2_room1_mix1578,73,7,0,7,0,29.80
fold2_room1_mix1578,74,7,0,7,0,30.82
fold2_room1_mix1578,75,7,0,7,0,31.70
fold2_room1_mix1578,76,7,0,7,0,32.79
fold2_room1_mix1578,77,7,0,6,0,31.71
fold2_room1_mix1578,78,7,0,6,0,33.16
fold2_room1_mix1578,79,7,0,6,0,34.54
fold2_room1_mix1578,80,7,0,6,0,35.06
fold2_room1_mix1578,81,7,0,5,0,37.04
fold2_room1_mix1578,82,7,0,6,0,36.42
fold2_room1_mix1578,83,7,0,5,0,36.32
fold2_room1_mix1578,84,7,0,5,0,38.29
fold2_room1_mix1578,85,7,0,5,0,38.46
fold2_room1_mix1578,86,7,0,6,0,38.64
fold2_room1_mix1578,87,7,0,5,0,39.39
fold2_room1_mix1578,88,7,0,6,0,41.06
fold2_room1_mix1578,89,7,0,6,0,40.68
fold2_room1_mix1578,90,7,0,6,0,39.46
fold2_room1_mix1578,91,7,0,5,0,43.51
fold2_room1_mix1578,92,7,0,5,0,41.53
fold2_room1_mix1578,93,7,0,5,0,42.74
fold2_room1_mix1578,94,7,0,5,0,45.34
fold2_room1_mix1578,95,7,0,6,0,45.64
fold2_room1_mix1578,96,7,0,5,0,43.16
fold2_room1_mix1578,97,7,0,5,0,45.66
fold2_room1_mix1578,98,7,0,5,0,45.69
fold2_room1_mix1578,99,7,0,5,0,43.58
fold2_room1_mix1579,6,7,0,1,0,27.35
fold2_room1_mix1579,7,7,0,0,0,17.16
fold2_room1_mix1579,8,7,0,0,0,17.72
fold2_room1_mix1579,9,7,0,0,0,33.64
fold2_room1_mix1579,10,7,0,0,0,23.98
fold2_room1_mix1579,11,7,0,1,0,44.80
fold2_room1_mix1579,12,7,0,2,0,63.82
fold2_room1_mix1579,13,7,0,2,0,62.50
fold2_room1_mix1579,14,7,0,2,0,63.53
fold2_room1_mix1579,15,7,0,3,0,63.78
fold2_room1_mix1579,16,7,0,2,0,66.18
fold2_room1_mix1579,17,7,0,2,0,62.09
fold2_room1_mix1579,18,7,0,2,0,63.38
fold2_room1_mix1579,19,7,0,3,0,64.49
fold2_room1_mix1579,20,7,0,2,0,59.27
fold2_room1_mix1579,21,7,0,2,0,60.39
fold2_room1_mix1579,22,7,0,3,0,67.22
fold2_room1_mix1579,23,7,0,3,0,61.48
fold2_room1_mix1579,24,7,0,3,0,58.30
fold2_room1_mix1579,25,7,0,3,0,61.84
fold2_room1_mix1579,26,7,0,3,0,60.66
fold2_room1_mix1579,27,7,0,3,0,59.65
fold2_room1_mix1579,28,7,0,3,0,63.16
fold2_room1_mix1579,29,7,0,3,0,61.28
fold2_room1_mix1579,30,7,0,3,0,59.38
fold2_room1_mix1579,31,7,0,3,0,58.68
fold2_room1_mix1579,32,7,0,3,0,59.36
fold2_room1_mix1579,33,7,0,3,0,57.51
fold2_room1_mix1579,34,7,0,3,0,59.75
fold2_room1_mix1579,35,7,0,3,0,55.62
fold2_room1_mix1579,36,7,0,3,0,51.96
fold2_room1_mix1579,37,7,0,3,0,52.41
fold2_room1_mix1579,38,7,0,3,0,51.91
fold2_room1_mix1579,39,7,0,3,0,51.00
fold2_room1_mix1579,40,7,0,3,0,46.24
fold2_room1_mix1579,41,7,0,3,0,46.71
fold2_room1_mix1579,42,7,0,4,0,44.17
fold2_room1_mix1579,43,7,0,4,0,43.77
fold2_room1_mix1579,44,7,0,3,0,41.34
fold2_room1_mix1579,45,7,0,3,0,41.37
fold2_room1_mix1579,46,7,0,3,0,40.16
fold2_room1_mix1579,47,7,0,4,0,40.81
fold2_room1_mix1579,48,7,0,5,0,37.58
fold2_room1_mix1579,49,7,0,5,0,35.97
fold2_room1_mix1579,50,7,0,5,0,36.31
fold2_room1_mix1579,51,7,0,5,0,34.79
fold2_room1_mix1579,52,7,0,5,0,33.38
fold2_room1_mix1579,53,7,0,5,0,32.51
fold2_room1_mix1579,54,7,0,6,0,31.17
fold2_room1_mix1579,55,7,0,4,0,28.08
fold2_room1_mix1579,56,7,0,5,0,29.02
fold2_room1_mix1579,57,7,0,6,0,27.58
fold2_room1_mix1579,58,7,0,7,0,27.21
fold2_room1_mix1579,59,7,0,8,0,25.84
fold2_room1_mix1579,60,7,0,8,0,24.16
fold2_room1_mix1579,61,7,0,9,0,22.30
fold2_room1_mix1579,62,7,0,10,0,20.16
fold2_room1_mix1579,63,7,0,11,0,18.80
fold2_room1_mix1579,64,7,0,11,0,16.69
fold2_room1_mix1579,65,7,0,12,0,16.21
fold2_room1_mix1579,66,7,0,14,0,14.64
fold2_room1_mix1579,67,7,0,14,0,13.46
fold2_room1_mix1579,68,7,0,15,0,12.45
fold2_room1_mix1579,69,7,0,17,0,11.25
fold2_room1_mix1579,70,7,0,18,0,9.35
fold2_room1_mix1579,71,7,0,21,0,8.69
fold2_room1_mix1579,72,7,0,26,0,7.44
fold2_room1_mix1579,73,7,0,30,-1,5.71
fold2_room1_mix1579,74,7,0,39,-1,4.50
fold2_room1_mix1579,75,7,0,50,-1,3.60
fold2_room1_mix1579,76,7,0,74,-1,3.22
fold2_room1_mix1579,77,7,0,109,0,3.02
fold2_room1_mix1579,78,7,0,130,0,3.82
fold2_room1_mix1579,79,7,0,140,0,4.67
fold2_room1_mix1579,80,7,0,147,0,4.97
fold2_room1_mix1579,81,7,0,154,0,6.63
fold2_room1_mix1579,82,7,0,157,0,7.54
fold2_room1_mix1579,83,7,0,159,0,8.54
fold2_room1_mix1579,84,7,0,162,0,10.03
fold2_room1_mix1579,85,7,0,165,0,12.14
fold2_room1_mix1579,86,7,0,166,0,12.64
fold2_room1_mix1579,87,7,0,168,0,14.63
fold2_room1_mix1579,88,7,0,169,0,15.32
fold2_room1_mix1579,89,7,0,169,0,16.85
fold2_room1_mix1579,90,7,0,170,0,18.37
fold2_room1_mix1579,91,7,0,170,0,18.16
fold2_room1_mix1579,92,7,0,171,0,20.28
fold2_room1_mix1579,93,7,0,172,0,20.62
fold2_room1_mix1579,94,7,0,172,0,22.13
fold2_room1_mix1579,95,7,0,172,0,24.14
fold2_room1_mix1579,96,7,0,172,0,24.53
fold2_room1_mix1579,97,7,0,172,0,26.47
fold2_room1_mix1579,98,7,0,172,0,28.17
fold2_room1_mix1579,99,7,0,173,0,28.60
fold2_room1_mix1580,3,7,0,0,0,11.64
fold2_room1_mix1580,4,7,0,1,0,25.96
fold2_room1_mix1580,5,7,0,0,0,35.61
fold2_room1_mix1580,6,7,0,1,0,34.09
fold2_room1_mix1580,7,7,0,0,0,40.34
fold2_room1_mix1580,8,7,0,1,0,50.36
fold2_room1_mix1580,9,7,0,1,0,47.28
fold2_room1_mix1580,10,7,0,1,0,48.35
fold2_room1_mix1580,11,7,0,1,0,53.95
fold2_room1_mix1580,12,7,0,1,0,54.74
fold2_room1_mix1580,13,7,0,1,0,52.06
fold2_room1_mix1580,14,7,0,1,0,48.71
fold2_room1_mix1580,15,7,0,1,0,54.14
fold2_room1_mix1580,16,7,0,1,0,52.99
fold2_room1_mix1580,17,7,0,1,0,48.57
fold2_room1_mix1580,18,7,0,1,0,52.01
fold2_room1_mix1580,19,7,0,1,0,49.32
fold2_room1_mix1580,20,7,0,1,0,49.16
fold2_room1_mix1580,21,7,0,0,0,51.86
fold2_room1_mix1580,22,7,0,1,0,50.16
fold2_room1_mix1580,23,7,0,0,0,47.29
fold2_room1_mix1580,24,7,0,0,0,46.82
fold2_room1_mix1580,25,7,0,0,0,44.79
fold2_room1_mix1580,26,7,0,0,0,47.12
fold2_room1_mix1580,27,7,0,0,0,46.18
fold2_room1_mix1580,28,7,0,0,0,44.89
fold2_room1_mix1580,29,7,0,0,0,44.29
fold2_room1_mix1580,30,7,0,0,0,42.49
fold2_room1_mix1580,31,7,0,0,0,45.03
fold2_room1_mix1580,32,7,0,0,0,41.09
fold2_room1_mix1580,33,7,0,-2,0,37.79
fold2_room1_mix1580,34,7,0,0,0,37.56
fold2_room1_mix1580,35,7,0,0,0,38.99
fold2_room1_mix1580,36,7,0,-1,0,36.45
fold2_room1_mix1580,37,7,0,-2,0,34.51
fold2_room1_mix1580,38,7,0,-2,0,33.78
fold2_room1_mix1580,39,7,0,-3,0,32.68
fold2_room1_mix1580,40,7,0,-4,0,31.24
fold2_room1_mix1580,41,7,0,-5,0,27.90
fold2_room1_mix1580,42,7,0,-6,0,26.26
fold2_room1_mix1580,43,7,0,-5,0,27.24
fold2_room1_mix1580,44,7,0,-5,0,26.05
fold2_room1_mix1580,45,7,0,-5,0,25.47
fold2_room1_mix1580,46,7,0,-5,0,24.27
fold2_room1_mix1580,47,7,0,-7,0,24.27
fold2_room1_mix1580,48,7,0,-9,0,21.58
fold2_room1_mix1580,49,7,0,-9,0,19.72
fold2_room1_mix1580,50,7,0,-11,0,18.23
fold2_room1_mix1580,51,7,0,-12,0,16.99
fold2_room1_mix1580,52,7,0,-13,0,15.75
fold2_room1_mix1580,53,7,0,-12,0,15.05
fold2_room1_mix1580,54,7,0,-14,0,13.24
fold2_room1_mix1580,55,7,0,-14,0,12.59
fold2_room1_mix1580,56,7,0,-16,0,12.33
fold2_room1_mix1580,57,7,0,-18,0,10.83
fold2_room1_mix1580,58,7,0,-20,0,9.54
fold2_room1_mix1580,59,7,0,-22,-1,8.68
fold2_room1_mix1580,60,7,0,-26,-1,7.53
fold2_room1_mix1580,61,7,0,-31,-1,6.37
fold2_room1_mix1580,62,7,0,-37,-2,5.01
fold2_room1_mix1580,63,7,0,-41,-2,4.75
fold2_room1_mix1580,64,7,0,-50,-2,3.93
fold2_room1_mix1580,65,7,0,-70,-3,3.25
fold2_room1_mix1580,66,7,0,-90,-3,3.12
fold2_room1_mix1580,67,7,0,-112,-2,3.47
fold2_room1_mix1580,68,7,0,-129,-2,4.07
fold2_room1_mix1580,69,7,0,-138,-2,4.83
fold2_room1_mix1580,70,7,0,-146,-2,5.68
fold2_room1_mix1580,71,7,0,-151,-1,7.10
fold2_room1_mix1580,72,7,0,-153,-1,7.68
fold2_room1_mix1580,73,7,0,-156,0,7.98
fold2_room1_mix1580,74,7,0,-159,0,9.39
fold2_room1_mix1580,75,7,0,-161,0,11.06
fold2_room1_mix1580,76,7,0,-164,0,12.49
fold2_room1_mix1580,77,7,0,-165,0,13.72
fold2_room1_mix1580,78,7,0,-166,0,14.35
fold2_room1_mix1580,79,7,0,-168,0,15.69
fold2_room1_mix1580,80,7,0,-168,0,16.90
fold2_room1_mix1580,81,7,0,-169,0,18.41
fold2_room1_mix1580,82,7,0,-170,0,19.26
fold2_room1_mix1580,83,7,0,-170,0,19.57
fold2_room1_mix1580,84,7,0,-170,0,20.94
fold2_room1_mix1580,85,7,0,-171,0,22.97
fold2_room1_mix1580,86,7,0,-171,0,23.99
fold2_room1_mix1580,87,7,0,-171,0,25.09
fold2_room1_mix1580,88,7,0,-172,0,27.26
fold2_room1_mix1580,89,7,0,-172,0,28.04
fold2_room1_mix1580,90,7,0,-173,0,28.49
fold2_room1_mix1580,91,7,0,-173,0,31.18
fold2_room1_mix1580,92,7,0,-174,0,31.23
fold2_room1_mix1580,93,7,0,-174,0,30.95
fold2_room1_mix1580,94,7,0,-174,0,31.90
fold2_room1_mix1580,95,7,0,-175,0,34.87
fold2_room1_mix1580,96,7,0,-175,0,36.21
fold2_room1_mix1580,97,7,0,-175,0,37.55
fold2_room1_mix1580,98,7,0,-175,0,41.25
fold2_room1_mix1580,99,7,0,-175,0,39.50
fold2_room1_mix1581,3,7,0,-178,0,10.58
fold2_room1_mix1581,4,7,0,178,0,23.91
fold2_room1_mix1581,5,7,0,179,0,28.17
fold2_room1_mix1581,6,7,0,178,0,30.56
fold2_room1_mix1581,7,7,0,177,0,32.69
fold2_room1_mix1581,8,7,0,177,0,34.16
fold2_room1_mix1581,9,7,0,177,0,34.41
fold2_room1_mix1581,10,7,0,177,0,34.50
fold2_room1_mix1581,11,7,0,177,0,35.71
fold2_room1_mix1581,12,7,0,177,0,35.97
fold2_room1_mix1581,13,7,0,177,0,34.07
fold2_room1_mix1581,14,7,0,175,0,33.03
fold2_room1_mix1581,15,7,0,176,0,30.48
fold2_room1_mix1581,16,7,0,175,0,30.61
fold2_room1_mix1581,17,7,0,175,0,31.12
fold2_room1_mix1581,18,7,0,175,0,30.61
fold2_room1_mix1581,19,7,0,175,0,29.87
fold2_room1_mix1581,20,7,0,174,0,29.45
fold2_room1_mix1581,21,7,0,174,0,28.27
fold2_room1_mix1581,22,7,0,175,0,27.38
fold2_room1_mix1581,23,7,0,174,0,26.70
fold2_room1_mix1581,24,7,0,175,0,26.18
fold2_room1_mix1581,25,7,0,174,0,23.68
fold2_room1_mix1581,26,7,0,173,0,22.92
fold2_room1_mix1581,27,7,0,173,0,21.42
fold2_room1_mix1581,28,7,0,172,0,20.46
fold2_room1_mix1581,29,7,0,171,0,19.60
fold2_room1_mix1581,30,7,0,171,-1,18.96
fold2_room1_mix1581,31,7,0,169,0,18.59
fold2_room1_mix1581,32,7,0,169,-1,16.97
fold2_room1_mix1581,33,7,0,168,-1,14.66
fold2_room1_mix1581,34,7,0,166,-1,15.14
fold2_room1_mix1581,35,7,0,165,-1,13.18
fold2_room1_mix1581,36,7,0,163,-1,12.72
fold2_room1_mix1581,37,7,0,162,-1,11.72
fold2_room1_mix1581,38,7,0,161,-1,9.56
fold2_room1_mix1581,39,7,0,157,-1,8.42
fold2_room1_mix1581,40,7,0,155,-1,7.58
fold2_room1_mix1581,41,7,0,151,-1,6.68
fold2_room1_mix1581,42,7,0,146,-1,5.45
fold2_room1_mix1581,43,7,0,135,-1,4.56
fold2_room1_mix1581,44,7,0,122,-1,3.88
fold2_room1_mix1581,45,7,0,99,0,3.47
fold2_room1_mix1581,46,7,0,82,0,3.69
fold2_room1_mix1581,47,7,0,60,0,4.27
fold2_room1_mix1581,48,7,0,48,0,4.72
fold2_room1_mix1581,49,7,0,38,0,5.80
fold2_room1_mix1581,50,7,0,32,0,6.11
fold2_room1_mix1581,51,7,0,27,0,7.22
fold2_room1_mix1581,52,7,0,24,0,7.88
fold2_room1_mix1581,53,7,0,22,0,8.81
fold2_room1_mix1581,54,7,0,18,0,9.74
fold2_room1_mix1581,55,7,0,17,0,10.74
fold2_room1_mix1581,56,7,0,15,0,11.88
fold2_room1_mix1581,57,7,0,14,0,12.74
fold2_room1_mix1581,58,7,0,13,0,13.52
fold2_room1_mix1581,59,7,0,13,0,15.47
fold2_room1_mix1581,60,7,0,12,0,16.27
fold2_room1_mix1581,61,7,0,12,0,16.99
fold2_room1_mix1581,62,7,0,11,0,18.48
fold2_room1_mix1581,63,7,0,11,0,19.46
fold2_room1_mix1581,64,7,0,10,0,19.90
fold2_room1_mix1581,65,7,0,10,0,20.71
fold2_room1_mix1581,66,7,0,9,0,22.28
fold2_room1_mix1581,67,7,0,9,0,23.09
fold2_room1_mix1581,68,7,0,8,0,23.82
fold2_room1_mix1581,69,7,0,8,0,25.58
fold2_room1_mix1581,70,7,0,8,0,26.28
fold2_room1_mix1581,71,7,0,8,0,28.13
fold2_room1_mix1581,72,7,0,7,0,29.68
fold2_room1_mix1581,73,7,0,7,0,30.33
fold2_room1_mix1581,74,7,0,7,0,30.16
fold2_room1_mix1581,75,7,0,7,0,31.62
fold2_room1_mix1581,76,7,0,7,0,32.51
fold2_room1_mix1581,77,7,0,7,0,32.65
fold2_room1_mix1581,78,7,0,7,0,34.57
fold2_room1_mix1581,79,7,0,7,0,35.18
fold2_room1_mix1581,80,7,0,7,0,35.61
fold2_room1_mix1581,81,7,0,7,0,37.15
fold2_room1_mix1581,82,7,0,6,0,37.08
fold2_room1_mix1581,83,7,0,7,0,38.12
fold2_room1_mix1581,84,7,0,6,0,38.08
fold2_room1_mix1581,85,7,0,6,0,40.94
fold2_room1_mix1581,86,7,0,6,0,40.40
fold2_room1_mix1581,87,7,0,6,0,40.77
fold2_room1_mix1581,88,7,0,6,0,42.25
fold2_room1_mix1581,89,7,0,6,0,44.51
fold2_room1_mix1581,90,7,0,6,0,45.77
fold2_room1_mix1581,91,7,0,6,0,48.38
fold2_room1_mix1581,92,7,0,5,0,49.15
fold2_room1_mix1581,93,7,0,5,0,48.87
fold2_room1_mix1581,94,7,0,5,0,50.67
fold2_room1_mix1581,95,7,0,5,0,49.63
fold2_room1_mix1581,96,7,0,5,0,52.09
fold2_room1_mix1581,97,7,0,5,0,53.73
fold2_room1_mix1581,98,7,0,5,0,56.25
fold2_room1_mix1581,99,7,0,5,0,55.15
fold2_room1_mix1582,3,7,0,-177,0,5.37
fold2_room1_mix1582,4,7,0,-176,0,4.21
fold2_room1_mix1582,5,7,0,179,0,25.73
fold2_room1_mix1582,6,7,0,-179,0,32.67
fold2_room1_mix1582,7,7,0,-179,0,34.30
fold2_room1_mix1582,8,7,0,179,0,46.41
fold2_room1_mix1582,9,7,0,-179,0,50.99
fold2_room1_mix1582,10,7,0,-179,0,50.22
fold2_room1_mix1582,11,7,0,-179,0,52.03
fold2_room1_mix1582,12,7,0,179,0,55.27
fold2_room1_mix1582,13,7,0,179,0,54.04
fold2_room1_mix1582,14,7,0,-178,0,50.81
fold2_room1_mix1582,15,7,0,-178,0,51.66
fold2_room1_mix1582,16,7,0,-178,0,45.63
fold2_room1_mix1582,17,7,0,-177,0,47.25
fold2_room1_mix1582,18,7,0,-177,0,50.47
fold2_room1_mix1582,19,7,0,-178,0,49.41
fold2_room1_mix1582,20,7,0,-178,0,49.75
fold2_room1_mix1582,21,7,0,-179,0,49.87
fold2_room1_mix1582,22,7,0,-178,0,47.44
fold2_room1_mix1582,23,7,0,-178,0,46.21
fold2_room1_mix1582,24,7,0,-177,0,42.71
fold2_room1_mix1582,25,7,0,-178,0,43.44
fold2_room1_mix1582,26,7,0,-178,0,41.72
fold2_room1_mix1582,27,7,0,-178,0,40.67
fold2_room1_mix1582,28,7,0,-178,0,41.70
fold2_room1_mix1582,29,7,0,-178,0,37.29
fold2_room1_mix1582,30,7,0,-176,0,34.87
fold2_room1_mix1582,31,7,0,-177,0,36.95
fold2_room1_mix1582,32,7,0,-177,0,35.64
fold2_room1_mix1582,33,7,0,-176,0,33.84
fold2_room1_mix1582,34,7,0,-176,0,32.31
fold2_room1_mix1582,35,7,0,-176,0,31.95
fold2_room1_mix1582,36,7,0,-174,0,29.93
fold2_room1_mix1582,37,7,0,-174,0,28.71
fold2_room1_mix1582,38,7,0,-172,0,27.09
fold2_room1_mix1582,39,7,0,-172,0,26.00
fold2_room1_mix1582,40,7,0,-171,0,22.91
fold2_room1_mix1582,41,7,0,-169,-1,19.87
fold2_room1_mix1582,42,7,0,-168,-1,18.09
fold2_room1_mix1582,43,7,0,-167,-1,17.27
fold2_room1_mix1582,44,7,0,-166,-1,16.05
fold2_room1_mix1582,45,7,0,-166,-1,13.89
fold2_room1_mix1582,46,7,0,-163,-1,11.39
fold2_room1_mix1582,47,7,0,-161,-1,10.28
fold2_room1_mix1582,48,7,0,-158,-1,8.20
fold2_room1_mix1582,49,7,0,-153,-1,6.70
fold2_room1_mix1582,50,7,0,-148,-1,5.74
fold2_room1_mix1582,51,7,0,-135,-3,3.89
fold2_room1_mix1582,52,7,0,-109,-3,3.20
fold2_room1_mix1582,53,7,0,-79,-4,2.99
fold2_room1_mix1582,54,7,0,-57,-2,3.55
fold2_room1_mix1582,55,7,0,-41,-1,4.52
fold2_room1_mix1582,56,7,0,-32,-2,5.66
fold2_room1_mix1582,57,7,0,-26,-1,6.33
fold2_room1_mix1582,58,7,0,-19,-1,8.27
fold2_room1_mix1582,59,7,0,-17,0,10.06
fold2_room1_mix1582,60,7,0,-16,0,11.68
fold2_room1_mix1582,61,7,0,-13,0,11.78
fold2_room1_mix1582,62,7,0,-12,0,13.73
fold2_room1_mix1582,63,7,0,-11,0,15.36
fold2_room1_mix1582,64,7,0,-10,0,16.67
fold2_room1_mix1582,65,7,0,-8,0,18.17
fold2_room1_mix1582,66,7,0,-8,0,19.25
fold2_room1_mix1582,67,7,0,-7,0,21.62
fold2_room1_mix1582,68,7,0,-5,0,24.22
fold2_room1_mix1582,69,7,0,-4,0,26.70
fold2_room1_mix1582,70,7,0,-5,0,27.42
fold2_room1_mix1582,71,7,0,-4,0,28.72
fold2_room1_mix1582,72,7,0,-3,0,31.54
fold2_room1_mix1582,73,7,0,-3,0,32.03
fold2_room1_mix1582,74,7,0,-3,0,34.03
fold2_room1_mix1582,75,7,0,-3,0,36.10
fold2_room1_mix1582,76,7,0,-3,0,40.05
fold2_room1_mix1582,77,7,0,-2,0,38.47
fold2_room1_mix1582,78,7,0,-1,0,41.53
fold2_room1_mix1582,79,7,0,-2,0,44.25
fold2_room1_mix1582,80,7,0,-2,0,43.82
fold2_room1_mix1582,81,7,0,-1,0,42.80
fold2_room1_mix1582,82,7,0,-1,0,48.46
fold2_room1_mix1582,83,7,0,-2,0,48.54
fold2_room1_mix1582,84,7,0,-1,0,49.85
fold2_room1_mix1582,85,7,0,0,0,51.22
fold2_room1_mix1582,86,7,0,-1,0,52.65
fold2_room1_mix1582,87,7,0,-1,0,55.08
fold2_room1_mix1582,88,7,0,-1,0,56.27
fold2_room1_mix1582,89,7,0,-1,0,57.75
fold2_room1_mix1582,90,7,0,-1,0,55.93
fold2_room1_mix1582,91,7,0,-1,0,60.48
fold2_room1_mix1582,92,7,0,-1,0,65.81
fold2_room1_mix1582,93,7,0,-1,0,61.72
fold2_room1_mix1582,94,7,0,-1,0,62.97
fold2_room1_mix1582,95,7,0,-1,0,67.16
fold2_room1_mix1582,96,7,0,-2,0,68.18
fold2_room1_mix1582,97,7,0,-1,0,68.55
fold2_room1_mix1582,98,7,0,-1,0,71.54
fold2_room1_mix1582,99,7,0,-2,0,75.03
fold2_room1_mix1583,3,7,0,0,0,10.30
fold2_room1_mix1583,4,7,0,1,0,25.81
fold2_room1_mix1583,5,7,0,0,0,30.73
fold2_room1_mix1583,6,7,0,0,0,32.98
fold2_room1_mix1583,7,7,0,0,0,37.15
fold2_room1_mix1583,8,7,0,1,0,41.48
fold2_room1_mix1583,9,7,0,0,0,41.33
fold2_room1_mix1583,10,7,0,0,0,39.64
fold2_room1_mix1583,11,7,0,0,0,40.17
fold2_room1_mix1583,12,7,0,1,0,42.44
fold2_room1_mix1583,13,7,0,1,0,42.25
fold2_room1_mix1583,14,7,0,1,0,39.50
fold2_room1_mix1583,15,7,0,1,0,40.82
fold2_room1_mix1583,16,7,0,1,0,40.47
fold2_room1_mix1583,17,7,0,0,0,37.49
fold2_room1_mix1583,18,7,0,0,0,36.53
fold2_room1_mix1583,19,7,0,0,0,36.84
fold2_room1_mix1583,20,7,0,0,0,36.08
fold2_room1_mix1583,21,7,0,1,0,36.99
fold2_room1_mix1583,22,7,0,0,0,36.52
fold2_room1_mix1583,23,7,0,0,0,35.29
fold2_room1_mix1583,24,7,0,-1,0,33.27
fold2_room1_mix1583,25,7,0,-1,0,34.09
fold2_room1_mix1583,26,7,0,-3,0,30.24
fold2_room1_mix1583,27,7,0,-3,0,30.57
fold2_room1_mix1583,28,7,0,-2,0,30.24
fold2_room1_mix1583,29,7,0,-4,0,27.49
fold2_room1_mix1583,30,7,0,-4,0,27.66
fold2_room1_mix1583,31,7,0,-5,0,25.12
fold2_room1_mix1583,32,7,0,-5,0,25.37
fold2_room1_mix1583,33,7,0,-8,0,22.20
fold2_room1_mix1583,34,7,0,-9,0,20.86
fold2_room1_mix1583,35,7,0,-10,0,19.79
fold2_room1_mix1583,36,7,0,-10,0,17.88
fold2_room1_mix1583,37,7,0,-11,0,16.56
fold2_room1_mix1583,38,7,0,-12,0,15.53
fold2_room1_mix1583,39,7,0,-12,0,14.18
fold2_room1_mix1583,40,7,0,-14,0,12.40
fold2_room1_mix1583,41,7,0,-15,0,11.94
fold2_room1_mix1583,42,7,0,-17,0,10.60
fold2_room1_mix1583,43,7,0,-20,0,8.90
fold2_room1_mix1583,44,7,0,-22,-1,8.10
fold2_room1_mix1583,45,7,0,-26,-1,7.00
fold2_room1_mix1583,46,7,0,-32,-1,5.73
fold2_room1_mix1583,47,7,0,-38,-2,4.87
fold2_room1_mix1583,48,7,0,-47,-3,3.91
fold2_room1_mix1583,49,7,0,-60,-4,3.44
fold2_room1_mix1583,50,7,0,-88,-4,2.99
fold2_room1_mix1583,51,7,0,-110,-4,3.18
fold2_room1_mix1583,52,7,0,-127,-3,3.47
fold2_room1_mix1583,53,7,0,-136,-3,4.34
fold2_room1_mix1583,54,7,0,-147,-2,5.45
fold2_room1_mix1583,55,7,0,-151,-2,6.75
fold2_room1_mix1583,56,7,0,-152,-1,6.98
fold2_room1_mix1583,57,7,0,-156,-1,7.60
fold2_room1_mix1583,58,7,0,-159,-1,9.35
fold2_room1_mix1583,59,7,0,-161,-1,11.11
fold2_room1_mix1583,60,7,0,-164,0,11.96
fold2_room1_mix1583,61,7,0,-165,0,13.07
fold2_room1_mix1583,62,7,0,-167,0,14.48
fold2_room1_mix1583,63,7,0,-167,0,15.40
fold2_room1_mix1583,64,7,0,-168,0,17.00
fold2_room1_mix1583,65,7,0,-169,0,18.28
fold2_room1_mix1583,66,7,0,-170,0,18.41
fold2_room1_mix1583,67,7,0,-170,0,19.56
fold2_room1_mix1583,68,7,0,-170,0,20.99
fold2_room1_mix1583,69,7,0,-171,0,22.91
fold2_room1_mix1583,70,7,0,-172,0,24.36
fold2_room1_mix1583,71,7,0,-172,0,26.12
fold2_room1_mix1583,72,7,0,-172,0,27.34
fold2_room1_mix1583,73,7,0,-174,0,28.76
fold2_room1_mix1583,74,7,0,-173,0,28.46
fold2_room1_mix1583,75,7,0,-174,0,31.08
fold2_room1_mix1583,76,7,0,-175,0,31.70
fold2_room1_mix1583,77,7,0,-174,0,31.64
fold2_room1_mix1583,78,7,0,-175,0,33.27
fold2_room1_mix1583,79,7,0,-175,0,36.26
fold2_room1_mix1583,80,7,0,-175,0,35.79
fold2_room1_mix1583,81,7,0,-175,0,38.16
fold2_room1_mix1583,82,7,0,-175,0,38.14
fold2_room1_mix1583,83,7,0,-175,0,39.88
fold2_room1_mix1583,84,7,0,-175,0,40.35
fold2_room1_mix1583,85,7,0,-175,0,40.37
fold2_room1_mix1583,86,7,0,-175,0,40.34
fold2_room1_mix1583,87,7,0,-175,0,41.38
fold2_room1_mix1583,88,7,0,-175,0,44.18
fold2_room1_mix1583,89,7,0,-176,0,43.86
fold2_room1_mix1583,90,7,0,-175,0,43.80
fold2_room1_mix1583,91,7,0,-176,0,47.34
fold2_room1_mix1583,92,7,0,-176,0,48.54
fold2_room1_mix1583,93,7,0,-176,0,49.17
fold2_room1_mix1583,94,7,0,-176,0,50.64
fold2_room1_mix1583,95,7,0,-176,0,51.81
fold2_room1_mix1583,96,7,0,-176,0,53.23
fold2_room1_mix1583,97,7,0,-176,0,55.96
fold2_room1_mix1583,98,7,0,-176,0,56.14
fold2_room1_mix1583,99,7,0,-176,0,58.57
fold2_room1_mix1584,3,7,0,-177,0,9.81
fold2_room1_mix1584,4,7,0,179,0,28.81
fold2_room1_mix1584,5,7,0,179,0,37.20
fold2_room1_mix1584,6,7,0,-179,0,41.74
fold2_room1_mix1584,7,7,0,-179,0,46.50
fold2_room1_mix1584,8,7,0,-179,0,52.15
fold2_room1_mix1584,9,7,0,-179,0,51.32
fold2_room1_mix1584,10,7,0,-179,0,50.29
fold2_room1_mix1584,11,7,0,-179,0,50.49
fold2_room1_mix1584,12,7,0,-178,0,47.03
fold2_room1_mix1584,13,7,0,-178,0,45.11
fold2_room1_mix1584,14,7,0,-178,0,44.43
fold2_room1_mix1584,15,7,0,-178,0,43.76
fold2_room1_mix1584,16,7,0,-177,0,41.73
fold2_room1_mix1584,17,7,0,-178,0,43.56
fold2_room1_mix1584,18,7,0,-178,0,43.20
fold2_room1_mix1584,19,7,0,-177,0,41.55
fold2_room1_mix1584,20,7,0,-177,0,39.42
fold2_room1_mix1584,21,7,0,-178,0,40.59
fold2_room1_mix1584,22,7,0,-178,0,38.34
fold2_room1_mix1584,23,7,0,-177,0,35.74
fold2_room1_mix1584,24,7,0,-177,0,37.21
fold2_room1_mix1584,25,7,0,-177,0,36.65
fold2_room1_mix1584,26,7,0,-177,0,36.49
fold2_room1_mix1584,27,7,0,-177,0,35.57
fold2_room1_mix1584,28,7,0,-177,0,35.50
fold2_room1_mix1584,29,7,0,-176,0,32.54
fold2_room1_mix1584,30,7,0,-175,0,31.05
fold2_room1_mix1584,31,7,0,-175,0,30.20
fold2_room1_mix1584,32,7,0,-175,0,27.28
fold2_room1_mix1584,33,7,0,-173,0,25.29
fold2_room1_mix1584,34,7,0,-173,0,24.09
fold2_room1_mix1584,35,7,0,-171,-1,22.08
fold2_room1_mix1584,36,7,0,-170,-1,19.98
fold2_room1_mix1584,37,7,0,-170,-1,18.90
fold2_room1_mix1584,38,7,0,-169,-1,17.53
fold2_room1_mix1584,39,7,0,-167,-1,15.94
fold2_room1_mix1584,40,7,0,-165,-1,13.98
fold2_room1_mix1584,41,7,0,-164,-1,11.64
fold2_room1_mix1584,42,7,0,-162,-1,10.41
fold2_room1_mix1584,43,7,0,-161,-1,9.47
fold2_room1_mix1584,44,7,0,-157,-1,7.66
fold2_room1_mix1584,45,7,0,-154,-1,6.87
fold2_room1_mix1584,46,7,0,-144,-3,5.60
fold2_room1_mix1584,47,7,0,-135,-3,4.01
fold2_room1_mix1584,48,7,0,-115,-4,2.78
fold2_room1_mix1584,49,7,0,-86,-5,2.67
fold2_room1_mix1584,50,7,0,-57,-3,2.95
fold2_room1_mix1584,51,7,0,-42,-3,4.03
fold2_room1_mix1584,52,7,0,-32,-2,5.42
fold2_room1_mix1584,53,7,0,-28,-1,6.11
fold2_room1_mix1584,54,7,0,-23,-1,7.54
fold2_room1_mix1584,55,7,0,-17,-1,8.76
fold2_room1_mix1584,56,7,0,-16,-1,9.98
fold2_room1_mix1584,57,7,0,-13,0,11.67
fold2_room1_mix1584,58,7,0,-12,0,12.48
fold2_room1_mix1584,59,7,0,-10,0,14.75
fold2_room1_mix1584,60,7,0,-10,0,15.52
fold2_room1_mix1584,61,7,0,-7,0,16.74
fold2_room1_mix1584,62,7,0,-7,0,18.61
fold2_room1_mix1584,63,7,0,-7,0,19.69
fold2_room1_mix1584,64,7,0,-6,0,20.55
fold2_room1_mix1584,65,7,0,-5,0,22.67
fold2_room1_mix1584,66,7,0,-6,0,23.21
fold2_room1_mix1584,67,7,0,-4,0,25.22
fold2_room1_mix1584,68,7,0,-4,0,26.84
fold2_room1_mix1584,69,7,0,-3,0,28.62
fold2_room1_mix1584,70,7,0,-3,0,31.50
fold2_room1_mix1584,71,7,0,-3,0,32.62
fold2_room1_mix1584,72,7,0,-2,0,35.08
fold2_room1_mix1584,73,7,0,-3,0,34.30
fold2_room1_mix1584,74,7,0,-2,0,34.82
fold2_room1_mix1584,75,7,0,-1,0,38.13
fold2_room1_mix1584,76,7,0,-2,0,38.83
fold2_room1_mix1584,77,7,0,-1,0,38.61
fold2_room1_mix1584,78,7,0,-1,0,41.12
fold2_room1_mix1584,79,7,0,-2,0,41.13
fold2_room1_mix1584,80,7,0,-1,0,43.12
fold2_room1_mix1584,81,7,0,-1,0,46.07
fold2_room1_mix1584,82,7,0,-1,0,47.17
fold2_room1_mix1584,83,7,0,-1,0,50.53
fold2_room1_mix1584,84,7,0,-1,0,51.68
fold2_room1_mix1584,85,7,0,-1,0,51.35
fold2_room1_mix1584,86,7,0,-1,0,53.59
fold2_room1_mix1584,87,7,0,-1,0,52.87
fold2_room1_mix1584,88,7,0,-1,0,57.89
fold2_room1_mix1584,89,7,0,-1,0,55.85
fold2_room1_mix1584,90,7,0,-1,0,55.48
fold2_room1_mix1584,91,7,0,-1,0,63.11
fold2_room1_mix1584,92,7,0,-1,0,61.52
fold2_room1_mix1584,93,7,0,-1,0,59.61
fold2_room1_mix1584,94,7,0,0,0,64.31
fold2_room1_mix1584,95,7,0,-1,0,65.46
fold2_room1_mix1584,96,7,0,-1,0,68.63
fold2_room1_mix1584,97,7,0,-1,0,69.74
fold2_room1_mix1584,98,7,0,-1,0,71.81
fold2_room1_mix1584,99,7,0,-1,0,73.64
fold2_room1_mix1585,3,7,0,0,0,12.50
fold2_room1_mix1585,4,7,0,0,0,16.43
fold2_room1_mix1585,5,7,0,1,0,31.91
fold2_room1_mix1585,6,7,0,1,0,35.08
fold2_room1_mix1585,7,7,0,1,0,39.55
fold2_room1_mix1585,8,7,0,1,0,47.05
fold2_room1_mix1585,9,7,0,2,0,50.59
fold2_room1_mix1585,10,7,0,2,0,53.33
fold2_room1_mix1585,11,7,0,1,0,52.85
fold2_room1_mix1585,12,7,0,2,0,56.16
fold2_room1_mix1585,13,7,0,2,0,52.87
fold2_room1_mix1585,14,7,0,2,0,56.61
fold2_room1_mix1585,15,7,0,2,0,66.50
fold2_room1_mix1585,16,7,0,2,0,60.85
fold2_room1_mix1585,17,7,0,2,0,57.81
fold2_room1_mix1585,18,7,0,2,0,55.48
fold2_room1_mix1585,19,7,0,1,0,54.15
fold2_room1_mix1585,20,7,0,2,0,55.44
fold2_room1_mix1585,21,7,0,2,0,58.84
fold2_room1_mix1585,22,7,0,2,0,55.55
fold2_room1_mix1585,23,7,0,2,0,57.41
fold2_room1_mix1585,24,7,0,1,0,54.39
fold2_room1_mix1585,25,7,0,2,0,51.95
fold2_room1_mix1585,26,7,0,2,0,52.30
fold2_room1_mix1585,27,7,0,2,0,52.47
fold2_room1_mix1585,28,7,0,2,0,52.61
fold2_room1_mix1585,29,7,0,2,0,50.19
fold2_room1_mix1585,30,7,0,2,0,47.32
fold2_room1_mix1585,31,7,0,2,0,51.78
fold2_room1_mix1585,32,7,0,2,0,50.52
fold2_room1_mix1585,33,7,0,2,0,47.66
fold2_room1_mix1585,34,7,0,1,0,48.44
fold2_room1_mix1585,35,7,0,2,0,47.46
fold2_room1_mix1585,36,7,0,2,0,47.45
fold2_room1_mix1585,37,7,0,2,0,48.86
fold2_room1_mix1585,38,7,0,2,0,45.50
fold2_room1_mix1585,39,7,0,3,0,45.39
fold2_room1_mix1585,40,7,0,3,0,44.97
fold2_room1_mix1585,41,7,0,4,0,41.50
fold2_room1_mix1585,42,7,0,3,0,39.93
fold2_room1_mix1585,43,7,0,3,0,39.47
fold2_room1_mix1585,44,7,0,3,0,40.26
fold2_room1_mix1585,45,7,0,3,0,38.03
fold2_room1_mix1585,46,7,0,2,0,35.30
fold2_room1_mix1585,47,7,0,2,0,37.67
fold2_room1_mix1585,48,7,0,3,0,33.83
fold2_room1_mix1585,49,7,0,3,0,31.33
fold2_room1_mix1585,50,7,0,2,0,29.84
fold2_room1_mix1585,51,7,0,3,0,30.16
fold2_room1_mix1585,52,7,0,5,0,29.07
fold2_room1_mix1585,53,7,0,6,0,27.35
fold2_room1_mix1585,54,7,0,6,0,26.68
fold2_room1_mix1585,55,7,0,7,0,25.87
fold2_room1_mix1585,56,7,0,8,0,26.20
fold2_room1_mix1585,57,7,0,7,0,24.26
fold2_room1_mix1585,58,7,0,8,0,21.97
fold2_room1_mix1585,59,7,0,9,0,21.08
fold2_room1_mix1585,60,7,0,9,0,20.38
fold2_room1_mix1585,61,7,0,9,0,18.29
fold2_room1_mix1585,62,7,0,9,0,16.69
fold2_room1_mix1585,63,7,0,11,0,16.47
fold2_room1_mix1585,64,7,0,12,0,14.92
fold2_room1_mix1585,65,7,0,13,0,14.27
fold2_room1_mix1585,66,7,0,14,0,13.29
fold2_room1_mix1585,67,7,0,15,0,11.81
fold2_room1_mix1585,68,7,0,17,0,10.57
fold2_room1_mix1585,69,7,0,18,0,10.16
fold2_room1_mix1585,70,7,0,22,0,8.16
fold2_room1_mix1585,71,7,0,23,-1,6.88
fold2_room1_mix1585,72,7,0,29,0,6.24
fold2_room1_mix1585,73,7,0,34,-1,4.76
fold2_room1_mix1585,74,7,0,47,-1,3.36
fold2_room1_mix1585,75,7,0,66,0,2.95
fold2_room1_mix1585,76,7,0,92,0,3.07
fold2_room1_mix1585,77,7,0,120,0,3.13
fold2_room1_mix1585,78,7,0,134,0,3.93
fold2_room1_mix1585,79,7,0,143,0,4.94
fold2_room1_mix1585,80,7,0,150,0,5.54
fold2_room1_mix1585,81,7,0,155,0,6.72
fold2_room1_mix1585,82,7,0,158,0,7.77
fold2_room1_mix1585,83,7,0,160,0,8.30
fold2_room1_mix1585,84,7,0,163,0,10.02
fold2_room1_mix1585,85,7,0,165,0,11.08
fold2_room1_mix1585,86,7,0,167,0,12.35
fold2_room1_mix1585,87,7,0,168,0,13.28
fold2_room1_mix1585,88,7,0,169,0,14.71
fold2_room1_mix1585,89,7,0,170,0,16.19
fold2_room1_mix1585,90,7,0,170,0,16.61
fold2_room1_mix1585,91,7,0,170,0,17.53
fold2_room1_mix1585,92,7,0,171,0,18.44
fold2_room1_mix1585,93,7,0,171,0,19.24
fold2_room1_mix1585,94,7,0,171,0,19.33
fold2_room1_mix1585,95,7,0,172,0,21.32
fold2_room1_mix1585,96,7,0,172,0,22.72
fold2_room1_mix1585,97,7,0,172,0,23.17
fold2_room1_mix1585,98,7,0,173,0,25.84
fold2_room1_mix1585,99,7,0,173,0,26.64
fold2_room1_mix1586,3,7,0,0,0,9.31
fold2_room1_mix1586,4,7,0,1,0,22.03
fold2_room1_mix1586,5,7,0,2,0,30.71
fold2_room1_mix1586,6,7,0,2,0,29.82
fold2_room1_mix1586,7,7,0,2,0,33.94
fold2_room1_mix1586,8,7,0,2,0,43.91
fold2_room1_mix1586,9,7,0,2,0,40.45
fold2_room1_mix1586,10,7,0,1,0,39.71
fold2_room1_mix1586,11,7,0,2,0,37.72
fold2_room1_mix1586,12,7,0,2,0,39.73
fold2_room1_mix1586,13,7,0,2,0,37.96
fold2_room1_mix1586,14,7,0,1,0,40.44
fold2_room1_mix1586,15,7,0,2,0,37.89
fold2_room1_mix1586,16,7,0,2,0,36.17
fold2_room1_mix1586,17,7,0,2,0,35.64
fold2_room1_mix1586,18,7,0,2,0,34.17
fold2_room1_mix1586,19,7,0,2,0,35.30
fold2_room1_mix1586,20,7,0,2,0,34.44
fold2_room1_mix1586,21,7,0,1,0,36.73
fold2_room1_mix1586,22,7,0,1,0,35.12
fold2_room1_mix1586,23,7,0,1,0,32.62
fold2_room1_mix1586,24,7,0,1,0,35.17
fold2_room1_mix1586,25,7,0,0,0,35.39
fold2_room1_mix1586,26,7,0,0,0,34.69
fold2_room1_mix1586,27,7,0,0,0,34.15
fold2_room1_mix1586,28,7,0,0,0,36.11
fold2_room1_mix1586,29,7,0,0,0,35.14
fold2_room1_mix1586,30,7,0,-1,0,34.57
fold2_room1_mix1586,31,7,0,0,0,32.78
fold2_room1_mix1586,32,7,0,0,0,34.09
fold2_room1_mix1586,33,7,0,-1,0,32.61
fold2_room1_mix1586,34,7,0,-1,0,31.58
fold2_room1_mix1586,35,7,0,-1,0,31.52
fold2_room1_mix1586,36,7,0,-2,0,31.73
fold2_room1_mix1586,37,7,0,-1,0,31.51
fold2_room1_mix1586,38,7,0,-2,0,30.88
fold2_room1_mix1586,39,7,0,-1,0,30.22
fold2_room1_mix1586,40,7,0,-1,0,31.76
fold2_room1_mix1586,41,7,0,-1,0,29.31
fold2_room1_mix1586,42,7,0,-2,0,28.59
fold2_room1_mix1586,43,7,0,-2,0,27.24
fold2_room1_mix1586,44,7,0,-4,0,25.83
fold2_room1_mix1586,45,7,0,-6,0,23.18
fold2_room1_mix1586,46,7,0,-7,0,22.20
fold2_room1_mix1586,47,7,0,-8,0,21.14
fold2_room1_mix1586,48,7,0,-9,0,20.11
fold2_room1_mix1586,49,7,0,-9,0,19.47
fold2_room1_mix1586,50,7,0,-10,0,18.39
fold2_room1_mix1586,51,7,0,-11,0,17.46
fold2_room1_mix1586,52,7,0,-11,0,17.03
fold2_room1_mix1586,53,7,0,-12,0,16.35
fold2_room1_mix1586,54,7,0,-12,0,16.16
fold2_room1_mix1586,55,7,0,-12,0,15.21
fold2_room1_mix1586,56,7,0,-12,0,14.55
fold2_room1_mix1586,57,7,0,-13,0,13.96
fold2_room1_mix1586,58,7,0,-14,0,12.72
fold2_room1_mix1586,59,7,0,-16,0,12.05
fold2_room1_mix1586,60,7,0,-16,0,11.63
fold2_room1_mix1586,61,7,0,-19,0,10.79
fold2_room1_mix1586,62,7,0,-20,0,9.71
fold2_room1_mix1586,63,7,0,-23,-1,9.10
fold2_room1_mix1586,64,7,0,-23,-1,8.62
fold2_room1_mix1586,65,7,0,-26,-1,7.59
fold2_room1_mix1586,66,7,0,-27,-1,7.39
fold2_room1_mix1586,67,7,0,-31,-1,6.83
fold2_room1_mix1586,68,7,0,-33,-1,6.20
fold2_room1_mix1586,69,7,0,-36,-2,5.77
fold2_room1_mix1586,70,7,0,-40,-2,5.06
fold2_room1_mix1586,71,7,0,-43,-3,4.67
fold2_room1_mix1586,72,7,0,-48,-3,4.59
fold2_room1_mix1586,73,7,0,-56,-3,4.24
fold2_room1_mix1586,74,7,0,-64,-3,3.92
fold2_room1_mix1586,75,7,0,-76,-4,3.57
fold2_room1_mix1586,76,7,0,-89,-4,3.38
fold2_room1_mix1586,77,7,0,-104,-3,3.71
fold2_room1_mix1586,78,7,0,-117,-3,4.21
fold2_room1_mix1586,79,7,0,-126,-3,4.49
fold2_room1_mix1586,80,7,0,-133,-2,4.89
fold2_room1_mix1586,81,7,0,-141,-2,5.57
fold2_room1_mix1586,82,7,0,-143,-1,5.92
fold2_room1_mix1586,83,7,0,-148,-1,6.72
fold2_room1_mix1586,84,7,0,-150,-1,7.39
fold2_room1_mix1586,85,7,0,-152,-1,7.62
fold2_room1_mix1586,86,7,0,-153,-1,7.80
fold2_room1_mix1586,87,7,0,-155,-1,8.69
fold2_room1_mix1586,88,7,0,-156,-1,9.22
fold2_room1_mix1586,89,7,0,-158,-1,10.23
fold2_room1_mix1586,90,7,0,-158,-1,10.19
fold2_room1_mix1586,91,7,0,-160,-1,11.89
fold2_room1_mix1586,92,7,0,-161,-1,12.06
fold2_room1_mix1586,93,7,0,-161,-1,12.34
fold2_room1_mix1586,94,7,0,-162,0,13.44
fold2_room1_mix1586,95,7,0,-163,0,13.99
fold2_room1_mix1586,96,7,0,-164,0,14.97
fold2_room1_mix1586,97,7,0,-164,0,15.23
fold2_room1_mix1586,98,7,0,-165,0,15.63
fold2_room1_mix1586,99,7,0,-166,0,16.77
fold2_room1_mix1587,3,7,0,0,0,5.83
fold2_room1_mix1587,4,7,0,2,0,26.43
fold2_room1_mix1587,5,7,0,3,0,26.99
fold2_room1_mix1587,6,7,0,3,0,28.50
fold2_room1_mix1587,7,7,0,3,0,36.02
fold2_room1_mix1587,8,7,0,4,0,35.74
fold2_room1_mix1587,9,7,0,4,0,32.88
fold2_room1_mix1587,10,7,0,4,0,33.20
fold2_room1_mix1587,11,7,0,4,0,35.21
fold2_room1_mix1587,12,7,0,4,0,35.76
fold2_room1_mix1587,13,7,0,4,0,33.82
fold2_room1_mix1587,14,7,0,4,0,33.50
fold2_room1_mix1587,15,7,0,5,0,34.45
fold2_room1_mix1587,16,7,0,5,0,34.10
fold2_room1_mix1587,17,7,0,5,0,31.76
fold2_room1_mix1587,18,7,0,5,0,32.11
fold2_room1_mix1587,19,7,0,5,0,31.58
fold2_room1_mix1587,20,7,0,6,0,32.61
fold2_room1_mix1587,21,7,0,7,0,32.25
fold2_room1_mix1587,22,7,0,6,0,32.51
fold2_room1_mix1587,23,7,0,6,0,30.96
fold2_room1_mix1587,24,7,0,7,0,31.46
fold2_room1_mix1587,25,7,0,7,0,32.26
fold2_room1_mix1587,26,7,0,7,0,31.66
fold2_room1_mix1587,27,7,0,8,0,31.02
fold2_room1_mix1587,28,7,0,9,0,31.37
fold2_room1_mix1587,29,7,0,9,0,31.09
fold2_room1_mix1587,30,7,0,9,0,29.27
fold2_room1_mix1587,31,7,0,9,0,28.74
fold2_room1_mix1587,32,7,0,10,0,28.85
fold2_room1_mix1587,33,7,0,10,0,27.17
fold2_room1_mix1587,34,7,0,10,0,25.08
fold2_room1_mix1587,35,7,0,11,0,25.36
fold2_room1_mix1587,36,7,0,12,0,22.44
fold2_room1_mix1587,37,7,0,13,0,21.05
fold2_room1_mix1587,38,7,0,13,0,20.37
fold2_room1_mix1587,39,7,0,14,0,19.41
fold2_room1_mix1587,40,7,0,15,0,17.55
fold2_room1_mix1587,41,7,0,16,0,17.08
fold2_room1_mix1587,42,7,0,16,0,15.79
fold2_room1_mix1587,43,7,0,17,0,15.31
fold2_room1_mix1587,44,7,0,17,0,14.56
fold2_room1_mix1587,45,7,0,18,0,14.16
fold2_room1_mix1587,46,7,0,19,0,13.30
fold2_room1_mix1587,47,7,0,19,0,12.82
fold2_room1_mix1587,48,7,0,21,0,11.81
fold2_room1_mix1587,49,7,0,22,0,11.09
fold2_room1_mix1587,50,7,0,24,0,10.15
fold2_room1_mix1587,51,7,0,27,0,9.23
fold2_room1_mix1587,52,7,0,28,0,8.71
fold2_room1_mix1587,53,7,0,29,0,8.05
fold2_room1_mix1587,54,7,0,31,0,7.55
fold2_room1_mix1587,55,7,0,37,0,6.29
fold2_room1_mix1587,56,7,0,42,0,5.74
fold2_room1_mix1587,57,7,0,48,0,5.57
fold2_room1_mix1587,58,7,0,54,0,5.25
fold2_room1_mix1587,59,7,0,63,0,4.79
fold2_room1_mix1587,60,7,0,73,0,4.67
fold2_room1_mix1587,61,7,0,86,0,4.05
fold2_room1_mix1587,62,7,0,98,0,4.11
fold2_room1_mix1587,63,7,0,113,0,4.32
fold2_room1_mix1587,64,7,0,122,0,4.94
fold2_room1_mix1587,65,7,0,130,0,5.44
fold2_room1_mix1587,66,7,0,138,0,6.12
fold2_room1_mix1587,67,7,0,140,0,6.77
fold2_room1_mix1587,68,7,0,145,0,7.18
fold2_room1_mix1587,69,7,0,148,0,7.73
fold2_room1_mix1587,70,7,0,150,0,8.46
fold2_room1_mix1587,71,7,0,153,0,9.23
fold2_room1_mix1587,72,7,0,155,0,9.97
fold2_room1_mix1587,73,7,0,156,0,10.26
fold2_room1_mix1587,74,7,0,157,0,10.88
fold2_room1_mix1587,75,7,0,158,0,11.54
fold2_room1_mix1587,76,7,0,160,0,12.13
fold2_room1_mix1587,77,7,0,161,0,13.12
fold2_room1_mix1587,78,7,0,161,0,13.87
fold2_room1_mix1587,79,7,0,162,0,14.51
fold2_room1_mix1587,80,7,0,164,0,15.13
fold2_room1_mix1587,81,7,0,164,0,15.97
fold2_room1_mix1587,82,7,0,164,0,16.14
fold2_room1_mix1587,83,7,0,165,0,17.43
fold2_room1_mix1587,84,7,0,165,0,17.45
fold2_room1_mix1587,85,7,0,167,0,18.57
fold2_room1_mix1587,86,7,0,168,0,19.35
fold2_room1_mix1587,87,7,0,168,0,19.93
fold2_room1_mix1587,88,7,0,169,0,20.70
fold2_room1_mix1587,89,7,0,169,0,22.48
fold2_room1_mix1587,90,7,0,169,0,22.63
fold2_room1_mix1587,91,7,0,170,0,24.63
fold2_room1_mix1587,92,7,0,170,0,24.88
fold2_room1_mix1587,93,7,0,170,0,25.34
fold2_room1_mix1587,94,7,0,170,0,26.92
fold2_room1_mix1587,95,7,0,170,0,28.18
fold2_room1_mix1587,96,7,0,171,0,28.78
fold2_room1_mix1587,97,7,0,171,0,29.11
fold2_room1_mix1587,98,7,0,171,0,30.29
fold2_room1_mix1587,99,7,0,171,0,30.94
fold2_room1_mix1588,1,7,0,0,0,6.63
fold2_room1_mix1588,2,7,0,0,0,20.77
fold2_room1_mix1588,3,7,0,2,0,26.15
fold2_room1_mix1588,4,7,0,2,0,31.56
fold2_room1_mix1588,5,7,0,2,0,33.57
fold2_room1_mix1588,6,7,0,2,0,37.27
fold2_room1_mix1588,7,7,0,2,0,42.82
fold2_room1_mix1588,8,7,0,2,0,43.96
fold2_room1_mix1588,9,7,0,2,0,43.24
fold2_room1_mix1588,10,7,0,2,0,43.25
fold2_room1_mix1588,11,7,0,2,0,44.84
fold2_room1_mix1588,12,7,0,3,0,45.79
fold2_room1_mix1588,13,7,0,3,0,48.16
fold2_room1_mix1588,14,7,0,3,0,46.00
fold2_room1_mix1588,15,7,0,3,0,47.28
fold2_room1_mix1588,16,7,0,3,0,43.81
fold2_room1_mix1588,17,7,0,3,0,45.40
fold2_room1_mix1588,18,7,0,4,0,42.40
fold2_room1_mix1588,19,7,0,3,0,42.64
fold2_room1_mix1588,20,7,0,3,0,42.10
fold2_room1_mix1588,21,7,0,4,0,40.87
fold2_room1_mix1588,22,7,0,4,0,38.97
fold2_room1_mix1588,23,7,0,4,0,39.69
fold2_room1_mix1588,24,7,0,4,0,37.35
fold2_room1_mix1588,25,7,0,3,0,36.78
fold2_room1_mix1588,26,7,0,4,0,35.08
fold2_room1_mix1588,27,7,0,4,0,35.56
fold2_room1_mix1588,28,7,0,4,0,35.40
fold2_room1_mix1588,29,7,0,5,0,33.10
fold2_room1_mix1588,30,7,0,4,0,33.99
fold2_room1_mix1588,31,7,0,5,0,33.14
fold2_room1_mix1588,32,7,0,6,0,31.97
fold2_room1_mix1588,33,7,0,6,0,31.86
fold2_room1_mix1588,34,7,0,7,0,29.60
fold2_room1_mix1588,35,7,0,7,0,28.97
fold2_room1_mix1588,36,7,0,8,0,28.28
fold2_room1_mix1588,37,7,0,8,0,27.09
fold2_room1_mix1588,38,7,0,9,0,25.15
fold2_room1_mix1588,39,7,0,9,0,24.19
fold2_room1_mix1588,40,7,0,10,0,22.89
fold2_room1_mix1588,41,7,0,10,0,22.41
fold2_room1_mix1588,42,7,0,10,0,21.25
fold2_room1_mix1588,43,7,0,11,0,19.83
fold2_room1_mix1588,44,7,0,12,0,19.26
fold2_room1_mix1588,45,7,0,13,0,18.99
fold2_room1_mix1588,46,7,0,13,0,17.88
fold2_room1_mix1588,47,7,0,14,0,17.24
fold2_room1_mix1588,48,7,0,14,0,16.52
fold2_room1_mix1588,49,7,0,15,0,15.77
fold2_room1_mix1588,50,7,0,15,0,15.52
fold2_room1_mix1588,51,7,0,16,0,13.46
fold2_room1_mix1588,52,7,0,18,0,12.12
fold2_room1_mix1588,53,7,0,18,0,11.53
fold2_room1_mix1588,54,7,0,20,0,10.69
fold2_room1_mix1588,55,7,0,22,0,9.59
fold2_room1_mix1588,56,7,0,23,0,8.78
fold2_room1_mix1588,57,7,0,27,-1,7.69
fold2_room1_mix1588,58,7,0,34,-1,6.19
fold2_room1_mix1588,59,7,0,37,-1,5.35
fold2_room1_mix1588,60,7,0,45,-1,4.65
fold2_room1_mix1588,61,7,0,57,-1,4.47
fold2_room1_mix1588,62,7,0,75,0,3.94
fold2_room1_mix1588,63,7,0,88,-1,3.72
fold2_room1_mix1588,64,7,0,107,0,3.80
fold2_room1_mix1588,65,7,0,121,0,4.28
fold2_room1_mix1588,66,7,0,134,0,5.30
fold2_room1_mix1588,67,7,0,138,0,5.65
fold2_room1_mix1588,68,7,0,146,0,6.42
fold2_room1_mix1588,69,7,0,149,0,7.03
fold2_room1_mix1588,70,7,0,152,0,7.90
fold2_room1_mix1588,71,7,0,155,0,8.48
fold2_room1_mix1588,72,7,0,157,0,9.30
fold2_room1_mix1588,73,7,0,159,0,10.13
fold2_room1_mix1588,74,7,0,161,0,11.37
fold2_room1_mix1588,75,7,0,163,0,11.75
fold2_room1_mix1588,76,7,0,164,0,12.71
fold2_room1_mix1588,77,7,0,165,0,13.74
fold2_room1_mix1588,78,7,0,166,0,14.95
fold2_room1_mix1588,79,7,0,167,0,15.86
fold2_room1_mix1588,80,7,0,167,0,16.89
fold2_room1_mix1588,81,7,0,168,0,16.95
fold2_room1_mix1588,82,7,0,167,0,18.18
fold2_room1_mix1588,83,7,0,168,0,18.53
fold2_room1_mix1588,84,7,0,168,0,19.58
fold2_room1_mix1588,85,7,0,169,0,20.20
fold2_room1_mix1588,86,7,0,170,0,21.29
fold2_room1_mix1588,87,7,0,170,0,21.83
fold2_room1_mix1588,88,7,0,170,0,22.21
fold2_room1_mix1588,89,7,0,170,0,23.70
fold2_room1_mix1588,90,7,0,171,0,24.66
fold2_room1_mix1588,91,7,0,171,0,25.82
fold2_room1_mix1588,92,7,0,172,0,27.31
fold2_room1_mix1588,93,7,0,172,0,28.82
fold2_room1_mix1588,94,7,0,172,0,28.12
fold2_room1_mix1588,95,7,0,172,0,30.75
fold2_room1_mix1588,96,7,0,173,0,32.07
fold2_room1_mix1588,97,7,0,173,0,33.49
fold2_room1_mix1588,98,7,0,173,0,33.39
fold2_room1_mix1588,99,7,0,173,0,34.55
fold2_room1_mix1589,3,7,0,-179,0,16.68
fold2_room1_mix1589,4,7,0,178,0,35.48
fold2_room1_mix1589,5,7,0,178,0,40.84
fold2_room1_mix1589,6,7,0,179,0,41.77
fold2_room1_mix1589,7,7,0,179,0,44.74
fold2_room1_mix1589,8,7,0,178,0,54.53
fold2_room1_mix1589,9,7,0,178,0,55.57
fold2_room1_mix1589,10,7,0,179,0,52.82
fold2_room1_mix1589,11,7,0,178,0,57.00
fold2_room1_mix1589,12,7,0,178,0,58.07
fold2_room1_mix1589,13,7,0,179,0,52.69
fold2_room1_mix1589,14,7,0,178,0,52.70
fold2_room1_mix1589,15,7,0,179,0,50.32
fold2_room1_mix1589,16,7,0,179,0,48.17
fold2_room1_mix1589,17,7,0,179,0,47.47
fold2_room1_mix1589,18,7,0,179,0,47.73
fold2_room1_mix1589,19,7,0,179,0,46.58
fold2_room1_mix1589,20,7,0,178,0,47.26
fold2_room1_mix1589,21,7,0,178,0,47.09
fold2_room1_mix1589,22,7,0,178,0,43.81
fold2_room1_mix1589,23,7,0,178,0,41.89
fold2_room1_mix1589,24,7,0,177,0,42.21
fold2_room1_mix1589,25,7,0,178,0,40.39
fold2_room1_mix1589,26,7,0,177,0,40.22
fold2_room1_mix1589,27,7,0,177,0,37.48
fold2_room1_mix1589,28,7,0,177,0,36.92
fold2_room1_mix1589,29,7,0,176,0,35.28
fold2_room1_mix1589,30,7,0,176,0,33.45
fold2_room1_mix1589,31,7,0,176,0,34.09
fold2_room1_mix1589,32,7,0,176,0,32.74
fold2_room1_mix1589,33,7,0,175,0,29.56
fold2_room1_mix1589,34,7,0,174,0,29.83
fold2_room1_mix1589,35,7,0,174,0,29.23
fold2_room1_mix1589,36,7,0,174,0,27.40
fold2_room1_mix1589,37,7,0,173,0,24.97
fold2_room1_mix1589,38,7,0,172,0,21.94
fold2_room1_mix1589,39,7,0,171,0,20.45
fold2_room1_mix1589,40,7,0,170,0,19.68
fold2_room1_mix1589,41,7,0,168,0,17.91
fold2_room1_mix1589,42,7,0,167,0,16.47
fold2_room1_mix1589,43,7,0,166,0,14.82
fold2_room1_mix1589,44,7,0,163,0,13.21
fold2_room1_mix1589,45,7,0,161,-1,11.23
fold2_room1_mix1589,46,7,0,157,0,10.22
fold2_room1_mix1589,47,7,0,153,0,8.89
fold2_room1_mix1589,48,7,0,149,-1,7.85
fold2_room1_mix1589,49,7,0,142,0,6.11
fold2_room1_mix1589,50,7,0,127,0,5.17
fold2_room1_mix1589,51,7,0,105,0,4.58
fold2_room1_mix1589,52,7,0,83,0,4.50
fold2_room1_mix1589,53,7,0,60,0,4.94
fold2_room1_mix1589,54,7,0,50,0,5.62
fold2_room1_mix1589,55,7,0,38,0,6.46
fold2_room1_mix1589,56,7,0,33,0,7.95
fold2_room1_mix1589,57,7,0,28,0,8.64
fold2_room1_mix1589,58,7,0,25,0,9.41
fold2_room1_mix1589,59,7,0,23,0,11.23
fold2_room1_mix1589,60,7,0,19,0,12.91
fold2_room1_mix1589,61,7,0,18,0,13.50
fold2_room1_mix1589,62,7,0,15,0,15.48
fold2_room1_mix1589,63,7,0,14,0,16.48
fold2_room1_mix1589,64,7,0,14,0,17.86
fold2_room1_mix1589,65,7,0,12,0,19.67
fold2_room1_mix1589,66,7,0,12,0,20.66
fold2_room1_mix1589,67,7,0,11,0,21.32
fold2_room1_mix1589,68,7,0,10,0,23.20
fold2_room1_mix1589,69,7,0,10,0,23.83
fold2_room1_mix1589,70,7,0,9,0,26.43
fold2_room1_mix1589,71,7,0,9,0,27.64
fold2_room1_mix1589,72,7,0,9,0,30.80
fold2_room1_mix1589,73,7,0,9,0,31.29
fold2_room1_mix1589,74,7,0,9,0,32.11
fold2_room1_mix1589,75,7,0,8,0,34.07
fold2_room1_mix1589,76,7,0,8,0,36.76
fold2_room1_mix1589,77,7,0,8,0,35.45
fold2_room1_mix1589,78,7,0,8,0,37.79
fold2_room1_mix1589,79,7,0,7,0,38.14
fold2_room1_mix1589,80,7,0,7,0,38.89
fold2_room1_mix1589,81,7,0,7,0,39.68
fold2_room1_mix1589,82,7,0,7,0,42.80
fold2_room1_mix1589,83,7,0,7,0,43.15
fold2_room1_mix1589,84,7,0,6,0,45.59
fold2_room1_mix1589,85,7,0,7,0,47.92
fold2_room1_mix1589,86,7,0,6,0,49.19
fold2_room1_mix1589,87,7,0,7,0,48.72
fold2_room1_mix1589,88,7,0,7,0,53.20
fold2_room1_mix1589,89,7,0,7,0,51.15
fold2_room1_mix1589,90,7,0,7,0,53.06
fold2_room1_mix1589,91,7,0,6,0,58.46
fold2_room1_mix1589,92,7,0,6,0,60.47
fold2_room1_mix1589,93,7,0,6,0,58.95
fold2_room1_mix1589,94,7,0,6,0,60.84
fold2_room1_mix1589,95,7,0,6,0,62.56
fold2_room1_mix1589,96,7,0,6,0,62.31
fold2_room1_mix1589,97,7,0,6,0,63.77
fold2_room1_mix1589,98,7,0,6,0,68.55
fold2_room1_mix1589,99,7,0,5,0,66.73
fold2_room1_mix1590,4,7,0,-177,0,23.01
fold2_room1_mix1590,5,7,0,-177,0,27.62
fold2_room1_mix1590,6,7,0,-178,0,33.27
fold2_room1_mix1590,7,7,0,-177,0,33.65
fold2_room1_mix1590,8,7,0,-177,0,36.79
fold2_room1_mix1590,9,7,0,-177,0,35.96
fold2_room1_mix1590,10,7,0,-177,0,33.37
fold2_room1_mix1590,11,7,0,-177,0,36.70
fold2_room1_mix1590,12,7,0,-177,0,36.45
fold2_room1_mix1590,13,7,0,-176,0,33.10
fold2_room1_mix1590,14,7,0,-176,0,33.66
fold2_room1_mix1590,15,7,0,-176,0,33.07
fold2_room1_mix1590,16,7,0,-176,0,31.51
fold2_room1_mix1590,17,7,0,-176,0,31.59
fold2_room1_mix1590,18,7,0,-175,0,31.52
fold2_room1_mix1590,19,7,0,-176,0,30.64
fold2_room1_mix1590,20,7,0,-175,0,30.09
fold2_room1_mix1590,21,7,0,-174,0,28.68
fold2_room1_mix1590,22,7,0,-174,0,27.49
fold2_room1_mix1590,23,7,0,-172,0,25.81
fold2_room1_mix1590,24,7,0,-173,0,25.22
fold2_room1_mix1590,25,7,0,-172,0,25.19
fold2_room1_mix1590,26,7,0,-172,0,24.05
fold2_room1_mix1590,27,7,0,-170,0,22.74
fold2_room1_mix1590,28,7,0,-170,0,21.89
fold2_room1_mix1590,29,7,0,-170,-1,20.69
fold2_room1_mix1590,30,7,0,-169,-1,19.54
fold2_room1_mix1590,31,7,0,-169,-1,18.67
fold2_room1_mix1590,32,7,0,-168,-1,17.42
fold2_room1_mix1590,33,7,0,-166,-1,15.20
fold2_room1_mix1590,34,7,0,-165,-1,14.74
fold2_room1_mix1590,35,7,0,-164,-1,13.02
fold2_room1_mix1590,36,7,0,-161,-1,10.48
fold2_room1_mix1590,37,7,0,-159,-1,9.61
fold2_room1_mix1590,38,7,0,-157,-1,8.81
fold2_room1_mix1590,39,7,0,-152,-1,7.41
fold2_room1_mix1590,40,7,0,-147,-1,6.54
fold2_room1_mix1590,41,7,0,-139,-2,5.06
fold2_room1_mix1590,42,7,0,-133,-2,4.67
fold2_room1_mix1590,43,7,0,-119,-2,3.57
fold2_room1_mix1590,44,7,0,-95,-3,3.26
fold2_room1_mix1590,45,7,0,-78,-2,3.72
fold2_room1_mix1590,46,7,0,-52,-2,4.64
fold2_room1_mix1590,47,7,0,-44,-1,5.21
fold2_room1_mix1590,48,7,0,-38,-1,6.06
fold2_room1_mix1590,49,7,0,-31,-1,6.92
fold2_room1_mix1590,50,7,0,-28,-1,7.62
fold2_room1_mix1590,51,7,0,-23,0,8.69
fold2_room1_mix1590,52,7,0,-21,0,10.26
fold2_room1_mix1590,53,7,0,-20,0,10.61
fold2_room1_mix1590,54,7,0,-17,0,12.21
fold2_room1_mix1590,55,7,0,-16,0,13.10
fold2_room1_mix1590,56,7,0,-14,0,14.54
fold2_room1_mix1590,57,7,0,-11,0,16.18
fold2_room1_mix1590,58,7,0,-11,0,17.99
fold2_room1_mix1590,59,7,0,-10,0,18.07
fold2_room1_mix1590,60,7,0,-9,0,19.18
fold2_room1_mix1590,61,7,0,-9,0,19.58
fold2_room1_mix1590,62,7,0,-9,0,21.75
fold2_room1_mix1590,63,7,0,-7,0,23.63
fold2_room1_mix1590,64,7,0,-6,0,25.23
fold2_room1_mix1590,65,7,0,-6,0,27.61
fold2_room1_mix1590,66,7,0,-5,0,29.22
fold2_room1_mix1590,67,7,0,-5,0,30.08
fold2_room1_mix1590,68,7,0,-5,0,31.33
fold2_room1_mix1590,69,7,0,-4,0,31.18
fold2_room1_mix1590,70,7,0,-3,0,33.85
fold2_room1_mix1590,71,7,0,-4,0,34.56
fold2_room1_mix1590,72,7,0,-3,0,35.61
fold2_room1_mix1590,73,7,0,-3,0,36.46
fold2_room1_mix1590,74,7,0,-3,0,36.88
fold2_room1_mix1590,75,7,0,-3,0,38.34
fold2_room1_mix1590,76,7,0,-3,0,38.97
fold2_room1_mix1590,77,7,0,-3,0,39.46
fold2_room1_mix1590,78,7,0,-2,0,42.12
fold2_room1_mix1590,79,7,0,-3,0,42.56
fold2_room1_mix1590,80,7,0,-3,0,43.01
fold2_room1_mix1590,81,7,0,-3,0,43.15
fold2_room1_mix1590,82,7,0,-3,0,43.96
fold2_room1_mix1590,83,7,0,-2,0,46.65
fold2_room1_mix1590,84,7,0,-3,0,47.06
fold2_room1_mix1590,85,7,0,-2,0,49.75
fold2_room1_mix1590,86,7,0,-2,0,51.25
fold2_room1_mix1590,87,7,0,-2,0,51.97
fold2_room1_mix1590,88,7,0,-2,0,53.68
fold2_room1_mix1590,89,7,0,-2,0,53.95
fold2_room1_mix1590,90,7,0,-2,0,56.92
fold2_room1_mix1590,91,7,0,-2,0,58.81
fold2_room1_mix1590,92,7,0,-2,0,58.35
fold2_room1_mix1590,93,7,0,-2,0,56.80
fold2_room1_mix1590,94,7,0,-2,0,58.52
fold2_room1_mix1590,95,7,0,-2,0,58.79
fold2_room1_mix1590,96,7,0,-2,0,60.39
fold2_room1_mix1590,97,7,0,-3,0,60.52
fold2_room1_mix1590,98,7,0,-3,0,63.91
fold2_room1_mix1590,99,7,0,-3,0,64.09
fold2_room1_mix1591,3,7,0,-178,0,13.50
fold2_room1_mix1591,4,7,0,179,0,20.48
fold2_room1_mix1591,5,7,0,178,0,39.43
fold2_room1_mix1591,6,7,0,178,0,46.50
fold2_room1_mix1591,7,7,0,179,0,52.51
fold2_room1_mix1591,8,7,0,179,0,54.25
fold2_room1_mix1591,9,7,0,-179,0,58.41
fold2_room1_mix1591,10,7,0,-178,0,54.62
fold2_room1_mix1591,11,7,0,-179,0,58.52
fold2_room1_mix1591,12,7,0,-179,0,60.74
fold2_room1_mix1591,13,7,0,-179,0,61.06
fold2_room1_mix1591,14,7,0,-178,0,60.95
fold2_room1_mix1591,15,7,0,-179,0,67.59
fold2_room1_mix1591,16,7,0,-179,0,63.19
fold2_room1_mix1591,17,7,0,-179,0,59.58
fold2_room1_mix1591,18,7,0,-179,0,64.65
fold2_room1_mix1591,19,7,0,-179,0,59.96
fold2_room1_mix1591,20,7,0,-179,0,60.56
fold2_room1_mix1591,21,7,0,-179,0,58.45
fold2_room1_mix1591,22,7,0,-179,0,63.36
fold2_room1_mix1591,23,7,0,-179,0,61.60
fold2_room1_mix1591,24,7,0,-178,0,60.27
fold2_room1_mix1591,25,7,0,-178,0,67.79
fold2_room1_mix1591,26,7,0,-179,0,63.49
fold2_room1_mix1591,27,7,0,-179,0,62.45
fold2_room1_mix1591,28,7,0,-179,0,62.65
fold2_room1_mix1591,29,7,0,-177,0,56.59
fold2_room1_mix1591,30,7,0,-179,0,62.58
fold2_room1_mix1591,31,7,0,179,0,63.04
fold2_room1_mix1591,32,7,0,-178,0,62.22
fold2_room1_mix1591,33,7,0,-178,0,58.99
fold2_room1_mix1591,34,7,0,-178,0,56.12
fold2_room1_mix1591,35,7,0,-179,0,57.70
fold2_room1_mix1591,36,7,0,-179,0,55.66
fold2_room1_mix1591,37,7,0,-178,0,54.56
fold2_room1_mix1591,38,7,0,-177,0,51.12
fold2_room1_mix1591,39,7,0,-178,0,50.32
fold2_room1_mix1591,40,7,0,-177,0,47.75
fold2_room1_mix1591,41,7,0,-177,0,47.36
fold2_room1_mix1591,42,7,0,-178,0,46.51
fold2_room1_mix1591,43,7,0,-177,0,47.82
fold2_room1_mix1591,44,7,0,-177,0,49.48
fold2_room1_mix1591,45,7,0,-177,0,48.83
fold2_room1_mix1591,46,7,0,-176,0,43.58
fold2_room1_mix1591,47,7,0,-176,0,40.64
fold2_room1_mix1591,48,7,0,-176,0,42.10
fold2_room1_mix1591,49,7,0,-173,0,35.35
fold2_room1_mix1591,50,7,0,-174,0,34.49
fold2_room1_mix1591,51,7,0,-172,0,33.07
fold2_room1_mix1591,52,7,0,-172,0,29.85
fold2_room1_mix1591,53,7,0,-172,0,28.37
fold2_room1_mix1591,54,7,0,-170,0,26.92
fold2_room1_mix1591,55,7,0,-172,0,26.90
fold2_room1_mix1591,56,7,0,-170,0,24.35
fold2_room1_mix1591,57,7,0,-168,0,22.70
fold2_room1_mix1591,58,7,0,-166,0,20.62
fold2_room1_mix1591,59,7,0,-166,-1,19.52
fold2_room1_mix1591,60,7,0,-165,-1,16.43
fold2_room1_mix1591,61,7,0,-164,-1,15.49
fold2_room1_mix1591,62,7,0,-162,-1,13.57
fold2_room1_mix1591,63,7,0,-162,-1,12.91
fold2_room1_mix1591,64,7,0,-160,-1,11.05
fold2_room1_mix1591,65,7,0,-160,-1,10.33
fold2_room1_mix1591,66,7,0,-154,-1,8.32
fold2_room1_mix1591,67,7,0,-147,-1,7.11
fold2_room1_mix1591,68,7,0,-140,-1,5.59
fold2_room1_mix1591,69,7,0,-129,-2,4.39
fold2_room1_mix1591,70,7,0,-117,-3,4.11
fold2_room1_mix1591,71,7,0,-92,-4,3.55
fold2_room1_mix1591,72,7,0,-73,-3,3.99
fold2_room1_mix1591,73,7,0,-57,-2,4.61
fold2_room1_mix1591,74,7,0,-45,-2,5.28
fold2_room1_mix1591,75,7,0,-37,-1,6.35
fold2_room1_mix1591,76,7,0,-30,-1,7.60
fold2_room1_mix1591,77,7,0,-27,-1,8.78
fold2_room1_mix1591,78,7,0,-21,0,9.83
fold2_room1_mix1591,79,7,0,-19,0,11.71
fold2_room1_mix1591,80,7,0,-16,0,13.14
fold2_room1_mix1591,81,7,0,-14,0,14.12
fold2_room1_mix1591,82,7,0,-14,0,15.21
fold2_room1_mix1591,83,7,0,-11,0,17.55
fold2_room1_mix1591,84,7,0,-10,0,18.70
fold2_room1_mix1591,85,7,0,-10,0,20.92
fold2_room1_mix1591,86,7,0,-8,0,21.50
fold2_room1_mix1591,87,7,0,-7,0,21.75
fold2_room1_mix1591,88,7,0,-8,0,25.33
fold2_room1_mix1591,89,7,0,-6,0,28.37
fold2_room1_mix1591,90,7,0,-5,0,28.28
fold2_room1_mix1591,91,7,0,-5,0,30.02
fold2_room1_mix1591,92,7,0,-4,0,32.47
fold2_room1_mix1591,93,7,0,-5,0,33.77
fold2_room1_mix1591,94,7,0,-3,0,35.45
fold2_room1_mix1591,95,7,0,-3,0,37.40
fold2_room1_mix1591,96,7,0,-2,0,40.07
fold2_room1_mix1591,97,7,0,-2,0,41.20
fold2_room1_mix1591,98,7,0,-2,0,42.43
fold2_room1_mix1591,99,7,0,-2,0,45.92
fold2_room1_mix1592,3,7,0,-179,0,11.93
fold2_room1_mix1592,4,7,0,-179,0,24.60
fold2_room1_mix1592,5,7,0,178,0,29.55
fold2_room1_mix1592,6,7,0,179,0,34.05
fold2_room1_mix1592,7,7,0,179,0,36.60
fold2_room1_mix1592,8,7,0,179,0,40.60
fold2_room1_mix1592,9,7,0,-179,0,38.46
fold2_room1_mix1592,10,7,0,179,0,36.87
fold2_room1_mix1592,11,7,0,179,0,37.65
fold2_room1_mix1592,12,7,0,179,0,39.81
fold2_room1_mix1592,13,7,0,179,0,35.37
fold2_room1_mix1592,14,7,0,178,0,34.36
fold2_room1_mix1592,15,7,0,179,0,36.42
fold2_room1_mix1592,16,7,0,178,0,34.35
fold2_room1_mix1592,17,7,0,179,0,34.15
fold2_room1_mix1592,18,7,0,178,0,32.61
fold2_room1_mix1592,19,7,0,176,0,32.73
fold2_room1_mix1592,20,7,0,176,0,35.04
fold2_room1_mix1592,21,7,0,176,0,32.67
fold2_room1_mix1592,22,7,0,176,0,30.56
fold2_room1_mix1592,23,7,0,176,0,31.44
fold2_room1_mix1592,24,7,0,175,0,30.21
fold2_room1_mix1592,25,7,0,175,0,29.33
fold2_room1_mix1592,26,7,0,176,0,29.63
fold2_room1_mix1592,27,7,0,175,0,30.41
fold2_room1_mix1592,28,7,0,174,0,28.33
fold2_room1_mix1592,29,7,0,173,0,27.85
fold2_room1_mix1592,30,7,0,172,0,28.03
fold2_room1_mix1592,31,7,0,172,0,27.61
fold2_room1_mix1592,32,7,0,172,0,27.16
fold2_room1_mix1592,33,7,0,171,0,26.43
fold2_room1_mix1592,34,7,0,171,0,25.15
fold2_room1_mix1592,35,7,0,170,0,24.74
fold2_room1_mix1592,36,7,0,172,0,24.00
fold2_room1_mix1592,37,7,0,171,0,22.98
fold2_room1_mix1592,38,7,0,171,0,22.14
fold2_room1_mix1592,39,7,0,170,0,21.04
fold2_room1_mix1592,40,7,0,169,0,19.10
fold2_room1_mix1592,41,7,0,170,0,18.79
fold2_room1_mix1592,42,7,0,169,0,17.87
fold2_room1_mix1592,43,7,0,168,0,17.56
fold2_room1_mix1592,44,7,0,167,0,17.15
fold2_room1_mix1592,45,7,0,166,0,16.90
fold2_room1_mix1592,46,7,0,164,-1,15.44
fold2_room1_mix1592,47,7,0,164,0,15.07
fold2_room1_mix1592,48,7,0,164,-1,13.88
fold2_room1_mix1592,49,7,0,162,-1,13.30
fold2_room1_mix1592,50,7,0,160,-1,12.46
fold2_room1_mix1592,51,7,0,158,-1,11.63
fold2_room1_mix1592,52,7,0,157,-1,10.34
fold2_room1_mix1592,53,7,0,156,-1,9.80
fold2_room1_mix1592,54,7,0,152,-1,8.08
fold2_room1_mix1592,55,7,0,150,-1,8.03
fold2_room1_mix1592,56,7,0,146,0,7.03
fold2_room1_mix1592,57,7,0,143,-1,6.19
fold2_room1_mix1592,58,7,0,134,0,5.39
fold2_room1_mix1592,59,7,0,127,0,4.58
fold2_room1_mix1592,60,7,0,116,0,4.76
fold2_room1_mix1592,61,7,0,99,0,4.51
fold2_room1_mix1592,62,7,0,90,0,4.40
fold2_room1_mix1592,63,7,0,77,0,4.66
fold2_room1_mix1592,64,7,0,62,0,4.99
fold2_room1_mix1592,65,7,0,56,0,5.35
fold2_room1_mix1592,66,7,0,47,0,5.69
fold2_room1_mix1592,67,7,0,38,0,6.33
fold2_room1_mix1592,68,7,0,35,0,7.03
fold2_room1_mix1592,69,7,0,32,0,7.99
fold2_room1_mix1592,70,7,0,29,0,8.38
fold2_room1_mix1592,71,7,0,27,0,9.12
fold2_room1_mix1592,72,7,0,24,0,9.94
fold2_room1_mix1592,73,7,0,23,0,10.75
fold2_room1_mix1592,74,7,0,23,0,10.76
fold2_room1_mix1592,75,7,0,21,0,12.47
fold2_room1_mix1592,76,7,0,19,0,13.49
fold2_room1_mix1592,77,7,0,18,0,14.13
fold2_room1_mix1592,78,7,0,17,0,15.26
fold2_room1_mix1592,79,7,0,16,0,16.46
fold2_room1_mix1592,80,7,0,15,0,17.31
fold2_room1_mix1592,81,7,0,15,0,18.45
fold2_room1_mix1592,82,7,0,14,0,19.27
fold2_room1_mix1592,83,7,0,14,0,19.55
fold2_room1_mix1592,84,7,0,13,0,20.76
fold2_room1_mix1592,85,7,0,12,0,21.52
fold2_room1_mix1592,86,7,0,11,0,22.07
fold2_room1_mix1592,87,7,0,10,0,23.63
fold2_room1_mix1592,88,7,0,11,0,25.17
fold2_room1_mix1592,89,7,0,10,0,26.25
fold2_room1_mix1592,90,7,0,10,0,27.12
fold2_room1_mix1592,91,7,0,10,0,28.10
fold2_room1_mix1592,92,7,0,10,0,28.52
fold2_room1_mix1592,93,7,0,10,0,28.86
fold2_room1_mix1592,94,7,0,10,0,30.37
fold2_room1_mix1592,95,7,0,10,0,31.67
fold2_room1_mix1592,96,7,0,9,0,32.11
fold2_room1_mix1592,97,7,0,9,0,32.79
fold2_room1_mix1592,98,7,0,9,0,32.60
fold2_room1_mix1592,99,7,0,9,0,33.97
fold2_room1_mix1593,2,7,0,1,0,11.57
fold2_room1_mix1593,3,7,0,0,0,12.25
fold2_room1_mix1593,4,7,0,2,0,30.15
fold2_room1_mix1593,5,7,0,2,0,36.77
fold2_room1_mix1593,6,7,0,1,0,35.94
fold2_room1_mix1593,7,7,0,2,0,44.71
fold2_room1_mix1593,8,7,0,2,0,48.87
fold2_room1_mix1593,9,7,0,2,0,47.20
fold2_room1_mix1593,10,7,0,1,0,47.71
fold2_room1_mix1593,11,7,0,2,0,60.43
fold2_room1_mix1593,12,7,0,2,0,64.78
fold2_room1_mix1593,13,7,0,2,0,54.64
fold2_room1_mix1593,14,7,0,2,0,55.10
fold2_room1_mix1593,15,7,0,2,0,58.61
fold2_room1_mix1593,16,7,0,1,0,56.09
fold2_room1_mix1593,17,7,0,2,0,57.22
fold2_room1_mix1593,18,7,0,2,0,54.41
fold2_room1_mix1593,19,7,0,2,0,52.01
fold2_room1_mix1593,20,7,0,2,0,49.98
fold2_room1_mix1593,21,7,0,3,0,51.23
fold2_room1_mix1593,22,7,0,3,0,50.10
fold2_room1_mix1593,23,7,0,2,0,46.64
fold2_room1_mix1593,24,7,0,2,0,52.19
fold2_room1_mix1593,25,7,0,3,0,48.52
fold2_room1_mix1593,26,7,0,2,0,46.91
fold2_room1_mix1593,27,7,0,2,0,49.36
fold2_room1_mix1593,28,7,0,3,0,48.78
fold2_room1_mix1593,29,7,0,3,0,45.34
fold2_room1_mix1593,30,7,0,3,0,43.19
fold2_room1_mix1593,31,7,0,3,0,45.64
fold2_room1_mix1593,32,7,0,3,0,42.19
fold2_room1_mix1593,33,7,0,3,0,39.18
fold2_room1_mix1593,34,7,0,4,0,38.22
fold2_room1_mix1593,35,7,0,3,0,38.03
fold2_room1_mix1593,36,7,0,2,0,35.55
fold2_room1_mix1593,37,7,0,4,0,34.62
fold2_room1_mix1593,38,7,0,3,0,33.67
fold2_room1_mix1593,39,7,0,5,0,31.07
fold2_room1_mix1593,40,7,0,4,0,33.71
fold2_room1_mix1593,41,7,0,6,0,28.25
fold2_room1_mix1593,42,7,0,6,0,26.36
fold2_room1_mix1593,43,7,0,7,0,26.43
fold2_room1_mix1593,44,7,0,9,0,24.27
fold2_room1_mix1593,45,7,0,8,0,23.82
fold2_room1_mix1593,46,7,0,9,0,21.37
fold2_room1_mix1593,47,7,0,10,0,19.69
fold2_room1_mix1593,48,7,0,12,0,17.47
fold2_room1_mix1593,49,7,0,11,0,15.91
fold2_room1_mix1593,50,7,0,11,0,15.61
fold2_room1_mix1593,51,7,0,12,0,14.02
fold2_room1_mix1593,52,7,0,15,0,12.43
fold2_room1_mix1593,53,7,0,16,0,10.86
fold2_room1_mix1593,54,7,0,17,0,9.73
fold2_room1_mix1593,55,7,0,22,-1,7.80
fold2_room1_mix1593,56,7,0,24,-1,6.87
fold2_room1_mix1593,57,7,0,29,-2,4.88
fold2_room1_mix1593,58,7,0,41,-2,3.42
fold2_room1_mix1593,59,7,0,61,-2,2.85
fold2_room1_mix1593,60,7,0,99,-1,2.43
fold2_room1_mix1593,61,7,0,129,-2,2.72
fold2_room1_mix1593,62,7,0,141,-1,3.47
fold2_room1_mix1593,63,7,0,154,-1,4.80
fold2_room1_mix1593,64,7,0,158,-1,5.86
fold2_room1_mix1593,65,7,0,161,0,7.21
fold2_room1_mix1593,66,7,0,164,0,8.61
fold2_room1_mix1593,67,7,0,165,0,8.94
fold2_room1_mix1593,68,7,0,168,0,11.11
fold2_room1_mix1593,69,7,0,170,0,12.40
fold2_room1_mix1593,70,7,0,171,0,13.45
fold2_room1_mix1593,71,7,0,172,0,15.93
fold2_room1_mix1593,72,7,0,172,0,16.72
fold2_room1_mix1593,73,7,0,172,0,16.55
fold2_room1_mix1593,74,7,0,172,0,18.42
fold2_room1_mix1593,75,7,0,173,0,19.74
fold2_room1_mix1593,76,7,0,173,0,20.72
fold2_room1_mix1593,77,7,0,174,0,21.42
fold2_room1_mix1593,78,7,0,174,0,22.56
fold2_room1_mix1593,79,7,0,174,0,23.75
fold2_room1_mix1593,80,7,0,174,0,24.96
fold2_room1_mix1593,81,7,0,174,0,26.48
fold2_room1_mix1593,82,7,0,175,0,27.72
fold2_room1_mix1593,83,7,0,175,0,28.42
fold2_room1_mix1593,84,7,0,175,0,29.96
fold2_room1_mix1593,85,7,0,175,0,32.03
fold2_room1_mix1593,86,7,0,176,0,32.43
fold2_room1_mix1593,87,7,0,176,0,34.79
fold2_room1_mix1593,88,7,0,176,0,38.01
fold2_room1_mix1593,89,7,0,176,0,35.76
fold2_room1_mix1593,90,7,0,176,0,38.33
fold2_room1_mix1593,91,7,0,176,0,41.81
fold2_room1_mix1593,92,7,0,176,0,40.40
fold2_room1_mix1593,93,7,0,176,0,43.72
fold2_room1_mix1593,94,7,0,176,0,46.36
fold2_room1_mix1593,95,7,0,176,0,49.88
fold2_room1_mix1593,96,7,0,176,0,51.54
fold2_room1_mix1593,97,7,0,176,0,50.84
fold2_room1_mix1593,98,7,0,176,0,53.54
fold2_room1_mix1593,99,7,0,176,0,52.52
fold2_room1_mix1594,5,7,0,178,0,26.28
fold2_room1_mix1594,6,7,0,-178,0,13.38
fold2_room1_mix1594,7,7,0,179,0,36.98
fold2_room1_mix1594,8,7,0,178,0,45.39
fold2_room1_mix1594,9,7,0,-179,0,50.99
fold2_room1_mix1594,10,7,0,179,0,48.00
fold2_room1_mix1594,11,7,0,178,0,53.66
fold2_room1_mix1594,12,7,0,179,0,57.33
fold2_room1_mix1594,13,7,0,179,0,53.55
fold2_room1_mix1594,14,7,0,179,0,54.91
fold2_room1_mix1594,15,7,0,179,0,55.81
fold2_room1_mix1594,16,7,0,178,0,57.66
fold2_room1_mix1594,17,7,0,179,0,55.84
fold2_room1_mix1594,18,7,0,179,0,55.90
fold2_room1_mix1594,19,7,0,179,0,54.63
fold2_room1_mix1594,20,7,0,179,0,54.01
fold2_room1_mix1594,21,7,0,179,0,57.42
fold2_room1_mix1594,22,7,0,179,0,53.77
fold2_room1_mix1594,23,7,0,179,0,52.85
fold2_room1_mix1594,24,7,0,179,0,51.58
fold2_room1_mix1594,25,7,0,179,0,50.22
fold2_room1_mix1594,26,7,0,179,0,48.41
fold2_room1_mix1594,27,7,0,179,0,47.18
fold2_room1_mix1594,28,7,0,179,0,47.73
fold2_room1_mix1594,29,7,0,179,0,44.99
fold2_room1_mix1594,30,7,0,179,0,46.03
fold2_room1_mix1594,31,7,0,179,0,46.21
fold2_room1_mix1594,32,7,0,178,0,44.99
fold2_room1_mix1594,33,7,0,179,0,44.28
fold2_room1_mix1594,34,7,0,178,0,45.00
fold2_room1_mix1594,35,7,0,179,0,42.50
fold2_room1_mix1594,36,7,0,179,0,40.26
fold2_room1_mix1594,37,7,0,179,0,40.41
fold2_room1_mix1594,38,7,0,179,0,38.74
fold2_room1_mix1594,39,7,0,178,0,40.75
fold2_room1_mix1594,40,7,0,178,0,38.82
fold2_room1_mix1594,41,7,0,178,0,37.10
fold2_room1_mix1594,42,7,0,177,0,35.63
fold2_room1_mix1594,43,7,0,178,0,34.24
fold2_room1_mix1594,44,7,0,178,0,32.10
fold2_room1_mix1594,45,7,0,178,0,31.19
fold2_room1_mix1594,46,7,0,178,0,30.49
fold2_room1_mix1594,47,7,0,177,0,28.83
fold2_room1_mix1594,48,7,0,176,0,27.89
fold2_room1_mix1594,49,7,0,177,0,26.33
fold2_room1_mix1594,50,7,0,179,0,22.82
fold2_room1_mix1594,51,7,0,177,0,21.77
fold2_room1_mix1594,52,7,0,177,0,20.72
fold2_room1_mix1594,53,7,0,177,0,19.19
fold2_room1_mix1594,54,7,0,175,0,16.82
fold2_room1_mix1594,55,7,0,175,0,16.36
fold2_room1_mix1594,56,7,0,174,0,14.55
fold2_room1_mix1594,57,7,0,172,-1,14.13
fold2_room1_mix1594,58,7,0,170,-1,11.32
fold2_room1_mix1594,59,7,0,168,-1,10.36
fold2_room1_mix1594,60,7,0,167,-1,8.84
fold2_room1_mix1594,61,7,0,163,-1,7.18
fold2_room1_mix1594,62,7,0,159,-1,5.92
fold2_room1_mix1594,63,7,0,152,-2,4.21
fold2_room1_mix1594,64,7,0,140,-2,3.30
fold2_room1_mix1594,65,7,0,101,-1,1.81
fold2_room1_mix1594,66,7,0,65,0,2.21
fold2_room1_mix1594,67,7,0,43,0,2.71
fold2_room1_mix1594,68,7,0,30,0,3.98
fold2_room1_mix1594,69,7,0,21,0,5.37
fold2_room1_mix1594,70,7,0,17,0,5.96
fold2_room1_mix1594,71,7,0,14,0,7.36
fold2_room1_mix1594,72,7,0,12,0,9.00
fold2_room1_mix1594,73,7,0,10,0,10.17
fold2_room1_mix1594,74,7,0,9,0,11.04
fold2_room1_mix1594,75,7,0,7,0,12.34
fold2_room1_mix1594,76,7,0,7,0,13.62
fold2_room1_mix1594,77,7,0,7,0,14.72
fold2_room1_mix1594,78,7,0,6,0,15.14
fold2_room1_mix1594,79,7,0,7,0,17.89
fold2_room1_mix1594,80,7,0,6,0,18.05
fold2_room1_mix1594,81,7,0,6,0,18.46
fold2_room1_mix1594,82,7,0,6,0,20.50
fold2_room1_mix1594,83,7,0,5,0,22.31
fold2_room1_mix1594,84,7,0,5,0,23.53
fold2_room1_mix1594,85,7,0,5,0,25.17
fold2_room1_mix1594,86,7,0,5,0,25.80
fold2_room1_mix1594,87,7,0,5,0,27.56
fold2_room1_mix1594,88,7,0,5,0,29.52
fold2_room1_mix1594,89,7,0,4,0,30.73
fold2_room1_mix1594,90,7,0,5,0,29.69
fold2_room1_mix1594,91,7,0,5,0,31.54
fold2_room1_mix1594,92,7,0,4,0,34.56
fold2_room1_mix1594,93,7,0,4,0,33.95
fold2_room1_mix1594,94,7,0,5,0,33.08
fold2_room1_mix1594,95,7,0,4,0,38.37
fold2_room1_mix1594,96,7,0,4,0,38.78
fold2_room1_mix1594,97,7,0,4,0,37.33
fold2_room1_mix1594,98,7,0,4,0,42.12
fold2_room1_mix1594,99,7,0,4,0,43.72
fold2_room1_mix1595,2,7,0,0,0,11.27
fold2_room1_mix1595,3,7,0,1,0,12.73
fold2_room1_mix1595,4,7,0,1,0,26.58
fold2_room1_mix1595,5,7,0,2,0,34.68
fold2_room1_mix1595,6,7,0,1,0,36.07
fold2_room1_mix1595,7,7,0,1,0,37.69
fold2_room1_mix1595,8,7,0,2,0,46.49
fold2_room1_mix1595,9,7,0,2,0,50.63
fold2_room1_mix1595,10,7,0,2,0,49.13
fold2_room1_mix1595,11,7,0,1,0,45.92
fold2_room1_mix1595,12,7,0,1,0,46.44
fold2_room1_mix1595,13,7,0,0,0,46.43
fold2_room1_mix1595,14,7,0,1,0,43.19
fold2_room1_mix1595,15,7,0,1,0,48.89
fold2_room1_mix1595,16,7,0,1,0,48.28
fold2_room1_mix1595,17,7,0,2,0,50.73
fold2_room1_mix1595,18,7,0,1,0,53.16
fold2_room1_mix1595,19,7,0,1,0,47.65
fold2_room1_mix1595,20,7,0,2,0,48.91
fold2_room1_mix1595,21,7,0,2,0,46.76
fold2_room1_mix1595,22,7,0,1,0,47.17
fold2_room1_mix1595,23,7,0,2,0,47.05
fold2_room1_mix1595,24,7,0,2,0,47.16
fold2_room1_mix1595,25,7,0,2,0,46.27
fold2_room1_mix1595,26,7,0,2,0,46.39
fold2_room1_mix1595,27,7,0,2,0,48.22
fold2_room1_mix1595,28,7,0,2,0,47.38
fold2_room1_mix1595,29,7,0,3,0,44.32
fold2_room1_mix1595,30,7,0,2,0,40.94
fold2_room1_mix1595,31,7,0,3,0,41.61
fold2_room1_mix1595,32,7,0,2,0,40.23
fold2_room1_mix1595,33,7,0,3,0,36.29
fold2_room1_mix1595,34,7,0,2,0,35.15
fold2_room1_mix1595,35,7,0,0,0,32.36
fold2_room1_mix1595,36,7,0,2,0,30.53
fold2_room1_mix1595,37,7,0,4,0,29.34
fold2_room1_mix1595,38,7,0,6,0,27.96
fold2_room1_mix1595,39,7,0,7,0,27.02
fold2_room1_mix1595,40,7,0,6,0,25.85
fold2_room1_mix1595,41,7,0,5,0,21.79
fold2_room1_mix1595,42,7,0,6,0,21.45
fold2_room1_mix1595,43,7,0,9,0,20.49
fold2_room1_mix1595,44,7,0,11,0,18.72
fold2_room1_mix1595,45,7,0,12,0,17.54
fold2_room1_mix1595,46,7,0,12,0,15.75
fold2_room1_mix1595,47,7,0,13,0,15.38
fold2_room1_mix1595,48,7,0,15,0,13.32
fold2_room1_mix1595,49,7,0,17,0,11.80
fold2_room1_mix1595,50,7,0,20,0,9.97
fold2_room1_mix1595,51,7,0,24,-1,7.83
fold2_room1_mix1595,52,7,0,27,-1,6.69
fold2_room1_mix1595,53,7,0,35,-1,4.41
fold2_room1_mix1595,54,7,0,46,-1,3.47
fold2_room1_mix1595,55,7,0,70,-1,2.99
fold2_room1_mix1595,56,7,0,106,0,2.96
fold2_room1_mix1595,57,7,0,130,-1,3.67
fold2_room1_mix1595,58,7,0,141,0,4.43
fold2_room1_mix1595,59,7,0,152,0,5.62
fold2_room1_mix1595,60,7,0,155,0,6.93
fold2_room1_mix1595,61,7,0,159,0,8.31
fold2_room1_mix1595,62,7,0,161,0,8.67
fold2_room1_mix1595,63,7,0,164,0,10.63
fold2_room1_mix1595,64,7,0,167,0,12.59
fold2_room1_mix1595,65,7,0,168,0,13.01
fold2_room1_mix1595,66,7,0,169,0,15.40
fold2_room1_mix1595,67,7,0,171,0,17.11
fold2_room1_mix1595,68,7,0,171,0,17.77
fold2_room1_mix1595,69,7,0,172,0,19.51
fold2_room1_mix1595,70,7,0,172,0,19.65
fold2_room1_mix1595,71,7,0,172,0,20.36
fold2_room1_mix1595,72,7,0,173,0,22.41
fold2_room1_mix1595,73,7,0,173,0,23.04
fold2_room1_mix1595,74,7,0,173,0,24.75
fold2_room1_mix1595,75,7,0,173,0,26.46
fold2_room1_mix1595,76,7,0,173,0,28.02
fold2_room1_mix1595,77,7,0,173,0,28.22
fold2_room1_mix1595,78,7,0,174,0,28.39
fold2_room1_mix1595,79,7,0,174,0,32.82
fold2_room1_mix1595,80,7,0,176,0,33.63
fold2_room1_mix1595,81,7,0,175,0,34.93
fold2_room1_mix1595,82,7,0,175,0,38.38
fold2_room1_mix1595,83,7,0,176,0,36.65
fold2_room1_mix1595,84,7,0,176,0,39.21
fold2_room1_mix1595,85,7,0,176,0,43.89
fold2_room1_mix1595,86,7,0,176,0,42.82
fold2_room1_mix1595,87,7,0,176,0,44.49
fold2_room1_mix1595,88,7,0,176,0,50.43
fold2_room1_mix1595,89,7,0,176,0,49.78
fold2_room1_mix1595,90,7,0,176,0,51.75
fold2_room1_mix1595,91,7,0,176,0,52.08
fold2_room1_mix1595,92,7,0,176,0,53.76
fold2_room1_mix1595,93,7,0,175,0,53.72
fold2_room1_mix1595,94,7,0,176,0,52.58
fold2_room1_mix1595,95,7,0,176,0,59.33
fold2_room1_mix1595,96,7,0,176,0,58.20
fold2_room1_mix1595,97,7,0,176,0,59.51
fold2_room1_mix1595,98,7,0,175,0,63.38
fold2_room1_mix1595,99,7,0,176,0,62.41
fold2_room1_mix1596,2,7,0,-177,0,3.64
fold2_room1_mix1596,3,7,0,179,0,21.46
fold2_room1_mix1596,4,7,0,179,0,25.35
fold2_room1_mix1596,5,7,0,-178,0,30.98
fold2_room1_mix1596,6,7,0,-179,0,44.83
fold2_room1_mix1596,7,7,0,-179,0,37.42
fold2_room1_mix1596,8,7,0,-179,0,48.26
fold2_room1_mix1596,9,7,0,179,0,57.66
fold2_room1_mix1596,10,7,0,-179,0,51.83
fold2_room1_mix1596,11,7,0,-178,0,58.86
fold2_room1_mix1596,12,7,0,-179,0,59.25
fold2_room1_mix1596,13,7,0,-179,0,54.12
fold2_room1_mix1596,14,7,0,-178,0,51.03
fold2_room1_mix1596,15,7,0,-179,0,61.56
fold2_room1_mix1596,16,7,0,-178,0,55.50
fold2_room1_mix1596,17,7,0,-178,0,57.17
fold2_room1_mix1596,18,7,0,-179,0,54.20
fold2_room1_mix1596,19,7,0,-179,0,56.84
fold2_room1_mix1596,20,7,0,-178,0,52.01
fold2_room1_mix1596,21,7,0,-178,0,51.44
fold2_room1_mix1596,22,7,0,-178,0,47.38
fold2_room1_mix1596,23,7,0,-179,0,46.19
fold2_room1_mix1596,24,7,0,-177,0,47.21
fold2_room1_mix1596,25,7,0,-178,0,47.83
fold2_room1_mix1596,26,7,0,-178,0,46.35
fold2_room1_mix1596,27,7,0,-178,0,47.34
fold2_room1_mix1596,28,7,0,-178,0,49.39
fold2_room1_mix1596,29,7,0,-178,0,46.08
fold2_room1_mix1596,30,7,0,-178,0,41.42
fold2_room1_mix1596,31,7,0,-177,0,44.22
fold2_room1_mix1596,32,7,0,-176,0,40.06
fold2_room1_mix1596,33,7,0,-176,0,38.38
fold2_room1_mix1596,34,7,0,-175,0,36.39
fold2_room1_mix1596,35,7,0,-174,0,35.50
fold2_room1_mix1596,36,7,0,-174,0,33.82
fold2_room1_mix1596,37,7,0,-174,0,31.10
fold2_room1_mix1596,38,7,0,-174,0,29.59
fold2_room1_mix1596,39,7,0,-173,0,28.74
fold2_room1_mix1596,40,7,0,-173,0,27.52
fold2_room1_mix1596,41,7,0,-172,0,26.68
fold2_room1_mix1596,42,7,0,-170,0,23.30
fold2_room1_mix1596,43,7,0,-168,-1,20.89
fold2_room1_mix1596,44,7,0,-167,-1,19.87
fold2_room1_mix1596,45,7,0,-167,-1,19.05
fold2_room1_mix1596,46,7,0,-167,-1,17.22
fold2_room1_mix1596,47,7,0,-166,-1,16.53
fold2_room1_mix1596,48,7,0,-165,-1,14.54
fold2_room1_mix1596,49,7,0,-163,-1,12.75
fold2_room1_mix1596,50,7,0,-161,-1,11.00
fold2_room1_mix1596,51,7,0,-159,-1,9.09
fold2_room1_mix1596,52,7,0,-155,-1,8.05
fold2_room1_mix1596,53,7,0,-150,-1,7.01
fold2_room1_mix1596,54,7,0,-142,-2,5.72
fold2_room1_mix1596,55,7,0,-132,-2,4.79
fold2_room1_mix1596,56,7,0,-119,-3,4.07
fold2_room1_mix1596,57,7,0,-92,-3,3.36
fold2_room1_mix1596,58,7,0,-73,-3,3.65
fold2_room1_mix1596,59,7,0,-53,-2,4.30
fold2_room1_mix1596,60,7,0,-42,-2,5.41
fold2_room1_mix1596,61,7,0,-34,-2,6.57
fold2_room1_mix1596,62,7,0,-29,-1,7.05
fold2_room1_mix1596,63,7,0,-24,-1,8.72
fold2_room1_mix1596,64,7,0,-21,-1,9.97
fold2_room1_mix1596,65,7,0,-18,0,11.09
fold2_room1_mix1596,66,7,0,-15,0,12.54
fold2_room1_mix1596,67,7,0,-14,0,13.56
fold2_room1_mix1596,68,7,0,-12,0,15.47
fold2_room1_mix1596,69,7,0,-11,0,16.62
fold2_room1_mix1596,70,7,0,-9,0,18.34
fold2_room1_mix1596,71,7,0,-9,0,20.02
fold2_room1_mix1596,72,7,0,-8,0,20.63
fold2_room1_mix1596,73,7,0,-7,0,22.59
fold2_room1_mix1596,74,7,0,-8,0,22.87
fold2_room1_mix1596,75,7,0,-7,0,24.85
fold2_room1_mix1596,76,7,0,-5,0,27.37
fold2_room1_mix1596,77,7,0,-5,0,29.19
fold2_room1_mix1596,78,7,0,-5,0,29.67
fold2_room1_mix1596,79,7,0,-3,0,32.83
fold2_room1_mix1596,80,7,0,-3,0,34.01
fold2_room1_mix1596,81,7,0,-3,0,33.22
fold2_room1_mix1596,82,7,0,-3,0,35.68
fold2_room1_mix1596,83,7,0,-2,0,38.43
fold2_room1_mix1596,84,7,0,-2,0,39.23
fold2_room1_mix1596,85,7,0,-2,0,41.58
fold2_room1_mix1596,86,7,0,-2,0,42.53
fold2_room1_mix1596,87,7,0,-2,0,46.07
fold2_room1_mix1596,88,7,0,-2,0,44.89
fold2_room1_mix1596,89,7,0,-2,0,48.03
fold2_room1_mix1596,90,7,0,-2,0,49.34
fold2_room1_mix1596,91,7,0,-1,0,51.43
fold2_room1_mix1596,92,7,0,-1,0,54.78
fold2_room1_mix1596,93,7,0,-1,0,54.84
fold2_room1_mix1596,94,7,0,-2,0,52.06
fold2_room1_mix1596,95,7,0,-2,0,57.94
fold2_room1_mix1596,96,7,0,-2,0,56.76
fold2_room1_mix1596,97,7,0,-2,0,58.00
fold2_room1_mix1596,98,7,0,-2,0,61.37
fold2_room1_mix1596,99,7,0,-1,0,64.35
fold2_room1_mix1597,3,7,0,0,0,12.84
fold2_room1_mix1597,4,7,0,1,0,15.92
fold2_room1_mix1597,5,7,0,2,0,30.72
fold2_room1_mix1597,6,7,0,2,0,33.76
fold2_room1_mix1597,7,7,0,2,0,35.63
fold2_room1_mix1597,8,7,0,2,0,37.23
fold2_room1_mix1597,9,7,0,2,0,40.95
fold2_room1_mix1597,10,7,0,1,0,41.49
fold2_room1_mix1597,11,7,0,2,0,43.70
fold2_room1_mix1597,12,7,0,1,0,42.90
fold2_room1_mix1597,13,7,0,2,0,44.18
fold2_room1_mix1597,14,7,0,2,0,42.82
fold2_room1_mix1597,15,7,0,2,0,47.35
fold2_room1_mix1597,16,7,0,2,0,45.48
fold2_room1_mix1597,17,7,0,1,0,44.70
fold2_room1_mix1597,18,7,0,2,0,43.23
fold2_room1_mix1597,19,7,0,1,0,46.41
fold2_room1_mix1597,20,7,0,2,0,48.03
fold2_room1_mix1597,21,7,0,1,0,47.35
fold2_room1_mix1597,22,7,0,1,0,50.45
fold2_room1_mix1597,23,7,0,1,0,42.53
fold2_room1_mix1597,24,7,0,1,0,4.31
fold2_room1_mix1597,27,7,0,2,0,46.03
fold2_room1_mix1597,28,7,0,0,0,43.05
fold2_room1_mix1597,29,7,0,1,0,38.60
fold2_room1_mix1597,30,7,0,0,0,44.27
fold2_room1_mix1597,31,7,0,2,0,44.78
fold2_room1_mix1597,32,7,0,0,0,44.97
fold2_room1_mix1597,33,7,0,1,0,44.20
fold2_room1_mix1597,34,7,0,0,0,41.57
fold2_room1_mix1597,35,7,0,0,0,44.93
fold2_room1_mix1597,36,7,0,1,0,47.29
fold2_room1_mix1597,37,7,0,0,0,42.29
fold2_room1_mix1597,38,7,0,2,0,40.25
fold2_room1_mix1597,39,7,0,0,0,42.40
fold2_room1_mix1597,40,7,0,0,0,39.03
fold2_room1_mix1597,41,7,0,-1,0,34.15
fold2_room1_mix1597,42,7,0,0,0,34.25
fold2_room1_mix1597,43,7,0,0,0,32.59
fold2_room1_mix1597,44,7,0,1,0,30.75
fold2_room1_mix1597,45,7,0,0,0,29.93
fold2_room1_mix1597,46,7,0,3,0,27.32
fold2_room1_mix1597,47,7,0,3,0,25.72
fold2_room1_mix1597,48,7,0,-1,0,25.03
fold2_room1_mix1597,49,7,0,0,0,22.00
fold2_room1_mix1597,50,7,0,4,0,19.54
fold2_room1_mix1597,51,7,0,4,0,18.46
fold2_room1_mix1597,52,7,0,7,0,18.19
fold2_room1_mix1597,53,7,0,6,0,15.61
fold2_room1_mix1597,54,7,0,5,0,15.38
fold2_room1_mix1597,55,7,0,7,0,14.28
fold2_room1_mix1597,56,7,0,8,0,12.44
fold2_room1_mix1597,57,7,0,11,0,10.82
fold2_room1_mix1597,58,7,0,12,-1,8.41
fold2_room1_mix1597,59,7,0,16,-1,7.04
fold2_room1_mix1597,60,7,0,20,-2,5.66
fold2_room1_mix1597,61,7,0,30,-2,3.71
fold2_room1_mix1597,62,7,0,44,-2,2.38
fold2_room1_mix1597,63,7,0,76,-1,1.73
fold2_room1_mix1597,64,7,0,132,-2,2.00
fold2_room1_mix1597,65,7,0,146,-1,2.48
fold2_room1_mix1597,66,7,0,158,-2,3.61
fold2_room1_mix1597,67,7,0,164,-1,4.76
fold2_room1_mix1597,68,7,0,167,-1,6.31
fold2_room1_mix1597,69,7,0,168,-1,7.40
fold2_room1_mix1597,70,7,0,171,0,8.16
fold2_room1_mix1597,71,7,0,172,0,9.42
fold2_room1_mix1597,72,7,0,173,0,11.70
fold2_room1_mix1597,73,7,0,173,0,13.24
fold2_room1_mix1597,74,7,0,174,0,14.19
fold2_room1_mix1597,75,7,0,175,0,15.80
fold2_room1_mix1597,76,7,0,174,0,17.80
fold2_room1_mix1597,77,7,0,175,0,16.96
fold2_room1_mix1597,78,7,0,176,0,18.55
fold2_room1_mix1597,79,7,0,176,0,19.34
fold2_room1_mix1597,80,7,0,176,0,19.33
fold2_room1_mix1597,81,7,0,177,0,21.10
fold2_room1_mix1597,82,7,0,176,0,22.38
fold2_room1_mix1597,83,7,0,176,0,23.60
fold2_room1_mix1597,84,7,0,177,0,27.52
fold2_room1_mix1597,85,7,0,177,0,26.34
fold2_room1_mix1597,86,7,0,177,0,28.17
fold2_room1_mix1597,87,7,0,177,0,29.51
fold2_room1_mix1597,88,7,0,178,0,32.51
fold2_room1_mix1597,89,7,0,177,0,31.22
fold2_room1_mix1597,90,7,0,176,0,5.44
fold2_room1_mix1597,91,7,0,177,0,15.65
fold2_room1_mix1597,92,7,0,177,0,14.84
fold2_room1_mix1597,93,7,0,178,0,10.91
fold2_room1_mix1597,94,7,0,178,0,22.57
fold2_room1_mix1597,95,7,0,177,0,23.54
fold2_room1_mix1597,96,7,0,177,1,8.13
fold2_room1_mix1597,97,7,0,178,0,46.85
fold2_room1_mix1597,98,7,0,178,0,47.92
fold2_room1_mix1597,99,7,0,177,0,48.28
fold2_room1_mix1598,1,7,0,-179,0,3.55
fold2_room1_mix1598,2,7,0,-177,0,4.03
fold2_room1_mix1598,3,7,0,178,0,14.45
fold2_room1_mix1598,4,7,0,177,0,26.10
fold2_room1_mix1598,5,7,0,177,0,29.15
fold2_room1_mix1598,6,7,0,178,0,29.87
fold2_room1_mix1598,7,7,0,177,0,34.16
fold2_room1_mix1598,8,7,0,177,0,37.96
fold2_room1_mix1598,9,7,0,178,0,33.41
fold2_room1_mix1598,10,7,0,177,0,32.79
fold2_room1_mix1598,11,7,0,178,0,34.79
fold2_room1_mix1598,12,7,0,177,0,35.12
fold2_room1_mix1598,13,7,0,177,0,31.83
fold2_room1_mix1598,14,7,0,178,0,32.28
fold2_room1_mix1598,15,7,0,177,0,33.25
fold2_room1_mix1598,16,7,0,176,0,32.00
fold2_room1_mix1598,17,7,0,176,0,31.92
fold2_room1_mix1598,18,7,0,177,0,29.29
fold2_room1_mix1598,19,7,0,176,0,31.56
fold2_room1_mix1598,20,7,0,177,0,30.52
fold2_room1_mix1598,21,7,0,176,0,30.10
fold2_room1_mix1598,22,7,0,176,0,28.54
fold2_room1_mix1598,23,7,0,176,0,28.10
fold2_room1_mix1598,24,7,0,176,0,28.44
fold2_room1_mix1598,25,7,0,175,0,27.75
fold2_room1_mix1598,26,7,0,175,0,25.88
fold2_room1_mix1598,27,7,0,175,0,26.82
fold2_room1_mix1598,28,7,0,175,0,25.59
fold2_room1_mix1598,29,7,0,175,0,24.56
fold2_room1_mix1598,30,7,0,176,0,24.24
fold2_room1_mix1598,31,7,0,174,0,22.11
fold2_room1_mix1598,32,7,0,172,0,21.84
fold2_room1_mix1598,33,7,0,172,0,20.94
fold2_room1_mix1598,34,7,0,173,0,21.50
fold2_room1_mix1598,35,7,0,172,0,19.64
fold2_room1_mix1598,36,7,0,173,-1,18.83
fold2_room1_mix1598,37,7,0,171,-1,18.61
fold2_room1_mix1598,38,7,0,170,-1,19.27
fold2_room1_mix1598,39,7,0,169,0,18.30
fold2_room1_mix1598,40,7,0,169,-1,18.07
fold2_room1_mix1598,41,7,0,170,0,17.28
fold2_room1_mix1598,42,7,0,167,-1,16.51
fold2_room1_mix1598,43,7,0,168,-1,16.78
fold2_room1_mix1598,44,7,0,166,-1,15.93
fold2_room1_mix1598,45,7,0,163,-1,14.43
fold2_room1_mix1598,46,7,0,163,-1,14.11
fold2_room1_mix1598,47,7,0,161,-1,12.79
fold2_room1_mix1598,48,7,0,162,-1,12.59
fold2_room1_mix1598,49,7,0,160,-1,11.18
fold2_room1_mix1598,50,7,0,157,-1,9.69
fold2_room1_mix1598,51,7,0,156,-1,9.40
fold2_room1_mix1598,52,7,0,156,-1,9.63
fold2_room1_mix1598,53,7,0,150,-1,7.53
fold2_room1_mix1598,54,7,0,148,-1,7.30
fold2_room1_mix1598,55,7,0,147,-1,6.52
fold2_room1_mix1598,56,7,0,142,-1,6.08
fold2_room1_mix1598,57,7,0,136,-1,5.41
fold2_room1_mix1598,58,7,0,130,-1,5.00
fold2_room1_mix1598,59,7,0,116,-1,4.91
fold2_room1_mix1598,60,7,0,103,0,4.49
fold2_room1_mix1598,61,7,0,93,0,4.43
fold2_room1_mix1598,62,7,0,79,0,4.58
fold2_room1_mix1598,63,7,0,63,0,4.75
fold2_room1_mix1598,64,7,0,55,0,5.01
fold2_room1_mix1598,65,7,0,48,0,5.08
fold2_room1_mix1598,66,7,0,42,0,5.94
fold2_room1_mix1598,67,7,0,37,0,6.24
fold2_room1_mix1598,68,7,0,34,0,6.86
fold2_room1_mix1598,69,7,0,31,0,7.45
fold2_room1_mix1598,70,7,0,29,0,7.79
fold2_room1_mix1598,71,7,0,26,0,8.72
fold2_room1_mix1598,72,7,0,24,0,10.10
fold2_room1_mix1598,73,7,0,23,0,9.45
fold2_room1_mix1598,74,7,0,22,0,10.12
fold2_room1_mix1598,75,7,0,21,0,11.10
fold2_room1_mix1598,76,7,0,20,0,11.76
fold2_room1_mix1598,77,7,0,20,0,12.61
fold2_room1_mix1598,78,7,0,18,0,13.81
fold2_room1_mix1598,79,7,0,16,0,14.31
fold2_room1_mix1598,80,7,0,15,0,15.05
fold2_room1_mix1598,81,7,0,14,0,15.52
fold2_room1_mix1598,82,7,0,13,0,16.26
fold2_room1_mix1598,83,7,0,13,0,16.64
fold2_room1_mix1598,84,7,0,12,0,17.41
fold2_room1_mix1598,85,7,0,13,0,18.12
fold2_room1_mix1598,86,7,0,13,0,19.49
fold2_room1_mix1598,87,7,0,12,0,19.76
fold2_room1_mix1598,88,7,0,11,0,20.52
fold2_room1_mix1598,89,7,0,10,0,20.69
fold2_room1_mix1598,90,7,0,10,0,22.26
fold2_room1_mix1598,91,7,0,10,0,22.58
fold2_room1_mix1598,92,7,0,9,0,23.43
fold2_room1_mix1598,93,7,0,10,0,24.14
fold2_room1_mix1598,94,7,0,10,0,25.81
fold2_room1_mix1598,95,7,0,10,0,26.65
fold2_room1_mix1598,96,7,0,9,0,26.49
fold2_room1_mix1598,97,7,0,9,0,27.05
fold2_room1_mix1598,98,7,0,9,0,28.81
fold2_room1_mix1598,99,7,0,9,0,29.83
fold2_room1_mix1599,3,5,0,-175,1,3.09
fold2_room1_mix1599,3,7,0,-177,0,3.84
fold2_room1_mix1599,4,7,0,-177,0,22.42
fold2_room1_mix1599,5,7,0,-178,0,26.12
fold2_room1_mix1599,6,7,0,-177,0,25.45
fold2_room1_mix1599,7,7,0,-177,0,27.50
fold2_room1_mix1599,8,7,0,-176,0,27.48
fold2_room1_mix1599,9,7,0,-177,0,27.32
fold2_room1_mix1599,10,7,0,-176,0,26.77
fold2_room1_mix1599,11,7,0,-177,0,25.67
fold2_room1_mix1599,12,7,0,-177,0,25.66
fold2_room1_mix1599,13,7,0,-177,0,25.18
fold2_room1_mix1599,14,7,0,-177,0,24.97
fold2_room1_mix1599,15,7,0,-176,0,24.56
fold2_room1_mix1599,16,7,0,-175,-1,22.62
fold2_room1_mix1599,17,7,0,-176,-1,23.06
fold2_room1_mix1599,18,7,0,-176,-1,21.44
fold2_room1_mix1599,19,7,0,-175,-1,19.72
fold2_room1_mix1599,20,7,0,-175,-1,19.33
fold2_room1_mix1599,21,7,0,-175,-1,18.42
fold2_room1_mix1599,22,7,0,-176,-1,18.17
fold2_room1_mix1599,23,7,0,-175,-1,17.76
fold2_room1_mix1599,24,7,0,-175,-1,17.62
fold2_room1_mix1599,25,7,0,-175,-1,17.37
fold2_room1_mix1599,26,7,0,-174,-1,17.00
fold2_room1_mix1599,27,7,0,-173,-1,15.15
fold2_room1_mix1599,28,7,0,-172,-1,14.89
fold2_room1_mix1599,29,7,0,-169,-1,12.92
fold2_room1_mix1599,30,7,0,-169,-1,11.93
fold2_room1_mix1599,31,7,0,-168,-1,10.77
fold2_room1_mix1599,32,7,0,-166,-1,9.97
fold2_room1_mix1599,33,7,0,-164,-1,8.85
fold2_room1_mix1599,34,7,0,-163,-1,8.42
fold2_room1_mix1599,35,7,0,-161,-2,7.70
fold2_room1_mix1599,36,7,0,-157,-2,6.46
fold2_room1_mix1599,37,7,0,-153,-3,5.45
fold2_room1_mix1599,38,7,0,-147,-3,4.06
fold2_room1_mix1599,39,7,0,-140,-4,3.38
fold2_room1_mix1599,40,7,0,-128,-4,2.47
fold2_room1_mix1599,41,7,0,-107,-3,1.87
fold2_room1_mix1599,42,7,0,-70,-2,2.18
fold2_room1_mix1599,43,7,0,-50,-1,2.67
fold2_room1_mix1599,44,7,0,-37,-2,3.43
fold2_room1_mix1599,45,7,0,-30,-2,3.95
fold2_room1_mix1599,46,7,0,-23,-1,4.71
fold2_room1_mix1599,47,7,0,-19,-1,5.65
fold2_room1_mix1599,48,7,0,-15,-1,5.88
fold2_room1_mix1599,49,7,0,-13,0,6.60
fold2_room1_mix1599,50,7,0,-9,0,7.47
fold2_room1_mix1599,51,7,0,-9,0,7.93
fold2_room1_mix1599,52,7,0,-9,0,8.63
fold2_room1_mix1599,53,7,0,-7,0,10.13
fold2_room1_mix1599,54,7,0,-7,0,10.40
fold2_room1_mix1599,55,7,0,-7,0,11.62
fold2_room1_mix1599,56,7,0,-6,0,12.11
fold2_room1_mix1599,57,7,0,-5,0,13.58
fold2_room1_mix1599,58,7,0,-5,0,13.97
fold2_room1_mix1599,59,7,0,-5,0,14.88
fold2_room1_mix1599,60,7,0,-4,0,15.76
fold2_room1_mix1599,61,7,0,-3,0,16.88
fold2_room1_mix1599,62,7,0,-3,0,17.90
fold2_room1_mix1599,63,7,0,-3,0,18.79
fold2_room1_mix1599,64,7,0,-3,0,18.97
fold2_room1_mix1599,65,7,0,-4,0,20.39
fold2_room1_mix1599,66,7,0,-2,0,21.64
fold2_room1_mix1599,67,7,0,-2,0,22.50
fold2_room1_mix1599,68,7,0,-2,0,23.87
fold2_room1_mix1599,69,7,0,-2,0,24.52
fold2_room1_mix1599,70,7,0,-1,0,25.89
fold2_room1_mix1599,71,7,0,-2,0,27.41
fold2_room1_mix1599,72,7,0,-1,0,27.49
fold2_room1_mix1599,73,7,0,-1,0,28.13
fold2_room1_mix1599,74,7,0,-1,0,29.47
fold2_room1_mix1599,75,7,0,-1,0,29.30
fold2_room1_mix1599,76,7,0,-1,0,31.48
fold2_room1_mix1599,77,7,0,-1,0,31.67
fold2_room1_mix1599,78,7,0,-1,0,30.86
fold2_room1_mix1599,79,7,0,-1,0,33.10
fold2_room1_mix1599,80,7,0,-1,0,32.77
fold2_room1_mix1599,81,7,0,-2,0,33.62
fold2_room1_mix1599,82,7,0,-1,0,36.97
fold2_room1_mix1599,83,7,0,-1,0,34.29
fold2_room1_mix1599,84,7,0,-1,0,37.56
fold2_room1_mix1599,85,7,0,-1,0,37.55
fold2_room1_mix1599,86,7,0,-1,0,37.00
fold2_room1_mix1599,87,7,0,-1,0,39.39
fold2_room1_mix1599,88,7,0,-1,0,40.31
fold2_room1_mix1599,89,7,0,-1,0,40.15
fold2_room1_mix1599,90,7,0,-1,0,40.63
fold2_room1_mix1599,91,7,0,-1,0,42.55
fold2_room1_mix1599,92,7,0,-1,0,43.50
fold2_room1_mix1599,93,7,0,-1,0,44.67
fold2_room1_mix1599,94,7,0,-1,0,45.40
fold2_room1_mix1599,95,7,0,-1,0,48.38
fold2_room1_mix1599,96,7,0,-1,0,48.27
fold2_room1_mix1599,97,7,0,-1,0,50.36
fold2_room1_mix1599,98,7,0,-1,0,55.52
fold2_room1_mix1599,99,7,0,-1,0,49.42
fold2_room1_mix1600,3,7,0,0,0,5.47
fold2_room1_mix1600,4,7,0,1,0,20.75
fold2_room1_mix1600,5,7,0,1,0,21.08
fold2_room1_mix1600,6,7,0,1,0,23.31
fold2_room1_mix1600,7,7,0,1,0,26.21
fold2_room1_mix1600,8,7,0,1,0,26.74
fold2_room1_mix1600,9,7,0,0,0,25.65
fold2_room1_mix1600,10,7,0,1,0,24.80
fold2_room1_mix1600,11,7,0,0,0,25.62
fold2_room1_mix1600,12,7,0,-1,0,24.05
fold2_room1_mix1600,13,7,0,-1,0,24.29
fold2_room1_mix1600,14,7,0,-2,0,22.13
fold2_room1_mix1600,15,7,0,-3,0,22.32
fold2_room1_mix1600,16,7,0,-5,0,20.67
fold2_room1_mix1600,17,7,0,-5,0,19.78
fold2_room1_mix1600,18,7,0,-7,0,18.66
fold2_room1_mix1600,19,7,0,-6,0,17.90
fold2_room1_mix1600,20,7,0,-8,0,16.87
fold2_room1_mix1600,21,7,0,-7,0,17.03
fold2_room1_mix1600,22,7,0,-11,0,14.64
fold2_room1_mix1600,23,7,0,-11,0,13.05
fold2_room1_mix1600,24,7,0,-13,-1,12.72
fold2_room1_mix1600,25,7,0,-14,-1,11.80
fold2_room1_mix1600,26,7,0,-15,-1,10.61
fold2_room1_mix1600,27,7,0,-16,-1,9.90
fold2_room1_mix1600,28,7,0,-19,-1,8.96
fold2_room1_mix1600,29,7,0,-21,-1,7.79
fold2_room1_mix1600,30,7,0,-24,-2,6.75
fold2_room1_mix1600,31,7,0,-29,-2,5.24
fold2_room1_mix1600,32,7,0,-34,-3,4.80
fold2_room1_mix1600,33,7,0,-41,-4,4.04
fold2_room1_mix1600,34,7,0,-49,-4,3.26
fold2_room1_mix1600,35,7,0,-63,-4,2.82
fold2_room1_mix1600,36,7,0,-82,-6,2.44
fold2_room1_mix1600,37,7,0,-103,-5,2.59
fold2_room1_mix1600,38,7,0,-118,-5,2.80
fold2_room1_mix1600,39,7,0,-129,-4,3.46
fold2_room1_mix1600,40,7,0,-141,-4,4.13
fold2_room1_mix1600,41,7,0,-148,-3,5.25
fold2_room1_mix1600,42,7,0,-152,-3,5.87
fold2_room1_mix1600,43,7,0,-154,-2,6.44
fold2_room1_mix1600,44,7,0,-156,-2,7.35
fold2_room1_mix1600,45,7,0,-158,-2,7.87
fold2_room1_mix1600,46,7,0,-161,-1,8.67
fold2_room1_mix1600,47,7,0,-163,-1,10.05
fold2_room1_mix1600,48,7,0,-164,-1,10.92
fold2_room1_mix1600,49,7,0,-165,-1,12.30
fold2_room1_mix1600,50,7,0,-165,-1,12.96
fold2_room1_mix1600,51,7,0,-166,-1,13.67
fold2_room1_mix1600,52,7,0,-167,-1,14.30
fold2_room1_mix1600,53,7,0,-168,0,15.25
fold2_room1_mix1600,54,7,0,-169,0,16.58
fold2_room1_mix1600,55,7,0,-169,0,16.97
fold2_room1_mix1600,56,7,0,-169,0,17.24
fold2_room1_mix1600,57,7,0,-169,0,18.31
fold2_room1_mix1600,58,7,0,-169,0,18.32
fold2_room1_mix1600,59,7,0,-171,0,19.28
fold2_room1_mix1600,60,7,0,-171,0,20.27
fold2_room1_mix1600,61,7,0,-171,0,21.74
fold2_room1_mix1600,62,7,0,-173,0,23.44
fold2_room1_mix1600,63,7,0,-173,0,25.38
fold2_room1_mix1600,64,7,0,-173,0,24.81
fold2_room1_mix1600,65,7,0,-173,0,26.16
fold2_room1_mix1600,66,7,0,-174,0,26.93
fold2_room1_mix1600,67,7,0,-173,0,27.66
fold2_room1_mix1600,68,7,0,-174,0,29.63
fold2_room1_mix1600,69,7,0,-174,0,30.42
fold2_room1_mix1600,70,7,0,-174,0,30.74
fold2_room1_mix1600,71,7,0,-174,0,31.27
fold2_room1_mix1600,72,7,0,-174,0,30.92
fold2_room1_mix1600,73,7,0,-174,0,32.89
fold2_room1_mix1600,74,7,0,-175,0,33.07
fold2_room1_mix1600,75,7,0,-175,0,34.20
fold2_room1_mix1600,76,7,0,-175,0,35.56
fold2_room1_mix1600,77,7,0,-175,0,35.57
fold2_room1_mix1600,78,7,0,-175,0,36.16
fold2_room1_mix1600,79,7,0,-175,0,37.96
fold2_room1_mix1600,80,7,0,-175,0,38.30
fold2_room1_mix1600,81,7,0,-174,0,40.31
fold2_room1_mix1600,82,7,0,-175,0,41.06
fold2_room1_mix1600,83,7,0,-175,0,41.02
fold2_room1_mix1600,84,7,0,-175,0,41.43
fold2_room1_mix1600,85,7,0,-175,0,41.28
fold2_room1_mix1600,86,7,0,-176,0,43.40
fold2_room1_mix1600,87,7,0,-176,0,43.73
fold2_room1_mix1600,88,7,0,-176,0,44.60
fold2_room1_mix1600,89,7,0,-176,0,46.04
fold2_room1_mix1600,90,7,0,-176,0,45.09
fold2_room1_mix1600,91,7,0,-176,0,47.55
fold2_room1_mix1600,92,7,0,-176,0,48.90
fold2_room1_mix1600,93,7,0,-176,0,49.23
fold2_room1_mix1600,94,7,0,-176,0,50.67
fold2_room1_mix1600,95,7,0,-176,0,51.78
fold2_room1_mix1600,96,7,0,-176,0,49.29
fold2_room1_mix1600,97,7,0,-176,0,50.89
fold2_room1_mix1600,98,7,0,-176,0,49.56
fold2_room1_mix1600,99,7,0,-176,0,50.31
fold2_room1_mix1601,3,7,0,0,0,14.48
fold2_room1_mix1601,4,7,0,0,0,26.45
fold2_room1_mix1601,5,7,0,1,0,27.33
fold2_room1_mix1601,6,7,0,0,0,29.98
fold2_room1_mix1601,7,7,0,0,0,35.65
fold2_room1_mix1601,8,7,0,0,0,34.55
fold2_room1_mix1601,9,7,0,0,0,37.90
fold2_room1_mix1601,10,7,0,0,0,34.55
fold2_room1_mix1601,11,7,0,0,0,36.70
fold2_room1_mix1601,12,7,0,0,0,36.89
fold2_room1_mix1601,13,7,0,0,0,34.39
fold2_room1_mix1601,14,7,0,0,0,33.73
fold2_room1_mix1601,15,7,0,0,0,32.17
fold2_room1_mix1601,16,7,0,-2,0,29.07
fold2_room1_mix1601,17,7,0,-2,0,28.47
fold2_room1_mix1601,18,7,0,-3,0,27.15
fold2_room1_mix1601,19,7,0,-2,0,29.05
fold2_room1_mix1601,20,7,0,-3,0,28.71
fold2_room1_mix1601,21,7,0,-3,0,28.72
fold2_room1_mix1601,22,7,0,-3,0,28.00
fold2_room1_mix1601,23,7,0,-3,0,26.10
fold2_room1_mix1601,24,7,0,-4,0,27.59
fold2_room1_mix1601,25,7,0,-3,0,26.83
fold2_room1_mix1601,26,7,0,-4,0,23.97
fold2_room1_mix1601,27,7,0,-6,0,23.49
fold2_room1_mix1601,28,7,0,-8,0,21.50
fold2_room1_mix1601,29,7,0,-9,0,19.28
fold2_room1_mix1601,30,7,0,-10,0,18.16
fold2_room1_mix1601,31,7,0,-10,0,17.20
fold2_room1_mix1601,32,7,0,-11,0,16.19
fold2_room1_mix1601,33,7,0,-11,0,15.45
fold2_room1_mix1601,34,7,0,-12,0,13.69
fold2_room1_mix1601,35,7,0,-13,0,13.44
fold2_room1_mix1601,36,7,0,-14,0,12.68
fold2_room1_mix1601,37,7,0,-14,0,11.52
fold2_room1_mix1601,38,7,0,-16,0,10.09
fold2_room1_mix1601,39,7,0,-17,-1,9.13
fold2_room1_mix1601,40,7,0,-20,-1,8.06
fold2_room1_mix1601,41,7,0,-23,-1,6.92
fold2_room1_mix1601,42,7,0,-27,-2,5.97
fold2_room1_mix1601,43,7,0,-31,-2,5.21
fold2_room1_mix1601,44,7,0,-36,-3,4.47
fold2_room1_mix1601,45,7,0,-45,-4,3.56
fold2_room1_mix1601,46,7,0,-57,-4,3.06
fold2_room1_mix1601,47,7,0,-81,-4,2.30
fold2_room1_mix1601,48,7,0,-109,-4,2.45
fold2_room1_mix1601,49,7,0,-126,-3,2.86
fold2_room1_mix1601,50,7,0,-135,-3,3.28
fold2_room1_mix1601,51,7,0,-146,-2,4.07
fold2_room1_mix1601,52,7,0,-152,-2,5.05
fold2_room1_mix1601,53,7,0,-156,-1,5.83
fold2_room1_mix1601,54,7,0,-158,-1,6.45
fold2_room1_mix1601,55,7,0,-160,-1,7.27
fold2_room1_mix1601,56,7,0,-162,-1,7.87
fold2_room1_mix1601,57,7,0,-165,-1,9.06
fold2_room1_mix1601,58,7,0,-166,0,10.31
fold2_room1_mix1601,59,7,0,-167,0,11.75
fold2_room1_mix1601,60,7,0,-168,0,12.34
fold2_room1_mix1601,61,7,0,-169,0,13.03
fold2_room1_mix1601,62,7,0,-169,0,14.20
fold2_room1_mix1601,63,7,0,-170,0,15.56
fold2_room1_mix1601,64,7,0,-170,0,15.64
fold2_room1_mix1601,65,7,0,-172,0,17.18
fold2_room1_mix1601,66,7,0,-172,0,17.97
fold2_room1_mix1601,67,7,0,-173,0,18.42
fold2_room1_mix1601,68,7,0,-172,0,19.73
fold2_room1_mix1601,69,7,0,-172,0,20.52
fold2_room1_mix1601,70,7,0,-174,0,22.55
fold2_room1_mix1601,71,7,0,-174,0,24.06
fold2_room1_mix1601,72,7,0,-174,0,25.08
fold2_room1_mix1601,73,7,0,-175,0,25.85
fold2_room1_mix1601,74,7,0,-175,0,26.68
fold2_room1_mix1601,75,7,0,-174,0,27.90
fold2_room1_mix1601,76,7,0,-175,0,28.78
fold2_room1_mix1601,77,7,0,-175,0,29.62
fold2_room1_mix1601,78,7,0,-175,0,31.25
fold2_room1_mix1601,79,7,0,-175,0,31.02
fold2_room1_mix1601,80,7,0,-175,0,32.38
fold2_room1_mix1601,81,7,0,-175,0,33.65
fold2_room1_mix1601,82,7,0,-175,0,34.85
fold2_room1_mix1601,83,7,0,-176,0,34.69
fold2_room1_mix1601,84,7,0,-176,0,37.13
fold2_room1_mix1601,85,7,0,-176,0,37.83
fold2_room1_mix1601,86,7,0,-176,0,38.02
fold2_room1_mix1601,87,7,0,-176,0,39.42
fold2_room1_mix1601,88,7,0,-176,0,40.11
fold2_room1_mix1601,89,7,0,-176,0,41.85
fold2_room1_mix1601,90,7,0,-176,0,42.41
fold2_room1_mix1601,91,7,0,-176,0,44.42
fold2_room1_mix1601,92,7,0,-176,0,45.27
fold2_room1_mix1601,93,7,0,-177,0,45.36
fold2_room1_mix1601,94,7,0,-176,0,46.87
fold2_room1_mix1601,95,7,0,-176,0,47.22
fold2_room1_mix1601,96,7,0,-176,0,49.39
fold2_room1_mix1601,97,7,0,-177,0,52.52
fold2_room1_mix1601,98,7,0,-177,0,53.62
fold2_room1_mix1601,99,7,0,-177,0,51.72
fold2_room1_mix1602,2,5,0,-2,1,2.04
fold2_room1_mix1602,3,7,0,0,0,10.75
fold2_room1_mix1602,4,7,0,1,0,26.66
fold2_room1_mix1602,5,7,0,1,0,26.48
fold2_room1_mix1602,6,7,0,1,0,31.96
fold2_room1_mix1602,7,7,0,1,0,37.67
fold2_room1_mix1602,8,7,0,1,0,38.01
fold2_room1_mix1602,9,7,0,1,0,34.73
fold2_room1_mix1602,10,7,0,1,0,33.74
fold2_room1_mix1602,11,7,0,2,0,36.73
fold2_room1_mix1602,12,7,0,1,0,35.27
fold2_room1_mix1602,13,7,0,2,0,33.14
fold2_room1_mix1602,14,7,0,1,0,34.01
fold2_room1_mix1602,15,7,0,1,0,32.21
fold2_room1_mix1602,16,7,0,1,0,32.97
fold2_room1_mix1602,17,7,0,0,0,32.03
fold2_room1_mix1602,18,7,0,0,0,33.52
fold2_room1_mix1602,19,7,0,1,0,34.79
fold2_room1_mix1602,20,7,0,1,0,34.32
fold2_room1_mix1602,21,7,0,0,0,31.97
fold2_room1_mix1602,22,7,0,0,0,31.50
fold2_room1_mix1602,23,7,0,0,0,30.05
fold2_room1_mix1602,24,7,0,0,0,29.78
fold2_room1_mix1602,25,7,0,0,0,29.94
fold2_room1_mix1602,26,7,0,-2,0,24.87
fold2_room1_mix1602,27,7,0,-1,0,26.84
fold2_room1_mix1602,28,7,0,-2,0,25.56
fold2_room1_mix1602,29,7,0,-4,0,21.64
fold2_room1_mix1602,30,7,0,-5,0,20.58
fold2_room1_mix1602,31,7,0,-6,0,18.74
fold2_room1_mix1602,32,7,0,-6,0,18.32
fold2_room1_mix1602,33,7,0,-8,0,16.34
fold2_room1_mix1602,34,7,0,-8,0,14.98
fold2_room1_mix1602,35,7,0,-11,0,13.85
fold2_room1_mix1602,36,7,0,-10,0,13.72
fold2_room1_mix1602,37,7,0,-12,0,12.57
fold2_room1_mix1602,38,7,0,-13,-1,11.40
fold2_room1_mix1602,39,7,0,-15,-1,10.17
fold2_room1_mix1602,40,7,0,-15,-1,9.35
fold2_room1_mix1602,41,7,0,-18,-1,8.28
fold2_room1_mix1602,42,7,0,-20,-1,7.54
fold2_room1_mix1602,43,7,0,-23,-2,6.42
fold2_room1_mix1602,44,7,0,-28,-2,5.46
fold2_room1_mix1602,45,7,0,-34,-3,4.40
fold2_room1_mix1602,46,7,0,-42,-4,3.44
fold2_room1_mix1602,47,7,0,-51,-4,2.74
fold2_room1_mix1602,48,7,0,-67,-4,2.12
fold2_room1_mix1602,49,7,0,-92,-5,1.88
fold2_room1_mix1602,50,7,0,-116,-4,2.29
fold2_room1_mix1602,51,7,0,-130,-3,2.73
fold2_room1_mix1602,52,7,0,-141,-3,3.28
fold2_room1_mix1602,53,7,0,-151,-2,4.27
fold2_room1_mix1602,54,7,0,-154,-2,5.08
fold2_room1_mix1602,55,7,0,-157,-2,6.00
fold2_room1_mix1602,56,7,0,-160,-2,6.56
fold2_room1_mix1602,57,7,0,-160,-1,7.15
fold2_room1_mix1602,58,7,0,-163,-1,8.31
fold2_room1_mix1602,59,7,0,-166,-1,9.20
fold2_room1_mix1602,60,7,0,-166,-1,10.22
fold2_room1_mix1602,61,7,0,-168,0,11.53
fold2_room1_mix1602,62,7,0,-168,-1,11.56
fold2_room1_mix1602,63,7,0,-168,0,12.79
fold2_room1_mix1602,64,7,0,-169,0,13.43
fold2_room1_mix1602,65,7,0,-170,0,14.42
fold2_room1_mix1602,66,7,0,-170,0,15.22
fold2_room1_mix1602,67,7,0,-171,0,15.86
fold2_room1_mix1602,68,7,0,-172,0,17.31
fold2_room1_mix1602,69,7,0,-172,0,17.79
fold2_room1_mix1602,70,7,0,-172,0,18.12
fold2_room1_mix1602,71,7,0,-172,0,18.26
fold2_room1_mix1602,72,7,0,-173,0,20.13
fold2_room1_mix1602,73,7,0,-173,0,21.70
fold2_room1_mix1602,74,7,0,-173,0,21.94
fold2_room1_mix1602,75,7,0,-175,0,24.20
fold2_room1_mix1602,76,7,0,-175,0,23.92
fold2_room1_mix1602,77,7,0,-175,0,25.34
fold2_room1_mix1602,78,7,0,-175,0,25.84
fold2_room1_mix1602,79,7,0,-175,0,26.85
fold2_room1_mix1602,80,7,0,-175,0,27.70
fold2_room1_mix1602,81,7,0,-175,0,29.70
fold2_room1_mix1602,82,7,0,-175,0,30.29
fold2_room1_mix1602,83,7,0,-175,0,30.85
fold2_room1_mix1602,84,7,0,-175,0,32.23
fold2_room1_mix1602,85,7,0,-175,0,32.73
fold2_room1_mix1602,86,7,0,-175,0,33.31
fold2_room1_mix1602,87,7,0,-176,0,34.66
fold2_room1_mix1602,88,7,0,-176,0,33.67
fold2_room1_mix1602,89,7,0,-176,0,35.84
fold2_room1_mix1602,90,7,0,-175,0,35.67
fold2_room1_mix1602,91,7,0,-176,0,37.35
fold2_room1_mix1602,92,7,0,-175,0,38.34
fold2_room1_mix1602,93,7,0,-175,0,37.91
fold2_room1_mix1602,94,7,0,-176,0,39.66
fold2_room1_mix1602,95,7,0,-176,0,41.48
fold2_room1_mix1602,96,7,0,-176,0,40.41
fold2_room1_mix1602,97,7,0,-176,0,43.17
fold2_room1_mix1602,98,7,0,-176,0,44.34
fold2_room1_mix1602,99,7,0,-176,0,45.14
fold2_room1_mix1602,1,5,0,40,2,4.65
fold2_room1_mix1603,2,7,0,-2,0,9.24
fold2_room1_mix1603,3,7,0,0,0,19.21
fold2_room1_mix1603,4,7,0,0,0,27.55
fold2_room1_mix1603,5,7,0,0,0,28.00
fold2_room1_mix1603,6,7,0,0,0,33.75
fold2_room1_mix1603,7,7,0,0,0,34.77
fold2_room1_mix1603,8,7,0,0,0,40.48
fold2_room1_mix1603,9,7,0,0,0,38.41
fold2_room1_mix1603,10,7,0,1,0,32.78
fold2_room1_mix1603,11,7,0,0,0,36.63
fold2_room1_mix1603,12,7,0,0,0,36.69
fold2_room1_mix1603,13,7,0,0,0,35.30
fold2_room1_mix1603,14,7,0,1,0,34.97
fold2_room1_mix1603,15,7,0,0,0,33.13
fold2_room1_mix1603,16,7,0,-3,0,32.32
fold2_room1_mix1603,17,7,0,0,0,36.01
fold2_room1_mix1603,18,7,0,-2,0,33.19
fold2_room1_mix1603,19,7,0,-2,0,31.66
fold2_room1_mix1603,20,7,0,0,0,33.86
fold2_room1_mix1603,21,7,0,0,0,35.58
fold2_room1_mix1603,22,7,0,-3,0,30.22
fold2_room1_mix1603,23,7,0,-3,0,28.44
fold2_room1_mix1603,24,7,0,-7,0,27.40
fold2_room1_mix1603,25,7,0,-6,0,26.43
fold2_room1_mix1603,26,7,0,-5,0,27.16
fold2_room1_mix1603,27,7,0,-7,0,24.00
fold2_room1_mix1603,28,7,0,-6,0,24.51
fold2_room1_mix1603,29,7,0,-6,0,20.49
fold2_room1_mix1603,30,7,0,-9,0,18.69
fold2_room1_mix1603,31,7,0,-6,0,19.40
fold2_room1_mix1603,32,7,0,-9,0,18.56
fold2_room1_mix1603,33,7,0,-9,0,16.90
fold2_room1_mix1603,34,7,0,-10,0,15.67
fold2_room1_mix1603,35,7,0,-11,0,15.15
fold2_room1_mix1603,36,7,0,-12,0,14.84
fold2_room1_mix1603,37,7,0,-13,0,13.24
fold2_room1_mix1603,38,7,0,-15,0,11.94
fold2_room1_mix1603,39,7,0,-15,0,11.51
fold2_room1_mix1603,40,7,0,-15,-1,11.13
fold2_room1_mix1603,41,7,0,-17,-1,10.29
fold2_room1_mix1603,42,7,0,-16,-1,9.99
fold2_room1_mix1603,43,7,0,-20,-1,9.13
fold2_room1_mix1603,44,7,0,-22,-1,7.90
fold2_room1_mix1603,45,7,0,-25,-1,7.38
fold2_room1_mix1603,46,7,0,-27,-2,6.38
fold2_room1_mix1603,47,7,0,-32,-2,5.44
fold2_room1_mix1603,48,7,0,-35,-2,5.05
fold2_room1_mix1603,49,7,0,-42,-3,4.50
fold2_room1_mix1603,50,7,0,-48,-4,4.00
fold2_room1_mix1603,51,7,0,-54,-4,3.95
fold2_room1_mix1603,52,7,0,-65,-4,3.50
fold2_room1_mix1603,53,7,0,-81,-5,2.85
fold2_room1_mix1603,54,7,0,-93,-5,2.86
fold2_room1_mix1603,55,7,0,-108,-4,3.43
fold2_room1_mix1603,56,7,0,-117,-4,3.61
fold2_room1_mix1603,57,7,0,-128,-4,4.03
fold2_room1_mix1603,58,7,0,-136,-3,4.44
fold2_room1_mix1603,59,7,0,-140,-3,5.06
fold2_room1_mix1603,60,7,0,-146,-2,5.77
fold2_room1_mix1603,61,7,0,-148,-2,6.56
fold2_room1_mix1603,62,7,0,-151,-2,7.05
fold2_room1_mix1603,63,7,0,-153,-2,7.92
fold2_room1_mix1603,64,7,0,-156,-1,8.44
fold2_room1_mix1603,65,7,0,-158,-1,9.75
fold2_room1_mix1603,66,7,0,-159,-1,10.11
fold2_room1_mix1603,67,7,0,-158,-1,10.38
fold2_room1_mix1603,68,7,0,-160,-1,11.75
fold2_room1_mix1603,69,7,0,-162,-1,12.98
fold2_room1_mix1603,70,7,0,-161,-1,12.13
fold2_room1_mix1603,71,7,0,-163,-1,13.70
fold2_room1_mix1603,72,7,0,-164,-1,13.89
fold2_room1_mix1603,73,7,0,-165,-1,14.41
fold2_room1_mix1603,74,7,0,-165,-1,15.34
fold2_room1_mix1603,75,7,0,-164,-1,16.24
fold2_room1_mix1603,76,7,0,-168,0,18.21
fold2_room1_mix1603,77,7,0,-168,0,18.14
fold2_room1_mix1603,78,7,0,-168,0,18.86
fold2_room1_mix1603,79,7,0,-169,0,20.32
fold2_room1_mix1603,80,7,0,-168,0,19.98
fold2_room1_mix1603,81,7,0,-168,0,20.69
fold2_room1_mix1603,82,7,0,-170,0,22.38
fold2_room1_mix1603,83,7,0,-169,0,23.57
fold2_room1_mix1603,84,7,0,-168,0,23.46
fold2_room1_mix1603,85,7,0,-170,0,25.40
fold2_room1_mix1603,86,7,0,-170,0,25.68
fold2_room1_mix1603,87,7,0,-171,0,27.23
fold2_room1_mix1603,88,7,0,-171,0,28.38
fold2_room1_mix1603,89,7,0,-171,0,29.55
fold2_room1_mix1603,90,7,0,-172,0,29.15
fold2_room1_mix1603,91,7,0,-172,0,31.42
fold2_room1_mix1603,92,7,0,-173,0,31.36
fold2_room1_mix1603,93,7,0,-173,0,30.94
fold2_room1_mix1603,94,7,0,-173,0,32.03
fold2_room1_mix1603,95,7,0,-173,0,33.37
fold2_room1_mix1603,96,7,0,-173,0,33.52
fold2_room1_mix1603,97,7,0,-174,0,35.42
fold2_room1_mix1603,98,7,0,-174,0,36.74
fold2_room1_mix1603,99,7,0,-174,0,37.21
fold2_room1_mix1604,3,7,0,-178,0,10.65
fold2_room1_mix1604,4,7,0,-179,0,24.23
fold2_room1_mix1604,5,7,0,179,0,29.73
fold2_room1_mix1604,6,7,0,179,0,30.78
fold2_room1_mix1604,7,7,0,179,0,33.04
fold2_room1_mix1604,8,7,0,179,0,33.55
fold2_room1_mix1604,9,7,0,178,0,33.36
fold2_room1_mix1604,10,7,0,178,0,34.38
fold2_room1_mix1604,11,7,0,177,0,34.95
fold2_room1_mix1604,12,7,0,177,0,33.97
fold2_room1_mix1604,13,7,0,177,0,33.45
fold2_room1_mix1604,14,7,0,177,0,32.70
fold2_room1_mix1604,15,7,0,177,0,32.03
fold2_room1_mix1604,16,7,0,176,0,30.22
fold2_room1_mix1604,17,7,0,177,0,30.30
fold2_room1_mix1604,18,7,0,177,0,29.19
fold2_room1_mix1604,19,7,0,176,0,27.65
fold2_room1_mix1604,20,7,0,176,0,29.20
fold2_room1_mix1604,21,7,0,176,0,28.76
fold2_room1_mix1604,22,7,0,175,0,28.10
fold2_room1_mix1604,23,7,0,176,0,26.42
fold2_room1_mix1604,24,7,0,176,0,25.72
fold2_room1_mix1604,25,7,0,176,0,23.30
fold2_room1_mix1604,26,7,0,176,0,22.97
fold2_room1_mix1604,27,7,0,176,0,22.18
fold2_room1_mix1604,28,7,0,176,0,22.32
fold2_room1_mix1604,29,7,0,176,-1,20.18
fold2_room1_mix1604,30,7,0,176,-1,19.98
fold2_room1_mix1604,31,7,0,174,-1,19.83
fold2_room1_mix1604,32,7,0,175,-1,18.67
fold2_room1_mix1604,33,7,0,174,-1,19.14
fold2_room1_mix1604,34,7,0,172,-1,18.39
fold2_room1_mix1604,35,7,0,173,-1,16.60
fold2_room1_mix1604,36,7,0,172,-1,15.63
fold2_room1_mix1604,37,7,0,172,-1,14.39
fold2_room1_mix1604,38,7,0,170,-1,13.20
fold2_room1_mix1604,39,7,0,171,-1,11.98
fold2_room1_mix1604,40,7,0,169,-1,11.17
fold2_room1_mix1604,41,7,0,167,-1,10.20
fold2_room1_mix1604,42,7,0,166,-1,9.03
fold2_room1_mix1604,43,7,0,164,-1,8.60
fold2_room1_mix1604,44,7,0,160,-1,6.64
fold2_room1_mix1604,45,7,0,157,-2,5.31
fold2_room1_mix1604,46,7,0,153,-2,4.90
fold2_room1_mix1604,47,7,0,146,-3,3.85
fold2_room1_mix1604,48,7,0,135,-1,3.04
fold2_room1_mix1604,49,7,0,118,0,2.60
fold2_room1_mix1604,50,7,0,89,0,2.49
fold2_room1_mix1604,51,7,0,62,0,2.85
fold2_room1_mix1604,52,7,0,48,1,3.40
fold2_room1_mix1604,53,7,0,34,0,4.33
fold2_room1_mix1604,54,7,0,28,0,4.84
fold2_room1_mix1604,55,7,0,22,0,5.28
fold2_room1_mix1604,56,7,0,19,0,6.16
fold2_room1_mix1604,57,7,0,18,0,6.89
fold2_room1_mix1604,58,7,0,14,0,7.29
fold2_room1_mix1604,59,7,0,13,0,8.17
fold2_room1_mix1604,60,7,0,11,0,8.72
fold2_room1_mix1604,61,7,0,10,0,9.22
fold2_room1_mix1604,62,7,0,11,0,10.11
fold2_room1_mix1604,63,7,0,10,0,10.76
fold2_room1_mix1604,64,7,0,10,0,11.99
fold2_room1_mix1604,65,7,0,9,0,12.86
fold2_room1_mix1604,66,7,0,8,0,13.68
fold2_room1_mix1604,67,7,0,9,0,15.21
fold2_room1_mix1604,68,7,0,8,0,15.85
fold2_room1_mix1604,69,7,0,7,0,16.36
fold2_room1_mix1604,70,7,0,8,0,17.11
fold2_room1_mix1604,71,7,0,7,0,17.75
fold2_room1_mix1604,72,7,0,7,0,18.35
fold2_room1_mix1604,73,7,0,7,0,19.52
fold2_room1_mix1604,74,7,0,6,0,19.81
fold2_room1_mix1604,75,7,0,6,0,21.56
fold2_room1_mix1604,76,7,0,5,0,21.69
fold2_room1_mix1604,77,7,0,5,0,22.28
fold2_room1_mix1604,78,7,0,5,0,22.04
fold2_room1_mix1604,79,7,0,5,0,24.12
fold2_room1_mix1604,80,7,0,5,0,26.20
fold2_room1_mix1604,81,7,0,5,0,26.39
fold2_room1_mix1604,82,7,0,5,0,27.66
fold2_room1_mix1604,83,7,0,5,0,29.07
fold2_room1_mix1604,84,7,0,5,0,28.87
fold2_room1_mix1604,85,7,0,5,0,28.93
fold2_room1_mix1604,86,7,0,5,0,29.93
fold2_room1_mix1604,87,7,0,5,0,29.30
fold2_room1_mix1604,88,7,0,5,0,30.39
fold2_room1_mix1604,89,7,0,5,0,32.50
fold2_room1_mix1604,90,7,0,5,0,32.46
fold2_room1_mix1604,91,7,0,5,0,33.42
fold2_room1_mix1604,92,7,0,5,0,33.76
fold2_room1_mix1604,93,7,0,5,0,33.05
fold2_room1_mix1604,94,7,0,5,0,35.28
fold2_room1_mix1604,95,7,0,5,0,36.18
fold2_room1_mix1604,96,7,0,4,0,37.09
fold2_room1_mix1604,97,7,0,4,0,37.87
fold2_room1_mix1604,98,7,0,4,0,38.99
fold2_room1_mix1604,99,7,0,4,0,37.92
fold2_room1_mix1605,2,7,0,-3,0,14.27
fold2_room1_mix1605,3,7,0,-6,0,14.32
fold2_room1_mix1605,4,7,0,-3,0,13.84
fold2_room1_mix1605,5,7,0,-4,0,19.25
fold2_room1_mix1605,6,7,0,-6,0,18.71
fold2_room1_mix1605,7,7,0,-3,0,19.24
fold2_room1_mix1605,8,7,0,-2,0,19.02
fold2_room1_mix1605,9,7,0,-4,0,18.11
fold2_room1_mix1605,10,7,0,-7,0,18.15
fold2_room1_mix1605,11,7,0,-4,0,17.33
fold2_room1_mix1605,12,7,0,-5,0,17.51
fold2_room1_mix1605,13,7,0,-8,0,15.61
fold2_room1_mix1605,14,7,0,-8,0,15.72
fold2_room1_mix1605,15,7,0,-9,0,15.52
fold2_room1_mix1605,16,7,0,-11,0,13.96
fold2_room1_mix1605,17,7,0,-12,0,13.10
fold2_room1_mix1605,18,7,0,-13,0,13.00
fold2_room1_mix1605,19,7,0,-13,0,11.54
fold2_room1_mix1605,20,7,0,-13,0,11.09
fold2_room1_mix1605,21,7,0,-14,0,10.35
fold2_room1_mix1605,22,7,0,-14,-1,9.56
fold2_room1_mix1605,23,7,0,-14,-1,9.40
fold2_room1_mix1605,24,7,0,-18,-1,8.13
fold2_room1_mix1605,25,7,0,-20,-1,8.09
fold2_room1_mix1605,26,7,0,-20,-1,7.77
fold2_room1_mix1605,27,7,0,-22,-2,6.30
fold2_room1_mix1605,28,7,0,-24,-2,5.87
fold2_room1_mix1605,29,7,0,-27,-2,4.99
fold2_room1_mix1605,30,7,0,-27,-3,4.47
fold2_room1_mix1605,31,7,0,-32,-3,4.13
fold2_room1_mix1605,32,7,0,-37,-4,3.38
fold2_room1_mix1605,33,7,0,-43,-5,2.88
fold2_room1_mix1605,34,7,0,-53,-4,2.44
fold2_room1_mix1605,35,7,0,-70,-4,1.92
fold2_room1_mix1605,36,7,0,-96,-4,1.73
fold2_room1_mix1605,37,7,0,-117,-3,2.08
fold2_room1_mix1605,38,7,0,-128,-3,2.36
fold2_room1_mix1605,39,7,0,-141,-3,3.22
fold2_room1_mix1605,40,7,0,-147,-3,3.58
fold2_room1_mix1605,41,7,0,-153,-2,4.23
fold2_room1_mix1605,42,7,0,-154,-2,4.11
fold2_room1_mix1605,43,7,0,-157,-2,4.89
fold2_room1_mix1605,44,7,0,-158,-2,5.03
fold2_room1_mix1605,45,7,0,-160,-2,5.63
fold2_room1_mix1605,46,7,0,-163,-1,6.56
fold2_room1_mix1605,47,7,0,-164,-1,7.78
fold2_room1_mix1605,48,7,0,-166,-1,7.71
fold2_room1_mix1605,49,7,0,-166,-1,8.49
fold2_room1_mix1605,50,7,0,-167,0,9.59
fold2_room1_mix1605,51,7,0,-168,-1,8.85
fold2_room1_mix1605,52,7,0,-168,-1,9.99
fold2_room1_mix1605,53,7,0,-169,0,10.38
fold2_room1_mix1605,54,7,0,-169,0,10.61
fold2_room1_mix1605,55,7,0,-170,0,11.55
fold2_room1_mix1605,56,7,0,-170,0,11.74
fold2_room1_mix1605,57,7,0,-169,0,12.29
fold2_room1_mix1605,58,7,0,-170,0,12.92
fold2_room1_mix1605,59,7,0,-171,0,14.68
fold2_room1_mix1605,60,7,0,-172,0,15.61
fold2_room1_mix1605,61,7,0,-172,0,16.82
fold2_room1_mix1605,62,7,0,-173,0,16.71
fold2_room1_mix1605,63,7,0,-171,0,17.22
fold2_room1_mix1605,64,7,0,-173,0,18.16
fold2_room1_mix1605,65,7,0,-173,0,18.86
fold2_room1_mix1605,66,7,0,-172,0,18.60
fold2_room1_mix1605,67,7,0,-172,0,18.44
fold2_room1_mix1605,68,7,0,-173,0,20.00
fold2_room1_mix1605,69,7,0,-173,0,20.78
fold2_room1_mix1605,70,7,0,-173,0,21.92
fold2_room1_mix1605,71,7,0,-172,0,22.60
fold2_room1_mix1605,72,7,0,-172,0,22.44
fold2_room1_mix1605,73,7,0,-172,0,23.42
fold2_room1_mix1605,74,7,0,-172,0,23.51
fold2_room1_mix1605,75,7,0,-174,0,17.40
fold2_room1_mix1605,76,7,0,-174,0,23.84
fold2_room1_mix1605,77,7,0,-173,0,23.19
fold2_room1_mix1605,78,7,0,-175,0,22.14
fold2_room1_mix1605,79,7,0,-174,0,18.49
fold2_room1_mix1605,80,7,0,-175,0,23.96
fold2_room1_mix1605,81,7,0,-175,0,25.48
fold2_room1_mix1605,82,7,0,-174,0,26.15
fold2_room1_mix1605,83,7,0,-176,0,12.33
fold2_room1_mix1605,84,7,0,-175,0,21.40
fold2_room1_mix1605,85,7,0,-174,0,19.76
fold2_room1_mix1605,86,7,0,-174,0,24.07
fold2_room1_mix1605,87,7,0,-175,0,16.08
fold2_room1_mix1605,89,7,0,-176,0,19.42
fold2_room1_mix1605,90,7,0,-175,0,30.65
fold2_room1_mix1605,91,7,0,-175,0,33.66
fold2_room1_mix1605,92,7,0,-176,0,31.92
fold2_room1_mix1605,93,7,0,-174,0,24.35
fold2_room1_mix1605,94,7,0,-176,0,10.32
fold2_room1_mix1605,95,7,0,-176,0,10.13
fold2_room1_mix1605,96,7,0,-174,0,10.01
fold2_room1_mix1605,97,7,0,-174,0,11.87
fold2_room1_mix1605,98,7,0,-175,0,26.82
fold2_room1_mix1605,99,7,0,-176,0,31.11
fold2_room1_mix1606,3,7,0,-177,0,9.35
fold2_room1_mix1606,4,7,0,-173,0,20.07
fold2_room1_mix1606,5,7,0,-174,0,22.56
fold2_room1_mix1606,6,7,0,-175,0,24.20
fold2_room1_mix1606,7,7,0,-175,-1,26.42
fold2_room1_mix1606,8,7,0,-174,-1,24.58
fold2_room1_mix1606,9,7,0,-173,-1,23.78
fold2_room1_mix1606,10,7,0,-172,-1,22.99
fold2_room1_mix1606,11,7,0,-172,-1,22.55
fold2_room1_mix1606,12,7,0,-171,-1,21.16
fold2_room1_mix1606,13,7,0,-171,-1,21.06
fold2_room1_mix1606,14,7,0,-171,-1,20.58
fold2_room1_mix1606,15,7,0,-170,-1,20.06
fold2_room1_mix1606,16,7,0,-169,-1,18.09
fold2_room1_mix1606,17,7,0,-170,-1,19.33
fold2_room1_mix1606,18,7,0,-170,-1,18.66
fold2_room1_mix1606,19,7,0,-170,-1,18.74
fold2_room1_mix1606,20,7,0,-171,-1,18.74
fold2_room1_mix1606,21,7,0,-170,-1,18.27
fold2_room1_mix1606,22,7,0,-170,-1,18.13
fold2_room1_mix1606,23,7,0,-169,-1,17.20
fold2_room1_mix1606,24,7,0,-169,-1,17.07
fold2_room1_mix1606,25,7,0,-169,-1,17.31
fold2_room1_mix1606,26,7,0,-169,-1,16.83
fold2_room1_mix1606,27,7,0,-168,-1,15.85
fold2_room1_mix1606,28,7,0,-168,-1,15.55
fold2_room1_mix1606,29,7,0,-165,-1,13.41
fold2_room1_mix1606,30,7,0,-165,-1,13.71
fold2_room1_mix1606,31,7,0,-164,-1,12.89
fold2_room1_mix1606,32,7,0,-163,-1,12.14
fold2_room1_mix1606,33,7,0,-163,-1,11.78
fold2_room1_mix1606,34,7,0,-161,-1,11.32
fold2_room1_mix1606,35,7,0,-159,-1,9.93
fold2_room1_mix1606,36,7,0,-158,-2,9.21
fold2_room1_mix1606,37,7,0,-158,-2,8.96
fold2_room1_mix1606,38,7,0,-157,-2,8.30
fold2_room1_mix1606,39,7,0,-153,-2,7.60
fold2_room1_mix1606,40,7,0,-150,-2,7.01
fold2_room1_mix1606,41,7,0,-147,-2,6.08
fold2_room1_mix1606,42,7,0,-145,-2,6.07
fold2_room1_mix1606,43,7,0,-140,-3,5.89
fold2_room1_mix1606,44,7,0,-136,-3,5.18
fold2_room1_mix1606,45,7,0,-129,-3,4.64
fold2_room1_mix1606,46,7,0,-123,-4,4.46
fold2_room1_mix1606,47,7,0,-109,-4,4.31
fold2_room1_mix1606,48,7,0,-96,-4,3.87
fold2_room1_mix1606,49,7,0,-88,-4,3.74
fold2_room1_mix1606,50,7,0,-80,-4,3.99
fold2_room1_mix1606,51,7,0,-66,-3,4.35
fold2_room1_mix1606,52,7,0,-60,-3,4.46
fold2_room1_mix1606,53,7,0,-53,-3,4.97
fold2_room1_mix1606,54,7,0,-46,-2,5.48
fold2_room1_mix1606,55,7,0,-43,-2,5.60
fold2_room1_mix1606,56,7,0,-38,-2,6.08
fold2_room1_mix1606,57,7,0,-33,-2,6.76
fold2_room1_mix1606,58,7,0,-32,-1,7.21
fold2_room1_mix1606,59,7,0,-29,-1,7.93
fold2_room1_mix1606,60,7,0,-27,-1,8.39
fold2_room1_mix1606,61,7,0,-26,-1,8.14
fold2_room1_mix1606,62,7,0,-23,-1,9.18
fold2_room1_mix1606,63,7,0,-22,-1,9.73
fold2_room1_mix1606,64,7,0,-20,-1,10.34
fold2_room1_mix1606,65,7,0,-19,-1,11.16
fold2_room1_mix1606,66,7,0,-20,-1,11.69
fold2_room1_mix1606,67,7,0,-18,-1,13.09
fold2_room1_mix1606,68,7,0,-16,0,13.40
fold2_room1_mix1606,69,7,0,-16,0,14.21
fold2_room1_mix1606,70,7,0,-15,0,15.26
fold2_room1_mix1606,71,7,0,-15,0,15.46
fold2_room1_mix1606,72,7,0,-14,0,16.34
fold2_room1_mix1606,73,7,0,-13,0,16.85
fold2_room1_mix1606,74,7,0,-13,0,17.46
fold2_room1_mix1606,75,7,0,-11,0,18.59
fold2_room1_mix1606,76,7,0,-11,0,19.08
fold2_room1_mix1606,77,7,0,-11,0,19.35
fold2_room1_mix1606,78,7,0,-10,0,20.30
fold2_room1_mix1606,79,7,0,-10,0,20.89
fold2_room1_mix1606,80,7,0,-10,0,21.04
fold2_room1_mix1606,81,7,0,-10,0,22.64
fold2_room1_mix1606,82,7,0,-9,0,22.57
fold2_room1_mix1606,83,7,0,-9,0,23.78
fold2_room1_mix1606,84,7,0,-8,0,24.76
fold2_room1_mix1606,85,7,0,-8,0,24.96
fold2_room1_mix1606,86,7,0,-7,0,25.07
fold2_room1_mix1606,87,7,0,-7,0,25.68
fold2_room1_mix1606,88,7,0,-6,0,26.88
fold2_room1_mix1606,89,7,0,-6,0,29.21
fold2_room1_mix1606,90,7,0,-5,0,28.51
fold2_room1_mix1606,91,7,0,-5,0,30.53
fold2_room1_mix1606,92,7,0,-5,0,31.46
fold2_room1_mix1606,93,7,0,-5,0,32.18
fold2_room1_mix1606,94,7,0,-4,0,32.72
fold2_room1_mix1606,95,7,0,-5,0,34.27
fold2_room1_mix1606,96,7,0,-4,0,34.72
fold2_room1_mix1606,97,7,0,-4,0,36.47
fold2_room1_mix1606,98,7,0,-5,0,35.54
fold2_room1_mix1606,99,7,0,-5,0,36.00
fold2_room1_mix1607,3,7,0,179,0,21.09
fold2_room1_mix1607,4,7,0,179,0,32.44
fold2_room1_mix1607,5,7,0,178,0,35.97
fold2_room1_mix1607,6,7,0,-179,0,40.67
fold2_room1_mix1607,7,7,0,-179,0,42.84
fold2_room1_mix1607,8,7,0,-179,0,44.88
fold2_room1_mix1607,9,7,0,-179,0,42.74
fold2_room1_mix1607,10,7,0,178,0,40.05
fold2_room1_mix1607,11,7,0,-179,0,42.53
fold2_room1_mix1607,12,7,0,-179,0,39.73
fold2_room1_mix1607,13,7,0,179,0,37.27
fold2_room1_mix1607,14,7,0,-179,0,38.06
fold2_room1_mix1607,15,7,0,178,0,35.93
fold2_room1_mix1607,16,7,0,179,0,32.28
fold2_room1_mix1607,17,7,0,178,0,27.11
fold2_room1_mix1607,18,7,0,178,0,29.96
fold2_room1_mix1607,19,7,0,178,0,27.70
fold2_room1_mix1607,20,7,0,177,0,26.69
fold2_room1_mix1607,21,7,0,177,0,24.52
fold2_room1_mix1607,22,7,0,176,0,23.53
fold2_room1_mix1607,23,7,0,176,0,22.44
fold2_room1_mix1607,24,7,0,174,0,20.96
fold2_room1_mix1607,25,7,0,173,0,19.22
fold2_room1_mix1607,26,7,0,170,0,17.40
fold2_room1_mix1607,27,7,0,170,0,17.81
fold2_room1_mix1607,28,7,0,167,0,14.95
fold2_room1_mix1607,29,7,0,164,-1,12.86
fold2_room1_mix1607,30,7,0,162,0,11.39
fold2_room1_mix1607,31,7,0,159,0,9.98
fold2_room1_mix1607,32,7,0,155,0,8.07
fold2_room1_mix1607,33,7,0,151,-1,7.08
fold2_room1_mix1607,34,7,0,146,-1,5.40
fold2_room1_mix1607,35,7,0,135,-1,4.41
fold2_room1_mix1607,36,7,0,108,0,3.52
fold2_room1_mix1607,37,7,0,85,0,3.87
fold2_room1_mix1607,38,7,0,57,0,3.81
fold2_room1_mix1607,39,7,0,42,0,4.64
fold2_room1_mix1607,40,7,0,32,0,5.96
fold2_room1_mix1607,41,7,0,27,0,6.90
fold2_room1_mix1607,42,7,0,20,0,8.20
fold2_room1_mix1607,43,7,0,19,0,9.51
fold2_room1_mix1607,44,7,0,17,0,10.97
fold2_room1_mix1607,45,7,0,14,0,11.81
fold2_room1_mix1607,46,7,0,12,0,12.49
fold2_room1_mix1607,47,7,0,12,0,14.49
fold2_room1_mix1607,48,7,0,11,0,16.10
fold2_room1_mix1607,49,7,0,11,0,17.14
fold2_room1_mix1607,50,7,0,11,0,18.38
fold2_room1_mix1607,51,7,0,10,0,18.41
fold2_room1_mix1607,52,7,0,9,0,19.07
fold2_room1_mix1607,53,7,0,9,0,22.29
fold2_room1_mix1607,54,7,0,8,0,22.68
fold2_room1_mix1607,55,7,0,8,0,23.68
fold2_room1_mix1607,56,7,0,8,0,26.38
fold2_room1_mix1607,57,7,0,8,0,28.61
fold2_room1_mix1607,58,7,0,7,0,30.25
fold2_room1_mix1607,59,7,0,7,0,30.61
fold2_room1_mix1607,60,7,0,7,0,31.93
fold2_room1_mix1607,61,7,0,6,0,34.03
fold2_room1_mix1607,62,7,0,6,0,34.25
fold2_room1_mix1607,63,7,0,6,0,38.12
fold2_room1_mix1607,64,7,0,5,0,39.84
fold2_room1_mix1607,65,7,0,5,0,39.40
fold2_room1_mix1607,66,7,0,5,0,41.56
fold2_room1_mix1607,67,7,0,5,0,43.97
fold2_room1_mix1607,68,7,0,5,0,45.91
fold2_room1_mix1607,69,7,0,5,0,45.79
fold2_room1_mix1607,70,7,0,4,0,46.26
fold2_room1_mix1607,71,7,0,5,0,46.07
fold2_room1_mix1607,72,7,0,5,0,51.38
fold2_room1_mix1607,73,7,0,5,0,50.21
fold2_room1_mix1607,74,7,0,5,0,51.95
fold2_room1_mix1607,75,7,0,5,0,54.30
fold2_room1_mix1607,76,7,0,5,0,56.48
fold2_room1_mix1607,77,7,0,5,0,54.42
fold2_room1_mix1607,78,7,0,4,0,53.65
fold2_room1_mix1607,79,7,0,5,0,55.15
fold2_room1_mix1607,80,7,0,4,0,55.09
fold2_room1_mix1607,81,7,0,3,0,53.47
fold2_room1_mix1607,82,7,0,4,0,57.26
fold2_room1_mix1607,83,7,0,3,0,59.22
fold2_room1_mix1607,84,7,0,4,0,57.03
fold2_room1_mix1607,85,7,0,4,0,56.54
fold2_room1_mix1607,86,7,0,3,0,60.88
fold2_room1_mix1607,87,7,0,4,0,56.45
fold2_room1_mix1607,88,7,0,3,0,45.80
fold2_room1_mix1607,89,7,0,3,0,29.76
fold2_room1_mix1607,90,7,0,4,0,52.32
fold2_room1_mix1607,91,7,0,2,0,21.36
fold2_room1_mix1607,93,7,0,2,0,21.25
fold2_room1_mix1608,2,7,0,0,0,6.06
fold2_room1_mix1608,3,7,0,0,0,17.07
fold2_room1_mix1608,4,7,0,1,0,25.44
fold2_room1_mix1608,5,7,0,2,0,28.56
fold2_room1_mix1608,6,7,0,2,0,31.26
fold2_room1_mix1608,7,7,0,3,0,33.42
fold2_room1_mix1608,8,7,0,4,0,29.73
fold2_room1_mix1608,9,7,0,3,0,32.40
fold2_room1_mix1608,10,7,0,4,0,32.34
fold2_room1_mix1608,11,7,0,3,0,32.03
fold2_room1_mix1608,12,7,0,4,0,31.92
fold2_room1_mix1608,13,7,0,4,0,33.27
fold2_room1_mix1608,14,7,0,5,0,29.71
fold2_room1_mix1608,15,7,0,4,0,30.83
fold2_room1_mix1608,16,7,0,6,0,28.32
fold2_room1_mix1608,17,7,0,6,0,28.67
fold2_room1_mix1608,18,7,0,5,0,28.08
fold2_room1_mix1608,19,7,0,5,0,26.01
fold2_room1_mix1608,20,7,0,8,0,25.78
fold2_room1_mix1608,21,7,0,8,0,23.97
fold2_room1_mix1608,22,7,0,7,0,23.72
fold2_room1_mix1608,23,7,0,8,0,22.11
fold2_room1_mix1608,24,7,0,10,0,19.45
fold2_room1_mix1608,25,7,0,10,0,19.09
fold2_room1_mix1608,26,7,0,9,0,17.86
fold2_room1_mix1608,27,7,0,11,0,18.01
fold2_room1_mix1608,28,7,0,11,0,16.54
fold2_room1_mix1608,29,7,0,11,0,15.42
fold2_room1_mix1608,30,7,0,11,0,16.43
fold2_room1_mix1608,31,7,0,11,0,15.98
fold2_room1_mix1608,32,7,0,12,0,14.36
fold2_room1_mix1608,33,7,0,15,0,12.07
fold2_room1_mix1608,34,7,0,15,0,11.17
fold2_room1_mix1608,35,7,0,16,-1,9.78
fold2_room1_mix1608,36,7,0,18,-1,9.25
fold2_room1_mix1608,37,7,0,19,-1,8.97
fold2_room1_mix1608,38,7,0,19,-1,8.07
fold2_room1_mix1608,39,7,0,21,-1,6.94
fold2_room1_mix1608,40,7,0,26,-1,5.60
fold2_room1_mix1608,41,7,0,29,-2,4.84
fold2_room1_mix1608,42,7,0,32,-2,4.43
fold2_room1_mix1608,43,7,0,43,-2,3.08
fold2_room1_mix1608,44,7,0,53,-3,2.88
fold2_room1_mix1608,45,7,0,69,-2,2.61
fold2_room1_mix1608,46,7,0,88,-2,2.50
fold2_room1_mix1608,47,7,0,109,-1,2.45
fold2_room1_mix1608,48,7,0,126,-1,2.92
fold2_room1_mix1608,49,7,0,135,-1,3.68
fold2_room1_mix1608,50,7,0,144,-1,4.32
fold2_room1_mix1608,51,7,0,150,-1,5.02
fold2_room1_mix1608,52,7,0,153,-1,5.55
fold2_room1_mix1608,53,7,0,156,-1,6.31
fold2_room1_mix1608,54,7,0,160,0,6.94
fold2_room1_mix1608,55,7,0,162,0,7.68
fold2_room1_mix1608,56,7,0,164,-1,8.13
fold2_room1_mix1608,57,7,0,164,0,9.21
fold2_room1_mix1608,58,7,0,165,0,9.81
fold2_room1_mix1608,59,7,0,166,0,10.35
fold2_room1_mix1608,60,7,0,166,0,11.23
fold2_room1_mix1608,61,7,0,166,0,11.69
fold2_room1_mix1608,62,7,0,168,0,12.62
fold2_room1_mix1608,63,7,0,168,0,13.51
fold2_room1_mix1608,64,7,0,169,0,13.54
fold2_room1_mix1608,65,7,0,170,0,14.72
fold2_room1_mix1608,66,7,0,169,0,15.48
fold2_room1_mix1608,67,7,0,170,0,15.70
fold2_room1_mix1608,68,7,0,171,0,16.31
fold2_room1_mix1608,69,7,0,171,0,17.59
fold2_room1_mix1608,70,7,0,171,0,18.27
fold2_room1_mix1608,71,7,0,172,0,18.76
fold2_room1_mix1608,72,7,0,172,0,18.90
fold2_room1_mix1608,73,7,0,172,0,20.04
fold2_room1_mix1608,74,7,0,173,0,20.32
fold2_room1_mix1608,75,7,0,174,0,21.76
fold2_room1_mix1608,76,7,0,173,0,22.83
fold2_room1_mix1608,77,7,0,174,0,23.57
fold2_room1_mix1608,78,7,0,175,0,25.10
fold2_room1_mix1608,79,7,0,174,0,25.87
fold2_room1_mix1608,80,7,0,175,0,26.13
fold2_room1_mix1608,81,7,0,175,0,29.03
fold2_room1_mix1608,82,7,0,175,0,28.53
fold2_room1_mix1608,83,7,0,175,0,29.87
fold2_room1_mix1608,84,7,0,174,0,30.61
fold2_room1_mix1608,85,7,0,175,0,31.92
fold2_room1_mix1608,86,7,0,175,0,31.92
fold2_room1_mix1608,87,7,0,175,0,32.38
fold2_room1_mix1608,88,7,0,175,0,33.69
fold2_room1_mix1608,89,7,0,175,0,34.67
fold2_room1_mix1608,90,7,0,175,0,33.79
fold2_room1_mix1608,91,7,0,175,0,35.89
fold2_room1_mix1608,92,7,0,176,0,36.07
fold2_room1_mix1608,93,7,0,175,0,37.24
fold2_room1_mix1608,94,7,0,176,0,39.13
fold2_room1_mix1608,95,7,0,176,0,40.50
fold2_room1_mix1608,96,7,0,176,0,40.87
fold2_room1_mix1608,97,7,0,176,0,44.21
fold2_room1_mix1608,98,7,0,176,0,42.38
fold2_room1_mix1608,99,7,0,175,0,41.63
fold2_room1_mix1609,3,7,0,0,0,9.43
fold2_room1_mix1609,4,7,0,0,0,22.44
fold2_room1_mix1609,5,7,0,1,0,23.49
fold2_room1_mix1609,6,7,0,1,0,27.79
fold2_room1_mix1609,7,7,0,1,0,33.23
fold2_room1_mix1609,8,7,0,1,0,31.62
fold2_room1_mix1609,9,7,0,0,0,30.85
fold2_room1_mix1609,10,7,0,0,0,31.00
fold2_room1_mix1609,11,7,0,1,0,31.01
fold2_room1_mix1609,12,7,0,0,0,32.88
fold2_room1_mix1609,13,7,0,0,0,32.62
fold2_room1_mix1609,14,7,0,-1,0,30.15
fold2_room1_mix1609,15,7,0,0,0,33.24
fold2_room1_mix1609,16,7,0,-3,0,29.18
fold2_room1_mix1609,17,7,0,-2,0,29.08
fold2_room1_mix1609,18,7,0,-2,0,29.76
fold2_room1_mix1609,19,7,0,-3,0,28.18
fold2_room1_mix1609,20,7,0,-4,0,28.30
fold2_room1_mix1609,21,7,0,-3,0,28.44
fold2_room1_mix1609,22,7,0,-5,0,26.94
fold2_room1_mix1609,23,7,0,-5,0,26.33
fold2_room1_mix1609,24,7,0,-4,0,28.48
fold2_room1_mix1609,25,7,0,-3,0,30.02
fold2_room1_mix1609,26,7,0,-4,0,30.33
fold2_room1_mix1609,27,7,0,-3,0,30.09
fold2_room1_mix1609,28,7,0,-4,0,29.83
fold2_room1_mix1609,29,7,0,-5,0,27.52
fold2_room1_mix1609,30,7,0,-6,0,27.22
fold2_room1_mix1609,31,7,0,-6,0,25.97
fold2_room1_mix1609,32,7,0,-7,0,26.22
fold2_room1_mix1609,33,7,0,-8,0,22.83
fold2_room1_mix1609,34,7,0,-9,0,21.20
fold2_room1_mix1609,35,7,0,-10,0,19.71
fold2_room1_mix1609,36,7,0,-11,0,18.07
fold2_room1_mix1609,37,7,0,-12,0,18.11
fold2_room1_mix1609,38,7,0,-12,0,17.43
fold2_room1_mix1609,39,7,0,-13,0,16.10
fold2_room1_mix1609,40,7,0,-12,0,16.26
fold2_room1_mix1609,41,7,0,-12,0,15.76
fold2_room1_mix1609,42,7,0,-12,0,15.20
fold2_room1_mix1609,43,7,0,-13,0,15.08
fold2_room1_mix1609,44,7,0,-14,0,13.88
fold2_room1_mix1609,45,7,0,-15,0,12.87
fold2_room1_mix1609,46,7,0,-17,0,11.75
fold2_room1_mix1609,47,7,0,-18,0,11.45
fold2_room1_mix1609,48,7,0,-17,0,10.82
fold2_room1_mix1609,49,7,0,-20,0,10.06
fold2_room1_mix1609,50,7,0,-20,0,9.93
fold2_room1_mix1609,51,7,0,-24,-1,8.73
fold2_room1_mix1609,52,7,0,-24,-1,8.28
fold2_room1_mix1609,53,7,0,-26,-1,7.64
fold2_room1_mix1609,54,7,0,-29,-1,6.86
fold2_room1_mix1609,55,7,0,-33,-2,6.37
fold2_room1_mix1609,56,7,0,-35,-1,5.75
fold2_room1_mix1609,57,7,0,-39,-2,5.31
fold2_room1_mix1609,58,7,0,-43,-2,4.75
fold2_room1_mix1609,59,7,0,-46,-2,4.42
fold2_room1_mix1609,60,7,0,-50,-2,4.48
fold2_room1_mix1609,61,7,0,-57,-2,4.08
fold2_room1_mix1609,62,7,0,-63,-3,3.91
fold2_room1_mix1609,63,7,0,-78,-3,3.48
fold2_room1_mix1609,64,7,0,-87,-4,3.19
fold2_room1_mix1609,65,7,0,-100,-3,3.29
fold2_room1_mix1609,66,7,0,-111,-3,3.73
fold2_room1_mix1609,67,7,0,-123,-2,4.14
fold2_room1_mix1609,68,7,0,-129,-2,4.36
fold2_room1_mix1609,69,7,0,-136,-2,4.85
fold2_room1_mix1609,70,7,0,-140,-1,5.29
fold2_room1_mix1609,71,7,0,-144,-1,5.89
fold2_room1_mix1609,72,7,0,-147,-1,6.38
fold2_room1_mix1609,73,7,0,-149,-1,6.83
fold2_room1_mix1609,74,7,0,-153,-1,7.57
fold2_room1_mix1609,75,7,0,-154,-1,8.00
fold2_room1_mix1609,76,7,0,-156,-1,8.54
fold2_room1_mix1609,77,7,0,-158,0,9.13
fold2_room1_mix1609,78,7,0,-158,0,9.86
fold2_room1_mix1609,79,7,0,-159,-1,10.86
fold2_room1_mix1609,80,7,0,-160,0,10.73
fold2_room1_mix1609,81,7,0,-161,0,11.58
fold2_room1_mix1609,82,7,0,-162,0,12.51
fold2_room1_mix1609,83,7,0,-162,0,12.79
fold2_room1_mix1609,84,7,0,-164,0,13.90
fold2_room1_mix1609,85,7,0,-164,0,14.51
fold2_room1_mix1609,86,7,0,-164,0,14.90
fold2_room1_mix1609,87,7,0,-165,0,16.22
fold2_room1_mix1609,88,7,0,-166,0,17.03
fold2_room1_mix1609,89,7,0,-167,0,17.92
fold2_room1_mix1609,90,7,0,-167,0,18.77
fold2_room1_mix1609,91,7,0,-167,0,19.53
fold2_room1_mix1609,92,7,0,-168,0,20.92
fold2_room1_mix1609,93,7,0,-168,0,20.46
fold2_room1_mix1609,94,7,0,-168,0,21.97
fold2_room1_mix1609,95,7,0,-168,0,23.20
fold2_room1_mix1609,96,7,0,-169,0,23.54
fold2_room1_mix1609,97,7,0,-170,0,24.59
fold2_room1_mix1609,98,7,0,-170,0,25.53
fold2_room1_mix1609,99,7,0,-171,0,26.81
fold2_room1_mix1610,2,5,0,6,1,5.43
fold2_room1_mix1610,3,7,0,0,0,15.31
fold2_room1_mix1610,4,7,0,6,0,18.95
fold2_room1_mix1610,5,7,0,6,0,20.11
fold2_room1_mix1610,6,7,0,6,0,23.11
fold2_room1_mix1610,7,7,0,7,0,24.67
fold2_room1_mix1610,8,7,0,6,0,23.57
fold2_room1_mix1610,9,7,0,7,0,23.93
fold2_room1_mix1610,10,7,0,8,0,20.71
fold2_room1_mix1610,11,7,0,9,0,20.94
fold2_room1_mix1610,12,7,0,9,0,21.69
fold2_room1_mix1610,13,7,0,10,0,20.89
fold2_room1_mix1610,14,7,0,10,0,19.92
fold2_room1_mix1610,15,7,0,10,0,18.94
fold2_room1_mix1610,16,7,0,11,0,17.71
fold2_room1_mix1610,17,7,0,12,0,17.88
fold2_room1_mix1610,18,7,0,12,0,16.80
fold2_room1_mix1610,19,7,0,14,0,15.90
fold2_room1_mix1610,20,7,0,14,0,15.09
fold2_room1_mix1610,21,7,0,14,0,14.30
fold2_room1_mix1610,22,7,0,15,0,14.45
fold2_room1_mix1610,23,7,0,16,0,13.62
fold2_room1_mix1610,24,7,0,16,0,13.04
fold2_room1_mix1610,25,7,0,17,0,12.47
fold2_room1_mix1610,26,7,0,17,0,10.90
fold2_room1_mix1610,27,7,0,18,0,9.86
fold2_room1_mix1610,28,7,0,20,0,9.07
fold2_room1_mix1610,29,7,0,21,-1,8.28
fold2_room1_mix1610,30,7,0,21,-1,8.03
fold2_room1_mix1610,31,7,0,22,-1,7.12
fold2_room1_mix1610,32,7,0,26,-1,6.16
fold2_room1_mix1610,33,7,0,29,-1,5.46
fold2_room1_mix1610,34,7,0,33,-1,4.69
fold2_room1_mix1610,35,7,0,37,-2,4.08
fold2_room1_mix1610,36,7,0,42,-1,3.77
fold2_room1_mix1610,37,7,0,54,-2,3.33
fold2_room1_mix1610,38,7,0,63,-1,3.09
fold2_room1_mix1610,39,7,0,78,-1,2.84
fold2_room1_mix1610,40,7,0,97,-1,2.84
fold2_room1_mix1610,41,7,0,113,-1,3.01
fold2_room1_mix1610,42,7,0,123,0,3.29
fold2_room1_mix1610,43,7,0,130,0,3.82
fold2_room1_mix1610,44,7,0,139,0,4.36
fold2_room1_mix1610,45,7,0,145,0,4.90
fold2_room1_mix1610,46,7,0,149,0,5.45
fold2_room1_mix1610,47,7,0,152,0,6.07
fold2_room1_mix1610,48,7,0,154,0,6.42
fold2_room1_mix1610,49,7,0,157,-1,7.19
fold2_room1_mix1610,50,7,0,159,0,7.45
fold2_room1_mix1610,51,7,0,160,0,8.09
fold2_room1_mix1610,52,7,0,162,0,8.88
fold2_room1_mix1610,53,7,0,162,0,9.31
fold2_room1_mix1610,54,7,0,163,0,9.63
fold2_room1_mix1610,55,7,0,164,0,10.51
fold2_room1_mix1610,56,7,0,164,0,11.06
fold2_room1_mix1610,57,7,0,166,0,12.12
fold2_room1_mix1610,58,7,0,167,0,12.16
fold2_room1_mix1610,59,7,0,167,0,12.94
fold2_room1_mix1610,60,7,0,167,0,13.34
fold2_room1_mix1610,61,7,0,168,0,14.63
fold2_room1_mix1610,62,7,0,168,0,14.98
fold2_room1_mix1610,63,7,0,169,0,16.24
fold2_room1_mix1610,64,7,0,169,0,16.44
fold2_room1_mix1610,65,7,0,169,0,17.52
fold2_room1_mix1610,66,7,0,170,0,18.36
fold2_room1_mix1610,67,7,0,170,0,18.57
fold2_room1_mix1610,68,7,0,171,0,19.60
fold2_room1_mix1610,69,7,0,171,0,20.76
fold2_room1_mix1610,70,7,0,171,0,21.18
fold2_room1_mix1610,71,7,0,171,0,22.41
fold2_room1_mix1610,72,7,0,172,0,22.92
fold2_room1_mix1610,73,7,0,172,0,24.41
fold2_room1_mix1610,74,7,0,172,0,24.81
fold2_room1_mix1610,75,7,0,172,0,24.89
fold2_room1_mix1610,76,7,0,172,0,26.60
fold2_room1_mix1610,77,7,0,172,0,26.85
fold2_room1_mix1610,78,7,0,173,0,27.75
fold2_room1_mix1610,79,7,0,172,0,28.18
fold2_room1_mix1610,80,7,0,172,0,27.29
fold2_room1_mix1610,81,7,0,172,0,28.97
fold2_room1_mix1610,82,7,0,172,0,28.38
fold2_room1_mix1610,83,7,0,173,0,29.23
fold2_room1_mix1610,84,7,0,173,0,30.46
fold2_room1_mix1610,85,7,0,172,0,30.89
fold2_room1_mix1610,86,7,0,173,0,30.75
fold2_room1_mix1610,87,7,0,173,0,31.35
fold2_room1_mix1610,88,7,0,173,0,32.26
fold2_room1_mix1610,89,7,0,174,0,34.54
fold2_room1_mix1610,90,7,0,174,0,35.19
fold2_room1_mix1610,91,7,0,174,0,36.77
fold2_room1_mix1610,92,7,0,174,0,37.27
fold2_room1_mix1610,93,7,0,174,0,36.72
fold2_room1_mix1610,94,7,0,174,0,38.04
fold2_room1_mix1610,95,7,0,174,0,38.42
fold2_room1_mix1610,96,7,0,174,0,37.40
fold2_room1_mix1610,97,7,0,174,0,39.29
fold2_room1_mix1610,98,7,0,175,0,38.97
fold2_room1_mix1610,99,7,0,175,0,38.41
fold2_room1_mix1611,2,7,0,-178,0,5.13
fold2_room1_mix1611,3,7,0,179,0,10.72
fold2_room1_mix1611,4,7,0,179,0,24.78
fold2_room1_mix1611,5,7,0,179,0,37.85
fold2_room1_mix1611,6,7,0,178,0,43.09
fold2_room1_mix1611,7,7,0,-179,0,29.66
fold2_room1_mix1611,8,7,0,-177,0,25.27
fold2_room1_mix1611,9,7,0,178,0,14.32
fold2_room1_mix1611,10,7,0,178,0,9.41
fold2_room1_mix1611,11,7,0,-179,0,38.68
fold2_room1_mix1611,12,7,0,179,0,42.24
fold2_room1_mix1611,13,7,0,179,0,47.38
fold2_room1_mix1611,14,7,0,-179,0,40.16
fold2_room1_mix1611,15,7,0,-179,0,44.79
fold2_room1_mix1611,16,7,0,179,0,48.18
fold2_room1_mix1611,17,7,0,-179,0,36.00
fold2_room1_mix1611,18,7,0,-177,0,24.60
fold2_room1_mix1611,19,7,0,-178,0,41.44
fold2_room1_mix1611,20,7,0,179,0,40.50
fold2_room1_mix1611,21,7,0,-178,0,33.40
fold2_room1_mix1611,22,7,0,-178,0,41.90
fold2_room1_mix1611,23,7,0,179,0,43.36
fold2_room1_mix1611,24,7,0,178,0,47.59
fold2_room1_mix1611,25,7,0,-178,0,43.51
fold2_room1_mix1611,26,7,0,-179,0,45.22
fold2_room1_mix1611,27,7,0,-179,0,45.19
fold2_room1_mix1611,28,7,0,-178,0,43.88
fold2_room1_mix1611,29,7,0,179,0,41.34
fold2_room1_mix1611,30,7,0,-179,0,39.77
fold2_room1_mix1611,31,7,0,-179,0,37.19
fold2_room1_mix1611,32,7,0,179,0,30.91
fold2_room1_mix1611,33,7,0,177,0,28.23
fold2_room1_mix1611,34,7,0,179,0,31.13
fold2_room1_mix1611,35,7,0,175,0,24.38
fold2_room1_mix1611,36,7,0,-179,0,26.94
fold2_room1_mix1611,37,7,0,178,0,26.77
fold2_room1_mix1611,38,7,0,177,0,24.66
fold2_room1_mix1611,39,7,0,178,0,23.21
fold2_room1_mix1611,40,7,0,174,0,20.83
fold2_room1_mix1611,41,7,0,175,0,18.85
fold2_room1_mix1611,42,7,0,172,0,18.24
fold2_room1_mix1611,43,7,0,172,0,17.67
fold2_room1_mix1611,44,7,0,168,0,16.98
fold2_room1_mix1611,45,7,0,170,0,14.00
fold2_room1_mix1611,46,7,0,167,0,12.62
fold2_room1_mix1611,47,7,0,165,0,12.18
fold2_room1_mix1611,48,7,0,162,0,10.06
fold2_room1_mix1611,49,7,0,158,0,8.41
fold2_room1_mix1611,50,7,0,154,0,6.87
fold2_room1_mix1611,51,7,0,150,-1,6.42
fold2_room1_mix1611,52,7,0,139,-1,4.57
fold2_room1_mix1611,53,7,0,129,0,3.67
fold2_room1_mix1611,54,7,0,106,0,3.17
fold2_room1_mix1611,55,7,0,79,0,3.10
fold2_room1_mix1611,56,7,0,56,0,3.48
fold2_room1_mix1611,57,7,0,40,0,4.14
fold2_room1_mix1611,58,7,0,32,0,5.01
fold2_room1_mix1611,59,7,0,26,0,6.09
fold2_room1_mix1611,60,7,0,20,0,7.48
fold2_room1_mix1611,61,7,0,18,0,8.61
fold2_room1_mix1611,62,7,0,16,0,9.32
fold2_room1_mix1611,63,7,0,14,0,11.40
fold2_room1_mix1611,64,7,0,12,0,12.73
fold2_room1_mix1611,65,7,0,11,0,13.37
fold2_room1_mix1611,66,7,0,11,0,14.58
fold2_room1_mix1611,67,7,0,11,0,15.80
fold2_room1_mix1611,68,7,0,10,0,17.30
fold2_room1_mix1611,69,7,0,10,0,18.26
fold2_room1_mix1611,70,7,0,9,0,17.88
fold2_room1_mix1611,71,7,0,8,0,19.63
fold2_room1_mix1611,72,7,0,8,0,21.56
fold2_room1_mix1611,73,7,0,8,0,22.02
fold2_room1_mix1611,74,7,0,8,0,23.83
fold2_room1_mix1611,75,7,0,7,0,25.21
fold2_room1_mix1611,76,7,0,7,0,27.04
fold2_room1_mix1611,77,7,0,7,0,26.14
fold2_room1_mix1611,78,7,0,7,0,28.88
fold2_room1_mix1611,79,7,0,7,0,29.90
fold2_room1_mix1611,80,7,0,5,0,32.77
fold2_room1_mix1611,81,7,0,5,0,34.34
fold2_room1_mix1611,82,7,0,5,0,35.20
fold2_room1_mix1611,83,7,0,6,0,36.40
fold2_room1_mix1611,84,7,0,4,0,37.16
fold2_room1_mix1611,85,7,0,5,0,39.58
fold2_room1_mix1611,86,7,0,5,0,37.60
fold2_room1_mix1611,87,7,0,5,0,35.37
fold2_room1_mix1611,88,7,0,4,0,39.38
fold2_room1_mix1611,89,7,0,5,0,34.19
fold2_room1_mix1611,90,7,0,5,0,39.11
fold2_room1_mix1611,91,7,0,4,0,33.45
fold2_room1_mix1611,92,7,0,3,0,30.86
fold2_room1_mix1611,93,7,0,5,0,37.86
fold2_room1_mix1611,94,7,0,5,0,37.18
fold2_room1_mix1611,95,7,0,4,0,45.09
fold2_room1_mix1611,96,7,0,4,0,50.57
fold2_room1_mix1611,97,7,0,4,0,50.11
fold2_room1_mix1611,98,7,0,4,0,49.66
fold2_room1_mix1611,99,7,0,4,0,54.64
fold2_room1_mix1612,2,7,0,-178,0,5.28
fold2_room1_mix1612,3,7,0,-179,0,13.30
fold2_room1_mix1612,4,7,0,178,0,19.23
fold2_room1_mix1612,5,7,0,177,0,23.65
fold2_room1_mix1612,6,7,0,178,0,24.17
fold2_room1_mix1612,7,7,0,178,0,24.07
fold2_room1_mix1612,8,7,0,178,0,23.25
fold2_room1_mix1612,9,7,0,178,-1,22.81
fold2_room1_mix1612,10,7,0,-178,0,24.47
fold2_room1_mix1612,11,7,0,179,-1,23.60
fold2_room1_mix1612,12,7,0,-179,0,23.56
fold2_room1_mix1612,13,7,0,179,-1,23.44
fold2_room1_mix1612,14,7,0,177,-1,21.87
fold2_room1_mix1612,15,7,0,177,-1,22.04
fold2_room1_mix1612,16,7,0,177,-1,23.05
fold2_room1_mix1612,17,7,0,175,-1,21.99
fold2_room1_mix1612,18,7,0,174,-1,21.31
fold2_room1_mix1612,19,7,0,176,-1,21.30
fold2_room1_mix1612,20,7,0,175,-1,22.41
fold2_room1_mix1612,21,7,0,173,-1,20.73
fold2_room1_mix1612,22,7,0,173,-1,21.28
fold2_room1_mix1612,23,7,0,172,-1,21.69
fold2_room1_mix1612,24,7,0,172,-1,20.48
fold2_room1_mix1612,25,7,0,171,-1,20.04
fold2_room1_mix1612,26,7,0,171,-1,19.20
fold2_room1_mix1612,27,7,0,171,-1,19.43
fold2_room1_mix1612,28,7,0,172,-1,17.67
fold2_room1_mix1612,29,7,0,172,-1,17.54
fold2_room1_mix1612,30,7,0,171,-1,16.74
fold2_room1_mix1612,31,7,0,170,-1,16.52
fold2_room1_mix1612,32,7,0,168,-1,15.41
fold2_room1_mix1612,33,7,0,167,-1,15.15
fold2_room1_mix1612,34,7,0,168,-1,15.11
fold2_room1_mix1612,35,7,0,167,-1,15.64
fold2_room1_mix1612,36,7,0,167,-1,14.54
fold2_room1_mix1612,37,7,0,166,-1,13.74
fold2_room1_mix1612,38,7,0,165,-1,12.52
fold2_room1_mix1612,39,7,0,165,-1,11.43
fold2_room1_mix1612,40,7,0,164,-1,11.42
fold2_room1_mix1612,41,7,0,161,-1,10.35
fold2_room1_mix1612,42,7,0,162,-1,10.33
fold2_room1_mix1612,43,7,0,160,-1,9.06
fold2_room1_mix1612,44,7,0,158,-1,8.10
fold2_room1_mix1612,45,7,0,158,-1,7.61
fold2_room1_mix1612,46,7,0,156,-1,7.79
fold2_room1_mix1612,47,7,0,153,-2,6.95
fold2_room1_mix1612,48,7,0,150,-2,5.99
fold2_room1_mix1612,49,7,0,147,-2,5.45
fold2_room1_mix1612,50,7,0,143,-3,5.07
fold2_room1_mix1612,51,7,0,139,-2,4.61
fold2_room1_mix1612,52,7,0,133,-2,3.78
fold2_room1_mix1612,53,7,0,128,-2,3.62
fold2_room1_mix1612,54,7,0,116,-2,3.24
fold2_room1_mix1612,55,7,0,98,-1,3.24
fold2_room1_mix1612,56,7,0,90,0,3.42
fold2_room1_mix1612,57,7,0,76,0,3.49
fold2_room1_mix1612,58,7,0,62,0,3.75
fold2_room1_mix1612,59,7,0,55,0,3.89
fold2_room1_mix1612,60,7,0,50,0,4.10
fold2_room1_mix1612,61,7,0,41,0,4.53
fold2_room1_mix1612,62,7,0,37,0,4.50
fold2_room1_mix1612,63,7,0,34,0,4.98
fold2_room1_mix1612,64,7,0,30,0,5.52
fold2_room1_mix1612,65,7,0,28,0,6.03
fold2_room1_mix1612,66,7,0,26,0,6.02
fold2_room1_mix1612,67,7,0,24,0,6.85
fold2_room1_mix1612,68,7,0,23,0,7.11
fold2_room1_mix1612,69,7,0,21,0,8.03
fold2_room1_mix1612,70,7,0,19,0,8.15
fold2_room1_mix1612,71,7,0,21,0,8.66
fold2_room1_mix1612,72,7,0,18,0,9.74
fold2_room1_mix1612,73,7,0,17,0,10.03
fold2_room1_mix1612,74,7,0,17,0,10.02
fold2_room1_mix1612,75,7,0,16,0,10.57
fold2_room1_mix1612,76,7,0,15,0,11.16
fold2_room1_mix1612,77,7,0,14,0,11.94
fold2_room1_mix1612,78,7,0,13,0,11.71
fold2_room1_mix1612,79,7,0,13,0,13.01
fold2_room1_mix1612,80,7,0,12,0,13.71
fold2_room1_mix1612,81,7,0,11,0,14.62
fold2_room1_mix1612,82,7,0,10,0,15.26
fold2_room1_mix1612,83,7,0,10,0,15.45
fold2_room1_mix1612,84,7,0,9,0,15.52
fold2_room1_mix1612,85,7,0,9,0,16.68
fold2_room1_mix1612,86,7,0,8,0,16.49
fold2_room1_mix1612,87,7,0,9,0,17.08
fold2_room1_mix1612,88,7,0,9,0,17.92
fold2_room1_mix1612,89,7,0,10,0,18.72
fold2_room1_mix1612,90,7,0,8,0,18.36
fold2_room1_mix1612,91,7,0,9,0,20.01
fold2_room1_mix1612,92,7,0,9,0,20.34
fold2_room1_mix1612,93,7,0,8,0,20.73
fold2_room1_mix1612,94,7,0,8,0,20.84
fold2_room1_mix1612,95,7,0,9,0,21.62
fold2_room1_mix1612,96,7,0,8,0,21.85
fold2_room1_mix1612,97,7,0,8,0,21.85
fold2_room1_mix1612,98,7,0,7,0,22.14
fold2_room1_mix1612,99,7,0,8,0,22.84
fold2_room1_mix1613,3,7,0,8,0,12.80
fold2_room1_mix1613,4,7,0,10,0,13.79
fold2_room1_mix1613,5,7,0,12,0,15.73
fold2_room1_mix1613,6,7,0,12,0,17.34
fold2_room1_mix1613,7,7,0,13,0,16.31
fold2_room1_mix1613,8,7,0,14,0,15.88
fold2_room1_mix1613,9,7,0,14,0,14.51
fold2_room1_mix1613,10,7,0,16,0,13.91
fold2_room1_mix1613,11,7,0,15,0,14.27
fold2_room1_mix1613,12,7,0,16,0,13.55
fold2_room1_mix1613,13,7,0,16,0,13.46
fold2_room1_mix1613,14,7,0,18,0,12.17
fold2_room1_mix1613,15,7,0,19,0,11.20
fold2_room1_mix1613,16,7,0,21,0,10.55
fold2_room1_mix1613,17,7,0,21,0,9.54
fold2_room1_mix1613,18,7,0,22,0,9.08
fold2_room1_mix1613,19,7,0,24,0,7.99
fold2_room1_mix1613,20,7,0,25,-1,7.61
fold2_room1_mix1613,21,7,0,26,-1,7.10
fold2_room1_mix1613,22,7,0,26,-1,7.01
fold2_room1_mix1613,23,7,0,30,-1,5.85
fold2_room1_mix1613,24,7,0,32,-1,5.32
fold2_room1_mix1613,25,7,0,34,-1,4.69
fold2_room1_mix1613,26,7,0,44,-1,4.77
fold2_room1_mix1613,27,7,0,48,-1,4.51
fold2_room1_mix1613,28,7,0,56,-1,4.20
fold2_room1_mix1613,29,7,0,61,-1,3.80
fold2_room1_mix1613,30,7,0,69,0,4.01
fold2_room1_mix1613,31,7,0,85,0,3.67
fold2_room1_mix1613,32,7,0,95,0,3.38
fold2_room1_mix1613,33,7,0,107,0,3.64
fold2_room1_mix1613,34,7,0,117,0,4.10
fold2_room1_mix1613,35,7,0,126,0,4.32
fold2_room1_mix1613,36,7,0,133,0,4.78
fold2_room1_mix1613,37,7,0,137,0,5.17
fold2_room1_mix1613,38,7,0,141,0,5.70
fold2_room1_mix1613,39,7,0,145,0,6.12
fold2_room1_mix1613,40,7,0,147,0,6.42
fold2_room1_mix1613,41,7,0,149,0,6.95
fold2_room1_mix1613,42,7,0,152,0,7.41
fold2_room1_mix1613,43,7,0,154,0,7.84
fold2_room1_mix1613,44,7,0,156,0,8.59
fold2_room1_mix1613,45,7,0,158,0,9.22
fold2_room1_mix1613,46,7,0,157,0,9.36
fold2_room1_mix1613,47,7,0,159,0,9.93
fold2_room1_mix1613,48,7,0,160,0,10.65
fold2_room1_mix1613,49,7,0,161,0,11.20
fold2_room1_mix1613,50,7,0,162,0,12.04
fold2_room1_mix1613,51,7,0,163,0,12.19
fold2_room1_mix1613,52,7,0,163,0,12.81
fold2_room1_mix1613,53,7,0,164,0,13.76
fold2_room1_mix1613,54,7,0,165,0,13.90
fold2_room1_mix1613,55,7,0,166,0,14.93
fold2_room1_mix1613,56,7,0,166,0,15.35
fold2_room1_mix1613,57,7,0,166,0,16.09
fold2_room1_mix1613,58,7,0,167,0,16.98
fold2_room1_mix1613,59,7,0,167,0,17.04
fold2_room1_mix1613,60,7,0,167,0,18.25
fold2_room1_mix1613,61,7,0,168,0,18.79
fold2_room1_mix1613,62,7,0,169,0,19.32
fold2_room1_mix1613,63,7,0,169,0,19.30
fold2_room1_mix1613,64,7,0,169,0,19.21
fold2_room1_mix1613,65,7,0,170,0,21.33
fold2_room1_mix1613,66,7,0,170,0,22.14
fold2_room1_mix1613,67,7,0,171,0,22.51
fold2_room1_mix1613,68,7,0,171,0,24.95
fold2_room1_mix1613,69,7,0,171,0,25.49
fold2_room1_mix1613,70,7,0,171,0,25.96
fold2_room1_mix1613,71,7,0,171,0,27.22
fold2_room1_mix1613,72,7,0,171,0,27.11
fold2_room1_mix1613,73,7,0,171,0,28.17
fold2_room1_mix1613,74,7,0,171,0,28.94
fold2_room1_mix1613,75,7,0,171,0,28.57
fold2_room1_mix1613,76,7,0,171,0,29.41
fold2_room1_mix1613,77,7,0,171,0,29.59
fold2_room1_mix1613,78,7,0,171,0,30.54
fold2_room1_mix1613,79,7,0,171,0,30.99
fold2_room1_mix1613,80,7,0,172,0,30.71
fold2_room1_mix1613,81,7,0,172,0,31.86
fold2_room1_mix1613,82,7,0,172,0,33.07
fold2_room1_mix1613,83,7,0,173,0,32.42
fold2_room1_mix1613,84,7,0,173,0,33.73
fold2_room1_mix1613,85,7,0,173,0,35.49
fold2_room1_mix1613,86,7,0,173,0,35.27
fold2_room1_mix1613,87,7,0,173,0,35.95
fold2_room1_mix1613,88,7,0,173,0,36.69
fold2_room1_mix1613,89,7,0,173,0,37.31
fold2_room1_mix1613,90,7,0,173,0,38.67
fold2_room1_mix1613,91,7,0,173,0,39.42
fold2_room1_mix1613,92,7,0,173,0,38.16
fold2_room1_mix1613,93,7,0,173,0,38.85
fold2_room1_mix1613,94,7,0,174,0,39.50
fold2_room1_mix1613,95,7,0,173,0,39.21
fold2_room1_mix1613,96,7,0,174,0,38.20
fold2_room1_mix1613,97,7,0,174,0,40.55
fold2_room1_mix1613,98,7,0,174,0,41.79
fold2_room1_mix1613,99,7,0,174,0,38.71
fold2_room1_mix1614,4,7,0,-179,0,13.16
fold2_room1_mix1614,5,7,0,179,0,24.76
fold2_room1_mix1614,6,7,0,179,0,31.28
fold2_room1_mix1614,7,7,0,-179,0,35.43
fold2_room1_mix1614,8,7,0,-179,0,40.11
fold2_room1_mix1614,9,7,0,-178,0,40.49
fold2_room1_mix1614,10,7,0,-178,0,37.59
fold2_room1_mix1614,11,7,0,-178,0,38.41
fold2_room1_mix1614,12,7,0,-178,0,37.89
fold2_room1_mix1614,13,7,0,-178,0,39.61
fold2_room1_mix1614,14,7,0,-178,0,38.95
fold2_room1_mix1614,15,7,0,-178,0,39.01
fold2_room1_mix1614,16,7,0,-177,0,35.59
fold2_room1_mix1614,17,7,0,-177,0,36.04
fold2_room1_mix1614,18,7,0,-178,0,34.98
fold2_room1_mix1614,19,7,0,-178,0,35.46
fold2_room1_mix1614,20,7,0,-179,0,33.82
fold2_room1_mix1614,21,7,0,-178,0,33.08
fold2_room1_mix1614,22,7,0,-176,0,30.11
fold2_room1_mix1614,23,7,0,-174,0,27.86
fold2_room1_mix1614,24,7,0,-173,0,27.57
fold2_room1_mix1614,25,7,0,-173,0,26.42
fold2_room1_mix1614,26,7,0,-173,0,26.08
fold2_room1_mix1614,27,7,0,-172,0,23.87
fold2_room1_mix1614,28,7,0,-170,-1,20.95
fold2_room1_mix1614,29,7,0,-170,-1,19.60
fold2_room1_mix1614,30,7,0,-168,-1,18.13
fold2_room1_mix1614,31,7,0,-167,-1,17.34
fold2_room1_mix1614,32,7,0,-167,-1,16.05
fold2_room1_mix1614,33,7,0,-167,-1,14.69
fold2_room1_mix1614,34,7,0,-164,-1,13.21
fold2_room1_mix1614,35,7,0,-164,-1,11.86
fold2_room1_mix1614,36,7,0,-161,-1,10.77
fold2_room1_mix1614,37,7,0,-158,-1,9.05
fold2_room1_mix1614,38,7,0,-155,-1,7.45
fold2_room1_mix1614,39,7,0,-144,-2,5.54
fold2_room1_mix1614,40,7,0,-138,-2,5.27
fold2_room1_mix1614,41,7,0,-124,-3,3.36
fold2_room1_mix1614,42,7,0,-96,-4,3.09
fold2_room1_mix1614,43,7,0,-69,-3,3.64
fold2_room1_mix1614,44,7,0,-51,-2,3.96
fold2_room1_mix1614,45,7,0,-41,-2,5.11
fold2_room1_mix1614,46,7,0,-33,-1,5.90
fold2_room1_mix1614,47,7,0,-28,-1,6.82
fold2_room1_mix1614,48,7,0,-24,-1,7.65
fold2_room1_mix1614,49,7,0,-18,-1,9.25
fold2_room1_mix1614,50,7,0,-17,0,10.68
fold2_room1_mix1614,51,7,0,-16,0,12.31
fold2_room1_mix1614,52,7,0,-13,0,13.89
fold2_room1_mix1614,53,7,0,-13,0,15.11
fold2_room1_mix1614,54,7,0,-10,0,16.75
fold2_room1_mix1614,55,7,0,-10,0,17.78
fold2_room1_mix1614,56,7,0,-9,0,19.12
fold2_room1_mix1614,57,7,0,-8,0,20.40
fold2_room1_mix1614,58,7,0,-7,0,22.03
fold2_room1_mix1614,59,7,0,-7,0,24.36
fold2_room1_mix1614,60,7,0,-6,0,24.81
fold2_room1_mix1614,61,7,0,-5,0,26.82
fold2_room1_mix1614,62,7,0,-4,0,28.28
fold2_room1_mix1614,63,7,0,-4,0,31.13
fold2_room1_mix1614,64,7,0,-4,0,31.38
fold2_room1_mix1614,65,7,0,-3,0,33.22
fold2_room1_mix1614,66,7,0,-4,0,35.00
fold2_room1_mix1614,67,7,0,-3,0,35.61
fold2_room1_mix1614,68,7,0,-2,0,37.09
fold2_room1_mix1614,69,7,0,-2,0,38.87
fold2_room1_mix1614,70,7,0,-2,0,38.94
fold2_room1_mix1614,71,7,0,-2,0,41.24
fold2_room1_mix1614,72,7,0,-2,0,43.43
fold2_room1_mix1614,73,7,0,-2,0,42.56
fold2_room1_mix1614,74,7,0,-2,0,43.95
fold2_room1_mix1614,75,7,0,-2,0,46.83
fold2_room1_mix1614,76,7,0,-2,0,46.96
fold2_room1_mix1614,77,7,0,-2,0,48.16
fold2_room1_mix1614,78,7,0,-2,0,51.00
fold2_room1_mix1614,79,7,0,-2,0,52.01
fold2_room1_mix1614,80,7,0,-2,0,53.48
fold2_room1_mix1614,81,7,0,-1,0,54.79
fold2_room1_mix1614,82,7,0,-2,0,56.47
fold2_room1_mix1614,83,7,0,-2,0,56.84
fold2_room1_mix1614,84,7,0,-1,0,56.87
fold2_room1_mix1614,85,7,0,-2,0,59.69
fold2_room1_mix1614,86,7,0,-2,0,59.70
fold2_room1_mix1614,87,7,0,-1,0,60.56
fold2_room1_mix1614,88,7,0,-1,0,61.91
fold2_room1_mix1614,89,7,0,-1,0,62.82
fold2_room1_mix1614,90,7,0,-2,0,63.80
fold2_room1_mix1614,91,7,0,-2,0,66.09
fold2_room1_mix1614,92,7,0,-2,0,65.11
fold2_room1_mix1614,93,7,0,-2,0,67.17
fold2_room1_mix1614,94,7,0,-1,0,70.08
fold2_room1_mix1614,95,7,0,-2,0,70.22
fold2_room1_mix1614,96,7,0,-2,0,72.45
fold2_room1_mix1614,97,7,0,-1,0,75.29
fold2_room1_mix1614,98,7,0,-2,0,77.61
fold2_room1_mix1614,99,7,0,-2,0,76.34
fold2_room1_mix1615,3,7,0,0,0,10.32
fold2_room1_mix1615,4,7,0,2,0,29.31
fold2_room1_mix1615,5,7,0,2,0,26.84
fold2_room1_mix1615,6,7,0,2,0,31.79
fold2_room1_mix1615,7,7,0,3,0,39.00
fold2_room1_mix1615,8,7,0,3,0,34.34
fold2_room1_mix1615,9,7,0,3,0,36.46
fold2_room1_mix1615,10,7,0,3,0,36.35
fold2_room1_mix1615,11,7,0,3,0,35.60
fold2_room1_mix1615,12,7,0,3,0,35.68
fold2_room1_mix1615,13,7,0,3,0,35.04
fold2_room1_mix1615,14,7,0,4,0,36.76
fold2_room1_mix1615,15,7,0,4,0,34.42
fold2_room1_mix1615,16,7,0,4,0,32.46
fold2_room1_mix1615,17,7,0,4,0,31.98
fold2_room1_mix1615,18,7,0,4,0,33.98
fold2_room1_mix1615,19,7,0,4,0,34.29
fold2_room1_mix1615,20,7,0,4,0,33.58
fold2_room1_mix1615,21,7,0,5,0,32.56
fold2_room1_mix1615,22,7,0,4,0,34.40
fold2_room1_mix1615,23,7,0,5,0,33.22
fold2_room1_mix1615,24,7,0,6,0,32.24
fold2_room1_mix1615,25,7,0,6,0,33.06
fold2_room1_mix1615,26,7,0,6,0,33.21
fold2_room1_mix1615,27,7,0,6,0,32.40
fold2_room1_mix1615,28,7,0,6,0,31.23
fold2_room1_mix1615,29,7,0,7,0,28.32
fold2_room1_mix1615,30,7,0,7,0,29.62
fold2_room1_mix1615,31,7,0,8,0,27.42
fold2_room1_mix1615,32,7,0,7,0,25.45
fold2_room1_mix1615,33,7,0,8,0,24.64
fold2_room1_mix1615,34,7,0,8,0,22.66
fold2_room1_mix1615,35,7,0,8,0,21.71
fold2_room1_mix1615,36,7,0,9,0,20.28
fold2_room1_mix1615,37,7,0,10,0,19.13
fold2_room1_mix1615,38,7,0,12,0,18.45
fold2_room1_mix1615,39,7,0,12,0,17.26
fold2_room1_mix1615,40,7,0,12,0,17.02
fold2_room1_mix1615,41,7,0,12,0,16.61
fold2_room1_mix1615,42,7,0,13,0,15.94
fold2_room1_mix1615,43,7,0,13,0,15.37
fold2_room1_mix1615,44,7,0,15,0,14.47
fold2_room1_mix1615,45,7,0,15,0,14.42
fold2_room1_mix1615,46,7,0,16,0,13.77
fold2_room1_mix1615,47,7,0,16,0,12.06
fold2_room1_mix1615,48,7,0,18,0,10.36
fold2_room1_mix1615,49,7,0,18,0,9.64
fold2_room1_mix1615,50,7,0,20,-1,8.74
fold2_room1_mix1615,51,7,0,19,-1,8.08
fold2_room1_mix1615,52,7,0,21,-1,7.07
fold2_room1_mix1615,53,7,0,24,-1,6.49
fold2_room1_mix1615,54,7,0,28,-1,5.04
fold2_room1_mix1615,55,7,0,33,-2,4.29
fold2_room1_mix1615,56,7,0,38,-2,3.72
fold2_room1_mix1615,57,7,0,49,-2,3.26
fold2_room1_mix1615,58,7,0,60,-2,3.01
fold2_room1_mix1615,59,7,0,79,-2,2.87
fold2_room1_mix1615,60,7,0,99,-2,2.62
fold2_room1_mix1615,61,7,0,115,-1,2.98
fold2_room1_mix1615,62,7,0,126,-1,3.41
fold2_room1_mix1615,63,7,0,137,-1,4.02
fold2_room1_mix1615,64,7,0,146,-1,4.67
fold2_room1_mix1615,65,7,0,149,0,5.47
fold2_room1_mix1615,66,7,0,153,0,5.97
fold2_room1_mix1615,67,7,0,155,-1,6.70
fold2_room1_mix1615,68,7,0,159,-1,6.99
fold2_room1_mix1615,69,7,0,160,-1,7.39
fold2_room1_mix1615,70,7,0,162,0,8.52
fold2_room1_mix1615,71,7,0,163,-1,9.13
fold2_room1_mix1615,72,7,0,164,0,9.63
fold2_room1_mix1615,73,7,0,164,0,10.29
fold2_room1_mix1615,74,7,0,165,0,10.74
fold2_room1_mix1615,75,7,0,166,0,11.87
fold2_room1_mix1615,76,7,0,167,0,12.57
fold2_room1_mix1615,77,7,0,167,0,13.06
fold2_room1_mix1615,78,7,0,168,0,13.85
fold2_room1_mix1615,79,7,0,169,0,14.36
fold2_room1_mix1615,80,7,0,169,0,15.14
fold2_room1_mix1615,81,7,0,169,0,15.36
fold2_room1_mix1615,82,7,0,170,0,16.10
fold2_room1_mix1615,83,7,0,170,0,17.44
fold2_room1_mix1615,84,7,0,171,0,17.76
fold2_room1_mix1615,85,7,0,171,0,18.55
fold2_room1_mix1615,86,7,0,171,0,18.94
fold2_room1_mix1615,87,7,0,172,0,19.59
fold2_room1_mix1615,88,7,0,172,0,20.60
fold2_room1_mix1615,89,7,0,173,0,21.28
fold2_room1_mix1615,90,7,0,173,0,22.30
fold2_room1_mix1615,91,7,0,173,0,23.65
fold2_room1_mix1615,92,7,0,173,0,24.58
fold2_room1_mix1615,93,7,0,173,0,25.30
fold2_room1_mix1615,94,7,0,174,0,26.04
fold2_room1_mix1615,95,7,0,174,0,26.93
fold2_room1_mix1615,96,7,0,173,0,28.01
fold2_room1_mix1615,97,7,0,174,0,28.82
fold2_room1_mix1615,98,7,0,173,0,29.41
fold2_room1_mix1615,99,7,0,174,0,29.41
fold2_room1_mix1616,3,7,0,-177,0,11.22
fold2_room1_mix1616,4,7,0,-179,0,21.41
fold2_room1_mix1616,5,7,0,-179,0,35.30
fold2_room1_mix1616,6,7,0,-179,0,43.21
fold2_room1_mix1616,7,7,0,-178,0,40.02
fold2_room1_mix1616,8,7,0,-179,0,47.11
fold2_room1_mix1616,9,7,0,-179,0,52.25
fold2_room1_mix1616,10,7,0,-179,0,52.35
fold2_room1_mix1616,11,7,0,-179,0,52.47
fold2_room1_mix1616,12,7,0,-179,0,51.40
fold2_room1_mix1616,13,7,0,-179,0,55.44
fold2_room1_mix1616,14,7,0,-179,0,55.70
fold2_room1_mix1616,15,7,0,-179,0,56.88
fold2_room1_mix1616,16,7,0,-179,0,53.96
fold2_room1_mix1616,17,7,0,-179,0,52.82
fold2_room1_mix1616,18,7,0,-179,0,52.17
fold2_room1_mix1616,19,7,0,-179,0,56.76
fold2_room1_mix1616,20,7,0,-179,0,53.98
fold2_room1_mix1616,21,7,0,-179,0,55.62
fold2_room1_mix1616,22,7,0,179,0,54.33
fold2_room1_mix1616,23,7,0,-179,0,50.10
fold2_room1_mix1616,24,7,0,-179,0,49.50
fold2_room1_mix1616,25,7,0,-179,0,50.00
fold2_room1_mix1616,26,7,0,-179,0,49.20
fold2_room1_mix1616,27,7,0,-179,0,49.18
fold2_room1_mix1616,28,7,0,-179,0,48.54
fold2_room1_mix1616,29,7,0,-179,0,46.02
fold2_room1_mix1616,30,7,0,-179,0,46.97
fold2_room1_mix1616,31,7,0,-178,0,46.09
fold2_room1_mix1616,32,7,0,-179,0,45.23
fold2_room1_mix1616,33,7,0,-179,0,45.26
fold2_room1_mix1616,34,7,0,-179,0,45.85
fold2_room1_mix1616,35,7,0,-178,0,43.25
fold2_room1_mix1616,36,7,0,-179,0,42.20
fold2_room1_mix1616,37,7,0,-178,0,40.65
fold2_room1_mix1616,38,7,0,-178,0,41.72
fold2_room1_mix1616,39,7,0,-177,0,38.38
fold2_room1_mix1616,40,7,0,-178,0,39.34
fold2_room1_mix1616,41,7,0,-177,0,39.00
fold2_room1_mix1616,42,7,0,-178,0,36.00
fold2_room1_mix1616,43,7,0,-177,0,35.34
fold2_room1_mix1616,44,7,0,-177,0,35.27
fold2_room1_mix1616,45,7,0,-175,0,31.75
fold2_room1_mix1616,46,7,0,-176,0,31.20
fold2_room1_mix1616,47,7,0,-176,0,31.05
fold2_room1_mix1616,48,7,0,-175,0,28.99
fold2_room1_mix1616,49,7,0,-175,0,27.17
fold2_room1_mix1616,50,7,0,-173,0,26.26
fold2_room1_mix1616,51,7,0,-174,0,26.13
fold2_room1_mix1616,52,7,0,-173,0,23.49
fold2_room1_mix1616,53,7,0,-172,0,20.80
fold2_room1_mix1616,54,7,0,-171,-1,19.49
fold2_room1_mix1616,55,7,0,-171,-1,17.71
fold2_room1_mix1616,56,7,0,-170,-1,17.08
fold2_room1_mix1616,57,7,0,-169,-1,16.24
fold2_room1_mix1616,58,7,0,-169,-1,15.15
fold2_room1_mix1616,59,7,0,-167,-1,13.70
fold2_room1_mix1616,60,7,0,-166,-1,11.84
fold2_room1_mix1616,61,7,0,-166,-1,10.78
fold2_room1_mix1616,62,7,0,-164,-1,9.63
fold2_room1_mix1616,63,7,0,-160,-1,7.78
fold2_room1_mix1616,64,7,0,-159,-1,6.91
fold2_room1_mix1616,65,7,0,-155,-2,5.77
fold2_room1_mix1616,66,7,0,-148,-2,4.59
fold2_room1_mix1616,67,7,0,-139,-3,3.35
fold2_room1_mix1616,68,7,0,-118,-3,2.19
fold2_room1_mix1616,69,7,0,-73,-4,2.06
fold2_room1_mix1616,70,7,0,-51,-1,2.80
fold2_room1_mix1616,71,7,0,-36,-2,3.60
fold2_room1_mix1616,72,7,0,-27,-1,4.78
fold2_room1_mix1616,73,7,0,-22,0,5.56
fold2_room1_mix1616,74,7,0,-16,0,7.03
fold2_room1_mix1616,75,7,0,-13,0,8.49
fold2_room1_mix1616,76,7,0,-12,0,8.93
fold2_room1_mix1616,77,7,0,-9,0,10.04
fold2_room1_mix1616,78,7,0,-7,0,11.50
fold2_room1_mix1616,79,7,0,-8,0,13.00
fold2_room1_mix1616,80,7,0,-6,0,13.71
fold2_room1_mix1616,81,7,0,-5,0,14.85
fold2_room1_mix1616,82,7,0,-5,0,16.27
fold2_room1_mix1616,83,7,0,-5,0,17.46
fold2_room1_mix1616,84,7,0,-4,0,18.63
fold2_room1_mix1616,85,7,0,-4,0,19.38
fold2_room1_mix1616,86,7,0,-4,0,20.88
fold2_room1_mix1616,87,7,0,-3,0,21.72
fold2_room1_mix1616,88,7,0,-2,0,23.80
fold2_room1_mix1616,89,7,0,-3,0,26.05
fold2_room1_mix1616,90,7,0,-2,0,27.53
fold2_room1_mix1616,91,7,0,-1,0,29.32
fold2_room1_mix1616,92,7,0,-2,0,30.02
fold2_room1_mix1616,93,7,0,-1,0,30.23
fold2_room1_mix1616,94,7,0,0,0,32.17
fold2_room1_mix1616,95,7,0,0,0,34.54
fold2_room1_mix1616,96,7,0,0,0,34.96
fold2_room1_mix1616,97,7,0,0,0,36.21
fold2_room1_mix1616,98,7,0,0,0,39.80
fold2_room1_mix1616,99,7,0,0,0,40.00
fold2_room1_mix1617,6,7,0,1,0,28.68
fold2_room1_mix1617,7,7,0,1,0,9.24
fold2_room1_mix1617,8,7,0,1,0,19.07
fold2_room1_mix1617,13,7,0,1,0,10.63
fold2_room1_mix1617,14,7,0,1,0,22.36
fold2_room1_mix1617,15,7,0,1,0,33.73
fold2_room1_mix1617,16,7,0,1,0,32.54
fold2_room1_mix1617,17,7,0,2,0,36.57
fold2_room1_mix1617,18,7,0,1,0,39.68
fold2_room1_mix1617,19,7,0,1,0,35.10
fold2_room1_mix1617,20,7,0,1,0,37.83
fold2_room1_mix1617,21,7,0,0,0,36.44
fold2_room1_mix1617,22,7,0,0,0,38.43
fold2_room1_mix1617,24,7,0,-3,0,10.82
fold2_room1_mix1617,25,7,0,0,0,42.24
fold2_room1_mix1617,26,7,0,0,0,43.66
fold2_room1_mix1617,27,7,0,1,0,39.26
fold2_room1_mix1617,28,7,0,1,0,37.49
fold2_room1_mix1617,29,7,0,1,0,47.32
fold2_room1_mix1617,30,7,0,0,0,44.58
fold2_room1_mix1617,31,7,0,0,0,43.15
fold2_room1_mix1617,32,7,0,1,0,42.44
fold2_room1_mix1617,33,7,0,-1,0,36.18
fold2_room1_mix1617,34,7,0,-2,0,34.88
fold2_room1_mix1617,35,7,0,-2,0,33.62
fold2_room1_mix1617,36,7,0,-1,0,30.29
fold2_room1_mix1617,37,7,0,-6,0,26.73
fold2_room1_mix1617,38,7,0,-8,0,26.75
fold2_room1_mix1617,39,7,0,-6,0,23.59
fold2_room1_mix1617,40,7,0,-9,0,22.12
fold2_room1_mix1617,41,7,0,-11,0,19.69
fold2_room1_mix1617,42,7,0,-11,0,17.84
fold2_room1_mix1617,43,7,0,-11,0,16.96
fold2_room1_mix1617,44,7,0,-12,0,14.82
fold2_room1_mix1617,45,7,0,-16,0,12.95
fold2_room1_mix1617,46,7,0,-16,0,11.21
fold2_room1_mix1617,47,7,0,-20,0,9.23
fold2_room1_mix1617,48,7,0,-27,-1,7.50
fold2_room1_mix1617,49,7,0,-35,-1,5.80
fold2_room1_mix1617,50,7,0,-45,-3,4.11
fold2_room1_mix1617,51,7,0,-57,-3,3.95
fold2_room1_mix1617,52,7,0,-85,-5,2.87
fold2_room1_mix1617,53,7,0,-113,-4,3.03
fold2_room1_mix1617,54,7,0,-129,-3,3.63
fold2_room1_mix1617,55,7,0,-143,-2,4.93
fold2_room1_mix1617,56,7,0,-153,-2,6.23
fold2_room1_mix1617,57,7,0,-156,-2,7.87
fold2_room1_mix1617,58,7,0,-157,-1,8.71
fold2_room1_mix1617,59,7,0,-160,-1,10.06
fold2_room1_mix1617,60,7,0,-163,-1,11.13
fold2_room1_mix1617,61,7,0,-166,0,14.32
fold2_room1_mix1617,62,7,0,-167,0,15.50
fold2_room1_mix1617,63,7,0,-168,0,16.23
fold2_room1_mix1617,64,7,0,-169,0,18.40
fold2_room1_mix1617,65,7,0,-169,0,19.39
fold2_room1_mix1617,66,7,0,-169,0,20.36
fold2_room1_mix1617,67,7,0,-170,0,23.91
fold2_room1_mix1617,68,7,0,-172,0,26.38
fold2_room1_mix1617,69,7,0,-170,0,24.83
fold2_room1_mix1617,70,7,0,-171,0,28.72
fold2_room1_mix1617,71,7,0,-172,0,29.30
fold2_room1_mix1617,72,7,0,-173,0,28.12
fold2_room1_mix1617,73,7,0,-173,0,30.47
fold2_room1_mix1617,74,7,0,-173,0,29.67
fold2_room1_mix1617,75,7,0,-173,0,30.37
fold2_room1_mix1617,76,7,0,-174,0,29.41
fold2_room1_mix1617,77,7,0,-173,0,34.69
fold2_room1_mix1617,78,7,0,-175,0,41.41
fold2_room1_mix1617,79,7,0,-174,0,30.02
fold2_room1_mix1617,80,7,0,-175,0,33.35
fold2_room1_mix1617,81,7,0,-176,0,27.13
fold2_room1_mix1617,83,7,0,-174,0,14.23
fold2_room1_mix1617,84,7,0,-176,0,7.70
fold2_room1_mix1617,85,7,0,-175,0,35.86
fold2_room1_mix1617,86,7,0,-176,0,49.89
fold2_room1_mix1617,87,7,0,-177,0,53.59
fold2_room1_mix1617,88,7,0,-177,0,54.48
fold2_room1_mix1617,89,7,0,-177,0,59.82
fold2_room1_mix1617,90,7,0,-177,0,58.95
fold2_room1_mix1617,91,7,0,-178,0,59.68
fold2_room1_mix1617,92,7,0,-178,0,65.17
fold2_room1_mix1617,93,7,0,-177,0,56.70
fold2_room1_mix1617,94,7,0,-177,0,60.94
fold2_room1_mix1617,95,7,0,-176,0,66.90
fold2_room1_mix1617,96,7,0,-177,0,61.73
fold2_room1_mix1617,97,7,0,-178,0,61.70
fold2_room1_mix1617,98,7,0,-176,0,17.08
fold2_room1_mix1618,3,7,0,-178,0,6.47
fold2_room1_mix1618,4,7,0,177,0,20.17
fold2_room1_mix1618,5,7,0,178,0,23.68
fold2_room1_mix1618,6,7,0,177,0,23.76
fold2_room1_mix1618,7,7,0,178,0,26.60
fold2_room1_mix1618,8,7,0,179,-1,25.95
fold2_room1_mix1618,9,7,0,178,-1,26.17
fold2_room1_mix1618,10,7,0,178,-1,25.21
fold2_room1_mix1618,11,7,0,177,0,26.28
fold2_room1_mix1618,12,7,0,177,0,26.44
fold2_room1_mix1618,13,7,0,176,0,26.18
fold2_room1_mix1618,14,7,0,176,0,26.20
fold2_room1_mix1618,15,7,0,177,0,25.47
fold2_room1_mix1618,16,7,0,175,0,24.85
fold2_room1_mix1618,17,7,0,175,0,25.41
fold2_room1_mix1618,18,7,0,174,0,24.46
fold2_room1_mix1618,19,7,0,174,0,24.01
fold2_room1_mix1618,20,7,0,174,0,24.53
fold2_room1_mix1618,21,7,0,175,0,23.80
fold2_room1_mix1618,22,7,0,174,0,23.50
fold2_room1_mix1618,23,7,0,174,0,22.33
fold2_room1_mix1618,24,7,0,173,0,22.40
fold2_room1_mix1618,25,7,0,173,0,22.45
fold2_room1_mix1618,26,7,0,173,0,21.15
fold2_room1_mix1618,27,7,0,174,0,20.46
fold2_room1_mix1618,28,7,0,173,0,19.55
fold2_room1_mix1618,29,7,0,172,-1,18.26
fold2_room1_mix1618,30,7,0,171,-1,19.36
fold2_room1_mix1618,31,7,0,171,-1,17.66
fold2_room1_mix1618,32,7,0,170,-1,16.80
fold2_room1_mix1618,33,7,0,169,0,17.33
fold2_room1_mix1618,34,7,0,170,-1,16.31
fold2_room1_mix1618,35,7,0,168,-1,14.65
fold2_room1_mix1618,36,7,0,167,-1,13.97
fold2_room1_mix1618,37,7,0,166,-1,12.90
fold2_room1_mix1618,38,7,0,164,-1,12.47
fold2_room1_mix1618,39,7,0,163,-1,10.59
fold2_room1_mix1618,40,7,0,163,-1,10.19
fold2_room1_mix1618,41,7,0,159,-1,9.27
fold2_room1_mix1618,42,7,0,159,-1,8.58
fold2_room1_mix1618,43,7,0,158,-1,8.07
fold2_room1_mix1618,44,7,0,156,-1,7.52
fold2_room1_mix1618,45,7,0,152,-1,6.45
fold2_room1_mix1618,46,7,0,149,-1,5.95
fold2_room1_mix1618,47,7,0,147,-1,5.46
fold2_room1_mix1618,48,7,0,142,-2,4.71
fold2_room1_mix1618,49,7,0,133,-1,3.83
fold2_room1_mix1618,50,7,0,120,-1,3.39
fold2_room1_mix1618,51,7,0,100,0,3.13
fold2_room1_mix1618,52,7,0,91,0,3.46
fold2_room1_mix1618,53,7,0,72,0,3.57
fold2_room1_mix1618,54,7,0,59,0,4.01
fold2_room1_mix1618,55,7,0,50,0,4.15
fold2_room1_mix1618,56,7,0,42,0,4.55
fold2_room1_mix1618,57,7,0,35,0,4.79
fold2_room1_mix1618,58,7,0,32,0,5.33
fold2_room1_mix1618,59,7,0,29,0,5.72
fold2_room1_mix1618,60,7,0,25,0,6.43
fold2_room1_mix1618,61,7,0,23,0,6.83
fold2_room1_mix1618,62,7,0,23,0,7.64
fold2_room1_mix1618,63,7,0,20,0,8.38
fold2_room1_mix1618,64,7,0,19,0,8.89
fold2_room1_mix1618,65,7,0,18,0,9.74
fold2_room1_mix1618,66,7,0,18,0,10.49
fold2_room1_mix1618,67,7,0,17,0,10.87
fold2_room1_mix1618,68,7,0,15,0,12.28
fold2_room1_mix1618,69,7,0,13,0,13.06
fold2_room1_mix1618,70,7,0,13,0,14.26
fold2_room1_mix1618,71,7,0,12,0,14.79
fold2_room1_mix1618,72,7,0,12,0,16.22
fold2_room1_mix1618,73,7,0,11,0,16.64
fold2_room1_mix1618,74,7,0,10,0,17.62
fold2_room1_mix1618,75,7,0,10,0,18.01
fold2_room1_mix1618,76,7,0,9,0,19.03
fold2_room1_mix1618,77,7,0,9,0,19.06
fold2_room1_mix1618,78,7,0,9,0,21.53
fold2_room1_mix1618,79,7,0,8,0,21.02
fold2_room1_mix1618,80,7,0,8,0,20.86
fold2_room1_mix1618,81,7,0,8,0,23.27
fold2_room1_mix1618,82,7,0,7,0,23.50
fold2_room1_mix1618,83,7,0,7,0,23.55
fold2_room1_mix1618,84,7,0,7,0,25.59
fold2_room1_mix1618,85,7,0,7,0,25.48
fold2_room1_mix1618,86,7,0,8,0,26.52
fold2_room1_mix1618,87,7,0,8,0,26.90
fold2_room1_mix1618,88,7,0,8,0,27.62
fold2_room1_mix1618,89,7,0,8,0,28.08
fold2_room1_mix1618,90,7,0,8,0,28.02
fold2_room1_mix1618,91,7,0,8,0,29.04
fold2_room1_mix1618,92,7,0,8,0,29.82
fold2_room1_mix1618,93,7,0,8,0,29.38
fold2_room1_mix1618,94,7,0,8,0,31.66
fold2_room1_mix1618,95,7,0,7,0,31.56
fold2_room1_mix1618,96,7,0,8,0,31.24
fold2_room1_mix1618,97,7,0,8,0,32.89
fold2_room1_mix1618,98,7,0,7,0,34.22
fold2_room1_mix1618,99,7,0,7,0,32.44
fold2_room1_mix1619,3,7,0,1,0,10.17
fold2_room1_mix1619,4,7,0,0,0,32.77
fold2_room1_mix1619,5,7,0,2,0,43.47
fold2_room1_mix1619,6,7,0,1,0,35.64
fold2_room1_mix1619,7,7,0,1,0,43.96
fold2_room1_mix1619,8,7,0,2,0,52.38
fold2_room1_mix1619,9,7,0,2,0,48.22
fold2_room1_mix1619,10,7,0,1,0,46.27
fold2_room1_mix1619,11,7,0,2,0,50.08
fold2_room1_mix1619,12,7,0,2,0,53.02
fold2_room1_mix1619,13,7,0,2,0,48.71
fold2_room1_mix1619,14,7,0,2,0,53.47
fold2_room1_mix1619,15,7,0,2,0,52.95
fold2_room1_mix1619,16,7,0,2,0,47.53
fold2_room1_mix1619,17,7,0,2,0,47.59
fold2_room1_mix1619,18,7,0,2,0,48.32
fold2_room1_mix1619,19,7,0,2,0,47.39
fold2_room1_mix1619,20,7,0,2,0,44.81
fold2_room1_mix1619,21,7,0,2,0,48.88
fold2_room1_mix1619,22,7,0,2,0,45.03
fold2_room1_mix1619,23,7,0,2,0,43.65
fold2_room1_mix1619,24,7,0,2,0,44.37
fold2_room1_mix1619,25,7,0,2,0,47.04
fold2_room1_mix1619,26,7,0,2,0,45.77
fold2_room1_mix1619,27,7,0,3,0,43.96
fold2_room1_mix1619,28,7,0,2,0,45.55
fold2_room1_mix1619,29,7,0,3,0,42.77
fold2_room1_mix1619,30,7,0,2,0,42.54
fold2_room1_mix1619,31,7,0,3,0,42.09
fold2_room1_mix1619,32,7,0,2,0,40.62
fold2_room1_mix1619,33,7,0,4,0,41.44
fold2_room1_mix1619,34,7,0,3,0,41.04
fold2_room1_mix1619,35,7,0,3,0,38.00
fold2_room1_mix1619,36,7,0,3,0,35.48
fold2_room1_mix1619,37,7,0,4,0,35.73
fold2_room1_mix1619,38,7,0,4,0,33.96
fold2_room1_mix1619,39,7,0,4,0,33.10
fold2_room1_mix1619,40,7,0,4,0,34.08
fold2_room1_mix1619,41,7,0,5,0,32.24
fold2_room1_mix1619,42,7,0,5,0,31.42
fold2_room1_mix1619,43,7,0,6,0,31.85
fold2_room1_mix1619,44,7,0,6,0,32.92
fold2_room1_mix1619,45,7,0,6,0,30.94
fold2_room1_mix1619,46,7,0,6,0,29.97
fold2_room1_mix1619,47,7,0,5,0,30.20
fold2_room1_mix1619,48,7,0,5,0,28.27
fold2_room1_mix1619,49,7,0,8,0,25.98
fold2_room1_mix1619,50,7,0,8,0,24.32
fold2_room1_mix1619,51,7,0,6,0,24.41
fold2_room1_mix1619,52,7,0,7,0,23.08
fold2_room1_mix1619,53,7,0,8,0,21.77
fold2_room1_mix1619,54,7,0,7,0,20.26
fold2_room1_mix1619,55,7,0,8,0,18.31
fold2_room1_mix1619,56,7,0,7,0,17.55
fold2_room1_mix1619,57,7,0,10,0,18.31
fold2_room1_mix1619,58,7,0,7,0,15.87
fold2_room1_mix1619,59,7,0,9,0,16.18
fold2_room1_mix1619,60,7,0,10,0,14.80
fold2_room1_mix1619,61,7,0,11,0,14.16
fold2_room1_mix1619,62,7,0,9,0,13.61
fold2_room1_mix1619,63,7,0,13,0,12.43
fold2_room1_mix1619,64,7,0,12,0,11.19
fold2_room1_mix1619,65,7,0,12,-1,10.38
fold2_room1_mix1619,66,7,0,16,0,9.48
fold2_room1_mix1619,67,7,0,16,-1,8.51
fold2_room1_mix1619,68,7,0,18,-1,7.85
fold2_room1_mix1619,69,7,0,19,-2,6.19
fold2_room1_mix1619,70,7,0,21,-2,5.48
fold2_room1_mix1619,71,7,0,27,-3,4.00
fold2_room1_mix1619,72,7,0,34,-2,3.29
fold2_room1_mix1619,73,7,0,42,-3,2.78
fold2_room1_mix1619,74,7,0,58,-3,2.30
fold2_room1_mix1619,75,7,0,82,-1,1.84
fold2_room1_mix1619,76,7,0,118,-1,1.99
fold2_room1_mix1619,77,7,0,132,-1,2.40
fold2_room1_mix1619,78,7,0,146,0,3.13
fold2_room1_mix1619,79,7,0,153,-1,3.74
fold2_room1_mix1619,80,7,0,156,-1,4.57
fold2_room1_mix1619,81,7,0,160,0,5.24
fold2_room1_mix1619,82,7,0,163,-1,5.92
fold2_room1_mix1619,83,7,0,166,0,6.70
fold2_room1_mix1619,84,7,0,168,0,7.37
fold2_room1_mix1619,85,7,0,168,0,8.29
fold2_room1_mix1619,86,7,0,168,0,8.55
fold2_room1_mix1619,87,7,0,169,0,10.14
fold2_room1_mix1619,88,7,0,169,0,11.19
fold2_room1_mix1619,89,7,0,170,0,11.81
fold2_room1_mix1619,90,7,0,170,0,12.60
fold2_room1_mix1619,91,7,0,171,0,13.24
fold2_room1_mix1619,92,7,0,171,0,13.78
fold2_room1_mix1619,93,7,0,172,0,14.49
fold2_room1_mix1619,94,7,0,173,0,15.07
fold2_room1_mix1619,95,7,0,173,0,16.20
fold2_room1_mix1619,96,7,0,173,0,16.43
fold2_room1_mix1619,97,7,0,173,0,16.41
fold2_room1_mix1619,98,7,0,174,0,17.63
fold2_room1_mix1619,99,7,0,174,0,18.41
fold2_room1_mix1620,2,7,0,1,0,9.73
fold2_room1_mix1620,3,7,0,0,0,16.79
fold2_room1_mix1620,4,7,0,1,0,28.87
fold2_room1_mix1620,5,7,0,2,0,32.04
fold2_room1_mix1620,6,7,0,1,0,31.36
fold2_room1_mix1620,7,7,0,1,0,37.27
fold2_room1_mix1620,8,7,0,1,0,38.80
fold2_room1_mix1620,9,7,0,2,0,36.68
fold2_room1_mix1620,10,7,0,1,0,36.28
fold2_room1_mix1620,11,7,0,3,0,33.62
fold2_room1_mix1620,12,7,0,2,0,34.05
fold2_room1_mix1620,13,7,0,3,0,34.05
fold2_room1_mix1620,14,7,0,3,0,32.73
fold2_room1_mix1620,15,7,0,2,0,35.56
fold2_room1_mix1620,16,7,0,2,0,37.42
fold2_room1_mix1620,17,7,0,2,0,34.43
fold2_room1_mix1620,18,7,0,1,0,32.52
fold2_room1_mix1620,19,7,0,1,0,35.70
fold2_room1_mix1620,20,7,0,1,0,35.03
fold2_room1_mix1620,21,7,0,3,0,34.60
fold2_room1_mix1620,22,7,0,4,0,32.59
fold2_room1_mix1620,23,7,0,3,0,32.18
fold2_room1_mix1620,24,7,0,2,0,32.77
fold2_room1_mix1620,25,7,0,2,0,31.24
fold2_room1_mix1620,26,7,0,3,0,29.74
fold2_room1_mix1620,27,7,0,3,0,30.84
fold2_room1_mix1620,28,7,0,3,0,31.26
fold2_room1_mix1620,29,7,0,4,0,26.95
fold2_room1_mix1620,30,7,0,2,0,27.66
fold2_room1_mix1620,31,7,0,2,0,27.71
fold2_room1_mix1620,32,7,0,4,0,26.24
fold2_room1_mix1620,33,7,0,6,0,23.81
fold2_room1_mix1620,34,7,0,6,0,22.00
fold2_room1_mix1620,35,7,0,4,0,21.42
fold2_room1_mix1620,36,7,0,5,0,19.91
fold2_room1_mix1620,37,7,0,5,0,18.51
fold2_room1_mix1620,38,7,0,8,0,17.82
fold2_room1_mix1620,39,7,0,7,0,17.34
fold2_room1_mix1620,40,7,0,6,0,16.72
fold2_room1_mix1620,41,7,0,6,0,15.71
fold2_room1_mix1620,42,7,0,8,0,14.99
fold2_room1_mix1620,43,7,0,7,0,14.94
fold2_room1_mix1620,44,7,0,8,0,13.26
fold2_room1_mix1620,45,7,0,10,0,11.83
fold2_room1_mix1620,46,7,0,10,0,11.28
fold2_room1_mix1620,47,7,0,13,0,10.32
fold2_room1_mix1620,48,7,0,13,-1,9.14
fold2_room1_mix1620,49,7,0,13,-1,8.46
fold2_room1_mix1620,50,7,0,14,-1,7.83
fold2_room1_mix1620,51,7,0,16,-1,6.65
fold2_room1_mix1620,52,7,0,18,-2,5.57
fold2_room1_mix1620,53,7,0,20,-2,4.75
fold2_room1_mix1620,54,7,0,26,-2,4.16
fold2_room1_mix1620,55,7,0,32,-3,3.38
fold2_room1_mix1620,56,7,0,39,-3,2.75
fold2_room1_mix1620,57,7,0,51,-2,2.04
fold2_room1_mix1620,58,7,0,77,-1,1.87
fold2_room1_mix1620,59,7,0,112,-1,1.74
fold2_room1_mix1620,60,7,0,127,-1,2.02
fold2_room1_mix1620,61,7,0,141,-1,2.54
fold2_room1_mix1620,62,7,0,151,-1,3.26
fold2_room1_mix1620,63,7,0,156,-1,3.83
fold2_room1_mix1620,64,7,0,159,-1,4.71
fold2_room1_mix1620,65,7,0,161,0,4.98
fold2_room1_mix1620,66,7,0,164,0,5.75
fold2_room1_mix1620,67,7,0,166,0,6.21
fold2_room1_mix1620,68,7,0,169,0,7.11
fold2_room1_mix1620,69,7,0,169,0,8.12
fold2_room1_mix1620,70,7,0,170,0,9.01
fold2_room1_mix1620,71,7,0,170,0,9.29
fold2_room1_mix1620,72,7,0,170,0,9.85
fold2_room1_mix1620,73,7,0,170,0,11.44
fold2_room1_mix1620,74,7,0,172,0,11.21
fold2_room1_mix1620,75,7,0,172,0,12.65
fold2_room1_mix1620,76,7,0,172,0,12.63
fold2_room1_mix1620,77,7,0,173,0,12.89
fold2_room1_mix1620,78,7,0,173,0,14.24
fold2_room1_mix1620,79,7,0,174,0,14.90
fold2_room1_mix1620,80,7,0,174,0,14.98
fold2_room1_mix1620,81,7,0,174,0,15.53
fold2_room1_mix1620,82,7,0,175,0,16.69
fold2_room1_mix1620,83,7,0,175,0,17.71
fold2_room1_mix1620,84,7,0,175,0,18.31
fold2_room1_mix1620,85,7,0,175,0,19.15
fold2_room1_mix1620,86,7,0,175,0,19.48
fold2_room1_mix1620,87,7,0,176,0,21.47
fold2_room1_mix1620,88,7,0,176,0,21.74
fold2_room1_mix1620,89,7,0,175,0,22.64
fold2_room1_mix1620,90,7,0,175,0,22.64
fold2_room1_mix1620,91,7,0,176,0,25.54
fold2_room1_mix1620,92,7,0,177,0,26.28
fold2_room1_mix1620,93,7,0,177,0,26.53
fold2_room1_mix1620,94,7,0,176,0,28.47
fold2_room1_mix1620,95,7,0,176,0,29.13
fold2_room1_mix1620,96,7,0,177,0,28.09
fold2_room1_mix1620,97,7,0,177,0,29.38
fold2_room1_mix1620,98,7,0,176,0,28.86
fold2_room1_mix1620,99,7,0,177,0,29.58
fold2_room1_mix1621,2,7,0,178,0,27.00
fold2_room1_mix1621,3,7,0,-177,0,26.36
fold2_room1_mix1621,4,7,0,-176,0,28.01
fold2_room1_mix1621,5,7,0,-177,0,31.77
fold2_room1_mix1621,6,7,0,-178,0,31.91
fold2_room1_mix1621,7,7,0,-176,0,30.82
fold2_room1_mix1621,8,7,0,-175,0,28.85
fold2_room1_mix1621,9,7,0,-173,0,27.69
fold2_room1_mix1621,10,7,0,-172,-1,25.61
fold2_room1_mix1621,11,7,0,-173,-1,28.44
fold2_room1_mix1621,12,7,0,-172,-1,25.19
fold2_room1_mix1621,13,7,0,-172,-1,24.26
fold2_room1_mix1621,14,7,0,-172,-1,23.23
fold2_room1_mix1621,15,7,0,-172,-1,20.61
fold2_room1_mix1621,16,7,0,-171,-1,19.11
fold2_room1_mix1621,17,7,0,-170,-1,18.04
fold2_room1_mix1621,18,7,0,-171,-1,17.78
fold2_room1_mix1621,19,7,0,-174,-1,16.84
fold2_room1_mix1621,20,7,0,-171,-1,16.14
fold2_room1_mix1621,21,7,0,-172,-1,15.32
fold2_room1_mix1621,22,7,0,-172,-1,15.42
fold2_room1_mix1621,23,7,0,-168,-1,12.64
fold2_room1_mix1621,24,7,0,-167,-1,12.17
fold2_room1_mix1621,25,7,0,-164,-1,9.62
fold2_room1_mix1621,26,7,0,-159,-1,7.63
fold2_room1_mix1621,27,7,0,-158,-1,7.62
fold2_room1_mix1621,28,7,0,-154,-2,5.84
fold2_room1_mix1621,29,7,0,-149,-2,5.27
fold2_room1_mix1621,30,7,0,-133,-3,3.64
fold2_room1_mix1621,31,7,0,-124,-3,2.84
fold2_room1_mix1621,32,7,0,-98,-2,2.52
fold2_room1_mix1621,33,7,0,-68,-2,2.62
fold2_room1_mix1621,34,7,0,-49,-2,3.40
fold2_room1_mix1621,35,7,0,-38,-2,4.56
fold2_room1_mix1621,36,7,0,-31,-2,5.00
fold2_room1_mix1621,37,7,0,-25,-1,6.00
fold2_room1_mix1621,38,7,0,-21,-1,7.10
fold2_room1_mix1621,39,7,0,-17,-1,7.90
fold2_room1_mix1621,40,7,0,-15,0,8.99
fold2_room1_mix1621,41,7,0,-13,0,9.59
fold2_room1_mix1621,42,7,0,-12,0,10.94
fold2_room1_mix1621,43,7,0,-9,0,12.36
fold2_room1_mix1621,44,7,0,-10,0,12.71
fold2_room1_mix1621,45,7,0,-9,0,13.88
fold2_room1_mix1621,46,7,0,-8,0,15.93
fold2_room1_mix1621,47,7,0,-6,0,17.17
fold2_room1_mix1621,48,7,0,-6,0,17.82
fold2_room1_mix1621,49,7,0,-5,0,19.32
fold2_room1_mix1621,50,7,0,-5,0,18.85
fold2_room1_mix1621,51,7,0,-5,0,20.17
fold2_room1_mix1621,52,7,0,-5,0,22.51
fold2_room1_mix1621,53,7,0,-4,0,22.96
fold2_room1_mix1621,54,7,0,-3,0,25.00
fold2_room1_mix1621,55,7,0,-3,0,25.17
fold2_room1_mix1621,56,7,0,-3,0,27.21
fold2_room1_mix1621,57,7,0,-2,0,29.78
fold2_room1_mix1621,58,7,0,-2,0,28.98
fold2_room1_mix1621,59,7,0,-2,0,32.22
fold2_room1_mix1621,60,7,0,-1,0,32.49
fold2_room1_mix1621,61,7,0,-2,0,33.58
fold2_room1_mix1621,62,7,0,-2,0,35.13
fold2_room1_mix1621,63,7,0,-2,0,34.96
fold2_room1_mix1621,64,7,0,-2,0,39.04
fold2_room1_mix1621,65,7,0,-1,0,39.74
fold2_room1_mix1621,66,7,0,-1,0,39.49
fold2_room1_mix1621,67,7,0,-1,0,41.99
fold2_room1_mix1621,68,7,0,-2,0,45.28
fold2_room1_mix1621,69,7,0,-1,0,44.35
fold2_room1_mix1621,70,7,0,-2,0,46.74
fold2_room1_mix1621,71,7,0,-1,0,48.54
fold2_room1_mix1621,72,7,0,-1,0,51.53
fold2_room1_mix1621,73,7,0,-1,0,47.68
fold2_room1_mix1621,74,7,0,-1,0,48.35
fold2_room1_mix1621,75,7,0,-1,0,53.13
fold2_room1_mix1621,76,7,0,-1,0,47.63
fold2_room1_mix1621,77,7,0,-2,0,50.41
fold2_room1_mix1621,78,7,0,-2,0,54.35
fold2_room1_mix1621,79,7,0,-2,0,33.33
fold2_room1_mix1621,80,7,0,-3,0,5.95
fold2_room1_mix1621,82,7,0,-4,0,7.71
fold2_room1_mix1621,85,7,0,-4,0,19.08
fold2_room1_mix1621,89,7,0,-3,0,17.75
fold2_room1_mix1621,90,7,0,-2,0,33.34
fold2_room1_mix1621,91,7,0,-3,0,29.12
fold2_room1_mix1621,92,7,0,-2,0,25.07
fold2_room1_mix1622,2,7,0,1,0,8.78
fold2_room1_mix1622,3,7,0,0,0,20.67
fold2_room1_mix1622,4,7,0,1,0,25.63
fold2_room1_mix1622,5,7,0,0,0,32.00
fold2_room1_mix1622,6,7,0,1,0,33.91
fold2_room1_mix1622,7,7,0,0,0,35.31
fold2_room1_mix1622,8,7,0,2,0,42.22
fold2_room1_mix1622,9,7,0,1,0,42.26
fold2_room1_mix1622,10,7,0,0,0,41.77
fold2_room1_mix1622,11,7,0,1,0,45.30
fold2_room1_mix1622,12,7,0,1,0,43.24
fold2_room1_mix1622,13,7,0,0,0,41.94
fold2_room1_mix1622,14,7,0,1,0,43.40
fold2_room1_mix1622,15,7,0,1,0,44.67
fold2_room1_mix1622,16,7,0,1,0,43.07
fold2_room1_mix1622,17,7,0,0,0,42.84
fold2_room1_mix1622,18,7,0,0,0,46.44
fold2_room1_mix1622,19,7,0,1,0,44.86
fold2_room1_mix1622,20,7,0,0,0,45.20
fold2_room1_mix1622,21,7,0,0,0,43.38
fold2_room1_mix1622,22,7,0,1,0,40.95
fold2_room1_mix1622,23,7,0,0,0,39.75
fold2_room1_mix1622,24,7,0,0,0,40.67
fold2_room1_mix1622,25,7,0,0,0,37.47
fold2_room1_mix1622,26,7,0,-3,0,34.67
fold2_room1_mix1622,27,7,0,-3,0,35.43
fold2_room1_mix1622,28,7,0,-3,0,32.77
fold2_room1_mix1622,29,7,0,-5,0,29.24
fold2_room1_mix1622,30,7,0,-4,0,30.61
fold2_room1_mix1622,31,7,0,-2,0,31.09
fold2_room1_mix1622,32,7,0,-3,0,27.71
fold2_room1_mix1622,33,7,0,-4,0,28.42
fold2_room1_mix1622,34,7,0,-4,0,26.28
fold2_room1_mix1622,35,7,0,-5,0,25.97
fold2_room1_mix1622,36,7,0,-6,0,23.65
fold2_room1_mix1622,37,7,0,-7,0,23.72
fold2_room1_mix1622,38,7,0,-9,0,20.70
fold2_room1_mix1622,39,7,0,-10,0,19.15
fold2_room1_mix1622,40,7,0,-11,0,18.38
fold2_room1_mix1622,41,7,0,-12,0,15.94
fold2_room1_mix1622,42,7,0,-13,0,14.55
fold2_room1_mix1622,43,7,0,-13,0,14.40
fold2_room1_mix1622,44,7,0,-16,-1,12.85
fold2_room1_mix1622,45,7,0,-17,0,11.75
fold2_room1_mix1622,46,7,0,-19,0,10.97
fold2_room1_mix1622,47,7,0,-21,0,9.97
fold2_room1_mix1622,48,7,0,-24,-1,8.42
fold2_room1_mix1622,49,7,0,-26,-1,7.86
fold2_room1_mix1622,50,7,0,-32,-1,6.79
fold2_room1_mix1622,51,7,0,-37,-2,5.69
fold2_room1_mix1622,52,7,0,-43,-2,4.87
fold2_room1_mix1622,53,7,0,-51,-2,4.61
fold2_room1_mix1622,54,7,0,-67,-3,3.86
fold2_room1_mix1622,55,7,0,-86,-4,3.38
fold2_room1_mix1622,56,7,0,-108,-3,3.90
fold2_room1_mix1622,57,7,0,-121,-2,4.17
fold2_room1_mix1622,58,7,0,-131,-3,4.89
fold2_room1_mix1622,59,7,0,-142,-2,5.85
fold2_room1_mix1622,60,7,0,-147,-2,6.83
fold2_room1_mix1622,61,7,0,-148,-1,7.12
fold2_room1_mix1622,62,7,0,-153,-1,8.10
fold2_room1_mix1622,63,7,0,-155,-1,9.30
fold2_room1_mix1622,64,7,0,-157,-1,10.34
fold2_room1_mix1622,65,7,0,-160,0,12.11
fold2_room1_mix1622,66,7,0,-162,0,13.23
fold2_room1_mix1622,67,7,0,-163,0,14.71
fold2_room1_mix1622,68,7,0,-166,0,15.69
fold2_room1_mix1622,69,7,0,-165,0,16.41
fold2_room1_mix1622,70,7,0,-167,0,18.88
fold2_room1_mix1622,71,7,0,-168,0,19.16
fold2_room1_mix1622,72,7,0,-169,0,21.00
fold2_room1_mix1622,73,7,0,-168,0,20.70
fold2_room1_mix1622,74,7,0,-169,0,21.51
fold2_room1_mix1622,75,7,0,-169,0,22.98
fold2_room1_mix1622,76,7,0,-169,0,24.86
fold2_room1_mix1622,77,7,0,-170,0,26.33
fold2_room1_mix1622,78,7,0,-172,0,28.20
fold2_room1_mix1622,79,7,0,-172,0,29.06
fold2_room1_mix1622,80,7,0,-173,0,30.95
fold2_room1_mix1622,81,7,0,-173,0,30.36
fold2_room1_mix1622,82,7,0,-172,0,30.83
fold2_room1_mix1622,83,7,0,-173,0,33.17
fold2_room1_mix1622,84,7,0,-174,0,33.66
fold2_room1_mix1622,85,7,0,-174,0,35.88
fold2_room1_mix1622,86,7,0,-173,0,37.51
fold2_room1_mix1622,87,7,0,-174,0,39.79
fold2_room1_mix1622,88,7,0,-175,0,41.93
fold2_room1_mix1622,89,7,0,-174,0,41.27
fold2_room1_mix1622,90,7,0,-174,0,41.94
fold2_room1_mix1622,91,7,0,-175,0,45.51
fold2_room1_mix1622,92,7,0,-175,0,46.22
fold2_room1_mix1622,93,7,0,-175,0,46.71
fold2_room1_mix1622,94,7,0,-176,0,47.56
fold2_room1_mix1622,95,7,0,-176,0,50.26
fold2_room1_mix1622,96,7,0,-175,0,51.53
fold2_room1_mix1622,97,7,0,-176,0,49.64
fold2_room1_mix1622,98,7,0,-175,0,51.72
fold2_room1_mix1622,99,7,0,-175,0,52.86
fold2_room1_mix1623,3,7,0,-176,0,12.78
fold2_room1_mix1623,4,7,0,-173,0,18.98
fold2_room1_mix1623,5,7,0,-174,0,22.69
fold2_room1_mix1623,6,7,0,-173,0,22.26
fold2_room1_mix1623,7,7,0,-171,-1,22.11
fold2_room1_mix1623,8,7,0,-171,-1,21.42
fold2_room1_mix1623,9,7,0,-171,-1,21.70
fold2_room1_mix1623,10,7,0,-169,-1,20.02
fold2_room1_mix1623,11,7,0,-170,-1,20.77
fold2_room1_mix1623,12,7,0,-169,-1,18.95
fold2_room1_mix1623,13,7,0,-169,-1,19.38
fold2_room1_mix1623,14,7,0,-170,-1,18.80
fold2_room1_mix1623,15,7,0,-169,-1,18.43
fold2_room1_mix1623,16,7,0,-169,-1,17.82
fold2_room1_mix1623,17,7,0,-169,-1,17.74
fold2_room1_mix1623,18,7,0,-169,-1,17.20
fold2_room1_mix1623,19,7,0,-169,-1,17.49
fold2_room1_mix1623,20,7,0,-169,-1,16.57
fold2_room1_mix1623,21,7,0,-168,-1,16.04
fold2_room1_mix1623,22,7,0,-168,-1,15.50
fold2_room1_mix1623,23,7,0,-166,-1,14.24
fold2_room1_mix1623,24,7,0,-165,-1,13.91
fold2_room1_mix1623,25,7,0,-164,-1,13.28
fold2_room1_mix1623,26,7,0,-162,-1,11.97
fold2_room1_mix1623,27,7,0,-161,-1,11.07
fold2_room1_mix1623,28,7,0,-161,-1,11.27
fold2_room1_mix1623,29,7,0,-160,-1,10.43
fold2_room1_mix1623,30,7,0,-157,-1,9.51
fold2_room1_mix1623,31,7,0,-156,-1,8.62
fold2_room1_mix1623,32,7,0,-154,-1,8.14
fold2_room1_mix1623,33,7,0,-152,-2,7.69
fold2_room1_mix1623,34,7,0,-147,-2,7.08
fold2_room1_mix1623,35,7,0,-142,-2,6.12
fold2_room1_mix1623,36,7,0,-140,-2,5.99
fold2_room1_mix1623,37,7,0,-134,-3,5.08
fold2_room1_mix1623,38,7,0,-129,-3,4.95
fold2_room1_mix1623,39,7,0,-121,-3,4.53
fold2_room1_mix1623,40,7,0,-106,-4,4.15
fold2_room1_mix1623,41,7,0,-93,-4,4.00
fold2_room1_mix1623,42,7,0,-87,-4,4.03
fold2_room1_mix1623,43,7,0,-76,-3,4.14
fold2_room1_mix1623,44,7,0,-65,-3,4.67
fold2_room1_mix1623,45,7,0,-57,-3,5.05
fold2_room1_mix1623,46,7,0,-51,-2,5.38
fold2_room1_mix1623,47,7,0,-45,-2,5.60
fold2_room1_mix1623,48,7,0,-39,-2,6.35
fold2_room1_mix1623,49,7,0,-37,-2,6.45
fold2_room1_mix1623,50,7,0,-35,-2,7.02
fold2_room1_mix1623,51,7,0,-31,-1,7.53
fold2_room1_mix1623,52,7,0,-28,-1,7.94
fold2_room1_mix1623,53,7,0,-26,-1,8.83
fold2_room1_mix1623,54,7,0,-24,-1,9.14
fold2_room1_mix1623,55,7,0,-22,-1,9.77
fold2_room1_mix1623,56,7,0,-20,-1,11.30
fold2_room1_mix1623,57,7,0,-21,-1,11.68
fold2_room1_mix1623,58,7,0,-19,-1,12.78
fold2_room1_mix1623,59,7,0,-19,0,13.02
fold2_room1_mix1623,60,7,0,-17,0,14.38
fold2_room1_mix1623,61,7,0,-16,0,14.65
fold2_room1_mix1623,62,7,0,-15,0,15.70
fold2_room1_mix1623,63,7,0,-15,0,16.61
fold2_room1_mix1623,64,7,0,-14,0,17.25
fold2_room1_mix1623,65,7,0,-13,0,17.56
fold2_room1_mix1623,66,7,0,-13,0,18.61
fold2_room1_mix1623,67,7,0,-12,0,19.57
fold2_room1_mix1623,68,7,0,-11,0,20.98
fold2_room1_mix1623,69,7,0,-11,0,21.00
fold2_room1_mix1623,70,7,0,-11,0,21.85
fold2_room1_mix1623,71,7,0,-11,0,21.83
fold2_room1_mix1623,72,7,0,-9,0,23.65
fold2_room1_mix1623,73,7,0,-9,0,24.34
fold2_room1_mix1623,74,7,0,-8,0,24.27
fold2_room1_mix1623,75,7,0,-7,0,25.19
fold2_room1_mix1623,76,7,0,-7,0,27.04
fold2_room1_mix1623,77,7,0,-7,0,27.60
fold2_room1_mix1623,78,7,0,-6,0,28.69
fold2_room1_mix1623,79,7,0,-5,0,29.24
fold2_room1_mix1623,80,7,0,-5,0,29.01
fold2_room1_mix1623,81,7,0,-5,0,30.48
fold2_room1_mix1623,82,7,0,-6,0,32.53
fold2_room1_mix1623,83,7,0,-6,0,32.45
fold2_room1_mix1623,84,7,0,-5,0,34.17
fold2_room1_mix1623,85,7,0,-6,0,35.44
fold2_room1_mix1623,86,7,0,-6,0,34.16
fold2_room1_mix1623,87,7,0,-6,0,34.13
fold2_room1_mix1623,88,7,0,-5,0,37.03
fold2_room1_mix1623,89,7,0,-5,0,35.88
fold2_room1_mix1623,90,7,0,-5,0,35.93
fold2_room1_mix1623,91,7,0,-4,0,39.03
fold2_room1_mix1623,92,7,0,-4,0,39.49
fold2_room1_mix1623,93,7,0,-5,0,38.18
fold2_room1_mix1623,94,7,0,-4,0,41.10
fold2_room1_mix1623,95,7,0,-4,0,41.74
fold2_room1_mix1623,96,7,0,-4,0,41.99
fold2_room1_mix1623,97,7,0,-5,0,44.03
fold2_room1_mix1623,98,7,0,-5,0,44.86
fold2_room1_mix1623,99,7,0,-5,0,42.58
fold2_room1_mix1624,2,7,0,0,0,7.70
fold2_room1_mix1624,3,7,0,0,0,19.02
fold2_room1_mix1624,4,7,0,1,0,30.11
fold2_room1_mix1624,5,7,0,1,0,32.51
fold2_room1_mix1624,6,7,0,1,0,34.69
fold2_room1_mix1624,7,7,0,0,0,34.27
fold2_room1_mix1624,8,7,0,1,0,44.87
fold2_room1_mix1624,9,7,0,1,0,41.16
fold2_room1_mix1624,10,7,0,0,0,41.52
fold2_room1_mix1624,11,7,0,1,0,39.96
fold2_room1_mix1624,12,7,0,1,0,42.51
fold2_room1_mix1624,13,7,0,0,0,41.96
fold2_room1_mix1624,14,7,0,1,0,42.78
fold2_room1_mix1624,15,7,0,1,0,41.82
fold2_room1_mix1624,16,7,0,1,0,43.21
fold2_room1_mix1624,17,7,0,1,0,42.88
fold2_room1_mix1624,18,7,0,0,0,41.21
fold2_room1_mix1624,19,7,0,0,0,42.70
fold2_room1_mix1624,20,7,0,1,0,44.60
fold2_room1_mix1624,21,7,0,0,0,43.44
fold2_room1_mix1624,22,7,0,1,0,39.38
fold2_room1_mix1624,23,7,0,1,0,40.48
fold2_room1_mix1624,24,7,0,1,0,41.18
fold2_room1_mix1624,25,7,0,0,0,42.30
fold2_room1_mix1624,26,7,0,1,0,39.71
fold2_room1_mix1624,27,7,0,1,0,42.43
fold2_room1_mix1624,28,7,0,1,0,39.07
fold2_room1_mix1624,29,7,0,0,0,37.37
fold2_room1_mix1624,30,7,0,0,0,36.38
fold2_room1_mix1624,31,7,0,0,0,39.22
fold2_room1_mix1624,32,7,0,0,0,35.40
fold2_room1_mix1624,33,7,0,0,0,33.77
fold2_room1_mix1624,34,7,0,0,0,35.36
fold2_room1_mix1624,35,7,0,0,0,33.50
fold2_room1_mix1624,36,7,0,0,0,32.83
fold2_room1_mix1624,37,7,0,0,0,33.32
fold2_room1_mix1624,38,7,0,-1,0,32.16
fold2_room1_mix1624,39,7,0,-1,0,32.59
fold2_room1_mix1624,40,7,0,1,0,34.07
fold2_room1_mix1624,41,7,0,0,0,32.33
fold2_room1_mix1624,42,7,0,0,0,31.85
fold2_room1_mix1624,43,7,0,-1,0,29.37
fold2_room1_mix1624,44,7,0,-1,0,29.93
fold2_room1_mix1624,45,7,0,-1,0,29.67
fold2_room1_mix1624,46,7,0,0,0,28.75
fold2_room1_mix1624,47,7,0,0,0,29.04
fold2_room1_mix1624,48,7,0,0,0,26.56
fold2_room1_mix1624,49,7,0,-1,0,24.88
fold2_room1_mix1624,50,7,0,-5,0,22.88
fold2_room1_mix1624,51,7,0,-5,0,22.39
fold2_room1_mix1624,52,7,0,-3,0,21.85
fold2_room1_mix1624,53,7,0,-5,0,20.64
fold2_room1_mix1624,54,7,0,-6,0,19.26
fold2_room1_mix1624,55,7,0,-6,0,17.37
fold2_room1_mix1624,56,7,0,-8,0,17.42
fold2_room1_mix1624,57,7,0,-5,0,18.22
fold2_room1_mix1624,58,7,0,-6,0,17.50
fold2_room1_mix1624,59,7,0,-6,0,17.24
fold2_room1_mix1624,60,7,0,-5,0,16.13
fold2_room1_mix1624,61,7,0,-4,0,15.43
fold2_room1_mix1624,62,7,0,-7,0,15.45
fold2_room1_mix1624,63,7,0,-9,0,14.31
fold2_room1_mix1624,64,7,0,-10,0,13.78
fold2_room1_mix1624,65,7,0,-10,0,13.49
fold2_room1_mix1624,66,7,0,-11,0,12.49
fold2_room1_mix1624,67,7,0,-12,0,11.28
fold2_room1_mix1624,68,7,0,-13,-1,10.84
fold2_room1_mix1624,69,7,0,-14,-1,10.16
fold2_room1_mix1624,70,7,0,-15,-1,9.10
fold2_room1_mix1624,71,7,0,-16,-1,8.24
fold2_room1_mix1624,72,7,0,-20,-1,7.25
fold2_room1_mix1624,73,7,0,-21,-1,7.33
fold2_room1_mix1624,74,7,0,-23,-2,6.41
fold2_room1_mix1624,75,7,0,-26,-2,5.67
fold2_room1_mix1624,76,7,0,-29,-3,4.71
fold2_room1_mix1624,77,7,0,-32,-3,4.48
fold2_room1_mix1624,78,7,0,-39,-4,3.55
fold2_room1_mix1624,79,7,0,-43,-4,3.22
fold2_room1_mix1624,80,7,0,-48,-4,2.93
fold2_room1_mix1624,81,7,0,-56,-5,2.50
fold2_room1_mix1624,82,7,0,-68,-4,2.36
fold2_room1_mix1624,83,7,0,-87,-5,2.18
fold2_room1_mix1624,84,7,0,-109,-4,2.34
fold2_room1_mix1624,85,7,0,-117,-3,2.66
fold2_room1_mix1624,86,7,0,-129,-3,2.94
fold2_room1_mix1624,87,7,0,-138,-2,3.48
fold2_room1_mix1624,88,7,0,-144,-2,4.12
fold2_room1_mix1624,89,7,0,-148,-2,4.65
fold2_room1_mix1624,90,7,0,-152,-2,5.17
fold2_room1_mix1624,91,7,0,-155,-1,6.08
fold2_room1_mix1624,92,7,0,-156,-1,6.22
fold2_room1_mix1624,93,7,0,-158,-1,6.58
fold2_room1_mix1624,94,7,0,-159,-1,7.14
fold2_room1_mix1624,95,7,0,-161,-1,8.23
fold2_room1_mix1624,96,7,0,-163,-1,8.18
fold2_room1_mix1624,97,7,0,-163,-1,9.27
fold2_room1_mix1624,98,7,0,-164,0,10.01
fold2_room1_mix1624,99,7,0,-165,0,10.50
fold2_room1_mix1625,2,7,0,-179,0,15.36
fold2_room1_mix1625,3,7,0,-179,0,27.42
fold2_room1_mix1625,4,7,0,-178,0,31.69
fold2_room1_mix1625,5,7,0,-179,0,33.78
fold2_room1_mix1625,6,7,0,-178,0,36.03
fold2_room1_mix1625,7,7,0,-178,0,40.45
fold2_room1_mix1625,8,7,0,-178,0,42.05
fold2_room1_mix1625,9,7,0,-177,0,37.53
fold2_room1_mix1625,10,7,0,-176,0,36.89
fold2_room1_mix1625,11,7,0,-176,0,36.17
fold2_room1_mix1625,12,7,0,-176,0,36.47
fold2_room1_mix1625,13,7,0,-177,0,33.63
fold2_room1_mix1625,14,7,0,-176,0,31.86
fold2_room1_mix1625,15,7,0,-174,0,28.98
fold2_room1_mix1625,16,7,0,-175,0,28.67
fold2_room1_mix1625,17,7,0,-175,0,25.97
fold2_room1_mix1625,18,7,0,-174,0,23.69
fold2_room1_mix1625,19,7,0,-173,-1,23.75
fold2_room1_mix1625,20,7,0,-173,0,24.60
fold2_room1_mix1625,21,7,0,-172,-1,20.82
fold2_room1_mix1625,22,7,0,-170,-1,19.32
fold2_room1_mix1625,23,7,0,-170,-1,18.66
fold2_room1_mix1625,24,7,0,-170,-1,19.20
fold2_room1_mix1625,25,7,0,-170,-1,17.92
fold2_room1_mix1625,26,7,0,-169,-1,14.98
fold2_room1_mix1625,27,7,0,-168,-1,14.75
fold2_room1_mix1625,28,7,0,-167,-1,11.82
fold2_room1_mix1625,29,7,0,-163,-1,9.63
fold2_room1_mix1625,30,7,0,-160,-1,7.89
fold2_room1_mix1625,31,7,0,-158,-1,6.81
fold2_room1_mix1625,32,7,0,-152,-1,5.99
fold2_room1_mix1625,33,7,0,-144,-3,4.30
fold2_room1_mix1625,34,7,0,-127,-3,3.17
fold2_room1_mix1625,35,7,0,-95,-4,2.48
fold2_room1_mix1625,36,7,0,-62,-4,2.62
fold2_room1_mix1625,37,7,0,-46,-3,3.56
fold2_room1_mix1625,38,7,0,-35,-2,4.66
fold2_room1_mix1625,39,7,0,-26,-2,5.80
fold2_room1_mix1625,40,7,0,-21,-1,6.85
fold2_room1_mix1625,41,7,0,-17,-1,7.88
fold2_room1_mix1625,42,7,0,-14,-1,9.48
fold2_room1_mix1625,43,7,0,-13,0,10.98
fold2_room1_mix1625,44,7,0,-10,0,11.98
fold2_room1_mix1625,45,7,0,-9,0,13.40
fold2_room1_mix1625,46,7,0,-9,0,15.22
fold2_room1_mix1625,47,7,0,-8,0,16.10
fold2_room1_mix1625,48,7,0,-7,0,17.87
fold2_room1_mix1625,49,7,0,-6,0,19.90
fold2_room1_mix1625,50,7,0,-6,0,20.04
fold2_room1_mix1625,51,7,0,-5,0,21.62
fold2_room1_mix1625,52,7,0,-5,0,23.51
fold2_room1_mix1625,53,7,0,-4,0,25.01
fold2_room1_mix1625,54,7,0,-4,0,26.23
fold2_room1_mix1625,55,7,0,-3,0,28.04
fold2_room1_mix1625,56,7,0,-3,0,30.64
fold2_room1_mix1625,57,7,0,-2,0,32.85
fold2_room1_mix1625,58,7,0,-2,0,33.36
fold2_room1_mix1625,59,7,0,-2,0,34.87
fold2_room1_mix1625,60,7,0,-1,0,35.28
fold2_room1_mix1625,61,7,0,-1,0,36.35
fold2_room1_mix1625,62,7,0,-1,0,39.00
fold2_room1_mix1625,63,7,0,0,0,38.41
fold2_room1_mix1625,64,7,0,-1,0,41.32
fold2_room1_mix1625,65,7,0,-1,0,42.71
fold2_room1_mix1625,66,7,0,0,0,45.37
fold2_room1_mix1625,67,7,0,0,0,45.63
fold2_room1_mix1625,68,7,0,-1,0,49.20
fold2_room1_mix1625,69,7,0,-1,0,51.66
fold2_room1_mix1625,70,7,0,-1,0,52.11
fold2_room1_mix1625,71,7,0,0,0,53.52
fold2_room1_mix1625,72,7,0,-1,0,54.47
fold2_room1_mix1625,73,7,0,-1,0,56.22
fold2_room1_mix1625,74,7,0,0,0,54.67
fold2_room1_mix1625,75,7,0,0,0,58.43
fold2_room1_mix1625,76,7,0,0,0,58.99
fold2_room1_mix1625,77,7,0,0,0,61.43
fold2_room1_mix1625,78,7,0,-1,0,64.87
fold2_room1_mix1625,79,7,0,-1,0,62.58
fold2_room1_mix1625,80,7,0,-1,0,62.37
fold2_room1_mix1625,81,7,0,-1,0,68.43
fold2_room1_mix1625,82,7,0,-1,0,68.39
fold2_room1_mix1625,83,7,0,0,0,65.95
fold2_room1_mix1625,84,7,0,-1,0,71.00
fold2_room1_mix1625,85,7,0,0,0,72.03
fold2_room1_mix1625,86,7,0,0,0,72.11
fold2_room1_mix1625,87,7,0,0,0,70.16
fold2_room1_mix1625,88,7,0,0,0,77.17
fold2_room1_mix1625,89,7,0,0,0,74.73
fold2_room1_mix1625,90,7,0,0,0,73.42
fold2_room1_mix1625,91,7,0,0,0,86.05
fold2_room1_mix1625,92,7,0,0,0,85.69
fold2_room1_mix1625,93,7,0,0,0,81.86
fold2_room1_mix1625,94,7,0,0,0,81.17
fold2_room1_mix1625,95,7,0,0,0,83.58
fold2_room1_mix1625,96,7,0,0,0,84.13
fold2_room1_mix1625,97,7,0,0,0,89.13
fold2_room1_mix1625,98,7,0,0,0,88.68
fold2_room1_mix1625,99,7,0,0,0,81.12
fold2_room1_mix1626,3,7,0,-179,0,14.20
fold2_room1_mix1626,4,7,0,-179,0,27.30
fold2_room1_mix1626,5,7,0,-179,0,33.35
fold2_room1_mix1626,6,7,0,-179,0,37.36
fold2_room1_mix1626,7,7,0,-178,0,40.38
fold2_room1_mix1626,8,7,0,-179,0,45.89
fold2_room1_mix1626,9,7,0,-178,0,41.89
fold2_room1_mix1626,10,7,0,-178,0,37.62
fold2_room1_mix1626,11,7,0,-179,0,40.40
fold2_room1_mix1626,12,7,0,-177,0,38.86
fold2_room1_mix1626,13,7,0,-177,0,37.18
fold2_room1_mix1626,14,7,0,-179,0,39.84
fold2_room1_mix1626,15,7,0,-177,0,37.24
fold2_room1_mix1626,16,7,0,-177,0,34.83
fold2_room1_mix1626,17,7,0,-177,0,36.31
fold2_room1_mix1626,18,7,0,-175,0,32.86
fold2_room1_mix1626,19,7,0,-176,0,31.50
fold2_room1_mix1626,20,7,0,-177,0,30.03
fold2_room1_mix1626,21,7,0,-176,0,29.31
fold2_room1_mix1626,22,7,0,-176,0,29.10
fold2_room1_mix1626,23,7,0,-174,0,26.09
fold2_room1_mix1626,24,7,0,-173,0,25.96
fold2_room1_mix1626,25,7,0,-173,0,24.43
fold2_room1_mix1626,26,7,0,-172,-1,21.22
fold2_room1_mix1626,27,7,0,-171,-1,20.85
fold2_room1_mix1626,28,7,0,-171,-1,18.94
fold2_room1_mix1626,29,7,0,-170,-1,17.26
fold2_room1_mix1626,30,7,0,-169,-1,15.72
fold2_room1_mix1626,31,7,0,-168,-1,14.90
fold2_room1_mix1626,32,7,0,-166,-1,13.44
fold2_room1_mix1626,33,7,0,-165,-1,11.65
fold2_room1_mix1626,34,7,0,-163,-1,10.60
fold2_room1_mix1626,35,7,0,-161,-1,9.06
fold2_room1_mix1626,36,7,0,-158,-1,7.42
fold2_room1_mix1626,37,7,0,-154,-1,6.45
fold2_room1_mix1626,38,7,0,-146,-2,5.13
fold2_room1_mix1626,39,7,0,-135,-3,3.78
fold2_room1_mix1626,40,7,0,-119,-4,2.75
fold2_room1_mix1626,41,7,0,-92,-3,2.70
fold2_room1_mix1626,42,7,0,-61,-3,2.92
fold2_room1_mix1626,43,7,0,-45,-2,3.73
fold2_room1_mix1626,44,7,0,-32,-2,4.90
fold2_room1_mix1626,45,7,0,-26,-1,5.54
fold2_room1_mix1626,46,7,0,-21,-1,7.19
fold2_room1_mix1626,47,7,0,-17,0,8.38
fold2_room1_mix1626,48,7,0,-15,-1,9.28
fold2_room1_mix1626,49,7,0,-13,0,10.38
fold2_room1_mix1626,50,7,0,-12,0,11.87
fold2_room1_mix1626,51,7,0,-9,0,13.95
fold2_room1_mix1626,52,7,0,-10,0,14.85
fold2_room1_mix1626,53,7,0,-8,0,16.38
fold2_room1_mix1626,54,7,0,-7,0,17.63
fold2_room1_mix1626,55,7,0,-8,0,18.11
fold2_room1_mix1626,56,7,0,-6,0,20.61
fold2_room1_mix1626,57,7,0,-5,0,20.53
fold2_room1_mix1626,58,7,0,-6,0,21.76
fold2_room1_mix1626,59,7,0,-5,0,23.86
fold2_room1_mix1626,60,7,0,-4,0,26.37
fold2_room1_mix1626,61,7,0,-4,0,26.55
fold2_room1_mix1626,62,7,0,-4,0,28.32
fold2_room1_mix1626,63,7,0,-3,0,30.03
fold2_room1_mix1626,64,7,0,-2,0,31.95
fold2_room1_mix1626,65,7,0,-3,0,32.74
fold2_room1_mix1626,66,7,0,-2,0,33.92
fold2_room1_mix1626,67,7,0,-2,0,35.55
fold2_room1_mix1626,68,7,0,-2,0,36.64
fold2_room1_mix1626,69,7,0,-2,0,38.03
fold2_room1_mix1626,70,7,0,-1,0,39.58
fold2_room1_mix1626,71,7,0,-2,0,39.77
fold2_room1_mix1626,72,7,0,-1,0,45.21
fold2_room1_mix1626,73,7,0,-1,0,43.63
fold2_room1_mix1626,74,7,0,-1,0,45.72
fold2_room1_mix1626,75,7,0,-1,0,48.78
fold2_room1_mix1626,76,7,0,-1,0,50.41
fold2_room1_mix1626,77,7,0,-1,0,48.44
fold2_room1_mix1626,78,7,0,-2,0,50.25
fold2_room1_mix1626,79,7,0,-1,0,52.49
fold2_room1_mix1626,80,7,0,-1,0,54.62
fold2_room1_mix1626,81,7,0,-2,0,55.03
fold2_room1_mix1626,82,7,0,-1,0,56.79
fold2_room1_mix1626,83,7,0,-1,0,57.61
fold2_room1_mix1626,84,7,0,-2,0,57.26
fold2_room1_mix1626,85,7,0,-1,0,62.54
fold2_room1_mix1626,86,7,0,-1,0,61.57
fold2_room1_mix1626,87,7,0,-1,0,63.12
fold2_room1_mix1626,88,7,0,-1,0,66.48
fold2_room1_mix1626,89,7,0,-1,0,63.08
fold2_room1_mix1626,90,7,0,-2,0,61.50
fold2_room1_mix1626,91,7,0,-1,0,71.87
fold2_room1_mix1626,92,7,0,-1,0,66.34
fold2_room1_mix1626,93,7,0,0,0,69.81
fold2_room1_mix1626,94,7,0,-1,0,69.98
fold2_room1_mix1626,95,7,0,-1,0,71.82
fold2_room1_mix1626,96,7,0,-1,0,74.22
fold2_room1_mix1626,97,7,0,-1,0,76.79
fold2_room1_mix1626,98,7,0,-1,0,78.81
fold2_room1_mix1626,99,7,0,-1,0,74.04
fold2_room1_mix1627,2,5,0,172,1,5.75
fold2_room1_mix1627,3,5,0,175,1,6.81
fold2_room1_mix1627,3,7,0,-178,0,1.31
fold2_room1_mix1627,4,7,0,179,0,18.57
fold2_room1_mix1627,5,7,0,177,0,20.52
fold2_room1_mix1627,6,7,0,177,0,23.47
fold2_room1_mix1627,7,7,0,178,0,23.85
fold2_room1_mix1627,8,7,0,177,0,23.06
fold2_room1_mix1627,9,7,0,176,0,23.82
fold2_room1_mix1627,10,7,0,178,0,23.21
fold2_room1_mix1627,11,7,0,176,0,22.76
fold2_room1_mix1627,12,7,0,176,0,21.96
fold2_room1_mix1627,13,7,0,177,0,21.81
fold2_room1_mix1627,14,7,0,176,0,21.56
fold2_room1_mix1627,15,7,0,176,0,21.51
fold2_room1_mix1627,16,7,0,175,0,21.26
fold2_room1_mix1627,17,7,0,174,0,20.77
fold2_room1_mix1627,18,7,0,174,0,20.68
fold2_room1_mix1627,19,7,0,174,0,20.16
fold2_room1_mix1627,20,7,0,174,-1,19.25
fold2_room1_mix1627,21,7,0,173,0,19.08
fold2_room1_mix1627,22,7,0,172,-1,18.48
fold2_room1_mix1627,23,7,0,172,-1,17.86
fold2_room1_mix1627,24,7,0,172,-1,18.60
fold2_room1_mix1627,25,7,0,170,-1,17.84
fold2_room1_mix1627,26,7,0,169,0,17.86
fold2_room1_mix1627,27,7,0,169,-1,16.27
fold2_room1_mix1627,28,7,0,168,0,16.41
fold2_room1_mix1627,29,7,0,168,-1,15.53
fold2_room1_mix1627,30,7,0,167,-1,13.95
fold2_room1_mix1627,31,7,0,165,-1,13.42
fold2_room1_mix1627,32,7,0,164,-1,12.14
fold2_room1_mix1627,33,7,0,163,-1,11.87
fold2_room1_mix1627,34,7,0,162,-1,11.09
fold2_room1_mix1627,35,7,0,162,-1,10.83
fold2_room1_mix1627,36,7,0,161,-1,9.33
fold2_room1_mix1627,37,7,0,160,-1,8.89
fold2_room1_mix1627,38,7,0,159,-1,8.80
fold2_room1_mix1627,39,7,0,157,-1,8.28
fold2_room1_mix1627,40,7,0,154,-1,6.82
fold2_room1_mix1627,41,7,0,152,-1,6.76
fold2_room1_mix1627,42,7,0,150,-2,6.26
fold2_room1_mix1627,43,7,0,146,-2,5.53
fold2_room1_mix1627,44,7,0,141,-2,4.99
fold2_room1_mix1627,45,7,0,133,-2,4.33
fold2_room1_mix1627,46,7,0,123,-1,3.65
fold2_room1_mix1627,47,7,0,110,-1,3.44
fold2_room1_mix1627,48,7,0,92,-1,3.21
fold2_room1_mix1627,49,7,0,78,0,3.31
fold2_room1_mix1627,50,7,0,63,0,3.71
fold2_room1_mix1627,51,7,0,55,0,4.13
fold2_room1_mix1627,52,7,0,44,0,4.31
fold2_room1_mix1627,53,7,0,39,0,4.58
fold2_room1_mix1627,54,7,0,34,0,5.15
fold2_room1_mix1627,55,7,0,32,0,5.61
fold2_room1_mix1627,56,7,0,29,0,5.83
fold2_room1_mix1627,57,7,0,26,0,6.56
fold2_room1_mix1627,58,7,0,25,0,6.78
fold2_room1_mix1627,59,7,0,22,0,7.70
fold2_room1_mix1627,60,7,0,20,0,8.13
fold2_room1_mix1627,61,7,0,20,0,8.74
fold2_room1_mix1627,62,7,0,19,0,9.72
fold2_room1_mix1627,63,7,0,18,0,10.20
fold2_room1_mix1627,64,7,0,18,0,10.90
fold2_room1_mix1627,65,7,0,17,0,11.52
fold2_room1_mix1627,66,7,0,15,0,12.42
fold2_room1_mix1627,67,7,0,14,0,13.73
fold2_room1_mix1627,68,7,0,12,0,13.75
fold2_room1_mix1627,69,7,0,13,0,15.39
fold2_room1_mix1627,70,7,0,12,0,15.52
fold2_room1_mix1627,71,7,0,11,0,16.29
fold2_room1_mix1627,72,7,0,11,0,16.91
fold2_room1_mix1627,73,7,0,11,0,17.67
fold2_room1_mix1627,74,7,0,11,0,18.03
fold2_room1_mix1627,75,7,0,11,0,19.00
fold2_room1_mix1627,76,7,0,10,0,19.07
fold2_room1_mix1627,77,7,0,10,0,19.84
fold2_room1_mix1627,78,7,0,10,0,19.97
fold2_room1_mix1627,79,7,0,9,0,21.31
fold2_room1_mix1627,80,7,0,9,0,21.51
fold2_room1_mix1627,81,7,0,8,0,22.10
fold2_room1_mix1627,82,7,0,9,0,23.71
fold2_room1_mix1627,83,7,0,9,0,24.19
fold2_room1_mix1627,84,7,0,9,0,23.95
fold2_room1_mix1627,85,7,0,8,0,25.30
fold2_room1_mix1627,86,7,0,8,0,26.00
fold2_room1_mix1627,87,7,0,9,0,26.82
fold2_room1_mix1627,88,7,0,9,0,27.84
fold2_room1_mix1627,89,7,0,8,0,29.17
fold2_room1_mix1627,90,7,0,8,0,29.00
fold2_room1_mix1627,91,7,0,8,0,31.04
fold2_room1_mix1627,92,7,0,8,0,30.98
fold2_room1_mix1627,93,7,0,8,0,31.18
fold2_room1_mix1627,94,7,0,8,0,31.85
fold2_room1_mix1627,95,7,0,8,0,33.33
fold2_room1_mix1627,96,7,0,8,0,33.05
fold2_room1_mix1627,97,7,0,7,0,34.11
fold2_room1_mix1627,98,7,0,7,0,35.97
fold2_room1_mix1627,99,7,0,7,0,33.83
fold2_room1_mix1628,3,7,0,1,0,30.66
fold2_room1_mix1628,4,7,0,1,0,29.38
fold2_room1_mix1628,5,7,0,1,0,31.65
fold2_room1_mix1628,6,7,0,1,0,34.09
fold2_room1_mix1628,7,7,0,1,0,35.75
fold2_room1_mix1628,8,7,0,2,0,35.33
fold2_room1_mix1628,9,7,0,3,0,30.91
fold2_room1_mix1628,10,7,0,1,0,37.59
fold2_room1_mix1628,11,7,0,2,0,36.50
fold2_room1_mix1628,12,7,0,2,0,39.72
fold2_room1_mix1628,13,7,0,2,0,39.47
fold2_room1_mix1628,14,7,0,2,0,39.48
fold2_room1_mix1628,15,7,0,2,0,36.99
fold2_room1_mix1628,16,7,0,2,0,36.19
fold2_room1_mix1628,17,7,0,2,0,37.42
fold2_room1_mix1628,18,7,0,3,0,35.63
fold2_room1_mix1628,19,7,0,1,0,35.14
fold2_room1_mix1628,20,7,0,1,0,35.30
fold2_room1_mix1628,21,7,0,3,0,34.79
fold2_room1_mix1628,22,7,0,4,0,33.70
fold2_room1_mix1628,23,7,0,3,0,31.75
fold2_room1_mix1628,24,7,0,4,0,33.27
fold2_room1_mix1628,25,7,0,3,0,33.18
fold2_room1_mix1628,26,7,0,5,0,30.36
fold2_room1_mix1628,27,7,0,5,0,32.51
fold2_room1_mix1628,28,7,0,5,0,32.28
fold2_room1_mix1628,29,7,0,5,0,30.65
fold2_room1_mix1628,30,7,0,7,0,28.30
fold2_room1_mix1628,31,7,0,6,0,30.19
fold2_room1_mix1628,32,7,0,6,0,29.75
fold2_room1_mix1628,33,7,0,7,0,27.16
fold2_room1_mix1628,34,7,0,10,0,25.92
fold2_room1_mix1628,35,7,0,9,0,23.97
fold2_room1_mix1628,36,7,0,9,0,21.91
fold2_room1_mix1628,37,7,0,10,0,21.37
fold2_room1_mix1628,38,7,0,9,0,20.07
fold2_room1_mix1628,39,7,0,12,0,18.98
fold2_room1_mix1628,40,7,0,14,0,18.30
fold2_room1_mix1628,41,7,0,13,0,16.87
fold2_room1_mix1628,42,7,0,13,0,15.91
fold2_room1_mix1628,43,7,0,14,0,15.14
fold2_room1_mix1628,44,7,0,14,0,14.33
fold2_room1_mix1628,45,7,0,14,0,13.71
fold2_room1_mix1628,46,7,0,14,0,13.74
fold2_room1_mix1628,47,7,0,17,0,12.10
fold2_room1_mix1628,48,7,0,17,0,10.47
fold2_room1_mix1628,49,7,0,19,0,9.79
fold2_room1_mix1628,50,7,0,20,0,8.82
fold2_room1_mix1628,51,7,0,25,-1,7.54
fold2_room1_mix1628,52,7,0,24,-1,7.46
fold2_room1_mix1628,53,7,0,29,0,6.47
fold2_room1_mix1628,54,7,0,35,0,5.20
fold2_room1_mix1628,55,7,0,40,-1,4.14
fold2_room1_mix1628,56,7,0,47,-1,4.35
fold2_room1_mix1628,57,7,0,57,-1,3.81
fold2_room1_mix1628,58,7,0,71,-1,3.42
fold2_room1_mix1628,59,7,0,81,-1,3.54
fold2_room1_mix1628,60,7,0,102,0,3.48
fold2_room1_mix1628,61,7,0,116,0,3.65
fold2_room1_mix1628,62,7,0,126,0,4.32
fold2_room1_mix1628,63,7,0,135,0,4.77
fold2_room1_mix1628,64,7,0,144,0,5.39
fold2_room1_mix1628,65,7,0,147,0,6.32
fold2_room1_mix1628,66,7,0,151,0,6.54
fold2_room1_mix1628,67,7,0,154,0,7.46
fold2_room1_mix1628,68,7,0,157,0,7.99
fold2_room1_mix1628,69,7,0,159,0,8.56
fold2_room1_mix1628,70,7,0,160,0,9.71
fold2_room1_mix1628,71,7,0,161,0,10.63
fold2_room1_mix1628,72,7,0,163,0,11.72
fold2_room1_mix1628,73,7,0,164,0,12.23
fold2_room1_mix1628,74,7,0,164,0,12.72
fold2_room1_mix1628,75,7,0,166,0,13.80
fold2_room1_mix1628,76,7,0,166,0,13.71
fold2_room1_mix1628,77,7,0,167,0,14.84
fold2_room1_mix1628,78,7,0,168,0,15.96
fold2_room1_mix1628,79,7,0,168,0,15.90
fold2_room1_mix1628,80,7,0,168,0,15.88
fold2_room1_mix1628,81,7,0,168,0,16.49
fold2_room1_mix1628,82,7,0,169,0,17.29
fold2_room1_mix1628,83,7,0,170,0,18.69
fold2_room1_mix1628,84,7,0,170,0,18.49
fold2_room1_mix1628,85,7,0,170,0,20.84
fold2_room1_mix1628,86,7,0,171,0,20.89
fold2_room1_mix1628,87,7,0,172,0,22.51
fold2_room1_mix1628,88,7,0,172,0,23.85
fold2_room1_mix1628,89,7,0,172,0,25.15
fold2_room1_mix1628,90,7,0,173,0,26.23
fold2_room1_mix1628,91,7,0,173,0,27.57
fold2_room1_mix1628,92,7,0,173,0,28.11
fold2_room1_mix1628,93,7,0,173,0,28.69
fold2_room1_mix1628,94,7,0,174,0,29.00
fold2_room1_mix1628,95,7,0,174,0,29.58
fold2_room1_mix1628,96,7,0,174,0,30.74
fold2_room1_mix1628,97,7,0,174,0,32.68
fold2_room1_mix1628,98,7,0,174,0,33.59
fold2_room1_mix1628,99,7,0,174,0,33.15
fold2_room1_mix1629,3,7,0,-178,0,2.60
fold2_room1_mix1629,4,7,0,-179,0,19.11
fold2_room1_mix1629,5,7,0,-179,0,20.53
fold2_room1_mix1629,6,7,0,178,0,26.58
fold2_room1_mix1629,7,7,0,178,0,26.70
fold2_room1_mix1629,8,7,0,179,0,27.66
fold2_room1_mix1629,9,7,0,179,0,27.24
fold2_room1_mix1629,10,7,0,-179,0,25.17
fold2_room1_mix1629,11,7,0,179,0,27.19
fold2_room1_mix1629,12,7,0,179,0,25.93
fold2_room1_mix1629,13,7,0,178,0,26.24
fold2_room1_mix1629,14,7,0,179,0,26.64
fold2_room1_mix1629,15,7,0,177,0,25.68
fold2_room1_mix1629,16,7,0,179,0,25.10
fold2_room1_mix1629,17,7,0,176,0,25.38
fold2_room1_mix1629,18,7,0,176,0,24.89
fold2_room1_mix1629,19,7,0,176,0,25.07
fold2_room1_mix1629,20,7,0,175,0,25.31
fold2_room1_mix1629,21,7,0,175,0,23.96
fold2_room1_mix1629,22,7,0,176,0,23.01
fold2_room1_mix1629,23,7,0,174,0,23.00
fold2_room1_mix1629,24,7,0,175,0,23.35
fold2_room1_mix1629,25,7,0,175,0,21.09
fold2_room1_mix1629,26,7,0,175,0,22.15
fold2_room1_mix1629,27,7,0,176,0,21.57
fold2_room1_mix1629,28,7,0,176,-1,19.95
fold2_room1_mix1629,29,7,0,176,-1,18.43
fold2_room1_mix1629,30,7,0,175,-1,19.91
fold2_room1_mix1629,31,7,0,175,-1,17.61
fold2_room1_mix1629,32,7,0,175,-1,17.04
fold2_room1_mix1629,33,7,0,174,-1,16.43
fold2_room1_mix1629,34,7,0,175,-1,15.53
fold2_room1_mix1629,35,7,0,172,-1,14.81
fold2_room1_mix1629,36,7,0,172,-1,13.60
fold2_room1_mix1629,37,7,0,170,-1,12.30
fold2_room1_mix1629,38,7,0,169,-1,10.96
fold2_room1_mix1629,39,7,0,168,-1,9.93
fold2_room1_mix1629,40,7,0,167,-1,8.90
fold2_room1_mix1629,41,7,0,165,-1,8.18
fold2_room1_mix1629,42,7,0,164,-2,7.32
fold2_room1_mix1629,43,7,0,161,-2,6.34
fold2_room1_mix1629,44,7,0,157,-2,5.43
fold2_room1_mix1629,45,7,0,155,-3,4.61
fold2_room1_mix1629,46,7,0,147,-3,3.77
fold2_room1_mix1629,47,7,0,139,-4,3.05
fold2_room1_mix1629,48,7,0,124,-2,2.35
fold2_room1_mix1629,49,7,0,95,-1,2.22
fold2_room1_mix1629,50,7,0,67,0,2.27
fold2_room1_mix1629,51,7,0,48,0,2.62
fold2_room1_mix1629,52,7,0,35,0,3.33
fold2_room1_mix1629,53,7,0,28,-1,3.70
fold2_room1_mix1629,54,7,0,23,0,4.13
fold2_room1_mix1629,55,7,0,20,0,4.71
fold2_room1_mix1629,56,7,0,16,0,5.70
fold2_room1_mix1629,57,7,0,14,0,6.02
fold2_room1_mix1629,58,7,0,14,0,6.47
fold2_room1_mix1629,59,7,0,10,0,7.70
fold2_room1_mix1629,60,7,0,11,0,7.82
fold2_room1_mix1629,61,7,0,10,0,9.14
fold2_room1_mix1629,62,7,0,10,0,10.10
fold2_room1_mix1629,63,7,0,10,0,10.76
fold2_room1_mix1629,64,7,0,9,0,11.04
fold2_room1_mix1629,65,7,0,8,0,12.50
fold2_room1_mix1629,66,7,0,9,0,13.91
fold2_room1_mix1629,67,7,0,8,0,14.11
fold2_room1_mix1629,68,7,0,8,0,15.52
fold2_room1_mix1629,69,7,0,8,0,16.86
fold2_room1_mix1629,70,7,0,7,0,17.03
fold2_room1_mix1629,71,7,0,7,0,17.17
fold2_room1_mix1629,72,7,0,7,0,18.56
fold2_room1_mix1629,73,7,0,6,0,19.53
fold2_room1_mix1629,74,7,0,6,0,19.64
fold2_room1_mix1629,75,7,0,5,0,20.77
fold2_room1_mix1629,76,7,0,5,0,22.03
fold2_room1_mix1629,77,7,0,5,0,22.29
fold2_room1_mix1629,78,7,0,5,0,23.42
fold2_room1_mix1629,79,7,0,5,0,23.96
fold2_room1_mix1629,80,7,0,5,0,24.01
fold2_room1_mix1629,81,7,0,5,0,24.69
fold2_room1_mix1629,82,7,0,5,0,25.98
fold2_room1_mix1629,83,7,0,5,0,26.70
fold2_room1_mix1629,84,7,0,5,0,25.94
fold2_room1_mix1629,85,7,0,6,0,27.69
fold2_room1_mix1629,86,7,0,5,0,29.24
fold2_room1_mix1629,87,7,0,5,0,29.71
fold2_room1_mix1629,88,7,0,5,0,31.74
fold2_room1_mix1629,89,7,0,5,0,30.34
fold2_room1_mix1629,90,7,0,5,0,30.46
fold2_room1_mix1629,91,7,0,5,0,30.35
fold2_room1_mix1629,92,7,0,5,0,31.87
fold2_room1_mix1629,93,7,0,5,0,31.84
fold2_room1_mix1629,94,7,0,5,0,33.12
fold2_room1_mix1629,95,7,0,4,0,34.66
fold2_room1_mix1629,96,7,0,5,0,34.62
fold2_room1_mix1629,97,7,0,4,0,37.13
fold2_room1_mix1629,98,7,0,4,0,37.72
fold2_room1_mix1629,99,7,0,3,0,38.07
fold2_room1_mix1630,1,7,0,-176,0,4.90
fold2_room1_mix1630,2,7,0,-178,0,12.16
fold2_room1_mix1630,3,7,0,179,0,24.79
fold2_room1_mix1630,4,7,0,179,0,31.85
fold2_room1_mix1630,5,7,0,-178,0,35.44
fold2_room1_mix1630,6,7,0,-178,0,39.26
fold2_room1_mix1630,7,7,0,-178,0,35.49
fold2_room1_mix1630,8,7,0,-177,0,26.81
fold2_room1_mix1630,9,7,0,-175,-1,28.37
fold2_room1_mix1630,10,7,0,-179,0,20.88
fold2_room1_mix1630,11,7,0,-179,0,6.39
fold2_room1_mix1630,12,7,0,-176,0,31.43
fold2_room1_mix1630,13,7,0,-177,0,35.26
fold2_room1_mix1630,14,7,0,-178,0,33.50
fold2_room1_mix1630,15,7,0,-178,0,33.80
fold2_room1_mix1630,16,7,0,-175,0,33.10
fold2_room1_mix1630,17,7,0,-176,0,34.24
fold2_room1_mix1630,18,7,0,-175,-1,35.59
fold2_room1_mix1630,19,7,0,-175,-1,30.19
fold2_room1_mix1630,20,7,0,-172,-1,25.74
fold2_room1_mix1630,21,7,0,-171,-1,22.25
fold2_room1_mix1630,22,7,0,-172,-1,20.85
fold2_room1_mix1630,23,7,0,-169,-1,19.82
fold2_room1_mix1630,24,7,0,-170,-1,19.22
fold2_room1_mix1630,25,7,0,-170,-1,18.09
fold2_room1_mix1630,26,7,0,-168,-1,15.00
fold2_room1_mix1630,27,7,0,-168,-1,15.53
fold2_room1_mix1630,28,7,0,-165,-1,12.06
fold2_room1_mix1630,29,7,0,-162,-1,10.33
fold2_room1_mix1630,30,7,0,-160,-1,8.86
fold2_room1_mix1630,31,7,0,-154,-1,6.93
fold2_room1_mix1630,32,7,0,-148,-1,5.68
fold2_room1_mix1630,33,7,0,-141,-2,4.83
fold2_room1_mix1630,34,7,0,-127,-3,3.71
fold2_room1_mix1630,35,7,0,-100,-3,3.19
fold2_room1_mix1630,36,7,0,-85,-3,2.97
fold2_room1_mix1630,37,7,0,-61,-3,3.47
fold2_room1_mix1630,38,7,0,-48,-2,4.10
fold2_room1_mix1630,39,7,0,-39,-2,5.27
fold2_room1_mix1630,40,7,0,-32,-1,6.50
fold2_room1_mix1630,41,7,0,-26,-1,7.16
fold2_room1_mix1630,42,7,0,-21,-1,8.03
fold2_room1_mix1630,43,7,0,-18,0,9.60
fold2_room1_mix1630,44,7,0,-17,0,10.02
fold2_room1_mix1630,45,7,0,-15,0,12.19
fold2_room1_mix1630,46,7,0,-13,0,13.37
fold2_room1_mix1630,47,7,0,-13,0,14.68
fold2_room1_mix1630,48,7,0,-11,0,16.10
fold2_room1_mix1630,49,7,0,-9,0,17.58
fold2_room1_mix1630,50,7,0,-9,0,18.65
fold2_room1_mix1630,51,7,0,-7,0,20.75
fold2_room1_mix1630,52,7,0,-8,0,20.44
fold2_room1_mix1630,53,7,0,-9,0,20.48
fold2_room1_mix1630,54,7,0,-8,0,18.47
fold2_room1_mix1630,55,7,0,-7,0,18.80
fold2_room1_mix1630,56,7,0,-6,0,20.13
fold2_room1_mix1630,57,7,0,-5,0,20.88
fold2_room1_mix1630,58,7,0,-6,0,15.44
fold2_room1_mix1630,59,7,0,-7,0,22.23
fold2_room1_mix1630,60,7,0,-5,0,25.18
fold2_room1_mix1630,61,7,0,-5,0,18.97
fold2_room1_mix1630,62,7,0,-4,0,27.88
fold2_room1_mix1630,63,7,0,-3,0,30.70
fold2_room1_mix1630,64,7,0,-3,0,34.17
fold2_room1_mix1630,65,7,0,-2,0,35.61
fold2_room1_mix1630,66,7,0,-3,0,33.32
fold2_room1_mix1630,67,7,0,-3,0,31.02
fold2_room1_mix1630,68,7,0,-2,0,34.82
fold2_room1_mix1630,69,7,0,-3,0,33.13
fold2_room1_mix1630,70,7,0,-3,0,30.20
fold2_room1_mix1630,71,7,0,-3,0,31.61
fold2_room1_mix1630,72,7,0,-4,0,31.63
fold2_room1_mix1630,73,7,0,-3,0,37.84
fold2_room1_mix1630,85,7,0,-4,0,12.28
fold2_room1_mix1630,86,7,0,-3,0,18.99
fold2_room1_mix1630,87,7,0,-4,0,20.73
fold2_room1_mix1630,88,7,0,-7,0,17.30
fold2_room1_mix1630,89,7,0,-3,0,25.94
fold2_room1_mix1631,4,7,0,-1,0,5.43
fold2_room1_mix1631,5,7,0,0,0,25.04
fold2_room1_mix1631,6,7,0,1,0,40.12
fold2_room1_mix1631,7,7,0,0,0,33.44
fold2_room1_mix1631,8,7,0,0,0,40.84
fold2_room1_mix1631,9,7,0,2,0,60.63
fold2_room1_mix1631,10,7,0,1,0,49.61
fold2_room1_mix1631,11,7,0,1,0,50.62
fold2_room1_mix1631,12,7,0,1,0,57.06
fold2_room1_mix1631,13,7,0,2,0,57.63
fold2_room1_mix1631,14,7,0,1,0,54.10
fold2_room1_mix1631,15,7,0,2,0,64.91
fold2_room1_mix1631,16,7,0,2,0,59.20
fold2_room1_mix1631,17,7,0,2,0,53.99
fold2_room1_mix1631,18,7,0,2,0,61.95
fold2_room1_mix1631,19,7,0,2,0,58.08
fold2_room1_mix1631,20,7,0,1,0,60.63
fold2_room1_mix1631,21,7,0,1,0,61.18
fold2_room1_mix1631,22,7,0,2,0,60.98
fold2_room1_mix1631,23,7,0,1,0,59.75
fold2_room1_mix1631,24,7,0,1,0,57.10
fold2_room1_mix1631,25,7,0,1,0,60.43
fold2_room1_mix1631,26,7,0,1,0,57.39
fold2_room1_mix1631,27,7,0,1,0,55.20
fold2_room1_mix1631,28,7,0,1,0,57.97
fold2_room1_mix1631,29,7,0,1,0,53.12
fold2_room1_mix1631,30,7,0,0,0,49.78
fold2_room1_mix1631,31,7,0,0,0,50.34
fold2_room1_mix1631,32,7,0,0,0,49.24
fold2_room1_mix1631,33,7,0,0,0,49.54
fold2_room1_mix1631,34,7,0,0,0,49.15
fold2_room1_mix1631,35,7,0,1,0,48.98
fold2_room1_mix1631,36,7,0,0,0,48.65
fold2_room1_mix1631,37,7,0,1,0,47.86
fold2_room1_mix1631,38,7,0,0,0,46.38
fold2_room1_mix1631,39,7,0,0,0,44.55
fold2_room1_mix1631,40,7,0,1,0,43.81
fold2_room1_mix1631,41,7,0,0,0,43.31
fold2_room1_mix1631,42,7,0,0,0,38.93
fold2_room1_mix1631,43,7,0,0,0,39.37
fold2_room1_mix1631,44,7,0,0,0,40.12
fold2_room1_mix1631,45,7,0,0,0,38.57
fold2_room1_mix1631,46,7,0,0,0,36.38
fold2_room1_mix1631,47,7,0,0,0,36.68
fold2_room1_mix1631,48,7,0,0,0,33.98
fold2_room1_mix1631,49,7,0,-3,0,29.97
fold2_room1_mix1631,50,7,0,-3,0,29.59
fold2_room1_mix1631,51,7,0,-4,0,28.43
fold2_room1_mix1631,52,7,0,-6,0,25.62
fold2_room1_mix1631,53,7,0,-6,0,26.03
fold2_room1_mix1631,54,7,0,-5,0,25.79
fold2_room1_mix1631,55,7,0,-7,0,24.97
fold2_room1_mix1631,56,7,0,-7,0,23.93
fold2_room1_mix1631,57,7,0,-7,0,22.43
fold2_room1_mix1631,58,7,0,-7,0,22.80
fold2_room1_mix1631,59,7,0,-9,0,20.34
fold2_room1_mix1631,60,7,0,-11,0,18.24
fold2_room1_mix1631,61,7,0,-11,0,17.35
fold2_room1_mix1631,62,7,0,-12,0,15.86
fold2_room1_mix1631,63,7,0,-12,0,15.21
fold2_room1_mix1631,64,7,0,-12,0,14.26
fold2_room1_mix1631,65,7,0,-14,0,12.59
fold2_room1_mix1631,66,7,0,-15,0,12.04
fold2_room1_mix1631,67,7,0,-17,0,10.80
fold2_room1_mix1631,68,7,0,-19,0,10.15
fold2_room1_mix1631,69,7,0,-21,0,8.89
fold2_room1_mix1631,70,7,0,-24,0,7.87
fold2_room1_mix1631,71,7,0,-28,-1,7.07
fold2_room1_mix1631,72,7,0,-35,-1,6.24
fold2_room1_mix1631,73,7,0,-39,-2,5.41
fold2_room1_mix1631,74,7,0,-46,-3,4.29
fold2_room1_mix1631,75,7,0,-59,-3,3.60
fold2_room1_mix1631,76,7,0,-83,-4,3.01
fold2_room1_mix1631,77,7,0,-108,-4,3.41
fold2_room1_mix1631,78,7,0,-125,-4,3.71
fold2_room1_mix1631,79,7,0,-134,-3,4.50
fold2_room1_mix1631,80,7,0,-143,-2,5.31
fold2_room1_mix1631,81,7,0,-149,-2,6.44
fold2_room1_mix1631,82,7,0,-150,-1,6.85
fold2_room1_mix1631,83,7,0,-155,-1,7.66
fold2_room1_mix1631,84,7,0,-158,-1,8.87
fold2_room1_mix1631,85,7,0,-160,0,10.25
fold2_room1_mix1631,86,7,0,-162,0,11.85
fold2_room1_mix1631,87,7,0,-164,0,12.77
fold2_room1_mix1631,88,7,0,-165,0,14.45
fold2_room1_mix1631,89,7,0,-167,0,15.79
fold2_room1_mix1631,90,7,0,-167,0,15.87
fold2_room1_mix1631,91,7,0,-168,0,18.18
fold2_room1_mix1631,92,7,0,-169,0,18.78
fold2_room1_mix1631,93,7,0,-169,0,18.76
fold2_room1_mix1631,94,7,0,-169,0,20.71
fold2_room1_mix1631,95,7,0,-170,0,22.61
fold2_room1_mix1631,96,7,0,-171,0,23.38
fold2_room1_mix1631,97,7,0,-171,0,25.01
fold2_room1_mix1631,98,7,0,-172,0,28.08
fold2_room1_mix1631,99,7,0,-173,0,28.39
fold2_room1_mix1632,3,7,0,-179,0,11.77
fold2_room1_mix1632,4,7,0,-178,0,5.27
fold2_room1_mix1632,5,7,0,178,0,8.68
fold2_room1_mix1632,6,7,0,178,0,30.21
fold2_room1_mix1632,7,7,0,179,0,44.07
fold2_room1_mix1632,8,7,0,179,0,51.19
fold2_room1_mix1632,9,7,0,178,0,49.14
fold2_room1_mix1632,10,7,0,179,0,50.17
fold2_room1_mix1632,11,7,0,179,0,51.21
fold2_room1_mix1632,12,7,0,-179,0,50.23
fold2_room1_mix1632,13,7,0,-179,0,56.16
fold2_room1_mix1632,14,7,0,-179,0,54.18
fold2_room1_mix1632,15,7,0,-178,0,57.18
fold2_room1_mix1632,16,7,0,-179,0,61.53
fold2_room1_mix1632,17,7,0,-179,0,60.77
fold2_room1_mix1632,18,7,0,-179,0,62.26
fold2_room1_mix1632,19,7,0,179,0,64.86
fold2_room1_mix1632,20,7,0,-179,0,62.12
fold2_room1_mix1632,21,7,0,179,0,63.20
fold2_room1_mix1632,22,7,0,-179,0,63.23
fold2_room1_mix1632,23,7,0,178,0,59.66
fold2_room1_mix1632,24,7,0,177,0,8.51
fold2_room1_mix1632,25,7,0,-178,0,57.75
fold2_room1_mix1632,26,7,0,178,0,28.07
fold2_room1_mix1632,27,7,0,-179,0,58.89
fold2_room1_mix1632,28,7,0,179,0,65.24
fold2_room1_mix1632,29,7,0,179,0,65.14
fold2_room1_mix1632,30,7,0,-178,0,57.82
fold2_room1_mix1632,31,7,0,-179,0,62.21
fold2_room1_mix1632,32,7,0,-178,0,55.94
fold2_room1_mix1632,33,7,0,179,0,61.43
fold2_room1_mix1632,34,7,0,-179,0,61.08
fold2_room1_mix1632,35,7,0,-179,0,61.61
fold2_room1_mix1632,36,7,0,-179,0,59.41
fold2_room1_mix1632,37,7,0,179,0,57.88
fold2_room1_mix1632,38,7,0,-179,0,55.71
fold2_room1_mix1632,39,7,0,-179,0,52.39
fold2_room1_mix1632,40,7,0,-178,0,50.61
fold2_room1_mix1632,41,7,0,-179,0,49.25
fold2_room1_mix1632,42,7,0,-179,0,51.11
fold2_room1_mix1632,43,7,0,-178,0,49.16
fold2_room1_mix1632,44,7,0,-179,0,51.32
fold2_room1_mix1632,45,7,0,-179,0,50.87
fold2_room1_mix1632,46,7,0,-178,0,50.09
fold2_room1_mix1632,47,7,0,-177,0,49.04
fold2_room1_mix1632,48,7,0,-178,0,47.45
fold2_room1_mix1632,49,7,0,-176,0,44.15
fold2_room1_mix1632,50,7,0,-176,0,42.26
fold2_room1_mix1632,51,7,0,-175,0,40.55
fold2_room1_mix1632,52,7,0,-174,0,39.62
fold2_room1_mix1632,53,7,0,-175,0,39.52
fold2_room1_mix1632,54,7,0,-174,0,36.19
fold2_room1_mix1632,55,7,0,-173,0,33.65
fold2_room1_mix1632,56,7,0,-173,0,31.39
fold2_room1_mix1632,57,7,0,-173,0,30.58
fold2_room1_mix1632,58,7,0,-171,0,27.08
fold2_room1_mix1632,59,7,0,-172,0,27.89
fold2_room1_mix1632,60,7,0,-172,0,25.76
fold2_room1_mix1632,61,7,0,-170,0,23.78
fold2_room1_mix1632,62,7,0,-169,-1,20.43
fold2_room1_mix1632,63,7,0,-169,-1,20.02
fold2_room1_mix1632,64,7,0,-168,-1,17.83
fold2_room1_mix1632,65,7,0,-168,-1,17.04
fold2_room1_mix1632,66,7,0,-169,-1,15.71
fold2_room1_mix1632,67,7,0,-167,-1,13.65
fold2_room1_mix1632,68,7,0,-168,-1,12.82
fold2_room1_mix1632,69,7,0,-166,-1,11.52
fold2_room1_mix1632,70,7,0,-164,-1,9.64
fold2_room1_mix1632,71,7,0,-161,-1,7.86
fold2_room1_mix1632,72,7,0,-161,-1,7.17
fold2_room1_mix1632,73,7,0,-153,-2,5.91
fold2_room1_mix1632,74,7,0,-146,-3,4.16
fold2_room1_mix1632,75,7,0,-134,-4,2.97
fold2_room1_mix1632,76,7,0,-107,-4,2.05
fold2_room1_mix1632,77,7,0,-67,-5,2.21
fold2_room1_mix1632,78,7,0,-49,-2,2.61
fold2_room1_mix1632,79,7,0,-33,-2,3.97
fold2_room1_mix1632,80,7,0,-27,-2,4.98
fold2_room1_mix1632,81,7,0,-20,-1,5.79
fold2_room1_mix1632,82,7,0,-14,-1,7.88
fold2_room1_mix1632,83,7,0,-12,0,8.93
fold2_room1_mix1632,84,7,0,-10,0,9.56
fold2_room1_mix1632,85,7,0,-8,0,11.50
fold2_room1_mix1632,86,7,0,-7,0,12.17
fold2_room1_mix1632,87,7,0,-7,0,13.02
fold2_room1_mix1632,88,7,0,-6,0,14.96
fold2_room1_mix1632,89,7,0,-5,0,16.26
fold2_room1_mix1632,90,7,0,-4,0,17.92
fold2_room1_mix1632,91,7,0,-5,0,18.96
fold2_room1_mix1632,92,7,0,-3,0,20.72
fold2_room1_mix1632,93,7,0,-3,0,22.48
fold2_room1_mix1632,94,7,0,-3,0,22.64
fold2_room1_mix1632,95,7,0,-2,0,24.50
fold2_room1_mix1632,96,7,0,-2,0,26.55
fold2_room1_mix1632,97,7,0,-2,0,27.35
fold2_room1_mix1632,98,7,0,-1,0,31.36
fold2_room1_mix1632,99,7,0,-1,0,33.91
fold2_room1_mix1633,4,7,0,1,0,7.50
fold2_room1_mix1633,5,7,0,1,0,12.40
fold2_room1_mix1633,6,7,0,1,0,29.59
fold2_room1_mix1633,7,7,0,1,0,27.97
fold2_room1_mix1633,14,7,0,1,0,25.85
fold2_room1_mix1633,15,7,0,1,0,26.61
fold2_room1_mix1633,16,7,0,2,0,39.08
fold2_room1_mix1633,17,7,0,2,0,37.89
fold2_room1_mix1633,18,7,0,1,0,41.34
fold2_room1_mix1633,19,7,0,1,0,40.37
fold2_room1_mix1633,20,7,0,-1,0,39.75
fold2_room1_mix1633,21,7,0,0,0,42.56
fold2_room1_mix1633,22,7,0,0,0,25.42
fold2_room1_mix1633,23,7,0,1,0,46.28
fold2_room1_mix1633,24,7,0,0,0,39.95
fold2_room1_mix1633,25,7,0,0,0,47.58
fold2_room1_mix1633,26,7,0,1,0,41.83
fold2_room1_mix1633,27,7,0,1,0,41.21
fold2_room1_mix1633,28,7,0,1,0,49.16
fold2_room1_mix1633,29,7,0,1,0,49.95
fold2_room1_mix1633,30,7,0,0,0,45.56
fold2_room1_mix1633,31,7,0,1,0,49.02
fold2_room1_mix1633,32,7,0,1,0,50.30
fold2_room1_mix1633,33,7,0,0,0,49.03
fold2_room1_mix1633,34,7,0,1,0,48.61
fold2_room1_mix1633,35,7,0,0,0,47.44
fold2_room1_mix1633,36,7,0,0,0,47.39
fold2_room1_mix1633,37,7,0,-1,0,45.17
fold2_room1_mix1633,38,7,0,0,0,51.93
fold2_room1_mix1633,39,7,0,0,0,52.95
fold2_room1_mix1633,40,7,0,0,0,48.25
fold2_room1_mix1633,41,7,0,0,0,47.55
fold2_room1_mix1633,42,7,0,1,0,48.66
fold2_room1_mix1633,43,7,0,0,0,45.10
fold2_room1_mix1633,44,7,0,1,0,42.74
fold2_room1_mix1633,45,7,0,0,0,44.11
fold2_room1_mix1633,46,7,0,-2,0,36.66
fold2_room1_mix1633,47,7,0,-1,0,37.93
fold2_room1_mix1633,48,7,0,-2,0,34.25
fold2_room1_mix1633,49,7,0,-7,0,28.19
fold2_room1_mix1633,50,7,0,-3,0,28.17
fold2_room1_mix1633,51,7,0,-5,0,26.77
fold2_room1_mix1633,52,7,0,-5,0,26.29
fold2_room1_mix1633,53,7,0,-4,0,24.63
fold2_room1_mix1633,54,7,0,-4,0,23.72
fold2_room1_mix1633,55,7,0,-8,0,20.60
fold2_room1_mix1633,56,7,0,-9,0,18.53
fold2_room1_mix1633,57,7,0,-8,0,17.41
fold2_room1_mix1633,58,7,0,-9,0,16.52
fold2_room1_mix1633,59,7,0,-10,0,14.37
fold2_room1_mix1633,60,7,0,-12,-1,12.93
fold2_room1_mix1633,61,7,0,-12,-1,12.43
fold2_room1_mix1633,62,7,0,-15,-1,9.46
fold2_room1_mix1633,63,7,0,-17,-1,7.90
fold2_room1_mix1633,64,7,0,-23,-2,5.97
fold2_room1_mix1633,65,7,0,-30,-4,4.11
fold2_room1_mix1633,66,7,0,-47,-5,3.00
fold2_room1_mix1633,67,7,0,-82,-5,1.87
fold2_room1_mix1633,68,7,0,-125,-5,2.04
fold2_room1_mix1633,69,7,0,-144,-3,2.92
fold2_room1_mix1633,70,7,0,-154,-3,4.13
fold2_room1_mix1633,71,7,0,-160,-2,5.45
fold2_room1_mix1633,72,7,0,-164,-1,7.08
fold2_room1_mix1633,73,7,0,-166,-1,8.22
fold2_room1_mix1633,74,7,0,-168,0,10.13
fold2_room1_mix1633,75,7,0,-171,0,11.18
fold2_room1_mix1633,76,7,0,-172,0,13.10
fold2_room1_mix1633,77,7,0,-173,0,15.31
fold2_room1_mix1633,78,7,0,-173,0,16.25
fold2_room1_mix1633,79,7,0,-174,0,18.63
fold2_room1_mix1633,80,7,0,-175,0,20.10
fold2_room1_mix1633,81,7,0,-174,0,20.66
fold2_room1_mix1633,82,7,0,-174,0,22.61
fold2_room1_mix1633,83,7,0,-176,0,24.20
fold2_room1_mix1633,84,7,0,-175,0,25.07
fold2_room1_mix1633,85,7,0,-177,0,28.01
fold2_room1_mix1633,86,7,0,-177,0,27.69
fold2_room1_mix1633,87,7,0,-176,0,29.38
fold2_room1_mix1633,88,7,0,-177,0,33.31
fold2_room1_mix1633,89,7,0,-177,0,35.49
fold2_room1_mix1633,90,7,0,-177,0,38.49
fold2_room1_mix1633,91,7,0,-177,0,39.58
fold2_room1_mix1633,92,7,0,-177,0,40.96
fold2_room1_mix1633,93,7,0,-178,0,41.67
fold2_room1_mix1633,94,7,0,-177,0,38.69
fold2_room1_mix1633,95,7,0,-178,0,46.05
fold2_room1_mix1633,96,7,0,-178,0,49.11
fold2_room1_mix1633,97,7,0,-177,0,49.74
fold2_room1_mix1633,98,7,0,-178,0,42.79
fold2_room1_mix1633,99,7,0,-178,0,40.92
fold2_room1_mix1634,3,7,0,0,0,10.34
fold2_room1_mix1634,4,7,0,1,0,28.42
fold2_room1_mix1634,5,7,0,2,0,38.59
fold2_room1_mix1634,6,7,0,1,0,37.42
fold2_room1_mix1634,7,7,0,1,0,41.04
fold2_room1_mix1634,8,7,0,2,0,57.08
fold2_room1_mix1634,9,7,0,2,0,47.67
fold2_room1_mix1634,10,7,0,2,0,49.88
fold2_room1_mix1634,11,7,0,2,0,53.31
fold2_room1_mix1634,12,7,0,2,0,53.16
fold2_room1_mix1634,13,7,0,3,0,48.62
fold2_room1_mix1634,14,7,0,2,0,51.34
fold2_room1_mix1634,15,7,0,2,0,50.76
fold2_room1_mix1634,16,7,0,2,0,47.79
fold2_room1_mix1634,17,7,0,2,0,47.20
fold2_room1_mix1634,18,7,0,2,0,47.69
fold2_room1_mix1634,19,7,0,3,0,45.84
fold2_room1_mix1634,20,7,0,2,0,44.78
fold2_room1_mix1634,21,7,0,2,0,46.19
fold2_room1_mix1634,22,7,0,2,0,44.77
fold2_room1_mix1634,23,7,0,3,0,42.90
fold2_room1_mix1634,24,7,0,3,0,42.91
fold2_room1_mix1634,25,7,0,2,0,42.22
fold2_room1_mix1634,26,7,0,3,0,41.89
fold2_room1_mix1634,27,7,0,3,0,41.52
fold2_room1_mix1634,28,7,0,3,0,41.77
fold2_room1_mix1634,29,7,0,3,0,40.11
fold2_room1_mix1634,30,7,0,4,0,40.51
fold2_room1_mix1634,31,7,0,4,0,39.61
fold2_room1_mix1634,32,7,0,4,0,37.61
fold2_room1_mix1634,33,7,0,4,0,38.54
fold2_room1_mix1634,34,7,0,4,0,37.25
fold2_room1_mix1634,35,7,0,4,0,36.45
fold2_room1_mix1634,36,7,0,4,0,35.23
fold2_room1_mix1634,37,7,0,3,0,35.29
fold2_room1_mix1634,38,7,0,4,0,32.84
fold2_room1_mix1634,39,7,0,4,0,31.25
fold2_room1_mix1634,40,7,0,5,0,31.41
fold2_room1_mix1634,41,7,0,4,0,29.31
fold2_room1_mix1634,42,7,0,6,0,29.28
fold2_room1_mix1634,43,7,0,7,0,28.93
fold2_room1_mix1634,44,7,0,7,0,27.06
fold2_room1_mix1634,45,7,0,7,0,26.55
fold2_room1_mix1634,46,7,0,8,0,25.36
fold2_room1_mix1634,47,7,0,9,0,23.62
fold2_room1_mix1634,48,7,0,9,0,21.44
fold2_room1_mix1634,49,7,0,10,0,20.50
fold2_room1_mix1634,50,7,0,12,0,18.90
fold2_room1_mix1634,51,7,0,11,0,17.85
fold2_room1_mix1634,52,7,0,13,0,17.36
fold2_room1_mix1634,53,7,0,13,0,15.94
fold2_room1_mix1634,54,7,0,13,0,14.96
fold2_room1_mix1634,55,7,0,14,0,14.17
fold2_room1_mix1634,56,7,0,15,0,13.42
fold2_room1_mix1634,57,7,0,16,0,11.84
fold2_room1_mix1634,58,7,0,17,0,11.41
fold2_room1_mix1634,59,7,0,18,0,10.44
fold2_room1_mix1634,60,7,0,22,0,8.51
fold2_room1_mix1634,61,7,0,23,0,7.93
fold2_room1_mix1634,62,7,0,28,-1,6.08
fold2_room1_mix1634,63,7,0,33,-1,5.37
fold2_room1_mix1634,64,7,0,40,-1,3.93
fold2_room1_mix1634,65,7,0,55,-1,3.58
fold2_room1_mix1634,66,7,0,79,-1,3.28
fold2_room1_mix1634,67,7,0,101,0,3.20
fold2_room1_mix1634,68,7,0,121,0,3.91
fold2_room1_mix1634,69,7,0,136,0,4.59
fold2_room1_mix1634,70,7,0,142,0,5.21
fold2_room1_mix1634,71,7,0,150,0,6.12
fold2_room1_mix1634,72,7,0,154,0,7.47
fold2_room1_mix1634,73,7,0,157,0,7.96
fold2_room1_mix1634,74,7,0,159,0,8.95
fold2_room1_mix1634,75,7,0,162,0,9.09
fold2_room1_mix1634,76,7,0,164,0,11.30
fold2_room1_mix1634,77,7,0,166,0,12.28
fold2_room1_mix1634,78,7,0,167,0,12.39
fold2_room1_mix1634,79,7,0,167,0,13.90
fold2_room1_mix1634,80,7,0,168,0,15.27
fold2_room1_mix1634,81,7,0,168,0,15.94
fold2_room1_mix1634,82,7,0,169,0,17.86
fold2_room1_mix1634,83,7,0,170,0,17.42
fold2_room1_mix1634,84,7,0,170,0,19.22
fold2_room1_mix1634,85,7,0,171,0,19.57
fold2_room1_mix1634,86,7,0,170,0,19.68
fold2_room1_mix1634,87,7,0,170,0,21.43
fold2_room1_mix1634,88,7,0,172,0,24.22
fold2_room1_mix1634,89,7,0,172,0,25.07
fold2_room1_mix1634,90,7,0,172,0,25.91
fold2_room1_mix1634,91,7,0,173,0,25.93
fold2_room1_mix1634,92,7,0,173,0,28.49
fold2_room1_mix1634,93,7,0,173,0,28.16
fold2_room1_mix1634,94,7,0,173,0,29.17
fold2_room1_mix1634,95,7,0,173,0,30.46
fold2_room1_mix1634,96,7,0,174,0,32.15
fold2_room1_mix1634,97,7,0,173,0,31.79
fold2_room1_mix1634,98,7,0,174,0,34.39
fold2_room1_mix1634,99,7,0,174,0,34.70
fold2_room1_mix1635,2,7,0,-176,0,10.08
fold2_room1_mix1635,3,7,0,179,0,20.06
fold2_room1_mix1635,4,7,0,-179,0,39.91
fold2_room1_mix1635,5,7,0,179,0,42.04
fold2_room1_mix1635,6,7,0,-179,0,42.41
fold2_room1_mix1635,7,7,0,-178,0,45.42
fold2_room1_mix1635,8,7,0,-179,0,53.22
fold2_room1_mix1635,9,7,0,-179,0,51.58
fold2_room1_mix1635,10,7,0,-178,0,50.20
fold2_room1_mix1635,11,7,0,-178,0,55.42
fold2_room1_mix1635,12,7,0,-179,0,51.88
fold2_room1_mix1635,13,7,0,-178,0,47.17
fold2_room1_mix1635,14,7,0,-179,0,48.03
fold2_room1_mix1635,15,7,0,179,0,49.39
fold2_room1_mix1635,16,7,0,-179,0,43.12
fold2_room1_mix1635,17,7,0,179,0,48.75
fold2_room1_mix1635,18,7,0,-179,0,48.14
fold2_room1_mix1635,19,7,0,-178,0,46.18
fold2_room1_mix1635,20,7,0,-177,0,42.65
fold2_room1_mix1635,21,7,0,-178,0,45.94
fold2_room1_mix1635,22,7,0,-178,0,42.15
fold2_room1_mix1635,23,7,0,-176,0,39.84
fold2_room1_mix1635,24,7,0,-176,0,42.36
fold2_room1_mix1635,25,7,0,-175,0,39.95
fold2_room1_mix1635,26,7,0,-176,0,40.12
fold2_room1_mix1635,27,7,0,-175,0,40.22
fold2_room1_mix1635,28,7,0,-175,0,37.20
fold2_room1_mix1635,29,7,0,-176,0,36.19
fold2_room1_mix1635,30,7,0,-174,0,36.99
fold2_room1_mix1635,31,7,0,-175,0,36.84
fold2_room1_mix1635,32,7,0,-174,0,34.51
fold2_room1_mix1635,33,7,0,-174,0,32.99
fold2_room1_mix1635,34,7,0,-173,0,32.34
fold2_room1_mix1635,35,7,0,-174,0,30.77
fold2_room1_mix1635,36,7,0,-173,0,29.61
fold2_room1_mix1635,37,7,0,-172,0,27.51
fold2_room1_mix1635,38,7,0,-172,0,26.87
fold2_room1_mix1635,39,7,0,-170,0,24.07
fold2_room1_mix1635,40,7,0,-170,-1,23.33
fold2_room1_mix1635,41,7,0,-170,-1,21.67
fold2_room1_mix1635,42,7,0,-168,-1,20.22
fold2_room1_mix1635,43,7,0,-167,-1,20.22
fold2_room1_mix1635,44,7,0,-167,-1,18.63
fold2_room1_mix1635,45,7,0,-166,-1,17.68
fold2_room1_mix1635,46,7,0,-166,-1,17.89
fold2_room1_mix1635,47,7,0,-165,-1,15.13
fold2_room1_mix1635,48,7,0,-164,-1,13.75
fold2_room1_mix1635,49,7,0,-163,-1,12.72
fold2_room1_mix1635,50,7,0,-162,-1,12.19
fold2_room1_mix1635,51,7,0,-161,-1,10.43
fold2_room1_mix1635,52,7,0,-157,-1,9.19
fold2_room1_mix1635,53,7,0,-154,-1,8.20
fold2_room1_mix1635,54,7,0,-151,-1,7.77
fold2_room1_mix1635,55,7,0,-144,-1,6.78
fold2_room1_mix1635,56,7,0,-138,-2,5.66
fold2_room1_mix1635,57,7,0,-130,-2,4.63
fold2_room1_mix1635,58,7,0,-122,-2,4.06
fold2_room1_mix1635,59,7,0,-96,-3,3.48
fold2_room1_mix1635,60,7,0,-85,-3,3.53
fold2_room1_mix1635,61,7,0,-70,-3,3.97
fold2_room1_mix1635,62,7,0,-56,-2,4.60
fold2_room1_mix1635,63,7,0,-47,-2,5.29
fold2_room1_mix1635,64,7,0,-40,-1,5.88
fold2_room1_mix1635,65,7,0,-34,-1,6.80
fold2_room1_mix1635,66,7,0,-30,-1,7.80
fold2_room1_mix1635,67,7,0,-26,-1,8.26
fold2_room1_mix1635,68,7,0,-24,0,8.80
fold2_room1_mix1635,69,7,0,-20,0,10.21
fold2_room1_mix1635,70,7,0,-18,0,11.29
fold2_room1_mix1635,71,7,0,-17,0,12.35
fold2_room1_mix1635,72,7,0,-15,0,14.10
fold2_room1_mix1635,73,7,0,-13,0,14.41
fold2_room1_mix1635,74,7,0,-13,0,15.41
fold2_room1_mix1635,75,7,0,-10,0,17.63
fold2_room1_mix1635,76,7,0,-11,0,17.92
fold2_room1_mix1635,77,7,0,-11,0,18.97
fold2_room1_mix1635,78,7,0,-9,0,21.54
fold2_room1_mix1635,79,7,0,-8,0,22.27
fold2_room1_mix1635,80,7,0,-9,0,22.44
fold2_room1_mix1635,81,7,0,-8,0,23.24
fold2_room1_mix1635,82,7,0,-7,0,24.80
fold2_room1_mix1635,83,7,0,-7,0,25.44
fold2_room1_mix1635,84,7,0,-6,0,26.07
fold2_room1_mix1635,85,7,0,-5,0,29.12
fold2_room1_mix1635,86,7,0,-4,0,30.97
fold2_room1_mix1635,87,7,0,-4,0,31.65
fold2_room1_mix1635,88,7,0,-3,0,34.31
fold2_room1_mix1635,89,7,0,-3,0,33.25
fold2_room1_mix1635,90,7,0,-4,0,34.83
fold2_room1_mix1635,91,7,0,-2,0,39.45
fold2_room1_mix1635,92,7,0,-2,0,37.18
fold2_room1_mix1635,93,7,0,-3,0,37.55
fold2_room1_mix1635,94,7,0,-2,0,41.15
fold2_room1_mix1635,95,7,0,-2,0,40.68
fold2_room1_mix1635,96,7,0,-3,0,40.97
fold2_room1_mix1635,97,7,0,-2,0,42.85
fold2_room1_mix1635,98,7,0,-2,0,45.69
fold2_room1_mix1635,99,7,0,-2,0,46.54
fold2_room1_mix1636,3,5,0,-18,1,5.41
fold2_room1_mix1636,3,7,0,-4,0,3.55
fold2_room1_mix1636,4,7,0,-9,0,14.57
fold2_room1_mix1636,5,7,0,-10,0,16.70
fold2_room1_mix1636,6,7,0,-11,0,17.98
fold2_room1_mix1636,7,7,0,-11,0,18.42
fold2_room1_mix1636,8,7,0,-11,0,18.42
fold2_room1_mix1636,9,7,0,-12,0,17.04
fold2_room1_mix1636,10,7,0,-12,0,16.71
fold2_room1_mix1636,11,7,0,-12,0,16.85
fold2_room1_mix1636,12,7,0,-13,0,15.62
fold2_room1_mix1636,13,7,0,-14,0,14.50
fold2_room1_mix1636,14,7,0,-14,0,14.78
fold2_room1_mix1636,15,7,0,-15,0,13.14
fold2_room1_mix1636,16,7,0,-17,0,12.46
fold2_room1_mix1636,17,7,0,-18,0,12.04
fold2_room1_mix1636,18,7,0,-19,0,11.07
fold2_room1_mix1636,19,7,0,-21,0,10.13
fold2_room1_mix1636,20,7,0,-22,0,9.66
fold2_room1_mix1636,21,7,0,-21,0,9.73
fold2_room1_mix1636,22,7,0,-23,0,9.05
fold2_room1_mix1636,23,7,0,-24,-1,8.38
fold2_room1_mix1636,24,7,0,-25,-1,8.40
fold2_room1_mix1636,25,7,0,-24,-1,7.94
fold2_room1_mix1636,26,7,0,-27,-1,7.24
fold2_room1_mix1636,27,7,0,-29,-1,7.00
fold2_room1_mix1636,28,7,0,-31,-1,6.76
fold2_room1_mix1636,29,7,0,-37,-1,5.77
fold2_room1_mix1636,30,7,0,-41,-2,5.49
fold2_room1_mix1636,31,7,0,-41,-1,5.39
fold2_room1_mix1636,32,7,0,-46,-2,5.07
fold2_room1_mix1636,33,7,0,-51,-2,4.68
fold2_room1_mix1636,34,7,0,-56,-2,4.25
fold2_room1_mix1636,35,7,0,-64,-2,3.85
fold2_room1_mix1636,36,7,0,-73,-3,3.52
fold2_room1_mix1636,37,7,0,-83,-3,3.04
fold2_room1_mix1636,38,7,0,-91,-3,3.00
fold2_room1_mix1636,39,7,0,-96,-3,3.21
fold2_room1_mix1636,40,7,0,-111,-3,3.69
fold2_room1_mix1636,41,7,0,-119,-3,4.11
fold2_room1_mix1636,42,7,0,-125,-2,4.29
fold2_room1_mix1636,43,7,0,-133,-2,4.90
fold2_room1_mix1636,44,7,0,-137,-2,5.03
fold2_room1_mix1636,45,7,0,-140,-1,5.51
fold2_room1_mix1636,46,7,0,-143,-1,5.85
fold2_room1_mix1636,47,7,0,-145,-1,6.33
fold2_room1_mix1636,48,7,0,-148,-1,6.68
fold2_room1_mix1636,49,7,0,-149,-1,7.11
fold2_room1_mix1636,50,7,0,-153,-1,7.81
fold2_room1_mix1636,51,7,0,-154,-1,8.21
fold2_room1_mix1636,52,7,0,-155,-1,8.34
fold2_room1_mix1636,53,7,0,-157,-1,9.24
fold2_room1_mix1636,54,7,0,-157,-1,9.79
fold2_room1_mix1636,55,7,0,-158,-1,10.32
fold2_room1_mix1636,56,7,0,-158,-1,10.93
fold2_room1_mix1636,57,7,0,-159,-1,11.29
fold2_room1_mix1636,58,7,0,-161,0,12.21
fold2_room1_mix1636,59,7,0,-160,0,12.72
fold2_room1_mix1636,60,7,0,-160,0,12.91
fold2_room1_mix1636,61,7,0,-161,-1,13.79
fold2_room1_mix1636,62,7,0,-162,0,14.91
fold2_room1_mix1636,63,7,0,-163,0,15.57
fold2_room1_mix1636,64,7,0,-164,0,16.18
fold2_room1_mix1636,65,7,0,-164,0,16.67
fold2_room1_mix1636,66,7,0,-165,0,17.34
fold2_room1_mix1636,67,7,0,-165,0,18.12
fold2_room1_mix1636,68,7,0,-166,0,18.90
fold2_room1_mix1636,69,7,0,-166,0,19.41
fold2_room1_mix1636,70,7,0,-167,0,19.55
fold2_room1_mix1636,71,7,0,-167,0,20.33
fold2_room1_mix1636,72,7,0,-167,0,21.32
fold2_room1_mix1636,73,7,0,-167,0,21.80
fold2_room1_mix1636,74,7,0,-168,0,22.84
fold2_room1_mix1636,75,7,0,-168,0,23.03
fold2_room1_mix1636,76,7,0,-169,0,23.90
fold2_room1_mix1636,77,7,0,-169,0,24.84
fold2_room1_mix1636,78,7,0,-170,0,25.65
fold2_room1_mix1636,79,7,0,-170,0,26.73
fold2_room1_mix1636,80,7,0,-170,0,27.15
fold2_room1_mix1636,81,7,0,-171,0,27.40
fold2_room1_mix1636,82,7,0,-171,0,28.34
fold2_room1_mix1636,83,7,0,-171,0,28.35
fold2_room1_mix1636,84,7,0,-171,0,28.93
fold2_room1_mix1636,85,7,0,-172,0,30.38
fold2_room1_mix1636,86,7,0,-171,0,29.60
fold2_room1_mix1636,87,7,0,-172,0,30.85
fold2_room1_mix1636,88,7,0,-172,0,31.51
fold2_room1_mix1636,89,7,0,-172,0,31.24
fold2_room1_mix1636,90,7,0,-172,0,32.72
fold2_room1_mix1636,91,7,0,-172,0,33.17
fold2_room1_mix1636,92,7,0,-172,0,32.68
fold2_room1_mix1636,93,7,0,-171,0,32.81
fold2_room1_mix1636,94,7,0,-172,0,34.93
fold2_room1_mix1636,95,7,0,-172,0,34.11
fold2_room1_mix1636,96,7,0,-173,0,35.02
fold2_room1_mix1636,97,7,0,-173,0,36.66
fold2_room1_mix1636,98,7,0,-173,0,37.84
fold2_room1_mix1636,99,7,0,-172,0,35.70
fold2_room1_mix1637,2,7,0,-1,0,4.83
fold2_room1_mix1637,3,7,0,0,0,19.07
fold2_room1_mix1637,4,7,0,2,0,26.78
fold2_room1_mix1637,5,7,0,2,0,33.88
fold2_room1_mix1637,6,7,0,2,0,38.55
fold2_room1_mix1637,7,7,0,2,0,44.15
fold2_room1_mix1637,8,7,0,2,0,50.42
fold2_room1_mix1637,9,7,0,2,0,44.19
fold2_room1_mix1637,10,7,0,2,0,40.26
fold2_room1_mix1637,11,7,0,2,0,44.04
fold2_room1_mix1637,12,7,0,2,0,46.31
fold2_room1_mix1637,13,7,0,3,0,42.46
fold2_room1_mix1637,14,7,0,3,0,42.39
fold2_room1_mix1637,15,7,0,2,0,43.31
fold2_room1_mix1637,16,7,0,2,0,40.68
fold2_room1_mix1637,17,7,0,3,0,39.43
fold2_room1_mix1637,18,7,0,3,0,38.89
fold2_room1_mix1637,19,7,0,3,0,38.48
fold2_room1_mix1637,20,7,0,3,0,39.73
fold2_room1_mix1637,21,7,0,4,0,40.84
fold2_room1_mix1637,22,7,0,3,0,37.24
fold2_room1_mix1637,23,7,0,3,0,35.11
fold2_room1_mix1637,24,7,0,3,0,38.68
fold2_room1_mix1637,25,7,0,3,0,36.99
fold2_room1_mix1637,26,7,0,4,0,35.87
fold2_room1_mix1637,27,7,0,3,0,36.34
fold2_room1_mix1637,28,7,0,4,0,34.87
fold2_room1_mix1637,29,7,0,4,0,33.20
fold2_room1_mix1637,30,7,0,5,0,33.00
fold2_room1_mix1637,31,7,0,5,0,32.99
fold2_room1_mix1637,32,7,0,5,0,33.26
fold2_room1_mix1637,33,7,0,6,0,33.32
fold2_room1_mix1637,34,7,0,7,0,30.97
fold2_room1_mix1637,35,7,0,6,0,32.41
fold2_room1_mix1637,36,7,0,7,0,30.40
fold2_room1_mix1637,37,7,0,8,0,30.27
fold2_room1_mix1637,38,7,0,8,0,29.23
fold2_room1_mix1637,39,7,0,8,0,27.83
fold2_room1_mix1637,40,7,0,8,0,27.72
fold2_room1_mix1637,41,7,0,8,0,27.54
fold2_room1_mix1637,42,7,0,8,0,24.65
fold2_room1_mix1637,43,7,0,8,0,24.38
fold2_room1_mix1637,44,7,0,9,0,22.89
fold2_room1_mix1637,45,7,0,10,0,20.52
fold2_room1_mix1637,46,7,0,10,0,20.71
fold2_room1_mix1637,47,7,0,11,0,20.65
fold2_room1_mix1637,48,7,0,11,0,18.94
fold2_room1_mix1637,49,7,0,11,0,17.71
fold2_room1_mix1637,50,7,0,11,0,17.15
fold2_room1_mix1637,51,7,0,12,0,16.73
fold2_room1_mix1637,52,7,0,12,0,15.49
fold2_room1_mix1637,53,7,0,12,0,14.79
fold2_room1_mix1637,54,7,0,12,0,14.31
fold2_room1_mix1637,55,7,0,14,0,14.13
fold2_room1_mix1637,56,7,0,13,0,12.61
fold2_room1_mix1637,57,7,0,16,0,11.78
fold2_room1_mix1637,58,7,0,16,0,10.29
fold2_room1_mix1637,59,7,0,18,0,10.15
fold2_room1_mix1637,60,7,0,20,0,9.01
fold2_room1_mix1637,61,7,0,20,-1,8.54
fold2_room1_mix1637,62,7,0,21,-1,8.31
fold2_room1_mix1637,63,7,0,23,-1,7.25
fold2_room1_mix1637,64,7,0,26,-1,6.13
fold2_room1_mix1637,65,7,0,31,-1,4.98
fold2_room1_mix1637,66,7,0,37,-2,4.23
fold2_room1_mix1637,67,7,0,42,-2,3.92
fold2_room1_mix1637,68,7,0,51,-2,3.10
fold2_room1_mix1637,69,7,0,64,-1,3.12
fold2_room1_mix1637,70,7,0,80,-2,2.96
fold2_room1_mix1637,71,7,0,99,-1,2.71
fold2_room1_mix1637,72,7,0,117,0,3.16
fold2_room1_mix1637,73,7,0,129,0,3.75
fold2_room1_mix1637,74,7,0,137,0,4.27
fold2_room1_mix1637,75,7,0,145,0,4.78
fold2_room1_mix1637,76,7,0,149,0,5.36
fold2_room1_mix1637,77,7,0,153,0,6.06
fold2_room1_mix1637,78,7,0,155,0,6.58
fold2_room1_mix1637,79,7,0,158,0,7.22
fold2_room1_mix1637,80,7,0,160,0,7.74
fold2_room1_mix1637,81,7,0,161,0,8.81
fold2_room1_mix1637,82,7,0,162,0,9.03
fold2_room1_mix1637,83,7,0,163,0,9.65
fold2_room1_mix1637,84,7,0,164,0,10.60
fold2_room1_mix1637,85,7,0,164,0,11.06
fold2_room1_mix1637,86,7,0,166,0,11.99
fold2_room1_mix1637,87,7,0,166,0,12.51
fold2_room1_mix1637,88,7,0,167,0,13.76
fold2_room1_mix1637,89,7,0,167,0,14.41
fold2_room1_mix1637,90,7,0,168,0,14.28
fold2_room1_mix1637,91,7,0,168,0,15.89
fold2_room1_mix1637,92,7,0,169,0,15.80
fold2_room1_mix1637,93,7,0,170,0,16.99
fold2_room1_mix1637,94,7,0,170,0,17.37
fold2_room1_mix1637,95,7,0,171,0,18.22
fold2_room1_mix1637,96,7,0,171,0,19.93
fold2_room1_mix1637,97,7,0,171,0,20.46
fold2_room1_mix1637,98,7,0,171,0,20.98
fold2_room1_mix1637,99,7,0,172,0,21.83
fold2_room1_mix1638,2,7,0,0,0,15.30
fold2_room1_mix1638,3,7,0,0,0,28.65
fold2_room1_mix1638,4,7,0,0,0,27.97
fold2_room1_mix1638,5,7,0,1,0,31.60
fold2_room1_mix1638,6,7,0,0,0,33.08
fold2_room1_mix1638,7,7,0,1,0,41.26
fold2_room1_mix1638,8,7,0,1,0,46.56
fold2_room1_mix1638,9,7,0,1,0,42.63
fold2_room1_mix1638,10,7,0,1,0,41.98
fold2_room1_mix1638,11,7,0,1,0,42.04
fold2_room1_mix1638,12,7,0,1,0,43.06
fold2_room1_mix1638,13,7,0,1,0,43.70
fold2_room1_mix1638,14,7,0,0,0,40.27
fold2_room1_mix1638,15,7,0,1,0,40.39
fold2_room1_mix1638,16,7,0,0,0,37.49
fold2_room1_mix1638,17,7,0,0,0,36.35
fold2_room1_mix1638,18,7,0,0,0,35.17
fold2_room1_mix1638,19,7,0,0,0,35.38
fold2_room1_mix1638,20,7,0,0,0,34.94
fold2_room1_mix1638,21,7,0,0,0,34.33
fold2_room1_mix1638,22,7,0,1,0,30.52
fold2_room1_mix1638,23,7,0,0,0,28.19
fold2_room1_mix1638,24,7,0,-1,0,31.17
fold2_room1_mix1638,25,7,0,-2,0,29.12
fold2_room1_mix1638,26,7,0,-2,0,27.09
fold2_room1_mix1638,27,7,0,-1,0,28.37
fold2_room1_mix1638,28,7,0,-2,0,26.32
fold2_room1_mix1638,29,7,0,-3,0,24.09
fold2_room1_mix1638,30,7,0,-5,0,22.03
fold2_room1_mix1638,31,7,0,-4,0,21.90
fold2_room1_mix1638,32,7,0,-6,0,19.70
fold2_room1_mix1638,33,7,0,-8,0,18.22
fold2_room1_mix1638,34,7,0,-7,0,17.25
fold2_room1_mix1638,35,7,0,-9,0,15.50
fold2_room1_mix1638,36,7,0,-10,0,13.83
fold2_room1_mix1638,37,7,0,-11,0,13.76
fold2_room1_mix1638,38,7,0,-13,-1,11.86
fold2_room1_mix1638,39,7,0,-14,-1,10.80
fold2_room1_mix1638,40,7,0,-14,-1,10.14
fold2_room1_mix1638,41,7,0,-16,-1,8.35
fold2_room1_mix1638,42,7,0,-20,-1,6.91
fold2_room1_mix1638,43,7,0,-24,-2,5.95
fold2_room1_mix1638,44,7,0,-31,-2,4.70
fold2_room1_mix1638,45,7,0,-39,-3,3.70
fold2_room1_mix1638,46,7,0,-50,-4,2.77
fold2_room1_mix1638,47,7,0,-78,-3,2.00
fold2_room1_mix1638,48,7,0,-115,-3,2.06
fold2_room1_mix1638,49,7,0,-130,-3,2.52
fold2_room1_mix1638,50,7,0,-143,-2,3.41
fold2_room1_mix1638,51,7,0,-153,-2,4.37
fold2_room1_mix1638,52,7,0,-157,-2,5.27
fold2_room1_mix1638,53,7,0,-160,-1,6.68
fold2_room1_mix1638,54,7,0,-162,-1,7.41
fold2_room1_mix1638,55,7,0,-165,0,8.29
fold2_room1_mix1638,56,7,0,-168,0,9.74
fold2_room1_mix1638,57,7,0,-169,0,11.04
fold2_room1_mix1638,58,7,0,-170,0,12.64
fold2_room1_mix1638,59,7,0,-170,0,13.44
fold2_room1_mix1638,60,7,0,-172,0,14.75
fold2_room1_mix1638,61,7,0,-171,0,15.13
fold2_room1_mix1638,62,7,0,-172,0,16.09
fold2_room1_mix1638,63,7,0,-174,0,18.09
fold2_room1_mix1638,64,7,0,-174,0,18.37
fold2_room1_mix1638,65,7,0,-174,0,19.67
fold2_room1_mix1638,66,7,0,-174,0,20.62
fold2_room1_mix1638,67,7,0,-175,0,21.46
fold2_room1_mix1638,68,7,0,-174,0,22.57
fold2_room1_mix1638,69,7,0,-175,0,25.06
fold2_room1_mix1638,70,7,0,-175,0,26.73
fold2_room1_mix1638,71,7,0,-175,0,27.16
fold2_room1_mix1638,72,7,0,-176,0,28.68
fold2_room1_mix1638,73,7,0,-176,0,30.48
fold2_room1_mix1638,74,7,0,-176,0,29.36
fold2_room1_mix1638,75,7,0,-176,0,31.56
fold2_room1_mix1638,76,7,0,-176,0,32.08
fold2_room1_mix1638,77,7,0,-176,0,32.95
fold2_room1_mix1638,78,7,0,-176,0,34.14
fold2_room1_mix1638,79,7,0,-176,0,35.97
fold2_room1_mix1638,80,7,0,-177,0,37.21
fold2_room1_mix1638,81,7,0,-176,0,38.59
fold2_room1_mix1638,82,7,0,-177,0,41.27
fold2_room1_mix1638,83,7,0,-177,0,42.41
fold2_room1_mix1638,84,7,0,-177,0,42.97
fold2_room1_mix1638,85,7,0,-177,0,44.39
fold2_room1_mix1638,86,7,0,-177,0,44.96
fold2_room1_mix1638,87,7,0,-177,0,43.38
fold2_room1_mix1638,88,7,0,-176,0,47.31
fold2_room1_mix1638,89,7,0,-177,0,47.36
fold2_room1_mix1638,90,7,0,-177,0,47.41
fold2_room1_mix1638,91,7,0,-177,0,50.33
fold2_room1_mix1638,92,7,0,-177,0,50.01
fold2_room1_mix1638,93,7,0,-178,0,51.02
fold2_room1_mix1638,94,7,0,-178,0,54.40
fold2_room1_mix1638,95,7,0,-177,0,56.13
fold2_room1_mix1638,96,7,0,-178,0,61.04
fold2_room1_mix1638,97,7,0,-178,0,60.07
fold2_room1_mix1638,98,7,0,-178,0,60.64
fold2_room1_mix1638,99,7,0,-178,0,61.59
fold2_room1_mix1639,4,7,0,179,0,15.24
fold2_room1_mix1639,5,7,0,-178,0,22.43
fold2_room1_mix1639,6,7,0,-178,0,23.45
fold2_room1_mix1639,7,7,0,-177,0,27.62
fold2_room1_mix1639,8,7,0,-178,0,28.66
fold2_room1_mix1639,9,7,0,-177,0,28.68
fold2_room1_mix1639,10,7,0,-177,0,28.22
fold2_room1_mix1639,11,7,0,-177,0,29.21
fold2_room1_mix1639,12,7,0,-176,0,27.64
fold2_room1_mix1639,13,7,0,-178,0,28.15
fold2_room1_mix1639,14,7,0,-177,0,28.15
fold2_room1_mix1639,15,7,0,-177,-1,27.54
fold2_room1_mix1639,16,7,0,-177,-1,26.12
fold2_room1_mix1639,17,7,0,-177,-1,27.22
fold2_room1_mix1639,18,7,0,-177,-1,27.54
fold2_room1_mix1639,19,7,0,-177,-1,27.35
fold2_room1_mix1639,20,7,0,-177,-1,27.42
fold2_room1_mix1639,21,7,0,-177,-1,27.96
fold2_room1_mix1639,22,7,0,-177,-1,27.78
fold2_room1_mix1639,23,7,0,-176,-1,28.06
fold2_room1_mix1639,24,7,0,-177,-1,29.05
fold2_room1_mix1639,25,7,0,-177,-1,28.89
fold2_room1_mix1639,26,7,0,-177,0,27.64
fold2_room1_mix1639,27,7,0,-177,-1,26.92
fold2_room1_mix1639,28,7,0,-177,-1,27.48
fold2_room1_mix1639,29,7,0,-177,0,27.31
fold2_room1_mix1639,30,7,0,-178,0,27.16
fold2_room1_mix1639,31,7,0,-177,0,26.98
fold2_room1_mix1639,32,7,0,-178,0,26.73
fold2_room1_mix1639,33,7,0,-176,0,27.27
fold2_room1_mix1639,34,7,0,-178,0,27.62
fold2_room1_mix1639,35,7,0,-178,0,27.73
fold2_room1_mix1639,36,7,0,-177,0,26.36
fold2_room1_mix1639,37,7,0,-177,0,26.89
fold2_room1_mix1639,38,7,0,-176,0,25.82
fold2_room1_mix1639,39,7,0,-174,0,24.53
fold2_room1_mix1639,40,7,0,-174,0,23.66
fold2_room1_mix1639,41,7,0,-172,0,22.58
fold2_room1_mix1639,42,7,0,-171,0,21.08
fold2_room1_mix1639,43,7,0,-170,-1,20.24
fold2_room1_mix1639,44,7,0,-170,-1,19.42
fold2_room1_mix1639,45,7,0,-169,-1,18.67
fold2_room1_mix1639,46,7,0,-168,-1,17.58
fold2_room1_mix1639,47,7,0,-167,-1,16.53
fold2_room1_mix1639,48,7,0,-167,-1,16.52
fold2_room1_mix1639,49,7,0,-167,-1,16.04
fold2_room1_mix1639,50,7,0,-165,-1,14.37
fold2_room1_mix1639,51,7,0,-165,-1,13.46
fold2_room1_mix1639,52,7,0,-164,-1,12.51
fold2_room1_mix1639,53,7,0,-163,-1,12.02
fold2_room1_mix1639,54,7,0,-163,-1,11.40
fold2_room1_mix1639,55,7,0,-161,-1,10.12
fold2_room1_mix1639,56,7,0,-160,-1,9.12
fold2_room1_mix1639,57,7,0,-159,-1,8.83
fold2_room1_mix1639,58,7,0,-158,-1,8.11
fold2_room1_mix1639,59,7,0,-156,-1,7.50
fold2_room1_mix1639,60,7,0,-154,-2,6.79
fold2_room1_mix1639,61,7,0,-152,-2,6.34
fold2_room1_mix1639,62,7,0,-147,-2,5.47
fold2_room1_mix1639,63,7,0,-142,-3,4.67
fold2_room1_mix1639,64,7,0,-138,-3,4.46
fold2_room1_mix1639,65,7,0,-128,-3,4.01
fold2_room1_mix1639,66,7,0,-108,-3,3.05
fold2_room1_mix1639,67,7,0,-89,-3,2.95
fold2_room1_mix1639,68,7,0,-75,-2,3.21
fold2_room1_mix1639,69,7,0,-61,-2,3.68
fold2_room1_mix1639,70,7,0,-52,-2,4.09
fold2_room1_mix1639,71,7,0,-46,-1,4.34
fold2_room1_mix1639,72,7,0,-39,-1,4.96
fold2_room1_mix1639,73,7,0,-33,-1,5.52
fold2_room1_mix1639,74,7,0,-31,-1,5.82
fold2_room1_mix1639,75,7,0,-27,0,6.67
fold2_room1_mix1639,76,7,0,-25,0,6.97
fold2_room1_mix1639,77,7,0,-22,0,7.64
fold2_room1_mix1639,78,7,0,-22,0,7.91
fold2_room1_mix1639,79,7,0,-20,0,8.89
fold2_room1_mix1639,80,7,0,-17,0,9.63
fold2_room1_mix1639,81,7,0,-17,0,10.35
fold2_room1_mix1639,82,7,0,-15,0,11.11
fold2_room1_mix1639,83,7,0,-14,0,11.90
fold2_room1_mix1639,84,7,0,-13,0,12.43
fold2_room1_mix1639,85,7,0,-12,0,13.51
fold2_room1_mix1639,86,7,0,-12,0,14.42
fold2_room1_mix1639,87,7,0,-10,0,15.57
fold2_room1_mix1639,88,7,0,-10,0,16.24
fold2_room1_mix1639,89,7,0,-10,0,17.09
fold2_room1_mix1639,90,7,0,-9,0,18.44
fold2_room1_mix1639,91,7,0,-8,0,19.87
fold2_room1_mix1639,92,7,0,-8,0,19.89
fold2_room1_mix1639,93,7,0,-7,0,21.53
fold2_room1_mix1639,94,7,0,-7,0,22.23
fold2_room1_mix1639,95,7,0,-7,0,23.87
fold2_room1_mix1639,96,7,0,-5,0,24.49
fold2_room1_mix1639,97,7,0,-5,0,24.85
fold2_room1_mix1639,98,7,0,-5,0,26.35
fold2_room1_mix1639,99,7,0,-4,0,26.92
fold2_room1_mix1640,2,7,0,0,0,10.64
fold2_room1_mix1640,3,7,0,1,0,21.62
fold2_room1_mix1640,4,7,0,2,0,34.26
fold2_room1_mix1640,5,7,0,2,0,39.24
fold2_room1_mix1640,6,7,0,2,0,41.72
fold2_room1_mix1640,7,7,0,2,0,47.14
fold2_room1_mix1640,8,7,0,2,0,52.99
fold2_room1_mix1640,9,7,0,2,0,54.19
fold2_room1_mix1640,10,7,0,2,0,54.86
fold2_room1_mix1640,11,7,0,2,0,53.07
fold2_room1_mix1640,12,7,0,2,0,51.57
fold2_room1_mix1640,13,7,0,2,0,49.43
fold2_room1_mix1640,14,7,0,3,0,49.81
fold2_room1_mix1640,15,7,0,2,0,47.14
fold2_room1_mix1640,16,7,0,2,0,45.34
fold2_room1_mix1640,17,7,0,2,0,47.39
fold2_room1_mix1640,18,7,0,2,0,46.97
fold2_room1_mix1640,19,7,0,2,0,48.24
fold2_room1_mix1640,20,7,0,2,0,45.89
fold2_room1_mix1640,21,7,0,2,0,49.45
fold2_room1_mix1640,22,7,0,2,0,48.57
fold2_room1_mix1640,23,7,0,2,0,47.18
fold2_room1_mix1640,24,7,0,2,0,48.38
fold2_room1_mix1640,25,7,0,2,0,48.36
fold2_room1_mix1640,26,7,0,2,0,47.10
fold2_room1_mix1640,27,7,0,2,0,47.03
fold2_room1_mix1640,28,7,0,3,0,45.16
fold2_room1_mix1640,29,7,0,3,0,43.11
fold2_room1_mix1640,30,7,0,4,0,41.61
fold2_room1_mix1640,31,7,0,4,0,38.44
fold2_room1_mix1640,32,7,0,3,0,39.25
fold2_room1_mix1640,33,7,0,4,0,38.61
fold2_room1_mix1640,34,7,0,4,0,35.99
fold2_room1_mix1640,35,7,0,3,0,36.19
fold2_room1_mix1640,36,7,0,5,0,33.43
fold2_room1_mix1640,37,7,0,4,0,35.22
fold2_room1_mix1640,38,7,0,5,0,33.55
fold2_room1_mix1640,39,7,0,5,0,32.41
fold2_room1_mix1640,40,7,0,6,0,33.01
fold2_room1_mix1640,41,7,0,7,0,31.90
fold2_room1_mix1640,42,7,0,8,0,28.19
fold2_room1_mix1640,43,7,0,6,0,29.38
fold2_room1_mix1640,44,7,0,8,0,28.30
fold2_room1_mix1640,45,7,0,8,0,26.95
fold2_room1_mix1640,46,7,0,8,0,26.05
fold2_room1_mix1640,47,7,0,10,0,22.94
fold2_room1_mix1640,48,7,0,10,0,22.01
fold2_room1_mix1640,49,7,0,8,0,21.36
fold2_room1_mix1640,50,7,0,10,0,19.60
fold2_room1_mix1640,51,7,0,11,0,17.76
fold2_room1_mix1640,52,7,0,13,0,17.44
fold2_room1_mix1640,53,7,0,13,0,17.08
fold2_room1_mix1640,54,7,0,14,0,16.08
fold2_room1_mix1640,55,7,0,14,0,15.49
fold2_room1_mix1640,56,7,0,15,0,14.31
fold2_room1_mix1640,57,7,0,17,0,13.18
fold2_room1_mix1640,58,7,0,18,0,11.33
fold2_room1_mix1640,59,7,0,19,0,11.16
fold2_room1_mix1640,60,7,0,23,0,9.83
fold2_room1_mix1640,61,7,0,24,0,8.71
fold2_room1_mix1640,62,7,0,28,0,7.33
fold2_room1_mix1640,63,7,0,35,0,5.57
fold2_room1_mix1640,64,7,0,40,0,4.80
fold2_room1_mix1640,65,7,0,49,0,4.53
fold2_room1_mix1640,66,7,0,61,0,4.25
fold2_room1_mix1640,67,7,0,83,0,3.61
fold2_room1_mix1640,68,7,0,104,0,3.68
fold2_room1_mix1640,69,7,0,119,0,4.28
fold2_room1_mix1640,70,7,0,133,0,4.90
fold2_room1_mix1640,71,7,0,140,0,6.08
fold2_room1_mix1640,72,7,0,146,0,6.59
fold2_room1_mix1640,73,7,0,149,0,7.16
fold2_room1_mix1640,74,7,0,151,0,7.89
fold2_room1_mix1640,75,7,0,155,0,9.03
fold2_room1_mix1640,76,7,0,158,0,9.82
fold2_room1_mix1640,77,7,0,160,0,10.25
fold2_room1_mix1640,78,7,0,162,0,11.29
fold2_room1_mix1640,79,7,0,164,0,12.13
fold2_room1_mix1640,80,7,0,165,0,13.15
fold2_room1_mix1640,81,7,0,166,0,14.82
fold2_room1_mix1640,82,7,0,166,0,15.39
fold2_room1_mix1640,83,7,0,168,0,16.40
fold2_room1_mix1640,84,7,0,168,0,17.57
fold2_room1_mix1640,85,7,0,168,0,18.35
fold2_room1_mix1640,86,7,0,169,0,18.62
fold2_room1_mix1640,87,7,0,169,0,19.21
fold2_room1_mix1640,88,7,0,170,0,20.89
fold2_room1_mix1640,89,7,0,170,0,19.91
fold2_room1_mix1640,90,7,0,171,0,21.93
fold2_room1_mix1640,91,7,0,171,0,23.59
fold2_room1_mix1640,92,7,0,171,0,25.17
fold2_room1_mix1640,93,7,0,172,0,26.09
fold2_room1_mix1640,94,7,0,172,0,27.45
fold2_room1_mix1640,95,7,0,172,0,28.31
fold2_room1_mix1640,96,7,0,172,0,29.45
fold2_room1_mix1640,97,7,0,172,0,31.14
fold2_room1_mix1640,98,7,0,172,0,32.72
fold2_room1_mix1640,99,7,0,173,0,33.08
fold2_room1_mix1641,1,5,0,172,1,3.40
fold2_room1_mix1641,2,5,0,177,1,7.63
fold2_room1_mix1641,3,5,0,-179,0,17.26
fold2_room1_mix1641,3,7,0,-178,0,2.33
fold2_room1_mix1641,4,7,0,-173,0,20.44
fold2_room1_mix1641,5,7,0,-175,0,23.81
fold2_room1_mix1641,6,7,0,-174,0,21.97
fold2_room1_mix1641,7,5,0,-178,0,4.54
fold2_room1_mix1641,7,7,0,-175,0,17.16
fold2_room1_mix1641,8,7,0,-172,-1,22.92
fold2_room1_mix1641,9,7,0,-174,-1,23.39
fold2_room1_mix1641,10,7,0,-171,-1,21.68
fold2_room1_mix1641,11,7,0,-172,-1,21.43
fold2_room1_mix1641,12,7,0,-171,-1,19.46
fold2_room1_mix1641,13,7,0,-171,-1,20.12
fold2_room1_mix1641,14,7,0,-170,-1,19.08
fold2_room1_mix1641,15,7,0,-171,-1,19.69
fold2_room1_mix1641,16,7,0,-170,-1,18.66
fold2_room1_mix1641,17,7,0,-171,-1,19.89
fold2_room1_mix1641,18,7,0,-170,-1,17.40
fold2_room1_mix1641,19,7,0,-170,-1,18.07
fold2_room1_mix1641,20,7,0,-171,-1,17.69
fold2_room1_mix1641,21,7,0,-169,-1,17.15
fold2_room1_mix1641,22,7,0,-169,-1,16.90
fold2_room1_mix1641,23,7,0,-170,-1,17.94
fold2_room1_mix1641,24,7,0,-169,-1,16.87
fold2_room1_mix1641,25,7,0,-170,-1,18.65
fold2_room1_mix1641,26,7,0,-169,-1,16.37
fold2_room1_mix1641,27,7,0,-169,-1,17.52
fold2_room1_mix1641,28,7,0,-168,-1,15.71
fold2_room1_mix1641,29,7,0,-166,-1,14.20
fold2_room1_mix1641,30,7,0,-165,-1,13.88
fold2_room1_mix1641,31,7,0,-164,-1,12.78
fold2_room1_mix1641,32,7,0,-163,-1,12.13
fold2_room1_mix1641,33,7,0,-162,-1,11.24
fold2_room1_mix1641,34,7,0,-161,-1,10.58
fold2_room1_mix1641,35,7,0,-160,-1,9.65
fold2_room1_mix1641,36,7,0,-158,-1,9.08
fold2_room1_mix1641,37,7,0,-157,-1,8.48
fold2_room1_mix1641,38,7,0,-156,-1,8.04
fold2_room1_mix1641,39,7,0,-153,-1,7.70
fold2_room1_mix1641,40,7,0,-151,-1,7.07
fold2_room1_mix1641,41,7,0,-147,-2,6.48
fold2_room1_mix1641,42,7,0,-146,-2,6.09
fold2_room1_mix1641,43,7,0,-142,-2,5.93
fold2_room1_mix1641,44,7,0,-139,-2,5.20
fold2_room1_mix1641,45,7,0,-134,-2,4.90
fold2_room1_mix1641,46,7,0,-126,-3,4.30
fold2_room1_mix1641,47,7,0,-112,-3,3.95
fold2_room1_mix1641,48,7,0,-95,-4,3.50
fold2_room1_mix1641,49,7,0,-88,-4,3.52
fold2_room1_mix1641,50,7,0,-71,-3,3.83
fold2_room1_mix1641,51,7,0,-64,-3,4.12
fold2_room1_mix1641,52,7,0,-55,-2,4.61
fold2_room1_mix1641,53,7,0,-48,-2,5.15
fold2_room1_mix1641,54,7,0,-41,-1,5.59
fold2_room1_mix1641,55,7,0,-38,-1,5.83
fold2_room1_mix1641,56,7,0,-34,-1,6.17
fold2_room1_mix1641,57,7,0,-32,-1,6.87
fold2_room1_mix1641,58,7,0,-28,-1,7.45
fold2_room1_mix1641,59,7,0,-26,-1,7.51
fold2_room1_mix1641,60,7,0,-25,-1,7.93
fold2_room1_mix1641,61,7,0,-23,-1,8.56
fold2_room1_mix1641,62,7,0,-22,-1,8.71
fold2_room1_mix1641,63,7,0,-20,-1,9.76
fold2_room1_mix1641,64,7,0,-19,0,10.54
fold2_room1_mix1641,65,7,0,-18,-1,11.40
fold2_room1_mix1641,66,7,0,-17,0,12.52
fold2_room1_mix1641,67,7,0,-16,0,13.00
fold2_room1_mix1641,68,7,0,-13,0,14.37
fold2_room1_mix1641,69,7,0,-14,0,13.84
fold2_room1_mix1641,70,7,0,-13,0,15.30
fold2_room1_mix1641,71,7,0,-12,0,16.40
fold2_room1_mix1641,72,7,0,-11,0,17.10
fold2_room1_mix1641,73,7,0,-10,0,17.81
fold2_room1_mix1641,74,7,0,-10,0,18.02
fold2_room1_mix1641,75,7,0,-8,0,19.59
fold2_room1_mix1641,76,7,0,-9,0,19.65
fold2_room1_mix1641,77,7,0,-9,0,19.96
fold2_room1_mix1641,78,7,0,-9,0,20.60
fold2_room1_mix1641,79,7,0,-9,0,21.33
fold2_room1_mix1641,80,7,0,-9,0,20.89
fold2_room1_mix1641,81,7,0,-8,0,22.20
fold2_room1_mix1641,82,7,0,-8,0,22.84
fold2_room1_mix1641,83,7,0,-7,0,23.47
fold2_room1_mix1641,84,7,0,-6,0,24.19
fold2_room1_mix1641,85,7,0,-5,0,26.44
fold2_room1_mix1641,86,7,0,-6,0,24.80
fold2_room1_mix1641,87,7,0,-4,0,26.63
fold2_room1_mix1641,88,7,0,-4,0,27.01
fold2_room1_mix1641,89,7,0,-4,0,28.38
fold2_room1_mix1641,90,7,0,-5,0,27.83
fold2_room1_mix1641,91,7,0,-4,0,32.49
fold2_room1_mix1641,92,7,0,-5,0,29.99
fold2_room1_mix1641,93,7,0,-5,0,31.37
fold2_room1_mix1641,94,7,0,-4,0,33.71
fold2_room1_mix1641,95,7,0,-4,0,34.23
fold2_room1_mix1641,96,7,0,-4,0,34.04
fold2_room1_mix1641,97,7,0,-3,0,37.63
fold2_room1_mix1641,98,7,0,-4,0,39.09
fold2_room1_mix1641,99,7,0,-4,0,38.19
fold2_room1_mix1642,5,7,0,0,0,17.30
fold2_room1_mix1642,6,7,0,2,0,42.59
fold2_room1_mix1642,7,7,0,0,0,34.94
fold2_room1_mix1642,8,7,0,1,0,38.34
fold2_room1_mix1642,9,7,0,2,0,56.44
fold2_room1_mix1642,10,7,0,1,0,59.60
fold2_room1_mix1642,11,7,0,2,0,54.05
fold2_room1_mix1642,12,7,0,2,0,54.01
fold2_room1_mix1642,13,7,0,2,0,58.66
fold2_room1_mix1642,14,7,0,2,0,59.57
fold2_room1_mix1642,15,7,0,2,0,63.31
fold2_room1_mix1642,16,7,0,2,0,59.13
fold2_room1_mix1642,17,7,0,2,0,60.45
fold2_room1_mix1642,18,7,0,2,0,60.34
fold2_room1_mix1642,19,7,0,2,0,61.62
fold2_room1_mix1642,20,7,0,2,0,57.06
fold2_room1_mix1642,21,7,0,1,0,59.03
fold2_room1_mix1642,22,7,0,2,0,62.03
fold2_room1_mix1642,23,7,0,2,0,59.90
fold2_room1_mix1642,24,7,0,2,0,55.88
fold2_room1_mix1642,25,7,0,2,0,57.92
fold2_room1_mix1642,26,7,0,1,0,57.06
fold2_room1_mix1642,27,7,0,1,0,57.41
fold2_room1_mix1642,28,7,0,1,0,56.49
fold2_room1_mix1642,29,7,0,1,0,54.57
fold2_room1_mix1642,30,7,0,1,0,53.07
fold2_room1_mix1642,31,7,0,1,0,53.02
fold2_room1_mix1642,32,7,0,1,0,50.96
fold2_room1_mix1642,33,7,0,1,0,48.68
fold2_room1_mix1642,34,7,0,1,0,48.57
fold2_room1_mix1642,35,7,0,1,0,49.20
fold2_room1_mix1642,36,7,0,1,0,45.92
fold2_room1_mix1642,37,7,0,1,0,44.08
fold2_room1_mix1642,38,7,0,1,0,41.41
fold2_room1_mix1642,39,7,0,1,0,41.27
fold2_room1_mix1642,40,7,0,1,0,39.15
fold2_room1_mix1642,41,7,0,1,0,38.30
fold2_room1_mix1642,42,7,0,0,0,36.18
fold2_room1_mix1642,43,7,0,0,0,37.41
fold2_room1_mix1642,44,7,0,0,0,36.83
fold2_room1_mix1642,45,7,0,-1,0,35.49
fold2_room1_mix1642,46,7,0,-1,0,33.51
fold2_room1_mix1642,47,7,0,-1,0,32.70
fold2_room1_mix1642,48,7,0,-1,0,30.69
fold2_room1_mix1642,49,7,0,-1,0,28.43
fold2_room1_mix1642,50,7,0,-2,0,26.84
fold2_room1_mix1642,51,7,0,-3,0,25.34
fold2_room1_mix1642,52,7,0,-4,0,22.64
fold2_room1_mix1642,53,7,0,-5,0,20.44
fold2_room1_mix1642,54,7,0,-5,0,19.37
fold2_room1_mix1642,55,7,0,-6,0,17.57
fold2_room1_mix1642,56,7,0,-8,0,15.21
fold2_room1_mix1642,57,7,0,-10,0,13.81
fold2_room1_mix1642,58,7,0,-11,0,12.02
fold2_room1_mix1642,59,7,0,-14,0,10.55
fold2_room1_mix1642,60,7,0,-15,-1,9.24
fold2_room1_mix1642,61,7,0,-18,-1,8.16
fold2_room1_mix1642,62,7,0,-25,-2,5.60
fold2_room1_mix1642,63,7,0,-34,-4,4.36
fold2_room1_mix1642,64,7,0,-43,-4,3.51
fold2_room1_mix1642,65,7,0,-78,-5,2.27
fold2_room1_mix1642,66,7,0,-117,-5,2.39
fold2_room1_mix1642,67,7,0,-137,-4,2.87
fold2_room1_mix1642,68,7,0,-149,-3,3.87
fold2_room1_mix1642,69,7,0,-156,-2,5.35
fold2_room1_mix1642,70,7,0,-159,-2,6.24
fold2_room1_mix1642,71,7,0,-161,-2,8.02
fold2_room1_mix1642,72,7,0,-165,-1,9.36
fold2_room1_mix1642,73,7,0,-166,0,10.98
fold2_room1_mix1642,74,7,0,-169,0,12.73
fold2_room1_mix1642,75,7,0,-170,0,13.86
fold2_room1_mix1642,76,7,0,-171,0,15.65
fold2_room1_mix1642,77,7,0,-171,0,17.70
fold2_room1_mix1642,78,7,0,-173,0,18.50
fold2_room1_mix1642,79,7,0,-173,0,19.83
fold2_room1_mix1642,80,7,0,-174,0,22.10
fold2_room1_mix1642,81,7,0,-175,0,22.76
fold2_room1_mix1642,82,7,0,-174,0,24.10
fold2_room1_mix1642,83,7,0,-175,0,27.04
fold2_room1_mix1642,84,7,0,-175,0,28.47
fold2_room1_mix1642,85,7,0,-175,0,28.48
fold2_room1_mix1642,86,7,0,-176,0,29.03
fold2_room1_mix1642,87,7,0,-176,0,32.55
fold2_room1_mix1642,88,7,0,-177,0,33.37
fold2_room1_mix1642,89,7,0,-176,0,34.98
fold2_room1_mix1642,90,7,0,-177,0,36.54
fold2_room1_mix1642,91,7,0,-177,0,37.18
fold2_room1_mix1642,92,7,0,-177,0,37.63
fold2_room1_mix1642,93,7,0,-178,0,39.94
fold2_room1_mix1642,94,7,0,-178,0,40.37
fold2_room1_mix1642,95,7,0,-178,0,43.32
fold2_room1_mix1642,96,7,0,-178,0,46.65
fold2_room1_mix1642,97,7,0,-178,0,46.35
fold2_room1_mix1642,98,7,0,-178,0,47.98
fold2_room1_mix1642,99,7,0,-178,0,51.11
fold2_room1_mix1643,3,7,0,0,0,11.32
fold2_room1_mix1643,4,7,0,0,0,19.38
fold2_room1_mix1643,5,7,0,1,0,18.05
fold2_room1_mix1643,6,7,0,0,0,23.56
fold2_room1_mix1643,7,7,0,1,0,27.69
fold2_room1_mix1643,8,7,0,2,0,26.80
fold2_room1_mix1643,9,7,0,3,0,24.71
fold2_room1_mix1643,10,7,0,2,0,25.73
fold2_room1_mix1643,11,7,0,3,0,31.08
fold2_room1_mix1643,12,7,0,2,0,26.53
fold2_room1_mix1643,13,7,0,0,0,24.47
fold2_room1_mix1643,14,7,0,3,0,25.16
fold2_room1_mix1643,15,7,0,6,0,21.58
fold2_room1_mix1643,16,7,0,4,0,20.74
fold2_room1_mix1643,17,7,0,4,0,22.39
fold2_room1_mix1643,18,7,0,6,0,19.62
fold2_room1_mix1643,19,7,0,5,0,22.62
fold2_room1_mix1643,20,7,0,9,0,20.37
fold2_room1_mix1643,21,7,0,10,0,19.84
fold2_room1_mix1643,22,7,0,12,0,19.49
fold2_room1_mix1643,23,7,0,10,0,18.72
fold2_room1_mix1643,24,7,0,11,0,19.20
fold2_room1_mix1643,25,7,0,13,0,15.79
fold2_room1_mix1643,26,7,0,14,0,16.54
fold2_room1_mix1643,27,7,0,15,0,16.20
fold2_room1_mix1643,28,7,0,14,0,14.91
fold2_room1_mix1643,29,7,0,14,0,14.46
fold2_room1_mix1643,30,7,0,15,0,14.56
fold2_room1_mix1643,31,7,0,17,0,12.27
fold2_room1_mix1643,32,7,0,17,0,11.02
fold2_room1_mix1643,33,7,0,20,0,10.42
fold2_room1_mix1643,34,7,0,21,0,8.76
fold2_room1_mix1643,35,7,0,22,0,8.67
fold2_room1_mix1643,36,7,0,21,0,8.44
fold2_room1_mix1643,37,7,0,26,0,7.24
fold2_room1_mix1643,38,7,0,30,0,6.44
fold2_room1_mix1643,39,7,0,37,0,5.53
fold2_room1_mix1643,40,7,0,38,0,5.06
fold2_room1_mix1643,41,7,0,48,0,4.48
fold2_room1_mix1643,42,7,0,58,0,4.57
fold2_room1_mix1643,43,7,0,61,0,4.47
fold2_room1_mix1643,44,7,0,75,0,4.15
fold2_room1_mix1643,45,7,0,87,0,4.10
fold2_room1_mix1643,46,7,0,90,0,4.05
fold2_room1_mix1643,47,7,0,109,0,3.93
fold2_room1_mix1643,48,7,0,121,0,4.36
fold2_room1_mix1643,49,7,0,128,0,5.16
fold2_room1_mix1643,50,7,0,138,0,5.83
fold2_room1_mix1643,51,7,0,143,0,6.30
fold2_room1_mix1643,52,7,0,146,0,6.57
fold2_room1_mix1643,53,7,0,149,0,7.31
fold2_room1_mix1643,54,7,0,151,0,7.69
fold2_room1_mix1643,55,7,0,155,0,8.43
fold2_room1_mix1643,56,7,0,157,0,8.51
fold2_room1_mix1643,57,7,0,159,0,9.60
fold2_room1_mix1643,58,7,0,159,0,9.90
fold2_room1_mix1643,59,7,0,161,0,10.96
fold2_room1_mix1643,60,7,0,162,0,11.40
fold2_room1_mix1643,61,7,0,164,0,12.48
fold2_room1_mix1643,62,7,0,164,0,12.61
fold2_room1_mix1643,63,7,0,165,0,13.56
fold2_room1_mix1643,64,7,0,166,0,14.10
fold2_room1_mix1643,65,7,0,167,0,15.46
fold2_room1_mix1643,66,7,0,168,0,15.75
fold2_room1_mix1643,67,7,0,167,0,16.58
fold2_room1_mix1643,68,7,0,168,0,17.65
fold2_room1_mix1643,69,7,0,169,0,18.15
fold2_room1_mix1643,70,7,0,168,0,18.10
fold2_room1_mix1643,71,7,0,170,0,18.77
fold2_room1_mix1643,72,7,0,169,0,18.66
fold2_room1_mix1643,73,7,0,171,0,19.47
fold2_room1_mix1643,74,7,0,170,0,19.68
fold2_room1_mix1643,75,7,0,172,0,22.05
fold2_room1_mix1643,76,7,0,172,0,22.37
fold2_room1_mix1643,77,7,0,173,0,25.21
fold2_room1_mix1643,78,7,0,172,0,24.56
fold2_room1_mix1643,79,7,0,173,0,25.42
fold2_room1_mix1643,80,7,0,174,0,23.84
fold2_room1_mix1643,81,7,0,171,0,9.46
fold2_room1_mix1643,82,7,0,174,0,15.30
fold2_room1_mix1643,83,7,0,171,0,12.85
fold2_room1_mix1643,84,7,0,173,0,22.65
fold2_room1_mix1643,85,7,0,174,0,26.62
fold2_room1_mix1643,86,7,0,173,0,28.83
fold2_room1_mix1643,87,7,0,174,0,29.88
fold2_room1_mix1643,88,7,0,173,0,30.38
fold2_room1_mix1643,89,7,0,173,0,20.24
fold2_room1_mix1643,90,7,0,172,0,27.36
fold2_room1_mix1643,91,7,0,174,0,31.22
fold2_room1_mix1643,92,7,0,173,0,32.44
fold2_room1_mix1643,93,7,0,174,0,33.34
fold2_room1_mix1643,94,7,0,173,0,33.86
fold2_room1_mix1643,95,7,0,174,0,34.77
fold2_room1_mix1643,96,7,0,173,0,6.01
fold2_room1_mix1643,98,7,0,174,0,17.63
fold2_room1_mix1644,2,7,0,-178,0,8.38
fold2_room1_mix1644,3,7,0,-179,0,11.89
fold2_room1_mix1644,4,7,0,-177,0,26.00
fold2_room1_mix1644,5,7,0,178,0,39.87
fold2_room1_mix1644,6,7,0,179,0,44.24
fold2_room1_mix1644,7,7,0,179,0,43.93
fold2_room1_mix1644,8,7,0,179,0,53.57
fold2_room1_mix1644,9,7,0,179,0,47.43
fold2_room1_mix1644,10,7,0,-179,0,47.13
fold2_room1_mix1644,11,7,0,-179,0,48.34
fold2_room1_mix1644,12,7,0,-179,0,44.57
fold2_room1_mix1644,13,7,0,-179,0,43.41
fold2_room1_mix1644,14,7,0,179,0,44.93
fold2_room1_mix1644,15,7,0,179,0,45.75
fold2_room1_mix1644,16,7,0,179,0,49.00
fold2_room1_mix1644,17,7,0,-179,0,46.87
fold2_room1_mix1644,18,7,0,-179,0,45.60
fold2_room1_mix1644,19,7,0,179,0,47.81
fold2_room1_mix1644,20,7,0,179,0,42.20
fold2_room1_mix1644,21,7,0,-179,0,44.88
fold2_room1_mix1644,22,7,0,179,0,42.84
fold2_room1_mix1644,23,7,0,-179,0,40.30
fold2_room1_mix1644,24,7,0,-179,0,39.27
fold2_room1_mix1644,25,7,0,-179,0,39.68
fold2_room1_mix1644,26,7,0,-179,0,37.09
fold2_room1_mix1644,27,7,0,179,0,38.30
fold2_room1_mix1644,28,7,0,179,0,34.53
fold2_room1_mix1644,29,7,0,-179,0,32.29
fold2_room1_mix1644,30,7,0,179,0,31.39
fold2_room1_mix1644,31,7,0,-179,0,31.15
fold2_room1_mix1644,32,7,0,178,0,30.03
fold2_room1_mix1644,33,7,0,178,0,30.03
fold2_room1_mix1644,34,7,0,179,0,29.21
fold2_room1_mix1644,35,7,0,177,0,28.80
fold2_room1_mix1644,36,7,0,178,0,26.92
fold2_room1_mix1644,37,7,0,178,0,26.42
fold2_room1_mix1644,38,7,0,179,0,23.90
fold2_room1_mix1644,39,7,0,179,0,22.69
fold2_room1_mix1644,40,7,0,-179,0,21.77
fold2_room1_mix1644,41,7,0,177,0,20.37
fold2_room1_mix1644,42,7,0,178,0,20.09
fold2_room1_mix1644,43,7,0,177,0,19.10
fold2_room1_mix1644,44,7,0,175,0,17.68
fold2_room1_mix1644,45,7,0,175,0,16.57
fold2_room1_mix1644,46,7,0,173,0,15.41
fold2_room1_mix1644,47,7,0,173,-1,14.44
fold2_room1_mix1644,48,7,0,170,0,12.18
fold2_room1_mix1644,49,7,0,169,0,10.97
fold2_room1_mix1644,50,7,0,168,-1,9.91
fold2_room1_mix1644,51,7,0,166,-1,8.89
fold2_room1_mix1644,52,7,0,161,-1,7.69
fold2_room1_mix1644,53,7,0,160,-1,6.10
fold2_room1_mix1644,54,7,0,154,-1,5.36
fold2_room1_mix1644,55,7,0,147,-2,4.32
fold2_room1_mix1644,56,7,0,136,-1,3.12
fold2_room1_mix1644,57,7,0,104,0,2.12
fold2_room1_mix1644,58,7,0,76,0,2.19
fold2_room1_mix1644,59,7,0,52,1,2.79
fold2_room1_mix1644,60,7,0,39,1,3.53
fold2_room1_mix1644,61,7,0,26,0,4.98
fold2_room1_mix1644,62,7,0,21,0,5.36
fold2_room1_mix1644,63,7,0,19,0,6.45
fold2_room1_mix1644,64,7,0,14,0,7.66
fold2_room1_mix1644,65,7,0,12,0,8.46
fold2_room1_mix1644,66,7,0,11,0,8.78
fold2_room1_mix1644,67,7,0,10,0,9.85
fold2_room1_mix1644,68,7,0,10,0,10.72
fold2_room1_mix1644,69,7,0,9,0,12.67
fold2_room1_mix1644,70,7,0,9,0,12.72
fold2_room1_mix1644,71,7,0,9,0,14.39
fold2_room1_mix1644,72,7,0,9,0,15.53
fold2_room1_mix1644,73,7,0,8,0,15.93
fold2_room1_mix1644,74,7,0,7,0,16.91
fold2_room1_mix1644,75,7,0,8,0,18.08
fold2_room1_mix1644,76,7,0,8,0,17.44
fold2_room1_mix1644,77,7,0,7,0,18.72
fold2_room1_mix1644,78,7,0,7,0,20.43
fold2_room1_mix1644,79,7,0,7,0,20.84
fold2_room1_mix1644,80,7,0,6,0,21.25
fold2_room1_mix1644,81,7,0,5,0,22.73
fold2_room1_mix1644,82,7,0,6,0,24.46
fold2_room1_mix1644,83,7,0,6,0,26.63
fold2_room1_mix1644,84,7,0,5,0,26.44
fold2_room1_mix1644,85,7,0,6,0,26.40
fold2_room1_mix1644,86,7,0,5,0,26.93
fold2_room1_mix1644,87,7,0,4,0,29.48
fold2_room1_mix1644,88,7,0,4,0,33.10
fold2_room1_mix1644,89,7,0,4,0,32.15
fold2_room1_mix1644,90,7,0,4,0,33.72
fold2_room1_mix1644,91,7,0,4,0,39.54
fold2_room1_mix1644,92,7,0,4,0,37.03
fold2_room1_mix1644,93,7,0,4,0,35.78
fold2_room1_mix1644,94,7,0,4,0,38.83
fold2_room1_mix1644,95,7,0,4,0,39.24
fold2_room1_mix1644,96,7,0,4,0,39.86
fold2_room1_mix1644,97,7,0,4,0,41.39
fold2_room1_mix1644,98,7,0,5,0,41.71
fold2_room1_mix1644,99,7,0,4,0,43.36
fold2_room1_mix1645,4,7,0,179,0,17.41
fold2_room1_mix1645,5,7,0,-178,0,21.91
fold2_room1_mix1645,6,7,0,-179,0,23.31
fold2_room1_mix1645,7,7,0,-178,0,25.41
fold2_room1_mix1645,8,7,0,-178,0,27.79
fold2_room1_mix1645,9,7,0,-178,-1,27.37
fold2_room1_mix1645,10,7,0,-178,-1,26.10
fold2_room1_mix1645,11,7,0,-178,0,28.55
fold2_room1_mix1645,12,7,0,-179,0,27.91
fold2_room1_mix1645,13,7,0,-179,0,27.34
fold2_room1_mix1645,14,7,0,-179,0,28.46
fold2_room1_mix1645,15,7,0,-178,-1,26.65
fold2_room1_mix1645,16,7,0,-179,-1,26.93
fold2_room1_mix1645,17,7,0,-179,0,28.70
fold2_room1_mix1645,18,7,0,-179,0,28.33
fold2_room1_mix1645,19,7,0,-179,-1,28.51
fold2_room1_mix1645,20,7,0,-179,0,29.67
fold2_room1_mix1645,21,7,0,-179,-1,29.03
fold2_room1_mix1645,22,7,0,-179,0,29.62
fold2_room1_mix1645,23,7,0,-179,0,29.36
fold2_room1_mix1645,24,7,0,-179,0,28.71
fold2_room1_mix1645,25,7,0,-179,0,28.29
fold2_room1_mix1645,26,7,0,-179,0,27.11
fold2_room1_mix1645,27,7,0,-179,0,27.45
fold2_room1_mix1645,28,7,0,-179,0,26.44
fold2_room1_mix1645,29,7,0,-178,0,25.58
fold2_room1_mix1645,30,7,0,-179,0,26.54
fold2_room1_mix1645,31,7,0,-179,0,26.79
fold2_room1_mix1645,32,7,0,179,0,27.72
fold2_room1_mix1645,33,7,0,179,0,27.31
fold2_room1_mix1645,34,7,0,179,0,26.28
fold2_room1_mix1645,35,7,0,179,0,26.72
fold2_room1_mix1645,36,7,0,-179,0,26.20
fold2_room1_mix1645,37,7,0,-179,0,25.33
fold2_room1_mix1645,38,7,0,-177,0,24.80
fold2_room1_mix1645,39,7,0,-176,0,24.16
fold2_room1_mix1645,40,7,0,-175,0,23.00
fold2_room1_mix1645,41,7,0,-175,0,21.77
fold2_room1_mix1645,42,7,0,-174,-1,20.79
fold2_room1_mix1645,43,7,0,-173,-1,21.10
fold2_room1_mix1645,44,7,0,-173,-1,20.32
fold2_room1_mix1645,45,7,0,-172,-1,19.56
fold2_room1_mix1645,46,7,0,-172,-1,18.66
fold2_room1_mix1645,47,7,0,-171,-1,18.01
fold2_room1_mix1645,48,7,0,-170,-1,16.82
fold2_room1_mix1645,49,7,0,-170,-1,15.66
fold2_room1_mix1645,50,7,0,-169,-1,14.76
fold2_room1_mix1645,51,7,0,-168,-1,14.46
fold2_room1_mix1645,52,7,0,-167,-1,13.44
fold2_room1_mix1645,53,7,0,-165,-1,11.67
fold2_room1_mix1645,54,7,0,-164,-1,11.23
fold2_room1_mix1645,55,7,0,-163,-1,10.18
fold2_room1_mix1645,56,7,0,-162,-1,8.67
fold2_room1_mix1645,57,7,0,-161,-1,8.36
fold2_room1_mix1645,58,7,0,-161,-1,7.58
fold2_room1_mix1645,59,7,0,-159,-2,6.91
fold2_room1_mix1645,60,7,0,-156,-2,5.80
fold2_room1_mix1645,61,7,0,-154,-2,5.08
fold2_room1_mix1645,62,7,0,-151,-2,4.83
fold2_room1_mix1645,63,7,0,-146,-3,3.71
fold2_room1_mix1645,64,7,0,-143,-3,3.47
fold2_room1_mix1645,65,7,0,-135,-5,2.66
fold2_room1_mix1645,66,7,0,-128,-4,2.49
fold2_room1_mix1645,67,7,0,-105,-4,1.89
fold2_room1_mix1645,68,7,0,-87,-3,2.31
fold2_room1_mix1645,69,7,0,-67,-2,2.67
fold2_room1_mix1645,70,7,0,-53,-2,2.98
fold2_room1_mix1645,71,7,0,-44,-2,3.48
fold2_room1_mix1645,72,7,0,-38,-1,3.66
fold2_room1_mix1645,73,7,0,-31,-1,4.21
fold2_room1_mix1645,74,7,0,-27,-1,4.89
fold2_room1_mix1645,75,7,0,-25,-1,5.17
fold2_room1_mix1645,76,7,0,-22,0,5.71
fold2_room1_mix1645,77,7,0,-20,0,6.40
fold2_room1_mix1645,78,7,0,-19,0,6.66
fold2_room1_mix1645,79,7,0,-16,0,7.56
fold2_room1_mix1645,80,7,0,-14,0,8.33
fold2_room1_mix1645,81,7,0,-13,0,9.26
fold2_room1_mix1645,82,7,0,-12,0,9.90
fold2_room1_mix1645,83,7,0,-10,0,11.43
fold2_room1_mix1645,84,7,0,-9,0,11.49
fold2_room1_mix1645,85,7,0,-11,0,11.43
fold2_room1_mix1645,86,7,0,-9,0,13.20
fold2_room1_mix1645,87,7,0,-8,0,13.86
fold2_room1_mix1645,88,7,0,-8,0,15.22
fold2_room1_mix1645,89,7,0,-7,0,15.61
fold2_room1_mix1645,90,7,0,-6,0,16.65
fold2_room1_mix1645,91,7,0,-6,0,18.05
fold2_room1_mix1645,92,7,0,-6,0,17.71
fold2_room1_mix1645,93,7,0,-5,0,18.98
fold2_room1_mix1645,94,7,0,-5,0,20.72
fold2_room1_mix1645,95,7,0,-5,0,20.26
fold2_room1_mix1645,96,7,0,-4,0,21.34
fold2_room1_mix1645,97,7,0,-3,0,22.09
fold2_room1_mix1645,98,7,0,-4,0,22.61
fold2_room1_mix1645,99,7,0,-3,0,23.92
fold2_room1_mix1646,2,7,0,-178,0,6.89
fold2_room1_mix1646,3,7,0,-179,0,18.99
fold2_room1_mix1646,4,7,0,-179,0,29.60
fold2_room1_mix1646,5,7,0,-179,0,30.99
fold2_room1_mix1646,6,7,0,-179,0,33.74
fold2_room1_mix1646,7,7,0,179,0,38.46
fold2_room1_mix1646,8,7,0,179,0,40.01
fold2_room1_mix1646,9,7,0,179,0,39.57
fold2_room1_mix1646,10,7,0,-179,0,38.51
fold2_room1_mix1646,11,7,0,179,0,40.87
fold2_room1_mix1646,12,7,0,178,0,42.41
fold2_room1_mix1646,13,7,0,178,0,38.92
fold2_room1_mix1646,14,7,0,178,0,39.32
fold2_room1_mix1646,15,7,0,179,0,36.54
fold2_room1_mix1646,16,7,0,179,0,36.28
fold2_room1_mix1646,17,7,0,177,0,36.82
fold2_room1_mix1646,18,7,0,178,0,33.97
fold2_room1_mix1646,19,7,0,-179,0,36.39
fold2_room1_mix1646,20,7,0,179,0,34.83
fold2_room1_mix1646,21,7,0,178,0,36.78
fold2_room1_mix1646,22,7,0,178,0,33.06
fold2_room1_mix1646,23,7,0,179,0,32.97
fold2_room1_mix1646,24,7,0,178,0,35.35
fold2_room1_mix1646,25,7,0,178,0,35.06
fold2_room1_mix1646,26,7,0,178,0,32.42
fold2_room1_mix1646,27,7,0,177,0,32.75
fold2_room1_mix1646,28,7,0,178,0,32.16
fold2_room1_mix1646,29,7,0,178,0,30.90
fold2_room1_mix1646,30,7,0,177,0,31.28
fold2_room1_mix1646,31,7,0,178,0,30.37
fold2_room1_mix1646,32,7,0,176,0,30.26
fold2_room1_mix1646,33,7,0,177,0,28.67
fold2_room1_mix1646,34,7,0,176,0,29.02
fold2_room1_mix1646,35,7,0,178,0,29.57
fold2_room1_mix1646,36,7,0,176,0,27.17
fold2_room1_mix1646,37,7,0,176,0,27.28
fold2_room1_mix1646,38,7,0,176,0,24.08
fold2_room1_mix1646,39,7,0,177,0,25.74
fold2_room1_mix1646,40,7,0,177,0,23.89
fold2_room1_mix1646,41,7,0,178,0,21.88
fold2_room1_mix1646,42,7,0,179,0,22.32
fold2_room1_mix1646,43,7,0,178,0,20.99
fold2_room1_mix1646,44,7,0,177,0,20.64
fold2_room1_mix1646,45,7,0,177,0,21.93
fold2_room1_mix1646,46,7,0,177,-1,19.54
fold2_room1_mix1646,47,7,0,175,-1,20.36
fold2_room1_mix1646,48,7,0,174,0,19.22
fold2_room1_mix1646,49,7,0,175,-1,18.28
fold2_room1_mix1646,50,7,0,175,0,18.96
fold2_room1_mix1646,51,7,0,175,-1,16.72
fold2_room1_mix1646,52,7,0,173,-1,15.94
fold2_room1_mix1646,53,7,0,172,-1,15.38
fold2_room1_mix1646,54,7,0,173,-1,14.07
fold2_room1_mix1646,55,7,0,171,-1,12.63
fold2_room1_mix1646,56,7,0,170,-1,12.34
fold2_room1_mix1646,57,7,0,170,-1,11.14
fold2_room1_mix1646,58,7,0,167,-1,10.08
fold2_room1_mix1646,59,7,0,166,-1,9.26
fold2_room1_mix1646,60,7,0,164,-1,8.92
fold2_room1_mix1646,61,7,0,164,-2,7.07
fold2_room1_mix1646,62,7,0,163,-1,6.97
fold2_room1_mix1646,63,7,0,161,-2,6.49
fold2_room1_mix1646,64,7,0,159,-2,5.78
fold2_room1_mix1646,65,7,0,155,-3,4.92
fold2_room1_mix1646,66,7,0,148,-3,3.98
fold2_room1_mix1646,67,7,0,140,-3,3.41
fold2_room1_mix1646,68,7,0,129,-2,2.62
fold2_room1_mix1646,69,7,0,102,-1,2.28
fold2_room1_mix1646,70,7,0,80,-1,2.37
fold2_room1_mix1646,71,7,0,59,0,2.67
fold2_room1_mix1646,72,7,0,48,0,3.22
fold2_room1_mix1646,73,7,0,36,0,3.58
fold2_room1_mix1646,74,7,0,28,0,3.86
fold2_room1_mix1646,75,7,0,25,0,4.71
fold2_room1_mix1646,76,7,0,22,0,5.38
fold2_room1_mix1646,77,7,0,19,0,5.63
fold2_room1_mix1646,78,7,0,16,0,6.53
fold2_room1_mix1646,79,7,0,14,0,6.34
fold2_room1_mix1646,80,7,0,14,0,7.45
fold2_room1_mix1646,81,7,0,12,0,8.12
fold2_room1_mix1646,82,7,0,13,0,8.69
fold2_room1_mix1646,83,7,0,13,0,9.59
fold2_room1_mix1646,84,7,0,13,0,10.48
fold2_room1_mix1646,85,7,0,11,0,11.00
fold2_room1_mix1646,86,7,0,10,0,12.08
fold2_room1_mix1646,87,7,0,10,0,12.66
fold2_room1_mix1646,88,7,0,10,0,14.38
fold2_room1_mix1646,89,7,0,9,0,15.24
fold2_room1_mix1646,90,7,0,8,0,14.84
fold2_room1_mix1646,91,7,0,8,0,15.40
fold2_room1_mix1646,92,7,0,7,0,15.92
fold2_room1_mix1646,93,7,0,7,0,16.91
fold2_room1_mix1646,94,7,0,7,0,17.70
fold2_room1_mix1646,95,7,0,7,0,18.50
fold2_room1_mix1646,96,7,0,7,0,20.33
fold2_room1_mix1646,97,7,0,6,0,19.55
fold2_room1_mix1646,98,7,0,6,0,19.92
fold2_room1_mix1646,99,7,0,6,0,21.18
fold2_room1_mix1647,3,7,0,0,0,9.31
fold2_room1_mix1647,4,7,0,0,0,31.18
fold2_room1_mix1647,5,7,0,1,0,37.51
fold2_room1_mix1647,6,7,0,1,0,37.05
fold2_room1_mix1647,7,7,0,0,0,40.51
fold2_room1_mix1647,8,7,0,1,0,54.83
fold2_room1_mix1647,9,7,0,1,0,49.74
fold2_room1_mix1647,10,7,0,2,0,44.38
fold2_room1_mix1647,11,7,0,2,0,56.57
fold2_room1_mix1647,12,7,0,2,0,50.87
fold2_room1_mix1647,13,7,0,1,0,48.50
fold2_room1_mix1647,14,7,0,1,0,50.05
fold2_room1_mix1647,15,7,0,1,0,48.63
fold2_room1_mix1647,16,7,0,1,0,44.88
fold2_room1_mix1647,17,7,0,0,0,46.13
fold2_room1_mix1647,18,7,0,1,0,44.41
fold2_room1_mix1647,19,7,0,0,0,42.77
fold2_room1_mix1647,20,7,0,0,0,41.32
fold2_room1_mix1647,21,7,0,0,0,41.05
fold2_room1_mix1647,22,7,0,0,0,38.65
fold2_room1_mix1647,23,7,0,0,0,36.99
fold2_room1_mix1647,24,7,0,-1,0,36.86
fold2_room1_mix1647,25,7,0,-1,0,36.94
fold2_room1_mix1647,26,7,0,-1,0,36.30
fold2_room1_mix1647,27,7,0,-2,0,37.00
fold2_room1_mix1647,28,7,0,-3,0,33.64
fold2_room1_mix1647,29,7,0,-4,0,31.36
fold2_room1_mix1647,30,7,0,-5,0,29.73
fold2_room1_mix1647,31,7,0,-5,0,29.47
fold2_room1_mix1647,32,7,0,-5,0,30.00
fold2_room1_mix1647,33,7,0,-6,0,27.06
fold2_room1_mix1647,34,7,0,-5,0,27.21
fold2_room1_mix1647,35,7,0,-5,0,25.92
fold2_room1_mix1647,36,7,0,-8,0,22.61
fold2_room1_mix1647,37,7,0,-9,0,21.94
fold2_room1_mix1647,38,7,0,-10,0,19.29
fold2_room1_mix1647,39,7,0,-11,0,17.85
fold2_room1_mix1647,40,7,0,-12,0,17.33
fold2_room1_mix1647,41,7,0,-13,0,14.98
fold2_room1_mix1647,42,7,0,-14,0,13.51
fold2_room1_mix1647,43,7,0,-14,0,13.21
fold2_room1_mix1647,44,7,0,-17,0,11.07
fold2_room1_mix1647,45,7,0,-19,0,10.57
fold2_room1_mix1647,46,7,0,-22,0,8.91
fold2_room1_mix1647,47,7,0,-24,0,7.86
fold2_room1_mix1647,48,7,0,-32,-1,6.20
fold2_room1_mix1647,49,7,0,-39,-2,5.10
fold2_room1_mix1647,50,7,0,-44,-3,4.39
fold2_room1_mix1647,51,7,0,-57,-3,3.90
fold2_room1_mix1647,52,7,0,-80,-4,3.22
fold2_room1_mix1647,53,7,0,-109,-3,3.23
fold2_room1_mix1647,54,7,0,-125,-2,3.48
fold2_room1_mix1647,55,7,0,-135,-2,4.22
fold2_room1_mix1647,56,7,0,-146,-1,5.49
fold2_room1_mix1647,57,7,0,-152,-1,6.76
fold2_room1_mix1647,58,7,0,-154,-1,7.43
fold2_room1_mix1647,59,7,0,-157,0,8.35
fold2_room1_mix1647,60,7,0,-159,0,9.39
fold2_room1_mix1647,61,7,0,-162,0,11.14
fold2_room1_mix1647,62,7,0,-164,0,12.34
fold2_room1_mix1647,63,7,0,-166,0,14.61
fold2_room1_mix1647,64,7,0,-166,0,15.63
fold2_room1_mix1647,65,7,0,-168,0,16.38
fold2_room1_mix1647,66,7,0,-170,0,18.44
fold2_room1_mix1647,67,7,0,-169,0,18.93
fold2_room1_mix1647,68,7,0,-169,0,20.26
fold2_room1_mix1647,69,7,0,-171,0,21.39
fold2_room1_mix1647,70,7,0,-171,0,22.85
fold2_room1_mix1647,71,7,0,-172,0,24.46
fold2_room1_mix1647,72,7,0,-172,0,25.37
fold2_room1_mix1647,73,7,0,-172,0,25.90
fold2_room1_mix1647,74,7,0,-173,0,28.37
fold2_room1_mix1647,75,7,0,-174,0,29.89
fold2_room1_mix1647,76,7,0,-173,0,29.64
fold2_room1_mix1647,77,7,0,-174,0,30.99
fold2_room1_mix1647,78,7,0,-175,0,32.77
fold2_room1_mix1647,79,7,0,-175,0,33.16
fold2_room1_mix1647,80,7,0,-175,0,34.07
fold2_room1_mix1647,81,7,0,-175,0,35.45
fold2_room1_mix1647,82,7,0,-175,0,37.44
fold2_room1_mix1647,83,7,0,-175,0,39.35
fold2_room1_mix1647,84,7,0,-175,0,38.35
fold2_room1_mix1647,85,7,0,-176,0,40.91
fold2_room1_mix1647,86,7,0,-175,0,41.74
fold2_room1_mix1647,87,7,0,-176,0,43.76
fold2_room1_mix1647,88,7,0,-176,0,46.01
fold2_room1_mix1647,89,7,0,-175,0,43.70
fold2_room1_mix1647,90,7,0,-176,0,48.16
fold2_room1_mix1647,91,7,0,-176,0,50.47
fold2_room1_mix1647,92,7,0,-176,0,47.78
fold2_room1_mix1647,93,7,0,-176,0,50.31
fold2_room1_mix1647,94,7,0,-176,0,52.36
fold2_room1_mix1647,95,7,0,-176,0,54.61
fold2_room1_mix1647,96,7,0,-176,0,54.75
fold2_room1_mix1647,97,7,0,-176,0,55.94
fold2_room1_mix1647,98,7,0,-176,0,57.93
fold2_room1_mix1647,99,7,0,-176,0,57.57
fold2_room1_mix1648,3,7,0,0,0,8.73
fold2_room1_mix1648,4,7,0,1,0,27.63
fold2_room1_mix1648,5,7,0,2,0,38.81
fold2_room1_mix1648,6,7,0,1,0,36.94
fold2_room1_mix1648,7,7,0,1,0,40.94
fold2_room1_mix1648,8,7,0,1,0,50.59
fold2_room1_mix1648,9,7,0,1,0,48.97
fold2_room1_mix1648,10,7,0,1,0,44.75
fold2_room1_mix1648,11,7,0,1,0,47.62
fold2_room1_mix1648,12,7,0,2,0,47.42
fold2_room1_mix1648,13,7,0,1,0,47.57
fold2_room1_mix1648,14,7,0,1,0,49.62
fold2_room1_mix1648,15,7,0,1,0,48.10
fold2_room1_mix1648,16,7,0,1,0,46.94
fold2_room1_mix1648,17,7,0,1,0,47.07
fold2_room1_mix1648,18,7,0,1,0,47.72
fold2_room1_mix1648,19,7,0,1,0,46.62
fold2_room1_mix1648,20,7,0,2,0,46.89
fold2_room1_mix1648,21,7,0,2,0,45.71
fold2_room1_mix1648,22,7,0,1,0,42.80
fold2_room1_mix1648,23,7,0,1,0,41.79
fold2_room1_mix1648,24,7,0,2,0,42.30
fold2_room1_mix1648,25,7,0,1,0,40.63
fold2_room1_mix1648,26,7,0,1,0,40.44
fold2_room1_mix1648,27,7,0,1,0,41.40
fold2_room1_mix1648,28,7,0,1,0,37.29
fold2_room1_mix1648,29,7,0,0,0,36.16
fold2_room1_mix1648,30,7,0,-1,0,34.18
fold2_room1_mix1648,31,7,0,-1,0,33.33
fold2_room1_mix1648,32,7,0,-2,0,33.37
fold2_room1_mix1648,33,7,0,-3,0,32.01
fold2_room1_mix1648,34,7,0,-1,0,31.06
fold2_room1_mix1648,35,7,0,-3,0,29.04
fold2_room1_mix1648,36,7,0,-3,0,27.04
fold2_room1_mix1648,37,7,0,-4,0,26.28
fold2_room1_mix1648,38,7,0,-5,0,24.45
fold2_room1_mix1648,39,7,0,-6,0,23.10
fold2_room1_mix1648,40,7,0,-7,0,22.46
fold2_room1_mix1648,41,7,0,-10,0,19.70
fold2_room1_mix1648,42,7,0,-9,0,19.04
fold2_room1_mix1648,43,7,0,-9,0,18.27
fold2_room1_mix1648,44,7,0,-10,0,16.95
fold2_room1_mix1648,45,7,0,-11,0,15.35
fold2_room1_mix1648,46,7,0,-12,0,14.42
fold2_room1_mix1648,47,7,0,-13,0,13.17
fold2_room1_mix1648,48,7,0,-15,0,11.80
fold2_room1_mix1648,49,7,0,-16,0,10.77
fold2_room1_mix1648,50,7,0,-17,0,9.97
fold2_room1_mix1648,51,7,0,-18,-1,8.42
fold2_room1_mix1648,52,7,0,-23,-1,7.74
fold2_room1_mix1648,53,7,0,-26,-1,6.40
fold2_room1_mix1648,54,7,0,-32,-2,5.44
fold2_room1_mix1648,55,7,0,-39,-3,4.46
fold2_room1_mix1648,56,7,0,-44,-3,4.03
fold2_room1_mix1648,57,7,0,-60,-3,3.00
fold2_room1_mix1648,58,7,0,-86,-5,2.68
fold2_room1_mix1648,59,7,0,-115,-4,2.90
fold2_room1_mix1648,60,7,0,-126,-3,3.50
fold2_room1_mix1648,61,7,0,-136,-3,4.20
fold2_room1_mix1648,62,7,0,-147,-3,5.07
fold2_room1_mix1648,63,7,0,-153,-2,6.63
fold2_room1_mix1648,64,7,0,-155,-2,7.31
fold2_room1_mix1648,65,7,0,-157,-1,8.13
fold2_room1_mix1648,66,7,0,-160,-1,8.73
fold2_room1_mix1648,67,7,0,-161,-1,9.82
fold2_room1_mix1648,68,7,0,-164,-1,11.58
fold2_room1_mix1648,69,7,0,-165,0,13.01
fold2_room1_mix1648,70,7,0,-167,0,14.43
fold2_room1_mix1648,71,7,0,-168,0,15.15
fold2_room1_mix1648,72,7,0,-168,0,15.82
fold2_room1_mix1648,73,7,0,-169,0,16.86
fold2_room1_mix1648,74,7,0,-170,0,18.31
fold2_room1_mix1648,75,7,0,-170,0,19.10
fold2_room1_mix1648,76,7,0,-170,0,19.97
fold2_room1_mix1648,77,7,0,-171,0,21.10
fold2_room1_mix1648,78,7,0,-172,0,21.64
fold2_room1_mix1648,79,7,0,-172,0,23.49
fold2_room1_mix1648,80,7,0,-172,0,25.17
fold2_room1_mix1648,81,7,0,-173,0,26.32
fold2_room1_mix1648,82,7,0,-174,0,27.72
fold2_room1_mix1648,83,7,0,-174,0,29.14
fold2_room1_mix1648,84,7,0,-174,0,29.70
fold2_room1_mix1648,85,7,0,-174,0,30.51
fold2_room1_mix1648,86,7,0,-175,0,32.89
fold2_room1_mix1648,87,7,0,-175,0,33.20
fold2_room1_mix1648,88,7,0,-175,0,35.49
fold2_room1_mix1648,89,7,0,-175,0,35.73
fold2_room1_mix1648,90,7,0,-175,0,36.75
fold2_room1_mix1648,91,7,0,-176,0,38.25
fold2_room1_mix1648,92,7,0,-175,0,38.91
fold2_room1_mix1648,93,7,0,-175,0,39.36
fold2_room1_mix1648,94,7,0,-176,0,40.40
fold2_room1_mix1648,95,7,0,-176,0,41.38
fold2_room1_mix1648,96,7,0,-176,0,43.97
fold2_room1_mix1648,97,7,0,-176,0,44.80
fold2_room1_mix1648,98,7,0,-176,0,45.06
fold2_room1_mix1648,99,7,0,-176,0,45.11
fold2_room1_mix1649,2,7,0,0,0,8.95
fold2_room1_mix1649,3,7,0,0,0,11.19
fold2_room1_mix1649,4,7,0,1,0,35.09
fold2_room1_mix1649,5,7,0,2,0,35.61
fold2_room1_mix1649,6,7,0,2,0,37.94
fold2_room1_mix1649,7,7,0,0,0,41.05
fold2_room1_mix1649,8,7,0,1,0,50.59
fold2_room1_mix1649,9,7,0,2,0,48.17
fold2_room1_mix1649,10,7,0,1,0,45.64
fold2_room1_mix1649,11,7,0,2,0,48.51
fold2_room1_mix1649,12,7,0,1,0,49.96
fold2_room1_mix1649,13,7,0,1,0,43.33
fold2_room1_mix1649,14,7,0,1,0,48.68
fold2_room1_mix1649,15,7,0,2,0,49.19
fold2_room1_mix1649,16,7,0,1,0,44.28
fold2_room1_mix1649,17,7,0,2,0,51.54
fold2_room1_mix1649,18,7,0,2,0,49.45
fold2_room1_mix1649,19,7,0,1,0,46.80
fold2_room1_mix1649,20,7,0,1,0,46.23
fold2_room1_mix1649,21,7,0,2,0,46.09
fold2_room1_mix1649,22,7,0,2,0,47.97
fold2_room1_mix1649,23,7,0,1,0,46.87
fold2_room1_mix1649,24,7,0,1,0,47.08
fold2_room1_mix1649,25,7,0,2,0,46.35
fold2_room1_mix1649,26,7,0,1,0,43.57
fold2_room1_mix1649,27,7,0,1,0,48.62
fold2_room1_mix1649,28,7,0,1,0,46.95
fold2_room1_mix1649,29,7,0,1,0,45.03
fold2_room1_mix1649,30,7,0,1,0,43.66
fold2_room1_mix1649,31,7,0,0,0,40.81
fold2_room1_mix1649,32,7,0,1,0,44.73
fold2_room1_mix1649,33,7,0,0,0,42.30
fold2_room1_mix1649,34,7,0,1,0,42.61
fold2_room1_mix1649,35,7,0,0,0,39.94
fold2_room1_mix1649,36,7,0,0,0,38.65
fold2_room1_mix1649,37,7,0,1,0,36.14
fold2_room1_mix1649,38,7,0,0,0,37.03
fold2_room1_mix1649,39,7,0,0,0,35.03
fold2_room1_mix1649,40,7,0,0,0,36.40
fold2_room1_mix1649,41,7,0,0,0,35.61
fold2_room1_mix1649,42,7,0,0,0,34.39
fold2_room1_mix1649,43,7,0,0,0,35.08
fold2_room1_mix1649,44,7,0,-1,0,34.67
fold2_room1_mix1649,45,7,0,-2,0,32.73
fold2_room1_mix1649,46,7,0,0,0,31.67
fold2_room1_mix1649,47,7,0,0,0,31.47
fold2_room1_mix1649,48,7,0,-1,0,30.88
fold2_room1_mix1649,49,7,0,-2,0,29.31
fold2_room1_mix1649,50,7,0,-2,0,27.09
fold2_room1_mix1649,51,7,0,-3,0,26.08
fold2_room1_mix1649,52,7,0,-2,0,26.24
fold2_room1_mix1649,53,7,0,-3,0,22.50
fold2_room1_mix1649,54,7,0,-6,0,21.51
fold2_room1_mix1649,55,7,0,-7,0,19.37
fold2_room1_mix1649,56,7,0,-9,0,19.14
fold2_room1_mix1649,57,7,0,-7,0,18.59
fold2_room1_mix1649,58,7,0,-8,0,17.53
fold2_room1_mix1649,59,7,0,-8,0,16.87
fold2_room1_mix1649,60,7,0,-9,0,15.48
fold2_room1_mix1649,61,7,0,-11,0,14.11
fold2_room1_mix1649,62,7,0,-10,0,14.04
fold2_room1_mix1649,63,7,0,-12,0,12.90
fold2_room1_mix1649,64,7,0,-13,-1,11.92
fold2_room1_mix1649,65,7,0,-14,-1,11.35
fold2_room1_mix1649,66,7,0,-15,-1,10.53
fold2_room1_mix1649,67,7,0,-19,-1,8.86
fold2_room1_mix1649,68,7,0,-19,-1,8.49
fold2_room1_mix1649,69,7,0,-21,-1,7.93
fold2_room1_mix1649,70,7,0,-23,-1,7.19
fold2_room1_mix1649,71,7,0,-27,-2,6.31
fold2_room1_mix1649,72,7,0,-30,-2,5.39
fold2_room1_mix1649,73,7,0,-35,-3,4.77
fold2_room1_mix1649,74,7,0,-39,-4,4.01
fold2_room1_mix1649,75,7,0,-45,-4,3.73
fold2_room1_mix1649,76,7,0,-57,-4,3.06
fold2_room1_mix1649,77,7,0,-71,-5,2.76
fold2_room1_mix1649,78,7,0,-87,-6,2.51
fold2_room1_mix1649,79,7,0,-107,-5,2.84
fold2_room1_mix1649,80,7,0,-119,-5,3.06
fold2_room1_mix1649,81,7,0,-129,-4,3.44
fold2_room1_mix1649,82,7,0,-143,-3,4.36
fold2_room1_mix1649,83,7,0,-147,-3,4.92
fold2_room1_mix1649,84,7,0,-150,-2,5.75
fold2_room1_mix1649,85,7,0,-153,-2,6.49
fold2_room1_mix1649,86,7,0,-157,-2,7.43
fold2_room1_mix1649,87,7,0,-158,-1,8.07
fold2_room1_mix1649,88,7,0,-161,-1,9.25
fold2_room1_mix1649,89,7,0,-161,-1,9.79
fold2_room1_mix1649,90,7,0,-163,-1,10.45
fold2_room1_mix1649,91,7,0,-164,-1,11.46
fold2_room1_mix1649,92,7,0,-164,-1,11.92
fold2_room1_mix1649,93,7,0,-164,-1,12.55
fold2_room1_mix1649,94,7,0,-166,-1,13.27
fold2_room1_mix1649,95,7,0,-166,0,14.64
fold2_room1_mix1649,96,7,0,-167,-1,15.68
fold2_room1_mix1649,97,7,0,-168,0,16.15
fold2_room1_mix1649,98,7,0,-169,0,17.28
fold2_room1_mix1649,99,7,0,-169,0,17.18
fold2_room1_mix1650,2,7,0,-1,-1,10.14
fold2_room1_mix1650,3,7,0,0,0,13.33
fold2_room1_mix1650,4,7,0,1,0,30.83
fold2_room1_mix1650,5,7,0,1,0,35.39
fold2_room1_mix1650,6,7,0,2,0,35.47
fold2_room1_mix1650,7,7,0,2,0,42.12
fold2_room1_mix1650,8,7,0,2,0,45.95
fold2_room1_mix1650,9,7,0,2,0,41.60
fold2_room1_mix1650,10,7,0,2,0,39.87
fold2_room1_mix1650,11,7,0,3,0,43.87
fold2_room1_mix1650,12,7,0,3,0,42.88
fold2_room1_mix1650,13,7,0,3,0,42.16
fold2_room1_mix1650,14,7,0,3,0,39.21
fold2_room1_mix1650,15,7,0,3,0,37.92
fold2_room1_mix1650,16,7,0,3,0,35.54
fold2_room1_mix1650,17,7,0,3,0,36.54
fold2_room1_mix1650,18,7,0,4,0,35.69
fold2_room1_mix1650,19,7,0,3,0,35.77
fold2_room1_mix1650,20,7,0,4,0,33.83
fold2_room1_mix1650,21,7,0,4,0,33.70
fold2_room1_mix1650,22,7,0,5,0,31.06
fold2_room1_mix1650,23,7,0,4,0,29.17
fold2_room1_mix1650,24,7,0,6,0,30.26
fold2_room1_mix1650,25,7,0,6,0,28.85
fold2_room1_mix1650,26,7,0,6,0,27.19
fold2_room1_mix1650,27,7,0,7,0,26.96
fold2_room1_mix1650,28,7,0,8,0,24.41
fold2_room1_mix1650,29,7,0,7,0,22.30
fold2_room1_mix1650,30,7,0,8,0,21.14
fold2_room1_mix1650,31,7,0,10,0,19.24
fold2_room1_mix1650,32,7,0,11,0,17.76
fold2_room1_mix1650,33,7,0,12,0,16.46
fold2_room1_mix1650,34,7,0,13,0,15.00
fold2_room1_mix1650,35,7,0,15,0,13.54
fold2_room1_mix1650,36,7,0,17,0,11.42
fold2_room1_mix1650,37,7,0,18,0,9.90
fold2_room1_mix1650,38,7,0,20,0,8.85
fold2_room1_mix1650,39,7,0,26,-1,6.90
fold2_room1_mix1650,40,7,0,31,-1,5.27
fold2_room1_mix1650,41,7,0,38,-1,4.14
fold2_room1_mix1650,42,7,0,56,0,3.00
fold2_room1_mix1650,43,7,0,87,0,2.93
fold2_room1_mix1650,44,7,0,121,0,2.83
fold2_room1_mix1650,45,7,0,138,0,3.91
fold2_room1_mix1650,46,7,0,148,0,4.78
fold2_room1_mix1650,47,7,0,153,0,5.56
fold2_room1_mix1650,48,7,0,158,0,7.01
fold2_room1_mix1650,49,7,0,160,0,8.01
fold2_room1_mix1650,50,7,0,163,0,9.20
fold2_room1_mix1650,51,7,0,166,0,11.16
fold2_room1_mix1650,52,7,0,168,0,12.16
fold2_room1_mix1650,53,7,0,169,0,13.49
fold2_room1_mix1650,54,7,0,171,0,15.52
fold2_room1_mix1650,55,7,0,171,0,16.34
fold2_room1_mix1650,56,7,0,171,0,17.86
fold2_room1_mix1650,57,7,0,171,0,18.63
fold2_room1_mix1650,58,7,0,172,0,19.43
fold2_room1_mix1650,59,7,0,173,0,20.37
fold2_room1_mix1650,60,7,0,173,0,21.43
fold2_room1_mix1650,61,7,0,173,0,22.55
fold2_room1_mix1650,62,7,0,173,0,23.90
fold2_room1_mix1650,63,7,0,173,0,25.45
fold2_room1_mix1650,64,7,0,173,0,26.15
fold2_room1_mix1650,65,7,0,174,0,28.54
fold2_room1_mix1650,66,7,0,174,0,28.88
fold2_room1_mix1650,67,7,0,175,0,30.82
fold2_room1_mix1650,68,7,0,175,0,31.64
fold2_room1_mix1650,69,7,0,175,0,33.98
fold2_room1_mix1650,70,7,0,175,0,34.16
fold2_room1_mix1650,71,7,0,176,0,35.92
fold2_room1_mix1650,72,7,0,175,0,38.16
fold2_room1_mix1650,73,7,0,175,0,38.17
fold2_room1_mix1650,74,7,0,176,0,39.69
fold2_room1_mix1650,75,7,0,175,0,41.92
fold2_room1_mix1650,76,7,0,175,0,43.04
fold2_room1_mix1650,77,7,0,175,0,45.37
fold2_room1_mix1650,78,7,0,176,0,45.92
fold2_room1_mix1650,79,7,0,176,0,47.41
fold2_room1_mix1650,80,7,0,176,0,47.23
fold2_room1_mix1650,81,7,0,176,0,48.53
fold2_room1_mix1650,82,7,0,175,0,48.15
fold2_room1_mix1650,83,7,0,176,0,52.35
fold2_room1_mix1650,84,7,0,176,0,50.52
fold2_room1_mix1650,85,7,0,176,0,55.17
fold2_room1_mix1650,86,7,0,176,0,53.08
fold2_room1_mix1650,87,7,0,176,0,55.21
fold2_room1_mix1650,88,7,0,176,0,57.03
fold2_room1_mix1650,89,7,0,176,0,59.18
fold2_room1_mix1650,90,7,0,176,0,58.16
fold2_room1_mix1650,91,7,0,176,0,62.56
fold2_room1_mix1650,92,7,0,176,0,63.40
fold2_room1_mix1650,93,7,0,176,0,63.34
fold2_room1_mix1650,94,7,0,176,0,67.07
fold2_room1_mix1650,95,7,0,177,0,69.62
fold2_room1_mix1650,96,7,0,177,0,70.29
fold2_room1_mix1650,97,7,0,177,0,73.37
fold2_room1_mix1650,98,7,0,177,0,74.30
fold2_room1_mix1650,99,7,0,177,0,76.99
fold2_room1_mix1651,4,5,0,5,1,4.30
fold2_room1_mix1651,5,5,0,4,1,22.80
fold2_room1_mix1651,6,5,0,4,0,34.93
fold2_room1_mix1651,7,5,0,4,0,47.49
fold2_room1_mix1651,8,5,0,2,0,87.55
fold2_room1_mix1651,9,5,0,3,0,103.22
fold2_room1_mix1651,10,5,0,2,0,102.15
fold2_room1_mix1651,11,5,0,3,0,105.71
fold2_room1_mix1651,12,5,0,2,0,97.91
fold2_room1_mix1651,13,5,0,2,0,94.91
fold2_room1_mix1651,14,5,0,3,0,98.21
fold2_room1_mix1651,15,5,0,2,0,102.98
fold2_room1_mix1651,16,5,0,3,0,103.07
fold2_room1_mix1651,17,5,0,2,0,100.00
fold2_room1_mix1651,18,5,0,2,0,98.34
fold2_room1_mix1651,19,5,0,2,0,105.36
fold2_room1_mix1651,20,5,0,2,0,101.52
fold2_room1_mix1651,21,5,0,3,0,102.81
fold2_room1_mix1651,22,5,0,4,0,98.72
fold2_room1_mix1651,23,5,0,4,0,91.80
fold2_room1_mix1651,24,5,0,4,0,98.44
fold2_room1_mix1651,25,5,0,4,0,94.56
fold2_room1_mix1651,26,5,0,3,0,90.19
fold2_room1_mix1651,27,5,0,3,0,97.30
fold2_room1_mix1651,28,5,0,4,0,93.40
fold2_room1_mix1651,29,5,0,5,0,81.48
fold2_room1_mix1651,30,5,0,5,0,83.28
fold2_room1_mix1651,31,5,0,6,0,80.13
fold2_room1_mix1651,32,5,0,6,0,76.95
fold2_room1_mix1651,33,5,0,8,0,67.68
fold2_room1_mix1651,34,5,0,9,0,68.57
fold2_room1_mix1651,35,5,0,10,0,65.78
fold2_room1_mix1651,36,5,0,6,0,85.58
fold2_room1_mix1651,36,5,0,24,0,18.82
fold2_room1_mix1651,37,5,0,6,0,77.82
fold2_room1_mix1651,37,5,0,26,0,14.88
fold2_room1_mix1651,38,5,0,6,0,75.53
fold2_room1_mix1651,38,5,0,33,-1,12.25
fold2_room1_mix1651,39,5,0,5,0,74.91
fold2_room1_mix1651,39,5,0,42,-1,10.35
fold2_room1_mix1651,40,5,0,6,0,81.13
fold2_room1_mix1651,40,5,0,62,-1,9.02
fold2_room1_mix1651,41,5,0,7,0,71.11
fold2_room1_mix1651,41,5,0,83,-2,8.17
fold2_room1_mix1651,42,5,0,8,0,62.00
fold2_room1_mix1651,42,5,0,114,-2,7.75
fold2_room1_mix1651,43,5,0,8,0,65.40
fold2_room1_mix1651,43,5,0,131,-2,10.52
fold2_room1_mix1651,44,5,0,8,0,64.06
fold2_room1_mix1651,44,5,0,149,-1,14.77
fold2_room1_mix1651,45,5,0,6,0,64.77
fold2_room1_mix1651,45,5,0,152,-1,15.32
fold2_room1_mix1651,46,5,0,7,0,59.41
fold2_room1_mix1651,46,5,0,153,-1,17.36
fold2_room1_mix1651,47,5,0,7,0,59.58
fold2_room1_mix1651,47,5,0,161,0,23.12
fold2_room1_mix1651,48,5,0,7,0,55.65
fold2_room1_mix1651,48,5,0,165,0,24.60
fold2_room1_mix1651,49,5,0,7,0,58.52
fold2_room1_mix1651,49,5,0,163,0,23.37
fold2_room1_mix1651,50,5,0,8,0,56.66
fold2_room1_mix1651,50,5,0,166,0,29.39
fold2_room1_mix1651,51,5,0,7,0,55.94
fold2_room1_mix1651,51,5,0,167,0,27.32
fold2_room1_mix1651,52,5,0,9,0,51.33
fold2_room1_mix1651,52,5,0,170,0,33.68
fold2_room1_mix1651,53,5,0,8,0,53.45
fold2_room1_mix1651,53,5,0,171,0,34.94
fold2_room1_mix1651,54,5,0,9,0,47.07
fold2_room1_mix1651,54,5,0,169,0,34.33
fold2_room1_mix1651,55,5,0,11,0,44.01
fold2_room1_mix1651,55,5,0,170,0,38.30
fold2_room1_mix1651,56,5,0,11,0,49.50
fold2_room1_mix1651,56,5,0,172,0,42.06
fold2_room1_mix1651,57,5,0,9,0,51.44
fold2_room1_mix1651,57,5,0,169,0,39.12
fold2_room1_mix1651,58,5,0,5,0,51.80
fold2_room1_mix1651,58,5,0,45,-1,12.22
fold2_room1_mix1651,58,5,0,173,0,45.75
fold2_room1_mix1651,59,5,0,4,0,71.52
fold2_room1_mix1651,59,5,0,25,0,17.93
fold2_room1_mix1651,59,5,0,171,0,46.90
fold2_room1_mix1651,60,5,0,10,0,56.87
fold2_room1_mix1651,60,5,0,171,0,46.19
fold2_room1_mix1651,61,5,0,3,0,83.27
fold2_room1_mix1651,61,5,0,20,0,20.47
fold2_room1_mix1651,61,5,0,172,0,48.71
fold2_room1_mix1651,62,5,0,9,0,57.01
fold2_room1_mix1651,62,5,0,172,0,48.63
fold2_room1_mix1651,63,5,0,3,0,82.64
fold2_room1_mix1651,63,5,0,19,0,20.65
fold2_room1_mix1651,63,5,0,172,0,50.89
fold2_room1_mix1651,64,5,0,4,0,76.53
fold2_room1_mix1651,64,5,0,27,0,16.85
fold2_room1_mix1651,64,5,0,173,0,54.34
fold2_room1_mix1651,65,5,0,4,0,78.23
fold2_room1_mix1651,65,5,0,26,0,17.59
fold2_room1_mix1651,65,5,0,173,0,53.78
fold2_room1_mix1651,66,5,0,4,0,67.70
fold2_room1_mix1651,66,5,0,44,-1,12.82
fold2_room1_mix1651,66,5,0,173,0,58.32
fold2_room1_mix1651,67,5,0,4,0,68.03
fold2_room1_mix1651,67,5,0,51,-1,13.57
fold2_room1_mix1651,67,5,0,174,0,64.11
fold2_room1_mix1651,68,5,0,3,0,63.06
fold2_room1_mix1651,68,5,0,174,0,63.63
fold2_room1_mix1651,69,5,0,3,0,70.56
fold2_room1_mix1651,69,5,0,56,0,13.24
fold2_room1_mix1651,69,5,0,174,0,66.09
fold2_room1_mix1651,70,5,0,4,0,59.74
fold2_room1_mix1651,70,5,0,93,-1,12.19
fold2_room1_mix1651,70,5,0,174,0,70.98
fold2_room1_mix1651,71,5,0,4,0,50.79
fold2_room1_mix1651,71,5,0,109,-1,11.39
fold2_room1_mix1651,71,5,0,175,0,70.52
fold2_room1_mix1651,72,5,0,4,0,65.58
fold2_room1_mix1651,72,5,0,80,0,11.46
fold2_room1_mix1651,72,5,0,174,0,70.64
fold2_room1_mix1651,73,5,0,5,0,60.58
fold2_room1_mix1651,73,5,0,100,-1,11.19
fold2_room1_mix1651,73,5,0,174,0,76.82
fold2_room1_mix1651,74,5,0,7,0,41.35
fold2_room1_mix1651,74,5,0,145,-1,14.02
fold2_room1_mix1651,74,5,0,175,0,85.59
fold2_room1_mix1651,75,5,0,8,0,42.17
fold2_room1_mix1651,75,5,0,152,0,16.71
fold2_room1_mix1651,75,5,0,175,0,93.30
fold2_room1_mix1651,76,5,0,6,0,39.44
fold2_room1_mix1651,76,5,0,153,0,16.86
fold2_room1_mix1651,76,5,0,176,0,93.55
fold2_room1_mix1651,77,5,0,7,0,43.49
fold2_room1_mix1651,77,5,0,148,0,15.49
fold2_room1_mix1651,77,5,0,175,0,92.11
fold2_room1_mix1651,78,5,0,8,0,43.13
fold2_room1_mix1651,78,5,0,154,0,17.61
fold2_room1_mix1651,78,5,0,175,0,99.74
fold2_room1_mix1651,79,5,0,6,0,45.24
fold2_room1_mix1651,79,5,0,145,0,14.91
fold2_room1_mix1651,79,5,0,176,0,92.89
fold2_room1_mix1651,80,5,0,7,0,48.45
fold2_room1_mix1651,80,5,0,145,0,14.50
fold2_room1_mix1651,80,5,0,175,0,93.90
fold2_room1_mix1651,81,5,0,10,0,38.01
fold2_room1_mix1651,81,5,0,159,0,19.37
fold2_room1_mix1651,81,5,0,176,0,108.48
fold2_room1_mix1651,82,5,0,7,0,44.56
fold2_room1_mix1651,82,5,0,151,0,15.64
fold2_room1_mix1651,82,5,0,174,0,94.95
fold2_room1_mix1651,83,5,0,7,0,40.75
fold2_room1_mix1651,83,5,0,160,0,20.28
fold2_room1_mix1651,83,5,0,176,0,113.93
fold2_room1_mix1651,84,5,0,8,0,34.46
fold2_room1_mix1651,84,5,0,171,0,69.57
fold2_room1_mix1651,85,5,0,7,0,38.72
fold2_room1_mix1651,85,5,0,160,0,20.28
fold2_room1_mix1651,85,5,0,175,0,107.86
fold2_room1_mix1651,86,5,0,7,0,36.84
fold2_room1_mix1651,86,5,0,171,0,68.36
fold2_room1_mix1651,87,5,0,10,0,28.75
fold2_room1_mix1651,87,5,0,173,0,70.70
fold2_room1_mix1651,88,5,0,9,0,33.88
fold2_room1_mix1651,88,5,0,172,0,73.42
fold2_room1_mix1651,89,5,0,10,0,32.13
fold2_room1_mix1651,89,5,0,173,0,76.36
fold2_room1_mix1651,90,5,0,22,0,19.25
fold2_room1_mix1651,90,5,0,174,0,82.61
fold2_room1_mix1651,91,5,0,17,0,20.36
fold2_room1_mix1651,91,5,0,174,0,86.72
fold2_room1_mix1651,92,5,0,19,-1,18.43
fold2_room1_mix1651,92,5,0,175,0,90.14
fold2_room1_mix1651,93,5,0,32,-1,13.25
fold2_room1_mix1651,93,5,0,174,0,82.36
fold2_room1_mix1651,94,5,0,30,-1,13.90
fold2_room1_mix1651,94,5,0,175,0,84.26
fold2_room1_mix1651,95,5,0,33,-1,12.32
fold2_room1_mix1651,95,5,0,175,0,85.02
fold2_room1_mix1651,96,5,0,39,-1,10.80
fold2_room1_mix1651,96,5,0,175,0,85.06
fold2_room1_mix1651,97,5,0,53,-2,8.60
fold2_room1_mix1651,97,5,0,174,0,85.93
fold2_room1_mix1651,98,5,0,52,-2,9.47
fold2_room1_mix1651,98,5,0,175,0,87.89
fold2_room1_mix1651,99,5,0,102,-2,7.09
fold2_room1_mix1651,99,5,0,175,0,85.04
fold2_room1_mix1652,3,5,0,0,1,2.11
fold2_room1_mix1652,4,5,0,-2,1,12.36
fold2_room1_mix1652,5,5,0,-1,0,32.22
fold2_room1_mix1652,6,5,0,-3,0,44.25
fold2_room1_mix1652,7,5,0,-3,0,67.54
fold2_room1_mix1652,8,5,0,-3,0,97.09
fold2_room1_mix1652,9,5,0,-3,0,91.75
fold2_room1_mix1652,10,5,0,-4,0,88.79
fold2_room1_mix1652,11,5,0,-4,0,83.42
fold2_room1_mix1652,12,5,0,-4,0,83.28
fold2_room1_mix1652,13,5,0,-3,0,82.85
fold2_room1_mix1652,14,5,0,-4,0,89.35
fold2_room1_mix1652,15,5,0,-5,0,78.13
fold2_room1_mix1652,16,5,0,-5,0,77.76
fold2_room1_mix1652,17,5,0,-5,0,80.78
fold2_room1_mix1652,18,5,0,-5,0,84.21
fold2_room1_mix1652,19,5,0,-5,0,76.80
fold2_room1_mix1652,20,5,0,-6,0,77.03
fold2_room1_mix1652,21,5,0,-6,0,74.56
fold2_room1_mix1652,22,5,0,-6,0,69.72
fold2_room1_mix1652,23,5,0,-6,0,70.49
fold2_room1_mix1652,24,5,0,-6,0,70.60
fold2_room1_mix1652,25,5,0,-6,0,70.62
fold2_room1_mix1652,26,5,0,-7,0,68.40
fold2_room1_mix1652,27,5,0,-6,0,71.47
fold2_room1_mix1652,28,5,0,-6,0,70.93
fold2_room1_mix1652,29,5,0,-7,0,68.22
fold2_room1_mix1652,30,5,0,-7,0,67.50
fold2_room1_mix1652,31,5,0,-7,0,66.22
fold2_room1_mix1652,32,5,0,-7,0,65.47
fold2_room1_mix1652,33,5,0,-8,0,64.95
fold2_room1_mix1652,34,5,0,-3,0,85.75
fold2_room1_mix1652,34,5,0,-20,0,21.32
fold2_room1_mix1652,35,5,0,-8,0,63.10
fold2_room1_mix1652,36,5,0,-8,0,61.98
fold2_room1_mix1652,37,5,0,-3,0,82.92
fold2_room1_mix1652,37,5,0,-22,0,18.13
fold2_room1_mix1652,38,5,0,-2,0,78.64
fold2_room1_mix1652,38,5,0,-23,0,15.56
fold2_room1_mix1652,39,5,0,-2,0,77.09
fold2_room1_mix1652,39,5,0,-28,0,13.58
fold2_room1_mix1652,40,5,0,-3,0,73.81
fold2_room1_mix1652,40,5,0,-32,0,12.16
fold2_room1_mix1652,41,5,0,-4,0,70.58
fold2_room1_mix1652,41,5,0,-39,0,10.73
fold2_room1_mix1652,42,5,0,-5,0,66.66
fold2_room1_mix1652,42,5,0,-44,0,9.49
fold2_room1_mix1652,43,5,0,-5,0,69.47
fold2_room1_mix1652,43,5,0,-46,0,9.36
fold2_room1_mix1652,44,5,0,-5,0,68.68
fold2_room1_mix1652,44,5,0,-57,0,8.01
fold2_room1_mix1652,45,5,0,-7,0,73.23
fold2_room1_mix1652,45,5,0,-80,0,7.37
fold2_room1_mix1652,46,5,0,-7,0,72.70
fold2_room1_mix1652,46,5,0,-90,0,7.38
fold2_room1_mix1652,47,5,0,-7,0,67.42
fold2_room1_mix1652,47,5,0,-101,0,7.33
fold2_room1_mix1652,48,5,0,-7,0,66.96
fold2_room1_mix1652,48,5,0,-114,0,7.78
fold2_room1_mix1652,49,5,0,-8,0,61.49
fold2_room1_mix1652,49,5,0,-126,0,9.29
fold2_room1_mix1652,50,5,0,-8,0,54.01
fold2_room1_mix1652,50,5,0,-136,0,9.81
fold2_room1_mix1652,51,5,0,-9,0,53.24
fold2_room1_mix1652,51,5,0,-139,0,11.01
fold2_room1_mix1652,52,5,0,-8,0,55.79
fold2_room1_mix1652,52,5,0,-146,0,13.36
fold2_room1_mix1652,53,5,0,-9,0,56.20
fold2_room1_mix1652,53,5,0,-146,0,14.69
fold2_room1_mix1652,54,5,0,-8,0,53.80
fold2_room1_mix1652,54,5,0,-149,0,15.23
fold2_room1_mix1652,55,5,0,-9,0,54.48
fold2_room1_mix1652,55,5,0,-151,0,16.71
fold2_room1_mix1652,56,5,0,-9,0,53.66
fold2_room1_mix1652,56,5,0,-153,0,18.51
fold2_room1_mix1652,57,5,0,-9,0,50.71
fold2_room1_mix1652,57,5,0,-156,0,19.04
fold2_room1_mix1652,58,5,0,-10,0,44.34
fold2_room1_mix1652,58,5,0,-159,0,21.01
fold2_room1_mix1652,59,5,0,-10,0,48.21
fold2_room1_mix1652,59,5,0,-159,0,22.46
fold2_room1_mix1652,60,5,0,-12,0,41.27
fold2_room1_mix1652,60,5,0,-160,0,23.73
fold2_room1_mix1652,61,5,0,-12,0,42.89
fold2_room1_mix1652,61,5,0,-162,0,25.17
fold2_room1_mix1652,62,5,0,-9,0,50.96
fold2_room1_mix1652,62,5,0,-162,0,25.23
fold2_room1_mix1652,63,5,0,-11,0,46.55
fold2_room1_mix1652,63,5,0,-162,0,28.38
fold2_room1_mix1652,64,5,0,-9,0,48.21
fold2_room1_mix1652,64,5,0,-163,0,29.26
fold2_room1_mix1652,65,5,0,-6,0,54.65
fold2_room1_mix1652,65,5,0,-28,0,17.34
fold2_room1_mix1652,65,5,0,-164,0,35.62
fold2_room1_mix1652,66,5,0,-7,0,54.67
fold2_room1_mix1652,66,5,0,-30,0,17.11
fold2_room1_mix1652,66,5,0,-164,0,36.50
fold2_room1_mix1652,67,5,0,-6,0,56.14
fold2_room1_mix1652,67,5,0,-27,0,17.97
fold2_room1_mix1652,67,5,0,-164,0,35.52
fold2_room1_mix1652,68,5,0,-8,0,51.22
fold2_room1_mix1652,68,5,0,-33,0,15.15
fold2_room1_mix1652,68,5,0,-165,0,39.76
fold2_room1_mix1652,69,5,0,-9,0,49.49
fold2_room1_mix1652,69,5,0,-40,0,13.43
fold2_room1_mix1652,69,5,0,-167,0,43.73
fold2_room1_mix1652,70,5,0,-9,0,43.92
fold2_room1_mix1652,70,5,0,-51,0,11.42
fold2_room1_mix1652,70,5,0,-169,0,46.74
fold2_room1_mix1652,71,5,0,-9,0,51.02
fold2_room1_mix1652,71,5,0,-40,0,14.53
fold2_room1_mix1652,71,5,0,-168,0,44.66
fold2_room1_mix1652,72,5,0,-9,0,48.35
fold2_room1_mix1652,72,5,0,-56,0,12.17
fold2_room1_mix1652,72,5,0,-169,0,49.47
fold2_room1_mix1652,73,5,0,-9,0,47.56
fold2_room1_mix1652,73,5,0,-65,0,11.59
fold2_room1_mix1652,73,5,0,-169,0,49.29
fold2_room1_mix1652,74,5,0,-11,0,36.31
fold2_room1_mix1652,74,5,0,-90,0,9.43
fold2_room1_mix1652,74,5,0,-170,0,46.65
fold2_room1_mix1652,75,5,0,-10,0,40.89
fold2_room1_mix1652,75,5,0,-77,0,10.05
fold2_room1_mix1652,75,5,0,-170,0,50.68
fold2_room1_mix1652,76,5,0,-6,0,58.17
fold2_room1_mix1652,76,5,0,-60,0,12.88
fold2_room1_mix1652,76,5,0,-172,0,56.15
fold2_room1_mix1652,77,5,0,-7,1,55.17
fold2_room1_mix1652,77,5,0,-50,0,13.17
fold2_room1_mix1652,77,5,0,-172,0,53.03
fold2_room1_mix1652,78,5,0,-10,0,39.80
fold2_room1_mix1652,78,5,0,-101,0,10.12
fold2_room1_mix1652,78,5,0,-172,0,56.28
fold2_room1_mix1652,79,5,0,-10,0,38.48
fold2_room1_mix1652,79,5,0,-113,0,10.55
fold2_room1_mix1652,79,5,0,-172,0,57.69
fold2_room1_mix1652,80,5,0,-12,0,30.16
fold2_room1_mix1652,80,5,0,-126,0,12.14
fold2_room1_mix1652,80,5,0,-172,0,59.63
fold2_room1_mix1652,81,5,0,-11,0,36.47
fold2_room1_mix1652,81,5,0,-116,0,11.36
fold2_room1_mix1652,81,5,0,-172,0,60.89
fold2_room1_mix1652,82,5,0,-12,0,34.01
fold2_room1_mix1652,82,5,0,-128,0,12.40
fold2_room1_mix1652,82,5,0,-172,0,64.72
fold2_room1_mix1652,83,5,0,-9,0,44.69
fold2_room1_mix1652,83,5,0,-94,0,10.27
fold2_room1_mix1652,83,5,0,-172,0,60.38
fold2_room1_mix1652,84,5,0,-11,0,38.54
fold2_room1_mix1652,84,5,0,-113,0,11.47
fold2_room1_mix1652,84,5,0,-171,0,63.21
fold2_room1_mix1652,85,5,0,-9,0,46.10
fold2_room1_mix1652,85,5,0,-94,0,11.15
fold2_room1_mix1652,85,5,0,-172,0,62.90
fold2_room1_mix1652,86,5,0,-8,0,45.16
fold2_room1_mix1652,86,5,0,-109,0,10.92
fold2_room1_mix1652,86,5,0,-174,0,66.58
fold2_room1_mix1652,87,5,0,-24,0,21.84
fold2_room1_mix1652,87,5,0,-149,0,18.25
fold2_room1_mix1652,87,5,0,-171,0,72.57
fold2_room1_mix1652,88,5,0,-25,0,23.08
fold2_room1_mix1652,88,5,0,-150,0,19.37
fold2_room1_mix1652,88,5,0,-171,0,80.17
fold2_room1_mix1652,89,5,0,-48,0,12.41
fold2_room1_mix1652,89,5,0,-167,0,47.51
fold2_room1_mix1652,90,5,0,-28,0,17.80
fold2_room1_mix1652,90,5,0,-153,0,19.76
fold2_room1_mix1652,90,5,0,-172,0,72.45
fold2_room1_mix1652,91,5,0,-41,0,11.94
fold2_room1_mix1652,91,5,0,-166,0,50.32
fold2_room1_mix1652,92,5,0,-38,0,11.51
fold2_room1_mix1652,92,5,0,-158,0,22.74
fold2_room1_mix1652,92,5,0,-174,0,80.51
fold2_room1_mix1652,93,5,0,-43,0,10.00
fold2_room1_mix1652,93,5,0,-158,0,21.69
fold2_room1_mix1652,93,5,0,-174,0,74.86
fold2_room1_mix1652,94,5,0,-54,0,8.42
fold2_room1_mix1652,94,5,0,-158,0,24.27
fold2_room1_mix1652,94,5,0,-174,0,80.15
fold2_room1_mix1652,95,5,0,-57,-1,8.47
fold2_room1_mix1652,95,5,0,-158,0,28.05
fold2_room1_mix1652,95,5,0,-175,0,87.94
fold2_room1_mix1652,96,5,0,-58,-1,7.57
fold2_room1_mix1652,96,5,0,-159,0,25.51
fold2_room1_mix1652,96,5,0,-175,0,86.74
fold2_room1_mix1652,97,5,0,-72,-1,6.68
fold2_room1_mix1652,97,5,0,-169,0,60.22
fold2_room1_mix1652,98,5,0,-78,-1,6.93
fold2_room1_mix1652,98,5,0,-170,0,64.03
fold2_room1_mix1652,99,5,0,-96,-1,6.51
fold2_room1_mix1652,99,5,0,-169,0,56.74
fold2_room1_mix1653,4,5,0,-3,1,16.30
fold2_room1_mix1653,5,5,0,-3,0,30.48
fold2_room1_mix1653,6,5,0,-2,0,44.73
fold2_room1_mix1653,7,5,0,-5,0,71.48
fold2_room1_mix1653,8,5,0,-4,0,90.05
fold2_room1_mix1653,9,5,0,-4,0,94.50
fold2_room1_mix1653,10,5,0,-4,0,92.40
fold2_room1_mix1653,11,5,0,-4,0,88.56
fold2_room1_mix1653,12,5,0,-4,0,88.73
fold2_room1_mix1653,13,5,0,-5,0,91.05
fold2_room1_mix1653,14,5,0,-5,0,93.82
fold2_room1_mix1653,15,5,0,-5,0,93.13
fold2_room1_mix1653,16,5,0,-5,0,94.74
fold2_room1_mix1653,17,5,0,-5,0,79.69
fold2_room1_mix1653,18,5,0,-6,0,78.10
fold2_room1_mix1653,19,5,0,-6,0,79.23
fold2_room1_mix1653,20,5,0,-6,0,77.14
fold2_room1_mix1653,21,5,0,-7,0,75.28
fold2_room1_mix1653,22,5,0,-7,0,77.33
fold2_room1_mix1653,23,5,0,-7,0,74.12
fold2_room1_mix1653,24,5,0,-7,0,73.66
fold2_room1_mix1653,25,5,0,-7,0,77.85
fold2_room1_mix1653,26,5,0,-8,0,75.61
fold2_room1_mix1653,27,5,0,-8,0,78.58
fold2_room1_mix1653,28,5,0,-8,0,76.62
fold2_room1_mix1653,29,5,0,-9,0,76.34
fold2_room1_mix1653,30,5,0,-9,0,75.24
fold2_room1_mix1653,31,5,0,-9,0,73.70
fold2_room1_mix1653,32,5,0,-9,0,73.01
fold2_room1_mix1653,33,5,0,-8,0,75.60
fold2_room1_mix1653,34,5,0,-4,0,98.62
fold2_room1_mix1653,34,5,0,-21,0,19.53
fold2_room1_mix1653,35,5,0,-3,0,95.46
fold2_room1_mix1653,35,5,0,-22,0,16.74
fold2_room1_mix1653,36,5,0,-3,0,93.59
fold2_room1_mix1653,36,5,0,-26,0,14.21
fold2_room1_mix1653,37,5,0,-4,0,90.81
fold2_room1_mix1653,37,5,0,-29,0,13.62
fold2_room1_mix1653,38,5,0,-3,0,91.36
fold2_room1_mix1653,38,5,0,-37,0,12.01
fold2_room1_mix1653,39,5,0,-3,0,90.62
fold2_room1_mix1653,39,5,0,-36,0,11.93
fold2_room1_mix1653,40,5,0,-3,0,91.67
fold2_room1_mix1653,40,5,0,-44,-1,10.63
fold2_room1_mix1653,41,5,0,-4,0,91.14
fold2_room1_mix1653,41,5,0,-55,-1,8.69
fold2_room1_mix1653,42,5,0,-5,0,94.92
fold2_room1_mix1653,42,5,0,-78,-1,8.40
fold2_room1_mix1653,43,5,0,-5,0,93.78
fold2_room1_mix1653,43,5,0,-91,-1,8.22
fold2_room1_mix1653,44,5,0,-4,0,85.98
fold2_room1_mix1653,44,5,0,-109,-1,8.10
fold2_room1_mix1653,45,5,0,-6,0,87.32
fold2_room1_mix1653,45,5,0,-111,-1,8.94
fold2_room1_mix1653,46,5,0,-5,0,87.93
fold2_room1_mix1653,46,5,0,-130,-1,10.63
fold2_room1_mix1653,47,5,0,-4,0,81.78
fold2_room1_mix1653,47,5,0,-134,-1,11.25
fold2_room1_mix1653,48,5,0,-6,0,77.22
fold2_room1_mix1653,48,5,0,-138,0,12.60
fold2_room1_mix1653,49,5,0,-5,0,78.38
fold2_room1_mix1653,49,5,0,-143,0,14.07
fold2_room1_mix1653,50,5,0,-6,0,72.65
fold2_room1_mix1653,50,5,0,-148,0,15.21
fold2_room1_mix1653,51,5,0,-6,0,72.06
fold2_room1_mix1653,51,5,0,-150,0,16.12
fold2_room1_mix1653,52,5,0,-6,0,72.26
fold2_room1_mix1653,52,5,0,-151,0,17.70
fold2_room1_mix1653,53,5,0,-7,0,68.21
fold2_room1_mix1653,53,5,0,-154,0,19.96
fold2_room1_mix1653,54,5,0,-6,0,67.50
fold2_room1_mix1653,54,5,0,-155,0,20.43
fold2_room1_mix1653,55,5,0,-6,0,62.95
fold2_room1_mix1653,55,5,0,-159,0,21.56
fold2_room1_mix1653,56,5,0,-7,0,65.16
fold2_room1_mix1653,56,5,0,-157,0,22.38
fold2_room1_mix1653,57,5,0,-7,0,66.62
fold2_room1_mix1653,57,5,0,-157,0,22.41
fold2_room1_mix1653,58,5,0,-7,0,67.07
fold2_room1_mix1653,58,5,0,-161,0,26.62
fold2_room1_mix1653,59,5,0,-7,0,68.98
fold2_room1_mix1653,59,5,0,-161,0,28.86
fold2_room1_mix1653,60,5,0,-6,0,66.27
fold2_room1_mix1653,60,5,0,-162,0,27.35
fold2_room1_mix1653,61,5,0,-7,0,63.56
fold2_room1_mix1653,61,5,0,-163,0,31.35
fold2_room1_mix1653,62,5,0,-7,0,61.85
fold2_room1_mix1653,62,5,0,-164,0,31.59
fold2_room1_mix1653,63,5,0,-9,0,57.66
fold2_room1_mix1653,63,5,0,-166,0,37.51
fold2_room1_mix1653,64,5,0,-8,0,60.13
fold2_room1_mix1653,64,5,0,-165,0,33.37
fold2_room1_mix1653,65,5,0,-9,0,59.70
fold2_room1_mix1653,65,5,0,-165,0,37.90
fold2_room1_mix1653,66,5,0,-4,0,81.00
fold2_room1_mix1653,66,5,0,-19,0,27.59
fold2_room1_mix1653,66,5,0,-166,0,40.39
fold2_room1_mix1653,67,5,0,-10,0,55.85
fold2_room1_mix1653,67,5,0,-166,0,38.61
fold2_room1_mix1653,68,5,0,-10,0,53.86
fold2_room1_mix1653,68,5,0,-168,0,39.96
fold2_room1_mix1653,69,5,0,-9,0,57.88
fold2_room1_mix1653,69,5,0,-168,0,40.91
fold2_room1_mix1653,70,5,0,-11,0,56.38
fold2_room1_mix1653,70,5,0,-167,0,41.67
fold2_room1_mix1653,71,5,0,-5,0,75.66
fold2_room1_mix1653,71,5,0,-25,0,23.77
fold2_room1_mix1653,71,5,0,-168,0,47.03
fold2_room1_mix1653,72,5,0,-4,0,80.75
fold2_room1_mix1653,72,5,0,-22,0,25.06
fold2_room1_mix1653,72,5,0,-169,0,48.43
fold2_room1_mix1653,73,5,0,-4,0,81.70
fold2_room1_mix1653,73,5,0,-21,0,25.80
fold2_room1_mix1653,73,5,0,-168,0,48.07
fold2_room1_mix1653,74,5,0,-5,0,77.94
fold2_room1_mix1653,74,5,0,-32,0,21.31
fold2_room1_mix1653,74,5,0,-170,0,55.49
fold2_room1_mix1653,75,5,0,-3,0,84.05
fold2_room1_mix1653,75,5,0,-21,0,24.49
fold2_room1_mix1653,75,5,0,-170,0,50.78
fold2_room1_mix1653,76,5,0,-4,0,77.03
fold2_room1_mix1653,76,5,0,-25,0,22.12
fold2_room1_mix1653,76,5,0,-170,0,53.19
fold2_room1_mix1653,77,5,0,-6,0,61.06
fold2_room1_mix1653,77,5,0,-41,-1,15.81
fold2_room1_mix1653,77,5,0,-171,0,59.65
fold2_room1_mix1653,78,5,0,-5,0,70.78
fold2_room1_mix1653,78,5,0,-35,0,17.42
fold2_room1_mix1653,78,5,0,-171,0,60.36
fold2_room1_mix1653,79,5,0,-6,0,63.87
fold2_room1_mix1653,79,5,0,-36,-1,16.51
fold2_room1_mix1653,79,5,0,-171,0,59.24
fold2_room1_mix1653,80,5,0,-6,0,65.39
fold2_room1_mix1653,80,5,0,-39,-1,16.75
fold2_room1_mix1653,80,5,0,-171,0,63.75
fold2_room1_mix1653,81,5,0,-7,0,64.40
fold2_room1_mix1653,81,5,0,-44,-1,15.89
fold2_room1_mix1653,81,5,0,-172,0,65.28
fold2_room1_mix1653,82,5,0,-10,0,51.61
fold2_room1_mix1653,82,5,0,-56,-1,13.34
fold2_room1_mix1653,82,5,0,-171,0,64.41
fold2_room1_mix1653,83,5,0,-7,0,63.07
fold2_room1_mix1653,83,5,0,-44,-1,15.40
fold2_room1_mix1653,83,5,0,-172,0,67.48
fold2_room1_mix1653,84,5,0,-7,0,62.28
fold2_room1_mix1653,84,5,0,-58,-1,14.70
fold2_room1_mix1653,84,5,0,-174,0,69.49
fold2_room1_mix1653,85,5,0,-8,0,57.39
fold2_room1_mix1653,85,5,0,-70,-1,13.07
fold2_room1_mix1653,85,5,0,-173,0,69.83
fold2_room1_mix1653,86,5,0,-7,0,62.44
fold2_room1_mix1653,86,5,0,-66,-1,13.67
fold2_room1_mix1653,86,5,0,-173,0,70.96
fold2_room1_mix1653,87,5,0,-6,0,55.90
fold2_room1_mix1653,87,5,0,-92,-1,13.16
fold2_room1_mix1653,87,5,0,-174,0,72.53
fold2_room1_mix1653,88,5,0,-7,0,54.03
fold2_room1_mix1653,88,5,0,-99,-1,13.11
fold2_room1_mix1653,88,5,0,-174,0,75.34
fold2_room1_mix1653,89,5,0,-7,0,55.69
fold2_room1_mix1653,89,5,0,-96,-1,13.67
fold2_room1_mix1653,89,5,0,-174,0,75.40
fold2_room1_mix1653,90,5,0,-7,0,42.77
fold2_room1_mix1653,90,5,0,-131,-1,13.69
fold2_room1_mix1653,90,5,0,-176,0,76.68
fold2_room1_mix1653,91,5,0,-6,0,61.74
fold2_room1_mix1653,91,5,0,-80,-1,13.54
fold2_room1_mix1653,91,5,0,-175,0,73.76
fold2_room1_mix1653,92,5,0,-7,0,46.49
fold2_room1_mix1653,92,5,0,-124,-1,13.10
fold2_room1_mix1653,92,5,0,-175,0,76.87
fold2_room1_mix1653,93,5,0,-6,0,56.19
fold2_room1_mix1653,93,5,0,-104,-1,12.78
fold2_room1_mix1653,93,5,0,-175,0,75.47
fold2_room1_mix1653,94,5,0,-6,0,60.86
fold2_room1_mix1653,94,5,0,-88,-1,13.68
fold2_room1_mix1653,94,5,0,-175,0,75.80
fold2_room1_mix1653,95,5,0,-7,0,49.93
fold2_room1_mix1653,95,5,0,-118,-1,13.79
fold2_room1_mix1653,95,5,0,-175,0,81.47
fold2_room1_mix1653,96,5,0,-5,0,56.07
fold2_room1_mix1653,96,5,0,-107,-1,13.44
fold2_room1_mix1653,96,5,0,-176,0,79.73
fold2_room1_mix1653,97,5,0,-9,0,45.78
fold2_room1_mix1653,97,5,0,-137,-1,17.65
fold2_room1_mix1653,97,5,0,-176,0,96.75
fold2_room1_mix1653,98,5,0,-9,0,40.06
fold2_room1_mix1653,98,5,0,-144,-1,17.80
fold2_room1_mix1653,98,5,0,-176,0,96.50
fold2_room1_mix1653,99,5,0,-13,0,31.68
fold2_room1_mix1653,99,5,0,-156,0,22.42
fold2_room1_mix1653,99,5,0,-175,0,101.24
fold2_room1_mix1654,5,5,0,2,0,30.68
fold2_room1_mix1654,6,5,0,3,0,43.31
fold2_room1_mix1654,7,5,0,2,0,72.96
fold2_room1_mix1654,8,5,0,3,0,96.70
fold2_room1_mix1654,9,5,0,3,0,99.82
fold2_room1_mix1654,10,5,0,3,0,97.25
fold2_room1_mix1654,11,5,0,3,0,93.18
fold2_room1_mix1654,12,5,0,3,0,93.34
fold2_room1_mix1654,13,5,0,4,0,94.01
fold2_room1_mix1654,14,5,0,4,0,98.17
fold2_room1_mix1654,15,5,0,4,0,93.90
fold2_room1_mix1654,16,5,0,3,0,94.90
fold2_room1_mix1654,17,5,0,4,0,93.98
fold2_room1_mix1654,18,5,0,4,0,99.91
fold2_room1_mix1654,19,5,0,3,0,92.12
fold2_room1_mix1654,20,5,0,3,0,100.10
fold2_room1_mix1654,21,5,0,4,0,99.65
fold2_room1_mix1654,22,5,0,4,0,93.86
fold2_room1_mix1654,23,5,0,4,0,91.25
fold2_room1_mix1654,24,5,0,5,0,88.66
fold2_room1_mix1654,25,5,0,4,0,90.61
fold2_room1_mix1654,26,5,0,4,0,89.61
fold2_room1_mix1654,27,5,0,4,0,89.29
fold2_room1_mix1654,28,5,0,5,0,90.94
fold2_room1_mix1654,29,5,0,4,0,88.22
fold2_room1_mix1654,30,5,0,5,0,87.59
fold2_room1_mix1654,31,5,0,6,0,81.72
fold2_room1_mix1654,32,5,0,5,0,79.96
fold2_room1_mix1654,33,5,0,5,0,80.47
fold2_room1_mix1654,34,5,0,5,0,81.64
fold2_room1_mix1654,35,5,0,6,0,70.13
fold2_room1_mix1654,36,5,0,6,0,69.11
fold2_room1_mix1654,37,5,0,6,0,68.56
fold2_room1_mix1654,38,5,0,6,0,69.15
fold2_room1_mix1654,39,5,0,6,0,68.59
fold2_room1_mix1654,40,5,0,7,0,65.80
fold2_room1_mix1654,41,5,0,8,0,61.87
fold2_room1_mix1654,42,5,0,8,0,63.74
fold2_room1_mix1654,43,5,0,7,0,62.04
fold2_room1_mix1654,44,5,0,9,0,60.44
fold2_room1_mix1654,45,5,0,9,0,57.19
fold2_room1_mix1654,46,5,0,10,0,55.12
fold2_room1_mix1654,47,5,0,10,0,55.64
fold2_room1_mix1654,48,5,0,10,0,52.49
fold2_room1_mix1654,49,5,0,5,0,70.62
fold2_room1_mix1654,49,5,0,22,0,14.92
fold2_room1_mix1654,50,5,0,6,0,66.54
fold2_room1_mix1654,50,5,0,26,0,13.19
fold2_room1_mix1654,51,5,0,5,0,61.86
fold2_room1_mix1654,51,5,0,28,0,12.41
fold2_room1_mix1654,52,5,0,5,0,60.11
fold2_room1_mix1654,52,5,0,30,0,11.47
fold2_room1_mix1654,53,5,0,6,0,60.20
fold2_room1_mix1654,53,5,0,39,-1,9.95
fold2_room1_mix1654,54,5,0,5,0,60.52
fold2_room1_mix1654,54,5,0,40,-1,9.59
fold2_room1_mix1654,55,5,0,5,0,61.22
fold2_room1_mix1654,55,5,0,52,-1,7.99
fold2_room1_mix1654,56,5,0,6,0,58.09
fold2_room1_mix1654,56,5,0,55,-1,7.82
fold2_room1_mix1654,57,5,0,5,0,59.27
fold2_room1_mix1654,57,5,0,75,-1,7.00
fold2_room1_mix1654,58,5,0,6,0,56.65
fold2_room1_mix1654,58,5,0,78,-1,6.57
fold2_room1_mix1654,59,5,0,7,0,56.17
fold2_room1_mix1654,59,5,0,95,-2,6.74
fold2_room1_mix1654,60,5,0,7,0,52.03
fold2_room1_mix1654,60,5,0,113,-1,6.94
fold2_room1_mix1654,61,5,0,7,0,52.44
fold2_room1_mix1654,61,5,0,123,-1,7.58
fold2_room1_mix1654,62,5,0,7,0,46.95
fold2_room1_mix1654,62,5,0,130,-1,8.27
fold2_room1_mix1654,63,5,0,7,0,51.09
fold2_room1_mix1654,63,5,0,138,-1,10.70
fold2_room1_mix1654,64,5,0,7,0,49.70
fold2_room1_mix1654,64,5,0,139,-1,10.39
fold2_room1_mix1654,65,5,0,7,0,50.04
fold2_room1_mix1654,65,5,0,144,-1,11.72
fold2_room1_mix1654,66,5,0,8,0,44.80
fold2_room1_mix1654,66,5,0,151,0,13.51
fold2_room1_mix1654,67,5,0,8,0,45.53
fold2_room1_mix1654,67,5,0,150,0,14.20
fold2_room1_mix1654,68,5,0,8,0,46.86
fold2_room1_mix1654,68,5,0,153,0,15.95
fold2_room1_mix1654,69,5,0,8,0,42.84
fold2_room1_mix1654,69,5,0,157,0,19.60
fold2_room1_mix1654,70,5,0,9,0,43.81
fold2_room1_mix1654,70,5,0,159,0,19.96
fold2_room1_mix1654,71,5,0,9,0,45.74
fold2_room1_mix1654,71,5,0,161,0,22.30
fold2_room1_mix1654,72,5,0,10,0,41.67
fold2_room1_mix1654,72,5,0,162,0,22.13
fold2_room1_mix1654,73,5,0,10,0,39.78
fold2_room1_mix1654,73,5,0,161,0,22.82
fold2_room1_mix1654,74,5,0,11,0,36.43
fold2_room1_mix1654,74,5,0,162,0,23.26
fold2_room1_mix1654,75,5,0,13,0,31.04
fold2_room1_mix1654,75,5,0,163,0,22.69
fold2_room1_mix1654,76,5,0,7,0,41.09
fold2_room1_mix1654,76,5,0,23,0,15.42
fold2_room1_mix1654,76,5,0,164,0,25.05
fold2_room1_mix1654,77,5,0,12,0,36.30
fold2_room1_mix1654,77,5,0,163,0,24.97
fold2_room1_mix1654,78,5,0,13,0,34.97
fold2_room1_mix1654,78,5,0,165,0,28.32
fold2_room1_mix1654,79,5,0,12,0,38.57
fold2_room1_mix1654,79,5,0,165,0,30.08
fold2_room1_mix1654,80,5,0,13,0,36.76
fold2_room1_mix1654,80,5,0,167,0,32.06
fold2_room1_mix1654,81,5,0,7,0,44.11
fold2_room1_mix1654,81,5,0,28,0,14.63
fold2_room1_mix1654,81,5,0,168,0,32.80
fold2_room1_mix1654,82,5,0,7,0,44.83
fold2_room1_mix1654,82,5,0,27,0,13.93
fold2_room1_mix1654,82,5,0,170,0,34.64
fold2_room1_mix1654,83,5,0,7,0,51.88
fold2_room1_mix1654,83,5,0,26,0,16.06
fold2_room1_mix1654,83,5,0,169,0,35.62
fold2_room1_mix1654,84,5,0,9,0,36.90
fold2_room1_mix1654,84,5,0,50,0,10.18
fold2_room1_mix1654,84,5,0,172,0,41.68
fold2_room1_mix1654,85,5,0,8,0,36.57
fold2_room1_mix1654,85,5,0,53,0,10.33
fold2_room1_mix1654,85,5,0,172,0,42.17
fold2_room1_mix1654,86,5,0,9,0,34.29
fold2_room1_mix1654,86,5,0,53,-1,9.55
fold2_room1_mix1654,86,5,0,173,0,41.70
fold2_room1_mix1654,87,5,0,10,0,33.14
fold2_room1_mix1654,87,5,0,78,-1,8.88
fold2_room1_mix1654,87,5,0,172,0,43.91
fold2_room1_mix1654,88,5,0,8,0,44.16
fold2_room1_mix1654,88,5,0,64,0,9.79
fold2_room1_mix1654,88,5,0,173,0,51.19
fold2_room1_mix1654,89,5,0,12,0,32.59
fold2_room1_mix1654,89,5,0,77,0,9.33
fold2_room1_mix1654,89,5,0,168,0,43.20
fold2_room1_mix1654,90,5,0,14,0,28.41
fold2_room1_mix1654,90,5,0,108,-1,9.64
fold2_room1_mix1654,90,5,0,171,0,46.14
fold2_room1_mix1654,91,5,0,17,0,24.04
fold2_room1_mix1654,91,5,0,129,0,11.28
fold2_room1_mix1654,91,5,0,170,0,46.34
fold2_room1_mix1654,92,5,0,20,0,20.98
fold2_room1_mix1654,92,5,0,140,0,13.84
fold2_room1_mix1654,92,5,0,170,0,53.00
fold2_room1_mix1654,93,5,0,18,0,20.27
fold2_room1_mix1654,93,5,0,135,0,11.29
fold2_room1_mix1654,93,5,0,172,0,45.20
fold2_room1_mix1654,94,5,0,24,0,14.24
fold2_room1_mix1654,94,5,0,153,0,15.26
fold2_room1_mix1654,94,5,0,173,0,53.23
fold2_room1_mix1654,95,5,0,25,0,13.74
fold2_room1_mix1654,95,5,0,151,0,15.09
fold2_room1_mix1654,95,5,0,172,0,51.21
fold2_room1_mix1654,96,5,0,29,0,12.41
fold2_room1_mix1654,96,5,0,156,0,17.76
fold2_room1_mix1654,96,5,0,173,0,56.83
fold2_room1_mix1654,97,5,0,44,0,9.20
fold2_room1_mix1654,97,5,0,158,0,18.58
fold2_room1_mix1654,97,5,0,174,0,56.44
fold2_room1_mix1654,98,5,0,50,-1,7.49
fold2_room1_mix1654,98,5,0,169,0,38.98
fold2_room1_mix1654,99,5,0,42,-1,9.41
fold2_room1_mix1654,99,5,0,159,0,19.59
fold2_room1_mix1654,99,5,0,175,0,60.59
fold2_room1_mix1654,4,5,0,0,1,8.31
fold2_room1_mix1655,4,5,0,1,1,10.56
fold2_room1_mix1655,5,5,0,-1,1,24.57
fold2_room1_mix1655,6,5,0,0,0,34.57
fold2_room1_mix1655,7,5,0,-3,0,54.83
fold2_room1_mix1655,8,5,0,-4,0,87.09
fold2_room1_mix1655,9,5,0,-2,0,103.16
fold2_room1_mix1655,10,5,0,-3,0,95.60
fold2_room1_mix1655,11,5,0,-1,0,92.06
fold2_room1_mix1655,12,5,0,-2,0,88.55
fold2_room1_mix1655,13,5,0,-3,0,88.13
fold2_room1_mix1655,14,5,0,-2,0,91.20
fold2_room1_mix1655,15,5,0,-3,0,92.37
fold2_room1_mix1655,16,5,0,-3,0,94.45
fold2_room1_mix1655,17,5,0,-4,0,94.59
fold2_room1_mix1655,18,5,0,-2,0,96.82
fold2_room1_mix1655,19,5,0,-4,0,102.31
fold2_room1_mix1655,20,5,0,-2,0,98.66
fold2_room1_mix1655,21,5,0,-4,0,100.15
fold2_room1_mix1655,22,5,0,-4,0,100.47
fold2_room1_mix1655,23,5,0,-4,0,90.50
fold2_room1_mix1655,24,5,0,-2,0,90.78
fold2_room1_mix1655,25,5,0,-3,0,89.11
fold2_room1_mix1655,26,5,0,-5,0,88.58
fold2_room1_mix1655,27,5,0,-3,0,89.02
fold2_room1_mix1655,28,5,0,-4,0,89.65
fold2_room1_mix1655,29,5,0,-5,0,87.33
fold2_room1_mix1655,30,5,0,-5,0,85.03
fold2_room1_mix1655,31,5,0,-5,0,81.47
fold2_room1_mix1655,32,5,0,-5,0,87.42
fold2_room1_mix1655,33,5,0,-5,0,85.15
fold2_room1_mix1655,34,5,0,-5,0,87.25
fold2_room1_mix1655,35,5,0,-5,0,91.60
fold2_room1_mix1655,36,5,0,-5,0,85.77
fold2_room1_mix1655,37,5,0,-6,0,86.80
fold2_room1_mix1655,38,5,0,-6,0,85.40
fold2_room1_mix1655,39,5,0,-6,0,77.90
fold2_room1_mix1655,40,5,0,-7,0,78.27
fold2_room1_mix1655,41,5,0,-8,0,75.39
fold2_room1_mix1655,42,5,0,-3,0,95.21
fold2_room1_mix1655,42,5,0,-20,0,20.97
fold2_room1_mix1655,43,5,0,-3,0,93.82
fold2_room1_mix1655,43,5,0,-20,0,21.08
fold2_room1_mix1655,44,5,0,-3,0,91.33
fold2_room1_mix1655,44,5,0,-21,0,20.30
fold2_room1_mix1655,45,5,0,-3,0,87.70
fold2_room1_mix1655,45,5,0,-22,0,18.24
fold2_room1_mix1655,46,5,0,-3,0,87.11
fold2_room1_mix1655,46,5,0,-22,0,18.64
fold2_room1_mix1655,47,5,0,-3,0,84.56
fold2_room1_mix1655,47,5,0,-25,0,16.33
fold2_room1_mix1655,48,5,0,-3,0,84.31
fold2_room1_mix1655,48,5,0,-27,0,14.80
fold2_room1_mix1655,49,5,0,-3,0,83.39
fold2_room1_mix1655,49,5,0,-29,0,13.39
fold2_room1_mix1655,50,5,0,-3,0,77.55
fold2_room1_mix1655,50,5,0,-37,0,11.14
fold2_room1_mix1655,51,5,0,-5,0,77.11
fold2_room1_mix1655,51,5,0,-51,0,9.25
fold2_room1_mix1655,52,5,0,-5,0,82.96
fold2_room1_mix1655,52,5,0,-67,0,8.82
fold2_room1_mix1655,53,5,0,-5,0,73.84
fold2_room1_mix1655,53,5,0,-64,0,7.75
fold2_room1_mix1655,54,5,0,-6,0,73.24
fold2_room1_mix1655,54,5,0,-84,-1,7.38
fold2_room1_mix1655,55,5,0,-6,0,71.12
fold2_room1_mix1655,55,5,0,-109,-1,7.78
fold2_room1_mix1655,56,5,0,-5,0,74.38
fold2_room1_mix1655,56,5,0,-127,0,10.68
fold2_room1_mix1655,57,5,0,-5,0,72.78
fold2_room1_mix1655,57,5,0,-128,0,10.22
fold2_room1_mix1655,58,5,0,-5,0,66.45
fold2_room1_mix1655,58,5,0,-139,0,12.30
fold2_room1_mix1655,59,5,0,-6,0,68.72
fold2_room1_mix1655,59,5,0,-142,0,13.85
fold2_room1_mix1655,60,5,0,-6,0,63.90
fold2_room1_mix1655,60,5,0,-147,0,15.71
fold2_room1_mix1655,61,5,0,-7,0,61.08
fold2_room1_mix1655,61,5,0,-148,0,14.95
fold2_room1_mix1655,62,5,0,-8,0,56.53
fold2_room1_mix1655,62,5,0,-152,0,18.39
fold2_room1_mix1655,63,5,0,-8,0,55.92
fold2_room1_mix1655,63,5,0,-155,0,19.33
fold2_room1_mix1655,64,5,0,-9,0,55.44
fold2_room1_mix1655,64,5,0,-157,0,20.54
fold2_room1_mix1655,65,5,0,-8,0,57.88
fold2_room1_mix1655,65,5,0,-155,0,20.20
fold2_room1_mix1655,66,5,0,-8,0,54.32
fold2_room1_mix1655,66,5,0,-161,0,24.90
fold2_room1_mix1655,67,5,0,-8,0,54.98
fold2_room1_mix1655,67,5,0,-161,0,25.75
fold2_room1_mix1655,68,5,0,-9,0,50.49
fold2_room1_mix1655,68,5,0,-162,0,27.75
fold2_room1_mix1655,69,5,0,-12,0,46.90
fold2_room1_mix1655,69,5,0,-162,0,31.82
fold2_room1_mix1655,70,5,0,-12,0,47.20
fold2_room1_mix1655,70,5,0,-163,0,35.62
fold2_room1_mix1655,71,5,0,-8,0,56.02
fold2_room1_mix1655,71,5,0,-33,0,18.70
fold2_room1_mix1655,71,5,0,-163,0,39.17
fold2_room1_mix1655,72,5,0,-9,0,53.97
fold2_room1_mix1655,72,5,0,-49,0,15.08
fold2_room1_mix1655,72,5,0,-168,0,49.10
fold2_room1_mix1655,73,5,0,-9,0,54.23
fold2_room1_mix1655,73,5,0,-42,0,16.20
fold2_room1_mix1655,73,5,0,-166,0,44.37
fold2_room1_mix1655,74,5,0,-10,0,46.47
fold2_room1_mix1655,74,5,0,-67,0,11.99
fold2_room1_mix1655,74,5,0,-169,0,50.81
fold2_room1_mix1655,75,5,0,-10,0,49.48
fold2_room1_mix1655,75,5,0,-63,0,13.20
fold2_room1_mix1655,75,5,0,-168,0,50.94
fold2_room1_mix1655,76,5,0,-12,0,40.86
fold2_room1_mix1655,76,5,0,-99,-1,11.09
fold2_room1_mix1655,76,5,0,-169,0,53.68
fold2_room1_mix1655,77,5,0,-11,0,43.89
fold2_room1_mix1655,77,5,0,-75,-1,11.42
fold2_room1_mix1655,77,5,0,-169,0,51.85
fold2_room1_mix1655,78,5,0,-7,0,61.84
fold2_room1_mix1655,78,5,0,-51,0,15.18
fold2_room1_mix1655,78,5,0,-170,0,55.91
fold2_room1_mix1655,79,5,0,-9,0,49.75
fold2_room1_mix1655,79,5,0,-70,0,12.61
fold2_room1_mix1655,79,5,0,-170,0,57.70
fold2_room1_mix1655,80,5,0,-10,0,46.82
fold2_room1_mix1655,80,5,0,-83,-1,12.22
fold2_room1_mix1655,80,5,0,-170,0,60.41
fold2_room1_mix1655,81,5,0,-10,0,44.88
fold2_room1_mix1655,81,5,0,-70,-1,12.27
fold2_room1_mix1655,81,5,0,-169,0,55.14
fold2_room1_mix1655,82,5,0,-9,0,46.88
fold2_room1_mix1655,82,5,0,-102,-1,11.53
fold2_room1_mix1655,82,5,0,-172,0,64.59
fold2_room1_mix1655,83,5,0,-11,0,39.83
fold2_room1_mix1655,83,5,0,-106,-1,12.08
fold2_room1_mix1655,83,5,0,-170,0,61.36
fold2_room1_mix1655,84,5,0,-11,0,40.48
fold2_room1_mix1655,84,5,0,-119,0,12.26
fold2_room1_mix1655,84,5,0,-171,0,64.56
fold2_room1_mix1655,85,5,0,-12,0,38.88
fold2_room1_mix1655,85,5,0,-128,-1,13.44
fold2_room1_mix1655,85,5,0,-172,0,69.25
fold2_room1_mix1655,86,5,0,-14,0,32.81
fold2_room1_mix1655,86,5,0,-137,0,15.75
fold2_room1_mix1655,86,5,0,-172,0,73.45
fold2_room1_mix1655,87,5,0,-12,0,31.20
fold2_room1_mix1655,87,5,0,-141,-1,15.76
fold2_room1_mix1655,87,5,0,-174,0,73.15
fold2_room1_mix1655,88,5,0,-12,0,32.08
fold2_room1_mix1655,88,5,0,-143,-1,16.80
fold2_room1_mix1655,88,5,0,-175,0,77.41
fold2_room1_mix1655,89,5,0,-17,0,25.53
fold2_room1_mix1655,89,5,0,-144,0,15.93
fold2_room1_mix1655,89,5,0,-172,0,65.99
fold2_room1_mix1655,90,5,0,-13,0,28.12
fold2_room1_mix1655,90,5,0,-143,0,16.00
fold2_room1_mix1655,90,5,0,-174,0,70.22
fold2_room1_mix1655,91,5,0,-14,0,26.17
fold2_room1_mix1655,91,5,0,-146,0,17.73
fold2_room1_mix1655,91,5,0,-173,0,75.02
fold2_room1_mix1655,92,5,0,-51,-1,11.08
fold2_room1_mix1655,92,5,0,-167,0,55.79
fold2_room1_mix1655,93,5,0,-58,-1,9.58
fold2_room1_mix1655,93,5,0,-167,0,52.25
fold2_room1_mix1655,94,5,0,-70,-1,8.45
fold2_room1_mix1655,94,5,0,-168,0,58.28
fold2_room1_mix1655,95,5,0,-81,-1,7.65
fold2_room1_mix1655,95,5,0,-169,0,64.10
fold2_room1_mix1655,96,5,0,-96,-1,7.16
fold2_room1_mix1655,96,5,0,-169,0,59.11
fold2_room1_mix1655,97,5,0,-112,-1,7.91
fold2_room1_mix1655,97,5,0,-169,0,57.07
fold2_room1_mix1655,98,5,0,-121,-1,8.55
fold2_room1_mix1655,98,5,0,-171,0,64.82
fold2_room1_mix1655,99,5,0,-123,-1,9.17
fold2_room1_mix1655,99,5,0,-170,0,64.01
fold2_room1_mix1656,3,5,0,4,1,3.82
fold2_room1_mix1656,4,5,0,6,1,22.13
fold2_room1_mix1656,5,5,0,7,0,35.45
fold2_room1_mix1656,6,5,0,5,0,47.18
fold2_room1_mix1656,7,5,0,4,0,77.54
fold2_room1_mix1656,8,5,0,7,0,97.39
fold2_room1_mix1656,9,5,0,6,0,92.38
fold2_room1_mix1656,10,5,0,5,0,94.75
fold2_room1_mix1656,11,5,0,7,0,90.60
fold2_room1_mix1656,12,5,0,6,0,91.03
fold2_room1_mix1656,13,5,0,6,0,90.88
fold2_room1_mix1656,14,5,0,6,0,93.44
fold2_room1_mix1656,15,5,0,6,0,89.43
fold2_room1_mix1656,16,5,0,6,0,90.33
fold2_room1_mix1656,17,5,0,6,0,93.36
fold2_room1_mix1656,18,5,0,6,0,94.03
fold2_room1_mix1656,19,5,0,6,0,94.27
fold2_room1_mix1656,20,5,0,6,0,95.20
fold2_room1_mix1656,21,5,0,6,0,99.53
fold2_room1_mix1656,22,5,0,6,0,91.76
fold2_room1_mix1656,23,5,0,6,0,85.07
fold2_room1_mix1656,24,5,0,6,0,86.43
fold2_room1_mix1656,25,5,0,6,0,85.19
fold2_room1_mix1656,26,5,0,7,0,82.31
fold2_room1_mix1656,27,5,0,7,0,78.05
fold2_room1_mix1656,28,5,0,8,0,74.70
fold2_room1_mix1656,29,5,0,8,0,70.65
fold2_room1_mix1656,30,5,0,7,0,70.76
fold2_room1_mix1656,31,5,0,8,0,72.38
fold2_room1_mix1656,32,5,0,6,0,76.24
fold2_room1_mix1656,33,5,0,7,0,74.53
fold2_room1_mix1656,34,5,0,8,0,74.79
fold2_room1_mix1656,35,5,0,9,0,71.34
fold2_room1_mix1656,36,5,0,8,0,69.88
fold2_room1_mix1656,37,5,0,8,0,70.26
fold2_room1_mix1656,38,5,0,10,0,65.68
fold2_room1_mix1656,39,5,0,10,0,63.14
fold2_room1_mix1656,40,5,0,5,0,84.89
fold2_room1_mix1656,40,5,0,22,0,21.41
fold2_room1_mix1656,41,5,0,5,0,83.96
fold2_room1_mix1656,41,5,0,24,0,18.68
fold2_room1_mix1656,42,5,0,6,0,83.48
fold2_room1_mix1656,42,5,0,25,0,18.43
fold2_room1_mix1656,43,5,0,5,0,83.12
fold2_room1_mix1656,43,5,0,25,0,18.24
fold2_room1_mix1656,44,5,0,5,0,83.19
fold2_room1_mix1656,44,5,0,25,0,18.88
fold2_room1_mix1656,45,5,0,5,0,81.59
fold2_room1_mix1656,45,5,0,28,0,16.50
fold2_room1_mix1656,46,5,0,6,0,84.75
fold2_room1_mix1656,46,5,0,29,0,16.19
fold2_room1_mix1656,47,5,0,6,0,76.75
fold2_room1_mix1656,47,5,0,33,0,13.91
fold2_room1_mix1656,48,5,0,6,0,79.80
fold2_room1_mix1656,48,5,0,37,-1,13.26
fold2_room1_mix1656,49,5,0,6,0,77.47
fold2_room1_mix1656,49,5,0,38,-1,12.56
fold2_room1_mix1656,50,5,0,6,0,74.95
fold2_room1_mix1656,50,5,0,41,-1,11.99
fold2_room1_mix1656,51,5,0,6,0,78.21
fold2_room1_mix1656,51,5,0,42,-1,11.67
fold2_room1_mix1656,52,5,0,6,0,77.08
fold2_room1_mix1656,52,5,0,47,-1,10.82
fold2_room1_mix1656,53,5,0,6,0,75.78
fold2_room1_mix1656,53,5,0,54,-1,9.89
fold2_room1_mix1656,54,5,0,6,0,78.55
fold2_room1_mix1656,54,5,0,58,-1,9.41
fold2_room1_mix1656,55,5,0,6,0,74.35
fold2_room1_mix1656,55,5,0,58,-1,9.42
fold2_room1_mix1656,56,5,0,6,0,75.69
fold2_room1_mix1656,56,5,0,60,-1,9.81
fold2_room1_mix1656,57,5,0,6,0,73.74
fold2_room1_mix1656,57,5,0,78,-2,8.65
fold2_room1_mix1656,58,5,0,7,0,70.27
fold2_room1_mix1656,58,5,0,89,-2,8.51
fold2_room1_mix1656,59,5,0,7,0,71.35
fold2_room1_mix1656,59,5,0,86,-1,8.98
fold2_room1_mix1656,60,5,0,8,0,67.43
fold2_room1_mix1656,60,5,0,106,-2,8.81
fold2_room1_mix1656,61,5,0,8,0,67.50
fold2_room1_mix1656,61,5,0,110,-2,9.27
fold2_room1_mix1656,62,5,0,9,0,67.87
fold2_room1_mix1656,62,5,0,115,-1,10.04
fold2_room1_mix1656,63,5,0,9,0,64.09
fold2_room1_mix1656,63,5,0,124,-1,10.62
fold2_room1_mix1656,64,5,0,8,0,68.12
fold2_room1_mix1656,64,5,0,128,-1,11.05
fold2_room1_mix1656,65,5,0,8,0,67.40
fold2_room1_mix1656,65,5,0,132,-1,12.15
fold2_room1_mix1656,66,5,0,9,0,63.65
fold2_room1_mix1656,66,5,0,138,-1,13.55
fold2_room1_mix1656,67,5,0,9,0,66.34
fold2_room1_mix1656,67,5,0,137,-1,13.01
fold2_room1_mix1656,68,5,0,9,0,59.27
fold2_room1_mix1656,68,5,0,143,0,14.24
fold2_room1_mix1656,69,5,0,9,0,62.81
fold2_room1_mix1656,69,5,0,144,-1,15.65
fold2_room1_mix1656,70,5,0,9,0,58.40
fold2_room1_mix1656,70,5,0,148,-1,17.26
fold2_room1_mix1656,71,5,0,10,0,55.96
fold2_room1_mix1656,71,5,0,150,0,18.92
fold2_room1_mix1656,72,5,0,9,0,63.91
fold2_room1_mix1656,72,5,0,150,0,19.79
fold2_room1_mix1656,73,5,0,10,0,59.00
fold2_room1_mix1656,73,5,0,154,0,21.64
fold2_room1_mix1656,74,5,0,11,0,59.92
fold2_room1_mix1656,74,5,0,152,0,21.05
fold2_room1_mix1656,75,5,0,11,0,59.78
fold2_room1_mix1656,75,5,0,150,0,21.53
fold2_room1_mix1656,76,5,0,11,0,59.51
fold2_room1_mix1656,76,5,0,151,0,22.13
fold2_room1_mix1656,77,5,0,12,0,59.60
fold2_room1_mix1656,77,5,0,150,0,22.83
fold2_room1_mix1656,78,5,0,10,0,61.49
fold2_room1_mix1656,78,5,0,153,0,23.77
fold2_room1_mix1656,79,5,0,11,0,61.16
fold2_room1_mix1656,79,5,0,154,0,24.76
fold2_room1_mix1656,80,5,0,11,0,57.83
fold2_room1_mix1656,80,5,0,154,0,25.44
fold2_room1_mix1656,81,5,0,12,0,58.45
fold2_room1_mix1656,81,5,0,154,0,25.54
fold2_room1_mix1656,82,5,0,11,0,59.46
fold2_room1_mix1656,82,5,0,158,0,28.60
fold2_room1_mix1656,83,5,0,10,0,60.94
fold2_room1_mix1656,83,5,0,160,0,29.29
fold2_room1_mix1656,84,5,0,11,0,59.99
fold2_room1_mix1656,84,5,0,161,0,30.41
fold2_room1_mix1656,85,5,0,10,0,62.52
fold2_room1_mix1656,85,5,0,160,0,29.44
fold2_room1_mix1656,86,5,0,9,0,62.01
fold2_room1_mix1656,86,5,0,162,0,30.17
fold2_room1_mix1656,87,5,0,10,0,60.41
fold2_room1_mix1656,87,5,0,163,0,31.96
fold2_room1_mix1656,88,5,0,10,0,58.16
fold2_room1_mix1656,88,5,0,164,0,34.89
fold2_room1_mix1656,89,5,0,10,0,59.34
fold2_room1_mix1656,89,5,0,163,0,33.73
fold2_room1_mix1656,90,5,0,11,0,58.95
fold2_room1_mix1656,90,5,0,165,0,39.50
fold2_room1_mix1656,91,5,0,8,0,63.74
fold2_room1_mix1656,91,5,0,24,0,24.47
fold2_room1_mix1656,91,5,0,166,0,40.20
fold2_room1_mix1656,92,5,0,11,0,58.25
fold2_room1_mix1656,92,5,0,166,0,41.48
fold2_room1_mix1656,93,5,0,11,0,57.13
fold2_room1_mix1656,93,5,0,166,0,42.48
fold2_room1_mix1656,94,5,0,12,0,59.53
fold2_room1_mix1656,94,5,0,166,0,45.96
fold2_room1_mix1656,95,5,0,13,0,54.29
fold2_room1_mix1656,95,5,0,163,0,40.10
fold2_room1_mix1656,96,5,0,13,0,57.41
fold2_room1_mix1656,96,5,0,163,0,43.56
fold2_room1_mix1656,97,5,0,8,0,70.50
fold2_room1_mix1656,97,5,0,27,0,23.88
fold2_room1_mix1656,97,5,0,165,0,45.89
fold2_room1_mix1656,98,5,0,14,0,56.28
fold2_room1_mix1656,98,5,0,164,0,46.71
fold2_room1_mix1656,99,5,0,8,0,73.52
fold2_room1_mix1656,99,5,0,23,0,26.29
fold2_room1_mix1656,99,5,0,163,0,42.54
fold2_room1_mix1657,5,5,0,0,1,3.95
fold2_room1_mix1657,6,5,0,-3,1,18.30
fold2_room1_mix1657,7,5,0,1,0,25.15
fold2_room1_mix1657,8,5,0,0,0,47.28
fold2_room1_mix1657,9,5,0,-1,0,92.50
fold2_room1_mix1657,10,5,0,0,0,109.16
fold2_room1_mix1657,11,5,0,0,0,109.23
fold2_room1_mix1657,12,5,0,1,0,102.36
fold2_room1_mix1657,13,5,0,-1,0,97.51
fold2_room1_mix1657,14,5,0,1,0,96.27
fold2_room1_mix1657,15,5,0,0,0,98.73
fold2_room1_mix1657,16,5,0,0,0,101.71
fold2_room1_mix1657,17,5,0,0,0,101.85
fold2_room1_mix1657,18,5,0,0,0,106.94
fold2_room1_mix1657,19,5,0,1,0,105.88
fold2_room1_mix1657,20,5,0,0,0,108.88
fold2_room1_mix1657,21,5,0,0,0,108.60
fold2_room1_mix1657,22,5,0,0,0,112.29
fold2_room1_mix1657,23,5,0,0,0,112.29
fold2_room1_mix1657,24,5,0,0,0,108.19
fold2_room1_mix1657,25,5,0,1,0,106.92
fold2_room1_mix1657,26,5,0,0,0,103.14
fold2_room1_mix1657,27,5,0,0,0,96.42
fold2_room1_mix1657,28,5,0,0,0,104.89
fold2_room1_mix1657,29,5,0,0,0,102.87
fold2_room1_mix1657,30,5,0,-2,0,98.04
fold2_room1_mix1657,31,5,0,0,0,98.67
fold2_room1_mix1657,32,5,0,-2,0,101.00
fold2_room1_mix1657,33,5,0,-1,0,101.66
fold2_room1_mix1657,34,5,0,0,0,98.85
fold2_room1_mix1657,35,5,0,0,0,101.72
fold2_room1_mix1657,36,5,0,0,0,103.15
fold2_room1_mix1657,37,5,0,0,0,99.59
fold2_room1_mix1657,38,5,0,0,0,102.14
fold2_room1_mix1657,39,5,0,0,0,104.48
fold2_room1_mix1657,40,5,0,0,0,100.33
fold2_room1_mix1657,41,5,0,0,0,99.46
fold2_room1_mix1657,42,5,0,-1,0,100.59
fold2_room1_mix1657,43,5,0,0,0,96.78
fold2_room1_mix1657,44,5,0,0,0,100.42
fold2_room1_mix1657,45,5,0,0,0,96.91
fold2_room1_mix1657,46,5,0,-2,0,97.76
fold2_room1_mix1657,47,5,0,-2,0,96.08
fold2_room1_mix1657,48,5,0,-3,0,94.28
fold2_room1_mix1657,49,5,0,-3,0,95.48
fold2_room1_mix1657,50,5,0,-2,0,90.33
fold2_room1_mix1657,51,5,0,-2,0,89.57
fold2_room1_mix1657,52,5,0,-4,0,88.13
fold2_room1_mix1657,53,5,0,-4,0,89.74
fold2_room1_mix1657,54,5,0,-6,0,85.81
fold2_room1_mix1657,55,5,0,-6,0,86.17
fold2_room1_mix1657,56,5,0,-5,0,82.36
fold2_room1_mix1657,57,5,0,-6,0,82.55
fold2_room1_mix1657,58,5,0,-6,0,79.77
fold2_room1_mix1657,59,5,0,-2,0,96.94
fold2_room1_mix1657,59,5,0,-17,0,20.96
fold2_room1_mix1657,60,5,0,-2,0,98.06
fold2_room1_mix1657,60,5,0,-18,0,20.69
fold2_room1_mix1657,61,5,0,-2,0,103.09
fold2_room1_mix1657,61,5,0,-18,0,20.97
fold2_room1_mix1657,62,5,0,-2,0,96.18
fold2_room1_mix1657,62,5,0,-21,0,16.88
fold2_room1_mix1657,63,5,0,-3,0,86.81
fold2_room1_mix1657,63,5,0,-28,0,12.75
fold2_room1_mix1657,64,5,0,-3,0,86.31
fold2_room1_mix1657,64,5,0,-38,0,11.03
fold2_room1_mix1657,65,5,0,-4,0,84.18
fold2_room1_mix1657,65,5,0,-42,0,10.25
fold2_room1_mix1657,66,5,0,-4,0,84.76
fold2_room1_mix1657,66,5,0,-57,-1,8.09
fold2_room1_mix1657,67,5,0,-3,0,82.91
fold2_room1_mix1657,67,5,0,-69,-1,7.27
fold2_room1_mix1657,68,5,0,-4,0,84.82
fold2_room1_mix1657,68,5,0,-89,-1,7.50
fold2_room1_mix1657,69,5,0,-4,0,83.40
fold2_room1_mix1657,69,5,0,-110,-1,8.31
fold2_room1_mix1657,70,5,0,-4,0,83.12
fold2_room1_mix1657,70,5,0,-127,-1,10.19
fold2_room1_mix1657,71,5,0,-4,0,79.67
fold2_room1_mix1657,71,5,0,-136,0,11.19
fold2_room1_mix1657,72,5,0,-4,0,74.52
fold2_room1_mix1657,72,5,0,-141,0,13.22
fold2_room1_mix1657,73,5,0,-3,0,71.60
fold2_room1_mix1657,73,5,0,-148,0,15.65
fold2_room1_mix1657,74,5,0,-4,0,71.21
fold2_room1_mix1657,74,5,0,-152,0,16.89
fold2_room1_mix1657,75,5,0,-4,0,67.01
fold2_room1_mix1657,75,5,0,-154,0,18.03
fold2_room1_mix1657,76,5,0,-5,0,64.63
fold2_room1_mix1657,76,5,0,-157,0,19.94
fold2_room1_mix1657,77,5,0,-5,0,60.62
fold2_room1_mix1657,77,5,0,-161,0,22.25
fold2_room1_mix1657,78,5,0,-5,0,52.57
fold2_room1_mix1657,78,5,0,-163,0,24.77
fold2_room1_mix1657,79,5,0,-6,0,58.01
fold2_room1_mix1657,79,5,0,-162,0,24.46
fold2_room1_mix1657,80,5,0,-6,0,58.48
fold2_room1_mix1657,80,5,0,-163,0,27.50
fold2_room1_mix1657,81,5,0,-5,0,58.17
fold2_room1_mix1657,81,5,0,-164,0,28.08
fold2_room1_mix1657,82,5,0,-6,0,57.84
fold2_room1_mix1657,82,5,0,-165,0,30.94
fold2_room1_mix1657,83,5,0,-7,0,56.75
fold2_room1_mix1657,83,5,0,-166,0,34.17
fold2_room1_mix1657,84,5,0,-9,0,51.17
fold2_room1_mix1657,84,5,0,-167,0,40.15
fold2_room1_mix1657,85,5,0,-4,0,70.77
fold2_room1_mix1657,85,5,0,-20,0,21.50
fold2_room1_mix1657,85,5,0,-168,0,39.50
fold2_room1_mix1657,86,5,0,-4,0,67.89
fold2_room1_mix1657,86,5,0,-27,0,18.91
fold2_room1_mix1657,86,5,0,-169,0,44.40
fold2_room1_mix1657,87,5,0,-3,0,77.40
fold2_room1_mix1657,87,5,0,-19,0,22.22
fold2_room1_mix1657,87,5,0,-170,0,44.78
fold2_room1_mix1657,88,5,0,-3,1,73.83
fold2_room1_mix1657,88,5,0,-25,0,19.41
fold2_room1_mix1657,88,5,0,-170,0,48.15
fold2_room1_mix1657,89,5,0,-3,1,72.36
fold2_room1_mix1657,89,5,0,-27,0,17.98
fold2_room1_mix1657,89,5,0,-171,0,50.13
fold2_room1_mix1657,90,5,0,-2,0,82.55
fold2_room1_mix1657,90,5,0,-20,0,22.60
fold2_room1_mix1657,90,5,0,-170,0,50.41
fold2_room1_mix1657,91,5,0,-3,0,72.86
fold2_room1_mix1657,91,5,0,-23,0,19.62
fold2_room1_mix1657,91,5,0,-171,0,50.61
fold2_room1_mix1657,92,5,0,-3,1,77.85
fold2_room1_mix1657,92,5,0,-22,0,20.19
fold2_room1_mix1657,92,5,0,-171,0,52.66
fold2_room1_mix1657,93,5,0,-3,0,76.55
fold2_room1_mix1657,93,5,0,-24,0,19.20
fold2_room1_mix1657,93,5,0,-172,0,53.92
fold2_room1_mix1657,94,5,0,-3,0,74.54
fold2_room1_mix1657,94,5,0,-27,0,18.27
fold2_room1_mix1657,94,5,0,-172,0,58.52
fold2_room1_mix1657,95,5,0,-3,0,79.84
fold2_room1_mix1657,95,5,0,-24,0,19.57
fold2_room1_mix1657,95,5,0,-172,0,57.45
fold2_room1_mix1657,96,5,0,-5,0,66.50
fold2_room1_mix1657,96,5,0,-39,-1,14.79
fold2_room1_mix1657,96,5,0,-174,0,64.53
fold2_room1_mix1657,97,5,0,-4,0,69.92
fold2_room1_mix1657,97,5,0,-41,-1,14.53
fold2_room1_mix1657,97,5,0,-174,0,67.81
fold2_room1_mix1657,98,5,0,-5,0,63.56
fold2_room1_mix1657,98,5,0,-50,0,13.13
fold2_room1_mix1657,98,5,0,-175,0,66.11
fold2_room1_mix1657,99,5,0,-7,0,46.91
fold2_room1_mix1657,99,5,0,-102,-1,11.04
fold2_room1_mix1657,99,5,0,-173,0,67.47
fold2_room1_mix1658,4,5,0,170,1,18.03
fold2_room1_mix1658,5,5,0,172,0,31.13
fold2_room1_mix1658,6,5,0,170,0,43.41
fold2_room1_mix1658,7,5,0,172,0,76.61
fold2_room1_mix1658,8,5,0,174,0,107.93
fold2_room1_mix1658,9,5,0,174,0,107.89
fold2_room1_mix1658,10,5,0,174,0,102.03
fold2_room1_mix1658,11,5,0,173,0,107.76
fold2_room1_mix1658,12,5,0,173,0,97.56
fold2_room1_mix1658,13,5,0,173,0,95.38
fold2_room1_mix1658,14,5,0,173,0,98.53
fold2_room1_mix1658,15,5,0,173,0,96.92
fold2_room1_mix1658,16,5,0,173,0,94.91
fold2_room1_mix1658,17,5,0,173,0,96.74
fold2_room1_mix1658,18,5,0,172,0,96.21
fold2_room1_mix1658,19,5,0,172,0,95.94
fold2_room1_mix1658,20,5,0,171,0,91.63
fold2_room1_mix1658,21,5,0,172,0,94.87
fold2_room1_mix1658,22,5,0,172,0,92.55
fold2_room1_mix1658,23,5,0,172,0,85.75
fold2_room1_mix1658,24,5,0,171,0,90.04
fold2_room1_mix1658,25,5,0,171,0,90.47
fold2_room1_mix1658,26,5,0,172,0,87.48
fold2_room1_mix1658,27,5,0,171,0,87.93
fold2_room1_mix1658,28,5,0,170,0,87.48
fold2_room1_mix1658,29,5,0,170,0,83.56
fold2_room1_mix1658,30,5,0,170,0,83.00
fold2_room1_mix1658,31,5,0,170,0,82.91
fold2_room1_mix1658,32,5,0,171,0,80.39
fold2_room1_mix1658,33,5,0,171,0,80.16
fold2_room1_mix1658,34,5,0,171,0,80.23
fold2_room1_mix1658,35,5,0,171,0,78.90
fold2_room1_mix1658,36,5,0,170,0,76.73
fold2_room1_mix1658,37,5,0,169,0,77.77
fold2_room1_mix1658,38,5,0,168,0,74.78
fold2_room1_mix1658,39,5,0,156,0,20.47
fold2_room1_mix1658,39,5,0,174,0,98.23
fold2_room1_mix1658,40,5,0,153,0,18.24
fold2_room1_mix1658,40,5,0,173,0,97.47
fold2_room1_mix1658,41,5,0,150,0,16.63
fold2_room1_mix1658,41,5,0,172,0,93.78
fold2_room1_mix1658,42,5,0,147,-1,14.37
fold2_room1_mix1658,42,5,0,172,0,87.71
fold2_room1_mix1658,43,5,0,145,-1,13.53
fold2_room1_mix1658,43,5,0,172,0,91.15
fold2_room1_mix1658,44,5,0,142,-1,12.18
fold2_room1_mix1658,44,5,0,173,0,88.37
fold2_room1_mix1658,45,5,0,135,-1,10.45
fold2_room1_mix1658,45,5,0,172,0,83.49
fold2_room1_mix1658,46,5,0,123,-1,8.75
fold2_room1_mix1658,46,5,0,171,0,79.22
fold2_room1_mix1658,47,5,0,112,-2,8.10
fold2_room1_mix1658,47,5,0,171,0,82.17
fold2_room1_mix1658,48,5,0,104,-2,7.70
fold2_room1_mix1658,48,5,0,170,0,76.09
fold2_room1_mix1658,49,5,0,83,-2,7.85
fold2_room1_mix1658,49,5,0,170,0,78.38
fold2_room1_mix1658,50,5,0,69,-2,8.67
fold2_room1_mix1658,50,5,0,170,0,77.69
fold2_room1_mix1658,51,5,0,61,-2,8.63
fold2_room1_mix1658,51,5,0,170,0,76.92
fold2_room1_mix1658,52,5,0,54,-2,8.58
fold2_room1_mix1658,52,5,0,171,0,78.23
fold2_room1_mix1658,53,5,0,49,-1,9.41
fold2_room1_mix1658,53,5,0,170,0,75.45
fold2_room1_mix1658,54,5,0,41,-1,10.20
fold2_room1_mix1658,54,5,0,171,0,70.88
fold2_room1_mix1658,55,5,0,43,-1,10.60
fold2_room1_mix1658,55,5,0,170,0,73.97
fold2_room1_mix1658,56,5,0,40,-1,11.46
fold2_room1_mix1658,56,5,0,170,0,75.57
fold2_room1_mix1658,57,5,0,36,-1,12.32
fold2_room1_mix1658,57,5,0,171,0,73.18
fold2_room1_mix1658,58,5,0,33,-1,12.97
fold2_room1_mix1658,58,5,0,170,0,70.29
fold2_room1_mix1658,59,5,0,29,-1,14.37
fold2_room1_mix1658,59,5,0,170,0,67.46
fold2_room1_mix1658,60,5,0,27,-1,17.09
fold2_room1_mix1658,60,5,0,169,0,63.97
fold2_room1_mix1658,61,5,0,24,0,18.95
fold2_room1_mix1658,61,5,0,168,0,60.32
fold2_room1_mix1658,62,5,0,23,0,21.37
fold2_room1_mix1658,62,5,0,167,0,59.49
fold2_room1_mix1658,63,5,0,23,0,21.47
fold2_room1_mix1658,63,5,0,167,0,61.37
fold2_room1_mix1658,64,5,0,23,0,21.20
fold2_room1_mix1658,64,5,0,169,0,66.36
fold2_room1_mix1658,65,5,0,21,0,23.67
fold2_room1_mix1658,65,5,0,168,0,64.98
fold2_room1_mix1658,66,5,0,20,0,25.18
fold2_room1_mix1658,66,5,0,168,0,64.75
fold2_room1_mix1658,67,5,0,20,0,24.48
fold2_room1_mix1658,67,5,0,168,0,63.98
fold2_room1_mix1658,68,5,0,18,0,26.68
fold2_room1_mix1658,68,5,0,166,0,59.79
fold2_room1_mix1658,69,5,0,18,0,27.06
fold2_room1_mix1658,69,5,0,166,0,61.38
fold2_room1_mix1658,70,5,0,18,0,28.87
fold2_room1_mix1658,70,5,0,155,0,26.25
fold2_room1_mix1658,70,5,0,171,0,80.79
fold2_room1_mix1658,71,5,0,18,0,26.93
fold2_room1_mix1658,71,5,0,165,0,59.39
fold2_room1_mix1658,72,5,0,16,0,33.61
fold2_room1_mix1658,72,5,0,149,0,22.83
fold2_room1_mix1658,72,5,0,170,0,72.41
fold2_room1_mix1658,73,5,0,16,0,38.18
fold2_room1_mix1658,73,5,0,137,0,16.82
fold2_room1_mix1658,73,5,0,166,0,59.81
fold2_room1_mix1658,74,5,0,16,0,38.23
fold2_room1_mix1658,74,5,0,139,0,17.48
fold2_room1_mix1658,74,5,0,168,0,62.54
fold2_room1_mix1658,75,5,0,17,0,38.40
fold2_room1_mix1658,75,5,0,141,0,19.20
fold2_room1_mix1658,75,5,0,168,0,65.28
fold2_room1_mix1658,76,5,0,13,0,44.26
fold2_room1_mix1658,76,5,0,137,0,16.69
fold2_room1_mix1658,76,5,0,169,0,65.18
fold2_room1_mix1658,77,5,0,14,0,42.73
fold2_room1_mix1658,77,5,0,143,0,19.01
fold2_room1_mix1658,77,5,0,169,0,71.87
fold2_room1_mix1658,78,5,0,12,0,46.70
fold2_room1_mix1658,78,5,0,139,0,17.22
fold2_room1_mix1658,78,5,0,169,0,67.13
fold2_room1_mix1658,79,5,0,13,0,42.56
fold2_room1_mix1658,79,5,0,146,0,21.10
fold2_room1_mix1658,79,5,0,170,0,78.51
fold2_room1_mix1658,80,5,0,12,0,43.00
fold2_room1_mix1658,80,5,0,145,0,19.11
fold2_room1_mix1658,80,5,0,170,0,73.53
fold2_room1_mix1658,81,5,0,12,0,43.12
fold2_room1_mix1658,81,5,0,143,0,18.06
fold2_room1_mix1658,81,5,0,170,0,71.93
fold2_room1_mix1658,82,5,0,11,0,47.51
fold2_room1_mix1658,82,5,0,139,0,16.34
fold2_room1_mix1658,82,5,0,169,0,68.86
fold2_room1_mix1658,83,5,0,11,0,46.29
fold2_room1_mix1658,83,5,0,120,-1,12.10
fold2_room1_mix1658,83,5,0,167,0,52.33
fold2_room1_mix1658,84,5,0,11,0,51.42
fold2_room1_mix1658,84,5,0,96,-1,12.11
fold2_room1_mix1658,84,5,0,164,0,49.18
fold2_room1_mix1658,85,5,0,11,0,51.05
fold2_room1_mix1658,85,5,0,80,-1,11.80
fold2_room1_mix1658,85,5,0,162,0,40.96
fold2_room1_mix1658,86,5,0,11,0,53.78
fold2_room1_mix1658,86,5,0,91,-1,12.04
fold2_room1_mix1658,86,5,0,165,0,49.45
fold2_room1_mix1658,87,5,0,10,0,56.79
fold2_room1_mix1658,87,5,0,87,-1,11.51
fold2_room1_mix1658,87,5,0,167,0,52.51
fold2_room1_mix1658,88,5,0,11,0,60.24
fold2_room1_mix1658,88,5,0,101,-1,12.46
fold2_room1_mix1658,88,5,0,168,0,57.91
fold2_room1_mix1658,89,5,0,10,0,59.03
fold2_room1_mix1658,89,5,0,74,-1,11.51
fold2_room1_mix1658,89,5,0,166,0,49.41
fold2_room1_mix1658,90,5,0,10,0,60.57
fold2_room1_mix1658,90,5,0,85,-1,12.10
fold2_room1_mix1658,90,5,0,166,0,52.78
fold2_room1_mix1658,91,5,0,10,0,57.67
fold2_room1_mix1658,91,5,0,91,-1,11.98
fold2_room1_mix1658,91,5,0,167,0,50.70
fold2_room1_mix1658,92,5,0,10,0,66.25
fold2_room1_mix1658,92,5,0,70,-1,12.51
fold2_room1_mix1658,92,5,0,166,0,52.40
fold2_room1_mix1658,93,5,0,11,0,61.60
fold2_room1_mix1658,93,5,0,61,-1,12.37
fold2_room1_mix1658,93,5,0,164,0,46.22
fold2_room1_mix1658,94,5,0,9,0,69.43
fold2_room1_mix1658,94,5,0,55,-1,13.59
fold2_room1_mix1658,94,5,0,165,0,48.51
fold2_room1_mix1658,95,5,0,10,0,66.61
fold2_room1_mix1658,95,5,0,54,-1,13.05
fold2_room1_mix1658,95,5,0,163,0,44.48
fold2_room1_mix1658,96,5,0,10,0,71.66
fold2_room1_mix1658,96,5,0,39,0,16.69
fold2_room1_mix1658,96,5,0,159,0,36.84
fold2_room1_mix1658,97,5,0,9,0,78.49
fold2_room1_mix1658,97,5,0,41,0,16.35
fold2_room1_mix1658,97,5,0,163,0,43.22
fold2_room1_mix1658,98,5,0,10,0,80.04
fold2_room1_mix1658,98,5,0,42,0,17.32
fold2_room1_mix1658,98,5,0,161,0,45.52
fold2_room1_mix1658,99,5,0,10,0,75.91
fold2_room1_mix1658,99,5,0,36,0,18.17
fold2_room1_mix1658,99,5,0,160,0,39.39
fold2_room1_mix1659,3,5,0,174,2,7.40
fold2_room1_mix1659,4,5,0,170,0,23.43
fold2_room1_mix1659,5,5,0,174,0,32.58
fold2_room1_mix1659,6,5,0,174,0,55.57
fold2_room1_mix1659,7,5,0,175,0,77.27
fold2_room1_mix1659,8,5,0,173,0,94.13
fold2_room1_mix1659,9,5,0,171,0,87.35
fold2_room1_mix1659,10,5,0,172,0,84.71
fold2_room1_mix1659,11,5,0,173,0,83.00
fold2_room1_mix1659,12,5,0,172,0,81.01
fold2_room1_mix1659,13,5,0,173,0,80.93
fold2_room1_mix1659,14,5,0,172,0,79.03
fold2_room1_mix1659,15,5,0,173,0,80.15
fold2_room1_mix1659,16,5,0,173,0,76.33
fold2_room1_mix1659,17,5,0,173,0,78.67
fold2_room1_mix1659,18,5,0,172,0,76.38
fold2_room1_mix1659,19,5,0,172,0,78.27
fold2_room1_mix1659,20,5,0,172,0,75.31
fold2_room1_mix1659,21,5,0,172,0,74.78
fold2_room1_mix1659,22,5,0,172,0,73.89
fold2_room1_mix1659,23,5,0,172,0,72.04
fold2_room1_mix1659,24,5,0,172,0,76.33
fold2_room1_mix1659,25,5,0,172,0,72.87
fold2_room1_mix1659,26,5,0,172,0,70.54
fold2_room1_mix1659,27,5,0,173,0,73.49
fold2_room1_mix1659,28,5,0,171,0,67.22
fold2_room1_mix1659,29,5,0,171,0,68.11
fold2_room1_mix1659,30,5,0,172,0,65.54
fold2_room1_mix1659,31,5,0,171,0,66.33
fold2_room1_mix1659,32,5,0,172,0,66.48
fold2_room1_mix1659,33,5,0,171,0,65.18
fold2_room1_mix1659,34,5,0,170,0,62.09
fold2_room1_mix1659,35,5,0,169,0,59.05
fold2_room1_mix1659,36,5,0,155,0,16.18
fold2_room1_mix1659,36,5,0,173,0,76.43
fold2_room1_mix1659,37,5,0,154,0,14.92
fold2_room1_mix1659,37,5,0,174,0,76.19
fold2_room1_mix1659,38,5,0,152,0,12.61
fold2_room1_mix1659,38,5,0,174,0,70.13
fold2_room1_mix1659,39,5,0,149,0,11.72
fold2_room1_mix1659,39,5,0,173,0,69.58
fold2_room1_mix1659,40,5,0,147,-1,10.87
fold2_room1_mix1659,40,5,0,174,0,68.49
fold2_room1_mix1659,41,5,0,141,-1,8.90
fold2_room1_mix1659,41,5,0,174,0,63.95
fold2_room1_mix1659,42,5,0,134,-1,7.65
fold2_room1_mix1659,42,5,0,174,0,64.65
fold2_room1_mix1659,43,5,0,127,-1,6.68
fold2_room1_mix1659,43,5,0,173,0,64.86
fold2_room1_mix1659,44,5,0,119,-2,6.10
fold2_room1_mix1659,44,5,0,173,0,63.14
fold2_room1_mix1659,45,5,0,114,-2,5.68
fold2_room1_mix1659,45,5,0,173,0,58.31
fold2_room1_mix1659,46,5,0,101,-2,5.08
fold2_room1_mix1659,46,5,0,173,0,61.11
fold2_room1_mix1659,47,5,0,72,-2,5.44
fold2_room1_mix1659,47,5,0,174,0,61.92
fold2_room1_mix1659,48,5,0,63,-2,5.65
fold2_room1_mix1659,48,5,0,174,0,61.22
fold2_room1_mix1659,49,5,0,58,-2,5.60
fold2_room1_mix1659,49,5,0,174,0,60.44
fold2_room1_mix1659,50,5,0,50,-2,6.28
fold2_room1_mix1659,50,5,0,174,0,59.50
fold2_room1_mix1659,51,5,0,46,-2,6.49
fold2_room1_mix1659,51,5,0,173,0,56.28
fold2_room1_mix1659,52,5,0,39,-1,7.86
fold2_room1_mix1659,52,5,0,172,0,54.39
fold2_room1_mix1659,53,5,0,37,-1,8.26
fold2_room1_mix1659,53,5,0,172,0,52.54
fold2_room1_mix1659,54,5,0,33,-1,9.07
fold2_room1_mix1659,54,5,0,173,0,49.74
fold2_room1_mix1659,55,5,0,27,-1,11.36
fold2_room1_mix1659,55,5,0,171,0,48.97
fold2_room1_mix1659,56,5,0,27,-1,11.19
fold2_room1_mix1659,56,5,0,172,0,51.15
fold2_room1_mix1659,57,5,0,24,0,12.10
fold2_room1_mix1659,57,5,0,171,0,40.47
fold2_room1_mix1659,58,5,0,21,0,13.59
fold2_room1_mix1659,58,5,0,170,0,42.90
fold2_room1_mix1659,59,5,0,19,0,15.72
fold2_room1_mix1659,59,5,0,168,0,41.34
fold2_room1_mix1659,60,5,0,17,0,17.68
fold2_room1_mix1659,60,5,0,169,0,40.78
fold2_room1_mix1659,61,5,0,15,0,20.54
fold2_room1_mix1659,61,5,0,169,0,43.17
fold2_room1_mix1659,62,5,0,14,0,19.97
fold2_room1_mix1659,62,5,0,157,0,18.23
fold2_room1_mix1659,62,5,0,174,0,49.99
fold2_room1_mix1659,63,5,0,13,0,22.42
fold2_room1_mix1659,63,5,0,157,0,19.73
fold2_room1_mix1659,63,5,0,174,0,56.47
fold2_room1_mix1659,64,5,0,13,0,23.12
fold2_room1_mix1659,64,5,0,147,0,13.45
fold2_room1_mix1659,64,5,0,171,0,41.09
fold2_room1_mix1659,65,5,0,11,0,24.56
fold2_room1_mix1659,65,5,0,152,0,15.20
fold2_room1_mix1659,65,5,0,174,0,48.17
fold2_room1_mix1659,66,5,0,12,0,24.47
fold2_room1_mix1659,66,5,0,150,0,14.79
fold2_room1_mix1659,66,5,0,174,0,45.52
fold2_room1_mix1659,67,5,0,9,0,27.57
fold2_room1_mix1659,67,5,0,153,0,14.43
fold2_room1_mix1659,67,5,0,175,0,48.88
fold2_room1_mix1659,68,5,0,9,0,28.28
fold2_room1_mix1659,68,5,0,140,0,10.97
fold2_room1_mix1659,68,5,0,173,0,38.67
fold2_room1_mix1659,69,5,0,10,0,24.28
fold2_room1_mix1659,69,5,0,150,0,12.59
fold2_room1_mix1659,69,5,0,175,0,42.59
fold2_room1_mix1659,70,5,0,10,0,27.39
fold2_room1_mix1659,70,5,0,147,0,12.85
fold2_room1_mix1659,70,5,0,174,0,45.07
fold2_room1_mix1659,71,5,0,9,0,30.40
fold2_room1_mix1659,71,5,0,140,-1,10.99
fold2_room1_mix1659,71,5,0,172,0,41.62
fold2_room1_mix1659,72,5,0,8,0,31.87
fold2_room1_mix1659,72,5,0,134,0,9.30
fold2_room1_mix1659,72,5,0,172,0,37.88
fold2_room1_mix1659,73,5,0,7,0,31.80
fold2_room1_mix1659,73,5,0,140,0,10.27
fold2_room1_mix1659,73,5,0,174,0,43.08
fold2_room1_mix1659,74,5,0,7,0,35.78
fold2_room1_mix1659,74,5,0,131,-1,9.14
fold2_room1_mix1659,74,5,0,173,0,42.25
fold2_room1_mix1659,75,5,0,6,0,36.75
fold2_room1_mix1659,75,5,0,110,-1,7.71
fold2_room1_mix1659,75,5,0,172,0,35.84
fold2_room1_mix1659,76,5,0,5,0,36.64
fold2_room1_mix1659,76,5,0,73,0,6.40
fold2_room1_mix1659,76,5,0,170,0,28.84
fold2_room1_mix1659,77,5,0,7,0,34.03
fold2_room1_mix1659,77,5,0,75,-1,6.77
fold2_room1_mix1659,77,5,0,168,0,27.78
fold2_room1_mix1659,78,5,0,7,0,36.38
fold2_room1_mix1659,78,5,0,45,0,7.53
fold2_room1_mix1659,78,5,0,162,0,21.56
fold2_room1_mix1659,79,5,0,7,0,41.42
fold2_room1_mix1659,79,5,0,48,0,8.05
fold2_room1_mix1659,79,5,0,167,0,28.63
fold2_room1_mix1659,80,5,0,6,0,42.86
fold2_room1_mix1659,80,5,0,35,0,9.68
fold2_room1_mix1659,80,5,0,165,0,21.42
fold2_room1_mix1659,81,5,0,6,0,42.22
fold2_room1_mix1659,81,5,0,26,0,11.97
fold2_room1_mix1659,81,5,0,157,0,15.38
fold2_room1_mix1659,82,5,0,6,0,41.01
fold2_room1_mix1659,82,5,0,24,0,11.88
fold2_room1_mix1659,82,5,0,158,0,14.79
fold2_room1_mix1659,83,5,0,6,0,40.67
fold2_room1_mix1659,83,5,0,23,0,12.61
fold2_room1_mix1659,83,5,0,153,0,12.40
fold2_room1_mix1659,84,5,0,6,0,42.86
fold2_room1_mix1659,84,5,0,30,0,11.63
fold2_room1_mix1659,84,5,0,158,0,15.64
fold2_room1_mix1659,85,5,0,6,0,44.05
fold2_room1_mix1659,85,5,0,34,0,10.28
fold2_room1_mix1659,85,5,0,161,0,19.44
fold2_room1_mix1659,86,5,0,5,0,46.23
fold2_room1_mix1659,86,5,0,22,0,14.33
fold2_room1_mix1659,86,5,0,150,0,12.67
fold2_room1_mix1659,87,5,0,7,0,34.50
fold2_room1_mix1659,87,5,0,130,-1,7.59
fold2_room1_mix1659,88,5,0,7,0,49.47
fold2_room1_mix1659,88,5,0,26,0,13.74
fold2_room1_mix1659,88,5,0,157,0,18.76
fold2_room1_mix1659,89,5,0,8,0,38.34
fold2_room1_mix1659,89,5,0,104,-2,6.57
fold2_room1_mix1659,90,5,0,9,0,38.22
fold2_room1_mix1659,90,5,0,82,-2,5.98
fold2_room1_mix1659,91,5,0,9,0,40.26
fold2_room1_mix1659,91,5,0,69,-2,6.26
fold2_room1_mix1659,92,5,0,8,0,39.24
fold2_room1_mix1659,92,5,0,60,-2,7.66
fold2_room1_mix1659,93,5,0,9,0,41.64
fold2_room1_mix1659,93,5,0,51,-1,7.56
fold2_room1_mix1659,94,5,0,10,0,41.58
fold2_room1_mix1659,94,5,0,43,-1,9.50
fold2_room1_mix1659,95,5,0,8,0,45.04
fold2_room1_mix1659,95,5,0,35,-1,10.98
fold2_room1_mix1659,96,5,0,8,0,44.04
fold2_room1_mix1659,96,5,0,33,-1,12.49
fold2_room1_mix1659,97,5,0,7,0,47.68
fold2_room1_mix1659,97,5,0,32,-1,12.94
fold2_room1_mix1659,98,5,0,7,0,49.05
fold2_room1_mix1659,98,5,0,25,0,15.37
fold2_room1_mix1659,99,5,0,13,0,37.03
fold2_room1_mix1660,3,0,0,-1,0,5.64
fold2_room1_mix1660,5,5,0,-5,1,26.93
fold2_room1_mix1660,6,5,0,-3,0,39.73
fold2_room1_mix1660,7,5,0,-4,0,55.99
fold2_room1_mix1660,8,5,0,-4,0,89.19
fold2_room1_mix1660,9,5,0,-4,0,96.65
fold2_room1_mix1660,10,5,0,-5,0,96.90
fold2_room1_mix1660,11,5,0,-5,0,91.97
fold2_room1_mix1660,12,5,0,-5,0,92.52
fold2_room1_mix1660,13,5,0,-4,0,95.12
fold2_room1_mix1660,14,5,0,-6,0,94.77
fold2_room1_mix1660,15,5,0,-5,0,98.52
fold2_room1_mix1660,16,5,0,-5,0,93.39
fold2_room1_mix1660,17,5,0,-5,0,94.32
fold2_room1_mix1660,18,5,0,-6,0,93.10
fold2_room1_mix1660,19,5,0,-6,0,94.99
fold2_room1_mix1660,20,5,0,-5,0,98.11
fold2_room1_mix1660,21,5,0,-6,0,100.18
fold2_room1_mix1660,22,5,0,-6,0,96.27
fold2_room1_mix1660,23,5,0,-7,0,89.88
fold2_room1_mix1660,24,5,0,-7,0,85.83
fold2_room1_mix1660,25,5,0,-7,0,89.67
fold2_room1_mix1660,26,5,0,-7,0,85.32
fold2_room1_mix1660,27,5,0,-6,0,90.68
fold2_room1_mix1660,28,5,0,-7,0,87.86
fold2_room1_mix1660,29,5,0,-7,0,86.89
fold2_room1_mix1660,30,5,0,-7,0,85.09
fold2_room1_mix1660,31,5,0,-7,0,82.35
fold2_room1_mix1660,32,5,0,-7,0,83.21
fold2_room1_mix1660,33,5,0,-7,0,82.84
fold2_room1_mix1660,34,5,0,-7,0,81.99
fold2_room1_mix1660,35,5,0,-7,0,77.99
fold2_room1_mix1660,36,5,0,-7,0,73.20
fold2_room1_mix1660,37,5,0,-7,0,71.81
fold2_room1_mix1660,38,5,0,-3,0,92.47
fold2_room1_mix1660,38,5,0,-19,0,21.12
fold2_room1_mix1660,39,5,0,-8,0,71.40
fold2_room1_mix1660,40,5,0,-8,0,66.32
fold2_room1_mix1660,41,5,0,-3,0,85.00
fold2_room1_mix1660,41,5,0,-19,0,21.90
fold2_room1_mix1660,42,5,0,-2,0,84.33
fold2_room1_mix1660,42,5,0,-21,0,19.36
fold2_room1_mix1660,43,5,0,-3,0,83.84
fold2_room1_mix1660,43,5,0,-21,0,20.05
fold2_room1_mix1660,44,5,0,-3,0,85.48
fold2_room1_mix1660,44,5,0,-21,0,19.55
fold2_room1_mix1660,45,5,0,-3,0,82.59
fold2_room1_mix1660,45,5,0,-22,0,18.79
fold2_room1_mix1660,46,5,0,-3,0,79.02
fold2_room1_mix1660,46,5,0,-23,0,17.93
fold2_room1_mix1660,47,5,0,-3,0,77.97
fold2_room1_mix1660,47,5,0,-23,0,16.99
fold2_room1_mix1660,48,5,0,-3,0,76.92
fold2_room1_mix1660,48,5,0,-25,0,15.31
fold2_room1_mix1660,49,5,0,-3,0,76.46
fold2_room1_mix1660,49,5,0,-25,0,15.00
fold2_room1_mix1660,50,5,0,-3,0,72.92
fold2_room1_mix1660,50,5,0,-30,0,13.36
fold2_room1_mix1660,51,5,0,-4,0,72.65
fold2_room1_mix1660,51,5,0,-36,0,12.12
fold2_room1_mix1660,52,5,0,-5,0,71.12
fold2_room1_mix1660,52,5,0,-43,0,10.86
fold2_room1_mix1660,53,5,0,-7,0,72.11
fold2_room1_mix1660,53,5,0,-59,0,9.90
fold2_room1_mix1660,54,5,0,-7,0,71.55
fold2_room1_mix1660,54,5,0,-67,0,8.85
fold2_room1_mix1660,55,5,0,-7,1,65.50
fold2_room1_mix1660,55,5,0,-66,0,8.12
fold2_room1_mix1660,56,5,0,-7,0,69.15
fold2_room1_mix1660,56,5,0,-85,0,8.00
fold2_room1_mix1660,57,5,0,-8,0,67.83
fold2_room1_mix1660,57,5,0,-114,0,9.24
fold2_room1_mix1660,58,5,0,-9,0,66.59
fold2_room1_mix1660,58,5,0,-113,0,9.34
fold2_room1_mix1660,59,5,0,-9,0,67.99
fold2_room1_mix1660,59,5,0,-119,0,9.66
fold2_room1_mix1660,60,5,0,-11,1,52.22
fold2_room1_mix1660,60,5,0,-129,0,9.85
fold2_room1_mix1660,61,5,0,-10,0,58.46
fold2_room1_mix1660,61,5,0,-139,0,12.17
fold2_room1_mix1660,62,5,0,-11,0,58.44
fold2_room1_mix1660,62,5,0,-137,0,11.57
fold2_room1_mix1660,63,5,0,-10,0,54.85
fold2_room1_mix1660,63,5,0,-144,0,13.63
fold2_room1_mix1660,64,5,0,-11,0,52.03
fold2_room1_mix1660,64,5,0,-146,0,14.20
fold2_room1_mix1660,65,5,0,-11,0,50.35
fold2_room1_mix1660,65,5,0,-150,0,17.06
fold2_room1_mix1660,66,5,0,-12,0,46.65
fold2_room1_mix1660,66,5,0,-149,0,17.07
fold2_room1_mix1660,67,5,0,-11,0,47.30
fold2_room1_mix1660,67,5,0,-154,0,18.35
fold2_room1_mix1660,68,5,0,-13,0,45.53
fold2_room1_mix1660,68,5,0,-155,0,19.22
fold2_room1_mix1660,69,5,0,-14,0,40.78
fold2_room1_mix1660,69,5,0,-157,0,22.61
fold2_room1_mix1660,70,5,0,-16,0,36.20
fold2_room1_mix1660,70,5,0,-158,0,22.95
fold2_room1_mix1660,71,5,0,-8,1,56.56
fold2_room1_mix1660,71,5,0,-26,0,21.03
fold2_room1_mix1660,71,5,0,-162,0,29.37
fold2_room1_mix1660,72,5,0,-8,0,51.66
fold2_room1_mix1660,72,5,0,-25,0,20.21
fold2_room1_mix1660,72,5,0,-161,0,27.45
fold2_room1_mix1660,73,5,0,-8,1,51.82
fold2_room1_mix1660,73,5,0,-29,0,18.65
fold2_room1_mix1660,73,5,0,-162,0,29.95
fold2_room1_mix1660,74,5,0,-9,1,53.08
fold2_room1_mix1660,74,5,0,-29,0,18.25
fold2_room1_mix1660,74,5,0,-162,0,30.92
fold2_room1_mix1660,75,5,0,-9,0,49.64
fold2_room1_mix1660,75,5,0,-33,0,16.45
fold2_room1_mix1660,75,5,0,-163,0,33.69
fold2_room1_mix1660,76,5,0,-8,1,53.71
fold2_room1_mix1660,76,5,0,-33,0,17.70
fold2_room1_mix1660,76,5,0,-163,0,34.60
fold2_room1_mix1660,77,5,0,-9,1,52.27
fold2_room1_mix1660,77,5,0,-35,0,16.55
fold2_room1_mix1660,77,5,0,-164,0,36.24
fold2_room1_mix1660,78,5,0,-10,1,49.26
fold2_room1_mix1660,78,5,0,-37,0,15.41
fold2_room1_mix1660,78,5,0,-163,0,36.09
fold2_room1_mix1660,79,5,0,-12,0,43.24
fold2_room1_mix1660,79,5,0,-49,0,12.92
fold2_room1_mix1660,79,5,0,-165,0,40.87
fold2_room1_mix1660,80,5,0,-14,0,32.61
fold2_room1_mix1660,80,5,0,-71,0,10.08
fold2_room1_mix1660,80,5,0,-164,0,40.03
fold2_room1_mix1660,81,5,0,-14,0,35.37
fold2_room1_mix1660,81,5,0,-70,0,10.83
fold2_room1_mix1660,81,5,0,-166,0,44.20
fold2_room1_mix1660,82,5,0,-16,0,30.60
fold2_room1_mix1660,82,5,0,-94,0,10.50
fold2_room1_mix1660,82,5,0,-166,0,44.32
fold2_room1_mix1660,83,5,0,-14,0,38.80
fold2_room1_mix1660,83,5,0,-71,0,11.21
fold2_room1_mix1660,83,5,0,-166,0,45.08
fold2_room1_mix1660,84,5,0,-14,0,33.45
fold2_room1_mix1660,84,5,0,-92,0,9.95
fold2_room1_mix1660,84,5,0,-167,0,43.86
fold2_room1_mix1660,85,5,0,-13,0,38.71
fold2_room1_mix1660,85,5,0,-96,0,10.50
fold2_room1_mix1660,85,5,0,-168,0,49.67
fold2_room1_mix1660,86,5,0,-15,0,33.29
fold2_room1_mix1660,86,5,0,-113,0,11.08
fold2_room1_mix1660,86,5,0,-169,0,48.46
fold2_room1_mix1660,87,5,0,-14,0,33.10
fold2_room1_mix1660,87,5,0,-110,0,11.16
fold2_room1_mix1660,87,5,0,-169,0,49.36
fold2_room1_mix1660,88,5,0,-15,0,30.30
fold2_room1_mix1660,88,5,0,-125,0,12.10
fold2_room1_mix1660,88,5,0,-170,0,50.38
fold2_room1_mix1660,89,5,0,-19,0,22.51
fold2_room1_mix1660,89,5,0,-139,0,14.00
fold2_room1_mix1660,89,5,0,-171,0,54.59
fold2_room1_mix1660,90,5,0,-26,0,18.82
fold2_room1_mix1660,90,5,0,-147,0,16.38
fold2_room1_mix1660,90,5,0,-171,0,61.20
fold2_room1_mix1660,91,5,0,-35,0,13.65
fold2_room1_mix1660,91,5,0,-153,0,17.48
fold2_room1_mix1660,91,5,0,-171,0,61.14
fold2_room1_mix1660,92,5,0,-54,0,9.66
fold2_room1_mix1660,92,5,0,-155,0,18.72
fold2_room1_mix1660,92,5,0,-171,0,63.53
fold2_room1_mix1660,93,5,0,-62,0,8.53
fold2_room1_mix1660,93,5,0,-157,0,21.19
fold2_room1_mix1660,93,5,0,-173,0,69.42
fold2_room1_mix1660,94,5,0,-72,0,7.45
fold2_room1_mix1660,94,5,0,-166,0,44.62
fold2_room1_mix1660,95,5,0,-82,-1,7.38
fold2_room1_mix1660,95,5,0,-168,0,49.24
fold2_room1_mix1660,96,5,0,-89,-1,6.68
fold2_room1_mix1660,96,5,0,-167,0,47.94
fold2_room1_mix1660,97,5,0,-107,-1,7.46
fold2_room1_mix1660,97,5,0,-168,0,49.95
fold2_room1_mix1660,98,5,0,-113,-1,7.78
fold2_room1_mix1660,98,5,0,-168,0,50.66
fold2_room1_mix1660,99,5,0,-118,-1,8.22
fold2_room1_mix1660,99,5,0,-169,0,52.18
fold2_room1_mix1661,4,5,0,0,1,18.13
fold2_room1_mix1661,5,5,0,-1,1,23.45
fold2_room1_mix1661,6,5,0,0,0,34.96
fold2_room1_mix1661,7,5,0,-1,0,57.18
fold2_room1_mix1661,8,5,0,1,0,75.90
fold2_room1_mix1661,9,5,0,1,0,95.52
fold2_room1_mix1661,10,5,0,1,0,106.51
fold2_room1_mix1661,11,5,0,-1,0,91.49
fold2_room1_mix1661,12,5,0,-1,0,82.97
fold2_room1_mix1661,13,5,0,-1,0,91.94
fold2_room1_mix1661,14,5,0,-1,0,82.00
fold2_room1_mix1661,15,5,0,0,0,87.36
fold2_room1_mix1661,16,5,0,-1,0,95.02
fold2_room1_mix1661,17,5,0,0,0,89.61
fold2_room1_mix1661,18,5,0,0,0,92.80
fold2_room1_mix1661,19,5,0,-1,0,102.35
fold2_room1_mix1661,20,5,0,0,0,93.18
fold2_room1_mix1661,21,5,0,-1,0,96.62
fold2_room1_mix1661,22,5,0,0,0,96.70
fold2_room1_mix1661,23,5,0,-2,0,93.13
fold2_room1_mix1661,24,5,0,0,0,93.95
fold2_room1_mix1661,25,5,0,-1,0,98.45
fold2_room1_mix1661,26,5,0,-1,0,94.58
fold2_room1_mix1661,27,5,0,-2,0,91.99
fold2_room1_mix1661,28,5,0,-1,0,96.94
fold2_room1_mix1661,29,5,0,-3,0,93.88
fold2_room1_mix1661,30,5,0,-4,0,87.22
fold2_room1_mix1661,31,5,0,-2,0,81.78
fold2_room1_mix1661,32,5,0,-3,0,82.19
fold2_room1_mix1661,33,5,0,-4,0,78.87
fold2_room1_mix1661,34,5,0,-4,0,77.73
fold2_room1_mix1661,35,5,0,-5,0,81.02
fold2_room1_mix1661,36,5,0,-6,0,72.96
fold2_room1_mix1661,37,5,0,-5,0,70.25
fold2_room1_mix1661,38,5,0,0,0,93.05
fold2_room1_mix1661,38,5,0,-17,0,20.63
fold2_room1_mix1661,39,5,0,-2,0,86.44
fold2_room1_mix1661,39,5,0,-19,0,17.93
fold2_room1_mix1661,40,5,0,-2,0,84.41
fold2_room1_mix1661,40,5,0,-19,0,17.61
fold2_room1_mix1661,41,5,0,-1,0,81.36
fold2_room1_mix1661,41,5,0,-20,0,16.72
fold2_room1_mix1661,42,5,0,-1,0,78.57
fold2_room1_mix1661,42,5,0,-20,0,15.28
fold2_room1_mix1661,43,5,0,-1,0,74.26
fold2_room1_mix1661,43,5,0,-23,0,13.26
fold2_room1_mix1661,44,5,0,-1,0,74.06
fold2_room1_mix1661,44,5,0,-28,0,12.18
fold2_room1_mix1661,45,5,0,-2,0,73.27
fold2_room1_mix1661,45,5,0,-37,0,10.79
fold2_room1_mix1661,46,5,0,-3,0,68.63
fold2_room1_mix1661,46,5,0,-51,0,8.05
fold2_room1_mix1661,47,5,0,-4,0,74.47
fold2_room1_mix1661,47,5,0,-74,0,7.39
fold2_room1_mix1661,48,5,0,-4,1,71.47
fold2_room1_mix1661,48,5,0,-97,0,7.40
fold2_room1_mix1661,49,5,0,-4,1,64.89
fold2_room1_mix1661,49,5,0,-121,0,8.03
fold2_room1_mix1661,50,5,0,-5,0,70.18
fold2_room1_mix1661,50,5,0,-130,0,9.44
fold2_room1_mix1661,51,5,0,-4,0,67.75
fold2_room1_mix1661,51,5,0,-138,0,10.79
fold2_room1_mix1661,52,5,0,-5,0,59.20
fold2_room1_mix1661,52,5,0,-144,0,12.76
fold2_room1_mix1661,53,5,0,-5,0,57.17
fold2_room1_mix1661,53,5,0,-150,0,14.83
fold2_room1_mix1661,54,5,0,-6,0,51.04
fold2_room1_mix1661,54,5,0,-151,0,15.84
fold2_room1_mix1661,55,5,0,-7,0,47.02
fold2_room1_mix1661,55,5,0,-156,0,18.34
fold2_room1_mix1661,56,5,0,-6,0,46.00
fold2_room1_mix1661,56,5,0,-159,0,18.57
fold2_room1_mix1661,57,5,0,-7,0,42.39
fold2_room1_mix1661,57,5,0,-162,0,21.92
fold2_room1_mix1661,58,5,0,-4,1,51.07
fold2_room1_mix1661,58,5,0,-20,0,17.89
fold2_room1_mix1661,58,5,0,-164,0,24.59
fold2_room1_mix1661,59,5,0,-4,1,50.48
fold2_room1_mix1661,59,5,0,-24,0,16.21
fold2_room1_mix1661,59,5,0,-165,0,27.01
fold2_room1_mix1661,60,5,0,-3,1,55.73
fold2_room1_mix1661,60,5,0,-22,0,17.39
fold2_room1_mix1661,60,5,0,-166,0,28.70
fold2_room1_mix1661,61,5,0,-4,1,58.85
fold2_room1_mix1661,61,5,0,-22,0,18.02
fold2_room1_mix1661,61,5,0,-166,0,32.00
fold2_room1_mix1661,62,5,0,-10,1,33.26
fold2_room1_mix1661,62,5,0,-75,0,9.23
fold2_room1_mix1661,62,5,0,-169,0,36.50
fold2_room1_mix1661,63,5,0,-8,1,42.94
fold2_room1_mix1661,63,5,0,-56,0,11.30
fold2_room1_mix1661,63,5,0,-169,0,40.35
fold2_room1_mix1661,64,5,0,-9,0,39.89
fold2_room1_mix1661,64,5,0,-62,0,10.56
fold2_room1_mix1661,64,5,0,-168,0,39.48
fold2_room1_mix1661,65,5,0,-10,1,36.34
fold2_room1_mix1661,65,5,0,-67,0,9.34
fold2_room1_mix1661,65,5,0,-169,0,39.33
fold2_room1_mix1661,66,5,0,-10,0,36.62
fold2_room1_mix1661,66,5,0,-85,0,8.52
fold2_room1_mix1661,66,5,0,-170,0,42.45
fold2_room1_mix1661,67,5,0,-11,0,29.01
fold2_room1_mix1661,67,5,0,-106,-1,7.77
fold2_room1_mix1661,67,5,0,-171,0,39.25
fold2_room1_mix1661,68,5,0,-12,0,29.01
fold2_room1_mix1661,68,5,0,-112,0,7.66
fold2_room1_mix1661,68,5,0,-171,0,39.93
fold2_room1_mix1661,69,5,0,-11,0,28.88
fold2_room1_mix1661,69,5,0,-122,0,8.42
fold2_room1_mix1661,69,5,0,-172,0,43.92
fold2_room1_mix1661,70,5,0,-20,0,17.34
fold2_room1_mix1661,70,5,0,-145,0,11.33
fold2_room1_mix1661,70,5,0,-172,0,47.97
fold2_room1_mix1661,71,5,0,-21,0,15.80
fold2_room1_mix1661,71,5,0,-149,0,12.38
fold2_room1_mix1661,71,5,0,-173,0,50.55
fold2_room1_mix1661,72,5,0,-32,0,11.57
fold2_room1_mix1661,72,5,0,-153,0,13.41
fold2_room1_mix1661,72,5,0,-173,0,54.00
fold2_room1_mix1661,73,5,0,-49,0,7.93
fold2_room1_mix1661,73,5,0,-157,0,15.64
fold2_room1_mix1661,73,5,0,-174,0,58.97
fold2_room1_mix1661,74,5,0,-32,0,12.50
fold2_room1_mix1661,74,5,0,-152,0,14.74
fold2_room1_mix1661,74,5,0,-173,0,60.54
fold2_room1_mix1661,75,5,0,-77,-1,5.93
fold2_room1_mix1661,75,5,0,-168,0,40.12
fold2_room1_mix1661,76,5,0,-82,-1,5.82
fold2_room1_mix1661,76,5,0,-168,0,43.20
fold2_room1_mix1661,77,5,0,-107,-1,5.69
fold2_room1_mix1661,77,5,0,-168,0,44.07
fold2_room1_mix1661,78,5,0,-116,-1,6.24
fold2_room1_mix1661,78,5,0,-168,0,45.04
fold2_room1_mix1661,79,5,0,-129,-1,7.39
fold2_room1_mix1661,79,5,0,-171,0,51.15
fold2_room1_mix1661,80,5,0,-134,-1,8.22
fold2_room1_mix1661,80,5,0,-170,0,48.62
fold2_room1_mix1661,81,5,0,-141,-1,9.44
fold2_room1_mix1661,81,5,0,-172,0,50.57
fold2_room1_mix1661,82,5,0,-147,-1,10.92
fold2_room1_mix1661,82,5,0,-172,0,52.98
fold2_room1_mix1661,83,5,0,-150,0,12.24
fold2_room1_mix1661,83,5,0,-173,0,51.73
fold2_room1_mix1661,84,5,0,-168,0,38.99
fold2_room1_mix1661,85,5,0,-170,0,44.94
fold2_room1_mix1661,86,5,0,-171,0,46.46
fold2_room1_mix1661,87,5,0,-172,0,47.19
fold2_room1_mix1661,88,5,0,-172,0,52.25
fold2_room1_mix1661,89,5,0,-172,0,53.41
fold2_room1_mix1661,90,5,0,-173,0,52.61
fold2_room1_mix1661,91,5,0,-173,0,54.04
fold2_room1_mix1661,92,5,0,-174,0,61.08
fold2_room1_mix1661,93,5,0,-173,0,59.41
fold2_room1_mix1661,94,5,0,-173,0,60.17
fold2_room1_mix1661,95,5,0,-174,0,64.74
fold2_room1_mix1661,96,5,0,-174,0,65.88
fold2_room1_mix1661,97,5,0,-174,0,62.86
fold2_room1_mix1661,98,5,0,-175,0,69.97
fold2_room1_mix1661,99,5,0,-175,0,69.94
fold2_room1_mix1662,5,5,0,4,0,29.74
fold2_room1_mix1662,6,5,0,4,0,41.32
fold2_room1_mix1662,7,5,0,4,0,66.86
fold2_room1_mix1662,8,5,0,3,0,92.91
fold2_room1_mix1662,9,5,0,3,0,88.93
fold2_room1_mix1662,10,5,0,4,0,85.55
fold2_room1_mix1662,11,5,0,4,0,83.49
fold2_room1_mix1662,12,5,0,4,0,80.83
fold2_room1_mix1662,13,5,0,4,0,81.24
fold2_room1_mix1662,14,5,0,4,0,80.83
fold2_room1_mix1662,15,5,0,4,0,80.91
fold2_room1_mix1662,16,5,0,5,0,79.72
fold2_room1_mix1662,17,5,0,5,0,79.12
fold2_room1_mix1662,18,5,0,4,0,82.41
fold2_room1_mix1662,19,5,0,3,0,77.37
fold2_room1_mix1662,20,5,0,4,0,80.23
fold2_room1_mix1662,21,5,0,5,0,81.53
fold2_room1_mix1662,22,5,0,5,0,74.19
fold2_room1_mix1662,23,5,0,6,0,70.89
fold2_room1_mix1662,24,5,0,7,0,68.97
fold2_room1_mix1662,25,5,0,6,0,67.33
fold2_room1_mix1662,26,5,0,5,0,70.34
fold2_room1_mix1662,27,5,0,5,0,72.28
fold2_room1_mix1662,28,5,0,7,0,65.93
fold2_room1_mix1662,29,5,0,7,0,63.18
fold2_room1_mix1662,30,5,0,8,0,60.51
fold2_room1_mix1662,31,5,0,9,0,58.81
fold2_room1_mix1662,32,5,0,10,0,55.99
fold2_room1_mix1662,33,5,0,10,0,56.17
fold2_room1_mix1662,34,5,0,5,0,72.89
fold2_room1_mix1662,34,5,0,23,0,16.53
fold2_room1_mix1662,35,5,0,5,0,72.70
fold2_room1_mix1662,35,5,0,25,0,14.66
fold2_room1_mix1662,36,5,0,5,0,68.10
fold2_room1_mix1662,36,5,0,27,0,13.37
fold2_room1_mix1662,37,5,0,5,0,67.51
fold2_room1_mix1662,37,5,0,34,-1,11.01
fold2_room1_mix1662,38,5,0,5,0,63.95
fold2_room1_mix1662,38,5,0,37,-1,9.30
fold2_room1_mix1662,39,5,0,4,0,61.93
fold2_room1_mix1662,39,5,0,45,-1,8.34
fold2_room1_mix1662,40,5,0,6,0,58.33
fold2_room1_mix1662,40,5,0,58,-1,6.77
fold2_room1_mix1662,41,5,0,5,0,58.20
fold2_room1_mix1662,41,5,0,65,-1,5.88
fold2_room1_mix1662,42,5,0,5,0,55.23
fold2_room1_mix1662,42,5,0,82,-2,5.81
fold2_room1_mix1662,43,5,0,7,0,55.09
fold2_room1_mix1662,43,5,0,107,-2,6.38
fold2_room1_mix1662,44,5,0,6,0,56.72
fold2_room1_mix1662,44,5,0,124,-2,7.41
fold2_room1_mix1662,45,5,0,6,0,54.95
fold2_room1_mix1662,45,5,0,127,-1,7.57
fold2_room1_mix1662,46,5,0,6,0,55.94
fold2_room1_mix1662,46,5,0,137,-1,9.23
fold2_room1_mix1662,47,5,0,7,0,49.45
fold2_room1_mix1662,47,5,0,142,-1,10.72
fold2_room1_mix1662,48,5,0,7,0,48.08
fold2_room1_mix1662,48,5,0,149,0,13.02
fold2_room1_mix1662,49,5,0,6,0,43.31
fold2_room1_mix1662,49,5,0,152,0,13.27
fold2_room1_mix1662,50,5,0,6,0,45.53
fold2_room1_mix1662,50,5,0,154,0,14.19
fold2_room1_mix1662,51,5,0,8,0,47.10
fold2_room1_mix1662,51,5,0,158,0,16.63
fold2_room1_mix1662,52,5,0,8,0,45.98
fold2_room1_mix1662,52,5,0,160,0,18.42
fold2_room1_mix1662,53,5,0,9,0,47.00
fold2_room1_mix1662,53,5,0,162,0,21.19
fold2_room1_mix1662,54,5,0,8,0,44.65
fold2_room1_mix1662,54,5,0,161,0,20.57
fold2_room1_mix1662,55,5,0,9,0,39.92
fold2_room1_mix1662,55,5,0,161,0,21.96
fold2_room1_mix1662,56,5,0,10,0,41.69
fold2_room1_mix1662,56,5,0,164,0,25.61
fold2_room1_mix1662,57,5,0,9,0,45.57
fold2_room1_mix1662,57,5,0,164,0,25.94
fold2_room1_mix1662,58,5,0,12,0,35.07
fold2_room1_mix1662,58,5,0,166,0,27.96
fold2_room1_mix1662,59,5,0,10,0,41.23
fold2_room1_mix1662,59,5,0,165,0,27.21
fold2_room1_mix1662,60,5,0,13,0,34.52
fold2_room1_mix1662,60,5,0,168,0,31.64
fold2_room1_mix1662,61,5,0,7,0,44.83
fold2_room1_mix1662,61,5,0,27,0,14.26
fold2_room1_mix1662,61,5,0,168,0,32.75
fold2_room1_mix1662,62,5,0,6,0,51.49
fold2_room1_mix1662,62,5,0,24,0,15.61
fold2_room1_mix1662,62,5,0,170,0,34.65
fold2_room1_mix1662,63,5,0,7,0,41.16
fold2_room1_mix1662,63,5,0,33,0,12.12
fold2_room1_mix1662,63,5,0,170,0,35.97
fold2_room1_mix1662,64,5,0,6,0,56.33
fold2_room1_mix1662,64,5,0,23,0,16.28
fold2_room1_mix1662,64,5,0,171,0,38.64
fold2_room1_mix1662,65,5,0,6,0,47.32
fold2_room1_mix1662,65,5,0,31,0,12.33
fold2_room1_mix1662,65,5,0,172,0,40.22
fold2_room1_mix1662,66,5,0,9,0,36.43
fold2_room1_mix1662,66,5,0,50,0,9.55
fold2_room1_mix1662,66,5,0,171,0,41.62
fold2_room1_mix1662,67,5,0,9,0,33.30
fold2_room1_mix1662,67,5,0,73,0,8.34
fold2_room1_mix1662,67,5,0,172,0,42.43
fold2_room1_mix1662,68,5,0,9,0,31.66
fold2_room1_mix1662,68,5,0,94,-1,8.39
fold2_room1_mix1662,68,5,0,174,0,44.62
fold2_room1_mix1662,69,5,0,8,0,28.36
fold2_room1_mix1662,69,5,0,115,-1,8.63
fold2_room1_mix1662,69,5,0,176,0,45.86
fold2_room1_mix1662,70,5,0,11,0,22.78
fold2_room1_mix1662,70,5,0,132,0,9.59
fold2_room1_mix1662,70,5,0,176,0,46.00
fold2_room1_mix1662,71,5,0,15,0,20.72
fold2_room1_mix1662,71,5,0,142,0,11.82
fold2_room1_mix1662,71,5,0,174,0,50.43
fold2_room1_mix1662,72,5,0,22,0,15.11
fold2_room1_mix1662,72,5,0,149,0,13.31
fold2_room1_mix1662,72,5,0,176,0,51.72
fold2_room1_mix1662,73,5,0,27,0,12.29
fold2_room1_mix1662,73,5,0,154,0,14.82
fold2_room1_mix1662,73,5,0,176,0,54.21
fold2_room1_mix1662,74,5,0,37,-1,9.69
fold2_room1_mix1662,74,5,0,155,0,15.13
fold2_room1_mix1662,74,5,0,176,0,53.25
fold2_room1_mix1662,75,5,0,43,-1,8.48
fold2_room1_mix1662,75,5,0,161,0,19.44
fold2_room1_mix1662,75,5,0,176,0,64.95
fold2_room1_mix1662,76,5,0,58,-2,6.88
fold2_room1_mix1662,76,5,0,171,0,45.56
fold2_room1_mix1662,77,5,0,44,-1,8.78
fold2_room1_mix1662,77,5,0,168,0,45.10
fold2_room1_mix1662,78,5,0,71,-2,6.28
fold2_room1_mix1662,78,5,0,171,0,46.36
fold2_room1_mix1662,79,5,0,87,-2,6.42
fold2_room1_mix1662,79,5,0,170,0,48.80
fold2_room1_mix1662,80,5,0,103,-2,7.10
fold2_room1_mix1662,80,5,0,170,0,50.21
fold2_room1_mix1662,81,5,0,124,-2,8.07
fold2_room1_mix1662,81,5,0,170,0,55.31
fold2_room1_mix1662,82,5,0,131,-1,8.68
fold2_room1_mix1662,82,5,0,171,0,55.14
fold2_room1_mix1662,83,5,0,137,-1,9.62
fold2_room1_mix1662,83,5,0,170,0,51.14
fold2_room1_mix1662,84,5,0,141,-1,10.44
fold2_room1_mix1662,84,5,0,171,0,55.55
fold2_room1_mix1662,85,5,0,144,-1,11.40
fold2_room1_mix1662,85,5,0,171,0,60.16
fold2_room1_mix1662,86,5,0,148,0,12.69
fold2_room1_mix1662,86,5,0,171,0,57.25
fold2_room1_mix1662,87,5,0,150,0,14.69
fold2_room1_mix1662,87,5,0,171,0,64.15
fold2_room1_mix1662,88,5,0,154,0,15.96
fold2_room1_mix1662,88,5,0,171,0,64.44
fold2_room1_mix1662,89,5,0,167,0,49.44
fold2_room1_mix1662,90,5,0,168,0,49.00
fold2_room1_mix1662,91,5,0,168,0,47.58
fold2_room1_mix1662,92,5,0,170,0,52.84
fold2_room1_mix1662,93,5,0,170,0,55.47
fold2_room1_mix1662,94,5,0,171,0,55.38
fold2_room1_mix1662,95,5,0,170,0,53.92
fold2_room1_mix1662,96,5,0,171,0,54.90
fold2_room1_mix1662,97,5,0,172,0,57.35
fold2_room1_mix1662,98,5,0,172,0,57.61
fold2_room1_mix1662,99,5,0,171,0,55.41
fold2_room1_mix1662,3,0,0,1,0,2.51
fold2_room1_mix1662,4,5,0,0,1,8.26
fold2_room1_mix1663,4,5,0,167,1,12.31
fold2_room1_mix1663,5,5,0,167,1,19.75
fold2_room1_mix1663,6,5,0,170,0,35.38
fold2_room1_mix1663,7,5,0,172,0,63.44
fold2_room1_mix1663,8,5,0,172,0,95.44
fold2_room1_mix1663,9,5,0,173,0,106.54
fold2_room1_mix1663,10,5,0,172,0,105.83
fold2_room1_mix1663,11,5,0,172,0,107.05
fold2_room1_mix1663,12,5,0,174,0,97.65
fold2_room1_mix1663,13,5,0,173,0,97.50
fold2_room1_mix1663,14,5,0,173,0,96.36
fold2_room1_mix1663,15,5,0,174,0,105.29
fold2_room1_mix1663,16,5,0,174,0,99.88
fold2_room1_mix1663,17,5,0,173,0,97.58
fold2_room1_mix1663,18,5,0,173,0,102.74
fold2_room1_mix1663,19,5,0,173,0,106.96
fold2_room1_mix1663,20,5,0,173,0,102.05
fold2_room1_mix1663,21,5,0,174,0,106.45
fold2_room1_mix1663,22,5,0,174,0,105.62
fold2_room1_mix1663,23,5,0,172,0,96.72
fold2_room1_mix1663,24,5,0,173,0,104.57
fold2_room1_mix1663,25,5,0,173,0,103.55
fold2_room1_mix1663,26,5,0,172,0,95.96
fold2_room1_mix1663,27,5,0,173,0,100.97
fold2_room1_mix1663,28,5,0,172,0,99.81
fold2_room1_mix1663,29,5,0,172,0,95.21
fold2_room1_mix1663,30,5,0,171,0,91.30
fold2_room1_mix1663,31,5,0,171,0,96.07
fold2_room1_mix1663,32,5,0,171,0,90.53
fold2_room1_mix1663,33,5,0,171,0,88.54
fold2_room1_mix1663,34,5,0,170,0,87.82
fold2_room1_mix1663,35,5,0,170,0,84.69
fold2_room1_mix1663,36,5,0,170,0,82.49
fold2_room1_mix1663,37,5,0,170,0,79.61
fold2_room1_mix1663,38,5,0,169,0,74.66
fold2_room1_mix1663,39,5,0,169,0,72.77
fold2_room1_mix1663,40,5,0,168,0,73.97
fold2_room1_mix1663,41,5,0,168,0,67.84
fold2_room1_mix1663,42,5,0,168,0,63.42
fold2_room1_mix1663,43,5,0,167,0,64.22
fold2_room1_mix1663,44,5,0,153,0,17.92
fold2_room1_mix1663,44,5,0,172,0,87.28
fold2_room1_mix1663,45,5,0,151,0,16.15
fold2_room1_mix1663,45,5,0,172,0,86.77
fold2_room1_mix1663,46,5,0,149,0,15.38
fold2_room1_mix1663,46,5,0,171,0,85.78
fold2_room1_mix1663,47,5,0,144,-1,12.78
fold2_room1_mix1663,47,5,0,172,0,81.62
fold2_room1_mix1663,48,5,0,138,-1,10.61
fold2_room1_mix1663,48,5,0,173,0,75.59
fold2_room1_mix1663,49,5,0,122,-1,8.45
fold2_room1_mix1663,49,5,0,171,0,70.00
fold2_room1_mix1663,50,5,0,112,-1,7.56
fold2_room1_mix1663,50,5,0,171,0,70.42
fold2_room1_mix1663,51,5,0,100,-2,7.68
fold2_room1_mix1663,51,5,0,170,0,69.75
fold2_room1_mix1663,52,5,0,77,-2,8.56
fold2_room1_mix1663,52,5,0,171,0,76.12
fold2_room1_mix1663,53,5,0,64,-2,8.64
fold2_room1_mix1663,53,5,0,170,0,69.65
fold2_room1_mix1663,54,5,0,58,-1,8.29
fold2_room1_mix1663,54,5,0,170,0,68.35
fold2_room1_mix1663,55,5,0,49,-1,9.51
fold2_room1_mix1663,55,5,0,171,0,69.46
fold2_room1_mix1663,56,5,0,40,-1,11.27
fold2_room1_mix1663,56,5,0,170,0,69.19
fold2_room1_mix1663,57,5,0,37,-1,11.39
fold2_room1_mix1663,57,5,0,170,0,59.65
fold2_room1_mix1663,58,5,0,34,-1,11.62
fold2_room1_mix1663,58,5,0,170,0,59.44
fold2_room1_mix1663,59,5,0,29,-1,14.36
fold2_room1_mix1663,59,5,0,169,0,61.36
fold2_room1_mix1663,60,5,0,29,-1,14.03
fold2_room1_mix1663,60,5,0,169,0,57.59
fold2_room1_mix1663,61,5,0,26,0,15.92
fold2_room1_mix1663,61,5,0,166,0,47.88
fold2_room1_mix1663,62,5,0,25,0,18.31
fold2_room1_mix1663,62,5,0,165,0,45.89
fold2_room1_mix1663,63,5,0,21,0,21.10
fold2_room1_mix1663,63,5,0,165,0,49.78
fold2_room1_mix1663,64,5,0,24,0,18.62
fold2_room1_mix1663,64,5,0,168,0,53.57
fold2_room1_mix1663,65,5,0,21,0,20.93
fold2_room1_mix1663,65,5,0,169,0,52.87
fold2_room1_mix1663,66,5,0,23,0,19.06
fold2_room1_mix1663,66,5,0,170,0,58.53
fold2_room1_mix1663,67,5,0,19,0,23.09
fold2_room1_mix1663,67,5,0,166,0,50.06
fold2_room1_mix1663,68,5,0,19,0,26.03
fold2_room1_mix1663,68,5,0,155,0,25.24
fold2_room1_mix1663,68,5,0,172,0,75.13
fold2_room1_mix1663,69,5,0,20,0,25.36
fold2_room1_mix1663,69,5,0,154,0,24.07
fold2_room1_mix1663,69,5,0,171,0,71.73
fold2_room1_mix1663,70,5,0,18,0,26.59
fold2_room1_mix1663,70,5,0,150,0,20.64
fold2_room1_mix1663,70,5,0,171,0,63.41
fold2_room1_mix1663,71,5,0,16,0,32.40
fold2_room1_mix1663,71,5,0,142,0,17.35
fold2_room1_mix1663,71,5,0,169,0,59.84
fold2_room1_mix1663,72,5,0,15,0,34.71
fold2_room1_mix1663,72,5,0,140,0,16.77
fold2_room1_mix1663,72,5,0,169,0,59.18
fold2_room1_mix1663,73,5,0,16,0,35.68
fold2_room1_mix1663,73,5,0,135,0,15.07
fold2_room1_mix1663,73,5,0,168,0,54.46
fold2_room1_mix1663,74,5,0,14,0,39.01
fold2_room1_mix1663,74,5,0,129,0,13.76
fold2_room1_mix1663,74,5,0,169,0,53.27
fold2_room1_mix1663,75,5,0,13,0,42.39
fold2_room1_mix1663,75,5,0,135,0,15.32
fold2_room1_mix1663,75,5,0,169,0,59.45
fold2_room1_mix1663,76,5,0,13,0,40.75
fold2_room1_mix1663,76,5,0,129,0,13.13
fold2_room1_mix1663,76,5,0,167,0,51.30
fold2_room1_mix1663,77,5,0,13,0,41.17
fold2_room1_mix1663,77,5,0,126,0,12.61
fold2_room1_mix1663,77,5,0,167,0,49.12
fold2_room1_mix1663,78,5,0,12,0,45.53
fold2_room1_mix1663,78,5,0,128,-1,13.64
fold2_room1_mix1663,78,5,0,168,0,54.10
fold2_room1_mix1663,79,5,0,12,0,41.65
fold2_room1_mix1663,79,5,0,111,-1,10.98
fold2_room1_mix1663,79,5,0,166,0,42.77
fold2_room1_mix1663,80,5,0,11,0,43.86
fold2_room1_mix1663,80,5,0,93,-1,10.87
fold2_room1_mix1663,80,5,0,164,0,39.56
fold2_room1_mix1663,81,5,0,11,0,42.68
fold2_room1_mix1663,81,5,0,78,-1,10.42
fold2_room1_mix1663,81,5,0,163,0,34.78
fold2_room1_mix1663,82,5,0,11,0,42.65
fold2_room1_mix1663,82,5,0,74,-1,10.40
fold2_room1_mix1663,82,5,0,161,0,34.11
fold2_room1_mix1663,83,5,0,10,0,53.03
fold2_room1_mix1663,83,5,0,61,-1,10.47
fold2_room1_mix1663,83,5,0,162,0,38.08
fold2_room1_mix1663,84,5,0,10,0,54.36
fold2_room1_mix1663,84,5,0,41,0,13.80
fold2_room1_mix1663,84,5,0,157,0,27.96
fold2_room1_mix1663,85,5,0,9,0,60.07
fold2_room1_mix1663,85,5,0,39,0,14.52
fold2_room1_mix1663,85,5,0,158,0,28.63
fold2_room1_mix1663,86,5,0,9,0,60.10
fold2_room1_mix1663,86,5,0,32,0,16.32
fold2_room1_mix1663,86,5,0,158,0,24.55
fold2_room1_mix1663,87,5,0,12,0,44.03
fold2_room1_mix1663,87,5,0,143,0,15.97
fold2_room1_mix1663,88,5,0,10,0,45.18
fold2_room1_mix1663,88,5,0,128,-1,10.86
fold2_room1_mix1663,89,5,0,11,0,39.70
fold2_room1_mix1663,89,5,0,131,-1,11.17
fold2_room1_mix1663,90,5,0,9,0,44.75
fold2_room1_mix1663,90,5,0,125,-1,10.18
fold2_room1_mix1663,91,5,0,10,0,47.29
fold2_room1_mix1663,91,5,0,111,-1,7.91
fold2_room1_mix1663,92,5,0,10,0,45.62
fold2_room1_mix1663,92,5,0,86,-1,7.52
fold2_room1_mix1663,93,5,0,10,0,48.95
fold2_room1_mix1663,93,5,0,66,-1,8.00
fold2_room1_mix1663,94,5,0,11,0,50.58
fold2_room1_mix1663,94,5,0,66,-1,8.46
fold2_room1_mix1663,95,5,0,10,0,51.73
fold2_room1_mix1663,95,5,0,54,-1,9.74
fold2_room1_mix1663,96,5,0,9,0,56.63
fold2_room1_mix1663,96,5,0,48,-1,11.29
fold2_room1_mix1663,97,5,0,10,0,54.69
fold2_room1_mix1663,97,5,0,43,-1,12.62
fold2_room1_mix1663,98,5,0,10,0,59.12
fold2_room1_mix1663,98,5,0,39,-1,14.65
fold2_room1_mix1663,99,5,0,10,0,59.66
fold2_room1_mix1663,99,5,0,34,-1,16.88
fold2_room1_mix1664,3,5,0,-7,2,4.57
fold2_room1_mix1664,4,5,0,-4,0,18.84
fold2_room1_mix1664,5,5,0,-3,0,28.29
fold2_room1_mix1664,6,5,0,-2,1,47.41
fold2_room1_mix1664,7,5,0,-2,0,68.17
fold2_room1_mix1664,8,5,0,-3,0,89.37
fold2_room1_mix1664,9,5,0,-2,0,91.20
fold2_room1_mix1664,10,5,0,-1,0,87.63
fold2_room1_mix1664,11,5,0,-2,0,84.38
fold2_room1_mix1664,12,5,0,-1,0,80.81
fold2_room1_mix1664,13,5,0,-1,0,82.62
fold2_room1_mix1664,14,5,0,0,0,82.33
fold2_room1_mix1664,15,5,0,-1,0,81.56
fold2_room1_mix1664,16,5,0,-2,0,87.71
fold2_room1_mix1664,17,5,0,-1,0,88.48
fold2_room1_mix1664,18,5,0,0,0,89.62
fold2_room1_mix1664,19,5,0,-1,0,92.88
fold2_room1_mix1664,20,5,0,-2,0,89.39
fold2_room1_mix1664,21,5,0,0,0,96.87
fold2_room1_mix1664,22,5,0,-2,0,95.37
fold2_room1_mix1664,23,5,0,-3,0,87.08
fold2_room1_mix1664,24,5,0,-2,0,90.30
fold2_room1_mix1664,25,5,0,-3,0,96.31
fold2_room1_mix1664,26,5,0,-4,0,91.58
fold2_room1_mix1664,27,5,0,-4,0,93.22
fold2_room1_mix1664,28,5,0,-2,0,97.46
fold2_room1_mix1664,29,5,0,-4,0,90.54
fold2_room1_mix1664,30,5,0,-4,0,89.56
fold2_room1_mix1664,31,5,0,-4,0,92.37
fold2_room1_mix1664,32,5,0,-5,0,91.83
fold2_room1_mix1664,33,5,0,-4,0,87.46
fold2_room1_mix1664,34,5,0,-5,0,90.15
fold2_room1_mix1664,35,5,0,-6,0,94.63
fold2_room1_mix1664,36,5,0,-6,0,86.96
fold2_room1_mix1664,37,5,0,-5,0,89.51
fold2_room1_mix1664,38,5,0,-5,0,83.54
fold2_room1_mix1664,39,5,0,-6,0,84.90
fold2_room1_mix1664,40,5,0,-6,0,87.48
fold2_room1_mix1664,41,5,0,-6,0,87.69
fold2_room1_mix1664,42,5,0,-7,0,81.47
fold2_room1_mix1664,43,5,0,-7,0,70.67
fold2_room1_mix1664,44,5,0,-7,0,70.29
fold2_room1_mix1664,45,5,0,-8,0,68.57
fold2_room1_mix1664,46,5,0,-7,0,69.78
fold2_room1_mix1664,47,5,0,-8,0,58.45
fold2_room1_mix1664,48,5,0,-3,0,81.13
fold2_room1_mix1664,48,5,0,-19,0,18.82
fold2_room1_mix1664,49,5,0,-8,0,60.87
fold2_room1_mix1664,50,5,0,-8,0,57.61
fold2_room1_mix1664,51,5,0,-8,0,59.87
fold2_room1_mix1664,52,5,0,-3,0,77.12
fold2_room1_mix1664,52,5,0,-19,0,18.92
fold2_room1_mix1664,53,5,0,-9,0,51.86
fold2_room1_mix1664,54,5,0,-3,0,75.39
fold2_room1_mix1664,54,5,0,-24,0,14.63
fold2_room1_mix1664,55,5,0,-4,0,70.39
fold2_room1_mix1664,55,5,0,-22,0,15.98
fold2_room1_mix1664,56,5,0,-4,0,65.78
fold2_room1_mix1664,56,5,0,-26,0,12.49
fold2_room1_mix1664,57,5,0,-4,0,66.77
fold2_room1_mix1664,57,5,0,-26,0,12.62
fold2_room1_mix1664,58,5,0,-4,0,62.92
fold2_room1_mix1664,58,5,0,-29,0,11.41
fold2_room1_mix1664,59,5,0,-4,0,60.68
fold2_room1_mix1664,59,5,0,-31,0,10.84
fold2_room1_mix1664,60,5,0,-6,1,60.11
fold2_room1_mix1664,60,5,0,-41,0,9.81
fold2_room1_mix1664,61,5,0,-6,1,59.19
fold2_room1_mix1664,61,5,0,-45,0,9.00
fold2_room1_mix1664,62,5,0,-9,1,53.07
fold2_room1_mix1664,62,5,0,-57,0,7.55
fold2_room1_mix1664,63,5,0,-7,1,56.99
fold2_room1_mix1664,63,5,0,-57,0,7.39
fold2_room1_mix1664,64,5,0,-6,1,60.63
fold2_room1_mix1664,64,5,0,-56,0,7.23
fold2_room1_mix1664,65,5,0,-8,1,58.70
fold2_room1_mix1664,65,5,0,-70,0,6.81
fold2_room1_mix1664,66,5,0,-8,1,64.96
fold2_room1_mix1664,66,5,0,-90,0,7.24
fold2_room1_mix1664,67,5,0,-8,0,64.11
fold2_room1_mix1664,67,5,0,-90,0,7.48
fold2_room1_mix1664,68,5,0,-9,1,65.06
fold2_room1_mix1664,68,5,0,-115,0,8.76
fold2_room1_mix1664,69,5,0,-11,1,57.52
fold2_room1_mix1664,69,5,0,-118,0,8.82
fold2_room1_mix1664,70,5,0,-9,0,62.86
fold2_room1_mix1664,70,5,0,-123,0,9.95
fold2_room1_mix1664,71,5,0,-11,1,53.78
fold2_room1_mix1664,71,5,0,-127,0,9.86
fold2_room1_mix1664,72,5,0,-11,0,50.73
fold2_room1_mix1664,72,5,0,-135,0,11.36
fold2_room1_mix1664,73,5,0,-11,0,51.92
fold2_room1_mix1664,73,5,0,-141,0,13.40
fold2_room1_mix1664,74,5,0,-11,0,50.87
fold2_room1_mix1664,74,5,0,-146,0,14.84
fold2_room1_mix1664,75,5,0,-11,0,56.30
fold2_room1_mix1664,75,5,0,-145,0,15.53
fold2_room1_mix1664,76,5,0,-10,0,56.75
fold2_room1_mix1664,76,5,0,-148,0,16.67
fold2_room1_mix1664,77,5,0,-11,0,50.83
fold2_room1_mix1664,77,5,0,-150,0,17.28
fold2_room1_mix1664,78,5,0,-11,0,49.19
fold2_room1_mix1664,78,5,0,-150,0,17.54
fold2_room1_mix1664,79,5,0,-12,0,49.23
fold2_room1_mix1664,79,5,0,-154,0,21.15
fold2_room1_mix1664,80,5,0,-11,0,47.09
fold2_room1_mix1664,80,5,0,-157,0,22.27
fold2_room1_mix1664,81,5,0,-14,0,43.32
fold2_room1_mix1664,81,5,0,-157,0,24.01
fold2_room1_mix1664,82,5,0,-14,0,40.66
fold2_room1_mix1664,82,5,0,-159,0,25.56
fold2_room1_mix1664,83,5,0,-8,0,54.01
fold2_room1_mix1664,83,5,0,-24,0,22.49
fold2_room1_mix1664,83,5,0,-159,0,26.62
fold2_room1_mix1664,84,5,0,-7,1,56.18
fold2_room1_mix1664,84,5,0,-23,0,21.69
fold2_room1_mix1664,84,5,0,-161,0,28.67
fold2_room1_mix1664,85,5,0,-8,1,55.99
fold2_room1_mix1664,85,5,0,-27,0,20.89
fold2_room1_mix1664,85,5,0,-161,0,32.08
fold2_room1_mix1664,86,5,0,-6,0,61.79
fold2_room1_mix1664,86,5,0,-22,0,23.09
fold2_room1_mix1664,86,5,0,-163,0,33.02
fold2_room1_mix1664,87,5,0,-7,0,54.69
fold2_room1_mix1664,87,5,0,-27,0,19.75
fold2_room1_mix1664,87,5,0,-161,0,32.19
fold2_room1_mix1664,88,5,0,-6,0,58.53
fold2_room1_mix1664,88,5,0,-25,0,21.20
fold2_room1_mix1664,88,5,0,-162,0,32.33
fold2_room1_mix1664,89,5,0,-6,0,61.25
fold2_room1_mix1664,89,5,0,-24,0,22.53
fold2_room1_mix1664,89,5,0,-162,0,34.91
fold2_room1_mix1664,90,5,0,-5,0,59.43
fold2_room1_mix1664,90,5,0,-23,0,20.84
fold2_room1_mix1664,90,5,0,-162,0,31.53
fold2_room1_mix1664,91,5,0,-8,0,45.97
fold2_room1_mix1664,91,5,0,-37,0,14.98
fold2_room1_mix1664,91,5,0,-164,0,36.74
fold2_room1_mix1664,92,5,0,-8,0,51.24
fold2_room1_mix1664,92,5,0,-36,0,15.50
fold2_room1_mix1664,92,5,0,-164,0,39.88
fold2_room1_mix1664,93,5,0,-11,0,38.89
fold2_room1_mix1664,93,5,0,-46,0,12.14
fold2_room1_mix1664,93,5,0,-164,0,37.94
fold2_room1_mix1664,94,5,0,-8,0,48.27
fold2_room1_mix1664,94,5,0,-36,0,14.88
fold2_room1_mix1664,94,5,0,-164,0,37.98
fold2_room1_mix1664,95,5,0,-15,0,30.79
fold2_room1_mix1664,95,5,0,-63,-1,10.59
fold2_room1_mix1664,95,5,0,-164,0,38.87
fold2_room1_mix1664,96,5,0,-12,0,37.62
fold2_room1_mix1664,96,5,0,-55,-1,11.54
fold2_room1_mix1664,96,5,0,-167,0,44.92
fold2_room1_mix1664,97,5,0,-12,0,39.03
fold2_room1_mix1664,97,5,0,-62,-1,11.07
fold2_room1_mix1664,97,5,0,-167,0,48.33
fold2_room1_mix1664,98,5,0,-9,0,46.95
fold2_room1_mix1664,98,5,0,-61,-1,11.36
fold2_room1_mix1664,98,5,0,-170,0,56.56
fold2_room1_mix1664,99,5,0,-12,0,41.49
fold2_room1_mix1664,99,5,0,-73,-1,12.13
fold2_room1_mix1664,99,5,0,-167,0,50.29
fold2_room1_mix1665,4,5,0,0,1,7.57
fold2_room1_mix1665,5,5,0,-1,1,25.37
fold2_room1_mix1665,6,5,0,0,0,38.15
fold2_room1_mix1665,7,5,0,0,0,50.17
fold2_room1_mix1665,8,5,0,-3,0,92.57
fold2_room1_mix1665,9,5,0,0,0,103.75
fold2_room1_mix1665,10,5,0,-2,0,98.70
fold2_room1_mix1665,11,5,0,-2,0,98.27
fold2_room1_mix1665,12,5,0,-1,0,90.61
fold2_room1_mix1665,13,5,0,-1,0,90.15
fold2_room1_mix1665,14,5,0,-2,0,90.02
fold2_room1_mix1665,15,5,0,-2,0,95.15
fold2_room1_mix1665,16,5,0,-3,0,95.14
fold2_room1_mix1665,17,5,0,-3,0,93.02
fold2_room1_mix1665,18,5,0,-2,0,95.22
fold2_room1_mix1665,19,5,0,-2,0,101.52
fold2_room1_mix1665,20,5,0,-3,0,97.50
fold2_room1_mix1665,21,5,0,-3,0,98.87
fold2_room1_mix1665,22,5,0,-2,0,100.08
fold2_room1_mix1665,23,5,0,-3,0,93.22
fold2_room1_mix1665,24,5,0,-3,0,95.31
fold2_room1_mix1665,25,5,0,-3,0,97.67
fold2_room1_mix1665,26,5,0,-3,0,91.42
fold2_room1_mix1665,27,5,0,-4,0,92.98
fold2_room1_mix1665,28,5,0,-4,0,96.30
fold2_room1_mix1665,29,5,0,-5,0,92.79
fold2_room1_mix1665,30,5,0,-5,0,89.76
fold2_room1_mix1665,31,5,0,-5,0,91.75
fold2_room1_mix1665,32,5,0,-6,0,88.93
fold2_room1_mix1665,33,5,0,-6,0,82.33
fold2_room1_mix1665,34,5,0,-6,0,86.02
fold2_room1_mix1665,35,5,0,-8,0,84.77
fold2_room1_mix1665,36,5,0,-7,0,78.40
fold2_room1_mix1665,37,5,0,-8,0,77.07
fold2_room1_mix1665,38,5,0,-8,0,75.79
fold2_room1_mix1665,39,5,0,-3,0,93.86
fold2_room1_mix1665,39,5,0,-20,0,19.30
fold2_room1_mix1665,40,5,0,-2,0,92.62
fold2_room1_mix1665,40,5,0,-21,0,18.39
fold2_room1_mix1665,41,5,0,-2,0,94.33
fold2_room1_mix1665,41,5,0,-23,0,16.76
fold2_room1_mix1665,42,5,0,-2,0,88.98
fold2_room1_mix1665,42,5,0,-25,0,15.15
fold2_room1_mix1665,43,5,0,-2,0,86.24
fold2_room1_mix1665,43,5,0,-31,0,13.22
fold2_room1_mix1665,44,5,0,-3,0,83.17
fold2_room1_mix1665,44,5,0,-39,0,11.18
fold2_room1_mix1665,45,5,0,-3,0,83.55
fold2_room1_mix1665,45,5,0,-44,0,10.21
fold2_room1_mix1665,46,5,0,-3,0,81.22
fold2_room1_mix1665,46,5,0,-52,0,8.62
fold2_room1_mix1665,47,5,0,-4,0,86.31
fold2_room1_mix1665,47,5,0,-65,-1,8.16
fold2_room1_mix1665,48,5,0,-5,0,83.00
fold2_room1_mix1665,48,5,0,-92,-1,7.53
fold2_room1_mix1665,49,5,0,-4,0,80.22
fold2_room1_mix1665,49,5,0,-119,-1,9.22
fold2_room1_mix1665,50,5,0,-4,0,80.52
fold2_room1_mix1665,50,5,0,-126,-1,10.15
fold2_room1_mix1665,51,5,0,-5,0,74.86
fold2_room1_mix1665,51,5,0,-133,-1,10.69
fold2_room1_mix1665,52,5,0,-6,0,68.60
fold2_room1_mix1665,52,5,0,-141,0,11.99
fold2_room1_mix1665,53,5,0,-5,0,64.62
fold2_room1_mix1665,53,5,0,-146,0,14.23
fold2_room1_mix1665,54,5,0,-6,0,58.20
fold2_room1_mix1665,54,5,0,-151,0,16.55
fold2_room1_mix1665,55,5,0,-7,0,59.50
fold2_room1_mix1665,55,5,0,-151,0,16.78
fold2_room1_mix1665,56,5,0,-7,0,60.76
fold2_room1_mix1665,56,5,0,-155,0,19.38
fold2_room1_mix1665,57,5,0,-8,0,53.31
fold2_room1_mix1665,57,5,0,-159,0,23.35
fold2_room1_mix1665,58,5,0,-8,0,52.19
fold2_room1_mix1665,58,5,0,-160,0,24.69
fold2_room1_mix1665,59,5,0,-11,0,49.88
fold2_room1_mix1665,59,5,0,-162,0,28.06
fold2_room1_mix1665,60,5,0,-8,0,53.66
fold2_room1_mix1665,60,5,0,-161,0,27.18
fold2_room1_mix1665,61,5,0,-11,0,50.21
fold2_room1_mix1665,61,5,0,-163,0,30.71
fold2_room1_mix1665,62,5,0,-4,0,73.67
fold2_room1_mix1665,62,5,0,-19,0,25.30
fold2_room1_mix1665,62,5,0,-165,0,34.95
fold2_room1_mix1665,63,5,0,-6,0,67.76
fold2_room1_mix1665,63,5,0,-21,0,24.05
fold2_room1_mix1665,63,5,0,-163,0,34.77
fold2_room1_mix1665,64,5,0,-12,0,46.47
fold2_room1_mix1665,64,5,0,-165,0,35.79
fold2_room1_mix1665,65,5,0,-6,0,66.63
fold2_room1_mix1665,65,5,0,-29,0,20.53
fold2_room1_mix1665,65,5,0,-166,0,41.56
fold2_room1_mix1665,66,5,0,-6,0,67.12
fold2_room1_mix1665,66,5,0,-32,0,19.15
fold2_room1_mix1665,66,5,0,-166,0,45.10
fold2_room1_mix1665,67,5,0,-7,0,54.84
fold2_room1_mix1665,67,5,0,-41,0,15.68
fold2_room1_mix1665,67,5,0,-167,0,46.00
fold2_room1_mix1665,68,5,0,-5,0,74.76
fold2_room1_mix1665,68,5,0,-23,0,23.24
fold2_room1_mix1665,68,5,0,-168,0,42.18
fold2_room1_mix1665,69,5,0,-5,0,68.40
fold2_room1_mix1665,69,5,0,-33,0,19.20
fold2_room1_mix1665,69,5,0,-168,0,49.82
fold2_room1_mix1665,70,5,0,-5,0,65.82
fold2_room1_mix1665,70,5,0,-33,0,18.31
fold2_room1_mix1665,70,5,0,-168,0,52.20
fold2_room1_mix1665,71,5,0,-5,0,67.52
fold2_room1_mix1665,71,5,0,-30,0,19.34
fold2_room1_mix1665,71,5,0,-169,0,50.07
fold2_room1_mix1665,72,5,0,-5,0,74.31
fold2_room1_mix1665,72,5,0,-32,0,19.33
fold2_room1_mix1665,72,5,0,-170,0,56.04
fold2_room1_mix1665,73,5,0,-5,0,71.28
fold2_room1_mix1665,73,5,0,-35,0,17.98
fold2_room1_mix1665,73,5,0,-169,0,57.32
fold2_room1_mix1665,74,5,0,-7,0,60.17
fold2_room1_mix1665,74,5,0,-41,0,15.26
fold2_room1_mix1665,74,5,0,-170,0,57.76
fold2_room1_mix1665,75,5,0,-8,0,59.51
fold2_room1_mix1665,75,5,0,-56,-1,13.73
fold2_room1_mix1665,75,5,0,-172,0,63.19
fold2_room1_mix1665,76,5,0,-7,0,64.13
fold2_room1_mix1665,76,5,0,-52,0,14.26
fold2_room1_mix1665,76,5,0,-172,0,66.34
fold2_room1_mix1665,77,5,0,-7,0,59.78
fold2_room1_mix1665,77,5,0,-57,-1,14.04
fold2_room1_mix1665,77,5,0,-171,0,63.64
fold2_room1_mix1665,78,5,0,-10,0,40.64
fold2_room1_mix1665,78,5,0,-123,0,12.54
fold2_room1_mix1665,78,5,0,-172,0,67.86
fold2_room1_mix1665,79,5,0,-7,0,58.02
fold2_room1_mix1665,79,5,0,-97,0,12.09
fold2_room1_mix1665,79,5,0,-173,0,72.35
fold2_room1_mix1665,80,5,0,-9,0,43.30
fold2_room1_mix1665,80,5,0,-113,-1,11.93
fold2_room1_mix1665,80,5,0,-173,0,68.65
fold2_room1_mix1665,81,5,0,-9,0,46.86
fold2_room1_mix1665,81,5,0,-111,-1,12.48
fold2_room1_mix1665,81,5,0,-173,0,72.26
fold2_room1_mix1665,82,5,0,-9,0,40.20
fold2_room1_mix1665,82,5,0,-134,0,14.38
fold2_room1_mix1665,82,5,0,-174,0,78.74
fold2_room1_mix1665,83,5,0,-10,0,39.70
fold2_room1_mix1665,83,5,0,-134,-1,14.30
fold2_room1_mix1665,83,5,0,-174,0,80.52
fold2_room1_mix1665,84,5,0,-10,0,37.27
fold2_room1_mix1665,84,5,0,-133,-1,13.95
fold2_room1_mix1665,84,5,0,-174,0,74.22
fold2_room1_mix1665,85,5,0,-7,0,50.77
fold2_room1_mix1665,85,5,0,-126,-1,13.87
fold2_room1_mix1665,85,5,0,-175,0,84.31
fold2_room1_mix1665,86,5,0,-9,0,39.90
fold2_room1_mix1665,86,5,0,-141,-1,16.72
fold2_room1_mix1665,86,5,0,-174,0,90.78
fold2_room1_mix1665,87,5,0,-9,0,44.51
fold2_room1_mix1665,87,5,0,-131,-1,15.01
fold2_room1_mix1665,87,5,0,-173,0,84.87
fold2_room1_mix1665,88,5,0,-9,0,37.15
fold2_room1_mix1665,88,5,0,-144,0,16.78
fold2_room1_mix1665,88,5,0,-176,0,89.63
fold2_room1_mix1665,89,5,0,-8,0,46.72
fold2_room1_mix1665,89,5,0,-133,0,14.31
fold2_room1_mix1665,89,5,0,-174,0,84.70
fold2_room1_mix1665,90,5,0,-9,0,36.15
fold2_room1_mix1665,90,5,0,-146,0,17.71
fold2_room1_mix1665,90,5,0,-176,0,92.23
fold2_room1_mix1665,91,5,0,-9,0,36.49
fold2_room1_mix1665,91,5,0,-150,0,19.47
fold2_room1_mix1665,91,5,0,-177,0,99.64
fold2_room1_mix1665,92,5,0,-36,0,14.57
fold2_room1_mix1665,92,5,0,-170,0,68.86
fold2_room1_mix1665,93,5,0,-14,0,25.45
fold2_room1_mix1665,93,5,0,-155,0,23.02
fold2_room1_mix1665,93,5,0,-175,0,97.13
fold2_room1_mix1665,94,5,0,-13,0,27.61
fold2_room1_mix1665,94,5,0,-156,0,23.98
fold2_room1_mix1665,94,5,0,-177,0,104.67
fold2_room1_mix1665,95,5,0,-23,0,21.98
fold2_room1_mix1665,95,5,0,-168,0,73.49
fold2_room1_mix1665,96,5,0,-34,-1,15.56
fold2_room1_mix1665,96,5,0,-170,0,74.43
fold2_room1_mix1665,97,5,0,-29,0,18.76
fold2_room1_mix1665,97,5,0,-170,0,75.83
fold2_room1_mix1665,98,5,0,-26,0,16.89
fold2_room1_mix1665,98,5,0,-170,0,75.78
fold2_room1_mix1665,99,5,0,-16,0,24.14
fold2_room1_mix1665,99,5,0,-162,0,29.82
fold2_room1_mix1665,99,5,0,-177,0,115.45
fold2_room1_mix1666,4,5,0,167,1,10.43
fold2_room1_mix1666,5,5,0,172,0,29.20
fold2_room1_mix1666,6,5,0,171,0,45.57
fold2_room1_mix1666,7,5,0,173,0,77.50
fold2_room1_mix1666,8,5,0,174,0,104.38
fold2_room1_mix1666,9,5,0,173,0,95.29
fold2_room1_mix1666,10,5,0,173,0,93.99
fold2_room1_mix1666,11,5,0,172,0,90.70
fold2_room1_mix1666,12,5,0,171,0,89.79
fold2_room1_mix1666,13,5,0,173,0,86.90
fold2_room1_mix1666,14,5,0,172,0,86.27
fold2_room1_mix1666,15,5,0,173,0,87.42
fold2_room1_mix1666,16,5,0,172,0,88.22
fold2_room1_mix1666,17,5,0,173,0,87.33
fold2_room1_mix1666,18,5,0,173,0,89.79
fold2_room1_mix1666,19,5,0,173,0,88.04
fold2_room1_mix1666,20,5,0,173,0,91.65
fold2_room1_mix1666,21,5,0,173,0,89.06
fold2_room1_mix1666,22,5,0,172,0,85.56
fold2_room1_mix1666,23,5,0,172,0,86.09
fold2_room1_mix1666,24,5,0,172,0,88.20
fold2_room1_mix1666,25,5,0,173,0,85.73
fold2_room1_mix1666,26,5,0,173,0,84.13
fold2_room1_mix1666,27,5,0,173,0,90.03
fold2_room1_mix1666,28,5,0,171,0,84.52
fold2_room1_mix1666,29,5,0,171,0,82.33
fold2_room1_mix1666,30,5,0,171,0,82.05
fold2_room1_mix1666,31,5,0,171,0,80.48
fold2_room1_mix1666,32,5,0,170,0,78.51
fold2_room1_mix1666,33,5,0,170,0,76.69
fold2_room1_mix1666,34,5,0,171,0,75.52
fold2_room1_mix1666,35,5,0,170,0,74.93
fold2_room1_mix1666,36,5,0,170,0,73.60
fold2_room1_mix1666,37,5,0,170,0,72.41
fold2_room1_mix1666,38,5,0,170,0,71.00
fold2_room1_mix1666,39,5,0,170,0,72.66
fold2_room1_mix1666,40,5,0,170,0,71.23
fold2_room1_mix1666,41,5,0,158,0,21.52
fold2_room1_mix1666,41,5,0,174,0,93.35
fold2_room1_mix1666,42,5,0,156,0,19.32
fold2_room1_mix1666,42,5,0,174,0,92.71
fold2_room1_mix1666,43,5,0,155,0,18.96
fold2_room1_mix1666,43,5,0,174,0,92.62
fold2_room1_mix1666,44,5,0,154,0,17.48
fold2_room1_mix1666,44,5,0,174,0,90.51
fold2_room1_mix1666,45,5,0,151,0,16.25
fold2_room1_mix1666,45,5,0,173,0,90.19
fold2_room1_mix1666,46,5,0,150,-1,15.40
fold2_room1_mix1666,46,5,0,174,0,91.99
fold2_room1_mix1666,47,5,0,147,-1,13.35
fold2_room1_mix1666,47,5,0,174,0,87.77
fold2_room1_mix1666,48,5,0,144,-1,12.29
fold2_room1_mix1666,48,5,0,174,0,85.49
fold2_room1_mix1666,49,5,0,139,-1,10.57
fold2_room1_mix1666,49,5,0,173,0,81.60
fold2_room1_mix1666,50,5,0,133,-1,9.18
fold2_room1_mix1666,50,5,0,173,0,78.04
fold2_room1_mix1666,51,5,0,127,-1,7.84
fold2_room1_mix1666,51,5,0,173,0,74.42
fold2_room1_mix1666,52,5,0,114,-2,6.90
fold2_room1_mix1666,52,5,0,173,0,75.05
fold2_room1_mix1666,53,5,0,108,-2,6.93
fold2_room1_mix1666,53,5,0,173,0,74.66
fold2_room1_mix1666,54,5,0,92,-2,5.93
fold2_room1_mix1666,54,5,0,173,0,73.25
fold2_room1_mix1666,55,5,0,91,-2,6.69
fold2_room1_mix1666,55,5,0,173,0,74.70
fold2_room1_mix1666,56,5,0,72,-2,6.33
fold2_room1_mix1666,56,5,0,173,0,74.47
fold2_room1_mix1666,57,5,0,65,-2,6.91
fold2_room1_mix1666,57,5,0,172,0,73.76
fold2_room1_mix1666,58,5,0,59,-2,7.42
fold2_room1_mix1666,58,5,0,172,0,74.73
fold2_room1_mix1666,59,5,0,50,-1,8.38
fold2_room1_mix1666,59,5,0,172,0,75.43
fold2_room1_mix1666,60,5,0,48,-1,8.45
fold2_room1_mix1666,60,5,0,172,0,75.06
fold2_room1_mix1666,61,5,0,46,-1,9.29
fold2_room1_mix1666,61,5,0,172,0,75.16
fold2_room1_mix1666,62,5,0,40,-1,10.22
fold2_room1_mix1666,62,5,0,172,0,70.63
fold2_room1_mix1666,63,5,0,38,-1,10.64
fold2_room1_mix1666,63,5,0,172,0,71.25
fold2_room1_mix1666,64,5,0,37,-1,11.92
fold2_room1_mix1666,64,5,0,171,0,72.21
fold2_room1_mix1666,65,5,0,31,-1,13.35
fold2_room1_mix1666,65,5,0,170,0,64.65
fold2_room1_mix1666,66,5,0,30,-1,14.84
fold2_room1_mix1666,66,5,0,169,0,64.51
fold2_room1_mix1666,67,5,0,26,-1,16.05
fold2_room1_mix1666,67,5,0,169,0,59.73
fold2_room1_mix1666,68,5,0,24,0,16.39
fold2_room1_mix1666,68,5,0,167,0,50.44
fold2_room1_mix1666,69,5,0,22,0,19.40
fold2_room1_mix1666,69,5,0,166,0,47.88
fold2_room1_mix1666,70,5,0,23,0,17.74
fold2_room1_mix1666,70,5,0,165,0,46.38
fold2_room1_mix1666,71,5,0,19,0,22.18
fold2_room1_mix1666,71,5,0,165,0,44.32
fold2_room1_mix1666,72,5,0,17,0,24.86
fold2_room1_mix1666,72,5,0,165,0,48.94
fold2_room1_mix1666,73,5,0,17,0,26.70
fold2_room1_mix1666,73,5,0,153,0,23.04
fold2_room1_mix1666,73,5,0,171,0,64.70
fold2_room1_mix1666,74,5,0,16,0,27.37
fold2_room1_mix1666,74,5,0,151,0,21.12
fold2_room1_mix1666,74,5,0,171,0,61.24
fold2_room1_mix1666,75,5,0,17,0,26.92
fold2_room1_mix1666,75,5,0,155,0,24.97
fold2_room1_mix1666,75,5,0,173,0,72.19
fold2_room1_mix1666,76,5,0,15,0,27.17
fold2_room1_mix1666,76,5,0,156,0,23.09
fold2_room1_mix1666,76,5,0,173,0,69.64
fold2_room1_mix1666,77,5,0,16,0,26.81
fold2_room1_mix1666,77,5,0,157,0,25.19
fold2_room1_mix1666,77,5,0,173,0,74.71
fold2_room1_mix1666,78,5,0,16,0,27.66
fold2_room1_mix1666,78,5,0,158,0,25.36
fold2_room1_mix1666,78,5,0,173,0,76.55
fold2_room1_mix1666,79,5,0,15,0,29.61
fold2_room1_mix1666,79,5,0,158,0,25.52
fold2_room1_mix1666,79,5,0,173,0,78.89
fold2_room1_mix1666,80,5,0,15,0,26.72
fold2_room1_mix1666,80,5,0,157,0,23.48
fold2_room1_mix1666,80,5,0,172,0,70.95
fold2_room1_mix1666,81,5,0,15,0,29.90
fold2_room1_mix1666,81,5,0,153,0,22.69
fold2_room1_mix1666,81,5,0,171,0,70.62
fold2_room1_mix1666,82,5,0,13,0,32.63
fold2_room1_mix1666,82,5,0,150,0,19.49
fold2_room1_mix1666,82,5,0,171,0,65.72
fold2_room1_mix1666,83,5,0,13,0,34.19
fold2_room1_mix1666,83,5,0,147,0,18.21
fold2_room1_mix1666,83,5,0,171,0,65.89
fold2_room1_mix1666,84,5,0,12,0,38.48
fold2_room1_mix1666,84,5,0,129,0,12.07
fold2_room1_mix1666,84,5,0,167,0,48.16
fold2_room1_mix1666,85,5,0,13,0,42.16
fold2_room1_mix1666,85,5,0,134,0,14.81
fold2_room1_mix1666,85,5,0,168,0,58.29
fold2_room1_mix1666,86,5,0,11,0,40.65
fold2_room1_mix1666,86,5,0,118,0,11.51
fold2_room1_mix1666,86,5,0,167,0,45.31
fold2_room1_mix1666,87,5,0,13,0,43.50
fold2_room1_mix1666,87,5,0,124,-1,12.96
fold2_room1_mix1666,87,5,0,167,0,52.63
fold2_room1_mix1666,88,5,0,12,0,47.48
fold2_room1_mix1666,88,5,0,118,0,12.56
fold2_room1_mix1666,88,5,0,167,0,52.54
fold2_room1_mix1666,89,5,0,13,0,44.39
fold2_room1_mix1666,89,5,0,120,-1,12.58
fold2_room1_mix1666,89,5,0,166,0,49.33
fold2_room1_mix1666,90,5,0,11,0,48.54
fold2_room1_mix1666,90,5,0,105,-1,11.35
fold2_room1_mix1666,90,5,0,167,0,48.07
fold2_room1_mix1666,91,5,0,12,0,48.06
fold2_room1_mix1666,91,5,0,132,0,14.86
fold2_room1_mix1666,91,5,0,169,0,61.05
fold2_room1_mix1666,92,5,0,12,0,44.95
fold2_room1_mix1666,92,5,0,136,0,15.08
fold2_room1_mix1666,92,5,0,169,0,60.48
fold2_room1_mix1666,93,5,0,12,0,42.97
fold2_room1_mix1666,93,5,0,142,0,16.25
fold2_room1_mix1666,93,5,0,170,0,64.70
fold2_room1_mix1666,94,5,0,11,0,43.75
fold2_room1_mix1666,94,5,0,140,0,15.20
fold2_room1_mix1666,94,5,0,170,0,62.29
fold2_room1_mix1666,95,5,0,9,0,49.32
fold2_room1_mix1666,95,5,0,130,-1,13.06
fold2_room1_mix1666,95,5,0,169,0,57.37
fold2_room1_mix1666,96,5,0,9,0,55.91
fold2_room1_mix1666,96,5,0,117,-1,11.87
fold2_room1_mix1666,96,5,0,169,0,56.56
fold2_room1_mix1666,97,5,0,9,0,54.15
fold2_room1_mix1666,97,5,0,72,-1,11.50
fold2_room1_mix1666,97,5,0,165,0,39.59
fold2_room1_mix1666,98,5,0,9,0,60.58
fold2_room1_mix1666,98,5,0,92,-1,10.80
fold2_room1_mix1666,98,5,0,167,0,51.78
fold2_room1_mix1666,99,5,0,9,0,61.35
fold2_room1_mix1666,99,5,0,77,-1,10.61
fold2_room1_mix1666,99,5,0,167,0,49.99
fold2_room1_mix1667,4,5,0,-1,1,7.50
fold2_room1_mix1667,5,5,0,3,1,24.67
fold2_room1_mix1667,6,5,0,6,1,36.26
fold2_room1_mix1667,7,5,0,2,0,61.56
fold2_room1_mix1667,8,5,0,-1,0,77.37
fold2_room1_mix1667,9,5,0,5,0,101.31
fold2_room1_mix1667,10,5,0,4,0,98.49
fold2_room1_mix1667,11,5,0,5,0,87.03
fold2_room1_mix1667,12,5,0,4,0,86.68
fold2_room1_mix1667,13,5,0,4,0,88.79
fold2_room1_mix1667,14,5,0,5,0,86.59
fold2_room1_mix1667,15,5,0,5,0,89.75
fold2_room1_mix1667,16,5,0,3,0,91.19
fold2_room1_mix1667,17,5,0,4,0,91.49
fold2_room1_mix1667,18,5,0,6,0,96.48
fold2_room1_mix1667,19,5,0,6,0,101.04
fold2_room1_mix1667,20,5,0,5,0,96.03
fold2_room1_mix1667,21,5,0,5,0,95.19
fold2_room1_mix1667,22,5,0,6,0,105.65
fold2_room1_mix1667,23,5,0,5,0,91.49
fold2_room1_mix1667,24,5,0,4,0,92.56
fold2_room1_mix1667,25,5,0,6,0,103.48
fold2_room1_mix1667,26,5,0,5,0,93.87
fold2_room1_mix1667,27,5,0,5,0,98.45
fold2_room1_mix1667,28,5,0,4,0,101.36
fold2_room1_mix1667,29,5,0,4,0,98.36
fold2_room1_mix1667,30,5,0,5,0,89.58
fold2_room1_mix1667,31,5,0,5,0,91.96
fold2_room1_mix1667,32,5,0,5,0,88.67
fold2_room1_mix1667,33,5,0,5,0,90.15
fold2_room1_mix1667,34,5,0,5,0,88.69
fold2_room1_mix1667,35,5,0,5,0,92.92
fold2_room1_mix1667,36,5,0,7,0,86.71
fold2_room1_mix1667,37,5,0,6,0,84.63
fold2_room1_mix1667,38,5,0,8,0,89.06
fold2_room1_mix1667,39,5,0,6,0,83.82
fold2_room1_mix1667,40,5,0,8,0,79.14
fold2_room1_mix1667,41,5,0,9,0,69.60
fold2_room1_mix1667,42,5,0,8,0,62.21
fold2_room1_mix1667,43,5,0,9,0,59.70
fold2_room1_mix1667,44,5,0,8,0,59.87
fold2_room1_mix1667,45,5,0,9,0,59.65
fold2_room1_mix1667,46,5,0,10,0,58.24
fold2_room1_mix1667,47,5,0,9,0,58.52
fold2_room1_mix1667,48,5,0,9,0,60.25
fold2_room1_mix1667,49,5,0,9,0,57.72
fold2_room1_mix1667,50,5,0,10,0,57.53
fold2_room1_mix1667,51,5,0,11,0,54.24
fold2_room1_mix1667,52,5,0,6,0,69.25
fold2_room1_mix1667,52,5,0,23,0,17.57
fold2_room1_mix1667,53,5,0,6,0,71.63
fold2_room1_mix1667,53,5,0,26,0,17.00
fold2_room1_mix1667,54,5,0,7,0,70.66
fold2_room1_mix1667,54,5,0,26,0,16.44
fold2_room1_mix1667,55,5,0,6,0,71.51
fold2_room1_mix1667,55,5,0,27,0,15.42
fold2_room1_mix1667,56,5,0,6,0,67.92
fold2_room1_mix1667,56,5,0,30,0,14.40
fold2_room1_mix1667,57,5,0,6,0,69.51
fold2_room1_mix1667,57,5,0,32,0,13.06
fold2_room1_mix1667,58,5,0,6,0,64.66
fold2_room1_mix1667,58,5,0,31,0,12.14
fold2_room1_mix1667,59,5,0,7,0,61.13
fold2_room1_mix1667,59,5,0,38,0,10.91
fold2_room1_mix1667,60,5,0,7,0,62.70
fold2_room1_mix1667,60,5,0,45,-1,9.50
fold2_room1_mix1667,61,5,0,8,0,57.17
fold2_room1_mix1667,61,5,0,56,-1,7.67
fold2_room1_mix1667,62,5,0,7,0,54.78
fold2_room1_mix1667,62,5,0,57,-1,7.29
fold2_room1_mix1667,63,5,0,8,0,54.40
fold2_room1_mix1667,63,5,0,68,-1,6.71
fold2_room1_mix1667,64,5,0,8,0,55.44
fold2_room1_mix1667,64,5,0,84,-1,7.01
fold2_room1_mix1667,65,5,0,9,0,52.43
fold2_room1_mix1667,65,5,0,94,-1,7.08
fold2_room1_mix1667,66,5,0,9,0,52.56
fold2_room1_mix1667,66,5,0,104,-1,6.82
fold2_room1_mix1667,67,5,0,9,0,53.02
fold2_room1_mix1667,67,5,0,115,-1,7.36
fold2_room1_mix1667,68,5,0,9,0,52.52
fold2_room1_mix1667,68,5,0,127,-1,8.71
fold2_room1_mix1667,69,5,0,9,0,50.72
fold2_room1_mix1667,69,5,0,129,-1,8.93
fold2_room1_mix1667,70,5,0,9,0,51.01
fold2_room1_mix1667,70,5,0,137,-1,10.90
fold2_room1_mix1667,71,5,0,9,0,48.79
fold2_room1_mix1667,71,5,0,142,0,11.71
fold2_room1_mix1667,72,5,0,9,0,46.83
fold2_room1_mix1667,72,5,0,140,0,11.55
fold2_room1_mix1667,73,5,0,9,0,47.44
fold2_room1_mix1667,73,5,0,150,0,15.47
fold2_room1_mix1667,74,5,0,9,0,45.21
fold2_room1_mix1667,74,5,0,149,0,14.38
fold2_room1_mix1667,75,5,0,10,0,41.06
fold2_room1_mix1667,75,5,0,154,0,17.08
fold2_room1_mix1667,76,5,0,10,0,45.87
fold2_room1_mix1667,76,5,0,155,0,19.68
fold2_room1_mix1667,77,5,0,10,0,44.72
fold2_room1_mix1667,77,5,0,154,0,18.54
fold2_room1_mix1667,78,5,0,11,0,40.19
fold2_room1_mix1667,78,5,0,155,0,19.63
fold2_room1_mix1667,79,5,0,11,0,42.70
fold2_room1_mix1667,79,5,0,157,0,20.86
fold2_room1_mix1667,80,5,0,11,0,45.79
fold2_room1_mix1667,80,5,0,158,0,22.18
fold2_room1_mix1667,81,5,0,11,0,45.04
fold2_room1_mix1667,81,5,0,159,0,23.99
fold2_room1_mix1667,82,5,0,11,0,49.51
fold2_room1_mix1667,82,5,0,160,0,25.08
fold2_room1_mix1667,83,5,0,11,0,50.26
fold2_room1_mix1667,83,5,0,162,0,27.05
fold2_room1_mix1667,84,5,0,11,0,49.90
fold2_room1_mix1667,84,5,0,164,0,31.16
fold2_room1_mix1667,85,5,0,14,0,45.22
fold2_room1_mix1667,85,5,0,165,0,33.58
fold2_room1_mix1667,86,5,0,8,0,57.29
fold2_room1_mix1667,86,5,0,26,0,19.21
fold2_room1_mix1667,86,5,0,167,0,36.38
fold2_room1_mix1667,87,5,0,9,0,37.86
fold2_room1_mix1667,87,5,0,38,0,12.96
fold2_room1_mix1667,87,5,0,169,0,34.75
fold2_room1_mix1667,88,5,0,11,0,32.00
fold2_room1_mix1667,88,5,0,50,0,11.72
fold2_room1_mix1667,88,5,0,170,0,36.36
fold2_room1_mix1667,89,5,0,8,0,52.21
fold2_room1_mix1667,89,5,0,33,0,15.68
fold2_room1_mix1667,89,5,0,170,0,45.34
fold2_room1_mix1667,90,5,0,8,0,46.29
fold2_room1_mix1667,90,5,0,42,0,13.27
fold2_room1_mix1667,90,5,0,170,0,45.80
fold2_room1_mix1667,91,5,0,10,0,43.78
fold2_room1_mix1667,91,5,0,53,0,11.79
fold2_room1_mix1667,91,5,0,169,0,46.49
fold2_room1_mix1667,92,5,0,14,0,31.93
fold2_room1_mix1667,92,5,0,100,0,9.76
fold2_room1_mix1667,92,5,0,170,0,47.61
fold2_room1_mix1667,93,5,0,10,0,38.92
fold2_room1_mix1667,93,5,0,79,0,10.88
fold2_room1_mix1667,93,5,0,169,0,47.67
fold2_room1_mix1667,94,5,0,10,0,41.76
fold2_room1_mix1667,94,5,0,78,0,10.76
fold2_room1_mix1667,94,5,0,169,0,48.63
fold2_room1_mix1667,95,5,0,9,0,46.90
fold2_room1_mix1667,95,5,0,79,0,11.87
fold2_room1_mix1667,95,5,0,170,0,53.27
fold2_room1_mix1667,96,5,0,9,0,49.07
fold2_room1_mix1667,96,5,0,77,0,12.38
fold2_room1_mix1667,96,5,0,170,0,53.30
fold2_room1_mix1667,97,5,0,9,0,44.94
fold2_room1_mix1667,97,5,0,84,0,11.38
fold2_room1_mix1667,97,5,0,170,0,53.77
fold2_room1_mix1667,98,5,0,8,0,49.40
fold2_room1_mix1667,98,5,0,67,0,12.86
fold2_room1_mix1667,98,5,0,171,0,55.16
fold2_room1_mix1667,99,5,0,12,0,34.83
fold2_room1_mix1667,99,5,0,106,-1,11.77
fold2_room1_mix1667,99,5,0,172,0,54.91
fold2_room1_mix1668,3,5,0,10,1,5.53
fold2_room1_mix1668,4,5,0,8,0,25.25
fold2_room1_mix1668,5,5,0,9,0,37.83
fold2_room1_mix1668,6,5,0,6,0,51.51
fold2_room1_mix1668,7,5,0,6,0,74.41
fold2_room1_mix1668,8,5,0,8,0,90.93
fold2_room1_mix1668,9,5,0,9,0,78.61
fold2_room1_mix1668,10,5,0,7,0,74.50
fold2_room1_mix1668,11,5,0,8,0,68.90
fold2_room1_mix1668,12,5,0,8,0,71.65
fold2_room1_mix1668,13,5,0,8,0,68.13
fold2_room1_mix1668,14,5,0,8,0,72.70
fold2_room1_mix1668,15,5,0,8,0,69.81
fold2_room1_mix1668,16,5,0,7,0,70.33
fold2_room1_mix1668,17,5,0,8,0,68.86
fold2_room1_mix1668,18,5,0,10,0,70.38
fold2_room1_mix1668,19,5,0,8,0,69.67
fold2_room1_mix1668,20,5,0,9,0,70.22
fold2_room1_mix1668,21,5,0,9,0,69.00
fold2_room1_mix1668,22,5,0,10,0,64.00
fold2_room1_mix1668,23,5,0,10,0,63.51
fold2_room1_mix1668,24,5,0,10,0,66.86
fold2_room1_mix1668,25,5,0,10,0,64.34
fold2_room1_mix1668,26,5,0,10,0,63.03
fold2_room1_mix1668,27,5,0,11,0,64.42
fold2_room1_mix1668,28,5,0,6,0,78.63
fold2_room1_mix1668,28,5,0,23,0,21.39
fold2_room1_mix1668,29,5,0,6,0,76.20
fold2_room1_mix1668,29,5,0,23,0,20.81
fold2_room1_mix1668,30,5,0,5,0,78.34
fold2_room1_mix1668,30,5,0,24,0,19.59
fold2_room1_mix1668,31,5,0,6,0,75.30
fold2_room1_mix1668,31,5,0,25,0,20.07
fold2_room1_mix1668,32,5,0,6,0,76.80
fold2_room1_mix1668,32,5,0,26,0,18.93
fold2_room1_mix1668,33,5,0,6,0,74.40
fold2_room1_mix1668,33,5,0,27,0,17.27
fold2_room1_mix1668,34,5,0,6,0,74.23
fold2_room1_mix1668,34,5,0,28,0,16.95
fold2_room1_mix1668,35,5,0,6,0,76.67
fold2_room1_mix1668,35,5,0,33,0,14.91
fold2_room1_mix1668,36,5,0,6,0,69.24
fold2_room1_mix1668,36,5,0,35,0,12.86
fold2_room1_mix1668,37,5,0,7,0,67.94
fold2_room1_mix1668,37,5,0,40,0,11.55
fold2_room1_mix1668,38,5,0,7,0,65.06
fold2_room1_mix1668,38,5,0,43,0,10.66
fold2_room1_mix1668,39,5,0,7,0,62.86
fold2_room1_mix1668,39,5,0,48,-1,9.48
fold2_room1_mix1668,40,5,0,8,0,64.84
fold2_room1_mix1668,40,5,0,53,-1,9.13
fold2_room1_mix1668,41,5,0,7,0,62.75
fold2_room1_mix1668,41,5,0,62,-1,7.76
fold2_room1_mix1668,42,5,0,7,0,62.45
fold2_room1_mix1668,42,5,0,69,-1,7.57
fold2_room1_mix1668,43,5,0,8,0,64.75
fold2_room1_mix1668,43,5,0,80,-1,7.92
fold2_room1_mix1668,44,5,0,8,0,60.40
fold2_room1_mix1668,44,5,0,89,-1,7.38
fold2_room1_mix1668,45,5,0,9,0,60.95
fold2_room1_mix1668,45,5,0,101,-1,7.60
fold2_room1_mix1668,46,5,0,8,0,61.04
fold2_room1_mix1668,46,5,0,111,-1,7.96
fold2_room1_mix1668,47,5,0,9,0,59.96
fold2_room1_mix1668,47,5,0,121,-1,8.71
fold2_room1_mix1668,48,5,0,8,0,58.15
fold2_room1_mix1668,48,5,0,128,-1,9.83
fold2_room1_mix1668,49,5,0,8,0,57.87
fold2_room1_mix1668,49,5,0,134,-1,10.53
fold2_room1_mix1668,50,5,0,9,0,53.62
fold2_room1_mix1668,50,5,0,140,0,11.63
fold2_room1_mix1668,51,5,0,9,0,53.20
fold2_room1_mix1668,51,5,0,143,0,12.24
fold2_room1_mix1668,52,5,0,9,0,50.89
fold2_room1_mix1668,52,5,0,147,0,13.48
fold2_room1_mix1668,53,5,0,9,0,52.73
fold2_room1_mix1668,53,5,0,150,0,15.31
fold2_room1_mix1668,54,5,0,9,0,51.83
fold2_room1_mix1668,54,5,0,153,0,16.82
fold2_room1_mix1668,55,5,0,9,0,48.18
fold2_room1_mix1668,55,5,0,155,0,18.58
fold2_room1_mix1668,56,5,0,11,0,51.10
fold2_room1_mix1668,56,5,0,155,0,20.23
fold2_room1_mix1668,57,5,0,11,0,42.88
fold2_room1_mix1668,57,5,0,157,0,21.32
fold2_room1_mix1668,58,5,0,12,0,41.66
fold2_room1_mix1668,58,5,0,159,0,24.55
fold2_room1_mix1668,59,5,0,13,0,39.13
fold2_room1_mix1668,59,5,0,161,0,26.25
fold2_room1_mix1668,60,5,0,12,0,43.90
fold2_room1_mix1668,60,5,0,161,0,26.00
fold2_room1_mix1668,61,5,0,14,0,37.70
fold2_room1_mix1668,61,5,0,163,0,29.00
fold2_room1_mix1668,62,5,0,12,0,44.52
fold2_room1_mix1668,62,5,0,162,0,27.37
fold2_room1_mix1668,63,5,0,13,0,41.30
fold2_room1_mix1668,63,5,0,164,0,29.36
fold2_room1_mix1668,64,5,0,9,0,51.41
fold2_room1_mix1668,64,5,0,25,0,19.57
fold2_room1_mix1668,64,5,0,164,0,31.68
fold2_room1_mix1668,65,5,0,11,0,37.65
fold2_room1_mix1668,65,5,0,37,0,13.82
fold2_room1_mix1668,65,5,0,166,0,32.30
fold2_room1_mix1668,66,5,0,14,0,28.99
fold2_room1_mix1668,66,5,0,53,-1,10.75
fold2_room1_mix1668,66,5,0,169,0,32.99
fold2_room1_mix1668,67,5,0,12,0,35.54
fold2_room1_mix1668,67,5,0,43,0,12.06
fold2_room1_mix1668,67,5,0,167,0,34.53
fold2_room1_mix1668,68,5,0,11,0,38.53
fold2_room1_mix1668,68,5,0,44,0,12.45
fold2_room1_mix1668,68,5,0,168,0,38.81
fold2_room1_mix1668,69,5,0,14,0,29.43
fold2_room1_mix1668,69,5,0,78,-1,9.58
fold2_room1_mix1668,69,5,0,169,0,38.44
fold2_room1_mix1668,70,5,0,13,0,34.30
fold2_room1_mix1668,70,5,0,57,0,10.51
fold2_room1_mix1668,70,5,0,168,0,40.78
fold2_room1_mix1668,71,5,0,14,0,30.79
fold2_room1_mix1668,71,5,0,74,0,9.38
fold2_room1_mix1668,71,5,0,168,0,40.21
fold2_room1_mix1668,72,5,0,17,0,30.08
fold2_room1_mix1668,72,5,0,107,-1,10.75
fold2_room1_mix1668,72,5,0,168,0,46.24
fold2_room1_mix1668,73,5,0,20,0,23.34
fold2_room1_mix1668,73,5,0,120,0,10.69
fold2_room1_mix1668,73,5,0,168,0,41.95
fold2_room1_mix1668,74,5,0,17,0,28.33
fold2_room1_mix1668,74,5,0,111,0,10.48
fold2_room1_mix1668,74,5,0,168,0,44.35
fold2_room1_mix1668,75,5,0,22,0,23.14
fold2_room1_mix1668,75,5,0,128,0,12.73
fold2_room1_mix1668,75,5,0,167,0,46.45
fold2_room1_mix1668,76,5,0,20,0,22.50
fold2_room1_mix1668,76,5,0,124,0,11.73
fold2_room1_mix1668,76,5,0,168,0,43.53
fold2_room1_mix1668,77,5,0,21,0,20.05
fold2_room1_mix1668,77,5,0,136,0,13.33
fold2_room1_mix1668,77,5,0,170,0,46.93
fold2_room1_mix1668,78,5,0,36,0,12.84
fold2_room1_mix1668,78,5,0,148,0,16.16
fold2_room1_mix1668,78,5,0,172,0,52.10
fold2_room1_mix1668,79,5,0,46,-1,8.98
fold2_room1_mix1668,79,5,0,153,0,17.48
fold2_room1_mix1668,79,5,0,173,0,52.40
fold2_room1_mix1668,80,5,0,56,-1,8.81
fold2_room1_mix1668,80,5,0,156,0,19.63
fold2_room1_mix1668,80,5,0,173,0,56.65
fold2_room1_mix1668,81,5,0,80,-1,7.64
fold2_room1_mix1668,81,5,0,167,0,41.81
fold2_room1_mix1668,82,5,0,87,-1,8.04
fold2_room1_mix1668,82,5,0,167,0,43.52
fold2_room1_mix1668,83,5,0,79,-1,7.39
fold2_room1_mix1668,83,5,0,166,0,43.95
fold2_room1_mix1668,84,5,0,95,-1,7.73
fold2_room1_mix1668,84,5,0,167,0,44.87
fold2_room1_mix1668,85,5,0,86,-1,8.20
fold2_room1_mix1668,85,5,0,167,0,48.14
fold2_room1_mix1668,86,5,0,99,-1,8.29
fold2_room1_mix1668,86,5,0,165,0,46.45
fold2_room1_mix1668,87,5,0,110,-1,8.44
fold2_room1_mix1668,87,5,0,167,0,48.84
fold2_room1_mix1668,88,5,0,123,-1,10.18
fold2_room1_mix1668,88,5,0,166,0,52.40
fold2_room1_mix1668,89,5,0,130,-1,10.42
fold2_room1_mix1668,89,5,0,166,0,48.88
fold2_room1_mix1668,90,5,0,131,-1,10.63
fold2_room1_mix1668,90,5,0,166,0,48.05
fold2_room1_mix1668,91,5,0,138,-1,12.29
fold2_room1_mix1668,91,5,0,167,0,53.87
fold2_room1_mix1668,92,5,0,140,-1,12.75
fold2_room1_mix1668,92,5,0,167,0,53.82
fold2_room1_mix1668,93,5,0,144,0,14.55
fold2_room1_mix1668,93,5,0,167,0,57.00
fold2_room1_mix1668,94,5,0,147,0,16.21
fold2_room1_mix1668,94,5,0,167,0,58.15
fold2_room1_mix1668,95,5,0,148,0,17.66
fold2_room1_mix1668,95,5,0,168,0,61.95
fold2_room1_mix1668,96,5,0,150,0,18.48
fold2_room1_mix1668,96,5,0,168,0,61.68
fold2_room1_mix1668,97,5,0,163,0,46.72
fold2_room1_mix1668,98,5,0,163,0,47.83
fold2_room1_mix1668,99,5,0,163,0,47.60
fold2_room1_mix1669,5,5,0,-176,0,25.01
fold2_room1_mix1669,6,5,0,-178,0,41.77
fold2_room1_mix1669,7,5,0,-178,0,70.13
fold2_room1_mix1669,8,5,0,-178,0,97.99
fold2_room1_mix1669,9,5,0,-179,0,101.00
fold2_room1_mix1669,10,5,0,179,0,99.02
fold2_room1_mix1669,11,5,0,-179,0,98.21
fold2_room1_mix1669,12,5,0,179,0,96.21
fold2_room1_mix1669,13,5,0,-178,0,94.31
fold2_room1_mix1669,14,5,0,179,0,92.06
fold2_room1_mix1669,15,5,0,-179,0,91.82
fold2_room1_mix1669,16,5,0,-179,0,87.67
fold2_room1_mix1669,17,5,0,-179,0,91.23
fold2_room1_mix1669,18,5,0,-179,0,90.00
fold2_room1_mix1669,19,5,0,-179,0,82.81
fold2_room1_mix1669,20,5,0,-178,0,86.71
fold2_room1_mix1669,21,5,0,-178,0,83.18
fold2_room1_mix1669,22,5,0,-178,0,74.98
fold2_room1_mix1669,23,5,0,-177,0,74.84
fold2_room1_mix1669,24,5,0,-177,0,76.93
fold2_room1_mix1669,25,5,0,-177,0,76.14
fold2_room1_mix1669,26,5,0,-177,0,76.69
fold2_room1_mix1669,27,5,0,-177,0,79.19
fold2_room1_mix1669,28,5,0,-177,0,78.41
fold2_room1_mix1669,29,5,0,-177,0,76.27
fold2_room1_mix1669,30,5,0,-175,0,75.01
fold2_room1_mix1669,31,5,0,-174,0,76.40
fold2_room1_mix1669,32,5,0,-174,0,75.57
fold2_room1_mix1669,33,5,0,-173,0,74.95
fold2_room1_mix1669,34,5,0,-173,0,74.91
fold2_room1_mix1669,35,5,0,-172,0,73.03
fold2_room1_mix1669,36,5,0,-171,0,69.85
fold2_room1_mix1669,37,5,0,-171,0,68.87
fold2_room1_mix1669,38,5,0,-170,0,63.72
fold2_room1_mix1669,39,5,0,-160,0,17.94
fold2_room1_mix1669,39,5,0,-175,0,87.99
fold2_room1_mix1669,40,5,0,-159,0,17.19
fold2_room1_mix1669,40,5,0,-175,0,85.50
fold2_room1_mix1669,41,5,0,-155,0,14.78
fold2_room1_mix1669,41,5,0,-174,0,80.01
fold2_room1_mix1669,42,5,0,-152,0,13.36
fold2_room1_mix1669,42,5,0,-174,0,82.21
fold2_room1_mix1669,43,5,0,-147,-1,11.74
fold2_room1_mix1669,43,5,0,-174,0,79.14
fold2_room1_mix1669,44,5,0,-138,-1,9.31
fold2_room1_mix1669,44,5,0,-174,0,76.12
fold2_room1_mix1669,45,5,0,-131,-1,7.81
fold2_room1_mix1669,45,5,0,-174,0,76.70
fold2_room1_mix1669,46,5,0,-118,-2,6.46
fold2_room1_mix1669,46,5,0,-174,0,76.89
fold2_room1_mix1669,47,5,0,-100,-2,5.95
fold2_room1_mix1669,47,5,0,-174,0,77.97
fold2_room1_mix1669,48,5,0,-85,-2,5.75
fold2_room1_mix1669,48,5,0,-174,0,75.28
fold2_room1_mix1669,49,5,0,-73,-2,5.88
fold2_room1_mix1669,49,5,0,-173,0,72.87
fold2_room1_mix1669,50,5,0,-57,-1,6.57
fold2_room1_mix1669,50,5,0,-173,0,68.19
fold2_room1_mix1669,51,5,0,-47,-1,7.29
fold2_room1_mix1669,51,5,0,-172,0,65.45
fold2_room1_mix1669,52,5,0,-44,-1,8.15
fold2_room1_mix1669,52,5,0,-172,0,67.17
fold2_room1_mix1669,53,5,0,-33,-1,10.23
fold2_room1_mix1669,53,5,0,-171,0,58.91
fold2_room1_mix1669,54,5,0,-32,-1,9.84
fold2_room1_mix1669,54,5,0,-171,0,57.13
fold2_room1_mix1669,55,5,0,-27,-1,11.86
fold2_room1_mix1669,55,5,0,-170,0,54.70
fold2_room1_mix1669,56,5,0,-23,0,12.99
fold2_room1_mix1669,56,5,0,-170,0,54.07
fold2_room1_mix1669,57,5,0,-20,0,15.53
fold2_room1_mix1669,57,5,0,-169,0,49.23
fold2_room1_mix1669,58,5,0,-16,0,17.11
fold2_room1_mix1669,58,5,0,-170,0,53.73
fold2_room1_mix1669,59,5,0,-16,0,17.58
fold2_room1_mix1669,59,5,0,-170,0,52.21
fold2_room1_mix1669,60,5,0,-15,0,18.35
fold2_room1_mix1669,60,5,0,-170,0,50.31
fold2_room1_mix1669,61,5,0,-15,0,19.82
fold2_room1_mix1669,61,5,0,-169,0,47.53
fold2_room1_mix1669,62,5,0,-15,0,19.34
fold2_room1_mix1669,62,5,0,-170,0,49.49
fold2_room1_mix1669,63,5,0,-14,0,21.00
fold2_room1_mix1669,63,5,0,-159,0,20.64
fold2_room1_mix1669,63,5,0,-174,0,62.51
fold2_room1_mix1669,64,5,0,-10,0,22.99
fold2_room1_mix1669,64,5,0,-158,0,19.24
fold2_room1_mix1669,64,5,0,-175,0,61.31
fold2_room1_mix1669,65,5,0,-9,0,27.01
fold2_room1_mix1669,65,5,0,-149,0,14.84
fold2_room1_mix1669,65,5,0,-173,0,53.74
fold2_room1_mix1669,66,5,0,-11,0,25.53
fold2_room1_mix1669,66,5,0,-151,0,15.15
fold2_room1_mix1669,66,5,0,-173,0,53.98
fold2_room1_mix1669,67,5,0,-10,0,26.58
fold2_room1_mix1669,67,5,0,-150,0,16.18
fold2_room1_mix1669,67,5,0,-173,0,57.25
fold2_room1_mix1669,68,5,0,-9,0,29.11
fold2_room1_mix1669,68,5,0,-145,0,13.53
fold2_room1_mix1669,68,5,0,-172,0,53.66
fold2_room1_mix1669,69,5,0,-9,0,32.32
fold2_room1_mix1669,69,5,0,-138,0,10.91
fold2_room1_mix1669,69,5,0,-171,0,47.26
fold2_room1_mix1669,70,5,0,-7,0,34.30
fold2_room1_mix1669,70,5,0,-134,0,9.92
fold2_room1_mix1669,70,5,0,-172,0,46.77
fold2_room1_mix1669,71,5,0,-7,0,36.74
fold2_room1_mix1669,71,5,0,-137,-1,10.79
fold2_room1_mix1669,71,5,0,-173,0,53.23
fold2_room1_mix1669,72,5,0,-7,0,36.52
fold2_room1_mix1669,72,5,0,-132,0,9.66
fold2_room1_mix1669,72,5,0,-172,0,48.49
fold2_room1_mix1669,73,5,0,-6,0,40.60
fold2_room1_mix1669,73,5,0,-111,-1,8.26
fold2_room1_mix1669,73,5,0,-172,0,44.35
fold2_room1_mix1669,74,5,0,-7,0,40.19
fold2_room1_mix1669,74,5,0,-94,0,7.70
fold2_room1_mix1669,74,5,0,-170,0,39.14
fold2_room1_mix1669,75,5,0,-6,0,44.16
fold2_room1_mix1669,75,5,0,-135,-1,11.44
fold2_room1_mix1669,75,5,0,-174,0,58.97
fold2_room1_mix1669,76,5,0,-5,0,44.02
fold2_room1_mix1669,76,5,0,-135,-1,10.68
fold2_room1_mix1669,76,5,0,-175,0,57.58
fold2_room1_mix1669,77,5,0,-6,0,43.60
fold2_room1_mix1669,77,5,0,-125,-1,10.28
fold2_room1_mix1669,77,5,0,-174,0,52.20
fold2_room1_mix1669,78,5,0,-6,0,46.25
fold2_room1_mix1669,78,5,0,-92,-1,8.86
fold2_room1_mix1669,78,5,0,-172,0,43.32
fold2_room1_mix1669,79,5,0,-6,0,44.74
fold2_room1_mix1669,79,5,0,-126,-1,9.69
fold2_room1_mix1669,79,5,0,-173,0,50.23
fold2_room1_mix1669,80,5,0,-6,0,44.81
fold2_room1_mix1669,80,5,0,-112,-1,8.27
fold2_room1_mix1669,80,5,0,-172,0,43.85
fold2_room1_mix1669,81,5,0,-4,0,51.43
fold2_room1_mix1669,81,5,0,-97,-1,8.65
fold2_room1_mix1669,81,5,0,-174,0,50.46
fold2_room1_mix1669,82,5,0,-3,0,54.10
fold2_room1_mix1669,82,5,0,-74,-1,8.63
fold2_room1_mix1669,82,5,0,-173,0,48.34
fold2_room1_mix1669,83,5,0,-4,0,53.87
fold2_room1_mix1669,83,5,0,-81,-1,8.70
fold2_room1_mix1669,83,5,0,-172,0,50.00
fold2_room1_mix1669,84,5,0,-4,0,52.19
fold2_room1_mix1669,84,5,0,-69,-1,8.27
fold2_room1_mix1669,84,5,0,-172,0,46.20
fold2_room1_mix1669,85,5,0,-4,0,52.10
fold2_room1_mix1669,85,5,0,-64,-1,8.59
fold2_room1_mix1669,85,5,0,-172,0,44.59
fold2_room1_mix1669,86,5,0,-3,0,57.36
fold2_room1_mix1669,86,5,0,-40,0,11.18
fold2_room1_mix1669,86,5,0,-170,0,36.02
fold2_room1_mix1669,87,5,0,-4,0,59.34
fold2_room1_mix1669,87,5,0,-33,0,13.35
fold2_room1_mix1669,87,5,0,-166,0,27.03
fold2_room1_mix1669,88,5,0,-2,0,58.72
fold2_room1_mix1669,88,5,0,-35,0,12.08
fold2_room1_mix1669,88,5,0,-169,0,31.42
fold2_room1_mix1669,89,5,0,-2,0,65.33
fold2_room1_mix1669,89,5,0,-26,0,15.78
fold2_room1_mix1669,89,5,0,-165,0,26.18
fold2_room1_mix1669,90,5,0,-2,0,67.47
fold2_room1_mix1669,90,5,0,-24,0,16.54
fold2_room1_mix1669,90,5,0,-165,0,25.29
fold2_room1_mix1669,91,5,0,-3,0,62.22
fold2_room1_mix1669,91,5,0,-30,0,14.24
fold2_room1_mix1669,91,5,0,-164,0,27.27
fold2_room1_mix1669,92,5,0,-2,0,64.13
fold2_room1_mix1669,92,5,0,-33,0,13.85
fold2_room1_mix1669,92,5,0,-167,0,32.58
fold2_room1_mix1669,93,5,0,-2,0,69.05
fold2_room1_mix1669,93,5,0,-22,0,17.47
fold2_room1_mix1669,93,5,0,-163,0,25.99
fold2_room1_mix1669,94,5,0,0,0,74.54
fold2_room1_mix1669,94,5,0,-25,0,17.46
fold2_room1_mix1669,94,5,0,-167,0,33.55
fold2_room1_mix1669,95,5,0,-1,0,73.05
fold2_room1_mix1669,95,5,0,-17,0,20.45
fold2_room1_mix1669,95,5,0,-159,0,20.84
fold2_room1_mix1669,96,5,0,0,0,71.50
fold2_room1_mix1669,96,5,0,-19,0,19.66
fold2_room1_mix1669,96,5,0,-165,0,25.91
fold2_room1_mix1669,97,5,0,0,0,73.39
fold2_room1_mix1669,97,5,0,-21,0,19.03
fold2_room1_mix1669,97,5,0,-168,0,31.28
fold2_room1_mix1669,98,5,0,0,0,71.29
fold2_room1_mix1669,98,5,0,-19,0,19.13
fold2_room1_mix1669,98,5,0,-168,0,27.53
fold2_room1_mix1669,99,5,0,-7,0,48.74
fold2_room1_mix1669,99,5,0,-166,0,21.00
fold2_room1_mix1670,4,5,0,10,2,6.98
fold2_room1_mix1670,5,5,0,5,1,24.15
fold2_room1_mix1670,6,5,0,6,0,35.64
fold2_room1_mix1670,7,5,0,5,0,46.06
fold2_room1_mix1670,8,5,0,1,0,90.31
fold2_room1_mix1670,9,5,0,5,0,109.36
fold2_room1_mix1670,10,5,0,4,0,106.60
fold2_room1_mix1670,11,5,0,3,0,104.88
fold2_room1_mix1670,12,5,0,5,0,97.30
fold2_room1_mix1670,13,5,0,4,0,96.61
fold2_room1_mix1670,14,5,0,4,0,101.43
fold2_room1_mix1670,15,5,0,4,0,101.23
fold2_room1_mix1670,16,5,0,4,0,103.93
fold2_room1_mix1670,17,5,0,4,0,101.91
fold2_room1_mix1670,18,5,0,3,0,105.46
fold2_room1_mix1670,19,5,0,4,0,108.69
fold2_room1_mix1670,20,5,0,3,0,105.49
fold2_room1_mix1670,21,5,0,3,0,111.24
fold2_room1_mix1670,22,5,0,4,0,109.37
fold2_room1_mix1670,23,5,0,4,0,99.16
fold2_room1_mix1670,24,5,0,4,0,105.26
fold2_room1_mix1670,25,5,0,5,0,104.44
fold2_room1_mix1670,26,5,0,3,0,99.52
fold2_room1_mix1670,27,5,0,3,0,106.82
fold2_room1_mix1670,28,5,0,4,0,106.71
fold2_room1_mix1670,29,5,0,4,0,100.85
fold2_room1_mix1670,30,5,0,4,0,102.36
fold2_room1_mix1670,31,5,0,5,0,100.55
fold2_room1_mix1670,32,5,0,4,0,97.42
fold2_room1_mix1670,33,5,0,5,0,96.92
fold2_room1_mix1670,34,5,0,5,0,97.90
fold2_room1_mix1670,35,5,0,5,0,97.94
fold2_room1_mix1670,36,5,0,6,0,90.76
fold2_room1_mix1670,37,5,0,6,0,88.12
fold2_room1_mix1670,38,5,0,7,0,73.17
fold2_room1_mix1670,39,5,0,8,0,74.52
fold2_room1_mix1670,40,5,0,9,0,65.42
fold2_room1_mix1670,41,5,0,8,0,68.39
fold2_room1_mix1670,42,5,0,9,0,67.12
fold2_room1_mix1670,43,5,0,9,0,68.78
fold2_room1_mix1670,44,5,0,10,0,67.08
fold2_room1_mix1670,45,5,0,10,0,59.80
fold2_room1_mix1670,46,5,0,10,0,62.32
fold2_room1_mix1670,47,5,0,11,0,60.71
fold2_room1_mix1670,48,5,0,11,0,57.09
fold2_room1_mix1670,49,5,0,5,0,81.40
fold2_room1_mix1670,49,5,0,24,0,17.35
fold2_room1_mix1670,50,5,0,6,0,71.26
fold2_room1_mix1670,50,5,0,25,0,16.11
fold2_room1_mix1670,51,5,0,6,0,75.23
fold2_room1_mix1670,51,5,0,33,0,12.40
fold2_room1_mix1670,52,5,0,6,0,67.53
fold2_room1_mix1670,52,5,0,34,0,11.70
fold2_room1_mix1670,53,5,0,6,0,65.88
fold2_room1_mix1670,53,5,0,43,0,9.92
fold2_room1_mix1670,54,5,0,5,0,70.20
fold2_room1_mix1670,54,5,0,45,-1,9.41
fold2_room1_mix1670,55,5,0,5,0,68.44
fold2_room1_mix1670,55,5,0,44,-1,9.88
fold2_room1_mix1670,56,5,0,6,0,70.79
fold2_room1_mix1670,56,5,0,64,-1,8.31
fold2_room1_mix1670,57,5,0,6,0,70.59
fold2_room1_mix1670,57,5,0,68,-1,8.30
fold2_room1_mix1670,58,5,0,7,0,68.49
fold2_room1_mix1670,58,5,0,92,-1,8.02
fold2_room1_mix1670,59,5,0,7,0,68.44
fold2_room1_mix1670,59,5,0,99,-1,8.40
fold2_room1_mix1670,60,5,0,7,0,68.94
fold2_room1_mix1670,60,5,0,108,-2,8.60
fold2_room1_mix1670,61,5,0,7,0,68.54
fold2_room1_mix1670,61,5,0,123,-1,9.66
fold2_room1_mix1670,62,5,0,7,0,64.00
fold2_room1_mix1670,62,5,0,129,-1,10.96
fold2_room1_mix1670,63,5,0,8,0,64.95
fold2_room1_mix1670,63,5,0,132,-1,11.81
fold2_room1_mix1670,64,5,0,8,0,60.15
fold2_room1_mix1670,64,5,0,142,-1,13.02
fold2_room1_mix1670,65,5,0,8,0,58.23
fold2_room1_mix1670,65,5,0,144,-1,13.72
fold2_room1_mix1670,66,5,0,8,0,59.62
fold2_room1_mix1670,66,5,0,147,-1,15.71
fold2_room1_mix1670,67,5,0,8,0,58.51
fold2_room1_mix1670,67,5,0,149,0,15.81
fold2_room1_mix1670,68,5,0,9,0,57.56
fold2_room1_mix1670,68,5,0,155,0,19.40
fold2_room1_mix1670,69,5,0,9,0,55.29
fold2_room1_mix1670,69,5,0,156,0,19.04
fold2_room1_mix1670,70,5,0,9,0,57.47
fold2_room1_mix1670,70,5,0,158,0,21.40
fold2_room1_mix1670,71,5,0,10,0,54.46
fold2_room1_mix1670,71,5,0,155,0,21.07
fold2_room1_mix1670,72,5,0,10,0,53.82
fold2_room1_mix1670,72,5,0,157,0,23.69
fold2_room1_mix1670,73,5,0,10,0,58.54
fold2_room1_mix1670,73,5,0,159,0,24.22
fold2_room1_mix1670,74,5,0,10,0,52.99
fold2_room1_mix1670,74,5,0,161,0,27.31
fold2_room1_mix1670,75,5,0,11,0,51.70
fold2_room1_mix1670,75,5,0,163,0,30.48
fold2_room1_mix1670,76,5,0,13,0,47.54
fold2_room1_mix1670,76,5,0,163,0,31.66
fold2_room1_mix1670,77,5,0,12,0,46.20
fold2_room1_mix1670,77,5,0,165,0,32.26
fold2_room1_mix1670,78,5,0,11,0,49.18
fold2_room1_mix1670,78,5,0,165,0,33.14
fold2_room1_mix1670,79,5,0,8,0,62.11
fold2_room1_mix1670,79,5,0,24,0,21.19
fold2_room1_mix1670,79,5,0,166,0,36.70
fold2_room1_mix1670,80,5,0,11,0,48.56
fold2_room1_mix1670,80,5,0,167,0,37.68
fold2_room1_mix1670,81,5,0,11,0,51.29
fold2_room1_mix1670,81,5,0,167,0,38.56
fold2_room1_mix1670,82,5,0,12,0,53.24
fold2_room1_mix1670,82,5,0,168,0,42.86
fold2_room1_mix1670,83,5,0,13,0,53.92
fold2_room1_mix1670,83,5,0,167,0,45.17
fold2_room1_mix1670,84,5,0,6,0,74.22
fold2_room1_mix1670,84,5,0,23,0,23.17
fold2_room1_mix1670,84,5,0,166,0,43.16
fold2_room1_mix1670,85,5,0,7,0,66.98
fold2_room1_mix1670,85,5,0,31,0,18.69
fold2_room1_mix1670,85,5,0,168,0,48.82
fold2_room1_mix1670,86,5,0,6,0,80.15
fold2_room1_mix1670,86,5,0,23,0,24.54
fold2_room1_mix1670,86,5,0,168,0,48.03
fold2_room1_mix1670,87,5,0,6,0,73.75
fold2_room1_mix1670,87,5,0,29,0,21.30
fold2_room1_mix1670,87,5,0,168,0,53.05
fold2_room1_mix1670,88,5,0,13,0,59.06
fold2_room1_mix1670,88,5,0,169,0,51.56
fold2_room1_mix1670,89,5,0,7,0,66.73
fold2_room1_mix1670,89,5,0,32,0,18.33
fold2_room1_mix1670,89,5,0,169,0,53.44
fold2_room1_mix1670,90,5,0,8,0,51.54
fold2_room1_mix1670,90,5,0,51,-1,13.92
fold2_room1_mix1670,90,5,0,170,0,55.06
fold2_room1_mix1670,91,5,0,7,0,55.89
fold2_room1_mix1670,91,5,0,49,-1,14.32
fold2_room1_mix1670,91,5,0,170,0,57.14
fold2_room1_mix1670,92,5,0,9,0,49.37
fold2_room1_mix1670,92,5,0,50,-1,13.58
fold2_room1_mix1670,92,5,0,172,0,57.71
fold2_room1_mix1670,93,5,0,8,0,51.50
fold2_room1_mix1670,93,5,0,58,-1,13.23
fold2_room1_mix1670,93,5,0,171,0,61.00
fold2_room1_mix1670,94,5,0,7,0,66.11
fold2_room1_mix1670,94,5,0,47,-1,15.13
fold2_room1_mix1670,94,5,0,172,0,63.92
fold2_room1_mix1670,95,5,0,7,0,59.27
fold2_room1_mix1670,95,5,0,62,-1,13.35
fold2_room1_mix1670,95,5,0,171,0,65.97
fold2_room1_mix1670,96,5,0,10,0,46.97
fold2_room1_mix1670,96,5,0,94,-1,13.52
fold2_room1_mix1670,96,5,0,171,0,68.26
fold2_room1_mix1670,97,5,0,8,0,55.26
fold2_room1_mix1670,97,5,0,71,-1,13.23
fold2_room1_mix1670,97,5,0,171,0,64.81
fold2_room1_mix1670,98,5,0,10,0,47.19
fold2_room1_mix1670,98,5,0,110,-1,13.64
fold2_room1_mix1670,98,5,0,171,0,71.33
fold2_room1_mix1670,99,5,0,10,0,45.50
fold2_room1_mix1670,99,5,0,111,-1,14.44
fold2_room1_mix1670,99,5,0,171,0,69.44
fold2_room1_mix1671,4,5,0,-179,1,11.06
fold2_room1_mix1671,5,5,0,179,0,29.04
fold2_room1_mix1671,6,5,0,179,0,47.15
fold2_room1_mix1671,7,5,0,-179,0,83.30
fold2_room1_mix1671,8,5,0,-179,0,103.00
fold2_room1_mix1671,9,5,0,179,0,96.29
fold2_room1_mix1671,10,5,0,179,0,96.55
fold2_room1_mix1671,11,5,0,-179,0,96.46
fold2_room1_mix1671,12,5,0,-179,0,92.18
fold2_room1_mix1671,13,5,0,-179,0,93.15
fold2_room1_mix1671,14,5,0,-178,0,94.46
fold2_room1_mix1671,15,5,0,-179,0,92.74
fold2_room1_mix1671,16,5,0,-178,0,92.33
fold2_room1_mix1671,17,5,0,-178,0,91.37
fold2_room1_mix1671,18,5,0,-179,0,87.17
fold2_room1_mix1671,19,5,0,-178,0,83.49
fold2_room1_mix1671,20,5,0,-179,0,85.42
fold2_room1_mix1671,21,5,0,-178,0,81.02
fold2_room1_mix1671,22,5,0,-179,0,75.84
fold2_room1_mix1671,23,5,0,-179,0,78.36
fold2_room1_mix1671,24,5,0,-178,0,81.10
fold2_room1_mix1671,25,5,0,-179,0,79.76
fold2_room1_mix1671,26,5,0,-178,0,83.14
fold2_room1_mix1671,27,5,0,-177,0,86.06
fold2_room1_mix1671,28,5,0,-178,0,83.67
fold2_room1_mix1671,29,5,0,-176,0,83.72
fold2_room1_mix1671,30,5,0,-175,0,83.82
fold2_room1_mix1671,31,5,0,-175,0,82.95
fold2_room1_mix1671,32,5,0,-174,0,82.77
fold2_room1_mix1671,33,5,0,-174,0,82.50
fold2_room1_mix1671,34,5,0,-174,0,80.23
fold2_room1_mix1671,35,5,0,-175,0,81.09
fold2_room1_mix1671,36,5,0,-174,0,81.69
fold2_room1_mix1671,37,5,0,-174,0,80.04
fold2_room1_mix1671,38,5,0,-173,0,79.55
fold2_room1_mix1671,39,5,0,-173,0,77.93
fold2_room1_mix1671,40,5,0,-171,0,76.36
fold2_room1_mix1671,41,5,0,-172,0,72.18
fold2_room1_mix1671,42,5,0,-172,0,70.50
fold2_room1_mix1671,43,5,0,-171,0,69.02
fold2_room1_mix1671,44,5,0,-171,0,69.56
fold2_room1_mix1671,45,5,0,-171,0,68.83
fold2_room1_mix1671,46,5,0,-159,0,17.71
fold2_room1_mix1671,46,5,0,-176,0,92.93
fold2_room1_mix1671,47,5,0,-156,0,15.92
fold2_room1_mix1671,47,5,0,-175,0,91.89
fold2_room1_mix1671,48,5,0,-155,0,15.46
fold2_room1_mix1671,48,5,0,-175,0,88.58
fold2_room1_mix1671,49,5,0,-151,-1,13.43
fold2_room1_mix1671,49,5,0,-175,0,90.27
fold2_room1_mix1671,50,5,0,-144,-1,11.41
fold2_room1_mix1671,50,5,0,-174,0,85.36
fold2_room1_mix1671,51,5,0,-144,-1,10.90
fold2_room1_mix1671,51,5,0,-174,0,81.79
fold2_room1_mix1671,52,5,0,-136,-1,8.96
fold2_room1_mix1671,52,5,0,-174,0,79.90
fold2_room1_mix1671,53,5,0,-128,-1,7.56
fold2_room1_mix1671,53,5,0,-174,0,80.27
fold2_room1_mix1671,54,5,0,-129,-1,7.71
fold2_room1_mix1671,54,5,0,-174,0,79.55
fold2_room1_mix1671,55,5,0,-121,-2,7.06
fold2_room1_mix1671,55,5,0,-175,0,83.21
fold2_room1_mix1671,56,5,0,-108,-2,6.06
fold2_room1_mix1671,56,5,0,-174,0,83.47
fold2_room1_mix1671,57,5,0,-99,-2,5.83
fold2_room1_mix1671,57,5,0,-174,0,85.15
fold2_room1_mix1671,58,5,0,-78,-2,6.07
fold2_room1_mix1671,58,5,0,-174,0,84.13
fold2_room1_mix1671,59,5,0,-73,-2,6.26
fold2_room1_mix1671,59,5,0,-174,0,83.72
fold2_room1_mix1671,60,5,0,-62,-2,6.25
fold2_room1_mix1671,60,5,0,-174,0,80.03
fold2_room1_mix1671,61,5,0,-51,-2,6.99
fold2_room1_mix1671,61,5,0,-173,0,75.66
fold2_room1_mix1671,62,5,0,-44,-1,7.88
fold2_room1_mix1671,62,5,0,-172,0,72.58
fold2_room1_mix1671,63,5,0,-42,-1,8.22
fold2_room1_mix1671,63,5,0,-173,0,72.27
fold2_room1_mix1671,64,5,0,-36,-1,9.11
fold2_room1_mix1671,64,5,0,-172,0,67.12
fold2_room1_mix1671,65,5,0,-34,-1,10.12
fold2_room1_mix1671,65,5,0,-172,0,66.97
fold2_room1_mix1671,66,5,0,-30,-1,11.04
fold2_room1_mix1671,66,5,0,-173,0,68.52
fold2_room1_mix1671,67,5,0,-31,-1,11.40
fold2_room1_mix1671,67,5,0,-172,0,68.92
fold2_room1_mix1671,68,5,0,-25,-1,12.79
fold2_room1_mix1671,68,5,0,-173,0,65.77
fold2_room1_mix1671,69,5,0,-25,-1,13.29
fold2_room1_mix1671,69,5,0,-173,0,64.84
fold2_room1_mix1671,70,5,0,-20,0,14.86
fold2_room1_mix1671,70,5,0,-173,0,64.41
fold2_room1_mix1671,71,5,0,-20,0,16.31
fold2_room1_mix1671,71,5,0,-172,0,65.42
fold2_room1_mix1671,72,5,0,-17,0,17.08
fold2_room1_mix1671,72,5,0,-173,0,63.59
fold2_room1_mix1671,73,5,0,-18,0,16.80
fold2_room1_mix1671,73,5,0,-172,0,60.10
fold2_room1_mix1671,74,5,0,-14,0,19.12
fold2_room1_mix1671,74,5,0,-170,0,51.10
fold2_room1_mix1671,75,5,0,-18,0,18.75
fold2_room1_mix1671,75,5,0,-170,0,51.82
fold2_room1_mix1671,76,5,0,-13,0,20.05
fold2_room1_mix1671,76,5,0,-167,0,43.73
fold2_room1_mix1671,77,5,0,-16,0,20.11
fold2_room1_mix1671,77,5,0,-169,0,52.03
fold2_room1_mix1671,78,5,0,-15,0,20.44
fold2_room1_mix1671,78,5,0,-170,0,54.63
fold2_room1_mix1671,79,5,0,-15,0,20.63
fold2_room1_mix1671,79,5,0,-170,0,56.95
fold2_room1_mix1671,80,5,0,-10,0,22.28
fold2_room1_mix1671,80,5,0,-169,0,47.52
fold2_room1_mix1671,81,5,0,-12,0,21.97
fold2_room1_mix1671,81,5,0,-168,0,48.62
fold2_room1_mix1671,82,5,0,-13,0,23.31
fold2_room1_mix1671,82,5,0,-159,0,22.12
fold2_room1_mix1671,82,5,0,-174,0,69.13
fold2_room1_mix1671,83,5,0,-10,0,26.40
fold2_room1_mix1671,83,5,0,-154,0,17.46
fold2_room1_mix1671,83,5,0,-174,0,60.05
fold2_room1_mix1671,84,5,0,-10,0,26.93
fold2_room1_mix1671,84,5,0,-152,0,17.16
fold2_room1_mix1671,84,5,0,-174,0,57.64
fold2_room1_mix1671,85,5,0,-11,0,28.18
fold2_room1_mix1671,85,5,0,-148,0,14.77
fold2_room1_mix1671,85,5,0,-172,0,54.65
fold2_room1_mix1671,86,5,0,-10,0,28.82
fold2_room1_mix1671,86,5,0,-144,0,13.27
fold2_room1_mix1671,86,5,0,-172,0,52.17
fold2_room1_mix1671,87,5,0,-9,0,31.99
fold2_room1_mix1671,87,5,0,-148,-1,15.09
fold2_room1_mix1671,87,5,0,-174,0,59.47
fold2_room1_mix1671,88,5,0,-9,0,31.52
fold2_room1_mix1671,88,5,0,-148,0,14.18
fold2_room1_mix1671,88,5,0,-173,0,56.75
fold2_room1_mix1671,89,5,0,-9,0,27.74
fold2_room1_mix1671,89,5,0,-155,0,17.76
fold2_room1_mix1671,89,5,0,-174,0,65.63
fold2_room1_mix1671,90,5,0,-6,0,33.73
fold2_room1_mix1671,90,5,0,-150,0,16.43
fold2_room1_mix1671,90,5,0,-176,0,71.11
fold2_room1_mix1671,91,5,0,-6,0,34.40
fold2_room1_mix1671,91,5,0,-152,0,17.05
fold2_room1_mix1671,91,5,0,-176,0,72.54
fold2_room1_mix1671,92,5,0,-6,0,34.96
fold2_room1_mix1671,92,5,0,-151,0,15.53
fold2_room1_mix1671,92,5,0,-175,0,67.57
fold2_room1_mix1671,93,5,0,-7,0,41.25
fold2_room1_mix1671,93,5,0,-133,-1,11.52
fold2_room1_mix1671,93,5,0,-173,0,56.06
fold2_room1_mix1671,94,5,0,-8,0,36.68
fold2_room1_mix1671,94,5,0,-86,0,8.52
fold2_room1_mix1671,94,5,0,-169,0,37.25
fold2_room1_mix1671,95,5,0,-7,0,39.75
fold2_room1_mix1671,95,5,0,-89,0,9.08
fold2_room1_mix1671,95,5,0,-171,0,40.20
fold2_room1_mix1671,96,5,0,-5,0,42.16
fold2_room1_mix1671,96,5,0,-101,-1,9.03
fold2_room1_mix1671,96,5,0,-173,0,45.05
fold2_room1_mix1671,97,5,0,-6,0,41.47
fold2_room1_mix1671,97,5,0,-81,-1,8.54
fold2_room1_mix1671,97,5,0,-171,0,37.42
fold2_room1_mix1671,98,5,0,-5,0,45.23
fold2_room1_mix1671,98,5,0,-61,0,8.65
fold2_room1_mix1671,98,5,0,-171,0,34.85
fold2_room1_mix1671,99,5,0,-7,0,43.91
fold2_room1_mix1671,99,5,0,-51,-1,9.28
fold2_room1_mix1671,99,5,0,-168,0,29.38
fold2_room1_mix1672,5,5,0,4,1,18.45
fold2_room1_mix1672,6,5,0,1,0,37.00
fold2_room1_mix1672,7,5,0,1,0,49.01
fold2_room1_mix1672,8,5,0,3,0,78.29
fold2_room1_mix1672,9,5,0,4,0,102.12
fold2_room1_mix1672,10,5,0,0,0,101.80
fold2_room1_mix1672,11,5,0,1,0,96.17
fold2_room1_mix1672,12,5,0,2,0,94.88
fold2_room1_mix1672,13,5,0,1,0,94.15
fold2_room1_mix1672,14,5,0,0,0,91.10
fold2_room1_mix1672,15,5,0,1,0,101.51
fold2_room1_mix1672,16,5,0,1,0,100.72
fold2_room1_mix1672,17,5,0,0,0,99.66
fold2_room1_mix1672,18,5,0,1,0,102.26
fold2_room1_mix1672,19,5,0,0,0,106.10
fold2_room1_mix1672,20,5,0,1,0,103.15
fold2_room1_mix1672,21,5,0,1,0,107.59
fold2_room1_mix1672,22,5,0,0,0,107.52
fold2_room1_mix1672,23,5,0,0,0,103.54
fold2_room1_mix1672,24,5,0,1,0,106.81
fold2_room1_mix1672,25,5,0,0,0,104.83
fold2_room1_mix1672,26,5,0,0,0,107.77
fold2_room1_mix1672,27,5,0,0,0,104.78
fold2_room1_mix1672,28,5,0,0,0,107.76
fold2_room1_mix1672,29,5,0,0,0,104.81
fold2_room1_mix1672,30,5,0,0,0,98.55
fold2_room1_mix1672,31,5,0,0,0,104.29
fold2_room1_mix1672,32,5,0,0,0,106.47
fold2_room1_mix1672,33,5,0,-1,0,100.19
fold2_room1_mix1672,34,5,0,0,0,102.91
fold2_room1_mix1672,35,5,0,0,0,103.72
fold2_room1_mix1672,36,5,0,0,0,100.12
fold2_room1_mix1672,37,5,0,-1,0,99.13
fold2_room1_mix1672,38,5,0,0,0,99.89
fold2_room1_mix1672,39,5,0,-1,0,94.36
fold2_room1_mix1672,40,5,0,-1,0,99.26
fold2_room1_mix1672,41,5,0,-2,0,99.72
fold2_room1_mix1672,42,5,0,-2,0,96.92
fold2_room1_mix1672,43,5,0,-2,0,94.02
fold2_room1_mix1672,44,5,0,-3,0,93.37
fold2_room1_mix1672,45,5,0,-2,0,90.62
fold2_room1_mix1672,46,5,0,-4,0,88.26
fold2_room1_mix1672,47,5,0,-5,0,88.16
fold2_room1_mix1672,48,5,0,-5,0,83.97
fold2_room1_mix1672,49,5,0,-6,0,81.64
fold2_room1_mix1672,50,5,0,-6,0,83.02
fold2_room1_mix1672,51,5,0,-6,0,79.90
fold2_room1_mix1672,52,5,0,-7,0,77.32
fold2_room1_mix1672,53,5,0,-7,0,75.69
fold2_room1_mix1672,54,5,0,-7,0,73.97
fold2_room1_mix1672,55,5,0,-8,0,72.51
fold2_room1_mix1672,56,5,0,-2,0,95.14
fold2_room1_mix1672,56,5,0,-21,0,16.83
fold2_room1_mix1672,57,5,0,-2,0,94.05
fold2_room1_mix1672,57,5,0,-21,0,16.44
fold2_room1_mix1672,58,5,0,-2,0,89.47
fold2_room1_mix1672,58,5,0,-23,0,13.90
fold2_room1_mix1672,59,5,0,-2,0,88.00
fold2_room1_mix1672,59,5,0,-29,0,12.35
fold2_room1_mix1672,60,5,0,-3,0,86.62
fold2_room1_mix1672,60,5,0,-35,0,10.86
fold2_room1_mix1672,61,5,0,-4,0,85.61
fold2_room1_mix1672,61,5,0,-42,0,9.68
fold2_room1_mix1672,62,5,0,-3,0,85.79
fold2_room1_mix1672,62,5,0,-53,-1,7.68
fold2_room1_mix1672,63,5,0,-5,0,82.91
fold2_room1_mix1672,63,5,0,-68,-1,6.75
fold2_room1_mix1672,64,5,0,-5,0,82.56
fold2_room1_mix1672,64,5,0,-87,-1,6.34
fold2_room1_mix1672,65,5,0,-5,0,80.21
fold2_room1_mix1672,65,5,0,-111,-1,7.14
fold2_room1_mix1672,66,5,0,-4,0,78.90
fold2_room1_mix1672,66,5,0,-127,-1,8.87
fold2_room1_mix1672,67,5,0,-4,0,79.30
fold2_room1_mix1672,67,5,0,-136,-1,10.09
fold2_room1_mix1672,68,5,0,-3,0,77.11
fold2_room1_mix1672,68,5,0,-139,0,10.81
fold2_room1_mix1672,69,5,0,-3,0,74.91
fold2_room1_mix1672,69,5,0,-142,0,11.85
fold2_room1_mix1672,70,5,0,-3,0,69.52
fold2_room1_mix1672,70,5,0,-151,0,15.05
fold2_room1_mix1672,71,5,0,-5,0,64.84
fold2_room1_mix1672,71,5,0,-152,0,15.54
fold2_room1_mix1672,72,5,0,-5,0,60.13
fold2_room1_mix1672,72,5,0,-155,0,17.87
fold2_room1_mix1672,73,5,0,-6,0,57.49
fold2_room1_mix1672,73,5,0,-160,0,22.67
fold2_room1_mix1672,74,5,0,-5,0,60.34
fold2_room1_mix1672,74,5,0,-161,0,21.01
fold2_room1_mix1672,75,5,0,-6,0,58.36
fold2_room1_mix1672,75,5,0,-161,0,22.08
fold2_room1_mix1672,76,5,0,-6,0,56.15
fold2_room1_mix1672,76,5,0,-164,0,26.32
fold2_room1_mix1672,77,5,0,-6,0,56.98
fold2_room1_mix1672,77,5,0,-163,0,26.01
fold2_room1_mix1672,78,5,0,-7,0,50.86
fold2_room1_mix1672,78,5,0,-167,0,30.34
fold2_room1_mix1672,79,5,0,-3,0,65.55
fold2_room1_mix1672,79,5,0,-19,0,22.63
fold2_room1_mix1672,79,5,0,-168,0,34.92
fold2_room1_mix1672,80,5,0,-7,0,54.84
fold2_room1_mix1672,80,5,0,-168,0,34.29
fold2_room1_mix1672,81,5,0,-9,0,50.02
fold2_room1_mix1672,81,5,0,-168,0,34.35
fold2_room1_mix1672,82,5,0,-3,0,69.11
fold2_room1_mix1672,82,5,0,-21,0,21.27
fold2_room1_mix1672,82,5,0,-169,0,42.81
fold2_room1_mix1672,83,5,0,-9,0,51.47
fold2_room1_mix1672,83,5,0,-168,0,39.42
fold2_room1_mix1672,84,5,0,-2,0,79.43
fold2_room1_mix1672,84,5,0,-17,0,24.09
fold2_room1_mix1672,84,5,0,-170,0,42.87
fold2_room1_mix1672,85,5,0,-2,0,77.98
fold2_room1_mix1672,85,5,0,-18,0,23.48
fold2_room1_mix1672,85,5,0,-170,0,44.50
fold2_room1_mix1672,86,5,0,-4,0,68.59
fold2_room1_mix1672,86,5,0,-29,0,18.65
fold2_room1_mix1672,86,5,0,-172,0,53.17
fold2_room1_mix1672,87,5,0,-2,0,76.84
fold2_room1_mix1672,87,5,0,-18,0,23.78
fold2_room1_mix1672,87,5,0,-170,0,43.04
fold2_room1_mix1672,88,5,0,-1,0,83.03
fold2_room1_mix1672,88,5,0,-17,0,25.11
fold2_room1_mix1672,88,5,0,-170,0,46.12
fold2_room1_mix1672,89,5,0,-3,0,65.03
fold2_room1_mix1672,89,5,0,-32,-1,16.27
fold2_room1_mix1672,89,5,0,-172,0,53.97
fold2_room1_mix1672,90,5,0,-3,0,59.38
fold2_room1_mix1672,90,5,0,-34,-1,14.46
fold2_room1_mix1672,90,5,0,-173,0,53.64
fold2_room1_mix1672,91,5,0,-3,0,59.35
fold2_room1_mix1672,91,5,0,-35,0,14.38
fold2_room1_mix1672,91,5,0,-173,0,55.02
fold2_room1_mix1672,92,5,0,-3,0,58.82
fold2_room1_mix1672,92,5,0,-48,-1,13.47
fold2_room1_mix1672,92,5,0,-175,0,62.99
fold2_room1_mix1672,93,5,0,-1,0,77.27
fold2_room1_mix1672,93,5,0,-23,0,19.01
fold2_room1_mix1672,93,5,0,-174,0,56.18
fold2_room1_mix1672,94,5,0,-4,0,59.19
fold2_room1_mix1672,94,5,0,-44,-1,13.44
fold2_room1_mix1672,94,5,0,-175,0,65.17
fold2_room1_mix1672,95,5,0,-3,0,65.81
fold2_room1_mix1672,95,5,0,-36,-1,15.06
fold2_room1_mix1672,95,5,0,-174,0,62.03
fold2_room1_mix1672,96,5,0,-4,0,54.79
fold2_room1_mix1672,96,5,0,-58,-2,12.49
fold2_room1_mix1672,96,5,0,-175,0,68.97
fold2_room1_mix1672,97,5,0,-3,0,63.64
fold2_room1_mix1672,97,5,0,-43,-1,13.14
fold2_room1_mix1672,97,5,0,-175,0,66.17
fold2_room1_mix1672,98,5,0,-6,0,46.63
fold2_room1_mix1672,98,5,0,-88,-2,11.44
fold2_room1_mix1672,98,5,0,-175,0,72.71
fold2_room1_mix1672,99,5,0,-4,0,69.02
fold2_room1_mix1672,99,5,0,-43,-1,13.49
fold2_room1_mix1672,99,5,0,-174,0,71.12
fold2_room1_mix1673,4,5,0,173,1,12.15
fold2_room1_mix1673,5,5,0,170,1,24.79
fold2_room1_mix1673,6,5,0,171,0,36.13
fold2_room1_mix1673,7,5,0,173,0,69.74
fold2_room1_mix1673,8,5,0,173,0,100.53
fold2_room1_mix1673,9,5,0,174,0,115.25
fold2_room1_mix1673,10,5,0,174,0,99.73
fold2_room1_mix1673,11,5,0,174,0,110.10
fold2_room1_mix1673,12,5,0,173,0,103.59
fold2_room1_mix1673,13,5,0,173,0,100.83
fold2_room1_mix1673,14,5,0,173,0,101.57
fold2_room1_mix1673,15,5,0,175,0,104.51
fold2_room1_mix1673,16,5,0,173,0,101.98
fold2_room1_mix1673,17,5,0,174,0,102.08
fold2_room1_mix1673,18,5,0,174,0,105.71
fold2_room1_mix1673,19,5,0,173,0,110.50
fold2_room1_mix1673,20,5,0,172,0,102.35
fold2_room1_mix1673,21,5,0,173,0,110.40
fold2_room1_mix1673,22,5,0,173,0,106.44
fold2_room1_mix1673,23,5,0,173,0,100.03
fold2_room1_mix1673,24,5,0,173,0,103.58
fold2_room1_mix1673,25,5,0,171,0,106.99
fold2_room1_mix1673,26,5,0,174,0,93.64
fold2_room1_mix1673,27,5,0,173,0,103.77
fold2_room1_mix1673,28,5,0,173,0,99.53
fold2_room1_mix1673,29,5,0,171,0,91.70
fold2_room1_mix1673,30,5,0,172,0,92.92
fold2_room1_mix1673,31,5,0,172,0,98.82
fold2_room1_mix1673,32,5,0,172,0,94.80
fold2_room1_mix1673,33,5,0,171,0,91.93
fold2_room1_mix1673,34,5,0,172,0,93.95
fold2_room1_mix1673,35,5,0,171,0,87.18
fold2_room1_mix1673,36,5,0,171,0,85.18
fold2_room1_mix1673,37,5,0,171,0,84.61
fold2_room1_mix1673,38,5,0,170,0,84.06
fold2_room1_mix1673,39,5,0,170,0,79.52
fold2_room1_mix1673,40,5,0,170,0,79.22
fold2_room1_mix1673,41,5,0,169,0,80.39
fold2_room1_mix1673,42,5,0,168,0,73.69
fold2_room1_mix1673,43,5,0,156,0,21.08
fold2_room1_mix1673,43,5,0,173,0,101.36
fold2_room1_mix1673,44,5,0,155,0,20.01
fold2_room1_mix1673,44,5,0,173,0,101.22
fold2_room1_mix1673,45,5,0,149,0,15.47
fold2_room1_mix1673,45,5,0,172,0,92.84
fold2_room1_mix1673,46,5,0,148,-1,15.93
fold2_room1_mix1673,46,5,0,172,0,98.88
fold2_room1_mix1673,47,5,0,144,-1,13.11
fold2_room1_mix1673,47,5,0,173,0,93.40
fold2_room1_mix1673,48,5,0,140,-1,11.41
fold2_room1_mix1673,48,5,0,173,0,90.77
fold2_room1_mix1673,49,5,0,132,-1,9.74
fold2_room1_mix1673,49,5,0,172,0,87.64
fold2_room1_mix1673,50,5,0,127,-1,8.60
fold2_room1_mix1673,50,5,0,173,0,88.44
fold2_room1_mix1673,51,5,0,114,-2,7.27
fold2_room1_mix1673,51,5,0,172,0,83.87
fold2_room1_mix1673,52,5,0,107,-2,6.81
fold2_room1_mix1673,52,5,0,174,0,88.39
fold2_room1_mix1673,53,5,0,97,-2,6.44
fold2_room1_mix1673,53,5,0,173,0,85.37
fold2_room1_mix1673,54,5,0,71,-2,6.60
fold2_room1_mix1673,54,5,0,173,0,86.42
fold2_room1_mix1673,55,5,0,64,-2,6.72
fold2_room1_mix1673,55,5,0,173,0,84.76
fold2_room1_mix1673,56,5,0,56,-2,7.30
fold2_room1_mix1673,56,5,0,173,0,83.68
fold2_room1_mix1673,57,5,0,50,-2,8.45
fold2_room1_mix1673,57,5,0,174,0,86.80
fold2_room1_mix1673,58,5,0,44,-1,9.66
fold2_room1_mix1673,58,5,0,174,0,83.81
fold2_room1_mix1673,59,5,0,45,-1,9.62
fold2_room1_mix1673,59,5,0,173,0,85.05
fold2_room1_mix1673,60,5,0,39,-1,10.62
fold2_room1_mix1673,60,5,0,173,0,80.42
fold2_room1_mix1673,61,5,0,34,-1,11.73
fold2_room1_mix1673,61,5,0,172,0,75.40
fold2_room1_mix1673,62,5,0,28,-1,13.82
fold2_room1_mix1673,62,5,0,173,0,75.81
fold2_room1_mix1673,63,5,0,27,-1,14.96
fold2_room1_mix1673,63,5,0,172,0,74.82
fold2_room1_mix1673,64,5,0,25,0,16.04
fold2_room1_mix1673,64,5,0,171,0,61.84
fold2_room1_mix1673,65,5,0,23,0,18.16
fold2_room1_mix1673,65,5,0,171,0,64.35
fold2_room1_mix1673,66,5,0,19,0,21.99
fold2_room1_mix1673,66,5,0,168,0,54.84
fold2_room1_mix1673,67,5,0,22,0,20.44
fold2_room1_mix1673,67,5,0,172,0,72.44
fold2_room1_mix1673,68,5,0,21,0,20.70
fold2_room1_mix1673,68,5,0,171,0,70.03
fold2_room1_mix1673,69,5,0,19,0,22.83
fold2_room1_mix1673,69,5,0,171,0,72.08
fold2_room1_mix1673,70,5,0,18,0,24.69
fold2_room1_mix1673,70,5,0,168,0,64.82
fold2_room1_mix1673,71,5,0,18,0,23.90
fold2_room1_mix1673,71,5,0,169,0,65.10
fold2_room1_mix1673,72,5,0,17,0,25.88
fold2_room1_mix1673,72,5,0,166,0,56.71
fold2_room1_mix1673,73,5,0,15,0,28.96
fold2_room1_mix1673,73,5,0,157,0,28.03
fold2_room1_mix1673,73,5,0,172,0,85.09
fold2_room1_mix1673,74,5,0,15,0,31.33
fold2_room1_mix1673,74,5,0,155,0,25.95
fold2_room1_mix1673,74,5,0,172,0,84.40
fold2_room1_mix1673,75,5,0,14,0,34.37
fold2_room1_mix1673,75,5,0,152,0,23.23
fold2_room1_mix1673,75,5,0,171,0,77.33
fold2_room1_mix1673,76,5,0,12,0,39.22
fold2_room1_mix1673,76,5,0,139,0,15.98
fold2_room1_mix1673,76,5,0,169,0,59.31
fold2_room1_mix1673,77,5,0,11,0,38.99
fold2_room1_mix1673,77,5,0,121,-1,12.13
fold2_room1_mix1673,77,5,0,168,0,47.54
fold2_room1_mix1673,78,5,0,10,0,40.39
fold2_room1_mix1673,78,5,0,116,-1,12.32
fold2_room1_mix1673,78,5,0,171,0,48.63
fold2_room1_mix1673,79,5,0,10,0,42.21
fold2_room1_mix1673,79,5,0,144,0,17.15
fold2_room1_mix1673,79,5,0,172,0,67.17
fold2_room1_mix1673,80,5,0,9,0,46.20
fold2_room1_mix1673,80,5,0,147,0,17.94
fold2_room1_mix1673,80,5,0,173,0,73.91
fold2_room1_mix1673,81,5,0,10,0,44.91
fold2_room1_mix1673,81,5,0,147,0,18.83
fold2_room1_mix1673,81,5,0,172,0,75.43
fold2_room1_mix1673,82,5,0,10,0,44.39
fold2_room1_mix1673,82,5,0,151,0,21.34
fold2_room1_mix1673,82,5,0,173,0,86.06
fold2_room1_mix1673,83,5,0,10,0,44.84
fold2_room1_mix1673,83,5,0,151,0,19.85
fold2_room1_mix1673,83,5,0,173,0,83.68
fold2_room1_mix1673,84,5,0,9,0,43.01
fold2_room1_mix1673,84,5,0,151,0,19.59
fold2_room1_mix1673,84,5,0,173,0,79.31
fold2_room1_mix1673,85,5,0,9,0,48.85
fold2_room1_mix1673,85,5,0,140,-1,15.82
fold2_room1_mix1673,85,5,0,172,0,70.42
fold2_room1_mix1673,86,5,0,8,0,54.88
fold2_room1_mix1673,86,5,0,117,-1,12.51
fold2_room1_mix1673,86,5,0,170,0,60.79
fold2_room1_mix1673,87,5,0,9,0,50.14
fold2_room1_mix1673,87,5,0,131,-1,13.57
fold2_room1_mix1673,87,5,0,170,0,64.73
fold2_room1_mix1673,88,5,0,10,0,52.66
fold2_room1_mix1673,88,5,0,90,-1,11.01
fold2_room1_mix1673,88,5,0,166,0,48.42
fold2_room1_mix1673,89,5,0,9,0,60.72
fold2_room1_mix1673,89,5,0,80,-1,10.70
fold2_room1_mix1673,89,5,0,168,0,53.74
fold2_room1_mix1673,90,5,0,9,0,58.64
fold2_room1_mix1673,90,5,0,71,-1,9.95
fold2_room1_mix1673,90,5,0,169,0,50.28
fold2_room1_mix1673,91,5,0,11,0,59.68
fold2_room1_mix1673,91,5,0,77,0,11.21
fold2_room1_mix1673,91,5,0,166,0,53.86
fold2_room1_mix1673,92,5,0,10,0,62.35
fold2_room1_mix1673,92,5,0,68,-1,11.32
fold2_room1_mix1673,92,5,0,169,0,51.08
fold2_room1_mix1673,93,5,0,9,0,59.82
fold2_room1_mix1673,93,5,0,37,0,13.49
fold2_room1_mix1673,93,5,0,162,0,29.67
fold2_room1_mix1673,94,5,0,9,0,65.63
fold2_room1_mix1673,94,5,0,69,-1,12.14
fold2_room1_mix1673,94,5,0,168,0,53.34
fold2_room1_mix1673,95,5,0,9,0,65.68
fold2_room1_mix1673,95,5,0,39,-1,14.87
fold2_room1_mix1673,95,5,0,161,0,34.03
fold2_room1_mix1673,96,5,0,9,0,70.71
fold2_room1_mix1673,96,5,0,44,-1,14.07
fold2_room1_mix1673,96,5,0,165,0,41.63
fold2_room1_mix1673,97,5,0,9,0,71.55
fold2_room1_mix1673,97,5,0,39,0,14.90
fold2_room1_mix1673,97,5,0,163,0,37.58
fold2_room1_mix1673,98,5,0,8,0,77.49
fold2_room1_mix1673,98,5,0,33,0,17.53
fold2_room1_mix1673,98,5,0,162,0,38.09
fold2_room1_mix1673,99,5,0,13,0,48.93
fold2_room1_mix1673,99,5,0,150,0,21.57
fold2_room1_mix1674,5,5,0,-179,1,2.75
fold2_room1_mix1674,6,5,0,175,1,10.91
fold2_room1_mix1674,7,5,0,-178,1,36.03
fold2_room1_mix1674,8,5,0,-179,0,68.42
fold2_room1_mix1674,9,5,0,-179,0,84.44
fold2_room1_mix1674,10,5,0,178,0,100.05
fold2_room1_mix1674,11,5,0,178,0,94.28
fold2_room1_mix1674,12,5,0,-177,0,98.06
fold2_room1_mix1674,13,5,0,-178,0,94.47
fold2_room1_mix1674,14,5,0,-178,0,93.07
fold2_room1_mix1674,15,5,0,-174,0,88.52
fold2_room1_mix1674,16,5,0,-178,0,100.52
fold2_room1_mix1674,17,5,0,-178,0,95.34
fold2_room1_mix1674,18,5,0,-177,0,98.12
fold2_room1_mix1674,19,5,0,-177,0,100.07
fold2_room1_mix1674,20,5,0,-178,0,104.15
fold2_room1_mix1674,21,5,0,-177,0,103.29
fold2_room1_mix1674,22,5,0,-178,0,107.16
fold2_room1_mix1674,23,5,0,-177,0,102.29
fold2_room1_mix1674,24,5,0,-179,0,101.91
fold2_room1_mix1674,25,5,0,-177,0,104.49
fold2_room1_mix1674,26,5,0,-179,0,99.74
fold2_room1_mix1674,27,5,0,-178,0,100.94
fold2_room1_mix1674,28,5,0,-177,0,98.65
fold2_room1_mix1674,29,5,0,-178,0,105.55
fold2_room1_mix1674,30,5,0,-179,0,94.57
fold2_room1_mix1674,31,5,0,-176,0,97.70
fold2_room1_mix1674,32,5,0,-177,0,95.58
fold2_room1_mix1674,33,5,0,-176,0,94.03
fold2_room1_mix1674,34,5,0,-177,0,99.16
fold2_room1_mix1674,35,5,0,-176,0,98.43
fold2_room1_mix1674,36,5,0,-175,0,93.98
fold2_room1_mix1674,37,5,0,-176,0,93.62
fold2_room1_mix1674,38,5,0,-175,0,90.21
fold2_room1_mix1674,39,5,0,-174,0,86.93
fold2_room1_mix1674,40,5,0,-174,0,88.94
fold2_room1_mix1674,41,5,0,-173,0,85.80
fold2_room1_mix1674,42,5,0,-173,0,83.62
fold2_room1_mix1674,43,5,0,-173,0,81.62
fold2_room1_mix1674,44,5,0,-171,0,81.30
fold2_room1_mix1674,45,5,0,-171,0,78.68
fold2_room1_mix1674,46,5,0,-171,0,75.57
fold2_room1_mix1674,47,5,0,-171,0,72.60
fold2_room1_mix1674,48,5,0,-159,0,20.07
fold2_room1_mix1674,48,5,0,-175,0,95.89
fold2_room1_mix1674,49,5,0,-156,0,15.83
fold2_room1_mix1674,49,5,0,-174,0,89.93
fold2_room1_mix1674,50,5,0,-155,0,15.48
fold2_room1_mix1674,50,5,0,-174,0,88.66
fold2_room1_mix1674,51,5,0,-152,-1,13.26
fold2_room1_mix1674,51,5,0,-174,0,84.88
fold2_room1_mix1674,52,5,0,-150,-1,12.69
fold2_room1_mix1674,52,5,0,-174,0,81.84
fold2_room1_mix1674,53,5,0,-135,-1,9.42
fold2_room1_mix1674,53,5,0,-172,0,77.82
fold2_room1_mix1674,54,5,0,-121,-1,7.36
fold2_room1_mix1674,54,5,0,-173,0,82.88
fold2_room1_mix1674,55,5,0,-120,-1,7.84
fold2_room1_mix1674,55,5,0,-173,0,78.71
fold2_room1_mix1674,56,5,0,-106,-1,7.09
fold2_room1_mix1674,56,5,0,-173,0,79.75
fold2_room1_mix1674,57,5,0,-92,-1,7.33
fold2_room1_mix1674,57,5,0,-172,0,77.84
fold2_room1_mix1674,58,5,0,-76,-1,8.31
fold2_room1_mix1674,58,5,0,-172,0,76.87
fold2_room1_mix1674,59,5,0,-66,-1,8.35
fold2_room1_mix1674,59,5,0,-171,0,77.67
fold2_room1_mix1674,60,5,0,-51,-1,9.54
fold2_room1_mix1674,60,5,0,-171,0,78.72
fold2_room1_mix1674,61,5,0,-48,-1,10.02
fold2_room1_mix1674,61,5,0,-171,0,78.28
fold2_room1_mix1674,62,5,0,-42,-1,10.44
fold2_room1_mix1674,62,5,0,-170,0,70.87
fold2_room1_mix1674,63,5,0,-35,-1,11.74
fold2_room1_mix1674,63,5,0,-171,0,72.40
fold2_room1_mix1674,64,5,0,-29,-1,12.94
fold2_room1_mix1674,64,5,0,-170,0,64.62
fold2_room1_mix1674,65,5,0,-25,-1,14.75
fold2_room1_mix1674,65,5,0,-169,0,63.00
fold2_room1_mix1674,66,5,0,-22,0,17.47
fold2_room1_mix1674,66,5,0,-167,0,58.82
fold2_room1_mix1674,67,5,0,-20,0,18.25
fold2_room1_mix1674,67,5,0,-166,0,54.32
fold2_room1_mix1674,68,5,0,-20,0,19.15
fold2_room1_mix1674,68,5,0,-166,0,54.59
fold2_room1_mix1674,69,5,0,-19,0,21.09
fold2_room1_mix1674,69,5,0,-166,0,55.79
fold2_room1_mix1674,70,5,0,-17,0,23.64
fold2_room1_mix1674,70,5,0,-166,0,53.83
fold2_room1_mix1674,71,5,0,-17,0,24.45
fold2_room1_mix1674,71,5,0,-157,0,27.52
fold2_room1_mix1674,71,5,0,-173,0,81.20
fold2_room1_mix1674,72,5,0,-15,0,26.13
fold2_room1_mix1674,72,5,0,-149,0,20.46
fold2_room1_mix1674,72,5,0,-170,0,63.48
fold2_room1_mix1674,73,5,0,-17,0,25.47
fold2_room1_mix1674,73,5,0,-151,0,21.98
fold2_room1_mix1674,73,5,0,-170,0,67.18
fold2_room1_mix1674,74,5,0,-13,0,28.50
fold2_room1_mix1674,74,5,0,-145,0,17.38
fold2_room1_mix1674,74,5,0,-170,0,61.19
fold2_room1_mix1674,75,5,0,-12,0,29.75
fold2_room1_mix1674,75,5,0,-140,0,14.30
fold2_room1_mix1674,75,5,0,-169,0,53.15
fold2_room1_mix1674,76,5,0,-12,0,30.61
fold2_room1_mix1674,76,5,0,-133,0,12.06
fold2_room1_mix1674,76,5,0,-168,0,47.15
fold2_room1_mix1674,77,5,0,-13,0,30.57
fold2_room1_mix1674,77,5,0,-101,0,9.34
fold2_room1_mix1674,77,5,0,-166,0,36.27
fold2_room1_mix1674,78,5,0,-13,0,29.88
fold2_room1_mix1674,78,5,0,-89,0,8.99
fold2_room1_mix1674,78,5,0,-165,0,32.15
fold2_room1_mix1674,79,5,0,-12,0,32.23
fold2_room1_mix1674,79,5,0,-88,0,9.40
fold2_room1_mix1674,79,5,0,-164,0,33.95
fold2_room1_mix1674,80,5,0,-11,0,35.61
fold2_room1_mix1674,80,5,0,-70,-1,9.68
fold2_room1_mix1674,80,5,0,-164,0,32.98
fold2_room1_mix1674,81,5,0,-12,0,34.86
fold2_room1_mix1674,81,5,0,-41,0,10.36
fold2_room1_mix1674,81,5,0,-147,0,15.51
fold2_room1_mix1674,82,5,0,-13,0,37.00
fold2_room1_mix1674,82,5,0,-40,0,11.10
fold2_room1_mix1674,82,5,0,-144,0,15.04
fold2_room1_mix1674,83,5,0,-10,0,43.81
fold2_room1_mix1674,83,5,0,-34,0,13.46
fold2_room1_mix1674,83,5,0,-139,0,12.37
fold2_room1_mix1674,84,5,0,-11,0,48.88
fold2_room1_mix1674,84,5,0,-31,0,15.73
fold2_room1_mix1674,84,5,0,-127,0,9.80
fold2_room1_mix1674,85,5,0,-11,0,49.64
fold2_room1_mix1674,85,5,0,-30,0,15.60
fold2_room1_mix1674,85,5,0,-120,0,9.55
fold2_room1_mix1674,86,5,0,-9,0,57.06
fold2_room1_mix1674,86,5,0,-26,0,18.93
fold2_room1_mix1674,86,5,0,-97,-1,7.50
fold2_room1_mix1674,87,5,0,-17,0,40.84
fold2_room1_mix1674,87,5,0,-78,0,8.17
fold2_room1_mix1674,88,5,0,-15,0,44.90
fold2_room1_mix1674,88,5,0,-61,0,8.83
fold2_room1_mix1674,89,5,0,-13,0,50.40
fold2_room1_mix1674,89,5,0,-53,-1,9.92
fold2_room1_mix1674,90,5,0,-13,0,51.41
fold2_room1_mix1674,90,5,0,-48,0,11.40
fold2_room1_mix1674,91,5,0,-10,0,53.80
fold2_room1_mix1674,91,5,0,-38,-1,12.52
fold2_room1_mix1674,92,5,0,-10,0,53.41
fold2_room1_mix1674,92,5,0,-30,0,15.36
fold2_room1_mix1674,93,5,0,-16,0,41.49
fold2_room1_mix1674,94,5,0,-14,0,43.00
fold2_room1_mix1674,95,5,0,-12,0,45.74
fold2_room1_mix1674,96,5,0,-11,0,45.74
fold2_room1_mix1674,97,5,0,-11,0,48.01
fold2_room1_mix1674,98,5,0,-10,0,50.62
fold2_room1_mix1674,99,5,0,-9,0,54.59
fold2_room1_mix1675,4,5,0,179,1,11.55
fold2_room1_mix1675,5,5,0,-178,0,30.12
fold2_room1_mix1675,6,5,0,-178,0,52.77
fold2_room1_mix1675,7,5,0,-177,0,81.03
fold2_room1_mix1675,8,5,0,-178,0,98.05
fold2_room1_mix1675,9,5,0,-179,0,90.96
fold2_room1_mix1675,10,5,0,-178,0,88.75
fold2_room1_mix1675,11,5,0,-178,0,86.60
fold2_room1_mix1675,12,5,0,-178,0,85.55
fold2_room1_mix1675,13,5,0,-177,0,85.78
fold2_room1_mix1675,14,5,0,-178,0,85.89
fold2_room1_mix1675,15,5,0,-178,0,86.05
fold2_room1_mix1675,16,5,0,-177,0,84.20
fold2_room1_mix1675,17,5,0,-177,0,85.53
fold2_room1_mix1675,18,5,0,-177,0,85.72
fold2_room1_mix1675,19,5,0,-175,0,83.46
fold2_room1_mix1675,20,5,0,-175,0,83.18
fold2_room1_mix1675,21,5,0,-174,0,84.20
fold2_room1_mix1675,22,5,0,-174,0,78.83
fold2_room1_mix1675,23,5,0,-174,0,71.82
fold2_room1_mix1675,24,5,0,-174,0,74.30
fold2_room1_mix1675,25,5,0,-174,0,72.87
fold2_room1_mix1675,26,5,0,-173,0,72.22
fold2_room1_mix1675,27,5,0,-172,0,74.98
fold2_room1_mix1675,28,5,0,-172,0,69.84
fold2_room1_mix1675,29,5,0,-171,0,65.00
fold2_room1_mix1675,30,5,0,-171,0,63.80
fold2_room1_mix1675,31,5,0,-171,0,62.48
fold2_room1_mix1675,32,5,0,-171,0,62.21
fold2_room1_mix1675,33,5,0,-170,0,66.20
fold2_room1_mix1675,34,5,0,-170,0,67.20
fold2_room1_mix1675,35,5,0,-170,0,62.88
fold2_room1_mix1675,36,5,0,-159,0,17.44
fold2_room1_mix1675,36,5,0,-174,0,81.34
fold2_room1_mix1675,37,5,0,-157,0,15.36
fold2_room1_mix1675,37,5,0,-174,0,78.21
fold2_room1_mix1675,38,5,0,-155,0,14.04
fold2_room1_mix1675,38,5,0,-173,0,70.74
fold2_room1_mix1675,39,5,0,-149,0,12.18
fold2_room1_mix1675,39,5,0,-173,0,71.39
fold2_room1_mix1675,40,5,0,-142,0,10.74
fold2_room1_mix1675,40,5,0,-173,0,76.53
fold2_room1_mix1675,41,5,0,-138,0,9.76
fold2_room1_mix1675,41,5,0,-172,0,68.84
fold2_room1_mix1675,42,5,0,-134,-1,9.14
fold2_room1_mix1675,42,5,0,-173,0,69.86
fold2_room1_mix1675,43,5,0,-126,-1,7.97
fold2_room1_mix1675,43,5,0,-173,0,71.49
fold2_room1_mix1675,44,5,0,-115,-1,6.91
fold2_room1_mix1675,44,5,0,-173,0,72.15
fold2_room1_mix1675,45,5,0,-102,-1,6.51
fold2_room1_mix1675,45,5,0,-173,0,74.34
fold2_room1_mix1675,46,5,0,-96,-1,6.33
fold2_room1_mix1675,46,5,0,-173,0,73.32
fold2_room1_mix1675,47,5,0,-84,-1,6.61
fold2_room1_mix1675,47,5,0,-172,0,71.51
fold2_room1_mix1675,48,5,0,-68,-1,6.93
fold2_room1_mix1675,48,5,0,-171,0,69.82
fold2_room1_mix1675,49,5,0,-58,-1,7.49
fold2_room1_mix1675,49,5,0,-170,0,67.09
fold2_room1_mix1675,50,5,0,-50,-1,8.33
fold2_room1_mix1675,50,5,0,-171,0,67.43
fold2_room1_mix1675,51,5,0,-43,-1,9.28
fold2_room1_mix1675,51,5,0,-171,0,68.63
fold2_room1_mix1675,52,5,0,-41,-1,9.81
fold2_room1_mix1675,52,5,0,-170,0,66.49
fold2_room1_mix1675,53,5,0,-37,-1,10.51
fold2_room1_mix1675,53,5,0,-171,0,66.18
fold2_room1_mix1675,54,5,0,-33,-1,11.50
fold2_room1_mix1675,54,5,0,-170,0,61.61
fold2_room1_mix1675,55,5,0,-30,-1,12.70
fold2_room1_mix1675,55,5,0,-169,0,60.95
fold2_room1_mix1675,56,5,0,-23,0,14.09
fold2_room1_mix1675,56,5,0,-170,0,60.01
fold2_room1_mix1675,57,5,0,-23,0,15.35
fold2_room1_mix1675,57,5,0,-168,0,55.19
fold2_room1_mix1675,58,5,0,-24,0,15.35
fold2_room1_mix1675,58,5,0,-170,0,55.66
fold2_room1_mix1675,59,5,0,-24,0,15.99
fold2_room1_mix1675,59,5,0,-170,0,59.55
fold2_room1_mix1675,60,5,0,-22,0,17.28
fold2_room1_mix1675,60,5,0,-168,0,54.71
fold2_room1_mix1675,61,5,0,-22,0,19.24
fold2_room1_mix1675,61,5,0,-166,0,51.68
fold2_room1_mix1675,62,5,0,-22,0,18.76
fold2_room1_mix1675,62,5,0,-167,0,53.86
fold2_room1_mix1675,63,5,0,-22,0,20.21
fold2_room1_mix1675,63,5,0,-153,0,21.53
fold2_room1_mix1675,63,5,0,-169,0,60.19
fold2_room1_mix1675,64,5,0,-19,0,21.77
fold2_room1_mix1675,64,5,0,-157,0,22.23
fold2_room1_mix1675,64,5,0,-172,0,65.28
fold2_room1_mix1675,65,5,0,-15,0,22.98
fold2_room1_mix1675,65,5,0,-152,0,19.78
fold2_room1_mix1675,65,5,0,-172,0,62.42
fold2_room1_mix1675,66,5,0,-15,0,23.94
fold2_room1_mix1675,66,5,0,-152,0,19.95
fold2_room1_mix1675,66,5,0,-172,0,60.44
fold2_room1_mix1675,67,5,0,-14,0,25.02
fold2_room1_mix1675,67,5,0,-153,0,21.23
fold2_room1_mix1675,67,5,0,-172,0,66.46
fold2_room1_mix1675,68,5,0,-12,0,26.60
fold2_room1_mix1675,68,5,0,-149,0,16.53
fold2_room1_mix1675,68,5,0,-171,0,57.12
fold2_room1_mix1675,69,5,0,-13,0,26.87
fold2_room1_mix1675,69,5,0,-149,0,16.44
fold2_room1_mix1675,69,5,0,-171,0,56.38
fold2_room1_mix1675,70,5,0,-11,0,27.76
fold2_room1_mix1675,70,5,0,-145,0,15.15
fold2_room1_mix1675,70,5,0,-171,0,55.86
fold2_room1_mix1675,71,5,0,-11,0,29.66
fold2_room1_mix1675,71,5,0,-143,0,14.31
fold2_room1_mix1675,71,5,0,-171,0,54.62
fold2_room1_mix1675,72,5,0,-10,0,33.71
fold2_room1_mix1675,72,5,0,-137,0,12.34
fold2_room1_mix1675,72,5,0,-170,0,51.51
fold2_room1_mix1675,73,5,0,-10,0,32.89
fold2_room1_mix1675,73,5,0,-139,0,12.61
fold2_room1_mix1675,73,5,0,-171,0,53.48
fold2_room1_mix1675,74,5,0,-10,0,34.79
fold2_room1_mix1675,74,5,0,-134,0,11.36
fold2_room1_mix1675,74,5,0,-169,0,49.49
fold2_room1_mix1675,75,5,0,-9,0,36.52
fold2_room1_mix1675,75,5,0,-134,0,11.44
fold2_room1_mix1675,75,5,0,-170,0,51.68
fold2_room1_mix1675,76,5,0,-10,0,37.07
fold2_room1_mix1675,76,5,0,-135,0,11.94
fold2_room1_mix1675,76,5,0,-170,0,53.00
fold2_room1_mix1675,77,5,0,-10,0,39.38
fold2_room1_mix1675,77,5,0,-116,0,9.65
fold2_room1_mix1675,77,5,0,-169,0,44.52
fold2_room1_mix1675,78,5,0,-10,0,40.60
fold2_room1_mix1675,78,5,0,-122,0,10.73
fold2_room1_mix1675,78,5,0,-170,0,48.31
fold2_room1_mix1675,79,5,0,-9,0,42.70
fold2_room1_mix1675,79,5,0,-109,-1,9.68
fold2_room1_mix1675,79,5,0,-169,0,44.41
fold2_room1_mix1675,80,5,0,-8,0,43.28
fold2_room1_mix1675,80,5,0,-123,-1,11.34
fold2_room1_mix1675,80,5,0,-171,0,51.58
fold2_room1_mix1675,81,5,0,-7,0,46.59
fold2_room1_mix1675,81,5,0,-114,-1,10.40
fold2_room1_mix1675,81,5,0,-171,0,50.72
fold2_room1_mix1675,82,5,0,-8,0,44.98
fold2_room1_mix1675,82,5,0,-124,-1,10.73
fold2_room1_mix1675,82,5,0,-171,0,51.68
fold2_room1_mix1675,83,5,0,-7,0,45.87
fold2_room1_mix1675,83,5,0,-106,-1,9.40
fold2_room1_mix1675,83,5,0,-171,0,45.38
fold2_room1_mix1675,84,5,0,-7,0,46.07
fold2_room1_mix1675,84,5,0,-123,0,10.62
fold2_room1_mix1675,84,5,0,-172,0,52.53
fold2_room1_mix1675,85,5,0,-6,0,48.10
fold2_room1_mix1675,85,5,0,-110,-1,9.69
fold2_room1_mix1675,85,5,0,-171,0,48.36
fold2_room1_mix1675,86,5,0,-7,0,48.13
fold2_room1_mix1675,86,5,0,-102,-1,9.49
fold2_room1_mix1675,86,5,0,-169,0,47.00
fold2_room1_mix1675,87,5,0,-6,0,49.31
fold2_room1_mix1675,87,5,0,-85,-1,8.94
fold2_room1_mix1675,87,5,0,-169,0,44.38
fold2_room1_mix1675,88,5,0,-6,0,51.51
fold2_room1_mix1675,88,5,0,-84,-1,9.24
fold2_room1_mix1675,88,5,0,-171,0,47.74
fold2_room1_mix1675,89,5,0,-6,0,51.53
fold2_room1_mix1675,89,5,0,-70,-1,9.31
fold2_room1_mix1675,89,5,0,-170,0,44.99
fold2_room1_mix1675,90,5,0,-5,0,57.43
fold2_room1_mix1675,90,5,0,-55,-1,10.54
fold2_room1_mix1675,90,5,0,-169,0,43.86
fold2_room1_mix1675,91,5,0,-6,0,58.14
fold2_room1_mix1675,91,5,0,-52,0,11.36
fold2_room1_mix1675,91,5,0,-169,0,45.70
fold2_room1_mix1675,92,5,0,-6,0,55.98
fold2_room1_mix1675,92,5,0,-62,-1,10.57
fold2_room1_mix1675,92,5,0,-171,0,48.40
fold2_room1_mix1675,93,5,0,-3,0,66.68
fold2_room1_mix1675,93,5,0,-42,-1,13.15
fold2_room1_mix1675,93,5,0,-171,0,44.76
fold2_room1_mix1675,94,5,0,-5,0,60.41
fold2_room1_mix1675,94,5,0,-44,0,13.12
fold2_room1_mix1675,94,5,0,-170,0,42.09
fold2_room1_mix1675,95,5,0,-5,0,58.10
fold2_room1_mix1675,95,5,0,-56,0,11.01
fold2_room1_mix1675,95,5,0,-172,0,48.19
fold2_room1_mix1675,96,5,0,-6,0,58.45
fold2_room1_mix1675,96,5,0,-46,0,12.64
fold2_room1_mix1675,96,5,0,-168,0,39.12
fold2_room1_mix1675,97,5,0,-4,0,62.13
fold2_room1_mix1675,97,5,0,-47,0,12.64
fold2_room1_mix1675,97,5,0,-169,0,41.05
fold2_room1_mix1675,98,5,0,-5,0,62.52
fold2_room1_mix1675,98,5,0,-43,0,13.61
fold2_room1_mix1675,98,5,0,-167,0,38.29
fold2_room1_mix1675,99,5,0,-4,0,63.43
fold2_room1_mix1675,99,5,0,-45,0,13.17
fold2_room1_mix1675,99,5,0,-167,0,38.25
fold2_room1_mix1676,5,5,0,177,1,18.76
fold2_room1_mix1676,6,5,0,173,0,32.22
fold2_room1_mix1676,7,5,0,173,0,52.58
fold2_room1_mix1676,8,5,0,175,0,90.09
fold2_room1_mix1676,9,5,0,175,0,111.55
fold2_room1_mix1676,10,5,0,175,0,105.37
fold2_room1_mix1676,11,5,0,175,0,104.43
fold2_room1_mix1676,12,5,0,174,0,106.64
fold2_room1_mix1676,13,5,0,175,0,100.87
fold2_room1_mix1676,14,5,0,176,0,103.84
fold2_room1_mix1676,15,5,0,176,0,104.36
fold2_room1_mix1676,16,5,0,174,0,102.47
fold2_room1_mix1676,17,5,0,176,0,102.51
fold2_room1_mix1676,18,5,0,175,0,104.88
fold2_room1_mix1676,19,5,0,175,0,105.19
fold2_room1_mix1676,20,5,0,175,0,106.30
fold2_room1_mix1676,21,5,0,175,0,110.45
fold2_room1_mix1676,22,5,0,175,0,108.22
fold2_room1_mix1676,23,5,0,174,0,95.43
fold2_room1_mix1676,24,5,0,174,0,94.78
fold2_room1_mix1676,25,5,0,174,0,100.16
fold2_room1_mix1676,26,5,0,174,0,92.09
fold2_room1_mix1676,27,5,0,175,0,94.98
fold2_room1_mix1676,28,5,0,174,0,93.36
fold2_room1_mix1676,29,5,0,173,0,83.39
fold2_room1_mix1676,30,5,0,173,0,87.99
fold2_room1_mix1676,31,5,0,174,0,88.77
fold2_room1_mix1676,32,5,0,173,0,87.10
fold2_room1_mix1676,33,5,0,174,0,89.55
fold2_room1_mix1676,34,5,0,174,0,90.66
fold2_room1_mix1676,35,5,0,173,0,83.95
fold2_room1_mix1676,36,5,0,172,0,86.16
fold2_room1_mix1676,37,5,0,172,0,88.17
fold2_room1_mix1676,38,5,0,173,0,83.52
fold2_room1_mix1676,39,5,0,172,0,82.74
fold2_room1_mix1676,40,5,0,171,0,82.43
fold2_room1_mix1676,41,5,0,171,0,80.43
fold2_room1_mix1676,42,5,0,171,0,76.99
fold2_room1_mix1676,43,5,0,171,0,77.48
fold2_room1_mix1676,44,5,0,171,0,77.74
fold2_room1_mix1676,45,5,0,171,0,78.12
fold2_room1_mix1676,46,5,0,170,0,75.20
fold2_room1_mix1676,47,5,0,170,0,74.74
fold2_room1_mix1676,48,5,0,169,0,73.76
fold2_room1_mix1676,49,5,0,157,0,20.82
fold2_room1_mix1676,49,5,0,173,0,95.38
fold2_room1_mix1676,50,5,0,153,0,17.88
fold2_room1_mix1676,50,5,0,173,0,90.56
fold2_room1_mix1676,51,5,0,152,0,16.45
fold2_room1_mix1676,51,5,0,173,0,89.56
fold2_room1_mix1676,52,5,0,149,0,14.31
fold2_room1_mix1676,52,5,0,173,0,86.10
fold2_room1_mix1676,53,5,0,149,0,14.29
fold2_room1_mix1676,53,5,0,173,0,85.44
fold2_room1_mix1676,54,5,0,146,-1,12.44
fold2_room1_mix1676,54,5,0,173,0,82.14
fold2_room1_mix1676,55,5,0,141,-1,10.60
fold2_room1_mix1676,55,5,0,174,0,80.56
fold2_room1_mix1676,56,5,0,136,-1,9.28
fold2_room1_mix1676,56,5,0,173,0,77.61
fold2_room1_mix1676,57,5,0,121,-2,7.63
fold2_room1_mix1676,57,5,0,173,0,78.33
fold2_room1_mix1676,58,5,0,107,-2,6.37
fold2_room1_mix1676,58,5,0,173,0,76.95
fold2_room1_mix1676,59,5,0,98,-2,5.64
fold2_room1_mix1676,59,5,0,174,0,75.80
fold2_room1_mix1676,60,5,0,86,-2,5.92
fold2_room1_mix1676,60,5,0,174,0,80.16
fold2_room1_mix1676,61,5,0,71,-2,6.42
fold2_room1_mix1676,61,5,0,174,0,83.02
fold2_room1_mix1676,62,5,0,59,-2,6.97
fold2_room1_mix1676,62,5,0,173,0,75.97
fold2_room1_mix1676,63,5,0,54,-2,7.66
fold2_room1_mix1676,63,5,0,174,0,78.36
fold2_room1_mix1676,64,5,0,47,-1,8.29
fold2_room1_mix1676,64,5,0,173,0,71.38
fold2_room1_mix1676,65,5,0,42,-1,9.08
fold2_room1_mix1676,65,5,0,172,0,73.08
fold2_room1_mix1676,66,5,0,38,-1,10.08
fold2_room1_mix1676,66,5,0,172,0,72.75
fold2_room1_mix1676,67,5,0,40,-1,10.09
fold2_room1_mix1676,67,5,0,172,0,72.08
fold2_room1_mix1676,68,5,0,37,-1,11.64
fold2_room1_mix1676,68,5,0,171,0,73.90
fold2_room1_mix1676,69,5,0,33,-1,12.61
fold2_room1_mix1676,69,5,0,172,0,76.88
fold2_room1_mix1676,70,5,0,27,-1,14.80
fold2_room1_mix1676,70,5,0,171,0,65.51
fold2_room1_mix1676,71,5,0,28,-1,14.71
fold2_room1_mix1676,71,5,0,171,0,66.10
fold2_room1_mix1676,72,5,0,25,-1,15.99
fold2_room1_mix1676,72,5,0,171,0,63.80
fold2_room1_mix1676,73,5,0,24,0,17.79
fold2_room1_mix1676,73,5,0,170,0,60.53
fold2_room1_mix1676,74,5,0,20,0,20.69
fold2_room1_mix1676,74,5,0,169,0,54.05
fold2_room1_mix1676,75,5,0,21,0,20.18
fold2_room1_mix1676,75,5,0,171,0,60.32
fold2_room1_mix1676,76,5,0,21,0,21.60
fold2_room1_mix1676,76,5,0,172,0,67.03
fold2_room1_mix1676,77,5,0,18,0,23.72
fold2_room1_mix1676,77,5,0,171,0,67.29
fold2_room1_mix1676,78,5,0,17,0,23.93
fold2_room1_mix1676,78,5,0,168,0,55.14
fold2_room1_mix1676,79,5,0,16,0,25.75
fold2_room1_mix1676,79,5,0,167,0,55.09
fold2_room1_mix1676,80,5,0,15,0,25.51
fold2_room1_mix1676,80,5,0,168,0,52.15
fold2_room1_mix1676,81,5,0,14,0,28.19
fold2_room1_mix1676,81,5,0,168,0,56.20
fold2_room1_mix1676,82,5,0,14,0,29.62
fold2_room1_mix1676,82,5,0,167,0,54.84
fold2_room1_mix1676,83,5,0,13,0,31.17
fold2_room1_mix1676,83,5,0,153,0,21.50
fold2_room1_mix1676,83,5,0,172,0,71.34
fold2_room1_mix1676,84,5,0,12,0,33.69
fold2_room1_mix1676,84,5,0,148,0,17.42
fold2_room1_mix1676,84,5,0,170,0,63.67
fold2_room1_mix1676,85,5,0,12,0,36.38
fold2_room1_mix1676,85,5,0,148,0,18.31
fold2_room1_mix1676,85,5,0,171,0,69.34
fold2_room1_mix1676,86,5,0,11,0,37.68
fold2_room1_mix1676,86,5,0,134,0,13.21
fold2_room1_mix1676,86,5,0,170,0,53.07
fold2_room1_mix1676,87,5,0,11,0,36.11
fold2_room1_mix1676,87,5,0,120,0,11.27
fold2_room1_mix1676,87,5,0,169,0,44.72
fold2_room1_mix1676,88,5,0,12,0,40.49
fold2_room1_mix1676,88,5,0,118,0,11.43
fold2_room1_mix1676,88,5,0,169,0,47.32
fold2_room1_mix1676,89,5,0,10,0,46.36
fold2_room1_mix1676,89,5,0,125,0,12.60
fold2_room1_mix1676,89,5,0,171,0,56.51
fold2_room1_mix1676,90,5,0,9,0,44.63
fold2_room1_mix1676,90,5,0,86,0,9.69
fold2_room1_mix1676,90,5,0,169,0,43.58
fold2_room1_mix1676,91,5,0,10,0,43.67
fold2_room1_mix1676,91,5,0,134,0,13.77
fold2_room1_mix1676,91,5,0,171,0,58.03
fold2_room1_mix1676,92,5,0,8,0,47.57
fold2_room1_mix1676,92,5,0,124,-1,12.69
fold2_room1_mix1676,92,5,0,171,0,54.49
fold2_room1_mix1676,93,5,0,8,0,47.25
fold2_room1_mix1676,93,5,0,136,-1,13.82
fold2_room1_mix1676,93,5,0,172,0,61.59
fold2_room1_mix1676,94,5,0,10,0,44.62
fold2_room1_mix1676,94,5,0,129,0,12.24
fold2_room1_mix1676,94,5,0,169,0,54.35
fold2_room1_mix1676,95,5,0,7,0,49.73
fold2_room1_mix1676,95,5,0,119,0,10.71
fold2_room1_mix1676,95,5,0,170,0,51.34
fold2_room1_mix1676,96,5,0,8,0,50.48
fold2_room1_mix1676,96,5,0,117,0,10.96
fold2_room1_mix1676,96,5,0,170,0,52.56
fold2_room1_mix1676,97,5,0,8,0,54.57
fold2_room1_mix1676,97,5,0,110,-1,10.82
fold2_room1_mix1676,97,5,0,169,0,54.82
fold2_room1_mix1676,98,5,0,8,0,55.17
fold2_room1_mix1676,98,5,0,74,-1,9.84
fold2_room1_mix1676,98,5,0,166,0,43.60
fold2_room1_mix1676,99,5,0,8,0,52.48
fold2_room1_mix1676,99,5,0,63,0,9.52
fold2_room1_mix1676,99,5,0,164,0,37.20
fold2_room1_mix1677,4,5,0,-5,1,3.84
fold2_room1_mix1677,5,5,0,-6,1,21.30
fold2_room1_mix1677,6,5,0,1,0,35.99
fold2_room1_mix1677,7,5,0,-4,0,59.17
fold2_room1_mix1677,8,5,0,-4,0,85.63
fold2_room1_mix1677,9,5,0,0,0,106.63
fold2_room1_mix1677,10,5,0,0,0,105.46
fold2_room1_mix1677,11,5,0,0,0,100.57
fold2_room1_mix1677,12,5,0,-1,0,91.53
fold2_room1_mix1677,13,5,0,-1,0,90.04
fold2_room1_mix1677,14,5,0,-1,0,92.79
fold2_room1_mix1677,15,5,0,-3,0,81.50
fold2_room1_mix1677,16,5,0,-4,0,93.53
fold2_room1_mix1677,17,5,0,-3,0,91.50
fold2_room1_mix1677,18,5,0,-2,0,96.26
fold2_room1_mix1677,19,5,0,-2,0,101.35
fold2_room1_mix1677,20,5,0,-2,0,100.06
fold2_room1_mix1677,21,5,0,-6,0,94.00
fold2_room1_mix1677,22,5,0,-3,0,99.47
fold2_room1_mix1677,23,5,0,-4,0,91.26
fold2_room1_mix1677,24,5,0,-4,0,93.90
fold2_room1_mix1677,25,5,0,-3,0,101.80
fold2_room1_mix1677,26,5,0,-4,0,99.00
fold2_room1_mix1677,27,5,0,-3,0,99.43
fold2_room1_mix1677,28,5,0,-2,0,96.55
fold2_room1_mix1677,29,5,0,-4,0,100.22
fold2_room1_mix1677,30,5,0,-4,0,92.95
fold2_room1_mix1677,31,5,0,-3,0,95.85
fold2_room1_mix1677,32,5,0,-4,0,100.13
fold2_room1_mix1677,33,5,0,-4,0,95.97
fold2_room1_mix1677,34,5,0,-4,0,98.42
fold2_room1_mix1677,35,5,0,-5,0,99.38
fold2_room1_mix1677,36,5,0,-3,0,95.02
fold2_room1_mix1677,37,5,0,-4,0,99.15
fold2_room1_mix1677,38,5,0,-4,0,98.66
fold2_room1_mix1677,39,5,0,-5,0,90.96
fold2_room1_mix1677,40,5,0,-5,0,97.11
fold2_room1_mix1677,41,5,0,-5,0,94.83
fold2_room1_mix1677,42,5,0,-5,0,93.75
fold2_room1_mix1677,43,5,0,-6,0,89.29
fold2_room1_mix1677,44,5,0,-4,0,89.26
fold2_room1_mix1677,45,5,0,-6,0,90.97
fold2_room1_mix1677,46,5,0,-6,0,85.75
fold2_room1_mix1677,47,5,0,-6,0,86.94
fold2_room1_mix1677,48,5,0,-7,0,84.64
fold2_room1_mix1677,49,5,0,-8,0,78.06
fold2_room1_mix1677,50,5,0,-8,0,73.86
fold2_room1_mix1677,51,5,0,-8,0,75.84
fold2_room1_mix1677,52,5,0,-9,0,73.99
fold2_room1_mix1677,53,5,0,-4,0,96.08
fold2_room1_mix1677,53,5,0,-20,0,21.83
fold2_room1_mix1677,54,5,0,-4,0,95.81
fold2_room1_mix1677,54,5,0,-22,0,20.95
fold2_room1_mix1677,55,5,0,-4,0,88.04
fold2_room1_mix1677,55,5,0,-24,0,17.70
fold2_room1_mix1677,56,5,0,-4,0,88.16
fold2_room1_mix1677,56,5,0,-24,0,17.76
fold2_room1_mix1677,57,5,0,-4,0,91.53
fold2_room1_mix1677,57,5,0,-26,0,16.81
fold2_room1_mix1677,58,5,0,-4,0,86.66
fold2_room1_mix1677,58,5,0,-28,0,14.62
fold2_room1_mix1677,59,5,0,-4,0,87.28
fold2_room1_mix1677,59,5,0,-32,0,13.86
fold2_room1_mix1677,60,5,0,-4,0,88.35
fold2_room1_mix1677,60,5,0,-36,0,13.19
fold2_room1_mix1677,61,5,0,-4,0,85.00
fold2_room1_mix1677,61,5,0,-40,0,11.77
fold2_room1_mix1677,62,5,0,-5,0,86.70
fold2_room1_mix1677,62,5,0,-50,0,10.28
fold2_room1_mix1677,63,5,0,-6,0,82.81
fold2_room1_mix1677,63,5,0,-59,0,9.14
fold2_room1_mix1677,64,5,0,-7,0,80.58
fold2_room1_mix1677,64,5,0,-68,0,8.51
fold2_room1_mix1677,65,5,0,-7,0,82.70
fold2_room1_mix1677,65,5,0,-89,0,8.76
fold2_room1_mix1677,66,5,0,-7,0,83.18
fold2_room1_mix1677,66,5,0,-96,0,9.08
fold2_room1_mix1677,67,5,0,-7,0,81.62
fold2_room1_mix1677,67,5,0,-116,-1,10.90
fold2_room1_mix1677,68,5,0,-8,0,78.53
fold2_room1_mix1677,68,5,0,-126,0,11.25
fold2_room1_mix1677,69,5,0,-8,0,75.07
fold2_room1_mix1677,69,5,0,-129,0,12.00
fold2_room1_mix1677,70,5,0,-8,0,76.25
fold2_room1_mix1677,70,5,0,-137,0,13.86
fold2_room1_mix1677,71,5,0,-9,0,70.10
fold2_room1_mix1677,71,5,0,-140,0,14.49
fold2_room1_mix1677,72,5,0,-9,0,65.24
fold2_room1_mix1677,72,5,0,-146,0,16.36
fold2_room1_mix1677,73,5,0,-9,0,65.92
fold2_room1_mix1677,73,5,0,-146,0,16.47
fold2_room1_mix1677,74,5,0,-9,0,62.97
fold2_room1_mix1677,74,5,0,-148,0,17.94
fold2_room1_mix1677,75,5,0,-9,0,64.33
fold2_room1_mix1677,75,5,0,-151,0,19.90
fold2_room1_mix1677,76,5,0,-10,0,64.13
fold2_room1_mix1677,76,5,0,-153,0,21.64
fold2_room1_mix1677,77,5,0,-10,0,63.44
fold2_room1_mix1677,77,5,0,-152,0,21.80
fold2_room1_mix1677,78,5,0,-10,0,61.15
fold2_room1_mix1677,78,5,0,-153,0,22.79
fold2_room1_mix1677,79,5,0,-10,0,60.35
fold2_room1_mix1677,79,5,0,-154,0,25.10
fold2_room1_mix1677,80,5,0,-10,0,58.51
fold2_room1_mix1677,80,5,0,-158,0,28.10
fold2_room1_mix1677,81,5,0,-10,0,56.05
fold2_room1_mix1677,81,5,0,-159,0,27.46
fold2_room1_mix1677,82,5,0,-10,0,58.09
fold2_room1_mix1677,82,5,0,-161,0,31.01
fold2_room1_mix1677,83,5,0,-10,0,59.58
fold2_room1_mix1677,83,5,0,-162,0,33.58
fold2_room1_mix1677,84,5,0,-11,0,55.56
fold2_room1_mix1677,84,5,0,-162,0,35.82
fold2_room1_mix1677,85,5,0,-12,0,55.11
fold2_room1_mix1677,85,5,0,-162,0,36.82
fold2_room1_mix1677,86,5,0,-6,0,72.87
fold2_room1_mix1677,86,5,0,-22,0,26.09
fold2_room1_mix1677,86,5,0,-163,0,38.93
fold2_room1_mix1677,87,5,0,-7,0,69.59
fold2_room1_mix1677,87,5,0,-27,0,23.29
fold2_room1_mix1677,87,5,0,-164,0,43.69
fold2_room1_mix1677,88,5,0,-8,0,67.48
fold2_room1_mix1677,88,5,0,-29,0,22.67
fold2_room1_mix1677,88,5,0,-165,0,45.99
fold2_room1_mix1677,89,5,0,-8,0,66.77
fold2_room1_mix1677,89,5,0,-30,0,22.19
fold2_room1_mix1677,89,5,0,-165,0,48.36
fold2_room1_mix1677,90,5,0,-10,0,59.29
fold2_room1_mix1677,90,5,0,-41,0,18.17
fold2_room1_mix1677,90,5,0,-166,0,53.04
fold2_room1_mix1677,91,5,0,-9,0,61.36
fold2_room1_mix1677,91,5,0,-46,0,17.35
fold2_room1_mix1677,91,5,0,-168,0,58.74
fold2_room1_mix1677,92,5,0,-10,0,63.54
fold2_room1_mix1677,92,5,0,-47,0,18.38
fold2_room1_mix1677,92,5,0,-167,0,60.19
fold2_room1_mix1677,93,5,0,-11,0,59.44
fold2_room1_mix1677,93,5,0,-56,0,16.32
fold2_room1_mix1677,93,5,0,-167,0,60.77
fold2_room1_mix1677,94,5,0,-10,0,59.04
fold2_room1_mix1677,94,5,0,-54,0,16.83
fold2_room1_mix1677,94,5,0,-168,0,58.78
fold2_room1_mix1677,95,5,0,-11,0,51.76
fold2_room1_mix1677,95,5,0,-65,-1,14.66
fold2_room1_mix1677,95,5,0,-169,0,62.07
fold2_room1_mix1677,96,5,0,-11,0,52.16
fold2_room1_mix1677,96,5,0,-68,0,14.27
fold2_room1_mix1677,96,5,0,-168,0,61.07
fold2_room1_mix1677,97,5,0,-10,0,53.48
fold2_room1_mix1677,97,5,0,-61,0,14.59
fold2_room1_mix1677,97,5,0,-169,0,62.46
fold2_room1_mix1677,98,5,0,-11,0,53.65
fold2_room1_mix1677,98,5,0,-61,-1,15.10
fold2_room1_mix1677,98,5,0,-169,0,64.88
fold2_room1_mix1677,99,5,0,-11,0,50.95
fold2_room1_mix1677,99,5,0,-89,-1,14.01
fold2_room1_mix1677,99,5,0,-170,0,70.96
fold2_room1_mix1678,4,5,0,1,1,5.04
fold2_room1_mix1678,5,5,0,3,1,21.09
fold2_room1_mix1678,6,5,0,4,0,35.30
fold2_room1_mix1678,7,5,0,2,0,42.41
fold2_room1_mix1678,8,5,0,2,0,77.19
fold2_room1_mix1678,9,5,0,2,0,101.94
fold2_room1_mix1678,10,5,0,3,0,95.91
fold2_room1_mix1678,11,5,0,3,0,91.81
fold2_room1_mix1678,12,5,0,4,0,87.33
fold2_room1_mix1678,13,5,0,5,0,91.02
fold2_room1_mix1678,14,5,0,5,0,90.68
fold2_room1_mix1678,15,5,0,4,0,87.59
fold2_room1_mix1678,16,5,0,5,0,91.79
fold2_room1_mix1678,17,5,0,4,0,94.99
fold2_room1_mix1678,18,5,0,5,0,101.27
fold2_room1_mix1678,19,5,0,4,0,108.03
fold2_room1_mix1678,20,5,0,5,0,100.85
fold2_room1_mix1678,21,5,0,3,0,107.16
fold2_room1_mix1678,22,5,0,3,0,107.80
fold2_room1_mix1678,23,5,0,4,0,103.01
fold2_room1_mix1678,24,5,0,4,0,102.90
fold2_room1_mix1678,25,5,0,4,0,106.63
fold2_room1_mix1678,26,5,0,4,0,103.89
fold2_room1_mix1678,27,5,0,4,0,104.59
fold2_room1_mix1678,28,5,0,4,0,103.14
fold2_room1_mix1678,29,5,0,3,0,106.50
fold2_room1_mix1678,30,5,0,4,0,101.34
fold2_room1_mix1678,31,5,0,5,0,99.80
fold2_room1_mix1678,32,5,0,4,0,103.29
fold2_room1_mix1678,33,5,0,3,0,99.18
fold2_room1_mix1678,34,5,0,3,0,100.87
fold2_room1_mix1678,35,5,0,5,0,104.46
fold2_room1_mix1678,36,5,0,4,0,95.69
fold2_room1_mix1678,37,5,0,4,0,97.51
fold2_room1_mix1678,38,5,0,4,0,97.47
fold2_room1_mix1678,39,5,0,5,0,93.31
fold2_room1_mix1678,40,5,0,5,0,94.68
fold2_room1_mix1678,41,5,0,5,0,92.95
fold2_room1_mix1678,42,5,0,6,0,88.36
fold2_room1_mix1678,43,5,0,6,0,90.57
fold2_room1_mix1678,44,5,0,6,0,86.88
fold2_room1_mix1678,45,5,0,6,0,86.59
fold2_room1_mix1678,46,5,0,7,0,81.08
fold2_room1_mix1678,47,5,0,7,0,80.25
fold2_room1_mix1678,48,5,0,6,0,81.93
fold2_room1_mix1678,49,5,0,7,0,77.87
fold2_room1_mix1678,50,5,0,8,0,70.20
fold2_room1_mix1678,51,5,0,8,0,67.99
fold2_room1_mix1678,52,5,0,8,0,68.47
fold2_room1_mix1678,53,5,0,9,0,65.30
fold2_room1_mix1678,54,5,0,9,0,65.05
fold2_room1_mix1678,55,5,0,5,0,82.87
fold2_room1_mix1678,55,5,0,21,0,19.95
fold2_room1_mix1678,56,5,0,10,0,60.14
fold2_room1_mix1678,57,5,0,4,0,82.26
fold2_room1_mix1678,57,5,0,24,0,17.11
fold2_room1_mix1678,58,5,0,5,0,74.07
fold2_room1_mix1678,58,5,0,26,0,14.29
fold2_room1_mix1678,59,5,0,5,0,72.84
fold2_room1_mix1678,59,5,0,28,0,12.62
fold2_room1_mix1678,60,5,0,5,0,73.47
fold2_room1_mix1678,60,5,0,36,-1,11.17
fold2_room1_mix1678,61,5,0,5,0,67.76
fold2_room1_mix1678,61,5,0,39,0,9.20
fold2_room1_mix1678,62,5,0,5,0,65.85
fold2_room1_mix1678,62,5,0,44,-1,8.40
fold2_room1_mix1678,63,5,0,5,0,72.09
fold2_room1_mix1678,63,5,0,57,-1,7.05
fold2_room1_mix1678,64,5,0,5,0,62.53
fold2_room1_mix1678,64,5,0,59,-1,6.27
fold2_room1_mix1678,65,5,0,6,0,64.27
fold2_room1_mix1678,65,5,0,90,-2,6.17
fold2_room1_mix1678,66,5,0,7,0,60.76
fold2_room1_mix1678,66,5,0,101,-2,6.19
fold2_room1_mix1678,67,5,0,7,0,60.23
fold2_room1_mix1678,67,5,0,113,-2,6.53
fold2_room1_mix1678,68,5,0,7,0,56.52
fold2_room1_mix1678,68,5,0,127,-1,7.32
fold2_room1_mix1678,69,5,0,7,0,60.32
fold2_room1_mix1678,69,5,0,137,-1,9.51
fold2_room1_mix1678,70,5,0,7,0,61.50
fold2_room1_mix1678,70,5,0,143,-1,11.91
fold2_room1_mix1678,71,5,0,7,0,57.28
fold2_room1_mix1678,71,5,0,149,-1,13.45
fold2_room1_mix1678,72,5,0,7,0,55.26
fold2_room1_mix1678,72,5,0,151,0,14.12
fold2_room1_mix1678,73,5,0,7,0,57.30
fold2_room1_mix1678,73,5,0,159,0,18.93
fold2_room1_mix1678,74,5,0,7,0,54.14
fold2_room1_mix1678,74,5,0,157,0,18.15
fold2_room1_mix1678,75,5,0,8,0,54.90
fold2_room1_mix1678,75,5,0,160,0,20.19
fold2_room1_mix1678,76,5,0,8,0,54.35
fold2_room1_mix1678,76,5,0,162,0,21.66
fold2_room1_mix1678,77,5,0,8,0,54.85
fold2_room1_mix1678,77,5,0,162,0,24.57
fold2_room1_mix1678,78,5,0,9,0,46.69
fold2_room1_mix1678,78,5,0,160,0,22.94
fold2_room1_mix1678,79,5,0,9,0,54.61
fold2_room1_mix1678,79,5,0,163,0,25.97
fold2_room1_mix1678,80,5,0,9,0,48.87
fold2_room1_mix1678,80,5,0,164,0,28.06
fold2_room1_mix1678,81,5,0,9,0,52.24
fold2_room1_mix1678,81,5,0,165,0,30.50
fold2_room1_mix1678,82,5,0,8,0,56.75
fold2_room1_mix1678,82,5,0,167,0,31.96
fold2_room1_mix1678,83,5,0,9,0,52.66
fold2_room1_mix1678,83,5,0,169,0,36.70
fold2_room1_mix1678,84,5,0,8,0,52.40
fold2_room1_mix1678,84,5,0,169,0,36.50
fold2_room1_mix1678,85,5,0,10,0,45.99
fold2_room1_mix1678,85,5,0,170,0,40.98
fold2_room1_mix1678,86,5,0,5,0,61.73
fold2_room1_mix1678,86,5,0,24,0,17.79
fold2_room1_mix1678,86,5,0,170,0,44.85
fold2_room1_mix1678,87,5,0,5,0,64.45
fold2_room1_mix1678,87,5,0,22,0,18.47
fold2_room1_mix1678,87,5,0,171,0,44.55
fold2_room1_mix1678,88,5,0,5,0,65.45
fold2_room1_mix1678,88,5,0,22,0,18.23
fold2_room1_mix1678,88,5,0,171,0,46.71
fold2_room1_mix1678,89,5,0,4,0,72.23
fold2_room1_mix1678,89,5,0,20,0,19.52
fold2_room1_mix1678,89,5,0,171,0,48.58
fold2_room1_mix1678,90,5,0,10,0,50.26
fold2_room1_mix1678,90,5,0,171,0,46.49
fold2_room1_mix1678,91,5,0,10,0,55.24
fold2_room1_mix1678,91,5,0,171,0,48.10
fold2_room1_mix1678,92,5,0,11,0,48.53
fold2_room1_mix1678,92,5,0,172,0,49.37
fold2_room1_mix1678,93,5,0,9,0,58.35
fold2_room1_mix1678,93,5,0,170,0,47.58
fold2_room1_mix1678,94,5,0,6,0,73.75
fold2_room1_mix1678,94,5,0,23,0,19.06
fold2_room1_mix1678,94,5,0,171,0,50.80
fold2_room1_mix1678,95,5,0,4,0,68.91
fold2_room1_mix1678,95,5,0,30,-1,16.02
fold2_room1_mix1678,95,5,0,173,0,55.97
fold2_room1_mix1678,96,5,0,4,0,72.58
fold2_room1_mix1678,96,5,0,24,-1,17.12
fold2_room1_mix1678,96,5,0,174,0,56.95
fold2_room1_mix1678,97,5,0,5,0,59.87
fold2_room1_mix1678,97,5,0,34,-1,14.34
fold2_room1_mix1678,97,5,0,174,0,60.41
fold2_room1_mix1678,98,5,0,5,0,64.43
fold2_room1_mix1678,98,5,0,35,-1,13.77
fold2_room1_mix1678,98,5,0,174,0,60.75
fold2_room1_mix1678,99,5,0,5,0,68.85
fold2_room1_mix1678,99,5,0,36,0,13.95
fold2_room1_mix1678,99,5,0,174,0,64.36
fold2_room1_mix1679,6,5,0,178,1,23.08
fold2_room1_mix1679,7,5,0,179,0,36.39
fold2_room1_mix1679,8,5,0,179,0,61.26
fold2_room1_mix1679,9,5,0,178,0,82.59
fold2_room1_mix1679,10,5,0,178,0,104.02
fold2_room1_mix1679,11,5,0,179,0,105.26
fold2_room1_mix1679,12,5,0,-179,0,106.98
fold2_room1_mix1679,13,5,0,-179,0,108.38
fold2_room1_mix1679,14,5,0,-179,0,109.62
fold2_room1_mix1679,15,5,0,-179,0,108.13
fold2_room1_mix1679,16,5,0,-178,0,112.11
fold2_room1_mix1679,17,5,0,-179,0,109.34
fold2_room1_mix1679,18,5,0,-179,0,107.81
fold2_room1_mix1679,19,5,0,-178,0,110.74
fold2_room1_mix1679,20,5,0,-178,0,108.59
fold2_room1_mix1679,21,5,0,-178,0,113.08
fold2_room1_mix1679,22,5,0,-178,0,113.14
fold2_room1_mix1679,23,5,0,-179,0,108.08
fold2_room1_mix1679,24,5,0,-178,0,110.12
fold2_room1_mix1679,25,5,0,-178,0,107.95
fold2_room1_mix1679,26,5,0,-177,0,107.66
fold2_room1_mix1679,27,5,0,-177,0,106.30
fold2_room1_mix1679,28,5,0,-177,0,108.13
fold2_room1_mix1679,29,5,0,-177,0,105.78
fold2_room1_mix1679,30,5,0,-177,0,102.15
fold2_room1_mix1679,31,5,0,-176,0,101.07
fold2_room1_mix1679,32,5,0,-175,0,102.90
fold2_room1_mix1679,33,5,0,-175,0,97.60
fold2_room1_mix1679,34,5,0,-174,0,97.17
fold2_room1_mix1679,35,5,0,-174,0,96.18
fold2_room1_mix1679,36,5,0,-174,0,95.96
fold2_room1_mix1679,37,5,0,-173,0,93.62
fold2_room1_mix1679,38,5,0,-171,0,89.79
fold2_room1_mix1679,39,5,0,-171,0,86.91
fold2_room1_mix1679,40,5,0,-171,0,87.63
fold2_room1_mix1679,41,5,0,-159,0,24.43
fold2_room1_mix1679,41,5,0,-174,0,115.15
fold2_room1_mix1679,42,5,0,-158,0,23.79
fold2_room1_mix1679,42,5,0,-174,0,109.42
fold2_room1_mix1679,43,5,0,-156,0,21.19
fold2_room1_mix1679,43,5,0,-174,0,109.91
fold2_room1_mix1679,44,5,0,-154,0,19.64
fold2_room1_mix1679,44,5,0,-174,0,109.03
fold2_room1_mix1679,45,5,0,-151,0,17.67
fold2_room1_mix1679,45,5,0,-174,0,107.42
fold2_room1_mix1679,46,5,0,-149,-1,16.31
fold2_room1_mix1679,46,5,0,-174,0,107.37
fold2_room1_mix1679,47,5,0,-144,-1,13.71
fold2_room1_mix1679,47,5,0,-174,0,105.48
fold2_room1_mix1679,48,5,0,-137,-1,10.97
fold2_room1_mix1679,48,5,0,-174,0,103.24
fold2_room1_mix1679,49,5,0,-122,-2,8.50
fold2_room1_mix1679,49,5,0,-174,0,101.90
fold2_room1_mix1679,50,5,0,-111,-2,7.76
fold2_room1_mix1679,50,5,0,-175,0,101.04
fold2_room1_mix1679,51,5,0,-102,-2,7.45
fold2_room1_mix1679,51,5,0,-175,0,100.16
fold2_room1_mix1679,52,5,0,-87,-2,7.53
fold2_room1_mix1679,52,5,0,-175,0,100.13
fold2_room1_mix1679,53,5,0,-67,-2,7.91
fold2_room1_mix1679,53,5,0,-174,0,97.21
fold2_room1_mix1679,54,5,0,-57,-2,8.34
fold2_room1_mix1679,54,5,0,-174,0,95.65
fold2_room1_mix1679,55,5,0,-47,-1,9.46
fold2_room1_mix1679,55,5,0,-174,0,95.23
fold2_room1_mix1679,56,5,0,-41,-1,10.38
fold2_room1_mix1679,56,5,0,-174,0,92.18
fold2_room1_mix1679,57,5,0,-35,-1,11.16
fold2_room1_mix1679,57,5,0,-174,0,87.17
fold2_room1_mix1679,58,5,0,-32,-1,12.68
fold2_room1_mix1679,58,5,0,-173,0,82.96
fold2_room1_mix1679,59,5,0,-28,-1,13.92
fold2_room1_mix1679,59,5,0,-173,0,80.14
fold2_room1_mix1679,60,5,0,-25,-1,14.91
fold2_room1_mix1679,60,5,0,-173,0,81.23
fold2_room1_mix1679,61,5,0,-25,-1,16.66
fold2_room1_mix1679,61,5,0,-173,0,82.17
fold2_room1_mix1679,62,5,0,-21,0,20.36
fold2_room1_mix1679,62,5,0,-170,0,76.52
fold2_room1_mix1679,63,5,0,-19,0,20.79
fold2_room1_mix1679,63,5,0,-170,0,74.87
fold2_room1_mix1679,64,5,0,-18,0,22.18
fold2_room1_mix1679,64,5,0,-169,0,69.49
fold2_room1_mix1679,65,5,0,-15,0,24.89
fold2_room1_mix1679,65,5,0,-168,0,63.65
fold2_room1_mix1679,66,5,0,-14,0,25.35
fold2_room1_mix1679,66,5,0,-168,0,65.68
fold2_room1_mix1679,67,5,0,-12,0,26.75
fold2_room1_mix1679,67,5,0,-167,0,60.28
fold2_room1_mix1679,68,5,0,-11,0,29.50
fold2_room1_mix1679,68,5,0,-156,0,27.34
fold2_room1_mix1679,68,5,0,-174,0,87.70
fold2_room1_mix1679,69,5,0,-11,0,31.85
fold2_room1_mix1679,69,5,0,-154,0,25.60
fold2_room1_mix1679,69,5,0,-174,0,86.88
fold2_room1_mix1679,70,5,0,-10,0,33.40
fold2_room1_mix1679,70,5,0,-154,0,24.67
fold2_room1_mix1679,70,5,0,-174,0,86.61
fold2_room1_mix1679,71,5,0,-9,0,35.47
fold2_room1_mix1679,71,5,0,-154,0,24.60
fold2_room1_mix1679,71,5,0,-175,0,89.35
fold2_room1_mix1679,72,5,0,-10,0,38.18
fold2_room1_mix1679,72,5,0,-148,0,21.16
fold2_room1_mix1679,72,5,0,-173,0,80.87
fold2_room1_mix1679,73,5,0,-10,0,37.27
fold2_room1_mix1679,73,5,0,-153,0,25.36
fold2_room1_mix1679,73,5,0,-174,0,90.51
fold2_room1_mix1679,74,5,0,-7,0,40.71
fold2_room1_mix1679,74,5,0,-149,-1,20.79
fold2_room1_mix1679,74,5,0,-175,0,85.57
fold2_room1_mix1679,75,5,0,-8,0,42.89
fold2_room1_mix1679,75,5,0,-137,-1,16.07
fold2_room1_mix1679,75,5,0,-173,0,69.08
fold2_room1_mix1679,76,5,0,-9,0,44.48
fold2_room1_mix1679,76,5,0,-133,-1,15.94
fold2_room1_mix1679,76,5,0,-171,0,66.91
fold2_room1_mix1679,77,5,0,-9,0,45.69
fold2_room1_mix1679,77,5,0,-130,-1,14.46
fold2_room1_mix1679,77,5,0,-170,0,63.25
fold2_room1_mix1679,78,5,0,-7,0,49.73
fold2_room1_mix1679,78,5,0,-123,-1,13.88
fold2_room1_mix1679,78,5,0,-172,0,65.59
fold2_room1_mix1679,79,5,0,-6,0,51.26
fold2_room1_mix1679,79,5,0,-113,-1,12.90
fold2_room1_mix1679,79,5,0,-171,0,62.82
fold2_room1_mix1679,80,5,0,-5,0,54.49
fold2_room1_mix1679,80,5,0,-128,-1,13.85
fold2_room1_mix1679,80,5,0,-174,0,70.71
fold2_room1_mix1679,81,5,0,-6,0,56.33
fold2_room1_mix1679,81,5,0,-113,-1,13.05
fold2_room1_mix1679,81,5,0,-173,0,65.44
fold2_room1_mix1679,82,5,0,-7,0,55.09
fold2_room1_mix1679,82,5,0,-136,-1,16.17
fold2_room1_mix1679,82,5,0,-174,0,79.33
fold2_room1_mix1679,83,5,0,-6,0,56.03
fold2_room1_mix1679,83,5,0,-126,-1,15.05
fold2_room1_mix1679,83,5,0,-174,0,72.39
fold2_room1_mix1679,84,5,0,-7,0,53.96
fold2_room1_mix1679,84,5,0,-116,-1,14.45
fold2_room1_mix1679,84,5,0,-172,0,62.95
fold2_room1_mix1679,85,5,0,-7,0,58.26
fold2_room1_mix1679,85,5,0,-108,-1,13.36
fold2_room1_mix1679,85,5,0,-171,0,60.93
fold2_room1_mix1679,86,5,0,-6,0,59.44
fold2_room1_mix1679,86,5,0,-90,-1,12.93
fold2_room1_mix1679,86,5,0,-170,0,58.03
fold2_room1_mix1679,87,5,0,-5,0,63.89
fold2_room1_mix1679,87,5,0,-73,-1,13.03
fold2_room1_mix1679,87,5,0,-170,0,54.52
fold2_room1_mix1679,88,5,0,-4,0,65.18
fold2_room1_mix1679,88,5,0,-76,-2,12.55
fold2_room1_mix1679,88,5,0,-172,0,59.23
fold2_room1_mix1679,89,5,0,-4,0,64.59
fold2_room1_mix1679,89,5,0,-68,-1,12.94
fold2_room1_mix1679,89,5,0,-171,0,58.38
fold2_room1_mix1679,90,5,0,-5,0,63.75
fold2_room1_mix1679,90,5,0,-57,-1,13.35
fold2_room1_mix1679,90,5,0,-170,0,53.34
fold2_room1_mix1679,91,5,0,-5,0,65.91
fold2_room1_mix1679,91,5,0,-52,-1,13.59
fold2_room1_mix1679,91,5,0,-170,0,51.73
fold2_room1_mix1679,92,5,0,-4,0,71.48
fold2_room1_mix1679,92,5,0,-50,-1,14.87
fold2_room1_mix1679,92,5,0,-171,0,54.35
fold2_room1_mix1679,93,5,0,-5,0,70.42
fold2_room1_mix1679,93,5,0,-43,-1,15.68
fold2_room1_mix1679,93,5,0,-167,0,44.86
fold2_room1_mix1679,94,5,0,-5,0,78.05
fold2_room1_mix1679,94,5,0,-42,-1,17.03
fold2_room1_mix1679,94,5,0,-168,0,50.98
fold2_room1_mix1679,95,5,0,-4,0,78.97
fold2_room1_mix1679,95,5,0,-44,-1,17.19
fold2_room1_mix1679,95,5,0,-168,0,51.83
fold2_room1_mix1679,96,5,0,-4,0,76.35
fold2_room1_mix1679,96,5,0,-58,-1,15.30
fold2_room1_mix1679,96,5,0,-171,0,61.99
fold2_room1_mix1679,97,5,0,-4,0,79.91
fold2_room1_mix1679,97,5,0,-32,0,20.21
fold2_room1_mix1679,97,5,0,-164,0,40.25
fold2_room1_mix1679,98,5,0,-3,0,84.61
fold2_room1_mix1679,98,5,0,-32,0,20.99
fold2_room1_mix1679,98,5,0,-165,0,44.24
fold2_room1_mix1679,99,5,0,-3,0,86.89
fold2_room1_mix1679,99,5,0,-38,0,19.64
fold2_room1_mix1679,99,5,0,-168,0,53.44
fold2_room1_mix1680,3,5,0,-5,1,11.03
fold2_room1_mix1680,4,5,0,-3,0,26.56
fold2_room1_mix1680,5,5,0,-4,0,34.91
fold2_room1_mix1680,6,5,0,-5,0,56.81
fold2_room1_mix1680,7,5,0,-7,0,80.74
fold2_room1_mix1680,8,5,0,-5,0,89.36
fold2_room1_mix1680,9,5,0,-5,0,88.10
fold2_room1_mix1680,10,5,0,-5,0,85.18
fold2_room1_mix1680,11,5,0,-6,0,84.99
fold2_room1_mix1680,12,5,0,-5,0,86.58
fold2_room1_mix1680,13,5,0,-6,0,86.40
fold2_room1_mix1680,14,5,0,-6,0,87.29
fold2_room1_mix1680,15,5,0,-6,0,85.87
fold2_room1_mix1680,16,5,0,-6,0,88.76
fold2_room1_mix1680,17,5,0,-6,0,86.81
fold2_room1_mix1680,18,5,0,-7,0,87.37
fold2_room1_mix1680,19,5,0,-7,0,90.19
fold2_room1_mix1680,20,5,0,-6,0,89.46
fold2_room1_mix1680,21,5,0,-6,0,93.57
fold2_room1_mix1680,22,5,0,-7,0,90.76
fold2_room1_mix1680,23,5,0,-6,0,89.02
fold2_room1_mix1680,24,5,0,-6,0,92.34
fold2_room1_mix1680,25,5,0,-6,0,90.39
fold2_room1_mix1680,26,5,0,-6,0,84.34
fold2_room1_mix1680,27,5,0,-7,0,91.93
fold2_room1_mix1680,28,5,0,-7,0,84.74
fold2_room1_mix1680,29,5,0,-7,0,84.87
fold2_room1_mix1680,30,5,0,-7,0,81.05
fold2_room1_mix1680,31,5,0,-7,0,79.16
fold2_room1_mix1680,32,5,0,-8,0,79.20
fold2_room1_mix1680,33,5,0,-8,0,78.86
fold2_room1_mix1680,34,5,0,-8,0,78.96
fold2_room1_mix1680,35,5,0,-8,0,77.74
fold2_room1_mix1680,36,5,0,-9,0,73.58
fold2_room1_mix1680,37,5,0,-8,0,75.58
fold2_room1_mix1680,38,5,0,-8,0,74.19
fold2_room1_mix1680,39,5,0,-3,0,95.96
fold2_room1_mix1680,39,5,0,-20,0,22.39
fold2_room1_mix1680,40,5,0,-4,0,98.37
fold2_room1_mix1680,40,5,0,-20,0,23.62
fold2_room1_mix1680,41,5,0,-3,0,94.62
fold2_room1_mix1680,41,5,0,-21,0,20.66
fold2_room1_mix1680,42,5,0,-3,0,92.31
fold2_room1_mix1680,42,5,0,-22,0,18.95
fold2_room1_mix1680,43,5,0,-4,0,91.08
fold2_room1_mix1680,43,5,0,-23,0,18.88
fold2_room1_mix1680,44,5,0,-4,0,91.44
fold2_room1_mix1680,44,5,0,-23,0,18.71
fold2_room1_mix1680,45,5,0,-4,0,91.06
fold2_room1_mix1680,45,5,0,-24,0,16.81
fold2_room1_mix1680,46,5,0,-3,0,91.50
fold2_room1_mix1680,46,5,0,-25,0,16.90
fold2_room1_mix1680,47,5,0,-4,0,88.79
fold2_room1_mix1680,47,5,0,-29,0,15.41
fold2_room1_mix1680,48,5,0,-4,0,86.30
fold2_room1_mix1680,48,5,0,-34,0,13.53
fold2_room1_mix1680,49,5,0,-4,0,86.54
fold2_room1_mix1680,49,5,0,-38,0,12.38
fold2_room1_mix1680,50,5,0,-5,0,80.60
fold2_room1_mix1680,50,5,0,-40,0,11.69
fold2_room1_mix1680,51,5,0,-5,0,82.04
fold2_room1_mix1680,51,5,0,-44,0,11.30
fold2_room1_mix1680,52,5,0,-6,0,80.55
fold2_room1_mix1680,52,5,0,-47,0,10.54
fold2_room1_mix1680,53,5,0,-5,0,81.92
fold2_room1_mix1680,53,5,0,-50,-1,10.43
fold2_room1_mix1680,54,5,0,-7,0,78.15
fold2_room1_mix1680,54,5,0,-57,0,9.47
fold2_room1_mix1680,55,5,0,-8,0,81.63
fold2_room1_mix1680,55,5,0,-65,0,9.40
fold2_room1_mix1680,56,5,0,-8,0,81.10
fold2_room1_mix1680,56,5,0,-67,0,9.43
fold2_room1_mix1680,57,5,0,-9,0,79.89
fold2_room1_mix1680,57,5,0,-92,0,9.36
fold2_room1_mix1680,58,5,0,-10,0,79.56
fold2_room1_mix1680,58,5,0,-103,0,9.57
fold2_room1_mix1680,59,5,0,-10,0,81.43
fold2_room1_mix1680,59,5,0,-110,0,10.65
fold2_room1_mix1680,60,5,0,-11,0,75.07
fold2_room1_mix1680,60,5,0,-121,0,11.14
fold2_room1_mix1680,61,5,0,-10,0,73.31
fold2_room1_mix1680,61,5,0,-123,0,11.41
fold2_room1_mix1680,62,5,0,-10,0,73.44
fold2_room1_mix1680,62,5,0,-130,0,12.68
fold2_room1_mix1680,63,5,0,-10,0,70.38
fold2_room1_mix1680,63,5,0,-134,0,13.24
fold2_room1_mix1680,64,5,0,-10,0,72.16
fold2_room1_mix1680,64,5,0,-136,0,13.62
fold2_room1_mix1680,65,5,0,-11,0,70.45
fold2_room1_mix1680,65,5,0,-137,0,14.10
fold2_room1_mix1680,66,5,0,-11,0,65.79
fold2_room1_mix1680,66,5,0,-143,0,15.05
fold2_room1_mix1680,67,5,0,-11,0,63.21
fold2_room1_mix1680,67,5,0,-144,0,16.83
fold2_room1_mix1680,68,5,0,-12,0,62.26
fold2_room1_mix1680,68,5,0,-146,0,17.34
fold2_room1_mix1680,69,5,0,-12,0,59.70
fold2_room1_mix1680,69,5,0,-149,0,19.87
fold2_room1_mix1680,70,5,0,-12,0,57.70
fold2_room1_mix1680,70,5,0,-151,0,21.33
fold2_room1_mix1680,71,5,0,-13,0,54.52
fold2_room1_mix1680,71,5,0,-154,0,22.89
fold2_room1_mix1680,72,5,0,-12,0,58.56
fold2_room1_mix1680,72,5,0,-154,0,23.04
fold2_room1_mix1680,73,5,0,-13,0,54.05
fold2_room1_mix1680,73,5,0,-155,0,25.49
fold2_room1_mix1680,74,5,0,-13,0,53.88
fold2_room1_mix1680,74,5,0,-155,0,25.63
fold2_room1_mix1680,75,5,0,-13,0,54.66
fold2_room1_mix1680,75,5,0,-157,0,30.07
fold2_room1_mix1680,76,5,0,-14,0,53.30
fold2_room1_mix1680,76,5,0,-156,0,29.07
fold2_room1_mix1680,77,5,0,-14,0,51.68
fold2_room1_mix1680,77,5,0,-158,0,30.64
fold2_room1_mix1680,78,5,0,-15,0,52.22
fold2_room1_mix1680,78,5,0,-158,0,33.74
fold2_room1_mix1680,79,5,0,-10,0,68.55
fold2_room1_mix1680,79,5,0,-25,0,28.47
fold2_room1_mix1680,79,5,0,-159,0,35.65
fold2_room1_mix1680,80,5,0,-14,0,49.69
fold2_room1_mix1680,80,5,0,-160,0,33.16
fold2_room1_mix1680,81,5,0,-8,0,68.95
fold2_room1_mix1680,81,5,0,-23,0,27.30
fold2_room1_mix1680,81,5,0,-161,0,36.43
fold2_room1_mix1680,82,5,0,-13,0,55.65
fold2_room1_mix1680,82,5,0,-160,0,34.25
fold2_room1_mix1680,83,5,0,-7,0,72.92
fold2_room1_mix1680,83,5,0,-23,0,28.23
fold2_room1_mix1680,83,5,0,-161,0,37.08
fold2_room1_mix1680,84,5,0,-7,0,68.83
fold2_room1_mix1680,84,5,0,-24,0,26.30
fold2_room1_mix1680,84,5,0,-161,0,36.03
fold2_room1_mix1680,85,5,0,-7,0,76.44
fold2_room1_mix1680,85,5,0,-23,0,28.03
fold2_room1_mix1680,85,5,0,-162,0,41.15
fold2_room1_mix1680,86,5,0,-8,0,68.24
fold2_room1_mix1680,86,5,0,-27,0,24.79
fold2_room1_mix1680,86,5,0,-163,0,41.23
fold2_room1_mix1680,87,5,0,-8,0,73.03
fold2_room1_mix1680,87,5,0,-26,0,27.40
fold2_room1_mix1680,87,5,0,-162,0,40.29
fold2_room1_mix1680,88,5,0,-6,0,77.01
fold2_room1_mix1680,88,5,0,-24,0,27.17
fold2_room1_mix1680,88,5,0,-164,0,43.89
fold2_room1_mix1680,89,5,0,-8,0,70.99
fold2_room1_mix1680,89,5,0,-27,0,25.39
fold2_room1_mix1680,89,5,0,-163,0,42.43
fold2_room1_mix1680,90,5,0,-7,0,70.70
fold2_room1_mix1680,90,5,0,-27,0,24.51
fold2_room1_mix1680,90,5,0,-163,0,42.75
fold2_room1_mix1680,91,5,0,-9,0,67.80
fold2_room1_mix1680,91,5,0,-33,0,22.22
fold2_room1_mix1680,91,5,0,-164,0,48.73
fold2_room1_mix1680,92,5,0,-8,0,67.88
fold2_room1_mix1680,92,5,0,-33,0,21.73
fold2_room1_mix1680,92,5,0,-164,0,50.09
fold2_room1_mix1680,93,5,0,-8,0,67.25
fold2_room1_mix1680,93,5,0,-31,0,21.40
fold2_room1_mix1680,93,5,0,-165,0,49.85
fold2_room1_mix1680,94,5,0,-10,0,59.63
fold2_room1_mix1680,94,5,0,-43,0,17.97
fold2_room1_mix1680,94,5,0,-166,0,57.27
fold2_room1_mix1680,95,5,0,-10,0,64.65
fold2_room1_mix1680,95,5,0,-42,0,18.77
fold2_room1_mix1680,95,5,0,-166,0,59.57
fold2_room1_mix1680,96,5,0,-10,0,62.82
fold2_room1_mix1680,96,5,0,-43,0,18.45
fold2_room1_mix1680,96,5,0,-167,0,59.95
fold2_room1_mix1680,97,5,0,-12,0,48.13
fold2_room1_mix1680,97,5,0,-64,-1,14.03
fold2_room1_mix1680,97,5,0,-167,0,58.15
fold2_room1_mix1680,98,5,0,-11,0,50.08
fold2_room1_mix1680,98,5,0,-65,-1,14.01
fold2_room1_mix1680,98,5,0,-168,0,58.97
fold2_room1_mix1680,99,5,0,-12,0,42.28
fold2_room1_mix1680,99,5,0,-79,-1,12.80
fold2_room1_mix1680,99,5,0,-167,0,53.66
fold2_room1_mix1681,3,5,0,173,1,15.15
fold2_room1_mix1681,4,5,0,173,0,30.01
fold2_room1_mix1681,5,5,0,171,0,41.54
fold2_room1_mix1681,6,5,0,173,0,76.70
fold2_room1_mix1681,7,5,0,172,0,83.94
fold2_room1_mix1681,8,5,0,172,0,89.21
fold2_room1_mix1681,9,5,0,174,0,85.99
fold2_room1_mix1681,10,5,0,172,0,83.86
fold2_room1_mix1681,11,5,0,171,0,81.49
fold2_room1_mix1681,12,5,0,172,0,83.06
fold2_room1_mix1681,13,5,0,171,0,82.03
fold2_room1_mix1681,14,5,0,172,0,77.72
fold2_room1_mix1681,15,5,0,172,0,79.77
fold2_room1_mix1681,16,5,0,172,0,79.29
fold2_room1_mix1681,17,5,0,173,0,80.25
fold2_room1_mix1681,18,5,0,172,0,81.10
fold2_room1_mix1681,19,5,0,173,0,81.80
fold2_room1_mix1681,20,5,0,172,0,82.48
fold2_room1_mix1681,21,5,0,173,0,78.82
fold2_room1_mix1681,22,5,0,172,0,79.77
fold2_room1_mix1681,23,5,0,173,0,77.57
fold2_room1_mix1681,24,5,0,172,0,77.96
fold2_room1_mix1681,25,5,0,174,0,75.50
fold2_room1_mix1681,26,5,0,172,0,75.29
fold2_room1_mix1681,27,5,0,172,0,75.79
fold2_room1_mix1681,28,5,0,173,0,74.42
fold2_room1_mix1681,29,5,0,173,0,71.73
fold2_room1_mix1681,30,5,0,172,0,73.73
fold2_room1_mix1681,31,5,0,173,0,72.87
fold2_room1_mix1681,32,5,0,171,0,72.06
fold2_room1_mix1681,33,5,0,172,0,68.11
fold2_room1_mix1681,34,5,0,171,0,68.19
fold2_room1_mix1681,35,5,0,170,0,65.08
fold2_room1_mix1681,36,5,0,159,0,18.52
fold2_room1_mix1681,36,5,0,175,0,84.57
fold2_room1_mix1681,37,5,0,159,0,17.92
fold2_room1_mix1681,37,5,0,175,0,81.38
fold2_room1_mix1681,38,5,0,156,0,17.03
fold2_room1_mix1681,38,5,0,174,0,83.10
fold2_room1_mix1681,39,5,0,156,0,15.72
fold2_room1_mix1681,39,5,0,174,0,79.63
fold2_room1_mix1681,40,5,0,153,0,14.63
fold2_room1_mix1681,40,5,0,174,0,80.14
fold2_room1_mix1681,41,5,0,152,0,13.34
fold2_room1_mix1681,41,5,0,174,0,74.96
fold2_room1_mix1681,42,5,0,149,-1,12.16
fold2_room1_mix1681,42,5,0,174,0,77.57
fold2_room1_mix1681,43,5,0,145,-1,10.78
fold2_room1_mix1681,43,5,0,174,0,73.76
fold2_room1_mix1681,44,5,0,142,-1,9.85
fold2_room1_mix1681,44,5,0,174,0,73.34
fold2_room1_mix1681,45,5,0,137,-1,8.89
fold2_room1_mix1681,45,5,0,174,0,72.84
fold2_room1_mix1681,46,5,0,130,-1,7.75
fold2_room1_mix1681,46,5,0,174,0,72.42
fold2_room1_mix1681,47,5,0,121,-2,6.54
fold2_room1_mix1681,47,5,0,174,0,70.54
fold2_room1_mix1681,48,5,0,112,-2,6.14
fold2_room1_mix1681,48,5,0,173,0,68.92
fold2_room1_mix1681,49,5,0,110,-2,5.82
fold2_room1_mix1681,49,5,0,173,0,63.59
fold2_room1_mix1681,50,5,0,101,-2,5.80
fold2_room1_mix1681,50,5,0,173,0,68.19
fold2_room1_mix1681,51,5,0,82,-2,5.81
fold2_room1_mix1681,51,5,0,173,0,65.54
fold2_room1_mix1681,52,5,0,65,-2,5.92
fold2_room1_mix1681,52,5,0,173,0,64.18
fold2_room1_mix1681,53,5,0,61,-2,6.19
fold2_room1_mix1681,53,5,0,173,0,66.64
fold2_room1_mix1681,54,5,0,57,-2,6.37
fold2_room1_mix1681,54,5,0,173,0,66.25
fold2_room1_mix1681,55,5,0,55,-2,6.33
fold2_room1_mix1681,55,5,0,173,0,61.46
fold2_room1_mix1681,56,5,0,49,-2,7.30
fold2_room1_mix1681,56,5,0,174,0,69.14
fold2_room1_mix1681,57,5,0,39,-1,8.03
fold2_room1_mix1681,57,5,0,173,0,58.60
fold2_room1_mix1681,58,5,0,38,-1,8.75
fold2_room1_mix1681,58,5,0,173,0,57.63
fold2_room1_mix1681,59,5,0,34,-1,9.39
fold2_room1_mix1681,59,5,0,173,0,59.19
fold2_room1_mix1681,60,5,0,35,-1,10.68
fold2_room1_mix1681,60,5,0,173,0,61.05
fold2_room1_mix1681,61,5,0,30,-1,11.15
fold2_room1_mix1681,61,5,0,172,0,57.30
fold2_room1_mix1681,62,5,0,28,-1,12.58
fold2_room1_mix1681,62,5,0,172,0,59.43
fold2_room1_mix1681,63,5,0,23,-1,14.16
fold2_room1_mix1681,63,5,0,172,0,52.41
fold2_room1_mix1681,64,5,0,23,0,14.87
fold2_room1_mix1681,64,5,0,172,0,55.84
fold2_room1_mix1681,65,5,0,22,-1,14.45
fold2_room1_mix1681,65,5,0,172,0,50.96
fold2_room1_mix1681,66,5,0,19,0,16.80
fold2_room1_mix1681,66,5,0,171,0,48.45
fold2_room1_mix1681,67,5,0,19,0,17.14
fold2_room1_mix1681,67,5,0,171,0,48.30
fold2_room1_mix1681,68,5,0,14,0,19.24
fold2_room1_mix1681,68,5,0,171,0,45.37
fold2_room1_mix1681,69,5,0,13,0,19.75
fold2_room1_mix1681,69,5,0,172,0,45.38
fold2_room1_mix1681,70,5,0,13,0,22.68
fold2_room1_mix1681,70,5,0,169,0,44.61
fold2_room1_mix1681,71,5,0,9,0,24.69
fold2_room1_mix1681,71,5,0,161,0,18.88
fold2_room1_mix1681,71,5,0,176,0,56.49
fold2_room1_mix1681,72,5,0,12,0,24.64
fold2_room1_mix1681,72,5,0,157,0,20.46
fold2_room1_mix1681,72,5,0,174,0,60.25
fold2_room1_mix1681,73,5,0,10,0,23.41
fold2_room1_mix1681,73,5,0,152,0,14.70
fold2_room1_mix1681,73,5,0,174,0,44.56
fold2_room1_mix1681,74,5,0,12,0,25.57
fold2_room1_mix1681,74,5,0,157,0,19.15
fold2_room1_mix1681,74,5,0,175,0,58.17
fold2_room1_mix1681,75,5,0,11,0,24.26
fold2_room1_mix1681,75,5,0,155,0,16.01
fold2_room1_mix1681,75,5,0,174,0,48.17
fold2_room1_mix1681,76,5,0,12,0,24.98
fold2_room1_mix1681,76,5,0,170,0,43.06
fold2_room1_mix1681,77,5,0,11,0,25.94
fold2_room1_mix1681,77,5,0,170,0,40.80
fold2_room1_mix1681,78,5,0,11,0,26.45
fold2_room1_mix1681,78,5,0,171,0,47.53
fold2_room1_mix1681,79,5,0,12,0,25.60
fold2_room1_mix1681,79,5,0,157,0,17.79
fold2_room1_mix1681,79,5,0,175,0,58.24
fold2_room1_mix1681,80,5,0,10,0,32.81
fold2_room1_mix1681,80,5,0,152,0,15.61
fold2_room1_mix1681,80,5,0,174,0,60.58
fold2_room1_mix1681,81,5,0,7,0,33.52
fold2_room1_mix1681,81,5,0,150,0,12.90
fold2_room1_mix1681,81,5,0,174,0,52.27
fold2_room1_mix1681,82,5,0,9,0,33.83
fold2_room1_mix1681,82,5,0,153,0,15.67
fold2_room1_mix1681,82,5,0,175,0,61.75
fold2_room1_mix1681,83,5,0,7,0,31.07
fold2_room1_mix1681,83,5,0,148,0,12.44
fold2_room1_mix1681,83,5,0,175,0,51.39
fold2_room1_mix1681,84,5,0,8,0,37.36
fold2_room1_mix1681,84,5,0,140,0,11.72
fold2_room1_mix1681,84,5,0,173,0,51.67
fold2_room1_mix1681,85,5,0,8,0,38.80
fold2_room1_mix1681,85,5,0,141,-1,12.22
fold2_room1_mix1681,85,5,0,174,0,55.94
fold2_room1_mix1681,86,5,0,7,0,43.65
fold2_room1_mix1681,86,5,0,134,0,11.41
fold2_room1_mix1681,86,5,0,175,0,54.51
fold2_room1_mix1681,87,5,0,8,0,39.36
fold2_room1_mix1681,87,5,0,130,-1,10.33
fold2_room1_mix1681,87,5,0,173,0,47.66
fold2_room1_mix1681,88,5,0,8,0,46.16
fold2_room1_mix1681,88,5,0,133,0,12.27
fold2_room1_mix1681,88,5,0,174,0,59.42
fold2_room1_mix1681,89,5,0,8,0,41.40
fold2_room1_mix1681,89,5,0,145,0,13.70
fold2_room1_mix1681,89,5,0,174,0,62.72
fold2_room1_mix1681,90,5,0,7,0,44.11
fold2_room1_mix1681,90,5,0,143,0,13.32
fold2_room1_mix1681,90,5,0,174,0,62.71
fold2_room1_mix1681,91,5,0,8,0,40.20
fold2_room1_mix1681,91,5,0,144,0,13.37
fold2_room1_mix1681,91,5,0,174,0,59.71
fold2_room1_mix1681,92,5,0,7,0,44.81
fold2_room1_mix1681,92,5,0,141,0,12.45
fold2_room1_mix1681,92,5,0,174,0,61.98
fold2_room1_mix1681,93,5,0,7,0,42.11
fold2_room1_mix1681,93,5,0,146,0,13.84
fold2_room1_mix1681,93,5,0,174,0,62.48
fold2_room1_mix1681,94,5,0,9,0,41.04
fold2_room1_mix1681,94,5,0,153,0,16.15
fold2_room1_mix1681,94,5,0,174,0,72.72
fold2_room1_mix1681,95,5,0,8,0,41.95
fold2_room1_mix1681,95,5,0,147,0,13.64
fold2_room1_mix1681,95,5,0,174,0,63.02
fold2_room1_mix1681,96,5,0,7,0,50.80
fold2_room1_mix1681,96,5,0,143,0,13.34
fold2_room1_mix1681,96,5,0,173,0,69.27
fold2_room1_mix1681,97,5,0,7,0,43.30
fold2_room1_mix1681,97,5,0,148,0,13.80
fold2_room1_mix1681,97,5,0,174,0,68.31
fold2_room1_mix1681,98,5,0,7,0,51.82
fold2_room1_mix1681,98,5,0,142,-1,12.74
fold2_room1_mix1681,98,5,0,173,0,71.05
fold2_room1_mix1681,99,5,0,6,0,53.59
fold2_room1_mix1681,99,5,0,120,-1,10.01
fold2_room1_mix1681,99,5,0,172,0,58.73
fold2_room1_mix1682,7,5,0,0,1,22.29
fold2_room1_mix1682,8,5,0,2,0,33.44
fold2_room1_mix1682,9,5,0,1,0,57.91
fold2_room1_mix1682,10,5,0,0,0,89.79
fold2_room1_mix1682,11,5,0,0,0,104.87
fold2_room1_mix1682,12,5,0,1,0,105.00
fold2_room1_mix1682,13,5,0,1,0,96.84
fold2_room1_mix1682,14,5,0,1,0,99.29
fold2_room1_mix1682,15,5,0,1,0,98.13
fold2_room1_mix1682,16,5,0,1,0,109.75
fold2_room1_mix1682,17,5,0,1,0,102.11
fold2_room1_mix1682,18,5,0,1,0,106.44
fold2_room1_mix1682,19,5,0,1,0,108.01
fold2_room1_mix1682,20,5,0,2,0,108.34
fold2_room1_mix1682,21,5,0,1,0,109.19
fold2_room1_mix1682,22,5,0,1,0,116.88
fold2_room1_mix1682,23,5,0,0,0,112.02
fold2_room1_mix1682,24,5,0,1,0,111.48
fold2_room1_mix1682,25,5,0,0,0,111.28
fold2_room1_mix1682,26,5,0,1,0,110.21
fold2_room1_mix1682,27,5,0,0,0,110.73
fold2_room1_mix1682,28,5,0,0,0,110.61
fold2_room1_mix1682,29,5,0,0,0,115.06
fold2_room1_mix1682,30,5,0,0,0,114.56
fold2_room1_mix1682,31,5,0,0,0,112.65
fold2_room1_mix1682,32,5,0,0,0,114.47
fold2_room1_mix1682,33,5,0,0,0,110.16
fold2_room1_mix1682,34,5,0,0,0,109.03
fold2_room1_mix1682,35,5,0,-1,0,112.86
fold2_room1_mix1682,36,5,0,-1,0,111.54
fold2_room1_mix1682,37,5,0,-1,0,108.81
fold2_room1_mix1682,38,5,0,-1,0,112.29
fold2_room1_mix1682,39,5,0,-1,0,108.54
fold2_room1_mix1682,40,5,0,-1,0,104.53
fold2_room1_mix1682,41,5,0,-1,0,108.24
fold2_room1_mix1682,42,5,0,-1,0,105.74
fold2_room1_mix1682,43,5,0,-1,0,103.33
fold2_room1_mix1682,44,5,0,-2,0,102.95
fold2_room1_mix1682,45,5,0,-4,0,99.25
fold2_room1_mix1682,46,5,0,-4,0,99.26
fold2_room1_mix1682,47,5,0,-5,0,98.41
fold2_room1_mix1682,48,5,0,-4,0,98.96
fold2_room1_mix1682,49,5,0,-5,0,93.78
fold2_room1_mix1682,50,5,0,-6,0,88.71
fold2_room1_mix1682,51,5,0,-7,0,85.38
fold2_room1_mix1682,52,5,0,-7,0,83.86
fold2_room1_mix1682,53,5,0,-8,0,80.55
fold2_room1_mix1682,54,5,0,-8,0,77.08
fold2_room1_mix1682,55,5,0,-3,0,101.43
fold2_room1_mix1682,55,5,0,-19,0,19.75
fold2_room1_mix1682,56,5,0,-3,0,98.76
fold2_room1_mix1682,56,5,0,-21,0,17.47
fold2_room1_mix1682,57,5,0,-3,0,95.68
fold2_room1_mix1682,57,5,0,-24,0,14.61
fold2_room1_mix1682,58,5,0,-2,0,92.56
fold2_room1_mix1682,58,5,0,-30,0,12.62
fold2_room1_mix1682,59,5,0,-3,0,91.97
fold2_room1_mix1682,59,5,0,-37,0,10.88
fold2_room1_mix1682,60,5,0,-3,0,94.25
fold2_room1_mix1682,60,5,0,-47,-1,9.10
fold2_room1_mix1682,61,5,0,-3,0,93.24
fold2_room1_mix1682,61,5,0,-63,-1,7.76
fold2_room1_mix1682,62,5,0,-3,0,93.61
fold2_room1_mix1682,62,5,0,-99,-1,7.45
fold2_room1_mix1682,63,5,0,-2,0,91.47
fold2_room1_mix1682,63,5,0,-123,-1,9.77
fold2_room1_mix1682,64,5,0,-2,0,90.83
fold2_room1_mix1682,64,5,0,-134,-1,11.00
fold2_room1_mix1682,65,5,0,-2,0,88.34
fold2_room1_mix1682,65,5,0,-141,-1,12.83
fold2_room1_mix1682,66,5,0,-2,0,80.61
fold2_room1_mix1682,66,5,0,-145,-1,13.79
fold2_room1_mix1682,67,5,0,-3,0,72.91
fold2_room1_mix1682,67,5,0,-152,0,16.68
fold2_room1_mix1682,68,5,0,-3,0,71.37
fold2_room1_mix1682,68,5,0,-156,0,19.21
fold2_room1_mix1682,69,5,0,-3,0,69.47
fold2_room1_mix1682,69,5,0,-159,0,21.15
fold2_room1_mix1682,70,5,0,-4,0,62.60
fold2_room1_mix1682,70,5,0,-164,0,26.02
fold2_room1_mix1682,71,5,0,-6,0,57.64
fold2_room1_mix1682,71,5,0,-165,0,27.43
fold2_room1_mix1682,72,5,0,-5,0,60.47
fold2_room1_mix1682,72,5,0,-167,0,29.89
fold2_room1_mix1682,73,5,0,-9,0,50.55
fold2_room1_mix1682,73,5,0,-169,0,39.21
fold2_room1_mix1682,74,5,0,-6,0,56.57
fold2_room1_mix1682,74,5,0,-168,0,36.30
fold2_room1_mix1682,75,5,0,-9,0,51.00
fold2_room1_mix1682,75,5,0,-170,0,38.09
fold2_room1_mix1682,76,5,0,-2,0,76.62
fold2_room1_mix1682,76,5,0,-18,0,24.27
fold2_room1_mix1682,76,5,0,-170,0,42.69
fold2_room1_mix1682,77,5,0,-4,0,60.60
fold2_room1_mix1682,77,5,0,-34,-1,16.17
fold2_room1_mix1682,77,5,0,-172,0,50.76
fold2_room1_mix1682,78,5,0,-2,0,72.99
fold2_room1_mix1682,78,5,0,-21,0,21.04
fold2_room1_mix1682,78,5,0,-170,0,44.93
fold2_room1_mix1682,79,5,0,-5,0,59.26
fold2_room1_mix1682,79,5,0,-50,-1,13.90
fold2_room1_mix1682,79,5,0,-173,0,55.79
fold2_room1_mix1682,80,5,0,-3,0,73.14
fold2_room1_mix1682,80,5,0,-33,0,17.64
fold2_room1_mix1682,80,5,0,-172,0,55.89
fold2_room1_mix1682,81,5,0,-2,0,76.72
fold2_room1_mix1682,81,5,0,-30,0,18.79
fold2_room1_mix1682,81,5,0,-174,0,57.31
fold2_room1_mix1682,82,5,0,-3,0,77.66
fold2_room1_mix1682,82,5,0,-35,0,17.59
fold2_room1_mix1682,82,5,0,-174,0,60.46
fold2_room1_mix1682,83,5,0,-4,0,68.51
fold2_room1_mix1682,83,5,0,-53,0,15.02
fold2_room1_mix1682,83,5,0,-174,0,64.13
fold2_room1_mix1682,84,5,0,-4,0,66.51
fold2_room1_mix1682,84,5,0,-45,0,15.62
fold2_room1_mix1682,84,5,0,-174,0,63.59
fold2_room1_mix1682,85,5,0,-3,0,77.37
fold2_room1_mix1682,85,5,0,-34,0,18.47
fold2_room1_mix1682,85,5,0,-174,0,60.24
fold2_room1_mix1682,86,5,0,-3,1,81.61
fold2_room1_mix1682,86,5,0,-37,0,17.35
fold2_room1_mix1682,86,5,0,-173,0,64.37
fold2_room1_mix1682,87,5,0,-5,0,64.03
fold2_room1_mix1682,87,5,0,-67,-1,12.42
fold2_room1_mix1682,87,5,0,-175,0,70.00
fold2_room1_mix1682,88,5,0,-6,0,60.63
fold2_room1_mix1682,88,5,0,-86,-1,12.14
fold2_room1_mix1682,88,5,0,-175,0,69.32
fold2_room1_mix1682,89,5,0,-4,0,68.84
fold2_room1_mix1682,89,5,0,-80,0,12.67
fold2_room1_mix1682,89,5,0,-177,0,73.34
fold2_room1_mix1682,90,5,0,-5,0,61.00
fold2_room1_mix1682,90,5,0,-98,-1,12.94
fold2_room1_mix1682,90,5,0,-176,0,79.54
fold2_room1_mix1682,91,5,0,-6,0,45.43
fold2_room1_mix1682,91,5,0,-125,-1,12.72
fold2_room1_mix1682,91,5,0,-177,0,80.65
fold2_room1_mix1682,92,5,0,-11,0,33.57
fold2_room1_mix1682,92,5,0,-144,0,16.11
fold2_room1_mix1682,92,5,0,-175,0,86.52
fold2_room1_mix1682,93,5,0,-9,0,40.37
fold2_room1_mix1682,93,5,0,-144,-1,15.90
fold2_room1_mix1682,93,5,0,-177,0,92.28
fold2_room1_mix1682,94,5,0,-6,0,46.32
fold2_room1_mix1682,94,5,0,-136,-1,14.32
fold2_room1_mix1682,94,5,0,-177,0,90.92
fold2_room1_mix1682,95,5,0,-4,0,50.61
fold2_room1_mix1682,95,5,0,-135,-1,13.83
fold2_room1_mix1682,95,5,0,-177,0,92.60
fold2_room1_mix1682,96,5,0,-9,0,33.98
fold2_room1_mix1682,96,5,0,-151,0,17.78
fold2_room1_mix1682,96,5,0,-178,0,92.62
fold2_room1_mix1682,97,5,0,-8,0,34.94
fold2_room1_mix1682,97,5,0,-155,0,19.24
fold2_room1_mix1682,97,5,0,-178,0,102.17
fold2_room1_mix1682,98,5,0,-6,0,40.19
fold2_room1_mix1682,98,5,0,-151,0,17.63
fold2_room1_mix1682,98,5,0,-179,0,104.90
fold2_room1_mix1682,99,5,0,-7,0,28.85
fold2_room1_mix1682,99,5,0,-162,0,23.67
fold2_room1_mix1682,99,5,0,-179,0,109.59
fold2_room1_mix1683,4,5,0,176,1,4.81
fold2_room1_mix1683,5,5,0,172,1,21.71
fold2_room1_mix1683,6,5,0,171,0,34.25
fold2_room1_mix1683,7,5,0,174,0,59.52
fold2_room1_mix1683,8,5,0,174,0,99.78
fold2_room1_mix1683,9,5,0,173,0,108.00
fold2_room1_mix1683,10,5,0,173,0,107.11
fold2_room1_mix1683,11,5,0,173,0,114.64
fold2_room1_mix1683,12,5,0,173,0,100.73
fold2_room1_mix1683,13,5,0,175,0,99.08
fold2_room1_mix1683,14,5,0,175,0,104.23
fold2_room1_mix1683,15,5,0,174,0,97.88
fold2_room1_mix1683,16,5,0,173,0,96.66
fold2_room1_mix1683,17,5,0,174,0,95.21
fold2_room1_mix1683,18,5,0,174,0,101.35
fold2_room1_mix1683,19,5,0,174,0,104.10
fold2_room1_mix1683,20,5,0,175,0,101.45
fold2_room1_mix1683,21,5,0,174,0,99.12
fold2_room1_mix1683,22,5,0,174,0,96.50
fold2_room1_mix1683,23,5,0,174,0,89.20
fold2_room1_mix1683,24,5,0,174,0,98.17
fold2_room1_mix1683,25,5,0,175,0,101.71
fold2_room1_mix1683,26,5,0,175,0,97.83
fold2_room1_mix1683,27,5,0,175,0,92.82
fold2_room1_mix1683,28,5,0,174,0,97.53
fold2_room1_mix1683,29,5,0,174,0,88.44
fold2_room1_mix1683,30,5,0,174,0,89.30
fold2_room1_mix1683,31,5,0,174,0,94.89
fold2_room1_mix1683,32,5,0,175,0,93.67
fold2_room1_mix1683,33,5,0,175,0,92.79
fold2_room1_mix1683,34,5,0,174,0,95.25
fold2_room1_mix1683,35,5,0,174,0,93.76
fold2_room1_mix1683,36,5,0,173,0,93.40
fold2_room1_mix1683,37,5,0,173,0,91.92
fold2_room1_mix1683,38,5,0,174,0,92.24
fold2_room1_mix1683,39,5,0,173,0,88.89
fold2_room1_mix1683,40,5,0,173,0,91.49
fold2_room1_mix1683,41,5,0,173,0,89.12
fold2_room1_mix1683,42,5,0,172,0,89.50
fold2_room1_mix1683,43,5,0,172,0,87.95
fold2_room1_mix1683,44,5,0,172,0,89.16
fold2_room1_mix1683,45,5,0,172,0,86.56
fold2_room1_mix1683,46,5,0,172,0,86.26
fold2_room1_mix1683,47,5,0,171,0,85.66
fold2_room1_mix1683,48,5,0,171,0,81.57
fold2_room1_mix1683,49,5,0,171,0,82.75
fold2_room1_mix1683,50,5,0,171,0,81.06
fold2_room1_mix1683,51,5,0,172,0,78.91
fold2_room1_mix1683,52,5,0,171,0,80.71
fold2_room1_mix1683,53,5,0,170,0,77.86
fold2_room1_mix1683,54,5,0,170,0,75.97
fold2_room1_mix1683,55,5,0,169,0,75.42
fold2_room1_mix1683,56,5,0,169,0,74.79
fold2_room1_mix1683,57,5,0,157,0,21.71
fold2_room1_mix1683,57,5,0,174,0,101.31
fold2_room1_mix1683,58,5,0,156,0,20.49
fold2_room1_mix1683,58,5,0,173,0,99.87
fold2_room1_mix1683,59,5,0,153,0,18.53
fold2_room1_mix1683,59,5,0,173,0,100.29
fold2_room1_mix1683,60,5,0,149,0,16.25
fold2_room1_mix1683,60,5,0,173,0,97.42
fold2_room1_mix1683,61,5,0,145,-1,12.90
fold2_room1_mix1683,61,5,0,173,0,89.15
fold2_room1_mix1683,62,5,0,142,-1,11.89
fold2_room1_mix1683,62,5,0,174,0,88.43
fold2_room1_mix1683,63,5,0,138,-1,10.98
fold2_room1_mix1683,63,5,0,173,0,89.61
fold2_room1_mix1683,64,5,0,131,-1,9.15
fold2_room1_mix1683,64,5,0,172,0,84.18
fold2_room1_mix1683,65,5,0,128,-1,8.93
fold2_room1_mix1683,65,5,0,174,0,90.27
fold2_room1_mix1683,66,5,0,116,-2,7.89
fold2_room1_mix1683,66,5,0,173,0,85.06
fold2_room1_mix1683,67,5,0,110,-2,6.91
fold2_room1_mix1683,67,5,0,174,0,85.30
fold2_room1_mix1683,68,5,0,101,-2,6.84
fold2_room1_mix1683,68,5,0,174,0,87.42
fold2_room1_mix1683,69,5,0,86,-2,7.04
fold2_room1_mix1683,69,5,0,172,0,81.96
fold2_room1_mix1683,70,5,0,72,-2,6.68
fold2_room1_mix1683,70,5,0,173,0,79.99
fold2_room1_mix1683,71,5,0,63,-2,6.90
fold2_room1_mix1683,71,5,0,173,0,78.06
fold2_room1_mix1683,72,5,0,56,-2,7.70
fold2_room1_mix1683,72,5,0,173,0,81.91
fold2_room1_mix1683,73,5,0,54,-2,8.17
fold2_room1_mix1683,73,5,0,173,0,89.57
fold2_room1_mix1683,74,5,0,46,-1,9.50
fold2_room1_mix1683,74,5,0,173,0,84.20
fold2_room1_mix1683,75,5,0,46,-1,9.71
fold2_room1_mix1683,75,5,0,173,0,87.77
fold2_room1_mix1683,76,5,0,46,-1,10.49
fold2_room1_mix1683,76,5,0,173,0,91.52
fold2_room1_mix1683,77,5,0,41,-1,11.14
fold2_room1_mix1683,77,5,0,172,0,84.71
fold2_room1_mix1683,78,5,0,34,-1,13.13
fold2_room1_mix1683,78,5,0,173,0,82.19
fold2_room1_mix1683,79,5,0,29,-1,14.13
fold2_room1_mix1683,79,5,0,172,0,78.77
fold2_room1_mix1683,80,5,0,28,-1,15.39
fold2_room1_mix1683,80,5,0,172,0,78.53
fold2_room1_mix1683,81,5,0,27,-1,15.77
fold2_room1_mix1683,81,5,0,172,0,78.73
fold2_room1_mix1683,82,5,0,24,0,18.02
fold2_room1_mix1683,82,5,0,171,0,63.55
fold2_room1_mix1683,83,5,0,22,0,19.08
fold2_room1_mix1683,83,5,0,170,0,65.55
fold2_room1_mix1683,84,5,0,23,0,18.58
fold2_room1_mix1683,84,5,0,170,0,60.38
fold2_room1_mix1683,85,5,0,21,0,23.00
fold2_room1_mix1683,85,5,0,170,0,66.57
fold2_room1_mix1683,86,5,0,20,0,24.60
fold2_room1_mix1683,86,5,0,167,0,57.99
fold2_room1_mix1683,87,5,0,21,0,22.57
fold2_room1_mix1683,87,5,0,167,0,57.11
fold2_room1_mix1683,88,5,0,18,0,25.07
fold2_room1_mix1683,88,5,0,167,0,58.57
fold2_room1_mix1683,89,5,0,18,0,24.05
fold2_room1_mix1683,89,5,0,169,0,63.96
fold2_room1_mix1683,90,5,0,17,0,25.95
fold2_room1_mix1683,90,5,0,167,0,54.48
fold2_room1_mix1683,91,5,0,18,0,24.85
fold2_room1_mix1683,91,5,0,169,0,65.94
fold2_room1_mix1683,92,5,0,17,0,25.42
fold2_room1_mix1683,92,5,0,168,0,60.73
fold2_room1_mix1683,93,5,0,16,0,27.01
fold2_room1_mix1683,93,5,0,167,0,57.06
fold2_room1_mix1683,94,5,0,14,0,30.48
fold2_room1_mix1683,94,5,0,157,0,25.65
fold2_room1_mix1683,94,5,0,172,0,81.33
fold2_room1_mix1683,95,5,0,14,0,30.22
fold2_room1_mix1683,95,5,0,166,0,55.83
fold2_room1_mix1683,96,5,0,14,0,32.47
fold2_room1_mix1683,96,5,0,158,0,25.93
fold2_room1_mix1683,96,5,0,173,0,86.56
fold2_room1_mix1683,97,5,0,14,0,33.18
fold2_room1_mix1683,97,5,0,156,0,24.04
fold2_room1_mix1683,97,5,0,172,0,83.71
fold2_room1_mix1683,98,5,0,12,0,40.34
fold2_room1_mix1683,98,5,0,135,0,13.87
fold2_room1_mix1683,98,5,0,168,0,56.15
fold2_room1_mix1683,99,5,0,13,0,39.83
fold2_room1_mix1683,99,5,0,142,0,17.46
fold2_room1_mix1683,99,5,0,169,0,64.70
fold2_room1_mix1684,5,5,0,4,1,11.79
fold2_room1_mix1684,6,5,0,6,0,33.70
fold2_room1_mix1684,7,5,0,3,0,52.41
fold2_room1_mix1684,8,5,0,4,0,83.51
fold2_room1_mix1684,9,5,0,4,0,99.42
fold2_room1_mix1684,10,5,0,3,0,101.02
fold2_room1_mix1684,11,5,0,4,0,100.89
fold2_room1_mix1684,12,5,0,3,0,96.45
fold2_room1_mix1684,13,5,0,3,0,96.16
fold2_room1_mix1684,14,5,0,3,0,98.48
fold2_room1_mix1684,15,5,0,3,0,99.96
fold2_room1_mix1684,16,5,0,3,0,98.81
fold2_room1_mix1684,17,5,0,3,0,96.40
fold2_room1_mix1684,18,5,0,3,0,97.52
fold2_room1_mix1684,19,5,0,3,0,103.35
fold2_room1_mix1684,20,5,0,4,0,96.14
fold2_room1_mix1684,21,5,0,3,0,102.11
fold2_room1_mix1684,22,5,0,3,0,101.85
fold2_room1_mix1684,23,5,0,4,0,95.95
fold2_room1_mix1684,24,5,0,5,0,93.72
fold2_room1_mix1684,25,5,0,5,0,90.85
fold2_room1_mix1684,26,5,0,4,0,88.97
fold2_room1_mix1684,27,5,0,5,0,94.76
fold2_room1_mix1684,28,5,0,5,0,91.82
fold2_room1_mix1684,29,5,0,6,0,85.05
fold2_room1_mix1684,30,5,0,7,0,82.02
fold2_room1_mix1684,31,5,0,7,0,80.09
fold2_room1_mix1684,32,5,0,7,0,76.67
fold2_room1_mix1684,33,5,0,7,0,76.64
fold2_room1_mix1684,34,5,0,8,0,77.07
fold2_room1_mix1684,35,5,0,8,0,78.36
fold2_room1_mix1684,36,5,0,8,0,73.05
fold2_room1_mix1684,37,5,0,9,0,70.09
fold2_room1_mix1684,38,5,0,10,0,70.63
fold2_room1_mix1684,39,5,0,9,0,69.29
fold2_room1_mix1684,40,5,0,10,0,65.49
fold2_room1_mix1684,41,5,0,11,0,61.48
fold2_room1_mix1684,42,5,0,10,0,60.25
fold2_room1_mix1684,43,5,0,11,0,57.48
fold2_room1_mix1684,44,5,0,11,0,57.36
fold2_room1_mix1684,45,5,0,11,0,54.37
fold2_room1_mix1684,46,5,0,11,0,56.61
fold2_room1_mix1684,47,5,0,12,0,55.63
fold2_room1_mix1684,48,5,0,6,0,70.84
fold2_room1_mix1684,48,5,0,23,0,18.06
fold2_room1_mix1684,49,5,0,6,0,69.94
fold2_room1_mix1684,49,5,0,24,0,17.06
fold2_room1_mix1684,50,5,0,7,0,69.73
fold2_room1_mix1684,50,5,0,27,0,15.36
fold2_room1_mix1684,51,5,0,6,0,66.82
fold2_room1_mix1684,51,5,0,30,0,13.29
fold2_room1_mix1684,52,5,0,7,0,64.27
fold2_room1_mix1684,52,5,0,33,0,11.88
fold2_room1_mix1684,53,5,0,7,0,58.78
fold2_room1_mix1684,53,5,0,35,0,10.83
fold2_room1_mix1684,54,5,0,7,0,59.27
fold2_room1_mix1684,54,5,0,40,0,9.96
fold2_room1_mix1684,55,5,0,7,0,59.64
fold2_room1_mix1684,55,5,0,45,-1,9.32
fold2_room1_mix1684,56,5,0,7,0,58.60
fold2_room1_mix1684,56,5,0,51,-1,8.29
fold2_room1_mix1684,57,5,0,7,0,56.89
fold2_room1_mix1684,57,5,0,59,-1,7.30
fold2_room1_mix1684,58,5,0,8,0,57.04
fold2_room1_mix1684,58,5,0,70,-1,7.11
fold2_room1_mix1684,59,5,0,9,0,53.22
fold2_room1_mix1684,59,5,0,81,-1,6.75
fold2_room1_mix1684,60,5,0,8,0,53.93
fold2_room1_mix1684,60,5,0,94,-1,6.88
fold2_room1_mix1684,61,5,0,8,0,51.38
fold2_room1_mix1684,61,5,0,108,-1,6.87
fold2_room1_mix1684,62,5,0,8,0,51.39
fold2_room1_mix1684,62,5,0,118,-1,7.51
fold2_room1_mix1684,63,5,0,8,0,51.48
fold2_room1_mix1684,63,5,0,127,-1,8.66
fold2_room1_mix1684,64,5,0,8,0,54.34
fold2_room1_mix1684,64,5,0,133,-1,9.54
fold2_room1_mix1684,65,5,0,8,0,54.74
fold2_room1_mix1684,65,5,0,136,-1,10.20
fold2_room1_mix1684,66,5,0,8,0,51.95
fold2_room1_mix1684,66,5,0,140,0,11.36
fold2_room1_mix1684,67,5,0,9,0,49.09
fold2_room1_mix1684,67,5,0,145,0,12.83
fold2_room1_mix1684,68,5,0,9,0,48.38
fold2_room1_mix1684,68,5,0,147,0,13.38
fold2_room1_mix1684,69,5,0,9,0,45.50
fold2_room1_mix1684,69,5,0,153,0,16.44
fold2_room1_mix1684,70,5,0,10,0,44.02
fold2_room1_mix1684,70,5,0,154,0,17.59
fold2_room1_mix1684,71,5,0,10,0,45.09
fold2_room1_mix1684,71,5,0,157,0,20.55
fold2_room1_mix1684,72,5,0,10,0,48.05
fold2_room1_mix1684,72,5,0,158,0,21.69
fold2_room1_mix1684,73,5,0,10,0,42.78
fold2_room1_mix1684,73,5,0,158,0,21.75
fold2_room1_mix1684,74,5,0,11,0,43.56
fold2_room1_mix1684,74,5,0,159,0,22.15
fold2_room1_mix1684,75,5,0,13,0,39.38
fold2_room1_mix1684,75,5,0,160,0,25.97
fold2_room1_mix1684,76,5,0,14,0,35.17
fold2_room1_mix1684,76,5,0,162,0,26.86
fold2_room1_mix1684,77,5,0,13,0,39.29
fold2_room1_mix1684,77,5,0,163,0,29.35
fold2_room1_mix1684,78,5,0,9,0,41.36
fold2_room1_mix1684,78,5,0,35,0,14.20
fold2_room1_mix1684,78,5,0,166,0,32.82
fold2_room1_mix1684,79,5,0,10,0,44.22
fold2_room1_mix1684,79,5,0,34,0,14.83
fold2_room1_mix1684,79,5,0,166,0,33.82
fold2_room1_mix1684,80,5,0,9,0,45.63
fold2_room1_mix1684,80,5,0,32,0,14.98
fold2_room1_mix1684,80,5,0,167,0,35.34
fold2_room1_mix1684,81,5,0,9,0,42.46
fold2_room1_mix1684,81,5,0,36,0,13.43
fold2_room1_mix1684,81,5,0,168,0,35.09
fold2_room1_mix1684,82,5,0,8,0,45.78
fold2_room1_mix1684,82,5,0,36,0,13.76
fold2_room1_mix1684,82,5,0,168,0,37.37
fold2_room1_mix1684,83,5,0,13,0,31.78
fold2_room1_mix1684,83,5,0,71,0,9.16
fold2_room1_mix1684,83,5,0,169,0,40.17
fold2_room1_mix1684,84,5,0,17,0,24.81
fold2_room1_mix1684,84,5,0,93,0,8.84
fold2_room1_mix1684,84,5,0,169,0,37.56
fold2_room1_mix1684,85,5,0,14,0,31.27
fold2_room1_mix1684,85,5,0,83,-1,10.22
fold2_room1_mix1684,85,5,0,168,0,41.07
fold2_room1_mix1684,86,5,0,15,0,32.53
fold2_room1_mix1684,86,5,0,101,0,10.46
fold2_room1_mix1684,86,5,0,169,0,46.31
fold2_room1_mix1684,87,5,0,18,0,25.19
fold2_room1_mix1684,87,5,0,110,0,10.36
fold2_room1_mix1684,87,5,0,169,0,41.69
fold2_room1_mix1684,88,5,0,19,0,23.73
fold2_room1_mix1684,88,5,0,121,0,10.93
fold2_room1_mix1684,88,5,0,169,0,42.70
fold2_room1_mix1684,89,5,0,26,0,17.26
fold2_room1_mix1684,89,5,0,140,0,14.00
fold2_room1_mix1684,89,5,0,170,0,47.79
fold2_room1_mix1684,90,5,0,38,0,11.62
fold2_room1_mix1684,90,5,0,148,0,15.02
fold2_room1_mix1684,90,5,0,172,0,47.32
fold2_room1_mix1684,91,5,0,56,-1,9.00
fold2_room1_mix1684,91,5,0,156,0,20.09
fold2_room1_mix1684,91,5,0,173,0,59.51
fold2_room1_mix1684,92,5,0,63,-1,8.88
fold2_room1_mix1684,92,5,0,157,0,20.82
fold2_room1_mix1684,92,5,0,173,0,60.53
fold2_room1_mix1684,93,5,0,81,-1,7.25
fold2_room1_mix1684,93,5,0,159,0,20.74
fold2_room1_mix1684,93,5,0,175,0,58.76
fold2_room1_mix1684,94,5,0,79,-1,8.06
fold2_room1_mix1684,94,5,0,167,0,44.43
fold2_room1_mix1684,95,5,0,100,-1,7.83
fold2_room1_mix1684,95,5,0,167,0,45.11
fold2_room1_mix1684,96,5,0,101,-2,8.19
fold2_room1_mix1684,96,5,0,166,0,45.43
fold2_room1_mix1684,97,5,0,112,-1,8.58
fold2_room1_mix1684,97,5,0,167,0,47.08
fold2_room1_mix1684,98,5,0,122,-1,9.26
fold2_room1_mix1684,98,5,0,167,0,49.24
fold2_room1_mix1684,99,5,0,129,-1,10.60
fold2_room1_mix1684,99,5,0,166,0,50.90
fold2_room1_mix1685,6,5,0,0,1,22.10
fold2_room1_mix1685,7,5,0,0,0,33.41
fold2_room1_mix1685,8,5,0,1,0,44.98
fold2_room1_mix1685,9,5,0,0,0,84.75
fold2_room1_mix1685,10,5,0,0,0,102.15
fold2_room1_mix1685,11,5,0,0,0,101.99
fold2_room1_mix1685,12,5,0,0,0,94.60
fold2_room1_mix1685,13,5,0,0,0,96.43
fold2_room1_mix1685,14,5,0,1,0,96.67
fold2_room1_mix1685,15,5,0,0,0,99.16
fold2_room1_mix1685,16,5,0,0,0,101.27
fold2_room1_mix1685,17,5,0,0,0,104.23
fold2_room1_mix1685,18,5,0,0,0,104.86
fold2_room1_mix1685,19,5,0,0,0,103.20
fold2_room1_mix1685,20,5,0,0,0,105.28
fold2_room1_mix1685,21,5,0,0,0,108.74
fold2_room1_mix1685,22,5,0,0,0,114.20
fold2_room1_mix1685,23,5,0,0,0,106.95
fold2_room1_mix1685,24,5,0,0,0,105.04
fold2_room1_mix1685,25,5,0,0,0,106.06
fold2_room1_mix1685,26,5,0,-2,0,107.57
fold2_room1_mix1685,27,5,0,-3,0,105.99
fold2_room1_mix1685,28,5,0,-3,0,108.78
fold2_room1_mix1685,29,5,0,-1,0,109.41
fold2_room1_mix1685,30,5,0,-3,0,105.96
fold2_room1_mix1685,31,5,0,-2,0,107.30
fold2_room1_mix1685,32,5,0,-4,0,103.27
fold2_room1_mix1685,33,5,0,-4,0,104.47
fold2_room1_mix1685,34,5,0,-4,0,108.75
fold2_room1_mix1685,35,5,0,-4,0,106.84
fold2_room1_mix1685,36,5,0,-4,0,100.84
fold2_room1_mix1685,37,5,0,-5,0,100.37
fold2_room1_mix1685,38,5,0,-5,0,100.67
fold2_room1_mix1685,39,5,0,-5,0,97.52
fold2_room1_mix1685,40,5,0,-5,0,98.54
fold2_room1_mix1685,41,5,0,-5,0,95.47
fold2_room1_mix1685,42,5,0,-6,0,92.73
fold2_room1_mix1685,43,5,0,-6,0,89.58
fold2_room1_mix1685,44,5,0,-7,0,84.81
fold2_room1_mix1685,45,5,0,-8,0,81.66
fold2_room1_mix1685,46,5,0,-8,0,80.14
fold2_room1_mix1685,47,5,0,-9,0,75.40
fold2_room1_mix1685,48,5,0,-3,0,100.41
fold2_room1_mix1685,48,5,0,-21,0,19.88
fold2_room1_mix1685,49,5,0,-3,0,94.09
fold2_room1_mix1685,49,5,0,-22,0,16.90
fold2_room1_mix1685,50,5,0,-3,0,95.90
fold2_room1_mix1685,50,5,0,-23,0,16.76
fold2_room1_mix1685,51,5,0,-3,0,93.25
fold2_room1_mix1685,51,5,0,-24,0,15.31
fold2_room1_mix1685,52,5,0,-3,0,91.15
fold2_room1_mix1685,52,5,0,-28,0,13.20
fold2_room1_mix1685,53,5,0,-3,0,91.70
fold2_room1_mix1685,53,5,0,-37,0,11.61
fold2_room1_mix1685,54,5,0,-3,0,91.71
fold2_room1_mix1685,54,5,0,-42,0,10.61
fold2_room1_mix1685,55,5,0,-3,0,94.15
fold2_room1_mix1685,55,5,0,-56,-1,8.79
fold2_room1_mix1685,56,5,0,-4,0,96.09
fold2_room1_mix1685,56,5,0,-82,-1,7.79
fold2_room1_mix1685,57,5,0,-4,0,92.25
fold2_room1_mix1685,57,5,0,-100,-1,8.08
fold2_room1_mix1685,58,5,0,-4,0,90.37
fold2_room1_mix1685,58,5,0,-112,-1,9.19
fold2_room1_mix1685,59,5,0,-4,0,88.34
fold2_room1_mix1685,59,5,0,-130,-1,10.59
fold2_room1_mix1685,60,5,0,-4,0,85.22
fold2_room1_mix1685,60,5,0,-138,-1,12.41
fold2_room1_mix1685,61,5,0,-4,0,80.21
fold2_room1_mix1685,61,5,0,-142,0,13.80
fold2_room1_mix1685,62,5,0,-6,0,65.45
fold2_room1_mix1685,62,5,0,-148,0,16.03
fold2_room1_mix1685,63,5,0,-5,0,71.04
fold2_room1_mix1685,63,5,0,-152,0,18.32
fold2_room1_mix1685,64,5,0,-5,0,69.79
fold2_room1_mix1685,64,5,0,-154,0,19.45
fold2_room1_mix1685,65,5,0,-6,0,68.06
fold2_room1_mix1685,65,5,0,-158,0,21.12
fold2_room1_mix1685,66,5,0,-7,0,65.54
fold2_room1_mix1685,66,5,0,-160,0,22.47
fold2_room1_mix1685,67,5,0,-7,0,61.42
fold2_room1_mix1685,67,5,0,-162,0,26.02
fold2_room1_mix1685,68,5,0,-7,0,61.91
fold2_room1_mix1685,68,5,0,-164,0,30.36
fold2_room1_mix1685,69,5,0,-8,0,58.07
fold2_room1_mix1685,69,5,0,-164,0,28.46
fold2_room1_mix1685,70,5,0,-8,0,63.16
fold2_room1_mix1685,70,5,0,-164,0,32.18
fold2_room1_mix1685,71,5,0,-10,0,54.44
fold2_room1_mix1685,71,5,0,-166,0,37.22
fold2_room1_mix1685,72,5,0,-4,0,75.48
fold2_room1_mix1685,72,5,0,-20,0,27.29
fold2_room1_mix1685,72,5,0,-166,0,38.03
fold2_room1_mix1685,73,5,0,-6,0,70.99
fold2_room1_mix1685,73,5,0,-26,0,23.21
fold2_room1_mix1685,73,5,0,-167,0,44.38
fold2_room1_mix1685,74,5,0,-6,0,74.79
fold2_room1_mix1685,74,5,0,-28,0,23.24
fold2_room1_mix1685,74,5,0,-168,0,46.70
fold2_room1_mix1685,75,5,0,-6,0,66.64
fold2_room1_mix1685,75,5,0,-34,0,19.50
fold2_room1_mix1685,75,5,0,-168,0,49.94
fold2_room1_mix1685,76,5,0,-7,0,68.11
fold2_room1_mix1685,76,5,0,-41,0,18.41
fold2_room1_mix1685,76,5,0,-170,0,54.44
fold2_room1_mix1685,77,5,0,-6,0,73.63
fold2_room1_mix1685,77,5,0,-38,0,19.55
fold2_room1_mix1685,77,5,0,-170,0,56.09
fold2_room1_mix1685,78,5,0,-6,0,70.76
fold2_room1_mix1685,78,5,0,-38,0,19.23
fold2_room1_mix1685,78,5,0,-170,0,57.30
fold2_room1_mix1685,79,5,0,-4,0,82.68
fold2_room1_mix1685,79,5,0,-29,0,22.73
fold2_room1_mix1685,79,5,0,-171,0,57.97
fold2_room1_mix1685,80,5,0,-3,0,91.69
fold2_room1_mix1685,80,5,0,-22,0,25.24
fold2_room1_mix1685,80,5,0,-170,0,53.45
fold2_room1_mix1685,81,5,0,-3,0,85.29
fold2_room1_mix1685,81,5,0,-23,0,23.69
fold2_room1_mix1685,81,5,0,-171,0,54.24
fold2_room1_mix1685,82,5,0,-5,0,74.11
fold2_room1_mix1685,82,5,0,-29,0,20.85
fold2_room1_mix1685,82,5,0,-170,0,56.55
fold2_room1_mix1685,83,5,0,-4,0,81.80
fold2_room1_mix1685,83,5,0,-34,0,19.71
fold2_room1_mix1685,83,5,0,-172,0,61.61
fold2_room1_mix1685,84,5,0,-4,0,83.15
fold2_room1_mix1685,84,5,0,-33,0,19.17
fold2_room1_mix1685,84,5,0,-172,0,65.65
fold2_room1_mix1685,85,5,0,-5,0,67.03
fold2_room1_mix1685,85,5,0,-45,-1,15.14
fold2_room1_mix1685,85,5,0,-172,0,66.83
fold2_room1_mix1685,86,5,0,-4,0,77.52
fold2_room1_mix1685,86,5,0,-42,0,17.30
fold2_room1_mix1685,86,5,0,-173,0,66.80
fold2_room1_mix1685,87,5,0,-3,0,78.50
fold2_room1_mix1685,87,5,0,-50,0,15.89
fold2_room1_mix1685,87,5,0,-175,0,70.33
fold2_room1_mix1685,88,5,0,-5,0,67.43
fold2_room1_mix1685,88,5,0,-68,-1,14.18
fold2_room1_mix1685,88,5,0,-175,0,75.61
fold2_room1_mix1685,89,5,0,-5,0,66.58
fold2_room1_mix1685,89,5,0,-66,-1,14.59
fold2_room1_mix1685,89,5,0,-174,0,77.02
fold2_room1_mix1685,90,5,0,-8,0,51.70
fold2_room1_mix1685,90,5,0,-110,-1,13.58
fold2_room1_mix1685,90,5,0,-174,0,80.24
fold2_room1_mix1685,91,5,0,-7,0,55.84
fold2_room1_mix1685,91,5,0,-92,-1,13.05
fold2_room1_mix1685,91,5,0,-174,0,77.18
fold2_room1_mix1685,92,5,0,-6,0,62.41
fold2_room1_mix1685,92,5,0,-85,-1,13.27
fold2_room1_mix1685,92,5,0,-175,0,79.44
fold2_room1_mix1685,93,5,0,-5,0,65.26
fold2_room1_mix1685,93,5,0,-96,-1,13.71
fold2_room1_mix1685,93,5,0,-175,0,82.63
fold2_room1_mix1685,94,5,0,-8,0,51.03
fold2_room1_mix1685,94,5,0,-121,-1,15.05
fold2_room1_mix1685,94,5,0,-173,0,87.92
fold2_room1_mix1685,95,5,0,-8,0,44.38
fold2_room1_mix1685,95,5,0,-141,-1,17.11
fold2_room1_mix1685,95,5,0,-174,0,96.67
fold2_room1_mix1685,96,5,0,-9,0,41.82
fold2_room1_mix1685,96,5,0,-140,0,16.33
fold2_room1_mix1685,96,5,0,-175,0,90.47
fold2_room1_mix1685,97,5,0,-8,0,43.75
fold2_room1_mix1685,97,5,0,-139,-1,16.32
fold2_room1_mix1685,97,5,0,-176,0,94.68
fold2_room1_mix1685,98,5,0,-10,0,34.05
fold2_room1_mix1685,98,5,0,-155,0,21.59
fold2_room1_mix1685,98,5,0,-176,0,105.10
fold2_room1_mix1685,99,5,0,-7,0,43.71
fold2_room1_mix1685,99,5,0,-144,0,17.47
fold2_room1_mix1685,99,5,0,-177,0,102.92
fold2_room1_mix1686,3,5,0,-3,2,5.09
fold2_room1_mix1686,4,5,0,-1,1,19.35
fold2_room1_mix1686,5,5,0,0,0,34.36
fold2_room1_mix1686,6,5,0,-3,0,52.75
fold2_room1_mix1686,7,5,0,-5,0,61.06
fold2_room1_mix1686,8,5,0,-1,0,82.80
fold2_room1_mix1686,9,5,0,-4,0,88.49
fold2_room1_mix1686,10,5,0,-2,0,82.52
fold2_room1_mix1686,11,5,0,-2,0,81.38
fold2_room1_mix1686,12,5,0,-2,0,81.46
fold2_room1_mix1686,13,5,0,-2,0,84.33
fold2_room1_mix1686,14,5,0,-4,0,84.38
fold2_room1_mix1686,15,5,0,-3,0,82.68
fold2_room1_mix1686,16,5,0,-2,0,87.26
fold2_room1_mix1686,17,5,0,-4,0,90.00
fold2_room1_mix1686,18,5,0,-5,0,88.30
fold2_room1_mix1686,19,5,0,-4,0,92.51
fold2_room1_mix1686,20,5,0,-5,0,89.67
fold2_room1_mix1686,21,5,0,-5,0,91.65
fold2_room1_mix1686,22,5,0,-5,0,90.51
fold2_room1_mix1686,23,5,0,-5,0,84.11
fold2_room1_mix1686,24,5,0,-6,0,85.61
fold2_room1_mix1686,25,5,0,-6,0,86.71
fold2_room1_mix1686,26,5,0,-7,0,74.62
fold2_room1_mix1686,27,5,0,-7,0,80.35
fold2_room1_mix1686,28,5,0,-8,0,79.66
fold2_room1_mix1686,29,5,0,-8,0,75.01
fold2_room1_mix1686,30,5,0,-7,0,71.46
fold2_room1_mix1686,31,5,0,-8,0,68.91
fold2_room1_mix1686,32,5,0,-9,0,66.48
fold2_room1_mix1686,33,5,0,-3,0,90.44
fold2_room1_mix1686,33,5,0,-20,0,18.44
fold2_room1_mix1686,34,5,0,-2,0,88.79
fold2_room1_mix1686,34,5,0,-20,0,16.67
fold2_room1_mix1686,35,5,0,-3,0,83.69
fold2_room1_mix1686,35,5,0,-23,0,14.63
fold2_room1_mix1686,36,5,0,-2,0,81.52
fold2_room1_mix1686,36,5,0,-23,0,13.59
fold2_room1_mix1686,37,5,0,-3,0,78.21
fold2_room1_mix1686,37,5,0,-31,0,11.93
fold2_room1_mix1686,38,5,0,-3,0,80.99
fold2_room1_mix1686,38,5,0,-37,0,10.96
fold2_room1_mix1686,39,5,0,-4,0,80.62
fold2_room1_mix1686,39,5,0,-47,0,9.29
fold2_room1_mix1686,40,5,0,-3,0,82.83
fold2_room1_mix1686,40,5,0,-60,-1,7.71
fold2_room1_mix1686,41,5,0,-4,0,82.10
fold2_room1_mix1686,41,5,0,-76,-1,6.93
fold2_room1_mix1686,42,5,0,-5,0,75.17
fold2_room1_mix1686,42,5,0,-90,-1,6.86
fold2_room1_mix1686,43,5,0,-5,0,76.92
fold2_room1_mix1686,43,5,0,-110,-1,8.00
fold2_room1_mix1686,44,5,0,-5,0,76.47
fold2_room1_mix1686,44,5,0,-126,0,9.27
fold2_room1_mix1686,45,5,0,-5,0,78.56
fold2_room1_mix1686,45,5,0,-130,0,10.03
fold2_room1_mix1686,46,5,0,-4,0,75.16
fold2_room1_mix1686,46,5,0,-137,0,12.13
fold2_room1_mix1686,47,5,0,-6,0,71.60
fold2_room1_mix1686,47,5,0,-142,0,13.44
fold2_room1_mix1686,48,5,0,-5,0,69.46
fold2_room1_mix1686,48,5,0,-141,0,12.99
fold2_room1_mix1686,49,5,0,-7,0,62.24
fold2_room1_mix1686,49,5,0,-150,0,15.91
fold2_room1_mix1686,50,5,0,-7,0,60.54
fold2_room1_mix1686,50,5,0,-152,0,16.45
fold2_room1_mix1686,51,5,0,-7,0,59.63
fold2_room1_mix1686,51,5,0,-152,0,17.65
fold2_room1_mix1686,52,5,0,-8,0,54.91
fold2_room1_mix1686,52,5,0,-157,0,20.65
fold2_room1_mix1686,53,5,0,-7,0,56.28
fold2_room1_mix1686,53,5,0,-158,0,21.18
fold2_room1_mix1686,54,5,0,-7,0,56.26
fold2_room1_mix1686,54,5,0,-159,0,21.05
fold2_room1_mix1686,55,5,0,-9,0,50.33
fold2_room1_mix1686,55,5,0,-162,0,24.89
fold2_room1_mix1686,56,5,0,-9,0,47.70
fold2_room1_mix1686,56,5,0,-164,0,27.31
fold2_room1_mix1686,57,5,0,-8,0,50.27
fold2_room1_mix1686,57,5,0,-164,0,28.44
fold2_room1_mix1686,58,5,0,-10,0,45.78
fold2_room1_mix1686,58,5,0,-165,0,31.09
fold2_room1_mix1686,59,5,0,-9,0,48.40
fold2_room1_mix1686,59,5,0,-166,0,36.43
fold2_room1_mix1686,60,5,0,-8,0,52.48
fold2_room1_mix1686,60,5,0,-166,0,36.09
fold2_room1_mix1686,61,5,0,-9,0,53.62
fold2_room1_mix1686,61,5,0,-166,0,35.64
fold2_room1_mix1686,62,5,0,-4,0,66.14
fold2_room1_mix1686,62,5,0,-24,0,19.83
fold2_room1_mix1686,62,5,0,-169,0,42.78
fold2_room1_mix1686,63,5,0,-10,0,49.61
fold2_room1_mix1686,63,5,0,-167,0,36.95
fold2_room1_mix1686,64,5,0,-3,0,73.06
fold2_room1_mix1686,64,5,0,-20,0,23.04
fold2_room1_mix1686,64,5,0,-169,0,42.92
fold2_room1_mix1686,65,5,0,-11,0,50.60
fold2_room1_mix1686,65,5,0,-167,0,38.56
fold2_room1_mix1686,66,5,0,-4,0,71.54
fold2_room1_mix1686,66,5,0,-21,0,22.00
fold2_room1_mix1686,66,5,0,-168,0,42.07
fold2_room1_mix1686,67,5,0,-4,0,72.15
fold2_room1_mix1686,67,5,0,-22,0,21.95
fold2_room1_mix1686,67,5,0,-169,0,42.53
fold2_room1_mix1686,68,5,0,-4,0,76.01
fold2_room1_mix1686,68,5,0,-21,0,23.04
fold2_room1_mix1686,68,5,0,-168,0,44.38
fold2_room1_mix1686,69,5,0,-10,0,50.92
fold2_room1_mix1686,69,5,0,-168,0,42.93
fold2_room1_mix1686,70,5,0,-3,0,74.14
fold2_room1_mix1686,70,5,0,-25,0,19.49
fold2_room1_mix1686,70,5,0,-171,0,53.52
fold2_room1_mix1686,71,5,0,-3,0,75.27
fold2_room1_mix1686,71,5,0,-21,0,21.06
fold2_room1_mix1686,71,5,0,-171,0,49.94
fold2_room1_mix1686,72,5,0,-3,0,74.21
fold2_room1_mix1686,72,5,0,-24,0,20.01
fold2_room1_mix1686,72,5,0,-171,0,51.69
fold2_room1_mix1686,73,5,0,-3,0,75.82
fold2_room1_mix1686,73,5,0,-22,0,21.06
fold2_room1_mix1686,73,5,0,-171,0,51.55
fold2_room1_mix1686,74,5,0,-5,0,61.55
fold2_room1_mix1686,74,5,0,-41,-1,14.68
fold2_room1_mix1686,74,5,0,-173,0,61.62
fold2_room1_mix1686,75,5,0,-6,0,56.52
fold2_room1_mix1686,75,5,0,-50,-1,13.16
fold2_room1_mix1686,75,5,0,-173,0,64.27
fold2_room1_mix1686,76,5,0,-7,0,53.83
fold2_room1_mix1686,76,5,0,-54,-2,13.38
fold2_room1_mix1686,76,5,0,-172,0,69.83
fold2_room1_mix1686,77,5,0,-7,0,53.94
fold2_room1_mix1686,77,5,0,-62,-1,12.29
fold2_room1_mix1686,77,5,0,-173,0,68.86
fold2_room1_mix1686,78,5,0,-5,0,66.14
fold2_room1_mix1686,78,5,0,-59,-1,13.30
fold2_room1_mix1686,78,5,0,-174,0,70.80
fold2_room1_mix1686,79,5,0,-6,0,54.89
fold2_room1_mix1686,79,5,0,-76,-1,11.36
fold2_room1_mix1686,79,5,0,-174,0,71.78
fold2_room1_mix1686,80,5,0,-6,0,55.33
fold2_room1_mix1686,80,5,0,-63,-1,11.41
fold2_room1_mix1686,80,5,0,-174,0,64.19
fold2_room1_mix1686,81,5,0,-7,0,51.89
fold2_room1_mix1686,81,5,0,-89,-1,10.75
fold2_room1_mix1686,81,5,0,-174,0,67.27
fold2_room1_mix1686,82,5,0,-5,0,64.97
fold2_room1_mix1686,82,5,0,-70,-1,11.85
fold2_room1_mix1686,82,5,0,-176,0,75.00
fold2_room1_mix1686,83,5,0,-6,0,53.11
fold2_room1_mix1686,83,5,0,-99,-1,10.99
fold2_room1_mix1686,83,5,0,-176,0,75.04
fold2_room1_mix1686,84,5,0,-5,0,54.46
fold2_room1_mix1686,84,5,0,-107,-1,11.64
fold2_room1_mix1686,84,5,0,-176,0,77.40
fold2_room1_mix1686,85,5,0,-5,0,55.86
fold2_room1_mix1686,85,5,0,-107,-1,11.10
fold2_room1_mix1686,85,5,0,-177,0,77.26
fold2_room1_mix1686,86,5,0,-4,0,62.85
fold2_room1_mix1686,86,5,0,-82,-1,11.88
fold2_room1_mix1686,86,5,0,-176,0,76.83
fold2_room1_mix1686,87,5,0,-5,0,55.22
fold2_room1_mix1686,87,5,0,-98,-1,11.67
fold2_room1_mix1686,87,5,0,-175,0,77.57
fold2_room1_mix1686,88,5,0,-4,0,58.95
fold2_room1_mix1686,88,5,0,-105,-1,11.15
fold2_room1_mix1686,88,5,0,-177,0,76.77
fold2_room1_mix1686,89,5,0,-4,0,60.08
fold2_room1_mix1686,89,5,0,-93,-1,11.25
fold2_room1_mix1686,89,5,0,-176,0,78.23
fold2_room1_mix1686,90,5,0,-5,0,56.49
fold2_room1_mix1686,90,5,0,-115,-1,12.63
fold2_room1_mix1686,90,5,0,-177,0,85.94
fold2_room1_mix1686,91,5,0,-4,0,58.06
fold2_room1_mix1686,91,5,0,-118,-1,12.98
fold2_room1_mix1686,91,5,0,-177,0,89.68
fold2_room1_mix1686,92,5,0,-4,0,65.70
fold2_room1_mix1686,92,5,0,-88,-1,11.96
fold2_room1_mix1686,92,5,0,-177,0,81.51
fold2_room1_mix1686,93,5,0,-5,0,56.46
fold2_room1_mix1686,93,5,0,-100,0,11.24
fold2_room1_mix1686,93,5,0,-176,0,77.47
fold2_room1_mix1686,94,5,0,-4,0,53.82
fold2_room1_mix1686,94,5,0,-127,0,13.16
fold2_room1_mix1686,94,5,0,-178,0,90.54
fold2_room1_mix1686,95,5,0,-5,0,46.88
fold2_room1_mix1686,95,5,0,-141,0,14.98
fold2_room1_mix1686,95,5,0,-178,0,97.35
fold2_room1_mix1686,96,5,0,-6,0,41.81
fold2_room1_mix1686,96,5,0,-143,0,15.39
fold2_room1_mix1686,96,5,0,-177,0,92.87
fold2_room1_mix1686,97,5,0,-6,0,44.38
fold2_room1_mix1686,97,5,0,-142,0,15.57
fold2_room1_mix1686,97,5,0,-177,0,95.63
fold2_room1_mix1686,98,5,0,-7,0,38.03
fold2_room1_mix1686,98,5,0,-154,0,19.19
fold2_room1_mix1686,98,5,0,-177,0,109.44
fold2_room1_mix1686,99,5,0,-7,0,37.15
fold2_room1_mix1686,99,5,0,-151,0,18.11
fold2_room1_mix1686,99,5,0,-177,0,105.03
fold2_room1_mix1687,3,5,0,0,2,1.92
fold2_room1_mix1687,4,5,0,-4,1,19.95
fold2_room1_mix1687,5,5,0,0,1,30.28
fold2_room1_mix1687,6,5,0,2,0,49.39
fold2_room1_mix1687,7,5,0,1,0,60.18
fold2_room1_mix1687,8,5,0,3,0,71.04
fold2_room1_mix1687,9,5,0,4,0,95.46
fold2_room1_mix1687,10,5,0,3,0,94.01
fold2_room1_mix1687,11,5,0,5,0,85.54
fold2_room1_mix1687,12,5,0,4,0,79.06
fold2_room1_mix1687,13,5,0,5,0,83.25
fold2_room1_mix1687,14,5,0,5,0,82.36
fold2_room1_mix1687,15,5,0,5,0,86.89
fold2_room1_mix1687,16,5,0,7,0,89.94
fold2_room1_mix1687,17,5,0,5,0,81.39
fold2_room1_mix1687,18,5,0,5,0,88.88
fold2_room1_mix1687,19,5,0,6,0,99.02
fold2_room1_mix1687,20,5,0,6,0,87.71
fold2_room1_mix1687,21,5,0,4,0,93.01
fold2_room1_mix1687,22,5,0,5,0,97.66
fold2_room1_mix1687,23,5,0,5,0,87.29
fold2_room1_mix1687,24,5,0,6,0,89.22
fold2_room1_mix1687,25,5,0,6,0,90.52
fold2_room1_mix1687,26,5,0,4,0,86.33
fold2_room1_mix1687,27,5,0,5,0,88.71
fold2_room1_mix1687,28,5,0,7,0,81.69
fold2_room1_mix1687,29,5,0,6,0,78.63
fold2_room1_mix1687,30,5,0,7,0,65.93
fold2_room1_mix1687,31,5,0,8,0,58.75
fold2_room1_mix1687,32,5,0,8,0,60.15
fold2_room1_mix1687,33,5,0,9,0,54.39
fold2_room1_mix1687,34,5,0,10,0,49.53
fold2_room1_mix1687,35,5,0,12,0,53.80
fold2_room1_mix1687,36,5,0,8,0,60.00
fold2_room1_mix1687,36,5,0,25,0,15.80
fold2_room1_mix1687,37,5,0,7,0,59.36
fold2_room1_mix1687,37,5,0,28,0,13.39
fold2_room1_mix1687,38,5,0,7,0,52.99
fold2_room1_mix1687,38,5,0,37,0,9.87
fold2_room1_mix1687,39,5,0,7,0,49.55
fold2_room1_mix1687,39,5,0,48,0,8.11
fold2_room1_mix1687,40,5,0,7,0,51.71
fold2_room1_mix1687,40,5,0,58,-1,7.13
fold2_room1_mix1687,41,5,0,8,0,54.04
fold2_room1_mix1687,41,5,0,92,-1,7.83
fold2_room1_mix1687,42,5,0,9,0,52.95
fold2_room1_mix1687,42,5,0,110,-1,7.58
fold2_room1_mix1687,43,5,0,8,0,58.42
fold2_room1_mix1687,43,5,0,134,-1,10.70
fold2_room1_mix1687,44,5,0,9,0,55.21
fold2_room1_mix1687,44,5,0,144,0,12.87
fold2_room1_mix1687,45,5,0,8,0,56.07
fold2_room1_mix1687,45,5,0,149,0,15.67
fold2_room1_mix1687,46,5,0,8,0,52.46
fold2_room1_mix1687,46,5,0,156,0,19.48
fold2_room1_mix1687,47,5,0,9,0,46.72
fold2_room1_mix1687,47,5,0,159,0,21.20
fold2_room1_mix1687,48,5,0,9,0,47.36
fold2_room1_mix1687,48,5,0,162,0,23.28
fold2_room1_mix1687,49,5,0,9,0,42.56
fold2_room1_mix1687,49,5,0,162,0,23.80
fold2_room1_mix1687,50,5,0,10,0,30.60
fold2_room1_mix1687,50,5,0,161,0,20.61
fold2_room1_mix1687,51,5,0,9,0,43.32
fold2_room1_mix1687,51,5,0,164,0,25.69
fold2_room1_mix1687,52,5,0,9,0,41.71
fold2_room1_mix1687,52,5,0,165,0,25.86
fold2_room1_mix1687,53,5,0,10,0,43.51
fold2_room1_mix1687,53,5,0,169,0,32.16
fold2_room1_mix1687,54,5,0,11,0,38.34
fold2_room1_mix1687,54,5,0,168,0,32.51
fold2_room1_mix1687,55,5,0,5,0,54.10
fold2_room1_mix1687,55,5,0,22,0,16.70
fold2_room1_mix1687,55,5,0,168,0,34.32
fold2_room1_mix1687,56,5,0,5,0,53.79
fold2_room1_mix1687,56,5,0,24,0,15.87
fold2_room1_mix1687,56,5,0,171,0,37.55
fold2_room1_mix1687,57,5,0,5,0,44.25
fold2_room1_mix1687,57,5,0,40,0,10.78
fold2_room1_mix1687,57,5,0,172,0,40.52
fold2_room1_mix1687,58,5,0,7,0,38.21
fold2_room1_mix1687,58,5,0,49,0,9.50
fold2_room1_mix1687,58,5,0,169,0,36.78
fold2_room1_mix1687,59,5,0,10,0,27.00
fold2_room1_mix1687,59,5,0,109,-1,7.82
fold2_room1_mix1687,59,5,0,173,0,38.76
fold2_room1_mix1687,60,5,0,7,0,34.66
fold2_room1_mix1687,60,5,0,93,-1,8.62
fold2_room1_mix1687,60,5,0,173,0,44.75
fold2_room1_mix1687,61,5,0,16,0,18.28
fold2_room1_mix1687,61,5,0,143,0,11.57
fold2_room1_mix1687,61,5,0,175,0,47.95
fold2_room1_mix1687,62,5,0,18,0,17.25
fold2_room1_mix1687,62,5,0,144,0,11.77
fold2_room1_mix1687,62,5,0,175,0,48.83
fold2_room1_mix1687,63,5,0,37,0,8.88
fold2_room1_mix1687,63,5,0,151,0,11.70
fold2_room1_mix1687,63,5,0,177,0,41.71
fold2_room1_mix1687,64,5,0,42,0,8.32
fold2_room1_mix1687,64,5,0,155,0,14.03
fold2_room1_mix1687,64,5,0,177,0,48.47
fold2_room1_mix1687,65,5,0,43,-1,8.43
fold2_room1_mix1687,65,5,0,159,0,17.16
fold2_room1_mix1687,65,5,0,176,0,57.64
fold2_room1_mix1687,66,5,0,63,-2,6.59
fold2_room1_mix1687,66,5,0,169,0,41.50
fold2_room1_mix1687,67,5,0,72,-2,6.06
fold2_room1_mix1687,67,5,0,169,0,40.96
fold2_room1_mix1687,68,5,0,101,-1,6.05
fold2_room1_mix1687,68,5,0,170,0,40.89
fold2_room1_mix1687,69,5,0,120,-2,7.27
fold2_room1_mix1687,69,5,0,170,0,54.98
fold2_room1_mix1687,70,5,0,132,-1,8.27
fold2_room1_mix1687,70,5,0,169,0,53.28
fold2_room1_mix1687,71,5,0,138,-1,9.55
fold2_room1_mix1687,71,5,0,170,0,54.33
fold2_room1_mix1687,72,5,0,143,-1,11.58
fold2_room1_mix1687,72,5,0,171,0,61.89
fold2_room1_mix1687,73,5,0,147,-1,13.15
fold2_room1_mix1687,73,5,0,170,0,59.73
fold2_room1_mix1687,74,5,0,151,0,14.67
fold2_room1_mix1687,74,5,0,171,0,60.59
fold2_room1_mix1687,75,5,0,166,0,48.18
fold2_room1_mix1687,76,5,0,168,0,49.87
fold2_room1_mix1687,77,5,0,169,0,54.09
fold2_room1_mix1687,78,5,0,170,0,55.29
fold2_room1_mix1687,79,5,0,170,0,57.66
fold2_room1_mix1687,80,5,0,171,0,57.00
fold2_room1_mix1687,81,5,0,172,0,59.19
fold2_room1_mix1687,82,5,0,173,0,64.01
fold2_room1_mix1687,83,5,0,174,0,63.53
fold2_room1_mix1687,84,5,0,174,0,62.26
fold2_room1_mix1687,85,5,0,174,0,69.01
fold2_room1_mix1687,86,5,0,174,0,64.01
fold2_room1_mix1687,87,5,0,173,0,65.82
fold2_room1_mix1687,88,5,0,174,0,69.30
fold2_room1_mix1687,89,5,0,175,0,72.10
fold2_room1_mix1687,90,5,0,175,0,71.73
fold2_room1_mix1687,91,5,0,175,0,75.21
fold2_room1_mix1687,92,5,0,176,0,74.07
fold2_room1_mix1687,93,5,0,176,0,73.68
fold2_room1_mix1687,94,5,0,176,0,77.34
fold2_room1_mix1687,95,5,0,176,0,76.96
fold2_room1_mix1687,96,5,0,176,0,76.70
fold2_room1_mix1687,97,5,0,175,0,80.35
fold2_room1_mix1687,98,5,0,176,0,84.02
fold2_room1_mix1687,99,5,0,176,0,79.61
fold2_room1_mix1688,4,5,0,-176,1,16.66
fold2_room1_mix1688,5,5,0,-175,0,32.72
fold2_room1_mix1688,6,5,0,-175,0,56.38
fold2_room1_mix1688,7,5,0,-174,0,76.78
fold2_room1_mix1688,8,5,0,-175,0,88.83
fold2_room1_mix1688,9,5,0,-176,0,87.09
fold2_room1_mix1688,10,5,0,-174,0,82.14
fold2_room1_mix1688,11,5,0,-174,0,85.66
fold2_room1_mix1688,12,5,0,-173,0,82.45
fold2_room1_mix1688,13,5,0,-173,0,81.56
fold2_room1_mix1688,14,5,0,-172,0,81.34
fold2_room1_mix1688,15,5,0,-172,0,82.31
fold2_room1_mix1688,16,5,0,-172,0,77.95
fold2_room1_mix1688,17,5,0,-172,0,73.47
fold2_room1_mix1688,18,5,0,-173,0,74.44
fold2_room1_mix1688,19,5,0,-172,0,74.96
fold2_room1_mix1688,20,5,0,-172,0,72.13
fold2_room1_mix1688,21,5,0,-171,0,68.99
fold2_room1_mix1688,22,5,0,-171,0,68.59
fold2_room1_mix1688,23,5,0,-171,0,67.21
fold2_room1_mix1688,24,5,0,-170,0,64.17
fold2_room1_mix1688,25,5,0,-170,0,66.27
fold2_room1_mix1688,26,5,0,-170,0,67.53
fold2_room1_mix1688,27,5,0,-169,0,65.87
fold2_room1_mix1688,28,5,0,-158,0,19.96
fold2_room1_mix1688,28,5,0,-174,0,88.22
fold2_room1_mix1688,29,5,0,-155,0,18.32
fold2_room1_mix1688,29,5,0,-173,0,87.67
fold2_room1_mix1688,30,5,0,-154,0,17.31
fold2_room1_mix1688,30,5,0,-173,0,85.69
fold2_room1_mix1688,31,5,0,-153,0,17.53
fold2_room1_mix1688,31,5,0,-172,0,86.47
fold2_room1_mix1688,32,5,0,-151,0,16.33
fold2_room1_mix1688,32,5,0,-173,0,87.37
fold2_room1_mix1688,33,5,0,-151,0,16.55
fold2_room1_mix1688,33,5,0,-173,0,88.84
fold2_room1_mix1688,34,5,0,-150,0,15.76
fold2_room1_mix1688,34,5,0,-173,0,85.34
fold2_room1_mix1688,35,5,0,-147,0,14.71
fold2_room1_mix1688,35,5,0,-173,0,87.05
fold2_room1_mix1688,36,5,0,-145,-1,13.70
fold2_room1_mix1688,36,5,0,-173,0,87.65
fold2_room1_mix1688,37,5,0,-141,-1,12.76
fold2_room1_mix1688,37,5,0,-173,0,85.85
fold2_room1_mix1688,38,5,0,-133,-1,10.86
fold2_room1_mix1688,38,5,0,-172,0,83.44
fold2_room1_mix1688,39,5,0,-129,-1,10.11
fold2_room1_mix1688,39,5,0,-173,0,83.85
fold2_room1_mix1688,40,5,0,-127,-1,9.69
fold2_room1_mix1688,40,5,0,-172,0,78.37
fold2_room1_mix1688,41,5,0,-120,-1,8.76
fold2_room1_mix1688,41,5,0,-172,0,76.35
fold2_room1_mix1688,42,5,0,-117,-1,8.85
fold2_room1_mix1688,42,5,0,-173,0,79.21
fold2_room1_mix1688,43,5,0,-103,-1,8.53
fold2_room1_mix1688,43,5,0,-172,0,77.26
fold2_room1_mix1688,44,5,0,-99,-1,8.46
fold2_room1_mix1688,44,5,0,-172,0,82.89
fold2_room1_mix1688,45,5,0,-83,-1,8.69
fold2_room1_mix1688,45,5,0,-171,0,79.46
fold2_room1_mix1688,46,5,0,-78,-1,8.46
fold2_room1_mix1688,46,5,0,-170,0,77.02
fold2_room1_mix1688,47,5,0,-65,-1,8.70
fold2_room1_mix1688,47,5,0,-170,0,78.08
fold2_room1_mix1688,48,5,0,-57,-1,9.27
fold2_room1_mix1688,48,5,0,-170,0,75.71
fold2_room1_mix1688,49,5,0,-49,-1,9.93
fold2_room1_mix1688,49,5,0,-170,0,73.29
fold2_room1_mix1688,50,5,0,-47,-1,10.05
fold2_room1_mix1688,50,5,0,-170,0,75.39
fold2_room1_mix1688,51,5,0,-45,-1,10.82
fold2_room1_mix1688,51,5,0,-170,0,72.41
fold2_room1_mix1688,52,5,0,-48,-1,10.77
fold2_room1_mix1688,52,5,0,-170,0,73.82
fold2_room1_mix1688,53,5,0,-41,-1,11.48
fold2_room1_mix1688,53,5,0,-169,0,69.22
fold2_room1_mix1688,54,5,0,-40,-1,11.70
fold2_room1_mix1688,54,5,0,-169,0,68.92
fold2_room1_mix1688,55,5,0,-31,0,14.16
fold2_room1_mix1688,55,5,0,-169,0,66.58
fold2_room1_mix1688,56,5,0,-31,0,14.69
fold2_room1_mix1688,56,5,0,-169,0,65.57
fold2_room1_mix1688,57,5,0,-29,0,15.49
fold2_room1_mix1688,57,5,0,-169,0,67.73
fold2_room1_mix1688,58,5,0,-26,0,17.06
fold2_room1_mix1688,58,5,0,-169,0,65.39
fold2_room1_mix1688,59,5,0,-24,0,18.37
fold2_room1_mix1688,59,5,0,-166,0,57.85
fold2_room1_mix1688,60,5,0,-22,0,18.93
fold2_room1_mix1688,60,5,0,-168,0,61.56
fold2_room1_mix1688,61,5,0,-21,0,21.44
fold2_room1_mix1688,61,5,0,-165,0,54.40
fold2_room1_mix1688,62,5,0,-20,0,22.19
fold2_room1_mix1688,62,5,0,-165,0,52.01
fold2_room1_mix1688,63,5,0,-18,0,23.25
fold2_room1_mix1688,63,5,0,-166,0,54.52
fold2_room1_mix1688,64,5,0,-19,0,24.08
fold2_room1_mix1688,64,5,0,-165,0,53.28
fold2_room1_mix1688,65,5,0,-16,0,25.86
fold2_room1_mix1688,65,5,0,-152,0,22.93
fold2_room1_mix1688,65,5,0,-169,0,66.35
fold2_room1_mix1688,66,5,0,-16,0,27.57
fold2_room1_mix1688,66,5,0,-146,0,19.52
fold2_room1_mix1688,66,5,0,-168,0,59.42
fold2_room1_mix1688,67,5,0,-16,0,27.88
fold2_room1_mix1688,67,5,0,-141,0,17.19
fold2_room1_mix1688,67,5,0,-166,0,52.79
fold2_room1_mix1688,68,5,0,-15,0,28.33
fold2_room1_mix1688,68,5,0,-141,0,16.22
fold2_room1_mix1688,68,5,0,-168,0,52.85
fold2_room1_mix1688,69,5,0,-14,0,30.89
fold2_room1_mix1688,69,5,0,-134,0,14.59
fold2_room1_mix1688,69,5,0,-166,0,47.99
fold2_room1_mix1688,70,5,0,-14,0,31.20
fold2_room1_mix1688,70,5,0,-138,0,16.35
fold2_room1_mix1688,70,5,0,-166,0,54.02
fold2_room1_mix1688,71,5,0,-13,0,34.08
fold2_room1_mix1688,71,5,0,-134,0,14.48
fold2_room1_mix1688,71,5,0,-167,0,50.28
fold2_room1_mix1688,72,5,0,-13,0,35.04
fold2_room1_mix1688,72,5,0,-139,0,16.32
fold2_room1_mix1688,72,5,0,-168,0,57.85
fold2_room1_mix1688,73,5,0,-12,0,36.95
fold2_room1_mix1688,73,5,0,-126,0,12.70
fold2_room1_mix1688,73,5,0,-166,0,46.19
fold2_room1_mix1688,74,5,0,-11,0,38.42
fold2_room1_mix1688,74,5,0,-138,0,15.09
fold2_room1_mix1688,74,5,0,-169,0,58.98
fold2_room1_mix1688,75,5,0,-11,0,38.40
fold2_room1_mix1688,75,5,0,-113,0,11.09
fold2_room1_mix1688,75,5,0,-165,0,43.74
fold2_room1_mix1688,76,5,0,-11,0,38.36
fold2_room1_mix1688,76,5,0,-112,0,11.45
fold2_room1_mix1688,76,5,0,-165,0,43.64
fold2_room1_mix1688,77,5,0,-13,0,39.52
fold2_room1_mix1688,77,5,0,-106,0,11.04
fold2_room1_mix1688,77,5,0,-163,0,42.26
fold2_room1_mix1688,78,5,0,-11,0,43.46
fold2_room1_mix1688,78,5,0,-117,-1,12.08
fold2_room1_mix1688,78,5,0,-167,0,48.58
fold2_room1_mix1688,79,5,0,-10,0,44.71
fold2_room1_mix1688,79,5,0,-114,-1,12.18
fold2_room1_mix1688,79,5,0,-168,0,48.63
fold2_room1_mix1688,80,5,0,-12,0,40.92
fold2_room1_mix1688,80,5,0,-60,0,10.66
fold2_room1_mix1688,80,5,0,-162,0,31.99
fold2_room1_mix1688,81,5,0,-11,0,46.04
fold2_room1_mix1688,81,5,0,-45,0,12.85
fold2_room1_mix1688,81,5,0,-159,0,28.38
fold2_room1_mix1688,82,5,0,-11,0,44.90
fold2_room1_mix1688,82,5,0,-44,0,12.29
fold2_room1_mix1688,82,5,0,-156,0,23.43
fold2_room1_mix1688,83,5,0,-10,0,50.89
fold2_room1_mix1688,83,5,0,-35,0,14.78
fold2_room1_mix1688,83,5,0,-149,0,18.41
fold2_room1_mix1688,84,5,0,-11,0,49.58
fold2_room1_mix1688,84,5,0,-31,0,16.18
fold2_room1_mix1688,84,5,0,-134,0,12.61
fold2_room1_mix1688,85,5,0,-9,0,54.46
fold2_room1_mix1688,85,5,0,-28,0,17.51
fold2_room1_mix1688,85,5,0,-132,0,11.08
fold2_room1_mix1688,86,5,0,-9,0,58.92
fold2_room1_mix1688,86,5,0,-28,0,18.92
fold2_room1_mix1688,86,5,0,-128,-1,11.35
fold2_room1_mix1688,87,5,0,-8,0,66.18
fold2_room1_mix1688,87,5,0,-25,0,21.46
fold2_room1_mix1688,87,5,0,-124,-1,9.67
fold2_room1_mix1688,88,5,0,-8,0,69.03
fold2_room1_mix1688,88,5,0,-24,0,22.52
fold2_room1_mix1688,88,5,0,-117,-1,8.53
fold2_room1_mix1688,89,5,0,-8,0,74.01
fold2_room1_mix1688,89,5,0,-24,0,23.62
fold2_room1_mix1688,89,5,0,-114,-1,8.87
fold2_room1_mix1688,90,5,0,-16,0,49.02
fold2_room1_mix1688,90,5,0,-101,-1,7.82
fold2_room1_mix1688,91,5,0,-15,0,49.61
fold2_room1_mix1688,91,5,0,-96,-1,8.25
fold2_room1_mix1688,92,5,0,-14,0,50.72
fold2_room1_mix1688,92,5,0,-77,-1,7.88
fold2_room1_mix1688,93,5,0,-13,0,50.98
fold2_room1_mix1688,93,5,0,-62,-1,9.13
fold2_room1_mix1688,94,5,0,-12,0,52.15
fold2_room1_mix1688,94,5,0,-55,-1,9.58
fold2_room1_mix1688,95,5,0,-11,0,55.80
fold2_room1_mix1688,95,5,0,-50,-1,11.09
fold2_room1_mix1688,96,5,0,-13,0,51.60
fold2_room1_mix1688,96,5,0,-48,0,11.72
fold2_room1_mix1688,97,5,0,-12,0,53.16
fold2_room1_mix1688,97,5,0,-45,-1,12.26
fold2_room1_mix1688,98,5,0,-12,0,52.93
fold2_room1_mix1688,98,5,0,-44,0,12.71
fold2_room1_mix1688,99,5,0,-12,0,52.70
fold2_room1_mix1688,99,5,0,-39,0,13.80
fold2_room1_mix1689,4,5,0,178,1,9.53
fold2_room1_mix1689,5,5,0,177,1,25.64
fold2_room1_mix1689,6,5,0,179,0,32.24
fold2_room1_mix1689,7,5,0,-179,0,53.79
fold2_room1_mix1689,8,5,0,-179,0,101.93
fold2_room1_mix1689,9,5,0,-179,0,112.47
fold2_room1_mix1689,10,5,0,-179,0,102.91
fold2_room1_mix1689,11,5,0,-179,0,104.26
fold2_room1_mix1689,12,5,0,-179,0,98.42
fold2_room1_mix1689,13,5,0,-179,0,99.35
fold2_room1_mix1689,14,5,0,-178,0,101.01
fold2_room1_mix1689,15,5,0,-178,0,102.74
fold2_room1_mix1689,16,5,0,-179,0,98.66
fold2_room1_mix1689,17,5,0,-178,0,99.30
fold2_room1_mix1689,18,5,0,-179,0,97.83
fold2_room1_mix1689,19,5,0,-178,0,100.24
fold2_room1_mix1689,20,5,0,-178,0,99.41
fold2_room1_mix1689,21,5,0,-177,0,101.87
fold2_room1_mix1689,22,5,0,-178,0,99.10
fold2_room1_mix1689,23,5,0,-178,0,93.06
fold2_room1_mix1689,24,5,0,-178,0,95.57
fold2_room1_mix1689,25,5,0,-178,0,98.99
fold2_room1_mix1689,26,5,0,-177,0,93.90
fold2_room1_mix1689,27,5,0,-177,0,96.87
fold2_room1_mix1689,28,5,0,-177,0,96.32
fold2_room1_mix1689,29,5,0,-176,0,92.47
fold2_room1_mix1689,30,5,0,-176,0,91.14
fold2_room1_mix1689,31,5,0,-176,0,90.94
fold2_room1_mix1689,32,5,0,-175,0,91.36
fold2_room1_mix1689,33,5,0,-175,0,91.25
fold2_room1_mix1689,34,5,0,-174,0,90.90
fold2_room1_mix1689,35,5,0,-173,0,88.14
fold2_room1_mix1689,36,5,0,-173,0,86.92
fold2_room1_mix1689,37,5,0,-172,0,84.55
fold2_room1_mix1689,38,5,0,-172,0,82.54
fold2_room1_mix1689,39,5,0,-172,0,83.28
fold2_room1_mix1689,40,5,0,-171,0,82.52
fold2_room1_mix1689,41,5,0,-171,0,82.79
fold2_room1_mix1689,42,5,0,-159,0,23.24
fold2_room1_mix1689,42,5,0,-175,0,104.39
fold2_room1_mix1689,43,5,0,-159,0,21.96
fold2_room1_mix1689,43,5,0,-175,0,103.28
fold2_room1_mix1689,44,5,0,-157,0,20.05
fold2_room1_mix1689,44,5,0,-175,0,102.76
fold2_room1_mix1689,45,5,0,-157,0,19.57
fold2_room1_mix1689,45,5,0,-175,0,101.57
fold2_room1_mix1689,46,5,0,-155,0,18.30
fold2_room1_mix1689,46,5,0,-174,0,101.53
fold2_room1_mix1689,47,5,0,-154,0,17.78
fold2_room1_mix1689,47,5,0,-174,0,101.85
fold2_room1_mix1689,48,5,0,-150,-1,15.16
fold2_room1_mix1689,48,5,0,-174,0,97.83
fold2_room1_mix1689,49,5,0,-146,-1,13.35
fold2_room1_mix1689,49,5,0,-174,0,95.33
fold2_room1_mix1689,50,5,0,-142,-1,11.28
fold2_room1_mix1689,50,5,0,-174,0,91.74
fold2_room1_mix1689,51,5,0,-135,-1,9.55
fold2_room1_mix1689,51,5,0,-174,0,86.48
fold2_room1_mix1689,52,5,0,-126,-1,8.29
fold2_room1_mix1689,52,5,0,-174,0,84.63
fold2_room1_mix1689,53,5,0,-123,-1,7.48
fold2_room1_mix1689,53,5,0,-173,0,83.17
fold2_room1_mix1689,54,5,0,-108,-2,6.82
fold2_room1_mix1689,54,5,0,-173,0,85.79
fold2_room1_mix1689,55,5,0,-105,-2,7.02
fold2_room1_mix1689,55,5,0,-174,0,85.06
fold2_room1_mix1689,56,5,0,-91,-2,6.80
fold2_room1_mix1689,56,5,0,-174,0,86.40
fold2_room1_mix1689,57,5,0,-78,-2,7.00
fold2_room1_mix1689,57,5,0,-173,0,84.35
fold2_room1_mix1689,58,5,0,-68,-2,7.35
fold2_room1_mix1689,58,5,0,-173,0,83.07
fold2_room1_mix1689,59,5,0,-57,-1,8.21
fold2_room1_mix1689,59,5,0,-172,0,84.24
fold2_room1_mix1689,60,5,0,-49,-1,8.57
fold2_room1_mix1689,60,5,0,-173,0,81.30
fold2_room1_mix1689,61,5,0,-43,-1,9.61
fold2_room1_mix1689,61,5,0,-173,0,77.76
fold2_room1_mix1689,62,5,0,-40,-1,10.07
fold2_room1_mix1689,62,5,0,-173,0,80.58
fold2_room1_mix1689,63,5,0,-42,-1,10.87
fold2_room1_mix1689,63,5,0,-172,0,81.76
fold2_room1_mix1689,64,5,0,-36,-1,11.28
fold2_room1_mix1689,64,5,0,-172,0,78.13
fold2_room1_mix1689,65,5,0,-32,-1,12.48
fold2_room1_mix1689,65,5,0,-171,0,73.62
fold2_room1_mix1689,66,5,0,-24,-1,14.40
fold2_room1_mix1689,66,5,0,-172,0,73.08
fold2_room1_mix1689,67,5,0,-24,0,15.38
fold2_room1_mix1689,67,5,0,-170,0,67.46
fold2_room1_mix1689,68,5,0,-21,0,17.47
fold2_room1_mix1689,68,5,0,-169,0,62.97
fold2_room1_mix1689,69,5,0,-22,0,17.47
fold2_room1_mix1689,69,5,0,-168,0,58.14
fold2_room1_mix1689,70,5,0,-22,0,18.75
fold2_room1_mix1689,70,5,0,-168,0,57.82
fold2_room1_mix1689,71,5,0,-20,0,21.34
fold2_room1_mix1689,71,5,0,-167,0,59.54
fold2_room1_mix1689,72,5,0,-18,0,24.32
fold2_room1_mix1689,72,5,0,-167,0,62.62
fold2_room1_mix1689,73,5,0,-16,0,23.86
fold2_room1_mix1689,73,5,0,-165,0,53.16
fold2_room1_mix1689,74,5,0,-16,0,25.87
fold2_room1_mix1689,74,5,0,-156,0,26.09
fold2_room1_mix1689,74,5,0,-172,0,78.09
fold2_room1_mix1689,75,5,0,-14,0,27.13
fold2_room1_mix1689,75,5,0,-151,0,21.86
fold2_room1_mix1689,75,5,0,-171,0,67.47
fold2_room1_mix1689,76,5,0,-14,0,26.96
fold2_room1_mix1689,76,5,0,-155,0,25.22
fold2_room1_mix1689,76,5,0,-172,0,77.57
fold2_room1_mix1689,77,5,0,-13,0,28.97
fold2_room1_mix1689,77,5,0,-147,0,18.81
fold2_room1_mix1689,77,5,0,-170,0,63.08
fold2_room1_mix1689,78,5,0,-11,0,32.40
fold2_room1_mix1689,78,5,0,-149,0,21.34
fold2_room1_mix1689,78,5,0,-172,0,73.78
fold2_room1_mix1689,79,5,0,-10,0,32.97
fold2_room1_mix1689,79,5,0,-146,0,18.54
fold2_room1_mix1689,79,5,0,-171,0,67.81
fold2_room1_mix1689,80,5,0,-10,0,33.31
fold2_room1_mix1689,80,5,0,-150,0,20.61
fold2_room1_mix1689,80,5,0,-173,0,74.71
fold2_room1_mix1689,81,5,0,-10,0,34.70
fold2_room1_mix1689,81,5,0,-147,0,19.27
fold2_room1_mix1689,81,5,0,-172,0,72.08
fold2_room1_mix1689,82,5,0,-10,0,35.54
fold2_room1_mix1689,82,5,0,-150,0,21.65
fold2_room1_mix1689,82,5,0,-173,0,78.88
fold2_room1_mix1689,83,5,0,-10,0,36.50
fold2_room1_mix1689,83,5,0,-146,-1,18.91
fold2_room1_mix1689,83,5,0,-172,0,71.49
fold2_room1_mix1689,84,5,0,-8,0,38.60
fold2_room1_mix1689,84,5,0,-148,-1,19.38
fold2_room1_mix1689,84,5,0,-174,0,74.91
fold2_room1_mix1689,85,5,0,-8,0,41.17
fold2_room1_mix1689,85,5,0,-146,-1,17.76
fold2_room1_mix1689,85,5,0,-173,0,71.95
fold2_room1_mix1689,86,5,0,-8,0,41.90
fold2_room1_mix1689,86,5,0,-145,-1,17.93
fold2_room1_mix1689,86,5,0,-173,0,72.22
fold2_room1_mix1689,87,5,0,-10,0,42.15
fold2_room1_mix1689,87,5,0,-140,-1,16.17
fold2_room1_mix1689,87,5,0,-171,0,63.48
fold2_room1_mix1689,88,5,0,-8,0,40.88
fold2_room1_mix1689,88,5,0,-146,0,18.64
fold2_room1_mix1689,88,5,0,-173,0,73.32
fold2_room1_mix1689,89,5,0,-9,0,44.20
fold2_room1_mix1689,89,5,0,-134,-1,13.79
fold2_room1_mix1689,89,5,0,-170,0,59.75
fold2_room1_mix1689,90,5,0,-8,0,45.06
fold2_room1_mix1689,90,5,0,-137,-1,14.88
fold2_room1_mix1689,90,5,0,-172,0,65.36
fold2_room1_mix1689,91,5,0,-7,0,48.07
fold2_room1_mix1689,91,5,0,-124,-1,11.87
fold2_room1_mix1689,91,5,0,-170,0,55.40
fold2_room1_mix1689,92,5,0,-7,0,46.84
fold2_room1_mix1689,92,5,0,-129,-1,12.70
fold2_room1_mix1689,92,5,0,-172,0,60.16
fold2_room1_mix1689,93,5,0,-6,0,51.69
fold2_room1_mix1689,93,5,0,-105,-1,10.67
fold2_room1_mix1689,93,5,0,-171,0,53.27
fold2_room1_mix1689,94,5,0,-7,0,51.34
fold2_room1_mix1689,94,5,0,-104,-1,11.25
fold2_room1_mix1689,94,5,0,-171,0,54.22
fold2_room1_mix1689,95,5,0,-7,0,52.57
fold2_room1_mix1689,95,5,0,-90,-1,11.20
fold2_room1_mix1689,95,5,0,-170,0,50.96
fold2_room1_mix1689,96,5,0,-7,0,52.90
fold2_room1_mix1689,96,5,0,-89,-1,11.39
fold2_room1_mix1689,96,5,0,-171,0,51.34
fold2_room1_mix1689,97,5,0,-7,0,56.92
fold2_room1_mix1689,97,5,0,-61,-1,12.04
fold2_room1_mix1689,97,5,0,-169,0,46.87
fold2_room1_mix1689,98,5,0,-6,0,59.62
fold2_room1_mix1689,98,5,0,-91,-1,12.38
fold2_room1_mix1689,98,5,0,-172,0,58.31
fold2_room1_mix1689,99,5,0,-6,0,57.35
fold2_room1_mix1689,99,5,0,-95,-1,12.40
fold2_room1_mix1689,99,5,0,-171,0,57.61
fold2_room1_mix1690,6,5,0,176,1,15.90
fold2_room1_mix1690,7,5,0,174,0,34.05
fold2_room1_mix1690,8,5,0,175,0,64.02
fold2_room1_mix1690,9,5,0,174,0,97.25
fold2_room1_mix1690,10,5,0,174,0,110.57
fold2_room1_mix1690,11,5,0,175,0,106.94
fold2_room1_mix1690,12,5,0,175,0,104.23
fold2_room1_mix1690,13,5,0,175,0,105.49
fold2_room1_mix1690,14,5,0,175,0,105.04
fold2_room1_mix1690,15,5,0,176,0,106.01
fold2_room1_mix1690,16,5,0,176,0,107.54
fold2_room1_mix1690,17,5,0,176,0,108.76
fold2_room1_mix1690,18,5,0,176,0,108.81
fold2_room1_mix1690,19,5,0,176,0,113.54
fold2_room1_mix1690,20,5,0,176,0,110.62
fold2_room1_mix1690,21,5,0,176,0,112.54
fold2_room1_mix1690,22,5,0,176,0,115.08
fold2_room1_mix1690,23,5,0,176,0,109.38
fold2_room1_mix1690,24,5,0,176,0,112.57
fold2_room1_mix1690,25,5,0,176,0,112.20
fold2_room1_mix1690,26,5,0,176,0,112.36
fold2_room1_mix1690,27,5,0,176,0,108.67
fold2_room1_mix1690,28,5,0,176,0,107.25
fold2_room1_mix1690,29,5,0,176,0,108.39
fold2_room1_mix1690,30,5,0,175,0,104.11
fold2_room1_mix1690,31,5,0,175,0,105.28
fold2_room1_mix1690,32,5,0,175,0,106.76
fold2_room1_mix1690,33,5,0,175,0,102.38
fold2_room1_mix1690,34,5,0,175,0,102.24
fold2_room1_mix1690,35,5,0,175,0,103.33
fold2_room1_mix1690,36,5,0,174,0,97.96
fold2_room1_mix1690,37,5,0,175,0,98.66
fold2_room1_mix1690,38,5,0,174,0,96.50
fold2_room1_mix1690,39,5,0,173,0,89.70
fold2_room1_mix1690,40,5,0,173,0,91.13
fold2_room1_mix1690,41,5,0,172,0,90.92
fold2_room1_mix1690,42,5,0,173,0,87.37
fold2_room1_mix1690,43,5,0,172,0,86.77
fold2_room1_mix1690,44,5,0,172,0,85.74
fold2_room1_mix1690,45,5,0,172,0,86.78
fold2_room1_mix1690,46,5,0,172,0,82.57
fold2_room1_mix1690,47,5,0,172,0,79.51
fold2_room1_mix1690,48,5,0,172,0,79.63
fold2_room1_mix1690,49,5,0,171,0,74.06
fold2_room1_mix1690,50,5,0,172,0,73.65
fold2_room1_mix1690,51,5,0,171,0,72.08
fold2_room1_mix1690,52,5,0,170,0,68.04
fold2_room1_mix1690,53,5,0,158,0,19.34
fold2_room1_mix1690,53,5,0,174,0,91.84
fold2_room1_mix1690,54,5,0,156,0,17.84
fold2_room1_mix1690,54,5,0,174,0,87.17
fold2_room1_mix1690,55,5,0,153,0,15.91
fold2_room1_mix1690,55,5,0,174,0,86.76
fold2_room1_mix1690,56,5,0,150,-1,14.30
fold2_room1_mix1690,56,5,0,174,0,86.16
fold2_room1_mix1690,57,5,0,146,-1,11.79
fold2_room1_mix1690,57,5,0,173,0,78.30
fold2_room1_mix1690,58,5,0,139,-1,9.42
fold2_room1_mix1690,58,5,0,173,0,74.90
fold2_room1_mix1690,59,5,0,131,-1,7.99
fold2_room1_mix1690,59,5,0,174,0,77.46
fold2_room1_mix1690,60,5,0,120,-2,6.57
fold2_room1_mix1690,60,5,0,173,0,72.27
fold2_room1_mix1690,61,5,0,110,-2,5.71
fold2_room1_mix1690,61,5,0,173,0,69.89
fold2_room1_mix1690,62,5,0,88,-2,5.24
fold2_room1_mix1690,62,5,0,174,0,69.85
fold2_room1_mix1690,63,5,0,71,-2,5.43
fold2_room1_mix1690,63,5,0,174,0,74.91
fold2_room1_mix1690,64,5,0,63,-2,5.85
fold2_room1_mix1690,64,5,0,175,0,75.15
fold2_room1_mix1690,65,5,0,50,-2,6.59
fold2_room1_mix1690,65,5,0,175,0,68.28
fold2_room1_mix1690,66,5,0,45,-1,7.47
fold2_room1_mix1690,66,5,0,174,0,65.39
fold2_room1_mix1690,67,5,0,35,-1,9.21
fold2_room1_mix1690,67,5,0,173,0,56.81
fold2_room1_mix1690,68,5,0,35,-1,9.32
fold2_room1_mix1690,68,5,0,173,0,61.14
fold2_room1_mix1690,69,5,0,28,-1,11.06
fold2_room1_mix1690,69,5,0,172,0,52.27
fold2_room1_mix1690,70,5,0,26,-1,13.54
fold2_room1_mix1690,70,5,0,171,0,54.37
fold2_room1_mix1690,71,5,0,22,0,15.76
fold2_room1_mix1690,71,5,0,169,0,47.75
fold2_room1_mix1690,72,5,0,20,0,17.06
fold2_room1_mix1690,72,5,0,169,0,47.63
fold2_room1_mix1690,73,5,0,17,0,20.54
fold2_room1_mix1690,73,5,0,157,0,20.48
fold2_room1_mix1690,73,5,0,173,0,56.55
fold2_room1_mix1690,74,5,0,17,0,21.63
fold2_room1_mix1690,74,5,0,155,0,19.92
fold2_room1_mix1690,74,5,0,173,0,55.81
fold2_room1_mix1690,75,5,0,16,0,21.39
fold2_room1_mix1690,75,5,0,168,0,42.28
fold2_room1_mix1690,76,5,0,14,0,24.50
fold2_room1_mix1690,76,5,0,147,0,14.79
fold2_room1_mix1690,76,5,0,172,0,45.98
fold2_room1_mix1690,77,5,0,13,0,26.91
fold2_room1_mix1690,77,5,0,153,0,17.86
fold2_room1_mix1690,77,5,0,174,0,57.98
fold2_room1_mix1690,78,5,0,14,0,27.04
fold2_room1_mix1690,78,5,0,151,0,17.04
fold2_room1_mix1690,78,5,0,174,0,57.14
fold2_room1_mix1690,79,5,0,13,0,28.68
fold2_room1_mix1690,79,5,0,146,0,16.11
fold2_room1_mix1690,79,5,0,172,0,54.11
fold2_room1_mix1690,80,5,0,11,0,30.89
fold2_room1_mix1690,80,5,0,139,0,11.99
fold2_room1_mix1690,80,5,0,172,0,46.01
fold2_room1_mix1690,81,5,0,11,0,32.21
fold2_room1_mix1690,81,5,0,136,0,11.93
fold2_room1_mix1690,81,5,0,171,0,46.65
fold2_room1_mix1690,82,5,0,13,0,31.93
fold2_room1_mix1690,82,5,0,124,-1,9.73
fold2_room1_mix1690,82,5,0,168,0,38.67
fold2_room1_mix1690,83,5,0,10,0,34.14
fold2_room1_mix1690,83,5,0,115,-1,9.06
fold2_room1_mix1690,83,5,0,168,0,36.10
fold2_room1_mix1690,84,5,0,12,0,31.58
fold2_room1_mix1690,84,5,0,103,0,8.67
fold2_room1_mix1690,84,5,0,167,0,34.24
fold2_room1_mix1690,85,5,0,8,0,38.31
fold2_room1_mix1690,85,5,0,81,-1,8.17
fold2_room1_mix1690,85,5,0,169,0,34.08
fold2_room1_mix1690,86,5,0,9,0,38.03
fold2_room1_mix1690,86,5,0,37,0,10.13
fold2_room1_mix1690,86,5,0,158,0,18.17
fold2_room1_mix1690,87,5,0,7,0,36.41
fold2_room1_mix1690,87,5,0,40,0,9.15
fold2_room1_mix1690,87,5,0,163,0,19.73
fold2_room1_mix1690,88,5,0,8,0,36.45
fold2_room1_mix1690,88,5,0,55,-1,8.58
fold2_room1_mix1690,88,5,0,166,0,25.37
fold2_room1_mix1690,89,5,0,9,0,38.30
fold2_room1_mix1690,89,5,0,41,0,10.26
fold2_room1_mix1690,89,5,0,160,0,18.87
fold2_room1_mix1690,90,5,0,3,0,38.82
fold2_room1_mix1690,90,5,0,24,0,11.89
fold2_room1_mix1690,90,5,0,144,0,9.66
fold2_room1_mix1690,91,5,0,5,0,41.71
fold2_room1_mix1690,91,5,0,28,0,12.32
fold2_room1_mix1690,91,5,0,150,0,13.03
fold2_room1_mix1690,92,5,0,11,0,30.65
fold2_room1_mix1690,92,5,0,117,-1,6.60
fold2_room1_mix1690,93,5,0,8,0,36.46
fold2_room1_mix1690,93,5,0,81,-1,5.58
fold2_room1_mix1690,94,5,0,9,0,36.40
fold2_room1_mix1690,94,5,0,66,-2,5.89
fold2_room1_mix1690,95,5,0,10,0,38.19
fold2_room1_mix1690,95,5,0,59,-2,6.94
fold2_room1_mix1690,96,5,0,9,0,40.97
fold2_room1_mix1690,96,5,0,52,-1,8.45
fold2_room1_mix1690,97,5,0,9,0,38.06
fold2_room1_mix1690,97,5,0,41,-1,9.87
fold2_room1_mix1690,98,5,0,8,0,39.96
fold2_room1_mix1690,98,5,0,36,-1,10.76
fold2_room1_mix1690,99,5,0,8,0,45.59
fold2_room1_mix1690,99,5,0,33,-1,13.35
fold2_room1_mix1691,4,5,0,1,1,15.30
fold2_room1_mix1691,5,5,0,3,1,15.87
fold2_room1_mix1691,6,5,0,3,1,33.34
fold2_room1_mix1691,7,5,0,1,0,46.81
fold2_room1_mix1691,8,5,0,2,0,80.08
fold2_room1_mix1691,9,5,0,6,0,95.70
fold2_room1_mix1691,10,5,0,5,0,95.51
fold2_room1_mix1691,11,5,0,4,0,97.19
fold2_room1_mix1691,12,5,0,6,0,81.52
fold2_room1_mix1691,13,5,0,6,0,87.99
fold2_room1_mix1691,14,5,0,5,0,84.88
fold2_room1_mix1691,15,5,0,5,0,87.81
fold2_room1_mix1691,16,5,0,4,0,93.46
fold2_room1_mix1691,17,5,0,4,0,88.49
fold2_room1_mix1691,18,5,0,6,0,91.24
fold2_room1_mix1691,19,5,0,4,0,103.24
fold2_room1_mix1691,20,5,0,5,0,95.37
fold2_room1_mix1691,21,5,0,6,0,98.36
fold2_room1_mix1691,22,5,0,4,0,101.77
fold2_room1_mix1691,23,5,0,4,0,91.87
fold2_room1_mix1691,24,5,0,5,0,95.99
fold2_room1_mix1691,25,5,0,6,0,97.70
fold2_room1_mix1691,26,5,0,4,0,95.33
fold2_room1_mix1691,27,5,0,5,0,95.98
fold2_room1_mix1691,28,5,0,5,0,96.79
fold2_room1_mix1691,29,5,0,5,0,97.05
fold2_room1_mix1691,30,5,0,7,0,84.97
fold2_room1_mix1691,31,5,0,5,0,92.49
fold2_room1_mix1691,32,5,0,4,0,96.74
fold2_room1_mix1691,33,5,0,6,0,89.73
fold2_room1_mix1691,34,5,0,6,0,90.44
fold2_room1_mix1691,35,5,0,5,0,97.38
fold2_room1_mix1691,36,5,0,6,0,84.39
fold2_room1_mix1691,37,5,0,6,0,89.66
fold2_room1_mix1691,38,5,0,7,0,87.32
fold2_room1_mix1691,39,5,0,6,0,84.48
fold2_room1_mix1691,40,5,0,6,0,85.74
fold2_room1_mix1691,41,5,0,7,0,85.32
fold2_room1_mix1691,42,5,0,7,0,78.83
fold2_room1_mix1691,43,5,0,7,0,79.58
fold2_room1_mix1691,44,5,0,8,0,77.03
fold2_room1_mix1691,45,5,0,8,0,77.85
fold2_room1_mix1691,46,5,0,9,0,73.27
fold2_room1_mix1691,47,5,0,8,0,73.36
fold2_room1_mix1691,48,5,0,7,0,71.64
fold2_room1_mix1691,49,5,0,8,0,66.60
fold2_room1_mix1691,50,5,0,9,0,62.90
fold2_room1_mix1691,51,5,0,9,0,62.67
fold2_room1_mix1691,52,5,0,9,0,62.11
fold2_room1_mix1691,53,5,0,10,0,58.97
fold2_room1_mix1691,54,5,0,11,0,57.40
fold2_room1_mix1691,55,5,0,11,0,54.44
fold2_room1_mix1691,56,5,0,11,0,55.76
fold2_room1_mix1691,57,5,0,7,0,68.33
fold2_room1_mix1691,57,5,0,23,0,15.69
fold2_room1_mix1691,58,5,0,6,0,67.31
fold2_room1_mix1691,58,5,0,24,-1,12.83
fold2_room1_mix1691,59,5,0,6,0,67.46
fold2_room1_mix1691,59,5,0,27,-1,12.55
fold2_room1_mix1691,60,5,0,6,0,62.66
fold2_room1_mix1691,60,5,0,31,-1,10.69
fold2_room1_mix1691,61,5,0,7,0,57.80
fold2_room1_mix1691,61,5,0,39,-1,8.97
fold2_room1_mix1691,62,5,0,7,0,55.30
fold2_room1_mix1691,62,5,0,47,-1,7.41
fold2_room1_mix1691,63,5,0,7,0,56.37
fold2_room1_mix1691,63,5,0,51,-1,7.42
fold2_room1_mix1691,64,5,0,7,0,55.86
fold2_room1_mix1691,64,5,0,60,-1,6.72
fold2_room1_mix1691,65,5,0,7,0,55.61
fold2_room1_mix1691,65,5,0,74,-1,6.65
fold2_room1_mix1691,66,5,0,7,0,55.55
fold2_room1_mix1691,66,5,0,93,-1,6.96
fold2_room1_mix1691,67,5,0,8,0,54.64
fold2_room1_mix1691,67,5,0,107,-1,7.10
fold2_room1_mix1691,68,5,0,8,0,51.32
fold2_room1_mix1691,68,5,0,114,-1,7.42
fold2_room1_mix1691,69,5,0,9,0,51.04
fold2_room1_mix1691,69,5,0,122,-1,8.03
fold2_room1_mix1691,70,5,0,8,0,52.31
fold2_room1_mix1691,70,5,0,135,-1,10.76
fold2_room1_mix1691,71,5,0,8,0,50.69
fold2_room1_mix1691,71,5,0,142,-1,12.21
fold2_room1_mix1691,72,5,0,9,0,52.89
fold2_room1_mix1691,72,5,0,146,0,13.88
fold2_room1_mix1691,73,5,0,8,0,51.94
fold2_room1_mix1691,73,5,0,146,0,14.27
fold2_room1_mix1691,74,5,0,9,0,47.97
fold2_room1_mix1691,74,5,0,149,0,14.52
fold2_room1_mix1691,75,5,0,10,0,45.21
fold2_room1_mix1691,75,5,0,154,0,16.60
fold2_room1_mix1691,76,5,0,9,0,46.30
fold2_room1_mix1691,76,5,0,156,0,17.95
fold2_room1_mix1691,77,5,0,10,0,45.86
fold2_room1_mix1691,77,5,0,158,0,20.93
fold2_room1_mix1691,78,5,0,10,0,44.47
fold2_room1_mix1691,78,5,0,159,0,21.33
fold2_room1_mix1691,79,5,0,11,0,42.12
fold2_room1_mix1691,79,5,0,160,0,23.83
fold2_room1_mix1691,80,5,0,11,0,42.17
fold2_room1_mix1691,80,5,0,160,0,25.49
fold2_room1_mix1691,81,5,0,11,0,44.28
fold2_room1_mix1691,81,5,0,160,0,24.08
fold2_room1_mix1691,82,5,0,11,0,45.51
fold2_room1_mix1691,82,5,0,159,0,24.07
fold2_room1_mix1691,83,5,0,12,0,45.92
fold2_room1_mix1691,83,5,0,161,0,28.25
fold2_room1_mix1691,84,5,0,7,0,51.79
fold2_room1_mix1691,84,5,0,23,0,18.51
fold2_room1_mix1691,84,5,0,165,0,29.80
fold2_room1_mix1691,85,5,0,14,0,36.71
fold2_room1_mix1691,85,5,0,166,0,31.88
fold2_room1_mix1691,86,5,0,7,0,57.15
fold2_room1_mix1691,86,5,0,24,0,18.13
fold2_room1_mix1691,86,5,0,167,0,36.43
fold2_room1_mix1691,87,5,0,7,0,53.78
fold2_room1_mix1691,87,5,0,28,0,16.61
fold2_room1_mix1691,87,5,0,168,0,39.69
fold2_room1_mix1691,88,5,0,8,0,48.52
fold2_room1_mix1691,88,5,0,32,0,14.81
fold2_room1_mix1691,88,5,0,167,0,38.56
fold2_room1_mix1691,89,5,0,8,0,45.33
fold2_room1_mix1691,89,5,0,37,0,13.08
fold2_room1_mix1691,89,5,0,171,0,43.77
fold2_room1_mix1691,90,5,0,7,0,51.43
fold2_room1_mix1691,90,5,0,34,-1,13.81
fold2_room1_mix1691,90,5,0,171,0,44.98
fold2_room1_mix1691,91,5,0,8,0,59.92
fold2_room1_mix1691,91,5,0,30,0,16.79
fold2_room1_mix1691,91,5,0,170,0,45.12
fold2_room1_mix1691,92,5,0,7,0,52.75
fold2_room1_mix1691,92,5,0,38,0,13.77
fold2_room1_mix1691,92,5,0,170,0,44.99
fold2_room1_mix1691,93,5,0,8,0,48.42
fold2_room1_mix1691,93,5,0,60,-1,11.42
fold2_room1_mix1691,93,5,0,170,0,54.67
fold2_room1_mix1691,94,5,0,8,0,45.46
fold2_room1_mix1691,94,5,0,52,0,11.55
fold2_room1_mix1691,94,5,0,169,0,46.34
fold2_room1_mix1691,95,5,0,11,0,36.92
fold2_room1_mix1691,95,5,0,89,0,10.13
fold2_room1_mix1691,95,5,0,170,0,50.15
fold2_room1_mix1691,96,5,0,7,0,55.10
fold2_room1_mix1691,96,5,0,48,0,13.67
fold2_room1_mix1691,96,5,0,169,0,53.89
fold2_room1_mix1691,97,5,0,7,0,63.24
fold2_room1_mix1691,97,5,0,38,0,15.97
fold2_room1_mix1691,97,5,0,169,0,53.81
fold2_room1_mix1691,98,5,0,7,0,58.79
fold2_room1_mix1691,98,5,0,43,0,14.33
fold2_room1_mix1691,98,5,0,170,0,53.82
fold2_room1_mix1691,99,5,0,11,0,43.26
fold2_room1_mix1691,99,5,0,91,0,11.73
fold2_room1_mix1691,99,5,0,170,0,56.00
fold2_room1_mix1692,3,5,0,168,1,8.61
fold2_room1_mix1692,4,5,0,170,1,19.82
fold2_room1_mix1692,5,5,0,168,0,32.94
fold2_room1_mix1692,6,5,0,170,0,60.95
fold2_room1_mix1692,7,5,0,170,0,87.96
fold2_room1_mix1692,8,5,0,170,0,97.22
fold2_room1_mix1692,9,5,0,171,0,94.34
fold2_room1_mix1692,10,5,0,172,0,96.40
fold2_room1_mix1692,11,5,0,171,0,92.55
fold2_room1_mix1692,12,5,0,171,0,90.57
fold2_room1_mix1692,13,5,0,172,0,90.35
fold2_room1_mix1692,14,5,0,171,0,89.48
fold2_room1_mix1692,15,5,0,170,0,92.46
fold2_room1_mix1692,16,5,0,172,0,86.17
fold2_room1_mix1692,17,5,0,171,0,89.42
fold2_room1_mix1692,18,5,0,172,0,90.22
fold2_room1_mix1692,19,5,0,171,0,91.17
fold2_room1_mix1692,20,5,0,172,0,90.92
fold2_room1_mix1692,21,5,0,171,0,90.04
fold2_room1_mix1692,22,5,0,171,0,87.53
fold2_room1_mix1692,23,5,0,171,0,88.00
fold2_room1_mix1692,24,5,0,170,0,90.38
fold2_room1_mix1692,25,5,0,172,0,88.40
fold2_room1_mix1692,26,5,0,170,0,88.90
fold2_room1_mix1692,27,5,0,171,0,88.53
fold2_room1_mix1692,28,5,0,170,0,86.64
fold2_room1_mix1692,29,5,0,170,0,87.90
fold2_room1_mix1692,30,5,0,170,0,88.34
fold2_room1_mix1692,31,5,0,171,0,89.96
fold2_room1_mix1692,32,5,0,170,0,86.51
fold2_room1_mix1692,33,5,0,169,0,86.43
fold2_room1_mix1692,34,5,0,170,0,88.52
fold2_room1_mix1692,35,5,0,171,0,84.84
fold2_room1_mix1692,36,5,0,169,0,84.16
fold2_room1_mix1692,37,5,0,169,0,82.26
fold2_room1_mix1692,38,5,0,169,0,79.15
fold2_room1_mix1692,39,5,0,170,0,81.11
fold2_room1_mix1692,40,5,0,169,0,81.80
fold2_room1_mix1692,41,5,0,169,0,77.54
fold2_room1_mix1692,42,5,0,168,0,77.89
fold2_room1_mix1692,43,5,0,168,0,78.83
fold2_room1_mix1692,44,5,0,168,0,78.19
fold2_room1_mix1692,45,5,0,168,0,75.88
fold2_room1_mix1692,46,5,0,156,0,22.20
fold2_room1_mix1692,46,5,0,173,0,99.55
fold2_room1_mix1692,47,5,0,155,0,21.71
fold2_room1_mix1692,47,5,0,173,0,98.33
fold2_room1_mix1692,48,5,0,155,0,20.38
fold2_room1_mix1692,48,5,0,173,0,97.34
fold2_room1_mix1692,49,5,0,153,0,18.40
fold2_room1_mix1692,49,5,0,173,0,94.03
fold2_room1_mix1692,50,5,0,151,0,17.79
fold2_room1_mix1692,50,5,0,173,0,93.58
fold2_room1_mix1692,51,5,0,151,0,17.15
fold2_room1_mix1692,51,5,0,173,0,92.52
fold2_room1_mix1692,52,5,0,150,-1,15.92
fold2_room1_mix1692,52,5,0,173,0,94.05
fold2_room1_mix1692,53,5,0,148,-1,15.14
fold2_room1_mix1692,53,5,0,173,0,90.41
fold2_room1_mix1692,54,5,0,147,-1,14.16
fold2_room1_mix1692,54,5,0,173,0,89.15
fold2_room1_mix1692,55,5,0,144,-1,12.78
fold2_room1_mix1692,55,5,0,172,0,86.43
fold2_room1_mix1692,56,5,0,141,-1,11.47
fold2_room1_mix1692,56,5,0,172,0,83.15
fold2_room1_mix1692,57,5,0,137,-1,10.29
fold2_room1_mix1692,57,5,0,172,0,80.46
fold2_room1_mix1692,58,5,0,133,-1,9.76
fold2_room1_mix1692,58,5,0,172,0,80.12
fold2_room1_mix1692,59,5,0,129,-1,9.15
fold2_room1_mix1692,59,5,0,172,0,78.33
fold2_room1_mix1692,60,5,0,125,-1,8.61
fold2_room1_mix1692,60,5,0,172,0,79.30
fold2_room1_mix1692,61,5,0,121,-1,8.31
fold2_room1_mix1692,61,5,0,172,0,77.31
fold2_room1_mix1692,62,5,0,114,-2,7.93
fold2_room1_mix1692,62,5,0,172,0,79.74
fold2_room1_mix1692,63,5,0,104,-2,7.68
fold2_room1_mix1692,63,5,0,172,0,80.60
fold2_room1_mix1692,64,5,0,99,-2,8.05
fold2_room1_mix1692,64,5,0,171,0,79.53
fold2_room1_mix1692,65,5,0,84,-2,7.49
fold2_room1_mix1692,65,5,0,171,0,78.87
fold2_room1_mix1692,66,5,0,79,-2,8.15
fold2_room1_mix1692,66,5,0,170,0,82.13
fold2_room1_mix1692,67,5,0,66,-2,8.71
fold2_room1_mix1692,67,5,0,170,0,81.59
fold2_room1_mix1692,68,5,0,56,-2,9.01
fold2_room1_mix1692,68,5,0,170,0,81.09
fold2_room1_mix1692,69,5,0,55,-1,8.89
fold2_room1_mix1692,69,5,0,170,0,78.51
fold2_room1_mix1692,70,5,0,47,-1,9.73
fold2_room1_mix1692,70,5,0,171,0,80.97
fold2_room1_mix1692,71,5,0,44,-1,10.20
fold2_room1_mix1692,71,5,0,171,0,77.41
fold2_room1_mix1692,72,5,0,43,-1,10.75
fold2_room1_mix1692,72,5,0,171,0,77.67
fold2_room1_mix1692,73,5,0,40,-1,12.00
fold2_room1_mix1692,73,5,0,170,0,77.27
fold2_room1_mix1692,74,5,0,37,-1,12.50
fold2_room1_mix1692,74,5,0,171,0,76.47
fold2_room1_mix1692,75,5,0,33,-1,13.86
fold2_room1_mix1692,75,5,0,170,0,73.48
fold2_room1_mix1692,76,5,0,31,0,15.05
fold2_room1_mix1692,76,5,0,171,0,74.84
fold2_room1_mix1692,77,5,0,31,-1,14.53
fold2_room1_mix1692,77,5,0,170,0,74.43
fold2_room1_mix1692,78,5,0,28,0,16.14
fold2_room1_mix1692,78,5,0,170,0,72.88
fold2_room1_mix1692,79,5,0,25,0,18.01
fold2_room1_mix1692,79,5,0,169,0,67.14
fold2_room1_mix1692,80,5,0,25,0,17.99
fold2_room1_mix1692,80,5,0,170,0,65.63
fold2_room1_mix1692,81,5,0,23,0,19.62
fold2_room1_mix1692,81,5,0,166,0,57.22
fold2_room1_mix1692,82,5,0,21,0,22.32
fold2_room1_mix1692,82,5,0,164,0,50.00
fold2_room1_mix1692,83,5,0,21,0,22.85
fold2_room1_mix1692,83,5,0,166,0,55.07
fold2_room1_mix1692,84,5,0,20,0,24.86
fold2_room1_mix1692,84,5,0,164,0,53.81
fold2_room1_mix1692,85,5,0,19,0,26.60
fold2_room1_mix1692,85,5,0,165,0,55.74
fold2_room1_mix1692,86,5,0,19,0,26.35
fold2_room1_mix1692,86,5,0,165,0,57.16
fold2_room1_mix1692,87,5,0,18,0,27.18
fold2_room1_mix1692,87,5,0,165,0,58.05
fold2_room1_mix1692,88,5,0,18,0,28.34
fold2_room1_mix1692,88,5,0,165,0,59.00
fold2_room1_mix1692,89,5,0,17,0,28.01
fold2_room1_mix1692,89,5,0,166,0,60.44
fold2_room1_mix1692,90,5,0,16,0,30.67
fold2_room1_mix1692,90,5,0,155,0,27.21
fold2_room1_mix1692,90,5,0,172,0,81.11
fold2_room1_mix1692,91,5,0,17,0,30.31
fold2_room1_mix1692,91,5,0,164,0,55.48
fold2_room1_mix1692,92,5,0,15,0,32.27
fold2_room1_mix1692,92,5,0,150,0,21.90
fold2_room1_mix1692,92,5,0,170,0,68.55
fold2_room1_mix1692,93,5,0,15,0,33.05
fold2_room1_mix1692,93,5,0,151,0,22.36
fold2_room1_mix1692,93,5,0,171,0,70.65
fold2_room1_mix1692,94,5,0,14,0,35.64
fold2_room1_mix1692,94,5,0,150,0,22.53
fold2_room1_mix1692,94,5,0,171,0,71.44
fold2_room1_mix1692,95,5,0,16,0,32.90
fold2_room1_mix1692,95,5,0,154,0,25.90
fold2_room1_mix1692,95,5,0,172,0,82.87
fold2_room1_mix1692,96,5,0,16,0,32.91
fold2_room1_mix1692,96,5,0,153,0,25.39
fold2_room1_mix1692,96,5,0,171,0,80.23
fold2_room1_mix1692,97,5,0,17,0,32.14
fold2_room1_mix1692,97,5,0,156,0,27.85
fold2_room1_mix1692,97,5,0,171,0,85.99
fold2_room1_mix1692,98,5,0,14,0,36.94
fold2_room1_mix1692,98,5,0,147,0,20.59
fold2_room1_mix1692,98,5,0,170,0,72.58
fold2_room1_mix1692,99,5,0,15,0,39.19
fold2_room1_mix1692,99,5,0,141,0,18.06
fold2_room1_mix1692,99,5,0,168,0,66.20
fold2_room1_mix1693,5,5,0,173,1,14.99
fold2_room1_mix1693,6,5,0,173,0,31.44
fold2_room1_mix1693,7,5,0,174,1,53.84
fold2_room1_mix1693,8,5,0,172,0,76.04
fold2_room1_mix1693,9,5,0,174,0,98.27
fold2_room1_mix1693,10,5,0,173,0,106.93
fold2_room1_mix1693,11,5,0,172,0,97.96
fold2_room1_mix1693,12,5,0,174,0,92.93
fold2_room1_mix1693,13,5,0,173,0,94.57
fold2_room1_mix1693,14,5,0,175,0,94.82
fold2_room1_mix1693,15,5,0,175,0,93.45
fold2_room1_mix1693,16,5,0,173,0,102.23
fold2_room1_mix1693,17,5,0,174,0,97.45
fold2_room1_mix1693,18,5,0,173,0,101.97
fold2_room1_mix1693,19,5,0,173,0,101.13
fold2_room1_mix1693,20,5,0,175,0,99.45
fold2_room1_mix1693,21,5,0,173,0,102.57
fold2_room1_mix1693,22,5,0,174,0,108.77
fold2_room1_mix1693,23,5,0,174,0,94.82
fold2_room1_mix1693,24,5,0,173,0,101.72
fold2_room1_mix1693,25,5,0,174,0,102.13
fold2_room1_mix1693,26,5,0,174,0,103.14
fold2_room1_mix1693,27,5,0,175,0,97.95
fold2_room1_mix1693,28,5,0,175,0,98.44
fold2_room1_mix1693,29,5,0,173,0,101.40
fold2_room1_mix1693,30,5,0,174,0,96.48
fold2_room1_mix1693,31,5,0,173,0,95.23
fold2_room1_mix1693,32,5,0,174,0,103.30
fold2_room1_mix1693,33,5,0,172,0,96.86
fold2_room1_mix1693,34,5,0,174,0,98.14
fold2_room1_mix1693,35,5,0,174,0,99.35
fold2_room1_mix1693,36,5,0,174,0,95.48
fold2_room1_mix1693,37,5,0,173,0,95.33
fold2_room1_mix1693,38,5,0,172,0,95.84
fold2_room1_mix1693,39,5,0,172,0,87.06
fold2_room1_mix1693,40,5,0,171,0,82.58
fold2_room1_mix1693,41,5,0,172,0,77.40
fold2_room1_mix1693,42,5,0,172,0,74.77
fold2_room1_mix1693,43,5,0,171,0,70.80
fold2_room1_mix1693,44,5,0,171,0,68.82
fold2_room1_mix1693,45,5,0,169,0,71.73
fold2_room1_mix1693,46,5,0,157,0,18.75
fold2_room1_mix1693,46,5,0,174,0,87.31
fold2_room1_mix1693,47,5,0,154,0,18.22
fold2_room1_mix1693,47,5,0,173,0,89.02
fold2_room1_mix1693,48,5,0,153,0,17.32
fold2_room1_mix1693,48,5,0,173,0,91.13
fold2_room1_mix1693,49,5,0,151,0,15.71
fold2_room1_mix1693,49,5,0,173,0,86.44
fold2_room1_mix1693,50,5,0,148,-1,14.14
fold2_room1_mix1693,50,5,0,172,0,85.28
fold2_room1_mix1693,51,5,0,141,-1,11.47
fold2_room1_mix1693,51,5,0,172,0,83.55
fold2_room1_mix1693,52,5,0,132,-1,9.31
fold2_room1_mix1693,52,5,0,173,0,83.61
fold2_room1_mix1693,53,5,0,123,-2,8.43
fold2_room1_mix1693,53,5,0,172,0,81.47
fold2_room1_mix1693,54,5,0,110,-2,7.20
fold2_room1_mix1693,54,5,0,172,0,81.54
fold2_room1_mix1693,55,5,0,98,-2,7.49
fold2_room1_mix1693,55,5,0,172,0,84.11
fold2_room1_mix1693,56,5,0,76,-2,8.16
fold2_room1_mix1693,56,5,0,171,0,82.61
fold2_room1_mix1693,57,5,0,62,-2,8.68
fold2_room1_mix1693,57,5,0,171,0,82.69
fold2_room1_mix1693,58,5,0,59,-2,9.00
fold2_room1_mix1693,58,5,0,171,0,82.13
fold2_room1_mix1693,59,5,0,51,-2,9.42
fold2_room1_mix1693,59,5,0,171,0,78.92
fold2_room1_mix1693,60,5,0,49,-1,9.07
fold2_room1_mix1693,60,5,0,171,0,75.51
fold2_room1_mix1693,61,5,0,42,-1,10.61
fold2_room1_mix1693,61,5,0,172,0,73.06
fold2_room1_mix1693,62,5,0,39,-1,11.28
fold2_room1_mix1693,62,5,0,171,0,72.41
fold2_room1_mix1693,63,5,0,38,-1,11.90
fold2_room1_mix1693,63,5,0,172,0,77.54
fold2_room1_mix1693,64,5,0,37,-1,12.54
fold2_room1_mix1693,64,5,0,170,0,73.55
fold2_room1_mix1693,65,5,0,30,-1,14.55
fold2_room1_mix1693,65,5,0,169,0,65.70
fold2_room1_mix1693,66,5,0,27,-1,15.35
fold2_room1_mix1693,66,5,0,169,0,65.11
fold2_room1_mix1693,67,5,0,27,-1,16.87
fold2_room1_mix1693,67,5,0,169,0,67.23
fold2_room1_mix1693,68,5,0,24,-1,19.66
fold2_room1_mix1693,68,5,0,168,0,61.32
fold2_room1_mix1693,69,5,0,23,0,21.68
fold2_room1_mix1693,69,5,0,168,0,61.85
fold2_room1_mix1693,70,5,0,22,0,21.48
fold2_room1_mix1693,70,5,0,169,0,66.94
fold2_room1_mix1693,71,5,0,22,0,21.96
fold2_room1_mix1693,71,5,0,169,0,64.74
fold2_room1_mix1693,72,5,0,24,0,20.85
fold2_room1_mix1693,72,5,0,169,0,65.49
fold2_room1_mix1693,73,5,0,22,0,23.06
fold2_room1_mix1693,73,5,0,169,0,68.20
fold2_room1_mix1693,74,5,0,21,0,23.88
fold2_room1_mix1693,74,5,0,168,0,64.49
fold2_room1_mix1693,75,5,0,20,0,25.28
fold2_room1_mix1693,75,5,0,166,0,59.63
fold2_room1_mix1693,76,5,0,19,0,26.90
fold2_room1_mix1693,76,5,0,165,0,57.71
fold2_room1_mix1693,77,5,0,16,0,31.91
fold2_room1_mix1693,77,5,0,150,0,22.92
fold2_room1_mix1693,77,5,0,171,0,75.09
fold2_room1_mix1693,78,5,0,16,0,32.87
fold2_room1_mix1693,78,5,0,151,0,23.23
fold2_room1_mix1693,78,5,0,171,0,76.50
fold2_room1_mix1693,79,5,0,15,0,34.89
fold2_room1_mix1693,79,5,0,153,0,24.26
fold2_room1_mix1693,79,5,0,172,0,81.61
fold2_room1_mix1693,80,5,0,15,0,37.66
fold2_room1_mix1693,80,5,0,148,0,22.87
fold2_room1_mix1693,80,5,0,171,0,78.67
fold2_room1_mix1693,81,5,0,14,0,39.97
fold2_room1_mix1693,81,5,0,149,0,22.02
fold2_room1_mix1693,81,5,0,171,0,81.04
fold2_room1_mix1693,82,5,0,14,0,39.96
fold2_room1_mix1693,82,5,0,148,0,21.61
fold2_room1_mix1693,82,5,0,171,0,76.90
fold2_room1_mix1693,83,5,0,11,0,46.32
fold2_room1_mix1693,83,5,0,145,0,19.88
fold2_room1_mix1693,83,5,0,171,0,77.16
fold2_room1_mix1693,84,5,0,13,0,42.87
fold2_room1_mix1693,84,5,0,146,0,20.18
fold2_room1_mix1693,84,5,0,171,0,76.73
fold2_room1_mix1693,85,5,0,13,0,41.66
fold2_room1_mix1693,85,5,0,150,0,21.83
fold2_room1_mix1693,85,5,0,171,0,81.54
fold2_room1_mix1693,86,5,0,12,0,45.43
fold2_room1_mix1693,86,5,0,143,0,18.76
fold2_room1_mix1693,86,5,0,171,0,75.37
fold2_room1_mix1693,87,5,0,12,0,46.13
fold2_room1_mix1693,87,5,0,135,0,15.47
fold2_room1_mix1693,87,5,0,169,0,65.21
fold2_room1_mix1693,88,5,0,11,0,48.07
fold2_room1_mix1693,88,5,0,137,0,16.69
fold2_room1_mix1693,88,5,0,170,0,69.59
fold2_room1_mix1693,89,5,0,10,0,49.81
fold2_room1_mix1693,89,5,0,109,-1,11.97
fold2_room1_mix1693,89,5,0,170,0,53.25
fold2_room1_mix1693,90,5,0,10,0,52.34
fold2_room1_mix1693,90,5,0,105,-1,11.87
fold2_room1_mix1693,90,5,0,168,0,53.86
fold2_room1_mix1693,91,5,0,10,0,59.39
fold2_room1_mix1693,91,5,0,104,-1,12.07
fold2_room1_mix1693,91,5,0,169,0,61.30
fold2_room1_mix1693,92,5,0,11,0,56.27
fold2_room1_mix1693,92,5,0,101,-1,12.12
fold2_room1_mix1693,92,5,0,168,0,58.08
fold2_room1_mix1693,93,5,0,12,0,59.09
fold2_room1_mix1693,93,5,0,118,0,13.95
fold2_room1_mix1693,93,5,0,169,0,67.86
fold2_room1_mix1693,94,5,0,12,0,55.90
fold2_room1_mix1693,94,5,0,96,-1,12.05
fold2_room1_mix1693,94,5,0,167,0,57.79
fold2_room1_mix1693,95,5,0,11,0,61.07
fold2_room1_mix1693,95,5,0,110,-1,13.57
fold2_room1_mix1693,95,5,0,169,0,67.83
fold2_room1_mix1693,96,5,0,10,0,56.43
fold2_room1_mix1693,96,5,0,129,0,15.22
fold2_room1_mix1693,96,5,0,170,0,71.05
fold2_room1_mix1693,97,5,0,10,0,61.43
fold2_room1_mix1693,97,5,0,111,-1,13.04
fold2_room1_mix1693,97,5,0,169,0,67.26
fold2_room1_mix1693,98,5,0,10,0,53.99
fold2_room1_mix1693,98,5,0,131,0,14.78
fold2_room1_mix1693,98,5,0,170,0,69.99
fold2_room1_mix1693,99,5,0,10,0,63.28
fold2_room1_mix1693,99,5,0,106,0,13.24
fold2_room1_mix1693,99,5,0,169,0,68.14
fold2_room1_mix1694,3,5,0,170,1,4.72
fold2_room1_mix1694,4,5,0,173,1,13.71
fold2_room1_mix1694,5,5,0,178,0,33.25
fold2_room1_mix1694,6,5,0,179,0,47.27
fold2_room1_mix1694,7,5,0,179,0,84.01
fold2_room1_mix1694,8,5,0,-179,0,102.26
fold2_room1_mix1694,9,5,0,178,0,96.55
fold2_room1_mix1694,10,5,0,179,0,97.21
fold2_room1_mix1694,11,5,0,-179,0,93.44
fold2_room1_mix1694,12,5,0,-179,0,91.98
fold2_room1_mix1694,13,5,0,179,0,89.40
fold2_room1_mix1694,14,5,0,-179,0,89.85
fold2_room1_mix1694,15,5,0,-178,0,89.51
fold2_room1_mix1694,16,5,0,-176,0,86.60
fold2_room1_mix1694,17,5,0,-176,0,89.04
fold2_room1_mix1694,18,5,0,-178,0,87.09
fold2_room1_mix1694,19,5,0,-177,0,91.53
fold2_room1_mix1694,20,5,0,-177,0,89.41
fold2_room1_mix1694,21,5,0,-177,0,90.63
fold2_room1_mix1694,22,5,0,-177,0,89.87
fold2_room1_mix1694,23,5,0,-177,0,89.60
fold2_room1_mix1694,24,5,0,-177,0,89.86
fold2_room1_mix1694,25,5,0,-175,0,90.59
fold2_room1_mix1694,26,5,0,-174,0,86.16
fold2_room1_mix1694,27,5,0,-173,0,87.39
fold2_room1_mix1694,28,5,0,-173,0,86.19
fold2_room1_mix1694,29,5,0,-172,0,80.57
fold2_room1_mix1694,30,5,0,-173,0,82.41
fold2_room1_mix1694,31,5,0,-173,0,81.22
fold2_room1_mix1694,32,5,0,-172,0,81.74
fold2_room1_mix1694,33,5,0,-171,0,79.97
fold2_room1_mix1694,34,5,0,-172,0,78.28
fold2_room1_mix1694,35,5,0,-160,0,23.15
fold2_room1_mix1694,35,5,0,-176,0,104.72
fold2_room1_mix1694,36,5,0,-158,0,20.48
fold2_room1_mix1694,36,5,0,-175,0,101.57
fold2_room1_mix1694,37,5,0,-157,0,17.76
fold2_room1_mix1694,37,5,0,-175,0,96.46
fold2_room1_mix1694,38,5,0,-156,0,17.81
fold2_room1_mix1694,38,5,0,-175,0,99.34
fold2_room1_mix1694,39,5,0,-154,-1,16.76
fold2_room1_mix1694,39,5,0,-175,0,98.53
fold2_room1_mix1694,40,5,0,-152,-1,15.45
fold2_room1_mix1694,40,5,0,-175,0,100.38
fold2_room1_mix1694,41,5,0,-147,-1,13.33
fold2_room1_mix1694,41,5,0,-174,0,94.85
fold2_room1_mix1694,42,5,0,-144,-1,12.49
fold2_room1_mix1694,42,5,0,-174,0,94.71
fold2_room1_mix1694,43,5,0,-141,-1,11.84
fold2_room1_mix1694,43,5,0,-174,0,94.09
fold2_room1_mix1694,44,5,0,-135,-1,10.32
fold2_room1_mix1694,44,5,0,-174,0,94.12
fold2_room1_mix1694,45,5,0,-132,-1,9.94
fold2_room1_mix1694,45,5,0,-174,0,91.49
fold2_room1_mix1694,46,5,0,-123,-2,8.20
fold2_room1_mix1694,46,5,0,-174,0,92.75
fold2_room1_mix1694,47,5,0,-114,-2,7.37
fold2_room1_mix1694,47,5,0,-174,0,95.32
fold2_room1_mix1694,48,5,0,-103,-2,6.94
fold2_room1_mix1694,48,5,0,-174,0,93.45
fold2_room1_mix1694,49,5,0,-94,-2,6.68
fold2_room1_mix1694,49,5,0,-174,0,91.19
fold2_room1_mix1694,50,5,0,-85,-2,7.13
fold2_room1_mix1694,50,5,0,-173,0,86.00
fold2_room1_mix1694,51,5,0,-76,-2,7.34
fold2_room1_mix1694,51,5,0,-174,0,87.67
fold2_room1_mix1694,52,5,0,-64,-2,7.68
fold2_room1_mix1694,52,5,0,-173,0,90.23
fold2_room1_mix1694,53,5,0,-59,-1,8.33
fold2_room1_mix1694,53,5,0,-173,0,88.37
fold2_room1_mix1694,54,5,0,-51,-1,9.14
fold2_room1_mix1694,54,5,0,-173,0,89.14
fold2_room1_mix1694,55,5,0,-43,-1,10.27
fold2_room1_mix1694,55,5,0,-173,0,83.92
fold2_room1_mix1694,56,5,0,-43,-1,10.43
fold2_room1_mix1694,56,5,0,-173,0,80.83
fold2_room1_mix1694,57,5,0,-38,-1,11.19
fold2_room1_mix1694,57,5,0,-173,0,79.83
fold2_room1_mix1694,58,5,0,-37,-1,11.92
fold2_room1_mix1694,58,5,0,-171,0,74.37
fold2_room1_mix1694,59,5,0,-32,-1,12.60
fold2_room1_mix1694,59,5,0,-172,0,76.72
fold2_room1_mix1694,60,5,0,-25,0,15.04
fold2_room1_mix1694,60,5,0,-170,0,69.86
fold2_room1_mix1694,61,5,0,-23,0,16.16
fold2_room1_mix1694,61,5,0,-170,0,67.66
fold2_room1_mix1694,62,5,0,-23,0,16.57
fold2_room1_mix1694,62,5,0,-170,0,68.20
fold2_room1_mix1694,63,5,0,-18,0,18.93
fold2_room1_mix1694,63,5,0,-171,0,67.48
fold2_room1_mix1694,64,5,0,-18,0,18.90
fold2_room1_mix1694,64,5,0,-171,0,65.02
fold2_room1_mix1694,65,5,0,-18,0,18.99
fold2_room1_mix1694,65,5,0,-170,0,62.01
fold2_room1_mix1694,66,5,0,-21,0,19.15
fold2_room1_mix1694,66,5,0,-170,0,66.27
fold2_room1_mix1694,67,5,0,-18,0,22.06
fold2_room1_mix1694,67,5,0,-168,0,61.44
fold2_room1_mix1694,68,5,0,-17,0,23.23
fold2_room1_mix1694,68,5,0,-169,0,63.20
fold2_room1_mix1694,69,5,0,-17,0,22.45
fold2_room1_mix1694,69,5,0,-168,0,63.94
fold2_room1_mix1694,70,5,0,-14,0,25.14
fold2_room1_mix1694,70,5,0,-169,0,66.89
fold2_room1_mix1694,71,5,0,-12,0,26.34
fold2_room1_mix1694,71,5,0,-168,0,59.20
fold2_room1_mix1694,72,5,0,-11,0,26.60
fold2_room1_mix1694,72,5,0,-168,0,60.78
fold2_room1_mix1694,73,5,0,-10,0,27.57
fold2_room1_mix1694,73,5,0,-169,0,62.13
fold2_room1_mix1694,74,5,0,-11,0,30.39
fold2_room1_mix1694,74,5,0,-156,0,26.96
fold2_room1_mix1694,74,5,0,-174,0,86.81
fold2_room1_mix1694,75,5,0,-11,0,29.76
fold2_room1_mix1694,75,5,0,-156,0,25.61
fold2_room1_mix1694,75,5,0,-174,0,82.78
fold2_room1_mix1694,76,5,0,-9,0,33.15
fold2_room1_mix1694,76,5,0,-153,0,22.72
fold2_room1_mix1694,76,5,0,-174,0,80.47
fold2_room1_mix1694,77,5,0,-8,0,30.52
fold2_room1_mix1694,77,5,0,-160,0,27.04
fold2_room1_mix1694,77,5,0,-175,0,88.90
fold2_room1_mix1694,78,5,0,-8,0,34.02
fold2_room1_mix1694,78,5,0,-155,0,22.81
fold2_room1_mix1694,78,5,0,-175,0,83.06
fold2_room1_mix1694,79,5,0,-8,0,36.33
fold2_room1_mix1694,79,5,0,-151,0,20.59
fold2_room1_mix1694,79,5,0,-174,0,81.16
fold2_room1_mix1694,80,5,0,-8,0,40.07
fold2_room1_mix1694,80,5,0,-151,0,20.63
fold2_room1_mix1694,80,5,0,-175,0,84.06
fold2_room1_mix1694,81,5,0,-7,0,39.51
fold2_room1_mix1694,81,5,0,-152,-1,21.68
fold2_room1_mix1694,81,5,0,-175,0,86.47
fold2_room1_mix1694,82,5,0,-7,0,41.89
fold2_room1_mix1694,82,5,0,-151,-1,21.50
fold2_room1_mix1694,82,5,0,-175,0,89.51
fold2_room1_mix1694,83,5,0,-10,0,35.94
fold2_room1_mix1694,83,5,0,-159,0,27.30
fold2_room1_mix1694,83,5,0,-175,0,98.40
fold2_room1_mix1694,84,5,0,-7,0,36.71
fold2_room1_mix1694,84,5,0,-158,0,25.46
fold2_room1_mix1694,84,5,0,-175,0,92.90
fold2_room1_mix1694,85,5,0,-7,0,40.89
fold2_room1_mix1694,85,5,0,-153,0,23.22
fold2_room1_mix1694,85,5,0,-175,0,90.26
fold2_room1_mix1694,86,5,0,-6,0,45.59
fold2_room1_mix1694,86,5,0,-149,-1,19.36
fold2_room1_mix1694,86,5,0,-176,0,80.97
fold2_room1_mix1694,87,5,0,-6,0,43.42
fold2_room1_mix1694,87,5,0,-147,-1,18.16
fold2_room1_mix1694,87,5,0,-175,0,78.41
fold2_room1_mix1694,88,5,0,-6,0,44.37
fold2_room1_mix1694,88,5,0,-141,-1,15.79
fold2_room1_mix1694,88,5,0,-174,0,69.73
fold2_room1_mix1694,89,5,0,-5,0,47.29
fold2_room1_mix1694,89,5,0,-141,-1,16.02
fold2_room1_mix1694,89,5,0,-175,0,71.53
fold2_room1_mix1694,90,5,0,-6,0,47.69
fold2_room1_mix1694,90,5,0,-140,-1,16.74
fold2_room1_mix1694,90,5,0,-174,0,74.16
fold2_room1_mix1694,91,5,0,-4,0,51.21
fold2_room1_mix1694,91,5,0,-139,-1,15.41
fold2_room1_mix1694,91,5,0,-175,0,74.99
fold2_room1_mix1694,92,5,0,-5,0,49.60
fold2_room1_mix1694,92,5,0,-142,-1,16.36
fold2_room1_mix1694,92,5,0,-176,0,78.71
fold2_room1_mix1694,93,5,0,-5,0,49.72
fold2_room1_mix1694,93,5,0,-140,-1,16.62
fold2_room1_mix1694,93,5,0,-175,0,77.59
fold2_room1_mix1694,94,5,0,-3,0,53.45
fold2_room1_mix1694,94,5,0,-133,-1,14.11
fold2_room1_mix1694,94,5,0,-175,0,72.51
fold2_room1_mix1694,95,5,0,-4,0,54.15
fold2_room1_mix1694,95,5,0,-135,-1,14.88
fold2_room1_mix1694,95,5,0,-175,0,77.68
fold2_room1_mix1694,96,5,0,-2,0,60.36
fold2_room1_mix1694,96,5,0,-129,-1,14.32
fold2_room1_mix1694,96,5,0,-176,0,79.25
fold2_room1_mix1694,97,5,0,-3,0,62.11
fold2_room1_mix1694,97,5,0,-115,-1,13.09
fold2_room1_mix1694,97,5,0,-175,0,72.05
fold2_room1_mix1694,98,5,0,-5,0,58.42
fold2_room1_mix1694,98,5,0,-102,-1,12.87
fold2_room1_mix1694,98,5,0,-173,0,66.41
fold2_room1_mix1694,99,5,0,-4,0,60.96
fold2_room1_mix1694,99,5,0,-109,-1,12.86
fold2_room1_mix1694,99,5,0,-175,0,70.88
fold2_room1_mix1695,3,5,0,170,2,4.52
fold2_room1_mix1695,4,5,0,171,1,14.89
fold2_room1_mix1695,5,5,0,172,0,33.42
fold2_room1_mix1695,6,5,0,171,0,44.82
fold2_room1_mix1695,7,5,0,171,0,81.60
fold2_room1_mix1695,8,5,0,172,0,104.15
fold2_room1_mix1695,9,5,0,171,0,97.23
fold2_room1_mix1695,10,5,0,171,0,94.00
fold2_room1_mix1695,11,5,0,170,0,92.18
fold2_room1_mix1695,12,5,0,170,0,88.32
fold2_room1_mix1695,13,5,0,170,0,85.68
fold2_room1_mix1695,14,5,0,170,0,88.34
fold2_room1_mix1695,15,5,0,169,0,87.69
fold2_room1_mix1695,16,5,0,171,0,86.56
fold2_room1_mix1695,17,5,0,171,0,85.93
fold2_room1_mix1695,18,5,0,170,0,85.69
fold2_room1_mix1695,19,5,0,170,0,85.42
fold2_room1_mix1695,20,5,0,169,0,87.55
fold2_room1_mix1695,21,5,0,170,0,86.04
fold2_room1_mix1695,22,5,0,169,0,83.91
fold2_room1_mix1695,23,5,0,169,0,82.88
fold2_room1_mix1695,24,5,0,168,0,84.72
fold2_room1_mix1695,25,5,0,169,0,82.20
fold2_room1_mix1695,26,5,0,168,0,79.03
fold2_room1_mix1695,27,5,0,168,0,81.57
fold2_room1_mix1695,28,5,0,168,0,80.23
fold2_room1_mix1695,29,5,0,167,0,75.98
fold2_room1_mix1695,30,5,0,168,0,75.10
fold2_room1_mix1695,31,5,0,167,0,74.74
fold2_room1_mix1695,32,5,0,155,0,22.90
fold2_room1_mix1695,32,5,0,172,0,99.70
fold2_room1_mix1695,33,5,0,155,0,22.02
fold2_room1_mix1695,33,5,0,171,0,97.09
fold2_room1_mix1695,34,5,0,152,0,19.96
fold2_room1_mix1695,34,5,0,171,0,97.52
fold2_room1_mix1695,35,5,0,150,0,18.42
fold2_room1_mix1695,35,5,0,171,0,96.63
fold2_room1_mix1695,36,5,0,148,0,16.64
fold2_room1_mix1695,36,5,0,171,0,95.55
fold2_room1_mix1695,37,5,0,147,-1,15.01
fold2_room1_mix1695,37,5,0,171,0,91.31
fold2_room1_mix1695,38,5,0,143,-1,13.28
fold2_room1_mix1695,38,5,0,172,0,91.43
fold2_room1_mix1695,39,5,0,140,-1,11.92
fold2_room1_mix1695,39,5,0,172,0,89.44
fold2_room1_mix1695,40,5,0,132,-1,10.61
fold2_room1_mix1695,40,5,0,172,0,88.58
fold2_room1_mix1695,41,5,0,124,-1,9.48
fold2_room1_mix1695,41,5,0,172,0,86.75
fold2_room1_mix1695,42,5,0,116,-2,8.92
fold2_room1_mix1695,42,5,0,171,0,84.28
fold2_room1_mix1695,43,5,0,93,-2,7.87
fold2_room1_mix1695,43,5,0,170,0,84.79
fold2_room1_mix1695,44,5,0,83,-2,8.09
fold2_room1_mix1695,44,5,0,171,0,88.97
fold2_room1_mix1695,45,5,0,71,-2,8.21
fold2_room1_mix1695,45,5,0,170,0,82.24
fold2_room1_mix1695,46,5,0,62,-2,8.32
fold2_room1_mix1695,46,5,0,170,0,83.91
fold2_room1_mix1695,47,5,0,56,-1,8.68
fold2_room1_mix1695,47,5,0,171,0,79.96
fold2_room1_mix1695,48,5,0,50,-1,9.35
fold2_room1_mix1695,48,5,0,170,0,77.49
fold2_room1_mix1695,49,5,0,49,-1,9.41
fold2_room1_mix1695,49,5,0,171,0,78.20
fold2_room1_mix1695,50,5,0,45,-1,10.48
fold2_room1_mix1695,50,5,0,172,0,81.48
fold2_room1_mix1695,51,5,0,42,-1,11.39
fold2_room1_mix1695,51,5,0,171,0,79.89
fold2_room1_mix1695,52,5,0,44,-1,11.72
fold2_room1_mix1695,52,5,0,171,0,82.39
fold2_room1_mix1695,53,5,0,38,-1,12.69
fold2_room1_mix1695,53,5,0,170,0,76.97
fold2_room1_mix1695,54,5,0,34,-1,14.02
fold2_room1_mix1695,54,5,0,170,0,78.32
fold2_room1_mix1695,55,5,0,28,-1,16.39
fold2_room1_mix1695,55,5,0,170,0,72.95
fold2_room1_mix1695,56,5,0,26,0,17.99
fold2_room1_mix1695,56,5,0,168,0,65.41
fold2_room1_mix1695,57,5,0,26,0,18.42
fold2_room1_mix1695,57,5,0,167,0,62.33
fold2_room1_mix1695,58,5,0,23,0,20.74
fold2_room1_mix1695,58,5,0,166,0,61.27
fold2_room1_mix1695,59,5,0,23,0,22.17
fold2_room1_mix1695,59,5,0,168,0,67.02
fold2_room1_mix1695,60,5,0,21,0,23.75
fold2_room1_mix1695,60,5,0,168,0,66.50
fold2_room1_mix1695,61,5,0,19,0,24.45
fold2_room1_mix1695,61,5,0,168,0,67.71
fold2_room1_mix1695,62,5,0,20,0,25.86
fold2_room1_mix1695,62,5,0,167,0,64.98
fold2_room1_mix1695,63,5,0,18,0,26.24
fold2_room1_mix1695,63,5,0,167,0,65.12
fold2_room1_mix1695,64,5,0,16,0,30.59
fold2_room1_mix1695,64,5,0,154,0,27.44
fold2_room1_mix1695,64,5,0,172,0,81.72
fold2_room1_mix1695,65,5,0,16,0,29.20
fold2_room1_mix1695,65,5,0,154,0,25.92
fold2_room1_mix1695,65,5,0,171,0,76.25
fold2_room1_mix1695,66,5,0,17,0,29.28
fold2_room1_mix1695,66,5,0,165,0,58.24
fold2_room1_mix1695,67,5,0,17,0,30.21
fold2_room1_mix1695,67,5,0,165,0,57.97
fold2_room1_mix1695,68,5,0,17,0,32.36
fold2_room1_mix1695,68,5,0,154,0,28.05
fold2_room1_mix1695,68,5,0,170,0,84.02
fold2_room1_mix1695,69,5,0,16,0,35.84
fold2_room1_mix1695,69,5,0,150,0,24.15
fold2_room1_mix1695,69,5,0,169,0,78.65
fold2_room1_mix1695,70,5,0,15,0,38.01
fold2_room1_mix1695,70,5,0,150,0,24.35
fold2_room1_mix1695,70,5,0,170,0,80.97
fold2_room1_mix1695,71,5,0,14,0,39.69
fold2_room1_mix1695,71,5,0,143,0,19.58
fold2_room1_mix1695,71,5,0,169,0,68.95
fold2_room1_mix1695,72,5,0,14,0,44.21
fold2_room1_mix1695,72,5,0,142,0,20.39
fold2_room1_mix1695,72,5,0,169,0,73.76
fold2_room1_mix1695,73,5,0,13,0,40.72
fold2_room1_mix1695,73,5,0,145,0,19.71
fold2_room1_mix1695,73,5,0,170,0,70.90
fold2_room1_mix1695,74,5,0,13,0,44.41
fold2_room1_mix1695,74,5,0,146,0,20.49
fold2_room1_mix1695,74,5,0,170,0,78.10
fold2_room1_mix1695,75,5,0,12,0,45.76
fold2_room1_mix1695,75,5,0,145,0,20.22
fold2_room1_mix1695,75,5,0,170,0,77.56
fold2_room1_mix1695,76,5,0,13,0,42.64
fold2_room1_mix1695,76,5,0,147,0,21.19
fold2_room1_mix1695,76,5,0,171,0,80.03
fold2_room1_mix1695,77,5,0,12,0,43.22
fold2_room1_mix1695,77,5,0,143,0,18.19
fold2_room1_mix1695,77,5,0,170,0,70.62
fold2_room1_mix1695,78,5,0,11,0,47.18
fold2_room1_mix1695,78,5,0,136,0,16.53
fold2_room1_mix1695,78,5,0,169,0,66.30
fold2_room1_mix1695,79,5,0,10,0,50.06
fold2_room1_mix1695,79,5,0,132,-1,15.05
fold2_room1_mix1695,79,5,0,169,0,64.35
fold2_room1_mix1695,80,5,0,13,0,45.34
fold2_room1_mix1695,80,5,0,120,-1,14.32
fold2_room1_mix1695,80,5,0,165,0,52.52
fold2_room1_mix1695,81,5,0,11,0,51.71
fold2_room1_mix1695,81,5,0,118,-1,13.69
fold2_room1_mix1695,81,5,0,167,0,57.64
fold2_room1_mix1695,82,5,0,10,0,55.90
fold2_room1_mix1695,82,5,0,106,-1,12.79
fold2_room1_mix1695,82,5,0,167,0,56.86
fold2_room1_mix1695,83,5,0,10,0,55.15
fold2_room1_mix1695,83,5,0,107,-1,12.89
fold2_room1_mix1695,83,5,0,167,0,55.97
fold2_room1_mix1695,84,5,0,11,0,58.00
fold2_room1_mix1695,84,5,0,116,-1,13.36
fold2_room1_mix1695,84,5,0,168,0,61.72
fold2_room1_mix1695,85,5,0,10,0,63.08
fold2_room1_mix1695,85,5,0,84,-1,12.27
fold2_room1_mix1695,85,5,0,167,0,55.83
fold2_room1_mix1695,86,5,0,10,0,62.48
fold2_room1_mix1695,86,5,0,123,-1,14.76
fold2_room1_mix1695,86,5,0,170,0,68.92
fold2_room1_mix1695,87,5,0,11,0,54.64
fold2_room1_mix1695,87,5,0,135,-1,17.55
fold2_room1_mix1695,87,5,0,171,0,77.34
fold2_room1_mix1695,88,5,0,10,0,58.42
fold2_room1_mix1695,88,5,0,126,-1,15.56
fold2_room1_mix1695,88,5,0,170,0,71.00
fold2_room1_mix1695,89,5,0,9,0,59.39
fold2_room1_mix1695,89,5,0,127,-1,14.19
fold2_room1_mix1695,89,5,0,171,0,69.48
fold2_room1_mix1695,90,5,0,9,0,62.06
fold2_room1_mix1695,90,5,0,122,-1,14.36
fold2_room1_mix1695,90,5,0,170,0,70.83
fold2_room1_mix1695,91,5,0,10,0,59.56
fold2_room1_mix1695,91,5,0,128,-1,15.17
fold2_room1_mix1695,91,5,0,170,0,73.14
fold2_room1_mix1695,92,5,0,9,0,59.70
fold2_room1_mix1695,92,5,0,125,-1,14.44
fold2_room1_mix1695,92,5,0,170,0,72.94
fold2_room1_mix1695,93,5,0,9,0,67.90
fold2_room1_mix1695,93,5,0,96,-1,13.07
fold2_room1_mix1695,93,5,0,169,0,66.52
fold2_room1_mix1695,94,5,0,10,0,70.27
fold2_room1_mix1695,94,5,0,80,-1,13.48
fold2_room1_mix1695,94,5,0,167,0,61.64
fold2_room1_mix1695,95,5,0,9,0,73.86
fold2_room1_mix1695,95,5,0,83,-1,13.65
fold2_room1_mix1695,95,5,0,168,0,65.00
fold2_room1_mix1695,96,5,0,9,0,72.25
fold2_room1_mix1695,96,5,0,68,-1,14.59
fold2_room1_mix1695,96,5,0,166,0,59.22
fold2_room1_mix1695,97,5,0,10,0,73.88
fold2_room1_mix1695,97,5,0,74,-1,14.32
fold2_room1_mix1695,97,5,0,167,0,62.79
fold2_room1_mix1695,98,5,0,10,0,73.52
fold2_room1_mix1695,98,5,0,83,-1,14.32
fold2_room1_mix1695,98,5,0,168,0,66.99
fold2_room1_mix1695,99,5,0,9,0,68.54
fold2_room1_mix1695,99,5,0,96,-1,13.77
fold2_room1_mix1695,99,5,0,171,0,69.05
fold2_room1_mix1696,5,5,0,1,2,6.41
fold2_room1_mix1696,6,5,0,2,1,17.28
fold2_room1_mix1696,7,5,0,4,0,30.01
fold2_room1_mix1696,8,5,0,3,0,51.46
fold2_room1_mix1696,9,5,0,2,0,88.94
fold2_room1_mix1696,10,5,0,2,0,105.57
fold2_room1_mix1696,11,5,0,2,0,102.93
fold2_room1_mix1696,12,5,0,5,0,100.79
fold2_room1_mix1696,13,5,0,4,0,96.70
fold2_room1_mix1696,14,5,0,3,0,98.42
fold2_room1_mix1696,15,5,0,3,0,100.19
fold2_room1_mix1696,16,5,0,4,0,105.19
fold2_room1_mix1696,17,5,0,4,0,105.60
fold2_room1_mix1696,18,5,0,3,0,102.89
fold2_room1_mix1696,19,5,0,3,0,111.11
fold2_room1_mix1696,20,5,0,4,0,109.07
fold2_room1_mix1696,21,5,0,5,0,116.10
fold2_room1_mix1696,22,5,0,4,0,114.53
fold2_room1_mix1696,23,5,0,4,0,113.21
fold2_room1_mix1696,24,5,0,4,0,110.31
fold2_room1_mix1696,25,5,0,4,0,114.06
fold2_room1_mix1696,26,5,0,4,0,110.90
fold2_room1_mix1696,27,5,0,4,0,111.59
fold2_room1_mix1696,28,5,0,4,0,111.83
fold2_room1_mix1696,29,5,0,4,0,113.54
fold2_room1_mix1696,30,5,0,4,0,110.30
fold2_room1_mix1696,31,5,0,4,0,112.95
fold2_room1_mix1696,32,5,0,4,0,112.10
fold2_room1_mix1696,33,5,0,3,0,111.88
fold2_room1_mix1696,34,5,0,3,0,111.77
fold2_room1_mix1696,35,5,0,3,0,114.54
fold2_room1_mix1696,36,5,0,3,0,113.23
fold2_room1_mix1696,37,5,0,4,0,109.80
fold2_room1_mix1696,38,5,0,4,0,109.22
fold2_room1_mix1696,39,5,0,5,0,108.48
fold2_room1_mix1696,40,5,0,4,0,106.28
fold2_room1_mix1696,41,5,0,5,0,105.97
fold2_room1_mix1696,42,5,0,4,0,105.88
fold2_room1_mix1696,43,5,0,5,0,102.90
fold2_room1_mix1696,44,5,0,5,0,101.04
fold2_room1_mix1696,45,5,0,6,0,100.96
fold2_room1_mix1696,46,5,0,5,0,98.00
fold2_room1_mix1696,47,5,0,5,0,94.03
fold2_room1_mix1696,48,5,0,6,0,92.99
fold2_room1_mix1696,49,5,0,6,0,91.02
fold2_room1_mix1696,50,5,0,6,0,89.02
fold2_room1_mix1696,51,5,0,6,0,85.17
fold2_room1_mix1696,52,5,0,7,0,79.94
fold2_room1_mix1696,53,5,0,8,0,76.15
fold2_room1_mix1696,54,5,0,9,0,73.44
fold2_room1_mix1696,55,5,0,8,0,73.96
fold2_room1_mix1696,56,5,0,9,0,69.36
fold2_room1_mix1696,57,5,0,10,0,68.96
fold2_room1_mix1696,58,5,0,6,0,85.01
fold2_room1_mix1696,58,5,0,23,0,20.52
fold2_room1_mix1696,59,5,0,5,0,83.79
fold2_room1_mix1696,59,5,0,24,0,17.60
fold2_room1_mix1696,60,5,0,6,0,81.33
fold2_room1_mix1696,60,5,0,26,0,15.91
fold2_room1_mix1696,61,5,0,6,0,83.61
fold2_room1_mix1696,61,5,0,29,0,14.93
fold2_room1_mix1696,62,5,0,6,0,76.87
fold2_room1_mix1696,62,5,0,32,0,12.95
fold2_room1_mix1696,63,5,0,5,0,75.87
fold2_room1_mix1696,63,5,0,38,-1,10.54
fold2_room1_mix1696,64,5,0,5,0,72.32
fold2_room1_mix1696,64,5,0,47,-1,8.65
fold2_room1_mix1696,65,5,0,6,0,69.29
fold2_room1_mix1696,65,5,0,60,-1,7.24
fold2_room1_mix1696,66,5,0,7,0,68.75
fold2_room1_mix1696,66,5,0,81,-2,6.95
fold2_room1_mix1696,67,5,0,7,0,68.57
fold2_room1_mix1696,67,5,0,95,-2,6.92
fold2_room1_mix1696,68,5,0,8,0,67.22
fold2_room1_mix1696,68,5,0,115,-2,7.94
fold2_room1_mix1696,69,5,0,7,0,65.95
fold2_room1_mix1696,69,5,0,122,-2,7.65
fold2_room1_mix1696,70,5,0,7,0,68.16
fold2_room1_mix1696,70,5,0,136,-1,10.21
fold2_room1_mix1696,71,5,0,8,0,65.40
fold2_room1_mix1696,71,5,0,143,-1,12.42
fold2_room1_mix1696,72,5,0,7,0,59.73
fold2_room1_mix1696,72,5,0,147,-1,13.34
fold2_room1_mix1696,73,5,0,8,0,58.29
fold2_room1_mix1696,73,5,0,153,0,16.80
fold2_room1_mix1696,74,5,0,8,0,61.10
fold2_room1_mix1696,74,5,0,156,0,18.83
fold2_room1_mix1696,75,5,0,8,0,58.86
fold2_room1_mix1696,75,5,0,157,0,19.54
fold2_room1_mix1696,76,5,0,9,0,50.60
fold2_room1_mix1696,76,5,0,161,0,25.02
fold2_room1_mix1696,77,5,0,9,0,44.53
fold2_room1_mix1696,77,5,0,161,0,26.00
fold2_room1_mix1696,78,5,0,9,0,54.25
fold2_room1_mix1696,78,5,0,165,0,31.64
fold2_room1_mix1696,79,5,0,11,0,46.62
fold2_room1_mix1696,79,5,0,165,0,30.68
fold2_room1_mix1696,80,5,0,9,0,53.90
fold2_room1_mix1696,80,5,0,166,0,31.08
fold2_room1_mix1696,81,5,0,13,0,37.25
fold2_room1_mix1696,81,5,0,169,0,38.50
fold2_room1_mix1696,82,5,0,7,0,59.28
fold2_room1_mix1696,82,5,0,23,0,19.71
fold2_room1_mix1696,82,5,0,167,0,37.52
fold2_room1_mix1696,83,5,0,6,0,64.92
fold2_room1_mix1696,83,5,0,21,0,20.21
fold2_room1_mix1696,83,5,0,170,0,41.73
fold2_room1_mix1696,84,5,0,12,0,38.66
fold2_room1_mix1696,84,5,0,63,-1,11.14
fold2_room1_mix1696,84,5,0,169,0,46.41
fold2_room1_mix1696,85,5,0,8,0,58.77
fold2_room1_mix1696,85,5,0,33,0,15.60
fold2_room1_mix1696,85,5,0,170,0,49.56
fold2_room1_mix1696,86,5,0,8,0,46.91
fold2_room1_mix1696,86,5,0,58,-1,11.82
fold2_room1_mix1696,86,5,0,171,0,52.02
fold2_room1_mix1696,87,5,0,7,0,49.50
fold2_room1_mix1696,87,5,0,53,-1,12.89
fold2_room1_mix1696,87,5,0,171,0,52.74
fold2_room1_mix1696,88,5,0,7,0,51.49
fold2_room1_mix1696,88,5,0,52,-1,14.22
fold2_room1_mix1696,88,5,0,170,0,55.14
fold2_room1_mix1696,89,5,0,9,0,39.87
fold2_room1_mix1696,89,5,0,113,-1,13.41
fold2_room1_mix1696,89,5,0,173,0,63.15
fold2_room1_mix1696,90,5,0,6,0,58.04
fold2_room1_mix1696,90,5,0,46,-1,15.00
fold2_room1_mix1696,90,5,0,172,0,59.16
fold2_room1_mix1696,91,5,0,7,0,49.23
fold2_room1_mix1696,91,5,0,61,-1,13.45
fold2_room1_mix1696,91,5,0,173,0,62.56
fold2_room1_mix1696,92,5,0,8,0,44.80
fold2_room1_mix1696,92,5,0,98,-1,12.06
fold2_room1_mix1696,92,5,0,173,0,64.49
fold2_room1_mix1696,93,5,0,9,0,44.31
fold2_room1_mix1696,93,5,0,87,-1,11.82
fold2_room1_mix1696,93,5,0,173,0,64.37
fold2_room1_mix1696,94,5,0,8,0,49.15
fold2_room1_mix1696,94,5,0,98,-1,11.79
fold2_room1_mix1696,94,5,0,173,0,71.03
fold2_room1_mix1696,95,5,0,12,0,37.16
fold2_room1_mix1696,95,5,0,127,0,13.06
fold2_room1_mix1696,95,5,0,172,0,65.94
fold2_room1_mix1696,96,5,0,14,0,34.08
fold2_room1_mix1696,96,5,0,139,0,14.87
fold2_room1_mix1696,96,5,0,172,0,69.67
fold2_room1_mix1696,97,5,0,18,0,22.57
fold2_room1_mix1696,97,5,0,159,0,24.70
fold2_room1_mix1696,97,5,0,174,0,88.35
fold2_room1_mix1696,98,5,0,25,0,18.84
fold2_room1_mix1696,98,5,0,167,0,57.17
fold2_room1_mix1696,99,5,0,35,-1,13.90
fold2_room1_mix1696,99,5,0,161,0,25.50
fold2_room1_mix1696,99,5,0,176,0,84.27
fold2_room1_mix1697,6,5,0,174,2,12.66
fold2_room1_mix1697,7,5,0,176,1,29.08
fold2_room1_mix1697,8,5,0,176,0,49.32
fold2_room1_mix1697,9,5,0,177,0,80.74
fold2_room1_mix1697,10,5,0,178,0,116.46
fold2_room1_mix1697,11,5,0,177,0,104.65
fold2_room1_mix1697,12,5,0,177,0,108.75
fold2_room1_mix1697,13,5,0,178,0,108.05
fold2_room1_mix1697,14,5,0,178,0,103.17
fold2_room1_mix1697,15,5,0,178,0,109.89
fold2_room1_mix1697,16,5,0,179,0,104.29
fold2_room1_mix1697,17,5,0,179,0,109.56
fold2_room1_mix1697,18,5,0,-179,0,109.76
fold2_room1_mix1697,19,5,0,178,0,112.50
fold2_room1_mix1697,20,5,0,179,0,112.23
fold2_room1_mix1697,21,5,0,-179,0,114.59
fold2_room1_mix1697,22,5,0,-179,0,116.29
fold2_room1_mix1697,23,5,0,-179,0,114.64
fold2_room1_mix1697,24,5,0,179,0,112.89
fold2_room1_mix1697,25,5,0,179,0,114.49
fold2_room1_mix1697,26,5,0,-179,0,114.19
fold2_room1_mix1697,27,5,0,179,0,110.41
fold2_room1_mix1697,28,5,0,-179,0,114.16
fold2_room1_mix1697,29,5,0,-179,0,112.51
fold2_room1_mix1697,30,5,0,-179,0,110.44
fold2_room1_mix1697,31,5,0,-178,0,113.81
fold2_room1_mix1697,32,5,0,-178,0,114.75
fold2_room1_mix1697,33,5,0,-178,0,114.72
fold2_room1_mix1697,34,5,0,-177,0,112.92
fold2_room1_mix1697,35,5,0,-178,0,114.37
fold2_room1_mix1697,36,5,0,-177,0,112.31
fold2_room1_mix1697,37,5,0,-178,0,108.37
fold2_room1_mix1697,38,5,0,-178,0,110.21
fold2_room1_mix1697,39,5,0,-178,0,106.02
fold2_room1_mix1697,40,5,0,-177,0,101.03
fold2_room1_mix1697,41,5,0,-177,0,102.08
fold2_room1_mix1697,42,5,0,-176,0,99.71
fold2_room1_mix1697,43,5,0,-176,0,94.72
fold2_room1_mix1697,44,5,0,-175,0,96.29
fold2_room1_mix1697,45,5,0,-175,0,96.88
fold2_room1_mix1697,46,5,0,-174,0,91.88
fold2_room1_mix1697,47,5,0,-173,0,91.13
fold2_room1_mix1697,48,5,0,-172,0,89.46
fold2_room1_mix1697,49,5,0,-171,0,85.12
fold2_room1_mix1697,50,5,0,-170,0,86.76
fold2_room1_mix1697,51,5,0,-158,0,23.52
fold2_room1_mix1697,51,5,0,-174,0,110.86
fold2_room1_mix1697,52,5,0,-157,0,21.34
fold2_room1_mix1697,52,5,0,-174,0,108.15
fold2_room1_mix1697,53,5,0,-153,0,18.66
fold2_room1_mix1697,53,5,0,-174,0,106.67
fold2_room1_mix1697,54,5,0,-150,0,17.46
fold2_room1_mix1697,54,5,0,-174,0,110.01
fold2_room1_mix1697,55,5,0,-147,-1,14.76
fold2_room1_mix1697,55,5,0,-174,0,109.13
fold2_room1_mix1697,56,5,0,-140,-1,11.76
fold2_room1_mix1697,56,5,0,-175,0,105.07
fold2_room1_mix1697,57,5,0,-129,-1,9.48
fold2_room1_mix1697,57,5,0,-174,0,104.77
fold2_room1_mix1697,58,5,0,-118,-2,8.40
fold2_room1_mix1697,58,5,0,-175,0,105.87
fold2_room1_mix1697,59,5,0,-103,-2,7.98
fold2_room1_mix1697,59,5,0,-175,0,102.04
fold2_room1_mix1697,60,5,0,-88,-2,7.73
fold2_room1_mix1697,60,5,0,-175,0,101.64
fold2_room1_mix1697,61,5,0,-67,-2,7.88
fold2_room1_mix1697,61,5,0,-174,0,102.16
fold2_room1_mix1697,62,5,0,-56,-1,8.76
fold2_room1_mix1697,62,5,0,-174,0,99.32
fold2_room1_mix1697,63,5,0,-48,-1,9.70
fold2_room1_mix1697,63,5,0,-174,0,98.12
fold2_room1_mix1697,64,5,0,-40,-1,10.69
fold2_room1_mix1697,64,5,0,-174,0,91.56
fold2_room1_mix1697,65,5,0,-35,-1,11.76
fold2_room1_mix1697,65,5,0,-174,0,86.96
fold2_room1_mix1697,66,5,0,-28,-1,13.52
fold2_room1_mix1697,66,5,0,-173,0,86.00
fold2_room1_mix1697,67,5,0,-23,-1,15.83
fold2_room1_mix1697,67,5,0,-173,0,84.71
fold2_room1_mix1697,68,5,0,-23,-1,17.41
fold2_room1_mix1697,68,5,0,-173,0,82.34
fold2_room1_mix1697,69,5,0,-19,0,18.96
fold2_room1_mix1697,69,5,0,-172,0,79.62
fold2_room1_mix1697,70,5,0,-19,0,21.03
fold2_room1_mix1697,70,5,0,-171,0,80.46
fold2_room1_mix1697,71,5,0,-20,0,20.93
fold2_room1_mix1697,71,5,0,-170,0,79.62
fold2_room1_mix1697,72,5,0,-17,0,22.95
fold2_room1_mix1697,72,5,0,-168,0,70.13
fold2_room1_mix1697,73,5,0,-15,0,24.24
fold2_room1_mix1697,73,5,0,-170,0,74.99
fold2_room1_mix1697,74,5,0,-13,0,28.78
fold2_room1_mix1697,74,5,0,-159,0,32.33
fold2_room1_mix1697,74,5,0,-174,0,98.76
fold2_room1_mix1697,75,5,0,-12,0,29.03
fold2_room1_mix1697,75,5,0,-168,0,65.15
fold2_room1_mix1697,76,5,0,-10,0,32.91
fold2_room1_mix1697,76,5,0,-157,0,27.58
fold2_room1_mix1697,76,5,0,-175,0,94.54
fold2_room1_mix1697,77,5,0,-10,0,32.85
fold2_room1_mix1697,77,5,0,-160,0,28.89
fold2_room1_mix1697,77,5,0,-176,0,97.98
fold2_room1_mix1697,78,5,0,-9,0,35.73
fold2_room1_mix1697,78,5,0,-155,0,25.22
fold2_room1_mix1697,78,5,0,-175,0,91.54
fold2_room1_mix1697,79,5,0,-10,0,37.94
fold2_room1_mix1697,79,5,0,-152,0,23.53
fold2_room1_mix1697,79,5,0,-174,0,88.13
fold2_room1_mix1697,80,5,0,-9,0,40.51
fold2_room1_mix1697,80,5,0,-151,0,23.22
fold2_room1_mix1697,80,5,0,-175,0,90.65
fold2_room1_mix1697,81,5,0,-7,0,42.44
fold2_room1_mix1697,81,5,0,-146,-1,18.52
fold2_room1_mix1697,81,5,0,-175,0,79.68
fold2_room1_mix1697,82,5,0,-7,0,43.12
fold2_room1_mix1697,82,5,0,-148,0,21.45
fold2_room1_mix1697,82,5,0,-174,0,90.12
fold2_room1_mix1697,83,5,0,-7,0,46.27
fold2_room1_mix1697,83,5,0,-144,-1,19.43
fold2_room1_mix1697,83,5,0,-174,0,88.70
fold2_room1_mix1697,84,5,0,-6,0,49.62
fold2_room1_mix1697,84,5,0,-140,-1,17.20
fold2_room1_mix1697,84,5,0,-174,0,84.12
fold2_room1_mix1697,85,5,0,-5,0,51.25
fold2_room1_mix1697,85,5,0,-141,-1,17.09
fold2_room1_mix1697,85,5,0,-176,0,85.73
fold2_room1_mix1697,86,5,0,-6,0,53.09
fold2_room1_mix1697,86,5,0,-140,-1,17.55
fold2_room1_mix1697,86,5,0,-175,0,87.81
fold2_room1_mix1697,87,5,0,-5,0,54.66
fold2_room1_mix1697,87,5,0,-144,-1,18.33
fold2_room1_mix1697,87,5,0,-176,0,93.62
fold2_room1_mix1697,88,5,0,-5,0,56.02
fold2_room1_mix1697,88,5,0,-135,-1,16.05
fold2_room1_mix1697,88,5,0,-175,0,82.74
fold2_room1_mix1697,89,5,0,-6,0,59.00
fold2_room1_mix1697,89,5,0,-124,-1,14.35
fold2_room1_mix1697,89,5,0,-173,0,75.41
fold2_room1_mix1697,90,5,0,-5,0,59.15
fold2_room1_mix1697,90,5,0,-109,-1,12.74
fold2_room1_mix1697,90,5,0,-172,0,67.71
fold2_room1_mix1697,91,5,0,-4,0,59.74
fold2_room1_mix1697,91,5,0,-127,-1,13.74
fold2_room1_mix1697,91,5,0,-175,0,78.02
fold2_room1_mix1697,92,5,0,-4,0,61.30
fold2_room1_mix1697,92,5,0,-108,-2,12.46
fold2_room1_mix1697,92,5,0,-174,0,70.68
fold2_room1_mix1697,93,5,0,-3,0,67.64
fold2_room1_mix1697,93,5,0,-91,-2,12.31
fold2_room1_mix1697,93,5,0,-175,0,71.41
fold2_room1_mix1697,94,5,0,-3,0,65.53
fold2_room1_mix1697,94,5,0,-74,-1,12.10
fold2_room1_mix1697,94,5,0,-174,0,64.02
fold2_room1_mix1697,95,5,0,-5,0,67.54
fold2_room1_mix1697,95,5,0,-58,-1,13.25
fold2_room1_mix1697,95,5,0,-171,0,57.04
fold2_room1_mix1697,96,5,0,-4,0,67.98
fold2_room1_mix1697,96,5,0,-73,-2,12.51
fold2_room1_mix1697,96,5,0,-173,0,64.41
fold2_room1_mix1697,97,5,0,-4,0,71.85
fold2_room1_mix1697,97,5,0,-61,-1,13.47
fold2_room1_mix1697,97,5,0,-172,0,61.74
fold2_room1_mix1697,98,5,0,-5,0,74.36
fold2_room1_mix1697,98,5,0,-44,-1,16.71
fold2_room1_mix1697,98,5,0,-168,0,50.84
fold2_room1_mix1697,99,5,0,-4,0,76.84
fold2_room1_mix1697,99,5,0,-41,-1,16.84
fold2_room1_mix1697,99,5,0,-167,0,49.11
fold2_room1_mix1698,3,5,0,0,1,3.87
fold2_room1_mix1698,4,5,0,1,1,9.79
fold2_room1_mix1698,5,5,0,-1,0,31.26
fold2_room1_mix1698,6,5,0,0,0,41.59
fold2_room1_mix1698,7,5,0,0,0,66.95
fold2_room1_mix1698,8,5,0,-2,0,99.57
fold2_room1_mix1698,9,5,0,-1,0,94.93
fold2_room1_mix1698,10,5,0,-1,0,94.79
fold2_room1_mix1698,11,5,0,-3,0,96.42
fold2_room1_mix1698,12,5,0,-1,0,93.42
fold2_room1_mix1698,13,5,0,-1,0,91.96
fold2_room1_mix1698,14,5,0,-3,0,98.54
fold2_room1_mix1698,15,5,0,-2,0,100.57
fold2_room1_mix1698,16,5,0,-4,0,85.18
fold2_room1_mix1698,17,5,0,-4,0,87.56
fold2_room1_mix1698,18,5,0,-3,0,92.94
fold2_room1_mix1698,19,5,0,-4,0,93.48
fold2_room1_mix1698,20,5,0,-4,0,90.88
fold2_room1_mix1698,21,5,0,-4,0,95.06
fold2_room1_mix1698,22,5,0,-6,0,80.20
fold2_room1_mix1698,23,5,0,-5,0,80.40
fold2_room1_mix1698,24,5,0,-4,0,84.87
fold2_room1_mix1698,25,5,0,-5,0,85.58
fold2_room1_mix1698,26,5,0,-5,0,80.24
fold2_room1_mix1698,27,5,0,-5,0,89.09
fold2_room1_mix1698,28,5,0,-6,0,85.95
fold2_room1_mix1698,29,5,0,-5,0,66.74
fold2_room1_mix1698,30,5,0,-6,0,75.78
fold2_room1_mix1698,31,5,0,-7,0,75.12
fold2_room1_mix1698,32,5,0,-7,0,72.43
fold2_room1_mix1698,33,5,0,-7,0,75.67
fold2_room1_mix1698,34,5,0,-7,0,75.33
fold2_room1_mix1698,35,5,0,-8,0,70.66
fold2_room1_mix1698,36,5,0,-8,0,70.72
fold2_room1_mix1698,37,5,0,-2,0,93.14
fold2_room1_mix1698,37,5,0,-20,0,19.14
fold2_room1_mix1698,38,5,0,-2,0,88.01
fold2_room1_mix1698,38,5,0,-21,0,17.51
fold2_room1_mix1698,39,5,0,-2,0,87.73
fold2_room1_mix1698,39,5,0,-22,0,15.80
fold2_room1_mix1698,40,5,0,-3,0,88.16
fold2_room1_mix1698,40,5,0,-29,0,13.62
fold2_room1_mix1698,41,5,0,-3,0,87.65
fold2_room1_mix1698,41,5,0,-32,0,12.93
fold2_room1_mix1698,42,5,0,-4,0,85.54
fold2_room1_mix1698,42,5,0,-47,0,9.65
fold2_room1_mix1698,43,5,0,-4,0,83.79
fold2_room1_mix1698,43,5,0,-52,0,8.76
fold2_room1_mix1698,44,5,0,-4,0,86.58
fold2_room1_mix1698,44,5,0,-74,-1,8.06
fold2_room1_mix1698,45,5,0,-4,0,82.25
fold2_room1_mix1698,45,5,0,-95,-1,8.01
fold2_room1_mix1698,46,5,0,-5,0,79.62
fold2_room1_mix1698,46,5,0,-118,0,9.40
fold2_room1_mix1698,47,5,0,-5,0,80.23
fold2_room1_mix1698,47,5,0,-129,0,10.87
fold2_room1_mix1698,48,5,0,-4,0,77.79
fold2_room1_mix1698,48,5,0,-134,0,10.73
fold2_room1_mix1698,49,5,0,-5,0,72.35
fold2_room1_mix1698,49,5,0,-137,-1,12.25
fold2_room1_mix1698,50,5,0,-4,0,68.80
fold2_room1_mix1698,50,5,0,-145,0,13.87
fold2_room1_mix1698,51,5,0,-5,0,67.31
fold2_room1_mix1698,51,5,0,-146,0,13.71
fold2_room1_mix1698,52,5,0,-6,0,61.03
fold2_room1_mix1698,52,5,0,-150,0,16.37
fold2_room1_mix1698,53,5,0,-6,0,58.10
fold2_room1_mix1698,53,5,0,-154,0,18.38
fold2_room1_mix1698,54,5,0,-6,0,62.16
fold2_room1_mix1698,54,5,0,-155,0,18.54
fold2_room1_mix1698,55,5,0,-6,0,60.77
fold2_room1_mix1698,55,5,0,-158,0,20.75
fold2_room1_mix1698,56,5,0,-6,0,55.29
fold2_room1_mix1698,56,5,0,-160,0,23.39
fold2_room1_mix1698,57,5,0,-9,0,50.24
fold2_room1_mix1698,57,5,0,-161,0,25.36
fold2_room1_mix1698,58,5,0,-9,0,48.70
fold2_room1_mix1698,58,5,0,-163,0,26.34
fold2_room1_mix1698,59,5,0,-8,0,48.41
fold2_room1_mix1698,59,5,0,-162,0,25.07
fold2_room1_mix1698,60,5,0,-9,0,49.65
fold2_room1_mix1698,60,5,0,-165,0,30.87
fold2_room1_mix1698,61,5,0,-11,0,47.46
fold2_room1_mix1698,61,5,0,-164,0,31.56
fold2_room1_mix1698,62,5,0,-11,0,45.02
fold2_room1_mix1698,62,5,0,-165,0,32.19
fold2_room1_mix1698,63,5,0,-9,0,53.21
fold2_room1_mix1698,63,5,0,-164,0,32.93
fold2_room1_mix1698,64,5,0,-9,0,51.31
fold2_room1_mix1698,64,5,0,-166,0,33.45
fold2_room1_mix1698,65,5,0,-9,0,52.88
fold2_room1_mix1698,65,5,0,-166,0,35.02
fold2_room1_mix1698,66,5,0,-4,1,77.97
fold2_room1_mix1698,66,5,0,-24,0,22.59
fold2_room1_mix1698,66,5,0,-169,0,43.80
fold2_room1_mix1698,67,5,0,-3,1,75.66
fold2_room1_mix1698,67,5,0,-19,0,24.77
fold2_room1_mix1698,67,5,0,-167,0,38.16
fold2_room1_mix1698,68,5,0,-5,0,68.23
fold2_room1_mix1698,68,5,0,-29,0,18.83
fold2_room1_mix1698,68,5,0,-170,0,46.96
fold2_room1_mix1698,69,5,0,-4,0,69.89
fold2_room1_mix1698,69,5,0,-29,0,19.16
fold2_room1_mix1698,69,5,0,-169,0,47.78
fold2_room1_mix1698,70,5,0,-4,0,72.65
fold2_room1_mix1698,70,5,0,-26,0,20.51
fold2_room1_mix1698,70,5,0,-168,0,44.51
fold2_room1_mix1698,71,5,0,-5,0,67.16
fold2_room1_mix1698,71,5,0,-40,0,15.79
fold2_room1_mix1698,71,5,0,-172,0,55.19
fold2_room1_mix1698,72,5,0,-4,0,65.70
fold2_room1_mix1698,72,5,0,-40,0,15.38
fold2_room1_mix1698,72,5,0,-172,0,57.64
fold2_room1_mix1698,73,5,0,-5,0,67.88
fold2_room1_mix1698,73,5,0,-42,0,15.47
fold2_room1_mix1698,73,5,0,-172,0,59.59
fold2_room1_mix1698,74,5,0,-5,0,63.45
fold2_room1_mix1698,74,5,0,-49,0,13.89
fold2_room1_mix1698,74,5,0,-173,0,63.51
fold2_room1_mix1698,75,5,0,-6,0,60.29
fold2_room1_mix1698,75,5,0,-43,-1,13.96
fold2_room1_mix1698,75,5,0,-172,0,59.40
fold2_room1_mix1698,76,5,0,-7,0,53.95
fold2_room1_mix1698,76,5,0,-60,-1,11.82
fold2_room1_mix1698,76,5,0,-173,0,62.84
fold2_room1_mix1698,77,5,0,-9,0,46.51
fold2_room1_mix1698,77,5,0,-96,-1,11.02
fold2_room1_mix1698,77,5,0,-173,0,64.32
fold2_room1_mix1698,78,5,0,-8,0,46.20
fold2_room1_mix1698,78,5,0,-107,-1,11.22
fold2_room1_mix1698,78,5,0,-174,0,69.92
fold2_room1_mix1698,79,5,0,-7,0,51.50
fold2_room1_mix1698,79,5,0,-103,-1,10.88
fold2_room1_mix1698,79,5,0,-174,0,69.99
fold2_room1_mix1698,80,5,0,-10,0,38.45
fold2_room1_mix1698,80,5,0,-129,-1,12.19
fold2_room1_mix1698,80,5,0,-174,0,68.81
fold2_room1_mix1698,81,5,0,-7,0,52.51
fold2_room1_mix1698,81,5,0,-99,-1,10.81
fold2_room1_mix1698,81,5,0,-174,0,69.40
fold2_room1_mix1698,82,5,0,-5,0,58.65
fold2_room1_mix1698,82,5,0,-94,-1,11.50
fold2_room1_mix1698,82,5,0,-175,0,73.60
fold2_room1_mix1698,83,5,0,-5,0,57.64
fold2_room1_mix1698,83,5,0,-80,-1,11.22
fold2_room1_mix1698,83,5,0,-175,0,68.09
fold2_room1_mix1698,84,5,0,-4,1,62.20
fold2_room1_mix1698,84,5,0,-87,0,11.32
fold2_room1_mix1698,84,5,0,-176,0,72.94
fold2_room1_mix1698,85,5,0,-6,0,57.50
fold2_room1_mix1698,85,5,0,-101,0,11.59
fold2_room1_mix1698,85,5,0,-175,0,77.34
fold2_room1_mix1698,86,5,0,-4,0,61.67
fold2_room1_mix1698,86,5,0,-79,0,11.27
fold2_room1_mix1698,86,5,0,-176,0,73.25
fold2_room1_mix1698,87,5,0,-7,0,46.87
fold2_room1_mix1698,87,5,0,-118,-1,12.30
fold2_room1_mix1698,87,5,0,-175,0,80.00
fold2_room1_mix1698,88,5,0,-6,0,46.46
fold2_room1_mix1698,88,5,0,-123,-1,12.23
fold2_room1_mix1698,88,5,0,-175,0,80.38
fold2_room1_mix1698,89,5,0,-5,0,50.68
fold2_room1_mix1698,89,5,0,-118,-1,12.08
fold2_room1_mix1698,89,5,0,-177,0,81.48
fold2_room1_mix1698,90,5,0,-6,0,52.59
fold2_room1_mix1698,90,5,0,-118,0,13.32
fold2_room1_mix1698,90,5,0,-176,0,85.79
fold2_room1_mix1698,91,5,0,-7,0,42.02
fold2_room1_mix1698,91,5,0,-137,-1,14.86
fold2_room1_mix1698,91,5,0,-175,0,91.08
fold2_room1_mix1698,92,5,0,-10,0,34.68
fold2_room1_mix1698,92,5,0,-154,0,19.55
fold2_room1_mix1698,92,5,0,-176,0,106.57
fold2_room1_mix1698,93,5,0,-12,0,29.28
fold2_room1_mix1698,93,5,0,-159,0,21.49
fold2_room1_mix1698,93,5,0,-175,0,100.28
fold2_room1_mix1698,94,5,0,-7,0,43.38
fold2_room1_mix1698,94,5,0,-134,0,13.46
fold2_room1_mix1698,94,5,0,-176,0,84.05
fold2_room1_mix1698,95,5,0,-5,0,40.53
fold2_room1_mix1698,95,5,0,-146,0,15.06
fold2_room1_mix1698,95,5,0,-179,0,94.14
fold2_room1_mix1698,96,5,0,-8,0,33.07
fold2_room1_mix1698,96,5,0,-153,0,18.61
fold2_room1_mix1698,96,5,0,-179,0,95.70
fold2_room1_mix1698,97,5,0,-7,0,39.00
fold2_room1_mix1698,97,5,0,-146,0,16.09
fold2_room1_mix1698,97,5,0,-178,0,94.81
fold2_room1_mix1698,98,5,0,-9,0,29.97
fold2_room1_mix1698,98,5,0,-157,0,21.22
fold2_room1_mix1698,98,5,0,-178,0,103.36
fold2_room1_mix1698,99,5,0,-9,0,33.58
fold2_room1_mix1698,99,5,0,-150,0,17.88
fold2_room1_mix1698,99,5,0,-178,0,94.99
fold2_room1_mix1699,4,5,0,6,0,10.52
fold2_room1_mix1699,5,5,0,7,0,34.04
fold2_room1_mix1699,6,5,0,7,0,45.55
fold2_room1_mix1699,7,5,0,6,0,65.79
fold2_room1_mix1699,8,5,0,8,0,80.14
fold2_room1_mix1699,9,5,0,7,0,75.24
fold2_room1_mix1699,10,5,0,7,0,70.86
fold2_room1_mix1699,11,5,0,8,0,74.72
fold2_room1_mix1699,12,5,0,8,0,73.41
fold2_room1_mix1699,13,5,0,8,0,73.08
fold2_room1_mix1699,14,5,0,7,0,70.97
fold2_room1_mix1699,15,5,0,8,0,73.11
fold2_room1_mix1699,16,5,0,8,0,71.69
fold2_room1_mix1699,17,5,0,8,0,70.53
fold2_room1_mix1699,18,5,0,8,0,69.06
fold2_room1_mix1699,19,5,0,9,0,65.99
fold2_room1_mix1699,20,5,0,10,0,66.38
fold2_room1_mix1699,21,5,0,10,0,66.44
fold2_room1_mix1699,22,5,0,11,0,63.47
fold2_room1_mix1699,23,5,0,11,0,61.36
fold2_room1_mix1699,24,5,0,11,0,65.66
fold2_room1_mix1699,25,5,0,10,0,62.88
fold2_room1_mix1699,26,5,0,11,0,61.81
fold2_room1_mix1699,27,5,0,6,0,81.77
fold2_room1_mix1699,27,5,0,23,0,22.44
fold2_room1_mix1699,28,5,0,6,0,78.19
fold2_room1_mix1699,28,5,0,23,0,21.91
fold2_room1_mix1699,29,5,0,6,0,78.29
fold2_room1_mix1699,29,5,0,25,0,19.53
fold2_room1_mix1699,30,5,0,6,0,79.22
fold2_room1_mix1699,30,5,0,26,0,17.92
fold2_room1_mix1699,31,5,0,6,0,78.33
fold2_room1_mix1699,31,5,0,29,0,16.52
fold2_room1_mix1699,32,5,0,6,0,80.00
fold2_room1_mix1699,32,5,0,32,0,15.65
fold2_room1_mix1699,33,5,0,6,0,78.09
fold2_room1_mix1699,33,5,0,32,0,15.43
fold2_room1_mix1699,34,5,0,6,0,76.80
fold2_room1_mix1699,34,5,0,33,0,15.07
fold2_room1_mix1699,35,5,0,6,0,76.65
fold2_room1_mix1699,35,5,0,40,-1,13.08
fold2_room1_mix1699,36,5,0,6,0,74.54
fold2_room1_mix1699,36,5,0,39,-1,12.66
fold2_room1_mix1699,37,5,0,6,0,75.26
fold2_room1_mix1699,37,5,0,50,-1,10.81
fold2_room1_mix1699,38,5,0,7,0,70.50
fold2_room1_mix1699,38,5,0,59,-1,9.81
fold2_room1_mix1699,39,5,0,7,0,66.47
fold2_room1_mix1699,39,5,0,68,-1,8.48
fold2_room1_mix1699,40,5,0,7,0,69.26
fold2_room1_mix1699,40,5,0,78,-1,8.49
fold2_room1_mix1699,41,5,0,8,0,61.42
fold2_room1_mix1699,41,5,0,82,-1,7.94
fold2_room1_mix1699,42,5,0,7,0,65.65
fold2_room1_mix1699,42,5,0,93,-2,8.02
fold2_room1_mix1699,43,5,0,8,0,65.72
fold2_room1_mix1699,43,5,0,103,-2,8.49
fold2_room1_mix1699,44,5,0,8,0,66.24
fold2_room1_mix1699,44,5,0,107,-1,9.16
fold2_room1_mix1699,45,5,0,8,0,64.19
fold2_room1_mix1699,45,5,0,116,-1,8.89
fold2_room1_mix1699,46,5,0,8,0,64.65
fold2_room1_mix1699,46,5,0,127,-1,11.04
fold2_room1_mix1699,47,5,0,8,0,64.11
fold2_room1_mix1699,47,5,0,132,-1,11.16
fold2_room1_mix1699,48,5,0,8,0,60.59
fold2_room1_mix1699,48,5,0,138,-1,12.42
fold2_room1_mix1699,49,5,0,8,0,59.98
fold2_room1_mix1699,49,5,0,140,0,13.20
fold2_room1_mix1699,50,5,0,8,0,58.64
fold2_room1_mix1699,50,5,0,143,-1,13.81
fold2_room1_mix1699,51,5,0,9,0,53.16
fold2_room1_mix1699,51,5,0,148,0,15.80
fold2_room1_mix1699,52,5,0,9,0,55.03
fold2_room1_mix1699,52,5,0,151,0,16.86
fold2_room1_mix1699,53,5,0,9,0,53.12
fold2_room1_mix1699,53,5,0,153,0,18.64
fold2_room1_mix1699,54,5,0,9,0,55.38
fold2_room1_mix1699,54,5,0,156,0,21.09
fold2_room1_mix1699,55,5,0,9,0,52.98
fold2_room1_mix1699,55,5,0,158,0,20.86
fold2_room1_mix1699,56,5,0,10,0,53.11
fold2_room1_mix1699,56,5,0,159,0,24.23
fold2_room1_mix1699,57,5,0,11,0,50.76
fold2_room1_mix1699,57,5,0,161,0,25.73
fold2_room1_mix1699,58,5,0,11,0,45.46
fold2_room1_mix1699,58,5,0,162,0,27.43
fold2_room1_mix1699,59,5,0,12,0,43.73
fold2_room1_mix1699,59,5,0,162,0,27.50
fold2_room1_mix1699,60,5,0,7,0,57.34
fold2_room1_mix1699,60,5,0,23,0,22.54
fold2_room1_mix1699,60,5,0,164,0,32.51
fold2_room1_mix1699,61,5,0,12,0,47.97
fold2_room1_mix1699,61,5,0,163,0,32.06
fold2_room1_mix1699,62,5,0,11,0,48.94
fold2_room1_mix1699,62,5,0,164,0,32.86
fold2_room1_mix1699,63,5,0,14,0,42.96
fold2_room1_mix1699,63,5,0,164,0,32.56
fold2_room1_mix1699,64,5,0,12,0,47.95
fold2_room1_mix1699,64,5,0,166,0,35.73
fold2_room1_mix1699,65,5,0,12,0,49.18
fold2_room1_mix1699,65,5,0,168,0,39.77
fold2_room1_mix1699,66,5,0,13,0,46.76
fold2_room1_mix1699,66,5,0,168,0,40.86
fold2_room1_mix1699,67,5,0,7,0,66.72
fold2_room1_mix1699,67,5,0,23,0,22.51
fold2_room1_mix1699,67,5,0,168,0,40.69
fold2_room1_mix1699,68,5,0,8,0,64.02
fold2_room1_mix1699,68,5,0,25,0,21.06
fold2_room1_mix1699,68,5,0,168,0,41.15
fold2_room1_mix1699,69,5,0,8,0,54.50
fold2_room1_mix1699,69,5,0,30,0,17.46
fold2_room1_mix1699,69,5,0,169,0,42.06
fold2_room1_mix1699,70,5,0,14,0,49.92
fold2_room1_mix1699,70,5,0,167,0,42.60
fold2_room1_mix1699,71,5,0,13,0,50.22
fold2_room1_mix1699,71,5,0,167,0,41.70
fold2_room1_mix1699,72,5,0,14,0,50.25
fold2_room1_mix1699,72,5,0,168,0,45.17
fold2_room1_mix1699,73,5,0,7,0,79.82
fold2_room1_mix1699,73,5,0,24,0,24.12
fold2_room1_mix1699,73,5,0,168,0,47.80
fold2_room1_mix1699,74,5,0,14,0,51.47
fold2_room1_mix1699,74,5,0,166,0,45.67
fold2_room1_mix1699,75,5,0,8,0,73.08
fold2_room1_mix1699,75,5,0,25,0,23.16
fold2_room1_mix1699,75,5,0,167,0,45.86
fold2_room1_mix1699,76,5,0,8,0,71.14
fold2_room1_mix1699,76,5,0,25,0,22.38
fold2_room1_mix1699,76,5,0,167,0,46.97
fold2_room1_mix1699,77,5,0,7,0,71.03
fold2_room1_mix1699,77,5,0,28,0,21.00
fold2_room1_mix1699,77,5,0,169,0,52.24
fold2_room1_mix1699,78,5,0,7,0,68.92
fold2_room1_mix1699,78,5,0,28,0,20.69
fold2_room1_mix1699,78,5,0,169,0,51.50
fold2_room1_mix1699,79,5,0,7,0,68.50
fold2_room1_mix1699,79,5,0,31,0,19.86
fold2_room1_mix1699,79,5,0,169,0,52.08
fold2_room1_mix1699,80,5,0,7,0,65.94
fold2_room1_mix1699,80,5,0,31,0,19.02
fold2_room1_mix1699,80,5,0,169,0,52.32
fold2_room1_mix1699,81,5,0,8,0,57.65
fold2_room1_mix1699,81,5,0,48,-1,15.14
fold2_room1_mix1699,81,5,0,170,0,56.29
fold2_room1_mix1699,82,5,0,9,0,49.01
fold2_room1_mix1699,82,5,0,59,-1,13.47
fold2_room1_mix1699,82,5,0,170,0,56.19
fold2_room1_mix1699,83,5,0,8,0,57.02
fold2_room1_mix1699,83,5,0,47,-1,14.66
fold2_room1_mix1699,83,5,0,169,0,53.89
fold2_room1_mix1699,84,5,0,9,0,49.55
fold2_room1_mix1699,84,5,0,77,-1,12.25
fold2_room1_mix1699,84,5,0,171,0,61.41
fold2_room1_mix1699,85,5,0,8,0,60.72
fold2_room1_mix1699,85,5,0,60,-1,14.37
fold2_room1_mix1699,85,5,0,170,0,61.24
fold2_room1_mix1699,86,5,0,8,0,56.40
fold2_room1_mix1699,86,5,0,78,-1,12.83
fold2_room1_mix1699,86,5,0,170,0,62.34
fold2_room1_mix1699,87,5,0,11,0,42.64
fold2_room1_mix1699,87,5,0,99,-1,12.69
fold2_room1_mix1699,87,5,0,169,0,60.79
fold2_room1_mix1699,88,5,0,8,0,63.77
fold2_room1_mix1699,88,5,0,70,0,14.04
fold2_room1_mix1699,88,5,0,170,0,65.86
fold2_room1_mix1699,89,5,0,8,0,62.56
fold2_room1_mix1699,89,5,0,70,0,14.44
fold2_room1_mix1699,89,5,0,169,0,62.71
fold2_room1_mix1699,90,5,0,9,0,51.41
fold2_room1_mix1699,90,5,0,101,0,13.47
fold2_room1_mix1699,90,5,0,170,0,66.79
fold2_room1_mix1699,91,5,0,9,0,59.48
fold2_room1_mix1699,91,5,0,85,0,14.84
fold2_room1_mix1699,91,5,0,168,0,65.61
fold2_room1_mix1699,92,5,0,9,0,50.76
fold2_room1_mix1699,92,5,0,100,0,12.91
fold2_room1_mix1699,92,5,0,171,0,66.58
fold2_room1_mix1699,93,5,0,7,0,53.36
fold2_room1_mix1699,93,5,0,94,0,14.04
fold2_room1_mix1699,93,5,0,171,0,70.98
fold2_room1_mix1699,94,5,0,11,0,42.92
fold2_room1_mix1699,94,5,0,125,0,15.31
fold2_room1_mix1699,94,5,0,171,0,75.04
fold2_room1_mix1699,95,5,0,16,0,31.76
fold2_room1_mix1699,95,5,0,141,0,17.50
fold2_room1_mix1699,95,5,0,171,0,73.90
fold2_room1_mix1699,96,5,0,16,0,32.60
fold2_room1_mix1699,96,5,0,145,0,19.04
fold2_room1_mix1699,96,5,0,172,0,81.72
fold2_room1_mix1699,97,5,0,15,0,34.94
fold2_room1_mix1699,97,5,0,145,0,19.31
fold2_room1_mix1699,97,5,0,173,0,88.95
fold2_room1_mix1699,98,5,0,28,0,18.73
fold2_room1_mix1699,98,5,0,165,0,56.98
fold2_room1_mix1699,99,5,0,27,0,19.57
fold2_room1_mix1699,99,5,0,155,0,23.47
fold2_room1_mix1699,99,5,0,173,0,84.66
fold2_room1_mix1700,3,5,0,4,2,7.07
fold2_room1_mix1700,4,5,0,0,1,20.97
fold2_room1_mix1700,5,5,0,4,0,33.37
fold2_room1_mix1700,6,5,0,3,0,46.46
fold2_room1_mix1700,7,5,0,3,0,76.95
fold2_room1_mix1700,8,5,0,3,0,92.25
fold2_room1_mix1700,9,5,0,2,0,89.82
fold2_room1_mix1700,10,5,0,4,0,87.87
fold2_room1_mix1700,11,5,0,4,0,77.63
fold2_room1_mix1700,12,5,0,4,0,80.15
fold2_room1_mix1700,13,5,0,4,0,82.01
fold2_room1_mix1700,14,5,0,4,0,85.15
fold2_room1_mix1700,15,5,0,4,0,81.63
fold2_room1_mix1700,16,5,0,3,0,81.23
fold2_room1_mix1700,17,5,0,4,0,80.36
fold2_room1_mix1700,18,5,0,6,0,86.31
fold2_room1_mix1700,19,5,0,5,0,77.44
fold2_room1_mix1700,20,5,0,4,0,86.58
fold2_room1_mix1700,21,5,0,4,0,85.29
fold2_room1_mix1700,22,5,0,5,0,76.10
fold2_room1_mix1700,23,5,0,4,0,73.44
fold2_room1_mix1700,24,5,0,5,0,78.26
fold2_room1_mix1700,25,5,0,4,0,75.71
fold2_room1_mix1700,26,5,0,5,0,73.34
fold2_room1_mix1700,27,5,0,5,0,75.06
fold2_room1_mix1700,28,5,0,5,0,74.58
fold2_room1_mix1700,29,5,0,6,0,67.76
fold2_room1_mix1700,30,5,0,6,0,68.78
fold2_room1_mix1700,31,5,0,7,0,65.64
fold2_room1_mix1700,32,5,0,8,0,63.18
fold2_room1_mix1700,33,5,0,7,0,64.22
fold2_room1_mix1700,34,5,0,8,0,62.27
fold2_room1_mix1700,35,5,0,9,0,57.17
fold2_room1_mix1700,36,5,0,10,0,55.01
fold2_room1_mix1700,37,5,0,5,0,72.89
fold2_room1_mix1700,37,5,0,23,0,15.74
fold2_room1_mix1700,38,5,0,5,0,66.78
fold2_room1_mix1700,38,5,0,25,0,13.77
fold2_room1_mix1700,39,5,0,5,0,64.98
fold2_room1_mix1700,39,5,0,27,0,12.61
fold2_room1_mix1700,40,5,0,5,0,62.31
fold2_room1_mix1700,40,5,0,31,0,11.84
fold2_room1_mix1700,41,5,0,5,0,60.22
fold2_room1_mix1700,41,5,0,38,-1,9.56
fold2_room1_mix1700,42,5,0,5,0,60.74
fold2_room1_mix1700,42,5,0,42,-1,8.76
fold2_room1_mix1700,43,5,0,6,0,61.93
fold2_room1_mix1700,43,5,0,52,-1,7.57
fold2_room1_mix1700,44,5,0,5,0,61.18
fold2_room1_mix1700,44,5,0,57,-1,6.64
fold2_room1_mix1700,45,5,0,6,0,54.41
fold2_room1_mix1700,45,5,0,69,-1,6.25
fold2_room1_mix1700,46,5,0,6,0,49.49
fold2_room1_mix1700,46,5,0,89,-2,6.03
fold2_room1_mix1700,47,5,0,6,0,55.20
fold2_room1_mix1700,47,5,0,103,-2,6.00
fold2_room1_mix1700,48,5,0,7,0,54.86
fold2_room1_mix1700,48,5,0,122,-2,7.05
fold2_room1_mix1700,49,5,0,6,0,53.35
fold2_room1_mix1700,49,5,0,128,-1,7.41
fold2_room1_mix1700,50,5,0,6,0,47.58
fold2_room1_mix1700,50,5,0,135,-1,7.69
fold2_room1_mix1700,51,5,0,6,0,49.55
fold2_room1_mix1700,51,5,0,144,-1,10.73
fold2_room1_mix1700,52,5,0,6,0,45.53
fold2_room1_mix1700,52,5,0,148,0,11.71
fold2_room1_mix1700,53,5,0,6,0,42.94
fold2_room1_mix1700,53,5,0,152,0,13.46
fold2_room1_mix1700,54,5,0,6,0,43.50
fold2_room1_mix1700,54,5,0,154,0,14.16
fold2_room1_mix1700,55,5,0,7,0,43.90
fold2_room1_mix1700,55,5,0,158,0,17.11
fold2_room1_mix1700,56,5,0,8,0,46.70
fold2_room1_mix1700,56,5,0,162,0,20.29
fold2_room1_mix1700,57,5,0,8,0,43.56
fold2_room1_mix1700,57,5,0,162,0,21.36
fold2_room1_mix1700,58,5,0,9,0,40.71
fold2_room1_mix1700,58,5,0,162,0,21.94
fold2_room1_mix1700,59,5,0,10,0,38.79
fold2_room1_mix1700,59,5,0,163,0,24.26
fold2_room1_mix1700,60,5,0,5,0,44.40
fold2_room1_mix1700,60,5,0,20,0,15.67
fold2_room1_mix1700,60,5,0,166,0,26.74
fold2_room1_mix1700,61,5,0,10,0,39.51
fold2_room1_mix1700,61,5,0,166,0,27.70
fold2_room1_mix1700,62,5,0,10,0,38.27
fold2_room1_mix1700,62,5,0,165,0,26.62
fold2_room1_mix1700,63,5,0,10,0,37.48
fold2_room1_mix1700,63,5,0,167,0,27.58
fold2_room1_mix1700,64,5,0,10,0,41.67
fold2_room1_mix1700,64,5,0,167,0,30.19
fold2_room1_mix1700,65,5,0,11,0,41.56
fold2_room1_mix1700,65,5,0,167,0,32.57
fold2_room1_mix1700,66,5,0,6,0,48.04
fold2_room1_mix1700,66,5,0,24,0,14.55
fold2_room1_mix1700,66,5,0,169,0,33.79
fold2_room1_mix1700,67,5,0,6,0,42.98
fold2_room1_mix1700,67,5,0,29,0,12.40
fold2_room1_mix1700,67,5,0,171,0,34.35
fold2_room1_mix1700,68,5,0,7,0,50.04
fold2_room1_mix1700,68,5,0,27,0,13.89
fold2_room1_mix1700,68,5,0,171,0,38.13
fold2_room1_mix1700,69,5,0,6,0,43.72
fold2_room1_mix1700,69,5,0,31,0,12.14
fold2_room1_mix1700,69,5,0,173,0,39.68
fold2_room1_mix1700,70,5,0,6,0,46.42
fold2_room1_mix1700,70,5,0,34,0,11.38
fold2_room1_mix1700,70,5,0,173,0,41.44
fold2_room1_mix1700,71,5,0,9,0,34.50
fold2_room1_mix1700,71,5,0,62,0,8.16
fold2_room1_mix1700,71,5,0,172,0,42.19
fold2_room1_mix1700,72,5,0,7,0,36.37
fold2_room1_mix1700,72,5,0,74,-1,8.60
fold2_room1_mix1700,72,5,0,174,0,46.42
fold2_room1_mix1700,73,5,0,5,0,47.75
fold2_room1_mix1700,73,5,0,47,-1,10.57
fold2_room1_mix1700,73,5,0,175,0,49.16
fold2_room1_mix1700,74,5,0,5,0,45.77
fold2_room1_mix1700,74,5,0,48,-1,10.66
fold2_room1_mix1700,74,5,0,173,0,47.77
fold2_room1_mix1700,75,5,0,8,0,34.05
fold2_room1_mix1700,75,5,0,119,-1,9.78
fold2_room1_mix1700,75,5,0,175,0,53.31
fold2_room1_mix1700,76,5,0,6,0,43.32
fold2_room1_mix1700,76,5,0,85,-1,10.34
fold2_room1_mix1700,76,5,0,174,0,55.44
fold2_room1_mix1700,77,5,0,8,0,34.94
fold2_room1_mix1700,77,5,0,114,0,9.84
fold2_room1_mix1700,77,5,0,174,0,54.00
fold2_room1_mix1700,78,5,0,7,0,34.69
fold2_room1_mix1700,78,5,0,116,-1,9.93
fold2_room1_mix1700,78,5,0,175,0,55.79
fold2_room1_mix1700,79,5,0,8,0,35.05
fold2_room1_mix1700,79,5,0,118,-1,10.63
fold2_room1_mix1700,79,5,0,175,0,58.60
fold2_room1_mix1700,80,5,0,22,0,17.27
fold2_room1_mix1700,80,5,0,154,0,16.35
fold2_room1_mix1700,80,5,0,176,0,66.11
fold2_room1_mix1700,81,5,0,12,0,27.59
fold2_room1_mix1700,81,5,0,141,0,13.16
fold2_room1_mix1700,81,5,0,175,0,63.26
fold2_room1_mix1700,82,5,0,12,0,31.96
fold2_room1_mix1700,82,5,0,132,-1,12.81
fold2_room1_mix1700,82,5,0,174,0,66.77
fold2_room1_mix1700,83,5,0,12,0,32.03
fold2_room1_mix1700,83,5,0,142,0,13.86
fold2_room1_mix1700,83,5,0,174,0,72.79
fold2_room1_mix1700,84,5,0,16,0,26.76
fold2_room1_mix1700,84,5,0,148,0,15.67
fold2_room1_mix1700,84,5,0,174,0,72.31
fold2_room1_mix1700,85,5,0,14,0,26.86
fold2_room1_mix1700,85,5,0,152,0,17.29
fold2_room1_mix1700,85,5,0,174,0,76.93
fold2_room1_mix1700,86,5,0,13,0,24.28
fold2_room1_mix1700,86,5,0,157,0,17.14
fold2_room1_mix1700,86,5,0,176,0,76.98
fold2_room1_mix1700,87,5,0,12,0,25.94
fold2_room1_mix1700,87,5,0,156,0,17.20
fold2_room1_mix1700,87,5,0,175,0,77.51
fold2_room1_mix1700,88,5,0,22,-1,15.77
fold2_room1_mix1700,88,5,0,170,0,51.93
fold2_room1_mix1700,89,5,0,25,0,13.96
fold2_room1_mix1700,89,5,0,170,0,49.72
fold2_room1_mix1700,90,5,0,41,-1,8.62
fold2_room1_mix1700,90,5,0,171,0,48.24
fold2_room1_mix1700,91,5,0,37,-1,10.49
fold2_room1_mix1700,91,5,0,172,0,55.36
fold2_room1_mix1700,92,5,0,48,-1,7.30
fold2_room1_mix1700,92,5,0,172,0,55.72
fold2_room1_mix1700,93,5,0,53,-2,6.45
fold2_room1_mix1700,93,5,0,173,0,57.50
fold2_room1_mix1700,94,5,0,43,-1,8.37
fold2_room1_mix1700,94,5,0,174,0,60.27
fold2_room1_mix1700,95,5,0,45,-1,7.94
fold2_room1_mix1700,95,5,0,174,0,64.97
fold2_room1_mix1700,96,5,0,76,-2,7.13
fold2_room1_mix1700,96,5,0,172,0,63.41
fold2_room1_mix1700,97,5,0,88,-2,7.29
fold2_room1_mix1700,97,5,0,173,0,63.60
fold2_room1_mix1700,98,5,0,109,-2,7.42
fold2_room1_mix1700,98,5,0,172,0,64.30
fold2_room1_mix1700,99,5,0,127,-1,8.41
fold2_room1_mix1700,99,5,0,173,0,70.11
fold2_room1_mix1701,3,5,0,0,1,3.21
fold2_room1_mix1701,4,5,0,2,1,14.16
fold2_room1_mix1701,5,5,0,0,0,31.22
fold2_room1_mix1701,6,5,0,0,0,38.85
fold2_room1_mix1701,7,5,0,0,0,65.70
fold2_room1_mix1701,8,5,0,-2,0,97.33
fold2_room1_mix1701,9,5,0,-2,0,93.51
fold2_room1_mix1701,10,5,0,-2,0,94.38
fold2_room1_mix1701,11,5,0,0,0,90.16
fold2_room1_mix1701,12,5,0,-1,0,90.77
fold2_room1_mix1701,13,5,0,-2,0,88.04
fold2_room1_mix1701,14,5,0,-3,0,93.87
fold2_room1_mix1701,15,5,0,-2,0,90.60
fold2_room1_mix1701,16,5,0,-2,0,92.95
fold2_room1_mix1701,17,5,0,-2,0,87.45
fold2_room1_mix1701,18,5,0,-2,0,88.22
fold2_room1_mix1701,19,5,0,-2,0,85.37
fold2_room1_mix1701,20,5,0,-2,0,90.47
fold2_room1_mix1701,21,5,0,-3,0,88.24
fold2_room1_mix1701,22,5,0,-2,0,84.78
fold2_room1_mix1701,23,5,0,-3,0,82.61
fold2_room1_mix1701,24,5,0,-2,0,81.91
fold2_room1_mix1701,25,5,0,-2,0,81.39
fold2_room1_mix1701,26,5,0,-3,0,79.95
fold2_room1_mix1701,27,5,0,-3,0,85.14
fold2_room1_mix1701,28,5,0,-2,0,87.22
fold2_room1_mix1701,29,5,0,-3,0,82.74
fold2_room1_mix1701,30,5,0,-4,0,76.24
fold2_room1_mix1701,31,5,0,-4,0,79.45
fold2_room1_mix1701,32,5,0,-5,0,80.35
fold2_room1_mix1701,33,5,0,-5,0,77.13
fold2_room1_mix1701,34,5,0,-6,0,77.22
fold2_room1_mix1701,35,5,0,-6,0,80.48
fold2_room1_mix1701,36,5,0,-5,0,77.02
fold2_room1_mix1701,37,5,0,-5,0,77.41
fold2_room1_mix1701,38,5,0,-7,0,72.21
fold2_room1_mix1701,39,5,0,-7,0,69.54
fold2_room1_mix1701,40,5,0,-2,0,96.35
fold2_room1_mix1701,40,5,0,-18,0,21.62
fold2_room1_mix1701,41,5,0,-3,0,90.44
fold2_room1_mix1701,41,5,0,-20,0,19.60
fold2_room1_mix1701,42,5,0,-2,0,88.41
fold2_room1_mix1701,42,5,0,-21,0,17.75
fold2_room1_mix1701,43,5,0,-2,0,86.08
fold2_room1_mix1701,43,5,0,-21,0,15.73
fold2_room1_mix1701,44,5,0,-3,0,80.92
fold2_room1_mix1701,44,5,0,-25,0,14.25
fold2_room1_mix1701,45,5,0,-3,0,81.28
fold2_room1_mix1701,45,5,0,-29,0,12.92
fold2_room1_mix1701,46,5,0,-3,0,80.58
fold2_room1_mix1701,46,5,0,-33,0,11.68
fold2_room1_mix1701,47,5,0,-4,0,77.81
fold2_room1_mix1701,47,5,0,-42,0,10.03
fold2_room1_mix1701,48,5,0,-4,0,77.02
fold2_room1_mix1701,48,5,0,-52,0,8.10
fold2_room1_mix1701,49,5,0,-4,0,77.27
fold2_room1_mix1701,49,5,0,-64,-1,7.05
fold2_room1_mix1701,50,5,0,-6,0,73.77
fold2_room1_mix1701,50,5,0,-85,-1,6.73
fold2_room1_mix1701,51,5,0,-5,0,71.83
fold2_room1_mix1701,51,5,0,-114,-1,7.49
fold2_room1_mix1701,52,5,0,-5,0,67.44
fold2_room1_mix1701,52,5,0,-136,0,9.73
fold2_room1_mix1701,53,5,0,-4,0,71.58
fold2_room1_mix1701,53,5,0,-134,-1,9.51
fold2_room1_mix1701,54,5,0,-6,0,58.82
fold2_room1_mix1701,54,5,0,-142,0,11.24
fold2_room1_mix1701,55,5,0,-4,0,64.17
fold2_room1_mix1701,55,5,0,-145,0,11.82
fold2_room1_mix1701,56,5,0,-4,0,61.00
fold2_room1_mix1701,56,5,0,-150,0,13.92
fold2_room1_mix1701,57,5,0,-6,0,54.94
fold2_room1_mix1701,57,5,0,-152,0,14.80
fold2_room1_mix1701,58,5,0,-6,0,53.14
fold2_room1_mix1701,58,5,0,-155,0,16.16
fold2_room1_mix1701,59,5,0,-6,0,55.89
fold2_room1_mix1701,59,5,0,-157,0,19.13
fold2_room1_mix1701,60,5,0,-6,0,53.06
fold2_room1_mix1701,60,5,0,-157,0,19.94
fold2_room1_mix1701,61,5,0,-5,0,55.90
fold2_room1_mix1701,61,5,0,-160,0,20.66
fold2_room1_mix1701,62,5,0,-6,0,51.71
fold2_room1_mix1701,62,5,0,-161,0,20.52
fold2_room1_mix1701,63,5,0,-7,0,54.87
fold2_room1_mix1701,63,5,0,-159,0,21.54
fold2_room1_mix1701,64,5,0,-9,0,45.14
fold2_room1_mix1701,64,5,0,-164,0,26.28
fold2_room1_mix1701,65,5,0,-7,0,48.87
fold2_room1_mix1701,65,5,0,-165,0,26.89
fold2_room1_mix1701,66,5,0,-7,0,51.45
fold2_room1_mix1701,66,5,0,-163,0,26.24
fold2_room1_mix1701,67,5,0,-7,0,50.31
fold2_room1_mix1701,67,5,0,-167,0,32.32
fold2_room1_mix1701,68,5,0,-6,0,54.24
fold2_room1_mix1701,68,5,0,-167,0,30.07
fold2_room1_mix1701,69,5,0,-7,0,49.84
fold2_room1_mix1701,69,5,0,-168,0,34.22
fold2_room1_mix1701,70,5,0,-1,1,71.59
fold2_room1_mix1701,70,5,0,-18,0,21.45
fold2_room1_mix1701,70,5,0,-169,0,36.05
fold2_room1_mix1701,71,5,0,-2,0,65.30
fold2_room1_mix1701,71,5,0,-21,0,18.77
fold2_room1_mix1701,71,5,0,-170,0,40.20
fold2_room1_mix1701,72,5,0,-8,0,50.89
fold2_room1_mix1701,72,5,0,-169,0,38.05
fold2_room1_mix1701,73,5,0,-3,0,74.85
fold2_room1_mix1701,73,5,0,-19,0,22.31
fold2_room1_mix1701,73,5,0,-169,0,39.62
fold2_room1_mix1701,74,5,0,-3,0,72.85
fold2_room1_mix1701,74,5,0,-20,0,21.07
fold2_room1_mix1701,74,5,0,-170,0,41.34
fold2_room1_mix1701,75,5,0,-3,0,71.72
fold2_room1_mix1701,75,5,0,-26,0,17.64
fold2_room1_mix1701,75,5,0,-172,0,48.82
fold2_room1_mix1701,76,5,0,-2,1,78.46
fold2_room1_mix1701,76,5,0,-19,0,21.53
fold2_room1_mix1701,76,5,0,-172,0,46.34
fold2_room1_mix1701,77,5,0,-3,0,67.11
fold2_room1_mix1701,77,5,0,-29,0,16.32
fold2_room1_mix1701,77,5,0,-173,0,48.19
fold2_room1_mix1701,78,5,0,-6,0,53.17
fold2_room1_mix1701,78,5,0,-50,0,11.69
fold2_room1_mix1701,78,5,0,-173,0,52.51
fold2_room1_mix1701,79,5,0,-1,0,73.70
fold2_room1_mix1701,79,5,0,-27,0,17.02
fold2_room1_mix1701,79,5,0,-173,0,53.82
fold2_room1_mix1701,80,5,0,-4,0,63.37
fold2_room1_mix1701,80,5,0,-51,0,12.72
fold2_room1_mix1701,80,5,0,-175,0,61.15
fold2_room1_mix1701,81,5,0,-2,0,73.46
fold2_room1_mix1701,81,5,0,-31,0,15.96
fold2_room1_mix1701,81,5,0,-175,0,61.07
fold2_room1_mix1701,82,5,0,-4,0,62.47
fold2_room1_mix1701,82,5,0,-53,-1,12.47
fold2_room1_mix1701,82,5,0,-175,0,63.79
fold2_room1_mix1701,83,5,0,-6,0,47.08
fold2_room1_mix1701,83,5,0,-103,-1,10.48
fold2_room1_mix1701,83,5,0,-176,0,67.94
fold2_room1_mix1701,84,5,0,-5,0,52.13
fold2_room1_mix1701,84,5,0,-87,-1,11.11
fold2_room1_mix1701,84,5,0,-176,0,68.02
fold2_room1_mix1701,85,5,0,-6,0,47.93
fold2_room1_mix1701,85,5,0,-105,-1,11.03
fold2_room1_mix1701,85,5,0,-175,0,71.58
fold2_room1_mix1701,86,5,0,-6,0,55.06
fold2_room1_mix1701,86,5,0,-66,-1,10.98
fold2_room1_mix1701,86,5,0,-175,0,67.15
fold2_room1_mix1701,87,5,0,-5,0,58.41
fold2_room1_mix1701,87,5,0,-73,-1,11.03
fold2_room1_mix1701,87,5,0,-176,0,71.34
fold2_room1_mix1701,88,5,0,-5,0,54.50
fold2_room1_mix1701,88,5,0,-79,-1,10.66
fold2_room1_mix1701,88,5,0,-175,0,70.84
fold2_room1_mix1701,89,5,0,-6,0,58.83
fold2_room1_mix1701,89,5,0,-69,-1,11.00
fold2_room1_mix1701,89,5,0,-174,0,69.53
fold2_room1_mix1701,90,5,0,-6,0,48.86
fold2_room1_mix1701,90,5,0,-101,-1,9.99
fold2_room1_mix1701,90,5,0,-175,0,68.66
fold2_room1_mix1701,91,5,0,-5,0,50.44
fold2_room1_mix1701,91,5,0,-110,-1,10.70
fold2_room1_mix1701,91,5,0,-176,0,74.01
fold2_room1_mix1701,92,5,0,-5,0,51.46
fold2_room1_mix1701,92,5,0,-117,-1,11.12
fold2_room1_mix1701,92,5,0,-176,0,78.29
fold2_room1_mix1701,93,5,0,-5,0,52.88
fold2_room1_mix1701,93,5,0,-105,-1,10.81
fold2_room1_mix1701,93,5,0,-178,0,76.13
fold2_room1_mix1701,94,5,0,-5,0,50.88
fold2_room1_mix1701,94,5,0,-110,-1,11.57
fold2_room1_mix1701,94,5,0,-177,0,78.98
fold2_room1_mix1701,95,5,0,-4,0,46.61
fold2_room1_mix1701,95,5,0,-132,-1,12.15
fold2_room1_mix1701,95,5,0,-179,0,84.20
fold2_room1_mix1701,96,5,0,-4,0,49.83
fold2_room1_mix1701,96,5,0,-117,-1,11.11
fold2_room1_mix1701,96,5,0,-178,0,76.64
fold2_room1_mix1701,97,5,0,-5,0,46.02
fold2_room1_mix1701,97,5,0,-129,-1,11.94
fold2_room1_mix1701,97,5,0,-178,0,82.12
fold2_room1_mix1701,98,5,0,-4,0,47.28
fold2_room1_mix1701,98,5,0,-131,-1,12.15
fold2_room1_mix1701,98,5,0,-178,0,86.58
fold2_room1_mix1701,99,5,0,-10,0,32.44
fold2_room1_mix1701,99,5,0,-150,0,16.63
fold2_room1_mix1701,99,5,0,-177,0,92.92
fold2_room1_mix1702,5,5,0,177,1,10.47
fold2_room1_mix1702,6,5,0,170,1,29.67
fold2_room1_mix1702,7,5,0,173,0,58.07
fold2_room1_mix1702,8,5,0,176,0,83.54
fold2_room1_mix1702,9,5,0,174,0,111.84
fold2_room1_mix1702,10,5,0,173,0,105.04
fold2_room1_mix1702,11,5,0,174,0,109.78
fold2_room1_mix1702,12,5,0,175,0,103.98
fold2_room1_mix1702,13,5,0,175,0,101.80
fold2_room1_mix1702,14,5,0,175,0,103.15
fold2_room1_mix1702,15,5,0,175,0,105.08
fold2_room1_mix1702,16,5,0,176,0,105.41
fold2_room1_mix1702,17,5,0,175,0,106.06
fold2_room1_mix1702,18,5,0,175,0,104.89
fold2_room1_mix1702,19,5,0,175,0,110.79
fold2_room1_mix1702,20,5,0,175,0,104.31
fold2_room1_mix1702,21,5,0,175,0,104.33
fold2_room1_mix1702,22,5,0,175,0,104.50
fold2_room1_mix1702,23,5,0,174,0,96.65
fold2_room1_mix1702,24,5,0,175,0,101.66
fold2_room1_mix1702,25,5,0,175,0,99.17
fold2_room1_mix1702,26,5,0,175,0,94.75
fold2_room1_mix1702,27,5,0,176,0,99.71
fold2_room1_mix1702,28,5,0,175,0,102.96
fold2_room1_mix1702,29,5,0,174,0,98.08
fold2_room1_mix1702,30,5,0,175,0,99.34
fold2_room1_mix1702,31,5,0,175,0,101.62
fold2_room1_mix1702,32,5,0,175,0,101.67
fold2_room1_mix1702,33,5,0,175,0,100.02
fold2_room1_mix1702,34,5,0,175,0,99.53
fold2_room1_mix1702,35,5,0,175,0,100.00
fold2_room1_mix1702,36,5,0,174,0,98.03
fold2_room1_mix1702,37,5,0,173,0,96.82
fold2_room1_mix1702,38,5,0,174,0,95.94
fold2_room1_mix1702,39,5,0,173,0,91.52
fold2_room1_mix1702,40,5,0,174,0,95.39
fold2_room1_mix1702,41,5,0,173,0,94.77
fold2_room1_mix1702,42,5,0,173,0,90.54
fold2_room1_mix1702,43,5,0,173,0,91.88
fold2_room1_mix1702,44,5,0,172,0,92.44
fold2_room1_mix1702,45,5,0,172,0,87.40
fold2_room1_mix1702,46,5,0,172,0,85.22
fold2_room1_mix1702,47,5,0,172,0,84.19
fold2_room1_mix1702,48,5,0,172,0,80.68
fold2_room1_mix1702,49,5,0,172,0,78.89
fold2_room1_mix1702,50,5,0,172,0,78.00
fold2_room1_mix1702,51,5,0,172,0,78.78
fold2_room1_mix1702,52,5,0,172,0,74.48
fold2_room1_mix1702,53,5,0,171,0,72.50
fold2_room1_mix1702,54,5,0,170,0,71.62
fold2_room1_mix1702,55,5,0,170,0,71.25
fold2_room1_mix1702,56,5,0,169,0,71.71
fold2_room1_mix1702,57,5,0,157,0,19.99
fold2_room1_mix1702,57,5,0,174,0,96.02
fold2_room1_mix1702,58,5,0,155,0,18.42
fold2_room1_mix1702,58,5,0,174,0,94.65
fold2_room1_mix1702,59,5,0,153,0,16.79
fold2_room1_mix1702,59,5,0,174,0,95.10
fold2_room1_mix1702,60,5,0,150,0,15.37
fold2_room1_mix1702,60,5,0,174,0,93.48
fold2_room1_mix1702,61,5,0,144,-1,12.17
fold2_room1_mix1702,61,5,0,174,0,89.51
fold2_room1_mix1702,62,5,0,139,-1,10.23
fold2_room1_mix1702,62,5,0,174,0,89.21
fold2_room1_mix1702,63,5,0,132,-1,8.80
fold2_room1_mix1702,63,5,0,174,0,84.81
fold2_room1_mix1702,64,5,0,119,-2,6.80
fold2_room1_mix1702,64,5,0,174,0,84.71
fold2_room1_mix1702,65,5,0,108,-2,6.03
fold2_room1_mix1702,65,5,0,174,0,82.53
fold2_room1_mix1702,66,5,0,98,-3,5.70
fold2_room1_mix1702,66,5,0,174,0,82.22
fold2_room1_mix1702,67,5,0,75,-2,6.00
fold2_room1_mix1702,67,5,0,174,0,82.96
fold2_room1_mix1702,68,5,0,69,-2,6.17
fold2_room1_mix1702,68,5,0,175,0,86.70
fold2_room1_mix1702,69,5,0,59,-2,6.72
fold2_room1_mix1702,69,5,0,175,0,83.95
fold2_room1_mix1702,70,5,0,51,-2,7.38
fold2_room1_mix1702,70,5,0,175,0,82.27
fold2_room1_mix1702,71,5,0,49,-2,7.63
fold2_room1_mix1702,71,5,0,175,0,82.13
fold2_room1_mix1702,72,5,0,41,-1,9.15
fold2_room1_mix1702,72,5,0,174,0,77.60
fold2_room1_mix1702,73,5,0,37,-1,9.88
fold2_room1_mix1702,73,5,0,174,0,75.67
fold2_room1_mix1702,74,5,0,33,-1,10.52
fold2_room1_mix1702,74,5,0,174,0,71.73
fold2_room1_mix1702,75,5,0,30,-1,12.42
fold2_room1_mix1702,75,5,0,173,0,75.79
fold2_room1_mix1702,76,5,0,27,-1,14.01
fold2_room1_mix1702,76,5,0,173,0,69.66
fold2_room1_mix1702,77,5,0,24,-1,14.95
fold2_room1_mix1702,77,5,0,173,0,69.42
fold2_room1_mix1702,78,5,0,23,0,16.78
fold2_room1_mix1702,78,5,0,172,0,61.29
fold2_room1_mix1702,79,5,0,20,0,17.40
fold2_room1_mix1702,79,5,0,172,0,57.38
fold2_room1_mix1702,80,5,0,19,0,18.29
fold2_room1_mix1702,80,5,0,172,0,53.22
fold2_room1_mix1702,81,5,0,17,0,20.77
fold2_room1_mix1702,81,5,0,172,0,59.17
fold2_room1_mix1702,82,5,0,18,0,22.78
fold2_room1_mix1702,82,5,0,173,0,66.81
fold2_room1_mix1702,83,5,0,16,0,24.42
fold2_room1_mix1702,83,5,0,173,0,67.33
fold2_room1_mix1702,84,5,0,15,0,24.54
fold2_room1_mix1702,84,5,0,172,0,62.49
fold2_room1_mix1702,85,5,0,14,0,25.55
fold2_room1_mix1702,85,5,0,171,0,64.06
fold2_room1_mix1702,86,5,0,14,0,26.75
fold2_room1_mix1702,86,5,0,169,0,54.51
fold2_room1_mix1702,87,5,0,13,0,27.02
fold2_room1_mix1702,87,5,0,168,0,53.79
fold2_room1_mix1702,88,5,0,12,0,29.67
fold2_room1_mix1702,88,5,0,158,0,23.12
fold2_room1_mix1702,88,5,0,174,0,76.18
fold2_room1_mix1702,89,5,0,11,0,31.56
fold2_room1_mix1702,89,5,0,158,0,22.79
fold2_room1_mix1702,89,5,0,174,0,77.07
fold2_room1_mix1702,90,5,0,10,0,31.98
fold2_room1_mix1702,90,5,0,150,0,16.41
fold2_room1_mix1702,90,5,0,173,0,60.79
fold2_room1_mix1702,91,5,0,10,0,33.40
fold2_room1_mix1702,91,5,0,156,0,20.07
fold2_room1_mix1702,91,5,0,174,0,73.77
fold2_room1_mix1702,92,5,0,10,0,36.52
fold2_room1_mix1702,92,5,0,153,0,17.99
fold2_room1_mix1702,92,5,0,173,0,71.88
fold2_room1_mix1702,93,5,0,9,0,39.64
fold2_room1_mix1702,93,5,0,147,0,15.64
fold2_room1_mix1702,93,5,0,173,0,66.06
fold2_room1_mix1702,94,5,0,8,0,45.97
fold2_room1_mix1702,94,5,0,136,0,12.84
fold2_room1_mix1702,94,5,0,173,0,59.82
fold2_room1_mix1702,95,5,0,7,0,45.83
fold2_room1_mix1702,95,5,0,125,0,12.15
fold2_room1_mix1702,95,5,0,173,0,56.68
fold2_room1_mix1702,96,5,0,9,0,44.48
fold2_room1_mix1702,96,5,0,139,0,14.02
fold2_room1_mix1702,96,5,0,172,0,61.63
fold2_room1_mix1702,97,5,0,9,0,44.91
fold2_room1_mix1702,97,5,0,130,-1,12.62
fold2_room1_mix1702,97,5,0,171,0,55.72
fold2_room1_mix1702,98,5,0,8,0,46.83
fold2_room1_mix1702,98,5,0,145,0,15.78
fold2_room1_mix1702,98,5,0,173,0,69.83
fold2_room1_mix1702,99,5,0,8,0,46.50
fold2_room1_mix1702,99,5,0,136,0,13.31
fold2_room1_mix1702,99,5,0,172,0,57.81
fold2_room1_mix1703,3,5,0,168,2,4.26
fold2_room1_mix1703,4,5,0,172,1,12.07
fold2_room1_mix1703,5,5,0,172,1,29.28
fold2_room1_mix1703,6,5,0,173,0,44.78
fold2_room1_mix1703,7,5,0,173,0,76.91
fold2_room1_mix1703,8,5,0,173,0,101.25
fold2_room1_mix1703,9,5,0,173,0,102.60
fold2_room1_mix1703,10,5,0,172,0,98.18
fold2_room1_mix1703,11,5,0,172,0,97.98
fold2_room1_mix1703,12,5,0,172,0,92.96
fold2_room1_mix1703,13,5,0,173,0,94.28
fold2_room1_mix1703,14,5,0,172,0,93.88
fold2_room1_mix1703,15,5,0,172,0,92.82
fold2_room1_mix1703,16,5,0,172,0,93.94
fold2_room1_mix1703,17,5,0,171,0,94.64
fold2_room1_mix1703,18,5,0,170,0,93.46
fold2_room1_mix1703,19,5,0,172,0,91.86
fold2_room1_mix1703,20,5,0,171,0,94.13
fold2_room1_mix1703,21,5,0,172,0,91.78
fold2_room1_mix1703,22,5,0,171,0,89.02
fold2_room1_mix1703,23,5,0,171,0,86.69
fold2_room1_mix1703,24,5,0,170,0,88.71
fold2_room1_mix1703,25,5,0,172,0,91.34
fold2_room1_mix1703,26,5,0,171,0,87.49
fold2_room1_mix1703,27,5,0,171,0,89.88
fold2_room1_mix1703,28,5,0,171,0,89.04
fold2_room1_mix1703,29,5,0,170,0,87.50
fold2_room1_mix1703,30,5,0,170,0,86.08
fold2_room1_mix1703,31,5,0,170,0,89.07
fold2_room1_mix1703,32,5,0,170,0,86.25
fold2_room1_mix1703,33,5,0,170,0,88.67
fold2_room1_mix1703,34,5,0,170,0,86.43
fold2_room1_mix1703,35,5,0,169,0,83.66
fold2_room1_mix1703,36,5,0,169,0,81.42
fold2_room1_mix1703,37,5,0,169,0,81.32
fold2_room1_mix1703,38,5,0,168,0,75.64
fold2_room1_mix1703,39,5,0,168,0,77.12
fold2_room1_mix1703,40,5,0,169,0,76.74
fold2_room1_mix1703,41,5,0,168,0,75.36
fold2_room1_mix1703,42,5,0,168,0,74.32
fold2_room1_mix1703,43,5,0,157,0,23.46
fold2_room1_mix1703,43,5,0,172,0,98.97
fold2_room1_mix1703,44,5,0,156,0,21.34
fold2_room1_mix1703,44,5,0,172,0,96.79
fold2_room1_mix1703,45,5,0,152,0,18.65
fold2_room1_mix1703,45,5,0,173,0,95.71
fold2_room1_mix1703,46,5,0,149,0,16.34
fold2_room1_mix1703,46,5,0,172,0,92.90
fold2_room1_mix1703,47,5,0,149,0,16.08
fold2_room1_mix1703,47,5,0,173,0,91.24
fold2_room1_mix1703,48,5,0,147,0,15.20
fold2_room1_mix1703,48,5,0,172,0,90.79
fold2_room1_mix1703,49,5,0,146,-1,14.26
fold2_room1_mix1703,49,5,0,172,0,90.88
fold2_room1_mix1703,50,5,0,146,-1,14.05
fold2_room1_mix1703,50,5,0,172,0,87.86
fold2_room1_mix1703,51,5,0,142,-1,12.33
fold2_room1_mix1703,51,5,0,172,0,86.11
fold2_room1_mix1703,52,5,0,139,-1,11.06
fold2_room1_mix1703,52,5,0,172,0,81.07
fold2_room1_mix1703,53,5,0,132,-1,9.96
fold2_room1_mix1703,53,5,0,171,0,80.44
fold2_room1_mix1703,54,5,0,122,-1,8.35
fold2_room1_mix1703,54,5,0,171,0,77.03
fold2_room1_mix1703,55,5,0,116,-1,7.82
fold2_room1_mix1703,55,5,0,171,0,74.74
fold2_room1_mix1703,56,5,0,99,-2,7.28
fold2_room1_mix1703,56,5,0,170,0,77.49
fold2_room1_mix1703,57,5,0,97,-2,7.28
fold2_room1_mix1703,57,5,0,171,0,79.51
fold2_room1_mix1703,58,5,0,91,-2,7.18
fold2_room1_mix1703,58,5,0,171,0,76.60
fold2_room1_mix1703,59,5,0,65,-2,8.22
fold2_room1_mix1703,59,5,0,171,0,78.98
fold2_room1_mix1703,60,5,0,66,-2,8.09
fold2_room1_mix1703,60,5,0,171,0,79.19
fold2_room1_mix1703,61,5,0,59,-2,8.17
fold2_room1_mix1703,61,5,0,171,0,79.03
fold2_room1_mix1703,62,5,0,55,-1,8.91
fold2_room1_mix1703,62,5,0,170,0,78.25
fold2_room1_mix1703,63,5,0,50,-1,9.66
fold2_room1_mix1703,63,5,0,171,0,75.51
fold2_room1_mix1703,64,5,0,45,-1,9.82
fold2_room1_mix1703,64,5,0,171,0,75.33
fold2_room1_mix1703,65,5,0,42,-1,10.66
fold2_room1_mix1703,65,5,0,172,0,77.54
fold2_room1_mix1703,66,5,0,38,-1,11.75
fold2_room1_mix1703,66,5,0,171,0,72.97
fold2_room1_mix1703,67,5,0,35,-1,12.67
fold2_room1_mix1703,67,5,0,170,0,67.31
fold2_room1_mix1703,68,5,0,34,-1,12.77
fold2_room1_mix1703,68,5,0,169,0,66.73
fold2_room1_mix1703,69,5,0,31,-1,14.67
fold2_room1_mix1703,69,5,0,168,0,67.64
fold2_room1_mix1703,70,5,0,28,0,15.56
fold2_room1_mix1703,70,5,0,168,0,62.82
fold2_room1_mix1703,71,5,0,26,0,16.77
fold2_room1_mix1703,71,5,0,168,0,64.38
fold2_room1_mix1703,72,5,0,22,0,21.21
fold2_room1_mix1703,72,5,0,167,0,59.27
fold2_room1_mix1703,73,5,0,21,0,21.36
fold2_room1_mix1703,73,5,0,164,0,49.43
fold2_room1_mix1703,74,5,0,22,0,21.93
fold2_room1_mix1703,74,5,0,165,0,51.69
fold2_room1_mix1703,75,5,0,19,0,24.45
fold2_room1_mix1703,75,5,0,167,0,59.53
fold2_room1_mix1703,76,5,0,21,0,22.53
fold2_room1_mix1703,76,5,0,169,0,61.41
fold2_room1_mix1703,77,5,0,20,0,24.44
fold2_room1_mix1703,77,5,0,167,0,56.39
fold2_room1_mix1703,78,5,0,20,0,24.42
fold2_room1_mix1703,78,5,0,167,0,59.80
fold2_room1_mix1703,79,5,0,17,0,26.49
fold2_room1_mix1703,79,5,0,165,0,52.23
fold2_room1_mix1703,80,5,0,17,0,28.15
fold2_room1_mix1703,80,5,0,158,0,27.32
fold2_room1_mix1703,80,5,0,173,0,79.41
fold2_room1_mix1703,81,5,0,17,0,26.90
fold2_room1_mix1703,81,5,0,156,0,24.68
fold2_room1_mix1703,81,5,0,172,0,73.04
fold2_room1_mix1703,82,5,0,15,0,29.72
fold2_room1_mix1703,82,5,0,154,0,23.83
fold2_room1_mix1703,82,5,0,172,0,72.03
fold2_room1_mix1703,83,5,0,16,0,29.54
fold2_room1_mix1703,83,5,0,155,0,25.75
fold2_room1_mix1703,83,5,0,171,0,76.03
fold2_room1_mix1703,84,5,0,15,0,30.39
fold2_room1_mix1703,84,5,0,154,0,23.48
fold2_room1_mix1703,84,5,0,171,0,72.84
fold2_room1_mix1703,85,5,0,14,0,34.96
fold2_room1_mix1703,85,5,0,145,0,18.57
fold2_room1_mix1703,85,5,0,169,0,61.73
fold2_room1_mix1703,86,5,0,15,0,35.48
fold2_room1_mix1703,86,5,0,146,0,19.16
fold2_room1_mix1703,86,5,0,168,0,66.05
fold2_room1_mix1703,87,5,0,14,0,37.35
fold2_room1_mix1703,87,5,0,143,0,17.84
fold2_room1_mix1703,87,5,0,169,0,63.02
fold2_room1_mix1703,88,5,0,13,0,41.18
fold2_room1_mix1703,88,5,0,137,0,15.73
fold2_room1_mix1703,88,5,0,168,0,58.38
fold2_room1_mix1703,89,5,0,13,0,40.45
fold2_room1_mix1703,89,5,0,139,0,16.19
fold2_room1_mix1703,89,5,0,168,0,60.49
fold2_room1_mix1703,90,5,0,13,0,46.74
fold2_room1_mix1703,90,5,0,127,-1,13.82
fold2_room1_mix1703,90,5,0,167,0,54.79
fold2_room1_mix1703,91,5,0,13,0,46.50
fold2_room1_mix1703,91,5,0,127,0,14.07
fold2_room1_mix1703,91,5,0,166,0,54.79
fold2_room1_mix1703,92,5,0,13,0,45.39
fold2_room1_mix1703,92,5,0,124,0,13.36
fold2_room1_mix1703,92,5,0,165,0,51.45
fold2_room1_mix1703,93,5,0,13,0,43.88
fold2_room1_mix1703,93,5,0,135,0,15.25
fold2_room1_mix1703,93,5,0,168,0,57.32
fold2_room1_mix1703,94,5,0,12,0,44.72
fold2_room1_mix1703,94,5,0,133,0,14.83
fold2_room1_mix1703,94,5,0,168,0,55.89
fold2_room1_mix1703,95,5,0,12,0,48.99
fold2_room1_mix1703,95,5,0,123,-1,13.14
fold2_room1_mix1703,95,5,0,167,0,53.10
fold2_room1_mix1703,96,5,0,11,0,48.43
fold2_room1_mix1703,96,5,0,129,-1,13.56
fold2_room1_mix1703,96,5,0,168,0,56.84
fold2_room1_mix1703,97,5,0,10,0,48.01
fold2_room1_mix1703,97,5,0,131,-1,13.30
fold2_room1_mix1703,97,5,0,169,0,55.89
fold2_room1_mix1703,98,5,0,10,0,50.27
fold2_room1_mix1703,98,5,0,129,-1,13.81
fold2_room1_mix1703,98,5,0,168,0,57.52
fold2_room1_mix1703,99,5,0,11,0,53.48
fold2_room1_mix1703,99,5,0,113,-1,12.30
fold2_room1_mix1703,99,5,0,166,0,52.30
fold2_room1_mix1704,3,5,0,175,2,5.22
fold2_room1_mix1704,4,5,0,-179,1,15.14
fold2_room1_mix1704,5,5,0,177,0,31.03
fold2_room1_mix1704,6,5,0,178,0,43.55
fold2_room1_mix1704,7,5,0,-179,0,72.72
fold2_room1_mix1704,8,5,0,-178,0,98.43
fold2_room1_mix1704,9,5,0,179,0,93.66
fold2_room1_mix1704,10,5,0,179,0,89.22
fold2_room1_mix1704,11,5,0,-179,0,87.26
fold2_room1_mix1704,12,5,0,-179,0,82.28
fold2_room1_mix1704,13,5,0,-179,0,84.71
fold2_room1_mix1704,14,5,0,-179,0,81.00
fold2_room1_mix1704,15,5,0,-178,0,79.26
fold2_room1_mix1704,16,5,0,-177,0,82.96
fold2_room1_mix1704,17,5,0,-177,0,80.89
fold2_room1_mix1704,18,5,0,-176,0,79.17
fold2_room1_mix1704,19,5,0,-176,0,79.30
fold2_room1_mix1704,20,5,0,-176,0,80.33
fold2_room1_mix1704,21,5,0,-176,0,82.45
fold2_room1_mix1704,22,5,0,-174,0,76.36
fold2_room1_mix1704,23,5,0,-174,0,75.62
fold2_room1_mix1704,24,5,0,-174,0,77.23
fold2_room1_mix1704,25,5,0,-174,0,74.27
fold2_room1_mix1704,26,5,0,-172,0,75.06
fold2_room1_mix1704,27,5,0,-172,0,73.22
fold2_room1_mix1704,28,5,0,-171,0,66.78
fold2_room1_mix1704,29,5,0,-170,0,66.99
fold2_room1_mix1704,30,5,0,-170,0,64.96
fold2_room1_mix1704,31,5,0,-159,0,18.85
fold2_room1_mix1704,31,5,0,-174,0,86.06
fold2_room1_mix1704,32,5,0,-157,0,17.93
fold2_room1_mix1704,32,5,0,-174,0,87.82
fold2_room1_mix1704,33,5,0,-156,0,16.00
fold2_room1_mix1704,33,5,0,-174,0,82.98
fold2_room1_mix1704,34,5,0,-150,-1,13.25
fold2_room1_mix1704,34,5,0,-175,0,84.91
fold2_room1_mix1704,35,5,0,-145,-1,11.26
fold2_room1_mix1704,35,5,0,-174,0,79.44
fold2_room1_mix1704,36,5,0,-138,-1,9.85
fold2_room1_mix1704,36,5,0,-173,0,76.33
fold2_room1_mix1704,37,5,0,-124,-1,7.51
fold2_room1_mix1704,37,5,0,-173,0,73.35
fold2_room1_mix1704,38,5,0,-111,-2,6.75
fold2_room1_mix1704,38,5,0,-174,0,76.86
fold2_room1_mix1704,39,5,0,-100,-2,6.43
fold2_room1_mix1704,39,5,0,-174,0,79.46
fold2_room1_mix1704,40,5,0,-87,-2,6.46
fold2_room1_mix1704,40,5,0,-173,0,77.22
fold2_room1_mix1704,41,5,0,-72,-2,6.61
fold2_room1_mix1704,41,5,0,-172,0,73.33
fold2_room1_mix1704,42,5,0,-51,-1,8.06
fold2_room1_mix1704,42,5,0,-172,0,72.27
fold2_room1_mix1704,43,5,0,-46,-1,8.88
fold2_room1_mix1704,43,5,0,-171,0,69.01
fold2_room1_mix1704,44,5,0,-40,-1,10.03
fold2_room1_mix1704,44,5,0,-171,0,67.38
fold2_room1_mix1704,45,5,0,-33,-1,10.32
fold2_room1_mix1704,45,5,0,-172,0,67.66
fold2_room1_mix1704,46,5,0,-32,-1,11.38
fold2_room1_mix1704,46,5,0,-171,0,68.59
fold2_room1_mix1704,47,5,0,-24,0,13.67
fold2_room1_mix1704,47,5,0,-170,0,63.86
fold2_room1_mix1704,48,5,0,-20,0,15.73
fold2_room1_mix1704,48,5,0,-169,0,58.23
fold2_room1_mix1704,49,5,0,-17,0,15.81
fold2_room1_mix1704,49,5,0,-170,0,58.82
fold2_room1_mix1704,50,5,0,-18,0,16.81
fold2_room1_mix1704,50,5,0,-170,0,56.69
fold2_room1_mix1704,51,5,0,-16,0,18.76
fold2_room1_mix1704,51,5,0,-167,0,49.91
fold2_room1_mix1704,52,5,0,-19,0,18.65
fold2_room1_mix1704,52,5,0,-169,0,55.74
fold2_room1_mix1704,53,5,0,-16,0,21.48
fold2_room1_mix1704,53,5,0,-167,0,47.95
fold2_room1_mix1704,54,5,0,-12,0,23.28
fold2_room1_mix1704,54,5,0,-160,0,24.95
fold2_room1_mix1704,54,5,0,-175,0,74.48
fold2_room1_mix1704,55,5,0,-12,0,25.66
fold2_room1_mix1704,55,5,0,-157,0,22.48
fold2_room1_mix1704,55,5,0,-174,0,70.46
fold2_room1_mix1704,56,5,0,-13,0,26.83
fold2_room1_mix1704,56,5,0,-150,0,19.20
fold2_room1_mix1704,56,5,0,-172,0,63.72
fold2_room1_mix1704,57,5,0,-10,0,28.84
fold2_room1_mix1704,57,5,0,-146,0,15.92
fold2_room1_mix1704,57,5,0,-172,0,58.34
fold2_room1_mix1704,58,5,0,-10,0,29.51
fold2_room1_mix1704,58,5,0,-150,0,18.62
fold2_room1_mix1704,58,5,0,-173,0,65.48
fold2_room1_mix1704,59,5,0,-9,0,32.32
fold2_room1_mix1704,59,5,0,-145,0,15.78
fold2_room1_mix1704,59,5,0,-173,0,61.42
fold2_room1_mix1704,60,5,0,-8,0,33.61
fold2_room1_mix1704,60,5,0,-147,0,17.15
fold2_room1_mix1704,60,5,0,-174,0,68.42
fold2_room1_mix1704,61,5,0,-10,0,35.50
fold2_room1_mix1704,61,5,0,-128,0,11.13
fold2_room1_mix1704,61,5,0,-169,0,49.06
fold2_room1_mix1704,62,5,0,-8,0,38.90
fold2_room1_mix1704,62,5,0,-129,0,11.58
fold2_room1_mix1704,62,5,0,-171,0,52.79
fold2_room1_mix1704,63,5,0,-9,0,39.04
fold2_room1_mix1704,63,5,0,-122,0,10.88
fold2_room1_mix1704,63,5,0,-170,0,50.03
fold2_room1_mix1704,64,5,0,-8,0,39.41
fold2_room1_mix1704,64,5,0,-101,-1,10.10
fold2_room1_mix1704,64,5,0,-170,0,44.67
fold2_room1_mix1704,65,5,0,-7,0,41.10
fold2_room1_mix1704,65,5,0,-134,-1,12.75
fold2_room1_mix1704,65,5,0,-173,0,58.05
fold2_room1_mix1704,66,5,0,-7,0,43.87
fold2_room1_mix1704,66,5,0,-116,-1,10.56
fold2_room1_mix1704,66,5,0,-171,0,49.92
fold2_room1_mix1704,67,5,0,-7,0,42.71
fold2_room1_mix1704,67,5,0,-122,-1,10.65
fold2_room1_mix1704,67,5,0,-172,0,50.30
fold2_room1_mix1704,68,5,0,-6,0,46.40
fold2_room1_mix1704,68,5,0,-120,-1,10.75
fold2_room1_mix1704,68,5,0,-172,0,52.02
fold2_room1_mix1704,69,5,0,-5,0,47.52
fold2_room1_mix1704,69,5,0,-110,-1,9.17
fold2_room1_mix1704,69,5,0,-172,0,47.56
fold2_room1_mix1704,70,5,0,-5,0,46.79
fold2_room1_mix1704,70,5,0,-109,-1,8.99
fold2_room1_mix1704,70,5,0,-172,0,47.34
fold2_room1_mix1704,71,5,0,-5,0,48.37
fold2_room1_mix1704,71,5,0,-93,-1,9.09
fold2_room1_mix1704,71,5,0,-172,0,47.32
fold2_room1_mix1704,72,5,0,-5,0,50.80
fold2_room1_mix1704,72,5,0,-64,-1,9.40
fold2_room1_mix1704,72,5,0,-171,0,42.89
fold2_room1_mix1704,73,5,0,-4,0,54.69
fold2_room1_mix1704,73,5,0,-57,-1,9.50
fold2_room1_mix1704,73,5,0,-172,0,45.70
fold2_room1_mix1704,74,5,0,-5,0,59.67
fold2_room1_mix1704,74,5,0,-46,-1,11.78
fold2_room1_mix1704,74,5,0,-170,0,43.74
fold2_room1_mix1704,75,5,0,-4,0,59.53
fold2_room1_mix1704,75,5,0,-52,-1,11.21
fold2_room1_mix1704,75,5,0,-173,0,46.88
fold2_room1_mix1704,76,5,0,-4,0,61.35
fold2_room1_mix1704,76,5,0,-44,-1,11.78
fold2_room1_mix1704,76,5,0,-171,0,42.64
fold2_room1_mix1704,77,5,0,-5,0,57.98
fold2_room1_mix1704,77,5,0,-43,-1,11.77
fold2_room1_mix1704,77,5,0,-168,0,38.67
fold2_room1_mix1704,78,5,0,-5,0,61.23
fold2_room1_mix1704,78,5,0,-41,-1,12.72
fold2_room1_mix1704,78,5,0,-168,0,37.63
fold2_room1_mix1704,79,5,0,-4,0,62.86
fold2_room1_mix1704,79,5,0,-42,0,12.72
fold2_room1_mix1704,79,5,0,-169,0,39.81
fold2_room1_mix1704,80,5,0,-4,0,67.37
fold2_room1_mix1704,80,5,0,-29,0,17.11
fold2_room1_mix1704,80,5,0,-160,0,25.49
fold2_room1_mix1704,81,5,0,-3,0,65.00
fold2_room1_mix1704,81,5,0,-37,0,14.25
fold2_room1_mix1704,81,5,0,-166,0,36.86
fold2_room1_mix1704,82,5,0,-2,0,76.74
fold2_room1_mix1704,82,5,0,-22,0,19.80
fold2_room1_mix1704,82,5,0,-161,0,29.36
fold2_room1_mix1704,83,5,0,-2,0,77.83
fold2_room1_mix1704,83,5,0,-23,0,20.73
fold2_room1_mix1704,83,5,0,-161,0,27.88
fold2_room1_mix1704,84,5,0,-2,0,75.33
fold2_room1_mix1704,84,5,0,-26,0,19.88
fold2_room1_mix1704,84,5,0,-164,0,33.94
fold2_room1_mix1704,85,5,0,-2,0,81.07
fold2_room1_mix1704,85,5,0,-19,0,25.47
fold2_room1_mix1704,85,5,0,-155,0,20.97
fold2_room1_mix1704,86,5,0,-1,0,81.65
fold2_room1_mix1704,86,5,0,-17,0,24.24
fold2_room1_mix1704,86,5,0,-164,0,25.95
fold2_room1_mix1704,87,5,0,-8,0,58.38
fold2_room1_mix1704,87,5,0,-153,0,18.40
fold2_room1_mix1704,88,5,0,-9,0,58.01
fold2_room1_mix1704,88,5,0,-148,0,15.62
fold2_room1_mix1704,89,5,0,-9,0,57.52
fold2_room1_mix1704,89,5,0,-134,-1,9.78
fold2_room1_mix1704,90,5,0,-10,0,59.23
fold2_room1_mix1704,90,5,0,-138,0,11.37
fold2_room1_mix1704,91,5,0,-9,0,62.31
fold2_room1_mix1704,91,5,0,-128,-1,8.71
fold2_room1_mix1704,92,5,0,-10,0,62.71
fold2_room1_mix1704,92,5,0,-129,-1,9.36
fold2_room1_mix1704,93,5,0,-9,0,61.93
fold2_room1_mix1704,93,5,0,-110,-1,7.17
fold2_room1_mix1704,94,5,0,-9,0,63.21
fold2_room1_mix1704,94,5,0,-79,-1,6.61
fold2_room1_mix1704,95,5,0,-10,0,67.23
fold2_room1_mix1704,95,5,0,-69,-1,7.82
fold2_room1_mix1704,96,5,0,-9,0,66.10
fold2_room1_mix1704,96,5,0,-65,-1,7.78
fold2_room1_mix1704,97,5,0,-7,0,66.34
fold2_room1_mix1704,97,5,0,-50,-1,9.45
fold2_room1_mix1704,98,5,0,-7,0,68.02
fold2_room1_mix1704,98,5,0,-40,-1,11.81
fold2_room1_mix1704,99,5,0,-8,0,68.26
fold2_room1_mix1704,99,5,0,-38,-1,12.98
fold2_room1_mix1705,6,5,0,1,1,8.21
fold2_room1_mix1705,7,5,0,1,0,21.22
fold2_room1_mix1705,8,5,0,2,0,39.68
fold2_room1_mix1705,9,5,0,0,0,64.56
fold2_room1_mix1705,10,5,0,0,0,98.16
fold2_room1_mix1705,11,5,0,1,0,107.50
fold2_room1_mix1705,12,5,0,1,0,110.84
fold2_room1_mix1705,13,5,0,4,0,96.96
fold2_room1_mix1705,14,5,0,3,0,94.91
fold2_room1_mix1705,15,5,0,3,0,92.88
fold2_room1_mix1705,16,5,0,5,0,93.88
fold2_room1_mix1705,17,5,0,2,0,97.38
fold2_room1_mix1705,18,5,0,5,0,100.27
fold2_room1_mix1705,19,5,0,3,0,103.50
fold2_room1_mix1705,20,5,0,4,0,108.36
fold2_room1_mix1705,21,5,0,5,0,108.48
fold2_room1_mix1705,22,5,0,4,0,109.07
fold2_room1_mix1705,23,5,0,4,0,110.65
fold2_room1_mix1705,24,5,0,5,0,112.32
fold2_room1_mix1705,25,5,0,4,0,109.50
fold2_room1_mix1705,26,5,0,4,0,109.16
fold2_room1_mix1705,27,5,0,4,0,104.63
fold2_room1_mix1705,28,5,0,4,0,108.94
fold2_room1_mix1705,29,5,0,4,0,106.00
fold2_room1_mix1705,30,5,0,5,0,106.18
fold2_room1_mix1705,31,5,0,5,0,103.90
fold2_room1_mix1705,32,5,0,3,0,104.13
fold2_room1_mix1705,33,5,0,5,0,103.30
fold2_room1_mix1705,34,5,0,5,0,102.44
fold2_room1_mix1705,35,5,0,3,0,106.29
fold2_room1_mix1705,36,5,0,4,0,104.60
fold2_room1_mix1705,37,5,0,3,0,101.81
fold2_room1_mix1705,38,5,0,4,0,104.11
fold2_room1_mix1705,39,5,0,4,0,104.03
fold2_room1_mix1705,40,5,0,4,0,103.17
fold2_room1_mix1705,41,5,0,5,0,98.37
fold2_room1_mix1705,42,5,0,5,0,93.16
fold2_room1_mix1705,43,5,0,5,0,88.64
fold2_room1_mix1705,44,5,0,5,0,87.10
fold2_room1_mix1705,45,5,0,5,0,78.48
fold2_room1_mix1705,46,5,0,7,0,79.28
fold2_room1_mix1705,47,5,0,7,0,71.70
fold2_room1_mix1705,48,5,0,7,0,72.86
fold2_room1_mix1705,49,5,0,7,0,68.76
fold2_room1_mix1705,50,5,0,7,0,69.28
fold2_room1_mix1705,51,5,0,7,0,64.48
fold2_room1_mix1705,52,5,0,8,0,59.73
fold2_room1_mix1705,53,5,0,8,0,63.11
fold2_room1_mix1705,54,5,0,9,0,61.95
fold2_room1_mix1705,55,5,0,10,0,58.95
fold2_room1_mix1705,56,5,0,11,0,56.10
fold2_room1_mix1705,57,5,0,7,0,75.59
fold2_room1_mix1705,57,5,0,24,0,17.78
fold2_room1_mix1705,58,5,0,6,0,70.96
fold2_room1_mix1705,58,5,0,27,0,14.77
fold2_room1_mix1705,59,5,0,6,0,67.15
fold2_room1_mix1705,59,5,0,31,0,12.70
fold2_room1_mix1705,60,5,0,6,0,69.16
fold2_room1_mix1705,60,5,0,41,-1,10.47
fold2_room1_mix1705,61,5,0,6,0,68.44
fold2_room1_mix1705,61,5,0,51,-1,9.08
fold2_room1_mix1705,62,5,0,7,0,66.09
fold2_room1_mix1705,62,5,0,75,-1,7.82
fold2_room1_mix1705,63,5,0,7,0,63.57
fold2_room1_mix1705,63,5,0,97,-2,7.73
fold2_room1_mix1705,64,5,0,8,0,60.12
fold2_room1_mix1705,64,5,0,117,-2,8.44
fold2_room1_mix1705,65,5,0,8,0,60.65
fold2_room1_mix1705,65,5,0,133,-1,10.29
fold2_room1_mix1705,66,5,0,8,0,57.98
fold2_room1_mix1705,66,5,0,143,-1,12.61
fold2_room1_mix1705,67,5,0,8,0,54.65
fold2_room1_mix1705,67,5,0,150,-1,15.85
fold2_room1_mix1705,68,5,0,7,0,50.78
fold2_room1_mix1705,68,5,0,154,-1,17.53
fold2_room1_mix1705,69,5,0,8,0,52.06
fold2_room1_mix1705,69,5,0,159,0,20.83
fold2_room1_mix1705,70,5,0,9,0,50.05
fold2_room1_mix1705,70,5,0,161,0,23.98
fold2_room1_mix1705,71,5,0,9,0,45.59
fold2_room1_mix1705,71,5,0,166,0,28.51
fold2_room1_mix1705,72,5,0,10,0,45.25
fold2_room1_mix1705,72,5,0,165,0,29.00
fold2_room1_mix1705,73,5,0,10,0,48.76
fold2_room1_mix1705,73,5,0,165,0,30.14
fold2_room1_mix1705,74,5,0,9,0,50.86
fold2_room1_mix1705,74,5,0,168,0,33.69
fold2_room1_mix1705,75,5,0,11,0,45.37
fold2_room1_mix1705,75,5,0,169,0,36.05
fold2_room1_mix1705,76,5,0,11,0,46.52
fold2_room1_mix1705,76,5,0,167,0,33.73
fold2_room1_mix1705,77,5,0,11,0,44.58
fold2_room1_mix1705,77,5,0,168,0,35.72
fold2_room1_mix1705,78,5,0,6,0,66.20
fold2_room1_mix1705,78,5,0,22,0,19.18
fold2_room1_mix1705,78,5,0,169,0,39.76
fold2_room1_mix1705,79,5,0,6,0,54.94
fold2_room1_mix1705,79,5,0,32,0,14.31
fold2_room1_mix1705,79,5,0,170,0,41.11
fold2_room1_mix1705,80,5,0,5,0,55.80
fold2_room1_mix1705,80,5,0,31,0,15.29
fold2_room1_mix1705,80,5,0,168,0,40.23
fold2_room1_mix1705,81,5,0,5,0,48.94
fold2_room1_mix1705,81,5,0,52,0,11.96
fold2_room1_mix1705,81,5,0,171,0,46.80
fold2_room1_mix1705,82,5,0,5,0,53.36
fold2_room1_mix1705,82,5,0,41,0,13.78
fold2_room1_mix1705,82,5,0,171,0,48.69
fold2_room1_mix1705,83,5,0,7,0,41.59
fold2_room1_mix1705,83,5,0,87,0,11.52
fold2_room1_mix1705,83,5,0,172,0,55.45
fold2_room1_mix1705,84,5,0,9,0,36.94
fold2_room1_mix1705,84,5,0,95,0,12.08
fold2_room1_mix1705,84,5,0,173,0,57.49
fold2_room1_mix1705,85,5,0,7,0,38.69
fold2_room1_mix1705,85,5,0,102,0,11.81
fold2_room1_mix1705,85,5,0,173,0,57.78
fold2_room1_mix1705,86,5,0,9,0,39.24
fold2_room1_mix1705,86,5,0,114,0,11.23
fold2_room1_mix1705,86,5,0,173,0,61.08
fold2_room1_mix1705,87,5,0,10,0,37.58
fold2_room1_mix1705,87,5,0,115,0,10.83
fold2_room1_mix1705,87,5,0,172,0,59.17
fold2_room1_mix1705,88,5,0,18,0,22.46
fold2_room1_mix1705,88,5,0,146,0,15.40
fold2_room1_mix1705,88,5,0,173,0,60.98
fold2_room1_mix1705,89,5,0,13,0,30.21
fold2_room1_mix1705,89,5,0,143,0,14.47
fold2_room1_mix1705,89,5,0,174,0,66.19
fold2_room1_mix1705,90,5,0,19,0,20.09
fold2_room1_mix1705,90,5,0,154,0,18.98
fold2_room1_mix1705,90,5,0,174,0,69.76
fold2_room1_mix1705,91,5,0,31,0,13.87
fold2_room1_mix1705,91,5,0,169,0,50.39
fold2_room1_mix1705,92,5,0,41,-1,10.59
fold2_room1_mix1705,92,5,0,170,0,51.04
fold2_room1_mix1705,93,5,0,53,-1,8.76
fold2_room1_mix1705,93,5,0,170,0,50.09
fold2_room1_mix1705,94,5,0,65,-2,7.84
fold2_room1_mix1705,94,5,0,170,0,63.73
fold2_room1_mix1705,95,5,0,88,-2,7.06
fold2_room1_mix1705,95,5,0,170,0,62.92
fold2_room1_mix1705,96,5,0,116,-2,7.30
fold2_room1_mix1705,96,5,0,172,0,65.39
fold2_room1_mix1705,97,5,0,121,-2,7.67
fold2_room1_mix1705,97,5,0,172,0,67.86
fold2_room1_mix1705,98,5,0,132,-1,9.66
fold2_room1_mix1705,98,5,0,172,0,71.14
fold2_room1_mix1705,99,5,0,138,-1,10.90
fold2_room1_mix1705,99,5,0,172,0,71.98
fold2_room1_mix1706,6,5,0,5,1,22.11
fold2_room1_mix1706,7,5,0,4,0,35.62
fold2_room1_mix1706,8,5,0,5,0,52.93
fold2_room1_mix1706,9,5,0,4,0,86.35
fold2_room1_mix1706,10,5,0,3,0,109.54
fold2_room1_mix1706,11,5,0,4,0,103.01
fold2_room1_mix1706,12,5,0,3,0,100.13
fold2_room1_mix1706,13,5,0,4,0,94.08
fold2_room1_mix1706,14,5,0,5,0,99.41
fold2_room1_mix1706,15,5,0,4,0,103.39
fold2_room1_mix1706,16,5,0,5,0,105.31
fold2_room1_mix1706,17,5,0,4,0,106.53
fold2_room1_mix1706,18,5,0,4,0,107.48
fold2_room1_mix1706,19,5,0,4,0,108.53
fold2_room1_mix1706,20,5,0,5,0,109.71
fold2_room1_mix1706,21,5,0,4,0,109.57
fold2_room1_mix1706,22,5,0,4,0,116.06
fold2_room1_mix1706,23,5,0,4,0,111.46
fold2_room1_mix1706,24,5,0,5,0,111.99
fold2_room1_mix1706,25,5,0,4,0,110.37
fold2_room1_mix1706,26,5,0,4,0,111.55
fold2_room1_mix1706,27,5,0,4,0,108.63
fold2_room1_mix1706,28,5,0,4,0,113.32
fold2_room1_mix1706,29,5,0,4,0,109.63
fold2_room1_mix1706,30,5,0,5,0,107.43
fold2_room1_mix1706,31,5,0,4,0,107.69
fold2_room1_mix1706,32,5,0,5,0,107.28
fold2_room1_mix1706,33,5,0,4,0,105.20
fold2_room1_mix1706,34,5,0,3,0,105.67
fold2_room1_mix1706,35,5,0,4,0,105.13
fold2_room1_mix1706,36,5,0,5,0,101.21
fold2_room1_mix1706,37,5,0,5,0,94.37
fold2_room1_mix1706,38,5,0,5,0,94.02
fold2_room1_mix1706,39,5,0,5,0,94.21
fold2_room1_mix1706,40,5,0,6,0,92.79
fold2_room1_mix1706,41,5,0,7,0,88.77
fold2_room1_mix1706,42,5,0,8,0,80.26
fold2_room1_mix1706,43,5,0,7,0,78.08
fold2_room1_mix1706,44,5,0,7,0,75.83
fold2_room1_mix1706,45,5,0,8,0,75.15
fold2_room1_mix1706,46,5,0,9,0,68.78
fold2_room1_mix1706,47,5,0,9,0,69.74
fold2_room1_mix1706,48,5,0,10,0,68.90
fold2_room1_mix1706,49,5,0,9,0,65.60
fold2_room1_mix1706,50,5,0,10,0,64.81
fold2_room1_mix1706,51,5,0,11,0,65.25
fold2_room1_mix1706,52,5,0,5,0,84.19
fold2_room1_mix1706,52,5,0,30,0,14.94
fold2_room1_mix1706,53,5,0,7,0,74.71
fold2_room1_mix1706,53,5,0,40,-1,11.97
fold2_room1_mix1706,54,5,0,6,0,78.21
fold2_room1_mix1706,54,5,0,42,-1,11.99
fold2_room1_mix1706,55,5,0,6,0,78.89
fold2_room1_mix1706,55,5,0,55,-1,10.04
fold2_room1_mix1706,56,5,0,7,0,76.30
fold2_room1_mix1706,56,5,0,52,-1,10.56
fold2_room1_mix1706,57,5,0,7,0,73.20
fold2_room1_mix1706,57,5,0,77,-1,9.26
fold2_room1_mix1706,58,5,0,8,0,73.12
fold2_room1_mix1706,58,5,0,96,-2,9.55
fold2_room1_mix1706,59,5,0,8,0,72.45
fold2_room1_mix1706,59,5,0,110,-2,10.12
fold2_room1_mix1706,60,5,0,8,0,72.40
fold2_room1_mix1706,60,5,0,120,-1,10.50
fold2_room1_mix1706,61,5,0,8,0,72.40
fold2_room1_mix1706,61,5,0,130,-1,11.75
fold2_room1_mix1706,62,5,0,7,0,66.82
fold2_room1_mix1706,62,5,0,139,-1,13.24
fold2_room1_mix1706,63,5,0,8,0,65.40
fold2_room1_mix1706,63,5,0,140,-1,13.71
fold2_room1_mix1706,64,5,0,8,0,63.75
fold2_room1_mix1706,64,5,0,149,-1,16.71
fold2_room1_mix1706,65,5,0,8,0,62.15
fold2_room1_mix1706,65,5,0,152,0,18.49
fold2_room1_mix1706,66,5,0,9,0,60.05
fold2_room1_mix1706,66,5,0,152,0,18.05
fold2_room1_mix1706,67,5,0,10,0,61.75
fold2_room1_mix1706,67,5,0,154,0,20.45
fold2_room1_mix1706,68,5,0,10,0,60.58
fold2_room1_mix1706,68,5,0,155,0,20.88
fold2_room1_mix1706,69,5,0,10,0,57.15
fold2_room1_mix1706,69,5,0,156,0,22.27
fold2_room1_mix1706,70,5,0,9,0,58.36
fold2_room1_mix1706,70,5,0,158,0,23.18
fold2_room1_mix1706,71,5,0,9,0,60.16
fold2_room1_mix1706,71,5,0,155,0,22.34
fold2_room1_mix1706,72,5,0,10,0,54.34
fold2_room1_mix1706,72,5,0,159,0,26.07
fold2_room1_mix1706,73,5,0,12,0,47.05
fold2_room1_mix1706,73,5,0,160,0,28.08
fold2_room1_mix1706,74,5,0,10,0,54.87
fold2_room1_mix1706,74,5,0,162,0,29.45
fold2_room1_mix1706,75,5,0,7,0,71.30
fold2_room1_mix1706,75,5,0,24,0,23.51
fold2_room1_mix1706,75,5,0,166,0,38.77
fold2_room1_mix1706,76,5,0,14,0,51.75
fold2_room1_mix1706,76,5,0,167,0,41.43
fold2_room1_mix1706,77,5,0,13,0,49.53
fold2_room1_mix1706,77,5,0,166,0,38.76
fold2_room1_mix1706,78,5,0,7,0,65.43
fold2_room1_mix1706,78,5,0,26,0,21.15
fold2_room1_mix1706,78,5,0,166,0,40.91
fold2_room1_mix1706,79,5,0,8,0,68.42
fold2_room1_mix1706,79,5,0,29,0,21.89
fold2_room1_mix1706,79,5,0,166,0,42.11
fold2_room1_mix1706,80,5,0,7,0,75.82
fold2_room1_mix1706,80,5,0,22,0,24.24
fold2_room1_mix1706,80,5,0,168,0,43.97
fold2_room1_mix1706,81,5,0,6,0,75.69
fold2_room1_mix1706,81,5,0,23,0,24.49
fold2_room1_mix1706,81,5,0,168,0,45.71
fold2_room1_mix1706,82,5,0,8,0,57.21
fold2_room1_mix1706,82,5,0,36,0,16.56
fold2_room1_mix1706,82,5,0,169,0,46.80
fold2_room1_mix1706,83,5,0,8,0,65.47
fold2_room1_mix1706,83,5,0,36,0,17.40
fold2_room1_mix1706,83,5,0,169,0,51.57
fold2_room1_mix1706,84,5,0,8,0,68.02
fold2_room1_mix1706,84,5,0,37,0,17.87
fold2_room1_mix1706,84,5,0,168,0,51.03
fold2_room1_mix1706,85,5,0,8,0,61.06
fold2_room1_mix1706,85,5,0,46,0,15.24
fold2_room1_mix1706,85,5,0,169,0,54.46
fold2_room1_mix1706,86,5,0,7,0,64.19
fold2_room1_mix1706,86,5,0,43,0,16.51
fold2_room1_mix1706,86,5,0,169,0,55.15
fold2_room1_mix1706,87,5,0,7,0,64.16
fold2_room1_mix1706,87,5,0,60,-1,15.72
fold2_room1_mix1706,87,5,0,170,0,59.50
fold2_room1_mix1706,88,5,0,9,0,54.25
fold2_room1_mix1706,88,5,0,79,-1,13.84
fold2_room1_mix1706,88,5,0,169,0,62.72
fold2_room1_mix1706,89,5,0,6,0,68.10
fold2_room1_mix1706,89,5,0,49,0,17.00
fold2_room1_mix1706,89,5,0,170,0,62.16
fold2_room1_mix1706,90,5,0,12,0,39.38
fold2_room1_mix1706,90,5,0,122,-1,14.85
fold2_room1_mix1706,90,5,0,172,0,67.51
fold2_room1_mix1706,91,5,0,9,0,50.77
fold2_room1_mix1706,91,5,0,100,-1,14.42
fold2_room1_mix1706,91,5,0,172,0,71.19
fold2_room1_mix1706,92,5,0,13,0,39.36
fold2_room1_mix1706,92,5,0,132,-1,16.30
fold2_room1_mix1706,92,5,0,173,0,79.00
fold2_room1_mix1706,93,5,0,14,0,34.25
fold2_room1_mix1706,93,5,0,132,-1,14.88
fold2_room1_mix1706,93,5,0,172,0,68.21
fold2_room1_mix1706,94,5,0,11,0,46.86
fold2_room1_mix1706,94,5,0,108,-1,12.68
fold2_room1_mix1706,94,5,0,172,0,68.87
fold2_room1_mix1706,95,5,0,7,0,67.98
fold2_room1_mix1706,95,5,0,76,-1,14.59
fold2_room1_mix1706,95,5,0,171,0,73.49
fold2_room1_mix1706,96,5,0,9,0,57.13
fold2_room1_mix1706,96,5,0,102,-1,13.45
fold2_room1_mix1706,96,5,0,171,0,73.54
fold2_room1_mix1706,97,5,0,9,0,51.91
fold2_room1_mix1706,97,5,0,118,-1,14.66
fold2_room1_mix1706,97,5,0,172,0,77.19
fold2_room1_mix1706,98,5,0,10,0,46.65
fold2_room1_mix1706,98,5,0,131,-1,16.20
fold2_room1_mix1706,98,5,0,172,0,80.83
fold2_room1_mix1706,99,5,0,9,0,46.34
fold2_room1_mix1706,99,5,0,134,0,16.95
fold2_room1_mix1706,99,5,0,173,0,87.19
fold2_room1_mix1706,5,5,0,4,1,6.93
fold2_room1_mix1707,8,7,0,2,0,15.05
fold2_room1_mix1707,9,7,0,1,0,25.48
fold2_room1_mix1707,10,7,0,2,0,28.42
fold2_room1_mix1707,11,7,0,0,0,21.50
fold2_room1_mix1707,12,5,0,4,0,80.65
fold2_room1_mix1707,13,7,0,2,0,32.14
fold2_room1_mix1707,14,5,0,11,0,89.41
fold2_room1_mix1707,15,5,0,1,0,68.15
fold2_room1_mix1707,16,5,0,3,0,94.79
fold2_room1_mix1707,17,5,0,3,0,81.77
fold2_room1_mix1707,18,5,0,5,0,101.70
fold2_room1_mix1707,19,5,0,6,0,99.28
fold2_room1_mix1707,20,5,0,6,0,101.42
fold2_room1_mix1707,21,5,0,1,0,108.20
fold2_room1_mix1707,22,5,0,4,0,112.45
fold2_room1_mix1707,23,5,0,4,0,106.08
fold2_room1_mix1707,24,5,0,5,0,107.97
fold2_room1_mix1707,25,5,0,4,0,112.33
fold2_room1_mix1707,26,5,0,5,0,113.09
fold2_room1_mix1707,27,5,0,5,0,111.70
fold2_room1_mix1707,28,5,0,7,0,109.23
fold2_room1_mix1707,29,5,0,5,0,113.80
fold2_room1_mix1707,30,5,0,7,0,109.77
fold2_room1_mix1707,31,5,0,4,0,104.18
fold2_room1_mix1707,32,5,0,6,0,106.51
fold2_room1_mix1707,33,5,0,4,0,104.07
fold2_room1_mix1707,34,5,0,5,0,103.39
fold2_room1_mix1707,35,5,0,6,0,102.36
fold2_room1_mix1707,36,5,0,5,0,101.10
fold2_room1_mix1707,37,5,0,4,0,104.67
fold2_room1_mix1707,38,5,0,6,0,103.77
fold2_room1_mix1707,39,5,0,3,0,110.58
fold2_room1_mix1707,40,5,0,7,0,97.08
fold2_room1_mix1707,41,5,0,7,0,97.97
fold2_room1_mix1707,42,5,0,7,0,100.91
fold2_room1_mix1707,43,5,0,7,0,100.28
fold2_room1_mix1707,44,5,0,7,0,96.49
fold2_room1_mix1707,45,5,0,6,0,101.51
fold2_room1_mix1707,46,5,0,8,0,90.23
fold2_room1_mix1707,47,5,0,5,0,82.85
fold2_room1_mix1707,48,5,0,6,0,85.48
fold2_room1_mix1707,49,5,0,6,0,80.86
fold2_room1_mix1707,50,5,0,7,0,81.07
fold2_room1_mix1707,51,5,0,8,0,78.02
fold2_room1_mix1707,52,5,0,9,0,66.44
fold2_room1_mix1707,53,5,0,9,0,71.22
fold2_room1_mix1707,54,5,0,10,0,64.07
fold2_room1_mix1707,55,5,0,5,0,87.15
fold2_room1_mix1707,55,5,0,21,0,20.77
fold2_room1_mix1707,56,5,0,6,0,83.77
fold2_room1_mix1707,56,5,0,27,0,17.53
fold2_room1_mix1707,57,5,0,6,0,77.16
fold2_room1_mix1707,57,5,0,35,0,13.31
fold2_room1_mix1707,58,5,0,6,0,72.91
fold2_room1_mix1707,58,5,0,33,-1,12.04
fold2_room1_mix1707,59,5,0,7,0,77.52
fold2_room1_mix1707,59,5,0,41,-1,11.82
fold2_room1_mix1707,60,5,0,7,0,66.85
fold2_room1_mix1707,60,5,0,45,0,9.59
fold2_room1_mix1707,61,5,0,7,0,73.77
fold2_room1_mix1707,61,5,0,63,-1,8.38
fold2_room1_mix1707,62,5,0,7,0,71.69
fold2_room1_mix1707,62,5,0,88,-2,7.77
fold2_room1_mix1707,63,5,0,7,0,72.33
fold2_room1_mix1707,63,5,0,108,-2,8.18
fold2_room1_mix1707,64,5,0,8,0,68.59
fold2_room1_mix1707,64,5,0,113,-2,8.33
fold2_room1_mix1707,65,5,0,8,0,67.09
fold2_room1_mix1707,65,5,0,135,-1,11.22
fold2_room1_mix1707,66,5,0,8,0,66.21
fold2_room1_mix1707,66,5,0,139,-1,13.14
fold2_room1_mix1707,67,5,0,8,0,61.09
fold2_room1_mix1707,67,5,0,145,-1,14.52
fold2_room1_mix1707,68,5,0,8,0,60.01
fold2_room1_mix1707,68,5,0,148,-1,15.59
fold2_room1_mix1707,69,5,0,8,0,56.55
fold2_room1_mix1707,69,5,0,152,-1,19.24
fold2_room1_mix1707,70,5,0,9,0,55.63
fold2_room1_mix1707,70,5,0,155,0,20.74
fold2_room1_mix1707,71,5,0,9,0,53.56
fold2_room1_mix1707,71,5,0,156,0,22.07
fold2_room1_mix1707,72,5,0,10,0,53.99
fold2_room1_mix1707,72,5,0,159,0,23.58
fold2_room1_mix1707,73,5,0,10,0,52.78
fold2_room1_mix1707,73,5,0,160,0,24.00
fold2_room1_mix1707,74,5,0,10,0,58.04
fold2_room1_mix1707,74,5,0,161,0,26.66
fold2_room1_mix1707,75,5,0,9,0,60.95
fold2_room1_mix1707,75,5,0,163,0,30.32
fold2_room1_mix1707,76,5,0,11,0,59.61
fold2_room1_mix1707,76,5,0,164,0,31.35
fold2_room1_mix1707,77,5,0,11,0,55.03
fold2_room1_mix1707,77,5,0,165,0,33.34
fold2_room1_mix1707,78,5,0,12,0,49.32
fold2_room1_mix1707,78,5,0,166,0,37.85
fold2_room1_mix1707,79,5,0,13,0,47.13
fold2_room1_mix1707,79,5,0,170,0,40.20
fold2_room1_mix1707,80,5,0,11,0,53.74
fold2_room1_mix1707,80,5,0,168,0,41.26
fold2_room1_mix1707,81,5,0,5,0,77.75
fold2_room1_mix1707,81,5,0,24,0,21.42
fold2_room1_mix1707,81,5,0,169,0,49.20
fold2_room1_mix1707,82,5,0,5,0,69.30
fold2_room1_mix1707,82,5,0,28,0,18.34
fold2_room1_mix1707,82,5,0,171,0,48.82
fold2_room1_mix1707,83,5,0,5,0,83.80
fold2_room1_mix1707,83,5,0,21,0,23.39
fold2_room1_mix1707,83,5,0,169,0,47.54
fold2_room1_mix1707,84,5,0,5,0,85.13
fold2_room1_mix1707,84,5,0,21,0,23.54
fold2_room1_mix1707,84,5,0,170,0,49.24
fold2_room1_mix1707,85,5,0,5,0,71.05
fold2_room1_mix1707,85,5,0,32,0,18.08
fold2_room1_mix1707,85,5,0,171,0,54.27
fold2_room1_mix1707,86,5,0,6,0,49.30
fold2_room1_mix1707,86,5,0,60,-1,14.71
fold2_room1_mix1707,86,5,0,172,0,56.60
fold2_room1_mix1707,87,5,0,5,0,60.20
fold2_room1_mix1707,87,5,0,51,-1,14.15
fold2_room1_mix1707,87,5,0,173,0,61.63
fold2_room1_mix1707,88,5,0,6,0,53.83
fold2_room1_mix1707,88,5,0,68,-1,12.86
fold2_room1_mix1707,88,5,0,172,0,63.75
fold2_room1_mix1707,89,5,0,7,0,53.43
fold2_room1_mix1707,89,5,0,73,-1,12.17
fold2_room1_mix1707,89,5,0,172,0,63.42
fold2_room1_mix1707,90,5,0,8,0,53.08
fold2_room1_mix1707,90,5,0,90,-1,11.91
fold2_room1_mix1707,90,5,0,172,0,68.29
fold2_room1_mix1707,91,5,0,8,0,54.28
fold2_room1_mix1707,91,5,0,94,-1,11.93
fold2_room1_mix1707,91,5,0,171,0,68.38
fold2_room1_mix1707,92,5,0,8,0,55.40
fold2_room1_mix1707,92,5,0,94,-1,12.68
fold2_room1_mix1707,92,5,0,171,0,68.09
fold2_room1_mix1707,93,5,0,8,0,50.31
fold2_room1_mix1707,93,5,0,113,-1,13.94
fold2_room1_mix1707,93,5,0,172,0,74.29
fold2_room1_mix1707,94,5,0,9,0,47.28
fold2_room1_mix1707,94,5,0,125,-1,15.33
fold2_room1_mix1707,94,5,0,172,0,79.57
fold2_room1_mix1707,95,5,0,10,0,41.07
fold2_room1_mix1707,95,5,0,134,0,15.44
fold2_room1_mix1707,95,5,0,173,0,81.35
fold2_room1_mix1707,96,5,0,18,0,26.58
fold2_room1_mix1707,96,5,0,151,0,21.98
fold2_room1_mix1707,96,5,0,174,0,88.17
fold2_room1_mix1707,97,5,0,20,0,23.71
fold2_room1_mix1707,97,5,0,154,0,23.15
fold2_room1_mix1707,97,5,0,175,0,91.90
fold2_room1_mix1707,98,5,0,19,0,28.51
fold2_room1_mix1707,98,5,0,152,0,23.44
fold2_room1_mix1707,98,5,0,173,0,94.94
fold2_room1_mix1707,99,5,0,25,0,21.50
fold2_room1_mix1707,99,5,0,166,0,63.51
fold2_room1_mix1708,4,5,0,174,2,4.14
fold2_room1_mix1708,5,5,0,176,1,17.69
fold2_room1_mix1708,6,5,0,178,1,30.36
fold2_room1_mix1708,7,5,0,176,0,44.44
fold2_room1_mix1708,8,5,0,179,0,85.17
fold2_room1_mix1708,9,5,0,-178,0,105.27
fold2_room1_mix1708,10,5,0,-179,0,114.26
fold2_room1_mix1708,11,5,0,179,0,108.26
fold2_room1_mix1708,12,5,0,-178,0,100.73
fold2_room1_mix1708,13,5,0,-179,0,105.54
fold2_room1_mix1708,14,5,0,-179,0,105.51
fold2_room1_mix1708,15,5,0,-179,0,106.39
fold2_room1_mix1708,16,5,0,-178,0,105.68
fold2_room1_mix1708,17,5,0,-177,0,102.14
fold2_room1_mix1708,18,5,0,-179,0,107.50
fold2_room1_mix1708,19,5,0,-178,0,111.71
fold2_room1_mix1708,20,5,0,-177,0,107.08
fold2_room1_mix1708,21,5,0,-178,0,108.47
fold2_room1_mix1708,22,5,0,-178,0,110.47
fold2_room1_mix1708,23,5,0,-178,0,102.29
fold2_room1_mix1708,24,5,0,-177,0,106.24
fold2_room1_mix1708,25,5,0,-177,0,106.54
fold2_room1_mix1708,26,5,0,-177,0,104.04
fold2_room1_mix1708,27,5,0,-177,0,101.72
fold2_room1_mix1708,28,5,0,-176,0,94.79
fold2_room1_mix1708,29,5,0,-175,0,91.85
fold2_room1_mix1708,30,5,0,-177,0,93.11
fold2_room1_mix1708,31,5,0,-177,0,91.48
fold2_room1_mix1708,32,5,0,-176,0,89.37
fold2_room1_mix1708,33,5,0,-176,0,85.40
fold2_room1_mix1708,34,5,0,-174,0,87.51
fold2_room1_mix1708,35,5,0,-174,0,85.31
fold2_room1_mix1708,36,5,0,-174,0,82.87
fold2_room1_mix1708,37,5,0,-172,0,84.01
fold2_room1_mix1708,38,5,0,-172,0,83.46
fold2_room1_mix1708,39,5,0,-171,0,82.17
fold2_room1_mix1708,40,5,0,-170,0,83.06
fold2_room1_mix1708,41,5,0,-158,0,23.17
fold2_room1_mix1708,41,5,0,-174,0,108.61
fold2_room1_mix1708,42,5,0,-156,0,20.34
fold2_room1_mix1708,42,5,0,-174,0,105.48
fold2_room1_mix1708,43,5,0,-154,0,18.41
fold2_room1_mix1708,43,5,0,-175,0,108.21
fold2_room1_mix1708,44,5,0,-149,-1,16.46
fold2_room1_mix1708,44,5,0,-174,0,108.84
fold2_room1_mix1708,45,5,0,-143,-1,12.98
fold2_room1_mix1708,45,5,0,-174,0,103.07
fold2_room1_mix1708,46,5,0,-134,-1,10.79
fold2_room1_mix1708,46,5,0,-174,0,103.35
fold2_room1_mix1708,47,5,0,-127,-1,9.81
fold2_room1_mix1708,47,5,0,-175,0,102.81
fold2_room1_mix1708,48,5,0,-110,-2,7.90
fold2_room1_mix1708,48,5,0,-174,0,97.46
fold2_room1_mix1708,49,5,0,-96,-2,7.95
fold2_room1_mix1708,49,5,0,-174,0,99.75
fold2_room1_mix1708,50,5,0,-82,-2,8.04
fold2_room1_mix1708,50,5,0,-175,0,100.97
fold2_room1_mix1708,51,5,0,-69,-2,8.28
fold2_room1_mix1708,51,5,0,-174,0,98.14
fold2_room1_mix1708,52,5,0,-58,-1,8.64
fold2_room1_mix1708,52,5,0,-173,0,92.13
fold2_room1_mix1708,53,5,0,-48,-1,9.65
fold2_room1_mix1708,53,5,0,-174,0,91.84
fold2_room1_mix1708,54,5,0,-41,-1,10.91
fold2_room1_mix1708,54,5,0,-174,0,88.74
fold2_room1_mix1708,55,5,0,-39,-1,11.20
fold2_room1_mix1708,55,5,0,-173,0,86.08
fold2_room1_mix1708,56,5,0,-32,-1,12.63
fold2_room1_mix1708,56,5,0,-173,0,81.45
fold2_room1_mix1708,57,5,0,-28,-1,14.99
fold2_room1_mix1708,57,5,0,-172,0,79.60
fold2_room1_mix1708,58,5,0,-24,0,16.13
fold2_room1_mix1708,58,5,0,-172,0,80.68
fold2_room1_mix1708,59,5,0,-24,0,16.72
fold2_room1_mix1708,59,5,0,-172,0,79.68
fold2_room1_mix1708,60,5,0,-18,0,20.40
fold2_room1_mix1708,60,5,0,-170,0,72.41
fold2_room1_mix1708,61,5,0,-21,0,19.76
fold2_room1_mix1708,61,5,0,-170,0,73.76
fold2_room1_mix1708,62,5,0,-17,0,22.34
fold2_room1_mix1708,62,5,0,-170,0,75.24
fold2_room1_mix1708,63,5,0,-18,0,21.61
fold2_room1_mix1708,63,5,0,-169,0,72.03
fold2_room1_mix1708,64,5,0,-17,0,22.64
fold2_room1_mix1708,64,5,0,-169,0,69.95
fold2_room1_mix1708,65,5,0,-13,0,26.19
fold2_room1_mix1708,65,5,0,-168,0,67.86
fold2_room1_mix1708,66,5,0,-14,0,28.65
fold2_room1_mix1708,66,5,0,-157,0,29.67
fold2_room1_mix1708,66,5,0,-175,0,95.09
fold2_room1_mix1708,67,5,0,-13,0,30.63
fold2_room1_mix1708,67,5,0,-157,0,28.89
fold2_room1_mix1708,67,5,0,-175,0,97.50
fold2_room1_mix1708,68,5,0,-14,0,29.47
fold2_room1_mix1708,68,5,0,-159,0,31.03
fold2_room1_mix1708,68,5,0,-176,0,99.44
fold2_room1_mix1708,69,5,0,-13,0,32.66
fold2_room1_mix1708,69,5,0,-156,0,28.24
fold2_room1_mix1708,69,5,0,-175,0,95.69
fold2_room1_mix1708,70,5,0,-10,0,34.64
fold2_room1_mix1708,70,5,0,-157,0,27.30
fold2_room1_mix1708,70,5,0,-176,0,96.67
fold2_room1_mix1708,71,5,0,-11,0,34.22
fold2_room1_mix1708,71,5,0,-157,0,28.47
fold2_room1_mix1708,71,5,0,-176,0,98.66
fold2_room1_mix1708,72,5,0,-8,0,37.76
fold2_room1_mix1708,72,5,0,-154,0,24.97
fold2_room1_mix1708,72,5,0,-176,0,95.21
fold2_room1_mix1708,73,5,0,-9,0,41.18
fold2_room1_mix1708,73,5,0,-150,0,22.97
fold2_room1_mix1708,73,5,0,-175,0,93.00
fold2_room1_mix1708,74,5,0,-8,0,44.77
fold2_room1_mix1708,74,5,0,-143,0,18.02
fold2_room1_mix1708,74,5,0,-173,0,81.35
fold2_room1_mix1708,75,5,0,-8,0,44.37
fold2_room1_mix1708,75,5,0,-142,-1,17.18
fold2_room1_mix1708,75,5,0,-174,0,78.34
fold2_room1_mix1708,76,5,0,-7,0,48.47
fold2_room1_mix1708,76,5,0,-137,0,16.01
fold2_room1_mix1708,76,5,0,-173,0,76.72
fold2_room1_mix1708,77,5,0,-7,0,50.92
fold2_room1_mix1708,77,5,0,-136,-1,15.88
fold2_room1_mix1708,77,5,0,-173,0,77.64
fold2_room1_mix1708,78,5,0,-7,0,52.54
fold2_room1_mix1708,78,5,0,-134,-1,15.19
fold2_room1_mix1708,78,5,0,-174,0,76.84
fold2_room1_mix1708,79,5,0,-7,0,54.92
fold2_room1_mix1708,79,5,0,-135,-1,16.45
fold2_room1_mix1708,79,5,0,-174,0,81.00
fold2_room1_mix1708,80,5,0,-7,0,53.82
fold2_room1_mix1708,80,5,0,-138,-1,16.57
fold2_room1_mix1708,80,5,0,-175,0,82.78
fold2_room1_mix1708,81,5,0,-7,0,52.66
fold2_room1_mix1708,81,5,0,-132,-1,15.46
fold2_room1_mix1708,81,5,0,-173,0,76.79
fold2_room1_mix1708,82,5,0,-6,0,53.99
fold2_room1_mix1708,82,5,0,-129,-1,14.76
fold2_room1_mix1708,82,5,0,-173,0,74.86
fold2_room1_mix1708,83,5,0,-6,0,56.75
fold2_room1_mix1708,83,5,0,-92,-1,12.26
fold2_room1_mix1708,83,5,0,-171,0,62.71
fold2_room1_mix1708,84,5,0,-6,0,53.47
fold2_room1_mix1708,84,5,0,-114,-1,12.66
fold2_room1_mix1708,84,5,0,-172,0,65.85
fold2_room1_mix1708,85,5,0,-7,0,55.60
fold2_room1_mix1708,85,5,0,-83,-1,11.89
fold2_room1_mix1708,85,5,0,-169,0,58.65
fold2_room1_mix1708,86,5,0,-7,0,58.81
fold2_room1_mix1708,86,5,0,-61,-1,12.13
fold2_room1_mix1708,86,5,0,-169,0,53.19
fold2_room1_mix1708,87,5,0,-7,0,60.39
fold2_room1_mix1708,87,5,0,-65,-1,12.40
fold2_room1_mix1708,87,5,0,-170,0,55.40
fold2_room1_mix1708,88,5,0,-6,0,63.15
fold2_room1_mix1708,88,5,0,-66,-1,12.34
fold2_room1_mix1708,88,5,0,-171,0,55.94
fold2_room1_mix1708,89,5,0,-5,0,66.97
fold2_room1_mix1708,89,5,0,-64,-1,13.00
fold2_room1_mix1708,89,5,0,-171,0,60.13
fold2_room1_mix1708,90,5,0,-7,0,66.63
fold2_room1_mix1708,90,5,0,-61,-1,13.39
fold2_room1_mix1708,90,5,0,-169,0,56.29
fold2_room1_mix1708,91,5,0,-6,0,65.97
fold2_room1_mix1708,91,5,0,-50,-1,14.62
fold2_room1_mix1708,91,5,0,-167,0,47.71
fold2_room1_mix1708,92,5,0,-5,0,66.90
fold2_room1_mix1708,92,5,0,-56,-1,13.37
fold2_room1_mix1708,92,5,0,-170,0,54.25
fold2_room1_mix1708,93,5,0,-6,0,68.39
fold2_room1_mix1708,93,5,0,-42,0,16.36
fold2_room1_mix1708,93,5,0,-163,0,40.80
fold2_room1_mix1708,94,5,0,-5,0,72.57
fold2_room1_mix1708,94,5,0,-42,0,17.04
fold2_room1_mix1708,94,5,0,-165,0,45.23
fold2_room1_mix1708,95,5,0,-5,0,73.74
fold2_room1_mix1708,95,5,0,-48,-1,16.04
fold2_room1_mix1708,95,5,0,-167,0,52.67
fold2_room1_mix1708,96,5,0,-3,0,82.79
fold2_room1_mix1708,96,5,0,-41,-1,17.75
fold2_room1_mix1708,96,5,0,-170,0,55.53
fold2_room1_mix1708,97,5,0,-5,0,79.18
fold2_room1_mix1708,97,5,0,-44,-1,17.58
fold2_room1_mix1708,97,5,0,-169,0,53.92
fold2_room1_mix1708,98,5,0,-5,0,83.29
fold2_room1_mix1708,98,5,0,-43,0,18.65
fold2_room1_mix1708,98,5,0,-169,0,55.99
fold2_room1_mix1708,99,5,0,-4,0,82.63
fold2_room1_mix1708,99,5,0,-36,0,19.83
fold2_room1_mix1708,99,5,0,-168,0,49.23
fold2_room1_mix1709,5,5,0,-6,0,29.44
fold2_room1_mix1709,6,5,0,-2,0,40.62
fold2_room1_mix1709,7,5,0,-5,0,61.44
fold2_room1_mix1709,8,5,0,-7,0,89.52
fold2_room1_mix1709,9,5,0,-4,0,96.98
fold2_room1_mix1709,10,5,0,-5,0,96.80
fold2_room1_mix1709,11,5,0,-4,0,95.88
fold2_room1_mix1709,12,5,0,-4,0,95.62
fold2_room1_mix1709,13,5,0,-4,0,95.95
fold2_room1_mix1709,14,5,0,-5,0,95.84
fold2_room1_mix1709,15,5,0,-4,0,99.71
fold2_room1_mix1709,16,5,0,-5,0,97.09
fold2_room1_mix1709,17,5,0,-6,0,94.80
fold2_room1_mix1709,18,5,0,-6,0,91.01
fold2_room1_mix1709,19,5,0,-6,0,85.04
fold2_room1_mix1709,20,5,0,-5,0,87.92
fold2_room1_mix1709,21,5,0,-5,0,89.41
fold2_room1_mix1709,22,5,0,-6,0,84.27
fold2_room1_mix1709,23,5,0,-6,0,81.22
fold2_room1_mix1709,24,5,0,-6,0,79.27
fold2_room1_mix1709,25,5,0,-6,0,83.98
fold2_room1_mix1709,26,5,0,-6,0,77.01
fold2_room1_mix1709,27,5,0,-7,0,78.93
fold2_room1_mix1709,28,5,0,-6,0,81.06
fold2_room1_mix1709,29,5,0,-7,0,78.18
fold2_room1_mix1709,30,5,0,-7,0,76.61
fold2_room1_mix1709,31,5,0,-6,0,81.01
fold2_room1_mix1709,32,5,0,-7,0,78.60
fold2_room1_mix1709,33,5,0,-7,0,79.06
fold2_room1_mix1709,34,5,0,-7,0,79.42
fold2_room1_mix1709,35,5,0,-7,0,74.27
fold2_room1_mix1709,36,5,0,-7,0,74.15
fold2_room1_mix1709,37,5,0,-8,0,71.59
fold2_room1_mix1709,38,5,0,-8,0,68.48
fold2_room1_mix1709,39,5,0,-8,0,71.17
fold2_room1_mix1709,40,5,0,-8,0,70.46
fold2_room1_mix1709,41,5,0,-9,0,71.03
fold2_room1_mix1709,42,5,0,-4,0,91.42
fold2_room1_mix1709,42,5,0,-21,0,20.73
fold2_room1_mix1709,43,5,0,-4,0,90.26
fold2_room1_mix1709,43,5,0,-21,0,20.19
fold2_room1_mix1709,44,5,0,-4,0,88.99
fold2_room1_mix1709,44,5,0,-22,0,18.80
fold2_room1_mix1709,45,5,0,-4,0,86.79
fold2_room1_mix1709,45,5,0,-23,0,18.30
fold2_room1_mix1709,46,5,0,-4,0,86.50
fold2_room1_mix1709,46,5,0,-22,0,18.20
fold2_room1_mix1709,47,5,0,-4,0,89.67
fold2_room1_mix1709,47,5,0,-23,0,17.39
fold2_room1_mix1709,48,5,0,-4,0,86.93
fold2_room1_mix1709,48,5,0,-24,0,16.49
fold2_room1_mix1709,49,5,0,-4,0,84.11
fold2_room1_mix1709,49,5,0,-26,0,14.94
fold2_room1_mix1709,50,5,0,-4,0,80.08
fold2_room1_mix1709,50,5,0,-32,0,12.81
fold2_room1_mix1709,51,5,0,-4,0,80.67
fold2_room1_mix1709,51,5,0,-39,0,11.42
fold2_room1_mix1709,52,5,0,-5,0,80.42
fold2_room1_mix1709,52,5,0,-44,0,10.82
fold2_room1_mix1709,53,5,0,-5,0,77.94
fold2_room1_mix1709,53,5,0,-49,0,9.79
fold2_room1_mix1709,54,5,0,-6,0,75.76
fold2_room1_mix1709,54,5,0,-56,0,8.73
fold2_room1_mix1709,55,5,0,-7,0,76.20
fold2_room1_mix1709,55,5,0,-62,0,8.28
fold2_room1_mix1709,56,5,0,-8,0,75.01
fold2_room1_mix1709,56,5,0,-74,0,8.24
fold2_room1_mix1709,57,5,0,-7,0,79.33
fold2_room1_mix1709,57,5,0,-92,-1,8.39
fold2_room1_mix1709,58,5,0,-7,0,78.87
fold2_room1_mix1709,58,5,0,-102,0,8.54
fold2_room1_mix1709,59,5,0,-8,0,77.02
fold2_room1_mix1709,59,5,0,-117,0,9.48
fold2_room1_mix1709,60,5,0,-8,0,71.48
fold2_room1_mix1709,60,5,0,-128,0,10.84
fold2_room1_mix1709,61,5,0,-9,0,71.30
fold2_room1_mix1709,61,5,0,-127,0,10.36
fold2_room1_mix1709,62,5,0,-9,0,67.17
fold2_room1_mix1709,62,5,0,-137,0,12.14
fold2_room1_mix1709,63,5,0,-9,0,66.09
fold2_room1_mix1709,63,5,0,-141,0,13.20
fold2_room1_mix1709,64,5,0,-10,0,65.55
fold2_room1_mix1709,64,5,0,-142,0,13.81
fold2_room1_mix1709,65,5,0,-9,0,65.20
fold2_room1_mix1709,65,5,0,-147,0,15.32
fold2_room1_mix1709,66,5,0,-10,0,61.51
fold2_room1_mix1709,66,5,0,-148,0,16.08
fold2_room1_mix1709,67,5,0,-10,0,57.64
fold2_room1_mix1709,67,5,0,-151,0,17.82
fold2_room1_mix1709,68,5,0,-10,0,58.72
fold2_room1_mix1709,68,5,0,-153,0,19.74
fold2_room1_mix1709,69,5,0,-11,0,55.63
fold2_room1_mix1709,69,5,0,-154,0,20.77
fold2_room1_mix1709,70,5,0,-11,0,51.52
fold2_room1_mix1709,70,5,0,-156,0,21.35
fold2_room1_mix1709,71,5,0,-12,0,46.87
fold2_room1_mix1709,71,5,0,-159,0,25.51
fold2_room1_mix1709,72,5,0,-12,0,50.72
fold2_room1_mix1709,72,5,0,-158,0,25.38
fold2_room1_mix1709,73,5,0,-13,0,45.88
fold2_room1_mix1709,73,5,0,-161,0,29.44
fold2_room1_mix1709,74,5,0,-13,0,44.97
fold2_room1_mix1709,74,5,0,-161,0,29.50
fold2_room1_mix1709,75,5,0,-6,0,66.04
fold2_room1_mix1709,75,5,0,-21,0,25.12
fold2_room1_mix1709,75,5,0,-162,0,31.93
fold2_room1_mix1709,76,5,0,-12,0,48.76
fold2_room1_mix1709,76,5,0,-163,0,32.09
fold2_room1_mix1709,77,5,0,-12,0,50.23
fold2_room1_mix1709,77,5,0,-162,0,32.12
fold2_room1_mix1709,78,5,0,-12,0,51.53
fold2_room1_mix1709,78,5,0,-162,0,32.08
fold2_room1_mix1709,79,5,0,-7,0,67.77
fold2_room1_mix1709,79,5,0,-25,0,24.15
fold2_room1_mix1709,79,5,0,-162,0,36.23
fold2_room1_mix1709,80,5,0,-10,0,49.24
fold2_room1_mix1709,80,5,0,-34,0,16.86
fold2_room1_mix1709,80,5,0,-163,0,37.21
fold2_room1_mix1709,81,5,0,-13,0,42.39
fold2_room1_mix1709,81,5,0,-45,0,13.77
fold2_room1_mix1709,81,5,0,-165,0,42.78
fold2_room1_mix1709,82,5,0,-15,0,31.90
fold2_room1_mix1709,82,5,0,-62,-1,12.20
fold2_room1_mix1709,82,5,0,-164,0,42.26
fold2_room1_mix1709,83,5,0,-14,0,36.89
fold2_room1_mix1709,83,5,0,-61,-1,11.59
fold2_room1_mix1709,83,5,0,-167,0,45.12
fold2_room1_mix1709,84,5,0,-14,0,38.30
fold2_room1_mix1709,84,5,0,-73,-1,11.47
fold2_room1_mix1709,84,5,0,-166,0,48.28
fold2_room1_mix1709,85,5,0,-14,0,37.05
fold2_room1_mix1709,85,5,0,-82,-1,11.04
fold2_room1_mix1709,85,5,0,-166,0,49.33
fold2_room1_mix1709,86,5,0,-14,0,36.63
fold2_room1_mix1709,86,5,0,-80,0,10.97
fold2_room1_mix1709,86,5,0,-167,0,47.56
fold2_room1_mix1709,87,5,0,-13,0,37.25
fold2_room1_mix1709,87,5,0,-95,-1,11.03
fold2_room1_mix1709,87,5,0,-169,0,51.19
fold2_room1_mix1709,88,5,0,-12,0,40.87
fold2_room1_mix1709,88,5,0,-78,-1,11.52
fold2_room1_mix1709,88,5,0,-169,0,52.79
fold2_room1_mix1709,89,5,0,-13,0,35.10
fold2_room1_mix1709,89,5,0,-108,0,11.55
fold2_room1_mix1709,89,5,0,-169,0,50.80
fold2_room1_mix1709,90,5,0,-14,0,32.02
fold2_room1_mix1709,90,5,0,-116,0,11.84
fold2_room1_mix1709,90,5,0,-169,0,48.85
fold2_room1_mix1709,91,5,0,-24,0,19.73
fold2_room1_mix1709,91,5,0,-140,0,14.29
fold2_room1_mix1709,91,5,0,-170,0,56.02
fold2_room1_mix1709,92,5,0,-16,0,25.55
fold2_room1_mix1709,92,5,0,-124,-1,12.77
fold2_room1_mix1709,92,5,0,-170,0,52.64
fold2_room1_mix1709,93,5,0,-27,0,17.72
fold2_room1_mix1709,93,5,0,-142,0,14.58
fold2_room1_mix1709,93,5,0,-169,0,54.65
fold2_room1_mix1709,94,5,0,-36,0,13.57
fold2_room1_mix1709,94,5,0,-147,0,14.92
fold2_room1_mix1709,94,5,0,-170,0,56.62
fold2_room1_mix1709,95,5,0,-40,0,11.71
fold2_room1_mix1709,95,5,0,-153,0,17.79
fold2_room1_mix1709,95,5,0,-172,0,64.18
fold2_room1_mix1709,96,5,0,-54,0,8.92
fold2_room1_mix1709,96,5,0,-153,0,16.56
fold2_room1_mix1709,96,5,0,-172,0,60.30
fold2_room1_mix1709,97,5,0,-88,-1,6.90
fold2_room1_mix1709,97,5,0,-167,0,44.82
fold2_room1_mix1709,98,5,0,-86,-1,6.56
fold2_room1_mix1709,98,5,0,-167,0,44.99
fold2_room1_mix1709,99,5,0,-94,-1,6.94
fold2_room1_mix1709,99,5,0,-167,0,46.40
fold2_room1_mix1710,4,5,0,174,1,6.92
fold2_room1_mix1710,5,5,0,170,0,19.49
fold2_room1_mix1710,6,5,0,174,0,34.00
fold2_room1_mix1710,7,5,0,177,0,76.08
fold2_room1_mix1710,8,5,0,174,0,86.83
fold2_room1_mix1710,9,5,0,174,0,104.67
fold2_room1_mix1710,10,5,0,173,0,101.14
fold2_room1_mix1710,11,5,0,171,0,103.23
fold2_room1_mix1710,12,5,0,173,0,100.16
fold2_room1_mix1710,13,5,0,173,0,98.63
fold2_room1_mix1710,14,5,0,172,0,102.23
fold2_room1_mix1710,15,5,0,172,0,92.75
fold2_room1_mix1710,16,5,0,172,0,98.84
fold2_room1_mix1710,17,5,0,173,0,98.66
fold2_room1_mix1710,18,5,0,173,0,97.01
fold2_room1_mix1710,19,5,0,174,0,102.57
fold2_room1_mix1710,20,5,0,173,0,101.18
fold2_room1_mix1710,21,5,0,173,0,99.64
fold2_room1_mix1710,22,5,0,173,0,107.31
fold2_room1_mix1710,23,5,0,173,0,93.05
fold2_room1_mix1710,24,5,0,173,0,98.28
fold2_room1_mix1710,25,5,0,172,0,100.24
fold2_room1_mix1710,26,5,0,173,0,99.34
fold2_room1_mix1710,27,5,0,172,0,102.17
fold2_room1_mix1710,28,5,0,174,0,99.21
fold2_room1_mix1710,29,5,0,173,0,97.40
fold2_room1_mix1710,30,5,0,172,0,96.08
fold2_room1_mix1710,31,5,0,173,0,96.72
fold2_room1_mix1710,32,5,0,173,0,94.51
fold2_room1_mix1710,33,5,0,172,0,95.39
fold2_room1_mix1710,34,5,0,174,0,95.06
fold2_room1_mix1710,35,5,0,172,0,98.59
fold2_room1_mix1710,36,5,0,172,0,87.36
fold2_room1_mix1710,37,5,0,171,0,94.51
fold2_room1_mix1710,38,5,0,172,0,91.36
fold2_room1_mix1710,39,5,0,173,0,91.18
fold2_room1_mix1710,40,5,0,170,0,83.15
fold2_room1_mix1710,41,5,0,170,0,82.62
fold2_room1_mix1710,42,5,0,170,0,77.97
fold2_room1_mix1710,43,5,0,169,0,80.15
fold2_room1_mix1710,44,5,0,169,0,77.20
fold2_room1_mix1710,45,5,0,169,0,74.31
fold2_room1_mix1710,46,5,0,156,0,20.44
fold2_room1_mix1710,46,5,0,173,0,96.10
fold2_room1_mix1710,47,5,0,169,0,70.07
fold2_room1_mix1710,48,5,0,155,0,17.44
fold2_room1_mix1710,48,5,0,172,0,85.73
fold2_room1_mix1710,49,5,0,153,0,16.63
fold2_room1_mix1710,49,5,0,173,0,85.62
fold2_room1_mix1710,50,5,0,151,-1,16.46
fold2_room1_mix1710,50,5,0,173,0,91.36
fold2_room1_mix1710,51,5,0,146,-1,15.05
fold2_room1_mix1710,51,5,0,171,0,92.08
fold2_room1_mix1710,52,5,0,144,-1,11.67
fold2_room1_mix1710,52,5,0,173,0,82.42
fold2_room1_mix1710,53,5,0,141,-1,11.52
fold2_room1_mix1710,53,5,0,173,0,83.24
fold2_room1_mix1710,54,5,0,136,-1,10.45
fold2_room1_mix1710,54,5,0,172,0,82.02
fold2_room1_mix1710,55,5,0,132,-1,9.30
fold2_room1_mix1710,55,5,0,172,0,78.05
fold2_room1_mix1710,56,5,0,122,-1,8.77
fold2_room1_mix1710,56,5,0,172,0,80.65
fold2_room1_mix1710,57,5,0,111,-2,7.70
fold2_room1_mix1710,57,5,0,172,0,81.94
fold2_room1_mix1710,58,5,0,98,-2,7.21
fold2_room1_mix1710,58,5,0,172,0,83.48
fold2_room1_mix1710,59,5,0,85,-2,7.09
fold2_room1_mix1710,59,5,0,171,0,79.67
fold2_room1_mix1710,60,5,0,74,-2,7.57
fold2_room1_mix1710,60,5,0,171,0,78.43
fold2_room1_mix1710,61,5,0,68,-2,7.49
fold2_room1_mix1710,61,5,0,171,0,79.34
fold2_room1_mix1710,62,5,0,61,-2,8.14
fold2_room1_mix1710,62,5,0,171,0,79.99
fold2_room1_mix1710,63,5,0,55,-2,8.52
fold2_room1_mix1710,63,5,0,172,0,79.33
fold2_room1_mix1710,64,5,0,53,-1,9.00
fold2_room1_mix1710,64,5,0,172,0,79.41
fold2_room1_mix1710,65,5,0,46,-1,9.98
fold2_room1_mix1710,65,5,0,171,0,73.95
fold2_room1_mix1710,66,5,0,43,-1,11.16
fold2_room1_mix1710,66,5,0,171,0,72.05
fold2_room1_mix1710,67,5,0,43,-1,11.27
fold2_room1_mix1710,67,5,0,170,0,71.64
fold2_room1_mix1710,68,5,0,39,-1,12.38
fold2_room1_mix1710,68,5,0,170,0,74.00
fold2_room1_mix1710,69,5,0,35,-1,13.76
fold2_room1_mix1710,69,5,0,169,0,74.50
fold2_room1_mix1710,70,5,0,31,-1,15.11
fold2_room1_mix1710,70,5,0,168,0,69.18
fold2_room1_mix1710,71,5,0,32,-1,15.30
fold2_room1_mix1710,71,5,0,169,0,66.70
fold2_room1_mix1710,72,5,0,28,0,17.20
fold2_room1_mix1710,72,5,0,168,0,65.94
fold2_room1_mix1710,73,5,0,26,0,19.43
fold2_room1_mix1710,73,5,0,168,0,69.45
fold2_room1_mix1710,74,5,0,25,0,21.03
fold2_room1_mix1710,74,5,0,166,0,63.41
fold2_room1_mix1710,75,5,0,24,0,21.09
fold2_room1_mix1710,75,5,0,168,0,65.95
fold2_room1_mix1710,76,5,0,25,0,21.26
fold2_room1_mix1710,76,5,0,169,0,70.93
fold2_room1_mix1710,77,5,0,22,0,22.36
fold2_room1_mix1710,77,5,0,168,0,66.03
fold2_room1_mix1710,78,5,0,20,0,24.77
fold2_room1_mix1710,78,5,0,169,0,68.03
fold2_room1_mix1710,79,5,0,20,0,24.64
fold2_room1_mix1710,79,5,0,169,0,66.35
fold2_room1_mix1710,80,5,0,18,0,25.19
fold2_room1_mix1710,80,5,0,167,0,57.46
fold2_room1_mix1710,81,5,0,18,0,25.68
fold2_room1_mix1710,81,5,0,168,0,61.84
fold2_room1_mix1710,82,5,0,16,0,28.47
fold2_room1_mix1710,82,5,0,167,0,62.76
fold2_room1_mix1710,83,5,0,15,0,29.94
fold2_room1_mix1710,83,5,0,167,0,61.14
fold2_room1_mix1710,84,5,0,14,0,32.62
fold2_room1_mix1710,84,5,0,154,0,25.10
fold2_room1_mix1710,84,5,0,172,0,79.96
fold2_room1_mix1710,85,5,0,14,0,34.20
fold2_room1_mix1710,85,5,0,151,0,22.89
fold2_room1_mix1710,85,5,0,170,0,73.83
fold2_room1_mix1710,86,5,0,13,0,37.09
fold2_room1_mix1710,86,5,0,151,0,23.63
fold2_room1_mix1710,86,5,0,171,0,81.31
fold2_room1_mix1710,87,5,0,14,0,36.72
fold2_room1_mix1710,87,5,0,148,0,21.13
fold2_room1_mix1710,87,5,0,170,0,74.28
fold2_room1_mix1710,88,5,0,14,0,40.27
fold2_room1_mix1710,88,5,0,147,0,21.21
fold2_room1_mix1710,88,5,0,170,0,75.94
fold2_room1_mix1710,89,5,0,14,0,39.65
fold2_room1_mix1710,89,5,0,152,0,24.45
fold2_room1_mix1710,89,5,0,171,0,88.38
fold2_room1_mix1710,90,5,0,13,0,44.26
fold2_room1_mix1710,90,5,0,141,0,18.42
fold2_room1_mix1710,90,5,0,170,0,72.48
fold2_room1_mix1710,91,5,0,15,0,37.58
fold2_room1_mix1710,91,5,0,156,0,26.84
fold2_room1_mix1710,91,5,0,172,0,94.68
fold2_room1_mix1710,92,5,0,14,0,40.99
fold2_room1_mix1710,92,5,0,153,0,23.66
fold2_room1_mix1710,92,5,0,173,0,89.90
fold2_room1_mix1710,93,5,0,13,0,41.54
fold2_room1_mix1710,93,5,0,152,0,23.20
fold2_room1_mix1710,93,5,0,172,0,88.19
fold2_room1_mix1710,94,5,0,12,0,42.92
fold2_room1_mix1710,94,5,0,151,0,21.65
fold2_room1_mix1710,94,5,0,172,0,86.85
fold2_room1_mix1710,95,5,0,12,0,41.69
fold2_room1_mix1710,95,5,0,151,0,21.02
fold2_room1_mix1710,95,5,0,172,0,85.33
fold2_room1_mix1710,96,5,0,11,0,45.69
fold2_room1_mix1710,96,5,0,148,0,20.29
fold2_room1_mix1710,96,5,0,172,0,83.92
fold2_room1_mix1710,97,5,0,10,0,48.13
fold2_room1_mix1710,97,5,0,143,0,17.64
fold2_room1_mix1710,97,5,0,171,0,78.36
fold2_room1_mix1710,98,5,0,10,0,52.86
fold2_room1_mix1710,98,5,0,137,0,16.10
fold2_room1_mix1710,98,5,0,170,0,73.48
fold2_room1_mix1710,99,5,0,10,0,53.21
fold2_room1_mix1710,99,5,0,128,0,14.68
fold2_room1_mix1710,99,5,0,169,0,66.70
fold2_room1_mix1711,3,5,0,-1,2,4.26
fold2_room1_mix1711,4,5,0,0,1,17.33
fold2_room1_mix1711,5,5,0,-3,0,30.21
fold2_room1_mix1711,6,5,0,0,0,46.93
fold2_room1_mix1711,7,5,0,0,0,58.63
fold2_room1_mix1711,8,5,0,-2,0,91.96
fold2_room1_mix1711,9,5,0,-2,0,99.32
fold2_room1_mix1711,10,5,0,0,0,93.24
fold2_room1_mix1711,11,5,0,-2,0,91.50
fold2_room1_mix1711,12,5,0,0,0,85.67
fold2_room1_mix1711,13,5,0,-2,0,88.17
fold2_room1_mix1711,14,5,0,-2,0,89.02
fold2_room1_mix1711,15,5,0,-1,0,88.50
fold2_room1_mix1711,16,5,0,-2,0,92.67
fold2_room1_mix1711,17,5,0,-2,0,90.48
fold2_room1_mix1711,18,5,0,-1,0,89.87
fold2_room1_mix1711,19,5,0,-2,0,90.58
fold2_room1_mix1711,20,5,0,-3,0,89.81
fold2_room1_mix1711,21,5,0,-3,0,92.02
fold2_room1_mix1711,22,5,0,-5,0,90.37
fold2_room1_mix1711,23,5,0,-4,0,83.98
fold2_room1_mix1711,24,5,0,-3,0,86.76
fold2_room1_mix1711,25,5,0,-2,0,96.39
fold2_room1_mix1711,26,5,0,-4,0,86.87
fold2_room1_mix1711,27,5,0,-5,0,88.62
fold2_room1_mix1711,28,5,0,-5,0,92.79
fold2_room1_mix1711,29,5,0,-5,0,83.79
fold2_room1_mix1711,30,5,0,-6,0,80.94
fold2_room1_mix1711,31,5,0,-6,0,82.38
fold2_room1_mix1711,32,5,0,-7,0,78.13
fold2_room1_mix1711,33,5,0,-7,0,78.30
fold2_room1_mix1711,34,5,0,-7,0,74.36
fold2_room1_mix1711,35,5,0,-7,0,71.85
fold2_room1_mix1711,36,5,0,-7,0,68.90
fold2_room1_mix1711,37,5,0,-2,0,93.39
fold2_room1_mix1711,37,5,0,-20,0,18.34
fold2_room1_mix1711,38,5,0,-2,0,84.27
fold2_room1_mix1711,38,5,0,-25,0,13.84
fold2_room1_mix1711,39,5,0,-2,0,80.47
fold2_room1_mix1711,39,5,0,-30,0,12.56
fold2_room1_mix1711,40,5,0,-2,0,80.09
fold2_room1_mix1711,40,5,0,-35,0,11.20
fold2_room1_mix1711,41,5,0,-2,0,84.80
fold2_room1_mix1711,41,5,0,-43,0,9.75
fold2_room1_mix1711,42,5,0,-3,0,80.79
fold2_room1_mix1711,42,5,0,-57,-1,7.32
fold2_room1_mix1711,43,5,0,-4,0,84.04
fold2_room1_mix1711,43,5,0,-79,-1,6.80
fold2_room1_mix1711,44,5,0,-5,0,74.26
fold2_room1_mix1711,44,5,0,-96,-1,7.02
fold2_room1_mix1711,45,5,0,-4,0,71.94
fold2_room1_mix1711,45,5,0,-123,0,8.50
fold2_room1_mix1711,46,5,0,-4,0,70.05
fold2_room1_mix1711,46,5,0,-140,0,10.54
fold2_room1_mix1711,47,5,0,-4,0,66.62
fold2_room1_mix1711,47,5,0,-147,0,12.65
fold2_room1_mix1711,48,5,0,-4,0,65.54
fold2_room1_mix1711,48,5,0,-150,0,14.92
fold2_room1_mix1711,49,5,0,-5,0,63.33
fold2_room1_mix1711,49,5,0,-152,0,15.08
fold2_room1_mix1711,50,5,0,-6,0,54.96
fold2_room1_mix1711,50,5,0,-153,0,15.07
fold2_room1_mix1711,51,5,0,-7,0,50.76
fold2_room1_mix1711,51,5,0,-157,0,18.62
fold2_room1_mix1711,52,5,0,-6,0,50.81
fold2_room1_mix1711,52,5,0,-161,0,20.64
fold2_room1_mix1711,53,5,0,-7,0,52.00
fold2_room1_mix1711,53,5,0,-162,0,22.77
fold2_room1_mix1711,54,5,0,-7,0,52.91
fold2_room1_mix1711,54,5,0,-161,0,22.05
fold2_room1_mix1711,55,5,0,-8,0,47.88
fold2_room1_mix1711,55,5,0,-165,0,28.05
fold2_room1_mix1711,56,5,0,-8,0,48.33
fold2_room1_mix1711,56,5,0,-165,0,28.73
fold2_room1_mix1711,57,5,0,-7,0,51.12
fold2_room1_mix1711,57,5,0,-165,0,29.80
fold2_room1_mix1711,58,5,0,-10,0,43.29
fold2_room1_mix1711,58,5,0,-168,0,34.20
fold2_room1_mix1711,59,5,0,-9,0,47.84
fold2_room1_mix1711,59,5,0,-169,0,37.61
fold2_room1_mix1711,60,5,0,-4,0,65.97
fold2_room1_mix1711,60,5,0,-22,0,20.02
fold2_room1_mix1711,60,5,0,-168,0,40.37
fold2_room1_mix1711,61,5,0,-4,0,69.30
fold2_room1_mix1711,61,5,0,-21,0,20.56
fold2_room1_mix1711,61,5,0,-170,0,39.66
fold2_room1_mix1711,62,5,0,-4,0,66.02
fold2_room1_mix1711,62,5,0,-24,0,18.52
fold2_room1_mix1711,62,5,0,-170,0,42.26
fold2_room1_mix1711,63,5,0,-6,0,52.10
fold2_room1_mix1711,63,5,0,-42,0,12.74
fold2_room1_mix1711,63,5,0,-171,0,46.06
fold2_room1_mix1711,64,5,0,-9,1,43.53
fold2_room1_mix1711,64,5,0,-71,0,10.05
fold2_room1_mix1711,64,5,0,-170,0,46.88
fold2_room1_mix1711,65,5,0,-4,0,59.94
fold2_room1_mix1711,65,5,0,-39,0,14.49
fold2_room1_mix1711,65,5,0,-172,0,48.65
fold2_room1_mix1711,66,5,0,-4,0,54.79
fold2_room1_mix1711,66,5,0,-55,-1,12.34
fold2_room1_mix1711,66,5,0,-174,0,55.77
fold2_room1_mix1711,67,5,0,-4,0,61.54
fold2_room1_mix1711,67,5,0,-35,0,15.68
fold2_room1_mix1711,67,5,0,-172,0,53.82
fold2_room1_mix1711,68,5,0,-4,0,65.66
fold2_room1_mix1711,68,5,0,-27,0,17.21
fold2_room1_mix1711,68,5,0,-171,0,46.79
fold2_room1_mix1711,69,5,0,-5,0,60.48
fold2_room1_mix1711,69,5,0,-40,0,13.78
fold2_room1_mix1711,69,5,0,-172,0,55.92
fold2_room1_mix1711,70,5,0,-6,0,51.51
fold2_room1_mix1711,70,5,0,-49,-1,12.04
fold2_room1_mix1711,70,5,0,-172,0,57.06
fold2_room1_mix1711,71,5,0,-7,0,43.10
fold2_room1_mix1711,71,5,0,-92,-1,9.72
fold2_room1_mix1711,71,5,0,-174,0,59.33
fold2_room1_mix1711,72,5,0,-4,0,57.23
fold2_room1_mix1711,72,5,0,-60,-1,10.57
fold2_room1_mix1711,72,5,0,-175,0,64.10
fold2_room1_mix1711,73,5,0,-5,0,55.74
fold2_room1_mix1711,73,5,0,-64,-1,11.00
fold2_room1_mix1711,73,5,0,-173,0,62.44
fold2_room1_mix1711,74,5,0,-8,0,43.15
fold2_room1_mix1711,74,5,0,-110,-1,9.93
fold2_room1_mix1711,74,5,0,-173,0,62.74
fold2_room1_mix1711,75,5,0,-6,0,41.84
fold2_room1_mix1711,75,5,0,-133,-1,11.41
fold2_room1_mix1711,75,5,0,-177,0,73.08
fold2_room1_mix1711,76,5,0,-7,0,41.63
fold2_room1_mix1711,76,5,0,-125,-1,11.11
fold2_room1_mix1711,76,5,0,-175,0,69.26
fold2_room1_mix1711,77,5,0,-6,0,46.88
fold2_room1_mix1711,77,5,0,-112,-1,10.63
fold2_room1_mix1711,77,5,0,-176,0,71.25
fold2_room1_mix1711,78,5,0,-5,0,39.79
fold2_room1_mix1711,78,5,0,-140,-1,12.55
fold2_room1_mix1711,78,5,0,-179,0,80.79
fold2_room1_mix1711,79,5,0,-6,0,37.85
fold2_room1_mix1711,79,5,0,-140,-1,13.19
fold2_room1_mix1711,79,5,0,-178,0,80.15
fold2_room1_mix1711,80,5,0,-6,0,38.75
fold2_room1_mix1711,80,5,0,-137,-1,12.83
fold2_room1_mix1711,80,5,0,-176,0,77.92
fold2_room1_mix1711,81,5,0,-5,0,48.41
fold2_room1_mix1711,81,5,0,-111,-1,10.77
fold2_room1_mix1711,81,5,0,-176,0,74.77
fold2_room1_mix1711,82,5,0,-7,0,36.58
fold2_room1_mix1711,82,5,0,-144,-1,14.59
fold2_room1_mix1711,82,5,0,-176,0,85.82
fold2_room1_mix1711,83,5,0,-8,0,30.66
fold2_room1_mix1711,83,5,0,-151,-1,16.52
fold2_room1_mix1711,83,5,0,-177,0,90.71
fold2_room1_mix1711,84,5,0,-9,0,31.38
fold2_room1_mix1711,84,5,0,-147,0,15.47
fold2_room1_mix1711,84,5,0,-175,0,83.45
fold2_room1_mix1711,85,5,0,-10,0,24.90
fold2_room1_mix1711,85,5,0,-170,0,60.41
fold2_room1_mix1711,86,5,0,-9,0,25.51
fold2_room1_mix1711,86,5,0,-161,0,20.84
fold2_room1_mix1711,86,5,0,-179,0,95.40
fold2_room1_mix1711,87,5,0,-9,0,27.36
fold2_room1_mix1711,87,5,0,-159,0,19.16
fold2_room1_mix1711,87,5,0,-179,0,94.46
fold2_room1_mix1711,88,5,0,-25,0,14.87
fold2_room1_mix1711,88,5,0,-172,0,70.34
fold2_room1_mix1711,89,5,0,-37,-1,11.60
fold2_room1_mix1711,89,5,0,-170,0,65.56
fold2_room1_mix1711,90,5,0,-48,-1,9.18
fold2_room1_mix1711,90,5,0,-171,0,71.44
fold2_room1_mix1711,91,5,0,-74,-2,7.23
fold2_room1_mix1711,91,5,0,-173,0,76.99
fold2_room1_mix1711,92,5,0,-79,-2,7.27
fold2_room1_mix1711,92,5,0,-171,0,70.83
fold2_room1_mix1711,93,5,0,-110,-2,6.39
fold2_room1_mix1711,93,5,0,-171,0,68.99
fold2_room1_mix1711,94,5,0,-121,-2,6.44
fold2_room1_mix1711,94,5,0,-172,0,71.59
fold2_room1_mix1711,95,5,0,-127,-1,7.43
fold2_room1_mix1711,95,5,0,-172,0,72.11
fold2_room1_mix1711,96,5,0,-136,-1,8.25
fold2_room1_mix1711,96,5,0,-172,0,71.54
fold2_room1_mix1711,97,5,0,-141,-1,9.07
fold2_room1_mix1711,97,5,0,-172,0,68.24
fold2_room1_mix1711,98,5,0,-147,-1,11.03
fold2_room1_mix1711,98,5,0,-175,0,79.48
fold2_room1_mix1711,99,5,0,-150,-1,11.66
fold2_room1_mix1711,99,5,0,-175,0,78.16
fold2_room1_mix1712,6,5,0,3,1,4.05
fold2_room1_mix1712,7,5,0,5,0,25.99
fold2_room1_mix1712,8,5,0,2,0,29.48
fold2_room1_mix1712,9,5,0,4,0,67.83
fold2_room1_mix1712,10,5,0,4,0,105.39
fold2_room1_mix1712,11,5,0,3,0,107.60
fold2_room1_mix1712,12,5,0,5,0,112.69
fold2_room1_mix1712,13,5,0,6,0,102.79
fold2_room1_mix1712,14,5,0,8,0,102.27
fold2_room1_mix1712,15,5,0,6,0,97.18
fold2_room1_mix1712,16,5,0,4,0,107.96
fold2_room1_mix1712,17,5,0,5,0,109.19
fold2_room1_mix1712,18,5,0,6,0,104.16
fold2_room1_mix1712,19,5,0,3,0,109.07
fold2_room1_mix1712,20,5,0,4,0,108.64
fold2_room1_mix1712,21,5,0,5,0,106.83
fold2_room1_mix1712,22,5,0,3,0,106.13
fold2_room1_mix1712,23,5,0,3,0,105.35
fold2_room1_mix1712,24,5,0,3,0,103.80
fold2_room1_mix1712,25,5,0,4,0,107.80
fold2_room1_mix1712,26,5,0,4,0,105.13
fold2_room1_mix1712,27,5,0,4,0,109.25
fold2_room1_mix1712,28,5,0,5,0,107.21
fold2_room1_mix1712,29,5,0,4,0,111.81
fold2_room1_mix1712,30,5,0,4,0,109.99
fold2_room1_mix1712,31,5,0,4,0,104.90
fold2_room1_mix1712,32,5,0,4,0,107.78
fold2_room1_mix1712,33,5,0,5,0,108.70
fold2_room1_mix1712,34,5,0,5,0,102.50
fold2_room1_mix1712,35,5,0,4,0,105.80
fold2_room1_mix1712,36,5,0,5,0,106.21
fold2_room1_mix1712,37,5,0,5,0,107.91
fold2_room1_mix1712,38,5,0,4,0,105.16
fold2_room1_mix1712,39,5,0,5,0,106.44
fold2_room1_mix1712,40,5,0,5,0,104.57
fold2_room1_mix1712,41,5,0,4,0,107.55
fold2_room1_mix1712,42,5,0,4,0,103.48
fold2_room1_mix1712,43,5,0,6,0,106.30
fold2_room1_mix1712,44,5,0,5,0,101.28
fold2_room1_mix1712,45,5,0,5,0,104.83
fold2_room1_mix1712,46,5,0,7,0,98.78
fold2_room1_mix1712,47,5,0,6,0,98.74
fold2_room1_mix1712,48,5,0,5,0,98.82
fold2_room1_mix1712,49,5,0,5,0,96.07
fold2_room1_mix1712,50,5,0,7,0,86.31
fold2_room1_mix1712,51,5,0,7,0,86.06
fold2_room1_mix1712,52,5,0,6,0,85.09
fold2_room1_mix1712,53,5,0,6,0,83.17
fold2_room1_mix1712,54,5,0,7,0,81.56
fold2_room1_mix1712,55,5,0,9,0,79.73
fold2_room1_mix1712,56,5,0,9,0,74.36
fold2_room1_mix1712,57,5,0,5,0,94.26
fold2_room1_mix1712,57,5,0,22,0,22.97
fold2_room1_mix1712,58,5,0,5,0,91.17
fold2_room1_mix1712,58,5,0,26,0,18.98
fold2_room1_mix1712,59,5,0,5,0,90.95
fold2_room1_mix1712,59,5,0,27,0,18.12
fold2_room1_mix1712,60,5,0,6,0,85.50
fold2_room1_mix1712,60,5,0,30,0,16.66
fold2_room1_mix1712,61,5,0,5,0,88.25
fold2_room1_mix1712,61,5,0,32,-1,15.30
fold2_room1_mix1712,62,5,0,4,0,91.32
fold2_room1_mix1712,62,5,0,45,-1,12.23
fold2_room1_mix1712,63,5,0,5,0,82.34
fold2_room1_mix1712,63,5,0,55,-1,9.59
fold2_room1_mix1712,64,5,0,5,0,78.07
fold2_room1_mix1712,64,5,0,62,-1,8.70
fold2_room1_mix1712,65,5,0,6,0,75.50
fold2_room1_mix1712,65,5,0,81,-2,8.27
fold2_room1_mix1712,66,5,0,7,0,77.59
fold2_room1_mix1712,66,5,0,104,-2,8.83
fold2_room1_mix1712,67,5,0,7,0,75.07
fold2_room1_mix1712,67,5,0,111,-2,8.71
fold2_room1_mix1712,68,5,0,7,0,76.90
fold2_room1_mix1712,68,5,0,124,-2,10.09
fold2_room1_mix1712,69,5,0,8,0,70.57
fold2_room1_mix1712,69,5,0,131,-1,10.89
fold2_room1_mix1712,70,5,0,8,0,70.20
fold2_room1_mix1712,70,5,0,139,-1,13.49
fold2_room1_mix1712,71,5,0,8,0,65.68
fold2_room1_mix1712,71,5,0,145,-1,15.60
fold2_room1_mix1712,72,5,0,8,0,62.76
fold2_room1_mix1712,72,5,0,149,-1,17.48
fold2_room1_mix1712,73,5,0,9,0,62.93
fold2_room1_mix1712,73,5,0,151,0,18.90
fold2_room1_mix1712,74,5,0,9,0,64.49
fold2_room1_mix1712,74,5,0,154,0,21.18
fold2_room1_mix1712,75,5,0,9,0,60.97
fold2_room1_mix1712,75,5,0,154,0,20.70
fold2_room1_mix1712,76,5,0,10,0,61.91
fold2_room1_mix1712,76,5,0,155,0,21.76
fold2_room1_mix1712,77,5,0,10,0,64.20
fold2_room1_mix1712,77,5,0,160,0,27.44
fold2_room1_mix1712,78,5,0,10,0,62.48
fold2_room1_mix1712,78,5,0,161,0,28.39
fold2_room1_mix1712,79,5,0,9,0,65.22
fold2_room1_mix1712,79,5,0,160,0,26.28
fold2_room1_mix1712,80,5,0,9,0,65.38
fold2_room1_mix1712,80,5,0,158,0,27.12
fold2_room1_mix1712,81,5,0,10,0,58.20
fold2_room1_mix1712,81,5,0,164,0,30.58
fold2_room1_mix1712,82,5,0,10,0,56.39
fold2_room1_mix1712,82,5,0,166,0,35.14
fold2_room1_mix1712,83,5,0,9,0,58.76
fold2_room1_mix1712,83,5,0,168,0,36.86
fold2_room1_mix1712,84,5,0,11,0,55.66
fold2_room1_mix1712,84,5,0,168,0,43.95
fold2_room1_mix1712,85,5,0,11,0,54.98
fold2_room1_mix1712,85,5,0,166,0,40.78
fold2_room1_mix1712,86,5,0,12,0,56.24
fold2_room1_mix1712,86,5,0,169,0,45.45
fold2_room1_mix1712,87,5,0,11,0,61.59
fold2_room1_mix1712,87,5,0,167,0,41.67
fold2_room1_mix1712,88,5,0,12,0,57.43
fold2_room1_mix1712,88,5,0,169,0,46.76
fold2_room1_mix1712,89,5,0,12,0,57.62
fold2_room1_mix1712,89,5,0,170,0,50.53
fold2_room1_mix1712,90,5,0,5,0,84.20
fold2_room1_mix1712,90,5,0,26,0,22.60
fold2_room1_mix1712,90,5,0,171,0,56.66
fold2_room1_mix1712,91,5,0,5,0,78.60
fold2_room1_mix1712,91,5,0,24,0,21.62
fold2_room1_mix1712,91,5,0,172,0,52.10
fold2_room1_mix1712,92,5,0,7,0,64.75
fold2_room1_mix1712,92,5,0,44,-1,16.36
fold2_room1_mix1712,92,5,0,171,0,60.64
fold2_room1_mix1712,93,5,0,6,0,63.79
fold2_room1_mix1712,93,5,0,46,0,15.28
fold2_room1_mix1712,93,5,0,172,0,62.70
fold2_room1_mix1712,94,5,0,6,0,65.98
fold2_room1_mix1712,94,5,0,46,-1,15.17
fold2_room1_mix1712,94,5,0,172,0,63.40
fold2_room1_mix1712,95,5,0,5,0,80.71
fold2_room1_mix1712,95,5,0,31,0,19.28
fold2_room1_mix1712,95,5,0,172,0,59.44
fold2_room1_mix1712,96,5,0,5,0,77.37
fold2_room1_mix1712,96,5,0,40,0,17.61
fold2_room1_mix1712,96,5,0,171,0,63.15
fold2_room1_mix1712,97,5,0,6,0,83.62
fold2_room1_mix1712,97,5,0,38,0,18.85
fold2_room1_mix1712,97,5,0,171,0,62.66
fold2_room1_mix1712,98,5,0,6,0,83.89
fold2_room1_mix1712,98,5,0,43,0,18.66
fold2_room1_mix1712,98,5,0,171,0,68.97
fold2_room1_mix1712,99,5,0,5,0,84.90
fold2_room1_mix1712,99,5,0,32,0,19.84
fold2_room1_mix1712,99,5,0,172,0,64.27
fold2_room1_mix1713,3,5,0,1,1,5.53
fold2_room1_mix1713,4,5,0,-4,0,25.50
fold2_room1_mix1713,5,5,0,-4,0,43.85
fold2_room1_mix1713,6,5,0,-5,0,50.66
fold2_room1_mix1713,7,5,0,-4,0,76.20
fold2_room1_mix1713,8,5,0,-4,0,88.93
fold2_room1_mix1713,9,5,0,-4,0,88.81
fold2_room1_mix1713,10,5,0,-6,0,81.79
fold2_room1_mix1713,11,5,0,-5,0,85.98
fold2_room1_mix1713,12,5,0,-5,0,85.26
fold2_room1_mix1713,13,5,0,-5,0,84.40
fold2_room1_mix1713,14,5,0,-5,0,89.38
fold2_room1_mix1713,15,5,0,-6,0,84.62
fold2_room1_mix1713,16,5,0,-7,0,84.61
fold2_room1_mix1713,17,5,0,-7,0,82.04
fold2_room1_mix1713,18,5,0,-7,0,82.03
fold2_room1_mix1713,19,5,0,-7,0,82.75
fold2_room1_mix1713,20,5,0,-8,0,79.62
fold2_room1_mix1713,21,5,0,-8,0,80.49
fold2_room1_mix1713,22,5,0,-8,0,79.76
fold2_room1_mix1713,23,5,0,-8,0,78.21
fold2_room1_mix1713,24,5,0,-8,0,80.04
fold2_room1_mix1713,25,5,0,-7,0,78.28
fold2_room1_mix1713,26,5,0,-8,0,75.72
fold2_room1_mix1713,27,5,0,-8,0,78.90
fold2_room1_mix1713,28,5,0,-8,0,75.16
fold2_room1_mix1713,29,5,0,-8,0,72.89
fold2_room1_mix1713,30,5,0,-8,0,72.64
fold2_room1_mix1713,31,5,0,-8,0,72.42
fold2_room1_mix1713,32,5,0,-3,0,94.07
fold2_room1_mix1713,32,5,0,-20,0,17.91
fold2_room1_mix1713,33,5,0,-2,0,90.83
fold2_room1_mix1713,33,5,0,-22,0,16.01
fold2_room1_mix1713,34,5,0,-3,0,87.30
fold2_room1_mix1713,34,5,0,-24,0,14.84
fold2_room1_mix1713,35,5,0,-3,0,86.49
fold2_room1_mix1713,35,5,0,-25,0,13.97
fold2_room1_mix1713,36,5,0,-3,0,83.62
fold2_room1_mix1713,36,5,0,-30,0,12.37
fold2_room1_mix1713,37,5,0,-3,0,83.46
fold2_room1_mix1713,37,5,0,-36,0,11.38
fold2_room1_mix1713,38,5,0,-3,0,82.70
fold2_room1_mix1713,38,5,0,-37,0,10.97
fold2_room1_mix1713,39,5,0,-3,0,86.06
fold2_room1_mix1713,39,5,0,-45,-1,9.97
fold2_room1_mix1713,40,5,0,-4,0,89.05
fold2_room1_mix1713,40,5,0,-55,-1,8.78
fold2_room1_mix1713,41,5,0,-5,0,79.67
fold2_room1_mix1713,41,5,0,-62,-1,7.45
fold2_room1_mix1713,42,5,0,-5,0,78.71
fold2_room1_mix1713,42,5,0,-68,-1,7.09
fold2_room1_mix1713,43,5,0,-5,0,77.36
fold2_room1_mix1713,43,5,0,-99,-1,6.94
fold2_room1_mix1713,44,5,0,-6,0,75.88
fold2_room1_mix1713,44,5,0,-102,-1,6.87
fold2_room1_mix1713,45,5,0,-4,0,79.14
fold2_room1_mix1713,45,5,0,-123,-1,8.63
fold2_room1_mix1713,46,5,0,-5,0,78.01
fold2_room1_mix1713,46,5,0,-127,-1,9.03
fold2_room1_mix1713,47,5,0,-5,0,73.50
fold2_room1_mix1713,47,5,0,-134,-1,10.19
fold2_room1_mix1713,48,5,0,-5,0,74.67
fold2_room1_mix1713,48,5,0,-133,0,10.47
fold2_room1_mix1713,49,5,0,-6,0,70.68
fold2_room1_mix1713,49,5,0,-137,0,11.53
fold2_room1_mix1713,50,5,0,-7,0,64.78
fold2_room1_mix1713,50,5,0,-147,0,13.47
fold2_room1_mix1713,51,5,0,-6,0,70.00
fold2_room1_mix1713,51,5,0,-144,0,13.98
fold2_room1_mix1713,52,5,0,-8,0,61.94
fold2_room1_mix1713,52,5,0,-150,0,16.36
fold2_room1_mix1713,53,5,0,-7,0,65.01
fold2_room1_mix1713,53,5,0,-152,0,16.60
fold2_room1_mix1713,54,5,0,-8,0,62.86
fold2_room1_mix1713,54,5,0,-153,0,17.74
fold2_room1_mix1713,55,5,0,-7,0,59.28
fold2_room1_mix1713,55,5,0,-157,0,20.25
fold2_room1_mix1713,56,5,0,-8,0,57.59
fold2_room1_mix1713,56,5,0,-158,0,21.18
fold2_room1_mix1713,57,5,0,-8,0,56.99
fold2_room1_mix1713,57,5,0,-159,0,22.32
fold2_room1_mix1713,58,5,0,-9,0,51.56
fold2_room1_mix1713,58,5,0,-163,0,26.78
fold2_room1_mix1713,59,5,0,-8,0,54.30
fold2_room1_mix1713,59,5,0,-162,0,25.00
fold2_room1_mix1713,60,5,0,-8,0,52.92
fold2_room1_mix1713,60,5,0,-162,0,25.33
fold2_room1_mix1713,61,5,0,-9,0,49.13
fold2_room1_mix1713,61,5,0,-163,0,28.64
fold2_room1_mix1713,62,5,0,-9,0,47.91
fold2_room1_mix1713,62,5,0,-165,0,30.48
fold2_room1_mix1713,63,5,0,-8,0,52.12
fold2_room1_mix1713,63,5,0,-165,0,28.75
fold2_room1_mix1713,64,5,0,-10,0,48.81
fold2_room1_mix1713,64,5,0,-167,0,33.82
fold2_room1_mix1713,65,5,0,-8,0,53.69
fold2_room1_mix1713,65,5,0,-165,0,29.78
fold2_room1_mix1713,66,5,0,-3,0,69.61
fold2_room1_mix1713,66,5,0,-18,0,23.89
fold2_room1_mix1713,66,5,0,-167,0,34.30
fold2_room1_mix1713,67,5,0,-10,0,45.81
fold2_room1_mix1713,67,5,0,-166,0,32.45
fold2_room1_mix1713,68,5,0,-4,0,63.82
fold2_room1_mix1713,68,5,0,-22,0,20.70
fold2_room1_mix1713,68,5,0,-166,0,34.96
fold2_room1_mix1713,69,5,0,-4,0,66.00
fold2_room1_mix1713,69,5,0,-20,0,22.83
fold2_room1_mix1713,69,5,0,-165,0,33.95
fold2_room1_mix1713,70,5,0,-3,0,71.02
fold2_room1_mix1713,70,5,0,-19,0,23.79
fold2_room1_mix1713,70,5,0,-166,0,34.90
fold2_room1_mix1713,71,5,0,-4,0,74.54
fold2_room1_mix1713,71,5,0,-19,0,23.69
fold2_room1_mix1713,71,5,0,-167,0,37.03
fold2_room1_mix1713,72,5,0,-5,0,61.84
fold2_room1_mix1713,72,5,0,-29,0,17.92
fold2_room1_mix1713,72,5,0,-168,0,42.26
fold2_room1_mix1713,73,5,0,-10,0,51.81
fold2_room1_mix1713,73,5,0,-167,0,37.18
fold2_room1_mix1713,74,5,0,-3,0,78.23
fold2_room1_mix1713,74,5,0,-19,0,25.18
fold2_room1_mix1713,74,5,0,-166,0,37.45
fold2_room1_mix1713,75,5,0,-9,0,52.59
fold2_room1_mix1713,75,5,0,-167,0,37.34
fold2_room1_mix1713,76,5,0,-3,0,80.46
fold2_room1_mix1713,76,5,0,-20,0,24.46
fold2_room1_mix1713,76,5,0,-167,0,42.07
fold2_room1_mix1713,77,5,0,-2,0,75.25
fold2_room1_mix1713,77,5,0,-21,0,21.84
fold2_room1_mix1713,77,5,0,-169,0,44.52
fold2_room1_mix1713,78,5,0,-2,0,67.03
fold2_room1_mix1713,78,5,0,-30,0,16.73
fold2_room1_mix1713,78,5,0,-171,0,51.98
fold2_room1_mix1713,79,5,0,-3,0,61.93
fold2_room1_mix1713,79,5,0,-32,0,15.83
fold2_room1_mix1713,79,5,0,-170,0,51.69
fold2_room1_mix1713,80,5,0,-2,0,63.45
fold2_room1_mix1713,80,5,0,-32,0,16.40
fold2_room1_mix1713,80,5,0,-170,0,51.55
fold2_room1_mix1713,81,5,0,-2,0,72.59
fold2_room1_mix1713,81,5,0,-21,0,19.89
fold2_room1_mix1713,81,5,0,-171,0,48.56
fold2_room1_mix1713,82,5,0,-3,0,67.13
fold2_room1_mix1713,82,5,0,-28,0,16.66
fold2_room1_mix1713,82,5,0,-171,0,54.51
fold2_room1_mix1713,83,5,0,-2,0,67.96
fold2_room1_mix1713,83,5,0,-24,0,18.82
fold2_room1_mix1713,83,5,0,-172,0,49.79
fold2_room1_mix1713,84,5,0,-3,0,68.22
fold2_room1_mix1713,84,5,0,-27,0,17.27
fold2_room1_mix1713,84,5,0,-171,0,56.09
fold2_room1_mix1713,85,5,0,-3,0,65.90
fold2_room1_mix1713,85,5,0,-28,0,17.10
fold2_room1_mix1713,85,5,0,-170,0,52.03
fold2_room1_mix1713,86,5,0,-3,0,64.29
fold2_room1_mix1713,86,5,0,-32,-1,15.64
fold2_room1_mix1713,86,5,0,-172,0,57.61
fold2_room1_mix1713,87,5,0,-6,0,50.51
fold2_room1_mix1713,87,5,0,-53,-1,12.02
fold2_room1_mix1713,87,5,0,-172,0,62.40
fold2_room1_mix1713,88,5,0,-5,0,55.85
fold2_room1_mix1713,88,5,0,-50,-1,12.23
fold2_room1_mix1713,88,5,0,-172,0,61.26
fold2_room1_mix1713,89,5,0,-7,0,45.23
fold2_room1_mix1713,89,5,0,-69,-1,11.09
fold2_room1_mix1713,89,5,0,-173,0,63.65
fold2_room1_mix1713,90,5,0,-8,0,45.78
fold2_room1_mix1713,90,5,0,-85,-2,13.01
fold2_room1_mix1713,90,5,0,-173,0,78.34
fold2_room1_mix1713,91,5,0,-7,0,46.70
fold2_room1_mix1713,91,5,0,-100,-1,12.07
fold2_room1_mix1713,91,5,0,-174,0,73.66
fold2_room1_mix1713,92,5,0,-6,0,48.34
fold2_room1_mix1713,92,5,0,-92,-1,12.01
fold2_room1_mix1713,92,5,0,-174,0,73.68
fold2_room1_mix1713,93,5,0,-8,0,41.81
fold2_room1_mix1713,93,5,0,-123,-1,13.04
fold2_room1_mix1713,93,5,0,-174,0,75.97
fold2_room1_mix1713,94,5,0,-4,0,53.35
fold2_room1_mix1713,94,5,0,-110,-1,12.22
fold2_room1_mix1713,94,5,0,-176,0,78.29
fold2_room1_mix1713,95,5,0,-8,0,36.61
fold2_room1_mix1713,95,5,0,-143,0,15.23
fold2_room1_mix1713,95,5,0,-175,0,85.80
fold2_room1_mix1713,96,5,0,-6,0,43.45
fold2_room1_mix1713,96,5,0,-131,-1,13.57
fold2_room1_mix1713,96,5,0,-175,0,80.62
fold2_room1_mix1713,97,5,0,-5,0,47.93
fold2_room1_mix1713,97,5,0,-123,-1,12.23
fold2_room1_mix1713,97,5,0,-176,0,77.39
fold2_room1_mix1713,98,5,0,-3,0,51.38
fold2_room1_mix1713,98,5,0,-121,-1,11.56
fold2_room1_mix1713,98,5,0,-177,0,77.23
fold2_room1_mix1713,99,5,0,-7,0,37.07
fold2_room1_mix1713,99,5,0,-141,0,13.66
fold2_room1_mix1713,99,5,0,-177,0,79.84
fold2_room1_mix1714,5,5,0,179,1,7.78
fold2_room1_mix1714,6,5,0,177,1,26.38
fold2_room1_mix1714,7,5,0,178,0,46.91
fold2_room1_mix1714,8,5,0,178,0,76.56
fold2_room1_mix1714,9,5,0,179,0,108.58
fold2_room1_mix1714,10,5,0,177,0,105.81
fold2_room1_mix1714,11,5,0,179,0,106.41
fold2_room1_mix1714,12,5,0,179,0,105.55
fold2_room1_mix1714,13,5,0,179,0,106.50
fold2_room1_mix1714,14,5,0,-179,0,107.48
fold2_room1_mix1714,15,5,0,-179,0,110.02
fold2_room1_mix1714,16,5,0,-179,0,107.93
fold2_room1_mix1714,17,5,0,-179,0,107.53
fold2_room1_mix1714,18,5,0,-179,0,107.03
fold2_room1_mix1714,19,5,0,-178,0,110.08
fold2_room1_mix1714,20,5,0,-178,0,105.48
fold2_room1_mix1714,21,5,0,-178,0,111.72
fold2_room1_mix1714,22,5,0,-178,0,108.41
fold2_room1_mix1714,23,5,0,-179,0,101.15
fold2_room1_mix1714,24,5,0,-178,0,101.93
fold2_room1_mix1714,25,5,0,-178,0,99.94
fold2_room1_mix1714,26,5,0,-177,0,94.58
fold2_room1_mix1714,27,5,0,-177,0,96.95
fold2_room1_mix1714,28,5,0,-176,0,97.13
fold2_room1_mix1714,29,5,0,-177,0,95.09
fold2_room1_mix1714,30,5,0,-176,0,92.31
fold2_room1_mix1714,31,5,0,-175,0,91.02
fold2_room1_mix1714,32,5,0,-174,0,89.77
fold2_room1_mix1714,33,5,0,-173,0,87.99
fold2_room1_mix1714,34,5,0,-173,0,84.77
fold2_room1_mix1714,35,5,0,-171,0,81.55
fold2_room1_mix1714,36,5,0,-171,0,82.13
fold2_room1_mix1714,37,5,0,-170,0,80.62
fold2_room1_mix1714,38,5,0,-160,0,22.46
fold2_room1_mix1714,38,5,0,-175,0,108.90
fold2_room1_mix1714,39,5,0,-158,0,20.27
fold2_room1_mix1714,39,5,0,-175,0,105.64
fold2_room1_mix1714,40,5,0,-154,-1,16.97
fold2_room1_mix1714,40,5,0,-175,0,105.40
fold2_room1_mix1714,41,5,0,-149,-1,14.25
fold2_room1_mix1714,41,5,0,-174,0,98.38
fold2_room1_mix1714,42,5,0,-144,-1,12.00
fold2_room1_mix1714,42,5,0,-175,0,99.01
fold2_room1_mix1714,43,5,0,-137,-1,10.21
fold2_room1_mix1714,43,5,0,-175,0,97.31
fold2_room1_mix1714,44,5,0,-121,-2,7.41
fold2_room1_mix1714,44,5,0,-175,0,96.29
fold2_room1_mix1714,45,5,0,-110,-2,6.42
fold2_room1_mix1714,45,5,0,-174,0,93.68
fold2_room1_mix1714,46,5,0,-94,-2,6.21
fold2_room1_mix1714,46,5,0,-174,0,92.09
fold2_room1_mix1714,47,5,0,-71,-2,6.98
fold2_room1_mix1714,47,5,0,-174,0,93.30
fold2_room1_mix1714,48,5,0,-51,-2,7.63
fold2_room1_mix1714,48,5,0,-174,0,90.97
fold2_room1_mix1714,49,5,0,-45,-2,8.52
fold2_room1_mix1714,49,5,0,-175,0,95.00
fold2_room1_mix1714,50,5,0,-32,-1,10.42
fold2_room1_mix1714,50,5,0,-175,0,84.65
fold2_room1_mix1714,51,5,0,-32,-1,10.72
fold2_room1_mix1714,51,5,0,-175,0,81.68
fold2_room1_mix1714,52,5,0,-23,-1,12.33
fold2_room1_mix1714,52,5,0,-174,0,78.64
fold2_room1_mix1714,53,5,0,-17,-1,15.00
fold2_room1_mix1714,53,5,0,-174,0,74.55
fold2_room1_mix1714,54,5,0,-14,0,17.65
fold2_room1_mix1714,54,5,0,-173,0,68.80
fold2_room1_mix1714,55,5,0,-15,0,17.39
fold2_room1_mix1714,55,5,0,-174,0,74.46
fold2_room1_mix1714,56,5,0,-12,0,21.08
fold2_room1_mix1714,56,5,0,-169,0,59.70
fold2_room1_mix1714,57,5,0,-12,0,21.17
fold2_room1_mix1714,57,5,0,-171,0,66.97
fold2_room1_mix1714,58,5,0,-8,0,25.43
fold2_room1_mix1714,58,5,0,-172,0,66.55
fold2_room1_mix1714,59,5,0,-9,0,25.62
fold2_room1_mix1714,59,5,0,-169,0,58.51
fold2_room1_mix1714,60,5,0,-8,0,28.42
fold2_room1_mix1714,60,5,0,-159,0,25.39
fold2_room1_mix1714,60,5,0,-175,0,81.83
fold2_room1_mix1714,61,5,0,-7,0,29.25
fold2_room1_mix1714,61,5,0,-161,0,26.44
fold2_room1_mix1714,61,5,0,-176,0,86.66
fold2_room1_mix1714,62,5,0,-7,0,30.59
fold2_room1_mix1714,62,5,0,-155,0,20.41
fold2_room1_mix1714,62,5,0,-175,0,74.15
fold2_room1_mix1714,63,5,0,-6,0,34.44
fold2_room1_mix1714,63,5,0,-152,0,20.00
fold2_room1_mix1714,63,5,0,-176,0,78.89
fold2_room1_mix1714,64,5,0,-5,0,40.55
fold2_room1_mix1714,64,5,0,-144,-1,15.12
fold2_room1_mix1714,64,5,0,-175,0,69.46
fold2_room1_mix1714,65,5,0,-7,0,42.23
fold2_room1_mix1714,65,5,0,-138,-1,14.15
fold2_room1_mix1714,65,5,0,-175,0,65.75
fold2_room1_mix1714,66,5,0,-7,0,41.17
fold2_room1_mix1714,66,5,0,-151,-1,21.04
fold2_room1_mix1714,66,5,0,-176,0,88.08
fold2_room1_mix1714,67,5,0,-6,0,41.48
fold2_room1_mix1714,67,5,0,-145,-1,17.16
fold2_room1_mix1714,67,5,0,-175,0,74.99
fold2_room1_mix1714,68,5,0,-8,0,41.37
fold2_room1_mix1714,68,5,0,-112,-1,12.27
fold2_room1_mix1714,68,5,0,-171,0,47.86
fold2_room1_mix1714,69,5,0,-8,0,43.62
fold2_room1_mix1714,69,5,0,-73,-1,11.43
fold2_room1_mix1714,69,5,0,-167,0,35.05
fold2_room1_mix1714,70,5,0,-7,0,49.32
fold2_room1_mix1714,70,5,0,-44,-1,13.34
fold2_room1_mix1714,70,5,0,-161,0,26.44
fold2_room1_mix1714,71,5,0,-6,0,46.96
fold2_room1_mix1714,71,5,0,-79,-1,10.66
fold2_room1_mix1714,71,5,0,-171,0,46.11
fold2_room1_mix1714,72,5,0,-5,0,53.81
fold2_room1_mix1714,72,5,0,-43,0,12.76
fold2_room1_mix1714,72,5,0,-164,0,31.29
fold2_room1_mix1714,73,5,0,-6,0,51.70
fold2_room1_mix1714,73,5,0,-48,-1,10.90
fold2_room1_mix1714,73,5,0,-167,0,36.52
fold2_room1_mix1714,74,5,0,-7,0,56.94
fold2_room1_mix1714,74,5,0,-28,0,17.08
fold2_room1_mix1714,74,5,0,-154,0,19.50
fold2_room1_mix1714,75,5,0,-5,0,61.33
fold2_room1_mix1714,75,5,0,-26,0,18.53
fold2_room1_mix1714,75,5,0,-157,0,21.01
fold2_room1_mix1714,76,5,0,-5,0,68.04
fold2_room1_mix1714,76,5,0,-23,0,21.25
fold2_room1_mix1714,76,5,0,-156,0,21.28
fold2_room1_mix1714,77,5,0,-5,0,67.05
fold2_room1_mix1714,77,5,0,-22,0,20.28
fold2_room1_mix1714,77,5,0,-148,0,16.43
fold2_room1_mix1714,78,5,0,-5,0,70.57
fold2_room1_mix1714,78,5,0,-20,0,22.13
fold2_room1_mix1714,78,5,0,-146,0,15.76
fold2_room1_mix1714,79,5,0,-10,0,52.90
fold2_room1_mix1714,79,5,0,-132,-1,10.73
fold2_room1_mix1714,80,5,0,-3,0,81.56
fold2_room1_mix1714,80,5,0,-18,0,26.71
fold2_room1_mix1714,80,5,0,-136,-1,12.37
fold2_room1_mix1714,81,5,0,-10,0,54.21
fold2_room1_mix1714,81,5,0,-108,-1,7.05
fold2_room1_mix1714,82,5,0,-10,0,56.27
fold2_room1_mix1714,82,5,0,-84,-1,6.94
fold2_room1_mix1714,83,5,0,-11,0,55.59
fold2_room1_mix1714,83,5,0,-71,-1,7.31
fold2_room1_mix1714,84,5,0,-10,0,57.38
fold2_room1_mix1714,84,5,0,-56,-1,8.68
fold2_room1_mix1714,85,5,0,-9,0,58.35
fold2_room1_mix1714,85,5,0,-45,-1,10.49
fold2_room1_mix1714,86,5,0,-7,0,64.68
fold2_room1_mix1714,86,5,0,-37,-1,12.71
fold2_room1_mix1714,87,5,0,-8,0,61.11
fold2_room1_mix1714,87,5,0,-32,-1,14.15
fold2_room1_mix1714,88,5,0,-6,0,66.27
fold2_room1_mix1714,88,5,0,-26,-1,17.66
fold2_room1_mix1714,89,5,0,-11,0,52.63
fold2_room1_mix1714,90,5,0,-10,0,53.01
fold2_room1_mix1714,91,5,0,-9,0,55.04
fold2_room1_mix1714,92,5,0,-8,0,59.73
fold2_room1_mix1714,93,5,0,-8,0,60.72
fold2_room1_mix1714,94,5,0,-8,0,61.27
fold2_room1_mix1714,95,5,0,-8,0,63.92
fold2_room1_mix1714,96,5,0,-8,0,63.53
fold2_room1_mix1714,97,5,0,-8,0,64.24
fold2_room1_mix1714,98,5,0,-7,0,68.82
fold2_room1_mix1714,99,5,0,-6,0,70.71
fold2_room1_mix1715,4,5,0,-177,1,12.60
fold2_room1_mix1715,5,5,0,-179,0,33.32
fold2_room1_mix1715,6,5,0,179,0,46.37
fold2_room1_mix1715,7,5,0,-179,0,81.38
fold2_room1_mix1715,8,5,0,-179,0,101.75
fold2_room1_mix1715,9,5,0,178,0,94.01
fold2_room1_mix1715,10,5,0,179,0,91.14
fold2_room1_mix1715,11,5,0,-179,0,90.51
fold2_room1_mix1715,12,5,0,-179,0,85.16
fold2_room1_mix1715,13,5,0,-179,0,84.80
fold2_room1_mix1715,14,5,0,-178,0,84.20
fold2_room1_mix1715,15,5,0,-179,0,85.88
fold2_room1_mix1715,16,5,0,-179,0,84.31
fold2_room1_mix1715,17,5,0,-178,0,82.27
fold2_room1_mix1715,18,5,0,-177,0,80.91
fold2_room1_mix1715,19,5,0,-176,0,80.79
fold2_room1_mix1715,20,5,0,-176,0,81.95
fold2_room1_mix1715,21,5,0,-176,0,80.16
fold2_room1_mix1715,22,5,0,-175,0,76.48
fold2_room1_mix1715,23,5,0,-176,0,78.24
fold2_room1_mix1715,24,5,0,-175,0,77.32
fold2_room1_mix1715,25,5,0,-175,0,74.30
fold2_room1_mix1715,26,5,0,-172,0,74.34
fold2_room1_mix1715,27,5,0,-171,0,77.23
fold2_room1_mix1715,28,5,0,-172,0,71.90
fold2_room1_mix1715,29,5,0,-172,0,73.43
fold2_room1_mix1715,30,5,0,-171,0,71.44
fold2_room1_mix1715,31,5,0,-171,0,68.75
fold2_room1_mix1715,32,5,0,-170,0,69.18
fold2_room1_mix1715,33,5,0,-170,0,65.40
fold2_room1_mix1715,34,5,0,-157,0,17.44
fold2_room1_mix1715,34,5,0,-174,0,87.18
fold2_room1_mix1715,35,5,0,-155,0,16.86
fold2_room1_mix1715,35,5,0,-174,0,89.92
fold2_room1_mix1715,36,5,0,-150,0,13.85
fold2_room1_mix1715,36,5,0,-174,0,84.81
fold2_room1_mix1715,37,5,0,-144,-1,11.91
fold2_room1_mix1715,37,5,0,-174,0,82.56
fold2_room1_mix1715,38,5,0,-140,-1,10.49
fold2_room1_mix1715,38,5,0,-174,0,80.05
fold2_room1_mix1715,39,5,0,-131,-1,8.47
fold2_room1_mix1715,39,5,0,-174,0,81.76
fold2_room1_mix1715,40,5,0,-125,-1,7.35
fold2_room1_mix1715,40,5,0,-174,0,80.78
fold2_room1_mix1715,41,5,0,-106,-2,5.91
fold2_room1_mix1715,41,5,0,-174,0,77.87
fold2_room1_mix1715,42,5,0,-98,-2,6.18
fold2_room1_mix1715,42,5,0,-173,0,76.31
fold2_room1_mix1715,43,5,0,-81,-2,6.42
fold2_room1_mix1715,43,5,0,-173,0,78.88
fold2_room1_mix1715,44,5,0,-65,-2,6.68
fold2_room1_mix1715,44,5,0,-172,0,74.70
fold2_room1_mix1715,45,5,0,-56,-1,7.79
fold2_room1_mix1715,45,5,0,-171,0,75.48
fold2_room1_mix1715,46,5,0,-49,-1,8.12
fold2_room1_mix1715,46,5,0,-172,0,73.79
fold2_room1_mix1715,47,5,0,-39,-1,9.14
fold2_room1_mix1715,47,5,0,-172,0,70.29
fold2_room1_mix1715,48,5,0,-34,-1,10.21
fold2_room1_mix1715,48,5,0,-172,0,66.68
fold2_room1_mix1715,49,5,0,-34,-1,10.86
fold2_room1_mix1715,49,5,0,-170,0,63.73
fold2_room1_mix1715,50,5,0,-29,-1,11.36
fold2_room1_mix1715,50,5,0,-171,0,60.16
fold2_room1_mix1715,51,5,0,-25,0,13.12
fold2_room1_mix1715,51,5,0,-170,0,60.10
fold2_room1_mix1715,52,5,0,-20,0,15.00
fold2_room1_mix1715,52,5,0,-170,0,61.39
fold2_room1_mix1715,53,5,0,-19,0,16.14
fold2_room1_mix1715,53,5,0,-171,0,59.41
fold2_room1_mix1715,54,5,0,-18,0,16.91
fold2_room1_mix1715,54,5,0,-169,0,54.67
fold2_room1_mix1715,55,5,0,-15,0,19.89
fold2_room1_mix1715,55,5,0,-167,0,50.45
fold2_room1_mix1715,56,5,0,-16,0,19.91
fold2_room1_mix1715,56,5,0,-169,0,54.35
fold2_room1_mix1715,57,5,0,-14,0,21.84
fold2_room1_mix1715,57,5,0,-157,0,23.33
fold2_room1_mix1715,57,5,0,-173,0,67.39
fold2_room1_mix1715,58,5,0,-13,0,23.79
fold2_room1_mix1715,58,5,0,-167,0,49.08
fold2_room1_mix1715,59,5,0,-11,0,24.96
fold2_room1_mix1715,59,5,0,-155,0,19.71
fold2_room1_mix1715,59,5,0,-173,0,63.16
fold2_room1_mix1715,60,5,0,-10,0,27.59
fold2_room1_mix1715,60,5,0,-150,0,16.98
fold2_room1_mix1715,60,5,0,-172,0,58.74
fold2_room1_mix1715,61,5,0,-12,0,26.81
fold2_room1_mix1715,61,5,0,-150,0,17.36
fold2_room1_mix1715,61,5,0,-172,0,58.83
fold2_room1_mix1715,62,5,0,-10,0,26.26
fold2_room1_mix1715,62,5,0,-153,0,18.88
fold2_room1_mix1715,62,5,0,-173,0,63.52
fold2_room1_mix1715,63,5,0,-9,0,30.58
fold2_room1_mix1715,63,5,0,-149,0,17.36
fold2_room1_mix1715,63,5,0,-173,0,65.52
fold2_room1_mix1715,64,5,0,-8,0,34.70
fold2_room1_mix1715,64,5,0,-138,-1,12.55
fold2_room1_mix1715,64,5,0,-171,0,53.44
fold2_room1_mix1715,65,5,0,-7,0,34.45
fold2_room1_mix1715,65,5,0,-147,0,15.88
fold2_room1_mix1715,65,5,0,-174,0,66.43
fold2_room1_mix1715,66,5,0,-7,0,36.72
fold2_room1_mix1715,66,5,0,-140,0,13.14
fold2_room1_mix1715,66,5,0,-173,0,59.73
fold2_room1_mix1715,67,5,0,-9,0,38.08
fold2_room1_mix1715,67,5,0,-137,0,12.44
fold2_room1_mix1715,67,5,0,-172,0,56.56
fold2_room1_mix1715,68,5,0,-7,0,37.95
fold2_room1_mix1715,68,5,0,-127,-1,10.77
fold2_room1_mix1715,68,5,0,-172,0,49.92
fold2_room1_mix1715,69,5,0,-8,0,37.65
fold2_room1_mix1715,69,5,0,-140,0,13.77
fold2_room1_mix1715,69,5,0,-172,0,59.37
fold2_room1_mix1715,70,5,0,-7,0,41.27
fold2_room1_mix1715,70,5,0,-134,-1,12.14
fold2_room1_mix1715,70,5,0,-173,0,56.03
fold2_room1_mix1715,71,5,0,-6,0,44.20
fold2_room1_mix1715,71,5,0,-125,-1,11.28
fold2_room1_mix1715,71,5,0,-174,0,51.45
fold2_room1_mix1715,72,5,0,-7,0,42.73
fold2_room1_mix1715,72,5,0,-104,-1,9.82
fold2_room1_mix1715,72,5,0,-171,0,41.49
fold2_room1_mix1715,73,5,0,-6,0,42.65
fold2_room1_mix1715,73,5,0,-121,-1,9.81
fold2_room1_mix1715,73,5,0,-172,0,47.23
fold2_room1_mix1715,74,5,0,-5,0,45.89
fold2_room1_mix1715,74,5,0,-116,-1,9.30
fold2_room1_mix1715,74,5,0,-172,0,46.80
fold2_room1_mix1715,75,5,0,-5,0,47.07
fold2_room1_mix1715,75,5,0,-118,-1,9.04
fold2_room1_mix1715,75,5,0,-173,0,48.91
fold2_room1_mix1715,76,5,0,-6,0,47.57
fold2_room1_mix1715,76,5,0,-84,-1,8.73
fold2_room1_mix1715,76,5,0,-169,0,40.95
fold2_room1_mix1715,77,5,0,-3,0,50.73
fold2_room1_mix1715,77,5,0,-98,-1,8.83
fold2_room1_mix1715,77,5,0,-172,0,49.27
fold2_room1_mix1715,78,5,0,-4,0,51.76
fold2_room1_mix1715,78,5,0,-89,-1,8.68
fold2_room1_mix1715,78,5,0,-172,0,48.45
fold2_room1_mix1715,79,5,0,-4,0,53.09
fold2_room1_mix1715,79,5,0,-67,-1,9.30
fold2_room1_mix1715,79,5,0,-172,0,47.74
fold2_room1_mix1715,80,5,0,-4,0,52.34
fold2_room1_mix1715,80,5,0,-81,-1,9.08
fold2_room1_mix1715,80,5,0,-173,0,50.01
fold2_room1_mix1715,81,5,0,-3,0,54.70
fold2_room1_mix1715,81,5,0,-72,-2,9.44
fold2_room1_mix1715,81,5,0,-174,0,50.51
fold2_room1_mix1715,82,5,0,-3,0,57.15
fold2_room1_mix1715,82,5,0,-67,-1,10.48
fold2_room1_mix1715,82,5,0,-173,0,49.29
fold2_room1_mix1715,83,5,0,-3,0,57.35
fold2_room1_mix1715,83,5,0,-64,-1,10.62
fold2_room1_mix1715,83,5,0,-173,0,48.98
fold2_room1_mix1715,84,5,0,-5,0,56.88
fold2_room1_mix1715,84,5,0,-48,-1,11.62
fold2_room1_mix1715,84,5,0,-169,0,38.95
fold2_room1_mix1715,85,5,0,-4,0,60.10
fold2_room1_mix1715,85,5,0,-40,0,12.92
fold2_room1_mix1715,85,5,0,-167,0,33.68
fold2_room1_mix1715,86,5,0,-3,0,64.72
fold2_room1_mix1715,86,5,0,-46,-1,12.02
fold2_room1_mix1715,86,5,0,-171,0,44.87
fold2_room1_mix1715,87,5,0,-2,0,68.07
fold2_room1_mix1715,87,5,0,-42,-1,13.49
fold2_room1_mix1715,87,5,0,-170,0,43.38
fold2_room1_mix1715,88,5,0,-2,0,69.33
fold2_room1_mix1715,88,5,0,-36,0,14.70
fold2_room1_mix1715,88,5,0,-167,0,38.59
fold2_room1_mix1715,89,5,0,-2,0,67.93
fold2_room1_mix1715,89,5,0,-40,0,13.91
fold2_room1_mix1715,89,5,0,-170,0,44.41
fold2_room1_mix1715,90,5,0,-1,0,76.38
fold2_room1_mix1715,90,5,0,-29,0,18.32
fold2_room1_mix1715,90,5,0,-168,0,37.22
fold2_room1_mix1715,91,5,0,-1,0,80.47
fold2_room1_mix1715,91,5,0,-27,0,19.13
fold2_room1_mix1715,91,5,0,-169,0,38.98
fold2_room1_mix1715,92,5,0,0,0,81.72
fold2_room1_mix1715,92,5,0,-20,0,22.02
fold2_room1_mix1715,92,5,0,-169,0,32.54
fold2_room1_mix1715,93,5,0,-1,0,80.62
fold2_room1_mix1715,93,5,0,-26,0,19.11
fold2_room1_mix1715,93,5,0,-169,0,39.62
fold2_room1_mix1715,94,5,0,-2,0,78.84
fold2_room1_mix1715,94,5,0,-23,0,20.83
fold2_room1_mix1715,94,5,0,-166,0,30.28
fold2_room1_mix1715,95,5,0,-2,0,81.19
fold2_room1_mix1715,95,5,0,-20,0,22.21
fold2_room1_mix1715,95,5,0,-158,0,24.52
fold2_room1_mix1715,96,5,0,-2,0,77.35
fold2_room1_mix1715,96,5,0,-27,0,19.52
fold2_room1_mix1715,96,5,0,-166,0,34.51
fold2_room1_mix1715,97,5,0,-2,0,81.08
fold2_room1_mix1715,97,5,0,-22,0,21.13
fold2_room1_mix1715,97,5,0,-162,0,28.70
fold2_room1_mix1715,98,5,0,-1,0,86.29
fold2_room1_mix1715,98,5,0,-17,0,25.15
fold2_room1_mix1715,98,5,0,-160,0,23.19
fold2_room1_mix1715,99,5,0,-1,0,82.79
fold2_room1_mix1715,99,5,0,-22,0,21.45
fold2_room1_mix1715,99,5,0,-164,0,32.80
fold2_room1_mix1716,3,5,0,178,2,8.55
fold2_room1_mix1716,4,5,0,178,1,20.74
fold2_room1_mix1716,5,5,0,178,0,33.27
fold2_room1_mix1716,6,5,0,179,0,40.82
fold2_room1_mix1716,7,5,0,-177,0,74.15
fold2_room1_mix1716,8,5,0,-179,0,101.35
fold2_room1_mix1716,9,5,0,179,0,93.52
fold2_room1_mix1716,10,5,0,-179,0,93.21
fold2_room1_mix1716,11,5,0,-179,0,89.55
fold2_room1_mix1716,12,5,0,-179,0,87.64
fold2_room1_mix1716,13,5,0,-177,0,87.39
fold2_room1_mix1716,14,5,0,-179,0,85.36
fold2_room1_mix1716,15,5,0,-178,0,88.00
fold2_room1_mix1716,16,5,0,-178,0,84.92
fold2_room1_mix1716,17,5,0,-177,0,83.26
fold2_room1_mix1716,18,5,0,-177,0,84.86
fold2_room1_mix1716,19,5,0,-177,0,85.36
fold2_room1_mix1716,20,5,0,-177,0,83.57
fold2_room1_mix1716,21,5,0,-176,0,82.71
fold2_room1_mix1716,22,5,0,-176,0,79.66
fold2_room1_mix1716,23,5,0,-176,0,78.74
fold2_room1_mix1716,24,5,0,-177,0,81.35
fold2_room1_mix1716,25,5,0,-176,0,81.45
fold2_room1_mix1716,26,5,0,-175,0,78.90
fold2_room1_mix1716,27,5,0,-175,0,80.01
fold2_room1_mix1716,28,5,0,-174,0,76.01
fold2_room1_mix1716,29,5,0,-172,0,74.25
fold2_room1_mix1716,30,5,0,-173,0,75.46
fold2_room1_mix1716,31,5,0,-172,0,74.76
fold2_room1_mix1716,32,5,0,-172,0,75.58
fold2_room1_mix1716,33,5,0,-171,0,76.34
fold2_room1_mix1716,34,5,0,-171,0,76.22
fold2_room1_mix1716,35,5,0,-170,0,68.35
fold2_room1_mix1716,36,5,0,-159,0,20.19
fold2_room1_mix1716,36,5,0,-175,0,91.58
fold2_room1_mix1716,37,5,0,-159,0,19.39
fold2_room1_mix1716,37,5,0,-175,0,88.00
fold2_room1_mix1716,38,5,0,-157,0,18.12
fold2_room1_mix1716,38,5,0,-175,0,88.10
fold2_room1_mix1716,39,5,0,-154,0,16.46
fold2_room1_mix1716,39,5,0,-174,0,88.28
fold2_room1_mix1716,40,5,0,-153,0,15.71
fold2_room1_mix1716,40,5,0,-174,0,88.53
fold2_room1_mix1716,41,5,0,-149,0,13.29
fold2_room1_mix1716,41,5,0,-174,0,81.54
fold2_room1_mix1716,42,5,0,-143,-1,11.30
fold2_room1_mix1716,42,5,0,-173,0,78.92
fold2_room1_mix1716,43,5,0,-140,-1,10.70
fold2_room1_mix1716,43,5,0,-173,0,77.54
fold2_room1_mix1716,44,5,0,-132,-1,8.89
fold2_room1_mix1716,44,5,0,-172,0,72.04
fold2_room1_mix1716,45,5,0,-127,-1,8.37
fold2_room1_mix1716,45,5,0,-173,0,72.41
fold2_room1_mix1716,46,5,0,-119,-1,7.35
fold2_room1_mix1716,46,5,0,-173,0,76.20
fold2_room1_mix1716,47,5,0,-109,-2,6.71
fold2_room1_mix1716,47,5,0,-173,0,75.51
fold2_room1_mix1716,48,5,0,-103,-2,6.43
fold2_room1_mix1716,48,5,0,-173,0,75.87
fold2_room1_mix1716,49,5,0,-89,-2,6.71
fold2_room1_mix1716,49,5,0,-173,0,74.72
fold2_room1_mix1716,50,5,0,-70,-2,6.74
fold2_room1_mix1716,50,5,0,-172,0,72.91
fold2_room1_mix1716,51,5,0,-63,-1,7.37
fold2_room1_mix1716,51,5,0,-171,0,70.79
fold2_room1_mix1716,52,5,0,-56,-1,7.96
fold2_room1_mix1716,52,5,0,-172,0,74.85
fold2_room1_mix1716,53,5,0,-45,-1,8.84
fold2_room1_mix1716,53,5,0,-172,0,68.88
fold2_room1_mix1716,54,5,0,-42,-1,9.33
fold2_room1_mix1716,54,5,0,-172,0,69.27
fold2_room1_mix1716,55,5,0,-40,-1,10.00
fold2_room1_mix1716,55,5,0,-170,0,66.52
fold2_room1_mix1716,56,5,0,-34,-1,10.86
fold2_room1_mix1716,56,5,0,-171,0,66.61
fold2_room1_mix1716,57,5,0,-33,-1,11.64
fold2_room1_mix1716,57,5,0,-170,0,64.89
fold2_room1_mix1716,58,5,0,-24,0,13.58
fold2_room1_mix1716,58,5,0,-169,0,58.21
fold2_room1_mix1716,59,5,0,-23,0,14.76
fold2_room1_mix1716,59,5,0,-170,0,58.54
fold2_room1_mix1716,60,5,0,-20,0,16.18
fold2_room1_mix1716,60,5,0,-167,0,50.51
fold2_room1_mix1716,61,5,0,-20,0,16.25
fold2_room1_mix1716,61,5,0,-167,0,48.72
fold2_room1_mix1716,62,5,0,-21,0,18.34
fold2_room1_mix1716,62,5,0,-167,0,52.52
fold2_room1_mix1716,63,5,0,-20,0,19.46
fold2_room1_mix1716,63,5,0,-166,0,51.35
fold2_room1_mix1716,64,5,0,-18,0,20.95
fold2_room1_mix1716,64,5,0,-167,0,53.30
fold2_room1_mix1716,65,5,0,-19,0,22.07
fold2_room1_mix1716,65,5,0,-167,0,54.98
fold2_room1_mix1716,66,5,0,-15,0,24.51
fold2_room1_mix1716,66,5,0,-156,0,23.39
fold2_room1_mix1716,66,5,0,-173,0,69.57
fold2_room1_mix1716,67,5,0,-16,0,24.50
fold2_room1_mix1716,67,5,0,-155,0,23.52
fold2_room1_mix1716,67,5,0,-172,0,68.80
fold2_room1_mix1716,68,5,0,-12,0,25.65
fold2_room1_mix1716,68,5,0,-154,0,21.71
fold2_room1_mix1716,68,5,0,-172,0,66.59
fold2_room1_mix1716,69,5,0,-13,0,26.40
fold2_room1_mix1716,69,5,0,-151,0,20.10
fold2_room1_mix1716,69,5,0,-172,0,64.13
fold2_room1_mix1716,70,5,0,-12,0,28.65
fold2_room1_mix1716,70,5,0,-151,0,19.99
fold2_room1_mix1716,70,5,0,-171,0,65.44
fold2_room1_mix1716,71,5,0,-12,0,28.14
fold2_room1_mix1716,71,5,0,-150,0,19.68
fold2_room1_mix1716,71,5,0,-171,0,63.67
fold2_room1_mix1716,72,5,0,-10,0,33.07
fold2_room1_mix1716,72,5,0,-148,0,18.05
fold2_room1_mix1716,72,5,0,-172,0,67.02
fold2_room1_mix1716,73,5,0,-11,0,32.25
fold2_room1_mix1716,73,5,0,-147,0,18.46
fold2_room1_mix1716,73,5,0,-172,0,66.78
fold2_room1_mix1716,74,5,0,-9,0,33.10
fold2_room1_mix1716,74,5,0,-146,0,16.93
fold2_room1_mix1716,74,5,0,-172,0,65.33
fold2_room1_mix1716,75,5,0,-10,0,36.97
fold2_room1_mix1716,75,5,0,-144,0,16.96
fold2_room1_mix1716,75,5,0,-172,0,67.46
fold2_room1_mix1716,76,5,0,-9,0,38.53
fold2_room1_mix1716,76,5,0,-146,0,17.11
fold2_room1_mix1716,76,5,0,-173,0,69.65
fold2_room1_mix1716,77,5,0,-9,0,37.89
fold2_room1_mix1716,77,5,0,-146,-1,17.27
fold2_room1_mix1716,77,5,0,-173,0,68.52
fold2_room1_mix1716,78,5,0,-8,0,40.81
fold2_room1_mix1716,78,5,0,-143,-1,15.63
fold2_room1_mix1716,78,5,0,-173,0,64.99
fold2_room1_mix1716,79,5,0,-8,0,41.37
fold2_room1_mix1716,79,5,0,-145,-1,16.16
fold2_room1_mix1716,79,5,0,-173,0,69.01
fold2_room1_mix1716,80,5,0,-8,0,39.44
fold2_room1_mix1716,80,5,0,-144,-1,16.01
fold2_room1_mix1716,80,5,0,-172,0,66.65
fold2_room1_mix1716,81,5,0,-8,0,41.33
fold2_room1_mix1716,81,5,0,-142,-1,15.77
fold2_room1_mix1716,81,5,0,-173,0,66.95
fold2_room1_mix1716,82,5,0,-7,0,42.05
fold2_room1_mix1716,82,5,0,-138,-1,13.89
fold2_room1_mix1716,82,5,0,-172,0,62.35
fold2_room1_mix1716,83,5,0,-7,0,44.79
fold2_room1_mix1716,83,5,0,-133,-1,13.34
fold2_room1_mix1716,83,5,0,-172,0,60.32
fold2_room1_mix1716,84,5,0,-7,0,45.51
fold2_room1_mix1716,84,5,0,-119,-1,10.51
fold2_room1_mix1716,84,5,0,-170,0,49.18
fold2_room1_mix1716,85,5,0,-5,0,49.34
fold2_room1_mix1716,85,5,0,-118,-1,10.48
fold2_room1_mix1716,85,5,0,-172,0,53.67
fold2_room1_mix1716,86,5,0,-7,0,47.47
fold2_room1_mix1716,86,5,0,-91,-1,9.75
fold2_room1_mix1716,86,5,0,-169,0,46.13
fold2_room1_mix1716,87,5,0,-6,0,47.62
fold2_room1_mix1716,87,5,0,-94,-1,9.64
fold2_room1_mix1716,87,5,0,-171,0,48.31
fold2_room1_mix1716,88,5,0,-7,0,49.48
fold2_room1_mix1716,88,5,0,-68,0,9.93
fold2_room1_mix1716,88,5,0,-169,0,43.56
fold2_room1_mix1716,89,5,0,-7,0,53.27
fold2_room1_mix1716,89,5,0,-62,-1,10.71
fold2_room1_mix1716,89,5,0,-170,0,45.66
fold2_room1_mix1716,90,5,0,-6,0,56.04
fold2_room1_mix1716,90,5,0,-58,-1,11.16
fold2_room1_mix1716,90,5,0,-170,0,44.45
fold2_room1_mix1716,91,5,0,-6,0,58.46
fold2_room1_mix1716,91,5,0,-56,-1,12.07
fold2_room1_mix1716,91,5,0,-170,0,46.57
fold2_room1_mix1716,92,5,0,-5,0,60.07
fold2_room1_mix1716,92,5,0,-56,-1,12.40
fold2_room1_mix1716,92,5,0,-170,0,47.24
fold2_room1_mix1716,93,5,0,-5,0,62.47
fold2_room1_mix1716,93,5,0,-51,-1,13.19
fold2_room1_mix1716,93,5,0,-169,0,44.04
fold2_room1_mix1716,94,5,0,-6,0,63.48
fold2_room1_mix1716,94,5,0,-56,0,12.82
fold2_room1_mix1716,94,5,0,-168,0,48.01
fold2_room1_mix1716,95,5,0,-4,0,67.55
fold2_room1_mix1716,95,5,0,-50,0,13.54
fold2_room1_mix1716,95,5,0,-169,0,47.90
fold2_room1_mix1716,96,5,0,-5,0,66.78
fold2_room1_mix1716,96,5,0,-50,0,13.89
fold2_room1_mix1716,96,5,0,-168,0,46.79
fold2_room1_mix1716,97,5,0,-5,0,67.08
fold2_room1_mix1716,97,5,0,-45,0,14.89
fold2_room1_mix1716,97,5,0,-167,0,43.39
fold2_room1_mix1716,98,5,0,-3,1,71.62
fold2_room1_mix1716,98,5,0,-45,0,14.88
fold2_room1_mix1716,98,5,0,-169,0,48.51
fold2_room1_mix1716,99,5,0,-5,0,65.29
fold2_room1_mix1716,99,5,0,-53,0,13.56
fold2_room1_mix1716,99,5,0,-170,0,51.21
fold2_room1_mix1717,4,5,0,167,1,13.22
fold2_room1_mix1717,5,5,0,173,1,21.71
fold2_room1_mix1717,6,5,0,168,0,29.69
fold2_room1_mix1717,7,5,0,171,0,54.37
fold2_room1_mix1717,8,5,0,174,0,85.92
fold2_room1_mix1717,9,5,0,173,0,107.00
fold2_room1_mix1717,10,5,0,176,0,108.49
fold2_room1_mix1717,11,5,0,173,0,100.10
fold2_room1_mix1717,12,5,0,173,0,97.29
fold2_room1_mix1717,13,5,0,174,0,102.08
fold2_room1_mix1717,14,5,0,174,0,98.37
fold2_room1_mix1717,15,5,0,173,0,96.58
fold2_room1_mix1717,16,5,0,174,0,98.92
fold2_room1_mix1717,17,5,0,174,0,97.58
fold2_room1_mix1717,18,5,0,174,0,101.44
fold2_room1_mix1717,19,5,0,172,0,100.33
fold2_room1_mix1717,20,5,0,172,0,104.10
fold2_room1_mix1717,21,5,0,173,0,108.64
fold2_room1_mix1717,22,5,0,174,0,112.14
fold2_room1_mix1717,23,5,0,173,0,104.14
fold2_room1_mix1717,24,5,0,173,0,105.09
fold2_room1_mix1717,25,5,0,173,0,108.79
fold2_room1_mix1717,26,5,0,174,0,108.88
fold2_room1_mix1717,27,5,0,173,0,104.40
fold2_room1_mix1717,28,5,0,174,0,104.59
fold2_room1_mix1717,29,5,0,174,0,106.13
fold2_room1_mix1717,30,5,0,174,0,103.26
fold2_room1_mix1717,31,5,0,173,0,101.05
fold2_room1_mix1717,32,5,0,173,0,103.62
fold2_room1_mix1717,33,5,0,173,0,98.63
fold2_room1_mix1717,34,5,0,174,0,102.22
fold2_room1_mix1717,35,5,0,173,0,102.05
fold2_room1_mix1717,36,5,0,173,0,98.29
fold2_room1_mix1717,37,5,0,173,0,99.68
fold2_room1_mix1717,38,5,0,173,0,102.68
fold2_room1_mix1717,39,5,0,172,0,93.71
fold2_room1_mix1717,40,5,0,171,0,89.72
fold2_room1_mix1717,41,5,0,171,0,89.59
fold2_room1_mix1717,42,5,0,172,0,84.22
fold2_room1_mix1717,43,5,0,172,0,80.21
fold2_room1_mix1717,44,5,0,171,0,76.82
fold2_room1_mix1717,45,5,0,171,0,77.40
fold2_room1_mix1717,46,5,0,171,0,77.84
fold2_room1_mix1717,47,5,0,170,0,78.24
fold2_room1_mix1717,48,5,0,170,0,75.73
fold2_room1_mix1717,49,5,0,170,0,74.06
fold2_room1_mix1717,50,5,0,168,0,74.84
fold2_room1_mix1717,51,5,0,168,0,72.84
fold2_room1_mix1717,52,5,0,155,0,20.80
fold2_room1_mix1717,52,5,0,173,0,96.59
fold2_room1_mix1717,53,5,0,152,-1,19.00
fold2_room1_mix1717,53,5,0,172,0,98.56
fold2_room1_mix1717,54,5,0,149,-1,17.53
fold2_room1_mix1717,54,5,0,172,0,100.39
fold2_room1_mix1717,55,5,0,146,-1,14.41
fold2_room1_mix1717,55,5,0,173,0,93.01
fold2_room1_mix1717,56,5,0,144,-1,13.16
fold2_room1_mix1717,56,5,0,173,0,89.50
fold2_room1_mix1717,57,5,0,137,-1,11.44
fold2_room1_mix1717,57,5,0,172,0,89.62
fold2_room1_mix1717,58,5,0,127,-1,9.14
fold2_room1_mix1717,58,5,0,172,0,84.31
fold2_room1_mix1717,59,5,0,113,-2,7.98
fold2_room1_mix1717,59,5,0,172,0,83.54
fold2_room1_mix1717,60,5,0,108,-2,8.07
fold2_room1_mix1717,60,5,0,171,0,86.20
fold2_room1_mix1717,61,5,0,96,-2,7.84
fold2_room1_mix1717,61,5,0,170,0,84.71
fold2_room1_mix1717,62,5,0,77,-2,8.16
fold2_room1_mix1717,62,5,0,170,0,81.22
fold2_room1_mix1717,63,5,0,71,-2,8.12
fold2_room1_mix1717,63,5,0,171,0,82.47
fold2_room1_mix1717,64,5,0,62,-2,8.01
fold2_room1_mix1717,64,5,0,170,0,78.25
fold2_room1_mix1717,65,5,0,50,-1,9.08
fold2_room1_mix1717,65,5,0,171,0,75.71
fold2_room1_mix1717,66,5,0,49,-1,9.53
fold2_room1_mix1717,66,5,0,171,0,77.39
fold2_room1_mix1717,67,5,0,46,-1,10.02
fold2_room1_mix1717,67,5,0,171,0,78.14
fold2_room1_mix1717,68,5,0,41,-1,11.13
fold2_room1_mix1717,68,5,0,172,0,77.18
fold2_room1_mix1717,69,5,0,38,-1,11.75
fold2_room1_mix1717,69,5,0,171,0,75.70
fold2_room1_mix1717,70,5,0,34,-1,13.24
fold2_room1_mix1717,70,5,0,170,0,72.39
fold2_room1_mix1717,71,5,0,30,-1,13.68
fold2_room1_mix1717,71,5,0,170,0,66.38
fold2_room1_mix1717,72,5,0,27,-1,16.34
fold2_room1_mix1717,72,5,0,168,0,61.26
fold2_room1_mix1717,73,5,0,25,0,19.13
fold2_room1_mix1717,73,5,0,168,0,60.81
fold2_room1_mix1717,74,5,0,25,0,18.87
fold2_room1_mix1717,74,5,0,168,0,65.26
fold2_room1_mix1717,75,5,0,24,0,19.81
fold2_room1_mix1717,75,5,0,169,0,65.99
fold2_room1_mix1717,76,5,0,23,0,21.40
fold2_room1_mix1717,76,5,0,169,0,72.20
fold2_room1_mix1717,77,5,0,24,0,21.90
fold2_room1_mix1717,77,5,0,167,0,67.29
fold2_room1_mix1717,78,5,0,22,0,22.77
fold2_room1_mix1717,78,5,0,169,0,67.97
fold2_room1_mix1717,79,5,0,19,0,24.95
fold2_room1_mix1717,79,5,0,167,0,63.33
fold2_room1_mix1717,80,5,0,18,0,25.78
fold2_room1_mix1717,80,5,0,166,0,60.41
fold2_room1_mix1717,81,5,0,20,0,25.84
fold2_room1_mix1717,81,5,0,166,0,61.16
fold2_room1_mix1717,82,5,0,17,0,28.46
fold2_room1_mix1717,82,5,0,156,0,27.85
fold2_room1_mix1717,82,5,0,172,0,82.55
fold2_room1_mix1717,83,5,0,18,0,26.97
fold2_room1_mix1717,83,5,0,165,0,55.00
fold2_room1_mix1717,84,5,0,16,0,30.07
fold2_room1_mix1717,84,5,0,164,0,56.71
fold2_room1_mix1717,85,5,0,15,0,34.78
fold2_room1_mix1717,85,5,0,148,0,21.41
fold2_room1_mix1717,85,5,0,170,0,71.12
fold2_room1_mix1717,86,5,0,14,0,37.75
fold2_room1_mix1717,86,5,0,143,0,18.44
fold2_room1_mix1717,86,5,0,169,0,65.81
fold2_room1_mix1717,87,5,0,15,0,36.28
fold2_room1_mix1717,87,5,0,126,0,13.32
fold2_room1_mix1717,87,5,0,166,0,47.78
fold2_room1_mix1717,88,5,0,14,0,41.09
fold2_room1_mix1717,88,5,0,139,0,17.82
fold2_room1_mix1717,88,5,0,169,0,64.37
fold2_room1_mix1717,89,5,0,13,0,44.83
fold2_room1_mix1717,89,5,0,141,0,18.40
fold2_room1_mix1717,89,5,0,169,0,70.82
fold2_room1_mix1717,90,5,0,13,0,43.14
fold2_room1_mix1717,90,5,0,146,0,19.72
fold2_room1_mix1717,90,5,0,171,0,76.30
fold2_room1_mix1717,91,5,0,13,0,41.71
fold2_room1_mix1717,91,5,0,135,0,16.08
fold2_room1_mix1717,91,5,0,168,0,59.77
fold2_room1_mix1717,92,5,0,11,0,43.03
fold2_room1_mix1717,92,5,0,134,-1,15.32
fold2_room1_mix1717,92,5,0,168,0,57.64
fold2_room1_mix1717,93,5,0,11,0,42.93
fold2_room1_mix1717,93,5,0,145,0,18.53
fold2_room1_mix1717,93,5,0,170,0,71.72
fold2_room1_mix1717,94,5,0,12,0,45.27
fold2_room1_mix1717,94,5,0,137,0,16.47
fold2_room1_mix1717,94,5,0,170,0,66.74
fold2_room1_mix1717,95,5,0,13,0,44.82
fold2_room1_mix1717,95,5,0,126,0,13.92
fold2_room1_mix1717,95,5,0,165,0,54.04
fold2_room1_mix1717,96,5,0,12,0,48.57
fold2_room1_mix1717,96,5,0,104,-1,12.79
fold2_room1_mix1717,96,5,0,165,0,51.30
fold2_room1_mix1717,97,5,0,12,0,49.40
fold2_room1_mix1717,97,5,0,98,-1,11.30
fold2_room1_mix1717,97,5,0,165,0,49.10
fold2_room1_mix1717,98,5,0,14,0,49.53
fold2_room1_mix1717,98,5,0,90,-1,12.67
fold2_room1_mix1717,98,5,0,161,0,46.86
fold2_room1_mix1717,99,5,0,11,0,53.46
fold2_room1_mix1717,99,5,0,57,0,11.70
fold2_room1_mix1717,99,5,0,159,0,38.30
fold2_room1_mix1718,5,5,0,176,1,6.90
fold2_room1_mix1718,6,5,0,176,1,20.48
fold2_room1_mix1718,7,5,0,177,0,38.31
fold2_room1_mix1718,8,5,0,178,0,58.31
fold2_room1_mix1718,9,5,0,179,0,97.67
fold2_room1_mix1718,10,5,0,178,0,115.10
fold2_room1_mix1718,11,5,0,179,0,108.76
fold2_room1_mix1718,12,5,0,179,0,112.88
fold2_room1_mix1718,13,5,0,-179,0,104.86
fold2_room1_mix1718,14,5,0,179,0,105.54
fold2_room1_mix1718,15,5,0,-179,0,108.70
fold2_room1_mix1718,16,5,0,-179,0,110.58
fold2_room1_mix1718,17,5,0,-179,0,108.25
fold2_room1_mix1718,18,5,0,-179,0,112.41
fold2_room1_mix1718,19,5,0,179,0,114.18
fold2_room1_mix1718,20,5,0,-179,0,115.89
fold2_room1_mix1718,21,5,0,-179,0,115.07
fold2_room1_mix1718,22,5,0,-178,0,116.06
fold2_room1_mix1718,23,5,0,-179,0,113.68
fold2_room1_mix1718,24,5,0,-179,0,114.68
fold2_room1_mix1718,25,5,0,-178,0,115.34
fold2_room1_mix1718,26,5,0,-178,0,114.36
fold2_room1_mix1718,27,5,0,-178,0,109.40
fold2_room1_mix1718,28,5,0,-178,0,115.69
fold2_room1_mix1718,29,5,0,-177,0,112.69
fold2_room1_mix1718,30,5,0,-178,0,108.25
fold2_room1_mix1718,31,5,0,-178,0,110.28
fold2_room1_mix1718,32,5,0,-179,0,106.24
fold2_room1_mix1718,33,5,0,-178,0,100.85
fold2_room1_mix1718,34,5,0,-177,0,103.44
fold2_room1_mix1718,35,5,0,-178,0,105.17
fold2_room1_mix1718,36,5,0,-177,0,100.51
fold2_room1_mix1718,37,5,0,-176,0,90.99
fold2_room1_mix1718,38,5,0,-178,0,94.45
fold2_room1_mix1718,39,5,0,-177,0,91.31
fold2_room1_mix1718,40,5,0,-177,0,95.16
fold2_room1_mix1718,41,5,0,-176,0,92.99
fold2_room1_mix1718,42,5,0,-175,0,91.98
fold2_room1_mix1718,43,5,0,-175,0,85.62
fold2_room1_mix1718,44,5,0,-174,0,84.35
fold2_room1_mix1718,45,5,0,-174,0,79.55
fold2_room1_mix1718,46,5,0,-174,0,80.04
fold2_room1_mix1718,47,5,0,-173,0,83.91
fold2_room1_mix1718,48,5,0,-171,0,82.89
fold2_room1_mix1718,49,5,0,-171,0,77.95
fold2_room1_mix1718,50,5,0,-169,0,78.82
fold2_room1_mix1718,51,5,0,-159,0,23.17
fold2_room1_mix1718,51,5,0,-174,0,105.58
fold2_room1_mix1718,52,5,0,-158,0,20.84
fold2_room1_mix1718,52,5,0,-174,0,102.85
fold2_room1_mix1718,53,5,0,-155,0,19.06
fold2_room1_mix1718,53,5,0,-174,0,106.91
fold2_room1_mix1718,54,5,0,-154,0,17.88
fold2_room1_mix1718,54,5,0,-174,0,105.49
fold2_room1_mix1718,55,5,0,-147,-1,14.72
fold2_room1_mix1718,55,5,0,-174,0,100.31
fold2_room1_mix1718,56,5,0,-143,-1,12.86
fold2_room1_mix1718,56,5,0,-174,0,100.84
fold2_room1_mix1718,57,5,0,-138,-1,11.52
fold2_room1_mix1718,57,5,0,-174,0,98.54
fold2_room1_mix1718,58,5,0,-123,-1,9.01
fold2_room1_mix1718,58,5,0,-174,0,93.72
fold2_room1_mix1718,59,5,0,-117,-1,8.50
fold2_room1_mix1718,59,5,0,-174,0,95.83
fold2_room1_mix1718,60,5,0,-106,-2,7.98
fold2_room1_mix1718,60,5,0,-174,0,93.48
fold2_room1_mix1718,61,5,0,-94,-2,7.88
fold2_room1_mix1718,61,5,0,-174,0,90.29
fold2_room1_mix1718,62,5,0,-78,-2,8.46
fold2_room1_mix1718,62,5,0,-173,0,93.85
fold2_room1_mix1718,63,5,0,-64,-1,8.55
fold2_room1_mix1718,63,5,0,-173,0,94.72
fold2_room1_mix1718,64,5,0,-53,-1,9.33
fold2_room1_mix1718,64,5,0,-173,0,92.03
fold2_room1_mix1718,65,5,0,-45,-1,10.29
fold2_room1_mix1718,65,5,0,-173,0,87.28
fold2_room1_mix1718,66,5,0,-42,-1,11.12
fold2_room1_mix1718,66,5,0,-173,0,88.71
fold2_room1_mix1718,67,5,0,-40,-1,11.62
fold2_room1_mix1718,67,5,0,-173,0,88.54
fold2_room1_mix1718,68,5,0,-40,-1,12.57
fold2_room1_mix1718,68,5,0,-172,0,86.35
fold2_room1_mix1718,69,5,0,-33,-1,14.18
fold2_room1_mix1718,69,5,0,-172,0,85.15
fold2_room1_mix1718,70,5,0,-31,-1,15.32
fold2_room1_mix1718,70,5,0,-171,0,80.77
fold2_room1_mix1718,71,5,0,-29,-1,15.92
fold2_room1_mix1718,71,5,0,-172,0,81.48
fold2_room1_mix1718,72,5,0,-24,0,19.20
fold2_room1_mix1718,72,5,0,-170,0,76.34
fold2_room1_mix1718,73,5,0,-26,0,18.56
fold2_room1_mix1718,73,5,0,-171,0,79.22
fold2_room1_mix1718,74,5,0,-21,0,20.72
fold2_room1_mix1718,74,5,0,-170,0,76.07
fold2_room1_mix1718,75,5,0,-22,0,22.10
fold2_room1_mix1718,75,5,0,-169,0,75.74
fold2_room1_mix1718,76,5,0,-20,0,23.88
fold2_room1_mix1718,76,5,0,-168,0,72.19
fold2_room1_mix1718,77,5,0,-17,0,25.56
fold2_room1_mix1718,77,5,0,-168,0,67.27
fold2_room1_mix1718,78,5,0,-13,0,28.74
fold2_room1_mix1718,78,5,0,-157,0,29.17
fold2_room1_mix1718,78,5,0,-174,0,93.08
fold2_room1_mix1718,79,5,0,-12,0,31.38
fold2_room1_mix1718,79,5,0,-154,0,27.70
fold2_room1_mix1718,79,5,0,-174,0,91.58
fold2_room1_mix1718,80,5,0,-12,0,34.24
fold2_room1_mix1718,80,5,0,-152,0,24.54
fold2_room1_mix1718,80,5,0,-173,0,88.51
fold2_room1_mix1718,81,5,0,-10,0,34.11
fold2_room1_mix1718,81,5,0,-151,0,22.68
fold2_room1_mix1718,81,5,0,-174,0,83.76
fold2_room1_mix1718,82,5,0,-8,0,39.21
fold2_room1_mix1718,82,5,0,-150,0,21.00
fold2_room1_mix1718,82,5,0,-174,0,83.43
fold2_room1_mix1718,83,5,0,-10,0,39.81
fold2_room1_mix1718,83,5,0,-142,0,17.69
fold2_room1_mix1718,83,5,0,-171,0,71.41
fold2_room1_mix1718,84,5,0,-9,0,42.51
fold2_room1_mix1718,84,5,0,-135,-1,15.64
fold2_room1_mix1718,84,5,0,-171,0,65.08
fold2_room1_mix1718,85,5,0,-7,0,42.95
fold2_room1_mix1718,85,5,0,-146,-1,19.68
fold2_room1_mix1718,85,5,0,-174,0,84.13
fold2_room1_mix1718,86,5,0,-8,0,46.31
fold2_room1_mix1718,86,5,0,-142,-1,18.50
fold2_room1_mix1718,86,5,0,-173,0,80.52
fold2_room1_mix1718,87,5,0,-9,0,42.98
fold2_room1_mix1718,87,5,0,-144,-1,19.46
fold2_room1_mix1718,87,5,0,-173,0,82.03
fold2_room1_mix1718,88,5,0,-8,0,46.37
fold2_room1_mix1718,88,5,0,-131,-1,14.68
fold2_room1_mix1718,88,5,0,-171,0,66.62
fold2_room1_mix1718,89,5,0,-6,0,49.58
fold2_room1_mix1718,89,5,0,-121,-1,12.87
fold2_room1_mix1718,89,5,0,-171,0,62.63
fold2_room1_mix1718,90,5,0,-6,0,50.16
fold2_room1_mix1718,90,5,0,-113,-1,12.31
fold2_room1_mix1718,90,5,0,-172,0,62.18
fold2_room1_mix1718,91,5,0,-6,0,51.67
fold2_room1_mix1718,91,5,0,-100,-1,11.35
fold2_room1_mix1718,91,5,0,-171,0,58.14
fold2_room1_mix1718,92,5,0,-5,0,56.78
fold2_room1_mix1718,92,5,0,-100,-1,12.41
fold2_room1_mix1718,92,5,0,-172,0,64.15
fold2_room1_mix1718,93,5,0,-6,0,54.70
fold2_room1_mix1718,93,5,0,-90,-1,11.19
fold2_room1_mix1718,93,5,0,-172,0,56.52
fold2_room1_mix1718,94,5,0,-6,0,57.91
fold2_room1_mix1718,94,5,0,-47,-1,13.55
fold2_room1_mix1718,94,5,0,-167,0,40.45
fold2_room1_mix1718,95,5,0,-7,0,59.38
fold2_room1_mix1718,95,5,0,-41,-1,14.64
fold2_room1_mix1718,95,5,0,-164,0,35.27
fold2_room1_mix1718,96,5,0,-7,0,56.41
fold2_room1_mix1718,96,5,0,-39,0,14.59
fold2_room1_mix1718,96,5,0,-162,0,29.40
fold2_room1_mix1718,97,5,0,-7,0,58.55
fold2_room1_mix1718,97,5,0,-39,0,14.84
fold2_room1_mix1718,97,5,0,-161,0,30.53
fold2_room1_mix1718,98,5,0,-6,0,63.78
fold2_room1_mix1718,98,5,0,-39,0,15.92
fold2_room1_mix1718,98,5,0,-164,0,35.89
fold2_room1_mix1718,99,5,0,-5,0,69.06
fold2_room1_mix1718,99,5,0,-31,0,18.78
fold2_room1_mix1718,99,5,0,-160,0,29.88
fold2_room1_mix1719,7,5,0,178,0,20.94
fold2_room1_mix1719,8,5,0,177,0,40.14
fold2_room1_mix1719,9,5,0,177,0,65.46
fold2_room1_mix1719,10,5,0,179,0,95.85
fold2_room1_mix1719,11,5,0,179,0,106.16
fold2_room1_mix1719,12,5,0,179,0,102.56
fold2_room1_mix1719,13,5,0,-179,0,104.28
fold2_room1_mix1719,14,5,0,-179,0,103.88
fold2_room1_mix1719,15,5,0,-179,0,106.11
fold2_room1_mix1719,16,5,0,-179,0,107.20
fold2_room1_mix1719,17,5,0,-179,0,108.62
fold2_room1_mix1719,18,5,0,-179,0,108.17
fold2_room1_mix1719,19,5,0,-179,0,110.74
fold2_room1_mix1719,20,5,0,-179,0,110.79
fold2_room1_mix1719,21,5,0,-178,0,111.03
fold2_room1_mix1719,22,5,0,-178,0,115.29
fold2_room1_mix1719,23,5,0,-178,0,111.72
fold2_room1_mix1719,24,5,0,-179,0,112.62
fold2_room1_mix1719,25,5,0,-179,0,113.20
fold2_room1_mix1719,26,5,0,-178,0,110.37
fold2_room1_mix1719,27,5,0,-178,0,111.68
fold2_room1_mix1719,28,5,0,-177,0,109.84
fold2_room1_mix1719,29,5,0,-178,0,114.01
fold2_room1_mix1719,30,5,0,-178,0,112.18
fold2_room1_mix1719,31,5,0,-178,0,109.73
fold2_room1_mix1719,32,5,0,-177,0,110.42
fold2_room1_mix1719,33,5,0,-177,0,109.55
fold2_room1_mix1719,34,5,0,-177,0,110.06
fold2_room1_mix1719,35,5,0,-177,0,113.55
fold2_room1_mix1719,36,5,0,-176,0,109.69
fold2_room1_mix1719,37,5,0,-177,0,107.18
fold2_room1_mix1719,38,5,0,-176,0,107.62
fold2_room1_mix1719,39,5,0,-176,0,103.65
fold2_room1_mix1719,40,5,0,-176,0,102.39
fold2_room1_mix1719,41,5,0,-176,0,101.18
fold2_room1_mix1719,42,5,0,-175,0,98.41
fold2_room1_mix1719,43,5,0,-175,0,97.64
fold2_room1_mix1719,44,5,0,-175,0,95.38
fold2_room1_mix1719,45,5,0,-174,0,95.70
fold2_room1_mix1719,46,5,0,-173,0,91.91
fold2_room1_mix1719,47,5,0,-173,0,93.42
fold2_room1_mix1719,48,5,0,-173,0,92.26
fold2_room1_mix1719,49,5,0,-172,0,90.31
fold2_room1_mix1719,50,5,0,-171,0,85.91
fold2_room1_mix1719,51,5,0,-169,0,83.42
fold2_room1_mix1719,52,5,0,-158,0,24.06
fold2_room1_mix1719,52,5,0,-174,0,109.40
fold2_room1_mix1719,53,5,0,-157,0,22.89
fold2_room1_mix1719,53,5,0,-174,0,107.78
fold2_room1_mix1719,54,5,0,-156,0,21.26
fold2_room1_mix1719,54,5,0,-174,0,106.15
fold2_room1_mix1719,55,5,0,-154,0,19.85
fold2_room1_mix1719,55,5,0,-174,0,106.89
fold2_room1_mix1719,56,5,0,-151,0,17.65
fold2_room1_mix1719,56,5,0,-174,0,106.96
fold2_room1_mix1719,57,5,0,-148,0,15.96
fold2_room1_mix1719,57,5,0,-173,0,104.25
fold2_room1_mix1719,58,5,0,-147,-1,15.38
fold2_room1_mix1719,58,5,0,-174,0,102.73
fold2_room1_mix1719,59,5,0,-143,-1,13.32
fold2_room1_mix1719,59,5,0,-174,0,102.30
fold2_room1_mix1719,60,5,0,-136,-1,11.23
fold2_room1_mix1719,60,5,0,-174,0,98.18
fold2_room1_mix1719,61,5,0,-126,-1,8.95
fold2_room1_mix1719,61,5,0,-174,0,98.55
fold2_room1_mix1719,62,5,0,-112,-2,7.63
fold2_room1_mix1719,62,5,0,-174,0,97.58
fold2_room1_mix1719,63,5,0,-101,-2,7.74
fold2_room1_mix1719,63,5,0,-174,0,96.35
fold2_room1_mix1719,64,5,0,-90,-2,7.38
fold2_room1_mix1719,64,5,0,-174,0,95.27
fold2_room1_mix1719,65,5,0,-73,-2,7.82
fold2_room1_mix1719,65,5,0,-174,0,95.34
fold2_room1_mix1719,66,5,0,-59,-1,8.85
fold2_room1_mix1719,66,5,0,-174,0,94.88
fold2_room1_mix1719,67,5,0,-50,-1,9.28
fold2_room1_mix1719,67,5,0,-174,0,95.13
fold2_room1_mix1719,68,5,0,-47,-1,10.36
fold2_room1_mix1719,68,5,0,-173,0,91.11
fold2_room1_mix1719,69,5,0,-38,-1,11.45
fold2_room1_mix1719,69,5,0,-173,0,85.56
fold2_room1_mix1719,70,5,0,-34,-1,12.12
fold2_room1_mix1719,70,5,0,-173,0,82.74
fold2_room1_mix1719,71,5,0,-29,-1,13.25
fold2_room1_mix1719,71,5,0,-173,0,81.81
fold2_room1_mix1719,72,5,0,-24,-1,15.61
fold2_room1_mix1719,72,5,0,-172,0,79.31
fold2_room1_mix1719,73,5,0,-20,0,18.07
fold2_room1_mix1719,73,5,0,-170,0,72.95
fold2_room1_mix1719,74,5,0,-22,0,18.94
fold2_room1_mix1719,74,5,0,-170,0,70.77
fold2_room1_mix1719,75,5,0,-19,0,19.68
fold2_room1_mix1719,75,5,0,-171,0,72.57
fold2_room1_mix1719,76,5,0,-19,0,20.95
fold2_room1_mix1719,76,5,0,-170,0,75.69
fold2_room1_mix1719,77,5,0,-17,0,22.78
fold2_room1_mix1719,77,5,0,-170,0,75.11
fold2_room1_mix1719,78,5,0,-16,0,24.14
fold2_room1_mix1719,78,5,0,-168,0,70.05
fold2_room1_mix1719,79,5,0,-15,0,25.65
fold2_room1_mix1719,79,5,0,-168,0,69.24
fold2_room1_mix1719,80,5,0,-12,0,26.29
fold2_room1_mix1719,80,5,0,-167,0,64.22
fold2_room1_mix1719,81,5,0,-12,0,31.01
fold2_room1_mix1719,81,5,0,-151,0,23.08
fold2_room1_mix1719,81,5,0,-173,0,80.39
fold2_room1_mix1719,82,5,0,-14,0,32.35
fold2_room1_mix1719,82,5,0,-153,0,26.37
fold2_room1_mix1719,82,5,0,-173,0,88.07
fold2_room1_mix1719,83,5,0,-11,0,33.89
fold2_room1_mix1719,83,5,0,-155,0,26.88
fold2_room1_mix1719,83,5,0,-175,0,94.34
fold2_room1_mix1719,84,5,0,-11,0,33.70
fold2_room1_mix1719,84,5,0,-159,0,29.94
fold2_room1_mix1719,84,5,0,-176,0,100.75
fold2_room1_mix1719,85,5,0,-11,0,34.49
fold2_room1_mix1719,85,5,0,-157,0,29.09
fold2_room1_mix1719,85,5,0,-175,0,98.74
fold2_room1_mix1719,86,5,0,-9,0,35.84
fold2_room1_mix1719,86,5,0,-158,0,29.08
fold2_room1_mix1719,86,5,0,-176,0,102.33
fold2_room1_mix1719,87,5,0,-9,0,37.02
fold2_room1_mix1719,87,5,0,-155,0,27.27
fold2_room1_mix1719,87,5,0,-175,0,99.73
fold2_room1_mix1719,88,5,0,-9,0,38.94
fold2_room1_mix1719,88,5,0,-148,0,21.36
fold2_room1_mix1719,88,5,0,-174,0,85.09
fold2_room1_mix1719,89,5,0,-8,0,41.76
fold2_room1_mix1719,89,5,0,-145,-1,18.23
fold2_room1_mix1719,89,5,0,-174,0,80.29
fold2_room1_mix1719,90,5,0,-10,0,40.42
fold2_room1_mix1719,90,5,0,-132,0,14.70
fold2_room1_mix1719,90,5,0,-171,0,62.48
fold2_room1_mix1719,91,5,0,-8,0,45.31
fold2_room1_mix1719,91,5,0,-137,0,15.81
fold2_room1_mix1719,91,5,0,-172,0,72.13
fold2_room1_mix1719,92,5,0,-9,0,45.67
fold2_room1_mix1719,92,5,0,-132,-1,14.10
fold2_room1_mix1719,92,5,0,-172,0,65.44
fold2_room1_mix1719,93,5,0,-8,0,50.98
fold2_room1_mix1719,93,5,0,-125,-1,13.76
fold2_room1_mix1719,93,5,0,-171,0,65.56
fold2_room1_mix1719,94,5,0,-7,0,51.43
fold2_room1_mix1719,94,5,0,-127,-1,13.79
fold2_room1_mix1719,94,5,0,-172,0,68.12
fold2_room1_mix1719,95,5,0,-7,0,50.84
fold2_room1_mix1719,95,5,0,-139,-1,16.86
fold2_room1_mix1719,95,5,0,-174,0,80.37
fold2_room1_mix1719,96,5,0,-7,0,49.75
fold2_room1_mix1719,96,5,0,-144,-1,18.50
fold2_room1_mix1719,96,5,0,-175,0,85.60
fold2_room1_mix1719,97,5,0,-7,0,50.48
fold2_room1_mix1719,97,5,0,-139,-1,16.70
fold2_room1_mix1719,97,5,0,-174,0,82.15
fold2_room1_mix1719,98,5,0,-7,0,52.23
fold2_room1_mix1719,98,5,0,-137,-1,15.92
fold2_room1_mix1719,98,5,0,-174,0,78.55
fold2_room1_mix1719,99,5,0,-6,0,53.96
fold2_room1_mix1719,99,5,0,-128,-1,13.92
fold2_room1_mix1719,99,5,0,-173,0,71.85
fold2_room1_mix1720,5,5,0,172,1,7.75
fold2_room1_mix1720,6,5,0,174,1,21.64
fold2_room1_mix1720,7,5,0,177,0,41.36
fold2_room1_mix1720,8,5,0,179,0,77.92
fold2_room1_mix1720,9,5,0,175,0,98.40
fold2_room1_mix1720,10,5,0,174,0,100.54
fold2_room1_mix1720,11,5,0,174,0,100.94
fold2_room1_mix1720,12,5,0,176,0,96.41
fold2_room1_mix1720,13,5,0,175,0,94.97
fold2_room1_mix1720,14,5,0,175,0,94.10
fold2_room1_mix1720,15,5,0,175,0,96.59
fold2_room1_mix1720,16,5,0,177,0,97.79
fold2_room1_mix1720,17,5,0,176,0,94.91
fold2_room1_mix1720,18,5,0,176,0,100.39
fold2_room1_mix1720,19,5,0,174,0,105.01
fold2_room1_mix1720,20,5,0,175,0,102.07
fold2_room1_mix1720,21,5,0,176,0,102.16
fold2_room1_mix1720,22,5,0,175,0,104.48
fold2_room1_mix1720,23,5,0,175,0,102.26
fold2_room1_mix1720,24,5,0,176,0,101.14
fold2_room1_mix1720,25,5,0,176,0,101.81
fold2_room1_mix1720,26,5,0,175,0,103.99
fold2_room1_mix1720,27,5,0,176,0,97.82
fold2_room1_mix1720,28,5,0,177,0,97.84
fold2_room1_mix1720,29,5,0,176,0,105.10
fold2_room1_mix1720,30,5,0,175,0,96.09
fold2_room1_mix1720,31,5,0,176,0,95.25
fold2_room1_mix1720,32,5,0,175,0,100.45
fold2_room1_mix1720,33,5,0,176,0,94.11
fold2_room1_mix1720,34,5,0,174,0,96.21
fold2_room1_mix1720,35,5,0,174,0,100.39
fold2_room1_mix1720,36,5,0,174,0,98.00
fold2_room1_mix1720,37,5,0,174,0,95.77
fold2_room1_mix1720,38,5,0,174,0,93.25
fold2_room1_mix1720,39,5,0,173,0,90.44
fold2_room1_mix1720,40,5,0,174,0,97.27
fold2_room1_mix1720,41,5,0,174,0,93.51
fold2_room1_mix1720,42,5,0,172,0,93.37
fold2_room1_mix1720,43,5,0,172,0,90.56
fold2_room1_mix1720,44,5,0,173,0,86.44
fold2_room1_mix1720,45,5,0,173,0,86.97
fold2_room1_mix1720,46,5,0,171,0,84.91
fold2_room1_mix1720,47,5,0,172,0,83.19
fold2_room1_mix1720,48,5,0,171,0,84.51
fold2_room1_mix1720,49,5,0,171,0,75.59
fold2_room1_mix1720,50,5,0,168,0,74.31
fold2_room1_mix1720,51,5,0,157,0,20.40
fold2_room1_mix1720,51,5,0,174,0,99.03
fold2_room1_mix1720,52,5,0,154,0,18.70
fold2_room1_mix1720,52,5,0,173,0,94.68
fold2_room1_mix1720,53,5,0,149,-1,15.65
fold2_room1_mix1720,53,5,0,172,0,93.92
fold2_room1_mix1720,54,5,0,144,-1,12.21
fold2_room1_mix1720,54,5,0,173,0,82.06
fold2_room1_mix1720,55,5,0,142,-1,10.78
fold2_room1_mix1720,55,5,0,173,0,76.78
fold2_room1_mix1720,56,5,0,133,-1,8.56
fold2_room1_mix1720,56,5,0,172,0,74.80
fold2_room1_mix1720,57,5,0,125,-1,7.33
fold2_room1_mix1720,57,5,0,172,0,76.07
fold2_room1_mix1720,58,5,0,113,-2,6.63
fold2_room1_mix1720,58,5,0,172,0,74.46
fold2_room1_mix1720,59,5,0,103,-2,5.98
fold2_room1_mix1720,59,5,0,174,0,77.59
fold2_room1_mix1720,60,5,0,91,-2,5.73
fold2_room1_mix1720,60,5,0,173,0,77.01
fold2_room1_mix1720,61,5,0,62,-2,6.89
fold2_room1_mix1720,61,5,0,173,0,73.57
fold2_room1_mix1720,62,5,0,59,-2,6.49
fold2_room1_mix1720,62,5,0,174,0,75.17
fold2_room1_mix1720,63,5,0,56,-2,6.79
fold2_room1_mix1720,63,5,0,173,0,76.20
fold2_room1_mix1720,64,5,0,47,-2,8.20
fold2_room1_mix1720,64,5,0,174,0,75.74
fold2_room1_mix1720,65,5,0,43,-1,8.90
fold2_room1_mix1720,65,5,0,174,0,71.76
fold2_room1_mix1720,66,5,0,38,-1,10.03
fold2_room1_mix1720,66,5,0,173,0,71.61
fold2_room1_mix1720,67,5,0,38,-1,10.60
fold2_room1_mix1720,67,5,0,172,0,71.22
fold2_room1_mix1720,68,5,0,32,-1,12.30
fold2_room1_mix1720,68,5,0,172,0,72.49
fold2_room1_mix1720,69,5,0,23,-1,16.11
fold2_room1_mix1720,69,5,0,171,0,65.80
fold2_room1_mix1720,70,5,0,26,-1,15.91
fold2_room1_mix1720,70,5,0,171,0,62.80
fold2_room1_mix1720,71,5,0,24,0,18.36
fold2_room1_mix1720,71,5,0,170,0,61.56
fold2_room1_mix1720,72,5,0,24,0,18.06
fold2_room1_mix1720,72,5,0,170,0,58.29
fold2_room1_mix1720,73,5,0,19,0,23.68
fold2_room1_mix1720,73,5,0,168,0,56.15
fold2_room1_mix1720,74,5,0,19,0,24.01
fold2_room1_mix1720,74,5,0,169,0,63.28
fold2_room1_mix1720,75,5,0,17,0,24.24
fold2_room1_mix1720,75,5,0,169,0,61.68
fold2_room1_mix1720,76,5,0,17,0,25.74
fold2_room1_mix1720,76,5,0,169,0,63.86
fold2_room1_mix1720,77,5,0,15,0,29.53
fold2_room1_mix1720,77,5,0,156,0,24.32
fold2_room1_mix1720,77,5,0,173,0,77.61
fold2_room1_mix1720,78,5,0,16,0,26.90
fold2_room1_mix1720,78,5,0,157,0,26.58
fold2_room1_mix1720,78,5,0,173,0,80.17
fold2_room1_mix1720,79,5,0,14,0,30.28
fold2_room1_mix1720,79,5,0,154,0,22.40
fold2_room1_mix1720,79,5,0,173,0,73.08
fold2_room1_mix1720,80,5,0,13,0,31.22
fold2_room1_mix1720,80,5,0,152,0,21.78
fold2_room1_mix1720,80,5,0,172,0,71.74
fold2_room1_mix1720,81,5,0,11,0,37.20
fold2_room1_mix1720,81,5,0,140,0,15.48
fold2_room1_mix1720,81,5,0,171,0,59.43
fold2_room1_mix1720,82,5,0,12,0,37.45
fold2_room1_mix1720,82,5,0,147,0,17.99
fold2_room1_mix1720,82,5,0,172,0,68.47
fold2_room1_mix1720,83,5,0,12,0,39.09
fold2_room1_mix1720,83,5,0,140,0,15.27
fold2_room1_mix1720,83,5,0,171,0,60.06
fold2_room1_mix1720,84,5,0,11,0,41.93
fold2_room1_mix1720,84,5,0,132,0,13.73
fold2_room1_mix1720,84,5,0,172,0,57.40
fold2_room1_mix1720,85,5,0,13,0,38.91
fold2_room1_mix1720,85,5,0,145,0,17.73
fold2_room1_mix1720,85,5,0,171,0,67.75
fold2_room1_mix1720,86,5,0,10,0,43.67
fold2_room1_mix1720,86,5,0,145,0,17.60
fold2_room1_mix1720,86,5,0,172,0,70.44
fold2_room1_mix1720,87,5,0,10,0,47.06
fold2_room1_mix1720,87,5,0,141,0,16.07
fold2_room1_mix1720,87,5,0,172,0,68.03
fold2_room1_mix1720,88,5,0,10,0,40.90
fold2_room1_mix1720,88,5,0,155,0,21.15
fold2_room1_mix1720,88,5,0,174,0,83.95
fold2_room1_mix1720,89,5,0,10,0,43.55
fold2_room1_mix1720,89,5,0,144,0,16.38
fold2_room1_mix1720,89,5,0,171,0,67.45
fold2_room1_mix1720,90,5,0,8,0,46.60
fold2_room1_mix1720,90,5,0,147,0,16.74
fold2_room1_mix1720,90,5,0,173,0,75.05
fold2_room1_mix1720,91,5,0,8,0,49.76
fold2_room1_mix1720,91,5,0,136,-1,13.44
fold2_room1_mix1720,91,5,0,172,0,66.21
fold2_room1_mix1720,92,5,0,8,0,51.39
fold2_room1_mix1720,92,5,0,127,-1,12.61
fold2_room1_mix1720,92,5,0,172,0,63.09
fold2_room1_mix1720,93,5,0,9,0,57.19
fold2_room1_mix1720,93,5,0,112,-1,11.42
fold2_room1_mix1720,93,5,0,171,0,63.53
fold2_room1_mix1720,94,5,0,8,0,54.42
fold2_room1_mix1720,94,5,0,104,-1,10.90
fold2_room1_mix1720,94,5,0,170,0,58.27
fold2_room1_mix1720,95,5,0,9,0,59.74
fold2_room1_mix1720,95,5,0,80,-1,10.38
fold2_room1_mix1720,95,5,0,170,0,55.12
fold2_room1_mix1720,96,5,0,9,0,62.60
fold2_room1_mix1720,96,5,0,89,-1,10.46
fold2_room1_mix1720,96,5,0,171,0,59.21
fold2_room1_mix1720,97,5,0,9,0,63.21
fold2_room1_mix1720,97,5,0,57,0,10.83
fold2_room1_mix1720,97,5,0,168,0,50.06
fold2_room1_mix1720,98,5,0,8,0,60.29
fold2_room1_mix1720,98,5,0,133,-1,13.70
fold2_room1_mix1720,98,5,0,173,0,73.62
fold2_room1_mix1720,99,5,0,9,0,66.76
fold2_room1_mix1720,99,5,0,83,-1,11.54
fold2_room1_mix1720,99,5,0,169,0,57.83
fold2_room1_mix1721,5,5,0,-3,1,6.11
fold2_room1_mix1721,6,5,0,-3,1,17.46
fold2_room1_mix1721,7,5,0,0,0,34.11
fold2_room1_mix1721,8,5,0,-1,0,53.47
fold2_room1_mix1721,9,5,0,-1,0,91.26
fold2_room1_mix1721,10,5,0,1,0,111.11
fold2_room1_mix1721,11,5,0,0,0,106.91
fold2_room1_mix1721,12,5,0,0,0,101.83
fold2_room1_mix1721,13,5,0,0,0,99.85
fold2_room1_mix1721,14,5,0,0,0,98.90
fold2_room1_mix1721,15,5,0,0,0,101.74
fold2_room1_mix1721,16,5,0,0,0,107.04
fold2_room1_mix1721,17,5,0,0,0,104.14
fold2_room1_mix1721,18,5,0,0,0,106.49
fold2_room1_mix1721,19,5,0,0,0,109.81
fold2_room1_mix1721,20,5,0,0,0,108.96
fold2_room1_mix1721,21,5,0,0,0,109.43
fold2_room1_mix1721,22,5,0,0,0,117.17
fold2_room1_mix1721,23,5,0,0,0,114.05
fold2_room1_mix1721,24,5,0,0,0,109.04
fold2_room1_mix1721,25,5,0,0,0,113.30
fold2_room1_mix1721,26,5,0,0,0,111.43
fold2_room1_mix1721,27,5,0,0,0,112.98
fold2_room1_mix1721,28,5,0,0,0,113.07
fold2_room1_mix1721,29,5,0,0,0,111.63
fold2_room1_mix1721,30,5,0,-1,0,110.43
fold2_room1_mix1721,31,5,0,0,0,109.75
fold2_room1_mix1721,32,5,0,0,0,108.86
fold2_room1_mix1721,33,5,0,0,0,109.05
fold2_room1_mix1721,34,5,0,-1,0,107.18
fold2_room1_mix1721,35,5,0,-1,0,110.42
fold2_room1_mix1721,36,5,0,-1,0,110.90
fold2_room1_mix1721,37,5,0,-2,0,106.23
fold2_room1_mix1721,38,5,0,-2,0,106.12
fold2_room1_mix1721,39,5,0,-1,0,104.94
fold2_room1_mix1721,40,5,0,-2,0,101.65
fold2_room1_mix1721,41,5,0,-2,0,102.08
fold2_room1_mix1721,42,5,0,-3,0,101.38
fold2_room1_mix1721,43,5,0,-4,0,98.93
fold2_room1_mix1721,44,5,0,-4,0,97.49
fold2_room1_mix1721,45,5,0,-4,0,97.37
fold2_room1_mix1721,46,5,0,-5,0,95.30
fold2_room1_mix1721,47,5,0,-5,0,92.17
fold2_room1_mix1721,48,5,0,-6,0,88.65
fold2_room1_mix1721,49,5,0,-7,0,87.40
fold2_room1_mix1721,50,5,0,-8,0,80.97
fold2_room1_mix1721,51,5,0,-8,0,79.49
fold2_room1_mix1721,52,5,0,-3,0,100.40
fold2_room1_mix1721,52,5,0,-20,0,20.20
fold2_room1_mix1721,53,5,0,-3,0,96.07
fold2_room1_mix1721,53,5,0,-21,0,18.59
fold2_room1_mix1721,54,5,0,-3,0,95.98
fold2_room1_mix1721,54,5,0,-24,0,16.68
fold2_room1_mix1721,55,5,0,-3,0,94.24
fold2_room1_mix1721,55,5,0,-27,0,14.56
fold2_room1_mix1721,56,5,0,-3,0,89.81
fold2_room1_mix1721,56,5,0,-34,0,12.42
fold2_room1_mix1721,57,5,0,-3,0,91.56
fold2_room1_mix1721,57,5,0,-45,0,10.64
fold2_room1_mix1721,58,5,0,-4,0,90.53
fold2_room1_mix1721,58,5,0,-57,-1,8.69
fold2_room1_mix1721,59,5,0,-4,0,92.73
fold2_room1_mix1721,59,5,0,-80,-1,8.31
fold2_room1_mix1721,60,5,0,-4,0,91.05
fold2_room1_mix1721,60,5,0,-107,-1,8.93
fold2_room1_mix1721,61,5,0,-3,0,84.30
fold2_room1_mix1721,61,5,0,-122,-1,9.79
fold2_room1_mix1721,62,5,0,-4,0,84.41
fold2_room1_mix1721,62,5,0,-131,-1,11.33
fold2_room1_mix1721,63,5,0,-4,0,75.45
fold2_room1_mix1721,63,5,0,-143,0,14.30
fold2_room1_mix1721,64,5,0,-4,0,73.59
fold2_room1_mix1721,64,5,0,-146,0,14.97
fold2_room1_mix1721,65,5,0,-5,0,67.10
fold2_room1_mix1721,65,5,0,-151,0,17.50
fold2_room1_mix1721,66,5,0,-5,0,62.76
fold2_room1_mix1721,66,5,0,-153,0,18.40
fold2_room1_mix1721,67,5,0,-5,0,63.85
fold2_room1_mix1721,67,5,0,-158,0,22.57
fold2_room1_mix1721,68,5,0,-6,0,60.51
fold2_room1_mix1721,68,5,0,-161,0,24.17
fold2_room1_mix1721,69,5,0,-6,0,56.04
fold2_room1_mix1721,69,5,0,-160,0,23.92
fold2_room1_mix1721,70,5,0,-7,0,56.35
fold2_room1_mix1721,70,5,0,-162,0,27.68
fold2_room1_mix1721,71,5,0,-9,0,56.72
fold2_room1_mix1721,71,5,0,-165,0,36.66
fold2_room1_mix1721,72,5,0,-8,0,53.28
fold2_room1_mix1721,72,5,0,-164,0,32.23
fold2_room1_mix1721,73,5,0,-4,0,74.11
fold2_room1_mix1721,73,5,0,-19,0,25.48
fold2_room1_mix1721,73,5,0,-167,0,38.29
fold2_room1_mix1721,74,5,0,-10,0,52.46
fold2_room1_mix1721,74,5,0,-165,0,37.30
fold2_room1_mix1721,75,5,0,-10,0,56.28
fold2_room1_mix1721,75,5,0,-165,0,40.16
fold2_room1_mix1721,76,5,0,-5,0,74.18
fold2_room1_mix1721,76,5,0,-26,0,22.57
fold2_room1_mix1721,76,5,0,-166,0,46.53
fold2_room1_mix1721,77,5,0,-6,0,64.41
fold2_room1_mix1721,77,5,0,-39,0,16.73
fold2_room1_mix1721,77,5,0,-170,0,53.12
fold2_room1_mix1721,78,5,0,-7,0,65.00
fold2_room1_mix1721,78,5,0,-43,0,16.58
fold2_room1_mix1721,78,5,0,-168,0,54.67
fold2_room1_mix1721,79,5,0,-4,0,82.38
fold2_room1_mix1721,79,5,0,-30,0,21.02
fold2_room1_mix1721,79,5,0,-171,0,57.35
fold2_room1_mix1721,80,5,0,-4,0,80.34
fold2_room1_mix1721,80,5,0,-37,0,19.20
fold2_room1_mix1721,80,5,0,-172,0,61.57
fold2_room1_mix1721,81,5,0,-6,0,65.50
fold2_room1_mix1721,81,5,0,-56,-1,15.44
fold2_room1_mix1721,81,5,0,-172,0,64.62
fold2_room1_mix1721,82,5,0,-7,0,60.33
fold2_room1_mix1721,82,5,0,-51,0,14.81
fold2_room1_mix1721,82,5,0,-172,0,62.65
fold2_room1_mix1721,83,5,0,-6,0,70.84
fold2_room1_mix1721,83,5,0,-51,0,16.05
fold2_room1_mix1721,83,5,0,-172,0,68.59
fold2_room1_mix1721,84,5,0,-3,0,86.15
fold2_room1_mix1721,84,5,0,-33,0,20.06
fold2_room1_mix1721,84,5,0,-173,0,64.81
fold2_room1_mix1721,85,5,0,-7,0,56.42
fold2_room1_mix1721,85,5,0,-65,-1,13.24
fold2_room1_mix1721,85,5,0,-172,0,64.16
fold2_room1_mix1721,86,5,0,-6,0,69.01
fold2_room1_mix1721,86,5,0,-51,0,15.28
fold2_room1_mix1721,86,5,0,-171,0,67.97
fold2_room1_mix1721,87,5,0,-4,0,77.22
fold2_room1_mix1721,87,5,0,-57,0,15.96
fold2_room1_mix1721,87,5,0,-174,0,72.66
fold2_room1_mix1721,88,5,0,-5,0,65.16
fold2_room1_mix1721,88,5,0,-73,-1,14.18
fold2_room1_mix1721,88,5,0,-175,0,73.46
fold2_room1_mix1721,89,5,0,-4,0,79.37
fold2_room1_mix1721,89,5,0,-53,0,16.06
fold2_room1_mix1721,89,5,0,-174,0,76.78
fold2_room1_mix1721,90,5,0,-6,0,66.97
fold2_room1_mix1721,90,5,0,-89,-1,13.98
fold2_room1_mix1721,90,5,0,-174,0,79.59
fold2_room1_mix1721,91,5,0,-6,0,58.73
fold2_room1_mix1721,91,5,0,-106,-1,12.48
fold2_room1_mix1721,91,5,0,-175,0,81.94
fold2_room1_mix1721,92,5,0,-9,0,44.94
fold2_room1_mix1721,92,5,0,-139,-1,16.30
fold2_room1_mix1721,92,5,0,-174,0,92.43
fold2_room1_mix1721,93,5,0,-7,0,54.93
fold2_room1_mix1721,93,5,0,-114,-1,12.50
fold2_room1_mix1721,93,5,0,-175,0,80.77
fold2_room1_mix1721,94,5,0,-6,0,57.67
fold2_room1_mix1721,94,5,0,-114,-1,13.26
fold2_room1_mix1721,94,5,0,-175,0,85.29
fold2_room1_mix1721,95,5,0,-8,0,52.70
fold2_room1_mix1721,95,5,0,-127,-1,15.41
fold2_room1_mix1721,95,5,0,-174,0,92.10
fold2_room1_mix1721,96,5,0,-7,0,50.64
fold2_room1_mix1721,96,5,0,-132,-1,14.68
fold2_room1_mix1721,96,5,0,-176,0,91.49
fold2_room1_mix1721,97,5,0,-9,0,43.88
fold2_room1_mix1721,97,5,0,-146,0,18.22
fold2_room1_mix1721,97,5,0,-176,0,103.29
fold2_room1_mix1721,98,5,0,-7,0,46.69
fold2_room1_mix1721,98,5,0,-138,-1,16.63
fold2_room1_mix1721,98,5,0,-176,0,100.32
fold2_room1_mix1721,99,5,0,-8,0,42.38
fold2_room1_mix1721,99,5,0,-146,0,18.96
fold2_room1_mix1721,99,5,0,-176,0,109.39
fold2_room1_mix1722,6,5,0,1,1,23.14
fold2_room1_mix1722,7,5,0,1,0,43.01
fold2_room1_mix1722,8,5,0,0,0,68.86
fold2_room1_mix1722,9,5,0,-1,0,98.46
fold2_room1_mix1722,10,5,0,-1,0,106.93
fold2_room1_mix1722,11,5,0,0,0,105.77
fold2_room1_mix1722,12,5,0,-1,0,97.56
fold2_room1_mix1722,13,5,0,-1,0,99.37
fold2_room1_mix1722,14,5,0,0,0,101.44
fold2_room1_mix1722,15,5,0,0,0,103.03
fold2_room1_mix1722,16,5,0,-1,0,108.19
fold2_room1_mix1722,17,5,0,0,0,104.76
fold2_room1_mix1722,18,5,0,-1,0,104.53
fold2_room1_mix1722,19,5,0,-1,0,110.49
fold2_room1_mix1722,20,5,0,-2,0,105.89
fold2_room1_mix1722,21,5,0,-2,0,108.88
fold2_room1_mix1722,22,5,0,-2,0,111.37
fold2_room1_mix1722,23,5,0,-1,0,104.37
fold2_room1_mix1722,24,5,0,-1,0,107.46
fold2_room1_mix1722,25,5,0,-1,0,103.95
fold2_room1_mix1722,26,5,0,-2,0,105.36
fold2_room1_mix1722,27,5,0,-3,0,103.54
fold2_room1_mix1722,28,5,0,-2,0,104.67
fold2_room1_mix1722,29,5,0,-2,0,106.43
fold2_room1_mix1722,30,5,0,-2,0,101.88
fold2_room1_mix1722,31,5,0,-4,0,101.03
fold2_room1_mix1722,32,5,0,-3,0,100.27
fold2_room1_mix1722,33,5,0,-3,0,97.36
fold2_room1_mix1722,34,5,0,-4,0,99.77
fold2_room1_mix1722,35,5,0,-3,0,99.04
fold2_room1_mix1722,36,5,0,-4,0,93.30
fold2_room1_mix1722,37,5,0,-5,0,94.25
fold2_room1_mix1722,38,5,0,-5,0,91.17
fold2_room1_mix1722,39,5,0,-5,0,86.46
fold2_room1_mix1722,40,5,0,-6,0,87.23
fold2_room1_mix1722,41,5,0,-6,0,82.45
fold2_room1_mix1722,42,5,0,-6,0,79.09
fold2_room1_mix1722,43,5,0,-7,0,74.06
fold2_room1_mix1722,44,5,0,-3,0,93.86
fold2_room1_mix1722,44,5,0,-19,0,19.99
fold2_room1_mix1722,45,5,0,-3,0,91.73
fold2_room1_mix1722,45,5,0,-19,0,19.72
fold2_room1_mix1722,46,5,0,-2,0,89.86
fold2_room1_mix1722,46,5,0,-19,0,19.16
fold2_room1_mix1722,47,5,0,-2,0,90.14
fold2_room1_mix1722,47,5,0,-21,0,17.88
fold2_room1_mix1722,48,5,0,-2,0,87.51
fold2_room1_mix1722,48,5,0,-21,0,17.71
fold2_room1_mix1722,49,5,0,-2,0,84.47
fold2_room1_mix1722,49,5,0,-23,0,15.82
fold2_room1_mix1722,50,5,0,-2,0,83.47
fold2_room1_mix1722,50,5,0,-24,0,14.09
fold2_room1_mix1722,51,5,0,-2,0,79.35
fold2_room1_mix1722,51,5,0,-30,0,12.27
fold2_room1_mix1722,52,5,0,-2,0,78.05
fold2_room1_mix1722,52,5,0,-36,0,11.04
fold2_room1_mix1722,53,5,0,-2,0,77.47
fold2_room1_mix1722,53,5,0,-41,0,9.71
fold2_room1_mix1722,54,5,0,-3,0,81.07
fold2_room1_mix1722,54,5,0,-65,-1,7.51
fold2_room1_mix1722,55,5,0,-3,0,80.07
fold2_room1_mix1722,55,5,0,-75,-1,7.01
fold2_room1_mix1722,56,5,0,-4,0,77.32
fold2_room1_mix1722,56,5,0,-90,-1,6.70
fold2_room1_mix1722,57,5,0,-4,0,70.00
fold2_room1_mix1722,57,5,0,-126,0,8.68
fold2_room1_mix1722,58,5,0,-3,0,74.61
fold2_room1_mix1722,58,5,0,-134,-1,9.95
fold2_room1_mix1722,59,5,0,-3,0,69.68
fold2_room1_mix1722,59,5,0,-143,-1,11.90
fold2_room1_mix1722,60,5,0,-4,0,63.94
fold2_room1_mix1722,60,5,0,-147,0,13.38
fold2_room1_mix1722,61,5,0,-4,0,61.06
fold2_room1_mix1722,61,5,0,-153,0,16.32
fold2_room1_mix1722,62,5,0,-4,0,59.92
fold2_room1_mix1722,62,5,0,-154,0,17.13
fold2_room1_mix1722,63,5,0,-6,0,55.91
fold2_room1_mix1722,63,5,0,-157,0,18.52
fold2_room1_mix1722,64,5,0,-6,0,53.55
fold2_room1_mix1722,64,5,0,-161,0,21.65
fold2_room1_mix1722,65,5,0,-6,0,47.75
fold2_room1_mix1722,65,5,0,-165,0,23.72
fold2_room1_mix1722,66,5,0,-6,0,53.97
fold2_room1_mix1722,66,5,0,-163,0,23.27
fold2_room1_mix1722,67,5,0,-7,0,52.64
fold2_room1_mix1722,67,5,0,-166,0,30.05
fold2_room1_mix1722,68,5,0,-8,0,46.91
fold2_room1_mix1722,68,5,0,-167,0,30.62
fold2_room1_mix1722,69,5,0,-10,0,48.70
fold2_room1_mix1722,69,5,0,-166,0,35.03
fold2_room1_mix1722,70,5,0,-9,0,46.76
fold2_room1_mix1722,70,5,0,-168,0,36.54
fold2_room1_mix1722,71,5,0,-5,0,56.50
fold2_room1_mix1722,71,5,0,-27,0,16.67
fold2_room1_mix1722,71,5,0,-170,0,40.57
fold2_room1_mix1722,72,5,0,-6,0,52.16
fold2_room1_mix1722,72,5,0,-38,0,13.76
fold2_room1_mix1722,72,5,0,-169,0,44.30
fold2_room1_mix1722,73,5,0,-8,0,49.40
fold2_room1_mix1722,73,5,0,-52,0,12.19
fold2_room1_mix1722,73,5,0,-170,0,46.37
fold2_room1_mix1722,74,5,0,-9,0,40.48
fold2_room1_mix1722,74,5,0,-66,-1,9.81
fold2_room1_mix1722,74,5,0,-171,0,45.66
fold2_room1_mix1722,75,5,0,-9,0,42.17
fold2_room1_mix1722,75,5,0,-82,-1,9.40
fold2_room1_mix1722,75,5,0,-171,0,50.54
fold2_room1_mix1722,76,5,0,-11,0,36.29
fold2_room1_mix1722,76,5,0,-104,0,8.96
fold2_room1_mix1722,76,5,0,-171,0,47.67
fold2_room1_mix1722,77,5,0,-8,0,48.48
fold2_room1_mix1722,77,5,0,-71,-1,10.62
fold2_room1_mix1722,77,5,0,-173,0,55.00
fold2_room1_mix1722,78,5,0,-10,0,34.29
fold2_room1_mix1722,78,5,0,-127,0,10.73
fold2_room1_mix1722,78,5,0,-173,0,57.35
fold2_room1_mix1722,79,5,0,-10,0,37.79
fold2_room1_mix1722,79,5,0,-113,0,10.28
fold2_room1_mix1722,79,5,0,-173,0,58.16
fold2_room1_mix1722,80,5,0,-9,1,44.35
fold2_room1_mix1722,80,5,0,-105,0,10.28
fold2_room1_mix1722,80,5,0,-173,0,60.69
fold2_room1_mix1722,81,5,0,-11,0,34.01
fold2_room1_mix1722,81,5,0,-111,-1,10.85
fold2_room1_mix1722,81,5,0,-172,0,59.16
fold2_room1_mix1722,82,5,0,-9,0,42.71
fold2_room1_mix1722,82,5,0,-98,-1,9.81
fold2_room1_mix1722,82,5,0,-173,0,58.14
fold2_room1_mix1722,83,5,0,-10,0,36.97
fold2_room1_mix1722,83,5,0,-124,-1,11.09
fold2_room1_mix1722,83,5,0,-173,0,65.20
fold2_room1_mix1722,84,5,0,-9,0,33.10
fold2_room1_mix1722,84,5,0,-136,0,12.16
fold2_room1_mix1722,84,5,0,-175,0,66.40
fold2_room1_mix1722,85,5,0,-10,0,33.09
fold2_room1_mix1722,85,5,0,-140,0,12.58
fold2_room1_mix1722,85,5,0,-175,0,69.72
fold2_room1_mix1722,86,5,0,-13,0,26.01
fold2_room1_mix1722,86,5,0,-152,0,17.27
fold2_room1_mix1722,86,5,0,-174,0,75.60
fold2_room1_mix1722,87,5,0,-16,0,20.45
fold2_room1_mix1722,87,5,0,-154,0,17.78
fold2_room1_mix1722,87,5,0,-176,0,72.47
fold2_room1_mix1722,88,5,0,-15,0,20.57
fold2_room1_mix1722,88,5,0,-158,0,19.83
fold2_room1_mix1722,88,5,0,-177,0,82.13
fold2_room1_mix1722,89,5,0,-23,0,14.51
fold2_room1_mix1722,89,5,0,-171,0,55.97
fold2_room1_mix1722,90,5,0,-32,0,12.31
fold2_room1_mix1722,90,5,0,-169,0,54.90
fold2_room1_mix1722,91,5,0,-57,-1,8.43
fold2_room1_mix1722,91,5,0,-171,0,62.55
fold2_room1_mix1722,92,5,0,-82,-2,7.38
fold2_room1_mix1722,92,5,0,-171,0,62.41
fold2_room1_mix1722,93,5,0,-79,-2,7.08
fold2_room1_mix1722,93,5,0,-171,0,64.88
fold2_room1_mix1722,94,5,0,-114,-2,6.86
fold2_room1_mix1722,94,5,0,-171,0,62.08
fold2_room1_mix1722,95,5,0,-127,-1,7.33
fold2_room1_mix1722,95,5,0,-171,0,59.53
fold2_room1_mix1722,96,5,0,-132,-1,7.80
fold2_room1_mix1722,96,5,0,-173,0,61.88
fold2_room1_mix1722,97,5,0,-141,-1,9.67
fold2_room1_mix1722,97,5,0,-172,0,64.18
fold2_room1_mix1722,98,5,0,-145,-1,10.84
fold2_room1_mix1722,98,5,0,-173,0,61.92
fold2_room1_mix1722,99,5,0,-149,-1,11.87
fold2_room1_mix1722,99,5,0,-173,0,65.95
fold2_room1_mix1723,4,5,0,0,1,2.46
fold2_room1_mix1723,5,5,0,1,1,15.79
fold2_room1_mix1723,6,5,0,-5,0,33.03
fold2_room1_mix1723,7,5,0,-2,0,41.18
fold2_room1_mix1723,8,5,0,-1,0,76.52
fold2_room1_mix1723,9,5,0,-4,0,104.87
fold2_room1_mix1723,10,5,0,-3,0,106.52
fold2_room1_mix1723,11,5,0,0,0,107.19
fold2_room1_mix1723,12,5,0,-3,0,94.38
fold2_room1_mix1723,13,5,0,-1,0,92.42
fold2_room1_mix1723,14,5,0,-2,0,95.15
fold2_room1_mix1723,15,5,0,-3,0,104.61
fold2_room1_mix1723,16,5,0,-2,0,103.89
fold2_room1_mix1723,17,5,0,-2,0,100.06
fold2_room1_mix1723,18,5,0,-2,0,103.80
fold2_room1_mix1723,19,5,0,-2,0,106.09
fold2_room1_mix1723,20,5,0,-2,0,106.27
fold2_room1_mix1723,21,5,0,-3,0,105.80
fold2_room1_mix1723,22,5,0,-2,0,106.66
fold2_room1_mix1723,23,5,0,-2,0,107.53
fold2_room1_mix1723,24,5,0,-2,0,103.57
fold2_room1_mix1723,25,5,0,-1,0,107.39
fold2_room1_mix1723,26,5,0,-3,0,107.60
fold2_room1_mix1723,27,5,0,-2,0,107.96
fold2_room1_mix1723,28,5,0,-3,0,107.78
fold2_room1_mix1723,29,5,0,-3,0,109.70
fold2_room1_mix1723,30,5,0,-3,0,100.66
fold2_room1_mix1723,31,5,0,-3,0,105.69
fold2_room1_mix1723,32,5,0,-2,0,104.87
fold2_room1_mix1723,33,5,0,-4,0,103.06
fold2_room1_mix1723,34,5,0,-3,0,102.86
fold2_room1_mix1723,35,5,0,-4,0,106.11
fold2_room1_mix1723,36,5,0,-5,0,99.01
fold2_room1_mix1723,37,5,0,-5,0,96.97
fold2_room1_mix1723,38,5,0,-5,0,95.72
fold2_room1_mix1723,39,5,0,-4,0,95.84
fold2_room1_mix1723,40,5,0,-5,0,91.50
fold2_room1_mix1723,41,5,0,-5,0,95.95
fold2_room1_mix1723,42,5,0,-6,0,93.98
fold2_room1_mix1723,43,5,0,-6,0,86.80
fold2_room1_mix1723,44,5,0,-7,0,86.06
fold2_room1_mix1723,45,5,0,-7,0,84.14
fold2_room1_mix1723,46,5,0,-8,0,79.51
fold2_room1_mix1723,47,5,0,-8,0,76.02
fold2_room1_mix1723,48,5,0,-8,0,75.84
fold2_room1_mix1723,49,5,0,-4,0,94.87
fold2_room1_mix1723,49,5,0,-20,0,21.50
fold2_room1_mix1723,50,5,0,-3,0,91.39
fold2_room1_mix1723,50,5,0,-21,0,19.71
fold2_room1_mix1723,51,5,0,-3,0,88.87
fold2_room1_mix1723,51,5,0,-23,0,17.72
fold2_room1_mix1723,52,5,0,-3,0,87.06
fold2_room1_mix1723,52,5,0,-23,0,17.45
fold2_room1_mix1723,53,5,0,-4,0,85.37
fold2_room1_mix1723,53,5,0,-26,0,15.80
fold2_room1_mix1723,54,5,0,-4,0,84.51
fold2_room1_mix1723,54,5,0,-29,0,14.37
fold2_room1_mix1723,55,5,0,-3,0,80.98
fold2_room1_mix1723,55,5,0,-35,0,12.32
fold2_room1_mix1723,56,5,0,-3,0,80.60
fold2_room1_mix1723,56,5,0,-41,0,11.08
fold2_room1_mix1723,57,5,0,-4,0,81.92
fold2_room1_mix1723,57,5,0,-50,0,9.82
fold2_room1_mix1723,58,5,0,-5,0,80.80
fold2_room1_mix1723,58,5,0,-63,-1,8.74
fold2_room1_mix1723,59,5,0,-5,0,82.53
fold2_room1_mix1723,59,5,0,-70,-1,8.75
fold2_room1_mix1723,60,5,0,-5,0,76.80
fold2_room1_mix1723,60,5,0,-93,-1,8.00
fold2_room1_mix1723,61,5,0,-6,0,79.98
fold2_room1_mix1723,61,5,0,-113,-1,9.04
fold2_room1_mix1723,62,5,0,-7,0,71.20
fold2_room1_mix1723,62,5,0,-124,0,9.65
fold2_room1_mix1723,63,5,0,-7,0,68.94
fold2_room1_mix1723,63,5,0,-135,0,11.74
fold2_room1_mix1723,64,5,0,-7,0,67.23
fold2_room1_mix1723,64,5,0,-140,0,12.61
fold2_room1_mix1723,65,5,0,-7,0,62.73
fold2_room1_mix1723,65,5,0,-146,0,15.24
fold2_room1_mix1723,66,5,0,-7,0,59.67
fold2_room1_mix1723,66,5,0,-149,0,16.37
fold2_room1_mix1723,67,5,0,-8,0,58.82
fold2_room1_mix1723,67,5,0,-152,0,17.72
fold2_room1_mix1723,68,5,0,-9,0,50.93
fold2_room1_mix1723,68,5,0,-155,0,19.96
fold2_room1_mix1723,69,5,0,-9,0,52.76
fold2_room1_mix1723,69,5,0,-159,0,23.71
fold2_room1_mix1723,70,5,0,-10,0,50.17
fold2_room1_mix1723,70,5,0,-156,0,22.98
fold2_room1_mix1723,71,5,0,-11,0,47.99
fold2_room1_mix1723,71,5,0,-162,0,29.13
fold2_room1_mix1723,72,5,0,-10,0,50.60
fold2_room1_mix1723,72,5,0,-161,0,28.82
fold2_room1_mix1723,73,5,0,-6,0,62.02
fold2_room1_mix1723,73,5,0,-26,0,21.68
fold2_room1_mix1723,73,5,0,-164,0,37.24
fold2_room1_mix1723,74,5,0,-8,0,53.68
fold2_room1_mix1723,74,5,0,-31,0,18.39
fold2_room1_mix1723,74,5,0,-163,0,36.51
fold2_room1_mix1723,75,5,0,-11,0,39.96
fold2_room1_mix1723,75,5,0,-61,0,12.58
fold2_room1_mix1723,75,5,0,-167,0,42.04
fold2_room1_mix1723,76,5,0,-11,0,46.32
fold2_room1_mix1723,76,5,0,-58,0,13.95
fold2_room1_mix1723,76,5,0,-166,0,47.66
fold2_room1_mix1723,77,5,0,-12,0,37.34
fold2_room1_mix1723,77,5,0,-96,-1,12.04
fold2_room1_mix1723,77,5,0,-168,0,50.88
fold2_room1_mix1723,78,5,0,-15,0,35.48
fold2_room1_mix1723,78,5,0,-105,0,11.67
fold2_room1_mix1723,78,5,0,-166,0,48.93
fold2_room1_mix1723,79,5,0,-14,0,36.28
fold2_room1_mix1723,79,5,0,-114,0,11.55
fold2_room1_mix1723,79,5,0,-168,0,53.32
fold2_room1_mix1723,80,5,0,-15,0,29.02
fold2_room1_mix1723,80,5,0,-127,-1,12.63
fold2_room1_mix1723,80,5,0,-168,0,53.22
fold2_room1_mix1723,81,5,0,-15,0,31.14
fold2_room1_mix1723,81,5,0,-127,0,12.37
fold2_room1_mix1723,81,5,0,-169,0,55.15
fold2_room1_mix1723,82,5,0,-14,0,31.87
fold2_room1_mix1723,82,5,0,-124,0,12.44
fold2_room1_mix1723,82,5,0,-169,0,55.26
fold2_room1_mix1723,83,5,0,-20,0,21.61
fold2_room1_mix1723,83,5,0,-141,0,14.93
fold2_room1_mix1723,83,5,0,-170,0,59.15
fold2_room1_mix1723,84,5,0,-21,0,20.83
fold2_room1_mix1723,84,5,0,-145,0,16.17
fold2_room1_mix1723,84,5,0,-171,0,63.65
fold2_room1_mix1723,85,5,0,-47,0,11.41
fold2_room1_mix1723,85,5,0,-166,0,50.49
fold2_room1_mix1723,86,5,0,-61,-1,9.31
fold2_room1_mix1723,86,5,0,-157,0,21.61
fold2_room1_mix1723,86,5,0,-172,0,71.56
fold2_room1_mix1723,87,5,0,-66,-1,8.65
fold2_room1_mix1723,87,5,0,-165,0,48.07
fold2_room1_mix1723,88,5,0,-81,-1,8.54
fold2_room1_mix1723,88,5,0,-167,0,52.81
fold2_room1_mix1723,89,5,0,-95,-1,8.19
fold2_room1_mix1723,89,5,0,-169,0,58.26
fold2_room1_mix1723,90,5,0,-110,-1,8.25
fold2_room1_mix1723,90,5,0,-168,0,52.82
fold2_room1_mix1723,91,5,0,-121,-1,9.16
fold2_room1_mix1723,91,5,0,-170,0,58.76
fold2_room1_mix1723,92,5,0,-128,-1,9.87
fold2_room1_mix1723,92,5,0,-168,0,55.75
fold2_room1_mix1723,93,5,0,-133,-1,10.21
fold2_room1_mix1723,93,5,0,-168,0,54.29
fold2_room1_mix1723,94,5,0,-135,-1,10.67
fold2_room1_mix1723,94,5,0,-168,0,51.23
fold2_room1_mix1723,95,5,0,-143,-1,12.82
fold2_room1_mix1723,95,5,0,-169,0,56.76
fold2_room1_mix1723,96,5,0,-146,-1,14.48
fold2_room1_mix1723,96,5,0,-170,0,58.10
fold2_room1_mix1723,97,5,0,-151,0,17.10
fold2_room1_mix1723,97,5,0,-171,0,64.14
fold2_room1_mix1723,98,5,0,-153,0,17.11
fold2_room1_mix1723,98,5,0,-171,0,62.48
fold2_room1_mix1723,99,5,0,-166,0,52.33
fold2_room1_mix1724,6,5,0,1,1,5.38
fold2_room1_mix1724,7,5,0,1,0,24.64
fold2_room1_mix1724,8,5,0,2,0,52.91
fold2_room1_mix1724,9,7,0,1,0,24.03
fold2_room1_mix1724,10,5,0,2,0,100.98
fold2_room1_mix1724,11,5,0,5,0,102.33
fold2_room1_mix1724,12,5,0,5,0,97.99
fold2_room1_mix1724,13,5,0,3,0,103.42
fold2_room1_mix1724,14,5,0,5,0,98.96
fold2_room1_mix1724,15,5,0,6,0,99.05
fold2_room1_mix1724,16,5,0,2,0,104.09
fold2_room1_mix1724,17,5,0,5,0,115.26
fold2_room1_mix1724,18,5,0,5,0,104.13
fold2_room1_mix1724,19,5,0,3,0,109.40
fold2_room1_mix1724,20,5,0,5,0,107.22
fold2_room1_mix1724,21,5,0,5,0,95.55
fold2_room1_mix1724,22,5,0,3,0,101.00
fold2_room1_mix1724,23,5,0,4,0,104.65
fold2_room1_mix1724,24,5,0,5,0,99.87
fold2_room1_mix1724,25,5,0,5,0,104.59
fold2_room1_mix1724,26,5,0,4,0,98.42
fold2_room1_mix1724,27,5,0,5,0,104.51
fold2_room1_mix1724,28,5,0,6,0,97.27
fold2_room1_mix1724,29,5,0,7,0,100.04
fold2_room1_mix1724,30,5,0,6,0,100.98
fold2_room1_mix1724,31,5,0,6,0,95.65
fold2_room1_mix1724,32,5,0,7,0,97.36
fold2_room1_mix1724,33,5,0,6,0,97.38
fold2_room1_mix1724,34,5,0,6,0,98.41
fold2_room1_mix1724,35,5,0,9,0,98.78
fold2_room1_mix1724,36,5,0,7,0,98.18
fold2_room1_mix1724,37,5,0,7,0,97.41
fold2_room1_mix1724,38,5,0,8,0,101.31
fold2_room1_mix1724,39,5,0,9,0,92.74
fold2_room1_mix1724,40,5,0,7,0,93.61
fold2_room1_mix1724,41,5,0,8,0,89.11
fold2_room1_mix1724,42,5,0,8,0,90.68
fold2_room1_mix1724,43,5,0,9,0,81.29
fold2_room1_mix1724,44,5,0,9,0,75.10
fold2_room1_mix1724,45,5,0,6,0,98.67
fold2_room1_mix1724,45,5,0,25,0,24.15
fold2_room1_mix1724,46,5,0,6,0,89.06
fold2_room1_mix1724,46,5,0,27,0,19.81
fold2_room1_mix1724,47,5,0,6,0,90.64
fold2_room1_mix1724,47,5,0,29,0,17.85
fold2_room1_mix1724,48,5,0,5,0,88.59
fold2_room1_mix1724,48,5,0,34,0,14.69
fold2_room1_mix1724,49,5,0,6,0,82.98
fold2_room1_mix1724,49,5,0,43,-1,11.91
fold2_room1_mix1724,50,5,0,6,0,78.09
fold2_room1_mix1724,50,5,0,45,-1,11.45
fold2_room1_mix1724,51,5,0,6,0,79.04
fold2_room1_mix1724,51,5,0,53,-1,9.99
fold2_room1_mix1724,52,5,0,8,0,73.57
fold2_room1_mix1724,52,5,0,74,-1,8.76
fold2_room1_mix1724,53,5,0,8,0,74.53
fold2_room1_mix1724,53,5,0,93,-2,8.66
fold2_room1_mix1724,54,5,0,9,0,70.23
fold2_room1_mix1724,54,5,0,103,-2,9.21
fold2_room1_mix1724,55,5,0,8,0,72.31
fold2_room1_mix1724,55,5,0,115,-2,10.24
fold2_room1_mix1724,56,5,0,9,0,66.62
fold2_room1_mix1724,56,5,0,131,-1,12.60
fold2_room1_mix1724,57,5,0,8,0,69.18
fold2_room1_mix1724,57,5,0,136,-1,13.17
fold2_room1_mix1724,58,5,0,8,0,66.20
fold2_room1_mix1724,58,5,0,141,-1,15.02
fold2_room1_mix1724,59,5,0,8,0,65.55
fold2_room1_mix1724,59,5,0,145,-1,16.66
fold2_room1_mix1724,60,5,0,8,0,65.12
fold2_room1_mix1724,60,5,0,150,-1,18.44
fold2_room1_mix1724,61,5,0,9,0,64.82
fold2_room1_mix1724,61,5,0,153,0,20.05
fold2_room1_mix1724,62,5,0,9,0,60.61
fold2_room1_mix1724,62,5,0,156,0,22.97
fold2_room1_mix1724,63,5,0,10,0,55.54
fold2_room1_mix1724,63,5,0,156,0,22.45
fold2_room1_mix1724,64,5,0,10,0,60.24
fold2_room1_mix1724,64,5,0,157,0,22.90
fold2_room1_mix1724,65,5,0,10,0,55.45
fold2_room1_mix1724,65,5,0,158,0,24.49
fold2_room1_mix1724,66,5,0,10,0,59.70
fold2_room1_mix1724,66,5,0,161,0,27.20
fold2_room1_mix1724,67,5,0,10,0,59.28
fold2_room1_mix1724,67,5,0,162,0,30.65
fold2_room1_mix1724,68,5,0,10,0,53.21
fold2_room1_mix1724,68,5,0,162,0,30.24
fold2_room1_mix1724,69,5,0,11,0,49.98
fold2_room1_mix1724,69,5,0,165,0,32.22
fold2_room1_mix1724,70,5,0,12,0,55.48
fold2_room1_mix1724,70,5,0,166,0,38.60
fold2_room1_mix1724,71,5,0,12,0,54.10
fold2_room1_mix1724,71,5,0,167,0,42.77
fold2_room1_mix1724,72,5,0,13,0,51.61
fold2_room1_mix1724,72,5,0,167,0,44.43
fold2_room1_mix1724,73,5,0,13,0,51.33
fold2_room1_mix1724,73,5,0,168,0,43.16
fold2_room1_mix1724,74,5,0,6,0,82.22
fold2_room1_mix1724,74,5,0,22,0,24.87
fold2_room1_mix1724,74,5,0,168,0,47.39
fold2_room1_mix1724,75,5,0,11,0,57.30
fold2_room1_mix1724,75,5,0,168,0,44.49
fold2_room1_mix1724,76,5,0,11,0,56.05
fold2_room1_mix1724,76,5,0,169,0,45.50
fold2_room1_mix1724,77,5,0,5,0,74.37
fold2_room1_mix1724,77,5,0,25,0,22.16
fold2_room1_mix1724,77,5,0,168,0,49.93
fold2_room1_mix1724,78,5,0,6,0,72.72
fold2_room1_mix1724,78,5,0,32,0,19.21
fold2_room1_mix1724,78,5,0,170,0,53.97
fold2_room1_mix1724,79,5,0,8,0,51.36
fold2_room1_mix1724,79,5,0,60,0,13.34
fold2_room1_mix1724,79,5,0,170,0,54.52
fold2_room1_mix1724,80,5,0,6,0,67.27
fold2_room1_mix1724,80,5,0,39,0,17.03
fold2_room1_mix1724,80,5,0,171,0,57.64
fold2_room1_mix1724,81,5,0,7,0,63.86
fold2_room1_mix1724,81,5,0,50,-1,15.32
fold2_room1_mix1724,81,5,0,170,0,58.78
fold2_room1_mix1724,82,5,0,6,0,73.86
fold2_room1_mix1724,82,5,0,39,0,17.68
fold2_room1_mix1724,82,5,0,171,0,61.17
fold2_room1_mix1724,83,5,0,6,0,67.31
fold2_room1_mix1724,83,5,0,53,0,16.35
fold2_room1_mix1724,83,5,0,170,0,62.86
fold2_room1_mix1724,84,5,0,6,0,70.86
fold2_room1_mix1724,84,5,0,50,0,16.75
fold2_room1_mix1724,84,5,0,171,0,64.45
fold2_room1_mix1724,85,5,0,9,0,46.10
fold2_room1_mix1724,85,5,0,113,-1,14.94
fold2_room1_mix1724,85,5,0,172,0,71.69
fold2_room1_mix1724,86,5,0,11,0,43.38
fold2_room1_mix1724,86,5,0,120,-1,15.05
fold2_room1_mix1724,86,5,0,172,0,74.71
fold2_room1_mix1724,87,5,0,15,0,34.91
fold2_room1_mix1724,87,5,0,137,0,16.98
fold2_room1_mix1724,87,5,0,172,0,76.13
fold2_room1_mix1724,88,5,0,19,0,25.85
fold2_room1_mix1724,88,5,0,148,0,20.49
fold2_room1_mix1724,88,5,0,174,0,79.38
fold2_room1_mix1724,89,5,0,15,0,34.44
fold2_room1_mix1724,89,5,0,142,0,18.33
fold2_room1_mix1724,89,5,0,172,0,81.24
fold2_room1_mix1724,90,5,0,17,0,31.98
fold2_room1_mix1724,90,5,0,146,-1,19.82
fold2_room1_mix1724,90,5,0,172,0,85.34
fold2_room1_mix1724,91,5,0,18,0,32.64
fold2_room1_mix1724,91,5,0,146,0,20.23
fold2_room1_mix1724,91,5,0,172,0,84.58
fold2_room1_mix1724,92,5,0,29,-1,16.90
fold2_room1_mix1724,92,5,0,165,0,56.73
fold2_room1_mix1724,93,5,0,36,-1,14.52
fold2_room1_mix1724,93,5,0,168,0,64.64
fold2_room1_mix1724,94,5,0,52,-2,10.48
fold2_room1_mix1724,94,5,0,169,0,64.80
fold2_room1_mix1724,95,5,0,54,-1,10.05
fold2_room1_mix1724,95,5,0,169,0,63.98
fold2_room1_mix1724,96,5,0,76,-2,8.68
fold2_room1_mix1724,96,5,0,170,0,68.17
fold2_room1_mix1724,97,5,0,89,-2,8.17
fold2_room1_mix1724,97,5,0,169,0,66.96
fold2_room1_mix1724,98,5,0,96,-2,7.69
fold2_room1_mix1724,98,5,0,170,0,71.88
fold2_room1_mix1724,99,5,0,96,-2,8.02
fold2_room1_mix1724,99,5,0,169,0,73.56
fold2_room1_mix1725,5,5,0,-2,1,19.57
fold2_room1_mix1725,6,5,0,0,0,33.54
fold2_room1_mix1725,7,5,0,-1,0,45.15
fold2_room1_mix1725,8,5,0,-1,0,75.22
fold2_room1_mix1725,9,5,0,0,0,100.89
fold2_room1_mix1725,10,5,0,-1,0,101.23
fold2_room1_mix1725,11,5,0,-1,0,97.54
fold2_room1_mix1725,12,5,0,-1,0,93.29
fold2_room1_mix1725,13,5,0,-2,0,96.45
fold2_room1_mix1725,14,5,0,-1,0,99.44
fold2_room1_mix1725,15,5,0,-1,0,98.59
fold2_room1_mix1725,16,5,0,-1,0,99.44
fold2_room1_mix1725,17,5,0,-2,0,99.70
fold2_room1_mix1725,18,5,0,-2,0,98.43
fold2_room1_mix1725,19,5,0,-2,0,100.62
fold2_room1_mix1725,20,5,0,-2,0,100.26
fold2_room1_mix1725,21,5,0,-4,0,103.04
fold2_room1_mix1725,22,5,0,-3,0,104.33
fold2_room1_mix1725,23,5,0,-3,0,99.67
fold2_room1_mix1725,24,5,0,-3,0,99.51
fold2_room1_mix1725,25,5,0,-3,0,98.78
fold2_room1_mix1725,26,5,0,-5,0,97.52
fold2_room1_mix1725,27,5,0,-5,0,101.14
fold2_room1_mix1725,28,5,0,-5,0,99.23
fold2_room1_mix1725,29,5,0,-5,0,95.16
fold2_room1_mix1725,30,5,0,-5,0,100.91
fold2_room1_mix1725,31,5,0,-5,0,95.01
fold2_room1_mix1725,32,5,0,-6,0,93.18
fold2_room1_mix1725,33,5,0,-6,0,87.01
fold2_room1_mix1725,34,5,0,-6,0,82.97
fold2_room1_mix1725,35,5,0,-6,0,82.03
fold2_room1_mix1725,36,5,0,-6,0,80.39
fold2_room1_mix1725,37,5,0,-7,0,75.94
fold2_room1_mix1725,38,5,0,-7,0,74.79
fold2_room1_mix1725,39,5,0,-7,0,71.76
fold2_room1_mix1725,40,5,0,-7,0,68.22
fold2_room1_mix1725,41,5,0,-8,0,67.91
fold2_room1_mix1725,42,5,0,-2,0,89.16
fold2_room1_mix1725,42,5,0,-20,0,16.75
fold2_room1_mix1725,43,5,0,-2,0,86.02
fold2_room1_mix1725,43,5,0,-21,0,16.07
fold2_room1_mix1725,44,5,0,-2,0,85.20
fold2_room1_mix1725,44,5,0,-21,0,15.67
fold2_room1_mix1725,45,5,0,-2,0,81.98
fold2_room1_mix1725,45,5,0,-26,0,13.21
fold2_room1_mix1725,46,5,0,-2,0,84.79
fold2_room1_mix1725,46,5,0,-35,0,11.54
fold2_room1_mix1725,47,5,0,-2,0,84.62
fold2_room1_mix1725,47,5,0,-43,-1,10.04
fold2_room1_mix1725,48,5,0,-3,0,86.93
fold2_room1_mix1725,48,5,0,-56,-1,8.34
fold2_room1_mix1725,49,5,0,-3,0,85.14
fold2_room1_mix1725,49,5,0,-63,-1,7.98
fold2_room1_mix1725,50,5,0,-3,0,83.41
fold2_room1_mix1725,50,5,0,-85,-1,7.70
fold2_room1_mix1725,51,5,0,-4,0,84.51
fold2_room1_mix1725,51,5,0,-115,-1,8.87
fold2_room1_mix1725,52,5,0,-4,0,82.40
fold2_room1_mix1725,52,5,0,-127,-1,10.12
fold2_room1_mix1725,53,5,0,-4,0,81.29
fold2_room1_mix1725,53,5,0,-133,-1,10.74
fold2_room1_mix1725,54,5,0,-4,0,74.42
fold2_room1_mix1725,54,5,0,-140,0,12.34
fold2_room1_mix1725,55,5,0,-5,0,66.24
fold2_room1_mix1725,55,5,0,-148,0,14.67
fold2_room1_mix1725,56,5,0,-5,0,63.55
fold2_room1_mix1725,56,5,0,-151,0,15.87
fold2_room1_mix1725,57,5,0,-6,0,62.83
fold2_room1_mix1725,57,5,0,-152,0,16.68
fold2_room1_mix1725,58,5,0,-5,0,66.13
fold2_room1_mix1725,58,5,0,-155,0,17.81
fold2_room1_mix1725,59,5,0,-5,0,63.44
fold2_room1_mix1725,59,5,0,-155,0,17.70
fold2_room1_mix1725,60,5,0,-5,0,62.20
fold2_room1_mix1725,60,5,0,-161,0,22.17
fold2_room1_mix1725,61,5,0,-6,0,59.25
fold2_room1_mix1725,61,5,0,-162,0,22.86
fold2_room1_mix1725,62,5,0,-6,0,59.34
fold2_room1_mix1725,62,5,0,-162,0,23.57
fold2_room1_mix1725,63,5,0,-7,0,53.60
fold2_room1_mix1725,63,5,0,-163,0,24.57
fold2_room1_mix1725,64,5,0,-7,0,55.47
fold2_room1_mix1725,64,5,0,-165,0,29.88
fold2_room1_mix1725,65,5,0,-7,0,55.69
fold2_room1_mix1725,65,5,0,-165,0,29.68
fold2_room1_mix1725,66,5,0,-8,0,53.80
fold2_room1_mix1725,66,5,0,-166,0,33.29
fold2_room1_mix1725,67,5,0,-4,0,68.56
fold2_room1_mix1725,67,5,0,-20,0,23.59
fold2_room1_mix1725,67,5,0,-167,0,35.92
fold2_room1_mix1725,68,5,0,-6,0,56.37
fold2_room1_mix1725,68,5,0,-28,0,17.65
fold2_room1_mix1725,68,5,0,-168,0,41.25
fold2_room1_mix1725,69,5,0,-8,0,47.01
fold2_room1_mix1725,69,5,0,-42,-1,13.27
fold2_room1_mix1725,69,5,0,-170,0,43.86
fold2_room1_mix1725,70,5,0,-7,0,49.78
fold2_room1_mix1725,70,5,0,-46,-1,13.20
fold2_room1_mix1725,70,5,0,-171,0,48.33
fold2_room1_mix1725,71,5,0,-5,0,62.54
fold2_room1_mix1725,71,5,0,-32,0,17.63
fold2_room1_mix1725,71,5,0,-170,0,47.64
fold2_room1_mix1725,72,5,0,-7,0,52.52
fold2_room1_mix1725,72,5,0,-48,0,12.66
fold2_room1_mix1725,72,5,0,-172,0,51.89
fold2_room1_mix1725,73,5,0,-5,0,63.65
fold2_room1_mix1725,73,5,0,-40,0,15.33
fold2_room1_mix1725,73,5,0,-172,0,53.19
fold2_room1_mix1725,74,5,0,-9,0,44.61
fold2_room1_mix1725,74,5,0,-74,-1,11.00
fold2_room1_mix1725,74,5,0,-172,0,53.01
fold2_room1_mix1725,75,5,0,-7,0,54.23
fold2_room1_mix1725,75,5,0,-40,0,14.19
fold2_room1_mix1725,75,5,0,-171,0,50.00
fold2_room1_mix1725,76,5,0,-9,0,40.88
fold2_room1_mix1725,76,5,0,-96,-1,11.05
fold2_room1_mix1725,76,5,0,-172,0,58.08
fold2_room1_mix1725,77,5,0,-9,0,42.20
fold2_room1_mix1725,77,5,0,-98,-1,11.28
fold2_room1_mix1725,77,5,0,-173,0,59.24
fold2_room1_mix1725,78,5,0,-7,0,49.83
fold2_room1_mix1725,78,5,0,-82,-1,11.18
fold2_room1_mix1725,78,5,0,-173,0,59.76
fold2_room1_mix1725,79,5,0,-8,0,47.47
fold2_room1_mix1725,79,5,0,-85,-1,11.02
fold2_room1_mix1725,79,5,0,-172,0,60.08
fold2_room1_mix1725,80,5,0,-8,0,44.98
fold2_room1_mix1725,80,5,0,-109,-1,10.50
fold2_room1_mix1725,80,5,0,-174,0,63.90
fold2_room1_mix1725,81,5,0,-7,0,52.39
fold2_room1_mix1725,81,5,0,-76,-1,11.21
fold2_room1_mix1725,81,5,0,-173,0,63.02
fold2_room1_mix1725,82,5,0,-8,0,45.87
fold2_room1_mix1725,82,5,0,-104,-1,10.96
fold2_room1_mix1725,82,5,0,-172,0,65.31
fold2_room1_mix1725,83,5,0,-12,0,35.40
fold2_room1_mix1725,83,5,0,-125,-1,12.23
fold2_room1_mix1725,83,5,0,-171,0,65.09
fold2_room1_mix1725,84,5,0,-10,0,38.80
fold2_room1_mix1725,84,5,0,-131,0,12.72
fold2_room1_mix1725,84,5,0,-173,0,71.41
fold2_room1_mix1725,85,5,0,-8,0,49.74
fold2_room1_mix1725,85,5,0,-97,-1,10.59
fold2_room1_mix1725,85,5,0,-174,0,65.02
fold2_room1_mix1725,86,5,0,-10,0,35.07
fold2_room1_mix1725,86,5,0,-138,-1,13.56
fold2_room1_mix1725,86,5,0,-176,0,74.02
fold2_room1_mix1725,87,5,0,-7,0,44.57
fold2_room1_mix1725,87,5,0,-126,-1,12.04
fold2_room1_mix1725,87,5,0,-176,0,73.13
fold2_room1_mix1725,88,5,0,-8,0,38.41
fold2_room1_mix1725,88,5,0,-137,0,13.83
fold2_room1_mix1725,88,5,0,-176,0,78.70
fold2_room1_mix1725,89,5,0,-11,0,31.90
fold2_room1_mix1725,89,5,0,-143,-1,15.33
fold2_room1_mix1725,89,5,0,-176,0,80.00
fold2_room1_mix1725,90,5,0,-13,0,27.84
fold2_room1_mix1725,90,5,0,-145,0,16.24
fold2_room1_mix1725,90,5,0,-175,0,78.13
fold2_room1_mix1725,91,5,0,-13,0,26.11
fold2_room1_mix1725,91,5,0,-150,-1,17.33
fold2_room1_mix1725,91,5,0,-175,0,83.41
fold2_room1_mix1725,92,5,0,-16,0,20.62
fold2_room1_mix1725,92,5,0,-159,0,22.13
fold2_room1_mix1725,92,5,0,-176,0,95.90
fold2_room1_mix1725,93,5,0,-35,0,15.41
fold2_room1_mix1725,93,5,0,-161,0,25.01
fold2_room1_mix1725,93,5,0,-176,0,100.77
fold2_room1_mix1725,94,5,0,-24,0,17.70
fold2_room1_mix1725,94,5,0,-171,0,66.75
fold2_room1_mix1725,95,5,0,-25,0,16.14
fold2_room1_mix1725,95,5,0,-171,0,63.19
fold2_room1_mix1725,96,5,0,-17,0,18.17
fold2_room1_mix1725,96,5,0,-171,0,62.60
fold2_room1_mix1725,97,5,0,-14,0,18.19
fold2_room1_mix1725,97,5,0,-171,0,62.13
fold2_room1_mix1725,98,5,0,-16,0,17.61
fold2_room1_mix1725,98,5,0,-170,0,61.23
fold2_room1_mix1725,99,5,0,-19,-1,15.40
fold2_room1_mix1725,99,5,0,-171,0,65.34
fold2_room1_mix1726,6,5,0,0,1,10.33
fold2_room1_mix1726,7,5,0,0,0,35.40
fold2_room1_mix1726,8,5,0,-1,0,48.05
fold2_room1_mix1726,9,5,0,0,0,79.63
fold2_room1_mix1726,10,5,0,-2,0,108.37
fold2_room1_mix1726,11,5,0,0,0,106.78
fold2_room1_mix1726,12,5,0,0,0,103.18
fold2_room1_mix1726,13,5,0,0,0,105.28
fold2_room1_mix1726,14,5,0,1,0,101.09
fold2_room1_mix1726,15,5,0,1,0,96.67
fold2_room1_mix1726,16,5,0,0,0,107.79
fold2_room1_mix1726,17,5,0,0,0,103.48
fold2_room1_mix1726,18,5,0,0,0,105.16
fold2_room1_mix1726,19,5,0,1,0,102.98
fold2_room1_mix1726,20,5,0,0,0,115.27
fold2_room1_mix1726,21,5,0,0,0,110.47
fold2_room1_mix1726,22,5,0,0,0,115.54
fold2_room1_mix1726,23,5,0,0,0,103.73
fold2_room1_mix1726,24,5,0,0,0,104.03
fold2_room1_mix1726,25,5,0,0,0,106.26
fold2_room1_mix1726,26,5,0,0,0,106.02
fold2_room1_mix1726,27,5,0,0,0,104.19
fold2_room1_mix1726,28,5,0,-1,0,109.02
fold2_room1_mix1726,29,5,0,-2,0,104.89
fold2_room1_mix1726,30,5,0,-2,0,99.92
fold2_room1_mix1726,31,5,0,-3,0,95.95
fold2_room1_mix1726,32,5,0,-2,0,103.67
fold2_room1_mix1726,33,5,0,-3,0,100.44
fold2_room1_mix1726,34,5,0,-2,0,102.00
fold2_room1_mix1726,35,5,0,-2,0,96.17
fold2_room1_mix1726,36,5,0,-3,0,98.51
fold2_room1_mix1726,37,5,0,-2,0,95.71
fold2_room1_mix1726,38,5,0,-3,0,99.99
fold2_room1_mix1726,39,5,0,-2,0,95.64
fold2_room1_mix1726,40,5,0,-1,0,96.74
fold2_room1_mix1726,41,5,0,-2,0,96.73
fold2_room1_mix1726,42,5,0,-3,0,100.24
fold2_room1_mix1726,43,5,0,-3,0,95.19
fold2_room1_mix1726,44,5,0,-4,0,96.19
fold2_room1_mix1726,45,5,0,-3,0,96.22
fold2_room1_mix1726,46,5,0,-4,0,97.15
fold2_room1_mix1726,47,5,0,-4,0,96.39
fold2_room1_mix1726,48,5,0,-4,0,94.97
fold2_room1_mix1726,49,5,0,-5,0,93.73
fold2_room1_mix1726,50,5,0,-5,0,88.59
fold2_room1_mix1726,51,5,0,-6,0,85.02
fold2_room1_mix1726,52,5,0,-6,0,83.31
fold2_room1_mix1726,53,5,0,-7,0,80.49
fold2_room1_mix1726,54,5,0,-8,0,77.21
fold2_room1_mix1726,55,5,0,-4,0,99.91
fold2_room1_mix1726,55,5,0,-20,0,21.17
fold2_room1_mix1726,56,5,0,-4,0,94.20
fold2_room1_mix1726,56,5,0,-21,0,19.45
fold2_room1_mix1726,57,5,0,-3,0,97.08
fold2_room1_mix1726,57,5,0,-21,0,20.14
fold2_room1_mix1726,58,5,0,-3,0,96.37
fold2_room1_mix1726,58,5,0,-22,0,17.83
fold2_room1_mix1726,59,5,0,-3,0,89.27
fold2_room1_mix1726,59,5,0,-28,0,14.23
fold2_room1_mix1726,60,5,0,-4,0,87.83
fold2_room1_mix1726,60,5,0,-36,0,12.41
fold2_room1_mix1726,61,5,0,-4,0,84.84
fold2_room1_mix1726,61,5,0,-49,0,9.92
fold2_room1_mix1726,62,5,0,-5,0,82.72
fold2_room1_mix1726,62,5,0,-57,0,9.05
fold2_room1_mix1726,63,5,0,-5,0,79.79
fold2_room1_mix1726,63,5,0,-72,0,8.03
fold2_room1_mix1726,64,5,0,-5,0,81.04
fold2_room1_mix1726,64,5,0,-99,-1,8.40
fold2_room1_mix1726,65,5,0,-5,0,76.28
fold2_room1_mix1726,65,5,0,-116,0,8.55
fold2_room1_mix1726,66,5,0,-5,0,74.94
fold2_room1_mix1726,66,5,0,-131,0,11.11
fold2_room1_mix1726,67,5,0,-5,0,74.01
fold2_room1_mix1726,67,5,0,-136,0,11.95
fold2_room1_mix1726,68,5,0,-5,0,69.14
fold2_room1_mix1726,68,5,0,-146,0,15.30
fold2_room1_mix1726,69,5,0,-7,0,57.50
fold2_room1_mix1726,69,5,0,-150,0,17.75
fold2_room1_mix1726,70,5,0,-6,0,60.64
fold2_room1_mix1726,70,5,0,-152,0,18.94
fold2_room1_mix1726,71,5,0,-6,0,58.30
fold2_room1_mix1726,71,5,0,-155,0,20.94
fold2_room1_mix1726,72,5,0,-7,0,57.96
fold2_room1_mix1726,72,5,0,-158,0,23.13
fold2_room1_mix1726,73,5,0,-7,0,57.71
fold2_room1_mix1726,73,5,0,-159,0,25.55
fold2_room1_mix1726,74,5,0,-7,0,59.91
fold2_room1_mix1726,74,5,0,-161,0,26.57
fold2_room1_mix1726,75,5,0,-8,0,55.61
fold2_room1_mix1726,75,5,0,-163,0,28.95
fold2_room1_mix1726,76,5,0,-10,0,52.10
fold2_room1_mix1726,76,5,0,-165,0,35.28
fold2_room1_mix1726,77,5,0,-3,0,71.88
fold2_room1_mix1726,77,5,0,-20,0,24.76
fold2_room1_mix1726,77,5,0,-165,0,35.54
fold2_room1_mix1726,78,5,0,-6,0,63.18
fold2_room1_mix1726,78,5,0,-28,0,21.00
fold2_room1_mix1726,78,5,0,-166,0,39.61
fold2_room1_mix1726,79,5,0,-8,0,49.17
fold2_room1_mix1726,79,5,0,-48,0,14.05
fold2_room1_mix1726,79,5,0,-168,0,45.30
fold2_room1_mix1726,80,5,0,-6,0,63.92
fold2_room1_mix1726,80,5,0,-34,0,19.33
fold2_room1_mix1726,80,5,0,-167,0,46.48
fold2_room1_mix1726,81,5,0,-11,0,39.11
fold2_room1_mix1726,81,5,0,-88,-1,11.42
fold2_room1_mix1726,81,5,0,-168,0,44.70
fold2_room1_mix1726,82,5,0,-10,0,40.36
fold2_room1_mix1726,82,5,0,-97,-1,11.12
fold2_room1_mix1726,82,5,0,-169,0,49.11
fold2_room1_mix1726,83,5,0,-10,0,45.24
fold2_room1_mix1726,83,5,0,-78,-1,12.00
fold2_room1_mix1726,83,5,0,-170,0,52.41
fold2_room1_mix1726,84,5,0,-12,0,36.03
fold2_room1_mix1726,84,5,0,-116,-1,12.53
fold2_room1_mix1726,84,5,0,-171,0,57.77
fold2_room1_mix1726,85,5,0,-13,0,32.21
fold2_room1_mix1726,85,5,0,-134,0,14.62
fold2_room1_mix1726,85,5,0,-172,0,63.97
fold2_room1_mix1726,86,5,0,-42,0,13.44
fold2_room1_mix1726,86,5,0,-164,0,47.94
fold2_room1_mix1726,87,5,0,-60,-1,8.78
fold2_room1_mix1726,87,5,0,-167,0,47.48
fold2_room1_mix1726,88,5,0,-62,-1,8.90
fold2_room1_mix1726,88,5,0,-158,0,23.01
fold2_room1_mix1726,88,5,0,-174,0,77.49
fold2_room1_mix1726,89,5,0,-78,-1,8.26
fold2_room1_mix1726,89,5,0,-167,0,52.30
fold2_room1_mix1726,90,5,0,-90,-1,7.09
fold2_room1_mix1726,90,5,0,-168,0,53.38
fold2_room1_mix1726,91,5,0,-109,-1,7.73
fold2_room1_mix1726,91,5,0,-169,0,53.97
fold2_room1_mix1726,92,5,0,-118,-1,8.08
fold2_room1_mix1726,92,5,0,-169,0,56.88
fold2_room1_mix1726,93,5,0,-126,-1,9.02
fold2_room1_mix1726,93,5,0,-170,0,57.51
fold2_room1_mix1726,94,5,0,-132,-1,10.34
fold2_room1_mix1726,94,5,0,-170,0,61.37
fold2_room1_mix1726,95,5,0,-137,-1,11.13
fold2_room1_mix1726,95,5,0,-170,0,59.14
fold2_room1_mix1726,96,5,0,-141,-1,12.32
fold2_room1_mix1726,96,5,0,-171,0,62.50
fold2_room1_mix1726,97,5,0,-147,-1,13.98
fold2_room1_mix1726,97,5,0,-172,0,64.73
fold2_room1_mix1726,98,5,0,-149,-1,14.97
fold2_room1_mix1726,98,5,0,-172,0,69.06
fold2_room1_mix1726,99,5,0,-153,-1,18.26
fold2_room1_mix1726,99,5,0,-173,0,75.25
fold2_room1_mix1727,4,5,0,175,2,5.04
fold2_room1_mix1727,5,5,0,174,1,15.67
fold2_room1_mix1727,6,5,0,172,1,21.58
fold2_room1_mix1727,7,5,0,173,0,50.82
fold2_room1_mix1727,8,5,0,173,0,67.05
fold2_room1_mix1727,9,5,0,175,0,109.75
fold2_room1_mix1727,10,5,0,174,0,109.63
fold2_room1_mix1727,11,5,0,172,0,103.22
fold2_room1_mix1727,12,5,0,174,0,104.59
fold2_room1_mix1727,13,5,0,173,0,106.87
fold2_room1_mix1727,14,5,0,174,0,103.01
fold2_room1_mix1727,15,5,0,174,0,105.64
fold2_room1_mix1727,16,5,0,175,0,108.63
fold2_room1_mix1727,17,5,0,175,0,108.29
fold2_room1_mix1727,18,5,0,175,0,110.90
fold2_room1_mix1727,19,5,0,174,0,114.56
fold2_room1_mix1727,20,5,0,175,0,112.18
fold2_room1_mix1727,21,5,0,174,0,118.62
fold2_room1_mix1727,22,5,0,174,0,115.98
fold2_room1_mix1727,23,5,0,175,0,111.34
fold2_room1_mix1727,24,5,0,174,0,114.24
fold2_room1_mix1727,25,5,0,175,0,117.48
fold2_room1_mix1727,26,5,0,175,0,113.32
fold2_room1_mix1727,27,5,0,174,0,114.49
fold2_room1_mix1727,28,5,0,175,0,113.94
fold2_room1_mix1727,29,5,0,174,0,114.09
fold2_room1_mix1727,30,5,0,174,0,111.07
fold2_room1_mix1727,31,5,0,174,0,116.69
fold2_room1_mix1727,32,5,0,175,0,116.31
fold2_room1_mix1727,33,5,0,175,0,109.60
fold2_room1_mix1727,34,5,0,175,0,112.38
fold2_room1_mix1727,35,5,0,174,0,110.81
fold2_room1_mix1727,36,5,0,175,0,104.54
fold2_room1_mix1727,37,5,0,174,0,109.75
fold2_room1_mix1727,38,5,0,174,0,107.15
fold2_room1_mix1727,39,5,0,174,0,102.02
fold2_room1_mix1727,40,5,0,174,0,102.16
fold2_room1_mix1727,41,5,0,173,0,103.71
fold2_room1_mix1727,42,5,0,172,0,97.56
fold2_room1_mix1727,43,5,0,172,0,100.20
fold2_room1_mix1727,44,5,0,172,0,100.33
fold2_room1_mix1727,45,5,0,172,0,98.73
fold2_room1_mix1727,46,5,0,171,0,93.70
fold2_room1_mix1727,47,5,0,171,0,97.13
fold2_room1_mix1727,48,5,0,171,0,91.38
fold2_room1_mix1727,49,5,0,170,0,88.63
fold2_room1_mix1727,50,5,0,170,0,86.73
fold2_room1_mix1727,51,5,0,170,0,87.27
fold2_room1_mix1727,52,5,0,169,0,84.84
fold2_room1_mix1727,53,5,0,169,0,86.25
fold2_room1_mix1727,54,5,0,169,0,83.89
fold2_room1_mix1727,55,5,0,159,0,24.96
fold2_room1_mix1727,55,5,0,175,0,112.99
fold2_room1_mix1727,56,5,0,158,0,25.98
fold2_room1_mix1727,56,5,0,174,0,114.45
fold2_room1_mix1727,57,5,0,155,0,22.67
fold2_room1_mix1727,57,5,0,173,0,111.97
fold2_room1_mix1727,58,5,0,152,-1,18.99
fold2_room1_mix1727,58,5,0,174,0,107.92
fold2_room1_mix1727,59,5,0,149,-1,17.15
fold2_room1_mix1727,59,5,0,174,0,107.22
fold2_room1_mix1727,60,5,0,146,-1,15.26
fold2_room1_mix1727,60,5,0,174,0,106.60
fold2_room1_mix1727,61,5,0,141,-1,12.95
fold2_room1_mix1727,61,5,0,174,0,102.61
fold2_room1_mix1727,62,5,0,132,-2,10.39
fold2_room1_mix1727,62,5,0,174,0,103.92
fold2_room1_mix1727,63,5,0,129,-2,9.73
fold2_room1_mix1727,63,5,0,174,0,100.00
fold2_room1_mix1727,64,5,0,112,-2,7.22
fold2_room1_mix1727,64,5,0,174,0,90.91
fold2_room1_mix1727,65,5,0,97,-3,6.97
fold2_room1_mix1727,65,5,0,175,0,96.79
fold2_room1_mix1727,66,5,0,86,-3,7.03
fold2_room1_mix1727,66,5,0,173,0,93.41
fold2_room1_mix1727,67,5,0,78,-2,7.84
fold2_room1_mix1727,67,5,0,174,0,95.08
fold2_room1_mix1727,68,5,0,62,-2,7.32
fold2_room1_mix1727,68,5,0,174,0,94.53
fold2_room1_mix1727,69,5,0,59,-2,8.78
fold2_room1_mix1727,69,5,0,173,0,95.43
fold2_room1_mix1727,70,5,0,41,-1,11.10
fold2_room1_mix1727,70,5,0,174,0,89.86
fold2_room1_mix1727,71,5,0,41,-1,10.30
fold2_room1_mix1727,71,5,0,173,0,86.35
fold2_room1_mix1727,72,5,0,38,-1,11.83
fold2_room1_mix1727,72,5,0,173,0,88.96
fold2_room1_mix1727,73,5,0,31,-1,13.63
fold2_room1_mix1727,73,5,0,173,0,84.24
fold2_room1_mix1727,74,5,0,28,-1,14.28
fold2_room1_mix1727,74,5,0,172,0,77.27
fold2_room1_mix1727,75,5,0,25,-1,16.25
fold2_room1_mix1727,75,5,0,172,0,77.63
fold2_room1_mix1727,76,5,0,28,-1,15.43
fold2_room1_mix1727,76,5,0,173,0,79.65
fold2_room1_mix1727,77,5,0,27,-1,16.16
fold2_room1_mix1727,77,5,0,173,0,80.34
fold2_room1_mix1727,78,5,0,23,-1,19.29
fold2_room1_mix1727,78,5,0,173,0,78.02
fold2_room1_mix1727,79,5,0,22,0,21.71
fold2_room1_mix1727,79,5,0,173,0,82.09
fold2_room1_mix1727,80,5,0,21,0,22.84
fold2_room1_mix1727,80,5,0,170,0,72.64
fold2_room1_mix1727,81,5,0,21,0,23.33
fold2_room1_mix1727,81,5,0,171,0,75.81
fold2_room1_mix1727,82,5,0,20,0,24.20
fold2_room1_mix1727,82,5,0,170,0,69.17
fold2_room1_mix1727,83,5,0,18,0,26.42
fold2_room1_mix1727,83,5,0,171,0,75.25
fold2_room1_mix1727,84,5,0,18,0,25.40
fold2_room1_mix1727,84,5,0,168,0,63.93
fold2_room1_mix1727,85,5,0,18,0,26.97
fold2_room1_mix1727,85,5,0,170,0,72.80
fold2_room1_mix1727,86,5,0,14,0,32.67
fold2_room1_mix1727,86,5,0,167,0,63.30
fold2_room1_mix1727,87,5,0,14,0,32.78
fold2_room1_mix1727,87,5,0,166,0,61.95
fold2_room1_mix1727,88,5,0,14,0,33.27
fold2_room1_mix1727,88,5,0,154,0,25.37
fold2_room1_mix1727,88,5,0,171,0,82.46
fold2_room1_mix1727,89,5,0,13,0,39.72
fold2_room1_mix1727,89,5,0,151,0,22.59
fold2_room1_mix1727,89,5,0,172,0,82.17
fold2_room1_mix1727,90,5,0,13,0,37.86
fold2_room1_mix1727,90,5,0,148,0,20.68
fold2_room1_mix1727,90,5,0,171,0,74.64
fold2_room1_mix1727,91,5,0,13,0,40.92
fold2_room1_mix1727,91,5,0,137,0,16.02
fold2_room1_mix1727,91,5,0,169,0,63.07
fold2_room1_mix1727,92,5,0,11,0,43.23
fold2_room1_mix1727,92,5,0,150,0,21.63
fold2_room1_mix1727,92,5,0,173,0,82.14
fold2_room1_mix1727,93,5,0,12,0,42.05
fold2_room1_mix1727,93,5,0,151,0,22.41
fold2_room1_mix1727,93,5,0,172,0,84.98
fold2_room1_mix1727,94,5,0,12,0,42.06
fold2_room1_mix1727,94,5,0,151,0,22.98
fold2_room1_mix1727,94,5,0,172,0,85.11
fold2_room1_mix1727,95,5,0,12,0,41.10
fold2_room1_mix1727,95,5,0,156,0,25.36
fold2_room1_mix1727,95,5,0,173,0,93.27
fold2_room1_mix1727,96,5,0,12,0,42.15
fold2_room1_mix1727,96,5,0,155,0,24.95
fold2_room1_mix1727,96,5,0,173,0,95.78
fold2_room1_mix1727,97,5,0,10,0,46.00
fold2_room1_mix1727,97,5,0,148,0,19.43
fold2_room1_mix1727,97,5,0,172,0,80.19
fold2_room1_mix1727,98,5,0,11,0,43.98
fold2_room1_mix1727,98,5,0,149,0,20.76
fold2_room1_mix1727,98,5,0,172,0,82.17
fold2_room1_mix1727,99,5,0,10,0,51.15
fold2_room1_mix1727,99,5,0,140,0,16.59
fold2_room1_mix1727,99,5,0,171,0,75.59
fold2_room1_mix1728,6,5,0,177,1,9.36
fold2_room1_mix1728,7,5,0,177,1,19.95
fold2_room1_mix1728,8,5,0,177,1,34.99
fold2_room1_mix1728,9,5,0,178,0,76.44
fold2_room1_mix1728,10,5,0,179,0,105.71
fold2_room1_mix1728,11,5,0,-179,0,114.23
fold2_room1_mix1728,12,5,0,178,0,107.36
fold2_room1_mix1728,13,5,0,178,0,100.49
fold2_room1_mix1728,14,5,0,-179,0,103.99
fold2_room1_mix1728,15,5,0,179,0,104.20
fold2_room1_mix1728,16,5,0,-179,0,108.29
fold2_room1_mix1728,17,5,0,-179,0,107.84
fold2_room1_mix1728,18,5,0,-179,0,103.28
fold2_room1_mix1728,19,5,0,-179,0,110.01
fold2_room1_mix1728,20,5,0,179,0,113.50
fold2_room1_mix1728,21,5,0,-179,0,112.59
fold2_room1_mix1728,22,5,0,-179,0,117.00
fold2_room1_mix1728,23,5,0,-178,0,117.32
fold2_room1_mix1728,24,5,0,-178,0,116.59
fold2_room1_mix1728,25,5,0,-179,0,114.95
fold2_room1_mix1728,26,5,0,-179,0,116.23
fold2_room1_mix1728,27,5,0,-178,0,116.26
fold2_room1_mix1728,28,5,0,-178,0,112.55
fold2_room1_mix1728,29,5,0,-178,0,114.66
fold2_room1_mix1728,30,5,0,-178,0,116.01
fold2_room1_mix1728,31,5,0,-178,0,110.49
fold2_room1_mix1728,32,5,0,-178,0,114.91
fold2_room1_mix1728,33,5,0,-178,0,117.72
fold2_room1_mix1728,34,5,0,-177,0,108.65
fold2_room1_mix1728,35,5,0,-177,0,110.95
fold2_room1_mix1728,36,5,0,-178,0,109.17
fold2_room1_mix1728,37,5,0,-178,0,107.06
fold2_room1_mix1728,38,5,0,-177,0,108.04
fold2_room1_mix1728,39,5,0,-178,0,105.29
fold2_room1_mix1728,40,5,0,-177,0,101.47
fold2_room1_mix1728,41,5,0,-177,0,96.27
fold2_room1_mix1728,42,5,0,-175,0,94.43
fold2_room1_mix1728,43,5,0,-176,0,95.00
fold2_room1_mix1728,44,5,0,-176,0,95.87
fold2_room1_mix1728,45,5,0,-175,0,95.50
fold2_room1_mix1728,46,5,0,-174,0,89.79
fold2_room1_mix1728,47,5,0,-174,0,90.92
fold2_room1_mix1728,48,5,0,-173,0,89.04
fold2_room1_mix1728,49,5,0,-172,0,85.56
fold2_room1_mix1728,50,5,0,-171,0,81.38
fold2_room1_mix1728,51,5,0,-170,0,80.37
fold2_room1_mix1728,52,5,0,-158,0,22.74
fold2_room1_mix1728,52,5,0,-174,0,102.72
fold2_room1_mix1728,53,5,0,-157,0,20.98
fold2_room1_mix1728,53,5,0,-174,0,106.64
fold2_room1_mix1728,54,5,0,-152,0,17.20
fold2_room1_mix1728,54,5,0,-173,0,103.36
fold2_room1_mix1728,55,5,0,-146,-1,14.24
fold2_room1_mix1728,55,5,0,-174,0,104.76
fold2_room1_mix1728,56,5,0,-139,-1,11.66
fold2_room1_mix1728,56,5,0,-174,0,97.07
fold2_room1_mix1728,57,5,0,-129,-1,9.41
fold2_room1_mix1728,57,5,0,-173,0,95.73
fold2_room1_mix1728,58,5,0,-116,-1,8.49
fold2_room1_mix1728,58,5,0,-174,0,96.11
fold2_room1_mix1728,59,5,0,-99,-2,7.76
fold2_room1_mix1728,59,5,0,-174,0,94.38
fold2_room1_mix1728,60,5,0,-88,-2,7.98
fold2_room1_mix1728,60,5,0,-174,0,95.06
fold2_room1_mix1728,61,5,0,-75,-1,8.07
fold2_room1_mix1728,61,5,0,-174,0,92.17
fold2_room1_mix1728,62,5,0,-54,-1,9.23
fold2_room1_mix1728,62,5,0,-173,0,90.22
fold2_room1_mix1728,63,5,0,-50,-1,9.72
fold2_room1_mix1728,63,5,0,-173,0,87.73
fold2_room1_mix1728,64,5,0,-43,-1,10.83
fold2_room1_mix1728,64,5,0,-172,0,84.24
fold2_room1_mix1728,65,5,0,-33,-1,13.13
fold2_room1_mix1728,65,5,0,-171,0,77.63
fold2_room1_mix1728,66,5,0,-31,-1,13.61
fold2_room1_mix1728,66,5,0,-171,0,78.44
fold2_room1_mix1728,67,5,0,-24,0,16.85
fold2_room1_mix1728,67,5,0,-170,0,73.36
fold2_room1_mix1728,68,5,0,-24,0,17.40
fold2_room1_mix1728,68,5,0,-171,0,75.18
fold2_room1_mix1728,69,5,0,-21,0,19.19
fold2_room1_mix1728,69,5,0,-169,0,69.73
fold2_room1_mix1728,70,5,0,-19,0,20.82
fold2_room1_mix1728,70,5,0,-170,0,72.62
fold2_room1_mix1728,71,5,0,-17,0,21.81
fold2_room1_mix1728,71,5,0,-169,0,71.24
fold2_room1_mix1728,72,5,0,-16,0,22.47
fold2_room1_mix1728,72,5,0,-168,0,64.67
fold2_room1_mix1728,73,5,0,-15,0,24.09
fold2_room1_mix1728,73,5,0,-168,0,64.70
fold2_room1_mix1728,74,5,0,-15,0,25.18
fold2_room1_mix1728,74,5,0,-158,0,30.66
fold2_room1_mix1728,74,5,0,-174,0,91.40
fold2_room1_mix1728,75,5,0,-13,0,28.13
fold2_room1_mix1728,75,5,0,-155,0,25.69
fold2_room1_mix1728,75,5,0,-174,0,84.98
fold2_room1_mix1728,76,5,0,-14,0,27.95
fold2_room1_mix1728,76,5,0,-156,0,27.81
fold2_room1_mix1728,76,5,0,-174,0,89.07
fold2_room1_mix1728,77,5,0,-13,0,30.44
fold2_room1_mix1728,77,5,0,-154,0,25.88
fold2_room1_mix1728,77,5,0,-174,0,87.50
fold2_room1_mix1728,78,5,0,-12,0,33.55
fold2_room1_mix1728,78,5,0,-155,0,25.85
fold2_room1_mix1728,78,5,0,-175,0,91.93
fold2_room1_mix1728,79,5,0,-11,0,34.01
fold2_room1_mix1728,79,5,0,-155,0,25.89
fold2_room1_mix1728,79,5,0,-175,0,93.13
fold2_room1_mix1728,80,5,0,-10,0,37.43
fold2_room1_mix1728,80,5,0,-148,0,21.19
fold2_room1_mix1728,80,5,0,-173,0,83.96
fold2_room1_mix1728,81,5,0,-8,0,40.94
fold2_room1_mix1728,81,5,0,-147,0,20.20
fold2_room1_mix1728,81,5,0,-175,0,86.17
fold2_room1_mix1728,82,5,0,-10,0,38.59
fold2_room1_mix1728,82,5,0,-146,0,19.62
fold2_room1_mix1728,82,5,0,-173,0,80.92
fold2_room1_mix1728,83,5,0,-8,0,43.40
fold2_room1_mix1728,83,5,0,-140,0,16.71
fold2_room1_mix1728,83,5,0,-173,0,76.02
fold2_room1_mix1728,84,5,0,-8,0,48.61
fold2_room1_mix1728,84,5,0,-133,-1,14.98
fold2_room1_mix1728,84,5,0,-173,0,73.01
fold2_room1_mix1728,85,5,0,-8,0,47.37
fold2_room1_mix1728,85,5,0,-131,-1,14.61
fold2_room1_mix1728,85,5,0,-172,0,69.54
fold2_room1_mix1728,86,5,0,-8,0,49.63
fold2_room1_mix1728,86,5,0,-116,-1,12.97
fold2_room1_mix1728,86,5,0,-171,0,62.46
fold2_room1_mix1728,87,5,0,-7,0,52.02
fold2_room1_mix1728,87,5,0,-114,-1,12.87
fold2_room1_mix1728,87,5,0,-171,0,64.44
fold2_room1_mix1728,88,5,0,-7,0,49.89
fold2_room1_mix1728,88,5,0,-108,-1,11.97
fold2_room1_mix1728,88,5,0,-170,0,58.92
fold2_room1_mix1728,89,5,0,-7,0,53.33
fold2_room1_mix1728,89,5,0,-90,-1,11.55
fold2_room1_mix1728,89,5,0,-170,0,57.00
fold2_room1_mix1728,90,5,0,-8,0,52.92
fold2_room1_mix1728,90,5,0,-114,-1,12.37
fold2_room1_mix1728,90,5,0,-170,0,62.74
fold2_room1_mix1728,91,5,0,-7,0,53.87
fold2_room1_mix1728,91,5,0,-74,-1,10.66
fold2_room1_mix1728,91,5,0,-169,0,53.07
fold2_room1_mix1728,92,5,0,-8,0,53.04
fold2_room1_mix1728,92,5,0,-80,-1,11.02
fold2_room1_mix1728,92,5,0,-169,0,53.68
fold2_room1_mix1728,93,5,0,-7,0,59.01
fold2_room1_mix1728,93,5,0,-82,-1,11.31
fold2_room1_mix1728,93,5,0,-170,0,58.65
fold2_room1_mix1728,94,5,0,-7,0,60.16
fold2_room1_mix1728,94,5,0,-67,-1,12.29
fold2_room1_mix1728,94,5,0,-169,0,54.94
fold2_room1_mix1728,95,5,0,-6,0,64.61
fold2_room1_mix1728,95,5,0,-56,-1,13.03
fold2_room1_mix1728,95,5,0,-168,0,51.97
fold2_room1_mix1728,96,5,0,-7,0,61.29
fold2_room1_mix1728,96,5,0,-63,-1,12.50
fold2_room1_mix1728,96,5,0,-168,0,52.71
fold2_room1_mix1728,97,5,0,-6,0,67.79
fold2_room1_mix1728,97,5,0,-48,0,14.50
fold2_room1_mix1728,97,5,0,-166,0,47.59
fold2_room1_mix1728,98,5,0,-7,0,65.56
fold2_room1_mix1728,98,5,0,-43,0,15.66
fold2_room1_mix1728,98,5,0,-163,0,40.54
fold2_room1_mix1728,99,5,0,-6,0,73.27
fold2_room1_mix1728,99,5,0,-41,0,16.74
fold2_room1_mix1728,99,5,0,-165,0,45.47
fold2_room1_mix1729,5,5,0,177,1,6.21
fold2_room1_mix1729,6,5,0,175,1,15.35
fold2_room1_mix1729,7,5,0,173,0,35.35
fold2_room1_mix1729,8,5,0,173,0,66.07
fold2_room1_mix1729,9,5,0,174,0,103.50
fold2_room1_mix1729,10,5,0,174,0,113.17
fold2_room1_mix1729,11,5,0,175,0,106.96
fold2_room1_mix1729,12,5,0,173,0,109.91
fold2_room1_mix1729,13,5,0,174,0,106.41
fold2_room1_mix1729,14,5,0,175,0,105.75
fold2_room1_mix1729,15,5,0,175,0,110.10
fold2_room1_mix1729,16,5,0,175,0,109.71
fold2_room1_mix1729,17,5,0,175,0,111.23
fold2_room1_mix1729,18,5,0,175,0,110.48
fold2_room1_mix1729,19,5,0,175,0,112.16
fold2_room1_mix1729,20,5,0,175,0,113.69
fold2_room1_mix1729,21,5,0,176,0,115.22
fold2_room1_mix1729,22,5,0,176,0,118.48
fold2_room1_mix1729,23,5,0,175,0,110.79
fold2_room1_mix1729,24,5,0,175,0,114.29
fold2_room1_mix1729,25,5,0,175,0,112.69
fold2_room1_mix1729,26,5,0,175,0,108.99
fold2_room1_mix1729,27,5,0,175,0,107.19
fold2_room1_mix1729,28,5,0,175,0,107.70
fold2_room1_mix1729,29,5,0,175,0,106.07
fold2_room1_mix1729,30,5,0,174,0,102.15
fold2_room1_mix1729,31,5,0,172,0,94.23
fold2_room1_mix1729,32,5,0,173,0,92.02
fold2_room1_mix1729,33,5,0,173,0,90.70
fold2_room1_mix1729,34,5,0,173,0,85.39
fold2_room1_mix1729,35,5,0,172,0,83.72
fold2_room1_mix1729,36,5,0,171,0,80.37
fold2_room1_mix1729,37,5,0,172,0,80.27
fold2_room1_mix1729,38,5,0,170,0,79.30
fold2_room1_mix1729,39,5,0,170,0,75.58
fold2_room1_mix1729,40,5,0,169,0,75.74
fold2_room1_mix1729,41,5,0,156,0,21.99
fold2_room1_mix1729,41,5,0,173,0,100.75
fold2_room1_mix1729,42,5,0,155,0,20.12
fold2_room1_mix1729,42,5,0,173,0,102.94
fold2_room1_mix1729,43,5,0,150,-1,16.66
fold2_room1_mix1729,43,5,0,173,0,98.06
fold2_room1_mix1729,44,5,0,142,-1,12.74
fold2_room1_mix1729,44,5,0,173,0,100.78
fold2_room1_mix1729,45,5,0,134,-1,10.01
fold2_room1_mix1729,45,5,0,173,0,97.14
fold2_room1_mix1729,46,5,0,121,-2,7.70
fold2_room1_mix1729,46,5,0,174,0,94.30
fold2_room1_mix1729,47,5,0,90,-3,6.76
fold2_room1_mix1729,47,5,0,174,0,94.61
fold2_room1_mix1729,48,5,0,79,-2,6.97
fold2_room1_mix1729,48,5,0,174,0,97.78
fold2_room1_mix1729,49,5,0,59,-2,7.52
fold2_room1_mix1729,49,5,0,174,0,95.59
fold2_room1_mix1729,50,5,0,50,-2,8.36
fold2_room1_mix1729,50,5,0,174,0,91.86
fold2_room1_mix1729,51,5,0,44,-1,9.41
fold2_room1_mix1729,51,5,0,174,0,89.59
fold2_room1_mix1729,52,5,0,37,-1,10.79
fold2_room1_mix1729,52,5,0,173,0,80.99
fold2_room1_mix1729,53,5,0,31,-1,12.94
fold2_room1_mix1729,53,5,0,174,0,78.94
fold2_room1_mix1729,54,5,0,26,-1,15.52
fold2_room1_mix1729,54,5,0,174,0,78.52
fold2_room1_mix1729,55,5,0,22,-1,18.29
fold2_room1_mix1729,55,5,0,172,0,68.43
fold2_room1_mix1729,56,5,0,16,0,22.72
fold2_room1_mix1729,56,5,0,172,0,65.37
fold2_room1_mix1729,57,5,0,17,0,23.02
fold2_room1_mix1729,57,5,0,173,0,74.08
fold2_room1_mix1729,58,5,0,17,0,24.11
fold2_room1_mix1729,58,5,0,172,0,72.02
fold2_room1_mix1729,59,5,0,15,0,23.71
fold2_room1_mix1729,59,5,0,173,0,68.84
fold2_room1_mix1729,60,5,0,14,0,24.81
fold2_room1_mix1729,60,5,0,171,0,68.24
fold2_room1_mix1729,61,5,0,17,0,23.14
fold2_room1_mix1729,61,5,0,171,0,67.09
fold2_room1_mix1729,62,5,0,15,0,28.15
fold2_room1_mix1729,62,5,0,154,0,22.22
fold2_room1_mix1729,62,5,0,173,0,74.88
fold2_room1_mix1729,63,5,0,14,0,27.59
fold2_room1_mix1729,63,5,0,153,0,20.12
fold2_room1_mix1729,63,5,0,173,0,72.49
fold2_room1_mix1729,64,5,0,12,0,34.40
fold2_room1_mix1729,64,5,0,152,0,20.42
fold2_room1_mix1729,64,5,0,173,0,78.38
fold2_room1_mix1729,65,5,0,12,0,38.08
fold2_room1_mix1729,65,5,0,155,0,22.42
fold2_room1_mix1729,65,5,0,174,0,87.18
fold2_room1_mix1729,66,5,0,10,0,42.01
fold2_room1_mix1729,66,5,0,151,0,19.18
fold2_room1_mix1729,66,5,0,173,0,80.63
fold2_room1_mix1729,67,5,0,9,0,40.09
fold2_room1_mix1729,67,5,0,148,-1,17.57
fold2_room1_mix1729,67,5,0,173,0,72.05
fold2_room1_mix1729,68,5,0,8,0,44.88
fold2_room1_mix1729,68,5,0,149,0,17.80
fold2_room1_mix1729,68,5,0,174,0,76.73
fold2_room1_mix1729,69,5,0,9,0,41.87
fold2_room1_mix1729,69,5,0,142,-1,14.99
fold2_room1_mix1729,69,5,0,173,0,63.72
fold2_room1_mix1729,70,5,0,8,0,48.89
fold2_room1_mix1729,70,5,0,134,-1,13.49
fold2_room1_mix1729,70,5,0,172,0,64.21
fold2_room1_mix1729,71,5,0,6,0,52.79
fold2_room1_mix1729,71,5,0,97,-1,10.42
fold2_room1_mix1729,71,5,0,171,0,49.98
fold2_room1_mix1729,72,5,0,7,0,55.29
fold2_room1_mix1729,72,5,0,101,-2,10.70
fold2_room1_mix1729,72,5,0,172,0,55.59
fold2_room1_mix1729,73,5,0,6,0,58.32
fold2_room1_mix1729,73,5,0,57,-1,10.24
fold2_room1_mix1729,73,5,0,170,0,40.95
fold2_room1_mix1729,74,5,0,7,0,60.95
fold2_room1_mix1729,74,5,0,46,-1,11.18
fold2_room1_mix1729,74,5,0,170,0,39.86
fold2_room1_mix1729,75,5,0,7,0,64.72
fold2_room1_mix1729,75,5,0,56,-1,11.41
fold2_room1_mix1729,75,5,0,171,0,47.17
fold2_room1_mix1729,76,5,0,9,0,62.58
fold2_room1_mix1729,76,5,0,52,-1,12.03
fold2_room1_mix1729,76,5,0,166,0,38.84
fold2_room1_mix1729,77,5,0,7,0,64.99
fold2_room1_mix1729,77,5,0,31,-1,15.27
fold2_room1_mix1729,77,5,0,162,0,28.16
fold2_room1_mix1729,78,5,0,11,0,45.58
fold2_room1_mix1729,78,5,0,157,-1,20.51
fold2_room1_mix1729,79,5,0,11,0,44.38
fold2_room1_mix1729,79,5,0,152,-1,17.42
fold2_room1_mix1729,80,5,0,9,0,45.78
fold2_room1_mix1729,80,5,0,153,-1,18.23
fold2_room1_mix1729,81,5,0,11,0,48.26
fold2_room1_mix1729,81,5,0,164,0,27.60
fold2_room1_mix1729,82,5,0,9,0,48.07
fold2_room1_mix1729,82,5,0,163,0,25.95
fold2_room1_mix1729,83,5,0,6,0,49.02
fold2_room1_mix1729,83,5,0,151,-1,16.09
fold2_room1_mix1729,84,5,0,6,0,52.92
fold2_room1_mix1729,84,5,0,142,-1,12.86
fold2_room1_mix1729,85,5,0,7,0,48.72
fold2_room1_mix1729,85,5,0,156,0,18.80
fold2_room1_mix1729,86,5,0,7,0,49.60
fold2_room1_mix1729,86,5,0,136,-1,11.57
fold2_room1_mix1729,87,5,0,6,0,52.90
fold2_room1_mix1729,87,5,0,77,-2,6.85
fold2_room1_mix1729,88,5,0,6,0,54.23
fold2_room1_mix1729,88,5,0,62,-2,6.92
fold2_room1_mix1729,89,5,0,5,0,56.02
fold2_room1_mix1729,89,5,0,53,-2,7.59
fold2_room1_mix1729,90,5,0,5,0,57.30
fold2_room1_mix1729,90,5,0,45,-2,9.65
fold2_room1_mix1729,91,5,0,5,0,61.90
fold2_room1_mix1729,91,5,0,38,-1,11.85
fold2_room1_mix1729,92,5,0,5,0,62.57
fold2_room1_mix1729,92,5,0,31,-1,14.31
fold2_room1_mix1729,93,5,0,6,0,64.71
fold2_room1_mix1729,93,5,0,26,-1,17.98
fold2_room1_mix1729,94,5,0,4,0,69.39
fold2_room1_mix1729,94,5,0,24,-1,18.76
fold2_room1_mix1729,95,5,0,9,0,53.85
fold2_room1_mix1729,96,5,0,8,0,58.48
fold2_room1_mix1729,97,5,0,7,0,60.56
fold2_room1_mix1729,98,5,0,7,0,63.61
fold2_room1_mix1729,99,5,0,8,0,65.27
fold2_room1_mix1730,3,5,0,1,1,6.19
fold2_room1_mix1730,4,5,0,0,1,13.85
fold2_room1_mix1730,5,5,0,-5,0,31.33
fold2_room1_mix1730,6,5,0,-4,0,49.26
fold2_room1_mix1730,7,5,0,-3,0,62.10
fold2_room1_mix1730,8,5,0,-5,0,88.87
fold2_room1_mix1730,9,5,0,-4,0,95.75
fold2_room1_mix1730,10,5,0,-4,0,90.68
fold2_room1_mix1730,11,5,0,-4,0,86.15
fold2_room1_mix1730,12,5,0,-5,0,84.87
fold2_room1_mix1730,13,5,0,-5,0,84.03
fold2_room1_mix1730,14,5,0,-5,0,84.57
fold2_room1_mix1730,15,5,0,-5,0,88.93
fold2_room1_mix1730,16,5,0,-5,0,85.95
fold2_room1_mix1730,17,5,0,-5,0,87.58
fold2_room1_mix1730,18,5,0,-5,0,84.88
fold2_room1_mix1730,19,5,0,-5,0,84.92
fold2_room1_mix1730,20,5,0,-5,0,82.16
fold2_room1_mix1730,21,5,0,-6,0,85.63
fold2_room1_mix1730,22,5,0,-7,0,84.25
fold2_room1_mix1730,23,5,0,-6,0,73.89
fold2_room1_mix1730,24,5,0,-5,0,81.36
fold2_room1_mix1730,25,5,0,-6,0,83.46
fold2_room1_mix1730,26,5,0,-6,0,78.17
fold2_room1_mix1730,27,5,0,-6,0,80.26
fold2_room1_mix1730,28,5,0,-6,0,83.60
fold2_room1_mix1730,29,5,0,-7,0,75.75
fold2_room1_mix1730,30,5,0,-8,0,72.85
fold2_room1_mix1730,31,5,0,-8,0,72.19
fold2_room1_mix1730,32,5,0,-9,0,69.29
fold2_room1_mix1730,33,5,0,-3,0,88.65
fold2_room1_mix1730,33,5,0,-19,0,22.34
fold2_room1_mix1730,34,5,0,-3,0,92.44
fold2_room1_mix1730,34,5,0,-19,0,23.68
fold2_room1_mix1730,35,5,0,-3,0,84.83
fold2_room1_mix1730,35,5,0,-20,0,21.02
fold2_room1_mix1730,36,5,0,-3,0,83.95
fold2_room1_mix1730,36,5,0,-21,0,19.01
fold2_room1_mix1730,37,5,0,-3,0,85.00
fold2_room1_mix1730,37,5,0,-22,0,18.17
fold2_room1_mix1730,38,5,0,-3,0,80.98
fold2_room1_mix1730,38,5,0,-25,0,16.03
fold2_room1_mix1730,39,5,0,-3,0,76.53
fold2_room1_mix1730,39,5,0,-32,0,12.90
fold2_room1_mix1730,40,5,0,-3,0,77.26
fold2_room1_mix1730,40,5,0,-36,0,12.21
fold2_room1_mix1730,41,5,0,-4,0,74.25
fold2_room1_mix1730,41,5,0,-43,0,10.59
fold2_room1_mix1730,42,5,0,-5,0,72.57
fold2_room1_mix1730,42,5,0,-55,0,8.45
fold2_room1_mix1730,43,5,0,-5,0,71.81
fold2_room1_mix1730,43,5,0,-60,0,8.22
fold2_room1_mix1730,44,5,0,-6,0,71.08
fold2_room1_mix1730,44,5,0,-84,0,7.48
fold2_room1_mix1730,45,5,0,-6,0,65.03
fold2_room1_mix1730,45,5,0,-87,0,7.00
fold2_room1_mix1730,46,5,0,-6,0,70.95
fold2_room1_mix1730,46,5,0,-117,0,8.98
fold2_room1_mix1730,47,5,0,-7,0,64.59
fold2_room1_mix1730,47,5,0,-129,0,10.10
fold2_room1_mix1730,48,5,0,-8,0,56.87
fold2_room1_mix1730,48,5,0,-144,0,12.92
fold2_room1_mix1730,49,5,0,-7,0,56.68
fold2_room1_mix1730,49,5,0,-144,0,12.57
fold2_room1_mix1730,50,5,0,-7,0,61.38
fold2_room1_mix1730,50,5,0,-146,0,14.01
fold2_room1_mix1730,51,5,0,-8,0,53.74
fold2_room1_mix1730,51,5,0,-150,0,15.12
fold2_room1_mix1730,52,5,0,-8,0,54.28
fold2_room1_mix1730,52,5,0,-152,0,16.39
fold2_room1_mix1730,53,5,0,-13,0,41.08
fold2_room1_mix1730,53,5,0,-155,0,19.76
fold2_room1_mix1730,54,5,0,-11,0,46.36
fold2_room1_mix1730,54,5,0,-156,0,19.99
fold2_room1_mix1730,55,5,0,-11,0,45.48
fold2_room1_mix1730,55,5,0,-157,0,20.21
fold2_room1_mix1730,56,5,0,-12,0,42.00
fold2_room1_mix1730,56,5,0,-161,0,25.70
fold2_room1_mix1730,57,5,0,-12,0,45.26
fold2_room1_mix1730,57,5,0,-162,0,29.36
fold2_room1_mix1730,58,5,0,-11,0,45.79
fold2_room1_mix1730,58,5,0,-162,0,27.66
fold2_room1_mix1730,59,5,0,-6,1,62.01
fold2_room1_mix1730,59,5,0,-25,0,20.71
fold2_room1_mix1730,59,5,0,-163,0,34.86
fold2_room1_mix1730,60,5,0,-9,0,50.01
fold2_room1_mix1730,60,5,0,-47,0,14.57
fold2_room1_mix1730,60,5,0,-166,0,42.81
fold2_room1_mix1730,61,5,0,-14,0,30.39
fold2_room1_mix1730,61,5,0,-79,0,10.09
fold2_room1_mix1730,61,5,0,-164,0,36.86
fold2_room1_mix1730,62,5,0,-12,0,36.17
fold2_room1_mix1730,62,5,0,-77,0,10.74
fold2_room1_mix1730,62,5,0,-166,0,42.20
fold2_room1_mix1730,63,5,0,-14,0,31.65
fold2_room1_mix1730,63,5,0,-88,0,9.64
fold2_room1_mix1730,63,5,0,-166,0,39.19
fold2_room1_mix1730,64,5,0,-12,0,39.92
fold2_room1_mix1730,64,5,0,-68,0,11.09
fold2_room1_mix1730,64,5,0,-166,0,45.61
fold2_room1_mix1730,65,5,0,-15,0,32.04
fold2_room1_mix1730,65,5,0,-95,0,9.90
fold2_room1_mix1730,65,5,0,-166,0,42.24
fold2_room1_mix1730,66,5,0,-21,0,21.52
fold2_room1_mix1730,66,5,0,-133,0,11.68
fold2_room1_mix1730,66,5,0,-167,0,46.24
fold2_room1_mix1730,67,5,0,-15,0,27.42
fold2_room1_mix1730,67,5,0,-119,0,9.93
fold2_room1_mix1730,67,5,0,-168,0,44.06
fold2_room1_mix1730,68,5,0,-15,0,26.47
fold2_room1_mix1730,68,5,0,-117,0,10.42
fold2_room1_mix1730,68,5,0,-168,0,44.18
fold2_room1_mix1730,69,5,0,-15,0,24.56
fold2_room1_mix1730,69,5,0,-132,0,11.51
fold2_room1_mix1730,69,5,0,-169,0,47.22
fold2_room1_mix1730,70,5,0,-22,0,19.58
fold2_room1_mix1730,70,5,0,-142,0,14.26
fold2_room1_mix1730,70,5,0,-170,0,56.58
fold2_room1_mix1730,71,5,0,-39,0,11.00
fold2_room1_mix1730,71,5,0,-152,0,15.27
fold2_room1_mix1730,71,5,0,-171,0,54.68
fold2_room1_mix1730,72,5,0,-53,0,8.91
fold2_room1_mix1730,72,5,0,-157,0,18.14
fold2_room1_mix1730,72,5,0,-172,0,63.19
fold2_room1_mix1730,73,5,0,-66,-1,8.17
fold2_room1_mix1730,73,5,0,-158,0,21.03
fold2_room1_mix1730,73,5,0,-173,0,69.72
fold2_room1_mix1730,74,5,0,-76,-1,7.83
fold2_room1_mix1730,74,5,0,-166,0,46.38
fold2_room1_mix1730,75,5,0,-90,-1,7.38
fold2_room1_mix1730,75,5,0,-167,0,46.70
fold2_room1_mix1730,76,5,0,-107,-1,7.55
fold2_room1_mix1730,76,5,0,-168,0,51.80
fold2_room1_mix1730,77,5,0,-118,-1,8.31
fold2_room1_mix1730,77,5,0,-167,0,48.20
fold2_room1_mix1730,78,5,0,-124,-1,8.86
fold2_room1_mix1730,78,5,0,-168,0,48.55
fold2_room1_mix1730,79,5,0,-131,-1,10.15
fold2_room1_mix1730,79,5,0,-168,0,52.09
fold2_room1_mix1730,80,5,0,-135,-1,10.57
fold2_room1_mix1730,80,5,0,-168,0,51.44
fold2_room1_mix1730,81,5,0,-141,0,12.00
fold2_room1_mix1730,81,5,0,-169,0,50.99
fold2_room1_mix1730,82,5,0,-144,0,13.13
fold2_room1_mix1730,82,5,0,-168,0,51.42
fold2_room1_mix1730,83,5,0,-146,0,13.50
fold2_room1_mix1730,83,5,0,-169,0,51.17
fold2_room1_mix1730,84,5,0,-150,0,14.41
fold2_room1_mix1730,84,5,0,-170,0,50.68
fold2_room1_mix1730,85,5,0,-165,0,43.45
fold2_room1_mix1730,86,5,0,-165,0,44.59
fold2_room1_mix1730,87,5,0,-167,0,46.47
fold2_room1_mix1730,88,5,0,-167,0,48.48
fold2_room1_mix1730,89,5,0,-167,0,49.81
fold2_room1_mix1730,90,5,0,-168,0,48.32
fold2_room1_mix1730,91,5,0,-169,0,51.64
fold2_room1_mix1730,92,5,0,-169,0,57.04
fold2_room1_mix1730,93,5,0,-169,0,54.59
fold2_room1_mix1730,94,5,0,-169,0,54.10
fold2_room1_mix1730,95,5,0,-170,0,58.82
fold2_room1_mix1730,96,5,0,-170,0,57.46
fold2_room1_mix1730,97,5,0,-171,0,60.54
fold2_room1_mix1730,98,5,0,-170,0,62.36
fold2_room1_mix1730,99,5,0,-172,0,65.36
fold2_room1_mix1731,5,5,0,-4,0,27.55
fold2_room1_mix1731,6,5,0,-5,0,40.98
fold2_room1_mix1731,7,5,0,-4,0,62.58
fold2_room1_mix1731,8,5,0,-7,0,89.35
fold2_room1_mix1731,9,5,0,-4,0,93.84
fold2_room1_mix1731,10,5,0,-4,0,95.74
fold2_room1_mix1731,11,5,0,-5,0,91.11
fold2_room1_mix1731,12,5,0,-5,0,91.28
fold2_room1_mix1731,13,5,0,-4,0,92.10
fold2_room1_mix1731,14,5,0,-4,0,94.64
fold2_room1_mix1731,15,5,0,-5,0,93.59
fold2_room1_mix1731,16,5,0,-5,0,96.05
fold2_room1_mix1731,17,5,0,-7,0,89.41
fold2_room1_mix1731,18,5,0,-7,0,92.42
fold2_room1_mix1731,19,5,0,-6,0,93.07
fold2_room1_mix1731,20,5,0,-6,0,96.00
fold2_room1_mix1731,21,5,0,-7,0,96.41
fold2_room1_mix1731,22,5,0,-7,0,93.06
fold2_room1_mix1731,23,5,0,-7,0,91.29
fold2_room1_mix1731,24,5,0,-7,0,87.78
fold2_room1_mix1731,25,5,0,-8,0,84.56
fold2_room1_mix1731,26,5,0,-8,0,77.88
fold2_room1_mix1731,27,5,0,-8,0,77.55
fold2_room1_mix1731,28,5,0,-9,0,75.84
fold2_room1_mix1731,29,5,0,-8,0,73.71
fold2_room1_mix1731,30,5,0,-8,0,70.76
fold2_room1_mix1731,31,5,0,-9,0,67.84
fold2_room1_mix1731,32,5,0,-3,0,89.22
fold2_room1_mix1731,32,5,0,-21,0,18.20
fold2_room1_mix1731,33,5,0,-3,0,89.61
fold2_room1_mix1731,33,5,0,-22,0,17.76
fold2_room1_mix1731,34,5,0,-3,0,88.13
fold2_room1_mix1731,34,5,0,-23,0,15.65
fold2_room1_mix1731,35,5,0,-3,0,84.72
fold2_room1_mix1731,35,5,0,-24,0,14.49
fold2_room1_mix1731,36,5,0,-3,0,85.64
fold2_room1_mix1731,36,5,0,-33,0,12.54
fold2_room1_mix1731,37,5,0,-4,0,89.78
fold2_room1_mix1731,37,5,0,-46,0,11.04
fold2_room1_mix1731,38,5,0,-4,0,83.84
fold2_room1_mix1731,38,5,0,-48,0,10.31
fold2_room1_mix1731,39,5,0,-4,0,87.36
fold2_room1_mix1731,39,5,0,-57,-1,9.28
fold2_room1_mix1731,40,5,0,-4,0,92.00
fold2_room1_mix1731,40,5,0,-72,-1,8.90
fold2_room1_mix1731,41,5,0,-4,0,92.41
fold2_room1_mix1731,41,5,0,-94,-1,9.29
fold2_room1_mix1731,42,5,0,-5,0,91.29
fold2_room1_mix1731,42,5,0,-109,-1,10.03
fold2_room1_mix1731,43,5,0,-6,0,87.82
fold2_room1_mix1731,43,5,0,-121,-1,10.55
fold2_room1_mix1731,44,5,0,-6,0,86.77
fold2_room1_mix1731,44,5,0,-131,0,12.03
fold2_room1_mix1731,45,5,0,-6,0,81.96
fold2_room1_mix1731,45,5,0,-137,0,13.26
fold2_room1_mix1731,46,5,0,-6,0,76.40
fold2_room1_mix1731,46,5,0,-144,0,14.62
fold2_room1_mix1731,47,5,0,-6,0,72.19
fold2_room1_mix1731,47,5,0,-148,0,16.19
fold2_room1_mix1731,48,5,0,-6,0,73.28
fold2_room1_mix1731,48,5,0,-147,0,15.75
fold2_room1_mix1731,49,5,0,-8,0,68.24
fold2_room1_mix1731,49,5,0,-151,0,18.05
fold2_room1_mix1731,50,5,0,-7,0,71.28
fold2_room1_mix1731,50,5,0,-153,0,18.59
fold2_room1_mix1731,51,5,0,-7,0,69.90
fold2_room1_mix1731,51,5,0,-155,0,20.21
fold2_room1_mix1731,52,5,0,-8,0,66.96
fold2_room1_mix1731,52,5,0,-158,0,23.16
fold2_room1_mix1731,53,5,0,-8,0,63.55
fold2_room1_mix1731,53,5,0,-160,0,24.34
fold2_room1_mix1731,54,5,0,-7,0,65.23
fold2_room1_mix1731,54,5,0,-160,0,25.54
fold2_room1_mix1731,55,5,0,-8,0,61.99
fold2_room1_mix1731,55,5,0,-162,0,30.50
fold2_room1_mix1731,56,5,0,-8,0,65.20
fold2_room1_mix1731,56,5,0,-160,0,28.66
fold2_room1_mix1731,57,5,0,-8,0,61.03
fold2_room1_mix1731,57,5,0,-161,0,31.21
fold2_room1_mix1731,58,5,0,-5,0,73.49
fold2_room1_mix1731,58,5,0,-21,0,26.62
fold2_room1_mix1731,58,5,0,-165,0,37.63
fold2_room1_mix1731,59,5,0,-12,0,52.25
fold2_room1_mix1731,59,5,0,-165,0,38.89
fold2_room1_mix1731,60,5,0,-6,0,78.35
fold2_room1_mix1731,60,5,0,-21,0,27.62
fold2_room1_mix1731,60,5,0,-165,0,40.02
fold2_room1_mix1731,61,5,0,-8,0,70.15
fold2_room1_mix1731,61,5,0,-29,0,23.20
fold2_room1_mix1731,61,5,0,-165,0,44.02
fold2_room1_mix1731,62,5,0,-8,0,66.29
fold2_room1_mix1731,62,5,0,-37,0,19.69
fold2_room1_mix1731,62,5,0,-166,0,49.70
fold2_room1_mix1731,63,5,0,-9,0,58.77
fold2_room1_mix1731,63,5,0,-40,0,18.02
fold2_room1_mix1731,63,5,0,-166,0,49.61
fold2_room1_mix1731,64,5,0,-6,0,72.31
fold2_room1_mix1731,64,5,0,-29,0,23.57
fold2_room1_mix1731,64,5,0,-166,0,46.68
fold2_room1_mix1731,65,5,0,-7,0,74.77
fold2_room1_mix1731,65,5,0,-31,0,22.85
fold2_room1_mix1731,65,5,0,-167,0,50.99
fold2_room1_mix1731,66,5,0,-5,0,77.98
fold2_room1_mix1731,66,5,0,-27,0,23.70
fold2_room1_mix1731,66,5,0,-168,0,50.56
fold2_room1_mix1731,67,5,0,-7,0,66.08
fold2_room1_mix1731,67,5,0,-40,0,19.14
fold2_room1_mix1731,67,5,0,-169,0,54.85
fold2_room1_mix1731,68,5,0,-6,0,73.84
fold2_room1_mix1731,68,5,0,-32,0,21.78
fold2_room1_mix1731,68,5,0,-169,0,55.55
fold2_room1_mix1731,69,5,0,-9,0,53.65
fold2_room1_mix1731,69,5,0,-72,-1,13.55
fold2_room1_mix1731,69,5,0,-171,0,62.46
fold2_room1_mix1731,70,5,0,-8,0,64.81
fold2_room1_mix1731,70,5,0,-49,-1,16.71
fold2_room1_mix1731,70,5,0,-170,0,63.19
fold2_room1_mix1731,71,5,0,-8,0,71.18
fold2_room1_mix1731,71,5,0,-47,0,17.89
fold2_room1_mix1731,71,5,0,-170,0,66.15
fold2_room1_mix1731,72,5,0,-6,0,74.57
fold2_room1_mix1731,72,5,0,-43,-1,18.77
fold2_room1_mix1731,72,5,0,-171,0,67.42
fold2_room1_mix1731,73,5,0,-8,0,62.61
fold2_room1_mix1731,73,5,0,-65,-1,15.58
fold2_room1_mix1731,73,5,0,-171,0,66.68
fold2_room1_mix1731,74,5,0,-8,0,65.05
fold2_room1_mix1731,74,5,0,-68,-1,15.71
fold2_room1_mix1731,74,5,0,-171,0,69.00
fold2_room1_mix1731,75,5,0,-9,0,50.33
fold2_room1_mix1731,75,5,0,-94,-1,12.74
fold2_room1_mix1731,75,5,0,-172,0,64.98
fold2_room1_mix1731,76,5,0,-6,0,64.72
fold2_room1_mix1731,76,5,0,-69,-1,14.88
fold2_room1_mix1731,76,5,0,-174,0,72.69
fold2_room1_mix1731,77,5,0,-8,0,55.94
fold2_room1_mix1731,77,5,0,-91,-1,13.98
fold2_room1_mix1731,77,5,0,-173,0,71.33
fold2_room1_mix1731,78,5,0,-6,0,67.75
fold2_room1_mix1731,78,5,0,-74,-1,14.93
fold2_room1_mix1731,78,5,0,-173,0,75.64
fold2_room1_mix1731,79,5,0,-8,0,48.05
fold2_room1_mix1731,79,5,0,-120,-1,14.41
fold2_room1_mix1731,79,5,0,-173,0,77.40
fold2_room1_mix1731,80,5,0,-7,0,56.50
fold2_room1_mix1731,80,5,0,-89,-2,13.65
fold2_room1_mix1731,80,5,0,-173,0,72.81
fold2_room1_mix1731,81,5,0,-11,0,39.42
fold2_room1_mix1731,81,5,0,-131,-1,16.28
fold2_room1_mix1731,81,5,0,-173,0,81.47
fold2_room1_mix1731,82,5,0,-9,0,46.48
fold2_room1_mix1731,82,5,0,-124,-1,15.16
fold2_room1_mix1731,82,5,0,-174,0,81.64
fold2_room1_mix1731,83,5,0,-11,0,40.35
fold2_room1_mix1731,83,5,0,-136,-1,17.44
fold2_room1_mix1731,83,5,0,-173,0,86.87
fold2_room1_mix1731,84,5,0,-7,0,55.16
fold2_room1_mix1731,84,5,0,-114,-1,14.66
fold2_room1_mix1731,84,5,0,-174,0,83.31
fold2_room1_mix1731,85,5,0,-9,0,48.09
fold2_room1_mix1731,85,5,0,-136,-1,17.13
fold2_room1_mix1731,85,5,0,-174,0,95.00
fold2_room1_mix1731,86,5,0,-8,0,50.32
fold2_room1_mix1731,86,5,0,-129,-1,15.58
fold2_room1_mix1731,86,5,0,-174,0,87.17
fold2_room1_mix1731,87,5,0,-9,0,42.11
fold2_room1_mix1731,87,5,0,-140,-1,18.18
fold2_room1_mix1731,87,5,0,-175,0,91.34
fold2_room1_mix1731,88,5,0,-7,0,54.01
fold2_room1_mix1731,88,5,0,-125,-1,15.70
fold2_room1_mix1731,88,5,0,-175,0,88.03
fold2_room1_mix1731,89,5,0,-7,0,50.24
fold2_room1_mix1731,89,5,0,-130,-1,16.24
fold2_room1_mix1731,89,5,0,-175,0,88.81
fold2_room1_mix1731,90,5,0,-6,0,56.42
fold2_room1_mix1731,90,5,0,-120,-1,14.80
fold2_room1_mix1731,90,5,0,-175,0,87.27
fold2_room1_mix1731,91,5,0,-8,0,49.69
fold2_room1_mix1731,91,5,0,-132,-1,16.23
fold2_room1_mix1731,91,5,0,-175,0,91.19
fold2_room1_mix1731,92,5,0,-7,0,46.71
fold2_room1_mix1731,92,5,0,-136,-1,16.59
fold2_room1_mix1731,92,5,0,-175,0,92.76
fold2_room1_mix1731,93,5,0,-9,0,44.77
fold2_room1_mix1731,93,5,0,-139,-1,18.05
fold2_room1_mix1731,93,5,0,-175,0,97.67
fold2_room1_mix1731,94,5,0,-9,0,47.40
fold2_room1_mix1731,94,5,0,-143,-1,19.19
fold2_room1_mix1731,94,5,0,-176,0,109.36
fold2_room1_mix1731,95,5,0,-13,0,35.04
fold2_room1_mix1731,95,5,0,-153,-1,25.30
fold2_room1_mix1731,95,5,0,-175,0,115.90
fold2_room1_mix1731,96,5,0,-9,0,45.17
fold2_room1_mix1731,96,5,0,-143,-1,19.09
fold2_room1_mix1731,96,5,0,-176,0,105.00
fold2_room1_mix1731,97,5,0,-8,0,45.31
fold2_room1_mix1731,97,5,0,-144,-1,19.43
fold2_room1_mix1731,97,5,0,-176,0,104.94
fold2_room1_mix1731,98,5,0,-10,0,38.54
fold2_room1_mix1731,98,5,0,-152,0,22.96
fold2_room1_mix1731,98,5,0,-176,0,113.60
fold2_room1_mix1731,99,5,0,-12,0,33.34
fold2_room1_mix1731,99,5,0,-153,0,23.59
fold2_room1_mix1731,99,5,0,-175,0,105.84
fold2_room1_mix1731,4,5,0,-2,1,11.04
fold2_room1_mix1732,4,5,0,-175,1,19.34
fold2_room1_mix1732,5,5,0,-178,0,34.68
fold2_room1_mix1732,6,5,0,-177,0,52.55
fold2_room1_mix1732,7,5,0,-176,0,79.27
fold2_room1_mix1732,8,5,0,-178,0,95.60
fold2_room1_mix1732,9,5,0,-177,0,95.17
fold2_room1_mix1732,10,5,0,-177,0,90.67
fold2_room1_mix1732,11,5,0,-176,0,89.47
fold2_room1_mix1732,12,5,0,-176,0,90.42
fold2_room1_mix1732,13,5,0,-176,0,91.39
fold2_room1_mix1732,14,5,0,-177,0,90.66
fold2_room1_mix1732,15,5,0,-175,0,89.88
fold2_room1_mix1732,16,5,0,-176,0,90.23
fold2_room1_mix1732,17,5,0,-174,0,85.45
fold2_room1_mix1732,18,5,0,-175,0,80.91
fold2_room1_mix1732,19,5,0,-174,0,79.17
fold2_room1_mix1732,20,5,0,-174,0,74.84
fold2_room1_mix1732,21,5,0,-173,0,71.20
fold2_room1_mix1732,22,5,0,-172,0,70.46
fold2_room1_mix1732,23,5,0,-173,0,71.86
fold2_room1_mix1732,24,5,0,-171,0,75.43
fold2_room1_mix1732,25,5,0,-172,0,77.63
fold2_room1_mix1732,26,5,0,-171,0,78.27
fold2_room1_mix1732,27,5,0,-172,0,79.40
fold2_room1_mix1732,28,5,0,-172,0,79.55
fold2_room1_mix1732,29,5,0,-171,0,79.50
fold2_room1_mix1732,30,5,0,-159,0,22.98
fold2_room1_mix1732,30,5,0,-175,0,103.47
fold2_room1_mix1732,31,5,0,-158,0,21.80
fold2_room1_mix1732,31,5,0,-174,0,103.01
fold2_room1_mix1732,32,5,0,-157,0,20.80
fold2_room1_mix1732,32,5,0,-174,0,102.68
fold2_room1_mix1732,33,5,0,-157,0,21.12
fold2_room1_mix1732,33,5,0,-174,0,104.09
fold2_room1_mix1732,34,5,0,-156,0,19.44
fold2_room1_mix1732,34,5,0,-174,0,103.74
fold2_room1_mix1732,35,5,0,-155,0,18.27
fold2_room1_mix1732,35,5,0,-175,0,104.06
fold2_room1_mix1732,36,5,0,-154,0,17.61
fold2_room1_mix1732,36,5,0,-174,0,100.86
fold2_room1_mix1732,37,5,0,-149,-1,15.60
fold2_room1_mix1732,37,5,0,-174,0,102.57
fold2_room1_mix1732,38,5,0,-147,-1,14.41
fold2_room1_mix1732,38,5,0,-174,0,102.83
fold2_room1_mix1732,39,5,0,-141,-1,12.52
fold2_room1_mix1732,39,5,0,-174,0,99.82
fold2_room1_mix1732,40,5,0,-140,-1,12.26
fold2_room1_mix1732,40,5,0,-174,0,98.57
fold2_room1_mix1732,41,5,0,-137,-1,11.05
fold2_room1_mix1732,41,5,0,-174,0,90.86
fold2_room1_mix1732,42,5,0,-126,-1,8.93
fold2_room1_mix1732,42,5,0,-174,0,90.98
fold2_room1_mix1732,43,5,0,-116,-2,7.76
fold2_room1_mix1732,43,5,0,-174,0,90.01
fold2_room1_mix1732,44,5,0,-107,-2,7.66
fold2_room1_mix1732,44,5,0,-174,0,91.84
fold2_room1_mix1732,45,5,0,-95,-2,7.31
fold2_room1_mix1732,45,5,0,-174,0,90.96
fold2_room1_mix1732,46,5,0,-85,-2,7.60
fold2_room1_mix1732,46,5,0,-174,0,91.50
fold2_room1_mix1732,47,5,0,-79,-2,7.67
fold2_room1_mix1732,47,5,0,-174,0,93.02
fold2_room1_mix1732,48,5,0,-68,-2,7.98
fold2_room1_mix1732,48,5,0,-174,0,93.92
fold2_room1_mix1732,49,5,0,-60,-1,8.41
fold2_room1_mix1732,49,5,0,-174,0,94.75
fold2_room1_mix1732,50,5,0,-48,-1,9.28
fold2_room1_mix1732,50,5,0,-173,0,87.29
fold2_room1_mix1732,51,5,0,-46,-1,10.18
fold2_room1_mix1732,51,5,0,-173,0,89.07
fold2_room1_mix1732,52,5,0,-41,-1,10.62
fold2_room1_mix1732,52,5,0,-173,0,83.90
fold2_room1_mix1732,53,5,0,-36,-1,11.63
fold2_room1_mix1732,53,5,0,-172,0,77.27
fold2_room1_mix1732,54,5,0,-37,-1,11.77
fold2_room1_mix1732,54,5,0,-172,0,82.00
fold2_room1_mix1732,55,5,0,-38,-1,11.86
fold2_room1_mix1732,55,5,0,-172,0,81.91
fold2_room1_mix1732,56,5,0,-33,-1,13.38
fold2_room1_mix1732,56,5,0,-172,0,80.82
fold2_room1_mix1732,57,5,0,-31,-1,14.18
fold2_room1_mix1732,57,5,0,-172,0,81.49
fold2_room1_mix1732,58,5,0,-30,-1,14.72
fold2_room1_mix1732,58,5,0,-172,0,82.30
fold2_room1_mix1732,59,5,0,-28,-1,15.97
fold2_room1_mix1732,59,5,0,-172,0,80.91
fold2_room1_mix1732,60,5,0,-29,-1,15.87
fold2_room1_mix1732,60,5,0,-172,0,82.80
fold2_room1_mix1732,61,5,0,-26,0,19.29
fold2_room1_mix1732,61,5,0,-170,0,73.35
fold2_room1_mix1732,62,5,0,-28,0,18.77
fold2_room1_mix1732,62,5,0,-171,0,76.86
fold2_room1_mix1732,63,5,0,-22,0,20.38
fold2_room1_mix1732,63,5,0,-170,0,72.06
fold2_room1_mix1732,64,5,0,-21,0,22.17
fold2_room1_mix1732,64,5,0,-167,0,60.43
fold2_room1_mix1732,65,5,0,-20,0,23.29
fold2_room1_mix1732,65,5,0,-167,0,64.51
fold2_room1_mix1732,66,5,0,-19,0,24.11
fold2_room1_mix1732,66,5,0,-166,0,57.47
fold2_room1_mix1732,67,5,0,-14,0,26.60
fold2_room1_mix1732,67,5,0,-168,0,60.71
fold2_room1_mix1732,68,5,0,-15,0,26.76
fold2_room1_mix1732,68,5,0,-167,0,61.53
fold2_room1_mix1732,69,5,0,-12,0,28.92
fold2_room1_mix1732,69,5,0,-159,0,28.90
fold2_room1_mix1732,69,5,0,-175,0,89.67
fold2_room1_mix1732,70,5,0,-13,0,27.99
fold2_room1_mix1732,70,5,0,-168,0,63.40
fold2_room1_mix1732,71,5,0,-16,0,27.07
fold2_room1_mix1732,71,5,0,-169,0,67.69
fold2_room1_mix1732,72,5,0,-14,0,28.65
fold2_room1_mix1732,72,5,0,-168,0,65.38
fold2_room1_mix1732,73,5,0,-12,0,30.59
fold2_room1_mix1732,73,5,0,-156,0,27.27
fold2_room1_mix1732,73,5,0,-174,0,89.31
fold2_room1_mix1732,74,5,0,-11,0,31.08
fold2_room1_mix1732,74,5,0,-157,0,26.73
fold2_room1_mix1732,74,5,0,-174,0,89.19
fold2_room1_mix1732,75,5,0,-10,0,34.88
fold2_room1_mix1732,75,5,0,-152,0,22.39
fold2_room1_mix1732,75,5,0,-174,0,83.70
fold2_room1_mix1732,76,5,0,-10,0,36.10
fold2_room1_mix1732,76,5,0,-150,0,21.60
fold2_room1_mix1732,76,5,0,-173,0,81.38
fold2_room1_mix1732,77,5,0,-9,0,39.30
fold2_room1_mix1732,77,5,0,-142,0,16.74
fold2_room1_mix1732,77,5,0,-172,0,69.31
fold2_room1_mix1732,78,5,0,-10,0,39.40
fold2_room1_mix1732,78,5,0,-148,0,20.62
fold2_room1_mix1732,78,5,0,-173,0,81.95
fold2_room1_mix1732,79,5,0,-11,0,37.92
fold2_room1_mix1732,79,5,0,-150,0,20.81
fold2_room1_mix1732,79,5,0,-173,0,80.67
fold2_room1_mix1732,80,5,0,-13,0,33.60
fold2_room1_mix1732,80,5,0,-158,0,27.98
fold2_room1_mix1732,80,5,0,-175,0,96.01
fold2_room1_mix1732,81,5,0,-11,0,36.44
fold2_room1_mix1732,81,5,0,-158,0,28.53
fold2_room1_mix1732,81,5,0,-175,0,99.13
fold2_room1_mix1732,82,5,0,-8,0,39.29
fold2_room1_mix1732,82,5,0,-155,0,24.00
fold2_room1_mix1732,82,5,0,-175,0,91.65
fold2_room1_mix1732,83,5,0,-8,0,40.81
fold2_room1_mix1732,83,5,0,-150,-1,20.80
fold2_room1_mix1732,83,5,0,-175,0,82.01
fold2_room1_mix1732,84,5,0,-8,0,41.78
fold2_room1_mix1732,84,5,0,-147,-1,20.02
fold2_room1_mix1732,84,5,0,-173,0,79.90
fold2_room1_mix1732,85,5,0,-8,0,45.21
fold2_room1_mix1732,85,5,0,-126,-1,13.68
fold2_room1_mix1732,85,5,0,-171,0,55.96
fold2_room1_mix1732,86,5,0,-9,0,46.40
fold2_room1_mix1732,86,5,0,-112,-1,12.76
fold2_room1_mix1732,86,5,0,-168,0,49.45
fold2_room1_mix1732,87,5,0,-10,0,43.72
fold2_room1_mix1732,87,5,0,-125,-1,13.32
fold2_room1_mix1732,87,5,0,-169,0,53.29
fold2_room1_mix1732,88,5,0,-6,0,51.52
fold2_room1_mix1732,88,5,0,-131,-1,14.24
fold2_room1_mix1732,88,5,0,-173,0,65.94
fold2_room1_mix1732,89,5,0,-7,0,52.23
fold2_room1_mix1732,89,5,0,-104,-1,12.32
fold2_room1_mix1732,89,5,0,-168,0,51.51
fold2_room1_mix1732,90,5,0,-6,0,52.35
fold2_room1_mix1732,90,5,0,-126,-1,13.80
fold2_room1_mix1732,90,5,0,-172,0,63.09
fold2_room1_mix1732,91,5,0,-5,0,56.74
fold2_room1_mix1732,91,5,0,-105,-1,12.49
fold2_room1_mix1732,91,5,0,-171,0,55.59
fold2_room1_mix1732,92,5,0,-5,0,54.96
fold2_room1_mix1732,92,5,0,-118,-1,12.73
fold2_room1_mix1732,92,5,0,-172,0,62.38
fold2_room1_mix1732,93,5,0,-5,0,56.14
fold2_room1_mix1732,93,5,0,-103,-1,12.43
fold2_room1_mix1732,93,5,0,-171,0,62.48
fold2_room1_mix1732,94,5,0,-5,0,56.26
fold2_room1_mix1732,94,5,0,-104,-1,11.82
fold2_room1_mix1732,94,5,0,-172,0,60.87
fold2_room1_mix1732,95,5,0,-5,0,56.63
fold2_room1_mix1732,95,5,0,-117,-1,12.75
fold2_room1_mix1732,95,5,0,-174,0,66.49
fold2_room1_mix1732,96,5,0,-5,0,59.11
fold2_room1_mix1732,96,5,0,-89,-1,12.26
fold2_room1_mix1732,96,5,0,-173,0,60.89
fold2_room1_mix1732,97,5,0,-5,0,63.18
fold2_room1_mix1732,97,5,0,-50,-1,13.80
fold2_room1_mix1732,97,5,0,-172,0,49.54
fold2_room1_mix1732,98,5,0,-6,0,58.03
fold2_room1_mix1732,98,5,0,-117,-1,13.96
fold2_room1_mix1732,98,5,0,-173,0,68.37
fold2_room1_mix1732,99,5,0,-6,0,60.83
fold2_room1_mix1732,99,5,0,-49,-1,13.92
fold2_room1_mix1732,99,5,0,-169,0,43.95
fold2_room1_mix1733,6,5,0,176,1,13.79
fold2_room1_mix1733,7,5,0,175,0,33.25
fold2_room1_mix1733,8,5,0,174,0,58.00
fold2_room1_mix1733,9,5,0,174,0,92.95
fold2_room1_mix1733,10,5,0,173,0,103.05
fold2_room1_mix1733,11,5,0,175,0,104.46
fold2_room1_mix1733,12,5,0,175,0,104.84
fold2_room1_mix1733,13,5,0,175,0,109.06
fold2_room1_mix1733,14,5,0,175,0,108.37
fold2_room1_mix1733,15,5,0,175,0,106.78
fold2_room1_mix1733,16,5,0,175,0,109.94
fold2_room1_mix1733,17,5,0,175,0,108.07
fold2_room1_mix1733,18,5,0,176,0,108.87
fold2_room1_mix1733,19,5,0,176,0,113.61
fold2_room1_mix1733,20,5,0,175,0,112.26
fold2_room1_mix1733,21,5,0,176,0,116.33
fold2_room1_mix1733,22,5,0,175,0,115.21
fold2_room1_mix1733,23,5,0,175,0,111.41
fold2_room1_mix1733,24,5,0,175,0,111.58
fold2_room1_mix1733,25,5,0,175,0,113.02
fold2_room1_mix1733,26,5,0,174,0,108.16
fold2_room1_mix1733,27,5,0,175,0,107.53
fold2_room1_mix1733,28,5,0,175,0,109.78
fold2_room1_mix1733,29,5,0,175,0,106.05
fold2_room1_mix1733,30,5,0,173,0,104.40
fold2_room1_mix1733,31,5,0,174,0,103.26
fold2_room1_mix1733,32,5,0,174,0,103.85
fold2_room1_mix1733,33,5,0,174,0,101.04
fold2_room1_mix1733,34,5,0,172,0,100.82
fold2_room1_mix1733,35,5,0,173,0,102.11
fold2_room1_mix1733,36,5,0,172,0,97.17
fold2_room1_mix1733,37,5,0,172,0,96.45
fold2_room1_mix1733,38,5,0,172,0,96.97
fold2_room1_mix1733,39,5,0,171,0,91.01
fold2_room1_mix1733,40,5,0,171,0,89.35
fold2_room1_mix1733,41,5,0,171,0,88.99
fold2_room1_mix1733,42,5,0,170,0,84.64
fold2_room1_mix1733,43,5,0,170,0,84.05
fold2_room1_mix1733,44,5,0,169,0,81.02
fold2_room1_mix1733,45,5,0,169,0,78.94
fold2_room1_mix1733,46,5,0,169,0,79.31
fold2_room1_mix1733,47,5,0,155,0,22.24
fold2_room1_mix1733,47,5,0,173,0,106.55
fold2_room1_mix1733,48,5,0,151,0,17.74
fold2_room1_mix1733,48,5,0,173,0,102.69
fold2_room1_mix1733,49,5,0,147,-1,15.47
fold2_room1_mix1733,49,5,0,173,0,100.20
fold2_room1_mix1733,50,5,0,141,-1,12.44
fold2_room1_mix1733,50,5,0,173,0,97.00
fold2_room1_mix1733,51,5,0,136,-1,10.39
fold2_room1_mix1733,51,5,0,173,0,93.33
fold2_room1_mix1733,52,5,0,127,-2,8.70
fold2_room1_mix1733,52,5,0,174,0,95.41
fold2_room1_mix1733,53,5,0,109,-2,6.85
fold2_room1_mix1733,53,5,0,174,0,95.14
fold2_room1_mix1733,54,5,0,94,-3,6.21
fold2_room1_mix1733,54,5,0,175,0,95.84
fold2_room1_mix1733,55,5,0,76,-3,6.60
fold2_room1_mix1733,55,5,0,174,0,90.74
fold2_room1_mix1733,56,5,0,65,-2,6.59
fold2_room1_mix1733,56,5,0,175,0,93.44
fold2_room1_mix1733,57,5,0,54,-2,7.65
fold2_room1_mix1733,57,5,0,174,0,88.64
fold2_room1_mix1733,58,5,0,42,-1,9.69
fold2_room1_mix1733,58,5,0,174,0,82.45
fold2_room1_mix1733,59,5,0,36,-1,10.60
fold2_room1_mix1733,59,5,0,174,0,79.12
fold2_room1_mix1733,60,5,0,35,-1,11.30
fold2_room1_mix1733,60,5,0,173,0,76.53
fold2_room1_mix1733,61,5,0,28,-1,13.55
fold2_room1_mix1733,61,5,0,173,0,74.79
fold2_room1_mix1733,62,5,0,24,-1,16.17
fold2_room1_mix1733,62,5,0,173,0,75.39
fold2_room1_mix1733,63,5,0,24,-1,16.42
fold2_room1_mix1733,63,5,0,172,0,66.85
fold2_room1_mix1733,64,5,0,20,0,20.17
fold2_room1_mix1733,64,5,0,170,0,62.58
fold2_room1_mix1733,65,5,0,19,0,22.38
fold2_room1_mix1733,65,5,0,172,0,75.71
fold2_room1_mix1733,66,5,0,19,0,22.66
fold2_room1_mix1733,66,5,0,172,0,73.09
fold2_room1_mix1733,67,5,0,15,0,25.66
fold2_room1_mix1733,67,5,0,170,0,62.87
fold2_room1_mix1733,68,5,0,17,0,23.86
fold2_room1_mix1733,68,5,0,168,0,63.24
fold2_room1_mix1733,69,5,0,16,0,26.70
fold2_room1_mix1733,69,5,0,167,0,59.67
fold2_room1_mix1733,70,5,0,15,0,29.96
fold2_room1_mix1733,70,5,0,167,0,61.55
fold2_room1_mix1733,71,5,0,14,0,31.84
fold2_room1_mix1733,71,5,0,153,0,23.10
fold2_room1_mix1733,71,5,0,173,0,79.11
fold2_room1_mix1733,72,5,0,13,0,37.01
fold2_room1_mix1733,72,5,0,145,0,19.19
fold2_room1_mix1733,72,5,0,170,0,70.67
fold2_room1_mix1733,73,5,0,12,0,41.35
fold2_room1_mix1733,73,5,0,136,-1,15.00
fold2_room1_mix1733,73,5,0,171,0,63.60
fold2_room1_mix1733,74,5,0,12,0,43.15
fold2_room1_mix1733,74,5,0,135,-1,15.36
fold2_room1_mix1733,74,5,0,171,0,62.55
fold2_room1_mix1733,75,5,0,10,0,43.50
fold2_room1_mix1733,75,5,0,149,0,19.92
fold2_room1_mix1733,75,5,0,173,0,78.77
fold2_room1_mix1733,76,5,0,9,0,46.53
fold2_room1_mix1733,76,5,0,144,-1,17.36
fold2_room1_mix1733,76,5,0,172,0,71.08
fold2_room1_mix1733,77,5,0,12,0,41.47
fold2_room1_mix1733,77,5,0,151,0,21.74
fold2_room1_mix1733,77,5,0,173,0,85.14
fold2_room1_mix1733,78,5,0,11,0,43.15
fold2_room1_mix1733,78,5,0,152,0,22.44
fold2_room1_mix1733,78,5,0,173,0,86.25
fold2_room1_mix1733,79,5,0,9,0,47.91
fold2_room1_mix1733,79,5,0,143,-1,16.52
fold2_room1_mix1733,79,5,0,171,0,71.08
fold2_room1_mix1733,80,5,0,8,0,46.72
fold2_room1_mix1733,80,5,0,143,0,15.37
fold2_room1_mix1733,80,5,0,172,0,69.99
fold2_room1_mix1733,81,5,0,8,0,53.21
fold2_room1_mix1733,81,5,0,123,-1,12.41
fold2_room1_mix1733,81,5,0,170,0,58.76
fold2_room1_mix1733,82,5,0,10,0,49.88
fold2_room1_mix1733,82,5,0,90,-1,10.23
fold2_room1_mix1733,82,5,0,167,0,46.69
fold2_room1_mix1733,83,5,0,8,0,54.85
fold2_room1_mix1733,83,5,0,83,-1,10.60
fold2_room1_mix1733,83,5,0,170,0,49.59
fold2_room1_mix1733,84,5,0,8,0,61.19
fold2_room1_mix1733,84,5,0,69,-1,11.21
fold2_room1_mix1733,84,5,0,169,0,52.14
fold2_room1_mix1733,85,5,0,7,0,63.80
fold2_room1_mix1733,85,5,0,115,-1,13.21
fold2_room1_mix1733,85,5,0,172,0,70.39
fold2_room1_mix1733,86,5,0,8,0,67.01
fold2_room1_mix1733,86,5,0,72,-1,11.30
fold2_room1_mix1733,86,5,0,170,0,57.74
fold2_room1_mix1733,87,5,0,8,0,59.17
fold2_room1_mix1733,87,5,0,117,-1,13.02
fold2_room1_mix1733,87,5,0,171,0,64.67
fold2_room1_mix1733,88,5,0,8,0,69.23
fold2_room1_mix1733,88,5,0,58,-1,11.79
fold2_room1_mix1733,88,5,0,169,0,51.44
fold2_room1_mix1733,89,5,0,7,0,65.30
fold2_room1_mix1733,89,5,0,98,-1,11.57
fold2_room1_mix1733,89,5,0,171,0,63.32
fold2_room1_mix1733,90,5,0,7,0,69.88
fold2_room1_mix1733,90,5,0,65,-1,12.20
fold2_room1_mix1733,90,5,0,169,0,55.21
fold2_room1_mix1733,91,5,0,7,0,75.76
fold2_room1_mix1733,91,5,0,60,-1,11.98
fold2_room1_mix1733,91,5,0,171,0,58.62
fold2_room1_mix1733,92,5,0,7,0,74.17
fold2_room1_mix1733,92,5,0,45,-1,13.01
fold2_room1_mix1733,92,5,0,168,0,47.76
fold2_room1_mix1733,93,5,0,7,0,80.13
fold2_room1_mix1733,93,5,0,42,-1,13.77
fold2_room1_mix1733,93,5,0,170,0,49.97
fold2_room1_mix1733,94,5,0,7,0,79.26
fold2_room1_mix1733,94,5,0,36,-1,14.85
fold2_room1_mix1733,94,5,0,169,0,44.64
fold2_room1_mix1733,95,5,0,7,0,80.55
fold2_room1_mix1733,95,5,0,39,-1,14.12
fold2_room1_mix1733,95,5,0,170,0,48.03
fold2_room1_mix1733,96,5,0,8,0,78.76
fold2_room1_mix1733,96,5,0,48,-1,13.01
fold2_room1_mix1733,96,5,0,170,0,54.08
fold2_room1_mix1733,97,5,0,6,0,88.36
fold2_room1_mix1733,97,5,0,27,-1,18.16
fold2_room1_mix1733,97,5,0,166,0,35.85
fold2_room1_mix1733,98,5,0,6,0,89.17
fold2_room1_mix1733,98,5,0,32,-1,16.76
fold2_room1_mix1733,98,5,0,169,0,47.39
fold2_room1_mix1733,99,5,0,6,0,93.19
fold2_room1_mix1733,99,5,0,32,-1,16.36
fold2_room1_mix1733,99,5,0,170,0,51.33
fold2_room1_mix1734,6,5,0,176,1,6.34
fold2_room1_mix1734,7,5,0,173,1,17.43
fold2_room1_mix1734,8,5,0,173,0,36.77
fold2_room1_mix1734,9,5,0,173,0,69.88
fold2_room1_mix1734,10,5,0,171,0,91.57
fold2_room1_mix1734,11,5,0,173,0,106.18
fold2_room1_mix1734,12,5,0,174,0,113.78
fold2_room1_mix1734,13,5,0,173,0,106.21
fold2_room1_mix1734,14,5,0,173,0,107.84
fold2_room1_mix1734,15,5,0,174,0,108.35
fold2_room1_mix1734,16,5,0,173,0,110.77
fold2_room1_mix1734,17,5,0,174,0,112.79
fold2_room1_mix1734,18,5,0,174,0,112.89
fold2_room1_mix1734,19,5,0,174,0,115.36
fold2_room1_mix1734,20,5,0,174,0,115.32
fold2_room1_mix1734,21,5,0,174,0,117.10
fold2_room1_mix1734,22,5,0,174,0,119.68
fold2_room1_mix1734,23,5,0,174,0,118.23
fold2_room1_mix1734,24,5,0,175,0,117.43
fold2_room1_mix1734,25,5,0,174,0,116.68
fold2_room1_mix1734,26,5,0,174,0,116.78
fold2_room1_mix1734,27,5,0,174,0,116.52
fold2_room1_mix1734,28,5,0,175,0,116.64
fold2_room1_mix1734,29,5,0,174,0,119.90
fold2_room1_mix1734,30,5,0,174,0,115.71
fold2_room1_mix1734,31,5,0,173,0,114.22
fold2_room1_mix1734,32,5,0,173,0,117.14
fold2_room1_mix1734,33,5,0,173,0,114.50
fold2_room1_mix1734,34,5,0,174,0,112.63
fold2_room1_mix1734,35,5,0,174,0,116.16
fold2_room1_mix1734,36,5,0,173,0,115.29
fold2_room1_mix1734,37,5,0,172,0,108.42
fold2_room1_mix1734,38,5,0,172,0,106.82
fold2_room1_mix1734,39,5,0,172,0,103.37
fold2_room1_mix1734,40,5,0,172,0,106.80
fold2_room1_mix1734,41,5,0,172,0,104.69
fold2_room1_mix1734,42,5,0,171,0,96.21
fold2_room1_mix1734,43,5,0,170,0,95.70
fold2_room1_mix1734,44,5,0,171,0,97.41
fold2_room1_mix1734,45,5,0,170,0,94.99
fold2_room1_mix1734,46,5,0,169,0,94.06
fold2_room1_mix1734,47,5,0,169,0,91.10
fold2_room1_mix1734,48,5,0,168,0,87.48
fold2_room1_mix1734,49,5,0,158,0,26.91
fold2_room1_mix1734,49,5,0,173,0,113.25
fold2_room1_mix1734,50,5,0,154,0,23.10
fold2_room1_mix1734,50,5,0,173,0,113.35
fold2_room1_mix1734,51,5,0,154,0,23.01
fold2_room1_mix1734,51,5,0,173,0,113.37
fold2_room1_mix1734,52,5,0,148,0,18.49
fold2_room1_mix1734,52,5,0,172,0,106.42
fold2_room1_mix1734,53,5,0,142,-1,14.62
fold2_room1_mix1734,53,5,0,172,0,105.82
fold2_room1_mix1734,54,5,0,132,-1,11.65
fold2_room1_mix1734,54,5,0,171,0,107.46
fold2_room1_mix1734,55,5,0,119,-2,9.42
fold2_room1_mix1734,55,5,0,172,0,104.42
fold2_room1_mix1734,56,5,0,111,-2,9.30
fold2_room1_mix1734,56,5,0,171,0,95.74
fold2_room1_mix1734,57,5,0,77,-2,9.49
fold2_room1_mix1734,57,5,0,171,0,102.49
fold2_room1_mix1734,58,5,0,64,-2,9.70
fold2_room1_mix1734,58,5,0,171,0,101.08
fold2_room1_mix1734,59,5,0,59,-2,9.43
fold2_room1_mix1734,59,5,0,172,0,102.10
fold2_room1_mix1734,60,5,0,54,-2,9.95
fold2_room1_mix1734,60,5,0,172,0,100.93
fold2_room1_mix1734,61,5,0,44,-1,11.20
fold2_room1_mix1734,61,5,0,172,0,91.57
fold2_room1_mix1734,62,5,0,36,-1,13.12
fold2_room1_mix1734,62,5,0,172,0,88.13
fold2_room1_mix1734,63,5,0,33,-1,14.46
fold2_room1_mix1734,63,5,0,171,0,82.54
fold2_room1_mix1734,64,5,0,30,-1,16.48
fold2_room1_mix1734,64,5,0,170,0,79.21
fold2_room1_mix1734,65,5,0,29,-1,18.26
fold2_room1_mix1734,65,5,0,168,0,72.89
fold2_room1_mix1734,66,5,0,26,0,18.77
fold2_room1_mix1734,66,5,0,169,0,78.24
fold2_room1_mix1734,67,5,0,26,0,18.89
fold2_room1_mix1734,67,5,0,171,0,81.84
fold2_room1_mix1734,68,5,0,22,0,21.60
fold2_room1_mix1734,68,5,0,171,0,77.26
fold2_room1_mix1734,69,5,0,20,0,22.75
fold2_room1_mix1734,69,5,0,170,0,70.53
fold2_room1_mix1734,70,5,0,20,0,24.31
fold2_room1_mix1734,70,5,0,169,0,72.40
fold2_room1_mix1734,71,5,0,21,0,24.22
fold2_room1_mix1734,71,5,0,167,0,67.39
fold2_room1_mix1734,72,5,0,19,0,28.91
fold2_room1_mix1734,72,5,0,154,0,28.41
fold2_room1_mix1734,72,5,0,171,0,86.80
fold2_room1_mix1734,73,5,0,19,0,29.74
fold2_room1_mix1734,73,5,0,165,0,65.96
fold2_room1_mix1734,74,5,0,18,0,33.67
fold2_room1_mix1734,74,5,0,152,0,28.17
fold2_room1_mix1734,74,5,0,169,0,86.93
fold2_room1_mix1734,75,5,0,16,0,34.39
fold2_room1_mix1734,75,5,0,156,0,29.38
fold2_room1_mix1734,75,5,0,171,0,95.05
fold2_room1_mix1734,76,5,0,18,0,32.48
fold2_room1_mix1734,76,5,0,166,0,69.20
fold2_room1_mix1734,77,5,0,15,0,38.11
fold2_room1_mix1734,77,5,0,154,0,28.15
fold2_room1_mix1734,77,5,0,171,0,95.19
fold2_room1_mix1734,78,5,0,15,0,39.16
fold2_room1_mix1734,78,5,0,151,0,24.67
fold2_room1_mix1734,78,5,0,170,0,86.18
fold2_room1_mix1734,79,5,0,15,0,39.83
fold2_room1_mix1734,79,5,0,149,0,24.58
fold2_room1_mix1734,79,5,0,170,0,86.00
fold2_room1_mix1734,80,5,0,14,0,42.66
fold2_room1_mix1734,80,5,0,136,0,17.48
fold2_room1_mix1734,80,5,0,167,0,67.22
fold2_room1_mix1734,81,5,0,15,0,44.45
fold2_room1_mix1734,81,5,0,134,0,17.37
fold2_room1_mix1734,81,5,0,167,0,67.62
fold2_room1_mix1734,82,5,0,14,0,47.71
fold2_room1_mix1734,82,5,0,119,-1,14.88
fold2_room1_mix1734,82,5,0,165,0,58.98
fold2_room1_mix1734,83,5,0,12,0,51.27
fold2_room1_mix1734,83,5,0,125,0,15.01
fold2_room1_mix1734,83,5,0,169,0,64.25
fold2_room1_mix1734,84,5,0,11,0,56.57
fold2_room1_mix1734,84,5,0,134,0,17.31
fold2_room1_mix1734,84,5,0,170,0,76.38
fold2_room1_mix1734,85,5,0,10,0,56.65
fold2_room1_mix1734,85,5,0,127,-1,15.50
fold2_room1_mix1734,85,5,0,169,0,68.97
fold2_room1_mix1734,86,5,0,10,0,60.55
fold2_room1_mix1734,86,5,0,120,-1,15.70
fold2_room1_mix1734,86,5,0,168,0,68.97
fold2_room1_mix1734,87,5,0,10,0,57.52
fold2_room1_mix1734,87,5,0,126,-1,15.81
fold2_room1_mix1734,87,5,0,169,0,71.24
fold2_room1_mix1734,88,5,0,10,0,61.46
fold2_room1_mix1734,88,5,0,105,-1,13.24
fold2_room1_mix1734,88,5,0,166,0,61.99
fold2_room1_mix1734,89,5,0,10,0,59.64
fold2_room1_mix1734,89,5,0,71,-1,14.23
fold2_room1_mix1734,89,5,0,162,0,46.77
fold2_room1_mix1734,90,5,0,10,0,60.89
fold2_room1_mix1734,90,5,0,74,-1,13.34
fold2_room1_mix1734,90,5,0,165,0,50.13
fold2_room1_mix1734,91,5,0,10,0,69.53
fold2_room1_mix1734,91,5,0,55,-1,13.74
fold2_room1_mix1734,91,5,0,164,0,46.65
fold2_room1_mix1734,92,5,0,10,0,73.56
fold2_room1_mix1734,92,5,0,48,-1,15.22
fold2_room1_mix1734,92,5,0,164,0,44.86
fold2_room1_mix1734,93,5,0,9,0,71.63
fold2_room1_mix1734,93,5,0,47,-1,15.02
fold2_room1_mix1734,93,5,0,165,0,45.13
fold2_room1_mix1734,94,5,0,11,0,67.73
fold2_room1_mix1734,94,5,0,56,-1,14.67
fold2_room1_mix1734,94,5,0,162,0,48.42
fold2_room1_mix1734,95,5,0,9,0,76.15
fold2_room1_mix1734,95,5,0,48,-1,14.90
fold2_room1_mix1734,95,5,0,164,0,46.87
fold2_room1_mix1734,96,5,0,9,0,75.62
fold2_room1_mix1734,96,5,0,44,-1,15.85
fold2_room1_mix1734,96,5,0,162,0,45.07
fold2_room1_mix1734,97,5,0,10,0,68.91
fold2_room1_mix1734,97,5,0,36,-1,17.62
fold2_room1_mix1734,97,5,0,158,0,32.50
fold2_room1_mix1734,98,5,0,11,0,70.89
fold2_room1_mix1734,98,5,0,42,-1,16.56
fold2_room1_mix1734,98,5,0,160,0,40.78
fold2_room1_mix1734,99,5,0,9,0,80.89
fold2_room1_mix1734,99,5,0,35,-1,19.11
fold2_room1_mix1734,99,5,0,161,0,39.62
fold2_room1_mix1735,4,5,0,1,2,2.65
fold2_room1_mix1735,5,5,0,-4,1,19.97
fold2_room1_mix1735,6,5,0,2,1,14.53
fold2_room1_mix1735,6,7,0,0,0,2.86
fold2_room1_mix1735,7,5,0,-5,0,29.41
fold2_room1_mix1735,8,5,0,1,0,65.15
fold2_room1_mix1735,9,5,0,4,0,73.40
fold2_room1_mix1735,10,5,0,2,0,106.12
fold2_room1_mix1735,11,5,0,-1,0,98.15
fold2_room1_mix1735,12,5,0,3,0,91.06
fold2_room1_mix1735,13,5,0,6,0,97.59
fold2_room1_mix1735,14,5,0,7,0,84.29
fold2_room1_mix1735,15,5,0,8,0,85.60
fold2_room1_mix1735,16,5,0,3,0,94.74
fold2_room1_mix1735,17,5,0,4,0,97.41
fold2_room1_mix1735,18,5,0,6,0,94.20
fold2_room1_mix1735,19,5,0,3,0,101.32
fold2_room1_mix1735,20,5,0,6,0,104.37
fold2_room1_mix1735,21,5,0,7,0,104.88
fold2_room1_mix1735,22,5,0,6,0,104.55
fold2_room1_mix1735,23,5,0,3,0,109.93
fold2_room1_mix1735,24,5,0,5,0,103.26
fold2_room1_mix1735,25,5,0,6,0,102.28
fold2_room1_mix1735,26,5,0,5,0,101.00
fold2_room1_mix1735,27,5,0,5,0,102.95
fold2_room1_mix1735,28,5,0,4,0,102.94
fold2_room1_mix1735,29,5,0,5,0,103.56
fold2_room1_mix1735,30,5,0,5,0,93.05
fold2_room1_mix1735,31,5,0,5,0,99.00
fold2_room1_mix1735,32,5,0,4,0,94.19
fold2_room1_mix1735,33,5,0,4,0,95.50
fold2_room1_mix1735,34,5,0,5,0,98.18
fold2_room1_mix1735,35,5,0,4,0,102.49
fold2_room1_mix1735,36,5,0,4,0,98.04
fold2_room1_mix1735,37,5,0,6,0,95.22
fold2_room1_mix1735,38,5,0,6,0,96.77
fold2_room1_mix1735,39,5,0,5,0,95.28
fold2_room1_mix1735,40,5,0,6,0,90.47
fold2_room1_mix1735,41,5,0,6,0,96.93
fold2_room1_mix1735,42,5,0,7,0,93.21
fold2_room1_mix1735,43,5,0,6,0,91.06
fold2_room1_mix1735,44,5,0,7,0,89.96
fold2_room1_mix1735,45,5,0,6,0,89.06
fold2_room1_mix1735,46,5,0,6,0,87.50
fold2_room1_mix1735,47,5,0,6,0,83.35
fold2_room1_mix1735,48,5,0,6,0,86.67
fold2_room1_mix1735,49,5,0,6,0,83.37
fold2_room1_mix1735,50,5,0,7,0,79.90
fold2_room1_mix1735,51,5,0,7,0,78.84
fold2_room1_mix1735,52,5,0,7,0,70.90
fold2_room1_mix1735,53,5,0,8,0,72.73
fold2_room1_mix1735,54,5,0,8,0,71.95
fold2_room1_mix1735,55,5,0,8,0,62.17
fold2_room1_mix1735,56,5,0,10,0,62.51
fold2_room1_mix1735,57,5,0,10,0,64.72
fold2_room1_mix1735,58,5,0,10,0,61.30
fold2_room1_mix1735,59,5,0,6,0,73.46
fold2_room1_mix1735,59,5,0,24,0,18.23
fold2_room1_mix1735,60,5,0,5,0,76.18
fold2_room1_mix1735,60,5,0,22,0,19.22
fold2_room1_mix1735,61,5,0,6,0,80.55
fold2_room1_mix1735,61,5,0,26,0,17.29
fold2_room1_mix1735,62,5,0,6,0,74.68
fold2_room1_mix1735,62,5,0,32,0,13.24
fold2_room1_mix1735,63,5,0,6,0,65.11
fold2_room1_mix1735,63,5,0,34,0,11.65
fold2_room1_mix1735,64,5,0,7,0,63.68
fold2_room1_mix1735,64,5,0,38,0,10.26
fold2_room1_mix1735,65,5,0,6,0,60.11
fold2_room1_mix1735,65,5,0,43,0,8.97
fold2_room1_mix1735,66,5,0,6,0,55.77
fold2_room1_mix1735,66,5,0,47,0,7.54
fold2_room1_mix1735,67,5,0,7,0,58.24
fold2_room1_mix1735,67,5,0,60,-1,7.01
fold2_room1_mix1735,68,5,0,7,0,57.45
fold2_room1_mix1735,68,5,0,65,-1,6.88
fold2_room1_mix1735,69,5,0,8,0,57.79
fold2_room1_mix1735,69,5,0,88,-1,6.48
fold2_room1_mix1735,70,5,0,8,0,56.29
fold2_room1_mix1735,70,5,0,102,-1,6.70
fold2_room1_mix1735,71,5,0,9,0,54.41
fold2_room1_mix1735,71,5,0,104,-1,6.85
fold2_room1_mix1735,72,5,0,9,0,57.24
fold2_room1_mix1735,72,5,0,125,-1,8.32
fold2_room1_mix1735,73,5,0,8,0,57.97
fold2_room1_mix1735,73,5,0,131,-1,9.48
fold2_room1_mix1735,74,5,0,8,0,56.43
fold2_room1_mix1735,74,5,0,133,-1,9.96
fold2_room1_mix1735,75,5,0,8,0,54.32
fold2_room1_mix1735,75,5,0,139,-1,11.04
fold2_room1_mix1735,76,5,0,8,0,54.45
fold2_room1_mix1735,76,5,0,148,0,14.41
fold2_room1_mix1735,77,5,0,8,0,53.85
fold2_room1_mix1735,77,5,0,146,0,13.47
fold2_room1_mix1735,78,5,0,9,0,44.44
fold2_room1_mix1735,78,5,0,152,0,15.94
fold2_room1_mix1735,79,5,0,9,0,45.36
fold2_room1_mix1735,79,5,0,153,0,17.54
fold2_room1_mix1735,80,5,0,9,0,47.36
fold2_room1_mix1735,80,5,0,158,0,21.30
fold2_room1_mix1735,81,5,0,9,0,45.97
fold2_room1_mix1735,81,5,0,160,0,22.88
fold2_room1_mix1735,82,5,0,10,0,44.04
fold2_room1_mix1735,82,5,0,159,0,22.66
fold2_room1_mix1735,83,5,0,11,0,49.10
fold2_room1_mix1735,83,5,0,162,0,27.49
fold2_room1_mix1735,84,5,0,11,0,48.74
fold2_room1_mix1735,84,5,0,162,0,28.93
fold2_room1_mix1735,85,5,0,11,0,48.85
fold2_room1_mix1735,85,5,0,163,0,28.85
fold2_room1_mix1735,86,5,0,12,0,42.76
fold2_room1_mix1735,86,5,0,165,0,32.71
fold2_room1_mix1735,87,5,0,11,0,50.29
fold2_room1_mix1735,87,5,0,167,0,36.18
fold2_room1_mix1735,88,5,0,11,0,49.97
fold2_room1_mix1735,88,5,0,169,0,41.21
fold2_room1_mix1735,89,5,0,13,0,47.23
fold2_room1_mix1735,89,5,0,168,0,40.87
fold2_room1_mix1735,90,5,0,12,0,46.56
fold2_room1_mix1735,90,5,0,168,0,38.59
fold2_room1_mix1735,91,5,0,6,0,53.09
fold2_room1_mix1735,91,5,0,33,0,14.76
fold2_room1_mix1735,91,5,0,171,0,44.84
fold2_room1_mix1735,92,5,0,6,0,64.01
fold2_room1_mix1735,92,5,0,29,0,17.63
fold2_room1_mix1735,92,5,0,171,0,47.56
fold2_room1_mix1735,93,5,0,6,0,58.04
fold2_room1_mix1735,93,5,0,32,0,16.23
fold2_room1_mix1735,93,5,0,170,0,48.09
fold2_room1_mix1735,94,5,0,6,0,61.62
fold2_room1_mix1735,94,5,0,30,0,16.58
fold2_room1_mix1735,94,5,0,171,0,48.33
fold2_room1_mix1735,95,5,0,6,0,60.85
fold2_room1_mix1735,95,5,0,39,0,15.72
fold2_room1_mix1735,95,5,0,170,0,52.11
fold2_room1_mix1735,96,5,0,6,0,60.51
fold2_room1_mix1735,96,5,0,34,-1,16.39
fold2_room1_mix1735,96,5,0,170,0,53.20
fold2_room1_mix1735,97,5,0,8,0,59.14
fold2_room1_mix1735,97,5,0,47,0,14.54
fold2_room1_mix1735,97,5,0,170,0,55.41
fold2_room1_mix1735,98,5,0,7,0,55.30
fold2_room1_mix1735,98,5,0,39,-1,15.27
fold2_room1_mix1735,98,5,0,171,0,52.41
fold2_room1_mix1735,99,5,0,9,0,48.55
fold2_room1_mix1735,99,5,0,89,-1,12.64
fold2_room1_mix1735,99,5,0,172,0,64.15
fold2_room1_mix1736,4,5,0,4,0,12.89
fold2_room1_mix1736,5,5,0,7,0,33.90
fold2_room1_mix1736,6,5,0,5,0,42.29
fold2_room1_mix1736,7,5,0,6,0,67.90
fold2_room1_mix1736,8,5,0,6,0,95.59
fold2_room1_mix1736,9,5,0,6,0,86.46
fold2_room1_mix1736,10,5,0,7,0,86.41
fold2_room1_mix1736,11,5,0,6,0,83.65
fold2_room1_mix1736,12,5,0,6,0,83.30
fold2_room1_mix1736,13,5,0,8,0,67.11
fold2_room1_mix1736,14,5,0,8,0,69.19
fold2_room1_mix1736,15,5,0,7,0,69.09
fold2_room1_mix1736,16,5,0,9,0,69.09
fold2_room1_mix1736,17,5,0,9,0,64.74
fold2_room1_mix1736,18,5,0,10,0,71.24
fold2_room1_mix1736,19,5,0,8,0,70.82
fold2_room1_mix1736,20,5,0,8,0,71.62
fold2_room1_mix1736,21,5,0,9,0,72.26
fold2_room1_mix1736,22,5,0,7,0,68.83
fold2_room1_mix1736,23,5,0,9,0,68.18
fold2_room1_mix1736,24,5,0,10,0,72.78
fold2_room1_mix1736,25,5,0,9,0,69.39
fold2_room1_mix1736,26,5,0,10,0,69.31
fold2_room1_mix1736,27,5,0,10,0,70.52
fold2_room1_mix1736,28,5,0,10,0,67.19
fold2_room1_mix1736,29,5,0,10,0,68.36
fold2_room1_mix1736,30,5,0,11,0,67.18
fold2_room1_mix1736,31,5,0,5,0,84.62
fold2_room1_mix1736,31,5,0,22,0,22.44
fold2_room1_mix1736,32,5,0,6,0,84.35
fold2_room1_mix1736,32,5,0,24,0,21.05
fold2_room1_mix1736,33,5,0,6,0,84.77
fold2_room1_mix1736,33,5,0,24,0,21.90
fold2_room1_mix1736,34,5,0,6,0,85.31
fold2_room1_mix1736,34,5,0,26,0,20.06
fold2_room1_mix1736,35,5,0,6,0,83.97
fold2_room1_mix1736,35,5,0,28,0,18.58
fold2_room1_mix1736,36,5,0,6,0,81.20
fold2_room1_mix1736,36,5,0,29,0,16.67
fold2_room1_mix1736,37,5,0,6,0,79.73
fold2_room1_mix1736,37,5,0,32,0,15.06
fold2_room1_mix1736,38,5,0,6,0,76.57
fold2_room1_mix1736,38,5,0,36,0,13.25
fold2_room1_mix1736,39,5,0,6,0,75.00
fold2_room1_mix1736,39,5,0,38,0,12.79
fold2_room1_mix1736,40,5,0,6,0,76.56
fold2_room1_mix1736,40,5,0,42,-1,11.98
fold2_room1_mix1736,41,5,0,6,0,78.64
fold2_room1_mix1736,41,5,0,47,-1,11.50
fold2_room1_mix1736,42,5,0,6,0,79.78
fold2_room1_mix1736,42,5,0,54,-1,10.35
fold2_room1_mix1736,43,5,0,6,0,78.32
fold2_room1_mix1736,43,5,0,64,-1,9.62
fold2_room1_mix1736,44,5,0,7,0,76.11
fold2_room1_mix1736,44,5,0,77,-2,8.98
fold2_room1_mix1736,45,5,0,7,0,75.20
fold2_room1_mix1736,45,5,0,88,-2,9.09
fold2_room1_mix1736,46,5,0,7,0,71.38
fold2_room1_mix1736,46,5,0,99,-2,8.77
fold2_room1_mix1736,47,5,0,8,0,71.89
fold2_room1_mix1736,47,5,0,107,-2,9.08
fold2_room1_mix1736,48,5,0,7,0,70.82
fold2_room1_mix1736,48,5,0,111,-2,9.03
fold2_room1_mix1736,49,5,0,7,0,71.31
fold2_room1_mix1736,49,5,0,115,-2,9.41
fold2_room1_mix1736,50,5,0,7,0,70.39
fold2_room1_mix1736,50,5,0,126,-1,10.74
fold2_room1_mix1736,51,5,0,8,0,67.62
fold2_room1_mix1736,51,5,0,131,-1,11.51
fold2_room1_mix1736,52,5,0,8,0,65.09
fold2_room1_mix1736,52,5,0,134,-1,12.37
fold2_room1_mix1736,53,5,0,8,0,62.48
fold2_room1_mix1736,53,5,0,142,-1,14.02
fold2_room1_mix1736,54,5,0,8,0,61.31
fold2_room1_mix1736,54,5,0,143,-1,14.11
fold2_room1_mix1736,55,5,0,8,0,62.08
fold2_room1_mix1736,55,5,0,146,-1,15.06
fold2_room1_mix1736,56,5,0,9,0,62.02
fold2_room1_mix1736,56,5,0,148,0,16.87
fold2_room1_mix1736,57,5,0,10,0,59.89
fold2_room1_mix1736,57,5,0,151,0,19.15
fold2_room1_mix1736,58,5,0,10,0,53.22
fold2_room1_mix1736,58,5,0,152,0,19.32
fold2_room1_mix1736,59,5,0,11,0,60.17
fold2_room1_mix1736,59,5,0,156,0,22.82
fold2_room1_mix1736,60,5,0,10,0,58.91
fold2_room1_mix1736,60,5,0,153,0,21.16
fold2_room1_mix1736,61,5,0,10,0,57.40
fold2_room1_mix1736,61,5,0,155,0,22.76
fold2_room1_mix1736,62,5,0,11,0,54.01
fold2_room1_mix1736,62,5,0,158,0,24.86
fold2_room1_mix1736,63,5,0,10,0,57.74
fold2_room1_mix1736,63,5,0,157,0,24.70
fold2_room1_mix1736,64,5,0,10,0,54.53
fold2_room1_mix1736,64,5,0,158,0,26.07
fold2_room1_mix1736,65,5,0,10,0,60.77
fold2_room1_mix1736,65,5,0,157,0,26.68
fold2_room1_mix1736,66,5,0,13,0,51.20
fold2_room1_mix1736,66,5,0,162,0,31.86
fold2_room1_mix1736,67,5,0,10,0,54.84
fold2_room1_mix1736,67,5,0,164,0,33.04
fold2_room1_mix1736,68,5,0,11,0,52.86
fold2_room1_mix1736,68,5,0,162,0,31.25
fold2_room1_mix1736,69,5,0,13,0,51.16
fold2_room1_mix1736,69,5,0,165,0,37.28
fold2_room1_mix1736,70,5,0,8,0,55.69
fold2_room1_mix1736,70,5,0,28,0,19.32
fold2_room1_mix1736,70,5,0,167,0,37.07
fold2_room1_mix1736,71,5,0,8,0,65.19
fold2_room1_mix1736,71,5,0,26,0,22.67
fold2_room1_mix1736,71,5,0,166,0,39.28
fold2_room1_mix1736,72,5,0,8,0,58.82
fold2_room1_mix1736,72,5,0,32,0,18.98
fold2_room1_mix1736,72,5,0,167,0,42.86
fold2_room1_mix1736,73,5,0,8,0,63.03
fold2_room1_mix1736,73,5,0,30,0,20.47
fold2_room1_mix1736,73,5,0,167,0,44.14
fold2_room1_mix1736,74,5,0,8,0,64.65
fold2_room1_mix1736,74,5,0,32,0,20.13
fold2_room1_mix1736,74,5,0,167,0,44.67
fold2_room1_mix1736,75,5,0,8,0,61.54
fold2_room1_mix1736,75,5,0,37,0,18.63
fold2_room1_mix1736,75,5,0,167,0,48.06
fold2_room1_mix1736,76,5,0,9,0,60.58
fold2_room1_mix1736,76,5,0,38,0,18.44
fold2_room1_mix1736,76,5,0,167,0,48.24
fold2_room1_mix1736,77,5,0,7,0,64.86
fold2_room1_mix1736,77,5,0,36,0,19.19
fold2_room1_mix1736,77,5,0,168,0,50.10
fold2_room1_mix1736,78,5,0,9,0,66.34
fold2_room1_mix1736,78,5,0,33,0,20.73
fold2_room1_mix1736,78,5,0,165,0,48.81
fold2_room1_mix1736,79,5,0,10,0,56.06
fold2_room1_mix1736,79,5,0,46,0,16.67
fold2_room1_mix1736,79,5,0,165,0,49.00
fold2_room1_mix1736,80,5,0,13,0,38.98
fold2_room1_mix1736,80,5,0,87,-1,13.33
fold2_room1_mix1736,80,5,0,169,0,52.61
fold2_room1_mix1736,81,5,0,13,0,36.51
fold2_room1_mix1736,81,5,0,83,-1,12.66
fold2_room1_mix1736,81,5,0,169,0,49.78
fold2_room1_mix1736,82,5,0,11,0,45.41
fold2_room1_mix1736,82,5,0,65,-1,13.35
fold2_room1_mix1736,82,5,0,170,0,53.49
fold2_room1_mix1736,83,5,0,10,0,44.31
fold2_room1_mix1736,83,5,0,65,-1,13.96
fold2_room1_mix1736,83,5,0,170,0,54.18
fold2_room1_mix1736,84,5,0,21,0,26.02
fold2_room1_mix1736,84,5,0,135,-1,16.50
fold2_room1_mix1736,84,5,0,171,0,65.66
fold2_room1_mix1736,85,5,0,18,0,29.43
fold2_room1_mix1736,85,5,0,134,-1,16.01
fold2_room1_mix1736,85,5,0,171,0,64.39
fold2_room1_mix1736,86,5,0,14,0,38.56
fold2_room1_mix1736,86,5,0,92,-1,12.58
fold2_room1_mix1736,86,5,0,170,0,57.88
fold2_room1_mix1736,87,5,0,24,0,22.20
fold2_room1_mix1736,87,5,0,143,-1,18.17
fold2_room1_mix1736,87,5,0,171,0,66.85
fold2_room1_mix1736,88,5,0,23,0,25.91
fold2_room1_mix1736,88,5,0,142,0,18.28
fold2_room1_mix1736,88,5,0,170,0,71.51
fold2_room1_mix1736,89,5,0,17,0,36.09
fold2_room1_mix1736,89,5,0,120,-1,14.54
fold2_room1_mix1736,89,5,0,168,0,63.81
fold2_room1_mix1736,90,5,0,17,0,34.75
fold2_room1_mix1736,90,5,0,130,0,16.00
fold2_room1_mix1736,90,5,0,169,0,66.43
fold2_room1_mix1736,91,5,0,16,0,35.49
fold2_room1_mix1736,91,5,0,132,0,15.81
fold2_room1_mix1736,91,5,0,169,0,68.58
fold2_room1_mix1736,92,5,0,19,0,28.09
fold2_room1_mix1736,92,5,0,143,0,18.53
fold2_room1_mix1736,92,5,0,170,0,68.57
fold2_room1_mix1736,93,5,0,26,0,21.25
fold2_room1_mix1736,93,5,0,148,0,20.96
fold2_room1_mix1736,93,5,0,170,0,71.07
fold2_room1_mix1736,94,5,0,20,0,25.67
fold2_room1_mix1736,94,5,0,147,0,20.13
fold2_room1_mix1736,94,5,0,171,0,73.68
fold2_room1_mix1736,95,5,0,31,0,17.81
fold2_room1_mix1736,95,5,0,153,0,23.32
fold2_room1_mix1736,95,5,0,171,0,73.49
fold2_room1_mix1736,96,5,0,38,-1,13.81
fold2_room1_mix1736,96,5,0,165,0,52.29
fold2_room1_mix1736,97,5,0,43,-1,11.30
fold2_room1_mix1736,97,5,0,166,0,52.08
fold2_room1_mix1736,98,5,0,47,-1,10.13
fold2_room1_mix1736,98,5,0,168,0,56.32
fold2_room1_mix1736,99,5,0,78,-2,8.74
fold2_room1_mix1736,99,5,0,168,0,59.02
fold2_room1_mix1737,6,5,0,0,0,28.33
fold2_room1_mix1737,7,5,0,0,0,42.55
fold2_room1_mix1737,8,5,0,1,0,67.45
fold2_room1_mix1737,9,5,0,0,0,93.53
fold2_room1_mix1737,10,5,0,0,0,99.21
fold2_room1_mix1737,11,5,0,0,0,98.21
fold2_room1_mix1737,12,5,0,0,0,95.52
fold2_room1_mix1737,13,5,0,0,0,97.68
fold2_room1_mix1737,14,5,0,0,0,98.05
fold2_room1_mix1737,15,5,0,0,0,102.09
fold2_room1_mix1737,16,5,0,0,0,104.18
fold2_room1_mix1737,17,5,0,0,0,103.72
fold2_room1_mix1737,18,5,0,0,0,100.75
fold2_room1_mix1737,19,5,0,0,0,103.33
fold2_room1_mix1737,20,5,0,0,0,102.66
fold2_room1_mix1737,21,5,0,-1,0,106.75
fold2_room1_mix1737,22,5,0,-1,0,106.69
fold2_room1_mix1737,23,5,0,-2,0,104.23
fold2_room1_mix1737,24,5,0,-1,0,103.23
fold2_room1_mix1737,25,5,0,-1,0,102.24
fold2_room1_mix1737,26,5,0,-1,0,101.22
fold2_room1_mix1737,27,5,0,-2,0,104.23
fold2_room1_mix1737,28,5,0,-2,0,105.42
fold2_room1_mix1737,29,5,0,-1,0,103.39
fold2_room1_mix1737,30,5,0,-3,0,101.05
fold2_room1_mix1737,31,5,0,-3,0,101.30
fold2_room1_mix1737,32,5,0,-3,0,100.01
fold2_room1_mix1737,33,5,0,-3,0,97.80
fold2_room1_mix1737,34,5,0,-4,0,95.90
fold2_room1_mix1737,35,5,0,-4,0,96.46
fold2_room1_mix1737,36,5,0,-5,0,84.20
fold2_room1_mix1737,37,5,0,-5,0,85.00
fold2_room1_mix1737,38,5,0,-6,0,83.73
fold2_room1_mix1737,39,5,0,-5,0,82.67
fold2_room1_mix1737,40,5,0,-5,0,74.55
fold2_room1_mix1737,41,5,0,-6,0,77.21
fold2_room1_mix1737,42,5,0,-7,0,75.65
fold2_room1_mix1737,43,5,0,-7,0,62.84
fold2_room1_mix1737,44,5,0,-6,0,69.56
fold2_room1_mix1737,45,5,0,-7,0,66.45
fold2_room1_mix1737,46,5,0,-8,0,64.82
fold2_room1_mix1737,47,5,0,-2,0,89.26
fold2_room1_mix1737,47,5,0,-18,0,19.84
fold2_room1_mix1737,48,5,0,-2,0,83.38
fold2_room1_mix1737,48,5,0,-19,0,17.88
fold2_room1_mix1737,49,5,0,-1,0,84.99
fold2_room1_mix1737,49,5,0,-22,0,15.94
fold2_room1_mix1737,50,5,0,-2,0,80.06
fold2_room1_mix1737,50,5,0,-21,0,16.15
fold2_room1_mix1737,51,5,0,-2,0,78.64
fold2_room1_mix1737,51,5,0,-26,0,13.23
fold2_room1_mix1737,52,5,0,-1,0,77.54
fold2_room1_mix1737,52,5,0,-32,0,11.56
fold2_room1_mix1737,53,5,0,-3,0,80.74
fold2_room1_mix1737,53,5,0,-42,0,9.61
fold2_room1_mix1737,54,5,0,-3,0,78.94
fold2_room1_mix1737,54,5,0,-56,-1,7.57
fold2_room1_mix1737,55,5,0,-4,0,76.41
fold2_room1_mix1737,55,5,0,-67,-1,7.01
fold2_room1_mix1737,56,5,0,-3,0,78.79
fold2_room1_mix1737,56,5,0,-96,-1,7.35
fold2_room1_mix1737,57,5,0,-3,0,77.30
fold2_room1_mix1737,57,5,0,-128,-1,9.88
fold2_room1_mix1737,58,5,0,-4,0,74.61
fold2_room1_mix1737,58,5,0,-134,-1,10.22
fold2_room1_mix1737,59,5,0,-4,0,67.98
fold2_room1_mix1737,59,5,0,-142,0,11.89
fold2_room1_mix1737,60,5,0,-4,0,64.53
fold2_room1_mix1737,60,5,0,-146,0,13.65
fold2_room1_mix1737,61,5,0,-4,0,62.40
fold2_room1_mix1737,61,5,0,-149,0,15.00
fold2_room1_mix1737,62,5,0,-5,0,59.06
fold2_room1_mix1737,62,5,0,-152,0,16.44
fold2_room1_mix1737,63,5,0,-4,0,55.58
fold2_room1_mix1737,63,5,0,-158,0,18.47
fold2_room1_mix1737,64,5,0,-5,0,56.61
fold2_room1_mix1737,64,5,0,-160,0,19.01
fold2_room1_mix1737,65,5,0,-5,0,53.88
fold2_room1_mix1737,65,5,0,-163,0,21.67
fold2_room1_mix1737,66,5,0,-5,0,53.91
fold2_room1_mix1737,66,5,0,-164,0,23.64
fold2_room1_mix1737,67,5,0,-6,0,52.39
fold2_room1_mix1737,67,5,0,-165,0,24.83
fold2_room1_mix1737,68,5,0,-6,0,52.17
fold2_room1_mix1737,68,5,0,-166,0,27.45
fold2_room1_mix1737,69,5,0,-7,0,48.43
fold2_room1_mix1737,69,5,0,-168,0,32.00
fold2_room1_mix1737,70,5,0,-8,0,46.04
fold2_room1_mix1737,70,5,0,-169,0,34.32
fold2_room1_mix1737,71,5,0,-7,0,48.50
fold2_room1_mix1737,71,5,0,-169,0,32.47
fold2_room1_mix1737,72,5,0,-11,0,42.45
fold2_room1_mix1737,72,5,0,-168,0,34.26
fold2_room1_mix1737,73,5,0,-5,0,55.39
fold2_room1_mix1737,73,5,0,-31,0,15.42
fold2_room1_mix1737,73,5,0,-170,0,42.02
fold2_room1_mix1737,74,5,0,-3,0,63.73
fold2_room1_mix1737,74,5,0,-23,0,18.26
fold2_room1_mix1737,74,5,0,-171,0,40.83
fold2_room1_mix1737,75,5,0,-5,0,64.19
fold2_room1_mix1737,75,5,0,-24,0,18.83
fold2_room1_mix1737,75,5,0,-168,0,37.52
fold2_room1_mix1737,76,5,0,-6,0,50.00
fold2_room1_mix1737,76,5,0,-48,0,11.80
fold2_room1_mix1737,76,5,0,-172,0,48.08
fold2_room1_mix1737,77,5,0,-6,1,50.95
fold2_room1_mix1737,77,5,0,-51,0,11.38
fold2_room1_mix1737,77,5,0,-172,0,48.80
fold2_room1_mix1737,78,5,0,-4,0,62.13
fold2_room1_mix1737,78,5,0,-33,0,15.53
fold2_room1_mix1737,78,5,0,-171,0,47.79
fold2_room1_mix1737,79,5,0,-5,0,56.23
fold2_room1_mix1737,79,5,0,-53,0,12.01
fold2_room1_mix1737,79,5,0,-174,0,55.99
fold2_room1_mix1737,80,5,0,-3,1,63.41
fold2_room1_mix1737,80,5,0,-36,0,14.49
fold2_room1_mix1737,80,5,0,-173,0,54.41
fold2_room1_mix1737,81,5,0,-2,1,72.98
fold2_room1_mix1737,81,5,0,-29,0,16.52
fold2_room1_mix1737,81,5,0,-174,0,53.83
fold2_room1_mix1737,82,5,0,-2,1,73.80
fold2_room1_mix1737,82,5,0,-31,0,15.89
fold2_room1_mix1737,82,5,0,-174,0,57.99
fold2_room1_mix1737,83,5,0,-3,1,66.32
fold2_room1_mix1737,83,5,0,-36,0,14.20
fold2_room1_mix1737,83,5,0,-173,0,56.32
fold2_room1_mix1737,84,5,0,-3,0,61.60
fold2_room1_mix1737,84,5,0,-45,0,12.13
fold2_room1_mix1737,84,5,0,-174,0,59.07
fold2_room1_mix1737,85,5,0,-3,1,65.43
fold2_room1_mix1737,85,5,0,-44,0,13.16
fold2_room1_mix1737,85,5,0,-175,0,59.34
fold2_room1_mix1737,86,5,0,-4,0,57.95
fold2_room1_mix1737,86,5,0,-61,-1,10.99
fold2_room1_mix1737,86,5,0,-175,0,64.14
fold2_room1_mix1737,87,5,0,-7,0,48.71
fold2_room1_mix1737,87,5,0,-84,-1,9.87
fold2_room1_mix1737,87,5,0,-174,0,60.44
fold2_room1_mix1737,88,5,0,-5,1,52.60
fold2_room1_mix1737,88,5,0,-93,0,9.78
fold2_room1_mix1737,88,5,0,-176,0,67.33
fold2_room1_mix1737,89,5,0,-5,0,46.99
fold2_room1_mix1737,89,5,0,-120,-1,10.99
fold2_room1_mix1737,89,5,0,-176,0,73.83
fold2_room1_mix1737,90,5,0,-8,0,37.58
fold2_room1_mix1737,90,5,0,-131,-1,11.56
fold2_room1_mix1737,90,5,0,-175,0,68.02
fold2_room1_mix1737,91,5,0,-4,1,53.77
fold2_room1_mix1737,91,5,0,-87,0,10.00
fold2_room1_mix1737,91,5,0,-177,0,66.35
fold2_room1_mix1737,92,5,0,-4,0,45.22
fold2_room1_mix1737,92,5,0,-131,-1,11.30
fold2_room1_mix1737,92,5,0,-178,0,78.49
fold2_room1_mix1737,93,5,0,-6,0,44.84
fold2_room1_mix1737,93,5,0,-121,0,11.00
fold2_room1_mix1737,93,5,0,-177,0,75.32
fold2_room1_mix1737,94,5,0,-8,0,32.56
fold2_room1_mix1737,94,5,0,-148,0,15.46
fold2_room1_mix1737,94,5,0,-177,0,88.57
fold2_room1_mix1737,95,5,0,-7,0,40.12
fold2_room1_mix1737,95,5,0,-140,0,13.07
fold2_room1_mix1737,95,5,0,-178,0,87.28
fold2_room1_mix1737,96,5,0,-8,0,32.08
fold2_room1_mix1737,96,5,0,-151,0,16.20
fold2_room1_mix1737,96,5,0,-177,0,91.47
fold2_room1_mix1737,97,5,0,-5,0,46.48
fold2_room1_mix1737,97,5,0,-132,0,12.33
fold2_room1_mix1737,97,5,0,-178,0,85.19
fold2_room1_mix1737,98,5,0,-6,0,36.98
fold2_room1_mix1737,98,5,0,-150,0,15.41
fold2_room1_mix1737,98,5,0,-178,0,98.40
fold2_room1_mix1737,99,5,0,-4,0,45.19
fold2_room1_mix1737,99,5,0,-136,0,12.07
fold2_room1_mix1737,99,5,0,-179,0,85.99
fold2_room1_mix1737,5,5,0,-1,1,7.32
fold2_room1_mix1738,3,5,0,179,2,7.29
fold2_room1_mix1738,4,5,0,179,0,20.82
fold2_room1_mix1738,5,5,0,179,0,33.12
fold2_room1_mix1738,6,5,0,-177,0,51.90
fold2_room1_mix1738,7,5,0,-176,0,81.57
fold2_room1_mix1738,8,5,0,-177,0,105.60
fold2_room1_mix1738,9,5,0,-178,0,100.29
fold2_room1_mix1738,10,5,0,-178,0,95.76
fold2_room1_mix1738,11,5,0,-177,0,87.89
fold2_room1_mix1738,12,5,0,-177,0,89.01
fold2_room1_mix1738,13,5,0,-176,0,90.80
fold2_room1_mix1738,14,5,0,-176,0,89.52
fold2_room1_mix1738,15,5,0,-176,0,88.78
fold2_room1_mix1738,16,5,0,-175,0,87.89
fold2_room1_mix1738,17,5,0,-175,0,88.96
fold2_room1_mix1738,18,5,0,-174,0,84.81
fold2_room1_mix1738,19,5,0,-174,0,84.94
fold2_room1_mix1738,20,5,0,-174,0,87.32
fold2_room1_mix1738,21,5,0,-174,0,88.92
fold2_room1_mix1738,22,5,0,-173,0,86.01
fold2_room1_mix1738,23,5,0,-173,0,78.57
fold2_room1_mix1738,24,5,0,-172,0,79.02
fold2_room1_mix1738,25,5,0,-172,0,75.21
fold2_room1_mix1738,26,5,0,-171,0,77.25
fold2_room1_mix1738,27,5,0,-171,0,77.87
fold2_room1_mix1738,28,5,0,-170,0,75.83
fold2_room1_mix1738,29,5,0,-158,0,20.49
fold2_room1_mix1738,29,5,0,-174,0,93.48
fold2_room1_mix1738,30,5,0,-158,0,20.47
fold2_room1_mix1738,30,5,0,-174,0,88.11
fold2_room1_mix1738,31,5,0,-157,0,20.04
fold2_room1_mix1738,31,5,0,-173,0,82.38
fold2_room1_mix1738,32,5,0,-155,0,17.94
fold2_room1_mix1738,32,5,0,-174,0,86.93
fold2_room1_mix1738,33,5,0,-154,0,16.98
fold2_room1_mix1738,33,5,0,-174,0,87.78
fold2_room1_mix1738,34,5,0,-149,0,15.48
fold2_room1_mix1738,34,5,0,-173,0,90.03
fold2_room1_mix1738,35,5,0,-142,0,11.79
fold2_room1_mix1738,35,5,0,-173,0,82.27
fold2_room1_mix1738,36,5,0,-140,0,10.98
fold2_room1_mix1738,36,5,0,-172,0,76.94
fold2_room1_mix1738,37,5,0,-127,0,9.28
fold2_room1_mix1738,37,5,0,-171,1,73.04
fold2_room1_mix1738,38,5,0,-120,0,8.49
fold2_room1_mix1738,38,5,0,-170,1,69.84
fold2_room1_mix1738,39,5,0,-111,0,8.33
fold2_room1_mix1738,39,5,0,-171,1,73.98
fold2_room1_mix1738,40,5,0,-105,-1,8.45
fold2_room1_mix1738,40,5,0,-173,0,84.57
fold2_room1_mix1738,41,5,0,-93,0,7.95
fold2_room1_mix1738,41,5,0,-171,1,71.75
fold2_room1_mix1738,42,5,0,-86,-1,7.95
fold2_room1_mix1738,42,5,0,-172,0,80.31
fold2_room1_mix1738,43,5,0,-69,-1,8.33
fold2_room1_mix1738,43,5,0,-171,0,81.03
fold2_room1_mix1738,44,5,0,-58,-1,9.45
fold2_room1_mix1738,44,5,0,-171,0,81.14
fold2_room1_mix1738,45,5,0,-57,-1,9.47
fold2_room1_mix1738,45,5,0,-171,0,80.23
fold2_room1_mix1738,46,5,0,-45,-1,10.59
fold2_room1_mix1738,46,5,0,-171,0,74.58
fold2_room1_mix1738,47,5,0,-46,-1,11.06
fold2_room1_mix1738,47,5,0,-170,0,77.79
fold2_room1_mix1738,48,5,0,-37,-1,12.02
fold2_room1_mix1738,48,5,0,-170,0,73.27
fold2_room1_mix1738,49,5,0,-32,0,13.40
fold2_room1_mix1738,49,5,0,-169,0,68.27
fold2_room1_mix1738,50,5,0,-27,0,15.04
fold2_room1_mix1738,50,5,0,-168,0,63.63
fold2_room1_mix1738,51,5,0,-28,0,15.72
fold2_room1_mix1738,51,5,0,-167,0,61.14
fold2_room1_mix1738,52,5,0,-26,0,16.81
fold2_room1_mix1738,52,5,0,-169,0,67.24
fold2_room1_mix1738,53,5,0,-27,0,17.62
fold2_room1_mix1738,53,5,0,-168,0,65.44
fold2_room1_mix1738,54,5,0,-28,0,17.45
fold2_room1_mix1738,54,5,0,-167,0,62.16
fold2_room1_mix1738,55,5,0,-27,0,18.82
fold2_room1_mix1738,55,5,0,-167,0,67.29
fold2_room1_mix1738,56,5,0,-25,0,20.17
fold2_room1_mix1738,56,5,0,-167,0,64.32
fold2_room1_mix1738,57,5,0,-24,0,20.38
fold2_room1_mix1738,57,5,0,-165,0,61.56
fold2_room1_mix1738,58,5,0,-20,0,22.73
fold2_room1_mix1738,58,5,0,-167,0,63.62
fold2_room1_mix1738,59,5,0,-20,0,22.66
fold2_room1_mix1738,59,5,0,-159,0,33.15
fold2_room1_mix1738,59,5,0,-174,0,92.54
fold2_room1_mix1738,60,5,0,-16,0,24.92
fold2_room1_mix1738,60,5,0,-155,0,27.22
fold2_room1_mix1738,60,5,0,-173,0,82.83
fold2_room1_mix1738,61,5,0,-16,0,25.72
fold2_room1_mix1738,61,5,0,-152,0,25.44
fold2_room1_mix1738,61,5,0,-171,0,79.04
fold2_room1_mix1738,62,5,0,-14,0,29.14
fold2_room1_mix1738,62,5,0,-148,0,21.11
fold2_room1_mix1738,62,5,0,-171,0,71.42
fold2_room1_mix1738,63,5,0,-16,0,30.86
fold2_room1_mix1738,63,5,0,-135,0,15.80
fold2_room1_mix1738,63,5,0,-166,0,56.23
fold2_room1_mix1738,64,5,0,-14,0,32.04
fold2_room1_mix1738,64,5,0,-142,0,17.49
fold2_room1_mix1738,64,5,0,-169,0,64.05
fold2_room1_mix1738,65,5,0,-13,0,35.72
fold2_room1_mix1738,65,5,0,-135,0,15.52
fold2_room1_mix1738,65,5,0,-167,0,59.80
fold2_room1_mix1738,66,5,0,-12,0,38.42
fold2_room1_mix1738,66,5,0,-138,0,16.83
fold2_room1_mix1738,66,5,0,-169,0,65.66
fold2_room1_mix1738,67,5,0,-14,0,37.14
fold2_room1_mix1738,67,5,0,-136,0,16.21
fold2_room1_mix1738,67,5,0,-167,0,61.22
fold2_room1_mix1738,68,5,0,-11,0,41.03
fold2_room1_mix1738,68,5,0,-112,-1,12.11
fold2_room1_mix1738,68,5,0,-166,0,49.87
fold2_room1_mix1738,69,5,0,-12,0,41.98
fold2_room1_mix1738,69,5,0,-134,0,16.07
fold2_room1_mix1738,69,5,0,-169,0,63.47
fold2_room1_mix1738,70,5,0,-11,0,43.28
fold2_room1_mix1738,70,5,0,-130,0,14.58
fold2_room1_mix1738,70,5,0,-168,0,60.04
fold2_room1_mix1738,71,5,0,-11,0,44.00
fold2_room1_mix1738,71,5,0,-125,0,13.63
fold2_room1_mix1738,71,5,0,-168,0,58.02
fold2_room1_mix1738,72,5,0,-11,0,43.86
fold2_room1_mix1738,72,5,0,-117,0,12.93
fold2_room1_mix1738,72,5,0,-167,0,53.15
fold2_room1_mix1738,73,5,0,-9,0,46.54
fold2_room1_mix1738,73,5,0,-116,-1,12.17
fold2_room1_mix1738,73,5,0,-169,0,55.42
fold2_room1_mix1738,74,5,0,-9,0,46.24
fold2_room1_mix1738,74,5,0,-90,-1,10.87
fold2_room1_mix1738,74,5,0,-166,0,47.69
fold2_room1_mix1738,75,5,0,-11,0,43.55
fold2_room1_mix1738,75,5,0,-69,0,10.69
fold2_room1_mix1738,75,5,0,-163,0,40.48
fold2_room1_mix1738,76,5,0,-12,0,47.24
fold2_room1_mix1738,76,5,0,-62,0,11.30
fold2_room1_mix1738,76,5,0,-162,0,39.11
fold2_room1_mix1738,77,5,0,-11,0,47.57
fold2_room1_mix1738,77,5,0,-61,0,11.47
fold2_room1_mix1738,77,5,0,-163,0,39.50
fold2_room1_mix1738,78,5,0,-9,0,54.19
fold2_room1_mix1738,78,5,0,-61,-1,12.02
fold2_room1_mix1738,78,5,0,-165,0,46.67
fold2_room1_mix1738,79,5,0,-11,0,53.31
fold2_room1_mix1738,79,5,0,-42,0,14.90
fold2_room1_mix1738,79,5,0,-158,0,29.93
fold2_room1_mix1738,80,5,0,-11,0,52.43
fold2_room1_mix1738,80,5,0,-40,0,14.93
fold2_room1_mix1738,80,5,0,-155,0,25.13
fold2_room1_mix1738,81,5,0,-10,0,55.35
fold2_room1_mix1738,81,5,0,-35,0,16.72
fold2_room1_mix1738,81,5,0,-145,0,20.10
fold2_room1_mix1738,82,5,0,-9,0,56.21
fold2_room1_mix1738,82,5,0,-32,0,18.05
fold2_room1_mix1738,82,5,0,-147,0,19.04
fold2_room1_mix1738,83,5,0,-10,0,60.53
fold2_room1_mix1738,83,5,0,-28,0,20.68
fold2_room1_mix1738,83,5,0,-130,0,12.98
fold2_room1_mix1738,84,5,0,-9,0,67.35
fold2_room1_mix1738,84,5,0,-26,0,22.76
fold2_room1_mix1738,84,5,0,-120,-1,11.02
fold2_room1_mix1738,85,5,0,-9,0,69.88
fold2_room1_mix1738,85,5,0,-26,0,23.94
fold2_room1_mix1738,85,5,0,-117,-1,10.92
fold2_room1_mix1738,86,5,0,-9,0,73.53
fold2_room1_mix1738,86,5,0,-24,0,24.76
fold2_room1_mix1738,86,5,0,-110,0,10.29
fold2_room1_mix1738,87,5,0,-16,0,52.40
fold2_room1_mix1738,87,5,0,-75,0,8.49
fold2_room1_mix1738,88,5,0,-16,0,54.37
fold2_room1_mix1738,88,5,0,-75,-1,9.10
fold2_room1_mix1738,89,5,0,-15,0,56.01
fold2_room1_mix1738,89,5,0,-62,0,9.63
fold2_room1_mix1738,90,5,0,-13,0,60.36
fold2_room1_mix1738,90,5,0,-55,0,11.01
fold2_room1_mix1738,91,5,0,-12,0,59.31
fold2_room1_mix1738,91,5,0,-49,0,11.92
fold2_room1_mix1738,92,5,0,-12,0,58.44
fold2_room1_mix1738,92,5,0,-44,0,13.44
fold2_room1_mix1738,93,5,0,-10,0,59.74
fold2_room1_mix1738,93,5,0,-36,0,15.81
fold2_room1_mix1738,94,5,0,-9,0,62.23
fold2_room1_mix1738,94,5,0,-31,0,17.63
fold2_room1_mix1738,95,5,0,-16,0,49.70
fold2_room1_mix1738,96,5,0,-15,0,50.66
fold2_room1_mix1738,97,5,0,-14,0,53.53
fold2_room1_mix1738,98,5,0,-13,0,54.38
fold2_room1_mix1738,99,5,0,-13,0,54.36
fold2_room1_mix1739,3,5,0,2,1,2.80
fold2_room1_mix1739,4,5,0,4,1,18.73
fold2_room1_mix1739,5,5,0,5,1,26.39
fold2_room1_mix1739,6,5,0,4,1,35.41
fold2_room1_mix1739,7,5,0,2,0,62.63
fold2_room1_mix1739,8,5,0,4,0,90.09
fold2_room1_mix1739,9,5,0,5,0,87.77
fold2_room1_mix1739,10,5,0,3,0,90.45
fold2_room1_mix1739,11,5,0,5,0,88.53
fold2_room1_mix1739,12,5,0,5,0,80.84
fold2_room1_mix1739,13,5,0,6,0,80.41
fold2_room1_mix1739,14,5,0,3,0,82.06
fold2_room1_mix1739,15,5,0,5,0,85.69
fold2_room1_mix1739,16,5,0,6,0,91.04
fold2_room1_mix1739,17,5,0,5,0,83.81
fold2_room1_mix1739,18,5,0,6,0,86.99
fold2_room1_mix1739,19,5,0,6,0,93.21
fold2_room1_mix1739,20,5,0,7,0,86.81
fold2_room1_mix1739,21,5,0,7,0,93.40
fold2_room1_mix1739,22,5,0,5,0,95.59
fold2_room1_mix1739,23,5,0,6,0,87.20
fold2_room1_mix1739,24,5,0,6,0,93.98
fold2_room1_mix1739,25,5,0,6,0,92.91
fold2_room1_mix1739,26,5,0,6,0,85.37
fold2_room1_mix1739,27,5,0,5,0,92.97
fold2_room1_mix1739,28,5,0,6,0,90.94
fold2_room1_mix1739,29,5,0,6,0,85.55
fold2_room1_mix1739,30,5,0,4,0,80.27
fold2_room1_mix1739,31,5,0,5,0,85.87
fold2_room1_mix1739,32,5,0,6,0,82.32
fold2_room1_mix1739,33,5,0,6,0,80.04
fold2_room1_mix1739,34,5,0,6,0,78.99
fold2_room1_mix1739,35,5,0,7,0,78.79
fold2_room1_mix1739,36,5,0,8,0,72.25
fold2_room1_mix1739,37,5,0,6,0,71.04
fold2_room1_mix1739,38,5,0,6,0,69.72
fold2_room1_mix1739,39,5,0,7,0,64.97
fold2_room1_mix1739,40,5,0,7,0,65.09
fold2_room1_mix1739,41,5,0,8,0,60.77
fold2_room1_mix1739,42,5,0,9,0,62.12
fold2_room1_mix1739,43,5,0,10,0,55.12
fold2_room1_mix1739,44,5,0,11,0,53.46
fold2_room1_mix1739,45,5,0,5,0,71.79
fold2_room1_mix1739,45,5,0,22,0,17.95
fold2_room1_mix1739,46,5,0,6,0,70.05
fold2_room1_mix1739,46,5,0,25,0,16.91
fold2_room1_mix1739,47,5,0,6,0,73.92
fold2_room1_mix1739,47,5,0,25,0,16.84
fold2_room1_mix1739,48,5,0,5,0,68.80
fold2_room1_mix1739,48,5,0,26,0,14.14
fold2_room1_mix1739,49,5,0,6,0,62.41
fold2_room1_mix1739,49,5,0,29,0,12.11
fold2_room1_mix1739,50,5,0,6,0,58.44
fold2_room1_mix1739,50,5,0,33,0,10.42
fold2_room1_mix1739,51,5,0,6,0,53.92
fold2_room1_mix1739,51,5,0,39,0,8.51
fold2_room1_mix1739,52,5,0,7,0,47.57
fold2_room1_mix1739,52,5,0,43,0,7.53
fold2_room1_mix1739,53,5,0,6,0,52.04
fold2_room1_mix1739,53,5,0,49,0,6.82
fold2_room1_mix1739,54,5,0,6,0,51.06
fold2_room1_mix1739,54,5,0,55,0,6.19
fold2_room1_mix1739,55,5,0,7,0,51.06
fold2_room1_mix1739,55,5,0,63,-1,5.83
fold2_room1_mix1739,56,5,0,7,0,53.80
fold2_room1_mix1739,56,5,0,79,-1,5.81
fold2_room1_mix1739,57,5,0,7,0,50.78
fold2_room1_mix1739,57,5,0,92,-1,5.77
fold2_room1_mix1739,58,5,0,7,0,46.23
fold2_room1_mix1739,58,5,0,107,-1,5.49
fold2_room1_mix1739,59,5,0,8,0,50.35
fold2_room1_mix1739,59,5,0,119,-1,6.60
fold2_room1_mix1739,60,5,0,8,0,46.09
fold2_room1_mix1739,60,5,0,131,-1,8.17
fold2_room1_mix1739,61,5,0,8,0,48.94
fold2_room1_mix1739,61,5,0,136,-1,9.17
fold2_room1_mix1739,62,5,0,8,0,48.79
fold2_room1_mix1739,62,5,0,141,0,10.55
fold2_room1_mix1739,63,5,0,8,0,48.64
fold2_room1_mix1739,63,5,0,146,0,11.84
fold2_room1_mix1739,64,5,0,8,0,45.37
fold2_room1_mix1739,64,5,0,149,0,12.38
fold2_room1_mix1739,65,5,0,8,0,45.37
fold2_room1_mix1739,65,5,0,153,0,14.69
fold2_room1_mix1739,66,5,0,8,0,44.68
fold2_room1_mix1739,66,5,0,156,0,16.74
fold2_room1_mix1739,67,5,0,9,0,42.62
fold2_room1_mix1739,67,5,0,160,0,19.99
fold2_room1_mix1739,68,5,0,10,0,37.06
fold2_room1_mix1739,68,5,0,159,0,19.36
fold2_room1_mix1739,69,5,0,11,0,36.29
fold2_room1_mix1739,69,5,0,164,0,23.78
fold2_room1_mix1739,70,5,0,11,0,39.23
fold2_room1_mix1739,70,5,0,162,0,23.98
fold2_room1_mix1739,71,5,0,14,0,31.63
fold2_room1_mix1739,71,5,0,163,0,24.31
fold2_room1_mix1739,72,5,0,12,0,36.53
fold2_room1_mix1739,72,5,0,164,0,27.84
fold2_room1_mix1739,73,5,0,7,0,50.12
fold2_room1_mix1739,73,5,0,24,0,17.23
fold2_room1_mix1739,73,5,0,165,0,30.81
fold2_room1_mix1739,74,5,0,11,0,43.75
fold2_room1_mix1739,74,5,0,164,0,28.68
fold2_room1_mix1739,75,5,0,12,0,42.67
fold2_room1_mix1739,75,5,0,167,0,32.51
fold2_room1_mix1739,76,5,0,8,0,51.76
fold2_room1_mix1739,76,5,0,24,0,17.62
fold2_room1_mix1739,76,5,0,167,0,34.18
fold2_room1_mix1739,77,5,0,7,0,52.34
fold2_room1_mix1739,77,5,0,24,0,17.05
fold2_room1_mix1739,77,5,0,167,0,35.62
fold2_room1_mix1739,78,5,0,8,0,38.54
fold2_room1_mix1739,78,5,0,31,0,12.83
fold2_room1_mix1739,78,5,0,170,0,34.14
fold2_room1_mix1739,79,5,0,9,0,38.17
fold2_room1_mix1739,79,5,0,41,0,11.72
fold2_room1_mix1739,79,5,0,170,0,40.08
fold2_room1_mix1739,80,5,0,8,0,38.28
fold2_room1_mix1739,80,5,0,38,0,11.49
fold2_room1_mix1739,80,5,0,172,0,40.06
fold2_room1_mix1739,81,5,0,10,0,33.27
fold2_room1_mix1739,81,5,0,46,0,10.24
fold2_room1_mix1739,81,5,0,173,0,43.10
fold2_room1_mix1739,82,5,0,7,0,47.01
fold2_room1_mix1739,82,5,0,34,0,12.25
fold2_room1_mix1739,82,5,0,172,0,43.44
fold2_room1_mix1739,83,5,0,10,0,39.33
fold2_room1_mix1739,83,5,0,58,-1,9.67
fold2_room1_mix1739,83,5,0,171,0,48.30
fold2_room1_mix1739,84,5,0,11,0,30.10
fold2_room1_mix1739,84,5,0,79,0,8.67
fold2_room1_mix1739,84,5,0,171,0,42.13
fold2_room1_mix1739,85,5,0,19,0,21.54
fold2_room1_mix1739,85,5,0,130,0,10.81
fold2_room1_mix1739,85,5,0,172,0,45.52
fold2_room1_mix1739,86,5,0,9,0,37.32
fold2_room1_mix1739,86,5,0,86,-1,9.81
fold2_room1_mix1739,86,5,0,172,0,51.10
fold2_room1_mix1739,87,5,0,16,0,24.23
fold2_room1_mix1739,87,5,0,128,0,10.84
fold2_room1_mix1739,87,5,0,171,0,45.78
fold2_room1_mix1739,88,5,0,11,0,31.29
fold2_room1_mix1739,88,5,0,125,0,11.67
fold2_room1_mix1739,88,5,0,173,0,53.23
fold2_room1_mix1739,89,5,0,17,0,20.69
fold2_room1_mix1739,89,5,0,148,0,14.62
fold2_room1_mix1739,89,5,0,173,0,55.71
fold2_room1_mix1739,90,5,0,12,0,25.22
fold2_room1_mix1739,90,5,0,141,0,12.08
fold2_room1_mix1739,90,5,0,173,0,51.46
fold2_room1_mix1739,91,5,0,33,0,11.95
fold2_room1_mix1739,91,5,0,155,0,17.28
fold2_room1_mix1739,91,5,0,175,0,57.56
fold2_room1_mix1739,92,5,0,44,-1,10.40
fold2_room1_mix1739,92,5,0,160,0,21.54
fold2_room1_mix1739,92,5,0,176,0,67.85
fold2_room1_mix1739,93,5,0,55,-1,7.83
fold2_room1_mix1739,93,5,0,168,0,42.78
fold2_room1_mix1739,94,5,0,55,-1,8.23
fold2_room1_mix1739,94,5,0,160,0,20.08
fold2_room1_mix1739,94,5,0,176,0,60.91
fold2_room1_mix1739,95,5,0,59,-1,7.96
fold2_room1_mix1739,95,5,0,170,0,50.47
fold2_room1_mix1739,96,5,0,79,-2,6.97
fold2_room1_mix1739,96,5,0,170,0,51.05
fold2_room1_mix1739,97,5,0,91,-2,6.46
fold2_room1_mix1739,97,5,0,169,0,49.53
fold2_room1_mix1739,98,5,0,108,-2,7.24
fold2_room1_mix1739,98,5,0,170,0,56.11
fold2_room1_mix1739,99,5,0,117,-2,7.46
fold2_room1_mix1739,99,5,0,170,0,58.36
fold2_room1_mix1740,3,5,0,7,1,5.18
fold2_room1_mix1740,4,5,0,9,1,26.17
fold2_room1_mix1740,5,5,0,9,0,37.12
fold2_room1_mix1740,6,5,0,7,0,57.02
fold2_room1_mix1740,7,5,0,8,0,71.85
fold2_room1_mix1740,8,5,0,10,0,75.91
fold2_room1_mix1740,9,5,0,8,0,76.24
fold2_room1_mix1740,10,5,0,9,0,70.62
fold2_room1_mix1740,11,5,0,8,0,71.09
fold2_room1_mix1740,12,5,0,9,0,71.14
fold2_room1_mix1740,13,5,0,8,0,70.52
fold2_room1_mix1740,14,5,0,9,0,69.37
fold2_room1_mix1740,15,5,0,10,0,65.28
fold2_room1_mix1740,16,5,0,10,0,63.20
fold2_room1_mix1740,17,5,0,11,0,61.06
fold2_room1_mix1740,18,5,0,10,0,63.80
fold2_room1_mix1740,19,5,0,11,0,61.31
fold2_room1_mix1740,20,5,0,10,0,64.66
fold2_room1_mix1740,21,5,0,10,0,64.23
fold2_room1_mix1740,22,5,0,11,0,65.89
fold2_room1_mix1740,23,5,0,11,0,64.53
fold2_room1_mix1740,24,5,0,11,0,63.34
fold2_room1_mix1740,25,5,0,5,0,82.84
fold2_room1_mix1740,25,5,0,22,0,22.70
fold2_room1_mix1740,26,5,0,5,0,82.66
fold2_room1_mix1740,26,5,0,23,0,22.14
fold2_room1_mix1740,27,5,0,5,0,82.05
fold2_room1_mix1740,27,5,0,25,0,20.54
fold2_room1_mix1740,28,5,0,5,0,80.15
fold2_room1_mix1740,28,5,0,27,0,18.58
fold2_room1_mix1740,29,5,0,5,0,79.88
fold2_room1_mix1740,29,5,0,26,0,18.01
fold2_room1_mix1740,30,5,0,6,0,80.21
fold2_room1_mix1740,30,5,0,28,0,17.66
fold2_room1_mix1740,31,5,0,5,0,80.13
fold2_room1_mix1740,31,5,0,29,0,17.02
fold2_room1_mix1740,32,5,0,5,0,82.10
fold2_room1_mix1740,32,5,0,31,0,16.32
fold2_room1_mix1740,33,5,0,5,0,81.06
fold2_room1_mix1740,33,5,0,30,0,16.38
fold2_room1_mix1740,34,5,0,5,0,81.41
fold2_room1_mix1740,34,5,0,31,0,16.06
fold2_room1_mix1740,35,5,0,6,0,82.24
fold2_room1_mix1740,35,5,0,35,-1,14.67
fold2_room1_mix1740,36,5,0,6,0,79.62
fold2_room1_mix1740,36,5,0,42,-1,12.74
fold2_room1_mix1740,37,5,0,6,0,78.01
fold2_room1_mix1740,37,5,0,44,-1,12.01
fold2_room1_mix1740,38,5,0,7,0,75.43
fold2_room1_mix1740,38,5,0,52,-1,10.84
fold2_room1_mix1740,39,5,0,7,0,73.34
fold2_room1_mix1740,39,5,0,56,-1,10.35
fold2_room1_mix1740,40,5,0,7,0,72.80
fold2_room1_mix1740,40,5,0,55,-1,10.32
fold2_room1_mix1740,41,5,0,7,0,72.74
fold2_room1_mix1740,41,5,0,65,-1,9.39
fold2_room1_mix1740,42,5,0,8,0,70.13
fold2_room1_mix1740,42,5,0,70,-1,9.09
fold2_room1_mix1740,43,5,0,7,0,72.60
fold2_room1_mix1740,43,5,0,82,-2,8.62
fold2_room1_mix1740,44,5,0,8,0,71.43
fold2_room1_mix1740,44,5,0,86,-1,9.05
fold2_room1_mix1740,45,5,0,8,0,72.68
fold2_room1_mix1740,45,5,0,91,-1,9.33
fold2_room1_mix1740,46,5,0,8,0,71.05
fold2_room1_mix1740,46,5,0,100,-2,9.15
fold2_room1_mix1740,47,5,0,8,0,69.26
fold2_room1_mix1740,47,5,0,110,-2,8.97
fold2_room1_mix1740,48,5,0,9,0,69.65
fold2_room1_mix1740,48,5,0,112,-1,9.34
fold2_room1_mix1740,49,5,0,8,0,69.08
fold2_room1_mix1740,49,5,0,117,-1,9.62
fold2_room1_mix1740,50,5,0,9,0,64.00
fold2_room1_mix1740,50,5,0,125,-1,10.68
fold2_room1_mix1740,51,5,0,9,0,65.23
fold2_room1_mix1740,51,5,0,129,-1,11.42
fold2_room1_mix1740,52,5,0,9,0,62.86
fold2_room1_mix1740,52,5,0,136,-1,12.84
fold2_room1_mix1740,53,5,0,8,0,61.27
fold2_room1_mix1740,53,5,0,140,-1,13.77
fold2_room1_mix1740,54,5,0,8,0,62.46
fold2_room1_mix1740,54,5,0,142,0,14.74
fold2_room1_mix1740,55,5,0,8,0,61.56
fold2_room1_mix1740,55,5,0,145,0,15.33
fold2_room1_mix1740,56,5,0,8,0,63.10
fold2_room1_mix1740,56,5,0,143,0,15.77
fold2_room1_mix1740,57,5,0,9,0,63.61
fold2_room1_mix1740,57,5,0,147,0,17.55
fold2_room1_mix1740,58,5,0,9,0,60.06
fold2_room1_mix1740,58,5,0,150,0,18.54
fold2_room1_mix1740,59,5,0,9,0,61.67
fold2_room1_mix1740,59,5,0,153,0,20.40
fold2_room1_mix1740,60,5,0,9,0,57.69
fold2_room1_mix1740,60,5,0,155,0,22.43
fold2_room1_mix1740,61,5,0,10,0,58.04
fold2_room1_mix1740,61,5,0,159,0,24.27
fold2_room1_mix1740,62,5,0,10,0,57.97
fold2_room1_mix1740,62,5,0,158,0,25.10
fold2_room1_mix1740,63,5,0,10,0,55.88
fold2_room1_mix1740,63,5,0,161,0,26.52
fold2_room1_mix1740,64,5,0,10,0,60.31
fold2_room1_mix1740,64,5,0,159,0,25.88
fold2_room1_mix1740,65,5,0,10,0,59.06
fold2_room1_mix1740,65,5,0,161,0,30.11
fold2_room1_mix1740,66,5,0,11,0,54.24
fold2_room1_mix1740,66,5,0,161,0,30.21
fold2_room1_mix1740,67,5,0,11,0,55.70
fold2_room1_mix1740,67,5,0,159,0,30.68
fold2_room1_mix1740,68,5,0,12,0,55.15
fold2_room1_mix1740,68,5,0,161,0,32.91
fold2_room1_mix1740,69,5,0,13,0,47.41
fold2_room1_mix1740,69,5,0,162,0,32.33
fold2_room1_mix1740,70,5,0,12,0,52.70
fold2_room1_mix1740,70,5,0,162,0,33.64
fold2_room1_mix1740,71,5,0,12,0,53.81
fold2_room1_mix1740,71,5,0,162,0,35.47
fold2_room1_mix1740,72,5,0,12,0,49.14
fold2_room1_mix1740,72,5,0,163,0,35.34
fold2_room1_mix1740,73,5,0,12,0,52.59
fold2_room1_mix1740,73,5,0,163,0,34.85
fold2_room1_mix1740,74,5,0,12,0,49.31
fold2_room1_mix1740,74,5,0,164,0,36.59
fold2_room1_mix1740,75,5,0,10,0,54.09
fold2_room1_mix1740,75,5,0,164,0,35.72
fold2_room1_mix1740,76,5,0,11,0,59.28
fold2_room1_mix1740,76,5,0,164,0,37.69
fold2_room1_mix1740,77,5,0,11,0,57.02
fold2_room1_mix1740,77,5,0,164,0,36.33
fold2_room1_mix1740,78,5,0,13,0,54.04
fold2_room1_mix1740,78,5,0,166,0,42.06
fold2_room1_mix1740,79,5,0,13,0,55.06
fold2_room1_mix1740,79,5,0,166,0,41.73
fold2_room1_mix1740,80,5,0,12,0,57.69
fold2_room1_mix1740,80,5,0,166,0,42.87
fold2_room1_mix1740,81,5,0,13,0,54.13
fold2_room1_mix1740,81,5,0,168,0,47.46
fold2_room1_mix1740,82,5,0,13,0,53.50
fold2_room1_mix1740,82,5,0,167,0,47.01
fold2_room1_mix1740,83,5,0,14,0,53.51
fold2_room1_mix1740,83,5,0,167,0,47.68
fold2_room1_mix1740,84,5,0,14,0,56.31
fold2_room1_mix1740,84,5,0,168,0,52.48
fold2_room1_mix1740,85,5,0,7,0,80.25
fold2_room1_mix1740,85,5,0,24,0,25.86
fold2_room1_mix1740,85,5,0,168,0,50.63
fold2_room1_mix1740,86,5,0,8,0,82.71
fold2_room1_mix1740,86,5,0,26,0,25.50
fold2_room1_mix1740,86,5,0,167,0,50.84
fold2_room1_mix1740,87,5,0,7,0,85.70
fold2_room1_mix1740,87,5,0,22,0,27.29
fold2_room1_mix1740,87,5,0,167,0,50.64
fold2_room1_mix1740,88,5,0,7,0,82.27
fold2_room1_mix1740,88,5,0,24,0,26.07
fold2_room1_mix1740,88,5,0,167,0,50.72
fold2_room1_mix1740,89,5,0,7,0,74.52
fold2_room1_mix1740,89,5,0,25,0,24.48
fold2_room1_mix1740,89,5,0,166,0,46.78
fold2_room1_mix1740,90,5,0,7,0,79.97
fold2_room1_mix1740,90,5,0,22,0,26.50
fold2_room1_mix1740,90,5,0,166,0,47.18
fold2_room1_mix1740,91,5,0,7,0,64.00
fold2_room1_mix1740,91,5,0,31,0,20.53
fold2_room1_mix1740,91,5,0,168,0,49.23
fold2_room1_mix1740,92,5,0,6,0,70.97
fold2_room1_mix1740,92,5,0,29,0,20.84
fold2_room1_mix1740,92,5,0,169,0,52.61
fold2_room1_mix1740,93,5,0,7,0,55.30
fold2_room1_mix1740,93,5,0,41,-1,17.65
fold2_room1_mix1740,93,5,0,168,0,50.77
fold2_room1_mix1740,94,5,0,7,0,66.60
fold2_room1_mix1740,94,5,0,36,0,19.42
fold2_room1_mix1740,94,5,0,169,0,55.86
fold2_room1_mix1740,95,5,0,9,0,43.83
fold2_room1_mix1740,95,5,0,70,-1,13.48
fold2_room1_mix1740,95,5,0,170,0,55.23
fold2_room1_mix1740,96,5,0,7,0,68.32
fold2_room1_mix1740,96,5,0,37,0,19.13
fold2_room1_mix1740,96,5,0,170,0,58.82
fold2_room1_mix1740,97,5,0,8,0,61.68
fold2_room1_mix1740,97,5,0,45,0,16.80
fold2_room1_mix1740,97,5,0,170,0,58.58
fold2_room1_mix1740,98,5,0,7,0,66.79
fold2_room1_mix1740,98,5,0,42,0,17.86
fold2_room1_mix1740,98,5,0,169,0,59.94
fold2_room1_mix1740,99,5,0,7,0,60.31
fold2_room1_mix1740,99,5,0,55,-1,15.14
fold2_room1_mix1740,99,5,0,171,0,62.16
fold2_room1_mix1741,5,5,0,170,0,20.40
fold2_room1_mix1741,6,5,0,175,0,39.22
fold2_room1_mix1741,7,5,0,176,0,70.33
fold2_room1_mix1741,8,5,0,175,0,87.14
fold2_room1_mix1741,9,5,0,175,0,108.87
fold2_room1_mix1741,10,5,0,175,0,94.92
fold2_room1_mix1741,11,5,0,176,0,98.12
fold2_room1_mix1741,12,5,0,177,0,94.56
fold2_room1_mix1741,13,5,0,176,0,96.20
fold2_room1_mix1741,14,5,0,174,0,86.75
fold2_room1_mix1741,15,5,0,174,0,92.09
fold2_room1_mix1741,16,5,0,175,0,94.87
fold2_room1_mix1741,17,5,0,177,0,89.89
fold2_room1_mix1741,18,5,0,174,0,87.97
fold2_room1_mix1741,19,5,0,174,0,96.91
fold2_room1_mix1741,20,5,0,175,0,91.05
fold2_room1_mix1741,21,5,0,175,0,93.72
fold2_room1_mix1741,22,5,0,175,0,92.71
fold2_room1_mix1741,23,5,0,175,0,87.04
fold2_room1_mix1741,24,5,0,175,0,92.60
fold2_room1_mix1741,25,5,0,175,0,96.96
fold2_room1_mix1741,26,5,0,175,0,85.49
fold2_room1_mix1741,27,5,0,175,0,87.85
fold2_room1_mix1741,28,5,0,175,0,89.00
fold2_room1_mix1741,29,5,0,176,0,87.64
fold2_room1_mix1741,30,5,0,176,0,85.96
fold2_room1_mix1741,31,5,0,176,0,90.58
fold2_room1_mix1741,32,5,0,176,0,95.51
fold2_room1_mix1741,33,5,0,175,0,89.35
fold2_room1_mix1741,34,5,0,175,0,92.66
fold2_room1_mix1741,35,5,0,176,0,92.46
fold2_room1_mix1741,36,5,0,175,0,92.90
fold2_room1_mix1741,37,5,0,175,0,94.21
fold2_room1_mix1741,38,5,0,175,0,93.82
fold2_room1_mix1741,39,5,0,176,0,91.20
fold2_room1_mix1741,40,5,0,175,0,93.78
fold2_room1_mix1741,41,5,0,173,0,89.72
fold2_room1_mix1741,42,5,0,173,0,84.46
fold2_room1_mix1741,43,5,0,174,0,86.74
fold2_room1_mix1741,44,5,0,175,0,86.45
fold2_room1_mix1741,45,5,0,173,0,81.36
fold2_room1_mix1741,46,5,0,172,0,78.33
fold2_room1_mix1741,47,5,0,173,0,80.16
fold2_room1_mix1741,48,5,0,173,0,77.64
fold2_room1_mix1741,49,5,0,173,0,75.16
fold2_room1_mix1741,50,5,0,172,0,73.36
fold2_room1_mix1741,51,5,0,172,0,66.27
fold2_room1_mix1741,52,5,0,172,0,68.88
fold2_room1_mix1741,53,5,0,173,0,69.55
fold2_room1_mix1741,54,5,0,171,0,67.61
fold2_room1_mix1741,55,5,0,170,0,64.85
fold2_room1_mix1741,56,5,0,170,0,63.78
fold2_room1_mix1741,57,5,0,157,0,16.86
fold2_room1_mix1741,57,5,0,174,0,85.43
fold2_room1_mix1741,58,5,0,153,0,13.94
fold2_room1_mix1741,58,5,0,174,0,76.93
fold2_room1_mix1741,59,5,0,150,-1,12.59
fold2_room1_mix1741,59,5,0,174,0,75.96
fold2_room1_mix1741,60,5,0,145,-1,10.52
fold2_room1_mix1741,60,5,0,174,0,74.88
fold2_room1_mix1741,61,5,0,137,-1,8.39
fold2_room1_mix1741,61,5,0,174,0,69.67
fold2_room1_mix1741,62,5,0,127,-1,7.29
fold2_room1_mix1741,62,5,0,174,0,74.11
fold2_room1_mix1741,63,5,0,122,-2,6.65
fold2_room1_mix1741,63,5,0,174,0,72.17
fold2_room1_mix1741,64,5,0,109,-2,5.72
fold2_room1_mix1741,64,5,0,174,0,72.53
fold2_room1_mix1741,65,5,0,102,-2,5.32
fold2_room1_mix1741,65,5,0,173,0,66.37
fold2_room1_mix1741,66,5,0,78,-2,5.32
fold2_room1_mix1741,66,5,0,174,0,65.32
fold2_room1_mix1741,67,5,0,59,-2,6.37
fold2_room1_mix1741,67,5,0,173,0,66.45
fold2_room1_mix1741,68,5,0,50,-2,7.14
fold2_room1_mix1741,68,5,0,175,0,68.59
fold2_room1_mix1741,69,5,0,47,-2,7.76
fold2_room1_mix1741,69,5,0,174,0,69.55
fold2_room1_mix1741,70,5,0,46,-2,7.43
fold2_room1_mix1741,70,5,0,174,0,68.40
fold2_room1_mix1741,71,5,0,37,-1,8.93
fold2_room1_mix1741,71,5,0,174,0,65.47
fold2_room1_mix1741,72,5,0,34,-1,9.92
fold2_room1_mix1741,72,5,0,174,0,64.62
fold2_room1_mix1741,73,5,0,36,-1,9.63
fold2_room1_mix1741,73,5,0,173,0,63.91
fold2_room1_mix1741,74,5,0,27,-1,11.78
fold2_room1_mix1741,74,5,0,172,0,55.97
fold2_room1_mix1741,75,5,0,25,-1,13.95
fold2_room1_mix1741,75,5,0,173,0,60.93
fold2_room1_mix1741,76,5,0,24,-1,14.66
fold2_room1_mix1741,76,5,0,172,0,59.65
fold2_room1_mix1741,77,5,0,24,-1,15.89
fold2_room1_mix1741,77,5,0,172,0,62.09
fold2_room1_mix1741,78,5,0,20,0,17.38
fold2_room1_mix1741,78,5,0,172,0,54.73
fold2_room1_mix1741,79,5,0,19,0,19.42
fold2_room1_mix1741,79,5,0,171,0,53.23
fold2_room1_mix1741,80,5,0,19,0,22.28
fold2_room1_mix1741,80,5,0,171,0,61.19
fold2_room1_mix1741,81,5,0,21,0,19.92
fold2_room1_mix1741,81,5,0,172,0,64.89
fold2_room1_mix1741,82,5,0,16,0,24.42
fold2_room1_mix1741,82,5,0,167,0,46.44
fold2_room1_mix1741,83,5,0,16,0,25.69
fold2_room1_mix1741,83,5,0,169,0,53.48
fold2_room1_mix1741,84,5,0,16,0,24.55
fold2_room1_mix1741,84,5,0,159,0,21.86
fold2_room1_mix1741,84,5,0,174,0,67.45
fold2_room1_mix1741,85,5,0,14,0,27.16
fold2_room1_mix1741,85,5,0,168,0,50.89
fold2_room1_mix1741,86,5,0,14,0,26.73
fold2_room1_mix1741,86,5,0,169,0,51.96
fold2_room1_mix1741,87,5,0,12,0,28.20
fold2_room1_mix1741,87,5,0,160,0,21.02
fold2_room1_mix1741,87,5,0,175,0,70.74
fold2_room1_mix1741,88,5,0,13,0,27.59
fold2_room1_mix1741,88,5,0,169,0,54.46
fold2_room1_mix1741,89,5,0,12,0,28.02
fold2_room1_mix1741,89,5,0,168,0,49.01
fold2_room1_mix1741,90,5,0,11,0,33.12
fold2_room1_mix1741,90,5,0,151,0,16.98
fold2_room1_mix1741,90,5,0,173,0,65.52
fold2_room1_mix1741,91,5,0,9,0,35.74
fold2_room1_mix1741,91,5,0,150,0,16.42
fold2_room1_mix1741,91,5,0,174,0,66.52
fold2_room1_mix1741,92,5,0,9,0,36.02
fold2_room1_mix1741,92,5,0,149,0,15.66
fold2_room1_mix1741,92,5,0,174,0,62.75
fold2_room1_mix1741,93,5,0,7,0,41.63
fold2_room1_mix1741,93,5,0,146,0,14.41
fold2_room1_mix1741,93,5,0,174,0,63.56
fold2_room1_mix1741,94,5,0,8,0,41.84
fold2_room1_mix1741,94,5,0,130,0,11.25
fold2_room1_mix1741,94,5,0,172,0,52.49
fold2_room1_mix1741,95,5,0,7,0,42.13
fold2_room1_mix1741,95,5,0,113,0,10.06
fold2_room1_mix1741,95,5,0,172,0,45.65
fold2_room1_mix1741,96,5,0,8,0,47.58
fold2_room1_mix1741,96,5,0,127,0,11.46
fold2_room1_mix1741,96,5,0,172,0,56.01
fold2_room1_mix1741,97,5,0,7,0,45.71
fold2_room1_mix1741,97,5,0,119,-1,10.28
fold2_room1_mix1741,97,5,0,174,0,48.88
fold2_room1_mix1741,98,5,0,7,0,49.80
fold2_room1_mix1741,98,5,0,129,-1,11.41
fold2_room1_mix1741,98,5,0,173,0,57.11
fold2_room1_mix1741,99,5,0,7,0,50.72
fold2_room1_mix1741,99,5,0,84,-1,9.93
fold2_room1_mix1741,99,5,0,171,0,45.47
fold2_room1_mix1742,6,5,0,177,1,6.50
fold2_room1_mix1742,7,5,0,174,0,27.48
fold2_room1_mix1742,8,5,0,173,0,44.01
fold2_room1_mix1742,9,5,0,174,0,76.82
fold2_room1_mix1742,10,5,0,175,0,106.25
fold2_room1_mix1742,11,5,0,175,0,102.48
fold2_room1_mix1742,12,5,0,175,0,103.15
fold2_room1_mix1742,13,5,0,175,0,104.71
fold2_room1_mix1742,14,5,0,176,0,103.40
fold2_room1_mix1742,15,5,0,176,0,104.38
fold2_room1_mix1742,16,5,0,175,0,108.37
fold2_room1_mix1742,17,5,0,176,0,108.61
fold2_room1_mix1742,18,5,0,176,0,107.72
fold2_room1_mix1742,19,5,0,176,0,109.50
fold2_room1_mix1742,20,5,0,176,0,113.28
fold2_room1_mix1742,21,5,0,176,0,113.57
fold2_room1_mix1742,22,5,0,176,0,116.04
fold2_room1_mix1742,23,5,0,177,0,116.50
fold2_room1_mix1742,24,5,0,176,0,112.77
fold2_room1_mix1742,25,5,0,176,0,114.29
fold2_room1_mix1742,26,5,0,176,0,111.01
fold2_room1_mix1742,27,5,0,176,0,109.84
fold2_room1_mix1742,28,5,0,176,0,111.50
fold2_room1_mix1742,29,5,0,176,0,112.90
fold2_room1_mix1742,30,5,0,176,0,110.02
fold2_room1_mix1742,31,5,0,176,0,109.62
fold2_room1_mix1742,32,5,0,175,0,110.06
fold2_room1_mix1742,33,5,0,176,0,110.25
fold2_room1_mix1742,34,5,0,175,0,101.76
fold2_room1_mix1742,35,5,0,176,0,104.80
fold2_room1_mix1742,36,5,0,176,0,104.95
fold2_room1_mix1742,37,5,0,175,0,102.91
fold2_room1_mix1742,38,5,0,175,0,98.58
fold2_room1_mix1742,39,5,0,174,0,94.70
fold2_room1_mix1742,40,5,0,174,0,93.11
fold2_room1_mix1742,41,5,0,173,0,93.41
fold2_room1_mix1742,42,5,0,173,0,95.79
fold2_room1_mix1742,43,5,0,174,0,92.38
fold2_room1_mix1742,44,5,0,173,0,91.70
fold2_room1_mix1742,45,5,0,173,0,92.52
fold2_room1_mix1742,46,5,0,172,0,85.00
fold2_room1_mix1742,47,5,0,173,0,82.73
fold2_room1_mix1742,48,5,0,172,0,81.50
fold2_room1_mix1742,49,5,0,172,0,77.84
fold2_room1_mix1742,50,5,0,172,0,77.66
fold2_room1_mix1742,51,5,0,170,0,74.60
fold2_room1_mix1742,52,5,0,169,0,72.13
fold2_room1_mix1742,53,5,0,156,0,20.24
fold2_room1_mix1742,53,5,0,174,0,94.85
fold2_room1_mix1742,54,5,0,153,0,17.91
fold2_room1_mix1742,54,5,0,173,0,94.08
fold2_room1_mix1742,55,5,0,149,0,15.08
fold2_room1_mix1742,55,5,0,173,0,92.47
fold2_room1_mix1742,56,5,0,145,-1,12.89
fold2_room1_mix1742,56,5,0,173,0,90.50
fold2_room1_mix1742,57,5,0,135,-1,9.53
fold2_room1_mix1742,57,5,0,173,0,84.94
fold2_room1_mix1742,58,5,0,124,-1,7.48
fold2_room1_mix1742,58,5,0,172,0,78.72
fold2_room1_mix1742,59,5,0,100,-2,6.29
fold2_room1_mix1742,59,5,0,173,0,82.93
fold2_room1_mix1742,60,5,0,90,-2,6.11
fold2_room1_mix1742,60,5,0,173,0,82.40
fold2_room1_mix1742,61,5,0,71,-2,6.59
fold2_room1_mix1742,61,5,0,174,0,81.00
fold2_room1_mix1742,62,5,0,59,-2,7.25
fold2_room1_mix1742,62,5,0,173,0,74.78
fold2_room1_mix1742,63,5,0,51,-2,8.03
fold2_room1_mix1742,63,5,0,173,0,76.12
fold2_room1_mix1742,64,5,0,44,-1,8.88
fold2_room1_mix1742,64,5,0,173,0,73.16
fold2_room1_mix1742,65,5,0,35,-1,11.30
fold2_room1_mix1742,65,5,0,173,0,72.02
fold2_room1_mix1742,66,5,0,33,-1,11.41
fold2_room1_mix1742,66,5,0,172,0,67.05
fold2_room1_mix1742,67,5,0,27,0,14.68
fold2_room1_mix1742,67,5,0,171,0,60.27
fold2_room1_mix1742,68,5,0,24,0,15.55
fold2_room1_mix1742,68,5,0,170,0,58.35
fold2_room1_mix1742,69,5,0,23,0,18.01
fold2_room1_mix1742,69,5,0,168,0,55.08
fold2_room1_mix1742,70,5,0,21,0,20.04
fold2_room1_mix1742,70,5,0,171,0,62.77
fold2_room1_mix1742,71,5,0,19,0,22.69
fold2_room1_mix1742,71,5,0,169,0,56.56
fold2_room1_mix1742,72,5,0,21,0,21.19
fold2_room1_mix1742,72,5,0,171,0,61.38
fold2_room1_mix1742,73,5,0,18,0,23.44
fold2_room1_mix1742,73,5,0,170,0,60.18
fold2_room1_mix1742,74,5,0,17,0,24.12
fold2_room1_mix1742,74,5,0,169,0,55.61
fold2_room1_mix1742,75,5,0,18,0,23.36
fold2_room1_mix1742,75,5,0,166,0,55.67
fold2_room1_mix1742,76,5,0,17,0,25.11
fold2_room1_mix1742,76,5,0,155,0,21.51
fold2_room1_mix1742,76,5,0,173,0,69.45
fold2_room1_mix1742,77,5,0,14,0,32.47
fold2_room1_mix1742,77,5,0,146,0,17.07
fold2_room1_mix1742,77,5,0,172,0,65.53
fold2_room1_mix1742,78,5,0,15,0,32.03
fold2_room1_mix1742,78,5,0,137,0,14.19
fold2_room1_mix1742,78,5,0,171,0,55.07
fold2_room1_mix1742,79,5,0,15,0,34.64
fold2_room1_mix1742,79,5,0,135,0,14.07
fold2_room1_mix1742,79,5,0,169,0,55.41
fold2_room1_mix1742,80,5,0,13,0,35.68
fold2_room1_mix1742,80,5,0,138,0,14.45
fold2_room1_mix1742,80,5,0,171,0,56.77
fold2_room1_mix1742,81,5,0,12,0,41.42
fold2_room1_mix1742,81,5,0,77,-1,9.21
fold2_room1_mix1742,81,5,0,166,0,39.23
fold2_room1_mix1742,82,5,0,12,0,37.17
fold2_room1_mix1742,82,5,0,120,-1,11.44
fold2_room1_mix1742,82,5,0,168,0,43.96
fold2_room1_mix1742,83,5,0,11,0,42.99
fold2_room1_mix1742,83,5,0,127,0,12.47
fold2_room1_mix1742,83,5,0,170,0,52.77
fold2_room1_mix1742,84,5,0,10,0,41.57
fold2_room1_mix1742,84,5,0,111,-1,10.33
fold2_room1_mix1742,84,5,0,168,0,41.67
fold2_room1_mix1742,85,5,0,9,0,43.88
fold2_room1_mix1742,85,5,0,109,-1,9.89
fold2_room1_mix1742,85,5,0,167,0,42.17
fold2_room1_mix1742,86,5,0,9,0,40.76
fold2_room1_mix1742,86,5,0,55,0,9.48
fold2_room1_mix1742,86,5,0,159,0,25.39
fold2_room1_mix1742,87,5,0,9,0,43.85
fold2_room1_mix1742,87,5,0,65,0,9.82
fold2_room1_mix1742,87,5,0,161,0,31.98
fold2_room1_mix1742,88,5,0,11,0,44.04
fold2_room1_mix1742,88,5,0,52,0,10.75
fold2_room1_mix1742,88,5,0,157,0,26.57
fold2_room1_mix1742,89,5,0,9,0,48.40
fold2_room1_mix1742,89,5,0,41,0,12.17
fold2_room1_mix1742,89,5,0,159,0,25.61
fold2_room1_mix1742,90,5,0,7,0,51.35
fold2_room1_mix1742,90,5,0,33,0,13.08
fold2_room1_mix1742,90,5,0,160,0,24.08
fold2_room1_mix1742,91,5,0,5,0,61.76
fold2_room1_mix1742,91,5,0,23,0,18.68
fold2_room1_mix1742,91,5,0,155,0,19.86
fold2_room1_mix1742,92,5,0,8,0,37.80
fold2_room1_mix1742,92,5,0,131,-1,9.05
fold2_room1_mix1742,93,5,0,10,0,41.06
fold2_room1_mix1742,93,5,0,136,-1,11.31
fold2_room1_mix1742,94,5,0,8,0,43.98
fold2_room1_mix1742,94,5,0,131,-1,9.86
fold2_room1_mix1742,95,5,0,9,0,41.78
fold2_room1_mix1742,95,5,0,116,-1,8.20
fold2_room1_mix1742,96,5,0,10,0,42.01
fold2_room1_mix1742,96,5,0,84,-1,6.66
fold2_room1_mix1742,97,5,0,10,0,47.45
fold2_room1_mix1742,97,5,0,71,-2,7.06
fold2_room1_mix1742,98,5,0,8,0,42.41
fold2_room1_mix1742,98,5,0,54,-1,7.15
fold2_room1_mix1742,99,5,0,7,0,49.86
fold2_room1_mix1742,99,5,0,50,-1,8.48
fold2_room1_mix1743,5,5,0,171,1,17.12
fold2_room1_mix1743,6,5,0,173,1,37.46
fold2_room1_mix1743,7,5,0,174,1,50.29
fold2_room1_mix1743,8,5,0,174,0,85.64
fold2_room1_mix1743,9,5,0,173,0,102.11
fold2_room1_mix1743,10,5,0,176,0,107.27
fold2_room1_mix1743,11,5,0,172,0,99.04
fold2_room1_mix1743,12,5,0,172,0,95.76
fold2_room1_mix1743,13,5,0,171,0,100.28
fold2_room1_mix1743,14,5,0,171,0,96.88
fold2_room1_mix1743,15,5,0,172,0,95.21
fold2_room1_mix1743,16,5,0,173,0,102.49
fold2_room1_mix1743,17,5,0,172,0,98.07
fold2_room1_mix1743,18,5,0,174,0,98.94
fold2_room1_mix1743,19,5,0,172,0,103.59
fold2_room1_mix1743,20,5,0,171,0,104.54
fold2_room1_mix1743,21,5,0,171,0,107.03
fold2_room1_mix1743,22,5,0,173,0,112.03
fold2_room1_mix1743,23,5,0,172,0,99.29
fold2_room1_mix1743,24,5,0,170,0,94.25
fold2_room1_mix1743,25,5,0,171,0,104.07
fold2_room1_mix1743,26,5,0,171,0,97.50
fold2_room1_mix1743,27,5,0,171,0,95.23
fold2_room1_mix1743,28,5,0,171,0,96.91
fold2_room1_mix1743,29,5,0,171,0,95.56
fold2_room1_mix1743,30,5,0,170,0,86.96
fold2_room1_mix1743,31,5,0,170,0,91.67
fold2_room1_mix1743,32,5,0,168,0,89.22
fold2_room1_mix1743,33,5,0,167,0,80.84
fold2_room1_mix1743,34,5,0,166,0,79.85
fold2_room1_mix1743,35,5,0,166,0,78.50
fold2_room1_mix1743,36,5,0,150,-1,18.72
fold2_room1_mix1743,36,5,0,171,0,105.97
fold2_room1_mix1743,37,5,0,147,-1,15.85
fold2_room1_mix1743,37,5,0,171,0,101.87
fold2_room1_mix1743,38,5,0,142,-1,14.60
fold2_room1_mix1743,38,5,0,171,0,102.78
fold2_room1_mix1743,39,5,0,131,-1,10.20
fold2_room1_mix1743,39,5,0,172,0,93.85
fold2_room1_mix1743,40,5,0,119,-2,8.90
fold2_room1_mix1743,40,5,0,171,0,91.71
fold2_room1_mix1743,41,5,0,98,-2,8.69
fold2_room1_mix1743,41,5,0,171,0,94.09
fold2_room1_mix1743,42,5,0,80,-2,8.41
fold2_room1_mix1743,42,5,0,171,0,91.34
fold2_room1_mix1743,43,5,0,61,-2,8.66
fold2_room1_mix1743,43,5,0,173,0,96.09
fold2_room1_mix1743,44,5,0,52,-1,9.87
fold2_room1_mix1743,44,5,0,171,0,88.50
fold2_room1_mix1743,45,5,0,48,-1,9.60
fold2_room1_mix1743,45,5,0,172,0,88.06
fold2_room1_mix1743,46,5,0,42,-1,10.53
fold2_room1_mix1743,46,5,0,172,0,85.89
fold2_room1_mix1743,47,5,0,36,-1,12.28
fold2_room1_mix1743,47,5,0,171,0,78.68
fold2_room1_mix1743,48,5,0,32,-1,14.24
fold2_room1_mix1743,48,5,0,171,0,80.24
fold2_room1_mix1743,49,5,0,26,-1,16.25
fold2_room1_mix1743,49,5,0,171,0,76.20
fold2_room1_mix1743,50,5,0,26,-1,17.90
fold2_room1_mix1743,50,5,0,171,0,74.58
fold2_room1_mix1743,51,5,0,24,-1,18.93
fold2_room1_mix1743,51,5,0,170,0,73.78
fold2_room1_mix1743,52,5,0,23,0,19.02
fold2_room1_mix1743,52,5,0,171,0,77.53
fold2_room1_mix1743,53,5,0,22,0,20.14
fold2_room1_mix1743,53,5,0,170,0,74.64
fold2_room1_mix1743,54,5,0,17,0,23.36
fold2_room1_mix1743,54,5,0,170,0,71.54
fold2_room1_mix1743,55,5,0,20,0,22.44
fold2_room1_mix1743,55,5,0,168,0,66.91
fold2_room1_mix1743,56,5,0,18,0,25.89
fold2_room1_mix1743,56,5,0,167,0,65.82
fold2_room1_mix1743,57,5,0,15,0,27.71
fold2_room1_mix1743,57,5,0,167,0,64.73
fold2_room1_mix1743,58,5,0,15,0,32.68
fold2_room1_mix1743,58,5,0,156,0,30.43
fold2_room1_mix1743,58,5,0,171,0,92.29
fold2_room1_mix1743,59,5,0,15,0,35.25
fold2_room1_mix1743,59,5,0,156,0,30.55
fold2_room1_mix1743,59,5,0,172,0,96.38
fold2_room1_mix1743,60,5,0,15,0,35.99
fold2_room1_mix1743,60,5,0,165,0,65.64
fold2_room1_mix1743,61,5,0,15,0,36.53
fold2_room1_mix1743,61,5,0,166,0,67.90
fold2_room1_mix1743,62,5,0,15,0,34.45
fold2_room1_mix1743,62,5,0,168,0,69.76
fold2_room1_mix1743,63,5,0,14,0,36.83
fold2_room1_mix1743,63,5,0,166,0,67.08
fold2_room1_mix1743,64,5,0,13,0,39.47
fold2_room1_mix1743,64,5,0,152,0,25.45
fold2_room1_mix1743,64,5,0,171,0,89.79
fold2_room1_mix1743,65,5,0,12,0,41.40
fold2_room1_mix1743,65,5,0,145,0,19.96
fold2_room1_mix1743,65,5,0,170,0,75.59
fold2_room1_mix1743,66,5,0,12,0,44.71
fold2_room1_mix1743,66,5,0,144,0,19.76
fold2_room1_mix1743,66,5,0,170,0,78.03
fold2_room1_mix1743,67,5,0,13,0,44.38
fold2_room1_mix1743,67,5,0,123,-1,14.52
fold2_room1_mix1743,67,5,0,169,0,59.05
fold2_room1_mix1743,68,5,0,11,0,50.63
fold2_room1_mix1743,68,5,0,138,-1,17.18
fold2_room1_mix1743,68,5,0,171,0,75.18
fold2_room1_mix1743,69,5,0,11,0,51.89
fold2_room1_mix1743,69,5,0,145,0,20.17
fold2_room1_mix1743,69,5,0,171,0,87.44
fold2_room1_mix1743,70,5,0,11,0,53.90
fold2_room1_mix1743,70,5,0,142,0,19.47
fold2_room1_mix1743,70,5,0,171,0,85.55
fold2_room1_mix1743,71,5,0,11,0,47.70
fold2_room1_mix1743,71,5,0,146,0,20.10
fold2_room1_mix1743,71,5,0,172,0,84.48
fold2_room1_mix1743,72,5,0,9,0,57.97
fold2_room1_mix1743,72,5,0,138,-1,17.40
fold2_room1_mix1743,72,5,0,171,0,80.50
fold2_room1_mix1743,73,5,0,10,0,54.32
fold2_room1_mix1743,73,5,0,138,-1,17.57
fold2_room1_mix1743,73,5,0,170,0,80.61
fold2_room1_mix1743,74,5,0,9,0,58.45
fold2_room1_mix1743,74,5,0,126,-1,14.75
fold2_room1_mix1743,74,5,0,170,0,73.42
fold2_room1_mix1743,75,5,0,10,0,58.69
fold2_room1_mix1743,75,5,0,109,-1,13.71
fold2_room1_mix1743,75,5,0,169,0,66.61
fold2_room1_mix1743,76,5,0,9,0,64.34
fold2_room1_mix1743,76,5,0,110,-1,14.01
fold2_room1_mix1743,76,5,0,170,0,71.26
fold2_room1_mix1743,77,5,0,9,0,66.13
fold2_room1_mix1743,77,5,0,91,-1,12.76
fold2_room1_mix1743,77,5,0,168,0,64.32
fold2_room1_mix1743,78,5,0,10,0,66.16
fold2_room1_mix1743,78,5,0,112,-1,14.57
fold2_room1_mix1743,78,5,0,170,0,73.23
fold2_room1_mix1743,79,5,0,10,0,66.16
fold2_room1_mix1743,79,5,0,101,-1,13.41
fold2_room1_mix1743,79,5,0,170,0,68.12
fold2_room1_mix1743,80,5,0,9,0,67.50
fold2_room1_mix1743,80,5,0,92,-1,13.37
fold2_room1_mix1743,80,5,0,169,0,61.09
fold2_room1_mix1743,81,5,0,9,0,68.98
fold2_room1_mix1743,81,5,0,71,-1,13.96
fold2_room1_mix1743,81,5,0,166,0,55.86
fold2_room1_mix1743,82,5,0,9,0,73.61
fold2_room1_mix1743,82,5,0,70,-1,13.92
fold2_room1_mix1743,82,5,0,168,0,59.04
fold2_room1_mix1743,83,5,0,9,0,70.33
fold2_room1_mix1743,83,5,0,82,-2,13.42
fold2_room1_mix1743,83,5,0,167,0,62.03
fold2_room1_mix1743,84,5,0,9,0,70.30
fold2_room1_mix1743,84,5,0,75,-2,13.31
fold2_room1_mix1743,84,5,0,168,0,64.81
fold2_room1_mix1743,85,5,0,9,0,80.50
fold2_room1_mix1743,85,5,0,77,-1,14.49
fold2_room1_mix1743,85,5,0,169,0,68.90
fold2_room1_mix1743,86,5,0,9,0,90.37
fold2_room1_mix1743,86,5,0,48,-1,16.55
fold2_room1_mix1743,86,5,0,169,0,62.01
fold2_room1_mix1743,87,5,0,8,0,80.11
fold2_room1_mix1743,87,5,0,53,-1,14.50
fold2_room1_mix1743,87,5,0,169,0,59.63
fold2_room1_mix1743,88,5,0,8,0,82.22
fold2_room1_mix1743,88,5,0,66,-1,13.52
fold2_room1_mix1743,88,5,0,171,0,65.90
fold2_room1_mix1743,89,5,0,7,0,89.85
fold2_room1_mix1743,89,5,0,36,0,18.33
fold2_room1_mix1743,89,5,0,168,0,48.67
fold2_room1_mix1743,90,5,0,7,0,88.91
fold2_room1_mix1743,90,5,0,27,0,20.58
fold2_room1_mix1743,90,5,0,164,0,38.54
fold2_room1_mix1743,91,5,0,8,0,82.84
fold2_room1_mix1743,91,5,0,24,0,23.20
fold2_room1_mix1743,91,5,0,157,0,29.18
fold2_room1_mix1743,92,5,0,8,0,92.64
fold2_room1_mix1743,92,5,0,28,0,22.25
fold2_room1_mix1743,92,5,0,162,0,42.22
fold2_room1_mix1743,93,5,0,12,0,59.41
fold2_room1_mix1743,93,5,0,152,0,24.78
fold2_room1_mix1743,94,5,0,15,0,56.93
fold2_room1_mix1743,94,5,0,160,0,33.21
fold2_room1_mix1743,95,5,0,10,0,59.15
fold2_room1_mix1743,95,5,0,148,-1,19.37
fold2_room1_mix1743,96,5,0,9,0,65.38
fold2_room1_mix1743,96,5,0,136,-1,13.84
fold2_room1_mix1743,97,5,0,8,0,62.61
fold2_room1_mix1743,97,5,0,129,-1,11.26
fold2_room1_mix1743,98,5,0,8,0,68.00
fold2_room1_mix1743,98,5,0,124,-1,9.80
fold2_room1_mix1743,99,5,0,11,0,67.58
fold2_room1_mix1743,99,5,0,92,-2,8.95
fold2_room1_mix1744,2,5,0,-7,2,2.01
fold2_room1_mix1744,3,5,0,-1,1,2.50
fold2_room1_mix1744,4,5,0,-1,1,10.68
fold2_room1_mix1744,5,5,0,-5,1,26.91
fold2_room1_mix1744,6,5,0,-4,0,52.07
fold2_room1_mix1744,7,5,0,-3,0,58.18
fold2_room1_mix1744,8,5,0,-4,0,92.21
fold2_room1_mix1744,9,5,0,-4,0,97.28
fold2_room1_mix1744,10,5,0,-4,0,98.77
fold2_room1_mix1744,11,5,0,-3,0,95.22
fold2_room1_mix1744,12,5,0,-4,0,91.68
fold2_room1_mix1744,13,5,0,-4,0,89.35
fold2_room1_mix1744,14,5,0,-4,0,94.63
fold2_room1_mix1744,15,5,0,-4,0,92.29
fold2_room1_mix1744,16,5,0,-4,0,95.79
fold2_room1_mix1744,17,5,0,-4,0,94.95
fold2_room1_mix1744,18,5,0,-5,0,96.77
fold2_room1_mix1744,19,5,0,-5,0,96.86
fold2_room1_mix1744,20,5,0,-5,0,95.87
fold2_room1_mix1744,21,5,0,-6,0,100.88
fold2_room1_mix1744,22,5,0,-6,0,97.50
fold2_room1_mix1744,23,5,0,-6,0,90.23
fold2_room1_mix1744,24,5,0,-5,0,95.30
fold2_room1_mix1744,25,5,0,-5,0,98.40
fold2_room1_mix1744,26,5,0,-6,0,88.76
fold2_room1_mix1744,27,5,0,-7,0,91.41
fold2_room1_mix1744,28,5,0,-7,0,94.67
fold2_room1_mix1744,29,5,0,-7,0,90.32
fold2_room1_mix1744,30,5,0,-7,0,87.37
fold2_room1_mix1744,31,5,0,-7,0,85.65
fold2_room1_mix1744,32,5,0,-7,0,85.95
fold2_room1_mix1744,33,5,0,-7,0,86.43
fold2_room1_mix1744,34,5,0,-8,0,83.11
fold2_room1_mix1744,35,5,0,-8,0,79.16
fold2_room1_mix1744,36,5,0,-4,0,99.99
fold2_room1_mix1744,36,5,0,-20,0,23.87
fold2_room1_mix1744,37,5,0,-9,0,74.69
fold2_room1_mix1744,38,5,0,-4,0,96.02
fold2_room1_mix1744,38,5,0,-20,0,22.38
fold2_room1_mix1744,39,5,0,-3,0,95.36
fold2_room1_mix1744,39,5,0,-20,0,22.21
fold2_room1_mix1744,40,5,0,-3,0,99.65
fold2_room1_mix1744,40,5,0,-20,0,23.69
fold2_room1_mix1744,41,5,0,-4,0,94.96
fold2_room1_mix1744,41,5,0,-21,0,22.18
fold2_room1_mix1744,42,5,0,-3,0,90.54
fold2_room1_mix1744,42,5,0,-23,0,18.19
fold2_room1_mix1744,43,5,0,-3,0,90.68
fold2_room1_mix1744,43,5,0,-23,0,18.38
fold2_room1_mix1744,44,5,0,-4,0,90.88
fold2_room1_mix1744,44,5,0,-25,0,17.59
fold2_room1_mix1744,45,5,0,-4,0,90.17
fold2_room1_mix1744,45,5,0,-27,0,15.86
fold2_room1_mix1744,46,5,0,-4,0,89.17
fold2_room1_mix1744,46,5,0,-30,0,14.91
fold2_room1_mix1744,47,5,0,-3,0,88.28
fold2_room1_mix1744,47,5,0,-34,0,13.89
fold2_room1_mix1744,48,5,0,-3,0,86.63
fold2_room1_mix1744,48,5,0,-41,0,12.01
fold2_room1_mix1744,49,5,0,-4,0,87.11
fold2_room1_mix1744,49,5,0,-45,0,11.44
fold2_room1_mix1744,50,5,0,-5,0,84.39
fold2_room1_mix1744,50,5,0,-55,-1,9.57
fold2_room1_mix1744,51,5,0,-7,0,80.84
fold2_room1_mix1744,51,5,0,-63,0,8.68
fold2_room1_mix1744,52,5,0,-7,0,81.11
fold2_room1_mix1744,52,5,0,-90,-1,8.47
fold2_room1_mix1744,53,5,0,-8,0,78.53
fold2_room1_mix1744,53,5,0,-113,0,9.70
fold2_room1_mix1744,54,5,0,-8,0,74.25
fold2_room1_mix1744,54,5,0,-94,0,8.44
fold2_room1_mix1744,55,5,0,-8,0,73.14
fold2_room1_mix1744,55,5,0,-133,0,11.83
fold2_room1_mix1744,56,5,0,-8,0,73.74
fold2_room1_mix1744,56,5,0,-134,0,12.52
fold2_room1_mix1744,57,5,0,-9,0,67.49
fold2_room1_mix1744,57,5,0,-141,0,13.67
fold2_room1_mix1744,58,5,0,-8,0,67.62
fold2_room1_mix1744,58,5,0,-143,0,14.50
fold2_room1_mix1744,59,5,0,-9,0,64.78
fold2_room1_mix1744,59,5,0,-148,0,16.81
fold2_room1_mix1744,60,5,0,-9,0,61.94
fold2_room1_mix1744,60,5,0,-149,0,17.42
fold2_room1_mix1744,61,5,0,-10,0,58.29
fold2_room1_mix1744,61,5,0,-152,0,19.83
fold2_room1_mix1744,62,5,0,-12,0,52.42
fold2_room1_mix1744,62,5,0,-151,0,19.87
fold2_room1_mix1744,63,5,0,-11,0,56.30
fold2_room1_mix1744,63,5,0,-156,0,23.02
fold2_room1_mix1744,64,5,0,-13,0,53.60
fold2_room1_mix1744,64,5,0,-154,0,24.34
fold2_room1_mix1744,65,5,0,-14,0,44.48
fold2_room1_mix1744,65,5,0,-158,0,28.29
fold2_room1_mix1744,66,5,0,-9,0,56.78
fold2_room1_mix1744,66,5,0,-29,0,22.44
fold2_room1_mix1744,66,5,0,-161,0,33.29
fold2_room1_mix1744,67,5,0,-10,0,54.09
fold2_room1_mix1744,67,5,0,-30,0,21.77
fold2_room1_mix1744,67,5,0,-159,0,32.41
fold2_room1_mix1744,68,5,0,-10,0,47.12
fold2_room1_mix1744,68,5,0,-42,0,17.13
fold2_room1_mix1744,68,5,0,-164,0,38.82
fold2_room1_mix1744,69,5,0,-13,0,39.09
fold2_room1_mix1744,69,5,0,-74,0,13.28
fold2_room1_mix1744,69,5,0,-166,0,44.39
fold2_room1_mix1744,70,5,0,-13,0,38.29
fold2_room1_mix1744,70,5,0,-60,0,13.69
fold2_room1_mix1744,70,5,0,-164,0,41.28
fold2_room1_mix1744,71,5,0,-12,0,43.68
fold2_room1_mix1744,71,5,0,-54,0,14.51
fold2_room1_mix1744,71,5,0,-166,0,45.79
fold2_room1_mix1744,72,5,0,-14,0,38.38
fold2_room1_mix1744,72,5,0,-63,0,13.44
fold2_room1_mix1744,72,5,0,-165,0,44.51
fold2_room1_mix1744,73,5,0,-12,0,44.79
fold2_room1_mix1744,73,5,0,-54,0,14.23
fold2_room1_mix1744,73,5,0,-167,0,48.39
fold2_room1_mix1744,74,5,0,-14,0,36.51
fold2_room1_mix1744,74,5,0,-66,-1,12.13
fold2_room1_mix1744,74,5,0,-165,0,45.52
fold2_room1_mix1744,75,5,0,-13,0,44.58
fold2_room1_mix1744,75,5,0,-62,0,13.27
fold2_room1_mix1744,75,5,0,-166,0,52.39
fold2_room1_mix1744,76,5,0,-15,0,35.37
fold2_room1_mix1744,76,5,0,-96,-1,12.41
fold2_room1_mix1744,76,5,0,-165,0,52.82
fold2_room1_mix1744,77,5,0,-17,0,31.74
fold2_room1_mix1744,77,5,0,-118,0,13.86
fold2_room1_mix1744,77,5,0,-166,0,55.42
fold2_room1_mix1744,78,5,0,-14,0,41.43
fold2_room1_mix1744,78,5,0,-83,0,12.06
fold2_room1_mix1744,78,5,0,-166,0,53.41
fold2_room1_mix1744,79,5,0,-13,0,39.01
fold2_room1_mix1744,79,5,0,-100,0,11.37
fold2_room1_mix1744,79,5,0,-168,0,52.95
fold2_room1_mix1744,80,5,0,-13,0,40.38
fold2_room1_mix1744,80,5,0,-95,0,12.00
fold2_room1_mix1744,80,5,0,-168,0,53.27
fold2_room1_mix1744,81,5,0,-12,0,36.52
fold2_room1_mix1744,81,5,0,-127,0,13.50
fold2_room1_mix1744,81,5,0,-172,0,61.70
fold2_room1_mix1744,82,5,0,-17,0,26.94
fold2_room1_mix1744,82,5,0,-135,0,15.71
fold2_room1_mix1744,82,5,0,-170,0,60.45
fold2_room1_mix1744,83,5,0,-28,0,19.12
fold2_room1_mix1744,83,5,0,-147,0,18.17
fold2_room1_mix1744,83,5,0,-170,0,65.73
fold2_room1_mix1744,84,5,0,-46,0,12.45
fold2_room1_mix1744,84,5,0,-165,0,51.48
fold2_room1_mix1744,85,5,0,-49,0,12.36
fold2_room1_mix1744,85,5,0,-157,0,26.15
fold2_room1_mix1744,85,5,0,-173,0,84.72
fold2_room1_mix1744,86,5,0,-64,0,10.42
fold2_room1_mix1744,86,5,0,-165,0,52.84
fold2_room1_mix1744,87,5,0,-82,-1,8.63
fold2_room1_mix1744,87,5,0,-169,0,57.14
fold2_room1_mix1744,88,5,0,-87,-1,8.83
fold2_room1_mix1744,88,5,0,-167,0,55.41
fold2_room1_mix1744,89,5,0,-97,-1,8.43
fold2_room1_mix1744,89,5,0,-168,0,59.71
fold2_room1_mix1744,90,5,0,-110,-1,8.55
fold2_room1_mix1744,90,5,0,-167,0,55.36
fold2_room1_mix1744,91,5,0,-115,-1,8.96
fold2_room1_mix1744,91,5,0,-168,0,57.62
fold2_room1_mix1744,92,5,0,-121,-1,10.12
fold2_room1_mix1744,92,5,0,-168,0,58.99
fold2_room1_mix1744,93,5,0,-125,-1,10.44
fold2_room1_mix1744,93,5,0,-169,0,63.16
fold2_room1_mix1744,94,5,0,-131,-1,11.05
fold2_room1_mix1744,94,5,0,-170,0,61.52
fold2_room1_mix1744,95,5,0,-135,-1,12.32
fold2_room1_mix1744,95,5,0,-169,0,59.20
fold2_room1_mix1744,96,5,0,-139,-1,13.18
fold2_room1_mix1744,96,5,0,-169,0,58.54
fold2_room1_mix1744,97,5,0,-143,-1,14.42
fold2_room1_mix1744,97,5,0,-169,0,61.36
fold2_room1_mix1744,98,5,0,-146,0,15.29
fold2_room1_mix1744,98,5,0,-170,0,62.69
fold2_room1_mix1744,99,5,0,-149,0,17.34
fold2_room1_mix1744,99,5,0,-170,0,65.31
fold2_room1_mix1745,5,5,0,-179,1,8.77
fold2_room1_mix1745,6,5,0,177,0,30.04
fold2_room1_mix1745,7,5,0,178,0,50.71
fold2_room1_mix1745,8,5,0,178,0,83.17
fold2_room1_mix1745,9,5,0,-179,0,107.46
fold2_room1_mix1745,10,5,0,179,0,104.37
fold2_room1_mix1745,11,5,0,178,0,108.98
fold2_room1_mix1745,12,5,0,-179,0,105.44
fold2_room1_mix1745,13,5,0,-179,0,104.80
fold2_room1_mix1745,14,5,0,-178,0,103.77
fold2_room1_mix1745,15,5,0,-178,0,107.63
fold2_room1_mix1745,16,5,0,-179,0,105.28
fold2_room1_mix1745,17,5,0,-178,0,105.41
fold2_room1_mix1745,18,5,0,-178,0,107.44
fold2_room1_mix1745,19,5,0,-178,0,110.78
fold2_room1_mix1745,20,5,0,-178,0,108.39
fold2_room1_mix1745,21,5,0,-178,0,111.28
fold2_room1_mix1745,22,5,0,-177,0,108.78
fold2_room1_mix1745,23,5,0,-179,0,101.56
fold2_room1_mix1745,24,5,0,-178,0,106.89
fold2_room1_mix1745,25,5,0,-178,0,105.88
fold2_room1_mix1745,26,5,0,-178,0,101.47
fold2_room1_mix1745,27,5,0,-177,0,102.02
fold2_room1_mix1745,28,5,0,-177,0,104.27
fold2_room1_mix1745,29,5,0,-177,0,99.66
fold2_room1_mix1745,30,5,0,-178,0,97.31
fold2_room1_mix1745,31,5,0,-177,0,99.16
fold2_room1_mix1745,32,5,0,-176,0,92.83
fold2_room1_mix1745,33,5,0,-176,0,93.96
fold2_room1_mix1745,34,5,0,-176,0,93.28
fold2_room1_mix1745,35,5,0,-175,0,93.70
fold2_room1_mix1745,36,5,0,-176,0,90.75
fold2_room1_mix1745,37,5,0,-174,0,91.22
fold2_room1_mix1745,38,5,0,-175,0,90.79
fold2_room1_mix1745,39,5,0,-174,0,89.40
fold2_room1_mix1745,40,5,0,-173,0,86.98
fold2_room1_mix1745,41,5,0,-172,0,84.51
fold2_room1_mix1745,42,5,0,-171,0,82.46
fold2_room1_mix1745,43,5,0,-170,0,80.83
fold2_room1_mix1745,44,5,0,-170,0,81.10
fold2_room1_mix1745,45,5,0,-170,0,77.11
fold2_room1_mix1745,46,5,0,-159,0,21.47
fold2_room1_mix1745,46,5,0,-175,0,101.71
fold2_room1_mix1745,47,5,0,-156,0,18.63
fold2_room1_mix1745,47,5,0,-175,0,100.13
fold2_room1_mix1745,48,5,0,-154,0,16.94
fold2_room1_mix1745,48,5,0,-174,0,95.42
fold2_room1_mix1745,49,5,0,-153,0,16.66
fold2_room1_mix1745,49,5,0,-174,0,94.64
fold2_room1_mix1745,50,5,0,-152,0,15.27
fold2_room1_mix1745,50,5,0,-174,0,92.56
fold2_room1_mix1745,51,5,0,-147,0,13.36
fold2_room1_mix1745,51,5,0,-174,0,88.79
fold2_room1_mix1745,52,5,0,-141,-1,11.51
fold2_room1_mix1745,52,5,0,-173,0,87.92
fold2_room1_mix1745,53,5,0,-135,-1,10.02
fold2_room1_mix1745,53,5,0,-173,0,84.84
fold2_room1_mix1745,54,5,0,-128,-1,8.40
fold2_room1_mix1745,54,5,0,-174,0,86.45
fold2_room1_mix1745,55,5,0,-116,-1,7.12
fold2_room1_mix1745,55,5,0,-173,0,82.82
fold2_room1_mix1745,56,5,0,-111,-2,6.78
fold2_room1_mix1745,56,5,0,-173,0,81.28
fold2_room1_mix1745,57,5,0,-91,-2,6.37
fold2_room1_mix1745,57,5,0,-174,0,83.76
fold2_room1_mix1745,58,5,0,-76,-2,6.60
fold2_room1_mix1745,58,5,0,-173,0,83.88
fold2_room1_mix1745,59,5,0,-62,-2,7.16
fold2_room1_mix1745,59,5,0,-173,0,86.79
fold2_room1_mix1745,60,5,0,-55,-1,7.73
fold2_room1_mix1745,60,5,0,-173,0,84.53
fold2_room1_mix1745,61,5,0,-42,-1,8.79
fold2_room1_mix1745,61,5,0,-172,0,72.39
fold2_room1_mix1745,62,5,0,-35,-1,9.84
fold2_room1_mix1745,62,5,0,-173,0,74.74
fold2_room1_mix1745,63,5,0,-33,-1,10.85
fold2_room1_mix1745,63,5,0,-173,0,74.49
fold2_room1_mix1745,64,5,0,-31,-1,11.11
fold2_room1_mix1745,64,5,0,-171,0,68.25
fold2_room1_mix1745,65,5,0,-25,-1,12.54
fold2_room1_mix1745,65,5,0,-172,0,70.59
fold2_room1_mix1745,66,5,0,-22,0,14.38
fold2_room1_mix1745,66,5,0,-170,0,61.52
fold2_room1_mix1745,67,5,0,-22,0,14.84
fold2_room1_mix1745,67,5,0,-171,0,65.12
fold2_room1_mix1745,68,5,0,-21,0,15.96
fold2_room1_mix1745,68,5,0,-171,0,65.71
fold2_room1_mix1745,69,5,0,-17,0,20.28
fold2_room1_mix1745,69,5,0,-167,0,53.90
fold2_room1_mix1745,70,5,0,-17,0,20.06
fold2_room1_mix1745,70,5,0,-169,0,58.95
fold2_room1_mix1745,71,5,0,-18,0,21.26
fold2_room1_mix1745,71,5,0,-169,0,60.38
fold2_room1_mix1745,72,5,0,-14,0,23.82
fold2_room1_mix1745,72,5,0,-168,0,56.25
fold2_room1_mix1745,73,5,0,-14,0,24.91
fold2_room1_mix1745,73,5,0,-158,0,25.53
fold2_room1_mix1745,73,5,0,-174,0,76.91
fold2_room1_mix1745,74,5,0,-12,0,27.03
fold2_room1_mix1745,74,5,0,-157,0,24.48
fold2_room1_mix1745,74,5,0,-174,0,76.99
fold2_room1_mix1745,75,5,0,-11,0,30.51
fold2_room1_mix1745,75,5,0,-146,0,17.05
fold2_room1_mix1745,75,5,0,-171,0,61.08
fold2_room1_mix1745,76,5,0,-12,0,30.35
fold2_room1_mix1745,76,5,0,-151,0,20.21
fold2_room1_mix1745,76,5,0,-172,0,70.41
fold2_room1_mix1745,77,5,0,-10,0,32.39
fold2_room1_mix1745,77,5,0,-146,0,17.14
fold2_room1_mix1745,77,5,0,-171,0,64.77
fold2_room1_mix1745,78,5,0,-9,0,35.34
fold2_room1_mix1745,78,5,0,-145,-1,16.93
fold2_room1_mix1745,78,5,0,-173,0,68.14
fold2_room1_mix1745,79,5,0,-9,0,37.42
fold2_room1_mix1745,79,5,0,-137,0,13.21
fold2_room1_mix1745,79,5,0,-171,0,57.56
fold2_room1_mix1745,80,5,0,-10,0,35.71
fold2_room1_mix1745,80,5,0,-137,0,13.17
fold2_room1_mix1745,80,5,0,-171,0,55.67
fold2_room1_mix1745,81,5,0,-10,0,39.30
fold2_room1_mix1745,81,5,0,-130,-1,12.33
fold2_room1_mix1745,81,5,0,-170,0,53.10
fold2_room1_mix1745,82,5,0,-8,0,39.54
fold2_room1_mix1745,82,5,0,-140,-1,14.55
fold2_room1_mix1745,82,5,0,-173,0,63.38
fold2_room1_mix1745,83,5,0,-9,0,41.53
fold2_room1_mix1745,83,5,0,-130,-1,12.78
fold2_room1_mix1745,83,5,0,-171,0,55.53
fold2_room1_mix1745,84,5,0,-8,0,43.20
fold2_room1_mix1745,84,5,0,-137,-1,14.17
fold2_room1_mix1745,84,5,0,-172,0,63.05
fold2_room1_mix1745,85,5,0,-9,0,43.38
fold2_room1_mix1745,85,5,0,-127,-1,11.91
fold2_room1_mix1745,85,5,0,-171,0,52.13
fold2_room1_mix1745,86,5,0,-8,0,44.39
fold2_room1_mix1745,86,5,0,-123,-1,11.93
fold2_room1_mix1745,86,5,0,-171,0,51.94
fold2_room1_mix1745,87,5,0,-7,0,47.18
fold2_room1_mix1745,87,5,0,-124,-1,11.46
fold2_room1_mix1745,87,5,0,-172,0,54.60
fold2_room1_mix1745,88,5,0,-6,0,47.60
fold2_room1_mix1745,88,5,0,-130,-1,12.00
fold2_room1_mix1745,88,5,0,-174,0,59.31
fold2_room1_mix1745,89,5,0,-6,0,51.31
fold2_room1_mix1745,89,5,0,-99,-1,10.06
fold2_room1_mix1745,89,5,0,-171,0,48.73
fold2_room1_mix1745,90,5,0,-5,0,51.96
fold2_room1_mix1745,90,5,0,-102,-1,10.38
fold2_room1_mix1745,90,5,0,-172,0,52.83
fold2_room1_mix1745,91,5,0,-6,0,54.71
fold2_room1_mix1745,91,5,0,-84,-1,10.15
fold2_room1_mix1745,91,5,0,-170,0,51.98
fold2_room1_mix1745,92,5,0,-7,0,49.70
fold2_room1_mix1745,92,5,0,-65,-1,9.91
fold2_room1_mix1745,92,5,0,-170,0,42.23
fold2_room1_mix1745,93,5,0,-6,0,56.62
fold2_room1_mix1745,93,5,0,-60,-1,10.89
fold2_room1_mix1745,93,5,0,-171,0,48.00
fold2_room1_mix1745,94,5,0,-5,0,57.69
fold2_room1_mix1745,94,5,0,-60,-1,11.42
fold2_room1_mix1745,94,5,0,-171,0,48.19
fold2_room1_mix1745,95,5,0,-5,0,58.37
fold2_room1_mix1745,95,5,0,-49,-1,12.11
fold2_room1_mix1745,95,5,0,-170,0,41.30
fold2_room1_mix1745,96,5,0,-4,0,62.26
fold2_room1_mix1745,96,5,0,-55,-1,11.92
fold2_room1_mix1745,96,5,0,-171,0,46.68
fold2_room1_mix1745,97,5,0,-5,0,60.25
fold2_room1_mix1745,97,5,0,-44,0,13.31
fold2_room1_mix1745,97,5,0,-167,0,38.45
fold2_room1_mix1745,98,5,0,-5,0,62.65
fold2_room1_mix1745,98,5,0,-46,0,13.04
fold2_room1_mix1745,98,5,0,-168,0,40.07
fold2_room1_mix1745,99,5,0,-4,0,65.22
fold2_room1_mix1745,99,5,0,-38,0,14.61
fold2_room1_mix1745,99,5,0,-165,0,33.81
fold2_room1_mix1746,3,5,0,165,2,5.20
fold2_room1_mix1746,4,5,0,171,0,15.47
fold2_room1_mix1746,5,5,0,170,0,34.91
fold2_room1_mix1746,6,5,0,171,0,46.34
fold2_room1_mix1746,7,5,0,172,0,69.60
fold2_room1_mix1746,8,5,0,175,0,97.82
fold2_room1_mix1746,9,5,0,170,0,98.25
fold2_room1_mix1746,10,5,0,174,0,95.94
fold2_room1_mix1746,11,5,0,174,0,90.64
fold2_room1_mix1746,12,5,0,174,0,90.23
fold2_room1_mix1746,13,5,0,174,0,90.88
fold2_room1_mix1746,14,5,0,171,0,90.29
fold2_room1_mix1746,15,5,0,174,0,92.63
fold2_room1_mix1746,16,5,0,173,0,89.19
fold2_room1_mix1746,17,5,0,173,0,89.47
fold2_room1_mix1746,18,5,0,171,0,91.63
fold2_room1_mix1746,19,5,0,173,0,90.55
fold2_room1_mix1746,20,5,0,173,0,92.75
fold2_room1_mix1746,21,5,0,172,0,89.68
fold2_room1_mix1746,22,5,0,172,0,87.63
fold2_room1_mix1746,23,5,0,172,0,83.69
fold2_room1_mix1746,24,5,0,173,0,87.34
fold2_room1_mix1746,25,5,0,172,0,86.12
fold2_room1_mix1746,26,5,0,173,0,85.42
fold2_room1_mix1746,27,5,0,172,0,84.63
fold2_room1_mix1746,28,5,0,172,0,83.18
fold2_room1_mix1746,29,5,0,172,0,79.23
fold2_room1_mix1746,30,5,0,172,0,79.20
fold2_room1_mix1746,31,5,0,173,0,82.53
fold2_room1_mix1746,32,5,0,174,0,82.24
fold2_room1_mix1746,33,5,0,171,0,80.17
fold2_room1_mix1746,34,5,0,172,0,83.92
fold2_room1_mix1746,35,5,0,173,0,76.49
fold2_room1_mix1746,36,5,0,172,0,74.15
fold2_room1_mix1746,37,5,0,172,0,73.80
fold2_room1_mix1746,38,5,0,172,0,73.46
fold2_room1_mix1746,39,5,0,172,0,73.79
fold2_room1_mix1746,40,5,0,171,0,75.09
fold2_room1_mix1746,41,5,0,171,0,70.99
fold2_room1_mix1746,42,5,0,170,0,72.79
fold2_room1_mix1746,43,5,0,170,0,69.92
fold2_room1_mix1746,44,5,0,170,0,69.99
fold2_room1_mix1746,45,5,0,169,0,67.31
fold2_room1_mix1746,46,5,0,158,0,20.10
fold2_room1_mix1746,46,5,0,174,0,89.00
fold2_room1_mix1746,47,5,0,158,0,20.02
fold2_room1_mix1746,47,5,0,174,0,88.44
fold2_room1_mix1746,48,5,0,156,0,17.90
fold2_room1_mix1746,48,5,0,174,0,86.68
fold2_room1_mix1746,49,5,0,154,0,16.74
fold2_room1_mix1746,49,5,0,173,0,83.09
fold2_room1_mix1746,50,5,0,152,0,16.05
fold2_room1_mix1746,50,5,0,172,0,81.99
fold2_room1_mix1746,51,5,0,151,0,15.07
fold2_room1_mix1746,51,5,0,172,0,81.27
fold2_room1_mix1746,52,5,0,149,0,13.91
fold2_room1_mix1746,52,5,0,172,0,79.55
fold2_room1_mix1746,53,5,0,147,-1,12.40
fold2_room1_mix1746,53,5,0,173,0,76.60
fold2_room1_mix1746,54,5,0,141,-1,10.04
fold2_room1_mix1746,54,5,0,173,0,69.39
fold2_room1_mix1746,55,5,0,137,-1,9.61
fold2_room1_mix1746,55,5,0,173,0,72.01
fold2_room1_mix1746,56,5,0,136,-1,9.23
fold2_room1_mix1746,56,5,0,172,0,66.43
fold2_room1_mix1746,57,5,0,124,-1,7.81
fold2_room1_mix1746,57,5,0,171,0,67.67
fold2_room1_mix1746,58,5,0,127,-1,7.85
fold2_room1_mix1746,58,5,0,171,0,64.30
fold2_room1_mix1746,59,5,0,118,-1,7.40
fold2_room1_mix1746,59,5,0,171,0,64.42
fold2_room1_mix1746,60,5,0,113,-2,7.63
fold2_room1_mix1746,60,5,0,172,0,70.98
fold2_room1_mix1746,61,5,0,97,-2,7.21
fold2_room1_mix1746,61,5,0,171,0,69.40
fold2_room1_mix1746,62,5,0,97,-2,7.19
fold2_room1_mix1746,62,5,0,171,0,67.07
fold2_room1_mix1746,63,5,0,92,-2,7.24
fold2_room1_mix1746,63,5,0,171,0,70.71
fold2_room1_mix1746,64,5,0,72,-2,7.45
fold2_room1_mix1746,64,5,0,170,0,66.78
fold2_room1_mix1746,65,5,0,63,-2,7.68
fold2_room1_mix1746,65,5,0,170,0,66.22
fold2_room1_mix1746,66,5,0,63,-2,7.94
fold2_room1_mix1746,66,5,0,171,0,71.89
fold2_room1_mix1746,67,5,0,46,-1,9.19
fold2_room1_mix1746,67,5,0,170,0,61.56
fold2_room1_mix1746,68,5,0,48,-1,9.24
fold2_room1_mix1746,68,5,0,170,0,65.56
fold2_room1_mix1746,69,5,0,42,-1,10.14
fold2_room1_mix1746,69,5,0,169,0,64.76
fold2_room1_mix1746,70,5,0,43,-1,10.11
fold2_room1_mix1746,70,5,0,170,0,67.11
fold2_room1_mix1746,71,5,0,38,-1,11.58
fold2_room1_mix1746,71,5,0,170,0,62.52
fold2_room1_mix1746,72,5,0,40,-1,12.19
fold2_room1_mix1746,72,5,0,169,0,65.79
fold2_room1_mix1746,73,5,0,35,-1,13.00
fold2_room1_mix1746,73,5,0,169,0,65.40
fold2_room1_mix1746,74,5,0,32,-1,14.40
fold2_room1_mix1746,74,5,0,168,0,61.12
fold2_room1_mix1746,75,5,0,27,0,15.91
fold2_room1_mix1746,75,5,0,167,0,55.97
fold2_room1_mix1746,76,5,0,26,0,16.61
fold2_room1_mix1746,76,5,0,168,0,57.34
fold2_room1_mix1746,77,5,0,22,0,17.88
fold2_room1_mix1746,77,5,0,168,0,54.95
fold2_room1_mix1746,78,5,0,21,0,19.80
fold2_room1_mix1746,78,5,0,168,0,54.81
fold2_room1_mix1746,79,5,0,20,0,21.97
fold2_room1_mix1746,79,5,0,168,0,56.54
fold2_room1_mix1746,80,5,0,22,0,21.91
fold2_room1_mix1746,80,5,0,165,0,47.11
fold2_room1_mix1746,81,5,0,22,0,23.21
fold2_room1_mix1746,81,5,0,162,0,42.97
fold2_room1_mix1746,82,5,0,19,0,25.83
fold2_room1_mix1746,82,5,0,157,0,25.14
fold2_room1_mix1746,82,5,0,172,0,72.01
fold2_room1_mix1746,83,5,0,19,0,25.58
fold2_room1_mix1746,83,5,0,164,0,47.24
fold2_room1_mix1746,84,5,0,19,0,26.90
fold2_room1_mix1746,84,5,0,155,0,25.59
fold2_room1_mix1746,84,5,0,171,0,73.09
fold2_room1_mix1746,85,5,0,17,0,31.04
fold2_room1_mix1746,85,5,0,151,0,22.02
fold2_room1_mix1746,85,5,0,171,0,67.94
fold2_room1_mix1746,86,5,0,18,0,28.80
fold2_room1_mix1746,86,5,0,154,0,24.50
fold2_room1_mix1746,86,5,0,172,0,74.88
fold2_room1_mix1746,87,5,0,17,0,28.86
fold2_room1_mix1746,87,5,0,154,0,23.26
fold2_room1_mix1746,87,5,0,171,0,70.71
fold2_room1_mix1746,88,5,0,16,0,30.25
fold2_room1_mix1746,88,5,0,148,0,18.44
fold2_room1_mix1746,88,5,0,169,0,59.08
fold2_room1_mix1746,89,5,0,16,0,28.80
fold2_room1_mix1746,89,5,0,152,0,19.72
fold2_room1_mix1746,89,5,0,171,0,62.51
fold2_room1_mix1746,90,5,0,15,0,30.20
fold2_room1_mix1746,90,5,0,153,0,21.02
fold2_room1_mix1746,90,5,0,172,0,69.85
fold2_room1_mix1746,91,5,0,16,0,28.96
fold2_room1_mix1746,91,5,0,154,0,23.71
fold2_room1_mix1746,91,5,0,171,0,73.08
fold2_room1_mix1746,92,5,0,15,0,31.47
fold2_room1_mix1746,92,5,0,151,0,21.02
fold2_room1_mix1746,92,5,0,171,0,71.64
fold2_room1_mix1746,93,5,0,14,0,33.69
fold2_room1_mix1746,93,5,0,148,0,19.46
fold2_room1_mix1746,93,5,0,170,0,68.85
fold2_room1_mix1746,94,5,0,15,0,33.14
fold2_room1_mix1746,94,5,0,149,0,20.79
fold2_room1_mix1746,94,5,0,169,0,69.95
fold2_room1_mix1746,95,5,0,13,0,37.84
fold2_room1_mix1746,95,5,0,144,0,18.45
fold2_room1_mix1746,95,5,0,169,0,67.53
fold2_room1_mix1746,96,5,0,14,0,36.63
fold2_room1_mix1746,96,5,0,142,0,16.93
fold2_room1_mix1746,96,5,0,168,0,62.64
fold2_room1_mix1746,97,5,0,13,0,41.24
fold2_room1_mix1746,97,5,0,136,0,14.78
fold2_room1_mix1746,97,5,0,167,0,57.48
fold2_room1_mix1746,98,5,0,12,0,44.70
fold2_room1_mix1746,98,5,0,125,0,13.03
fold2_room1_mix1746,98,5,0,167,0,54.76
fold2_room1_mix1746,99,5,0,13,0,43.67
fold2_room1_mix1746,99,5,0,122,0,13.04
fold2_room1_mix1746,99,5,0,166,0,53.06
fold2_room1_mix1747,4,5,0,4,1,9.47
fold2_room1_mix1747,5,5,0,2,0,31.47
fold2_room1_mix1747,6,5,0,1,0,44.02
fold2_room1_mix1747,7,5,0,3,0,64.19
fold2_room1_mix1747,8,5,0,2,0,95.76
fold2_room1_mix1747,9,5,0,3,0,94.48
fold2_room1_mix1747,10,5,0,3,0,91.97
fold2_room1_mix1747,11,5,0,2,0,95.00
fold2_room1_mix1747,12,5,0,3,0,90.60
fold2_room1_mix1747,13,5,0,3,0,88.70
fold2_room1_mix1747,14,5,0,3,0,95.17
fold2_room1_mix1747,15,5,0,3,0,94.21
fold2_room1_mix1747,16,5,0,3,0,91.26
fold2_room1_mix1747,17,5,0,3,0,87.10
fold2_room1_mix1747,18,5,0,4,0,94.51
fold2_room1_mix1747,19,5,0,3,0,91.42
fold2_room1_mix1747,20,5,0,4,0,91.67
fold2_room1_mix1747,21,5,0,3,0,93.52
fold2_room1_mix1747,22,5,0,4,0,88.52
fold2_room1_mix1747,23,5,0,5,0,86.84
fold2_room1_mix1747,24,5,0,5,0,85.83
fold2_room1_mix1747,25,5,0,4,0,87.03
fold2_room1_mix1747,26,5,0,4,0,81.80
fold2_room1_mix1747,27,5,0,3,0,85.17
fold2_room1_mix1747,28,5,0,4,0,86.79
fold2_room1_mix1747,29,5,0,5,0,79.79
fold2_room1_mix1747,30,5,0,4,0,85.08
fold2_room1_mix1747,31,5,0,5,0,82.73
fold2_room1_mix1747,32,5,0,5,0,79.75
fold2_room1_mix1747,33,5,0,4,0,80.84
fold2_room1_mix1747,34,5,0,5,0,78.93
fold2_room1_mix1747,35,5,0,5,0,73.32
fold2_room1_mix1747,36,5,0,7,0,69.90
fold2_room1_mix1747,37,5,0,7,0,68.64
fold2_room1_mix1747,38,5,0,7,0,65.34
fold2_room1_mix1747,39,5,0,8,0,62.91
fold2_room1_mix1747,40,5,0,7,0,65.97
fold2_room1_mix1747,41,5,0,8,0,64.89
fold2_room1_mix1747,42,5,0,7,0,62.96
fold2_room1_mix1747,43,5,0,8,0,63.18
fold2_room1_mix1747,44,5,0,9,0,59.62
fold2_room1_mix1747,45,5,0,10,0,56.46
fold2_room1_mix1747,46,5,0,10,0,55.42
fold2_room1_mix1747,47,5,0,11,0,56.70
fold2_room1_mix1747,48,5,0,5,0,72.96
fold2_room1_mix1747,48,5,0,22,0,16.04
fold2_room1_mix1747,49,5,0,5,0,74.02
fold2_room1_mix1747,49,5,0,24,0,15.05
fold2_room1_mix1747,50,5,0,5,0,69.99
fold2_room1_mix1747,50,5,0,25,0,14.20
fold2_room1_mix1747,51,5,0,5,0,67.84
fold2_room1_mix1747,51,5,0,27,0,12.62
fold2_room1_mix1747,52,5,0,5,0,66.10
fold2_room1_mix1747,52,5,0,29,0,12.00
fold2_room1_mix1747,53,5,0,5,0,65.92
fold2_room1_mix1747,53,5,0,35,0,10.53
fold2_room1_mix1747,54,5,0,5,0,61.54
fold2_room1_mix1747,54,5,0,42,-1,8.76
fold2_room1_mix1747,55,5,0,5,0,57.57
fold2_room1_mix1747,55,5,0,44,0,7.70
fold2_room1_mix1747,56,5,0,5,0,60.05
fold2_room1_mix1747,56,5,0,53,-1,7.07
fold2_room1_mix1747,57,5,0,5,0,58.63
fold2_room1_mix1747,57,5,0,59,-1,6.29
fold2_room1_mix1747,58,5,0,5,0,54.32
fold2_room1_mix1747,58,5,0,63,-1,5.84
fold2_room1_mix1747,59,5,0,6,0,58.03
fold2_room1_mix1747,59,5,0,78,-2,5.83
fold2_room1_mix1747,60,5,0,6,0,55.45
fold2_room1_mix1747,60,5,0,101,-2,5.96
fold2_room1_mix1747,61,5,0,6,0,52.75
fold2_room1_mix1747,61,5,0,108,-2,6.10
fold2_room1_mix1747,62,5,0,7,0,52.75
fold2_room1_mix1747,62,5,0,116,-1,6.48
fold2_room1_mix1747,63,5,0,6,0,50.34
fold2_room1_mix1747,63,5,0,127,-1,7.22
fold2_room1_mix1747,64,5,0,7,0,49.30
fold2_room1_mix1747,64,5,0,134,-1,8.55
fold2_room1_mix1747,65,5,0,7,0,52.62
fold2_room1_mix1747,65,5,0,142,-1,10.92
fold2_room1_mix1747,66,5,0,7,0,53.55
fold2_room1_mix1747,66,5,0,141,-1,10.69
fold2_room1_mix1747,67,5,0,7,0,50.02
fold2_room1_mix1747,67,5,0,148,0,11.86
fold2_room1_mix1747,68,5,0,7,0,48.44
fold2_room1_mix1747,68,5,0,153,0,14.85
fold2_room1_mix1747,69,5,0,7,0,51.16
fold2_room1_mix1747,69,5,0,153,0,15.32
fold2_room1_mix1747,70,5,0,7,0,48.54
fold2_room1_mix1747,70,5,0,155,0,15.39
fold2_room1_mix1747,71,5,0,7,0,45.41
fold2_room1_mix1747,71,5,0,156,0,17.27
fold2_room1_mix1747,72,5,0,8,0,49.84
fold2_room1_mix1747,72,5,0,159,0,19.26
fold2_room1_mix1747,73,5,0,8,0,48.32
fold2_room1_mix1747,73,5,0,159,0,21.36
fold2_room1_mix1747,74,5,0,9,0,44.44
fold2_room1_mix1747,74,5,0,162,0,21.94
fold2_room1_mix1747,75,5,0,9,0,49.00
fold2_room1_mix1747,75,5,0,162,0,23.86
fold2_room1_mix1747,76,5,0,9,0,44.67
fold2_room1_mix1747,76,5,0,164,0,25.76
fold2_room1_mix1747,77,5,0,9,0,43.76
fold2_room1_mix1747,77,5,0,164,0,25.23
fold2_room1_mix1747,78,5,0,9,0,46.54
fold2_room1_mix1747,78,5,0,166,0,27.90
fold2_room1_mix1747,79,5,0,9,0,45.94
fold2_room1_mix1747,79,5,0,165,0,27.32
fold2_room1_mix1747,80,5,0,8,0,47.91
fold2_room1_mix1747,80,5,0,167,0,28.40
fold2_room1_mix1747,81,5,0,10,0,44.17
fold2_room1_mix1747,81,5,0,168,0,33.24
fold2_room1_mix1747,82,5,0,9,0,48.70
fold2_room1_mix1747,82,5,0,169,0,33.37
fold2_room1_mix1747,83,5,0,10,0,41.62
fold2_room1_mix1747,83,5,0,168,0,32.77
fold2_room1_mix1747,84,5,0,10,0,40.25
fold2_room1_mix1747,84,5,0,170,0,35.69
fold2_room1_mix1747,85,5,0,11,0,41.97
fold2_room1_mix1747,85,5,0,170,0,39.43
fold2_room1_mix1747,86,5,0,11,0,39.60
fold2_room1_mix1747,86,5,0,171,0,37.76
fold2_room1_mix1747,87,5,0,12,0,38.59
fold2_room1_mix1747,87,5,0,172,0,39.93
fold2_room1_mix1747,88,5,0,11,0,45.14
fold2_room1_mix1747,88,5,0,173,0,43.81
fold2_room1_mix1747,89,5,0,6,0,60.59
fold2_room1_mix1747,89,5,0,21,0,17.17
fold2_room1_mix1747,89,5,0,172,0,43.07
fold2_room1_mix1747,90,5,0,6,0,61.57
fold2_room1_mix1747,90,5,0,21,0,17.71
fold2_room1_mix1747,90,5,0,171,0,42.30
fold2_room1_mix1747,91,5,0,6,0,58.29
fold2_room1_mix1747,91,5,0,29,0,15.18
fold2_room1_mix1747,91,5,0,171,0,47.20
fold2_room1_mix1747,92,5,0,6,0,56.10
fold2_room1_mix1747,92,5,0,30,-1,14.93
fold2_room1_mix1747,92,5,0,171,0,48.70
fold2_room1_mix1747,93,5,0,5,0,68.61
fold2_room1_mix1747,93,5,0,21,0,19.21
fold2_room1_mix1747,93,5,0,171,0,44.89
fold2_room1_mix1747,94,5,0,5,0,53.58
fold2_room1_mix1747,94,5,0,27,-1,15.55
fold2_room1_mix1747,94,5,0,171,0,46.06
fold2_room1_mix1747,95,5,0,5,0,56.52
fold2_room1_mix1747,95,5,0,29,0,15.07
fold2_room1_mix1747,95,5,0,172,0,48.33
fold2_room1_mix1747,96,5,0,9,0,32.60
fold2_room1_mix1747,96,5,0,80,-1,10.89
fold2_room1_mix1747,96,5,0,173,0,48.56
fold2_room1_mix1747,97,5,0,8,0,42.88
fold2_room1_mix1747,97,5,0,48,-1,12.06
fold2_room1_mix1747,97,5,0,171,0,47.50
fold2_room1_mix1747,98,5,0,7,0,47.26
fold2_room1_mix1747,98,5,0,44,0,12.36
fold2_room1_mix1747,98,5,0,173,0,51.18
fold2_room1_mix1747,99,5,0,6,0,44.67
fold2_room1_mix1747,99,5,0,41,-1,11.90
fold2_room1_mix1747,99,5,0,173,0,47.99
fold2_room1_mix1748,5,5,0,175,1,14.40
fold2_room1_mix1748,6,5,0,173,1,22.55
fold2_room1_mix1748,7,5,0,173,0,43.09
fold2_room1_mix1748,8,5,0,175,0,86.71
fold2_room1_mix1748,9,5,0,174,0,114.24
fold2_room1_mix1748,10,5,0,174,0,111.92
fold2_room1_mix1748,11,5,0,172,0,107.69
fold2_room1_mix1748,12,5,0,173,0,108.97
fold2_room1_mix1748,13,5,0,174,0,105.05
fold2_room1_mix1748,14,5,0,175,0,106.61
fold2_room1_mix1748,15,5,0,174,0,109.57
fold2_room1_mix1748,16,5,0,174,0,117.82
fold2_room1_mix1748,17,5,0,175,0,106.62
fold2_room1_mix1748,18,5,0,175,0,113.99
fold2_room1_mix1748,19,5,0,174,0,114.72
fold2_room1_mix1748,20,5,0,175,0,114.22
fold2_room1_mix1748,21,5,0,175,0,118.33
fold2_room1_mix1748,22,5,0,175,0,117.59
fold2_room1_mix1748,23,5,0,174,0,108.56
fold2_room1_mix1748,24,5,0,174,0,118.20
fold2_room1_mix1748,25,5,0,174,0,115.42
fold2_room1_mix1748,26,5,0,174,0,112.24
fold2_room1_mix1748,27,5,0,175,0,111.23
fold2_room1_mix1748,28,5,0,174,0,111.56
fold2_room1_mix1748,29,5,0,173,0,110.83
fold2_room1_mix1748,30,5,0,172,0,105.76
fold2_room1_mix1748,31,5,0,172,0,105.56
fold2_room1_mix1748,32,5,0,174,0,109.93
fold2_room1_mix1748,33,5,0,173,0,101.34
fold2_room1_mix1748,34,5,0,172,0,103.30
fold2_room1_mix1748,35,5,0,172,0,105.22
fold2_room1_mix1748,36,5,0,172,0,97.69
fold2_room1_mix1748,37,5,0,172,0,100.29
fold2_room1_mix1748,38,5,0,171,0,101.94
fold2_room1_mix1748,39,5,0,171,0,94.85
fold2_room1_mix1748,40,5,0,171,0,96.29
fold2_room1_mix1748,41,5,0,170,0,92.65
fold2_room1_mix1748,42,5,0,169,0,88.77
fold2_room1_mix1748,43,5,0,169,0,86.91
fold2_room1_mix1748,44,5,0,169,0,88.41
fold2_room1_mix1748,45,5,0,168,0,85.67
fold2_room1_mix1748,46,5,0,157,0,24.85
fold2_room1_mix1748,46,5,0,173,0,112.17
fold2_room1_mix1748,47,5,0,153,0,22.39
fold2_room1_mix1748,47,5,0,172,0,112.93
fold2_room1_mix1748,48,5,0,151,0,19.93
fold2_room1_mix1748,48,5,0,172,0,112.66
fold2_room1_mix1748,49,5,0,150,-1,18.07
fold2_room1_mix1748,49,5,0,172,0,106.61
fold2_room1_mix1748,50,5,0,144,-1,14.98
fold2_room1_mix1748,50,5,0,172,0,105.63
fold2_room1_mix1748,51,5,0,139,-1,12.89
fold2_room1_mix1748,51,5,0,173,0,107.51
fold2_room1_mix1748,52,5,0,134,-1,11.08
fold2_room1_mix1748,52,5,0,173,0,105.63
fold2_room1_mix1748,53,5,0,128,-2,9.94
fold2_room1_mix1748,53,5,0,174,0,104.20
fold2_room1_mix1748,54,5,0,113,-2,7.95
fold2_room1_mix1748,54,5,0,174,0,99.37
fold2_room1_mix1748,55,5,0,107,-2,7.81
fold2_room1_mix1748,55,5,0,174,0,98.90
fold2_room1_mix1748,56,5,0,87,-2,7.03
fold2_room1_mix1748,56,5,0,174,0,97.86
fold2_room1_mix1748,57,5,0,71,-3,7.34
fold2_room1_mix1748,57,5,0,174,0,102.83
fold2_room1_mix1748,58,5,0,59,-2,7.77
fold2_room1_mix1748,58,5,0,174,0,97.90
fold2_room1_mix1748,59,5,0,50,-2,8.73
fold2_room1_mix1748,59,5,0,174,0,97.97
fold2_room1_mix1748,60,5,0,46,-1,9.56
fold2_room1_mix1748,60,5,0,174,0,96.07
fold2_room1_mix1748,61,5,0,42,-1,10.52
fold2_room1_mix1748,61,5,0,174,0,96.09
fold2_room1_mix1748,62,5,0,34,-1,12.27
fold2_room1_mix1748,62,5,0,173,0,89.37
fold2_room1_mix1748,63,5,0,31,-1,13.88
fold2_room1_mix1748,63,5,0,173,0,88.32
fold2_room1_mix1748,64,5,0,27,-1,15.54
fold2_room1_mix1748,64,5,0,173,0,82.82
fold2_room1_mix1748,65,5,0,30,-1,14.97
fold2_room1_mix1748,65,5,0,172,0,87.12
fold2_room1_mix1748,66,5,0,25,-1,18.00
fold2_room1_mix1748,66,5,0,173,0,85.74
fold2_room1_mix1748,67,5,0,24,0,19.86
fold2_room1_mix1748,67,5,0,173,0,84.81
fold2_room1_mix1748,68,5,0,24,0,20.00
fold2_room1_mix1748,68,5,0,172,0,86.31
fold2_room1_mix1748,69,5,0,26,0,18.84
fold2_room1_mix1748,69,5,0,173,0,91.65
fold2_room1_mix1748,70,5,0,21,0,22.26
fold2_room1_mix1748,70,5,0,172,0,86.34
fold2_room1_mix1748,71,5,0,21,0,23.62
fold2_room1_mix1748,71,5,0,172,0,86.90
fold2_room1_mix1748,72,5,0,20,0,23.37
fold2_room1_mix1748,72,5,0,171,0,83.59
fold2_room1_mix1748,73,5,0,19,0,26.33
fold2_room1_mix1748,73,5,0,170,0,78.03
fold2_room1_mix1748,74,5,0,16,0,29.48
fold2_room1_mix1748,74,5,0,167,0,67.05
fold2_room1_mix1748,75,5,0,15,0,32.11
fold2_room1_mix1748,75,5,0,166,0,65.33
fold2_room1_mix1748,76,5,0,14,0,36.74
fold2_room1_mix1748,76,5,0,154,0,25.46
fold2_room1_mix1748,76,5,0,172,0,88.53
fold2_room1_mix1748,77,5,0,13,0,39.74
fold2_room1_mix1748,77,5,0,156,0,26.77
fold2_room1_mix1748,77,5,0,173,0,95.89
fold2_room1_mix1748,78,5,0,13,0,41.01
fold2_room1_mix1748,78,5,0,156,0,27.59
fold2_room1_mix1748,78,5,0,173,0,99.05
fold2_room1_mix1748,79,5,0,13,0,41.35
fold2_room1_mix1748,79,5,0,166,0,68.83
fold2_room1_mix1748,80,5,0,12,0,41.11
fold2_room1_mix1748,80,5,0,158,0,28.15
fold2_room1_mix1748,80,5,0,173,0,101.71
fold2_room1_mix1748,81,5,0,12,0,39.84
fold2_room1_mix1748,81,5,0,167,0,69.58
fold2_room1_mix1748,82,5,0,13,0,42.52
fold2_room1_mix1748,82,5,0,157,0,27.43
fold2_room1_mix1748,82,5,0,173,0,102.29
fold2_room1_mix1748,83,5,0,11,0,44.60
fold2_room1_mix1748,83,5,0,165,0,63.96
fold2_room1_mix1748,84,5,0,11,0,45.73
fold2_room1_mix1748,84,5,0,151,0,22.50
fold2_room1_mix1748,84,5,0,172,0,88.84
fold2_room1_mix1748,85,5,0,10,0,48.20
fold2_room1_mix1748,85,5,0,144,0,18.97
fold2_room1_mix1748,85,5,0,171,0,80.05
fold2_room1_mix1748,86,5,0,10,0,55.66
fold2_room1_mix1748,86,5,0,123,-1,14.26
fold2_room1_mix1748,86,5,0,169,0,65.59
fold2_room1_mix1748,87,5,0,10,0,56.85
fold2_room1_mix1748,87,5,0,118,-1,13.98
fold2_room1_mix1748,87,5,0,169,0,64.57
fold2_room1_mix1748,88,5,0,9,0,61.56
fold2_room1_mix1748,88,5,0,120,-1,14.25
fold2_room1_mix1748,88,5,0,170,0,68.88
fold2_room1_mix1748,89,5,0,9,0,64.20
fold2_room1_mix1748,89,5,0,119,-1,13.97
fold2_room1_mix1748,89,5,0,170,0,69.28
fold2_room1_mix1748,90,5,0,10,0,65.28
fold2_room1_mix1748,90,5,0,117,-1,14.32
fold2_room1_mix1748,90,5,0,170,0,71.62
fold2_room1_mix1748,91,5,0,10,0,68.45
fold2_room1_mix1748,91,5,0,101,-1,13.76
fold2_room1_mix1748,91,5,0,170,0,68.99
fold2_room1_mix1748,92,5,0,9,0,62.62
fold2_room1_mix1748,92,5,0,141,0,18.10
fold2_room1_mix1748,92,5,0,173,0,89.70
fold2_room1_mix1748,93,5,0,9,0,62.42
fold2_room1_mix1748,93,5,0,133,-1,16.13
fold2_room1_mix1748,93,5,0,171,0,75.05
fold2_room1_mix1748,94,5,0,8,0,65.46
fold2_room1_mix1748,94,5,0,124,-1,14.40
fold2_room1_mix1748,94,5,0,171,0,73.04
fold2_room1_mix1748,95,5,0,9,0,67.27
fold2_room1_mix1748,95,5,0,101,-1,13.44
fold2_room1_mix1748,95,5,0,169,0,63.62
fold2_room1_mix1748,96,5,0,9,0,72.51
fold2_room1_mix1748,96,5,0,73,-2,14.19
fold2_room1_mix1748,96,5,0,168,0,58.10
fold2_room1_mix1748,97,5,0,9,0,71.06
fold2_room1_mix1748,97,5,0,59,-1,14.08
fold2_room1_mix1748,97,5,0,167,0,49.41
fold2_room1_mix1748,98,5,0,9,0,71.51
fold2_room1_mix1748,98,5,0,73,-1,12.70
fold2_room1_mix1748,98,5,0,168,0,61.07
fold2_room1_mix1748,99,5,0,9,0,81.78
fold2_room1_mix1748,99,5,0,50,-1,14.34
fold2_room1_mix1748,99,5,0,167,0,56.41
fold2_room1_mix1749,6,5,0,-1,0,25.33
fold2_room1_mix1749,7,5,0,0,0,42.10
fold2_room1_mix1749,8,5,0,0,0,55.87
fold2_room1_mix1749,9,5,0,-3,0,90.06
fold2_room1_mix1749,10,5,0,-1,0,99.06
fold2_room1_mix1749,11,5,0,-1,0,97.56
fold2_room1_mix1749,12,5,0,-1,0,94.92
fold2_room1_mix1749,13,5,0,-1,0,97.16
fold2_room1_mix1749,14,5,0,0,0,99.70
fold2_room1_mix1749,15,5,0,-1,0,99.12
fold2_room1_mix1749,16,5,0,-1,0,105.74
fold2_room1_mix1749,17,5,0,-1,0,103.18
fold2_room1_mix1749,18,5,0,-1,0,101.89
fold2_room1_mix1749,19,5,0,-2,0,104.64
fold2_room1_mix1749,20,5,0,-2,0,104.36
fold2_room1_mix1749,21,5,0,-3,0,107.82
fold2_room1_mix1749,22,5,0,-3,0,109.39
fold2_room1_mix1749,23,5,0,-3,0,105.09
fold2_room1_mix1749,24,5,0,-2,0,106.52
fold2_room1_mix1749,25,5,0,-3,0,106.25
fold2_room1_mix1749,26,5,0,-4,0,105.94
fold2_room1_mix1749,27,5,0,-5,0,105.19
fold2_room1_mix1749,28,5,0,-4,0,108.81
fold2_room1_mix1749,29,5,0,-3,0,108.78
fold2_room1_mix1749,30,5,0,-4,0,104.00
fold2_room1_mix1749,31,5,0,-4,0,104.89
fold2_room1_mix1749,32,5,0,-4,0,104.01
fold2_room1_mix1749,33,5,0,-4,0,101.64
fold2_room1_mix1749,34,5,0,-5,0,103.17
fold2_room1_mix1749,35,5,0,-4,0,103.40
fold2_room1_mix1749,36,5,0,-5,0,99.17
fold2_room1_mix1749,37,5,0,-5,0,99.13
fold2_room1_mix1749,38,5,0,-5,0,97.39
fold2_room1_mix1749,39,5,0,-5,0,92.80
fold2_room1_mix1749,40,5,0,-6,0,90.93
fold2_room1_mix1749,41,5,0,-6,0,91.47
fold2_room1_mix1749,42,5,0,-6,0,89.22
fold2_room1_mix1749,43,5,0,-6,0,87.26
fold2_room1_mix1749,44,5,0,-7,0,84.32
fold2_room1_mix1749,45,5,0,-7,0,84.73
fold2_room1_mix1749,46,5,0,-7,0,79.56
fold2_room1_mix1749,47,5,0,-8,0,77.14
fold2_room1_mix1749,48,5,0,-8,0,73.72
fold2_room1_mix1749,49,5,0,-3,0,98.32
fold2_room1_mix1749,49,5,0,-20,0,21.38
fold2_room1_mix1749,50,5,0,-3,0,97.75
fold2_room1_mix1749,50,5,0,-20,0,21.60
fold2_room1_mix1749,51,5,0,-3,0,94.78
fold2_room1_mix1749,51,5,0,-20,0,21.33
fold2_room1_mix1749,52,5,0,-3,0,89.98
fold2_room1_mix1749,52,5,0,-22,0,18.20
fold2_room1_mix1749,53,5,0,-3,0,87.79
fold2_room1_mix1749,53,5,0,-23,0,16.78
fold2_room1_mix1749,54,5,0,-3,0,87.20
fold2_room1_mix1749,54,5,0,-24,0,15.79
fold2_room1_mix1749,55,5,0,-3,0,86.66
fold2_room1_mix1749,55,5,0,-26,0,15.12
fold2_room1_mix1749,56,5,0,-4,0,85.94
fold2_room1_mix1749,56,5,0,-28,0,13.59
fold2_room1_mix1749,57,5,0,-3,0,83.67
fold2_room1_mix1749,57,5,0,-33,0,12.53
fold2_room1_mix1749,58,5,0,-3,0,85.61
fold2_room1_mix1749,58,5,0,-40,0,11.21
fold2_room1_mix1749,59,5,0,-4,0,84.44
fold2_room1_mix1749,59,5,0,-45,0,10.09
fold2_room1_mix1749,60,5,0,-4,0,84.72
fold2_room1_mix1749,60,5,0,-57,-1,8.68
fold2_room1_mix1749,61,5,0,-5,0,84.20
fold2_room1_mix1749,61,5,0,-67,-1,8.00
fold2_room1_mix1749,62,5,0,-5,0,83.45
fold2_room1_mix1749,62,5,0,-82,-1,7.64
fold2_room1_mix1749,63,5,0,-5,0,82.49
fold2_room1_mix1749,63,5,0,-100,-1,8.06
fold2_room1_mix1749,64,5,0,-5,0,81.61
fold2_room1_mix1749,64,5,0,-116,-1,8.81
fold2_room1_mix1749,65,5,0,-6,0,76.77
fold2_room1_mix1749,65,5,0,-124,0,10.06
fold2_room1_mix1749,66,5,0,-6,0,75.85
fold2_room1_mix1749,66,5,0,-131,0,10.43
fold2_room1_mix1749,67,5,0,-6,0,73.24
fold2_room1_mix1749,67,5,0,-137,0,11.55
fold2_room1_mix1749,68,5,0,-7,0,63.63
fold2_room1_mix1749,68,5,0,-144,0,13.70
fold2_room1_mix1749,69,5,0,-7,0,58.57
fold2_room1_mix1749,69,5,0,-148,0,14.55
fold2_room1_mix1749,70,5,0,-8,0,59.60
fold2_room1_mix1749,70,5,0,-149,0,15.68
fold2_room1_mix1749,71,5,0,-8,0,58.01
fold2_room1_mix1749,71,5,0,-152,0,17.93
fold2_room1_mix1749,72,5,0,-8,0,57.63
fold2_room1_mix1749,72,5,0,-156,0,19.43
fold2_room1_mix1749,73,5,0,-9,0,57.15
fold2_room1_mix1749,73,5,0,-156,0,20.76
fold2_room1_mix1749,74,5,0,-8,0,56.17
fold2_room1_mix1749,74,5,0,-161,0,24.84
fold2_room1_mix1749,75,5,0,-8,0,57.44
fold2_room1_mix1749,75,5,0,-161,0,25.29
fold2_room1_mix1749,76,5,0,-8,0,58.67
fold2_room1_mix1749,76,5,0,-161,0,25.47
fold2_room1_mix1749,77,5,0,-10,0,51.11
fold2_room1_mix1749,77,5,0,-163,0,31.70
fold2_room1_mix1749,78,5,0,-9,0,54.18
fold2_room1_mix1749,78,5,0,-162,0,30.03
fold2_room1_mix1749,79,5,0,-4,0,68.38
fold2_room1_mix1749,79,5,0,-21,0,24.20
fold2_room1_mix1749,79,5,0,-164,0,36.38
fold2_room1_mix1749,80,5,0,-5,0,68.17
fold2_room1_mix1749,80,5,0,-23,0,23.19
fold2_room1_mix1749,80,5,0,-165,0,39.25
fold2_room1_mix1749,81,5,0,-6,0,61.35
fold2_room1_mix1749,81,5,0,-30,0,18.89
fold2_room1_mix1749,81,5,0,-167,0,44.75
fold2_room1_mix1749,82,5,0,-6,0,62.36
fold2_room1_mix1749,82,5,0,-28,0,20.59
fold2_room1_mix1749,82,5,0,-167,0,43.82
fold2_room1_mix1749,83,5,0,-9,0,50.11
fold2_room1_mix1749,83,5,0,-45,0,14.76
fold2_room1_mix1749,83,5,0,-167,0,49.05
fold2_room1_mix1749,84,5,0,-7,0,61.02
fold2_room1_mix1749,84,5,0,-31,0,18.88
fold2_room1_mix1749,84,5,0,-166,0,44.88
fold2_room1_mix1749,85,5,0,-8,0,55.64
fold2_room1_mix1749,85,5,0,-39,0,15.41
fold2_room1_mix1749,85,5,0,-168,0,50.53
fold2_room1_mix1749,86,5,0,-7,0,63.49
fold2_room1_mix1749,86,5,0,-33,0,18.25
fold2_room1_mix1749,86,5,0,-168,0,49.61
fold2_room1_mix1749,87,5,0,-6,0,71.67
fold2_room1_mix1749,87,5,0,-31,0,20.23
fold2_room1_mix1749,87,5,0,-167,0,51.04
fold2_room1_mix1749,88,5,0,-4,0,77.45
fold2_room1_mix1749,88,5,0,-24,0,23.96
fold2_room1_mix1749,88,5,0,-167,0,45.81
fold2_room1_mix1749,89,5,0,-5,0,75.59
fold2_room1_mix1749,89,5,0,-28,0,21.81
fold2_room1_mix1749,89,5,0,-168,0,52.74
fold2_room1_mix1749,90,5,0,-4,0,79.75
fold2_room1_mix1749,90,5,0,-25,0,23.13
fold2_room1_mix1749,90,5,0,-167,0,49.38
fold2_room1_mix1749,91,5,0,-4,0,72.41
fold2_room1_mix1749,91,5,0,-32,0,19.56
fold2_room1_mix1749,91,5,0,-168,0,52.69
fold2_room1_mix1749,92,5,0,-4,0,75.73
fold2_room1_mix1749,92,5,0,-33,0,18.70
fold2_room1_mix1749,92,5,0,-169,0,57.39
fold2_room1_mix1749,93,5,0,-6,0,75.36
fold2_room1_mix1749,93,5,0,-40,0,17.94
fold2_room1_mix1749,93,5,0,-170,0,63.27
fold2_room1_mix1749,94,5,0,-6,0,74.91
fold2_room1_mix1749,94,5,0,-33,0,19.90
fold2_room1_mix1749,94,5,0,-169,0,59.57
fold2_room1_mix1749,95,5,0,-9,0,55.95
fold2_room1_mix1749,95,5,0,-66,-1,13.27
fold2_room1_mix1749,95,5,0,-171,0,67.22
fold2_room1_mix1749,96,5,0,-8,0,58.54
fold2_room1_mix1749,96,5,0,-65,-1,13.69
fold2_room1_mix1749,96,5,0,-171,0,67.43
fold2_room1_mix1749,97,5,0,-8,0,58.68
fold2_room1_mix1749,97,5,0,-66,-1,13.73
fold2_room1_mix1749,97,5,0,-172,0,67.43
fold2_room1_mix1749,98,5,0,-7,0,58.34
fold2_room1_mix1749,98,5,0,-71,-1,13.31
fold2_room1_mix1749,98,5,0,-173,0,71.44
fold2_room1_mix1749,99,5,0,-9,0,47.16
fold2_room1_mix1749,99,5,0,-113,-1,12.91
fold2_room1_mix1749,99,5,0,-174,0,71.59
fold2_room1_mix1750,3,0,0,-2,0,13.83
fold2_room1_mix1750,5,5,0,-3,0,30.64
fold2_room1_mix1750,6,5,0,-5,0,41.23
fold2_room1_mix1750,7,5,0,-5,0,69.70
fold2_room1_mix1750,8,5,0,-5,0,92.15
fold2_room1_mix1750,9,5,0,-5,0,92.40
fold2_room1_mix1750,10,5,0,-6,0,88.00
fold2_room1_mix1750,11,5,0,-6,0,86.96
fold2_room1_mix1750,12,5,0,-6,0,83.83
fold2_room1_mix1750,13,5,0,-4,0,69.70
fold2_room1_mix1750,14,5,0,-7,0,72.53
fold2_room1_mix1750,15,5,0,-6,0,78.48
fold2_room1_mix1750,16,5,0,-6,0,75.44
fold2_room1_mix1750,17,5,0,-6,0,67.77
fold2_room1_mix1750,18,5,0,-7,0,71.94
fold2_room1_mix1750,19,5,0,-8,0,71.77
fold2_room1_mix1750,20,5,0,-8,0,71.33
fold2_room1_mix1750,21,5,0,-7,0,75.31
fold2_room1_mix1750,22,5,0,-8,0,72.10
fold2_room1_mix1750,23,5,0,-7,0,72.16
fold2_room1_mix1750,24,5,0,-6,0,77.82
fold2_room1_mix1750,25,5,0,-8,0,73.92
fold2_room1_mix1750,26,5,0,-8,0,73.95
fold2_room1_mix1750,27,5,0,-7,0,78.09
fold2_room1_mix1750,28,5,0,-7,0,75.19
fold2_room1_mix1750,29,5,0,-8,0,72.52
fold2_room1_mix1750,30,5,0,-8,0,71.10
fold2_room1_mix1750,31,5,0,-8,0,71.38
fold2_room1_mix1750,32,5,0,-8,0,69.01
fold2_room1_mix1750,33,5,0,-9,0,66.75
fold2_room1_mix1750,34,5,0,-4,0,87.80
fold2_room1_mix1750,34,5,0,-21,0,22.36
fold2_room1_mix1750,35,5,0,-4,0,87.13
fold2_room1_mix1750,35,5,0,-21,0,21.44
fold2_room1_mix1750,36,5,0,-4,0,85.47
fold2_room1_mix1750,36,5,0,-22,0,19.87
fold2_room1_mix1750,37,5,0,-4,0,85.72
fold2_room1_mix1750,37,5,0,-22,0,19.46
fold2_room1_mix1750,38,5,0,-4,0,81.98
fold2_room1_mix1750,38,5,0,-22,0,18.83
fold2_room1_mix1750,39,5,0,-4,0,78.27
fold2_room1_mix1750,39,5,0,-24,0,17.69
fold2_room1_mix1750,40,5,0,-4,0,79.96
fold2_room1_mix1750,40,5,0,-24,0,17.32
fold2_room1_mix1750,41,5,0,-4,0,76.23
fold2_room1_mix1750,41,5,0,-25,0,16.07
fold2_room1_mix1750,42,5,0,-4,0,76.24
fold2_room1_mix1750,42,5,0,-24,0,16.19
fold2_room1_mix1750,43,5,0,-3,0,77.35
fold2_room1_mix1750,43,5,0,-27,0,14.66
fold2_room1_mix1750,44,5,0,-3,0,76.72
fold2_room1_mix1750,44,5,0,-28,0,13.86
fold2_room1_mix1750,45,5,0,-3,0,75.33
fold2_room1_mix1750,45,5,0,-33,0,12.75
fold2_room1_mix1750,46,5,0,-4,0,77.36
fold2_room1_mix1750,46,5,0,-40,0,11.67
fold2_room1_mix1750,47,5,0,-4,0,75.63
fold2_room1_mix1750,47,5,0,-45,0,10.53
fold2_room1_mix1750,48,5,0,-5,0,74.25
fold2_room1_mix1750,48,5,0,-51,0,9.70
fold2_room1_mix1750,49,5,0,-7,0,72.47
fold2_room1_mix1750,49,5,0,-70,0,8.34
fold2_room1_mix1750,50,5,0,-7,0,76.34
fold2_room1_mix1750,50,5,0,-88,-1,8.25
fold2_room1_mix1750,51,5,0,-8,0,66.02
fold2_room1_mix1750,51,5,0,-95,0,8.06
fold2_room1_mix1750,52,5,0,-7,0,66.51
fold2_room1_mix1750,52,5,0,-124,0,10.19
fold2_room1_mix1750,53,5,0,-8,0,65.31
fold2_room1_mix1750,53,5,0,-130,0,10.85
fold2_room1_mix1750,54,5,0,-8,0,64.97
fold2_room1_mix1750,54,5,0,-130,0,10.95
fold2_room1_mix1750,55,5,0,-9,0,57.85
fold2_room1_mix1750,55,5,0,-137,0,12.18
fold2_room1_mix1750,56,5,0,-8,0,64.10
fold2_room1_mix1750,56,5,0,-139,0,12.76
fold2_room1_mix1750,57,5,0,-9,0,59.98
fold2_room1_mix1750,57,5,0,-143,0,13.51
fold2_room1_mix1750,58,5,0,-8,0,61.61
fold2_room1_mix1750,58,5,0,-146,0,14.89
fold2_room1_mix1750,59,5,0,-9,0,59.31
fold2_room1_mix1750,59,5,0,-149,0,16.06
fold2_room1_mix1750,60,5,0,-10,0,55.87
fold2_room1_mix1750,60,5,0,-149,0,17.52
fold2_room1_mix1750,61,5,0,-10,0,55.27
fold2_room1_mix1750,61,5,0,-151,0,18.62
fold2_room1_mix1750,62,5,0,-10,0,52.72
fold2_room1_mix1750,62,5,0,-153,0,19.96
fold2_room1_mix1750,63,5,0,-10,0,54.45
fold2_room1_mix1750,63,5,0,-154,0,20.65
fold2_room1_mix1750,64,5,0,-11,0,48.51
fold2_room1_mix1750,64,5,0,-156,0,21.62
fold2_room1_mix1750,65,5,0,-13,0,44.02
fold2_room1_mix1750,65,5,0,-158,0,25.45
fold2_room1_mix1750,66,5,0,-8,1,57.74
fold2_room1_mix1750,66,5,0,-24,0,22.78
fold2_room1_mix1750,66,5,0,-160,0,28.88
fold2_room1_mix1750,67,5,0,-8,0,56.32
fold2_room1_mix1750,67,5,0,-25,0,21.12
fold2_room1_mix1750,67,5,0,-162,0,31.32
fold2_room1_mix1750,68,5,0,-8,1,57.64
fold2_room1_mix1750,68,5,0,-26,0,21.59
fold2_room1_mix1750,68,5,0,-162,0,30.97
fold2_room1_mix1750,69,5,0,-9,1,54.52
fold2_room1_mix1750,69,5,0,-33,0,18.58
fold2_room1_mix1750,69,5,0,-162,0,36.55
fold2_room1_mix1750,70,5,0,-8,1,57.48
fold2_room1_mix1750,70,5,0,-26,0,21.61
fold2_room1_mix1750,70,5,0,-161,0,31.08
fold2_room1_mix1750,71,5,0,-7,1,58.36
fold2_room1_mix1750,71,5,0,-26,0,20.95
fold2_room1_mix1750,71,5,0,-163,0,34.71
fold2_room1_mix1750,72,5,0,-8,1,55.05
fold2_room1_mix1750,72,5,0,-31,0,18.02
fold2_room1_mix1750,72,5,0,-163,0,38.35
fold2_room1_mix1750,73,5,0,-10,0,50.61
fold2_room1_mix1750,73,5,0,-41,0,15.13
fold2_room1_mix1750,73,5,0,-166,0,44.49
fold2_room1_mix1750,74,5,0,-11,0,47.63
fold2_room1_mix1750,74,5,0,-46,0,14.19
fold2_room1_mix1750,74,5,0,-166,0,44.97
fold2_room1_mix1750,75,5,0,-12,0,45.21
fold2_room1_mix1750,75,5,0,-54,0,13.45
fold2_room1_mix1750,75,5,0,-166,0,47.98
fold2_room1_mix1750,76,5,0,-12,0,46.54
fold2_room1_mix1750,76,5,0,-53,0,13.33
fold2_room1_mix1750,76,5,0,-166,0,47.51
fold2_room1_mix1750,77,5,0,-12,0,48.03
fold2_room1_mix1750,77,5,0,-51,0,13.48
fold2_room1_mix1750,77,5,0,-166,0,49.73
fold2_room1_mix1750,78,5,0,-13,0,40.47
fold2_room1_mix1750,78,5,0,-77,0,11.17
fold2_room1_mix1750,78,5,0,-167,0,49.46
fold2_room1_mix1750,79,5,0,-13,0,38.72
fold2_room1_mix1750,79,5,0,-96,0,10.56
fold2_room1_mix1750,79,5,0,-168,0,50.52
fold2_room1_mix1750,80,5,0,-15,0,33.87
fold2_room1_mix1750,80,5,0,-103,0,10.50
fold2_room1_mix1750,80,5,0,-168,0,46.96
fold2_room1_mix1750,81,5,0,-12,0,41.87
fold2_room1_mix1750,81,5,0,-88,0,10.75
fold2_room1_mix1750,81,5,0,-170,0,52.73
fold2_room1_mix1750,82,5,0,-14,0,32.17
fold2_room1_mix1750,82,5,0,-122,0,11.85
fold2_room1_mix1750,82,5,0,-170,0,52.54
fold2_room1_mix1750,83,5,0,-13,0,34.78
fold2_room1_mix1750,83,5,0,-110,0,11.45
fold2_room1_mix1750,83,5,0,-170,0,53.06
fold2_room1_mix1750,84,5,0,-24,0,20.04
fold2_room1_mix1750,84,5,0,-141,0,13.91
fold2_room1_mix1750,84,5,0,-170,0,53.15
fold2_room1_mix1750,85,5,0,-18,0,23.75
fold2_room1_mix1750,85,5,0,-139,0,14.29
fold2_room1_mix1750,85,5,0,-169,0,57.46
fold2_room1_mix1750,86,5,0,-33,0,14.92
fold2_room1_mix1750,86,5,0,-148,0,16.22
fold2_room1_mix1750,86,5,0,-169,0,58.56
fold2_room1_mix1750,87,5,0,-56,0,9.34
fold2_room1_mix1750,87,5,0,-156,0,18.94
fold2_room1_mix1750,87,5,0,-171,0,63.19
fold2_room1_mix1750,88,5,0,-65,0,8.15
fold2_room1_mix1750,88,5,0,-157,0,19.62
fold2_room1_mix1750,88,5,0,-173,0,65.18
fold2_room1_mix1750,89,5,0,-79,0,7.47
fold2_room1_mix1750,89,5,0,-166,0,43.85
fold2_room1_mix1750,90,5,0,-88,-1,6.77
fold2_room1_mix1750,90,5,0,-168,0,45.60
fold2_room1_mix1750,91,5,0,-105,-1,7.35
fold2_room1_mix1750,91,5,0,-169,0,50.84
fold2_room1_mix1750,92,5,0,-107,-1,6.82
fold2_room1_mix1750,92,5,0,-167,0,47.74
fold2_room1_mix1750,93,5,0,-114,0,7.21
fold2_room1_mix1750,93,5,0,-168,0,48.18
fold2_room1_mix1750,94,5,0,-119,-1,7.85
fold2_room1_mix1750,94,5,0,-168,0,50.47
fold2_room1_mix1750,95,5,0,-126,-1,8.95
fold2_room1_mix1750,95,5,0,-168,0,52.49
fold2_room1_mix1750,96,5,0,-130,0,9.43
fold2_room1_mix1750,96,5,0,-168,0,49.46
fold2_room1_mix1750,97,5,0,-131,0,9.62
fold2_room1_mix1750,97,5,0,-168,0,51.28
fold2_room1_mix1750,98,5,0,-133,0,10.63
fold2_room1_mix1750,98,5,0,-168,0,52.36
fold2_room1_mix1750,99,5,0,-137,0,11.32
fold2_room1_mix1750,99,5,0,-168,0,53.21
fold2_room1_mix1751,5,5,0,178,2,8.79
fold2_room1_mix1751,6,5,0,177,1,29.44
fold2_room1_mix1751,7,5,0,177,0,49.10
fold2_room1_mix1751,8,5,0,-179,0,84.41
fold2_room1_mix1751,9,5,0,178,0,104.01
fold2_room1_mix1751,10,5,0,179,0,102.39
fold2_room1_mix1751,11,5,0,178,0,105.39
fold2_room1_mix1751,12,5,0,179,0,100.46
fold2_room1_mix1751,13,5,0,179,0,101.77
fold2_room1_mix1751,14,5,0,-179,0,99.25
fold2_room1_mix1751,15,5,0,-179,0,102.43
fold2_room1_mix1751,16,5,0,179,0,104.87
fold2_room1_mix1751,17,5,0,-179,0,99.24
fold2_room1_mix1751,18,5,0,-179,0,105.09
fold2_room1_mix1751,19,5,0,179,0,108.65
fold2_room1_mix1751,20,5,0,179,0,98.95
fold2_room1_mix1751,21,5,0,-179,0,103.18
fold2_room1_mix1751,22,5,0,179,0,102.23
fold2_room1_mix1751,23,5,0,179,0,95.50
fold2_room1_mix1751,24,5,0,179,0,94.57
fold2_room1_mix1751,25,5,0,-179,0,94.89
fold2_room1_mix1751,26,5,0,-179,0,90.30
fold2_room1_mix1751,27,5,0,-179,0,94.01
fold2_room1_mix1751,28,5,0,-178,0,92.99
fold2_room1_mix1751,29,5,0,-179,0,90.17
fold2_room1_mix1751,30,5,0,179,0,91.55
fold2_room1_mix1751,31,5,0,-179,0,91.64
fold2_room1_mix1751,32,5,0,-178,0,91.40
fold2_room1_mix1751,33,5,0,-179,0,89.19
fold2_room1_mix1751,34,5,0,-178,0,90.33
fold2_room1_mix1751,35,5,0,-178,0,88.82
fold2_room1_mix1751,36,5,0,-178,0,86.71
fold2_room1_mix1751,37,5,0,-177,0,85.62
fold2_room1_mix1751,38,5,0,-176,0,81.68
fold2_room1_mix1751,39,5,0,-174,0,80.22
fold2_room1_mix1751,40,5,0,-173,0,77.08
fold2_room1_mix1751,41,5,0,-173,0,77.35
fold2_room1_mix1751,42,5,0,-172,0,73.51
fold2_room1_mix1751,43,5,0,-172,0,75.43
fold2_room1_mix1751,44,5,0,-171,0,74.30
fold2_room1_mix1751,45,5,0,-171,0,69.06
fold2_room1_mix1751,46,5,0,-171,0,71.01
fold2_room1_mix1751,47,5,0,-158,0,17.39
fold2_room1_mix1751,47,5,0,-175,0,92.97
fold2_room1_mix1751,48,5,0,-155,0,15.28
fold2_room1_mix1751,48,5,0,-175,0,88.05
fold2_room1_mix1751,49,5,0,-149,-1,12.46
fold2_room1_mix1751,49,5,0,-175,0,92.03
fold2_room1_mix1751,50,5,0,-143,-1,10.06
fold2_room1_mix1751,50,5,0,-176,0,87.68
fold2_room1_mix1751,51,5,0,-130,-1,7.40
fold2_room1_mix1751,51,5,0,-175,0,82.70
fold2_room1_mix1751,52,5,0,-122,-2,6.17
fold2_room1_mix1751,52,5,0,-175,0,84.18
fold2_room1_mix1751,53,5,0,-102,-2,5.45
fold2_room1_mix1751,53,5,0,-175,0,83.64
fold2_room1_mix1751,54,5,0,-78,-2,5.83
fold2_room1_mix1751,54,5,0,-175,0,81.93
fold2_room1_mix1751,55,5,0,-61,-2,6.02
fold2_room1_mix1751,55,5,0,-175,0,82.80
fold2_room1_mix1751,56,5,0,-48,-2,7.06
fold2_room1_mix1751,56,5,0,-175,0,82.46
fold2_room1_mix1751,57,5,0,-41,-1,8.06
fold2_room1_mix1751,57,5,0,-175,0,79.46
fold2_room1_mix1751,58,5,0,-34,-1,9.31
fold2_room1_mix1751,58,5,0,-175,0,76.38
fold2_room1_mix1751,59,5,0,-30,-1,10.44
fold2_room1_mix1751,59,5,0,-174,0,70.37
fold2_room1_mix1751,60,5,0,-20,-1,12.02
fold2_room1_mix1751,60,5,0,-175,0,71.09
fold2_room1_mix1751,61,5,0,-20,-1,12.72
fold2_room1_mix1751,61,5,0,-174,0,67.43
fold2_room1_mix1751,62,5,0,-15,0,15.51
fold2_room1_mix1751,62,5,0,-174,0,66.35
fold2_room1_mix1751,63,5,0,-15,-1,15.38
fold2_room1_mix1751,63,5,0,-175,0,72.35
fold2_room1_mix1751,64,5,0,-11,0,18.77
fold2_room1_mix1751,64,5,0,-172,0,59.67
fold2_room1_mix1751,65,5,0,-12,0,20.76
fold2_room1_mix1751,65,5,0,-172,0,63.77
fold2_room1_mix1751,66,5,0,-13,0,21.19
fold2_room1_mix1751,66,5,0,-171,0,59.18
fold2_room1_mix1751,67,5,0,-13,0,21.57
fold2_room1_mix1751,67,5,0,-169,0,56.07
fold2_room1_mix1751,68,5,0,-9,0,25.08
fold2_room1_mix1751,68,5,0,-162,0,26.08
fold2_room1_mix1751,68,5,0,-177,0,81.57
fold2_room1_mix1751,69,5,0,-8,0,27.27
fold2_room1_mix1751,69,5,0,-157,0,20.82
fold2_room1_mix1751,69,5,0,-176,0,71.53
fold2_room1_mix1751,70,5,0,-11,0,25.47
fold2_room1_mix1751,70,5,0,-159,0,23.41
fold2_room1_mix1751,70,5,0,-176,0,77.79
fold2_room1_mix1751,71,5,0,-9,0,27.33
fold2_room1_mix1751,71,5,0,-152,0,16.76
fold2_room1_mix1751,71,5,0,-174,0,63.24
fold2_room1_mix1751,72,5,0,-7,0,32.39
fold2_room1_mix1751,72,5,0,-151,0,16.86
fold2_room1_mix1751,72,5,0,-176,0,68.85
fold2_room1_mix1751,73,5,0,-6,0,32.18
fold2_room1_mix1751,73,5,0,-155,0,18.11
fold2_room1_mix1751,73,5,0,-177,0,74.72
fold2_room1_mix1751,74,5,0,-7,0,35.36
fold2_room1_mix1751,74,5,0,-144,-1,13.34
fold2_room1_mix1751,74,5,0,-175,0,60.66
fold2_room1_mix1751,75,5,0,-6,0,41.10
fold2_room1_mix1751,75,5,0,-141,-1,12.54
fold2_room1_mix1751,75,5,0,-175,0,63.01
fold2_room1_mix1751,76,5,0,-6,0,40.46
fold2_room1_mix1751,76,5,0,-141,-1,13.34
fold2_room1_mix1751,76,5,0,-176,0,64.94
fold2_room1_mix1751,77,5,0,-5,0,39.88
fold2_room1_mix1751,77,5,0,-147,-1,15.08
fold2_room1_mix1751,77,5,0,-177,0,74.38
fold2_room1_mix1751,78,5,0,-4,0,41.26
fold2_room1_mix1751,78,5,0,-146,-1,14.74
fold2_room1_mix1751,78,5,0,-177,0,72.33
fold2_room1_mix1751,79,5,0,-5,0,44.60
fold2_room1_mix1751,79,5,0,-146,-1,14.87
fold2_room1_mix1751,79,5,0,-177,0,74.10
fold2_room1_mix1751,80,5,0,-5,0,42.55
fold2_room1_mix1751,80,5,0,-143,-1,13.84
fold2_room1_mix1751,80,5,0,-176,0,68.35
fold2_room1_mix1751,81,5,0,-2,0,46.05
fold2_room1_mix1751,81,5,0,-142,-1,13.03
fold2_room1_mix1751,81,5,0,-177,0,70.23
fold2_room1_mix1751,82,5,0,-4,0,49.80
fold2_room1_mix1751,82,5,0,-121,-1,9.92
fold2_room1_mix1751,82,5,0,-175,0,55.54
fold2_room1_mix1751,83,5,0,-4,0,50.05
fold2_room1_mix1751,83,5,0,-123,-1,9.63
fold2_room1_mix1751,83,5,0,-175,0,57.14
fold2_room1_mix1751,84,5,0,-2,0,51.04
fold2_room1_mix1751,84,5,0,-113,-1,9.16
fold2_room1_mix1751,84,5,0,-176,0,57.21
fold2_room1_mix1751,85,5,0,-2,0,53.47
fold2_room1_mix1751,85,5,0,-104,-1,9.18
fold2_room1_mix1751,85,5,0,-176,0,57.49
fold2_room1_mix1751,86,5,0,-3,0,56.00
fold2_room1_mix1751,86,5,0,-81,-2,8.96
fold2_room1_mix1751,86,5,0,-175,0,54.53
fold2_room1_mix1751,87,5,0,-2,0,58.81
fold2_room1_mix1751,87,5,0,-72,-2,9.50
fold2_room1_mix1751,87,5,0,-176,0,57.04
fold2_room1_mix1751,88,5,0,-2,0,60.62
fold2_room1_mix1751,88,5,0,-67,-1,9.67
fold2_room1_mix1751,88,5,0,-176,0,56.63
fold2_room1_mix1751,89,5,0,-2,0,61.27
fold2_room1_mix1751,89,5,0,-65,-2,9.83
fold2_room1_mix1751,89,5,0,-176,0,54.10
fold2_room1_mix1751,90,5,0,-4,0,60.54
fold2_room1_mix1751,90,5,0,-48,-1,10.99
fold2_room1_mix1751,90,5,0,-172,0,43.47
fold2_room1_mix1751,91,5,0,-4,0,60.33
fold2_room1_mix1751,91,5,0,-55,-1,10.27
fold2_room1_mix1751,91,5,0,-172,0,45.50
fold2_room1_mix1751,92,5,0,-2,0,63.84
fold2_room1_mix1751,92,5,0,-36,0,12.47
fold2_room1_mix1751,92,5,0,-169,0,36.06
fold2_room1_mix1751,93,5,0,-1,0,63.02
fold2_room1_mix1751,93,5,0,-50,-1,10.37
fold2_room1_mix1751,93,5,0,-174,0,48.72
fold2_room1_mix1751,94,5,0,-1,0,72.00
fold2_room1_mix1751,94,5,0,-43,-1,12.56
fold2_room1_mix1751,94,5,0,-174,0,49.49
fold2_room1_mix1751,95,5,0,-1,0,68.00
fold2_room1_mix1751,95,5,0,-48,-1,11.46
fold2_room1_mix1751,95,5,0,-175,0,51.68
fold2_room1_mix1751,96,5,0,0,0,74.51
fold2_room1_mix1751,96,5,0,-34,0,14.54
fold2_room1_mix1751,96,5,0,-172,0,45.67
fold2_room1_mix1751,97,5,0,0,0,78.37
fold2_room1_mix1751,97,5,0,-32,-1,14.77
fold2_room1_mix1751,97,5,0,-175,0,47.05
fold2_room1_mix1751,98,5,0,0,0,79.13
fold2_room1_mix1751,98,5,0,-22,0,18.70
fold2_room1_mix1751,98,5,0,-172,0,36.55
fold2_room1_mix1751,99,5,0,0,0,78.45
fold2_room1_mix1751,99,5,0,-20,0,18.48
fold2_room1_mix1751,99,5,0,-171,0,30.85
fold2_room1_mix1752,8,5,0,178,0,22.91
fold2_room1_mix1752,9,5,0,170,1,11.02
fold2_room1_mix1752,10,5,0,175,0,97.54
fold2_room1_mix1752,11,5,0,172,0,99.48
fold2_room1_mix1752,12,5,0,170,0,103.49
fold2_room1_mix1752,13,5,0,171,0,98.95
fold2_room1_mix1752,14,5,0,169,0,98.18
fold2_room1_mix1752,15,5,0,173,0,99.07
fold2_room1_mix1752,16,5,0,174,0,110.97
fold2_room1_mix1752,17,5,0,173,0,108.09
fold2_room1_mix1752,18,5,0,172,0,106.32
fold2_room1_mix1752,19,5,0,175,0,111.28
fold2_room1_mix1752,20,5,0,174,0,110.24
fold2_room1_mix1752,21,5,0,173,0,108.52
fold2_room1_mix1752,22,5,0,175,0,113.47
fold2_room1_mix1752,23,5,0,174,0,116.16
fold2_room1_mix1752,24,5,0,173,0,115.55
fold2_room1_mix1752,25,5,0,175,0,118.11
fold2_room1_mix1752,26,5,0,173,0,113.33
fold2_room1_mix1752,27,5,0,176,0,112.15
fold2_room1_mix1752,28,5,0,175,0,109.72
fold2_room1_mix1752,29,5,0,175,0,111.37
fold2_room1_mix1752,30,5,0,176,0,108.26
fold2_room1_mix1752,31,5,0,175,0,107.65
fold2_room1_mix1752,32,5,0,175,0,110.79
fold2_room1_mix1752,33,5,0,176,0,112.35
fold2_room1_mix1752,34,5,0,176,0,109.14
fold2_room1_mix1752,35,5,0,175,0,112.98
fold2_room1_mix1752,36,5,0,177,0,114.94
fold2_room1_mix1752,37,5,0,176,0,113.12
fold2_room1_mix1752,38,5,0,175,0,113.63
fold2_room1_mix1752,39,5,0,175,0,112.66
fold2_room1_mix1752,40,5,0,176,0,115.47
fold2_room1_mix1752,41,5,0,175,0,115.15
fold2_room1_mix1752,42,5,0,174,0,113.39
fold2_room1_mix1752,43,5,0,174,0,112.22
fold2_room1_mix1752,44,5,0,174,0,110.17
fold2_room1_mix1752,45,5,0,174,0,114.39
fold2_room1_mix1752,46,5,0,174,0,113.86
fold2_room1_mix1752,47,5,0,173,0,105.94
fold2_room1_mix1752,48,5,0,175,0,111.91
fold2_room1_mix1752,49,5,0,174,0,108.55
fold2_room1_mix1752,50,5,0,173,0,105.84
fold2_room1_mix1752,51,5,0,172,0,102.13
fold2_room1_mix1752,52,5,0,172,0,101.53
fold2_room1_mix1752,53,5,0,171,0,98.48
fold2_room1_mix1752,54,5,0,172,0,102.35
fold2_room1_mix1752,55,5,0,171,0,103.57
fold2_room1_mix1752,56,5,0,171,0,96.67
fold2_room1_mix1752,57,5,0,170,0,95.74
fold2_room1_mix1752,58,5,0,169,0,94.13
fold2_room1_mix1752,59,5,0,170,0,92.31
fold2_room1_mix1752,60,5,0,170,0,90.07
fold2_room1_mix1752,61,5,0,168,0,92.46
fold2_room1_mix1752,62,5,0,155,0,23.12
fold2_room1_mix1752,62,5,0,172,0,115.08
fold2_room1_mix1752,63,5,0,151,-1,20.40
fold2_room1_mix1752,63,5,0,172,0,111.05
fold2_room1_mix1752,64,5,0,148,-1,18.34
fold2_room1_mix1752,64,5,0,172,0,110.63
fold2_room1_mix1752,65,5,0,146,-1,16.35
fold2_room1_mix1752,65,5,0,172,0,105.89
fold2_room1_mix1752,66,5,0,141,-1,13.15
fold2_room1_mix1752,66,5,0,172,0,99.78
fold2_room1_mix1752,67,5,0,133,-1,10.71
fold2_room1_mix1752,67,5,0,172,0,97.76
fold2_room1_mix1752,68,5,0,124,-2,9.04
fold2_room1_mix1752,68,5,0,172,0,96.42
fold2_room1_mix1752,69,5,0,115,-2,7.98
fold2_room1_mix1752,69,5,0,173,0,97.10
fold2_room1_mix1752,70,5,0,94,-2,7.58
fold2_room1_mix1752,70,5,0,172,0,99.43
fold2_room1_mix1752,71,5,0,87,-2,7.85
fold2_room1_mix1752,71,5,0,172,0,97.36
fold2_room1_mix1752,72,5,0,64,-2,8.01
fold2_room1_mix1752,72,5,0,173,0,98.43
fold2_room1_mix1752,73,5,0,61,-2,7.96
fold2_room1_mix1752,73,5,0,173,0,97.17
fold2_room1_mix1752,74,5,0,47,-1,9.55
fold2_room1_mix1752,74,5,0,173,0,94.81
fold2_room1_mix1752,75,5,0,43,-1,10.19
fold2_room1_mix1752,75,5,0,173,0,92.39
fold2_room1_mix1752,76,5,0,40,-1,10.97
fold2_room1_mix1752,76,5,0,173,0,87.33
fold2_room1_mix1752,77,5,0,37,-1,11.85
fold2_room1_mix1752,77,5,0,173,0,91.49
fold2_room1_mix1752,78,5,0,34,-1,13.47
fold2_room1_mix1752,78,5,0,171,0,84.96
fold2_room1_mix1752,79,5,0,28,-1,16.31
fold2_room1_mix1752,79,5,0,172,0,83.62
fold2_room1_mix1752,80,5,0,24,0,19.28
fold2_room1_mix1752,80,5,0,171,0,75.89
fold2_room1_mix1752,81,5,0,24,0,20.77
fold2_room1_mix1752,81,5,0,170,0,77.61
fold2_room1_mix1752,82,5,0,21,0,22.20
fold2_room1_mix1752,82,5,0,171,0,77.73
fold2_room1_mix1752,83,5,0,20,0,23.04
fold2_room1_mix1752,83,5,0,172,0,84.73
fold2_room1_mix1752,84,5,0,21,0,22.85
fold2_room1_mix1752,84,5,0,171,0,85.46
fold2_room1_mix1752,85,5,0,18,0,25.46
fold2_room1_mix1752,85,5,0,171,0,80.43
fold2_room1_mix1752,86,5,0,19,0,25.69
fold2_room1_mix1752,86,5,0,171,0,84.79
fold2_room1_mix1752,87,5,0,16,0,30.85
fold2_room1_mix1752,87,5,0,168,0,76.16
fold2_room1_mix1752,88,5,0,17,0,29.71
fold2_room1_mix1752,88,5,0,168,0,74.25
fold2_room1_mix1752,89,5,0,16,0,32.36
fold2_room1_mix1752,89,5,0,166,0,68.33
fold2_room1_mix1752,90,5,0,13,0,38.40
fold2_room1_mix1752,90,5,0,166,0,70.26
fold2_room1_mix1752,91,5,0,14,0,38.90
fold2_room1_mix1752,91,5,0,153,0,27.39
fold2_room1_mix1752,91,5,0,172,0,94.00
fold2_room1_mix1752,92,5,0,14,0,37.83
fold2_room1_mix1752,92,5,0,165,0,65.49
fold2_room1_mix1752,93,5,0,13,0,41.25
fold2_room1_mix1752,93,5,0,155,0,26.83
fold2_room1_mix1752,93,5,0,172,0,95.43
fold2_room1_mix1752,94,5,0,12,0,44.41
fold2_room1_mix1752,94,5,0,150,0,24.18
fold2_room1_mix1752,94,5,0,171,0,87.21
fold2_room1_mix1752,95,5,0,12,0,46.41
fold2_room1_mix1752,95,5,0,145,0,20.67
fold2_room1_mix1752,95,5,0,171,0,79.98
fold2_room1_mix1752,96,5,0,10,0,47.37
fold2_room1_mix1752,96,5,0,150,0,22.44
fold2_room1_mix1752,96,5,0,172,0,88.90
fold2_room1_mix1752,97,5,0,11,0,49.07
fold2_room1_mix1752,97,5,0,144,0,19.63
fold2_room1_mix1752,97,5,0,170,0,78.95
fold2_room1_mix1752,98,5,0,10,0,50.16
fold2_room1_mix1752,98,5,0,141,0,18.53
fold2_room1_mix1752,98,5,0,170,0,75.94
fold2_room1_mix1752,99,5,0,10,0,54.95
fold2_room1_mix1752,99,5,0,127,-1,15.13
fold2_room1_mix1752,99,5,0,169,0,69.40
fold2_room1_mix1753,4,5,0,4,1,5.28
fold2_room1_mix1753,5,5,0,4,1,17.05
fold2_room1_mix1753,6,5,0,3,0,30.93
fold2_room1_mix1753,7,5,0,6,0,53.34
fold2_room1_mix1753,8,5,0,3,0,73.01
fold2_room1_mix1753,9,5,0,4,0,102.81
fold2_room1_mix1753,10,5,0,3,0,101.64
fold2_room1_mix1753,11,5,0,5,0,99.69
fold2_room1_mix1753,12,5,0,3,0,92.68
fold2_room1_mix1753,13,5,0,4,0,98.36
fold2_room1_mix1753,14,5,0,4,0,94.73
fold2_room1_mix1753,15,5,0,4,0,97.33
fold2_room1_mix1753,16,5,0,4,0,99.87
fold2_room1_mix1753,17,5,0,3,0,100.17
fold2_room1_mix1753,18,5,0,4,0,102.59
fold2_room1_mix1753,19,5,0,4,0,107.51
fold2_room1_mix1753,20,5,0,4,0,107.83
fold2_room1_mix1753,21,5,0,4,0,111.74
fold2_room1_mix1753,22,5,0,4,0,111.88
fold2_room1_mix1753,23,5,0,4,0,105.08
fold2_room1_mix1753,24,5,0,4,0,109.22
fold2_room1_mix1753,25,5,0,5,0,108.51
fold2_room1_mix1753,26,5,0,3,0,108.74
fold2_room1_mix1753,27,5,0,4,0,109.42
fold2_room1_mix1753,28,5,0,4,0,114.31
fold2_room1_mix1753,29,5,0,4,0,109.45
fold2_room1_mix1753,30,5,0,3,0,105.87
fold2_room1_mix1753,31,5,0,4,0,108.63
fold2_room1_mix1753,32,5,0,4,0,101.43
fold2_room1_mix1753,33,5,0,4,0,98.95
fold2_room1_mix1753,34,5,0,3,0,102.74
fold2_room1_mix1753,35,5,0,4,0,103.45
fold2_room1_mix1753,36,5,0,4,0,97.17
fold2_room1_mix1753,37,5,0,4,0,97.06
fold2_room1_mix1753,38,5,0,4,0,91.31
fold2_room1_mix1753,39,5,0,4,0,88.91
fold2_room1_mix1753,40,5,0,4,0,93.39
fold2_room1_mix1753,41,5,0,5,0,90.44
fold2_room1_mix1753,42,5,0,6,0,86.09
fold2_room1_mix1753,43,5,0,5,0,85.62
fold2_room1_mix1753,44,5,0,6,0,81.38
fold2_room1_mix1753,45,5,0,5,0,79.84
fold2_room1_mix1753,46,5,0,6,0,77.16
fold2_room1_mix1753,47,5,0,7,0,80.34
fold2_room1_mix1753,48,5,0,7,0,78.27
fold2_room1_mix1753,49,5,0,7,0,72.87
fold2_room1_mix1753,50,5,0,8,0,71.70
fold2_room1_mix1753,51,5,0,9,0,69.29
fold2_room1_mix1753,52,5,0,9,0,66.37
fold2_room1_mix1753,53,5,0,9,0,65.93
fold2_room1_mix1753,54,5,0,9,0,65.55
fold2_room1_mix1753,55,5,0,10,0,64.59
fold2_room1_mix1753,56,5,0,10,0,63.38
fold2_room1_mix1753,57,5,0,11,0,62.59
fold2_room1_mix1753,58,5,0,11,0,58.06
fold2_room1_mix1753,59,5,0,6,0,78.78
fold2_room1_mix1753,59,5,0,25,0,18.40
fold2_room1_mix1753,60,5,0,6,0,76.56
fold2_room1_mix1753,60,5,0,25,0,17.03
fold2_room1_mix1753,61,5,0,6,0,77.98
fold2_room1_mix1753,61,5,0,28,0,15.67
fold2_room1_mix1753,62,5,0,6,0,73.86
fold2_room1_mix1753,62,5,0,31,0,13.73
fold2_room1_mix1753,63,5,0,6,0,71.64
fold2_room1_mix1753,63,5,0,35,0,12.70
fold2_room1_mix1753,64,5,0,7,0,71.27
fold2_room1_mix1753,64,5,0,39,0,11.04
fold2_room1_mix1753,65,5,0,6,0,70.73
fold2_room1_mix1753,65,5,0,44,-1,10.57
fold2_room1_mix1753,66,5,0,7,0,67.82
fold2_room1_mix1753,66,5,0,52,-1,9.25
fold2_room1_mix1753,67,5,0,7,0,67.77
fold2_room1_mix1753,67,5,0,58,-1,8.42
fold2_room1_mix1753,68,5,0,7,0,65.44
fold2_room1_mix1753,68,5,0,55,-1,8.72
fold2_room1_mix1753,69,5,0,6,0,66.73
fold2_room1_mix1753,69,5,0,68,-1,8.10
fold2_room1_mix1753,70,5,0,8,0,66.80
fold2_room1_mix1753,70,5,0,90,-2,8.44
fold2_room1_mix1753,71,5,0,8,0,61.25
fold2_room1_mix1753,71,5,0,102,-1,7.76
fold2_room1_mix1753,72,5,0,8,0,60.53
fold2_room1_mix1753,72,5,0,109,-1,8.10
fold2_room1_mix1753,73,5,0,8,0,64.83
fold2_room1_mix1753,73,5,0,117,-1,8.98
fold2_room1_mix1753,74,5,0,8,0,63.77
fold2_room1_mix1753,74,5,0,126,-1,9.77
fold2_room1_mix1753,75,5,0,8,0,63.64
fold2_room1_mix1753,75,5,0,131,-1,10.55
fold2_room1_mix1753,76,5,0,8,0,63.99
fold2_room1_mix1753,76,5,0,135,-1,11.98
fold2_room1_mix1753,77,5,0,9,0,62.70
fold2_room1_mix1753,77,5,0,138,-1,12.05
fold2_room1_mix1753,78,5,0,9,0,58.38
fold2_room1_mix1753,78,5,0,147,0,14.92
fold2_room1_mix1753,79,5,0,10,0,58.27
fold2_room1_mix1753,79,5,0,148,0,15.73
fold2_room1_mix1753,80,5,0,9,0,56.84
fold2_room1_mix1753,80,5,0,153,0,18.64
fold2_room1_mix1753,81,5,0,10,0,53.38
fold2_room1_mix1753,81,5,0,152,0,18.26
fold2_room1_mix1753,82,5,0,10,0,56.89
fold2_room1_mix1753,82,5,0,151,0,19.16
fold2_room1_mix1753,83,5,0,10,0,58.92
fold2_room1_mix1753,83,5,0,155,0,22.02
fold2_room1_mix1753,84,5,0,10,0,58.11
fold2_room1_mix1753,84,5,0,153,0,20.95
fold2_room1_mix1753,85,5,0,9,0,58.58
fold2_room1_mix1753,85,5,0,155,0,22.38
fold2_room1_mix1753,86,5,0,11,0,53.10
fold2_room1_mix1753,86,5,0,160,0,28.78
fold2_room1_mix1753,87,5,0,11,0,54.90
fold2_room1_mix1753,87,5,0,162,0,31.44
fold2_room1_mix1753,88,5,0,10,0,54.57
fold2_room1_mix1753,88,5,0,161,0,30.40
fold2_room1_mix1753,89,5,0,11,0,53.73
fold2_room1_mix1753,89,5,0,163,0,32.93
fold2_room1_mix1753,90,5,0,7,0,59.15
fold2_room1_mix1753,90,5,0,25,-1,20.48
fold2_room1_mix1753,90,5,0,165,0,36.14
fold2_room1_mix1753,91,5,0,12,0,49.71
fold2_room1_mix1753,91,5,0,166,0,35.94
fold2_room1_mix1753,92,5,0,7,0,52.91
fold2_room1_mix1753,92,5,0,33,0,16.81
fold2_room1_mix1753,92,5,0,168,0,41.71
fold2_room1_mix1753,93,5,0,7,0,51.72
fold2_room1_mix1753,93,5,0,31,0,16.95
fold2_room1_mix1753,93,5,0,167,0,39.63
fold2_room1_mix1753,94,5,0,12,0,35.56
fold2_room1_mix1753,94,5,0,82,-1,11.82
fold2_room1_mix1753,94,5,0,169,0,45.70
fold2_room1_mix1753,95,5,0,7,0,68.12
fold2_room1_mix1753,95,5,0,32,0,19.48
fold2_room1_mix1753,95,5,0,169,0,51.84
fold2_room1_mix1753,96,5,0,7,0,62.33
fold2_room1_mix1753,96,5,0,39,0,17.29
fold2_room1_mix1753,96,5,0,169,0,51.57
fold2_room1_mix1753,97,5,0,8,0,59.35
fold2_room1_mix1753,97,5,0,40,0,16.48
fold2_room1_mix1753,97,5,0,168,0,50.02
fold2_room1_mix1753,98,5,0,8,0,66.13
fold2_room1_mix1753,98,5,0,39,0,18.01
fold2_room1_mix1753,98,5,0,169,0,54.10
fold2_room1_mix1753,99,5,0,7,0,73.67
fold2_room1_mix1753,99,5,0,31,0,20.37
fold2_room1_mix1753,99,5,0,169,0,54.24
fold2_room1_mix1754,6,5,0,178,1,9.82
fold2_room1_mix1754,7,5,0,176,1,23.89
fold2_room1_mix1754,8,5,0,176,0,43.79
fold2_room1_mix1754,9,5,0,178,0,71.89
fold2_room1_mix1754,10,5,0,179,0,107.76
fold2_room1_mix1754,11,5,0,178,0,105.35
fold2_room1_mix1754,12,5,0,177,0,105.66
fold2_room1_mix1754,13,5,0,179,0,104.39
fold2_room1_mix1754,14,5,0,179,0,105.74
fold2_room1_mix1754,15,5,0,179,0,101.53
fold2_room1_mix1754,16,5,0,179,0,108.95
fold2_room1_mix1754,17,5,0,179,0,111.81
fold2_room1_mix1754,18,5,0,179,0,107.52
fold2_room1_mix1754,19,5,0,179,0,110.08
fold2_room1_mix1754,20,5,0,179,0,106.10
fold2_room1_mix1754,21,5,0,-179,0,112.38
fold2_room1_mix1754,22,5,0,-179,0,119.90
fold2_room1_mix1754,23,5,0,179,0,117.19
fold2_room1_mix1754,24,5,0,179,0,116.03
fold2_room1_mix1754,25,5,0,-179,0,115.55
fold2_room1_mix1754,26,5,0,179,0,114.89
fold2_room1_mix1754,27,5,0,-179,0,109.77
fold2_room1_mix1754,28,5,0,-179,0,107.39
fold2_room1_mix1754,29,5,0,-179,0,105.13
fold2_room1_mix1754,30,5,0,-179,0,107.30
fold2_room1_mix1754,31,5,0,179,0,101.37
fold2_room1_mix1754,32,5,0,179,0,101.96
fold2_room1_mix1754,33,5,0,-179,0,104.81
fold2_room1_mix1754,34,5,0,-179,0,106.17
fold2_room1_mix1754,35,5,0,-179,0,107.62
fold2_room1_mix1754,36,5,0,-179,0,106.41
fold2_room1_mix1754,37,5,0,-179,0,103.54
fold2_room1_mix1754,38,5,0,-178,0,109.03
fold2_room1_mix1754,39,5,0,-179,0,104.45
fold2_room1_mix1754,40,5,0,-178,0,104.48
fold2_room1_mix1754,41,5,0,-179,0,105.37
fold2_room1_mix1754,42,5,0,-179,0,106.13
fold2_room1_mix1754,43,5,0,-178,0,103.04
fold2_room1_mix1754,44,5,0,-178,0,103.39
fold2_room1_mix1754,45,5,0,-178,0,103.57
fold2_room1_mix1754,46,5,0,-178,0,101.79
fold2_room1_mix1754,47,5,0,-178,0,100.72
fold2_room1_mix1754,48,5,0,-177,0,99.68
fold2_room1_mix1754,49,5,0,-177,0,96.90
fold2_room1_mix1754,50,5,0,-177,0,94.25
fold2_room1_mix1754,51,5,0,-177,0,91.66
fold2_room1_mix1754,52,5,0,-177,0,90.60
fold2_room1_mix1754,53,5,0,-175,0,88.61
fold2_room1_mix1754,54,5,0,-175,0,88.70
fold2_room1_mix1754,55,5,0,-174,0,87.68
fold2_room1_mix1754,56,5,0,-173,0,84.20
fold2_room1_mix1754,57,5,0,-171,0,80.40
fold2_room1_mix1754,58,5,0,-170,0,81.43
fold2_room1_mix1754,59,5,0,-170,0,77.03
fold2_room1_mix1754,60,5,0,-170,0,75.98
fold2_room1_mix1754,61,5,0,-158,0,21.42
fold2_room1_mix1754,61,5,0,-175,0,103.86
fold2_room1_mix1754,62,5,0,-156,0,19.12
fold2_room1_mix1754,62,5,0,-174,0,102.39
fold2_room1_mix1754,63,5,0,-154,0,17.63
fold2_room1_mix1754,63,5,0,-174,0,102.76
fold2_room1_mix1754,64,5,0,-152,0,16.37
fold2_room1_mix1754,64,5,0,-174,0,102.13
fold2_room1_mix1754,65,5,0,-148,-1,13.87
fold2_room1_mix1754,65,5,0,-174,0,98.11
fold2_room1_mix1754,66,5,0,-144,-1,12.29
fold2_room1_mix1754,66,5,0,-175,0,100.86
fold2_room1_mix1754,67,5,0,-133,-1,9.75
fold2_room1_mix1754,67,5,0,-174,0,98.28
fold2_room1_mix1754,68,5,0,-129,-1,8.88
fold2_room1_mix1754,68,5,0,-174,0,94.64
fold2_room1_mix1754,69,5,0,-118,-2,7.49
fold2_room1_mix1754,69,5,0,-174,0,95.65
fold2_room1_mix1754,70,5,0,-102,-2,6.69
fold2_room1_mix1754,70,5,0,-174,0,95.69
fold2_room1_mix1754,71,5,0,-87,-2,6.95
fold2_room1_mix1754,71,5,0,-173,0,91.14
fold2_room1_mix1754,72,5,0,-69,-2,7.39
fold2_room1_mix1754,72,5,0,-174,0,92.81
fold2_room1_mix1754,73,5,0,-59,-2,8.26
fold2_room1_mix1754,73,5,0,-174,0,95.30
fold2_room1_mix1754,74,5,0,-47,-1,9.44
fold2_room1_mix1754,74,5,0,-173,0,87.81
fold2_room1_mix1754,75,5,0,-43,-1,10.07
fold2_room1_mix1754,75,5,0,-173,0,87.03
fold2_room1_mix1754,76,5,0,-40,-1,11.08
fold2_room1_mix1754,76,5,0,-173,0,85.20
fold2_room1_mix1754,77,5,0,-32,-1,12.22
fold2_room1_mix1754,77,5,0,-173,0,85.16
fold2_room1_mix1754,78,5,0,-33,-1,12.70
fold2_room1_mix1754,78,5,0,-173,0,83.75
fold2_room1_mix1754,79,5,0,-29,-1,13.78
fold2_room1_mix1754,79,5,0,-172,0,75.06
fold2_room1_mix1754,80,5,0,-25,0,15.77
fold2_room1_mix1754,80,5,0,-172,0,77.35
fold2_room1_mix1754,81,5,0,-25,0,17.22
fold2_room1_mix1754,81,5,0,-170,0,71.07
fold2_room1_mix1754,82,5,0,-21,0,19.50
fold2_room1_mix1754,82,5,0,-168,0,66.60
fold2_room1_mix1754,83,5,0,-19,0,21.37
fold2_room1_mix1754,83,5,0,-168,0,68.08
fold2_room1_mix1754,84,5,0,-15,0,23.83
fold2_room1_mix1754,84,5,0,-168,0,62.73
fold2_room1_mix1754,85,5,0,-16,0,24.10
fold2_room1_mix1754,85,5,0,-168,0,62.78
fold2_room1_mix1754,86,5,0,-13,0,26.87
fold2_room1_mix1754,86,5,0,-166,0,58.77
fold2_room1_mix1754,87,5,0,-12,0,28.35
fold2_room1_mix1754,87,5,0,-156,0,25.89
fold2_room1_mix1754,87,5,0,-174,0,84.69
fold2_room1_mix1754,88,5,0,-10,0,30.89
fold2_room1_mix1754,88,5,0,-151,0,20.60
fold2_room1_mix1754,88,5,0,-173,0,74.41
fold2_room1_mix1754,89,5,0,-11,0,31.85
fold2_room1_mix1754,89,5,0,-151,0,20.68
fold2_room1_mix1754,89,5,0,-173,0,76.02
fold2_room1_mix1754,90,5,0,-12,0,31.77
fold2_room1_mix1754,90,5,0,-147,0,18.52
fold2_room1_mix1754,90,5,0,-172,0,70.12
fold2_room1_mix1754,91,5,0,-11,0,33.08
fold2_room1_mix1754,91,5,0,-151,0,20.68
fold2_room1_mix1754,91,5,0,-173,0,76.91
fold2_room1_mix1754,92,5,0,-10,0,35.93
fold2_room1_mix1754,92,5,0,-139,0,15.36
fold2_room1_mix1754,92,5,0,-171,0,60.37
fold2_room1_mix1754,93,5,0,-9,0,35.40
fold2_room1_mix1754,93,5,0,-151,0,20.77
fold2_room1_mix1754,93,5,0,-174,0,79.05
fold2_room1_mix1754,94,5,0,-10,0,38.73
fold2_room1_mix1754,94,5,0,-131,-1,13.17
fold2_room1_mix1754,94,5,0,-170,0,53.79
fold2_room1_mix1754,95,5,0,-9,0,40.68
fold2_room1_mix1754,95,5,0,-132,-1,13.69
fold2_room1_mix1754,95,5,0,-171,0,57.98
fold2_room1_mix1754,96,5,0,-10,0,41.89
fold2_room1_mix1754,96,5,0,-127,-1,13.45
fold2_room1_mix1754,96,5,0,-170,0,53.75
fold2_room1_mix1754,97,5,0,-9,0,42.07
fold2_room1_mix1754,97,5,0,-126,-1,11.76
fold2_room1_mix1754,97,5,0,-169,0,51.71
fold2_room1_mix1754,98,5,0,-7,0,45.28
fold2_room1_mix1754,98,5,0,-109,-1,10.74
fold2_room1_mix1754,98,5,0,-170,0,47.07
fold2_room1_mix1754,99,5,0,-9,0,43.82
fold2_room1_mix1754,99,5,0,-92,-1,10.14
fold2_room1_mix1754,99,5,0,-168,0,43.22
fold2_room1_mix1755,3,5,0,1,2,4.03
fold2_room1_mix1755,4,5,0,1,1,20.74
fold2_room1_mix1755,5,5,0,1,1,34.04
fold2_room1_mix1755,6,5,0,4,0,52.02
fold2_room1_mix1755,7,5,0,2,0,65.62
fold2_room1_mix1755,8,5,0,3,0,86.93
fold2_room1_mix1755,9,5,0,5,0,84.24
fold2_room1_mix1755,10,5,0,7,0,85.51
fold2_room1_mix1755,11,5,0,6,0,79.63
fold2_room1_mix1755,12,5,0,7,0,80.25
fold2_room1_mix1755,13,5,0,6,0,82.44
fold2_room1_mix1755,14,5,0,6,0,83.05
fold2_room1_mix1755,15,5,0,5,0,79.18
fold2_room1_mix1755,16,5,0,7,0,88.09
fold2_room1_mix1755,17,5,0,7,0,83.35
fold2_room1_mix1755,18,5,0,5,0,87.22
fold2_room1_mix1755,19,5,0,5,0,88.66
fold2_room1_mix1755,20,5,0,6,0,85.80
fold2_room1_mix1755,21,5,0,5,0,86.72
fold2_room1_mix1755,22,5,0,4,0,86.65
fold2_room1_mix1755,23,5,0,4,0,79.17
fold2_room1_mix1755,24,5,0,7,0,72.41
fold2_room1_mix1755,25,5,0,3,0,81.52
fold2_room1_mix1755,26,5,0,3,0,72.95
fold2_room1_mix1755,27,5,0,5,0,77.94
fold2_room1_mix1755,28,5,0,6,0,78.15
fold2_room1_mix1755,29,5,0,5,0,73.31
fold2_room1_mix1755,30,5,0,7,0,55.20
fold2_room1_mix1755,31,5,0,8,0,61.71
fold2_room1_mix1755,32,5,0,8,0,60.55
fold2_room1_mix1755,33,5,0,8,0,58.38
fold2_room1_mix1755,34,5,0,9,0,59.57
fold2_room1_mix1755,35,5,0,10,0,60.57
fold2_room1_mix1755,36,5,0,11,0,50.76
fold2_room1_mix1755,37,5,0,11,0,46.85
fold2_room1_mix1755,38,5,0,6,0,57.69
fold2_room1_mix1755,38,5,0,26,0,12.86
fold2_room1_mix1755,39,5,0,7,0,50.89
fold2_room1_mix1755,39,5,0,31,0,11.43
fold2_room1_mix1755,40,5,0,7,0,50.75
fold2_room1_mix1755,40,5,0,36,0,9.60
fold2_room1_mix1755,41,5,0,7,0,55.33
fold2_room1_mix1755,41,5,0,44,-1,8.54
fold2_room1_mix1755,42,5,0,6,0,59.86
fold2_room1_mix1755,42,5,0,56,-1,7.50
fold2_room1_mix1755,43,5,0,7,0,54.87
fold2_room1_mix1755,43,5,0,64,-1,6.42
fold2_room1_mix1755,44,5,0,8,0,56.13
fold2_room1_mix1755,44,5,0,81,-1,7.30
fold2_room1_mix1755,45,5,0,8,0,57.84
fold2_room1_mix1755,45,5,0,109,-1,7.40
fold2_room1_mix1755,46,5,0,7,0,56.57
fold2_room1_mix1755,46,5,0,122,-1,8.32
fold2_room1_mix1755,47,5,0,9,0,56.28
fold2_room1_mix1755,47,5,0,132,-1,9.22
fold2_room1_mix1755,48,5,0,7,0,51.08
fold2_room1_mix1755,48,5,0,135,-1,8.90
fold2_room1_mix1755,49,5,0,7,0,51.38
fold2_room1_mix1755,49,5,0,142,-1,10.98
fold2_room1_mix1755,50,5,0,7,0,52.54
fold2_room1_mix1755,50,5,0,148,0,13.32
fold2_room1_mix1755,51,5,0,8,0,43.69
fold2_room1_mix1755,51,5,0,153,0,13.70
fold2_room1_mix1755,52,5,0,7,0,46.35
fold2_room1_mix1755,52,5,0,154,0,13.79
fold2_room1_mix1755,53,5,0,7,0,44.87
fold2_room1_mix1755,53,5,0,157,0,16.67
fold2_room1_mix1755,54,5,0,7,0,45.40
fold2_room1_mix1755,54,5,0,160,0,18.40
fold2_room1_mix1755,55,5,0,8,0,43.12
fold2_room1_mix1755,55,5,0,162,0,20.16
fold2_room1_mix1755,56,5,0,8,0,42.75
fold2_room1_mix1755,56,5,0,162,0,20.35
fold2_room1_mix1755,57,5,0,9,0,42.23
fold2_room1_mix1755,57,5,0,161,0,20.78
fold2_room1_mix1755,58,5,0,8,0,42.87
fold2_room1_mix1755,58,5,0,163,0,23.14
fold2_room1_mix1755,59,5,0,10,0,43.33
fold2_room1_mix1755,59,5,0,164,0,27.36
fold2_room1_mix1755,60,5,0,9,0,44.51
fold2_room1_mix1755,60,5,0,164,0,25.05
fold2_room1_mix1755,61,5,0,9,0,44.11
fold2_room1_mix1755,61,5,0,165,0,26.64
fold2_room1_mix1755,62,5,0,9,0,41.94
fold2_room1_mix1755,62,5,0,167,0,27.75
fold2_room1_mix1755,63,5,0,10,0,42.57
fold2_room1_mix1755,63,5,0,168,0,31.64
fold2_room1_mix1755,64,5,0,11,0,40.14
fold2_room1_mix1755,64,5,0,168,0,30.92
fold2_room1_mix1755,65,5,0,10,0,41.45
fold2_room1_mix1755,65,5,0,169,0,32.24
fold2_room1_mix1755,66,5,0,10,0,42.96
fold2_room1_mix1755,66,5,0,170,0,35.10
fold2_room1_mix1755,67,5,0,11,0,42.08
fold2_room1_mix1755,67,5,0,170,0,38.18
fold2_room1_mix1755,68,5,0,5,0,63.77
fold2_room1_mix1755,68,5,0,20,0,18.21
fold2_room1_mix1755,68,5,0,172,0,41.39
fold2_room1_mix1755,69,5,0,11,0,42.56
fold2_room1_mix1755,69,5,0,171,0,38.93
fold2_room1_mix1755,70,5,0,5,0,57.86
fold2_room1_mix1755,70,5,0,25,0,14.80
fold2_room1_mix1755,70,5,0,171,0,42.84
fold2_room1_mix1755,71,5,0,5,0,50.13
fold2_room1_mix1755,71,5,0,28,0,12.60
fold2_room1_mix1755,71,5,0,171,0,39.67
fold2_room1_mix1755,72,5,0,7,0,46.89
fold2_room1_mix1755,72,5,0,54,-1,10.10
fold2_room1_mix1755,72,5,0,172,0,49.10
fold2_room1_mix1755,73,5,0,5,0,45.97
fold2_room1_mix1755,73,5,0,45,-1,11.10
fold2_room1_mix1755,73,5,0,173,0,46.74
fold2_room1_mix1755,74,5,0,5,0,42.51
fold2_room1_mix1755,74,5,0,67,-1,10.74
fold2_room1_mix1755,74,5,0,173,0,51.24
fold2_room1_mix1755,75,5,0,4,0,61.81
fold2_room1_mix1755,75,5,0,39,0,13.59
fold2_room1_mix1755,75,5,0,173,0,52.15
fold2_room1_mix1755,76,5,0,3,0,46.99
fold2_room1_mix1755,76,5,0,68,-1,11.30
fold2_room1_mix1755,76,5,0,173,0,54.82
fold2_room1_mix1755,77,5,0,3,0,49.16
fold2_room1_mix1755,77,5,0,71,-1,10.89
fold2_room1_mix1755,77,5,0,174,0,57.17
fold2_room1_mix1755,78,5,0,5,0,40.10
fold2_room1_mix1755,78,5,0,114,0,10.32
fold2_room1_mix1755,78,5,0,174,0,57.07
fold2_room1_mix1755,79,5,0,4,0,43.48
fold2_room1_mix1755,79,5,0,88,0,10.03
fold2_room1_mix1755,79,5,0,175,0,56.27
fold2_room1_mix1755,80,5,0,5,0,46.69
fold2_room1_mix1755,80,5,0,86,0,10.55
fold2_room1_mix1755,80,5,0,174,0,62.45
fold2_room1_mix1755,81,5,0,4,0,57.62
fold2_room1_mix1755,81,5,0,43,0,11.89
fold2_room1_mix1755,81,5,0,175,0,61.45
fold2_room1_mix1755,82,5,0,4,0,65.68
fold2_room1_mix1755,82,5,0,41,0,12.88
fold2_room1_mix1755,82,5,0,174,0,63.80
fold2_room1_mix1755,83,5,0,5,0,50.95
fold2_room1_mix1755,83,5,0,74,0,10.24
fold2_room1_mix1755,83,5,0,174,0,63.26
fold2_room1_mix1755,84,5,0,5,0,65.48
fold2_room1_mix1755,84,5,0,55,0,11.61
fold2_room1_mix1755,84,5,0,174,0,62.99
fold2_room1_mix1755,85,5,0,5,0,63.55
fold2_room1_mix1755,85,5,0,57,-1,11.52
fold2_room1_mix1755,85,5,0,174,0,66.81
fold2_room1_mix1755,86,5,0,4,0,47.94
fold2_room1_mix1755,86,5,0,96,0,10.17
fold2_room1_mix1755,86,5,0,173,0,60.65
fold2_room1_mix1755,87,5,0,4,0,51.70
fold2_room1_mix1755,87,5,0,87,-1,10.35
fold2_room1_mix1755,87,5,0,174,0,63.00
fold2_room1_mix1755,88,5,0,5,0,50.13
fold2_room1_mix1755,88,5,0,112,-1,11.37
fold2_room1_mix1755,88,5,0,174,0,72.24
fold2_room1_mix1755,89,5,0,4,0,43.15
fold2_room1_mix1755,89,5,0,119,0,11.94
fold2_room1_mix1755,89,5,0,175,0,68.38
fold2_room1_mix1755,90,5,0,4,0,52.74
fold2_room1_mix1755,90,5,0,109,0,12.38
fold2_room1_mix1755,90,5,0,174,0,69.12
fold2_room1_mix1755,91,5,0,7,0,36.04
fold2_room1_mix1755,91,5,0,154,0,17.70
fold2_room1_mix1755,91,5,0,175,0,88.61
fold2_room1_mix1755,92,5,0,5,0,45.24
fold2_room1_mix1755,92,5,0,136,0,12.62
fold2_room1_mix1755,92,5,0,175,0,78.17
fold2_room1_mix1755,93,5,0,6,0,39.31
fold2_room1_mix1755,93,5,0,144,0,14.65
fold2_room1_mix1755,93,5,0,175,0,83.28
fold2_room1_mix1755,94,5,0,6,0,39.41
fold2_room1_mix1755,94,5,0,147,0,15.38
fold2_room1_mix1755,94,5,0,176,0,86.57
fold2_room1_mix1755,95,5,0,6,0,42.78
fold2_room1_mix1755,95,5,0,145,0,14.79
fold2_room1_mix1755,95,5,0,176,0,87.77
fold2_room1_mix1755,96,5,0,5,0,53.22
fold2_room1_mix1755,96,5,0,116,0,11.52
fold2_room1_mix1755,96,5,0,175,0,77.24
fold2_room1_mix1755,97,5,0,4,0,57.85
fold2_room1_mix1755,97,5,0,103,0,11.15
fold2_room1_mix1755,97,5,0,175,0,75.84
fold2_room1_mix1755,98,5,0,8,0,48.21
fold2_room1_mix1755,98,5,0,137,0,14.08
fold2_room1_mix1755,98,5,0,174,0,87.18
fold2_room1_mix1755,99,5,0,7,0,53.99
fold2_room1_mix1755,99,5,0,121,0,11.57
fold2_room1_mix1755,99,5,0,174,0,77.20
fold2_room1_mix1756,3,5,0,176,1,7.40
fold2_room1_mix1756,4,5,0,-179,0,23.88
fold2_room1_mix1756,5,5,0,-178,0,39.24
fold2_room1_mix1756,6,5,0,-177,0,48.27
fold2_room1_mix1756,7,5,0,-178,0,83.64
fold2_room1_mix1756,8,5,0,-178,0,96.39
fold2_room1_mix1756,9,5,0,-177,0,92.38
fold2_room1_mix1756,10,5,0,-178,0,94.72
fold2_room1_mix1756,11,5,0,-176,0,91.63
fold2_room1_mix1756,12,5,0,-177,0,87.60
fold2_room1_mix1756,13,5,0,-177,0,90.68
fold2_room1_mix1756,14,5,0,-178,0,91.02
fold2_room1_mix1756,15,5,0,-177,0,89.81
fold2_room1_mix1756,16,5,0,-176,0,91.09
fold2_room1_mix1756,17,5,0,-177,0,88.33
fold2_room1_mix1756,18,5,0,-174,0,87.74
fold2_room1_mix1756,19,5,0,-173,0,91.06
fold2_room1_mix1756,20,5,0,-173,0,82.96
fold2_room1_mix1756,21,5,0,-173,0,75.83
fold2_room1_mix1756,22,5,0,-172,0,73.78
fold2_room1_mix1756,23,5,0,-172,0,67.30
fold2_room1_mix1756,24,5,0,-173,0,70.74
fold2_room1_mix1756,25,5,0,-173,0,69.50
fold2_room1_mix1756,26,5,0,-172,0,72.75
fold2_room1_mix1756,27,5,0,-172,0,68.24
fold2_room1_mix1756,28,5,0,-172,0,68.20
fold2_room1_mix1756,29,5,0,-171,0,69.50
fold2_room1_mix1756,30,5,0,-159,0,20.58
fold2_room1_mix1756,30,5,0,-175,0,89.74
fold2_room1_mix1756,31,5,0,-160,0,20.89
fold2_room1_mix1756,31,5,0,-176,0,92.07
fold2_room1_mix1756,32,5,0,-159,0,21.35
fold2_room1_mix1756,32,5,0,-176,0,95.72
fold2_room1_mix1756,33,5,0,-159,0,21.66
fold2_room1_mix1756,33,5,0,-175,0,95.91
fold2_room1_mix1756,34,5,0,-158,0,20.80
fold2_room1_mix1756,34,5,0,-175,0,95.92
fold2_room1_mix1756,35,5,0,-156,0,19.11
fold2_room1_mix1756,35,5,0,-175,0,95.74
fold2_room1_mix1756,36,5,0,-154,0,16.84
fold2_room1_mix1756,36,5,0,-174,0,93.36
fold2_room1_mix1756,37,5,0,-150,-1,15.39
fold2_room1_mix1756,37,5,0,-174,0,90.66
fold2_room1_mix1756,38,5,0,-145,-1,13.18
fold2_room1_mix1756,38,5,0,-174,0,89.03
fold2_room1_mix1756,39,5,0,-137,-1,10.84
fold2_room1_mix1756,39,5,0,-173,0,88.60
fold2_room1_mix1756,40,5,0,-136,-1,11.00
fold2_room1_mix1756,40,5,0,-174,0,88.69
fold2_room1_mix1756,41,5,0,-125,-1,8.99
fold2_room1_mix1756,41,5,0,-174,0,87.91
fold2_room1_mix1756,42,5,0,-128,-1,9.61
fold2_room1_mix1756,42,5,0,-174,0,81.76
fold2_room1_mix1756,43,5,0,-124,-1,9.14
fold2_room1_mix1756,43,5,0,-174,0,83.30
fold2_room1_mix1756,44,5,0,-112,-1,8.39
fold2_room1_mix1756,44,5,0,-174,0,84.38
fold2_room1_mix1756,45,5,0,-105,-1,7.93
fold2_room1_mix1756,45,5,0,-173,0,82.41
fold2_room1_mix1756,46,5,0,-92,-1,7.96
fold2_room1_mix1756,46,5,0,-173,0,80.67
fold2_room1_mix1756,47,5,0,-84,-1,8.39
fold2_room1_mix1756,47,5,0,-172,0,80.40
fold2_room1_mix1756,48,5,0,-73,-1,8.64
fold2_room1_mix1756,48,5,0,-172,0,84.50
fold2_room1_mix1756,49,5,0,-64,-1,9.01
fold2_room1_mix1756,49,5,0,-171,0,81.73
fold2_room1_mix1756,50,5,0,-62,-1,9.61
fold2_room1_mix1756,50,5,0,-172,0,81.86
fold2_room1_mix1756,51,5,0,-51,-1,10.10
fold2_room1_mix1756,51,5,0,-171,0,78.13
fold2_room1_mix1756,52,5,0,-49,-1,10.44
fold2_room1_mix1756,52,5,0,-171,0,78.51
fold2_room1_mix1756,53,5,0,-49,-1,10.51
fold2_room1_mix1756,53,5,0,-171,0,79.59
fold2_room1_mix1756,54,5,0,-43,-1,10.95
fold2_room1_mix1756,54,5,0,-170,0,73.92
fold2_room1_mix1756,55,5,0,-43,-1,11.70
fold2_room1_mix1756,55,5,0,-171,0,76.75
fold2_room1_mix1756,56,5,0,-38,-1,12.49
fold2_room1_mix1756,56,5,0,-171,0,74.50
fold2_room1_mix1756,57,5,0,-39,-1,13.36
fold2_room1_mix1756,57,5,0,-170,0,72.23
fold2_room1_mix1756,58,5,0,-32,-1,15.13
fold2_room1_mix1756,58,5,0,-170,0,71.32
fold2_room1_mix1756,59,5,0,-30,0,15.69
fold2_room1_mix1756,59,5,0,-169,0,67.94
fold2_room1_mix1756,60,5,0,-25,-1,16.99
fold2_room1_mix1756,60,5,0,-171,0,69.07
fold2_room1_mix1756,61,5,0,-24,0,19.81
fold2_room1_mix1756,61,5,0,-168,0,64.13
fold2_room1_mix1756,62,5,0,-23,0,20.79
fold2_room1_mix1756,62,5,0,-167,0,63.04
fold2_room1_mix1756,63,5,0,-21,0,21.10
fold2_room1_mix1756,63,5,0,-168,0,64.42
fold2_room1_mix1756,64,5,0,-20,0,23.18
fold2_room1_mix1756,64,5,0,-165,0,56.43
fold2_room1_mix1756,65,5,0,-21,0,22.70
fold2_room1_mix1756,65,5,0,-166,0,60.35
fold2_room1_mix1756,66,5,0,-20,0,23.68
fold2_room1_mix1756,66,5,0,-166,0,56.94
fold2_room1_mix1756,67,5,0,-15,0,23.67
fold2_room1_mix1756,67,5,0,-167,0,58.01
fold2_room1_mix1756,68,5,0,-17,0,25.37
fold2_room1_mix1756,68,5,0,-167,0,60.38
fold2_room1_mix1756,69,5,0,-15,0,25.84
fold2_room1_mix1756,69,5,0,-167,0,59.16
fold2_room1_mix1756,70,5,0,-12,0,27.55
fold2_room1_mix1756,70,5,0,-158,0,28.01
fold2_room1_mix1756,70,5,0,-173,0,85.13
fold2_room1_mix1756,71,5,0,-13,0,27.95
fold2_room1_mix1756,71,5,0,-156,0,26.83
fold2_room1_mix1756,71,5,0,-173,0,83.20
fold2_room1_mix1756,72,5,0,-12,0,31.05
fold2_room1_mix1756,72,5,0,-152,0,23.16
fold2_room1_mix1756,72,5,0,-172,0,78.38
fold2_room1_mix1756,73,5,0,-12,0,31.80
fold2_room1_mix1756,73,5,0,-148,0,21.49
fold2_room1_mix1756,73,5,0,-171,0,73.20
fold2_room1_mix1756,74,5,0,-12,0,32.62
fold2_room1_mix1756,74,5,0,-152,0,23.68
fold2_room1_mix1756,74,5,0,-173,0,80.93
fold2_room1_mix1756,75,5,0,-9,0,35.52
fold2_room1_mix1756,75,5,0,-149,0,20.39
fold2_room1_mix1756,75,5,0,-173,0,77.10
fold2_room1_mix1756,76,5,0,-9,0,38.68
fold2_room1_mix1756,76,5,0,-143,0,17.12
fold2_room1_mix1756,76,5,0,-172,0,69.42
fold2_room1_mix1756,77,5,0,-10,0,36.29
fold2_room1_mix1756,77,5,0,-145,0,18.71
fold2_room1_mix1756,77,5,0,-171,0,70.24
fold2_room1_mix1756,78,5,0,-10,0,40.33
fold2_room1_mix1756,78,5,0,-140,0,17.23
fold2_room1_mix1756,78,5,0,-170,0,68.59
fold2_room1_mix1756,79,5,0,-9,0,40.28
fold2_room1_mix1756,79,5,0,-141,-1,16.47
fold2_room1_mix1756,79,5,0,-172,0,67.00
fold2_room1_mix1756,80,5,0,-10,0,44.01
fold2_room1_mix1756,80,5,0,-127,-1,14.44
fold2_room1_mix1756,80,5,0,-170,0,58.50
fold2_room1_mix1756,81,5,0,-10,0,42.70
fold2_room1_mix1756,81,5,0,-135,-1,15.15
fold2_room1_mix1756,81,5,0,-170,0,61.57
fold2_room1_mix1756,82,5,0,-9,0,43.13
fold2_room1_mix1756,82,5,0,-134,-1,15.09
fold2_room1_mix1756,82,5,0,-171,0,59.80
fold2_room1_mix1756,83,5,0,-9,0,45.76
fold2_room1_mix1756,83,5,0,-137,-1,15.64
fold2_room1_mix1756,83,5,0,-172,0,66.22
fold2_room1_mix1756,84,5,0,-8,0,45.62
fold2_room1_mix1756,84,5,0,-139,-1,15.74
fold2_room1_mix1756,84,5,0,-173,0,70.23
fold2_room1_mix1756,85,5,0,-8,0,45.89
fold2_room1_mix1756,85,5,0,-137,-1,15.75
fold2_room1_mix1756,85,5,0,-172,0,67.47
fold2_room1_mix1756,86,5,0,-8,0,46.21
fold2_room1_mix1756,86,5,0,-134,-1,14.69
fold2_room1_mix1756,86,5,0,-171,0,63.77
fold2_room1_mix1756,87,5,0,-7,0,47.59
fold2_room1_mix1756,87,5,0,-136,-1,15.39
fold2_room1_mix1756,87,5,0,-172,0,69.17
fold2_room1_mix1756,88,5,0,-7,0,50.08
fold2_room1_mix1756,88,5,0,-125,-1,13.90
fold2_room1_mix1756,88,5,0,-171,0,61.91
fold2_room1_mix1756,89,5,0,-8,0,51.53
fold2_room1_mix1756,89,5,0,-115,-1,12.48
fold2_room1_mix1756,89,5,0,-170,0,56.98
fold2_room1_mix1756,90,5,0,-7,0,53.41
fold2_room1_mix1756,90,5,0,-110,-1,12.55
fold2_room1_mix1756,90,5,0,-170,0,57.95
fold2_room1_mix1756,91,5,0,-5,0,53.68
fold2_room1_mix1756,91,5,0,-104,-1,11.83
fold2_room1_mix1756,91,5,0,-170,0,58.96
fold2_room1_mix1756,92,5,0,-6,0,58.44
fold2_room1_mix1756,92,5,0,-62,-1,12.66
fold2_room1_mix1756,92,5,0,-168,0,49.29
fold2_room1_mix1756,93,5,0,-7,0,58.61
fold2_room1_mix1756,93,5,0,-85,-1,12.28
fold2_room1_mix1756,93,5,0,-170,0,58.26
fold2_room1_mix1756,94,5,0,-7,0,56.31
fold2_room1_mix1756,94,5,0,-66,-1,12.58
fold2_room1_mix1756,94,5,0,-169,0,50.70
fold2_room1_mix1756,95,5,0,-5,0,61.95
fold2_room1_mix1756,95,5,0,-69,-1,13.06
fold2_room1_mix1756,95,5,0,-171,0,56.02
fold2_room1_mix1756,96,5,0,-6,0,63.62
fold2_room1_mix1756,96,5,0,-63,-1,14.03
fold2_room1_mix1756,96,5,0,-170,0,55.49
fold2_room1_mix1756,97,5,0,-6,0,61.80
fold2_room1_mix1756,97,5,0,-68,-1,13.42
fold2_room1_mix1756,97,5,0,-170,0,55.81
fold2_room1_mix1756,98,5,0,-7,0,60.63
fold2_room1_mix1756,98,5,0,-53,-1,14.56
fold2_room1_mix1756,98,5,0,-167,0,46.51
fold2_room1_mix1756,99,5,0,-6,0,64.96
fold2_room1_mix1756,99,5,0,-46,-1,15.17
fold2_room1_mix1756,99,5,0,-167,0,43.84
fold2_room1_mix1757,4,5,0,0,0,13.34
fold2_room1_mix1757,5,5,0,-5,0,37.27
fold2_room1_mix1757,6,5,0,-4,0,48.20
fold2_room1_mix1757,7,5,0,-5,0,67.40
fold2_room1_mix1757,8,5,0,-6,0,78.94
fold2_room1_mix1757,9,5,0,-6,0,84.45
fold2_room1_mix1757,10,5,0,-6,0,77.81
fold2_room1_mix1757,11,5,0,-6,0,80.62
fold2_room1_mix1757,12,5,0,-6,0,79.84
fold2_room1_mix1757,13,5,0,-7,0,81.18
fold2_room1_mix1757,14,5,0,-7,0,81.85
fold2_room1_mix1757,15,5,0,-7,0,80.26
fold2_room1_mix1757,16,5,0,-8,0,78.05
fold2_room1_mix1757,17,5,0,-8,0,77.46
fold2_room1_mix1757,18,5,0,-7,0,76.14
fold2_room1_mix1757,19,5,0,-7,0,76.82
fold2_room1_mix1757,20,5,0,-8,0,77.25
fold2_room1_mix1757,21,5,0,-8,0,77.35
fold2_room1_mix1757,22,5,0,-8,0,75.28
fold2_room1_mix1757,23,5,0,-9,0,71.57
fold2_room1_mix1757,24,5,0,-9,0,72.08
fold2_room1_mix1757,25,5,0,-9,0,72.84
fold2_room1_mix1757,26,5,0,-9,0,68.81
fold2_room1_mix1757,27,5,0,-8,0,71.00
fold2_room1_mix1757,28,5,0,-8,0,68.55
fold2_room1_mix1757,29,5,0,-9,0,67.71
fold2_room1_mix1757,30,5,0,-3,0,92.01
fold2_room1_mix1757,30,5,0,-20,0,19.27
fold2_room1_mix1757,31,5,0,-3,0,86.76
fold2_room1_mix1757,31,5,0,-21,0,16.71
fold2_room1_mix1757,32,5,0,-3,0,85.50
fold2_room1_mix1757,32,5,0,-24,0,14.88
fold2_room1_mix1757,33,5,0,-3,0,84.05
fold2_room1_mix1757,33,5,0,-25,0,13.68
fold2_room1_mix1757,34,5,0,-3,0,80.72
fold2_room1_mix1757,34,5,0,-28,0,12.91
fold2_room1_mix1757,35,5,0,-3,0,78.08
fold2_room1_mix1757,35,5,0,-34,0,11.45
fold2_room1_mix1757,36,5,0,-3,0,78.55
fold2_room1_mix1757,36,5,0,-36,0,11.00
fold2_room1_mix1757,37,5,0,-3,0,80.74
fold2_room1_mix1757,37,5,0,-45,-1,9.37
fold2_room1_mix1757,38,5,0,-3,0,79.77
fold2_room1_mix1757,38,5,0,-54,-1,8.15
fold2_room1_mix1757,39,5,0,-5,0,75.91
fold2_room1_mix1757,39,5,0,-63,-1,7.07
fold2_room1_mix1757,40,5,0,-5,0,75.03
fold2_room1_mix1757,40,5,0,-72,-1,6.66
fold2_room1_mix1757,41,5,0,-6,0,69.40
fold2_room1_mix1757,41,5,0,-82,-1,6.01
fold2_room1_mix1757,42,5,0,-6,0,63.74
fold2_room1_mix1757,42,5,0,-117,-1,7.11
fold2_room1_mix1757,43,5,0,-6,0,68.25
fold2_room1_mix1757,43,5,0,-126,-1,8.14
fold2_room1_mix1757,44,5,0,-5,0,67.03
fold2_room1_mix1757,44,5,0,-137,0,9.74
fold2_room1_mix1757,45,5,0,-6,0,68.75
fold2_room1_mix1757,45,5,0,-140,0,10.87
fold2_room1_mix1757,46,5,0,-5,0,69.12
fold2_room1_mix1757,46,5,0,-138,0,10.38
fold2_room1_mix1757,47,5,0,-6,0,65.69
fold2_room1_mix1757,47,5,0,-146,0,12.16
fold2_room1_mix1757,48,5,0,-7,0,61.18
fold2_room1_mix1757,48,5,0,-147,0,12.60
fold2_room1_mix1757,49,5,0,-7,0,63.20
fold2_room1_mix1757,49,5,0,-150,0,14.88
fold2_room1_mix1757,50,5,0,-8,0,60.97
fold2_room1_mix1757,50,5,0,-154,0,16.62
fold2_room1_mix1757,51,5,0,-7,0,53.55
fold2_room1_mix1757,51,5,0,-157,0,18.34
fold2_room1_mix1757,52,5,0,-8,0,51.98
fold2_room1_mix1757,52,5,0,-159,0,19.95
fold2_room1_mix1757,53,5,0,-8,0,54.89
fold2_room1_mix1757,53,5,0,-159,0,19.23
fold2_room1_mix1757,54,5,0,-8,0,53.53
fold2_room1_mix1757,54,5,0,-161,0,21.75
fold2_room1_mix1757,55,5,0,-9,0,44.69
fold2_room1_mix1757,55,5,0,-164,0,24.27
fold2_room1_mix1757,56,5,0,-10,0,41.73
fold2_room1_mix1757,56,5,0,-163,0,24.84
fold2_room1_mix1757,57,5,0,-10,0,42.97
fold2_room1_mix1757,57,5,0,-164,0,26.64
fold2_room1_mix1757,58,5,0,-11,0,42.04
fold2_room1_mix1757,58,5,0,-166,0,31.37
fold2_room1_mix1757,59,5,0,-9,0,44.83
fold2_room1_mix1757,59,5,0,-167,0,31.23
fold2_room1_mix1757,60,5,0,-12,0,40.13
fold2_room1_mix1757,60,5,0,-167,0,30.97
fold2_room1_mix1757,61,5,0,-6,0,46.70
fold2_room1_mix1757,61,5,0,-27,0,16.94
fold2_room1_mix1757,61,5,0,-166,0,32.25
fold2_room1_mix1757,62,5,0,-6,0,43.33
fold2_room1_mix1757,62,5,0,-32,0,14.46
fold2_room1_mix1757,62,5,0,-168,0,37.52
fold2_room1_mix1757,63,5,0,-6,0,44.68
fold2_room1_mix1757,63,5,0,-30,0,14.74
fold2_room1_mix1757,63,5,0,-167,0,34.66
fold2_room1_mix1757,64,5,0,-6,0,46.05
fold2_room1_mix1757,64,5,0,-33,0,14.05
fold2_room1_mix1757,64,5,0,-168,0,35.16
fold2_room1_mix1757,65,5,0,-6,0,57.20
fold2_room1_mix1757,65,5,0,-25,0,18.15
fold2_room1_mix1757,65,5,0,-167,0,35.42
fold2_room1_mix1757,66,5,0,-6,0,55.59
fold2_room1_mix1757,66,5,0,-27,0,16.75
fold2_room1_mix1757,66,5,0,-169,0,38.76
fold2_room1_mix1757,67,5,0,-7,0,47.64
fold2_room1_mix1757,67,5,0,-35,0,13.18
fold2_room1_mix1757,67,5,0,-169,0,38.66
fold2_room1_mix1757,68,5,0,-7,0,50.52
fold2_room1_mix1757,68,5,0,-37,0,13.61
fold2_room1_mix1757,68,5,0,-169,0,41.87
fold2_room1_mix1757,69,5,0,-8,0,44.26
fold2_room1_mix1757,69,5,0,-44,-1,11.18
fold2_room1_mix1757,69,5,0,-170,0,44.62
fold2_room1_mix1757,70,5,0,-6,0,46.05
fold2_room1_mix1757,70,5,0,-47,-1,10.60
fold2_room1_mix1757,70,5,0,-172,0,48.26
fold2_room1_mix1757,71,5,0,-8,0,41.23
fold2_room1_mix1757,71,5,0,-60,-1,9.56
fold2_room1_mix1757,71,5,0,-171,0,47.91
fold2_room1_mix1757,72,5,0,-10,0,31.21
fold2_room1_mix1757,72,5,0,-95,-1,8.54
fold2_room1_mix1757,72,5,0,-170,0,44.57
fold2_room1_mix1757,73,5,0,-9,0,31.21
fold2_room1_mix1757,73,5,0,-99,-1,8.16
fold2_room1_mix1757,73,5,0,-171,0,43.52
fold2_room1_mix1757,74,5,0,-8,0,27.98
fold2_room1_mix1757,74,5,0,-132,-1,10.22
fold2_room1_mix1757,74,5,0,-175,0,52.98
fold2_room1_mix1757,75,5,0,-11,0,21.30
fold2_room1_mix1757,75,5,0,-142,-1,11.45
fold2_room1_mix1757,75,5,0,-175,0,52.92
fold2_room1_mix1757,76,5,0,-15,0,16.49
fold2_room1_mix1757,76,5,0,-147,0,11.44
fold2_room1_mix1757,76,5,0,-175,0,52.42
fold2_room1_mix1757,77,5,0,-38,0,9.46
fold2_room1_mix1757,77,5,0,-157,0,14.47
fold2_room1_mix1757,77,5,0,-174,0,57.18
fold2_room1_mix1757,78,5,0,-41,0,9.43
fold2_room1_mix1757,78,5,0,-167,0,40.82
fold2_room1_mix1757,79,5,0,-43,0,7.91
fold2_room1_mix1757,79,5,0,-160,0,16.59
fold2_room1_mix1757,79,5,0,-176,0,64.62
fold2_room1_mix1757,80,5,0,-37,0,9.58
fold2_room1_mix1757,80,5,0,-158,0,16.11
fold2_room1_mix1757,80,5,0,-175,0,62.54
fold2_room1_mix1757,81,5,0,-50,0,7.79
fold2_room1_mix1757,81,5,0,-168,0,43.14
fold2_room1_mix1757,82,5,0,-68,-1,6.71
fold2_room1_mix1757,82,5,0,-169,0,46.66
fold2_room1_mix1757,83,5,0,-65,-1,6.15
fold2_room1_mix1757,83,5,0,-169,0,44.82
fold2_room1_mix1757,84,5,0,-91,-1,5.63
fold2_room1_mix1757,84,5,0,-168,0,44.72
fold2_room1_mix1757,85,5,0,-97,-1,5.61
fold2_room1_mix1757,85,5,0,-169,0,44.92
fold2_room1_mix1757,86,5,0,-116,-1,6.85
fold2_room1_mix1757,86,5,0,-170,0,50.87
fold2_room1_mix1757,87,5,0,-121,-1,6.95
fold2_room1_mix1757,87,5,0,-170,0,50.56
fold2_room1_mix1757,88,5,0,-128,-1,7.75
fold2_room1_mix1757,88,5,0,-171,0,50.19
fold2_room1_mix1757,89,5,0,-137,-1,9.04
fold2_room1_mix1757,89,5,0,-172,0,52.22
fold2_room1_mix1757,90,5,0,-141,-1,9.90
fold2_room1_mix1757,90,5,0,-172,0,56.65
fold2_room1_mix1757,91,5,0,-146,-1,11.18
fold2_room1_mix1757,91,5,0,-172,0,56.30
fold2_room1_mix1757,92,5,0,-147,-1,11.74
fold2_room1_mix1757,92,5,0,-173,0,57.57
fold2_room1_mix1757,93,5,0,-151,-1,12.93
fold2_room1_mix1757,93,5,0,-172,0,54.53
fold2_room1_mix1757,94,5,0,-153,-1,13.79
fold2_room1_mix1757,94,5,0,-173,0,60.80
fold2_room1_mix1757,95,5,0,-156,0,15.07
fold2_room1_mix1757,95,5,0,-174,0,61.52
fold2_room1_mix1757,96,5,0,-169,0,48.64
fold2_room1_mix1757,97,5,0,-169,0,51.12
fold2_room1_mix1757,98,5,0,-169,0,53.14
fold2_room1_mix1757,99,5,0,-171,0,53.00
fold2_room1_mix1758,5,5,0,4,0,30.61
fold2_room1_mix1758,6,5,0,6,0,41.64
fold2_room1_mix1758,7,5,0,5,0,70.56
fold2_room1_mix1758,8,5,0,4,0,95.98
fold2_room1_mix1758,9,5,0,5,0,92.75
fold2_room1_mix1758,10,5,0,5,0,91.01
fold2_room1_mix1758,11,5,0,6,0,88.94
fold2_room1_mix1758,12,5,0,7,0,85.43
fold2_room1_mix1758,13,5,0,7,0,82.96
fold2_room1_mix1758,14,5,0,7,0,87.24
fold2_room1_mix1758,15,5,0,7,0,84.56
fold2_room1_mix1758,16,5,0,6,0,86.76
fold2_room1_mix1758,17,5,0,7,0,82.17
fold2_room1_mix1758,18,5,0,7,0,90.44
fold2_room1_mix1758,19,5,0,8,0,82.28
fold2_room1_mix1758,20,5,0,8,0,85.19
fold2_room1_mix1758,21,5,0,7,0,85.02
fold2_room1_mix1758,22,5,0,8,0,80.99
fold2_room1_mix1758,23,5,0,8,0,80.69
fold2_room1_mix1758,24,5,0,9,0,80.05
fold2_room1_mix1758,25,5,0,8,0,78.55
fold2_room1_mix1758,26,5,0,8,0,77.68
fold2_room1_mix1758,27,5,0,9,0,78.38
fold2_room1_mix1758,28,5,0,9,0,73.39
fold2_room1_mix1758,29,5,0,10,0,68.27
fold2_room1_mix1758,30,5,0,10,0,69.68
fold2_room1_mix1758,31,5,0,10,0,70.24
fold2_room1_mix1758,32,5,0,10,0,66.10
fold2_room1_mix1758,33,5,0,10,0,69.13
fold2_room1_mix1758,34,5,0,10,0,70.20
fold2_room1_mix1758,35,5,0,11,0,67.27
fold2_room1_mix1758,36,5,0,5,0,86.48
fold2_room1_mix1758,36,5,0,23,0,20.72
fold2_room1_mix1758,37,5,0,6,0,85.19
fold2_room1_mix1758,37,5,0,25,0,19.40
fold2_room1_mix1758,38,5,0,5,0,84.00
fold2_room1_mix1758,38,5,0,25,0,18.35
fold2_room1_mix1758,39,5,0,5,0,82.59
fold2_room1_mix1758,39,5,0,27,0,17.39
fold2_room1_mix1758,40,5,0,6,0,83.10
fold2_room1_mix1758,40,5,0,28,0,16.85
fold2_room1_mix1758,41,5,0,6,0,82.45
fold2_room1_mix1758,41,5,0,30,0,15.48
fold2_room1_mix1758,42,5,0,5,0,82.72
fold2_room1_mix1758,42,5,0,31,0,14.52
fold2_room1_mix1758,43,5,0,6,0,82.84
fold2_room1_mix1758,43,5,0,36,-1,13.60
fold2_room1_mix1758,44,5,0,6,0,78.72
fold2_room1_mix1758,44,5,0,41,-1,11.82
fold2_room1_mix1758,45,5,0,6,0,75.15
fold2_room1_mix1758,45,5,0,44,-1,11.09
fold2_room1_mix1758,46,5,0,6,0,79.71
fold2_room1_mix1758,46,5,0,49,-1,10.48
fold2_room1_mix1758,47,5,0,6,0,76.17
fold2_room1_mix1758,47,5,0,53,-1,9.96
fold2_room1_mix1758,48,5,0,6,0,74.05
fold2_room1_mix1758,48,5,0,60,-1,8.98
fold2_room1_mix1758,49,5,0,6,0,73.99
fold2_room1_mix1758,49,5,0,64,-1,8.61
fold2_room1_mix1758,50,5,0,6,0,71.37
fold2_room1_mix1758,50,5,0,81,-2,7.94
fold2_room1_mix1758,51,5,0,7,0,67.01
fold2_room1_mix1758,51,5,0,90,-2,8.09
fold2_room1_mix1758,52,5,0,7,0,67.01
fold2_room1_mix1758,52,5,0,104,-2,7.93
fold2_room1_mix1758,53,5,0,7,0,66.70
fold2_room1_mix1758,53,5,0,108,-2,8.26
fold2_room1_mix1758,54,5,0,7,0,67.11
fold2_room1_mix1758,54,5,0,114,-1,8.76
fold2_room1_mix1758,55,5,0,8,0,64.72
fold2_room1_mix1758,55,5,0,126,-1,9.98
fold2_room1_mix1758,56,5,0,8,0,64.32
fold2_room1_mix1758,56,5,0,131,-1,10.91
fold2_room1_mix1758,57,5,0,8,0,64.11
fold2_room1_mix1758,57,5,0,135,-1,11.71
fold2_room1_mix1758,58,5,0,7,0,63.61
fold2_room1_mix1758,58,5,0,136,-1,11.95
fold2_room1_mix1758,59,5,0,7,0,62.76
fold2_room1_mix1758,59,5,0,140,-1,13.46
fold2_room1_mix1758,60,5,0,8,0,58.69
fold2_room1_mix1758,60,5,0,148,0,15.25
fold2_room1_mix1758,61,5,0,9,0,59.17
fold2_room1_mix1758,61,5,0,149,0,16.74
fold2_room1_mix1758,62,5,0,8,0,57.22
fold2_room1_mix1758,62,5,0,152,0,18.34
fold2_room1_mix1758,63,5,0,9,0,59.50
fold2_room1_mix1758,63,5,0,155,0,20.85
fold2_room1_mix1758,64,5,0,10,0,57.45
fold2_room1_mix1758,64,5,0,158,0,22.83
fold2_room1_mix1758,65,5,0,10,0,53.98
fold2_room1_mix1758,65,5,0,158,0,23.09
fold2_room1_mix1758,66,5,0,11,0,50.95
fold2_room1_mix1758,66,5,0,160,0,25.87
fold2_room1_mix1758,67,5,0,11,0,52.44
fold2_room1_mix1758,67,5,0,161,0,28.20
fold2_room1_mix1758,68,5,0,10,0,57.18
fold2_room1_mix1758,68,5,0,161,0,27.89
fold2_room1_mix1758,69,5,0,11,0,55.29
fold2_room1_mix1758,69,5,0,160,0,28.64
fold2_room1_mix1758,70,5,0,10,0,55.50
fold2_room1_mix1758,70,5,0,162,0,28.66
fold2_room1_mix1758,71,5,0,11,0,53.54
fold2_room1_mix1758,71,5,0,161,0,29.34
fold2_room1_mix1758,72,5,0,11,0,57.39
fold2_room1_mix1758,72,5,0,162,0,31.48
fold2_room1_mix1758,73,5,0,10,0,54.83
fold2_room1_mix1758,73,5,0,163,0,31.71
fold2_room1_mix1758,74,5,0,10,0,52.74
fold2_room1_mix1758,74,5,0,164,0,32.32
fold2_room1_mix1758,75,5,0,12,0,50.12
fold2_room1_mix1758,75,5,0,166,0,35.20
fold2_room1_mix1758,76,5,0,14,0,45.67
fold2_room1_mix1758,76,5,0,166,0,38.65
fold2_room1_mix1758,77,5,0,14,0,47.74
fold2_room1_mix1758,77,5,0,165,0,38.46
fold2_room1_mix1758,78,5,0,12,0,56.93
fold2_room1_mix1758,78,5,0,166,0,41.47
fold2_room1_mix1758,79,5,0,8,0,63.23
fold2_room1_mix1758,79,5,0,29,0,20.75
fold2_room1_mix1758,79,5,0,165,0,42.79
fold2_room1_mix1758,80,5,0,7,0,71.88
fold2_room1_mix1758,80,5,0,24,0,23.56
fold2_room1_mix1758,80,5,0,167,0,43.91
fold2_room1_mix1758,81,5,0,8,0,54.36
fold2_room1_mix1758,81,5,0,36,-1,17.29
fold2_room1_mix1758,81,5,0,167,0,46.37
fold2_room1_mix1758,82,5,0,10,0,52.64
fold2_room1_mix1758,82,5,0,43,-1,17.38
fold2_room1_mix1758,82,5,0,166,0,49.45
fold2_room1_mix1758,83,5,0,8,0,65.30
fold2_room1_mix1758,83,5,0,29,0,21.91
fold2_room1_mix1758,83,5,0,167,0,46.99
fold2_room1_mix1758,84,5,0,8,0,56.45
fold2_room1_mix1758,84,5,0,39,0,17.86
fold2_room1_mix1758,84,5,0,168,0,51.70
fold2_room1_mix1758,85,5,0,8,0,60.61
fold2_room1_mix1758,85,5,0,35,0,18.59
fold2_room1_mix1758,85,5,0,168,0,52.22
fold2_room1_mix1758,86,5,0,8,0,57.29
fold2_room1_mix1758,86,5,0,40,0,16.56
fold2_room1_mix1758,86,5,0,169,0,53.35
fold2_room1_mix1758,87,5,0,13,0,36.77
fold2_room1_mix1758,87,5,0,88,-1,12.47
fold2_room1_mix1758,87,5,0,169,0,52.77
fold2_room1_mix1758,88,5,0,22,0,20.74
fold2_room1_mix1758,88,5,0,139,-1,15.92
fold2_room1_mix1758,88,5,0,171,0,57.86
fold2_room1_mix1758,89,5,0,15,0,29.42
fold2_room1_mix1758,89,5,0,104,-1,13.00
fold2_room1_mix1758,89,5,0,172,0,53.96
fold2_room1_mix1758,90,5,0,32,-1,15.72
fold2_room1_mix1758,90,5,0,145,-1,17.14
fold2_room1_mix1758,90,5,0,172,0,59.62
fold2_room1_mix1758,91,5,0,19,0,26.14
fold2_room1_mix1758,91,5,0,133,-1,17.13
fold2_room1_mix1758,91,5,0,171,0,64.52
fold2_room1_mix1758,92,5,0,20,0,25.79
fold2_room1_mix1758,92,5,0,141,0,18.28
fold2_room1_mix1758,92,5,0,170,0,68.53
fold2_room1_mix1758,93,5,0,13,0,41.92
fold2_room1_mix1758,93,5,0,92,-1,13.81
fold2_room1_mix1758,93,5,0,168,0,61.33
fold2_room1_mix1758,94,5,0,18,0,32.01
fold2_room1_mix1758,94,5,0,125,-1,15.00
fold2_room1_mix1758,94,5,0,169,0,62.26
fold2_room1_mix1758,95,5,0,16,0,36.10
fold2_room1_mix1758,95,5,0,123,0,14.42
fold2_room1_mix1758,95,5,0,169,0,62.42
fold2_room1_mix1758,96,5,0,15,0,34.86
fold2_room1_mix1758,96,5,0,128,0,15.02
fold2_room1_mix1758,96,5,0,170,0,63.33
fold2_room1_mix1758,97,5,0,16,0,35.89
fold2_room1_mix1758,97,5,0,134,-1,16.30
fold2_room1_mix1758,97,5,0,171,0,69.33
fold2_room1_mix1758,98,5,0,21,0,23.46
fold2_room1_mix1758,98,5,0,149,0,20.33
fold2_room1_mix1758,98,5,0,171,0,70.27
fold2_room1_mix1758,99,5,0,20,0,24.61
fold2_room1_mix1758,99,5,0,146,0,19.62
fold2_room1_mix1758,99,5,0,170,0,67.46
fold2_room1_mix1758,4,5,0,6,1,7.80
fold2_room1_mix1759,4,5,0,0,2,5.10
fold2_room1_mix1759,5,5,0,-2,1,18.98
fold2_room1_mix1759,6,5,0,0,0,33.35
fold2_room1_mix1759,7,5,0,0,0,49.37
fold2_room1_mix1759,8,5,0,-1,0,83.35
fold2_room1_mix1759,9,5,0,0,0,106.14
fold2_room1_mix1759,10,5,0,-1,0,105.73
fold2_room1_mix1759,11,5,0,0,0,102.14
fold2_room1_mix1759,12,5,0,-1,0,93.52
fold2_room1_mix1759,13,5,0,0,0,96.63
fold2_room1_mix1759,14,5,0,0,0,98.26
fold2_room1_mix1759,15,5,0,-1,0,102.03
fold2_room1_mix1759,16,5,0,0,0,104.50
fold2_room1_mix1759,17,5,0,0,0,102.13
fold2_room1_mix1759,18,5,0,-1,0,103.78
fold2_room1_mix1759,19,5,0,0,0,111.67
fold2_room1_mix1759,20,5,0,0,0,104.28
fold2_room1_mix1759,21,5,0,-2,0,109.78
fold2_room1_mix1759,22,5,0,-1,0,109.56
fold2_room1_mix1759,23,5,0,-1,0,103.75
fold2_room1_mix1759,24,5,0,0,0,108.90
fold2_room1_mix1759,25,5,0,0,0,106.34
fold2_room1_mix1759,26,5,0,-2,0,105.06
fold2_room1_mix1759,27,5,0,0,0,108.13
fold2_room1_mix1759,28,5,0,0,0,106.97
fold2_room1_mix1759,29,5,0,-1,0,104.97
fold2_room1_mix1759,30,5,0,-1,0,103.75
fold2_room1_mix1759,31,5,0,-1,0,105.69
fold2_room1_mix1759,32,5,0,-1,0,106.98
fold2_room1_mix1759,33,5,0,-2,0,101.20
fold2_room1_mix1759,34,5,0,-1,0,104.65
fold2_room1_mix1759,35,5,0,-1,0,105.57
fold2_room1_mix1759,36,5,0,-2,0,99.13
fold2_room1_mix1759,37,5,0,-2,0,100.32
fold2_room1_mix1759,38,5,0,-3,0,101.81
fold2_room1_mix1759,39,5,0,-2,0,97.13
fold2_room1_mix1759,40,5,0,-2,0,99.35
fold2_room1_mix1759,41,5,0,-3,0,98.85
fold2_room1_mix1759,42,5,0,-4,0,96.32
fold2_room1_mix1759,43,5,0,-4,0,94.64
fold2_room1_mix1759,44,5,0,-4,0,92.74
fold2_room1_mix1759,45,5,0,-5,0,89.82
fold2_room1_mix1759,46,5,0,-5,0,87.45
fold2_room1_mix1759,47,5,0,-6,0,86.90
fold2_room1_mix1759,48,5,0,-6,0,82.19
fold2_room1_mix1759,49,5,0,-7,0,79.12
fold2_room1_mix1759,50,5,0,-7,0,78.24
fold2_room1_mix1759,51,5,0,-7,0,78.64
fold2_room1_mix1759,52,5,0,-7,0,79.06
fold2_room1_mix1759,53,5,0,-7,0,75.56
fold2_room1_mix1759,54,5,0,-7,0,76.40
fold2_room1_mix1759,55,5,0,-2,0,99.35
fold2_room1_mix1759,55,5,0,-18,0,20.56
fold2_room1_mix1759,56,5,0,-2,0,97.25
fold2_room1_mix1759,56,5,0,-19,0,19.96
fold2_room1_mix1759,57,5,0,-2,0,98.23
fold2_room1_mix1759,57,5,0,-20,0,18.50
fold2_room1_mix1759,58,5,0,-2,0,95.84
fold2_room1_mix1759,58,5,0,-20,0,17.77
fold2_room1_mix1759,59,5,0,-2,0,93.70
fold2_room1_mix1759,59,5,0,-22,0,15.51
fold2_room1_mix1759,60,5,0,-2,0,90.26
fold2_room1_mix1759,60,5,0,-24,0,13.94
fold2_room1_mix1759,61,5,0,-2,0,87.03
fold2_room1_mix1759,61,5,0,-27,0,12.92
fold2_room1_mix1759,62,5,0,-3,0,87.38
fold2_room1_mix1759,62,5,0,-32,0,11.59
fold2_room1_mix1759,63,5,0,-3,0,87.27
fold2_room1_mix1759,63,5,0,-40,0,10.44
fold2_room1_mix1759,64,5,0,-3,0,83.43
fold2_room1_mix1759,64,5,0,-45,-1,8.71
fold2_room1_mix1759,65,5,0,-3,0,81.59
fold2_room1_mix1759,65,5,0,-54,-1,7.57
fold2_room1_mix1759,66,5,0,-4,0,82.54
fold2_room1_mix1759,66,5,0,-66,-1,6.71
fold2_room1_mix1759,67,5,0,-5,0,86.56
fold2_room1_mix1759,67,5,0,-93,-1,6.97
fold2_room1_mix1759,68,5,0,-5,0,80.81
fold2_room1_mix1759,68,5,0,-102,-1,6.89
fold2_room1_mix1759,69,5,0,-4,0,79.75
fold2_room1_mix1759,69,5,0,-124,-1,8.20
fold2_room1_mix1759,70,5,0,-5,0,80.68
fold2_room1_mix1759,70,5,0,-132,-1,9.75
fold2_room1_mix1759,71,5,0,-4,0,71.72
fold2_room1_mix1759,71,5,0,-144,0,12.05
fold2_room1_mix1759,72,5,0,-5,0,70.98
fold2_room1_mix1759,72,5,0,-141,0,11.61
fold2_room1_mix1759,73,5,0,-5,0,68.10
fold2_room1_mix1759,73,5,0,-148,0,13.92
fold2_room1_mix1759,74,5,0,-6,0,61.68
fold2_room1_mix1759,74,5,0,-151,0,15.32
fold2_room1_mix1759,75,5,0,-6,0,62.31
fold2_room1_mix1759,75,5,0,-154,0,16.74
fold2_room1_mix1759,76,5,0,-5,0,65.82
fold2_room1_mix1759,76,5,0,-154,0,16.19
fold2_room1_mix1759,77,5,0,-6,0,60.72
fold2_room1_mix1759,77,5,0,-159,0,18.02
fold2_room1_mix1759,78,5,0,-5,0,63.99
fold2_room1_mix1759,78,5,0,-160,0,19.79
fold2_room1_mix1759,79,5,0,-5,0,62.79
fold2_room1_mix1759,79,5,0,-162,0,21.70
fold2_room1_mix1759,80,5,0,-6,0,58.12
fold2_room1_mix1759,80,5,0,-162,0,22.48
fold2_room1_mix1759,81,5,0,-6,0,55.99
fold2_room1_mix1759,81,5,0,-165,0,26.76
fold2_room1_mix1759,82,5,0,-6,0,55.62
fold2_room1_mix1759,82,5,0,-165,0,27.80
fold2_room1_mix1759,83,5,0,-10,0,44.73
fold2_room1_mix1759,83,5,0,-167,0,31.46
fold2_room1_mix1759,84,5,0,-8,0,49.41
fold2_room1_mix1759,84,5,0,-167,0,31.68
fold2_room1_mix1759,85,5,0,-8,0,51.18
fold2_room1_mix1759,85,5,0,-168,0,36.76
fold2_room1_mix1759,86,5,0,-8,0,52.71
fold2_room1_mix1759,86,5,0,-167,0,35.33
fold2_room1_mix1759,87,5,0,-9,0,48.71
fold2_room1_mix1759,87,5,0,-169,0,36.90
fold2_room1_mix1759,88,5,0,-9,0,49.69
fold2_room1_mix1759,88,5,0,-168,0,35.13
fold2_room1_mix1759,89,5,0,-4,0,63.78
fold2_room1_mix1759,89,5,0,-22,0,20.27
fold2_room1_mix1759,89,5,0,-168,0,40.34
fold2_room1_mix1759,90,5,0,-10,0,48.80
fold2_room1_mix1759,90,5,0,-168,0,35.09
fold2_room1_mix1759,91,5,0,-3,0,68.21
fold2_room1_mix1759,91,5,0,-22,0,20.23
fold2_room1_mix1759,91,5,0,-170,0,41.21
fold2_room1_mix1759,92,5,0,-4,0,70.30
fold2_room1_mix1759,92,5,0,-22,0,20.73
fold2_room1_mix1759,92,5,0,-169,0,45.04
fold2_room1_mix1759,93,5,0,-3,0,72.54
fold2_room1_mix1759,93,5,0,-19,0,22.40
fold2_room1_mix1759,93,5,0,-170,0,40.61
fold2_room1_mix1759,94,5,0,-3,0,69.92
fold2_room1_mix1759,94,5,0,-23,0,19.90
fold2_room1_mix1759,94,5,0,-169,0,45.96
fold2_room1_mix1759,95,5,0,-1,0,81.24
fold2_room1_mix1759,95,5,0,-16,0,22.39
fold2_room1_mix1759,95,5,0,-171,0,46.54
fold2_room1_mix1759,96,5,0,-4,0,57.55
fold2_room1_mix1759,96,5,0,-35,0,13.99
fold2_room1_mix1759,96,5,0,-172,0,53.10
fold2_room1_mix1759,97,5,0,-4,0,54.56
fold2_room1_mix1759,97,5,0,-39,-1,13.40
fold2_room1_mix1759,97,5,0,-173,0,54.94
fold2_room1_mix1759,98,5,0,-1,0,74.32
fold2_room1_mix1759,98,5,0,-23,0,19.20
fold2_room1_mix1759,98,5,0,-173,0,52.40
fold2_room1_mix1759,99,5,0,-1,0,76.58
fold2_room1_mix1759,99,5,0,-21,0,18.98
fold2_room1_mix1759,99,5,0,-172,0,52.20
fold2_room1_mix1760,3,7,0,-178,0,2.46
fold2_room1_mix1760,4,5,0,170,1,5.33
fold2_room1_mix1760,5,5,0,170,0,21.47
fold2_room1_mix1760,6,5,0,173,0,31.73
fold2_room1_mix1760,7,5,0,172,0,74.98
fold2_room1_mix1760,8,5,0,173,0,91.61
fold2_room1_mix1760,9,5,0,170,0,99.56
fold2_room1_mix1760,10,5,0,174,0,95.67
fold2_room1_mix1760,11,5,0,174,0,93.65
fold2_room1_mix1760,12,5,0,176,0,91.42
fold2_room1_mix1760,13,5,0,171,0,93.51
fold2_room1_mix1760,14,5,0,173,0,89.91
fold2_room1_mix1760,15,5,0,174,0,94.36
fold2_room1_mix1760,16,5,0,175,0,93.82
fold2_room1_mix1760,17,5,0,173,0,93.14
fold2_room1_mix1760,18,5,0,174,0,96.07
fold2_room1_mix1760,19,5,0,174,0,97.40
fold2_room1_mix1760,20,5,0,175,0,92.37
fold2_room1_mix1760,21,5,0,173,0,95.58
fold2_room1_mix1760,22,5,0,173,0,96.18
fold2_room1_mix1760,23,5,0,173,0,87.47
fold2_room1_mix1760,24,5,0,173,0,88.90
fold2_room1_mix1760,25,5,0,173,0,92.26
fold2_room1_mix1760,26,5,0,173,0,88.87
fold2_room1_mix1760,27,5,0,172,0,90.16
fold2_room1_mix1760,28,5,0,172,0,87.68
fold2_room1_mix1760,29,5,0,172,0,86.03
fold2_room1_mix1760,30,5,0,172,0,84.12
fold2_room1_mix1760,31,5,0,173,0,81.54
fold2_room1_mix1760,32,5,0,173,0,80.27
fold2_room1_mix1760,33,5,0,171,0,78.35
fold2_room1_mix1760,34,5,0,170,0,76.25
fold2_room1_mix1760,35,5,0,171,0,72.09
fold2_room1_mix1760,36,5,0,170,0,69.56
fold2_room1_mix1760,37,5,0,158,0,19.18
fold2_room1_mix1760,37,5,0,173,0,91.85
fold2_room1_mix1760,38,5,0,157,0,16.78
fold2_room1_mix1760,38,5,0,174,0,86.93
fold2_room1_mix1760,39,5,0,152,-1,14.21
fold2_room1_mix1760,39,5,0,174,0,83.72
fold2_room1_mix1760,40,5,0,147,-1,12.06
fold2_room1_mix1760,40,5,0,173,0,80.68
fold2_room1_mix1760,41,5,0,137,-1,9.22
fold2_room1_mix1760,41,5,0,173,0,79.74
fold2_room1_mix1760,42,5,0,133,-1,8.23
fold2_room1_mix1760,42,5,0,174,0,74.87
fold2_room1_mix1760,43,5,0,123,-2,6.82
fold2_room1_mix1760,43,5,0,174,0,74.06
fold2_room1_mix1760,44,5,0,111,-2,5.91
fold2_room1_mix1760,44,5,0,173,0,71.99
fold2_room1_mix1760,45,5,0,97,-2,5.66
fold2_room1_mix1760,45,5,0,173,0,72.39
fold2_room1_mix1760,46,5,0,75,-3,5.76
fold2_room1_mix1760,46,5,0,174,0,79.76
fold2_room1_mix1760,47,5,0,57,-2,6.53
fold2_room1_mix1760,47,5,0,174,0,78.52
fold2_room1_mix1760,48,5,0,50,-2,7.62
fold2_room1_mix1760,48,5,0,174,0,77.26
fold2_room1_mix1760,49,5,0,46,-2,7.56
fold2_room1_mix1760,49,5,0,174,0,70.34
fold2_room1_mix1760,50,5,0,38,-1,9.13
fold2_room1_mix1760,50,5,0,174,0,69.13
fold2_room1_mix1760,51,5,0,36,-1,9.74
fold2_room1_mix1760,51,5,0,174,0,69.38
fold2_room1_mix1760,52,5,0,32,-1,10.98
fold2_room1_mix1760,52,5,0,174,0,67.40
fold2_room1_mix1760,53,5,0,25,-1,12.88
fold2_room1_mix1760,53,5,0,174,0,67.26
fold2_room1_mix1760,54,5,0,21,-1,13.91
fold2_room1_mix1760,54,5,0,172,0,54.86
fold2_room1_mix1760,55,5,0,22,-1,16.07
fold2_room1_mix1760,55,5,0,172,0,65.95
fold2_room1_mix1760,56,5,0,20,0,16.37
fold2_room1_mix1760,56,5,0,171,0,56.66
fold2_room1_mix1760,57,5,0,18,0,18.59
fold2_room1_mix1760,57,5,0,169,0,48.00
fold2_room1_mix1760,58,5,0,18,0,19.39
fold2_room1_mix1760,58,5,0,172,0,55.64
fold2_room1_mix1760,59,5,0,16,0,20.87
fold2_room1_mix1760,59,5,0,171,0,55.18
fold2_room1_mix1760,60,5,0,16,0,22.67
fold2_room1_mix1760,60,5,0,171,0,55.19
fold2_room1_mix1760,61,5,0,14,0,25.63
fold2_room1_mix1760,61,5,0,170,0,52.76
fold2_room1_mix1760,62,5,0,12,0,29.56
fold2_room1_mix1760,62,5,0,159,0,21.29
fold2_room1_mix1760,62,5,0,175,0,72.05
fold2_room1_mix1760,63,5,0,14,0,26.90
fold2_room1_mix1760,63,5,0,167,0,49.44
fold2_room1_mix1760,64,5,0,12,0,27.57
fold2_room1_mix1760,64,5,0,168,0,48.03
fold2_room1_mix1760,65,5,0,13,0,28.47
fold2_room1_mix1760,65,5,0,159,0,23.24
fold2_room1_mix1760,65,5,0,174,0,74.05
fold2_room1_mix1760,66,5,0,12,0,29.56
fold2_room1_mix1760,66,5,0,158,0,22.46
fold2_room1_mix1760,66,5,0,173,0,74.89
fold2_room1_mix1760,67,5,0,11,0,32.51
fold2_room1_mix1760,67,5,0,155,0,19.79
fold2_room1_mix1760,67,5,0,173,0,71.76
fold2_room1_mix1760,68,5,0,10,0,33.09
fold2_room1_mix1760,68,5,0,151,0,17.03
fold2_room1_mix1760,68,5,0,173,0,65.96
fold2_room1_mix1760,69,5,0,8,0,38.90
fold2_room1_mix1760,69,5,0,138,0,12.90
fold2_room1_mix1760,69,5,0,174,0,55.53
fold2_room1_mix1760,70,5,0,8,0,42.87
fold2_room1_mix1760,70,5,0,149,0,16.89
fold2_room1_mix1760,70,5,0,175,0,73.17
fold2_room1_mix1760,71,5,0,9,0,40.65
fold2_room1_mix1760,71,5,0,154,0,18.15
fold2_room1_mix1760,71,5,0,174,0,77.16
fold2_room1_mix1760,72,5,0,7,0,42.55
fold2_room1_mix1760,72,5,0,154,0,16.28
fold2_room1_mix1760,72,5,0,174,0,71.53
fold2_room1_mix1760,73,5,0,7,0,45.79
fold2_room1_mix1760,73,5,0,142,-1,14.46
fold2_room1_mix1760,73,5,0,174,0,66.43
fold2_room1_mix1760,74,5,0,7,0,43.16
fold2_room1_mix1760,74,5,0,154,0,16.26
fold2_room1_mix1760,74,5,0,175,0,73.02
fold2_room1_mix1760,75,5,0,9,0,38.96
fold2_room1_mix1760,75,5,0,152,0,16.85
fold2_room1_mix1760,75,5,0,174,0,69.07
fold2_room1_mix1760,76,5,0,6,0,48.79
fold2_room1_mix1760,76,5,0,139,-1,13.21
fold2_room1_mix1760,76,5,0,173,0,62.56
fold2_room1_mix1760,77,5,0,6,0,48.68
fold2_room1_mix1760,77,5,0,139,-1,12.80
fold2_room1_mix1760,77,5,0,173,0,64.94
fold2_room1_mix1760,78,5,0,9,0,46.70
fold2_room1_mix1760,78,5,0,133,-1,11.78
fold2_room1_mix1760,78,5,0,172,0,59.84
fold2_room1_mix1760,79,5,0,8,0,52.17
fold2_room1_mix1760,79,5,0,113,-1,10.40
fold2_room1_mix1760,79,5,0,172,0,56.29
fold2_room1_mix1760,80,5,0,7,0,51.14
fold2_room1_mix1760,80,5,0,94,-1,9.04
fold2_room1_mix1760,80,5,0,172,0,50.19
fold2_room1_mix1760,81,5,0,7,0,58.40
fold2_room1_mix1760,81,5,0,90,-2,9.57
fold2_room1_mix1760,81,5,0,173,0,55.82
fold2_room1_mix1760,82,5,0,6,0,59.46
fold2_room1_mix1760,82,5,0,106,-1,10.23
fold2_room1_mix1760,82,5,0,174,0,62.64
fold2_room1_mix1760,83,5,0,7,0,59.00
fold2_room1_mix1760,83,5,0,90,-1,10.02
fold2_room1_mix1760,83,5,0,173,0,60.87
fold2_room1_mix1760,84,5,0,6,0,62.53
fold2_room1_mix1760,84,5,0,94,-1,10.85
fold2_room1_mix1760,84,5,0,174,0,63.07
fold2_room1_mix1760,85,5,0,6,0,59.81
fold2_room1_mix1760,85,5,0,175,0,69.72
fold2_room1_mix1760,86,5,0,6,0,60.86
fold2_room1_mix1760,86,5,0,138,-1,13.84
fold2_room1_mix1760,86,5,0,175,0,77.37
fold2_room1_mix1760,87,5,0,6,0,57.14
fold2_room1_mix1760,87,5,0,147,-1,15.15
fold2_room1_mix1760,87,5,0,175,0,76.16
fold2_room1_mix1760,88,5,0,5,0,59.42
fold2_room1_mix1760,88,5,0,126,-1,11.75
fold2_room1_mix1760,88,5,0,174,0,65.67
fold2_room1_mix1760,89,5,0,6,0,65.62
fold2_room1_mix1760,89,5,0,110,-1,11.57
fold2_room1_mix1760,89,5,0,173,0,67.75
fold2_room1_mix1760,90,5,0,6,0,70.98
fold2_room1_mix1760,90,5,0,76,-1,11.75
fold2_room1_mix1760,90,5,0,173,0,62.07
fold2_room1_mix1760,91,5,0,6,0,73.21
fold2_room1_mix1760,91,5,0,56,0,11.43
fold2_room1_mix1760,91,5,0,172,0,54.36
fold2_room1_mix1760,92,5,0,5,0,83.93
fold2_room1_mix1760,92,5,0,39,0,13.01
fold2_room1_mix1760,92,5,0,173,0,54.39
fold2_room1_mix1760,93,5,0,11,0,49.59
fold2_room1_mix1760,93,5,0,170,0,39.51
fold2_room1_mix1760,94,5,0,5,0,88.12
fold2_room1_mix1760,94,5,0,31,0,13.44
fold2_room1_mix1760,94,5,0,175,0,54.10
fold2_room1_mix1760,95,5,0,5,0,89.64
fold2_room1_mix1760,95,5,0,22,0,15.45
fold2_room1_mix1760,95,5,0,175,0,47.73
fold2_room1_mix1760,96,5,0,4,0,91.33
fold2_room1_mix1760,96,5,0,19,0,15.58
fold2_room1_mix1760,96,5,0,175,0,48.86
fold2_room1_mix1760,97,5,0,3,1,86.55
fold2_room1_mix1760,97,5,0,20,0,16.13
fold2_room1_mix1760,97,5,0,174,0,45.54
fold2_room1_mix1760,98,5,0,4,0,85.73
fold2_room1_mix1760,98,5,0,20,0,16.06
fold2_room1_mix1760,98,5,0,174,0,42.59
fold2_room1_mix1760,99,5,0,4,0,85.35
fold2_room1_mix1760,99,5,0,25,0,15.80
fold2_room1_mix1760,99,5,0,173,0,44.80
fold2_room1_mix1761,5,5,0,175,1,6.99
fold2_room1_mix1761,6,5,0,178,0,19.64
fold2_room1_mix1761,7,5,0,-178,1,44.77
fold2_room1_mix1761,8,5,0,-179,0,78.89
fold2_room1_mix1761,9,5,0,177,0,107.10
fold2_room1_mix1761,10,5,0,179,0,110.73
fold2_room1_mix1761,11,5,0,178,0,109.12
fold2_room1_mix1761,12,5,0,177,0,102.17
fold2_room1_mix1761,13,5,0,179,0,105.03
fold2_room1_mix1761,14,5,0,177,0,102.41
fold2_room1_mix1761,15,5,0,175,0,105.17
fold2_room1_mix1761,16,5,0,178,0,108.09
fold2_room1_mix1761,17,5,0,179,0,103.63
fold2_room1_mix1761,18,5,0,179,0,107.90
fold2_room1_mix1761,19,5,0,178,0,112.82
fold2_room1_mix1761,20,5,0,178,0,108.22
fold2_room1_mix1761,21,5,0,-178,0,109.71
fold2_room1_mix1761,22,5,0,-178,0,112.08
fold2_room1_mix1761,23,5,0,179,0,114.23
fold2_room1_mix1761,24,5,0,179,0,104.12
fold2_room1_mix1761,25,5,0,-179,0,111.55
fold2_room1_mix1761,26,5,0,-179,0,106.43
fold2_room1_mix1761,27,5,0,-178,0,105.01
fold2_room1_mix1761,28,5,0,-177,0,103.56
fold2_room1_mix1761,29,5,0,-176,0,105.03
fold2_room1_mix1761,30,5,0,-175,0,99.54
fold2_room1_mix1761,31,5,0,-176,0,97.88
fold2_room1_mix1761,32,5,0,-175,0,98.76
fold2_room1_mix1761,33,5,0,-175,0,96.72
fold2_room1_mix1761,34,5,0,-175,0,97.01
fold2_room1_mix1761,35,5,0,-174,0,99.41
fold2_room1_mix1761,36,5,0,-175,0,94.75
fold2_room1_mix1761,37,5,0,-175,0,96.48
fold2_room1_mix1761,38,5,0,-173,0,92.06
fold2_room1_mix1761,39,5,0,-173,0,87.45
fold2_room1_mix1761,40,5,0,-172,0,87.79
fold2_room1_mix1761,41,5,0,-171,0,83.35
fold2_room1_mix1761,42,5,0,-159,0,21.38
fold2_room1_mix1761,42,5,0,-176,0,108.07
fold2_room1_mix1761,43,5,0,-157,0,19.38
fold2_room1_mix1761,43,5,0,-175,0,100.57
fold2_room1_mix1761,44,5,0,-153,0,16.52
fold2_room1_mix1761,44,5,0,-175,0,101.98
fold2_room1_mix1761,45,5,0,-149,0,13.96
fold2_room1_mix1761,45,5,0,-174,0,98.03
fold2_room1_mix1761,46,5,0,-144,-1,11.13
fold2_room1_mix1761,46,5,0,-175,0,95.49
fold2_room1_mix1761,47,5,0,-129,-1,8.97
fold2_room1_mix1761,47,5,0,-175,0,95.38
fold2_room1_mix1761,48,5,0,-111,-1,7.86
fold2_room1_mix1761,48,5,0,-174,0,88.47
fold2_room1_mix1761,49,5,0,-102,-1,7.45
fold2_room1_mix1761,49,5,0,-173,0,85.11
fold2_room1_mix1761,50,5,0,-80,-2,7.46
fold2_room1_mix1761,50,5,0,-174,0,90.73
fold2_room1_mix1761,51,5,0,-56,-1,8.33
fold2_room1_mix1761,51,5,0,-171,0,72.94
fold2_room1_mix1761,52,5,0,-38,-1,9.82
fold2_room1_mix1761,52,5,0,-173,0,81.40
fold2_room1_mix1761,53,5,0,-36,-1,10.36
fold2_room1_mix1761,53,5,0,-173,0,82.97
fold2_room1_mix1761,54,5,0,-34,-1,11.22
fold2_room1_mix1761,54,5,0,-172,0,77.51
fold2_room1_mix1761,55,5,0,-28,-1,13.00
fold2_room1_mix1761,55,5,0,-172,0,76.76
fold2_room1_mix1761,56,5,0,-18,-1,15.23
fold2_room1_mix1761,56,5,0,-173,0,77.76
fold2_room1_mix1761,57,5,0,-17,0,17.47
fold2_room1_mix1761,57,5,0,-171,0,69.32
fold2_room1_mix1761,58,5,0,-17,0,19.09
fold2_room1_mix1761,58,5,0,-171,0,69.50
fold2_room1_mix1761,59,5,0,-17,0,20.86
fold2_room1_mix1761,59,5,0,-168,0,60.75
fold2_room1_mix1761,60,5,0,-14,0,24.73
fold2_room1_mix1761,60,5,0,-169,0,63.31
fold2_room1_mix1761,61,5,0,-13,0,25.80
fold2_room1_mix1761,61,5,0,-161,0,29.54
fold2_room1_mix1761,61,5,0,-176,0,93.02
fold2_room1_mix1761,62,5,0,-13,0,25.79
fold2_room1_mix1761,62,5,0,-159,0,26.84
fold2_room1_mix1761,62,5,0,-175,0,85.13
fold2_room1_mix1761,63,5,0,-12,0,26.57
fold2_room1_mix1761,63,5,0,-160,0,28.96
fold2_room1_mix1761,63,5,0,-176,0,93.59
fold2_room1_mix1761,64,5,0,-10,0,33.55
fold2_room1_mix1761,64,5,0,-149,0,20.00
fold2_room1_mix1761,64,5,0,-174,0,77.55
fold2_room1_mix1761,65,5,0,-8,0,34.71
fold2_room1_mix1761,65,5,0,-148,0,18.68
fold2_room1_mix1761,65,5,0,-175,0,74.85
fold2_room1_mix1761,66,5,0,-8,0,35.80
fold2_room1_mix1761,66,5,0,-146,0,17.46
fold2_room1_mix1761,66,5,0,-174,0,72.19
fold2_room1_mix1761,67,5,0,-9,0,39.29
fold2_room1_mix1761,67,5,0,-145,0,17.72
fold2_room1_mix1761,67,5,0,-174,0,75.74
fold2_room1_mix1761,68,5,0,-8,0,42.56
fold2_room1_mix1761,68,5,0,-136,-1,14.46
fold2_room1_mix1761,68,5,0,-173,0,67.74
fold2_room1_mix1761,69,5,0,-8,0,41.60
fold2_room1_mix1761,69,5,0,-142,-1,16.25
fold2_room1_mix1761,69,5,0,-174,0,72.83
fold2_room1_mix1761,70,5,0,-8,0,40.89
fold2_room1_mix1761,70,5,0,-136,0,13.92
fold2_room1_mix1761,70,5,0,-172,0,61.39
fold2_room1_mix1761,71,5,0,-9,0,42.00
fold2_room1_mix1761,71,5,0,-116,0,11.22
fold2_room1_mix1761,71,5,0,-169,0,51.18
fold2_room1_mix1761,72,5,0,-9,0,40.15
fold2_room1_mix1761,72,5,0,-77,-1,9.48
fold2_room1_mix1761,72,5,0,-167,0,37.98
fold2_room1_mix1761,73,5,0,-8,0,44.45
fold2_room1_mix1761,73,5,0,-79,-1,10.05
fold2_room1_mix1761,73,5,0,-167,0,44.77
fold2_room1_mix1761,74,5,0,-9,0,41.83
fold2_room1_mix1761,74,5,0,-65,0,9.29
fold2_room1_mix1761,74,5,0,-166,0,38.25
fold2_room1_mix1761,75,5,0,-7,0,46.57
fold2_room1_mix1761,75,5,0,-70,-1,9.77
fold2_room1_mix1761,75,5,0,-169,0,44.20
fold2_room1_mix1761,76,5,0,-9,0,52.48
fold2_room1_mix1761,76,5,0,-41,0,13.05
fold2_room1_mix1761,76,5,0,-160,0,29.48
fold2_room1_mix1761,77,5,0,-8,0,54.32
fold2_room1_mix1761,77,5,0,-34,0,15.42
fold2_room1_mix1761,77,5,0,-157,0,23.93
fold2_room1_mix1761,78,5,0,-9,0,47.80
fold2_room1_mix1761,78,5,0,-40,0,12.11
fold2_room1_mix1761,78,5,0,-159,0,24.07
fold2_room1_mix1761,79,5,0,-7,0,60.08
fold2_room1_mix1761,79,5,0,-27,0,18.43
fold2_room1_mix1761,79,5,0,-144,0,15.16
fold2_room1_mix1761,80,5,0,-7,0,63.03
fold2_room1_mix1761,80,5,0,-24,0,20.28
fold2_room1_mix1761,80,5,0,-134,0,11.64
fold2_room1_mix1761,81,5,0,-13,0,46.11
fold2_room1_mix1761,81,5,0,-107,-1,8.11
fold2_room1_mix1761,82,5,0,-14,0,47.14
fold2_room1_mix1761,82,5,0,-96,-1,8.03
fold2_room1_mix1761,83,5,0,-12,0,53.52
fold2_room1_mix1761,83,5,0,-76,-1,8.40
fold2_room1_mix1761,84,5,0,-10,0,59.42
fold2_room1_mix1761,84,5,0,-61,-1,8.87
fold2_room1_mix1761,85,5,0,-10,0,57.67
fold2_room1_mix1761,85,5,0,-50,-1,10.83
fold2_room1_mix1761,86,5,0,-9,0,59.72
fold2_room1_mix1761,86,5,0,-45,-1,11.93
fold2_room1_mix1761,87,5,0,-8,0,62.02
fold2_room1_mix1761,87,5,0,-36,0,15.07
fold2_room1_mix1761,88,5,0,-7,0,64.27
fold2_room1_mix1761,88,5,0,-29,-1,17.28
fold2_room1_mix1761,89,5,0,-12,0,52.49
fold2_room1_mix1761,90,5,0,-12,0,53.64
fold2_room1_mix1761,91,5,0,-9,0,56.55
fold2_room1_mix1761,92,5,0,-9,0,58.86
fold2_room1_mix1761,93,5,0,-8,0,59.06
fold2_room1_mix1761,94,5,0,-8,0,58.80
fold2_room1_mix1761,95,5,0,-8,0,60.70
fold2_room1_mix1761,96,5,0,-8,0,62.35
fold2_room1_mix1761,97,5,0,-7,0,64.05
fold2_room1_mix1761,98,5,0,-7,0,65.62
fold2_room1_mix1761,99,5,0,-7,0,71.12
fold2_room1_mix1762,5,5,0,2,1,4.67
fold2_room1_mix1762,6,5,0,3,1,7.85
fold2_room1_mix1762,7,5,0,0,0,27.73
fold2_room1_mix1762,8,5,0,0,0,46.18
fold2_room1_mix1762,9,5,0,1,0,79.53
fold2_room1_mix1762,10,5,0,0,0,105.26
fold2_room1_mix1762,11,5,0,0,0,111.11
fold2_room1_mix1762,12,5,0,0,0,105.98
fold2_room1_mix1762,13,5,0,0,0,98.21
fold2_room1_mix1762,14,5,0,-2,0,95.89
fold2_room1_mix1762,15,5,0,0,0,100.02
fold2_room1_mix1762,16,5,0,0,0,104.49
fold2_room1_mix1762,17,5,0,0,0,104.71
fold2_room1_mix1762,18,5,0,0,0,104.28
fold2_room1_mix1762,19,5,0,0,0,106.80
fold2_room1_mix1762,20,5,0,0,0,106.62
fold2_room1_mix1762,21,5,0,0,0,111.22
fold2_room1_mix1762,22,5,0,0,0,112.87
fold2_room1_mix1762,23,5,0,-1,0,113.22
fold2_room1_mix1762,24,5,0,-1,0,109.73
fold2_room1_mix1762,25,5,0,0,0,110.62
fold2_room1_mix1762,26,5,0,0,0,111.55
fold2_room1_mix1762,27,5,0,0,0,113.03
fold2_room1_mix1762,28,5,0,-1,0,109.46
fold2_room1_mix1762,29,5,0,0,0,113.19
fold2_room1_mix1762,30,5,0,0,0,113.29
fold2_room1_mix1762,31,5,0,0,0,111.13
fold2_room1_mix1762,32,5,0,-2,0,111.79
fold2_room1_mix1762,33,5,0,-1,0,109.83
fold2_room1_mix1762,34,5,0,-1,0,109.43
fold2_room1_mix1762,35,5,0,-2,0,114.45
fold2_room1_mix1762,36,5,0,-2,0,111.77
fold2_room1_mix1762,37,5,0,-2,0,110.04
fold2_room1_mix1762,38,5,0,-2,0,114.33
fold2_room1_mix1762,39,5,0,-2,0,111.51
fold2_room1_mix1762,40,5,0,-2,0,106.33
fold2_room1_mix1762,41,5,0,-2,0,108.11
fold2_room1_mix1762,42,5,0,-2,0,109.31
fold2_room1_mix1762,43,5,0,-3,0,106.41
fold2_room1_mix1762,44,5,0,-3,0,104.86
fold2_room1_mix1762,45,5,0,-4,0,106.17
fold2_room1_mix1762,46,5,0,-4,0,102.38
fold2_room1_mix1762,47,5,0,-5,0,101.48
fold2_room1_mix1762,48,5,0,-5,0,93.00
fold2_room1_mix1762,49,5,0,-5,0,92.77
fold2_room1_mix1762,50,5,0,-5,0,95.45
fold2_room1_mix1762,51,5,0,-5,0,94.67
fold2_room1_mix1762,52,5,0,-6,0,87.07
fold2_room1_mix1762,53,5,0,-6,0,86.71
fold2_room1_mix1762,54,5,0,-7,0,78.68
fold2_room1_mix1762,55,5,0,-7,0,76.99
fold2_room1_mix1762,56,5,0,-8,0,76.72
fold2_room1_mix1762,57,5,0,-8,0,73.06
fold2_room1_mix1762,58,5,0,-3,0,96.90
fold2_room1_mix1762,58,5,0,-21,0,21.87
fold2_room1_mix1762,59,5,0,-3,0,94.91
fold2_room1_mix1762,59,5,0,-20,0,22.05
fold2_room1_mix1762,60,5,0,-3,0,90.15
fold2_room1_mix1762,60,5,0,-21,0,18.66
fold2_room1_mix1762,61,5,0,-3,0,91.95
fold2_room1_mix1762,61,5,0,-22,0,18.16
fold2_room1_mix1762,62,5,0,-3,0,90.63
fold2_room1_mix1762,62,5,0,-24,0,17.48
fold2_room1_mix1762,63,5,0,-4,0,86.96
fold2_room1_mix1762,63,5,0,-31,0,14.31
fold2_room1_mix1762,64,5,0,-4,0,81.79
fold2_room1_mix1762,64,5,0,-39,0,11.99
fold2_room1_mix1762,65,5,0,-5,0,80.05
fold2_room1_mix1762,65,5,0,-46,0,10.57
fold2_room1_mix1762,66,5,0,-6,0,82.80
fold2_room1_mix1762,66,5,0,-62,0,9.05
fold2_room1_mix1762,67,5,0,-7,1,85.09
fold2_room1_mix1762,67,5,0,-83,0,9.11
fold2_room1_mix1762,68,5,0,-7,0,82.52
fold2_room1_mix1762,68,5,0,-112,0,10.25
fold2_room1_mix1762,69,5,0,-6,0,80.54
fold2_room1_mix1762,69,5,0,-125,0,10.94
fold2_room1_mix1762,70,5,0,-7,0,76.08
fold2_room1_mix1762,70,5,0,-132,0,12.71
fold2_room1_mix1762,71,5,0,-7,0,71.25
fold2_room1_mix1762,71,5,0,-141,0,14.81
fold2_room1_mix1762,72,5,0,-7,0,67.07
fold2_room1_mix1762,72,5,0,-146,0,16.57
fold2_room1_mix1762,73,5,0,-7,0,66.65
fold2_room1_mix1762,73,5,0,-148,0,17.23
fold2_room1_mix1762,74,5,0,-8,0,63.53
fold2_room1_mix1762,74,5,0,-152,0,19.09
fold2_room1_mix1762,75,5,0,-9,0,61.49
fold2_room1_mix1762,75,5,0,-155,0,21.59
fold2_room1_mix1762,76,5,0,-10,0,56.68
fold2_room1_mix1762,76,5,0,-154,0,22.13
fold2_room1_mix1762,77,5,0,-9,0,56.32
fold2_room1_mix1762,77,5,0,-160,0,24.36
fold2_room1_mix1762,78,5,0,-11,0,49.87
fold2_room1_mix1762,78,5,0,-160,0,27.33
fold2_room1_mix1762,79,5,0,-10,0,51.96
fold2_room1_mix1762,79,5,0,-161,0,29.04
fold2_room1_mix1762,80,5,0,-9,0,56.22
fold2_room1_mix1762,80,5,0,-162,0,29.47
fold2_room1_mix1762,81,5,0,-9,0,56.25
fold2_room1_mix1762,81,5,0,-163,0,31.32
fold2_room1_mix1762,82,5,0,-6,0,70.81
fold2_room1_mix1762,82,5,0,-22,0,25.74
fold2_room1_mix1762,82,5,0,-164,0,34.95
fold2_room1_mix1762,83,5,0,-5,0,67.85
fold2_room1_mix1762,83,5,0,-27,0,21.25
fold2_room1_mix1762,83,5,0,-166,0,43.49
fold2_room1_mix1762,84,5,0,-6,0,67.62
fold2_room1_mix1762,84,5,0,-33,0,20.44
fold2_room1_mix1762,84,5,0,-167,0,45.41
fold2_room1_mix1762,85,5,0,-7,0,62.40
fold2_room1_mix1762,85,5,0,-39,0,17.32
fold2_room1_mix1762,85,5,0,-167,0,48.99
fold2_room1_mix1762,86,5,0,-10,0,53.73
fold2_room1_mix1762,86,5,0,-61,0,14.35
fold2_room1_mix1762,86,5,0,-168,0,51.62
fold2_room1_mix1762,87,5,0,-8,0,60.20
fold2_room1_mix1762,87,5,0,-59,0,15.04
fold2_room1_mix1762,87,5,0,-171,0,56.30
fold2_room1_mix1762,88,5,0,-10,0,51.84
fold2_room1_mix1762,88,5,0,-80,0,12.96
fold2_room1_mix1762,88,5,0,-169,0,57.41
fold2_room1_mix1762,89,5,0,-9,0,54.36
fold2_room1_mix1762,89,5,0,-75,-1,13.61
fold2_room1_mix1762,89,5,0,-171,0,61.37
fold2_room1_mix1762,90,5,0,-10,0,55.40
fold2_room1_mix1762,90,5,0,-73,0,14.00
fold2_room1_mix1762,90,5,0,-170,0,60.45
fold2_room1_mix1762,91,5,0,-12,0,42.13
fold2_room1_mix1762,91,5,0,-102,-1,12.85
fold2_room1_mix1762,91,5,0,-170,0,61.38
fold2_room1_mix1762,92,5,0,-11,0,44.19
fold2_room1_mix1762,92,5,0,-101,-1,12.40
fold2_room1_mix1762,92,5,0,-170,0,61.75
fold2_room1_mix1762,93,5,0,-12,0,42.20
fold2_room1_mix1762,93,5,0,-110,-1,12.59
fold2_room1_mix1762,93,5,0,-170,0,65.05
fold2_room1_mix1762,94,5,0,-12,0,40.45
fold2_room1_mix1762,94,5,0,-121,-1,13.68
fold2_room1_mix1762,94,5,0,-171,0,69.16
fold2_room1_mix1762,95,5,0,-12,0,38.05
fold2_room1_mix1762,95,5,0,-132,-1,14.70
fold2_room1_mix1762,95,5,0,-172,0,70.79
fold2_room1_mix1762,96,5,0,-14,0,34.03
fold2_room1_mix1762,96,5,0,-134,0,14.43
fold2_room1_mix1762,96,5,0,-171,0,66.71
fold2_room1_mix1762,97,5,0,-13,0,31.74
fold2_room1_mix1762,97,5,0,-146,0,18.45
fold2_room1_mix1762,97,5,0,-174,0,81.98
fold2_room1_mix1762,98,5,0,-13,0,33.97
fold2_room1_mix1762,98,5,0,-142,0,18.05
fold2_room1_mix1762,98,5,0,-174,0,81.88
fold2_room1_mix1762,99,5,0,-14,0,32.11
fold2_room1_mix1762,99,5,0,-141,0,17.72
fold2_room1_mix1762,99,5,0,-173,0,78.84
fold2_room1_mix1763,4,5,0,-6,1,6.80
fold2_room1_mix1763,5,5,0,-5,0,26.76
fold2_room1_mix1763,6,5,0,0,0,40.38
fold2_room1_mix1763,7,5,0,-1,0,51.75
fold2_room1_mix1763,8,5,0,-5,0,81.97
fold2_room1_mix1763,9,5,0,-3,0,102.78
fold2_room1_mix1763,10,5,0,-1,0,104.98
fold2_room1_mix1763,11,5,0,0,0,95.18
fold2_room1_mix1763,12,5,0,0,0,91.88
fold2_room1_mix1763,13,5,0,0,0,92.27
fold2_room1_mix1763,14,5,0,-1,0,89.67
fold2_room1_mix1763,15,5,0,-1,0,92.22
fold2_room1_mix1763,16,5,0,-2,0,97.87
fold2_room1_mix1763,17,5,0,-1,0,96.30
fold2_room1_mix1763,18,5,0,0,0,96.80
fold2_room1_mix1763,19,5,0,-1,0,105.16
fold2_room1_mix1763,20,5,0,-1,0,99.99
fold2_room1_mix1763,21,5,0,-2,0,100.27
fold2_room1_mix1763,22,5,0,-3,0,103.89
fold2_room1_mix1763,23,5,0,-3,0,98.88
fold2_room1_mix1763,24,5,0,-2,0,98.85
fold2_room1_mix1763,25,5,0,-2,0,103.90
fold2_room1_mix1763,26,5,0,-3,0,99.94
fold2_room1_mix1763,27,5,0,-3,0,96.96
fold2_room1_mix1763,28,5,0,-4,0,100.83
fold2_room1_mix1763,29,5,0,-5,0,95.55
fold2_room1_mix1763,30,5,0,-5,0,91.52
fold2_room1_mix1763,31,5,0,-6,0,85.92
fold2_room1_mix1763,32,5,0,-7,0,87.58
fold2_room1_mix1763,33,5,0,-7,0,85.32
fold2_room1_mix1763,34,5,0,-7,0,81.10
fold2_room1_mix1763,35,5,0,-8,0,80.22
fold2_room1_mix1763,36,5,0,-8,0,73.23
fold2_room1_mix1763,37,5,0,-3,0,97.30
fold2_room1_mix1763,37,5,0,-19,0,19.73
fold2_room1_mix1763,38,5,0,-3,0,95.35
fold2_room1_mix1763,38,5,0,-22,0,17.98
fold2_room1_mix1763,39,5,0,-3,0,83.73
fold2_room1_mix1763,39,5,0,-26,0,13.28
fold2_room1_mix1763,40,5,0,-3,0,90.74
fold2_room1_mix1763,40,5,0,-40,0,11.02
fold2_room1_mix1763,41,5,0,-4,0,88.22
fold2_room1_mix1763,41,5,0,-54,0,9.11
fold2_room1_mix1763,42,5,0,-4,0,86.54
fold2_room1_mix1763,42,5,0,-66,-1,7.74
fold2_room1_mix1763,43,5,0,-4,0,85.24
fold2_room1_mix1763,43,5,0,-88,-1,7.77
fold2_room1_mix1763,44,5,0,-4,0,83.73
fold2_room1_mix1763,44,5,0,-123,0,9.77
fold2_room1_mix1763,45,5,0,-4,0,77.12
fold2_room1_mix1763,45,5,0,-138,0,12.02
fold2_room1_mix1763,46,5,0,-4,0,76.75
fold2_room1_mix1763,46,5,0,-143,0,12.79
fold2_room1_mix1763,47,5,0,-5,0,70.91
fold2_room1_mix1763,47,5,0,-147,0,15.64
fold2_room1_mix1763,48,5,0,-6,0,64.61
fold2_room1_mix1763,48,5,0,-153,0,20.32
fold2_room1_mix1763,49,5,0,-7,0,52.99
fold2_room1_mix1763,49,5,0,-156,0,20.68
fold2_room1_mix1763,50,5,0,-6,0,57.88
fold2_room1_mix1763,50,5,0,-159,0,22.30
fold2_room1_mix1763,51,5,0,-8,0,52.95
fold2_room1_mix1763,51,5,0,-162,0,26.20
fold2_room1_mix1763,52,5,0,-11,0,40.42
fold2_room1_mix1763,52,5,0,-164,0,25.84
fold2_room1_mix1763,53,5,0,-9,0,48.22
fold2_room1_mix1763,53,5,0,-165,0,29.55
fold2_room1_mix1763,54,5,0,-4,0,62.93
fold2_room1_mix1763,54,5,0,-25,0,20.98
fold2_room1_mix1763,54,5,0,-167,0,35.40
fold2_room1_mix1763,55,5,0,-4,0,67.64
fold2_room1_mix1763,55,5,0,-22,0,23.28
fold2_room1_mix1763,55,5,0,-166,0,35.58
fold2_room1_mix1763,56,5,0,-4,0,67.87
fold2_room1_mix1763,56,5,0,-23,0,21.92
fold2_room1_mix1763,56,5,0,-168,0,39.40
fold2_room1_mix1763,57,5,0,-6,0,62.17
fold2_room1_mix1763,57,5,0,-31,0,19.33
fold2_room1_mix1763,57,5,0,-168,0,43.62
fold2_room1_mix1763,58,5,0,-8,0,52.16
fold2_room1_mix1763,58,5,0,-42,0,15.51
fold2_room1_mix1763,58,5,0,-168,0,44.59
fold2_room1_mix1763,59,5,0,-9,0,59.52
fold2_room1_mix1763,59,5,0,-37,0,18.25
fold2_room1_mix1763,59,5,0,-165,0,43.67
fold2_room1_mix1763,60,5,0,-10,0,41.77
fold2_room1_mix1763,60,5,0,-76,-1,10.56
fold2_room1_mix1763,60,5,0,-169,0,46.42
fold2_room1_mix1763,61,5,0,-12,0,32.03
fold2_room1_mix1763,61,5,0,-117,-1,10.13
fold2_room1_mix1763,61,5,0,-171,0,48.13
fold2_room1_mix1763,62,5,0,-10,0,37.06
fold2_room1_mix1763,62,5,0,-107,-1,10.16
fold2_room1_mix1763,62,5,0,-171,0,51.82
fold2_room1_mix1763,63,5,0,-11,0,35.64
fold2_room1_mix1763,63,5,0,-124,-1,11.88
fold2_room1_mix1763,63,5,0,-172,0,57.75
fold2_room1_mix1763,64,5,0,-34,0,13.33
fold2_room1_mix1763,64,5,0,-153,0,16.95
fold2_room1_mix1763,64,5,0,-172,0,67.09
fold2_room1_mix1763,65,5,0,-42,0,10.33
fold2_room1_mix1763,65,5,0,-155,0,17.73
fold2_room1_mix1763,65,5,0,-172,0,64.98
fold2_room1_mix1763,66,5,0,-51,-1,9.40
fold2_room1_mix1763,66,5,0,-153,0,16.07
fold2_room1_mix1763,66,5,0,-171,0,62.15
fold2_room1_mix1763,67,5,0,-60,-1,8.91
fold2_room1_mix1763,67,5,0,-156,0,20.72
fold2_room1_mix1763,67,5,0,-172,0,73.19
fold2_room1_mix1763,68,5,0,-77,-1,6.71
fold2_room1_mix1763,68,5,0,-166,0,44.76
fold2_room1_mix1763,69,5,0,-103,-1,6.39
fold2_room1_mix1763,69,5,0,-167,0,45.91
fold2_room1_mix1763,70,5,0,-118,-2,7.62
fold2_room1_mix1763,70,5,0,-170,0,53.72
fold2_room1_mix1763,71,5,0,-127,-1,7.91
fold2_room1_mix1763,71,5,0,-169,0,47.79
fold2_room1_mix1763,72,5,0,-135,-1,9.13
fold2_room1_mix1763,72,5,0,-170,0,50.83
fold2_room1_mix1763,73,5,0,-141,-1,11.29
fold2_room1_mix1763,73,5,0,-170,0,56.19
fold2_room1_mix1763,74,5,0,-147,-1,13.02
fold2_room1_mix1763,74,5,0,-172,0,58.09
fold2_room1_mix1763,75,5,0,-150,-1,14.55
fold2_room1_mix1763,75,5,0,-172,0,60.42
fold2_room1_mix1763,76,5,0,-153,-1,15.33
fold2_room1_mix1763,76,5,0,-173,0,65.34
fold2_room1_mix1763,77,5,0,-169,0,51.75
fold2_room1_mix1763,78,5,0,-168,0,50.02
fold2_room1_mix1763,79,5,0,-170,0,58.36
fold2_room1_mix1763,80,5,0,-171,0,64.16
fold2_room1_mix1763,81,5,0,-171,0,59.88
fold2_room1_mix1763,82,5,0,-172,0,63.23
fold2_room1_mix1763,83,5,0,-172,0,68.51
fold2_room1_mix1763,84,5,0,-172,0,66.02
fold2_room1_mix1763,85,5,0,-173,0,69.98
fold2_room1_mix1763,86,5,0,-173,0,74.36
fold2_room1_mix1763,87,5,0,-173,0,70.81
fold2_room1_mix1763,88,5,0,-174,0,74.83
fold2_room1_mix1763,89,5,0,-174,0,76.90
fold2_room1_mix1763,90,5,0,-174,0,73.69
fold2_room1_mix1763,91,5,0,-174,0,76.05
fold2_room1_mix1763,92,5,0,-174,0,80.39
fold2_room1_mix1763,93,5,0,-174,0,83.88
fold2_room1_mix1763,94,5,0,-175,0,82.26
fold2_room1_mix1763,95,5,0,-175,0,88.02
fold2_room1_mix1763,96,5,0,-175,0,94.00
fold2_room1_mix1763,97,5,0,-174,0,86.48
fold2_room1_mix1763,98,5,0,-175,0,90.46
fold2_room1_mix1763,99,5,0,-175,0,94.29
fold2_room1_mix1764,5,5,0,-9,1,2.83
fold2_room1_mix1764,6,5,0,0,1,9.12
fold2_room1_mix1764,7,5,0,3,0,21.90
fold2_room1_mix1764,8,5,0,-1,0,77.03
fold2_room1_mix1764,9,5,0,-2,0,80.39
fold2_room1_mix1764,10,5,0,-2,0,102.20
fold2_room1_mix1764,11,5,0,2,0,103.56
fold2_room1_mix1764,12,5,0,0,0,90.26
fold2_room1_mix1764,13,5,0,-2,0,100.71
fold2_room1_mix1764,14,5,0,4,0,88.51
fold2_room1_mix1764,15,5,0,0,0,94.28
fold2_room1_mix1764,16,5,0,0,0,105.92
fold2_room1_mix1764,17,5,0,1,0,110.00
fold2_room1_mix1764,18,5,0,1,0,98.78
fold2_room1_mix1764,19,5,0,1,0,111.13
fold2_room1_mix1764,20,5,0,0,0,99.63
fold2_room1_mix1764,21,5,0,-1,0,109.52
fold2_room1_mix1764,22,5,0,1,0,106.89
fold2_room1_mix1764,23,5,0,-1,0,100.42
fold2_room1_mix1764,24,5,0,0,0,100.52
fold2_room1_mix1764,25,5,0,0,0,105.52
fold2_room1_mix1764,26,5,0,0,0,99.14
fold2_room1_mix1764,27,5,0,-2,0,100.47
fold2_room1_mix1764,28,5,0,-3,0,96.28
fold2_room1_mix1764,29,5,0,-4,0,96.94
fold2_room1_mix1764,30,5,0,-4,0,86.72
fold2_room1_mix1764,31,5,0,-4,0,88.11
fold2_room1_mix1764,32,5,0,-4,0,87.28
fold2_room1_mix1764,33,5,0,-5,0,86.31
fold2_room1_mix1764,34,5,0,-5,0,80.23
fold2_room1_mix1764,35,5,0,-6,0,82.19
fold2_room1_mix1764,36,5,0,-6,0,75.86
fold2_room1_mix1764,37,5,0,-1,0,92.22
fold2_room1_mix1764,37,5,0,-18,0,16.19
fold2_room1_mix1764,38,5,0,-1,0,89.78
fold2_room1_mix1764,38,5,0,-26,0,13.27
fold2_room1_mix1764,39,5,0,-1,0,88.17
fold2_room1_mix1764,39,5,0,-33,0,11.25
fold2_room1_mix1764,40,5,0,-2,0,80.90
fold2_room1_mix1764,40,5,0,-45,0,9.23
fold2_room1_mix1764,41,5,0,-3,0,83.28
fold2_room1_mix1764,41,5,0,-66,-1,7.90
fold2_room1_mix1764,42,5,0,-3,0,84.32
fold2_room1_mix1764,42,5,0,-79,-1,7.39
fold2_room1_mix1764,43,5,0,-2,0,78.99
fold2_room1_mix1764,43,5,0,-111,0,9.65
fold2_room1_mix1764,44,5,0,-3,0,76.99
fold2_room1_mix1764,44,5,0,-126,0,10.01
fold2_room1_mix1764,45,5,0,-2,0,72.78
fold2_room1_mix1764,45,5,0,-150,0,13.74
fold2_room1_mix1764,46,5,0,-3,0,67.43
fold2_room1_mix1764,46,5,0,-147,0,13.57
fold2_room1_mix1764,47,5,0,-4,0,63.66
fold2_room1_mix1764,47,5,0,-154,0,18.26
fold2_room1_mix1764,48,5,0,-5,0,56.74
fold2_room1_mix1764,48,5,0,-155,0,19.94
fold2_room1_mix1764,49,5,0,-4,0,55.92
fold2_room1_mix1764,49,5,0,-159,0,20.58
fold2_room1_mix1764,50,5,0,-5,0,52.74
fold2_room1_mix1764,50,5,0,-162,0,21.42
fold2_room1_mix1764,51,5,0,-5,0,51.04
fold2_room1_mix1764,51,5,0,-165,0,22.69
fold2_room1_mix1764,52,5,0,-5,0,50.39
fold2_room1_mix1764,52,5,0,-166,0,26.95
fold2_room1_mix1764,53,5,0,-5,0,52.03
fold2_room1_mix1764,53,5,0,-166,0,26.28
fold2_room1_mix1764,54,5,0,-6,0,50.74
fold2_room1_mix1764,54,5,0,-167,0,29.84
fold2_room1_mix1764,55,5,0,-8,0,52.26
fold2_room1_mix1764,55,5,0,-168,0,34.04
fold2_room1_mix1764,56,5,0,-7,0,52.45
fold2_room1_mix1764,56,5,0,-170,0,37.44
fold2_room1_mix1764,57,5,0,-2,0,69.31
fold2_room1_mix1764,57,5,0,-22,0,20.28
fold2_room1_mix1764,57,5,0,-171,0,39.94
fold2_room1_mix1764,58,5,0,-2,0,76.27
fold2_room1_mix1764,58,5,0,-19,0,21.86
fold2_room1_mix1764,58,5,0,-171,0,41.42
fold2_room1_mix1764,59,5,0,-2,0,73.18
fold2_room1_mix1764,59,5,0,-20,0,20.39
fold2_room1_mix1764,59,5,0,-172,0,41.73
fold2_room1_mix1764,60,5,0,-3,0,50.31
fold2_room1_mix1764,60,5,0,-40,-1,12.50
fold2_room1_mix1764,60,5,0,-171,0,42.13
fold2_room1_mix1764,61,5,0,-5,0,50.67
fold2_room1_mix1764,61,5,0,-58,-2,11.38
fold2_room1_mix1764,61,5,0,-173,0,53.27
fold2_room1_mix1764,62,5,0,-3,0,58.50
fold2_room1_mix1764,62,5,0,-63,-1,12.10
fold2_room1_mix1764,62,5,0,-175,0,56.42
fold2_room1_mix1764,63,5,0,-4,0,54.42
fold2_room1_mix1764,63,5,0,-80,-1,11.41
fold2_room1_mix1764,63,5,0,-175,0,58.92
fold2_room1_mix1764,64,5,0,-5,0,51.05
fold2_room1_mix1764,64,5,0,-105,-1,10.95
fold2_room1_mix1764,64,5,0,-176,0,65.82
fold2_room1_mix1764,65,5,0,-4,0,59.22
fold2_room1_mix1764,65,5,0,-59,-1,12.69
fold2_room1_mix1764,65,5,0,-176,0,59.23
fold2_room1_mix1764,66,5,0,-5,0,52.90
fold2_room1_mix1764,66,5,0,-65,-1,11.44
fold2_room1_mix1764,66,5,0,-174,0,59.93
fold2_room1_mix1764,67,5,0,-5,0,54.08
fold2_room1_mix1764,67,5,0,-67,-1,10.82
fold2_room1_mix1764,67,5,0,-175,0,59.07
fold2_room1_mix1764,68,5,0,-5,0,54.55
fold2_room1_mix1764,68,5,0,-73,-1,10.41
fold2_room1_mix1764,68,5,0,-176,0,58.36
fold2_room1_mix1764,69,5,0,-5,0,48.05
fold2_room1_mix1764,69,5,0,-106,-2,9.43
fold2_room1_mix1764,69,5,0,-176,0,62.48
fold2_room1_mix1764,70,5,0,-6,0,44.49
fold2_room1_mix1764,70,5,0,-104,-1,9.37
fold2_room1_mix1764,70,5,0,-174,0,60.62
fold2_room1_mix1764,71,5,0,-4,0,51.23
fold2_room1_mix1764,71,5,0,-99,-1,9.75
fold2_room1_mix1764,71,5,0,-177,0,64.05
fold2_room1_mix1764,72,5,0,-3,0,54.09
fold2_room1_mix1764,72,5,0,-106,-1,10.41
fold2_room1_mix1764,72,5,0,-178,0,71.34
fold2_room1_mix1764,73,5,0,-6,0,42.94
fold2_room1_mix1764,73,5,0,-125,-1,10.80
fold2_room1_mix1764,73,5,0,-177,0,69.89
fold2_room1_mix1764,74,5,0,-5,0,52.23
fold2_room1_mix1764,74,5,0,-106,-1,10.33
fold2_room1_mix1764,74,5,0,-177,0,70.09
fold2_room1_mix1764,75,5,0,-6,0,39.77
fold2_room1_mix1764,75,5,0,-133,-1,11.78
fold2_room1_mix1764,75,5,0,-177,0,76.14
fold2_room1_mix1764,76,5,0,-3,0,55.32
fold2_room1_mix1764,76,5,0,-85,-1,10.05
fold2_room1_mix1764,76,5,0,-178,0,69.99
fold2_room1_mix1764,77,5,0,-6,0,42.51
fold2_room1_mix1764,77,5,0,-137,-1,11.81
fold2_room1_mix1764,77,5,0,-179,0,80.77
fold2_room1_mix1764,78,5,0,-17,0,21.46
fold2_room1_mix1764,78,5,0,-161,0,20.72
fold2_room1_mix1764,78,5,0,-176,0,91.98
fold2_room1_mix1764,79,5,0,-9,0,29.64
fold2_room1_mix1764,79,5,0,-155,0,17.06
fold2_room1_mix1764,79,5,0,-177,0,89.42
fold2_room1_mix1764,80,5,0,-14,0,19.76
fold2_room1_mix1764,80,5,0,-173,0,65.05
fold2_room1_mix1764,81,5,0,-24,-1,14.18
fold2_room1_mix1764,81,5,0,-173,0,69.87
fold2_room1_mix1764,82,5,0,-33,-1,11.72
fold2_room1_mix1764,82,5,0,-172,0,64.52
fold2_room1_mix1764,83,5,0,-25,-1,14.00
fold2_room1_mix1764,83,5,0,-173,0,70.98
fold2_room1_mix1764,84,5,0,-44,-1,9.62
fold2_room1_mix1764,84,5,0,-173,0,74.03
fold2_room1_mix1764,85,5,0,-51,-2,8.09
fold2_room1_mix1764,85,5,0,-172,0,74.54
fold2_room1_mix1764,86,5,0,-73,-2,6.48
fold2_room1_mix1764,86,5,0,-173,0,71.99
fold2_room1_mix1764,87,5,0,-96,-2,6.01
fold2_room1_mix1764,87,5,0,-173,0,74.74
fold2_room1_mix1764,88,5,0,-121,-2,6.64
fold2_room1_mix1764,88,5,0,-173,0,73.26
fold2_room1_mix1764,89,5,0,-128,-2,7.27
fold2_room1_mix1764,89,5,0,-174,0,74.80
fold2_room1_mix1764,90,5,0,-140,-2,8.37
fold2_room1_mix1764,90,5,0,-174,0,74.08
fold2_room1_mix1764,91,5,0,-143,-1,9.34
fold2_room1_mix1764,91,5,0,-174,0,76.34
fold2_room1_mix1764,92,5,0,-147,-2,10.28
fold2_room1_mix1764,92,5,0,-174,0,74.51
fold2_room1_mix1764,93,5,0,-157,-1,13.18
fold2_room1_mix1764,93,5,0,-176,0,83.83
fold2_room1_mix1764,94,5,0,-160,-1,15.42
fold2_room1_mix1764,94,5,0,-176,0,88.23
fold2_room1_mix1764,95,5,0,-172,0,65.97
fold2_room1_mix1764,96,5,0,-172,0,70.77
fold2_room1_mix1764,97,5,0,-172,0,73.04
fold2_room1_mix1764,98,5,0,-173,0,73.81
fold2_room1_mix1764,99,5,0,-173,0,76.58
fold2_room1_mix1765,7,5,0,0,1,4.07
fold2_room1_mix1765,8,5,0,-3,0,19.10
fold2_room1_mix1765,9,5,0,0,0,54.18
fold2_room1_mix1765,10,5,0,0,0,78.91
fold2_room1_mix1765,11,5,0,0,0,77.20
fold2_room1_mix1765,12,5,0,-2,0,101.10
fold2_room1_mix1765,13,5,0,3,0,109.63
fold2_room1_mix1765,14,5,0,4,0,107.13
fold2_room1_mix1765,15,5,0,2,0,95.69
fold2_room1_mix1765,16,5,0,0,0,108.95
fold2_room1_mix1765,17,5,0,0,0,104.70
fold2_room1_mix1765,18,5,0,-1,0,101.26
fold2_room1_mix1765,19,5,0,-1,0,100.89
fold2_room1_mix1765,20,5,0,0,0,112.02
fold2_room1_mix1765,21,5,0,0,0,110.32
fold2_room1_mix1765,22,5,0,0,0,109.33
fold2_room1_mix1765,23,5,0,0,0,112.37
fold2_room1_mix1765,24,5,0,0,0,105.58
fold2_room1_mix1765,25,5,0,-1,0,113.56
fold2_room1_mix1765,26,5,0,-2,0,107.47
fold2_room1_mix1765,27,5,0,0,0,109.95
fold2_room1_mix1765,28,5,0,0,0,113.20
fold2_room1_mix1765,29,5,0,0,0,111.52
fold2_room1_mix1765,30,5,0,0,0,99.82
fold2_room1_mix1765,31,5,0,0,0,104.30
fold2_room1_mix1765,32,5,0,0,0,104.94
fold2_room1_mix1765,33,5,0,0,0,102.46
fold2_room1_mix1765,34,5,0,0,0,103.44
fold2_room1_mix1765,35,5,0,-2,0,105.52
fold2_room1_mix1765,36,5,0,0,0,104.79
fold2_room1_mix1765,37,5,0,0,0,105.47
fold2_room1_mix1765,38,5,0,0,0,103.94
fold2_room1_mix1765,39,5,0,-1,0,105.74
fold2_room1_mix1765,40,5,0,0,0,104.89
fold2_room1_mix1765,41,5,0,-1,0,102.17
fold2_room1_mix1765,42,5,0,0,0,105.61
fold2_room1_mix1765,43,5,0,-1,0,104.51
fold2_room1_mix1765,44,5,0,0,0,102.20
fold2_room1_mix1765,45,5,0,-1,0,104.17
fold2_room1_mix1765,46,5,0,-2,0,101.92
fold2_room1_mix1765,47,5,0,-3,0,102.00
fold2_room1_mix1765,48,5,0,-4,0,97.66
fold2_room1_mix1765,49,5,0,-3,0,97.78
fold2_room1_mix1765,50,5,0,-4,0,96.57
fold2_room1_mix1765,51,5,0,-6,0,89.27
fold2_room1_mix1765,52,5,0,-7,0,85.34
fold2_room1_mix1765,53,5,0,-6,0,85.95
fold2_room1_mix1765,54,5,0,-7,0,81.76
fold2_room1_mix1765,55,5,0,-8,0,73.24
fold2_room1_mix1765,56,5,0,-4,0,106.91
fold2_room1_mix1765,56,5,0,-25,0,18.07
fold2_room1_mix1765,57,5,0,-3,0,94.74
fold2_room1_mix1765,57,5,0,-25,0,15.71
fold2_room1_mix1765,58,5,0,-4,0,95.85
fold2_room1_mix1765,58,5,0,-35,0,12.58
fold2_room1_mix1765,59,5,0,-4,0,92.19
fold2_room1_mix1765,59,5,0,-45,0,10.75
fold2_room1_mix1765,60,5,0,-5,0,95.54
fold2_room1_mix1765,60,5,0,-63,-1,9.17
fold2_room1_mix1765,61,5,0,-4,0,102.92
fold2_room1_mix1765,61,5,0,-89,-1,9.06
fold2_room1_mix1765,62,5,0,-4,0,96.42
fold2_room1_mix1765,62,5,0,-109,-1,9.22
fold2_room1_mix1765,63,5,0,-3,0,94.82
fold2_room1_mix1765,63,5,0,-118,-1,10.84
fold2_room1_mix1765,64,5,0,-4,0,93.11
fold2_room1_mix1765,64,5,0,-133,0,13.05
fold2_room1_mix1765,65,5,0,-4,0,89.26
fold2_room1_mix1765,65,5,0,-139,0,14.76
fold2_room1_mix1765,66,5,0,-4,0,77.42
fold2_room1_mix1765,66,5,0,-148,0,18.08
fold2_room1_mix1765,67,5,0,-4,0,78.15
fold2_room1_mix1765,67,5,0,-147,0,16.95
fold2_room1_mix1765,68,5,0,-4,0,72.94
fold2_room1_mix1765,68,5,0,-152,0,19.51
fold2_room1_mix1765,69,5,0,-4,0,68.50
fold2_room1_mix1765,69,5,0,-159,0,25.22
fold2_room1_mix1765,70,5,0,-5,0,70.17
fold2_room1_mix1765,70,5,0,-160,0,25.87
fold2_room1_mix1765,71,5,0,-5,0,70.82
fold2_room1_mix1765,71,5,0,-163,0,30.06
fold2_room1_mix1765,72,5,0,-6,0,70.13
fold2_room1_mix1765,72,5,0,-162,0,30.49
fold2_room1_mix1765,73,5,0,-6,0,67.41
fold2_room1_mix1765,73,5,0,-165,0,35.30
fold2_room1_mix1765,74,5,0,-5,0,69.85
fold2_room1_mix1765,74,5,0,-164,0,33.69
fold2_room1_mix1765,75,5,0,-6,0,66.67
fold2_room1_mix1765,75,5,0,-166,0,36.32
fold2_room1_mix1765,76,5,0,-8,0,60.73
fold2_room1_mix1765,76,5,0,-166,0,39.09
fold2_room1_mix1765,77,5,0,-7,0,64.14
fold2_room1_mix1765,77,5,0,-167,0,40.66
fold2_room1_mix1765,78,5,0,-3,0,82.73
fold2_room1_mix1765,78,5,0,-20,0,26.37
fold2_room1_mix1765,78,5,0,-168,0,46.27
fold2_room1_mix1765,79,5,0,-4,0,76.19
fold2_room1_mix1765,79,5,0,-28,0,22.57
fold2_room1_mix1765,79,5,0,-169,0,50.50
fold2_room1_mix1765,80,5,0,-2,0,88.44
fold2_room1_mix1765,80,5,0,-20,0,26.04
fold2_room1_mix1765,80,5,0,-170,0,51.02
fold2_room1_mix1765,81,5,0,-3,0,88.61
fold2_room1_mix1765,81,5,0,-24,0,23.35
fold2_room1_mix1765,81,5,0,-172,0,56.54
fold2_room1_mix1765,82,5,0,-9,0,65.83
fold2_room1_mix1765,82,5,0,-169,0,50.02
fold2_room1_mix1765,83,5,0,-4,0,82.51
fold2_room1_mix1765,83,5,0,-32,0,21.70
fold2_room1_mix1765,83,5,0,-171,0,60.06
fold2_room1_mix1765,84,5,0,-4,0,78.19
fold2_room1_mix1765,84,5,0,-34,0,20.35
fold2_room1_mix1765,84,5,0,-171,0,64.02
fold2_room1_mix1765,85,5,0,-3,0,87.10
fold2_room1_mix1765,85,5,0,-29,0,22.34
fold2_room1_mix1765,85,5,0,-171,0,61.77
fold2_room1_mix1765,86,5,0,-4,0,71.49
fold2_room1_mix1765,86,5,0,-51,-1,16.42
fold2_room1_mix1765,86,5,0,-173,0,67.92
fold2_room1_mix1765,87,5,0,-4,0,80.31
fold2_room1_mix1765,87,5,0,-37,0,19.19
fold2_room1_mix1765,87,5,0,-173,0,65.02
fold2_room1_mix1765,88,5,0,-5,0,76.33
fold2_room1_mix1765,88,5,0,-52,-1,16.71
fold2_room1_mix1765,88,5,0,-173,0,69.53
fold2_room1_mix1765,89,5,0,-5,0,71.03
fold2_room1_mix1765,89,5,0,-71,-1,15.03
fold2_room1_mix1765,89,5,0,-174,0,75.05
fold2_room1_mix1765,90,5,0,-4,0,79.10
fold2_room1_mix1765,90,5,0,-45,0,17.65
fold2_room1_mix1765,90,5,0,-174,0,71.56
fold2_room1_mix1765,91,5,0,-5,0,64.26
fold2_room1_mix1765,91,5,0,-87,-1,13.88
fold2_room1_mix1765,91,5,0,-175,0,75.62
fold2_room1_mix1765,92,5,0,-6,0,62.21
fold2_room1_mix1765,92,5,0,-85,-2,14.24
fold2_room1_mix1765,92,5,0,-175,0,78.38
fold2_room1_mix1765,93,5,0,-7,0,59.00
fold2_room1_mix1765,93,5,0,-91,-1,13.60
fold2_room1_mix1765,93,5,0,-175,0,78.10
fold2_room1_mix1765,94,5,0,-6,0,57.07
fold2_room1_mix1765,94,5,0,-105,-1,12.87
fold2_room1_mix1765,94,5,0,-174,0,83.61
fold2_room1_mix1765,95,5,0,-5,0,77.00
fold2_room1_mix1765,95,5,0,-69,-1,14.81
fold2_room1_mix1765,95,5,0,-174,0,79.77
fold2_room1_mix1765,96,5,0,-8,0,50.82
fold2_room1_mix1765,96,5,0,-126,-1,14.42
fold2_room1_mix1765,96,5,0,-174,0,86.41
fold2_room1_mix1765,97,5,0,-6,0,63.98
fold2_room1_mix1765,97,5,0,-106,-1,13.78
fold2_room1_mix1765,97,5,0,-175,0,83.88
fold2_room1_mix1765,98,5,0,-4,0,76.36
fold2_room1_mix1765,98,5,0,-70,0,14.73
fold2_room1_mix1765,98,5,0,-175,0,79.95
fold2_room1_mix1765,99,5,0,-6,0,56.34
fold2_room1_mix1765,99,5,0,-122,-1,13.96
fold2_room1_mix1765,99,5,0,-176,0,92.11
fold2_room1_mix1766,3,5,0,-2,1,2.47
fold2_room1_mix1766,4,5,0,-1,2,9.87
fold2_room1_mix1766,5,5,0,-3,1,21.26
fold2_room1_mix1766,6,5,0,0,0,37.86
fold2_room1_mix1766,7,5,0,-1,0,60.97
fold2_room1_mix1766,8,5,0,-3,0,84.65
fold2_room1_mix1766,9,5,0,-2,0,101.14
fold2_room1_mix1766,10,5,0,-2,0,101.04
fold2_room1_mix1766,11,5,0,0,0,98.86
fold2_room1_mix1766,12,5,0,0,0,97.93
fold2_room1_mix1766,13,5,0,-1,0,92.67
fold2_room1_mix1766,14,5,0,-1,0,91.92
fold2_room1_mix1766,15,5,0,0,0,100.25
fold2_room1_mix1766,16,5,0,-2,0,98.08
fold2_room1_mix1766,17,5,0,-2,0,98.14
fold2_room1_mix1766,18,5,0,-1,0,100.69
fold2_room1_mix1766,19,5,0,-1,0,107.39
fold2_room1_mix1766,20,5,0,-2,0,103.22
fold2_room1_mix1766,21,5,0,-3,0,105.19
fold2_room1_mix1766,22,5,0,-3,0,104.68
fold2_room1_mix1766,23,5,0,-3,0,101.03
fold2_room1_mix1766,24,5,0,-2,0,103.00
fold2_room1_mix1766,25,5,0,-2,0,102.86
fold2_room1_mix1766,26,5,0,-2,0,101.68
fold2_room1_mix1766,27,5,0,-2,0,104.13
fold2_room1_mix1766,28,5,0,-3,0,100.90
fold2_room1_mix1766,29,5,0,-3,0,100.55
fold2_room1_mix1766,30,5,0,-3,0,97.12
fold2_room1_mix1766,31,5,0,-3,0,99.18
fold2_room1_mix1766,32,5,0,-5,0,98.92
fold2_room1_mix1766,33,5,0,-4,0,96.16
fold2_room1_mix1766,34,5,0,-5,0,94.55
fold2_room1_mix1766,35,5,0,-4,0,99.55
fold2_room1_mix1766,36,5,0,-4,0,96.07
fold2_room1_mix1766,37,5,0,-4,0,93.49
fold2_room1_mix1766,38,5,0,-5,0,93.09
fold2_room1_mix1766,39,5,0,-6,0,82.79
fold2_room1_mix1766,40,5,0,-5,0,78.53
fold2_room1_mix1766,41,5,0,-7,0,74.56
fold2_room1_mix1766,42,5,0,-7,0,72.31
fold2_room1_mix1766,43,5,0,-2,0,90.73
fold2_room1_mix1766,43,5,0,-18,0,19.91
fold2_room1_mix1766,44,5,0,-2,0,88.86
fold2_room1_mix1766,44,5,0,-18,0,20.64
fold2_room1_mix1766,45,5,0,-2,0,89.38
fold2_room1_mix1766,45,5,0,-19,0,20.82
fold2_room1_mix1766,46,5,0,-2,0,87.24
fold2_room1_mix1766,46,5,0,-20,0,18.69
fold2_room1_mix1766,47,5,0,-2,0,87.39
fold2_room1_mix1766,47,5,0,-20,0,19.69
fold2_room1_mix1766,48,5,0,-3,0,88.23
fold2_room1_mix1766,48,5,0,-21,0,18.59
fold2_room1_mix1766,49,5,0,-3,0,85.37
fold2_room1_mix1766,49,5,0,-22,0,16.68
fold2_room1_mix1766,50,5,0,-2,0,84.95
fold2_room1_mix1766,50,5,0,-27,0,14.60
fold2_room1_mix1766,51,5,0,-3,0,83.60
fold2_room1_mix1766,51,5,0,-35,0,11.89
fold2_room1_mix1766,52,5,0,-3,0,86.07
fold2_room1_mix1766,52,5,0,-43,0,10.83
fold2_room1_mix1766,53,5,0,-3,0,83.00
fold2_room1_mix1766,53,5,0,-49,0,9.93
fold2_room1_mix1766,54,5,0,-4,0,86.79
fold2_room1_mix1766,54,5,0,-66,-1,8.68
fold2_room1_mix1766,55,5,0,-4,0,84.53
fold2_room1_mix1766,55,5,0,-77,-1,7.52
fold2_room1_mix1766,56,5,0,-5,0,84.19
fold2_room1_mix1766,56,5,0,-98,-1,7.75
fold2_room1_mix1766,57,5,0,-4,0,82.59
fold2_room1_mix1766,57,5,0,-117,-1,9.49
fold2_room1_mix1766,58,5,0,-4,0,78.51
fold2_room1_mix1766,58,5,0,-124,-1,9.94
fold2_room1_mix1766,59,5,0,-5,0,78.07
fold2_room1_mix1766,59,5,0,-132,0,11.09
fold2_room1_mix1766,60,5,0,-5,0,74.67
fold2_room1_mix1766,60,5,0,-140,0,13.27
fold2_room1_mix1766,61,5,0,-5,0,71.06
fold2_room1_mix1766,61,5,0,-145,0,14.86
fold2_room1_mix1766,62,5,0,-6,0,65.97
fold2_room1_mix1766,62,5,0,-147,0,15.39
fold2_room1_mix1766,63,5,0,-6,0,63.89
fold2_room1_mix1766,63,5,0,-149,0,16.83
fold2_room1_mix1766,64,5,0,-6,0,63.95
fold2_room1_mix1766,64,5,0,-155,0,19.50
fold2_room1_mix1766,65,5,0,-7,0,57.92
fold2_room1_mix1766,65,5,0,-158,0,21.62
fold2_room1_mix1766,66,5,0,-7,0,63.43
fold2_room1_mix1766,66,5,0,-158,0,22.99
fold2_room1_mix1766,67,5,0,-6,0,59.95
fold2_room1_mix1766,67,5,0,-161,0,23.83
fold2_room1_mix1766,68,5,0,-7,0,58.85
fold2_room1_mix1766,68,5,0,-161,0,26.30
fold2_room1_mix1766,69,5,0,-7,0,57.13
fold2_room1_mix1766,69,5,0,-162,0,27.55
fold2_room1_mix1766,70,5,0,-8,0,52.54
fold2_room1_mix1766,70,5,0,-163,0,31.10
fold2_room1_mix1766,71,5,0,-9,0,50.11
fold2_room1_mix1766,71,5,0,-164,0,31.52
fold2_room1_mix1766,72,5,0,-11,0,49.54
fold2_room1_mix1766,72,5,0,-163,0,35.62
fold2_room1_mix1766,73,5,0,-11,0,49.56
fold2_room1_mix1766,73,5,0,-165,0,38.01
fold2_room1_mix1766,74,5,0,-11,0,53.12
fold2_room1_mix1766,74,5,0,-164,0,35.27
fold2_room1_mix1766,75,5,0,-11,0,52.23
fold2_room1_mix1766,75,5,0,-165,0,38.42
fold2_room1_mix1766,76,5,0,-4,0,80.00
fold2_room1_mix1766,76,5,0,-20,0,25.60
fold2_room1_mix1766,76,5,0,-166,0,41.89
fold2_room1_mix1766,77,5,0,-4,0,73.21
fold2_room1_mix1766,77,5,0,-24,0,21.87
fold2_room1_mix1766,77,5,0,-167,0,44.25
fold2_room1_mix1766,78,5,0,-5,1,70.94
fold2_room1_mix1766,78,5,0,-26,0,21.18
fold2_room1_mix1766,78,5,0,-167,0,44.55
fold2_room1_mix1766,79,5,0,-4,0,79.36
fold2_room1_mix1766,79,5,0,-20,0,24.20
fold2_room1_mix1766,79,5,0,-167,0,45.15
fold2_room1_mix1766,80,5,0,-3,0,81.41
fold2_room1_mix1766,80,5,0,-20,0,24.90
fold2_room1_mix1766,80,5,0,-168,0,46.92
fold2_room1_mix1766,81,5,0,-4,1,78.19
fold2_room1_mix1766,81,5,0,-26,0,22.11
fold2_room1_mix1766,81,5,0,-169,0,50.03
fold2_room1_mix1766,82,5,0,-3,0,83.01
fold2_room1_mix1766,82,5,0,-21,0,24.45
fold2_room1_mix1766,82,5,0,-169,0,49.47
fold2_room1_mix1766,83,5,0,-4,0,73.37
fold2_room1_mix1766,83,5,0,-31,0,18.38
fold2_room1_mix1766,83,5,0,-171,0,59.57
fold2_room1_mix1766,84,5,0,-7,0,61.44
fold2_room1_mix1766,84,5,0,-44,0,15.36
fold2_room1_mix1766,84,5,0,-170,0,60.00
fold2_room1_mix1766,85,5,0,-9,0,54.44
fold2_room1_mix1766,85,5,0,-59,-1,12.92
fold2_room1_mix1766,85,5,0,-171,0,64.09
fold2_room1_mix1766,86,5,0,-8,0,57.46
fold2_room1_mix1766,86,5,0,-61,-1,13.09
fold2_room1_mix1766,86,5,0,-171,0,66.49
fold2_room1_mix1766,87,5,0,-6,0,68.07
fold2_room1_mix1766,87,5,0,-45,0,15.30
fold2_room1_mix1766,87,5,0,-172,0,67.52
fold2_room1_mix1766,88,5,0,-8,0,51.06
fold2_room1_mix1766,88,5,0,-92,-1,12.57
fold2_room1_mix1766,88,5,0,-172,0,69.82
fold2_room1_mix1766,89,5,0,-10,0,43.94
fold2_room1_mix1766,89,5,0,-117,-1,13.33
fold2_room1_mix1766,89,5,0,-172,0,71.92
fold2_room1_mix1766,90,5,0,-9,0,42.28
fold2_room1_mix1766,90,5,0,-123,-1,12.82
fold2_room1_mix1766,90,5,0,-173,0,71.59
fold2_room1_mix1766,91,5,0,-6,0,56.28
fold2_room1_mix1766,91,5,0,-87,-1,12.02
fold2_room1_mix1766,91,5,0,-174,0,72.91
fold2_room1_mix1766,92,5,0,-8,0,53.58
fold2_room1_mix1766,92,5,0,-90,-1,12.35
fold2_room1_mix1766,92,5,0,-174,0,73.60
fold2_room1_mix1766,93,5,0,-7,0,58.65
fold2_room1_mix1766,93,5,0,-93,-1,12.16
fold2_room1_mix1766,93,5,0,-175,0,74.62
fold2_room1_mix1766,94,5,0,-6,0,58.62
fold2_room1_mix1766,94,5,0,-89,-1,12.58
fold2_room1_mix1766,94,5,0,-174,0,75.10
fold2_room1_mix1766,95,5,0,-7,0,50.97
fold2_room1_mix1766,95,5,0,-109,-1,12.59
fold2_room1_mix1766,95,5,0,-174,0,77.96
fold2_room1_mix1766,96,5,0,-8,0,48.52
fold2_room1_mix1766,96,5,0,-119,-1,12.35
fold2_room1_mix1766,96,5,0,-175,0,78.79
fold2_room1_mix1766,97,5,0,-9,0,44.59
fold2_room1_mix1766,97,5,0,-127,0,14.67
fold2_room1_mix1766,97,5,0,-174,0,82.96
fold2_room1_mix1766,98,5,0,-9,0,39.47
fold2_room1_mix1766,98,5,0,-137,-1,14.94
fold2_room1_mix1766,98,5,0,-175,0,82.59
fold2_room1_mix1766,99,5,0,-8,0,47.23
fold2_room1_mix1766,99,5,0,-125,-1,14.18
fold2_room1_mix1766,99,5,0,-174,0,85.13
fold2_room1_mix1767,5,5,0,178,1,24.56
fold2_room1_mix1767,6,5,0,175,0,40.75
fold2_room1_mix1767,7,5,0,177,0,72.89
fold2_room1_mix1767,8,5,0,177,0,104.63
fold2_room1_mix1767,9,5,0,174,0,96.78
fold2_room1_mix1767,10,5,0,174,0,99.52
fold2_room1_mix1767,11,5,0,175,0,96.53
fold2_room1_mix1767,12,5,0,175,0,94.09
fold2_room1_mix1767,13,5,0,175,0,94.14
fold2_room1_mix1767,14,5,0,175,0,94.79
fold2_room1_mix1767,15,5,0,175,0,96.45
fold2_room1_mix1767,16,5,0,174,0,87.36
fold2_room1_mix1767,17,5,0,175,0,88.05
fold2_room1_mix1767,18,5,0,174,0,94.67
fold2_room1_mix1767,19,5,0,175,0,90.73
fold2_room1_mix1767,20,5,0,175,0,90.05
fold2_room1_mix1767,21,5,0,174,0,90.13
fold2_room1_mix1767,22,5,0,174,0,83.89
fold2_room1_mix1767,23,5,0,174,0,80.98
fold2_room1_mix1767,24,5,0,175,0,87.57
fold2_room1_mix1767,25,5,0,174,0,80.74
fold2_room1_mix1767,26,5,0,173,0,81.73
fold2_room1_mix1767,27,5,0,175,0,86.96
fold2_room1_mix1767,28,5,0,174,0,82.79
fold2_room1_mix1767,29,5,0,173,0,79.48
fold2_room1_mix1767,30,5,0,173,0,81.34
fold2_room1_mix1767,31,5,0,173,0,79.64
fold2_room1_mix1767,32,5,0,173,0,80.17
fold2_room1_mix1767,33,5,0,172,0,79.91
fold2_room1_mix1767,34,5,0,172,0,77.89
fold2_room1_mix1767,35,5,0,172,0,77.45
fold2_room1_mix1767,36,5,0,171,0,76.85
fold2_room1_mix1767,37,5,0,171,0,73.46
fold2_room1_mix1767,38,5,0,171,0,70.54
fold2_room1_mix1767,39,5,0,170,0,69.22
fold2_room1_mix1767,40,5,0,169,0,68.90
fold2_room1_mix1767,41,5,0,158,0,19.55
fold2_room1_mix1767,41,5,0,174,0,89.32
fold2_room1_mix1767,42,5,0,157,0,18.06
fold2_room1_mix1767,42,5,0,174,0,88.13
fold2_room1_mix1767,43,5,0,156,0,17.45
fold2_room1_mix1767,43,5,0,174,0,86.19
fold2_room1_mix1767,44,5,0,151,0,14.38
fold2_room1_mix1767,44,5,0,174,0,84.96
fold2_room1_mix1767,45,5,0,146,-1,11.75
fold2_room1_mix1767,45,5,0,174,0,79.85
fold2_room1_mix1767,46,5,0,139,-1,9.40
fold2_room1_mix1767,46,5,0,173,0,75.60
fold2_room1_mix1767,47,5,0,135,-1,8.41
fold2_room1_mix1767,47,5,0,173,0,70.03
fold2_room1_mix1767,48,5,0,125,-1,7.31
fold2_room1_mix1767,48,5,0,173,0,71.10
fold2_room1_mix1767,49,5,0,118,-2,6.45
fold2_room1_mix1767,49,5,0,173,0,68.62
fold2_room1_mix1767,50,5,0,106,-2,5.88
fold2_room1_mix1767,50,5,0,173,0,71.78
fold2_room1_mix1767,51,5,0,85,-2,6.00
fold2_room1_mix1767,51,5,0,172,0,64.03
fold2_room1_mix1767,52,5,0,66,-2,6.08
fold2_room1_mix1767,52,5,0,173,0,67.19
fold2_room1_mix1767,53,5,0,61,-2,6.50
fold2_room1_mix1767,53,5,0,173,0,70.37
fold2_room1_mix1767,54,5,0,51,-2,7.26
fold2_room1_mix1767,54,5,0,173,0,66.71
fold2_room1_mix1767,55,5,0,48,-2,6.92
fold2_room1_mix1767,55,5,0,174,0,65.12
fold2_room1_mix1767,56,5,0,42,-1,8.15
fold2_room1_mix1767,56,5,0,173,0,65.19
fold2_room1_mix1767,57,5,0,39,-1,8.55
fold2_room1_mix1767,57,5,0,173,0,60.45
fold2_room1_mix1767,58,5,0,36,-1,9.31
fold2_room1_mix1767,58,5,0,173,0,61.43
fold2_room1_mix1767,59,5,0,31,-1,10.22
fold2_room1_mix1767,59,5,0,172,0,52.54
fold2_room1_mix1767,60,5,0,29,-1,12.01
fold2_room1_mix1767,60,5,0,172,0,57.32
fold2_room1_mix1767,61,5,0,26,-1,13.17
fold2_room1_mix1767,61,5,0,171,0,55.82
fold2_room1_mix1767,62,5,0,26,-1,13.93
fold2_room1_mix1767,62,5,0,170,0,53.51
fold2_room1_mix1767,63,5,0,22,0,15.35
fold2_room1_mix1767,63,5,0,170,0,51.25
fold2_room1_mix1767,64,5,0,22,0,15.92
fold2_room1_mix1767,64,5,0,170,0,47.39
fold2_room1_mix1767,65,5,0,20,0,18.21
fold2_room1_mix1767,65,5,0,170,0,49.50
fold2_room1_mix1767,66,5,0,18,0,19.92
fold2_room1_mix1767,66,5,0,171,0,54.78
fold2_room1_mix1767,67,5,0,18,0,20.27
fold2_room1_mix1767,67,5,0,169,0,47.97
fold2_room1_mix1767,68,5,0,16,0,22.07
fold2_room1_mix1767,68,5,0,169,0,45.92
fold2_room1_mix1767,69,5,0,14,0,25.60
fold2_room1_mix1767,69,5,0,158,0,21.51
fold2_room1_mix1767,69,5,0,174,0,64.11
fold2_room1_mix1767,70,5,0,15,0,23.61
fold2_room1_mix1767,70,5,0,169,0,47.82
fold2_room1_mix1767,71,5,0,14,0,25.19
fold2_room1_mix1767,71,5,0,154,0,17.77
fold2_room1_mix1767,71,5,0,173,0,56.02
fold2_room1_mix1767,72,5,0,13,0,26.93
fold2_room1_mix1767,72,5,0,158,0,19.79
fold2_room1_mix1767,72,5,0,175,0,64.29
fold2_room1_mix1767,73,5,0,11,0,27.51
fold2_room1_mix1767,73,5,0,157,0,18.04
fold2_room1_mix1767,73,5,0,175,0,61.51
fold2_room1_mix1767,74,5,0,12,0,27.80
fold2_room1_mix1767,74,5,0,157,0,19.76
fold2_room1_mix1767,74,5,0,174,0,65.46
fold2_room1_mix1767,75,5,0,10,0,34.12
fold2_room1_mix1767,75,5,0,147,0,14.93
fold2_room1_mix1767,75,5,0,172,0,58.37
fold2_room1_mix1767,76,5,0,11,0,31.53
fold2_room1_mix1767,76,5,0,148,0,15.40
fold2_room1_mix1767,76,5,0,171,0,57.52
fold2_room1_mix1767,77,5,0,9,0,34.98
fold2_room1_mix1767,77,5,0,145,0,14.00
fold2_room1_mix1767,77,5,0,173,0,56.95
fold2_room1_mix1767,78,5,0,9,0,37.43
fold2_room1_mix1767,78,5,0,136,0,12.23
fold2_room1_mix1767,78,5,0,173,0,54.13
fold2_room1_mix1767,79,5,0,6,0,40.46
fold2_room1_mix1767,79,5,0,117,0,9.23
fold2_room1_mix1767,79,5,0,172,0,42.97
fold2_room1_mix1767,80,5,0,7,0,41.81
fold2_room1_mix1767,80,5,0,134,0,11.49
fold2_room1_mix1767,80,5,0,174,0,53.97
fold2_room1_mix1767,81,5,0,7,0,46.73
fold2_room1_mix1767,81,5,0,120,0,10.19
fold2_room1_mix1767,81,5,0,173,0,51.13
fold2_room1_mix1767,82,5,0,6,0,49.58
fold2_room1_mix1767,82,5,0,117,0,9.98
fold2_room1_mix1767,82,5,0,174,0,51.84
fold2_room1_mix1767,83,5,0,6,0,48.88
fold2_room1_mix1767,83,5,0,125,-1,10.66
fold2_room1_mix1767,83,5,0,173,0,52.12
fold2_room1_mix1767,84,5,0,6,0,45.38
fold2_room1_mix1767,84,5,0,135,-1,12.40
fold2_room1_mix1767,84,5,0,173,0,55.05
fold2_room1_mix1767,85,5,0,6,0,45.04
fold2_room1_mix1767,85,5,0,121,-1,10.55
fold2_room1_mix1767,85,5,0,172,0,47.46
fold2_room1_mix1767,86,5,0,7,0,44.87
fold2_room1_mix1767,86,5,0,136,0,11.60
fold2_room1_mix1767,86,5,0,172,0,55.23
fold2_room1_mix1767,87,5,0,6,0,49.03
fold2_room1_mix1767,87,5,0,133,-1,10.85
fold2_room1_mix1767,87,5,0,173,0,56.33
fold2_room1_mix1767,88,5,0,7,0,47.33
fold2_room1_mix1767,88,5,0,120,-1,9.66
fold2_room1_mix1767,88,5,0,172,0,51.55
fold2_room1_mix1767,89,5,0,6,0,51.35
fold2_room1_mix1767,89,5,0,113,-1,9.36
fold2_room1_mix1767,89,5,0,172,0,52.73
fold2_room1_mix1767,90,5,0,5,0,50.23
fold2_room1_mix1767,90,5,0,106,-1,9.05
fold2_room1_mix1767,90,5,0,174,0,48.40
fold2_room1_mix1767,91,5,0,6,0,56.55
fold2_room1_mix1767,91,5,0,71,-1,8.74
fold2_room1_mix1767,91,5,0,172,0,45.55
fold2_room1_mix1767,92,5,0,5,0,58.22
fold2_room1_mix1767,92,5,0,76,-1,8.67
fold2_room1_mix1767,92,5,0,174,0,49.65
fold2_room1_mix1767,93,5,0,5,0,61.39
fold2_room1_mix1767,93,5,0,60,-1,9.26
fold2_room1_mix1767,93,5,0,172,0,47.39
fold2_room1_mix1767,94,5,0,6,0,65.02
fold2_room1_mix1767,94,5,0,64,-1,9.75
fold2_room1_mix1767,94,5,0,173,0,52.94
fold2_room1_mix1767,95,5,0,6,0,66.23
fold2_room1_mix1767,95,5,0,66,0,9.86
fold2_room1_mix1767,95,5,0,173,0,56.97
fold2_room1_mix1767,96,5,0,6,0,64.06
fold2_room1_mix1767,96,5,0,67,-1,9.80
fold2_room1_mix1767,96,5,0,173,0,55.53
fold2_room1_mix1767,97,5,0,6,0,68.49
fold2_room1_mix1767,97,5,0,54,0,10.79
fold2_room1_mix1767,97,5,0,174,0,55.07
fold2_room1_mix1767,98,5,0,6,0,67.75
fold2_room1_mix1767,98,5,0,59,-1,10.42
fold2_room1_mix1767,98,5,0,174,0,56.17
fold2_room1_mix1767,99,5,0,6,0,68.64
fold2_room1_mix1767,99,5,0,59,0,10.36
fold2_room1_mix1767,99,5,0,173,0,52.83
fold2_room1_mix1768,3,5,0,176,1,5.78
fold2_room1_mix1768,4,5,0,-178,1,17.08
fold2_room1_mix1768,5,5,0,179,0,34.56
fold2_room1_mix1768,6,5,0,-177,0,44.24
fold2_room1_mix1768,7,5,0,-177,0,86.24
fold2_room1_mix1768,8,5,0,-177,0,95.64
fold2_room1_mix1768,9,5,0,-176,0,88.98
fold2_room1_mix1768,10,5,0,-176,0,88.26
fold2_room1_mix1768,11,5,0,-178,0,85.51
fold2_room1_mix1768,12,5,0,-177,0,80.05
fold2_room1_mix1768,13,5,0,-176,0,82.47
fold2_room1_mix1768,14,5,0,-176,0,83.00
fold2_room1_mix1768,15,5,0,-176,0,81.57
fold2_room1_mix1768,16,5,0,-175,0,83.94
fold2_room1_mix1768,17,5,0,-175,0,82.69
fold2_room1_mix1768,18,5,0,-174,0,83.76
fold2_room1_mix1768,19,5,0,-174,0,84.66
fold2_room1_mix1768,20,5,0,-174,0,85.23
fold2_room1_mix1768,21,5,0,-173,0,82.42
fold2_room1_mix1768,22,5,0,-172,0,79.50
fold2_room1_mix1768,23,5,0,-172,0,76.11
fold2_room1_mix1768,24,5,0,-171,0,77.49
fold2_room1_mix1768,25,5,0,-171,0,75.78
fold2_room1_mix1768,26,5,0,-170,0,76.88
fold2_room1_mix1768,27,5,0,-170,0,79.24
fold2_room1_mix1768,28,5,0,-159,0,24.16
fold2_room1_mix1768,28,5,0,-174,0,102.21
fold2_room1_mix1768,29,5,0,-159,0,21.74
fold2_room1_mix1768,29,5,0,-175,0,97.44
fold2_room1_mix1768,30,5,0,-156,0,19.09
fold2_room1_mix1768,30,5,0,-174,0,92.62
fold2_room1_mix1768,31,5,0,-155,0,18.68
fold2_room1_mix1768,31,5,0,-174,0,94.25
fold2_room1_mix1768,32,5,0,-153,0,18.08
fold2_room1_mix1768,32,5,0,-174,0,98.11
fold2_room1_mix1768,33,5,0,-153,0,17.18
fold2_room1_mix1768,33,5,0,-174,0,98.45
fold2_room1_mix1768,34,5,0,-149,0,15.31
fold2_room1_mix1768,34,5,0,-173,0,92.91
fold2_room1_mix1768,35,5,0,-146,-1,14.11
fold2_room1_mix1768,35,5,0,-174,0,93.48
fold2_room1_mix1768,36,5,0,-140,-1,11.85
fold2_room1_mix1768,36,5,0,-174,0,90.71
fold2_room1_mix1768,37,5,0,-135,-1,10.52
fold2_room1_mix1768,37,5,0,-173,0,84.10
fold2_room1_mix1768,38,5,0,-130,-1,9.61
fold2_room1_mix1768,38,5,0,-173,0,79.40
fold2_room1_mix1768,39,5,0,-116,-1,8.00
fold2_room1_mix1768,39,5,0,-173,0,81.66
fold2_room1_mix1768,40,5,0,-114,-1,8.48
fold2_room1_mix1768,40,5,0,-173,0,84.61
fold2_room1_mix1768,41,5,0,-99,-2,7.70
fold2_room1_mix1768,41,5,0,-174,0,84.56
fold2_room1_mix1768,42,5,0,-87,-1,7.93
fold2_room1_mix1768,42,5,0,-173,0,82.60
fold2_room1_mix1768,43,5,0,-81,-1,7.90
fold2_room1_mix1768,43,5,0,-172,0,85.30
fold2_room1_mix1768,44,5,0,-66,-1,8.32
fold2_room1_mix1768,44,5,0,-171,0,80.08
fold2_room1_mix1768,45,5,0,-58,-1,9.02
fold2_room1_mix1768,45,5,0,-171,0,79.52
fold2_room1_mix1768,46,5,0,-52,-1,9.53
fold2_room1_mix1768,46,5,0,-171,0,78.56
fold2_room1_mix1768,47,5,0,-49,-1,9.93
fold2_room1_mix1768,47,5,0,-171,0,81.53
fold2_room1_mix1768,48,5,0,-44,-1,10.40
fold2_room1_mix1768,48,5,0,-171,0,76.35
fold2_room1_mix1768,49,5,0,-41,-1,11.23
fold2_room1_mix1768,49,5,0,-170,0,72.69
fold2_room1_mix1768,50,5,0,-36,-1,11.79
fold2_room1_mix1768,50,5,0,-170,0,69.42
fold2_room1_mix1768,51,5,0,-30,-1,12.92
fold2_room1_mix1768,51,5,0,-170,0,68.75
fold2_room1_mix1768,52,5,0,-27,0,14.35
fold2_room1_mix1768,52,5,0,-170,0,67.78
fold2_room1_mix1768,53,5,0,-24,0,16.62
fold2_room1_mix1768,53,5,0,-169,0,65.54
fold2_room1_mix1768,54,5,0,-24,0,16.76
fold2_room1_mix1768,54,5,0,-169,0,63.28
fold2_room1_mix1768,55,5,0,-22,0,19.31
fold2_room1_mix1768,55,5,0,-168,0,62.31
fold2_room1_mix1768,56,5,0,-19,0,20.90
fold2_room1_mix1768,56,5,0,-168,0,61.44
fold2_room1_mix1768,57,5,0,-19,0,22.70
fold2_room1_mix1768,57,5,0,-167,0,60.20
fold2_room1_mix1768,58,5,0,-16,0,24.57
fold2_room1_mix1768,58,5,0,-166,0,58.24
fold2_room1_mix1768,59,5,0,-14,0,25.95
fold2_room1_mix1768,59,5,0,-157,0,27.25
fold2_room1_mix1768,59,5,0,-173,0,80.90
fold2_room1_mix1768,60,5,0,-14,0,27.18
fold2_room1_mix1768,60,5,0,-154,0,24.88
fold2_room1_mix1768,60,5,0,-171,0,76.01
fold2_room1_mix1768,61,5,0,-13,0,29.56
fold2_room1_mix1768,61,5,0,-151,0,23.91
fold2_room1_mix1768,61,5,0,-171,0,76.04
fold2_room1_mix1768,62,5,0,-13,0,29.11
fold2_room1_mix1768,62,5,0,-149,0,21.45
fold2_room1_mix1768,62,5,0,-170,0,69.59
fold2_room1_mix1768,63,5,0,-12,0,29.21
fold2_room1_mix1768,63,5,0,-151,0,22.85
fold2_room1_mix1768,63,5,0,-171,0,74.04
fold2_room1_mix1768,64,5,0,-11,0,31.08
fold2_room1_mix1768,64,5,0,-146,0,19.75
fold2_room1_mix1768,64,5,0,-170,0,67.21
fold2_room1_mix1768,65,5,0,-11,0,33.90
fold2_room1_mix1768,65,5,0,-144,0,19.08
fold2_room1_mix1768,65,5,0,-170,0,67.99
fold2_room1_mix1768,66,5,0,-11,0,35.61
fold2_room1_mix1768,66,5,0,-141,0,17.20
fold2_room1_mix1768,66,5,0,-169,0,64.60
fold2_room1_mix1768,67,5,0,-10,0,35.74
fold2_room1_mix1768,67,5,0,-146,0,19.21
fold2_room1_mix1768,67,5,0,-172,0,72.38
fold2_room1_mix1768,68,5,0,-11,0,38.75
fold2_room1_mix1768,68,5,0,-140,-1,16.13
fold2_room1_mix1768,68,5,0,-170,0,64.69
fold2_room1_mix1768,69,5,0,-10,0,41.81
fold2_room1_mix1768,69,5,0,-138,0,15.72
fold2_room1_mix1768,69,5,0,-170,0,64.89
fold2_room1_mix1768,70,5,0,-9,0,41.08
fold2_room1_mix1768,70,5,0,-145,-1,18.83
fold2_room1_mix1768,70,5,0,-172,0,74.38
fold2_room1_mix1768,71,5,0,-9,0,44.53
fold2_room1_mix1768,71,5,0,-143,-1,18.23
fold2_room1_mix1768,71,5,0,-173,0,74.78
fold2_room1_mix1768,72,5,0,-9,0,40.94
fold2_room1_mix1768,72,5,0,-148,-1,20.89
fold2_room1_mix1768,72,5,0,-173,0,80.38
fold2_room1_mix1768,73,5,0,-10,0,44.82
fold2_room1_mix1768,73,5,0,-136,-1,15.64
fold2_room1_mix1768,73,5,0,-171,0,65.15
fold2_room1_mix1768,74,5,0,-10,0,42.17
fold2_room1_mix1768,74,5,0,-136,-1,14.99
fold2_room1_mix1768,74,5,0,-170,0,61.72
fold2_room1_mix1768,75,5,0,-8,0,43.52
fold2_room1_mix1768,75,5,0,-139,-1,16.00
fold2_room1_mix1768,75,5,0,-172,0,67.24
fold2_room1_mix1768,76,5,0,-9,0,44.12
fold2_room1_mix1768,76,5,0,-136,-1,15.29
fold2_room1_mix1768,76,5,0,-172,0,65.68
fold2_room1_mix1768,77,5,0,-8,0,48.02
fold2_room1_mix1768,77,5,0,-126,-1,13.06
fold2_room1_mix1768,77,5,0,-170,0,59.23
fold2_room1_mix1768,78,5,0,-7,0,50.46
fold2_room1_mix1768,78,5,0,-129,-1,14.25
fold2_room1_mix1768,78,5,0,-171,0,64.82
fold2_room1_mix1768,79,5,0,-9,0,47.16
fold2_room1_mix1768,79,5,0,-129,-1,13.90
fold2_room1_mix1768,79,5,0,-169,0,61.40
fold2_room1_mix1768,80,5,0,-7,0,50.29
fold2_room1_mix1768,80,5,0,-124,-1,13.11
fold2_room1_mix1768,80,5,0,-171,0,61.41
fold2_room1_mix1768,81,5,0,-9,0,50.77
fold2_room1_mix1768,81,5,0,-65,-1,11.37
fold2_room1_mix1768,81,5,0,-166,0,43.85
fold2_room1_mix1768,82,5,0,-7,0,53.97
fold2_room1_mix1768,82,5,0,-85,-1,11.55
fold2_room1_mix1768,82,5,0,-169,0,53.16
fold2_room1_mix1768,83,5,0,-7,0,56.62
fold2_room1_mix1768,83,5,0,-54,-1,12.48
fold2_room1_mix1768,83,5,0,-167,0,43.12
fold2_room1_mix1768,84,5,0,-7,0,59.79
fold2_room1_mix1768,84,5,0,-66,-1,12.90
fold2_room1_mix1768,84,5,0,-169,0,49.34
fold2_room1_mix1768,85,5,0,-5,0,65.71
fold2_room1_mix1768,85,5,0,-64,-1,13.51
fold2_room1_mix1768,85,5,0,-171,0,55.12
fold2_room1_mix1768,86,5,0,-8,0,58.69
fold2_room1_mix1768,86,5,0,-63,-1,12.80
fold2_room1_mix1768,86,5,0,-167,0,47.11
fold2_room1_mix1768,87,5,0,-7,0,59.72
fold2_room1_mix1768,87,5,0,-58,-1,13.60
fold2_room1_mix1768,87,5,0,-166,0,45.58
fold2_room1_mix1768,88,5,0,-5,0,64.92
fold2_room1_mix1768,88,5,0,-63,-1,13.23
fold2_room1_mix1768,88,5,0,-168,0,53.15
fold2_room1_mix1768,89,5,0,-7,0,63.21
fold2_room1_mix1768,89,5,0,-47,0,15.65
fold2_room1_mix1768,89,5,0,-164,0,41.46
fold2_room1_mix1768,90,5,0,-6,0,71.71
fold2_room1_mix1768,90,5,0,-42,-1,17.74
fold2_room1_mix1768,90,5,0,-163,0,41.57
fold2_room1_mix1768,91,5,0,-4,0,74.78
fold2_room1_mix1768,91,5,0,-35,0,18.89
fold2_room1_mix1768,91,5,0,-162,0,35.54
fold2_room1_mix1768,92,5,0,-5,0,72.21
fold2_room1_mix1768,92,5,0,-44,0,16.22
fold2_room1_mix1768,92,5,0,-164,0,44.09
fold2_room1_mix1768,93,5,0,-4,0,77.41
fold2_room1_mix1768,93,5,0,-35,0,19.33
fold2_room1_mix1768,93,5,0,-164,0,41.07
fold2_room1_mix1768,94,5,0,-6,0,74.86
fold2_room1_mix1768,94,5,0,-34,0,19.82
fold2_room1_mix1768,94,5,0,-159,0,34.03
fold2_room1_mix1768,95,5,0,-5,0,77.99
fold2_room1_mix1768,95,5,0,-28,0,23.00
fold2_room1_mix1768,95,5,0,-160,0,29.55
fold2_room1_mix1768,96,5,0,-4,0,83.50
fold2_room1_mix1768,96,5,0,-21,0,25.67
fold2_room1_mix1768,96,5,0,-155,0,23.02
fold2_room1_mix1768,97,5,0,-4,0,81.69
fold2_room1_mix1768,97,5,0,-21,0,26.47
fold2_room1_mix1768,97,5,0,-150,0,18.99
fold2_room1_mix1768,98,5,0,-6,0,82.26
fold2_room1_mix1768,98,5,0,-22,0,28.61
fold2_room1_mix1768,98,5,0,-139,0,13.74
fold2_room1_mix1768,99,5,0,-13,0,58.73
fold2_room1_mix1768,99,5,0,-137,-1,12.90
fold2_room1_mix1769,3,5,0,-4,1,2.42
fold2_room1_mix1769,4,5,0,-5,1,16.78
fold2_room1_mix1769,5,5,0,-2,0,31.90
fold2_room1_mix1769,6,5,0,-4,0,43.65
fold2_room1_mix1769,7,5,0,-3,0,65.90
fold2_room1_mix1769,8,5,0,-4,0,96.15
fold2_room1_mix1769,9,5,0,-3,0,92.36
fold2_room1_mix1769,10,5,0,-3,0,94.19
fold2_room1_mix1769,11,5,0,-4,0,93.30
fold2_room1_mix1769,12,5,0,-2,0,87.89
fold2_room1_mix1769,13,5,0,-3,0,91.12
fold2_room1_mix1769,14,5,0,-5,0,92.01
fold2_room1_mix1769,15,5,0,-4,0,89.37
fold2_room1_mix1769,16,5,0,-4,0,93.47
fold2_room1_mix1769,17,5,0,-5,0,90.83
fold2_room1_mix1769,18,5,0,-5,0,93.86
fold2_room1_mix1769,19,5,0,-5,0,87.61
fold2_room1_mix1769,20,5,0,-5,0,89.73
fold2_room1_mix1769,21,5,0,-5,0,90.85
fold2_room1_mix1769,22,5,0,-6,0,86.49
fold2_room1_mix1769,23,5,0,-6,0,85.11
fold2_room1_mix1769,24,5,0,-6,0,71.63
fold2_room1_mix1769,25,5,0,-6,0,78.28
fold2_room1_mix1769,26,5,0,-7,0,73.03
fold2_room1_mix1769,27,5,0,-7,0,77.96
fold2_room1_mix1769,28,5,0,-7,0,77.98
fold2_room1_mix1769,29,5,0,-8,0,73.26
fold2_room1_mix1769,30,5,0,-8,0,68.80
fold2_room1_mix1769,31,5,0,-8,0,65.76
fold2_room1_mix1769,32,5,0,-4,0,91.76
fold2_room1_mix1769,32,5,0,-21,0,21.13
fold2_room1_mix1769,33,5,0,-4,0,88.81
fold2_room1_mix1769,33,5,0,-22,0,19.94
fold2_room1_mix1769,34,5,0,-3,0,87.78
fold2_room1_mix1769,34,5,0,-22,0,18.90
fold2_room1_mix1769,35,5,0,-4,0,87.28
fold2_room1_mix1769,35,5,0,-24,0,17.61
fold2_room1_mix1769,36,5,0,-4,0,85.76
fold2_room1_mix1769,36,5,0,-25,0,16.09
fold2_room1_mix1769,37,5,0,-3,0,86.84
fold2_room1_mix1769,37,5,0,-33,0,13.15
fold2_room1_mix1769,38,5,0,-4,0,84.98
fold2_room1_mix1769,38,5,0,-40,0,12.20
fold2_room1_mix1769,39,5,0,-5,0,83.25
fold2_room1_mix1769,39,5,0,-51,0,10.40
fold2_room1_mix1769,40,5,0,-6,0,90.02
fold2_room1_mix1769,40,5,0,-68,0,9.64
fold2_room1_mix1769,41,5,0,-6,0,85.46
fold2_room1_mix1769,41,5,0,-83,-1,9.27
fold2_room1_mix1769,42,5,0,-5,0,86.60
fold2_room1_mix1769,42,5,0,-98,-1,9.41
fold2_room1_mix1769,43,5,0,-7,0,85.64
fold2_room1_mix1769,43,5,0,-113,0,9.87
fold2_room1_mix1769,44,5,0,-5,0,81.68
fold2_room1_mix1769,44,5,0,-126,0,11.31
fold2_room1_mix1769,45,5,0,-6,0,81.84
fold2_room1_mix1769,45,5,0,-128,0,11.77
fold2_room1_mix1769,46,5,0,-6,0,78.54
fold2_room1_mix1769,46,5,0,-137,0,13.53
fold2_room1_mix1769,47,5,0,-6,0,75.40
fold2_room1_mix1769,47,5,0,-141,0,14.93
fold2_room1_mix1769,48,5,0,-7,0,69.92
fold2_room1_mix1769,48,5,0,-142,0,14.41
fold2_room1_mix1769,49,5,0,-7,0,67.78
fold2_room1_mix1769,49,5,0,-145,0,15.43
fold2_room1_mix1769,50,5,0,-8,0,64.06
fold2_room1_mix1769,50,5,0,-147,0,16.03
fold2_room1_mix1769,51,5,0,-9,0,63.50
fold2_room1_mix1769,51,5,0,-151,0,18.84
fold2_room1_mix1769,52,5,0,-9,0,61.69
fold2_room1_mix1769,52,5,0,-153,0,19.78
fold2_room1_mix1769,53,5,0,-9,0,66.35
fold2_room1_mix1769,53,5,0,-154,0,21.96
fold2_room1_mix1769,54,5,0,-8,0,64.57
fold2_room1_mix1769,54,5,0,-156,0,22.41
fold2_room1_mix1769,55,5,0,-9,0,58.76
fold2_room1_mix1769,55,5,0,-160,0,25.11
fold2_room1_mix1769,56,5,0,-9,0,62.39
fold2_room1_mix1769,56,5,0,-157,0,25.72
fold2_room1_mix1769,57,5,0,-10,0,55.27
fold2_room1_mix1769,57,5,0,-161,0,28.68
fold2_room1_mix1769,58,5,0,-11,0,55.68
fold2_room1_mix1769,58,5,0,-158,0,29.06
fold2_room1_mix1769,59,5,0,-12,0,57.88
fold2_room1_mix1769,59,5,0,-161,0,33.46
fold2_room1_mix1769,60,5,0,-11,0,58.07
fold2_room1_mix1769,60,5,0,-163,0,35.22
fold2_room1_mix1769,61,5,0,-6,0,74.48
fold2_room1_mix1769,61,5,0,-23,0,26.52
fold2_room1_mix1769,61,5,0,-164,0,40.02
fold2_room1_mix1769,62,5,0,-7,0,72.99
fold2_room1_mix1769,62,5,0,-26,0,25.21
fold2_room1_mix1769,62,5,0,-164,0,40.54
fold2_room1_mix1769,63,5,0,-9,0,63.39
fold2_room1_mix1769,63,5,0,-36,0,20.13
fold2_room1_mix1769,63,5,0,-166,0,47.15
fold2_room1_mix1769,64,5,0,-9,0,58.99
fold2_room1_mix1769,64,5,0,-35,0,19.43
fold2_room1_mix1769,64,5,0,-166,0,44.79
fold2_room1_mix1769,65,5,0,-7,0,71.12
fold2_room1_mix1769,65,5,0,-32,0,22.73
fold2_room1_mix1769,65,5,0,-166,0,47.61
fold2_room1_mix1769,66,5,0,-7,0,66.96
fold2_room1_mix1769,66,5,0,-31,0,21.47
fold2_room1_mix1769,66,5,0,-166,0,46.71
fold2_room1_mix1769,67,5,0,-6,0,76.01
fold2_room1_mix1769,67,5,0,-31,0,22.96
fold2_room1_mix1769,67,5,0,-167,0,52.63
fold2_room1_mix1769,68,5,0,-8,0,64.81
fold2_room1_mix1769,68,5,0,-45,0,18.48
fold2_room1_mix1769,68,5,0,-168,0,55.63
fold2_room1_mix1769,69,5,0,-7,0,65.49
fold2_room1_mix1769,69,5,0,-46,-1,17.36
fold2_room1_mix1769,69,5,0,-169,0,59.77
fold2_room1_mix1769,70,5,0,-9,0,52.90
fold2_room1_mix1769,70,5,0,-66,-1,14.13
fold2_room1_mix1769,70,5,0,-169,0,57.78
fold2_room1_mix1769,71,5,0,-10,0,52.44
fold2_room1_mix1769,71,5,0,-76,-1,13.37
fold2_room1_mix1769,71,5,0,-170,0,62.21
fold2_room1_mix1769,72,5,0,-9,0,52.72
fold2_room1_mix1769,72,5,0,-78,-1,12.94
fold2_room1_mix1769,72,5,0,-170,0,64.11
fold2_room1_mix1769,73,5,0,-9,0,57.12
fold2_room1_mix1769,73,5,0,-75,-1,13.97
fold2_room1_mix1769,73,5,0,-171,0,67.79
fold2_room1_mix1769,74,5,0,-10,0,54.94
fold2_room1_mix1769,74,5,0,-76,-1,13.74
fold2_room1_mix1769,74,5,0,-171,0,63.67
fold2_room1_mix1769,75,5,0,-10,0,50.63
fold2_room1_mix1769,75,5,0,-103,-1,13.28
fold2_room1_mix1769,75,5,0,-172,0,69.40
fold2_room1_mix1769,76,5,0,-10,0,50.00
fold2_room1_mix1769,76,5,0,-107,-1,13.11
fold2_room1_mix1769,76,5,0,-172,0,69.20
fold2_room1_mix1769,77,5,0,-9,0,58.93
fold2_room1_mix1769,77,5,0,-82,-1,13.50
fold2_room1_mix1769,77,5,0,-171,0,69.75
fold2_room1_mix1769,78,5,0,-10,0,48.91
fold2_room1_mix1769,78,5,0,-115,-1,13.51
fold2_room1_mix1769,78,5,0,-173,0,71.89
fold2_room1_mix1769,79,5,0,-8,0,55.93
fold2_room1_mix1769,79,5,0,-109,-1,13.71
fold2_room1_mix1769,79,5,0,-173,0,77.19
fold2_room1_mix1769,80,5,0,-8,0,58.86
fold2_room1_mix1769,80,5,0,-92,-1,13.47
fold2_room1_mix1769,80,5,0,-173,0,75.28
fold2_room1_mix1769,81,5,0,-6,0,73.62
fold2_room1_mix1769,81,5,0,-54,-1,16.35
fold2_room1_mix1769,81,5,0,-172,0,72.11
fold2_room1_mix1769,82,5,0,-9,0,55.72
fold2_room1_mix1769,82,5,0,-99,-1,13.48
fold2_room1_mix1769,82,5,0,-172,0,75.49
fold2_room1_mix1769,83,5,0,-9,0,50.19
fold2_room1_mix1769,83,5,0,-120,-1,14.95
fold2_room1_mix1769,83,5,0,-173,0,80.91
fold2_room1_mix1769,84,5,0,-9,0,47.25
fold2_room1_mix1769,84,5,0,-128,-1,16.43
fold2_room1_mix1769,84,5,0,-173,0,87.38
fold2_room1_mix1769,85,5,0,-7,0,66.98
fold2_room1_mix1769,85,5,0,-88,-1,13.86
fold2_room1_mix1769,85,5,0,-173,0,81.55
fold2_room1_mix1769,86,5,0,-9,0,49.18
fold2_room1_mix1769,86,5,0,-126,-1,15.78
fold2_room1_mix1769,86,5,0,-173,0,88.57
fold2_room1_mix1769,87,5,0,-9,0,49.98
fold2_room1_mix1769,87,5,0,-125,-1,15.29
fold2_room1_mix1769,87,5,0,-173,0,85.83
fold2_room1_mix1769,88,5,0,-7,0,51.59
fold2_room1_mix1769,88,5,0,-120,-1,13.88
fold2_room1_mix1769,88,5,0,-174,0,80.75
fold2_room1_mix1769,89,5,0,-9,0,44.55
fold2_room1_mix1769,89,5,0,-141,-1,17.59
fold2_room1_mix1769,89,5,0,-175,0,95.14
fold2_room1_mix1769,90,5,0,-10,0,44.96
fold2_room1_mix1769,90,5,0,-133,-1,15.37
fold2_room1_mix1769,90,5,0,-174,0,83.83
fold2_room1_mix1769,91,5,0,-9,0,45.65
fold2_room1_mix1769,91,5,0,-138,-1,17.81
fold2_room1_mix1769,91,5,0,-175,0,94.39
fold2_room1_mix1769,92,5,0,-9,0,45.09
fold2_room1_mix1769,92,5,0,-137,-1,17.51
fold2_room1_mix1769,92,5,0,-174,0,94.40
fold2_room1_mix1769,93,5,0,-11,0,36.65
fold2_room1_mix1769,93,5,0,-146,-1,20.59
fold2_room1_mix1769,93,5,0,-175,0,100.05
fold2_room1_mix1769,94,5,0,-10,0,36.71
fold2_room1_mix1769,94,5,0,-147,-1,20.47
fold2_room1_mix1769,94,5,0,-176,0,101.70
fold2_room1_mix1769,95,5,0,-15,0,26.50
fold2_room1_mix1769,95,5,0,-169,0,77.92
fold2_room1_mix1769,96,5,0,-18,0,26.51
fold2_room1_mix1769,96,5,0,-160,0,29.35
fold2_room1_mix1769,96,5,0,-175,0,116.99
fold2_room1_mix1769,97,5,0,-14,0,30.97
fold2_room1_mix1769,97,5,0,-160,0,27.40
fold2_room1_mix1769,97,5,0,-176,0,117.62
fold2_room1_mix1769,98,5,0,-17,0,28.32
fold2_room1_mix1769,98,5,0,-157,0,26.19
fold2_room1_mix1769,98,5,0,-176,0,114.51
fold2_room1_mix1769,99,5,0,-22,0,23.41
fold2_room1_mix1769,99,5,0,-168,0,69.87
fold2_room1_mix1770,3,5,0,3,2,5.46
fold2_room1_mix1770,4,5,0,2,1,17.55
fold2_room1_mix1770,5,5,0,3,0,33.12
fold2_room1_mix1770,6,5,0,3,0,44.83
fold2_room1_mix1770,7,5,0,2,0,68.79
fold2_room1_mix1770,8,5,0,2,0,93.29
fold2_room1_mix1770,9,5,0,3,0,93.93
fold2_room1_mix1770,10,5,0,3,0,88.86
fold2_room1_mix1770,11,5,0,2,0,87.21
fold2_room1_mix1770,12,5,0,3,0,85.82
fold2_room1_mix1770,13,5,0,2,0,84.38
fold2_room1_mix1770,14,5,0,2,0,86.49
fold2_room1_mix1770,15,5,0,2,0,85.75
fold2_room1_mix1770,16,5,0,3,0,88.22
fold2_room1_mix1770,17,5,0,2,0,89.95
fold2_room1_mix1770,18,5,0,3,0,88.06
fold2_room1_mix1770,19,5,0,2,0,88.31
fold2_room1_mix1770,20,5,0,3,0,89.96
fold2_room1_mix1770,21,5,0,4,0,90.96
fold2_room1_mix1770,22,5,0,4,0,88.08
fold2_room1_mix1770,23,5,0,4,0,77.64
fold2_room1_mix1770,24,5,0,5,0,83.72
fold2_room1_mix1770,25,5,0,3,0,87.57
fold2_room1_mix1770,26,5,0,5,0,77.38
fold2_room1_mix1770,27,5,0,3,0,90.23
fold2_room1_mix1770,28,5,0,5,0,87.00
fold2_room1_mix1770,29,5,0,5,0,78.27
fold2_room1_mix1770,30,5,0,4,0,79.74
fold2_room1_mix1770,31,5,0,6,0,83.45
fold2_room1_mix1770,32,5,0,5,0,79.25
fold2_room1_mix1770,33,5,0,4,0,80.20
fold2_room1_mix1770,34,5,0,6,0,78.92
fold2_room1_mix1770,35,5,0,5,0,75.99
fold2_room1_mix1770,36,5,0,5,0,74.24
fold2_room1_mix1770,37,5,0,6,0,69.25
fold2_room1_mix1770,38,5,0,6,0,67.84
fold2_room1_mix1770,39,5,0,7,0,65.81
fold2_room1_mix1770,40,5,0,6,0,66.85
fold2_room1_mix1770,41,5,0,7,0,65.39
fold2_room1_mix1770,42,5,0,7,0,61.48
fold2_room1_mix1770,43,5,0,8,0,61.35
fold2_room1_mix1770,44,5,0,7,0,61.26
fold2_room1_mix1770,45,5,0,8,0,60.33
fold2_room1_mix1770,46,5,0,8,0,59.08
fold2_room1_mix1770,47,5,0,9,0,57.24
fold2_room1_mix1770,48,5,0,9,0,54.67
fold2_room1_mix1770,49,5,0,10,0,53.75
fold2_room1_mix1770,50,5,0,5,0,70.27
fold2_room1_mix1770,50,5,0,22,0,15.79
fold2_room1_mix1770,51,5,0,5,0,70.09
fold2_room1_mix1770,51,5,0,22,0,15.06
fold2_room1_mix1770,52,5,0,5,0,66.63
fold2_room1_mix1770,52,5,0,23,0,12.97
fold2_room1_mix1770,53,5,0,5,0,65.52
fold2_room1_mix1770,53,5,0,27,0,12.85
fold2_room1_mix1770,54,5,0,5,0,60.48
fold2_room1_mix1770,54,5,0,33,0,10.06
fold2_room1_mix1770,55,5,0,5,0,54.88
fold2_room1_mix1770,55,5,0,36,0,8.81
fold2_room1_mix1770,56,5,0,6,0,54.71
fold2_room1_mix1770,56,5,0,35,0,8.55
fold2_room1_mix1770,57,5,0,5,0,54.78
fold2_room1_mix1770,57,5,0,45,-1,7.39
fold2_room1_mix1770,58,5,0,5,0,54.40
fold2_room1_mix1770,58,5,0,56,-1,5.77
fold2_room1_mix1770,59,5,0,5,0,53.43
fold2_room1_mix1770,59,5,0,58,-1,5.77
fold2_room1_mix1770,60,5,0,4,0,52.63
fold2_room1_mix1770,60,5,0,68,-1,5.36
fold2_room1_mix1770,61,5,0,5,0,47.78
fold2_room1_mix1770,61,5,0,91,-2,5.50
fold2_room1_mix1770,62,5,0,6,0,49.59
fold2_room1_mix1770,62,5,0,103,-1,5.68
fold2_room1_mix1770,63,5,0,6,0,47.56
fold2_room1_mix1770,63,5,0,112,-1,5.84
fold2_room1_mix1770,64,5,0,6,0,41.10
fold2_room1_mix1770,64,5,0,128,-1,6.69
fold2_room1_mix1770,65,5,0,7,0,42.88
fold2_room1_mix1770,65,5,0,135,-1,8.00
fold2_room1_mix1770,66,5,0,7,0,39.34
fold2_room1_mix1770,66,5,0,145,0,9.85
fold2_room1_mix1770,67,5,0,6,0,47.90
fold2_room1_mix1770,67,5,0,142,-1,10.37
fold2_room1_mix1770,68,5,0,7,0,45.73
fold2_room1_mix1770,68,5,0,154,0,13.63
fold2_room1_mix1770,69,5,0,7,0,47.96
fold2_room1_mix1770,69,5,0,156,0,14.94
fold2_room1_mix1770,70,5,0,7,0,48.70
fold2_room1_mix1770,70,5,0,157,0,15.84
fold2_room1_mix1770,71,5,0,7,0,48.27
fold2_room1_mix1770,71,5,0,156,0,14.81
fold2_room1_mix1770,72,5,0,8,0,46.46
fold2_room1_mix1770,72,5,0,160,0,18.08
fold2_room1_mix1770,73,5,0,8,0,46.46
fold2_room1_mix1770,73,5,0,162,0,19.74
fold2_room1_mix1770,74,5,0,8,0,46.16
fold2_room1_mix1770,74,5,0,161,0,20.25
fold2_room1_mix1770,75,5,0,9,0,42.51
fold2_room1_mix1770,75,5,0,162,0,21.40
fold2_room1_mix1770,76,5,0,9,0,42.67
fold2_room1_mix1770,76,5,0,165,0,25.81
fold2_room1_mix1770,77,5,0,9,0,41.57
fold2_room1_mix1770,77,5,0,165,0,26.20
fold2_room1_mix1770,78,5,0,8,0,46.42
fold2_room1_mix1770,78,5,0,165,0,25.87
fold2_room1_mix1770,79,5,0,10,0,40.22
fold2_room1_mix1770,79,5,0,167,0,29.56
fold2_room1_mix1770,80,5,0,9,0,41.65
fold2_room1_mix1770,80,5,0,168,0,29.66
fold2_room1_mix1770,81,5,0,9,0,43.39
fold2_room1_mix1770,81,5,0,168,0,30.64
fold2_room1_mix1770,82,5,0,10,0,43.75
fold2_room1_mix1770,82,5,0,169,0,34.18
fold2_room1_mix1770,83,5,0,10,0,40.35
fold2_room1_mix1770,83,5,0,169,0,32.55
fold2_room1_mix1770,84,5,0,10,0,40.13
fold2_room1_mix1770,84,5,0,169,0,33.38
fold2_room1_mix1770,85,5,0,11,0,39.29
fold2_room1_mix1770,85,5,0,173,0,39.11
fold2_room1_mix1770,86,5,0,9,0,45.41
fold2_room1_mix1770,86,5,0,172,0,38.12
fold2_room1_mix1770,87,5,0,10,0,41.54
fold2_room1_mix1770,87,5,0,172,0,38.55
fold2_room1_mix1770,88,5,0,11,0,38.55
fold2_room1_mix1770,88,5,0,173,0,40.41
fold2_room1_mix1770,89,5,0,10,0,39.84
fold2_room1_mix1770,89,5,0,172,0,40.67
fold2_room1_mix1770,90,5,0,11,0,41.24
fold2_room1_mix1770,90,5,0,172,0,39.79
fold2_room1_mix1770,91,5,0,11,0,44.14
fold2_room1_mix1770,91,5,0,173,0,43.20
fold2_room1_mix1770,92,5,0,5,0,68.83
fold2_room1_mix1770,92,5,0,21,0,17.37
fold2_room1_mix1770,92,5,0,173,0,45.10
fold2_room1_mix1770,93,5,0,5,0,61.58
fold2_room1_mix1770,93,5,0,24,0,15.65
fold2_room1_mix1770,93,5,0,172,0,46.21
fold2_room1_mix1770,94,5,0,5,0,57.42
fold2_room1_mix1770,94,5,0,27,0,14.79
fold2_room1_mix1770,94,5,0,172,0,46.93
fold2_room1_mix1770,95,5,0,5,0,66.87
fold2_room1_mix1770,95,5,0,24,0,16.79
fold2_room1_mix1770,95,5,0,172,0,47.94
fold2_room1_mix1770,96,5,0,5,0,48.96
fold2_room1_mix1770,96,5,0,39,0,12.05
fold2_room1_mix1770,96,5,0,173,0,49.62
fold2_room1_mix1770,97,5,0,5,0,46.27
fold2_room1_mix1770,97,5,0,48,-1,11.34
fold2_room1_mix1770,97,5,0,174,0,50.80
fold2_room1_mix1770,98,5,0,6,0,38.91
fold2_room1_mix1770,98,5,0,73,-1,10.04
fold2_room1_mix1770,98,5,0,175,0,51.45
fold2_room1_mix1770,99,5,0,4,0,45.59
fold2_room1_mix1770,99,5,0,37,0,10.98
fold2_room1_mix1770,99,5,0,174,0,47.74
fold2_room1_mix1771,3,5,0,2,2,2.23
fold2_room1_mix1771,4,5,0,12,1,6.00
fold2_room1_mix1771,5,5,0,0,1,21.14
fold2_room1_mix1771,6,5,0,4,1,34.57
fold2_room1_mix1771,7,5,0,3,0,59.52
fold2_room1_mix1771,8,5,0,4,0,73.65
fold2_room1_mix1771,9,5,0,4,0,99.64
fold2_room1_mix1771,10,5,0,4,0,98.20
fold2_room1_mix1771,11,5,0,4,0,92.34
fold2_room1_mix1771,12,5,0,4,0,86.04
fold2_room1_mix1771,13,5,0,4,0,86.31
fold2_room1_mix1771,14,5,0,3,0,84.11
fold2_room1_mix1771,15,5,0,3,0,88.14
fold2_room1_mix1771,16,5,0,3,0,93.20
fold2_room1_mix1771,17,5,0,3,0,91.65
fold2_room1_mix1771,18,5,0,4,0,92.79
fold2_room1_mix1771,19,5,0,4,0,98.66
fold2_room1_mix1771,20,5,0,3,0,98.40
fold2_room1_mix1771,21,5,0,4,0,100.73
fold2_room1_mix1771,22,5,0,3,0,104.67
fold2_room1_mix1771,23,5,0,3,0,95.24
fold2_room1_mix1771,24,5,0,4,0,97.25
fold2_room1_mix1771,25,5,0,4,0,101.51
fold2_room1_mix1771,26,5,0,4,0,94.69
fold2_room1_mix1771,27,5,0,4,0,94.59
fold2_room1_mix1771,28,5,0,5,0,99.12
fold2_room1_mix1771,29,5,0,5,0,90.35
fold2_room1_mix1771,30,5,0,4,0,85.77
fold2_room1_mix1771,31,5,0,6,0,85.00
fold2_room1_mix1771,32,5,0,6,0,88.30
fold2_room1_mix1771,33,5,0,6,0,79.85
fold2_room1_mix1771,34,5,0,6,0,83.21
fold2_room1_mix1771,35,5,0,7,0,78.78
fold2_room1_mix1771,36,5,0,8,0,72.10
fold2_room1_mix1771,37,5,0,7,0,69.80
fold2_room1_mix1771,38,5,0,9,0,65.59
fold2_room1_mix1771,39,5,0,10,0,60.32
fold2_room1_mix1771,40,5,0,11,0,59.09
fold2_room1_mix1771,41,5,0,6,0,80.25
fold2_room1_mix1771,41,5,0,25,0,17.92
fold2_room1_mix1771,42,5,0,6,0,69.78
fold2_room1_mix1771,42,5,0,30,0,13.23
fold2_room1_mix1771,43,5,0,6,0,62.88
fold2_room1_mix1771,43,5,0,36,0,10.73
fold2_room1_mix1771,44,5,0,6,0,64.30
fold2_room1_mix1771,44,5,0,41,-1,9.81
fold2_room1_mix1771,45,5,0,6,0,65.00
fold2_room1_mix1771,45,5,0,56,-1,7.97
fold2_room1_mix1771,46,5,0,7,0,61.65
fold2_room1_mix1771,46,5,0,83,-2,7.44
fold2_room1_mix1771,47,5,0,8,0,60.69
fold2_room1_mix1771,47,5,0,103,-2,7.57
fold2_room1_mix1771,48,5,0,9,0,58.20
fold2_room1_mix1771,48,5,0,121,-1,8.15
fold2_room1_mix1771,49,5,0,8,0,62.32
fold2_room1_mix1771,49,5,0,137,-1,10.93
fold2_room1_mix1771,50,5,0,7,0,62.38
fold2_room1_mix1771,50,5,0,146,-1,13.61
fold2_room1_mix1771,51,5,0,7,0,51.46
fold2_room1_mix1771,51,5,0,146,-1,12.41
fold2_room1_mix1771,52,5,0,7,0,54.32
fold2_room1_mix1771,52,5,0,153,0,15.67
fold2_room1_mix1771,53,5,0,7,0,51.99
fold2_room1_mix1771,53,5,0,158,0,18.42
fold2_room1_mix1771,54,5,0,8,0,51.79
fold2_room1_mix1771,54,5,0,162,0,22.82
fold2_room1_mix1771,55,5,0,8,0,47.58
fold2_room1_mix1771,55,5,0,162,0,22.12
fold2_room1_mix1771,56,5,0,9,0,44.72
fold2_room1_mix1771,56,5,0,165,0,26.01
fold2_room1_mix1771,57,5,0,10,0,46.12
fold2_room1_mix1771,57,5,0,167,0,28.86
fold2_room1_mix1771,58,5,0,10,0,40.65
fold2_room1_mix1771,58,5,0,169,0,32.46
fold2_room1_mix1771,59,5,0,9,0,46.78
fold2_room1_mix1771,59,5,0,168,0,32.71
fold2_room1_mix1771,60,5,0,11,0,40.96
fold2_room1_mix1771,60,5,0,168,0,34.98
fold2_room1_mix1771,61,5,0,4,0,48.84
fold2_room1_mix1771,61,5,0,31,0,14.06
fold2_room1_mix1771,61,5,0,172,0,40.85
fold2_room1_mix1771,62,5,0,5,0,56.14
fold2_room1_mix1771,62,5,0,30,0,14.82
fold2_room1_mix1771,62,5,0,171,0,44.05
fold2_room1_mix1771,63,5,0,4,0,63.82
fold2_room1_mix1771,63,5,0,21,0,17.88
fold2_room1_mix1771,63,5,0,172,0,42.32
fold2_room1_mix1771,64,5,0,5,0,56.74
fold2_room1_mix1771,64,5,0,31,0,14.93
fold2_room1_mix1771,64,5,0,171,0,44.04
fold2_room1_mix1771,65,5,0,5,0,53.62
fold2_room1_mix1771,65,5,0,40,0,13.02
fold2_room1_mix1771,65,5,0,171,0,46.15
fold2_room1_mix1771,66,5,0,6,0,48.23
fold2_room1_mix1771,66,5,0,63,0,11.57
fold2_room1_mix1771,66,5,0,172,0,50.98
fold2_room1_mix1771,67,5,0,4,0,68.85
fold2_room1_mix1771,67,5,0,28,0,16.86
fold2_room1_mix1771,67,5,0,172,0,50.32
fold2_room1_mix1771,68,5,0,4,0,62.83
fold2_room1_mix1771,68,5,0,40,0,14.47
fold2_room1_mix1771,68,5,0,173,0,55.54
fold2_room1_mix1771,69,5,0,8,0,38.86
fold2_room1_mix1771,69,5,0,85,-1,11.27
fold2_room1_mix1771,69,5,0,173,0,55.03
fold2_room1_mix1771,70,5,0,6,0,54.18
fold2_room1_mix1771,70,5,0,60,0,11.71
fold2_room1_mix1771,70,5,0,173,0,59.58
fold2_room1_mix1771,71,5,0,8,0,43.65
fold2_room1_mix1771,71,5,0,90,-1,9.85
fold2_room1_mix1771,71,5,0,173,0,58.98
fold2_room1_mix1771,72,5,0,16,0,27.70
fold2_room1_mix1771,72,5,0,135,-1,12.60
fold2_room1_mix1771,72,5,0,174,0,59.67
fold2_room1_mix1771,73,5,0,8,0,45.11
fold2_room1_mix1771,73,5,0,112,0,10.75
fold2_room1_mix1771,73,5,0,174,0,67.76
fold2_room1_mix1771,74,5,0,5,0,49.66
fold2_room1_mix1771,74,5,0,102,-1,10.45
fold2_room1_mix1771,74,5,0,174,0,67.09
fold2_room1_mix1771,75,5,0,10,0,36.65
fold2_room1_mix1771,75,5,0,140,0,13.20
fold2_room1_mix1771,75,5,0,174,0,70.23
fold2_room1_mix1771,76,5,0,8,0,42.52
fold2_room1_mix1771,76,5,0,130,0,11.98
fold2_room1_mix1771,76,5,0,173,0,68.69
fold2_room1_mix1771,77,5,0,9,0,39.45
fold2_room1_mix1771,77,5,0,143,0,15.06
fold2_room1_mix1771,77,5,0,175,0,81.91
fold2_room1_mix1771,78,5,0,8,0,39.79
fold2_room1_mix1771,78,5,0,139,0,12.77
fold2_room1_mix1771,78,5,0,174,0,76.08
fold2_room1_mix1771,79,5,0,14,0,28.22
fold2_room1_mix1771,79,5,0,157,0,20.83
fold2_room1_mix1771,79,5,0,175,0,90.86
fold2_room1_mix1771,80,5,0,11,0,38.60
fold2_room1_mix1771,80,5,0,147,0,16.79
fold2_room1_mix1771,80,5,0,174,0,90.17
fold2_room1_mix1771,81,5,0,16,0,24.51
fold2_room1_mix1771,81,5,0,169,0,60.82
fold2_room1_mix1771,82,5,0,12,0,29.69
fold2_room1_mix1771,82,5,0,158,0,21.84
fold2_room1_mix1771,82,5,0,175,0,95.47
fold2_room1_mix1771,83,5,0,15,0,24.02
fold2_room1_mix1771,83,5,0,169,0,63.52
fold2_room1_mix1771,84,5,0,28,-1,15.16
fold2_room1_mix1771,84,5,0,172,0,69.84
fold2_room1_mix1771,85,5,0,37,-1,11.94
fold2_room1_mix1771,85,5,0,172,0,67.64
fold2_room1_mix1771,86,5,0,46,-1,10.73
fold2_room1_mix1771,86,5,0,173,0,71.89
fold2_room1_mix1771,87,5,0,47,-2,9.36
fold2_room1_mix1771,87,5,0,173,0,71.88
fold2_room1_mix1771,88,5,0,84,-2,7.43
fold2_room1_mix1771,88,5,0,173,0,76.75
fold2_room1_mix1771,89,5,0,81,-2,7.64
fold2_room1_mix1771,89,5,0,174,0,75.61
fold2_room1_mix1771,90,5,0,108,-2,7.00
fold2_room1_mix1771,90,5,0,174,0,73.49
fold2_room1_mix1771,91,5,0,124,-2,7.83
fold2_room1_mix1771,91,5,0,173,0,75.37
fold2_room1_mix1771,92,5,0,134,-1,9.41
fold2_room1_mix1771,92,5,0,173,0,79.55
fold2_room1_mix1771,93,5,0,137,-1,10.11
fold2_room1_mix1771,93,5,0,174,0,81.37
fold2_room1_mix1771,94,5,0,144,-1,11.43
fold2_room1_mix1771,94,5,0,174,0,78.99
fold2_room1_mix1771,95,5,0,149,-1,13.72
fold2_room1_mix1771,95,5,0,173,0,78.84
fold2_room1_mix1771,96,5,0,154,-1,16.18
fold2_room1_mix1771,96,5,0,174,0,89.61
fold2_room1_mix1771,97,5,0,158,0,17.81
fold2_room1_mix1771,97,5,0,175,0,87.60
fold2_room1_mix1771,98,5,0,169,0,63.59
fold2_room1_mix1771,99,5,0,170,0,70.72
fold2_room1_mix1772,3,5,0,-3,0,3.70
fold2_room1_mix1772,4,5,0,-6,0,24.67
fold2_room1_mix1772,5,5,0,-2,0,45.47
fold2_room1_mix1772,6,5,0,-1,0,52.92
fold2_room1_mix1772,7,5,0,-5,0,73.56
fold2_room1_mix1772,8,5,0,-3,0,91.48
fold2_room1_mix1772,9,5,0,-4,0,91.55
fold2_room1_mix1772,10,5,0,-3,0,87.55
fold2_room1_mix1772,11,5,0,-3,0,85.98
fold2_room1_mix1772,12,5,0,-3,0,87.45
fold2_room1_mix1772,13,5,0,-3,0,87.80
fold2_room1_mix1772,14,5,0,-6,0,87.00
fold2_room1_mix1772,15,5,0,-4,0,89.76
fold2_room1_mix1772,16,5,0,-4,0,88.08
fold2_room1_mix1772,17,5,0,-4,0,91.65
fold2_room1_mix1772,18,5,0,-4,0,92.12
fold2_room1_mix1772,19,5,0,-4,0,94.85
fold2_room1_mix1772,20,5,0,-4,0,91.81
fold2_room1_mix1772,21,5,0,-4,0,97.89
fold2_room1_mix1772,22,5,0,-4,0,91.73
fold2_room1_mix1772,23,5,0,-5,0,90.21
fold2_room1_mix1772,24,5,0,-4,0,93.00
fold2_room1_mix1772,25,5,0,-6,0,94.70
fold2_room1_mix1772,26,5,0,-6,0,87.53
fold2_room1_mix1772,27,5,0,-5,0,92.68
fold2_room1_mix1772,28,5,0,-6,0,85.55
fold2_room1_mix1772,29,5,0,-7,0,83.59
fold2_room1_mix1772,30,5,0,-6,0,85.22
fold2_room1_mix1772,31,5,0,-6,0,84.01
fold2_room1_mix1772,32,5,0,-7,0,82.29
fold2_room1_mix1772,33,5,0,-6,0,80.04
fold2_room1_mix1772,34,5,0,-7,0,81.69
fold2_room1_mix1772,35,5,0,-7,0,81.06
fold2_room1_mix1772,36,5,0,-8,0,76.49
fold2_room1_mix1772,37,5,0,-8,0,71.61
fold2_room1_mix1772,38,5,0,-8,0,70.46
fold2_room1_mix1772,39,5,0,-8,0,68.56
fold2_room1_mix1772,40,5,0,-8,0,69.46
fold2_room1_mix1772,41,5,0,-8,0,69.69
fold2_room1_mix1772,42,5,0,-8,0,69.38
fold2_room1_mix1772,43,5,0,-8,0,71.50
fold2_room1_mix1772,44,5,0,-3,0,89.42
fold2_room1_mix1772,44,5,0,-20,0,17.66
fold2_room1_mix1772,45,5,0,-3,0,90.13
fold2_room1_mix1772,45,5,0,-21,0,16.60
fold2_room1_mix1772,46,5,0,-3,0,87.25
fold2_room1_mix1772,46,5,0,-24,0,14.68
fold2_room1_mix1772,47,5,0,-3,0,83.94
fold2_room1_mix1772,47,5,0,-26,0,13.42
fold2_room1_mix1772,48,5,0,-4,0,80.14
fold2_room1_mix1772,48,5,0,-32,0,11.79
fold2_room1_mix1772,49,5,0,-4,0,79.49
fold2_room1_mix1772,49,5,0,-35,0,11.33
fold2_room1_mix1772,50,5,0,-4,0,78.56
fold2_room1_mix1772,50,5,0,-39,0,10.91
fold2_room1_mix1772,51,5,0,-4,0,82.53
fold2_room1_mix1772,51,5,0,-40,0,11.18
fold2_room1_mix1772,52,5,0,-4,0,79.14
fold2_room1_mix1772,52,5,0,-48,0,9.45
fold2_room1_mix1772,53,5,0,-5,0,81.91
fold2_room1_mix1772,53,5,0,-51,-1,9.35
fold2_room1_mix1772,54,5,0,-5,0,84.39
fold2_room1_mix1772,54,5,0,-59,-1,8.51
fold2_room1_mix1772,55,5,0,-6,0,81.16
fold2_room1_mix1772,55,5,0,-70,-1,7.77
fold2_room1_mix1772,56,5,0,-6,0,79.68
fold2_room1_mix1772,56,5,0,-84,-1,7.58
fold2_room1_mix1772,57,5,0,-6,0,83.79
fold2_room1_mix1772,57,5,0,-98,-1,7.70
fold2_room1_mix1772,58,5,0,-8,0,71.03
fold2_room1_mix1772,58,5,0,-98,-1,7.15
fold2_room1_mix1772,59,5,0,-7,0,81.55
fold2_room1_mix1772,59,5,0,-120,-1,9.11
fold2_room1_mix1772,60,5,0,-7,0,73.17
fold2_room1_mix1772,60,5,0,-127,0,9.93
fold2_room1_mix1772,61,5,0,-7,0,69.06
fold2_room1_mix1772,61,5,0,-134,0,11.20
fold2_room1_mix1772,62,5,0,-7,0,75.50
fold2_room1_mix1772,62,5,0,-131,0,10.97
fold2_room1_mix1772,63,5,0,-7,0,69.88
fold2_room1_mix1772,63,5,0,-141,0,12.79
fold2_room1_mix1772,64,5,0,-8,0,70.63
fold2_room1_mix1772,64,5,0,-139,0,13.22
fold2_room1_mix1772,65,5,0,-8,0,70.29
fold2_room1_mix1772,65,5,0,-143,0,14.06
fold2_room1_mix1772,66,5,0,-8,0,66.59
fold2_room1_mix1772,66,5,0,-146,0,13.90
fold2_room1_mix1772,67,5,0,-8,0,69.17
fold2_room1_mix1772,67,5,0,-149,0,16.03
fold2_room1_mix1772,68,5,0,-8,0,63.77
fold2_room1_mix1772,68,5,0,-151,0,17.68
fold2_room1_mix1772,69,5,0,-8,0,61.72
fold2_room1_mix1772,69,5,0,-153,0,18.34
fold2_room1_mix1772,70,5,0,-9,0,59.71
fold2_room1_mix1772,70,5,0,-157,0,20.21
fold2_room1_mix1772,71,5,0,-10,0,55.64
fold2_room1_mix1772,71,5,0,-158,0,22.52
fold2_room1_mix1772,72,5,0,-9,0,52.62
fold2_room1_mix1772,72,5,0,-161,0,23.75
fold2_room1_mix1772,73,5,0,-8,0,54.64
fold2_room1_mix1772,73,5,0,-162,0,25.98
fold2_room1_mix1772,74,5,0,-8,0,57.82
fold2_room1_mix1772,74,5,0,-161,0,26.20
fold2_room1_mix1772,75,5,0,-8,0,59.34
fold2_room1_mix1772,75,5,0,-159,0,26.36
fold2_room1_mix1772,76,5,0,-9,0,56.60
fold2_room1_mix1772,76,5,0,-160,0,28.14
fold2_room1_mix1772,77,5,0,-9,0,56.36
fold2_room1_mix1772,77,5,0,-161,0,30.49
fold2_room1_mix1772,78,5,0,-10,0,56.62
fold2_room1_mix1772,78,5,0,-161,0,31.19
fold2_room1_mix1772,79,5,0,-10,0,52.21
fold2_room1_mix1772,79,5,0,-164,0,32.62
fold2_room1_mix1772,80,5,0,-11,0,49.69
fold2_room1_mix1772,80,5,0,-165,0,36.47
fold2_room1_mix1772,81,5,0,-5,0,69.38
fold2_room1_mix1772,81,5,0,-21,0,26.05
fold2_room1_mix1772,81,5,0,-166,0,38.19
fold2_room1_mix1772,82,5,0,-4,0,67.11
fold2_room1_mix1772,82,5,0,-20,0,24.77
fold2_room1_mix1772,82,5,0,-164,0,35.26
fold2_room1_mix1772,83,5,0,-5,0,66.63
fold2_room1_mix1772,83,5,0,-21,0,23.74
fold2_room1_mix1772,83,5,0,-165,0,37.13
fold2_room1_mix1772,84,5,0,-6,0,60.84
fold2_room1_mix1772,84,5,0,-25,0,20.91
fold2_room1_mix1772,84,5,0,-165,0,38.38
fold2_room1_mix1772,85,5,0,-4,0,69.87
fold2_room1_mix1772,85,5,0,-21,0,23.13
fold2_room1_mix1772,85,5,0,-166,0,40.07
fold2_room1_mix1772,86,5,0,-4,0,68.01
fold2_room1_mix1772,86,5,0,-22,0,22.46
fold2_room1_mix1772,86,5,0,-166,0,38.97
fold2_room1_mix1772,87,5,0,-5,0,63.68
fold2_room1_mix1772,87,5,0,-25,0,19.70
fold2_room1_mix1772,87,5,0,-167,0,41.64
fold2_room1_mix1772,88,5,0,-4,0,74.71
fold2_room1_mix1772,88,5,0,-22,0,24.36
fold2_room1_mix1772,88,5,0,-166,0,42.60
fold2_room1_mix1772,89,5,0,-5,0,63.85
fold2_room1_mix1772,89,5,0,-28,0,19.05
fold2_room1_mix1772,89,5,0,-168,0,47.38
fold2_room1_mix1772,90,5,0,-5,0,75.01
fold2_room1_mix1772,90,5,0,-23,0,23.54
fold2_room1_mix1772,90,5,0,-166,0,45.08
fold2_room1_mix1772,91,5,0,-6,0,70.04
fold2_room1_mix1772,91,5,0,-29,0,21.25
fold2_room1_mix1772,91,5,0,-167,0,50.07
fold2_room1_mix1772,92,5,0,-4,0,76.28
fold2_room1_mix1772,92,5,0,-24,0,23.67
fold2_room1_mix1772,92,5,0,-167,0,49.07
fold2_room1_mix1772,93,5,0,-5,0,75.97
fold2_room1_mix1772,93,5,0,-24,0,24.90
fold2_room1_mix1772,93,5,0,-166,0,45.76
fold2_room1_mix1772,94,5,0,-7,0,63.85
fold2_room1_mix1772,94,5,0,-36,-1,17.92
fold2_room1_mix1772,94,5,0,-169,0,56.79
fold2_room1_mix1772,95,5,0,-6,0,68.63
fold2_room1_mix1772,95,5,0,-33,0,18.43
fold2_room1_mix1772,95,5,0,-168,0,55.85
fold2_room1_mix1772,96,5,0,-7,0,58.16
fold2_room1_mix1772,96,5,0,-46,-1,14.97
fold2_room1_mix1772,96,5,0,-170,0,58.91
fold2_room1_mix1772,97,5,0,-6,0,60.12
fold2_room1_mix1772,97,5,0,-46,-1,15.03
fold2_room1_mix1772,97,5,0,-170,0,58.36
fold2_room1_mix1772,98,5,0,-6,0,53.62
fold2_room1_mix1772,98,5,0,-67,-1,12.71
fold2_room1_mix1772,98,5,0,-172,0,64.58
fold2_room1_mix1772,99,5,0,-4,0,68.90
fold2_room1_mix1772,99,5,0,-36,0,18.02
fold2_room1_mix1772,99,5,0,-168,0,58.27
fold2_room1_mix1773,4,5,0,171,1,6.58
fold2_room1_mix1773,5,5,0,174,1,20.45
fold2_room1_mix1773,6,5,0,173,0,36.35
fold2_room1_mix1773,7,5,0,175,0,51.21
fold2_room1_mix1773,8,5,0,173,0,97.87
fold2_room1_mix1773,9,5,0,175,0,113.19
fold2_room1_mix1773,10,5,0,175,0,104.85
fold2_room1_mix1773,11,5,0,175,0,107.88
fold2_room1_mix1773,12,5,0,175,0,104.27
fold2_room1_mix1773,13,5,0,176,0,101.67
fold2_room1_mix1773,14,5,0,175,0,104.20
fold2_room1_mix1773,15,5,0,176,0,105.25
fold2_room1_mix1773,16,5,0,174,0,101.68
fold2_room1_mix1773,17,5,0,175,0,102.92
fold2_room1_mix1773,18,5,0,175,0,107.32
fold2_room1_mix1773,19,5,0,175,0,104.47
fold2_room1_mix1773,20,5,0,175,0,103.93
fold2_room1_mix1773,21,5,0,175,0,104.75
fold2_room1_mix1773,22,5,0,174,0,104.59
fold2_room1_mix1773,23,5,0,174,0,97.65
fold2_room1_mix1773,24,5,0,174,0,100.08
fold2_room1_mix1773,25,5,0,174,0,96.48
fold2_room1_mix1773,26,5,0,173,0,89.76
fold2_room1_mix1773,27,5,0,174,0,94.19
fold2_room1_mix1773,28,5,0,174,0,89.18
fold2_room1_mix1773,29,5,0,173,0,84.69
fold2_room1_mix1773,30,5,0,172,0,82.18
fold2_room1_mix1773,31,5,0,173,0,77.47
fold2_room1_mix1773,32,5,0,173,0,78.34
fold2_room1_mix1773,33,5,0,172,0,80.22
fold2_room1_mix1773,34,5,0,173,0,78.19
fold2_room1_mix1773,35,5,0,173,0,75.18
fold2_room1_mix1773,36,5,0,172,0,70.46
fold2_room1_mix1773,37,5,0,172,0,71.65
fold2_room1_mix1773,38,5,0,172,0,64.93
fold2_room1_mix1773,39,5,0,172,0,64.95
fold2_room1_mix1773,40,5,0,171,0,68.01
fold2_room1_mix1773,41,5,0,169,0,66.12
fold2_room1_mix1773,42,5,0,158,0,19.84
fold2_room1_mix1773,42,5,0,174,0,91.88
fold2_room1_mix1773,43,5,0,154,0,17.41
fold2_room1_mix1773,43,5,0,174,0,91.50
fold2_room1_mix1773,44,5,0,151,0,15.19
fold2_room1_mix1773,44,5,0,173,0,89.32
fold2_room1_mix1773,45,5,0,145,-1,11.46
fold2_room1_mix1773,45,5,0,173,0,81.42
fold2_room1_mix1773,46,5,0,138,-1,9.66
fold2_room1_mix1773,46,5,0,173,0,82.04
fold2_room1_mix1773,47,5,0,129,-1,8.38
fold2_room1_mix1773,47,5,0,173,0,84.43
fold2_room1_mix1773,48,5,0,119,-2,6.93
fold2_room1_mix1773,48,5,0,174,0,81.22
fold2_room1_mix1773,49,5,0,99,-2,6.62
fold2_room1_mix1773,49,5,0,173,0,80.73
fold2_room1_mix1773,50,5,0,83,-3,6.03
fold2_room1_mix1773,50,5,0,174,0,79.72
fold2_room1_mix1773,51,5,0,66,-2,6.33
fold2_room1_mix1773,51,5,0,174,0,77.73
fold2_room1_mix1773,52,5,0,59,-2,7.07
fold2_room1_mix1773,52,5,0,173,0,76.38
fold2_room1_mix1773,53,5,0,43,-2,7.95
fold2_room1_mix1773,53,5,0,174,0,69.67
fold2_room1_mix1773,54,5,0,39,-1,8.92
fold2_room1_mix1773,54,5,0,173,0,64.58
fold2_room1_mix1773,55,5,0,35,-1,10.23
fold2_room1_mix1773,55,5,0,172,0,62.11
fold2_room1_mix1773,56,5,0,34,-1,9.94
fold2_room1_mix1773,56,5,0,173,0,62.81
fold2_room1_mix1773,57,5,0,26,-1,12.47
fold2_room1_mix1773,57,5,0,173,0,61.56
fold2_room1_mix1773,58,5,0,26,-1,13.72
fold2_room1_mix1773,58,5,0,172,0,62.96
fold2_room1_mix1773,59,5,0,21,0,16.75
fold2_room1_mix1773,59,5,0,171,0,56.30
fold2_room1_mix1773,60,5,0,20,0,17.80
fold2_room1_mix1773,60,5,0,170,0,52.73
fold2_room1_mix1773,61,5,0,17,0,20.24
fold2_room1_mix1773,61,5,0,169,0,48.47
fold2_room1_mix1773,62,5,0,19,0,19.01
fold2_room1_mix1773,62,5,0,172,0,58.03
fold2_room1_mix1773,63,5,0,16,0,22.20
fold2_room1_mix1773,63,5,0,172,0,60.72
fold2_room1_mix1773,64,5,0,17,0,20.96
fold2_room1_mix1773,64,5,0,172,0,55.70
fold2_room1_mix1773,65,5,0,17,0,21.90
fold2_room1_mix1773,65,5,0,170,0,55.17
fold2_room1_mix1773,66,5,0,13,0,25.98
fold2_room1_mix1773,66,5,0,169,0,51.44
fold2_room1_mix1773,67,5,0,13,0,27.55
fold2_room1_mix1773,67,5,0,167,0,48.29
fold2_room1_mix1773,68,5,0,13,0,29.92
fold2_room1_mix1773,68,5,0,154,0,19.76
fold2_room1_mix1773,68,5,0,173,0,67.91
fold2_room1_mix1773,69,5,0,12,0,30.11
fold2_room1_mix1773,69,5,0,155,0,20.64
fold2_room1_mix1773,69,5,0,173,0,71.52
fold2_room1_mix1773,70,5,0,11,0,30.52
fold2_room1_mix1773,70,5,0,151,0,17.47
fold2_room1_mix1773,70,5,0,173,0,63.07
fold2_room1_mix1773,71,5,0,10,0,33.79
fold2_room1_mix1773,71,5,0,148,0,15.96
fold2_room1_mix1773,71,5,0,173,0,62.02
fold2_room1_mix1773,72,5,0,9,0,37.93
fold2_room1_mix1773,72,5,0,142,0,13.95
fold2_room1_mix1773,72,5,0,173,0,56.45
fold2_room1_mix1773,73,5,0,7,0,41.38
fold2_room1_mix1773,73,5,0,149,0,16.19
fold2_room1_mix1773,73,5,0,174,0,67.27
fold2_room1_mix1773,74,5,0,8,0,41.90
fold2_room1_mix1773,74,5,0,119,-1,11.18
fold2_room1_mix1773,74,5,0,172,0,49.71
fold2_room1_mix1773,75,5,0,7,0,45.27
fold2_room1_mix1773,75,5,0,122,-1,11.76
fold2_room1_mix1773,75,5,0,173,0,52.39
fold2_room1_mix1773,76,5,0,8,0,47.69
fold2_room1_mix1773,76,5,0,72,-1,9.49
fold2_room1_mix1773,76,5,0,169,0,40.85
fold2_room1_mix1773,77,5,0,6,0,47.62
fold2_room1_mix1773,77,5,0,146,-1,14.93
fold2_room1_mix1773,77,5,0,173,0,66.51
fold2_room1_mix1773,78,5,0,7,0,41.39
fold2_room1_mix1773,78,5,0,144,0,13.96
fold2_room1_mix1773,78,5,0,172,0,58.01
fold2_room1_mix1773,79,5,0,7,0,46.08
fold2_room1_mix1773,79,5,0,134,-1,12.02
fold2_room1_mix1773,79,5,0,171,0,55.31
fold2_room1_mix1773,80,5,0,6,0,47.78
fold2_room1_mix1773,80,5,0,118,-1,9.87
fold2_room1_mix1773,80,5,0,171,0,48.34
fold2_room1_mix1773,81,5,0,6,0,54.31
fold2_room1_mix1773,81,5,0,119,-1,10.87
fold2_room1_mix1773,81,5,0,173,0,58.24
fold2_room1_mix1773,82,5,0,5,0,52.80
fold2_room1_mix1773,82,5,0,82,-1,8.70
fold2_room1_mix1773,82,5,0,172,0,47.07
fold2_room1_mix1773,83,5,0,7,0,62.44
fold2_room1_mix1773,83,5,0,41,-1,12.52
fold2_room1_mix1773,83,5,0,164,0,33.85
fold2_room1_mix1773,84,5,0,6,0,63.61
fold2_room1_mix1773,84,5,0,46,-1,10.79
fold2_room1_mix1773,84,5,0,169,0,42.86
fold2_room1_mix1773,85,5,0,5,0,69.69
fold2_room1_mix1773,85,5,0,37,-1,12.38
fold2_room1_mix1773,85,5,0,172,0,42.48
fold2_room1_mix1773,86,5,0,6,0,63.93
fold2_room1_mix1773,86,5,0,41,-1,11.23
fold2_room1_mix1773,86,5,0,170,0,42.57
fold2_room1_mix1773,87,5,0,5,0,65.39
fold2_room1_mix1773,87,5,0,40,-1,11.49
fold2_room1_mix1773,87,5,0,173,0,45.20
fold2_room1_mix1773,88,5,0,6,0,61.93
fold2_room1_mix1773,88,5,0,44,-1,11.38
fold2_room1_mix1773,88,5,0,172,0,43.15
fold2_room1_mix1773,89,5,0,6,0,64.47
fold2_room1_mix1773,89,5,0,84,-2,11.87
fold2_room1_mix1773,89,5,0,172,0,53.87
fold2_room1_mix1773,90,5,0,6,0,66.38
fold2_room1_mix1773,90,5,0,72,-2,10.64
fold2_room1_mix1773,90,5,0,172,0,54.22
fold2_room1_mix1773,91,5,0,6,0,70.42
fold2_room1_mix1773,91,5,0,41,-1,12.15
fold2_room1_mix1773,91,5,0,170,0,43.72
fold2_room1_mix1773,92,5,0,5,0,72.54
fold2_room1_mix1773,92,5,0,33,-1,14.02
fold2_room1_mix1773,92,5,0,168,0,38.30
fold2_room1_mix1773,93,5,0,4,0,75.26
fold2_room1_mix1773,93,5,0,22,-1,16.20
fold2_room1_mix1773,93,5,0,166,0,33.33
fold2_room1_mix1773,94,5,0,5,0,76.71
fold2_room1_mix1773,94,5,0,27,0,15.11
fold2_room1_mix1773,94,5,0,169,0,38.43
fold2_room1_mix1773,95,5,0,10,0,48.83
fold2_room1_mix1773,95,5,0,172,0,34.91
fold2_room1_mix1773,96,5,0,10,0,51.71
fold2_room1_mix1773,96,5,0,170,0,36.83
fold2_room1_mix1773,97,5,0,8,0,49.57
fold2_room1_mix1773,97,5,0,163,0,24.61
fold2_room1_mix1773,98,5,0,6,0,53.96
fold2_room1_mix1773,98,5,0,151,0,15.93
fold2_room1_mix1773,99,5,0,6,0,53.44
fold2_room1_mix1773,99,5,0,148,-1,14.00
fold2_room1_mix1774,3,5,0,4,1,10.50
fold2_room1_mix1774,4,5,0,6,1,25.12
fold2_room1_mix1774,5,5,0,5,0,36.02
fold2_room1_mix1774,6,5,0,4,0,49.77
fold2_room1_mix1774,7,5,0,1,0,77.44
fold2_room1_mix1774,8,5,0,5,0,88.97
fold2_room1_mix1774,9,5,0,4,0,85.52
fold2_room1_mix1774,10,5,0,4,0,79.85
fold2_room1_mix1774,11,5,0,4,0,84.50
fold2_room1_mix1774,12,5,0,5,0,78.80
fold2_room1_mix1774,13,5,0,4,0,78.79
fold2_room1_mix1774,14,5,0,5,0,82.43
fold2_room1_mix1774,15,5,0,4,0,80.67
fold2_room1_mix1774,16,5,0,5,0,76.78
fold2_room1_mix1774,17,5,0,4,0,78.16
fold2_room1_mix1774,18,5,0,4,0,81.25
fold2_room1_mix1774,19,5,0,4,0,79.48
fold2_room1_mix1774,20,5,0,5,0,79.11
fold2_room1_mix1774,21,5,0,5,0,76.13
fold2_room1_mix1774,22,5,0,5,0,73.51
fold2_room1_mix1774,23,5,0,4,0,70.58
fold2_room1_mix1774,24,5,0,5,0,77.75
fold2_room1_mix1774,25,5,0,4,0,73.17
fold2_room1_mix1774,26,5,0,5,0,73.11
fold2_room1_mix1774,27,5,0,6,0,74.99
fold2_room1_mix1774,28,5,0,6,0,70.57
fold2_room1_mix1774,29,5,0,7,0,68.73
fold2_room1_mix1774,30,5,0,7,0,69.49
fold2_room1_mix1774,31,5,0,7,0,67.28
fold2_room1_mix1774,32,5,0,7,0,66.38
fold2_room1_mix1774,33,5,0,8,0,63.06
fold2_room1_mix1774,34,5,0,10,0,62.08
fold2_room1_mix1774,35,5,0,10,0,59.14
fold2_room1_mix1774,36,5,0,5,0,77.85
fold2_room1_mix1774,36,5,0,22,0,16.87
fold2_room1_mix1774,37,5,0,4,0,75.43
fold2_room1_mix1774,37,5,0,24,0,15.63
fold2_room1_mix1774,38,5,0,5,0,72.98
fold2_room1_mix1774,38,5,0,26,0,14.42
fold2_room1_mix1774,39,5,0,4,0,73.71
fold2_room1_mix1774,39,5,0,25,0,13.98
fold2_room1_mix1774,40,5,0,4,0,72.06
fold2_room1_mix1774,40,5,0,28,-1,13.15
fold2_room1_mix1774,41,5,0,4,0,65.64
fold2_room1_mix1774,41,5,0,31,-1,11.48
fold2_room1_mix1774,42,5,0,4,0,69.35
fold2_room1_mix1774,42,5,0,37,-1,10.47
fold2_room1_mix1774,43,5,0,4,0,69.96
fold2_room1_mix1774,43,5,0,39,-1,10.04
fold2_room1_mix1774,44,5,0,4,0,67.91
fold2_room1_mix1774,44,5,0,47,-1,8.04
fold2_room1_mix1774,45,5,0,4,0,62.61
fold2_room1_mix1774,45,5,0,51,-1,7.41
fold2_room1_mix1774,46,5,0,5,0,60.53
fold2_room1_mix1774,46,5,0,59,-1,6.51
fold2_room1_mix1774,47,5,0,6,0,60.76
fold2_room1_mix1774,47,5,0,70,-2,6.22
fold2_room1_mix1774,48,5,0,6,0,59.56
fold2_room1_mix1774,48,5,0,76,-2,6.04
fold2_room1_mix1774,49,5,0,6,0,56.62
fold2_room1_mix1774,49,5,0,94,-2,6.20
fold2_room1_mix1774,50,5,0,7,0,55.20
fold2_room1_mix1774,50,5,0,109,-2,6.40
fold2_room1_mix1774,51,5,0,7,0,57.01
fold2_room1_mix1774,51,5,0,120,-1,7.30
fold2_room1_mix1774,52,5,0,7,0,53.32
fold2_room1_mix1774,52,5,0,132,-1,8.36
fold2_room1_mix1774,53,5,0,6,0,49.91
fold2_room1_mix1774,53,5,0,136,-1,8.92
fold2_room1_mix1774,54,5,0,7,0,52.17
fold2_room1_mix1774,54,5,0,142,-1,10.91
fold2_room1_mix1774,55,5,0,6,0,50.49
fold2_room1_mix1774,55,5,0,149,-1,12.73
fold2_room1_mix1774,56,5,0,7,0,54.56
fold2_room1_mix1774,56,5,0,149,0,12.88
fold2_room1_mix1774,57,5,0,7,0,51.56
fold2_room1_mix1774,57,5,0,154,0,14.63
fold2_room1_mix1774,58,5,0,7,0,51.36
fold2_room1_mix1774,58,5,0,156,0,16.30
fold2_room1_mix1774,59,5,0,8,0,53.45
fold2_room1_mix1774,59,5,0,158,0,17.80
fold2_room1_mix1774,60,5,0,8,0,50.23
fold2_room1_mix1774,60,5,0,159,0,17.75
fold2_room1_mix1774,61,5,0,8,0,51.41
fold2_room1_mix1774,61,5,0,161,0,19.86
fold2_room1_mix1774,62,5,0,8,0,51.36
fold2_room1_mix1774,62,5,0,162,0,21.92
fold2_room1_mix1774,63,5,0,8,0,49.86
fold2_room1_mix1774,63,5,0,162,0,21.85
fold2_room1_mix1774,64,5,0,8,0,47.37
fold2_room1_mix1774,64,5,0,163,0,22.46
fold2_room1_mix1774,65,5,0,8,0,47.91
fold2_room1_mix1774,65,5,0,164,0,23.86
fold2_room1_mix1774,66,5,0,8,0,46.18
fold2_room1_mix1774,66,5,0,165,0,24.93
fold2_room1_mix1774,67,5,0,8,0,41.66
fold2_room1_mix1774,67,5,0,165,0,24.49
fold2_room1_mix1774,68,5,0,9,0,37.01
fold2_room1_mix1774,68,5,0,167,0,26.43
fold2_room1_mix1774,69,5,0,10,0,37.78
fold2_room1_mix1774,69,5,0,167,0,26.91
fold2_room1_mix1774,70,5,0,9,0,38.42
fold2_room1_mix1774,70,5,0,168,0,28.66
fold2_room1_mix1774,71,5,0,11,0,38.19
fold2_room1_mix1774,71,5,0,169,0,33.29
fold2_room1_mix1774,72,5,0,11,0,34.01
fold2_room1_mix1774,72,5,0,170,0,31.94
fold2_room1_mix1774,73,5,0,11,0,31.54
fold2_room1_mix1774,73,5,0,170,0,31.39
fold2_room1_mix1774,74,5,0,6,0,38.03
fold2_room1_mix1774,74,5,0,28,-1,12.20
fold2_room1_mix1774,74,5,0,172,0,36.09
fold2_room1_mix1774,75,5,0,6,0,46.27
fold2_room1_mix1774,75,5,0,31,-1,13.16
fold2_room1_mix1774,75,5,0,173,0,42.64
fold2_room1_mix1774,76,5,0,5,0,50.93
fold2_room1_mix1774,76,5,0,23,0,15.46
fold2_room1_mix1774,76,5,0,172,0,38.60
fold2_room1_mix1774,77,5,0,6,0,43.56
fold2_room1_mix1774,77,5,0,32,0,11.72
fold2_room1_mix1774,77,5,0,173,0,40.64
fold2_room1_mix1774,78,5,0,5,0,57.33
fold2_room1_mix1774,78,5,0,24,0,15.00
fold2_room1_mix1774,78,5,0,174,0,42.84
fold2_room1_mix1774,79,5,0,6,0,56.13
fold2_room1_mix1774,79,5,0,29,0,13.94
fold2_room1_mix1774,79,5,0,174,0,45.54
fold2_room1_mix1774,80,5,0,12,0,36.98
fold2_room1_mix1774,80,5,0,174,0,40.40
fold2_room1_mix1774,81,5,0,5,0,63.39
fold2_room1_mix1774,81,5,0,25,0,15.27
fold2_room1_mix1774,81,5,0,174,0,48.34
fold2_room1_mix1774,82,5,0,5,0,61.19
fold2_room1_mix1774,82,5,0,25,0,15.18
fold2_room1_mix1774,82,5,0,172,0,48.75
fold2_room1_mix1774,83,5,0,5,0,46.71
fold2_room1_mix1774,83,5,0,45,-1,10.91
fold2_room1_mix1774,83,5,0,173,0,51.07
fold2_room1_mix1774,84,5,0,5,0,51.60
fold2_room1_mix1774,84,5,0,30,0,13.60
fold2_room1_mix1774,84,5,0,172,0,47.86
fold2_room1_mix1774,85,5,0,5,0,55.51
fold2_room1_mix1774,85,5,0,34,0,13.33
fold2_room1_mix1774,85,5,0,173,0,50.51
fold2_room1_mix1774,86,5,0,5,0,48.28
fold2_room1_mix1774,86,5,0,62,0,10.21
fold2_room1_mix1774,86,5,0,173,0,51.99
fold2_room1_mix1774,87,5,0,6,0,48.70
fold2_room1_mix1774,87,5,0,57,0,11.41
fold2_room1_mix1774,87,5,0,172,0,51.13
fold2_room1_mix1774,88,5,0,5,0,48.24
fold2_room1_mix1774,88,5,0,43,0,11.40
fold2_room1_mix1774,88,5,0,174,0,48.22
fold2_room1_mix1774,89,5,0,5,0,52.94
fold2_room1_mix1774,89,5,0,46,-1,11.69
fold2_room1_mix1774,89,5,0,173,0,52.45
fold2_room1_mix1774,90,5,0,5,0,62.33
fold2_room1_mix1774,90,5,0,28,0,15.02
fold2_room1_mix1774,90,5,0,173,0,48.93
fold2_room1_mix1774,91,5,0,4,0,60.09
fold2_room1_mix1774,91,5,0,38,0,12.87
fold2_room1_mix1774,91,5,0,174,0,56.13
fold2_room1_mix1774,92,5,0,5,0,58.06
fold2_room1_mix1774,92,5,0,32,0,13.42
fold2_room1_mix1774,92,5,0,174,0,50.13
fold2_room1_mix1774,93,5,0,5,0,61.38
fold2_room1_mix1774,93,5,0,39,0,12.57
fold2_room1_mix1774,93,5,0,174,0,55.20
fold2_room1_mix1774,94,5,0,5,0,52.06
fold2_room1_mix1774,94,5,0,63,0,10.18
fold2_room1_mix1774,94,5,0,174,0,57.41
fold2_room1_mix1774,95,5,0,5,0,66.32
fold2_room1_mix1774,95,5,0,41,0,12.44
fold2_room1_mix1774,95,5,0,174,0,57.34
fold2_room1_mix1774,96,5,0,5,0,63.63
fold2_room1_mix1774,96,5,0,45,0,11.63
fold2_room1_mix1774,96,5,0,175,0,60.70
fold2_room1_mix1774,97,5,0,5,0,61.40
fold2_room1_mix1774,97,5,0,46,0,11.56
fold2_room1_mix1774,97,5,0,173,0,57.05
fold2_room1_mix1774,98,5,0,5,1,65.54
fold2_room1_mix1774,98,5,0,42,0,11.82
fold2_room1_mix1774,98,5,0,174,0,56.57
fold2_room1_mix1774,99,5,0,5,0,59.71
fold2_room1_mix1774,99,5,0,56,0,10.55
fold2_room1_mix1774,99,5,0,173,0,56.77
fold2_room1_mix1775,5,5,0,4,1,6.04
fold2_room1_mix1775,6,5,0,2,0,22.08
fold2_room1_mix1775,7,5,0,2,0,34.75
fold2_room1_mix1775,8,5,0,5,0,50.52
fold2_room1_mix1775,9,5,0,2,0,93.11
fold2_room1_mix1775,10,5,0,3,0,108.74
fold2_room1_mix1775,11,5,0,4,0,105.28
fold2_room1_mix1775,12,5,0,3,0,103.98
fold2_room1_mix1775,13,5,0,3,0,97.15
fold2_room1_mix1775,14,5,0,4,0,99.98
fold2_room1_mix1775,15,5,0,4,0,103.18
fold2_room1_mix1775,16,5,0,3,0,106.45
fold2_room1_mix1775,17,5,0,3,0,105.13
fold2_room1_mix1775,18,5,0,3,0,107.19
fold2_room1_mix1775,19,5,0,3,0,109.40
fold2_room1_mix1775,20,5,0,3,0,112.38
fold2_room1_mix1775,21,5,0,3,0,115.76
fold2_room1_mix1775,22,5,0,3,0,116.61
fold2_room1_mix1775,23,5,0,2,0,112.65
fold2_room1_mix1775,24,5,0,4,0,112.70
fold2_room1_mix1775,25,5,0,3,0,114.79
fold2_room1_mix1775,26,5,0,2,0,113.23
fold2_room1_mix1775,27,5,0,3,0,111.35
fold2_room1_mix1775,28,5,0,3,0,116.33
fold2_room1_mix1775,29,5,0,2,0,115.56
fold2_room1_mix1775,30,5,0,3,0,111.14
fold2_room1_mix1775,31,5,0,4,0,111.38
fold2_room1_mix1775,32,5,0,3,0,110.76
fold2_room1_mix1775,33,5,0,2,0,107.57
fold2_room1_mix1775,34,5,0,3,0,109.32
fold2_room1_mix1775,35,5,0,3,0,110.58
fold2_room1_mix1775,36,5,0,3,0,105.65
fold2_room1_mix1775,37,5,0,4,0,105.53
fold2_room1_mix1775,38,5,0,4,0,105.89
fold2_room1_mix1775,39,5,0,4,0,103.13
fold2_room1_mix1775,40,5,0,3,0,102.79
fold2_room1_mix1775,41,5,0,3,0,102.59
fold2_room1_mix1775,42,5,0,4,0,99.67
fold2_room1_mix1775,43,5,0,4,0,93.58
fold2_room1_mix1775,44,5,0,4,0,91.43
fold2_room1_mix1775,45,5,0,4,0,88.62
fold2_room1_mix1775,46,5,0,5,0,84.78
fold2_room1_mix1775,47,5,0,7,0,76.09
fold2_room1_mix1775,48,5,0,6,0,74.04
fold2_room1_mix1775,49,5,0,6,0,71.45
fold2_room1_mix1775,50,5,0,7,0,71.75
fold2_room1_mix1775,51,5,0,8,0,69.66
fold2_room1_mix1775,52,5,0,9,0,62.33
fold2_room1_mix1775,53,5,0,5,0,81.85
fold2_room1_mix1775,53,5,0,21,0,15.28
fold2_room1_mix1775,54,5,0,4,0,83.69
fold2_room1_mix1775,54,5,0,28,-1,12.08
fold2_room1_mix1775,55,5,0,5,0,78.16
fold2_room1_mix1775,55,5,0,35,-1,10.80
fold2_room1_mix1775,56,5,0,5,0,75.91
fold2_room1_mix1775,56,5,0,44,-1,8.97
fold2_room1_mix1775,57,5,0,5,0,80.47
fold2_room1_mix1775,57,5,0,63,-2,7.67
fold2_room1_mix1775,58,5,0,5,0,79.31
fold2_room1_mix1775,58,5,0,87,-2,7.84
fold2_room1_mix1775,59,5,0,6,0,72.82
fold2_room1_mix1775,59,5,0,106,-2,7.41
fold2_room1_mix1775,60,5,0,6,0,75.11
fold2_room1_mix1775,60,5,0,128,-2,8.96
fold2_room1_mix1775,61,5,0,6,0,75.42
fold2_room1_mix1775,61,5,0,142,-1,12.83
fold2_room1_mix1775,62,5,0,5,0,69.57
fold2_room1_mix1775,62,5,0,147,-1,13.97
fold2_room1_mix1775,63,5,0,6,0,65.05
fold2_room1_mix1775,63,5,0,152,-1,15.88
fold2_room1_mix1775,64,5,0,7,0,63.00
fold2_room1_mix1775,64,5,0,157,0,19.28
fold2_room1_mix1775,65,5,0,6,0,62.12
fold2_room1_mix1775,65,5,0,160,-1,20.35
fold2_room1_mix1775,66,5,0,6,0,58.76
fold2_room1_mix1775,66,5,0,164,0,23.51
fold2_room1_mix1775,67,5,0,8,0,60.40
fold2_room1_mix1775,67,5,0,161,0,22.77
fold2_room1_mix1775,68,5,0,7,0,56.04
fold2_room1_mix1775,68,5,0,164,0,26.70
fold2_room1_mix1775,69,5,0,8,0,55.48
fold2_room1_mix1775,69,5,0,166,0,29.11
fold2_room1_mix1775,70,5,0,8,0,59.38
fold2_room1_mix1775,70,5,0,167,0,30.20
fold2_room1_mix1775,71,5,0,8,0,55.06
fold2_room1_mix1775,71,5,0,168,0,33.04
fold2_room1_mix1775,72,5,0,8,0,55.45
fold2_room1_mix1775,72,5,0,169,0,34.87
fold2_room1_mix1775,73,5,0,11,0,45.25
fold2_room1_mix1775,73,5,0,169,0,37.26
fold2_room1_mix1775,74,5,0,9,0,54.63
fold2_room1_mix1775,74,5,0,169,0,37.08
fold2_room1_mix1775,75,5,0,11,0,49.15
fold2_room1_mix1775,75,5,0,171,0,41.64
fold2_room1_mix1775,76,5,0,11,0,49.53
fold2_room1_mix1775,76,5,0,173,0,45.89
fold2_room1_mix1775,77,5,0,4,0,68.30
fold2_room1_mix1775,77,5,0,28,0,16.90
fold2_room1_mix1775,77,5,0,171,0,49.30
fold2_room1_mix1775,78,5,0,4,0,76.34
fold2_room1_mix1775,78,5,0,20,0,19.76
fold2_room1_mix1775,78,5,0,171,0,45.92
fold2_room1_mix1775,79,5,0,9,0,56.21
fold2_room1_mix1775,79,5,0,173,0,47.30
fold2_room1_mix1775,80,5,0,4,0,90.72
fold2_room1_mix1775,80,5,0,21,0,20.95
fold2_room1_mix1775,80,5,0,173,0,53.24
fold2_room1_mix1775,81,5,0,3,0,70.32
fold2_room1_mix1775,81,5,0,26,0,17.18
fold2_room1_mix1775,81,5,0,173,0,54.00
fold2_room1_mix1775,82,5,0,3,0,75.18
fold2_room1_mix1775,82,5,0,26,0,17.38
fold2_room1_mix1775,82,5,0,174,0,56.74
fold2_room1_mix1775,83,5,0,4,0,76.95
fold2_room1_mix1775,83,5,0,31,0,16.48
fold2_room1_mix1775,83,5,0,173,0,61.75
fold2_room1_mix1775,84,5,0,5,0,54.98
fold2_room1_mix1775,84,5,0,58,-1,11.25
fold2_room1_mix1775,84,5,0,173,0,60.35
fold2_room1_mix1775,85,5,0,5,0,65.53
fold2_room1_mix1775,85,5,0,55,-1,11.95
fold2_room1_mix1775,85,5,0,174,0,66.45
fold2_room1_mix1775,86,5,0,5,0,70.65
fold2_room1_mix1775,86,5,0,39,-1,13.83
fold2_room1_mix1775,86,5,0,173,0,58.75
fold2_room1_mix1775,87,5,0,4,0,68.90
fold2_room1_mix1775,87,5,0,62,-1,12.37
fold2_room1_mix1775,87,5,0,174,0,66.48
fold2_room1_mix1775,88,5,0,4,0,54.26
fold2_room1_mix1775,88,5,0,111,-1,12.24
fold2_room1_mix1775,88,5,0,175,0,73.51
fold2_room1_mix1775,89,5,0,4,0,70.26
fold2_room1_mix1775,89,5,0,73,-1,13.11
fold2_room1_mix1775,89,5,0,174,0,71.94
fold2_room1_mix1775,90,5,0,6,0,45.73
fold2_room1_mix1775,90,5,0,130,-1,14.21
fold2_room1_mix1775,90,5,0,175,0,80.30
fold2_room1_mix1775,91,5,0,4,0,50.08
fold2_room1_mix1775,91,5,0,175,0,75.24
fold2_room1_mix1775,92,5,0,5,0,51.37
fold2_room1_mix1775,92,5,0,127,-1,13.41
fold2_room1_mix1775,92,5,0,175,0,83.61
fold2_room1_mix1775,93,5,0,4,0,58.39
fold2_room1_mix1775,93,5,0,102,-1,11.74
fold2_room1_mix1775,93,5,0,175,0,78.11
fold2_room1_mix1775,94,5,0,4,0,68.19
fold2_room1_mix1775,94,5,0,64,-1,11.14
fold2_room1_mix1775,94,5,0,175,0,71.37
fold2_room1_mix1775,95,5,0,6,0,53.99
fold2_room1_mix1775,95,5,0,140,0,14.14
fold2_room1_mix1775,95,5,0,175,0,96.08
fold2_room1_mix1775,96,5,0,6,0,49.95
fold2_room1_mix1775,96,5,0,142,0,14.59
fold2_room1_mix1775,96,5,0,175,0,95.39
fold2_room1_mix1775,97,5,0,8,0,41.09
fold2_room1_mix1775,97,5,0,147,0,16.20
fold2_room1_mix1775,97,5,0,176,0,89.69
fold2_room1_mix1775,98,5,0,4,0,52.70
fold2_room1_mix1775,98,5,0,147,0,14.38
fold2_room1_mix1775,98,5,0,175,0,99.65
fold2_room1_mix1775,99,5,0,5,0,46.63
fold2_room1_mix1775,99,5,0,151,0,16.82
fold2_room1_mix1775,99,5,0,176,0,103.64
fold2_room1_mix1776,4,5,0,-6,1,2.91
fold2_room1_mix1776,5,5,0,-4,0,4.69
fold2_room1_mix1776,5,7,0,0,0,6.15
fold2_room1_mix1776,6,5,0,-5,0,34.23
fold2_room1_mix1776,7,5,0,-2,0,56.77
fold2_room1_mix1776,8,5,0,0,0,71.74
fold2_room1_mix1776,9,5,0,-2,0,96.02
fold2_room1_mix1776,10,5,0,1,0,92.88
fold2_room1_mix1776,11,5,0,2,0,94.18
fold2_room1_mix1776,12,5,0,2,0,94.56
fold2_room1_mix1776,13,5,0,0,0,99.15
fold2_room1_mix1776,14,5,0,1,0,86.34
fold2_room1_mix1776,15,5,0,-1,0,96.71
fold2_room1_mix1776,16,5,0,-1,0,96.68
fold2_room1_mix1776,17,5,0,-3,0,97.07
fold2_room1_mix1776,18,5,0,1,0,98.69
fold2_room1_mix1776,19,5,0,-1,0,102.65
fold2_room1_mix1776,20,5,0,2,0,101.25
fold2_room1_mix1776,21,5,0,0,0,102.32
fold2_room1_mix1776,22,5,0,0,0,106.90
fold2_room1_mix1776,23,5,0,0,0,100.26
fold2_room1_mix1776,24,5,0,0,0,101.09
fold2_room1_mix1776,25,5,0,0,0,106.43
fold2_room1_mix1776,26,5,0,0,0,103.74
fold2_room1_mix1776,27,5,0,0,0,100.04
fold2_room1_mix1776,28,5,0,0,0,102.68
fold2_room1_mix1776,29,5,0,-3,0,102.70
fold2_room1_mix1776,30,5,0,-1,0,94.70
fold2_room1_mix1776,31,5,0,-3,0,98.80
fold2_room1_mix1776,32,5,0,-4,0,97.77
fold2_room1_mix1776,33,5,0,-5,0,93.94
fold2_room1_mix1776,34,5,0,-5,0,92.83
fold2_room1_mix1776,35,5,0,-6,0,90.51
fold2_room1_mix1776,36,5,0,-5,0,79.92
fold2_room1_mix1776,37,5,0,-6,0,78.05
fold2_room1_mix1776,38,5,0,-7,0,76.75
fold2_room1_mix1776,39,5,0,-2,0,92.60
fold2_room1_mix1776,39,5,0,-20,0,15.23
fold2_room1_mix1776,40,5,0,-2,0,89.67
fold2_room1_mix1776,40,5,0,-27,0,12.98
fold2_room1_mix1776,41,5,0,-2,0,86.77
fold2_room1_mix1776,41,5,0,-30,0,11.58
fold2_room1_mix1776,42,5,0,-2,0,81.67
fold2_room1_mix1776,42,5,0,-38,-1,9.85
fold2_room1_mix1776,43,5,0,-3,0,85.97
fold2_room1_mix1776,43,5,0,-49,-1,8.95
fold2_room1_mix1776,44,5,0,-2,0,87.75
fold2_room1_mix1776,44,5,0,-64,-1,7.90
fold2_room1_mix1776,45,5,0,-4,0,87.68
fold2_room1_mix1776,45,5,0,-86,-1,7.68
fold2_room1_mix1776,46,5,0,-4,0,80.57
fold2_room1_mix1776,46,5,0,-122,0,9.18
fold2_room1_mix1776,47,5,0,-3,0,85.64
fold2_room1_mix1776,47,5,0,-135,0,11.78
fold2_room1_mix1776,48,5,0,-2,0,79.64
fold2_room1_mix1776,48,5,0,-144,0,13.14
fold2_room1_mix1776,49,5,0,-4,0,75.35
fold2_room1_mix1776,49,5,0,-144,0,14.31
fold2_room1_mix1776,50,5,0,-4,0,69.13
fold2_room1_mix1776,50,5,0,-151,0,16.98
fold2_room1_mix1776,51,5,0,-5,0,66.36
fold2_room1_mix1776,51,5,0,-152,0,18.56
fold2_room1_mix1776,52,5,0,-5,0,62.42
fold2_room1_mix1776,52,5,0,-155,0,19.44
fold2_room1_mix1776,53,5,0,-4,0,62.07
fold2_room1_mix1776,53,5,0,-161,0,22.55
fold2_room1_mix1776,54,5,0,-4,0,60.52
fold2_room1_mix1776,54,5,0,-163,0,26.46
fold2_room1_mix1776,55,5,0,-5,0,61.17
fold2_room1_mix1776,55,5,0,-164,0,26.83
fold2_room1_mix1776,56,5,0,-5,0,62.21
fold2_room1_mix1776,56,5,0,-163,0,27.06
fold2_room1_mix1776,57,5,0,-5,0,62.28
fold2_room1_mix1776,57,5,0,-165,0,31.29
fold2_room1_mix1776,58,5,0,-7,0,56.08
fold2_room1_mix1776,58,5,0,-166,0,31.06
fold2_room1_mix1776,59,5,0,-5,0,60.63
fold2_room1_mix1776,59,5,0,-167,0,33.88
fold2_room1_mix1776,60,5,0,-7,0,56.04
fold2_room1_mix1776,60,5,0,-168,0,36.98
fold2_room1_mix1776,61,5,0,-2,0,81.29
fold2_room1_mix1776,61,5,0,-19,0,24.81
fold2_room1_mix1776,61,5,0,-170,0,43.12
fold2_room1_mix1776,62,5,0,-4,0,70.80
fold2_room1_mix1776,62,5,0,-26,0,20.51
fold2_room1_mix1776,62,5,0,-171,0,45.22
fold2_room1_mix1776,63,5,0,-3,0,72.99
fold2_room1_mix1776,63,5,0,-25,0,21.11
fold2_room1_mix1776,63,5,0,-171,0,46.14
fold2_room1_mix1776,64,5,0,-3,0,73.76
fold2_room1_mix1776,64,5,0,-31,0,17.97
fold2_room1_mix1776,64,5,0,-174,0,53.77
fold2_room1_mix1776,65,5,0,-3,0,72.65
fold2_room1_mix1776,65,5,0,-30,0,18.26
fold2_room1_mix1776,65,5,0,-173,0,51.26
fold2_room1_mix1776,66,5,0,-2,0,74.73
fold2_room1_mix1776,66,5,0,-29,0,18.37
fold2_room1_mix1776,66,5,0,-173,0,52.48
fold2_room1_mix1776,67,5,0,-2,0,81.32
fold2_room1_mix1776,67,5,0,-24,0,20.85
fold2_room1_mix1776,67,5,0,-172,0,51.54
fold2_room1_mix1776,68,5,0,-3,0,70.29
fold2_room1_mix1776,68,5,0,-29,0,18.09
fold2_room1_mix1776,68,5,0,-172,0,52.12
fold2_room1_mix1776,69,5,0,-5,0,57.99
fold2_room1_mix1776,69,5,0,-52,-1,13.40
fold2_room1_mix1776,69,5,0,-173,0,60.25
fold2_room1_mix1776,70,5,0,-6,0,45.22
fold2_room1_mix1776,70,5,0,-96,-1,11.48
fold2_room1_mix1776,70,5,0,-174,0,60.51
fold2_room1_mix1776,71,5,0,-6,0,51.95
fold2_room1_mix1776,71,5,0,-76,-1,11.44
fold2_room1_mix1776,71,5,0,-175,0,63.11
fold2_room1_mix1776,72,5,0,-4,0,69.98
fold2_room1_mix1776,72,5,0,-43,-1,14.68
fold2_room1_mix1776,72,5,0,-174,0,63.67
fold2_room1_mix1776,73,5,0,-5,0,66.75
fold2_room1_mix1776,73,5,0,-60,-1,12.97
fold2_room1_mix1776,73,5,0,-175,0,66.63
fold2_room1_mix1776,74,5,0,-5,0,59.86
fold2_room1_mix1776,74,5,0,-62,-1,11.81
fold2_room1_mix1776,74,5,0,-175,0,64.12
fold2_room1_mix1776,75,5,0,-9,0,42.35
fold2_room1_mix1776,75,5,0,-124,-1,11.45
fold2_room1_mix1776,75,5,0,-173,0,67.95
fold2_room1_mix1776,76,5,0,-7,0,44.82
fold2_room1_mix1776,76,5,0,-125,-1,11.67
fold2_room1_mix1776,76,5,0,-175,0,71.28
fold2_room1_mix1776,77,5,0,-9,0,37.89
fold2_room1_mix1776,77,5,0,-139,-1,13.34
fold2_room1_mix1776,77,5,0,-176,0,76.56
fold2_room1_mix1776,78,5,0,-6,0,48.11
fold2_room1_mix1776,78,5,0,-129,-1,12.72
fold2_room1_mix1776,78,5,0,-176,0,80.45
fold2_room1_mix1776,79,5,0,-5,0,51.88
fold2_room1_mix1776,79,5,0,-122,-1,12.34
fold2_room1_mix1776,79,5,0,-177,0,81.98
fold2_room1_mix1776,80,5,0,-6,0,47.64
fold2_room1_mix1776,80,5,0,-123,-1,12.07
fold2_room1_mix1776,80,5,0,-176,0,80.84
fold2_room1_mix1776,81,5,0,-7,0,45.60
fold2_room1_mix1776,81,5,0,-129,-1,12.47
fold2_room1_mix1776,81,5,0,-176,0,79.81
fold2_room1_mix1776,82,5,0,-3,0,65.31
fold2_room1_mix1776,82,5,0,-78,-1,11.07
fold2_room1_mix1776,82,5,0,-178,0,75.69
fold2_room1_mix1776,83,5,0,-5,0,49.32
fold2_room1_mix1776,83,5,0,-129,-1,13.06
fold2_room1_mix1776,83,5,0,-177,0,86.58
fold2_room1_mix1776,84,5,0,-11,0,36.01
fold2_room1_mix1776,84,5,0,-148,-1,17.78
fold2_room1_mix1776,84,5,0,-176,0,97.64
fold2_room1_mix1776,85,5,0,-8,0,44.47
fold2_room1_mix1776,85,5,0,-147,-1,17.37
fold2_room1_mix1776,85,5,0,-176,0,103.21
fold2_room1_mix1776,86,5,0,-8,0,39.87
fold2_room1_mix1776,86,5,0,-149,-1,17.59
fold2_room1_mix1776,86,5,0,-177,0,100.48
fold2_room1_mix1776,87,5,0,-10,0,32.43
fold2_room1_mix1776,87,5,0,-158,0,20.93
fold2_room1_mix1776,87,5,0,-177,0,102.75
fold2_room1_mix1776,88,5,0,-6,0,42.15
fold2_room1_mix1776,88,5,0,-147,-1,16.34
fold2_room1_mix1776,88,5,0,-178,0,99.84
fold2_room1_mix1776,89,5,0,-10,0,27.55
fold2_room1_mix1776,89,5,0,-159,0,24.33
fold2_room1_mix1776,89,5,0,-177,0,109.65
fold2_room1_mix1776,90,5,0,-9,0,33.31
fold2_room1_mix1776,90,5,0,-156,-1,20.37
fold2_room1_mix1776,90,5,0,-178,0,109.43
fold2_room1_mix1776,91,5,0,-18,0,22.23
fold2_room1_mix1776,91,5,0,-171,0,72.66
fold2_room1_mix1776,92,5,0,-10,0,33.27
fold2_room1_mix1776,92,5,0,-155,-1,21.21
fold2_room1_mix1776,92,5,0,-178,0,110.29
fold2_room1_mix1776,93,5,0,-16,0,24.29
fold2_room1_mix1776,93,5,0,-172,0,78.52
fold2_room1_mix1776,94,5,0,-52,-1,12.02
fold2_room1_mix1776,94,5,0,-171,0,80.22
fold2_room1_mix1776,95,5,0,-26,-1,18.65
fold2_room1_mix1776,95,5,0,-172,0,85.28
fold2_room1_mix1776,96,5,0,-12,0,21.44
fold2_room1_mix1776,96,5,0,-172,0,77.24
fold2_room1_mix1776,97,5,0,-10,0,27.44
fold2_room1_mix1776,97,5,0,-164,0,27.35
fold2_room1_mix1776,97,5,0,179,0,122.15
fold2_room1_mix1776,98,5,0,-12,0,23.11
fold2_room1_mix1776,98,5,0,-172,0,75.14
fold2_room1_mix1776,99,5,0,-32,-1,12.78
fold2_room1_mix1776,99,5,0,-172,0,87.48
fold2_room1_mix1777,3,5,0,7,1,8.55
fold2_room1_mix1777,4,5,0,6,1,21.24
fold2_room1_mix1777,5,5,0,3,1,28.62
fold2_room1_mix1777,6,5,0,4,0,47.55
fold2_room1_mix1777,7,5,0,4,0,66.08
fold2_room1_mix1777,8,5,0,3,0,91.57
fold2_room1_mix1777,9,5,0,5,0,99.01
fold2_room1_mix1777,10,5,0,4,0,97.41
fold2_room1_mix1777,11,5,0,5,0,92.59
fold2_room1_mix1777,12,5,0,4,0,88.95
fold2_room1_mix1777,13,5,0,5,0,88.02
fold2_room1_mix1777,14,5,0,4,0,91.66
fold2_room1_mix1777,15,5,0,3,0,90.09
fold2_room1_mix1777,16,5,0,2,0,91.66
fold2_room1_mix1777,17,5,0,4,0,94.38
fold2_room1_mix1777,18,5,0,4,0,94.00
fold2_room1_mix1777,19,5,0,5,0,94.15
fold2_room1_mix1777,20,5,0,4,0,94.17
fold2_room1_mix1777,21,5,0,4,0,99.72
fold2_room1_mix1777,22,5,0,5,0,92.94
fold2_room1_mix1777,23,5,0,5,0,90.76
fold2_room1_mix1777,24,5,0,5,0,95.93
fold2_room1_mix1777,25,5,0,5,0,97.99
fold2_room1_mix1777,26,5,0,5,0,87.25
fold2_room1_mix1777,27,5,0,5,0,96.61
fold2_room1_mix1777,28,5,0,6,0,94.55
fold2_room1_mix1777,29,5,0,6,0,87.31
fold2_room1_mix1777,30,5,0,5,0,87.32
fold2_room1_mix1777,31,5,0,5,0,89.75
fold2_room1_mix1777,32,5,0,5,0,81.87
fold2_room1_mix1777,33,5,0,6,0,79.46
fold2_room1_mix1777,34,5,0,6,0,82.45
fold2_room1_mix1777,35,5,0,7,0,77.79
fold2_room1_mix1777,36,5,0,7,0,73.19
fold2_room1_mix1777,37,5,0,8,0,71.63
fold2_room1_mix1777,38,5,0,8,0,66.87
fold2_room1_mix1777,39,5,0,9,0,64.34
fold2_room1_mix1777,40,5,0,10,0,64.34
fold2_room1_mix1777,41,5,0,5,0,85.01
fold2_room1_mix1777,41,5,0,24,0,17.96
fold2_room1_mix1777,42,5,0,5,0,81.76
fold2_room1_mix1777,42,5,0,24,0,16.80
fold2_room1_mix1777,43,5,0,5,0,80.06
fold2_room1_mix1777,43,5,0,27,0,15.11
fold2_room1_mix1777,44,5,0,5,0,78.24
fold2_room1_mix1777,44,5,0,28,-1,14.03
fold2_room1_mix1777,45,5,0,5,0,73.09
fold2_room1_mix1777,45,5,0,36,-1,11.47
fold2_room1_mix1777,46,5,0,5,0,72.04
fold2_room1_mix1777,46,5,0,43,-1,9.72
fold2_room1_mix1777,47,5,0,6,0,74.86
fold2_room1_mix1777,47,5,0,51,-1,8.88
fold2_room1_mix1777,48,5,0,6,0,70.07
fold2_room1_mix1777,48,5,0,66,-1,7.27
fold2_room1_mix1777,49,5,0,6,0,66.24
fold2_room1_mix1777,49,5,0,72,-2,6.87
fold2_room1_mix1777,50,5,0,7,0,63.34
fold2_room1_mix1777,50,5,0,87,-2,6.80
fold2_room1_mix1777,51,5,0,7,0,61.79
fold2_room1_mix1777,51,5,0,111,-2,7.05
fold2_room1_mix1777,52,5,0,8,0,62.55
fold2_room1_mix1777,52,5,0,124,-2,7.79
fold2_room1_mix1777,53,5,0,7,0,58.54
fold2_room1_mix1777,53,5,0,132,-1,9.08
fold2_room1_mix1777,54,5,0,7,0,54.54
fold2_room1_mix1777,54,5,0,140,-1,10.76
fold2_room1_mix1777,55,5,0,7,0,59.69
fold2_room1_mix1777,55,5,0,146,-1,13.12
fold2_room1_mix1777,56,5,0,8,0,54.17
fold2_room1_mix1777,56,5,0,150,0,14.92
fold2_room1_mix1777,57,5,0,8,0,54.92
fold2_room1_mix1777,57,5,0,153,0,15.65
fold2_room1_mix1777,58,5,0,8,0,55.36
fold2_room1_mix1777,58,5,0,160,0,19.21
fold2_room1_mix1777,59,5,0,9,0,49.67
fold2_room1_mix1777,59,5,0,159,0,18.98
fold2_room1_mix1777,60,5,0,9,0,54.12
fold2_room1_mix1777,60,5,0,162,0,23.54
fold2_room1_mix1777,61,5,0,9,0,52.48
fold2_room1_mix1777,61,5,0,162,0,23.76
fold2_room1_mix1777,62,5,0,9,0,52.23
fold2_room1_mix1777,62,5,0,162,0,24.23
fold2_room1_mix1777,63,5,0,9,0,48.38
fold2_room1_mix1777,63,5,0,163,0,26.72
fold2_room1_mix1777,64,5,0,9,0,45.45
fold2_room1_mix1777,64,5,0,164,0,27.63
fold2_room1_mix1777,65,5,0,10,0,45.48
fold2_room1_mix1777,65,5,0,167,0,31.58
fold2_room1_mix1777,66,5,0,9,0,45.55
fold2_room1_mix1777,66,5,0,169,0,34.21
fold2_room1_mix1777,67,5,0,5,0,57.65
fold2_room1_mix1777,67,5,0,24,0,17.83
fold2_room1_mix1777,67,5,0,169,0,39.89
fold2_room1_mix1777,68,5,0,11,0,45.20
fold2_room1_mix1777,68,5,0,168,0,39.15
fold2_room1_mix1777,69,5,0,7,0,60.81
fold2_room1_mix1777,69,5,0,27,0,18.10
fold2_room1_mix1777,69,5,0,169,0,42.61
fold2_room1_mix1777,70,5,0,10,0,49.03
fold2_room1_mix1777,70,5,0,169,0,39.56
fold2_room1_mix1777,71,5,0,6,0,59.02
fold2_room1_mix1777,71,5,0,28,0,16.21
fold2_room1_mix1777,71,5,0,171,0,44.82
fold2_room1_mix1777,72,5,0,7,0,55.35
fold2_room1_mix1777,72,5,0,36,0,14.13
fold2_room1_mix1777,72,5,0,170,0,47.76
fold2_room1_mix1777,73,5,0,5,0,64.85
fold2_room1_mix1777,73,5,0,26,0,17.91
fold2_room1_mix1777,73,5,0,170,0,46.97
fold2_room1_mix1777,74,5,0,7,0,43.18
fold2_room1_mix1777,74,5,0,76,-1,10.98
fold2_room1_mix1777,74,5,0,172,0,53.02
fold2_room1_mix1777,75,5,0,5,0,76.29
fold2_room1_mix1777,75,5,0,23,0,19.96
fold2_room1_mix1777,75,5,0,171,0,51.21
fold2_room1_mix1777,76,5,0,5,0,57.13
fold2_room1_mix1777,76,5,0,48,-1,14.02
fold2_room1_mix1777,76,5,0,172,0,59.62
fold2_room1_mix1777,77,5,0,5,0,74.48
fold2_room1_mix1777,77,5,0,28,0,18.06
fold2_room1_mix1777,77,5,0,172,0,55.76
fold2_room1_mix1777,78,5,0,5,0,60.35
fold2_room1_mix1777,78,5,0,40,-1,13.97
fold2_room1_mix1777,78,5,0,173,0,56.89
fold2_room1_mix1777,79,5,0,6,0,59.70
fold2_room1_mix1777,79,5,0,47,-1,12.65
fold2_room1_mix1777,79,5,0,174,0,60.75
fold2_room1_mix1777,80,5,0,5,0,57.59
fold2_room1_mix1777,80,5,0,63,-1,12.34
fold2_room1_mix1777,80,5,0,174,0,65.24
fold2_room1_mix1777,81,5,0,6,0,53.10
fold2_room1_mix1777,81,5,0,60,-1,11.81
fold2_room1_mix1777,81,5,0,175,0,65.89
fold2_room1_mix1777,82,5,0,7,0,51.78
fold2_room1_mix1777,82,5,0,83,-1,11.10
fold2_room1_mix1777,82,5,0,174,0,68.02
fold2_room1_mix1777,83,5,0,7,0,50.55
fold2_room1_mix1777,83,5,0,100,-1,10.74
fold2_room1_mix1777,83,5,0,173,0,68.84
fold2_room1_mix1777,84,5,0,6,0,57.30
fold2_room1_mix1777,84,5,0,89,-1,10.65
fold2_room1_mix1777,84,5,0,173,0,71.00
fold2_room1_mix1777,85,5,0,11,0,36.66
fold2_room1_mix1777,85,5,0,142,0,15.49
fold2_room1_mix1777,85,5,0,174,0,77.62
fold2_room1_mix1777,86,5,0,6,0,49.82
fold2_room1_mix1777,86,5,0,117,-1,11.72
fold2_room1_mix1777,86,5,0,174,0,73.81
fold2_room1_mix1777,87,5,0,9,0,42.41
fold2_room1_mix1777,87,5,0,134,-1,13.79
fold2_room1_mix1777,87,5,0,174,0,78.26
fold2_room1_mix1777,88,5,0,7,0,46.31
fold2_room1_mix1777,88,5,0,131,0,13.93
fold2_room1_mix1777,88,5,0,174,0,79.36
fold2_room1_mix1777,89,5,0,10,0,35.44
fold2_room1_mix1777,89,5,0,146,0,16.06
fold2_room1_mix1777,89,5,0,175,0,80.40
fold2_room1_mix1777,90,5,0,14,0,30.15
fold2_room1_mix1777,90,5,0,154,0,19.76
fold2_room1_mix1777,90,5,0,174,0,90.06
fold2_room1_mix1777,91,5,0,14,0,29.13
fold2_room1_mix1777,91,5,0,156,0,21.00
fold2_room1_mix1777,91,5,0,176,0,96.68
fold2_room1_mix1777,92,5,0,8,0,46.65
fold2_room1_mix1777,92,5,0,141,0,15.07
fold2_room1_mix1777,92,5,0,175,0,89.49
fold2_room1_mix1777,93,5,0,11,0,39.57
fold2_room1_mix1777,93,5,0,147,0,17.96
fold2_room1_mix1777,93,5,0,174,0,93.61
fold2_room1_mix1777,94,5,0,9,0,50.80
fold2_room1_mix1777,94,5,0,134,0,14.44
fold2_room1_mix1777,94,5,0,174,0,90.57
fold2_room1_mix1777,95,5,0,12,0,39.78
fold2_room1_mix1777,95,5,0,150,0,19.33
fold2_room1_mix1777,95,5,0,174,0,100.44
fold2_room1_mix1777,96,5,0,8,0,49.25
fold2_room1_mix1777,96,5,0,141,0,15.84
fold2_room1_mix1777,96,5,0,174,0,95.02
fold2_room1_mix1777,97,5,0,8,0,40.20
fold2_room1_mix1777,97,5,0,154,0,20.01
fold2_room1_mix1777,97,5,0,175,0,104.94
fold2_room1_mix1777,98,5,0,9,0,43.30
fold2_room1_mix1777,98,5,0,149,0,17.62
fold2_room1_mix1777,98,5,0,175,0,96.91
fold2_room1_mix1777,99,5,0,6,0,50.19
fold2_room1_mix1777,99,5,0,145,0,15.80
fold2_room1_mix1777,99,5,0,175,0,96.23
fold2_room1_mix1778,5,5,0,6,1,17.57
fold2_room1_mix1778,6,5,0,2,0,31.72
fold2_room1_mix1778,7,5,0,3,0,49.54
fold2_room1_mix1778,8,5,0,4,0,72.77
fold2_room1_mix1778,9,5,0,4,0,98.88
fold2_room1_mix1778,10,5,0,4,0,103.90
fold2_room1_mix1778,11,5,0,5,0,97.88
fold2_room1_mix1778,12,5,0,5,0,92.62
fold2_room1_mix1778,13,5,0,4,0,95.17
fold2_room1_mix1778,14,5,0,4,0,88.26
fold2_room1_mix1778,15,5,0,4,0,92.98
fold2_room1_mix1778,16,5,0,3,0,98.70
fold2_room1_mix1778,17,5,0,3,0,97.32
fold2_room1_mix1778,18,5,0,3,0,98.85
fold2_room1_mix1778,19,5,0,4,0,104.20
fold2_room1_mix1778,20,5,0,4,0,106.69
fold2_room1_mix1778,21,5,0,4,0,105.09
fold2_room1_mix1778,22,5,0,4,0,107.05
fold2_room1_mix1778,23,5,0,4,0,99.00
fold2_room1_mix1778,24,5,0,5,0,101.16
fold2_room1_mix1778,25,5,0,5,0,102.44
fold2_room1_mix1778,26,5,0,5,0,97.54
fold2_room1_mix1778,27,5,0,5,0,97.21
fold2_room1_mix1778,28,5,0,5,0,100.77
fold2_room1_mix1778,29,5,0,6,0,100.38
fold2_room1_mix1778,30,5,0,6,0,91.09
fold2_room1_mix1778,31,5,0,6,0,94.35
fold2_room1_mix1778,32,5,0,5,0,93.18
fold2_room1_mix1778,33,5,0,6,0,90.62
fold2_room1_mix1778,34,5,0,6,0,86.07
fold2_room1_mix1778,35,5,0,6,0,89.86
fold2_room1_mix1778,36,5,0,6,0,84.86
fold2_room1_mix1778,37,5,0,7,0,76.50
fold2_room1_mix1778,38,5,0,9,0,68.33
fold2_room1_mix1778,39,5,0,10,0,63.26
fold2_room1_mix1778,40,5,0,11,0,63.20
fold2_room1_mix1778,41,5,0,6,0,81.72
fold2_room1_mix1778,41,5,0,22,0,19.56
fold2_room1_mix1778,42,5,0,6,0,76.71
fold2_room1_mix1778,42,5,0,26,0,16.20
fold2_room1_mix1778,43,5,0,6,0,70.54
fold2_room1_mix1778,43,5,0,35,-1,12.71
fold2_room1_mix1778,44,5,0,6,0,71.67
fold2_room1_mix1778,44,5,0,41,-1,10.67
fold2_room1_mix1778,45,5,0,6,0,71.56
fold2_room1_mix1778,45,5,0,52,-1,8.63
fold2_room1_mix1778,46,5,0,7,0,67.54
fold2_room1_mix1778,46,5,0,70,-1,7.77
fold2_room1_mix1778,47,5,0,8,0,64.65
fold2_room1_mix1778,47,5,0,109,-1,8.59
fold2_room1_mix1778,48,5,0,9,0,60.21
fold2_room1_mix1778,48,5,0,122,-1,8.83
fold2_room1_mix1778,49,5,0,8,0,62.18
fold2_room1_mix1778,49,5,0,137,-1,11.76
fold2_room1_mix1778,50,5,0,7,0,63.23
fold2_room1_mix1778,50,5,0,148,-1,14.92
fold2_room1_mix1778,51,5,0,7,0,56.98
fold2_room1_mix1778,51,5,0,152,-1,16.46
fold2_room1_mix1778,52,5,0,7,0,55.33
fold2_room1_mix1778,52,5,0,156,-1,18.76
fold2_room1_mix1778,53,5,0,7,0,50.33
fold2_room1_mix1778,53,5,0,159,0,20.31
fold2_room1_mix1778,54,5,0,8,0,47.70
fold2_room1_mix1778,54,5,0,162,0,22.60
fold2_room1_mix1778,55,5,0,8,0,49.01
fold2_room1_mix1778,55,5,0,166,0,26.80
fold2_room1_mix1778,56,5,0,10,0,44.62
fold2_room1_mix1778,56,5,0,166,0,29.62
fold2_room1_mix1778,57,5,0,9,0,51.96
fold2_room1_mix1778,57,5,0,165,0,28.96
fold2_room1_mix1778,58,5,0,9,0,52.33
fold2_room1_mix1778,58,5,0,170,0,35.64
fold2_room1_mix1778,59,5,0,10,0,46.32
fold2_room1_mix1778,59,5,0,170,0,39.86
fold2_room1_mix1778,60,5,0,5,0,58.50
fold2_room1_mix1778,60,5,0,22,0,18.69
fold2_room1_mix1778,60,5,0,169,0,38.23
fold2_room1_mix1778,61,5,0,11,0,50.88
fold2_room1_mix1778,61,5,0,171,0,40.70
fold2_room1_mix1778,62,5,0,6,0,63.16
fold2_room1_mix1778,62,5,0,27,0,16.91
fold2_room1_mix1778,62,5,0,170,0,42.77
fold2_room1_mix1778,63,5,0,6,0,45.64
fold2_room1_mix1778,63,5,0,47,-1,11.52
fold2_room1_mix1778,63,5,0,172,0,45.79
fold2_room1_mix1778,64,5,0,5,0,54.13
fold2_room1_mix1778,64,5,0,39,-1,13.95
fold2_room1_mix1778,64,5,0,170,0,47.60
fold2_room1_mix1778,65,5,0,8,0,39.26
fold2_room1_mix1778,65,5,0,85,-1,11.90
fold2_room1_mix1778,65,5,0,171,0,50.90
fold2_room1_mix1778,66,5,0,4,0,63.69
fold2_room1_mix1778,66,5,0,35,0,15.03
fold2_room1_mix1778,66,5,0,172,0,52.99
fold2_room1_mix1778,67,5,0,6,0,47.49
fold2_room1_mix1778,67,5,0,80,-1,11.38
fold2_room1_mix1778,67,5,0,172,0,55.72
fold2_room1_mix1778,68,5,0,6,0,45.86
fold2_room1_mix1778,68,5,0,84,-1,12.13
fold2_room1_mix1778,68,5,0,174,0,62.32
fold2_room1_mix1778,69,5,0,10,0,35.17
fold2_room1_mix1778,69,5,0,112,-1,11.36
fold2_room1_mix1778,69,5,0,174,0,56.33
fold2_room1_mix1778,70,5,0,10,0,37.09
fold2_room1_mix1778,70,5,0,117,-1,10.86
fold2_room1_mix1778,70,5,0,173,0,58.08
fold2_room1_mix1778,71,5,0,23,0,17.78
fold2_room1_mix1778,71,5,0,149,0,15.38
fold2_room1_mix1778,71,5,0,173,0,61.44
fold2_room1_mix1778,72,5,0,12,0,31.70
fold2_room1_mix1778,72,5,0,145,0,15.33
fold2_room1_mix1778,72,5,0,174,0,70.01
fold2_room1_mix1778,73,5,0,15,0,24.31
fold2_room1_mix1778,73,5,0,150,0,17.20
fold2_room1_mix1778,73,5,0,174,0,68.86
fold2_room1_mix1778,74,5,0,33,-1,12.85
fold2_room1_mix1778,74,5,0,169,0,53.22
fold2_room1_mix1778,75,5,0,34,-1,12.72
fold2_room1_mix1778,75,5,0,169,0,52.81
fold2_room1_mix1778,76,5,0,56,-2,8.19
fold2_room1_mix1778,76,5,0,171,0,56.62
fold2_room1_mix1778,77,5,0,59,-2,8.76
fold2_room1_mix1778,77,5,0,170,0,58.90
fold2_room1_mix1778,78,5,0,72,-2,7.60
fold2_room1_mix1778,78,5,0,171,0,61.01
fold2_room1_mix1778,79,5,0,104,-2,7.14
fold2_room1_mix1778,79,5,0,172,0,61.41
fold2_room1_mix1778,80,5,0,117,-2,7.91
fold2_room1_mix1778,80,5,0,171,0,65.88
fold2_room1_mix1778,81,5,0,129,-1,9.32
fold2_room1_mix1778,81,5,0,171,0,68.59
fold2_room1_mix1778,82,5,0,137,-1,10.88
fold2_room1_mix1778,82,5,0,172,0,72.71
fold2_room1_mix1778,83,5,0,141,-1,11.45
fold2_room1_mix1778,83,5,0,172,0,71.32
fold2_room1_mix1778,84,5,0,148,-1,14.89
fold2_room1_mix1778,84,5,0,172,0,74.06
fold2_room1_mix1778,85,5,0,153,-1,16.68
fold2_room1_mix1778,85,5,0,172,0,77.16
fold2_room1_mix1778,86,5,0,155,-1,18.23
fold2_room1_mix1778,86,5,0,173,0,81.42
fold2_room1_mix1778,87,5,0,168,0,63.66
fold2_room1_mix1778,88,5,0,170,0,67.02
fold2_room1_mix1778,89,5,0,170,0,66.10
fold2_room1_mix1778,90,5,0,172,0,68.52
fold2_room1_mix1778,91,5,0,171,0,70.93
fold2_room1_mix1778,92,5,0,173,0,70.89
fold2_room1_mix1778,93,5,0,174,0,72.51
fold2_room1_mix1778,94,5,0,174,0,71.66
fold2_room1_mix1778,95,5,0,174,0,73.97
fold2_room1_mix1778,96,5,0,174,0,73.83
fold2_room1_mix1778,97,5,0,173,0,73.88
fold2_room1_mix1778,98,5,0,174,0,79.03
fold2_room1_mix1778,99,5,0,174,0,83.53
fold2_room1_mix1779,5,5,0,174,0,32.31
fold2_room1_mix1779,6,5,0,174,0,50.35
fold2_room1_mix1779,7,5,0,173,0,71.57
fold2_room1_mix1779,8,5,0,173,0,91.48
fold2_room1_mix1779,9,5,0,172,0,87.56
fold2_room1_mix1779,10,5,0,173,0,87.80
fold2_room1_mix1779,11,5,0,173,0,87.26
fold2_room1_mix1779,12,5,0,173,0,87.01
fold2_room1_mix1779,13,5,0,174,0,84.75
fold2_room1_mix1779,14,5,0,173,0,87.38
fold2_room1_mix1779,15,5,0,174,0,85.76
fold2_room1_mix1779,16,5,0,173,0,84.67
fold2_room1_mix1779,17,5,0,174,0,84.64
fold2_room1_mix1779,18,5,0,174,0,85.08
fold2_room1_mix1779,19,5,0,173,0,85.12
fold2_room1_mix1779,20,5,0,173,0,82.16
fold2_room1_mix1779,21,5,0,172,0,83.19
fold2_room1_mix1779,22,5,0,172,0,82.47
fold2_room1_mix1779,23,5,0,172,0,81.39
fold2_room1_mix1779,24,5,0,173,0,83.31
fold2_room1_mix1779,25,5,0,172,0,83.67
fold2_room1_mix1779,26,5,0,172,0,84.73
fold2_room1_mix1779,27,5,0,173,0,83.84
fold2_room1_mix1779,28,5,0,172,0,80.12
fold2_room1_mix1779,29,5,0,172,0,80.96
fold2_room1_mix1779,30,5,0,172,0,78.36
fold2_room1_mix1779,31,5,0,171,0,76.54
fold2_room1_mix1779,32,5,0,171,0,73.66
fold2_room1_mix1779,33,5,0,171,0,75.63
fold2_room1_mix1779,34,5,0,171,0,72.32
fold2_room1_mix1779,35,5,0,171,0,72.94
fold2_room1_mix1779,36,5,0,171,0,71.39
fold2_room1_mix1779,37,5,0,171,0,71.68
fold2_room1_mix1779,38,5,0,171,0,73.41
fold2_room1_mix1779,39,5,0,171,0,72.40
fold2_room1_mix1779,40,5,0,171,0,72.08
fold2_room1_mix1779,41,5,0,170,0,69.21
fold2_room1_mix1779,42,5,0,170,0,68.38
fold2_room1_mix1779,43,5,0,158,0,19.23
fold2_room1_mix1779,43,5,0,175,0,89.23
fold2_room1_mix1779,44,5,0,157,0,18.64
fold2_room1_mix1779,44,5,0,174,0,88.62
fold2_room1_mix1779,45,5,0,155,0,17.44
fold2_room1_mix1779,45,5,0,174,0,88.27
fold2_room1_mix1779,46,5,0,155,0,16.99
fold2_room1_mix1779,46,5,0,174,0,88.47
fold2_room1_mix1779,47,5,0,154,0,16.59
fold2_room1_mix1779,47,5,0,174,0,85.95
fold2_room1_mix1779,48,5,0,153,0,15.89
fold2_room1_mix1779,48,5,0,174,0,86.20
fold2_room1_mix1779,49,5,0,151,0,14.55
fold2_room1_mix1779,49,5,0,174,0,81.95
fold2_room1_mix1779,50,5,0,150,-1,13.10
fold2_room1_mix1779,50,5,0,174,0,79.32
fold2_room1_mix1779,51,5,0,148,-1,11.96
fold2_room1_mix1779,51,5,0,174,0,77.92
fold2_room1_mix1779,52,5,0,141,-1,9.86
fold2_room1_mix1779,52,5,0,174,0,73.57
fold2_room1_mix1779,53,5,0,135,-1,8.63
fold2_room1_mix1779,53,5,0,174,0,71.20
fold2_room1_mix1779,54,5,0,134,-1,8.12
fold2_room1_mix1779,54,5,0,174,0,70.72
fold2_room1_mix1779,55,5,0,127,-1,7.18
fold2_room1_mix1779,55,5,0,173,0,67.31
fold2_room1_mix1779,56,5,0,121,-2,6.76
fold2_room1_mix1779,56,5,0,173,0,69.50
fold2_room1_mix1779,57,5,0,109,-2,5.98
fold2_room1_mix1779,57,5,0,174,0,74.21
fold2_room1_mix1779,58,5,0,103,-2,6.06
fold2_room1_mix1779,58,5,0,173,0,72.40
fold2_room1_mix1779,59,5,0,88,-2,5.88
fold2_room1_mix1779,59,5,0,174,0,75.37
fold2_room1_mix1779,60,5,0,82,-3,5.99
fold2_room1_mix1779,60,5,0,174,0,78.42
fold2_room1_mix1779,61,5,0,70,-2,6.15
fold2_room1_mix1779,61,5,0,173,0,76.89
fold2_room1_mix1779,62,5,0,64,-2,6.64
fold2_room1_mix1779,62,5,0,173,0,76.28
fold2_room1_mix1779,63,5,0,56,-2,6.78
fold2_room1_mix1779,63,5,0,174,0,68.67
fold2_room1_mix1779,64,5,0,51,-2,7.31
fold2_room1_mix1779,64,5,0,173,0,69.15
fold2_room1_mix1779,65,5,0,44,-1,8.00
fold2_room1_mix1779,65,5,0,173,0,67.15
fold2_room1_mix1779,66,5,0,44,-1,8.37
fold2_room1_mix1779,66,5,0,173,0,68.75
fold2_room1_mix1779,67,5,0,38,-1,9.22
fold2_room1_mix1779,67,5,0,172,0,61.62
fold2_room1_mix1779,68,5,0,35,-1,10.51
fold2_room1_mix1779,68,5,0,173,0,66.66
fold2_room1_mix1779,69,5,0,33,-1,11.24
fold2_room1_mix1779,69,5,0,173,0,64.44
fold2_room1_mix1779,70,5,0,33,-1,11.61
fold2_room1_mix1779,70,5,0,173,0,67.51
fold2_room1_mix1779,71,5,0,25,-1,13.49
fold2_room1_mix1779,71,5,0,172,0,58.48
fold2_room1_mix1779,72,5,0,24,0,14.59
fold2_room1_mix1779,72,5,0,172,0,55.82
fold2_room1_mix1779,73,5,0,22,0,15.34
fold2_room1_mix1779,73,5,0,170,0,52.28
fold2_room1_mix1779,74,5,0,20,0,17.97
fold2_room1_mix1779,74,5,0,168,0,50.48
fold2_room1_mix1779,75,5,0,19,0,18.53
fold2_room1_mix1779,75,5,0,166,0,44.35
fold2_room1_mix1779,76,5,0,17,0,20.41
fold2_room1_mix1779,76,5,0,167,0,44.17
fold2_room1_mix1779,77,5,0,16,0,20.80
fold2_room1_mix1779,77,5,0,168,0,45.28
fold2_room1_mix1779,78,5,0,15,0,22.04
fold2_room1_mix1779,78,5,0,150,0,16.21
fold2_room1_mix1779,78,5,0,170,0,44.38
fold2_room1_mix1779,79,5,0,14,0,22.33
fold2_room1_mix1779,79,5,0,159,0,22.66
fold2_room1_mix1779,79,5,0,175,0,61.22
fold2_room1_mix1779,80,5,0,13,0,25.26
fold2_room1_mix1779,80,5,0,153,0,19.21
fold2_room1_mix1779,80,5,0,174,0,56.26
fold2_room1_mix1779,81,5,0,16,0,23.90
fold2_room1_mix1779,81,5,0,167,0,47.08
fold2_room1_mix1779,82,5,0,15,0,23.00
fold2_room1_mix1779,82,5,0,157,0,20.49
fold2_room1_mix1779,82,5,0,175,0,59.53
fold2_room1_mix1779,83,5,0,14,0,23.78
fold2_room1_mix1779,83,5,0,159,0,21.98
fold2_room1_mix1779,83,5,0,175,0,64.14
fold2_room1_mix1779,84,5,0,15,0,25.82
fold2_room1_mix1779,84,5,0,155,0,20.33
fold2_room1_mix1779,84,5,0,173,0,60.84
fold2_room1_mix1779,85,5,0,14,0,24.04
fold2_room1_mix1779,85,5,0,157,0,19.27
fold2_room1_mix1779,85,5,0,174,0,59.60
fold2_room1_mix1779,86,5,0,15,0,24.09
fold2_room1_mix1779,86,5,0,157,0,19.77
fold2_room1_mix1779,86,5,0,174,0,60.63
fold2_room1_mix1779,87,5,0,14,0,28.35
fold2_room1_mix1779,87,5,0,153,0,18.41
fold2_room1_mix1779,87,5,0,173,0,61.05
fold2_room1_mix1779,88,5,0,12,0,31.06
fold2_room1_mix1779,88,5,0,146,0,14.64
fold2_room1_mix1779,88,5,0,172,0,52.69
fold2_room1_mix1779,89,5,0,12,0,29.60
fold2_room1_mix1779,89,5,0,147,0,14.34
fold2_room1_mix1779,89,5,0,172,0,51.13
fold2_room1_mix1779,90,5,0,11,0,34.08
fold2_room1_mix1779,90,5,0,147,0,15.59
fold2_room1_mix1779,90,5,0,173,0,57.68
fold2_room1_mix1779,91,5,0,11,0,33.93
fold2_room1_mix1779,91,5,0,146,0,15.07
fold2_room1_mix1779,91,5,0,171,0,56.24
fold2_room1_mix1779,92,5,0,11,0,32.76
fold2_room1_mix1779,92,5,0,148,0,14.71
fold2_room1_mix1779,92,5,0,173,0,56.05
fold2_room1_mix1779,93,5,0,11,0,34.91
fold2_room1_mix1779,93,5,0,146,0,15.42
fold2_room1_mix1779,93,5,0,172,0,58.94
fold2_room1_mix1779,94,5,0,9,0,38.68
fold2_room1_mix1779,94,5,0,139,0,12.77
fold2_room1_mix1779,94,5,0,172,0,53.17
fold2_room1_mix1779,95,5,0,9,0,39.46
fold2_room1_mix1779,95,5,0,124,-1,9.97
fold2_room1_mix1779,95,5,0,170,0,43.77
fold2_room1_mix1779,96,5,0,8,0,40.81
fold2_room1_mix1779,96,5,0,111,-1,9.31
fold2_room1_mix1779,96,5,0,169,0,42.70
fold2_room1_mix1779,97,5,0,8,0,41.06
fold2_room1_mix1779,97,5,0,112,-1,10.09
fold2_room1_mix1779,97,5,0,170,0,43.92
fold2_room1_mix1779,98,5,0,8,0,44.55
fold2_room1_mix1779,98,5,0,90,0,8.99
fold2_room1_mix1779,98,5,0,169,0,41.09
fold2_room1_mix1779,99,5,0,7,0,43.92
fold2_room1_mix1779,99,5,0,64,0,8.62
fold2_room1_mix1779,99,5,0,168,0,35.55
fold2_room1_mix1780,6,5,0,178,1,20.43
fold2_room1_mix1780,7,5,0,177,0,34.28
fold2_room1_mix1780,8,5,0,179,0,66.76
fold2_room1_mix1780,9,5,0,178,0,101.36
fold2_room1_mix1780,10,5,0,177,0,110.79
fold2_room1_mix1780,11,5,0,178,0,109.00
fold2_room1_mix1780,12,5,0,178,0,111.06
fold2_room1_mix1780,13,5,0,178,0,106.42
fold2_room1_mix1780,14,5,0,179,0,107.42
fold2_room1_mix1780,15,5,0,179,0,109.99
fold2_room1_mix1780,16,5,0,179,0,111.20
fold2_room1_mix1780,17,5,0,179,0,108.13
fold2_room1_mix1780,18,5,0,179,0,111.27
fold2_room1_mix1780,19,5,0,-179,0,114.29
fold2_room1_mix1780,20,5,0,-178,0,109.55
fold2_room1_mix1780,21,5,0,-179,0,111.93
fold2_room1_mix1780,22,5,0,-179,0,109.05
fold2_room1_mix1780,23,5,0,-179,0,105.88
fold2_room1_mix1780,24,5,0,-179,0,106.20
fold2_room1_mix1780,25,5,0,-179,0,106.99
fold2_room1_mix1780,26,5,0,-179,0,106.50
fold2_room1_mix1780,27,5,0,-178,0,102.91
fold2_room1_mix1780,28,5,0,-178,0,105.88
fold2_room1_mix1780,29,5,0,-178,0,105.54
fold2_room1_mix1780,30,5,0,-179,0,99.16
fold2_room1_mix1780,31,5,0,-179,0,101.71
fold2_room1_mix1780,32,5,0,-177,0,99.16
fold2_room1_mix1780,33,5,0,-177,0,94.97
fold2_room1_mix1780,34,5,0,-177,0,92.07
fold2_room1_mix1780,35,5,0,-177,0,94.32
fold2_room1_mix1780,36,5,0,-177,0,90.25
fold2_room1_mix1780,37,5,0,-174,0,87.91
fold2_room1_mix1780,38,5,0,-174,0,86.19
fold2_room1_mix1780,39,5,0,-173,0,84.32
fold2_room1_mix1780,40,5,0,-171,0,81.75
fold2_room1_mix1780,41,5,0,-171,0,80.29
fold2_room1_mix1780,42,5,0,-170,0,75.97
fold2_room1_mix1780,43,5,0,-157,0,19.00
fold2_room1_mix1780,43,5,0,-174,0,101.34
fold2_room1_mix1780,44,5,0,-154,-1,16.35
fold2_room1_mix1780,44,5,0,-175,0,100.90
fold2_room1_mix1780,45,5,0,-148,-1,13.43
fold2_room1_mix1780,45,5,0,-174,0,97.88
fold2_room1_mix1780,46,5,0,-143,-1,10.99
fold2_room1_mix1780,46,5,0,-175,0,96.09
fold2_room1_mix1780,47,5,0,-133,-2,8.67
fold2_room1_mix1780,47,5,0,-175,0,96.75
fold2_room1_mix1780,48,5,0,-115,-2,6.46
fold2_room1_mix1780,48,5,0,-174,0,93.40
fold2_room1_mix1780,49,5,0,-99,-2,6.17
fold2_room1_mix1780,49,5,0,-175,0,93.43
fold2_room1_mix1780,50,5,0,-75,-2,6.07
fold2_room1_mix1780,50,5,0,-175,0,90.71
fold2_room1_mix1780,51,5,0,-59,-2,6.55
fold2_room1_mix1780,51,5,0,-174,0,88.65
fold2_room1_mix1780,52,5,0,-40,-1,8.22
fold2_room1_mix1780,52,5,0,-174,0,81.85
fold2_room1_mix1780,53,5,0,-35,-1,9.42
fold2_room1_mix1780,53,5,0,-175,0,84.47
fold2_room1_mix1780,54,5,0,-27,-1,10.80
fold2_room1_mix1780,54,5,0,-174,0,70.22
fold2_room1_mix1780,55,5,0,-22,-1,12.06
fold2_room1_mix1780,55,5,0,-174,0,71.41
fold2_room1_mix1780,56,5,0,-16,0,14.44
fold2_room1_mix1780,56,5,0,-174,0,68.72
fold2_room1_mix1780,57,5,0,-12,0,17.14
fold2_room1_mix1780,57,5,0,-174,0,72.47
fold2_room1_mix1780,58,5,0,-12,0,18.36
fold2_room1_mix1780,58,5,0,-172,0,65.73
fold2_room1_mix1780,59,5,0,-10,0,20.88
fold2_room1_mix1780,59,5,0,-171,0,63.45
fold2_room1_mix1780,60,5,0,-11,0,23.86
fold2_room1_mix1780,60,5,0,-170,0,60.27
fold2_room1_mix1780,61,5,0,-9,0,24.15
fold2_room1_mix1780,61,5,0,-171,0,62.46
fold2_room1_mix1780,62,5,0,-9,0,26.78
fold2_room1_mix1780,62,5,0,-160,0,24.73
fold2_room1_mix1780,62,5,0,-176,0,81.07
fold2_room1_mix1780,63,5,0,-8,0,29.36
fold2_room1_mix1780,63,5,0,-153,0,20.35
fold2_room1_mix1780,63,5,0,-174,0,71.30
fold2_room1_mix1780,64,5,0,-7,0,29.73
fold2_room1_mix1780,64,5,0,-158,0,22.63
fold2_room1_mix1780,64,5,0,-176,0,80.21
fold2_room1_mix1780,65,5,0,-6,0,32.55
fold2_room1_mix1780,65,5,0,-155,0,19.77
fold2_room1_mix1780,65,5,0,-176,0,77.41
fold2_room1_mix1780,66,5,0,-6,0,34.96
fold2_room1_mix1780,66,5,0,-148,0,16.74
fold2_room1_mix1780,66,5,0,-176,0,72.52
fold2_room1_mix1780,67,5,0,-8,0,37.39
fold2_room1_mix1780,67,5,0,-136,0,12.16
fold2_room1_mix1780,67,5,0,-173,0,56.56
fold2_room1_mix1780,68,5,0,-7,0,40.23
fold2_room1_mix1780,68,5,0,-137,-1,13.14
fold2_room1_mix1780,68,5,0,-175,0,61.43
fold2_room1_mix1780,69,5,0,-6,0,43.34
fold2_room1_mix1780,69,5,0,-129,-1,11.92
fold2_room1_mix1780,69,5,0,-174,0,58.08
fold2_room1_mix1780,70,5,0,-6,0,44.62
fold2_room1_mix1780,70,5,0,-138,-1,13.37
fold2_room1_mix1780,70,5,0,-175,0,65.66
fold2_room1_mix1780,71,5,0,-6,0,43.60
fold2_room1_mix1780,71,5,0,-137,-1,13.15
fold2_room1_mix1780,71,5,0,-175,0,63.43
fold2_room1_mix1780,72,5,0,-5,0,44.20
fold2_room1_mix1780,72,5,0,-133,-1,12.14
fold2_room1_mix1780,72,5,0,-174,0,59.59
fold2_room1_mix1780,73,5,0,-3,0,50.08
fold2_room1_mix1780,73,5,0,-125,-1,11.06
fold2_room1_mix1780,73,5,0,-176,0,60.59
fold2_room1_mix1780,74,5,0,-4,0,50.02
fold2_room1_mix1780,74,5,0,-109,-1,9.61
fold2_room1_mix1780,74,5,0,-175,0,54.91
fold2_room1_mix1780,75,5,0,-4,0,50.01
fold2_room1_mix1780,75,5,0,-68,-1,9.07
fold2_room1_mix1780,75,5,0,-174,0,46.03
fold2_room1_mix1780,76,5,0,-4,0,53.52
fold2_room1_mix1780,76,5,0,-76,-1,9.27
fold2_room1_mix1780,76,5,0,-174,0,52.84
fold2_room1_mix1780,77,5,0,-4,0,54.31
fold2_room1_mix1780,77,5,0,-54,-1,9.79
fold2_room1_mix1780,77,5,0,-173,0,43.64
fold2_room1_mix1780,78,5,0,-3,0,61.29
fold2_room1_mix1780,78,5,0,-39,-1,12.33
fold2_room1_mix1780,78,5,0,-169,0,36.13
fold2_room1_mix1780,79,5,0,-4,0,60.39
fold2_room1_mix1780,79,5,0,-47,-1,10.87
fold2_room1_mix1780,79,5,0,-171,0,43.78
fold2_room1_mix1780,80,5,0,-3,0,63.41
fold2_room1_mix1780,80,5,0,-46,-1,11.43
fold2_room1_mix1780,80,5,0,-169,0,40.86
fold2_room1_mix1780,81,5,0,-3,0,61.12
fold2_room1_mix1780,81,5,0,-41,-1,12.00
fold2_room1_mix1780,81,5,0,-170,0,39.55
fold2_room1_mix1780,82,5,0,-2,0,62.98
fold2_room1_mix1780,82,5,0,-36,-1,13.02
fold2_room1_mix1780,82,5,0,-170,0,36.12
fold2_room1_mix1780,83,5,0,0,0,69.63
fold2_room1_mix1780,83,5,0,-36,-1,13.68
fold2_room1_mix1780,83,5,0,-172,0,44.91
fold2_room1_mix1780,84,5,0,-1,0,72.63
fold2_room1_mix1780,84,5,0,-29,0,17.14
fold2_room1_mix1780,84,5,0,-170,0,38.15
fold2_room1_mix1780,85,5,0,0,0,75.98
fold2_room1_mix1780,85,5,0,-28,0,15.84
fold2_room1_mix1780,85,5,0,-174,0,42.95
fold2_room1_mix1780,86,5,0,0,0,77.61
fold2_room1_mix1780,86,5,0,-22,0,19.10
fold2_room1_mix1780,86,5,0,-171,0,36.51
fold2_room1_mix1780,87,5,0,-2,0,76.05
fold2_room1_mix1780,87,5,0,-25,0,18.22
fold2_room1_mix1780,87,5,0,-167,0,33.01
fold2_room1_mix1780,88,5,0,-1,0,77.83
fold2_room1_mix1780,88,5,0,-26,-1,16.85
fold2_room1_mix1780,88,5,0,-167,0,35.10
fold2_room1_mix1780,89,5,0,0,0,81.14
fold2_room1_mix1780,89,5,0,-22,0,19.27
fold2_room1_mix1780,89,5,0,-168,0,33.90
fold2_room1_mix1780,90,5,0,-1,0,77.11
fold2_room1_mix1780,90,5,0,-22,0,19.26
fold2_room1_mix1780,90,5,0,-166,0,29.95
fold2_room1_mix1780,91,5,0,0,0,81.29
fold2_room1_mix1780,91,5,0,-23,0,19.21
fold2_room1_mix1780,91,5,0,-170,0,38.85
fold2_room1_mix1780,92,5,0,0,0,93.84
fold2_room1_mix1780,92,5,0,-15,0,31.67
fold2_room1_mix1780,92,5,0,-155,0,19.17
fold2_room1_mix1780,93,5,0,0,0,86.82
fold2_room1_mix1780,93,5,0,-14,0,25.53
fold2_room1_mix1780,93,5,0,-167,0,27.38
fold2_room1_mix1780,94,5,0,-7,0,58.79
fold2_room1_mix1780,94,5,0,-163,0,22.59
fold2_room1_mix1780,95,5,0,-6,0,62.66
fold2_room1_mix1780,95,5,0,-158,0,22.71
fold2_room1_mix1780,96,5,0,-6,0,66.39
fold2_room1_mix1780,96,5,0,-147,0,15.05
fold2_room1_mix1780,97,5,0,-7,0,67.61
fold2_room1_mix1780,97,5,0,-134,-1,10.56
fold2_room1_mix1780,98,5,0,-8,0,69.69
fold2_room1_mix1780,98,5,0,-127,-1,8.59
fold2_room1_mix1780,99,5,0,-8,0,69.51
fold2_room1_mix1780,99,5,0,-126,-1,8.30
fold2_room1_mix1781,5,5,0,5,1,7.94
fold2_room1_mix1781,6,5,0,5,1,21.62
fold2_room1_mix1781,7,5,0,4,0,36.49
fold2_room1_mix1781,8,5,0,3,0,63.16
fold2_room1_mix1781,9,5,0,5,0,88.64
fold2_room1_mix1781,10,5,0,5,0,106.30
fold2_room1_mix1781,11,5,0,5,0,105.78
fold2_room1_mix1781,12,5,0,4,0,99.84
fold2_room1_mix1781,13,5,0,6,0,94.03
fold2_room1_mix1781,14,5,0,5,0,98.33
fold2_room1_mix1781,15,5,0,4,0,99.47
fold2_room1_mix1781,16,5,0,5,0,104.96
fold2_room1_mix1781,17,5,0,5,0,105.23
fold2_room1_mix1781,18,5,0,5,0,107.81
fold2_room1_mix1781,19,5,0,4,0,107.04
fold2_room1_mix1781,20,5,0,4,0,112.54
fold2_room1_mix1781,21,5,0,5,0,114.80
fold2_room1_mix1781,22,5,0,4,0,111.85
fold2_room1_mix1781,23,5,0,4,0,116.47
fold2_room1_mix1781,24,5,0,4,0,110.23
fold2_room1_mix1781,25,5,0,5,0,114.93
fold2_room1_mix1781,26,5,0,5,0,110.30
fold2_room1_mix1781,27,5,0,4,0,111.47
fold2_room1_mix1781,28,5,0,4,0,110.61
fold2_room1_mix1781,29,5,0,4,0,103.61
fold2_room1_mix1781,30,5,0,4,0,102.81
fold2_room1_mix1781,31,5,0,5,0,108.11
fold2_room1_mix1781,32,5,0,4,0,103.61
fold2_room1_mix1781,33,5,0,5,0,101.86
fold2_room1_mix1781,34,5,0,5,0,97.89
fold2_room1_mix1781,35,5,0,4,0,98.38
fold2_room1_mix1781,36,5,0,5,0,99.76
fold2_room1_mix1781,37,5,0,4,0,97.57
fold2_room1_mix1781,38,5,0,5,0,94.43
fold2_room1_mix1781,39,5,0,6,0,89.45
fold2_room1_mix1781,40,5,0,6,0,85.17
fold2_room1_mix1781,41,5,0,6,0,87.17
fold2_room1_mix1781,42,5,0,6,0,88.05
fold2_room1_mix1781,43,5,0,6,0,81.27
fold2_room1_mix1781,44,5,0,9,0,78.51
fold2_room1_mix1781,45,5,0,8,0,75.40
fold2_room1_mix1781,46,5,0,9,0,71.04
fold2_room1_mix1781,47,5,0,11,0,70.46
fold2_room1_mix1781,48,5,0,11,0,68.09
fold2_room1_mix1781,49,5,0,7,0,85.52
fold2_room1_mix1781,49,5,0,23,0,23.31
fold2_room1_mix1781,50,5,0,7,0,81.99
fold2_room1_mix1781,50,5,0,24,0,20.24
fold2_room1_mix1781,51,5,0,6,0,81.15
fold2_room1_mix1781,51,5,0,29,0,15.99
fold2_room1_mix1781,52,5,0,7,0,78.12
fold2_room1_mix1781,52,5,0,34,0,14.41
fold2_room1_mix1781,53,5,0,7,0,74.50
fold2_room1_mix1781,53,5,0,40,-1,12.53
fold2_room1_mix1781,54,5,0,7,0,70.50
fold2_room1_mix1781,54,5,0,48,-1,10.29
fold2_room1_mix1781,55,5,0,7,0,71.56
fold2_room1_mix1781,55,5,0,59,-1,9.16
fold2_room1_mix1781,56,5,0,7,0,71.48
fold2_room1_mix1781,56,5,0,61,-1,8.87
fold2_room1_mix1781,57,5,0,9,0,70.22
fold2_room1_mix1781,57,5,0,97,-2,9.52
fold2_room1_mix1781,58,5,0,9,0,65.84
fold2_room1_mix1781,58,5,0,110,-1,9.43
fold2_room1_mix1781,59,5,0,9,0,64.50
fold2_room1_mix1781,59,5,0,125,-1,10.32
fold2_room1_mix1781,60,5,0,10,0,64.45
fold2_room1_mix1781,60,5,0,138,-1,13.48
fold2_room1_mix1781,61,5,0,9,0,59.68
fold2_room1_mix1781,61,5,0,143,-1,14.20
fold2_room1_mix1781,62,5,0,9,0,56.57
fold2_room1_mix1781,62,5,0,145,-1,14.00
fold2_room1_mix1781,63,5,0,10,0,57.06
fold2_room1_mix1781,63,5,0,150,0,18.11
fold2_room1_mix1781,64,5,0,11,0,43.14
fold2_room1_mix1781,64,5,0,156,0,21.50
fold2_room1_mix1781,65,5,0,11,0,45.48
fold2_room1_mix1781,65,5,0,157,0,22.38
fold2_room1_mix1781,66,5,0,10,0,49.20
fold2_room1_mix1781,66,5,0,159,0,24.12
fold2_room1_mix1781,67,5,0,12,0,44.69
fold2_room1_mix1781,67,5,0,163,0,28.93
fold2_room1_mix1781,68,5,0,12,0,47.15
fold2_room1_mix1781,68,5,0,162,0,27.60
fold2_room1_mix1781,69,5,0,14,0,44.25
fold2_room1_mix1781,69,5,0,164,0,31.12
fold2_room1_mix1781,70,5,0,12,0,46.80
fold2_room1_mix1781,70,5,0,163,0,28.98
fold2_room1_mix1781,71,5,0,9,0,55.06
fold2_room1_mix1781,71,5,0,33,0,16.43
fold2_room1_mix1781,71,5,0,166,0,36.72
fold2_room1_mix1781,72,5,0,10,0,42.73
fold2_room1_mix1781,72,5,0,52,-1,11.81
fold2_room1_mix1781,72,5,0,168,0,40.04
fold2_room1_mix1781,73,5,0,13,0,29.89
fold2_room1_mix1781,73,5,0,81,-1,9.34
fold2_room1_mix1781,73,5,0,168,0,36.15
fold2_room1_mix1781,74,5,0,18,0,24.41
fold2_room1_mix1781,74,5,0,109,-1,10.11
fold2_room1_mix1781,74,5,0,168,0,38.85
fold2_room1_mix1781,75,5,0,14,0,31.08
fold2_room1_mix1781,75,5,0,112,-1,11.29
fold2_room1_mix1781,75,5,0,171,0,47.93
fold2_room1_mix1781,76,5,0,19,0,23.11
fold2_room1_mix1781,76,5,0,138,-1,14.46
fold2_room1_mix1781,76,5,0,171,0,53.73
fold2_room1_mix1781,77,5,0,30,-1,16.03
fold2_room1_mix1781,77,5,0,148,0,17.54
fold2_room1_mix1781,77,5,0,172,0,57.54
fold2_room1_mix1781,78,5,0,39,-1,11.86
fold2_room1_mix1781,78,5,0,150,0,17.14
fold2_room1_mix1781,78,5,0,173,0,56.39
fold2_room1_mix1781,79,5,0,52,-1,8.13
fold2_room1_mix1781,79,5,0,158,0,20.62
fold2_room1_mix1781,79,5,0,175,0,63.27
fold2_room1_mix1781,80,5,0,73,-2,7.55
fold2_room1_mix1781,80,5,0,167,0,49.05
fold2_room1_mix1781,81,5,0,106,-2,7.23
fold2_room1_mix1781,81,5,0,168,0,51.73
fold2_room1_mix1781,82,5,0,112,-2,7.57
fold2_room1_mix1781,82,5,0,168,0,51.33
fold2_room1_mix1781,83,5,0,120,-2,8.63
fold2_room1_mix1781,83,5,0,168,0,58.71
fold2_room1_mix1781,84,5,0,129,-1,10.06
fold2_room1_mix1781,84,5,0,167,0,58.77
fold2_room1_mix1781,85,5,0,137,-1,12.19
fold2_room1_mix1781,85,5,0,169,0,65.07
fold2_room1_mix1781,86,5,0,141,-1,13.32
fold2_room1_mix1781,86,5,0,168,0,61.37
fold2_room1_mix1781,87,5,0,145,-1,16.46
fold2_room1_mix1781,87,5,0,168,0,67.62
fold2_room1_mix1781,88,5,0,148,-1,17.43
fold2_room1_mix1781,88,5,0,169,0,71.58
fold2_room1_mix1781,89,5,0,152,0,19.86
fold2_room1_mix1781,89,5,0,170,0,76.84
fold2_room1_mix1781,90,5,0,164,0,56.16
fold2_room1_mix1781,91,5,0,166,0,60.72
fold2_room1_mix1781,92,5,0,168,0,62.63
fold2_room1_mix1781,93,5,0,167,0,63.75
fold2_room1_mix1781,94,5,0,168,0,61.42
fold2_room1_mix1781,95,5,0,170,0,66.07
fold2_room1_mix1781,96,5,0,170,0,64.94
fold2_room1_mix1781,97,5,0,170,0,66.56
fold2_room1_mix1781,98,5,0,171,0,69.61
fold2_room1_mix1781,99,5,0,170,0,68.68
fold2_room1_mix1782,3,5,0,5,2,2.85
fold2_room1_mix1782,4,5,0,7,1,9.00
fold2_room1_mix1782,5,5,0,3,0,31.37
fold2_room1_mix1782,6,5,0,3,0,44.52
fold2_room1_mix1782,7,5,0,3,0,69.09
fold2_room1_mix1782,8,5,0,2,0,97.27
fold2_room1_mix1782,9,5,0,5,0,99.94
fold2_room1_mix1782,10,5,0,4,0,96.28
fold2_room1_mix1782,11,5,0,5,0,96.00
fold2_room1_mix1782,12,5,0,5,0,90.87
fold2_room1_mix1782,13,5,0,4,0,94.34
fold2_room1_mix1782,14,5,0,4,0,93.24
fold2_room1_mix1782,15,5,0,5,0,97.55
fold2_room1_mix1782,16,5,0,4,0,95.90
fold2_room1_mix1782,17,5,0,4,0,95.72
fold2_room1_mix1782,18,5,0,4,0,99.80
fold2_room1_mix1782,19,5,0,4,0,95.30
fold2_room1_mix1782,20,5,0,4,0,99.64
fold2_room1_mix1782,21,5,0,4,0,99.15
fold2_room1_mix1782,22,5,0,6,0,92.92
fold2_room1_mix1782,23,5,0,5,0,91.12
fold2_room1_mix1782,24,5,0,5,0,93.68
fold2_room1_mix1782,25,5,0,5,0,91.61
fold2_room1_mix1782,26,5,0,5,0,86.10
fold2_room1_mix1782,27,5,0,5,0,95.01
fold2_room1_mix1782,28,5,0,6,0,93.55
fold2_room1_mix1782,29,5,0,6,0,88.12
fold2_room1_mix1782,30,5,0,5,0,85.67
fold2_room1_mix1782,31,5,0,7,0,85.25
fold2_room1_mix1782,32,5,0,7,0,76.57
fold2_room1_mix1782,33,5,0,6,0,80.61
fold2_room1_mix1782,34,5,0,7,0,79.77
fold2_room1_mix1782,35,5,0,7,0,76.20
fold2_room1_mix1782,36,5,0,8,0,75.98
fold2_room1_mix1782,37,5,0,9,0,72.92
fold2_room1_mix1782,38,5,0,9,0,69.38
fold2_room1_mix1782,39,5,0,10,0,66.66
fold2_room1_mix1782,40,5,0,5,0,87.92
fold2_room1_mix1782,40,5,0,22,0,19.29
fold2_room1_mix1782,41,5,0,5,0,86.24
fold2_room1_mix1782,41,5,0,25,0,18.21
fold2_room1_mix1782,42,5,0,5,0,86.80
fold2_room1_mix1782,42,5,0,26,0,16.42
fold2_room1_mix1782,43,5,0,5,0,86.17
fold2_room1_mix1782,43,5,0,26,0,16.24
fold2_room1_mix1782,44,5,0,5,0,84.21
fold2_room1_mix1782,44,5,0,29,-1,15.66
fold2_room1_mix1782,45,5,0,4,0,82.05
fold2_room1_mix1782,45,5,0,31,-1,13.31
fold2_room1_mix1782,46,5,0,4,0,83.75
fold2_room1_mix1782,46,5,0,35,-1,12.65
fold2_room1_mix1782,47,5,0,5,0,83.60
fold2_room1_mix1782,47,5,0,40,-1,11.84
fold2_room1_mix1782,48,5,0,5,0,77.85
fold2_room1_mix1782,48,5,0,51,-1,9.05
fold2_room1_mix1782,49,5,0,5,0,76.00
fold2_room1_mix1782,49,5,0,54,-1,8.95
fold2_room1_mix1782,50,5,0,5,0,73.04
fold2_room1_mix1782,50,5,0,63,-1,7.72
fold2_room1_mix1782,51,5,0,6,0,70.56
fold2_room1_mix1782,51,5,0,81,-2,7.35
fold2_room1_mix1782,52,5,0,7,0,68.48
fold2_room1_mix1782,52,5,0,98,-2,7.40
fold2_room1_mix1782,53,5,0,7,0,68.71
fold2_room1_mix1782,53,5,0,108,-2,7.68
fold2_room1_mix1782,54,5,0,7,0,67.25
fold2_room1_mix1782,54,5,0,114,-2,7.66
fold2_room1_mix1782,55,5,0,7,0,67.19
fold2_room1_mix1782,55,5,0,124,-2,8.81
fold2_room1_mix1782,56,5,0,8,0,64.09
fold2_room1_mix1782,56,5,0,133,-1,10.09
fold2_room1_mix1782,57,5,0,7,0,65.81
fold2_room1_mix1782,57,5,0,143,-1,12.95
fold2_room1_mix1782,58,5,0,7,0,62.75
fold2_room1_mix1782,58,5,0,144,-1,13.41
fold2_room1_mix1782,59,5,0,8,0,61.70
fold2_room1_mix1782,59,5,0,149,0,14.80
fold2_room1_mix1782,60,5,0,8,0,60.86
fold2_room1_mix1782,60,5,0,152,0,17.13
fold2_room1_mix1782,61,5,0,8,0,56.93
fold2_room1_mix1782,61,5,0,155,0,16.89
fold2_room1_mix1782,62,5,0,8,0,57.63
fold2_room1_mix1782,62,5,0,157,0,20.06
fold2_room1_mix1782,63,5,0,9,0,61.67
fold2_room1_mix1782,63,5,0,159,0,22.49
fold2_room1_mix1782,64,5,0,9,0,56.01
fold2_room1_mix1782,64,5,0,158,0,21.70
fold2_room1_mix1782,65,5,0,9,0,54.63
fold2_room1_mix1782,65,5,0,160,0,25.06
fold2_room1_mix1782,66,5,0,10,0,53.44
fold2_room1_mix1782,66,5,0,160,0,26.80
fold2_room1_mix1782,67,5,0,9,0,58.52
fold2_room1_mix1782,67,5,0,161,0,27.97
fold2_room1_mix1782,68,5,0,9,0,56.14
fold2_room1_mix1782,68,5,0,161,0,27.96
fold2_room1_mix1782,69,5,0,11,0,52.19
fold2_room1_mix1782,69,5,0,164,0,32.90
fold2_room1_mix1782,70,5,0,10,0,54.54
fold2_room1_mix1782,70,5,0,164,0,32.95
fold2_room1_mix1782,71,5,0,12,0,46.93
fold2_room1_mix1782,71,5,0,166,0,35.43
fold2_room1_mix1782,72,5,0,13,0,46.99
fold2_room1_mix1782,72,5,0,167,0,37.59
fold2_room1_mix1782,73,5,0,10,0,53.54
fold2_room1_mix1782,73,5,0,167,0,39.67
fold2_room1_mix1782,74,5,0,13,0,46.59
fold2_room1_mix1782,74,5,0,167,0,40.81
fold2_room1_mix1782,75,5,0,11,0,53.78
fold2_room1_mix1782,75,5,0,169,0,46.32
fold2_room1_mix1782,76,5,0,13,0,54.17
fold2_room1_mix1782,76,5,0,169,0,49.78
fold2_room1_mix1782,77,5,0,12,0,51.19
fold2_room1_mix1782,77,5,0,168,0,44.66
fold2_room1_mix1782,78,5,0,8,0,51.39
fold2_room1_mix1782,78,5,0,54,-1,13.88
fold2_room1_mix1782,78,5,0,169,0,53.43
fold2_room1_mix1782,79,5,0,6,0,67.67
fold2_room1_mix1782,79,5,0,34,0,17.73
fold2_room1_mix1782,79,5,0,169,0,53.34
fold2_room1_mix1782,80,5,0,7,0,66.09
fold2_room1_mix1782,80,5,0,26,0,20.76
fold2_room1_mix1782,80,5,0,168,0,47.96
fold2_room1_mix1782,81,5,0,13,0,54.73
fold2_room1_mix1782,81,5,0,170,0,50.80
fold2_room1_mix1782,82,5,0,7,0,80.72
fold2_room1_mix1782,82,5,0,26,0,22.80
fold2_room1_mix1782,82,5,0,169,0,53.63
fold2_room1_mix1782,83,5,0,6,0,72.78
fold2_room1_mix1782,83,5,0,30,0,19.16
fold2_room1_mix1782,83,5,0,171,0,56.27
fold2_room1_mix1782,84,5,0,7,0,63.06
fold2_room1_mix1782,84,5,0,35,0,16.92
fold2_room1_mix1782,84,5,0,171,0,57.19
fold2_room1_mix1782,85,5,0,7,0,70.17
fold2_room1_mix1782,85,5,0,32,0,18.18
fold2_room1_mix1782,85,5,0,170,0,57.31
fold2_room1_mix1782,86,5,0,10,0,40.04
fold2_room1_mix1782,86,5,0,73,-1,13.14
fold2_room1_mix1782,86,5,0,172,0,59.35
fold2_room1_mix1782,87,5,0,14,0,34.94
fold2_room1_mix1782,87,5,0,114,-2,14.75
fold2_room1_mix1782,87,5,0,173,0,67.10
fold2_room1_mix1782,88,5,0,9,0,53.61
fold2_room1_mix1782,88,5,0,60,-1,12.78
fold2_room1_mix1782,88,5,0,172,0,64.15
fold2_room1_mix1782,89,5,0,7,0,63.97
fold2_room1_mix1782,89,5,0,50,-1,14.07
fold2_room1_mix1782,89,5,0,172,0,66.99
fold2_room1_mix1782,90,5,0,10,0,51.46
fold2_room1_mix1782,90,5,0,82,-1,13.08
fold2_room1_mix1782,90,5,0,170,0,67.85
fold2_room1_mix1782,91,5,0,10,0,47.37
fold2_room1_mix1782,91,5,0,109,-1,13.69
fold2_room1_mix1782,91,5,0,171,0,73.08
fold2_room1_mix1782,92,5,0,10,0,47.70
fold2_room1_mix1782,92,5,0,118,-1,14.54
fold2_room1_mix1782,92,5,0,171,0,74.94
fold2_room1_mix1782,93,5,0,10,0,42.87
fold2_room1_mix1782,93,5,0,110,-1,13.62
fold2_room1_mix1782,93,5,0,172,0,67.88
fold2_room1_mix1782,94,5,0,12,0,37.86
fold2_room1_mix1782,94,5,0,132,-1,15.79
fold2_room1_mix1782,94,5,0,172,0,73.83
fold2_room1_mix1782,95,5,0,17,0,26.77
fold2_room1_mix1782,95,5,0,151,0,21.77
fold2_room1_mix1782,95,5,0,172,0,82.75
fold2_room1_mix1782,96,5,0,27,0,18.99
fold2_room1_mix1782,96,5,0,152,0,21.73
fold2_room1_mix1782,96,5,0,174,0,80.63
fold2_room1_mix1782,97,5,0,17,0,29.85
fold2_room1_mix1782,97,5,0,146,0,20.06
fold2_room1_mix1782,97,5,0,173,0,86.50
fold2_room1_mix1782,98,5,0,22,0,23.35
fold2_room1_mix1782,98,5,0,156,0,25.86
fold2_room1_mix1782,98,5,0,174,0,97.19
fold2_room1_mix1782,99,5,0,30,-1,16.24
fold2_room1_mix1782,99,5,0,169,0,64.07
fold2_room1_mix1783,5,5,0,-1,1,29.01
fold2_room1_mix1783,6,5,0,-1,0,44.20
fold2_room1_mix1783,7,5,0,0,0,67.77
fold2_room1_mix1783,8,5,0,-5,0,94.23
fold2_room1_mix1783,9,5,0,-2,0,93.86
fold2_room1_mix1783,10,5,0,-3,0,95.20
fold2_room1_mix1783,11,5,0,-3,0,92.68
fold2_room1_mix1783,12,5,0,-3,0,91.14
fold2_room1_mix1783,13,5,0,-4,0,91.35
fold2_room1_mix1783,14,5,0,-4,0,93.29
fold2_room1_mix1783,15,5,0,-3,0,98.16
fold2_room1_mix1783,16,5,0,-4,0,95.12
fold2_room1_mix1783,17,5,0,-3,0,92.17
fold2_room1_mix1783,18,5,0,-4,0,96.67
fold2_room1_mix1783,19,5,0,-5,0,92.97
fold2_room1_mix1783,20,5,0,-4,0,95.52
fold2_room1_mix1783,21,5,0,-4,0,86.20
fold2_room1_mix1783,22,5,0,-4,0,81.21
fold2_room1_mix1783,23,5,0,-4,0,80.69
fold2_room1_mix1783,24,5,0,-3,0,85.77
fold2_room1_mix1783,25,5,0,-4,0,79.16
fold2_room1_mix1783,26,5,0,-5,0,81.51
fold2_room1_mix1783,27,5,0,-6,0,83.18
fold2_room1_mix1783,28,5,0,-6,0,82.74
fold2_room1_mix1783,29,5,0,-6,0,79.88
fold2_room1_mix1783,30,5,0,-6,0,76.61
fold2_room1_mix1783,31,5,0,-7,0,79.25
fold2_room1_mix1783,32,5,0,-6,0,80.45
fold2_room1_mix1783,33,5,0,-7,0,78.87
fold2_room1_mix1783,34,5,0,-7,0,79.80
fold2_room1_mix1783,35,5,0,-8,0,75.31
fold2_room1_mix1783,36,5,0,-8,0,76.07
fold2_room1_mix1783,37,5,0,-8,0,73.59
fold2_room1_mix1783,38,5,0,-3,0,93.60
fold2_room1_mix1783,38,5,0,-20,0,20.53
fold2_room1_mix1783,39,5,0,-3,0,91.95
fold2_room1_mix1783,39,5,0,-21,0,19.54
fold2_room1_mix1783,40,5,0,-3,0,94.71
fold2_room1_mix1783,40,5,0,-20,0,19.63
fold2_room1_mix1783,41,5,0,-3,0,92.62
fold2_room1_mix1783,41,5,0,-20,0,18.95
fold2_room1_mix1783,42,5,0,-3,0,91.08
fold2_room1_mix1783,42,5,0,-22,0,16.83
fold2_room1_mix1783,43,5,0,-3,0,88.40
fold2_room1_mix1783,43,5,0,-26,0,14.24
fold2_room1_mix1783,44,5,0,-3,0,83.35
fold2_room1_mix1783,44,5,0,-29,0,12.99
fold2_room1_mix1783,45,5,0,-3,0,80.40
fold2_room1_mix1783,45,5,0,-37,0,11.00
fold2_room1_mix1783,46,5,0,-3,0,77.60
fold2_room1_mix1783,46,5,0,-40,0,10.44
fold2_room1_mix1783,47,5,0,-3,0,79.90
fold2_room1_mix1783,47,5,0,-42,0,10.25
fold2_room1_mix1783,48,5,0,-4,0,78.27
fold2_room1_mix1783,48,5,0,-56,0,8.04
fold2_room1_mix1783,49,5,0,-5,0,81.11
fold2_room1_mix1783,49,5,0,-67,-1,7.76
fold2_room1_mix1783,50,5,0,-5,0,84.82
fold2_room1_mix1783,50,5,0,-80,-1,7.34
fold2_room1_mix1783,51,5,0,-5,0,80.40
fold2_room1_mix1783,51,5,0,-102,-1,7.72
fold2_room1_mix1783,52,5,0,-6,0,73.25
fold2_room1_mix1783,52,5,0,-116,-1,8.20
fold2_room1_mix1783,53,5,0,-5,0,73.31
fold2_room1_mix1783,53,5,0,-128,-1,9.15
fold2_room1_mix1783,54,5,0,-6,0,72.07
fold2_room1_mix1783,54,5,0,-130,0,9.21
fold2_room1_mix1783,55,5,0,-5,0,67.98
fold2_room1_mix1783,55,5,0,-140,0,12.02
fold2_room1_mix1783,56,5,0,-5,0,66.14
fold2_room1_mix1783,56,5,0,-146,0,14.20
fold2_room1_mix1783,57,5,0,-7,0,63.19
fold2_room1_mix1783,57,5,0,-147,0,14.15
fold2_room1_mix1783,58,5,0,-6,0,61.78
fold2_room1_mix1783,58,5,0,-150,0,15.42
fold2_room1_mix1783,59,5,0,-6,0,63.55
fold2_room1_mix1783,59,5,0,-151,0,16.33
fold2_room1_mix1783,60,5,0,-8,0,58.51
fold2_room1_mix1783,60,5,0,-154,0,18.86
fold2_room1_mix1783,61,5,0,-7,0,56.03
fold2_room1_mix1783,61,5,0,-158,0,20.35
fold2_room1_mix1783,62,5,0,-7,0,55.21
fold2_room1_mix1783,62,5,0,-156,0,19.61
fold2_room1_mix1783,63,5,0,-7,0,56.78
fold2_room1_mix1783,63,5,0,-159,0,21.21
fold2_room1_mix1783,64,5,0,-9,0,52.43
fold2_room1_mix1783,64,5,0,-159,0,22.31
fold2_room1_mix1783,65,5,0,-12,0,44.43
fold2_room1_mix1783,65,5,0,-164,0,28.60
fold2_room1_mix1783,66,5,0,-10,0,46.93
fold2_room1_mix1783,66,5,0,-162,0,28.13
fold2_room1_mix1783,67,5,0,-8,0,51.70
fold2_room1_mix1783,67,5,0,-164,0,30.08
fold2_room1_mix1783,68,5,0,-8,0,53.67
fold2_room1_mix1783,68,5,0,-163,0,29.83
fold2_room1_mix1783,69,5,0,-4,0,67.41
fold2_room1_mix1783,69,5,0,-20,0,22.78
fold2_room1_mix1783,69,5,0,-166,0,36.86
fold2_room1_mix1783,70,5,0,-10,0,47.78
fold2_room1_mix1783,70,5,0,-165,0,32.13
fold2_room1_mix1783,71,5,0,-5,0,62.06
fold2_room1_mix1783,71,5,0,-23,0,19.95
fold2_room1_mix1783,71,5,0,-166,0,36.55
fold2_room1_mix1783,72,5,0,-6,0,60.37
fold2_room1_mix1783,72,5,0,-27,0,18.84
fold2_room1_mix1783,72,5,0,-166,0,40.31
fold2_room1_mix1783,73,5,0,-6,0,59.65
fold2_room1_mix1783,73,5,0,-33,0,17.00
fold2_room1_mix1783,73,5,0,-169,0,46.13
fold2_room1_mix1783,74,5,0,-8,0,54.37
fold2_room1_mix1783,74,5,0,-34,0,15.95
fold2_room1_mix1783,74,5,0,-168,0,43.97
fold2_room1_mix1783,75,5,0,-5,0,70.09
fold2_room1_mix1783,75,5,0,-27,0,20.39
fold2_room1_mix1783,75,5,0,-169,0,46.83
fold2_room1_mix1783,76,5,0,-5,0,69.19
fold2_room1_mix1783,76,5,0,-24,0,22.35
fold2_room1_mix1783,76,5,0,-167,0,41.50
fold2_room1_mix1783,77,5,0,-9,0,50.46
fold2_room1_mix1783,77,5,0,-47,0,12.91
fold2_room1_mix1783,77,5,0,-168,0,48.41
fold2_room1_mix1783,78,5,0,-8,0,53.91
fold2_room1_mix1783,78,5,0,-47,0,13.56
fold2_room1_mix1783,78,5,0,-169,0,51.44
fold2_room1_mix1783,79,5,0,-9,0,47.71
fold2_room1_mix1783,79,5,0,-62,0,11.60
fold2_room1_mix1783,79,5,0,-170,0,53.53
fold2_room1_mix1783,80,5,0,-10,0,41.83
fold2_room1_mix1783,80,5,0,-70,0,10.66
fold2_room1_mix1783,80,5,0,-170,0,49.26
fold2_room1_mix1783,81,5,0,-11,0,33.44
fold2_room1_mix1783,81,5,0,-121,-1,11.40
fold2_room1_mix1783,81,5,0,-172,0,55.71
fold2_room1_mix1783,82,5,0,-10,0,37.65
fold2_room1_mix1783,82,5,0,-93,-1,11.33
fold2_room1_mix1783,82,5,0,-171,0,56.45
fold2_room1_mix1783,83,5,0,-11,0,34.36
fold2_room1_mix1783,83,5,0,-118,0,11.35
fold2_room1_mix1783,83,5,0,-171,0,58.80
fold2_room1_mix1783,84,5,0,-12,0,36.23
fold2_room1_mix1783,84,5,0,-105,-1,11.55
fold2_room1_mix1783,84,5,0,-170,0,58.36
fold2_room1_mix1783,85,5,0,-12,0,34.31
fold2_room1_mix1783,85,5,0,-122,0,12.31
fold2_room1_mix1783,85,5,0,-172,0,64.01
fold2_room1_mix1783,86,5,0,-12,0,33.81
fold2_room1_mix1783,86,5,0,-121,-1,11.97
fold2_room1_mix1783,86,5,0,-171,0,62.46
fold2_room1_mix1783,87,5,0,-13,0,30.41
fold2_room1_mix1783,87,5,0,-132,-1,12.98
fold2_room1_mix1783,87,5,0,-172,0,62.81
fold2_room1_mix1783,88,5,0,-11,0,37.73
fold2_room1_mix1783,88,5,0,-121,-1,12.08
fold2_room1_mix1783,88,5,0,-172,0,65.49
fold2_room1_mix1783,89,5,0,-49,0,12.66
fold2_room1_mix1783,89,5,0,-155,0,19.17
fold2_room1_mix1783,89,5,0,-172,0,72.08
fold2_room1_mix1783,90,5,0,-13,0,30.22
fold2_room1_mix1783,90,5,0,-131,0,12.92
fold2_room1_mix1783,90,5,0,-171,0,60.68
fold2_room1_mix1783,91,5,0,-16,0,25.58
fold2_room1_mix1783,91,5,0,-147,0,16.49
fold2_room1_mix1783,91,5,0,-174,0,71.93
fold2_room1_mix1783,92,5,0,-17,0,23.27
fold2_room1_mix1783,92,5,0,-147,0,15.97
fold2_room1_mix1783,92,5,0,-173,0,65.04
fold2_room1_mix1783,93,5,0,-33,0,13.41
fold2_room1_mix1783,93,5,0,-156,0,18.51
fold2_room1_mix1783,93,5,0,-174,0,66.13
fold2_room1_mix1783,94,5,0,-16,0,22.05
fold2_room1_mix1783,94,5,0,-149,0,16.13
fold2_room1_mix1783,94,5,0,-174,0,65.47
fold2_room1_mix1783,95,5,0,-31,0,14.18
fold2_room1_mix1783,95,5,0,-156,0,19.84
fold2_room1_mix1783,95,5,0,-174,0,74.71
fold2_room1_mix1783,96,5,0,-42,0,10.59
fold2_room1_mix1783,96,5,0,-167,0,49.99
fold2_room1_mix1783,97,5,0,-59,-1,8.04
fold2_room1_mix1783,97,5,0,-167,0,55.84
fold2_room1_mix1783,98,5,0,-54,-1,8.86
fold2_room1_mix1783,98,5,0,-160,0,26.55
fold2_room1_mix1783,98,5,0,-176,0,90.53
fold2_room1_mix1783,99,5,0,-66,-1,7.31
fold2_room1_mix1783,99,5,0,-170,0,63.19
fold2_room1_mix1784,4,5,0,-3,0,15.48
fold2_room1_mix1784,5,5,0,-5,0,32.08
fold2_room1_mix1784,6,5,0,-5,0,49.35
fold2_room1_mix1784,7,5,0,-5,0,73.99
fold2_room1_mix1784,8,5,0,-5,0,91.29
fold2_room1_mix1784,9,5,0,-5,0,87.52
fold2_room1_mix1784,10,5,0,-6,0,81.94
fold2_room1_mix1784,11,5,0,-7,0,79.23
fold2_room1_mix1784,12,5,0,-7,0,80.82
fold2_room1_mix1784,13,5,0,-7,0,80.98
fold2_room1_mix1784,14,5,0,-7,0,82.25
fold2_room1_mix1784,15,5,0,-6,0,84.28
fold2_room1_mix1784,16,5,0,-7,0,83.89
fold2_room1_mix1784,17,5,0,-7,0,83.59
fold2_room1_mix1784,18,5,0,-7,0,80.26
fold2_room1_mix1784,19,5,0,-7,0,83.66
fold2_room1_mix1784,20,5,0,-7,0,82.43
fold2_room1_mix1784,21,5,0,-7,0,83.51
fold2_room1_mix1784,22,5,0,-7,0,79.14
fold2_room1_mix1784,23,5,0,-8,0,75.71
fold2_room1_mix1784,24,5,0,-8,0,76.50
fold2_room1_mix1784,25,5,0,-9,0,73.75
fold2_room1_mix1784,26,5,0,-9,0,72.77
fold2_room1_mix1784,27,5,0,-8,0,74.97
fold2_room1_mix1784,28,5,0,-9,0,74.45
fold2_room1_mix1784,29,5,0,-9,0,72.23
fold2_room1_mix1784,30,5,0,-9,0,70.26
fold2_room1_mix1784,31,5,0,-8,0,61.93
fold2_room1_mix1784,32,5,0,-3,0,88.53
fold2_room1_mix1784,32,5,0,-21,0,20.10
fold2_room1_mix1784,33,5,0,-3,0,86.04
fold2_room1_mix1784,33,5,0,-20,0,20.25
fold2_room1_mix1784,34,5,0,-3,0,84.12
fold2_room1_mix1784,34,5,0,-21,0,18.49
fold2_room1_mix1784,35,5,0,-2,0,83.78
fold2_room1_mix1784,35,5,0,-22,0,16.96
fold2_room1_mix1784,36,5,0,-3,0,81.88
fold2_room1_mix1784,36,5,0,-24,0,16.02
fold2_room1_mix1784,37,5,0,-3,0,74.42
fold2_room1_mix1784,37,5,0,-24,0,15.05
fold2_room1_mix1784,38,5,0,-3,0,75.27
fold2_room1_mix1784,38,5,0,-32,0,12.91
fold2_room1_mix1784,39,5,0,-4,0,70.55
fold2_room1_mix1784,39,5,0,-30,0,13.09
fold2_room1_mix1784,40,5,0,-5,0,63.54
fold2_room1_mix1784,40,5,0,-38,0,10.44
fold2_room1_mix1784,41,5,0,-4,0,70.88
fold2_room1_mix1784,41,5,0,-46,0,9.94
fold2_room1_mix1784,42,5,0,-6,0,65.66
fold2_room1_mix1784,42,5,0,-52,0,8.88
fold2_room1_mix1784,43,5,0,-6,0,67.21
fold2_room1_mix1784,43,5,0,-63,0,8.14
fold2_room1_mix1784,44,5,0,-7,1,65.71
fold2_room1_mix1784,44,5,0,-74,0,8.34
fold2_room1_mix1784,45,5,0,-9,1,69.08
fold2_room1_mix1784,45,5,0,-102,0,8.18
fold2_room1_mix1784,46,5,0,-8,1,66.75
fold2_room1_mix1784,46,5,0,-119,0,9.51
fold2_room1_mix1784,47,5,0,-8,0,69.88
fold2_room1_mix1784,47,5,0,-127,0,10.99
fold2_room1_mix1784,48,5,0,-9,0,60.96
fold2_room1_mix1784,48,5,0,-129,0,10.03
fold2_room1_mix1784,49,5,0,-9,0,63.94
fold2_room1_mix1784,49,5,0,-129,0,11.17
fold2_room1_mix1784,50,5,0,-9,0,57.47
fold2_room1_mix1784,50,5,0,-140,0,12.88
fold2_room1_mix1784,51,5,0,-10,0,52.90
fold2_room1_mix1784,51,5,0,-144,0,13.44
fold2_room1_mix1784,52,5,0,-10,0,54.57
fold2_room1_mix1784,52,5,0,-148,0,15.77
fold2_room1_mix1784,53,5,0,-10,0,57.90
fold2_room1_mix1784,53,5,0,-147,0,15.13
fold2_room1_mix1784,54,5,0,-10,0,53.79
fold2_room1_mix1784,54,5,0,-150,0,17.10
fold2_room1_mix1784,55,5,0,-11,0,52.10
fold2_room1_mix1784,55,5,0,-153,0,20.08
fold2_room1_mix1784,56,5,0,-11,0,48.94
fold2_room1_mix1784,56,5,0,-156,0,20.76
fold2_room1_mix1784,57,5,0,-11,0,47.04
fold2_room1_mix1784,57,5,0,-158,0,22.10
fold2_room1_mix1784,58,5,0,-15,0,40.79
fold2_room1_mix1784,58,5,0,-161,0,26.09
fold2_room1_mix1784,59,5,0,-12,0,45.97
fold2_room1_mix1784,59,5,0,-161,0,26.11
fold2_room1_mix1784,60,5,0,-8,0,58.20
fold2_room1_mix1784,60,5,0,-25,0,21.55
fold2_room1_mix1784,60,5,0,-163,0,30.06
fold2_room1_mix1784,61,5,0,-6,1,58.33
fold2_room1_mix1784,61,5,0,-22,0,21.88
fold2_room1_mix1784,61,5,0,-162,0,28.28
fold2_room1_mix1784,62,5,0,-7,0,54.09
fold2_room1_mix1784,62,5,0,-32,0,18.17
fold2_room1_mix1784,62,5,0,-164,0,34.12
fold2_room1_mix1784,63,5,0,-7,1,56.57
fold2_room1_mix1784,63,5,0,-29,0,19.67
fold2_room1_mix1784,63,5,0,-164,0,33.89
fold2_room1_mix1784,64,5,0,-7,1,57.94
fold2_room1_mix1784,64,5,0,-26,0,20.79
fold2_room1_mix1784,64,5,0,-163,0,32.22
fold2_room1_mix1784,65,5,0,-7,0,50.12
fold2_room1_mix1784,65,5,0,-32,0,16.49
fold2_room1_mix1784,65,5,0,-163,0,33.09
fold2_room1_mix1784,66,5,0,-6,0,61.39
fold2_room1_mix1784,66,5,0,-26,0,20.71
fold2_room1_mix1784,66,5,0,-163,0,34.27
fold2_room1_mix1784,67,5,0,-9,0,47.88
fold2_room1_mix1784,67,5,0,-36,0,15.32
fold2_room1_mix1784,67,5,0,-164,0,36.31
fold2_room1_mix1784,68,5,0,-12,0,39.55
fold2_room1_mix1784,68,5,0,-48,0,11.96
fold2_room1_mix1784,68,5,0,-165,0,37.98
fold2_room1_mix1784,69,5,0,-11,0,40.05
fold2_room1_mix1784,69,5,0,-55,0,11.03
fold2_room1_mix1784,69,5,0,-166,0,41.85
fold2_room1_mix1784,70,5,0,-10,0,47.99
fold2_room1_mix1784,70,5,0,-45,0,13.46
fold2_room1_mix1784,70,5,0,-167,0,43.76
fold2_room1_mix1784,71,5,0,-13,0,37.60
fold2_room1_mix1784,71,5,0,-71,0,10.62
fold2_room1_mix1784,71,5,0,-168,0,43.96
fold2_room1_mix1784,72,5,0,-14,0,31.19
fold2_room1_mix1784,72,5,0,-83,-1,9.62
fold2_room1_mix1784,72,5,0,-167,0,42.37
fold2_room1_mix1784,73,5,0,-14,0,34.82
fold2_room1_mix1784,73,5,0,-71,0,10.21
fold2_room1_mix1784,73,5,0,-167,0,41.13
fold2_room1_mix1784,74,5,0,-20,0,22.74
fold2_room1_mix1784,74,5,0,-122,0,10.40
fold2_room1_mix1784,74,5,0,-166,0,40.78
fold2_room1_mix1784,75,5,0,-17,0,25.93
fold2_room1_mix1784,75,5,0,-110,0,10.04
fold2_room1_mix1784,75,5,0,-167,0,40.56
fold2_room1_mix1784,76,5,0,-18,0,23.13
fold2_room1_mix1784,76,5,0,-127,0,10.68
fold2_room1_mix1784,76,5,0,-169,0,42.47
fold2_room1_mix1784,77,5,0,-17,0,22.91
fold2_room1_mix1784,77,5,0,-131,0,11.28
fold2_room1_mix1784,77,5,0,-170,0,44.66
fold2_room1_mix1784,78,5,0,-14,0,26.89
fold2_room1_mix1784,78,5,0,-128,0,11.59
fold2_room1_mix1784,78,5,0,-171,0,49.37
fold2_room1_mix1784,79,5,0,-24,0,17.79
fold2_room1_mix1784,79,5,0,-143,0,12.99
fold2_room1_mix1784,79,5,0,-171,0,49.79
fold2_room1_mix1784,80,5,0,-37,0,12.79
fold2_room1_mix1784,80,5,0,-151,0,16.31
fold2_room1_mix1784,80,5,0,-170,0,57.43
fold2_room1_mix1784,81,5,0,-29,0,15.43
fold2_room1_mix1784,81,5,0,-147,0,15.13
fold2_room1_mix1784,81,5,0,-170,0,55.73
fold2_room1_mix1784,82,5,0,-31,0,14.49
fold2_room1_mix1784,82,5,0,-147,0,15.23
fold2_room1_mix1784,82,5,0,-170,0,57.37
fold2_room1_mix1784,83,5,0,-46,0,10.36
fold2_room1_mix1784,83,5,0,-150,0,15.37
fold2_room1_mix1784,83,5,0,-170,0,55.33
fold2_room1_mix1784,84,5,0,-56,0,8.14
fold2_room1_mix1784,84,5,0,-157,0,18.00
fold2_room1_mix1784,84,5,0,-173,0,65.35
fold2_room1_mix1784,85,5,0,-75,-1,7.12
fold2_room1_mix1784,85,5,0,-166,0,44.39
fold2_room1_mix1784,86,5,0,-76,-1,7.38
fold2_room1_mix1784,86,5,0,-165,0,44.73
fold2_room1_mix1784,87,5,0,-98,-1,6.95
fold2_room1_mix1784,87,5,0,-166,0,45.29
fold2_room1_mix1784,88,5,0,-110,-1,7.75
fold2_room1_mix1784,88,5,0,-166,0,49.00
fold2_room1_mix1784,89,5,0,-117,-1,7.62
fold2_room1_mix1784,89,5,0,-166,0,45.06
fold2_room1_mix1784,90,5,0,-125,0,8.45
fold2_room1_mix1784,90,5,0,-166,0,45.72
fold2_room1_mix1784,91,5,0,-130,-1,8.89
fold2_room1_mix1784,91,5,0,-167,0,47.70
fold2_room1_mix1784,92,5,0,-134,-1,9.47
fold2_room1_mix1784,92,5,0,-167,0,48.11
fold2_room1_mix1784,93,5,0,-138,-1,10.37
fold2_room1_mix1784,93,5,0,-168,0,50.81
fold2_room1_mix1784,94,5,0,-138,-1,10.67
fold2_room1_mix1784,94,5,0,-168,0,52.89
fold2_room1_mix1784,95,5,0,-141,0,12.14
fold2_room1_mix1784,95,5,0,-168,0,52.62
fold2_room1_mix1784,96,5,0,-142,0,12.29
fold2_room1_mix1784,96,5,0,-169,0,54.83
fold2_room1_mix1784,97,5,0,-146,0,13.70
fold2_room1_mix1784,97,5,0,-170,0,59.49
fold2_room1_mix1784,98,5,0,-149,0,15.35
fold2_room1_mix1784,98,5,0,-170,0,60.60
fold2_room1_mix1784,99,5,0,-151,0,15.28
fold2_room1_mix1784,99,5,0,-170,0,53.35
fold2_room1_mix1785,5,5,0,-177,1,9.22
fold2_room1_mix1785,6,5,0,179,0,31.83
fold2_room1_mix1785,7,5,0,179,0,52.45
fold2_room1_mix1785,8,5,0,-177,0,90.41
fold2_room1_mix1785,9,5,0,-178,0,111.59
fold2_room1_mix1785,10,5,0,-178,0,102.39
fold2_room1_mix1785,11,5,0,-178,0,101.45
fold2_room1_mix1785,12,5,0,-177,0,97.09
fold2_room1_mix1785,13,5,0,-177,0,99.37
fold2_room1_mix1785,14,5,0,-178,0,98.96
fold2_room1_mix1785,15,5,0,-177,0,99.49
fold2_room1_mix1785,16,5,0,-177,0,98.03
fold2_room1_mix1785,17,5,0,-177,0,98.48
fold2_room1_mix1785,18,5,0,-177,0,98.88
fold2_room1_mix1785,19,5,0,-178,0,101.04
fold2_room1_mix1785,20,5,0,-177,0,100.40
fold2_room1_mix1785,21,5,0,-177,0,103.25
fold2_room1_mix1785,22,5,0,-177,0,98.12
fold2_room1_mix1785,23,5,0,-177,0,93.46
fold2_room1_mix1785,24,5,0,-177,0,92.78
fold2_room1_mix1785,25,5,0,-177,0,96.36
fold2_room1_mix1785,26,5,0,-176,0,88.99
fold2_room1_mix1785,27,5,0,-176,0,91.59
fold2_room1_mix1785,28,5,0,-176,0,91.14
fold2_room1_mix1785,29,5,0,-176,0,87.16
fold2_room1_mix1785,30,5,0,-175,0,85.29
fold2_room1_mix1785,31,5,0,-175,0,88.08
fold2_room1_mix1785,32,5,0,-174,0,86.16
fold2_room1_mix1785,33,5,0,-173,0,81.74
fold2_room1_mix1785,34,5,0,-172,0,81.80
fold2_room1_mix1785,35,5,0,-172,0,78.70
fold2_room1_mix1785,36,5,0,-172,0,76.89
fold2_room1_mix1785,37,5,0,-171,0,77.23
fold2_room1_mix1785,38,5,0,-171,0,75.86
fold2_room1_mix1785,39,5,0,-171,0,73.86
fold2_room1_mix1785,40,5,0,-170,0,68.68
fold2_room1_mix1785,41,5,0,-158,0,19.25
fold2_room1_mix1785,41,5,0,-174,0,92.00
fold2_room1_mix1785,42,5,0,-157,0,16.83
fold2_room1_mix1785,42,5,0,-174,0,89.82
fold2_room1_mix1785,43,5,0,-156,0,15.83
fold2_room1_mix1785,43,5,0,-174,0,86.36
fold2_room1_mix1785,44,5,0,-154,-1,14.90
fold2_room1_mix1785,44,5,0,-174,0,87.10
fold2_room1_mix1785,45,5,0,-149,-1,11.89
fold2_room1_mix1785,45,5,0,-174,0,79.14
fold2_room1_mix1785,46,5,0,-141,-1,9.75
fold2_room1_mix1785,46,5,0,-175,0,80.53
fold2_room1_mix1785,47,5,0,-131,-1,8.44
fold2_room1_mix1785,47,5,0,-173,0,75.88
fold2_room1_mix1785,48,5,0,-128,-1,7.63
fold2_room1_mix1785,48,5,0,-174,0,73.60
fold2_room1_mix1785,49,5,0,-108,-1,6.44
fold2_room1_mix1785,49,5,0,-173,0,75.94
fold2_room1_mix1785,50,5,0,-99,-2,6.20
fold2_room1_mix1785,50,5,0,-173,0,75.10
fold2_room1_mix1785,51,5,0,-90,-2,5.71
fold2_room1_mix1785,51,5,0,-173,0,70.78
fold2_room1_mix1785,52,5,0,-69,-1,7.07
fold2_room1_mix1785,52,5,0,-171,0,71.36
fold2_room1_mix1785,53,5,0,-57,-1,7.49
fold2_room1_mix1785,53,5,0,-171,0,69.46
fold2_room1_mix1785,54,5,0,-44,-1,8.83
fold2_room1_mix1785,54,5,0,-171,0,67.21
fold2_room1_mix1785,55,5,0,-40,-1,9.39
fold2_room1_mix1785,55,5,0,-171,0,62.84
fold2_room1_mix1785,56,5,0,-37,-1,9.76
fold2_room1_mix1785,56,5,0,-169,0,58.13
fold2_room1_mix1785,57,5,0,-29,0,12.19
fold2_room1_mix1785,57,5,0,-168,0,57.85
fold2_room1_mix1785,58,5,0,-24,0,13.34
fold2_room1_mix1785,58,5,0,-168,0,56.34
fold2_room1_mix1785,59,5,0,-23,0,14.78
fold2_room1_mix1785,59,5,0,-168,0,55.57
fold2_room1_mix1785,60,5,0,-22,0,16.35
fold2_room1_mix1785,60,5,0,-165,0,47.09
fold2_room1_mix1785,61,5,0,-20,0,16.71
fold2_room1_mix1785,61,5,0,-166,0,48.07
fold2_room1_mix1785,62,5,0,-20,0,17.94
fold2_room1_mix1785,62,5,0,-166,0,46.41
fold2_room1_mix1785,63,5,0,-19,0,18.84
fold2_room1_mix1785,63,5,0,-151,0,17.75
fold2_room1_mix1785,63,5,0,-169,0,51.19
fold2_room1_mix1785,64,5,0,-18,0,20.63
fold2_room1_mix1785,64,5,0,-156,0,21.03
fold2_room1_mix1785,64,5,0,-172,0,62.10
fold2_room1_mix1785,65,5,0,-15,0,22.45
fold2_room1_mix1785,65,5,0,-148,0,15.55
fold2_room1_mix1785,65,5,0,-170,0,49.27
fold2_room1_mix1785,66,5,0,-15,0,24.40
fold2_room1_mix1785,66,5,0,-145,0,15.23
fold2_room1_mix1785,66,5,0,-168,0,50.41
fold2_room1_mix1785,67,5,0,-14,0,25.84
fold2_room1_mix1785,67,5,0,-142,0,13.63
fold2_room1_mix1785,67,5,0,-168,0,45.99
fold2_room1_mix1785,68,5,0,-13,0,27.69
fold2_room1_mix1785,68,5,0,-139,0,12.55
fold2_room1_mix1785,68,5,0,-168,0,47.23
fold2_room1_mix1785,69,5,0,-11,0,30.07
fold2_room1_mix1785,69,5,0,-132,0,10.92
fold2_room1_mix1785,69,5,0,-167,0,42.66
fold2_room1_mix1785,70,5,0,-12,0,28.58
fold2_room1_mix1785,70,5,0,-111,0,7.98
fold2_room1_mix1785,70,5,0,-166,0,32.16
fold2_room1_mix1785,71,5,0,-11,0,29.52
fold2_room1_mix1785,71,5,0,-106,0,7.86
fold2_room1_mix1785,71,5,0,-166,0,31.65
fold2_room1_mix1785,72,5,0,-11,0,32.24
fold2_room1_mix1785,72,5,0,-118,0,9.41
fold2_room1_mix1785,72,5,0,-167,0,38.70
fold2_room1_mix1785,73,5,0,-12,0,32.76
fold2_room1_mix1785,73,5,0,-91,0,8.42
fold2_room1_mix1785,73,5,0,-165,0,33.57
fold2_room1_mix1785,74,5,0,-13,0,31.84
fold2_room1_mix1785,74,5,0,-62,0,8.30
fold2_room1_mix1785,74,5,0,-162,0,26.00
fold2_room1_mix1785,75,5,0,-13,0,32.62
fold2_room1_mix1785,75,5,0,-52,0,8.78
fold2_room1_mix1785,75,5,0,-158,0,21.01
fold2_room1_mix1785,76,5,0,-14,0,32.84
fold2_room1_mix1785,76,5,0,-44,0,9.45
fold2_room1_mix1785,76,5,0,-149,0,15.66
fold2_room1_mix1785,77,5,0,-11,0,38.26
fold2_room1_mix1785,77,5,0,-36,0,10.96
fold2_room1_mix1785,77,5,0,-139,0,11.91
fold2_room1_mix1785,78,5,0,-11,0,38.18
fold2_room1_mix1785,78,5,0,-41,0,10.76
fold2_room1_mix1785,78,5,0,-150,0,15.39
fold2_room1_mix1785,79,5,0,-10,0,46.13
fold2_room1_mix1785,79,5,0,-30,0,14.20
fold2_room1_mix1785,79,5,0,-128,0,9.20
fold2_room1_mix1785,80,5,0,-10,0,48.44
fold2_room1_mix1785,80,5,0,-28,0,15.44
fold2_room1_mix1785,80,5,0,-113,0,7.80
fold2_room1_mix1785,81,5,0,-16,0,35.53
fold2_room1_mix1785,81,5,0,-93,0,6.26
fold2_room1_mix1785,82,5,0,-17,0,35.88
fold2_room1_mix1785,82,5,0,-89,0,7.19
fold2_room1_mix1785,83,5,0,-15,0,40.62
fold2_room1_mix1785,83,5,0,-64,0,7.00
fold2_room1_mix1785,84,5,0,-16,0,35.37
fold2_room1_mix1785,84,5,0,-63,0,8.34
fold2_room1_mix1785,85,5,0,-14,0,41.57
fold2_room1_mix1785,85,5,0,-51,0,8.58
fold2_room1_mix1785,86,5,0,-13,0,42.86
fold2_room1_mix1785,86,5,0,-43,0,10.39
fold2_room1_mix1785,87,5,0,-10,0,46.05
fold2_room1_mix1785,87,5,0,-34,0,12.24
fold2_room1_mix1785,88,5,0,-17,0,35.50
fold2_room1_mix1785,89,5,0,-15,0,37.06
fold2_room1_mix1785,90,5,0,-13,0,37.31
fold2_room1_mix1785,91,5,0,-12,0,40.39
fold2_room1_mix1785,92,5,0,-12,0,39.24
fold2_room1_mix1785,93,5,0,-10,0,44.92
fold2_room1_mix1785,94,5,0,-10,0,47.03
fold2_room1_mix1785,95,5,0,-10,0,48.05
fold2_room1_mix1785,96,5,0,-10,0,49.25
fold2_room1_mix1785,97,5,0,-9,0,51.93
fold2_room1_mix1785,98,5,0,-9,0,53.13
fold2_room1_mix1785,99,5,0,-9,0,54.30
fold2_room1_mix1786,4,5,0,4,1,17.03
fold2_room1_mix1786,5,5,0,9,1,26.42
fold2_room1_mix1786,6,5,0,5,0,41.06
fold2_room1_mix1786,7,5,0,7,0,62.87
fold2_room1_mix1786,8,5,0,5,0,87.85
fold2_room1_mix1786,9,5,0,8,0,99.45
fold2_room1_mix1786,10,5,0,7,0,96.67
fold2_room1_mix1786,11,5,0,6,0,96.23
fold2_room1_mix1786,12,5,0,6,0,89.67
fold2_room1_mix1786,13,5,0,6,0,87.01
fold2_room1_mix1786,14,5,0,6,0,87.39
fold2_room1_mix1786,15,5,0,5,0,89.99
fold2_room1_mix1786,16,5,0,5,0,94.22
fold2_room1_mix1786,17,5,0,5,0,92.31
fold2_room1_mix1786,18,5,0,6,0,98.95
fold2_room1_mix1786,19,5,0,6,0,108.24
fold2_room1_mix1786,20,5,0,6,0,101.14
fold2_room1_mix1786,21,5,0,6,0,101.55
fold2_room1_mix1786,22,5,0,5,0,101.95
fold2_room1_mix1786,23,5,0,5,0,98.96
fold2_room1_mix1786,24,5,0,6,0,100.47
fold2_room1_mix1786,25,5,0,5,0,103.73
fold2_room1_mix1786,26,5,0,6,0,96.59
fold2_room1_mix1786,27,5,0,5,0,102.04
fold2_room1_mix1786,28,5,0,6,0,103.80
fold2_room1_mix1786,29,5,0,5,0,95.72
fold2_room1_mix1786,30,5,0,5,0,91.64
fold2_room1_mix1786,31,5,0,6,0,95.33
fold2_room1_mix1786,32,5,0,4,0,98.08
fold2_room1_mix1786,33,5,0,6,0,92.52
fold2_room1_mix1786,34,5,0,7,0,93.67
fold2_room1_mix1786,35,5,0,6,0,99.20
fold2_room1_mix1786,36,5,0,7,0,89.27
fold2_room1_mix1786,37,5,0,8,0,87.08
fold2_room1_mix1786,38,5,0,8,0,90.04
fold2_room1_mix1786,39,5,0,8,0,84.35
fold2_room1_mix1786,40,5,0,8,0,85.46
fold2_room1_mix1786,41,5,0,9,0,82.03
fold2_room1_mix1786,42,5,0,8,0,80.26
fold2_room1_mix1786,43,5,0,9,0,80.97
fold2_room1_mix1786,44,5,0,9,0,79.11
fold2_room1_mix1786,45,5,0,9,0,78.86
fold2_room1_mix1786,46,5,0,10,0,72.19
fold2_room1_mix1786,47,5,0,10,0,73.07
fold2_room1_mix1786,48,5,0,10,0,69.38
fold2_room1_mix1786,49,5,0,10,0,68.75
fold2_room1_mix1786,50,5,0,5,0,85.84
fold2_room1_mix1786,50,5,0,22,0,23.37
fold2_room1_mix1786,51,5,0,11,0,65.86
fold2_room1_mix1786,52,5,0,5,0,85.22
fold2_room1_mix1786,52,5,0,23,0,21.61
fold2_room1_mix1786,53,5,0,5,0,83.88
fold2_room1_mix1786,53,5,0,25,0,19.33
fold2_room1_mix1786,54,5,0,5,0,82.38
fold2_room1_mix1786,54,5,0,26,0,18.23
fold2_room1_mix1786,55,5,0,5,0,83.82
fold2_room1_mix1786,55,5,0,30,0,15.66
fold2_room1_mix1786,56,5,0,6,0,77.35
fold2_room1_mix1786,56,5,0,32,0,13.89
fold2_room1_mix1786,57,5,0,6,0,79.15
fold2_room1_mix1786,57,5,0,34,-1,13.88
fold2_room1_mix1786,58,5,0,6,0,75.46
fold2_room1_mix1786,58,5,0,36,0,12.68
fold2_room1_mix1786,59,5,0,6,0,75.59
fold2_room1_mix1786,59,5,0,41,-1,11.49
fold2_room1_mix1786,60,5,0,6,0,78.10
fold2_room1_mix1786,60,5,0,43,-1,11.22
fold2_room1_mix1786,61,5,0,7,0,72.73
fold2_room1_mix1786,61,5,0,46,-1,10.36
fold2_room1_mix1786,62,5,0,6,0,73.69
fold2_room1_mix1786,62,5,0,52,-1,9.37
fold2_room1_mix1786,63,5,0,7,0,72.54
fold2_room1_mix1786,63,5,0,61,-1,8.62
fold2_room1_mix1786,64,5,0,7,0,66.30
fold2_room1_mix1786,64,5,0,75,-1,7.46
fold2_room1_mix1786,65,5,0,7,0,68.11
fold2_room1_mix1786,65,5,0,86,-2,7.69
fold2_room1_mix1786,66,5,0,7,0,65.79
fold2_room1_mix1786,66,5,0,94,-2,7.41
fold2_room1_mix1786,67,5,0,8,0,62.79
fold2_room1_mix1786,67,5,0,106,-2,7.60
fold2_room1_mix1786,68,5,0,8,0,64.38
fold2_room1_mix1786,68,5,0,113,-2,8.07
fold2_room1_mix1786,69,5,0,8,0,62.33
fold2_room1_mix1786,69,5,0,125,-1,9.26
fold2_room1_mix1786,70,5,0,8,0,65.72
fold2_room1_mix1786,70,5,0,127,-1,9.52
fold2_room1_mix1786,71,5,0,8,0,63.57
fold2_room1_mix1786,71,5,0,132,-1,10.37
fold2_room1_mix1786,72,5,0,8,0,60.82
fold2_room1_mix1786,72,5,0,141,-1,12.75
fold2_room1_mix1786,73,5,0,8,0,60.74
fold2_room1_mix1786,73,5,0,145,-1,14.16
fold2_room1_mix1786,74,5,0,8,0,57.49
fold2_room1_mix1786,74,5,0,148,-1,14.56
fold2_room1_mix1786,75,5,0,8,0,56.83
fold2_room1_mix1786,75,5,0,150,0,15.96
fold2_room1_mix1786,76,5,0,9,0,61.11
fold2_room1_mix1786,76,5,0,154,0,19.49
fold2_room1_mix1786,77,5,0,9,0,59.66
fold2_room1_mix1786,77,5,0,155,0,20.59
fold2_room1_mix1786,78,5,0,10,0,59.27
fold2_room1_mix1786,78,5,0,156,0,20.96
fold2_room1_mix1786,79,5,0,11,0,59.87
fold2_room1_mix1786,79,5,0,159,0,23.59
fold2_room1_mix1786,80,5,0,10,0,56.14
fold2_room1_mix1786,80,5,0,161,0,27.21
fold2_room1_mix1786,81,5,0,10,0,55.55
fold2_room1_mix1786,81,5,0,160,0,26.64
fold2_room1_mix1786,82,5,0,11,0,52.87
fold2_room1_mix1786,82,5,0,162,0,30.66
fold2_room1_mix1786,83,5,0,11,0,52.47
fold2_room1_mix1786,83,5,0,162,0,32.29
fold2_room1_mix1786,84,5,0,10,0,52.83
fold2_room1_mix1786,84,5,0,164,0,32.30
fold2_room1_mix1786,85,5,0,10,0,55.94
fold2_room1_mix1786,85,5,0,164,0,35.07
fold2_room1_mix1786,86,5,0,10,0,57.22
fold2_room1_mix1786,86,5,0,166,0,39.62
fold2_room1_mix1786,87,5,0,10,0,54.24
fold2_room1_mix1786,87,5,0,166,0,39.24
fold2_room1_mix1786,88,5,0,10,0,56.93
fold2_room1_mix1786,88,5,0,168,0,41.43
fold2_room1_mix1786,89,5,0,10,0,57.49
fold2_room1_mix1786,89,5,0,168,0,43.39
fold2_room1_mix1786,90,5,0,10,0,57.01
fold2_room1_mix1786,90,5,0,168,0,42.16
fold2_room1_mix1786,91,5,0,11,0,54.98
fold2_room1_mix1786,91,5,0,169,0,46.47
fold2_room1_mix1786,92,5,0,13,0,50.42
fold2_room1_mix1786,92,5,0,169,0,49.05
fold2_room1_mix1786,93,5,0,11,0,58.79
fold2_room1_mix1786,93,5,0,168,0,46.28
fold2_room1_mix1786,94,5,0,13,0,50.71
fold2_room1_mix1786,94,5,0,168,0,47.19
fold2_room1_mix1786,95,5,0,12,0,56.68
fold2_room1_mix1786,95,5,0,167,0,45.65
fold2_room1_mix1786,96,5,0,13,0,57.17
fold2_room1_mix1786,96,5,0,168,0,51.76
fold2_room1_mix1786,97,5,0,11,0,58.57
fold2_room1_mix1786,97,5,0,168,0,47.09
fold2_room1_mix1786,98,5,0,14,0,54.30
fold2_room1_mix1786,98,5,0,167,0,50.18
fold2_room1_mix1786,99,5,0,6,0,73.66
fold2_room1_mix1786,99,5,0,25,0,22.09
fold2_room1_mix1786,99,5,0,169,0,53.36
fold2_room1_mix1787,4,5,0,171,1,10.90
fold2_room1_mix1787,5,5,0,172,0,28.03
fold2_room1_mix1787,6,5,0,169,0,34.80
fold2_room1_mix1787,7,5,0,173,0,60.24
fold2_room1_mix1787,8,5,0,173,0,105.33
fold2_room1_mix1787,9,5,0,171,0,110.13
fold2_room1_mix1787,10,5,0,171,0,99.81
fold2_room1_mix1787,11,5,0,172,0,107.69
fold2_room1_mix1787,12,5,0,173,0,102.97
fold2_room1_mix1787,13,5,0,173,0,102.15
fold2_room1_mix1787,14,5,0,173,0,100.74
fold2_room1_mix1787,15,5,0,173,0,101.58
fold2_room1_mix1787,16,5,0,173,0,100.57
fold2_room1_mix1787,17,5,0,173,0,102.43
fold2_room1_mix1787,18,5,0,172,0,99.49
fold2_room1_mix1787,19,5,0,172,0,99.74
fold2_room1_mix1787,20,5,0,173,0,100.93
fold2_room1_mix1787,21,5,0,174,0,99.77
fold2_room1_mix1787,22,5,0,173,0,98.19
fold2_room1_mix1787,23,5,0,173,0,94.18
fold2_room1_mix1787,24,5,0,173,0,95.80
fold2_room1_mix1787,25,5,0,172,0,94.82
fold2_room1_mix1787,26,5,0,173,0,95.25
fold2_room1_mix1787,27,5,0,174,0,97.57
fold2_room1_mix1787,28,5,0,173,0,93.15
fold2_room1_mix1787,29,5,0,172,0,94.25
fold2_room1_mix1787,30,5,0,171,0,88.62
fold2_room1_mix1787,31,5,0,172,0,90.82
fold2_room1_mix1787,32,5,0,172,0,94.36
fold2_room1_mix1787,33,5,0,172,0,93.72
fold2_room1_mix1787,34,5,0,172,0,96.45
fold2_room1_mix1787,35,5,0,171,0,92.89
fold2_room1_mix1787,36,5,0,171,0,92.38
fold2_room1_mix1787,37,5,0,171,0,92.11
fold2_room1_mix1787,38,5,0,170,0,87.98
fold2_room1_mix1787,39,5,0,170,0,87.23
fold2_room1_mix1787,40,5,0,170,0,88.93
fold2_room1_mix1787,41,5,0,170,0,84.94
fold2_room1_mix1787,42,5,0,169,0,83.64
fold2_room1_mix1787,43,5,0,169,0,84.40
fold2_room1_mix1787,44,5,0,168,0,80.00
fold2_room1_mix1787,45,5,0,168,0,77.85
fold2_room1_mix1787,46,5,0,167,0,80.06
fold2_room1_mix1787,47,5,0,156,0,22.76
fold2_room1_mix1787,47,5,0,172,0,102.20
fold2_room1_mix1787,48,5,0,155,0,21.72
fold2_room1_mix1787,48,5,0,172,0,100.39
fold2_room1_mix1787,49,5,0,152,0,20.06
fold2_room1_mix1787,49,5,0,172,0,101.20
fold2_room1_mix1787,50,5,0,151,0,19.56
fold2_room1_mix1787,50,5,0,172,0,101.33
fold2_room1_mix1787,51,5,0,149,0,17.09
fold2_room1_mix1787,51,5,0,171,0,96.75
fold2_room1_mix1787,52,5,0,145,-1,15.70
fold2_room1_mix1787,52,5,0,171,0,96.88
fold2_room1_mix1787,53,5,0,143,-1,13.27
fold2_room1_mix1787,53,5,0,172,0,92.56
fold2_room1_mix1787,54,5,0,138,-1,11.96
fold2_room1_mix1787,54,5,0,171,0,89.71
fold2_room1_mix1787,55,5,0,135,-1,11.35
fold2_room1_mix1787,55,5,0,172,0,93.13
fold2_room1_mix1787,56,5,0,131,-1,10.78
fold2_room1_mix1787,56,5,0,172,0,92.65
fold2_room1_mix1787,57,5,0,105,-2,8.75
fold2_room1_mix1787,57,5,0,171,0,89.98
fold2_room1_mix1787,58,5,0,109,-2,8.72
fold2_room1_mix1787,58,5,0,171,0,88.04
fold2_room1_mix1787,59,5,0,106,-2,8.82
fold2_room1_mix1787,59,5,0,171,0,90.16
fold2_room1_mix1787,60,5,0,95,-2,8.21
fold2_room1_mix1787,60,5,0,170,0,85.72
fold2_room1_mix1787,61,5,0,71,-2,8.31
fold2_room1_mix1787,61,5,0,171,0,85.92
fold2_room1_mix1787,62,5,0,69,-2,8.81
fold2_room1_mix1787,62,5,0,171,0,90.82
fold2_room1_mix1787,63,5,0,60,-2,8.71
fold2_room1_mix1787,63,5,0,171,0,86.14
fold2_room1_mix1787,64,5,0,60,-2,9.14
fold2_room1_mix1787,64,5,0,171,0,88.97
fold2_room1_mix1787,65,5,0,49,-1,10.38
fold2_room1_mix1787,65,5,0,171,0,86.76
fold2_room1_mix1787,66,5,0,48,-1,11.85
fold2_room1_mix1787,66,5,0,171,0,86.08
fold2_room1_mix1787,67,5,0,42,-1,12.16
fold2_room1_mix1787,67,5,0,170,0,84.55
fold2_room1_mix1787,68,5,0,38,-1,12.92
fold2_room1_mix1787,68,5,0,170,0,79.78
fold2_room1_mix1787,69,5,0,32,-1,14.00
fold2_room1_mix1787,69,5,0,170,0,79.00
fold2_room1_mix1787,70,5,0,29,-1,15.66
fold2_room1_mix1787,70,5,0,168,0,71.03
fold2_room1_mix1787,71,5,0,30,-1,16.62
fold2_room1_mix1787,71,5,0,169,0,73.58
fold2_room1_mix1787,72,5,0,28,-1,17.14
fold2_room1_mix1787,72,5,0,169,0,70.78
fold2_room1_mix1787,73,5,0,27,-1,18.83
fold2_room1_mix1787,73,5,0,169,0,74.25
fold2_room1_mix1787,74,5,0,25,0,20.71
fold2_room1_mix1787,74,5,0,168,0,70.90
fold2_room1_mix1787,75,5,0,22,0,23.86
fold2_room1_mix1787,75,5,0,169,0,74.56
fold2_room1_mix1787,76,5,0,23,0,22.42
fold2_room1_mix1787,76,5,0,168,0,71.74
fold2_room1_mix1787,77,5,0,20,0,24.81
fold2_room1_mix1787,77,5,0,168,0,67.94
fold2_room1_mix1787,78,5,0,19,0,25.52
fold2_room1_mix1787,78,5,0,169,0,71.56
fold2_room1_mix1787,79,5,0,20,0,25.23
fold2_room1_mix1787,79,5,0,170,0,75.17
fold2_room1_mix1787,80,5,0,19,0,25.36
fold2_room1_mix1787,80,5,0,168,0,64.90
fold2_room1_mix1787,81,5,0,17,0,27.52
fold2_room1_mix1787,81,5,0,168,0,65.82
fold2_room1_mix1787,82,5,0,17,0,28.10
fold2_room1_mix1787,82,5,0,167,0,65.31
fold2_room1_mix1787,83,5,0,15,0,32.11
fold2_room1_mix1787,83,5,0,165,0,63.78
fold2_room1_mix1787,84,5,0,15,0,33.47
fold2_room1_mix1787,84,5,0,154,0,26.61
fold2_room1_mix1787,84,5,0,170,0,82.11
fold2_room1_mix1787,85,5,0,15,0,36.71
fold2_room1_mix1787,85,5,0,150,0,24.28
fold2_room1_mix1787,85,5,0,169,0,80.59
fold2_room1_mix1787,86,5,0,14,0,40.33
fold2_room1_mix1787,86,5,0,146,0,22.61
fold2_room1_mix1787,86,5,0,169,0,76.23
fold2_room1_mix1787,87,5,0,14,0,41.89
fold2_room1_mix1787,87,5,0,143,0,20.51
fold2_room1_mix1787,87,5,0,168,0,72.70
fold2_room1_mix1787,88,5,0,13,0,43.67
fold2_room1_mix1787,88,5,0,141,0,19.20
fold2_room1_mix1787,88,5,0,168,0,70.49
fold2_room1_mix1787,89,5,0,15,0,48.50
fold2_room1_mix1787,89,5,0,138,0,19.41
fold2_room1_mix1787,89,5,0,167,0,72.44
fold2_room1_mix1787,90,5,0,13,0,46.84
fold2_room1_mix1787,90,5,0,144,0,20.27
fold2_room1_mix1787,90,5,0,169,0,76.30
fold2_room1_mix1787,91,5,0,12,0,48.65
fold2_room1_mix1787,91,5,0,143,0,19.91
fold2_room1_mix1787,91,5,0,169,0,76.65
fold2_room1_mix1787,92,5,0,11,0,49.44
fold2_room1_mix1787,92,5,0,140,0,18.82
fold2_room1_mix1787,92,5,0,168,0,72.38
fold2_room1_mix1787,93,5,0,11,0,48.08
fold2_room1_mix1787,93,5,0,141,0,18.27
fold2_room1_mix1787,93,5,0,169,0,72.31
fold2_room1_mix1787,94,5,0,11,0,49.86
fold2_room1_mix1787,94,5,0,139,0,17.88
fold2_room1_mix1787,94,5,0,170,0,71.14
fold2_room1_mix1787,95,5,0,11,0,48.46
fold2_room1_mix1787,95,5,0,141,0,18.30
fold2_room1_mix1787,95,5,0,170,0,74.43
fold2_room1_mix1787,96,5,0,11,0,47.71
fold2_room1_mix1787,96,5,0,138,0,16.83
fold2_room1_mix1787,96,5,0,169,0,68.65
fold2_room1_mix1787,97,5,0,11,0,53.54
fold2_room1_mix1787,97,5,0,129,0,15.32
fold2_room1_mix1787,97,5,0,167,0,65.69
fold2_room1_mix1787,98,5,0,11,0,53.59
fold2_room1_mix1787,98,5,0,135,0,16.45
fold2_room1_mix1787,98,5,0,169,0,72.38
fold2_room1_mix1787,99,5,0,12,0,56.68
fold2_room1_mix1787,99,5,0,123,-1,14.78
fold2_room1_mix1787,99,5,0,166,0,65.65
fold2_room1_mix1788,5,5,0,168,0,23.70
fold2_room1_mix1788,6,5,0,170,0,36.05
fold2_room1_mix1788,7,5,0,175,0,59.85
fold2_room1_mix1788,8,5,0,172,0,97.03
fold2_room1_mix1788,9,5,0,171,0,108.47
fold2_room1_mix1788,10,5,0,174,0,110.88
fold2_room1_mix1788,11,5,0,173,0,107.39
fold2_room1_mix1788,12,5,0,173,0,98.32
fold2_room1_mix1788,13,5,0,173,0,90.49
fold2_room1_mix1788,14,5,0,172,0,89.59
fold2_room1_mix1788,15,5,0,174,0,93.58
fold2_room1_mix1788,16,5,0,171,0,97.32
fold2_room1_mix1788,17,5,0,173,0,96.12
fold2_room1_mix1788,18,5,0,173,0,98.49
fold2_room1_mix1788,19,5,0,172,0,103.27
fold2_room1_mix1788,20,5,0,174,0,96.29
fold2_room1_mix1788,21,5,0,174,0,96.38
fold2_room1_mix1788,22,5,0,173,0,103.53
fold2_room1_mix1788,23,5,0,173,0,98.97
fold2_room1_mix1788,24,5,0,174,0,103.28
fold2_room1_mix1788,25,5,0,174,0,105.83
fold2_room1_mix1788,26,5,0,173,0,100.47
fold2_room1_mix1788,27,5,0,174,0,102.48
fold2_room1_mix1788,28,5,0,173,0,102.24
fold2_room1_mix1788,29,5,0,173,0,97.73
fold2_room1_mix1788,30,5,0,173,0,100.54
fold2_room1_mix1788,31,5,0,174,0,102.19
fold2_room1_mix1788,32,5,0,173,0,101.21
fold2_room1_mix1788,33,5,0,172,0,98.52
fold2_room1_mix1788,34,5,0,173,0,100.79
fold2_room1_mix1788,35,5,0,173,0,100.21
fold2_room1_mix1788,36,5,0,171,0,96.55
fold2_room1_mix1788,37,5,0,172,0,92.16
fold2_room1_mix1788,38,5,0,171,0,93.83
fold2_room1_mix1788,39,5,0,171,0,87.35
fold2_room1_mix1788,40,5,0,170,0,90.45
fold2_room1_mix1788,41,5,0,170,0,88.16
fold2_room1_mix1788,42,5,0,169,0,84.24
fold2_room1_mix1788,43,5,0,169,0,84.81
fold2_room1_mix1788,44,5,0,168,0,83.57
fold2_room1_mix1788,45,5,0,168,0,78.21
fold2_room1_mix1788,46,5,0,155,0,21.68
fold2_room1_mix1788,46,5,0,173,0,104.88
fold2_room1_mix1788,47,5,0,154,0,20.21
fold2_room1_mix1788,47,5,0,173,0,105.43
fold2_room1_mix1788,48,5,0,152,-1,18.79
fold2_room1_mix1788,48,5,0,172,0,105.52
fold2_room1_mix1788,49,5,0,149,-1,17.12
fold2_room1_mix1788,49,5,0,172,0,101.58
fold2_room1_mix1788,50,5,0,146,-1,14.89
fold2_room1_mix1788,50,5,0,172,0,98.98
fold2_room1_mix1788,51,5,0,142,-1,13.33
fold2_room1_mix1788,51,5,0,172,0,97.93
fold2_room1_mix1788,52,5,0,135,-1,10.81
fold2_room1_mix1788,52,5,0,173,0,94.63
fold2_room1_mix1788,53,5,0,129,-1,10.26
fold2_room1_mix1788,53,5,0,172,0,94.99
fold2_room1_mix1788,54,5,0,114,-2,8.59
fold2_room1_mix1788,54,5,0,172,0,94.71
fold2_room1_mix1788,55,5,0,100,-2,7.86
fold2_room1_mix1788,55,5,0,173,0,95.80
fold2_room1_mix1788,56,5,0,96,-2,7.80
fold2_room1_mix1788,56,5,0,172,0,90.08
fold2_room1_mix1788,57,5,0,67,-2,8.44
fold2_room1_mix1788,57,5,0,173,0,96.14
fold2_room1_mix1788,58,5,0,54,-2,8.78
fold2_room1_mix1788,58,5,0,172,0,91.14
fold2_room1_mix1788,59,5,0,54,-2,8.68
fold2_room1_mix1788,59,5,0,173,0,94.45
fold2_room1_mix1788,60,5,0,43,-1,10.41
fold2_room1_mix1788,60,5,0,172,0,86.88
fold2_room1_mix1788,61,5,0,43,-1,10.27
fold2_room1_mix1788,61,5,0,173,0,87.33
fold2_room1_mix1788,62,5,0,37,-1,12.11
fold2_room1_mix1788,62,5,0,172,0,83.84
fold2_room1_mix1788,63,5,0,38,-1,12.19
fold2_room1_mix1788,63,5,0,172,0,88.85
fold2_room1_mix1788,64,5,0,33,-1,13.50
fold2_room1_mix1788,64,5,0,171,0,81.43
fold2_room1_mix1788,65,5,0,29,-1,15.64
fold2_room1_mix1788,65,5,0,171,0,80.70
fold2_room1_mix1788,66,5,0,29,-1,15.70
fold2_room1_mix1788,66,5,0,171,0,80.63
fold2_room1_mix1788,67,5,0,24,-1,19.41
fold2_room1_mix1788,67,5,0,169,0,69.13
fold2_room1_mix1788,68,5,0,22,0,22.00
fold2_room1_mix1788,68,5,0,166,0,61.37
fold2_room1_mix1788,69,5,0,23,0,21.15
fold2_room1_mix1788,69,5,0,169,0,70.57
fold2_room1_mix1788,70,5,0,20,0,24.20
fold2_room1_mix1788,70,5,0,169,0,71.48
fold2_room1_mix1788,71,5,0,19,0,25.31
fold2_room1_mix1788,71,5,0,170,0,74.10
fold2_room1_mix1788,72,5,0,19,0,25.41
fold2_room1_mix1788,72,5,0,169,0,73.14
fold2_room1_mix1788,73,5,0,16,0,29.05
fold2_room1_mix1788,73,5,0,168,0,69.01
fold2_room1_mix1788,74,5,0,15,0,32.38
fold2_room1_mix1788,74,5,0,165,0,63.06
fold2_room1_mix1788,75,5,0,14,0,35.09
fold2_room1_mix1788,75,5,0,152,0,25.65
fold2_room1_mix1788,75,5,0,172,0,84.72
fold2_room1_mix1788,76,5,0,14,0,34.44
fold2_room1_mix1788,76,5,0,154,0,27.09
fold2_room1_mix1788,76,5,0,172,0,87.43
fold2_room1_mix1788,77,5,0,14,0,37.42
fold2_room1_mix1788,77,5,0,155,0,28.86
fold2_room1_mix1788,77,5,0,171,0,94.66
fold2_room1_mix1788,78,5,0,13,0,42.91
fold2_room1_mix1788,78,5,0,144,0,20.31
fold2_room1_mix1788,78,5,0,170,0,76.80
fold2_room1_mix1788,79,5,0,14,0,39.97
fold2_room1_mix1788,79,5,0,153,0,25.86
fold2_room1_mix1788,79,5,0,172,0,90.94
fold2_room1_mix1788,80,5,0,13,0,41.16
fold2_room1_mix1788,80,5,0,152,0,26.02
fold2_room1_mix1788,80,5,0,171,0,91.29
fold2_room1_mix1788,81,5,0,12,0,43.59
fold2_room1_mix1788,81,5,0,153,0,25.57
fold2_room1_mix1788,81,5,0,172,0,92.72
fold2_room1_mix1788,82,5,0,12,0,44.22
fold2_room1_mix1788,82,5,0,153,0,24.92
fold2_room1_mix1788,82,5,0,172,0,93.12
fold2_room1_mix1788,83,5,0,12,0,48.60
fold2_room1_mix1788,83,5,0,145,0,21.60
fold2_room1_mix1788,83,5,0,171,0,85.96
fold2_room1_mix1788,84,5,0,13,0,43.87
fold2_room1_mix1788,84,5,0,154,0,25.49
fold2_room1_mix1788,84,5,0,173,0,99.44
fold2_room1_mix1788,85,5,0,12,0,45.35
fold2_room1_mix1788,85,5,0,151,0,23.87
fold2_room1_mix1788,85,5,0,172,0,93.53
fold2_room1_mix1788,86,5,0,11,0,46.89
fold2_room1_mix1788,86,5,0,152,0,24.10
fold2_room1_mix1788,86,5,0,172,0,98.87
fold2_room1_mix1788,87,5,0,10,0,50.59
fold2_room1_mix1788,87,5,0,146,-1,19.98
fold2_room1_mix1788,87,5,0,172,0,87.30
fold2_room1_mix1788,88,5,0,10,0,53.35
fold2_room1_mix1788,88,5,0,141,0,17.80
fold2_room1_mix1788,88,5,0,171,0,80.68
fold2_room1_mix1788,89,5,0,9,0,62.18
fold2_room1_mix1788,89,5,0,120,-1,14.15
fold2_room1_mix1788,89,5,0,170,0,70.98
fold2_room1_mix1788,90,5,0,10,0,61.06
fold2_room1_mix1788,90,5,0,134,-1,16.51
fold2_room1_mix1788,90,5,0,171,0,82.18
fold2_room1_mix1788,91,5,0,9,0,66.16
fold2_room1_mix1788,91,5,0,101,-1,13.32
fold2_room1_mix1788,91,5,0,170,0,67.57
fold2_room1_mix1788,92,5,0,10,0,66.64
fold2_room1_mix1788,92,5,0,121,-1,14.72
fold2_room1_mix1788,92,5,0,171,0,76.84
fold2_room1_mix1788,93,5,0,10,0,63.42
fold2_room1_mix1788,93,5,0,139,-1,17.77
fold2_room1_mix1788,93,5,0,172,0,88.31
fold2_room1_mix1788,94,5,0,10,0,65.87
fold2_room1_mix1788,94,5,0,125,-1,15.34
fold2_room1_mix1788,94,5,0,170,0,78.11
fold2_room1_mix1788,95,5,0,10,0,61.57
fold2_room1_mix1788,95,5,0,140,-1,18.41
fold2_room1_mix1788,95,5,0,172,0,85.84
fold2_room1_mix1788,96,5,0,9,0,62.01
fold2_room1_mix1788,96,5,0,139,-1,17.86
fold2_room1_mix1788,96,5,0,172,0,84.05
fold2_room1_mix1788,97,5,0,8,0,67.39
fold2_room1_mix1788,97,5,0,118,-1,14.69
fold2_room1_mix1788,97,5,0,170,0,70.91
fold2_room1_mix1788,98,5,0,9,0,64.70
fold2_room1_mix1788,98,5,0,136,-1,17.05
fold2_room1_mix1788,98,5,0,171,0,85.08
fold2_room1_mix1788,99,5,0,8,0,69.39
fold2_room1_mix1788,99,5,0,119,-1,14.56
fold2_room1_mix1788,99,5,0,171,0,77.98
fold2_room1_mix1789,7,5,0,-2,1,20.32
fold2_room1_mix1789,8,5,0,1,0,31.60
fold2_room1_mix1789,9,5,0,3,1,47.37
fold2_room1_mix1789,10,5,0,-1,0,90.77
fold2_room1_mix1789,11,5,0,0,0,107.89
fold2_room1_mix1789,12,5,0,1,0,106.77
fold2_room1_mix1789,13,5,0,0,0,107.65
fold2_room1_mix1789,14,5,0,0,0,96.64
fold2_room1_mix1789,15,5,0,1,0,101.22
fold2_room1_mix1789,16,5,0,1,0,104.25
fold2_room1_mix1789,17,5,0,0,0,103.20
fold2_room1_mix1789,18,5,0,0,0,101.35
fold2_room1_mix1789,19,5,0,0,0,104.47
fold2_room1_mix1789,20,5,0,1,0,108.28
fold2_room1_mix1789,21,5,0,0,0,103.98
fold2_room1_mix1789,22,5,0,0,0,110.08
fold2_room1_mix1789,23,5,0,-1,0,110.01
fold2_room1_mix1789,24,5,0,0,0,110.74
fold2_room1_mix1789,25,5,0,0,0,109.38
fold2_room1_mix1789,26,5,0,0,0,109.48
fold2_room1_mix1789,27,5,0,0,0,107.78
fold2_room1_mix1789,28,5,0,0,0,111.49
fold2_room1_mix1789,29,5,0,0,0,113.10
fold2_room1_mix1789,30,5,0,0,0,114.16
fold2_room1_mix1789,31,5,0,0,0,111.23
fold2_room1_mix1789,32,5,0,0,0,115.23
fold2_room1_mix1789,33,5,0,0,0,113.76
fold2_room1_mix1789,34,5,0,0,0,110.90
fold2_room1_mix1789,35,5,0,-1,0,111.25
fold2_room1_mix1789,36,5,0,-1,0,114.05
fold2_room1_mix1789,37,5,0,-1,0,111.55
fold2_room1_mix1789,38,5,0,-1,0,111.60
fold2_room1_mix1789,39,5,0,0,0,111.70
fold2_room1_mix1789,40,5,0,-1,0,109.64
fold2_room1_mix1789,41,5,0,-1,0,110.53
fold2_room1_mix1789,42,5,0,-2,0,111.56
fold2_room1_mix1789,43,5,0,-3,0,109.44
fold2_room1_mix1789,44,5,0,-3,0,109.15
fold2_room1_mix1789,45,5,0,-4,0,106.93
fold2_room1_mix1789,46,5,0,-4,0,106.12
fold2_room1_mix1789,47,5,0,-5,0,104.10
fold2_room1_mix1789,48,5,0,-5,0,103.10
fold2_room1_mix1789,49,5,0,-5,0,103.07
fold2_room1_mix1789,50,5,0,-5,0,101.85
fold2_room1_mix1789,51,5,0,-5,0,98.15
fold2_room1_mix1789,52,5,0,-6,0,96.51
fold2_room1_mix1789,53,5,0,-7,0,88.50
fold2_room1_mix1789,54,5,0,-7,0,87.57
fold2_room1_mix1789,55,5,0,-8,0,84.76
fold2_room1_mix1789,56,5,0,-8,0,80.11
fold2_room1_mix1789,57,5,0,-4,0,103.23
fold2_room1_mix1789,57,5,0,-20,0,22.11
fold2_room1_mix1789,58,5,0,-3,0,102.32
fold2_room1_mix1789,58,5,0,-21,0,20.07
fold2_room1_mix1789,59,5,0,-3,0,99.67
fold2_room1_mix1789,59,5,0,-24,0,16.79
fold2_room1_mix1789,60,5,0,-3,0,99.50
fold2_room1_mix1789,60,5,0,-29,0,14.57
fold2_room1_mix1789,61,5,0,-3,0,96.82
fold2_room1_mix1789,61,5,0,-35,0,12.75
fold2_room1_mix1789,62,5,0,-4,0,99.69
fold2_room1_mix1789,62,5,0,-49,0,10.88
fold2_room1_mix1789,63,5,0,-4,0,95.67
fold2_room1_mix1789,63,5,0,-59,-1,9.03
fold2_room1_mix1789,64,5,0,-4,0,98.61
fold2_room1_mix1789,64,5,0,-82,-1,9.42
fold2_room1_mix1789,65,5,0,-3,0,97.55
fold2_room1_mix1789,65,5,0,-113,-1,9.50
fold2_room1_mix1789,66,5,0,-3,0,92.21
fold2_room1_mix1789,66,5,0,-125,0,10.93
fold2_room1_mix1789,67,5,0,-3,0,89.88
fold2_room1_mix1789,67,5,0,-133,-1,11.79
fold2_room1_mix1789,68,5,0,-4,0,89.56
fold2_room1_mix1789,68,5,0,-139,0,13.71
fold2_room1_mix1789,69,5,0,-4,0,79.05
fold2_room1_mix1789,69,5,0,-147,0,15.99
fold2_room1_mix1789,70,5,0,-5,0,78.55
fold2_room1_mix1789,70,5,0,-148,0,17.22
fold2_room1_mix1789,71,5,0,-4,0,78.39
fold2_room1_mix1789,71,5,0,-153,0,19.69
fold2_room1_mix1789,72,5,0,-5,0,75.09
fold2_room1_mix1789,72,5,0,-155,0,21.46
fold2_room1_mix1789,73,5,0,-5,0,75.05
fold2_room1_mix1789,73,5,0,-159,0,25.05
fold2_room1_mix1789,74,5,0,-5,0,74.38
fold2_room1_mix1789,74,5,0,-160,0,25.44
fold2_room1_mix1789,75,5,0,-5,0,71.45
fold2_room1_mix1789,75,5,0,-161,0,28.29
fold2_room1_mix1789,76,5,0,-5,0,72.00
fold2_room1_mix1789,76,5,0,-161,0,29.84
fold2_room1_mix1789,77,5,0,-6,0,65.91
fold2_room1_mix1789,77,5,0,-164,0,34.31
fold2_room1_mix1789,78,5,0,-7,0,60.94
fold2_room1_mix1789,78,5,0,-164,0,34.17
fold2_room1_mix1789,79,5,0,-10,0,53.58
fold2_room1_mix1789,79,5,0,-166,0,41.99
fold2_room1_mix1789,80,5,0,-4,0,76.57
fold2_room1_mix1789,80,5,0,-24,0,24.41
fold2_room1_mix1789,80,5,0,-167,0,45.68
fold2_room1_mix1789,81,5,0,-4,0,83.25
fold2_room1_mix1789,81,5,0,-23,0,25.59
fold2_room1_mix1789,81,5,0,-168,0,50.03
fold2_room1_mix1789,82,5,0,-6,0,72.01
fold2_room1_mix1789,82,5,0,-35,0,20.94
fold2_room1_mix1789,82,5,0,-168,0,54.57
fold2_room1_mix1789,83,5,0,-6,0,66.05
fold2_room1_mix1789,83,5,0,-52,-1,17.73
fold2_room1_mix1789,83,5,0,-170,0,59.65
fold2_room1_mix1789,84,5,0,-5,0,83.35
fold2_room1_mix1789,84,5,0,-30,0,23.40
fold2_room1_mix1789,84,5,0,-170,0,59.51
fold2_room1_mix1789,85,5,0,-6,0,73.31
fold2_room1_mix1789,85,5,0,-39,0,18.90
fold2_room1_mix1789,85,5,0,-171,0,62.00
fold2_room1_mix1789,86,5,0,-4,0,83.95
fold2_room1_mix1789,86,5,0,-28,0,23.24
fold2_room1_mix1789,86,5,0,-170,0,57.34
fold2_room1_mix1789,87,5,0,-6,0,77.36
fold2_room1_mix1789,87,5,0,-39,0,20.56
fold2_room1_mix1789,87,5,0,-171,0,63.81
fold2_room1_mix1789,88,5,0,-4,0,83.05
fold2_room1_mix1789,88,5,0,-35,0,20.41
fold2_room1_mix1789,88,5,0,-172,0,64.58
fold2_room1_mix1789,89,5,0,-5,0,81.20
fold2_room1_mix1789,89,5,0,-42,0,18.97
fold2_room1_mix1789,89,5,0,-173,0,69.00
fold2_room1_mix1789,90,5,0,-4,0,93.93
fold2_room1_mix1789,90,5,0,-29,0,23.63
fold2_room1_mix1789,90,5,0,-171,0,64.63
fold2_room1_mix1789,91,5,0,-7,0,62.85
fold2_room1_mix1789,91,5,0,-82,-1,14.39
fold2_room1_mix1789,91,5,0,-174,0,70.88
fold2_room1_mix1789,92,5,0,-5,0,76.71
fold2_room1_mix1789,92,5,0,-57,-1,16.65
fold2_room1_mix1789,92,5,0,-174,0,74.49
fold2_room1_mix1789,93,5,0,-6,0,76.40
fold2_room1_mix1789,93,5,0,-57,-1,16.93
fold2_room1_mix1789,93,5,0,-174,0,75.73
fold2_room1_mix1789,94,5,0,-7,0,57.21
fold2_room1_mix1789,94,5,0,-93,-1,14.63
fold2_room1_mix1789,94,5,0,-174,0,78.39
fold2_room1_mix1789,95,5,0,-12,0,41.23
fold2_room1_mix1789,95,5,0,-139,-1,17.92
fold2_room1_mix1789,95,5,0,-173,0,89.93
fold2_room1_mix1789,96,5,0,-10,0,46.06
fold2_room1_mix1789,96,5,0,-128,-1,15.58
fold2_room1_mix1789,96,5,0,-174,0,83.92
fold2_room1_mix1789,97,5,0,-9,0,47.93
fold2_room1_mix1789,97,5,0,-127,-1,14.76
fold2_room1_mix1789,97,5,0,-174,0,85.07
fold2_room1_mix1789,98,5,0,-9,0,49.62
fold2_room1_mix1789,98,5,0,-126,-1,14.81
fold2_room1_mix1789,98,5,0,-174,0,84.75
fold2_room1_mix1789,99,5,0,-11,0,39.09
fold2_room1_mix1789,99,5,0,-142,-1,18.05
fold2_room1_mix1789,99,5,0,-175,0,90.83
fold2_room1_mix1789,6,5,0,3,1,3.92
fold2_room1_mix1790,3,5,0,170,1,4.28
fold2_room1_mix1790,4,5,0,170,0,20.95
fold2_room1_mix1790,5,5,0,172,0,34.66
fold2_room1_mix1790,6,5,0,174,0,43.94
fold2_room1_mix1790,7,5,0,175,0,79.38
fold2_room1_mix1790,8,5,0,173,0,101.61
fold2_room1_mix1790,9,5,0,175,0,102.71
fold2_room1_mix1790,10,5,0,173,0,102.32
fold2_room1_mix1790,11,5,0,177,0,91.69
fold2_room1_mix1790,12,5,0,174,0,93.35
fold2_room1_mix1790,13,5,0,174,0,94.68
fold2_room1_mix1790,14,5,0,173,0,93.06
fold2_room1_mix1790,15,5,0,175,0,94.66
fold2_room1_mix1790,16,5,0,173,0,93.26
fold2_room1_mix1790,17,5,0,174,0,91.64
fold2_room1_mix1790,18,5,0,175,0,94.04
fold2_room1_mix1790,19,5,0,174,0,87.20
fold2_room1_mix1790,20,5,0,172,0,87.44
fold2_room1_mix1790,21,5,0,174,0,87.97
fold2_room1_mix1790,22,5,0,173,0,85.44
fold2_room1_mix1790,23,5,0,174,0,81.59
fold2_room1_mix1790,24,5,0,174,0,78.02
fold2_room1_mix1790,25,5,0,173,0,81.47
fold2_room1_mix1790,26,5,0,173,0,75.21
fold2_room1_mix1790,27,5,0,174,0,76.90
fold2_room1_mix1790,28,5,0,174,0,74.97
fold2_room1_mix1790,29,5,0,173,0,72.96
fold2_room1_mix1790,30,5,0,172,0,69.48
fold2_room1_mix1790,31,5,0,171,0,70.72
fold2_room1_mix1790,32,5,0,172,0,70.06
fold2_room1_mix1790,33,5,0,159,0,19.42
fold2_room1_mix1790,33,5,0,175,0,93.38
fold2_room1_mix1790,34,5,0,156,0,17.61
fold2_room1_mix1790,34,5,0,174,0,91.64
fold2_room1_mix1790,35,5,0,151,-1,13.17
fold2_room1_mix1790,35,5,0,174,0,84.15
fold2_room1_mix1790,36,5,0,144,-1,10.79
fold2_room1_mix1790,36,5,0,174,0,80.15
fold2_room1_mix1790,37,5,0,135,-1,8.76
fold2_room1_mix1790,37,5,0,174,0,82.08
fold2_room1_mix1790,38,5,0,118,-2,6.61
fold2_room1_mix1790,38,5,0,174,0,82.31
fold2_room1_mix1790,39,5,0,104,-3,5.80
fold2_room1_mix1790,39,5,0,175,0,83.81
fold2_room1_mix1790,40,5,0,77,-3,6.06
fold2_room1_mix1790,40,5,0,175,0,77.71
fold2_room1_mix1790,41,5,0,65,-3,6.22
fold2_room1_mix1790,41,5,0,175,0,80.58
fold2_room1_mix1790,42,5,0,57,-2,6.60
fold2_room1_mix1790,42,5,0,175,0,81.93
fold2_room1_mix1790,43,5,0,41,-2,8.86
fold2_room1_mix1790,43,5,0,175,0,74.38
fold2_room1_mix1790,44,5,0,38,-2,8.76
fold2_room1_mix1790,44,5,0,175,0,72.04
fold2_room1_mix1790,45,5,0,35,-1,10.24
fold2_room1_mix1790,45,5,0,174,0,72.40
fold2_room1_mix1790,46,5,0,30,-1,11.08
fold2_room1_mix1790,46,5,0,174,0,67.83
fold2_room1_mix1790,47,5,0,28,-1,12.15
fold2_room1_mix1790,47,5,0,174,0,70.52
fold2_room1_mix1790,48,5,0,22,-1,14.09
fold2_room1_mix1790,48,5,0,174,0,62.00
fold2_room1_mix1790,49,5,0,22,-1,16.09
fold2_room1_mix1790,49,5,0,172,0,58.94
fold2_room1_mix1790,50,5,0,24,-1,15.49
fold2_room1_mix1790,50,5,0,173,0,58.41
fold2_room1_mix1790,51,5,0,20,0,15.71
fold2_room1_mix1790,51,5,0,173,0,49.10
fold2_room1_mix1790,52,5,0,18,0,18.77
fold2_room1_mix1790,52,5,0,172,0,51.44
fold2_room1_mix1790,53,5,0,16,0,22.01
fold2_room1_mix1790,53,5,0,172,0,57.52
fold2_room1_mix1790,54,5,0,15,0,21.70
fold2_room1_mix1790,54,5,0,171,0,45.96
fold2_room1_mix1790,55,5,0,16,0,22.92
fold2_room1_mix1790,55,5,0,169,0,50.66
fold2_room1_mix1790,56,5,0,16,0,22.45
fold2_room1_mix1790,56,5,0,169,0,46.07
fold2_room1_mix1790,57,5,0,13,0,26.62
fold2_room1_mix1790,57,5,0,170,0,49.33
fold2_room1_mix1790,58,5,0,14,0,24.43
fold2_room1_mix1790,58,5,0,169,0,50.10
fold2_room1_mix1790,59,5,0,13,0,29.44
fold2_room1_mix1790,59,5,0,158,0,20.72
fold2_room1_mix1790,59,5,0,174,0,72.91
fold2_room1_mix1790,60,5,0,12,0,29.33
fold2_room1_mix1790,60,5,0,156,0,19.69
fold2_room1_mix1790,60,5,0,173,0,70.24
fold2_room1_mix1790,61,5,0,11,0,31.09
fold2_room1_mix1790,61,5,0,154,0,18.18
fold2_room1_mix1790,61,5,0,174,0,67.83
fold2_room1_mix1790,62,5,0,9,0,33.89
fold2_room1_mix1790,62,5,0,131,0,10.28
fold2_room1_mix1790,62,5,0,172,0,45.04
fold2_room1_mix1790,63,5,0,9,0,37.30
fold2_room1_mix1790,63,5,0,142,0,14.01
fold2_room1_mix1790,63,5,0,173,0,59.42
fold2_room1_mix1790,64,5,0,6,0,43.01
fold2_room1_mix1790,64,5,0,128,-1,11.19
fold2_room1_mix1790,64,5,0,174,0,51.18
fold2_room1_mix1790,65,5,0,7,0,39.98
fold2_room1_mix1790,65,5,0,123,0,10.09
fold2_room1_mix1790,65,5,0,173,0,47.63
fold2_room1_mix1790,66,5,0,6,0,51.05
fold2_room1_mix1790,66,5,0,134,-1,11.48
fold2_room1_mix1790,66,5,0,174,0,58.75
fold2_room1_mix1790,67,5,0,6,0,45.69
fold2_room1_mix1790,67,5,0,141,0,12.69
fold2_room1_mix1790,67,5,0,174,0,60.17
fold2_room1_mix1790,68,5,0,6,0,43.71
fold2_room1_mix1790,68,5,0,129,-1,10.35
fold2_room1_mix1790,68,5,0,174,0,50.05
fold2_room1_mix1790,69,5,0,7,0,44.16
fold2_room1_mix1790,69,5,0,132,-1,12.04
fold2_room1_mix1790,69,5,0,172,0,52.33
fold2_room1_mix1790,70,5,0,5,0,45.60
fold2_room1_mix1790,70,5,0,128,-1,10.32
fold2_room1_mix1790,70,5,0,174,0,51.28
fold2_room1_mix1790,71,5,0,6,0,46.52
fold2_room1_mix1790,71,5,0,138,-1,11.03
fold2_room1_mix1790,71,5,0,174,0,57.35
fold2_room1_mix1790,72,5,0,6,0,51.09
fold2_room1_mix1790,72,5,0,114,-2,9.40
fold2_room1_mix1790,72,5,0,173,0,52.54
fold2_room1_mix1790,73,5,0,6,0,58.91
fold2_room1_mix1790,73,5,0,63,-2,9.16
fold2_room1_mix1790,73,5,0,170,0,43.76
fold2_room1_mix1790,74,5,0,6,0,59.91
fold2_room1_mix1790,74,5,0,80,-1,8.99
fold2_room1_mix1790,74,5,0,173,0,52.47
fold2_room1_mix1790,75,5,0,5,0,61.02
fold2_room1_mix1790,75,5,0,71,-2,8.97
fold2_room1_mix1790,75,5,0,175,0,53.56
fold2_room1_mix1790,76,5,0,6,0,63.04
fold2_room1_mix1790,76,5,0,56,-1,9.65
fold2_room1_mix1790,76,5,0,172,0,49.17
fold2_room1_mix1790,77,5,0,4,0,61.46
fold2_room1_mix1790,77,5,0,44,-1,9.56
fold2_room1_mix1790,77,5,0,173,0,42.88
fold2_room1_mix1790,78,5,0,6,0,58.43
fold2_room1_mix1790,78,5,0,54,-1,9.38
fold2_room1_mix1790,78,5,0,172,0,46.34
fold2_room1_mix1790,79,5,0,6,0,64.45
fold2_room1_mix1790,79,5,0,55,-1,9.86
fold2_room1_mix1790,79,5,0,173,0,49.61
fold2_room1_mix1790,80,5,0,5,0,64.27
fold2_room1_mix1790,80,5,0,55,-1,9.87
fold2_room1_mix1790,80,5,0,174,0,49.68
fold2_room1_mix1790,81,5,0,6,0,64.05
fold2_room1_mix1790,81,5,0,57,-1,10.22
fold2_room1_mix1790,81,5,0,172,0,47.71
fold2_room1_mix1790,82,5,0,6,0,66.99
fold2_room1_mix1790,82,5,0,61,-1,10.52
fold2_room1_mix1790,82,5,0,171,0,50.99
fold2_room1_mix1790,83,5,0,5,0,74.60
fold2_room1_mix1790,83,5,0,37,-1,12.08
fold2_room1_mix1790,83,5,0,173,0,46.91
fold2_room1_mix1790,84,5,0,6,0,74.52
fold2_room1_mix1790,84,5,0,37,-1,12.17
fold2_room1_mix1790,84,5,0,170,0,47.25
fold2_room1_mix1790,85,5,0,5,0,76.22
fold2_room1_mix1790,85,5,0,40,-1,11.86
fold2_room1_mix1790,85,5,0,172,0,51.27
fold2_room1_mix1790,86,5,0,3,0,85.49
fold2_room1_mix1790,86,5,0,22,-1,13.35
fold2_room1_mix1790,86,5,0,176,0,51.75
fold2_room1_mix1790,87,5,0,4,0,89.60
fold2_room1_mix1790,87,5,0,23,0,15.45
fold2_room1_mix1790,87,5,0,175,0,50.07
fold2_room1_mix1790,88,5,0,5,0,85.49
fold2_room1_mix1790,88,5,0,29,0,14.39
fold2_room1_mix1790,88,5,0,173,0,50.88
fold2_room1_mix1790,89,5,0,5,0,87.53
fold2_room1_mix1790,89,5,0,26,0,14.08
fold2_room1_mix1790,89,5,0,175,0,52.93
fold2_room1_mix1790,90,5,0,11,0,51.60
fold2_room1_mix1790,90,5,0,173,0,43.47
fold2_room1_mix1790,91,5,0,5,0,82.24
fold2_room1_mix1790,91,5,0,26,0,14.02
fold2_room1_mix1790,91,5,0,174,0,48.71
fold2_room1_mix1790,92,5,0,4,0,79.88
fold2_room1_mix1790,92,5,0,23,0,15.16
fold2_room1_mix1790,92,5,0,173,0,44.19
fold2_room1_mix1790,93,5,0,4,0,83.89
fold2_room1_mix1790,93,5,0,27,0,14.94
fold2_room1_mix1790,93,5,0,173,0,46.16
fold2_room1_mix1790,94,5,0,4,0,81.41
fold2_room1_mix1790,94,5,0,29,0,14.18
fold2_room1_mix1790,94,5,0,173,0,48.01
fold2_room1_mix1790,95,5,0,5,0,86.09
fold2_room1_mix1790,95,5,0,26,0,16.27
fold2_room1_mix1790,95,5,0,171,0,46.09
fold2_room1_mix1790,96,5,0,8,0,53.28
fold2_room1_mix1790,96,5,0,148,0,16.85
fold2_room1_mix1790,97,5,0,8,0,52.35
fold2_room1_mix1790,97,5,0,164,0,29.92
fold2_room1_mix1790,98,5,0,10,0,54.22
fold2_room1_mix1790,98,5,0,171,0,41.13
fold2_room1_mix1790,99,5,0,8,0,56.11
fold2_room1_mix1790,99,5,0,166,0,30.11
fold2_room1_mix1791,7,5,0,177,1,19.99
fold2_room1_mix1791,8,5,0,173,0,54.29
fold2_room1_mix1791,9,5,0,174,0,72.51
fold2_room1_mix1791,10,5,0,175,0,111.78
fold2_room1_mix1791,11,5,0,173,0,110.32
fold2_room1_mix1791,12,5,0,174,0,108.11
fold2_room1_mix1791,13,5,0,174,0,101.13
fold2_room1_mix1791,14,5,0,175,0,104.03
fold2_room1_mix1791,15,5,0,176,0,105.76
fold2_room1_mix1791,16,5,0,176,0,112.54
fold2_room1_mix1791,17,5,0,175,0,107.06
fold2_room1_mix1791,18,5,0,175,0,108.66
fold2_room1_mix1791,19,5,0,175,0,111.32
fold2_room1_mix1791,20,5,0,176,0,109.40
fold2_room1_mix1791,21,5,0,176,0,111.21
fold2_room1_mix1791,22,5,0,176,0,118.12
fold2_room1_mix1791,23,5,0,176,0,119.10
fold2_room1_mix1791,24,5,0,176,0,113.62
fold2_room1_mix1791,25,5,0,176,0,116.37
fold2_room1_mix1791,26,5,0,176,0,114.71
fold2_room1_mix1791,27,5,0,176,0,113.78
fold2_room1_mix1791,28,5,0,176,0,113.64
fold2_room1_mix1791,29,5,0,177,0,114.94
fold2_room1_mix1791,30,5,0,175,0,112.63
fold2_room1_mix1791,31,5,0,176,0,111.23
fold2_room1_mix1791,32,5,0,175,0,116.41
fold2_room1_mix1791,33,5,0,176,0,113.54
fold2_room1_mix1791,34,5,0,176,0,111.32
fold2_room1_mix1791,35,5,0,176,0,114.58
fold2_room1_mix1791,36,5,0,176,0,112.73
fold2_room1_mix1791,37,5,0,175,0,106.83
fold2_room1_mix1791,38,5,0,175,0,110.42
fold2_room1_mix1791,39,5,0,174,0,103.43
fold2_room1_mix1791,40,5,0,174,0,100.56
fold2_room1_mix1791,41,5,0,174,0,100.57
fold2_room1_mix1791,42,5,0,174,0,98.18
fold2_room1_mix1791,43,5,0,173,0,94.20
fold2_room1_mix1791,44,5,0,172,0,92.47
fold2_room1_mix1791,45,5,0,173,0,93.25
fold2_room1_mix1791,46,5,0,172,0,90.21
fold2_room1_mix1791,47,5,0,172,0,87.19
fold2_room1_mix1791,48,5,0,172,0,85.46
fold2_room1_mix1791,49,5,0,172,0,83.59
fold2_room1_mix1791,50,5,0,171,0,81.25
fold2_room1_mix1791,51,5,0,170,0,75.55
fold2_room1_mix1791,52,5,0,170,0,72.54
fold2_room1_mix1791,53,5,0,169,0,72.71
fold2_room1_mix1791,54,5,0,153,0,18.46
fold2_room1_mix1791,54,5,0,173,0,95.67
fold2_room1_mix1791,55,5,0,151,0,15.78
fold2_room1_mix1791,55,5,0,174,0,92.77
fold2_room1_mix1791,56,5,0,143,-1,12.01
fold2_room1_mix1791,56,5,0,173,0,88.31
fold2_room1_mix1791,57,5,0,138,-1,10.27
fold2_room1_mix1791,57,5,0,173,0,86.67
fold2_room1_mix1791,58,5,0,125,-1,7.76
fold2_room1_mix1791,58,5,0,172,0,81.66
fold2_room1_mix1791,59,5,0,111,-2,6.44
fold2_room1_mix1791,59,5,0,174,0,83.11
fold2_room1_mix1791,60,5,0,92,-2,5.84
fold2_room1_mix1791,60,5,0,174,0,81.40
fold2_room1_mix1791,61,5,0,63,-2,6.52
fold2_room1_mix1791,61,5,0,174,0,81.56
fold2_room1_mix1791,62,5,0,51,-2,7.25
fold2_room1_mix1791,62,5,0,174,0,76.07
fold2_room1_mix1791,63,5,0,43,-1,8.58
fold2_room1_mix1791,63,5,0,174,0,72.51
fold2_room1_mix1791,64,5,0,36,-1,9.63
fold2_room1_mix1791,64,5,0,174,0,71.68
fold2_room1_mix1791,65,5,0,30,-1,12.19
fold2_room1_mix1791,65,5,0,173,0,68.50
fold2_room1_mix1791,66,5,0,26,-1,13.67
fold2_room1_mix1791,66,5,0,170,0,58.84
fold2_room1_mix1791,67,5,0,23,0,16.52
fold2_room1_mix1791,67,5,0,170,0,59.10
fold2_room1_mix1791,68,5,0,20,0,19.49
fold2_room1_mix1791,68,5,0,169,0,54.16
fold2_room1_mix1791,69,5,0,19,0,19.53
fold2_room1_mix1791,69,5,0,168,0,51.11
fold2_room1_mix1791,70,5,0,16,0,24.81
fold2_room1_mix1791,70,5,0,168,0,53.66
fold2_room1_mix1791,71,5,0,15,0,26.61
fold2_room1_mix1791,71,5,0,169,0,57.21
fold2_room1_mix1791,72,5,0,15,0,24.86
fold2_room1_mix1791,72,5,0,168,0,51.73
fold2_room1_mix1791,73,5,0,15,0,26.76
fold2_room1_mix1791,73,5,0,158,0,23.13
fold2_room1_mix1791,73,5,0,174,0,72.78
fold2_room1_mix1791,74,5,0,14,0,29.70
fold2_room1_mix1791,74,5,0,153,0,20.81
fold2_room1_mix1791,74,5,0,173,0,69.98
fold2_room1_mix1791,75,5,0,14,0,29.19
fold2_room1_mix1791,75,5,0,144,0,15.09
fold2_room1_mix1791,75,5,0,171,0,55.29
fold2_room1_mix1791,76,5,0,13,0,33.18
fold2_room1_mix1791,76,5,0,131,-1,12.07
fold2_room1_mix1791,76,5,0,169,0,47.45
fold2_room1_mix1791,77,5,0,12,0,35.64
fold2_room1_mix1791,77,5,0,112,-1,10.57
fold2_room1_mix1791,77,5,0,169,0,42.98
fold2_room1_mix1791,78,5,0,10,0,36.78
fold2_room1_mix1791,78,5,0,110,0,9.70
fold2_room1_mix1791,78,5,0,170,0,42.35
fold2_room1_mix1791,79,5,0,9,0,39.41
fold2_room1_mix1791,79,5,0,128,-1,11.81
fold2_room1_mix1791,79,5,0,172,0,49.33
fold2_room1_mix1791,80,5,0,10,0,42.26
fold2_room1_mix1791,80,5,0,124,0,11.74
fold2_room1_mix1791,80,5,0,171,0,51.46
fold2_room1_mix1791,81,5,0,9,0,39.79
fold2_room1_mix1791,81,5,0,114,0,10.84
fold2_room1_mix1791,81,5,0,170,0,43.57
fold2_room1_mix1791,82,5,0,9,0,39.60
fold2_room1_mix1791,82,5,0,133,-1,12.62
fold2_room1_mix1791,82,5,0,171,0,51.17
fold2_room1_mix1791,83,5,0,9,0,42.37
fold2_room1_mix1791,83,5,0,106,-1,9.93
fold2_room1_mix1791,83,5,0,168,0,41.28
fold2_room1_mix1791,84,5,0,9,0,40.32
fold2_room1_mix1791,84,5,0,74,0,9.08
fold2_room1_mix1791,84,5,0,165,0,32.80
fold2_room1_mix1791,85,5,0,7,0,45.58
fold2_room1_mix1791,85,5,0,40,0,11.46
fold2_room1_mix1791,85,5,0,162,0,23.99
fold2_room1_mix1791,86,5,0,6,0,48.24
fold2_room1_mix1791,86,5,0,34,0,12.86
fold2_room1_mix1791,86,5,0,162,0,22.41
fold2_room1_mix1791,87,5,0,6,0,55.89
fold2_room1_mix1791,87,5,0,23,0,16.67
fold2_room1_mix1791,87,5,0,159,0,21.39
fold2_room1_mix1791,88,5,0,11,0,36.05
fold2_room1_mix1791,88,5,0,146,0,14.37
fold2_room1_mix1791,89,5,0,10,0,34.67
fold2_room1_mix1791,89,5,0,139,-1,11.03
fold2_room1_mix1791,90,5,0,13,0,35.17
fold2_room1_mix1791,90,5,0,151,0,14.84
fold2_room1_mix1791,91,5,0,8,0,39.42
fold2_room1_mix1791,91,5,0,115,-1,7.18
fold2_room1_mix1791,92,5,0,8,0,40.08
fold2_room1_mix1791,92,5,0,86,-2,6.52
fold2_room1_mix1791,93,5,0,6,0,46.85
fold2_room1_mix1791,93,5,0,66,-2,6.96
fold2_room1_mix1791,94,5,0,6,0,47.51
fold2_room1_mix1791,94,5,0,55,-2,7.66
fold2_room1_mix1791,95,5,0,7,0,48.17
fold2_room1_mix1791,95,5,0,46,-2,9.72
fold2_room1_mix1791,96,5,0,6,0,49.69
fold2_room1_mix1791,96,5,0,38,-1,11.84
fold2_room1_mix1791,97,5,0,6,0,50.58
fold2_room1_mix1791,97,5,0,34,-1,12.66
fold2_room1_mix1791,98,5,0,7,0,52.02
fold2_room1_mix1791,98,5,0,29,-1,15.08
fold2_room1_mix1791,99,5,0,6,0,58.35
fold2_room1_mix1791,99,5,0,24,-1,18.48
fold2_room1_mix1792,4,5,0,-4,1,15.53
fold2_room1_mix1792,5,5,0,-6,1,14.37
fold2_room1_mix1792,6,5,0,0,0,34.48
fold2_room1_mix1792,7,5,0,-1,0,42.25
fold2_room1_mix1792,8,5,0,0,0,73.08
fold2_room1_mix1792,9,5,0,-2,0,107.17
fold2_room1_mix1792,10,5,0,0,0,110.44
fold2_room1_mix1792,11,5,0,0,0,101.87
fold2_room1_mix1792,12,5,0,-1,0,92.65
fold2_room1_mix1792,13,5,0,-2,0,100.53
fold2_room1_mix1792,14,5,0,-1,0,95.12
fold2_room1_mix1792,15,5,0,-1,0,93.74
fold2_room1_mix1792,16,5,0,-1,0,98.99
fold2_room1_mix1792,17,5,0,-1,0,96.31
fold2_room1_mix1792,18,5,0,-1,0,100.06
fold2_room1_mix1792,19,5,0,0,0,104.51
fold2_room1_mix1792,20,5,0,-3,0,90.66
fold2_room1_mix1792,21,5,0,-4,0,97.88
fold2_room1_mix1792,22,5,0,-3,0,101.78
fold2_room1_mix1792,23,5,0,-3,0,100.13
fold2_room1_mix1792,24,5,0,-3,0,94.76
fold2_room1_mix1792,25,5,0,-2,0,101.96
fold2_room1_mix1792,26,5,0,-3,0,102.67
fold2_room1_mix1792,27,5,0,-3,0,98.75
fold2_room1_mix1792,28,5,0,-4,0,101.45
fold2_room1_mix1792,29,5,0,-4,0,103.06
fold2_room1_mix1792,30,5,0,-4,0,97.25
fold2_room1_mix1792,31,5,0,-4,0,98.57
fold2_room1_mix1792,32,5,0,-4,0,99.88
fold2_room1_mix1792,33,5,0,-5,0,95.52
fold2_room1_mix1792,34,5,0,-5,0,99.05
fold2_room1_mix1792,35,5,0,-5,0,101.47
fold2_room1_mix1792,36,5,0,-5,0,94.64
fold2_room1_mix1792,37,5,0,-6,0,94.21
fold2_room1_mix1792,38,5,0,-7,0,88.74
fold2_room1_mix1792,39,5,0,-7,0,85.18
fold2_room1_mix1792,40,5,0,-8,0,84.99
fold2_room1_mix1792,41,5,0,-8,0,85.26
fold2_room1_mix1792,42,5,0,-4,0,108.58
fold2_room1_mix1792,42,5,0,-20,0,24.66
fold2_room1_mix1792,43,5,0,-4,0,97.58
fold2_room1_mix1792,43,5,0,-21,0,21.07
fold2_room1_mix1792,44,5,0,-4,0,93.98
fold2_room1_mix1792,44,5,0,-22,0,18.80
fold2_room1_mix1792,45,5,0,-4,0,97.14
fold2_room1_mix1792,45,5,0,-24,0,18.02
fold2_room1_mix1792,46,5,0,-3,0,92.18
fold2_room1_mix1792,46,5,0,-27,0,15.50
fold2_room1_mix1792,47,5,0,-4,0,94.75
fold2_room1_mix1792,47,5,0,-35,0,13.91
fold2_room1_mix1792,48,5,0,-4,0,90.22
fold2_room1_mix1792,48,5,0,-44,0,11.48
fold2_room1_mix1792,49,5,0,-4,0,93.37
fold2_room1_mix1792,49,5,0,-58,-1,9.96
fold2_room1_mix1792,50,5,0,-5,0,90.44
fold2_room1_mix1792,50,5,0,-77,-1,9.34
fold2_room1_mix1792,51,5,0,-6,0,85.45
fold2_room1_mix1792,51,5,0,-106,0,9.94
fold2_room1_mix1792,52,5,0,-7,0,81.47
fold2_room1_mix1792,52,5,0,-111,0,9.75
fold2_room1_mix1792,53,5,0,-7,0,80.22
fold2_room1_mix1792,53,5,0,-129,0,11.82
fold2_room1_mix1792,54,5,0,-7,0,80.12
fold2_room1_mix1792,54,5,0,-132,0,12.61
fold2_room1_mix1792,55,5,0,-6,0,72.27
fold2_room1_mix1792,55,5,0,-145,0,16.17
fold2_room1_mix1792,56,5,0,-7,0,68.95
fold2_room1_mix1792,56,5,0,-148,0,16.73
fold2_room1_mix1792,57,5,0,-7,0,68.35
fold2_room1_mix1792,57,5,0,-150,0,19.75
fold2_room1_mix1792,58,5,0,-8,0,63.13
fold2_room1_mix1792,58,5,0,-155,0,22.33
fold2_room1_mix1792,59,5,0,-8,0,63.61
fold2_room1_mix1792,59,5,0,-156,0,23.77
fold2_room1_mix1792,60,5,0,-10,0,54.83
fold2_room1_mix1792,60,5,0,-159,0,27.76
fold2_room1_mix1792,61,5,0,-9,0,60.00
fold2_room1_mix1792,61,5,0,-160,0,28.83
fold2_room1_mix1792,62,5,0,-9,0,57.05
fold2_room1_mix1792,62,5,0,-162,0,30.42
fold2_room1_mix1792,63,5,0,-9,0,57.71
fold2_room1_mix1792,63,5,0,-162,0,31.27
fold2_room1_mix1792,64,5,0,-11,0,55.43
fold2_room1_mix1792,64,5,0,-161,0,31.78
fold2_room1_mix1792,65,5,0,-7,0,61.49
fold2_room1_mix1792,65,5,0,-28,0,21.27
fold2_room1_mix1792,65,5,0,-165,0,38.49
fold2_room1_mix1792,66,5,0,-7,0,70.34
fold2_room1_mix1792,66,5,0,-25,0,24.44
fold2_room1_mix1792,66,5,0,-164,0,39.90
fold2_room1_mix1792,67,5,0,-9,0,60.52
fold2_room1_mix1792,67,5,0,-38,0,18.94
fold2_room1_mix1792,67,5,0,-166,0,46.28
fold2_room1_mix1792,68,5,0,-10,0,65.26
fold2_room1_mix1792,68,5,0,-42,0,20.13
fold2_room1_mix1792,68,5,0,-164,0,47.49
fold2_room1_mix1792,69,5,0,-9,0,63.27
fold2_room1_mix1792,69,5,0,-63,0,16.83
fold2_room1_mix1792,69,5,0,-168,0,57.03
fold2_room1_mix1792,70,5,0,-10,0,58.32
fold2_room1_mix1792,70,5,0,-54,0,15.71
fold2_room1_mix1792,70,5,0,-167,0,53.85
fold2_room1_mix1792,71,5,0,-8,0,66.13
fold2_room1_mix1792,71,5,0,-55,0,16.81
fold2_room1_mix1792,71,5,0,-169,0,61.00
fold2_room1_mix1792,72,5,0,-6,0,80.72
fold2_room1_mix1792,72,5,0,-35,0,21.73
fold2_room1_mix1792,72,5,0,-169,0,56.79
fold2_room1_mix1792,73,5,0,-8,0,67.69
fold2_room1_mix1792,73,5,0,-65,0,16.32
fold2_room1_mix1792,73,5,0,-170,0,68.45
fold2_room1_mix1792,74,5,0,-10,0,59.14
fold2_room1_mix1792,74,5,0,-73,-1,15.12
fold2_room1_mix1792,74,5,0,-169,0,66.67
fold2_room1_mix1792,75,5,0,-8,0,70.37
fold2_room1_mix1792,75,5,0,-59,0,17.68
fold2_room1_mix1792,75,5,0,-171,0,65.85
fold2_room1_mix1792,76,5,0,-11,0,49.67
fold2_room1_mix1792,76,5,0,-105,-1,13.52
fold2_room1_mix1792,76,5,0,-170,0,69.46
fold2_room1_mix1792,77,5,0,-9,0,57.09
fold2_room1_mix1792,77,5,0,-84,-1,13.64
fold2_room1_mix1792,77,5,0,-171,0,69.06
fold2_room1_mix1792,78,5,0,-11,0,44.82
fold2_room1_mix1792,78,5,0,-123,-1,14.81
fold2_room1_mix1792,78,5,0,-172,0,74.81
fold2_room1_mix1792,79,5,0,-10,0,48.22
fold2_room1_mix1792,79,5,0,-117,-1,13.60
fold2_room1_mix1792,79,5,0,-172,0,73.18
fold2_room1_mix1792,80,5,0,-11,0,42.03
fold2_room1_mix1792,80,5,0,-133,-1,15.23
fold2_room1_mix1792,80,5,0,-172,0,77.28
fold2_room1_mix1792,81,5,0,-11,0,40.90
fold2_room1_mix1792,81,5,0,-133,0,16.11
fold2_room1_mix1792,81,5,0,-172,0,79.90
fold2_room1_mix1792,82,5,0,-11,0,42.97
fold2_room1_mix1792,82,5,0,-130,0,14.82
fold2_room1_mix1792,82,5,0,-173,0,77.79
fold2_room1_mix1792,83,5,0,-12,0,42.81
fold2_room1_mix1792,83,5,0,-130,-1,16.35
fold2_room1_mix1792,83,5,0,-172,0,85.47
fold2_room1_mix1792,84,5,0,-15,0,30.68
fold2_room1_mix1792,84,5,0,-145,0,19.83
fold2_room1_mix1792,84,5,0,-173,0,85.78
fold2_room1_mix1792,85,5,0,-12,0,36.95
fold2_room1_mix1792,85,5,0,-146,0,21.37
fold2_room1_mix1792,85,5,0,-173,0,94.95
fold2_room1_mix1792,86,5,0,-13,0,36.48
fold2_room1_mix1792,86,5,0,-146,0,20.71
fold2_room1_mix1792,86,5,0,-173,0,97.31
fold2_room1_mix1792,87,5,0,-15,0,30.80
fold2_room1_mix1792,87,5,0,-154,0,24.97
fold2_room1_mix1792,87,5,0,-174,0,102.33
fold2_room1_mix1792,88,5,0,-19,0,24.24
fold2_room1_mix1792,88,5,0,-156,0,25.93
fold2_room1_mix1792,88,5,0,-174,0,94.46
fold2_room1_mix1792,89,5,0,-29,0,17.94
fold2_room1_mix1792,89,5,0,-157,0,25.80
fold2_room1_mix1792,89,5,0,-173,0,90.21
fold2_room1_mix1792,90,5,0,-40,0,14.99
fold2_room1_mix1792,90,5,0,-167,0,64.84
fold2_room1_mix1792,91,5,0,-43,-1,13.13
fold2_room1_mix1792,91,5,0,-168,0,71.47
fold2_room1_mix1792,92,5,0,-60,-1,10.70
fold2_room1_mix1792,92,5,0,-169,0,74.95
fold2_room1_mix1792,93,5,0,-93,-1,9.38
fold2_room1_mix1792,93,5,0,-171,0,76.21
fold2_room1_mix1792,94,5,0,-87,-1,8.21
fold2_room1_mix1792,94,5,0,-170,0,74.70
fold2_room1_mix1792,95,5,0,-114,-1,9.23
fold2_room1_mix1792,95,5,0,-171,0,74.51
fold2_room1_mix1792,96,5,0,-124,-1,9.82
fold2_room1_mix1792,96,5,0,-170,0,70.71
fold2_room1_mix1792,97,5,0,-124,-1,9.81
fold2_room1_mix1792,97,5,0,-171,0,74.31
fold2_room1_mix1792,98,5,0,-131,-1,11.20
fold2_room1_mix1792,98,5,0,-171,0,75.51
fold2_room1_mix1792,99,5,0,-138,-1,12.82
fold2_room1_mix1792,99,5,0,-171,0,79.41
fold2_room1_mix1793,4,5,0,-175,1,23.69
fold2_room1_mix1793,5,5,0,-175,0,29.03
fold2_room1_mix1793,6,5,0,-174,0,50.31
fold2_room1_mix1793,7,5,0,-175,0,76.35
fold2_room1_mix1793,8,5,0,-174,0,76.69
fold2_room1_mix1793,9,5,0,-175,0,78.79
fold2_room1_mix1793,10,5,0,-174,0,77.02
fold2_room1_mix1793,11,5,0,-175,0,77.71
fold2_room1_mix1793,12,5,0,-174,0,76.88
fold2_room1_mix1793,13,5,0,-173,0,75.74
fold2_room1_mix1793,14,5,0,-174,0,76.97
fold2_room1_mix1793,15,5,0,-173,0,74.65
fold2_room1_mix1793,16,5,0,-172,0,71.48
fold2_room1_mix1793,17,5,0,-171,0,72.19
fold2_room1_mix1793,18,5,0,-170,0,69.56
fold2_room1_mix1793,19,5,0,-170,0,68.57
fold2_room1_mix1793,20,5,0,-170,0,71.51
fold2_room1_mix1793,21,5,0,-170,0,66.76
fold2_room1_mix1793,22,5,0,-169,0,67.48
fold2_room1_mix1793,23,5,0,-170,0,67.89
fold2_room1_mix1793,24,5,0,-169,0,66.53
fold2_room1_mix1793,25,5,0,-169,0,68.84
fold2_room1_mix1793,26,5,0,-169,0,69.95
fold2_room1_mix1793,27,5,0,-169,0,69.76
fold2_room1_mix1793,28,5,0,-157,0,19.63
fold2_room1_mix1793,28,5,0,-173,0,86.86
fold2_room1_mix1793,29,5,0,-156,0,18.69
fold2_room1_mix1793,29,5,0,-174,0,85.36
fold2_room1_mix1793,30,5,0,-156,0,19.23
fold2_room1_mix1793,30,5,0,-173,0,86.19
fold2_room1_mix1793,31,5,0,-156,0,18.33
fold2_room1_mix1793,31,5,0,-173,0,82.60
fold2_room1_mix1793,32,5,0,-153,0,16.89
fold2_room1_mix1793,32,5,0,-173,0,81.75
fold2_room1_mix1793,33,5,0,-153,0,16.56
fold2_room1_mix1793,33,5,0,-173,0,83.54
fold2_room1_mix1793,34,5,0,-151,0,15.79
fold2_room1_mix1793,34,5,0,-173,0,83.45
fold2_room1_mix1793,35,5,0,-149,0,14.58
fold2_room1_mix1793,35,5,0,-173,0,81.16
fold2_room1_mix1793,36,5,0,-145,0,12.82
fold2_room1_mix1793,36,5,0,-173,0,77.20
fold2_room1_mix1793,37,5,0,-142,-1,11.48
fold2_room1_mix1793,37,5,0,-172,0,73.50
fold2_room1_mix1793,38,5,0,-137,-1,10.33
fold2_room1_mix1793,38,5,0,-172,0,72.98
fold2_room1_mix1793,39,5,0,-132,-1,9.65
fold2_room1_mix1793,39,5,0,-171,0,68.41
fold2_room1_mix1793,40,5,0,-124,-1,8.02
fold2_room1_mix1793,40,5,0,-171,0,67.32
fold2_room1_mix1793,41,5,0,-120,-1,7.86
fold2_room1_mix1793,41,5,0,-172,0,69.55
fold2_room1_mix1793,42,5,0,-114,-1,7.68
fold2_room1_mix1793,42,5,0,-172,0,70.68
fold2_room1_mix1793,43,5,0,-111,-1,7.59
fold2_room1_mix1793,43,5,0,-173,0,70.96
fold2_room1_mix1793,44,5,0,-102,-1,7.91
fold2_room1_mix1793,44,5,0,-172,0,70.68
fold2_room1_mix1793,45,5,0,-93,-1,7.97
fold2_room1_mix1793,45,5,0,-172,0,71.56
fold2_room1_mix1793,46,5,0,-86,-1,8.46
fold2_room1_mix1793,46,5,0,-172,0,74.15
fold2_room1_mix1793,47,5,0,-81,-1,8.22
fold2_room1_mix1793,47,5,0,-170,0,67.48
fold2_room1_mix1793,48,5,0,-65,-1,8.25
fold2_room1_mix1793,48,5,0,-170,0,68.71
fold2_room1_mix1793,49,5,0,-55,-1,8.88
fold2_room1_mix1793,49,5,0,-170,0,66.41
fold2_room1_mix1793,50,5,0,-49,-1,9.50
fold2_room1_mix1793,50,5,0,-169,0,62.81
fold2_room1_mix1793,51,5,0,-43,-1,10.32
fold2_room1_mix1793,51,5,0,-168,0,60.93
fold2_room1_mix1793,52,5,0,-44,0,10.16
fold2_room1_mix1793,52,5,0,-167,0,59.02
fold2_room1_mix1793,53,5,0,-42,-1,10.52
fold2_room1_mix1793,53,5,0,-168,0,60.93
fold2_room1_mix1793,54,5,0,-38,0,11.22
fold2_room1_mix1793,54,5,0,-167,0,58.68
fold2_room1_mix1793,55,5,0,-35,0,12.21
fold2_room1_mix1793,55,5,0,-167,0,57.33
fold2_room1_mix1793,56,5,0,-31,0,13.36
fold2_room1_mix1793,56,5,0,-166,0,55.29
fold2_room1_mix1793,57,5,0,-25,0,15.89
fold2_room1_mix1793,57,5,0,-165,0,53.83
fold2_room1_mix1793,58,5,0,-23,0,16.28
fold2_room1_mix1793,58,5,0,-165,0,51.27
fold2_room1_mix1793,59,5,0,-20,0,18.42
fold2_room1_mix1793,59,5,0,-164,0,47.33
fold2_room1_mix1793,60,5,0,-19,0,17.84
fold2_room1_mix1793,60,5,0,-165,0,46.40
fold2_room1_mix1793,61,5,0,-18,0,19.51
fold2_room1_mix1793,61,5,0,-164,0,44.43
fold2_room1_mix1793,62,5,0,-17,0,21.35
fold2_room1_mix1793,62,5,0,-153,0,21.21
fold2_room1_mix1793,62,5,0,-169,0,56.51
fold2_room1_mix1793,63,5,0,-16,0,22.13
fold2_room1_mix1793,63,5,0,-153,0,20.66
fold2_room1_mix1793,63,5,0,-169,0,56.12
fold2_room1_mix1793,64,5,0,-17,0,22.76
fold2_room1_mix1793,64,5,0,-153,0,21.44
fold2_room1_mix1793,64,5,0,-170,0,60.21
fold2_room1_mix1793,65,5,0,-15,0,25.04
fold2_room1_mix1793,65,5,0,-150,0,19.45
fold2_room1_mix1793,65,5,0,-169,0,56.42
fold2_room1_mix1793,66,5,0,-14,0,24.18
fold2_room1_mix1793,66,5,0,-151,0,19.79
fold2_room1_mix1793,66,5,0,-169,0,57.10
fold2_room1_mix1793,67,5,0,-17,0,24.26
fold2_room1_mix1793,67,5,0,-152,0,20.73
fold2_room1_mix1793,67,5,0,-169,0,59.37
fold2_room1_mix1793,68,5,0,-14,0,25.16
fold2_room1_mix1793,68,5,0,-151,0,19.75
fold2_room1_mix1793,68,5,0,-169,0,59.31
fold2_room1_mix1793,69,5,0,-14,0,26.51
fold2_room1_mix1793,69,5,0,-151,0,19.59
fold2_room1_mix1793,69,5,0,-170,0,60.70
fold2_room1_mix1793,70,5,0,-13,0,27.75
fold2_room1_mix1793,70,5,0,-140,0,14.48
fold2_room1_mix1793,70,5,0,-168,0,47.45
fold2_room1_mix1793,71,5,0,-13,0,30.07
fold2_room1_mix1793,71,5,0,-143,0,16.28
fold2_room1_mix1793,71,5,0,-169,0,54.22
fold2_room1_mix1793,72,5,0,-12,0,30.78
fold2_room1_mix1793,72,5,0,-138,0,13.44
fold2_room1_mix1793,72,5,0,-168,0,47.98
fold2_room1_mix1793,73,5,0,-12,0,30.93
fold2_room1_mix1793,73,5,0,-139,0,14.38
fold2_room1_mix1793,73,5,0,-168,0,50.80
fold2_room1_mix1793,74,5,0,-12,0,31.79
fold2_room1_mix1793,74,5,0,-142,0,15.54
fold2_room1_mix1793,74,5,0,-169,0,54.32
fold2_room1_mix1793,75,5,0,-10,0,35.32
fold2_room1_mix1793,75,5,0,-140,0,13.51
fold2_room1_mix1793,75,5,0,-169,0,53.23
fold2_room1_mix1793,76,5,0,-10,0,35.65
fold2_room1_mix1793,76,5,0,-111,-1,9.30
fold2_room1_mix1793,76,5,0,-166,0,36.53
fold2_room1_mix1793,77,5,0,-10,0,36.87
fold2_room1_mix1793,77,5,0,-123,0,10.87
fold2_room1_mix1793,77,5,0,-167,0,44.08
fold2_room1_mix1793,78,5,0,-10,0,37.11
fold2_room1_mix1793,78,5,0,-94,-1,9.81
fold2_room1_mix1793,78,5,0,-166,0,37.21
fold2_room1_mix1793,79,5,0,-9,0,39.24
fold2_room1_mix1793,79,5,0,-113,0,10.18
fold2_room1_mix1793,79,5,0,-167,0,42.11
fold2_room1_mix1793,80,5,0,-11,0,39.48
fold2_room1_mix1793,80,5,0,-98,-1,10.26
fold2_room1_mix1793,80,5,0,-166,0,38.80
fold2_room1_mix1793,81,5,0,-9,0,42.65
fold2_room1_mix1793,81,5,0,-96,-1,10.36
fold2_room1_mix1793,81,5,0,-167,0,40.30
fold2_room1_mix1793,82,5,0,-11,0,41.10
fold2_room1_mix1793,82,5,0,-45,0,11.08
fold2_room1_mix1793,82,5,0,-159,0,24.51
fold2_room1_mix1793,83,5,0,-12,0,40.01
fold2_room1_mix1793,83,5,0,-51,0,10.13
fold2_room1_mix1793,83,5,0,-160,0,26.90
fold2_room1_mix1793,84,5,0,-10,0,44.48
fold2_room1_mix1793,84,5,0,-48,0,11.31
fold2_room1_mix1793,84,5,0,-160,0,27.06
fold2_room1_mix1793,85,5,0,-11,0,44.71
fold2_room1_mix1793,85,5,0,-50,0,10.80
fold2_room1_mix1793,85,5,0,-161,0,28.92
fold2_room1_mix1793,86,5,0,-11,0,44.90
fold2_room1_mix1793,86,5,0,-63,-1,10.65
fold2_room1_mix1793,86,5,0,-163,0,32.23
fold2_room1_mix1793,87,5,0,-10,0,45.48
fold2_room1_mix1793,87,5,0,-97,-1,11.32
fold2_room1_mix1793,87,5,0,-167,0,43.55
fold2_room1_mix1793,88,5,0,-9,0,49.65
fold2_room1_mix1793,88,5,0,-71,0,11.40
fold2_room1_mix1793,88,5,0,-165,0,38.65
fold2_room1_mix1793,89,5,0,-9,0,53.03
fold2_room1_mix1793,89,5,0,-64,0,12.08
fold2_room1_mix1793,89,5,0,-165,0,41.07
fold2_room1_mix1793,90,5,0,-9,0,51.20
fold2_room1_mix1793,90,5,0,-54,0,12.89
fold2_room1_mix1793,90,5,0,-163,0,35.54
fold2_room1_mix1793,91,5,0,-8,1,57.97
fold2_room1_mix1793,91,5,0,-44,0,14.04
fold2_room1_mix1793,91,5,0,-159,0,31.66
fold2_room1_mix1793,92,5,0,-7,0,61.43
fold2_room1_mix1793,92,5,0,-43,0,15.22
fold2_room1_mix1793,92,5,0,-161,0,36.18
fold2_room1_mix1793,93,5,0,-6,0,62.10
fold2_room1_mix1793,93,5,0,-42,0,15.01
fold2_room1_mix1793,93,5,0,-162,0,36.11
fold2_room1_mix1793,94,5,0,-7,0,56.58
fold2_room1_mix1793,94,5,0,-50,0,13.41
fold2_room1_mix1793,94,5,0,-163,0,40.46
fold2_room1_mix1793,95,5,0,-7,0,60.38
fold2_room1_mix1793,95,5,0,-44,0,14.91
fold2_room1_mix1793,95,5,0,-164,0,39.69
fold2_room1_mix1793,96,5,0,-7,0,60.67
fold2_room1_mix1793,96,5,0,-47,0,14.33
fold2_room1_mix1793,96,5,0,-165,0,43.32
fold2_room1_mix1793,97,5,0,-6,0,64.21
fold2_room1_mix1793,97,5,0,-36,0,17.37
fold2_room1_mix1793,97,5,0,-161,0,34.04
fold2_room1_mix1793,98,5,0,-7,0,62.01
fold2_room1_mix1793,98,5,0,-35,0,17.97
fold2_room1_mix1793,98,5,0,-160,0,30.47
fold2_room1_mix1793,99,5,0,-8,0,63.28
fold2_room1_mix1793,99,5,0,-32,0,18.73
fold2_room1_mix1793,99,5,0,-158,0,26.10
fold2_room1_mix1794,4,5,0,-5,1,11.50
fold2_room1_mix1794,5,5,0,-2,1,20.09
fold2_room1_mix1794,6,5,0,1,0,40.41
fold2_room1_mix1794,7,5,0,0,0,49.13
fold2_room1_mix1794,8,5,0,-1,0,86.51
fold2_room1_mix1794,9,5,0,0,0,98.54
fold2_room1_mix1794,10,5,0,-2,0,97.91
fold2_room1_mix1794,11,5,0,-1,0,96.87
fold2_room1_mix1794,12,5,0,0,0,87.34
fold2_room1_mix1794,13,5,0,0,0,92.74
fold2_room1_mix1794,14,5,0,-1,0,89.08
fold2_room1_mix1794,15,5,0,-2,0,98.29
fold2_room1_mix1794,16,5,0,-2,0,97.20
fold2_room1_mix1794,17,5,0,-2,0,94.01
fold2_room1_mix1794,18,5,0,-2,0,97.87
fold2_room1_mix1794,19,5,0,-2,0,101.26
fold2_room1_mix1794,20,5,0,-3,0,99.83
fold2_room1_mix1794,21,5,0,-3,0,100.53
fold2_room1_mix1794,22,5,0,-3,0,101.70
fold2_room1_mix1794,23,5,0,-4,0,93.32
fold2_room1_mix1794,24,5,0,-3,0,95.53
fold2_room1_mix1794,25,5,0,-3,0,96.63
fold2_room1_mix1794,26,5,0,-5,0,91.10
fold2_room1_mix1794,27,5,0,-5,0,95.42
fold2_room1_mix1794,28,5,0,-5,0,94.20
fold2_room1_mix1794,29,5,0,-5,0,93.48
fold2_room1_mix1794,30,5,0,-6,0,86.03
fold2_room1_mix1794,31,5,0,-7,0,85.28
fold2_room1_mix1794,32,5,0,-8,0,82.49
fold2_room1_mix1794,33,5,0,-7,0,79.54
fold2_room1_mix1794,34,5,0,-8,0,80.30
fold2_room1_mix1794,35,5,0,-9,0,76.80
fold2_room1_mix1794,36,5,0,-3,0,96.96
fold2_room1_mix1794,36,5,0,-19,0,21.36
fold2_room1_mix1794,37,5,0,-3,0,93.49
fold2_room1_mix1794,37,5,0,-22,0,18.11
fold2_room1_mix1794,38,5,0,-2,0,95.80
fold2_room1_mix1794,38,5,0,-25,0,15.70
fold2_room1_mix1794,39,5,0,-3,0,88.20
fold2_room1_mix1794,39,5,0,-31,0,13.36
fold2_room1_mix1794,40,5,0,-3,0,90.09
fold2_room1_mix1794,40,5,0,-41,0,11.68
fold2_room1_mix1794,41,5,0,-3,0,87.60
fold2_room1_mix1794,41,5,0,-47,0,9.95
fold2_room1_mix1794,42,5,0,-4,0,89.25
fold2_room1_mix1794,42,5,0,-71,-1,8.34
fold2_room1_mix1794,43,5,0,-4,0,86.48
fold2_room1_mix1794,43,5,0,-94,-1,7.82
fold2_room1_mix1794,44,5,0,-4,0,84.83
fold2_room1_mix1794,44,5,0,-109,-1,8.34
fold2_room1_mix1794,45,5,0,-4,0,79.54
fold2_room1_mix1794,45,5,0,-128,0,10.69
fold2_room1_mix1794,46,5,0,-5,0,79.58
fold2_room1_mix1794,46,5,0,-137,0,12.18
fold2_room1_mix1794,47,5,0,-4,0,79.36
fold2_room1_mix1794,47,5,0,-143,0,14.61
fold2_room1_mix1794,48,5,0,-5,0,69.69
fold2_room1_mix1794,48,5,0,-147,0,15.56
fold2_room1_mix1794,49,5,0,-5,0,68.06
fold2_room1_mix1794,49,5,0,-151,0,17.43
fold2_room1_mix1794,50,5,0,-7,0,60.50
fold2_room1_mix1794,50,5,0,-152,0,17.38
fold2_room1_mix1794,51,5,0,-6,0,67.54
fold2_room1_mix1794,51,5,0,-155,0,18.60
fold2_room1_mix1794,52,5,0,-7,0,56.39
fold2_room1_mix1794,52,5,0,-160,0,22.86
fold2_room1_mix1794,53,5,0,-8,0,57.84
fold2_room1_mix1794,53,5,0,-160,0,23.11
fold2_room1_mix1794,54,5,0,-9,0,54.79
fold2_room1_mix1794,54,5,0,-161,0,26.41
fold2_room1_mix1794,55,5,0,-5,0,69.27
fold2_room1_mix1794,55,5,0,-21,0,26.39
fold2_room1_mix1794,55,5,0,-163,0,31.69
fold2_room1_mix1794,56,5,0,-8,0,54.74
fold2_room1_mix1794,56,5,0,-164,0,31.45
fold2_room1_mix1794,57,5,0,-12,0,46.73
fold2_room1_mix1794,57,5,0,-165,0,35.12
fold2_room1_mix1794,58,5,0,-6,0,64.80
fold2_room1_mix1794,58,5,0,-27,0,21.29
fold2_room1_mix1794,58,5,0,-166,0,40.23
fold2_room1_mix1794,59,5,0,-6,0,62.28
fold2_room1_mix1794,59,5,0,-35,0,18.95
fold2_room1_mix1794,59,5,0,-168,0,47.81
fold2_room1_mix1794,60,5,0,-8,0,55.25
fold2_room1_mix1794,60,5,0,-43,0,15.62
fold2_room1_mix1794,60,5,0,-168,0,47.54
fold2_room1_mix1794,61,5,0,-8,0,55.40
fold2_room1_mix1794,61,5,0,-45,0,15.35
fold2_room1_mix1794,61,5,0,-167,0,47.10
fold2_room1_mix1794,62,5,0,-7,0,58.66
fold2_room1_mix1794,62,5,0,-51,0,14.85
fold2_room1_mix1794,62,5,0,-170,0,53.00
fold2_room1_mix1794,63,5,0,-8,0,53.30
fold2_room1_mix1794,63,5,0,-59,-1,13.68
fold2_room1_mix1794,63,5,0,-170,0,53.59
fold2_room1_mix1794,64,5,0,-8,0,58.97
fold2_room1_mix1794,64,5,0,-47,0,15.69
fold2_room1_mix1794,64,5,0,-169,0,53.95
fold2_room1_mix1794,65,5,0,-11,0,41.12
fold2_room1_mix1794,65,5,0,-88,-1,11.69
fold2_room1_mix1794,65,5,0,-170,0,55.62
fold2_room1_mix1794,66,5,0,-8,0,49.19
fold2_room1_mix1794,66,5,0,-49,-1,14.34
fold2_room1_mix1794,66,5,0,-169,0,54.35
fold2_room1_mix1794,67,5,0,-12,0,39.43
fold2_room1_mix1794,67,5,0,-81,-2,12.79
fold2_room1_mix1794,67,5,0,-169,0,57.16
fold2_room1_mix1794,68,5,0,-8,0,44.15
fold2_room1_mix1794,68,5,0,-101,-1,11.26
fold2_room1_mix1794,68,5,0,-173,0,58.76
fold2_room1_mix1794,69,5,0,-13,0,30.49
fold2_room1_mix1794,69,5,0,-126,-1,12.07
fold2_room1_mix1794,69,5,0,-170,0,57.72
fold2_room1_mix1794,70,5,0,-10,0,38.40
fold2_room1_mix1794,70,5,0,-116,-1,10.73
fold2_room1_mix1794,70,5,0,-172,0,58.30
fold2_room1_mix1794,71,5,0,-9,0,39.17
fold2_room1_mix1794,71,5,0,-132,-1,12.89
fold2_room1_mix1794,71,5,0,-175,0,69.77
fold2_room1_mix1794,72,5,0,-11,0,32.21
fold2_room1_mix1794,72,5,0,-135,0,13.59
fold2_room1_mix1794,72,5,0,-173,0,66.38
fold2_room1_mix1794,73,5,0,-20,0,20.16
fold2_room1_mix1794,73,5,0,-152,0,18.32
fold2_room1_mix1794,73,5,0,-174,0,73.00
fold2_room1_mix1794,74,5,0,-35,0,13.24
fold2_room1_mix1794,74,5,0,-168,0,51.94
fold2_room1_mix1794,75,5,0,-59,-1,9.32
fold2_room1_mix1794,75,5,0,-168,0,58.57
fold2_room1_mix1794,76,5,0,-63,-1,9.04
fold2_room1_mix1794,76,5,0,-169,0,59.66
fold2_room1_mix1794,77,5,0,-90,-1,7.95
fold2_room1_mix1794,77,5,0,-169,0,57.36
fold2_room1_mix1794,78,5,0,-107,-1,7.76
fold2_room1_mix1794,78,5,0,-170,0,60.21
fold2_room1_mix1794,79,5,0,-120,-1,8.68
fold2_room1_mix1794,79,5,0,-169,0,60.36
fold2_room1_mix1794,80,5,0,-127,-1,9.05
fold2_room1_mix1794,80,5,0,-170,0,58.85
fold2_room1_mix1794,81,5,0,-133,-1,9.75
fold2_room1_mix1794,81,5,0,-171,0,62.23
fold2_room1_mix1794,82,5,0,-139,-1,11.67
fold2_room1_mix1794,82,5,0,-172,0,63.80
fold2_room1_mix1794,83,5,0,-145,-1,13.94
fold2_room1_mix1794,83,5,0,-172,0,66.92
fold2_room1_mix1794,84,5,0,-148,-1,13.74
fold2_room1_mix1794,84,5,0,-172,0,69.10
fold2_room1_mix1794,85,5,0,-153,-1,16.37
fold2_room1_mix1794,85,5,0,-172,0,69.64
fold2_room1_mix1794,86,5,0,-156,-1,18.02
fold2_room1_mix1794,86,5,0,-173,0,75.74
fold2_room1_mix1794,87,5,0,-169,0,60.98
fold2_room1_mix1794,88,5,0,-169,0,62.01
fold2_room1_mix1794,89,5,0,-170,0,64.04
fold2_room1_mix1794,90,5,0,-170,0,64.11
fold2_room1_mix1794,91,5,0,-170,0,65.82
fold2_room1_mix1794,92,5,0,-171,0,68.21
fold2_room1_mix1794,93,5,0,-171,0,68.51
fold2_room1_mix1794,94,5,0,-171,0,70.49
fold2_room1_mix1794,95,5,0,-171,0,74.85
fold2_room1_mix1794,96,5,0,-172,0,74.85
fold2_room1_mix1794,97,5,0,-172,0,76.95
fold2_room1_mix1794,98,5,0,-173,0,79.81
fold2_room1_mix1794,99,5,0,-173,0,81.58
fold2_room1_mix1795,5,5,0,7,1,7.54
fold2_room1_mix1795,6,5,0,2,1,22.19
fold2_room1_mix1795,7,5,0,5,0,35.80
fold2_room1_mix1795,8,5,0,3,0,56.92
fold2_room1_mix1795,9,5,0,2,0,95.42
fold2_room1_mix1795,10,5,0,3,0,109.98
fold2_room1_mix1795,11,5,0,3,0,102.37
fold2_room1_mix1795,12,5,0,2,0,102.54
fold2_room1_mix1795,13,5,0,3,0,99.07
fold2_room1_mix1795,14,5,0,3,0,95.27
fold2_room1_mix1795,15,5,0,4,0,100.24
fold2_room1_mix1795,16,5,0,3,0,106.38
fold2_room1_mix1795,17,5,0,3,0,101.86
fold2_room1_mix1795,18,5,0,4,0,103.81
fold2_room1_mix1795,19,5,0,2,0,105.70
fold2_room1_mix1795,20,5,0,3,0,100.51
fold2_room1_mix1795,21,5,0,4,0,94.77
fold2_room1_mix1795,22,5,0,2,0,106.81
fold2_room1_mix1795,23,5,0,3,0,101.03
fold2_room1_mix1795,24,5,0,3,0,99.79
fold2_room1_mix1795,25,5,0,3,0,98.76
fold2_room1_mix1795,26,5,0,4,0,101.42
fold2_room1_mix1795,27,5,0,4,0,82.28
fold2_room1_mix1795,28,5,0,3,0,94.49
fold2_room1_mix1795,29,5,0,4,0,92.38
fold2_room1_mix1795,30,5,0,4,0,92.78
fold2_room1_mix1795,31,5,0,4,0,91.93
fold2_room1_mix1795,32,5,0,6,0,88.92
fold2_room1_mix1795,33,5,0,5,0,86.72
fold2_room1_mix1795,34,5,0,5,0,87.46
fold2_room1_mix1795,35,5,0,5,0,86.52
fold2_room1_mix1795,36,5,0,7,0,76.12
fold2_room1_mix1795,37,5,0,7,0,74.40
fold2_room1_mix1795,38,5,0,8,0,72.74
fold2_room1_mix1795,39,5,0,9,0,68.65
fold2_room1_mix1795,40,5,0,9,0,65.50
fold2_room1_mix1795,41,5,0,10,0,60.77
fold2_room1_mix1795,42,5,0,11,0,58.10
fold2_room1_mix1795,43,5,0,7,0,75.90
fold2_room1_mix1795,43,5,0,25,0,16.67
fold2_room1_mix1795,44,5,0,7,0,71.58
fold2_room1_mix1795,44,5,0,29,0,15.11
fold2_room1_mix1795,45,5,0,7,0,70.40
fold2_room1_mix1795,45,5,0,34,0,12.60
fold2_room1_mix1795,46,5,0,6,0,66.81
fold2_room1_mix1795,46,5,0,40,0,10.35
fold2_room1_mix1795,47,5,0,7,0,65.00
fold2_room1_mix1795,47,5,0,52,-1,9.32
fold2_room1_mix1795,48,5,0,8,0,62.52
fold2_room1_mix1795,48,5,0,75,-1,8.10
fold2_room1_mix1795,49,5,0,8,0,59.51
fold2_room1_mix1795,49,5,0,102,-1,7.78
fold2_room1_mix1795,50,5,0,9,0,62.55
fold2_room1_mix1795,50,5,0,117,-1,8.91
fold2_room1_mix1795,51,5,0,8,0,58.18
fold2_room1_mix1795,51,5,0,132,-1,10.49
fold2_room1_mix1795,52,5,0,9,0,57.17
fold2_room1_mix1795,52,5,0,141,-1,12.12
fold2_room1_mix1795,53,5,0,8,0,55.23
fold2_room1_mix1795,53,5,0,147,-1,15.32
fold2_room1_mix1795,54,5,0,8,0,53.73
fold2_room1_mix1795,54,5,0,152,0,17.07
fold2_room1_mix1795,55,5,0,8,0,49.36
fold2_room1_mix1795,55,5,0,157,0,20.06
fold2_room1_mix1795,56,5,0,9,0,44.83
fold2_room1_mix1795,56,5,0,160,0,22.33
fold2_room1_mix1795,57,5,0,10,0,46.13
fold2_room1_mix1795,57,5,0,162,0,26.17
fold2_room1_mix1795,58,5,0,11,0,42.45
fold2_room1_mix1795,58,5,0,163,0,26.70
fold2_room1_mix1795,59,5,0,10,0,43.26
fold2_room1_mix1795,59,5,0,165,0,27.96
fold2_room1_mix1795,60,5,0,11,0,42.60
fold2_room1_mix1795,60,5,0,169,0,34.14
fold2_room1_mix1795,61,5,0,5,0,58.15
fold2_room1_mix1795,61,5,0,22,0,17.72
fold2_room1_mix1795,61,5,0,168,0,35.26
fold2_room1_mix1795,62,5,0,12,0,41.43
fold2_room1_mix1795,62,5,0,167,0,31.08
fold2_room1_mix1795,63,5,0,6,0,44.68
fold2_room1_mix1795,63,5,0,38,0,12.16
fold2_room1_mix1795,63,5,0,171,0,40.90
fold2_room1_mix1795,64,5,0,6,0,54.20
fold2_room1_mix1795,64,5,0,31,0,14.47
fold2_room1_mix1795,64,5,0,170,0,39.71
fold2_room1_mix1795,65,5,0,11,0,28.66
fold2_room1_mix1795,65,5,0,84,0,8.56
fold2_room1_mix1795,65,5,0,170,0,36.41
fold2_room1_mix1795,66,5,0,10,0,29.03
fold2_room1_mix1795,66,5,0,103,-1,8.89
fold2_room1_mix1795,66,5,0,171,0,41.07
fold2_room1_mix1795,67,5,0,7,0,45.75
fold2_room1_mix1795,67,5,0,91,-1,10.48
fold2_room1_mix1795,67,5,0,172,0,53.05
fold2_room1_mix1795,68,5,0,11,0,28.95
fold2_room1_mix1795,68,5,0,120,0,10.72
fold2_room1_mix1795,68,5,0,173,0,49.16
fold2_room1_mix1795,69,5,0,15,0,25.41
fold2_room1_mix1795,69,5,0,130,0,11.66
fold2_room1_mix1795,69,5,0,174,0,53.39
fold2_room1_mix1795,70,5,0,37,-1,11.00
fold2_room1_mix1795,70,5,0,154,0,16.92
fold2_room1_mix1795,70,5,0,176,0,59.94
fold2_room1_mix1795,71,5,0,33,0,13.25
fold2_room1_mix1795,71,5,0,153,0,17.01
fold2_room1_mix1795,71,5,0,175,0,63.64
fold2_room1_mix1795,72,5,0,45,-1,10.03
fold2_room1_mix1795,72,5,0,157,0,20.76
fold2_room1_mix1795,72,5,0,175,0,70.76
fold2_room1_mix1795,73,5,0,75,-2,7.65
fold2_room1_mix1795,73,5,0,169,0,56.18
fold2_room1_mix1795,74,5,0,107,-2,6.43
fold2_room1_mix1795,74,5,0,170,0,52.27
fold2_room1_mix1795,75,5,0,120,-2,7.86
fold2_room1_mix1795,75,5,0,171,0,62.87
fold2_room1_mix1795,76,5,0,127,-1,8.33
fold2_room1_mix1795,76,5,0,170,0,60.79
fold2_room1_mix1795,77,5,0,134,-1,9.71
fold2_room1_mix1795,77,5,0,170,0,60.76
fold2_room1_mix1795,78,5,0,142,-1,11.24
fold2_room1_mix1795,78,5,0,171,0,60.24
fold2_room1_mix1795,79,5,0,146,-1,14.19
fold2_room1_mix1795,79,5,0,171,0,69.06
fold2_room1_mix1795,80,5,0,150,0,15.71
fold2_room1_mix1795,80,5,0,171,0,66.78
fold2_room1_mix1795,81,5,0,154,0,17.27
fold2_room1_mix1795,81,5,0,172,0,70.78
fold2_room1_mix1795,82,5,0,168,0,55.30
fold2_room1_mix1795,83,5,0,168,0,57.72
fold2_room1_mix1795,84,5,0,170,0,60.35
fold2_room1_mix1795,85,5,0,170,0,62.94
fold2_room1_mix1795,86,5,0,172,0,64.33
fold2_room1_mix1795,87,5,0,172,0,63.44
fold2_room1_mix1795,88,5,0,174,0,65.85
fold2_room1_mix1795,89,5,0,173,0,67.70
fold2_room1_mix1795,90,5,0,173,0,65.70
fold2_room1_mix1795,91,5,0,174,0,67.68
fold2_room1_mix1795,92,5,0,174,0,69.91
fold2_room1_mix1795,93,5,0,174,0,71.14
fold2_room1_mix1795,94,5,0,174,0,71.27
fold2_room1_mix1795,95,5,0,174,0,76.14
fold2_room1_mix1795,96,5,0,174,0,76.21
fold2_room1_mix1795,97,5,0,174,0,77.27
fold2_room1_mix1795,98,5,0,175,0,79.14
fold2_room1_mix1795,99,5,0,175,0,80.02
fold2_room1_mix1796,5,5,0,172,1,5.79
fold2_room1_mix1796,6,5,0,169,1,14.50
fold2_room1_mix1796,7,5,0,170,1,30.79
fold2_room1_mix1796,8,5,0,174,0,53.73
fold2_room1_mix1796,9,5,0,173,0,98.77
fold2_room1_mix1796,10,5,0,173,0,113.46
fold2_room1_mix1796,11,5,0,174,0,105.95
fold2_room1_mix1796,12,5,0,175,0,109.99
fold2_room1_mix1796,13,5,0,173,0,107.18
fold2_room1_mix1796,14,5,0,173,0,104.08
fold2_room1_mix1796,15,5,0,173,0,110.08
fold2_room1_mix1796,16,5,0,174,0,108.29
fold2_room1_mix1796,17,5,0,173,0,106.30
fold2_room1_mix1796,18,5,0,173,0,109.02
fold2_room1_mix1796,19,5,0,174,0,113.76
fold2_room1_mix1796,20,5,0,174,0,111.31
fold2_room1_mix1796,21,5,0,174,0,112.89
fold2_room1_mix1796,22,5,0,174,0,116.39
fold2_room1_mix1796,23,5,0,174,0,117.10
fold2_room1_mix1796,24,5,0,174,0,113.95
fold2_room1_mix1796,25,5,0,174,0,118.69
fold2_room1_mix1796,26,5,0,174,0,117.76
fold2_room1_mix1796,27,5,0,174,0,116.58
fold2_room1_mix1796,28,5,0,174,0,115.35
fold2_room1_mix1796,29,5,0,174,0,120.36
fold2_room1_mix1796,30,5,0,175,0,110.71
fold2_room1_mix1796,31,5,0,174,0,114.48
fold2_room1_mix1796,32,5,0,175,0,116.25
fold2_room1_mix1796,33,5,0,174,0,111.65
fold2_room1_mix1796,34,5,0,175,0,114.58
fold2_room1_mix1796,35,5,0,175,0,115.60
fold2_room1_mix1796,36,5,0,175,0,115.11
fold2_room1_mix1796,37,5,0,173,0,111.57
fold2_room1_mix1796,38,5,0,173,0,109.56
fold2_room1_mix1796,39,5,0,173,0,104.82
fold2_room1_mix1796,40,5,0,173,0,103.60
fold2_room1_mix1796,41,5,0,172,0,104.18
fold2_room1_mix1796,42,5,0,172,0,101.19
fold2_room1_mix1796,43,5,0,171,0,98.92
fold2_room1_mix1796,44,5,0,171,0,99.11
fold2_room1_mix1796,45,5,0,171,0,100.65
fold2_room1_mix1796,46,5,0,171,0,97.32
fold2_room1_mix1796,47,5,0,170,0,95.30
fold2_room1_mix1796,48,5,0,170,0,94.26
fold2_room1_mix1796,49,5,0,169,0,90.36
fold2_room1_mix1796,50,5,0,170,0,85.79
fold2_room1_mix1796,51,5,0,169,0,85.48
fold2_room1_mix1796,52,5,0,168,0,80.97
fold2_room1_mix1796,53,5,0,157,0,24.27
fold2_room1_mix1796,53,5,0,172,0,107.93
fold2_room1_mix1796,54,5,0,154,0,21.52
fold2_room1_mix1796,54,5,0,172,0,110.35
fold2_room1_mix1796,55,5,0,150,-1,18.97
fold2_room1_mix1796,55,5,0,172,0,106.17
fold2_room1_mix1796,56,5,0,150,-1,18.08
fold2_room1_mix1796,56,5,0,172,0,104.32
fold2_room1_mix1796,57,5,0,147,-1,17.03
fold2_room1_mix1796,57,5,0,171,0,109.21
fold2_room1_mix1796,58,5,0,141,-1,13.66
fold2_room1_mix1796,58,5,0,172,0,103.29
fold2_room1_mix1796,59,5,0,135,-1,11.97
fold2_room1_mix1796,59,5,0,172,0,102.79
fold2_room1_mix1796,60,5,0,130,-2,10.81
fold2_room1_mix1796,60,5,0,173,0,103.27
fold2_room1_mix1796,61,5,0,116,-2,8.87
fold2_room1_mix1796,61,5,0,172,0,104.13
fold2_room1_mix1796,62,5,0,103,-2,8.07
fold2_room1_mix1796,62,5,0,172,0,97.62
fold2_room1_mix1796,63,5,0,77,-2,8.40
fold2_room1_mix1796,63,5,0,171,0,95.84
fold2_room1_mix1796,64,5,0,65,-2,8.31
fold2_room1_mix1796,64,5,0,172,0,96.13
fold2_room1_mix1796,65,5,0,56,-2,8.37
fold2_room1_mix1796,65,5,0,172,0,92.34
fold2_room1_mix1796,66,5,0,50,-1,9.12
fold2_room1_mix1796,66,5,0,172,0,86.86
fold2_room1_mix1796,67,5,0,43,-1,10.62
fold2_room1_mix1796,67,5,0,173,0,88.91
fold2_room1_mix1796,68,5,0,40,-1,11.35
fold2_room1_mix1796,68,5,0,172,0,82.96
fold2_room1_mix1796,69,5,0,35,-1,13.02
fold2_room1_mix1796,69,5,0,172,0,83.56
fold2_room1_mix1796,70,5,0,32,-1,14.10
fold2_room1_mix1796,70,5,0,172,0,84.48
fold2_room1_mix1796,71,5,0,27,-1,15.75
fold2_room1_mix1796,71,5,0,171,0,75.92
fold2_room1_mix1796,72,5,0,25,0,18.28
fold2_room1_mix1796,72,5,0,169,0,73.19
fold2_room1_mix1796,73,5,0,22,0,20.54
fold2_room1_mix1796,73,5,0,169,0,73.27
fold2_room1_mix1796,74,5,0,21,0,23.49
fold2_room1_mix1796,74,5,0,169,0,76.61
fold2_room1_mix1796,75,5,0,22,0,21.97
fold2_room1_mix1796,75,5,0,170,0,77.77
fold2_room1_mix1796,76,5,0,20,0,23.59
fold2_room1_mix1796,76,5,0,170,0,77.74
fold2_room1_mix1796,77,5,0,18,0,26.56
fold2_room1_mix1796,77,5,0,169,0,73.64
fold2_room1_mix1796,78,5,0,16,0,27.60
fold2_room1_mix1796,78,5,0,167,0,65.58
fold2_room1_mix1796,79,5,0,16,0,32.79
fold2_room1_mix1796,79,5,0,153,0,28.10
fold2_room1_mix1796,79,5,0,171,0,83.79
fold2_room1_mix1796,80,5,0,15,0,36.09
fold2_room1_mix1796,80,5,0,153,0,28.16
fold2_room1_mix1796,80,5,0,171,0,90.74
fold2_room1_mix1796,81,5,0,15,0,37.34
fold2_room1_mix1796,81,5,0,150,0,25.96
fold2_room1_mix1796,81,5,0,171,0,85.36
fold2_room1_mix1796,82,5,0,15,0,37.55
fold2_room1_mix1796,82,5,0,149,0,23.91
fold2_room1_mix1796,82,5,0,170,0,80.39
fold2_room1_mix1796,83,5,0,14,0,44.06
fold2_room1_mix1796,83,5,0,144,0,21.59
fold2_room1_mix1796,83,5,0,169,0,77.86
fold2_room1_mix1796,84,5,0,14,0,40.30
fold2_room1_mix1796,84,5,0,149,0,23.98
fold2_room1_mix1796,84,5,0,170,0,81.54
fold2_room1_mix1796,85,5,0,14,0,41.84
fold2_room1_mix1796,85,5,0,150,0,25.04
fold2_room1_mix1796,85,5,0,171,0,85.01
fold2_room1_mix1796,86,5,0,12,0,46.05
fold2_room1_mix1796,86,5,0,148,0,23.62
fold2_room1_mix1796,86,5,0,170,0,83.20
fold2_room1_mix1796,87,5,0,14,0,40.20
fold2_room1_mix1796,87,5,0,155,0,28.19
fold2_room1_mix1796,87,5,0,172,0,95.91
fold2_room1_mix1796,88,5,0,13,0,41.53
fold2_room1_mix1796,88,5,0,156,0,28.83
fold2_room1_mix1796,88,5,0,172,0,101.77
fold2_room1_mix1796,89,5,0,12,0,47.56
fold2_room1_mix1796,89,5,0,151,0,25.07
fold2_room1_mix1796,89,5,0,171,0,94.30
fold2_room1_mix1796,90,5,0,12,0,46.17
fold2_room1_mix1796,90,5,0,151,0,24.79
fold2_room1_mix1796,90,5,0,171,0,94.06
fold2_room1_mix1796,91,5,0,12,0,49.73
fold2_room1_mix1796,91,5,0,145,0,22.03
fold2_room1_mix1796,91,5,0,170,0,87.70
fold2_room1_mix1796,92,5,0,12,0,53.62
fold2_room1_mix1796,92,5,0,142,0,20.14
fold2_room1_mix1796,92,5,0,170,0,84.61
fold2_room1_mix1796,93,5,0,10,0,57.88
fold2_room1_mix1796,93,5,0,140,0,19.15
fold2_room1_mix1796,93,5,0,170,0,85.42
fold2_room1_mix1796,94,5,0,11,0,56.72
fold2_room1_mix1796,94,5,0,140,0,19.48
fold2_room1_mix1796,94,5,0,170,0,85.89
fold2_room1_mix1796,95,5,0,12,0,54.41
fold2_room1_mix1796,95,5,0,146,0,21.56
fold2_room1_mix1796,95,5,0,172,0,93.53
fold2_room1_mix1796,96,5,0,10,0,58.46
fold2_room1_mix1796,96,5,0,140,-1,18.40
fold2_room1_mix1796,96,5,0,171,0,83.55
fold2_room1_mix1796,97,5,0,10,0,57.38
fold2_room1_mix1796,97,5,0,143,-1,20.09
fold2_room1_mix1796,97,5,0,171,0,89.19
fold2_room1_mix1796,98,5,0,11,0,52.76
fold2_room1_mix1796,98,5,0,147,0,21.92
fold2_room1_mix1796,98,5,0,171,0,93.33
fold2_room1_mix1796,99,5,0,9,0,56.88
fold2_room1_mix1796,99,5,0,142,0,18.82
fold2_room1_mix1796,99,5,0,171,0,85.71
fold2_room1_mix1797,4,5,0,-3,1,14.34
fold2_room1_mix1797,5,5,0,-2,0,31.41
fold2_room1_mix1797,6,5,0,-3,0,46.28
fold2_room1_mix1797,7,5,0,-4,0,76.93
fold2_room1_mix1797,8,5,0,-4,0,93.47
fold2_room1_mix1797,9,5,0,-4,0,90.34
fold2_room1_mix1797,10,5,0,-5,0,85.32
fold2_room1_mix1797,11,5,0,-6,0,83.76
fold2_room1_mix1797,12,5,0,-5,0,79.64
fold2_room1_mix1797,13,5,0,-6,0,82.53
fold2_room1_mix1797,14,5,0,-6,0,88.15
fold2_room1_mix1797,15,5,0,-6,0,85.66
fold2_room1_mix1797,16,5,0,-6,0,86.01
fold2_room1_mix1797,17,5,0,-6,0,86.57
fold2_room1_mix1797,18,5,0,-6,0,88.26
fold2_room1_mix1797,19,5,0,-7,0,87.87
fold2_room1_mix1797,20,5,0,-7,0,86.20
fold2_room1_mix1797,21,5,0,-7,0,88.89
fold2_room1_mix1797,22,5,0,-7,0,84.28
fold2_room1_mix1797,23,5,0,-7,0,82.19
fold2_room1_mix1797,24,5,0,-7,0,82.04
fold2_room1_mix1797,25,5,0,-8,0,79.02
fold2_room1_mix1797,26,5,0,-9,0,77.25
fold2_room1_mix1797,27,5,0,-8,0,81.89
fold2_room1_mix1797,28,5,0,-9,0,77.53
fold2_room1_mix1797,29,5,0,-8,0,77.80
fold2_room1_mix1797,30,5,0,-8,0,74.09
fold2_room1_mix1797,31,5,0,-8,0,72.64
fold2_room1_mix1797,32,5,0,-3,0,97.38
fold2_room1_mix1797,32,5,0,-19,0,21.25
fold2_room1_mix1797,33,5,0,-3,0,98.45
fold2_room1_mix1797,33,5,0,-20,0,21.56
fold2_room1_mix1797,34,5,0,-3,0,97.21
fold2_room1_mix1797,34,5,0,-21,0,20.38
fold2_room1_mix1797,35,5,0,-3,0,93.87
fold2_room1_mix1797,35,5,0,-22,0,17.04
fold2_room1_mix1797,36,5,0,-3,0,89.62
fold2_room1_mix1797,36,5,0,-24,0,15.50
fold2_room1_mix1797,37,5,0,-3,0,92.69
fold2_room1_mix1797,37,5,0,-29,0,13.99
fold2_room1_mix1797,38,5,0,-3,0,90.11
fold2_room1_mix1797,38,5,0,-36,0,12.18
fold2_room1_mix1797,39,5,0,-3,0,87.30
fold2_room1_mix1797,39,5,0,-42,0,11.10
fold2_room1_mix1797,40,5,0,-3,0,87.56
fold2_room1_mix1797,40,5,0,-50,-1,9.54
fold2_room1_mix1797,41,5,0,-3,0,86.15
fold2_room1_mix1797,41,5,0,-58,-1,8.23
fold2_room1_mix1797,42,5,0,-4,0,83.36
fold2_room1_mix1797,42,5,0,-70,-1,7.48
fold2_room1_mix1797,43,5,0,-5,0,81.92
fold2_room1_mix1797,43,5,0,-91,-1,7.28
fold2_room1_mix1797,44,5,0,-5,0,85.50
fold2_room1_mix1797,44,5,0,-105,-1,8.02
fold2_room1_mix1797,45,5,0,-4,0,85.11
fold2_room1_mix1797,45,5,0,-118,-1,9.21
fold2_room1_mix1797,46,5,0,-5,0,82.71
fold2_room1_mix1797,46,5,0,-126,-1,9.69
fold2_room1_mix1797,47,5,0,-5,0,82.76
fold2_room1_mix1797,47,5,0,-132,0,11.00
fold2_room1_mix1797,48,5,0,-5,0,75.14
fold2_room1_mix1797,48,5,0,-138,0,12.61
fold2_room1_mix1797,49,5,0,-7,0,69.22
fold2_room1_mix1797,49,5,0,-143,0,12.92
fold2_room1_mix1797,50,5,0,-7,0,66.04
fold2_room1_mix1797,50,5,0,-148,0,14.70
fold2_room1_mix1797,51,5,0,-7,0,62.64
fold2_room1_mix1797,51,5,0,-150,0,16.67
fold2_room1_mix1797,52,5,0,-8,0,64.25
fold2_room1_mix1797,52,5,0,-151,0,16.86
fold2_room1_mix1797,53,5,0,-7,0,62.61
fold2_room1_mix1797,53,5,0,-155,0,20.74
fold2_room1_mix1797,54,5,0,-8,0,60.50
fold2_room1_mix1797,54,5,0,-158,0,21.47
fold2_room1_mix1797,55,5,0,-8,0,60.50
fold2_room1_mix1797,55,5,0,-159,0,22.78
fold2_room1_mix1797,56,5,0,-8,0,57.08
fold2_room1_mix1797,56,5,0,-159,0,25.18
fold2_room1_mix1797,57,5,0,-9,0,56.67
fold2_room1_mix1797,57,5,0,-159,0,24.50
fold2_room1_mix1797,58,5,0,-11,0,51.84
fold2_room1_mix1797,58,5,0,-160,0,28.28
fold2_room1_mix1797,59,5,0,-9,0,54.36
fold2_room1_mix1797,59,5,0,-163,0,29.47
fold2_room1_mix1797,60,5,0,-8,0,55.50
fold2_room1_mix1797,60,5,0,-165,0,31.53
fold2_room1_mix1797,61,5,0,-9,0,55.55
fold2_room1_mix1797,61,5,0,-164,0,31.99
fold2_room1_mix1797,62,5,0,-10,0,55.07
fold2_room1_mix1797,62,5,0,-165,0,35.73
fold2_room1_mix1797,63,5,0,-9,0,57.66
fold2_room1_mix1797,63,5,0,-164,0,33.29
fold2_room1_mix1797,64,5,0,-11,0,52.57
fold2_room1_mix1797,64,5,0,-166,0,35.63
fold2_room1_mix1797,65,5,0,-10,0,54.26
fold2_room1_mix1797,65,5,0,-164,0,33.02
fold2_room1_mix1797,66,5,0,-5,0,73.05
fold2_room1_mix1797,66,5,0,-22,0,24.95
fold2_room1_mix1797,66,5,0,-167,0,39.50
fold2_room1_mix1797,67,5,0,-5,0,74.34
fold2_room1_mix1797,67,5,0,-22,0,24.83
fold2_room1_mix1797,67,5,0,-167,0,42.98
fold2_room1_mix1797,68,5,0,-5,0,73.30
fold2_room1_mix1797,68,5,0,-22,0,24.13
fold2_room1_mix1797,68,5,0,-167,0,42.22
fold2_room1_mix1797,69,5,0,-5,0,70.50
fold2_room1_mix1797,69,5,0,-25,0,22.55
fold2_room1_mix1797,69,5,0,-167,0,46.22
fold2_room1_mix1797,70,5,0,-7,0,62.61
fold2_room1_mix1797,70,5,0,-31,0,19.70
fold2_room1_mix1797,70,5,0,-167,0,47.05
fold2_room1_mix1797,71,5,0,-5,0,68.22
fold2_room1_mix1797,71,5,0,-30,0,19.94
fold2_room1_mix1797,71,5,0,-168,0,49.66
fold2_room1_mix1797,72,5,0,-5,0,62.64
fold2_room1_mix1797,72,5,0,-37,0,16.45
fold2_room1_mix1797,72,5,0,-169,0,54.91
fold2_room1_mix1797,73,5,0,-4,0,73.30
fold2_room1_mix1797,73,5,0,-25,0,22.44
fold2_room1_mix1797,73,5,0,-167,0,47.37
fold2_room1_mix1797,74,5,0,-6,0,57.10
fold2_room1_mix1797,74,5,0,-43,-1,14.75
fold2_room1_mix1797,74,5,0,-170,0,56.44
fold2_room1_mix1797,75,5,0,-6,0,64.54
fold2_room1_mix1797,75,5,0,-35,0,17.57
fold2_room1_mix1797,75,5,0,-169,0,57.65
fold2_room1_mix1797,76,5,0,-4,0,70.25
fold2_room1_mix1797,76,5,0,-32,-1,18.44
fold2_room1_mix1797,76,5,0,-170,0,57.37
fold2_room1_mix1797,77,5,0,-6,0,63.19
fold2_room1_mix1797,77,5,0,-41,0,15.83
fold2_room1_mix1797,77,5,0,-171,0,61.03
fold2_room1_mix1797,78,5,0,-6,0,59.23
fold2_room1_mix1797,78,5,0,-44,-1,14.73
fold2_room1_mix1797,78,5,0,-170,0,60.22
fold2_room1_mix1797,79,5,0,-5,0,64.35
fold2_room1_mix1797,79,5,0,-39,-1,16.08
fold2_room1_mix1797,79,5,0,-170,0,60.00
fold2_room1_mix1797,80,5,0,-7,0,58.27
fold2_room1_mix1797,80,5,0,-50,-1,13.44
fold2_room1_mix1797,80,5,0,-171,0,64.68
fold2_room1_mix1797,81,5,0,-9,0,53.11
fold2_room1_mix1797,81,5,0,-54,-1,13.05
fold2_room1_mix1797,81,5,0,-171,0,63.50
fold2_room1_mix1797,82,5,0,-7,0,57.20
fold2_room1_mix1797,82,5,0,-54,-1,13.46
fold2_room1_mix1797,82,5,0,-171,0,66.22
fold2_room1_mix1797,83,5,0,-8,0,61.41
fold2_room1_mix1797,83,5,0,-53,0,14.72
fold2_room1_mix1797,83,5,0,-170,0,66.05
fold2_room1_mix1797,84,5,0,-9,0,45.43
fold2_room1_mix1797,84,5,0,-100,-1,13.23
fold2_room1_mix1797,84,5,0,-171,0,72.43
fold2_room1_mix1797,85,5,0,-7,0,56.88
fold2_room1_mix1797,85,5,0,-75,-1,12.94
fold2_room1_mix1797,85,5,0,-172,0,70.81
fold2_room1_mix1797,86,5,0,-11,0,35.57
fold2_room1_mix1797,86,5,0,-128,-1,14.16
fold2_room1_mix1797,86,5,0,-172,0,67.82
fold2_room1_mix1797,87,5,0,-7,0,48.31
fold2_room1_mix1797,87,5,0,-115,-1,12.73
fold2_room1_mix1797,87,5,0,-174,0,74.80
fold2_room1_mix1797,88,5,0,-6,0,55.58
fold2_room1_mix1797,88,5,0,-106,-1,12.63
fold2_room1_mix1797,88,5,0,-174,0,76.17
fold2_room1_mix1797,89,5,0,-7,0,54.69
fold2_room1_mix1797,89,5,0,-70,-1,13.73
fold2_room1_mix1797,89,5,0,-173,0,70.28
fold2_room1_mix1797,90,5,0,-6,0,55.12
fold2_room1_mix1797,90,5,0,-95,-1,12.10
fold2_room1_mix1797,90,5,0,-173,0,69.88
fold2_room1_mix1797,91,5,0,-6,0,56.94
fold2_room1_mix1797,91,5,0,-104,-1,12.63
fold2_room1_mix1797,91,5,0,-174,0,76.87
fold2_room1_mix1797,92,5,0,-5,0,55.35
fold2_room1_mix1797,92,5,0,-108,-1,12.61
fold2_room1_mix1797,92,5,0,-176,0,79.71
fold2_room1_mix1797,93,5,0,-6,0,60.86
fold2_room1_mix1797,93,5,0,-90,-1,12.97
fold2_room1_mix1797,93,5,0,-174,0,77.33
fold2_room1_mix1797,94,5,0,-7,0,49.46
fold2_room1_mix1797,94,5,0,-129,-1,15.26
fold2_room1_mix1797,94,5,0,-174,0,87.91
fold2_room1_mix1797,95,5,0,-5,0,61.10
fold2_room1_mix1797,95,5,0,-98,-1,12.48
fold2_room1_mix1797,95,5,0,-175,0,78.42
fold2_room1_mix1797,96,5,0,-6,0,56.03
fold2_room1_mix1797,96,5,0,-122,0,14.75
fold2_room1_mix1797,96,5,0,-175,0,93.82
fold2_room1_mix1797,97,5,0,-5,0,58.45
fold2_room1_mix1797,97,5,0,-110,-1,12.89
fold2_room1_mix1797,97,5,0,-175,0,82.13
fold2_room1_mix1797,98,5,0,-5,0,51.24
fold2_room1_mix1797,98,5,0,-132,0,14.94
fold2_room1_mix1797,98,5,0,-176,0,91.80
fold2_room1_mix1797,99,5,0,-6,0,50.41
fold2_room1_mix1797,99,5,0,-130,0,14.56
fold2_room1_mix1797,99,5,0,-176,0,87.54
fold2_room1_mix1798,4,5,0,174,1,6.04
fold2_room1_mix1798,5,5,0,172,0,29.97
fold2_room1_mix1798,6,5,0,173,0,61.83
fold2_room1_mix1798,7,5,0,173,0,72.87
fold2_room1_mix1798,8,5,0,174,0,99.54
fold2_room1_mix1798,9,5,0,173,0,92.31
fold2_room1_mix1798,10,5,0,173,0,90.13
fold2_room1_mix1798,11,5,0,172,0,92.73
fold2_room1_mix1798,12,5,0,172,0,85.61
fold2_room1_mix1798,13,5,0,172,0,85.84
fold2_room1_mix1798,14,5,0,173,0,83.02
fold2_room1_mix1798,15,5,0,172,0,83.68
fold2_room1_mix1798,16,5,0,172,0,82.08
fold2_room1_mix1798,17,5,0,173,0,82.34
fold2_room1_mix1798,18,5,0,171,0,84.70
fold2_room1_mix1798,19,5,0,171,0,80.41
fold2_room1_mix1798,20,5,0,171,0,82.93
fold2_room1_mix1798,21,5,0,171,0,82.26
fold2_room1_mix1798,22,5,0,170,0,78.05
fold2_room1_mix1798,23,5,0,171,0,79.01
fold2_room1_mix1798,24,5,0,170,0,78.89
fold2_room1_mix1798,25,5,0,170,0,72.52
fold2_room1_mix1798,26,5,0,169,0,69.89
fold2_room1_mix1798,27,5,0,169,0,71.52
fold2_room1_mix1798,28,5,0,169,0,69.83
fold2_room1_mix1798,29,5,0,168,0,68.71
fold2_room1_mix1798,30,5,0,168,0,67.96
fold2_room1_mix1798,31,5,0,168,0,67.55
fold2_room1_mix1798,32,5,0,155,0,19.28
fold2_room1_mix1798,32,5,0,173,0,89.15
fold2_room1_mix1798,33,5,0,151,0,15.72
fold2_room1_mix1798,33,5,0,172,0,83.05
fold2_room1_mix1798,34,5,0,149,0,15.75
fold2_room1_mix1798,34,5,0,172,0,85.86
fold2_room1_mix1798,35,5,0,147,0,14.20
fold2_room1_mix1798,35,5,0,171,0,81.87
fold2_room1_mix1798,36,5,0,142,-1,12.00
fold2_room1_mix1798,36,5,0,172,0,83.21
fold2_room1_mix1798,37,5,0,134,-1,9.84
fold2_room1_mix1798,37,5,0,172,0,77.29
fold2_room1_mix1798,38,5,0,116,-2,7.49
fold2_room1_mix1798,38,5,0,171,0,74.28
fold2_room1_mix1798,39,5,0,112,-2,7.26
fold2_room1_mix1798,39,5,0,171,0,68.52
fold2_room1_mix1798,40,5,0,89,-2,7.42
fold2_room1_mix1798,40,5,0,170,0,71.29
fold2_room1_mix1798,41,5,0,73,-2,7.63
fold2_room1_mix1798,41,5,0,170,0,70.47
fold2_room1_mix1798,42,5,0,58,-2,8.59
fold2_room1_mix1798,42,5,0,170,0,70.85
fold2_room1_mix1798,43,5,0,49,-1,9.21
fold2_room1_mix1798,43,5,0,171,0,70.13
fold2_room1_mix1798,44,5,0,46,-1,9.63
fold2_room1_mix1798,44,5,0,171,0,72.38
fold2_room1_mix1798,45,5,0,38,-1,10.61
fold2_room1_mix1798,45,5,0,172,0,69.42
fold2_room1_mix1798,46,5,0,35,-1,11.79
fold2_room1_mix1798,46,5,0,171,0,66.59
fold2_room1_mix1798,47,5,0,34,-1,11.92
fold2_room1_mix1798,47,5,0,171,0,67.37
fold2_room1_mix1798,48,5,0,31,-1,13.35
fold2_room1_mix1798,48,5,0,170,0,67.77
fold2_room1_mix1798,49,5,0,25,-1,15.01
fold2_room1_mix1798,49,5,0,169,0,58.82
fold2_room1_mix1798,50,5,0,26,0,15.14
fold2_room1_mix1798,50,5,0,169,0,57.62
fold2_room1_mix1798,51,5,0,24,0,18.07
fold2_room1_mix1798,51,5,0,167,0,52.62
fold2_room1_mix1798,52,5,0,21,0,19.93
fold2_room1_mix1798,52,5,0,168,0,56.27
fold2_room1_mix1798,53,5,0,19,0,22.31
fold2_room1_mix1798,53,5,0,166,0,50.49
fold2_room1_mix1798,54,5,0,17,0,25.73
fold2_room1_mix1798,54,5,0,155,0,24.43
fold2_room1_mix1798,54,5,0,172,0,70.15
fold2_room1_mix1798,55,5,0,18,0,25.34
fold2_room1_mix1798,55,5,0,157,0,24.93
fold2_room1_mix1798,55,5,0,173,0,70.23
fold2_room1_mix1798,56,5,0,17,0,27.58
fold2_room1_mix1798,56,5,0,155,0,25.48
fold2_room1_mix1798,56,5,0,173,0,75.73
fold2_room1_mix1798,57,5,0,18,0,26.29
fold2_room1_mix1798,57,5,0,155,0,24.61
fold2_room1_mix1798,57,5,0,173,0,73.03
fold2_room1_mix1798,58,5,0,16,0,28.44
fold2_room1_mix1798,58,5,0,152,0,21.50
fold2_room1_mix1798,58,5,0,173,0,68.65
fold2_room1_mix1798,59,5,0,16,0,29.27
fold2_room1_mix1798,59,5,0,152,0,22.14
fold2_room1_mix1798,59,5,0,172,0,71.69
fold2_room1_mix1798,60,5,0,14,0,32.95
fold2_room1_mix1798,60,5,0,147,0,19.36
fold2_room1_mix1798,60,5,0,171,0,65.28
fold2_room1_mix1798,61,5,0,13,0,33.75
fold2_room1_mix1798,61,5,0,141,0,15.76
fold2_room1_mix1798,61,5,0,170,0,57.28
fold2_room1_mix1798,62,5,0,14,0,36.78
fold2_room1_mix1798,62,5,0,135,0,13.95
fold2_room1_mix1798,62,5,0,169,0,53.56
fold2_room1_mix1798,63,5,0,13,0,38.93
fold2_room1_mix1798,63,5,0,134,0,14.33
fold2_room1_mix1798,63,5,0,169,0,55.27
fold2_room1_mix1798,64,5,0,11,0,41.38
fold2_room1_mix1798,64,5,0,134,0,13.56
fold2_room1_mix1798,64,5,0,171,0,55.56
fold2_room1_mix1798,65,5,0,13,0,42.84
fold2_room1_mix1798,65,5,0,130,0,13.36
fold2_room1_mix1798,65,5,0,168,0,54.42
fold2_room1_mix1798,66,5,0,11,0,45.76
fold2_room1_mix1798,66,5,0,131,0,13.61
fold2_room1_mix1798,66,5,0,170,0,57.59
fold2_room1_mix1798,67,5,0,10,0,46.64
fold2_room1_mix1798,67,5,0,124,-1,12.15
fold2_room1_mix1798,67,5,0,169,0,51.62
fold2_room1_mix1798,68,5,0,10,0,47.12
fold2_room1_mix1798,68,5,0,122,-1,12.34
fold2_room1_mix1798,68,5,0,168,0,51.53
fold2_room1_mix1798,69,5,0,9,0,51.18
fold2_room1_mix1798,69,5,0,117,-1,11.73
fold2_room1_mix1798,69,5,0,170,0,53.23
fold2_room1_mix1798,70,5,0,10,0,45.58
fold2_room1_mix1798,70,5,0,124,-1,12.21
fold2_room1_mix1798,70,5,0,168,0,51.67
fold2_room1_mix1798,71,5,0,9,0,52.12
fold2_room1_mix1798,71,5,0,119,-1,11.90
fold2_room1_mix1798,71,5,0,169,0,56.28
fold2_room1_mix1798,72,5,0,10,0,54.27
fold2_room1_mix1798,72,5,0,88,-1,10.51
fold2_room1_mix1798,72,5,0,166,0,48.80
fold2_room1_mix1798,73,5,0,10,0,49.45
fold2_room1_mix1798,73,5,0,87,-1,10.01
fold2_room1_mix1798,73,5,0,165,0,44.51
fold2_room1_mix1798,74,5,0,9,0,53.75
fold2_room1_mix1798,74,5,0,95,-1,10.63
fold2_room1_mix1798,74,5,0,168,0,51.60
fold2_room1_mix1798,75,5,0,9,0,59.39
fold2_room1_mix1798,75,5,0,92,-1,11.10
fold2_room1_mix1798,75,5,0,168,0,55.39
fold2_room1_mix1798,76,5,0,10,0,59.08
fold2_room1_mix1798,76,5,0,98,-1,11.48
fold2_room1_mix1798,76,5,0,168,0,58.59
fold2_room1_mix1798,77,5,0,10,0,59.28
fold2_room1_mix1798,77,5,0,70,-1,10.47
fold2_room1_mix1798,77,5,0,167,0,48.88
fold2_room1_mix1798,78,5,0,11,0,56.48
fold2_room1_mix1798,78,5,0,76,0,10.88
fold2_room1_mix1798,78,5,0,166,0,47.19
fold2_room1_mix1798,79,5,0,9,0,59.25
fold2_room1_mix1798,79,5,0,75,-1,11.34
fold2_room1_mix1798,79,5,0,167,0,46.69
fold2_room1_mix1798,80,5,0,11,0,57.34
fold2_room1_mix1798,80,5,0,61,-1,12.27
fold2_room1_mix1798,80,5,0,162,0,41.23
fold2_room1_mix1798,81,5,0,10,0,57.40
fold2_room1_mix1798,81,5,0,60,-1,12.25
fold2_room1_mix1798,81,5,0,163,0,39.78
fold2_room1_mix1798,82,5,0,10,0,65.02
fold2_room1_mix1798,82,5,0,44,-1,14.48
fold2_room1_mix1798,82,5,0,160,0,35.66
fold2_room1_mix1798,83,5,0,9,0,68.87
fold2_room1_mix1798,83,5,0,37,0,15.91
fold2_room1_mix1798,83,5,0,159,0,33.65
fold2_room1_mix1798,84,5,0,9,0,72.83
fold2_room1_mix1798,84,5,0,33,0,18.17
fold2_room1_mix1798,84,5,0,159,0,33.82
fold2_room1_mix1798,85,5,0,9,0,78.72
fold2_room1_mix1798,85,5,0,28,0,20.65
fold2_room1_mix1798,85,5,0,160,0,33.99
fold2_room1_mix1798,86,5,0,15,0,48.22
fold2_room1_mix1798,86,5,0,158,0,26.43
fold2_room1_mix1798,87,5,0,9,0,51.88
fold2_room1_mix1798,87,5,0,147,-1,15.61
fold2_room1_mix1798,88,5,0,8,0,51.10
fold2_room1_mix1798,88,5,0,139,0,13.66
fold2_room1_mix1798,89,5,0,9,0,48.83
fold2_room1_mix1798,89,5,0,130,-1,10.62
fold2_room1_mix1798,90,5,0,8,0,51.76
fold2_room1_mix1798,90,5,0,129,-1,9.52
fold2_room1_mix1798,91,5,0,8,0,51.43
fold2_room1_mix1798,91,5,0,126,-1,9.15
fold2_room1_mix1798,92,5,0,8,0,55.61
fold2_room1_mix1798,92,5,0,109,-1,7.40
fold2_room1_mix1798,93,5,0,9,0,54.64
fold2_room1_mix1798,93,5,0,88,-2,8.12
fold2_room1_mix1798,94,5,0,10,0,56.43
fold2_room1_mix1798,94,5,0,72,-1,8.45
fold2_room1_mix1798,95,5,0,10,0,63.66
fold2_room1_mix1798,95,5,0,61,-2,9.61
fold2_room1_mix1798,96,5,0,9,0,61.76
fold2_room1_mix1798,96,5,0,54,-2,10.80
fold2_room1_mix1798,97,5,0,9,0,62.57
fold2_room1_mix1798,97,5,0,51,-1,10.87
fold2_room1_mix1798,98,5,0,8,0,62.52
fold2_room1_mix1798,98,5,0,43,-1,12.69
fold2_room1_mix1798,99,5,0,8,0,60.01
fold2_room1_mix1798,99,5,0,38,-1,14.66
fold2_room1_mix1799,3,5,0,5,1,7.02
fold2_room1_mix1799,4,5,0,7,0,27.39
fold2_room1_mix1799,5,5,0,6,0,43.61
fold2_room1_mix1799,6,5,0,3,0,62.16
fold2_room1_mix1799,7,5,0,5,0,76.05
fold2_room1_mix1799,8,5,0,4,0,86.76
fold2_room1_mix1799,9,5,0,5,0,79.73
fold2_room1_mix1799,10,5,0,5,0,75.48
fold2_room1_mix1799,11,5,0,5,0,77.50
fold2_room1_mix1799,12,5,0,4,0,75.06
fold2_room1_mix1799,13,5,0,4,0,75.54
fold2_room1_mix1799,14,5,0,5,0,78.33
fold2_room1_mix1799,15,5,0,4,0,73.97
fold2_room1_mix1799,16,5,0,5,0,73.36
fold2_room1_mix1799,17,5,0,6,0,74.32
fold2_room1_mix1799,18,5,0,5,0,72.74
fold2_room1_mix1799,19,5,0,6,0,72.60
fold2_room1_mix1799,20,5,0,6,0,74.09
fold2_room1_mix1799,21,5,0,7,0,72.69
fold2_room1_mix1799,22,5,0,7,0,70.15
fold2_room1_mix1799,23,5,0,7,0,67.42
fold2_room1_mix1799,24,5,0,6,0,68.44
fold2_room1_mix1799,25,5,0,7,0,67.11
fold2_room1_mix1799,26,5,0,8,0,65.07
fold2_room1_mix1799,27,5,0,8,0,68.96
fold2_room1_mix1799,28,5,0,9,0,62.79
fold2_room1_mix1799,29,5,0,9,0,62.91
fold2_room1_mix1799,30,5,0,4,0,85.52
fold2_room1_mix1799,30,5,0,23,0,19.06
fold2_room1_mix1799,31,5,0,4,0,76.98
fold2_room1_mix1799,31,5,0,25,0,16.05
fold2_room1_mix1799,32,5,0,4,0,77.52
fold2_room1_mix1799,32,5,0,27,0,15.04
fold2_room1_mix1799,33,5,0,5,0,71.71
fold2_room1_mix1799,33,5,0,28,0,13.94
fold2_room1_mix1799,34,5,0,5,0,70.66
fold2_room1_mix1799,34,5,0,30,0,13.25
fold2_room1_mix1799,35,5,0,5,0,66.72
fold2_room1_mix1799,35,5,0,36,-1,11.33
fold2_room1_mix1799,36,5,0,4,0,68.77
fold2_room1_mix1799,36,5,0,37,-1,10.32
fold2_room1_mix1799,37,5,0,4,0,67.24
fold2_room1_mix1799,37,5,0,43,-1,9.25
fold2_room1_mix1799,38,5,0,5,0,68.02
fold2_room1_mix1799,38,5,0,45,-1,8.96
fold2_room1_mix1799,39,5,0,4,0,69.28
fold2_room1_mix1799,39,5,0,53,-1,7.64
fold2_room1_mix1799,40,5,0,4,0,68.02
fold2_room1_mix1799,40,5,0,56,-1,7.47
fold2_room1_mix1799,41,5,0,5,0,66.29
fold2_room1_mix1799,41,5,0,68,-2,6.51
fold2_room1_mix1799,42,5,0,6,0,63.49
fold2_room1_mix1799,42,5,0,82,-2,6.49
fold2_room1_mix1799,43,5,0,6,0,63.30
fold2_room1_mix1799,43,5,0,98,-2,6.40
fold2_room1_mix1799,44,5,0,7,0,60.43
fold2_room1_mix1799,44,5,0,112,-2,7.00
fold2_room1_mix1799,45,5,0,7,0,57.94
fold2_room1_mix1799,45,5,0,119,-2,7.22
fold2_room1_mix1799,46,5,0,7,0,55.98
fold2_room1_mix1799,46,5,0,131,-1,8.78
fold2_room1_mix1799,47,5,0,7,0,58.31
fold2_room1_mix1799,47,5,0,142,-1,11.08
fold2_room1_mix1799,48,5,0,7,0,61.20
fold2_room1_mix1799,48,5,0,138,-1,10.31
fold2_room1_mix1799,49,5,0,6,0,58.11
fold2_room1_mix1799,49,5,0,144,-1,11.47
fold2_room1_mix1799,50,5,0,6,0,57.20
fold2_room1_mix1799,50,5,0,150,0,13.12
fold2_room1_mix1799,51,5,0,6,0,56.91
fold2_room1_mix1799,51,5,0,151,0,13.71
fold2_room1_mix1799,52,5,0,7,0,54.00
fold2_room1_mix1799,52,5,0,154,0,14.83
fold2_room1_mix1799,53,5,0,7,0,51.70
fold2_room1_mix1799,53,5,0,153,0,15.64
fold2_room1_mix1799,54,5,0,7,0,49.38
fold2_room1_mix1799,54,5,0,155,0,17.33
fold2_room1_mix1799,55,5,0,8,0,51.19
fold2_room1_mix1799,55,5,0,160,0,21.32
fold2_room1_mix1799,56,5,0,8,0,50.75
fold2_room1_mix1799,56,5,0,163,0,22.63
fold2_room1_mix1799,57,5,0,8,0,52.81
fold2_room1_mix1799,57,5,0,163,0,24.51
fold2_room1_mix1799,58,5,0,9,0,51.05
fold2_room1_mix1799,58,5,0,163,0,24.26
fold2_room1_mix1799,59,5,0,8,0,57.05
fold2_room1_mix1799,59,5,0,163,0,24.20
fold2_room1_mix1799,60,5,0,9,0,49.84
fold2_room1_mix1799,60,5,0,161,0,24.62
fold2_room1_mix1799,61,5,0,9,0,53.97
fold2_room1_mix1799,61,5,0,162,0,24.98
fold2_room1_mix1799,62,5,0,9,0,50.64
fold2_room1_mix1799,62,5,0,165,0,27.43
fold2_room1_mix1799,63,5,0,8,0,48.65
fold2_room1_mix1799,63,5,0,166,0,28.32
fold2_room1_mix1799,64,5,0,9,0,45.94
fold2_room1_mix1799,64,5,0,166,0,28.20
fold2_room1_mix1799,65,5,0,8,0,51.35
fold2_room1_mix1799,65,5,0,167,0,30.67
fold2_room1_mix1799,66,5,0,9,0,46.19
fold2_room1_mix1799,66,5,0,167,0,31.94
fold2_room1_mix1799,67,5,0,9,0,47.16
fold2_room1_mix1799,67,5,0,167,0,32.85
fold2_room1_mix1799,68,5,0,10,0,42.12
fold2_room1_mix1799,68,5,0,168,0,33.20
fold2_room1_mix1799,69,5,0,12,0,39.16
fold2_room1_mix1799,69,5,0,169,0,36.46
fold2_room1_mix1799,70,5,0,12,0,42.64
fold2_room1_mix1799,70,5,0,169,0,36.73
fold2_room1_mix1799,71,5,0,6,0,60.15
fold2_room1_mix1799,71,5,0,22,0,17.66
fold2_room1_mix1799,71,5,0,171,0,41.36
fold2_room1_mix1799,72,5,0,6,0,50.81
fold2_room1_mix1799,72,5,0,26,-1,14.77
fold2_room1_mix1799,72,5,0,172,0,39.98
fold2_room1_mix1799,73,5,0,10,0,44.04
fold2_room1_mix1799,73,5,0,172,0,42.47
fold2_room1_mix1799,74,5,0,12,0,42.44
fold2_room1_mix1799,74,5,0,172,0,43.77
fold2_room1_mix1799,75,5,0,11,0,46.30
fold2_room1_mix1799,75,5,0,171,0,46.05
fold2_room1_mix1799,76,5,0,12,0,44.29
fold2_room1_mix1799,76,5,0,172,0,46.75
fold2_room1_mix1799,77,5,0,12,0,45.83
fold2_room1_mix1799,77,5,0,172,0,47.14
fold2_room1_mix1799,78,5,0,6,0,69.04
fold2_room1_mix1799,78,5,0,25,0,18.15
fold2_room1_mix1799,78,5,0,171,0,50.04
fold2_room1_mix1799,79,5,0,6,0,67.22
fold2_room1_mix1799,79,5,0,27,0,17.51
fold2_room1_mix1799,79,5,0,170,0,48.62
fold2_room1_mix1799,80,5,0,6,0,54.72
fold2_room1_mix1799,80,5,0,39,-1,13.56
fold2_room1_mix1799,80,5,0,170,0,49.86
fold2_room1_mix1799,81,5,0,5,0,54.39
fold2_room1_mix1799,81,5,0,46,-1,12.60
fold2_room1_mix1799,81,5,0,172,0,54.00
fold2_room1_mix1799,82,5,0,6,0,55.05
fold2_room1_mix1799,82,5,0,42,-1,13.42
fold2_room1_mix1799,82,5,0,172,0,54.25
fold2_room1_mix1799,83,5,0,6,0,42.34
fold2_room1_mix1799,83,5,0,66,-2,12.21
fold2_room1_mix1799,83,5,0,173,0,55.84
fold2_room1_mix1799,84,5,0,5,0,72.46
fold2_room1_mix1799,84,5,0,22,0,19.03
fold2_room1_mix1799,84,5,0,172,0,48.87
fold2_room1_mix1799,85,5,0,5,0,55.99
fold2_room1_mix1799,85,5,0,35,-1,14.25
fold2_room1_mix1799,85,5,0,173,0,52.41
fold2_room1_mix1799,86,5,0,5,0,57.58
fold2_room1_mix1799,86,5,0,33,0,14.44
fold2_room1_mix1799,86,5,0,173,0,52.28
fold2_room1_mix1799,87,5,0,6,0,50.99
fold2_room1_mix1799,87,5,0,51,0,12.76
fold2_room1_mix1799,87,5,0,174,0,55.82
fold2_room1_mix1799,88,5,0,7,0,45.16
fold2_room1_mix1799,88,5,0,54,-1,11.45
fold2_room1_mix1799,88,5,0,174,0,54.75
fold2_room1_mix1799,89,5,0,6,0,51.12
fold2_room1_mix1799,89,5,0,66,-1,11.82
fold2_room1_mix1799,89,5,0,175,0,64.41
fold2_room1_mix1799,90,5,0,5,0,53.84
fold2_room1_mix1799,90,5,0,58,-1,10.90
fold2_room1_mix1799,90,5,0,174,0,62.06
fold2_room1_mix1799,91,5,0,6,0,61.39
fold2_room1_mix1799,91,5,0,48,0,12.03
fold2_room1_mix1799,91,5,0,174,0,64.99
fold2_room1_mix1799,92,5,0,5,0,62.55
fold2_room1_mix1799,92,5,0,38,0,13.31
fold2_room1_mix1799,92,5,0,175,0,59.23
fold2_room1_mix1799,93,5,0,6,0,60.29
fold2_room1_mix1799,93,5,0,48,0,11.88
fold2_room1_mix1799,93,5,0,173,0,57.34
fold2_room1_mix1799,94,5,0,6,0,51.21
fold2_room1_mix1799,94,5,0,85,0,10.56
fold2_room1_mix1799,94,5,0,174,0,67.15
fold2_room1_mix1799,95,5,0,7,0,53.04
fold2_room1_mix1799,95,5,0,101,-1,11.38
fold2_room1_mix1799,95,5,0,173,0,70.17
fold2_room1_mix1799,96,5,0,7,0,51.22
fold2_room1_mix1799,96,5,0,107,-1,11.13
fold2_room1_mix1799,96,5,0,173,0,69.95
fold2_room1_mix1799,97,5,0,5,0,53.26
fold2_room1_mix1799,97,5,0,94,-1,10.69
fold2_room1_mix1799,97,5,0,173,0,67.28
fold2_room1_mix1799,98,5,0,12,0,30.98
fold2_room1_mix1799,98,5,0,150,0,15.83
fold2_room1_mix1799,98,5,0,174,0,77.10
fold2_room1_mix1799,99,5,0,8,0,37.92
fold2_room1_mix1799,99,5,0,144,0,13.82
fold2_room1_mix1799,99,5,0,174,0,76.36
fold2_room1_mix1800,3,5,0,171,1,10.25
fold2_room1_mix1800,4,5,0,170,1,23.08
fold2_room1_mix1800,5,5,0,168,0,32.64
fold2_room1_mix1800,6,5,0,172,0,57.74
fold2_room1_mix1800,7,5,0,171,0,76.38
fold2_room1_mix1800,8,5,0,171,0,88.18
fold2_room1_mix1800,9,5,0,170,0,83.66
fold2_room1_mix1800,10,5,0,172,0,82.28
fold2_room1_mix1800,11,5,0,171,0,81.78
fold2_room1_mix1800,12,5,0,171,0,80.64
fold2_room1_mix1800,13,5,0,171,0,79.93
fold2_room1_mix1800,14,5,0,171,0,78.82
fold2_room1_mix1800,15,5,0,170,0,77.96
fold2_room1_mix1800,16,5,0,171,0,78.53
fold2_room1_mix1800,17,5,0,169,0,80.03
fold2_room1_mix1800,18,5,0,170,0,78.05
fold2_room1_mix1800,19,5,0,170,0,79.60
fold2_room1_mix1800,20,5,0,171,0,78.26
fold2_room1_mix1800,21,5,0,170,0,76.21
fold2_room1_mix1800,22,5,0,170,0,73.83
fold2_room1_mix1800,23,5,0,171,0,73.15
fold2_room1_mix1800,24,5,0,170,0,73.01
fold2_room1_mix1800,25,5,0,169,0,71.78
fold2_room1_mix1800,26,5,0,169,0,69.46
fold2_room1_mix1800,27,5,0,169,0,72.53
fold2_room1_mix1800,28,5,0,169,0,69.14
fold2_room1_mix1800,29,5,0,169,0,68.95
fold2_room1_mix1800,30,5,0,169,0,68.45
fold2_room1_mix1800,31,5,0,168,0,67.05
fold2_room1_mix1800,32,5,0,157,0,19.97
fold2_room1_mix1800,32,5,0,173,0,87.98
fold2_room1_mix1800,33,5,0,155,0,19.33
fold2_room1_mix1800,33,5,0,173,0,88.99
fold2_room1_mix1800,34,5,0,153,0,18.17
fold2_room1_mix1800,34,5,0,173,0,89.54
fold2_room1_mix1800,35,5,0,150,0,15.72
fold2_room1_mix1800,35,5,0,172,0,84.05
fold2_room1_mix1800,36,5,0,149,0,14.06
fold2_room1_mix1800,36,5,0,173,0,81.32
fold2_room1_mix1800,37,5,0,147,-1,12.60
fold2_room1_mix1800,37,5,0,173,0,79.47
fold2_room1_mix1800,38,5,0,145,-1,11.54
fold2_room1_mix1800,38,5,0,173,0,76.62
fold2_room1_mix1800,39,5,0,139,-1,9.90
fold2_room1_mix1800,39,5,0,172,0,74.31
fold2_room1_mix1800,40,5,0,131,-1,8.41
fold2_room1_mix1800,40,5,0,173,0,76.07
fold2_room1_mix1800,41,5,0,123,-2,7.87
fold2_room1_mix1800,41,5,0,172,0,74.10
fold2_room1_mix1800,42,5,0,115,-2,6.95
fold2_room1_mix1800,42,5,0,173,0,73.73
fold2_room1_mix1800,43,5,0,106,-2,6.32
fold2_room1_mix1800,43,5,0,173,0,71.85
fold2_room1_mix1800,44,5,0,87,-2,5.71
fold2_room1_mix1800,44,5,0,173,0,66.89
fold2_room1_mix1800,45,5,0,78,-2,6.22
fold2_room1_mix1800,45,5,0,172,0,70.09
fold2_room1_mix1800,46,5,0,69,-2,6.42
fold2_room1_mix1800,46,5,0,172,0,70.77
fold2_room1_mix1800,47,5,0,53,-2,7.59
fold2_room1_mix1800,47,5,0,173,0,70.97
fold2_room1_mix1800,48,5,0,51,-2,7.47
fold2_room1_mix1800,48,5,0,173,0,69.82
fold2_room1_mix1800,49,5,0,48,-1,8.45
fold2_room1_mix1800,49,5,0,172,0,73.91
fold2_room1_mix1800,50,5,0,46,-1,8.46
fold2_room1_mix1800,50,5,0,172,0,69.79
fold2_room1_mix1800,51,5,0,38,-1,9.99
fold2_room1_mix1800,51,5,0,173,0,68.37
fold2_room1_mix1800,52,5,0,39,-1,9.82
fold2_room1_mix1800,52,5,0,172,0,68.33
fold2_room1_mix1800,53,5,0,38,-1,11.22
fold2_room1_mix1800,53,5,0,171,0,68.47
fold2_room1_mix1800,54,5,0,34,-1,11.62
fold2_room1_mix1800,54,5,0,172,0,66.62
fold2_room1_mix1800,55,5,0,28,-1,13.79
fold2_room1_mix1800,55,5,0,171,0,64.18
fold2_room1_mix1800,56,5,0,26,-1,15.11
fold2_room1_mix1800,56,5,0,170,0,60.82
fold2_room1_mix1800,57,5,0,23,0,16.92
fold2_room1_mix1800,57,5,0,168,0,51.14
fold2_room1_mix1800,58,5,0,23,0,16.62
fold2_room1_mix1800,58,5,0,171,0,58.27
fold2_room1_mix1800,59,5,0,22,0,18.02
fold2_room1_mix1800,59,5,0,169,0,51.61
fold2_room1_mix1800,60,5,0,20,0,19.64
fold2_room1_mix1800,60,5,0,167,0,47.11
fold2_room1_mix1800,61,5,0,19,0,23.23
fold2_room1_mix1800,61,5,0,166,0,50.95
fold2_room1_mix1800,62,5,0,20,0,21.48
fold2_room1_mix1800,62,5,0,169,0,59.42
fold2_room1_mix1800,63,5,0,20,0,22.36
fold2_room1_mix1800,63,5,0,167,0,52.04
fold2_room1_mix1800,64,5,0,19,0,23.31
fold2_room1_mix1800,64,5,0,167,0,55.08
fold2_room1_mix1800,65,5,0,17,0,24.93
fold2_room1_mix1800,65,5,0,156,0,23.21
fold2_room1_mix1800,65,5,0,172,0,65.61
fold2_room1_mix1800,66,5,0,15,0,25.94
fold2_room1_mix1800,66,5,0,167,0,47.26
fold2_room1_mix1800,67,5,0,15,0,26.80
fold2_room1_mix1800,67,5,0,157,0,22.18
fold2_room1_mix1800,67,5,0,173,0,69.21
fold2_room1_mix1800,68,5,0,14,0,27.90
fold2_room1_mix1800,68,5,0,166,0,49.93
fold2_room1_mix1800,69,5,0,15,0,27.76
fold2_room1_mix1800,69,5,0,152,0,20.20
fold2_room1_mix1800,69,5,0,172,0,62.76
fold2_room1_mix1800,70,5,0,14,0,28.27
fold2_room1_mix1800,70,5,0,157,0,24.26
fold2_room1_mix1800,70,5,0,173,0,76.55
fold2_room1_mix1800,71,5,0,12,0,32.54
fold2_room1_mix1800,71,5,0,147,0,16.66
fold2_room1_mix1800,71,5,0,172,0,60.42
fold2_room1_mix1800,72,5,0,13,0,33.93
fold2_room1_mix1800,72,5,0,151,0,19.12
fold2_room1_mix1800,72,5,0,172,0,68.74
fold2_room1_mix1800,73,5,0,13,0,34.68
fold2_room1_mix1800,73,5,0,148,0,18.02
fold2_room1_mix1800,73,5,0,171,0,67.87
fold2_room1_mix1800,74,5,0,11,0,38.30
fold2_room1_mix1800,74,5,0,139,0,14.64
fold2_room1_mix1800,74,5,0,170,0,57.69
fold2_room1_mix1800,75,5,0,11,0,43.83
fold2_room1_mix1800,75,5,0,133,0,13.47
fold2_room1_mix1800,75,5,0,169,0,56.12
fold2_room1_mix1800,76,5,0,9,0,44.88
fold2_room1_mix1800,76,5,0,120,-1,11.72
fold2_room1_mix1800,76,5,0,170,0,50.68
fold2_room1_mix1800,77,5,0,9,0,43.91
fold2_room1_mix1800,77,5,0,114,0,11.10
fold2_room1_mix1800,77,5,0,169,0,48.03
fold2_room1_mix1800,78,5,0,8,0,48.15
fold2_room1_mix1800,78,5,0,131,-1,12.74
fold2_room1_mix1800,78,5,0,171,0,57.02
fold2_room1_mix1800,79,5,0,9,0,46.22
fold2_room1_mix1800,79,5,0,122,0,12.24
fold2_room1_mix1800,79,5,0,171,0,53.09
fold2_room1_mix1800,80,5,0,9,0,47.20
fold2_room1_mix1800,80,5,0,143,0,15.39
fold2_room1_mix1800,80,5,0,173,0,67.14
fold2_room1_mix1800,81,5,0,10,0,40.73
fold2_room1_mix1800,81,5,0,148,0,16.59
fold2_room1_mix1800,81,5,0,173,0,65.75
fold2_room1_mix1800,82,5,0,11,0,40.06
fold2_room1_mix1800,82,5,0,146,0,15.86
fold2_room1_mix1800,82,5,0,172,0,63.97
fold2_room1_mix1800,83,5,0,9,0,45.01
fold2_room1_mix1800,83,5,0,141,0,14.54
fold2_room1_mix1800,83,5,0,171,0,64.44
fold2_room1_mix1800,84,5,0,9,0,49.55
fold2_room1_mix1800,84,5,0,129,-1,11.99
fold2_room1_mix1800,84,5,0,170,0,56.80
fold2_room1_mix1800,85,5,0,10,0,47.77
fold2_room1_mix1800,85,5,0,124,0,11.45
fold2_room1_mix1800,85,5,0,169,0,53.60
fold2_room1_mix1800,86,5,0,8,0,52.98
fold2_room1_mix1800,86,5,0,115,-1,11.16
fold2_room1_mix1800,86,5,0,171,0,56.69
fold2_room1_mix1800,87,5,0,7,0,59.10
fold2_room1_mix1800,87,5,0,82,-1,10.11
fold2_room1_mix1800,87,5,0,169,0,50.71
fold2_room1_mix1800,88,5,0,9,0,59.41
fold2_room1_mix1800,88,5,0,75,-1,9.92
fold2_room1_mix1800,88,5,0,168,0,49.91
fold2_room1_mix1800,89,5,0,10,0,54.70
fold2_room1_mix1800,89,5,0,64,0,9.91
fold2_room1_mix1800,89,5,0,165,0,43.16
fold2_room1_mix1800,90,5,0,9,0,62.37
fold2_room1_mix1800,90,5,0,49,0,11.60
fold2_room1_mix1800,90,5,0,163,0,40.28
fold2_room1_mix1800,91,5,0,9,0,65.66
fold2_room1_mix1800,91,5,0,52,0,11.84
fold2_room1_mix1800,91,5,0,167,0,47.13
fold2_room1_mix1800,92,5,0,8,0,68.77
fold2_room1_mix1800,92,5,0,41,0,13.38
fold2_room1_mix1800,92,5,0,166,0,44.93
fold2_room1_mix1800,93,5,0,8,0,68.89
fold2_room1_mix1800,93,5,0,52,0,11.80
fold2_room1_mix1800,93,5,0,170,0,50.00
fold2_room1_mix1800,94,5,0,10,0,65.03
fold2_room1_mix1800,94,5,0,44,0,12.66
fold2_room1_mix1800,94,5,0,167,0,42.92
fold2_room1_mix1800,95,5,0,8,0,65.30
fold2_room1_mix1800,95,5,0,44,0,13.68
fold2_room1_mix1800,95,5,0,166,0,44.01
fold2_room1_mix1800,96,5,0,8,0,72.42
fold2_room1_mix1800,96,5,0,35,0,15.23
fold2_room1_mix1800,96,5,0,163,0,36.22
fold2_room1_mix1800,97,5,0,9,0,64.67
fold2_room1_mix1800,97,5,0,45,0,13.11
fold2_room1_mix1800,97,5,0,164,0,38.12
fold2_room1_mix1800,98,5,0,8,0,68.73
fold2_room1_mix1800,98,5,0,31,0,16.26
fold2_room1_mix1800,98,5,0,160,0,27.98
fold2_room1_mix1800,99,5,0,6,0,72.45
fold2_room1_mix1800,99,5,0,32,0,15.70
fold2_room1_mix1800,99,5,0,167,0,35.91
